4 0 0.077473 0.119195 0.126744 0.004448 0.672141
4 0 0.049264 0.105290 0.125417 0.004026 0.716004
4 0 0.048923 0.098610 0.110866 0.002971 0.738630
4 0 0.060409 0.110219 0.123429 0.003985 0.701958
4 0 0.043669 0.096156 0.111985 0.003003 0.745188
4 0 0.047289 0.102280 0.121081 0.003671 0.725680
4 0 0.037239 0.104703 0.143608 0.005453 0.708996
4 0 0.041063 0.105572 0.138634 0.005049 0.709682
4 0 0.048640 0.108120 0.132961 0.004648 0.705631
4 0 0.044746 0.099362 0.117804 0.003408 0.734681
4 0 0.043086 0.101832 0.125997 0.004003 0.725082
4 0 0.039225 0.102718 0.134588 0.004663 0.718806
4 0 0.043372 0.102354 0.126820 0.004071 0.723383
4 0 0.042782 0.109752 0.146457 0.005828 0.695180
4 0 0.036710 0.103691 0.141963 0.005289 0.712347
4 0 0.068738 0.119837 0.136143 0.005209 0.670073
4 0 0.041881 0.107094 0.141119 0.005292 0.704614
4 0 0.038329 0.100181 0.129741 0.004246 0.727504
4 0 0.041019 0.109852 0.150018 0.006161 0.692949
4 0 0.029190 0.098484 0.144875 0.005433 0.722019
4 1 0.057989 0.110853 0.127471 0.004290 0.699397
4 1 0.047974 0.109675 0.137724 0.005067 0.699560
4 1 0.041657 0.105991 0.138666 0.005061 0.708624
4 1 0.049430 0.116369 0.152447 0.006585 0.675170
4 0 0.071425 0.134081 0.167227 0.008942 0.618326
4 0 0.071725 0.130653 0.158304 0.007745 0.631572
4 0 0.146435 0.145140 0.144045 0.008189 0.556191
4 0 0.068777 0.125365 0.148876 0.006548 0.650434
4 0 0.094251 0.128203 0.132628 0.005207 0.639711
4 0 0.078639 0.130702 0.151081 0.006990 0.632589
4 0 0.051269 0.103873 0.119664 0.003604 0.721590
4 1 0.078770 0.119325 0.125955 0.004393 0.671558
4 1 0.057565 0.099695 0.104180 0.002609 0.735950
4 1 0.070395 0.115740 0.125594 0.004270 0.684001
4 1 0.064391 0.111212 0.121572 0.003877 0.698948
4 1 0.079234 0.115215 0.117253 0.003677 0.684620
4 2 0.065368 0.116068 0.131169 0.004700 0.682695
4 2 0.070667 0.121144 0.137138 0.005333 0.665718
4 1 0.081459 0.117161 0.119477 0.003875 0.678029
4 2 0.054448 0.112439 0.135410 0.004944 0.692759
4 2 0.074234 0.121172 0.133793 0.005057 0.665745
4 2 0.059089 0.117833 0.142360 0.005684 0.675034
4 2 0.059546 0.117806 0.141727 0.005627 0.675294
4 2 0.065930 0.119001 0.137180 0.005270 0.672619
4 2 0.062029 0.118347 0.140026 0.005494 0.674104
4 2 0.058170 0.114946 0.136656 0.005111 0.685116
4 2 0.066385 0.107499 0.112055 0.003186 0.710876
4 2 0.051006 0.103298 0.118699 0.003530 0.723468
4 2 0.049440 0.108013 0.131582 0.004538 0.706427
4 2 0.060003 0.113435 0.131028 0.004621 0.690914
4 2 0.053749 0.108269 0.126592 0.004170 0.707220
4 2 0.071185 0.115490 0.124356 0.004173 0.684796
4 2 0.077218 0.120735 0.130206 0.004757 0.667084
4 2 0.095749 0.122020 0.119353 0.004002 0.658877
4 2 0.060721 0.110018 0.122667 0.003927 0.702667
4 2 0.059415 0.115735 0.137002 0.005162 0.682687
4 2 0.057148 0.106114 0.117953 0.003532 0.715254
4 2 0.064924 0.112719 0.124284 0.004101 0.693972
4 2 0.059903 0.112390 0.128782 0.004424 0.694500
4 2 0.055836 0.107672 0.122798 0.003888 0.709807
4 2 0.042314 0.093881 0.108704 0.002783 0.752317
4 2 0.059850 0.103004 0.108758 0.002914 0.725474
4 2 0.053114 0.099506 0.108155 0.002827 0.736398
4 2 0.070075 0.109638 0.113269 0.003301 0.703717
4 2 0.071687 0.111771 0.116245 0.003533 0.696764
4 2 0.057462 0.102563 0.110126 0.002986 0.726864
4 2 0.047022 0.098210 0.112268 0.003048 0.739451
4 2 0.050131 0.096308 0.104628 0.002589 0.746344
4 2 0.054815 0.100926 0.109367 0.002917 0.731976
4 2 0.057521 0.108105 0.121883 0.003833 0.708657
4 3 0.065248 0.107390 0.112822 0.003230 0.711310
4 3 0.050280 0.101879 0.116418 0.003359 0.728064
4 3 0.055598 0.106601 0.120699 0.003723 0.713379
4 3 0.060388 0.105507 0.113405 0.003232 0.717469
4 3 0.059755 0.103487 0.109835 0.002984 0.723938
4 3 0.061113 0.118884 0.142381 0.005718 0.671904
4 3 0.082790 0.131083 0.148023 0.006703 0.631401
4 3 0.066768 0.118104 0.134271 0.005003 0.675854
4 3 0.052075 0.110000 0.132737 0.004672 0.700516
4 3 0.064368 0.113101 0.125660 0.004209 0.692662
4 3 0.061364 0.113309 0.129243 0.004481 0.691603
4 3 0.066411 0.111158 0.119558 0.003739 0.699135
4 3 0.060128 0.105466 0.113568 0.003242 0.717597
4 3 0.057987 0.109426 0.124288 0.004029 0.704270
4 3 0.056017 0.103232 0.112980 0.003168 0.724604
4 3 0.065655 0.115003 0.128525 0.004469 0.686349
4 3 0.065995 0.114832 0.127811 0.004411 0.686951
4 3 0.058276 0.113144 0.132347 0.004717 0.691516
4 3 0.054424 0.106817 0.122512 0.003851 0.712396
4 3 0.071451 0.126186 0.147893 0.006484 0.647985
4 3 0.096418 0.122554 0.119965 0.004060 0.657003
4 3 0.069073 0.113562 0.122184 0.003973 0.691208
4 3 0.075958 0.120967 0.131797 0.004889 0.666389
4 3 0.072625 0.110042 0.112039 0.003233 0.702061
4 3 0.064547 0.109580 0.117976 0.003600 0.704297
4 3 0.045407 0.097191 0.112037 0.003020 0.742346
4 3 0.060653 0.103621 0.109275 0.002953 0.723498
4 3 0.066534 0.111098 0.119319 0.003721 0.699328
4 3 0.042504 0.096460 0.114254 0.003143 0.743640
4 3 0.076933 0.113114 0.114812 0.003471 0.691670
4 3 0.077955 0.119460 0.126901 0.004467 0.671217
4 3 0.071936 0.111900 0.116301 0.003540 0.696323
4 3 0.065217 0.111965 0.122383 0.003950 0.696485
4 3 0.057040 0.108163 0.122539 0.003880 0.708379
4 3 0.061159 0.109131 0.120305 0.003746 0.705659
4 3 0.083222 0.119031 0.121922 0.004094 0.671732
4 3 0.085195 0.121708 0.125878 0.004457 0.662761
4 3 0.058545 0.108949 0.122629 0.003902 0.705974
4 3 0.055593 0.113824 0.137223 0.005129 0.688232
4 3 0.078131 0.115265 0.118182 0.003740 0.684682
4 3 0.055301 0.110428 0.129651 0.004444 0.700175
4 3 0.054929 0.102340 0.112223 0.003107 0.727400
4 3 0.055436 0.102426 0.111876 0.003088 0.727174
4 3 0.051735 0.105871 0.123599 0.003908 0.714887
4 3 0.058811 0.105594 0.115131 0.003341 0.717123
4 3 0.069573 0.112614 0.119764 0.003784 0.694265
4 3 0.069903 0.113893 0.122137 0.003977 0.690090
4 3 0.047961 0.111755 0.142941 0.005565 0.691779
4 3 0.069604 0.119952 0.135531 0.005161 0.669752
4 3 0.072083 0.119035 0.131127 0.004779 0.672977
4 3 0.073832 0.116195 0.123536 0.004133 0.682304
4 3 0.063645 0.112735 0.125592 0.004196 0.693832
4 3 0.074410 0.123132 0.137947 0.005468 0.659043
4 3 0.070360 0.115743 0.125633 0.004273 0.683991
4 3 0.067997 0.120854 0.139213 0.005502 0.666434
4 3 0.081807 0.119536 0.124003 0.004256 0.670397
4 3 0.070393 0.119245 0.133186 0.004949 0.672228
4 3 0.072577 0.116879 0.126059 0.004333 0.680153
4 2 0.073915 0.114839 0.120662 0.003898 0.686686
4 2 0.050503 0.108400 0.131050 0.004506 0.705542
4 2 0.049464 0.101241 0.115987 0.003322 0.729986
4 2 0.051836 0.108369 0.129220 0.004366 0.706210
4 2 0.045368 0.099434 0.117131 0.003366 0.734701
4 2 0.042391 0.103103 0.130178 0.004332 0.719996
4 2 0.060257 0.109581 0.122197 0.003885 0.704080
4 2 0.073149 0.121685 0.135932 0.005249 0.663985
4 2 0.059438 0.114277 0.133597 0.004845 0.687844
4 2 0.055949 0.106268 0.119579 0.003642 0.714562
4 2 0.075870 0.123863 0.138198 0.005514 0.656555
4 2 0.061591 0.114500 0.131672 0.004698 0.687539
4 2 0.082458 0.116632 0.117703 0.003742 0.679465
4 2 0.101992 0.128907 0.128916 0.004939 0.635246
4 2 0.090591 0.120917 0.120515 0.004049 0.663929
4 2 0.054326 0.105351 0.119376 0.003611 0.717337
4 2 0.071278 0.118054 0.129747 0.004643 0.676277
4 2 0.088052 0.125877 0.132328 0.005096 0.648647
4 2 0.079395 0.120875 0.128679 0.004643 0.666408
4 2 0.073612 0.121395 0.134857 0.005151 0.664985
4 2 0.087908 0.126570 0.133888 0.005248 0.646387
4 3 0.071058 0.114073 0.121499 0.003937 0.689433
4 3 0.093542 0.127967 0.132642 0.005199 0.640649
4 3 0.090365 0.132704 0.145133 0.006500 0.625298
4 3 0.095469 0.134305 0.144616 0.006528 0.619082
4 3 0.060003 0.110412 0.124281 0.004049 0.701256
4 3 0.070225 0.124424 0.145085 0.006152 0.654114
4 3 0.062342 0.114882 0.131713 0.004711 0.686353
4 3 0.051733 0.113330 0.141242 0.005458 0.688236
4 3 0.063019 0.111276 0.123055 0.003982 0.698669
4 3 0.056089 0.107003 0.121037 0.003754 0.712117
4 3 0.041478 0.099721 0.123393 0.003785 0.731623
4 3 0.066566 0.120358 0.139603 0.005520 0.667953
4 3 0.050244 0.111560 0.139027 0.005222 0.693946
4 3 0.068385 0.118071 0.132561 0.004865 0.676119
4 3 0.078857 0.125136 0.138288 0.005567 0.652152
4 3 0.057679 0.107215 0.119770 0.003672 0.711663
4 3 0.080169 0.125942 0.138895 0.005649 0.649344
4 3 0.080716 0.118475 0.122679 0.004132 0.673997
4 3 0.065454 0.114777 0.128232 0.004441 0.687095
4 3 0.059899 0.111351 0.126467 0.004228 0.698055
4 3 0.087121 0.119067 0.119227 0.003908 0.670677
4 3 0.061649 0.111409 0.124739 0.004104 0.698099
4 3 0.053190 0.105486 0.120983 0.003721 0.716620
4 3 0.065028 0.118038 0.135955 0.005140 0.675840
4 3 0.065068 0.114238 0.127439 0.004368 0.688887
4 2 0.059660 0.117566 0.141017 0.005557 0.676200
4 2 0.046293 0.116460 0.158064 0.007158 0.672025
4 2 0.043051 0.098479 0.118129 0.003415 0.736926
4 2 0.038621 0.103465 0.137626 0.004922 0.715366
4 2 0.045068 0.104948 0.130523 0.004394 0.715067
4 2 0.042128 0.096674 0.115272 0.003209 0.742717
4 2 0.036102 0.110165 0.161469 0.007320 0.684944
4 2 0.045074 0.105161 0.131032 0.004437 0.714297
4 2 0.049054 0.106014 0.127386 0.004182 0.713364
4 0 0.045811 0.113583 0.151208 0.006379 0.683019
4 1 0.049469 0.102691 0.119215 0.003554 0.725071
4 2 0.045708 0.105804 0.131639 0.004496 0.712353
4 2 0.055902 0.118817 0.148970 0.006325 0.669986
4 2 0.038954 0.113457 0.164443 0.007746 0.675400
4 2 0.047124 0.107337 0.133262 0.004654 0.707622
4 2 0.052632 0.114406 0.142618 0.005607 0.684737
4 2 0.049100 0.101188 0.116310 0.003341 0.730061
4 2 0.038838 0.104112 0.138906 0.005040 0.713103
4 2 0.059864 0.108583 0.120444 0.003745 0.707364
4 2 0.051114 0.101570 0.114759 0.003250 0.729307
4 2 0.057566 0.113963 0.135092 0.004957 0.688422
4 2 0.048337 0.102709 0.120692 0.003652 0.724609
4 2 0.041386 0.098916 0.121610 0.003651 0.734437
4 2 0.050594 0.106263 0.125935 0.004082 0.713127
4 2 0.036829 0.098036 0.127023 0.004012 0.734101
4 2 0.042189 0.095786 0.113157 0.003068 0.745800
4 2 0.045522 0.106431 0.133452 0.004650 0.709945
4 2 0.047046 0.111254 0.143114 0.005567 0.693018
4 2 0.046515 0.104655 0.127696 0.004178 0.716956
4 2 0.037366 0.109287 0.156025 0.006732 0.690589
4 2 0.038186 0.105807 0.144674 0.005572 0.705761
4 2 0.047043 0.111451 0.143620 0.005617 0.692270
4 2 0.044846 0.105152 0.131356 0.004461 0.714184
4 2 0.043767 0.105034 0.132747 0.004566 0.713887
4 2 0.030796 0.099216 0.142873 0.005274 0.721840
4 2 0.045884 0.113511 0.150890 0.006346 0.683369
4 4 0.040185 0.106344 0.142240 0.005371 0.705859
4 4 0.035250 0.100913 0.137514 0.004862 0.721461
4 4 0.034126 0.105016 0.151300 0.006160 0.703397
4 4 0.043706 0.110590 0.147012 0.005901 0.692791
4 4 0.042753 0.104107 0.132074 0.004495 0.716571
4 4 0.030554 0.097305 0.138113 0.004843 0.729186
4 4 0.052295 0.110415 0.133428 0.004736 0.699125
4 4 0.033771 0.102623 0.145378 0.005563 0.712665
4 4 0.048862 0.103716 0.122314 0.003780 0.721329
4 4 0.042064 0.116289 0.165837 0.007998 0.667812
4 4 0.052699 0.119305 0.154911 0.006929 0.666156
4 4 0.042870 0.122835 0.183446 0.010457 0.640392
4 4 0.042515 0.100503 0.123679 0.003818 0.729486
4 4 0.040279 0.112057 0.157574 0.006969 0.683121
4 4 0.055028 0.117969 0.148077 0.006213 0.672714
4 4 0.036051 0.110384 0.162234 0.007409 0.683922
4 4 0.052974 0.112081 0.136496 0.005024 0.693425
4 4 0.049351 0.106816 0.128867 0.004307 0.710660
4 4 0.028390 0.099071 0.148762 0.005791 0.717986
4 4 0.045946 0.116072 0.157639 0.007101 0.673242
4 4 0.050224 0.119238 0.158712 0.007322 0.664505
4 2 0.050227 0.123801 0.171198 0.008921 0.645854
4 2 0.047819 0.118146 0.159907 0.007411 0.666717
4 2 0.044771 0.116005 0.159635 0.007309 0.672281
4 2 0.062225 0.118939 0.141187 0.005614 0.672036
4 2 0.046364 0.104329 0.127136 0.004131 0.718040
4 2 0.042639 0.101405 0.125654 0.003971 0.726330
4 2 0.045396 0.111788 0.147210 0.005951 0.689655
4 2 0.070756 0.112440 0.118385 0.003688 0.694730
4 2 0.070673 0.113855 0.121380 0.003924 0.690168
4 2 0.054066 0.105901 0.120888 0.003723 0.715423
4 2 0.048186 0.107946 0.133191 0.004662 0.706015
4 2 0.061285 0.111416 0.125134 0.004133 0.698032
4 2 0.042078 0.112018 0.153855 0.006593 0.685456
4 2 0.055838 0.113622 0.136433 0.005058 0.689048
4 2 0.047050 0.110240 0.140548 0.005318 0.696844
4 2 0.036583 0.096195 0.122870 0.003694 0.740658
4 2 0.051277 0.109038 0.131522 0.004556 0.703607
4 2 0.057878 0.103648 0.111974 0.003114 0.723387
4 2 0.047203 0.102637 0.122019 0.003740 0.724400
4 2 0.039720 0.101581 0.130833 0.004353 0.723513
4 2 0.048441 0.109100 0.135622 0.004881 0.701955
4 2 0.056184 0.109200 0.125817 0.004133 0.704665
4 2 0.044993 0.102629 0.125073 0.003952 0.723353
4 2 0.051483 0.104726 0.121318 0.003730 0.718744
4 2 0.045584 0.108602 0.138747 0.005127 0.701940
4 2 0.042145 0.106312 0.138644 0.005066 0.707833
4 2 0.048820 0.103488 0.121847 0.003744 0.722102
4 2 0.052387 0.107263 0.125966 0.004104 0.710280
4 2 0.052898 0.119502 0.155118 0.006956 0.665526
4 0 0.050577 0.136937 0.210278 0.015598 0.586610
4 1 0.052288 0.109881 0.132177 0.004626 0.701028
4 0 0.063513 0.127050 0.159386 0.007700 0.642351
4 0 0.051107 0.113477 0.142507 0.005572 0.687338
4 1 0.046726 0.104236 0.126405 0.004076 0.718558
4 1 0.045935 0.110241 0.142326 0.005472 0.696026
4 2 0.060140 0.110888 0.125182 0.004124 0.699667
4 2 0.049015 0.102488 0.119327 0.003558 0.725612
4 2 0.054859 0.104525 0.116979 0.003440 0.720196
4 2 0.040396 0.099145 0.123709 0.003797 0.732953
4 2 0.043056 0.098493 0.118155 0.003417 0.736878
4 2 0.059488 0.104367 0.111900 0.003121 0.721124
4 2 0.039181 0.094000 0.113395 0.003058 0.750366
4 2 0.049035 0.101739 0.117619 0.003434 0.728173
4 2 0.054319 0.105430 0.119558 0.003625 0.717069
4 2 0.048311 0.112700 0.144783 0.005754 0.688451
4 2 0.047215 0.106852 0.131952 0.004542 0.709439
4 2 0.061218 0.111353 0.125065 0.004126 0.698239
4 2 0.050298 0.105271 0.124033 0.003927 0.716471
4 2 0.044900 0.106549 0.134708 0.004751 0.709091
4 2 0.036599 0.095745 0.121732 0.003611 0.742314
4 2 0.051039 0.107406 0.128009 0.004256 0.709290
4 2 0.056755 0.108884 0.124456 0.004029 0.705876
4 2 0.052081 0.106024 0.123521 0.003906 0.714469
4 2 0.051514 0.106300 0.124852 0.004005 0.713329
4 2 0.042664 0.095667 0.112235 0.003011 0.746423
4 2 0.047168 0.101042 0.118416 0.003474 0.729900
4 2 0.039637 0.093090 0.110627 0.002884 0.753763
4 2 0.056309 0.101400 0.108852 0.002894 0.730544
4 2 0.045745 0.093626 0.103882 0.002516 0.754230
4 2 0.054599 0.109473 0.128311 0.004322 0.703295
4 2 0.054231 0.106586 0.122221 0.003827 0.713135
4 2 0.052258 0.105173 0.121388 0.003743 0.717437
4 2 0.060292 0.104097 0.110584 0.003038 0.721989
4 2 0.042774 0.100806 0.124009 0.003846 0.728565
4 2 0.053358 0.108715 0.128094 0.004290 0.705542
4 2 0.051563 0.105603 0.123204 0.003876 0.715755
4 2 0.057585 0.109141 0.124100 0.004009 0.705165
4 2 0.060694 0.108930 0.120342 0.003745 0.706289
4 2 0.037965 0.100862 0.132123 0.004437 0.724613
4 2 0.053109 0.100522 0.110296 0.002965 0.733108
4 2 0.039768 0.100206 0.127327 0.004070 0.728630
4 2 0.045010 0.106997 0.135648 0.004836 0.707510
4 2 0.051385 0.112594 0.139930 0.005325 0.690766
4 2 0.050843 0.106630 0.126463 0.004127 0.711937
4 2 0.059673 0.108520 0.120506 0.003748 0.707553
4 2 0.052318 0.104518 0.119853 0.003628 0.719684
4 2 0.057689 0.109790 0.125427 0.004118 0.702977
4 2 0.059569 0.108836 0.121297 0.003808 0.706491
4 2 0.053544 0.104783 0.119014 0.003577 0.719082
4 2 0.042745 0.095634 0.112049 0.002999 0.746574
4 2 0.047150 0.106330 0.130790 0.004442 0.711287
4 2 0.050043 0.102227 0.117474 0.003433 0.726824
4 3 0.048700 0.101748 0.118056 0.003462 0.728035
4 3 0.053392 0.098961 0.106733 0.002739 0.738175
4 3 0.041878 0.098133 0.119023 0.003468 0.737498
4 3 0.038053 0.095219 0.118022 0.003361 0.745344
4 3 0.044481 0.098523 0.116247 0.003296 0.737453
4 3 0.039935 0.096233 0.117473 0.003340 0.743018
4 3 0.042105 0.099545 0.122017 0.003688 0.732645
4 3 0.040081 0.095073 0.114542 0.003142 0.747163
4 3 0.048694 0.101089 0.116588 0.003357 0.730271
4 3 0.046551 0.096827 0.109814 0.002885 0.743923
4 3 0.060375 0.109347 0.121569 0.003837 0.704872
4 3 0.042184 0.099773 0.122439 0.003721 0.731884
4 3 0.035041 0.097440 0.128843 0.004133 0.734542
4 3 0.053722 0.108832 0.127914 0.004279 0.705253
4 3 0.046765 0.104079 0.125979 0.004043 0.719135
4 3 0.049054 0.105962 0.127262 0.004172 0.713550
4 3 0.050230 0.103625 0.120377 0.003647 0.722121
4 3 0.052120 0.101395 0.113238 0.003154 0.730093
4 3 0.043056 0.098971 0.119266 0.003497 0.735210
4 3 0.062497 0.110600 0.122120 0.003902 0.700881
4 3 0.043141 0.090259 0.099818 0.002271 0.764511
4 3 0.041304 0.095503 0.113755 0.003100 0.746338
4 3 0.048867 0.100872 0.115893 0.003310 0.731058
4 3 0.044190 0.093967 0.106486 0.002661 0.752697
4 3 0.049753 0.097086 0.106669 0.002710 0.743781
4 3 0.041076 0.094145 0.110982 0.002917 0.750880
4 3 0.053942 0.103108 0.114919 0.003285 0.724746
4 3 0.045378 0.096402 0.110329 0.002909 0.744982
4 3 0.041244 0.093785 0.109936 0.002852 0.752183
4 3 0.040830 0.096397 0.116511 0.003282 0.742981
4 3 0.034738 0.088081 0.106540 0.002598 0.768043
4 3 0.038916 0.100166 0.128678 0.004167 0.728073
4 3 0.054129 0.107846 0.125173 0.004059 0.708793
4 3 0.037930 0.096448 0.121187 0.003585 0.740850
4 3 0.038904 0.095179 0.116578 0.003269 0.746070
4 3 0.039066 0.095542 0.117185 0.003312 0.744895
4 3 0.046522 0.094795 0.105464 0.002615 0.750605
4 3 0.042267 0.102064 0.127830 0.004139 0.723700
4 3 0.038162 0.096744 0.121520 0.003611 0.739962
4 3 0.043822 0.097312 0.114386 0.003163 0.741316
4 3 0.038463 0.098567 0.125481 0.003911 0.733577
4 3 0.046448 0.100720 0.118625 0.003482 0.730725
4 3 0.035118 0.096468 0.126215 0.003929 0.738269
4 3 0.043038 0.105665 0.135494 0.004795 0.711007
4 3 0.043248 0.103101 0.128820 0.004231 0.720601
4 1 0.073462 0.132750 0.161481 0.008201 0.624106
4 1 0.040678 0.106407 0.141495 0.005309 0.706111
4 2 0.030136 0.094549 0.131548 0.004286 0.739481
4 2 0.039623 0.103770 0.136571 0.004842 0.715193
4 2 0.027165 0.092679 0.133666 0.004416 0.742074
4 2 0.028266 0.096922 0.142826 0.005226 0.726760
4 2 0.031008 0.097520 0.137632 0.004808 0.729032
4 2 0.026982 0.096035 0.143785 0.005291 0.727907
4 2 0.029338 0.099777 0.148235 0.005758 0.716891
4 2 0.029405 0.101168 0.152153 0.006151 0.711124
4 2 0.029023 0.095317 0.136318 0.004665 0.734677
4 2 0.033034 0.105557 0.155518 0.006582 0.699310
4 2 0.027770 0.098615 0.149160 0.005817 0.718638
4 2 0.030319 0.097753 0.139928 0.004999 0.727001
4 2 0.031560 0.104053 0.154886 0.006482 0.703019
4 2 0.036970 0.109263 0.156846 0.006814 0.690107
4 2 0.040688 0.098293 0.121200 0.003614 0.736205
4 2 0.028292 0.091196 0.126800 0.003892 0.749820
4 2 0.023781 0.086435 0.125278 0.003724 0.760783
4 2 0.025544 0.083268 0.112305 0.002872 0.776012
4 2 0.038583 0.097445 0.122527 0.003690 0.737756
4 2 0.032610 0.088811 0.111855 0.002904 0.763820
4 2 0.040034 0.098202 0.122008 0.003666 0.736090
4 2 0.035372 0.099146 0.132612 0.004444 0.728427
4 2 0.035997 0.092895 0.115833 0.003192 0.752082
4 2 0.030767 0.093864 0.128296 0.004037 0.743037
4 2 0.029073 0.091317 0.125316 0.003791 0.750503
4 2 0.032393 0.098435 0.136965 0.004771 0.727436
4 1 0.040057 0.109234 0.150226 0.006165 0.694318
4 2 0.038552 0.094518 0.115568 0.003197 0.748165
4 2 0.036619 0.094712 0.119172 0.003428 0.746070
4 2 0.028661 0.085398 0.110984 0.002817 0.772139
4 2 0.033731 0.096068 0.127874 0.004041 0.738287
4 2 0.032597 0.090278 0.115453 0.003136 0.758536
4 2 0.032791 0.092833 0.121454 0.003551 0.749371
4 2 0.040487 0.105065 0.138354 0.005015 0.711080
4 2 0.028470 0.090940 0.125697 0.003812 0.751082
4 2 0.037841 0.102693 0.137084 0.004862 0.717519
4 2 0.035571 0.096378 0.125145 0.003853 0.739054
4 2 0.039056 0.096575 0.119658 0.003486 0.741225
4 2 0.047424 0.103963 0.124797 0.003957 0.719859
4 2 0.032761 0.091676 0.118609 0.003351 0.753604
4 2 0.040052 0.091478 0.106408 0.002627 0.759434
4 2 0.034016 0.093734 0.121392 0.003559 0.747298
4 2 0.034085 0.091199 0.115020 0.003121 0.756575
4 2 0.036936 0.098782 0.128712 0.004146 0.731424
4 2 0.027409 0.090994 0.128385 0.004002 0.749210
4 2 0.026873 0.087356 0.119898 0.003379 0.762494
4 2 0.035533 0.094712 0.121058 0.003551 0.745146
4 2 0.037185 0.094694 0.118181 0.003364 0.746577
4 2 0.030506 0.087862 0.113451 0.002987 0.765194
4 2 0.028305 0.091765 0.128306 0.004007 0.747616
4 2 0.062136 0.107055 0.114963 0.003357 0.712488
4 2 0.042852 0.105728 0.135963 0.004834 0.710622
4 2 0.048250 0.107825 0.132805 0.004629 0.706491
4 1 0.044889 0.127923 0.194545 0.012333 0.620310
4 2 0.040828 0.100846 0.127154 0.004069 0.727103
4 2 0.054695 0.105028 0.118256 0.003532 0.718490
4 2 0.050138 0.111509 0.139056 0.005223 0.694074
4 2 0.043297 0.098831 0.118597 0.003451 0.735824
4 2 0.052949 0.107010 0.124700 0.004008 0.711333
4 2 0.053733 0.109248 0.128857 0.004358 0.703804
4 2 0.052504 0.113387 0.140296 0.005377 0.688437
4 2 0.063399 0.120482 0.143452 0.005865 0.666802
4 1 0.057741 0.127721 0.169376 0.008878 0.636284
4 2 0.042290 0.105989 0.137569 0.004970 0.709182
4 2 0.055660 0.113374 0.136072 0.005022 0.689873
4 2 0.048098 0.103131 0.121967 0.003745 0.723058
4 2 0.038025 0.093021 0.112872 0.003014 0.753067
4 2 0.057924 0.106353 0.117653 0.003516 0.714553
4 2 0.057276 0.102226 0.109611 0.002951 0.727935
4 2 0.049025 0.109604 0.136005 0.004924 0.700442
4 2 0.040292 0.095792 0.115900 0.003235 0.744781
4 2 0.038417 0.094292 0.115245 0.003174 0.748871
4 2 0.043391 0.102597 0.127376 0.004116 0.722520
4 2 0.046905 0.096698 0.109105 0.002842 0.744451
4 2 0.048090 0.107443 0.132117 0.004567 0.707783
4 2 0.038116 0.091130 0.108375 0.002732 0.759647
4 2 0.047691 0.092423 0.099201 0.002263 0.758422
4 2 0.062935 0.108961 0.118199 0.003602 0.706303
4 2 0.042938 0.096141 0.112932 0.003059 0.744930
4 2 0.049364 0.095541 0.103853 0.002538 0.748704
4 2 0.042931 0.093144 0.106276 0.002639 0.755009
4 2 0.035979 0.095056 0.121118 0.003560 0.744288
4 2 0.046031 0.098342 0.113802 0.003142 0.738683
4 2 0.052657 0.105572 0.121806 0.003779 0.716186
4 2 0.043145 0.103244 0.129328 0.004271 0.720011
4 4 0.043601 0.126995 0.194695 0.012303 0.622405
4 4 0.033351 0.107211 0.159580 0.007037 0.692821
4 4 0.044688 0.119309 0.169077 0.008483 0.658444
4 4 0.037161 0.114891 0.172974 0.008781 0.666193
4 4 0.037907 0.103848 0.139996 0.005126 0.713124
4 4 0.036069 0.110454 0.162397 0.007428 0.683653
4 4 0.038035 0.098793 0.126778 0.004007 0.732388
4 4 0.036281 0.109024 0.157735 0.006898 0.690062
4 4 0.031426 0.111634 0.178702 0.009370 0.668868
4 4 0.026196 0.105212 0.175065 0.008708 0.684819
4 4 0.043280 0.118640 0.170054 0.008572 0.659454
4 4 0.033956 0.111080 0.169660 0.008258 0.677046
4 4 0.035943 0.119381 0.190438 0.011275 0.642964
4 4 0.052511 0.126199 0.173842 0.009357 0.638090
4 4 0.041428 0.119884 0.177820 0.009580 0.651288
4 4 0.032792 0.108625 0.165296 0.007689 0.685598
4 4 0.039537 0.113061 0.162005 0.007467 0.677931
4 4 0.032531 0.100239 0.141602 0.005187 0.720441
4 4 0.041611 0.120321 0.178716 0.009715 0.649638
4 4 0.033579 0.103505 0.148298 0.005845 0.708773
4 4 0.034103 0.105547 0.152871 0.006323 0.701155
4 4 0.029278 0.099885 0.148714 0.005803 0.716319
4 4 0.029321 0.098958 0.145898 0.005532 0.720292
4 4 0.034571 0.110639 0.166689 0.007905 0.680196
4 4 0.041555 0.110503 0.150745 0.006248 0.690949
4 4 0.032550 0.109334 0.168134 0.008027 0.681954
4 4 0.031607 0.108948 0.169616 0.008184 0.681645
4 4 0.030132 0.102867 0.155204 0.006484 0.705312
4 4 0.033885 0.107801 0.159968 0.007094 0.691251
4 4 0.032112 0.110995 0.174582 0.008838 0.673473
4 4 0.037293 0.129760 0.222207 0.017312 0.593427
4 4 0.042616 0.125324 0.191800 0.011773 0.628487
4 4 0.026377 0.121816 0.236370 0.019662 0.595775
4 1 0.050471 0.134710 0.203322 0.014197 0.597299
4 1 0.049373 0.114714 0.148256 0.006131 0.681527
4 1 0.040317 0.116963 0.171636 0.008697 0.662387
4 1 0.039074 0.104026 0.138241 0.004984 0.713675
4 1 0.030955 0.096466 0.134867 0.004571 0.733141
4 1 0.044396 0.111480 0.148136 0.006028 0.689960
4 1 0.051736 0.112562 0.139355 0.005275 0.691072
4 1 0.053667 0.115749 0.144474 0.005812 0.680298
4 1 0.034075 0.103254 0.146449 0.005672 0.710550
4 1 0.044894 0.102928 0.125927 0.004018 0.722233
4 1 0.045723 0.105612 0.131150 0.004455 0.713060
4 1 0.035116 0.101664 0.139808 0.005065 0.718347
4 4 0.035315 0.109941 0.162722 0.007448 0.684574
4 4 0.032592 0.104644 0.153967 0.006407 0.702390
4 4 0.033218 0.098471 0.135256 0.004636 0.728419
4 4 0.039060 0.104479 0.139451 0.005093 0.711917
4 4 0.041521 0.103682 0.133041 0.004561 0.717195
4 4 0.042743 0.103712 0.131113 0.004414 0.718017
4 4 0.042848 0.100018 0.122028 0.003697 0.731409
4 4 0.039838 0.109349 0.150975 0.006239 0.693600
4 4 0.037721 0.104861 0.143060 0.005409 0.708949
4 4 0.045105 0.101805 0.122969 0.003791 0.726331
4 4 0.044320 0.103488 0.128119 0.004187 0.719886
4 4 0.032745 0.105148 0.155052 0.006526 0.700529
4 4 0.037145 0.107325 0.150994 0.006188 0.698348
4 4 0.035793 0.113989 0.173723 0.008839 0.667657
4 4 0.037098 0.108168 0.153455 0.006447 0.694831
4 4 0.033854 0.114092 0.179366 0.009546 0.663141
4 4 0.041713 0.110868 0.151430 0.006324 0.689666
4 4 0.031729 0.097204 0.135111 0.004602 0.731353
4 4 0.038904 0.107692 0.148335 0.005948 0.699121
4 4 0.039691 0.120716 0.184576 0.010513 0.644504
4 4 0.038622 0.132116 0.226450 0.018366 0.584446
4 4 0.031143 0.136344 0.275900 0.031948 0.524665
4 4 0.049159 0.141329 0.228732 0.019720 0.561060
4 4 0.040869 0.138021 0.241268 0.022277 0.557566
4 4 0.066454 0.146223 0.208334 0.016071 0.562917
4 4 0.037359 0.107897 0.152127 0.006311 0.696306
4 4 0.049981 0.111625 0.139567 0.005269 0.693558
4 4 0.056954 0.118248 0.146126 0.006039 0.672633
4 4 0.052240 0.118011 0.152273 0.006620 0.670856
4 4 0.049544 0.108007 0.131425 0.004526 0.706498
4 4 0.060681 0.124471 0.156629 0.007298 0.650921
4 4 0.046311 0.118381 0.163301 0.007789 0.664218
4 4 0.051202 0.122909 0.166990 0.008382 0.650517
4 4 0.042425 0.130320 0.208640 0.014809 0.603806
4 4 0.053832 0.115463 0.143537 0.005719 0.681450
4 4 0.053783 0.113641 0.139161 0.005287 0.688128
4 4 0.049946 0.117124 0.153583 0.006722 0.672624
4 4 0.067042 0.124873 0.149675 0.006607 0.651803
4 4 0.047942 0.115816 0.153460 0.006668 0.676115
4 4 0.036026 0.106988 0.152515 0.006325 0.698145
4 4 0.055800 0.132488 0.185962 0.011324 0.614427
4 4 0.066629 0.120216 0.139208 0.005481 0.668467
4 2 0.061648 0.121999 0.149223 0.006457 0.660673
4 2 0.055883 0.125148 0.165360 0.008288 0.645321
4 2 0.057285 0.128538 0.172314 0.009278 0.632586
4 2 0.059609 0.121435 0.150462 0.006558 0.661936
4 2 0.052222 0.114949 0.144547 0.005795 0.682487
4 2 0.046596 0.105913 0.130590 0.004418 0.712483
4 2 0.049304 0.108855 0.133791 0.004729 0.703320
4 2 0.064375 0.130389 0.166808 0.008699 0.629728
4 2 0.061221 0.126541 0.161173 0.007874 0.643190
4 2 0.050462 0.111150 0.137712 0.005101 0.695575
4 2 0.050676 0.120787 0.162112 0.007746 0.658679
4 2 0.046239 0.108691 0.137938 0.005061 0.702070
4 2 0.064729 0.116999 0.133920 0.004944 0.679408
4 2 0.041708 0.112962 0.157183 0.006956 0.681190
4 2 0.046637 0.121889 0.172576 0.009007 0.649891
4 2 0.048080 0.107828 0.133059 0.004649 0.706385
4 2 0.055720 0.111950 0.132659 0.004712 0.694959
4 2 0.058386 0.110226 0.125624 0.004141 0.701622
4 2 0.046611 0.114131 0.151276 0.006402 0.681580
4 2 0.043618 0.109113 0.143312 0.005530 0.698427
4 2 0.046039 0.107730 0.135861 0.004870 0.705501
4 2 0.054883 0.109643 0.128357 0.004329 0.702788
4 2 0.056435 0.113165 0.134612 0.004898 0.690890
4 2 0.055396 0.111812 0.132738 0.004715 0.695340
4 2 0.058688 0.118342 0.144091 0.005855 0.673024
4 2 0.075097 0.129195 0.151131 0.006928 0.637649
4 2 0.046844 0.114766 0.152552 0.006545 0.679292
4 2 0.050563 0.113728 0.143933 0.005706 0.686071
4 2 0.073556 0.116818 0.125075 0.004260 0.680292
4 2 0.054792 0.107540 0.123701 0.003948 0.710018
4 2 0.054551 0.110175 0.129984 0.004464 0.700826
4 2 0.041672 0.100946 0.126049 0.003991 0.727342
4 2 0.047082 0.111380 0.143376 0.005593 0.692569
4 2 0.056810 0.113934 0.135952 0.005026 0.688278
4 2 0.053517 0.113409 0.138960 0.005264 0.688851
4 2 0.064898 0.115064 0.129426 0.004539 0.686073
4 2 0.043221 0.110879 0.148646 0.006060 0.691194
4 2 0.048531 0.111680 0.141870 0.005469 0.692450
4 2 0.055227 0.114114 0.138387 0.005234 0.687038
4 2 0.060607 0.114622 0.133047 0.004810 0.686915
4 2 0.072876 0.122280 0.137515 0.005402 0.661927
4 2 0.050871 0.109853 0.134008 0.004769 0.700499
4 2 0.064759 0.111065 0.120906 0.003828 0.699442
4 2 0.050070 0.113315 0.143635 0.005668 0.687312
4 2 0.066708 0.123721 0.147307 0.006335 0.655929
4 2 0.070248 0.119701 0.134334 0.005055 0.670661
4 2 0.064816 0.128368 0.161027 0.007939 0.637851
4 0 0.071249 0.141627 0.187521 0.012173 0.587430
4 1 0.038085 0.105342 0.143624 0.005469 0.707480
4 1 0.033649 0.100046 0.138571 0.004931 0.722803
4 2 0.041289 0.104786 0.136227 0.004836 0.712862
4 2 0.036844 0.096308 0.122691 0.003683 0.740473
4 2 0.030552 0.091792 0.123325 0.003661 0.750669
4 2 0.030654 0.097014 0.137069 0.004754 0.730510
4 2 0.027117 0.097268 0.147038 0.005599 0.722979
4 2 0.029998 0.094712 0.132309 0.004346 0.738634
4 2 0.043850 0.106295 0.135749 0.004829 0.709277
4 2 0.026424 0.091622 0.132647 0.004323 0.744984
4 2 0.035369 0.092831 0.116745 0.003248 0.751807
4 2 0.029095 0.089549 0.120629 0.003453 0.757274
4 2 0.036200 0.101297 0.136613 0.004797 0.721094
4 2 0.028302 0.091170 0.126705 0.003885 0.749938
4 2 0.031424 0.091534 0.120861 0.003494 0.752687
4 2 0.033337 0.095762 0.127869 0.004036 0.738996
4 2 0.028339 0.086522 0.114476 0.003034 0.767628
4 2 0.030745 0.092479 0.124704 0.003765 0.748307
4 2 0.035156 0.095044 0.122562 0.003656 0.743581
4 2 0.043831 0.097374 0.114513 0.003172 0.741110
4 2 0.033515 0.097011 0.130763 0.004267 0.734444
4 2 0.042123 0.101799 0.127410 0.004104 0.724564
4 2 0.035705 0.100811 0.136318 0.004764 0.722402
4 2 0.027377 0.092814 0.133496 0.004405 0.741908
4 2 0.032052 0.096812 0.133338 0.004458 0.733340
4 2 0.030091 0.094600 0.131791 0.004305 0.739213
4 2 0.032891 0.100862 0.142500 0.005275 0.718471
4 2 0.031141 0.091165 0.120491 0.003465 0.753737
4 2 0.026691 0.088279 0.122789 0.003579 0.758662
4 2 0.027851 0.089075 0.122169 0.003548 0.757357
4 2 0.032496 0.091732 0.119253 0.003393 0.753126
4 2 0.031778 0.089832 0.115888 0.003157 0.759345
4 2 0.034386 0.094505 0.122633 0.003653 0.744824
4 2 0.027222 0.089694 0.125310 0.003768 0.754005
4 2 0.031478 0.093869 0.126780 0.003929 0.743944
4 2 0.037087 0.091532 0.110857 0.002878 0.757647
4 2 0.040477 0.099639 0.124776 0.003879 0.731229
4 2 0.029765 0.094234 0.131552 0.004281 0.740168
4 2 0.024348 0.084748 0.119124 0.003300 0.768480
4 2 0.033869 0.091220 0.115455 0.003148 0.756308
4 2 0.026177 0.090025 0.128839 0.004020 0.750939
4 3 0.034134 0.098326 0.132951 0.004455 0.730134
4 3 0.032067 0.095160 0.128918 0.004102 0.739753
4 3 0.035004 0.093656 0.119398 0.003428 0.748514
4 3 0.033425 0.093224 0.121225 0.003541 0.748585
4 3 0.028786 0.095601 0.137705 0.004780 0.733128
4 3 0.044056 0.104048 0.129877 0.004328 0.717691
4 3 0.033188 0.093967 0.123559 0.003708 0.745578
4 3 0.038217 0.097703 0.123772 0.003779 0.736530
4 3 0.040803 0.101125 0.127880 0.004126 0.726066
4 3 0.028162 0.086958 0.115966 0.003129 0.765786
4 3 0.026666 0.096336 0.145581 0.005452 0.725966
4 3 0.031041 0.088705 0.114505 0.003060 0.762688
4 3 0.026879 0.085941 0.116177 0.003130 0.767873
4 3 0.031927 0.088064 0.111277 0.002863 0.765870
4 3 0.030339 0.096171 0.135495 0.004614 0.733382
4 3 0.035995 0.092287 0.114381 0.003096 0.754242
4 3 0.027660 0.093676 0.135179 0.004548 0.738937
4 3 0.037750 0.102382 0.136446 0.004804 0.718617
4 3 0.034662 0.098401 0.132078 0.004390 0.730469
4 3 0.038996 0.100244 0.128732 0.004173 0.727856
4 3 0.037603 0.101741 0.135057 0.004681 0.720918
4 3 0.036049 0.103062 0.141627 0.005247 0.714016
4 3 0.031671 0.093389 0.125122 0.003807 0.746012
4 2 0.026248 0.103960 0.170725 0.008162 0.690905
4 2 0.033918 0.104529 0.150402 0.006064 0.705088
4 2 0.048010 0.130631 0.195900 0.012707 0.612752
4 2 0.036758 0.108276 0.154513 0.006554 0.693900
4 2 0.030086 0.100131 0.147283 0.005679 0.716820
4 2 0.034708 0.102877 0.143987 0.005446 0.712982
4 2 0.027882 0.098493 0.148480 0.005753 0.719392
4 2 0.026747 0.107050 0.179239 0.009279 0.677685
4 2 0.025410 0.094216 0.142999 0.005191 0.732184
4 2 0.030101 0.098784 0.143380 0.005309 0.722426
4 2 0.027901 0.097356 0.145078 0.005428 0.724237
4 2 0.051992 0.116291 0.148256 0.006178 0.677283
4 1 0.045608 0.122027 0.175053 0.009321 0.647991
4 1 0.042099 0.111741 0.153060 0.006506 0.686594
4 2 0.034577 0.106114 0.153368 0.006385 0.699556
4 2 0.030676 0.098357 0.140749 0.005078 0.725139
4 2 0.031660 0.100778 0.145172 0.005505 0.716885
4 2 0.038290 0.102609 0.136020 0.004775 0.718305
4 2 0.029884 0.101254 0.151098 0.006053 0.711711
4 1 0.039996 0.118765 0.177804 0.009532 0.653904
4 2 0.026572 0.095731 0.144067 0.005310 0.728321
4 2 0.027382 0.093486 0.135370 0.004560 0.739202
4 2 0.026320 0.087991 0.122918 0.003584 0.759186
4 2 0.025416 0.093236 0.140089 0.004932 0.736327
4 2 0.025941 0.095150 0.144193 0.005310 0.729406
4 2 0.030210 0.096791 0.137514 0.004785 0.730700
4 1 0.038776 0.125241 0.201722 0.013313 0.620948
4 1 0.045825 0.111366 0.145393 0.005774 0.691642
4 0 0.044292 0.112865 0.151997 0.006435 0.684412
4 0 0.039864 0.109544 0.151456 0.006290 0.692845
4 0 0.028704 0.099776 0.149968 0.005916 0.715636
4 0 0.036201 0.117853 0.184751 0.010410 0.650786
4 0 0.037402 0.126680 0.210794 0.014946 0.610179
4 0 0.053017 0.132304 0.190610 0.011997 0.612072
4 0 0.041579 0.121524 0.182456 0.010262 0.644179
4 0 0.092925 0.152951 0.191840 0.013886 0.548398
4 0 0.072030 0.143189 0.190780 0.012796 0.581204
4 0 0.140914 0.162563 0.177140 0.012855 0.506527
4 0 0.160691 0.206333 0.280169 0.025204 0.327603
4 0 0.225452 0.200143 0.222236 0.016189 0.335979
2 0 0.210750 0.211749 0.275081 0.040486 0.261933
0 0 0.399430 0.202670 0.208478 0.027896 0.161526
0 0 0.416586 0.204668 0.214784 0.025780 0.138183
0 0 0.510747 0.193105 0.200306 0.018778 0.077063
0 0 0.352235 0.189320 0.172114 0.015725 0.270606
4 0 0.232110 0.164420 0.145181 0.009659 0.448631
4 0 0.047650 0.120556 0.166852 0.008272 0.656671
4 0 0.042153 0.109261 0.146302 0.005801 0.696483
4 0 0.054847 0.128176 0.175331 0.009642 0.632004
4 0 0.049772 0.115277 0.149072 0.006224 0.679655
4 0 0.051251 0.116184 0.149102 0.006255 0.677209
4 0 0.041770 0.104855 0.135575 0.004785 0.713015
4 0 0.050148 0.112051 0.140375 0.005349 0.692078
4 0 0.036316 0.102374 0.139238 0.005032 0.717040
4 0 0.043206 0.107402 0.139615 0.005172 0.704605
4 1 0.044818 0.104519 0.129861 0.004335 0.716466
4 1 0.047280 0.111195 0.142592 0.005520 0.693413
4 1 0.039416 0.109552 0.152391 0.006380 0.692261
4 1 0.053011 0.108657 0.128393 0.004311 0.705629
4 1 0.043051 0.101421 0.125065 0.003930 0.726533
4 1 0.038297 0.102800 0.136502 0.004817 0.717584
4 1 0.047358 0.108590 0.135976 0.004898 0.703178
4 1 0.056502 0.112223 0.132338 0.004693 0.694244
4 1 0.045760 0.110579 0.143476 0.005582 0.694602
4 1 0.039741 0.100410 0.127878 0.004113 0.727858
4 1 0.047322 0.110346 0.140390 0.005308 0.696634
4 1 0.044051 0.105808 0.134212 0.004696 0.711233
4 1 0.042807 0.106322 0.137539 0.004975 0.708357
4 1 0.038014 0.101432 0.133493 0.004553 0.722508
4 1 0.042822 0.100153 0.122385 0.003723 0.730917
4 1 0.036117 0.096932 0.125538 0.003889 0.737525
4 1 0.045855 0.103610 0.126159 0.004047 0.720329
4 1 0.039770 0.107274 0.145495 0.005680 0.701781
4 2 0.051990 0.109763 0.132289 0.004632 0.701326
4 2 0.038885 0.102779 0.135360 0.004726 0.718252
4 2 0.043536 0.104668 0.132209 0.004517 0.715070
4 2 0.050926 0.108429 0.130553 0.004468 0.705624
4 2 0.039967 0.095514 0.115739 0.003221 0.745558
4 2 0.038598 0.094055 0.114407 0.003120 0.749819
4 2 0.043902 0.099217 0.118638 0.003459 0.734783
4 2 0.046944 0.105226 0.128444 0.004244 0.715141
4 2 0.043770 0.098663 0.117543 0.003381 0.736644
4 2 0.036629 0.095724 0.121629 0.003603 0.742414
4 2 0.041530 0.094554 0.111274 0.002940 0.749702
4 2 0.049102 0.101633 0.117299 0.003412 0.728554
4 2 0.057982 0.105310 0.115368 0.003351 0.717989
4 2 0.040792 0.098477 0.121479 0.003635 0.735617
4 2 0.057190 0.108919 0.124046 0.004001 0.705844
4 2 0.037234 0.096536 0.122579 0.003679 0.739973
4 2 0.061792 0.110987 0.123669 0.004018 0.699533
4 2 0.043165 0.093956 0.107757 0.002731 0.752391
4 2 0.041653 0.104137 0.133962 0.004642 0.715606
4 2 0.058335 0.107388 0.119454 0.003655 0.711169
4 2 0.039327 0.096226 0.118398 0.003399 0.742650
4 4 0.059236 0.114702 0.134813 0.004954 0.686294
4 4 0.053784 0.108054 0.126058 0.004127 0.707978
4 4 0.045093 0.104316 0.128956 0.004264 0.717371
4 4 0.041584 0.102042 0.128864 0.004215 0.723296
4 4 0.046247 0.110148 0.141586 0.005405 0.696613
4 4 0.040410 0.102405 0.131717 0.004435 0.721032
4 4 0.043452 0.114079 0.156849 0.006956 0.678664
4 4 0.046425 0.111242 0.144085 0.005653 0.692595
4 4 0.069561 0.123683 0.144071 0.006031 0.656655
4 4 0.042782 0.113514 0.156589 0.006912 0.680202
4 4 0.038588 0.108872 0.152226 0.006346 0.693968
4 1 0.048606 0.132547 0.200606 0.013589 0.604652
4 1 0.050093 0.110860 0.137530 0.005079 0.696439
4 1 0.053440 0.105529 0.120786 0.003709 0.716537
4 1 0.045882 0.108922 0.139076 0.005162 0.700959
4 4 0.061379 0.113057 0.128664 0.004431 0.692469
4 4 0.040427 0.101725 0.129988 0.004292 0.723569
4 4 0.043629 0.106850 0.137506 0.004984 0.707031
4 4 0.047080 0.106534 0.131383 0.004491 0.710511
4 4 0.042792 0.104616 0.133275 0.004598 0.714718
4 4 0.047819 0.105505 0.127875 0.004208 0.714593
4 4 0.027528 0.087883 0.119771 0.003378 0.761440
4 4 0.039357 0.120482 0.184689 0.010518 0.644955
4 4 0.039863 0.121023 0.185102 0.010599 0.643413
4 4 0.032087 0.109542 0.170085 0.008257 0.680029
4 4 0.045315 0.124857 0.184085 0.010643 0.635100
4 4 0.042580 0.110907 0.149896 0.006178 0.690439
4 4 0.048100 0.106605 0.130095 0.004395 0.710806
4 4 0.036144 0.108253 0.155839 0.006685 0.693080
4 4 0.045991 0.116365 0.158354 0.007186 0.672104
4 4 0.042395 0.111361 0.151464 0.006340 0.688439
4 4 0.038958 0.103544 0.137205 0.004889 0.715404
4 4 0.041750 0.109837 0.148582 0.006026 0.693805
4 4 0.040762 0.111775 0.155796 0.006780 0.684887
4 4 0.048543 0.117437 0.156742 0.007053 0.670225
4 4 0.043472 0.113689 0.155746 0.006832 0.680262
4 4 0.039115 0.113853 0.165231 0.007846 0.673954
4 4 0.047668 0.107620 0.133152 0.004652 0.706908
4 4 0.037654 0.113816 0.168527 0.008219 0.671784
4 4 0.047546 0.111702 0.143457 0.005609 0.691686
4 4 0.036843 0.100628 0.133613 0.004547 0.724369
4 4 0.039197 0.109666 0.153157 0.006458 0.691522
4 4 0.038939 0.114992 0.168979 0.008312 0.668779
4 4 0.041725 0.113118 0.157581 0.007002 0.680573
4 4 0.040071 0.113537 0.162206 0.007504 0.676683
4 4 0.038220 0.118114 0.180197 0.009814 0.653656
4 4 0.041273 0.116511 0.168174 0.008273 0.665769
4 4 0.046219 0.118091 0.162669 0.007708 0.665313
4 4 0.059715 0.123802 0.156249 0.007231 0.653003
4 4 0.038559 0.118912 0.181814 0.010060 0.650654
4 4 0.042794 0.112067 0.152619 0.006472 0.686047
4 4 0.052384 0.121596 0.161446 0.007704 0.656870
4 4 0.039238 0.109624 0.152956 0.006437 0.691744
4 4 0.040957 0.115738 0.166621 0.008067 0.668617
4 4 0.039519 0.110253 0.154118 0.006569 0.689542
4 4 0.036519 0.107433 0.152664 0.006351 0.697032
4 4 0.036455 0.108203 0.154989 0.006599 0.693754
4 4 0.037481 0.106899 0.149097 0.005999 0.700524
4 4 0.030273 0.107758 0.169826 0.008172 0.683971
4 4 0.027480 0.101565 0.158997 0.006831 0.705127
4 4 0.034331 0.106282 0.154437 0.006494 0.698457
4 4 0.043021 0.116348 0.164024 0.007797 0.668811
4 4 0.040781 0.106175 0.140702 0.005236 0.707106
4 4 0.041393 0.126097 0.197383 0.012669 0.622458
4 4 0.046523 0.098242 0.112958 0.003090 0.739188
4 4 0.042609 0.098320 0.118394 0.003430 0.737247
4 4 0.044990 0.104874 0.130460 0.004388 0.715288
4 4 0.040387 0.109227 0.149555 0.006101 0.694730
4 4 0.055958 0.113621 0.136279 0.005045 0.689097
4 4 0.042003 0.096340 0.114682 0.003168 0.743807
4 4 0.034755 0.114689 0.178710 0.009485 0.662360
4 4 0.041056 0.122815 0.187739 0.011054 0.637336
4 4 0.032063 0.136958 0.273886 0.031376 0.525717
4 4 0.031706 0.136868 0.275348 0.031844 0.524234
4 4 0.040570 0.132846 0.222862 0.017690 0.586033
4 4 0.034691 0.130777 0.235501 0.020210 0.578821
4 4 0.035169 0.130671 0.233243 0.019699 0.581218
4 4 0.046949 0.128288 0.190975 0.011814 0.621974
