2 0 0.354902 0.151960 0.369631 0.098293 0.025214
2 0 0.196205 0.121707 0.506244 0.160794 0.015050
2 0 0.184127 0.116404 0.494084 0.190683 0.014702
2 0 0.145188 0.125868 0.521022 0.189006 0.018916
0 0 0.428982 0.135395 0.323088 0.085361 0.027174
2 0 0.031584 0.046256 0.534776 0.382918 0.004466
2 0 0.035780 0.062226 0.598948 0.295734 0.007312
2 0 0.032074 0.055761 0.531750 0.373404 0.007011
2 0 0.024746 0.047644 0.545724 0.375369 0.006517
2 0 0.076005 0.071338 0.495512 0.347062 0.010083
2 1 0.119757 0.099613 0.522725 0.246580 0.011326
2 1 0.110973 0.089660 0.507443 0.279636 0.012288
2 2 0.113232 0.078666 0.526151 0.274276 0.007675
2 2 0.137268 0.095805 0.564889 0.192349 0.009690
2 2 0.093674 0.087374 0.592296 0.215700 0.010956
2 2 0.043024 0.062220 0.523586 0.359642 0.011527
2 2 0.054664 0.060131 0.486012 0.392818 0.006375
3 2 0.031955 0.034982 0.453263 0.476282 0.003517
2 2 0.048479 0.065380 0.539516 0.338873 0.007752
2 2 0.048678 0.048882 0.465474 0.432371 0.004595
3 2 0.025530 0.022524 0.359588 0.590242 0.002116
3 2 0.044055 0.037248 0.409931 0.505254 0.003512
3 2 0.070825 0.058742 0.429071 0.434564 0.006798
3 2 0.036666 0.031699 0.396579 0.532099 0.002956
2 1 0.030383 0.056624 0.513343 0.390418 0.009232
2 1 0.049903 0.074583 0.562703 0.304920 0.007891
2 1 0.041951 0.064895 0.539567 0.345522 0.008065
2 1 0.038289 0.075263 0.606932 0.263143 0.016373
2 0 0.115200 0.137483 0.564017 0.137165 0.046136
2 0 0.016575 0.063576 0.718126 0.133977 0.067745
2 1 0.027297 0.091226 0.570177 0.072966 0.238333
2 1 0.081223 0.146743 0.454015 0.057804 0.260215
2 0 0.019282 0.090850 0.662970 0.177842 0.049056
2 0 0.014797 0.067903 0.694609 0.158178 0.064513
2 0 0.091608 0.165583 0.552656 0.079518 0.110634
2 0 0.012940 0.046486 0.633846 0.284484 0.022244
2 1 0.018482 0.058404 0.646921 0.253186 0.023006
2 1 0.021703 0.057989 0.613636 0.290508 0.016164
2 1 0.017986 0.049498 0.614982 0.304898 0.012636
2 2 0.009598 0.030515 0.630671 0.321007 0.008208
2 2 0.020298 0.056968 0.669160 0.241100 0.012475
2 2 0.044571 0.071455 0.600599 0.267960 0.015416
2 2 0.034128 0.060185 0.577977 0.317311 0.010400
2 2 0.013842 0.029796 0.563764 0.387899 0.004699
2 2 0.033829 0.061894 0.581103 0.314381 0.008792
2 2 0.021431 0.034355 0.493645 0.446049 0.004520
2 2 0.047137 0.066619 0.527937 0.350787 0.007520
2 2 0.041968 0.059040 0.499469 0.391812 0.007711
3 2 0.019971 0.030853 0.459020 0.485796 0.004361
2 2 0.022965 0.035626 0.488940 0.447405 0.005064
3 2 0.028636 0.037809 0.441008 0.487580 0.004967
3 2 0.023011 0.028903 0.416361 0.528385 0.003339
2 2 0.036274 0.045468 0.458114 0.454385 0.005759
3 2 0.033330 0.042138 0.444594 0.474295 0.005643
3 3 0.028986 0.037108 0.445844 0.483657 0.004406
2 3 0.054954 0.064601 0.496822 0.376398 0.007224
2 3 0.036425 0.050284 0.491528 0.415795 0.005969
2 3 0.040051 0.046825 0.459427 0.448206 0.005490
3 3 0.035233 0.040215 0.431586 0.487930 0.005036
2 3 0.040888 0.059459 0.499568 0.391923 0.008161
2 3 0.044920 0.053912 0.471986 0.422521 0.006661
2 3 0.035909 0.048130 0.482410 0.427846 0.005705
3 3 0.041534 0.041295 0.399425 0.511853 0.005893
3 3 0.029381 0.033492 0.414874 0.518218 0.004036
2 3 0.050347 0.057267 0.480920 0.405069 0.006397
2 3 0.065173 0.065442 0.455617 0.405266 0.008501
2 3 0.045506 0.052044 0.449378 0.445960 0.007112
3 3 0.044106 0.049155 0.430367 0.469083 0.007288
2 3 0.046321 0.054235 0.465629 0.426933 0.006881
2 3 0.063164 0.059567 0.443606 0.426321 0.007341
3 3 0.031076 0.031560 0.402961 0.530983 0.003420
3 3 0.028703 0.033092 0.399064 0.534533 0.004608
3 3 0.031517 0.032434 0.406405 0.526078 0.003567
3 3 0.022312 0.023948 0.359825 0.590821 0.003095
3 3 0.033412 0.035225 0.409207 0.517911 0.004245
2 3 0.059235 0.060619 0.446828 0.425061 0.008257
3 3 0.030924 0.031090 0.391100 0.543240 0.003647
2 3 0.041434 0.050626 0.491971 0.410861 0.005108
3 3 0.047054 0.046119 0.433405 0.468145 0.005276
3 3 0.032257 0.036584 0.422329 0.504344 0.004486
3 3 0.043603 0.044118 0.430995 0.476117 0.005167
2 3 0.039027 0.050979 0.466869 0.436098 0.007027
2 3 0.060437 0.066549 0.472065 0.392330 0.008620
2 3 0.036445 0.047893 0.462862 0.446293 0.006508
2 3 0.046834 0.060947 0.467203 0.415310 0.009706
2 3 0.057772 0.064027 0.459537 0.409579 0.009085
2 3 0.040399 0.050213 0.454437 0.447836 0.007114
2 3 0.049386 0.060610 0.493675 0.389282 0.007047
2 3 0.069239 0.062766 0.462039 0.399510 0.006445
2 3 0.041200 0.048479 0.460950 0.443531 0.005841
2 3 0.045734 0.050485 0.459923 0.438021 0.005836
3 3 0.043734 0.044438 0.453099 0.454392 0.004338
3 3 0.027275 0.034035 0.414948 0.519053 0.004690
2 3 0.039655 0.053874 0.484558 0.414853 0.007060
2 3 0.048967 0.050821 0.451580 0.442789 0.005843
2 3 0.042511 0.048964 0.453361 0.448986 0.006178
3 3 0.039103 0.045189 0.430360 0.478840 0.006507
2 3 0.046182 0.058424 0.475045 0.412267 0.008081
2 3 0.047093 0.051771 0.472064 0.423599 0.005474
2 3 0.080791 0.076114 0.469336 0.364971 0.008787
0 3 0.644620 0.144096 0.158845 0.017981 0.034458
0 2 0.491443 0.163348 0.236502 0.036752 0.071955
0 1 0.715694 0.115793 0.123507 0.016433 0.028573
0 2 0.459425 0.201024 0.274799 0.020769 0.043983
0 2 0.668597 0.119269 0.127220 0.036008 0.048906
0 1 0.637288 0.147701 0.135753 0.011655 0.067603
0 1 0.657277 0.123364 0.125627 0.029942 0.063790
0 1 0.665660 0.143212 0.140554 0.014866 0.035708
0 1 0.547599 0.187678 0.186214 0.013627 0.064882
0 2 0.452787 0.213798 0.247534 0.017573 0.068308
2 2 0.099981 0.146398 0.585948 0.145115 0.022558
2 2 0.043075 0.117653 0.619120 0.191772 0.028380
2 2 0.037653 0.112404 0.647883 0.179506 0.022555
2 2 0.048966 0.114251 0.592411 0.220773 0.023599
2 2 0.054631 0.112936 0.592640 0.223268 0.016525
2 2 0.023141 0.057819 0.535595 0.371803 0.011641
2 2 0.030266 0.071121 0.544934 0.339293 0.014385
2 2 0.036641 0.080892 0.566594 0.302252 0.013622
2 2 0.034695 0.068721 0.539124 0.346070 0.011391
2 2 0.041343 0.076772 0.532407 0.336131 0.013348
2 2 0.029163 0.066090 0.574628 0.320725 0.009395
2 2 0.024926 0.050160 0.494436 0.420973 0.009505
2 2 0.025375 0.060389 0.536203 0.366249 0.011785
2 2 0.038675 0.081151 0.565039 0.302169 0.012967
2 2 0.030333 0.062625 0.523438 0.371950 0.011654
2 2 0.028790 0.057098 0.522680 0.382028 0.009403
2 2 0.030417 0.064332 0.578182 0.319136 0.007934
2 2 0.035825 0.060045 0.496851 0.397000 0.010279
2 2 0.028813 0.058180 0.538460 0.365818 0.008729
2 2 0.027507 0.056209 0.523445 0.383403 0.009435
2 2 0.032713 0.098735 0.610628 0.225965 0.031959
2 2 0.043938 0.123531 0.551951 0.193261 0.087319
2 2 0.050432 0.129340 0.549951 0.190856 0.079422
2 2 0.058582 0.139129 0.504453 0.195060 0.102776
2 2 0.041184 0.128233 0.553337 0.176860 0.100386
2 2 0.040152 0.109864 0.567856 0.218029 0.064100
2 2 0.060588 0.144542 0.548364 0.174317 0.072189
2 2 0.035200 0.112618 0.578941 0.195330 0.077911
2 2 0.034607 0.112944 0.599326 0.183088 0.070036
2 2 0.042250 0.114149 0.568390 0.217075 0.058136
2 2 0.026145 0.066861 0.524313 0.365580 0.017102
2 2 0.025127 0.067534 0.559537 0.330763 0.017038
2 2 0.041501 0.086510 0.554570 0.300522 0.016897
2 2 0.018550 0.051613 0.608934 0.309649 0.011254
2 2 0.029043 0.079690 0.574114 0.296536 0.020618
2 2 0.022772 0.082399 0.654891 0.211537 0.028400
2 2 0.032578 0.100741 0.583402 0.235279 0.048001
2 2 0.025897 0.084254 0.602126 0.255963 0.031760
2 2 0.029721 0.085870 0.590686 0.260005 0.033718
2 2 0.022415 0.079492 0.593409 0.267298 0.037385
2 2 0.026478 0.085453 0.634892 0.230495 0.022681
2 2 0.029211 0.090304 0.622866 0.226152 0.031466
2 2 0.021123 0.073446 0.608538 0.271471 0.025422
2 2 0.022847 0.074948 0.617771 0.265127 0.019307
2 2 0.025804 0.083304 0.596561 0.263005 0.031326
2 2 0.027440 0.085896 0.560721 0.290493 0.035450
2 2 0.031794 0.081628 0.572393 0.292747 0.021438
2 2 0.027086 0.073465 0.571788 0.308609 0.019052
2 2 0.035190 0.094495 0.603220 0.240929 0.026165
2 2 0.022991 0.065837 0.576417 0.317084 0.017671
2 2 0.021309 0.057663 0.566321 0.340629 0.014078
2 2 0.028434 0.069158 0.526570 0.359130 0.016708
2 2 0.020264 0.056069 0.564960 0.343921 0.014786
2 2 0.038081 0.079209 0.525292 0.340068 0.017351
2 2 0.025842 0.062327 0.526396 0.371663 0.013772
2 2 0.037673 0.065738 0.488574 0.394326 0.013689
2 2 0.023782 0.047384 0.480512 0.438876 0.009447
2 2 0.021109 0.053014 0.535446 0.380450 0.009980
2 3 0.027095 0.060113 0.542535 0.357956 0.012300
2 3 0.037958 0.078453 0.557306 0.313407 0.012876
2 3 0.028766 0.071194 0.570046 0.316256 0.013738
2 3 0.034238 0.087584 0.582223 0.275009 0.020946
2 3 0.030163 0.077779 0.556806 0.318220 0.017032
2 3 0.025321 0.061892 0.545037 0.355903 0.011846
2 3 0.032987 0.076788 0.561834 0.314394 0.013996
2 3 0.023939 0.062178 0.559214 0.343199 0.011471
2 3 0.028309 0.071626 0.565420 0.319142 0.015504
2 3 0.035701 0.077988 0.560292 0.312641 0.013378
2 3 0.025479 0.063698 0.551432 0.346224 0.013166
2 3 0.033171 0.073042 0.528313 0.349557 0.015918
2 3 0.028780 0.083036 0.596624 0.271116 0.020443
2 3 0.031630 0.081452 0.569733 0.296648 0.020537
2 3 0.029649 0.077722 0.586598 0.289434 0.016597
2 3 0.022907 0.069103 0.603988 0.287483 0.016518
2 3 0.047831 0.096014 0.552265 0.282289 0.021601
2 3 0.033722 0.073771 0.555832 0.323740 0.012935
2 3 0.048966 0.096966 0.564632 0.272092 0.017344
2 3 0.035571 0.071131 0.510200 0.367461 0.015637
2 3 0.023927 0.060513 0.561893 0.341269 0.012399
2 3 0.031141 0.067912 0.529571 0.357654 0.013722
2 3 0.034389 0.087691 0.590629 0.265315 0.021975
2 3 0.023674 0.061184 0.595046 0.308288 0.011808
2 3 0.019598 0.054768 0.556444 0.357875 0.011315
2 3 0.033235 0.078933 0.558634 0.313754 0.015444
2 3 0.026146 0.076433 0.584587 0.293795 0.019040
2 3 0.037113 0.077264 0.527679 0.341602 0.016343
2 3 0.034508 0.081215 0.578356 0.290432 0.015489
2 3 0.031503 0.078774 0.559616 0.313788 0.016319
2 3 0.023692 0.061541 0.533729 0.367120 0.013919
2 3 0.031889 0.073583 0.521320 0.353643 0.019565
2 3 0.024976 0.066248 0.567514 0.328419 0.012843
2 3 0.037820 0.085289 0.578212 0.282990 0.015689
2 3 0.035513 0.077967 0.550736 0.320971 0.014813
2 3 0.031648 0.080352 0.622715 0.250004 0.015281
2 3 0.019494 0.053898 0.545378 0.370513 0.010717
2 3 0.022882 0.057616 0.563953 0.344968 0.010582
2 3 0.031684 0.072678 0.561469 0.321599 0.012570
2 3 0.028372 0.067247 0.531403 0.358191 0.014787
2 3 0.032270 0.067214 0.509774 0.375750 0.014993
2 3 0.027369 0.068745 0.550227 0.339518 0.014141
2 3 0.033140 0.070927 0.534474 0.347608 0.013852
2 3 0.038318 0.075111 0.538344 0.335075 0.013152
2 3 0.034243 0.069270 0.528639 0.354869 0.012978
2 3 0.020898 0.050491 0.503661 0.413691 0.011259
2 3 0.024718 0.059067 0.534243 0.370407 0.011565
2 3 0.020600 0.048662 0.516053 0.405484 0.009201
2 3 0.028106 0.058236 0.507027 0.394077 0.012555
2 3 0.034826 0.074842 0.536633 0.338722 0.014976
2 3 0.032559 0.070760 0.539382 0.343797 0.013503
2 3 0.020606 0.047117 0.495150 0.427268 0.009858
2 3 0.022899 0.054095 0.533602 0.379671 0.009733
2 3 0.021896 0.051388 0.543548 0.375102 0.008067
2 3 0.039689 0.075563 0.534005 0.337482 0.013262
2 3 0.028063 0.057932 0.501227 0.400605 0.012173
2 3 0.023407 0.050550 0.517957 0.399401 0.008686
2 3 0.031564 0.071456 0.552988 0.331086 0.012905
2 3 0.033941 0.078295 0.544433 0.326770 0.016562
2 3 0.032410 0.064292 0.561972 0.330236 0.011090
2 3 0.036691 0.080585 0.558045 0.310198 0.014481
2 3 0.026082 0.059413 0.545381 0.358983 0.010140
2 3 0.202749 0.244516 0.460095 0.046034 0.046606
2 3 0.162934 0.212400 0.519193 0.062173 0.043300
2 3 0.105504 0.165606 0.609119 0.087058 0.032713
2 3 0.171040 0.221271 0.498268 0.065220 0.044201
2 3 0.156158 0.128204 0.463350 0.212184 0.040104
0 2 0.417718 0.157189 0.314938 0.077391 0.032764
2 2 0.296740 0.190851 0.420155 0.058703 0.033551
2 2 0.201839 0.149555 0.487784 0.133039 0.027783
2 2 0.240460 0.140340 0.473551 0.125195 0.020455
2 2 0.189754 0.145192 0.498291 0.140985 0.025778
2 2 0.192232 0.147366 0.496789 0.140729 0.022884
2 2 0.184163 0.135214 0.508148 0.151155 0.021320
2 2 0.119741 0.120060 0.525653 0.211144 0.023403
2 2 0.111147 0.117683 0.516381 0.232783 0.022006
2 2 0.113113 0.108928 0.516699 0.239818 0.021441
2 2 0.298769 0.195567 0.342650 0.079879 0.083135
2 2 0.172973 0.180725 0.476113 0.125640 0.044548
2 2 0.253957 0.216698 0.425109 0.065058 0.039178
2 2 0.280206 0.255086 0.303054 0.019947 0.141707
0 4 0.309756 0.247099 0.276617 0.024338 0.142190
4 4 0.045826 0.125609 0.367331 0.057772 0.403462
4 4 0.067339 0.149342 0.360512 0.043204 0.379603
4 4 0.048325 0.117188 0.305857 0.039388 0.489243
2 4 0.099636 0.181145 0.396633 0.048904 0.273682
2 4 0.044224 0.127539 0.391909 0.064442 0.371886
2 4 0.060557 0.148319 0.395395 0.048549 0.347180
4 4 0.065216 0.145175 0.354413 0.037189 0.398007
2 4 0.050541 0.155892 0.529870 0.061882 0.201815
2 4 0.075333 0.173123 0.437781 0.049659 0.264104
2 4 0.061939 0.162306 0.475665 0.041796 0.258295
2 4 0.113323 0.185907 0.339546 0.037587 0.323637
2 4 0.052401 0.146976 0.445690 0.063469 0.291464
2 4 0.039816 0.135638 0.497681 0.087395 0.239470
2 4 0.031923 0.123421 0.508965 0.091038 0.244654
2 4 0.058093 0.146751 0.401649 0.066082 0.327425
2 4 0.216065 0.213076 0.315892 0.013627 0.241341
2 4 0.151419 0.210089 0.385069 0.025468 0.227955
2 4 0.096417 0.198893 0.466469 0.038597 0.199625
4 4 0.133379 0.162840 0.260784 0.017592 0.425405
4 4 0.078536 0.117157 0.194792 0.013585 0.595931
4 4 0.020826 0.081543 0.333440 0.064711 0.499480
4 4 0.014818 0.071858 0.359451 0.084346 0.469527
4 4 0.018455 0.078995 0.349820 0.079392 0.473338
4 4 0.049740 0.105987 0.245584 0.025276 0.573412
4 4 0.012760 0.065631 0.351210 0.069962 0.500435
4 4 0.122579 0.165597 0.248120 0.021384 0.442321
2 4 0.039403 0.118257 0.466566 0.083096 0.292679
2 4 0.032978 0.103826 0.563940 0.092062 0.207194
4 4 0.027611 0.096772 0.359002 0.059508 0.457106
2 4 0.035297 0.109750 0.484099 0.069159 0.301695
2 4 0.023049 0.092007 0.432329 0.123138 0.329477
2 4 0.017081 0.073851 0.494263 0.144732 0.270074
2 4 0.036866 0.103664 0.565760 0.163384 0.130325
2 4 0.028103 0.081864 0.472787 0.098908 0.318338
2 4 0.027481 0.095108 0.566881 0.171585 0.138945
2 4 0.020688 0.086920 0.450694 0.128474 0.313223
2 4 0.017494 0.080578 0.515426 0.151785 0.234717
4 4 0.015328 0.075704 0.386337 0.118115 0.404516
2 4 0.016324 0.075591 0.439338 0.137963 0.330784
4 4 0.017815 0.079993 0.366619 0.105391 0.430181
2 4 0.017552 0.070589 0.536541 0.176218 0.199099
2 4 0.024875 0.097405 0.389496 0.119104 0.369120
2 4 0.014674 0.066674 0.508533 0.163420 0.246699
2 4 0.022887 0.084891 0.490865 0.159327 0.242029
2 4 0.024122 0.095914 0.455339 0.129729 0.294897
2 2 0.018753 0.064152 0.627744 0.214012 0.075339
2 2 0.032425 0.109468 0.394797 0.134502 0.328808
2 2 0.010109 0.053862 0.644267 0.196788 0.094974
2 2 0.033710 0.113689 0.482734 0.139787 0.230079
2 2 0.022926 0.078932 0.589941 0.189450 0.118750
2 2 0.016547 0.057411 0.600565 0.283552 0.041925
2 2 0.018010 0.053589 0.603066 0.289534 0.035801
2 2 0.023395 0.068360 0.574650 0.286472 0.047124
2 2 0.019062 0.062370 0.610914 0.267702 0.039952
2 2 0.015200 0.057444 0.619567 0.258870 0.048920
2 2 0.022447 0.052035 0.545566 0.357815 0.022137
2 2 0.016086 0.039240 0.561086 0.373691 0.009897
2 2 0.027195 0.058506 0.561337 0.335884 0.017079
2 2 0.018636 0.045944 0.543309 0.373817 0.018294
2 2 0.022346 0.051956 0.548016 0.360976 0.016706
2 2 0.018275 0.039699 0.514956 0.417054 0.010016
2 2 0.013489 0.033597 0.549024 0.393038 0.010852
2 2 0.017294 0.035366 0.484275 0.451119 0.011946
2 2 0.013763 0.030925 0.493047 0.451053 0.011212
2 2 0.014908 0.034933 0.516886 0.422100 0.011172
2 2 0.018519 0.035874 0.516938 0.419310 0.009360
2 2 0.011743 0.027665 0.505526 0.446431 0.008635
2 2 0.019302 0.033943 0.489436 0.448073 0.009246
2 2 0.011791 0.027874 0.534218 0.418635 0.007481
2 2 0.015056 0.035167 0.516161 0.422942 0.010674
2 2 0.014795 0.032831 0.511476 0.430227 0.010671
2 2 0.016565 0.035333 0.511121 0.426303 0.010679
2 2 0.015881 0.033204 0.497141 0.445405 0.008369
2 2 0.014160 0.030114 0.514215 0.432543 0.008969
2 2 0.018308 0.037393 0.487362 0.447865 0.009072
2 2 0.074679 0.105847 0.648345 0.098271 0.072857
2 2 0.248918 0.160797 0.450351 0.063942 0.075992
0 1 0.508965 0.131899 0.228867 0.074336 0.055933
0 1 0.533565 0.150631 0.271876 0.029026 0.014903
0 2 0.647471 0.138698 0.170907 0.019673 0.023251
2 2 0.106605 0.080027 0.488610 0.316082 0.008676
2 2 0.099166 0.072707 0.510700 0.310995 0.006431
2 2 0.054049 0.056455 0.456250 0.425914 0.007331
3 2 0.038751 0.040075 0.423546 0.492441 0.005187
2 2 0.089697 0.065121 0.457848 0.380040 0.007293
3 2 0.038271 0.039001 0.386972 0.529658 0.006098
3 2 0.056485 0.034761 0.397287 0.508082 0.003385
3 2 0.053662 0.039713 0.358542 0.542696 0.005387
2 2 0.099324 0.073016 0.470801 0.349794 0.007065
3 2 0.045737 0.035327 0.365446 0.548995 0.004495
3 2 0.046298 0.034306 0.371673 0.543614 0.004109
3 2 0.044710 0.032908 0.351453 0.566986 0.003944
3 2 0.031971 0.028097 0.327780 0.607579 0.004573
3 2 0.056047 0.046335 0.404664 0.487490 0.005464
2 2 0.111680 0.073537 0.430574 0.373564 0.010646
0 1 0.547880 0.119725 0.229533 0.070721 0.032141
0 1 0.706846 0.109858 0.159612 0.012861 0.010822
0 2 0.572747 0.120425 0.272529 0.024749 0.009549
0 2 0.581702 0.109609 0.264497 0.034292 0.009900
0 2 0.611008 0.136153 0.219028 0.019829 0.013983
2 2 0.324719 0.183035 0.408179 0.065604 0.018463
2 2 0.206774 0.110453 0.500122 0.172570 0.010081
2 2 0.146322 0.136742 0.536157 0.163256 0.017523
2 2 0.203757 0.146365 0.489624 0.142280 0.017974
2 2 0.161058 0.099958 0.546260 0.182706 0.010018
0 2 0.513999 0.145780 0.280662 0.041969 0.017590
0 2 0.567860 0.162086 0.219466 0.025224 0.025364
0 2 0.581553 0.150079 0.228110 0.021875 0.018382
0 2 0.567357 0.147084 0.228564 0.026508 0.030487
0 2 0.630898 0.123880 0.170934 0.035489 0.038799
0 2 0.587795 0.154380 0.214447 0.017596 0.025781
2 2 0.253536 0.113342 0.550807 0.057819 0.024497
0 0 0.669964 0.119865 0.147374 0.031511 0.031286
0 1 0.627269 0.145617 0.192246 0.016913 0.017955
0 2 0.518249 0.183971 0.249580 0.019675 0.028525
2 2 0.025270 0.050034 0.535303 0.382804 0.006588
2 2 0.031686 0.055071 0.531395 0.374979 0.006869
2 2 0.031855 0.048224 0.510458 0.404154 0.005309
2 2 0.031148 0.055496 0.535592 0.370814 0.006950
2 2 0.037411 0.056462 0.506611 0.392166 0.007350
2 2 0.039128 0.049978 0.473460 0.431229 0.006205
3 2 0.017644 0.027802 0.399919 0.549865 0.004771
3 2 0.020819 0.026590 0.414060 0.535604 0.002928
3 2 0.033798 0.041576 0.439280 0.479794 0.005552
2 2 0.037922 0.046960 0.461775 0.447500 0.005843
2 2 0.037634 0.050785 0.481079 0.424052 0.006450
3 2 0.030545 0.037918 0.433167 0.493436 0.004934
3 2 0.029637 0.035945 0.434381 0.495785 0.004253
2 2 0.038831 0.049350 0.470427 0.435216 0.006176
3 2 0.025952 0.029897 0.383482 0.556359 0.004310
3 2 0.029210 0.035336 0.400544 0.529377 0.005531
3 2 0.043023 0.046426 0.432301 0.472101 0.006149
3 2 0.044366 0.050207 0.439466 0.458813 0.007147
2 2 0.052197 0.054419 0.463359 0.424005 0.006021
3 2 0.029826 0.033565 0.393106 0.538650 0.004852
3 2 0.044022 0.046981 0.431848 0.470927 0.006222
3 2 0.031873 0.037435 0.421196 0.504527 0.004969
3 2 0.045017 0.047204 0.423997 0.477207 0.006575
3 2 0.024065 0.027717 0.346235 0.596736 0.005247
3 2 0.041522 0.044264 0.426450 0.481955 0.005809
2 2 0.041501 0.047703 0.459850 0.445406 0.005540
3 2 0.039357 0.043648 0.420213 0.490482 0.006300
3 2 0.042215 0.046235 0.432496 0.472842 0.006212
2 2 0.043362 0.053624 0.483980 0.412840 0.006193
3 2 0.035330 0.040896 0.427495 0.490780 0.005499
2 2 0.046227 0.051995 0.450752 0.444169 0.006857
3 2 0.039016 0.044545 0.425518 0.484421 0.006499
3 2 0.039666 0.045826 0.444219 0.464372 0.005917
3 2 0.043467 0.048314 0.448178 0.454035 0.006006
3 2 0.035309 0.038300 0.412592 0.508740 0.005058
2 2 0.044308 0.058911 0.496702 0.392796 0.007283
2 2 0.040988 0.051991 0.456293 0.443044 0.007684
2 3 0.045436 0.058850 0.491634 0.396753 0.007327
3 3 0.046547 0.049453 0.439800 0.457842 0.006357
2 3 0.042939 0.054027 0.469250 0.426483 0.007301
2 3 0.036633 0.047975 0.469809 0.439460 0.006123
3 3 0.036320 0.043329 0.440768 0.473875 0.005707
2 3 0.038473 0.047965 0.473608 0.434408 0.005546
2 3 0.044478 0.053882 0.495759 0.400393 0.005489
2 3 0.040426 0.049388 0.471679 0.432705 0.005802
3 3 0.042932 0.046580 0.437203 0.467317 0.005969
3 3 0.032313 0.039940 0.433268 0.489040 0.005438
2 3 0.046336 0.063591 0.513303 0.369213 0.007558
2 3 0.035400 0.043571 0.460900 0.455080 0.005050
2 3 0.035743 0.049721 0.466514 0.440713 0.007310
2 3 0.044729 0.053435 0.484270 0.411711 0.005855
2 3 0.037980 0.050834 0.478805 0.425863 0.006517
2 3 0.038857 0.048387 0.474467 0.432699 0.005590
3 3 0.030692 0.041656 0.447768 0.473993 0.005892
3 3 0.031408 0.039463 0.421322 0.501780 0.006027
2 3 0.039932 0.048034 0.469441 0.437099 0.005494
2 3 0.027524 0.043906 0.486302 0.436454 0.005813
2 3 0.057284 0.061722 0.476708 0.397250 0.007037
2 3 0.043137 0.059864 0.503678 0.385836 0.007486
2 3 0.049402 0.068196 0.518872 0.355333 0.008196
2 3 0.041378 0.056440 0.483680 0.410705 0.007797
3 3 0.023906 0.034462 0.438393 0.498517 0.004723
3 3 0.028474 0.036305 0.426745 0.503522 0.004953
3 3 0.028216 0.039740 0.445960 0.480363 0.005720
2 3 0.035959 0.049558 0.496061 0.412848 0.005574
2 3 0.055415 0.060693 0.445993 0.428737 0.009162
3 3 0.032402 0.040824 0.459163 0.462959 0.004652
2 3 0.037512 0.048794 0.458542 0.448244 0.006907
2 3 0.046722 0.061731 0.492787 0.390636 0.008124
2 3 0.049322 0.066616 0.512149 0.363816 0.008097
2 3 0.040096 0.065098 0.524354 0.361443 0.009009
2 3 0.045189 0.064616 0.505944 0.375486 0.008764
2 3 0.030499 0.047874 0.482524 0.432148 0.006954
2 3 0.068461 0.078987 0.501681 0.341473 0.009397
2 3 0.044268 0.059528 0.484879 0.402980 0.008345
2 3 0.042194 0.064627 0.531628 0.353831 0.007720
2 3 0.036946 0.056276 0.520281 0.379913 0.006584
2 3 0.041133 0.062407 0.501606 0.385586 0.009267
2 3 0.038225 0.058567 0.517951 0.377975 0.007282
2 3 0.057766 0.074280 0.514668 0.344410 0.008877
2 3 0.025380 0.040297 0.473548 0.455344 0.005431
3 3 0.025760 0.035742 0.440882 0.492879 0.004736
2 3 0.034408 0.049534 0.470350 0.438360 0.007348
2 3 0.030299 0.046034 0.473028 0.443946 0.006694
3 3 0.021672 0.036859 0.459028 0.476828 0.005613
2 3 0.051908 0.088129 0.565330 0.282846 0.011787
2 3 0.077873 0.126429 0.556556 0.222027 0.017115
2 3 0.057908 0.088678 0.528380 0.311740 0.013294
2 3 0.077497 0.096327 0.527620 0.281603 0.016954
2 2 0.048876 0.087871 0.554944 0.295341 0.012969
0 1 0.572973 0.121462 0.179684 0.073667 0.052214
0 1 0.605145 0.151096 0.200497 0.017751 0.025510
0 2 0.453300 0.154508 0.339821 0.029373 0.022998
0 2 0.452930 0.153561 0.346326 0.028683 0.018501
0 2 0.442199 0.167572 0.331085 0.037405 0.021740
2 2 0.087882 0.078244 0.521216 0.302336 0.010322
2 2 0.113328 0.093144 0.516687 0.264422 0.012419
2 2 0.102322 0.079405 0.529173 0.280754 0.008346
2 2 0.230770 0.144479 0.445888 0.148572 0.030291
2 2 0.112589 0.103527 0.524923 0.244049 0.014913
2 2 0.262326 0.141723 0.404749 0.158919 0.032282
2 2 0.138988 0.127503 0.525498 0.189788 0.018223
2 2 0.204789 0.144243 0.511948 0.122053 0.016968
2 2 0.106634 0.104519 0.604358 0.169690 0.014798
2 2 0.168721 0.120011 0.560077 0.137513 0.013678
2 2 0.012459 0.063511 0.422666 0.168200 0.333163
2 4 0.021724 0.076958 0.560624 0.198378 0.142315
2 4 0.014301 0.062258 0.608458 0.189197 0.125786
2 4 0.030959 0.099218 0.562649 0.175891 0.131283
2 4 0.023319 0.084593 0.528640 0.186628 0.176821
2 4 0.055677 0.142495 0.600011 0.095671 0.106146
2 4 0.041000 0.109486 0.578461 0.168781 0.102272
2 4 0.030597 0.104027 0.587792 0.152259 0.125325
2 4 0.062041 0.134962 0.544318 0.101594 0.157085
2 4 0.031610 0.103553 0.569726 0.145085 0.150026
4 4 0.071747 0.123495 0.300243 0.019676 0.484838
4 4 0.076523 0.129930 0.324201 0.023073 0.446273
4 4 0.126025 0.153354 0.250296 0.014293 0.456032
4 4 0.104534 0.160218 0.355039 0.018547 0.361662
4 4 0.264576 0.185717 0.237905 0.021316 0.290486
2 4 0.063593 0.102178 0.655498 0.122946 0.055785
2 4 0.041921 0.097865 0.645099 0.139421 0.075694
2 4 0.125606 0.156085 0.509673 0.054636 0.153999
2 4 0.069601 0.151593 0.497495 0.045105 0.236207
2 4 0.147897 0.175156 0.426495 0.042930 0.207521
2 4 0.163501 0.147446 0.491613 0.054399 0.143041
2 4 0.233472 0.166844 0.435270 0.037117 0.127297
0 0 0.480272 0.192543 0.199815 0.027826 0.099544
0 0 0.551688 0.176004 0.191207 0.026996 0.054104
0 1 0.376016 0.217809 0.343871 0.024826 0.037479
2 1 0.176614 0.171621 0.483946 0.126115 0.041705
2 1 0.150021 0.174527 0.526994 0.122344 0.026114
2 2 0.139582 0.161058 0.547715 0.125117 0.026528
2 2 0.137625 0.162119 0.567910 0.107491 0.024854
2 2 0.132797 0.154055 0.578939 0.114077 0.020131
2 2 0.034822 0.073560 0.561856 0.318296 0.011467
2 2 0.043607 0.075282 0.542366 0.328001 0.010744
2 2 0.033329 0.086799 0.582874 0.280614 0.016384
2 2 0.023031 0.070121 0.702307 0.192690 0.011851
2 2 0.073222 0.157469 0.629107 0.108112 0.032090
2 2 0.069331 0.142015 0.607462 0.127573 0.053620
2 2 0.035888 0.117515 0.664782 0.155216 0.026599
2 2 0.056952 0.164384 0.560375 0.056105 0.162185
2 2 0.055145 0.134289 0.647982 0.096755 0.065827
2 2 0.025069 0.105335 0.701529 0.120700 0.047367
2 2 0.035315 0.092702 0.637692 0.218476 0.015814
2 2 0.015044 0.057809 0.664287 0.253216 0.009644
2 2 0.026251 0.076646 0.644769 0.241418 0.010916
2 2 0.022382 0.062403 0.632107 0.272765 0.010344
2 2 0.018711 0.065490 0.671783 0.233454 0.010561
2 2 0.024224 0.061358 0.591175 0.314966 0.008277
2 2 0.023819 0.060122 0.579628 0.327667 0.008764
2 2 0.024236 0.059586 0.575798 0.331772 0.008609
2 2 0.016931 0.044017 0.598177 0.336199 0.004676
2 2 0.015778 0.043084 0.577442 0.358427 0.005269
2 2 0.029631 0.069267 0.584694 0.306678 0.009731
2 2 0.011383 0.035395 0.617119 0.331486 0.004617
2 2 0.030899 0.071774 0.612144 0.276707 0.008477
2 2 0.040142 0.088150 0.603821 0.256838 0.011049
2 2 0.017757 0.047691 0.590323 0.338587 0.005641
2 2 0.028564 0.062251 0.584150 0.317632 0.007401
2 2 0.021941 0.052869 0.574078 0.344284 0.006828
2 2 0.030504 0.056812 0.522923 0.381198 0.008563
2 2 0.029459 0.064201 0.586793 0.311909 0.007638
2 2 0.025983 0.064432 0.586837 0.313639 0.009110
2 2 0.217568 0.170172 0.521036 0.067472 0.023752
2 2 0.190504 0.175052 0.521781 0.089422 0.023241
0 1 0.515295 0.136209 0.257567 0.056905 0.034024
0 1 0.477296 0.136582 0.286548 0.071910 0.027664
0 2 0.503517 0.141994 0.283400 0.048779 0.022310
2 2 0.041638 0.059325 0.493321 0.395111 0.010605
3 2 0.035721 0.046156 0.432894 0.477540 0.007689
3 2 0.036405 0.041373 0.406442 0.509152 0.006627
3 2 0.026052 0.034060 0.387884 0.545634 0.006370
2 2 0.065396 0.066590 0.465115 0.390236 0.012663
2 2 0.181480 0.121073 0.505851 0.176160 0.015436
0 2 0.355641 0.142165 0.353423 0.121384 0.027388
0 2 0.393846 0.135437 0.357500 0.089257 0.023960
2 2 0.174329 0.131111 0.535729 0.139162 0.019669
2 2 0.188436 0.138308 0.519134 0.134836 0.019285
3 2 0.029752 0.039011 0.412639 0.511713 0.006884
3 2 0.024855 0.031967 0.381113 0.556235 0.005830
3 2 0.028953 0.036878 0.396454 0.531023 0.006692
3 2 0.029425 0.036104 0.384847 0.542831 0.006792
3 2 0.025215 0.030080 0.359486 0.579498 0.005722
3 2 0.025118 0.029435 0.350984 0.588659 0.005804
3 2 0.038394 0.045782 0.439017 0.469620 0.007186
3 2 0.028633 0.033713 0.382164 0.549748 0.005742
3 2 0.024364 0.027798 0.345998 0.596613 0.005228
3 2 0.024598 0.029265 0.357641 0.583013 0.005483
3 2 0.035641 0.036087 0.388580 0.534592 0.005099
3 2 0.024447 0.024511 0.318810 0.627757 0.004475
3 2 0.022364 0.020967 0.288939 0.663663 0.004067
3 2 0.021556 0.024434 0.323939 0.625135 0.004936
3 2 0.022676 0.019807 0.268849 0.684529 0.004138
3 2 0.019826 0.020101 0.286799 0.669066 0.004209
3 2 0.022524 0.021457 0.296868 0.655155 0.003996
3 2 0.025709 0.026853 0.343685 0.599311 0.004442
3 2 0.019578 0.020725 0.287871 0.667138 0.004688
3 2 0.025438 0.024414 0.315916 0.629909 0.004323
2 2 0.080634 0.075036 0.507107 0.325972 0.011250
2 2 0.075437 0.067688 0.485980 0.359017 0.011878
2 2 0.149550 0.086918 0.434077 0.307440 0.022015
2 2 0.306536 0.148302 0.446414 0.080934 0.017814
2 2 0.151318 0.120447 0.552121 0.159376 0.016739
2 2 0.041587 0.075369 0.537208 0.332318 0.013518
2 2 0.029390 0.056261 0.517487 0.387737 0.009125
2 2 0.040871 0.065530 0.512747 0.370954 0.009898
2 2 0.046369 0.078643 0.556262 0.307617 0.011108
2 2 0.030992 0.054975 0.501070 0.403882 0.009080
3 2 0.023512 0.037923 0.426836 0.504403 0.007327
2 2 0.035096 0.046808 0.461297 0.450362 0.006437
3 2 0.027711 0.037763 0.420438 0.507907 0.006182
2 2 0.030580 0.045705 0.461680 0.454917 0.007117
2 2 0.035811 0.052127 0.482246 0.422393 0.007423
2 2 0.044093 0.073827 0.561369 0.311200 0.009511
2 2 0.033033 0.054786 0.489563 0.413515 0.009103
2 2 0.158778 0.129751 0.509658 0.179181 0.022632
2 2 0.080187 0.111099 0.606899 0.188351 0.013464
2 2 0.069310 0.102049 0.600391 0.216660 0.011590
2 2 0.286961 0.174332 0.469403 0.051856 0.017449
0 2 0.571776 0.152507 0.218292 0.028873 0.028553
2 2 0.272251 0.162490 0.462870 0.078457 0.023932
2 2 0.294115 0.159632 0.443448 0.082549 0.020256
0 2 0.534393 0.128774 0.230196 0.068778 0.037859
2 2 0.085224 0.122683 0.600056 0.174478 0.017559
2 2 0.043271 0.084982 0.590616 0.267130 0.014002
2 2 0.050423 0.077754 0.534047 0.325034 0.012743
2 2 0.036047 0.064433 0.511300 0.376976 0.011245
2 2 0.047025 0.083155 0.544826 0.312038 0.012957
0 2 0.664887 0.127186 0.160953 0.023655 0.023318
0 2 0.489892 0.172547 0.284653 0.032153 0.020755
0 0 0.740718 0.092244 0.119031 0.025233 0.022774
0 0 0.745432 0.101555 0.119006 0.016211 0.017796
0 0 0.829747 0.071516 0.072050 0.011209 0.015477
0 0 0.683147 0.131668 0.160364 0.010630 0.014191
0 0 0.810810 0.088722 0.078181 0.006104 0.016183
0 0 0.826114 0.066087 0.086485 0.012978 0.008337
0 0 0.783815 0.066371 0.116758 0.023105 0.009952
0 0 0.804083 0.066695 0.104783 0.017977 0.006463
0 0 0.702578 0.109002 0.142450 0.024415 0.021555
0 0 0.695381 0.117333 0.141180 0.022283 0.023823
0 0 0.615887 0.164023 0.183547 0.012427 0.024117
0 0 0.572068 0.166613 0.222583 0.018061 0.020675
0 0 0.512443 0.183917 0.258926 0.020334 0.024380
2 0 0.328607 0.178457 0.407738 0.062899 0.022298
2 0 0.296513 0.170046 0.427023 0.081908 0.024511
2 0 0.229203 0.165181 0.454371 0.098461 0.052784
0 0 0.394580 0.168030 0.350487 0.064398 0.022504
2 0 0.250356 0.133408 0.456398 0.141193 0.018646
2 0 0.142277 0.109825 0.486711 0.243649 0.017539
2 0 0.286453 0.189834 0.378400 0.094506 0.050806
2 0 0.200321 0.148243 0.491990 0.136772 0.022674
2 0 0.193029 0.150568 0.470981 0.161625 0.023796
2 0 0.175296 0.128348 0.498677 0.176629 0.021050
2 0 0.208816 0.148348 0.480871 0.142027 0.019938
2 0 0.167170 0.106552 0.519171 0.195923 0.011185
2 0 0.222158 0.123176 0.440119 0.195708 0.018839
2 0 0.247720 0.131388 0.422216 0.168214 0.030461
2 0 0.090222 0.139828 0.620799 0.127706 0.021444
2 0 0.049648 0.088882 0.565893 0.282832 0.012745
2 0 0.039626 0.089854 0.604724 0.254025 0.011771
2 0 0.055633 0.093969 0.570732 0.266461 0.013205
2 1 0.060990 0.088083 0.578844 0.262181 0.009902
2 1 0.049124 0.089163 0.571881 0.278299 0.011533
2 1 0.055806 0.080120 0.550290 0.305241 0.008544
2 2 0.034359 0.057997 0.514845 0.384437 0.008361
2 2 0.034052 0.062727 0.547588 0.347435 0.008199
2 2 0.045853 0.078257 0.583355 0.284706 0.007829
2 2 0.036884 0.062001 0.537312 0.356050 0.007753
2 2 0.025332 0.059942 0.567581 0.337941 0.009204
2 2 0.057018 0.105714 0.554732 0.263443 0.019092
2 2 0.060259 0.118873 0.589123 0.205395 0.026350
2 4 0.042726 0.082067 0.539455 0.312931 0.022821
2 4 0.041495 0.093959 0.631337 0.216389 0.016821
2 4 0.066360 0.162206 0.457642 0.061499 0.252293
2 4 0.077195 0.173812 0.562091 0.097993 0.088908
2 4 0.056549 0.168324 0.570617 0.080087 0.124423
2 4 0.067808 0.150220 0.523530 0.098704 0.159738
2 4 0.045069 0.143579 0.518736 0.088378 0.204238
2 4 0.062874 0.179926 0.580820 0.054039 0.122340
4 4 0.074997 0.140134 0.287073 0.028693 0.469104
2 4 0.077666 0.169981 0.461143 0.044743 0.246468
2 4 0.071689 0.166686 0.421976 0.055077 0.284572
2 4 0.227849 0.182585 0.313943 0.032312 0.243311
2 4 0.174094 0.199760 0.349411 0.019295 0.257440
2 4 0.179161 0.193862 0.415147 0.039883 0.171947
2 4 0.226583 0.209759 0.373265 0.021892 0.168501
2 4 0.186272 0.197650 0.312733 0.020940 0.282406
4 0 0.208611 0.179057 0.253837 0.026604 0.331891
2 1 0.015961 0.077334 0.679510 0.152332 0.074864
2 1 0.020895 0.108609 0.620130 0.106665 0.143701
2 4 0.037580 0.127314 0.473567 0.095578 0.265960
4 4 0.029218 0.095728 0.330604 0.061364 0.483087
2 4 0.028998 0.122472 0.552368 0.102388 0.193773
0 4 0.378433 0.199467 0.189325 0.027736 0.205039
0 0 0.582623 0.132193 0.148399 0.055901 0.080884
0 0 0.565179 0.148050 0.200455 0.041847 0.044469
0 0 0.366410 0.199268 0.362326 0.029140 0.042856
2 0 0.280802 0.176414 0.467606 0.029601 0.045578
2 1 0.025414 0.086138 0.649826 0.211466 0.027156
2 1 0.032072 0.097433 0.640232 0.198967 0.031296
2 2 0.038804 0.099492 0.680790 0.148702 0.032212
2 2 0.036327 0.115568 0.594137 0.068476 0.185493
2 2 0.022967 0.088052 0.591429 0.072700 0.224852
2 4 0.013762 0.052687 0.610223 0.244930 0.078397
2 4 0.012593 0.051511 0.574602 0.244651 0.116642
2 4 0.033275 0.084508 0.579302 0.219531 0.083383
2 4 0.010085 0.048070 0.637478 0.236915 0.067452
2 4 0.021320 0.076699 0.457589 0.204546 0.239846
2 4 0.014373 0.057652 0.623200 0.213110 0.091664
2 4 0.017699 0.070924 0.478128 0.204330 0.228920
2 4 0.010131 0.052679 0.661565 0.205991 0.069635
2 4 0.012629 0.058052 0.599910 0.211959 0.117450
2 4 0.017994 0.073210 0.464534 0.174089 0.270174
2 4 0.024280 0.086452 0.388158 0.136264 0.364846
2 4 0.020887 0.093472 0.526332 0.143689 0.215620
2 4 0.018091 0.078216 0.598542 0.173132 0.132018
2 4 0.027563 0.104851 0.460241 0.127025 0.280320
2 4 0.051141 0.113003 0.453650 0.120360 0.261845
2 4 0.062435 0.123237 0.533337 0.039755 0.241236
2 4 0.099915 0.156630 0.389624 0.028488 0.325343
2 2 0.107590 0.164271 0.425458 0.028134 0.274546
2 2 0.240707 0.199679 0.392825 0.034177 0.132612
2 2 0.075369 0.135031 0.601113 0.046361 0.142125
2 2 0.009937 0.056069 0.562991 0.213413 0.157590
2 2 0.018055 0.071491 0.581273 0.188221 0.140960
2 2 0.016565 0.067020 0.515668 0.186047 0.214700
2 2 0.009558 0.046072 0.587897 0.248390 0.108083
2 2 0.012410 0.061019 0.573581 0.219595 0.133395
2 2 0.009888 0.053466 0.620037 0.191972 0.124638
2 4 0.020200 0.079888 0.388418 0.124173 0.387321
2 4 0.010335 0.053097 0.448270 0.166576 0.321722
2 4 0.018084 0.075579 0.533300 0.120021 0.253016
2 4 0.019466 0.070640 0.492224 0.125308 0.292362
2 4 0.018163 0.071696 0.545409 0.187169 0.177564
2 4 0.025050 0.085314 0.466363 0.168334 0.254940
2 4 0.016065 0.061976 0.606361 0.202368 0.113232
2 4 0.011745 0.060562 0.555175 0.198547 0.173970
2 4 0.009633 0.056707 0.425385 0.154296 0.353979
2 4 0.022143 0.077823 0.473022 0.148214 0.278797
2 4 0.019460 0.079783 0.560855 0.158350 0.181552
4 4 0.058916 0.115828 0.359242 0.075951 0.390063
4 4 0.046527 0.106970 0.370083 0.068136 0.408285
2 4 0.013679 0.058484 0.482373 0.163418 0.282046
2 4 0.022610 0.078733 0.629228 0.166526 0.102903
2 4 0.017455 0.068809 0.559288 0.215493 0.138955
2 4 0.024443 0.077713 0.570350 0.207590 0.119903
2 4 0.026039 0.087392 0.540938 0.183626 0.162004
2 4 0.015846 0.060547 0.595633 0.226853 0.101121
2 4 0.099883 0.151632 0.417539 0.033962 0.296984
2 4 0.117660 0.178789 0.409187 0.038290 0.256074
2 4 0.096028 0.138182 0.454513 0.044540 0.266737
2 4 0.070329 0.132367 0.632338 0.060667 0.104298
2 4 0.031360 0.091550 0.705936 0.053062 0.118092
2 4 0.023547 0.063272 0.597470 0.266100 0.049610
2 4 0.007625 0.038146 0.709231 0.208441 0.036557
2 4 0.009277 0.035105 0.671681 0.253810 0.030126
2 4 0.023239 0.057804 0.646687 0.245662 0.026608
2 4 0.008074 0.034785 0.711878 0.225281 0.019982
2 2 0.008484 0.029283 0.646436 0.301073 0.014724
2 2 0.010751 0.037718 0.665470 0.265432 0.020629
2 2 0.005793 0.026092 0.669295 0.285001 0.013819
2 2 0.007749 0.034565 0.663087 0.261268 0.033330
2 2 0.008267 0.034215 0.655497 0.273856 0.028166
2 2 0.004967 0.023144 0.657214 0.296397 0.018278
2 2 0.006003 0.025043 0.638998 0.314669 0.015287
2 2 0.004889 0.023844 0.678706 0.277548 0.015013
2 2 0.009259 0.032058 0.650232 0.291103 0.017347
2 2 0.015553 0.043100 0.629053 0.288969 0.023326
2 2 0.015063 0.037714 0.585424 0.349292 0.012508
2 2 0.012680 0.036633 0.607555 0.328157 0.014973
2 2 0.007014 0.020425 0.532761 0.432071 0.007729
2 2 0.007347 0.024020 0.573966 0.384379 0.010288
2 2 0.008200 0.023875 0.579271 0.380317 0.008337
2 2 0.012246 0.031982 0.597682 0.345125 0.012965
2 2 0.008232 0.027057 0.629663 0.325430 0.009618
2 2 0.022140 0.041782 0.547061 0.376656 0.012361
2 2 0.013354 0.028119 0.563423 0.387790 0.007315
2 2 0.012486 0.027191 0.553509 0.399570 0.007244
2 2 0.012955 0.026868 0.545702 0.409780 0.004696
2 2 0.010714 0.021896 0.514157 0.448468 0.004765
3 2 0.009944 0.018833 0.473520 0.494137 0.003566
2 2 0.017903 0.029584 0.473618 0.473363 0.005533
2 2 0.020600 0.037331 0.530241 0.405699 0.006128
3 2 0.012309 0.019426 0.444275 0.519943 0.004048
3 2 0.016516 0.023936 0.467246 0.487691 0.004611
3 2 0.012760 0.020401 0.448430 0.515615 0.002795
2 2 0.016071 0.027278 0.476078 0.475995 0.004578
2 2 0.017314 0.029759 0.505137 0.443191 0.004600
3 2 0.026459 0.034832 0.418120 0.515466 0.005124
3 2 0.019396 0.027213 0.429973 0.518330 0.005088
3 2 0.010897 0.019187 0.442419 0.524813 0.002684
3 2 0.018249 0.023000 0.379220 0.574314 0.005217
3 2 0.022518 0.029714 0.421630 0.520351 0.005787
3 2 0.019034 0.026119 0.432528 0.519463 0.002857
3 2 0.016729 0.023365 0.440604 0.514350 0.004952
3 2 0.016236 0.026400 0.473541 0.480148 0.003675
2 2 0.009751 0.019255 0.495130 0.472583 0.003280
3 2 0.013751 0.019436 0.424093 0.539450 0.003269
3 2 0.024871 0.035325 0.463677 0.471076 0.005050
3 2 0.015793 0.022184 0.415286 0.543973 0.002764
2 2 0.030346 0.039780 0.465343 0.459799 0.004732
3 2 0.023348 0.033859 0.461282 0.476761 0.004749
3 2 0.011186 0.019199 0.444463 0.521984 0.003169
3 2 0.015577 0.018682 0.364772 0.598823 0.002146
3 2 0.011500 0.014941 0.338958 0.631745 0.002856
3 2 0.012265 0.015128 0.344354 0.626036 0.002217
3 2 0.022822 0.023486 0.326352 0.623424 0.003915
3 2 0.018706 0.022890 0.369723 0.585650 0.003031
3 2 0.017368 0.020547 0.350467 0.608843 0.002775
3 2 0.015766 0.020993 0.387327 0.572597 0.003318
3 3 0.018212 0.021377 0.375152 0.581798 0.003462
3 3 0.016131 0.019743 0.367623 0.593855 0.002647
3 3 0.014270 0.019211 0.378857 0.585495 0.002167
3 3 0.017942 0.021575 0.342104 0.614967 0.003411
3 3 0.020260 0.027049 0.438791 0.510712 0.003188
3 3 0.041398 0.045946 0.417442 0.488072 0.007143
3 3 0.013886 0.018380 0.356319 0.607729 0.003686
3 3 0.014630 0.016351 0.333939 0.631665 0.003415
3 3 0.024087 0.028807 0.409818 0.532391 0.004897
3 3 0.027133 0.036167 0.436960 0.494521 0.005219
3 3 0.018480 0.021528 0.369037 0.587881 0.003074
3 3 0.022376 0.031455 0.456332 0.485749 0.004089
3 3 0.014038 0.019827 0.409596 0.553431 0.003108
3 3 0.016594 0.024970 0.407820 0.547268 0.003347
3 3 0.022741 0.024168 0.357608 0.592246 0.003236
3 3 0.022484 0.022746 0.358820 0.592551 0.003399
3 3 0.015733 0.017515 0.344052 0.620022 0.002677
3 3 0.025139 0.029852 0.394170 0.546788 0.004051
3 3 0.023071 0.029831 0.448841 0.494351 0.003906
2 3 0.027854 0.039650 0.496797 0.430106 0.005594
2 3 0.032418 0.041494 0.470719 0.449412 0.005957
3 3 0.053639 0.055310 0.419008 0.462981 0.009062
3 2 0.019512 0.024845 0.425348 0.526804 0.003491
0 2 0.541581 0.145641 0.264630 0.024625 0.023524
2 2 0.240759 0.110484 0.583298 0.050923 0.014536
0 2 0.519883 0.152798 0.227831 0.050763 0.048726
0 2 0.399041 0.186184 0.356489 0.031936 0.026349
0 2 0.468066 0.179286 0.291690 0.034206 0.026752
2 2 0.126817 0.140263 0.562568 0.149019 0.021333
2 2 0.217066 0.153060 0.460873 0.135242 0.033759
2 2 0.106569 0.124963 0.564283 0.187002 0.017183
2 2 0.176765 0.141358 0.528708 0.133787 0.019382
2 2 0.099961 0.109410 0.576498 0.199582 0.014549
2 2 0.139900 0.118997 0.500441 0.224772 0.015890
2 2 0.103577 0.101936 0.545932 0.235136 0.013419
2 2 0.132859 0.118482 0.548402 0.184804 0.015453
2 2 0.100648 0.103432 0.554374 0.227017 0.014529
2 2 0.167467 0.124229 0.495043 0.185871 0.027391
0 2 0.449853 0.197911 0.291263 0.025706 0.035267
