0 0 0.799950 0.064719 0.096302 0.019902 0.019127
0 0 0.785640 0.067559 0.103549 0.028112 0.015139
0 0 0.551402 0.141860 0.268984 0.019666 0.018088
0 0 0.537736 0.141828 0.278599 0.024187 0.017651
0 0 0.586755 0.130942 0.245350 0.019949 0.017005
0 0 0.675489 0.098907 0.149465 0.047508 0.028631
0 0 0.392089 0.181714 0.370468 0.032044 0.023684
0 0 0.446429 0.176540 0.319215 0.029197 0.028619
0 0 0.522526 0.154117 0.214899 0.057637 0.050821
0 0 0.620685 0.131082 0.169498 0.030574 0.048161
0 0 0.461378 0.182447 0.283415 0.031002 0.041757
0 0 0.409213 0.199968 0.311408 0.032337 0.047074
0 0 0.640403 0.130512 0.163519 0.023260 0.042306
0 0 0.614834 0.141193 0.176293 0.021898 0.045782
0 0 0.637802 0.118918 0.156790 0.032170 0.054320
0 0 0.508195 0.157013 0.298477 0.016836 0.019479
0 0 0.489898 0.153853 0.321959 0.018418 0.015872
0 0 0.492240 0.153715 0.319707 0.018303 0.016036
0 0 0.516089 0.152290 0.294782 0.018364 0.018476
0 0 0.513127 0.162503 0.279934 0.018750 0.025686
0 0 0.494903 0.166726 0.277039 0.029339 0.031994
0 0 0.398017 0.178757 0.371847 0.029582 0.021796
0 0 0.390017 0.179112 0.376868 0.032188 0.021815
0 0 0.411435 0.179879 0.357193 0.027715 0.023778
0 0 0.451733 0.172770 0.322582 0.027304 0.025611
0 0 0.530867 0.156480 0.267975 0.019534 0.025144
0 0 0.535764 0.144719 0.281317 0.020473 0.017726
0 0 0.503678 0.163950 0.283614 0.021991 0.026767
0 0 0.520589 0.152671 0.282336 0.022846 0.021557
0 0 0.486135 0.152295 0.314737 0.028828 0.018005
0 0 0.569990 0.125774 0.269093 0.022543 0.012601
0 0 0.534883 0.137993 0.283670 0.027434 0.016019
0 0 0.674036 0.096991 0.151344 0.054162 0.023467
0 0 0.774747 0.080076 0.111104 0.015771 0.018302
0 0 0.608951 0.129188 0.226129 0.017061 0.018670
0 0 0.591659 0.139850 0.222306 0.020040 0.026144
0 0 0.460811 0.169790 0.317962 0.026669 0.024767
0 0 0.522989 0.140843 0.187628 0.044152 0.104388
0 0 0.702900 0.096726 0.153787 0.027630 0.018958
0 0 0.463682 0.167054 0.317923 0.027652 0.023688
2 0 0.318351 0.201831 0.406824 0.042834 0.030160
2 0 0.329851 0.213108 0.386730 0.032858 0.037452
2 0 0.318704 0.215744 0.385582 0.038856 0.041113
2 0 0.314114 0.211861 0.404513 0.035327 0.034185
0 0 0.418502 0.192315 0.312045 0.035161 0.041977
2 0 0.336842 0.199472 0.406388 0.030720 0.026578
2 0 0.363495 0.194366 0.391837 0.025365 0.024937
2 0 0.357837 0.198897 0.381716 0.031487 0.030063
2 0 0.320388 0.199086 0.417316 0.036919 0.026290
2 1 0.320283 0.208375 0.407256 0.032837 0.031249
0 1 0.470277 0.159088 0.260083 0.065812 0.044739
2 0 0.340751 0.193534 0.409607 0.032198 0.023910
2 0 0.328006 0.192561 0.416323 0.039147 0.023963
2 1 0.338661 0.187627 0.407876 0.042466 0.023370
2 1 0.349102 0.193276 0.391712 0.038595 0.027315
0 0 0.504290 0.170196 0.266297 0.023832 0.035385
2 1 0.329527 0.198748 0.398857 0.043052 0.029816
2 1 0.302185 0.197988 0.428582 0.045362 0.025883
2 1 0.332170 0.203292 0.401423 0.033412 0.029703
2 1 0.314727 0.203033 0.406489 0.044584 0.031167
2 2 0.294131 0.209137 0.422335 0.042777 0.031620
2 2 0.306781 0.213771 0.406895 0.037216 0.035337
2 2 0.267504 0.212622 0.449386 0.041132 0.029355
2 2 0.301598 0.213182 0.407734 0.041562 0.035924
2 2 0.299067 0.213390 0.411874 0.040574 0.035096
2 2 0.245748 0.211485 0.444647 0.064622 0.033499
2 2 0.254215 0.220565 0.447757 0.043381 0.034081
2 2 0.220265 0.224099 0.463660 0.055670 0.036306
2 2 0.241197 0.223417 0.435337 0.058921 0.041128
2 2 0.271623 0.225683 0.413098 0.045766 0.043831
2 2 0.292471 0.239025 0.372893 0.034632 0.060980
2 2 0.275572 0.209658 0.428386 0.053379 0.033006
2 2 0.280054 0.220567 0.435456 0.031104 0.032819
2 2 0.330589 0.207753 0.360298 0.053175 0.048186
2 2 0.241314 0.241547 0.414398 0.046908 0.055834
2 2 0.153183 0.223362 0.408486 0.044590 0.170379
2 2 0.158943 0.226901 0.485701 0.075398 0.053056
2 3 0.229656 0.239428 0.410351 0.053738 0.066826
2 3 0.136983 0.217269 0.498613 0.098033 0.049102
2 3 0.133392 0.220770 0.502432 0.090386 0.053019
2 3 0.268076 0.220377 0.406378 0.060101 0.045069
2 3 0.207343 0.237813 0.424893 0.072412 0.057540
2 3 0.274446 0.227574 0.387672 0.056012 0.054296
0 0 0.453960 0.177722 0.269471 0.050451 0.048395
0 0 0.394821 0.188937 0.291850 0.039530 0.084862
2 1 0.274336 0.217179 0.430680 0.043070 0.034735
2 1 0.253535 0.228705 0.437337 0.040671 0.039752
2 2 0.289771 0.211090 0.437580 0.033139 0.028420
2 2 0.277699 0.219464 0.437645 0.032792 0.032399
2 1 0.288846 0.223580 0.413217 0.034998 0.039359
0 2 0.440098 0.166663 0.347852 0.026182 0.019205
0 2 0.399551 0.167623 0.384230 0.031834 0.016762
0 0 0.545456 0.111778 0.220351 0.102899 0.019516
0 0 0.542967 0.150222 0.238750 0.032729 0.035332
0 0 0.386681 0.180003 0.368738 0.040026 0.024551
0 0 0.452781 0.165277 0.334539 0.026984 0.020419
0 0 0.665960 0.094780 0.169413 0.042523 0.027325
0 0 0.485640 0.159683 0.317044 0.018963 0.018670
0 0 0.462833 0.152231 0.346157 0.024621 0.014158
0 1 0.431036 0.165423 0.360703 0.025564 0.017274
0 1 0.393632 0.185026 0.364367 0.031132 0.025843
2 2 0.366935 0.182126 0.383279 0.043532 0.024128
2 2 0.350303 0.189512 0.392347 0.041813 0.026025
0 2 0.403555 0.183977 0.360219 0.027179 0.025070
0 2 0.466725 0.175282 0.303285 0.024830 0.029880
0 1 0.399146 0.181804 0.361454 0.032540 0.025056
2 2 0.381438 0.178573 0.384315 0.034540 0.021134
0 1 0.399430 0.181640 0.364506 0.030316 0.024107
0 1 0.430873 0.172192 0.344890 0.029571 0.022474
0 0 0.405890 0.186010 0.346640 0.032070 0.029390
2 0 0.326930 0.188152 0.415790 0.045936 0.023193
2 1 0.327031 0.198838 0.400026 0.044205 0.029900
2 0 0.360434 0.193077 0.377841 0.039232 0.029416
2 1 0.320402 0.191730 0.412457 0.049739 0.025672
2 1 0.309167 0.191526 0.435113 0.042187 0.022007
2 2 0.323411 0.192897 0.408803 0.048412 0.026476
2 2 0.362017 0.189992 0.373981 0.044575 0.029435
2 2 0.335505 0.190346 0.401531 0.046650 0.025968
0 2 0.414727 0.190117 0.266409 0.043059 0.085687
0 2 0.377193 0.198039 0.363022 0.029471 0.032275
2 2 0.168522 0.228816 0.482733 0.079081 0.040849
2 2 0.157277 0.226130 0.485210 0.082857 0.048525
2 2 0.158103 0.230272 0.474765 0.087520 0.049340
2 2 0.178511 0.227125 0.471012 0.079064 0.044288
2 2 0.177491 0.240104 0.465908 0.067384 0.049113
2 2 0.117645 0.161833 0.552208 0.136058 0.032256
2 2 0.083041 0.156116 0.545143 0.165618 0.050082
2 2 0.085833 0.147590 0.546042 0.176385 0.044150
2 2 0.076887 0.140085 0.537898 0.201326 0.043804
2 2 0.062249 0.130185 0.555391 0.210501 0.041674
2 2 0.065509 0.096441 0.559274 0.253969 0.024808
2 2 0.039482 0.079699 0.528476 0.330459 0.021884
2 2 0.030872 0.066541 0.520153 0.364268 0.018167
2 3 0.034230 0.071659 0.535602 0.338614 0.019894
2 3 0.034792 0.069969 0.527819 0.348961 0.018459
2 3 0.043877 0.085367 0.523160 0.322063 0.025533
2 3 0.041692 0.084176 0.534187 0.315601 0.024345
2 3 0.044708 0.084828 0.531746 0.314955 0.023762
2 3 0.034670 0.072743 0.506940 0.363925 0.021721
2 3 0.043211 0.083443 0.526103 0.324587 0.022655
0 3 0.726889 0.095508 0.140665 0.017231 0.019706
0 2 0.770369 0.072141 0.137982 0.011936 0.007573
0 2 0.782901 0.071940 0.124943 0.011053 0.009163
0 0 0.891985 0.035758 0.054924 0.011376 0.005957
0 0 0.849627 0.050025 0.072690 0.017221 0.010438
0 0 0.407855 0.182429 0.368088 0.020047 0.021582
0 0 0.433106 0.164860 0.363915 0.021975 0.016143
0 1 0.394091 0.167730 0.390042 0.031845 0.016293
0 1 0.409861 0.168380 0.372512 0.031211 0.018037
0 0 0.599521 0.135744 0.189390 0.036336 0.039009
0 0 0.741614 0.091898 0.128404 0.016925 0.021159
0 0 0.485589 0.156980 0.319274 0.020443 0.017715
0 0 0.489661 0.150182 0.328289 0.017896 0.013972
0 0 0.414074 0.169635 0.376756 0.022847 0.016688
0 0 0.477939 0.151483 0.330702 0.024561 0.015315
2 0 0.374790 0.183943 0.397641 0.023831 0.019796
2 0 0.353516 0.184125 0.411249 0.031217 0.019893
2 0 0.386651 0.170624 0.402980 0.024626 0.015118
2 0 0.385884 0.170722 0.398778 0.028550 0.016065
0 1 0.398925 0.165458 0.388345 0.031594 0.015678
0 1 0.453062 0.147407 0.356541 0.030366 0.012624
0 1 0.455563 0.151690 0.353730 0.025518 0.013498
0 1 0.483883 0.137364 0.339089 0.028709 0.010955
0 0 0.568704 0.114940 0.218312 0.064473 0.033571
0 0 0.720225 0.095691 0.152946 0.015149 0.015989
0 0 0.464506 0.160694 0.306641 0.042991 0.025168
0 0 0.431390 0.173794 0.343212 0.028425 0.023179
0 0 0.404404 0.181789 0.350509 0.035912 0.027385
0 0 0.532244 0.161867 0.253972 0.020125 0.031793
0 0 0.387014 0.185489 0.376548 0.027381 0.023568
2 0 0.291933 0.214000 0.428361 0.034351 0.031355
2 0 0.274410 0.210914 0.444044 0.041373 0.029259
2 0 0.306161 0.212435 0.408071 0.038605 0.034728
2 0 0.288605 0.202004 0.444006 0.040330 0.025055
2 0 0.289365 0.203032 0.438330 0.042720 0.026553
2 1 0.307625 0.193225 0.420306 0.053000 0.025845
2 1 0.331309 0.210957 0.369161 0.045229 0.043344
2 0 0.315193 0.191929 0.416703 0.050784 0.025390
2 0 0.309896 0.214238 0.405755 0.034917 0.035193
2 0 0.329856 0.208925 0.387785 0.037408 0.036027
2 0 0.303260 0.204351 0.425261 0.039027 0.028101
2 0 0.289370 0.209777 0.429920 0.040528 0.030405
2 0 0.277313 0.208558 0.439797 0.044985 0.029348
0 0 0.443733 0.165405 0.261571 0.082848 0.046443
2 0 0.310513 0.216758 0.402469 0.033448 0.036811
0 1 0.407914 0.178029 0.361488 0.029748 0.022821
0 1 0.381213 0.200979 0.352895 0.029072 0.035840
2 2 0.372371 0.179092 0.400384 0.029328 0.018825
0 2 0.418821 0.172752 0.363716 0.025176 0.019534
0 0 0.523526 0.140186 0.256787 0.054611 0.024890
0 0 0.415732 0.181902 0.351990 0.025471 0.024904
2 0 0.350719 0.184908 0.404707 0.037762 0.021903
0 0 0.576204 0.152990 0.211377 0.017080 0.042349
0 0 0.424312 0.180176 0.336526 0.031111 0.027875
0 0 0.450821 0.179822 0.308876 0.028158 0.032323
2 0 0.352725 0.213907 0.356340 0.032355 0.044674
0 0 0.357835 0.213640 0.354640 0.029889 0.043997
2 0 0.360324 0.196354 0.380000 0.033743 0.029578
0 0 0.367751 0.196723 0.367244 0.035850 0.032432
2 0 0.333142 0.197848 0.404972 0.036747 0.027292
0 0 0.425104 0.166692 0.314523 0.063744 0.029938
2 0 0.330615 0.200455 0.386804 0.048410 0.033717
2 0 0.347500 0.197314 0.386252 0.038759 0.030175
2 0 0.361577 0.194973 0.372923 0.039286 0.031240
2 0 0.363413 0.187709 0.381123 0.041142 0.026613
2 0 0.260777 0.211767 0.443480 0.052216 0.031760
2 0 0.236719 0.204140 0.469771 0.062869 0.026501
2 1 0.233533 0.217848 0.451907 0.061244 0.035468
2 1 0.231911 0.213019 0.465168 0.059162 0.030740
2 0 0.243402 0.216083 0.457384 0.051182 0.031950
0 0 0.392097 0.191059 0.346352 0.034513 0.035979
2 0 0.292295 0.206252 0.438170 0.036429 0.026853
2 0 0.284658 0.206415 0.440322 0.041052 0.027552
2 0 0.289581 0.214314 0.405970 0.051054 0.039081
2 1 0.312878 0.214534 0.386863 0.044227 0.041498
0 1 0.407987 0.178697 0.346329 0.039764 0.027223
0 1 0.463579 0.163058 0.306897 0.040501 0.025966
0 1 0.460131 0.165367 0.313911 0.035516 0.025075
0 0 0.630562 0.094105 0.186851 0.073077 0.015405
0 0 0.407733 0.174529 0.362191 0.033599 0.021948
0 0 0.390420 0.180256 0.381894 0.026748 0.020682
2 1 0.365395 0.182522 0.393748 0.036389 0.021946
2 0 0.364912 0.189150 0.390166 0.031502 0.024271
0 0 0.625962 0.113505 0.175546 0.056359 0.028628
2 0 0.363877 0.203590 0.371187 0.027949 0.033397
2 1 0.208339 0.223919 0.485508 0.049995 0.032240
2 2 0.234093 0.232942 0.433491 0.052910 0.046565
2 2 0.260669 0.235727 0.404121 0.046018 0.053466
2 2 0.203084 0.231973 0.458296 0.063026 0.043622
2 2 0.193665 0.229914 0.457518 0.074211 0.044692
2 2 0.300557 0.221709 0.387324 0.044061 0.046349
2 2 0.341740 0.217226 0.368762 0.029458 0.042815
2 2 0.317820 0.206230 0.408903 0.036313 0.030734
0 1 0.411769 0.181583 0.318451 0.051345 0.036852
2 1 0.328802 0.204496 0.392262 0.040924 0.033516
2 2 0.223003 0.224841 0.456580 0.057424 0.038153
2 2 0.195262 0.222352 0.478381 0.068414 0.035592
2 2 0.207574 0.236041 0.462447 0.051128 0.042811
2 2 0.211678 0.238573 0.453761 0.050175 0.045813
2 2 0.216888 0.228843 0.456901 0.056904 0.040464
2 2 0.233373 0.224192 0.455277 0.050601 0.036557
2 2 0.235012 0.238805 0.436639 0.042484 0.047060
2 2 0.219718 0.232751 0.458354 0.048460 0.040718
2 2 0.271966 0.231360 0.400967 0.045157 0.050550
2 2 0.220155 0.233875 0.447069 0.054056 0.044845
2 2 0.186968 0.244867 0.452588 0.061569 0.054008
2 2 0.178469 0.253140 0.465949 0.048661 0.053780
2 2 0.187737 0.258084 0.424033 0.057490 0.072656
2 2 0.181099 0.257078 0.446155 0.052488 0.063179
2 2 0.222160 0.247516 0.407687 0.056122 0.066515
2 2 0.273765 0.244642 0.368897 0.041460 0.071236
2 2 0.191000 0.241436 0.452063 0.063589 0.051913
2 2 0.172193 0.261605 0.437842 0.056639 0.071721
4 2 0.079175 0.145631 0.237945 0.041622 0.495629
4 2 0.183732 0.216672 0.265215 0.031420 0.302961
2 2 0.021761 0.069092 0.377572 0.173967 0.357608
2 2 0.026892 0.080066 0.378759 0.168830 0.345452
2 2 0.026165 0.080641 0.392559 0.182870 0.317765
2 2 0.030049 0.089176 0.382112 0.151167 0.347496
2 2 0.026711 0.080445 0.384177 0.174695 0.333972
4 2 0.050590 0.127640 0.339519 0.085624 0.396626
4 2 0.036978 0.094860 0.341730 0.122315 0.404118
4 2 0.033093 0.088150 0.338764 0.118269 0.421725
4 2 0.059970 0.127397 0.261858 0.048661 0.502114
4 2 0.039517 0.098917 0.342374 0.124204 0.394989
4 2 0.079079 0.149361 0.277763 0.066072 0.427725
4 2 0.070852 0.128395 0.197382 0.026469 0.576901
4 2 0.080734 0.159511 0.266392 0.047797 0.445565
4 2 0.095244 0.158271 0.223059 0.038449 0.484977
4 2 0.070692 0.136063 0.231551 0.036928 0.524765
4 2 0.113968 0.161273 0.207866 0.042727 0.474165
0 0 0.324308 0.193341 0.271324 0.054848 0.156179
2 1 0.240210 0.261232 0.331667 0.029263 0.137629
2 2 0.215029 0.254512 0.287874 0.034897 0.207689
4 2 0.104884 0.154504 0.206105 0.039535 0.494973
4 1 0.120099 0.162980 0.206723 0.045704 0.464495
2 1 0.202907 0.262628 0.323119 0.028381 0.182964
4 2 0.137940 0.184334 0.220784 0.045026 0.411916
4 2 0.133489 0.212736 0.235127 0.038970 0.379679
4 2 0.108721 0.166028 0.213839 0.038446 0.472966
4 2 0.041246 0.105543 0.336233 0.100141 0.416837
4 2 0.039657 0.102913 0.342949 0.108383 0.406099
4 2 0.034375 0.092575 0.335638 0.103843 0.433569
4 2 0.037479 0.093652 0.335181 0.122485 0.411202
4 2 0.035694 0.094826 0.342400 0.112963 0.414119
4 2 0.050630 0.117555 0.287015 0.060486 0.484314
4 2 0.083638 0.138878 0.208624 0.035241 0.533619
4 2 0.049041 0.108911 0.274613 0.062415 0.505019
4 2 0.057960 0.117838 0.270361 0.065709 0.488132
4 2 0.051364 0.112607 0.285503 0.071087 0.479438
2 2 0.028105 0.080961 0.376670 0.177978 0.336286
2 2 0.028629 0.083674 0.392294 0.218005 0.277398
2 2 0.028553 0.089727 0.412002 0.210852 0.258864
2 3 0.025282 0.080539 0.410974 0.275758 0.207447
2 3 0.026175 0.081445 0.402264 0.219444 0.270673
3 3 0.009963 0.045601 0.400584 0.444748 0.099104
3 3 0.011345 0.048809 0.405012 0.416107 0.118727
3 3 0.009119 0.041694 0.388788 0.462919 0.097481
3 3 0.010732 0.050085 0.417120 0.420232 0.101831
3 3 0.008529 0.042583 0.403956 0.455952 0.088980
2 3 0.013127 0.054178 0.409636 0.399081 0.123977
2 3 0.013061 0.055585 0.416203 0.397585 0.117567
2 3 0.013478 0.058671 0.431608 0.364512 0.131730
2 3 0.012690 0.055216 0.422338 0.387385 0.122372
2 3 0.011915 0.053615 0.422810 0.395972 0.115688
3 3 0.009236 0.044465 0.400383 0.458905 0.087010
3 3 0.009109 0.042509 0.390276 0.468367 0.089739
3 3 0.008915 0.040751 0.384735 0.470098 0.095500
3 3 0.009085 0.045995 0.407472 0.459482 0.077967
3 3 0.008623 0.041567 0.393630 0.468426 0.087753
2 3 0.013172 0.056916 0.421852 0.391408 0.116653
2 3 0.012862 0.058293 0.431123 0.390406 0.107316
3 3 0.011495 0.049152 0.397384 0.436626 0.105343
2 3 0.013008 0.058371 0.431914 0.378711 0.117996
2 3 0.015498 0.064757 0.429800 0.369366 0.120579
3 3 0.012522 0.051371 0.429540 0.440717 0.065850
2 3 0.014361 0.060390 0.457462 0.381035 0.086752
3 3 0.008252 0.041464 0.395224 0.475750 0.079310
3 3 0.008980 0.041392 0.386509 0.471519 0.091600
3 3 0.009723 0.048135 0.415530 0.438294 0.088319
3 3 0.010180 0.048519 0.415912 0.451497 0.073892
3 3 0.009705 0.046342 0.409747 0.436059 0.098147
3 3 0.009887 0.046619 0.401331 0.456193 0.085970
3 3 0.007922 0.036866 0.375539 0.485905 0.093768
3 3 0.008374 0.042234 0.407453 0.462983 0.078957
3 3 0.010293 0.047363 0.407221 0.462258 0.072865
3 3 0.010770 0.050683 0.417136 0.424376 0.097035
3 3 0.010683 0.046319 0.398169 0.431710 0.113120
2 3 0.010843 0.052306 0.424572 0.417394 0.094885
3 3 0.010091 0.049186 0.411534 0.446725 0.082464
2 3 0.013466 0.057698 0.424289 0.380680 0.123867
2 3 0.013029 0.057425 0.421641 0.402820 0.105086
3 3 0.009296 0.045141 0.403373 0.454511 0.087678
2 3 0.018972 0.066608 0.441713 0.380305 0.092403
2 3 0.012679 0.054810 0.414679 0.406339 0.111493
2 3 0.013694 0.058886 0.420301 0.399452 0.107667
2 3 0.013015 0.058709 0.430360 0.389281 0.108637
2 3 0.012551 0.057241 0.422396 0.413103 0.094708
2 3 0.014396 0.061685 0.431291 0.368452 0.124175
2 3 0.013100 0.060505 0.440141 0.374921 0.111333
3 3 0.011620 0.050656 0.400314 0.441510 0.095900
2 3 0.023143 0.077791 0.479557 0.308543 0.110965
3 3 0.009953 0.041286 0.370320 0.477816 0.100627
2 3 0.012859 0.056668 0.419802 0.406516 0.104156
3 3 0.009773 0.045845 0.396453 0.464296 0.083632
2 3 0.012694 0.053915 0.412404 0.402484 0.118503
3 3 0.010627 0.051645 0.421631 0.427405 0.088691
2 3 0.010976 0.054269 0.436750 0.398587 0.099418
2 3 0.015121 0.063666 0.425653 0.384040 0.111519
3 3 0.010789 0.046062 0.390798 0.446682 0.105668
4 3 0.209868 0.190487 0.207315 0.068953 0.323378
0 1 0.657916 0.119661 0.189138 0.013172 0.020113
0 1 0.484272 0.139916 0.341320 0.023566 0.010925
0 1 0.499109 0.144499 0.325957 0.017935 0.012499
0 1 0.657708 0.110389 0.201627 0.016141 0.014135
2 1 0.334295 0.189742 0.403323 0.047110 0.025530
2 1 0.367360 0.188553 0.390630 0.029835 0.023622
2 2 0.364762 0.174256 0.412413 0.032014 0.016555
2 2 0.381545 0.173813 0.405694 0.023305 0.015643
2 2 0.380720 0.168101 0.402702 0.032955 0.015522
2 2 0.113415 0.175177 0.554441 0.126867 0.030100
2 2 0.118500 0.210653 0.513522 0.106211 0.051114
2 2 0.154030 0.212020 0.515810 0.073731 0.044409
2 2 0.116415 0.196280 0.535926 0.110468 0.040911
2 2 0.123929 0.195613 0.531339 0.106199 0.042920
2 2 0.116551 0.170617 0.557276 0.120509 0.035048
2 2 0.093016 0.162915 0.567144 0.143207 0.033718
2 2 0.088533 0.151364 0.581768 0.145359 0.032976
2 2 0.098423 0.153869 0.563922 0.155130 0.028656
2 2 0.071640 0.137812 0.584445 0.171411 0.034693
2 3 0.087012 0.161356 0.574781 0.140207 0.036644
2 3 0.088751 0.162626 0.573732 0.132072 0.042819
2 3 0.060028 0.119990 0.558076 0.231749 0.030157
2 3 0.085292 0.142098 0.594184 0.152081 0.026345
2 3 0.076448 0.127989 0.568878 0.200953 0.025733
2 3 0.200894 0.244178 0.459048 0.047797 0.048082
2 3 0.158656 0.263256 0.428542 0.054013 0.095533
2 3 0.176346 0.249402 0.454556 0.048645 0.071051
2 1 0.234796 0.231849 0.439781 0.049479 0.044096
2 1 0.305461 0.226089 0.374914 0.031416 0.062120
2 1 0.205473 0.228318 0.456641 0.065683 0.043885
2 1 0.193484 0.202675 0.499785 0.074714 0.029343
2 2 0.193671 0.212175 0.495491 0.069601 0.029062
2 2 0.188371 0.223057 0.496735 0.059594 0.032242
2 2 0.231501 0.211858 0.446073 0.070838 0.039729
2 2 0.130796 0.184808 0.549817 0.104253 0.030326
2 2 0.092309 0.152905 0.574878 0.150301 0.029607
2 2 0.123641 0.219943 0.510215 0.080048 0.066153
2 2 0.174175 0.241445 0.461665 0.040395 0.082321
2 2 0.098503 0.185613 0.550649 0.116539 0.048696
2 2 0.092516 0.149060 0.577311 0.133366 0.047748
2 2 0.077171 0.141379 0.577334 0.160131 0.043985
2 2 0.029577 0.099634 0.458585 0.168512 0.243691
2 2 0.035991 0.106033 0.521035 0.170840 0.166101
2 2 0.052096 0.138961 0.578737 0.130386 0.099820
2 2 0.263807 0.246825 0.358852 0.034107 0.096409
2 2 0.221063 0.242261 0.392051 0.068193 0.076432
2 2 0.295267 0.232833 0.373639 0.040466 0.057794
0 0 0.366387 0.131296 0.308283 0.170989 0.023045
0 0 0.411215 0.186564 0.353623 0.022564 0.026034
2 1 0.363291 0.183700 0.402854 0.029823 0.020332
2 1 0.377709 0.182438 0.392339 0.027070 0.020444
0 2 0.404651 0.176586 0.374346 0.024704 0.019712
0 2 0.407077 0.188485 0.354928 0.022724 0.026786
0 2 0.400724 0.186981 0.348500 0.033810 0.029986
0 0 0.729409 0.091235 0.133752 0.024850 0.020754
0 0 0.733813 0.082421 0.126833 0.023338 0.033595
0 0 0.743989 0.092275 0.139892 0.008723 0.015120
0 1 0.559982 0.134098 0.269587 0.021104 0.015230
0 1 0.460363 0.170828 0.315161 0.027660 0.025989
2 2 0.256331 0.225776 0.430893 0.046413 0.040587
2 2 0.310493 0.210600 0.384946 0.052674 0.041287
0 2 0.410072 0.178218 0.283519 0.078666 0.049525
0 0 0.384874 0.201883 0.336805 0.019965 0.056472
0 1 0.419800 0.189325 0.321619 0.032619 0.036637
2 2 0.179073 0.224822 0.496710 0.065158 0.034237
2 2 0.143517 0.205758 0.530289 0.083761 0.036674
2 2 0.142785 0.199738 0.536473 0.079292 0.041712
2 2 0.190192 0.220465 0.479230 0.074690 0.035423
2 2 0.258993 0.218627 0.416884 0.063185 0.042311
2 2 0.121598 0.153385 0.577107 0.122863 0.025046
2 2 0.110639 0.160068 0.590342 0.111909 0.027042
2 2 0.098391 0.154728 0.585986 0.134869 0.026026
2 2 0.152550 0.177799 0.535264 0.107886 0.026501
2 2 0.110149 0.206584 0.539645 0.086188 0.057435
2 2 0.063808 0.122039 0.564260 0.183320 0.066573
2 2 0.023882 0.072895 0.532619 0.252845 0.117758
2 2 0.049774 0.109552 0.633199 0.162902 0.044572
2 2 0.038189 0.096243 0.612298 0.203441 0.049829
2 2 0.044817 0.104120 0.586165 0.222538 0.042360
2 2 0.050045 0.120774 0.596716 0.148421 0.084043
2 2 0.025283 0.094329 0.407753 0.103410 0.369225
2 2 0.044320 0.117743 0.549003 0.125237 0.163697
2 2 0.026292 0.090793 0.433314 0.150054 0.299547
2 2 0.033085 0.106616 0.466102 0.135433 0.258763
2 2 0.036549 0.117375 0.395339 0.099305 0.351432
2 2 0.046380 0.129875 0.395092 0.085578 0.343075
2 2 0.034376 0.116170 0.394755 0.088048 0.366652
4 4 0.038812 0.113797 0.368769 0.095758 0.382864
2 4 0.042550 0.123466 0.432416 0.109469 0.292100
2 4 0.030768 0.105992 0.402151 0.102056 0.359033
2 4 0.038829 0.111336 0.407500 0.128689 0.313645
2 4 0.038089 0.116944 0.398143 0.115833 0.330991
2 4 0.059001 0.141313 0.398113 0.088048 0.313525
2 4 0.047857 0.127348 0.433123 0.118946 0.272726
2 4 0.035199 0.105928 0.414722 0.150735 0.293416
2 4 0.030566 0.096824 0.396430 0.134238 0.341942
2 4 0.040322 0.116530 0.436358 0.121906 0.284884
2 4 0.029452 0.103122 0.412652 0.114166 0.340607
2 4 0.033460 0.104929 0.403260 0.134490 0.323861
4 4 0.094208 0.168865 0.240797 0.039521 0.456609
4 4 0.084085 0.171758 0.260186 0.037900 0.446071
4 4 0.064278 0.148285 0.309763 0.062687 0.414987
4 4 0.047809 0.120707 0.305888 0.061180 0.464417
4 4 0.116129 0.161756 0.207365 0.043813 0.470937
4 4 0.081794 0.171821 0.308543 0.051633 0.386210
4 4 0.094531 0.181442 0.320262 0.051243 0.352522
2 4 0.210921 0.209278 0.276964 0.042273 0.260564
4 4 0.083474 0.164062 0.261784 0.044200 0.446480
4 4 0.107169 0.162262 0.211506 0.038623 0.480440
4 4 0.176219 0.194402 0.241368 0.040622 0.347389
0 4 0.381320 0.185520 0.221074 0.048040 0.164045
4 4 0.185366 0.202644 0.244727 0.040477 0.326785
4 4 0.241140 0.211501 0.226233 0.056267 0.264858
4 4 0.210578 0.181127 0.220063 0.056682 0.331549
4 4 0.114836 0.189621 0.254006 0.025301 0.416236
4 4 0.072610 0.154879 0.287884 0.054696 0.429932
4 4 0.158363 0.205640 0.264304 0.044296 0.327396
4 4 0.080907 0.167692 0.279653 0.048512 0.423236
4 4 0.066618 0.136296 0.286156 0.067550 0.443380
2 4 0.035596 0.106373 0.392503 0.131838 0.333690
2 4 0.038766 0.112222 0.400022 0.120182 0.328808
2 4 0.036801 0.113505 0.387943 0.105450 0.356302
2 4 0.028795 0.100701 0.402315 0.105168 0.363020
2 4 0.030419 0.099434 0.389428 0.109713 0.371006
4 4 0.204620 0.194218 0.217781 0.059642 0.323739
4 4 0.187518 0.204321 0.238595 0.044315 0.325252
4 4 0.216147 0.187854 0.211675 0.065136 0.319188
4 4 0.201916 0.169124 0.234496 0.044256 0.350209
0 0 0.368506 0.193241 0.225518 0.046592 0.166143
4 1 0.069926 0.156418 0.276669 0.042147 0.454840
4 2 0.065319 0.124695 0.247624 0.052068 0.510294
4 2 0.054031 0.119696 0.295583 0.073424 0.457266
4 2 0.052591 0.115691 0.283748 0.066809 0.481162
4 2 0.079119 0.157221 0.220256 0.025023 0.518380
4 2 0.096383 0.147973 0.204127 0.036464 0.515053
4 2 0.098096 0.149676 0.204875 0.036984 0.510368
4 2 0.089509 0.166099 0.233289 0.024478 0.486625
2 2 0.232063 0.241518 0.283062 0.025957 0.217399
2 2 0.187236 0.239362 0.275651 0.028084 0.269667
2 2 0.036995 0.108365 0.383422 0.121366 0.349852
2 2 0.037102 0.096482 0.360536 0.147025 0.358855
2 2 0.031276 0.096916 0.400921 0.153268 0.317619
2 2 0.034467 0.099537 0.378270 0.132654 0.355072
2 2 0.032058 0.104933 0.418018 0.149368 0.295623
0 0 0.646036 0.102775 0.165351 0.026337 0.059500
0 0 0.896068 0.034268 0.053341 0.010761 0.005562
0 0 0.896857 0.034065 0.052849 0.010754 0.005476
0 0 0.866592 0.045416 0.068469 0.011593 0.007929
0 0 0.801305 0.062344 0.120520 0.009769 0.006063
0 0 0.833623 0.052724 0.084972 0.014928 0.013753
0 0 0.808147 0.067864 0.098380 0.012396 0.013214
0 0 0.750461 0.090723 0.129627 0.011210 0.017980
0 0 0.694814 0.109657 0.152235 0.017293 0.026002
0 0 0.514221 0.142202 0.297418 0.029830 0.016330
2 0 0.240670 0.242798 0.425134 0.039801 0.051598
2 0 0.218593 0.243108 0.452712 0.039651 0.045936
2 0 0.199991 0.238831 0.458008 0.056321 0.046849
2 0 0.289666 0.233675 0.380816 0.039795 0.056048
2 0 0.211079 0.236093 0.462315 0.048360 0.042153
2 0 0.339749 0.201637 0.389333 0.037581 0.031700
2 0 0.350527 0.204246 0.376712 0.034026 0.034489
0 0 0.493166 0.185463 0.214743 0.027558 0.079070
0 0 0.387822 0.196328 0.239025 0.045526 0.131298
0 0 0.431206 0.167006 0.194968 0.060312 0.146508
2 0 0.265773 0.237071 0.325710 0.029522 0.141924
2 0 0.148756 0.265820 0.386627 0.042276 0.156522
2 0 0.202906 0.269410 0.399576 0.041484 0.086625
2 0 0.196030 0.243783 0.454454 0.054909 0.050824
2 0 0.204849 0.257871 0.427222 0.044314 0.065745
2 0 0.165004 0.253408 0.461001 0.061231 0.059355
2 0 0.170671 0.256756 0.464613 0.050314 0.057645
2 0 0.154215 0.254793 0.463749 0.065735 0.061508
2 0 0.178543 0.248119 0.444520 0.068143 0.060675
2 0 0.195349 0.257601 0.435056 0.047399 0.064595
2 0 0.121827 0.200684 0.534794 0.097958 0.044737
2 0 0.153932 0.216510 0.498735 0.086545 0.044277
2 0 0.119922 0.198967 0.517373 0.114495 0.049243
2 1 0.138877 0.206419 0.517871 0.092521 0.044312
2 1 0.119730 0.197723 0.525750 0.108294 0.048503
2 1 0.089232 0.159511 0.576071 0.136310 0.038876
2 1 0.097760 0.165636 0.568698 0.132044 0.035861
2 1 0.085952 0.151634 0.565059 0.162657 0.034699
2 2 0.113964 0.173825 0.548652 0.124498 0.039060
2 2 0.125888 0.170938 0.541657 0.127508 0.034008
2 2 0.140282 0.202505 0.516811 0.094984 0.045419
2 2 0.146376 0.202439 0.510577 0.093157 0.047451
2 2 0.139136 0.200333 0.504578 0.103217 0.052737
2 2 0.107616 0.185865 0.550060 0.112016 0.044443
2 2 0.102565 0.181173 0.550514 0.122508 0.043240
2 2 0.105662 0.153379 0.561623 0.146535 0.032800
2 2 0.085884 0.144546 0.579913 0.155153 0.034504
2 2 0.093491 0.147885 0.570059 0.147790 0.040775
2 2 0.070566 0.132691 0.586365 0.176477 0.033901
2 2 0.050743 0.113870 0.565748 0.233211 0.036428
2 2 0.075705 0.134730 0.589134 0.167737 0.032694
2 2 0.067637 0.129855 0.574338 0.190345 0.037826
2 2 0.059903 0.126687 0.599231 0.177672 0.036508
2 2 0.118288 0.155358 0.542664 0.143667 0.040023
2 2 0.061270 0.125105 0.596266 0.176800 0.040558
2 2 0.061255 0.134093 0.578034 0.185176 0.041443
2 2 0.067623 0.140751 0.579314 0.166861 0.045451
2 2 0.092574 0.152969 0.557695 0.154220 0.042542
2 2 0.070510 0.146958 0.584805 0.156510 0.041217
2 2 0.100746 0.140497 0.478801 0.237485 0.042472
2 2 0.071597 0.114446 0.576791 0.210036 0.027129
2 2 0.039141 0.083307 0.559229 0.295058 0.023264
2 2 0.040130 0.085990 0.581893 0.270371 0.021616
2 2 0.042160 0.087794 0.571380 0.275683 0.022982
2 2 0.045911 0.091582 0.587599 0.251439 0.023468
2 2 0.034665 0.072230 0.585470 0.288416 0.019219
2 2 0.039233 0.078560 0.563201 0.299191 0.019815
2 2 0.034185 0.072567 0.565199 0.309274 0.018776
2 2 0.039709 0.077302 0.549084 0.314207 0.019697
2 2 0.034636 0.072448 0.533301 0.339753 0.019862
2 3 0.024481 0.056064 0.522442 0.380926 0.016087
2 3 0.031364 0.064318 0.533780 0.353257 0.017281
2 3 0.027292 0.061867 0.527371 0.366149 0.017321
2 3 0.042778 0.085471 0.569735 0.279989 0.022028
2 3 0.025978 0.059751 0.509298 0.386211 0.018763
2 3 0.030426 0.059500 0.536854 0.358421 0.014799
2 3 0.018415 0.042546 0.475797 0.451554 0.011688
2 3 0.032799 0.054772 0.491110 0.407928 0.013392
2 3 0.025233 0.052996 0.512901 0.395545 0.013325
2 3 0.025140 0.051335 0.515562 0.395882 0.012082
2 3 0.029088 0.059739 0.530566 0.364498 0.016109
2 3 0.022155 0.047509 0.492859 0.425842 0.011635
2 3 0.030593 0.062575 0.552270 0.339734 0.014828
2 3 0.021516 0.048168 0.494783 0.423093 0.012440
2 3 0.029806 0.061127 0.544662 0.350204 0.014202
2 3 0.029540 0.055979 0.513165 0.387420 0.013896
2 3 0.020483 0.047924 0.500992 0.416989 0.013612
2 3 0.021093 0.049159 0.503811 0.412654 0.013282
2 3 0.018460 0.044223 0.471139 0.452363 0.013815
2 3 0.029529 0.059680 0.504143 0.390678 0.015971
2 3 0.018236 0.040341 0.466455 0.464515 0.010453
3 3 0.016748 0.037799 0.448492 0.486622 0.010339
3 3 0.017661 0.039784 0.460536 0.470406 0.011613
3 3 0.014487 0.033197 0.430317 0.513191 0.008808
3 3 0.016757 0.036838 0.461589 0.475183 0.009634
2 3 0.025876 0.056119 0.514971 0.388231 0.014803
2 3 0.031154 0.065056 0.548774 0.336802 0.018214
2 3 0.021199 0.052081 0.482289 0.425454 0.018978
2 3 0.021129 0.050843 0.490974 0.419020 0.018035
2 3 0.017499 0.044872 0.467144 0.455025 0.015460
2 3 0.020218 0.048003 0.493517 0.423878 0.014384
2 3 0.017054 0.042196 0.478304 0.449055 0.013391
3 3 0.016621 0.041475 0.452905 0.474908 0.014090
2 3 0.018357 0.044254 0.477109 0.447534 0.012747
3 3 0.013249 0.034649 0.418869 0.521315 0.011919
2 3 0.020796 0.049336 0.487140 0.427024 0.015704
2 3 0.023044 0.053213 0.492834 0.412662 0.018246
2 3 0.023085 0.057003 0.515294 0.384481 0.020137
3 3 0.017668 0.042247 0.454810 0.472171 0.013105
2 3 0.020920 0.049810 0.474633 0.438122 0.016516
2 3 0.020230 0.050291 0.479810 0.431856 0.017813
2 3 0.021288 0.049130 0.476408 0.438050 0.015124
2 3 0.025122 0.053820 0.477893 0.426833 0.016332
2 3 0.029155 0.061632 0.518230 0.372464 0.018520
2 3 0.028723 0.059972 0.500393 0.393251 0.017662
2 3 0.283446 0.237230 0.334907 0.058260 0.086157
0 3 0.500086 0.138771 0.244291 0.070825 0.046028
0 1 0.358386 0.185297 0.320788 0.037196 0.098333
0 1 0.408831 0.206780 0.298431 0.029544 0.056414
0 2 0.335410 0.222243 0.273408 0.027511 0.141428
2 2 0.077811 0.191764 0.473755 0.077286 0.179385
2 2 0.086329 0.185589 0.472164 0.070431 0.185486
2 2 0.117973 0.205086 0.506616 0.058732 0.111593
2 2 0.140425 0.219660 0.512510 0.063057 0.064348
2 2 0.139481 0.225526 0.496061 0.082988 0.055945
2 2 0.218818 0.242162 0.434230 0.051764 0.053026
2 2 0.254057 0.225971 0.451986 0.033953 0.034033
2 2 0.262374 0.212781 0.447980 0.046266 0.030599
2 2 0.248678 0.218743 0.451271 0.047780 0.033529
2 2 0.257769 0.234516 0.422272 0.034518 0.050925
2 2 0.241457 0.232854 0.436488 0.045343 0.043858
2 2 0.212176 0.228568 0.468361 0.053183 0.037712
2 2 0.221913 0.239112 0.443636 0.047843 0.047496
2 2 0.226653 0.229255 0.455938 0.049054 0.039100
2 2 0.211164 0.234792 0.446910 0.060107 0.047027
2 2 0.136361 0.202090 0.525700 0.097831 0.038019
2 2 0.167199 0.235734 0.481057 0.065639 0.050371
2 2 0.173404 0.250144 0.459668 0.060292 0.056491
2 2 0.131620 0.210917 0.502051 0.104449 0.050962
2 2 0.180113 0.236693 0.486333 0.056162 0.040699
2 2 0.137763 0.204796 0.507109 0.101261 0.049071
2 2 0.116578 0.184801 0.543976 0.116729 0.037916
2 2 0.123398 0.210516 0.520858 0.100607 0.044622
2 2 0.110806 0.185915 0.517395 0.137591 0.048293
4 2 0.063546 0.176129 0.341056 0.045117 0.374151
2 2 0.023440 0.071113 0.376235 0.186857 0.342355
2 2 0.024940 0.080000 0.406108 0.206805 0.282148
2 2 0.023732 0.075600 0.392168 0.182434 0.326067
2 2 0.020635 0.067241 0.380014 0.174203 0.357906
4 2 0.031682 0.084251 0.356250 0.158818 0.368999
4 2 0.040257 0.099032 0.267435 0.050808 0.542468
4 2 0.042355 0.102207 0.312566 0.089873 0.452997
4 2 0.040242 0.098171 0.313314 0.092976 0.455296
4 2 0.042536 0.111281 0.338717 0.091552 0.415914
4 2 0.035857 0.095258 0.338522 0.107116 0.423246
4 2 0.060845 0.135311 0.289785 0.058860 0.455198
4 2 0.064135 0.123837 0.260188 0.060847 0.490993
4 2 0.066644 0.125853 0.241600 0.048487 0.517415
4 2 0.088382 0.166421 0.236425 0.033712 0.475059
4 2 0.088298 0.142100 0.202414 0.033331 0.533857
4 2 0.156294 0.196733 0.261378 0.029291 0.356304
4 2 0.166578 0.211391 0.291995 0.021055 0.308982
4 2 0.105114 0.173876 0.221494 0.034591 0.464924
4 4 0.120478 0.177059 0.217224 0.041692 0.443547
4 4 0.106930 0.160587 0.210255 0.038956 0.483271
4 4 0.141514 0.176375 0.208248 0.053304 0.420559
4 4 0.141428 0.178244 0.209598 0.052600 0.418130
4 4 0.205804 0.179039 0.222099 0.054378 0.338679
4 4 0.167102 0.172043 0.220827 0.048935 0.391093
4 4 0.182046 0.206179 0.254582 0.035442 0.321751
4 4 0.097104 0.148476 0.204257 0.036744 0.513419
4 4 0.072699 0.135312 0.275194 0.073511 0.443284
4 4 0.050500 0.110434 0.274359 0.063356 0.501351
4 4 0.053089 0.122192 0.302390 0.071430 0.450899
4 4 0.057112 0.118251 0.275585 0.067264 0.481788
4 4 0.035685 0.094605 0.344882 0.117434 0.407394
4 4 0.040608 0.104791 0.347604 0.113712 0.393285
4 4 0.035182 0.090806 0.336252 0.119213 0.418546
4 4 0.040157 0.097407 0.323671 0.108317 0.430447
4 4 0.044727 0.110136 0.322188 0.087900 0.435049
4 4 0.106650 0.164828 0.213779 0.037647 0.477096
2 1 0.269470 0.210484 0.283881 0.025071 0.211094
2 1 0.251660 0.224481 0.256259 0.037404 0.230197
4 2 0.170537 0.204659 0.227033 0.049642 0.348129
4 2 0.168084 0.206095 0.229091 0.048046 0.348684
2 2 0.030358 0.088379 0.372066 0.141856 0.367340
2 2 0.030420 0.097815 0.385143 0.111293 0.375329
4 2 0.027467 0.087299 0.371149 0.113527 0.400559
2 2 0.031160 0.106330 0.400984 0.102757 0.358768
2 2 0.034773 0.115152 0.404692 0.100891 0.344491
2 2 0.034219 0.114528 0.402011 0.099387 0.349854
2 4 0.031158 0.104491 0.393662 0.101176 0.369513
2 4 0.045435 0.125509 0.419048 0.093791 0.316217
2 4 0.031405 0.103730 0.390462 0.102352 0.372052
2 4 0.031221 0.095755 0.384516 0.128554 0.359954
4 4 0.068248 0.148561 0.277511 0.047795 0.457886
4 4 0.074131 0.158434 0.223903 0.022391 0.521140
4 4 0.128095 0.192966 0.225084 0.041277 0.412578
4 4 0.065842 0.146604 0.300711 0.061647 0.425196
4 4 0.050027 0.114695 0.291253 0.067553 0.476473
4 4 0.101348 0.165017 0.216251 0.034764 0.482621
4 4 0.114039 0.179912 0.231251 0.043321 0.431477
4 4 0.122805 0.180423 0.218678 0.041973 0.436123
4 4 0.244584 0.147085 0.269671 0.027178 0.311482
4 4 0.090157 0.157372 0.215030 0.030645 0.506797
4 4 0.116400 0.179766 0.220927 0.038867 0.444040
4 4 0.102468 0.160892 0.212423 0.036409 0.487808
4 4 0.116381 0.178459 0.219984 0.039194 0.445982
4 4 0.125654 0.190679 0.224596 0.040678 0.418394
4 4 0.105573 0.158969 0.209513 0.038649 0.487296
4 4 0.134653 0.181774 0.214757 0.047777 0.421039
2 4 0.251619 0.214524 0.280604 0.026730 0.226523
4 4 0.128719 0.156860 0.220139 0.038727 0.455555
4 1 0.144619 0.175718 0.206582 0.055284 0.417798
0 0 0.430629 0.166313 0.216698 0.043110 0.143250
2 0 0.144629 0.209207 0.481279 0.030768 0.134118
2 1 0.109817 0.204045 0.538152 0.055262 0.092724
2 1 0.082284 0.185519 0.510485 0.066642 0.155070
4 1 0.045998 0.121318 0.349488 0.091833 0.391362
4 2 0.037424 0.118417 0.368908 0.076109 0.399143
2 2 0.028384 0.098246 0.405687 0.115886 0.351796
2 2 0.026344 0.091838 0.399350 0.115921 0.366547
2 2 0.028399 0.095247 0.399922 0.122797 0.353635
2 2 0.025807 0.082014 0.379376 0.136639 0.376165
4 2 0.035546 0.099523 0.365828 0.123456 0.375648
2 2 0.030235 0.101547 0.409040 0.124851 0.334327
2 2 0.027788 0.091769 0.391127 0.121376 0.367940
2 2 0.027265 0.087194 0.394649 0.148718 0.342174
2 2 0.028275 0.098395 0.406751 0.115439 0.351141
2 2 0.030599 0.090599 0.385062 0.154574 0.339165
4 2 0.053929 0.127069 0.315227 0.075664 0.428111
4 2 0.054324 0.133492 0.323369 0.071491 0.417324
4 2 0.068147 0.164485 0.321240 0.058178 0.387950
4 2 0.057583 0.134315 0.309948 0.068223 0.429930
4 2 0.154683 0.171406 0.218009 0.048408 0.407493
2 2 0.032070 0.104055 0.393346 0.110188 0.360340
2 2 0.037683 0.110968 0.440379 0.110470 0.300499
2 2 0.044191 0.116167 0.458625 0.127354 0.253662
2 2 0.036609 0.110773 0.439603 0.115729 0.297285
2 2 0.033139 0.109492 0.405430 0.111497 0.340442
4 2 0.226530 0.212057 0.236835 0.048445 0.276134
2 2 0.265544 0.210337 0.276562 0.027902 0.219655
2 2 0.274473 0.232663 0.280238 0.025747 0.186879
0 1 0.389982 0.151629 0.282068 0.050044 0.126277
2 2 0.265059 0.236841 0.269560 0.030395 0.198146
4 2 0.051094 0.121021 0.312542 0.076546 0.438797
4 2 0.042969 0.102105 0.309729 0.090089 0.455108
4 2 0.043955 0.105617 0.305667 0.080069 0.464692
4 2 0.048724 0.117925 0.337506 0.101697 0.394147
4 2 0.043960 0.108660 0.326145 0.092923 0.428312
4 2 0.071034 0.137538 0.212419 0.027059 0.551950
4 2 0.089641 0.143465 0.210978 0.038341 0.517575
4 2 0.054818 0.114788 0.247823 0.046765 0.535805
4 2 0.066552 0.128705 0.236497 0.041720 0.526526
4 2 0.064483 0.136440 0.291045 0.066442 0.441589
4 2 0.120214 0.173051 0.214377 0.042687 0.449671
4 2 0.117471 0.163194 0.207955 0.044131 0.467249
0 1 0.316202 0.193603 0.262903 0.031084 0.196208
0 1 0.290713 0.199196 0.254618 0.036664 0.218808
4 2 0.211414 0.194729 0.263976 0.032354 0.297528
4 2 0.055126 0.149003 0.355640 0.071649 0.368582
4 2 0.045458 0.117793 0.329997 0.078899 0.427853
4 2 0.042765 0.101200 0.308623 0.090736 0.456676
4 2 0.047108 0.125511 0.342632 0.079467 0.405282
4 2 0.158316 0.173388 0.215624 0.051162 0.401510
2 2 0.032757 0.103351 0.389159 0.113825 0.360908
2 2 0.029229 0.091963 0.380987 0.121798 0.376024
2 2 0.026920 0.086202 0.387549 0.137794 0.361535
2 2 0.028274 0.094455 0.390829 0.112931 0.373511
2 2 0.028933 0.096643 0.396257 0.116601 0.361567
2 2 0.062019 0.148544 0.402119 0.064748 0.322570
2 2 0.060652 0.155050 0.465564 0.068980 0.249753
2 2 0.080788 0.166586 0.485989 0.058842 0.207795
4 2 0.060520 0.148863 0.336587 0.074024 0.380006
4 2 0.033056 0.095989 0.364733 0.116388 0.389834
2 2 0.036770 0.111111 0.385784 0.111365 0.354970
4 2 0.061993 0.124355 0.288849 0.081283 0.443520
2 2 0.034981 0.109949 0.385722 0.102013 0.367334
2 2 0.035492 0.116207 0.390510 0.090792 0.366999
2 2 0.036795 0.117630 0.394224 0.098931 0.352419
4 2 0.227848 0.197305 0.221269 0.058820 0.294758
0 1 0.299135 0.197954 0.261744 0.032710 0.208457
4 1 0.161476 0.208497 0.227645 0.048196 0.354187
4 2 0.140462 0.184593 0.214362 0.049955 0.410628
4 2 0.139640 0.187134 0.216407 0.048722 0.408096
4 2 0.054658 0.126375 0.313513 0.077963 0.427491
4 2 0.056915 0.127761 0.299467 0.069350 0.446507
4 2 0.096978 0.148389 0.204235 0.036695 0.513703
4 2 0.054990 0.121921 0.277371 0.056926 0.488791
4 4 0.051307 0.111148 0.280948 0.069963 0.486633
4 4 0.040056 0.098524 0.328532 0.109610 0.423278
4 4 0.041966 0.102173 0.321077 0.097783 0.437000
4 4 0.042504 0.107226 0.317949 0.081505 0.450816
4 4 0.040298 0.098274 0.312535 0.092036 0.456858
4 4 0.042050 0.103161 0.324644 0.099115 0.431030
4 4 0.100717 0.174893 0.224263 0.032168 0.467959
4 4 0.097970 0.184837 0.232983 0.028866 0.455344
4 4 0.081623 0.154962 0.217041 0.026715 0.519658
2 1 0.251010 0.216664 0.281474 0.026427 0.224426
4 1 0.130396 0.205468 0.240784 0.034887 0.388466
2 1 0.111565 0.200050 0.395136 0.043129 0.250119
4 1 0.063145 0.154102 0.352023 0.063550 0.367180
2 2 0.091655 0.173698 0.355097 0.048428 0.331122
4 2 0.152996 0.177497 0.225307 0.044352 0.399849
4 2 0.062254 0.162442 0.345338 0.060186 0.369779
2 2 0.046651 0.134701 0.441101 0.101975 0.275572
4 2 0.063421 0.152846 0.359343 0.060643 0.363747
2 2 0.041429 0.125451 0.401945 0.118257 0.312918
2 2 0.041535 0.121387 0.429665 0.128041 0.279373
4 2 0.093316 0.181829 0.310630 0.046726 0.367499
2 2 0.048981 0.143132 0.383391 0.088579 0.335917
2 2 0.054052 0.137138 0.388646 0.079934 0.340230
4 2 0.156946 0.198435 0.254381 0.032335 0.357902
2 2 0.050746 0.137564 0.369057 0.092508 0.350125
2 2 0.069896 0.159682 0.404278 0.058986 0.307159
2 2 0.042468 0.114019 0.508669 0.142833 0.192011
2 2 0.046573 0.127815 0.505540 0.118304 0.201767
2 2 0.035638 0.113927 0.482926 0.140361 0.227147
2 2 0.063988 0.141937 0.516522 0.110708 0.166845
2 2 0.037575 0.111795 0.535815 0.139373 0.175442
0 2 0.285760 0.229798 0.262562 0.032598 0.189282
