0 0 0.999775 0.000029 0.000043 0.000153 0.000000
0 0 0.595622 0.167672 0.202998 0.018835 0.014873
0 0 0.506242 0.189320 0.257690 0.027432 0.019316
0 0 0.953932 0.019524 0.018724 0.007377 0.000443
0 0 0.878446 0.064294 0.045711 0.006609 0.004939
4 0 0.243166 0.179899 0.199868 0.013534 0.363534
2 0 0.301463 0.231156 0.341541 0.020488 0.105351
2 0 0.256640 0.232260 0.359156 0.025362 0.126582
0 0 0.430452 0.189899 0.220945 0.022799 0.135905
0 0 0.318050 0.223444 0.313122 0.015554 0.129830
2 0 0.164941 0.216008 0.458457 0.083458 0.077136
2 0 0.093301 0.172765 0.560344 0.121639 0.051950
2 0 0.171940 0.224964 0.437945 0.069717 0.095433
2 0 0.093599 0.172729 0.534484 0.165211 0.033977
2 0 0.155167 0.203026 0.453492 0.119597 0.068718
2 0 0.030405 0.100544 0.650031 0.202445 0.016576
2 0 0.016176 0.071773 0.574838 0.317068 0.020145
2 0 0.028050 0.091347 0.589309 0.271029 0.020264
2 0 0.015480 0.067885 0.558158 0.340918 0.017559
2 0 0.015159 0.070092 0.596102 0.300228 0.018419
2 0 0.067376 0.125434 0.517111 0.266230 0.023848
2 0 0.130953 0.165275 0.473866 0.199690 0.030217
2 0 0.059495 0.115290 0.486858 0.311104 0.027252
2 0 0.064672 0.117291 0.506650 0.288070 0.023317
3 0 0.053054 0.047377 0.270393 0.602467 0.026709
2 0 0.047964 0.119658 0.571658 0.238458 0.022263
3 0 0.030433 0.068117 0.417549 0.464383 0.019517
2 0 0.017540 0.060746 0.499097 0.409325 0.013292
2 0 0.012266 0.048527 0.473320 0.452475 0.013412
2 0 0.017805 0.066165 0.526174 0.374792 0.015064
2 0 0.037105 0.107548 0.537776 0.293376 0.024195
2 0 0.022681 0.070349 0.482526 0.406027 0.018416
2 0 0.025385 0.081630 0.512041 0.360007 0.020937
2 0 0.106371 0.145404 0.464415 0.243992 0.039819
2 0 0.053763 0.120008 0.503559 0.289105 0.033565
2 0 0.088613 0.187965 0.545363 0.124525 0.053534
2 0 0.083070 0.175817 0.546029 0.156491 0.038593
0 0 0.291400 0.145626 0.262360 0.253024 0.047590
2 0 0.180215 0.209050 0.462040 0.091700 0.056995
2 0 0.152760 0.224016 0.507488 0.074414 0.041322
2 0 0.181893 0.182328 0.491536 0.121592 0.022650
2 0 0.154337 0.192312 0.500011 0.122230 0.031110
2 0 0.098108 0.158058 0.516051 0.199842 0.027941
0 0 0.398551 0.178307 0.332147 0.072793 0.018202
0 0 0.336939 0.137358 0.286891 0.218874 0.019939
0 0 0.473114 0.138352 0.199427 0.160646 0.028460
2 1 0.234950 0.202840 0.457186 0.080099 0.024925
2 1 0.187514 0.179411 0.521555 0.095468 0.016052
2 1 0.246067 0.219760 0.457679 0.051110 0.025383
2 2 0.219863 0.212147 0.475331 0.066544 0.026115
2 2 0.012763 0.053872 0.602965 0.320565 0.009835
2 2 0.017233 0.073237 0.640162 0.253899 0.015470
2 2 0.046857 0.104591 0.603166 0.229356 0.016030
2 2 0.025072 0.084934 0.678543 0.199971 0.011480
2 2 0.041783 0.118815 0.638615 0.183618 0.017169
2 2 0.007727 0.038644 0.570204 0.375945 0.007480
2 2 0.007607 0.041102 0.574155 0.369092 0.008045
3 2 0.005122 0.029728 0.464861 0.491535 0.008755
3 2 0.006152 0.032292 0.465317 0.487704 0.008534
2 2 0.011555 0.053667 0.545545 0.375003 0.014231
2 2 0.005120 0.031615 0.541364 0.415179 0.006722
2 2 0.011609 0.042873 0.491217 0.441820 0.012482
3 2 0.002878 0.020049 0.428364 0.541974 0.006735
3 2 0.002792 0.021311 0.451117 0.517175 0.007604
3 2 0.003515 0.024510 0.461143 0.502712 0.008119
3 2 0.000813 0.008263 0.342998 0.644241 0.003686
3 2 0.000848 0.008851 0.351695 0.634149 0.004456
3 2 0.000793 0.007633 0.315740 0.671687 0.004147
3 2 0.000713 0.008011 0.343253 0.643450 0.004574
3 2 0.000691 0.008160 0.349770 0.636294 0.005086
3 2 0.000460 0.005759 0.301033 0.688233 0.004515
3 2 0.000551 0.006307 0.294982 0.692474 0.005685
3 2 0.000624 0.007739 0.343015 0.643008 0.005614
3 2 0.000535 0.006088 0.296541 0.692255 0.004581
3 2 0.000671 0.007978 0.338728 0.646535 0.006088
3 2 0.000746 0.009456 0.371964 0.610378 0.007455
3 3 0.000653 0.007118 0.304028 0.681819 0.006382
3 3 0.000645 0.006760 0.302441 0.685520 0.004634
3 3 0.000700 0.008058 0.335991 0.649195 0.006056
3 3 0.000688 0.008030 0.337303 0.647892 0.006087
3 3 0.000619 0.007296 0.318068 0.667407 0.006610
3 3 0.000455 0.006467 0.322202 0.663993 0.006883
3 3 0.000669 0.007370 0.302140 0.681751 0.008070
3 3 0.000642 0.007035 0.306930 0.679643 0.005750
3 3 0.000555 0.007314 0.321715 0.661373 0.009043
3 3 0.000840 0.011238 0.344295 0.610912 0.032716
3 3 0.001035 0.014035 0.387475 0.563985 0.033471
3 3 0.000659 0.009257 0.328834 0.636145 0.025105
3 3 0.000653 0.009117 0.337690 0.633569 0.018970
3 3 0.000843 0.012282 0.358890 0.584057 0.043928
3 3 0.000779 0.010956 0.357946 0.604151 0.026168
3 3 0.000759 0.010723 0.345978 0.611222 0.031318
3 3 0.000622 0.010003 0.350240 0.606131 0.033004
3 3 0.000757 0.010544 0.341906 0.616157 0.030637
3 3 0.000524 0.007646 0.320776 0.655265 0.015789
3 3 0.000443 0.006775 0.304442 0.671790 0.016550
3 3 0.000994 0.009525 0.278676 0.684488 0.026317
3 3 0.000498 0.007464 0.329010 0.650146 0.012881
3 3 0.000642 0.006696 0.266039 0.715133 0.011490
3 3 0.000583 0.007754 0.307586 0.667375 0.016702
3 3 0.000387 0.005162 0.265745 0.719703 0.009003
3 3 0.000529 0.005985 0.264664 0.718982 0.009840
3 3 0.000338 0.003604 0.199285 0.789759 0.007013
3 3 0.000380 0.004236 0.230282 0.759224 0.005879
3 3 0.000367 0.004414 0.247540 0.742272 0.005408
3 3 0.000479 0.004988 0.236297 0.750464 0.007773
3 3 0.000298 0.003499 0.214996 0.776149 0.005057
3 3 0.000397 0.004569 0.243635 0.745373 0.006026
3 3 0.000245 0.003017 0.206425 0.786132 0.004180
3 3 0.000360 0.004314 0.246347 0.743995 0.004984
3 3 0.000510 0.004439 0.203786 0.784038 0.007227
3 3 0.000533 0.004577 0.205515 0.781940 0.007435
3 3 0.000284 0.003869 0.235831 0.753234 0.006782
3 3 0.000287 0.003829 0.223688 0.763410 0.008786
3 3 0.000301 0.004468 0.247661 0.735737 0.011832
3 3 0.000434 0.005526 0.272511 0.713010 0.008519
3 3 0.000358 0.005014 0.257327 0.725306 0.011996
3 3 0.000479 0.006450 0.274676 0.699784 0.018611
3 3 0.000261 0.004387 0.255325 0.726520 0.013508
3 3 0.000325 0.005069 0.263259 0.715908 0.015440
3 3 0.000329 0.004686 0.245942 0.735837 0.013207
3 3 0.000451 0.006822 0.297841 0.675516 0.019371
3 3 0.000300 0.004608 0.253480 0.728836 0.012776
3 3 0.000273 0.004292 0.248350 0.735217 0.011868
3 3 0.000501 0.006294 0.261751 0.712645 0.018809
3 3 0.000541 0.007208 0.275364 0.689260 0.027627
3 3 0.000552 0.009193 0.324306 0.620340 0.045609
3 3 0.000582 0.008720 0.313961 0.642740 0.033996
3 3 0.000378 0.006383 0.290926 0.677221 0.025092
3 3 0.000565 0.008967 0.326259 0.629679 0.034530
3 3 0.000616 0.009483 0.313403 0.625680 0.050818
3 3 0.000639 0.009307 0.298041 0.636330 0.055682
3 3 0.000431 0.007270 0.290859 0.659912 0.041528
3 3 0.000434 0.007292 0.291550 0.659966 0.040758
3 3 0.000439 0.006975 0.282753 0.674284 0.035548
3 3 0.000502 0.008047 0.295728 0.649546 0.046176
3 3 0.000584 0.007588 0.272192 0.685849 0.033787
3 3 0.001047 0.011238 0.297105 0.644969 0.045640
3 3 0.000925 0.010084 0.270786 0.659769 0.058436
3 3 0.001753 0.015683 0.305391 0.605369 0.071804
3 3 0.000831 0.010751 0.302772 0.626143 0.059504
3 3 0.000576 0.008280 0.293112 0.658890 0.039141
3 3 0.000525 0.005959 0.226294 0.737728 0.029494
3 3 0.001102 0.011187 0.283885 0.652772 0.051054
3 3 0.000940 0.011093 0.286223 0.629815 0.071928
3 3 0.000727 0.009367 0.274887 0.648578 0.066441
3 3 0.000969 0.011228 0.284660 0.629561 0.073582
3 3 0.001069 0.012239 0.297384 0.616388 0.072920
3 3 0.001155 0.012779 0.297927 0.612493 0.075646
3 3 0.001319 0.014081 0.312624 0.601336 0.070640
3 3 0.001228 0.013093 0.294617 0.611877 0.079184
3 3 0.000935 0.011297 0.294321 0.624379 0.069068
3 3 0.001324 0.013748 0.297770 0.606123 0.081036
3 3 0.001459 0.014643 0.301835 0.598581 0.083482
3 3 0.000927 0.010969 0.284958 0.631335 0.071813
3 3 0.000957 0.011503 0.296345 0.621930 0.069264
3 3 0.001141 0.012482 0.291522 0.617451 0.077404
3 3 0.001057 0.011488 0.281963 0.634832 0.070660
3 3 0.000940 0.011008 0.283378 0.631788 0.072886
3 3 0.001324 0.012301 0.284583 0.647495 0.054297
3 3 0.001133 0.012516 0.294015 0.616084 0.076252
3 3 0.001673 0.015991 0.307485 0.587852 0.086999
3 3 0.001474 0.014736 0.302244 0.597814 0.083732
3 3 0.001703 0.015152 0.305524 0.614608 0.063014
3 3 0.002325 0.018836 0.317073 0.582804 0.078962
3 3 0.001288 0.010879 0.263933 0.681340 0.042560
3 3 0.001248 0.010931 0.261445 0.675103 0.051274
3 3 0.001164 0.013115 0.306437 0.606216 0.073067
3 3 0.000608 0.008987 0.294955 0.640448 0.055003
3 3 0.000842 0.010537 0.289295 0.632353 0.066973
3 3 0.001275 0.013419 0.296206 0.608988 0.080112
3 3 0.001288 0.013503 0.296608 0.608253 0.080349
3 3 0.000893 0.011111 0.297431 0.624075 0.066490
3 3 0.001310 0.013656 0.297334 0.606923 0.080778
3 3 0.001100 0.012531 0.300554 0.612892 0.072923
3 3 0.001341 0.013437 0.302093 0.620277 0.062852
3 3 0.001787 0.015021 0.299371 0.624637 0.059184
3 3 0.001202 0.013327 0.306081 0.605038 0.074352
3 3 0.000622 0.008904 0.287013 0.645690 0.057772
3 3 0.001094 0.012563 0.302654 0.611656 0.072034
2 3 0.020430 0.076594 0.399835 0.249520 0.253621
2 3 0.029225 0.090987 0.377471 0.143673 0.358644
4 2 0.032971 0.089620 0.320870 0.070254 0.486285
4 2 0.046283 0.112453 0.333136 0.087010 0.421118
2 1 0.193851 0.219762 0.385154 0.056614 0.144619
2 2 0.017860 0.096345 0.666780 0.141550 0.077465
2 2 0.007681 0.060795 0.613366 0.191909 0.126248
2 2 0.004700 0.047381 0.636902 0.250018 0.060999
2 2 0.007197 0.048635 0.503218 0.240800 0.200150
2 2 0.007185 0.046363 0.471932 0.271499 0.203022
4 2 0.021156 0.072953 0.362353 0.108016 0.435522
4 2 0.025355 0.081955 0.361420 0.088589 0.442681
2 2 0.032666 0.104088 0.409699 0.116281 0.337265
4 2 0.038129 0.099570 0.325608 0.062264 0.474428
4 2 0.034927 0.094373 0.331342 0.080027 0.459331
2 2 0.010378 0.058819 0.472156 0.293361 0.165287
3 2 0.002376 0.021713 0.386301 0.453988 0.135622
3 2 0.003118 0.024276 0.353308 0.492126 0.127172
3 2 0.002405 0.020756 0.353077 0.494560 0.129202
3 2 0.002151 0.019385 0.351877 0.497804 0.128783
3 2 0.000988 0.013511 0.356021 0.575629 0.053851
3 2 0.000650 0.011094 0.367949 0.579360 0.040947
3 2 0.000664 0.009610 0.322719 0.630583 0.036424
3 2 0.000531 0.007855 0.298225 0.662273 0.031116
3 2 0.000629 0.009985 0.329827 0.611866 0.047693
3 2 0.000457 0.008122 0.334608 0.628671 0.028141
3 2 0.000578 0.009112 0.332163 0.626370 0.031778
3 2 0.000747 0.009247 0.304161 0.656861 0.028984
3 2 0.000427 0.006489 0.294122 0.681408 0.017554
3 2 0.000703 0.009896 0.315368 0.630487 0.043546
2 2 0.045598 0.145171 0.457410 0.218329 0.133491
2 2 0.051956 0.153814 0.460194 0.223218 0.110818
0 0 0.295798 0.184349 0.271788 0.153012 0.095054
2 1 0.213585 0.226724 0.493322 0.027854 0.038515
2 1 0.157773 0.216283 0.547085 0.041409 0.037451
2 2 0.007090 0.038379 0.631450 0.315918 0.007164
2 1 0.008440 0.039259 0.651787 0.295348 0.005165
2 2 0.002786 0.020089 0.580021 0.393477 0.003628
2 2 0.004642 0.029679 0.591544 0.368123 0.006012
2 2 0.005045 0.027601 0.600721 0.362311 0.004323
2 1 0.101677 0.161033 0.506257 0.193857 0.037176
2 1 0.035518 0.092120 0.697977 0.166214 0.008171
2 2 0.043045 0.102393 0.707698 0.138649 0.008215
2 2 0.070152 0.131102 0.629910 0.155115 0.013721
2 2 0.069708 0.133126 0.632161 0.150857 0.014149
3 2 0.002036 0.015956 0.471299 0.506701 0.004009
3 2 0.001074 0.007834 0.316349 0.672047 0.002697
3 2 0.002422 0.015562 0.422853 0.554760 0.004403
3 2 0.002390 0.017485 0.455552 0.520035 0.004537
3 2 0.002391 0.016826 0.431039 0.545044 0.004701
3 2 0.001685 0.012283 0.404382 0.578335 0.003315
3 2 0.002748 0.016803 0.418805 0.557440 0.004204
3 2 0.002593 0.018092 0.467175 0.507712 0.004428
2 2 0.002626 0.020037 0.519297 0.453273 0.004768
2 2 0.006456 0.036530 0.569238 0.379952 0.007824
2 2 0.114965 0.203957 0.454690 0.135448 0.090941
2 2 0.098201 0.192881 0.618632 0.048725 0.041561
2 2 0.073658 0.196997 0.558149 0.069221 0.101975
2 2 0.075016 0.198690 0.574009 0.083178 0.069107
2 2 0.076040 0.199273 0.570722 0.078896 0.075069
2 2 0.004874 0.036525 0.565288 0.380563 0.012749
2 2 0.002795 0.028014 0.536471 0.420678 0.012043
2 2 0.003343 0.030846 0.532896 0.419040 0.013875
2 2 0.003254 0.030325 0.535315 0.418236 0.012870
2 2 0.003386 0.031049 0.534116 0.417810 0.013640
2 2 0.002701 0.025123 0.511324 0.451335 0.009517
3 2 0.001631 0.016181 0.442630 0.532440 0.007118
2 2 0.003033 0.027849 0.523381 0.434850 0.010887
3 2 0.002106 0.020357 0.480584 0.488847 0.008105
2 2 0.025317 0.082170 0.658117 0.221209 0.013188
2 2 0.003433 0.028375 0.508272 0.449100 0.010821
2 2 0.004758 0.035633 0.559785 0.388874 0.010949
3 2 0.002219 0.020920 0.475756 0.491988 0.009117
2 2 0.007159 0.041719 0.583062 0.358150 0.009909
2 2 0.004671 0.034681 0.547217 0.402397 0.011034
2 1 0.135689 0.202177 0.421810 0.153379 0.086945
2 2 0.077083 0.189260 0.630748 0.051367 0.051543
2 2 0.082023 0.194955 0.606461 0.055513 0.061047
2 2 0.128096 0.216152 0.538249 0.038965 0.078537
2 2 0.099366 0.210226 0.546680 0.058834 0.084894
2 2 0.060388 0.172221 0.603539 0.099987 0.063865
2 2 0.096763 0.195966 0.574208 0.077237 0.055825
2 1 0.124731 0.191262 0.464878 0.160131 0.058998
2 2 0.118878 0.194273 0.621011 0.040738 0.025100
2 2 0.084985 0.177103 0.641667 0.066936 0.029309
2 2 0.060512 0.135625 0.664155 0.126820 0.012887
2 2 0.122735 0.188652 0.561813 0.092811 0.033989
2 2 0.048661 0.116607 0.690718 0.133605 0.010409
2 2 0.068059 0.151094 0.632758 0.130352 0.017736
2 2 0.077892 0.160498 0.637933 0.103583 0.020094
2 2 0.003596 0.024935 0.501071 0.463077 0.007321
3 2 0.001861 0.010987 0.368766 0.615234 0.003151
3 2 0.001350 0.009798 0.347203 0.638391 0.003257
3 2 0.002917 0.015474 0.430709 0.547065 0.003835
3 2 0.003440 0.018451 0.420141 0.552883 0.005086
3 2 0.002494 0.015897 0.438327 0.539139 0.004143
3 2 0.001955 0.013709 0.401027 0.578996 0.004313
3 2 0.004896 0.025078 0.469007 0.495388 0.005631
2 2 0.003597 0.023541 0.498703 0.467993 0.006167
3 2 0.003480 0.020649 0.442985 0.527496 0.005390
2 2 0.005484 0.032240 0.561590 0.394442 0.006245
3 2 0.001529 0.012349 0.393144 0.589044 0.003934
3 2 0.002318 0.015012 0.413686 0.564789 0.004195
3 2 0.002442 0.016359 0.416414 0.559798 0.004987
2 2 0.010283 0.045646 0.587962 0.347851 0.008258
2 2 0.004871 0.026386 0.524199 0.439124 0.005420
3 2 0.003067 0.019989 0.486118 0.486501 0.004325
3 2 0.002326 0.016580 0.448809 0.527468 0.004817
3 2 0.001827 0.014709 0.417519 0.561524 0.004421
3 2 0.003831 0.022028 0.445021 0.523460 0.005659
2 2 0.099109 0.179278 0.545905 0.131328 0.044381
2 2 0.081274 0.182885 0.625228 0.077320 0.033293
2 2 0.149691 0.217127 0.529436 0.039963 0.063783
2 2 0.095042 0.191609 0.601578 0.070971 0.040800
2 2 0.084741 0.202810 0.567433 0.064300 0.080716
2 2 0.007269 0.047451 0.589909 0.340555 0.014815
2 2 0.004948 0.041263 0.575649 0.361116 0.017022
2 2 0.005006 0.039949 0.561496 0.377385 0.016164
2 2 0.009758 0.058089 0.640756 0.276631 0.014766
2 2 0.006299 0.050359 0.585640 0.337319 0.020384
2 2 0.003854 0.034716 0.554473 0.392555 0.014402
3 2 0.002006 0.019919 0.471642 0.496801 0.009631
2 2 0.002844 0.025939 0.493125 0.464132 0.013960
2 2 0.003362 0.029647 0.544598 0.411371 0.011022
2 2 0.002876 0.026288 0.506428 0.452770 0.011638
2 2 0.015911 0.093871 0.619885 0.220714 0.049619
2 2 0.031974 0.119952 0.601087 0.205882 0.041105
2 2 0.061071 0.152339 0.653804 0.097443 0.035344
2 2 0.009263 0.073646 0.636772 0.238738 0.041581
2 2 0.017155 0.080864 0.667990 0.214915 0.019076
2 2 0.005038 0.036073 0.552588 0.395657 0.010645
2 2 0.005483 0.038941 0.596797 0.348115 0.010664
2 2 0.003389 0.028609 0.509482 0.446777 0.011743
3 2 0.002271 0.019795 0.460110 0.510354 0.007469
2 2 0.005736 0.041255 0.585259 0.355853 0.011897
2 2 0.003731 0.031980 0.538713 0.414351 0.011225
2 2 0.003616 0.031738 0.564439 0.389533 0.010674
3 2 0.002730 0.022593 0.471807 0.494284 0.008586
3 2 0.002145 0.020610 0.478041 0.490432 0.008772
2 2 0.001933 0.018250 0.489492 0.484154 0.006172
2 2 0.011096 0.058639 0.609788 0.304699 0.015779
2 2 0.007502 0.056757 0.597432 0.317554 0.020754
2 2 0.006172 0.046370 0.588176 0.343661 0.015621
2 2 0.008257 0.053736 0.588289 0.332746 0.016972
2 2 0.005038 0.038370 0.571492 0.372956 0.012143
3 2 0.002321 0.019670 0.454099 0.516497 0.007413
3 2 0.002122 0.018891 0.450806 0.520250 0.007931
2 2 0.002490 0.023956 0.502589 0.460715 0.010250
2 2 0.002771 0.025110 0.515926 0.446571 0.009622
3 2 0.001987 0.016675 0.421972 0.552556 0.006810
2 2 0.002371 0.023190 0.513113 0.452670 0.008656
3 2 0.001833 0.017871 0.457191 0.515471 0.007634
3 3 0.001528 0.013191 0.393492 0.586763 0.005026
3 3 0.002260 0.020117 0.466203 0.503789 0.007631
3 3 0.001437 0.014933 0.436452 0.540421 0.006758
2 3 0.012063 0.073930 0.589821 0.296461 0.027724
2 3 0.011966 0.062652 0.587283 0.322339 0.015759
2 3 0.024088 0.102008 0.627543 0.223768 0.022593
2 3 0.023874 0.081972 0.591470 0.284086 0.018599
2 3 0.097571 0.169962 0.639733 0.070308 0.022427
2 3 0.004164 0.034248 0.568047 0.381769 0.011772
2 3 0.006167 0.039541 0.559352 0.382521 0.012418
2 3 0.009819 0.058525 0.632304 0.285737 0.013615
2 2 0.004011 0.033920 0.516204 0.425849 0.020015
2 2 0.003556 0.032950 0.544566 0.404233 0.014694
3 2 0.001677 0.018891 0.482235 0.487392 0.009806
3 2 0.001746 0.016502 0.430902 0.542611 0.008238
3 2 0.001763 0.015433 0.397174 0.576148 0.009482
3 3 0.001304 0.012284 0.377654 0.601667 0.007090
3 3 0.001491 0.012785 0.382069 0.598159 0.005496
3 3 0.002054 0.019437 0.467562 0.502967 0.007981
3 3 0.000927 0.008650 0.335353 0.651099 0.003971
3 3 0.001682 0.015049 0.419118 0.558292 0.005859
3 3 0.002723 0.021573 0.451033 0.515561 0.009110
3 3 0.001315 0.010563 0.340657 0.642579 0.004886
2 3 0.003776 0.028153 0.486596 0.470449 0.011026
2 3 0.004590 0.030999 0.499223 0.455474 0.009714
2 3 0.004186 0.028782 0.488174 0.470002 0.008856
2 3 0.004510 0.030828 0.504589 0.451277 0.008796
2 3 0.005640 0.037192 0.542850 0.404012 0.010307
2 3 0.062499 0.191716 0.553055 0.096013 0.096716
2 3 0.063701 0.191827 0.560913 0.094622 0.088937
2 3 0.085842 0.193161 0.518162 0.117651 0.085185
2 1 0.071478 0.176891 0.640161 0.081924 0.029547
2 2 0.083294 0.199844 0.594912 0.065435 0.056515
2 2 0.008201 0.059956 0.571501 0.235662 0.124679
2 2 0.007573 0.059597 0.574370 0.275530 0.082931
2 2 0.008043 0.064122 0.608111 0.231931 0.087793
2 2 0.006082 0.051249 0.562808 0.293375 0.086486
2 2 0.006097 0.057356 0.620523 0.257334 0.058690
2 2 0.006602 0.055007 0.557459 0.315055 0.065876
3 2 0.002479 0.024740 0.406751 0.497591 0.068439
2 2 0.002828 0.028767 0.459428 0.436438 0.072539
3 2 0.004709 0.034693 0.400418 0.466201 0.093979
3 4 0.002523 0.021191 0.343235 0.515783 0.117268
2 4 0.005415 0.034874 0.410481 0.280369 0.268861
2 4 0.011680 0.055476 0.411716 0.250341 0.270787
2 4 0.011445 0.054392 0.407880 0.250810 0.275474
2 4 0.008448 0.045408 0.409957 0.255752 0.280434
2 4 0.004958 0.033122 0.407983 0.307107 0.246831
3 4 0.002887 0.023701 0.384578 0.411616 0.177217
3 4 0.003123 0.024868 0.385753 0.407567 0.178688
3 4 0.003217 0.025263 0.382275 0.418043 0.171202
3 4 0.002996 0.024151 0.379102 0.427755 0.165996
3 4 0.003692 0.027451 0.382486 0.416295 0.170076
2 4 0.004154 0.029739 0.400162 0.352682 0.213263
2 4 0.004513 0.031279 0.402054 0.343071 0.219083
2 4 0.015448 0.063975 0.399965 0.190214 0.330399
2 4 0.006999 0.040731 0.407764 0.299462 0.245044
2 4 0.003701 0.027692 0.395638 0.372292 0.200677
2 4 0.004264 0.030243 0.403658 0.335632 0.226202
2 4 0.004265 0.030249 0.408734 0.302635 0.254117
2 4 0.005053 0.033403 0.411176 0.267752 0.282615
2 4 0.004179 0.029886 0.407572 0.311960 0.246403
2 4 0.008815 0.046465 0.409650 0.241788 0.293282
2 4 0.096986 0.181464 0.333371 0.184966 0.203212
0 0 0.567512 0.136718 0.178823 0.091431 0.025516
0 0 0.815812 0.057518 0.072667 0.050467 0.003537
0 0 0.386719 0.230384 0.232758 0.031866 0.118272
0 0 0.352910 0.241590 0.258067 0.048314 0.099118
2 0 0.135040 0.194699 0.364223 0.190942 0.115096
2 0 0.055480 0.174667 0.625451 0.063026 0.081377
2 1 0.033096 0.144982 0.626060 0.127457 0.068406
2 1 0.028333 0.137543 0.609061 0.119119 0.105943
2 1 0.087836 0.207111 0.513338 0.093071 0.098644
3 1 0.002218 0.019025 0.442275 0.527998 0.008483
3 1 0.001208 0.011778 0.396862 0.585714 0.004438
3 1 0.001360 0.011981 0.381938 0.600129 0.004592
3 1 0.000787 0.005238 0.210624 0.778825 0.004526
3 1 0.000927 0.004294 0.156742 0.833780 0.004257
2 0 0.180027 0.192748 0.357403 0.184528 0.085294
2 0 0.079599 0.197350 0.570985 0.058758 0.093309
2 0 0.096887 0.206028 0.539367 0.047317 0.110401
2 1 0.109889 0.210481 0.525616 0.041932 0.112082
2 1 0.090095 0.200738 0.458532 0.055429 0.195205
2 1 0.003415 0.036154 0.572457 0.362119 0.025855
2 2 0.003099 0.036274 0.566470 0.342317 0.051840
2 2 0.003084 0.034553 0.555458 0.371544 0.035361
2 2 0.005840 0.054973 0.626274 0.261871 0.051043
2 2 0.004007 0.043523 0.599834 0.294686 0.057951
2 2 0.003147 0.035722 0.574955 0.345121 0.041055
3 2 0.002458 0.025358 0.422571 0.484452 0.065162
2 2 0.003307 0.035713 0.525401 0.382406 0.053173
2 2 0.002288 0.026701 0.475092 0.440732 0.055187
2 2 0.002132 0.027209 0.515633 0.422348 0.032678
3 2 0.001929 0.019754 0.364698 0.540985 0.072634
3 2 0.001682 0.019046 0.382143 0.534144 0.062986
3 2 0.003468 0.029888 0.428304 0.434876 0.103464
3 2 0.001742 0.018503 0.360832 0.547647 0.071276
3 2 0.002003 0.018701 0.331759 0.562266 0.085271
3 2 0.001876 0.018820 0.349882 0.553051 0.076371
3 2 0.001659 0.017843 0.355680 0.554683 0.070135
3 2 0.002077 0.020751 0.368987 0.534294 0.073891
3 2 0.001693 0.018269 0.361355 0.549564 0.069119
3 2 0.001498 0.017018 0.359120 0.556677 0.065687
3 2 0.002423 0.020903 0.335001 0.549664 0.092008
3 2 0.002702 0.022264 0.336557 0.542354 0.096123
3 2 0.002014 0.019657 0.353623 0.544407 0.080300
3 2 0.002391 0.020489 0.329626 0.553918 0.093575
3 2 0.002572 0.021333 0.333642 0.538916 0.103537
3 2 0.001629 0.016862 0.335239 0.570279 0.075991
3 2 0.002148 0.019693 0.337508 0.554647 0.086004
3 2 0.001910 0.017700 0.319492 0.572950 0.087949
3 2 0.002018 0.018501 0.325474 0.566049 0.087958
3 2 0.002261 0.019412 0.319742 0.563425 0.095161
3 2 0.002362 0.019963 0.321486 0.559801 0.096389
3 2 0.001983 0.017841 0.314444 0.574194 0.091538
3 2 0.002134 0.018707 0.317429 0.568170 0.093560
3 2 0.002346 0.019888 0.321461 0.560213 0.096093
3 2 0.001960 0.017708 0.313970 0.575141 0.091221
3 2 0.001702 0.016172 0.308203 0.586467 0.087457
3 2 0.001934 0.017767 0.318233 0.573095 0.088971
3 2 0.002476 0.020575 0.323357 0.555865 0.097726
3 2 0.001926 0.017513 0.313271 0.576534 0.090756
3 2 0.001718 0.016722 0.319782 0.578327 0.083452
3 2 0.001918 0.017465 0.313098 0.576878 0.090641
3 2 0.002471 0.020711 0.331629 0.539746 0.105444
3 2 0.002092 0.018467 0.316618 0.569817 0.093006
3 2 0.002501 0.020995 0.338815 0.525092 0.112598
3 2 0.002055 0.018371 0.322333 0.559123 0.098119
3 2 0.003124 0.024414 0.359113 0.478815 0.134533
3 2 0.001379 0.014117 0.299481 0.602966 0.082057
3 2 0.002021 0.018151 0.320118 0.563442 0.096267
3 3 0.002203 0.019670 0.352030 0.497356 0.128741
3 3 0.002206 0.019445 0.337527 0.528557 0.112266
2 3 0.003310 0.025890 0.395793 0.372321 0.202686
3 3 0.003206 0.024979 0.368609 0.455478 0.147727
3 3 0.002739 0.022639 0.363982 0.468164 0.142476
3 3 0.002729 0.022673 0.369086 0.455391 0.150121
3 3 0.002995 0.024160 0.379814 0.425706 0.167324
3 3 0.002656 0.021637 0.331928 0.538576 0.105204
3 3 0.001818 0.017124 0.325984 0.552686 0.102387
3 3 0.002460 0.021175 0.361152 0.475629 0.139583
3 3 0.002922 0.023731 0.375386 0.438303 0.159658
3 3 0.002474 0.021304 0.364602 0.467190 0.144429
3 3 0.002444 0.021173 0.366381 0.462807 0.147195
3 3 0.002562 0.021840 0.369997 0.453355 0.152247
3 3 0.002815 0.023216 0.376141 0.436431 0.161398
3 3 0.003111 0.024713 0.379339 0.426843 0.165994
3 3 0.003061 0.024530 0.383159 0.415690 0.173560
2 3 0.004183 0.029903 0.405116 0.327782 0.233016
2 3 0.004342 0.030567 0.409390 0.296464 0.259237
2 3 0.008525 0.045819 0.402585 0.323617 0.219453
3 3 0.003583 0.027033 0.387103 0.402349 0.179933
2 3 0.004069 0.029375 0.400315 0.352187 0.214053
3 3 0.002819 0.023187 0.373000 0.444961 0.156033
3 3 0.002566 0.021824 0.367570 0.459582 0.148459
3 3 0.002308 0.020306 0.356756 0.486327 0.134303
3 3 0.002496 0.021544 0.372957 0.445635 0.157368
3 3 0.002462 0.021347 0.371485 0.449610 0.155097
3 3 0.002305 0.020256 0.354537 0.491454 0.131447
3 3 0.002635 0.022401 0.382338 0.418790 0.173836
3 3 0.003102 0.024780 0.386841 0.404140 0.181137
2 3 0.003500 0.026798 0.397710 0.364379 0.207612
3 3 0.002514 0.021700 0.376996 0.434499 0.164291
2 3 0.003787 0.028166 0.406072 0.322544 0.239432
3 2 0.002919 0.023927 0.389776 0.394670 0.188709
2 2 0.005053 0.033505 0.406917 0.314398 0.240128
2 2 0.003481 0.026692 0.395909 0.371629 0.202289
2 2 0.004156 0.029779 0.403810 0.335061 0.227195
2 2 0.003823 0.028319 0.403919 0.335025 0.228915
2 2 0.004300 0.030394 0.403298 0.337424 0.224584
2 2 0.003602 0.027322 0.404048 0.334546 0.230483
2 2 0.003450 0.026531 0.394741 0.376164 0.199115
2 2 0.004607 0.031694 0.407512 0.311555 0.244632
2 2 0.003850 0.028367 0.396366 0.369156 0.202260
3 2 0.003269 0.025545 0.384778 0.410338 0.176070
3 2 0.003036 0.024355 0.379611 0.426213 0.166785
2 2 0.004312 0.030446 0.403472 0.336499 0.225271
2 2 0.003165 0.025203 0.395815 0.372393 0.203424
4 2 0.046397 0.097729 0.250893 0.032799 0.572182
4 2 0.039585 0.092111 0.271028 0.040773 0.556503
4 2 0.044877 0.098493 0.265866 0.038986 0.551778
4 2 0.075449 0.130464 0.246628 0.034097 0.513362
4 1 0.141739 0.188553 0.271396 0.057905 0.340408
2 1 0.004428 0.035733 0.480183 0.317181 0.162475
2 2 0.005781 0.045373 0.534589 0.258482 0.155775
2 2 0.005935 0.039278 0.441333 0.297111 0.216343
3 4 0.002694 0.022764 0.386981 0.404187 0.183374
2 4 0.004102 0.029556 0.405289 0.326915 0.234137
2 4 0.003195 0.025417 0.405182 0.327986 0.238221
3 4 0.002326 0.020758 0.380792 0.423656 0.172468
2 4 0.003153 0.025216 0.405594 0.325385 0.240653
2 4 0.003124 0.025034 0.398580 0.361079 0.212183
2 4 0.003745 0.027976 0.405562 0.325734 0.236984
3 4 0.002573 0.022178 0.389727 0.395041 0.190480
2 4 0.003282 0.025804 0.400135 0.354137 0.216642
3 4 0.002686 0.022655 0.381883 0.420102 0.172674
2 4 0.003016 0.024458 0.394087 0.379157 0.199283
2 4 0.003611 0.027283 0.395664 0.372361 0.201081
2 4 0.028236 0.089830 0.382416 0.155488 0.344031
4 4 0.011006 0.050348 0.379309 0.129827 0.429510
4 4 0.009691 0.047523 0.391891 0.154733 0.396162
4 4 0.011625 0.051862 0.376973 0.126104 0.433436
4 4 0.010172 0.048621 0.387720 0.145516 0.407971
3 4 0.002004 0.018555 0.350461 0.501247 0.127732
2 4 0.003858 0.028483 0.407053 0.315988 0.244617
3 4 0.002588 0.022166 0.383044 0.416688 0.175513
2 4 0.005321 0.034524 0.400879 0.346036 0.213239
2 4 0.004302 0.030417 0.406988 0.315867 0.242425
2 4 0.003597 0.027303 0.405244 0.327729 0.236128
3 4 0.002733 0.022924 0.384320 0.412612 0.177411
2 4 0.003182 0.025283 0.395654 0.373007 0.202873
2 4 0.002928 0.024005 0.392232 0.386052 0.194783
2 4 0.010804 0.052767 0.402253 0.312695 0.221482
2 4 0.002956 0.024130 0.390997 0.390409 0.191507
3 4 0.002173 0.019748 0.367923 0.459261 0.150895
3 4 0.002626 0.022394 0.385453 0.409151 0.180376
3 4 0.002516 0.021854 0.387576 0.402322 0.185732
2 4 0.003144 0.025119 0.397461 0.365783 0.208493
2 4 0.003544 0.027048 0.402935 0.340479 0.225993
2 4 0.002873 0.023782 0.396693 0.369028 0.207623
2 4 0.004161 0.029798 0.409123 0.299235 0.257683
2 4 0.003081 0.024799 0.396235 0.370802 0.205084
3 4 0.002892 0.023810 0.390800 0.391159 0.191338
2 4 0.003257 0.025625 0.394643 0.376813 0.199663
3 4 0.002793 0.023192 0.381729 0.420423 0.171863
2 4 0.004122 0.029630 0.403659 0.335923 0.226666
2 4 0.007652 0.042943 0.401740 0.332230 0.215435
2 4 0.006356 0.038357 0.410686 0.269980 0.274622
4 4 0.018243 0.063971 0.334974 0.078385 0.504426
4 4 0.015849 0.061371 0.364069 0.108683 0.450028
4 4 0.017512 0.063185 0.343139 0.085672 0.490491
2 4 0.103723 0.183985 0.395340 0.034605 0.282348
4 4 0.090739 0.139168 0.222924 0.026345 0.520824
3 4 0.002773 0.023150 0.385985 0.407325 0.180767
2 4 0.003628 0.027448 0.406599 0.319173 0.243152
2 4 0.004054 0.029346 0.407432 0.313136 0.246033
2 4 0.003212 0.025479 0.401224 0.349103 0.220981
2 4 0.002979 0.024319 0.397956 0.363781 0.210965
4 4 0.012578 0.055281 0.387652 0.146747 0.397741
4 1 0.030325 0.090358 0.358899 0.109919 0.410500
4 2 0.017567 0.063817 0.348506 0.091037 0.479073
2 1 0.030927 0.096276 0.388484 0.191443 0.292870
4 2 0.059927 0.128459 0.317081 0.076808 0.417726
2 2 0.008122 0.052103 0.503889 0.218813 0.217074
2 2 0.004358 0.037273 0.519667 0.269691 0.169011
3 2 0.002668 0.022553 0.381137 0.422348 0.171294
2 2 0.003891 0.028602 0.401477 0.347197 0.218832
2 2 0.004177 0.029876 0.404512 0.331213 0.230221
2 4 0.004145 0.029740 0.406579 0.318868 0.240668
2 4 0.004005 0.029131 0.406885 0.317014 0.242966
2 4 0.004635 0.031790 0.409536 0.294472 0.259566
2 4 0.006041 0.037258 0.409908 0.284575 0.262219
2 4 0.013424 0.062881 0.438249 0.170722 0.314724
4 4 0.029029 0.077053 0.276498 0.042275 0.575146
4 4 0.036408 0.078647 0.216542 0.021048 0.647356
4 4 0.031856 0.071898 0.212494 0.019864 0.663888
4 4 0.028445 0.069116 0.225995 0.023453 0.652991
4 4 0.032510 0.072967 0.213611 0.020167 0.660745
2 4 0.003326 0.026045 0.405529 0.325966 0.239134
2 4 0.002942 0.024172 0.402673 0.341766 0.228447
2 4 0.003009 0.024512 0.404047 0.334402 0.234030
2 4 0.004083 0.029437 0.410230 0.287005 0.269245
2 4 0.003326 0.026045 0.405524 0.326000 0.239105
2 4 0.006005 0.036226 0.402539 0.185822 0.369408
4 4 0.029801 0.085058 0.326743 0.074194 0.484205
2 4 0.007120 0.039678 0.395490 0.163361 0.394351
4 4 0.007615 0.041236 0.394219 0.160004 0.396926
2 4 0.005569 0.034751 0.404713 0.194994 0.359974
4 4 0.035726 0.073138 0.190062 0.014776 0.686298
4 4 0.037292 0.079411 0.214324 0.020486 0.648488
4 4 0.090276 0.124996 0.179071 0.014035 0.591622
4 4 0.037570 0.087865 0.262525 0.036770 0.575269
4 4 0.101989 0.144726 0.208175 0.022287 0.522822
2 4 0.002823 0.023505 0.394159 0.378988 0.200525
2 4 0.003714 0.027836 0.406575 0.319315 0.242560
2 4 0.003248 0.025671 0.405741 0.324572 0.240768
2 2 0.003368 0.026242 0.406433 0.320177 0.243781
2 2 0.003476 0.026749 0.405917 0.323601 0.240256
3 2 0.004395 0.030490 0.382615 0.413883 0.168617
2 2 0.007303 0.041337 0.409309 0.224784 0.317267
2 4 0.003910 0.028675 0.410265 0.286306 0.270844
2 4 0.004237 0.030134 0.408295 0.306342 0.250992
3 4 0.002238 0.020122 0.369327 0.455560 0.152753
2 4 0.002969 0.024288 0.400215 0.353816 0.218712
2 4 0.004083 0.029465 0.408489 0.304917 0.253046
2 4 0.003721 0.027860 0.408362 0.306051 0.254006
2 4 0.002826 0.023603 0.404294 0.332642 0.236635
2 4 0.003215 0.025509 0.403746 0.336258 0.231272
2 4 0.003540 0.027043 0.405540 0.325955 0.237921
2 4 0.003352 0.026163 0.407843 0.309865 0.252777
2 2 0.003378 0.026288 0.405746 0.324645 0.239943
2 2 0.002944 0.024177 0.401852 0.345953 0.225073
2 2 0.003269 0.025763 0.408514 0.303936 0.258518
2 2 0.002957 0.024224 0.399460 0.357242 0.216117
2 2 0.002775 0.023322 0.400491 0.352381 0.221032
2 4 0.002951 0.024191 0.399000 0.359282 0.214577
2 4 0.002810 0.023514 0.402768 0.341074 0.229834
2 4 0.002991 0.024417 0.402742 0.341459 0.228390
2 4 0.003587 0.027239 0.402056 0.344847 0.222271
2 4 0.002818 0.023552 0.402157 0.344265 0.227207
2 4 0.004303 0.030335 0.411061 0.272312 0.281991
2 4 0.003256 0.025713 0.406066 0.322491 0.242473
2 4 0.003599 0.027311 0.405280 0.327511 0.236299
4 4 0.018553 0.061478 0.303175 0.055606 0.561189
4 4 0.018304 0.061605 0.309508 0.059498 0.551084
4 4 0.058801 0.130603 0.331164 0.080889 0.398543
4 4 0.022198 0.067043 0.290000 0.048460 0.572299
4 4 0.032519 0.083540 0.283392 0.046039 0.554510
2 4 0.003085 0.024886 0.404578 0.331450 0.236000
2 2 0.004387 0.030770 0.408245 0.306504 0.250095
2 2 0.003716 0.027832 0.409091 0.299482 0.259878
3 4 0.002460 0.021573 0.388907 0.397853 0.189207
2 4 0.003687 0.027716 0.405662 0.325159 0.237775
3 4 0.002451 0.021416 0.380321 0.424978 0.170833
2 4 0.002989 0.024349 0.395984 0.371849 0.204829
2 4 0.002880 0.023846 0.400034 0.354604 0.218637
2 4 0.002563 0.022205 0.397264 0.366488 0.211481
2 4 0.003570 0.027180 0.406271 0.321339 0.241640
4 4 0.117614 0.179050 0.267399 0.054768 0.381170
4 4 0.037985 0.085590 0.245157 0.030019 0.601250
4 2 0.053368 0.103638 0.237415 0.028354 0.577225
4 2 0.111229 0.155861 0.217183 0.026157 0.489569
4 2 0.045805 0.097085 0.251518 0.032993 0.572599
4 2 0.010940 0.050142 0.378977 0.129244 0.430698
2 2 0.004689 0.031855 0.411275 0.252783 0.299398
2 2 0.005132 0.033509 0.410472 0.234585 0.316302
2 2 0.005269 0.033865 0.408466 0.215799 0.336600
2 2 0.006181 0.037393 0.409611 0.225219 0.321596
2 2 0.003733 0.027910 0.408928 0.301056 0.258373
2 2 0.007227 0.040870 0.407195 0.208004 0.336703
2 2 0.003356 0.026184 0.406149 0.322047 0.242264
2 2 0.003463 0.026689 0.406497 0.319816 0.243535
2 2 0.003313 0.025982 0.406068 0.322538 0.242099
2 2 0.011506 0.053354 0.399032 0.177144 0.358963
2 2 0.003823 0.028307 0.409363 0.296882 0.261625
2 2 0.004620 0.031614 0.411323 0.260553 0.291890
2 2 0.003870 0.028503 0.410020 0.289506 0.268102
2 2 0.003232 0.025592 0.404140 0.334082 0.232954
2 2 0.003959 0.028833 0.411111 0.268754 0.287343
2 2 0.003352 0.026164 0.407771 0.310437 0.252277
2 2 0.003143 0.025166 0.404515 0.331881 0.235294
2 2 0.004253 0.030136 0.410875 0.276631 0.278105
2 2 0.003473 0.026723 0.408460 0.304929 0.256415
2 2 0.006250 0.037601 0.409145 0.220987 0.326017
2 2 0.004765 0.032029 0.410332 0.233395 0.319478
2 2 0.004718 0.031966 0.411249 0.251358 0.300710
2 2 0.004180 0.029715 0.411174 0.252243 0.302689
2 2 0.004184 0.029808 0.411184 0.267623 0.287202
2 2 0.002944 0.024120 0.395513 0.373729 0.203695
2 2 0.002854 0.023735 0.403045 0.339678 0.230689
3 2 0.002542 0.021961 0.385551 0.408893 0.181054
2 2 0.003558 0.027110 0.409210 0.298035 0.262087
2 2 0.002853 0.023705 0.398996 0.359268 0.215179
2 2 0.003357 0.026189 0.404877 0.329912 0.235666
2 2 0.004102 0.029513 0.410340 0.285506 0.270540
2 2 0.003952 0.028846 0.410617 0.280926 0.275659
2 2 0.003469 0.026713 0.406796 0.317781 0.245241
2 2 0.003942 0.028786 0.410833 0.276681 0.279759
2 2 0.004016 0.029107 0.410924 0.274903 0.281050
2 2 0.003333 0.026073 0.407817 0.310034 0.252743
2 2 0.003061 0.024762 0.403186 0.339184 0.229807
2 2 0.003872 0.028507 0.410177 0.287459 0.269985
2 2 0.003041 0.024672 0.406237 0.320973 0.245078
2 2 0.002786 0.023372 0.399906 0.355119 0.218818
2 2 0.003495 0.026802 0.409909 0.289842 0.269952
2 2 0.003493 0.026820 0.407958 0.309166 0.252563
2 2 0.002757 0.023229 0.400313 0.353197 0.220505
2 2 0.003411 0.026419 0.401290 0.348692 0.220189
2 2 0.004319 0.030438 0.410553 0.282410 0.272280
2 3 0.003478 0.026730 0.409745 0.291842 0.268205
2 3 0.003163 0.025266 0.406235 0.321238 0.244099
2 3 0.002603 0.022384 0.394350 0.378236 0.202426
2 3 0.003199 0.025432 0.408375 0.304958 0.258035
2 3 0.003102 0.024958 0.402375 0.343430 0.226135
2 3 0.002533 0.022003 0.392764 0.384191 0.198508
2 3 0.003227 0.025572 0.406437 0.319976 0.244788
2 3 0.003190 0.025380 0.402262 0.344023 0.225146
2 3 0.003017 0.024527 0.400099 0.354360 0.217996
2 3 0.003354 0.026177 0.406502 0.319697 0.244270
2 3 0.003120 0.025053 0.407541 0.311691 0.252596
2 3 0.003953 0.028829 0.410901 0.275167 0.281150
2 3 0.002907 0.023984 0.400091 0.354357 0.218660
2 3 0.003369 0.026245 0.406975 0.316428 0.246983
2 3 0.002669 0.022773 0.399551 0.356607 0.218400
2 3 0.002811 0.023480 0.397708 0.364808 0.211193
2 3 0.003426 0.026516 0.406337 0.320864 0.242858
2 3 0.002701 0.022898 0.395309 0.374543 0.204548
2 3 0.003032 0.024597 0.400005 0.354792 0.217574
2 3 0.002785 0.023366 0.399609 0.356473 0.217767
2 3 0.003354 0.026175 0.406380 0.320522 0.243570
2 3 0.002943 0.024184 0.404149 0.333718 0.235006
2 3 0.003271 0.025784 0.405725 0.324695 0.240525
2 3 0.002793 0.023405 0.399165 0.358478 0.216158
2 3 0.004106 0.029516 0.410650 0.280688 0.275041
2 3 0.003681 0.027646 0.410262 0.285710 0.272701
2 3 0.003743 0.027905 0.410706 0.278363 0.279284
2 3 0.003560 0.027099 0.410000 0.288911 0.270430
2 3 0.003109 0.025004 0.407219 0.314142 0.250526
2 3 0.003277 0.025810 0.405845 0.323938 0.241130
2 3 0.002625 0.022514 0.396200 0.370947 0.207714
2 3 0.003139 0.025151 0.406610 0.318629 0.246470
2 3 0.002855 0.023748 0.404756 0.329971 0.238671
2 3 0.002897 0.023938 0.400684 0.351587 0.220895
2 3 0.003893 0.028607 0.410067 0.288942 0.268490
2 3 0.003198 0.025433 0.407331 0.313521 0.250516
2 3 0.003492 0.026790 0.409803 0.291175 0.268740
2 3 0.003937 0.028763 0.410889 0.275375 0.281036
2 3 0.003096 0.024942 0.407108 0.314938 0.249915
2 3 0.003361 0.026211 0.406411 0.320320 0.243697
2 3 0.003640 0.027501 0.406836 0.317558 0.244465
2 3 0.002677 0.022800 0.398059 0.363223 0.213241
2 3 0.003515 0.026926 0.404606 0.331475 0.233479
2 3 0.003327 0.026021 0.409649 0.292334 0.268670
2 3 0.003871 0.028498 0.410321 0.285432 0.271879
2 3 0.003174 0.025319 0.404613 0.331347 0.235548
2 3 0.003807 0.028221 0.410018 0.289415 0.268539
2 3 0.003432 0.026514 0.409780 0.291210 0.269064
2 3 0.003771 0.028020 0.410864 0.274942 0.282403
2 3 0.003994 0.029081 0.408006 0.308889 0.250030
2 3 0.003126 0.025077 0.408272 0.305611 0.257915
2 3 0.003414 0.026458 0.407672 0.311312 0.251144
2 3 0.003203 0.025449 0.402932 0.340598 0.227818
2 3 0.003935 0.028783 0.410341 0.285266 0.271675
2 3 0.002940 0.024142 0.399657 0.356349 0.216911
2 3 0.003960 0.028928 0.408290 0.306646 0.252176
2 3 0.002887 0.023906 0.403718 0.336055 0.233434
2 3 0.003179 0.025331 0.402367 0.343491 0.225632
2 3 0.004522 0.031310 0.410087 0.288574 0.265507
4 3 0.053931 0.099189 0.213625 0.020964 0.612292
4 3 0.048104 0.093431 0.218055 0.021927 0.618483
4 3 0.044428 0.090773 0.227167 0.024428 0.613205
4 3 0.045220 0.090350 0.219916 0.022323 0.622191
4 1 0.088098 0.170394 0.315591 0.035065 0.390852
2 2 0.127582 0.203441 0.600959 0.026368 0.041649
2 2 0.107918 0.194555 0.625417 0.033573 0.038536
2 2 0.186705 0.214798 0.521485 0.016506 0.060506
2 2 0.272482 0.221890 0.383929 0.013258 0.108441
2 1 0.200353 0.215428 0.356651 0.031392 0.196176
2 2 0.009559 0.060365 0.624455 0.280295 0.025326
2 2 0.008196 0.068114 0.649512 0.183269 0.090909
2 2 0.003977 0.038533 0.524890 0.359914 0.072686
2 2 0.004122 0.029492 0.391739 0.385558 0.189089
3 2 0.003883 0.028336 0.384632 0.409322 0.173827
4 2 0.014498 0.057563 0.357246 0.099862 0.470831
4 2 0.017750 0.064149 0.347795 0.090350 0.479957
4 2 0.025068 0.074984 0.313414 0.062937 0.523597
4 1 0.094104 0.165417 0.282245 0.031266 0.426967
4 2 0.018513 0.066170 0.351458 0.094451 0.469408
2 2 0.004113 0.029469 0.411251 0.259871 0.295297
2 2 0.003319 0.026001 0.408418 0.304949 0.257314
2 2 0.003953 0.028819 0.411043 0.271216 0.284969
2 2 0.003321 0.025987 0.409844 0.289807 0.271042
2 4 0.004343 0.030510 0.411009 0.273720 0.280418
2 4 0.005374 0.034112 0.406221 0.202349 0.351944
4 4 0.020766 0.071294 0.354751 0.099016 0.454174
2 4 0.005850 0.035583 0.401286 0.181404 0.375877
2 4 0.005884 0.036094 0.407187 0.207244 0.343591
2 4 0.006261 0.037467 0.407089 0.206651 0.342532
2 4 0.004244 0.030099 0.410856 0.277015 0.277787
2 4 0.003703 0.027766 0.409509 0.295180 0.263842
2 4 0.003056 0.024749 0.406054 0.322235 0.243906
2 4 0.003605 0.027313 0.409875 0.290686 0.268520
2 4 0.003486 0.026761 0.409838 0.290708 0.269207
4 4 0.107959 0.177981 0.292804 0.075352 0.345904
4 4 0.083971 0.157657 0.313760 0.086489 0.358123
2 1 0.261950 0.175855 0.267571 0.220822 0.073802
2 1 0.193930 0.215405 0.305327 0.045945 0.239393
4 2 0.106823 0.178173 0.296974 0.079836 0.338195
2 2 0.003211 0.025482 0.402007 0.345295 0.224005
2 2 0.003916 0.028734 0.408394 0.305804 0.253152
2 2 0.003695 0.027739 0.403358 0.338151 0.227057
2 2 0.003347 0.026105 0.399287 0.357866 0.213395
2 2 0.005087 0.033505 0.411302 0.261102 0.289005
4 2 0.011908 0.052135 0.370725 0.116623 0.448609
4 2 0.011555 0.051639 0.376539 0.125380 0.434888
4 2 0.011017 0.050932 0.386544 0.143420 0.408087
4 2 0.078557 0.148014 0.301631 0.070037 0.401761
4 4 0.013232 0.056147 0.377682 0.127900 0.425040
2 4 0.004693 0.032033 0.409230 0.297341 0.256704
2 4 0.002978 0.024345 0.401809 0.346194 0.224674
2 4 0.003451 0.026623 0.403803 0.335957 0.230166
2 4 0.003927 0.028752 0.410119 0.288312 0.268890
2 4 0.004513 0.031246 0.410725 0.279452 0.274063
2 2 0.004165 0.029798 0.409890 0.291255 0.264892
