0 0 0.837459 0.065557 0.084609 0.007193 0.005182
0 0 0.473994 0.156102 0.320603 0.020585 0.028716
0 0 0.773243 0.090518 0.102687 0.011358 0.022195
0 0 0.404228 0.187618 0.334201 0.047999 0.025953
0 0 0.415662 0.172597 0.354890 0.028722 0.028129
2 0 0.032308 0.108388 0.737513 0.098316 0.023475
2 0 0.065746 0.132423 0.603327 0.157790 0.040714
2 0 0.101000 0.127091 0.560286 0.170437 0.041187
2 0 0.031514 0.119972 0.678563 0.143753 0.026197
2 0 0.029581 0.112653 0.642921 0.186315 0.028531
2 0 0.159588 0.200965 0.505729 0.062599 0.071119
0 0 0.342152 0.204783 0.339053 0.056813 0.057198
2 0 0.117413 0.184329 0.618362 0.043691 0.036205
2 0 0.287350 0.212873 0.381565 0.068065 0.050147
2 0 0.126091 0.194566 0.583157 0.045664 0.050522
2 0 0.151334 0.200480 0.544546 0.049551 0.054089
2 0 0.163270 0.194289 0.547800 0.041125 0.053516
2 0 0.172959 0.213719 0.495527 0.067180 0.050615
2 0 0.315181 0.202723 0.352716 0.052515 0.076865
2 0 0.146008 0.191791 0.575080 0.036804 0.050317
2 0 0.095464 0.200702 0.589890 0.068221 0.045723
2 0 0.130774 0.203064 0.545469 0.051521 0.069172
2 0 0.097401 0.185521 0.632920 0.047824 0.036333
2 0 0.095466 0.189458 0.624744 0.054683 0.035649
2 0 0.216131 0.198418 0.452018 0.080891 0.052542
2 0 0.164517 0.188457 0.568705 0.033819 0.044501
2 0 0.179755 0.208274 0.479196 0.050150 0.082625
2 0 0.319505 0.203277 0.322157 0.044704 0.110357
2 0 0.258378 0.206573 0.400995 0.047286 0.086767
2 0 0.134053 0.212234 0.501154 0.057657 0.094902
2 0 0.151564 0.185269 0.580840 0.032722 0.049606
2 0 0.243311 0.213788 0.408148 0.055259 0.079495
2 0 0.224035 0.199042 0.469027 0.035911 0.071985
2 0 0.172590 0.198467 0.503636 0.037141 0.088166
0 0 0.458163 0.173119 0.274746 0.030518 0.063455
2 0 0.216306 0.207581 0.467629 0.049905 0.058579
0 0 0.505775 0.165248 0.255491 0.032780 0.040706
2 0 0.253545 0.204583 0.433933 0.048284 0.059656
2 0 0.230199 0.201910 0.473415 0.044269 0.050207
0 0 0.412442 0.186782 0.308369 0.043798 0.048609
2 0 0.185130 0.202907 0.512532 0.049506 0.049926
2 0 0.134480 0.198074 0.575451 0.054397 0.037598
2 0 0.138498 0.200261 0.557721 0.052512 0.051008
2 0 0.275862 0.210730 0.400467 0.062997 0.049943
2 0 0.090850 0.183442 0.640005 0.049023 0.036681
2 0 0.131815 0.184909 0.602241 0.036521 0.044514
2 0 0.311011 0.192065 0.376686 0.047659 0.072579
2 0 0.260417 0.197870 0.436612 0.039618 0.065484
2 0 0.275160 0.220660 0.285765 0.075101 0.143314
2 0 0.263233 0.201468 0.382779 0.037871 0.114648
2 0 0.009994 0.062998 0.717340 0.176844 0.032823
2 0 0.008026 0.056015 0.700220 0.198810 0.036930
2 1 0.009787 0.057842 0.725279 0.184678 0.022414
2 1 0.015787 0.058542 0.742425 0.168191 0.015056
2 1 0.023130 0.061418 0.720910 0.181981 0.012562
2 1 0.060341 0.110065 0.661690 0.144196 0.023708
2 1 0.048890 0.106883 0.707528 0.119540 0.017159
2 2 0.049531 0.117117 0.690800 0.122198 0.020354
2 2 0.073189 0.095756 0.666140 0.148827 0.016089
2 2 0.088522 0.133050 0.626131 0.131393 0.020904
2 2 0.111287 0.155531 0.651942 0.050935 0.030305
2 2 0.103788 0.180491 0.635121 0.043069 0.037532
2 2 0.305706 0.193826 0.399219 0.050455 0.050794
2 2 0.206625 0.192870 0.515252 0.041620 0.043634
2 2 0.108409 0.171035 0.618663 0.058294 0.043600
2 2 0.030304 0.114840 0.750201 0.074944 0.029710
2 2 0.048961 0.135845 0.692479 0.069846 0.052869
2 2 0.036864 0.103486 0.763704 0.075774 0.020171
2 2 0.053766 0.116546 0.603797 0.138484 0.087407
2 2 0.052590 0.119989 0.736605 0.066687 0.024129
2 2 0.033688 0.111045 0.787057 0.053174 0.015035
2 2 0.044865 0.110292 0.751139 0.076054 0.017650
2 2 0.206166 0.148092 0.526367 0.090404 0.028970
2 2 0.055337 0.134415 0.729362 0.061893 0.018993
2 2 0.039178 0.127209 0.722849 0.085397 0.025367
2 2 0.013984 0.058578 0.734359 0.182492 0.010588
2 2 0.014860 0.060766 0.720909 0.194666 0.008798
2 2 0.016122 0.065390 0.664637 0.243307 0.010544
2 2 0.014164 0.063999 0.688637 0.221725 0.011474
2 2 0.015308 0.067054 0.678397 0.227650 0.011591
2 2 0.014611 0.054158 0.652481 0.269808 0.008943
2 3 0.013129 0.053389 0.656816 0.266775 0.009891
2 3 0.010564 0.044345 0.576561 0.359683 0.008848
2 3 0.013682 0.051250 0.586454 0.339938 0.008677
2 3 0.014368 0.055013 0.582032 0.339292 0.009294
2 3 0.015230 0.057152 0.634119 0.284382 0.009117
2 3 0.018915 0.058034 0.623398 0.291704 0.007949
2 3 0.011263 0.043050 0.512783 0.422955 0.009949
2 3 0.012309 0.047060 0.610593 0.322946 0.007092
2 3 0.013186 0.046910 0.572073 0.361004 0.006827
2 3 0.015540 0.052618 0.576676 0.347101 0.008065
2 3 0.008485 0.046662 0.570181 0.361124 0.013548
2 3 0.013023 0.055455 0.575183 0.343474 0.012866
2 3 0.008104 0.042892 0.599190 0.339471 0.010344
2 3 0.011784 0.049866 0.569966 0.357688 0.010696
2 3 0.010271 0.049772 0.684365 0.245676 0.009916
2 3 0.008055 0.047091 0.572989 0.356279 0.015586
2 3 0.022332 0.067650 0.622936 0.269549 0.017532
2 3 0.003993 0.030112 0.627065 0.315407 0.023423
2 3 0.002728 0.027681 0.602726 0.336391 0.030473
2 3 0.003472 0.032203 0.587889 0.341806 0.034629
2 3 0.003000 0.031690 0.625840 0.302740 0.036731
2 3 0.002282 0.026993 0.552114 0.379919 0.038693
2 3 0.002702 0.027888 0.620862 0.309306 0.039242
2 3 0.002060 0.025160 0.553559 0.375843 0.043378
2 3 0.002258 0.025313 0.533114 0.397423 0.041892
2 3 0.003697 0.031515 0.607044 0.327139 0.030605
2 3 0.002223 0.025086 0.520042 0.417435 0.035214
2 3 0.003380 0.032409 0.641420 0.293543 0.029248
2 3 0.003834 0.030592 0.568338 0.364549 0.032686
2 3 0.010516 0.067473 0.602967 0.241920 0.077125
2 3 0.011112 0.067209 0.630241 0.222684 0.068754
2 2 0.059114 0.075999 0.577615 0.243752 0.043520
2 2 0.024754 0.096366 0.777976 0.085455 0.015449
2 2 0.021192 0.090233 0.787706 0.086735 0.014134
2 2 0.012914 0.066182 0.741264 0.170092 0.009548
2 3 0.010776 0.058780 0.680058 0.241678 0.008708
2 3 0.012968 0.061485 0.737034 0.180364 0.008150
2 3 0.010217 0.054096 0.679120 0.248082 0.008484
2 3 0.010657 0.055986 0.703588 0.221091 0.008678
2 3 0.012739 0.058529 0.715326 0.204153 0.009253
2 3 0.010242 0.060430 0.694707 0.222136 0.012485
2 3 0.009431 0.056449 0.718241 0.203902 0.011978
2 3 0.014763 0.067147 0.694427 0.205449 0.018214
2 3 0.013018 0.065403 0.625619 0.279965 0.015995
2 3 0.007782 0.050692 0.655398 0.267974 0.018154
2 3 0.011194 0.055377 0.678696 0.242263 0.012470
2 3 0.025424 0.080325 0.627300 0.249028 0.017923
2 3 0.013342 0.061410 0.735069 0.180174 0.010005
2 3 0.010257 0.053804 0.758161 0.169364 0.008414
2 3 0.015400 0.073898 0.789874 0.107103 0.013725
2 3 0.016469 0.079110 0.763270 0.126562 0.014588
2 3 0.018665 0.076151 0.742482 0.149949 0.012754
2 3 0.023759 0.096237 0.717028 0.145059 0.017918
2 3 0.018809 0.078686 0.757085 0.129990 0.015430
2 3 0.011590 0.060512 0.712124 0.204043 0.011731
2 3 0.011929 0.059784 0.743937 0.171317 0.013033
2 3 0.012421 0.054705 0.652340 0.269532 0.011001
2 3 0.008667 0.050139 0.700386 0.229203 0.011605
2 3 0.014809 0.064614 0.736003 0.171445 0.013129
2 3 0.011067 0.056105 0.690171 0.231672 0.010984
2 3 0.008159 0.043552 0.686453 0.250844 0.010991
2 3 0.009383 0.050598 0.664894 0.262355 0.012769
2 3 0.009812 0.054278 0.654597 0.267417 0.013896
2 3 0.008733 0.051302 0.556827 0.365617 0.017520
2 3 0.009445 0.049709 0.616458 0.306625 0.017763
2 3 0.007371 0.042144 0.583229 0.350979 0.016277
2 3 0.005446 0.035268 0.636412 0.306896 0.015977
2 3 0.008990 0.050453 0.621276 0.299405 0.019876
2 3 0.006648 0.038698 0.628217 0.312249 0.014188
2 3 0.005453 0.038921 0.548180 0.388833 0.018613
2 3 0.013050 0.049599 0.577350 0.345168 0.014832
2 3 0.005497 0.036679 0.527309 0.413140 0.017376
2 3 0.007379 0.039711 0.592892 0.341796 0.018222
2 3 0.009164 0.045199 0.590875 0.337330 0.017432
2 3 0.005053 0.035466 0.573892 0.364553 0.021037
2 3 0.005223 0.035338 0.547556 0.392772 0.019112
2 3 0.005970 0.036632 0.593580 0.347190 0.016628
2 3 0.006599 0.041690 0.583598 0.349728 0.018385
2 3 0.007611 0.041906 0.602838 0.333055 0.014591
2 3 0.005411 0.037020 0.560549 0.377476 0.019545
2 3 0.008437 0.044615 0.584761 0.344483 0.017704
2 3 0.007233 0.042090 0.605929 0.325629 0.019119
2 3 0.005810 0.037078 0.565440 0.372887 0.018785
2 3 0.005469 0.035397 0.561879 0.375424 0.021831
2 3 0.006023 0.038306 0.607317 0.328060 0.020294
2 3 0.004474 0.034373 0.611373 0.330423 0.019357
2 3 0.006396 0.036011 0.629201 0.312047 0.016345
2 3 0.005214 0.036729 0.559105 0.378986 0.019966
2 3 0.006258 0.039454 0.575241 0.354715 0.024332
2 3 0.006330 0.038262 0.561854 0.375400 0.018154
2 3 0.004885 0.033564 0.533969 0.408733 0.018850
2 3 0.005706 0.037586 0.578283 0.357362 0.021062
2 3 0.005762 0.038269 0.566919 0.367846 0.021204
2 3 0.005780 0.038452 0.562759 0.372276 0.020733
2 3 0.006321 0.038579 0.593089 0.335881 0.026130
2 3 0.004310 0.033190 0.563135 0.373880 0.025486
2 3 0.003342 0.030635 0.509563 0.425704 0.030755
2 3 0.004157 0.033140 0.621190 0.313372 0.028141
2 3 0.004800 0.034655 0.614303 0.320448 0.025793
2 3 0.004733 0.040068 0.648102 0.254761 0.052337
2 3 0.004951 0.041788 0.630144 0.264509 0.058609
2 3 0.003968 0.032505 0.494488 0.334904 0.134135
2 3 0.003833 0.027516 0.463585 0.388947 0.116119
2 3 0.004978 0.032688 0.468799 0.333029 0.160505
2 3 0.005276 0.036992 0.483054 0.293703 0.180976
2 3 0.007380 0.038954 0.445943 0.275188 0.232535
2 3 0.005564 0.036853 0.474690 0.287112 0.195780
2 3 0.006423 0.033754 0.440307 0.298707 0.220809
2 3 0.006035 0.034835 0.451861 0.281402 0.225868
2 3 0.005018 0.032518 0.461771 0.276175 0.224518
2 3 0.005961 0.037684 0.464983 0.260862 0.230510
2 3 0.004767 0.031379 0.460894 0.273650 0.229310
2 3 0.004626 0.030496 0.461596 0.286447 0.216835
2 3 0.006323 0.036606 0.453246 0.270301 0.233524
2 3 0.006136 0.036020 0.454116 0.270610 0.233118
2 3 0.004190 0.026790 0.451252 0.302890 0.214878
2 3 0.005541 0.036208 0.464760 0.253091 0.240399
2 3 0.004809 0.032954 0.466592 0.259831 0.235814
2 3 0.006873 0.037588 0.448372 0.275198 0.231969
2 3 0.007742 0.046015 0.456689 0.192494 0.297060
2 3 0.008245 0.045611 0.451057 0.201320 0.293767
2 3 0.007825 0.045389 0.453203 0.188978 0.304604
2 2 0.008353 0.048718 0.452000 0.175305 0.315625
2 2 0.006220 0.040034 0.462864 0.202583 0.288299
2 2 0.009634 0.053892 0.434081 0.135751 0.366642
2 2 0.009770 0.051978 0.441816 0.167361 0.329074
2 2 0.008119 0.048035 0.449084 0.162904 0.331857
2 2 0.009795 0.050988 0.435800 0.158170 0.345247
2 2 0.008070 0.046941 0.446807 0.163054 0.335128
2 2 0.012401 0.060915 0.422974 0.134515 0.369195
2 2 0.010785 0.054407 0.430925 0.150361 0.353522
2 2 0.010285 0.053202 0.426891 0.137948 0.371674
2 2 0.011383 0.055705 0.429752 0.153536 0.349624
2 2 0.007781 0.046422 0.453289 0.176016 0.316492
2 2 0.011127 0.055777 0.428456 0.145105 0.359534
2 2 0.013847 0.060171 0.418381 0.151159 0.356443
2 2 0.011429 0.054916 0.427544 0.153484 0.352627
2 2 0.011209 0.053841 0.432271 0.167191 0.335487
2 2 0.011743 0.056942 0.426168 0.146408 0.358739
2 2 0.015914 0.066033 0.412220 0.143879 0.361953
2 2 0.016555 0.069762 0.409909 0.134279 0.369495
2 2 0.013788 0.062058 0.418063 0.141428 0.364663
2 2 0.014073 0.061721 0.416521 0.143891 0.363794
4 2 0.061261 0.125498 0.310580 0.088727 0.413934
2 2 0.010368 0.053559 0.433672 0.151977 0.350423
2 2 0.012247 0.058002 0.423806 0.145598 0.360348
2 2 0.013685 0.060585 0.414768 0.139243 0.371720
2 2 0.011252 0.054049 0.428477 0.156721 0.349501
2 2 0.010957 0.054944 0.429120 0.147195 0.357784
2 2 0.011416 0.056743 0.432277 0.154818 0.344746
2 2 0.012135 0.060184 0.427078 0.140961 0.359642
2 2 0.010035 0.051910 0.439727 0.169689 0.328640
2 2 0.012158 0.057735 0.425392 0.148669 0.356046
2 2 0.011950 0.057043 0.426739 0.151134 0.353134
2 2 0.012525 0.058214 0.419826 0.141197 0.368239
2 2 0.010504 0.053072 0.434589 0.160349 0.341485
2 2 0.011500 0.056896 0.425668 0.141184 0.364753
2 2 0.011489 0.055362 0.428748 0.155219 0.349183
2 2 0.013366 0.059648 0.414816 0.138443 0.373727
2 2 0.013060 0.060310 0.417982 0.137362 0.371287
2 2 0.010299 0.053423 0.435480 0.155421 0.345376
2 2 0.011222 0.053929 0.426998 0.153157 0.354695
2 2 0.011523 0.054663 0.428952 0.160503 0.344359
2 2 0.012044 0.056823 0.424341 0.148601 0.358191
2 2 0.013315 0.060153 0.421406 0.149104 0.356022
2 2 0.011072 0.055122 0.433487 0.159082 0.341238
2 2 0.011076 0.056841 0.428232 0.138935 0.364915
2 2 0.013372 0.058095 0.418111 0.152310 0.358113
2 2 0.011973 0.057713 0.428124 0.151445 0.350746
2 2 0.010708 0.052814 0.436156 0.172311 0.328011
2 2 0.011971 0.055898 0.430428 0.167735 0.333967
2 2 0.011209 0.054622 0.432962 0.164089 0.337117
2 2 0.010052 0.052766 0.439746 0.164252 0.333185
2 2 0.009149 0.049339 0.443650 0.172649 0.325213
2 2 0.012235 0.057745 0.428856 0.158461 0.342703
2 2 0.011171 0.055522 0.433744 0.159792 0.339771
2 2 0.011450 0.056072 0.431293 0.156766 0.344418
2 2 0.010838 0.054456 0.436477 0.165488 0.332741
2 2 0.010316 0.052513 0.438318 0.169530 0.329323
2 2 0.006903 0.039601 0.454953 0.245923 0.252620
2 2 0.008612 0.045964 0.450358 0.222130 0.272936
2 2 0.008022 0.044739 0.453588 0.217795 0.275856
2 2 0.007187 0.043006 0.459275 0.215942 0.274591
2 2 0.007578 0.045758 0.459792 0.202031 0.284841
4 2 0.038236 0.099022 0.317384 0.073824 0.471534
4 2 0.042883 0.102666 0.306666 0.070678 0.477107
4 2 0.041985 0.101927 0.313194 0.075239 0.467654
4 2 0.076539 0.106461 0.224131 0.044594 0.548274
2 1 0.151648 0.177774 0.368935 0.027435 0.274209
2 2 0.005981 0.046038 0.694543 0.207361 0.046076
2 2 0.007593 0.047012 0.689983 0.191562 0.063850
2 2 0.006342 0.046346 0.671940 0.223715 0.051658
2 2 0.007892 0.048399 0.691507 0.214601 0.037601
2 2 0.004787 0.043362 0.674356 0.225981 0.051514
2 2 0.004522 0.037192 0.639101 0.292013 0.027173
2 2 0.008157 0.045018 0.702751 0.220291 0.023783
2 2 0.003727 0.033998 0.621605 0.313949 0.026721
2 2 0.005294 0.039903 0.682363 0.246899 0.025542
2 2 0.005599 0.041432 0.627796 0.301124 0.024049
2 2 0.004415 0.037355 0.645328 0.285614 0.027287
2 2 0.004633 0.039059 0.638403 0.291210 0.026694
2 2 0.003486 0.031936 0.639883 0.300623 0.024072
2 2 0.004445 0.036332 0.662369 0.270138 0.026716
2 2 0.003638 0.036317 0.597017 0.324474 0.038554
2 2 0.017127 0.105102 0.658025 0.125873 0.093873
2 2 0.016463 0.105366 0.656754 0.115738 0.105679
2 1 0.112928 0.231920 0.413986 0.122237 0.118928
2 2 0.026146 0.098557 0.484307 0.144663 0.246327
2 2 0.034099 0.108725 0.481103 0.138412 0.237660
2 2 0.008443 0.052683 0.567026 0.208408 0.163441
2 2 0.007178 0.050488 0.536209 0.225163 0.180962
2 2 0.005194 0.042136 0.530590 0.249725 0.172355
2 2 0.004974 0.044791 0.574841 0.245652 0.129742
2 2 0.005483 0.045417 0.513147 0.259395 0.176557
2 2 0.005138 0.042484 0.576379 0.274835 0.101165
2 2 0.003895 0.037732 0.546571 0.299297 0.112505
2 2 0.004579 0.040632 0.578800 0.261151 0.114838
2 3 0.005675 0.046671 0.590994 0.259135 0.097524
2 3 0.007108 0.048272 0.581507 0.266215 0.096898
2 3 0.016689 0.089423 0.533038 0.151409 0.209440
2 3 0.013906 0.076236 0.526707 0.195661 0.187491
2 3 0.015136 0.081848 0.504504 0.177626 0.220886
2 1 0.101561 0.124515 0.478119 0.182521 0.113284
2 2 0.030108 0.104752 0.684179 0.063129 0.117833
2 2 0.006679 0.039387 0.733944 0.183077 0.036912
2 2 0.008920 0.049086 0.742810 0.168413 0.030770
2 2 0.004965 0.040878 0.693587 0.226704 0.033865
2 2 0.006195 0.037677 0.728046 0.200513 0.027569
2 2 0.007243 0.044114 0.733209 0.186073 0.029361
2 2 0.006303 0.040119 0.671608 0.260205 0.021765
2 2 0.006401 0.041445 0.698048 0.229064 0.025041
2 2 0.006611 0.041269 0.671139 0.258456 0.022525
2 2 0.007969 0.045578 0.712534 0.215945 0.017974
2 2 0.005490 0.035920 0.710213 0.229240 0.019137
2 2 0.012678 0.063841 0.737396 0.161515 0.024571
2 1 0.070348 0.137182 0.655841 0.111858 0.024772
2 2 0.021089 0.085983 0.758711 0.115139 0.019079
2 2 0.017395 0.078462 0.742372 0.141596 0.020175
2 2 0.016385 0.072933 0.739791 0.153101 0.017790
2 2 0.029330 0.101316 0.704778 0.146679 0.017896
2 2 0.031276 0.101723 0.727971 0.124986 0.014043
2 2 0.037987 0.110739 0.702292 0.130150 0.018832
2 2 0.024912 0.094699 0.697451 0.166713 0.016226
2 1 0.102715 0.115507 0.529422 0.233299 0.019057
2 2 0.028142 0.092191 0.787253 0.077607 0.014806
2 2 0.023889 0.089433 0.797930 0.074171 0.014576
2 2 0.028658 0.105521 0.737436 0.113734 0.014650
2 2 0.036602 0.097726 0.767709 0.084008 0.013955
2 2 0.036533 0.110017 0.748766 0.088838 0.015846
2 1 0.331638 0.189893 0.388232 0.040416 0.049822
2 2 0.212309 0.208973 0.467439 0.065738 0.045540
0 1 0.374708 0.192160 0.348164 0.053328 0.031640
2 1 0.213386 0.196940 0.486486 0.036551 0.066637
2 1 0.124325 0.186239 0.609425 0.038874 0.041137
2 2 0.018862 0.084776 0.738822 0.145477 0.012064
2 2 0.032086 0.099237 0.705761 0.152648 0.010267
2 2 0.024916 0.091361 0.702107 0.171649 0.009968
2 1 0.141715 0.120528 0.528868 0.183427 0.025462
2 2 0.029500 0.104220 0.690329 0.163798 0.012152
2 2 0.187195 0.202023 0.492778 0.072688 0.045316
2 1 0.206694 0.227606 0.406594 0.091189 0.067917
2 2 0.107630 0.190431 0.606134 0.043087 0.052717
2 1 0.188014 0.206520 0.473828 0.058995 0.072643
2 1 0.084272 0.189401 0.630498 0.063619 0.032210
2 1 0.025485 0.102462 0.751449 0.107598 0.013006
2 1 0.067422 0.149980 0.636279 0.124121 0.022198
2 2 0.028237 0.105273 0.739867 0.111928 0.014695
2 2 0.035782 0.125981 0.670360 0.152495 0.015382
2 2 0.037307 0.116479 0.688015 0.144287 0.013912
2 2 0.025715 0.095189 0.744784 0.123565 0.010747
2 2 0.032547 0.108545 0.723392 0.124107 0.011409
2 2 0.035808 0.114255 0.709736 0.126937 0.013264
2 2 0.023626 0.086045 0.709483 0.170901 0.009944
2 2 0.029375 0.091711 0.700794 0.168428 0.009692
2 2 0.039081 0.094368 0.608628 0.248914 0.009009
2 2 0.035198 0.096409 0.660571 0.198636 0.009185
2 2 0.034907 0.081164 0.664892 0.212270 0.006767
2 2 0.031996 0.077925 0.589533 0.292158 0.008388
2 2 0.046873 0.077265 0.541057 0.326080 0.008724
2 2 0.046540 0.100939 0.731209 0.112963 0.008350
2 2 0.041399 0.091835 0.699086 0.158508 0.009173
2 2 0.077522 0.125154 0.662685 0.122030 0.012609
2 2 0.072144 0.096780 0.639910 0.181292 0.009874
2 2 0.053473 0.103687 0.644338 0.189292 0.009210
2 2 0.083070 0.120564 0.609764 0.174426 0.012176
2 2 0.082377 0.115960 0.648209 0.142212 0.011243
2 2 0.131389 0.151576 0.540196 0.158136 0.018703
2 2 0.075419 0.126151 0.602695 0.184637 0.011098
2 1 0.212020 0.177508 0.444598 0.144143 0.021731
2 1 0.130789 0.180726 0.618215 0.037081 0.033188
2 2 0.144906 0.186450 0.595143 0.045081 0.028420
2 2 0.235006 0.189778 0.497968 0.039711 0.037537
0 0 0.395893 0.176220 0.328478 0.067077 0.032331
2 1 0.103660 0.198478 0.594390 0.059890 0.043582
2 2 0.038581 0.111520 0.751015 0.081425 0.017459
2 2 0.026692 0.103325 0.745736 0.105611 0.018637
2 2 0.057640 0.102666 0.702323 0.122179 0.015191
2 2 0.058767 0.109039 0.711975 0.104985 0.015235
2 2 0.049795 0.107864 0.698501 0.128474 0.015366
2 1 0.145868 0.188935 0.588229 0.045399 0.031570
2 2 0.095546 0.165767 0.654218 0.056518 0.027950
2 2 0.089530 0.154235 0.673425 0.062331 0.020478
2 2 0.086893 0.162320 0.668962 0.061862 0.019963
2 0 0.185142 0.130383 0.535053 0.123189 0.026233
0 0 0.520253 0.157202 0.228029 0.022971 0.071545
2 1 0.233881 0.185782 0.463679 0.022828 0.093831
2 2 0.162414 0.203129 0.481614 0.039270 0.113572
2 2 0.258140 0.202427 0.377758 0.040422 0.121253
0 0 0.408772 0.175366 0.258147 0.089213 0.068503
2 1 0.082375 0.168858 0.684821 0.041048 0.022898
2 2 0.101995 0.181307 0.642625 0.046569 0.027503
2 2 0.132300 0.155682 0.569105 0.104937 0.037976
2 1 0.201989 0.182159 0.536932 0.052375 0.026545
2 2 0.088310 0.166552 0.685327 0.041328 0.018485
2 2 0.064842 0.136036 0.723307 0.062058 0.013756
2 2 0.069211 0.143068 0.689251 0.083715 0.014755
2 2 0.054890 0.125970 0.731048 0.069343 0.018749
2 2 0.063019 0.156581 0.705074 0.054893 0.020434
2 2 0.107581 0.166360 0.660540 0.039071 0.026448
4 2 0.017162 0.069010 0.381194 0.100164 0.432471
2 2 0.015164 0.064184 0.413384 0.143221 0.364048
2 2 0.013766 0.063423 0.420839 0.141325 0.360648
2 4 0.015683 0.065471 0.409551 0.137610 0.371686
2 4 0.017479 0.071301 0.397295 0.118269 0.395657
2 4 0.013766 0.060875 0.415021 0.139767 0.370571
2 4 0.012550 0.059327 0.422510 0.142259 0.363354
2 4 0.015800 0.065261 0.403289 0.128443 0.387206
2 4 0.012962 0.059774 0.420900 0.143801 0.362563
2 4 0.011180 0.054304 0.430014 0.157469 0.347034
2 4 0.014655 0.061757 0.410868 0.140612 0.372109
2 4 0.014651 0.063194 0.412969 0.139164 0.370023
2 4 0.013401 0.060126 0.416874 0.141033 0.368566
2 4 0.014664 0.062942 0.414957 0.144347 0.363090
2 4 0.013094 0.060126 0.420881 0.144395 0.361504
2 4 0.013036 0.059628 0.422904 0.150065 0.354366
4 4 0.016264 0.069594 0.397510 0.112382 0.404250
2 4 0.014720 0.062555 0.413637 0.143963 0.365125
2 4 0.014097 0.063464 0.413995 0.132789 0.375655
2 4 0.012103 0.057409 0.423156 0.144405 0.362927
2 4 0.013065 0.065495 0.417507 0.119536 0.384397
2 4 0.014801 0.065120 0.415896 0.139785 0.364397
2 4 0.013443 0.062105 0.422484 0.145046 0.356922
2 4 0.013365 0.061093 0.424101 0.151821 0.349620
2 4 0.014854 0.061641 0.413091 0.148621 0.361792
2 4 0.012309 0.056841 0.430951 0.171743 0.328157
2 4 0.013229 0.061183 0.426648 0.155061 0.343878
2 4 0.014434 0.062125 0.420137 0.156186 0.347119
2 4 0.012242 0.056908 0.429947 0.166532 0.334371
2 4 0.011239 0.055160 0.437457 0.175166 0.320978
2 4 0.014169 0.062784 0.419757 0.147865 0.355425
2 4 0.011569 0.055234 0.434299 0.173716 0.325183
2 4 0.013047 0.059541 0.424210 0.153736 0.349466
2 4 0.012501 0.059516 0.425801 0.147528 0.354654
2 4 0.013791 0.061024 0.424009 0.159882 0.341295
2 4 0.012814 0.060170 0.430412 0.161752 0.334853
4 4 0.027838 0.073467 0.340603 0.099706 0.458387
2 4 0.011609 0.064183 0.455583 0.091544 0.377081
2 4 0.012928 0.059840 0.416030 0.133668 0.377534
2 4 0.012915 0.057745 0.426167 0.166027 0.337145
2 4 0.007916 0.043014 0.447093 0.196971 0.305007
2 4 0.008049 0.047619 0.440844 0.144051 0.359438
2 4 0.008564 0.047609 0.446974 0.176528 0.320325
2 4 0.007236 0.043805 0.456136 0.187137 0.305685
2 4 0.009245 0.051923 0.440690 0.150243 0.347899
2 4 0.011025 0.054488 0.424219 0.140614 0.369654
2 4 0.010241 0.053117 0.428436 0.140454 0.367752
2 4 0.010050 0.050420 0.432550 0.160134 0.346846
2 4 0.010535 0.051641 0.429180 0.156075 0.352569
2 4 0.010154 0.048311 0.426629 0.161511 0.353395
2 4 0.010781 0.051957 0.431324 0.165835 0.340103
2 4 0.010724 0.051331 0.430480 0.166207 0.341258
2 4 0.011488 0.055044 0.425100 0.148446 0.359922
2 4 0.010410 0.051009 0.431871 0.163909 0.342801
2 4 0.010575 0.052034 0.434464 0.168820 0.334108
2 4 0.032166 0.092258 0.374733 0.134948 0.365895
2 4 0.029137 0.090925 0.383438 0.135600 0.360900
2 4 0.033623 0.096264 0.372390 0.130397 0.367326
2 1 0.155195 0.206343 0.325879 0.062958 0.249625
2 2 0.086579 0.174090 0.535730 0.023296 0.180305
2 2 0.033968 0.120685 0.669667 0.069365 0.106315
2 2 0.043687 0.121008 0.621249 0.066622 0.147434
2 2 0.030951 0.101643 0.530651 0.118025 0.218730
2 2 0.042294 0.109355 0.402714 0.150424 0.295213
2 2 0.066220 0.128360 0.642673 0.061491 0.101257
2 2 0.063380 0.146624 0.548367 0.062030 0.179599
2 2 0.078840 0.145959 0.519926 0.073150 0.182125
2 2 0.038153 0.125772 0.607397 0.110107 0.118571
2 1 0.253848 0.214422 0.391088 0.062209 0.078432
2 2 0.060946 0.153826 0.621441 0.052870 0.110917
2 2 0.025446 0.091318 0.485268 0.092124 0.305844
2 2 0.022768 0.088510 0.500221 0.089622 0.298880
2 2 0.015240 0.073318 0.430472 0.147295 0.333676
2 2 0.012232 0.067566 0.446710 0.155878 0.317615
2 2 0.011256 0.062473 0.453146 0.179712 0.293413
2 2 0.011754 0.062562 0.450190 0.184924 0.290569
2 2 0.010840 0.059782 0.453660 0.188161 0.287558
2 2 0.012789 0.066565 0.446781 0.176053 0.297811
2 2 0.009967 0.060881 0.458650 0.166271 0.304232
2 2 0.012010 0.064534 0.448782 0.173270 0.301403
2 2 0.010256 0.058660 0.458271 0.195738 0.277075
2 2 0.009658 0.055840 0.459362 0.201255 0.273885
2 2 0.010428 0.058462 0.457153 0.201711 0.272246
2 2 0.010777 0.055976 0.451159 0.221696 0.260392
2 2 0.010668 0.059379 0.456079 0.197487 0.276386
2 2 0.012818 0.064539 0.448434 0.204822 0.269387
2 2 0.013659 0.066806 0.445796 0.203239 0.270500
2 2 0.019976 0.072659 0.418854 0.211008 0.277503
2 2 0.012393 0.062161 0.448309 0.210892 0.266245
2 2 0.011516 0.058608 0.449567 0.217665 0.262644
2 2 0.011306 0.056960 0.448617 0.223379 0.259738
2 2 0.009744 0.051053 0.451169 0.234344 0.253690
2 2 0.012383 0.060739 0.446486 0.217421 0.262972
2 2 0.009783 0.052041 0.452717 0.229249 0.256210
2 2 0.009599 0.052250 0.454762 0.225344 0.258044
2 2 0.011377 0.058346 0.450208 0.217267 0.262802
2 2 0.010693 0.055599 0.451217 0.222559 0.259931
2 2 0.023064 0.073430 0.406564 0.215085 0.281858
2 2 0.010420 0.053758 0.450319 0.228741 0.256762
2 2 0.013124 0.058443 0.437898 0.237034 0.253501
2 2 0.010646 0.054314 0.449420 0.228785 0.256834
2 2 0.009979 0.052938 0.452636 0.227057 0.257390
2 2 0.010371 0.053639 0.450520 0.228719 0.256752
2 2 0.010123 0.051490 0.448607 0.237371 0.252408
2 3 0.010034 0.050921 0.448261 0.239407 0.251377
2 3 0.011822 0.056568 0.444077 0.231764 0.255769
2 3 0.011252 0.053614 0.443180 0.240684 0.251271
2 3 0.010480 0.049144 0.440306 0.256754 0.243316
2 3 0.010180 0.052891 0.450795 0.230193 0.255941
2 3 0.009173 0.048120 0.450449 0.243197 0.249061
2 3 0.010870 0.053826 0.446698 0.234462 0.254144
2 3 0.009701 0.049244 0.447791 0.244532 0.248732
2 3 0.010312 0.053047 0.449949 0.231172 0.255520
2 3 0.010203 0.052398 0.449670 0.233298 0.254430
2 3 0.010072 0.050705 0.447473 0.241241 0.250510
2 3 0.010030 0.050068 0.446503 0.244458 0.248941
2 3 0.010302 0.052090 0.448215 0.236457 0.252936
2 3 0.010636 0.053346 0.447752 0.233978 0.254287
2 3 0.012440 0.055695 0.437917 0.243854 0.250094
2 3 0.011379 0.053751 0.442414 0.241565 0.250891
2 3 0.009573 0.049356 0.449258 0.241872 0.249941
2 3 0.010048 0.051444 0.449189 0.236548 0.252771
2 3 0.010810 0.053683 0.446929 0.234453 0.254125
2 3 0.011339 0.054591 0.444312 0.236376 0.253382
2 3 0.010814 0.051188 0.441920 0.248906 0.247172
2 3 0.010825 0.053929 0.447258 0.233291 0.254698
2 3 0.012134 0.057801 0.443817 0.229093 0.257154
2 3 0.011470 0.053547 0.441284 0.243895 0.249803
2 3 0.010278 0.050996 0.446216 0.242515 0.249996
2 3 0.009635 0.050332 0.450727 0.236942 0.252364
2 3 0.010288 0.052062 0.448282 0.236420 0.252948
2 3 0.009997 0.049788 0.446203 0.245667 0.248345
2 3 0.010749 0.054708 0.449266 0.228031 0.257246
2 3 0.009044 0.049308 0.454295 0.233815 0.253537
2 3 0.010722 0.052634 0.445667 0.239180 0.251797
2 3 0.010644 0.053493 0.447958 0.233269 0.254636
2 3 0.010450 0.051504 0.445744 0.241962 0.250340
2 3 0.010781 0.054691 0.448972 0.228556 0.257000
2 3 0.011648 0.056785 0.445743 0.228512 0.257311
2 3 0.012268 0.058339 0.443718 0.227909 0.257765
2 3 0.010525 0.052656 0.447378 0.236357 0.253083
2 3 0.010283 0.053028 0.450158 0.230879 0.255651
2 3 0.011387 0.053181 0.441232 0.244908 0.249291
2 3 0.012101 0.058074 0.444498 0.227305 0.258022
2 3 0.010463 0.053041 0.448643 0.233314 0.254539
2 3 0.009465 0.052738 0.456839 0.220644 0.260314
2 3 0.008958 0.048518 0.453487 0.237220 0.251817
2 3 0.011472 0.054501 0.442799 0.229129 0.262098
2 3 0.009912 0.052449 0.452109 0.224339 0.261191
2 3 0.010257 0.052941 0.450225 0.230995 0.255582
2 3 0.011595 0.057086 0.445771 0.214367 0.271181
2 3 0.010375 0.054533 0.450802 0.209353 0.274937
2 3 0.012508 0.058045 0.440546 0.216339 0.272562
2 3 0.011672 0.058829 0.447410 0.205129 0.276960
2 3 0.013073 0.059469 0.438437 0.211251 0.277770
2 3 0.012944 0.059083 0.439127 0.215517 0.273329
2 3 0.012828 0.059300 0.440900 0.221847 0.265125
2 3 0.011889 0.057491 0.444382 0.216817 0.269422
2 3 0.011091 0.054230 0.445636 0.235153 0.253890
2 3 0.011925 0.055750 0.441876 0.237374 0.253075
2 3 0.010596 0.053340 0.447704 0.225075 0.263285
2 3 0.011351 0.055110 0.444215 0.217558 0.271766
2 3 0.012332 0.057041 0.439404 0.210926 0.280298
2 3 0.010985 0.055600 0.447014 0.205644 0.280757
2 3 0.011374 0.057678 0.447038 0.200398 0.283513
2 3 0.019611 0.067083 0.420681 0.281804 0.210821
2 3 0.033190 0.094162 0.629583 0.164718 0.078348
2 3 0.040127 0.112672 0.720834 0.085398 0.040970
2 3 0.041229 0.113433 0.725795 0.078716 0.040828
2 3 0.031595 0.106632 0.724581 0.097894 0.039298
2 3 0.017438 0.062148 0.660019 0.247478 0.012916
2 3 0.023536 0.066513 0.660975 0.239157 0.009819
2 3 0.020163 0.068761 0.658772 0.240286 0.012019
2 3 0.018174 0.062714 0.667901 0.238119 0.013091
2 3 0.020644 0.065558 0.611815 0.288579 0.013404
2 3 0.011857 0.054879 0.637247 0.283864 0.012152
2 3 0.016827 0.061606 0.633359 0.274391 0.013817
2 2 0.014428 0.059935 0.654274 0.257646 0.013717
2 2 0.014382 0.056312 0.612010 0.303294 0.014001
2 2 0.014266 0.054191 0.688814 0.231796 0.010933
2 2 0.016158 0.056957 0.602078 0.312587 0.012220
2 2 0.020725 0.066506 0.644714 0.256157 0.011898
2 2 0.018231 0.059596 0.579878 0.330479 0.011816
2 2 0.016182 0.057273 0.609278 0.305447 0.011820
2 2 0.014500 0.059955 0.563323 0.346778 0.015444
2 2 0.016690 0.060217 0.539759 0.369131 0.014203
2 2 0.017955 0.059441 0.499840 0.408614 0.014149
2 2 0.017779 0.059003 0.584268 0.326306 0.012644
2 2 0.010076 0.043102 0.496776 0.436125 0.013921
2 2 0.017022 0.058952 0.592939 0.318422 0.012665
2 2 0.010629 0.048926 0.621385 0.301906 0.017154
2 2 0.011624 0.053089 0.556456 0.364363 0.014468
2 2 0.010583 0.048627 0.536016 0.389105 0.015669
2 2 0.011904 0.052922 0.591575 0.325678 0.017921
2 2 0.010477 0.049105 0.538164 0.385580 0.016674
2 2 0.118071 0.195116 0.464427 0.072497 0.149889
0 0 0.302183 0.228447 0.279294 0.118492 0.071583
2 1 0.275540 0.198033 0.345935 0.035772 0.144719
2 2 0.170853 0.198762 0.323475 0.042063 0.264846
4 2 0.182097 0.198270 0.281562 0.049063 0.289007
2 2 0.015875 0.074586 0.493463 0.157654 0.258422
2 2 0.017359 0.081052 0.512509 0.141912 0.247167
2 2 0.019633 0.081556 0.490117 0.149420 0.259274
2 2 0.016571 0.077163 0.482159 0.161754 0.262353
2 2 0.016915 0.079072 0.533285 0.137310 0.233417
2 2 0.016095 0.081737 0.544221 0.131825 0.226121
2 2 0.015348 0.079541 0.484797 0.139208 0.281107
2 2 0.013686 0.059427 0.435740 0.238051 0.253095
2 2 0.013380 0.061140 0.435338 0.187399 0.302742
2 2 0.018883 0.076134 0.494434 0.135701 0.274847
2 2 0.020196 0.084669 0.427195 0.103518 0.364423
2 2 0.016908 0.072595 0.420236 0.150685 0.339576
2 2 0.017673 0.079130 0.425676 0.119008 0.358513
2 2 0.012913 0.065313 0.441110 0.167071 0.313592
2 2 0.012794 0.058580 0.438627 0.209347 0.280652
2 2 0.018407 0.070587 0.404977 0.142991 0.363037
2 2 0.016778 0.068389 0.412354 0.146730 0.355749
2 2 0.017498 0.067805 0.409866 0.153125 0.351706
2 2 0.015202 0.063219 0.420620 0.166067 0.334892
2 2 0.017899 0.071614 0.408312 0.140537 0.361638
4 2 0.030999 0.095337 0.359876 0.100677 0.413111
4 2 0.034738 0.096455 0.354325 0.106462 0.408019
4 2 0.045446 0.105144 0.322437 0.088704 0.438269
4 2 0.037348 0.102033 0.343441 0.094406 0.422772
2 1 0.216630 0.195260 0.308310 0.041672 0.238127
2 2 0.014894 0.074906 0.407664 0.102511 0.400025
2 2 0.013472 0.068690 0.428629 0.133410 0.355799
2 2 0.054682 0.110261 0.392752 0.057231 0.385073
2 2 0.013186 0.058846 0.431526 0.183755 0.312687
2 2 0.011698 0.055448 0.439421 0.198085 0.295348
2 2 0.012673 0.057266 0.424662 0.159422 0.345978
2 2 0.012756 0.057354 0.421641 0.153101 0.355148
2 2 0.012642 0.057937 0.409179 0.125188 0.395053
2 2 0.012759 0.057280 0.425368 0.163081 0.341512
2 2 0.012555 0.055997 0.425619 0.167013 0.338816
2 2 0.011857 0.054476 0.432135 0.180605 0.320927
2 2 0.010570 0.051420 0.438762 0.189409 0.309840
2 2 0.009934 0.049247 0.442778 0.205786 0.292256
2 2 0.010638 0.052358 0.439372 0.185437 0.312195
2 2 0.010391 0.053217 0.442579 0.181111 0.312702
2 2 0.017060 0.067510 0.412800 0.155326 0.347304
2 2 0.015402 0.064403 0.420433 0.163017 0.336745
2 2 0.014863 0.061704 0.422492 0.173826 0.327116
2 2 0.015629 0.064392 0.414473 0.151502 0.354004
4 2 0.045974 0.087433 0.310047 0.097398 0.459149
2 1 0.110147 0.197070 0.591697 0.072494 0.028592
2 2 0.129621 0.171386 0.581846 0.063990 0.053157
2 2 0.066508 0.160225 0.656886 0.074550 0.041832
2 2 0.057039 0.139808 0.689360 0.075701 0.038092
2 2 0.038766 0.133754 0.678072 0.112496 0.036913
2 2 0.013776 0.055700 0.712080 0.206895 0.011549
2 2 0.008917 0.048855 0.688351 0.238836 0.015040
2 2 0.012351 0.052449 0.740187 0.183940 0.011073
2 2 0.013635 0.057482 0.712267 0.206136 0.010481
2 2 0.010679 0.052841 0.714750 0.208228 0.013501
2 2 0.021913 0.071647 0.661702 0.232126 0.012612
2 2 0.011704 0.051268 0.700692 0.225787 0.010548
2 2 0.010757 0.049389 0.667119 0.260635 0.012100
2 2 0.011313 0.050668 0.615174 0.312422 0.010423
2 2 0.008942 0.047925 0.656640 0.273356 0.013137
2 2 0.040421 0.120130 0.662572 0.154483 0.022395
2 2 0.048053 0.129370 0.686205 0.116650 0.019723
2 2 0.031694 0.110798 0.684871 0.149091 0.023547
2 1 0.137686 0.102661 0.519787 0.221672 0.018193
2 2 0.034088 0.089388 0.763895 0.099605 0.013023
2 2 0.017301 0.073226 0.715865 0.177519 0.016088
2 2 0.019491 0.070724 0.758501 0.137534 0.013750
2 2 0.019807 0.068380 0.739412 0.159754 0.012647
2 2 0.017415 0.062787 0.752126 0.156492 0.011180
2 2 0.021134 0.070463 0.754031 0.142448 0.011923
2 2 0.022441 0.068766 0.703483 0.194254 0.011056
2 2 0.020608 0.067954 0.716563 0.184229 0.010646
2 2 0.021933 0.070022 0.746120 0.152348 0.009578
2 2 0.022596 0.067471 0.739754 0.158991 0.011187
2 2 0.022471 0.067511 0.724629 0.175671 0.009718
2 2 0.028781 0.094816 0.739929 0.120105 0.016369
2 2 0.041230 0.114237 0.706961 0.120257 0.017315
2 2 0.038582 0.110476 0.690257 0.141011 0.019674
2 2 0.035645 0.107091 0.701384 0.138568 0.017312
2 1 0.164113 0.102277 0.476452 0.230350 0.026808
2 2 0.149872 0.203751 0.521193 0.044588 0.080595
2 1 0.224481 0.196926 0.486714 0.041674 0.050205
2 2 0.268906 0.193968 0.418051 0.030662 0.088414
2 2 0.138304 0.176174 0.622574 0.031906 0.031042
2 2 0.136625 0.172220 0.633048 0.029707 0.028400
2 2 0.043950 0.107655 0.753017 0.083306 0.012072
2 2 0.056007 0.126637 0.704477 0.101849 0.011031
2 2 0.040071 0.110551 0.724949 0.113312 0.011117
2 2 0.056613 0.124241 0.695350 0.111963 0.011834
2 2 0.041365 0.110739 0.728738 0.108101 0.011058
2 2 0.021390 0.063529 0.699168 0.209135 0.006777
2 2 0.034406 0.091173 0.688684 0.175341 0.010396
2 2 0.037050 0.089097 0.659190 0.205121 0.009542
2 2 0.039574 0.095525 0.667374 0.187043 0.010484
2 2 0.029217 0.079948 0.653074 0.227974 0.009788
2 2 0.024048 0.077249 0.707835 0.181193 0.009675
2 2 0.031969 0.089813 0.694613 0.171779 0.011826
2 2 0.029628 0.095973 0.690148 0.171346 0.012905
2 2 0.032491 0.095961 0.700762 0.157474 0.013313
2 2 0.031164 0.088273 0.686157 0.183693 0.010713
2 2 0.021128 0.068722 0.678207 0.223362 0.008581
2 2 0.024236 0.074364 0.679783 0.212252 0.009365
2 2 0.026664 0.075382 0.630594 0.257422 0.009937
2 2 0.023955 0.070002 0.685913 0.211441 0.008690
2 2 0.028554 0.074380 0.652993 0.234710 0.009363
2 2 0.033946 0.088442 0.717522 0.149140 0.010950
2 2 0.028580 0.084159 0.656360 0.218794 0.012108
2 2 0.029742 0.090912 0.679176 0.187175 0.012996
2 2 0.030411 0.092958 0.698156 0.164758 0.013717
2 2 0.021228 0.075660 0.686121 0.204217 0.012774
2 2 0.050340 0.137368 0.706057 0.079015 0.027220
2 2 0.050486 0.129889 0.721243 0.070216 0.028166
2 1 0.227905 0.227693 0.372023 0.136606 0.035773
2 2 0.058695 0.134603 0.668111 0.091834 0.046757
2 2 0.057487 0.142889 0.616214 0.118985 0.064426
2 2 0.011781 0.054423 0.670399 0.235970 0.027427
2 2 0.014259 0.062349 0.696087 0.205343 0.021961
2 2 0.010857 0.052728 0.675682 0.235172 0.025562
2 2 0.008926 0.049304 0.641602 0.278135 0.022032
2 2 0.007093 0.043723 0.663890 0.259313 0.025981
2 2 0.006233 0.044515 0.509308 0.290150 0.149794
2 2 0.005432 0.041776 0.509456 0.305181 0.138156
2 2 0.004970 0.038361 0.497710 0.304838 0.154121
2 2 0.004719 0.036669 0.509081 0.314109 0.135422
2 2 0.005546 0.041454 0.501759 0.306040 0.145201
2 2 0.006180 0.045559 0.542620 0.284225 0.121417
2 2 0.006791 0.044615 0.493590 0.309018 0.145987
2 2 0.006627 0.045398 0.541029 0.287156 0.119790
2 2 0.006805 0.043803 0.482327 0.306384 0.160682
2 2 0.005407 0.040488 0.495863 0.324571 0.133671
2 2 0.004507 0.037067 0.502738 0.322034 0.133654
2 2 0.006250 0.043335 0.490731 0.294857 0.164828
2 2 0.005151 0.037103 0.486571 0.331735 0.139440
2 2 0.005333 0.040364 0.501912 0.310315 0.142077
2 2 0.006001 0.044127 0.499137 0.290457 0.160279
2 2 0.006163 0.040850 0.527458 0.251010 0.174519
2 2 0.006990 0.044914 0.485423 0.302599 0.160074
2 2 0.006885 0.042329 0.473749 0.290865 0.186172
2 2 0.005720 0.042193 0.505027 0.301652 0.145408
2 2 0.005158 0.038597 0.493808 0.320176 0.142261
2 2 0.019107 0.078306 0.449368 0.219049 0.234170
2 2 0.013520 0.065805 0.460164 0.249314 0.211197
2 2 0.020049 0.081511 0.457865 0.182092 0.258482
2 2 0.016220 0.069915 0.443416 0.236831 0.233618
2 2 0.169372 0.126990 0.375172 0.228344 0.100122
2 2 0.127310 0.201378 0.538113 0.048730 0.084470
2 2 0.075136 0.167015 0.659506 0.024905 0.073438
2 2 0.080551 0.179223 0.570069 0.028069 0.142089
2 2 0.070703 0.125777 0.404717 0.062163 0.336640
2 2 0.043645 0.111757 0.375915 0.171657 0.297027
2 2 0.016829 0.068411 0.417917 0.161199 0.335644
2 2 0.059440 0.132743 0.474161 0.036130 0.297525
2 2 0.016857 0.067599 0.424664 0.191203 0.299677
2 2 0.016302 0.070016 0.424272 0.162628 0.326782
2 2 0.017619 0.071403 0.421831 0.172579 0.316567
2 4 0.017128 0.067327 0.407092 0.143860 0.364594
4 4 0.019031 0.075202 0.373246 0.091552 0.440969
4 4 0.019126 0.070447 0.379541 0.108330 0.422556
4 4 0.054706 0.116858 0.281043 0.058358 0.489035
2 4 0.018848 0.071342 0.407466 0.151139 0.351205
2 4 0.017967 0.070481 0.410799 0.150944 0.349808
2 4 0.017536 0.068317 0.412930 0.159267 0.341950
2 4 0.018566 0.070862 0.406613 0.147455 0.356503
2 4 0.019329 0.073941 0.403271 0.138541 0.364918
2 4 0.018598 0.071358 0.408668 0.150732 0.350644
2 2 0.017527 0.070731 0.417109 0.159658 0.334976
2 2 0.019582 0.073130 0.407240 0.153043 0.347006
2 2 0.017998 0.070164 0.411994 0.155593 0.344251
2 2 0.019660 0.073730 0.409656 0.157913 0.339040
2 2 0.017547 0.070118 0.415664 0.158744 0.337927
4 2 0.031934 0.094201 0.368359 0.118419 0.387087
4 2 0.035183 0.096417 0.361593 0.119140 0.387666
4 1 0.108330 0.182027 0.278086 0.051082 0.380474
4 1 0.040238 0.098571 0.338821 0.102037 0.420333
4 2 0.038211 0.100585 0.347671 0.104273 0.409259
2 2 0.017613 0.070997 0.410102 0.142977 0.358311
2 2 0.017893 0.071573 0.411075 0.146511 0.352947
2 4 0.018291 0.069289 0.408553 0.154663 0.349204
2 4 0.022864 0.077791 0.388416 0.131409 0.379521
2 4 0.020227 0.074608 0.399879 0.138858 0.366427
4 4 0.039347 0.101862 0.344641 0.102368 0.411782
4 4 0.031262 0.090544 0.372907 0.129757 0.375530
4 4 0.038120 0.101662 0.353491 0.110526 0.396201
4 4 0.097763 0.179929 0.335865 0.039033 0.347409
4 4 0.048608 0.117556 0.306814 0.046547 0.480475
2 4 0.015760 0.067772 0.415441 0.142058 0.358970
2 4 0.013942 0.060991 0.424185 0.163551 0.337331
2 4 0.016498 0.066935 0.412439 0.148793 0.355335
2 4 0.013985 0.060593 0.423635 0.165090 0.336697
2 4 0.017765 0.069198 0.405485 0.141455 0.366097
4 4 0.027289 0.087888 0.363634 0.100713 0.420476
4 4 0.027056 0.087008 0.367518 0.105922 0.412496
4 4 0.031281 0.087755 0.353296 0.104876 0.422792
4 1 0.079548 0.115626 0.344532 0.043158 0.417136
4 1 0.047498 0.086043 0.250038 0.048877 0.567544
2 1 0.015422 0.067221 0.418473 0.145899 0.352985
2 4 0.014905 0.062688 0.421933 0.167049 0.333425
2 4 0.016463 0.066810 0.417751 0.162224 0.336753
2 4 0.014034 0.059212 0.425401 0.181068 0.320286
2 4 0.015648 0.064436 0.418042 0.160624 0.341250
2 4 0.016387 0.065106 0.413283 0.157081 0.348144
2 4 0.017850 0.069191 0.408993 0.150184 0.353782
4 4 0.022207 0.071211 0.383834 0.136360 0.386388
2 4 0.016807 0.067863 0.410504 0.145055 0.359771
2 4 0.014386 0.063038 0.421283 0.153862 0.347431
2 4 0.019529 0.073735 0.395118 0.126217 0.385401
2 4 0.017215 0.067781 0.402826 0.134873 0.377304
2 4 0.018251 0.070373 0.404370 0.140696 0.366311
2 4 0.017920 0.068860 0.402131 0.137674 0.373415
4 4 0.025585 0.074906 0.369222 0.125099 0.405188
4 4 0.022936 0.078380 0.384242 0.123319 0.391123
4 4 0.023185 0.079410 0.384407 0.122922 0.390076
2 4 0.021168 0.074462 0.393290 0.135383 0.375697
2 4 0.020401 0.074185 0.396502 0.135235 0.373678
4 4 0.088831 0.110059 0.246675 0.069246 0.485189
4 4 0.054945 0.129486 0.326130 0.040117 0.449322
