0 0 0.504399 0.173597 0.247875 0.027332 0.046797
0 0 0.427489 0.189308 0.297448 0.036353 0.049402
0 0 0.440540 0.191053 0.275610 0.038642 0.054154
0 0 0.423279 0.187244 0.296825 0.027626 0.065025
0 0 0.575096 0.159631 0.192243 0.021921 0.051109
0 0 0.404174 0.187886 0.318671 0.027608 0.061660
0 0 0.501249 0.179317 0.232674 0.031306 0.055454
0 0 0.447316 0.186129 0.282727 0.034326 0.049502
0 0 0.422126 0.187000 0.309598 0.033133 0.048143
0 0 0.540148 0.172691 0.191839 0.027905 0.067418
2 0 0.268504 0.210837 0.401994 0.054539 0.064126
2 0 0.316460 0.210819 0.353777 0.054643 0.064301
2 0 0.315818 0.213365 0.344391 0.057362 0.069065
2 0 0.271430 0.209144 0.401925 0.048458 0.069044
2 0 0.329861 0.209197 0.343745 0.051066 0.066131
2 0 0.266892 0.209022 0.409871 0.052864 0.061351
2 0 0.250969 0.211228 0.411882 0.049839 0.076082
0 0 0.326917 0.215483 0.325374 0.065633 0.066593
2 0 0.271693 0.215134 0.383073 0.059510 0.070590
2 0 0.262027 0.214696 0.395286 0.075311 0.052680
2 0 0.225871 0.225041 0.360479 0.066203 0.122405
2 0 0.212050 0.216763 0.407619 0.052183 0.111385
2 0 0.223016 0.208382 0.426310 0.039719 0.102574
2 0 0.229495 0.216403 0.366334 0.045515 0.142253
2 0 0.249701 0.210660 0.371616 0.037235 0.130788
2 0 0.310746 0.201930 0.376268 0.035079 0.075976
2 0 0.344347 0.200042 0.347931 0.034637 0.073044
0 0 0.318271 0.210094 0.315714 0.038914 0.117007
2 0 0.287992 0.211867 0.373839 0.049476 0.076826
0 0 0.340859 0.204484 0.330291 0.036709 0.087658
2 0 0.350146 0.196625 0.361302 0.037419 0.054507
0 0 0.388567 0.202148 0.254572 0.035295 0.119418
0 0 0.471252 0.181602 0.258743 0.027818 0.060585
0 0 0.450386 0.192142 0.249981 0.036175 0.071316
0 0 0.392233 0.194899 0.318606 0.036546 0.057717
2 0 0.329283 0.210344 0.343025 0.057764 0.059584
0 0 0.340286 0.214487 0.313113 0.062938 0.069176
0 0 0.365043 0.209853 0.300625 0.054925 0.069554
0 0 0.511009 0.184308 0.173997 0.037361 0.093324
0 0 0.392385 0.206826 0.281963 0.059898 0.058927
0 0 0.396174 0.197021 0.306052 0.038041 0.062713
0 0 0.356396 0.206317 0.309795 0.040920 0.086571
0 0 0.414815 0.203141 0.231688 0.042835 0.107521
0 0 0.408273 0.200708 0.258361 0.037884 0.094774
2 0 0.308493 0.214744 0.344814 0.056577 0.075372
2 0 0.316247 0.210249 0.344458 0.044827 0.084218
0 0 0.332272 0.212110 0.304029 0.044401 0.107188
2 0 0.283283 0.204180 0.408402 0.045252 0.058884
2 0 0.260821 0.209732 0.411226 0.050882 0.067339
2 0 0.284424 0.212784 0.356304 0.043461 0.103028
2 0 0.272652 0.204631 0.407047 0.038288 0.077382
0 0 0.359602 0.208143 0.276450 0.040312 0.115492
2 0 0.280229 0.211353 0.316016 0.037258 0.155143
2 0 0.274177 0.215167 0.368194 0.050001 0.092462
2 0 0.315550 0.208029 0.330124 0.036610 0.109688
2 0 0.235754 0.214091 0.361655 0.041335 0.147166
2 0 0.246191 0.212973 0.352896 0.039340 0.148600
2 0 0.247697 0.216009 0.312763 0.044067 0.179465
2 0 0.224919 0.210489 0.418845 0.042282 0.103466
0 0 0.345813 0.207513 0.295688 0.037810 0.113176
2 0 0.235626 0.216592 0.364607 0.045865 0.137309
2 0 0.214781 0.210059 0.450705 0.055509 0.068945
0 0 0.310383 0.214487 0.305470 0.044706 0.124954
2 0 0.233080 0.214255 0.393333 0.045219 0.114112
2 0 0.226756 0.214790 0.395422 0.046087 0.116945
0 0 0.638763 0.144996 0.155830 0.021739 0.038672
0 0 0.714128 0.116318 0.113349 0.018750 0.037454
0 0 0.753174 0.108135 0.096901 0.011587 0.030203
0 0 0.721147 0.118869 0.108545 0.013116 0.038323
0 0 0.435057 0.184253 0.295627 0.027480 0.057582
4 0 0.035309 0.106063 0.334272 0.043212 0.481144
4 0 0.046902 0.125969 0.303817 0.038447 0.484864
4 0 0.052055 0.126710 0.271989 0.036475 0.512771
4 0 0.046540 0.113665 0.259098 0.033886 0.546811
4 0 0.066846 0.129664 0.196083 0.026387 0.581020
4 0 0.037464 0.092627 0.285575 0.056739 0.527595
4 0 0.048272 0.104743 0.249957 0.050440 0.546588
4 0 0.039967 0.106706 0.327275 0.061986 0.464067
2 0 0.035820 0.114937 0.403971 0.067748 0.377524
4 0 0.045444 0.110382 0.275991 0.044776 0.523406
4 0 0.086305 0.145793 0.188205 0.023906 0.555791
4 0 0.080849 0.151433 0.217170 0.031112 0.519436
4 0 0.184262 0.175859 0.260894 0.017781 0.361204
4 0 0.218523 0.181278 0.257213 0.018484 0.324502
4 0 0.167656 0.159218 0.223771 0.016510 0.432846
0 0 0.805110 0.087835 0.079382 0.007614 0.020060
0 0 0.714506 0.115385 0.137188 0.013728 0.019193
0 0 0.965275 0.017043 0.016295 0.000362 0.001024
0 0 0.625790 0.152468 0.134412 0.024573 0.062756
0 0 0.594003 0.146735 0.213627 0.024491 0.021143
2 0 0.114623 0.213636 0.470951 0.080864 0.119927
2 0 0.091846 0.198659 0.537821 0.068307 0.103367
2 0 0.094221 0.209975 0.485160 0.093715 0.116929
2 0 0.043317 0.146626 0.645755 0.106784 0.057518
2 0 0.069493 0.182972 0.591927 0.089407 0.066201
2 0 0.074042 0.204020 0.475093 0.091108 0.155738
2 0 0.088807 0.185030 0.449175 0.088340 0.188648
2 0 0.033367 0.123131 0.540927 0.126408 0.176167
2 1 0.035273 0.128395 0.503578 0.120738 0.212016
2 1 0.032954 0.107211 0.434870 0.098185 0.326779
4 1 0.073484 0.135487 0.211992 0.039618 0.539419
4 1 0.033007 0.099570 0.380709 0.076561 0.410154
4 1 0.029997 0.097557 0.390927 0.064886 0.416632
4 1 0.045991 0.104475 0.270668 0.056162 0.522704
4 1 0.031710 0.096238 0.390515 0.088343 0.393195
4 1 0.056502 0.103192 0.205213 0.050500 0.584593
2 1 0.027342 0.091044 0.409672 0.078416 0.393526
4 1 0.034994 0.113287 0.393119 0.057977 0.400622
4 1 0.057265 0.133247 0.274560 0.043220 0.491708
2 1 0.047369 0.137589 0.379450 0.065147 0.370445
2 1 0.050377 0.142103 0.401476 0.094408 0.311636
2 1 0.031476 0.114707 0.499741 0.125476 0.228600
2 1 0.027846 0.107499 0.511926 0.116562 0.236168
2 2 0.042638 0.137009 0.416645 0.065636 0.338072
2 2 0.026776 0.108442 0.534301 0.125877 0.204604
2 2 0.031212 0.111944 0.481225 0.106133 0.269485
2 2 0.031132 0.130242 0.530175 0.080899 0.227552
2 2 0.035490 0.121995 0.450469 0.081211 0.310835
2 2 0.033870 0.128511 0.479481 0.070500 0.287639
4 2 0.047149 0.129308 0.347839 0.058884 0.416819
2 2 0.038851 0.136957 0.459299 0.071595 0.293298
2 2 0.042881 0.150380 0.468227 0.076181 0.262332
2 2 0.065776 0.195117 0.429700 0.088363 0.221044
4 1 0.101547 0.159138 0.217876 0.051928 0.469512
4 1 0.036435 0.115222 0.366369 0.046771 0.435204
2 2 0.022425 0.072830 0.402981 0.105233 0.396531
4 2 0.017685 0.056465 0.370139 0.105635 0.450076
4 2 0.037377 0.088287 0.254257 0.047613 0.572466
4 2 0.020894 0.065295 0.363655 0.087689 0.462467
4 2 0.022483 0.059771 0.333828 0.139764 0.444154
4 1 0.062007 0.111832 0.202705 0.046169 0.577287
4 2 0.021998 0.071623 0.353797 0.059104 0.493477
4 2 0.025575 0.078637 0.329083 0.050064 0.516641
4 2 0.038611 0.102205 0.315847 0.057612 0.485725
2 2 0.064496 0.158114 0.382213 0.049032 0.346145
2 2 0.046615 0.152626 0.625411 0.077544 0.097804
2 2 0.026473 0.128762 0.596617 0.091037 0.157111
2 2 0.026922 0.124391 0.620983 0.097108 0.130595
2 2 0.027630 0.120725 0.640444 0.089371 0.121830
2 2 0.085663 0.163643 0.483846 0.098839 0.168009
2 2 0.039685 0.133441 0.569078 0.120304 0.137492
2 2 0.060328 0.155950 0.617783 0.069907 0.096032
2 2 0.066685 0.150437 0.633285 0.059281 0.090312
2 2 0.041420 0.142384 0.636297 0.097279 0.082620
2 2 0.020426 0.096060 0.697475 0.123522 0.062517
2 2 0.036269 0.126631 0.484910 0.062440 0.289750
2 2 0.101341 0.184872 0.469809 0.041123 0.202856
4 2 0.031489 0.094288 0.342794 0.053626 0.477802
4 2 0.040567 0.094317 0.255716 0.047568 0.561831
4 2 0.031078 0.095563 0.368749 0.063709 0.440902
4 2 0.033187 0.099171 0.370264 0.070782 0.426596
2 2 0.014257 0.068571 0.570253 0.136503 0.210417
4 2 0.051082 0.124127 0.333224 0.083010 0.408557
2 2 0.014488 0.071136 0.572527 0.118275 0.223574
2 2 0.021286 0.072552 0.429754 0.113898 0.362509
4 2 0.035916 0.090845 0.336982 0.101344 0.434913
2 2 0.027567 0.111570 0.508430 0.081249 0.271184
4 1 0.098119 0.167532 0.320551 0.078671 0.335127
2 2 0.025985 0.112196 0.538988 0.088164 0.234668
2 2 0.020978 0.102009 0.573928 0.084689 0.218397
2 2 0.011157 0.068547 0.642649 0.200788 0.076859
2 2 0.011743 0.069951 0.616143 0.244298 0.057864
2 2 0.018565 0.096167 0.603601 0.207080 0.074586
2 2 0.011113 0.064234 0.608279 0.247176 0.069199
2 2 0.006408 0.042743 0.603884 0.293535 0.053430
2 2 0.026002 0.092628 0.481538 0.295018 0.104813
2 2 0.008894 0.048682 0.541577 0.344823 0.056024
2 2 0.015163 0.073213 0.554030 0.283732 0.073861
2 2 0.019996 0.078105 0.504017 0.286091 0.111792
2 3 0.010332 0.044580 0.486013 0.345964 0.113112
2 3 0.007171 0.026595 0.400688 0.368965 0.196581
2 3 0.007184 0.026121 0.391204 0.383640 0.191851
3 3 0.006950 0.024507 0.370050 0.429439 0.169054
3 3 0.007517 0.026209 0.374767 0.418839 0.172668
3 3 0.007576 0.025931 0.366397 0.432040 0.168056
3 3 0.008487 0.027538 0.357809 0.419589 0.186576
2 3 0.008128 0.028645 0.390590 0.388078 0.184559
2 3 0.006344 0.024430 0.400950 0.397926 0.170350
3 3 0.007044 0.025250 0.378656 0.424341 0.164709
3 3 0.007408 0.026502 0.384854 0.410080 0.171156
2 3 0.009356 0.032429 0.401295 0.335713 0.221206
2 3 0.010728 0.036509 0.406084 0.280539 0.266139
2 3 0.010187 0.034028 0.393721 0.317621 0.244443
2 3 0.009517 0.038655 0.471730 0.278211 0.201888
2 3 0.010101 0.035759 0.419112 0.294422 0.240605
2 3 0.015412 0.050714 0.400759 0.156078 0.377037
2 3 0.016129 0.053652 0.399400 0.133138 0.397680
4 3 0.019444 0.058544 0.375128 0.137838 0.409046
4 3 0.033907 0.083705 0.300420 0.078280 0.503689
4 3 0.022309 0.067041 0.367580 0.104170 0.438899
2 3 0.009095 0.033647 0.424166 0.352653 0.180438
2 3 0.007705 0.028449 0.401177 0.397407 0.165261
2 3 0.008317 0.030260 0.410076 0.336206 0.215140
2 3 0.008093 0.029801 0.412382 0.341095 0.208629
2 3 0.006744 0.025612 0.403627 0.378207 0.185810
3 3 0.006159 0.023922 0.395616 0.429457 0.144845
3 3 0.006685 0.024138 0.375886 0.427920 0.165370
3 3 0.005817 0.023528 0.399306 0.447884 0.123464
3 3 0.006213 0.025192 0.407947 0.435266 0.125382
3 3 0.007297 0.026570 0.382287 0.442478 0.141368
4 3 0.101139 0.158328 0.289274 0.079617 0.371643
2 2 0.061600 0.151695 0.674697 0.048042 0.063965
2 2 0.072866 0.181505 0.579152 0.057076 0.109401
2 2 0.049199 0.144384 0.683329 0.060442 0.062646
2 2 0.042081 0.123628 0.726831 0.062084 0.045376
2 2 0.012297 0.066218 0.712300 0.182699 0.026486
2 2 0.023722 0.090837 0.720099 0.141274 0.024068
2 2 0.016873 0.076695 0.734456 0.146133 0.025844
2 2 0.014713 0.068983 0.739661 0.155610 0.021033
2 2 0.017677 0.084216 0.637110 0.209124 0.051872
2 2 0.012629 0.069802 0.573088 0.300439 0.044043
3 2 0.017044 0.060244 0.389838 0.483958 0.048916
3 3 0.027881 0.059011 0.283249 0.504270 0.125588
3 3 0.012558 0.044466 0.384556 0.486186 0.072234
3 3 0.013256 0.046521 0.402731 0.447380 0.090112
3 3 0.009538 0.040292 0.422270 0.469918 0.057982
2 3 0.005065 0.027948 0.480395 0.430030 0.056563
3 3 0.007062 0.032578 0.442712 0.449833 0.067815
3 3 0.003745 0.022461 0.454459 0.480380 0.038956
2 3 0.005094 0.028779 0.480919 0.435829 0.049378
4 3 0.043628 0.104352 0.295379 0.063124 0.493517
4 3 0.050897 0.114254 0.271492 0.053670 0.509687
4 3 0.060567 0.125032 0.268274 0.065037 0.481090
4 3 0.066792 0.129862 0.269997 0.080282 0.453066
4 1 0.232282 0.174070 0.242266 0.035437 0.315945
0 1 0.371698 0.192777 0.243829 0.023798 0.167898
2 2 0.234047 0.202798 0.446025 0.037202 0.079928
0 2 0.404417 0.187978 0.303245 0.024038 0.080322
0 2 0.332293 0.197656 0.235722 0.027853 0.206477
2 2 0.265937 0.197169 0.425736 0.028800 0.082358
4 2 0.101789 0.180293 0.336472 0.031890 0.349556
2 2 0.046258 0.149196 0.449376 0.047010 0.308159
4 2 0.074586 0.170082 0.279974 0.040784 0.434574
2 2 0.086384 0.187493 0.374185 0.040826 0.311112
2 2 0.085967 0.169751 0.405734 0.033335 0.305213
2 2 0.015057 0.065342 0.536815 0.188866 0.193919
2 2 0.013783 0.049997 0.449492 0.195257 0.291471
2 2 0.012678 0.046454 0.432816 0.157753 0.350300
2 2 0.011432 0.050784 0.522752 0.178360 0.236671
2 2 0.011617 0.046281 0.477583 0.205543 0.258976
2 2 0.008690 0.033106 0.435510 0.286107 0.236587
2 2 0.008033 0.030775 0.429873 0.298716 0.232603
2 2 0.007329 0.031229 0.465806 0.311401 0.184235
2 2 0.006771 0.030663 0.485555 0.292877 0.184133
2 2 0.008010 0.031705 0.443010 0.314535 0.202740
2 2 0.009898 0.037655 0.432905 0.189614 0.329927
2 2 0.007440 0.031181 0.449878 0.201093 0.310408
2 2 0.006852 0.030830 0.472414 0.185813 0.304091
2 2 0.008912 0.035590 0.445722 0.192299 0.317477
2 2 0.008399 0.032392 0.431521 0.238056 0.289632
2 2 0.007414 0.032100 0.463401 0.189402 0.307682
2 2 0.009046 0.036692 0.448480 0.172169 0.333612
2 2 0.007879 0.033190 0.456690 0.189025 0.313217
2 2 0.007591 0.032401 0.455065 0.179588 0.325355
2 2 0.008337 0.035688 0.460622 0.158507 0.336846
2 2 0.008501 0.034281 0.455841 0.234319 0.267057
2 2 0.008987 0.035460 0.447906 0.217403 0.290244
2 2 0.007668 0.032016 0.459820 0.230949 0.269547
2 2 0.007145 0.030060 0.454585 0.232461 0.275749
2 2 0.007817 0.032255 0.455969 0.230222 0.273738
2 2 0.007003 0.029770 0.461105 0.254277 0.247845
2 2 0.007537 0.030353 0.445235 0.276202 0.240673
2 2 0.006469 0.028018 0.461454 0.263599 0.240461
2 2 0.006623 0.027823 0.449081 0.266467 0.250006
2 2 0.007482 0.030815 0.454280 0.261961 0.245461
2 2 0.008414 0.034609 0.463820 0.228130 0.265027
2 2 0.007591 0.031541 0.458083 0.242700 0.260085
2 2 0.007264 0.031574 0.470877 0.216318 0.273968
2 2 0.008089 0.034222 0.469479 0.210321 0.277889
2 2 0.007076 0.029936 0.458089 0.242412 0.262487
2 2 0.009256 0.037403 0.450844 0.174932 0.327565
2 2 0.009409 0.037309 0.442280 0.173939 0.337063
2 2 0.007948 0.033601 0.455002 0.176436 0.327014
2 2 0.008819 0.036045 0.447536 0.168580 0.339020
2 2 0.008554 0.035023 0.443419 0.167037 0.345967
2 2 0.009162 0.037396 0.454414 0.173584 0.325444
2 2 0.008612 0.035844 0.454872 0.169849 0.330824
2 2 0.009167 0.037340 0.451797 0.170013 0.331683
2 2 0.009229 0.037598 0.452920 0.170274 0.329978
2 2 0.008420 0.035589 0.465800 0.183174 0.307016
2 2 0.009050 0.037142 0.453495 0.168534 0.331779
2 2 0.010232 0.039889 0.440537 0.164745 0.344597
2 2 0.008543 0.035229 0.444517 0.161330 0.350381
2 2 0.010442 0.040565 0.449078 0.182683 0.317232
2 2 0.009200 0.039455 0.466364 0.141196 0.343785
2 2 0.008816 0.034776 0.445022 0.216780 0.294606
2 2 0.009350 0.036829 0.450513 0.210295 0.293014
2 2 0.010383 0.037613 0.426789 0.237666 0.287550
2 2 0.007933 0.031446 0.440052 0.247684 0.272885
2 2 0.008480 0.034141 0.444619 0.196218 0.316543
2 2 0.008576 0.034247 0.443686 0.202208 0.311284
2 2 0.007769 0.032638 0.451877 0.185555 0.322160
2 2 0.009707 0.039058 0.459343 0.185492 0.306399
2 2 0.008635 0.035788 0.461069 0.190383 0.304125
2 2 0.007754 0.032483 0.451786 0.190387 0.317590
2 2 0.007236 0.029702 0.449196 0.271391 0.242475
2 2 0.007554 0.029752 0.435733 0.296192 0.230768
2 2 0.008175 0.032433 0.445679 0.255365 0.258349
2 2 0.005646 0.023984 0.437174 0.321875 0.211320
2 2 0.008363 0.032629 0.441477 0.266722 0.250809
2 2 0.007095 0.029058 0.445476 0.270852 0.247519
2 2 0.007120 0.028290 0.432829 0.298826 0.232934
2 2 0.008273 0.030201 0.410236 0.302594 0.248696
2 2 0.007287 0.029434 0.443601 0.293331 0.226347
2 2 0.007381 0.029330 0.437013 0.292244 0.234032
2 2 0.007352 0.029090 0.432665 0.272226 0.258667
2 2 0.008166 0.031899 0.439497 0.270741 0.249697
2 2 0.008258 0.030084 0.409220 0.306015 0.246423
2 2 0.006450 0.026242 0.431821 0.294204 0.241283
2 2 0.006374 0.026382 0.439265 0.303206 0.224773
2 2 0.007242 0.029512 0.446343 0.278968 0.237935
2 2 0.006927 0.027929 0.436436 0.295215 0.233493
2 2 0.006565 0.027570 0.447550 0.265061 0.253255
2 2 0.011523 0.039286 0.410306 0.243241 0.295644
2 2 0.008022 0.031128 0.434432 0.276566 0.249852
2 2 0.007315 0.027974 0.416305 0.285269 0.263137
2 3 0.006772 0.027987 0.444371 0.274308 0.246561
2 3 0.008640 0.032117 0.423413 0.288108 0.247722
2 3 0.008695 0.033895 0.444929 0.257651 0.254830
2 3 0.007470 0.031041 0.457579 0.253256 0.250654
2 3 0.008189 0.032518 0.443890 0.240388 0.275014
2 3 0.009616 0.036332 0.437624 0.232909 0.283520
2 3 0.012916 0.037962 0.363193 0.338133 0.247795
2 3 0.010730 0.036060 0.398232 0.266914 0.288064
2 3 0.009138 0.033830 0.423261 0.247629 0.286142
2 3 0.007524 0.029774 0.434599 0.263420 0.264683
2 3 0.008656 0.032201 0.422858 0.275864 0.260421
2 3 0.007993 0.029162 0.405683 0.301301 0.255861
2 3 0.007044 0.027557 0.423512 0.293700 0.248186
2 3 0.008401 0.030392 0.407924 0.305652 0.247631
2 3 0.009931 0.034728 0.407720 0.263554 0.284067
2 3 0.008647 0.033904 0.441331 0.225571 0.290546
2 3 0.010545 0.037920 0.421263 0.221230 0.309043
2 3 0.009583 0.035838 0.425123 0.207039 0.322417
2 3 0.009424 0.036283 0.441616 0.218922 0.293754
2 3 0.011576 0.038600 0.397590 0.233036 0.319198
2 3 0.009128 0.036287 0.442042 0.180264 0.332279
2 3 0.008828 0.033682 0.428538 0.220773 0.308180
2 3 0.009393 0.036146 0.435322 0.199517 0.319623
2 3 0.009622 0.035904 0.426344 0.213405 0.314725
4 3 0.028940 0.080850 0.296825 0.048174 0.545211
4 3 0.024846 0.075203 0.338167 0.062342 0.499442
4 3 0.064338 0.115950 0.208687 0.049013 0.562013
2 3 0.094799 0.188018 0.457103 0.033694 0.226386
2 3 0.040730 0.128368 0.657325 0.056158 0.117419
2 3 0.024271 0.109594 0.708571 0.103896 0.053668
2 3 0.027172 0.118401 0.698210 0.097263 0.058953
2 3 0.033393 0.120518 0.688264 0.106868 0.050957
2 3 0.031033 0.115332 0.731020 0.082068 0.040546
2 3 0.077923 0.160334 0.569088 0.087037 0.105618
2 3 0.026044 0.112795 0.655148 0.139453 0.066560
2 3 0.024841 0.106739 0.703599 0.119799 0.045022
2 3 0.024270 0.109108 0.710970 0.097143 0.058509
2 3 0.028082 0.117050 0.706067 0.094052 0.054749
2 3 0.022883 0.101918 0.679620 0.143411 0.052168
2 3 0.010258 0.059217 0.709034 0.201424 0.020066
2 3 0.011550 0.064188 0.729694 0.175087 0.019482
2 3 0.014460 0.079805 0.715157 0.164828 0.025751
2 3 0.013926 0.071580 0.710067 0.182428 0.021999
2 3 0.011850 0.065166 0.690931 0.211962 0.020092
2 3 0.009045 0.052635 0.731478 0.193697 0.013146
2 3 0.007796 0.049297 0.705633 0.223385 0.013887
2 3 0.011562 0.058681 0.650831 0.262107 0.016818
2 3 0.007142 0.046541 0.632621 0.297891 0.015805
2 3 0.011395 0.061089 0.667553 0.242278 0.017684
2 3 0.011605 0.061950 0.665161 0.243995 0.017289
2 3 0.009817 0.055896 0.704584 0.215087 0.014616
2 3 0.010860 0.062332 0.612285 0.294768 0.019755
2 3 0.009885 0.051569 0.652230 0.274507 0.011808
2 3 0.009395 0.050873 0.645868 0.281751 0.012113
2 3 0.005411 0.039256 0.646314 0.298463 0.010556
2 3 0.015501 0.063421 0.654407 0.251074 0.015598
2 3 0.006163 0.042932 0.625758 0.310965 0.014182
2 3 0.005563 0.041379 0.691473 0.249760 0.011824
2 3 0.005833 0.040181 0.584946 0.357004 0.012037
2 3 0.004218 0.033131 0.608534 0.346824 0.007293
2 3 0.005470 0.036503 0.562572 0.385777 0.009678
2 3 0.004034 0.033212 0.636137 0.318039 0.008577
2 3 0.003800 0.031575 0.488478 0.467486 0.008661
2 3 0.004538 0.031746 0.612379 0.344547 0.006790
2 3 0.004864 0.038779 0.577998 0.363444 0.014915
2 3 0.004473 0.033033 0.615483 0.338759 0.008253
2 3 0.003858 0.034568 0.620293 0.329755 0.011526
2 3 0.004393 0.035142 0.532380 0.414280 0.013805
2 3 0.003982 0.032248 0.575948 0.377806 0.010016
2 3 0.003364 0.028880 0.624486 0.334391 0.008878
2 3 0.006734 0.041685 0.575229 0.364625 0.011727
2 3 0.003784 0.031505 0.534514 0.419275 0.010922
2 3 0.004494 0.037676 0.544159 0.402287 0.011385
2 3 0.003164 0.029356 0.553370 0.402694 0.011416
2 3 0.002892 0.025970 0.511454 0.452353 0.007331
3 3 0.001694 0.018012 0.479961 0.494320 0.006014
2 3 0.002512 0.024026 0.488585 0.478049 0.006829
2 3 0.002412 0.023375 0.488923 0.478560 0.006731
3 3 0.002969 0.025532 0.475639 0.487087 0.008772
2 3 0.004241 0.034938 0.594332 0.351167 0.015322
2 3 0.003681 0.035113 0.611931 0.337480 0.011795
2 3 0.005066 0.036861 0.535431 0.408725 0.013917
2 3 0.003878 0.033038 0.542200 0.408323 0.012561
2 3 0.005872 0.037239 0.604508 0.340650 0.011732
2 3 0.003699 0.029918 0.536478 0.420667 0.009238
3 3 0.003504 0.028444 0.470123 0.488890 0.009040
2 3 0.002760 0.025096 0.539609 0.424477 0.008058
2 3 0.002785 0.024593 0.488316 0.474955 0.009351
2 3 0.002256 0.022372 0.576468 0.392621 0.006283
3 3 0.002365 0.020837 0.431971 0.538360 0.006467
2 3 0.002582 0.023963 0.483397 0.482587 0.007471
3 3 0.002415 0.022539 0.477902 0.489583 0.007561
3 3 0.002343 0.022049 0.475379 0.493010 0.007220
3 3 0.002338 0.021881 0.469369 0.499354 0.007058
2 3 0.002003 0.020425 0.489175 0.481787 0.006609
3 3 0.002988 0.024551 0.452511 0.511341 0.008609
3 3 0.002462 0.020969 0.429023 0.540357 0.007189
2 3 0.002147 0.022038 0.513410 0.455016 0.007390
2 3 0.001952 0.020067 0.501272 0.469255 0.007454
2 3 0.051062 0.163843 0.563003 0.108763 0.113329
2 3 0.170657 0.206218 0.444994 0.063851 0.114280
2 1 0.218404 0.211338 0.316234 0.044364 0.209660
2 1 0.138808 0.187921 0.467309 0.049185 0.156777
4 2 0.270292 0.180642 0.223742 0.018307 0.307018
2 2 0.030793 0.130642 0.574604 0.090247 0.173714
2 2 0.019775 0.097496 0.598631 0.129103 0.154996
2 2 0.023050 0.087218 0.477420 0.102876 0.309437
4 2 0.016555 0.058121 0.405639 0.099736 0.419949
4 2 0.015949 0.057178 0.396062 0.084537 0.446274
2 2 0.008239 0.034056 0.466195 0.242349 0.249161
2 2 0.007884 0.031654 0.448504 0.266479 0.245479
2 2 0.007480 0.031968 0.467734 0.225088 0.267730
2 2 0.009313 0.036864 0.452937 0.211501 0.289385
2 2 0.007671 0.031285 0.452461 0.261902 0.246681
4 2 0.023271 0.070429 0.328794 0.061143 0.516364
4 1 0.035395 0.075521 0.188106 0.030770 0.670208
4 2 0.027747 0.081235 0.312866 0.048306 0.529846
4 2 0.023311 0.074601 0.342541 0.053149 0.506398
4 2 0.022994 0.074781 0.321112 0.039413 0.541699
2 2 0.008008 0.033062 0.459582 0.230472 0.268877
2 2 0.007573 0.032713 0.468370 0.198886 0.292458
2 2 0.007900 0.033195 0.459920 0.201725 0.297260
2 2 0.007808 0.033740 0.471140 0.193554 0.293757
2 2 0.010038 0.039328 0.452027 0.192992 0.305616
2 2 0.009347 0.039422 0.457073 0.137964 0.356193
2 2 0.008643 0.037626 0.460879 0.133485 0.359367
2 2 0.008780 0.038504 0.461765 0.125422 0.365529
2 2 0.009250 0.040801 0.467551 0.118439 0.363959
2 2 0.010545 0.042382 0.445257 0.135037 0.366780
2 2 0.009596 0.040145 0.446972 0.124440 0.378846
2 2 0.009662 0.040568 0.453612 0.129353 0.366806
2 2 0.009937 0.040699 0.447993 0.135953 0.365418
2 2 0.009729 0.041416 0.463263 0.130381 0.355212
2 4 0.009196 0.039307 0.460093 0.134484 0.356920
2 4 0.009826 0.041727 0.473991 0.147353 0.327104
2 4 0.009068 0.038012 0.463476 0.163767 0.325677
2 4 0.010116 0.040470 0.455942 0.170656 0.322816
2 4 0.009121 0.039422 0.470632 0.142877 0.337947
2 4 0.011196 0.043744 0.442621 0.142581 0.359859
2 4 0.008337 0.037166 0.488719 0.168767 0.297011
2 4 0.010411 0.041594 0.466011 0.187856 0.294128
2 4 0.009319 0.038832 0.464978 0.165830 0.321041
2 4 0.010113 0.041989 0.474717 0.165982 0.307199
2 4 0.009803 0.039659 0.454547 0.163625 0.332366
2 4 0.010273 0.042404 0.467443 0.153344 0.326536
2 4 0.008618 0.037629 0.471329 0.148282 0.334142
2 4 0.010042 0.042154 0.466552 0.140725 0.340526
2 4 0.009426 0.039133 0.459100 0.154809 0.337531
2 4 0.009558 0.039605 0.461836 0.158368 0.330633
2 4 0.012496 0.050262 0.428321 0.087205 0.421716
4 1 0.036807 0.090035 0.243982 0.035314 0.593861
4 1 0.011395 0.044442 0.416786 0.105553 0.421824
2 1 0.010839 0.042508 0.423297 0.118076 0.405281
4 1 0.011638 0.045582 0.410827 0.093919 0.438034
2 1 0.011461 0.045064 0.422060 0.105527 0.415889
2 1 0.013882 0.049523 0.412724 0.127363 0.396508
4 2 0.023561 0.071162 0.349465 0.076655 0.479156
2 2 0.012636 0.045974 0.413370 0.131613 0.396407
2 2 0.013279 0.049246 0.415355 0.111150 0.410970
2 2 0.012043 0.044908 0.431610 0.150651 0.360788
2 2 0.009888 0.039807 0.442396 0.143758 0.364151
2 2 0.009216 0.038856 0.454165 0.136965 0.360797
2 2 0.009862 0.038924 0.426942 0.137161 0.387111
2 2 0.008689 0.036943 0.456653 0.147242 0.350473
2 2 0.009491 0.038128 0.446799 0.165224 0.340357
2 2 0.015026 0.048474 0.399289 0.183640 0.353572
2 2 0.010430 0.040294 0.437361 0.162978 0.348936
2 2 0.008554 0.036013 0.459450 0.167830 0.328153
2 2 0.010719 0.042056 0.444549 0.152694 0.349983
2 2 0.009204 0.037040 0.451151 0.183277 0.319327
2 2 0.007941 0.034199 0.474344 0.202005 0.281511
2 2 0.008689 0.035182 0.455944 0.212250 0.287936
2 2 0.006808 0.030817 0.481662 0.206841 0.273872
2 2 0.007249 0.031958 0.479421 0.221113 0.260259
2 2 0.006656 0.030134 0.475774 0.197657 0.289778
2 2 0.008761 0.034785 0.446990 0.214276 0.295188
2 2 0.006619 0.029739 0.473194 0.205726 0.284722
2 2 0.008725 0.034805 0.439643 0.185378 0.331449
2 2 0.009160 0.035555 0.432897 0.189039 0.333349
2 2 0.008766 0.035690 0.451214 0.184593 0.319736
2 2 0.008426 0.034902 0.446256 0.163877 0.346540
2 2 0.008399 0.033761 0.443389 0.199260 0.315191
2 2 0.008995 0.034322 0.427006 0.206280 0.323397
2 2 0.012900 0.043678 0.396608 0.165035 0.381778
2 2 0.010728 0.040066 0.421048 0.159420 0.368737
2 2 0.010957 0.041267 0.427191 0.156791 0.363794
2 2 0.010589 0.039965 0.424291 0.158129 0.367025
2 2 0.010184 0.038630 0.420326 0.155599 0.375262
4 2 0.026646 0.073462 0.344649 0.101297 0.453946
2 1 0.136405 0.197418 0.347319 0.040429 0.278429
2 2 0.032110 0.119060 0.506755 0.057219 0.284855
2 2 0.036074 0.135099 0.480943 0.071737 0.276147
2 2 0.031927 0.116784 0.611285 0.065895 0.174109
2 2 0.032241 0.120378 0.499048 0.065085 0.283248
2 2 0.020675 0.098146 0.630041 0.098586 0.152553
4 1 0.102833 0.178639 0.307910 0.080458 0.330161
2 2 0.020022 0.082949 0.491836 0.082651 0.322542
2 2 0.023108 0.087189 0.444786 0.070859 0.374057
2 2 0.024964 0.090537 0.445579 0.080875 0.358046
2 2 0.009320 0.053208 0.615716 0.193663 0.128092
2 2 0.007184 0.043582 0.617908 0.210436 0.120890
2 2 0.006198 0.038130 0.607322 0.236213 0.112138
2 2 0.008934 0.046842 0.576195 0.226101 0.141928
2 2 0.008928 0.041919 0.528421 0.248953 0.171779
2 2 0.005381 0.031468 0.565924 0.284926 0.112300
2 2 0.006692 0.032157 0.503792 0.316533 0.140826
2 2 0.008693 0.035821 0.466206 0.316604 0.172676
2 2 0.007003 0.035958 0.533528 0.307591 0.115919
2 2 0.008358 0.037879 0.492645 0.340956 0.120162
4 2 0.030383 0.096171 0.390577 0.071218 0.411651
4 2 0.029795 0.090661 0.375541 0.075716 0.428286
4 2 0.027785 0.089767 0.391549 0.071243 0.419657
4 1 0.093555 0.124600 0.240932 0.064780 0.476133
2 1 0.072741 0.169448 0.380526 0.053378 0.323906
4 2 0.029259 0.086349 0.310139 0.042067 0.532186
4 2 0.030593 0.090150 0.324928 0.047771 0.506558
4 2 0.049031 0.119513 0.296865 0.051692 0.482899
4 2 0.069392 0.171832 0.321315 0.051196 0.386265
4 2 0.067680 0.147845 0.256466 0.036292 0.491717
4 2 0.081579 0.160660 0.329078 0.033797 0.394886
4 2 0.051457 0.111693 0.215426 0.028083 0.593340
4 2 0.039464 0.121283 0.338468 0.036812 0.463973
4 2 0.063940 0.131003 0.201590 0.023123 0.580344
2 2 0.028790 0.109049 0.456747 0.063069 0.342346
2 2 0.027265 0.105186 0.483871 0.081377 0.302302
2 2 0.120854 0.189202 0.336162 0.031878 0.321905
2 2 0.049022 0.152207 0.602094 0.051225 0.145453
2 2 0.050613 0.156089 0.625866 0.052685 0.114746
2 2 0.041242 0.148986 0.599268 0.061468 0.149035
2 2 0.068088 0.187802 0.473728 0.061010 0.209372
2 2 0.026654 0.118451 0.673154 0.084454 0.097288
2 2 0.032006 0.131663 0.594846 0.081671 0.159814
2 2 0.029886 0.134275 0.559420 0.075454 0.200965
4 2 0.039631 0.113781 0.353843 0.060072 0.432673
2 2 0.025361 0.094081 0.470313 0.096299 0.313946
2 2 0.035174 0.127666 0.582261 0.074723 0.180175
2 2 0.017737 0.068444 0.452298 0.093626 0.367895
4 2 0.018604 0.061203 0.369602 0.082806 0.467786
2 2 0.025382 0.092380 0.453699 0.086183 0.342356
4 2 0.024201 0.066895 0.362378 0.143465 0.403061
2 2 0.016554 0.054656 0.408527 0.151254 0.369008
2 2 0.011533 0.053812 0.542217 0.161341 0.231097
2 2 0.013768 0.053470 0.453809 0.127638 0.351315
2 2 0.014033 0.058337 0.497340 0.139847 0.290443
4 2 0.027061 0.089399 0.402463 0.075254 0.405822
2 2 0.026772 0.102157 0.480595 0.085770 0.304707
2 2 0.022785 0.091436 0.477587 0.075069 0.333123
4 2 0.061308 0.140987 0.343077 0.076762 0.377865
2 2 0.025661 0.087586 0.409034 0.073445 0.404274
2 2 0.007534 0.030618 0.448192 0.261166 0.252489
2 2 0.009882 0.035160 0.416968 0.273030 0.264959
2 2 0.008892 0.037920 0.487569 0.249214 0.216406
2 2 0.009400 0.035178 0.434135 0.258133 0.263154
2 2 0.009673 0.035573 0.430088 0.267134 0.257531
2 2 0.013006 0.042254 0.405766 0.293659 0.245315
2 2 0.008572 0.034013 0.450223 0.309419 0.197773
2 2 0.012286 0.049215 0.488531 0.269603 0.180365
2 2 0.011194 0.036990 0.399275 0.328497 0.224045
2 2 0.008337 0.035641 0.481359 0.281313 0.193349
2 2 0.016303 0.064862 0.511236 0.227907 0.179691
2 2 0.005162 0.026722 0.490309 0.380463 0.097343
2 2 0.007283 0.033418 0.472976 0.385005 0.101318
2 2 0.007261 0.034149 0.488358 0.365042 0.105190
2 2 0.007041 0.031353 0.466210 0.371853 0.123542
2 2 0.004425 0.027605 0.546425 0.351338 0.070208
2 2 0.006818 0.030482 0.441630 0.435309 0.085761
2 2 0.003585 0.023666 0.524745 0.397244 0.050759
2 2 0.004766 0.024576 0.452722 0.450536 0.067400
2 2 0.005113 0.028039 0.510448 0.369527 0.086874
3 2 0.004772 0.023972 0.436669 0.469961 0.064626
3 2 0.006862 0.028202 0.401865 0.474809 0.088261
2 2 0.005523 0.026599 0.446013 0.444472 0.077393
3 2 0.004611 0.021983 0.406152 0.503040 0.064215
3 2 0.004955 0.022995 0.408469 0.493256 0.070325
3 2 0.007341 0.029501 0.407014 0.457544 0.098599
2 2 0.004553 0.023472 0.459446 0.432630 0.079900
3 2 0.005289 0.023240 0.402144 0.486211 0.083115
3 2 0.005521 0.024662 0.413711 0.474021 0.082084
3 2 0.005291 0.022384 0.389062 0.493445 0.089819
3 2 0.006173 0.022400 0.349845 0.511526 0.110056
3 2 0.004330 0.019917 0.408434 0.473467 0.093853
3 2 0.005516 0.022614 0.377058 0.508084 0.086728
3 2 0.004312 0.021561 0.430856 0.471011 0.072261
3 2 0.006553 0.024460 0.379181 0.453280 0.136525
4 2 0.032959 0.085899 0.344522 0.103907 0.432714
2 2 0.028871 0.087823 0.410673 0.119052 0.353581
4 2 0.027446 0.075779 0.354868 0.108953 0.432954
2 1 0.087827 0.167918 0.461857 0.120594 0.161804
2 2 0.063072 0.145809 0.669210 0.051510 0.070400
2 2 0.036148 0.117855 0.738414 0.072003 0.035581
2 2 0.029791 0.104187 0.766605 0.068803 0.030614
2 2 0.048349 0.136721 0.715423 0.058824 0.040684
2 2 0.052745 0.161449 0.631896 0.072158 0.081752
2 2 0.028131 0.096577 0.777784 0.070081 0.027427
2 2 0.071217 0.132737 0.710882 0.058592 0.026572
2 2 0.088468 0.154683 0.666434 0.058571 0.031844
2 2 0.085555 0.159366 0.650407 0.060355 0.044317
2 1 0.214264 0.193255 0.373199 0.089929 0.129353
2 2 0.035407 0.130478 0.641625 0.080996 0.111493
2 2 0.014061 0.052504 0.467659 0.211202 0.254574
2 2 0.013043 0.054685 0.504144 0.164304 0.263825
2 2 0.013633 0.058912 0.520967 0.156070 0.250417
2 2 0.013234 0.053502 0.487936 0.161748 0.283579
2 2 0.013296 0.046153 0.421053 0.182469 0.337029
4 1 0.136586 0.174585 0.318620 0.050167 0.320042
2 2 0.040475 0.125691 0.545480 0.050703 0.237652
4 2 0.033247 0.103357 0.339971 0.041094 0.482332
4 2 0.029118 0.082905 0.286048 0.038123 0.563807
4 2 0.029342 0.085726 0.298572 0.038541 0.547818
2 2 0.009187 0.038589 0.468880 0.168892 0.314452
2 2 0.008054 0.034985 0.469424 0.170060 0.317477
2 2 0.008812 0.037065 0.466814 0.176223 0.311085
2 2 0.009796 0.041205 0.471046 0.152794 0.325159
2 2 0.009720 0.041332 0.475346 0.151306 0.322297
4 2 0.023926 0.078629 0.325761 0.037437 0.534247
4 2 0.024375 0.078719 0.339724 0.046489 0.510694
4 2 0.020216 0.068153 0.327747 0.041620 0.542264
4 2 0.020762 0.068847 0.329918 0.044802 0.535670
4 1 0.074010 0.128140 0.201283 0.045059 0.551509
2 2 0.007977 0.034152 0.470497 0.198072 0.289302
2 2 0.009160 0.035504 0.435077 0.197503 0.322755
2 2 0.010268 0.039455 0.440530 0.182096 0.327650
2 2 0.006694 0.029015 0.462090 0.234840 0.267360
2 4 0.008021 0.034729 0.472193 0.182620 0.302437
2 4 0.008756 0.036505 0.458987 0.171673 0.324080
2 4 0.007131 0.030908 0.460825 0.196128 0.305009
2 4 0.009382 0.038490 0.455112 0.161467 0.335550
2 4 0.008783 0.035788 0.448662 0.176355 0.330413
2 4 0.009985 0.039945 0.447840 0.157434 0.344796
2 4 0.008866 0.038212 0.452045 0.123884 0.376994
2 4 0.008928 0.036571 0.427068 0.127768 0.399666
2 4 0.012471 0.045967 0.415433 0.126983 0.399146
2 4 0.011813 0.044633 0.414243 0.117253 0.412058
2 4 0.010405 0.042808 0.444863 0.118719 0.383206
4 4 0.034709 0.084105 0.302046 0.085660 0.493481
2 4 0.011735 0.045880 0.425387 0.109048 0.407950
2 4 0.010646 0.043350 0.426735 0.100873 0.418396
2 4 0.009811 0.040272 0.428807 0.111097 0.410013
2 4 0.010058 0.041124 0.433646 0.115270 0.399901
2 4 0.009212 0.037402 0.453802 0.177373 0.322212
2 4 0.008256 0.034940 0.457230 0.167710 0.331865
2 4 0.008552 0.036446 0.458547 0.152335 0.344119
2 4 0.008780 0.036466 0.460151 0.178586 0.316017
2 4 0.008801 0.035795 0.450757 0.183408 0.321239
2 4 0.009152 0.037026 0.439693 0.153631 0.360497
2 4 0.007585 0.033742 0.474240 0.169938 0.314495
2 4 0.008696 0.036084 0.457700 0.177151 0.320369
2 4 0.008465 0.036328 0.469856 0.170284 0.315066
2 4 0.008440 0.035123 0.454072 0.174774 0.327591
2 4 0.009325 0.037828 0.449177 0.164087 0.339582
2 4 0.010133 0.040740 0.447590 0.147928 0.353608
2 4 0.007982 0.033008 0.451122 0.197229 0.310659
2 4 0.009726 0.039467 0.457886 0.169613 0.323308
2 4 0.008429 0.035119 0.452452 0.170041 0.333958
4 4 0.017894 0.061783 0.371012 0.068305 0.481005
4 4 0.038739 0.093835 0.255498 0.040806 0.571123
4 1 0.059368 0.123778 0.235897 0.039492 0.541465
4 1 0.019441 0.067915 0.358508 0.050594 0.503541
4 2 0.022217 0.076070 0.359934 0.047974 0.493805
2 2 0.012653 0.047264 0.449074 0.170615 0.320394
2 2 0.010791 0.043168 0.458539 0.156837 0.330665
2 4 0.010038 0.042651 0.467227 0.131093 0.348991
2 4 0.010067 0.043120 0.471237 0.129466 0.346111
2 4 0.008870 0.037982 0.457609 0.137149 0.358391
2 4 0.010816 0.044944 0.454581 0.116695 0.372964
2 4 0.010863 0.043354 0.448312 0.139416 0.358054
2 4 0.010271 0.043577 0.461155 0.119390 0.365606
2 4 0.013297 0.050966 0.439867 0.118673 0.377197
2 4 0.012057 0.048543 0.452860 0.117551 0.368989
2 4 0.009083 0.035124 0.441889 0.231248 0.282656
2 4 0.010281 0.041501 0.462346 0.168578 0.317293
2 4 0.009345 0.038452 0.467504 0.188427 0.296271
2 4 0.008443 0.035718 0.471288 0.196212 0.288339
2 4 0.009990 0.039015 0.449580 0.192869 0.308546
2 4 0.010237 0.042139 0.468493 0.159446 0.319685
2 4 0.014614 0.053550 0.439094 0.134429 0.358314
2 4 0.009458 0.039757 0.472502 0.166747 0.311536
2 4 0.010309 0.043391 0.465366 0.130601 0.350334
2 4 0.010404 0.041583 0.451625 0.154504 0.341884
2 4 0.014758 0.054422 0.424500 0.108394 0.397926
2 4 0.013618 0.052377 0.421061 0.092233 0.420710
2 4 0.010916 0.045067 0.429807 0.092737 0.421473
4 4 0.018001 0.060475 0.372357 0.079582 0.469586
4 4 0.019710 0.064164 0.367347 0.079095 0.469685
4 4 0.057919 0.113312 0.183642 0.024041 0.621085
4 1 0.078725 0.142508 0.183416 0.024719 0.570632
4 1 0.023554 0.075891 0.340006 0.049290 0.511259
4 2 0.024190 0.075806 0.321245 0.044673 0.534086
4 2 0.023939 0.077217 0.340634 0.048331 0.509879
2 2 0.009863 0.040506 0.458275 0.152535 0.338821
2 2 0.008809 0.037097 0.463300 0.166695 0.324100
2 2 0.009012 0.038294 0.470802 0.164847 0.317045
2 2 0.008577 0.037640 0.477371 0.155234 0.321178
2 2 0.008496 0.037435 0.480950 0.160504 0.312615
4 2 0.021191 0.069287 0.339549 0.052083 0.517890
4 2 0.020881 0.069122 0.357360 0.060241 0.492397
4 2 0.051708 0.110367 0.256206 0.055111 0.526608
4 1 0.044852 0.108425 0.241905 0.028664 0.576155
4 1 0.020109 0.066761 0.357563 0.062469 0.493097
2 2 0.010391 0.041418 0.445997 0.147321 0.354874
2 2 0.012973 0.049378 0.439369 0.128017 0.370263
2 2 0.011467 0.045102 0.443463 0.132648 0.367319
4 2 0.022315 0.071052 0.384025 0.090327 0.432280
2 2 0.011493 0.045964 0.450659 0.128928 0.362956
2 2 0.014799 0.054383 0.419768 0.104777 0.406274
2 2 0.012990 0.049150 0.418534 0.105637 0.413689
2 2 0.013892 0.049836 0.413252 0.123740 0.399280
2 2 0.011786 0.045604 0.424806 0.114484 0.403320
4 2 0.017258 0.056813 0.389330 0.113958 0.422641
2 2 0.012036 0.046233 0.441530 0.139635 0.360565
4 2 0.020099 0.064629 0.385103 0.099991 0.430177
2 2 0.013429 0.050145 0.428527 0.121050 0.386849
2 2 0.011296 0.043311 0.445577 0.165657 0.334161
2 2 0.011339 0.042934 0.442094 0.172078 0.331555
2 2 0.010171 0.041539 0.444722 0.128580 0.374988
2 2 0.010114 0.039874 0.444851 0.164218 0.340944
2 2 0.011854 0.043925 0.433314 0.165244 0.345663
4 2 0.014386 0.050200 0.401452 0.121354 0.412609
2 2 0.011590 0.044311 0.436381 0.144198 0.363521
2 2 0.007526 0.031764 0.464452 0.238160 0.258098
2 2 0.008025 0.033471 0.465672 0.232357 0.260474
2 2 0.008512 0.033820 0.451968 0.257560 0.248139
2 2 0.007186 0.031104 0.473303 0.249159 0.239248
2 2 0.008412 0.033016 0.444635 0.261506 0.252431
4 2 0.015530 0.055460 0.398455 0.091922 0.438633
4 2 0.013043 0.049620 0.387602 0.074071 0.475664
4 2 0.026078 0.072122 0.298603 0.059220 0.543977
4 2 0.013986 0.051792 0.393296 0.082524 0.458403
4 2 0.016181 0.057137 0.384277 0.079665 0.462740
2 2 0.010956 0.041033 0.441583 0.199200 0.307228
2 2 0.008893 0.035218 0.448513 0.217506 0.289871
4 2 0.023311 0.067584 0.379762 0.139927 0.389416
2 2 0.008778 0.035458 0.453294 0.202770 0.299700
2 2 0.009663 0.038680 0.460563 0.199314 0.291781
2 2 0.010000 0.039417 0.448783 0.176963 0.324836
2 2 0.010591 0.039924 0.433138 0.178942 0.337405
2 2 0.009723 0.038740 0.446790 0.167730 0.337018
2 2 0.009167 0.037119 0.450011 0.173505 0.330199
2 2 0.010537 0.040977 0.441667 0.161437 0.345382
4 2 0.020237 0.061179 0.342455 0.086552 0.489577
2 2 0.009679 0.037942 0.441438 0.177587 0.333353
2 2 0.010925 0.042220 0.438119 0.151415 0.357321
2 2 0.009178 0.037310 0.449842 0.167837 0.335834
2 2 0.010365 0.041115 0.450557 0.161805 0.336157
4 2 0.021184 0.069750 0.360690 0.062995 0.485380
4 2 0.021888 0.069424 0.371703 0.082877 0.454108
4 2 0.021750 0.068290 0.351119 0.070557 0.488284
4 1 0.089840 0.133404 0.247606 0.049292 0.479858
4 2 0.032277 0.094533 0.314347 0.041166 0.517678
2 2 0.006871 0.039758 0.594767 0.227195 0.131409
2 2 0.007432 0.040837 0.578831 0.235100 0.137800
2 2 0.008266 0.047008 0.595835 0.246259 0.102633
2 2 0.007814 0.042609 0.574936 0.260718 0.113923
2 2 0.008427 0.045653 0.578077 0.257491 0.110351
2 2 0.008910 0.040839 0.516067 0.282275 0.151909
2 2 0.009881 0.048292 0.555428 0.235411 0.150989
2 2 0.006938 0.039107 0.579903 0.253373 0.120679
2 2 0.009152 0.042269 0.519974 0.285307 0.143298
2 2 0.007154 0.040837 0.590120 0.242269 0.119620
2 2 0.005047 0.030782 0.537268 0.369873 0.057029
2 2 0.004431 0.028794 0.545544 0.369608 0.051623
2 2 0.005558 0.030702 0.506979 0.390607 0.066154
2 2 0.003399 0.023324 0.520409 0.412046 0.040822
2 2 0.004168 0.026710 0.532039 0.384297 0.052786
2 2 0.006086 0.037143 0.576629 0.308981 0.071160
2 2 0.010675 0.052671 0.559446 0.262746 0.114461
2 2 0.006085 0.034623 0.552427 0.322390 0.084475
2 2 0.006779 0.036639 0.545174 0.314082 0.097326
2 2 0.005579 0.034454 0.571547 0.317622 0.070798
2 2 0.005097 0.030110 0.528949 0.370967 0.064877
2 2 0.004525 0.027818 0.519924 0.395229 0.052504
3 2 0.018931 0.033803 0.181739 0.691427 0.074101
3 2 0.012349 0.031194 0.259369 0.611871 0.085217
2 2 0.006878 0.033269 0.463146 0.429555 0.067152
2 2 0.005756 0.029312 0.455622 0.452428 0.056881
2 2 0.007595 0.036001 0.483145 0.386918 0.086341
2 2 0.005452 0.028365 0.469930 0.431704 0.064549
2 3 0.005262 0.029249 0.503765 0.393338 0.068386
2 3 0.007574 0.035572 0.457771 0.433426 0.065656
2 3 0.018403 0.068330 0.491571 0.217400 0.204296
2 3 0.009453 0.046970 0.556820 0.237233 0.149524
2 3 0.008507 0.042257 0.540442 0.287210 0.121584
2 3 0.009736 0.046698 0.542772 0.259169 0.141626
2 3 0.011727 0.048546 0.496907 0.286849 0.155971
2 3 0.006131 0.028699 0.460252 0.408042 0.096876
2 3 0.004304 0.025407 0.505707 0.402412 0.062170
2 3 0.005504 0.029820 0.501262 0.392077 0.071336
2 3 0.003751 0.024086 0.536430 0.370165 0.065568
2 3 0.005539 0.027747 0.468557 0.418535 0.079623
2 3 0.004014 0.023814 0.487819 0.430158 0.054196
2 3 0.004615 0.025124 0.465995 0.445482 0.058785
2 3 0.003652 0.021782 0.471970 0.453513 0.049083
3 3 0.004622 0.024239 0.453340 0.453835 0.063964
3 3 0.003812 0.020567 0.429121 0.494430 0.052070
4 3 0.033374 0.090571 0.340408 0.077893 0.457754
4 3 0.033889 0.101223 0.356309 0.057161 0.451418
4 2 0.053959 0.119326 0.284916 0.064231 0.477567
2 2 0.101089 0.176448 0.404094 0.085118 0.233251
2 2 0.040522 0.130730 0.575954 0.062526 0.190268
2 2 0.022528 0.095910 0.528442 0.071989 0.281132
