0 0 0.582066 0.151012 0.188767 0.040488 0.037667
0 0 0.535346 0.167067 0.216354 0.043070 0.038163
0 0 0.691011 0.123154 0.132571 0.022023 0.031241
0 0 0.610911 0.140850 0.145198 0.036643 0.066399
0 0 0.682103 0.125673 0.133136 0.023583 0.035505
0 0 0.659282 0.129011 0.120474 0.027533 0.063701
0 0 0.673589 0.127867 0.145550 0.024159 0.028836
0 0 0.549226 0.157264 0.215684 0.045846 0.031980
0 0 0.449627 0.165165 0.332632 0.028263 0.024313
0 0 0.576546 0.151450 0.200370 0.033476 0.038158
2 0 0.363935 0.171874 0.409390 0.028103 0.026698
0 0 0.472714 0.170960 0.265464 0.039977 0.050885
0 0 0.573935 0.152475 0.172415 0.043935 0.057240
0 0 0.448903 0.166509 0.327784 0.025629 0.031173
0 0 0.364223 0.194785 0.350023 0.053373 0.037597
2 0 0.290369 0.186114 0.421951 0.041035 0.060531
2 0 0.258118 0.180012 0.485257 0.033889 0.042724
2 0 0.266390 0.193722 0.442901 0.053325 0.043662
2 0 0.292179 0.193115 0.385980 0.047448 0.081279
2 0 0.229198 0.200323 0.468356 0.054080 0.048044
0 0 0.620163 0.137750 0.197256 0.019594 0.025237
0 0 0.511568 0.157143 0.273989 0.041432 0.015868
0 0 0.670340 0.128296 0.152236 0.024062 0.025066
0 0 0.624634 0.140249 0.175327 0.031399 0.028391
0 0 0.541161 0.156083 0.236743 0.043997 0.022015
0 0 0.520946 0.155517 0.181487 0.029600 0.112450
0 0 0.479761 0.169124 0.241620 0.036220 0.073276
0 0 0.454535 0.184153 0.251384 0.042381 0.067547
0 0 0.527392 0.161371 0.227107 0.035211 0.048920
0 0 0.509166 0.159938 0.241618 0.020891 0.068387
2 0 0.291337 0.188325 0.359533 0.046350 0.114455
2 0 0.205354 0.207516 0.406772 0.034573 0.145785
2 0 0.222778 0.210948 0.351566 0.044025 0.170683
0 0 0.293199 0.173367 0.284518 0.031368 0.217548
2 0 0.266955 0.178298 0.470287 0.023470 0.060990
0 0 0.460714 0.170761 0.246813 0.034147 0.087565
0 0 0.475491 0.179708 0.243623 0.037996 0.063182
2 0 0.341267 0.175102 0.422595 0.029134 0.031903
0 0 0.440107 0.168111 0.332206 0.025757 0.033820
0 0 0.510149 0.161428 0.251258 0.024484 0.052680
2 0 0.107618 0.140049 0.592552 0.127243 0.032538
2 1 0.085419 0.145138 0.628329 0.100890 0.040224
2 1 0.098467 0.168096 0.589387 0.086700 0.057351
2 1 0.113749 0.148475 0.606987 0.079617 0.051172
2 1 0.093526 0.154762 0.610669 0.102373 0.038670
2 1 0.109121 0.181020 0.557000 0.094084 0.058775
2 1 0.188355 0.190690 0.441217 0.102896 0.076843
2 1 0.142805 0.165488 0.563033 0.061598 0.067076
2 2 0.070888 0.158786 0.605346 0.070027 0.094953
2 2 0.040032 0.125560 0.425180 0.078282 0.330947
0 2 0.308134 0.172332 0.222021 0.045993 0.251520
0 2 0.332010 0.169520 0.215753 0.051390 0.231327
0 2 0.334930 0.174562 0.234381 0.052414 0.203712
2 1 0.267706 0.189825 0.409572 0.050186 0.082711
2 1 0.352941 0.191367 0.357440 0.035521 0.062731
2 1 0.170720 0.181784 0.531675 0.043252 0.072570
2 1 0.164114 0.185425 0.495099 0.064142 0.091219
2 1 0.136645 0.196386 0.540871 0.075162 0.050935
2 1 0.160011 0.201750 0.489785 0.072507 0.075946
2 1 0.137402 0.193218 0.540031 0.057683 0.071665
2 1 0.073995 0.119990 0.594117 0.175780 0.036118
2 2 0.050596 0.111067 0.602063 0.198515 0.037759
2 2 0.048488 0.115955 0.616584 0.179799 0.039174
2 2 0.047926 0.113052 0.630520 0.153278 0.055225
2 2 0.040099 0.104255 0.629236 0.182425 0.043986
2 2 0.114808 0.198236 0.367965 0.057442 0.261549
4 2 0.151776 0.173674 0.246087 0.050986 0.377476
2 1 0.245183 0.184689 0.440489 0.032990 0.096649
2 2 0.134881 0.190748 0.361795 0.036457 0.276119
2 2 0.194996 0.186888 0.423090 0.029544 0.165481
0 2 0.351614 0.179076 0.307422 0.030251 0.131636
0 2 0.348124 0.184866 0.333169 0.040588 0.093253
0 2 0.343813 0.182681 0.252843 0.045384 0.175278
2 0 0.337284 0.185065 0.376514 0.042252 0.058886
2 0 0.310629 0.187887 0.391401 0.050200 0.059883
0 0 0.510223 0.161868 0.256346 0.026960 0.044603
0 0 0.392481 0.177110 0.355729 0.038226 0.036454
0 0 0.541736 0.156182 0.239280 0.028013 0.034790
2 0 0.352397 0.180081 0.399272 0.038871 0.029378
0 0 0.464089 0.180743 0.248807 0.048932 0.057430
0 0 0.624691 0.139579 0.180240 0.030635 0.024855
0 0 0.595646 0.148048 0.175579 0.038474 0.042253
0 0 0.614507 0.142783 0.152815 0.035632 0.054263
0 0 0.725215 0.113036 0.116948 0.017392 0.027409
0 0 0.628106 0.139736 0.168567 0.029800 0.033791
0 0 0.396070 0.186414 0.312020 0.042238 0.063258
2 0 0.314764 0.191408 0.408392 0.048896 0.036541
0 0 0.382469 0.180069 0.345629 0.034924 0.056909
0 0 0.406962 0.175148 0.330203 0.026369 0.061318
0 0 0.393264 0.176260 0.355072 0.030471 0.044933
0 0 0.516179 0.160798 0.258452 0.031335 0.033236
0 0 0.489538 0.164286 0.262292 0.023661 0.060223
0 0 0.499172 0.159450 0.278758 0.018484 0.044136
0 0 0.567221 0.152048 0.207401 0.026056 0.047274
0 0 0.636590 0.132931 0.143770 0.018509 0.068201
0 0 0.504865 0.166446 0.237559 0.047499 0.043632
0 0 0.598194 0.145001 0.196558 0.023939 0.036307
0 0 0.437279 0.173216 0.295865 0.028985 0.064655
0 0 0.467738 0.170315 0.283437 0.039085 0.039425
0 0 0.613248 0.141969 0.163232 0.026061 0.055491
2 0 0.310455 0.177792 0.444624 0.030947 0.036182
0 0 0.392124 0.190998 0.291902 0.043672 0.081305
2 0 0.318112 0.191527 0.362034 0.049935 0.078391
2 0 0.342029 0.184356 0.372380 0.039432 0.061805
0 0 0.399086 0.183558 0.275027 0.067552 0.074778
0 0 0.431162 0.173080 0.314782 0.028468 0.052507
0 0 0.461481 0.164342 0.318414 0.022684 0.033080
0 0 0.441845 0.170602 0.314369 0.026576 0.046608
0 0 0.516967 0.161498 0.225517 0.028703 0.067315
2 0 0.287191 0.190571 0.388548 0.084181 0.049509
2 0 0.356973 0.181482 0.376997 0.039209 0.045339
0 0 0.497997 0.166633 0.238286 0.036449 0.060634
0 0 0.456309 0.172030 0.285272 0.034311 0.052078
0 0 0.588656 0.148757 0.182492 0.031229 0.048867
0 0 0.436921 0.172609 0.314343 0.031051 0.045076
0 0 0.517574 0.161733 0.249498 0.032641 0.038554
0 0 0.550800 0.154192 0.235335 0.028033 0.031641
0 0 0.457439 0.164606 0.322424 0.035866 0.019665
0 0 0.526062 0.156511 0.263629 0.026227 0.027570
0 0 0.642416 0.135630 0.167191 0.028288 0.026475
0 0 0.760279 0.100964 0.087689 0.013701 0.037367
0 0 0.878945 0.059102 0.045774 0.003603 0.012576
0 0 0.795210 0.089722 0.075586 0.010065 0.029417
0 0 0.708042 0.114012 0.149455 0.016525 0.011965
0 0 0.729942 0.109080 0.132389 0.014882 0.013707
0 0 0.411675 0.176303 0.328711 0.032727 0.050584
0 0 0.409553 0.175985 0.335666 0.033027 0.045769
0 0 0.399510 0.174374 0.339042 0.023247 0.063827
0 0 0.356134 0.191687 0.355592 0.036625 0.059962
2 0 0.319179 0.174521 0.447927 0.029383 0.028990
2 0 0.284161 0.185085 0.434652 0.039021 0.057082
2 0 0.234639 0.180763 0.495254 0.031465 0.057879
2 0 0.239978 0.170627 0.534483 0.025325 0.029587
2 0 0.259154 0.199200 0.429268 0.050968 0.061410
2 0 0.216167 0.169488 0.557373 0.024566 0.032407
2 0 0.290277 0.188231 0.390380 0.043288 0.087824
2 0 0.239886 0.191104 0.486514 0.042323 0.040173
2 0 0.281764 0.200364 0.405639 0.044388 0.067845
0 0 0.384417 0.182865 0.338322 0.038550 0.055847
2 0 0.289729 0.182063 0.437097 0.029708 0.061403
2 0 0.214019 0.181607 0.537452 0.039295 0.027627
2 0 0.298616 0.185736 0.409441 0.037629 0.068578
2 0 0.251169 0.181218 0.486730 0.035942 0.044941
2 0 0.175672 0.178678 0.571271 0.031252 0.043127
2 0 0.214954 0.224646 0.387142 0.063567 0.109691
2 0 0.351702 0.171266 0.422557 0.022319 0.032155
0 0 0.370972 0.192344 0.316671 0.034174 0.085839
2 0 0.275505 0.182624 0.475531 0.034762 0.031579
2 0 0.247651 0.195103 0.438843 0.024730 0.093673
0 0 0.486314 0.162913 0.212359 0.029276 0.109137
2 0 0.195226 0.217561 0.451130 0.052451 0.083632
2 0 0.302857 0.188975 0.396655 0.035277 0.076235
0 0 0.387475 0.188028 0.276379 0.073964 0.074154
2 0 0.263038 0.176074 0.495286 0.042147 0.023454
2 0 0.251032 0.193901 0.463594 0.056222 0.035252
2 0 0.260839 0.188247 0.439537 0.050454 0.060923
2 0 0.179251 0.190563 0.534178 0.063461 0.032547
2 0 0.208421 0.199505 0.472337 0.097100 0.022637
2 0 0.250169 0.191313 0.424507 0.070589 0.063423
2 0 0.176955 0.192247 0.531688 0.070159 0.028950
0 0 0.347003 0.200422 0.299959 0.059692 0.092923
2 0 0.358934 0.180815 0.377595 0.049592 0.033064
0 0 0.393375 0.179674 0.340505 0.044889 0.041557
2 0 0.323398 0.174194 0.444760 0.030451 0.027196
2 0 0.303707 0.190803 0.421815 0.051953 0.031721
2 0 0.338238 0.182093 0.397122 0.041855 0.040693
2 0 0.297210 0.193686 0.423229 0.057908 0.027967
0 0 0.401876 0.182155 0.304548 0.059684 0.051736
2 0 0.221500 0.192292 0.424560 0.079165 0.082483
2 0 0.314672 0.183933 0.421587 0.039462 0.040346
2 0 0.236746 0.187985 0.462642 0.058310 0.054316
2 0 0.225955 0.190078 0.487127 0.053884 0.042956
2 0 0.242982 0.209336 0.407601 0.067426 0.072654
2 0 0.226283 0.182056 0.503239 0.050615 0.037807
2 0 0.278800 0.203305 0.385389 0.068677 0.063829
0 0 0.587654 0.147536 0.197934 0.024451 0.042426
0 0 0.567971 0.147099 0.210317 0.015256 0.059358
0 0 0.445224 0.170515 0.316337 0.038965 0.028959
0 0 0.433516 0.177645 0.286640 0.063315 0.038883
0 0 0.547368 0.158455 0.207571 0.047748 0.038857
2 0 0.113215 0.143397 0.622288 0.095030 0.026070
2 0 0.123735 0.154494 0.581595 0.104898 0.035278
2 0 0.197406 0.187955 0.480044 0.079740 0.054855
2 0 0.120175 0.149892 0.591961 0.110773 0.027199
2 0 0.079302 0.146277 0.579762 0.162740 0.031919
2 1 0.084797 0.144246 0.597972 0.148035 0.024951
2 1 0.148881 0.180756 0.540825 0.069569 0.059969
2 1 0.105729 0.157785 0.535341 0.179944 0.021201
2 1 0.075285 0.144037 0.620285 0.119011 0.041382
2 1 0.138744 0.168937 0.528750 0.109649 0.053920
2 1 0.089817 0.128321 0.600657 0.158691 0.022514
2 1 0.042384 0.132098 0.541065 0.194451 0.090001
2 1 0.036366 0.126627 0.565893 0.208406 0.062708
2 1 0.097716 0.149622 0.565067 0.106554 0.081041
2 1 0.043970 0.134789 0.614304 0.110356 0.096581
2 1 0.076498 0.163826 0.573114 0.081867 0.104695
2 1 0.106363 0.199466 0.346145 0.051651 0.296376
4 2 0.065126 0.149644 0.259513 0.058569 0.467148
4 2 0.102611 0.170897 0.234600 0.053473 0.438420
4 2 0.089234 0.162151 0.266137 0.039183 0.443296
4 2 0.076503 0.150681 0.239638 0.039020 0.494158
2 2 0.054932 0.156597 0.594601 0.032534 0.161335
4 2 0.123943 0.156611 0.236906 0.037171 0.445370
4 2 0.136037 0.151107 0.237781 0.026355 0.448720
4 2 0.084158 0.146312 0.248860 0.038934 0.481736
2 2 0.021257 0.081104 0.397740 0.113699 0.386200
2 2 0.024081 0.088123 0.425621 0.099667 0.362507
4 2 0.026725 0.086919 0.387395 0.078849 0.420112
2 2 0.017637 0.073003 0.403530 0.125684 0.380146
2 2 0.022363 0.084859 0.440806 0.118840 0.333132
2 2 0.128510 0.166282 0.394626 0.043700 0.266883
2 2 0.093217 0.170966 0.433021 0.026584 0.276213
4 2 0.045685 0.110410 0.296859 0.041352 0.505694
4 2 0.132796 0.129822 0.258450 0.026266 0.452666
4 2 0.068882 0.128647 0.283207 0.029959 0.489305
2 2 0.012856 0.059085 0.463190 0.122337 0.342531
2 2 0.012918 0.056952 0.478959 0.134763 0.316408
2 2 0.012429 0.057305 0.455872 0.118285 0.356109
2 3 0.010869 0.056397 0.471133 0.149280 0.312321
2 3 0.011884 0.056238 0.441729 0.122144 0.368005
2 3 0.015605 0.065276 0.453239 0.099116 0.366765
2 3 0.016867 0.066059 0.447583 0.089394 0.380098
2 3 0.015476 0.072126 0.498121 0.129888 0.284389
2 3 0.016265 0.066307 0.478470 0.108259 0.330699
2 3 0.013612 0.059415 0.468855 0.102700 0.355418
2 3 0.015151 0.062309 0.466257 0.105421 0.350862
2 3 0.015206 0.066625 0.470965 0.132546 0.314658
2 3 0.012553 0.059263 0.501831 0.131760 0.294591
2 3 0.012309 0.062505 0.494011 0.156395 0.274779
2 3 0.013330 0.062415 0.547956 0.165587 0.210713
2 3 0.007495 0.046123 0.529109 0.281003 0.136270
2 3 0.009341 0.050908 0.533892 0.244846 0.161013
2 3 0.006297 0.041471 0.565407 0.249614 0.137211
2 3 0.005931 0.038576 0.559107 0.254867 0.141518
2 3 0.007682 0.046798 0.527042 0.304374 0.114103
2 3 0.011008 0.051285 0.512895 0.219246 0.205566
2 3 0.009737 0.053883 0.539740 0.201245 0.195395
2 3 0.011021 0.060754 0.511147 0.214088 0.202989
2 3 0.008881 0.052376 0.527539 0.258463 0.152740
2 3 0.008883 0.048479 0.482177 0.232382 0.228079
2 3 0.005752 0.040420 0.517654 0.347731 0.088442
2 3 0.006362 0.041527 0.484964 0.320852 0.146295
2 3 0.013253 0.059634 0.485365 0.178082 0.263666
2 3 0.008113 0.047265 0.532144 0.233676 0.178802
2 3 0.009045 0.049147 0.514032 0.282005 0.145772
2 3 0.005671 0.035689 0.543165 0.293648 0.121827
2 3 0.005750 0.038559 0.526162 0.325045 0.104484
2 3 0.005966 0.038176 0.530967 0.289255 0.135636
2 3 0.006006 0.039277 0.511697 0.334589 0.108431
2 3 0.005275 0.035895 0.497303 0.361301 0.100226
2 3 0.005441 0.036381 0.570776 0.302482 0.084920
2 3 0.006789 0.043012 0.520718 0.316450 0.113031
2 3 0.007423 0.042945 0.544984 0.297952 0.106696
2 3 0.008886 0.048560 0.555968 0.249775 0.136811
2 3 0.007631 0.044344 0.566580 0.267670 0.113775
2 3 0.010219 0.053945 0.548048 0.242187 0.145601
2 3 0.015410 0.061562 0.568101 0.252159 0.102769
2 3 0.013879 0.058459 0.630705 0.175407 0.121550
2 3 0.010381 0.052116 0.534552 0.258682 0.144269
2 3 0.013192 0.066247 0.563623 0.215823 0.141115
2 3 0.011782 0.053363 0.571500 0.246491 0.116864
2 3 0.010903 0.054927 0.557010 0.226241 0.150919
2 3 0.012566 0.056766 0.583316 0.241914 0.105438
2 3 0.010084 0.054829 0.534693 0.263223 0.137171
2 3 0.011403 0.053298 0.578101 0.254853 0.102345
2 3 0.008148 0.045997 0.544180 0.285442 0.116234
2 3 0.006198 0.036310 0.541846 0.342159 0.073486
2 3 0.008256 0.044286 0.575211 0.302399 0.069848
2 3 0.005740 0.038801 0.499636 0.389940 0.065884
2 3 0.006796 0.039845 0.543426 0.325000 0.084934
2 3 0.006529 0.042492 0.540128 0.309800 0.101051
2 3 0.006958 0.039303 0.566817 0.304102 0.082821
2 3 0.006897 0.041370 0.512428 0.316013 0.123292
2 3 0.007713 0.040748 0.535185 0.341598 0.074756
2 3 0.007506 0.043909 0.527484 0.326554 0.094546
2 3 0.005500 0.035620 0.526943 0.366108 0.065830
2 3 0.009483 0.044246 0.591188 0.272809 0.082274
2 3 0.007807 0.043012 0.542949 0.331904 0.074328
2 3 0.007449 0.044448 0.508628 0.300926 0.138549
2 3 0.006540 0.039753 0.527250 0.319734 0.106724
2 3 0.012855 0.064032 0.518832 0.225607 0.178675
2 3 0.012789 0.061610 0.535213 0.274836 0.115552
2 3 0.013217 0.061886 0.540501 0.245346 0.139051
2 3 0.006907 0.041314 0.597473 0.280601 0.073705
2 3 0.008912 0.054076 0.564440 0.260429 0.112143
2 3 0.200044 0.189846 0.289435 0.052783 0.267892
2 3 0.207268 0.195923 0.348676 0.063140 0.184993
2 2 0.168597 0.184825 0.366264 0.098073 0.182241
2 2 0.183844 0.197732 0.504641 0.053202 0.060580
2 2 0.185731 0.224926 0.438204 0.062218 0.088921
2 2 0.132050 0.161812 0.524540 0.134539 0.047059
2 2 0.055971 0.143064 0.604833 0.112445 0.083688
2 2 0.021815 0.090731 0.384082 0.128858 0.374514
2 2 0.024937 0.095943 0.405223 0.153931 0.319966
4 2 0.031329 0.098007 0.362357 0.123688 0.384618
2 2 0.020005 0.091506 0.554201 0.203350 0.130938
2 2 0.088234 0.136856 0.444429 0.139432 0.191050
2 2 0.018353 0.083614 0.483774 0.224603 0.189657
2 2 0.021609 0.091066 0.423433 0.147155 0.316737
2 2 0.019169 0.088353 0.504330 0.221260 0.166888
2 2 0.006649 0.048283 0.433397 0.205435 0.306236
2 2 0.013391 0.071021 0.450141 0.229745 0.235701
2 2 0.012518 0.067673 0.446005 0.244797 0.229006
2 2 0.014087 0.066191 0.410935 0.185466 0.323321
2 2 0.006170 0.050941 0.425031 0.152793 0.365064
2 2 0.008916 0.060901 0.406399 0.135511 0.388273
4 2 0.009551 0.063348 0.392638 0.098333 0.436129
4 2 0.010468 0.065158 0.388879 0.091850 0.443644
4 2 0.012234 0.074774 0.371667 0.107833 0.433492
4 2 0.011144 0.067865 0.389002 0.106740 0.425249
4 4 0.013274 0.076779 0.356912 0.079798 0.473238
4 4 0.018487 0.084539 0.363333 0.097801 0.435840
4 4 0.015135 0.078817 0.361594 0.084151 0.460302
4 4 0.022213 0.090020 0.360244 0.102463 0.425061
4 4 0.016025 0.080003 0.368879 0.099283 0.435810
4 4 0.022350 0.088788 0.364464 0.103883 0.420514
4 4 0.020884 0.088700 0.383044 0.115007 0.392365
4 4 0.015298 0.077549 0.375830 0.105208 0.426115
4 4 0.013412 0.074517 0.370725 0.089425 0.451921
4 4 0.014095 0.075078 0.378876 0.105714 0.426236
2 4 0.013061 0.071635 0.391023 0.170687 0.353593
2 4 0.010782 0.063927 0.407082 0.139635 0.378572
2 4 0.010014 0.060932 0.408899 0.194659 0.325496
2 4 0.013357 0.069029 0.401658 0.160262 0.355694
2 4 0.011176 0.064211 0.407964 0.135381 0.381267
2 4 0.008153 0.054714 0.424681 0.171302 0.341150
2 2 0.009355 0.056174 0.415198 0.224044 0.295229
2 2 0.006789 0.052450 0.424289 0.156284 0.360188
2 2 0.008525 0.056954 0.419517 0.157291 0.357713
2 2 0.008143 0.054317 0.427292 0.160663 0.349585
2 2 0.010200 0.063881 0.403786 0.138686 0.383447
2 4 0.009998 0.062844 0.405175 0.126648 0.395335
4 4 0.011565 0.068626 0.391574 0.117509 0.410726
2 4 0.012120 0.068183 0.399240 0.149019 0.371438
2 4 0.009745 0.061756 0.409212 0.150820 0.368468
2 4 0.013289 0.067997 0.405082 0.156072 0.357560
4 4 0.015101 0.071546 0.392429 0.098523 0.422401
2 4 0.011855 0.067298 0.400034 0.181644 0.339169
2 4 0.015241 0.079561 0.466438 0.184524 0.254236
2 4 0.019144 0.085030 0.438518 0.145535 0.311772
2 4 0.011756 0.068334 0.446163 0.253722 0.220024
2 4 0.013077 0.069568 0.457744 0.219083 0.240528
2 4 0.011110 0.064761 0.400173 0.199855 0.324100
2 4 0.008632 0.057076 0.416637 0.185072 0.332583
2 2 0.010144 0.062100 0.407106 0.185470 0.335180
2 2 0.008112 0.056170 0.419809 0.143131 0.372777
2 2 0.010106 0.061293 0.410673 0.179944 0.337983
2 2 0.008654 0.057438 0.415300 0.185597 0.333010
2 2 0.008078 0.056522 0.417897 0.138639 0.378864
2 2 0.010363 0.060799 0.413409 0.183110 0.332319
2 2 0.006806 0.048783 0.426228 0.227545 0.290637
2 2 0.008160 0.056976 0.414125 0.182770 0.337970
2 2 0.009375 0.060782 0.405852 0.194140 0.329852
2 2 0.007357 0.050846 0.424817 0.217972 0.299008
2 2 0.006198 0.049586 0.429763 0.173500 0.340954
2 2 0.006853 0.049837 0.426758 0.211917 0.304636
2 2 0.005564 0.046889 0.432270 0.192561 0.322715
2 2 0.007164 0.050800 0.430923 0.187166 0.323947
2 2 0.006005 0.048859 0.422697 0.214820 0.307619
2 2 0.006194 0.049108 0.424657 0.209980 0.310061
2 2 0.008656 0.060651 0.406118 0.153039 0.371536
2 2 0.009193 0.061649 0.404994 0.170758 0.353406
2 2 0.007578 0.056514 0.413692 0.163770 0.358446
2 2 0.008714 0.061091 0.404442 0.138444 0.387309
2 2 0.007485 0.056981 0.411479 0.154558 0.369497
2 2 0.006941 0.054927 0.415143 0.156076 0.366913
2 2 0.007260 0.054169 0.421269 0.150550 0.366752
2 2 0.007541 0.056472 0.413699 0.161766 0.360522
2 2 0.006819 0.052730 0.421483 0.176937 0.342031
2 2 0.006955 0.053079 0.422566 0.164493 0.352907
2 2 0.003907 0.037588 0.440823 0.247610 0.270071
2 2 0.005022 0.042189 0.431293 0.249419 0.272078
2 2 0.004323 0.039913 0.435767 0.244737 0.275260
2 2 0.003960 0.038346 0.448726 0.214793 0.294175
2 2 0.004990 0.040933 0.427267 0.272996 0.253813
2 2 0.004992 0.040372 0.431718 0.268569 0.254350
2 2 0.004019 0.039932 0.440718 0.217030 0.298301
2 2 0.005639 0.044916 0.436371 0.215556 0.297518
2 2 0.005865 0.044364 0.419984 0.273790 0.255997
2 2 0.005061 0.042011 0.429933 0.256209 0.266786
4 2 0.060705 0.143079 0.253116 0.045397 0.497703
4 2 0.079964 0.154180 0.240384 0.042266 0.483206
4 2 0.082711 0.152606 0.229677 0.033513 0.501494
0 2 0.467553 0.172117 0.258404 0.066061 0.035865
0 2 0.644961 0.133078 0.176862 0.026126 0.018972
2 2 0.009941 0.051769 0.524882 0.275594 0.137814
2 2 0.007507 0.043815 0.537770 0.300606 0.110303
2 2 0.005604 0.038409 0.491742 0.382069 0.082176
2 2 0.007693 0.048154 0.565405 0.263794 0.114954
2 2 0.011247 0.058909 0.499989 0.284476 0.145379
2 2 0.044459 0.105113 0.467216 0.161104 0.222107
2 2 0.018488 0.072839 0.559603 0.206054 0.143017
2 2 0.014756 0.070126 0.511034 0.231036 0.173048
2 2 0.012942 0.066391 0.500755 0.195394 0.224518
2 2 0.012678 0.064254 0.496214 0.231692 0.195162
2 3 0.006223 0.041979 0.490207 0.365927 0.095664
2 3 0.006973 0.041761 0.549936 0.282301 0.119029
2 3 0.005141 0.036994 0.497091 0.341682 0.119093
2 3 0.005597 0.036474 0.508003 0.371794 0.078133
2 3 0.005869 0.038654 0.482852 0.355163 0.117463
2 3 0.006319 0.039566 0.467249 0.370236 0.116630
2 3 0.006117 0.040656 0.490030 0.353200 0.109996
2 3 0.004928 0.034499 0.461452 0.415761 0.083360
2 3 0.007184 0.042489 0.475995 0.336689 0.137644
2 3 0.004895 0.033634 0.502300 0.361500 0.097671
2 3 0.004253 0.031323 0.487150 0.399616 0.077658
2 3 0.005923 0.037742 0.507212 0.334005 0.115117
2 3 0.005154 0.034692 0.454925 0.422005 0.083223
2 3 0.003904 0.028457 0.493466 0.400147 0.074026
2 3 0.005765 0.037012 0.476697 0.401523 0.079002
2 3 0.008815 0.050893 0.516148 0.293275 0.130869
2 3 0.021271 0.075847 0.403651 0.195267 0.303965
2 3 0.011519 0.058767 0.516722 0.270626 0.142367
2 3 0.010914 0.055623 0.497393 0.245780 0.190290
2 3 0.010481 0.054201 0.489125 0.292609 0.153583
2 3 0.004057 0.029913 0.465734 0.428742 0.071554
2 3 0.004703 0.032170 0.469108 0.410455 0.083565
2 3 0.003792 0.029175 0.488592 0.400504 0.077937
2 3 0.003656 0.027386 0.496349 0.395163 0.077446
2 3 0.003353 0.026071 0.451398 0.449206 0.069972
3 3 0.001758 0.015880 0.408044 0.526548 0.047770
3 3 0.001972 0.017696 0.409609 0.519243 0.051479
3 3 0.002656 0.021250 0.437474 0.488789 0.049830
3 3 0.002248 0.018745 0.423154 0.523763 0.032090
3 3 0.002209 0.018276 0.393248 0.551177 0.035090
2 3 0.006116 0.036711 0.484607 0.390530 0.082035
2 3 0.005804 0.038618 0.486303 0.391532 0.077742
2 3 0.004980 0.033069 0.473460 0.416888 0.071603
2 3 0.004357 0.031430 0.465867 0.427076 0.071271
2 3 0.004746 0.033536 0.455284 0.423593 0.082841
2 3 0.005283 0.039600 0.477856 0.329263 0.147998
2 3 0.005872 0.040232 0.469927 0.381020 0.102950
2 3 0.007044 0.044240 0.492868 0.355276 0.100572
2 3 0.005166 0.037201 0.523311 0.354397 0.079925
2 3 0.006178 0.041071 0.516553 0.344013 0.092185
2 3 0.005471 0.035728 0.456198 0.434462 0.068141
2 3 0.004430 0.033302 0.466245 0.416739 0.079285
2 3 0.005650 0.037753 0.474313 0.382048 0.100235
2 3 0.004823 0.034037 0.473040 0.417935 0.070164
2 3 0.004695 0.032244 0.476650 0.419777 0.066634
2 3 0.005526 0.032321 0.484670 0.440708 0.036774
2 3 0.003652 0.029348 0.463700 0.424955 0.078345
3 3 0.003898 0.027262 0.451037 0.463434 0.054369
2 3 0.004078 0.030863 0.471756 0.428706 0.064598
2 3 0.003761 0.028298 0.471337 0.437490 0.059114
3 3 0.002576 0.021761 0.454210 0.489022 0.032431
2 3 0.003561 0.026331 0.470252 0.448558 0.051299
3 3 0.004037 0.025954 0.448097 0.481378 0.040534
2 3 0.003114 0.023873 0.467759 0.462518 0.042736
3 3 0.004513 0.030602 0.440750 0.477944 0.046191
2 3 0.006601 0.038932 0.487710 0.407308 0.059448
2 3 0.006746 0.038884 0.496205 0.400243 0.057923
2 3 0.005992 0.039678 0.490594 0.375386 0.088350
2 3 0.006989 0.043002 0.498288 0.351153 0.100567
2 3 0.005998 0.036861 0.503067 0.380776 0.073299
2 3 0.003644 0.029044 0.497011 0.397562 0.072738
3 3 0.003419 0.026077 0.454789 0.478527 0.037188
3 3 0.003426 0.024473 0.461475 0.462904 0.047721
3 3 0.005506 0.030756 0.445289 0.481460 0.036989
3 3 0.003747 0.026993 0.435181 0.477634 0.056445
2 3 0.004051 0.030083 0.473312 0.439578 0.052977
2 3 0.003690 0.028089 0.501013 0.417445 0.049763
2 3 0.004313 0.028544 0.472246 0.449252 0.045645
2 3 0.006171 0.036170 0.492263 0.396858 0.068538
2 3 0.004574 0.031702 0.498940 0.407839 0.056945
2 3 0.238657 0.182802 0.270085 0.066244 0.242212
2 2 0.253594 0.193604 0.359826 0.096603 0.096373
2 2 0.275266 0.175672 0.437541 0.017003 0.094518
4 2 0.221823 0.170963 0.238551 0.025086 0.343577
4 2 0.143731 0.168379 0.237777 0.052064 0.398050
4 2 0.060608 0.134902 0.251712 0.035780 0.516999
4 2 0.048636 0.122809 0.270835 0.039337 0.518383
2 2 0.144557 0.165865 0.355673 0.043619 0.290287
4 2 0.064475 0.140907 0.228405 0.028122 0.538090
4 2 0.046520 0.123982 0.245852 0.029024 0.554623
4 2 0.011486 0.066128 0.400429 0.119108 0.402849
4 2 0.011374 0.066090 0.398700 0.113537 0.410300
2 2 0.011239 0.063921 0.408418 0.126289 0.390133
4 2 0.009467 0.061827 0.402436 0.111359 0.414912
2 2 0.011640 0.065773 0.405053 0.139965 0.377569
2 2 0.010363 0.062705 0.408991 0.161208 0.356733
2 2 0.008583 0.057467 0.417914 0.139788 0.376247
2 2 0.011533 0.065749 0.404741 0.152834 0.365142
2 2 0.009064 0.060340 0.409745 0.137135 0.383716
2 2 0.009363 0.059775 0.414176 0.140498 0.376188
2 2 0.008871 0.059761 0.410606 0.162795 0.357967
2 2 0.007163 0.051962 0.429489 0.160445 0.350941
2 2 0.005606 0.048010 0.431811 0.163526 0.351045
2 2 0.007265 0.053705 0.423124 0.156211 0.359696
2 2 0.007722 0.055383 0.419371 0.164504 0.353019
4 2 0.053355 0.132370 0.252454 0.036562 0.525258
4 2 0.134003 0.158823 0.237731 0.039781 0.429662
2 2 0.143268 0.194791 0.472356 0.039915 0.149671
2 2 0.074763 0.179421 0.367447 0.042356 0.336014
4 2 0.071734 0.138258 0.230257 0.025684 0.534067
4 2 0.049515 0.146637 0.348969 0.023396 0.431483
2 2 0.050555 0.132025 0.384845 0.056647 0.375927
4 2 0.041965 0.112057 0.302800 0.050728 0.492450
4 2 0.036839 0.108807 0.310779 0.056871 0.486705
4 2 0.035553 0.106791 0.303328 0.048510 0.505818
4 2 0.022971 0.089524 0.379499 0.111475 0.396531
4 2 0.021993 0.084372 0.378284 0.111516 0.403835
4 2 0.021680 0.084031 0.377155 0.106633 0.410501
4 2 0.019148 0.081086 0.380744 0.114011 0.405011
4 2 0.024447 0.085369 0.374116 0.090832 0.425235
4 2 0.018205 0.077234 0.388376 0.108765 0.407420
4 2 0.017004 0.074860 0.393016 0.112846 0.402273
4 2 0.015804 0.072848 0.394425 0.109527 0.407395
4 2 0.017348 0.075288 0.391942 0.109417 0.406006
2 2 0.022373 0.081904 0.409952 0.120960 0.364812
2 2 0.015780 0.072727 0.398367 0.128724 0.384401
2 2 0.016976 0.076366 0.416154 0.133412 0.357092
2 2 0.015001 0.069399 0.407438 0.141646 0.366516
2 2 0.014642 0.070674 0.419856 0.176947 0.317881
2 2 0.012400 0.064189 0.414097 0.131932 0.377381
2 2 0.014411 0.068242 0.408849 0.156024 0.352473
2 2 0.013763 0.066596 0.409311 0.179723 0.330608
2 2 0.012320 0.064586 0.412617 0.137179 0.373297
2 2 0.016161 0.072100 0.402654 0.151580 0.357505
2 2 0.014765 0.066954 0.421456 0.163285 0.333540
2 2 0.014223 0.065144 0.418514 0.160150 0.341968
2 2 0.014598 0.069702 0.404730 0.154706 0.356264
2 2 0.013626 0.064211 0.419602 0.157843 0.344718
2 2 0.013302 0.066183 0.427291 0.183524 0.309700
2 2 0.015411 0.072797 0.439367 0.176273 0.296152
2 2 0.012551 0.063130 0.441388 0.183076 0.299856
2 2 0.011155 0.058608 0.424774 0.187640 0.317822
2 2 0.010723 0.054626 0.440544 0.173748 0.320360
2 2 0.008958 0.053674 0.459748 0.237586 0.240034
2 2 0.012576 0.061601 0.461839 0.204944 0.259040
4 2 0.146494 0.170655 0.237524 0.055647 0.389681
4 2 0.151708 0.165414 0.238079 0.048667 0.396132
4 2 0.149043 0.178609 0.253906 0.067136 0.351306
2 2 0.171193 0.180632 0.350829 0.077631 0.219714
2 2 0.192265 0.197930 0.450257 0.033271 0.126278
2 2 0.050729 0.129805 0.630782 0.055496 0.133188
4 2 0.037834 0.112828 0.373566 0.084403 0.391369
2 2 0.046034 0.117509 0.488923 0.075270 0.272264
2 4 0.051785 0.123701 0.568594 0.052985 0.202935
2 4 0.087786 0.157140 0.455603 0.042757 0.256714
4 4 0.088480 0.141300 0.298846 0.026730 0.444644
2 4 0.109717 0.175748 0.357125 0.037142 0.320269
2 4 0.115983 0.176612 0.400657 0.030164 0.276584
2 4 0.135877 0.178874 0.361015 0.033852 0.290382
2 4 0.123450 0.179496 0.462670 0.037167 0.197216
2 4 0.218795 0.189651 0.384153 0.024276 0.183125
2 4 0.225730 0.187438 0.343118 0.024123 0.219591
0 4 0.310372 0.165635 0.283291 0.017451 0.223252
2 0 0.249455 0.192160 0.414154 0.072218 0.072013
2 1 0.220480 0.180738 0.340663 0.023596 0.234523
2 1 0.047715 0.127498 0.637818 0.101382 0.085587
2 2 0.055764 0.139854 0.574553 0.121152 0.108678
2 2 0.046277 0.125384 0.582215 0.107441 0.138684
2 2 0.026727 0.105512 0.484426 0.128331 0.255004
2 2 0.030126 0.105595 0.479235 0.110247 0.274796
2 4 0.013430 0.069927 0.471358 0.187723 0.257562
2 4 0.010372 0.056446 0.429838 0.183178 0.320166
2 4 0.010245 0.055665 0.430557 0.191259 0.312274
2 4 0.012119 0.061907 0.418801 0.179021 0.328152
2 4 0.008426 0.051091 0.428765 0.225636 0.286082
2 4 0.009161 0.054202 0.441070 0.220313 0.275254
2 4 0.010356 0.056353 0.428399 0.191673 0.313218
2 4 0.007636 0.050506 0.431829 0.204889 0.305140
2 4 0.008775 0.054098 0.426011 0.200664 0.310452
2 4 0.010770 0.054761 0.438976 0.180904 0.314590
2 4 0.015185 0.071484 0.500933 0.164932 0.247466
2 4 0.012155 0.061957 0.416002 0.193773 0.316112
2 4 0.013069 0.063457 0.441125 0.177369 0.304981
2 4 0.010537 0.059164 0.420838 0.180450 0.329011
2 4 0.011648 0.060390 0.424972 0.152714 0.350276
2 4 0.014980 0.075424 0.497220 0.165419 0.246957
2 4 0.017505 0.076194 0.420323 0.148202 0.337777
2 4 0.011016 0.059808 0.424063 0.147918 0.357196
2 4 0.012564 0.064018 0.413442 0.178104 0.331872
2 4 0.012585 0.063011 0.419720 0.137550 0.367134
2 4 0.016172 0.069431 0.411443 0.136366 0.366588
2 4 0.017001 0.075660 0.415165 0.150942 0.341232
2 4 0.017465 0.071744 0.420105 0.124459 0.366226
2 4 0.012613 0.064435 0.414492 0.156444 0.352017
2 4 0.015403 0.073327 0.469554 0.172533 0.269183
2 4 0.014633 0.069262 0.420557 0.155085 0.340462
2 4 0.015320 0.073565 0.416362 0.173060 0.321694
2 4 0.017327 0.071910 0.415781 0.121508 0.373473
2 4 0.017280 0.071507 0.440737 0.136935 0.333541
2 4 0.023347 0.085372 0.579101 0.156697 0.155482
2 4 0.013839 0.067038 0.478661 0.173563 0.266900
2 4 0.012841 0.062734 0.486224 0.209654 0.228547
2 4 0.012938 0.061873 0.423317 0.173878 0.327993
2 4 0.013612 0.065447 0.414496 0.165613 0.340833
2 4 0.009364 0.055442 0.429419 0.174606 0.331169
4 4 0.018835 0.080620 0.375217 0.095489 0.429840
2 4 0.023271 0.089904 0.388573 0.121550 0.376703
4 4 0.022654 0.086336 0.374600 0.112799 0.403610
4 4 0.040323 0.111822 0.325473 0.077218 0.445164
4 4 0.046660 0.115762 0.286193 0.041221 0.510164
2 4 0.009731 0.056832 0.423525 0.189716 0.320194
2 4 0.008018 0.052566 0.417049 0.235860 0.286507
2 4 0.010884 0.059712 0.418900 0.189851 0.320652
2 4 0.009380 0.058588 0.418448 0.162999 0.350585
2 4 0.010468 0.057243 0.428814 0.173891 0.329584
2 4 0.008584 0.052498 0.433757 0.189385 0.315776
2 4 0.009077 0.054648 0.428704 0.186898 0.320673
2 4 0.007165 0.049156 0.432757 0.209511 0.301411
2 4 0.009412 0.054212 0.428264 0.205206 0.302906
2 4 0.010339 0.056199 0.427735 0.196855 0.308872
2 4 0.009493 0.057410 0.420454 0.186938 0.325705
2 4 0.009012 0.053204 0.428760 0.209415 0.299609
2 4 0.009088 0.055249 0.425809 0.189861 0.319994
2 4 0.008452 0.051490 0.439199 0.178237 0.322621
2 4 0.013746 0.067139 0.486831 0.194666 0.237618
2 4 0.010812 0.060919 0.418271 0.158758 0.351240
2 4 0.011053 0.061193 0.414358 0.189922 0.323475
2 4 0.013258 0.064436 0.417233 0.158071 0.347002
2 4 0.013705 0.066908 0.410343 0.159737 0.349306
2 4 0.012255 0.062997 0.418351 0.143273 0.363124
2 4 0.014983 0.069816 0.405784 0.155283 0.354133
2 4 0.015033 0.070202 0.403203 0.122873 0.388689
2 4 0.015797 0.073754 0.395393 0.131820 0.383236
4 4 0.019990 0.080649 0.382297 0.105583 0.411480
2 4 0.012849 0.067890 0.401701 0.122572 0.394987
2 4 0.009920 0.057633 0.425556 0.162256 0.344634
2 4 0.008548 0.053439 0.431662 0.178517 0.327833
2 4 0.010435 0.057320 0.428593 0.172094 0.331559
2 4 0.010474 0.057994 0.423723 0.187050 0.320758
2 4 0.008547 0.054230 0.422549 0.206738 0.307937
4 2 0.024252 0.087573 0.365172 0.086497 0.436506
4 2 0.023723 0.088670 0.370665 0.113109 0.403833
4 2 0.020823 0.084236 0.361402 0.078813 0.454726
4 2 0.051151 0.123552 0.291927 0.054094 0.479276
4 2 0.066473 0.131530 0.277499 0.034153 0.490346
2 2 0.008388 0.048186 0.441397 0.222589 0.279440
2 2 0.007824 0.049729 0.422848 0.286428 0.233171
2 2 0.007700 0.048303 0.435476 0.225504 0.283017
2 2 0.007419 0.046088 0.441262 0.230463 0.274767
2 2 0.006395 0.042561 0.426025 0.286807 0.238212
2 2 0.007555 0.044709 0.455467 0.256673 0.235596
2 2 0.006767 0.045491 0.465048 0.329594 0.153100
2 2 0.007153 0.044784 0.467703 0.280293 0.200068
2 2 0.008096 0.047903 0.447224 0.284609 0.212167
2 2 0.007095 0.044357 0.442959 0.304233 0.201356
2 2 0.006102 0.041160 0.442605 0.355679 0.154455
2 2 0.005456 0.040400 0.444632 0.377564 0.131948
2 2 0.004795 0.036420 0.453727 0.384505 0.120553
2 2 0.005408 0.038746 0.461339 0.349353 0.145154
2 2 0.005964 0.041178 0.465371 0.352854 0.134633
2 2 0.007090 0.046246 0.450918 0.287905 0.207841
2 2 0.008773 0.048278 0.435148 0.245346 0.262455
2 2 0.007304 0.047303 0.454559 0.313550 0.177284
2 2 0.007709 0.047657 0.478733 0.274786 0.191114
2 2 0.008041 0.048717 0.477577 0.303598 0.162068
2 2 0.007428 0.049865 0.474124 0.326179 0.142404
2 2 0.009142 0.052979 0.467298 0.269469 0.201112
2 2 0.007500 0.050160 0.479491 0.286429 0.176420
2 2 0.007460 0.047202 0.434064 0.238244 0.273030
2 2 0.008694 0.051821 0.453221 0.259537 0.226726
4 2 0.114617 0.161182 0.249297 0.053510 0.421394
4 2 0.102905 0.151286 0.258671 0.049238 0.437900
4 2 0.112744 0.162339 0.256801 0.065378 0.402738
4 2 0.151878 0.162256 0.238255 0.044678 0.402933
2 2 0.051594 0.165324 0.393184 0.038021 0.351877
2 2 0.013083 0.061678 0.426521 0.157635 0.341083
2 2 0.012901 0.061817 0.425751 0.146331 0.353200
2 2 0.010318 0.058788 0.422552 0.170052 0.338289
2 2 0.014070 0.067246 0.473429 0.170820 0.274435
2 2 0.011491 0.062085 0.416067 0.172993 0.337363
2 2 0.013051 0.058984 0.429282 0.198451 0.300231
2 2 0.012159 0.060774 0.430219 0.196754 0.300093
2 2 0.010623 0.056401 0.420360 0.225856 0.286761
2 2 0.011360 0.058094 0.462833 0.209382 0.258332
2 2 0.009365 0.053374 0.432604 0.200060 0.304598
2 2 0.007051 0.046243 0.490658 0.268211 0.187838
2 2 0.008508 0.048793 0.432007 0.244173 0.266519
2 2 0.007577 0.045898 0.434021 0.254710 0.257795
2 2 0.007278 0.043155 0.432889 0.279486 0.237192
2 2 0.006989 0.043614 0.461367 0.304452 0.183578
2 2 0.008148 0.049464 0.440540 0.307010 0.194837
2 2 0.005050 0.038335 0.467977 0.322402 0.166236
2 2 0.007193 0.043122 0.462943 0.285011 0.201731
2 2 0.008590 0.048585 0.460192 0.277051 0.205582
2 2 0.007015 0.042393 0.453257 0.268050 0.229286
2 2 0.009249 0.052787 0.428214 0.221600 0.288150
2 2 0.009256 0.052495 0.482783 0.267745 0.187721
2 2 0.010207 0.058580 0.469126 0.240239 0.221849
2 2 0.009807 0.055558 0.446163 0.220944 0.267528
2 2 0.010092 0.055406 0.442129 0.202712 0.289661
2 2 0.007360 0.046166 0.435673 0.265758 0.245043
2 2 0.008683 0.048887 0.425952 0.261147 0.255332
2 2 0.007313 0.048507 0.462273 0.334016 0.147891
2 2 0.007819 0.046016 0.429406 0.306487 0.210271
2 3 0.006783 0.043271 0.444633 0.312882 0.192431
2 3 0.018227 0.073477 0.419757 0.125708 0.362831
2 3 0.018316 0.075045 0.402377 0.137873 0.366388
2 3 0.014058 0.066360 0.451458 0.164737 0.303387
2 3 0.019681 0.075322 0.430874 0.122663 0.351460
2 3 0.015367 0.074762 0.454400 0.171975 0.283495
2 3 0.014244 0.066358 0.556691 0.162866 0.199840
2 3 0.012272 0.065421 0.485601 0.221036 0.215669
2 3 0.012760 0.064563 0.460408 0.197521 0.264748
2 3 0.014412 0.072480 0.480842 0.230175 0.202090
2 3 0.012099 0.063050 0.463819 0.233799 0.227233
2 3 0.014819 0.073026 0.487079 0.186900 0.238175
2 3 0.019012 0.078991 0.483166 0.167009 0.251822
2 3 0.016223 0.075287 0.488726 0.169017 0.250746
2 3 0.014858 0.071619 0.462800 0.218488 0.232235
2 3 0.019782 0.084164 0.464838 0.184374 0.246843
2 3 0.016814 0.070947 0.474575 0.146176 0.291489
2 3 0.015036 0.072529 0.462086 0.183976 0.266373
2 3 0.015655 0.074973 0.464396 0.209857 0.235120
2 3 0.014367 0.069155 0.461550 0.185122 0.269806
2 3 0.011319 0.062045 0.482638 0.211209 0.232788
2 3 0.012989 0.066104 0.486066 0.248129 0.186712
2 3 0.011785 0.057614 0.427037 0.206079 0.297485
2 3 0.006684 0.045000 0.439450 0.233616 0.275249
2 3 0.006871 0.044754 0.434039 0.254620 0.259717
2 3 0.008139 0.047380 0.421663 0.277909 0.244909
2 3 0.007430 0.048260 0.429280 0.238754 0.276276
2 3 0.010021 0.056510 0.424965 0.196325 0.312180
2 2 0.011233 0.057429 0.432362 0.213060 0.285916
2 2 0.010873 0.059774 0.453586 0.244395 0.231371
2 2 0.011950 0.060666 0.421902 0.182633 0.322848
2 2 0.016011 0.067411 0.422008 0.147245 0.347325
2 2 0.017744 0.077013 0.434165 0.158279 0.312799
2 2 0.009713 0.056387 0.429328 0.161415 0.343157
2 2 0.015580 0.072771 0.454916 0.184162 0.272572
2 2 0.013533 0.064019 0.420239 0.152137 0.350072
4 2 0.236048 0.169342 0.233994 0.044226 0.316391
4 1 0.166336 0.140106 0.236813 0.024804 0.431941
0 2 0.364097 0.165425 0.245604 0.019930 0.204944
0 2 0.298683 0.161249 0.226889 0.030191 0.282988
0 2 0.294467 0.156924 0.234593 0.021728 0.292289
2 4 0.059875 0.129089 0.426555 0.048723 0.335758
4 4 0.052934 0.123955 0.344863 0.053718 0.424531
2 4 0.066957 0.133109 0.384604 0.042745 0.372585
2 4 0.089327 0.157300 0.446811 0.046136 0.260425
2 4 0.128700 0.178097 0.418582 0.034741 0.239880
2 4 0.041936 0.114856 0.418631 0.061379 0.363197
2 4 0.047670 0.116876 0.450193 0.064454 0.320807
2 4 0.056408 0.131367 0.488326 0.061022 0.262877
2 4 0.051624 0.126696 0.476303 0.070575 0.274802
2 4 0.039297 0.120315 0.474028 0.077703 0.288656
2 4 0.143606 0.176079 0.471249 0.027241 0.181826
4 4 0.131539 0.147967 0.236641 0.029656 0.454198
2 4 0.111465 0.169845 0.350224 0.028347 0.340118
4 4 0.086348 0.137238 0.279718 0.027476 0.469221
2 4 0.132626 0.179533 0.440825 0.027485 0.219531
2 4 0.055104 0.141282 0.521296 0.074511 0.207806
4 4 0.041602 0.105354 0.393684 0.058820 0.400539
2 4 0.048432 0.128856 0.484244 0.080238 0.258229
2 4 0.045432 0.121935 0.477482 0.071246 0.283905
2 4 0.067365 0.125106 0.655900 0.053610 0.098020
2 4 0.155857 0.171908 0.552292 0.024915 0.095027
2 4 0.128127 0.180365 0.454250 0.028154 0.209104
2 4 0.110936 0.175722 0.346212 0.036613 0.330517
4 4 0.106637 0.160633 0.315125 0.026629 0.390977
2 4 0.116924 0.177018 0.349460 0.031238 0.325360
2 4 0.142469 0.180326 0.436837 0.025813 0.214555
2 4 0.134824 0.174777 0.396779 0.026095 0.267525
4 4 0.130358 0.157142 0.270675 0.024148 0.417678
2 4 0.144896 0.168483 0.341941 0.023468 0.321211
2 4 0.184619 0.177764 0.437847 0.023424 0.176346
4 1 0.054547 0.151084 0.337189 0.020962 0.436219
4 2 0.172084 0.173094 0.285113 0.033326 0.336384
4 4 0.190719 0.174116 0.298855 0.033768 0.302542
2 4 0.186410 0.177840 0.321560 0.028291 0.285899
2 4 0.198885 0.169922 0.352569 0.017304 0.261321
2 4 0.134544 0.177127 0.425290 0.032392 0.230647
2 4 0.100713 0.183777 0.409952 0.037649 0.267908
4 4 0.086947 0.154857 0.315603 0.039113 0.403480
4 4 0.082235 0.126257 0.269282 0.031694 0.490532
2 4 0.110253 0.169258 0.429228 0.033367 0.257894
2 4 0.235881 0.169803 0.312762 0.022480 0.259074
2 4 0.222767 0.180068 0.394008 0.020959 0.182198
2 4 0.180073 0.180899 0.429197 0.019459 0.190372
4 4 0.206813 0.169989 0.294515 0.022025 0.306658
2 4 0.196187 0.179563 0.386036 0.039808 0.198406
4 4 0.076704 0.145661 0.226823 0.028120 0.522692
4 4 0.056905 0.127012 0.263029 0.035673 0.517381
4 4 0.057183 0.119674 0.259037 0.027506 0.536601
4 4 0.077448 0.153231 0.337930 0.043684 0.387707
4 4 0.068358 0.139156 0.278792 0.037851 0.475843
4 4 0.042740 0.109287 0.309610 0.050563 0.487800
4 4 0.037796 0.110109 0.355092 0.058377 0.438626
4 4 0.044917 0.125141 0.377659 0.062271 0.390012
4 4 0.043735 0.119966 0.364468 0.060377 0.411454
2 4 0.040664 0.117905 0.400611 0.071796 0.369023
2 4 0.118533 0.186048 0.392744 0.034120 0.268556
4 4 0.054519 0.122156 0.266764 0.033825 0.522736
4 4 0.064548 0.126012 0.266519 0.033538 0.509384
4 4 0.082764 0.131969 0.227215 0.017849 0.540202
4 4 0.050922 0.119886 0.266522 0.033005 0.529664
4 4 0.032810 0.096584 0.344435 0.067346 0.458825
2 4 0.030257 0.098464 0.490965 0.098597 0.281716
4 4 0.025375 0.088523 0.399419 0.082387 0.404296
2 4 0.029574 0.102057 0.409991 0.106976 0.351403
2 4 0.031576 0.109520 0.417819 0.099620 0.341464
4 4 0.074730 0.141016 0.311003 0.036870 0.436381
4 4 0.081744 0.135499 0.276000 0.033497 0.473261
4 4 0.057408 0.138980 0.377900 0.046758 0.378953
4 4 0.063792 0.131896 0.264172 0.038827 0.501312
4 4 0.076020 0.146567 0.265233 0.032867 0.479314
2 4 0.036798 0.127679 0.405989 0.084544 0.344991
4 4 0.034507 0.101950 0.336671 0.071228 0.455644
4 4 0.032033 0.100512 0.324487 0.058195 0.484773
4 4 0.038784 0.111827 0.379190 0.070110 0.400089
4 4 0.031888 0.106027 0.385226 0.078397 0.398461
4 4 0.078582 0.149510 0.277648 0.040806 0.453454
4 4 0.060700 0.129546 0.253664 0.031995 0.524095
4 4 0.060103 0.133434 0.257629 0.037873 0.510962
4 4 0.113200 0.144187 0.234134 0.026523 0.481956
4 1 0.112800 0.158355 0.286773 0.025500 0.416571
4 1 0.031623 0.089555 0.350522 0.056316 0.471983
4 4 0.043755 0.115658 0.344243 0.059294 0.437050
2 4 0.042911 0.123618 0.430323 0.080576 0.322571
4 4 0.082103 0.153890 0.294139 0.039858 0.430011
4 4 0.036683 0.106786 0.323531 0.065421 0.467579
4 4 0.017838 0.074943 0.389615 0.094567 0.423037
