2 0 0.265430 0.225319 0.386632 0.092862 0.029757
0 0 0.392517 0.141673 0.387376 0.072171 0.006263
0 0 0.441453 0.099820 0.297790 0.133197 0.027740
0 0 0.566620 0.110727 0.201647 0.069357 0.051650
0 0 0.675115 0.083849 0.168945 0.047020 0.025070
0 0 0.856863 0.034384 0.076548 0.020065 0.012141
2 0 0.160023 0.131828 0.597354 0.061770 0.049026
2 0 0.114159 0.105983 0.631840 0.100098 0.047920
2 0 0.285961 0.167824 0.455979 0.027319 0.062917
2 0 0.160818 0.129281 0.626610 0.044824 0.038467
2 0 0.021907 0.066706 0.741153 0.135363 0.034870
2 0 0.022889 0.070739 0.735401 0.136453 0.034518
2 0 0.022983 0.075953 0.718984 0.141486 0.040594
2 0 0.020005 0.068394 0.720365 0.152600 0.038636
2 0 0.016866 0.062868 0.709418 0.174161 0.036687
2 0 0.015133 0.067498 0.674103 0.208634 0.034631
2 1 0.013843 0.059633 0.666452 0.232324 0.027747
2 1 0.012229 0.053867 0.671007 0.231240 0.031657
2 1 0.014150 0.064869 0.692726 0.200678 0.027577
2 1 0.013164 0.058527 0.665369 0.231682 0.031257
2 1 0.008502 0.039308 0.627497 0.299158 0.025535
2 1 0.010061 0.047020 0.661373 0.255002 0.026543
2 2 0.009237 0.041151 0.631715 0.296040 0.021857
2 2 0.010225 0.051009 0.671521 0.238008 0.029237
2 2 0.008115 0.035445 0.561489 0.364917 0.030034
2 2 0.009530 0.044011 0.665173 0.246378 0.034908
2 2 0.013584 0.056929 0.687358 0.199330 0.042799
2 2 0.010555 0.050533 0.630989 0.268705 0.039218
2 2 0.015439 0.063908 0.692835 0.185219 0.042600
2 1 0.012637 0.055920 0.674578 0.225608 0.031258
2 0 0.219950 0.199593 0.401987 0.073912 0.104559
2 1 0.061293 0.109660 0.709556 0.058782 0.060709
2 1 0.055811 0.108715 0.713170 0.060922 0.061383
2 1 0.060251 0.123747 0.701595 0.063538 0.050868
2 2 0.058804 0.109228 0.715694 0.060993 0.055281
2 2 0.021376 0.079187 0.718836 0.150068 0.030533
2 2 0.023265 0.081071 0.721665 0.141585 0.032413
2 2 0.026760 0.090322 0.720562 0.127303 0.035054
2 2 0.029751 0.088284 0.732174 0.113287 0.036504
2 2 0.012668 0.054802 0.701793 0.209482 0.021255
2 1 0.153530 0.187987 0.537881 0.054999 0.065603
2 1 0.053628 0.107533 0.726863 0.068067 0.043909
2 1 0.051391 0.101769 0.733861 0.074291 0.038688
2 2 0.046736 0.106647 0.719947 0.081163 0.045507
2 2 0.051865 0.110125 0.713880 0.073239 0.050891
2 2 0.028001 0.084946 0.735359 0.117110 0.034584
2 2 0.023526 0.070439 0.741129 0.125923 0.038982
2 2 0.019278 0.071449 0.702558 0.163142 0.043573
2 2 0.021361 0.070440 0.709307 0.159709 0.039183
2 2 0.020418 0.069157 0.708040 0.164238 0.038147
2 2 0.019867 0.066128 0.721449 0.157758 0.034798
2 2 0.016956 0.065657 0.709638 0.168363 0.039386
2 2 0.014321 0.059102 0.684295 0.213702 0.028579
2 2 0.017764 0.063429 0.724093 0.163336 0.031377
2 2 0.015955 0.058575 0.701343 0.190434 0.033692
2 2 0.015960 0.060048 0.720914 0.163677 0.039401
2 2 0.010334 0.049251 0.669984 0.234134 0.036296
2 2 0.009557 0.046068 0.684448 0.222240 0.037687
2 2 0.013268 0.056865 0.680120 0.207065 0.042682
2 2 0.008408 0.042357 0.658419 0.244074 0.046742
2 2 0.006896 0.039534 0.625927 0.288125 0.039518
2 2 0.006543 0.037903 0.598723 0.310640 0.046191
2 2 0.005772 0.033690 0.596774 0.324145 0.039619
2 2 0.006253 0.035690 0.572594 0.337117 0.048345
2 2 0.005354 0.032168 0.569411 0.345752 0.047315
2 3 0.004476 0.030138 0.543800 0.358590 0.062995
2 3 0.004459 0.027793 0.509470 0.400470 0.057808
2 3 0.003653 0.025703 0.476494 0.414273 0.079877
2 3 0.003986 0.025370 0.472110 0.433243 0.065291
2 3 0.003889 0.026092 0.482114 0.416055 0.071851
2 3 0.003571 0.028671 0.489238 0.363441 0.115079
2 3 0.004711 0.034519 0.523944 0.328444 0.108381
2 3 0.003638 0.029961 0.442477 0.353329 0.170594
2 3 0.003663 0.030171 0.456661 0.350876 0.158629
2 3 0.003425 0.029359 0.451493 0.348266 0.167457
2 3 0.003040 0.026060 0.442253 0.381020 0.147627
2 3 0.002711 0.024447 0.431117 0.386135 0.155590
2 3 0.003169 0.026669 0.428391 0.380365 0.161406
2 3 0.003178 0.026154 0.436929 0.390737 0.143001
2 3 0.003034 0.026822 0.433856 0.365639 0.170649
2 3 0.003670 0.030656 0.441479 0.342974 0.181220
2 3 0.003441 0.029300 0.444786 0.350723 0.171751
2 3 0.003233 0.027311 0.428322 0.372645 0.168489
2 3 0.003309 0.028569 0.438194 0.354110 0.175819
2 3 0.003602 0.029781 0.439799 0.353980 0.172838
2 3 0.004245 0.030878 0.473713 0.348300 0.142865
2 3 0.003553 0.029858 0.421643 0.347475 0.197471
3 3 0.003342 0.018225 0.289779 0.587140 0.101515
3 3 0.003182 0.024484 0.373578 0.426910 0.171847
3 3 0.002952 0.018274 0.308184 0.558251 0.112339
3 3 0.001770 0.015946 0.346885 0.502233 0.133167
3 3 0.001418 0.014031 0.345108 0.511611 0.127832
3 3 0.001294 0.015594 0.387363 0.432567 0.163182
3 3 0.003911 0.020409 0.296813 0.570379 0.108489
3 3 0.003696 0.018124 0.274383 0.610842 0.092955
3 3 0.007566 0.034677 0.338144 0.462927 0.156686
2 3 0.001877 0.022349 0.422195 0.332864 0.220715
3 3 0.001556 0.015318 0.355226 0.490282 0.137619
2 3 0.001316 0.017681 0.416190 0.367235 0.197577
3 2 0.002311 0.015322 0.296917 0.584152 0.101299
2 2 0.001807 0.022652 0.429204 0.314338 0.231998
2 2 0.002147 0.024721 0.426051 0.312489 0.234592
2 2 0.001861 0.021339 0.430442 0.308634 0.237723
2 2 0.002174 0.024616 0.441374 0.252029 0.279806
2 2 0.002717 0.026523 0.437789 0.242730 0.290240
3 2 0.001317 0.016599 0.400894 0.402882 0.178307
2 2 0.001517 0.020034 0.425524 0.335767 0.217158
2 2 0.001509 0.020139 0.427269 0.331182 0.219902
2 2 0.001491 0.019514 0.422113 0.345987 0.210894
2 2 0.001435 0.019625 0.427992 0.331965 0.218982
2 2 0.002008 0.023667 0.425478 0.318858 0.229990
2 2 0.002277 0.026154 0.431030 0.291087 0.249452
2 1 0.019343 0.067094 0.537005 0.178617 0.197941
2 1 0.003506 0.034018 0.432482 0.233917 0.296078
2 2 0.003562 0.033474 0.450768 0.252695 0.259500
2 2 0.004373 0.036036 0.429445 0.207876 0.322270
2 2 0.003593 0.033283 0.434900 0.203149 0.325075
2 2 0.004356 0.036387 0.430038 0.189391 0.339828
2 2 0.003327 0.032012 0.432460 0.243658 0.288544
2 2 0.004173 0.036364 0.430807 0.204017 0.324640
2 2 0.002887 0.029171 0.423058 0.299808 0.245076
2 2 0.003489 0.033037 0.451741 0.259215 0.252517
2 2 0.002667 0.027503 0.424085 0.302897 0.242848
2 2 0.002879 0.028366 0.418555 0.315284 0.234916
2 2 0.002912 0.029923 0.427349 0.283058 0.256759
2 2 0.003651 0.031914 0.425793 0.266905 0.271737
2 2 0.003718 0.033603 0.427074 0.257633 0.277971
2 2 0.003647 0.032234 0.427299 0.259702 0.277118
2 2 0.003273 0.030224 0.428232 0.268221 0.270050
2 2 0.004262 0.034556 0.423825 0.257065 0.280291
2 2 0.003218 0.030186 0.417429 0.310350 0.238817
2 2 0.003320 0.030053 0.421252 0.294943 0.250432
2 2 0.002983 0.029725 0.422765 0.298070 0.246457
2 2 0.003383 0.031074 0.417040 0.307562 0.240941
2 2 0.003029 0.029097 0.417524 0.314776 0.235573
2 2 0.003067 0.028925 0.415086 0.321687 0.231235
2 2 0.002931 0.027517 0.410773 0.337932 0.220848
2 2 0.003298 0.029076 0.422324 0.341680 0.203622
2 2 0.003080 0.028725 0.415367 0.320643 0.232186
2 2 0.003114 0.028612 0.416395 0.333352 0.218528
2 2 0.003861 0.031465 0.433442 0.298465 0.232767
2 2 0.003698 0.030721 0.428639 0.308314 0.228628
2 2 0.003464 0.029880 0.430687 0.316353 0.219616
2 2 0.003909 0.031778 0.431585 0.317233 0.215494
2 2 0.004213 0.031732 0.443477 0.308468 0.212111
2 2 0.003440 0.030144 0.433639 0.316432 0.216344
2 2 0.003397 0.029295 0.452686 0.322277 0.192345
2 2 0.002501 0.025230 0.412320 0.343572 0.216376
2 2 0.002517 0.025259 0.411754 0.344761 0.215709
2 2 0.002551 0.025405 0.411304 0.345202 0.215537
2 3 0.002255 0.024203 0.416353 0.338480 0.218710
3 3 0.001532 0.016757 0.381573 0.438728 0.161410
3 3 0.001407 0.015631 0.375716 0.453531 0.153715
3 3 0.001997 0.019572 0.383349 0.425086 0.169996
3 3 0.001624 0.016900 0.375287 0.449628 0.156560
3 3 0.001201 0.014066 0.370804 0.468069 0.145859
3 3 0.001138 0.015244 0.400082 0.410158 0.173377
2 3 0.001203 0.016804 0.416300 0.370992 0.194702
2 3 0.001251 0.016976 0.413447 0.376124 0.192202
2 3 0.002154 0.025572 0.431522 0.293798 0.246954
3 3 0.001310 0.014582 0.367643 0.471619 0.144846
3 3 0.001309 0.014724 0.370383 0.466329 0.147256
3 3 0.001302 0.015454 0.384158 0.438988 0.160099
3 3 0.003297 0.024265 0.366331 0.441287 0.164821
3 3 0.001719 0.017510 0.376229 0.445717 0.158824
3 3 0.004253 0.028839 0.373167 0.413777 0.179963
2 3 0.002160 0.023310 0.413828 0.348057 0.212644
2 3 0.002176 0.021631 0.396041 0.392695 0.187458
2 3 0.003883 0.030644 0.398605 0.354203 0.212665
2 3 0.003585 0.030282 0.405824 0.338815 0.221493
2 3 0.002272 0.023472 0.408966 0.358271 0.207019
3 3 0.001892 0.015230 0.324476 0.541213 0.117189
2 3 0.002636 0.025839 0.410813 0.344582 0.216130
2 3 0.004604 0.034357 0.400927 0.335236 0.224875
3 3 0.005027 0.031791 0.373437 0.403992 0.185753
3 3 0.005549 0.027070 0.319843 0.515288 0.132250
3 3 0.005880 0.023505 0.275962 0.594745 0.099908
3 3 0.006620 0.027901 0.302564 0.541661 0.121254
3 3 0.005701 0.021549 0.258797 0.625490 0.088464
3 3 0.010245 0.046795 0.365791 0.374507 0.202662
3 3 0.003218 0.011387 0.186321 0.751840 0.047234
3 3 0.012576 0.032889 0.255823 0.602052 0.096660
3 3 0.003513 0.014924 0.234017 0.677823 0.069723
3 3 0.004431 0.027166 0.352801 0.457413 0.158189
3 3 0.006701 0.022920 0.252425 0.631530 0.086424
3 3 0.007779 0.022691 0.231263 0.662718 0.075550
3 3 0.011353 0.030401 0.250718 0.615732 0.091795
3 3 0.001620 0.006601 0.153864 0.805715 0.032200
3 3 0.003249 0.019228 0.307726 0.556328 0.113470
3 3 0.003245 0.015094 0.246778 0.659204 0.075679
3 3 0.002780 0.020813 0.351367 0.479063 0.145976
3 3 0.005066 0.016238 0.208931 0.709558 0.060207
3 3 0.003126 0.014635 0.244206 0.664063 0.073971
3 3 0.002525 0.011677 0.218755 0.707280 0.059763
3 3 0.007687 0.022483 0.230643 0.664105 0.075082
3 3 0.005406 0.018766 0.233066 0.669700 0.073062
3 3 0.003988 0.016141 0.236301 0.671554 0.072017
3 3 0.003834 0.018729 0.277601 0.604413 0.095422
3 3 0.004138 0.024087 0.331814 0.503197 0.136765
3 3 0.001611 0.016363 0.367830 0.464844 0.149351
2 3 0.002613 0.026185 0.414521 0.334472 0.222208
2 3 0.002622 0.026736 0.418142 0.323355 0.229145
2 3 0.001943 0.025764 0.442118 0.260762 0.269412
2 2 0.001589 0.020772 0.427304 0.328060 0.222275
2 2 0.003097 0.027389 0.427358 0.278583 0.263572
4 2 0.065340 0.090354 0.294564 0.066636 0.483106
4 2 0.065137 0.091688 0.296029 0.069344 0.477803
4 2 0.063389 0.094224 0.298018 0.064091 0.480279
2 2 0.072569 0.103428 0.387602 0.078291 0.358110
4 0 0.196145 0.218634 0.271204 0.024602 0.289416
2 0 0.330349 0.168905 0.371045 0.015403 0.114299
2 1 0.320004 0.161022 0.398517 0.028036 0.092421
2 1 0.294363 0.162395 0.408573 0.022130 0.112538
2 1 0.128674 0.126037 0.603158 0.061410 0.080721
0 0 0.398496 0.149842 0.260000 0.065165 0.126498
0 0 0.646577 0.131266 0.069318 0.010767 0.142072
0 0 0.757827 0.076148 0.064222 0.014016 0.087788
0 0 0.785858 0.059174 0.073106 0.020686 0.061177
2 0 0.358141 0.151205 0.420785 0.025855 0.044015
2 0 0.240285 0.155577 0.510860 0.043587 0.049691
0 0 0.736194 0.091343 0.116173 0.022767 0.033523
0 0 0.809717 0.055739 0.077229 0.019553 0.037763
0 0 0.861767 0.056447 0.044251 0.005805 0.031729
0 0 0.977036 0.005351 0.013437 0.002475 0.001701
0 0 0.709054 0.076610 0.164767 0.029632 0.019937
2 0 0.054648 0.110074 0.427697 0.073974 0.333608
4 0 0.046095 0.099010 0.376825 0.069869 0.408201
4 0 0.048887 0.100347 0.305194 0.060137 0.485435
4 0 0.227847 0.139855 0.265262 0.062701 0.304335
4 0 0.266971 0.180247 0.212217 0.034750 0.305814
2 0 0.156616 0.159977 0.565979 0.025308 0.092119
2 0 0.206138 0.174765 0.463519 0.028170 0.127408
2 0 0.073926 0.118099 0.657961 0.044953 0.105060
2 0 0.083495 0.132446 0.650899 0.033702 0.099458
2 0 0.086172 0.135906 0.666180 0.030976 0.080767
2 0 0.060444 0.111961 0.683476 0.049854 0.094265
2 0 0.075780 0.132442 0.676093 0.038196 0.077489
2 0 0.106466 0.144597 0.611048 0.043341 0.094548
2 0 0.075436 0.130159 0.672511 0.035383 0.086512
2 0 0.063932 0.135060 0.672823 0.043378 0.084807
2 0 0.034146 0.094149 0.734437 0.079156 0.058112
2 1 0.030228 0.078794 0.757096 0.084315 0.049568
2 1 0.036516 0.097568 0.713969 0.071770 0.080178
2 1 0.033343 0.088886 0.738362 0.082697 0.056712
2 1 0.036954 0.094880 0.734070 0.075578 0.058518
0 0 0.480231 0.126905 0.309016 0.056340 0.027508
0 0 0.535854 0.136780 0.287568 0.020364 0.019435
0 0 0.613254 0.135081 0.206288 0.018645 0.026731
0 0 0.973011 0.010855 0.003141 0.000154 0.012839
0 0 0.721627 0.060709 0.140916 0.050025 0.026723
2 0 0.029416 0.070778 0.759063 0.098448 0.042294
2 0 0.027417 0.078621 0.720412 0.119014 0.054536
2 0 0.024664 0.071600 0.749779 0.113769 0.040188
2 0 0.023085 0.061823 0.690490 0.192896 0.031706
2 0 0.030746 0.076957 0.746092 0.098929 0.047275
2 0 0.045300 0.100237 0.725100 0.072285 0.057077
2 0 0.032630 0.088099 0.730130 0.086686 0.062455
2 0 0.036606 0.094464 0.710257 0.084340 0.074333
2 0 0.039613 0.096259 0.731990 0.083436 0.048702
2 0 0.028059 0.086576 0.696814 0.128153 0.060398
2 0 0.092032 0.138758 0.650680 0.050286 0.068244
2 1 0.073395 0.116817 0.683308 0.059326 0.067154
2 1 0.080916 0.132153 0.651151 0.052008 0.083772
2 0 0.079068 0.131001 0.653835 0.067254 0.068842
2 0 0.281175 0.133772 0.365406 0.166624 0.053023
0 0 0.982566 0.005162 0.004497 0.000596 0.007180
0 0 0.975057 0.006526 0.005800 0.000932 0.011685
0 0 0.840975 0.046836 0.042526 0.009298 0.060365
0 0 0.870917 0.032413 0.053137 0.015639 0.027894
0 0 0.997740 0.000868 0.000496 0.000025 0.000871
2 0 0.093103 0.118926 0.613356 0.075169 0.099446
2 0 0.093686 0.115205 0.628385 0.085672 0.077052
2 0 0.283523 0.232696 0.360214 0.022235 0.101332
2 0 0.098561 0.127597 0.665570 0.046807 0.061465
2 0 0.253940 0.142432 0.486938 0.066669 0.050020
2 0 0.019164 0.056516 0.684305 0.197448 0.042568
2 0 0.037891 0.088987 0.744664 0.086237 0.042222
2 0 0.025987 0.087005 0.726263 0.114004 0.046741
2 0 0.028935 0.083459 0.739399 0.105427 0.042780
2 0 0.039865 0.099170 0.730236 0.093576 0.037152
2 1 0.041005 0.097275 0.720537 0.095687 0.045496
2 1 0.035929 0.096272 0.726903 0.092918 0.047978
2 0 0.110459 0.138181 0.589925 0.096246 0.065188
2 1 0.032821 0.090850 0.705015 0.124616 0.046697
2 1 0.036338 0.092279 0.742845 0.086341 0.042196
2 1 0.019672 0.067473 0.732507 0.136720 0.043627
2 1 0.013274 0.059932 0.707376 0.181931 0.037487
2 1 0.019341 0.065969 0.716196 0.153943 0.044550
2 1 0.013010 0.057157 0.673191 0.198189 0.058452
2 1 0.014237 0.055105 0.690804 0.199115 0.040739
2 1 0.052068 0.104919 0.660731 0.104648 0.077634
2 1 0.050392 0.104912 0.670885 0.114619 0.059192
2 1 0.048802 0.103953 0.668422 0.111448 0.067375
2 1 0.049853 0.106149 0.641367 0.116657 0.085974
2 0 0.165387 0.243591 0.422770 0.114388 0.053865
2 1 0.063584 0.124822 0.692306 0.049595 0.069693
2 1 0.064795 0.132864 0.671727 0.058656 0.071958
2 1 0.065072 0.127751 0.683667 0.065347 0.058163
2 1 0.145551 0.162725 0.573359 0.053571 0.064793
2 0 0.081122 0.143483 0.688546 0.029205 0.057643
2 0 0.198696 0.168734 0.586501 0.015790 0.030280
2 1 0.235313 0.163646 0.553157 0.014692 0.033193
0 0 0.699297 0.134724 0.093025 0.012166 0.060789
0 0 0.460476 0.146644 0.245297 0.049916 0.097666
2 0 0.149812 0.139605 0.572395 0.079820 0.058367
2 0 0.011130 0.049640 0.673666 0.227152 0.038411
2 1 0.011718 0.051245 0.692430 0.203645 0.040962
2 1 0.006327 0.036345 0.615496 0.305254 0.036578
2 1 0.005065 0.030884 0.589255 0.336069 0.038727
2 1 0.005367 0.034523 0.579811 0.327471 0.052828
2 1 0.037204 0.078116 0.552971 0.144862 0.186847
2 0 0.167183 0.189075 0.354859 0.125090 0.163793
2 1 0.042344 0.089283 0.569360 0.136861 0.162152
2 1 0.038545 0.082875 0.558879 0.142167 0.177534
2 0 0.139247 0.152841 0.435676 0.068041 0.204195
1 0 0.217656 0.295002 0.266183 0.072043 0.149117
2 1 0.083844 0.095400 0.588709 0.111615 0.120433
2 1 0.079414 0.096212 0.613149 0.110828 0.100398
2 1 0.097564 0.103564 0.606551 0.097887 0.094434
2 0 0.306158 0.213250 0.355093 0.017173 0.108326
2 1 0.061793 0.119809 0.687915 0.068900 0.061583
0 1 0.403770 0.175308 0.293130 0.042406 0.085386
2 1 0.084748 0.122893 0.696537 0.041873 0.053949
2 1 0.067673 0.119911 0.706679 0.058059 0.047679
2 1 0.093985 0.128883 0.701041 0.029676 0.046416
2 0 0.123934 0.139637 0.651858 0.024109 0.060462
0 0 0.421317 0.183930 0.276948 0.070353 0.047451
2 0 0.160701 0.154969 0.616947 0.014996 0.052388
2 1 0.137462 0.158770 0.623837 0.026467 0.053464
2 1 0.098765 0.129593 0.654706 0.062058 0.054877
2 1 0.021316 0.071884 0.719426 0.128568 0.058806
2 2 0.019566 0.071181 0.703509 0.139541 0.066203
2 2 0.021941 0.070420 0.693182 0.141175 0.073281
2 2 0.014892 0.058881 0.668860 0.173789 0.083578
2 2 0.011880 0.052378 0.639514 0.212968 0.083260
2 2 0.004816 0.032983 0.426129 0.222504 0.313568
2 2 0.004589 0.032069 0.426202 0.233116 0.304023
2 2 0.005513 0.034684 0.422066 0.227258 0.310479
2 2 0.005049 0.033516 0.423746 0.232721 0.304968
2 2 0.004649 0.032877 0.426433 0.228018 0.308023
2 4 0.005381 0.034841 0.424477 0.202880 0.332421
2 4 0.005710 0.034493 0.421758 0.221664 0.316374
2 4 0.005334 0.033478 0.424731 0.204710 0.331747
2 4 0.004734 0.031728 0.427016 0.218521 0.318001
2 4 0.005607 0.034899 0.423543 0.197274 0.338677
2 4 0.003814 0.029227 0.426666 0.259146 0.281147
2 4 0.003775 0.029615 0.429711 0.243236 0.293664
2 4 0.003889 0.029637 0.428675 0.245189 0.292610
2 4 0.003197 0.026484 0.432475 0.251264 0.286580
2 4 0.004311 0.032204 0.428512 0.226749 0.308225
4 4 0.033575 0.064584 0.320567 0.066075 0.515199
4 4 0.034226 0.066182 0.313900 0.060470 0.525222
4 4 0.071544 0.093896 0.250274 0.035458 0.548828
4 1 0.032871 0.067101 0.315660 0.060944 0.523424
4 1 0.062086 0.126978 0.287689 0.042689 0.480558
2 4 0.004581 0.033148 0.426518 0.230169 0.305584
2 4 0.004614 0.033623 0.426782 0.226011 0.308971
2 4 0.004534 0.032734 0.427694 0.222185 0.312852
2 4 0.004632 0.033539 0.427142 0.221664 0.313023
2 4 0.004676 0.032808 0.424911 0.238696 0.298909
2 4 0.004288 0.031112 0.427349 0.237606 0.299646
2 4 0.004455 0.032563 0.427593 0.227405 0.307984
2 4 0.004186 0.031782 0.429697 0.222828 0.311507
2 4 0.003940 0.030782 0.428479 0.243926 0.292872
2 4 0.004073 0.029381 0.425321 0.257982 0.283242
2 4 0.009728 0.042019 0.406507 0.166178 0.375568
2 4 0.010230 0.042360 0.404683 0.163168 0.379559
4 1 0.089533 0.130639 0.317461 0.086687 0.375679
2 1 0.009850 0.044264 0.401858 0.142410 0.401618
2 1 0.008225 0.040825 0.409484 0.153419 0.388047
3 1 0.001807 0.016154 0.347259 0.500921 0.133859
3 1 0.004804 0.024963 0.319610 0.521342 0.129282
3 1 0.003767 0.023164 0.335219 0.500000 0.137849
3 1 0.004895 0.030662 0.368570 0.417157 0.178716
3 1 0.005080 0.024820 0.310143 0.537342 0.122615
2 4 0.005113 0.041757 0.419420 0.250539 0.283171
3 4 0.012589 0.050711 0.356525 0.382722 0.197453
3 4 0.004179 0.018566 0.263733 0.625628 0.087894
2 4 0.009525 0.057586 0.402817 0.233194 0.296878
2 4 0.003382 0.031778 0.434078 0.230267 0.300496
2 4 0.002412 0.024357 0.428388 0.296545 0.248298
2 4 0.002081 0.023192 0.429363 0.304240 0.241123
2 4 0.002110 0.023090 0.422633 0.324510 0.227656
2 4 0.002153 0.022469 0.406245 0.368202 0.200931
2 4 0.002700 0.025405 0.426492 0.294288 0.251115
2 4 0.002675 0.027633 0.429727 0.282177 0.257789
2 4 0.002388 0.025159 0.417247 0.332287 0.222918
2 4 0.002919 0.027983 0.427520 0.283074 0.258504
2 4 0.002195 0.024311 0.420434 0.328309 0.224751
2 4 0.002473 0.025852 0.418466 0.326366 0.226843
2 4 0.003436 0.029523 0.423830 0.282485 0.260726
2 4 0.003857 0.032237 0.428769 0.244427 0.290709
2 4 0.002702 0.029529 0.435679 0.254161 0.277929
2 4 0.002710 0.029960 0.438337 0.238596 0.290397
2 4 0.002325 0.028230 0.438410 0.258292 0.272743
2 4 0.002175 0.025914 0.432665 0.288847 0.250399
2 4 0.002089 0.025415 0.435907 0.280129 0.256460
2 4 0.001919 0.023228 0.427113 0.316833 0.230907
2 4 0.002167 0.025611 0.431163 0.294598 0.246461
2 4 0.002161 0.026514 0.436661 0.273837 0.260827
2 4 0.002200 0.026865 0.438088 0.265962 0.266885
2 4 0.002178 0.027676 0.441383 0.251239 0.277523
2 4 0.002708 0.028087 0.428377 0.286148 0.254679
2 4 0.003109 0.030923 0.435497 0.235217 0.295254
2 4 0.003067 0.030462 0.432684 0.253945 0.279841
2 4 0.004099 0.031857 0.431201 0.211290 0.321553
2 4 0.003414 0.031647 0.435346 0.216814 0.312779
2 4 0.003159 0.030019 0.437234 0.218155 0.311433
2 4 0.002936 0.029209 0.437761 0.229652 0.300442
2 4 0.003436 0.031942 0.434689 0.221669 0.308264
2 4 0.001676 0.020696 0.420089 0.345181 0.212359
2 4 0.001912 0.023135 0.426749 0.318183 0.230020
2 4 0.001576 0.019736 0.417578 0.355062 0.206048
2 4 0.002817 0.025138 0.396439 0.378900 0.196706
3 4 0.002299 0.021407 0.385935 0.413551 0.176807
2 4 0.007440 0.039497 0.415292 0.208104 0.329667
2 4 0.004819 0.032843 0.426150 0.222246 0.313942
3 4 0.005787 0.024687 0.290425 0.569305 0.109797
2 4 0.010058 0.059686 0.401614 0.227019 0.301623
2 1 0.031066 0.083997 0.362787 0.167697 0.354453
2 1 0.003732 0.029993 0.425270 0.268034 0.272971
2 1 0.003404 0.029491 0.422584 0.288199 0.256321
2 1 0.002740 0.028146 0.434087 0.260995 0.274032
2 1 0.002454 0.025987 0.420334 0.321170 0.230055
3 1 0.002796 0.023398 0.380479 0.417228 0.176099
2 1 0.001641 0.020206 0.417611 0.352909 0.207633
3 1 0.002326 0.021988 0.390817 0.401863 0.183005
3 2 0.001693 0.018412 0.391430 0.413972 0.174493
2 2 0.002221 0.022317 0.400576 0.380776 0.194109
2 2 0.002555 0.024976 0.423028 0.310346 0.239095
2 2 0.002641 0.027268 0.420941 0.313980 0.235170
2 2 0.003259 0.029237 0.426118 0.278210 0.263176
2 2 0.003434 0.030113 0.428173 0.263450 0.274830
2 2 0.002089 0.024488 0.427351 0.310246 0.235826
2 2 0.002976 0.028730 0.433566 0.253821 0.280907
2 2 0.004457 0.032432 0.427037 0.232003 0.304070
2 2 0.004916 0.034375 0.425270 0.224616 0.310823
2 2 0.005499 0.034365 0.423004 0.218625 0.318507
2 2 0.004484 0.033202 0.428191 0.219534 0.314589
2 2 0.003568 0.028874 0.430227 0.248565 0.288766
2 2 0.002589 0.029810 0.436101 0.256862 0.274639
2 2 0.001735 0.022165 0.429703 0.315460 0.230937
2 2 0.003242 0.033461 0.431255 0.252780 0.279263
2 2 0.002777 0.027778 0.424408 0.298691 0.246347
2 2 0.002807 0.025346 0.423378 0.302323 0.246146
4 2 0.022499 0.062869 0.346749 0.081077 0.486806
4 2 0.022162 0.057176 0.352576 0.087696 0.480390
4 2 0.020863 0.055587 0.357908 0.092713 0.472929
4 2 0.074691 0.090663 0.284685 0.047303 0.502658
0 0 0.318758 0.150070 0.223696 0.021018 0.286458
0 0 0.659391 0.070325 0.177322 0.066503 0.026458
2 0 0.141562 0.119478 0.626652 0.052064 0.060245
0 0 0.418808 0.228401 0.172007 0.035941 0.144843
2 0 0.113027 0.105087 0.581072 0.103778 0.097035
2 0 0.101427 0.101634 0.585120 0.108000 0.103820
2 0 0.004945 0.039128 0.536060 0.228092 0.191775
2 0 0.004357 0.040029 0.520907 0.244425 0.190283
2 1 0.004282 0.036435 0.539872 0.283062 0.136349
2 1 0.004300 0.040680 0.500214 0.232403 0.222403
2 1 0.003880 0.034949 0.529930 0.282615 0.148626
2 1 0.003937 0.038758 0.465458 0.230910 0.260937
2 1 0.004684 0.042860 0.447087 0.218005 0.287365
2 2 0.004217 0.041135 0.445056 0.211664 0.297928
2 2 0.004539 0.040778 0.486733 0.244124 0.223826
2 2 0.005422 0.046289 0.446263 0.214684 0.287343
2 2 0.004668 0.041964 0.425664 0.222998 0.304705
2 2 0.004163 0.039338 0.428243 0.228751 0.299505
2 2 0.004330 0.039759 0.426593 0.233357 0.295961
2 2 0.004034 0.037480 0.428523 0.248426 0.281537
2 2 0.005106 0.043609 0.434174 0.228762 0.288348
2 2 0.002741 0.030362 0.433600 0.262213 0.271083
2 2 0.002263 0.026292 0.431013 0.291594 0.248838
2 2 0.002339 0.027600 0.435025 0.272913 0.262123
2 2 0.002215 0.025969 0.431199 0.292699 0.247918
2 2 0.002237 0.025927 0.429930 0.296422 0.245485
2 2 0.002539 0.027204 0.424766 0.304272 0.241218
2 2 0.002283 0.026291 0.430109 0.294127 0.247190
2 2 0.002373 0.027451 0.432960 0.280001 0.257214
2 2 0.002269 0.026761 0.433450 0.282174 0.255346
2 2 0.002441 0.026741 0.426002 0.303136 0.241679
2 2 0.002679 0.030116 0.434524 0.260492 0.272189
2 2 0.002511 0.028911 0.434938 0.265929 0.267711
2 2 0.002570 0.029453 0.435285 0.261714 0.270978
2 2 0.002712 0.028959 0.431364 0.273798 0.263167
2 2 0.002940 0.031491 0.435759 0.241797 0.288013
2 2 0.002979 0.029595 0.422197 0.300223 0.245006
2 2 0.002421 0.025927 0.421405 0.318759 0.231488
2 2 0.003055 0.030239 0.423108 0.294754 0.248845
2 2 0.002302 0.024655 0.417584 0.333642 0.221816
2 2 0.002543 0.027477 0.426641 0.297662 0.245677
3 2 0.002662 0.022193 0.374209 0.433256 0.167680
3 2 0.006846 0.033761 0.345520 0.451964 0.161910
3 2 0.003780 0.026759 0.371394 0.423803 0.174264
3 2 0.003628 0.023092 0.339837 0.492278 0.141164
2 2 0.012600 0.055723 0.374078 0.328042 0.229556
2 2 0.004440 0.037722 0.419480 0.270564 0.267793
2 2 0.009653 0.047862 0.377338 0.345386 0.219761
2 2 0.006689 0.042972 0.399087 0.308000 0.243252
3 2 0.008760 0.038490 0.343008 0.443569 0.166173
3 2 0.007706 0.024404 0.249181 0.632666 0.086043
3 2 0.005194 0.019044 0.241477 0.656980 0.077305
3 3 0.008777 0.041556 0.360284 0.401378 0.188005
3 3 0.003133 0.018676 0.305311 0.561681 0.111198
3 3 0.008442 0.033255 0.312521 0.511402 0.134380
2 3 0.008694 0.044269 0.374767 0.362545 0.209724
3 3 0.003580 0.015192 0.235783 0.674651 0.070793
3 3 0.008454 0.024276 0.236253 0.651733 0.079284
3 3 0.004246 0.016866 0.238646 0.666412 0.073830
3 3 0.007851 0.026816 0.269289 0.596699 0.099345
3 3 0.005364 0.016982 0.211892 0.703684 0.062078
3 3 0.006006 0.024147 0.279768 0.587281 0.102798
3 3 0.004835 0.019950 0.261898 0.624866 0.088451
3 3 0.002937 0.012662 0.218695 0.704883 0.060824
3 3 0.003619 0.019222 0.292304 0.580576 0.104280
3 3 0.003498 0.017693 0.275844 0.609764 0.093200
3 3 0.003298 0.016179 0.261461 0.635091 0.083971
3 3 0.002966 0.016037 0.273644 0.617423 0.089929
3 3 0.004316 0.018548 0.259176 0.632417 0.085543
3 3 0.002925 0.013143 0.227549 0.691383 0.065001
3 3 0.002884 0.013518 0.235741 0.678934 0.068923
3 3 0.005419 0.024120 0.293730 0.565542 0.111189
3 3 0.004796 0.019357 0.255623 0.635623 0.084601
3 3 0.003018 0.013746 0.233970 0.680853 0.068414
3 3 0.002904 0.013027 0.226409 0.693266 0.064395
3 3 0.008681 0.033892 0.313318 0.508413 0.135696
3 3 0.005321 0.025080 0.306265 0.542971 0.120363
3 3 0.003803 0.018501 0.275636 0.607976 0.094084
3 3 0.004355 0.022447 0.306139 0.550137 0.116922
3 3 0.002207 0.011673 0.235125 0.684561 0.066433
3 3 0.004650 0.026539 0.340030 0.482072 0.146709
3 3 0.003716 0.020360 0.303431 0.560063 0.112430
3 3 0.005243 0.028435 0.340437 0.476021 0.149865
3 3 0.006659 0.033775 0.349450 0.444625 0.165491
3 3 0.004559 0.025885 0.336460 0.490152 0.142943
3 3 0.003197 0.018734 0.303228 0.564809 0.110031
2 3 0.004857 0.035617 0.401528 0.329111 0.228886
3 3 0.004932 0.032570 0.381430 0.385075 0.195993
3 3 0.005371 0.033688 0.377826 0.389043 0.194073
2 3 0.005858 0.036912 0.386341 0.360223 0.210665
2 3 0.003518 0.029212 0.400840 0.354372 0.212057
3 3 0.003929 0.025382 0.352763 0.462749 0.155177
3 3 0.004319 0.024037 0.325098 0.514691 0.131854
3 3 0.005254 0.032618 0.373430 0.401434 0.187264
3 3 0.002801 0.018645 0.321085 0.536501 0.120968
3 3 0.003268 0.021308 0.333993 0.507432 0.134000
2 3 0.014350 0.081911 0.384196 0.142108 0.377435
4 3 0.022124 0.099700 0.330843 0.068227 0.479105
4 2 0.101212 0.146632 0.274450 0.052777 0.424930
2 2 0.022195 0.105119 0.420714 0.051938 0.400034
2 2 0.028765 0.096683 0.465556 0.100773 0.308224
2 2 0.022511 0.069334 0.722106 0.082069 0.103979
2 2 0.029310 0.059657 0.746787 0.097757 0.066488
2 2 0.023199 0.071656 0.721558 0.079338 0.104248
2 2 0.010546 0.043212 0.429130 0.419916 0.097196
3 2 0.014495 0.045440 0.379365 0.426817 0.133883
2 2 0.013863 0.060930 0.548847 0.263820 0.112541
2 2 0.020778 0.093850 0.637105 0.131405 0.116862
2 2 0.013686 0.069135 0.424501 0.233827 0.258851
2 2 0.013155 0.075454 0.642490 0.137169 0.131732
2 2 0.018363 0.077821 0.458188 0.190230 0.255399
2 2 0.004126 0.040771 0.430398 0.206309 0.318396
2 2 0.003883 0.035088 0.421951 0.275372 0.263707
2 2 0.003111 0.028114 0.426866 0.345257 0.196653
3 2 0.005268 0.020293 0.254709 0.634641 0.085090
3 2 0.004318 0.024080 0.325606 0.513720 0.132276
3 2 0.003575 0.020593 0.311951 0.545798 0.118083
3 2 0.003505 0.026305 0.377659 0.413062 0.179469
2 2 0.004973 0.036353 0.402595 0.323711 0.232369
3 2 0.004087 0.027501 0.367217 0.429502 0.171693
3 2 0.006137 0.025740 0.292800 0.562864 0.112458
3 2 0.001977 0.010962 0.234286 0.687608 0.065166
3 2 0.002317 0.012671 0.248417 0.663140 0.073455
3 2 0.002323 0.010578 0.206992 0.726123 0.053984
3 2 0.002345 0.017335 0.327687 0.529612 0.123022
3 2 0.001237 0.012657 0.337310 0.529013 0.119783
2 2 0.002782 0.032847 0.439774 0.221595 0.303002
2 2 0.002023 0.022287 0.412430 0.355460 0.207800
2 2 0.002414 0.027435 0.431222 0.285206 0.253722
2 2 0.013980 0.068991 0.389727 0.230069 0.297233
2 2 0.002035 0.026842 0.443205 0.250148 0.277769
2 2 0.001924 0.020587 0.400998 0.386609 0.189883
2 2 0.001639 0.020259 0.418342 0.351052 0.208709
2 4 0.001884 0.021751 0.416131 0.349471 0.210762
2 4 0.003530 0.027730 0.389064 0.385195 0.194481
2 4 0.003479 0.033320 0.424899 0.274780 0.263522
2 4 0.002683 0.029574 0.432123 0.271331 0.264290
2 4 0.002930 0.028140 0.431316 0.266711 0.270904
2 4 0.004538 0.033473 0.424026 0.248515 0.289448
2 4 0.004466 0.032633 0.425476 0.242590 0.294835
2 4 0.004034 0.030755 0.423639 0.266783 0.274789
2 4 0.014390 0.052409 0.412194 0.156679 0.364329
2 1 0.041920 0.083706 0.658778 0.066840 0.148757
2 1 0.102565 0.133695 0.517441 0.045205 0.201094
2 1 0.019265 0.065593 0.580515 0.143788 0.190839
2 2 0.012786 0.055247 0.426602 0.143916 0.361449
2 2 0.001757 0.020126 0.407844 0.374282 0.195991
2 4 0.002879 0.027864 0.415256 0.325698 0.228303
2 4 0.001542 0.018785 0.409166 0.377114 0.193393
2 4 0.002316 0.023366 0.420059 0.326438 0.227821
2 4 0.002091 0.021386 0.398691 0.388232 0.189600
2 4 0.002490 0.030496 0.441218 0.232599 0.293196
2 4 0.002667 0.025810 0.425490 0.298685 0.247347
2 4 0.002761 0.031576 0.437229 0.241793 0.286641
2 4 0.003981 0.038209 0.428923 0.233164 0.295723
2 4 0.002535 0.028987 0.434433 0.267142 0.266901
2 4 0.003841 0.031573 0.405843 0.333827 0.224917
2 4 0.001892 0.020901 0.406769 0.373377 0.197061
3 4 0.002872 0.023029 0.372786 0.433166 0.168147
3 4 0.001893 0.017845 0.367104 0.460952 0.152205
2 4 0.001812 0.021546 0.418983 0.343909 0.213750
4 4 0.019205 0.057232 0.346530 0.074287 0.502747
4 4 0.022561 0.058485 0.357226 0.096118 0.465609
4 4 0.023979 0.056566 0.357367 0.099467 0.462621
4 4 0.024806 0.056258 0.355860 0.098679 0.464397
4 4 0.086077 0.110419 0.310446 0.104694 0.388364
4 1 0.043133 0.093800 0.315282 0.053174 0.494611
4 2 0.013116 0.048066 0.389318 0.128492 0.421008
4 2 0.012368 0.048087 0.393158 0.135556 0.410831
4 2 0.012411 0.047556 0.395177 0.143801 0.401055
4 2 0.009985 0.043596 0.396535 0.125254 0.424631
3 2 0.001236 0.013446 0.354166 0.498657 0.132495
3 2 0.002195 0.018833 0.359612 0.470897 0.148463
3 2 0.001690 0.017482 0.378313 0.442019 0.160496
3 2 0.001512 0.015617 0.364760 0.472868 0.145244
3 2 0.001696 0.011064 0.256340 0.656190 0.074710
2 2 0.002579 0.028507 0.430602 0.281557 0.256754
2 2 0.001759 0.019820 0.404090 0.383317 0.191013
2 2 0.002347 0.026873 0.434101 0.276659 0.260021
2 2 0.001735 0.019811 0.405812 0.379805 0.192836
2 2 0.002712 0.027024 0.425399 0.297310 0.247556
2 2 0.004289 0.031385 0.427619 0.235462 0.301246
2 2 0.005727 0.035341 0.420660 0.230520 0.307751
2 2 0.004699 0.032900 0.426478 0.225183 0.310739
2 2 0.005174 0.035112 0.423288 0.230106 0.306320
2 2 0.005548 0.035262 0.422415 0.221680 0.315095
2 2 0.005373 0.035145 0.424411 0.204890 0.330181
2 2 0.003245 0.030480 0.429275 0.264246 0.272754
2 2 0.004284 0.033521 0.427234 0.236970 0.297992
2 2 0.006118 0.035856 0.420044 0.219545 0.318437
2 2 0.005877 0.036063 0.421734 0.210233 0.326093
2 2 0.005622 0.035223 0.421298 0.229175 0.308682
2 2 0.003398 0.033789 0.434874 0.220990 0.306949
2 2 0.004454 0.032955 0.427718 0.226031 0.308842
2 2 0.004595 0.036224 0.427477 0.217274 0.314429
2 2 0.006138 0.036164 0.420230 0.215754 0.321714
2 2 0.006830 0.038299 0.417333 0.214117 0.323421
2 2 0.005600 0.036502 0.423056 0.208183 0.326659
2 2 0.005719 0.036067 0.422111 0.215103 0.320999
2 2 0.006034 0.036546 0.420662 0.215360 0.321398
2 2 0.005593 0.036013 0.423361 0.203244 0.331788
2 2 0.004845 0.034885 0.425806 0.222430 0.312034
2 2 0.005752 0.036820 0.420365 0.230548 0.306514
2 2 0.004841 0.036071 0.426011 0.219217 0.313861
2 2 0.004454 0.035591 0.427091 0.229018 0.303847
2 2 0.004059 0.033960 0.429248 0.231547 0.301187
2 2 0.002038 0.023824 0.425040 0.319219 0.229879
2 2 0.002488 0.024846 0.418073 0.327530 0.227062
3 2 0.001706 0.017216 0.372934 0.452730 0.155415
2 2 0.001844 0.020737 0.408288 0.370837 0.198294
2 2 0.002584 0.024655 0.403333 0.365960 0.203468
2 2 0.002818 0.026760 0.438674 0.230850 0.300898
2 2 0.004129 0.032799 0.426561 0.247465 0.289046
2 2 0.004493 0.033935 0.426456 0.233811 0.301306
2 2 0.004459 0.032233 0.428754 0.215431 0.319124
2 2 0.005862 0.035872 0.421542 0.214498 0.322226
2 2 0.005330 0.035394 0.423882 0.216423 0.318970
2 2 0.005702 0.035994 0.421334 0.224795 0.312175
2 2 0.006138 0.037201 0.420170 0.215047 0.321443
2 2 0.005879 0.037337 0.421776 0.206936 0.328072
2 2 0.005394 0.036960 0.423870 0.209982 0.323794
2 2 0.004535 0.034897 0.428704 0.206516 0.325348
2 2 0.004704 0.033093 0.423911 0.244164 0.294128
2 2 0.004887 0.034069 0.426003 0.218907 0.316134
2 2 0.005095 0.035109 0.425067 0.216355 0.318375
2 2 0.004709 0.035459 0.427386 0.211627 0.320820
2 2 0.004524 0.035004 0.428118 0.215916 0.316438
2 2 0.004685 0.035922 0.427937 0.203292 0.328164
2 2 0.004869 0.035067 0.426867 0.206669 0.326527
2 2 0.005004 0.035664 0.425414 0.216964 0.316953
2 2 0.004916 0.034923 0.425324 0.223546 0.311291
2 2 0.003333 0.030307 0.429457 0.260506 0.276397
2 2 0.002549 0.026306 0.423616 0.308169 0.239361
2 2 0.001723 0.022861 0.435920 0.295706 0.243789
2 2 0.002289 0.027350 0.435715 0.272138 0.262507
2 2 0.002857 0.027293 0.421548 0.306552 0.241750
2 2 0.006619 0.037703 0.418692 0.205745 0.331240
2 2 0.007335 0.040194 0.415819 0.202309 0.334343
2 2 0.005911 0.036718 0.421614 0.208567 0.327190
2 2 0.005801 0.036637 0.421709 0.214777 0.321076
2 2 0.006193 0.037122 0.419793 0.217105 0.319788
2 2 0.005119 0.033620 0.422431 0.239843 0.298988
2 2 0.004369 0.032515 0.426714 0.237975 0.298427
2 2 0.004638 0.032967 0.423321 0.249911 0.289163
2 2 0.003393 0.026529 0.424609 0.281659 0.263811
2 2 0.003442 0.033935 0.428089 0.261241 0.273293
2 2 0.002038 0.021743 0.406008 0.371600 0.198611
3 2 0.002226 0.021673 0.393361 0.397938 0.184802
2 2 0.001823 0.021034 0.412978 0.359513 0.204652
2 2 0.002017 0.021760 0.407542 0.368262 0.200419
2 2 0.001949 0.021187 0.405953 0.373944 0.196967
2 2 0.002088 0.021499 0.400126 0.384853 0.191433
2 2 0.002255 0.024140 0.415792 0.340054 0.217758
2 2 0.001874 0.020946 0.408520 0.369483 0.199176
2 2 0.001899 0.022854 0.425224 0.323263 0.226760
2 2 0.002109 0.022247 0.406704 0.368102 0.200838
2 2 0.001837 0.023567 0.434411 0.296115 0.244070
2 2 0.001984 0.026339 0.443049 0.253969 0.274659
2 2 0.002183 0.026642 0.436409 0.273903 0.260863
2 2 0.002332 0.026522 0.434175 0.277015 0.259955
2 2 0.002730 0.026740 0.428526 0.285388 0.256616
2 2 0.002398 0.023984 0.406835 0.360924 0.205859
2 2 0.002049 0.024739 0.431184 0.298906 0.243122
2 2 0.002184 0.025502 0.429645 0.299293 0.243376
2 2 0.002098 0.026124 0.437259 0.274172 0.260348
2 2 0.001900 0.024601 0.437823 0.280933 0.254743
4 2 0.014028 0.053046 0.379234 0.109107 0.444586
4 2 0.018887 0.054931 0.376920 0.126719 0.422542
4 2 0.018494 0.054937 0.378438 0.129426 0.418705
4 2 0.015606 0.051337 0.380305 0.118684 0.434068
2 0 0.217790 0.191575 0.411636 0.014585 0.164413
2 0 0.137991 0.114766 0.651005 0.057161 0.039078
2 1 0.132534 0.110464 0.648730 0.068519 0.039753
0 0 0.703868 0.130422 0.104053 0.014032 0.047625
2 0 0.143305 0.121009 0.653194 0.045019 0.037472
2 0 0.337840 0.127176 0.456757 0.043273 0.034955
2 0 0.299964 0.229703 0.342800 0.015683 0.111851
2 1 0.089275 0.120982 0.630289 0.038173 0.121282
2 1 0.071276 0.115404 0.625643 0.053311 0.134367
2 1 0.068188 0.112757 0.574474 0.059715 0.184866
2 1 0.060016 0.103173 0.635928 0.061543 0.139340
2 1 0.021767 0.074285 0.620081 0.089159 0.194708
2 1 0.019033 0.072397 0.622980 0.109768 0.175821
2 2 0.014197 0.062524 0.551386 0.121513 0.250381
2 2 0.010002 0.056917 0.526584 0.154597 0.251899
2 2 0.006162 0.041258 0.420466 0.192776 0.339338
2 2 0.004546 0.035961 0.427419 0.221088 0.310987
2 2 0.010084 0.046908 0.559664 0.171711 0.211633
2 2 0.004903 0.036239 0.424957 0.226156 0.307744
2 4 0.004889 0.034874 0.424307 0.233454 0.302476
2 4 0.005942 0.037092 0.420106 0.225245 0.311616
2 4 0.007956 0.043121 0.413285 0.184722 0.350916
2 4 0.007741 0.042850 0.414182 0.191586 0.343642
2 4 0.022761 0.061115 0.405753 0.177144 0.333227
2 1 0.017958 0.061419 0.654971 0.125038 0.140614
2 4 0.008295 0.045361 0.413096 0.177281 0.355968
2 4 0.006981 0.040710 0.416424 0.214367 0.321518
2 4 0.007901 0.041615 0.413495 0.206395 0.330593
2 1 0.018782 0.060263 0.674075 0.128567 0.118313
2 1 0.007267 0.046922 0.434096 0.180811 0.330904
2 1 0.005251 0.037750 0.423912 0.217412 0.315676
2 4 0.003929 0.032963 0.430464 0.229072 0.303572
2 4 0.003780 0.031312 0.432795 0.217302 0.314810
2 4 0.004584 0.033138 0.427547 0.220567 0.314165
2 4 0.004915 0.033438 0.426531 0.210637 0.324479
2 4 0.013580 0.050150 0.568456 0.139900 0.227914
2 0 0.022127 0.071417 0.567948 0.146730 0.191779
2 1 0.013318 0.052497 0.588071 0.163768 0.182345
2 1 0.013231 0.056585 0.538353 0.156582 0.235249
2 1 0.012940 0.054461 0.553146 0.169804 0.209648
2 1 0.012592 0.054363 0.551330 0.163346 0.218369
2 1 0.009690 0.049147 0.576739 0.211153 0.153271
2 0 0.014319 0.071244 0.583361 0.135997 0.195078
2 0 0.010878 0.055978 0.568592 0.189499 0.175053
2 0 0.007538 0.051367 0.539970 0.216277 0.184849
2 0 0.008124 0.049816 0.549180 0.231116 0.161764
2 0 0.006095 0.043153 0.549544 0.268365 0.132843
2 0 0.006207 0.043270 0.564289 0.260740 0.125494
2 0 0.006396 0.045429 0.557816 0.264624 0.125736
2 0 0.005909 0.045589 0.550152 0.248629 0.149722
2 0 0.007207 0.045652 0.595618 0.242087 0.109436
2 0 0.012384 0.060457 0.607603 0.200684 0.118872
2 0 0.044039 0.093768 0.525579 0.119730 0.216884
2 0 0.012762 0.058866 0.627552 0.200419 0.100402
2 0 0.011848 0.058250 0.613631 0.204557 0.111713
2 0 0.015102 0.065601 0.622293 0.180246 0.116758
2 0 0.013205 0.058271 0.672821 0.202811 0.052892
2 0 0.011904 0.059370 0.653937 0.221149 0.053640
2 0 0.012941 0.058002 0.689536 0.183710 0.055810
2 0 0.012057 0.057608 0.667398 0.197099 0.065839
2 0 0.013442 0.061740 0.666014 0.181046 0.077758
2 0 0.154286 0.155565 0.472551 0.072139 0.145459
2 0 0.133168 0.154178 0.516958 0.076377 0.119319
0 0 0.319083 0.196061 0.265897 0.046469 0.172489
0 0 0.456568 0.161191 0.223832 0.014834 0.143575
2 0 0.268085 0.186120 0.384369 0.024006 0.137420
2 0 0.224824 0.151237 0.478325 0.036542 0.109072
2 0 0.158113 0.133197 0.560454 0.062782 0.085454
2 0 0.281733 0.175864 0.366564 0.047681 0.128159
2 0 0.187485 0.202033 0.436266 0.053394 0.120821
2 0 0.056778 0.090063 0.662581 0.086619 0.103959
2 0 0.053503 0.093329 0.563711 0.069875 0.219581
2 0 0.075578 0.108362 0.501961 0.057227 0.256872
2 0 0.174479 0.119294 0.383111 0.047307 0.275809
2 0 0.048403 0.087745 0.550702 0.087574 0.225576
2 0 0.149712 0.132488 0.453451 0.050802 0.213547
2 0 0.048086 0.087678 0.605843 0.088164 0.170229
2 0 0.114936 0.133073 0.499552 0.066971 0.185467
2 0 0.035904 0.081455 0.600667 0.110072 0.171901
2 0 0.247952 0.166437 0.435223 0.028191 0.122197
2 0 0.113344 0.135945 0.623641 0.024968 0.102102
2 0 0.075403 0.127420 0.695125 0.040067 0.061986
2 0 0.060677 0.122316 0.702904 0.052004 0.062100
2 0 0.057356 0.129344 0.696488 0.060115 0.056697
2 0 0.050946 0.134182 0.694211 0.069207 0.051455
2 0 0.050403 0.129690 0.687382 0.070801 0.061723
2 0 0.101768 0.131672 0.676947 0.037363 0.052250
2 0 0.103633 0.151917 0.658652 0.033164 0.052634
2 0 0.095243 0.136005 0.684353 0.032074 0.052325
2 0 0.211376 0.147536 0.497638 0.075580 0.067870
2 0 0.157261 0.182604 0.510204 0.042057 0.107875
2 0 0.027375 0.082325 0.676606 0.115263 0.098431
2 0 0.025768 0.086851 0.661163 0.119281 0.106937
2 0 0.037501 0.100724 0.679474 0.089568 0.092734
2 0 0.031622 0.090426 0.694258 0.105162 0.078532
2 0 0.026347 0.085212 0.656976 0.109414 0.122051
2 1 0.019296 0.062094 0.685118 0.134984 0.098509
