0 0 0.776354 0.103229 0.087295 0.009022 0.024101
0 0 0.778260 0.103829 0.077435 0.008427 0.032049
0 0 0.745405 0.112448 0.107204 0.011886 0.023058
0 0 0.662310 0.135424 0.155592 0.021254 0.025421
0 0 0.680795 0.130780 0.144454 0.018913 0.025058
0 0 0.693596 0.130295 0.126877 0.017084 0.032149
0 0 0.662243 0.136103 0.153761 0.021241 0.026653
0 0 0.669891 0.133420 0.151367 0.020280 0.025043
0 0 0.700010 0.125737 0.132898 0.016635 0.024720
0 0 0.697701 0.127169 0.131759 0.016845 0.026526
0 0 0.782456 0.101894 0.079726 0.008329 0.027595
0 0 0.736510 0.115556 0.110860 0.012714 0.024360
0 0 0.770596 0.104302 0.093799 0.009623 0.021680
0 0 0.769987 0.105146 0.091645 0.009595 0.023628
0 0 0.760593 0.107914 0.097922 0.010457 0.023115
0 0 0.708108 0.123030 0.129577 0.015750 0.023535
0 0 0.660964 0.136052 0.155574 0.021422 0.025988
0 0 0.728562 0.117308 0.117399 0.013566 0.023164
0 0 0.708297 0.124470 0.124742 0.015619 0.026873
0 0 0.721859 0.118691 0.122936 0.014293 0.022221
0 0 0.726965 0.111300 0.120248 0.011564 0.029922
0 0 0.698957 0.124310 0.138304 0.016817 0.021612
0 0 0.783153 0.101580 0.079856 0.008297 0.027114
0 0 0.689413 0.125156 0.148085 0.017920 0.019426
0 0 0.712807 0.120043 0.131457 0.015293 0.020399
0 0 0.709924 0.123900 0.124174 0.015449 0.026554
0 0 0.720079 0.120992 0.118269 0.014345 0.026316
0 0 0.671334 0.133999 0.147788 0.020058 0.026822
0 0 0.668544 0.133195 0.153704 0.020464 0.024093
0 0 0.467693 0.174945 0.266951 0.057076 0.033335
0 0 0.595703 0.149483 0.198484 0.030975 0.025356
0 0 0.689670 0.130475 0.132680 0.017684 0.029492
0 0 0.584993 0.144990 0.211519 0.029007 0.029492
0 0 0.593779 0.148119 0.203814 0.031200 0.023088
0 0 0.512429 0.157850 0.264151 0.045557 0.020012
0 0 0.498873 0.152226 0.290181 0.038185 0.020535
0 0 0.573441 0.152170 0.216173 0.034607 0.023609
0 0 0.445781 0.176535 0.289510 0.057861 0.030312
0 0 0.476869 0.177927 0.270516 0.041360 0.033328
2 0 0.345776 0.189247 0.350118 0.080037 0.034822
0 0 0.594059 0.151502 0.195238 0.031286 0.027914
0 0 0.561611 0.157945 0.214892 0.036908 0.028645
0 0 0.546355 0.161229 0.222947 0.039781 0.029688
0 0 0.518339 0.168167 0.245209 0.038230 0.030054
0 0 0.541048 0.160328 0.230768 0.040700 0.027156
0 0 0.437216 0.190387 0.282526 0.045870 0.044001
0 0 0.356725 0.204278 0.341091 0.050226 0.047680
2 0 0.326892 0.204449 0.359393 0.062166 0.047099
0 1 0.380459 0.199552 0.326161 0.049058 0.044770
2 1 0.343797 0.192889 0.360360 0.047760 0.055195
0 1 0.352670 0.205777 0.332341 0.029113 0.080099
2 1 0.302605 0.205758 0.361243 0.031977 0.098416
2 1 0.305157 0.231830 0.332207 0.033485 0.097322
2 2 0.286627 0.215362 0.367474 0.031488 0.099049
2 2 0.256705 0.203743 0.415117 0.033224 0.091211
2 2 0.169302 0.212910 0.458360 0.044352 0.115075
2 2 0.171073 0.208584 0.440710 0.040328 0.139305
2 2 0.069916 0.161919 0.433629 0.055569 0.278967
2 2 0.096835 0.199661 0.434462 0.058412 0.210631
2 2 0.100769 0.190648 0.472367 0.070489 0.165727
4 2 0.030000 0.085854 0.256691 0.045131 0.582323
4 2 0.048517 0.122688 0.241390 0.061344 0.526061
4 2 0.053252 0.131816 0.284546 0.065019 0.465367
4 2 0.047615 0.121203 0.274961 0.050595 0.505625
4 2 0.033039 0.097832 0.238450 0.056737 0.573942
4 2 0.027618 0.086704 0.221745 0.056655 0.607278
4 2 0.026053 0.086434 0.254744 0.046442 0.586326
4 3 0.047182 0.113680 0.238438 0.046386 0.554315
4 3 0.018879 0.069988 0.219819 0.059585 0.631728
4 3 0.025831 0.089263 0.272230 0.062413 0.550263
2 3 0.032126 0.112225 0.485999 0.128294 0.241355
4 3 0.027622 0.093335 0.339246 0.093391 0.446406
4 3 0.023759 0.080858 0.303794 0.076841 0.514748
4 3 0.025927 0.088210 0.328141 0.084286 0.473436
4 3 0.028173 0.090488 0.282680 0.071902 0.526757
2 3 0.013900 0.062570 0.459785 0.142145 0.321600
2 3 0.019002 0.075485 0.407978 0.141341 0.356193
2 3 0.017726 0.073854 0.426842 0.154591 0.326987
4 3 0.015131 0.062804 0.299209 0.075184 0.547672
4 3 0.019579 0.071925 0.302161 0.081075 0.525260
4 3 0.015278 0.061160 0.252667 0.078431 0.592464
4 3 0.013841 0.057493 0.278378 0.090100 0.560188
4 3 0.013079 0.056965 0.269686 0.074782 0.585488
4 3 0.017329 0.068370 0.274885 0.065342 0.574074
4 3 0.015454 0.060466 0.248073 0.086654 0.589353
4 3 0.018518 0.069110 0.259205 0.073834 0.579332
4 3 0.014646 0.061499 0.274897 0.070258 0.578701
4 3 0.011712 0.052638 0.267428 0.082485 0.585737
4 3 0.016985 0.065408 0.252947 0.074899 0.589761
4 3 0.009441 0.047425 0.290281 0.078840 0.574014
4 3 0.016206 0.061390 0.307430 0.113612 0.501362
4 3 0.012507 0.053579 0.340823 0.113940 0.479153
4 3 0.012246 0.051746 0.362524 0.133134 0.440351
4 3 0.014195 0.057605 0.326755 0.110714 0.490731
4 3 0.014684 0.058388 0.342825 0.117653 0.466450
4 3 0.013587 0.057289 0.255742 0.078681 0.594700
4 3 0.015390 0.061144 0.247415 0.078893 0.597159
4 3 0.018372 0.069096 0.291265 0.080737 0.540529
4 3 0.014374 0.059032 0.272162 0.085318 0.569114
4 3 0.007931 0.041841 0.328240 0.102816 0.519171
4 3 0.013537 0.053868 0.336829 0.140931 0.454834
4 3 0.012643 0.051510 0.358430 0.149079 0.428338
4 3 0.016547 0.060631 0.301704 0.128930 0.492188
4 3 0.019325 0.067663 0.335501 0.121256 0.456255
4 3 0.016438 0.062480 0.350725 0.130951 0.439406
2 3 0.051652 0.118029 0.387323 0.108171 0.334823
2 3 0.052889 0.119478 0.377833 0.108129 0.341671
2 3 0.326764 0.200279 0.330958 0.069866 0.072132
2 3 0.275514 0.194890 0.412905 0.051482 0.065210
2 3 0.258676 0.199542 0.424434 0.054594 0.062754
2 3 0.141322 0.176386 0.524601 0.115471 0.042221
2 3 0.152457 0.170468 0.539886 0.104265 0.032924
2 3 0.115789 0.166596 0.564522 0.107205 0.045887
2 3 0.128473 0.147663 0.601882 0.083153 0.038829
2 3 0.129713 0.169184 0.565533 0.096371 0.039200
2 3 0.028882 0.093762 0.577813 0.266609 0.032935
2 3 0.038688 0.126850 0.559921 0.234818 0.039723
2 3 0.033345 0.102056 0.564502 0.270651 0.029446
2 3 0.026683 0.102558 0.532293 0.302520 0.035947
2 3 0.031823 0.105952 0.561250 0.267880 0.033095
2 3 0.020241 0.075416 0.491254 0.393527 0.019562
2 3 0.024925 0.092751 0.523193 0.332147 0.026984
2 3 0.025434 0.094590 0.506403 0.339382 0.034191
2 3 0.020541 0.082659 0.514064 0.354428 0.028307
2 3 0.024247 0.087132 0.587124 0.274170 0.027327
2 3 0.030167 0.100972 0.524857 0.316246 0.027759
2 3 0.017877 0.063152 0.474458 0.426545 0.017968
2 3 0.009773 0.048955 0.480522 0.442995 0.017755
2 3 0.009299 0.049114 0.497624 0.421318 0.022645
2 3 0.011924 0.050708 0.460927 0.452668 0.023774
2 3 0.017650 0.079129 0.515544 0.316946 0.070730
2 3 0.022308 0.090252 0.529266 0.269499 0.088676
2 3 0.030415 0.105230 0.544601 0.253751 0.066002
2 3 0.017856 0.074559 0.545740 0.290805 0.071040
2 3 0.032918 0.112090 0.532870 0.251342 0.070781
2 3 0.029171 0.107318 0.500143 0.263023 0.100345
2 3 0.013464 0.067935 0.605803 0.244692 0.068105
2 3 0.007990 0.047540 0.575304 0.308179 0.060987
2 3 0.026242 0.104380 0.542632 0.256657 0.070088
2 3 0.017383 0.080592 0.580079 0.255580 0.066366
2 3 0.024717 0.096451 0.566331 0.231660 0.080842
2 3 0.021717 0.097840 0.555319 0.221860 0.103264
2 3 0.024986 0.106188 0.559976 0.206419 0.102431
2 3 0.039102 0.127205 0.528069 0.214192 0.091432
2 3 0.014697 0.065191 0.576510 0.267945 0.075657
2 3 0.016238 0.079593 0.571314 0.231075 0.101779
2 3 0.020447 0.081525 0.553370 0.271014 0.073643
2 3 0.025451 0.099568 0.541745 0.243764 0.089472
2 3 0.029546 0.103870 0.519982 0.262476 0.084126
2 3 0.018217 0.072623 0.511975 0.304989 0.092197
0 3 0.372570 0.187329 0.315499 0.085321 0.039280
0 2 0.789707 0.098650 0.075289 0.007542 0.028812
0 2 0.700119 0.128175 0.124264 0.016366 0.031076
0 2 0.730201 0.119131 0.107812 0.013111 0.029746
0 2 0.673628 0.129541 0.156634 0.019823 0.020374
0 2 0.506086 0.167030 0.254768 0.040469 0.031648
0 2 0.505795 0.174548 0.233293 0.045688 0.040676
0 2 0.434910 0.185897 0.291908 0.049847 0.037438
0 2 0.406194 0.185283 0.325152 0.052220 0.031151
0 2 0.492068 0.169252 0.267963 0.043095 0.027622
2 2 0.132815 0.201407 0.510336 0.104240 0.051201
2 2 0.182105 0.204981 0.492936 0.072138 0.047840
2 2 0.198677 0.212707 0.456027 0.078263 0.054327
2 2 0.180079 0.215144 0.472018 0.074783 0.057976
2 2 0.165718 0.208776 0.481409 0.090252 0.053846
2 2 0.229184 0.209360 0.419795 0.088140 0.053522
2 2 0.272635 0.227271 0.373974 0.047396 0.078723
2 2 0.336690 0.202719 0.367863 0.047821 0.044907
0 2 0.379991 0.200538 0.299154 0.049959 0.070357
0 2 0.397749 0.200888 0.308437 0.031622 0.061303
0 2 0.579486 0.151944 0.194625 0.029444 0.044501
0 2 0.419049 0.174375 0.328173 0.047205 0.031199
2 2 0.232508 0.187705 0.402643 0.119144 0.058000
2 2 0.202221 0.187958 0.396939 0.164110 0.048772
0 0 0.615072 0.147956 0.179930 0.027937 0.029105
0 0 0.680021 0.132659 0.139757 0.018902 0.028661
0 1 0.568914 0.163556 0.188686 0.035247 0.043598
0 2 0.491759 0.165485 0.265108 0.049328 0.028319
0 2 0.390878 0.190697 0.320093 0.060184 0.038148
0 2 0.420115 0.185040 0.301746 0.057464 0.035635
0 1 0.566415 0.163374 0.197684 0.033392 0.039135
0 1 0.609002 0.151864 0.175799 0.028760 0.034575
0 1 0.496754 0.174974 0.252615 0.038066 0.037591
0 2 0.389340 0.179675 0.344837 0.050548 0.035600
0 2 0.437961 0.195711 0.270934 0.033596 0.061798
2 2 0.276982 0.223287 0.364376 0.044021 0.091335
2 2 0.186825 0.229835 0.432346 0.062528 0.088465
2 2 0.206790 0.228849 0.407497 0.052529 0.104335
4 2 0.053999 0.111802 0.329062 0.083209 0.421928
4 2 0.039420 0.095781 0.275511 0.041902 0.547386
4 2 0.017333 0.061817 0.362740 0.146060 0.412049
4 2 0.009445 0.044554 0.351577 0.120314 0.474110
4 2 0.009044 0.043959 0.359941 0.139166 0.447889
4 2 0.011444 0.049065 0.365993 0.145111 0.428387
4 2 0.019460 0.064996 0.368353 0.157251 0.389941
4 2 0.018156 0.061925 0.345316 0.127372 0.447231
4 2 0.004468 0.030542 0.362532 0.099112 0.503346
4 2 0.005147 0.032791 0.316989 0.096463 0.548609
4 2 0.004428 0.030838 0.361450 0.090246 0.513038
4 2 0.004149 0.029113 0.278844 0.081989 0.605905
4 2 0.024454 0.072765 0.217920 0.034965 0.649896
4 2 0.025084 0.070845 0.355706 0.059329 0.489035
4 2 0.010679 0.045155 0.283896 0.047946 0.612324
4 2 0.021211 0.072748 0.374168 0.101332 0.430540
4 2 0.012032 0.055293 0.331453 0.070799 0.530423
4 2 0.015531 0.057937 0.290860 0.053014 0.582658
4 2 0.014834 0.058481 0.334370 0.071644 0.520670
4 2 0.053056 0.094122 0.284170 0.040114 0.528537
4 2 0.031015 0.090821 0.297134 0.092563 0.488466
2 2 0.014826 0.055808 0.429615 0.089822 0.409930
2 2 0.023316 0.077738 0.401490 0.105534 0.391922
2 2 0.015980 0.067329 0.533562 0.148766 0.234363
2 2 0.026289 0.086396 0.444659 0.185002 0.257654
2 2 0.007764 0.048784 0.541048 0.185455 0.216950
2 2 0.012675 0.056893 0.578922 0.167960 0.183550
2 2 0.024930 0.085451 0.448135 0.169103 0.272382
2 2 0.022285 0.080837 0.559517 0.210176 0.127186
2 2 0.034122 0.099813 0.504520 0.212889 0.148656
2 2 0.023897 0.077490 0.486072 0.234892 0.177649
2 2 0.023215 0.081681 0.425582 0.182302 0.287220
2 2 0.107197 0.152760 0.516689 0.116544 0.106810
2 2 0.081008 0.139537 0.506590 0.209700 0.063165
2 2 0.168768 0.188263 0.323351 0.132133 0.187485
0 0 0.506607 0.172599 0.229103 0.048559 0.043131
0 1 0.521797 0.179058 0.219671 0.030636 0.048839
2 2 0.083360 0.136186 0.645985 0.087240 0.047229
2 2 0.055136 0.119348 0.645639 0.133946 0.045931
2 2 0.044235 0.110184 0.635675 0.160321 0.049585
2 2 0.103373 0.153198 0.594627 0.110639 0.038163
2 2 0.103335 0.165485 0.528694 0.161559 0.040926
2 2 0.108155 0.167598 0.546723 0.122499 0.055026
2 2 0.080269 0.169933 0.546170 0.151227 0.052402
2 2 0.077645 0.155972 0.506182 0.203996 0.056206
2 2 0.070575 0.162216 0.526511 0.173919 0.066780
2 2 0.095233 0.163525 0.516288 0.148709 0.076244
2 2 0.069101 0.162162 0.493211 0.188363 0.087163
2 2 0.078186 0.156411 0.438818 0.210840 0.115745
2 2 0.066319 0.153588 0.486476 0.189268 0.104349
2 2 0.040854 0.117710 0.527179 0.229740 0.084517
2 2 0.054734 0.130239 0.405168 0.270509 0.139349
2 2 0.298382 0.208797 0.352811 0.066026 0.073984
2 2 0.195838 0.214944 0.402246 0.109056 0.077915
2 2 0.211386 0.215166 0.402682 0.098886 0.071880
0 2 0.421416 0.171441 0.285159 0.074826 0.047158
2 2 0.325223 0.204477 0.349270 0.043075 0.077955
2 2 0.271034 0.180168 0.419792 0.052565 0.076441
2 2 0.320883 0.206824 0.329201 0.045264 0.097828
0 1 0.519519 0.173352 0.216774 0.045041 0.045314
0 2 0.488709 0.184807 0.241106 0.036523 0.048854
0 2 0.559613 0.165120 0.206917 0.031142 0.037209
2 2 0.216583 0.196987 0.468382 0.053632 0.064416
2 2 0.290934 0.200094 0.412490 0.049400 0.047082
2 2 0.236863 0.220146 0.414819 0.060405 0.067768
2 2 0.229971 0.212198 0.429774 0.059217 0.068840
2 2 0.203832 0.201230 0.464338 0.049813 0.080787
2 2 0.202314 0.199447 0.479290 0.065612 0.053338
2 2 0.198049 0.214641 0.465079 0.068552 0.053679
2 2 0.173525 0.210520 0.482430 0.078071 0.055455
2 2 0.137063 0.184678 0.531190 0.086885 0.060185
2 2 0.223991 0.211342 0.428026 0.082363 0.054278
2 2 0.136773 0.188809 0.517467 0.066633 0.090317
2 2 0.126198 0.209775 0.474236 0.099773 0.090017
2 2 0.128051 0.193003 0.503869 0.063478 0.111600
2 2 0.105919 0.176798 0.513089 0.105473 0.098721
2 2 0.100899 0.182618 0.547248 0.082875 0.086361
2 2 0.061569 0.142635 0.574834 0.143042 0.077922
2 2 0.082759 0.160031 0.529910 0.145806 0.081494
2 2 0.053275 0.147332 0.517035 0.150524 0.131834
2 3 0.051279 0.125557 0.476281 0.250186 0.096698
2 3 0.025577 0.087074 0.535996 0.248756 0.102598
2 3 0.013619 0.053728 0.511601 0.378470 0.042581
2 3 0.017204 0.063013 0.498129 0.366907 0.054747
2 3 0.020511 0.066592 0.508641 0.360704 0.043552
2 3 0.018516 0.066618 0.472562 0.392685 0.049619
2 3 0.012473 0.052401 0.539588 0.344801 0.050737
2 3 0.015509 0.060209 0.512121 0.341427 0.070735
2 3 0.012201 0.050106 0.489704 0.383079 0.064910
2 3 0.015414 0.057362 0.469882 0.366729 0.090613
2 3 0.006950 0.035924 0.544635 0.344586 0.067905
2 3 0.012087 0.048905 0.514581 0.353510 0.070916
2 3 0.012176 0.049457 0.546849 0.351223 0.040295
2 3 0.016189 0.063107 0.491864 0.345669 0.083171
2 3 0.013097 0.052904 0.527337 0.347808 0.058853
2 3 0.007293 0.042452 0.554981 0.319927 0.075347
2 3 0.012400 0.055745 0.498987 0.344245 0.088623
2 3 0.020336 0.071434 0.585972 0.246014 0.076244
2 3 0.010728 0.056579 0.571848 0.246042 0.114804
2 3 0.020811 0.081594 0.565076 0.214012 0.118507
2 3 0.022341 0.076958 0.537323 0.259985 0.103393
2 3 0.069225 0.151819 0.440176 0.127293 0.211487
2 3 0.132088 0.155696 0.579387 0.101631 0.031197
2 3 0.139939 0.173015 0.543163 0.115067 0.028816
2 3 0.099238 0.147485 0.583256 0.139695 0.030327
2 3 0.161674 0.185274 0.504863 0.117466 0.030723
2 3 0.136191 0.181810 0.517206 0.132622 0.032171
2 3 0.122365 0.133518 0.596184 0.125397 0.022536
2 3 0.094667 0.164572 0.549648 0.164103 0.027010
2 3 0.115399 0.176498 0.535712 0.141269 0.031122
2 3 0.102646 0.176343 0.539432 0.147183 0.034396
2 3 0.130800 0.172670 0.554972 0.110367 0.031191
2 3 0.074897 0.181383 0.520681 0.130729 0.092311
2 3 0.017779 0.071852 0.544827 0.212820 0.152722
2 3 0.022206 0.080630 0.580400 0.217521 0.099243
2 3 0.019407 0.078740 0.574321 0.218976 0.108557
2 3 0.017789 0.067643 0.593363 0.259994 0.061212
2 3 0.011253 0.048114 0.564330 0.318054 0.058249
2 3 0.008350 0.045045 0.590256 0.298288 0.058061
2 3 0.008943 0.049065 0.559422 0.318756 0.063814
2 3 0.014947 0.065733 0.520521 0.299083 0.099716
2 3 0.006532 0.039409 0.573902 0.308435 0.071722
2 3 0.009983 0.049881 0.565143 0.290360 0.084634
2 3 0.016342 0.065393 0.513446 0.298503 0.106316
2 3 0.014766 0.065242 0.558043 0.245498 0.116451
2 3 0.010304 0.050991 0.573329 0.258327 0.107050
2 3 0.008017 0.043288 0.565525 0.260024 0.123145
2 3 0.006339 0.033512 0.545207 0.350682 0.064261
2 3 0.005243 0.030990 0.578188 0.312267 0.073313
2 3 0.006032 0.033433 0.533806 0.367761 0.058968
2 3 0.005079 0.031085 0.536148 0.355031 0.072657
2 3 0.008993 0.043457 0.535611 0.330525 0.081414
2 3 0.016210 0.063762 0.514464 0.292048 0.113517
2 3 0.006132 0.036719 0.525302 0.315952 0.115894
2 3 0.020087 0.071513 0.530687 0.266049 0.111663
2 3 0.020492 0.069800 0.493214 0.273601 0.142894
2 3 0.013306 0.053415 0.521083 0.274043 0.138153
2 3 0.080518 0.129860 0.498367 0.239239 0.052016
2 3 0.146433 0.149152 0.446362 0.192481 0.065572
0 2 0.645317 0.143948 0.138217 0.021249 0.051270
0 2 0.641644 0.142875 0.160834 0.023957 0.030690
0 2 0.575408 0.142608 0.225082 0.029176 0.027724
2 2 0.154288 0.133968 0.584935 0.097632 0.029178
2 2 0.229184 0.183788 0.476961 0.076494 0.033573
2 2 0.272598 0.173230 0.438326 0.094760 0.021086
2 2 0.260931 0.185131 0.439530 0.088945 0.025463
2 2 0.233057 0.186893 0.457598 0.095245 0.027207
0 2 0.608646 0.152278 0.174892 0.028786 0.035399
0 2 0.586247 0.150577 0.206226 0.032492 0.024458
0 2 0.568628 0.154533 0.221886 0.031174 0.023779
0 2 0.665008 0.132057 0.160888 0.020913 0.021133
0 2 0.670458 0.134726 0.146777 0.020139 0.027901
2 2 0.270532 0.200104 0.408293 0.045348 0.075723
2 2 0.240962 0.221735 0.408333 0.061792 0.067178
2 2 0.302298 0.206855 0.352692 0.061419 0.076736
2 2 0.296639 0.203188 0.395922 0.041550 0.062702
2 2 0.264388 0.219870 0.396215 0.056630 0.062897
2 2 0.133763 0.181567 0.557601 0.080985 0.046084
2 2 0.100927 0.166177 0.588919 0.100411 0.043566
2 2 0.141497 0.195623 0.513620 0.095593 0.053668
2 2 0.091085 0.165164 0.593527 0.109001 0.041223
2 2 0.111755 0.201675 0.512954 0.109185 0.064431
2 2 0.089508 0.185682 0.488849 0.139724 0.096237
2 2 0.075688 0.176327 0.533128 0.131565 0.083293
2 2 0.077653 0.172358 0.549781 0.107365 0.092842
2 2 0.033254 0.110235 0.516823 0.157879 0.181810
2 2 0.018943 0.067898 0.421610 0.118638 0.372911
2 2 0.119387 0.159319 0.414976 0.107960 0.198358
2 2 0.346617 0.181402 0.371987 0.039170 0.060825
2 2 0.167475 0.187303 0.454165 0.103552 0.087505
0 2 0.296532 0.189024 0.255875 0.053458 0.205112
0 1 0.405474 0.179885 0.286746 0.048064 0.079831
2 2 0.167988 0.163544 0.546640 0.046898 0.074930
2 2 0.186725 0.196937 0.452888 0.045455 0.117994
2 2 0.233485 0.234653 0.366051 0.051216 0.114595
2 2 0.318823 0.205289 0.375555 0.045590 0.054743
2 2 0.263738 0.177484 0.467438 0.045940 0.045400
2 2 0.277427 0.214215 0.400237 0.055591 0.052530
2 2 0.261253 0.203657 0.426437 0.049492 0.059161
2 2 0.300162 0.168080 0.422383 0.061713 0.047662
2 2 0.288287 0.207135 0.396376 0.055087 0.053116
2 2 0.292324 0.207042 0.393143 0.053571 0.053920
0 2 0.532370 0.169315 0.232146 0.032510 0.033659
0 1 0.685046 0.132537 0.132365 0.018136 0.031915
0 1 0.593300 0.152459 0.193568 0.031416 0.029256
0 2 0.491521 0.184401 0.235118 0.037916 0.051045
0 2 0.518852 0.179328 0.230355 0.027355 0.044110
4 2 0.047570 0.105069 0.337708 0.060578 0.449075
4 4 0.014000 0.057560 0.290871 0.083276 0.554294
4 4 0.019297 0.066625 0.337611 0.050596 0.525872
4 4 0.012224 0.053089 0.334516 0.058741 0.541430
4 4 0.022665 0.066724 0.379459 0.063903 0.467249
4 4 0.011191 0.053785 0.352827 0.082169 0.500028
4 4 0.011130 0.050515 0.351473 0.068284 0.518598
4 4 0.010051 0.048624 0.335089 0.069033 0.537203
4 4 0.006950 0.042316 0.350667 0.061026 0.539042
4 4 0.012429 0.058994 0.365766 0.071288 0.491522
4 4 0.016152 0.065984 0.307934 0.070943 0.538987
4 4 0.020801 0.074507 0.338356 0.087365 0.478971
4 4 0.011556 0.055831 0.294767 0.057684 0.580161
4 4 0.015318 0.057725 0.419735 0.068793 0.438428
4 4 0.014670 0.061807 0.394932 0.088938 0.439654
4 4 0.014334 0.063105 0.343958 0.066347 0.512256
4 4 0.013377 0.058914 0.352894 0.082169 0.492646
4 4 0.009822 0.047274 0.379706 0.065171 0.498027
4 4 0.010089 0.046330 0.340636 0.072630 0.530314
4 4 0.017393 0.066109 0.343054 0.071199 0.502245
4 4 0.182259 0.153385 0.212789 0.013066 0.438502
4 4 0.203620 0.161390 0.221625 0.018396 0.394968
4 4 0.152498 0.146359 0.226949 0.016475 0.457719
2 4 0.197364 0.173507 0.297242 0.045624 0.286263
4 1 0.092643 0.098443 0.267540 0.019163 0.522211
2 1 0.170776 0.195017 0.474364 0.040959 0.118884
2 1 0.150465 0.200748 0.483950 0.040526 0.124311
2 2 0.153280 0.186843 0.486306 0.054363 0.119207
2 2 0.138293 0.186972 0.451289 0.032704 0.190743
2 2 0.064237 0.135221 0.608146 0.109932 0.082464
2 2 0.026347 0.100125 0.602642 0.155702 0.115184
2 2 0.020240 0.074743 0.563387 0.182232 0.159398
2 2 0.026235 0.095167 0.601490 0.166257 0.110851
2 2 0.022479 0.085522 0.621115 0.171612 0.099273
2 2 0.016861 0.077351 0.615692 0.168195 0.121902
2 2 0.015001 0.072200 0.634366 0.176143 0.102290
2 2 0.041774 0.125077 0.552927 0.169844 0.110378
2 2 0.019972 0.084817 0.629659 0.175289 0.090263
2 2 0.025444 0.091705 0.544375 0.204596 0.133881
2 2 0.020570 0.086336 0.587833 0.176561 0.128700
2 2 0.028684 0.101846 0.602060 0.149794 0.117616
2 2 0.012635 0.057420 0.589635 0.175392 0.164918
2 2 0.020949 0.083857 0.553230 0.179428 0.162536
2 2 0.016808 0.068345 0.464185 0.156180 0.294482
2 2 0.019611 0.078144 0.500494 0.169352 0.232399
4 2 0.015575 0.061736 0.357038 0.100949 0.464702
4 2 0.029912 0.092836 0.365591 0.097703 0.413958
4 2 0.014652 0.062845 0.392235 0.092392 0.437876
2 2 0.031979 0.089013 0.414902 0.095108 0.368999
4 2 0.019278 0.072357 0.369714 0.103244 0.435406
4 2 0.021270 0.081100 0.386779 0.120249 0.390601
2 2 0.014361 0.063309 0.457426 0.112139 0.352766
4 2 0.019942 0.075796 0.385836 0.086915 0.431511
2 2 0.018856 0.074434 0.480561 0.132775 0.293374
4 2 0.013832 0.058258 0.370279 0.101570 0.456061
4 2 0.021159 0.074727 0.352232 0.122225 0.429658
4 2 0.020658 0.073360 0.379544 0.130489 0.395949
4 2 0.016502 0.065935 0.333911 0.082440 0.501212
4 2 0.031404 0.093192 0.372764 0.105863 0.396777
4 2 0.030651 0.088348 0.336251 0.113347 0.431403
4 2 0.192119 0.152365 0.242764 0.040299 0.372453
2 2 0.242533 0.187773 0.447852 0.037181 0.084662
2 2 0.173743 0.189636 0.428474 0.046737 0.161411
2 2 0.243948 0.198090 0.399897 0.040833 0.117231
2 2 0.257504 0.199576 0.397210 0.039761 0.105949
2 2 0.043150 0.105655 0.659734 0.120759 0.070702
2 2 0.015329 0.067633 0.628482 0.213398 0.075158
2 2 0.027752 0.093310 0.644626 0.163689 0.070624
2 2 0.062568 0.139803 0.576409 0.151282 0.069938
2 2 0.071938 0.156732 0.563735 0.122659 0.084936
2 2 0.039094 0.112254 0.552576 0.229716 0.066361
2 2 0.025409 0.090319 0.607629 0.221717 0.054926
2 2 0.034593 0.107079 0.591232 0.205425 0.061671
2 2 0.023017 0.081033 0.622877 0.213382 0.059691
2 2 0.046719 0.125499 0.527778 0.233454 0.066551
2 2 0.029390 0.104597 0.573671 0.187665 0.104677
2 2 0.024691 0.082083 0.490481 0.213257 0.189488
2 2 0.023398 0.086690 0.551124 0.216698 0.122090
2 2 0.053280 0.117384 0.551428 0.211860 0.066048
2 2 0.027154 0.092463 0.590845 0.213621 0.075916
2 2 0.017029 0.066104 0.532268 0.246754 0.137845
2 2 0.025701 0.082318 0.579546 0.232708 0.079728
2 2 0.016387 0.068958 0.569544 0.236492 0.108618
2 2 0.022640 0.073687 0.512291 0.248630 0.142751
2 2 0.015854 0.061993 0.539459 0.245471 0.137222
2 2 0.017841 0.062770 0.550808 0.215839 0.152742
2 2 0.014274 0.057784 0.430757 0.162416 0.334768
2 2 0.022779 0.071559 0.435574 0.184426 0.285661
2 2 0.027083 0.082110 0.424206 0.168923 0.297677
2 2 0.025501 0.078255 0.482865 0.210027 0.203353
2 2 0.024187 0.075157 0.426442 0.181465 0.292748
2 2 0.024095 0.071388 0.379834 0.175750 0.348933
2 2 0.020398 0.069440 0.415507 0.130502 0.364153
2 2 0.019597 0.065894 0.390266 0.151210 0.373034
2 2 0.022157 0.069625 0.437325 0.157955 0.312938
2 2 0.022355 0.069142 0.369573 0.170792 0.368138
4 2 0.021388 0.068175 0.371885 0.160886 0.377666
2 2 0.023862 0.072261 0.391966 0.162806 0.349105
2 2 0.023896 0.072797 0.399800 0.160012 0.343495
2 2 0.018133 0.062284 0.390168 0.160932 0.368483
4 2 0.020734 0.065250 0.342643 0.178805 0.392569
2 2 0.021987 0.065157 0.389399 0.207306 0.316150
2 2 0.017421 0.056959 0.422737 0.209406 0.293476
2 2 0.014495 0.055506 0.436367 0.153206 0.340425
2 2 0.017467 0.057169 0.396088 0.210379 0.318897
4 2 0.016252 0.058253 0.367528 0.164092 0.393875
4 2 0.011910 0.049910 0.383733 0.150111 0.404336
2 2 0.020386 0.067017 0.408728 0.154707 0.349161
4 2 0.015083 0.055595 0.376277 0.168513 0.384533
2 2 0.012469 0.051297 0.405728 0.150025 0.380482
2 2 0.083035 0.139498 0.403266 0.155912 0.218290
2 2 0.334670 0.190520 0.346981 0.054072 0.073757
2 2 0.332308 0.173040 0.402874 0.041948 0.049830
2 2 0.330150 0.172867 0.405920 0.039038 0.052026
0 2 0.363724 0.187393 0.361245 0.039464 0.048176
0 2 0.407418 0.166969 0.346944 0.046645 0.032025
0 2 0.397241 0.195010 0.318112 0.048461 0.041176
0 2 0.429241 0.168483 0.301859 0.049453 0.050964
0 2 0.426957 0.188434 0.280783 0.053976 0.049850
0 2 0.399741 0.196749 0.314118 0.039073 0.050319
2 2 0.267664 0.169690 0.468656 0.052294 0.041696
2 2 0.197088 0.155925 0.541988 0.068954 0.036044
2 2 0.214542 0.167975 0.514044 0.063192 0.040247
2 2 0.247631 0.181210 0.464379 0.068728 0.038053
2 2 0.209263 0.198049 0.478222 0.063814 0.050651
0 2 0.450418 0.173411 0.291648 0.057146 0.027376
0 2 0.503139 0.166008 0.255127 0.048447 0.027278
0 0 0.644498 0.141448 0.161415 0.023600 0.029040
0 1 0.567775 0.157755 0.206661 0.035175 0.032634
0 1 0.395368 0.184531 0.324335 0.058794 0.036973
2 2 0.116658 0.161406 0.571784 0.073633 0.076519
2 2 0.084713 0.148435 0.619501 0.069533 0.077817
2 2 0.154831 0.192780 0.512859 0.073310 0.066220
2 2 0.077246 0.144740 0.615473 0.088939 0.073602
2 2 0.115626 0.161212 0.575063 0.075192 0.072907
2 2 0.293409 0.216735 0.364277 0.060808 0.064771
2 2 0.210918 0.171742 0.480674 0.086397 0.050269
2 2 0.301840 0.219995 0.351471 0.054624 0.072069
0 1 0.384407 0.184401 0.293070 0.057734 0.080388
0 1 0.366313 0.197803 0.311184 0.053527 0.071172
2 2 0.279806 0.189789 0.414077 0.034993 0.081336
2 2 0.299188 0.178533 0.369046 0.053431 0.099802
2 2 0.318475 0.225159 0.333269 0.036722 0.086374
0 2 0.352061 0.214658 0.324276 0.035318 0.073686
2 2 0.294416 0.220943 0.367083 0.042377 0.075181
2 2 0.175084 0.200823 0.376601 0.035122 0.212370
2 2 0.131748 0.177666 0.365366 0.042839 0.282380
2 2 0.184050 0.162063 0.350555 0.062360 0.240972
2 2 0.249443 0.191066 0.400366 0.034149 0.124977
2 2 0.133933 0.176203 0.481984 0.141314 0.066566
2 2 0.296662 0.181052 0.390752 0.075418 0.056116
2 2 0.222119 0.146278 0.497787 0.099855 0.033961
0 0 0.715903 0.124410 0.111111 0.014396 0.034181
0 0 0.777224 0.102776 0.087542 0.008976 0.023481
0 0 0.696459 0.128645 0.128566 0.016874 0.029455
0 0 0.725186 0.121064 0.108692 0.013543 0.031516
0 0 0.767319 0.107422 0.085584 0.009492 0.030182
0 0 0.772527 0.103524 0.093266 0.009474 0.021209
0 0 0.752665 0.112248 0.094063 0.010846 0.030178
0 0 0.710393 0.120095 0.117910 0.013274 0.038329
0 0 0.634381 0.132708 0.183646 0.021589 0.027676
0 0 0.541144 0.153387 0.239416 0.036578 0.029474
0 0 0.553741 0.142146 0.240139 0.027966 0.036008
0 0 0.628148 0.140927 0.175833 0.024141 0.030951
0 0 0.667727 0.134960 0.147488 0.020061 0.029765
0 0 0.652271 0.132906 0.165042 0.020356 0.029425
0 0 0.622787 0.145944 0.176082 0.026769 0.028418
0 0 0.602040 0.151505 0.185788 0.029976 0.030691
0 1 0.593664 0.145757 0.205779 0.029670 0.025130
0 0 0.656093 0.139245 0.143210 0.020420 0.041033
0 0 0.603216 0.152274 0.182036 0.029747 0.032727
0 0 0.502027 0.168543 0.250042 0.048911 0.030477
0 0 0.561206 0.156043 0.220012 0.036881 0.025857
0 0 0.529797 0.165693 0.228892 0.043108 0.032510
0 0 0.530489 0.150497 0.256187 0.037424 0.025403
0 0 0.414608 0.194938 0.297519 0.047253 0.045682
0 0 0.412655 0.184189 0.315435 0.055569 0.032153
0 1 0.386062 0.170441 0.348454 0.067949 0.027094
2 1 0.322589 0.166010 0.422690 0.050655 0.038055
0 1 0.400183 0.176758 0.342359 0.043752 0.036948
2 1 0.181535 0.166992 0.545803 0.055458 0.050213
2 1 0.231904 0.187659 0.472906 0.047068 0.060463
2 1 0.215451 0.179094 0.499651 0.047501 0.058303
2 2 0.291299 0.198259 0.404143 0.055311 0.050989
2 2 0.205218 0.183361 0.491420 0.052966 0.067035
2 2 0.242006 0.162971 0.499113 0.038692 0.057218
2 2 0.158798 0.157319 0.559577 0.044432 0.079874
2 2 0.186550 0.173452 0.507318 0.041652 0.091028
2 2 0.291894 0.180751 0.428973 0.036355 0.062027
2 2 0.296014 0.195747 0.406969 0.043009 0.058261
0 0 0.740481 0.114656 0.105942 0.012089 0.026833
0 1 0.666578 0.131246 0.157025 0.019743 0.025408
0 1 0.573992 0.141017 0.230820 0.029319 0.024852
0 2 0.595910 0.148395 0.200860 0.030895 0.023939
0 2 0.542649 0.141472 0.260170 0.032587 0.023122
2 2 0.345698 0.194954 0.365039 0.049011 0.045299
2 2 0.321405 0.202310 0.377974 0.052441 0.045871
2 2 0.272976 0.212795 0.397957 0.063226 0.053047
0 2 0.406906 0.188662 0.326353 0.045150 0.032928
2 2 0.295067 0.204154 0.396327 0.062772 0.041680
2 2 0.219534 0.200329 0.459800 0.082568 0.037769
2 2 0.229515 0.201407 0.447179 0.082575 0.039324
2 2 0.206020 0.191849 0.477629 0.083769 0.040733
2 2 0.220651 0.198380 0.463972 0.081664 0.035333
2 2 0.226654 0.202038 0.459040 0.074482 0.037785
2 2 0.249138 0.205222 0.434760 0.069618 0.041262
2 2 0.221283 0.198179 0.463883 0.081558 0.035097
2 2 0.171439 0.198615 0.493120 0.096558 0.040269
2 2 0.192202 0.196999 0.473626 0.099086 0.038086
2 2 0.247513 0.206605 0.432727 0.069643 0.043512
2 2 0.260955 0.200350 0.432686 0.063279 0.042730
2 2 0.228432 0.204956 0.455507 0.070753 0.040352
2 2 0.195914 0.210147 0.470577 0.074685 0.048677
2 2 0.235201 0.207079 0.447795 0.067549 0.042376
2 2 0.190006 0.203617 0.483850 0.072587 0.049940
2 2 0.171638 0.205601 0.486458 0.082835 0.053469
2 2 0.177724 0.209204 0.483014 0.080170 0.049887
2 2 0.132435 0.197454 0.511626 0.111264 0.047221
2 2 0.178606 0.204827 0.488023 0.083981 0.044563
2 2 0.130076 0.183279 0.550475 0.089219 0.046951
2 2 0.141475 0.203469 0.488827 0.047693 0.118536
2 2 0.170129 0.225937 0.449828 0.070671 0.083435
2 2 0.191538 0.229774 0.433996 0.059500 0.085192
2 2 0.196358 0.233950 0.408590 0.058682 0.102420
2 2 0.137710 0.203811 0.487724 0.058420 0.112336
2 2 0.049873 0.139173 0.532682 0.102968 0.175305
4 2 0.039568 0.094728 0.287045 0.034765 0.543895
4 4 0.023597 0.073017 0.258149 0.055558 0.589679
4 4 0.021341 0.072511 0.262175 0.040453 0.603520
4 4 0.025660 0.075500 0.287442 0.045522 0.565876
4 4 0.025825 0.085438 0.241675 0.040553 0.606509
4 4 0.024822 0.085482 0.222848 0.030989 0.635859
4 4 0.023489 0.081587 0.258709 0.050188 0.586028
4 4 0.021678 0.067303 0.299191 0.042057 0.569771
4 4 0.011819 0.055594 0.278913 0.056703 0.596970
4 4 0.016212 0.062912 0.331288 0.049742 0.539846
4 4 0.022162 0.079414 0.275935 0.060661 0.561828
4 4 0.032089 0.098608 0.254870 0.051476 0.562956
4 4 0.021556 0.079034 0.275320 0.056009 0.568081
4 4 0.019564 0.076265 0.268041 0.047253 0.588878
4 4 0.017847 0.069795 0.317395 0.072901 0.522063
4 4 0.018652 0.071179 0.297512 0.071380 0.541277
4 4 0.022558 0.081308 0.270823 0.053858 0.571453
4 4 0.011524 0.054800 0.316631 0.069695 0.547350
4 4 0.015000 0.063201 0.296242 0.068976 0.556581
4 4 0.014655 0.058965 0.306298 0.050771 0.569311
4 4 0.025485 0.087401 0.307558 0.059406 0.520151
4 4 0.032165 0.088607 0.217022 0.031479 0.630727
4 4 0.021252 0.072862 0.250127 0.038940 0.616818
4 4 0.014014 0.050492 0.286588 0.032375 0.616531
4 4 0.033281 0.103154 0.276874 0.046881 0.539810
4 4 0.034819 0.102091 0.206144 0.030469 0.626478
4 4 0.030961 0.083036 0.230664 0.022395 0.632943
2 4 0.144700 0.177850 0.400822 0.021978 0.254649
4 4 0.059715 0.116898 0.288167 0.037779 0.497441
4 4 0.039349 0.111258 0.250759 0.042527 0.556108
4 4 0.023945 0.080500 0.264190 0.041400 0.589966
4 4 0.020774 0.070161 0.296362 0.040941 0.571762
4 4 0.016472 0.066823 0.310557 0.064518 0.541630
4 4 0.017862 0.069438 0.249738 0.053084 0.609877
4 4 0.009601 0.046195 0.291640 0.045471 0.607092
4 4 0.021778 0.077872 0.313940 0.073337 0.513074
4 4 0.027865 0.092631 0.260314 0.046943 0.572247
4 4 0.018661 0.072267 0.252138 0.053662 0.603271
4 4 0.015780 0.068768 0.287812 0.060195 0.567444
4 4 0.012951 0.059571 0.273931 0.048353 0.605194
4 4 0.024928 0.085537 0.221371 0.043439 0.624726
4 4 0.020403 0.066429 0.272216 0.034373 0.606578
4 4 0.016018 0.062681 0.273821 0.050101 0.597378
4 4 0.015263 0.066398 0.297857 0.052399 0.568083
4 4 0.034256 0.099648 0.270771 0.037258 0.558067
4 4 0.040050 0.090805 0.284384 0.032119 0.552642
4 4 0.039122 0.105251 0.233765 0.036055 0.585807
4 4 0.024900 0.087392 0.239499 0.040830 0.607380
4 4 0.036667 0.100067 0.202899 0.029364 0.631004
4 4 0.037203 0.097791 0.233372 0.036002 0.595631
4 4 0.024079 0.086719 0.290906 0.039142 0.559155
4 4 0.037592 0.107407 0.255710 0.039078 0.560212
4 4 0.039613 0.107529 0.255404 0.034572 0.562883
4 4 0.035258 0.109771 0.270381 0.055784 0.528805
4 4 0.021653 0.084398 0.381385 0.089277 0.423286
4 4 0.029444 0.093512 0.269173 0.056977 0.550895
4 4 0.028205 0.095161 0.273971 0.042750 0.559913
4 4 0.017899 0.070718 0.325078 0.068732 0.517573
4 4 0.026641 0.089691 0.255731 0.048519 0.579419
4 4 0.019712 0.075493 0.282724 0.055804 0.566268
4 4 0.020980 0.076186 0.310789 0.073227 0.518818
4 4 0.021858 0.079580 0.288567 0.059240 0.550754
4 4 0.016794 0.065685 0.253770 0.069842 0.593908
4 4 0.030975 0.096570 0.277487 0.057089 0.537880
4 4 0.028465 0.095381 0.296486 0.054655 0.525013
4 4 0.025785 0.088235 0.260235 0.043597 0.582147
4 4 0.014417 0.061893 0.268761 0.047903 0.607026
4 4 0.022624 0.081002 0.241606 0.048840 0.605927
4 4 0.016327 0.065651 0.299444 0.074626 0.543951
4 4 0.049460 0.107640 0.209378 0.021983 0.611538
4 4 0.047361 0.095309 0.245485 0.026560 0.585285
4 4 0.042795 0.088672 0.235565 0.018030 0.614938
4 4 0.070923 0.116222 0.213166 0.018732 0.580956
4 4 0.052204 0.107697 0.220978 0.022560 0.596562
4 4 0.034688 0.090183 0.232588 0.029716 0.612825
4 4 0.028331 0.087112 0.214542 0.034471 0.635544
4 4 0.023970 0.073810 0.267100 0.033630 0.601490
4 4 0.028397 0.082694 0.243653 0.033077 0.612178
4 4 0.024027 0.077094 0.328351 0.038965 0.531562
4 4 0.045782 0.101230 0.286201 0.027857 0.538930
4 4 0.030740 0.096782 0.265372 0.047990 0.559116
4 4 0.022778 0.083643 0.241542 0.039382 0.612655
4 4 0.024836 0.074501 0.258159 0.027405 0.615098
4 4 0.025260 0.070756 0.306974 0.045816 0.551195
4 4 0.034560 0.088057 0.276304 0.027185 0.573894
4 4 0.036822 0.085117 0.307034 0.036982 0.534045
4 4 0.026381 0.069104 0.271624 0.027004 0.605887
4 4 0.054155 0.113589 0.258272 0.033371 0.540613
4 4 0.064796 0.123224 0.182038 0.021242 0.608700
4 4 0.172154 0.193811 0.202931 0.019447 0.411657
4 1 0.223557 0.193976 0.247674 0.024570 0.310222
4 1 0.091305 0.128742 0.234675 0.016616 0.528662
4 1 0.110680 0.128438 0.212012 0.016119 0.532751
4 1 0.198585 0.179310 0.197863 0.023175 0.401067
4 1 0.052102 0.093131 0.220539 0.020425 0.613803
4 1 0.030033 0.079223 0.231418 0.024428 0.634898
4 1 0.050418 0.097732 0.233234 0.024685 0.593931
4 1 0.020088 0.057958 0.295503 0.033021 0.593430
4 1 0.026506 0.079918 0.234164 0.031019 0.628393
4 1 0.022079 0.067537 0.196321 0.022175 0.691888
4 1 0.025795 0.070973 0.247047 0.024530 0.631656
4 1 0.036989 0.094258 0.221071 0.029701 0.617982
4 1 0.031510 0.084462 0.185326 0.022899 0.675802
4 1 0.040154 0.093087 0.227082 0.021245 0.618432
4 1 0.054390 0.106742 0.173039 0.017539 0.648289
4 1 0.061786 0.108783 0.241349 0.019157 0.568925
4 1 0.053473 0.106280 0.209442 0.022124 0.608680
4 1 0.026662 0.071156 0.238056 0.022995 0.641131
4 2 0.090653 0.130419 0.175481 0.020229 0.583218
4 2 0.049298 0.110837 0.248555 0.027552 0.563757
4 2 0.027147 0.083671 0.212421 0.024776 0.651986
4 2 0.041842 0.093739 0.231925 0.029137 0.603356
4 2 0.019528 0.064486 0.250472 0.030829 0.634684
4 2 0.043475 0.097259 0.259939 0.030155 0.569173
4 2 0.031948 0.083508 0.238160 0.025229 0.621155
4 2 0.035897 0.096119 0.239094 0.039074 0.589815
4 2 0.054189 0.116936 0.255386 0.036293 0.537196
4 2 0.035605 0.098021 0.257712 0.043467 0.565196
4 2 0.038572 0.095164 0.295176 0.039521 0.531567
4 2 0.033637 0.101689 0.259481 0.041692 0.563500
4 2 0.032852 0.087274 0.228484 0.030848 0.620542
4 2 0.030064 0.083748 0.263002 0.034730 0.588456
4 2 0.033774 0.086795 0.251479 0.033900 0.594052
4 2 0.021531 0.075122 0.229253 0.039601 0.634492
4 2 0.037153 0.091456 0.255679 0.030300 0.585412
4 2 0.032511 0.085246 0.272437 0.037225 0.572581
4 2 0.042739 0.102438 0.234530 0.029975 0.590318
4 2 0.027352 0.085262 0.251470 0.044876 0.591039
4 2 0.041473 0.097265 0.288641 0.038308 0.534313
4 2 0.100121 0.149569 0.248283 0.024850 0.477176
4 2 0.040996 0.114633 0.253506 0.039920 0.550945
2 2 0.081562 0.163408 0.357500 0.052285 0.345245
4 2 0.052317 0.124785 0.298771 0.047435 0.476692
4 2 0.066990 0.130844 0.316899 0.055182 0.430085
2 2 0.048499 0.143677 0.478166 0.098401 0.231257
2 2 0.059967 0.153068 0.509921 0.106276 0.170769
2 2 0.054510 0.144353 0.495403 0.107729 0.198005
2 2 0.046793 0.137117 0.485478 0.089932 0.240680
2 2 0.055397 0.128221 0.510893 0.077998 0.227492
2 2 0.055647 0.122529 0.525946 0.068537 0.227341
2 2 0.038120 0.115694 0.544155 0.095708 0.206324
2 2 0.037977 0.100357 0.431196 0.069896 0.360574
2 2 0.033463 0.112156 0.501630 0.106733 0.246018
2 2 0.028578 0.096673 0.474203 0.119931 0.280615
2 2 0.035183 0.107133 0.508035 0.140942 0.208708
2 2 0.041077 0.129744 0.503560 0.132722 0.192897
2 2 0.034510 0.111120 0.516833 0.143317 0.194220
2 2 0.031790 0.102515 0.500610 0.144324 0.220761
2 2 0.033609 0.116420 0.539100 0.151198 0.159673
2 2 0.034545 0.104682 0.498693 0.214994 0.147086
2 2 0.024801 0.095070 0.506061 0.166574 0.207494
2 2 0.031174 0.111681 0.532801 0.183070 0.141274
2 2 0.020387 0.077572 0.524247 0.184603 0.193191
2 2 0.021646 0.081305 0.504185 0.172248 0.220616
2 2 0.172756 0.189292 0.410850 0.144903 0.082199
2 2 0.257756 0.215523 0.327450 0.065215 0.134056
0 2 0.321935 0.225256 0.242178 0.042118 0.168513
0 2 0.620731 0.160699 0.142070 0.011510 0.064990
0 0 0.656048 0.144121 0.127349 0.020570 0.051913
2 1 0.146160 0.138283 0.593514 0.070008 0.052034
2 1 0.097252 0.111657 0.603233 0.156406 0.031452
2 2 0.085097 0.109929 0.610144 0.131802 0.063028
2 2 0.078836 0.101570 0.644576 0.127911 0.047107
2 2 0.072296 0.116895 0.534385 0.198660 0.077765
2 2 0.007604 0.030590 0.481089 0.458453 0.022264
3 2 0.006246 0.029696 0.363285 0.582849 0.017925
3 2 0.001746 0.012685 0.326210 0.640891 0.018468
3 2 0.002689 0.017046 0.383186 0.579599 0.017480
3 2 0.003642 0.021059 0.377354 0.577458 0.020487
3 2 0.003960 0.021546 0.374344 0.578640 0.021511
3 2 0.005629 0.028422 0.396205 0.528705 0.041039
3 2 0.008136 0.033413 0.394536 0.530138 0.033777
3 2 0.005914 0.027332 0.346409 0.594679 0.025666
3 2 0.005057 0.024675 0.385902 0.550166 0.034200
3 2 0.010491 0.040473 0.383614 0.523533 0.041889
3 2 0.004199 0.024390 0.442724 0.443116 0.085572
2 2 0.008399 0.038134 0.464326 0.403952 0.085189
3 2 0.006545 0.032269 0.441951 0.448419 0.070816
3 2 0.010158 0.037836 0.424861 0.477822 0.049323
2 2 0.009987 0.039607 0.436559 0.424786 0.089060
2 2 0.005842 0.032765 0.460350 0.389495 0.111547
3 2 0.012084 0.045629 0.430976 0.437781 0.073531
3 2 0.005669 0.029127 0.423011 0.489263 0.052930
3 2 0.010009 0.040143 0.429821 0.439293 0.080735
2 2 0.011433 0.045032 0.460762 0.397092 0.085682
2 2 0.036199 0.086081 0.434081 0.317850 0.125789
2 2 0.012452 0.049017 0.432770 0.304027 0.201733
2 2 0.010105 0.043302 0.456256 0.284408 0.205928
2 2 0.009373 0.040708 0.457520 0.368103 0.124296
2 2 0.011929 0.046499 0.403071 0.340691 0.197810
2 2 0.005272 0.028287 0.448070 0.388749 0.129622
2 2 0.007482 0.033269 0.438620 0.438106 0.082524
2 2 0.010750 0.043573 0.423618 0.337375 0.184684
2 2 0.010209 0.042436 0.431702 0.362865 0.152787
2 2 0.006201 0.032840 0.446968 0.394820 0.119171
2 2 0.010669 0.043104 0.450440 0.380788 0.115000
2 2 0.014724 0.052642 0.395989 0.329999 0.206647
2 2 0.007869 0.038814 0.425706 0.308848 0.218763
2 2 0.010596 0.043484 0.396729 0.257857 0.291333
