2 0 0.160767 0.242800 0.462817 0.088588 0.045028
4 1 0.068006 0.170733 0.324473 0.053209 0.383579
4 1 0.081689 0.153208 0.215403 0.043772 0.505928
4 1 0.059838 0.125187 0.202263 0.029200 0.583513
4 1 0.068773 0.137196 0.208652 0.034954 0.550426
4 1 0.046272 0.105240 0.189099 0.021022 0.638368
4 1 0.043244 0.100461 0.185451 0.019293 0.651552
4 4 0.036352 0.089065 0.175928 0.015496 0.683160
4 4 0.045634 0.104244 0.188355 0.020655 0.641113
4 4 0.035613 0.087796 0.174793 0.015101 0.686697
4 4 0.041494 0.097640 0.183204 0.018310 0.659352
4 4 0.039418 0.094229 0.180392 0.017161 0.668800
4 4 0.035123 0.086950 0.174026 0.014840 0.689061
4 4 0.042436 0.099164 0.184427 0.018838 0.655135
4 4 0.041125 0.097039 0.182716 0.018105 0.661015
4 4 0.046545 0.105664 0.189413 0.021180 0.637197
4 4 0.072952 0.142543 0.211132 0.037743 0.535630
4 4 0.055868 0.114765 0.197214 0.022195 0.609957
4 4 0.085389 0.137954 0.213655 0.024634 0.538369
2 4 0.242891 0.218358 0.285915 0.035024 0.217812
4 4 0.113804 0.172075 0.249975 0.036863 0.427283
4 4 0.047885 0.107732 0.190923 0.021958 0.631501
4 4 0.071731 0.140998 0.210438 0.036922 0.539911
4 4 0.089779 0.147286 0.216728 0.030733 0.515474
4 4 0.063969 0.130841 0.205412 0.031825 0.567953
4 4 0.057552 0.121979 0.200363 0.027774 0.592331
4 4 0.057549 0.121974 0.200360 0.027772 0.592346
4 4 0.066105 0.133696 0.206907 0.033207 0.560085
4 4 0.056380 0.120311 0.199343 0.027050 0.596916
4 4 0.052475 0.114640 0.195708 0.024676 0.612501
4 4 0.057561 0.121991 0.200371 0.027779 0.592299
4 4 0.046784 0.106035 0.189686 0.021318 0.636177
4 4 0.044793 0.102922 0.187355 0.020173 0.644758
4 1 0.041625 0.097852 0.183376 0.018383 0.658764
4 1 0.047513 0.107160 0.190509 0.021741 0.633077
4 1 0.080880 0.152247 0.215056 0.043202 0.508615
4 1 0.066826 0.134649 0.207391 0.033676 0.557457
4 1 0.068249 0.136514 0.208319 0.034609 0.552308
4 1 0.105702 0.156311 0.221336 0.030982 0.485669
2 1 0.099973 0.209238 0.441686 0.057687 0.191417
2 1 0.143163 0.231214 0.437158 0.062650 0.125814
2 1 0.137552 0.232689 0.450051 0.068628 0.111080
2 1 0.236807 0.249156 0.358780 0.064183 0.091074
2 1 0.162164 0.239970 0.471211 0.077363 0.049291
2 1 0.142534 0.234925 0.497934 0.084563 0.040044
2 1 0.188399 0.244477 0.446939 0.076549 0.043636
2 2 0.126831 0.210878 0.426667 0.043525 0.192099
2 2 0.182541 0.229894 0.378418 0.048507 0.160641
2 2 0.237280 0.241059 0.418998 0.052784 0.049878
2 2 0.137543 0.219154 0.497102 0.045127 0.101075
2 2 0.147576 0.222703 0.469900 0.045831 0.113990
2 2 0.186221 0.244292 0.440551 0.071703 0.057232
2 2 0.246140 0.250343 0.375401 0.066331 0.061785
2 2 0.210140 0.245243 0.429355 0.067831 0.047432
2 2 0.198282 0.245790 0.430091 0.070665 0.055172
2 2 0.146603 0.234697 0.496348 0.077386 0.044966
2 2 0.146186 0.230946 0.509043 0.069073 0.044752
2 2 0.143961 0.235283 0.474117 0.071514 0.075125
2 2 0.196616 0.247313 0.432516 0.080142 0.043413
2 2 0.136356 0.226718 0.528609 0.071152 0.037165
2 2 0.215328 0.237176 0.437652 0.074372 0.035472
2 2 0.130445 0.225250 0.534406 0.072342 0.037556
2 2 0.100248 0.217925 0.554649 0.081939 0.045239
2 2 0.126798 0.224792 0.536004 0.087625 0.024781
2 2 0.113951 0.214308 0.555374 0.094614 0.021754
2 2 0.082791 0.153645 0.562575 0.184121 0.016868
2 2 0.090838 0.166688 0.589388 0.139780 0.013306
2 2 0.067448 0.136513 0.574442 0.208518 0.013079
2 2 0.073955 0.157034 0.575975 0.178327 0.014709
2 3 0.072476 0.155166 0.587712 0.170568 0.014078
2 3 0.122286 0.196681 0.547059 0.114040 0.019934
2 3 0.115174 0.228724 0.515800 0.107545 0.032757
2 3 0.075879 0.188204 0.569800 0.145203 0.020915
2 3 0.121025 0.205429 0.549653 0.102909 0.020984
2 3 0.143578 0.236493 0.492157 0.093284 0.034489
2 3 0.094161 0.209807 0.569103 0.105204 0.021725
2 3 0.092497 0.202088 0.577387 0.108489 0.019539
2 3 0.068129 0.165058 0.578831 0.168038 0.019945
2 3 0.077543 0.170080 0.582093 0.153460 0.016824
2 3 0.070658 0.186111 0.565402 0.151539 0.026290
2 3 0.059288 0.143065 0.587848 0.195155 0.014644
2 3 0.036692 0.098980 0.603945 0.250753 0.009630
2 3 0.079203 0.143642 0.563001 0.199125 0.015030
2 3 0.049223 0.123774 0.611129 0.205309 0.010565
2 3 0.039844 0.120188 0.608768 0.218962 0.012238
2 3 0.100173 0.220374 0.543159 0.108737 0.027557
2 3 0.126169 0.229135 0.519908 0.095383 0.029406
2 3 0.119544 0.227440 0.524886 0.098891 0.029240
2 3 0.140985 0.228569 0.522070 0.082578 0.025798
2 3 0.100966 0.215943 0.470797 0.065337 0.146956
4 3 0.114682 0.180894 0.223714 0.056070 0.424639
4 3 0.088508 0.157123 0.217739 0.043020 0.493609
4 3 0.106537 0.166668 0.246700 0.035473 0.444621
2 3 0.124400 0.212206 0.520764 0.041990 0.100641
2 2 0.105417 0.209649 0.488627 0.049800 0.146508
2 2 0.095988 0.220411 0.492260 0.080497 0.110845
2 2 0.116372 0.230243 0.489393 0.083261 0.080732
2 3 0.113376 0.230433 0.508564 0.100052 0.047575
2 3 0.110646 0.207302 0.534271 0.042568 0.105214
2 3 0.119688 0.223155 0.506593 0.062568 0.087995
2 3 0.066040 0.180714 0.630348 0.099788 0.023111
2 3 0.059630 0.179398 0.627468 0.102709 0.030795
2 3 0.079428 0.209828 0.570849 0.107974 0.031921
2 3 0.093083 0.217096 0.544447 0.116502 0.028873
2 3 0.090361 0.209063 0.566681 0.108032 0.025862
2 3 0.085139 0.207723 0.562556 0.112212 0.032370
2 3 0.073835 0.212565 0.545672 0.128743 0.039185
2 3 0.099529 0.215982 0.564127 0.089547 0.030815
2 3 0.092723 0.212187 0.572473 0.077392 0.045225
2 3 0.132837 0.234819 0.486777 0.082063 0.063503
2 3 0.089969 0.212091 0.551897 0.109391 0.036651
2 3 0.108994 0.227510 0.520444 0.103938 0.039115
2 3 0.119035 0.226206 0.530006 0.083371 0.041382
2 3 0.074325 0.213513 0.538582 0.137631 0.035949
2 3 0.101971 0.223395 0.533901 0.104984 0.035748
2 3 0.052234 0.180742 0.586839 0.148718 0.031467
2 3 0.091260 0.209118 0.517068 0.145909 0.036645
2 3 0.081591 0.208558 0.561954 0.121504 0.026394
2 3 0.058502 0.188777 0.572263 0.152189 0.028270
2 3 0.051781 0.184409 0.551978 0.177416 0.034416
2 3 0.064576 0.182476 0.580075 0.143658 0.029215
2 3 0.046810 0.159540 0.637959 0.137596 0.018095
2 3 0.058718 0.182964 0.578803 0.151069 0.028446
2 3 0.053517 0.168756 0.621859 0.135472 0.020395
2 3 0.051788 0.175630 0.593620 0.153720 0.025242
2 3 0.052743 0.149079 0.616972 0.160281 0.020925
2 3 0.037994 0.153867 0.618257 0.168188 0.021693
2 3 0.032027 0.133292 0.642260 0.175721 0.016700
2 3 0.035171 0.148605 0.605596 0.185595 0.025033
2 3 0.024989 0.124807 0.625213 0.203243 0.021747
2 3 0.032402 0.101766 0.615045 0.235276 0.015511
2 3 0.026777 0.106671 0.633977 0.218870 0.013704
2 3 0.034577 0.111553 0.642126 0.197989 0.013756
2 3 0.023606 0.104978 0.642753 0.213459 0.015205
2 3 0.022379 0.101905 0.677127 0.185849 0.012739
2 3 0.151337 0.232057 0.477820 0.059926 0.078859
2 3 0.113174 0.224418 0.381922 0.084109 0.196376
2 3 0.092793 0.224884 0.486215 0.101443 0.094665
2 3 0.072608 0.191683 0.393896 0.067245 0.274568
2 3 0.122894 0.244151 0.431440 0.136202 0.065312
2 3 0.038914 0.160507 0.567359 0.200198 0.033022
2 3 0.028366 0.135790 0.568328 0.226352 0.041164
2 3 0.027448 0.139267 0.559835 0.226270 0.047181
2 3 0.041110 0.153525 0.552084 0.211154 0.042126
2 3 0.039041 0.167141 0.546923 0.194362 0.052533
2 3 0.018585 0.103365 0.600728 0.250533 0.026789
2 3 0.020367 0.113931 0.592572 0.245429 0.027700
2 3 0.033792 0.151908 0.542292 0.219807 0.052201
2 3 0.026368 0.127656 0.558823 0.249007 0.038147
2 3 0.036895 0.148293 0.562934 0.213924 0.037953
2 3 0.014784 0.090732 0.538027 0.315525 0.040931
2 3 0.014423 0.091937 0.546143 0.310218 0.037280
2 3 0.015102 0.089060 0.529006 0.321587 0.045246
2 3 0.013903 0.085580 0.534497 0.323746 0.042274
2 3 0.017214 0.091645 0.510616 0.325112 0.055413
2 3 0.012211 0.078729 0.537356 0.333606 0.038098
2 3 0.014519 0.089270 0.537276 0.317727 0.041208
2 3 0.015776 0.084730 0.506626 0.335687 0.057181
2 3 0.016771 0.094818 0.524988 0.315836 0.047586
2 3 0.017457 0.096510 0.521718 0.314948 0.049367
2 3 0.015663 0.088404 0.519799 0.326105 0.050028
2 3 0.015774 0.091512 0.527675 0.318976 0.046063
2 3 0.018770 0.097195 0.508997 0.318473 0.056566
2 3 0.016653 0.091404 0.516586 0.323363 0.051994
2 3 0.019147 0.104261 0.523499 0.304715 0.048378
2 3 0.022651 0.111765 0.507615 0.301013 0.056956
2 3 0.019808 0.104401 0.517086 0.306836 0.051869
2 3 0.022719 0.108778 0.508102 0.290105 0.070294
2 3 0.023149 0.110886 0.501083 0.303895 0.060987
2 3 0.021876 0.111766 0.514678 0.298818 0.052862
4 3 0.223882 0.212041 0.222739 0.047751 0.293587
0 3 0.306338 0.216286 0.287382 0.025620 0.164374
0 3 0.455863 0.199966 0.225005 0.027735 0.091431
2 3 0.219520 0.224799 0.391107 0.033255 0.131319
2 3 0.240605 0.233320 0.406227 0.038666 0.081182
0 3 0.425846 0.188099 0.253020 0.019264 0.113771
2 3 0.272832 0.219328 0.410060 0.024181 0.073599
2 3 0.224223 0.232496 0.442259 0.041322 0.059700
2 3 0.240935 0.236624 0.437429 0.050548 0.034465
0 3 0.416869 0.192776 0.282694 0.023448 0.084212
0 2 0.380555 0.215581 0.329565 0.022299 0.051999
2 2 0.301214 0.211088 0.429721 0.020712 0.037265
2 2 0.280640 0.226445 0.394381 0.029496 0.069038
2 2 0.204160 0.227587 0.461041 0.038092 0.069120
2 2 0.254405 0.241750 0.307843 0.054705 0.141298
4 2 0.056432 0.122690 0.215040 0.032892 0.572945
4 2 0.042950 0.099991 0.185082 0.019127 0.652851
4 2 0.045651 0.104270 0.188375 0.020665 0.641039
4 2 0.046208 0.105140 0.189025 0.020985 0.638642
4 2 0.042872 0.099866 0.184983 0.019083 0.653196
4 4 0.042019 0.098491 0.183890 0.018604 0.656997
4 4 0.038965 0.093477 0.179757 0.016913 0.670888
4 4 0.042580 0.099396 0.184611 0.018918 0.654494
4 4 0.054822 0.118069 0.197937 0.026096 0.603075
4 4 0.048100 0.108061 0.191160 0.022083 0.630596
4 4 0.036743 0.089733 0.176519 0.015706 0.681300
4 4 0.056957 0.121134 0.199849 0.027406 0.594654
4 4 0.042180 0.098751 0.184098 0.018694 0.656276
4 4 0.035021 0.086773 0.173866 0.014786 0.689554
4 4 0.034466 0.085807 0.172981 0.014492 0.692255
4 4 0.042084 0.098596 0.183974 0.018640 0.656706
4 4 0.032239 0.081876 0.169283 0.013327 0.703275
4 4 0.034523 0.085906 0.173072 0.014522 0.691977
4 4 0.034749 0.086300 0.173433 0.014642 0.690877
4 4 0.050423 0.111585 0.193641 0.023451 0.620901
4 4 0.053204 0.115713 0.196415 0.025115 0.609553
4 4 0.080177 0.151410 0.214747 0.042710 0.510956
4 4 0.079720 0.141708 0.213080 0.031423 0.534069
4 4 0.117371 0.177118 0.330420 0.026780 0.348310
2 1 0.112756 0.203444 0.332137 0.058113 0.293550
2 1 0.151714 0.231791 0.462483 0.058284 0.095727
2 1 0.150506 0.234030 0.465266 0.063529 0.086670
2 1 0.150653 0.235346 0.462100 0.066200 0.085700
2 1 0.105304 0.202148 0.451775 0.042847 0.197925
2 2 0.165341 0.233170 0.426202 0.055216 0.120070
2 2 0.228190 0.231565 0.383866 0.038788 0.117591
2 2 0.250579 0.246990 0.391205 0.061049 0.050177
2 2 0.196193 0.228256 0.408921 0.040091 0.126538
2 2 0.197924 0.209492 0.311617 0.032596 0.248371
2 1 0.187203 0.229428 0.436957 0.042559 0.103853
2 1 0.128844 0.227073 0.494584 0.063599 0.085901
2 1 0.123883 0.219121 0.481127 0.052085 0.123783
2 2 0.184766 0.243095 0.411971 0.065605 0.094563
2 2 0.171742 0.241296 0.427372 0.067382 0.092207
2 2 0.162955 0.212266 0.395777 0.034203 0.194799
2 2 0.156554 0.232096 0.457893 0.056492 0.096965
2 2 0.163901 0.239920 0.454067 0.069879 0.072234
2 2 0.176412 0.227074 0.422455 0.043181 0.130878
2 2 0.174627 0.221592 0.415190 0.038185 0.150406
2 2 0.140586 0.217848 0.383336 0.050371 0.207859
2 2 0.287463 0.215403 0.309523 0.024498 0.163112
2 2 0.248593 0.223341 0.292630 0.037421 0.198015
2 2 0.200145 0.211128 0.364786 0.027663 0.196279
2 2 0.190811 0.208302 0.352503 0.028439 0.219945
2 2 0.218957 0.223783 0.367025 0.034142 0.156093
2 2 0.218546 0.233965 0.363627 0.044916 0.138946
2 2 0.189056 0.229778 0.418564 0.043068 0.119535
2 2 0.225127 0.231395 0.376614 0.039590 0.127274
2 2 0.242516 0.223173 0.282775 0.040134 0.211402
4 2 0.172667 0.200368 0.289914 0.034459 0.302593
0 2 0.316861 0.204124 0.210982 0.027308 0.240725
2 2 0.268024 0.217759 0.332529 0.025890 0.155799
0 2 0.272524 0.201781 0.270525 0.021546 0.233624
0 2 0.330258 0.233837 0.305065 0.036779 0.094060
2 2 0.239793 0.208304 0.329949 0.023098 0.198855
0 2 0.393923 0.201672 0.302948 0.034454 0.067002
2 2 0.260814 0.245742 0.392093 0.060155 0.041196
2 2 0.248741 0.245370 0.378698 0.055024 0.072167
2 2 0.232619 0.233051 0.427143 0.040009 0.067177
2 2 0.251860 0.226056 0.378440 0.030844 0.112800
2 2 0.082942 0.180334 0.380308 0.041136 0.315281
4 2 0.178781 0.207989 0.283204 0.041249 0.288776
2 2 0.168128 0.214958 0.310191 0.047252 0.259471
4 2 0.083112 0.170827 0.350426 0.034753 0.360881
2 2 0.136545 0.226316 0.426445 0.059325 0.151369
2 2 0.193143 0.207187 0.355711 0.026910 0.217050
2 2 0.267496 0.230808 0.357900 0.034504 0.109293
2 2 0.189957 0.219877 0.420731 0.032659 0.136776
2 2 0.249809 0.240342 0.404743 0.048511 0.056595
2 2 0.205167 0.228650 0.435350 0.038088 0.092746
2 2 0.171317 0.232890 0.449190 0.051938 0.094665
2 2 0.180049 0.229515 0.467433 0.045088 0.077915
2 2 0.227019 0.245176 0.420267 0.064744 0.042794
2 2 0.153520 0.224643 0.451825 0.046553 0.123459
2 2 0.241080 0.240342 0.378114 0.047696 0.092768
2 2 0.088335 0.194064 0.558783 0.136752 0.022066
2 2 0.056944 0.169783 0.586485 0.161900 0.024888
2 2 0.068823 0.178668 0.559732 0.171297 0.021480
2 2 0.072674 0.190554 0.576223 0.139783 0.020765
2 2 0.077982 0.168350 0.537092 0.192544 0.024033
2 2 0.220845 0.243079 0.419277 0.057433 0.059366
2 2 0.276651 0.220519 0.386937 0.078493 0.037400
2 2 0.158058 0.238102 0.481297 0.077534 0.045009
2 2 0.186113 0.241048 0.450318 0.064522 0.057999
2 2 0.276128 0.241514 0.355502 0.046281 0.080574
2 2 0.234942 0.245173 0.407178 0.059556 0.053152
2 2 0.210778 0.241682 0.421521 0.055892 0.070127
2 2 0.170627 0.237052 0.474146 0.064442 0.053732
2 2 0.284074 0.248803 0.354429 0.060640 0.052054
2 2 0.221627 0.228298 0.405225 0.052948 0.091901
2 2 0.152423 0.240242 0.475935 0.091930 0.039470
2 2 0.106857 0.215327 0.509064 0.057234 0.111518
2 2 0.112404 0.226835 0.525040 0.092285 0.043437
2 2 0.105190 0.221699 0.543339 0.088089 0.041682
2 2 0.093743 0.216476 0.552895 0.082934 0.053951
2 2 0.143004 0.226487 0.403214 0.058471 0.168824
2 2 0.221291 0.230599 0.413314 0.037834 0.096963
2 2 0.217260 0.232340 0.395992 0.040905 0.113503
2 2 0.234931 0.239252 0.378172 0.047134 0.100511
2 2 0.263387 0.234531 0.396680 0.038590 0.066813
0 0 0.457495 0.191551 0.286502 0.029744 0.034709
0 0 0.391689 0.215104 0.312908 0.021769 0.058530
2 1 0.285836 0.225682 0.417565 0.031842 0.039075
2 1 0.252809 0.219249 0.446131 0.026230 0.055581
2 1 0.252749 0.221862 0.440879 0.028180 0.056329
2 1 0.130894 0.207709 0.570540 0.038488 0.052368
2 1 0.120434 0.212816 0.544363 0.046217 0.076170
2 1 0.141306 0.224792 0.511596 0.053972 0.068334
2 1 0.112308 0.208055 0.583154 0.049767 0.046716
2 2 0.128332 0.214987 0.538607 0.045505 0.072568
2 2 0.142766 0.224395 0.528003 0.057461 0.047374
2 2 0.129055 0.219536 0.539715 0.054359 0.057335
2 2 0.111518 0.222372 0.506198 0.067690 0.092221
2 2 0.129157 0.224905 0.517665 0.061770 0.066503
2 2 0.132453 0.224962 0.529013 0.064273 0.049299
2 2 0.167347 0.234283 0.475425 0.058212 0.064734
2 2 0.216073 0.230726 0.452042 0.040415 0.060744
2 2 0.205825 0.217301 0.355846 0.032130 0.188898
2 2 0.192799 0.204296 0.534437 0.022752 0.045717
2 2 0.203558 0.232904 0.418963 0.043502 0.101074
2 2 0.325630 0.227396 0.347161 0.029462 0.070351
2 2 0.314046 0.230312 0.357175 0.032295 0.066172
0 0 0.367827 0.210906 0.346098 0.018634 0.056535
0 0 0.363877 0.217718 0.315294 0.022582 0.080529
2 0 0.192608 0.207746 0.363786 0.026706 0.209153
2 0 0.118390 0.205040 0.567448 0.038076 0.071045
2 1 0.096121 0.214185 0.545648 0.067819 0.076227
2 1 0.100169 0.211059 0.573924 0.063071 0.051777
2 1 0.099767 0.214574 0.556809 0.067890 0.060960
2 1 0.116837 0.215978 0.560904 0.059763 0.046518
2 1 0.145125 0.208337 0.460116 0.031653 0.154768
2 1 0.102934 0.219073 0.479750 0.068982 0.129262
2 1 0.116930 0.209458 0.391731 0.051901 0.229981
2 1 0.151678 0.227650 0.358608 0.062747 0.199317
2 1 0.130637 0.205581 0.424201 0.036407 0.203173
2 1 0.070058 0.202236 0.482973 0.102662 0.142072
2 1 0.077024 0.198123 0.382758 0.076893 0.265202
2 2 0.065560 0.190022 0.386709 0.088643 0.269066
2 2 0.088137 0.223607 0.420732 0.114381 0.153143
2 2 0.089838 0.224299 0.462307 0.105815 0.117741
2 2 0.166210 0.236117 0.342147 0.072301 0.183226
2 2 0.230803 0.221580 0.407747 0.028442 0.111429
2 2 0.183526 0.228947 0.463474 0.043265 0.080787
2 2 0.186579 0.243178 0.381889 0.067028 0.121326
2 2 0.176538 0.229903 0.409194 0.047508 0.136858
0 2 0.356282 0.211668 0.287217 0.020305 0.124528
2 2 0.311542 0.210662 0.374713 0.017909 0.085174
0 0 0.403899 0.191270 0.278216 0.026497 0.100118
2 0 0.305725 0.223484 0.380161 0.026559 0.064072
2 1 0.236604 0.246288 0.358908 0.058781 0.099419
2 1 0.072016 0.209186 0.552558 0.097885 0.068355
2 1 0.075355 0.221479 0.472892 0.141043 0.089231
2 1 0.074278 0.202402 0.548299 0.078493 0.096527
2 1 0.101082 0.228072 0.453287 0.099893 0.117666
2 2 0.057350 0.195792 0.509825 0.098573 0.138459
2 2 0.190339 0.231770 0.420191 0.045118 0.112582
2 2 0.254554 0.207977 0.444267 0.018130 0.075073
2 2 0.177269 0.212630 0.504619 0.028308 0.077174
2 2 0.160625 0.217002 0.472440 0.035012 0.114922
2 2 0.134369 0.211155 0.562042 0.041358 0.051077
2 2 0.253283 0.243522 0.369190 0.051102 0.082903
2 2 0.294186 0.246131 0.356394 0.056089 0.047200
2 2 0.249714 0.248714 0.378333 0.062386 0.060853
2 2 0.238820 0.244285 0.409133 0.058069 0.049692
2 2 0.276142 0.213380 0.334894 0.066472 0.109111
2 2 0.201622 0.230416 0.400654 0.041712 0.125595
2 2 0.250898 0.238687 0.366143 0.044567 0.099705
2 2 0.175737 0.229822 0.456923 0.046106 0.091411
2 2 0.183775 0.236069 0.472808 0.058647 0.048702
2 2 0.205589 0.232251 0.417046 0.042320 0.102794
2 2 0.172812 0.235680 0.484690 0.065481 0.041337
2 2 0.224030 0.247973 0.413034 0.071403 0.043559
2 2 0.287220 0.225427 0.368961 0.036475 0.081918
2 2 0.212007 0.225251 0.481894 0.038150 0.042697
2 2 0.148708 0.215725 0.551551 0.044458 0.039558
2 2 0.192270 0.232867 0.474369 0.050297 0.050196
2 2 0.195160 0.212885 0.503808 0.026794 0.061353
2 2 0.237595 0.236408 0.429575 0.045709 0.050712
2 2 0.138435 0.230606 0.456887 0.063549 0.110522
2 2 0.211292 0.236991 0.387935 0.048335 0.115447
2 2 0.094806 0.205617 0.486390 0.052258 0.160929
2 2 0.081775 0.216359 0.490691 0.093396 0.117780
2 2 0.094528 0.218641 0.529651 0.080741 0.076440
2 2 0.076799 0.212566 0.509045 0.091349 0.110241
2 2 0.168683 0.248170 0.413760 0.087843 0.081543
2 2 0.245075 0.233215 0.420040 0.039120 0.062551
2 2 0.193461 0.236260 0.435991 0.050661 0.083628
2 2 0.167955 0.219897 0.456373 0.036333 0.119443
0 2 0.327294 0.222437 0.325181 0.025823 0.099264
2 2 0.207221 0.219911 0.448895 0.029343 0.094630
2 2 0.156820 0.219797 0.469449 0.039070 0.114864
2 2 0.184030 0.220508 0.497894 0.035221 0.062347
2 2 0.167392 0.222385 0.456711 0.039120 0.114393
2 2 0.143428 0.194900 0.588760 0.023963 0.048949
2 2 0.151637 0.219204 0.535098 0.045110 0.048951
2 2 0.176132 0.221185 0.500779 0.037434 0.064471
2 2 0.255256 0.213544 0.454817 0.022292 0.054092
2 2 0.187213 0.223996 0.461581 0.036392 0.090818
2 2 0.159044 0.218283 0.523395 0.039405 0.059873
2 2 0.188201 0.233642 0.392313 0.049989 0.135854
2 2 0.106018 0.220046 0.430171 0.072948 0.170817
2 2 0.112741 0.238531 0.416187 0.121017 0.111524
2 2 0.105500 0.224834 0.399432 0.090855 0.179378
2 2 0.104050 0.222228 0.420131 0.081868 0.171722
2 2 0.126608 0.213577 0.483302 0.072041 0.104473
4 2 0.240638 0.194453 0.257210 0.022270 0.285429
2 2 0.158800 0.212814 0.491015 0.031377 0.105994
2 2 0.212465 0.218870 0.424212 0.028086 0.116366
2 2 0.265644 0.218143 0.391070 0.023567 0.101576
2 2 0.236986 0.221251 0.396269 0.027874 0.117620
2 2 0.178593 0.233710 0.478248 0.054903 0.054546
2 2 0.136450 0.217913 0.542807 0.048622 0.054208
2 2 0.213784 0.219759 0.323031 0.036444 0.206981
2 2 0.168691 0.215223 0.425273 0.033099 0.157714
2 2 0.155305 0.211575 0.501933 0.031120 0.100068
2 2 0.315075 0.211153 0.326541 0.019302 0.127930
2 2 0.301979 0.223768 0.349485 0.026746 0.098023
2 2 0.230777 0.235256 0.416911 0.042413 0.074643
2 2 0.267892 0.211779 0.317614 0.023299 0.179416
2 2 0.297116 0.220916 0.389936 0.024695 0.067336
2 2 0.194179 0.227674 0.473765 0.040671 0.063711
2 2 0.177957 0.223303 0.479062 0.037953 0.081725
2 2 0.201748 0.241408 0.440690 0.060206 0.055947
2 2 0.204374 0.227933 0.437082 0.037431 0.093180
2 0 0.196275 0.224671 0.451488 0.035385 0.092181
2 1 0.220140 0.237695 0.429365 0.048229 0.064569
2 1 0.206151 0.228215 0.471499 0.040257 0.053877
2 1 0.242525 0.214601 0.483824 0.027339 0.031711
2 1 0.214846 0.221739 0.493892 0.036885 0.032638
2 1 0.200974 0.228422 0.484151 0.044158 0.042295
2 1 0.170878 0.207450 0.496514 0.024810 0.100348
4 1 0.043850 0.101429 0.186206 0.019636 0.648879
4 1 0.053625 0.116328 0.196817 0.025369 0.607861
4 4 0.039131 0.093753 0.179991 0.017003 0.670122
4 4 0.032870 0.082999 0.170355 0.013655 0.700122
4 4 0.037011 0.090189 0.176921 0.015851 0.680027
4 4 0.052469 0.114630 0.195701 0.024672 0.612527
4 4 0.049786 0.110626 0.192976 0.023074 0.623539
4 4 0.075909 0.146228 0.212710 0.039754 0.525399
4 4 0.031371 0.080315 0.167771 0.012879 0.707664
4 4 0.044904 0.103098 0.187488 0.020237 0.644273
4 4 0.056427 0.120378 0.199385 0.027079 0.596730
4 4 0.036045 0.088540 0.175460 0.015332 0.684623
4 4 0.082674 0.129051 0.210453 0.019155 0.558667
4 4 0.114460 0.149836 0.221399 0.022242 0.492063
4 4 0.035139 0.086977 0.174051 0.014849 0.688984
4 4 0.043151 0.100313 0.185335 0.019240 0.651960
4 4 0.047399 0.106985 0.190382 0.021675 0.633560
4 4 0.063049 0.129598 0.204741 0.031235 0.571377
4 4 0.035836 0.088181 0.175138 0.015220 0.685625
4 4 0.059151 0.118637 0.199910 0.023317 0.598985
4 4 0.049331 0.109937 0.192494 0.022805 0.625432
4 4 0.054337 0.117366 0.197488 0.025801 0.605009
4 4 0.045742 0.104413 0.188482 0.020717 0.640647
4 4 0.052202 0.114236 0.195439 0.024512 0.613610
4 4 0.047907 0.107767 0.190948 0.021971 0.631407
4 4 0.054572 0.117707 0.197706 0.025943 0.604072
4 4 0.058897 0.123873 0.201495 0.028610 0.587125
4 4 0.035353 0.087348 0.174388 0.014962 0.687949
4 4 0.048632 0.108875 0.191743 0.022395 0.628355
4 4 0.044484 0.102435 0.186982 0.019997 0.646102
4 4 0.052117 0.114111 0.195355 0.024461 0.613955
4 4 0.054756 0.117975 0.197877 0.026056 0.603335
4 4 0.050955 0.112381 0.194187 0.023767 0.618710
4 4 0.054530 0.119627 0.211168 0.030662 0.584014
4 4 0.068968 0.134327 0.208085 0.031497 0.557123
4 4 0.055359 0.118846 0.198429 0.026424 0.600942
4 4 0.058137 0.122805 0.200860 0.028137 0.590061
4 4 0.055768 0.119434 0.198798 0.026674 0.599326
4 4 0.084357 0.156332 0.216481 0.045666 0.497164
4 4 0.067213 0.130879 0.206612 0.029203 0.566092
2 0 0.170006 0.189221 0.311713 0.023676 0.305384
2 0 0.148983 0.212777 0.422264 0.036797 0.179180
4 1 0.094240 0.144270 0.221688 0.024823 0.514979
4 1 0.127714 0.169239 0.309524 0.020623 0.372901
2 1 0.111040 0.204899 0.404012 0.047950 0.232098
2 1 0.112737 0.220692 0.401855 0.072106 0.192611
4 1 0.071669 0.131333 0.214702 0.025232 0.557064
4 1 0.084723 0.158719 0.243859 0.040380 0.472318
2 1 0.117109 0.213243 0.352465 0.065383 0.251799
4 1 0.047726 0.107489 0.190747 0.021865 0.632172
4 1 0.044829 0.102979 0.187398 0.020193 0.644601
4 1 0.091130 0.136117 0.214381 0.020744 0.537628
4 1 0.139448 0.162479 0.225811 0.023870 0.448392
4 1 0.098238 0.152943 0.219485 0.031558 0.497776
2 1 0.184196 0.218526 0.303491 0.046785 0.247002
2 0 0.251401 0.212786 0.290004 0.031040 0.214769
2 1 0.249026 0.235230 0.417111 0.041705 0.056929
2 1 0.176807 0.232078 0.469016 0.050139 0.071959
2 1 0.225518 0.240603 0.417426 0.051523 0.064930
2 1 0.162974 0.218106 0.458485 0.035775 0.124660
2 2 0.152263 0.227677 0.432382 0.052349 0.135330
2 2 0.156724 0.218539 0.418225 0.040331 0.166181
2 2 0.167515 0.229030 0.442247 0.047615 0.113592
2 2 0.117685 0.202584 0.388411 0.043257 0.248063
2 2 0.127417 0.213507 0.430172 0.046032 0.182873
2 2 0.132023 0.214357 0.419430 0.045799 0.188391
2 2 0.149405 0.214773 0.392671 0.041500 0.201651
2 2 0.132995 0.199915 0.397705 0.032710 0.236676
2 2 0.144812 0.202165 0.320551 0.040433 0.292039
2 2 0.114164 0.211949 0.382031 0.059290 0.232566
2 2 0.113461 0.210207 0.434275 0.049571 0.192486
2 2 0.109020 0.207277 0.384492 0.055784 0.243427
2 2 0.119210 0.222948 0.431149 0.065659 0.161034
2 2 0.099177 0.209586 0.426354 0.061120 0.203763
2 2 0.118937 0.214866 0.367996 0.062978 0.235223
2 2 0.093936 0.208194 0.447060 0.061107 0.189703
2 2 0.104251 0.208481 0.371744 0.064494 0.251031
4 2 0.105637 0.171646 0.224614 0.048429 0.449674
4 2 0.053255 0.115786 0.196464 0.025145 0.609350
4 2 0.068838 0.137281 0.208693 0.034997 0.550192
4 2 0.092109 0.161921 0.268994 0.033567 0.443410
4 2 0.088186 0.154410 0.232208 0.035747 0.489450
2 2 0.082301 0.189984 0.372247 0.056427 0.299040
2 2 0.112032 0.202127 0.364197 0.049971 0.271674
4 2 0.058146 0.122818 0.200868 0.028143 0.590026
4 2 0.073197 0.142852 0.211268 0.037909 0.534774
4 2 0.086604 0.158918 0.217314 0.047280 0.489884
4 2 0.088517 0.161087 0.217969 0.048669 0.483758
4 2 0.078923 0.147952 0.213926 0.039266 0.519932
4 2 0.090778 0.183947 0.267750 0.066357 0.391167
4 2 0.083538 0.155379 0.216161 0.045082 0.499841
4 2 0.082133 0.153731 0.215589 0.044085 0.504461
4 3 0.082064 0.153651 0.215561 0.044037 0.504688
4 3 0.084682 0.153682 0.216349 0.041708 0.503579
4 3 0.084096 0.149284 0.215635 0.036682 0.514303
4 3 0.089259 0.171256 0.262951 0.048478 0.428056
4 3 0.079323 0.150385 0.214361 0.042113 0.513819
4 3 0.111982 0.200341 0.293361 0.064867 0.329450
4 3 0.138838 0.211300 0.270573 0.069965 0.309323
4 3 0.092806 0.189112 0.274787 0.071149 0.372146
2 3 0.072699 0.190827 0.409171 0.097463 0.229839
2 3 0.070314 0.185902 0.355039 0.084506 0.304239
2 3 0.085319 0.216967 0.442727 0.093683 0.161303
2 3 0.109645 0.230964 0.410382 0.099297 0.149712
4 3 0.099055 0.186519 0.252515 0.068147 0.393764
4 3 0.108122 0.199788 0.269212 0.077161 0.345717
4 3 0.083061 0.154821 0.215970 0.044742 0.501406
4 3 0.092818 0.164946 0.228457 0.047161 0.466618
4 3 0.100533 0.202276 0.292619 0.081512 0.323059
2 3 0.110381 0.216912 0.352726 0.079082 0.240899
4 3 0.127429 0.214649 0.282931 0.081515 0.293476
4 3 0.078002 0.170035 0.271352 0.055073 0.425538
2 3 0.089300 0.204257 0.345147 0.081700 0.279595
2 3 0.091347 0.207398 0.336022 0.089188 0.276045
2 3 0.091306 0.192064 0.342541 0.056922 0.317166
4 3 0.091542 0.197417 0.315473 0.074109 0.321459
2 3 0.105769 0.224202 0.384120 0.092910 0.192999
2 3 0.078422 0.215172 0.424501 0.107480 0.174425
4 3 0.106820 0.206753 0.279154 0.089709 0.317564
2 3 0.102036 0.222601 0.373958 0.097539 0.203866
2 3 0.084582 0.209395 0.386763 0.088448 0.230812
2 3 0.102217 0.217756 0.335492 0.098470 0.246066
4 3 0.089477 0.181345 0.264922 0.064098 0.400158
2 3 0.087495 0.206572 0.377995 0.100088 0.227851
4 3 0.083774 0.165754 0.247683 0.049899 0.452890
2 3 0.123744 0.215086 0.304584 0.077296 0.279290
2 3 0.095778 0.209235 0.348575 0.082311 0.264101
4 3 0.112842 0.208864 0.295448 0.079560 0.303287
2 3 0.101772 0.206384 0.334338 0.073228 0.284278
4 3 0.128240 0.185637 0.235450 0.049629 0.401045
2 3 0.136920 0.214576 0.306904 0.072986 0.268613
4 3 0.110776 0.178407 0.223137 0.055357 0.432322
4 3 0.090157 0.193677 0.294714 0.075951 0.345500
4 3 0.083852 0.155745 0.216285 0.045305 0.498813
2 3 0.097067 0.199072 0.322386 0.068331 0.313145
2 3 0.112154 0.221161 0.332546 0.093703 0.240436
2 3 0.128939 0.216784 0.293445 0.080024 0.280808
4 3 0.086000 0.158227 0.217097 0.046845 0.491832
4 3 0.099680 0.172650 0.220919 0.056136 0.450614
4 3 0.117541 0.199310 0.247303 0.076313 0.359534
2 3 0.160781 0.236857 0.295456 0.096182 0.210724
4 3 0.087975 0.160476 0.217788 0.048274 0.485486
4 3 0.159363 0.222564 0.264866 0.078013 0.275193
4 3 0.093018 0.187479 0.270237 0.069511 0.379754
4 3 0.138170 0.209163 0.259297 0.071247 0.322124
2 3 0.169870 0.230524 0.297288 0.073043 0.229274
4 3 0.081395 0.151315 0.215116 0.041461 0.510713
4 3 0.096607 0.164331 0.220244 0.046120 0.472698
4 3 0.134087 0.206668 0.258256 0.070388 0.330601
4 3 0.101286 0.185034 0.254764 0.062196 0.396720
4 3 0.097586 0.180159 0.241366 0.062612 0.418276
4 3 0.116324 0.208620 0.275996 0.083615 0.315445
4 3 0.097419 0.182027 0.246076 0.064211 0.410267
4 3 0.108510 0.205749 0.280908 0.084281 0.320552
4 3 0.105195 0.161140 0.221836 0.036187 0.475642
4 3 0.128720 0.176799 0.226047 0.041052 0.427382
4 3 0.199549 0.201647 0.226355 0.041987 0.330463
4 3 0.132535 0.172418 0.226314 0.034535 0.434197
2 3 0.250704 0.203212 0.267060 0.025182 0.253843
0 3 0.485057 0.180980 0.297324 0.014865 0.021775
0 3 0.534266 0.181935 0.211815 0.013871 0.058113
0 3 0.361626 0.218022 0.320453 0.022682 0.077216
0 2 0.409964 0.202143 0.336337 0.016199 0.035357
2 2 0.282093 0.216851 0.439061 0.025282 0.036713
2 2 0.153259 0.204493 0.556296 0.027967 0.057985
2 2 0.175337 0.211759 0.515408 0.028428 0.069068
2 2 0.160923 0.218073 0.485549 0.036038 0.099417
2 2 0.181342 0.216484 0.485384 0.030446 0.086344
2 2 0.161610 0.210168 0.538043 0.030700 0.059479
2 2 0.087851 0.197660 0.502593 0.045657 0.166240
2 2 0.094719 0.193690 0.483053 0.037371 0.191168
2 2 0.098048 0.211211 0.531906 0.057610 0.101225
4 2 0.087973 0.160474 0.217788 0.048273 0.485492
4 2 0.069081 0.137597 0.208845 0.035158 0.549318
4 2 0.039867 0.099966 0.220637 0.028265 0.611266
4 2 0.051889 0.119571 0.238279 0.040932 0.549327
4 2 0.042109 0.104517 0.230697 0.032773 0.589903
4 2 0.044078 0.105826 0.216916 0.028727 0.604453
2 1 0.060664 0.159372 0.489396 0.037264 0.253304
4 1 0.045168 0.103970 0.191001 0.021238 0.638623
4 1 0.053667 0.122686 0.243781 0.044676 0.535189
4 4 0.045257 0.105753 0.203061 0.024713 0.621215
4 4 0.054674 0.117856 0.197801 0.026006 0.603663
4 4 0.057321 0.124958 0.222956 0.036596 0.558169
4 4 0.079813 0.150974 0.214583 0.042455 0.512175
4 4 0.070356 0.139241 0.209627 0.036003 0.544774
4 4 0.042023 0.098498 0.183895 0.018606 0.656978
2 4 0.227488 0.208263 0.349115 0.023045 0.192089
4 4 0.061226 0.127107 0.203361 0.030075 0.578231
4 4 0.057265 0.121572 0.200117 0.027596 0.593450
4 4 0.052794 0.115110 0.196019 0.024868 0.611210
4 4 0.062625 0.129021 0.204426 0.030964 0.572963
2 4 0.086783 0.198770 0.562143 0.046945 0.105358
4 4 0.095859 0.167020 0.251089 0.041068 0.444965
2 4 0.150066 0.238049 0.371526 0.080753 0.159606
4 4 0.176187 0.206851 0.241805 0.051856 0.323301
4 4 0.149329 0.194459 0.226730 0.053120 0.376362
2 4 0.114867 0.203832 0.533751 0.036312 0.111239
2 4 0.177932 0.213060 0.464263 0.027969 0.116776
2 4 0.102864 0.192803 0.634709 0.042673 0.026951
2 4 0.089277 0.200931 0.609463 0.059021 0.041308
2 4 0.145489 0.221013 0.496031 0.044555 0.092912
2 4 0.123370 0.224024 0.533139 0.068904 0.050563
2 4 0.110001 0.227855 0.506692 0.086956 0.068496
2 4 0.120122 0.222284 0.497176 0.059932 0.100486
2 0 0.080961 0.200630 0.569163 0.056258 0.092988
2 1 0.091854 0.215068 0.532925 0.073755 0.086397
2 4 0.088208 0.204151 0.552258 0.054411 0.100971
2 4 0.128001 0.220026 0.494802 0.050962 0.106209
2 4 0.186483 0.212960 0.377819 0.030570 0.192168
2 4 0.164301 0.231228 0.398957 0.055117 0.150397
2 4 0.165318 0.223242 0.391035 0.045120 0.175285
2 0 0.150243 0.211850 0.506426 0.032650 0.098831
2 1 0.155233 0.223065 0.386797 0.049535 0.185370
2 1 0.177998 0.232656 0.447819 0.049435 0.092093
2 1 0.181030 0.244977 0.433021 0.073426 0.067545
2 1 0.195457 0.215163 0.414868 0.029921 0.144591
2 1 0.227024 0.208627 0.495061 0.021830 0.047458
2 4 0.158957 0.215217 0.546303 0.040391 0.039132
2 4 0.170691 0.214689 0.533927 0.034921 0.045772
2 4 0.177254 0.224037 0.503628 0.042055 0.053027
2 4 0.185512 0.223841 0.506893 0.042456 0.041298
2 4 0.199516 0.224199 0.492829 0.038848 0.044608
2 4 0.200710 0.205002 0.532248 0.023305 0.038736
2 4 0.272683 0.221333 0.436286 0.028376 0.041321
2 4 0.261556 0.225429 0.439278 0.032773 0.040965
2 4 0.265084 0.219596 0.441691 0.026621 0.047008
2 4 0.250035 0.228629 0.448447 0.039115 0.033774
2 4 0.268735 0.222678 0.416296 0.027177 0.065113
2 4 0.231479 0.217123 0.465170 0.025957 0.060271
2 4 0.286612 0.225284 0.411765 0.030206 0.046133
2 4 0.261320 0.226341 0.431477 0.032306 0.048557
2 4 0.260908 0.220958 0.435749 0.027004 0.055381
2 4 0.256405 0.213742 0.464658 0.023750 0.041445
0 4 0.409889 0.217416 0.248975 0.026000 0.097719
2 4 0.305367 0.223488 0.384299 0.026776 0.060069
2 4 0.241520 0.219051 0.455779 0.026821 0.056828
2 4 0.265002 0.229730 0.419269 0.034941 0.051058
2 4 0.244432 0.215924 0.472501 0.026240 0.040903
2 4 0.232536 0.227256 0.417592 0.033071 0.089544
2 4 0.240067 0.226815 0.439695 0.033225 0.060198
2 4 0.240433 0.237020 0.419128 0.044805 0.058615
2 4 0.270517 0.223875 0.414545 0.028160 0.062903
2 4 0.225586 0.220651 0.445545 0.028171 0.080046
2 4 0.269876 0.219279 0.430384 0.025260 0.055202
2 4 0.306959 0.216885 0.397358 0.022268 0.056529
0 4 0.342129 0.231800 0.334679 0.034525 0.056866
2 4 0.323549 0.211998 0.324110 0.019536 0.120807
2 4 0.321786 0.219290 0.382256 0.023921 0.052747
2 4 0.217578 0.235777 0.441111 0.046814 0.058720
2 4 0.246561 0.232114 0.357205 0.038308 0.125813
2 4 0.173534 0.213940 0.509531 0.030339 0.072656
2 4 0.234201 0.234789 0.377431 0.041720 0.111859
2 1 0.192383 0.213852 0.457788 0.026417 0.109558
2 1 0.146903 0.199153 0.417974 0.026376 0.209594
2 1 0.135683 0.222596 0.494360 0.051062 0.096299
2 1 0.099215 0.219482 0.531045 0.077097 0.073161
2 2 0.132424 0.222607 0.498546 0.052907 0.093517
2 2 0.111519 0.231181 0.480429 0.091955 0.084916
2 2 0.063281 0.193350 0.579714 0.095034 0.068621
2 2 0.078700 0.210611 0.565931 0.096095 0.048663
2 2 0.096948 0.218621 0.549140 0.087075 0.048216
2 2 0.074328 0.218278 0.505750 0.131293 0.070351
2 2 0.068971 0.185223 0.623962 0.067863 0.053982
2 2 0.266771 0.246986 0.353850 0.055887 0.076506
2 2 0.255931 0.251842 0.367159 0.069435 0.055632
0 2 0.407260 0.194401 0.256961 0.018256 0.123122
0 0 0.507555 0.169829 0.272326 0.031189 0.019100
0 1 0.374304 0.211731 0.343996 0.019501 0.050469
2 2 0.290472 0.234349 0.389548 0.039106 0.046526
2 2 0.331280 0.221306 0.383617 0.027368 0.036430
2 0 0.345681 0.221191 0.361543 0.025918 0.045668
0 0 0.565898 0.161766 0.180227 0.043453 0.048656
2 0 0.345820 0.226410 0.350838 0.030196 0.046736
2 1 0.202658 0.226822 0.455058 0.036929 0.078533
2 1 0.235117 0.236349 0.441387 0.049937 0.037209
2 1 0.249872 0.237981 0.415723 0.046315 0.050109
0 1 0.378498 0.195806 0.284290 0.027717 0.113689
2 1 0.277619 0.234025 0.333879 0.038272 0.116206
2 1 0.165307 0.227447 0.451763 0.046004 0.109479
2 1 0.256788 0.225996 0.345509 0.032240 0.139468
2 1 0.189579 0.209087 0.484909 0.023439 0.092987
2 1 0.143006 0.211673 0.483489 0.034562 0.127270
2 1 0.176715 0.215603 0.514090 0.032123 0.061469
2 1 0.142866 0.210814 0.559750 0.038356 0.048213
2 1 0.218289 0.233075 0.441551 0.042409 0.064676
2 1 0.144037 0.223254 0.534697 0.057505 0.040508
2 1 0.222905 0.242846 0.385591 0.054498 0.094159
2 1 0.209250 0.235250 0.446773 0.047386 0.061340
2 1 0.150051 0.219017 0.521618 0.042269 0.067045
2 1 0.106141 0.206431 0.591610 0.052841 0.042976
2 1 0.135109 0.227318 0.525719 0.071441 0.040414
2 1 0.135033 0.224029 0.534834 0.063427 0.042678
2 1 0.150369 0.226337 0.525061 0.061321 0.036912
2 2 0.095868 0.206113 0.591874 0.059846 0.046299
2 2 0.126101 0.219977 0.553300 0.067346 0.033277
2 2 0.135311 0.226022 0.531504 0.071292 0.035870
2 2 0.104346 0.208547 0.585304 0.057216 0.044587
2 2 0.113273 0.203630 0.602189 0.048143 0.032765
2 2 0.256022 0.222160 0.433676 0.027850 0.060291
2 2 0.285867 0.239145 0.386165 0.046477 0.042345
2 2 0.198101 0.227546 0.465308 0.039107 0.069938
2 2 0.251499 0.227498 0.399725 0.031666 0.089612
2 2 0.179770 0.228072 0.469023 0.043179 0.079956
2 2 0.199203 0.228062 0.481587 0.042485 0.048663
2 2 0.232071 0.234971 0.450130 0.050801 0.032027
2 2 0.264801 0.217890 0.418911 0.023524 0.074874
2 2 0.251702 0.213176 0.430801 0.021012 0.083309
2 2 0.227798 0.216675 0.473692 0.026388 0.055448
0 2 0.374959 0.221266 0.300244 0.025635 0.077897
2 2 0.279879 0.229701 0.419248 0.037760 0.033412
2 2 0.263508 0.235387 0.422542 0.047058 0.031505
0 2 0.378897 0.213882 0.333241 0.033797 0.040183
2 2 0.325321 0.218784 0.364049 0.022806 0.069039
0 2 0.393187 0.208785 0.337060 0.018749 0.042219
2 2 0.264289 0.212547 0.466732 0.024087 0.032346
2 2 0.317110 0.212069 0.409625 0.020496 0.040700
2 2 0.244487 0.216751 0.472722 0.027239 0.038802
2 2 0.244321 0.222231 0.466536 0.033121 0.033791
0 2 0.508228 0.198701 0.198797 0.027564 0.066709
2 2 0.314911 0.221358 0.387786 0.025721 0.050223
0 2 0.426740 0.209654 0.303627 0.020720 0.039259
2 2 0.315566 0.223251 0.394994 0.029063 0.037126
2 2 0.282975 0.227467 0.420333 0.034914 0.034312
2 2 0.254399 0.233865 0.419132 0.042789 0.049814
2 2 0.225055 0.228389 0.469473 0.041705 0.035378
2 2 0.220067 0.227626 0.475208 0.041585 0.035514
2 2 0.193438 0.231175 0.490148 0.056336 0.028903
2 2 0.256723 0.231478 0.435803 0.041422 0.034574
2 2 0.235773 0.227989 0.418701 0.033516 0.084021
2 2 0.202116 0.233865 0.470821 0.051747 0.041451
2 2 0.186553 0.235203 0.477615 0.058509 0.042120
2 2 0.333050 0.212276 0.401842 0.021918 0.030914
2 2 0.197541 0.216608 0.475087 0.028147 0.082616
2 2 0.291583 0.231759 0.361544 0.033819 0.081295
2 2 0.310327 0.205695 0.419917 0.016566 0.047495
2 2 0.269885 0.207225 0.456662 0.018454 0.047773
2 2 0.243286 0.223822 0.448018 0.030840 0.054034
2 2 0.231945 0.218736 0.404181 0.026295 0.118843
2 2 0.173607 0.216007 0.511028 0.032623 0.066735
2 2 0.114560 0.191225 0.614352 0.028514 0.051349
2 2 0.110693 0.213670 0.541760 0.053056 0.080822
2 2 0.135853 0.236110 0.441089 0.078339 0.108610
2 2 0.125760 0.232281 0.474281 0.077720 0.089958
2 2 0.140961 0.242599 0.459978 0.102177 0.054285
2 2 0.075459 0.206396 0.549788 0.099399 0.068958
2 2 0.080414 0.209840 0.539258 0.128708 0.041779
2 2 0.106995 0.235569 0.470909 0.131609 0.054918
2 2 0.094991 0.214940 0.521042 0.129766 0.039262
2 2 0.050743 0.159101 0.622490 0.128728 0.038939
2 2 0.059131 0.183147 0.552985 0.156264 0.048472
2 2 0.094420 0.212334 0.519384 0.133114 0.040748
2 2 0.058968 0.183831 0.522323 0.186911 0.047967
2 2 0.039109 0.159089 0.578886 0.178184 0.044733
2 2 0.099922 0.223616 0.510023 0.086151 0.080289
2 2 0.153481 0.244712 0.443348 0.091302 0.067157
2 2 0.103395 0.222538 0.516142 0.078427 0.079498
2 2 0.115120 0.226838 0.520015 0.081670 0.056357
2 2 0.119784 0.224056 0.513699 0.065470 0.076991
0 2 0.365271 0.223400 0.329850 0.027334 0.054145
0 2 0.376663 0.230878 0.305952 0.035474 0.051033
0 0 0.533472 0.181003 0.228593 0.023785 0.033147
0 0 0.433913 0.210292 0.277150 0.020620 0.058025
2 1 0.372209 0.202427 0.383092 0.017356 0.024916
2 1 0.302732 0.230541 0.390702 0.035628 0.040397
2 1 0.254446 0.225289 0.434384 0.031092 0.054790
2 1 0.287592 0.213370 0.447647 0.024951 0.026440
2 1 0.214785 0.219846 0.482032 0.030710 0.052627
2 1 0.230101 0.229252 0.336458 0.040387 0.163803
4 1 0.037615 0.091213 0.177815 0.016177 0.677180
4 1 0.046031 0.104864 0.188819 0.020883 0.639402
4 4 0.039451 0.094284 0.180437 0.017179 0.668649
4 4 0.055903 0.119628 0.198919 0.026757 0.598792
4 4 0.049904 0.110804 0.193100 0.023143 0.623049
4 4 0.080942 0.121385 0.207371 0.015053 0.575250
4 4 0.059144 0.115576 0.198802 0.020727 0.605751
4 4 0.051770 0.113596 0.195010 0.024253 0.615370
4 4 0.052397 0.114523 0.195630 0.024628 0.612821
4 4 0.169691 0.172169 0.227705 0.023517 0.406919
2 4 0.078344 0.168574 0.379834 0.031831 0.341417
4 4 0.046028 0.104860 0.188816 0.020881 0.639415
4 4 0.045196 0.103557 0.187837 0.020403 0.643007
4 4 0.037675 0.091313 0.177902 0.016209 0.676902
4 4 0.049031 0.109483 0.192173 0.022629 0.626684
4 4 0.038586 0.092844 0.179219 0.016705 0.672645
4 4 0.037412 0.090869 0.177516 0.016067 0.678135
4 4 0.036586 0.089465 0.176283 0.015622 0.682044
4 4 0.043423 0.100748 0.185676 0.019394 0.650759
4 4 0.055004 0.115880 0.197259 0.023832 0.608024
4 4 0.043554 0.100956 0.185839 0.019468 0.650183
4 4 0.036946 0.090079 0.176824 0.015816 0.680334
4 4 0.062730 0.129165 0.204505 0.031031 0.572569
4 4 0.081153 0.152572 0.215174 0.043394 0.507708
4 4 0.039659 0.094629 0.180727 0.017293 0.667692
4 4 0.035918 0.088322 0.175265 0.015264 0.685232
