0 0 0.802839 0.093513 0.066265 0.017392 0.019991
0 1 0.317459 0.204623 0.274565 0.114508 0.088845
2 1 0.275196 0.197660 0.292034 0.148374 0.086736
0 4 0.307611 0.225302 0.265712 0.088015 0.113360
0 4 0.505051 0.204737 0.156855 0.028744 0.104613
2 4 0.006156 0.044545 0.431153 0.167357 0.350788
2 4 0.006061 0.044182 0.431934 0.167791 0.350031
2 4 0.005597 0.042478 0.436434 0.174219 0.341272
2 4 0.005285 0.041290 0.439557 0.179293 0.334575
2 4 0.005308 0.041196 0.438452 0.171286 0.343757
2 4 0.004068 0.035929 0.451609 0.186705 0.321690
2 4 0.003781 0.034380 0.454188 0.178861 0.328790
2 4 0.003648 0.033800 0.456095 0.183750 0.322707
2 4 0.003561 0.033235 0.456581 0.177012 0.329611
2 4 0.003703 0.034010 0.455190 0.180058 0.327040
2 4 0.003057 0.030982 0.463769 0.205791 0.296401
2 4 0.003111 0.031347 0.462793 0.211367 0.291382
2 4 0.003481 0.033016 0.458329 0.188274 0.316900
2 4 0.004019 0.035753 0.452272 0.189975 0.317981
2 4 0.003824 0.034750 0.454303 0.187586 0.319536
2 4 0.004191 0.036398 0.449861 0.180171 0.329379
2 4 0.004256 0.036933 0.449886 0.192383 0.316542
2 4 0.004766 0.039106 0.444470 0.183077 0.328581
2 4 0.004771 0.039010 0.443952 0.177616 0.334650
2 4 0.003812 0.035515 0.447752 0.261031 0.251889
2 1 0.005070 0.040246 0.440852 0.174037 0.339795
2 1 0.005447 0.041993 0.438293 0.180215 0.334052
2 1 0.004754 0.039139 0.444851 0.187335 0.323922
2 1 0.004614 0.038670 0.446473 0.196512 0.313732
2 1 0.005209 0.040915 0.439995 0.177142 0.336739
2 1 0.005662 0.042318 0.433401 0.158671 0.359948
2 1 0.005417 0.041547 0.436932 0.167134 0.348969
2 4 0.005422 0.041568 0.436883 0.167092 0.349035
2 4 0.005775 0.043314 0.435500 0.178618 0.336793
2 4 0.005638 0.042653 0.436135 0.174478 0.341096
2 4 0.007977 0.050164 0.412098 0.138704 0.391057
2 4 0.007761 0.049627 0.414921 0.143462 0.384229
2 1 0.007915 0.049735 0.410802 0.133980 0.397569
2 1 0.008197 0.050936 0.411035 0.139386 0.390446
2 1 0.008492 0.051607 0.407024 0.132832 0.400044
2 1 0.007935 0.050892 0.418110 0.160649 0.362415
2 1 0.007345 0.048676 0.420969 0.156791 0.366219
2 1 0.007539 0.049793 0.422057 0.169583 0.351028
2 2 0.007676 0.050449 0.421932 0.175089 0.344854
2 2 0.008168 0.051898 0.417765 0.166462 0.355706
4 0 0.024391 0.099026 0.322950 0.066561 0.487073
4 0 0.026285 0.101787 0.292949 0.045054 0.533924
4 1 0.020960 0.078718 0.334077 0.084394 0.481851
4 1 0.020069 0.079727 0.334174 0.077707 0.488322
4 2 0.019966 0.077590 0.338470 0.085901 0.478073
4 2 0.016287 0.070518 0.359229 0.101672 0.452294
4 2 0.018200 0.084138 0.349232 0.079982 0.468448
4 2 0.015513 0.068398 0.359625 0.098540 0.457925
4 2 0.018923 0.078348 0.342743 0.083750 0.476237
4 2 0.015955 0.069671 0.359771 0.100893 0.453709
4 2 0.018147 0.075416 0.350083 0.093733 0.462621
4 2 0.017273 0.072778 0.353343 0.096307 0.460299
4 2 0.017400 0.073203 0.356852 0.103267 0.449278
4 2 0.020409 0.083545 0.332604 0.073200 0.490242
4 2 0.020477 0.086259 0.335881 0.074554 0.482828
4 2 0.013695 0.065912 0.378690 0.121266 0.420438
4 2 0.011827 0.060918 0.385909 0.120982 0.420364
4 2 0.011674 0.060585 0.387177 0.122333 0.418231
4 2 0.012174 0.061820 0.384126 0.120246 0.421634
4 2 0.016315 0.071486 0.364669 0.111074 0.436456
4 2 0.014760 0.067369 0.367183 0.106500 0.444188
4 2 0.013797 0.064775 0.369104 0.104107 0.448217
4 2 0.014274 0.066721 0.372430 0.112831 0.433744
4 2 0.018361 0.075616 0.355753 0.106087 0.444182
4 2 0.014342 0.066239 0.367923 0.105327 0.446169
2 2 0.010805 0.059393 0.399311 0.144910 0.385581
2 2 0.010658 0.059176 0.401235 0.149467 0.379464
2 2 0.009510 0.055498 0.405893 0.145961 0.383139
2 2 0.010428 0.058552 0.402689 0.150928 0.377403
2 2 0.010241 0.057746 0.402210 0.145770 0.384033
4 2 0.015277 0.069779 0.372558 0.120086 0.422300
4 2 0.017760 0.077655 0.363650 0.112103 0.428832
4 2 0.022610 0.090931 0.332319 0.076595 0.477545
4 2 0.016590 0.072303 0.364854 0.113051 0.433203
4 2 0.016462 0.073605 0.368313 0.116268 0.425353
4 2 0.015358 0.074265 0.380319 0.130166 0.399893
4 2 0.013281 0.065473 0.384122 0.130507 0.406617
4 2 0.012610 0.063713 0.386926 0.130975 0.405776
4 2 0.012973 0.064447 0.384033 0.127284 0.411263
4 2 0.015737 0.076820 0.374630 0.113043 0.419770
4 2 0.034196 0.108369 0.277339 0.047073 0.533023
4 2 0.039946 0.114187 0.275177 0.053425 0.517265
4 2 0.028244 0.102474 0.281616 0.041384 0.546281
4 2 0.031624 0.101068 0.281240 0.048468 0.537600
4 2 0.024366 0.084691 0.314665 0.069968 0.506309
4 2 0.014903 0.069229 0.375978 0.124936 0.414954
4 2 0.011659 0.060952 0.389971 0.128711 0.408707
4 2 0.012390 0.063155 0.388064 0.131633 0.404758
4 2 0.012227 0.062224 0.385645 0.124060 0.415845
4 2 0.011835 0.061119 0.387077 0.123629 0.416339
4 2 0.012774 0.064221 0.386671 0.132029 0.404305
4 2 0.015062 0.070319 0.376388 0.125419 0.412813
4 2 0.014248 0.068609 0.383912 0.140352 0.392879
4 2 0.012502 0.063416 0.387339 0.130919 0.405824
2 3 0.013146 0.065881 0.388919 0.143188 0.388866
2 3 0.010627 0.059101 0.401484 0.149870 0.378918
2 3 0.010484 0.058449 0.400862 0.145113 0.385092
2 3 0.010308 0.057931 0.401785 0.145405 0.384571
2 3 0.010442 0.058331 0.401108 0.145279 0.384839
2 3 0.010621 0.059010 0.401104 0.148306 0.380959
4 3 0.021520 0.092473 0.349512 0.093493 0.443003
4 3 0.018765 0.075666 0.349910 0.098494 0.457165
4 3 0.019510 0.085358 0.352337 0.092732 0.450063
4 3 0.021476 0.085612 0.340356 0.087509 0.465047
4 3 0.019746 0.084626 0.348297 0.089041 0.458291
4 3 0.018858 0.076316 0.352246 0.102550 0.450030
4 3 0.021574 0.087158 0.343985 0.091878 0.455404
4 2 0.027876 0.099340 0.318652 0.075561 0.478571
4 1 0.032694 0.117246 0.296183 0.055116 0.498762
4 1 0.020848 0.083174 0.343630 0.091843 0.460505
4 1 0.013506 0.066245 0.384301 0.133296 0.402652
4 1 0.014387 0.068071 0.378549 0.126761 0.412232
4 2 0.013679 0.066000 0.379543 0.123037 0.417741
4 2 0.012372 0.062690 0.385517 0.125130 0.414290
4 2 0.013347 0.065529 0.383175 0.128724 0.409225
4 2 0.015893 0.070519 0.366154 0.111327 0.436108
4 2 0.016288 0.071651 0.366098 0.113621 0.432341
4 2 0.015775 0.070169 0.366102 0.110530 0.437423
4 2 0.019119 0.079658 0.353252 0.100501 0.447471
4 2 0.018456 0.076327 0.355896 0.105858 0.443463
4 2 0.017280 0.074170 0.359167 0.104508 0.444875
4 2 0.015650 0.069526 0.364361 0.106740 0.443724
4 2 0.014843 0.067460 0.366185 0.105304 0.446208
4 2 0.018385 0.077202 0.347174 0.088028 0.469211
4 2 0.014874 0.067764 0.367564 0.107811 0.441988
4 2 0.014239 0.066387 0.370955 0.109902 0.438517
4 2 0.019222 0.078322 0.343027 0.086323 0.473106
4 2 0.014560 0.067433 0.371449 0.112872 0.433686
4 2 0.015225 0.068748 0.367246 0.109326 0.439455
4 2 0.014195 0.066095 0.369907 0.107793 0.442010
4 3 0.014036 0.067006 0.378783 0.124304 0.415870
4 3 0.013735 0.065979 0.378307 0.120760 0.421218
4 3 0.016882 0.076209 0.356953 0.092467 0.457489
4 2 0.013232 0.065000 0.382236 0.125366 0.414166
4 2 0.013414 0.064932 0.378106 0.117816 0.425732
4 2 0.014087 0.066335 0.373616 0.113821 0.432140
4 2 0.021948 0.090913 0.341618 0.085691 0.459829
4 2 0.014464 0.067671 0.374740 0.118758 0.424366
4 2 0.014196 0.066772 0.374275 0.115862 0.428894
4 2 0.014719 0.068148 0.372899 0.116794 0.427440
4 2 0.013279 0.064402 0.377432 0.115451 0.429436
4 2 0.013228 0.064270 0.377640 0.115476 0.429387
4 2 0.013237 0.064338 0.377907 0.116067 0.428451
4 2 0.014511 0.067455 0.372522 0.114602 0.430909
4 2 0.013167 0.064154 0.378152 0.116028 0.428500
4 2 0.012813 0.063696 0.382609 0.122506 0.418376
4 2 0.012443 0.062344 0.381677 0.117426 0.426109
4 2 0.012661 0.062998 0.381298 0.118417 0.424626
4 2 0.014204 0.067699 0.376185 0.117951 0.423962
4 3 0.013373 0.065125 0.380168 0.121875 0.419458
4 3 0.022151 0.085277 0.323360 0.069424 0.499789
4 3 0.026862 0.098978 0.309688 0.061955 0.502517
4 3 0.023086 0.087666 0.326103 0.074613 0.488532
4 3 0.022089 0.083970 0.326090 0.073643 0.494208
4 3 0.021698 0.082998 0.329142 0.076484 0.489679
4 3 0.015046 0.068868 0.371270 0.115776 0.429040
4 2 0.014908 0.068625 0.372318 0.116938 0.427212
4 2 0.013318 0.064502 0.377292 0.115460 0.429429
4 2 0.015114 0.069218 0.372150 0.118043 0.425475
4 2 0.012972 0.063729 0.379454 0.117141 0.426703
4 2 0.012543 0.062711 0.381943 0.118785 0.424018
4 2 0.013035 0.064058 0.380287 0.119353 0.423267
4 2 0.014675 0.068451 0.375536 0.122089 0.419249
4 2 0.013414 0.065350 0.380771 0.123569 0.416897
4 2 0.012106 0.062261 0.388512 0.129770 0.407351
4 2 0.031460 0.113132 0.277707 0.040570 0.537130
4 2 0.026152 0.100085 0.298021 0.049200 0.526541
4 2 0.022542 0.083446 0.321189 0.070643 0.502179
4 2 0.032555 0.102595 0.285336 0.052950 0.526564
4 2 0.028355 0.105302 0.283312 0.041500 0.541531
4 2 0.013140 0.064890 0.383398 0.127309 0.411263
4 2 0.014914 0.072295 0.375150 0.113623 0.424018
4 2 0.013149 0.065326 0.385813 0.133693 0.402019
4 2 0.012849 0.064115 0.384514 0.127271 0.411250
4 2 0.013332 0.065354 0.382401 0.126678 0.412235
4 2 0.013258 0.064038 0.375449 0.111550 0.435705
4 2 0.013360 0.064868 0.378803 0.118836 0.424133
4 2 0.013127 0.063921 0.377437 0.114342 0.431173
4 2 0.012607 0.062849 0.381468 0.118332 0.424743
4 2 0.012000 0.060945 0.382047 0.114630 0.430378
4 2 0.011286 0.059242 0.387027 0.118491 0.423954
4 2 0.011638 0.060278 0.385890 0.119263 0.422931
4 2 0.011580 0.060233 0.386949 0.120973 0.420265
4 2 0.012174 0.061496 0.381907 0.115730 0.428693
4 2 0.011425 0.060161 0.390094 0.126566 0.411753
4 2 0.011585 0.059820 0.383904 0.114858 0.429833
4 2 0.012660 0.062728 0.379478 0.114790 0.430344
4 2 0.012166 0.061597 0.382789 0.117413 0.426036
4 2 0.014620 0.071773 0.373436 0.106800 0.433370
4 2 0.012352 0.062172 0.382533 0.118424 0.424520
4 2 0.012356 0.062267 0.383076 0.119588 0.422713
4 2 0.011824 0.061836 0.391908 0.135758 0.398673
4 2 0.017786 0.085114 0.353545 0.081672 0.461884
4 2 0.013690 0.065804 0.378117 0.119987 0.422402
4 2 0.013149 0.064828 0.382829 0.126021 0.413174
4 2 0.012954 0.064064 0.382020 0.122420 0.418542
4 2 0.013349 0.065793 0.384678 0.132687 0.403493
4 2 0.014126 0.069919 0.379513 0.118426 0.418016
4 2 0.013135 0.065261 0.385696 0.133224 0.402683
4 2 0.014444 0.068248 0.378536 0.127229 0.411542
4 2 0.013113 0.065509 0.387514 0.138247 0.395618
4 2 0.013163 0.065780 0.388077 0.140620 0.392361
4 2 0.012690 0.064044 0.387293 0.132810 0.403162
4 2 0.011950 0.061704 0.388364 0.127777 0.410206
4 2 0.012162 0.062856 0.390960 0.137122 0.396901
4 2 0.011165 0.059915 0.394480 0.134929 0.399511
4 2 0.011645 0.060565 0.387707 0.123239 0.416843
4 4 0.012504 0.063455 0.387545 0.131477 0.405019
4 4 0.012057 0.062196 0.389161 0.130918 0.405668
4 4 0.011372 0.060303 0.392259 0.131384 0.404682
4 2 0.013957 0.066457 0.376950 0.119588 0.423048
4 2 0.016644 0.073150 0.365531 0.113179 0.431496
4 2 0.015687 0.073796 0.372521 0.114890 0.423106
4 2 0.014675 0.069599 0.378888 0.128102 0.408737
4 2 0.018042 0.083875 0.353812 0.085578 0.458693
4 2 0.014676 0.072329 0.378804 0.118935 0.415257
4 2 0.017391 0.080576 0.358319 0.092059 0.451655
4 2 0.012700 0.063799 0.385607 0.128518 0.409376
4 2 0.013640 0.066318 0.382207 0.129075 0.408761
4 2 0.012724 0.063875 0.385595 0.128722 0.409085
4 2 0.018508 0.077391 0.351243 0.095370 0.457488
4 2 0.016288 0.071569 0.365626 0.112709 0.433809
4 2 0.016909 0.073192 0.364688 0.114643 0.430567
4 2 0.015129 0.068866 0.369737 0.113328 0.432940
4 2 0.018030 0.078059 0.349280 0.087127 0.467503
4 2 0.014433 0.067457 0.374006 0.117013 0.427091
4 2 0.013647 0.066078 0.380637 0.125294 0.414343
4 2 0.018961 0.081588 0.346418 0.084720 0.468313
4 2 0.013937 0.066194 0.375679 0.116810 0.427379
4 2 0.015005 0.069248 0.374273 0.121823 0.419650
4 2 0.012872 0.064746 0.387809 0.136301 0.398271
4 2 0.013002 0.064747 0.385279 0.130713 0.406260
4 2 0.013409 0.065537 0.382006 0.126424 0.412625
4 2 0.012598 0.063809 0.387751 0.133054 0.402787
4 2 0.012797 0.063827 0.383783 0.125037 0.414556
4 2 0.012368 0.062807 0.386363 0.127096 0.411367
4 2 0.012592 0.063498 0.385989 0.128394 0.409526
4 2 0.015169 0.069199 0.371039 0.116149 0.428443
4 2 0.012618 0.063443 0.385102 0.126479 0.412358
4 2 0.012956 0.063908 0.380973 0.120157 0.422006
4 2 0.011771 0.061532 0.391196 0.133131 0.402370
4 2 0.013155 0.065605 0.387258 0.137968 0.396014
4 2 0.013111 0.065725 0.388722 0.142071 0.390370
4 2 0.011995 0.062436 0.391904 0.137869 0.395795
4 2 0.012654 0.064169 0.388735 0.136479 0.397962
4 2 0.011924 0.062150 0.391705 0.136386 0.397835
4 2 0.012532 0.063644 0.388094 0.133268 0.402462
4 2 0.013268 0.065745 0.385930 0.135329 0.399728
4 2 0.012168 0.062754 0.390223 0.135063 0.399792
4 2 0.014339 0.068498 0.381773 0.134846 0.400543
4 2 0.016487 0.071759 0.363377 0.109696 0.438681
4 2 0.016721 0.072535 0.364038 0.112271 0.434435
4 2 0.017336 0.073538 0.359229 0.106695 0.443203
4 2 0.017747 0.075112 0.362300 0.114944 0.429896
4 4 0.017378 0.073540 0.357783 0.104165 0.447134
4 4 0.046543 0.129174 0.250801 0.039104 0.534377
4 4 0.045184 0.132454 0.247999 0.035056 0.539307
4 0 0.046407 0.129107 0.245694 0.035002 0.543790
4 0 0.085062 0.189693 0.222871 0.029201 0.473173
4 0 0.027107 0.104409 0.319992 0.069889 0.478603
4 0 0.044229 0.133028 0.273746 0.049864 0.499133
4 0 0.050329 0.148223 0.215368 0.017826 0.568253
4 0 0.043404 0.117254 0.249659 0.038306 0.551377
4 1 0.041809 0.114631 0.254478 0.040328 0.548754
4 1 0.042323 0.116877 0.255565 0.040940 0.544296
2 4 0.011886 0.062478 0.394349 0.144255 0.387031
2 4 0.012687 0.064871 0.391929 0.147450 0.383063
2 4 0.012916 0.065448 0.390775 0.146565 0.384296
4 4 0.012038 0.062448 0.391088 0.135991 0.398435
4 4 0.012053 0.062730 0.392443 0.140270 0.392505
4 1 0.012435 0.063425 0.388770 0.134045 0.401325
4 1 0.012932 0.064612 0.385854 0.131509 0.405094
4 1 0.012951 0.064719 0.386118 0.132414 0.403798
4 1 0.012876 0.064478 0.386173 0.131772 0.404700
4 1 0.013427 0.066115 0.385042 0.134530 0.400886
4 1 0.014383 0.068350 0.380204 0.130939 0.406124
4 1 0.013791 0.066287 0.379122 0.123021 0.417779
4 1 0.017960 0.083850 0.368436 0.112114 0.417639
4 1 0.014807 0.069873 0.379494 0.131877 0.403949
4 2 0.013779 0.066401 0.380047 0.125055 0.414718
4 2 0.016668 0.078313 0.376531 0.129749 0.398739
4 2 0.015089 0.071007 0.382214 0.144755 0.386935
4 2 0.014891 0.070289 0.381836 0.141080 0.391904
4 2 0.015844 0.074016 0.377828 0.132602 0.399711
4 2 0.016764 0.080346 0.375292 0.121507 0.406093
2 2 0.016461 0.076310 0.380571 0.150188 0.376470
4 2 0.015930 0.076371 0.379183 0.130751 0.397765
4 2 0.015632 0.073768 0.377831 0.129148 0.403622
4 2 0.016822 0.078460 0.374592 0.125783 0.404342
4 2 0.017915 0.081938 0.372428 0.127452 0.400268
4 2 0.016804 0.079859 0.377583 0.130995 0.394759
4 2 0.014445 0.069230 0.383789 0.142297 0.390239
4 2 0.016354 0.074561 0.378103 0.143374 0.387608
2 2 0.013690 0.067510 0.387758 0.146470 0.384572
4 2 0.013812 0.067407 0.385146 0.139158 0.394478
4 2 0.018467 0.082681 0.350095 0.084963 0.463794
4 2 0.016972 0.074280 0.368482 0.122551 0.417714
4 2 0.016123 0.071643 0.368835 0.118079 0.425320
4 2 0.016081 0.071402 0.368144 0.116373 0.427999
4 2 0.021028 0.087460 0.350326 0.098441 0.442745
4 2 0.017923 0.079598 0.367332 0.118830 0.416317
4 2 0.019820 0.082674 0.355940 0.107132 0.434434
4 2 0.025945 0.102124 0.332928 0.083565 0.455438
4 2 0.019929 0.087654 0.358579 0.104549 0.429288
4 2 0.018101 0.077928 0.367416 0.126480 0.410075
4 2 0.016775 0.076270 0.376914 0.141103 0.388938
4 2 0.015359 0.071270 0.379303 0.138152 0.395916
4 2 0.016732 0.079016 0.376839 0.129744 0.397670
4 2 0.015924 0.073471 0.380353 0.147567 0.382685
4 2 0.015610 0.072516 0.380576 0.144430 0.386868
4 2 0.013162 0.065249 0.385109 0.131909 0.404571
4 2 0.013948 0.067368 0.382505 0.132893 0.403285
4 2 0.014017 0.067587 0.382490 0.133548 0.402358
4 2 0.012970 0.064894 0.386775 0.134431 0.400930
4 2 0.015957 0.075631 0.371682 0.112065 0.424665
4 2 0.014698 0.068252 0.373915 0.118747 0.424387
4 2 0.013989 0.066654 0.377549 0.121130 0.420678
4 2 0.014891 0.069050 0.375154 0.122924 0.417981
4 2 0.014470 0.068123 0.377336 0.124564 0.415506
4 2 0.014744 0.067937 0.371118 0.113458 0.432743
4 2 0.016344 0.074082 0.373550 0.127795 0.408229
4 2 0.021264 0.093613 0.356426 0.102864 0.425833
4 2 0.015883 0.072720 0.374270 0.126125 0.411002
4 2 0.021406 0.101582 0.353047 0.087493 0.436473
4 2 0.016187 0.073080 0.375502 0.135027 0.400203
4 2 0.022898 0.085183 0.331447 0.083629 0.476844
4 2 0.017951 0.073860 0.351900 0.098058 0.458232
4 2 0.018559 0.075328 0.351085 0.099413 0.455615
4 2 0.019040 0.076498 0.350566 0.100668 0.453226
4 2 0.028545 0.098780 0.309428 0.067556 0.495691
4 2 0.014121 0.066905 0.376551 0.120008 0.422414
4 2 0.013942 0.066961 0.380285 0.127068 0.411744
4 2 0.016001 0.071207 0.368369 0.116304 0.428119
4 2 0.014727 0.068606 0.375508 0.122435 0.418724
4 2 0.015345 0.070998 0.378148 0.134550 0.400960
4 2 0.012680 0.063816 0.386134 0.129645 0.407725
4 2 0.013787 0.067004 0.383391 0.133700 0.402117
4 2 0.013017 0.064994 0.386424 0.133971 0.401594
4 2 0.013136 0.065427 0.386620 0.135851 0.398966
4 2 0.013327 0.065687 0.384488 0.131944 0.404554
4 2 0.013546 0.066007 0.382156 0.128064 0.410227
4 2 0.015808 0.071590 0.372893 0.124346 0.415364
4 2 0.016217 0.073128 0.375285 0.134678 0.400692
4 2 0.014298 0.067846 0.378869 0.126763 0.412224
4 2 0.013890 0.067085 0.381968 0.130867 0.406189
4 2 0.020447 0.080880 0.352388 0.109413 0.436872
4 2 0.020469 0.081685 0.349321 0.101536 0.446990
4 2 0.034181 0.124894 0.292819 0.052235 0.495871
4 2 0.025619 0.101753 0.309115 0.055715 0.507798
4 2 0.021373 0.083928 0.348078 0.103047 0.443573
4 0 0.084457 0.184360 0.291504 0.043786 0.395892
4 1 0.020114 0.096353 0.366718 0.109698 0.407116
4 1 0.025331 0.093858 0.334728 0.092339 0.453744
4 2 0.025945 0.095391 0.333770 0.092539 0.452355
4 2 0.027930 0.105123 0.318951 0.071327 0.476670
4 2 0.013880 0.066630 0.379499 0.124640 0.415351
4 2 0.015114 0.069396 0.373195 0.120270 0.422025
4 2 0.014391 0.067936 0.377689 0.124732 0.415252
4 2 0.014019 0.067133 0.379862 0.126720 0.412266
4 2 0.014342 0.068877 0.383712 0.140807 0.392262
2 2 0.013581 0.067265 0.388378 0.147243 0.383532
4 2 0.015270 0.074430 0.378313 0.121714 0.410273
2 2 0.013502 0.067135 0.389055 0.148683 0.381625
2 2 0.012851 0.065364 0.391497 0.148304 0.381983
2 2 0.013479 0.067187 0.389687 0.150844 0.378803
2 3 0.011568 0.062657 0.400877 0.167880 0.357018
2 3 0.011802 0.063434 0.400228 0.170389 0.354146
2 3 0.011433 0.062687 0.402886 0.179188 0.343806
2 3 0.011638 0.063143 0.401551 0.175165 0.348503
2 3 0.011775 0.063157 0.399591 0.165455 0.360022
2 3 0.011189 0.061789 0.403436 0.174273 0.349313
2 3 0.011354 0.062335 0.402878 0.175821 0.347611
2 3 0.011442 0.062678 0.402752 0.178227 0.344902
2 3 0.011583 0.062929 0.401622 0.173754 0.350111
2 3 0.011774 0.063413 0.400562 0.171948 0.352303
2 3 0.011223 0.062353 0.404505 0.187836 0.334084
2 3 0.011043 0.061953 0.405552 0.192436 0.329016
2 3 0.011537 0.063412 0.403313 0.191884 0.329854
2 3 0.011590 0.063012 0.401793 0.175432 0.348173
2 3 0.011296 0.062342 0.403662 0.180937 0.341763
2 3 0.011362 0.062785 0.403914 0.188389 0.333550
2 3 0.011548 0.063152 0.402710 0.182882 0.339707
2 3 0.011315 0.062840 0.404409 0.194827 0.326609
2 3 0.011832 0.064113 0.401753 0.186751 0.335550
2 3 0.011787 0.064209 0.402304 0.193975 0.327725
2 3 0.010978 0.062135 0.406034 0.206210 0.314642
2 3 0.011125 0.062800 0.405102 0.215217 0.305755
2 3 0.011105 0.063041 0.404192 0.229843 0.291819
2 3 0.010640 0.061645 0.406137 0.231880 0.289698
2 3 0.013462 0.070702 0.397159 0.189383 0.329294
2 3 0.015375 0.076191 0.387954 0.157424 0.363057
2 3 0.015956 0.076594 0.385071 0.158682 0.363697
2 3 0.014372 0.070793 0.389673 0.163979 0.361183
2 3 0.014622 0.073704 0.389541 0.153147 0.368986
2 3 0.015015 0.073903 0.388503 0.161674 0.360905
2 3 0.015165 0.074825 0.389640 0.173535 0.346834
2 3 0.014028 0.070874 0.393651 0.192216 0.329231
2 3 0.013702 0.069348 0.394157 0.186674 0.336120
2 3 0.012740 0.066628 0.397804 0.184554 0.338274
2 3 0.013015 0.067659 0.397138 0.192348 0.329841
2 3 0.014172 0.070876 0.392047 0.174545 0.348360
2 3 0.013972 0.069843 0.392652 0.180450 0.343083
2 3 0.013674 0.069243 0.394208 0.185833 0.337042
2 3 0.012855 0.066518 0.396212 0.173141 0.351274
2 3 0.013652 0.069406 0.394638 0.192263 0.330042
2 3 0.012878 0.067549 0.397892 0.201215 0.320467
2 3 0.012900 0.067795 0.397762 0.207767 0.313777
2 3 0.012843 0.067617 0.398001 0.207066 0.314472
2 3 0.012670 0.066915 0.398722 0.199596 0.322098
2 3 0.012175 0.065585 0.400796 0.202564 0.318880
2 3 0.012883 0.067418 0.397799 0.196387 0.325513
2 3 0.012753 0.066913 0.398178 0.191949 0.330208
2 3 0.012811 0.066900 0.397665 0.186710 0.335914
2 3 0.012752 0.067294 0.398400 0.204734 0.316821
2 3 0.012642 0.066944 0.398854 0.203326 0.318234
2 3 0.012853 0.067550 0.397995 0.203687 0.317915
2 3 0.012479 0.065977 0.399041 0.187024 0.335479
2 3 0.012998 0.067686 0.397288 0.194665 0.327363
2 3 0.012757 0.066770 0.397923 0.187324 0.335226
2 3 0.014147 0.073283 0.394320 0.170884 0.347365
2 3 0.013510 0.070009 0.394197 0.228992 0.293291
2 3 0.013629 0.069938 0.394771 0.212175 0.309487
2 3 0.013554 0.069728 0.395066 0.212015 0.309637
2 3 0.012791 0.067798 0.397709 0.220194 0.301509
2 3 0.013559 0.071669 0.397419 0.197866 0.319487
4 3 0.021836 0.093725 0.362572 0.124822 0.397044
2 1 0.051119 0.172095 0.459367 0.066813 0.250606
4 1 0.023359 0.093461 0.340965 0.090673 0.451541
4 1 0.030976 0.112678 0.319754 0.078700 0.457892
4 1 0.024588 0.098532 0.341436 0.093281 0.442163
4 1 0.013976 0.066748 0.378370 0.122855 0.418050
4 2 0.012771 0.063374 0.381411 0.119557 0.422886
4 2 0.013330 0.065566 0.383716 0.129944 0.407444
4 2 0.012238 0.062463 0.386949 0.127236 0.411114
4 2 0.012410 0.062635 0.384345 0.122802 0.417808
4 2 0.014086 0.066382 0.373948 0.114449 0.431134
4 2 0.013998 0.065989 0.373149 0.112332 0.434533
4 2 0.014279 0.066633 0.371766 0.111627 0.435695
4 2 0.014193 0.066534 0.372822 0.113027 0.433424
4 2 0.015714 0.070101 0.366768 0.111391 0.436026
4 2 0.013753 0.066189 0.379250 0.122998 0.417810
4 2 0.014133 0.067178 0.377974 0.123253 0.417461
4 2 0.014257 0.067089 0.375089 0.117951 0.425614
4 2 0.017212 0.074124 0.361695 0.109202 0.437768
4 2 0.015265 0.070410 0.376341 0.128899 0.409085
4 2 0.014263 0.068300 0.382025 0.134780 0.400632
4 2 0.013782 0.067116 0.384110 0.135693 0.399299
4 2 0.013341 0.065597 0.383692 0.129988 0.407382
4 2 0.013047 0.064999 0.385871 0.132769 0.403314
4 2 0.012662 0.064112 0.388257 0.135181 0.399788
4 2 0.013020 0.064727 0.384807 0.129670 0.407777
4 2 0.012777 0.064284 0.386984 0.132908 0.403047
4 2 0.012673 0.063843 0.386427 0.130333 0.406724
4 2 0.012584 0.063520 0.386290 0.129069 0.408537
4 2 0.012849 0.064483 0.386726 0.132983 0.402959
4 2 0.012603 0.063624 0.386538 0.129891 0.407345
4 2 0.012463 0.063445 0.388311 0.133097 0.402683
4 2 0.012767 0.064106 0.386131 0.130526 0.406470
4 2 0.012708 0.064436 0.389221 0.138576 0.395059
4 2 0.012608 0.063740 0.387133 0.131499 0.405020
4 2 0.014625 0.067491 0.370560 0.111639 0.435685
4 2 0.014268 0.066496 0.371088 0.110323 0.437825
4 2 0.014501 0.067228 0.371261 0.112140 0.434869
4 2 0.020494 0.082667 0.347176 0.096011 0.453652
4 2 0.015494 0.069821 0.368985 0.114229 0.431470
4 2 0.030247 0.107818 0.326857 0.090790 0.444288
4 2 0.019183 0.077629 0.353293 0.105226 0.444670
4 2 0.018608 0.076223 0.353547 0.102843 0.448778
4 3 0.019343 0.077820 0.353514 0.106940 0.442383
4 3 0.018145 0.075036 0.355759 0.105047 0.446012
4 3 0.014406 0.068000 0.377781 0.125077 0.414737
4 3 0.014678 0.068325 0.374728 0.120332 0.421937
4 2 0.021750 0.088184 0.341919 0.088325 0.459823
4 2 0.015547 0.070236 0.370521 0.117673 0.426022
4 2 0.015898 0.070808 0.365834 0.109923 0.437537
4 2 0.015344 0.069637 0.370532 0.116314 0.428173
4 2 0.016417 0.072711 0.369973 0.122654 0.418244
4 2 0.016213 0.072126 0.370057 0.121364 0.420240
4 2 0.019583 0.084130 0.355178 0.100510 0.440599
4 2 0.014196 0.066550 0.372850 0.113104 0.433299
4 2 0.033911 0.116048 0.294399 0.057010 0.498631
4 2 0.021442 0.086910 0.336390 0.079932 0.475325
4 2 0.021514 0.087229 0.339196 0.083905 0.468157
4 2 0.019339 0.078542 0.349861 0.098196 0.454063
4 2 0.018824 0.076165 0.351886 0.101820 0.451305
4 2 0.013023 0.064687 0.384502 0.128925 0.408863
4 2 0.012893 0.064454 0.385692 0.130679 0.406282
4 2 0.015534 0.071111 0.375653 0.129477 0.408225
4 2 0.013010 0.064862 0.385796 0.132172 0.404159
4 2 0.012865 0.064534 0.386725 0.133147 0.402729
4 2 0.014265 0.067556 0.377767 0.123866 0.416546
4 2 0.018671 0.088537 0.347706 0.076066 0.469020
4 2 0.015002 0.069810 0.377500 0.129567 0.408121
4 2 0.015898 0.073593 0.371590 0.116264 0.422656
4 2 0.014783 0.068751 0.375339 0.122496 0.418631
4 2 0.019827 0.078661 0.348566 0.099915 0.453031
4 2 0.019149 0.077699 0.350513 0.099262 0.453377
4 2 0.032295 0.128371 0.304095 0.056255 0.478984
4 2 0.020111 0.079524 0.343921 0.092499 0.463945
4 2 0.020117 0.080796 0.345527 0.093179 0.460379
4 2 0.013801 0.066252 0.378706 0.122172 0.419070
4 2 0.013361 0.065122 0.380407 0.122297 0.418814
4 2 0.015570 0.070366 0.370867 0.118563 0.424634
4 2 0.013210 0.064840 0.381683 0.123886 0.416380
4 2 0.013073 0.063750 0.377440 0.113955 0.431782
4 2 0.013601 0.066829 0.385789 0.138703 0.395077
4 2 0.013792 0.067177 0.384268 0.136264 0.398498
4 2 0.013377 0.066117 0.385972 0.136675 0.397859
4 2 0.013358 0.065860 0.384893 0.133371 0.402519
4 2 0.013186 0.065521 0.386212 0.135230 0.399851
2 2 0.013129 0.066159 0.390618 0.149142 0.380952
2 2 0.013829 0.068120 0.388385 0.150952 0.378714
4 2 0.013951 0.074419 0.386729 0.121330 0.403571
4 2 0.013390 0.066131 0.385812 0.136348 0.398319
4 2 0.012752 0.064761 0.390162 0.142149 0.390175
4 2 0.019565 0.080181 0.356081 0.109924 0.434249
4 2 0.019572 0.079966 0.353086 0.103948 0.443428
4 2 0.018965 0.083767 0.351531 0.089408 0.456329
4 2 0.022894 0.091613 0.325235 0.068883 0.491376
4 2 0.021963 0.094344 0.337130 0.075852 0.470711
2 2 0.013874 0.068464 0.389208 0.155271 0.373182
4 2 0.012251 0.063221 0.391273 0.139190 0.394065
2 2 0.012751 0.064847 0.390644 0.143762 0.387995
4 2 0.014123 0.069001 0.386035 0.144057 0.386784
4 2 0.013590 0.066777 0.385702 0.138307 0.395624
4 2 0.021123 0.090871 0.349527 0.092703 0.445776
4 2 0.015305 0.070421 0.375726 0.127684 0.410865
4 2 0.015286 0.070823 0.378187 0.134091 0.401613
4 2 0.014019 0.067529 0.382117 0.132546 0.403789
4 2 0.014605 0.068961 0.379681 0.131662 0.405091
4 2 0.015790 0.072345 0.377338 0.136096 0.398431
4 2 0.014887 0.070519 0.383017 0.145095 0.386483
4 2 0.018752 0.078865 0.366950 0.133042 0.402391
4 2 0.015236 0.071302 0.380875 0.141403 0.391183
4 2 0.015665 0.073240 0.374360 0.120942 0.415793
4 2 0.013759 0.066893 0.383281 0.133105 0.402962
4 2 0.013552 0.066863 0.386835 0.141451 0.391298
4 2 0.015246 0.070783 0.378625 0.134961 0.400385
4 2 0.014512 0.069535 0.384174 0.144429 0.387350
4 2 0.014851 0.070150 0.381742 0.140250 0.393006
4 2 0.028426 0.101234 0.305235 0.061016 0.504090
4 2 0.029124 0.101728 0.307091 0.064769 0.497288
4 4 0.029506 0.101562 0.309677 0.069037 0.490218
4 4 0.029302 0.104571 0.301218 0.057667 0.507243
4 4 0.078020 0.192145 0.267456 0.020498 0.441881
4 4 0.017075 0.081905 0.364787 0.098108 0.438124
4 4 0.013909 0.066823 0.380088 0.126298 0.412882
4 1 0.013172 0.064954 0.383139 0.126982 0.411753
4 1 0.013745 0.066621 0.381982 0.129508 0.408144
4 1 0.013193 0.065475 0.385811 0.134171 0.401349
4 2 0.013863 0.065826 0.374793 0.114526 0.430992
4 2 0.013315 0.064737 0.378882 0.118649 0.424416
4 2 0.017453 0.079108 0.363520 0.104962 0.434957
4 2 0.014896 0.070650 0.374238 0.115637 0.424579
4 2 0.012647 0.062662 0.379319 0.114386 0.430986
4 2 0.011704 0.060249 0.384126 0.116263 0.427657
4 2 0.011930 0.061161 0.385183 0.120356 0.421370
4 2 0.012530 0.062513 0.380891 0.116547 0.427519
4 2 0.012416 0.062418 0.382767 0.119447 0.422951
4 2 0.011881 0.060767 0.383605 0.116696 0.427051
4 2 0.013414 0.064289 0.373840 0.109712 0.438745
4 2 0.012914 0.062842 0.374631 0.107814 0.441799
4 2 0.012826 0.062328 0.372932 0.104455 0.447458
4 2 0.012913 0.062827 0.374557 0.107680 0.442022
4 2 0.014733 0.067344 0.367532 0.106936 0.443455
4 2 0.012053 0.061070 0.381706 0.114393 0.430778
4 2 0.012040 0.061022 0.381669 0.114221 0.431048
4 2 0.013313 0.064521 0.377507 0.115852 0.428806
4 2 0.013367 0.064961 0.379267 0.119867 0.422538
4 1 0.012945 0.063548 0.378833 0.115694 0.428980
4 1 0.012221 0.062264 0.386041 0.124916 0.414558
4 1 0.013503 0.065434 0.379515 0.121507 0.420042
4 4 0.012874 0.064391 0.385698 0.130497 0.406541
4 4 0.012462 0.062486 0.382203 0.118659 0.424190
4 4 0.013277 0.065172 0.382383 0.126129 0.413039
4 0 0.063667 0.177575 0.279129 0.036603 0.443026
4 1 0.030143 0.102977 0.284070 0.046573 0.536236
4 1 0.023314 0.084040 0.307979 0.059653 0.525014
4 1 0.025715 0.088087 0.308762 0.065602 0.511834
4 1 0.024528 0.085890 0.311220 0.065703 0.512660
4 1 0.011507 0.059772 0.385441 0.117214 0.426066
4 1 0.011285 0.059348 0.387810 0.120104 0.421453
4 1 0.011191 0.059197 0.389052 0.121870 0.418691
4 1 0.010657 0.057979 0.393693 0.126961 0.410711
4 4 0.011287 0.059335 0.387672 0.119829 0.421877
4 4 0.010943 0.058251 0.388418 0.118240 0.424148
4 4 0.010610 0.057127 0.388668 0.115760 0.427835
4 4 0.010991 0.058517 0.389145 0.120180 0.421167
4 2 0.011882 0.060975 0.385017 0.119582 0.422545
4 2 0.011151 0.058795 0.387145 0.117536 0.425373
4 2 0.010883 0.058085 0.388732 0.118331 0.423969
4 2 0.010854 0.057845 0.387686 0.116003 0.427611
4 2 0.011317 0.059587 0.388720 0.122354 0.418022
4 2 0.011057 0.058274 0.385670 0.113882 0.431117
4 1 0.011523 0.060056 0.387068 0.120707 0.420646
4 1 0.010915 0.059167 0.395443 0.134490 0.399984
4 4 0.011160 0.060052 0.395447 0.137661 0.395680
2 4 0.010840 0.059412 0.398661 0.143234 0.387854
2 4 0.010676 0.058592 0.397331 0.136747 0.396654
2 4 0.010574 0.058338 0.398124 0.137676 0.395287
2 4 0.010716 0.059268 0.400511 0.147750 0.381755
2 4 0.010289 0.058522 0.405371 0.159994 0.365823
2 4 0.011444 0.061620 0.398404 0.152382 0.376150
2 4 0.012279 0.064278 0.396168 0.158413 0.368863
2 4 0.011605 0.062256 0.398533 0.156040 0.371566
2 4 0.011855 0.062183 0.393316 0.140398 0.392248
2 4 0.011936 0.062569 0.393873 0.143342 0.388281
2 4 0.011670 0.061813 0.394983 0.143260 0.388274
2 4 0.012187 0.063268 0.392789 0.143242 0.388514
4 4 0.012472 0.063883 0.390675 0.140146 0.392824
4 4 0.021443 0.094624 0.331528 0.066608 0.485798
4 4 0.015001 0.069112 0.373554 0.120205 0.422129
4 4 0.014518 0.067927 0.375283 0.120323 0.421949
4 4 0.014780 0.068943 0.376514 0.125196 0.414567
4 4 0.015057 0.069770 0.376348 0.127122 0.411703
4 4 0.023013 0.089311 0.334497 0.083600 0.469579
4 4 0.021367 0.085610 0.341749 0.088956 0.462317
4 0 0.034109 0.122452 0.306383 0.066395 0.470661
4 1 0.026825 0.107141 0.306120 0.053648 0.506266
4 1 0.024134 0.095360 0.335167 0.084057 0.461281
4 1 0.012705 0.065344 0.389002 0.133407 0.399542
4 1 0.013433 0.066483 0.385520 0.134795 0.399768
4 1 0.013065 0.064948 0.385235 0.131240 0.405512
4 1 0.014127 0.067455 0.379738 0.127382 0.411299
4 1 0.013446 0.066211 0.385238 0.135292 0.399813
2 1 0.011589 0.062575 0.400221 0.164398 0.361216
2 1 0.010986 0.060649 0.402232 0.160643 0.365490
2 1 0.011293 0.062200 0.403290 0.177084 0.346133
2 4 0.011000 0.061001 0.403473 0.168267 0.356259
2 4 0.011146 0.061340 0.402439 0.165899 0.359176
2 4 0.010436 0.059246 0.405892 0.166893 0.357533
2 4 0.010286 0.058502 0.405340 0.159757 0.366115
2 4 0.011609 0.063114 0.401858 0.176737 0.346682
2 4 0.012163 0.064592 0.399112 0.173577 0.350555
2 4 0.010901 0.059925 0.400258 0.150041 0.378875
2 4 0.011292 0.061836 0.402044 0.167533 0.357295
2 4 0.012105 0.065608 0.400869 0.175525 0.345893
2 4 0.011252 0.061831 0.402659 0.170474 0.353784
2 4 0.011745 0.063563 0.401413 0.178154 0.345124
2 4 0.011868 0.064534 0.401890 0.184233 0.337476
2 4 0.010311 0.059483 0.408548 0.184800 0.336857
2 4 0.010191 0.059022 0.408916 0.182073 0.339798
2 4 0.010431 0.059840 0.407943 0.184386 0.337399
2 4 0.009643 0.057453 0.412042 0.187476 0.333386
2 4 0.011106 0.062079 0.405165 0.190258 0.331392
2 4 0.013051 0.067257 0.395113 0.167322 0.357257
2 4 0.012773 0.066088 0.395867 0.168220 0.357053
2 1 0.012560 0.065775 0.394961 0.152780 0.373924
2 1 0.012015 0.063382 0.396564 0.155084 0.372954
2 1 0.012561 0.064483 0.392129 0.146208 0.384619
4 4 0.016793 0.079621 0.368312 0.106331 0.428943
4 4 0.017255 0.078819 0.369922 0.118175 0.415829
4 4 0.016931 0.076659 0.373160 0.128783 0.404467
4 4 0.017060 0.079737 0.363654 0.099725 0.439825
4 4 0.017674 0.084573 0.369438 0.109382 0.418933
2 4 0.011611 0.063129 0.401878 0.176999 0.346384
2 4 0.011247 0.062933 0.404820 0.205544 0.315456
2 4 0.012029 0.064209 0.399678 0.173560 0.350525
2 4 0.012389 0.067059 0.400533 0.178178 0.341841
2 4 0.011649 0.063741 0.402823 0.191884 0.329903
2 4 0.010732 0.061219 0.407178 0.199883 0.320989
2 4 0.011081 0.062319 0.405582 0.201288 0.319730
2 4 0.011127 0.062490 0.405374 0.202399 0.318609
2 4 0.011627 0.064147 0.403341 0.185363 0.335522
2 4 0.009978 0.058802 0.410764 0.197460 0.322997
2 4 0.010207 0.059121 0.408967 0.183634 0.338072
2 4 0.010133 0.059407 0.410053 0.201856 0.318551
2 4 0.011440 0.063339 0.403949 0.199229 0.322043
2 4 0.010218 0.059697 0.409639 0.202710 0.317735
2 4 0.010164 0.059886 0.409456 0.218406 0.302088
2 4 0.011120 0.061949 0.404775 0.184877 0.337279
2 4 0.011860 0.064186 0.401622 0.186552 0.335781
2 4 0.011435 0.062406 0.401977 0.171437 0.352745
2 4 0.012019 0.063280 0.396003 0.152710 0.375988
2 4 0.012802 0.069948 0.399244 0.162027 0.355980
4 4 0.045061 0.135106 0.247375 0.033962 0.538496
4 0 0.182968 0.227691 0.235570 0.015211 0.338560
4 1 0.048924 0.133606 0.230204 0.025804 0.561461
4 1 0.041838 0.119104 0.243837 0.032675 0.562546
4 1 0.042479 0.120766 0.244824 0.033426 0.558505
4 1 0.012587 0.063354 0.385180 0.126376 0.412503
4 1 0.013117 0.064486 0.381351 0.122329 0.418717
4 1 0.013244 0.064869 0.381181 0.123037 0.417669
4 1 0.016015 0.072172 0.371482 0.121968 0.418364
4 1 0.016113 0.074828 0.377145 0.132839 0.399074
2 1 0.011650 0.062143 0.397150 0.150921 0.378136
2 1 0.011951 0.062855 0.395117 0.148018 0.382059
2 1 0.012133 0.063856 0.396720 0.158135 0.369157
2 1 0.012640 0.065030 0.393526 0.153092 0.375711
2 1 0.012540 0.065009 0.395102 0.158460 0.368889
4 1 0.017222 0.074743 0.360867 0.106108 0.441059
4 1 0.015377 0.068730 0.364320 0.105171 0.446402
4 1 0.014797 0.067210 0.365425 0.103813 0.448756
4 2 0.014984 0.067801 0.365697 0.105289 0.446228
4 2 0.024162 0.095729 0.315201 0.060369 0.504540
4 2 0.015152 0.069725 0.374445 0.123352 0.417326
4 2 0.015422 0.071397 0.373461 0.119967 0.419752
4 2 0.016861 0.075211 0.367788 0.116361 0.423779
4 2 0.014647 0.067705 0.369725 0.109492 0.438431
4 2 0.016916 0.079141 0.359263 0.091642 0.453038
4 2 0.012960 0.064956 0.387301 0.135834 0.398949
2 2 0.012749 0.064763 0.390231 0.142335 0.389922
2 2 0.012087 0.062967 0.393088 0.142841 0.389017
4 2 0.012697 0.064552 0.390074 0.141128 0.391549
2 2 0.012545 0.064335 0.391733 0.144669 0.386717
4 2 0.014113 0.067298 0.376910 0.119538 0.422141
4 2 0.014182 0.067995 0.381801 0.133307 0.402716
4 2 0.014121 0.067364 0.379315 0.126296 0.412905
4 2 0.013058 0.064775 0.384338 0.128855 0.408975
4 2 0.016580 0.073388 0.366975 0.115188 0.427870
4 2 0.017530 0.078820 0.366484 0.113202 0.423964
4 2 0.015514 0.071791 0.374095 0.122072 0.416528
4 2 0.017126 0.077608 0.368897 0.116745 0.419623
4 2 0.027607 0.123800 0.309078 0.050508 0.489007
4 2 0.017428 0.079817 0.371208 0.121726 0.409821
4 2 0.040883 0.128750 0.240475 0.027921 0.561970
4 2 0.065693 0.179693 0.241505 0.022337 0.490772
4 2 0.037955 0.113224 0.261266 0.040070 0.547485
4 2 0.046650 0.144806 0.262928 0.043346 0.502270
4 2 0.038259 0.113933 0.258111 0.038257 0.551440
2 2 0.011243 0.061295 0.400555 0.158051 0.368856
2 2 0.011616 0.062625 0.399990 0.163739 0.362029
2 2 0.010636 0.059367 0.402698 0.155115 0.372184
2 2 0.011098 0.061094 0.402224 0.163361 0.362222
2 2 0.011333 0.061854 0.401447 0.164975 0.360391
2 2 0.010171 0.059007 0.409138 0.183593 0.338091
2 2 0.010222 0.058631 0.407102 0.168050 0.355995
2 2 0.010394 0.058970 0.405459 0.163143 0.362034
2 2 0.010523 0.059528 0.405541 0.167301 0.357107
2 2 0.010127 0.058503 0.408211 0.172611 0.350548
4 2 0.018206 0.089902 0.365282 0.097238 0.429372
4 2 0.013300 0.066247 0.388081 0.142377 0.389995
4 2 0.015554 0.076074 0.377408 0.119304 0.411660
4 2 0.016212 0.075161 0.374730 0.125591 0.408306
4 2 0.013374 0.066348 0.387291 0.140717 0.392269
2 2 0.013089 0.067110 0.395113 0.171851 0.352837
2 2 0.012393 0.065219 0.398073 0.172942 0.351373
2 2 0.013287 0.067724 0.394553 0.173594 0.350842
2 2 0.011654 0.062882 0.400408 0.167278 0.357777
2 2 0.015118 0.072120 0.383919 0.148176 0.380669
2 2 0.010131 0.059518 0.410035 0.206593 0.313723
2 2 0.009730 0.058433 0.411760 0.215302 0.304776
2 2 0.009881 0.058751 0.411250 0.207862 0.312257
2 2 0.009960 0.058886 0.410907 0.202993 0.317254
2 2 0.010441 0.060449 0.408558 0.204907 0.315645
2 2 0.010485 0.060328 0.408242 0.195095 0.325850
2 2 0.009987 0.059332 0.410298 0.218844 0.301539
2 2 0.010528 0.060832 0.408068 0.209485 0.311086
2 2 0.010314 0.060339 0.408788 0.217249 0.303309
2 2 0.010081 0.059559 0.410015 0.215326 0.305019
2 3 0.010169 0.059970 0.409230 0.221641 0.298989
2 3 0.010021 0.059369 0.410309 0.215313 0.304988
2 3 0.010199 0.059638 0.409733 0.202792 0.317639
2 3 0.010097 0.059590 0.409976 0.214465 0.305872
2 3 0.009866 0.058992 0.410749 0.221214 0.299178
2 3 0.010420 0.060971 0.407085 0.232798 0.288726
2 3 0.009273 0.056779 0.414354 0.208125 0.311470
2 3 0.009832 0.058315 0.411474 0.196657 0.323722
2 3 0.009634 0.058041 0.412392 0.211641 0.308291
2 3 0.009691 0.057996 0.412255 0.201902 0.318157
2 3 0.010293 0.059947 0.409275 0.203289 0.317196
2 3 0.009895 0.058545 0.411180 0.197699 0.322681
2 3 0.009933 0.058648 0.410981 0.197088 0.323351
2 3 0.009862 0.058533 0.411387 0.201279 0.318939
2 3 0.009801 0.058417 0.411693 0.204628 0.315461
2 3 0.009922 0.059007 0.410884 0.213327 0.306859
2 3 0.009514 0.057789 0.412709 0.218264 0.301723
2 3 0.009591 0.057932 0.412561 0.213120 0.306797
2 3 0.009733 0.058155 0.412040 0.202765 0.317306
2 3 0.009911 0.058720 0.411150 0.202577 0.317643
2 3 0.009862 0.058536 0.411390 0.201456 0.318756
2 3 0.009798 0.058754 0.411152 0.220209 0.300087
2 3 0.010369 0.060613 0.408229 0.222210 0.298580
2 3 0.009311 0.057083 0.413860 0.216377 0.303369
2 3 0.010283 0.059991 0.409300 0.206339 0.314087
2 3 0.009543 0.057600 0.412994 0.205238 0.314625
2 3 0.009631 0.058059 0.412363 0.212888 0.307059
2 3 0.009299 0.057150 0.413603 0.221761 0.298187
2 3 0.009311 0.057039 0.413958 0.214289 0.305403
2 3 0.009780 0.058390 0.411779 0.206219 0.313831
2 3 0.009772 0.058753 0.410984 0.224512 0.295979
2 3 0.009712 0.058661 0.410792 0.230309 0.290527
2 3 0.009999 0.059337 0.410329 0.217107 0.303227
2 3 0.009998 0.059232 0.410540 0.212437 0.307793
2 3 0.009112 0.056427 0.414892 0.216737 0.302833
2 3 0.010120 0.059412 0.410116 0.203691 0.316661
2 3 0.010765 0.061271 0.406999 0.198082 0.322884
2 3 0.010798 0.061005 0.406306 0.185653 0.336238
2 3 0.010273 0.060002 0.409318 0.208008 0.312399
2 3 0.010988 0.062183 0.405977 0.206810 0.314041
2 3 0.010266 0.059960 0.409368 0.207218 0.313188
2 3 0.010557 0.061067 0.407705 0.215734 0.304936
2 3 0.010385 0.060055 0.408762 0.196545 0.324253
2 3 0.010367 0.059892 0.408721 0.192652 0.328368
2 3 0.011150 0.062760 0.405166 0.210307 0.310616
2 3 0.010024 0.059311 0.410418 0.212354 0.307894
2 3 0.010774 0.061687 0.406786 0.213525 0.307228
2 3 0.009285 0.057334 0.412499 0.234975 0.285907
2 3 0.009732 0.058306 0.411963 0.209320 0.310678
2 3 0.009906 0.058826 0.411129 0.207667 0.312472
2 3 0.010598 0.061098 0.407679 0.211558 0.309067
2 3 0.010184 0.059616 0.409805 0.203817 0.316579
2 3 0.010378 0.060243 0.408863 0.204540 0.315976
2 3 0.010386 0.060129 0.408806 0.199139 0.321540
2 3 0.010082 0.059027 0.410146 0.193664 0.327082
2 3 0.011470 0.063710 0.403748 0.209898 0.311174
2 3 0.010675 0.061173 0.407451 0.204798 0.315903
2 3 0.011340 0.063009 0.404378 0.198109 0.323165
2 3 0.011287 0.062757 0.404530 0.194786 0.326640
2 3 0.010359 0.061137 0.409842 0.209670 0.308991
2 3 0.020707 0.099638 0.462501 0.107736 0.309418
