0 0 0.691986 0.130916 0.089707 0.034689 0.052702
4 0 0.312121 0.170978 0.151617 0.020900 0.344384
0 0 0.314517 0.191431 0.173788 0.022487 0.297777
0 1 0.278130 0.221033 0.197082 0.026695 0.277060
0 1 0.282316 0.250085 0.231754 0.045920 0.189925
2 1 0.142360 0.212035 0.303007 0.052489 0.290109
2 1 0.149029 0.227842 0.288837 0.049232 0.285059
2 1 0.199727 0.240790 0.264609 0.046185 0.248689
4 4 0.216513 0.178420 0.216989 0.039921 0.348157
2 4 0.135464 0.209957 0.300110 0.059166 0.295303
0 4 0.265615 0.225098 0.248472 0.051592 0.209224
0 4 0.304375 0.249753 0.209125 0.032179 0.204568
0 4 0.344161 0.159775 0.248771 0.074473 0.172820
0 4 0.282076 0.234272 0.190665 0.030173 0.262813
4 4 0.193926 0.234291 0.229451 0.036221 0.306111
4 1 0.190001 0.172838 0.254828 0.053265 0.329068
4 1 0.150569 0.217601 0.282070 0.051291 0.298469
4 1 0.144703 0.198491 0.276212 0.042147 0.338447
4 1 0.294692 0.191065 0.168692 0.020682 0.324869
2 1 0.232291 0.202001 0.269782 0.061402 0.234523
2 1 0.173901 0.229869 0.321923 0.072704 0.201603
2 1 0.163937 0.219931 0.347592 0.089190 0.179351
4 1 0.260167 0.203330 0.208918 0.033061 0.294523
2 1 0.166745 0.205432 0.322553 0.072239 0.233030
2 1 0.211136 0.147206 0.328381 0.162029 0.151247
0 1 0.322702 0.180002 0.295603 0.103302 0.098391
0 1 0.498819 0.175717 0.173394 0.037249 0.114821
0 1 0.350923 0.212183 0.255011 0.051501 0.130382
0 2 0.282646 0.255447 0.271399 0.063964 0.126544
0 2 0.306438 0.249123 0.193216 0.029103 0.222120
4 2 0.186894 0.226680 0.202335 0.026994 0.357098
4 2 0.236656 0.226794 0.237609 0.025979 0.272962
2 2 0.302747 0.189620 0.320283 0.105249 0.082102
0 2 0.294747 0.187845 0.289411 0.058628 0.169369
0 2 0.364626 0.194062 0.183253 0.024643 0.233415
4 2 0.160587 0.221129 0.218677 0.028423 0.371183
0 2 0.288807 0.193036 0.239206 0.059825 0.219127
4 1 0.113920 0.187866 0.235736 0.023081 0.439396
4 1 0.082392 0.188001 0.290228 0.034274 0.405105
2 1 0.105645 0.187886 0.330748 0.046686 0.329034
2 1 0.089556 0.200045 0.475938 0.108159 0.126303
2 1 0.194876 0.167595 0.395651 0.158366 0.083511
4 1 0.052728 0.166690 0.331246 0.040338 0.408998
2 2 0.074659 0.187768 0.363513 0.053358 0.320703
2 2 0.145724 0.210775 0.392529 0.092398 0.158575
2 2 0.069966 0.181454 0.495018 0.121699 0.131862
2 2 0.046910 0.159780 0.510623 0.111099 0.171589
2 2 0.100305 0.202753 0.426497 0.082634 0.187810
2 2 0.078395 0.160674 0.374279 0.071719 0.314933
2 2 0.065177 0.181399 0.446009 0.095956 0.211460
2 2 0.034410 0.109999 0.508852 0.212382 0.134357
2 2 0.035547 0.121659 0.515848 0.174237 0.152709
2 2 0.049956 0.126842 0.521373 0.214487 0.087342
2 2 0.039209 0.114311 0.534782 0.213939 0.097759
2 3 0.056336 0.139671 0.465127 0.200436 0.138431
2 3 0.063510 0.179341 0.512841 0.114138 0.130170
2 3 0.089548 0.200519 0.470458 0.118430 0.121045
2 3 0.084647 0.148211 0.445254 0.136419 0.185470
2 3 0.103617 0.210933 0.455953 0.104759 0.124738
2 3 0.170625 0.194031 0.408325 0.110717 0.116302
2 3 0.101563 0.196609 0.484212 0.104817 0.112799
2 3 0.097140 0.184779 0.474096 0.159476 0.084509
2 3 0.076819 0.138012 0.506591 0.232010 0.046569
2 3 0.083856 0.157864 0.516364 0.189760 0.052156
2 3 0.060754 0.159414 0.528953 0.149864 0.101015
2 3 0.102305 0.168880 0.496198 0.188395 0.044222
2 3 0.103086 0.175617 0.479184 0.183109 0.059005
2 3 0.078055 0.165619 0.505614 0.171973 0.078739
2 3 0.171284 0.185849 0.428636 0.148437 0.065793
2 3 0.068511 0.141664 0.502363 0.195154 0.092308
2 3 0.041749 0.119060 0.537076 0.211986 0.090128
2 3 0.046211 0.097473 0.494041 0.310840 0.051435
2 3 0.052409 0.108932 0.514355 0.277568 0.046736
2 3 0.046482 0.107582 0.479872 0.278039 0.088025
2 3 0.050800 0.103412 0.504093 0.299162 0.042533
2 3 0.093453 0.176439 0.488772 0.170970 0.070366
2 3 0.191567 0.170299 0.373147 0.133751 0.131236
2 3 0.135095 0.198631 0.343667 0.056993 0.265614
4 3 0.034208 0.145075 0.379241 0.052694 0.388783
4 3 0.039446 0.149026 0.364085 0.050416 0.397027
2 3 0.032976 0.123795 0.493247 0.147608 0.202375
2 3 0.022644 0.103808 0.443421 0.137161 0.292967
2 3 0.022796 0.106277 0.422309 0.105638 0.342981
2 3 0.021526 0.103773 0.469660 0.136589 0.268453
2 3 0.026615 0.111397 0.458772 0.140769 0.262446
2 3 0.026984 0.113738 0.487809 0.145313 0.226156
2 3 0.037237 0.130552 0.421241 0.098712 0.312257
2 3 0.023981 0.116727 0.467281 0.111250 0.280761
2 3 0.019274 0.100644 0.437302 0.118810 0.323970
2 3 0.028275 0.119549 0.472306 0.130256 0.249613
2 3 0.021179 0.077661 0.521593 0.274003 0.105563
2 3 0.018397 0.080058 0.531822 0.233023 0.136700
2 3 0.018670 0.070341 0.528834 0.292817 0.089338
2 3 0.020709 0.087686 0.504317 0.211892 0.175397
2 3 0.019412 0.070430 0.519404 0.300656 0.090098
2 3 0.022484 0.079835 0.521156 0.276771 0.099753
2 3 0.018745 0.072255 0.525756 0.282714 0.100529
2 3 0.021795 0.084823 0.528795 0.239781 0.124806
2 3 0.020978 0.073215 0.507831 0.301337 0.096638
2 3 0.024737 0.081851 0.527763 0.280570 0.085078
2 3 0.018874 0.068699 0.519951 0.306694 0.085782
2 3 0.019076 0.076139 0.520565 0.263062 0.121159
2 3 0.019028 0.062512 0.531157 0.337211 0.050092
2 3 0.025208 0.085702 0.518188 0.266177 0.104725
2 3 0.020696 0.066515 0.526916 0.329140 0.056734
2 3 0.020479 0.067564 0.525859 0.323314 0.062784
2 3 0.020831 0.074164 0.527782 0.289727 0.087496
2 3 0.023253 0.081441 0.543433 0.267863 0.084010
2 3 0.019473 0.068368 0.538509 0.307540 0.066110
2 3 0.022475 0.084077 0.526319 0.249574 0.117556
2 3 0.025131 0.083553 0.524059 0.275856 0.091401
2 3 0.022478 0.081257 0.527309 0.264506 0.104451
2 3 0.023660 0.073577 0.521912 0.315898 0.064952
2 3 0.020246 0.067084 0.533529 0.321325 0.057816
2 3 0.017246 0.065626 0.517805 0.309883 0.089440
3 3 0.011034 0.034446 0.410383 0.508266 0.035870
3 3 0.010987 0.037686 0.444462 0.464040 0.042825
3 3 0.011251 0.038849 0.447538 0.456895 0.045467
3 3 0.013739 0.036434 0.417140 0.508157 0.024530
2 3 0.013679 0.044657 0.462406 0.432169 0.047088
2 3 0.022342 0.073077 0.520551 0.308285 0.075745
2 3 0.020207 0.069424 0.502866 0.319893 0.087610
2 3 0.014755 0.049339 0.478707 0.404822 0.052377
2 3 0.016191 0.050151 0.495917 0.400280 0.037461
2 3 0.017696 0.051959 0.477492 0.410541 0.042311
2 3 0.288272 0.187936 0.313779 0.127908 0.082104
2 3 0.245959 0.209240 0.301478 0.064020 0.179303
2 3 0.177723 0.242151 0.415471 0.092115 0.072540
0 3 0.394405 0.188737 0.217716 0.053384 0.145759
2 2 0.299556 0.208717 0.339595 0.072770 0.079361
2 2 0.133454 0.171248 0.435184 0.163883 0.096230
2 2 0.088455 0.151466 0.436694 0.147706 0.175679
2 2 0.036417 0.132079 0.512244 0.141898 0.177361
2 2 0.044452 0.139264 0.540191 0.153440 0.122652
2 2 0.030851 0.125922 0.484528 0.110374 0.248325
2 2 0.037471 0.151579 0.478793 0.093946 0.238211
4 2 0.035789 0.133621 0.370300 0.055551 0.404739
2 2 0.030760 0.135779 0.396027 0.067077 0.370356
4 2 0.039287 0.145454 0.354439 0.042651 0.418169
4 2 0.068853 0.139517 0.274590 0.029027 0.488014
4 2 0.085778 0.186856 0.278493 0.026593 0.422280
0 2 0.357618 0.165758 0.275930 0.137042 0.063651
2 1 0.197304 0.238456 0.399338 0.066467 0.098434
2 1 0.103982 0.229558 0.453608 0.086229 0.126624
4 1 0.061431 0.165497 0.290694 0.024957 0.457422
2 1 0.028610 0.126159 0.407542 0.087497 0.350192
2 1 0.030308 0.129575 0.405581 0.093963 0.340574
2 1 0.030682 0.128101 0.404719 0.098817 0.337682
2 1 0.033035 0.127603 0.487259 0.134958 0.217145
2 1 0.041882 0.120683 0.539762 0.199964 0.097708
2 1 0.037194 0.132573 0.512878 0.143884 0.173471
2 1 0.035911 0.127173 0.485862 0.149956 0.201098
2 1 0.038114 0.118964 0.524443 0.192349 0.126130
2 1 0.035102 0.125087 0.524050 0.158374 0.157387
2 1 0.039273 0.127971 0.546595 0.167441 0.118720
2 1 0.031336 0.101766 0.556321 0.222071 0.088506
2 1 0.033255 0.109679 0.579278 0.197533 0.080255
2 1 0.030452 0.112340 0.512281 0.176883 0.168044
2 1 0.025363 0.110940 0.417426 0.122363 0.323908
2 2 0.026643 0.092770 0.505520 0.237024 0.138042
2 2 0.043604 0.149358 0.405562 0.067156 0.334320
2 2 0.096217 0.186547 0.353529 0.046049 0.317658
2 2 0.077214 0.178055 0.492394 0.103420 0.148917
2 2 0.123241 0.174662 0.406396 0.101930 0.193770
2 2 0.047947 0.151310 0.529144 0.136215 0.135383
2 2 0.140361 0.246365 0.432384 0.089834 0.091056
0 2 0.303650 0.224916 0.240362 0.046527 0.184545
0 2 0.436052 0.157145 0.242320 0.082614 0.081869
2 4 0.218153 0.210215 0.406125 0.075771 0.089736
0 4 0.408412 0.216353 0.227952 0.031049 0.116235
0 4 0.309326 0.167400 0.287145 0.088290 0.147839
2 4 0.123453 0.167351 0.490348 0.130013 0.088835
2 4 0.114378 0.180186 0.514722 0.156467 0.034247
2 4 0.144872 0.185772 0.497016 0.134202 0.038137
2 4 0.133724 0.187622 0.504824 0.130390 0.043440
2 4 0.067913 0.142934 0.566493 0.183688 0.038971
2 4 0.120688 0.195883 0.496917 0.128162 0.058351
2 4 0.082437 0.182029 0.515739 0.142335 0.077460
2 4 0.057939 0.177982 0.479392 0.080438 0.204249
2 4 0.174616 0.176660 0.392733 0.113143 0.142848
2 4 0.032118 0.095203 0.572529 0.243822 0.056328
2 1 0.030059 0.123074 0.527952 0.140098 0.178816
2 1 0.022187 0.112739 0.425211 0.087747 0.352115
2 1 0.020173 0.106884 0.437462 0.105658 0.329823
2 1 0.022308 0.111687 0.426130 0.094770 0.345105
2 1 0.013931 0.075968 0.444826 0.175142 0.290133
2 1 0.021512 0.093273 0.491101 0.188069 0.206046
2 1 0.019492 0.097439 0.474293 0.144918 0.263858
2 1 0.016828 0.091974 0.444436 0.131191 0.315571
2 1 0.019927 0.099657 0.482570 0.142305 0.255541
4 1 0.037681 0.131060 0.343947 0.037880 0.449432
2 1 0.037261 0.142565 0.399624 0.050931 0.369619
2 1 0.064126 0.117809 0.454318 0.146178 0.217569
2 1 0.025872 0.126992 0.412092 0.072322 0.362722
2 1 0.101143 0.186801 0.409604 0.069899 0.232553
2 1 0.060092 0.159754 0.536556 0.121947 0.121651
2 1 0.136845 0.202532 0.441186 0.090802 0.128635
2 1 0.039949 0.133048 0.584363 0.151828 0.090812
2 1 0.039982 0.139018 0.563473 0.140155 0.117372
2 1 0.043392 0.156873 0.477876 0.089009 0.232849
2 1 0.077388 0.175346 0.505625 0.130187 0.111455
2 1 0.122349 0.186464 0.369867 0.065527 0.255793
2 1 0.033198 0.141728 0.488873 0.100253 0.235948
2 1 0.039134 0.133783 0.558532 0.149977 0.118574
2 1 0.040367 0.128686 0.589339 0.163189 0.078419
2 1 0.030203 0.098734 0.578785 0.222547 0.069730
2 1 0.040638 0.139142 0.566062 0.143175 0.110983
2 2 0.030008 0.121058 0.564018 0.148255 0.136660
2 2 0.031749 0.109960 0.544891 0.194635 0.118764
2 2 0.060314 0.148814 0.458322 0.117890 0.214660
2 2 0.021792 0.103988 0.527295 0.151133 0.195792
2 2 0.040583 0.126146 0.528455 0.170546 0.134271
2 2 0.048401 0.164987 0.456916 0.093241 0.236456
2 2 0.082728 0.130595 0.486488 0.185036 0.115152
2 2 0.047917 0.160380 0.498351 0.111221 0.182131
2 2 0.109295 0.211473 0.380924 0.047244 0.251064
2 2 0.126456 0.207938 0.385069 0.057902 0.222635
2 2 0.081537 0.145772 0.506701 0.187271 0.078720
2 2 0.127910 0.195355 0.481413 0.095372 0.099949
2 2 0.058522 0.159925 0.602851 0.115728 0.062974
2 2 0.042914 0.134763 0.604721 0.150625 0.066977
2 2 0.048550 0.129509 0.578520 0.186770 0.056651
2 2 0.036273 0.122458 0.620890 0.158998 0.061381
2 2 0.036893 0.129456 0.598403 0.149207 0.086041
2 2 0.048289 0.126073 0.563731 0.197288 0.064619
2 2 0.044875 0.132561 0.600110 0.161173 0.061282
2 2 0.048898 0.134028 0.572839 0.171410 0.072824
2 1 0.178645 0.170050 0.409027 0.119343 0.122936
2 1 0.046104 0.165917 0.543219 0.099576 0.145185
2 1 0.061398 0.177782 0.496190 0.108645 0.155985
2 1 0.044819 0.148818 0.499433 0.127674 0.179256
2 1 0.033892 0.125539 0.506391 0.149017 0.185162
2 1 0.034075 0.114117 0.538087 0.191162 0.122558
2 2 0.037787 0.115402 0.530604 0.203375 0.112832
2 2 0.036928 0.136223 0.443679 0.099037 0.284134
2 2 0.093504 0.216023 0.383457 0.052412 0.254604
0 2 0.300431 0.223297 0.249389 0.040472 0.186412
0 1 0.331826 0.196214 0.330973 0.071264 0.069723
2 1 0.190195 0.246024 0.380341 0.041809 0.141631
4 1 0.071945 0.191188 0.331342 0.036960 0.368566
2 1 0.053568 0.163131 0.478072 0.109649 0.195579
2 1 0.100193 0.145137 0.470767 0.203532 0.080371
2 1 0.040633 0.152136 0.547494 0.111247 0.148490
2 1 0.057067 0.171376 0.476035 0.109117 0.186404
2 2 0.054162 0.172122 0.506008 0.104843 0.162865
2 2 0.044489 0.160516 0.516852 0.103650 0.174493
2 2 0.044083 0.168027 0.458296 0.080908 0.248686
2 2 0.121560 0.158640 0.393462 0.095871 0.230468
2 2 0.028561 0.092465 0.591464 0.233063 0.054447
2 2 0.045930 0.130491 0.586545 0.172627 0.064407
2 2 0.030440 0.100753 0.566033 0.219745 0.083030
2 2 0.032334 0.084407 0.543562 0.297132 0.042565
2 2 0.034597 0.095881 0.573249 0.249313 0.046959
2 2 0.030047 0.125404 0.548692 0.135133 0.160725
2 2 0.034154 0.131098 0.519056 0.135567 0.180124
2 2 0.041717 0.144937 0.528846 0.129828 0.154673
2 2 0.032393 0.136983 0.474728 0.104661 0.251235
2 2 0.028045 0.127378 0.411401 0.090456 0.342719
2 2 0.029546 0.133819 0.400320 0.069010 0.367305
2 2 0.055760 0.128934 0.459584 0.131297 0.224426
2 2 0.037374 0.116584 0.582478 0.189548 0.074015
2 2 0.037086 0.126504 0.582557 0.160349 0.093504
2 2 0.058426 0.142513 0.543098 0.178568 0.077394
2 2 0.062029 0.139401 0.522413 0.159780 0.116377
2 2 0.042213 0.142316 0.585842 0.135674 0.093955
2 2 0.035913 0.103602 0.559859 0.232442 0.068185
2 2 0.028914 0.098140 0.547961 0.225580 0.099405
2 2 0.032828 0.110290 0.543450 0.198851 0.114581
2 2 0.029388 0.097401 0.570191 0.226375 0.076646
2 2 0.033179 0.099394 0.575047 0.232322 0.060058
2 2 0.062811 0.155059 0.550055 0.156381 0.075694
2 2 0.086148 0.127143 0.485905 0.195003 0.105802
2 2 0.055592 0.153986 0.584548 0.140544 0.065331
2 2 0.050543 0.145826 0.561734 0.151825 0.090073
2 2 0.063515 0.182652 0.517988 0.097693 0.138151
2 2 0.205692 0.212155 0.385336 0.080768 0.116049
2 2 0.118470 0.207476 0.496120 0.074205 0.103729
2 2 0.188266 0.209955 0.460685 0.079652 0.061443
2 2 0.115078 0.191515 0.530640 0.120899 0.041869
2 2 0.171423 0.155756 0.417356 0.174273 0.081192
2 2 0.097052 0.205491 0.510087 0.110975 0.076395
2 2 0.106466 0.192986 0.537122 0.116219 0.047206
2 2 0.184462 0.182797 0.408767 0.113402 0.110574
2 2 0.123524 0.172333 0.527942 0.129144 0.047058
2 2 0.190961 0.190098 0.422653 0.088308 0.107980
2 2 0.099763 0.188650 0.523928 0.139000 0.048659
2 2 0.058122 0.181441 0.530058 0.097998 0.132381
2 1 0.108537 0.163160 0.492817 0.136195 0.099291
2 1 0.100148 0.178917 0.523410 0.154202 0.043323
2 1 0.133391 0.233505 0.428094 0.077276 0.127733
2 1 0.030917 0.127380 0.459483 0.112215 0.270005
2 1 0.039297 0.137499 0.527592 0.140085 0.155527
2 1 0.035117 0.133687 0.519320 0.121138 0.190738
2 1 0.047768 0.141882 0.410208 0.083099 0.317043
2 1 0.032860 0.130579 0.508930 0.129615 0.198016
2 1 0.028414 0.100223 0.537195 0.215180 0.118988
2 1 0.025956 0.108531 0.509010 0.161883 0.194621
2 1 0.023640 0.090891 0.514214 0.223494 0.147761
2 1 0.019550 0.080458 0.545331 0.242106 0.112555
2 1 0.024788 0.095402 0.546613 0.211749 0.121447
2 1 0.212523 0.211618 0.363861 0.074749 0.137249
2 1 0.132377 0.142907 0.396232 0.166704 0.161780
2 1 0.163025 0.205563 0.466827 0.091708 0.072877
2 1 0.050201 0.159523 0.513274 0.088608 0.188393
4 1 0.040505 0.144906 0.355049 0.046327 0.413214
4 1 0.046235 0.137397 0.341852 0.051384 0.423131
4 1 0.044537 0.133296 0.353545 0.064540 0.404082
4 1 0.039110 0.141420 0.367702 0.058385 0.393383
4 1 0.044219 0.133831 0.335637 0.042977 0.443337
4 1 0.068505 0.131111 0.287488 0.041497 0.471399
4 1 0.070615 0.149800 0.260312 0.020532 0.498741
4 1 0.090215 0.171149 0.251202 0.022789 0.464645
4 1 0.078216 0.155378 0.254999 0.021268 0.490139
4 1 0.144003 0.171641 0.200904 0.018831 0.464621
4 4 0.086880 0.146416 0.240019 0.020780 0.505905
4 4 0.076675 0.154848 0.262545 0.024016 0.481917
4 4 0.151636 0.144451 0.195940 0.023136 0.484838
4 4 0.118330 0.174326 0.219243 0.018841 0.469260
4 4 0.060360 0.159864 0.309795 0.037000 0.432982
4 4 0.063253 0.164268 0.308250 0.038083 0.426146
4 4 0.087645 0.151791 0.239263 0.019734 0.501566
4 4 0.100675 0.159428 0.232122 0.020803 0.486972
4 4 0.126619 0.155420 0.205512 0.018543 0.493907
4 4 0.101658 0.150030 0.228392 0.021296 0.498623
4 4 0.070044 0.155011 0.276206 0.026502 0.472237
2 4 0.048782 0.157398 0.437614 0.073651 0.282555
4 4 0.045389 0.135436 0.351979 0.063277 0.403918
4 4 0.051008 0.143551 0.316668 0.035330 0.453443
4 4 0.125726 0.120529 0.217434 0.036572 0.499739
4 1 0.074913 0.156478 0.263589 0.023092 0.481929
4 1 0.070737 0.147130 0.276525 0.029374 0.476234
0 2 0.349119 0.166583 0.203131 0.042715 0.238453
4 1 0.123958 0.162657 0.263829 0.039697 0.409858
4 1 0.113460 0.176335 0.291202 0.040885 0.378118
4 1 0.052693 0.149206 0.321274 0.038965 0.437862
2 1 0.022278 0.075433 0.459315 0.296333 0.146640
2 1 0.013783 0.069918 0.433495 0.209027 0.273778
2 1 0.013076 0.068730 0.437351 0.206839 0.274004
2 1 0.016185 0.080075 0.434405 0.179044 0.290292
4 1 0.049337 0.100742 0.338351 0.114270 0.397300
2 1 0.091036 0.186293 0.350005 0.045054 0.327612
2 1 0.036242 0.139789 0.380125 0.065956 0.377888
4 1 0.037429 0.135137 0.358125 0.046724 0.422585
4 1 0.031519 0.130309 0.381779 0.055626 0.400768
4 1 0.028976 0.127082 0.391218 0.058826 0.393898
4 1 0.042374 0.144676 0.337198 0.035892 0.439859
2 1 0.046715 0.161349 0.441515 0.062855 0.287568
4 1 0.208232 0.154436 0.267832 0.089582 0.279918
2 1 0.044879 0.167684 0.440609 0.077077 0.269752
2 1 0.085015 0.200200 0.405339 0.076162 0.233283
2 1 0.076141 0.188711 0.441755 0.091020 0.202373
2 1 0.035117 0.151044 0.451587 0.081730 0.280522
2 1 0.037821 0.157741 0.426934 0.071278 0.306227
2 1 0.041590 0.157547 0.434486 0.086439 0.279937
2 1 0.107830 0.164667 0.371993 0.079810 0.275699
2 1 0.230287 0.215359 0.311792 0.058966 0.183596
2 1 0.130761 0.222483 0.388183 0.059380 0.199192
2 2 0.151691 0.180858 0.417880 0.101575 0.147996
2 2 0.087665 0.223622 0.436995 0.070426 0.181292
2 2 0.047738 0.177507 0.417746 0.061143 0.295866
2 2 0.075043 0.161999 0.484468 0.095639 0.182852
2 2 0.039717 0.147413 0.396463 0.052857 0.363550
2 2 0.055341 0.160917 0.429526 0.064647 0.289570
2 2 0.048258 0.167426 0.499514 0.090492 0.194311
2 2 0.100646 0.119001 0.376288 0.139181 0.264884
2 2 0.180492 0.217233 0.329057 0.048538 0.224679
2 2 0.193580 0.243377 0.318836 0.033960 0.210247
2 2 0.124819 0.222326 0.409794 0.050655 0.192405
2 2 0.159072 0.212640 0.329457 0.067108 0.231724
2 2 0.136774 0.217642 0.338781 0.047102 0.259701
2 2 0.028867 0.115826 0.490203 0.150485 0.214619
2 2 0.027101 0.106534 0.510036 0.177912 0.178417
2 2 0.039184 0.101699 0.509692 0.246638 0.102787
2 2 0.022932 0.092456 0.572604 0.209385 0.102622
2 2 0.035434 0.109199 0.526405 0.222795 0.106167
2 2 0.088620 0.163063 0.441048 0.104141 0.203129
2 2 0.077633 0.123681 0.442296 0.164627 0.191763
2 2 0.035344 0.143903 0.410792 0.066867 0.343094
2 2 0.046197 0.151900 0.542659 0.129370 0.129874
2 2 0.081222 0.143499 0.405631 0.101617 0.268030
2 2 0.156593 0.194579 0.344622 0.066206 0.238000
2 2 0.050106 0.167475 0.533178 0.105844 0.143397
2 2 0.048146 0.164175 0.497619 0.104302 0.185758
2 2 0.160172 0.186281 0.338912 0.094924 0.219712
2 2 0.059033 0.162836 0.534551 0.137123 0.106456
2 2 0.194211 0.209389 0.417947 0.079574 0.098879
2 2 0.222866 0.161215 0.375593 0.142238 0.098088
2 2 0.108136 0.187782 0.547240 0.105142 0.051701
2 1 0.204647 0.143883 0.417361 0.147657 0.086452
2 1 0.205575 0.202847 0.482750 0.064672 0.044157
0 1 0.505835 0.149872 0.225190 0.080895 0.038208
2 1 0.170409 0.227972 0.377496 0.099118 0.125005
2 1 0.102007 0.208820 0.473330 0.111438 0.104405
2 1 0.115345 0.211821 0.507716 0.113808 0.051311
2 1 0.173345 0.227951 0.409588 0.102403 0.086713
2 1 0.069043 0.159182 0.531139 0.131959 0.108677
2 1 0.081828 0.195027 0.459525 0.090318 0.173302
2 2 0.122301 0.187154 0.417043 0.080414 0.193088
2 2 0.072617 0.182685 0.479501 0.109485 0.155712
2 2 0.101247 0.201789 0.457567 0.128030 0.111367
2 2 0.025795 0.083740 0.530732 0.274628 0.085104
2 2 0.028808 0.087802 0.540500 0.269917 0.072973
2 2 0.023390 0.072892 0.526617 0.313722 0.063378
2 2 0.024000 0.078890 0.570683 0.272996 0.053431
2 2 0.026794 0.081860 0.555023 0.280106 0.056217
2 2 0.019065 0.060137 0.536980 0.344949 0.038869
2 2 0.016681 0.053001 0.508584 0.381670 0.040064
2 2 0.021157 0.063869 0.537963 0.337822 0.039189
2 2 0.019298 0.055491 0.501245 0.387086 0.036879
2 2 0.019422 0.063414 0.553956 0.323170 0.040038
2 2 0.035555 0.096128 0.549834 0.260406 0.058078
2 2 0.023871 0.082362 0.567634 0.259472 0.066660
2 3 0.036497 0.106749 0.521892 0.236856 0.098006
2 3 0.023030 0.071807 0.533848 0.314078 0.057238
2 3 0.032239 0.093097 0.500775 0.270997 0.102891
2 3 0.058560 0.148847 0.528071 0.171390 0.093132
2 3 0.049934 0.149774 0.551408 0.142725 0.106159
2 3 0.047760 0.141080 0.564912 0.157896 0.088351
2 3 0.053419 0.151109 0.506502 0.153707 0.135263
2 3 0.191548 0.151349 0.331478 0.132707 0.192917
0 3 0.348939 0.234177 0.270540 0.043565 0.102780
0 3 0.470462 0.156510 0.233957 0.071402 0.067669
0 3 0.518818 0.141850 0.230664 0.075050 0.033618
0 3 0.348122 0.193562 0.329578 0.088700 0.040038
2 1 0.323891 0.236837 0.337129 0.058167 0.043977
2 1 0.039394 0.108378 0.553860 0.233361 0.065008
2 1 0.033867 0.100913 0.538469 0.239980 0.086772
2 1 0.038435 0.125434 0.523325 0.171922 0.140884
2 1 0.033496 0.128568 0.539505 0.141760 0.156671
2 2 0.046362 0.133400 0.540137 0.175378 0.104723
2 2 0.040390 0.128812 0.533012 0.169339 0.128446
2 2 0.035142 0.128249 0.529430 0.149318 0.157860
2 2 0.047019 0.152929 0.510161 0.122379 0.167512
2 2 0.045495 0.130897 0.453286 0.114431 0.255892
2 2 0.038927 0.131368 0.451851 0.133697 0.244157
2 2 0.024359 0.087718 0.506240 0.245515 0.136168
2 3 0.032327 0.087715 0.526765 0.289467 0.063726
2 3 0.021185 0.072701 0.530923 0.299471 0.075720
2 3 0.021259 0.074255 0.531826 0.291617 0.081042
2 3 0.019282 0.072051 0.557594 0.281207 0.069866
2 3 0.018603 0.059985 0.503365 0.359472 0.058576
2 3 0.028159 0.080948 0.500549 0.313731 0.076614
2 3 0.017317 0.058406 0.517208 0.353444 0.053625
2 3 0.025541 0.070322 0.517117 0.339492 0.047528
2 3 0.017777 0.058059 0.521790 0.356009 0.046366
2 3 0.022035 0.068532 0.511648 0.332798 0.064987
2 3 0.023408 0.072376 0.498864 0.324631 0.080722
2 3 0.024216 0.071355 0.507062 0.332682 0.064685
2 3 0.021666 0.066349 0.512960 0.341277 0.057749
2 3 0.023278 0.070933 0.518374 0.325563 0.061853
2 3 0.024065 0.093605 0.485583 0.211148 0.185600
2 3 0.019197 0.072703 0.478795 0.284448 0.144857
2 3 0.019088 0.075872 0.479252 0.261205 0.164582
2 3 0.016375 0.065880 0.485738 0.299535 0.132471
2 3 0.016832 0.065896 0.486390 0.305467 0.125415
2 3 0.016509 0.069060 0.456552 0.270825 0.187054
2 3 0.013363 0.062004 0.469861 0.280616 0.174157
2 3 0.013870 0.061182 0.464689 0.295952 0.164307
2 3 0.016235 0.064224 0.504134 0.309873 0.105533
2 3 0.015926 0.058639 0.480995 0.349253 0.095187
2 3 0.048262 0.119539 0.490466 0.241114 0.100619
2 3 0.056145 0.118750 0.498966 0.263691 0.062447
2 3 0.048598 0.108439 0.502565 0.281675 0.058723
2 3 0.049620 0.104831 0.499325 0.294100 0.052124
2 3 0.038067 0.100036 0.534423 0.268122 0.059351
2 3 0.048361 0.114935 0.531029 0.249306 0.056368
2 3 0.041920 0.096856 0.478054 0.307752 0.075418
2 3 0.044361 0.100427 0.516253 0.291805 0.047154
2 3 0.047341 0.112742 0.490927 0.260787 0.088203
2 3 0.080051 0.127755 0.443676 0.274818 0.073700
2 3 0.037577 0.082622 0.470413 0.360044 0.049343
2 3 0.038347 0.088064 0.481790 0.334473 0.057326
2 3 0.028400 0.074912 0.487295 0.349713 0.059679
2 3 0.041903 0.095746 0.463306 0.314665 0.084380
2 3 0.034647 0.084172 0.488793 0.335270 0.057117
2 3 0.035607 0.103172 0.545076 0.241395 0.074750
2 3 0.058150 0.129767 0.497213 0.236854 0.078017
2 3 0.058885 0.096381 0.421297 0.326889 0.096549
2 3 0.044204 0.100234 0.513523 0.290158 0.051882
2 3 0.047572 0.098139 0.469965 0.324284 0.060040
2 3 0.041296 0.078627 0.463647 0.383774 0.032655
2 3 0.038294 0.084591 0.475735 0.352929 0.048451
2 3 0.044703 0.081014 0.425505 0.404906 0.043871
2 3 0.044623 0.086118 0.467828 0.361842 0.039589
2 3 0.034890 0.074097 0.466179 0.386528 0.038305
3 3 0.019907 0.049097 0.444739 0.456983 0.029274
3 3 0.026743 0.056805 0.421416 0.461808 0.033229
2 3 0.032115 0.070823 0.455659 0.398177 0.043227
2 3 0.024729 0.058687 0.464049 0.420214 0.032320
2 3 0.031699 0.064222 0.443251 0.430493 0.030336
2 3 0.037048 0.075917 0.460160 0.390047 0.036827
2 3 0.032220 0.074028 0.482437 0.369244 0.042071
2 3 0.033916 0.070971 0.444292 0.408776 0.042045
2 3 0.031223 0.075248 0.484066 0.363333 0.046130
2 3 0.042545 0.082924 0.452096 0.380692 0.041742
3 3 0.040002 0.070424 0.427808 0.432522 0.029243
2 3 0.041762 0.085319 0.466407 0.359758 0.046754
2 3 0.028085 0.066642 0.481091 0.386988 0.037195
2 3 0.029348 0.064968 0.452819 0.415787 0.037078
3 3 0.036084 0.066628 0.422464 0.442914 0.031910
2 3 0.018203 0.050081 0.477593 0.423781 0.030342
2 3 0.027390 0.060407 0.452231 0.428417 0.031555
2 3 0.018340 0.048198 0.458217 0.447193 0.028051
2 3 0.026085 0.069208 0.495410 0.361950 0.047347
2 3 0.025961 0.064324 0.466838 0.399248 0.043629
2 3 0.025051 0.058211 0.463557 0.424334 0.028848
3 3 0.030639 0.061239 0.424916 0.449258 0.033948
2 3 0.043220 0.079496 0.435677 0.402160 0.039447
2 3 0.033801 0.069306 0.454213 0.408417 0.034262
3 3 0.024425 0.054233 0.432031 0.458052 0.031259
2 3 0.018916 0.051227 0.456182 0.435435 0.038239
3 3 0.031271 0.060126 0.402414 0.472031 0.034158
3 3 0.023170 0.053779 0.445388 0.448706 0.028957
3 3 0.020930 0.050186 0.447150 0.453475 0.028260
3 3 0.029870 0.060999 0.422303 0.451582 0.035246
2 3 0.020936 0.052373 0.454786 0.439546 0.032359
2 3 0.025095 0.066867 0.484493 0.375114 0.048431
3 3 0.031641 0.062710 0.426929 0.447225 0.031494
3 3 0.024702 0.053376 0.415677 0.473160 0.033086
3 3 0.022546 0.052794 0.434773 0.456525 0.033361
3 3 0.023736 0.053301 0.431777 0.459966 0.031220
3 3 0.039763 0.066108 0.381958 0.475863 0.036308
3 3 0.037344 0.067571 0.418270 0.445662 0.031152
2 3 0.037070 0.078309 0.442181 0.388869 0.053572
2 3 0.024344 0.058665 0.441482 0.432063 0.043446
3 3 0.016403 0.041559 0.421740 0.492304 0.027994
3 3 0.015829 0.040223 0.410532 0.504942 0.028474
3 3 0.022439 0.050072 0.409022 0.485585 0.032882
2 3 0.021968 0.053588 0.460724 0.434383 0.029337
3 3 0.023140 0.044799 0.353009 0.546676 0.032376
2 3 0.024908 0.061423 0.456038 0.414255 0.043376
3 3 0.030534 0.063543 0.431650 0.437268 0.037005
2 3 0.030092 0.064581 0.441561 0.427743 0.036023
2 3 0.025411 0.060085 0.453568 0.422884 0.038052
3 3 0.025306 0.055664 0.433232 0.453327 0.032471
2 3 0.031144 0.066393 0.437315 0.423420 0.041728
3 3 0.024906 0.057504 0.426230 0.450175 0.041185
2 3 0.030704 0.068130 0.440518 0.411863 0.048785
3 3 0.030306 0.062498 0.426633 0.443474 0.037089
3 3 0.018447 0.047712 0.427651 0.468620 0.037570
2 3 0.117485 0.209035 0.455468 0.136398 0.081614
2 3 0.197163 0.172431 0.358048 0.164019 0.108339
2 2 0.282669 0.182019 0.306713 0.076519 0.152081
2 2 0.248097 0.226208 0.328254 0.068942 0.128498
2 2 0.132213 0.211264 0.363752 0.073321 0.219450
2 2 0.036986 0.146385 0.497396 0.106079 0.213154
2 2 0.042245 0.151286 0.456577 0.105662 0.244230
2 2 0.035481 0.136981 0.491910 0.121306 0.214321
2 2 0.171006 0.197419 0.325052 0.061130 0.245393
2 2 0.195042 0.174412 0.293748 0.064394 0.272404
2 2 0.029761 0.104895 0.535833 0.203629 0.125883
2 2 0.035859 0.107262 0.521038 0.230087 0.105754
2 2 0.052390 0.099708 0.434525 0.295374 0.118004
2 4 0.043936 0.113035 0.470957 0.208902 0.163171
2 4 0.048998 0.103958 0.488701 0.295357 0.062985
0 4 0.416159 0.168093 0.243718 0.092636 0.079394
2 4 0.167977 0.210055 0.448722 0.112232 0.061013
2 4 0.188777 0.218349 0.407313 0.089360 0.096200
2 1 0.121856 0.187882 0.537439 0.106115 0.046708
2 1 0.125843 0.202942 0.446877 0.151335 0.073004
2 1 0.128206 0.216496 0.407614 0.129728 0.117956
2 1 0.126467 0.214417 0.421645 0.130827 0.106644
2 1 0.123530 0.211127 0.453215 0.125850 0.086277
2 1 0.276393 0.154503 0.286307 0.081571 0.201227
2 1 0.132584 0.207400 0.464653 0.106142 0.089220
2 1 0.061970 0.159103 0.503971 0.154802 0.120155
4 1 0.054520 0.160489 0.351251 0.073133 0.360607
4 1 0.230052 0.155270 0.260267 0.084194 0.270218
2 1 0.162083 0.197944 0.383476 0.103578 0.152918
2 1 0.050223 0.158264 0.500119 0.126487 0.164908
4 4 0.052022 0.156050 0.348002 0.061865 0.382061
2 4 0.055617 0.150370 0.394621 0.077680 0.321712
4 4 0.109533 0.162921 0.255463 0.039962 0.432121
4 4 0.195321 0.184949 0.266064 0.055185 0.298482
4 4 0.217604 0.162295 0.279125 0.060434 0.280541
2 4 0.029468 0.092047 0.517583 0.260978 0.099924
2 4 0.044304 0.118040 0.475551 0.195021 0.167084
2 4 0.027761 0.103144 0.497841 0.194903 0.176350
2 4 0.029262 0.107516 0.414592 0.160424 0.288207
2 4 0.026267 0.106519 0.464602 0.161345 0.241266
2 4 0.024408 0.098195 0.501469 0.192411 0.183517
2 4 0.021864 0.097011 0.452849 0.162048 0.266228
2 4 0.027838 0.106992 0.442062 0.163785 0.259324
2 4 0.025272 0.097874 0.465097 0.192228 0.219529
2 4 0.095173 0.113638 0.370039 0.303640 0.117510
2 4 0.060785 0.153101 0.442780 0.113457 0.229877
2 4 0.080648 0.157144 0.453189 0.170088 0.138931
4 4 0.067652 0.136797 0.348839 0.073749 0.372963
2 4 0.083995 0.148366 0.376061 0.094675 0.296903
2 4 0.067025 0.145496 0.407238 0.112723 0.267518
2 4 0.126902 0.136329 0.326654 0.106526 0.303589
2 4 0.080741 0.191490 0.392317 0.108139 0.227313
2 4 0.129345 0.206587 0.383162 0.106050 0.174857
2 4 0.116283 0.187839 0.390267 0.094490 0.211121
0 4 0.427968 0.182246 0.191537 0.089250 0.108999
2 4 0.033283 0.104366 0.498568 0.229843 0.133939
2 4 0.026398 0.095692 0.514549 0.221494 0.141866
2 4 0.041342 0.114003 0.496413 0.233390 0.114851
2 4 0.023520 0.078420 0.500557 0.290736 0.106766
2 4 0.028369 0.082260 0.491733 0.308648 0.088990
2 4 0.160220 0.163704 0.352662 0.147221 0.176193
2 4 0.059896 0.161043 0.474713 0.144820 0.159528
2 4 0.089823 0.156298 0.439065 0.209314 0.105501
2 4 0.296047 0.201401 0.323684 0.094800 0.084068
2 4 0.142231 0.195859 0.434406 0.146024 0.081480
2 4 0.259193 0.164075 0.359729 0.157980 0.059023
2 4 0.169012 0.207190 0.479387 0.089876 0.054535
2 4 0.176392 0.204386 0.460453 0.109270 0.049499
2 4 0.112877 0.185624 0.526852 0.133005 0.041642
2 4 0.123871 0.187169 0.512034 0.131105 0.045822
2 4 0.217055 0.224882 0.406182 0.092183 0.059699
2 4 0.112837 0.207491 0.487742 0.126572 0.065357
0 4 0.408974 0.205545 0.273425 0.061878 0.050177
0 0 0.424633 0.158084 0.271115 0.105680 0.040488
0 0 0.407718 0.153727 0.291392 0.098677 0.048486
0 0 0.786615 0.093257 0.078191 0.022504 0.019432
0 0 0.630878 0.149445 0.133945 0.061187 0.024545
0 0 0.452462 0.202211 0.259707 0.061099 0.024520
0 0 0.528545 0.190336 0.204984 0.047836 0.028299
0 0 0.611772 0.175198 0.161250 0.030753 0.021027
2 0 0.208563 0.188636 0.427342 0.100215 0.075243
2 0 0.205486 0.193115 0.413000 0.146529 0.041869
2 0 0.198358 0.176741 0.394259 0.121364 0.109278
2 0 0.185446 0.174268 0.368871 0.084909 0.186507
2 0 0.105906 0.198134 0.491632 0.131640 0.072688
2 0 0.079498 0.156830 0.500337 0.194104 0.069230
2 1 0.066212 0.146201 0.504033 0.199607 0.083948
2 1 0.083325 0.165774 0.497713 0.179046 0.074142
2 4 0.089632 0.145428 0.474312 0.215419 0.075208
2 4 0.202961 0.174340 0.366054 0.104697 0.151948
0 4 0.712199 0.118170 0.110367 0.042112 0.017152
0 4 0.754274 0.108321 0.080218 0.044238 0.012949
0 4 0.704378 0.128513 0.107142 0.035815 0.024153
0 4 0.588807 0.133892 0.198414 0.060457 0.018430
0 4 0.415510 0.210527 0.296101 0.060731 0.017131
2 4 0.124857 0.154983 0.448980 0.197168 0.074011
2 4 0.067312 0.134635 0.508888 0.233368 0.055796
2 4 0.035347 0.133915 0.439320 0.119841 0.271577
2 4 0.035340 0.131733 0.388308 0.086929 0.357689
2 4 0.033215 0.130819 0.429185 0.111441 0.295340
2 4 0.032822 0.122239 0.463973 0.144966 0.236001
2 4 0.037311 0.130166 0.414790 0.103147 0.314586
4 4 0.065511 0.142940 0.330983 0.089803 0.370762
2 4 0.028840 0.114990 0.486887 0.152515 0.216767
2 4 0.033783 0.126064 0.392102 0.093537 0.354513
2 2 0.032170 0.117111 0.388302 0.085883 0.376534
2 2 0.026068 0.113245 0.432447 0.123399 0.304841
2 2 0.034694 0.128026 0.442375 0.115011 0.279895
2 2 0.070590 0.138430 0.404176 0.128502 0.258302
2 2 0.049312 0.145810 0.425526 0.108101 0.271250
2 2 0.039939 0.127706 0.512689 0.178153 0.141514
2 2 0.025653 0.108310 0.414752 0.127075 0.324210
2 2 0.084234 0.122746 0.344149 0.146795 0.302077
2 2 0.024628 0.098507 0.447406 0.177745 0.251714
2 2 0.024696 0.105725 0.434502 0.142563 0.292515
2 2 0.026978 0.118848 0.420823 0.109390 0.323962
2 2 0.042417 0.131357 0.371307 0.087293 0.367626
2 2 0.056683 0.138692 0.427208 0.124101 0.253316
4 2 0.051288 0.112049 0.334705 0.084280 0.417678
2 4 0.031318 0.125827 0.399189 0.091777 0.351889
2 4 0.126924 0.184284 0.415958 0.114135 0.158699
2 4 0.138299 0.161785 0.362719 0.087854 0.249343
0 4 0.274927 0.213140 0.272381 0.056410 0.183141
2 4 0.060585 0.177764 0.482006 0.112282 0.167363
2 4 0.072518 0.182039 0.481046 0.126874 0.137522
2 4 0.128756 0.175710 0.432061 0.142289 0.121183
2 4 0.121207 0.185987 0.465762 0.148015 0.079029
2 1 0.270003 0.183245 0.329314 0.124324 0.093114
2 1 0.104905 0.200705 0.457213 0.122691 0.114486
2 1 0.092722 0.185364 0.469486 0.153420 0.099008
2 1 0.045659 0.130393 0.521154 0.189526 0.113268
2 1 0.108226 0.188348 0.414421 0.110971 0.178034
2 1 0.069373 0.129668 0.505905 0.228622 0.066432
2 1 0.090681 0.184102 0.475798 0.147573 0.101846
2 1 0.165459 0.182902 0.401104 0.162917 0.087619
2 1 0.085904 0.182427 0.502494 0.146611 0.082564
2 1 0.064986 0.155876 0.523378 0.170266 0.085495
2 1 0.065439 0.155636 0.524544 0.171973 0.082409
2 1 0.122806 0.159871 0.451845 0.201945 0.063533
2 1 0.233294 0.137023 0.344211 0.211669 0.073802
2 1 0.099781 0.141062 0.505731 0.191367 0.062059
2 1 0.101842 0.181891 0.492081 0.134255 0.089931
2 1 0.073849 0.155724 0.494051 0.141070 0.135307
2 1 0.070091 0.155056 0.508014 0.182701 0.084138
2 1 0.076480 0.160543 0.491695 0.181595 0.089688
2 1 0.037129 0.107500 0.489937 0.236527 0.128908
2 2 0.074985 0.118498 0.406397 0.322264 0.077857
2 2 0.028584 0.076791 0.519671 0.325882 0.049072
2 2 0.041275 0.119228 0.498686 0.211007 0.129804
2 2 0.034122 0.095857 0.515143 0.272426 0.082452
2 2 0.061273 0.149791 0.509865 0.181223 0.097848
2 2 0.109484 0.172774 0.463736 0.190219 0.063786
2 2 0.203915 0.172328 0.374452 0.141867 0.107438
2 2 0.122132 0.177358 0.394300 0.123755 0.182456
2 2 0.114088 0.161932 0.413183 0.182375 0.128421
2 2 0.087178 0.162746 0.460421 0.177000 0.112655
2 2 0.055853 0.141320 0.460226 0.165428 0.177173
2 2 0.030341 0.125693 0.423902 0.109531 0.310533
2 2 0.041417 0.135724 0.448334 0.150052 0.224473
2 2 0.063351 0.137543 0.410873 0.141607 0.246626
2 2 0.055909 0.158467 0.465420 0.137286 0.182918
2 2 0.050428 0.153862 0.455292 0.131067 0.209351
2 2 0.115597 0.151284 0.374576 0.202330 0.156214
2 2 0.054911 0.155709 0.493539 0.150954 0.144886
2 2 0.032924 0.125402 0.452633 0.118504 0.270537
2 2 0.027373 0.101248 0.511280 0.205284 0.154815
2 2 0.021090 0.091605 0.420810 0.167691 0.298803
2 2 0.023673 0.103068 0.436825 0.148033 0.288401
2 2 0.023284 0.097282 0.448058 0.173941 0.257435
2 2 0.023379 0.094385 0.478571 0.198346 0.205318
2 2 0.033089 0.107602 0.449120 0.210628 0.199562
2 2 0.024534 0.102539 0.480110 0.171431 0.221387
2 2 0.025425 0.094554 0.462094 0.212325 0.205602
2 2 0.024343 0.091223 0.525855 0.228696 0.129882
2 2 0.028470 0.097074 0.497855 0.228374 0.148227
2 2 0.029877 0.100849 0.480993 0.223108 0.165174
2 2 0.024413 0.095062 0.480881 0.205923 0.193721
2 2 0.018982 0.082799 0.476375 0.216392 0.205451
2 2 0.024637 0.099112 0.503425 0.190410 0.182415
2 2 0.016469 0.063685 0.492037 0.317309 0.110499
2 2 0.020966 0.076962 0.480542 0.275615 0.145915
2 2 0.021498 0.071685 0.503378 0.314015 0.089424
2 2 0.019101 0.067341 0.493615 0.321269 0.098674
2 2 0.016068 0.061378 0.484069 0.329902 0.108583
2 2 0.022028 0.075953 0.502928 0.292695 0.106396
2 2 0.036525 0.104150 0.482006 0.249115 0.128204
2 2 0.042705 0.103417 0.436477 0.246473 0.170929
2 2 0.129173 0.164953 0.337587 0.112106 0.256181
2 2 0.039425 0.116951 0.523312 0.211932 0.108380
2 2 0.054273 0.121417 0.490186 0.251104 0.083019
2 2 0.171627 0.152866 0.367478 0.178493 0.129536
2 2 0.054302 0.160591 0.445444 0.128559 0.211104
2 2 0.040391 0.138026 0.463136 0.136396 0.222051
2 2 0.055124 0.154502 0.479071 0.149728 0.161574
2 2 0.047010 0.151669 0.466447 0.130035 0.204839
2 2 0.015699 0.055638 0.480837 0.368941 0.078885
2 2 0.035197 0.089359 0.438965 0.322204 0.114275
2 2 0.026408 0.076797 0.472948 0.330080 0.093767
2 2 0.025086 0.078029 0.483587 0.312072 0.101226
2 2 0.020956 0.072128 0.511121 0.305267 0.090528
2 2 0.021411 0.065903 0.477146 0.356732 0.078809
2 2 0.019025 0.074531 0.524116 0.272031 0.110298
2 2 0.020660 0.065065 0.506690 0.344492 0.063093
2 2 0.024991 0.075494 0.458592 0.327014 0.113909
2 2 0.023206 0.074453 0.465158 0.316248 0.120935
2 3 0.244959 0.166049 0.269853 0.098594 0.220546
2 3 0.044985 0.137180 0.500594 0.157397 0.159844
2 3 0.052833 0.159315 0.445052 0.124288 0.218512
2 3 0.039082 0.145191 0.441836 0.104887 0.269005
2 3 0.033696 0.136047 0.455691 0.109872 0.264693
2 3 0.220449 0.146962 0.369870 0.157970 0.104749
2 2 0.246445 0.177693 0.360568 0.138820 0.076474
2 2 0.117158 0.200970 0.459805 0.122649 0.099419
2 2 0.165114 0.223599 0.412841 0.119361 0.079084
2 2 0.177180 0.190804 0.381151 0.164509 0.086357
2 2 0.098109 0.186864 0.501710 0.141929 0.071389
2 2 0.125414 0.168411 0.351282 0.113410 0.241483
2 2 0.212087 0.175602 0.374835 0.105253 0.132222
2 2 0.171899 0.193056 0.415368 0.149729 0.069947
2 2 0.106958 0.196513 0.469243 0.143098 0.084188
2 2 0.177749 0.213677 0.392381 0.093998 0.122195
2 2 0.197008 0.217908 0.321311 0.068612 0.195161
2 2 0.092422 0.198745 0.421251 0.106861 0.180721
2 2 0.262208 0.147443 0.294250 0.122818 0.173281
2 2 0.166587 0.214560 0.407505 0.113446 0.097901
2 2 0.038915 0.107337 0.521532 0.246091 0.086125
2 2 0.016690 0.080416 0.432181 0.174999 0.295714
2 2 0.015627 0.075277 0.429651 0.199413 0.280033
2 2 0.022533 0.087240 0.406681 0.199798 0.283748
2 2 0.020725 0.083862 0.411145 0.202511 0.281757
4 2 0.032159 0.118410 0.378247 0.064851 0.406332
2 2 0.033535 0.124920 0.392625 0.095920 0.352999
4 2 0.073553 0.122734 0.305463 0.087734 0.410516
2 2 0.040182 0.135079 0.501749 0.147473 0.175517
2 2 0.060364 0.147029 0.380362 0.092918 0.319328
2 2 0.128715 0.230619 0.358707 0.082681 0.199278
0 2 0.375909 0.164258 0.263538 0.087540 0.108755
2 0 0.275160 0.208144 0.379291 0.083528 0.053878
0 1 0.428685 0.189782 0.261021 0.060336 0.060177
0 1 0.324334 0.217344 0.307277 0.091655 0.059390
2 1 0.183390 0.153667 0.369377 0.220099 0.073467
2 1 0.151353 0.204489 0.453399 0.127859 0.062899
0 1 0.336545 0.174691 0.296611 0.121500 0.070653
2 1 0.096622 0.188712 0.490330 0.137251 0.087086
2 1 0.118085 0.205159 0.416858 0.141569 0.118329
2 1 0.149269 0.140774 0.369019 0.149164 0.191774
2 1 0.126578 0.192385 0.366427 0.073761 0.240849
2 1 0.153824 0.171453 0.354049 0.143298 0.177376
2 1 0.037427 0.140232 0.383848 0.079202 0.359290
4 1 0.046515 0.144160 0.345854 0.052323 0.411149
4 1 0.053148 0.138061 0.347061 0.082009 0.379721
2 1 0.053392 0.151468 0.464078 0.144590 0.186472
4 1 0.160174 0.149708 0.272630 0.074949 0.342537
2 1 0.104159 0.164773 0.442204 0.141398 0.147465
2 1 0.059962 0.163397 0.492147 0.137953 0.146541
2 1 0.051428 0.144970 0.498958 0.162273 0.142371
2 1 0.038196 0.138435 0.501389 0.130719 0.191261
2 1 0.039253 0.137410 0.445413 0.124919 0.253004
2 1 0.141066 0.144010 0.350589 0.144918 0.219416
2 1 0.059393 0.150477 0.529360 0.160537 0.100234
2 1 0.105668 0.195042 0.352547 0.117849 0.228894
4 1 0.058262 0.145854 0.308581 0.038465 0.448837
4 1 0.053852 0.146855 0.336118 0.057642 0.405534
4 1 0.043644 0.139971 0.362017 0.068584 0.385782
4 1 0.073570 0.135011 0.306263 0.072744 0.412411
2 1 0.142062 0.161808 0.405236 0.143020 0.147874
2 1 0.082206 0.143387 0.492763 0.157201 0.124443
2 1 0.029879 0.116690 0.475628 0.150139 0.227665
2 1 0.036076 0.128447 0.499336 0.149248 0.186892
2 1 0.035791 0.129381 0.525206 0.148466 0.161156
2 1 0.027778 0.103826 0.454119 0.180811 0.233466
2 1 0.029580 0.108802 0.400387 0.127259 0.333972
2 1 0.044980 0.115123 0.402220 0.200769 0.236909
2 1 0.022594 0.091675 0.468670 0.200647 0.216413
2 1 0.017241 0.076388 0.422515 0.212344 0.271513
2 1 0.012573 0.053033 0.421618 0.339148 0.173628
