2 0 0.160489 0.235319 0.359175 0.045597 0.199420
0 0 0.342620 0.190293 0.304698 0.049302 0.113087
2 0 0.177855 0.244583 0.371265 0.050090 0.156207
4 1 0.101414 0.141834 0.221607 0.036563 0.498583
4 1 0.115358 0.179317 0.277202 0.052716 0.375406
4 1 0.041583 0.108170 0.317157 0.076279 0.456812
4 1 0.085632 0.164442 0.338142 0.059006 0.352779
4 1 0.047406 0.126236 0.354167 0.089455 0.382736
4 2 0.046445 0.109184 0.299835 0.063211 0.481325
2 2 0.047541 0.130801 0.376458 0.093410 0.351790
4 2 0.058019 0.121854 0.284826 0.061260 0.474041
4 2 0.040270 0.116440 0.376537 0.086896 0.379857
4 2 0.053475 0.122789 0.306292 0.071489 0.445955
4 2 0.071001 0.147724 0.334464 0.063406 0.383404
2 2 0.090090 0.174283 0.354356 0.060938 0.320333
0 2 0.351675 0.166519 0.304329 0.068405 0.109072
2 2 0.162475 0.217194 0.319095 0.033447 0.267789
4 2 0.140616 0.197060 0.288513 0.041143 0.332668
4 2 0.134577 0.156268 0.208921 0.026931 0.473304
2 2 0.179608 0.230061 0.332241 0.036783 0.221308
4 2 0.128295 0.162070 0.271625 0.058933 0.379076
4 2 0.077174 0.127538 0.245383 0.041633 0.508272
4 2 0.053199 0.105385 0.267394 0.042495 0.531526
4 2 0.069395 0.112740 0.236665 0.032621 0.548578
4 2 0.084328 0.136502 0.244474 0.045071 0.489626
4 2 0.052500 0.104848 0.268546 0.042794 0.531313
4 2 0.078809 0.141741 0.273433 0.054935 0.451082
4 2 0.061413 0.132483 0.310842 0.066464 0.428798
4 2 0.090422 0.162764 0.334682 0.048106 0.364026
2 2 0.078157 0.160506 0.349414 0.065116 0.346807
4 2 0.106209 0.143947 0.216995 0.035390 0.497458
4 2 0.091820 0.155179 0.286713 0.049015 0.417274
4 2 0.144220 0.198010 0.288269 0.038841 0.330660
4 2 0.128285 0.142308 0.185624 0.024003 0.519780
4 2 0.110837 0.139797 0.210763 0.027814 0.510789
4 2 0.104046 0.116189 0.179298 0.017162 0.583305
4 2 0.138502 0.162971 0.219899 0.027700 0.450928
4 2 0.125217 0.145886 0.193700 0.027412 0.507785
4 2 0.109245 0.134791 0.200019 0.026516 0.529429
4 1 0.138937 0.128484 0.156912 0.014518 0.561150
4 1 0.060482 0.109476 0.253641 0.038116 0.538285
4 1 0.059399 0.103653 0.244214 0.032418 0.560316
4 1 0.056367 0.110336 0.267811 0.044910 0.520577
4 1 0.093969 0.127522 0.212859 0.028728 0.536922
4 1 0.043659 0.095712 0.279833 0.043941 0.536855
4 1 0.086809 0.123238 0.218651 0.029466 0.541837
4 1 0.101496 0.135956 0.213241 0.031326 0.517980
4 1 0.113072 0.137537 0.198509 0.026751 0.524131
4 1 0.091769 0.134237 0.227034 0.036118 0.510842
4 1 0.127603 0.143119 0.187429 0.024733 0.517116
4 1 0.089105 0.125624 0.218364 0.030058 0.536849
4 1 0.047945 0.109306 0.294445 0.059582 0.488722
4 1 0.074286 0.132440 0.284546 0.043078 0.465650
4 1 0.064648 0.116330 0.255785 0.041805 0.521432
4 1 0.088432 0.141045 0.243065 0.046428 0.481029
4 1 0.082329 0.125566 0.231242 0.034804 0.526058
4 1 0.085874 0.135910 0.240551 0.042846 0.494820
4 1 0.128922 0.169152 0.252117 0.032713 0.417097
4 1 0.073220 0.120896 0.242868 0.037893 0.525123
4 1 0.131021 0.155901 0.237607 0.041775 0.433697
4 1 0.050252 0.109074 0.285580 0.053868 0.501226
4 1 0.074111 0.130896 0.261353 0.048189 0.485451
4 1 0.061517 0.121708 0.274395 0.054341 0.488039
4 1 0.053653 0.104876 0.264747 0.041076 0.535649
4 1 0.064844 0.129205 0.277899 0.061242 0.466810
4 1 0.117472 0.141500 0.197914 0.027612 0.515502
4 1 0.138504 0.129087 0.158094 0.014839 0.559477
4 1 0.065209 0.111733 0.245257 0.035540 0.542261
4 4 0.074936 0.131211 0.256343 0.048891 0.488619
4 4 0.070807 0.121201 0.249131 0.040764 0.518097
4 4 0.052356 0.109823 0.279842 0.050973 0.507006
4 4 0.056960 0.116057 0.277423 0.052982 0.496577
4 4 0.056207 0.118070 0.283555 0.057971 0.484197
4 4 0.054710 0.101942 0.254631 0.035717 0.553000
4 4 0.053934 0.115337 0.285649 0.057640 0.487439
4 4 0.053461 0.114758 0.286085 0.057564 0.488131
4 4 0.046782 0.112746 0.305612 0.070310 0.464550
4 4 0.061493 0.126306 0.282319 0.062463 0.467418
4 4 0.066259 0.125548 0.273412 0.050799 0.483982
4 4 0.052271 0.115023 0.290556 0.060708 0.481442
4 4 0.046918 0.117740 0.314001 0.082499 0.438841
4 4 0.044859 0.121628 0.343765 0.093291 0.396458
4 4 0.048650 0.111166 0.295651 0.061639 0.482895
4 4 0.040234 0.111530 0.328805 0.091885 0.427545
4 4 0.082445 0.124680 0.230090 0.034075 0.528710
4 4 0.094562 0.119572 0.199027 0.022594 0.564245
4 4 0.058676 0.110048 0.260134 0.041166 0.529975
4 4 0.058052 0.123461 0.287485 0.064278 0.466725
4 4 0.054134 0.118904 0.291633 0.064128 0.471201
4 4 0.055708 0.116358 0.281911 0.055881 0.490143
4 4 0.069514 0.125200 0.259315 0.047557 0.498414
4 4 0.096278 0.141688 0.229885 0.040166 0.491983
4 4 0.113550 0.169145 0.274422 0.041959 0.400923
4 4 0.075189 0.150432 0.318583 0.064025 0.391772
4 2 0.084634 0.146112 0.265287 0.054293 0.449674
2 2 0.137843 0.209555 0.327540 0.045732 0.279331
4 2 0.081790 0.161607 0.328090 0.066458 0.362056
4 2 0.103722 0.162968 0.269447 0.048171 0.415691
4 2 0.098370 0.175412 0.327757 0.056028 0.342433
4 2 0.149323 0.205637 0.301666 0.038099 0.305276
2 2 0.268152 0.181858 0.321433 0.039569 0.188988
2 2 0.158857 0.224561 0.338272 0.037327 0.240983
2 2 0.114424 0.189659 0.328405 0.050796 0.316717
2 2 0.142582 0.226138 0.354167 0.049737 0.227376
2 2 0.145752 0.232616 0.367715 0.048435 0.205483
4 2 0.126843 0.144012 0.189432 0.025564 0.514149
4 2 0.097679 0.140497 0.235982 0.034833 0.491008
4 2 0.175889 0.191573 0.258364 0.021012 0.353161
4 2 0.163243 0.163725 0.256929 0.052373 0.363730
4 2 0.141955 0.182860 0.257709 0.034159 0.383317
2 2 0.175008 0.238004 0.400862 0.036726 0.149400
2 2 0.155520 0.238607 0.406256 0.047340 0.152277
2 2 0.144626 0.226021 0.436490 0.065724 0.127139
2 2 0.147262 0.216326 0.412852 0.052309 0.171252
2 2 0.163083 0.229027 0.423931 0.049537 0.134422
2 2 0.184611 0.248443 0.394401 0.045659 0.126887
2 2 0.172695 0.245145 0.378893 0.049996 0.153270
2 2 0.185751 0.228378 0.422098 0.053405 0.110368
2 2 0.161459 0.239511 0.394552 0.058074 0.146404
2 2 0.193413 0.220818 0.305496 0.042602 0.237671
2 2 0.166358 0.234370 0.404000 0.054469 0.140803
2 2 0.190119 0.230955 0.411695 0.046412 0.120818
2 3 0.167387 0.227840 0.435518 0.067622 0.101633
2 3 0.197484 0.233975 0.394281 0.046862 0.127398
2 3 0.201031 0.232850 0.414690 0.050794 0.100634
2 3 0.196981 0.232608 0.424236 0.046501 0.099675
2 3 0.172185 0.240819 0.380255 0.060101 0.146640
2 3 0.199202 0.228703 0.367716 0.053469 0.150910
2 3 0.123257 0.227620 0.393507 0.063939 0.191677
2 3 0.156222 0.234255 0.382298 0.044765 0.182460
2 3 0.242939 0.199661 0.353024 0.077908 0.126468
2 3 0.150612 0.231780 0.482729 0.057720 0.077160
2 3 0.154416 0.233128 0.448136 0.054894 0.109426
2 3 0.161078 0.249663 0.399120 0.053097 0.137042
2 3 0.135483 0.222555 0.448761 0.077301 0.115899
2 3 0.151626 0.229517 0.400554 0.053224 0.165079
2 2 0.155681 0.232293 0.375816 0.044589 0.191621
2 2 0.147206 0.225022 0.415778 0.061479 0.150514
2 2 0.142024 0.237544 0.453839 0.061870 0.104723
2 2 0.171187 0.225598 0.430445 0.047021 0.125748
2 2 0.178320 0.219925 0.429950 0.056692 0.115113
2 2 0.181737 0.242915 0.422547 0.056372 0.096429
2 2 0.192643 0.242775 0.351841 0.048279 0.164462
2 2 0.160200 0.238305 0.447637 0.059259 0.094599
2 2 0.187682 0.236547 0.389682 0.050055 0.136034
2 2 0.172015 0.223026 0.410773 0.046623 0.147563
2 2 0.181496 0.243760 0.419382 0.052885 0.102477
2 2 0.233692 0.225189 0.367476 0.040022 0.133621
2 2 0.179516 0.246645 0.435294 0.053067 0.085478
2 2 0.182021 0.231976 0.405360 0.061534 0.119110
2 2 0.153696 0.239977 0.449283 0.051709 0.105336
2 2 0.219816 0.230552 0.366165 0.045699 0.137768
2 3 0.142922 0.227497 0.456199 0.067520 0.105862
2 3 0.151440 0.234415 0.432818 0.055277 0.126051
2 3 0.154067 0.234844 0.415548 0.057857 0.137684
2 2 0.169144 0.243546 0.415792 0.038922 0.132596
2 2 0.160117 0.220869 0.419149 0.055089 0.144776
2 2 0.145594 0.234334 0.412247 0.056928 0.150897
2 2 0.202980 0.242074 0.379395 0.045331 0.130220
2 2 0.176898 0.228352 0.431319 0.059848 0.103583
2 2 0.225750 0.223366 0.381311 0.051126 0.118447
2 2 0.230373 0.248065 0.399469 0.042045 0.080048
2 2 0.253134 0.225397 0.347170 0.046120 0.128178
2 2 0.217274 0.233016 0.376582 0.062199 0.110930
2 2 0.196385 0.231606 0.441333 0.055611 0.075064
0 2 0.303552 0.208231 0.256470 0.047025 0.184723
2 2 0.208861 0.228877 0.455104 0.029862 0.077296
2 2 0.183789 0.234511 0.390169 0.069107 0.122424
2 2 0.216164 0.226809 0.417412 0.051235 0.088380
2 2 0.194805 0.234933 0.450218 0.055938 0.064107
0 2 0.410952 0.221710 0.312211 0.035279 0.019848
0 2 0.401094 0.227736 0.317137 0.035229 0.018803
0 0 0.716481 0.098744 0.135100 0.034415 0.015260
0 0 0.765828 0.091292 0.105349 0.021641 0.015890
0 1 0.538508 0.181247 0.206149 0.022431 0.051665
2 1 0.159151 0.236205 0.406499 0.046320 0.151825
4 1 0.076740 0.130171 0.253580 0.044341 0.495167
2 1 0.125074 0.210900 0.362902 0.051673 0.249451
2 2 0.116917 0.198052 0.342637 0.053657 0.288737
2 2 0.122111 0.199924 0.332367 0.052136 0.293462
2 2 0.128879 0.217986 0.364628 0.055904 0.232603
2 2 0.130469 0.227278 0.403983 0.066199 0.172072
2 2 0.070874 0.174531 0.450352 0.075761 0.228482
2 2 0.068814 0.177236 0.468509 0.096234 0.189207
2 2 0.069167 0.172529 0.468541 0.070394 0.219369
2 2 0.048095 0.142044 0.392828 0.122246 0.294787
2 2 0.044146 0.139237 0.415999 0.126576 0.274042
2 2 0.053487 0.156971 0.475723 0.094016 0.219803
2 3 0.038129 0.125996 0.400803 0.131019 0.304054
2 3 0.038942 0.121790 0.379674 0.117361 0.342234
2 3 0.062932 0.164644 0.417208 0.097680 0.257536
2 3 0.051349 0.142593 0.397935 0.100356 0.307767
2 3 0.056826 0.155267 0.405670 0.106598 0.275640
2 3 0.062021 0.154834 0.372549 0.097072 0.313524
2 3 0.057117 0.158387 0.499719 0.098720 0.186057
2 3 0.102149 0.210851 0.432334 0.076064 0.178602
2 3 0.116850 0.215016 0.435763 0.072475 0.159896
2 3 0.143076 0.213271 0.390682 0.066421 0.186550
2 3 0.082971 0.180895 0.541251 0.095835 0.099047
2 2 0.096830 0.195255 0.380076 0.072457 0.255383
2 2 0.077007 0.181186 0.419525 0.097709 0.224572
2 2 0.074232 0.179749 0.490924 0.086299 0.168796
2 2 0.091717 0.192715 0.405422 0.069799 0.240347
2 2 0.103294 0.201817 0.398517 0.071138 0.225235
2 2 0.110052 0.208757 0.396377 0.067186 0.217629
2 2 0.226382 0.204659 0.333786 0.057923 0.177250
2 2 0.144137 0.232020 0.440911 0.057159 0.125773
2 2 0.149272 0.228848 0.462259 0.053927 0.105693
2 2 0.174128 0.229144 0.478187 0.043682 0.074860
2 2 0.150820 0.236149 0.461462 0.055976 0.095594
2 2 0.092449 0.199236 0.485298 0.094300 0.128716
2 2 0.136888 0.224982 0.474048 0.067545 0.096537
2 2 0.090577 0.192082 0.526341 0.084551 0.106448
2 2 0.108506 0.210264 0.481017 0.084175 0.116038
2 2 0.079828 0.188216 0.468810 0.090924 0.172222
2 3 0.125790 0.231535 0.434943 0.059986 0.147746
2 3 0.123098 0.228076 0.402504 0.061372 0.184950
2 3 0.106643 0.216799 0.410996 0.072703 0.192858
2 3 0.092740 0.194796 0.403094 0.071831 0.237539
2 3 0.207097 0.163267 0.345219 0.100494 0.183923
4 3 0.056405 0.120472 0.287292 0.062074 0.473757
4 3 0.047221 0.114380 0.307049 0.072871 0.458479
4 3 0.041988 0.114046 0.326083 0.091713 0.426170
4 3 0.036617 0.105957 0.334339 0.091582 0.431505
4 3 0.025766 0.094561 0.367856 0.123602 0.388214
4 3 0.036406 0.104266 0.332119 0.087075 0.440134
4 3 0.040245 0.111678 0.329009 0.092311 0.426757
4 3 0.041798 0.112397 0.328927 0.084982 0.431896
4 3 0.031245 0.098845 0.352304 0.094381 0.423224
4 3 0.034020 0.106396 0.358061 0.102061 0.399462
2 3 0.040542 0.127384 0.476645 0.152243 0.203187
2 3 0.080383 0.141790 0.357086 0.128746 0.291995
2 3 0.032505 0.115351 0.488685 0.175579 0.187879
2 3 0.048144 0.129657 0.425763 0.135806 0.260630
2 3 0.151234 0.169514 0.335665 0.086037 0.257551
2 3 0.081260 0.168565 0.454310 0.107685 0.188180
2 3 0.126989 0.180771 0.386749 0.089201 0.216290
2 1 0.090685 0.178508 0.440661 0.117658 0.172487
2 1 0.085324 0.166863 0.429128 0.111663 0.207021
2 1 0.087556 0.152120 0.398872 0.130999 0.230452
2 1 0.260797 0.228195 0.350339 0.079180 0.081490
0 2 0.344036 0.231981 0.299947 0.066495 0.057541
0 2 0.406749 0.204714 0.260512 0.045162 0.082863
0 2 0.664307 0.107112 0.166658 0.038146 0.023778
0 1 0.406794 0.203697 0.193194 0.021697 0.174618
4 2 0.062916 0.117951 0.263591 0.046335 0.509207
4 2 0.036857 0.085174 0.281668 0.040033 0.556268
4 2 0.025764 0.084482 0.346067 0.079379 0.464308
4 4 0.029272 0.081370 0.313059 0.053279 0.523020
4 4 0.022702 0.073541 0.334945 0.060981 0.507831
4 4 0.035245 0.080597 0.275730 0.035795 0.572633
4 4 0.041443 0.085183 0.260318 0.031954 0.581102
4 4 0.032681 0.079902 0.287517 0.040162 0.559738
4 4 0.046924 0.084433 0.236414 0.024470 0.607758
4 4 0.043731 0.078235 0.230159 0.021385 0.626490
4 4 0.037624 0.085319 0.278302 0.038702 0.560053
4 4 0.036794 0.080628 0.267939 0.032996 0.581643
4 4 0.042141 0.088939 0.268082 0.036106 0.564732
4 4 0.041087 0.089997 0.275639 0.039559 0.553718
4 4 0.042278 0.088319 0.265751 0.034993 0.568660
4 4 0.034926 0.085004 0.291153 0.044135 0.544783
4 4 0.033874 0.087263 0.303572 0.051576 0.523715
4 4 0.032615 0.085785 0.306308 0.052210 0.523082
4 4 0.036478 0.085986 0.286008 0.042269 0.549259
4 4 0.029388 0.080407 0.309211 0.050607 0.530387
4 4 0.033120 0.086961 0.306896 0.053242 0.519781
4 4 0.034865 0.091703 0.310627 0.058487 0.504318
4 4 0.041191 0.094918 0.288415 0.047754 0.527723
4 4 0.059066 0.103921 0.245778 0.033070 0.558164
4 4 0.123645 0.136378 0.183486 0.022057 0.534435
2 4 0.121338 0.200584 0.364683 0.044210 0.269186
4 4 0.160501 0.171366 0.233137 0.022943 0.412054
4 4 0.159830 0.197219 0.277565 0.029183 0.336203
2 4 0.152521 0.219076 0.332554 0.039675 0.256174
4 4 0.134217 0.184406 0.278325 0.036791 0.366262
2 4 0.087973 0.188003 0.405661 0.070568 0.247795
2 4 0.105081 0.201622 0.389314 0.063846 0.240136
2 4 0.120417 0.201110 0.338051 0.054144 0.286277
2 4 0.150553 0.219241 0.373919 0.053221 0.203067
2 4 0.112430 0.214304 0.449281 0.090016 0.133969
2 2 0.149274 0.228202 0.456925 0.061881 0.103717
2 2 0.136893 0.224974 0.452228 0.074463 0.111443
2 2 0.141027 0.235668 0.445332 0.063458 0.114515
2 2 0.085790 0.194917 0.417375 0.085802 0.216116
2 2 0.127048 0.222138 0.385905 0.054506 0.210403
2 2 0.305754 0.166007 0.368438 0.074402 0.085399
2 2 0.173342 0.234413 0.435349 0.042025 0.114870
2 2 0.177533 0.231144 0.388655 0.037532 0.165136
2 2 0.164325 0.249222 0.448934 0.040679 0.096841
2 2 0.172396 0.247130 0.427957 0.036786 0.115732
2 2 0.151931 0.243059 0.443463 0.051085 0.110462
2 2 0.145111 0.234743 0.453614 0.061088 0.105445
2 2 0.153284 0.241496 0.384294 0.043769 0.177158
2 2 0.159050 0.228081 0.436312 0.053771 0.122786
2 2 0.150982 0.232512 0.393797 0.050909 0.171800
2 2 0.144119 0.227032 0.439681 0.065817 0.123350
2 2 0.171759 0.228605 0.464964 0.046122 0.088549
2 2 0.172212 0.217813 0.438847 0.051029 0.120100
4 2 0.197635 0.209776 0.280551 0.024006 0.288031
4 2 0.119726 0.172008 0.259122 0.043139 0.406005
2 2 0.027812 0.100361 0.387131 0.119289 0.365407
4 2 0.033089 0.098830 0.337189 0.086322 0.444570
4 2 0.026079 0.091425 0.360611 0.105153 0.416732
4 2 0.030457 0.098676 0.350396 0.102125 0.418345
4 2 0.029323 0.096737 0.354757 0.101216 0.417967
4 2 0.025974 0.095924 0.368722 0.128743 0.380637
4 2 0.025521 0.087614 0.355752 0.093146 0.437967
4 2 0.034024 0.101583 0.338126 0.090605 0.435662
4 2 0.033990 0.105790 0.345735 0.106523 0.407963
4 2 0.026911 0.090310 0.353187 0.093745 0.435847
4 2 0.029015 0.097313 0.355386 0.107199 0.411087
2 2 0.022766 0.095470 0.417353 0.143606 0.320805
2 2 0.022862 0.098517 0.422316 0.159661 0.296644
2 2 0.024499 0.094200 0.377477 0.133517 0.370307
4 2 0.021286 0.085144 0.378425 0.122857 0.392287
4 2 0.035643 0.102456 0.332099 0.085028 0.444774
4 2 0.031860 0.099268 0.354872 0.089611 0.424388
4 2 0.039343 0.106577 0.323527 0.080721 0.449832
2 2 0.094923 0.142917 0.354580 0.093636 0.313944
4 2 0.034811 0.106458 0.343187 0.103797 0.411746
4 2 0.020381 0.078393 0.369983 0.097144 0.434099
4 2 0.021458 0.076265 0.354726 0.078430 0.469120
2 2 0.021781 0.087833 0.399389 0.120121 0.370876
4 2 0.020093 0.080450 0.377326 0.110924 0.411207
4 2 0.022399 0.084766 0.370258 0.108007 0.414570
4 2 0.036132 0.097724 0.319328 0.069049 0.477767
4 2 0.092615 0.129820 0.218790 0.031466 0.527310
4 2 0.083070 0.132947 0.241616 0.042105 0.500263
4 2 0.038847 0.102187 0.316604 0.070573 0.471788
4 2 0.040428 0.099178 0.302492 0.058241 0.499662
4 2 0.026934 0.091774 0.356242 0.099649 0.425400
4 2 0.028504 0.093738 0.351224 0.096040 0.430494
4 2 0.022479 0.084172 0.369547 0.103581 0.420221
4 2 0.030542 0.092472 0.336596 0.078912 0.461478
4 2 0.029799 0.090760 0.336710 0.077304 0.465427
4 2 0.026288 0.094156 0.364445 0.116261 0.398850
4 3 0.025782 0.092249 0.363928 0.111700 0.406341
4 3 0.026209 0.090414 0.357728 0.099576 0.426074
4 3 0.024319 0.082400 0.350555 0.081316 0.461410
4 3 0.027829 0.091003 0.349159 0.090001 0.442008
4 3 0.033124 0.091604 0.319781 0.064553 0.490939
4 3 0.043681 0.093359 0.273613 0.040114 0.549234
4 3 0.047123 0.092088 0.256634 0.033010 0.571144
4 3 0.030814 0.081738 0.304529 0.048935 0.533984
4 3 0.027982 0.078029 0.310632 0.049959 0.533399
4 3 0.028315 0.089703 0.343060 0.082131 0.456791
4 3 0.027965 0.091762 0.350075 0.092012 0.438186
4 3 0.029205 0.083517 0.320191 0.058927 0.508160
4 3 0.023946 0.082284 0.352961 0.083508 0.457302
4 3 0.027248 0.085791 0.339624 0.075000 0.472337
4 3 0.025631 0.078551 0.329061 0.060997 0.505759
4 3 0.033324 0.087619 0.307655 0.054076 0.517326
4 3 0.028081 0.079785 0.315807 0.053828 0.522499
4 3 0.045625 0.104176 0.292232 0.054986 0.502980
4 3 0.027556 0.081872 0.326032 0.061501 0.503038
4 3 0.027406 0.084405 0.334651 0.069694 0.483845
4 3 0.023229 0.080159 0.352297 0.080474 0.463842
4 3 0.024019 0.083885 0.356743 0.089376 0.445977
4 3 0.025106 0.082425 0.344912 0.076229 0.471328
4 3 0.033008 0.090600 0.317744 0.062386 0.496262
4 3 0.029973 0.095992 0.347726 0.094802 0.431508
4 3 0.021293 0.083516 0.375252 0.113574 0.406364
4 3 0.026680 0.084147 0.338823 0.072774 0.477577
4 3 0.027761 0.086848 0.339151 0.075618 0.470622
4 3 0.025596 0.084902 0.348368 0.081998 0.459136
4 3 0.030052 0.091430 0.336887 0.078131 0.463499
4 3 0.026616 0.089678 0.353576 0.093358 0.436772
4 3 0.027471 0.092018 0.353575 0.096572 0.430364
4 3 0.036718 0.094285 0.307890 0.058470 0.502637
4 3 0.028577 0.094398 0.352181 0.098186 0.426657
0 3 0.304746 0.185554 0.304229 0.027465 0.178006
2 3 0.163537 0.221759 0.512560 0.049871 0.052274
2 3 0.160227 0.226336 0.500021 0.051769 0.061646
2 2 0.144398 0.230197 0.481235 0.063841 0.080329
2 2 0.164666 0.211923 0.530633 0.050844 0.041934
2 2 0.161178 0.219974 0.478824 0.050489 0.089535
2 2 0.133485 0.220192 0.457670 0.068234 0.120420
2 2 0.118110 0.206482 0.354680 0.058984 0.261744
2 2 0.117351 0.218540 0.458836 0.071232 0.134041
2 2 0.108629 0.205587 0.497256 0.063748 0.124780
2 2 0.090479 0.189513 0.404864 0.067508 0.247635
2 2 0.072804 0.166840 0.379229 0.082550 0.298576
2 2 0.069586 0.157045 0.391648 0.066045 0.315677
4 2 0.062078 0.127173 0.282106 0.062900 0.465743
2 2 0.067129 0.159081 0.419118 0.067823 0.286849
4 2 0.038003 0.110334 0.335885 0.099283 0.416496
2 2 0.040507 0.122000 0.375157 0.108013 0.354323
4 2 0.039401 0.105339 0.320801 0.076954 0.457505
4 2 0.038683 0.109931 0.332432 0.094281 0.424673
2 2 0.056547 0.151894 0.395472 0.103027 0.293059
2 2 0.044604 0.126417 0.371945 0.098109 0.358925
2 2 0.052583 0.154364 0.441352 0.116356 0.235345
4 2 0.042603 0.122708 0.356391 0.105916 0.372382
2 2 0.043913 0.136768 0.413713 0.119884 0.285723
2 3 0.051393 0.142260 0.385773 0.105498 0.315076
4 3 0.055538 0.119890 0.291374 0.061850 0.471348
4 3 0.064615 0.135252 0.296280 0.069203 0.434651
4 3 0.066570 0.136080 0.285642 0.069809 0.441898
4 3 0.119910 0.146769 0.201453 0.030326 0.501542
2 3 0.112367 0.207733 0.442040 0.066151 0.171710
2 3 0.114550 0.205876 0.516374 0.093474 0.069725
2 3 0.095063 0.192035 0.548048 0.092599 0.072255
2 3 0.108432 0.209288 0.503578 0.087603 0.091099
2 3 0.135519 0.220915 0.502634 0.075682 0.065250
2 3 0.135196 0.229642 0.488158 0.071659 0.075344
2 3 0.067334 0.162588 0.549652 0.128827 0.091599
2 3 0.093054 0.194790 0.511574 0.100028 0.100554
2 3 0.062646 0.163142 0.517799 0.124329 0.132084
2 3 0.094880 0.200014 0.517353 0.090034 0.097719
2 3 0.079906 0.177344 0.522505 0.119957 0.100288
2 3 0.092944 0.193381 0.485345 0.084173 0.144157
2 3 0.130193 0.220975 0.430777 0.078513 0.139543
4 3 0.077175 0.136050 0.258757 0.052814 0.475204
4 3 0.047954 0.111542 0.298946 0.064247 0.477311
4 2 0.104718 0.167225 0.277599 0.050290 0.400169
2 2 0.151515 0.213654 0.320355 0.038630 0.275846
0 2 0.310610 0.197994 0.257749 0.020438 0.213209
2 2 0.279160 0.227786 0.356900 0.031841 0.104313
2 2 0.201196 0.225741 0.464914 0.044072 0.064077
2 2 0.217249 0.229624 0.445360 0.044249 0.063518
2 2 0.215241 0.213756 0.475468 0.043503 0.052031
2 2 0.168123 0.216706 0.479029 0.054537 0.081605
2 2 0.191564 0.242656 0.378053 0.035838 0.151890
2 2 0.172847 0.245129 0.378826 0.032344 0.170855
2 2 0.129096 0.228061 0.381510 0.059973 0.201360
2 1 0.067193 0.150123 0.364570 0.068460 0.349653
4 1 0.058136 0.108943 0.259441 0.040401 0.533079
4 1 0.044412 0.088425 0.257223 0.031982 0.577958
4 1 0.032666 0.080510 0.289585 0.041313 0.555926
4 1 0.045863 0.091634 0.260245 0.034155 0.568103
4 1 0.077026 0.100342 0.194994 0.017811 0.609826
4 4 0.058416 0.095970 0.229359 0.025451 0.590803
4 4 0.073689 0.094436 0.189285 0.015647 0.626943
4 4 0.147103 0.179722 0.248553 0.029795 0.394826
4 4 0.050421 0.104460 0.274890 0.045660 0.524568
4 4 0.156333 0.157315 0.307992 0.060883 0.317477
4 4 0.152859 0.174331 0.235065 0.024938 0.412806
4 4 0.107686 0.163629 0.271048 0.043047 0.414590
4 4 0.098063 0.171337 0.314917 0.054562 0.361121
4 4 0.094691 0.134327 0.222046 0.034138 0.514796
4 4 0.064320 0.135336 0.309192 0.064778 0.426375
4 4 0.090926 0.142245 0.250793 0.041755 0.474280
4 4 0.145175 0.132463 0.170703 0.016695 0.534965
4 4 0.120860 0.140479 0.192245 0.025543 0.520872
4 4 0.121413 0.173285 0.291448 0.033809 0.380046
2 4 0.158485 0.198403 0.408559 0.036415 0.198138
2 4 0.057298 0.133431 0.383792 0.055838 0.369642
2 4 0.063645 0.152716 0.444466 0.057421 0.281753
4 4 0.150987 0.195501 0.300835 0.028557 0.324120
2 4 0.061282 0.142493 0.399344 0.057981 0.338900
2 4 0.041814 0.126337 0.458470 0.076464 0.296915
2 4 0.030317 0.098640 0.399200 0.079672 0.392171
4 4 0.034926 0.098293 0.326679 0.075631 0.464470
2 4 0.041160 0.122309 0.437368 0.075881 0.323282
2 4 0.038125 0.119330 0.462522 0.074962 0.305061
2 4 0.077431 0.164081 0.394744 0.057779 0.305965
4 4 0.066236 0.142089 0.350785 0.058763 0.382128
2 4 0.171680 0.169935 0.320922 0.075768 0.261695
4 4 0.054234 0.112908 0.279904 0.052688 0.500266
4 4 0.055895 0.114997 0.278698 0.053143 0.497267
4 4 0.059029 0.094810 0.224862 0.023912 0.597386
4 4 0.046122 0.091955 0.260099 0.034216 0.567607
4 4 0.065937 0.104288 0.227930 0.027209 0.574636
4 4 0.040741 0.091735 0.281971 0.043094 0.542460
4 4 0.051016 0.099238 0.260592 0.037071 0.552084
4 4 0.044300 0.096126 0.278240 0.043389 0.537945
4 4 0.120929 0.123481 0.169037 0.016188 0.570365
4 4 0.107594 0.119620 0.179861 0.017880 0.575045
4 4 0.047081 0.091704 0.255774 0.032576 0.572864
4 4 0.044409 0.094554 0.273750 0.040679 0.546608
4 4 0.022460 0.080627 0.359570 0.088274 0.449069
4 4 0.023129 0.078655 0.348548 0.075552 0.474116
4 4 0.018746 0.072050 0.365487 0.083576 0.460141
4 4 0.019524 0.077030 0.373426 0.099377 0.430642
4 4 0.018001 0.074211 0.379035 0.102114 0.426639
4 4 0.020599 0.075918 0.360998 0.083901 0.458584
4 4 0.022783 0.076542 0.344582 0.070299 0.485794
4 4 0.027871 0.084962 0.333162 0.069033 0.484973
4 4 0.024839 0.078758 0.335648 0.065631 0.495125
4 4 0.028282 0.083918 0.327398 0.063984 0.496417
4 4 0.024284 0.084906 0.357489 0.091536 0.441787
4 4 0.031135 0.094061 0.337025 0.080951 0.456829
4 4 0.053120 0.111288 0.280301 0.052026 0.503266
4 4 0.060998 0.118783 0.270553 0.050492 0.499174
4 4 0.021493 0.080790 0.367457 0.097622 0.432638
4 4 0.029126 0.086382 0.329119 0.067189 0.488185
4 4 0.071538 0.111227 0.228599 0.029354 0.559282
4 4 0.027954 0.081872 0.323340 0.059755 0.507079
4 4 0.037008 0.094866 0.307938 0.058887 0.501300
4 4 0.027184 0.083383 0.333157 0.067685 0.488593
4 4 0.021971 0.076290 0.350485 0.074794 0.476459
4 2 0.021064 0.076129 0.357652 0.080947 0.464208
4 2 0.019197 0.073240 0.365117 0.084685 0.457760
4 2 0.018367 0.072957 0.371990 0.091539 0.445148
4 2 0.021552 0.076668 0.355202 0.079298 0.467280
2 2 0.014990 0.070266 0.416555 0.111037 0.387153
2 2 0.014927 0.073211 0.402780 0.146168 0.362914
4 2 0.016468 0.072985 0.389688 0.115876 0.404984
2 2 0.016100 0.074393 0.395822 0.131630 0.382054
4 2 0.016175 0.071706 0.389179 0.112280 0.410661
4 2 0.025597 0.082656 0.342063 0.074036 0.475648
4 2 0.021905 0.080582 0.363732 0.092835 0.440945
4 2 0.029179 0.088950 0.335798 0.074758 0.471315
4 2 0.026641 0.091722 0.399870 0.081548 0.400218
4 2 0.024051 0.081629 0.350339 0.080265 0.463716
4 2 0.017832 0.077143 0.387577 0.121638 0.395810
4 2 0.015997 0.072183 0.392013 0.118130 0.401678
2 2 0.015585 0.074173 0.399397 0.139904 0.370940
2 2 0.015012 0.074497 0.439034 0.131711 0.339747
2 2 0.013237 0.068867 0.409378 0.148941 0.359577
4 2 0.022678 0.079457 0.354525 0.081786 0.461554
4 2 0.017200 0.071836 0.379741 0.099067 0.432156
4 2 0.019060 0.079241 0.382510 0.117116 0.402073
2 2 0.020013 0.083756 0.398818 0.122459 0.374954
4 2 0.016384 0.073160 0.390855 0.118321 0.401281
2 2 0.018543 0.081602 0.396180 0.136319 0.367355
2 2 0.019758 0.083228 0.384996 0.132055 0.379964
2 2 0.020690 0.085630 0.382891 0.133938 0.376851
2 2 0.014269 0.069868 0.402471 0.133353 0.380039
2 2 0.018812 0.082351 0.389587 0.141137 0.368113
4 2 0.022120 0.082124 0.366090 0.097913 0.431753
4 2 0.019234 0.075709 0.372261 0.095875 0.436920
4 2 0.019314 0.076632 0.374135 0.099656 0.430263
4 2 0.020148 0.076661 0.367095 0.091242 0.444854
4 2 0.030025 0.089170 0.331226 0.071183 0.478396
4 2 0.016879 0.074151 0.388839 0.117005 0.403125
4 2 0.020747 0.082525 0.377032 0.114565 0.405131
4 2 0.014209 0.067530 0.397670 0.117230 0.403361
4 2 0.022925 0.083392 0.363349 0.096370 0.433964
4 2 0.015839 0.071028 0.390613 0.113170 0.409350
2 2 0.022519 0.095980 0.476600 0.115560 0.289341
4 2 0.017328 0.075869 0.388911 0.121121 0.396770
4 2 0.017862 0.074507 0.381084 0.105473 0.421074
4 2 0.021801 0.081206 0.366171 0.096642 0.434181
4 2 0.017828 0.075296 0.383408 0.110432 0.413036
4 2 0.019218 0.080878 0.384606 0.124922 0.390377
4 2 0.020180 0.078968 0.373101 0.102097 0.425654
2 2 0.014013 0.069202 0.403433 0.133525 0.379827
4 2 0.014812 0.069370 0.396312 0.119209 0.400297
4 2 0.019373 0.078064 0.377344 0.106501 0.418718
2 2 0.017994 0.078656 0.389279 0.129021 0.385050
2 2 0.020379 0.089901 0.413095 0.151238 0.325387
4 2 0.018789 0.079920 0.385868 0.125098 0.390325
2 2 0.014767 0.077909 0.481862 0.139978 0.285484
4 2 0.016994 0.075080 0.389956 0.121205 0.396765
2 2 0.016334 0.075971 0.396748 0.138964 0.371984
4 2 0.020588 0.081477 0.375932 0.110694 0.411309
4 2 0.023621 0.087572 0.372684 0.106974 0.409149
2 2 0.013897 0.072817 0.416126 0.163084 0.334076
2 2 0.017520 0.079344 0.393605 0.142028 0.367504
2 2 0.012185 0.073844 0.486668 0.180211 0.247092
2 2 0.014220 0.075704 0.414479 0.183647 0.311950
2 2 0.013714 0.077012 0.470713 0.185562 0.252999
2 2 0.011361 0.067706 0.441822 0.179826 0.299285
2 2 0.012013 0.073939 0.499805 0.177272 0.236972
4 2 0.020000 0.079395 0.375583 0.106317 0.418705
4 2 0.021700 0.083951 0.395887 0.099101 0.399361
4 2 0.026773 0.092893 0.382334 0.093746 0.404254
4 2 0.020961 0.081315 0.372788 0.105647 0.419290
4 2 0.023524 0.087724 0.368947 0.111387 0.408418
4 2 0.024183 0.090959 0.372397 0.120338 0.392122
4 2 0.037767 0.099869 0.316406 0.068517 0.477441
4 2 0.027888 0.091618 0.350205 0.091974 0.438315
4 2 0.030920 0.093950 0.337970 0.081746 0.455415
4 2 0.028895 0.094707 0.389175 0.079116 0.408106
4 2 0.155230 0.169847 0.222440 0.049486 0.402997
0 2 0.554437 0.125532 0.233527 0.039071 0.047433
2 2 0.319171 0.220516 0.391594 0.035463 0.033256
2 2 0.279967 0.265912 0.366792 0.023860 0.063469
2 2 0.288478 0.264758 0.343397 0.028667 0.074700
2 2 0.223628 0.220447 0.470486 0.024741 0.060699
2 2 0.177623 0.239368 0.389512 0.033727 0.159770
2 2 0.170552 0.227627 0.337864 0.031436 0.232521
4 2 0.096400 0.171666 0.314565 0.058311 0.359058
4 2 0.148880 0.180231 0.248656 0.029023 0.393209
2 2 0.129000 0.196343 0.319339 0.043402 0.311915
2 2 0.099093 0.199899 0.458772 0.063162 0.179074
2 2 0.131015 0.204108 0.320920 0.049520 0.294436
4 2 0.079700 0.158843 0.343150 0.060333 0.357974
4 2 0.074531 0.133357 0.260613 0.052467 0.479032
4 2 0.050887 0.125978 0.339216 0.077694 0.406225
4 2 0.053425 0.132016 0.357043 0.076363 0.381154
4 2 0.050561 0.128821 0.356678 0.080168 0.383771
4 2 0.054601 0.128939 0.349997 0.065973 0.400490
4 2 0.037630 0.102648 0.323189 0.076593 0.459940
4 2 0.044961 0.109234 0.305667 0.067578 0.472560
4 2 0.041943 0.109762 0.325311 0.076163 0.446820
4 2 0.042140 0.107078 0.312655 0.071432 0.466695
4 2 0.053632 0.122899 0.300067 0.074058 0.449344
4 2 0.052699 0.121708 0.301083 0.073935 0.450574
2 2 0.148769 0.216056 0.325476 0.041904 0.267795
0 2 0.408168 0.163079 0.289984 0.061597 0.077173
0 2 0.460021 0.170594 0.333183 0.016776 0.019426
2 2 0.323959 0.228296 0.391389 0.026003 0.030352
2 2 0.333467 0.225459 0.385480 0.023147 0.032447
2 2 0.135013 0.180148 0.578609 0.081911 0.024318
2 2 0.163295 0.165827 0.598999 0.052595 0.019284
2 2 0.163197 0.186416 0.562501 0.066227 0.021659
2 2 0.148291 0.180781 0.549486 0.091988 0.029455
2 2 0.176547 0.195171 0.527680 0.072880 0.027722
2 2 0.166626 0.199557 0.525611 0.068537 0.039668
2 2 0.142995 0.212517 0.504720 0.074714 0.065054
2 2 0.174936 0.233057 0.454372 0.072721 0.064914
2 2 0.157185 0.224100 0.485325 0.058490 0.074900
2 2 0.155452 0.241870 0.449706 0.063757 0.089214
2 2 0.236349 0.230666 0.454962 0.054072 0.023951
2 2 0.255236 0.219607 0.455694 0.047424 0.022039
2 2 0.263478 0.231919 0.439556 0.042970 0.022077
0 2 0.476268 0.173043 0.291798 0.023834 0.035057
2 2 0.357355 0.196998 0.382467 0.041821 0.021359
2 2 0.162482 0.216063 0.479925 0.068501 0.073029
2 2 0.160579 0.221770 0.502975 0.053892 0.060784
2 2 0.175979 0.212856 0.521870 0.044666 0.044629
2 2 0.167333 0.219289 0.511679 0.048942 0.052756
2 2 0.158846 0.227253 0.494097 0.053093 0.066712
2 2 0.132923 0.218906 0.505732 0.079194 0.063245
2 2 0.129498 0.220065 0.505632 0.068891 0.075913
2 2 0.114848 0.216249 0.495096 0.074190 0.099616
2 2 0.147060 0.216559 0.512335 0.060790 0.063256
2 2 0.131849 0.221569 0.500248 0.079200 0.067134
2 2 0.114597 0.205338 0.529044 0.089468 0.061553
2 2 0.091386 0.191854 0.514153 0.103780 0.098827
2 2 0.078552 0.189045 0.522847 0.090784 0.118772
2 2 0.091975 0.202896 0.462538 0.087295 0.155297
2 2 0.083824 0.195207 0.489074 0.089838 0.142057
2 2 0.131368 0.239109 0.416488 0.056377 0.156659
2 2 0.115788 0.210761 0.361859 0.066210 0.245381
2 2 0.126736 0.223753 0.384741 0.057187 0.207583
2 2 0.122162 0.226552 0.387136 0.066883 0.197267
2 2 0.152384 0.145439 0.408167 0.122977 0.171032
4 2 0.178410 0.183794 0.250561 0.020286 0.366949
4 1 0.199271 0.210109 0.285376 0.017858 0.287387
4 1 0.043905 0.101149 0.292206 0.053200 0.509540
4 1 0.046825 0.107469 0.294791 0.058623 0.492291
4 4 0.046028 0.107458 0.297833 0.060635 0.488046
4 4 0.052518 0.124219 0.315368 0.075774 0.432122
4 4 0.112789 0.143318 0.222721 0.034634 0.486537
4 4 0.150086 0.160374 0.219156 0.019544 0.450839
4 4 0.059703 0.111829 0.260764 0.042206 0.525498
4 4 0.063510 0.115100 0.256490 0.041615 0.523284
4 4 0.025462 0.083862 0.346455 0.079079 0.465143
4 4 0.026691 0.088318 0.349863 0.087464 0.447663
4 4 0.022283 0.083729 0.368753 0.104016 0.421219
4 4 0.025122 0.084437 0.350411 0.083466 0.456565
4 4 0.031628 0.094199 0.336744 0.077834 0.459594
4 4 0.103573 0.120506 0.186806 0.019662 0.569452
4 4 0.050548 0.082453 0.218485 0.019593 0.628921
4 4 0.046295 0.087765 0.248067 0.028777 0.589096
4 4 0.038943 0.085491 0.272492 0.036474 0.566599
4 4 0.029978 0.075296 0.288078 0.038362 0.568286
4 4 0.038352 0.082189 0.265289 0.032630 0.581541
4 4 0.032105 0.078501 0.286212 0.039009 0.564173
4 4 0.043064 0.081760 0.243412 0.025692 0.606071
4 4 0.043501 0.078420 0.231610 0.021777 0.624691
4 4 0.039200 0.076830 0.244476 0.024659 0.614836
4 4 0.063462 0.100543 0.226108 0.025683 0.584204
4 4 0.057161 0.102365 0.247955 0.033346 0.559172
2 4 0.133533 0.156539 0.321967 0.073769 0.314192
4 4 0.058178 0.108407 0.258176 0.039631 0.535608
4 4 0.069866 0.113065 0.236159 0.032541 0.548369
4 4 0.047204 0.104085 0.285895 0.051258 0.511558
4 4 0.052365 0.107096 0.273982 0.046466 0.520092
4 4 0.063739 0.118361 0.262095 0.045762 0.510043
4 4 0.059650 0.125527 0.286261 0.064828 0.463734
4 4 0.125230 0.163265 0.290850 0.042056 0.378599
4 1 0.088304 0.143019 0.255698 0.045496 0.467484
2 1 0.070826 0.153011 0.356190 0.067057 0.352917
4 1 0.156055 0.167227 0.220035 0.021251 0.435432
4 1 0.080814 0.145573 0.293387 0.050691 0.429534
4 1 0.099777 0.166643 0.304934 0.047834 0.380813
4 1 0.058962 0.126541 0.289880 0.068399 0.456219
4 1 0.080797 0.156852 0.322438 0.061557 0.378355
2 1 0.073458 0.158593 0.356786 0.071283 0.339880
4 1 0.073284 0.151421 0.321016 0.070632 0.383647
2 2 0.097108 0.175697 0.342239 0.053802 0.331153
4 2 0.105096 0.178224 0.326651 0.049452 0.340577
4 2 0.084288 0.142927 0.267301 0.048333 0.457152
4 2 0.066624 0.130023 0.279683 0.057354 0.466315
4 2 0.102333 0.165488 0.307640 0.041763 0.382775
4 2 0.079605 0.150872 0.312653 0.056332 0.400538
2 2 0.075037 0.176737 0.431426 0.074664 0.242136
2 2 0.202350 0.157356 0.344097 0.094479 0.201718
2 2 0.126929 0.197365 0.362812 0.035602 0.277292
4 1 0.111500 0.172354 0.316408 0.036737 0.363000
2 1 0.170750 0.191283 0.349330 0.048256 0.240381
2 1 0.235037 0.207982 0.425243 0.026561 0.105177
4 1 0.040469 0.099549 0.303196 0.058936 0.497849
4 1 0.028225 0.090022 0.344404 0.083809 0.453540
4 1 0.019769 0.077871 0.373619 0.100987 0.427754
2 1 0.031616 0.100810 0.409732 0.074130 0.383712
4 1 0.040884 0.097567 0.296515 0.053614 0.511421
4 1 0.054161 0.112891 0.281648 0.052240 0.499059
4 1 0.104187 0.166782 0.340329 0.033227 0.355475
4 1 0.045970 0.115827 0.353430 0.063971 0.420801
4 1 0.060979 0.135457 0.336114 0.065145 0.402305
0 1 0.407092 0.161506 0.332223 0.054327 0.044851
2 0 0.273192 0.236357 0.283910 0.040199 0.166343
2 0 0.133817 0.223244 0.415953 0.062611 0.164374
2 0 0.158637 0.213710 0.401193 0.077980 0.148479
0 0 0.369357 0.187264 0.267413 0.059272 0.116694
0 0 0.703524 0.106331 0.145666 0.039321 0.005158
0 0 0.762189 0.073544 0.148538 0.013995 0.001734
0 0 0.820026 0.048145 0.113546 0.017202 0.001081
0 0 0.827833 0.061015 0.095771 0.013412 0.001969
0 0 0.692675 0.100235 0.184310 0.019939 0.002841
0 0 0.599990 0.124332 0.244029 0.022553 0.009095
0 0 0.757434 0.067026 0.138372 0.033282 0.003887
0 0 0.420222 0.217319 0.291779 0.041810 0.028869
2 0 0.310243 0.216282 0.404986 0.051599 0.016889
0 0 0.353680 0.239475 0.341348 0.041219 0.024278
2 0 0.180531 0.168283 0.413377 0.121565 0.116244
2 0 0.144404 0.247284 0.417017 0.051827 0.139468
2 0 0.140548 0.245004 0.438457 0.057956 0.118035
2 0 0.164493 0.194723 0.330043 0.044084 0.266657
2 0 0.148375 0.250457 0.450078 0.049882 0.101208
2 0 0.144604 0.236289 0.392062 0.052958 0.174086
2 0 0.083739 0.184172 0.494048 0.108186 0.129855
2 0 0.080393 0.192640 0.440140 0.085646 0.201181
2 0 0.126293 0.221510 0.370795 0.060102 0.221300
2 1 0.089980 0.184450 0.374158 0.071798 0.279614
2 1 0.160679 0.198433 0.349633 0.050470 0.240786
2 1 0.145592 0.229607 0.370693 0.044902 0.209206
2 1 0.106082 0.208631 0.386376 0.071695 0.227216
2 1 0.122913 0.205116 0.344225 0.053671 0.274075
2 1 0.108162 0.208420 0.401810 0.061481 0.220128
2 1 0.113219 0.210483 0.386740 0.060882 0.228675
2 1 0.136044 0.221004 0.370072 0.047042 0.225837
4 1 0.138032 0.175784 0.300226 0.058321 0.327636
2 1 0.172283 0.245513 0.386888 0.033538 0.161778
2 1 0.194864 0.205888 0.375040 0.036601 0.187607
2 0 0.200495 0.221480 0.404888 0.039792 0.133345
2 0 0.257556 0.227216 0.396992 0.033177 0.085059
2 0 0.072690 0.171426 0.423876 0.077428 0.254580
2 0 0.055077 0.152333 0.435434 0.091956 0.265200
2 1 0.066899 0.169170 0.435028 0.084342 0.244561
2 1 0.082296 0.172812 0.382523 0.065946 0.296424
2 1 0.075366 0.171264 0.396853 0.076452 0.280065
2 1 0.175254 0.179668 0.365078 0.064884 0.215116
4 1 0.169815 0.173336 0.225858 0.018337 0.412655
2 1 0.289180 0.212561 0.337925 0.026361 0.133972
2 1 0.176505 0.231605 0.464626 0.041866 0.085398
2 1 0.166045 0.230872 0.420068 0.046476 0.136540
2 1 0.167458 0.221881 0.437049 0.051688 0.121924
2 1 0.174238 0.213536 0.511209 0.047902 0.053115
2 1 0.199866 0.217817 0.513774 0.029659 0.038883
2 1 0.136760 0.217116 0.517381 0.074201 0.054541
2 1 0.157350 0.208380 0.503867 0.065401 0.065002
2 1 0.141054 0.222636 0.495848 0.070350 0.070112
2 1 0.159770 0.219142 0.475938 0.059221 0.085930
2 1 0.165456 0.209495 0.494777 0.059578 0.070694
2 2 0.156494 0.235219 0.473122 0.052066 0.083099
2 2 0.195093 0.188034 0.466036 0.060816 0.090021
2 2 0.177737 0.232513 0.374513 0.034528 0.180708
2 2 0.186372 0.216253 0.378343 0.036696 0.182336
2 2 0.143832 0.231831 0.421865 0.061086 0.141387
2 2 0.172170 0.229310 0.445172 0.045484 0.107864
2 2 0.155749 0.231423 0.403875 0.050199 0.158753
2 2 0.164201 0.236170 0.457143 0.046972 0.095514
2 2 0.240281 0.209271 0.404883 0.025279 0.120286
2 2 0.138323 0.227440 0.421906 0.068257 0.144073
2 2 0.140346 0.240705 0.433868 0.060154 0.124927
2 2 0.157904 0.233317 0.415712 0.049662 0.143405
2 2 0.141062 0.225550 0.506398 0.057802 0.069187
2 2 0.163680 0.225377 0.364963 0.040912 0.205068
2 2 0.173577 0.223014 0.454189 0.048054 0.101165
2 2 0.148901 0.221201 0.337373 0.043298 0.249227
2 2 0.195381 0.170445 0.317460 0.046457 0.270257
4 2 0.101701 0.177354 0.316397 0.057241 0.347307
4 2 0.079811 0.151902 0.311387 0.058320 0.398580
4 2 0.143176 0.200686 0.301068 0.038907 0.316164
2 2 0.060466 0.141172 0.368224 0.068432 0.361705
4 2 0.062907 0.124563 0.276921 0.056127 0.479483
4 2 0.086382 0.146222 0.276188 0.047178 0.444030
4 2 0.086127 0.159091 0.323590 0.053623 0.377570
4 2 0.064164 0.143284 0.350018 0.068027 0.374507
2 2 0.131233 0.215406 0.417320 0.059713 0.176327
2 2 0.106920 0.193301 0.353403 0.066468 0.279907
2 2 0.129308 0.210918 0.398838 0.051643 0.209293
2 2 0.138755 0.218264 0.385653 0.048346 0.208982
2 2 0.264335 0.203177 0.273846 0.026246 0.232396
4 2 0.150148 0.194169 0.277571 0.033224 0.344888
2 2 0.092242 0.174135 0.348964 0.058168 0.326490
4 2 0.069426 0.144994 0.331659 0.062956 0.390965
4 2 0.120173 0.178955 0.292463 0.041009 0.367400
4 2 0.094996 0.169254 0.324425 0.053423 0.357903
2 2 0.093622 0.182765 0.385096 0.057024 0.281493
2 2 0.094620 0.194806 0.409723 0.065109 0.235742
4 2 0.090640 0.162325 0.325374 0.049901 0.371759
2 2 0.224144 0.162913 0.405250 0.091275 0.116418
2 2 0.169238 0.238477 0.364599 0.033689 0.193997
0 1 0.484671 0.136634 0.266522 0.064002 0.048171
4 1 0.234587 0.205978 0.246152 0.033670 0.279613
0 1 0.351196 0.206336 0.240049 0.024671 0.177748
2 1 0.142085 0.212241 0.327351 0.051969 0.266354
4 1 0.160113 0.172280 0.231789 0.038240 0.397579
4 1 0.067231 0.120409 0.260575 0.042680 0.509106
4 1 0.070170 0.116315 0.241666 0.035733 0.536115
4 1 0.074657 0.112639 0.224284 0.028342 0.560078
4 1 0.088939 0.160347 0.332460 0.047647 0.370607
4 1 0.069339 0.129924 0.267568 0.054811 0.478359
4 2 0.053336 0.114977 0.286922 0.058244 0.486520
4 2 0.060454 0.117963 0.270591 0.050087 0.500906
4 2 0.051436 0.116708 0.296530 0.066209 0.469117
4 2 0.057969 0.126433 0.292588 0.070540 0.452471
4 2 0.037731 0.101618 0.320497 0.073306 0.466849
4 2 0.076925 0.156784 0.319610 0.072917 0.373764
4 2 0.069180 0.144262 0.322005 0.065837 0.398716
4 2 0.057101 0.117506 0.279739 0.055205 0.490449
2 4 0.070985 0.161631 0.395009 0.070205 0.302170
4 4 0.039372 0.105999 0.322259 0.078935 0.453434
4 4 0.062735 0.130207 0.290693 0.064839 0.451526
4 4 0.125069 0.150418 0.273693 0.049896 0.400925
4 4 0.091497 0.132563 0.224990 0.034707 0.516243
4 4 0.108173 0.158015 0.274389 0.034492 0.424931
2 4 0.120918 0.189547 0.338483 0.039696 0.311356
2 4 0.089273 0.178506 0.416911 0.049425 0.265884
