2 0 0.102049 0.197520 0.485454 0.048261 0.166716
4 0 0.226911 0.198108 0.243511 0.027680 0.303790
2 0 0.078295 0.184886 0.506230 0.052217 0.178372
2 0 0.061606 0.160179 0.464993 0.090196 0.223025
2 0 0.102496 0.211460 0.406713 0.050045 0.229286
2 0 0.173298 0.208681 0.314329 0.031974 0.271718
2 0 0.079125 0.185670 0.513567 0.049014 0.172624
2 0 0.100001 0.202793 0.518425 0.049135 0.129646
2 0 0.081316 0.194623 0.493158 0.049698 0.181205
2 0 0.072165 0.179602 0.482954 0.054419 0.210861
2 0 0.083937 0.203206 0.475174 0.041974 0.195709
4 0 0.170581 0.204223 0.297169 0.029600 0.298427
2 0 0.116317 0.212265 0.457187 0.039248 0.174983
2 0 0.101621 0.200628 0.482993 0.039637 0.175121
2 0 0.083802 0.189081 0.490053 0.057393 0.179671
2 0 0.051515 0.141816 0.512535 0.081418 0.212716
2 0 0.048889 0.138464 0.514501 0.080473 0.217672
2 1 0.040252 0.124936 0.492577 0.095014 0.247221
2 1 0.051644 0.140477 0.507659 0.084513 0.215707
2 1 0.047932 0.128152 0.527357 0.098604 0.197954
2 1 0.046809 0.124528 0.544978 0.098407 0.185278
2 1 0.055527 0.137307 0.548740 0.094310 0.164117
2 1 0.048661 0.135211 0.515695 0.088116 0.212317
2 1 0.051102 0.136389 0.502656 0.102318 0.207535
2 1 0.044577 0.128881 0.482614 0.101685 0.242243
2 1 0.039972 0.122393 0.503647 0.097864 0.236124
2 1 0.038069 0.120165 0.476247 0.105023 0.260496
2 1 0.038981 0.120058 0.494953 0.103586 0.242422
2 1 0.036485 0.117279 0.477605 0.106886 0.261746
2 1 0.036539 0.118328 0.482129 0.102622 0.260380
2 1 0.045996 0.141628 0.464956 0.078511 0.268908
2 1 0.047675 0.137067 0.485473 0.088919 0.240867
2 2 0.031392 0.116888 0.460650 0.088282 0.302788
2 2 0.042829 0.130141 0.494024 0.089451 0.243556
2 2 0.039074 0.133931 0.457384 0.075935 0.293676
2 2 0.025217 0.098663 0.475445 0.110147 0.290528
2 2 0.032188 0.110711 0.468190 0.110386 0.278525
2 2 0.025752 0.101643 0.467220 0.104517 0.300868
2 2 0.024349 0.092659 0.502772 0.120424 0.259796
2 2 0.024809 0.100644 0.462575 0.102718 0.309253
2 2 0.014480 0.065528 0.469343 0.172093 0.278555
2 2 0.020786 0.082426 0.472832 0.146985 0.276970
2 2 0.019297 0.076126 0.463245 0.169330 0.272002
2 2 0.020868 0.083306 0.473004 0.143212 0.279609
2 2 0.017044 0.076248 0.446048 0.146478 0.314182
2 3 0.016940 0.076298 0.450177 0.143854 0.312732
2 3 0.012840 0.063571 0.453687 0.163334 0.306568
2 3 0.011389 0.060431 0.448754 0.160175 0.319251
2 3 0.016189 0.073028 0.468760 0.148450 0.293574
2 3 0.013169 0.062569 0.457474 0.175414 0.291374
2 3 0.013698 0.060094 0.453944 0.204677 0.267586
2 3 0.016062 0.072060 0.457304 0.155826 0.298748
2 3 0.013474 0.061918 0.460716 0.184544 0.279347
2 3 0.016066 0.070163 0.459624 0.167255 0.286891
2 3 0.012297 0.061239 0.436005 0.175361 0.315099
2 3 0.014577 0.069698 0.444745 0.152474 0.318505
2 3 0.014675 0.068359 0.441402 0.163770 0.311794
2 3 0.017480 0.077515 0.438690 0.146392 0.319922
2 3 0.014412 0.065776 0.457101 0.173104 0.289607
2 3 0.013509 0.063880 0.453923 0.172739 0.295949
2 3 0.012280 0.060883 0.449302 0.174240 0.303295
2 3 0.013268 0.063448 0.447003 0.173687 0.302594
2 3 0.009884 0.051199 0.443209 0.206590 0.289118
2 3 0.012220 0.058585 0.445036 0.192626 0.291533
2 3 0.013687 0.064330 0.458651 0.171108 0.292223
2 3 0.014767 0.070207 0.455028 0.149546 0.310453
2 3 0.015957 0.073068 0.452780 0.149375 0.308820
2 3 0.015868 0.071565 0.460125 0.155454 0.296987
2 3 0.016556 0.072232 0.448891 0.163801 0.298519
2 3 0.015340 0.072827 0.455441 0.141585 0.314807
2 3 0.009590 0.047726 0.464054 0.225514 0.253117
2 3 0.012972 0.059878 0.456987 0.192611 0.277552
2 3 0.013642 0.061874 0.458772 0.188360 0.277352
2 3 0.010522 0.050252 0.470683 0.220607 0.247935
2 3 0.014680 0.067448 0.469901 0.161983 0.285988
2 3 0.025793 0.109270 0.415306 0.087298 0.362333
2 3 0.025384 0.106058 0.424703 0.094039 0.349816
2 3 0.019495 0.093368 0.413566 0.095531 0.378040
4 3 0.127701 0.181155 0.232407 0.022544 0.436193
2 3 0.033010 0.127819 0.435091 0.070809 0.333271
4 3 0.043375 0.142328 0.349901 0.046800 0.417596
4 3 0.088226 0.160990 0.318141 0.041467 0.391176
2 3 0.040828 0.149804 0.400156 0.055594 0.353618
2 3 0.032975 0.133958 0.396534 0.061039 0.375495
4 3 0.196279 0.190725 0.224882 0.022461 0.365653
2 3 0.044603 0.147640 0.404483 0.052788 0.350486
2 3 0.044576 0.147556 0.412797 0.054694 0.340378
2 3 0.046911 0.149848 0.391996 0.052543 0.358701
4 3 0.092864 0.175638 0.328917 0.033606 0.368976
4 3 0.130615 0.176964 0.230748 0.027864 0.433808
2 3 0.023793 0.102555 0.460778 0.089219 0.323656
2 3 0.022235 0.097800 0.458554 0.095057 0.326354
2 3 0.017112 0.085201 0.419990 0.105180 0.372518
2 3 0.022819 0.100649 0.457670 0.089412 0.329450
2 3 0.024099 0.104152 0.443882 0.088791 0.339076
2 3 0.020138 0.089641 0.467975 0.107932 0.314315
2 3 0.019924 0.089052 0.462018 0.109751 0.319255
2 3 0.023550 0.099820 0.462794 0.096702 0.317134
2 3 0.021126 0.094644 0.454208 0.098884 0.331138
2 3 0.021093 0.090598 0.473591 0.111099 0.303618
2 3 0.026856 0.112716 0.454652 0.077651 0.328126
2 3 0.027360 0.115077 0.447588 0.074887 0.335088
2 3 0.031970 0.121220 0.480767 0.075137 0.290906
2 3 0.027025 0.117142 0.427476 0.070206 0.358151
4 3 0.086197 0.151715 0.306003 0.047585 0.408501
2 3 0.016716 0.073919 0.468876 0.149946 0.290542
2 3 0.020523 0.078201 0.509689 0.153904 0.237684
2 3 0.026543 0.091052 0.509411 0.140161 0.232834
2 3 0.018613 0.076570 0.487826 0.151258 0.265732
2 3 0.021246 0.083134 0.484865 0.144020 0.266735
4 3 0.177773 0.158169 0.160726 0.017535 0.485797
4 3 0.268297 0.197516 0.188399 0.009048 0.336741
4 3 0.077322 0.174441 0.343049 0.030905 0.374282
4 3 0.069891 0.163977 0.303838 0.030570 0.431724
4 3 0.080521 0.175087 0.316361 0.031282 0.396749
2 3 0.024882 0.105475 0.453828 0.088015 0.327800
2 3 0.025126 0.104971 0.462076 0.089786 0.318041
2 3 0.030780 0.116708 0.470246 0.083910 0.298356
2 3 0.035029 0.123109 0.480734 0.083014 0.278113
2 3 0.030617 0.112671 0.486996 0.091336 0.278380
2 3 0.032700 0.117692 0.467063 0.090920 0.291625
2 3 0.032189 0.116677 0.478597 0.088958 0.283580
2 3 0.032095 0.120013 0.456701 0.083480 0.307709
2 3 0.044477 0.133785 0.504527 0.082534 0.234678
2 3 0.038659 0.125658 0.495582 0.086583 0.253518
2 3 0.035181 0.115287 0.496366 0.102133 0.251034
2 3 0.042594 0.124442 0.506876 0.100056 0.226033
2 3 0.041729 0.126648 0.502132 0.092696 0.236795
2 3 0.037987 0.114554 0.504193 0.113693 0.229574
2 3 0.047030 0.132823 0.511480 0.089862 0.218805
2 3 0.035153 0.111144 0.498778 0.114570 0.240355
2 3 0.048100 0.128575 0.520517 0.100435 0.202374
2 3 0.044628 0.125084 0.509977 0.103669 0.216642
2 3 0.041122 0.120331 0.508579 0.106254 0.223713
2 3 0.039400 0.115241 0.514562 0.113364 0.217433
2 3 0.103762 0.201957 0.412534 0.047066 0.234681
2 3 0.083332 0.192448 0.420880 0.047877 0.255463
2 3 0.233597 0.217373 0.284812 0.024553 0.239666
2 3 0.086583 0.192421 0.424036 0.042873 0.254087
0 3 0.309285 0.194071 0.195848 0.014694 0.286101
4 1 0.212778 0.182255 0.184722 0.013334 0.406911
4 1 0.226400 0.182975 0.185789 0.014391 0.390445
4 1 0.119661 0.187847 0.253364 0.022821 0.416307
4 1 0.135063 0.171492 0.194229 0.015393 0.483823
4 2 0.154329 0.207503 0.269414 0.018373 0.350381
2 2 0.032485 0.123557 0.427916 0.080322 0.335719
4 2 0.025545 0.110850 0.313595 0.049968 0.500043
4 2 0.024661 0.107938 0.304847 0.049409 0.513145
4 2 0.024817 0.110402 0.314768 0.051128 0.498884
4 2 0.021584 0.103259 0.315313 0.052968 0.506875
4 4 0.030568 0.113382 0.249627 0.036110 0.570313
4 4 0.030908 0.112928 0.250629 0.035078 0.570459
4 4 0.031808 0.114329 0.260823 0.035557 0.557483
4 4 0.033555 0.119295 0.269235 0.038168 0.539746
4 4 0.034142 0.102742 0.202240 0.024539 0.636337
4 4 0.036912 0.124038 0.269002 0.036212 0.533834
4 4 0.035424 0.123040 0.274174 0.036549 0.530814
4 4 0.029274 0.112916 0.266360 0.037733 0.553717
4 4 0.094242 0.147345 0.238152 0.029298 0.490963
4 4 0.036857 0.121515 0.259732 0.032474 0.549422
4 4 0.031774 0.118035 0.311617 0.047985 0.490590
4 4 0.027970 0.116627 0.319770 0.049258 0.486375
4 4 0.027019 0.112261 0.307382 0.047551 0.505787
4 4 0.034232 0.125215 0.332827 0.049313 0.458412
4 4 0.029400 0.116622 0.318789 0.046261 0.488928
4 4 0.031443 0.112970 0.294618 0.042259 0.518710
4 4 0.027155 0.113349 0.315529 0.047311 0.496656
4 4 0.030320 0.121875 0.340834 0.052971 0.454000
4 4 0.032048 0.121569 0.317926 0.046848 0.481608
4 4 0.029449 0.117226 0.316445 0.047128 0.489753
4 4 0.031796 0.124395 0.356281 0.059129 0.428399
4 4 0.031807 0.124794 0.361245 0.057986 0.424167
4 4 0.031483 0.121969 0.372065 0.061578 0.412906
4 4 0.032556 0.125596 0.372220 0.058255 0.411372
4 4 0.019830 0.101591 0.378563 0.069371 0.430644
4 2 0.049046 0.147513 0.329111 0.041647 0.432683
4 2 0.055737 0.157162 0.343541 0.042012 0.401547
4 2 0.050512 0.150856 0.336257 0.041478 0.420897
4 2 0.268093 0.175145 0.169251 0.015867 0.371645
2 2 0.200902 0.221695 0.327173 0.025598 0.224634
4 2 0.170642 0.211291 0.289409 0.024955 0.303704
4 2 0.151925 0.206209 0.287541 0.026051 0.328274
4 2 0.276740 0.178241 0.158852 0.009758 0.376410
4 2 0.131967 0.206948 0.307865 0.028329 0.324891
4 2 0.196233 0.184734 0.205129 0.018635 0.395270
4 2 0.239118 0.191880 0.196986 0.013473 0.358543
2 2 0.119548 0.196332 0.359697 0.032041 0.292383
4 2 0.130283 0.192223 0.319822 0.030936 0.326737
4 2 0.046532 0.151559 0.329363 0.039338 0.433208
4 2 0.036764 0.140388 0.340345 0.044022 0.438482
2 2 0.022633 0.096785 0.435076 0.106326 0.339179
2 2 0.021931 0.092982 0.445426 0.114273 0.325389
2 2 0.025702 0.101941 0.438355 0.109040 0.324961
2 2 0.023912 0.096652 0.450448 0.114203 0.314785
2 2 0.024435 0.097125 0.439911 0.118569 0.319959
2 2 0.051871 0.155825 0.462998 0.064684 0.264622
2 2 0.102418 0.190781 0.347538 0.039030 0.320233
2 2 0.029220 0.121848 0.430442 0.068960 0.349529
4 2 0.045781 0.136204 0.359325 0.066690 0.392001
2 2 0.052584 0.158974 0.444719 0.063894 0.279829
2 2 0.031014 0.113550 0.468056 0.094956 0.292424
2 2 0.040851 0.131163 0.462292 0.088070 0.277623
2 2 0.032423 0.120515 0.433859 0.087612 0.325591
2 2 0.036037 0.122048 0.463776 0.093957 0.284183
2 2 0.031730 0.115187 0.449371 0.097455 0.306257
2 2 0.047208 0.151627 0.399157 0.057465 0.344544
2 2 0.054116 0.161079 0.405798 0.053935 0.325072
2 2 0.054216 0.159723 0.396064 0.054880 0.335116
2 2 0.043287 0.147469 0.406987 0.062523 0.339734
4 2 0.122201 0.176922 0.208345 0.014338 0.478195
2 2 0.015441 0.081801 0.401448 0.103238 0.398072
2 3 0.020273 0.095394 0.402390 0.095944 0.385998
2 3 0.016456 0.083489 0.415050 0.106192 0.378813
2 3 0.019415 0.089425 0.435064 0.108285 0.347811
4 3 0.014310 0.079375 0.374852 0.102159 0.429305
4 3 0.025448 0.120322 0.360572 0.058847 0.434811
4 3 0.027922 0.126425 0.365997 0.055577 0.424080
4 3 0.226561 0.169758 0.174939 0.020828 0.407914
4 3 0.055114 0.153458 0.348857 0.040129 0.402443
4 3 0.042597 0.140865 0.373305 0.049937 0.393296
2 3 0.027972 0.107919 0.466922 0.096611 0.300577
2 3 0.026389 0.104091 0.480534 0.096951 0.292036
2 3 0.030121 0.112394 0.458016 0.096022 0.303447
2 3 0.030340 0.110451 0.473038 0.100205 0.285966
2 3 0.029390 0.110058 0.472026 0.096547 0.291979
2 3 0.023968 0.094940 0.484647 0.113483 0.282963
2 3 0.028745 0.105976 0.482129 0.104188 0.278963
2 3 0.030494 0.109567 0.480024 0.102257 0.277658
2 3 0.026447 0.102956 0.479175 0.101579 0.289843
2 3 0.028154 0.103765 0.482654 0.108373 0.277053
2 3 0.028662 0.106665 0.470203 0.104221 0.290250
2 3 0.027184 0.103144 0.475165 0.106524 0.287983
2 3 0.029348 0.108202 0.475576 0.101628 0.285246
2 3 0.025231 0.100077 0.471438 0.105818 0.297437
2 3 0.026411 0.099025 0.489038 0.113302 0.272225
2 3 0.025894 0.098246 0.487545 0.113276 0.275040
2 3 0.027019 0.099031 0.486682 0.117903 0.269365
2 3 0.028394 0.104139 0.479476 0.109294 0.278697
2 3 0.029590 0.104471 0.478946 0.115314 0.271679
2 3 0.032488 0.110087 0.484271 0.109761 0.263393
2 3 0.031226 0.109456 0.485086 0.105183 0.269050
2 3 0.026719 0.100717 0.475694 0.112409 0.284462
2 3 0.029012 0.105375 0.484360 0.107249 0.274003
2 3 0.028534 0.102827 0.487100 0.112866 0.268673
2 3 0.030688 0.110068 0.476240 0.102572 0.280432
2 3 0.028650 0.101687 0.492105 0.116342 0.261216
2 3 0.026956 0.101243 0.483971 0.109827 0.278002
2 3 0.027883 0.102865 0.479120 0.110917 0.279215
2 3 0.030787 0.109618 0.473407 0.105312 0.280876
2 3 0.026457 0.095559 0.494450 0.125724 0.257811
2 3 0.025756 0.097542 0.478004 0.117660 0.281037
2 3 0.031152 0.108677 0.473706 0.110454 0.276011
2 3 0.026474 0.098438 0.488606 0.116094 0.270388
2 3 0.026537 0.098170 0.487271 0.117933 0.270089
2 3 0.026491 0.097711 0.489314 0.118855 0.267629
2 3 0.027060 0.101421 0.476269 0.111824 0.283426
2 3 0.030498 0.108556 0.478590 0.106046 0.276309
2 3 0.028756 0.105295 0.473688 0.108772 0.283490
2 3 0.028101 0.101758 0.485767 0.114581 0.269793
2 3 0.026883 0.097270 0.490742 0.122767 0.262338
2 3 0.027411 0.096974 0.493394 0.126575 0.255646
2 3 0.027216 0.099089 0.483482 0.119864 0.270349
2 3 0.027697 0.099028 0.479873 0.124266 0.269136
2 3 0.027945 0.098833 0.495019 0.122074 0.256129
2 3 0.029493 0.105171 0.480558 0.111764 0.273014
2 3 0.031063 0.112789 0.472107 0.096697 0.287343
2 3 0.031221 0.113576 0.479233 0.093400 0.282570
2 3 0.033541 0.118985 0.471379 0.090109 0.285985
2 3 0.032051 0.113121 0.478066 0.099235 0.277527
2 3 0.066876 0.145063 0.398372 0.080719 0.308971
2 3 0.024540 0.103088 0.457923 0.093025 0.321424
2 3 0.027205 0.105525 0.477264 0.097801 0.292206
2 3 0.028007 0.110079 0.459967 0.091189 0.310758
2 3 0.025150 0.103254 0.477131 0.092707 0.301758
2 3 0.026324 0.105037 0.467616 0.096126 0.304897
2 3 0.026856 0.107862 0.466441 0.090273 0.308568
2 3 0.026140 0.107101 0.458099 0.089960 0.318701
2 3 0.023774 0.100570 0.472437 0.093700 0.309519
2 3 0.029185 0.115712 0.455285 0.081503 0.318316
2 3 0.026818 0.106689 0.466856 0.093795 0.305843
2 3 0.023061 0.100976 0.464765 0.088763 0.322434
2 3 0.027644 0.109037 0.471914 0.090030 0.301375
2 3 0.024947 0.102067 0.470009 0.096960 0.306016
2 3 0.025699 0.104970 0.463504 0.093210 0.312618
2 3 0.024657 0.102334 0.469716 0.094145 0.309148
2 3 0.022105 0.095544 0.470022 0.100284 0.312045
2 3 0.023759 0.103005 0.452280 0.088935 0.332020
2 3 0.024179 0.102567 0.465529 0.090936 0.316790
2 3 0.023974 0.103371 0.456577 0.088456 0.327622
2 3 0.022559 0.098478 0.465341 0.093773 0.319849
2 3 0.022021 0.096177 0.464587 0.098302 0.318913
2 3 0.023611 0.099364 0.454140 0.100502 0.322383
2 3 0.026299 0.107111 0.446621 0.092982 0.326986
2 3 0.021939 0.094374 0.474590 0.102530 0.306567
2 3 0.021492 0.094964 0.452176 0.101068 0.330300
0 3 0.260809 0.177484 0.241171 0.072215 0.248321
0 3 0.273642 0.178904 0.238605 0.066910 0.241940
0 3 0.277426 0.178599 0.239356 0.068808 0.235812
4 3 0.252447 0.180141 0.239855 0.062389 0.265168
0 3 0.678294 0.113955 0.114400 0.041576 0.051775
0 3 0.842274 0.082208 0.054333 0.002649 0.018536
0 3 0.840053 0.084037 0.061328 0.002850 0.011731
0 3 0.842633 0.082098 0.060910 0.003224 0.011135
0 3 0.839752 0.083708 0.061743 0.003092 0.011705
0 3 0.839831 0.083833 0.061673 0.003009 0.011654
0 3 0.867961 0.070359 0.049260 0.002910 0.009510
0 3 0.914775 0.048160 0.028380 0.001866 0.006819
0 3 0.875725 0.066551 0.044945 0.002839 0.009941
0 2 0.916074 0.048143 0.027752 0.001520 0.006510
0 2 0.893532 0.058765 0.038406 0.002211 0.007085
0 2 0.954801 0.023076 0.016297 0.004892 0.000934
0 2 0.952033 0.023680 0.017828 0.005681 0.000779
0 2 0.968753 0.017155 0.010601 0.002847 0.000643
0 2 0.971097 0.016819 0.008870 0.002049 0.001165
0 1 0.937889 0.033851 0.023219 0.003155 0.001886
0 1 0.943968 0.034007 0.017966 0.000941 0.003117
0 1 0.944029 0.034578 0.017773 0.000689 0.002930
0 1 0.957219 0.027045 0.013105 0.000594 0.002037
0 1 0.952259 0.015664 0.003688 0.000395 0.027994
0 1 0.932839 0.038469 0.025691 0.001448 0.001554
0 1 0.986787 0.007575 0.004405 0.001166 0.000067
0 1 0.985127 0.009734 0.003442 0.000559 0.001137
0 1 0.306686 0.160774 0.283603 0.173905 0.075032
0 1 0.318876 0.157404 0.285474 0.180331 0.057915
2 1 0.257994 0.158722 0.320571 0.207486 0.055227
4 1 0.025031 0.114029 0.389601 0.054688 0.416651
4 1 0.037047 0.126867 0.346320 0.044629 0.445136
4 1 0.041519 0.129032 0.315932 0.041526 0.471992
4 4 0.023147 0.109940 0.396294 0.059245 0.411375
2 4 0.022371 0.109875 0.412056 0.064004 0.391693
2 4 0.016713 0.093033 0.419875 0.070337 0.400042
2 4 0.018229 0.094923 0.427434 0.076756 0.382657
2 4 0.018229 0.095503 0.423886 0.075174 0.387207
2 4 0.016881 0.090355 0.426320 0.080628 0.385816
2 4 0.015642 0.089352 0.418028 0.072780 0.404198
4 4 0.023290 0.110493 0.368986 0.054028 0.443203
4 4 0.028801 0.118326 0.376549 0.046863 0.429461
4 4 0.024696 0.114383 0.358980 0.049898 0.452043
4 4 0.029377 0.122610 0.353496 0.047316 0.447201
4 4 0.064118 0.130206 0.249517 0.033636 0.522524
4 4 0.057133 0.140808 0.288089 0.034096 0.479875
2 4 0.026157 0.116791 0.403524 0.061132 0.392396
4 4 0.025486 0.115942 0.388958 0.057427 0.412187
4 4 0.037673 0.123024 0.363766 0.058037 0.417500
2 4 0.021595 0.105821 0.427056 0.068678 0.376850
4 4 0.066633 0.144122 0.366028 0.041408 0.381810
4 4 0.046626 0.131920 0.324076 0.042201 0.455177
2 4 0.027359 0.114282 0.449437 0.071593 0.337330
2 4 0.026695 0.115771 0.427044 0.063290 0.367199
4 4 0.016778 0.095513 0.381308 0.057403 0.448997
2 4 0.022934 0.110164 0.406153 0.067229 0.393519
4 4 0.017394 0.096705 0.399881 0.066147 0.419873
2 4 0.021361 0.105192 0.412494 0.069169 0.391784
2 4 0.019122 0.099398 0.406533 0.071534 0.403413
2 4 0.019685 0.099700 0.420391 0.073822 0.386402
2 4 0.019430 0.101808 0.410520 0.066356 0.401886
2 4 0.025743 0.108791 0.419969 0.068432 0.377065
4 4 0.020678 0.105799 0.403065 0.064563 0.405895
2 4 0.023648 0.105571 0.412684 0.073240 0.384858
2 4 0.017549 0.093038 0.452742 0.074273 0.362399
4 4 0.026180 0.113837 0.342992 0.041105 0.475886
4 4 0.023176 0.109111 0.354789 0.043354 0.469570
4 4 0.018752 0.100575 0.355592 0.046105 0.478975
4 1 0.019264 0.101729 0.363395 0.049451 0.466161
4 1 0.080734 0.140321 0.222937 0.027809 0.528199
2 1 0.015272 0.085831 0.437865 0.079894 0.381137
2 2 0.015542 0.085661 0.444028 0.082702 0.372067
2 2 0.015155 0.085827 0.419606 0.080534 0.398878
2 2 0.015724 0.088399 0.427915 0.076094 0.391868
2 2 0.017093 0.090616 0.444471 0.079598 0.368221
2 2 0.015047 0.084947 0.434523 0.081253 0.384230
2 2 0.015414 0.088538 0.414735 0.073625 0.407689
2 2 0.017133 0.093513 0.420996 0.072445 0.395913
2 2 0.021807 0.095495 0.486788 0.094602 0.301308
2 2 0.018494 0.094034 0.456966 0.078437 0.352069
2 2 0.016343 0.089244 0.453385 0.076278 0.364749
2 2 0.017807 0.091660 0.466839 0.079292 0.344402
2 2 0.019840 0.097687 0.443994 0.078908 0.359571
2 2 0.015456 0.086976 0.435768 0.077745 0.384055
2 2 0.015485 0.088065 0.435480 0.074119 0.386850
2 2 0.023158 0.113645 0.416095 0.058924 0.388177
2 2 0.020970 0.109346 0.412483 0.056699 0.400502
2 2 0.024540 0.115376 0.439625 0.060145 0.360313
2 2 0.024557 0.117013 0.418875 0.054865 0.384690
4 2 0.203695 0.185079 0.240503 0.032679 0.338044
4 1 0.319256 0.160183 0.123803 0.007460 0.389299
4 1 0.100866 0.181450 0.290355 0.026181 0.401148
4 1 0.098017 0.180425 0.288282 0.023147 0.410129
4 1 0.169784 0.172433 0.190561 0.019124 0.448098
4 1 0.127723 0.173921 0.232191 0.019742 0.446423
2 1 0.020041 0.097852 0.458674 0.077912 0.345520
2 1 0.021414 0.099034 0.472561 0.082101 0.324890
2 1 0.033070 0.116632 0.466183 0.080259 0.303855
2 1 0.021705 0.101761 0.472622 0.075474 0.328438
2 1 0.017709 0.090144 0.475370 0.082486 0.334292
2 1 0.019754 0.091912 0.488583 0.091197 0.308554
2 1 0.018853 0.088110 0.483690 0.099211 0.310136
2 1 0.018467 0.087602 0.486033 0.097217 0.310682
2 2 0.018359 0.087229 0.487977 0.097323 0.309113
2 2 0.017362 0.085200 0.478964 0.097930 0.320544
2 2 0.019898 0.088796 0.491340 0.104066 0.295900
2 2 0.018292 0.086566 0.474300 0.102310 0.318532
2 2 0.019245 0.088586 0.490199 0.099405 0.302565
2 2 0.018598 0.084141 0.499133 0.110119 0.288008
2 2 0.019702 0.090007 0.491545 0.097437 0.301309
2 2 0.018933 0.087526 0.492685 0.100354 0.300503
2 2 0.017820 0.083981 0.488190 0.105840 0.304169
2 2 0.019435 0.090678 0.486738 0.093561 0.309588
2 2 0.016705 0.082083 0.485477 0.103310 0.312425
2 2 0.016535 0.079886 0.487424 0.111155 0.305000
2 2 0.016913 0.082873 0.489140 0.101213 0.309861
2 2 0.020761 0.091160 0.510166 0.097268 0.280645
2 2 0.022239 0.098614 0.467109 0.090578 0.321459
2 2 0.021321 0.095009 0.496397 0.090598 0.296676
2 2 0.021485 0.094791 0.487427 0.094593 0.301705
2 2 0.042792 0.144976 0.399118 0.047996 0.365118
2 2 0.047988 0.149677 0.394926 0.043936 0.363473
2 2 0.048010 0.150934 0.407659 0.044840 0.348557
2 2 0.046025 0.149594 0.415536 0.052395 0.336449
4 2 0.218499 0.168650 0.203124 0.045564 0.364162
4 2 0.096850 0.155649 0.328801 0.058621 0.360080
2 2 0.028526 0.121944 0.424837 0.046998 0.377695
2 2 0.022898 0.110004 0.471685 0.060386 0.335026
2 2 0.021715 0.105115 0.481150 0.064652 0.327369
2 2 0.023770 0.112338 0.462647 0.060638 0.340606
2 2 0.020689 0.102600 0.487568 0.064053 0.325089
2 2 0.021528 0.101661 0.489440 0.071811 0.315560
2 2 0.025427 0.108865 0.495310 0.073505 0.296893
2 2 0.026243 0.112472 0.485022 0.070000 0.306263
2 2 0.081222 0.142852 0.371949 0.078050 0.325927
2 2 0.161310 0.200291 0.325231 0.035777 0.277390
2 2 0.037324 0.136281 0.449688 0.064135 0.312572
2 2 0.058632 0.156435 0.432616 0.059780 0.292538
2 2 0.047658 0.152024 0.437834 0.056974 0.305509
2 2 0.046651 0.151373 0.442870 0.064226 0.294880
2 2 0.034403 0.111589 0.481541 0.114880 0.257586
2 2 0.036250 0.115543 0.499449 0.104990 0.243768
2 2 0.036598 0.118438 0.484531 0.101882 0.258550
2 2 0.035566 0.115417 0.490841 0.104996 0.253179
2 2 0.043923 0.127007 0.496265 0.100619 0.232185
2 2 0.044711 0.132031 0.517229 0.083696 0.222334
2 2 0.038903 0.117461 0.506107 0.107577 0.229952
2 2 0.044359 0.126615 0.496876 0.102903 0.229247
2 2 0.041290 0.123575 0.486786 0.104262 0.244086
2 2 0.046421 0.127923 0.529456 0.094478 0.201723
2 2 0.034467 0.107818 0.509677 0.119061 0.228977
2 2 0.036666 0.112975 0.498165 0.115345 0.236849
2 2 0.043902 0.119003 0.531046 0.110934 0.195116
2 2 0.043563 0.124700 0.511855 0.100803 0.219079
2 2 0.040716 0.117582 0.521923 0.108301 0.211478
2 2 0.039245 0.116832 0.492411 0.115344 0.236168
2 2 0.042085 0.120694 0.522558 0.103612 0.211051
2 2 0.040625 0.118614 0.505199 0.110754 0.224808
2 2 0.039915 0.118001 0.517197 0.105943 0.218944
2 2 0.040356 0.117377 0.502954 0.114338 0.224976
2 3 0.064316 0.165900 0.463399 0.070076 0.236310
2 3 0.062808 0.166135 0.466503 0.066413 0.238141
2 3 0.054255 0.154549 0.464836 0.071906 0.254454
2 3 0.065374 0.170700 0.456391 0.065028 0.242507
2 3 0.239119 0.202751 0.274208 0.039229 0.244692
4 3 0.321455 0.170820 0.146924 0.010859 0.349942
4 3 0.187952 0.164546 0.167235 0.016613 0.463654
4 3 0.250572 0.173024 0.161700 0.012779 0.401924
4 3 0.134291 0.190438 0.254770 0.022045 0.398455
4 3 0.152074 0.191811 0.236090 0.019089 0.400936
2 3 0.036919 0.130378 0.435997 0.065941 0.330765
2 3 0.030082 0.121783 0.436621 0.072436 0.339077
2 3 0.030604 0.123128 0.439397 0.071111 0.335761
2 3 0.027160 0.116844 0.434178 0.070896 0.350922
2 3 0.034423 0.128943 0.452788 0.071256 0.312590
2 3 0.028467 0.114258 0.449449 0.082879 0.324946
2 3 0.027457 0.110241 0.456115 0.088212 0.317975
2 3 0.033121 0.124143 0.441175 0.079648 0.321913
2 3 0.031183 0.121543 0.437780 0.078133 0.331361
2 3 0.032404 0.124061 0.451248 0.075063 0.317224
2 3 0.031152 0.117780 0.457122 0.085184 0.308763
2 3 0.033335 0.121619 0.461511 0.083804 0.299732
2 3 0.031561 0.121683 0.448780 0.077828 0.320148
2 3 0.036271 0.127084 0.476193 0.078640 0.281812
2 3 0.044495 0.135598 0.481318 0.079976 0.258613
2 3 0.034985 0.122381 0.424744 0.087580 0.330309
2 3 0.033567 0.120479 0.466557 0.086995 0.292402
2 3 0.037459 0.129839 0.453870 0.080676 0.298156
2 3 0.037523 0.128561 0.457108 0.083567 0.293241
2 3 0.036407 0.128219 0.452064 0.081027 0.302284
2 3 0.037559 0.127069 0.465836 0.085815 0.283720
2 3 0.036172 0.124247 0.487817 0.082941 0.268822
2 3 0.041612 0.136919 0.461827 0.076620 0.283022
2 3 0.115988 0.185087 0.383863 0.058626 0.256436
2 3 0.043420 0.136195 0.477120 0.080695 0.262570
2 3 0.043614 0.126003 0.514756 0.096477 0.219150
2 3 0.039602 0.118960 0.521177 0.100700 0.219561
2 3 0.043354 0.125573 0.511364 0.097934 0.221775
2 3 0.050305 0.136392 0.507553 0.090875 0.214876
2 3 0.050354 0.129274 0.498997 0.112376 0.208999
2 3 0.089845 0.193105 0.405992 0.048060 0.262998
2 3 0.074856 0.183742 0.406194 0.052071 0.283137
2 3 0.085633 0.191169 0.394990 0.051082 0.277127
2 3 0.118502 0.210374 0.370417 0.033729 0.266978
4 3 0.153798 0.182394 0.239921 0.033308 0.390579
4 3 0.244000 0.206459 0.224676 0.013615 0.311249
2 3 0.168822 0.203429 0.310878 0.021908 0.294963
2 3 0.115842 0.197651 0.400901 0.035444 0.250162
2 3 0.074531 0.182456 0.412015 0.038919 0.292079
2 3 0.063126 0.165025 0.407594 0.043557 0.320698
2 3 0.062172 0.164029 0.402058 0.040098 0.331644
2 3 0.087304 0.186149 0.422947 0.037637 0.265962
4 3 0.214552 0.200279 0.249931 0.026794 0.308445
2 3 0.154156 0.207185 0.311942 0.018193 0.308525
2 3 0.074280 0.176667 0.374179 0.041205 0.333669
2 3 0.036050 0.136932 0.424939 0.058114 0.343965
2 3 0.048646 0.153951 0.446616 0.057550 0.293236
2 3 0.041190 0.144460 0.451504 0.061234 0.301614
2 3 0.240387 0.220283 0.280701 0.020577 0.238052
2 3 0.055681 0.160640 0.502459 0.055392 0.225827
2 3 0.032961 0.118149 0.505436 0.081971 0.261483
2 3 0.035503 0.121329 0.504545 0.083942 0.254681
2 3 0.031791 0.117761 0.492489 0.080997 0.276962
2 3 0.032061 0.119692 0.481308 0.079400 0.287539
2 3 0.048875 0.124793 0.380788 0.073981 0.371563
2 2 0.053989 0.162806 0.454637 0.048918 0.279650
2 2 0.048892 0.153256 0.490675 0.057360 0.249817
4 2 0.265456 0.195178 0.199921 0.013813 0.325632
2 2 0.160970 0.221527 0.414357 0.022898 0.180248
2 2 0.085868 0.194053 0.466815 0.034942 0.218322
2 2 0.021090 0.099427 0.451149 0.081808 0.346527
2 2 0.031987 0.121288 0.474328 0.076276 0.296120
2 2 0.029700 0.119268 0.439322 0.076785 0.334926
2 2 0.025951 0.112588 0.430151 0.076326 0.354984
2 2 0.026392 0.113127 0.450915 0.074497 0.335069
2 2 0.028943 0.119107 0.451611 0.071690 0.328649
2 2 0.056478 0.147345 0.391408 0.061360 0.343408
2 2 0.032747 0.119589 0.507040 0.076931 0.263694
2 2 0.024040 0.103824 0.488583 0.081487 0.302066
2 2 0.021640 0.102958 0.455778 0.073919 0.345705
4 2 0.110949 0.189073 0.304093 0.026636 0.369249
4 2 0.084761 0.172662 0.311295 0.028459 0.402822
4 2 0.081768 0.173607 0.307531 0.029408 0.407687
4 2 0.262757 0.179619 0.173714 0.014128 0.369782
4 2 0.183342 0.154979 0.178041 0.022140 0.461498
4 2 0.124078 0.180535 0.233104 0.022536 0.439746
4 2 0.060842 0.149367 0.325379 0.036311 0.428101
4 2 0.041274 0.137844 0.354548 0.040919 0.425415
4 2 0.036469 0.133389 0.370489 0.048300 0.411353
4 2 0.045086 0.143628 0.361388 0.042570 0.407328
2 2 0.079660 0.180078 0.367614 0.044934 0.327714
0 2 0.376024 0.184865 0.182184 0.016999 0.239930
0 2 0.426167 0.190978 0.184178 0.012174 0.186503
2 2 0.249149 0.229924 0.300785 0.018315 0.201827
2 2 0.133331 0.226161 0.394756 0.029983 0.215770
2 2 0.063796 0.143328 0.569168 0.088061 0.135647
2 2 0.050808 0.134816 0.530101 0.088232 0.196043
2 2 0.066264 0.148731 0.553065 0.089842 0.142098
2 2 0.062676 0.149540 0.539648 0.084609 0.163527
2 2 0.060188 0.144588 0.540676 0.081178 0.173369
0 2 0.318712 0.199168 0.202848 0.013866 0.265407
0 2 0.310130 0.194980 0.181943 0.009569 0.303378
0 2 0.287082 0.215093 0.223069 0.009986 0.264770
2 2 0.257359 0.233231 0.285099 0.013032 0.211279
2 2 0.176465 0.219893 0.307813 0.023543 0.272286
2 2 0.038658 0.123855 0.502385 0.089529 0.245572
2 2 0.037781 0.124249 0.490042 0.088521 0.259406
2 2 0.021878 0.100676 0.436980 0.085574 0.354893
2 2 0.025869 0.106914 0.457132 0.089050 0.321035
2 2 0.022698 0.103201 0.435154 0.083393 0.355555
2 2 0.021222 0.102265 0.429752 0.076384 0.370377
2 2 0.019265 0.098970 0.413965 0.073405 0.394395
2 2 0.023861 0.108568 0.422094 0.076144 0.369333
4 2 0.021966 0.107943 0.396860 0.067765 0.405466
4 4 0.020708 0.104052 0.401329 0.069861 0.404050
2 4 0.017428 0.094697 0.416265 0.071573 0.400037
4 4 0.019142 0.100827 0.391655 0.068343 0.420033
2 4 0.020425 0.100651 0.413470 0.070230 0.395223
4 4 0.018708 0.098652 0.399368 0.071059 0.412214
2 4 0.024325 0.111182 0.421611 0.071584 0.371298
4 4 0.059337 0.138742 0.275486 0.031457 0.494978
4 4 0.070508 0.148231 0.302004 0.033679 0.445579
4 4 0.028666 0.119131 0.346056 0.046073 0.460074
4 4 0.027007 0.116077 0.346630 0.046335 0.463951
4 4 0.034307 0.126453 0.336183 0.041896 0.461162
4 4 0.073238 0.135596 0.202604 0.021575 0.566987
4 4 0.032250 0.121673 0.321164 0.037086 0.487827
4 4 0.026433 0.113293 0.324522 0.041185 0.494567
4 4 0.030569 0.120950 0.346484 0.043256 0.458741
4 4 0.026271 0.115208 0.348391 0.045095 0.465034
4 4 0.076007 0.150109 0.302686 0.032749 0.438449
4 4 0.022926 0.109089 0.339702 0.044331 0.483951
4 4 0.042674 0.132486 0.328851 0.038049 0.457941
4 4 0.031902 0.125067 0.359734 0.043798 0.439499
4 4 0.090220 0.151725 0.243561 0.028472 0.486023
2 4 0.018715 0.097903 0.405381 0.073056 0.404945
4 4 0.018454 0.098820 0.398359 0.068536 0.415831
2 4 0.019120 0.099478 0.405955 0.071315 0.404132
2 4 0.020959 0.105295 0.407240 0.067599 0.398907
4 4 0.020937 0.105227 0.401500 0.068070 0.404267
2 4 0.019965 0.101709 0.406179 0.071002 0.401144
2 4 0.022152 0.107113 0.409079 0.070406 0.391250
4 4 0.020217 0.103167 0.402202 0.068829 0.405585
2 4 0.022127 0.107877 0.403655 0.068521 0.397819
2 4 0.020420 0.100080 0.416307 0.078776 0.384416
4 4 0.023954 0.112160 0.378409 0.053831 0.431647
4 4 0.126502 0.165230 0.212215 0.023959 0.472095
4 4 0.041214 0.130476 0.301801 0.038850 0.487659
4 4 0.031439 0.123117 0.341949 0.046045 0.457449
4 4 0.034333 0.128125 0.341105 0.044574 0.451863
4 4 0.094951 0.173558 0.326882 0.033016 0.371593
4 4 0.039182 0.131707 0.303426 0.034228 0.491457
4 4 0.038773 0.130860 0.300684 0.034260 0.495423
4 4 0.090260 0.145942 0.199360 0.026231 0.538207
4 4 0.035027 0.131153 0.336284 0.038038 0.459498
2 4 0.030168 0.115162 0.419997 0.069332 0.365341
2 4 0.021203 0.105858 0.406856 0.067722 0.398361
2 4 0.022735 0.107522 0.422747 0.071809 0.375187
2 4 0.019892 0.096980 0.420020 0.084697 0.378411
2 4 0.020784 0.102228 0.421156 0.074205 0.381627
2 4 0.022652 0.103446 0.440049 0.081601 0.352253
2 4 0.025542 0.111412 0.431484 0.077124 0.354437
2 4 0.026466 0.113571 0.425556 0.077077 0.357330
2 4 0.025705 0.110482 0.453548 0.077690 0.332576
2 4 0.028621 0.117357 0.440546 0.076309 0.337166
4 4 0.336501 0.168426 0.144597 0.011749 0.338727
4 4 0.170665 0.172657 0.197754 0.014978 0.443945
2 4 0.264033 0.234837 0.288463 0.012844 0.199823
2 4 0.159315 0.220643 0.330816 0.027050 0.262177
2 4 0.135743 0.212092 0.341972 0.027829 0.282363
2 4 0.042870 0.137696 0.486386 0.073511 0.259538
2 4 0.037768 0.128794 0.484235 0.078192 0.271012
2 4 0.045722 0.139083 0.490518 0.077499 0.247177
2 4 0.040160 0.133716 0.494401 0.072381 0.259342
2 4 0.060903 0.157616 0.492837 0.065034 0.223610
2 4 0.050223 0.141276 0.492656 0.064607 0.251238
2 4 0.052688 0.148672 0.494391 0.069956 0.234293
2 4 0.045858 0.145401 0.488121 0.065239 0.255381
2 4 0.033621 0.123232 0.481279 0.076841 0.285027
2 4 0.077143 0.173044 0.435704 0.049448 0.264662
2 4 0.055784 0.161936 0.473390 0.057111 0.251779
2 4 0.071026 0.174165 0.479277 0.052325 0.223207
2 4 0.069320 0.169486 0.462458 0.048011 0.250724
2 4 0.049761 0.149332 0.447595 0.053080 0.300232
2 4 0.145105 0.195270 0.317787 0.031952 0.309887
4 4 0.225924 0.212140 0.248474 0.016065 0.297396
2 4 0.119531 0.209620 0.393384 0.037100 0.240365
2 4 0.160407 0.230530 0.343832 0.021414 0.243817
2 4 0.184963 0.227504 0.296520 0.015236 0.275777
4 4 0.215017 0.179378 0.188765 0.017689 0.399151
2 1 0.019023 0.095566 0.432818 0.080790 0.371804
2 1 0.025699 0.106388 0.454198 0.090222 0.323493
2 1 0.019876 0.096956 0.440739 0.082101 0.360328
2 1 0.018749 0.092556 0.441893 0.088111 0.358691
2 1 0.020534 0.096299 0.452522 0.088072 0.342574
2 1 0.015841 0.082936 0.458804 0.095107 0.347312
2 1 0.017518 0.085052 0.473792 0.101183 0.322455
2 2 0.017177 0.083480 0.462753 0.106772 0.329819
2 2 0.017756 0.084802 0.471192 0.105253 0.320997
2 2 0.015658 0.078422 0.473444 0.111163 0.321313
2 2 0.018397 0.089001 0.467265 0.094600 0.330737
2 2 0.019984 0.094990 0.453523 0.088118 0.343385
2 2 0.019314 0.091231 0.473904 0.092929 0.322622
2 2 0.018165 0.090564 0.454077 0.088512 0.348680
2 2 0.024403 0.099480 0.494062 0.097045 0.285010
2 2 0.020833 0.091308 0.472733 0.106078 0.309049
2 2 0.018573 0.085951 0.477041 0.107143 0.311292
2 2 0.017945 0.083871 0.477209 0.110091 0.310884
2 2 0.020103 0.090069 0.477811 0.103704 0.308313
2 2 0.018462 0.084203 0.485681 0.111855 0.299800
2 2 0.022296 0.097629 0.461136 0.095674 0.323265
2 2 0.022020 0.093990 0.466109 0.106540 0.311340
2 2 0.020176 0.089430 0.488905 0.104447 0.297043
2 2 0.020661 0.090855 0.477541 0.105393 0.305550
2 2 0.021417 0.093748 0.469256 0.101891 0.313688
2 2 0.016572 0.077822 0.487433 0.121733 0.296440
2 2 0.020800 0.086665 0.491171 0.121278 0.280087
2 2 0.017946 0.083593 0.476601 0.111518 0.310342
2 2 0.017033 0.079264 0.482974 0.120880 0.299849
2 2 0.018318 0.084882 0.478670 0.108992 0.309138
2 2 0.016275 0.079211 0.469891 0.115423 0.319200
2 3 0.015163 0.075028 0.474983 0.122038 0.312788
2 3 0.014970 0.073374 0.487436 0.125399 0.298821
2 3 0.013653 0.070149 0.471262 0.129169 0.315768
2 3 0.016383 0.080155 0.461378 0.113825 0.328259
2 3 0.016063 0.078458 0.471353 0.116331 0.317795
2 3 0.017294 0.083094 0.471536 0.108024 0.320052
2 3 0.016027 0.080445 0.471352 0.106225 0.325950
2 3 0.014635 0.076182 0.479085 0.108306 0.321791
2 3 0.014005 0.072464 0.479606 0.119171 0.314754
2 3 0.011656 0.065632 0.458743 0.126646 0.337323
2 3 0.015593 0.076571 0.467524 0.121078 0.319234
2 3 0.014924 0.076778 0.458381 0.113226 0.336691
2 3 0.014683 0.074879 0.474028 0.116715 0.319695
2 3 0.017795 0.082140 0.480004 0.115935 0.304127
2 3 0.015751 0.077708 0.470132 0.116595 0.319814
2 3 0.016752 0.079444 0.473809 0.118972 0.311023
2 3 0.013286 0.069907 0.473532 0.124474 0.318801
2 3 0.015503 0.076265 0.470462 0.120885 0.316885
2 3 0.014494 0.071978 0.476107 0.129601 0.307819
2 3 0.015748 0.076437 0.478538 0.121187 0.308090
2 3 0.016209 0.078642 0.479269 0.115362 0.310518
2 3 0.015641 0.076799 0.489886 0.115279 0.302394
2 3 0.014498 0.075417 0.469380 0.112427 0.328278
2 3 0.015907 0.079336 0.472780 0.109825 0.322152
2 3 0.014680 0.075438 0.471844 0.114210 0.323828
2 3 0.013677 0.072790 0.476182 0.113533 0.323819
2 3 0.014356 0.076756 0.458743 0.105767 0.344377
2 3 0.014912 0.077308 0.457458 0.110542 0.339779
2 3 0.016926 0.082198 0.462071 0.110086 0.328718
2 3 0.019728 0.098266 0.434293 0.077299 0.370414
2 3 0.021276 0.100313 0.439975 0.081833 0.356603
2 3 0.019661 0.096473 0.444183 0.081551 0.358131
2 3 0.022127 0.102288 0.458344 0.078972 0.338270
4 3 0.086982 0.157545 0.299246 0.037993 0.418234
4 3 0.160010 0.205212 0.279811 0.025709 0.329258
4 3 0.269354 0.189372 0.200568 0.018929 0.321777
4 3 0.269076 0.165460 0.151002 0.014389 0.400073
0 3 0.310376 0.200575 0.196819 0.010983 0.281247
2 3 0.238371 0.222728 0.292090 0.021713 0.225098
2 3 0.042687 0.131437 0.513155 0.080528 0.232192
2 3 0.040494 0.128843 0.494269 0.085078 0.251316
2 3 0.048959 0.139943 0.499246 0.081736 0.230116
2 3 0.050455 0.136798 0.508683 0.089908 0.214156
2 3 0.044505 0.132136 0.506100 0.086132 0.231126
2 3 0.051521 0.134348 0.515775 0.096030 0.202326
2 3 0.051064 0.140506 0.496745 0.086357 0.225328
2 2 0.050096 0.136827 0.503379 0.090631 0.219067
2 2 0.052613 0.139367 0.516868 0.086282 0.204870
2 2 0.046788 0.133115 0.512994 0.088030 0.219073
2 2 0.188314 0.205047 0.286247 0.034781 0.285611
2 2 0.060507 0.170636 0.465757 0.055481 0.247619
2 2 0.063815 0.166273 0.476399 0.052695 0.240819
2 2 0.050145 0.153968 0.462309 0.064395 0.269183
2 2 0.053275 0.161403 0.442996 0.055894 0.286431
2 2 0.036964 0.122970 0.465961 0.094715 0.279390
2 2 0.037963 0.117930 0.492582 0.106737 0.244789
2 2 0.037983 0.119227 0.486860 0.104541 0.251388
2 2 0.038249 0.120068 0.496195 0.100377 0.245110
2 2 0.036365 0.118998 0.481618 0.099990 0.263028
2 2 0.037462 0.115278 0.480271 0.116840 0.250150
2 2 0.040435 0.123463 0.493128 0.099630 0.243345
2 2 0.036330 0.114566 0.493776 0.110134 0.245195
2 2 0.033522 0.112515 0.484649 0.106670 0.262644
2 2 0.037808 0.117241 0.476537 0.113029 0.255385
2 2 0.040075 0.129632 0.479303 0.085360 0.265630
2 2 0.083781 0.173636 0.406665 0.059401 0.276518
2 2 0.069663 0.169508 0.456094 0.054647 0.250087
2 2 0.029237 0.117124 0.450134 0.078658 0.324846
2 2 0.035131 0.128220 0.438288 0.078201 0.320160
2 2 0.034579 0.123702 0.455217 0.084792 0.301711
2 2 0.030104 0.115168 0.449307 0.088967 0.316455
2 2 0.032294 0.117957 0.453799 0.090906 0.305044
2 2 0.029180 0.112870 0.453896 0.090181 0.313872
2 2 0.032945 0.121202 0.456353 0.084177 0.305324
2 2 0.028679 0.110258 0.457768 0.094915 0.308379
2 2 0.041880 0.130212 0.480301 0.089804 0.257802
2 2 0.038699 0.124436 0.490909 0.091211 0.254745
2 2 0.041309 0.127868 0.492571 0.090779 0.247472
2 2 0.039598 0.123409 0.501104 0.094459 0.241431
4 2 0.239470 0.199813 0.226892 0.019165 0.314660
4 2 0.301633 0.164784 0.149493 0.015907 0.368183
2 2 0.192739 0.232136 0.330901 0.020625 0.223600
2 2 0.174990 0.220135 0.312786 0.024706 0.267383
4 2 0.117596 0.191861 0.320399 0.030986 0.339159
2 2 0.025140 0.101032 0.518792 0.090247 0.264789
2 2 0.030064 0.105051 0.513360 0.105861 0.245663
2 2 0.028125 0.104174 0.515064 0.097972 0.254665
2 2 0.028688 0.104457 0.511305 0.101166 0.254383
2 2 0.025991 0.099607 0.530423 0.096784 0.247195
2 2 0.025445 0.098872 0.507773 0.102480 0.265431
2 2 0.027607 0.098738 0.524725 0.110935 0.237995
2 2 0.024249 0.096131 0.508221 0.104526 0.266873
2 2 0.023821 0.097477 0.501777 0.098375 0.278549
2 2 0.025984 0.103451 0.482406 0.096187 0.291971
2 2 0.019094 0.093878 0.459674 0.083669 0.343684
2 2 0.016910 0.091286 0.438552 0.076212 0.377040
2 2 0.012658 0.077965 0.426806 0.081677 0.400894
2 2 0.015714 0.086940 0.445180 0.079468 0.372698
2 4 0.014263 0.084347 0.419033 0.076322 0.406035
4 4 0.057250 0.138796 0.247812 0.022179 0.533962
4 4 0.059666 0.142369 0.252223 0.023715 0.522027
4 4 0.101040 0.135151 0.145829 0.014412 0.603568
4 4 0.066287 0.145899 0.237889 0.020561 0.529364
4 4 0.299748 0.183433 0.172669 0.012693 0.331457
4 4 0.023964 0.101657 0.303161 0.042015 0.529203
4 4 0.034541 0.122425 0.323397 0.039809 0.479828
4 4 0.029645 0.116908 0.334152 0.046430 0.472865
4 4 0.027240 0.109411 0.338571 0.043418 0.481361
4 4 0.025196 0.111288 0.356831 0.048681 0.458003
4 4 0.152612 0.182332 0.287608 0.036077 0.341372
4 4 0.027117 0.117837 0.356404 0.047740 0.450902
4 4 0.052122 0.122931 0.256227 0.039826 0.528894
4 4 0.037902 0.133368 0.345584 0.043230 0.439916
4 4 0.030391 0.121912 0.337838 0.044195 0.465663
4 4 0.021787 0.108025 0.377777 0.056999 0.435412
4 4 0.023985 0.111139 0.349763 0.052351 0.462761
4 4 0.077183 0.142687 0.278087 0.046018 0.456024
4 4 0.016117 0.095050 0.384697 0.058621 0.445515
4 4 0.015298 0.090535 0.399245 0.066729 0.428192
4 4 0.092908 0.130689 0.159735 0.015449 0.601219
4 4 0.035858 0.126480 0.296110 0.035998 0.505554
4 4 0.037223 0.126204 0.298157 0.034468 0.503949
4 4 0.053095 0.146622 0.333445 0.034948 0.431890
4 4 0.035619 0.126620 0.302963 0.037131 0.497667
4 4 0.077231 0.155936 0.242301 0.024657 0.499876
4 4 0.058979 0.147978 0.280895 0.029923 0.482225
4 4 0.049859 0.146181 0.341977 0.036540 0.425442
4 4 0.038408 0.131326 0.331772 0.037092 0.461402
4 4 0.116084 0.166496 0.274425 0.026612 0.416384
2 4 0.044529 0.139057 0.438841 0.049023 0.328550
2 4 0.017917 0.097477 0.419748 0.066678 0.398180
2 4 0.018139 0.096929 0.420603 0.070107 0.394222
2 4 0.018946 0.098926 0.419213 0.070531 0.392383
2 4 0.015964 0.090404 0.420061 0.072130 0.401441
2 4 0.016615 0.092229 0.420604 0.072047 0.398505
2 4 0.015706 0.088544 0.412921 0.076750 0.406079
2 4 0.016743 0.092341 0.416564 0.073200 0.401152
2 4 0.017036 0.087310 0.442423 0.092044 0.361186
2 4 0.025925 0.112498 0.425526 0.067980 0.368070
4 4 0.071912 0.155600 0.241888 0.022998 0.507602
