0 0 0.800737 0.074124 0.107193 0.010058 0.007889
0 0 0.729423 0.109012 0.138835 0.014915 0.007815
0 0 0.574175 0.184744 0.144960 0.017154 0.078967
0 0 0.437167 0.213207 0.231941 0.035141 0.082544
2 0 0.145836 0.212891 0.416767 0.157828 0.066678
0 0 0.346394 0.182525 0.139344 0.013265 0.318472
0 0 0.426448 0.194767 0.187130 0.016299 0.175356
4 0 0.333147 0.160086 0.111287 0.007212 0.388267
0 0 0.457850 0.188948 0.184113 0.017337 0.151753
0 0 0.302743 0.234134 0.230456 0.029693 0.202974
4 0 0.193942 0.221740 0.270663 0.037751 0.275905
0 0 0.324195 0.218439 0.191079 0.023037 0.243251
4 0 0.236651 0.204984 0.181065 0.016691 0.360609
2 0 0.190021 0.215763 0.318150 0.042286 0.233779
4 0 0.256232 0.225330 0.199633 0.023426 0.295379
0 0 0.527760 0.203945 0.143783 0.013900 0.110611
0 0 0.493834 0.187243 0.187551 0.015549 0.115823
0 0 0.426302 0.186545 0.264251 0.027949 0.094953
0 0 0.351698 0.228892 0.277737 0.036879 0.104795
0 0 0.383123 0.223912 0.218254 0.025090 0.149621
0 0 0.498704 0.227893 0.161298 0.022205 0.089900
0 0 0.506580 0.162902 0.257795 0.034601 0.038122
0 0 0.663062 0.132128 0.161073 0.014992 0.028744
0 0 0.688338 0.139355 0.121206 0.010133 0.040968
0 0 0.578021 0.187611 0.128160 0.012210 0.093997
0 0 0.470944 0.174191 0.138297 0.009592 0.206976
0 0 0.342974 0.223781 0.209371 0.022319 0.201555
0 0 0.478022 0.185400 0.161430 0.014800 0.160347
0 0 0.360609 0.199983 0.158009 0.014806 0.266594
0 0 0.412874 0.183121 0.148870 0.010210 0.244925
0 0 0.488264 0.188037 0.202386 0.024807 0.096505
0 0 0.344984 0.193545 0.330818 0.034176 0.096477
0 0 0.398715 0.178051 0.320017 0.030803 0.072414
2 0 0.234984 0.176709 0.459537 0.050516 0.078254
2 0 0.173260 0.178743 0.482039 0.085134 0.080823
2 0 0.213077 0.208567 0.399672 0.093486 0.085197
2 0 0.252978 0.211007 0.371617 0.079202 0.085196
2 0 0.217395 0.208417 0.400210 0.095981 0.077997
2 0 0.365755 0.085578 0.405059 0.105361 0.038247
0 0 0.486322 0.182264 0.260676 0.022465 0.048274
0 0 0.636826 0.173304 0.137275 0.016776 0.035819
0 0 0.832777 0.069807 0.082087 0.007291 0.008038
0 0 0.846123 0.083718 0.055156 0.004416 0.010587
0 0 0.900266 0.045936 0.049946 0.002815 0.001037
0 0 0.769084 0.114348 0.095552 0.009415 0.011602
0 0 0.544050 0.170305 0.208409 0.021478 0.055759
0 0 0.529230 0.175538 0.188201 0.017864 0.089167
0 0 0.404866 0.209949 0.283541 0.039805 0.061840
0 0 0.610013 0.164984 0.137345 0.010744 0.076914
0 0 0.535908 0.176652 0.196918 0.016365 0.074157
2 0 0.164005 0.204933 0.305097 0.031890 0.294076
2 0 0.244738 0.207496 0.295567 0.034192 0.218008
4 0 0.208861 0.222861 0.250560 0.027135 0.290583
4 0 0.207324 0.207763 0.229773 0.023680 0.331461
4 0 0.205591 0.245177 0.253287 0.042041 0.253904
4 0 0.329150 0.159858 0.091472 0.006808 0.412712
0 0 0.462081 0.180451 0.125897 0.008442 0.223128
0 0 0.419363 0.191468 0.176215 0.013741 0.199213
0 0 0.461345 0.197749 0.163643 0.014472 0.162791
0 0 0.418015 0.214329 0.182937 0.014935 0.169785
0 0 0.641585 0.161893 0.119802 0.009482 0.067238
0 0 0.465326 0.207876 0.236896 0.029140 0.060762
0 0 0.566157 0.169901 0.167488 0.013182 0.083272
0 0 0.468463 0.182014 0.234661 0.027941 0.086921
0 0 0.583498 0.191268 0.123597 0.009800 0.091837
0 0 0.593365 0.169688 0.138226 0.010080 0.088641
0 0 0.620662 0.166243 0.134493 0.012581 0.066022
0 0 0.619423 0.170711 0.144108 0.014574 0.051184
0 0 0.591262 0.186974 0.142294 0.013583 0.065887
0 0 0.626492 0.153649 0.157097 0.014744 0.048018
0 0 0.578825 0.162125 0.160678 0.010836 0.087537
0 0 0.516150 0.171607 0.152063 0.012108 0.148072
0 0 0.558017 0.177429 0.088268 0.007118 0.169168
0 0 0.570265 0.159921 0.070346 0.004602 0.194866
0 0 0.630551 0.136933 0.101627 0.006406 0.124483
0 0 0.430936 0.180213 0.205113 0.015599 0.168139
0 0 0.414823 0.207257 0.140023 0.009512 0.228385
0 0 0.392455 0.212404 0.160530 0.018095 0.216515
0 0 0.386089 0.188235 0.128956 0.013150 0.283571
0 0 0.441631 0.183070 0.187349 0.015129 0.172821
0 0 0.650089 0.180365 0.108378 0.012977 0.048192
0 0 0.869118 0.057144 0.065428 0.004785 0.003524
0 0 0.755873 0.120960 0.095900 0.008387 0.018880
0 0 0.597686 0.170289 0.169627 0.021924 0.040474
0 0 0.647947 0.175366 0.110036 0.010241 0.056410
4 0 0.227568 0.153732 0.111448 0.005307 0.501946
4 0 0.219047 0.155000 0.113363 0.006352 0.506239
4 0 0.275469 0.185992 0.197042 0.015219 0.326277
4 0 0.241711 0.178330 0.099334 0.009019 0.471606
4 0 0.204816 0.240201 0.169470 0.033187 0.352325
4 0 0.110786 0.138169 0.138733 0.009640 0.602672
4 0 0.080027 0.124513 0.136675 0.008349 0.650436
4 0 0.159228 0.153608 0.113177 0.008199 0.565789
4 0 0.102237 0.126970 0.124060 0.007303 0.639430
4 0 0.088463 0.139987 0.156054 0.011842 0.603654
0 0 0.698514 0.142270 0.101537 0.007728 0.049952
0 0 0.620803 0.106365 0.209383 0.018683 0.044767
0 0 0.743550 0.121189 0.101797 0.008696 0.024767
0 0 0.619117 0.163167 0.095100 0.006852 0.115763
0 0 0.455444 0.242617 0.165940 0.028426 0.107573
4 0 0.103548 0.130977 0.124272 0.007599 0.633604
4 0 0.074806 0.109814 0.114584 0.005528 0.695268
4 0 0.060243 0.126200 0.159237 0.011008 0.643312
4 0 0.039676 0.131529 0.213719 0.019769 0.595306
4 1 0.045018 0.127735 0.182685 0.014374 0.630188
2 1 0.005370 0.048520 0.438938 0.162764 0.344408
2 1 0.005918 0.051668 0.439704 0.159599 0.343110
2 1 0.005687 0.047963 0.435334 0.184681 0.326336
2 1 0.005945 0.051357 0.439131 0.163692 0.339874
2 1 0.006003 0.050474 0.437341 0.174806 0.331376
2 1 0.007183 0.063944 0.419384 0.107076 0.402413
2 4 0.006412 0.057527 0.432747 0.128245 0.375070
4 4 0.007445 0.065065 0.408640 0.104065 0.414785
2 4 0.005801 0.052680 0.441285 0.145426 0.354808
4 4 0.013585 0.081039 0.352311 0.065269 0.487796
4 4 0.022411 0.097658 0.251053 0.021211 0.607668
4 4 0.025100 0.101429 0.256842 0.021292 0.595337
4 4 0.020749 0.104431 0.273981 0.028749 0.572090
4 4 0.020084 0.100067 0.255136 0.025553 0.599160
4 4 0.045141 0.132842 0.211083 0.019314 0.591619
4 4 0.011876 0.086851 0.365753 0.071973 0.463546
4 4 0.010371 0.082204 0.363765 0.074138 0.469522
4 4 0.013824 0.091659 0.351445 0.059563 0.483508
4 4 0.030832 0.143487 0.246958 0.029694 0.549029
4 4 0.010796 0.083675 0.373163 0.078870 0.453497
4 4 0.007668 0.064567 0.405960 0.111969 0.409836
2 4 0.007110 0.058106 0.423871 0.146217 0.364696
2 4 0.006583 0.057686 0.430827 0.132718 0.372187
2 4 0.007403 0.061321 0.430344 0.135211 0.365721
2 4 0.008747 0.067354 0.409926 0.126882 0.387092
4 4 0.009826 0.077824 0.380463 0.086855 0.445033
4 4 0.008214 0.068373 0.398695 0.102564 0.422153
4 4 0.013546 0.096958 0.340917 0.062415 0.486164
2 4 0.007090 0.058217 0.423300 0.144299 0.367095
4 4 0.008865 0.071873 0.399221 0.100607 0.419434
2 4 0.008347 0.068031 0.408952 0.111846 0.402824
2 4 0.006368 0.059082 0.417299 0.109875 0.407377
2 4 0.007711 0.064866 0.414111 0.114809 0.398503
4 4 0.009726 0.078196 0.384976 0.085308 0.441794
4 4 0.009825 0.076497 0.385386 0.094073 0.434219
4 4 0.097209 0.137197 0.120582 0.007675 0.637337
4 4 0.114582 0.173568 0.146213 0.014073 0.551563
4 4 0.077805 0.141759 0.210766 0.020153 0.549517
4 2 0.090405 0.142578 0.132712 0.009347 0.624956
4 2 0.199488 0.157260 0.137884 0.012113 0.493255
2 2 0.006471 0.051158 0.434563 0.189739 0.318069
2 2 0.006759 0.052931 0.435567 0.185104 0.319639
2 2 0.007593 0.056890 0.436120 0.182292 0.317105
2 2 0.006440 0.057691 0.442469 0.132144 0.361256
2 2 0.007693 0.058926 0.438571 0.168701 0.326108
2 2 0.007891 0.059567 0.438247 0.170466 0.323829
2 2 0.007660 0.057807 0.437150 0.176856 0.320526
2 2 0.008141 0.059987 0.437273 0.175715 0.318884
2 2 0.008106 0.061154 0.439062 0.165190 0.326488
2 2 0.007288 0.057900 0.439593 0.162321 0.332897
4 2 0.234440 0.156449 0.188736 0.014412 0.405964
4 2 0.093656 0.154210 0.209472 0.022239 0.520423
4 2 0.084402 0.161917 0.220327 0.026092 0.507261
4 2 0.079695 0.152324 0.233431 0.026791 0.507758
4 2 0.081186 0.154446 0.225158 0.025481 0.513729
2 2 0.005001 0.042604 0.429779 0.207598 0.315018
2 2 0.005431 0.047592 0.436959 0.175276 0.334742
2 2 0.005658 0.047131 0.433776 0.192112 0.321324
2 2 0.005426 0.048125 0.437926 0.169585 0.338938
2 2 0.006176 0.050051 0.435021 0.187201 0.321550
2 2 0.006180 0.052977 0.439813 0.159575 0.341454
2 2 0.004940 0.044690 0.435848 0.179252 0.335271
2 2 0.005856 0.052634 0.441037 0.148251 0.352222
2 2 0.005091 0.048418 0.440386 0.149414 0.356692
2 2 0.005972 0.051082 0.438559 0.167493 0.336894
2 2 0.011296 0.076809 0.438302 0.145761 0.327832
2 2 0.014305 0.091034 0.424814 0.124283 0.345564
2 2 0.012357 0.085907 0.423371 0.107584 0.370781
4 2 0.029051 0.137374 0.359115 0.064697 0.409763
2 3 0.012164 0.081207 0.439968 0.140188 0.326473
2 3 0.006910 0.053268 0.434914 0.188326 0.316581
2 3 0.008073 0.055600 0.461286 0.213900 0.261142
2 3 0.007114 0.056192 0.438381 0.170039 0.328274
2 3 0.006971 0.054766 0.437166 0.176924 0.324173
2 3 0.006568 0.050413 0.431881 0.201755 0.309383
2 3 0.006172 0.054088 0.441026 0.149668 0.349046
2 3 0.005842 0.049838 0.437533 0.173318 0.333469
2 3 0.005903 0.050679 0.438428 0.168127 0.336863
2 3 0.006207 0.049771 0.434120 0.191515 0.318387
2 3 0.005535 0.046670 0.434025 0.190635 0.323136
2 3 0.005867 0.050910 0.439019 0.164206 0.339998
2 3 0.005995 0.051875 0.439509 0.161243 0.341378
2 3 0.005386 0.049649 0.440248 0.152835 0.351881
2 3 0.005700 0.049997 0.438825 0.164934 0.340544
2 3 0.006107 0.050042 0.435645 0.184012 0.324194
4 3 0.017266 0.098820 0.381179 0.077086 0.425649
4 3 0.014722 0.090668 0.400178 0.091761 0.402671
4 3 0.016609 0.097882 0.392518 0.079967 0.413024
2 3 0.016143 0.094665 0.400439 0.088397 0.400357
4 3 0.046228 0.118892 0.309420 0.043399 0.482060
2 3 0.005442 0.044836 0.430356 0.206492 0.312874
2 3 0.006115 0.050581 0.436611 0.179030 0.327663
2 3 0.005894 0.047342 0.431641 0.202036 0.313087
2 3 0.005389 0.047575 0.437281 0.173277 0.336478
2 3 0.005501 0.048561 0.438063 0.169041 0.338835
2 3 0.006401 0.051514 0.435921 0.183034 0.323130
2 3 0.006794 0.054397 0.437853 0.173009 0.327948
2 3 0.005754 0.047227 0.432950 0.196084 0.317985
2 3 0.006712 0.055755 0.440175 0.157889 0.339468
2 3 0.006162 0.052710 0.439583 0.161175 0.340371
2 3 0.006901 0.057934 0.441412 0.147612 0.346142
2 3 0.007001 0.060950 0.442692 0.129196 0.360161
2 3 0.006970 0.057613 0.440857 0.152720 0.341841
2 3 0.007021 0.055409 0.437839 0.173187 0.326543
2 3 0.005700 0.050842 0.439937 0.157019 0.346502
2 3 0.007299 0.061381 0.442365 0.136319 0.352636
2 3 0.006880 0.054870 0.437990 0.172269 0.327992
2 3 0.007476 0.060599 0.441389 0.147991 0.342546
2 3 0.015232 0.094143 0.401219 0.104957 0.384449
2 3 0.006877 0.058200 0.441692 0.144684 0.348546
2 3 0.004931 0.044422 0.435366 0.181769 0.333512
2 3 0.005291 0.044482 0.431318 0.202069 0.316840
2 3 0.004992 0.044383 0.434629 0.185810 0.330186
2 3 0.006027 0.049787 0.435868 0.182739 0.325579
2 3 0.005339 0.046526 0.435726 0.181611 0.330799
2 3 0.005063 0.044259 0.433532 0.191411 0.325735
2 3 0.004634 0.042473 0.434193 0.186195 0.332505
2 3 0.006257 0.049005 0.431764 0.201998 0.310976
2 3 0.004449 0.040428 0.431147 0.199413 0.324564
2 3 0.004606 0.043018 0.435727 0.178009 0.338639
2 3 0.004881 0.044300 0.435621 0.180170 0.335028
2 3 0.005420 0.046697 0.435277 0.184192 0.328413
2 3 0.005342 0.046260 0.435130 0.184671 0.328597
2 3 0.006382 0.051810 0.436632 0.179335 0.325841
2 3 0.004824 0.044287 0.436162 0.176920 0.337806
4 3 0.104079 0.189650 0.237865 0.038742 0.429665
4 3 0.172008 0.172723 0.174239 0.019740 0.461289
4 3 0.194434 0.177510 0.155772 0.017526 0.454758
4 3 0.197279 0.188980 0.141698 0.016359 0.455684
4 3 0.202005 0.162720 0.124366 0.010744 0.500165
2 3 0.009798 0.059106 0.505120 0.234150 0.191826
2 3 0.007438 0.040648 0.467610 0.349827 0.134477
2 3 0.007020 0.047424 0.462275 0.256697 0.226584
2 3 0.007732 0.045218 0.463598 0.310194 0.173257
2 3 0.008507 0.053355 0.488460 0.248736 0.200941
2 2 0.007056 0.055521 0.437766 0.173614 0.326043
2 2 0.006702 0.051020 0.431944 0.201555 0.308779
2 2 0.006126 0.048352 0.431573 0.202657 0.311292
2 2 0.005407 0.044774 0.430640 0.205234 0.313945
2 2 0.006690 0.053114 0.436480 0.180434 0.323282
4 2 0.109186 0.192541 0.225623 0.035702 0.436948
4 2 0.287047 0.189340 0.199034 0.020509 0.304070
4 2 0.181775 0.167316 0.142195 0.011032 0.497682
4 2 0.114923 0.186777 0.203508 0.027919 0.466873
4 2 0.205678 0.190055 0.147791 0.017990 0.438487
4 2 0.107598 0.166030 0.218790 0.026877 0.480705
2 2 0.024656 0.117006 0.393654 0.086248 0.378436
2 2 0.020231 0.112039 0.412185 0.105552 0.349993
2 2 0.018845 0.104836 0.421515 0.110198 0.344607
2 2 0.016144 0.092789 0.426860 0.121886 0.342320
2 2 0.006435 0.054377 0.440068 0.158264 0.340856
2 2 0.006715 0.050934 0.431601 0.203003 0.307747
2 2 0.008064 0.056235 0.430759 0.205952 0.298990
2 2 0.006214 0.050064 0.434690 0.188845 0.320186
2 2 0.006214 0.048362 0.430574 0.206891 0.307958
2 2 0.005761 0.046877 0.431982 0.200340 0.315040
2 2 0.005915 0.042794 0.415549 0.258981 0.276761
2 2 0.006438 0.048040 0.426863 0.221422 0.297237
2 2 0.007243 0.051736 0.427856 0.217808 0.295358
2 2 0.006689 0.048641 0.425454 0.226630 0.292586
2 2 0.007344 0.055273 0.435133 0.187265 0.314985
2 2 0.007701 0.058006 0.437184 0.176644 0.320464
2 2 0.007372 0.056190 0.436572 0.180068 0.319797
2 2 0.007611 0.055251 0.432765 0.197926 0.306448
2 2 0.007141 0.054401 0.435160 0.187174 0.316124
2 2 0.006043 0.044869 0.421776 0.239041 0.288271
2 2 0.007494 0.054295 0.431724 0.202421 0.304066
2 2 0.007289 0.054040 0.433101 0.196602 0.308968
2 2 0.006361 0.045065 0.417459 0.253267 0.277848
2 2 0.006895 0.049524 0.425561 0.226265 0.291755
4 2 0.206032 0.196626 0.205745 0.022508 0.369089
4 2 0.202858 0.174865 0.128209 0.011124 0.482943
4 2 0.181460 0.181121 0.172842 0.016092 0.448485
4 2 0.083921 0.187801 0.249747 0.041784 0.436747
4 2 0.081395 0.186551 0.254897 0.043177 0.433980
2 2 0.006761 0.053835 0.437184 0.176727 0.325493
2 2 0.007207 0.052954 0.431405 0.203851 0.304583
2 2 0.007456 0.057192 0.437594 0.174533 0.323225
2 2 0.006914 0.054449 0.437059 0.177484 0.324094
2 2 0.005878 0.049011 0.435675 0.183419 0.326017
2 2 0.005959 0.050350 0.437476 0.173941 0.332273
2 2 0.006413 0.052804 0.438077 0.171315 0.331391
2 2 0.006236 0.050966 0.436300 0.180872 0.325626
2 2 0.005420 0.046532 0.434925 0.185950 0.327174
2 2 0.005449 0.045700 0.432617 0.196849 0.319385
2 2 0.006457 0.055305 0.440927 0.151364 0.345946
2 2 0.005879 0.052812 0.441098 0.147769 0.352443
2 2 0.006131 0.052733 0.439790 0.159612 0.341733
2 2 0.006934 0.055462 0.438506 0.169234 0.329864
2 2 0.006162 0.055931 0.442260 0.134479 0.361169
4 2 0.089020 0.170898 0.224113 0.029105 0.486864
4 2 0.137764 0.168589 0.215050 0.028177 0.450420
4 2 0.248177 0.136311 0.080155 0.004602 0.530754
4 2 0.132510 0.153103 0.128222 0.009751 0.576414
4 2 0.134499 0.132350 0.113774 0.006765 0.612613
0 2 0.683813 0.151591 0.119012 0.014885 0.030699
0 0 0.791241 0.079764 0.113586 0.010548 0.004861
0 0 0.786865 0.073298 0.126081 0.011155 0.002601
0 0 0.790640 0.105381 0.084409 0.007947 0.011622
0 0 0.765103 0.122789 0.085992 0.008665 0.017451
4 0 0.282851 0.140945 0.088531 0.005497 0.482176
4 0 0.357640 0.131145 0.050956 0.002695 0.457564
4 0 0.225713 0.181144 0.113056 0.011048 0.469039
4 0 0.309244 0.144696 0.077877 0.004148 0.464036
4 0 0.325740 0.143617 0.114319 0.009813 0.406510
2 0 0.073335 0.146518 0.399433 0.052068 0.328646
2 0 0.012506 0.084016 0.440220 0.132227 0.331030
2 0 0.010020 0.072800 0.441299 0.140415 0.335466
2 1 0.012609 0.086213 0.429774 0.119429 0.351974
2 1 0.009840 0.071467 0.441078 0.144055 0.333560
2 1 0.009640 0.075197 0.414890 0.107616 0.392659
2 1 0.010563 0.076670 0.417596 0.121235 0.373936
4 0 0.044419 0.122444 0.207014 0.016913 0.609210
2 0 0.012686 0.087343 0.407775 0.107255 0.384941
2 0 0.011537 0.079809 0.427939 0.129670 0.351045
4 0 0.108685 0.168349 0.202864 0.023780 0.496322
4 1 0.050423 0.143365 0.261121 0.031402 0.513689
4 1 0.019288 0.110117 0.382065 0.093736 0.394794
4 1 0.036822 0.148320 0.320677 0.055586 0.438596
4 1 0.029713 0.129667 0.339924 0.059226 0.441470
2 1 0.008736 0.060586 0.434068 0.190829 0.305782
2 1 0.007965 0.055196 0.429227 0.212124 0.295488
2 1 0.008917 0.057318 0.431083 0.226853 0.275828
2 1 0.010133 0.066463 0.434370 0.186395 0.302638
2 1 0.008954 0.062385 0.435603 0.183102 0.309957
4 1 0.105449 0.176464 0.215488 0.028460 0.474139
4 1 0.207564 0.194439 0.265859 0.028616 0.303522
4 1 0.166597 0.191885 0.196534 0.021628 0.423355
4 2 0.105627 0.166916 0.199813 0.022815 0.504829
4 2 0.101162 0.181600 0.233674 0.034804 0.448760
2 2 0.008169 0.057553 0.458598 0.199352 0.276327
2 2 0.009001 0.062241 0.460534 0.187430 0.280794
2 2 0.008419 0.057520 0.454440 0.208427 0.271192
2 2 0.009166 0.060756 0.440126 0.204192 0.285761
2 2 0.007460 0.056728 0.436830 0.178686 0.320297
2 2 0.012907 0.085022 0.412413 0.104310 0.385348
2 2 0.015129 0.091201 0.421767 0.135671 0.336232
2 2 0.012478 0.083364 0.426201 0.129329 0.348628
4 2 0.056734 0.133821 0.287684 0.040089 0.481672
2 2 0.015755 0.098135 0.407102 0.109238 0.369770
4 2 0.160298 0.205582 0.180452 0.024907 0.428762
4 2 0.169130 0.210933 0.212509 0.022349 0.385078
4 2 0.088687 0.174994 0.229796 0.030458 0.476065
4 2 0.099329 0.171558 0.185730 0.020722 0.522661
4 2 0.115292 0.182045 0.203623 0.026914 0.472125
2 2 0.014517 0.069173 0.534164 0.250176 0.131970
2 2 0.012079 0.060017 0.525956 0.272669 0.129280
2 2 0.012996 0.067840 0.551660 0.228445 0.139059
2 2 0.010486 0.063418 0.503927 0.218316 0.203853
2 2 0.011707 0.066222 0.526480 0.221985 0.173605
2 2 0.012726 0.077195 0.489820 0.176377 0.243883
2 2 0.025978 0.112440 0.467782 0.097600 0.296200
2 2 0.008821 0.063926 0.438580 0.166952 0.321721
2 2 0.008530 0.060676 0.435724 0.183237 0.311832
2 2 0.009613 0.061099 0.427904 0.214770 0.286614
2 2 0.009209 0.069674 0.441794 0.138755 0.340568
2 2 0.009026 0.060704 0.432019 0.199384 0.298867
2 2 0.008390 0.062093 0.438661 0.167283 0.323572
2 2 0.007405 0.055857 0.435736 0.184305 0.316697
2 2 0.009406 0.064710 0.436265 0.178752 0.310867
4 1 0.136924 0.157989 0.160040 0.014627 0.530421
4 1 0.117030 0.151779 0.146974 0.011920 0.572297
4 1 0.107221 0.157040 0.148943 0.012690 0.574106
4 1 0.066034 0.159251 0.209926 0.023472 0.541316
4 1 0.058885 0.160240 0.212600 0.024383 0.543892
4 1 0.090639 0.143904 0.176279 0.015000 0.574178
4 1 0.018069 0.104489 0.383330 0.068353 0.425759
2 4 0.009885 0.078367 0.417973 0.098135 0.395640
4 4 0.011598 0.082140 0.405886 0.094460 0.405916
2 4 0.010713 0.080096 0.422904 0.105640 0.380646
4 4 0.029756 0.115783 0.318448 0.040814 0.495199
4 4 0.022122 0.110173 0.342358 0.054405 0.470942
4 4 0.064893 0.149038 0.233206 0.026127 0.526736
4 4 0.056101 0.141142 0.210933 0.020424 0.571399
4 4 0.015010 0.095041 0.398248 0.091729 0.399972
4 4 0.021233 0.096056 0.315169 0.043122 0.524420
4 4 0.032663 0.110681 0.242833 0.023493 0.590330
4 4 0.023204 0.106404 0.287482 0.033450 0.549461
4 4 0.021543 0.089140 0.296126 0.035772 0.557419
4 4 0.020222 0.101917 0.319071 0.045082 0.513709
2 4 0.006380 0.052019 0.437022 0.177238 0.327341
2 4 0.005915 0.047830 0.432637 0.197771 0.315846
2 4 0.006986 0.055206 0.437765 0.173602 0.326441
2 4 0.006300 0.051459 0.436674 0.178998 0.326568
2 4 0.006123 0.053025 0.440180 0.156661 0.344010
4 4 0.018068 0.101508 0.341402 0.057325 0.481698
4 4 0.023744 0.111978 0.314163 0.045628 0.504486
4 4 0.013683 0.086807 0.393693 0.101888 0.403928
4 4 0.067145 0.152826 0.242126 0.032246 0.505656
4 4 0.019829 0.105498 0.356843 0.064193 0.453637
2 4 0.006324 0.048102 0.428508 0.215159 0.301907
2 4 0.005211 0.043247 0.428759 0.212341 0.310443
2 4 0.006868 0.053676 0.436062 0.182677 0.320717
2 4 0.005472 0.046649 0.434639 0.187518 0.325721
2 4 0.005999 0.051694 0.439248 0.163057 0.340001
2 4 0.007242 0.060984 0.442309 0.137191 0.352274
2 4 0.006782 0.058906 0.442348 0.135898 0.356066
2 4 0.008566 0.066345 0.441742 0.142214 0.341133
2 2 0.007160 0.059812 0.441880 0.142824 0.348323
2 2 0.006079 0.052277 0.439527 0.161356 0.340763
2 2 0.008978 0.060146 0.431262 0.202645 0.296969
2 2 0.007975 0.058467 0.435987 0.182647 0.314924
2 2 0.007611 0.055332 0.432935 0.197185 0.306937
2 2 0.007105 0.054036 0.434751 0.189124 0.314984
2 2 0.008552 0.059350 0.433156 0.195225 0.303718
2 2 0.008228 0.061645 0.438999 0.165415 0.325713
2 2 0.009225 0.063011 0.434779 0.186585 0.306401
2 2 0.010814 0.076899 0.440994 0.135206 0.336087
2 2 0.010713 0.070661 0.445002 0.172247 0.301377
2 2 0.009173 0.068287 0.441124 0.146647 0.334768
0 2 0.273034 0.211494 0.219028 0.029263 0.267181
4 2 0.143159 0.213568 0.289885 0.049664 0.303724
4 2 0.115382 0.185596 0.223669 0.032606 0.442747
4 2 0.090551 0.192833 0.267757 0.051314 0.397545
0 0 0.310370 0.167658 0.290102 0.040706 0.191164
0 0 0.425469 0.181262 0.249790 0.026691 0.116787
4 0 0.265414 0.219438 0.197815 0.021897 0.295435
4 0 0.300218 0.176531 0.098368 0.008356 0.416528
1 1 0.205279 0.265102 0.257908 0.080827 0.190884
1 1 0.219939 0.269294 0.249769 0.074959 0.186038
2 1 0.015803 0.095894 0.405597 0.091189 0.391518
4 1 0.018545 0.101835 0.368149 0.068765 0.442706
4 1 0.053162 0.125801 0.297701 0.034382 0.488954
4 1 0.017137 0.103100 0.374530 0.074124 0.431110
4 2 0.018886 0.102097 0.383047 0.078635 0.417335
2 2 0.006821 0.053254 0.435658 0.184682 0.319585
2 2 0.006725 0.051743 0.433400 0.195241 0.312892
2 2 0.006413 0.051309 0.435408 0.185612 0.321258
2 2 0.006728 0.051697 0.433263 0.195851 0.312461
2 2 0.006683 0.049937 0.429356 0.212061 0.301963
4 2 0.032468 0.128702 0.337255 0.051604 0.449970
4 2 0.034405 0.143851 0.357561 0.071076 0.393107
4 2 0.036665 0.140180 0.352591 0.065445 0.405119
4 2 0.112844 0.159691 0.216954 0.025121 0.485390
4 2 0.094745 0.167848 0.191187 0.021151 0.525069
2 2 0.008158 0.063720 0.441317 0.147810 0.338996
2 2 0.007431 0.057776 0.438608 0.168630 0.327556
2 2 0.007359 0.056426 0.437061 0.177489 0.321666
2 2 0.007904 0.059956 0.438689 0.167784 0.325667
2 2 0.007612 0.060860 0.441083 0.150730 0.339714
4 2 0.031675 0.129387 0.370850 0.069908 0.398180
4 2 0.039938 0.139665 0.330917 0.051897 0.437583
4 2 0.040820 0.139735 0.346114 0.058077 0.415253
4 2 0.088904 0.147158 0.293471 0.041194 0.429274
4 2 0.062571 0.156161 0.296321 0.045922 0.439025
2 2 0.007852 0.058245 0.436506 0.180113 0.317284
2 2 0.008980 0.066804 0.440718 0.151106 0.332393
2 2 0.008014 0.062545 0.440924 0.151643 0.336874
2 2 0.009295 0.069812 0.441651 0.140194 0.339048
2 2 0.008195 0.061508 0.439012 0.165384 0.325901
4 2 0.031275 0.120430 0.371430 0.067086 0.409779
2 2 0.026021 0.119143 0.399733 0.096098 0.359004
2 2 0.027397 0.121608 0.391144 0.081885 0.377966
4 2 0.048660 0.145692 0.235099 0.026261 0.544288
4 2 0.045793 0.143361 0.331198 0.063180 0.416468
4 2 0.107040 0.049735 0.103924 0.017552 0.721750
4 2 0.149731 0.197536 0.172463 0.023133 0.457137
4 2 0.156709 0.192234 0.169905 0.021803 0.459350
4 2 0.160734 0.193009 0.163852 0.020658 0.461746
4 2 0.152844 0.185337 0.160284 0.018548 0.482987
2 2 0.007090 0.055975 0.438225 0.170959 0.327751
2 2 0.006995 0.055000 0.437375 0.175784 0.324846
2 2 0.006318 0.054825 0.441081 0.149616 0.348161
2 2 0.008002 0.059629 0.437640 0.173846 0.320883
2 2 0.007710 0.060002 0.439805 0.160655 0.331828
2 2 0.006576 0.055211 0.440273 0.156957 0.340983
2 2 0.006339 0.050980 0.435419 0.185471 0.321790
2 2 0.005758 0.049267 0.437215 0.174902 0.332858
2 2 0.007208 0.055031 0.435794 0.184067 0.317901
2 2 0.006903 0.054281 0.436863 0.178528 0.323425
2 2 0.006632 0.051549 0.433878 0.193033 0.314908
2 2 0.007357 0.055029 0.434551 0.190021 0.313043
2 2 0.006125 0.052695 0.439783 0.159649 0.341749
2 2 0.006746 0.055021 0.439082 0.165501 0.333650
2 2 0.008698 0.062837 0.437877 0.171423 0.319165
2 2 0.182558 0.232177 0.322232 0.083125 0.179908
2 2 0.250198 0.191944 0.344016 0.037817 0.176025
2 2 0.261884 0.204373 0.281786 0.024797 0.227161
0 2 0.355495 0.201814 0.264264 0.023046 0.155381
0 2 0.322877 0.184777 0.305495 0.031564 0.155287
4 2 0.167678 0.156815 0.161624 0.013209 0.500673
4 2 0.158552 0.172426 0.181302 0.018829 0.468892
4 2 0.133448 0.155372 0.155907 0.013659 0.541614
4 2 0.179576 0.143060 0.109893 0.007288 0.560182
4 2 0.245238 0.179726 0.171654 0.013261 0.390121
2 2 0.007006 0.059122 0.441904 0.142428 0.349539
2 2 0.012662 0.085215 0.432818 0.091710 0.377595
2 2 0.008111 0.063973 0.441643 0.144585 0.341688
2 2 0.009295 0.067961 0.440466 0.152201 0.330076
2 2 0.008723 0.067075 0.441718 0.141942 0.340542
2 2 0.007330 0.064594 0.439073 0.115042 0.373961
2 2 0.010454 0.076368 0.436341 0.128083 0.348754
2 2 0.008134 0.066089 0.421983 0.100287 0.403506
2 2 0.008195 0.067356 0.442721 0.125125 0.356603
2 2 0.008241 0.068485 0.433619 0.116265 0.373390
2 2 0.009293 0.075175 0.429100 0.105464 0.380969
2 2 0.006747 0.056379 0.440662 0.154117 0.342094
2 2 0.008543 0.067727 0.442089 0.132539 0.349102
2 2 0.007944 0.065339 0.437613 0.128339 0.360765
2 2 0.011046 0.082423 0.409397 0.100571 0.396562
4 2 0.131209 0.178403 0.190156 0.023317 0.476915
4 2 0.136567 0.179948 0.180370 0.021550 0.481565
4 2 0.127678 0.187554 0.205646 0.029016 0.450105
4 2 0.131927 0.184621 0.196436 0.026070 0.460946
0 2 0.340151 0.206687 0.229542 0.021714 0.201906
0 2 0.386837 0.229587 0.255836 0.029108 0.098632
2 2 0.279361 0.210757 0.351046 0.050761 0.108075
0 2 0.304065 0.226732 0.300681 0.052446 0.116076
0 2 0.367944 0.220153 0.195426 0.028304 0.188173
0 2 0.362945 0.221372 0.260481 0.037480 0.117721
2 2 0.008356 0.060187 0.436141 0.181401 0.313915
2 2 0.008574 0.060595 0.435274 0.185384 0.310172
2 2 0.009453 0.065611 0.437246 0.173322 0.314368
2 2 0.011031 0.077706 0.441059 0.135597 0.334608
2 2 0.013654 0.089886 0.439427 0.099995 0.357038
4 2 0.089717 0.189339 0.292114 0.051212 0.377617
2 2 0.166538 0.215828 0.323325 0.054772 0.239537
4 2 0.170677 0.216655 0.259759 0.039103 0.313806
4 2 0.109149 0.205343 0.308688 0.041900 0.334921
2 2 0.141738 0.230831 0.312556 0.047022 0.267853
4 2 0.116519 0.185064 0.328757 0.038378 0.331283
2 2 0.021781 0.118293 0.410092 0.108454 0.341379
2 2 0.029462 0.130319 0.382587 0.086756 0.370876
2 2 0.028412 0.131521 0.427974 0.121406 0.290686
2 2 0.027144 0.128216 0.469128 0.128076 0.247437
2 2 0.017199 0.079596 0.569017 0.215055 0.119132
2 2 0.013445 0.063833 0.556814 0.257284 0.108624
2 2 0.019229 0.074305 0.553795 0.266244 0.086428
2 2 0.020825 0.094540 0.598680 0.173995 0.111960
2 2 0.019197 0.080100 0.586135 0.223780 0.090788
2 2 0.015835 0.092656 0.537223 0.144373 0.209912
2 2 0.011888 0.071961 0.462971 0.192787 0.260392
2 2 0.009621 0.061283 0.454489 0.214651 0.259956
2 2 0.010893 0.065330 0.460319 0.217469 0.245990
2 2 0.011189 0.067880 0.462869 0.205323 0.252739
2 2 0.010227 0.054616 0.477593 0.289807 0.167757
2 2 0.010066 0.057097 0.495501 0.259927 0.177410
2 2 0.009303 0.054912 0.471038 0.261841 0.202905
2 2 0.009142 0.053731 0.480486 0.266651 0.189990
2 2 0.008976 0.055283 0.478916 0.247102 0.209723
2 2 0.008227 0.054883 0.457280 0.226462 0.253147
2 2 0.008501 0.059962 0.434702 0.188239 0.308595
2 2 0.009131 0.056181 0.440404 0.245746 0.248539
2 2 0.008240 0.056840 0.441199 0.207648 0.286073
2 2 0.007008 0.052992 0.433442 0.195125 0.311433
2 2 0.008342 0.055591 0.452648 0.223760 0.259659
2 2 0.007472 0.050587 0.444431 0.241102 0.256408
2 2 0.007723 0.052424 0.448430 0.231846 0.259577
2 2 0.008669 0.053177 0.461457 0.259028 0.217669
2 2 0.009165 0.054589 0.468596 0.260879 0.206770
2 2 0.008148 0.057605 0.432995 0.196453 0.304799
2 2 0.009467 0.063331 0.433635 0.191422 0.302145
2 2 0.008340 0.058848 0.433881 0.192270 0.306661
2 2 0.007793 0.057996 0.436519 0.180100 0.317593
2 2 0.009262 0.062131 0.432952 0.194906 0.300749
2 2 0.009539 0.053240 0.484084 0.282179 0.170958
2 2 0.008320 0.049457 0.467836 0.284387 0.190001
2 2 0.008310 0.045652 0.458068 0.326669 0.161301
2 2 0.009971 0.055507 0.477435 0.274903 0.182184
2 2 0.007620 0.054400 0.430735 0.206421 0.300826
2 2 0.009651 0.066832 0.437721 0.170055 0.315741
2 2 0.009616 0.067177 0.438310 0.166587 0.318310
2 2 0.008737 0.066903 0.441580 0.143484 0.339296
2 2 0.009596 0.068007 0.440026 0.160292 0.322078
2 2 0.008570 0.063523 0.439402 0.162156 0.326350
4 2 0.114064 0.165977 0.208851 0.024695 0.486412
4 2 0.116629 0.164806 0.204006 0.023442 0.491117
4 2 0.106632 0.176732 0.226683 0.031535 0.458418
4 2 0.116794 0.169929 0.195606 0.022644 0.495026
4 2 0.166685 0.134319 0.243755 0.028600 0.426641
0 2 0.326374 0.196433 0.214906 0.023275 0.239011
2 2 0.110438 0.176771 0.361888 0.054646 0.296258
4 2 0.081282 0.152465 0.313565 0.039429 0.413260
4 2 0.070035 0.163124 0.298949 0.050103 0.417788
4 2 0.060841 0.162824 0.313719 0.056342 0.406274
2 2 0.008289 0.059566 0.435576 0.184322 0.312248
2 2 0.008522 0.057576 0.429583 0.210101 0.294218
2 2 0.007429 0.051750 0.425728 0.225530 0.289563
2 2 0.009321 0.063737 0.435318 0.183757 0.307867
2 2 0.008177 0.055168 0.426964 0.220455 0.289235
2 2 0.008525 0.063393 0.439478 0.161730 0.326875
2 2 0.005759 0.048124 0.434964 0.186694 0.324459
2 2 0.007213 0.056027 0.437464 0.175315 0.323982
2 2 0.010007 0.067685 0.436881 0.173838 0.311588
2 2 0.007872 0.060055 0.438999 0.165875 0.327199
2 2 0.008305 0.064715 0.441521 0.145431 0.340029
2 4 0.007565 0.056551 0.435728 0.184270 0.315886
2 4 0.009455 0.067103 0.439003 0.162590 0.321849
2 4 0.008198 0.060941 0.438269 0.169959 0.322632
2 4 0.009083 0.066141 0.439718 0.158697 0.326360
4 4 0.075613 0.095000 0.348015 0.062255 0.419118
4 4 0.101600 0.123724 0.137039 0.008267 0.629370
4 4 0.070930 0.161368 0.229343 0.028106 0.510254
4 4 0.076043 0.163394 0.221228 0.026655 0.512681
4 4 0.088585 0.139545 0.157813 0.012012 0.602045
4 4 0.027424 0.112750 0.376346 0.084472 0.399008
4 4 0.028615 0.132660 0.316296 0.044961 0.477469
2 4 0.008707 0.065473 0.440670 0.152314 0.332835
2 4 0.008985 0.070879 0.435182 0.122803 0.362152
2 4 0.007477 0.059609 0.440514 0.155557 0.336843
4 4 0.015575 0.098727 0.378494 0.077380 0.429825
4 4 0.017283 0.100058 0.370003 0.071716 0.440939
4 4 0.013732 0.092832 0.373286 0.074999 0.445150
4 4 0.037686 0.131964 0.343066 0.092581 0.394704
4 4 0.013041 0.090433 0.394729 0.083722 0.418075
2 4 0.007067 0.055156 0.437103 0.177286 0.323388
4 4 0.014956 0.096840 0.379557 0.084391 0.424256
2 4 0.007020 0.057045 0.440026 0.159236 0.336672
2 4 0.007392 0.058043 0.439187 0.165001 0.330377
2 4 0.006833 0.055402 0.439060 0.165718 0.332987
4 4 0.044107 0.146565 0.278428 0.037336 0.493562
4 4 0.050063 0.148563 0.269850 0.035273 0.496252
4 4 0.057706 0.102014 0.234990 0.024909 0.580380
4 4 0.051887 0.150251 0.274377 0.037002 0.486483
4 4 0.049395 0.148463 0.269410 0.035159 0.497572
4 4 0.103696 0.197953 0.228014 0.037955 0.432383
4 4 0.111521 0.190674 0.225623 0.035235 0.436948
4 4 0.222094 0.137146 0.131802 0.009690 0.499267
4 4 0.203321 0.200548 0.182031 0.028715 0.385385
4 4 0.099134 0.193615 0.242085 0.041420 0.423746
4 4 0.020132 0.109598 0.386012 0.083803 0.400455
4 4 0.158427 0.202332 0.148438 0.018579 0.472226
4 4 0.032045 0.133318 0.347919 0.056129 0.430589
4 4 0.023906 0.120114 0.372843 0.076239 0.406898
2 4 0.019127 0.110331 0.395881 0.092854 0.381807
2 4 0.005868 0.049316 0.436366 0.179820 0.328629
2 4 0.005475 0.047008 0.435398 0.183754 0.328365
2 4 0.005657 0.048969 0.437519 0.172854 0.335000
2 4 0.006051 0.051476 0.438593 0.167481 0.336398
2 4 0.005900 0.047826 0.432799 0.197032 0.316444
2 4 0.015171 0.094880 0.399853 0.092459 0.397637
4 4 0.045224 0.142808 0.261887 0.031714 0.518366
4 4 0.015987 0.096930 0.378898 0.073402 0.434783
4 4 0.014515 0.094339 0.396730 0.090483 0.403934
4 4 0.024245 0.104028 0.296501 0.035223 0.540003
2 4 0.010628 0.078199 0.414679 0.113672 0.382822
2 4 0.009691 0.072617 0.433767 0.130090 0.353834
4 4 0.021844 0.097743 0.355796 0.062054 0.462563
2 4 0.010059 0.073052 0.441321 0.139866 0.335702
2 4 0.008379 0.066302 0.442183 0.137023 0.346114
4 4 0.047446 0.146532 0.267540 0.034149 0.504332
4 4 0.069618 0.140770 0.192552 0.017106 0.579954
4 4 0.044482 0.147391 0.282397 0.038746 0.486984
4 4 0.034601 0.139241 0.328369 0.057982 0.439807
4 4 0.102582 0.136578 0.198284 0.017217 0.545339
2 4 0.007921 0.060382 0.439134 0.164958 0.327606
2 4 0.007700 0.059041 0.438683 0.168008 0.326568
2 4 0.008362 0.064485 0.441169 0.148770 0.337214
2 4 0.006786 0.052589 0.434646 0.189557 0.316423
2 4 0.007798 0.058658 0.437528 0.174675 0.321340
2 4 0.018900 0.094408 0.406190 0.172122 0.308380
2 4 0.007979 0.058283 0.435641 0.184370 0.313727
2 4 0.007491 0.054189 0.431502 0.203349 0.303469
2 4 0.010625 0.067323 0.432559 0.193430 0.296062
2 4 0.009702 0.062688 0.430621 0.203909 0.293080
2 4 0.007502 0.050540 0.420981 0.241759 0.279217
2 4 0.010444 0.063787 0.459550 0.217734 0.248486
2 4 0.012272 0.071886 0.474880 0.201855 0.239105
2 4 0.012749 0.079643 0.481259 0.162626 0.263722
2 4 0.013286 0.075716 0.509020 0.194738 0.207239
2 4 0.009712 0.057924 0.504156 0.241735 0.186473
2 4 0.011223 0.071971 0.502196 0.176175 0.238434
2 4 0.010468 0.064772 0.497001 0.208428 0.219332
2 4 0.008102 0.055870 0.444166 0.211934 0.279927
2 4 0.009332 0.060226 0.454326 0.214802 0.261314
4 4 0.126572 0.142450 0.202952 0.019190 0.508837
4 4 0.029653 0.126900 0.362052 0.061546 0.419849
4 4 0.023993 0.112421 0.377742 0.077854 0.407989
4 1 0.023919 0.120487 0.362393 0.069410 0.423791
4 1 0.023846 0.121044 0.368617 0.072290 0.414203
2 1 0.008143 0.066400 0.442617 0.129509 0.353331
2 2 0.008466 0.063204 0.439560 0.161277 0.327492
2 2 0.007957 0.061451 0.440151 0.157897 0.332545
2 2 0.007318 0.053075 0.430561 0.207269 0.301777
2 2 0.007486 0.056373 0.436028 0.182811 0.317302
2 2 0.007206 0.055631 0.436870 0.178539 0.321755
2 2 0.009055 0.065844 0.439551 0.159973 0.325578
2 2 0.007800 0.058288 0.436941 0.177873 0.319098
2 2 0.009296 0.065766 0.438292 0.167588 0.319058
2 2 0.008597 0.063945 0.439719 0.159903 0.327836
4 2 0.018226 0.102409 0.391433 0.079294 0.408638
2 2 0.012670 0.085137 0.419420 0.121413 0.361360
4 2 0.030426 0.130340 0.350257 0.072749 0.416229
4 2 0.061987 0.169168 0.302308 0.047421 0.419117
4 2 0.022497 0.108483 0.371204 0.075261 0.422555
4 2 0.041903 0.150271 0.311220 0.049780 0.446826
4 2 0.038876 0.149502 0.317547 0.052181 0.441895
4 2 0.063275 0.148372 0.259761 0.032108 0.496484
4 2 0.037913 0.147529 0.334737 0.058401 0.421421
4 2 0.215859 0.183650 0.217099 0.019582 0.363810
2 2 0.013414 0.085358 0.493366 0.144227 0.263636
2 2 0.013796 0.089494 0.482423 0.130932 0.283355
2 2 0.015861 0.094110 0.501527 0.132389 0.256112
2 2 0.014664 0.086795 0.486542 0.158304 0.253694
2 2 0.011436 0.084429 0.453959 0.111508 0.338669
2 2 0.008566 0.061044 0.436077 0.181405 0.312908
2 2 0.008950 0.065874 0.440041 0.156674 0.328460
2 2 0.009746 0.066812 0.437183 0.172893 0.313366
2 2 0.009518 0.063575 0.433696 0.191031 0.302180
2 2 0.008517 0.061448 0.437026 0.176509 0.316501
2 2 0.185484 0.251773 0.301437 0.046396 0.214910
2 2 0.119794 0.214893 0.337708 0.057864 0.269741
2 2 0.106121 0.199705 0.418612 0.085234 0.190329
2 2 0.087647 0.195096 0.442959 0.098180 0.176118
2 2 0.119903 0.207528 0.384137 0.072843 0.215589
2 2 0.016492 0.066959 0.580788 0.261759 0.074003
2 2 0.016223 0.065071 0.583494 0.266349 0.068864
2 2 0.015010 0.061923 0.582957 0.270820 0.069291
2 2 0.015823 0.059490 0.571420 0.295712 0.057554
2 2 0.012512 0.050750 0.544066 0.327971 0.064701
2 2 0.016134 0.093532 0.459829 0.148056 0.282449
2 2 0.010390 0.069358 0.436955 0.172237 0.311060
2 2 0.013634 0.080784 0.479975 0.173128 0.252478
2 2 0.009465 0.065183 0.436590 0.176893 0.311869
2 2 0.009548 0.065525 0.436581 0.176733 0.311613
4 1 0.085364 0.150327 0.190291 0.018108 0.555910
4 1 0.100458 0.155033 0.189656 0.018759 0.536095
4 1 0.103712 0.157424 0.178789 0.017283 0.542792
4 1 0.122431 0.161982 0.159102 0.014379 0.542106
4 1 0.106990 0.145270 0.157217 0.012553 0.577971
2 2 0.010056 0.070254 0.443755 0.157785 0.318149
2 2 0.011356 0.072833 0.471370 0.174454 0.269987
2 2 0.009188 0.064836 0.437716 0.171293 0.316967
2 2 0.008315 0.062917 0.439975 0.158622 0.330170
2 2 0.008729 0.060940 0.434753 0.187638 0.307940
2 2 0.011824 0.070234 0.476903 0.203123 0.237916
2 2 0.016568 0.085785 0.513435 0.190882 0.193331
2 2 0.012428 0.068928 0.491646 0.224646 0.202351
2 2 0.011711 0.063654 0.481650 0.249579 0.193407
2 2 0.012066 0.058382 0.490727 0.296712 0.142113
2 2 0.010827 0.073157 0.438945 0.157878 0.319194
2 2 0.010756 0.069386 0.434979 0.181622 0.303256
2 2 0.010620 0.067857 0.433485 0.189238 0.298800
2 2 0.014426 0.084403 0.442206 0.166257 0.292708
2 2 0.009140 0.056673 0.420845 0.240387 0.272955
2 2 0.008705 0.058625 0.430318 0.206926 0.295427
2 2 0.009432 0.064600 0.441477 0.180859 0.303633
2 2 0.010277 0.060498 0.451894 0.241294 0.236038
2 2 0.008183 0.059236 0.435786 0.183420 0.313375
2 2 0.008260 0.056480 0.429463 0.210899 0.294898
2 2 0.010786 0.072424 0.438445 0.161578 0.316768
2 2 0.011513 0.076809 0.439336 0.151295 0.321046
2 2 0.017275 0.088597 0.427533 0.190378 0.276217
2 2 0.011550 0.074548 0.437260 0.166062 0.310580
2 2 0.011624 0.073857 0.436167 0.172262 0.306092
2 2 0.011189 0.066199 0.481534 0.217233 0.223845
2 2 0.010078 0.056573 0.471930 0.269163 0.192257
2 2 0.010626 0.065462 0.463023 0.209200 0.251688
2 2 0.010924 0.064003 0.472532 0.228371 0.224170
2 2 0.011426 0.063212 0.485236 0.245784 0.194341
2 2 0.009790 0.054466 0.475702 0.279710 0.180331
2 2 0.009497 0.050828 0.487465 0.302285 0.149925
2 2 0.010805 0.055470 0.494791 0.291922 0.147013
2 2 0.009243 0.049516 0.474872 0.311234 0.155135
2 2 0.008343 0.051683 0.470881 0.261796 0.207298
2 2 0.009880 0.058185 0.460170 0.250039 0.221727
2 2 0.008772 0.060845 0.434267 0.189850 0.306267
2 2 0.009845 0.060792 0.447789 0.225763 0.255811
2 2 0.009171 0.059035 0.455575 0.220203 0.256017
2 2 0.009946 0.060193 0.454172 0.234142 0.241546
2 2 0.010292 0.061127 0.475135 0.234846 0.218600
2 2 0.008093 0.047553 0.464155 0.297328 0.182871
2 2 0.009174 0.057234 0.475084 0.235845 0.222663
2 2 0.008384 0.051151 0.465306 0.269345 0.205814
2 2 0.008620 0.055450 0.467528 0.234688 0.233714
2 2 0.008384 0.054535 0.454021 0.235653 0.247407
2 2 0.008482 0.054189 0.454802 0.242634 0.239893
2 2 0.008711 0.058903 0.458731 0.206172 0.267484
2 2 0.007495 0.050550 0.451352 0.242506 0.248097
2 2 0.008764 0.056305 0.458955 0.231811 0.244165
0 2 0.544162 0.209722 0.123367 0.019926 0.102824
0 0 0.792342 0.099556 0.082347 0.006869 0.018886
0 0 0.803901 0.096895 0.074370 0.007127 0.017707
0 0 0.645643 0.155082 0.096225 0.006142 0.096907
0 0 0.771560 0.105922 0.089218 0.007509 0.025791
0 0 0.906130 0.040696 0.047946 0.002988 0.002240
0 0 0.882803 0.047323 0.063651 0.004265 0.001959
0 0 0.762594 0.093547 0.121861 0.012749 0.009250
0 0 0.792270 0.105575 0.079426 0.006958 0.015771
0 0 0.854416 0.083204 0.045477 0.003528 0.013376
4 0 0.308282 0.146926 0.077281 0.005271 0.462240
4 0 0.215424 0.156339 0.104761 0.007896 0.515580
4 0 0.249954 0.135840 0.094903 0.005928 0.513375
4 0 0.286442 0.162621 0.109711 0.006624 0.434602
4 0 0.225286 0.174992 0.105234 0.009382 0.485106
4 0 0.148654 0.148789 0.129852 0.009693 0.563011
4 0 0.115685 0.157183 0.197491 0.020678 0.508962
4 0 0.170813 0.139981 0.143293 0.010719 0.535194
4 0 0.144871 0.174719 0.153768 0.015765 0.510877
4 0 0.125163 0.158878 0.147914 0.012825 0.555221
4 0 0.062968 0.167323 0.263764 0.039377 0.466569
4 0 0.070591 0.155145 0.221818 0.025009 0.527437
4 0 0.121613 0.145261 0.141518 0.010624 0.580984
4 0 0.086437 0.167711 0.290041 0.049013 0.406799
4 0 0.063141 0.162246 0.273151 0.040536 0.460926
4 0 0.145798 0.218070 0.232715 0.041858 0.361559
4 1 0.224667 0.176812 0.211960 0.021592 0.364969
4 1 0.260914 0.193915 0.224812 0.019120 0.301238
4 1 0.269524 0.203781 0.206918 0.023933 0.295844
0 1 0.363017 0.192371 0.179002 0.016225 0.249384
0 1 0.336053 0.197544 0.201942 0.019336 0.245125
0 1 0.392744 0.185349 0.187895 0.017063 0.216949
0 1 0.331720 0.200181 0.217275 0.023541 0.227283
4 1 0.238093 0.206604 0.187708 0.026431 0.341164
4 1 0.233050 0.196010 0.225626 0.026238 0.319075
0 1 0.451697 0.192314 0.199052 0.017718 0.139219
0 1 0.352119 0.206548 0.180986 0.016674 0.243674
0 1 0.392852 0.218353 0.205570 0.023310 0.159915
0 1 0.576538 0.174938 0.165264 0.026574 0.056687
0 1 0.329914 0.230986 0.269455 0.031921 0.137725
2 1 0.093719 0.172554 0.560678 0.110856 0.062193
