0 0 0.628140 0.140485 0.154751 0.025557 0.051066
2 0 0.313318 0.189220 0.330205 0.109698 0.057559
2 0 0.292093 0.190204 0.347218 0.118232 0.052252
2 1 0.308752 0.189882 0.348903 0.106393 0.046069
2 1 0.288113 0.190741 0.352755 0.119416 0.048974
0 1 0.500264 0.167636 0.217242 0.050454 0.064403
0 1 0.499682 0.170093 0.244267 0.046143 0.039815
0 1 0.448090 0.177751 0.261732 0.061133 0.051294
0 1 0.475092 0.173952 0.251214 0.053265 0.046476
0 1 0.530906 0.163929 0.218473 0.041217 0.045476
0 2 0.523124 0.165691 0.227218 0.042005 0.041963
0 2 0.518058 0.166681 0.230882 0.042883 0.041495
0 2 0.488570 0.171295 0.237209 0.051282 0.051643
0 2 0.533885 0.161771 0.192381 0.039326 0.072636
0 2 0.501691 0.169358 0.234401 0.047465 0.047085
0 2 0.540480 0.158883 0.187119 0.040536 0.072982
0 2 0.583919 0.151853 0.181916 0.032352 0.049961
0 3 0.516447 0.167063 0.243276 0.040701 0.032514
0 3 0.533954 0.163774 0.231433 0.037756 0.033084
0 3 0.639036 0.139816 0.177392 0.020419 0.023337
0 3 0.359635 0.187510 0.334235 0.081685 0.036935
0 3 0.382436 0.185800 0.315077 0.076191 0.040496
0 3 0.382570 0.185784 0.311037 0.077387 0.043222
0 3 0.450082 0.181375 0.257165 0.052428 0.058950
0 3 0.377753 0.187779 0.314911 0.075450 0.044107
0 2 0.497888 0.178090 0.245370 0.032971 0.045681
0 2 0.434620 0.184502 0.289031 0.051589 0.040258
0 2 0.447254 0.180936 0.255002 0.054761 0.062048
0 2 0.390801 0.193904 0.316432 0.054818 0.044045
0 2 0.517132 0.167820 0.228814 0.041530 0.044704
2 2 0.321453 0.190262 0.356392 0.094055 0.037838
0 2 0.404641 0.183552 0.294943 0.071472 0.045393
2 2 0.326576 0.195421 0.354905 0.081015 0.042083
0 3 0.452436 0.177456 0.265522 0.058612 0.045974
2 3 0.331668 0.189190 0.339051 0.095876 0.044215
2 3 0.308786 0.189893 0.349744 0.106068 0.045510
0 3 0.386605 0.194275 0.322514 0.055030 0.041575
2 3 0.342610 0.188568 0.343693 0.087812 0.037317
2 3 0.305154 0.189959 0.360357 0.104379 0.040152
2 3 0.270690 0.200361 0.386235 0.095418 0.047296
2 3 0.331432 0.188950 0.355081 0.090018 0.034518
0 3 0.452706 0.177258 0.286220 0.052944 0.030872
2 3 0.307123 0.189125 0.380083 0.094695 0.028974
2 3 0.296416 0.189472 0.382836 0.100614 0.030662
2 3 0.335732 0.188744 0.352898 0.088307 0.034318
0 3 0.376670 0.185656 0.335902 0.071872 0.029900
2 3 0.297965 0.189497 0.381271 0.100273 0.030993
2 3 0.301832 0.189575 0.376749 0.099698 0.032145
2 3 0.246963 0.187529 0.425262 0.116090 0.024156
2 3 0.319114 0.188478 0.377626 0.088034 0.026748
0 3 0.413581 0.182678 0.307601 0.062924 0.033216
2 3 0.305956 0.189807 0.366884 0.101209 0.036144
0 3 0.387119 0.184834 0.328108 0.069329 0.030611
2 3 0.331418 0.188531 0.363294 0.086646 0.030112
0 3 0.426206 0.180246 0.309381 0.057013 0.027154
2 3 0.320118 0.188117 0.380756 0.085959 0.025049
0 3 0.386655 0.184049 0.338400 0.065643 0.025253
2 3 0.350425 0.187361 0.354518 0.079032 0.028665
0 3 0.355355 0.187225 0.349069 0.078427 0.029924
2 3 0.347232 0.187168 0.361122 0.078114 0.026365
2 3 0.197741 0.185898 0.424699 0.161347 0.030316
2 3 0.212978 0.185959 0.442755 0.135873 0.022434
2 3 0.123297 0.169891 0.439906 0.240509 0.026397
2 3 0.187623 0.183822 0.452897 0.154571 0.021086
2 3 0.236902 0.187571 0.434607 0.119680 0.021239
2 3 0.213329 0.186836 0.427543 0.144419 0.027873
2 3 0.263048 0.188533 0.412001 0.110548 0.025871
2 3 0.311618 0.188477 0.384569 0.089676 0.025660
2 3 0.325267 0.188219 0.374485 0.085563 0.026466
2 3 0.313605 0.188886 0.377636 0.091569 0.028304
2 3 0.309408 0.187640 0.394758 0.086251 0.021942
2 3 0.261297 0.186673 0.430996 0.101629 0.019405
2 3 0.238362 0.188464 0.418695 0.127178 0.027300
2 3 0.247920 0.187493 0.429695 0.113074 0.021818
2 3 0.149246 0.177399 0.445248 0.202132 0.025975
2 3 0.283268 0.188198 0.407441 0.097897 0.023196
2 3 0.240676 0.186110 0.443641 0.110995 0.018577
2 3 0.261937 0.188777 0.413401 0.110885 0.025000
2 3 0.238993 0.188010 0.429295 0.120944 0.022758
2 3 0.291743 0.187141 0.411854 0.089628 0.019634
2 3 0.278892 0.188558 0.405430 0.102060 0.025060
2 3 0.280578 0.188421 0.407245 0.099972 0.023783
2 3 0.185403 0.184170 0.435234 0.167750 0.027444
2 3 0.153696 0.177726 0.449831 0.193211 0.025536
2 3 0.235655 0.186782 0.440602 0.117126 0.019835
2 3 0.148396 0.177108 0.443954 0.203908 0.026635
2 3 0.184627 0.183758 0.442826 0.163862 0.024926
2 3 0.296646 0.186161 0.415758 0.084186 0.017248
2 3 0.149206 0.177301 0.444539 0.202546 0.026409
2 3 0.114207 0.163963 0.456962 0.243263 0.021606
2 3 0.259891 0.187361 0.424897 0.106053 0.021799
2 3 0.273250 0.187321 0.420637 0.098275 0.020516
2 3 0.241541 0.187871 0.426920 0.119934 0.023734
2 3 0.218918 0.187388 0.433086 0.136478 0.024131
2 3 0.189686 0.183627 0.455252 0.150800 0.020635
2 3 0.247143 0.186072 0.439635 0.107867 0.019283
2 3 0.147887 0.176741 0.451562 0.199376 0.024434
2 3 0.193456 0.183355 0.462743 0.142177 0.018269
2 3 0.178209 0.183112 0.441981 0.171333 0.025364
2 3 0.117190 0.159625 0.447294 0.249168 0.026724
2 3 0.189012 0.183211 0.446785 0.156198 0.024794
2 3 0.274188 0.186868 0.424088 0.095727 0.019129
2 3 0.155483 0.179190 0.451772 0.190828 0.022727
2 3 0.221972 0.186377 0.441514 0.128417 0.021720
2 3 0.254734 0.185958 0.440089 0.101653 0.017566
0 3 0.439019 0.199338 0.265922 0.025247 0.070474
0 3 0.506227 0.171836 0.179493 0.021028 0.121416
0 3 0.371404 0.212155 0.286560 0.028654 0.101227
0 3 0.427926 0.198652 0.284710 0.031276 0.057436
0 3 0.348611 0.216243 0.309832 0.032493 0.092821
2 1 0.204130 0.237389 0.357504 0.026489 0.174488
2 1 0.221213 0.229510 0.387151 0.048805 0.113321
2 1 0.283165 0.220873 0.371838 0.049326 0.074798
2 1 0.283853 0.218545 0.375898 0.053271 0.068434
2 1 0.241098 0.220786 0.360110 0.059639 0.118367
2 1 0.221718 0.225212 0.419012 0.058748 0.075309
2 1 0.245774 0.227817 0.377158 0.046642 0.102609
0 1 0.439013 0.184747 0.283011 0.049814 0.043415
2 1 0.297978 0.211731 0.398443 0.052457 0.039391
0 1 0.387990 0.196071 0.292456 0.054755 0.068729
0 1 0.546245 0.160523 0.237812 0.032306 0.023114
0 1 0.577175 0.155888 0.207221 0.028398 0.031318
0 1 0.629217 0.144677 0.166745 0.020011 0.039350
0 0 0.583386 0.155164 0.184410 0.027033 0.050006
0 0 0.589428 0.154891 0.191811 0.024768 0.039102
0 0 0.579213 0.152914 0.223062 0.025995 0.018816
0 0 0.625198 0.141378 0.199834 0.019055 0.014534
0 0 0.603446 0.147211 0.171159 0.029119 0.049065
0 0 0.608880 0.147465 0.188206 0.025559 0.029891
0 0 0.603519 0.147865 0.205103 0.023509 0.020003
0 0 0.430328 0.179828 0.305771 0.056374 0.027699
0 0 0.503341 0.169459 0.249462 0.043678 0.034060
0 0 0.434108 0.191131 0.255424 0.039559 0.079777
0 0 0.522797 0.164890 0.253614 0.035821 0.022877
0 0 0.430613 0.179658 0.307142 0.055773 0.026814
0 0 0.432447 0.180050 0.297161 0.058260 0.032083
0 0 0.419003 0.181537 0.308039 0.060806 0.030614
0 0 0.435400 0.182357 0.274665 0.058055 0.049524
0 0 0.450012 0.176929 0.296898 0.050669 0.025492
0 0 0.426524 0.189079 0.252869 0.046104 0.085423
0 0 0.414421 0.183481 0.303817 0.062344 0.035937
0 0 0.358307 0.190330 0.340255 0.074815 0.036293
0 0 0.367507 0.190114 0.321690 0.075540 0.045148
0 0 0.420849 0.182433 0.304851 0.059276 0.032591
0 0 0.454138 0.177367 0.276414 0.055191 0.036891
0 0 0.456557 0.187764 0.256061 0.036573 0.063045
0 0 0.354866 0.187257 0.349355 0.078589 0.029932
0 0 0.398842 0.187796 0.299156 0.065621 0.048585
0 0 0.433785 0.180093 0.290701 0.059656 0.035765
0 0 0.382297 0.189964 0.323581 0.065399 0.038759
0 0 0.555817 0.158339 0.199305 0.037172 0.049367
0 0 0.451924 0.184548 0.254299 0.044759 0.064469
0 0 0.386724 0.202504 0.265023 0.035289 0.110460
0 0 0.421113 0.193878 0.245367 0.035170 0.104471
0 0 0.319335 0.208563 0.276048 0.040531 0.155523
0 0 0.459480 0.184742 0.257814 0.040826 0.057137
0 0 0.494343 0.178823 0.203646 0.024807 0.098381
0 0 0.465830 0.187271 0.236741 0.030507 0.079651
0 0 0.538641 0.162341 0.213476 0.039793 0.045748
0 0 0.427961 0.196498 0.240171 0.026631 0.108740
0 0 0.333988 0.205486 0.272389 0.043306 0.144830
0 0 0.343270 0.210541 0.282276 0.036049 0.127865
0 0 0.440470 0.188118 0.237148 0.037549 0.096715
0 0 0.277261 0.195276 0.224535 0.028839 0.274089
0 0 0.286336 0.203608 0.264103 0.045595 0.200359
0 0 0.436419 0.175669 0.176696 0.021766 0.189450
0 0 0.567603 0.160447 0.192055 0.026542 0.053353
0 0 0.556510 0.152935 0.151663 0.024529 0.114362
0 0 0.577557 0.162497 0.185870 0.018313 0.055763
0 0 0.465963 0.183896 0.256310 0.039084 0.054748
0 0 0.439921 0.198132 0.264661 0.026627 0.070659
2 0 0.341796 0.208632 0.343282 0.049509 0.056781
0 1 0.368834 0.207610 0.303141 0.040538 0.079877
2 1 0.292100 0.221887 0.352128 0.043932 0.089953
2 1 0.251281 0.217684 0.305681 0.041553 0.183801
2 1 0.287345 0.219666 0.319980 0.041937 0.131072
2 1 0.230492 0.222210 0.331624 0.045371 0.170303
2 1 0.247170 0.217950 0.364937 0.066419 0.103524
2 1 0.247732 0.221659 0.350695 0.053817 0.126097
2 1 0.169361 0.219566 0.360600 0.060839 0.189634
2 1 0.191331 0.215676 0.293031 0.030330 0.269632
4 1 0.111222 0.154885 0.181702 0.023205 0.528986
4 1 0.093698 0.153436 0.185912 0.020905 0.546049
0 1 0.278736 0.212593 0.276224 0.034238 0.198210
4 1 0.125099 0.168319 0.206622 0.028777 0.471184
4 1 0.115039 0.152535 0.171296 0.018658 0.542471
4 1 0.136730 0.151031 0.158874 0.016871 0.536494
4 1 0.154635 0.147019 0.142940 0.012845 0.542560
4 1 0.155244 0.150246 0.152137 0.016737 0.525636
4 4 0.326414 0.162837 0.156962 0.026447 0.327340
4 4 0.129294 0.199426 0.268480 0.023849 0.378950
4 4 0.128879 0.173290 0.217061 0.030873 0.449897
4 4 0.196009 0.209266 0.273453 0.029860 0.291411
0 4 0.266721 0.203585 0.240419 0.025532 0.263742
4 4 0.215826 0.197743 0.235633 0.025829 0.324969
4 4 0.106615 0.183317 0.262037 0.040820 0.407210
2 4 0.131768 0.207329 0.313091 0.042858 0.304955
4 4 0.117783 0.190517 0.264909 0.033002 0.393788
4 4 0.123397 0.197979 0.305368 0.057435 0.315820
4 4 0.102780 0.162943 0.210405 0.032742 0.491131
4 4 0.129547 0.191200 0.259373 0.032870 0.387011
4 4 0.174469 0.184313 0.222888 0.030856 0.387473
4 4 0.106368 0.156439 0.186286 0.022387 0.528521
4 4 0.157217 0.201547 0.270534 0.032131 0.338571
2 4 0.159681 0.215284 0.323215 0.043549 0.258272
4 4 0.150335 0.176369 0.207069 0.023172 0.443055
4 0 0.181043 0.183792 0.207238 0.019247 0.408680
2 0 0.202147 0.208960 0.277240 0.034658 0.276995
4 0 0.191459 0.186801 0.210513 0.019383 0.391844
4 0 0.176827 0.190268 0.227092 0.023658 0.382156
0 0 0.389509 0.204347 0.277287 0.034968 0.093889
0 0 0.346940 0.207250 0.305664 0.049486 0.090660
2 0 0.273985 0.215562 0.277412 0.029328 0.203714
2 0 0.324738 0.219681 0.332511 0.036413 0.086658
2 0 0.212713 0.226463 0.339859 0.039389 0.181576
0 0 0.327367 0.212676 0.275815 0.031327 0.152815
0 0 0.360868 0.204775 0.227615 0.016809 0.189933
2 0 0.213720 0.227705 0.336502 0.035416 0.186657
0 0 0.358601 0.206510 0.234891 0.018232 0.181765
4 0 0.250127 0.205883 0.241157 0.021061 0.281772
4 0 0.217978 0.200443 0.237794 0.023244 0.320540
0 0 0.348926 0.212647 0.278316 0.029644 0.130467
0 0 0.438636 0.198734 0.245384 0.022387 0.094860
0 0 0.402005 0.201847 0.251379 0.027685 0.117083
0 0 0.298070 0.205729 0.229574 0.017121 0.249506
2 0 0.214174 0.220785 0.299260 0.028689 0.237092
4 0 0.209185 0.208804 0.265654 0.027626 0.288731
2 0 0.246465 0.224601 0.312325 0.031264 0.185346
0 0 0.433717 0.194097 0.214150 0.018003 0.140033
2 0 0.244558 0.213125 0.278396 0.033085 0.230836
0 0 0.321171 0.212305 0.268486 0.028794 0.169245
2 0 0.242270 0.228333 0.340194 0.036349 0.152854
2 1 0.206410 0.226113 0.397444 0.059905 0.110128
2 1 0.221612 0.229116 0.354412 0.040493 0.154368
0 1 0.398356 0.202616 0.285416 0.036696 0.076915
2 1 0.230778 0.219853 0.423571 0.065280 0.060518
2 1 0.306448 0.208185 0.373084 0.062700 0.049583
2 1 0.289222 0.217963 0.338453 0.050672 0.103689
2 1 0.271061 0.214883 0.375525 0.066178 0.072353
2 1 0.246673 0.214917 0.394240 0.074359 0.069812
2 1 0.296969 0.216580 0.351353 0.052909 0.082189
2 1 0.253335 0.219234 0.394377 0.062340 0.070713
2 1 0.271086 0.213173 0.377468 0.069687 0.068586
2 1 0.303031 0.208602 0.372341 0.064023 0.052004
2 2 0.251368 0.224204 0.388318 0.053188 0.082922
0 2 0.407743 0.195834 0.272719 0.044143 0.079560
2 2 0.332251 0.202835 0.349607 0.064505 0.050802
2 2 0.318192 0.216408 0.353976 0.044883 0.066541
2 2 0.313934 0.220335 0.320515 0.035983 0.109232
0 2 0.391374 0.201286 0.272258 0.038847 0.096235
0 2 0.457808 0.186555 0.205731 0.021092 0.128814
4 2 0.200704 0.160565 0.160840 0.018755 0.459136
4 2 0.196226 0.168285 0.167617 0.013049 0.454823
4 2 0.207560 0.177259 0.186462 0.017385 0.411333
0 2 0.394592 0.198704 0.213133 0.015365 0.178206
2 2 0.191330 0.212362 0.283838 0.030373 0.282097
2 2 0.230423 0.212053 0.290191 0.042572 0.224761
2 2 0.147783 0.219948 0.338650 0.038825 0.254793
2 2 0.233694 0.222088 0.327232 0.043457 0.173528
4 2 0.156185 0.209983 0.286419 0.027260 0.320152
0 2 0.324110 0.202061 0.229226 0.022233 0.222369
0 2 0.427404 0.196209 0.237240 0.026069 0.113078
0 2 0.500559 0.183435 0.225021 0.022209 0.068776
2 2 0.320320 0.220450 0.327591 0.035676 0.095963
0 2 0.361968 0.211748 0.327349 0.036375 0.062560
2 2 0.240590 0.210520 0.429993 0.076083 0.042813
0 2 0.386143 0.194680 0.330811 0.051795 0.036572
0 2 0.382858 0.188298 0.320802 0.069121 0.038921
0 2 0.424881 0.181074 0.299935 0.060764 0.033345
0 2 0.382857 0.193592 0.341675 0.051258 0.030617
0 2 0.469919 0.185052 0.256004 0.035035 0.053989
0 2 0.457872 0.187028 0.273582 0.036446 0.045072
0 2 0.374709 0.208123 0.296516 0.036649 0.084002
2 2 0.300887 0.213604 0.354420 0.057604 0.073485
2 2 0.285244 0.219627 0.346473 0.049681 0.098976
0 2 0.387803 0.198717 0.316036 0.047881 0.049563
0 2 0.350074 0.208263 0.329247 0.047758 0.064657
2 2 0.272863 0.213697 0.385587 0.066512 0.061340
0 2 0.360413 0.202160 0.325254 0.054827 0.057346
0 2 0.317884 0.218615 0.301754 0.032773 0.128975
0 2 0.389481 0.184367 0.330180 0.067349 0.028624
0 2 0.391109 0.194218 0.321505 0.052589 0.040578
0 2 0.403591 0.183189 0.318377 0.064584 0.030259
0 2 0.383746 0.189084 0.325871 0.065159 0.036139
2 2 0.324446 0.195926 0.385023 0.067247 0.027359
2 2 0.313260 0.210073 0.367591 0.056824 0.052251
0 2 0.541474 0.164349 0.224736 0.033451 0.035990
0 2 0.433529 0.190366 0.299360 0.039306 0.037439
0 2 0.492757 0.171215 0.258303 0.045210 0.032515
0 2 0.471182 0.174811 0.267024 0.050988 0.035995
0 2 0.434893 0.178725 0.308410 0.053386 0.024585
0 2 0.481097 0.171488 0.284214 0.041992 0.021210
0 3 0.532466 0.164069 0.227954 0.038967 0.036544
0 3 0.458069 0.176049 0.289137 0.049792 0.026953
0 3 0.411113 0.182701 0.307698 0.064611 0.033877
0 3 0.542438 0.162108 0.223985 0.036744 0.034725
0 3 0.527969 0.168140 0.203204 0.032603 0.068084
0 3 0.609030 0.151040 0.161917 0.018103 0.059911
0 2 0.519347 0.171816 0.231350 0.032977 0.044510
0 2 0.583962 0.162362 0.195338 0.016667 0.041671
0 2 0.307201 0.213531 0.282715 0.035134 0.161420
2 2 0.196988 0.229237 0.354331 0.038987 0.180457
0 2 0.312926 0.218506 0.299275 0.032761 0.136532
2 2 0.194241 0.225212 0.391537 0.061861 0.127150
2 2 0.290489 0.217757 0.344960 0.051936 0.094857
0 2 0.332290 0.210330 0.307753 0.048013 0.101614
2 2 0.293785 0.212774 0.352789 0.062279 0.078373
2 2 0.292618 0.219409 0.365248 0.048871 0.073854
0 2 0.399540 0.203221 0.310464 0.034885 0.051890
0 2 0.347438 0.188368 0.337266 0.087397 0.039531
0 2 0.408115 0.182512 0.318335 0.062399 0.028639
0 2 0.443248 0.179864 0.275089 0.058026 0.043773
0 2 0.407572 0.187731 0.311592 0.056606 0.036499
0 2 0.405465 0.183276 0.312065 0.065850 0.033344
0 2 0.457213 0.176232 0.288958 0.050207 0.027389
0 2 0.587820 0.151436 0.182142 0.031111 0.047491
0 2 0.493171 0.178978 0.204929 0.025416 0.097505
0 2 0.399303 0.205940 0.267972 0.027121 0.099665
0 2 0.514924 0.174798 0.235271 0.030132 0.044875
0 2 0.413989 0.195751 0.244812 0.033169 0.112279
0 2 0.471252 0.185140 0.254041 0.034247 0.055320
0 2 0.358426 0.214871 0.294783 0.029266 0.102654
0 2 0.411125 0.197093 0.280971 0.041345 0.069465
0 2 0.422577 0.193295 0.279206 0.043228 0.061695
0 2 0.498137 0.173270 0.240988 0.041670 0.045935
0 2 0.466226 0.185158 0.259115 0.036622 0.052879
0 2 0.558241 0.165560 0.200015 0.023443 0.052741
0 2 0.398861 0.202074 0.244876 0.025184 0.129006
0 2 0.357223 0.214712 0.286250 0.027513 0.114302
2 2 0.219700 0.229009 0.375134 0.047421 0.128735
0 2 0.344453 0.216430 0.281161 0.025271 0.132685
0 2 0.398770 0.204345 0.239569 0.019671 0.137644
0 2 0.430049 0.194430 0.276366 0.037573 0.061582
0 2 0.558958 0.159230 0.212922 0.033212 0.035677
0 2 0.534848 0.172976 0.206928 0.022457 0.062791
0 2 0.563136 0.160783 0.192879 0.028146 0.055057
0 2 0.465941 0.188454 0.223720 0.024410 0.097475
0 2 0.427681 0.197475 0.264129 0.031947 0.078769
0 2 0.510094 0.175809 0.229789 0.030996 0.053312
0 2 0.397676 0.200531 0.263417 0.035620 0.102756
2 2 0.219971 0.218757 0.408958 0.074270 0.078044
2 2 0.230173 0.219620 0.400643 0.069478 0.080086
0 2 0.356507 0.199876 0.341514 0.057858 0.044245
2 2 0.285424 0.214297 0.367440 0.061983 0.070857
0 2 0.369171 0.193537 0.330062 0.065229 0.042001
0 2 0.373526 0.206234 0.299727 0.041010 0.079504
0 2 0.419476 0.202310 0.268734 0.027466 0.082013
0 2 0.395349 0.202568 0.316118 0.037149 0.048816
2 2 0.255623 0.229019 0.364568 0.040526 0.110265
0 2 0.346957 0.205183 0.334523 0.054711 0.058626
0 2 0.385247 0.210118 0.312648 0.030172 0.061816
0 2 0.433595 0.188159 0.290176 0.045418 0.042653
0 2 0.489795 0.177194 0.257143 0.037326 0.038542
0 2 0.490849 0.179354 0.239280 0.034547 0.055970
0 2 0.490657 0.176997 0.261827 0.035966 0.034552
0 2 0.384799 0.194996 0.327954 0.053146 0.039105
0 1 0.364131 0.192174 0.348026 0.063908 0.031762
2 1 0.337709 0.211475 0.346350 0.045869 0.058596
0 1 0.444425 0.184095 0.290995 0.045317 0.035169
0 1 0.402044 0.185564 0.319565 0.061071 0.031756
0 2 0.435998 0.179828 0.288446 0.059363 0.036365
0 2 0.390213 0.198881 0.318254 0.045770 0.046882
0 2 0.363211 0.187297 0.330441 0.081084 0.037967
0 2 0.432923 0.178515 0.313538 0.052441 0.022583
0 2 0.383157 0.185291 0.328867 0.071093 0.031592
0 2 0.445962 0.177667 0.297507 0.052218 0.026646
0 2 0.397731 0.183678 0.323608 0.065602 0.029380
0 2 0.450639 0.176600 0.298779 0.049763 0.024218
0 2 0.456214 0.176180 0.291776 0.049718 0.026112
0 0 0.449332 0.177806 0.286849 0.054167 0.031846
0 0 0.510914 0.174234 0.250300 0.030799 0.033753
0 0 0.579999 0.154024 0.209416 0.028951 0.027610
0 0 0.546286 0.161327 0.221196 0.036165 0.035026
0 0 0.473769 0.182755 0.257331 0.036980 0.049165
0 0 0.562523 0.160816 0.195399 0.028749 0.052514
0 0 0.622564 0.143821 0.188740 0.022134 0.022741
0 0 0.636383 0.135390 0.133485 0.022087 0.072655
0 0 0.638064 0.140151 0.168128 0.022143 0.031514
0 0 0.666687 0.132425 0.163277 0.016923 0.020688
0 0 0.606868 0.147329 0.200944 0.023552 0.021307
0 0 0.455753 0.188838 0.267452 0.035160 0.052796
0 0 0.468128 0.184481 0.260438 0.036744 0.050208
0 0 0.486913 0.183115 0.251318 0.030002 0.048653
0 0 0.443064 0.186788 0.247037 0.042746 0.080365
0 0 0.486336 0.179455 0.256485 0.035726 0.041998
0 0 0.506874 0.175965 0.223503 0.031633 0.062025
0 0 0.376947 0.201797 0.330267 0.045419 0.045570
2 0 0.320170 0.211597 0.363243 0.051357 0.053632
0 0 0.453868 0.177263 0.281947 0.053737 0.033184
0 0 0.406107 0.197762 0.311020 0.040299 0.044812
0 0 0.657595 0.134882 0.149835 0.019800 0.037889
0 0 0.503334 0.176508 0.240762 0.033066 0.046330
0 0 0.489644 0.177712 0.265185 0.034508 0.032951
0 0 0.551259 0.167779 0.219415 0.023323 0.038224
0 0 0.566874 0.158387 0.221200 0.027486 0.026053
2 0 0.274643 0.210715 0.412348 0.062654 0.039640
2 0 0.253208 0.211263 0.425973 0.068873 0.040684
0 0 0.376509 0.193053 0.336297 0.058913 0.035228
2 0 0.196591 0.223409 0.392248 0.066422 0.121331
0 0 0.406349 0.193864 0.307095 0.047782 0.044909
2 0 0.262291 0.214495 0.408025 0.064565 0.050624
2 0 0.328468 0.198665 0.359830 0.071686 0.041350
0 0 0.380983 0.200474 0.321294 0.047493 0.049756
0 0 0.382731 0.191602 0.322953 0.062286 0.040427
0 0 0.379290 0.203083 0.306615 0.045015 0.065997
0 0 0.326099 0.212910 0.311134 0.045169 0.104688
0 0 0.444903 0.185076 0.277697 0.046654 0.045670
0 0 0.388632 0.200754 0.284973 0.043878 0.081764
0 0 0.449304 0.195780 0.256217 0.025962 0.072737
0 0 0.384793 0.201565 0.307449 0.045267 0.060925
0 0 0.466356 0.178997 0.267686 0.046466 0.040495
0 0 0.388566 0.202774 0.293179 0.041048 0.074434
0 0 0.414667 0.190972 0.283350 0.051751 0.059260
0 0 0.342525 0.207803 0.293541 0.046278 0.109853
0 0 0.410766 0.197391 0.236405 0.026969 0.128468
2 0 0.272641 0.216426 0.298956 0.040181 0.171796
0 0 0.429270 0.192540 0.238859 0.032801 0.106530
0 0 0.379263 0.204561 0.257139 0.029754 0.129283
0 0 0.352277 0.203092 0.269578 0.043926 0.131127
2 0 0.249282 0.217606 0.320282 0.050128 0.162701
0 0 0.558633 0.161318 0.204017 0.030471 0.045561
0 0 0.579486 0.155420 0.199235 0.028965 0.036893
0 0 0.483058 0.174297 0.175351 0.018254 0.149041
0 0 0.541127 0.173934 0.195331 0.016610 0.072998
0 0 0.385524 0.200739 0.295653 0.046469 0.071614
0 0 0.494420 0.176302 0.256861 0.036024 0.036392
0 0 0.511279 0.172576 0.241202 0.035144 0.039799
0 0 0.470903 0.179945 0.275802 0.039727 0.033623
0 0 0.585352 0.151404 0.162855 0.026316 0.074073
0 0 0.482372 0.187258 0.238206 0.024897 0.067266
0 0 0.415916 0.201472 0.277991 0.031324 0.073298
0 0 0.514605 0.175296 0.219638 0.028874 0.061587
0 0 0.536794 0.163695 0.218473 0.038176 0.042862
0 0 0.495961 0.178601 0.248548 0.032843 0.044046
0 0 0.567382 0.156148 0.225051 0.029003 0.022416
2 0 0.303660 0.208408 0.379850 0.061799 0.046283
2 0 0.298150 0.204007 0.379770 0.073451 0.044621
0 0 0.401024 0.199342 0.309657 0.040700 0.049277
0 0 0.501269 0.174052 0.248793 0.037317 0.038569
2 1 0.324710 0.207813 0.352945 0.058212 0.056320
0 1 0.471864 0.177669 0.252164 0.047787 0.050516
0 1 0.456513 0.180911 0.273976 0.047833 0.040767
0 1 0.377913 0.203836 0.316352 0.043754 0.058144
0 1 0.461955 0.178352 0.262331 0.051372 0.045990
0 1 0.382533 0.194692 0.311541 0.059338 0.051896
0 1 0.513484 0.167666 0.235906 0.043229 0.039715
0 1 0.419939 0.197692 0.265829 0.034606 0.081935
2 1 0.320512 0.208648 0.349959 0.059175 0.061706
0 1 0.490786 0.175718 0.258845 0.038766 0.035885
0 1 0.352629 0.207465 0.338880 0.046844 0.054182
0 1 0.486385 0.172050 0.266867 0.045245 0.029453
0 2 0.355537 0.190317 0.342600 0.075797 0.035749
0 2 0.448589 0.179625 0.280986 0.053481 0.037319
0 2 0.516627 0.167022 0.233887 0.042736 0.039727
0 2 0.513238 0.167616 0.246309 0.041046 0.031791
0 2 0.417478 0.181248 0.315160 0.059051 0.027063
0 2 0.429477 0.179941 0.306211 0.056610 0.027761
0 2 0.420370 0.181555 0.303981 0.061519 0.032575
0 2 0.465336 0.174857 0.286022 0.047779 0.026006
0 2 0.422133 0.180726 0.312018 0.057978 0.027145
0 2 0.406730 0.182553 0.320545 0.062277 0.027896
0 2 0.431955 0.179238 0.308917 0.054542 0.025347
0 2 0.410254 0.182155 0.318554 0.061286 0.027751
0 2 0.471998 0.174338 0.275629 0.048277 0.029758
0 2 0.450909 0.177205 0.291857 0.051938 0.028091
0 2 0.376878 0.199569 0.337837 0.046963 0.038753
2 2 0.317602 0.205966 0.356714 0.064923 0.054795
2 2 0.291143 0.209536 0.379337 0.066898 0.053086
0 2 0.355964 0.197053 0.324827 0.067666 0.054489
0 2 0.418834 0.181875 0.302963 0.062459 0.033870
0 2 0.442204 0.185477 0.292316 0.044025 0.035978
0 2 0.533835 0.163812 0.228342 0.038463 0.035549
0 2 0.535936 0.163262 0.234617 0.036397 0.029788
0 2 0.370412 0.186817 0.320183 0.080717 0.041871
0 0 0.357346 0.210537 0.316823 0.040504 0.074790
0 0 0.399791 0.183380 0.323550 0.064598 0.028681
0 0 0.409769 0.182852 0.308468 0.064993 0.033919
0 0 0.450294 0.177656 0.286578 0.053845 0.031627
0 2 0.417342 0.180984 0.318180 0.058025 0.025469
0 2 0.456434 0.176622 0.285680 0.051558 0.029706
0 2 0.430432 0.180598 0.286941 0.062192 0.039837
0 3 0.441274 0.178672 0.295677 0.054856 0.029521
0 3 0.441090 0.179030 0.289582 0.056838 0.033459
0 3 0.483231 0.172277 0.272764 0.044741 0.026988
0 3 0.410635 0.182933 0.293698 0.069076 0.043658
0 3 0.382706 0.185415 0.327596 0.071788 0.032495
0 3 0.437953 0.179173 0.296741 0.055966 0.030167
0 3 0.429015 0.180725 0.292404 0.061236 0.036621
0 3 0.421520 0.181458 0.302443 0.061489 0.033089
0 3 0.391388 0.184734 0.319821 0.070115 0.033942
0 3 0.419641 0.181921 0.293930 0.064948 0.039560
0 3 0.483159 0.172756 0.265305 0.046894 0.031885
0 3 0.502032 0.169301 0.258988 0.041666 0.028012
0 3 0.407636 0.183229 0.293386 0.070526 0.045223
0 3 0.419088 0.181954 0.297151 0.064244 0.037563
0 3 0.522510 0.165926 0.240016 0.039464 0.032083
0 3 0.375931 0.185819 0.334796 0.072683 0.030771
0 3 0.383406 0.185717 0.312095 0.076644 0.042138
0 3 0.363999 0.186598 0.344286 0.075490 0.029626
0 3 0.356118 0.187423 0.344482 0.079806 0.032171
0 3 0.474068 0.174029 0.250195 0.053843 0.047865
0 3 0.489314 0.171544 0.265458 0.044541 0.029142
0 3 0.450428 0.177581 0.287559 0.053489 0.030943
0 3 0.481342 0.173070 0.265905 0.047416 0.032266
2 3 0.335749 0.195871 0.360690 0.071600 0.036090
0 3 0.430334 0.180610 0.286060 0.062479 0.040517
0 3 0.482482 0.173014 0.260489 0.048417 0.035599
0 3 0.458965 0.176086 0.254454 0.058494 0.052002
0 3 0.454063 0.177371 0.270049 0.056885 0.041631
0 3 0.498177 0.170371 0.245983 0.046279 0.039190
0 3 0.527309 0.165049 0.235795 0.038885 0.032961
0 3 0.482397 0.173048 0.258071 0.049053 0.037432
0 3 0.440153 0.179329 0.280682 0.059781 0.040054
0 3 0.384583 0.185295 0.325496 0.071575 0.033051
0 3 0.424562 0.181328 0.290866 0.063644 0.039600
0 3 0.464254 0.175883 0.265455 0.054050 0.040358
0 3 0.444150 0.178716 0.284702 0.056981 0.035450
0 3 0.426831 0.183254 0.288443 0.059107 0.042364
0 3 0.416055 0.182344 0.293916 0.066563 0.041122
0 3 0.378342 0.186113 0.310181 0.079762 0.045602
0 3 0.499167 0.170187 0.244741 0.046215 0.039691
0 3 0.509497 0.167223 0.221887 0.047078 0.054315
0 3 0.460569 0.176244 0.279094 0.051833 0.032261
0 3 0.441152 0.179187 0.278582 0.059926 0.041154
0 3 0.414342 0.182353 0.285677 0.069548 0.048080
2 3 0.334283 0.188998 0.347750 0.091166 0.037803
0 3 0.433363 0.179807 0.298884 0.057301 0.030645
0 3 0.358585 0.186753 0.350625 0.075971 0.028066
0 3 0.416402 0.183642 0.306688 0.059575 0.033694
0 3 0.364793 0.186947 0.336679 0.077970 0.033611
0 3 0.396552 0.183822 0.323961 0.066063 0.029601
2 3 0.335320 0.188804 0.352081 0.088876 0.034919
0 3 0.352966 0.188039 0.333559 0.085608 0.039829
2 3 0.335814 0.188950 0.345765 0.091008 0.038463
0 3 0.382686 0.185442 0.327111 0.071974 0.032788
0 3 0.409869 0.182946 0.305352 0.065953 0.035880
0 3 0.346937 0.188388 0.328024 0.090834 0.045817
0 3 0.383933 0.185658 0.309823 0.077078 0.043509
2 3 0.322955 0.189529 0.348710 0.097628 0.041178
0 3 0.383893 0.185560 0.320612 0.073628 0.036308
0 3 0.404846 0.183056 0.317628 0.064237 0.030234
2 3 0.289634 0.189972 0.354963 0.116686 0.048744
0 3 0.433534 0.179976 0.295144 0.058413 0.032933
0 3 0.475286 0.176399 0.272605 0.043679 0.032031
0 3 0.435148 0.179989 0.285110 0.060679 0.039074
0 3 0.608087 0.149019 0.164299 0.022264 0.056331
0 3 0.581942 0.152509 0.184495 0.032525 0.048528
0 2 0.467334 0.180635 0.188503 0.019046 0.144482
0 2 0.461243 0.180430 0.194391 0.023819 0.140117
0 2 0.423052 0.177110 0.179500 0.022609 0.197729
4 2 0.218303 0.189378 0.229694 0.038746 0.323879
4 2 0.208764 0.180145 0.215105 0.043250 0.352736
4 2 0.141828 0.171899 0.206104 0.028025 0.452144
4 2 0.173207 0.166564 0.174599 0.016617 0.469013
4 2 0.128405 0.178636 0.230507 0.032674 0.429778
4 2 0.217394 0.194582 0.241719 0.038636 0.307669
4 2 0.196798 0.178860 0.201027 0.025835 0.397480
4 2 0.187766 0.156861 0.168084 0.032940 0.454348
2 2 0.223829 0.209153 0.297736 0.055432 0.213850
2 2 0.247300 0.197259 0.254133 0.050596 0.250713
4 2 0.198827 0.198956 0.238073 0.022548 0.341596
4 1 0.117790 0.153325 0.172951 0.020040 0.535894
4 1 0.146182 0.152101 0.159913 0.019019 0.522784
4 1 0.091182 0.146970 0.164834 0.012183 0.584832
4 1 0.143917 0.149713 0.152964 0.015405 0.538001
4 1 0.103307 0.147708 0.160764 0.012597 0.575625
4 1 0.129785 0.147609 0.150538 0.012608 0.559461
4 0 0.239669 0.203183 0.232705 0.018565 0.305878
4 0 0.165454 0.143981 0.133090 0.010585 0.546890
4 0 0.100380 0.146343 0.158002 0.011374 0.583901
4 0 0.088312 0.150494 0.178509 0.016407 0.566278
4 0 0.072779 0.154901 0.210698 0.027900 0.533721
4 0 0.082935 0.148368 0.174818 0.014059 0.579820
4 0 0.068582 0.150352 0.194941 0.018429 0.567697
4 0 0.106260 0.154526 0.182780 0.022510 0.533924
4 0 0.162632 0.147614 0.143165 0.013881 0.532707
4 0 0.190158 0.161551 0.159216 0.013996 0.475079
4 0 0.237186 0.193110 0.212291 0.018574 0.338838
4 0 0.285580 0.188311 0.192612 0.015535 0.317962
0 0 0.412203 0.177738 0.175090 0.018672 0.216297
4 0 0.095467 0.150478 0.173932 0.016005 0.564118
4 0 0.081145 0.149516 0.180200 0.015611 0.573528
4 2 0.069625 0.151225 0.197422 0.019780 0.561948
4 4 0.134542 0.169636 0.199046 0.022362 0.474414
4 4 0.089273 0.153866 0.190729 0.022168 0.543965
4 4 0.063263 0.150106 0.200130 0.019083 0.567418
4 4 0.100136 0.154839 0.187478 0.023473 0.534074
4 4 0.112710 0.151529 0.168836 0.017100 0.549826
4 4 0.093206 0.153136 0.185066 0.020364 0.548227
4 4 0.058910 0.149174 0.201880 0.018501 0.571534
4 4 0.099561 0.172651 0.241262 0.041387 0.445139
4 4 0.092660 0.166473 0.220816 0.028222 0.491829
4 4 0.084773 0.186499 0.286238 0.037285 0.405205
4 4 0.081308 0.152073 0.189738 0.019535 0.557345
4 4 0.088702 0.177428 0.255908 0.034701 0.443260
4 4 0.065022 0.153868 0.215357 0.027399 0.538355
4 4 0.071017 0.155197 0.214367 0.029487 0.529931
4 4 0.073880 0.162555 0.231051 0.032165 0.500349
4 4 0.098315 0.186082 0.271103 0.036053 0.408447
4 4 0.130176 0.187453 0.250660 0.033516 0.398195
0 4 0.370178 0.203476 0.261352 0.035410 0.129584
2 4 0.150863 0.222951 0.321134 0.024365 0.280687
2 1 0.227912 0.231491 0.344912 0.032532 0.163153
2 1 0.281727 0.213920 0.283108 0.035856 0.185389
0 1 0.394856 0.210451 0.284274 0.024818 0.085601
0 1 0.315187 0.219317 0.312145 0.035336 0.118016
0 1 0.397871 0.206658 0.292885 0.030650 0.071937
0 1 0.353909 0.214161 0.319970 0.035498 0.076462
0 0 0.366182 0.213657 0.290931 0.028513 0.100717
0 0 0.399300 0.196873 0.220564 0.021103 0.162161
2 0 0.204911 0.234058 0.389041 0.041328 0.130661
2 0 0.241918 0.227130 0.333208 0.035901 0.161842
2 0 0.252350 0.221336 0.403622 0.057184 0.065508
2 0 0.265275 0.228601 0.375251 0.040458 0.090416
2 0 0.229269 0.227243 0.392897 0.052897 0.097693
0 0 0.477540 0.182903 0.261839 0.034159 0.043560
0 0 0.401373 0.205749 0.308584 0.030289 0.054005
0 0 0.370825 0.208160 0.308629 0.039205 0.073181
0 0 0.407357 0.202037 0.247971 0.025001 0.117634
2 0 0.210752 0.235526 0.372493 0.034275 0.146954
2 0 0.197007 0.216863 0.430307 0.083769 0.072054
2 0 0.123000 0.215358 0.353043 0.047674 0.260925
4 0 0.074524 0.146330 0.252863 0.053265 0.473018
4 0 0.074524 0.146330 0.252863 0.053265 0.473018
4 0 0.074524 0.146330 0.252863 0.053265 0.473018
4 0 0.152268 0.157892 0.181159 0.036098 0.472584
4 0 0.296341 0.140173 0.120528 0.020616 0.422343
2 1 0.247468 0.228174 0.363767 0.043311 0.117281
0 1 0.292516 0.219347 0.283092 0.025851 0.179195
2 1 0.125669 0.224363 0.357537 0.031688 0.260742
2 1 0.145913 0.228935 0.398673 0.049198 0.177281
2 1 0.164224 0.231066 0.398855 0.048329 0.157526
2 1 0.160311 0.220747 0.324799 0.032853 0.261290
2 1 0.172123 0.228167 0.356754 0.038473 0.204483
2 1 0.212951 0.227777 0.361693 0.046006 0.151573
2 1 0.303711 0.224784 0.336055 0.033561 0.101890
0 1 0.356191 0.216524 0.305183 0.029243 0.092860
2 1 0.285341 0.222862 0.364605 0.044853 0.082339
0 1 0.369398 0.206532 0.254529 0.026707 0.142834
0 1 0.310554 0.221261 0.287431 0.023899 0.156855
2 1 0.216899 0.229135 0.346581 0.037271 0.170112
2 1 0.220964 0.230795 0.357186 0.038180 0.152875
2 1 0.194711 0.229233 0.359027 0.040804 0.176225
0 1 0.356820 0.206175 0.321456 0.049043 0.066506
2 1 0.265923 0.223864 0.293261 0.023942 0.193009
4 1 0.115193 0.185969 0.259374 0.037081 0.402384
4 1 0.114772 0.187636 0.260761 0.034011 0.402819
2 1 0.194349 0.220559 0.331676 0.045782 0.207634
2 1 0.186475 0.227969 0.354986 0.040595 0.189975
4 2 0.145793 0.195075 0.252010 0.025670 0.381453
4 2 0.181866 0.200709 0.255613 0.029191 0.332621
2 2 0.279222 0.221890 0.316178 0.036963 0.145747
2 2 0.302597 0.222101 0.318072 0.034259 0.122971
4 2 0.263774 0.205487 0.226017 0.014098 0.290624
4 2 0.189855 0.201054 0.242606 0.020773 0.345713
2 2 0.176831 0.234168 0.432029 0.049068 0.107904
2 2 0.132329 0.233900 0.434551 0.045935 0.153285
2 2 0.216211 0.235028 0.423102 0.041209 0.084451
2 2 0.230193 0.227155 0.429587 0.050236 0.062829
2 2 0.214680 0.221633 0.451045 0.061142 0.051501
2 2 0.245559 0.217889 0.443821 0.054010 0.038720
2 2 0.303934 0.210816 0.393175 0.052499 0.039576
2 2 0.232571 0.226530 0.443594 0.046572 0.050732
2 2 0.334673 0.204307 0.377874 0.050157 0.032988
2 2 0.317251 0.202984 0.390431 0.058012 0.031322
2 2 0.246282 0.211574 0.443778 0.064073 0.034293
2 2 0.212259 0.210503 0.466109 0.075841 0.035288
2 2 0.303983 0.202371 0.408969 0.058255 0.026423
2 2 0.250209 0.204720 0.443514 0.072893 0.028664
2 2 0.269349 0.203934 0.430369 0.068293 0.028055
2 2 0.309380 0.201499 0.396433 0.062810 0.029878
2 2 0.269082 0.206260 0.425184 0.067611 0.031864
2 2 0.346199 0.195026 0.378379 0.056200 0.024196
2 2 0.300876 0.201608 0.401202 0.066101 0.030214
2 2 0.335441 0.193724 0.366412 0.072906 0.031517
4 2 0.240070 0.213250 0.262176 0.022154 0.262350
4 2 0.093069 0.148689 0.169289 0.013896 0.575057
4 2 0.224345 0.160560 0.139725 0.006565 0.468805
4 2 0.121406 0.143111 0.140733 0.008891 0.585860
4 2 0.148741 0.144300 0.134820 0.008880 0.563260
4 2 0.059165 0.145915 0.188398 0.013819 0.592703
4 2 0.057520 0.145993 0.190782 0.014194 0.591511
4 2 0.063895 0.146428 0.184829 0.013708 0.591140
4 2 0.057776 0.147207 0.195239 0.015718 0.584060
4 2 0.072434 0.149486 0.187591 0.016491 0.573998
4 2 0.103251 0.148144 0.162147 0.013039 0.573419
4 2 0.080051 0.144398 0.163849 0.010410 0.601292
4 2 0.088642 0.148502 0.171388 0.013882 0.577586
4 2 0.220548 0.177321 0.184041 0.017324 0.400766
4 2 0.119842 0.154328 0.172114 0.018262 0.535454
4 2 0.094217 0.173989 0.228100 0.020782 0.482912
2 2 0.132945 0.220796 0.325598 0.024393 0.296268
4 2 0.115676 0.177106 0.227685 0.026313 0.453220
4 2 0.080855 0.160756 0.212237 0.023265 0.522888
4 2 0.090136 0.170206 0.231084 0.028208 0.480366
0 2 0.338721 0.202558 0.238631 0.027193 0.192898
0 2 0.492618 0.166991 0.159125 0.016771 0.164495
0 2 0.381209 0.193776 0.200552 0.015253 0.209210
4 2 0.232475 0.156186 0.139789 0.010715 0.460834
0 1 0.483612 0.179958 0.219181 0.032327 0.084923
2 1 0.179730 0.235281 0.411866 0.044024 0.129099
2 1 0.097645 0.211699 0.346651 0.035318 0.308687
2 1 0.175514 0.229137 0.344031 0.031194 0.220123
2 1 0.206822 0.234741 0.398164 0.041676 0.118597
2 2 0.215931 0.237656 0.401915 0.035980 0.108519
2 2 0.206956 0.225301 0.430370 0.061934 0.075439
2 2 0.215770 0.225489 0.423185 0.059634 0.075923
2 2 0.225283 0.226144 0.432323 0.053436 0.062814
2 2 0.198419 0.229543 0.445141 0.053938 0.072959
2 2 0.166580 0.228016 0.470599 0.061296 0.073510
2 2 0.279326 0.221709 0.324450 0.040502 0.134013
2 2 0.270139 0.226538 0.325147 0.032571 0.145605
4 2 0.220851 0.213510 0.261725 0.019582 0.284332
2 2 0.244513 0.228461 0.320358 0.028255 0.178413
2 2 0.230005 0.219632 0.311582 0.039872 0.198909
0 1 0.476909 0.189012 0.215456 0.018232 0.100391
0 0 0.607721 0.142709 0.136749 0.019629 0.093193
0 0 0.623228 0.143662 0.188294 0.022061 0.022755
0 0 0.627508 0.142001 0.191508 0.020351 0.018632
0 0 0.645616 0.135119 0.128978 0.017024 0.073263
0 0 0.442301 0.185766 0.296625 0.042027 0.033281
2 1 0.337128 0.207209 0.367160 0.048302 0.040201
0 1 0.376552 0.198769 0.335056 0.049458 0.040164
2 1 0.223377 0.234267 0.406782 0.041127 0.094446
2 1 0.190030 0.231659 0.348670 0.031168 0.198473
4 1 0.088348 0.177526 0.237299 0.018474 0.478352
4 1 0.114560 0.199491 0.279254 0.024604 0.382092
4 1 0.092483 0.177907 0.235318 0.018762 0.475529
4 1 0.081733 0.170783 0.236873 0.025816 0.484795
4 1 0.095730 0.167417 0.210781 0.019080 0.506993
4 1 0.093605 0.146287 0.161323 0.011476 0.587308
4 1 0.055542 0.147232 0.198449 0.016249 0.582528
4 1 0.063244 0.148103 0.191954 0.015924 0.580774
4 1 0.057168 0.147446 0.197037 0.016187 0.582163
4 1 0.046058 0.147966 0.218258 0.020789 0.566930
4 1 0.060524 0.148062 0.195107 0.016373 0.579934
4 1 0.111040 0.153849 0.177817 0.021026 0.536269
4 1 0.045373 0.146263 0.211552 0.017852 0.578960
4 1 0.066169 0.145681 0.179738 0.012618 0.595795
4 4 0.051116 0.142469 0.186149 0.011531 0.608734
4 4 0.057084 0.148435 0.201287 0.017726 0.575468
4 4 0.056411 0.144547 0.186709 0.012743 0.599590
4 4 0.069762 0.147651 0.183295 0.014403 0.584889
4 4 0.063347 0.147012 0.187625 0.014480 0.587535
4 4 0.077714 0.162632 0.216726 0.021297 0.521632
4 4 0.052837 0.148244 0.206956 0.018619 0.573344
4 4 0.089418 0.148547 0.171044 0.013894 0.577097
4 4 0.085698 0.152083 0.186292 0.019086 0.556841
4 4 0.063532 0.148110 0.191646 0.015885 0.580826
4 4 0.104714 0.147386 0.159123 0.012265 0.576511
4 4 0.047061 0.147733 0.215062 0.019844 0.570300
4 4 0.053488 0.147282 0.201727 0.016842 0.580660
4 4 0.073670 0.149505 0.186499 0.016362 0.573965
4 4 0.060104 0.149792 0.202910 0.019289 0.567905
4 4 0.057800 0.149680 0.205675 0.019721 0.567125
4 4 0.064636 0.147000 0.186149 0.014278 0.587937
4 4 0.059718 0.147330 0.193200 0.015502 0.584249
4 4 0.073707 0.150625 0.190803 0.018059 0.566806
4 4 0.064086 0.150472 0.200668 0.019558 0.565215
4 4 0.071632 0.147737 0.181838 0.014295 0.584498
4 4 0.045115 0.144360 0.203603 0.015049 0.591873
4 4 0.068809 0.152003 0.201681 0.021490 0.556017
4 4 0.074734 0.150256 0.188394 0.017338 0.569279
4 4 0.055029 0.147207 0.199090 0.016335 0.582338
4 4 0.075194 0.157974 0.212087 0.024440 0.530304
4 4 0.123879 0.155189 0.167340 0.014219 0.539373
4 4 0.092694 0.164183 0.206505 0.019427 0.517191
4 4 0.059733 0.148849 0.199379 0.017755 0.574284
4 4 0.076551 0.151109 0.185239 0.014648 0.572453
4 4 0.092556 0.154449 0.184423 0.017146 0.551426
4 4 0.076624 0.150023 0.185802 0.016760 0.570790
4 4 0.053386 0.144059 0.188923 0.012736 0.600896
4 4 0.075136 0.150449 0.188769 0.017583 0.568064
4 4 0.116531 0.150217 0.162952 0.015324 0.554975
4 4 0.076556 0.151661 0.192260 0.019418 0.560106
4 4 0.055030 0.150874 0.215648 0.023280 0.555169
4 4 0.074344 0.151238 0.192641 0.018997 0.562780
4 4 0.063861 0.149939 0.198678 0.018654 0.568868
4 4 0.074294 0.153384 0.201813 0.023360 0.547149
4 4 0.085507 0.150409 0.180168 0.016484 0.567432
4 4 0.115557 0.150301 0.163608 0.015427 0.555107
4 4 0.047035 0.146920 0.211290 0.018337 0.576418
4 4 0.075232 0.153196 0.200012 0.022733 0.548827
4 4 0.083609 0.160393 0.203543 0.018246 0.534210
4 4 0.078216 0.146499 0.171988 0.012383 0.590914
4 4 0.259678 0.164132 0.151880 0.013369 0.410941
4 4 0.100501 0.142501 0.146906 0.008528 0.601564
4 1 0.114903 0.145126 0.148384 0.010284 0.581304
4 1 0.124023 0.149131 0.156854 0.014108 0.555884
4 1 0.098299 0.149081 0.167643 0.014166 0.570811
4 1 0.120736 0.144421 0.144444 0.009787 0.580611
4 1 0.160056 0.140189 0.124743 0.007847 0.567164
0 1 0.283526 0.206362 0.224954 0.013649 0.271509
4 1 0.149818 0.165660 0.171190 0.010757 0.502575
4 2 0.326239 0.170518 0.158734 0.015185 0.329323
4 2 0.158308 0.154065 0.148845 0.009935 0.528847
4 2 0.215558 0.204879 0.237888 0.016782 0.324893
4 2 0.161234 0.203178 0.264373 0.025538 0.345677
4 2 0.119005 0.157294 0.171658 0.013285 0.538758
4 2 0.210594 0.197757 0.212771 0.010971 0.367906
2 2 0.144668 0.220551 0.310377 0.020942 0.303463
4 2 0.133337 0.169366 0.192190 0.016539 0.488568
4 2 0.096376 0.181694 0.252262 0.027352 0.442317
4 2 0.077017 0.147054 0.174803 0.013036 0.588090
4 2 0.078769 0.153875 0.199548 0.023643 0.544165
4 2 0.072056 0.150220 0.190808 0.017649 0.569267
4 2 0.066957 0.163961 0.229195 0.020627 0.519260
2 2 0.160251 0.212581 0.298014 0.031562 0.297592
2 2 0.193843 0.228895 0.346839 0.035918 0.194505
4 2 0.097404 0.203649 0.309113 0.027310 0.362524
0 1 0.349297 0.193187 0.210056 0.022818 0.224643
0 1 0.345230 0.201473 0.212080 0.013437 0.227779
0 1 0.472959 0.195571 0.237882 0.016468 0.077119
0 1 0.288146 0.210471 0.243113 0.018171 0.240098
2 1 0.274272 0.225306 0.296998 0.023427 0.179997
2 1 0.259322 0.228503 0.327606 0.030739 0.153830
