2 1 0.131852 0.198990 0.523029 0.092640 0.053489
2 1 0.216047 0.178084 0.476673 0.099703 0.029493
2 1 0.173836 0.200529 0.477000 0.100822 0.047814
2 1 0.143304 0.209361 0.525857 0.065731 0.055748
2 1 0.121086 0.200789 0.487297 0.109040 0.081788
2 1 0.071487 0.164987 0.448492 0.123644 0.191390
2 1 0.079684 0.174360 0.455329 0.107866 0.182761
2 1 0.082129 0.174859 0.427661 0.099908 0.215444
2 1 0.143296 0.194659 0.318548 0.048974 0.294523
2 1 0.152716 0.205632 0.377121 0.070120 0.194411
0 1 0.498185 0.173354 0.235204 0.036373 0.056884
2 1 0.300454 0.204294 0.364557 0.065590 0.065105
0 1 0.449002 0.194442 0.237795 0.027818 0.090943
2 1 0.311728 0.210246 0.373884 0.046081 0.058061
0 1 0.564262 0.150449 0.216224 0.033127 0.035939
2 1 0.263049 0.179193 0.410281 0.118047 0.029430
2 1 0.303336 0.211360 0.382154 0.045233 0.057916
0 1 0.345184 0.207453 0.338516 0.042361 0.066486
2 1 0.344779 0.190425 0.357444 0.063222 0.044130
0 0 0.527634 0.153207 0.252583 0.039277 0.027298
2 0 0.105308 0.178644 0.525706 0.146005 0.044337
2 1 0.073723 0.135006 0.600284 0.150671 0.040316
2 1 0.062575 0.126363 0.605262 0.165948 0.039853
2 1 0.051397 0.112472 0.656310 0.152234 0.027587
2 1 0.062262 0.113267 0.663171 0.138753 0.022547
2 1 0.063992 0.136237 0.604571 0.159948 0.035252
2 1 0.089308 0.145949 0.562296 0.173421 0.029027
2 1 0.098138 0.134599 0.611176 0.128363 0.027724
2 2 0.069751 0.131808 0.592218 0.174216 0.032006
2 2 0.155601 0.181633 0.525895 0.107098 0.029773
2 2 0.053371 0.112005 0.609388 0.199416 0.025820
2 2 0.050167 0.095481 0.638201 0.197233 0.018918
2 2 0.048043 0.092761 0.610559 0.228365 0.020273
2 2 0.046418 0.093795 0.597386 0.241147 0.021254
2 2 0.057257 0.094823 0.634502 0.193738 0.019680
2 2 0.041605 0.082779 0.584394 0.274184 0.017038
2 2 0.045700 0.088349 0.586006 0.260341 0.019605
2 2 0.035924 0.076898 0.543225 0.321235 0.022719
2 2 0.037195 0.076834 0.564723 0.304533 0.016715
2 2 0.053104 0.104104 0.531291 0.287648 0.023854
2 2 0.027965 0.057551 0.554014 0.347043 0.013427
2 2 0.026727 0.059622 0.526180 0.370337 0.017134
2 2 0.025085 0.059710 0.545378 0.357353 0.012475
2 2 0.023286 0.054767 0.533915 0.374338 0.013694
2 3 0.022134 0.048676 0.491261 0.424546 0.013382
2 3 0.023174 0.049363 0.524341 0.390975 0.012148
2 3 0.026469 0.052126 0.534504 0.375940 0.010961
3 3 0.014194 0.039408 0.451757 0.484453 0.010187
2 3 0.021034 0.049683 0.509800 0.406558 0.012925
2 3 0.017077 0.042589 0.475532 0.454526 0.010276
2 3 0.023602 0.052653 0.518049 0.392963 0.012733
2 3 0.024669 0.053368 0.539092 0.370660 0.012211
2 3 0.018925 0.045483 0.485800 0.439400 0.010392
2 3 0.022277 0.048624 0.525504 0.390826 0.012768
2 3 0.017466 0.043193 0.480621 0.448706 0.010014
3 3 0.011304 0.034085 0.439644 0.505704 0.009263
3 3 0.011580 0.033381 0.457278 0.487822 0.009939
3 3 0.012368 0.036339 0.437867 0.503388 0.010038
3 3 0.014296 0.038928 0.457857 0.479174 0.009744
3 3 0.010218 0.032070 0.428483 0.518795 0.010433
3 3 0.012276 0.034986 0.451519 0.490215 0.011003
3 3 0.010089 0.032558 0.423110 0.525838 0.008406
3 3 0.012141 0.034618 0.456968 0.486500 0.009772
3 3 0.011207 0.033419 0.445796 0.500085 0.009494
3 3 0.008652 0.029370 0.409323 0.542034 0.010621
3 3 0.017682 0.044181 0.452109 0.469419 0.016608
2 3 0.012419 0.035502 0.473613 0.470573 0.007893
2 3 0.012010 0.033259 0.476932 0.468956 0.008844
3 3 0.008693 0.028406 0.435326 0.518799 0.008776
3 3 0.009819 0.030129 0.457120 0.495446 0.007486
2 3 0.063355 0.120415 0.492679 0.294275 0.029277
2 3 0.046367 0.104146 0.611177 0.208729 0.029581
2 3 0.040460 0.096641 0.619395 0.218431 0.025074
2 3 0.038317 0.091137 0.611617 0.237432 0.021497
2 3 0.037295 0.087347 0.609105 0.246781 0.019473
2 3 0.012384 0.033776 0.476920 0.467100 0.009820
3 3 0.009432 0.030242 0.436278 0.515785 0.008262
2 3 0.012386 0.033931 0.476413 0.467943 0.009326
2 3 0.014533 0.036359 0.497906 0.441203 0.009999
3 3 0.010189 0.032086 0.418898 0.525702 0.013125
3 3 0.008605 0.027866 0.442136 0.512809 0.008584
3 3 0.008221 0.027257 0.437800 0.518601 0.008121
3 3 0.008579 0.027898 0.439225 0.515429 0.008870
3 3 0.010048 0.029758 0.466455 0.484821 0.008918
3 3 0.010542 0.031083 0.461733 0.487595 0.009047
3 3 0.008084 0.027195 0.430000 0.525992 0.008729
3 3 0.010266 0.030356 0.463431 0.486789 0.009158
3 3 0.009373 0.029487 0.445601 0.506918 0.008621
3 3 0.008182 0.027400 0.427835 0.527095 0.009488
2 3 0.010728 0.030752 0.474863 0.474860 0.008798
3 3 0.006033 0.023446 0.395438 0.567035 0.008047
3 3 0.008990 0.028228 0.450290 0.503369 0.009123
3 3 0.006358 0.023953 0.404458 0.557063 0.008168
3 3 0.005281 0.021912 0.380862 0.584505 0.007440
3 3 0.009178 0.028562 0.458248 0.496384 0.007629
3 3 0.007479 0.026283 0.422788 0.536002 0.007448
3 3 0.009430 0.029452 0.445428 0.506251 0.009439
3 3 0.008563 0.027975 0.439152 0.515958 0.008352
3 3 0.010318 0.030439 0.465620 0.484907 0.008715
3 3 0.010183 0.030304 0.464149 0.486960 0.008403
2 3 0.016219 0.039820 0.493142 0.441188 0.009630
2 3 0.018376 0.041938 0.509031 0.420232 0.010422
2 3 0.014350 0.037759 0.471239 0.465805 0.010847
2 3 0.018309 0.040999 0.518846 0.411397 0.010450
2 3 0.015359 0.038755 0.484759 0.450828 0.010300
2 3 0.013476 0.035442 0.486775 0.455315 0.008991
3 3 0.011219 0.033266 0.450698 0.495886 0.008931
2 3 0.014438 0.037268 0.480733 0.456882 0.010679
2 3 0.016459 0.039662 0.496603 0.436508 0.010769
3 3 0.011727 0.033135 0.472558 0.474412 0.008168
2 3 0.018928 0.042560 0.511740 0.416235 0.010537
3 3 0.013676 0.037202 0.462979 0.475912 0.010232
2 3 0.015036 0.039121 0.471564 0.463801 0.010478
2 3 0.017876 0.041643 0.504122 0.426334 0.010026
3 3 0.012759 0.035651 0.460887 0.481041 0.009663
3 3 0.007292 0.025971 0.414916 0.543400 0.008422
3 3 0.007175 0.026297 0.401178 0.556714 0.008635
3 3 0.008544 0.028281 0.429966 0.524194 0.009015
3 3 0.009728 0.029203 0.466289 0.486489 0.008291
3 3 0.008725 0.028020 0.446214 0.508840 0.008201
3 3 0.009020 0.029322 0.430434 0.521755 0.009470
3 3 0.009400 0.030001 0.435441 0.515949 0.009208
3 3 0.011761 0.033354 0.463961 0.481104 0.009819
3 3 0.009497 0.029829 0.444259 0.507689 0.008726
3 3 0.012208 0.033967 0.468767 0.475269 0.009790
3 3 0.006142 0.023249 0.407137 0.555457 0.008015
3 3 0.009410 0.028930 0.457585 0.495584 0.008492
3 3 0.007037 0.024892 0.426527 0.533896 0.007648
3 3 0.007001 0.024843 0.425012 0.535380 0.007763
3 3 0.004873 0.020824 0.374944 0.591750 0.007609
2 3 0.155134 0.169109 0.515121 0.132018 0.028618
2 3 0.196301 0.176737 0.482826 0.114247 0.029890
2 3 0.314239 0.167018 0.393151 0.105929 0.019663
2 3 0.332941 0.165026 0.385248 0.095628 0.021156
2 3 0.350368 0.170887 0.364762 0.089380 0.024602
0 3 0.512028 0.173993 0.234141 0.027501 0.052338
0 3 0.435644 0.194980 0.278076 0.030755 0.060544
0 3 0.442547 0.192263 0.268801 0.031043 0.065346
0 3 0.476681 0.188719 0.229453 0.027601 0.077545
0 3 0.427329 0.179196 0.299507 0.051774 0.042194
2 3 0.254876 0.210083 0.436553 0.047415 0.051072
2 3 0.240382 0.204892 0.458244 0.053741 0.042741
2 2 0.298746 0.181814 0.393804 0.094406 0.031230
2 2 0.251426 0.210353 0.440217 0.048369 0.049635
2 0 0.220898 0.212152 0.465039 0.052286 0.049625
2 0 0.203213 0.161545 0.433306 0.173954 0.027981
2 2 0.234674 0.200552 0.445940 0.074641 0.044194
2 2 0.184289 0.195834 0.523386 0.063951 0.032540
2 2 0.179551 0.204787 0.509219 0.064327 0.042116
2 2 0.186382 0.207772 0.503302 0.059002 0.043542
2 2 0.234653 0.225446 0.417463 0.048771 0.073667
2 2 0.169610 0.226702 0.446258 0.060244 0.097186
2 2 0.262800 0.216293 0.388817 0.058299 0.073791
2 2 0.222771 0.216906 0.422778 0.062934 0.074611
2 2 0.215456 0.222159 0.424268 0.054308 0.083809
2 2 0.306137 0.205755 0.376479 0.054988 0.056641
0 2 0.343842 0.200151 0.341463 0.060992 0.053553
0 2 0.404974 0.195080 0.306249 0.037194 0.056503
0 2 0.436341 0.182774 0.289518 0.043081 0.048287
2 2 0.267677 0.226485 0.362022 0.044679 0.099137
0 2 0.437490 0.169536 0.320712 0.045644 0.026618
0 2 0.449806 0.147829 0.342619 0.048993 0.010753
2 2 0.287673 0.162455 0.417307 0.114936 0.017630
0 2 0.419269 0.155598 0.350018 0.060326 0.014790
0 2 0.436539 0.178129 0.306064 0.043139 0.036130
2 2 0.164488 0.201455 0.497395 0.086781 0.049881
2 2 0.200062 0.213414 0.479384 0.053818 0.053322
2 2 0.243571 0.195155 0.442894 0.078633 0.039748
2 2 0.228115 0.214224 0.444928 0.050115 0.062619
2 2 0.178490 0.205972 0.466694 0.084302 0.064542
2 2 0.014140 0.041621 0.451737 0.440529 0.051973
2 4 0.013581 0.042856 0.447299 0.441990 0.054274
3 4 0.012977 0.041377 0.442015 0.452440 0.051192
2 4 0.014361 0.042175 0.470074 0.418366 0.055023
2 4 0.014043 0.042900 0.465344 0.426406 0.051307
2 4 0.040560 0.112095 0.512229 0.189136 0.145982
2 4 0.043650 0.117602 0.531086 0.177837 0.129824
2 4 0.054965 0.116778 0.514528 0.180424 0.133304
2 4 0.083820 0.165570 0.466279 0.121233 0.163098
2 4 0.043124 0.113208 0.499187 0.189912 0.154568
2 4 0.023057 0.061531 0.522764 0.323445 0.069203
2 4 0.019157 0.055580 0.500000 0.349696 0.075566
2 4 0.016968 0.050400 0.468188 0.404686 0.059757
2 4 0.021917 0.060621 0.523802 0.323286 0.070374
2 4 0.021032 0.059057 0.482094 0.357642 0.080174
2 4 0.019762 0.055027 0.502507 0.344280 0.078425
2 4 0.016124 0.047750 0.469658 0.393541 0.072927
2 4 0.020060 0.059295 0.473242 0.370033 0.077370
2 4 0.016968 0.050939 0.476751 0.371297 0.084045
2 4 0.016680 0.049648 0.478343 0.375611 0.079718
2 4 0.033406 0.089610 0.520621 0.242625 0.113739
2 4 0.029937 0.087398 0.518162 0.232070 0.132433
2 4 0.031811 0.085439 0.495717 0.265286 0.121746
2 4 0.034202 0.090108 0.532721 0.233521 0.109448
2 4 0.030370 0.093464 0.482671 0.216568 0.176927
2 4 0.234788 0.215314 0.310381 0.064760 0.174758
2 4 0.237538 0.214655 0.337981 0.061035 0.148791
0 4 0.317311 0.213387 0.179216 0.015965 0.274121
4 4 0.238565 0.224145 0.243084 0.028959 0.265247
2 4 0.229640 0.217211 0.284221 0.054873 0.214054
0 4 0.384957 0.187858 0.256952 0.068068 0.102165
0 2 0.502410 0.182923 0.210042 0.023070 0.081554
0 2 0.360783 0.217910 0.292918 0.029350 0.099039
0 2 0.351724 0.217372 0.306639 0.037607 0.086658
0 2 0.301703 0.227879 0.285987 0.036064 0.148366
0 2 0.570611 0.156768 0.190630 0.028268 0.053723
0 2 0.441797 0.200146 0.253778 0.023241 0.081038
0 2 0.417218 0.205399 0.253305 0.027098 0.096980
0 2 0.385916 0.199658 0.300496 0.044958 0.068972
0 2 0.439481 0.197721 0.249722 0.027794 0.085283
0 2 0.345494 0.211932 0.337837 0.038645 0.066093
2 2 0.326565 0.203614 0.349308 0.063306 0.057208
0 2 0.335833 0.214984 0.327591 0.041094 0.080498
2 2 0.325286 0.220820 0.328436 0.038288 0.087170
0 0 0.366818 0.205541 0.313481 0.042999 0.071162
2 0 0.248978 0.202452 0.418934 0.074538 0.055097
2 2 0.264508 0.208677 0.410795 0.059821 0.056200
2 2 0.222869 0.202048 0.447380 0.077234 0.050469
2 2 0.211443 0.175346 0.437416 0.145647 0.030148
0 2 0.407320 0.175235 0.314723 0.067937 0.034786
0 2 0.339735 0.211546 0.305690 0.051113 0.091916
2 2 0.306506 0.218509 0.340992 0.045599 0.088394
2 2 0.305045 0.213763 0.373939 0.045651 0.061602
2 2 0.276252 0.224321 0.374983 0.039364 0.085080
2 2 0.268217 0.211309 0.396223 0.058761 0.065490
2 2 0.035028 0.077723 0.605631 0.249505 0.032113
2 2 0.031730 0.080453 0.605133 0.248857 0.033827
2 2 0.033739 0.072218 0.582981 0.278667 0.032396
2 2 0.032478 0.072754 0.580153 0.284817 0.029798
2 2 0.033106 0.079737 0.605450 0.256013 0.025695
2 2 0.012818 0.035156 0.471947 0.467420 0.012659
3 2 0.010209 0.031032 0.442804 0.504756 0.011199
3 2 0.008967 0.028264 0.437942 0.512485 0.012342
3 2 0.009641 0.029451 0.441353 0.506124 0.013432
3 2 0.008931 0.028227 0.440201 0.511333 0.011308
2 2 0.170707 0.228220 0.438273 0.059339 0.103460
2 2 0.241765 0.207705 0.392313 0.082061 0.076156
2 2 0.135774 0.220260 0.509102 0.061037 0.073827
2 0 0.222998 0.224504 0.355527 0.075538 0.121432
2 2 0.189065 0.220778 0.418338 0.065175 0.106644
2 2 0.049659 0.129260 0.565437 0.153794 0.101849
2 2 0.051659 0.136048 0.547561 0.138039 0.126692
2 2 0.050691 0.132345 0.546584 0.132398 0.137982
2 2 0.046700 0.130590 0.541680 0.145052 0.135978
2 2 0.109485 0.170311 0.442686 0.127000 0.150518
2 2 0.029867 0.073950 0.563950 0.265272 0.066961
2 2 0.023542 0.068757 0.564030 0.284209 0.059461
2 2 0.021509 0.064539 0.540868 0.308281 0.064803
2 2 0.024505 0.066895 0.563666 0.280460 0.064475
2 2 0.025721 0.072621 0.577781 0.258960 0.064917
2 2 0.017736 0.051120 0.521487 0.374367 0.035290
2 2 0.020939 0.057168 0.555657 0.330965 0.035271
2 2 0.020370 0.053294 0.540453 0.352535 0.033347
2 2 0.016329 0.046102 0.503836 0.400250 0.033483
2 2 0.018023 0.048118 0.525228 0.374263 0.034367
2 2 0.014277 0.037754 0.502068 0.419016 0.026885
2 2 0.012731 0.037395 0.491474 0.431627 0.026772
2 2 0.011857 0.035693 0.464092 0.463439 0.024920
2 2 0.011808 0.034432 0.468279 0.457827 0.027655
2 2 0.012503 0.035334 0.468272 0.454562 0.029329
3 2 0.009181 0.028027 0.433647 0.509555 0.019590
2 2 0.010832 0.031671 0.468951 0.465138 0.023407
3 2 0.009271 0.029066 0.445577 0.493849 0.022236
3 2 0.007668 0.025985 0.406649 0.541713 0.017987
3 2 0.010336 0.030605 0.453001 0.484999 0.021060
3 2 0.008640 0.027518 0.424460 0.521982 0.017399
3 2 0.009334 0.028193 0.432514 0.506940 0.023019
3 2 0.009613 0.028731 0.443240 0.498969 0.019448
3 2 0.009260 0.028057 0.444564 0.500825 0.017294
3 2 0.007945 0.025880 0.420647 0.526654 0.018873
3 2 0.006677 0.023808 0.402754 0.550772 0.015990
3 2 0.006664 0.023794 0.402135 0.551360 0.016047
3 2 0.008085 0.025522 0.435355 0.512497 0.018541
3 2 0.006155 0.022545 0.400756 0.555187 0.015358
3 2 0.006498 0.023656 0.400342 0.555458 0.014047
3 2 0.009120 0.029231 0.414930 0.529728 0.016990
3 2 0.008783 0.027810 0.427162 0.519636 0.016610
3 2 0.009235 0.028661 0.434073 0.510659 0.017372
3 2 0.008560 0.027433 0.422974 0.523856 0.017178
3 2 0.007467 0.025650 0.403357 0.545680 0.017847
3 2 0.007449 0.025228 0.416217 0.535481 0.015626
3 3 0.007114 0.024610 0.404243 0.545364 0.018668
3 3 0.007381 0.024924 0.417050 0.534209 0.016435
3 3 0.007863 0.025333 0.434527 0.516397 0.015879
3 3 0.007573 0.025558 0.416793 0.534814 0.015262
2 3 0.141992 0.205338 0.467312 0.100560 0.084798
2 3 0.142070 0.202984 0.475310 0.103134 0.076503
2 3 0.148823 0.204515 0.469721 0.100420 0.076521
2 3 0.194055 0.213899 0.414946 0.086581 0.090519
2 3 0.226798 0.213180 0.397313 0.094785 0.067924
2 3 0.279263 0.172902 0.385373 0.132860 0.029603
2 3 0.246510 0.194655 0.419103 0.097759 0.041974
2 3 0.287612 0.202516 0.417537 0.052047 0.040288
2 3 0.271566 0.212863 0.419778 0.043938 0.051855
2 3 0.295138 0.209604 0.395477 0.047438 0.052342
2 3 0.047646 0.098574 0.617476 0.214348 0.021956
2 3 0.053903 0.100619 0.619664 0.204175 0.021639
2 3 0.049204 0.106670 0.617175 0.203445 0.023506
2 3 0.054387 0.100908 0.623923 0.200954 0.019828
2 3 0.060863 0.105174 0.629981 0.184210 0.019772
2 3 0.030233 0.059735 0.561008 0.338107 0.010917
2 3 0.036855 0.061344 0.581699 0.309706 0.010396
2 3 0.026756 0.059754 0.565569 0.335965 0.011955
2 3 0.036640 0.065315 0.572059 0.314036 0.011950
2 3 0.026887 0.060797 0.540019 0.359903 0.012395
2 3 0.029493 0.060414 0.569521 0.328367 0.012206
2 3 0.031093 0.061808 0.572744 0.323633 0.010721
2 3 0.025771 0.056044 0.524033 0.381207 0.012944
2 3 0.020271 0.052712 0.506520 0.408747 0.011749
2 3 0.024337 0.053230 0.520947 0.389137 0.012350
2 3 0.022290 0.052136 0.512274 0.403286 0.010014
2 3 0.027224 0.055805 0.536168 0.369605 0.011198
2 3 0.023590 0.052329 0.510216 0.402468 0.011397
2 3 0.017828 0.048163 0.488086 0.434433 0.011490
2 3 0.019435 0.048284 0.496007 0.424891 0.011384
2 3 0.051945 0.097493 0.521978 0.300750 0.027834
2 3 0.068962 0.112918 0.600861 0.201315 0.015944
2 3 0.074045 0.121053 0.591234 0.196395 0.017273
2 3 0.067408 0.112472 0.592663 0.211265 0.016192
2 3 0.068336 0.109848 0.576079 0.229444 0.016293
2 3 0.119971 0.158428 0.578164 0.126397 0.017040
2 3 0.122600 0.170651 0.571887 0.111573 0.023288
2 3 0.115851 0.169777 0.573365 0.117641 0.023366
2 3 0.120345 0.158029 0.561684 0.140433 0.019508
2 3 0.164939 0.157351 0.424756 0.227639 0.025315
0 3 0.383923 0.185715 0.339253 0.054366 0.036743
0 3 0.463847 0.177263 0.274468 0.041562 0.042860
2 3 0.338651 0.191557 0.376422 0.057242 0.036128
0 3 0.535906 0.153328 0.258206 0.029394 0.023167
0 0 0.506960 0.170121 0.254649 0.029583 0.038688
2 0 0.318436 0.189517 0.401977 0.058579 0.031491
2 0 0.293775 0.191856 0.419542 0.063233 0.031594
2 0 0.329724 0.182505 0.394157 0.068164 0.025450
0 0 0.394255 0.160023 0.357784 0.069987 0.017950
2 0 0.285622 0.182555 0.404389 0.095894 0.031540
2 0 0.215000 0.158780 0.452715 0.155026 0.018479
2 0 0.201364 0.188553 0.508260 0.075895 0.025927
2 0 0.175420 0.183865 0.522724 0.091690 0.026303
2 0 0.179370 0.186398 0.510003 0.096997 0.027232
2 0 0.200579 0.189931 0.493476 0.085455 0.030560
2 0 0.234514 0.191259 0.495704 0.054688 0.023835
2 0 0.243966 0.183119 0.488384 0.063726 0.020805
2 0 0.234526 0.162283 0.475826 0.111702 0.015664
2 0 0.335011 0.187682 0.383658 0.060380 0.033269
2 0 0.192766 0.184855 0.472611 0.115513 0.034255
2 0 0.286875 0.191163 0.442782 0.052058 0.027122
2 0 0.294339 0.194313 0.436106 0.046855 0.028386
2 1 0.295650 0.189546 0.438103 0.049533 0.027167
2 1 0.327983 0.169714 0.423790 0.061367 0.017146
2 0 0.279851 0.156903 0.439227 0.112086 0.011933
2 0 0.308831 0.175102 0.391076 0.099576 0.025415
2 0 0.264137 0.202551 0.437657 0.056331 0.039324
2 0 0.301991 0.191666 0.423410 0.051511 0.031422
2 0 0.342751 0.182108 0.398410 0.050314 0.026417
2 0 0.281065 0.176706 0.450664 0.072684 0.018882
0 0 0.442473 0.149583 0.344661 0.051477 0.011807
0 0 0.392331 0.156905 0.381228 0.057034 0.012502
2 0 0.377783 0.173417 0.387127 0.043601 0.018071
0 0 0.446323 0.155115 0.329185 0.054075 0.015303
0 0 0.457702 0.136331 0.358843 0.040984 0.006140
2 0 0.243443 0.193573 0.457288 0.078330 0.027366
2 0 0.204516 0.209583 0.467258 0.069635 0.049007
2 0 0.153688 0.217051 0.500776 0.062347 0.066138
2 0 0.198917 0.218514 0.463078 0.049537 0.069954
2 1 0.188573 0.216314 0.462039 0.062645 0.070429
0 1 0.388074 0.190026 0.302958 0.056521 0.062422
0 1 0.499594 0.169426 0.243398 0.041035 0.046547
2 1 0.353815 0.199378 0.367216 0.037782 0.041809
0 0 0.366022 0.194852 0.311608 0.063798 0.063720
0 0 0.401305 0.200942 0.290994 0.035782 0.070977
0 0 0.368106 0.196866 0.335714 0.047231 0.052083
0 0 0.376332 0.186828 0.326904 0.060687 0.049249
0 0 0.510423 0.168762 0.244895 0.035211 0.040709
0 0 0.382919 0.204127 0.309664 0.036792 0.066498
2 0 0.345416 0.202978 0.376673 0.031764 0.043168
2 0 0.164177 0.220223 0.430319 0.075741 0.109540
2 0 0.178547 0.232116 0.410611 0.059940 0.118786
2 0 0.160698 0.226454 0.422298 0.062428 0.128122
2 1 0.131872 0.212686 0.440365 0.095727 0.119350
2 1 0.152931 0.223915 0.413537 0.072906 0.136712
2 1 0.019546 0.060445 0.496102 0.339414 0.084493
2 4 0.023481 0.065378 0.553591 0.283984 0.073565
2 4 0.024291 0.067246 0.531791 0.297037 0.079635
2 4 0.022000 0.064700 0.525407 0.315907 0.071987
2 4 0.022021 0.064559 0.538070 0.301300 0.074051
2 4 0.023080 0.068644 0.519353 0.304191 0.084732
2 4 0.024790 0.071054 0.532824 0.294656 0.076676
2 4 0.026481 0.072531 0.554640 0.270901 0.075447
2 4 0.030445 0.074252 0.565999 0.254763 0.074541
2 4 0.026584 0.074875 0.552164 0.269989 0.076388
2 4 0.053440 0.143347 0.513148 0.127692 0.162373
2 4 0.051040 0.145550 0.526428 0.143328 0.133653
2 4 0.056131 0.145073 0.534281 0.118627 0.145887
2 4 0.047571 0.137603 0.527681 0.153794 0.133351
2 4 0.089296 0.167586 0.454872 0.112935 0.175311
2 4 0.102307 0.227015 0.440969 0.084489 0.145220
2 4 0.085601 0.171843 0.414549 0.082525 0.245482
2 4 0.087110 0.170996 0.422711 0.100125 0.219058
2 4 0.078649 0.174215 0.413716 0.098047 0.235372
2 4 0.080095 0.169696 0.435408 0.106251 0.208550
2 4 0.021606 0.067549 0.459112 0.274861 0.176872
2 4 0.025127 0.072857 0.502233 0.264506 0.135276
2 4 0.029866 0.076170 0.498194 0.275588 0.120181
2 4 0.029402 0.079299 0.531562 0.227359 0.132378
2 4 0.021379 0.067711 0.487036 0.298770 0.125104
2 4 0.013677 0.038097 0.475387 0.422883 0.049956
2 4 0.012404 0.038607 0.467995 0.428037 0.052957
2 4 0.019994 0.049421 0.561671 0.326674 0.042239
2 4 0.011732 0.036894 0.456659 0.445057 0.049658
3 4 0.009837 0.033783 0.424445 0.472758 0.059177
3 4 0.009831 0.034224 0.409501 0.446153 0.100291
3 4 0.009974 0.035458 0.416180 0.452887 0.085501
3 4 0.009751 0.033914 0.416048 0.459586 0.080701
3 4 0.011273 0.036128 0.435364 0.442905 0.074329
3 4 0.010860 0.036164 0.438611 0.444424 0.069941
2 4 0.015029 0.045409 0.481224 0.374592 0.083746
2 4 0.013512 0.040698 0.467300 0.406756 0.071735
2 4 0.012419 0.038569 0.447876 0.441102 0.060035
2 4 0.013298 0.041105 0.470707 0.413163 0.061727
3 4 0.011661 0.038160 0.421723 0.445527 0.082929
2 4 0.203683 0.225458 0.340231 0.055003 0.175625
4 2 0.170394 0.218773 0.282068 0.041413 0.287351
2 2 0.161268 0.209655 0.367902 0.069768 0.191406
2 2 0.188274 0.222713 0.325232 0.048672 0.215109
4 2 0.190144 0.220568 0.236654 0.028600 0.324035
2 2 0.030657 0.081006 0.544165 0.219465 0.124708
2 2 0.027933 0.078244 0.553398 0.245389 0.095035
2 2 0.025480 0.075822 0.536171 0.251063 0.111464
2 2 0.037183 0.086134 0.520872 0.244247 0.111564
2 2 0.029199 0.081105 0.538852 0.219736 0.131108
2 2 0.199385 0.211121 0.407050 0.086833 0.095611
0 2 0.367265 0.217261 0.223363 0.020259 0.171853
2 2 0.213865 0.239106 0.338305 0.035677 0.173046
2 2 0.230187 0.231541 0.302150 0.039703 0.196419
2 2 0.203629 0.236916 0.404570 0.048797 0.106088
2 2 0.084096 0.171162 0.589622 0.091170 0.063950
2 2 0.096138 0.171143 0.585695 0.086704 0.060320
2 2 0.147883 0.193147 0.508363 0.081030 0.069577
2 2 0.086040 0.150365 0.606840 0.107927 0.048828
2 2 0.098123 0.189778 0.577101 0.079470 0.055527
2 2 0.055320 0.109348 0.608423 0.196030 0.030878
2 2 0.066143 0.128618 0.642814 0.131695 0.030731
2 2 0.061386 0.120604 0.649302 0.140763 0.027944
2 2 0.052250 0.108518 0.642787 0.169552 0.026894
2 2 0.066931 0.117446 0.609042 0.175342 0.031239
2 2 0.054598 0.097154 0.652105 0.173381 0.022763
2 2 0.051042 0.094885 0.637915 0.194825 0.021333
2 2 0.041627 0.083052 0.555075 0.292086 0.028160
2 2 0.053530 0.103889 0.637312 0.183137 0.022133
2 2 0.047695 0.107392 0.649710 0.173547 0.021656
2 2 0.024108 0.051609 0.584157 0.328009 0.012118
2 2 0.021879 0.048459 0.529958 0.388680 0.011025
2 2 0.020454 0.044665 0.534001 0.389929 0.010951
2 2 0.024062 0.052618 0.556622 0.353987 0.012712
2 2 0.025448 0.050991 0.571533 0.341169 0.010859
2 2 0.029485 0.066060 0.609251 0.280716 0.014489
2 2 0.024721 0.055058 0.558294 0.348058 0.013868
2 2 0.025208 0.055186 0.542694 0.362925 0.013987
2 2 0.029892 0.062773 0.586467 0.306625 0.014243
2 2 0.025853 0.058131 0.550028 0.350939 0.015049
2 2 0.012687 0.034055 0.490935 0.454847 0.007476
2 2 0.013099 0.034464 0.486434 0.455865 0.010138
3 2 0.010717 0.031686 0.458608 0.490096 0.008894
2 2 0.012154 0.033835 0.477772 0.468658 0.007582
3 2 0.008948 0.028728 0.443581 0.510689 0.008053
2 2 0.014693 0.036361 0.505390 0.434551 0.009005
2 2 0.013094 0.035304 0.479406 0.463546 0.008651
2 2 0.013011 0.034989 0.482220 0.461283 0.008497
2 2 0.014049 0.036324 0.485235 0.454166 0.010226
2 2 0.012516 0.034565 0.474608 0.469972 0.008339
2 2 0.019954 0.043514 0.548140 0.378778 0.009614
2 2 0.017123 0.041078 0.492169 0.438538 0.011092
2 2 0.016039 0.040806 0.516703 0.417141 0.009311
2 2 0.014119 0.037180 0.479691 0.460047 0.008963
2 2 0.017131 0.039401 0.525144 0.409711 0.008613
2 3 0.016486 0.039366 0.500345 0.432839 0.010963
3 3 0.010626 0.031824 0.456016 0.493372 0.008161
2 3 0.016784 0.039475 0.524524 0.409467 0.009751
2 3 0.015482 0.039526 0.504604 0.430611 0.009778
3 3 0.011537 0.033780 0.457035 0.489626 0.008022
3 3 0.012356 0.034421 0.471101 0.473571 0.008551
3 3 0.012191 0.033830 0.470963 0.473405 0.009612
3 3 0.011724 0.033387 0.466898 0.479406 0.008585
3 3 0.009720 0.030345 0.445430 0.506073 0.008433
3 3 0.010296 0.030801 0.463140 0.488120 0.007644
3 3 0.007023 0.025121 0.421083 0.539170 0.007603
3 3 0.007407 0.025637 0.428741 0.529996 0.008220
3 3 0.010589 0.031605 0.456940 0.492374 0.008491
3 3 0.007282 0.025114 0.439073 0.521695 0.006837
3 3 0.008187 0.026353 0.457036 0.501033 0.007391
3 3 0.006990 0.024436 0.433745 0.527218 0.007612
3 3 0.007138 0.024841 0.436765 0.524372 0.006883
3 3 0.008117 0.025435 0.471283 0.487585 0.007580
3 3 0.004907 0.020657 0.384441 0.582947 0.007048
3 3 0.006016 0.022400 0.421453 0.542798 0.007334
3 3 0.005332 0.021155 0.407104 0.559792 0.006617
3 3 0.003954 0.018061 0.372742 0.598955 0.006288
3 3 0.005249 0.020615 0.414405 0.553106 0.006625
3 3 0.005632 0.021130 0.429874 0.536826 0.006538
3 3 0.005170 0.020691 0.405765 0.561611 0.006763
3 3 0.008528 0.026305 0.470873 0.486238 0.008056
3 3 0.005074 0.021534 0.377494 0.589164 0.006734
3 3 0.008045 0.025117 0.477920 0.482098 0.006820
3 3 0.007276 0.024583 0.443993 0.515995 0.008152
3 3 0.006030 0.022378 0.424281 0.540266 0.007045
3 3 0.006585 0.024267 0.413705 0.547794 0.007648
3 3 0.008060 0.026128 0.455337 0.503064 0.007411
3 3 0.007511 0.025612 0.438160 0.521294 0.007423
3 3 0.007668 0.025809 0.440652 0.518084 0.007787
3 3 0.006551 0.023963 0.414060 0.546775 0.008652
3 3 0.006886 0.024462 0.428882 0.532511 0.007259
3 3 0.009183 0.028417 0.463252 0.491993 0.007155
3 3 0.005772 0.022204 0.413726 0.551797 0.006500
3 3 0.007915 0.026022 0.449762 0.508750 0.007552
2 3 0.009206 0.027526 0.478483 0.477133 0.007652
3 3 0.009707 0.028927 0.474663 0.479403 0.007301
3 3 0.009548 0.029243 0.456280 0.496102 0.008827
3 3 0.008388 0.026469 0.463695 0.493955 0.007492
3 3 0.010095 0.029755 0.473513 0.479001 0.007637
3 3 0.008827 0.027813 0.457254 0.498532 0.007574
3 3 0.009195 0.028737 0.453018 0.500770 0.008279
2 3 0.014281 0.035594 0.507130 0.434338 0.008657
2 3 0.011826 0.032328 0.489906 0.458135 0.007805
3 3 0.009113 0.028274 0.461327 0.493782 0.007504
3 3 0.007171 0.025376 0.421879 0.537484 0.008090
2 3 0.011780 0.030624 0.514283 0.435135 0.008179
3 3 0.009003 0.027458 0.472644 0.483558 0.007336
3 3 0.008052 0.026266 0.449523 0.508132 0.008028
3 3 0.007146 0.024818 0.438745 0.522623 0.006668
3 3 0.009623 0.028859 0.475086 0.479671 0.006762
3 3 0.007816 0.024858 0.472277 0.488260 0.006789
2 3 0.012176 0.031592 0.514645 0.434314 0.007273
3 3 0.006382 0.023803 0.415253 0.547722 0.006840
3 3 0.006911 0.024467 0.431999 0.529739 0.006884
2 3 0.010449 0.029633 0.489368 0.463069 0.007482
3 3 0.006360 0.023453 0.420969 0.542231 0.006987
3 3 0.007296 0.024895 0.443979 0.516898 0.006931
3 3 0.007602 0.025804 0.434916 0.523309 0.008369
3 3 0.005879 0.022286 0.417239 0.547728 0.006868
3 3 0.005999 0.022768 0.409754 0.553697 0.007783
3 3 0.007340 0.025090 0.440172 0.520027 0.007372
3 3 0.007694 0.025110 0.458050 0.501747 0.007398
3 3 0.006154 0.022773 0.420313 0.543105 0.007654
3 3 0.007862 0.025573 0.458958 0.500640 0.006967
3 3 0.005522 0.020925 0.426013 0.540769 0.006771
3 3 0.005560 0.021511 0.411265 0.554280 0.007384
3 3 0.006964 0.024153 0.440507 0.521222 0.007154
3 3 0.006848 0.023971 0.437830 0.524192 0.007159
3 3 0.007515 0.025475 0.441863 0.517868 0.007278
3 3 0.005993 0.022331 0.425694 0.539490 0.006493
2 3 0.083617 0.151540 0.577967 0.158653 0.028224
2 3 0.103170 0.168682 0.569346 0.123995 0.034807
2 3 0.083807 0.156067 0.587475 0.144983 0.027667
2 3 0.187862 0.189177 0.438913 0.134260 0.049788
2 3 0.111876 0.167078 0.465340 0.208728 0.046979
0 0 0.554057 0.154059 0.216222 0.035613 0.040049
0 0 0.412891 0.205535 0.272016 0.026769 0.082789
0 2 0.398775 0.207575 0.240093 0.025195 0.128363
0 2 0.532470 0.173139 0.179313 0.023409 0.091670
0 2 0.527118 0.166866 0.213219 0.033758 0.059040
2 2 0.252144 0.166035 0.446915 0.116426 0.018479
2 2 0.220434 0.199701 0.504897 0.044903 0.030064
2 2 0.245752 0.201217 0.473044 0.047410 0.032576
2 2 0.218589 0.186342 0.479849 0.084145 0.031075
2 2 0.205748 0.207447 0.490182 0.055270 0.041353
2 2 0.170394 0.204396 0.510632 0.067302 0.047277
2 2 0.206722 0.212746 0.475849 0.048251 0.056432
2 2 0.180795 0.220261 0.464886 0.058785 0.075273
2 2 0.208676 0.229314 0.388306 0.059315 0.114389
2 2 0.271758 0.214475 0.370184 0.065956 0.077628
2 2 0.137819 0.161474 0.516691 0.127772 0.056243
2 2 0.086647 0.171996 0.581162 0.084714 0.075481
2 2 0.067577 0.160358 0.590167 0.110760 0.071137
2 2 0.072881 0.159285 0.587256 0.102440 0.078137
2 2 0.066300 0.154575 0.564714 0.108599 0.105812
2 2 0.116223 0.195398 0.389887 0.066724 0.231768
2 2 0.176816 0.200084 0.337933 0.038387 0.246780
2 2 0.171858 0.194517 0.335586 0.048251 0.249788
2 2 0.121924 0.196016 0.380087 0.065905 0.236067
2 2 0.123405 0.192626 0.364281 0.072212 0.247476
2 2 0.011894 0.040133 0.443983 0.385236 0.118754
2 2 0.013362 0.043479 0.446058 0.363876 0.133226
2 4 0.011862 0.039097 0.433892 0.376723 0.138425
2 4 0.010868 0.038270 0.417298 0.401542 0.132023
2 4 0.011176 0.037556 0.437302 0.414001 0.099966
3 4 0.010910 0.035479 0.431275 0.444112 0.078224
2 4 0.012729 0.038606 0.467534 0.408923 0.072208
3 4 0.010823 0.035088 0.435264 0.443049 0.075776
2 4 0.011957 0.038837 0.447689 0.401284 0.100233
3 4 0.011197 0.036742 0.436239 0.440497 0.075325
2 4 0.110851 0.190520 0.459047 0.085982 0.153600
2 4 0.084393 0.176729 0.429585 0.089871 0.219422
2 4 0.062748 0.153197 0.464902 0.110447 0.208706
2 4 0.108360 0.187501 0.405232 0.073732 0.225175
2 4 0.053211 0.156070 0.447357 0.114813 0.228550
2 4 0.019582 0.065245 0.445566 0.301210 0.168396
2 4 0.016417 0.061784 0.457469 0.321068 0.143262
2 4 0.024187 0.069034 0.457737 0.296899 0.152143
2 4 0.016010 0.055055 0.440780 0.332365 0.155790
2 4 0.018532 0.062164 0.470203 0.296535 0.152566
0 4 0.356928 0.186180 0.291132 0.083514 0.082247
2 4 0.289153 0.197941 0.347653 0.087288 0.077965
0 4 0.375599 0.206715 0.297872 0.038067 0.081747
2 0 0.278940 0.203628 0.391103 0.069269 0.057060
0 2 0.402972 0.204679 0.264752 0.034474 0.093124
0 2 0.369282 0.194328 0.304289 0.059131 0.072970
0 2 0.540977 0.173267 0.161602 0.016673 0.107481
0 2 0.339906 0.194176 0.333778 0.068382 0.063758
0 2 0.466679 0.186362 0.229769 0.032430 0.084760
2 2 0.304646 0.185967 0.388586 0.085860 0.034940
0 2 0.425609 0.204118 0.236201 0.022661 0.111410
0 2 0.462083 0.189843 0.166807 0.016788 0.164479
0 2 0.374049 0.211155 0.213688 0.022701 0.178407
0 2 0.472106 0.186511 0.169492 0.015687 0.156204
0 2 0.576386 0.158788 0.185139 0.022874 0.056813
0 2 0.388046 0.207191 0.303192 0.029436 0.072136
0 2 0.339812 0.215154 0.322242 0.039062 0.083731
2 2 0.334068 0.211893 0.360328 0.034040 0.059672
0 2 0.409639 0.177280 0.330551 0.051176 0.031354
0 2 0.518093 0.167910 0.230686 0.030301 0.053011
2 2 0.055989 0.116777 0.617184 0.165565 0.044485
2 2 0.052938 0.114817 0.622335 0.163965 0.045946
2 2 0.046864 0.110947 0.603524 0.192234 0.046431
2 2 0.042357 0.098304 0.560993 0.241680 0.056665
2 2 0.059611 0.116806 0.625529 0.160611 0.037443
2 2 0.055187 0.118781 0.626263 0.137862 0.061908
2 2 0.055352 0.120048 0.553897 0.193982 0.076721
2 2 0.050769 0.117281 0.628484 0.147447 0.056018
2 2 0.048246 0.114186 0.615168 0.161580 0.060820
2 2 0.045261 0.111683 0.602014 0.174149 0.066893
2 2 0.137409 0.207514 0.462763 0.083147 0.109167
2 2 0.139216 0.207113 0.424720 0.058570 0.170380
2 2 0.077818 0.168816 0.508258 0.113093 0.132014
2 2 0.074142 0.166253 0.472494 0.111800 0.175311
2 2 0.070964 0.160762 0.515663 0.119566 0.133045
2 2 0.245428 0.187665 0.413257 0.102632 0.051019
2 2 0.236298 0.189660 0.420292 0.102862 0.050889
2 2 0.279792 0.202196 0.375603 0.073569 0.068841
2 2 0.262440 0.163520 0.421871 0.132265 0.019905
2 0 0.308076 0.221723 0.351931 0.036758 0.081511
2 2 0.041552 0.087440 0.626131 0.221463 0.023415
2 2 0.040588 0.084211 0.655286 0.199039 0.020876
2 2 0.043374 0.085922 0.601523 0.247380 0.021801
2 2 0.040254 0.080048 0.616186 0.242639 0.020874
2 2 0.036868 0.079522 0.636853 0.228987 0.017770
2 2 0.043987 0.079511 0.610077 0.246517 0.019909
2 2 0.035079 0.072751 0.632414 0.243582 0.016174
2 2 0.034667 0.072377 0.603824 0.272142 0.016990
2 2 0.030610 0.068177 0.586398 0.298910 0.015905
2 2 0.038600 0.071680 0.597282 0.275559 0.016879
2 2 0.052197 0.098046 0.568262 0.256126 0.025369
2 2 0.056405 0.100982 0.626814 0.192813 0.022987
2 2 0.046291 0.092556 0.614901 0.224319 0.021932
2 2 0.048376 0.087240 0.598484 0.244437 0.021463
2 2 0.051270 0.091173 0.630645 0.207388 0.019524
2 2 0.146919 0.193098 0.523487 0.093896 0.042601
2 2 0.199825 0.209724 0.480501 0.059387 0.050563
2 2 0.282267 0.171941 0.386125 0.129815 0.029852
2 2 0.248898 0.224834 0.381709 0.054875 0.089684
2 2 0.224339 0.200616 0.424948 0.098773 0.051324
2 2 0.058476 0.127448 0.548013 0.164754 0.101309
2 2 0.044932 0.109805 0.610892 0.167608 0.066763
2 2 0.039072 0.104251 0.616278 0.179027 0.061372
2 2 0.042695 0.103094 0.603206 0.176134 0.074870
2 2 0.038805 0.099398 0.591685 0.194525 0.075586
2 2 0.018060 0.051243 0.513669 0.383092 0.033935
2 2 0.022009 0.058822 0.572062 0.313510 0.033597
2 2 0.019448 0.052792 0.540381 0.356557 0.030822
2 2 0.019395 0.051675 0.549907 0.346764 0.032259
2 2 0.021897 0.060068 0.571777 0.316316 0.029942
2 2 0.019686 0.052266 0.542384 0.359634 0.026030
2 2 0.020051 0.052353 0.550501 0.353004 0.024091
2 2 0.018257 0.053920 0.528522 0.370242 0.029058
2 2 0.019797 0.051266 0.544309 0.356910 0.027718
2 2 0.019298 0.052093 0.552841 0.350453 0.025316
2 2 0.015857 0.044452 0.516060 0.402127 0.021504
2 2 0.015911 0.043980 0.511916 0.406470 0.021725
2 2 0.014880 0.042095 0.495838 0.429088 0.018099
2 2 0.016609 0.045076 0.519586 0.397944 0.020784
2 2 0.016597 0.045009 0.512249 0.405956 0.020188
2 2 0.025356 0.071770 0.571410 0.292562 0.038902
2 2 0.027055 0.070540 0.578831 0.288336 0.035238
2 2 0.025695 0.073448 0.582456 0.282097 0.036304
2 2 0.033528 0.082508 0.569494 0.279113 0.035357
2 2 0.031551 0.077198 0.612164 0.243598 0.035489
2 2 0.029894 0.070844 0.607218 0.270198 0.021846
2 2 0.027796 0.069496 0.593227 0.285634 0.023847
2 2 0.027050 0.064078 0.578725 0.309641 0.020505
2 2 0.025657 0.063001 0.563910 0.324759 0.022673
2 2 0.028449 0.067642 0.585514 0.296131 0.022265
2 2 0.277130 0.199292 0.402769 0.070061 0.050748
2 2 0.276859 0.198944 0.406275 0.069523 0.048399
2 2 0.293680 0.198965 0.387430 0.067112 0.052812
0 2 0.376165 0.172750 0.332537 0.085493 0.033054
0 2 0.399075 0.187757 0.310804 0.058736 0.043629
2 2 0.036514 0.078484 0.608950 0.253171 0.022881
2 2 0.027730 0.069740 0.580644 0.296542 0.025344
2 2 0.033973 0.082351 0.626708 0.233706 0.023262
2 2 0.034133 0.080731 0.625307 0.238192 0.021637
2 2 0.035764 0.077760 0.618375 0.246566 0.021536
2 2 0.033384 0.076022 0.625996 0.245290 0.019308
2 2 0.028388 0.071856 0.593674 0.287232 0.018851
2 2 0.035273 0.074467 0.617937 0.253515 0.018808
2 2 0.037509 0.073286 0.626218 0.245691 0.017295
2 2 0.028128 0.063061 0.585669 0.306145 0.016996
2 2 0.029961 0.075971 0.597677 0.278022 0.018370
2 2 0.040922 0.090582 0.621624 0.223340 0.023531
2 2 0.040997 0.085439 0.618619 0.232947 0.021998
2 2 0.036491 0.080283 0.598301 0.263541 0.021384
2 2 0.041044 0.084206 0.602474 0.250956 0.021320
2 2 0.018515 0.041706 0.526900 0.403029 0.009851
2 2 0.018281 0.042533 0.537160 0.390688 0.011337
2 2 0.019184 0.045730 0.558478 0.365770 0.010838
2 2 0.015225 0.037841 0.494179 0.442611 0.010144
3 2 0.012554 0.035098 0.464893 0.478038 0.009416
2 2 0.016039 0.038174 0.510800 0.425500 0.009488
2 2 0.018690 0.042369 0.503375 0.422979 0.012586
2 2 0.016879 0.040519 0.514165 0.417857 0.010579
2 2 0.015440 0.038687 0.500394 0.435803 0.009675
2 2 0.014577 0.037063 0.512170 0.427199 0.008992
2 2 0.015284 0.040586 0.509674 0.422497 0.011960
2 2 0.016966 0.043126 0.512522 0.415826 0.011560
2 2 0.019255 0.046133 0.535313 0.387239 0.012061
2 2 0.018886 0.041171 0.526685 0.402325 0.010933
2 2 0.014845 0.039837 0.496867 0.438201 0.010251
2 2 0.013450 0.034677 0.498005 0.445105 0.008763
2 2 0.014503 0.037989 0.485262 0.452543 0.009703
2 2 0.016316 0.038966 0.515297 0.418094 0.011327
2 2 0.013621 0.035511 0.487637 0.453669 0.009561
2 2 0.013438 0.036109 0.482597 0.457713 0.010144
3 2 0.007126 0.025782 0.411952 0.547253 0.007887
2 2 0.011247 0.030917 0.490852 0.458434 0.008549
3 2 0.007466 0.026097 0.423804 0.534724 0.007909
3 2 0.007919 0.026190 0.446675 0.511680 0.007535
3 2 0.009592 0.028716 0.468139 0.484896 0.008658
3 2 0.009324 0.029453 0.440158 0.511374 0.009690
2 2 0.011776 0.032505 0.477887 0.468058 0.009774
2 2 0.014691 0.036412 0.505921 0.434309 0.008667
2 2 0.012412 0.033409 0.484710 0.460029 0.009440
3 2 0.010119 0.030429 0.459667 0.491394 0.008390
2 2 0.015863 0.038279 0.503982 0.431961 0.009915
3 2 0.012675 0.035740 0.457425 0.484588 0.009571
3 2 0.012611 0.034693 0.470902 0.472229 0.009566
2 2 0.014264 0.037715 0.510063 0.428243 0.009715
3 2 0.008747 0.030665 0.384614 0.563269 0.012705
2 2 0.016052 0.043199 0.512031 0.417462 0.011257
2 2 0.021837 0.048090 0.538878 0.379044 0.012152
2 2 0.015406 0.039914 0.477520 0.456040 0.011120
2 2 0.022703 0.049164 0.545995 0.369178 0.012959
2 2 0.018626 0.043097 0.517333 0.411280 0.009665
2 2 0.019106 0.043474 0.512178 0.413176 0.012068
2 2 0.016451 0.040382 0.506452 0.425797 0.010918
2 2 0.016747 0.040517 0.500126 0.432506 0.010104
2 2 0.018848 0.043672 0.557014 0.370042 0.010424
2 2 0.014794 0.039544 0.502709 0.432918 0.010034
2 2 0.026489 0.058510 0.580142 0.321282 0.013577
2 2 0.017564 0.044428 0.510666 0.416062 0.011279
2 2 0.015031 0.039779 0.484885 0.450049 0.010257
2 2 0.025647 0.058460 0.589506 0.311573 0.014814
2 2 0.021198 0.051809 0.557263 0.357357 0.012373
2 3 0.015545 0.042023 0.512487 0.418983 0.010962
2 3 0.019481 0.046290 0.535143 0.387629 0.011457
2 3 0.016387 0.041619 0.505297 0.425124 0.011573
2 3 0.015814 0.041726 0.502795 0.429816 0.009848
2 3 0.017805 0.044071 0.536918 0.390027 0.011179
2 3 0.021429 0.051396 0.549729 0.365190 0.012255
2 3 0.021110 0.047958 0.557914 0.362115 0.010903
2 3 0.020462 0.046296 0.549481 0.372668 0.011092
2 3 0.026238 0.056682 0.584162 0.320742 0.012176
2 3 0.019415 0.045665 0.540207 0.383959 0.010754
2 3 0.028826 0.062661 0.560373 0.332683 0.015457
2 3 0.037418 0.071089 0.615137 0.259201 0.017155
2 3 0.025971 0.063119 0.590573 0.305826 0.014511
2 3 0.031883 0.067733 0.584532 0.297213 0.018638
2 3 0.029435 0.068894 0.576595 0.307299 0.017778
2 3 0.020042 0.048626 0.545086 0.374426 0.011821
2 3 0.015779 0.042550 0.510515 0.419745 0.011411
2 3 0.021724 0.048888 0.542407 0.375392 0.011589
2 3 0.017705 0.044133 0.501802 0.425548 0.010812
3 3 0.014118 0.038568 0.454869 0.481784 0.010661
2 3 0.026584 0.050395 0.567639 0.344148 0.011234
2 3 0.024444 0.051740 0.584112 0.328062 0.011644
2 3 0.022779 0.049246 0.567757 0.349236 0.010981
2 3 0.017803 0.043984 0.522870 0.404543 0.010799
2 3 0.020071 0.046533 0.545595 0.376577 0.011224
2 3 0.061485 0.125304 0.623803 0.164713 0.024696
2 3 0.062107 0.125389 0.611918 0.173052 0.027534
2 3 0.067894 0.134871 0.612944 0.153631 0.030661
2 3 0.060376 0.120721 0.628504 0.164268 0.026131
2 3 0.103573 0.123198 0.503793 0.247898 0.021538
0 3 0.435458 0.172150 0.286855 0.066759 0.038778
0 3 0.529249 0.173530 0.201546 0.024343 0.071332
0 3 0.416292 0.194633 0.292365 0.038525 0.058184
0 3 0.478996 0.176326 0.249565 0.040799 0.054314
0 3 0.423970 0.182471 0.281302 0.052069 0.060188
2 3 0.312147 0.200018 0.368135 0.061398 0.058302
2 3 0.243013 0.211357 0.426181 0.060342 0.059107
2 0 0.255635 0.176343 0.408133 0.128328 0.031561
0 0 0.409598 0.164727 0.336293 0.068989 0.020392
2 2 0.287161 0.211494 0.390523 0.048733 0.062089
2 2 0.139523 0.203829 0.376895 0.052594 0.227159
2 2 0.168369 0.210940 0.305363 0.032146 0.283182
2 2 0.141839 0.197405 0.337422 0.050064 0.273269
4 2 0.130155 0.162471 0.185737 0.024271 0.497366
4 2 0.115885 0.168826 0.238979 0.043851 0.432459
4 2 0.181736 0.197776 0.261027 0.054269 0.305192
2 2 0.171735 0.193219 0.287032 0.073020 0.274993
4 2 0.153454 0.178460 0.278808 0.068907 0.320371
2 2 0.101381 0.196931 0.406513 0.097860 0.197315
2 2 0.253950 0.225647 0.268349 0.028440 0.223614
2 4 0.053623 0.123579 0.499151 0.156847 0.166800
2 4 0.062223 0.124807 0.538517 0.141055 0.133398
2 4 0.054077 0.128096 0.583058 0.127936 0.106832
2 4 0.042110 0.110667 0.543563 0.168247 0.135413
2 4 0.044498 0.118447 0.546283 0.143603 0.147169
2 4 0.071107 0.160563 0.422190 0.097588 0.248552
