0 0 0.526010 0.206149 0.195293 0.027577 0.044971
0 0 0.578867 0.172031 0.178738 0.030054 0.040310
0 0 0.561019 0.206539 0.173780 0.019899 0.038763
0 0 0.489568 0.241358 0.185757 0.021545 0.061772
0 0 0.557552 0.207031 0.179149 0.020395 0.035872
0 0 0.517049 0.228859 0.181310 0.020784 0.051998
0 0 0.586266 0.167727 0.179662 0.030208 0.036136
0 0 0.570968 0.198620 0.178479 0.020490 0.031442
0 0 0.619515 0.161129 0.170564 0.024169 0.024623
0 0 0.684988 0.146127 0.121265 0.015579 0.032041
0 0 0.550383 0.193651 0.151847 0.023601 0.080519
0 0 0.412545 0.224619 0.165046 0.030117 0.167673
0 0 0.482072 0.212051 0.204329 0.034774 0.066774
0 0 0.408518 0.273933 0.198993 0.024100 0.094456
0 0 0.512925 0.228098 0.178821 0.021486 0.058671
0 0 0.548760 0.203810 0.143537 0.019455 0.084438
0 0 0.540359 0.206051 0.175386 0.023920 0.054285
0 0 0.615662 0.162675 0.163954 0.024981 0.032728
0 0 0.496978 0.222500 0.190812 0.026742 0.062969
0 0 0.606713 0.176369 0.159775 0.021300 0.035843
0 0 0.662926 0.131944 0.149640 0.027684 0.027806
0 0 0.630681 0.160175 0.159990 0.022202 0.026951
0 4 0.568085 0.191429 0.165622 0.023534 0.051331
0 4 0.431495 0.213303 0.236627 0.048229 0.070347
0 4 0.362731 0.262154 0.266796 0.041568 0.066750
0 4 0.360496 0.253924 0.242854 0.043358 0.099368
1 4 0.276432 0.305925 0.279715 0.040795 0.097134
0 0 0.333329 0.298676 0.243483 0.031332 0.093180
0 1 0.443572 0.212169 0.250249 0.045934 0.048076
0 4 0.425885 0.254400 0.238752 0.030484 0.050480
0 0 0.389956 0.258421 0.261661 0.036848 0.053115
0 4 0.330402 0.272612 0.290276 0.044630 0.062080
0 2 0.344174 0.263050 0.265443 0.044989 0.082344
2 2 0.297596 0.244424 0.300447 0.068999 0.088534
2 2 0.225186 0.302453 0.315640 0.054546 0.102175
0 2 0.293290 0.263988 0.283177 0.056535 0.103011
2 2 0.256859 0.258525 0.301521 0.069809 0.113286
2 2 0.136083 0.218066 0.394103 0.152402 0.099346
2 2 0.271925 0.256614 0.323435 0.069491 0.078535
2 2 0.169337 0.241887 0.386685 0.115520 0.086570
2 2 0.206666 0.259867 0.345945 0.086721 0.100801
2 2 0.210957 0.248880 0.355560 0.094661 0.089941
2 2 0.172103 0.259856 0.354726 0.096909 0.116405
2 2 0.182144 0.220660 0.362742 0.130830 0.103624
2 2 0.119402 0.202822 0.405359 0.178520 0.093896
2 0 0.268082 0.277659 0.291572 0.055604 0.107083
0 1 0.403008 0.236520 0.227316 0.041419 0.091736
0 2 0.313415 0.303074 0.254623 0.033804 0.095084
0 2 0.287689 0.280812 0.255843 0.045260 0.130396
2 2 0.206613 0.302806 0.309706 0.056841 0.124034
0 2 0.348817 0.273271 0.258425 0.039179 0.080308
2 2 0.254890 0.291959 0.327101 0.053819 0.072231
2 2 0.279019 0.282015 0.293482 0.051662 0.093822
0 2 0.425314 0.227858 0.244242 0.042498 0.060089
0 2 0.327714 0.260578 0.302300 0.051242 0.058167
0 2 0.326412 0.253984 0.307644 0.055124 0.056837
2 2 0.317586 0.257478 0.318297 0.055126 0.051513
2 2 0.304830 0.270070 0.319450 0.051865 0.053785
0 2 0.337150 0.248164 0.302510 0.055486 0.056690
0 3 0.340180 0.267697 0.287993 0.044553 0.059577
0 3 0.338460 0.238735 0.310617 0.060382 0.051806
0 3 0.336779 0.256976 0.302964 0.050503 0.052778
2 3 0.296499 0.247123 0.307697 0.067982 0.080699
0 3 0.308397 0.276920 0.293562 0.047863 0.073259
1 3 0.280186 0.301433 0.293783 0.042966 0.081632
0 3 0.357363 0.267404 0.280249 0.040469 0.054516
0 3 0.366118 0.278427 0.272038 0.033769 0.049647
0 1 0.428246 0.254764 0.241346 0.029750 0.045894
0 2 0.578025 0.151958 0.154539 0.037508 0.077971
2 2 0.265010 0.301817 0.302273 0.046206 0.084694
0 1 0.473060 0.238763 0.205848 0.026208 0.056121
0 1 0.556421 0.176194 0.205936 0.033063 0.028387
0 0 0.529527 0.212442 0.201494 0.023958 0.032578
0 1 0.601349 0.159263 0.176666 0.030358 0.032365
0 2 0.597832 0.190113 0.155882 0.018122 0.038051
0 2 0.364092 0.260841 0.279639 0.041842 0.053586
0 1 0.317407 0.270561 0.298958 0.048871 0.064204
0 1 0.428066 0.234661 0.241531 0.038457 0.057286
2 2 0.270416 0.300697 0.312649 0.045892 0.070347
0 2 0.368683 0.245512 0.280894 0.048401 0.056510
2 2 0.270789 0.296004 0.309204 0.047872 0.076131
0 2 0.443376 0.211723 0.242478 0.046342 0.056081
0 0 0.344420 0.267242 0.282934 0.043752 0.061653
0 1 0.511772 0.182348 0.205300 0.043102 0.057477
0 1 0.348888 0.259548 0.268903 0.045897 0.076764
3 2 0.048893 0.108015 0.387354 0.389874 0.065863
3 1 0.037059 0.080351 0.354929 0.476331 0.051330
2 2 0.064696 0.116331 0.397283 0.359839 0.061851
2 2 0.052617 0.113497 0.409882 0.369871 0.054133
3 2 0.037602 0.101052 0.397847 0.410384 0.053114
3 2 0.037206 0.090738 0.399564 0.433469 0.039024
3 2 0.022612 0.061817 0.335186 0.543723 0.036661
3 2 0.019924 0.057336 0.325447 0.562658 0.034636
3 2 0.016488 0.049244 0.306914 0.597190 0.030163
3 2 0.019230 0.054385 0.321735 0.573224 0.031426
3 2 0.018756 0.059971 0.341728 0.548055 0.031489
3 2 0.043514 0.100183 0.396430 0.409619 0.050253
3 2 0.022295 0.064357 0.351903 0.529273 0.032171
3 2 0.037525 0.099664 0.403081 0.412020 0.047710
3 2 0.046618 0.094686 0.386508 0.423621 0.048566
3 3 0.024249 0.067813 0.363755 0.513077 0.031107
3 3 0.021778 0.066913 0.357858 0.519902 0.033549
3 3 0.026277 0.067791 0.352864 0.517329 0.035739
3 3 0.027659 0.076409 0.383381 0.479918 0.032633
3 3 0.023193 0.067871 0.364447 0.513256 0.031234
2 3 0.151870 0.253041 0.378154 0.110068 0.106866
2 3 0.151871 0.250235 0.393630 0.113677 0.090587
2 2 0.109812 0.203231 0.428162 0.180911 0.077885
0 2 0.334481 0.293381 0.256737 0.034060 0.081341
2 2 0.265909 0.293066 0.333565 0.050119 0.057342
2 2 0.287711 0.298731 0.314205 0.042580 0.056772
0 2 0.316553 0.287975 0.292906 0.040936 0.061630
2 2 0.291811 0.290814 0.292532 0.045075 0.079768
2 0 0.277192 0.284348 0.295650 0.051127 0.091683
0 1 0.511997 0.213815 0.198416 0.027583 0.048190
0 2 0.321841 0.261868 0.300668 0.052229 0.063394
0 2 0.354215 0.250011 0.298161 0.049316 0.048297
0 2 0.336896 0.251072 0.309700 0.053322 0.049010
2 2 0.270153 0.280807 0.315341 0.055618 0.078082
0 2 0.339522 0.246401 0.300312 0.055898 0.057867
0 1 0.419038 0.236204 0.253458 0.039985 0.051314
0 2 0.410929 0.248724 0.247094 0.036202 0.057051
0 2 0.441768 0.249102 0.223384 0.029033 0.056714
0 0 0.333988 0.291088 0.284895 0.035720 0.054310
0 1 0.467711 0.216673 0.231308 0.037070 0.047239
0 0 0.499845 0.214180 0.205951 0.030253 0.049772
0 0 0.323387 0.285373 0.291045 0.040489 0.059705
0 0 0.426464 0.221527 0.240168 0.045278 0.066564
0 1 0.558510 0.186799 0.176309 0.027941 0.050441
0 1 0.344215 0.287633 0.268832 0.034970 0.064350
2 1 0.287490 0.289139 0.310757 0.047196 0.065419
0 1 0.318216 0.283690 0.294419 0.042427 0.061248
0 2 0.358445 0.267218 0.275525 0.040377 0.058435
0 2 0.335047 0.257055 0.301859 0.051049 0.054989
0 2 0.341491 0.274499 0.283726 0.041097 0.059186
2 2 0.263087 0.285026 0.335321 0.055075 0.061492
2 0 0.267961 0.288093 0.325053 0.052468 0.066426
0 1 0.355017 0.260527 0.235420 0.040321 0.108715
2 2 0.209347 0.279661 0.351223 0.072899 0.086870
2 1 0.228257 0.259030 0.325380 0.079265 0.108068
2 4 0.130432 0.225160 0.392631 0.146053 0.105723
2 0 0.150347 0.235894 0.389972 0.127864 0.095922
2 1 0.189286 0.201065 0.329298 0.143578 0.136772
2 4 0.071078 0.166749 0.400230 0.250635 0.111309
2 4 0.098317 0.220350 0.397220 0.162150 0.121962
2 4 0.043986 0.121546 0.432381 0.350677 0.051410
2 4 0.052292 0.108923 0.420149 0.375642 0.042993
2 4 0.126570 0.134658 0.395101 0.284731 0.058940
2 2 0.079261 0.150406 0.450054 0.270950 0.049330
2 2 0.072375 0.148726 0.460635 0.273877 0.044387
2 0 0.152034 0.232570 0.379006 0.129989 0.106401
0 1 0.276626 0.261594 0.243920 0.051808 0.166052
2 4 0.128644 0.243907 0.353528 0.119513 0.154407
2 1 0.118810 0.216841 0.333309 0.142725 0.188315
2 1 0.145889 0.229458 0.370312 0.133707 0.120633
0 0 0.317781 0.269681 0.252139 0.044892 0.115508
0 0 0.374672 0.255971 0.236064 0.039244 0.094049
0 0 0.444378 0.199168 0.244726 0.053680 0.058047
0 0 0.522344 0.219822 0.186103 0.022965 0.048765
0 1 0.451696 0.250741 0.217794 0.026404 0.053365
0 1 0.328087 0.275080 0.300351 0.043723 0.052759
2 2 0.306323 0.286321 0.307505 0.043819 0.056031
0 2 0.334920 0.279829 0.284570 0.040279 0.060402
0 2 0.399888 0.255006 0.237490 0.035449 0.072166
2 2 0.258000 0.300998 0.315075 0.048562 0.077365
0 2 0.352575 0.294994 0.240998 0.029582 0.081851
0 1 0.408590 0.267250 0.241139 0.029278 0.053743
0 0 0.454860 0.254273 0.223678 0.024519 0.042669
0 0 0.593341 0.177668 0.148801 0.022569 0.057621
0 1 0.574341 0.167758 0.158156 0.031060 0.068684
2 1 0.111042 0.168542 0.405176 0.232048 0.083192
2 1 0.084303 0.154606 0.420334 0.268717 0.072041
2 1 0.100175 0.186993 0.434322 0.206794 0.071716
2 4 0.168207 0.216539 0.399621 0.141033 0.074600
2 4 0.113912 0.186189 0.451634 0.196477 0.051788
2 4 0.124527 0.184418 0.441864 0.195627 0.053564
2 2 0.196710 0.250665 0.393512 0.096845 0.062267
2 2 0.211240 0.227609 0.398660 0.110097 0.052394
2 2 0.226727 0.249537 0.381378 0.087071 0.055287
2 2 0.215960 0.257987 0.379816 0.084989 0.061248
2 2 0.221820 0.189517 0.378929 0.149150 0.060583
2 2 0.170337 0.202746 0.421955 0.152250 0.052712
2 2 0.233807 0.264157 0.378806 0.073574 0.049656
2 2 0.159559 0.208924 0.435206 0.147478 0.048833
2 2 0.314981 0.233542 0.331450 0.070438 0.049589
2 1 0.247168 0.279398 0.339177 0.062631 0.071625
2 1 0.274389 0.243107 0.354414 0.076439 0.051651
2 1 0.246076 0.234994 0.339794 0.093534 0.085601
2 2 0.190727 0.156883 0.390400 0.208418 0.053572
2 2 0.212356 0.227273 0.383953 0.112294 0.064124
2 2 0.230243 0.178554 0.421603 0.142400 0.027200
2 2 0.188757 0.122780 0.419969 0.246679 0.021815
2 2 0.257978 0.214634 0.394614 0.098780 0.033995
2 2 0.300588 0.181882 0.374563 0.113269 0.029697
0 2 0.352765 0.135208 0.317860 0.155965 0.038202
0 1 0.379921 0.204758 0.273988 0.070851 0.070482
0 1 0.542502 0.165305 0.203154 0.044598 0.044441
0 0 0.389346 0.228111 0.272615 0.052429 0.057499
0 0 0.761398 0.094513 0.084640 0.017703 0.041747
0 1 0.434118 0.241949 0.236494 0.033728 0.053711
2 2 0.246013 0.266553 0.355136 0.070342 0.061955
2 2 0.291242 0.243661 0.319557 0.072272 0.073268
2 2 0.178458 0.260297 0.391115 0.096283 0.073847
2 2 0.113830 0.187209 0.418647 0.202174 0.078140
2 2 0.194582 0.273725 0.351804 0.080949 0.098940
2 2 0.104327 0.166962 0.447629 0.230809 0.050273
2 2 0.159217 0.217460 0.419375 0.142006 0.061941
2 2 0.156268 0.204864 0.435538 0.153823 0.049507
2 2 0.171202 0.233286 0.420934 0.119563 0.055016
2 2 0.153114 0.235809 0.434101 0.123030 0.053946
2 2 0.272510 0.225117 0.349432 0.092295 0.060646
0 2 0.386812 0.188777 0.301237 0.080401 0.042773
0 0 0.337923 0.224850 0.298322 0.070413 0.068492
2 1 0.272491 0.239680 0.300024 0.078139 0.109666
2 2 0.214694 0.260036 0.373431 0.084353 0.067486
0 2 0.322573 0.272492 0.277478 0.046014 0.081443
2 2 0.233675 0.277687 0.336195 0.067190 0.085254
2 0 0.253626 0.282598 0.322029 0.058891 0.082856
0 0 0.392302 0.224509 0.251256 0.052761 0.079172
0 0 0.326043 0.205519 0.294247 0.089463 0.084727
0 0 0.460072 0.186806 0.231086 0.056488 0.065548
0 0 0.368642 0.251821 0.236888 0.042013 0.100635
2 0 0.236765 0.269911 0.306979 0.067939 0.118406
2 0 0.232671 0.281578 0.323473 0.064345 0.097933
2 0 0.242279 0.261814 0.295256 0.069389 0.131262
2 0 0.041982 0.118917 0.450711 0.269252 0.119138
2 0 0.035066 0.102897 0.437345 0.333800 0.090893
2 0 0.093887 0.127145 0.310622 0.299204 0.169142
2 1 0.164247 0.250527 0.281303 0.083398 0.220525
2 1 0.067993 0.161976 0.448310 0.230147 0.091575
2 1 0.254829 0.200735 0.318255 0.119954 0.106227
2 2 0.166622 0.257027 0.412234 0.101017 0.063100
2 1 0.202600 0.267804 0.386087 0.081903 0.061606
2 4 0.287642 0.226466 0.357397 0.083274 0.045220
2 1 0.245726 0.257375 0.375844 0.074109 0.046945
0 1 0.554612 0.142420 0.232111 0.051872 0.018986
0 2 0.455582 0.178657 0.281863 0.059115 0.024783
0 0 0.489191 0.188992 0.239305 0.045546 0.036966
0 0 0.828295 0.063515 0.079904 0.017008 0.011278
0 0 0.829151 0.063917 0.073627 0.016860 0.016445
0 0 0.675367 0.130122 0.136350 0.025166 0.032995
0 0 0.624049 0.162743 0.160930 0.022803 0.029475
0 0 0.677513 0.146469 0.137470 0.016897 0.021651
0 0 0.620608 0.183127 0.141505 0.015881 0.038880
0 0 0.558133 0.182625 0.174781 0.029702 0.054760
0 0 0.648991 0.174622 0.118476 0.012642 0.045269
0 0 0.674437 0.150462 0.127072 0.016289 0.031740
0 0 0.655342 0.171152 0.120112 0.012821 0.040572
0 0 0.633051 0.150063 0.161125 0.026425 0.029336
0 0 0.598282 0.188939 0.158895 0.018463 0.035421
0 0 0.414472 0.232253 0.273648 0.041961 0.037666
0 0 0.445454 0.220676 0.258860 0.039718 0.035293
2 1 0.278156 0.280483 0.320700 0.053809 0.066852
2 1 0.240442 0.297975 0.323094 0.054119 0.084371
2 1 0.203541 0.301970 0.347090 0.061402 0.085997
2 1 0.218956 0.314237 0.337320 0.051559 0.077928
2 1 0.242827 0.296091 0.331156 0.054718 0.075208
2 1 0.263110 0.293276 0.331329 0.050913 0.061371
2 2 0.252378 0.309371 0.326036 0.046091 0.066124
2 2 0.250167 0.296921 0.336704 0.052334 0.063873
2 1 0.273964 0.295624 0.321866 0.047250 0.061295
2 2 0.283218 0.299635 0.304797 0.043436 0.068914
2 2 0.290810 0.282907 0.316617 0.049261 0.060405
0 2 0.320331 0.285714 0.304111 0.040530 0.049314
0 2 0.342814 0.268137 0.302038 0.042752 0.044259
0 2 0.341875 0.284484 0.287898 0.036436 0.049307
0 2 0.338137 0.291414 0.283207 0.034676 0.052566
0 2 0.374905 0.269079 0.274542 0.035414 0.046060
0 2 0.361404 0.278974 0.272982 0.034634 0.052005
0 2 0.379376 0.273462 0.252589 0.032994 0.061578
2 2 0.254260 0.287395 0.347622 0.055547 0.055176
2 2 0.300526 0.257812 0.340642 0.058122 0.042899
2 2 0.273676 0.296477 0.328163 0.046583 0.055101
2 2 0.252901 0.275759 0.353615 0.062250 0.055474
2 2 0.268651 0.284191 0.342921 0.053239 0.050998
2 2 0.301339 0.292105 0.313186 0.042092 0.051277
2 2 0.248729 0.295171 0.342185 0.053373 0.060542
0 2 0.389461 0.228389 0.252438 0.051317 0.078395
2 2 0.202760 0.306112 0.343976 0.059320 0.087832
2 2 0.204217 0.295091 0.344606 0.064845 0.091241
2 2 0.102521 0.184504 0.462739 0.201906 0.048330
2 2 0.088176 0.151822 0.438001 0.267321 0.054680
2 2 0.092225 0.187129 0.463760 0.204188 0.052698
2 2 0.147388 0.217044 0.431765 0.145756 0.058048
2 2 0.116617 0.204112 0.450903 0.172503 0.055865
2 2 0.201893 0.259662 0.377005 0.089068 0.072373
2 1 0.131649 0.226468 0.438498 0.141879 0.061505
0 2 0.370383 0.182438 0.257292 0.090125 0.099762
2 2 0.120522 0.211432 0.425255 0.166319 0.076472
2 2 0.124563 0.195958 0.425957 0.183709 0.069813
2 2 0.212655 0.294781 0.328714 0.062006 0.101844
2 0 0.262398 0.272726 0.314617 0.061775 0.088484
0 0 0.385985 0.221640 0.263940 0.057044 0.071391
0 0 0.373011 0.240691 0.228597 0.044623 0.113077
2 1 0.192742 0.290832 0.365024 0.070756 0.080645
2 2 0.155768 0.214363 0.427042 0.145132 0.057696
2 1 0.124167 0.216839 0.446196 0.154413 0.058384
2 2 0.193320 0.242163 0.390193 0.105872 0.068453
2 4 0.259137 0.204285 0.305404 0.113000 0.118174
2 2 0.109498 0.230193 0.426673 0.148244 0.085391
2 2 0.067546 0.131770 0.452943 0.308349 0.039392
2 2 0.115439 0.162550 0.439094 0.232779 0.050137
2 2 0.135032 0.195420 0.438976 0.175498 0.055074
2 2 0.120099 0.193474 0.460622 0.180075 0.045730
2 1 0.080110 0.166245 0.471767 0.237595 0.044283
2 1 0.228156 0.274679 0.349910 0.070806 0.076449
2 1 0.233163 0.251936 0.326280 0.083099 0.105522
2 0 0.192580 0.271788 0.373662 0.083179 0.078791
0 0 0.395307 0.223581 0.259778 0.053156 0.068178
2 0 0.236506 0.280426 0.347810 0.064904 0.070355
0 0 0.371597 0.262972 0.245360 0.038065 0.082007
0 0 0.556368 0.184712 0.185868 0.029738 0.043313
0 0 0.626608 0.169299 0.153158 0.019621 0.031314
0 0 0.516544 0.224885 0.200459 0.022327 0.035786
0 0 0.649155 0.131779 0.156827 0.031987 0.030253
0 0 0.460127 0.248200 0.215502 0.025634 0.050537
0 0 0.390133 0.258044 0.254799 0.036978 0.060046
0 1 0.352694 0.279747 0.253628 0.035643 0.078288
2 1 0.236766 0.297969 0.324415 0.054989 0.085862
2 0 0.231147 0.313137 0.334848 0.049268 0.071600
2 0 0.279979 0.266911 0.333716 0.060450 0.058944
2 0 0.236042 0.277199 0.362426 0.066159 0.058174
2 0 0.237385 0.286558 0.361750 0.060048 0.054258
2 0 0.239387 0.269730 0.335581 0.070497 0.084804
2 0 0.205823 0.291254 0.360677 0.066938 0.075309
2 0 0.195362 0.306621 0.360921 0.061079 0.076018
2 0 0.212580 0.276477 0.362700 0.074094 0.074150
2 0 0.274446 0.271430 0.311936 0.059454 0.082734
2 0 0.223597 0.282326 0.350344 0.067397 0.076336
2 0 0.225885 0.270166 0.363260 0.074044 0.066645
0 0 0.313582 0.269343 0.304121 0.050443 0.062511
2 0 0.290559 0.295787 0.310184 0.043358 0.060111
2 0 0.256064 0.309716 0.328015 0.044977 0.061228
2 2 0.257131 0.287024 0.346403 0.054968 0.054474
2 1 0.197366 0.302715 0.357877 0.062697 0.079345
2 2 0.236082 0.286034 0.346442 0.061785 0.069657
2 0 0.237716 0.276798 0.345321 0.066819 0.073346
0 0 0.373023 0.249773 0.280867 0.044886 0.051451
2 1 0.247374 0.273796 0.328355 0.065644 0.084831
2 1 0.187825 0.298703 0.371351 0.067349 0.074771
2 0 0.261993 0.279059 0.323798 0.058797 0.076353
0 1 0.423955 0.211983 0.211873 0.046481 0.105708
2 1 0.182508 0.293518 0.357261 0.071529 0.095184
2 2 0.207160 0.285675 0.339062 0.069096 0.099007
2 0 0.247208 0.283467 0.335743 0.060328 0.073254
2 1 0.303136 0.274768 0.320770 0.049712 0.051615
0 1 0.319966 0.247250 0.319677 0.060509 0.052598
2 1 0.286917 0.262908 0.337468 0.060291 0.052416
2 1 0.236607 0.291588 0.363818 0.057109 0.050878
2 1 0.280275 0.271735 0.341410 0.056748 0.049832
0 1 0.370711 0.271611 0.270248 0.035580 0.051849
0 2 0.412564 0.239220 0.257385 0.040133 0.050698
0 2 0.389276 0.235629 0.284002 0.047391 0.043702
0 2 0.335307 0.275007 0.304775 0.041289 0.043621
2 2 0.311818 0.277755 0.321733 0.045267 0.043427
0 2 0.358979 0.263771 0.296437 0.040547 0.040267
0 2 0.387894 0.247196 0.280540 0.041782 0.042587
0 2 0.360295 0.270783 0.292445 0.037136 0.039342
0 2 0.403823 0.256199 0.267621 0.033794 0.038563
0 0 0.429854 0.228594 0.267289 0.039549 0.034714
0 0 0.405643 0.258623 0.236041 0.032895 0.066799
0 1 0.360272 0.273081 0.261944 0.037258 0.067445
0 1 0.373043 0.260753 0.267701 0.039833 0.058669
0 1 0.426035 0.236483 0.254063 0.037907 0.045512
0 2 0.363245 0.265589 0.264681 0.039868 0.066617
0 2 0.333981 0.252306 0.318250 0.052568 0.042895
0 2 0.323613 0.261754 0.321487 0.050193 0.042954
2 2 0.305652 0.273874 0.326600 0.048775 0.045099
0 1 0.471289 0.189288 0.237972 0.051644 0.049806
0 1 0.375225 0.237012 0.271578 0.051281 0.064905
2 1 0.269112 0.276264 0.310929 0.058043 0.085652
2 1 0.181325 0.293342 0.354111 0.071705 0.099517
2 2 0.230680 0.262372 0.332534 0.077262 0.097152
2 2 0.250474 0.262039 0.306608 0.069705 0.111173
2 1 0.220942 0.267442 0.359888 0.077650 0.074077
2 2 0.251234 0.275996 0.337963 0.063492 0.071315
2 2 0.224291 0.261621 0.383843 0.078380 0.051864
2 2 0.253237 0.262766 0.351983 0.070601 0.061413
0 2 0.432631 0.206223 0.247078 0.052749 0.061320
2 2 0.267585 0.264561 0.340158 0.065465 0.062230
0 2 0.352214 0.266854 0.286671 0.041835 0.052426
2 2 0.305761 0.279288 0.312130 0.047183 0.055638
2 2 0.306466 0.291309 0.308855 0.041370 0.051999
2 2 0.307865 0.273357 0.324719 0.048563 0.045496
2 2 0.289264 0.279442 0.326675 0.050932 0.053687
0 2 0.343401 0.256418 0.299009 0.049051 0.052120
0 1 0.354622 0.249712 0.292863 0.049733 0.053070
2 0 0.286622 0.281185 0.311369 0.051308 0.069515
0 2 0.321738 0.273822 0.282336 0.045883 0.076221
2 2 0.221573 0.288015 0.341021 0.064463 0.084927
2 2 0.204878 0.245571 0.368237 0.099296 0.082018
2 1 0.168267 0.269099 0.405543 0.091515 0.065575
2 2 0.277522 0.203610 0.325216 0.110461 0.083191
2 2 0.157529 0.236119 0.418619 0.123386 0.064347
2 2 0.291516 0.182602 0.298109 0.124981 0.102792
2 1 0.231206 0.237551 0.365415 0.096690 0.069137
2 1 0.247189 0.272846 0.339594 0.066516 0.073856
2 1 0.265742 0.237126 0.331697 0.085318 0.080117
2 2 0.188079 0.251803 0.372857 0.099816 0.087445
2 2 0.211651 0.268374 0.366014 0.079741 0.074220
2 2 0.191582 0.238092 0.406785 0.107950 0.055591
2 2 0.208144 0.256786 0.371856 0.089325 0.073888
2 1 0.247238 0.206114 0.377556 0.117573 0.051519
2 1 0.253225 0.226303 0.348399 0.098769 0.073304
2 1 0.199824 0.261760 0.399524 0.085626 0.053266
2 1 0.282413 0.199221 0.334673 0.113194 0.070499
2 2 0.202661 0.230503 0.373848 0.113597 0.079392
2 2 0.233600 0.207145 0.361672 0.124903 0.072680
2 1 0.195708 0.279267 0.373612 0.077108 0.074305
0 1 0.332251 0.220521 0.295798 0.075227 0.076202
2 2 0.262795 0.258709 0.342279 0.070702 0.065515
2 2 0.256480 0.217014 0.356002 0.105636 0.064867
2 2 0.244503 0.282745 0.341279 0.061416 0.070057
0 2 0.292380 0.289943 0.281019 0.044496 0.092163
2 1 0.264370 0.284628 0.310165 0.054753 0.086084
0 0 0.299313 0.245945 0.260671 0.060731 0.133339
2 0 0.311553 0.241848 0.316380 0.067060 0.063160
2 1 0.224827 0.181167 0.374824 0.157875 0.061307
2 1 0.218675 0.266014 0.368804 0.078965 0.067541
2 0 0.208162 0.272708 0.380813 0.076968 0.061349
2 1 0.120197 0.184757 0.457311 0.192436 0.045299
2 0 0.162725 0.237853 0.431867 0.116258 0.051298
2 0 0.169588 0.246738 0.413436 0.108787 0.061451
2 0 0.200595 0.250399 0.394905 0.095048 0.059053
2 1 0.252758 0.218069 0.342898 0.106079 0.080196
2 2 0.101505 0.224651 0.351747 0.079169 0.242928
2 2 0.148426 0.239253 0.339483 0.088810 0.184028
2 2 0.153710 0.272662 0.350674 0.087623 0.135332
0 1 0.344844 0.245470 0.236603 0.048348 0.124736
4 0 0.192902 0.264095 0.221699 0.050401 0.270902
2 0 0.182337 0.251858 0.362933 0.100812 0.102059
2 1 0.197815 0.241605 0.368604 0.105134 0.086841
0 1 0.377413 0.210974 0.250059 0.064165 0.097388
2 1 0.279600 0.244235 0.324860 0.075576 0.075729
2 1 0.217199 0.257203 0.369782 0.085802 0.070014
2 1 0.192285 0.281476 0.396688 0.074734 0.054818
2 1 0.305857 0.191697 0.334485 0.110739 0.057222
2 0 0.178591 0.289159 0.404137 0.073497 0.054615
2 1 0.249112 0.277029 0.350166 0.063009 0.060684
2 1 0.300081 0.238934 0.341512 0.071044 0.048429
2 0 0.233832 0.281011 0.366565 0.064079 0.054513
0 0 0.449075 0.207975 0.240636 0.046859 0.055455
2 1 0.214799 0.290391 0.358344 0.064972 0.071495
0 1 0.346228 0.264715 0.302329 0.043425 0.043304
2 1 0.301127 0.260209 0.339276 0.056600 0.042788
2 1 0.273639 0.263737 0.361296 0.061040 0.040288
2 2 0.279929 0.255251 0.354510 0.065511 0.044800
2 1 0.259403 0.246807 0.370653 0.077183 0.045954
0 1 0.430385 0.212343 0.266224 0.049073 0.041975
2 0 0.263345 0.263440 0.341863 0.067450 0.063902
2 0 0.275536 0.260576 0.354132 0.063715 0.046040
2 1 0.268754 0.274905 0.346294 0.058206 0.051840
0 1 0.327431 0.259816 0.318907 0.050341 0.043505
0 1 0.334599 0.230660 0.277203 0.065835 0.091702
2 0 0.219793 0.273788 0.376821 0.072510 0.057087
0 0 0.545820 0.163040 0.208406 0.044811 0.037923
0 0 0.525393 0.172189 0.220132 0.045183 0.037103
0 0 0.660420 0.108537 0.142889 0.044272 0.043883
0 0 0.934306 0.028891 0.027350 0.004472 0.004981
0 0 0.680805 0.103702 0.133545 0.040419 0.041529
2 0 0.180650 0.270557 0.348586 0.085686 0.114520
2 0 0.249294 0.253222 0.322606 0.077661 0.097217
2 1 0.126684 0.247122 0.408135 0.125243 0.092816
2 0 0.142705 0.247540 0.399389 0.119383 0.090983
2 1 0.193331 0.287256 0.345882 0.071891 0.101639
2 1 0.172450 0.283034 0.377591 0.081419 0.085505
2 1 0.165210 0.271380 0.395615 0.091628 0.076166
2 1 0.142683 0.262249 0.429536 0.104083 0.061448
2 0 0.195398 0.278029 0.369206 0.078111 0.079256
2 0 0.175063 0.274291 0.393633 0.086375 0.070638
2 1 0.189489 0.280034 0.380316 0.078277 0.071884
2 1 0.196907 0.281185 0.384361 0.074767 0.062780
2 0 0.193525 0.271077 0.385214 0.082967 0.067217
0 1 0.368718 0.230483 0.250520 0.054495 0.095784
2 1 0.143949 0.263508 0.404060 0.104555 0.083928
2 1 0.087428 0.163968 0.432286 0.248626 0.067692
2 1 0.077661 0.165535 0.445530 0.248893 0.062380
2 1 0.129018 0.217056 0.427363 0.155008 0.071555
2 1 0.075442 0.151410 0.431529 0.277130 0.064489
2 1 0.084476 0.177288 0.453885 0.224939 0.059412
2 1 0.097652 0.209931 0.448948 0.175138 0.068332
2 0 0.168063 0.239716 0.374193 0.117157 0.100871
2 1 0.128407 0.227731 0.415588 0.144383 0.083890
2 1 0.114849 0.203432 0.434903 0.177229 0.069587
2 1 0.088258 0.182659 0.442252 0.217605 0.069226
0 2 0.310514 0.263367 0.263416 0.050702 0.112001
2 2 0.185756 0.271114 0.330111 0.081266 0.131753
2 2 0.206417 0.246463 0.330948 0.094704 0.121467
2 2 0.223618 0.283955 0.291167 0.059816 0.141444
2 0 0.149031 0.255948 0.366666 0.107233 0.121122
2 0 0.238820 0.264918 0.326915 0.073073 0.096275
2 1 0.162650 0.239367 0.394787 0.120103 0.083092
2 1 0.216357 0.277426 0.348950 0.072350 0.084917
2 1 0.186041 0.210407 0.351390 0.138712 0.113449
2 0 0.229296 0.261289 0.312581 0.075568 0.121266
0 1 0.409136 0.223433 0.191470 0.038308 0.137651
4 1 0.083347 0.220767 0.321058 0.041797 0.333030
2 1 0.110273 0.258267 0.295504 0.047748 0.288208
4 1 0.107174 0.217934 0.272222 0.049425 0.353245
2 1 0.075518 0.194285 0.355901 0.079516 0.294781
2 0 0.197845 0.279266 0.295080 0.062089 0.165720
1 0 0.227629 0.267006 0.236232 0.050678 0.218454
0 0 0.422541 0.205952 0.210805 0.049580 0.111122
1 0 0.246903 0.296215 0.294302 0.051100 0.111480
2 0 0.195097 0.292056 0.329724 0.062506 0.120617
2 0 0.044890 0.151527 0.386003 0.067264 0.350317
2 0 0.046151 0.155825 0.373840 0.066166 0.358018
2 0 0.121001 0.204544 0.341417 0.157517 0.175521
2 0 0.091954 0.220053 0.427218 0.132537 0.128238
2 0 0.140325 0.254731 0.377533 0.112279 0.115132
2 0 0.204449 0.244159 0.392665 0.099051 0.059676
2 0 0.166937 0.242383 0.413715 0.113943 0.063021
2 0 0.229564 0.246422 0.389650 0.086844 0.047520
2 0 0.213140 0.273017 0.371813 0.075803 0.066227
2 0 0.309483 0.224353 0.334089 0.079274 0.052802
0 0 0.338556 0.265796 0.295572 0.045696 0.054379
0 0 0.357810 0.273409 0.274366 0.037800 0.056614
2 0 0.291295 0.294349 0.302047 0.043922 0.068386
1 0 0.296661 0.299305 0.287650 0.040363 0.076020
0 0 0.318678 0.280147 0.286965 0.043864 0.070346
2 0 0.248316 0.276337 0.331312 0.064033 0.080002
2 0 0.234176 0.287410 0.336511 0.061527 0.080376
2 0 0.195628 0.293881 0.375688 0.067761 0.067043
2 0 0.264390 0.283528 0.326476 0.055777 0.069829
0 0 0.425701 0.227747 0.232912 0.041780 0.071860
2 0 0.161720 0.265272 0.329569 0.089864 0.153575
4 0 0.064757 0.156531 0.251438 0.044253 0.483021
4 0 0.065916 0.170375 0.289423 0.056892 0.417394
2 0 0.078873 0.198328 0.408473 0.154784 0.159542
2 0 0.129451 0.266072 0.365418 0.103230 0.135831
2 0 0.208629 0.252192 0.338726 0.090711 0.109743
2 0 0.128419 0.231207 0.368765 0.133606 0.138002
2 0 0.105873 0.213506 0.418271 0.169643 0.092708
2 0 0.152279 0.265277 0.396471 0.100678 0.085295
2 0 0.181498 0.265428 0.359967 0.090359 0.102750
2 0 0.148315 0.239495 0.404818 0.124663 0.082709
2 0 0.136185 0.237351 0.424266 0.130391 0.071806
2 0 0.118413 0.229031 0.437443 0.145207 0.069906
2 0 0.142084 0.229596 0.426908 0.135293 0.066118
2 0 0.147934 0.220263 0.429125 0.142208 0.060469
4 0 0.025479 0.087937 0.354099 0.112007 0.420478
2 0 0.034141 0.111876 0.380391 0.155516 0.318075
2 0 0.036611 0.118517 0.399128 0.136546 0.309198
2 0 0.030335 0.101827 0.385663 0.150172 0.332003
2 0 0.031141 0.103441 0.378270 0.133509 0.353640
2 0 0.094665 0.213491 0.339904 0.071889 0.280051
2 0 0.214701 0.251851 0.336817 0.075761 0.120870
0 0 0.275419 0.230762 0.247514 0.069240 0.177065
2 0 0.084892 0.209734 0.359744 0.060332 0.285298
2 0 0.083407 0.206607 0.368239 0.069888 0.271860
4 0 0.166821 0.206469 0.254531 0.060866 0.311313
2 0 0.081922 0.203358 0.381681 0.120169 0.212871
2 0 0.042511 0.143098 0.413500 0.137005 0.263886
2 0 0.048016 0.159855 0.396288 0.104884 0.290957
2 0 0.040869 0.140137 0.425416 0.144772 0.248805
2 0 0.061901 0.153623 0.414834 0.242548 0.127093
2 0 0.051885 0.151724 0.450694 0.212902 0.132795
2 1 0.073363 0.158654 0.370166 0.261053 0.136765
2 1 0.053100 0.148294 0.447746 0.219552 0.131308
2 0 0.071094 0.161924 0.385476 0.259372 0.122134
0 0 0.551804 0.168331 0.185720 0.039293 0.054852
0 0 0.610985 0.161223 0.140499 0.024711 0.062581
0 4 0.481667 0.227691 0.189373 0.027211 0.074058
0 4 0.448838 0.249139 0.194223 0.025569 0.082231
0 4 0.414160 0.264854 0.207753 0.026980 0.086254
2 4 0.226302 0.243662 0.373736 0.092744 0.063556
2 4 0.150252 0.245261 0.417001 0.117768 0.069717
2 4 0.174084 0.230673 0.407903 0.122799 0.064540
2 4 0.122717 0.217203 0.439862 0.156094 0.064124
2 4 0.102327 0.203082 0.456071 0.179897 0.058622
2 4 0.110041 0.206353 0.436121 0.176020 0.071465
2 4 0.111021 0.193096 0.428957 0.193591 0.073335
2 4 0.169531 0.255282 0.387836 0.103493 0.083858
2 4 0.093270 0.179661 0.437351 0.220338 0.069380
2 4 0.070387 0.165123 0.452751 0.246351 0.065388
2 4 0.088449 0.176455 0.437891 0.227733 0.069472
2 4 0.126420 0.233063 0.417887 0.139524 0.083106
2 4 0.122358 0.229985 0.430054 0.143430 0.074173
2 4 0.205863 0.270449 0.359154 0.080113 0.084420
2 4 0.131596 0.212168 0.414876 0.161210 0.080150
2 4 0.259305 0.274933 0.303175 0.060163 0.102425
2 4 0.215280 0.295344 0.323606 0.060685 0.105084
0 0 0.290695 0.267160 0.288229 0.056068 0.097847
0 4 0.410849 0.220705 0.185399 0.037492 0.145554
2 4 0.137804 0.222685 0.343866 0.102515 0.193130
2 4 0.057858 0.174151 0.482679 0.178114 0.107198
2 4 0.150730 0.233960 0.365880 0.126866 0.122564
2 4 0.082236 0.181439 0.451422 0.206732 0.078171
2 4 0.095303 0.217476 0.449326 0.164401 0.073493
2 4 0.137180 0.225586 0.418675 0.142867 0.075692
0 2 0.318721 0.246778 0.287773 0.060998 0.085730
2 4 0.239623 0.261512 0.354326 0.075856 0.068683
0 4 0.338534 0.239010 0.299711 0.060755 0.061991
2 4 0.241337 0.276962 0.360356 0.064724 0.056621
2 4 0.205214 0.289747 0.366967 0.067835 0.070237
2 2 0.256603 0.235491 0.378934 0.085675 0.043298
2 2 0.276943 0.273339 0.347565 0.056130 0.046023
2 2 0.287127 0.270349 0.341624 0.055155 0.045745
2 1 0.236470 0.281427 0.351605 0.064184 0.066314
2 2 0.227790 0.279000 0.381038 0.065436 0.046736
0 2 0.393411 0.253772 0.259717 0.038115 0.054985
0 1 0.383547 0.257452 0.278974 0.038053 0.041974
0 1 0.430528 0.232504 0.260458 0.038075 0.038436
0 1 0.536060 0.136741 0.158362 0.056633 0.112204
0 2 0.398902 0.193111 0.260884 0.073283 0.073820
2 2 0.210506 0.233331 0.364696 0.108346 0.083121
2 2 0.245386 0.267126 0.348935 0.070587 0.067967
2 2 0.194688 0.231391 0.382470 0.116012 0.075439
2 2 0.231771 0.273221 0.358795 0.070424 0.065790
2 2 0.250104 0.282376 0.332800 0.060163 0.074557
2 1 0.274156 0.264592 0.325823 0.063906 0.071523
2 2 0.263034 0.298303 0.299785 0.047928 0.090951
2 2 0.249280 0.294772 0.322450 0.053678 0.079820
2 2 0.260864 0.297907 0.331778 0.049174 0.060276
0 2 0.351172 0.252159 0.288255 0.049566 0.058849
2 0 0.249487 0.303513 0.327034 0.049476 0.070490
0 0 0.348211 0.229578 0.299165 0.063810 0.059235
0 1 0.382235 0.210823 0.166179 0.037331 0.203431
1 1 0.277054 0.280347 0.253126 0.046226 0.143247
0 1 0.320667 0.275057 0.264305 0.043988 0.095984
2 4 0.261642 0.256591 0.353439 0.071716 0.056612
2 1 0.213552 0.245893 0.384207 0.095128 0.061219
0 1 0.369464 0.227389 0.204130 0.044715 0.154302
2 2 0.200394 0.274339 0.384288 0.078235 0.062744
2 4 0.198569 0.237892 0.406375 0.105115 0.052049
2 4 0.187516 0.281007 0.325022 0.074320 0.132135
0 4 0.289482 0.270607 0.232918 0.043860 0.163133
1 4 0.249607 0.287976 0.242410 0.043800 0.176207
1 4 0.160842 0.266906 0.254449 0.063759 0.254044
2 4 0.092191 0.226741 0.382064 0.105634 0.193370
2 4 0.262658 0.211725 0.290056 0.100872 0.134689
2 4 0.123668 0.248408 0.407591 0.125190 0.095144
2 4 0.198687 0.223600 0.318430 0.113503 0.145779
2 4 0.202059 0.223343 0.369768 0.121064 0.083766
2 4 0.173815 0.233467 0.386876 0.121693 0.084149
2 4 0.249923 0.294983 0.320352 0.053356 0.081386
0 0 0.302704 0.250631 0.298272 0.063546 0.084848
0 0 0.541404 0.133810 0.204065 0.070095 0.050626
0 1 0.566590 0.158982 0.125441 0.027059 0.121928
2 0 0.141283 0.257507 0.391244 0.110631 0.099334
3 1 0.040085 0.098921 0.378139 0.420039 0.062815
2 1 0.106197 0.197627 0.413735 0.191427 0.091014
2 1 0.044473 0.126359 0.425498 0.343655 0.060016
2 2 0.048839 0.125971 0.415884 0.344506 0.064801
2 2 0.084108 0.161075 0.417511 0.258520 0.078785
2 4 0.199129 0.153940 0.363625 0.212232 0.071075
2 4 0.136150 0.189425 0.430875 0.185523 0.058027
2 4 0.199023 0.157703 0.379410 0.204931 0.058933
2 2 0.262127 0.211071 0.371670 0.106634 0.048499
2 2 0.180319 0.238226 0.406009 0.113440 0.062006
2 2 0.225049 0.201705 0.386215 0.132336 0.054694
2 2 0.204153 0.179837 0.407689 0.164108 0.044212
2 2 0.294004 0.215002 0.365882 0.088172 0.036940
2 2 0.230440 0.249713 0.387874 0.084323 0.047651
0 2 0.393895 0.200558 0.278275 0.069410 0.057862
2 2 0.229143 0.165460 0.407825 0.165439 0.032132
2 2 0.147834 0.199319 0.454673 0.158731 0.039444
2 2 0.267916 0.188798 0.380099 0.124228 0.038960
0 2 0.403690 0.153920 0.290813 0.108404 0.043173
2 2 0.237228 0.185684 0.404117 0.137905 0.035066
2 2 0.293285 0.270845 0.329690 0.054196 0.051983
0 2 0.409608 0.218425 0.288252 0.049844 0.033872
0 2 0.416202 0.216100 0.284493 0.049396 0.033809
0 2 0.427490 0.206267 0.285013 0.051116 0.030114
0 2 0.453850 0.194671 0.264335 0.052048 0.035096
0 2 0.380202 0.229138 0.300140 0.052490 0.038030
0 2 0.344849 0.250670 0.305070 0.051358 0.048053
2 3 0.303344 0.214197 0.340811 0.089867 0.051780
0 3 0.379104 0.234298 0.291047 0.050916 0.044634
0 3 0.418404 0.208217 0.277972 0.054908 0.040498
2 3 0.294507 0.191068 0.363545 0.111496 0.039384
2 3 0.306870 0.216854 0.352319 0.083603 0.040354
0 3 0.361538 0.229831 0.310241 0.057739 0.040651
0 3 0.366442 0.201847 0.322450 0.074196 0.035065
2 3 0.278540 0.216442 0.372159 0.093160 0.039699
0 3 0.456450 0.205296 0.267184 0.043284 0.027787
0 3 0.480769 0.204438 0.244317 0.038517 0.031960
0 0 0.553273 0.170663 0.214028 0.036315 0.025720
0 1 0.807931 0.069996 0.076526 0.019459 0.026089
0 1 0.347665 0.259332 0.287600 0.046766 0.058637
2 0 0.274707 0.220865 0.372404 0.090780 0.041244
0 0 0.906621 0.038938 0.038592 0.007264 0.008584
2 0 0.252759 0.226831 0.354446 0.098018 0.067946
0 0 0.392716 0.141049 0.321924 0.119730 0.024581
2 0 0.285500 0.232470 0.345802 0.081198 0.055030
2 0 0.101019 0.177124 0.439061 0.220005 0.062790
2 0 0.056920 0.129218 0.430533 0.329498 0.053831
2 0 0.145458 0.203048 0.414784 0.165760 0.070949
2 0 0.062295 0.135643 0.440032 0.311023 0.051007
2 0 0.052800 0.123122 0.429527 0.344102 0.050450
2 0 0.226572 0.270991 0.341139 0.073540 0.087758
2 0 0.183098 0.284637 0.381577 0.059099 0.091590
2 0 0.241174 0.295520 0.335840 0.055427 0.072040
2 0 0.234441 0.294479 0.346486 0.052657 0.071936
2 0 0.265463 0.263999 0.309212 0.065571 0.095756
4 0 0.260155 0.227526 0.112601 0.017992 0.381726
2 0 0.184331 0.283859 0.292163 0.065409 0.174238
2 0 0.183362 0.282570 0.300723 0.068402 0.164943
2 1 0.171462 0.271645 0.313175 0.079673 0.164045
2 1 0.102744 0.234904 0.324005 0.054461 0.283886
4 1 0.071622 0.177383 0.136554 0.012159 0.602282
4 1 0.105006 0.213569 0.197557 0.021297 0.462571
4 1 0.061213 0.151334 0.134762 0.011365 0.641326
4 1 0.079836 0.178775 0.180883 0.027005 0.533502
4 1 0.177829 0.206244 0.171705 0.033836 0.410385
1 0 0.262937 0.334124 0.237094 0.028464 0.137381
0 0 0.397825 0.230126 0.153987 0.026310 0.191752
4 0 0.237259 0.254067 0.143744 0.023731 0.341200
4 1 0.155798 0.246142 0.166136 0.022341 0.409583
4 1 0.140310 0.209120 0.196256 0.027829 0.426485
4 0 0.048323 0.133235 0.159198 0.011884 0.647361
4 0 0.102185 0.205159 0.144248 0.018075 0.530332
4 0 0.070533 0.158483 0.174331 0.018328 0.578325
4 1 0.050164 0.135924 0.153036 0.012038 0.648837
4 1 0.113797 0.190718 0.124636 0.018261 0.552589
4 1 0.248989 0.203173 0.156870 0.032163 0.358806
4 1 0.225908 0.220491 0.175970 0.039527 0.338104
0 1 0.649721 0.123581 0.117556 0.030256 0.078887
0 1 0.621683 0.139883 0.115050 0.025528 0.097856
0 1 0.336076 0.187724 0.182867 0.043874 0.249459
0 0 0.453715 0.210695 0.185325 0.036498 0.113768
0 1 0.545075 0.202835 0.122492 0.015963 0.113636
0 0 0.403448 0.226159 0.147097 0.024977 0.198320
0 0 0.469320 0.188416 0.143555 0.030775 0.167933
0 4 0.636522 0.111704 0.134789 0.046381 0.070604
4 4 0.073049 0.162949 0.130508 0.012700 0.620794
4 4 0.302637 0.203617 0.153258 0.029246 0.311242
4 4 0.101386 0.183433 0.126438 0.015200 0.573542
4 4 0.081062 0.170437 0.126070 0.011738 0.610693
4 4 0.093374 0.179199 0.124159 0.010836 0.592432
4 0 0.161985 0.199721 0.142162 0.029210 0.466921
4 0 0.290635 0.223198 0.165948 0.026581 0.293637
4 1 0.267811 0.223964 0.118752 0.020534 0.368939
4 0 0.162823 0.202410 0.137678 0.022537 0.474551
4 4 0.309372 0.221842 0.119907 0.020469 0.328410
4 1 0.243790 0.205158 0.155326 0.022155 0.373572
4 1 0.103644 0.178198 0.143283 0.020703 0.554172
4 1 0.254578 0.206770 0.150933 0.027167 0.360552
4 0 0.312736 0.218280 0.125836 0.020819 0.322329
4 1 0.230904 0.208326 0.146244 0.025921 0.388605
4 1 0.135637 0.234121 0.200285 0.037320 0.392637
4 1 0.230775 0.232327 0.144479 0.028972 0.363447
4 0 0.182069 0.246975 0.142794 0.025932 0.402229
0 1 0.311571 0.263526 0.129222 0.016398 0.279284
0 1 0.348232 0.222503 0.170153 0.036908 0.222204
4 1 0.027517 0.111685 0.151478 0.009516 0.699804
4 0 0.058504 0.155010 0.172979 0.014622 0.598885
4 0 0.085505 0.172445 0.129669 0.014592 0.597790
4 1 0.085734 0.172172 0.130848 0.014839 0.596408
4 1 0.041422 0.130862 0.129932 0.007654 0.690130
4 0 0.084658 0.191756 0.161011 0.017460 0.545115
4 0 0.234555 0.228092 0.127334 0.020395 0.389624
4 1 0.214767 0.208831 0.142874 0.023930 0.409598
4 1 0.056636 0.143915 0.145129 0.011916 0.642403
0 4 0.445768 0.228909 0.131886 0.018274 0.175163
4 0 0.021728 0.100575 0.178677 0.013396 0.685625
4 0 0.095655 0.207965 0.152404 0.017655 0.526321
4 1 0.150051 0.188162 0.167925 0.027274 0.466588
4 0 0.052987 0.136899 0.167474 0.015809 0.626830
4 0 0.067481 0.177568 0.228705 0.029221 0.497025
2 0 0.151472 0.259631 0.361430 0.089539 0.137927
2 0 0.156359 0.264745 0.364910 0.098083 0.115903
2 0 0.240374 0.253563 0.295641 0.074817 0.135605
2 0 0.198015 0.271094 0.350976 0.081357 0.098558
0 0 0.343848 0.215021 0.282696 0.074787 0.083648
2 0 0.059510 0.157227 0.376973 0.191093 0.215197
2 0 0.039184 0.143518 0.424389 0.141051 0.251858
2 0 0.036627 0.129074 0.429347 0.209746 0.195207
2 0 0.061103 0.169727 0.405853 0.242974 0.120344
2 0 0.076239 0.189071 0.386401 0.183743 0.164545
2 0 0.095077 0.197741 0.418954 0.195098 0.093129
2 0 0.074684 0.174993 0.438213 0.236965 0.075145
2 0 0.073447 0.169612 0.438048 0.246301 0.072592
2 0 0.109205 0.209334 0.422401 0.173917 0.085142
2 0 0.062165 0.151625 0.423902 0.285386 0.076922
2 0 0.190907 0.287190 0.361426 0.073463 0.087014
2 0 0.200293 0.288781 0.352487 0.069840 0.088599
2 0 0.175069 0.265714 0.390223 0.093312 0.075681
2 0 0.218305 0.266985 0.348166 0.078652 0.087891
2 0 0.197540 0.276467 0.351120 0.078206 0.096667
2 0 0.197459 0.263371 0.352793 0.086995 0.099382
2 0 0.207768 0.261098 0.270503 0.068127 0.192504
2 0 0.071105 0.204252 0.417336 0.087912 0.219395
2 0 0.129177 0.238471 0.399285 0.133069 0.099998
2 0 0.207750 0.281661 0.364835 0.072162 0.073592
2 0 0.179736 0.283456 0.293294 0.066638 0.176875
0 0 0.255504 0.255346 0.215538 0.047451 0.226162
4 0 0.088908 0.201008 0.218942 0.034217 0.456926
4 0 0.055235 0.170117 0.322030 0.070094 0.382525
2 0 0.048721 0.162385 0.412064 0.141765 0.235065
2 0 0.103177 0.241459 0.367610 0.117797 0.169957
2 0 0.107867 0.230944 0.400857 0.141030 0.119301
2 0 0.145206 0.249823 0.371724 0.114798 0.118449
2 0 0.138894 0.263705 0.349197 0.100340 0.147864
2 0 0.150579 0.228138 0.335394 0.123294 0.162595
2 0 0.119964 0.216168 0.358864 0.153200 0.151805
2 1 0.151450 0.237660 0.303790 0.104645 0.202455
2 1 0.035395 0.130246 0.414857 0.172424 0.247078
2 1 0.034469 0.125760 0.436050 0.221045 0.182677
2 1 0.042766 0.127950 0.417847 0.294924 0.116513
2 1 0.059050 0.152329 0.386152 0.268995 0.133474
2 1 0.069077 0.173624 0.391196 0.214718 0.151384
2 1 0.063488 0.172557 0.388656 0.206541 0.168758
4 1 0.023452 0.101713 0.303867 0.068982 0.501985
2 1 0.040318 0.137234 0.376035 0.128308 0.318105
4 1 0.041481 0.157774 0.325514 0.059049 0.416182
4 1 0.050669 0.177532 0.330949 0.070061 0.370789
2 1 0.110362 0.243850 0.294596 0.071192 0.279999
4 0 0.104650 0.223239 0.288918 0.079254 0.303940
0 0 0.282124 0.247586 0.234707 0.053809 0.181773
2 0 0.054218 0.170774 0.373932 0.075614 0.325462
4 1 0.066138 0.164253 0.293605 0.065656 0.410348
4 1 0.031535 0.120865 0.331467 0.073675 0.442458
2 0 0.046376 0.163600 0.402752 0.107459 0.279812
2 1 0.202288 0.234444 0.283960 0.059280 0.220027
2 1 0.031534 0.116971 0.371185 0.127719 0.352592
