0 0 0.555259 0.152394 0.223030 0.042507 0.026810
0 0 0.410442 0.179797 0.312279 0.047287 0.050194
0 0 0.506804 0.170641 0.225762 0.041375 0.055419
2 0 0.233319 0.186642 0.466096 0.081805 0.032137
0 0 0.549482 0.164669 0.190374 0.040177 0.055299
2 0 0.185225 0.187129 0.503861 0.088467 0.035318
0 1 0.444980 0.182284 0.264537 0.047761 0.060438
2 1 0.204335 0.194743 0.471872 0.074328 0.054722
2 1 0.247708 0.192145 0.442677 0.075883 0.041586
0 1 0.496538 0.178133 0.218109 0.049635 0.057585
0 4 0.441387 0.175520 0.292649 0.052818 0.037626
2 1 0.186388 0.183414 0.506348 0.096080 0.027770
2 1 0.232186 0.184897 0.470345 0.082041 0.030531
2 4 0.234443 0.193482 0.450709 0.072621 0.048744
2 4 0.265314 0.190858 0.428286 0.058128 0.057414
0 4 0.394411 0.195395 0.277056 0.054918 0.078220
2 4 0.240108 0.203768 0.416378 0.078262 0.061485
0 4 0.394577 0.191091 0.275482 0.044742 0.094108
2 4 0.202260 0.208971 0.419781 0.074425 0.094563
2 4 0.152550 0.211051 0.385902 0.069383 0.181114
2 4 0.113684 0.203693 0.412641 0.070131 0.199851
2 4 0.282758 0.195821 0.293159 0.039138 0.189124
2 4 0.154832 0.201394 0.410095 0.055654 0.178024
2 4 0.128130 0.210938 0.382051 0.076179 0.202702
2 4 0.266910 0.191924 0.347737 0.036925 0.156505
2 4 0.161701 0.207764 0.380425 0.061841 0.188269
2 4 0.134166 0.203256 0.395198 0.061553 0.205826
0 4 0.336217 0.192090 0.260993 0.037290 0.173409
2 4 0.111205 0.195168 0.356130 0.056696 0.280801
2 4 0.179031 0.208692 0.347419 0.058842 0.206016
2 4 0.132800 0.206267 0.377549 0.065601 0.217782
2 4 0.186408 0.208482 0.374471 0.059908 0.170732
0 4 0.436690 0.186542 0.247451 0.045531 0.083786
2 4 0.316164 0.200209 0.336443 0.054486 0.092699
0 4 0.359640 0.192834 0.319701 0.049447 0.078378
0 1 0.517349 0.174053 0.205309 0.047261 0.056028
2 1 0.222473 0.194769 0.457562 0.073165 0.052030
0 1 0.550644 0.166609 0.186388 0.044216 0.052143
0 1 0.347056 0.203134 0.306434 0.060950 0.082425
2 1 0.204498 0.187981 0.486380 0.087626 0.033515
2 2 0.215836 0.200881 0.442710 0.095230 0.045343
2 2 0.166484 0.183048 0.516130 0.108359 0.025980
2 2 0.140788 0.175402 0.528726 0.129889 0.025195
2 2 0.135164 0.179587 0.537719 0.123323 0.024207
2 2 0.147351 0.173720 0.524892 0.120294 0.033743
2 2 0.146550 0.164766 0.492952 0.170788 0.024944
2 3 0.126449 0.152035 0.562070 0.140691 0.018754
2 3 0.119904 0.160576 0.555340 0.145302 0.018878
2 3 0.138094 0.156435 0.493017 0.186153 0.026300
2 3 0.118615 0.144609 0.478757 0.235784 0.022235
2 3 0.145964 0.183180 0.502170 0.138186 0.030500
2 3 0.092334 0.140473 0.512297 0.229473 0.025423
2 3 0.113904 0.145412 0.512915 0.200399 0.027371
2 3 0.107298 0.154182 0.478967 0.235420 0.024132
2 3 0.089441 0.140407 0.528348 0.219150 0.022654
2 3 0.071318 0.121614 0.539831 0.248415 0.018822
2 3 0.064127 0.107460 0.496839 0.314648 0.016926
2 3 0.064168 0.126919 0.528666 0.260695 0.019553
2 3 0.073418 0.134155 0.514497 0.259683 0.018247
2 3 0.063378 0.122231 0.554568 0.242438 0.017384
2 3 0.097931 0.147157 0.496783 0.238490 0.019639
2 3 0.208060 0.172479 0.421155 0.166781 0.031525
0 3 0.448378 0.168816 0.300898 0.054604 0.027304
2 3 0.091066 0.134436 0.645114 0.117707 0.011678
2 3 0.153918 0.179693 0.522552 0.120667 0.023170
2 3 0.079885 0.121288 0.576658 0.208907 0.013262
2 3 0.133884 0.152419 0.550748 0.145460 0.017490
2 3 0.063639 0.107628 0.631711 0.186041 0.010982
2 3 0.087615 0.120757 0.546439 0.230927 0.014262
2 3 0.062736 0.098359 0.594730 0.233923 0.010252
2 3 0.064450 0.098375 0.578401 0.247362 0.011412
2 3 0.075569 0.105538 0.564084 0.243714 0.011094
2 3 0.096808 0.125414 0.590397 0.174451 0.012930
2 3 0.110128 0.148805 0.543838 0.181307 0.015922
2 3 0.080974 0.112060 0.606932 0.188572 0.011463
2 3 0.075304 0.106822 0.585369 0.221681 0.010824
2 3 0.100152 0.129475 0.560355 0.196896 0.013121
2 3 0.060854 0.098088 0.581423 0.249392 0.010242
2 3 0.070918 0.109761 0.552237 0.255141 0.011942
2 3 0.081355 0.121175 0.551373 0.232535 0.013562
2 3 0.073235 0.115709 0.588831 0.210137 0.012088
2 3 0.106451 0.134324 0.581187 0.165170 0.012868
2 3 0.063037 0.104976 0.581199 0.239368 0.011420
2 3 0.089836 0.121643 0.603280 0.173636 0.011605
2 3 0.066917 0.092930 0.571576 0.258317 0.010260
2 3 0.063458 0.101579 0.572120 0.252014 0.010829
2 3 0.071199 0.106808 0.496013 0.310813 0.015166
2 3 0.058880 0.091104 0.567120 0.273111 0.009785
2 3 0.098355 0.120841 0.582218 0.185710 0.012876
2 3 0.090536 0.145239 0.546755 0.199629 0.017841
2 3 0.099063 0.150910 0.481076 0.245253 0.023698
2 3 0.079972 0.137491 0.489953 0.272743 0.019841
2 3 0.064794 0.115285 0.488278 0.313708 0.017935
2 3 0.202906 0.197915 0.422996 0.145553 0.030630
2 3 0.075832 0.133326 0.478511 0.290709 0.021622
2 3 0.077677 0.132924 0.496622 0.274080 0.018696
2 3 0.095082 0.150633 0.497303 0.235581 0.021402
2 3 0.109844 0.156828 0.555246 0.160861 0.017221
2 3 0.107994 0.158632 0.493258 0.218788 0.021327
2 3 0.107234 0.168477 0.483186 0.218128 0.022975
2 3 0.077047 0.137385 0.552908 0.216573 0.016088
2 3 0.075831 0.137696 0.480107 0.284594 0.021772
2 3 0.102656 0.158732 0.490892 0.224552 0.023168
2 3 0.089882 0.142101 0.490578 0.256972 0.020466
2 3 0.144635 0.171706 0.518148 0.143942 0.021569
2 3 0.078041 0.140898 0.504562 0.255580 0.020919
2 3 0.097449 0.154202 0.494693 0.231918 0.021737
2 3 0.064076 0.118724 0.503496 0.296372 0.017332
2 3 0.102431 0.162882 0.513229 0.200364 0.021094
2 3 0.072907 0.129605 0.494100 0.285236 0.018152
2 3 0.100648 0.156271 0.486111 0.235021 0.021949
2 3 0.089065 0.159480 0.504969 0.224771 0.021715
2 3 0.090336 0.146913 0.511984 0.229722 0.021045
2 3 0.064043 0.122401 0.471885 0.320388 0.021282
2 3 0.109002 0.168468 0.476764 0.221251 0.024516
2 3 0.067655 0.133770 0.474620 0.301789 0.022166
2 3 0.132793 0.189914 0.481286 0.167285 0.028722
2 3 0.064158 0.132519 0.458876 0.319154 0.025293
2 3 0.057971 0.123499 0.459133 0.336048 0.023350
2 3 0.086300 0.154263 0.467451 0.265435 0.026551
2 3 0.085947 0.144909 0.459949 0.281632 0.027563
2 3 0.110237 0.175767 0.470218 0.213700 0.030078
2 3 0.137006 0.201878 0.463129 0.158976 0.039012
0 3 0.440630 0.181517 0.257400 0.040842 0.079610
2 3 0.053698 0.103716 0.562499 0.265490 0.014596
2 3 0.053024 0.111584 0.619072 0.203879 0.012442
0 3 0.551050 0.158026 0.213138 0.041189 0.036596
0 3 0.358898 0.187909 0.346461 0.071803 0.034929
2 3 0.048380 0.102812 0.599331 0.237091 0.012386
2 3 0.070337 0.110439 0.531648 0.273577 0.013999
2 3 0.046905 0.090987 0.521074 0.326998 0.014036
2 3 0.136962 0.151807 0.522657 0.162802 0.025772
2 3 0.059204 0.112068 0.599766 0.215115 0.013846
2 3 0.037995 0.092415 0.670810 0.188750 0.010031
2 3 0.039235 0.094703 0.576008 0.276508 0.013546
2 3 0.098082 0.172552 0.576493 0.118330 0.034543
2 3 0.043759 0.137425 0.584863 0.192498 0.041455
2 3 0.104700 0.199676 0.426204 0.068507 0.200913
2 3 0.041785 0.141132 0.438260 0.113739 0.265084
2 3 0.065505 0.169728 0.375684 0.072913 0.316171
2 2 0.034426 0.126922 0.458829 0.121700 0.258122
4 2 0.076634 0.173205 0.314911 0.047343 0.387907
4 2 0.060174 0.161448 0.344183 0.041716 0.392478
2 2 0.045157 0.146032 0.425020 0.091273 0.292517
4 2 0.072687 0.163456 0.305086 0.039482 0.419290
4 2 0.205809 0.188928 0.223232 0.040294 0.341737
2 2 0.062127 0.164723 0.373044 0.068180 0.331926
2 1 0.026897 0.116412 0.505149 0.143695 0.207847
4 1 0.072219 0.158226 0.276494 0.037028 0.456033
4 1 0.058439 0.142291 0.303192 0.041951 0.454127
2 1 0.203238 0.195753 0.290901 0.041827 0.268280
4 2 0.073654 0.179187 0.344887 0.054482 0.347789
2 2 0.050485 0.166682 0.447396 0.093335 0.242101
2 2 0.061902 0.171850 0.374404 0.051396 0.340449
2 2 0.252628 0.214779 0.327679 0.074030 0.130884
2 2 0.275268 0.178363 0.443526 0.080176 0.022667
2 2 0.068772 0.114424 0.676574 0.130342 0.009888
2 2 0.083772 0.128842 0.629310 0.145519 0.012558
2 2 0.045414 0.091092 0.608153 0.245084 0.010257
2 2 0.041991 0.079652 0.630789 0.239616 0.007952
2 2 0.224063 0.137623 0.427928 0.184246 0.026140
2 2 0.098784 0.137122 0.609513 0.141971 0.012611
0 2 0.399640 0.176105 0.333018 0.064112 0.027125
0 2 0.477507 0.161028 0.287224 0.050880 0.023361
0 2 0.628335 0.138927 0.169070 0.031615 0.032053
2 2 0.114300 0.143896 0.641305 0.088488 0.012011
2 2 0.084085 0.142130 0.622757 0.136174 0.014854
2 2 0.071617 0.123095 0.611874 0.179975 0.013439
2 2 0.155101 0.162429 0.570767 0.095762 0.015940
2 2 0.087399 0.134199 0.605850 0.159854 0.012697
2 2 0.073282 0.119510 0.612577 0.182454 0.012177
2 2 0.046043 0.084938 0.526824 0.331257 0.010938
2 2 0.239375 0.176771 0.455698 0.105287 0.022870
2 2 0.302395 0.182254 0.409078 0.081791 0.024482
2 2 0.253386 0.182241 0.458198 0.077876 0.028300
2 2 0.276622 0.189666 0.415955 0.088256 0.029502
2 2 0.082956 0.140015 0.639498 0.123075 0.014456
2 2 0.144158 0.165434 0.563919 0.106681 0.019808
2 2 0.077349 0.145231 0.597438 0.162836 0.017147
2 2 0.096091 0.143783 0.565148 0.176081 0.018896
2 1 0.277309 0.191660 0.407878 0.093913 0.029239
0 1 0.402204 0.172165 0.314608 0.080656 0.030367
2 1 0.342134 0.188354 0.356833 0.083504 0.029174
2 1 0.291818 0.186455 0.406606 0.089560 0.025561
2 1 0.206748 0.161838 0.526831 0.087331 0.017252
2 1 0.110133 0.143712 0.623560 0.110924 0.011671
2 1 0.099729 0.131676 0.636902 0.120748 0.010945
2 2 0.062179 0.109715 0.587665 0.229098 0.011342
2 2 0.208572 0.180583 0.477843 0.114125 0.018876
2 2 0.257440 0.183433 0.450492 0.081218 0.027417
2 2 0.108480 0.145273 0.626589 0.106778 0.012880
2 2 0.175350 0.175959 0.515504 0.114817 0.018371
2 1 0.167075 0.168405 0.557222 0.086032 0.021265
0 1 0.373461 0.179985 0.338032 0.077576 0.030944
0 1 0.429910 0.174778 0.306933 0.053317 0.035062
2 1 0.156032 0.176044 0.547189 0.094381 0.026354
0 1 0.394209 0.187524 0.310876 0.069308 0.038083
0 1 0.409145 0.166581 0.340297 0.065188 0.018789
2 1 0.112390 0.167566 0.548622 0.150124 0.021297
2 1 0.165343 0.187160 0.519188 0.087489 0.040820
2 1 0.184088 0.164618 0.545610 0.089647 0.016037
2 1 0.279201 0.183191 0.424608 0.089872 0.023129
0 1 0.398584 0.195849 0.282782 0.069230 0.053555
2 1 0.094703 0.166848 0.596628 0.116921 0.024899
2 1 0.140382 0.189510 0.527031 0.098068 0.045009
2 1 0.289220 0.207394 0.359078 0.079880 0.064428
2 1 0.099862 0.173819 0.562885 0.139380 0.024055
2 2 0.061415 0.155031 0.641126 0.114332 0.028096
2 2 0.185497 0.188682 0.500244 0.085258 0.040319
2 2 0.320385 0.179586 0.406692 0.057769 0.035568
2 2 0.186877 0.169036 0.543791 0.077930 0.022365
2 2 0.160479 0.169949 0.551834 0.098300 0.019438
2 2 0.237098 0.185708 0.456056 0.095957 0.025181
2 2 0.213504 0.173840 0.501858 0.091671 0.019127
2 2 0.176743 0.171283 0.543843 0.086180 0.021951
2 2 0.241549 0.199421 0.418264 0.105886 0.034880
2 2 0.242861 0.184262 0.467028 0.067967 0.037882
0 2 0.590282 0.149879 0.183004 0.032830 0.044004
2 2 0.216879 0.197528 0.450160 0.093465 0.041968
2 2 0.112222 0.164327 0.588108 0.116667 0.018676
2 1 0.194701 0.211679 0.424127 0.101596 0.067896
2 1 0.142665 0.165248 0.571045 0.103749 0.017292
2 1 0.155991 0.193186 0.481261 0.141244 0.028319
2 1 0.264520 0.193625 0.422318 0.078507 0.041030
2 1 0.282885 0.172095 0.391008 0.125365 0.028646
2 1 0.273422 0.180021 0.441111 0.081932 0.023514
2 1 0.118499 0.168029 0.560172 0.136620 0.016680
2 1 0.234122 0.193245 0.449382 0.080202 0.043049
2 1 0.084867 0.145596 0.557827 0.194350 0.017360
2 2 0.065466 0.130005 0.583274 0.204570 0.016685
2 2 0.112026 0.179756 0.553514 0.125206 0.029499
2 2 0.073411 0.129600 0.532845 0.249094 0.015050
2 2 0.107970 0.148570 0.513817 0.210139 0.019503
2 2 0.256815 0.176785 0.421553 0.122122 0.022726
0 2 0.515088 0.166101 0.234808 0.048831 0.035172
2 1 0.099090 0.159857 0.596960 0.127771 0.016323
0 1 0.381874 0.174746 0.355773 0.058426 0.029180
0 1 0.408258 0.174666 0.329853 0.056891 0.030331
0 1 0.409641 0.180636 0.309753 0.071514 0.028456
0 1 0.562313 0.157977 0.200205 0.042250 0.037256
2 1 0.232072 0.173244 0.494511 0.078351 0.021823
2 1 0.121936 0.155372 0.608464 0.099153 0.015074
2 1 0.218178 0.188132 0.469490 0.095046 0.029154
0 1 0.448940 0.180583 0.259564 0.044190 0.066722
2 1 0.242922 0.180335 0.465716 0.087999 0.023027
2 1 0.065856 0.132032 0.632077 0.156693 0.013343
2 1 0.082680 0.142746 0.595523 0.163456 0.015595
2 1 0.042884 0.092043 0.656761 0.199373 0.008938
2 1 0.079956 0.145164 0.611467 0.147574 0.015839
2 1 0.109918 0.158447 0.517160 0.196390 0.018085
2 1 0.095919 0.153634 0.507458 0.222613 0.020376
2 1 0.070645 0.134120 0.522308 0.254460 0.018466
2 2 0.259632 0.196762 0.410618 0.100012 0.032976
2 2 0.105867 0.152982 0.602486 0.124471 0.014193
2 2 0.120121 0.149455 0.558182 0.152353 0.019888
2 2 0.065182 0.121464 0.621827 0.178458 0.013068
2 2 0.067536 0.122579 0.601561 0.196172 0.012152
2 2 0.049805 0.103575 0.613223 0.222357 0.011040
2 2 0.050470 0.101578 0.613343 0.223425 0.011185
2 2 0.109898 0.156177 0.583577 0.135100 0.015248
2 2 0.088719 0.136897 0.559778 0.198878 0.015728
2 2 0.054657 0.103390 0.524202 0.303009 0.014742
2 2 0.036782 0.081598 0.582405 0.289576 0.009638
2 2 0.052215 0.099713 0.600489 0.236711 0.010872
0 2 0.611401 0.139712 0.188412 0.033766 0.026709
0 2 0.526729 0.155831 0.246586 0.037873 0.032981
2 2 0.114977 0.163508 0.587322 0.116504 0.017688
2 2 0.270517 0.181642 0.443800 0.077304 0.026737
0 2 0.388579 0.190001 0.310362 0.064304 0.046755
0 2 0.527284 0.159312 0.237855 0.047479 0.028070
2 2 0.364315 0.173947 0.373476 0.063668 0.024595
2 2 0.172993 0.171105 0.538791 0.098158 0.018954
2 2 0.073633 0.126523 0.624952 0.161850 0.013042
2 2 0.072544 0.142119 0.614485 0.154585 0.016267
2 2 0.072018 0.146409 0.576865 0.186494 0.018215
2 2 0.081691 0.151693 0.588672 0.158099 0.019846
2 1 0.087296 0.171406 0.564131 0.154343 0.022824
2 1 0.079497 0.150099 0.519376 0.229811 0.021217
2 1 0.081446 0.163345 0.607558 0.123267 0.024384
2 1 0.068584 0.142366 0.575865 0.190705 0.022480
2 1 0.155731 0.206299 0.467189 0.110500 0.060281
2 1 0.116011 0.194263 0.515277 0.126016 0.048433
2 1 0.066911 0.154193 0.563304 0.192312 0.023281
2 1 0.079229 0.173862 0.545716 0.167800 0.033393
2 1 0.052109 0.127624 0.580356 0.222127 0.017783
2 1 0.071046 0.164731 0.570832 0.164250 0.029141
2 1 0.089423 0.191186 0.520416 0.079311 0.119664
2 1 0.057657 0.161613 0.567444 0.173710 0.039576
2 0 0.212144 0.199813 0.449275 0.087848 0.050920
0 0 0.646033 0.132275 0.164382 0.028964 0.028346
0 0 0.629459 0.136585 0.174134 0.031293 0.028529
0 0 0.398560 0.168805 0.351490 0.057322 0.023824
2 1 0.162997 0.160446 0.561673 0.100874 0.014010
2 1 0.151423 0.170212 0.551279 0.108631 0.018455
2 1 0.119137 0.162317 0.579027 0.124413 0.015106
2 1 0.112040 0.164956 0.577163 0.128783 0.017059
0 1 0.375182 0.185083 0.332419 0.078829 0.028487
2 1 0.118305 0.159688 0.591372 0.115539 0.015095
2 1 0.083849 0.142048 0.634982 0.126063 0.013057
2 1 0.336782 0.187289 0.360731 0.089256 0.025942
2 1 0.266019 0.194482 0.415050 0.088803 0.035646
2 1 0.343490 0.176035 0.386576 0.070757 0.023143
2 1 0.191403 0.173367 0.514996 0.102308 0.017926
2 1 0.300361 0.183471 0.411547 0.077124 0.027497
0 1 0.599352 0.149583 0.176124 0.036172 0.038770
2 1 0.138876 0.190930 0.525212 0.096028 0.048954
2 1 0.104647 0.176531 0.582380 0.094586 0.041856
2 1 0.275476 0.208624 0.368216 0.086790 0.060894
2 1 0.135455 0.183290 0.549507 0.089088 0.042659
2 1 0.260940 0.205128 0.376271 0.062160 0.095501
2 4 0.109259 0.196960 0.517354 0.108548 0.067879
2 4 0.124513 0.189622 0.521639 0.128211 0.036015
2 1 0.206995 0.205688 0.432713 0.105101 0.049503
2 1 0.126050 0.167113 0.598896 0.074857 0.033085
2 1 0.086335 0.185036 0.546747 0.075393 0.106488
2 1 0.067739 0.169412 0.584517 0.124822 0.053510
2 1 0.145860 0.199087 0.483034 0.071448 0.100571
2 1 0.240949 0.200040 0.425129 0.084025 0.049857
2 4 0.153312 0.191282 0.514452 0.095676 0.045277
2 4 0.264342 0.193319 0.421694 0.082011 0.038635
2 4 0.185254 0.191282 0.483446 0.109017 0.031000
2 4 0.165618 0.180162 0.539381 0.076756 0.038083
2 4 0.255527 0.179773 0.438955 0.094385 0.031360
2 4 0.130307 0.168430 0.561918 0.121872 0.017472
2 4 0.195567 0.193063 0.476553 0.098637 0.036180
2 4 0.294013 0.204391 0.357268 0.105740 0.038587
2 4 0.147809 0.186535 0.502734 0.138234 0.024688
2 4 0.288345 0.201687 0.376326 0.089457 0.044185
2 0 0.279180 0.201608 0.384637 0.069538 0.065037
2 0 0.192610 0.187183 0.495814 0.091120 0.033273
2 0 0.180507 0.181558 0.520595 0.085932 0.031408
2 0 0.340154 0.185614 0.371557 0.055874 0.046801
2 0 0.106260 0.146779 0.638760 0.094865 0.013336
2 0 0.102361 0.155906 0.593282 0.132916 0.015535
2 1 0.120084 0.169121 0.559799 0.133467 0.017529
2 1 0.073864 0.127036 0.655541 0.132592 0.010968
2 1 0.218383 0.191698 0.457836 0.101787 0.030295
2 4 0.138961 0.173228 0.544249 0.124752 0.018811
2 4 0.274684 0.203901 0.382867 0.077706 0.060843
2 4 0.066759 0.122020 0.644189 0.154579 0.012454
0 4 0.388115 0.180582 0.317433 0.081403 0.032467
2 4 0.149648 0.204599 0.466759 0.132378 0.046617
2 4 0.081653 0.174079 0.580786 0.129741 0.033742
2 4 0.052209 0.149010 0.633144 0.133076 0.032560
2 4 0.132330 0.189286 0.528640 0.069685 0.080059
2 4 0.105366 0.183455 0.518197 0.161783 0.031200
2 4 0.296381 0.207411 0.345270 0.070266 0.080672
2 4 0.115721 0.186215 0.540203 0.119003 0.038857
2 4 0.078310 0.177571 0.423433 0.048178 0.272508
2 4 0.061027 0.180009 0.430922 0.063163 0.264878
2 4 0.078356 0.186089 0.447018 0.060785 0.227752
2 4 0.058309 0.171925 0.463121 0.053883 0.252762
2 4 0.059981 0.179021 0.436930 0.062824 0.261244
2 4 0.099932 0.178458 0.366447 0.041190 0.313972
2 4 0.131054 0.185631 0.499717 0.049193 0.134406
2 4 0.107205 0.179307 0.511225 0.045744 0.156519
2 4 0.230985 0.215813 0.312655 0.066060 0.174486
2 4 0.258943 0.195215 0.327307 0.039339 0.179196
0 1 0.279800 0.207610 0.270136 0.052840 0.189615
0 1 0.370521 0.201874 0.243241 0.051622 0.132743
2 1 0.197817 0.198506 0.433945 0.054232 0.115500
2 1 0.090159 0.188636 0.491866 0.063200 0.166139
2 1 0.153017 0.202977 0.367566 0.055938 0.220502
0 1 0.456494 0.179670 0.236631 0.038620 0.088586
2 1 0.150676 0.186675 0.529369 0.092955 0.040325
2 1 0.227396 0.203848 0.366043 0.051875 0.150838
0 0 0.353076 0.191329 0.341431 0.059222 0.054943
2 1 0.162506 0.195180 0.489809 0.114535 0.037970
2 1 0.133765 0.168317 0.575812 0.100451 0.021655
2 1 0.134396 0.161062 0.594739 0.090988 0.018814
2 1 0.150347 0.182830 0.524441 0.115937 0.026445
2 1 0.105011 0.174895 0.576412 0.112725 0.030957
2 1 0.117578 0.149963 0.623669 0.095398 0.013392
2 1 0.203234 0.183181 0.502967 0.070788 0.039831
2 1 0.351637 0.181517 0.365422 0.075399 0.026025
2 1 0.175891 0.165229 0.550461 0.091900 0.016520
0 0 0.427215 0.181754 0.291498 0.061982 0.037552
2 0 0.357618 0.176220 0.373671 0.067941 0.024549
2 1 0.236764 0.164691 0.484570 0.097104 0.016870
0 0 0.501745 0.157227 0.270200 0.047534 0.023294
0 0 0.378249 0.186151 0.326748 0.079507 0.029346
2 0 0.213439 0.188391 0.464954 0.107118 0.026098
2 0 0.220860 0.180190 0.474365 0.104840 0.019745
2 1 0.213538 0.180837 0.486491 0.096336 0.022797
2 0 0.154098 0.172725 0.536057 0.119489 0.017631
0 0 0.438843 0.181536 0.278837 0.066220 0.034564
0 0 0.379787 0.188708 0.323409 0.064336 0.043760
0 0 0.382860 0.182912 0.335564 0.064772 0.033892
2 0 0.263200 0.185917 0.439986 0.081522 0.029374
2 1 0.088189 0.130838 0.623796 0.145302 0.011874
2 1 0.156248 0.152617 0.589646 0.089405 0.012084
0 0 0.549424 0.156801 0.219063 0.043982 0.030730
2 0 0.228829 0.179118 0.474512 0.097198 0.020343
2 0 0.072438 0.125617 0.612939 0.175619 0.013387
2 1 0.091555 0.127215 0.644623 0.126251 0.010356
2 1 0.065559 0.110632 0.626594 0.186764 0.010452
2 1 0.092906 0.132807 0.597096 0.164719 0.012472
2 1 0.209930 0.182914 0.486485 0.095776 0.024895
2 1 0.123541 0.167443 0.568428 0.122951 0.017636
2 1 0.102508 0.151213 0.598879 0.133857 0.013543
2 1 0.099318 0.146328 0.629559 0.112196 0.012599
2 1 0.068401 0.121115 0.565141 0.232155 0.013189
2 1 0.106053 0.154434 0.592697 0.132843 0.013973
2 1 0.124497 0.174924 0.570346 0.101108 0.029124
2 1 0.092997 0.170131 0.595105 0.111193 0.030574
2 1 0.131610 0.193650 0.519828 0.101209 0.053703
2 2 0.120670 0.196625 0.515993 0.100427 0.066285
2 2 0.066584 0.159030 0.598352 0.142492 0.033542
2 2 0.153849 0.193313 0.511066 0.084183 0.057589
2 2 0.114478 0.156887 0.555786 0.154263 0.018586
2 2 0.127436 0.183272 0.534395 0.121746 0.033151
2 2 0.096028 0.150509 0.570816 0.164326 0.018320
2 2 0.099984 0.154625 0.549034 0.176411 0.019946
2 2 0.085332 0.146867 0.527296 0.221001 0.019504
2 2 0.090322 0.136525 0.543292 0.213675 0.016186
2 2 0.100374 0.152208 0.520806 0.207445 0.019166
2 2 0.078753 0.126080 0.580380 0.201336 0.013450
2 2 0.114758 0.151938 0.560755 0.157064 0.015485
2 2 0.063324 0.120615 0.556027 0.246492 0.013543
2 2 0.126964 0.152879 0.548082 0.154412 0.017662
2 2 0.080144 0.134294 0.551140 0.218215 0.016207
2 2 0.090904 0.136929 0.590803 0.167507 0.013858
2 2 0.080318 0.136787 0.582854 0.185497 0.014545
2 2 0.094098 0.151292 0.605265 0.134982 0.014363
2 2 0.099740 0.170032 0.576244 0.131254 0.022729
2 2 0.123508 0.173697 0.574562 0.099380 0.028852
2 2 0.064516 0.137397 0.596590 0.184221 0.017275
2 2 0.227578 0.205444 0.420585 0.089430 0.056964
2 2 0.086628 0.157146 0.617177 0.117446 0.021602
2 2 0.083300 0.151742 0.550412 0.193414 0.021132
2 2 0.101631 0.170260 0.568856 0.131608 0.027645
2 2 0.084984 0.151994 0.563184 0.177727 0.022112
2 2 0.089468 0.155848 0.635393 0.096301 0.022990
2 2 0.074015 0.132711 0.591796 0.184081 0.017398
2 2 0.049267 0.109870 0.622295 0.204061 0.014507
2 2 0.071420 0.141376 0.580515 0.187951 0.018738
2 3 0.057206 0.133499 0.542132 0.244140 0.023022
2 3 0.077971 0.134823 0.534742 0.233387 0.019077
2 3 0.056473 0.128039 0.539580 0.255521 0.020387
2 3 0.074205 0.138103 0.511331 0.255153 0.021207
2 3 0.058005 0.126245 0.550133 0.246215 0.019402
2 3 0.054701 0.126369 0.542687 0.257254 0.018989
2 3 0.043534 0.095435 0.564551 0.283802 0.012678
2 3 0.140566 0.182368 0.455467 0.187779 0.033820
2 3 0.051620 0.099182 0.574062 0.262580 0.012557
2 3 0.056667 0.100260 0.595357 0.236244 0.011472
2 3 0.046899 0.097146 0.621337 0.223635 0.010983
2 3 0.062307 0.101402 0.577105 0.247130 0.012055
2 3 0.052836 0.096226 0.603489 0.236405 0.011044
2 3 0.050192 0.096918 0.611369 0.230426 0.011095
2 3 0.043601 0.091537 0.619311 0.235192 0.010360
2 3 0.057549 0.113153 0.613036 0.203467 0.012794
2 3 0.051568 0.094889 0.597861 0.244726 0.010955
2 3 0.056447 0.106219 0.606199 0.219604 0.011532
2 3 0.049991 0.098878 0.577485 0.261994 0.011652
2 3 0.044317 0.098550 0.609086 0.236520 0.011526
2 3 0.074138 0.128595 0.595004 0.189535 0.012727
2 3 0.048535 0.101577 0.603898 0.233377 0.012613
2 3 0.067054 0.119480 0.575475 0.224690 0.013300
2 3 0.041802 0.087595 0.574773 0.285042 0.010788
2 3 0.064268 0.121861 0.537486 0.260383 0.016002
2 3 0.040648 0.091533 0.565434 0.289476 0.012910
2 3 0.079047 0.133456 0.565737 0.201644 0.020116
2 3 0.042209 0.090426 0.574150 0.281730 0.011486
2 3 0.065031 0.115893 0.576116 0.229943 0.013018
2 3 0.041988 0.094239 0.542925 0.307862 0.012986
2 3 0.037698 0.087722 0.542516 0.320576 0.011489
2 3 0.046061 0.099128 0.595715 0.246477 0.012619
2 3 0.082537 0.152013 0.578068 0.165818 0.021565
2 3 0.086056 0.153088 0.543098 0.197507 0.020250
2 3 0.050676 0.105682 0.605859 0.224821 0.012961
2 3 0.042612 0.096805 0.562882 0.283389 0.014311
2 3 0.080649 0.140921 0.525710 0.230939 0.021781
2 3 0.033744 0.077366 0.502229 0.374737 0.011924
2 3 0.038022 0.096124 0.610368 0.243149 0.012337
2 3 0.054443 0.100300 0.533110 0.297524 0.014623
2 3 0.069326 0.129580 0.575047 0.209512 0.016535
2 3 0.079165 0.141974 0.565400 0.193893 0.019568
2 3 0.032501 0.085078 0.514371 0.354526 0.013525
2 3 0.045570 0.100111 0.509928 0.328917 0.015475
2 3 0.048881 0.109425 0.520396 0.304806 0.016492
2 3 0.065118 0.127802 0.527300 0.259321 0.020458
2 3 0.058670 0.146376 0.618626 0.147250 0.029078
2 3 0.055816 0.120971 0.530034 0.271225 0.021954
2 3 0.049584 0.114719 0.524659 0.294158 0.016879
2 3 0.041943 0.110507 0.525103 0.302412 0.020035
2 3 0.030959 0.088804 0.566331 0.299942 0.013964
2 3 0.051388 0.121847 0.548692 0.259232 0.018840
2 3 0.062707 0.128760 0.567817 0.221803 0.018914
2 3 0.055106 0.106445 0.520979 0.301118 0.016351
2 3 0.097502 0.183919 0.491951 0.184672 0.041957
2 3 0.053782 0.138605 0.535388 0.241944 0.030281
2 3 0.031194 0.093216 0.472092 0.380569 0.022928
2 3 0.025963 0.085345 0.465374 0.399400 0.023917
2 3 0.048869 0.120133 0.564797 0.237040 0.029161
2 3 0.147880 0.189205 0.453927 0.164834 0.044154
2 3 0.037210 0.110964 0.555024 0.270784 0.026018
2 3 0.055325 0.134478 0.551171 0.222082 0.036943
2 3 0.057936 0.136281 0.510053 0.264971 0.030759
2 3 0.045431 0.119844 0.517018 0.290749 0.026957
2 3 0.058851 0.134299 0.514680 0.261162 0.031008
2 3 0.077009 0.153003 0.513146 0.231673 0.025169
2 3 0.061323 0.143249 0.563237 0.199548 0.032643
2 3 0.061624 0.154332 0.586225 0.161947 0.035872
2 3 0.042833 0.112037 0.499121 0.322045 0.023964
2 3 0.062628 0.139372 0.540552 0.224203 0.033244
2 3 0.050073 0.128868 0.537611 0.252153 0.031295
2 3 0.029906 0.095160 0.510119 0.344327 0.020487
2 3 0.246617 0.166188 0.377797 0.164483 0.044914
2 3 0.113489 0.153921 0.621792 0.094353 0.016445
2 3 0.072415 0.133384 0.652935 0.128138 0.013128
2 3 0.086334 0.134915 0.601967 0.163110 0.013674
2 3 0.043792 0.102126 0.658135 0.183260 0.012688
2 2 0.069195 0.131033 0.636625 0.149167 0.013980
2 2 0.118905 0.185426 0.539313 0.121315 0.035041
0 2 0.593770 0.145991 0.193902 0.036670 0.029666
2 2 0.073058 0.127135 0.655899 0.131494 0.012415
4 2 0.126121 0.166502 0.265543 0.029920 0.411913
4 1 0.054535 0.122305 0.219619 0.020367 0.583174
4 1 0.154997 0.172901 0.187679 0.037610 0.446813
4 1 0.098295 0.165490 0.247924 0.036483 0.451807
4 1 0.106259 0.142417 0.161626 0.026512 0.563186
4 1 0.151443 0.168673 0.209614 0.032146 0.438123
4 1 0.159499 0.180793 0.187879 0.043932 0.427896
4 1 0.069597 0.125345 0.180797 0.021151 0.603109
4 1 0.097604 0.155379 0.213487 0.031838 0.501693
2 1 0.204761 0.208878 0.401352 0.066131 0.118879
4 1 0.115931 0.163950 0.296765 0.028195 0.395158
4 1 0.055816 0.128289 0.240476 0.022339 0.553080
4 1 0.091495 0.160276 0.246725 0.034167 0.467337
4 1 0.148340 0.163925 0.186182 0.031730 0.469823
0 1 0.426652 0.192350 0.256656 0.058544 0.065797
2 1 0.091763 0.181776 0.557509 0.067189 0.101763
4 1 0.077638 0.136047 0.196211 0.024617 0.565487
4 1 0.079072 0.151688 0.249825 0.030796 0.488618
4 4 0.061158 0.123269 0.198589 0.020563 0.596421
4 4 0.251157 0.184494 0.231691 0.032960 0.299698
4 4 0.146262 0.166694 0.184247 0.034422 0.468375
4 4 0.117176 0.150863 0.168412 0.029575 0.533973
4 4 0.074132 0.135116 0.202462 0.024325 0.563965
4 4 0.095199 0.149486 0.200077 0.029383 0.525855
4 4 0.070686 0.124745 0.175942 0.020964 0.607663
4 4 0.055855 0.118637 0.199244 0.019205 0.607059
4 4 0.108399 0.145159 0.162817 0.027870 0.555755
4 4 0.216775 0.184389 0.211711 0.036678 0.350447
4 4 0.081428 0.127668 0.160799 0.021881 0.608225
4 4 0.066313 0.134794 0.231172 0.026255 0.541467
4 4 0.033515 0.099182 0.305734 0.041842 0.519727
4 4 0.088887 0.149996 0.223058 0.029050 0.509009
0 4 0.329008 0.195599 0.226320 0.041154 0.207918
4 4 0.083608 0.149275 0.227395 0.029524 0.510198
4 4 0.055095 0.125406 0.230749 0.021372 0.567377
4 4 0.068208 0.140424 0.242524 0.026405 0.522439
4 4 0.104389 0.145714 0.170687 0.028042 0.551168
4 4 0.138353 0.174394 0.237184 0.035929 0.414140
4 4 0.143591 0.169862 0.231426 0.032103 0.423019
4 4 0.088140 0.136001 0.172134 0.024581 0.579144
4 4 0.158285 0.162717 0.223553 0.026078 0.429368
0 4 0.377044 0.186021 0.298517 0.038066 0.100352
0 4 0.311851 0.205756 0.263850 0.051685 0.166857
2 4 0.150328 0.175153 0.540154 0.111407 0.022959
2 4 0.082564 0.156857 0.644338 0.085645 0.030596
2 4 0.069587 0.161185 0.633490 0.098631 0.037107
2 4 0.185056 0.210326 0.431706 0.121515 0.051398
2 4 0.082526 0.178245 0.582534 0.107396 0.049299
2 1 0.069291 0.173007 0.583809 0.130990 0.042903
2 1 0.073690 0.174030 0.572158 0.147553 0.032568
2 1 0.052109 0.157442 0.608788 0.134540 0.047122
2 1 0.120867 0.200954 0.486823 0.081995 0.109360
2 1 0.077415 0.176500 0.590510 0.099511 0.056064
2 1 0.099575 0.190064 0.543528 0.105835 0.060999
2 1 0.181277 0.210935 0.428918 0.083435 0.095435
2 1 0.065712 0.175327 0.567426 0.070035 0.121501
2 1 0.058385 0.183414 0.528073 0.087832 0.142295
4 1 0.246634 0.198274 0.246512 0.044020 0.264559
2 1 0.204594 0.184668 0.481299 0.105480 0.023958
2 1 0.091905 0.152466 0.640061 0.096270 0.019297
2 1 0.058746 0.123049 0.630146 0.174088 0.013971
2 1 0.051520 0.115409 0.646306 0.173324 0.013442
2 1 0.086181 0.154390 0.628320 0.112868 0.018241
2 1 0.043178 0.107646 0.643333 0.193643 0.012200
2 1 0.084286 0.158952 0.576436 0.158257 0.022069
2 1 0.074057 0.133661 0.644429 0.132709 0.015144
2 1 0.057021 0.136328 0.681251 0.109471 0.015928
2 1 0.041667 0.100345 0.635581 0.210677 0.011730
2 1 0.208995 0.182654 0.476366 0.111203 0.020782
2 1 0.091705 0.169026 0.612184 0.078809 0.048276
0 1 0.395816 0.176117 0.337995 0.061685 0.028388
0 1 0.355366 0.198267 0.306906 0.053158 0.086303
2 1 0.161657 0.218001 0.415591 0.103757 0.100994
2 1 0.058388 0.171111 0.589807 0.075862 0.104832
2 1 0.123725 0.205085 0.473996 0.089666 0.107528
2 1 0.194057 0.216165 0.397103 0.087281 0.105394
2 1 0.081618 0.176206 0.586625 0.074489 0.081062
2 1 0.162232 0.206356 0.432285 0.068992 0.130135
2 1 0.060090 0.175464 0.585472 0.120601 0.058374
2 1 0.093393 0.194030 0.453351 0.066885 0.192340
2 1 0.103929 0.198600 0.500079 0.087340 0.110052
2 1 0.055427 0.163509 0.628379 0.087831 0.064855
2 1 0.072537 0.171050 0.600563 0.114898 0.040952
2 1 0.063943 0.167196 0.608227 0.118950 0.041684
2 1 0.085682 0.186458 0.549693 0.128311 0.049856
2 2 0.045307 0.121240 0.654029 0.159716 0.019708
2 2 0.058584 0.156289 0.603918 0.151005 0.030204
2 2 0.063067 0.167139 0.603797 0.129791 0.036207
2 2 0.128873 0.200371 0.500988 0.102095 0.067673
2 2 0.065281 0.169713 0.603152 0.118935 0.042920
2 2 0.112686 0.190848 0.516388 0.144392 0.035685
2 2 0.071912 0.164121 0.602315 0.135797 0.025855
2 2 0.071234 0.162200 0.574612 0.166223 0.025731
2 2 0.097405 0.173231 0.554109 0.153714 0.021540
2 2 0.048767 0.132221 0.626433 0.172995 0.019584
2 2 0.064433 0.123197 0.644330 0.151341 0.016699
2 2 0.082873 0.160678 0.602665 0.134237 0.019547
2 2 0.055255 0.130615 0.624724 0.172522 0.016884
2 2 0.042723 0.107895 0.626005 0.210543 0.012834
2 2 0.073166 0.138022 0.605503 0.168675 0.014635
2 2 0.045815 0.109610 0.627533 0.203996 0.013046
2 2 0.088887 0.167496 0.582137 0.139434 0.022045
2 2 0.059988 0.134594 0.599908 0.187909 0.017601
2 2 0.082663 0.156139 0.628127 0.112376 0.020694
2 2 0.059937 0.138433 0.597240 0.186235 0.018154
2 2 0.086747 0.163747 0.592565 0.136714 0.020228
2 2 0.065757 0.143636 0.638313 0.137493 0.014802
0 2 0.352181 0.193589 0.336818 0.078799 0.038613
2 2 0.062217 0.120560 0.671191 0.134745 0.011286
2 2 0.058595 0.119036 0.657207 0.153608 0.011553
2 2 0.048960 0.106739 0.642967 0.189601 0.011733
2 2 0.044244 0.101324 0.647252 0.196608 0.010572
2 2 0.041490 0.091518 0.675333 0.183102 0.008557
2 2 0.053875 0.112281 0.645199 0.177131 0.011515
2 2 0.043554 0.093678 0.658531 0.194318 0.009919
0 2 0.500815 0.159743 0.264736 0.051251 0.023456
2 2 0.118922 0.150246 0.618041 0.100186 0.012605
2 2 0.103628 0.147390 0.632848 0.103556 0.012578
2 2 0.085387 0.138442 0.649781 0.115023 0.011367
0 2 0.527420 0.155098 0.247407 0.045526 0.024549
0 2 0.458274 0.182248 0.256150 0.062692 0.040635
0 2 0.535370 0.157254 0.233520 0.040946 0.032910
2 0 0.355079 0.185554 0.356658 0.067684 0.035025
2 1 0.184581 0.184285 0.508669 0.091230 0.031235
2 1 0.099990 0.157890 0.631961 0.083885 0.026274
2 1 0.265247 0.185420 0.443938 0.068979 0.036417
2 1 0.095123 0.176226 0.582732 0.106156 0.039763
2 1 0.063625 0.167606 0.613266 0.109801 0.045702
2 1 0.130349 0.191757 0.526388 0.080058 0.071447
2 1 0.124126 0.173161 0.573430 0.101914 0.027368
0 1 0.473653 0.172022 0.258613 0.040275 0.055437
2 1 0.317514 0.201719 0.348056 0.070131 0.062580
2 1 0.105690 0.176831 0.578586 0.100232 0.038661
2 1 0.148240 0.183794 0.541191 0.068205 0.058570
2 1 0.126958 0.194826 0.517249 0.084888 0.076078
2 1 0.125497 0.165981 0.590789 0.094736 0.022997
2 1 0.118963 0.181910 0.548188 0.118957 0.031983
2 1 0.179366 0.176632 0.523551 0.098041 0.022411
2 2 0.049505 0.108468 0.623532 0.206394 0.012102
2 2 0.112495 0.162697 0.588463 0.119300 0.017045
2 2 0.229032 0.181420 0.478121 0.085306 0.026121
2 1 0.150976 0.164242 0.567782 0.100579 0.016421
2 1 0.121821 0.155649 0.608507 0.098758 0.015264
2 1 0.137000 0.191181 0.525271 0.095557 0.050992
2 1 0.078862 0.166276 0.610162 0.112930 0.031769
2 1 0.107211 0.194553 0.524898 0.093954 0.079384
0 1 0.406096 0.196440 0.270343 0.065530 0.061590
2 1 0.330041 0.191361 0.357713 0.049746 0.071138
2 1 0.081934 0.163785 0.610517 0.117278 0.026486
2 1 0.214217 0.203393 0.436479 0.092785 0.053126
2 1 0.143502 0.198277 0.500761 0.097540 0.059919
2 1 0.136937 0.202986 0.483970 0.122088 0.054018
2 1 0.118687 0.195733 0.518380 0.111276 0.055924
2 1 0.124802 0.182791 0.558472 0.077359 0.056575
2 1 0.094943 0.165470 0.611582 0.098188 0.029818
2 1 0.081834 0.173925 0.585962 0.121681 0.036598
2 1 0.129246 0.177391 0.570363 0.081279 0.041721
2 1 0.172939 0.186890 0.510939 0.094719 0.034513
2 1 0.291116 0.193742 0.396406 0.062087 0.056649
0 1 0.337124 0.199712 0.336960 0.070893 0.055310
2 1 0.102289 0.187657 0.534126 0.069463 0.106465
2 1 0.229451 0.205970 0.349284 0.053583 0.161711
2 1 0.141611 0.202907 0.459286 0.070887 0.125308
2 1 0.157835 0.193163 0.503034 0.068337 0.077631
2 1 0.136422 0.184420 0.539079 0.104658 0.035421
2 1 0.078796 0.171512 0.602163 0.070678 0.076851
2 1 0.123472 0.207796 0.432652 0.080325 0.155754
4 1 0.148314 0.180147 0.301205 0.034522 0.335812
2 1 0.104925 0.197651 0.426012 0.064592 0.206821
2 1 0.098530 0.194051 0.504178 0.075760 0.127481
0 1 0.283587 0.190917 0.247918 0.035849 0.241728
4 4 0.084018 0.149669 0.227698 0.029677 0.508938
4 4 0.104336 0.142396 0.161697 0.026858 0.564713
4 4 0.154118 0.165965 0.189025 0.032067 0.458826
4 4 0.088920 0.153925 0.229897 0.031364 0.495895
0 4 0.392994 0.190299 0.225193 0.039436 0.152078
4 4 0.087801 0.141075 0.188529 0.026337 0.556257
4 4 0.078307 0.126845 0.164804 0.021616 0.608428
4 4 0.051400 0.121382 0.229498 0.020150 0.577570
4 4 0.121411 0.148513 0.187296 0.025080 0.517701
4 4 0.118903 0.150528 0.188148 0.026692 0.515729
4 4 0.185809 0.176788 0.202042 0.034759 0.400603
4 4 0.268437 0.188373 0.223824 0.035687 0.283679
0 4 0.354311 0.187323 0.230920 0.034230 0.193216
4 4 0.107097 0.168382 0.334703 0.031416 0.358402
4 4 0.107855 0.163443 0.218030 0.035285 0.475387
4 4 0.075834 0.133685 0.254334 0.019615 0.516533
4 4 0.061604 0.139396 0.265469 0.026284 0.507247
4 4 0.052966 0.134089 0.322908 0.038127 0.451909
4 4 0.077022 0.144883 0.230342 0.027903 0.519850
4 4 0.088254 0.149060 0.214159 0.029354 0.519174
4 4 0.062457 0.161186 0.330991 0.040858 0.404508
4 4 0.077738 0.138887 0.205899 0.025620 0.551855
4 4 0.084245 0.136398 0.181518 0.024711 0.573127
4 4 0.087925 0.145881 0.216794 0.026923 0.522476
4 4 0.066402 0.138193 0.239901 0.025604 0.529900
4 4 0.086476 0.143601 0.208396 0.026448 0.535080
4 4 0.070083 0.118836 0.158440 0.019217 0.633424
0 4 0.272424 0.188434 0.234061 0.034983 0.270099
0 4 0.427602 0.183220 0.223746 0.035887 0.129544
2 4 0.120010 0.156396 0.610321 0.096814 0.016459
2 4 0.079188 0.149193 0.661206 0.087059 0.023354
2 4 0.152119 0.179819 0.540524 0.098199 0.029339
2 4 0.141893 0.177505 0.563459 0.069763 0.047381
2 4 0.120386 0.194830 0.522232 0.094789 0.067763
2 4 0.076770 0.178686 0.580716 0.086694 0.077135
2 4 0.265258 0.209631 0.369657 0.077087 0.078367
2 4 0.244958 0.204150 0.410284 0.082078 0.058530
2 4 0.268204 0.205839 0.380272 0.072859 0.072825
0 4 0.358093 0.193953 0.331824 0.070611 0.045520
2 4 0.096180 0.168722 0.608388 0.088756 0.037954
2 4 0.082571 0.162278 0.614761 0.115081 0.025309
2 4 0.098903 0.178434 0.570017 0.117314 0.035331
2 4 0.128740 0.189077 0.533774 0.103371 0.045038
2 1 0.138653 0.198519 0.441995 0.058132 0.162701
2 1 0.077159 0.175134 0.591308 0.078403 0.077997
2 1 0.228940 0.210099 0.315266 0.056558 0.189137
2 1 0.078334 0.188133 0.437223 0.063488 0.232822
2 1 0.072669 0.187518 0.477255 0.069978 0.192580
2 1 0.242195 0.206017 0.373824 0.058660 0.119304
2 1 0.096202 0.165951 0.603316 0.108457 0.026075
2 1 0.106611 0.168172 0.584900 0.117966 0.022352
2 1 0.121883 0.181148 0.540453 0.129183 0.027333
2 1 0.138457 0.184900 0.545281 0.084623 0.046739
2 2 0.109609 0.180028 0.565469 0.107655 0.037238
2 2 0.178341 0.202366 0.445863 0.062753 0.110676
2 2 0.068865 0.179655 0.576989 0.097263 0.077227
2 2 0.141088 0.201696 0.407227 0.058608 0.191381
4 2 0.184794 0.192440 0.290786 0.040857 0.291122
2 2 0.087071 0.181851 0.573380 0.096821 0.060878
2 2 0.111441 0.199103 0.509639 0.098984 0.080833
2 2 0.073638 0.165810 0.579037 0.145269 0.036245
2 2 0.118645 0.198766 0.509030 0.110326 0.063234
2 2 0.083771 0.166335 0.562363 0.158578 0.028952
2 2 0.098710 0.172117 0.581154 0.120912 0.027107
2 2 0.137117 0.196310 0.510376 0.090915 0.065282
2 2 0.106247 0.188702 0.547333 0.096744 0.060974
2 2 0.120104 0.193498 0.524179 0.110957 0.051262
2 2 0.088876 0.178635 0.571971 0.121443 0.039074
2 2 0.092326 0.177033 0.574364 0.121423 0.034854
2 2 0.101363 0.179521 0.548922 0.142130 0.028064
2 2 0.107433 0.184091 0.535679 0.142338 0.030458
2 2 0.105452 0.191282 0.522581 0.139843 0.040842
2 2 0.089597 0.175102 0.567490 0.139274 0.028536
2 2 0.099837 0.190492 0.541425 0.107251 0.060995
2 2 0.087746 0.181330 0.574048 0.087934 0.068942
2 2 0.084824 0.179474 0.579939 0.101730 0.054032
2 2 0.083128 0.183095 0.564235 0.084208 0.085334
2 2 0.077356 0.176243 0.590272 0.084060 0.072069
2 2 0.074463 0.171161 0.595074 0.122709 0.036592
2 2 0.071134 0.179710 0.576294 0.114577 0.058285
2 2 0.107965 0.196082 0.520148 0.097492 0.078313
2 2 0.125148 0.188366 0.538840 0.101464 0.046181
2 2 0.071740 0.166674 0.611115 0.114911 0.035560
2 2 0.086835 0.181491 0.568050 0.117631 0.045992
2 2 0.101897 0.184118 0.562934 0.094006 0.057045
2 3 0.104131 0.194874 0.520289 0.128168 0.052538
2 3 0.075039 0.173647 0.595121 0.110839 0.045355
2 3 0.101967 0.194465 0.496469 0.153464 0.053636
2 3 0.180299 0.209309 0.443954 0.096906 0.069531
2 3 0.098463 0.189117 0.546475 0.106124 0.059821
2 3 0.072542 0.172990 0.575189 0.138627 0.040653
2 3 0.207177 0.204659 0.383355 0.054582 0.150227
0 3 0.501973 0.175042 0.204716 0.040119 0.078150
2 3 0.072139 0.130274 0.655162 0.130193 0.012232
2 3 0.091307 0.149568 0.588329 0.152974 0.017822
2 3 0.076078 0.125881 0.629907 0.152726 0.015409
2 2 0.112930 0.135687 0.595005 0.141962 0.014415
2 2 0.075643 0.136650 0.625087 0.147590 0.015030
2 2 0.128586 0.160593 0.567365 0.127229 0.016227
2 2 0.117654 0.163588 0.580316 0.122097 0.016345
2 2 0.052263 0.110177 0.609813 0.214234 0.013514
2 2 0.073948 0.139986 0.574127 0.193829 0.018110
2 2 0.044444 0.097785 0.629521 0.217275 0.010974
2 2 0.110749 0.151903 0.558788 0.157911 0.020649
2 3 0.069155 0.141428 0.600015 0.171276 0.018126
2 3 0.333212 0.179266 0.394407 0.062817 0.030298
2 3 0.142556 0.172423 0.569800 0.087013 0.028207
2 3 0.155488 0.170734 0.560141 0.090583 0.023055
2 3 0.099039 0.163009 0.616235 0.094334 0.027383
2 3 0.105909 0.168114 0.599754 0.096741 0.029482
2 3 0.270451 0.199976 0.397849 0.087812 0.043912
2 3 0.084844 0.164272 0.609981 0.114342 0.026561
2 3 0.073299 0.146913 0.591161 0.170208 0.018418
2 3 0.056687 0.124225 0.569135 0.232443 0.017510
2 3 0.104870 0.179684 0.556972 0.126866 0.031608
2 3 0.067336 0.151530 0.588587 0.165779 0.026768
2 3 0.120422 0.185903 0.522642 0.142104 0.028929
2 3 0.083486 0.162898 0.610668 0.118301 0.024647
2 3 0.142979 0.195827 0.470891 0.161241 0.029062
2 3 0.074925 0.153676 0.631632 0.118603 0.021165
2 3 0.105256 0.181541 0.553583 0.125895 0.033725
2 3 0.105953 0.167802 0.532139 0.170116 0.023990
2 3 0.079466 0.163108 0.602825 0.131422 0.023180
2 3 0.051928 0.123704 0.530582 0.274255 0.019531
2 3 0.075172 0.144876 0.609428 0.154457 0.016068
2 3 0.082071 0.154951 0.596095 0.145364 0.021518
2 3 0.073578 0.148019 0.543157 0.213809 0.021437
2 3 0.082571 0.151844 0.519584 0.223745 0.022257
