2 0 0.083556 0.085076 0.542164 0.277252 0.011952
2 0 0.027946 0.037228 0.498889 0.429402 0.006536
2 0 0.171761 0.187122 0.468571 0.139212 0.033333
2 0 0.209382 0.212001 0.444561 0.101156 0.032901
2 0 0.113838 0.132794 0.503673 0.223808 0.025888
2 0 0.218480 0.244033 0.389928 0.097069 0.050489
2 0 0.190226 0.181379 0.464112 0.129718 0.034566
2 0 0.211511 0.258141 0.355371 0.083783 0.091194
2 0 0.193314 0.224410 0.428354 0.108868 0.045053
2 0 0.198273 0.224735 0.429180 0.104813 0.042999
0 0 0.377619 0.207207 0.338946 0.055883 0.020344
0 0 0.419964 0.197099 0.319638 0.047742 0.015557
2 0 0.345420 0.204906 0.373744 0.060422 0.015508
0 0 0.496296 0.154115 0.295353 0.040099 0.014137
0 0 0.668366 0.131327 0.162506 0.019217 0.018584
0 0 0.476689 0.195955 0.266328 0.040140 0.020888
0 0 0.674275 0.106191 0.186475 0.022942 0.010117
0 0 0.512489 0.170295 0.267755 0.035225 0.014235
2 0 0.366849 0.180152 0.374526 0.065223 0.013250
0 0 0.370859 0.201089 0.359557 0.055013 0.013483
0 0 0.434499 0.154208 0.323362 0.064216 0.023714
2 0 0.215596 0.165844 0.483189 0.118601 0.016771
2 0 0.153766 0.124954 0.537499 0.170989 0.012792
2 0 0.164519 0.133818 0.521989 0.165339 0.014334
2 0 0.182446 0.143065 0.512095 0.147804 0.014590
2 0 0.086468 0.085276 0.538586 0.278008 0.011661
2 0 0.107757 0.099183 0.535863 0.244530 0.012667
2 0 0.137167 0.130829 0.522582 0.191510 0.017911
2 0 0.124833 0.118946 0.522916 0.216732 0.016573
2 0 0.121615 0.116999 0.523877 0.221020 0.016489
2 0 0.152786 0.140769 0.514076 0.173826 0.018542
2 0 0.076671 0.074262 0.542668 0.296831 0.009567
2 0 0.139939 0.122293 0.518638 0.203844 0.015285
2 0 0.157509 0.131632 0.517129 0.178571 0.015159
2 0 0.116096 0.111328 0.537553 0.220174 0.014849
2 0 0.194566 0.165205 0.486978 0.133561 0.019690
2 0 0.266938 0.193836 0.423489 0.090633 0.025104
2 0 0.131173 0.116975 0.526199 0.210957 0.014697
2 0 0.108208 0.100490 0.540238 0.238298 0.012766
2 0 0.155653 0.132866 0.510667 0.184594 0.016220
2 0 0.078094 0.083578 0.545689 0.280328 0.012311
2 0 0.162301 0.156686 0.498783 0.159655 0.022574
2 0 0.109214 0.112454 0.534767 0.226883 0.016682
2 0 0.113909 0.118837 0.533366 0.215940 0.017948
2 0 0.193719 0.174203 0.462018 0.138734 0.031326
2 0 0.167417 0.139033 0.501571 0.171410 0.020570
2 0 0.089969 0.088219 0.540629 0.269250 0.011933
2 0 0.113248 0.114412 0.533234 0.222480 0.016625
2 0 0.088800 0.090456 0.546793 0.261365 0.012586
2 0 0.068624 0.067900 0.541362 0.313259 0.008854
2 0 0.099169 0.100654 0.536361 0.249223 0.014593
2 0 0.090559 0.103650 0.514551 0.272183 0.019057
2 0 0.089803 0.094790 0.533811 0.267052 0.014545
2 0 0.073544 0.079705 0.535171 0.299296 0.012284
2 0 0.046396 0.057542 0.529672 0.356593 0.009798
2 0 0.083561 0.091446 0.528288 0.281773 0.014933
2 0 0.128556 0.126685 0.522112 0.204297 0.018349
2 0 0.059813 0.070026 0.539242 0.319544 0.011375
2 0 0.089660 0.093427 0.537792 0.265244 0.013877
2 0 0.137493 0.143077 0.516428 0.180846 0.022157
2 0 0.161681 0.223623 0.425635 0.127730 0.061332
2 0 0.080019 0.116696 0.559215 0.219499 0.024571
2 0 0.077861 0.114484 0.557977 0.225189 0.024489
2 0 0.086003 0.122594 0.547973 0.217290 0.026140
2 0 0.090562 0.124158 0.538462 0.220676 0.026142
2 0 0.166095 0.197588 0.483846 0.117151 0.035320
2 0 0.122257 0.133670 0.529584 0.193098 0.021390
2 0 0.118185 0.126166 0.518800 0.216152 0.020697
2 0 0.090766 0.101436 0.532228 0.258655 0.016915
2 0 0.097467 0.106558 0.521335 0.256602 0.018038
2 0 0.097886 0.099686 0.557936 0.231144 0.013348
2 0 0.081871 0.093161 0.570662 0.240629 0.013677
2 0 0.102692 0.111783 0.547675 0.220892 0.016958
2 0 0.092714 0.107787 0.528952 0.251368 0.019179
2 0 0.142672 0.157486 0.499968 0.172382 0.027491
2 0 0.097451 0.098320 0.532940 0.256971 0.014318
2 0 0.091882 0.097752 0.529098 0.265813 0.015455
2 0 0.065891 0.078198 0.521630 0.320213 0.014068
2 0 0.111829 0.110538 0.528123 0.233548 0.015963
2 0 0.125832 0.123463 0.521927 0.210900 0.017879
2 0 0.198729 0.203898 0.447279 0.116373 0.033721
2 0 0.082855 0.102638 0.524752 0.269704 0.020051
2 0 0.086384 0.102174 0.536457 0.256957 0.018027
2 0 0.055456 0.068527 0.545249 0.319192 0.011577
2 0 0.083621 0.101614 0.537687 0.258621 0.018457
2 0 0.111818 0.122408 0.536300 0.210062 0.019411
2 0 0.104949 0.115157 0.530629 0.230400 0.018864
2 0 0.106523 0.116751 0.522070 0.234917 0.019739
2 0 0.106671 0.120080 0.518703 0.233278 0.021268
2 0 0.104826 0.122115 0.528264 0.223055 0.021740
2 0 0.081203 0.100339 0.532734 0.266785 0.018939
2 0 0.057936 0.075248 0.532430 0.319967 0.014419
2 0 0.048284 0.065426 0.526743 0.346577 0.012969
2 0 0.046180 0.059178 0.526365 0.357599 0.010679
2 0 0.071714 0.095650 0.509911 0.301302 0.021423
2 0 0.089807 0.126308 0.510202 0.243050 0.030633
2 0 0.107625 0.131678 0.537073 0.199770 0.023854
2 0 0.078212 0.102582 0.551140 0.248563 0.019503
2 0 0.086668 0.112518 0.551246 0.228429 0.021139
2 0 0.078156 0.102003 0.541009 0.258822 0.020011
2 0 0.268251 0.216053 0.410265 0.080353 0.025078
2 0 0.294085 0.216992 0.392924 0.073264 0.022736
2 0 0.221816 0.181049 0.449773 0.120801 0.026561
2 0 0.318943 0.203614 0.377658 0.070111 0.029673
2 0 0.176955 0.160180 0.509917 0.133624 0.019324
2 0 0.068541 0.076943 0.546773 0.295934 0.011809
2 0 0.101915 0.103232 0.542118 0.238134 0.014602
2 0 0.078905 0.080758 0.536126 0.292631 0.011580
2 0 0.057687 0.061329 0.530761 0.341405 0.008818
2 0 0.086778 0.094472 0.539900 0.264116 0.014734
2 0 0.120562 0.124609 0.528608 0.207404 0.018817
2 0 0.143577 0.145467 0.501566 0.186352 0.023037
2 0 0.080375 0.093050 0.547543 0.263808 0.015224
2 0 0.070477 0.083655 0.553076 0.279145 0.013647
2 0 0.090422 0.100912 0.539332 0.252984 0.016349
2 0 0.326412 0.188979 0.400891 0.070215 0.013503
2 0 0.328451 0.208595 0.381132 0.064385 0.017438
0 0 0.456964 0.138114 0.334873 0.056074 0.013975
0 0 0.509667 0.142378 0.290695 0.041964 0.015296
2 0 0.283355 0.178243 0.427324 0.092832 0.018247
2 0 0.231859 0.133569 0.470654 0.142023 0.021895
2 0 0.173583 0.144124 0.508723 0.157210 0.016360
2 0 0.157736 0.140420 0.511588 0.172474 0.017782
2 0 0.176762 0.154757 0.508946 0.141292 0.018243
2 0 0.202928 0.171123 0.500807 0.107292 0.017849
2 0 0.043510 0.056850 0.535860 0.353729 0.010050
2 0 0.087006 0.112631 0.531704 0.245924 0.022735
2 0 0.047755 0.068548 0.540566 0.329065 0.014066
2 0 0.044717 0.062841 0.535961 0.344012 0.012469
2 0 0.069161 0.093510 0.526918 0.290434 0.019976
2 0 0.030576 0.049133 0.492575 0.415596 0.012121
2 0 0.029340 0.048084 0.494019 0.416572 0.011986
2 0 0.062077 0.087863 0.521660 0.308398 0.020003
2 0 0.061563 0.088699 0.525390 0.303954 0.020395
2 0 0.105703 0.126918 0.522387 0.221024 0.023969
2 0 0.092521 0.115079 0.529067 0.241028 0.022305
2 0 0.106174 0.129313 0.507452 0.230701 0.026360
2 0 0.070629 0.085150 0.539586 0.289734 0.014901
2 0 0.074049 0.090949 0.533699 0.284506 0.016797
2 0 0.115016 0.140836 0.511791 0.204360 0.027997
2 0 0.050002 0.061547 0.515116 0.362214 0.011121
2 0 0.067314 0.085199 0.520623 0.309946 0.016917
2 0 0.053452 0.067568 0.524091 0.342336 0.012553
2 0 0.038404 0.049076 0.513388 0.390464 0.008668
2 0 0.084882 0.091817 0.543432 0.265886 0.013983
2 0 0.097833 0.104921 0.535599 0.245248 0.016400
2 0 0.131717 0.136630 0.511750 0.198076 0.021826
2 0 0.054821 0.060211 0.536890 0.339303 0.008774
2 0 0.092287 0.095923 0.536695 0.260804 0.014290
2 0 0.084400 0.085016 0.526177 0.291923 0.012484
2 0 0.025086 0.032363 0.483129 0.453973 0.005449
2 0 0.044123 0.055556 0.519942 0.370543 0.009835
2 0 0.051859 0.065129 0.529356 0.341976 0.011680
3 0 0.021057 0.028707 0.467770 0.477314 0.005152
2 0 0.039539 0.049184 0.509787 0.392967 0.008523
2 0 0.165065 0.139791 0.515491 0.163540 0.016113
2 0 0.154973 0.144578 0.507427 0.173239 0.019783
2 0 0.214307 0.192275 0.448815 0.117946 0.026656
2 0 0.175746 0.147727 0.500141 0.158794 0.017592
2 0 0.278595 0.205609 0.387206 0.091561 0.037029
2 0 0.141686 0.175199 0.508962 0.141704 0.032449
2 0 0.100493 0.126992 0.532094 0.215774 0.024647
2 0 0.103559 0.132464 0.555342 0.185112 0.023522
2 0 0.108091 0.144059 0.539497 0.180057 0.028297
2 0 0.085256 0.111687 0.564282 0.218605 0.020169
2 0 0.069595 0.099536 0.559975 0.250555 0.020339
2 0 0.073929 0.108167 0.557828 0.237066 0.023010
2 1 0.069963 0.116012 0.534615 0.248000 0.031409
2 1 0.061338 0.135134 0.550757 0.176730 0.076041
2 2 0.069677 0.145712 0.549890 0.160919 0.073802
2 2 0.027749 0.074500 0.549667 0.289585 0.058498
2 1 0.024251 0.069592 0.532571 0.310326 0.063261
2 2 0.023286 0.054970 0.510028 0.382745 0.028970
2 2 0.030261 0.071505 0.543169 0.314798 0.040267
2 2 0.019769 0.061903 0.524040 0.326123 0.068165
2 2 0.035059 0.118675 0.489583 0.164941 0.191743
2 2 0.048751 0.152882 0.467180 0.105923 0.225264
2 1 0.027184 0.108577 0.447464 0.153049 0.263725
2 1 0.066374 0.166284 0.390230 0.079052 0.298059
2 1 0.025341 0.101838 0.452069 0.176609 0.244144
2 1 0.026606 0.104873 0.445925 0.182727 0.239869
2 1 0.029251 0.112228 0.445704 0.167445 0.245371
2 1 0.027396 0.106563 0.465796 0.160274 0.239971
2 1 0.099006 0.202663 0.396755 0.081821 0.219754
2 1 0.070132 0.176999 0.491856 0.105191 0.155822
4 1 0.172511 0.224075 0.252475 0.048762 0.302177
4 0 0.178536 0.206715 0.266670 0.048016 0.300063
2 0 0.266468 0.229760 0.322484 0.067271 0.114017
0 1 0.345732 0.229484 0.251907 0.054499 0.118378
2 1 0.203866 0.233384 0.335913 0.062721 0.164116
2 1 0.054115 0.119865 0.569615 0.190024 0.066380
2 2 0.050035 0.126865 0.555231 0.167140 0.100729
2 2 0.043789 0.116354 0.557896 0.180642 0.101319
2 2 0.045914 0.123235 0.546868 0.172214 0.111770
2 2 0.041156 0.108879 0.560129 0.198107 0.091729
2 2 0.031264 0.081744 0.555032 0.270449 0.061511
2 2 0.029446 0.081953 0.561719 0.254359 0.072523
2 2 0.035833 0.084067 0.558390 0.273185 0.048524
2 2 0.035198 0.087738 0.559959 0.257429 0.059677
2 2 0.029047 0.079289 0.567568 0.257698 0.066397
2 2 0.021728 0.051016 0.512055 0.389043 0.026159
2 2 0.019884 0.047312 0.512478 0.395605 0.024720
2 2 0.027841 0.058470 0.519269 0.371045 0.023376
2 2 0.024377 0.051006 0.505807 0.399199 0.019611
2 1 0.017227 0.043244 0.504592 0.409603 0.025334
2 2 0.259405 0.225813 0.331061 0.060287 0.123434
2 2 0.148394 0.218829 0.454548 0.112122 0.066107
2 1 0.169312 0.227825 0.430404 0.114940 0.057519
2 2 0.140714 0.222011 0.440061 0.127462 0.069753
2 2 0.129125 0.218256 0.434925 0.087981 0.129713
2 2 0.062225 0.157675 0.537097 0.105909 0.137093
2 2 0.051942 0.149890 0.516647 0.102151 0.179370
2 2 0.056987 0.148851 0.545303 0.111584 0.137276
2 2 0.055592 0.143197 0.556024 0.119559 0.125629
2 2 0.049694 0.130873 0.568855 0.132642 0.117936
2 2 0.033734 0.075485 0.579714 0.273017 0.038050
2 2 0.030201 0.069409 0.562914 0.300999 0.036476
2 2 0.030993 0.071047 0.571534 0.289019 0.037407
2 2 0.032385 0.073607 0.573055 0.282693 0.038260
2 3 0.030826 0.072708 0.581443 0.273534 0.041489
2 3 0.031604 0.070619 0.583691 0.279091 0.034995
2 3 0.034519 0.074154 0.560716 0.297229 0.033381
2 3 0.035939 0.077740 0.576341 0.273781 0.036199
2 3 0.036309 0.079203 0.563294 0.283558 0.037636
2 3 0.040177 0.087261 0.576968 0.253387 0.042208
2 3 0.037334 0.093602 0.582811 0.219810 0.066443
2 3 0.032052 0.078286 0.581966 0.258062 0.049635
2 3 0.036168 0.088427 0.583968 0.233422 0.058014
2 3 0.034281 0.079880 0.581650 0.258987 0.045203
2 3 0.051144 0.106235 0.567557 0.226900 0.048165
2 3 0.045317 0.086330 0.573246 0.265132 0.029975
2 3 0.043213 0.087981 0.572512 0.260086 0.036207
2 3 0.035560 0.075031 0.559631 0.297409 0.032369
2 3 0.022471 0.052750 0.543767 0.353567 0.027445
2 3 0.027084 0.060687 0.547329 0.335950 0.028950
2 3 0.031445 0.064244 0.539266 0.340461 0.024583
2 3 0.026315 0.060581 0.556110 0.326004 0.030989
2 3 0.024648 0.055667 0.539612 0.353516 0.026558
2 3 0.023532 0.055348 0.536674 0.355290 0.029155
2 3 0.027108 0.059934 0.536830 0.348627 0.027500
2 3 0.026943 0.062505 0.552410 0.325375 0.032767
2 3 0.027848 0.062951 0.552059 0.326165 0.030977
2 3 0.021905 0.056174 0.550818 0.334120 0.036983
2 3 0.035026 0.081577 0.558368 0.279125 0.045903
2 3 0.032993 0.075321 0.573487 0.278395 0.039804
2 3 0.029722 0.073212 0.561251 0.289523 0.046292
2 3 0.031455 0.076096 0.572096 0.273761 0.046592
2 3 0.031028 0.077052 0.578051 0.263210 0.050659
2 3 0.041178 0.088931 0.571954 0.255420 0.042518
2 3 0.033290 0.080566 0.574404 0.261641 0.050099
2 3 0.076899 0.169995 0.535070 0.112056 0.105981
2 3 0.088376 0.197968 0.473197 0.108737 0.131722
2 3 0.121743 0.219826 0.445125 0.109973 0.103334
2 3 0.056397 0.163271 0.488348 0.088275 0.203709
2 2 0.058425 0.167910 0.484468 0.079917 0.209280
2 2 0.154827 0.219167 0.420162 0.088526 0.117319
2 2 0.101396 0.187279 0.514027 0.121976 0.075322
2 1 0.080403 0.190452 0.481804 0.101613 0.145729
2 2 0.159139 0.226206 0.390892 0.091549 0.132215
2 2 0.080802 0.196718 0.458871 0.101063 0.162546
2 2 0.015597 0.044058 0.494149 0.411522 0.034673
2 2 0.019967 0.046389 0.483666 0.427371 0.022607
2 2 0.018725 0.048715 0.502747 0.397921 0.031892
2 2 0.021361 0.053438 0.505039 0.387841 0.032322
2 2 0.054633 0.106799 0.525979 0.271697 0.040893
2 2 0.159720 0.213463 0.456189 0.121752 0.048876
2 2 0.291644 0.229607 0.327939 0.076966 0.073844
2 2 0.156789 0.214514 0.458853 0.116262 0.053582
2 2 0.137222 0.225728 0.429877 0.091623 0.115551
2 2 0.155563 0.241397 0.383807 0.088874 0.130359
2 3 0.032177 0.098003 0.554545 0.200335 0.114940
2 3 0.025066 0.080519 0.556840 0.235237 0.102337
2 2 0.020310 0.070647 0.529952 0.273817 0.105274
2 2 0.023142 0.073680 0.544694 0.269609 0.088875
2 2 0.025641 0.083005 0.538168 0.245581 0.107605
2 2 0.077356 0.198547 0.438793 0.097092 0.188211
2 3 0.083487 0.203269 0.441815 0.102962 0.168468
2 2 0.089412 0.203813 0.455395 0.108976 0.142404
2 2 0.099541 0.147364 0.453704 0.117981 0.181410
2 2 0.083499 0.161727 0.575062 0.107394 0.072318
2 2 0.061698 0.148162 0.568919 0.110337 0.110883
2 2 0.060893 0.131262 0.598530 0.137677 0.071638
2 2 0.048127 0.120494 0.594143 0.143761 0.093476
2 2 0.070478 0.148193 0.571799 0.131417 0.078113
2 3 0.063831 0.131377 0.587171 0.154528 0.063094
2 3 0.051848 0.106332 0.604988 0.189158 0.047674
2 3 0.056144 0.111257 0.590823 0.195782 0.045995
2 3 0.067022 0.115191 0.585110 0.199066 0.033612
2 3 0.065585 0.118322 0.561624 0.215707 0.038763
2 2 0.109740 0.176403 0.518239 0.145924 0.049693
2 2 0.153208 0.212967 0.417591 0.097821 0.118413
2 2 0.125631 0.213331 0.396377 0.072397 0.192263
2 2 0.074998 0.179761 0.469905 0.082781 0.192555
2 2 0.092678 0.191109 0.462305 0.087800 0.166109
2 2 0.081752 0.182489 0.512658 0.103949 0.119152
2 2 0.077422 0.176517 0.524630 0.100176 0.121255
2 2 0.073596 0.179668 0.503338 0.095786 0.147612
2 2 0.090111 0.194654 0.486723 0.110843 0.117670
2 2 0.133255 0.218077 0.421055 0.106213 0.121400
2 1 0.225778 0.229870 0.354394 0.095588 0.094370
2 1 0.210733 0.248324 0.359725 0.099546 0.081673
2 2 0.132683 0.189034 0.472548 0.157267 0.048468
2 1 0.155236 0.199777 0.481534 0.123003 0.040450
2 2 0.198651 0.201054 0.436223 0.119402 0.044669
2 1 0.124937 0.165755 0.509849 0.164510 0.034949
2 1 0.161652 0.200361 0.433340 0.113831 0.090817
2 2 0.150100 0.184564 0.494468 0.135816 0.035052
2 2 0.108246 0.181301 0.531557 0.118669 0.060227
2 2 0.115045 0.196553 0.503067 0.108970 0.076365
2 2 0.104859 0.214315 0.447264 0.097334 0.136228
2 2 0.040039 0.089384 0.585829 0.237953 0.046795
2 2 0.030351 0.086698 0.558797 0.241022 0.083132
2 2 0.030933 0.087149 0.566408 0.234451 0.081058
2 2 0.041910 0.101417 0.569059 0.220796 0.066818
2 2 0.033510 0.085061 0.572554 0.248444 0.060431
2 2 0.068201 0.117288 0.571423 0.208891 0.034198
2 2 0.063821 0.132883 0.562138 0.176342 0.064816
2 1 0.048569 0.091195 0.511023 0.318971 0.030242
2 1 0.082940 0.125571 0.515008 0.243727 0.032755
2 1 0.071140 0.107352 0.562718 0.235510 0.023281
2 2 0.033307 0.054348 0.525785 0.373870 0.012690
2 2 0.040179 0.059636 0.525949 0.361397 0.012839
2 2 0.028219 0.045496 0.518710 0.397497 0.010078
2 2 0.023679 0.040231 0.487799 0.438310 0.009981
2 2 0.023900 0.041414 0.495530 0.428789 0.010367
2 2 0.058708 0.111710 0.572257 0.215988 0.041337
2 2 0.050129 0.095954 0.585538 0.233577 0.034802
2 2 0.046031 0.099993 0.575767 0.228109 0.050100
2 2 0.045640 0.084043 0.543155 0.300811 0.026351
2 2 0.052889 0.092035 0.561239 0.268047 0.025790
2 2 0.133637 0.199321 0.481639 0.135328 0.050076
2 0 0.192749 0.226507 0.427637 0.107109 0.045998
2 1 0.129726 0.170794 0.505862 0.157895 0.035722
2 2 0.167506 0.185184 0.486252 0.130020 0.031037
2 2 0.144415 0.174575 0.507603 0.141847 0.031561
2 2 0.072292 0.109172 0.561289 0.233412 0.023835
2 2 0.067187 0.109580 0.549355 0.246246 0.027632
2 2 0.051138 0.077374 0.567996 0.287652 0.015840
2 2 0.045676 0.077068 0.549212 0.308918 0.019126
2 1 0.054069 0.082803 0.559406 0.285764 0.017959
2 1 0.104764 0.149137 0.518881 0.192655 0.034563
2 2 0.057885 0.086912 0.563481 0.273423 0.018299
2 2 0.095845 0.129626 0.554530 0.195025 0.024975
2 2 0.066477 0.094998 0.571372 0.248638 0.018515
2 2 0.078257 0.109415 0.572904 0.218673 0.020751
2 2 0.073386 0.117003 0.553811 0.227060 0.028740
2 2 0.124161 0.166031 0.514350 0.160828 0.034629
2 2 0.091848 0.128337 0.557214 0.197050 0.025551
2 2 0.073413 0.118346 0.584931 0.193611 0.029700
2 2 0.088877 0.137469 0.559798 0.181450 0.032406
2 2 0.056559 0.087948 0.575121 0.261812 0.018559
2 2 0.065466 0.100202 0.573746 0.239443 0.021143
2 2 0.055794 0.084758 0.571971 0.269988 0.017488
2 2 0.063164 0.096600 0.577269 0.242925 0.020041
2 1 0.111287 0.165342 0.501854 0.178024 0.043492
2 1 0.200776 0.192437 0.434982 0.128186 0.043619
2 1 0.206276 0.224811 0.419390 0.102501 0.047022
2 1 0.138744 0.163273 0.497720 0.169245 0.031018
2 2 0.201612 0.209943 0.452700 0.102619 0.033125
2 2 0.182133 0.207138 0.463665 0.110622 0.036441
2 2 0.066536 0.120963 0.604395 0.166358 0.041748
2 2 0.060459 0.109733 0.579396 0.214372 0.036040
2 2 0.048245 0.105820 0.610290 0.179305 0.056339
2 2 0.067652 0.119110 0.560328 0.216143 0.036767
2 2 0.053646 0.103307 0.562200 0.242487 0.038359
2 2 0.046386 0.094189 0.585208 0.234824 0.039393
2 2 0.038904 0.084575 0.577455 0.258366 0.040700
2 2 0.036816 0.085315 0.584195 0.245230 0.048444
2 2 0.042613 0.082272 0.572028 0.273902 0.029185
2 2 0.041570 0.092396 0.571794 0.246301 0.047939
2 2 0.036185 0.066669 0.544652 0.332572 0.019921
2 2 0.029261 0.058709 0.524385 0.366644 0.021001
2 2 0.023923 0.051633 0.530877 0.371937 0.021629
2 2 0.022678 0.045893 0.532003 0.383400 0.016027
2 2 0.029746 0.061983 0.549112 0.334357 0.024802
2 2 0.031892 0.064053 0.555565 0.324894 0.023596
2 2 0.028331 0.061411 0.555028 0.328123 0.027107
2 2 0.029061 0.061580 0.546225 0.337499 0.025634
2 2 0.035475 0.072258 0.560120 0.303827 0.028320
2 2 0.023827 0.047877 0.525726 0.386037 0.016532
2 2 0.107073 0.170463 0.510820 0.166645 0.045000
2 2 0.106767 0.178555 0.510281 0.150055 0.054343
2 2 0.089264 0.136231 0.552426 0.191441 0.030638
2 2 0.149216 0.215465 0.451164 0.128008 0.056147
2 1 0.185543 0.213461 0.401772 0.125564 0.073660
2 1 0.268590 0.211229 0.375343 0.090937 0.053901
2 1 0.165534 0.205381 0.455233 0.129867 0.043986
2 2 0.156206 0.173480 0.515791 0.128025 0.026497
2 2 0.159532 0.212206 0.469035 0.105293 0.053934
2 2 0.160115 0.195192 0.489111 0.119874 0.035708
2 2 0.049697 0.106769 0.589923 0.200202 0.053409
2 2 0.042213 0.079370 0.579179 0.273018 0.026220
2 2 0.055426 0.088274 0.567404 0.269177 0.019718
2 2 0.044257 0.072215 0.560521 0.306677 0.016330
2 2 0.053690 0.110084 0.566903 0.220544 0.048780
2 2 0.043382 0.074960 0.560287 0.301682 0.019688
2 2 0.051621 0.093716 0.572931 0.252285 0.029446
2 2 0.043776 0.086316 0.568746 0.268569 0.032593
2 2 0.041825 0.100087 0.577652 0.216298 0.064137
2 2 0.049188 0.081194 0.566095 0.284098 0.019425
2 1 0.149477 0.202633 0.473286 0.128921 0.045683
2 1 0.117319 0.175287 0.484397 0.175696 0.047302
2 1 0.114147 0.151026 0.527365 0.176959 0.030503
2 2 0.104642 0.143996 0.521438 0.198041 0.031883
2 2 0.057789 0.081344 0.580729 0.265402 0.014737
2 2 0.134768 0.197961 0.499100 0.112306 0.055865
2 2 0.141853 0.187613 0.505304 0.126513 0.038717
2 2 0.103897 0.181965 0.535258 0.106910 0.071970
2 2 0.099508 0.142110 0.562711 0.167940 0.027731
2 2 0.093518 0.161536 0.574435 0.116662 0.053849
2 2 0.093574 0.159203 0.561740 0.135374 0.050108
2 2 0.098684 0.186446 0.522702 0.101756 0.090412
2 2 0.108314 0.175868 0.539797 0.123973 0.052048
2 2 0.117867 0.171568 0.524413 0.148505 0.037647
2 0 0.067860 0.136791 0.551044 0.168531 0.075775
0 0 0.411710 0.208501 0.305032 0.050485 0.024272
0 0 0.525326 0.182879 0.235039 0.034109 0.022647
0 0 0.386637 0.218540 0.321751 0.053318 0.019754
0 0 0.511521 0.185944 0.244346 0.035845 0.022344
0 0 0.641275 0.150686 0.162434 0.021294 0.024313
2 0 0.199722 0.214876 0.436184 0.110793 0.038424
2 0 0.162203 0.186051 0.490289 0.129242 0.032215
2 0 0.182864 0.214511 0.450845 0.110863 0.040916
2 0 0.172668 0.207923 0.464529 0.115049 0.039832
2 0 0.180336 0.203686 0.470012 0.111092 0.034874
2 0 0.115511 0.151129 0.516220 0.185568 0.031572
2 0 0.112312 0.137668 0.534630 0.190384 0.025006
2 0 0.079660 0.102850 0.565904 0.233457 0.018128
2 0 0.091363 0.119788 0.547809 0.218015 0.023025
2 0 0.093878 0.122223 0.553331 0.207846 0.022722
2 0 0.074357 0.099573 0.560171 0.247153 0.018746
2 0 0.069254 0.089448 0.564518 0.261094 0.015685
2 0 0.069763 0.092473 0.569488 0.251774 0.016502
2 0 0.046998 0.073133 0.548298 0.315222 0.016349
2 0 0.109245 0.142307 0.522672 0.196519 0.029257
2 0 0.173601 0.186925 0.469931 0.135459 0.034085
2 0 0.087708 0.114283 0.542740 0.232981 0.022288
2 0 0.097248 0.116859 0.546416 0.219256 0.020221
2 0 0.113926 0.131554 0.547190 0.186220 0.021109
2 0 0.128965 0.147867 0.523165 0.174825 0.025179
2 1 0.055513 0.082466 0.562981 0.282021 0.017019
2 1 0.067526 0.111869 0.534483 0.255888 0.030235
2 0 0.044919 0.090427 0.542483 0.286183 0.035988
2 1 0.038379 0.075573 0.512663 0.346305 0.027081
2 1 0.045199 0.085992 0.530545 0.309000 0.029264
2 1 0.053322 0.112036 0.540145 0.242126 0.052370
2 1 0.046559 0.105111 0.534351 0.256271 0.057708
2 0 0.043220 0.098061 0.528866 0.276428 0.053425
2 1 0.076841 0.134384 0.545834 0.200931 0.042010
2 1 0.075562 0.130021 0.578127 0.176910 0.039379
2 1 0.073531 0.126399 0.579011 0.183210 0.037849
2 1 0.084123 0.136933 0.563969 0.177726 0.037249
2 1 0.054240 0.115728 0.600585 0.170685 0.058761
2 1 0.052295 0.136358 0.532160 0.161103 0.118084
2 1 0.041055 0.128773 0.486278 0.169954 0.173939
2 1 0.116888 0.230184 0.357073 0.096083 0.199773
2 1 0.125093 0.223976 0.318306 0.073791 0.258834
2 0 0.131862 0.225350 0.322381 0.075954 0.244452
2 0 0.192057 0.216656 0.371980 0.081792 0.137515
2 1 0.182904 0.223905 0.420984 0.112296 0.059911
2 1 0.118697 0.166227 0.516200 0.162282 0.036594
2 1 0.085842 0.146359 0.562660 0.159430 0.045710
2 1 0.075460 0.135804 0.536488 0.206733 0.045515
2 1 0.122898 0.167810 0.512000 0.161076 0.036215
2 1 0.081762 0.128466 0.546598 0.212205 0.030969
2 1 0.071425 0.188723 0.456130 0.092054 0.191669
2 1 0.069182 0.192786 0.423629 0.088653 0.225750
2 1 0.080339 0.183421 0.492661 0.118635 0.124945
2 1 0.104782 0.204828 0.440222 0.098253 0.151915
2 1 0.067310 0.193066 0.409351 0.086273 0.244000
2 1 0.025298 0.092208 0.490147 0.227198 0.165149
2 1 0.032331 0.103018 0.521597 0.207151 0.135903
2 1 0.027631 0.095362 0.503961 0.222803 0.150243
2 1 0.047480 0.132202 0.536702 0.148257 0.135359
2 0 0.064819 0.136039 0.572662 0.157643 0.068837
2 1 0.025714 0.091341 0.505867 0.223685 0.153393
2 1 0.028832 0.094467 0.524413 0.221716 0.130573
2 1 0.025136 0.091713 0.498597 0.219389 0.165165
2 1 0.026232 0.092503 0.510135 0.217804 0.153326
2 1 0.026041 0.085175 0.513769 0.261990 0.113025
2 1 0.027424 0.087022 0.520902 0.256937 0.107716
2 1 0.026234 0.086424 0.509657 0.260566 0.117120
2 1 0.026634 0.083705 0.513172 0.276816 0.099673
2 1 0.025364 0.086436 0.512210 0.247841 0.128149
2 1 0.020718 0.075824 0.489645 0.284485 0.129327
2 0 0.128760 0.241495 0.368077 0.107768 0.153899
2 0 0.174686 0.250470 0.340496 0.103066 0.131283
2 1 0.273832 0.232636 0.344327 0.081700 0.067505
2 1 0.160473 0.204103 0.455655 0.134210 0.045560
2 1 0.173558 0.204331 0.470589 0.114296 0.037227
2 1 0.081985 0.128515 0.573444 0.185379 0.030677
2 1 0.123916 0.172731 0.530695 0.133673 0.038985
2 1 0.089032 0.152193 0.564655 0.146138 0.047982
2 1 0.072483 0.173709 0.518003 0.101266 0.134539
2 1 0.075328 0.155783 0.548721 0.141326 0.078843
2 1 0.050670 0.113396 0.579433 0.192801 0.063700
2 1 0.045517 0.101173 0.581275 0.217994 0.054041
2 2 0.045151 0.109652 0.566755 0.203901 0.074542
2 2 0.050118 0.111196 0.562596 0.215927 0.060163
2 1 0.058921 0.122280 0.545654 0.216154 0.056992
2 1 0.039615 0.073210 0.526300 0.338525 0.022350
2 2 0.046155 0.083166 0.549639 0.296333 0.024707
2 2 0.040814 0.074884 0.537166 0.324495 0.022640
2 2 0.043441 0.081087 0.557734 0.291518 0.026220
2 2 0.037644 0.074018 0.557331 0.304321 0.026686
2 2 0.044533 0.101568 0.582142 0.213761 0.057996
2 2 0.037190 0.099287 0.560288 0.220020 0.083215
2 2 0.034180 0.096257 0.557842 0.220088 0.091633
2 2 0.035097 0.093765 0.548706 0.245411 0.077022
2 2 0.040381 0.083729 0.534515 0.306241 0.035134
2 2 0.033599 0.078702 0.554471 0.288746 0.044482
2 2 0.033183 0.087427 0.552029 0.259227 0.068135
2 2 0.030911 0.081541 0.559210 0.265518 0.062821
2 2 0.039134 0.089269 0.564010 0.258747 0.048840
2 2 0.033030 0.078141 0.562056 0.281436 0.045337
2 2 0.032223 0.085886 0.561618 0.251369 0.068904
2 2 0.036971 0.085660 0.567062 0.261999 0.048308
2 2 0.047001 0.098159 0.558393 0.252469 0.043979
2 2 0.032337 0.084726 0.568806 0.249076 0.065054
2 2 0.038882 0.085754 0.566357 0.266278 0.042728
2 2 0.044692 0.092332 0.561897 0.261375 0.039704
2 2 0.033290 0.079027 0.566536 0.274699 0.046448
2 2 0.041314 0.091190 0.572172 0.248981 0.046343
2 2 0.037397 0.078249 0.552125 0.298946 0.033283
2 2 0.038443 0.084497 0.564407 0.271089 0.041564
2 2 0.021769 0.057099 0.507182 0.374545 0.039405
2 2 0.024359 0.061065 0.523658 0.352594 0.038324
2 2 0.023738 0.060750 0.527296 0.348068 0.040147
2 2 0.024020 0.056976 0.506326 0.382104 0.030575
2 2 0.022620 0.057941 0.511194 0.370405 0.037839
2 2 0.166512 0.247638 0.353640 0.100568 0.131641
2 1 0.209541 0.257592 0.325943 0.081181 0.125742
2 0 0.172263 0.220930 0.433671 0.116074 0.057063
0 1 0.337210 0.231404 0.297002 0.065570 0.068813
2 1 0.176755 0.219812 0.442786 0.113858 0.046790
2 2 0.070193 0.165582 0.547189 0.093709 0.123327
2 2 0.089830 0.163135 0.571913 0.113231 0.061891
2 2 0.080308 0.162826 0.570678 0.104243 0.081946
2 2 0.085914 0.145635 0.584625 0.139265 0.044562
2 2 0.083953 0.161934 0.574645 0.107814 0.071653
2 2 0.072962 0.140522 0.598804 0.128541 0.059171
2 2 0.083855 0.166606 0.561255 0.108605 0.079678
2 2 0.078487 0.168035 0.553824 0.102048 0.097606
2 2 0.069545 0.146197 0.566333 0.141767 0.076158
2 2 0.074531 0.146616 0.591010 0.121879 0.065964
2 2 0.058858 0.107065 0.596704 0.201928 0.035445
2 2 0.064361 0.122365 0.597557 0.168508 0.047209
2 2 0.047978 0.099555 0.610269 0.196968 0.045229
2 2 0.052713 0.101376 0.615345 0.192188 0.038378
2 2 0.064744 0.123658 0.596452 0.166748 0.048397
2 2 0.054005 0.114325 0.597540 0.177578 0.056552
2 2 0.049097 0.103263 0.612846 0.185649 0.049145
2 2 0.057573 0.100713 0.598850 0.213091 0.029772
2 2 0.055391 0.117064 0.602431 0.166793 0.058322
2 2 0.047915 0.107378 0.612898 0.171032 0.060777
2 3 0.038733 0.081518 0.593729 0.249912 0.036107
2 2 0.038008 0.070582 0.562539 0.306976 0.021895
2 2 0.045433 0.095156 0.590856 0.225310 0.043245
2 2 0.031814 0.067254 0.568498 0.303880 0.028553
2 2 0.038186 0.089060 0.601079 0.219270 0.052405
2 2 0.054956 0.103885 0.585829 0.218018 0.037311
2 2 0.050875 0.101144 0.580535 0.226650 0.040795
2 2 0.045445 0.089325 0.574026 0.257388 0.033817
2 2 0.037838 0.088858 0.570215 0.250702 0.052386
2 1 0.090198 0.169795 0.520934 0.150442 0.068630
2 1 0.131183 0.171343 0.495917 0.164492 0.037066
2 2 0.096385 0.127565 0.553199 0.198757 0.024094
2 1 0.150579 0.165208 0.514148 0.144114 0.025950
2 1 0.161966 0.184578 0.474016 0.144758 0.034683
2 2 0.092745 0.118145 0.530859 0.234828 0.023423
2 2 0.064396 0.090547 0.546077 0.280122 0.018858
2 2 0.085264 0.111364 0.542423 0.239131 0.021819
2 2 0.071845 0.102382 0.536532 0.266484 0.022757
2 2 0.073434 0.102725 0.551525 0.251191 0.021125
2 2 0.142416 0.175447 0.497470 0.150484 0.034183
2 2 0.050409 0.075032 0.532938 0.324751 0.016870
2 2 0.058134 0.083660 0.529736 0.309755 0.018715
2 2 0.069170 0.094911 0.535935 0.279958 0.020027
2 1 0.038243 0.061572 0.526923 0.358591 0.014671
2 2 0.056868 0.086899 0.518309 0.316043 0.021881
2 2 0.056123 0.080512 0.526421 0.318940 0.018005
2 1 0.055111 0.081353 0.532680 0.312393 0.018463
2 2 0.047250 0.073882 0.521085 0.339530 0.018253
2 2 0.051309 0.073384 0.529074 0.330373 0.015860
2 2 0.077531 0.104141 0.558082 0.240364 0.019883
2 2 0.037056 0.058001 0.530361 0.361600 0.012983
2 2 0.038546 0.064146 0.552698 0.329792 0.014818
2 2 0.040700 0.071368 0.527225 0.341140 0.019568
2 2 0.028433 0.053564 0.499346 0.402660 0.015998
2 2 0.045411 0.072841 0.538377 0.325938 0.017433
2 0 0.185654 0.238517 0.407526 0.109898 0.058405
2 0 0.175927 0.219678 0.443159 0.114230 0.047005
2 1 0.282969 0.230562 0.356388 0.079193 0.050887
2 1 0.203936 0.217715 0.439106 0.102251 0.036992
2 1 0.189591 0.215116 0.452445 0.101602 0.041246
2 1 0.078214 0.168497 0.552938 0.097143 0.103207
2 2 0.102197 0.190843 0.515215 0.094335 0.097411
2 2 0.088780 0.177342 0.419250 0.059385 0.255243
4 1 0.075985 0.164230 0.281252 0.042318 0.436216
2 1 0.141666 0.201992 0.385453 0.063519 0.207370
2 1 0.081337 0.160383 0.559333 0.125440 0.073508
2 2 0.053927 0.144435 0.546733 0.114286 0.140619
2 2 0.051851 0.160701 0.463508 0.086000 0.237940
2 2 0.051517 0.162587 0.451312 0.079687 0.254897
2 2 0.061283 0.151943 0.548596 0.115106 0.123072
2 2 0.068845 0.162612 0.545105 0.103794 0.119644
2 2 0.052805 0.130854 0.557244 0.159918 0.099179
2 2 0.026758 0.096717 0.491547 0.212610 0.172369
2 2 0.033142 0.112549 0.498577 0.175478 0.180253
2 2 0.036778 0.109264 0.524451 0.207166 0.122341
2 2 0.047870 0.157659 0.430802 0.096206 0.267464
2 2 0.045417 0.153786 0.431921 0.087170 0.281706
2 2 0.052842 0.165624 0.439548 0.089333 0.252653
2 1 0.052246 0.161280 0.403876 0.084017 0.298582
2 1 0.133424 0.195756 0.440132 0.081492 0.149196
2 1 0.177718 0.217723 0.429981 0.090441 0.084136
2 1 0.108817 0.192416 0.508460 0.114237 0.076070
2 1 0.092653 0.200035 0.473249 0.092664 0.141400
2 1 0.121686 0.223557 0.437491 0.110233 0.107033
2 1 0.110793 0.202124 0.420453 0.085235 0.181395
2 0 0.051756 0.168515 0.407737 0.087114 0.284878
2 4 0.085970 0.184734 0.507903 0.104440 0.116952
2 4 0.052536 0.168905 0.413502 0.089140 0.275916
2 0 0.046627 0.160204 0.395893 0.092213 0.305063
2 0 0.127204 0.193992 0.370824 0.062943 0.245037
2 4 0.093334 0.196550 0.383301 0.074035 0.252780
2 4 0.037526 0.127468 0.476189 0.145154 0.213661
2 4 0.027585 0.106299 0.457189 0.177985 0.230942
2 4 0.029172 0.108234 0.465964 0.182756 0.213874
2 4 0.027174 0.101913 0.472662 0.195182 0.203069
2 4 0.016217 0.059236 0.480168 0.350099 0.094280
2 4 0.019632 0.065533 0.486997 0.342837 0.085001
2 4 0.069834 0.164110 0.513383 0.137068 0.115606
2 4 0.032082 0.082522 0.533139 0.293040 0.059218
2 4 0.030224 0.074948 0.528155 0.318784 0.047889
2 4 0.023544 0.094016 0.463900 0.203501 0.215039
2 4 0.023685 0.090462 0.477829 0.226448 0.181577
2 4 0.025168 0.093783 0.487666 0.214169 0.179214
2 4 0.060273 0.156037 0.512524 0.131958 0.139208
2 4 0.038423 0.115690 0.525848 0.182823 0.137216
2 4 0.028144 0.082097 0.541563 0.266946 0.081250
2 4 0.023647 0.076702 0.516458 0.286227 0.096965
2 4 0.022371 0.073012 0.519298 0.292608 0.092711
2 4 0.015079 0.062908 0.487329 0.291052 0.143633
2 4 0.017728 0.068865 0.493688 0.285791 0.133928
2 4 0.040915 0.140315 0.445424 0.123184 0.250162
2 0 0.083043 0.197042 0.334004 0.071766 0.314145
2 4 0.088975 0.184227 0.511966 0.116180 0.098652
2 4 0.044094 0.151672 0.422323 0.097396 0.284516
2 4 0.043770 0.146815 0.445763 0.110786 0.252866
2 4 0.026446 0.106997 0.447208 0.151286 0.268063
2 1 0.030498 0.119181 0.432489 0.134703 0.283129
2 4 0.089830 0.180012 0.373722 0.059552 0.296883
2 4 0.034853 0.124659 0.467831 0.133451 0.239207
2 4 0.027526 0.108150 0.452479 0.161558 0.250288
2 4 0.054800 0.175162 0.391839 0.096878 0.281321
2 4 0.053591 0.165223 0.396447 0.086610 0.298130
2 4 0.040700 0.144303 0.418832 0.111420 0.284745
4 4 0.062970 0.135069 0.315912 0.065597 0.420452
2 4 0.043235 0.149154 0.426055 0.102253 0.279303
2 4 0.016837 0.064859 0.490847 0.306096 0.121361
2 4 0.016379 0.063610 0.490680 0.308362 0.120970
2 4 0.016723 0.064448 0.495631 0.302452 0.120746
2 4 0.015023 0.058284 0.483675 0.335058 0.107959
2 4 0.016232 0.065881 0.484530 0.291807 0.141550
2 4 0.086278 0.202917 0.345017 0.074650 0.291139
2 4 0.088114 0.201748 0.325014 0.069680 0.315445
2 0 0.150442 0.227871 0.291088 0.066912 0.263687
2 1 0.248681 0.227959 0.361530 0.087627 0.074202
2 1 0.164821 0.211148 0.462660 0.115219 0.046152
2 1 0.078707 0.134182 0.569804 0.176255 0.041053
2 1 0.111629 0.153470 0.533532 0.169810 0.031559
2 1 0.097718 0.138317 0.541596 0.192907 0.029462
2 1 0.104629 0.142187 0.540918 0.183670 0.028596
2 1 0.107846 0.139472 0.543127 0.183406 0.026149
2 1 0.166052 0.198287 0.469405 0.127797 0.038460
2 1 0.152815 0.188078 0.480624 0.140679 0.037805
2 1 0.139859 0.169493 0.496405 0.161127 0.033116
2 1 0.125441 0.145088 0.529044 0.175896 0.024531
2 0 0.086353 0.113054 0.552635 0.226610 0.021348
2 0 0.042262 0.064365 0.516149 0.362133 0.015091
2 1 0.040067 0.058972 0.514672 0.373289 0.013000
2 1 0.034316 0.051257 0.524198 0.379583 0.010646
2 1 0.029866 0.047482 0.533586 0.379047 0.010020
2 1 0.048298 0.067055 0.546112 0.325627 0.012908
2 1 0.037182 0.060826 0.537808 0.349989 0.014195
2 1 0.064103 0.091623 0.567680 0.258558 0.018035
2 1 0.066982 0.095203 0.548356 0.269401 0.020057
2 1 0.072639 0.097087 0.563057 0.249210 0.018006
2 2 0.058125 0.091306 0.548822 0.280207 0.021541
2 2 0.076625 0.184707 0.491769 0.093378 0.153522
2 2 0.073864 0.156200 0.556755 0.128674 0.084506
2 2 0.078320 0.175124 0.531017 0.101236 0.114302
2 2 0.077267 0.144981 0.577216 0.143736 0.056800
2 2 0.065268 0.158704 0.538879 0.113496 0.123653
2 2 0.066727 0.148224 0.566897 0.128360 0.089792
2 2 0.075031 0.142508 0.577202 0.148091 0.057168
2 2 0.065059 0.147646 0.561404 0.131931 0.093960
2 2 0.066744 0.142720 0.582814 0.129694 0.078028
2 1 0.071642 0.141576 0.571527 0.152896 0.062359
2 1 0.109261 0.179280 0.526667 0.131927 0.052865
2 1 0.108260 0.168558 0.531416 0.144486 0.047280
2 1 0.107615 0.177533 0.530868 0.126338 0.057647
2 1 0.089379 0.154830 0.577053 0.127692 0.051047
2 2 0.121889 0.158967 0.537806 0.152019 0.029320
2 2 0.077041 0.155157 0.570264 0.122861 0.074677
2 2 0.074723 0.137061 0.596307 0.141559 0.050350
2 2 0.088876 0.156279 0.568738 0.132792 0.053315
2 2 0.078977 0.136353 0.590772 0.151148 0.042750
2 2 0.074792 0.153591 0.574967 0.118911 0.077739
2 2 0.068404 0.127067 0.587475 0.170531 0.046524
2 2 0.081654 0.127853 0.543408 0.215988 0.031096
2 2 0.057067 0.107936 0.582720 0.213101 0.039175
2 2 0.063699 0.124390 0.587635 0.173006 0.051270
2 2 0.099279 0.147437 0.547590 0.171979 0.033716
2 2 0.164597 0.211944 0.458599 0.119238 0.045623
2 2 0.151494 0.207366 0.474189 0.116053 0.050897
2 2 0.177451 0.218504 0.444993 0.113493 0.045558
2 1 0.133295 0.182979 0.483792 0.156747 0.043187
2 2 0.171597 0.211188 0.441103 0.129344 0.046768
2 2 0.087140 0.136223 0.548643 0.195558 0.032435
2 2 0.138583 0.196685 0.499008 0.115109 0.050614
2 2 0.104132 0.180591 0.537388 0.109478 0.068412
2 2 0.120479 0.169631 0.538079 0.136599 0.035212
2 2 0.126651 0.186429 0.518101 0.120768 0.048050
2 2 0.083111 0.134971 0.581016 0.164889 0.036013
2 2 0.106723 0.149076 0.549926 0.164864 0.029411
2 2 0.081677 0.125559 0.558865 0.205785 0.028114
2 2 0.112960 0.156246 0.533799 0.164881 0.032114
2 1 0.126896 0.186303 0.486679 0.153124 0.046999
2 1 0.176065 0.220961 0.407286 0.112885 0.082803
2 1 0.155762 0.214827 0.462130 0.110368 0.056913
2 1 0.134852 0.211429 0.472412 0.108941 0.072365
2 1 0.172357 0.218656 0.445526 0.115839 0.047623
2 1 0.143486 0.180671 0.480427 0.156717 0.038698
2 1 0.183904 0.195067 0.470887 0.118663 0.031478
2 1 0.179277 0.207237 0.439275 0.127645 0.046566
2 1 0.161097 0.179391 0.491785 0.137346 0.030381
2 2 0.149160 0.153039 0.519696 0.155956 0.022149
2 2 0.161093 0.153295 0.521479 0.144601 0.019532
2 2 0.152375 0.188858 0.508809 0.113315 0.036643
2 2 0.136460 0.199155 0.502078 0.102275 0.060032
2 2 0.139144 0.204721 0.490009 0.102483 0.063643
2 2 0.157725 0.202276 0.486927 0.107324 0.045748
2 2 0.159745 0.198064 0.489873 0.112518 0.039800
2 2 0.139727 0.182333 0.517258 0.125296 0.035386
2 2 0.111282 0.182285 0.538230 0.103144 0.065059
2 2 0.099764 0.145510 0.573172 0.150085 0.031471
2 2 0.126274 0.180951 0.529674 0.119238 0.043863
2 2 0.095886 0.132928 0.570491 0.176126 0.024568
2 2 0.108005 0.192710 0.508739 0.111260 0.079286
2 2 0.088412 0.146379 0.580754 0.142269 0.042186
2 2 0.112358 0.170978 0.550506 0.121827 0.044331
2 2 0.090096 0.137933 0.576654 0.163421 0.031896
2 2 0.100135 0.164531 0.564636 0.122347 0.048350
2 2 0.053595 0.092715 0.574838 0.253057 0.025795
2 2 0.045727 0.077131 0.566209 0.291687 0.019246
2 2 0.051203 0.079733 0.576247 0.276306 0.016511
2 3 0.048551 0.076389 0.573081 0.285926 0.016053
2 2 0.043339 0.068803 0.569592 0.303833 0.014434
2 2 0.046051 0.076701 0.569287 0.289416 0.018546
2 2 0.062221 0.097046 0.571147 0.248486 0.021101
2 2 0.051721 0.084015 0.561768 0.283061 0.019436
2 2 0.049944 0.086240 0.600267 0.239817 0.023732
2 2 0.065126 0.104720 0.558559 0.246700 0.024895
2 2 0.038195 0.089266 0.564543 0.256071 0.051926
2 3 0.035829 0.081264 0.572976 0.266936 0.042995
2 3 0.034702 0.075544 0.576557 0.277686 0.035512
2 3 0.035276 0.081329 0.573273 0.265278 0.044844
2 2 0.028732 0.071480 0.568889 0.284678 0.046220
2 2 0.037280 0.083372 0.565686 0.270949 0.042713
2 2 0.035147 0.082562 0.563813 0.270772 0.047706
2 3 0.031181 0.073670 0.557142 0.296053 0.041954
2 3 0.027139 0.057315 0.549750 0.342452 0.023344
2 3 0.032959 0.071800 0.572067 0.289804 0.033369
2 3 0.036771 0.095401 0.576497 0.217264 0.074066
2 3 0.046167 0.108393 0.569555 0.208432 0.067454
2 3 0.040409 0.102161 0.572541 0.209311 0.075578
2 3 0.041607 0.097941 0.574008 0.226728 0.059717
2 3 0.047005 0.098130 0.575898 0.234694 0.044272
2 3 0.040253 0.118551 0.532662 0.174144 0.134390
2 3 0.040838 0.105281 0.574244 0.196888 0.082749
2 3 0.043386 0.109834 0.565881 0.197814 0.083085
2 3 0.042198 0.109999 0.570558 0.187177 0.090068
2 3 0.049120 0.116440 0.572004 0.186341 0.076095
2 3 0.040857 0.098073 0.578969 0.219082 0.063019
2 3 0.043818 0.112717 0.567161 0.186588 0.089715
2 3 0.034147 0.098929 0.552457 0.212531 0.101936
2 3 0.048429 0.109858 0.575905 0.202696 0.063113
2 3 0.046684 0.105612 0.571773 0.216514 0.059417
2 3 0.042426 0.113525 0.563917 0.179933 0.100198
2 3 0.047867 0.121328 0.560145 0.175707 0.094953
2 3 0.040971 0.105203 0.567729 0.204585 0.081512
2 3 0.044310 0.107604 0.588045 0.186401 0.073640
2 3 0.041776 0.112516 0.546739 0.199349 0.099619
2 3 0.049074 0.119744 0.559136 0.187616 0.084430
2 3 0.054473 0.126064 0.559796 0.180687 0.078980
2 3 0.039955 0.105759 0.568692 0.196756 0.088837
2 3 0.040845 0.097671 0.576928 0.222537 0.062019
2 3 0.040501 0.104624 0.570842 0.201698 0.082335
2 3 0.051181 0.118111 0.565140 0.193488 0.072080
2 3 0.054552 0.129895 0.569020 0.157326 0.089206
2 3 0.050568 0.116263 0.585548 0.176794 0.070827
2 2 0.047275 0.113387 0.574294 0.189244 0.075800
2 3 0.086814 0.174436 0.523666 0.130406 0.084678
2 2 0.163928 0.222436 0.439290 0.119913 0.054434
2 2 0.144296 0.196343 0.505504 0.103171 0.050685
2 2 0.124118 0.196009 0.512916 0.093286 0.073672
2 2 0.121368 0.177260 0.547853 0.104521 0.048999
2 2 0.142078 0.210633 0.481730 0.091612 0.073947
2 2 0.099766 0.177473 0.547569 0.099964 0.075228
2 3 0.115278 0.183546 0.533987 0.106645 0.060544
2 2 0.120942 0.179492 0.539275 0.111171 0.049120
2 2 0.121129 0.174826 0.542626 0.119371 0.042049
2 2 0.087742 0.164397 0.571973 0.105152 0.070736
2 3 0.093506 0.160624 0.576413 0.116697 0.052759
