0 0 0.811684 0.076657 0.084847 0.018633 0.008179
0 0 0.896570 0.037320 0.047504 0.014826 0.003780
0 0 0.888395 0.044829 0.046481 0.014302 0.005993
0 0 0.899372 0.028352 0.050359 0.020645 0.001272
0 0 0.905374 0.037820 0.041970 0.010276 0.004560
0 0 0.554337 0.155276 0.182708 0.039829 0.067849
0 0 0.587822 0.148201 0.178976 0.044617 0.040383
0 0 0.414352 0.240034 0.227141 0.022577 0.095897
0 0 0.467710 0.217454 0.173489 0.018947 0.122401
0 0 0.414483 0.225108 0.236974 0.026921 0.096514
0 0 0.541154 0.152342 0.228196 0.056723 0.021585
0 0 0.427362 0.181204 0.303828 0.068991 0.018616
2 0 0.342376 0.226562 0.346019 0.053174 0.031870
0 0 0.392487 0.198498 0.320465 0.060971 0.027579
0 0 0.392274 0.202121 0.322655 0.052016 0.030934
0 0 0.680627 0.122025 0.156683 0.025504 0.015161
0 0 0.701961 0.120054 0.134536 0.025825 0.017625
0 0 0.830681 0.066042 0.071115 0.024475 0.007687
0 0 0.778261 0.075132 0.108502 0.029884 0.008220
0 0 0.774786 0.063846 0.083305 0.073623 0.004440
0 0 0.530988 0.163936 0.237757 0.040674 0.026646
0 0 0.647518 0.123593 0.154723 0.056699 0.017467
0 0 0.408311 0.247812 0.260317 0.028814 0.054746
0 0 0.457776 0.228301 0.237363 0.026664 0.049896
0 0 0.503253 0.186638 0.209075 0.055382 0.045652
0 0 0.735390 0.085035 0.129981 0.039865 0.009729
0 0 0.644510 0.128836 0.173636 0.036145 0.016873
0 0 0.645066 0.139396 0.154077 0.033428 0.028034
0 0 0.432913 0.270285 0.199331 0.021657 0.075815
0 0 0.617064 0.130676 0.187962 0.043414 0.020885
0 0 0.643815 0.141969 0.152647 0.029223 0.032347
0 0 0.608010 0.168693 0.132633 0.015170 0.075494
0 0 0.624049 0.160932 0.150886 0.018089 0.046045
0 0 0.763655 0.083134 0.107860 0.033403 0.011947
0 0 0.504802 0.195090 0.183315 0.029471 0.087321
0 0 0.284153 0.237417 0.229677 0.031226 0.217527
0 0 0.423409 0.180753 0.186241 0.028217 0.181380
2 0 0.240374 0.254331 0.352337 0.055016 0.097942
0 0 0.283499 0.266147 0.219831 0.016435 0.214088
0 0 0.319623 0.258943 0.284970 0.040901 0.095563
0 0 0.378633 0.216513 0.183567 0.036963 0.184323
0 0 0.653360 0.137254 0.135137 0.022948 0.051301
0 0 0.678658 0.122628 0.124872 0.028891 0.044950
0 0 0.456039 0.222259 0.208184 0.032353 0.081165
0 0 0.573105 0.151514 0.185285 0.043499 0.046598
2 0 0.276413 0.268690 0.303113 0.038549 0.113236
0 0 0.358584 0.210361 0.276878 0.055094 0.099083
0 0 0.374672 0.203666 0.254229 0.044380 0.123053
2 0 0.196387 0.275637 0.309513 0.029070 0.189393
2 0 0.230287 0.280102 0.354746 0.041063 0.093802
0 0 0.400584 0.266374 0.228320 0.027712 0.077010
0 0 0.501562 0.165244 0.242576 0.056118 0.034499
0 0 0.512629 0.195250 0.160897 0.030631 0.100593
0 0 0.518903 0.194286 0.170174 0.035072 0.081565
0 0 0.428519 0.250854 0.215748 0.026098 0.078782
0 0 0.407161 0.172885 0.267805 0.130615 0.021533
0 0 0.323709 0.251107 0.318191 0.039765 0.067228
2 0 0.291801 0.290923 0.331576 0.031890 0.053810
2 0 0.225348 0.289780 0.379521 0.042135 0.063216
2 0 0.215296 0.281065 0.399551 0.044374 0.059714
2 0 0.171292 0.263489 0.452581 0.062005 0.050632
2 0 0.242264 0.279744 0.391135 0.046465 0.040392
2 0 0.228715 0.268704 0.399128 0.043318 0.060135
0 0 0.402721 0.206330 0.302000 0.045553 0.043397
2 0 0.241885 0.259035 0.358440 0.046938 0.093701
0 0 0.529392 0.212332 0.197372 0.019326 0.041577
0 0 0.564540 0.190052 0.195602 0.027018 0.022788
0 0 0.537394 0.202468 0.202557 0.020720 0.036861
0 0 0.655385 0.063184 0.133696 0.145907 0.001828
0 0 0.542281 0.054141 0.153777 0.248608 0.001192
0 0 0.835961 0.031389 0.074692 0.057498 0.000460
0 0 0.838122 0.037670 0.075298 0.047893 0.001017
0 0 0.833986 0.063648 0.080214 0.017107 0.005045
0 0 0.738673 0.037387 0.073526 0.149920 0.000494
0 0 0.809820 0.042671 0.089539 0.057008 0.000961
0 0 0.889291 0.033919 0.057805 0.016625 0.002360
0 0 0.786302 0.104530 0.074879 0.008597 0.025691
0 0 0.888435 0.041729 0.046685 0.018142 0.005009
0 0 0.892196 0.039376 0.046564 0.017585 0.004279
0 0 0.864972 0.055649 0.054565 0.015334 0.009480
0 0 0.516659 0.188897 0.175412 0.034339 0.084693
0 1 0.578991 0.162771 0.116507 0.019877 0.121855
0 1 0.373023 0.214336 0.173993 0.018633 0.220014
0 1 0.382826 0.199100 0.154745 0.024105 0.239225
0 2 0.433675 0.177138 0.156566 0.028709 0.203913
2 2 0.240008 0.249626 0.322113 0.092607 0.095647
2 2 0.149445 0.222427 0.412878 0.082282 0.132968
2 2 0.147745 0.222172 0.408340 0.086881 0.134862
2 2 0.135377 0.240974 0.439036 0.068273 0.116340
2 2 0.111995 0.261338 0.440973 0.078898 0.106796
2 2 0.198425 0.200268 0.386786 0.167100 0.047421
2 2 0.131629 0.216470 0.451803 0.114853 0.085245
2 2 0.125992 0.220134 0.453773 0.117643 0.082458
2 2 0.120606 0.226080 0.460964 0.113536 0.078814
2 2 0.121969 0.221388 0.462091 0.118349 0.076204
2 2 0.064400 0.151238 0.525070 0.206447 0.052845
2 3 0.064427 0.154703 0.525291 0.205376 0.050204
2 3 0.060278 0.151630 0.530462 0.209272 0.048358
2 3 0.053034 0.134798 0.541866 0.220619 0.049683
2 3 0.054084 0.138051 0.536134 0.218151 0.053580
2 3 0.038106 0.107166 0.557483 0.256466 0.040779
2 3 0.041780 0.113489 0.549649 0.257588 0.037494
2 3 0.048593 0.121039 0.549686 0.242053 0.038629
2 3 0.056573 0.134201 0.535820 0.242043 0.031362
2 3 0.056805 0.139210 0.535359 0.231895 0.036731
2 3 0.049627 0.131603 0.544266 0.224280 0.050224
2 3 0.058232 0.139372 0.541152 0.218474 0.042770
2 3 0.048925 0.129892 0.550522 0.225980 0.044680
2 3 0.054082 0.136010 0.543873 0.219711 0.046325
2 3 0.054797 0.138404 0.540041 0.224040 0.042718
2 3 0.042984 0.114069 0.549727 0.261360 0.031860
2 3 0.048894 0.119520 0.534739 0.270394 0.026453
2 3 0.039920 0.104076 0.540740 0.287051 0.028213
2 3 0.041504 0.110822 0.544677 0.274720 0.028277
2 3 0.046571 0.114421 0.538354 0.269320 0.031334
2 3 0.056827 0.136915 0.538191 0.217082 0.050984
2 3 0.037652 0.108638 0.561045 0.244024 0.048641
2 3 0.035597 0.103398 0.565903 0.248506 0.046595
2 3 0.039627 0.110873 0.551005 0.240184 0.058311
2 3 0.043754 0.120068 0.551874 0.233584 0.050719
2 3 0.032918 0.100474 0.565751 0.260167 0.040689
2 3 0.037746 0.106386 0.561623 0.253345 0.040900
2 3 0.040198 0.112290 0.561470 0.247837 0.038204
2 3 0.042682 0.116602 0.549393 0.251094 0.040229
2 3 0.050772 0.127825 0.546965 0.231043 0.043395
2 3 0.059400 0.140425 0.533548 0.213804 0.052822
2 3 0.044638 0.121749 0.542245 0.230971 0.060398
2 3 0.049397 0.130797 0.528598 0.222207 0.069001
2 3 0.046143 0.125896 0.535086 0.227237 0.065639
2 3 0.047120 0.127719 0.534075 0.225775 0.065311
2 3 0.030102 0.093571 0.573240 0.258914 0.044173
2 3 0.038477 0.107759 0.562500 0.251222 0.040042
2 3 0.039691 0.111275 0.554979 0.252270 0.041784
2 3 0.047407 0.124428 0.552563 0.232314 0.043287
2 3 0.043896 0.121613 0.553616 0.233700 0.047175
2 3 0.042202 0.117007 0.556153 0.236413 0.048224
2 3 0.041182 0.117234 0.553206 0.236828 0.051551
2 3 0.037476 0.108222 0.563461 0.247292 0.043549
2 3 0.033113 0.100218 0.567821 0.255420 0.043428
2 3 0.033379 0.102090 0.567883 0.251764 0.044885
2 0 0.196402 0.215659 0.423215 0.068197 0.096526
2 3 0.249874 0.195925 0.309211 0.201985 0.043005
2 3 0.149501 0.239021 0.472608 0.093445 0.045425
2 3 0.155476 0.222975 0.470403 0.116993 0.034153
2 3 0.155470 0.237300 0.464396 0.092241 0.050593
2 3 0.185922 0.188651 0.423367 0.180779 0.021281
2 3 0.184429 0.166802 0.423283 0.213199 0.012287
2 3 0.190423 0.172096 0.391967 0.234633 0.010882
2 3 0.183608 0.170944 0.401387 0.233165 0.010896
2 3 0.194074 0.168214 0.396348 0.229630 0.011735
2 3 0.183397 0.169036 0.423869 0.212614 0.011084
2 3 0.183981 0.169986 0.411287 0.224318 0.010428
2 3 0.190484 0.183902 0.398585 0.214221 0.012808
2 3 0.184028 0.167562 0.408363 0.228275 0.011773
2 3 0.184350 0.163243 0.415404 0.225433 0.011570
2 3 0.165292 0.151962 0.409362 0.263084 0.010300
2 3 0.212522 0.153759 0.381551 0.244782 0.007386
2 3 0.180897 0.169643 0.417704 0.218920 0.012835
2 3 0.152239 0.177745 0.437587 0.217489 0.014941
2 3 0.153293 0.176742 0.437610 0.217253 0.015102
2 3 0.140919 0.173226 0.447402 0.221954 0.016498
2 3 0.140491 0.167948 0.447185 0.230212 0.014165
2 3 0.150739 0.183171 0.433325 0.216680 0.016084
2 3 0.154406 0.182206 0.430046 0.217464 0.015878
2 3 0.076580 0.138937 0.516609 0.245332 0.022542
2 3 0.074447 0.168343 0.521242 0.195353 0.040614
2 3 0.069841 0.163417 0.525071 0.199642 0.042029
2 3 0.071017 0.163064 0.526291 0.199197 0.040430
2 3 0.074606 0.165968 0.519798 0.195945 0.043684
2 3 0.064332 0.152026 0.530674 0.206855 0.046114
2 -1 0.188600 0.243637 0.394473 0.054984 0.118306
2 0 0.213658 0.231900 0.386123 0.051047 0.117272
2 0 0.163411 0.237646 0.444631 0.047574 0.106737
2 0 0.151205 0.251032 0.468423 0.062675 0.066665
2 0 0.142286 0.250093 0.493278 0.069527 0.044816
2 0 0.164231 0.209908 0.489016 0.118387 0.018458
2 1 0.156284 0.219957 0.497912 0.090608 0.035239
2 1 0.138525 0.218559 0.521154 0.097354 0.024407
2 1 0.182643 0.222510 0.471766 0.105037 0.018045
2 1 0.183503 0.233969 0.452168 0.097000 0.033360
2 1 0.156551 0.210349 0.502913 0.107725 0.022463
2 0 0.168974 0.194995 0.481717 0.140395 0.013918
0 1 0.578995 0.164636 0.061805 0.164221 0.030343
2 2 0.206368 0.245745 0.404214 0.066312 0.077360
2 2 0.231689 0.239749 0.391005 0.061001 0.076556
2 2 0.077661 0.169275 0.514833 0.204677 0.033554
2 2 0.077650 0.168805 0.514981 0.202244 0.036321
2 2 0.074297 0.159314 0.523634 0.206556 0.036199
2 2 0.074962 0.162141 0.515869 0.211363 0.035665
2 2 0.088025 0.169187 0.506162 0.204922 0.031704
2 2 0.156936 0.230445 0.468735 0.098479 0.045406
2 2 0.153015 0.234679 0.466589 0.095709 0.050008
2 2 0.149007 0.226542 0.478237 0.101383 0.044832
2 2 0.241984 0.226004 0.354825 0.140528 0.036658
2 2 0.158749 0.247520 0.446218 0.103830 0.043683
2 2 0.109556 0.264784 0.457107 0.074340 0.094212
2 3 0.136822 0.237015 0.430076 0.075177 0.120910
2 3 0.204624 0.213616 0.393339 0.055852 0.132570
2 3 0.151533 0.225174 0.390616 0.073189 0.159489
2 2 0.194545 0.204263 0.371061 0.065006 0.165126
2 2 0.137325 0.216882 0.437246 0.110065 0.098482
2 2 0.182010 0.224580 0.394888 0.060637 0.137885
2 3 0.102695 0.242617 0.475692 0.111166 0.067830
2 2 0.135872 0.216163 0.414033 0.095946 0.137986
2 2 0.134990 0.217382 0.418958 0.102015 0.126655
2 4 0.111197 0.197464 0.451109 0.132242 0.107987
2 4 0.090244 0.185081 0.431227 0.123292 0.170156
2 4 0.096178 0.188943 0.461992 0.133066 0.119822
2 4 0.090978 0.190603 0.462203 0.153390 0.102827
2 4 0.111293 0.206172 0.443013 0.130552 0.108970
2 4 0.147814 0.228372 0.397418 0.074276 0.152120
2 4 0.142292 0.228419 0.418784 0.083451 0.127055
2 4 0.181350 0.213573 0.367544 0.050806 0.186728
2 4 0.154308 0.225208 0.379108 0.065833 0.175543
2 4 0.122014 0.259121 0.441896 0.061615 0.115354
2 4 0.150214 0.225090 0.301496 0.031303 0.291898
0 4 0.327003 0.228285 0.249017 0.042373 0.153323
4 4 0.177550 0.208010 0.273436 0.030830 0.310175
4 4 0.168076 0.196725 0.271363 0.030284 0.333552
4 4 0.166402 0.199030 0.276057 0.033591 0.324920
2 4 0.149739 0.220718 0.416766 0.084581 0.128195
2 4 0.134847 0.217773 0.420125 0.101772 0.125484
2 4 0.120985 0.209514 0.411520 0.102178 0.155802
2 4 0.121706 0.207514 0.425189 0.103271 0.142321
2 4 0.177419 0.202804 0.355932 0.064606 0.199239
2 4 0.155437 0.222346 0.337033 0.054072 0.231111
2 4 0.155390 0.223457 0.339939 0.053111 0.228102
2 4 0.161685 0.227067 0.359708 0.040162 0.211378
2 4 0.191007 0.218997 0.362497 0.052089 0.175409
2 4 0.150068 0.239525 0.377003 0.053382 0.180023
2 4 0.109907 0.231388 0.480726 0.112567 0.065411
2 4 0.102669 0.227009 0.496300 0.121499 0.052522
2 1 0.120875 0.212372 0.480161 0.124130 0.062461
2 4 0.117216 0.251109 0.468508 0.074437 0.088731
2 4 0.139806 0.215575 0.454158 0.100725 0.089736
2 4 0.106203 0.192018 0.458369 0.126072 0.117337
2 4 0.103098 0.189165 0.453578 0.125142 0.129016
2 4 0.103829 0.195993 0.434208 0.117583 0.148386
2 4 0.170026 0.200992 0.412609 0.088201 0.128172
2 4 0.098575 0.190154 0.440579 0.130294 0.140399
2 4 0.095646 0.184568 0.458132 0.143474 0.118180
2 4 0.099799 0.191966 0.443959 0.125937 0.138339
2 4 0.161396 0.199764 0.414518 0.106493 0.117829
2 4 0.107237 0.195713 0.455673 0.124503 0.116874
2 4 0.092241 0.174926 0.458098 0.153798 0.120937
2 4 0.086981 0.177535 0.491686 0.174956 0.068843
2 4 0.064330 0.146207 0.504506 0.195188 0.089769
2 4 0.069748 0.154324 0.499112 0.183073 0.093743
2 4 0.064828 0.152343 0.486156 0.189079 0.107594
2 1 0.074837 0.159909 0.495471 0.193641 0.076142
2 1 0.114842 0.261669 0.454593 0.067528 0.101369
2 1 0.106851 0.241840 0.487422 0.097695 0.066192
2 2 0.136065 0.224549 0.451748 0.092412 0.095227
2 2 0.134501 0.223710 0.453645 0.095948 0.092197
2 2 0.133688 0.226664 0.451343 0.093167 0.095138
2 2 0.140691 0.196522 0.466161 0.161995 0.034631
2 1 0.183097 0.206562 0.449371 0.118985 0.041985
2 1 0.139704 0.210979 0.502150 0.104020 0.043147
2 1 0.158369 0.203129 0.431048 0.182071 0.025383
2 1 0.136189 0.192133 0.454684 0.197392 0.019601
2 1 0.150534 0.200666 0.424512 0.202811 0.021477
2 1 0.196629 0.175132 0.422989 0.186748 0.018502
2 2 0.183052 0.186592 0.419004 0.194220 0.017132
2 2 0.192395 0.186359 0.431495 0.170827 0.018924
2 2 0.196242 0.190964 0.411894 0.182008 0.018892
2 2 0.138316 0.265952 0.450341 0.075630 0.069761
2 2 0.155633 0.242734 0.406425 0.055381 0.139827
2 1 0.246338 0.202384 0.354502 0.053422 0.143353
2 1 0.152448 0.223652 0.410659 0.073995 0.139246
2 1 0.151532 0.219775 0.429949 0.080104 0.118640
2 2 0.143989 0.230582 0.357467 0.071178 0.196784
2 2 0.133856 0.240149 0.391746 0.079789 0.154460
2 2 0.136461 0.238413 0.365783 0.073748 0.185595
2 1 0.146050 0.224775 0.395124 0.085874 0.148177
2 1 0.141073 0.233915 0.371328 0.074354 0.179331
2 2 0.064242 0.146655 0.510967 0.205401 0.072735
2 2 0.072247 0.157196 0.504223 0.197334 0.069001
2 2 0.078401 0.165375 0.508427 0.185594 0.062203
2 2 0.121509 0.187853 0.481890 0.132762 0.075985
2 2 0.067797 0.150760 0.506869 0.201669 0.072905
2 2 0.091631 0.178433 0.476049 0.153353 0.100534
2 2 0.105750 0.187953 0.474370 0.136053 0.095874
2 3 0.105505 0.192451 0.463306 0.130863 0.107877
2 2 0.163751 0.211054 0.443445 0.097469 0.084281
2 2 0.124629 0.213947 0.446400 0.119377 0.095648
2 3 0.046682 0.123983 0.542316 0.228729 0.058291
2 2 0.093750 0.161878 0.493213 0.185014 0.066145
2 2 0.053516 0.134738 0.535884 0.219567 0.056295
2 2 0.053012 0.134117 0.537976 0.220388 0.054507
2 2 0.059460 0.145441 0.530062 0.211699 0.053339
2 2 0.045954 0.127909 0.551683 0.230009 0.044445
2 3 0.052884 0.132133 0.544819 0.227145 0.043019
2 2 0.042106 0.115096 0.552994 0.245688 0.044116
2 2 0.036914 0.108198 0.558895 0.244625 0.051368
2 2 0.044709 0.124920 0.552662 0.231109 0.046599
2 2 0.045288 0.123090 0.554009 0.236391 0.041222
2 2 0.036860 0.106906 0.562438 0.245572 0.048224
2 2 0.034661 0.103273 0.561856 0.249035 0.051175
2 2 0.031510 0.097089 0.571584 0.255709 0.044108
2 3 0.036652 0.106826 0.565138 0.248170 0.043213
2 2 0.202084 0.207290 0.409667 0.085548 0.095412
2 2 0.083474 0.157875 0.517336 0.170239 0.071077
2 2 0.096254 0.180992 0.492820 0.159206 0.070728
2 2 0.091504 0.176901 0.494307 0.159464 0.077824
2 2 0.102745 0.227187 0.485541 0.128818 0.055709
2 2 0.057645 0.110426 0.463544 0.355381 0.013005
2 2 0.073803 0.126191 0.464715 0.320742 0.014548
2 2 0.066740 0.122534 0.462644 0.333408 0.014675
2 2 0.090850 0.140880 0.451330 0.301995 0.014945
2 3 0.092183 0.138526 0.446775 0.308652 0.013864
2 3 0.115025 0.168203 0.433751 0.266167 0.016854
2 2 0.116947 0.164521 0.437756 0.264441 0.016334
2 3 0.119726 0.163198 0.453899 0.247743 0.015435
2 3 0.130824 0.165356 0.450999 0.237236 0.015585
2 3 0.139133 0.165381 0.442751 0.237610 0.015126
2 3 0.122960 0.155918 0.434257 0.272301 0.014564
2 3 0.144220 0.165579 0.418267 0.258424 0.013510
2 3 0.088078 0.148557 0.433830 0.314732 0.014803
2 3 0.102343 0.157866 0.431089 0.294486 0.014217
2 3 0.109229 0.157866 0.436606 0.281906 0.014393
2 3 0.099983 0.142480 0.435606 0.309035 0.012896
2 3 0.088167 0.148312 0.446180 0.301745 0.015596
2 3 0.103868 0.148622 0.456153 0.277410 0.013948
2 3 0.108648 0.161316 0.427290 0.287498 0.015248
2 3 0.104140 0.158434 0.431099 0.291696 0.014630
2 3 0.071333 0.118498 0.436205 0.362555 0.011408
2 3 0.087273 0.140404 0.439279 0.318243 0.014801
2 3 0.076793 0.132884 0.442085 0.334820 0.013417
2 3 0.080442 0.132281 0.436273 0.338753 0.012251
2 3 0.085534 0.131350 0.433704 0.336791 0.012622
2 3 0.098246 0.138621 0.452775 0.297285 0.013073
2 3 0.106182 0.147324 0.446946 0.284934 0.014614
2 3 0.080088 0.135219 0.443412 0.328495 0.012786
2 3 0.075338 0.134273 0.456024 0.320490 0.013875
2 3 0.069540 0.124187 0.449034 0.345125 0.012114
2 3 0.086865 0.134423 0.467994 0.297391 0.013327
2 3 0.070318 0.127647 0.457265 0.332210 0.012560
2 3 0.086119 0.136922 0.444409 0.319386 0.013164
2 3 0.087200 0.131418 0.452395 0.316551 0.012437
2 3 0.092320 0.140075 0.458739 0.295904 0.012962
2 3 0.109023 0.188068 0.461105 0.222329 0.019476
2 3 0.039026 0.103016 0.553405 0.271691 0.032862
2 3 0.030387 0.087439 0.563339 0.288000 0.030835
2 3 0.024752 0.076196 0.572799 0.294217 0.032036
2 3 0.029459 0.086911 0.568715 0.283082 0.031833
2 3 0.039359 0.109533 0.544070 0.239674 0.067364
2 3 0.046120 0.122873 0.535742 0.228356 0.066909
2 3 0.045769 0.123090 0.531165 0.227606 0.072370
2 3 0.049722 0.129208 0.531915 0.223131 0.066025
2 3 0.045585 0.123976 0.527005 0.226541 0.076892
2 3 0.037153 0.109775 0.557868 0.243667 0.051537
2 3 0.035778 0.104686 0.558316 0.246983 0.054237
2 3 0.052920 0.135528 0.541712 0.220422 0.049418
2 3 0.042495 0.115469 0.556342 0.236796 0.048898
2 3 0.052398 0.135798 0.541629 0.220661 0.049515
2 3 0.048732 0.131028 0.544497 0.225128 0.050616
2 3 0.045790 0.121428 0.552102 0.231563 0.049117
2 3 0.040725 0.116233 0.557726 0.238059 0.047257
2 3 0.038212 0.108814 0.551961 0.242300 0.058713
2 3 0.041078 0.115609 0.551005 0.237239 0.055069
2 3 0.050542 0.128140 0.534843 0.223462 0.063012
2 3 0.055417 0.128694 0.531842 0.219663 0.064384
2 3 0.050560 0.133421 0.532943 0.221432 0.061645
2 3 0.054150 0.137205 0.531963 0.217778 0.058903
2 3 0.055079 0.138642 0.534693 0.217141 0.054445
2 3 0.040500 0.114197 0.554472 0.238689 0.052142
2 3 0.044873 0.124164 0.545419 0.230438 0.055106
2 3 0.050661 0.131051 0.543762 0.223714 0.050812
2 3 0.047099 0.127853 0.541456 0.226979 0.056613
2 3 0.047473 0.127324 0.538074 0.226363 0.060765
2 3 0.047825 0.125736 0.543541 0.227493 0.055404
2 3 0.043769 0.121859 0.543877 0.231845 0.058651
2 3 0.037821 0.109136 0.553267 0.242716 0.057060
2 3 0.044950 0.122973 0.539380 0.229839 0.062859
2 3 0.045583 0.123158 0.549086 0.230743 0.051430
2 3 0.037645 0.109041 0.559806 0.243741 0.049767
2 3 0.044083 0.122603 0.547553 0.231875 0.053886
2 3 0.044064 0.119196 0.553235 0.233823 0.049682
2 3 0.045027 0.123795 0.552061 0.231240 0.047877
2 3 0.040742 0.114161 0.557733 0.238862 0.048503
2 3 0.053291 0.137711 0.537067 0.218889 0.053043
2 3 0.048004 0.127955 0.534740 0.225210 0.064090
2 3 0.053030 0.135697 0.536529 0.219653 0.055092
2 3 0.047384 0.127454 0.541246 0.226882 0.057033
2 3 0.047129 0.128262 0.540200 0.226630 0.057778
2 3 0.041735 0.114680 0.556348 0.237711 0.049526
2 3 0.032931 0.099549 0.566494 0.252770 0.048255
2 3 0.041057 0.116102 0.557109 0.237782 0.047951
2 3 0.042788 0.119097 0.556887 0.236752 0.044476
2 3 0.043673 0.121679 0.551000 0.232948 0.050701
2 3 0.102799 0.189806 0.487814 0.150392 0.069189
2 3 0.103013 0.193632 0.485682 0.148190 0.069483
2 3 0.103215 0.194028 0.478998 0.150453 0.073307
2 3 0.108310 0.201022 0.479075 0.144327 0.067266
2 3 0.237492 0.230097 0.364679 0.078636 0.089096
2 2 0.139955 0.209414 0.487127 0.140478 0.023027
2 3 0.180774 0.213176 0.477958 0.110391 0.017701
2 3 0.161642 0.213009 0.496077 0.107390 0.021882
2 3 0.194599 0.216645 0.470311 0.100910 0.017534
2 2 0.194999 0.207976 0.467941 0.111216 0.017869
2 2 0.173784 0.207441 0.488645 0.100360 0.029770
2 2 0.180780 0.226973 0.439167 0.085254 0.067825
2 3 0.128669 0.220477 0.473144 0.125632 0.052079
2 2 0.137049 0.224030 0.471957 0.107503 0.059461
2 3 0.135885 0.223254 0.472418 0.110231 0.058211
2 2 0.122818 0.169940 0.474515 0.208188 0.024539
2 2 0.139488 0.191150 0.436785 0.211486 0.021091
2 2 0.122506 0.194448 0.452073 0.209699 0.021274
2 2 0.145458 0.197392 0.458721 0.168837 0.029592
2 2 0.112904 0.170169 0.476389 0.216413 0.024124
2 2 0.077919 0.152985 0.500694 0.241869 0.026533
2 2 0.164250 0.204677 0.406597 0.192750 0.031726
2 2 0.038948 0.101860 0.536201 0.299137 0.023854
2 2 0.043266 0.106941 0.529338 0.296873 0.023581
2 2 0.042222 0.105429 0.530454 0.299007 0.022888
2 2 0.068954 0.154876 0.517482 0.223389 0.035299
2 2 0.051439 0.129944 0.541686 0.233512 0.043420
2 2 0.053549 0.130685 0.534116 0.244694 0.036956
2 4 0.037950 0.103634 0.567291 0.246750 0.044374
2 4 0.092456 0.140329 0.508471 0.208626 0.050118
2 4 0.147124 0.217072 0.462031 0.085046 0.088728
2 4 0.133786 0.234650 0.458255 0.075947 0.097362
2 4 0.149207 0.212737 0.439108 0.095292 0.103657
2 4 0.152601 0.207585 0.438369 0.099353 0.102092
2 4 0.130710 0.229393 0.447907 0.095275 0.096714
2 4 0.162029 0.252101 0.361825 0.048388 0.175657
2 4 0.254728 0.216533 0.335498 0.039464 0.153777
2 4 0.173930 0.241274 0.348216 0.044217 0.192364
2 4 0.169347 0.258159 0.343855 0.039214 0.189425
2 4 0.138270 0.248343 0.364362 0.050371 0.198654
2 4 0.164760 0.215621 0.362353 0.061600 0.195665
2 1 0.162154 0.218776 0.372613 0.062538 0.183919
2 4 0.128321 0.266453 0.406594 0.040155 0.158477
2 4 0.162801 0.219272 0.385893 0.062388 0.169645
2 4 0.161958 0.220171 0.375159 0.060261 0.182451
2 4 0.172989 0.230109 0.297608 0.030055 0.269240
2 4 0.168980 0.203998 0.296911 0.038055 0.292056
4 4 0.171187 0.197277 0.282429 0.035623 0.313484
4 4 0.190295 0.183248 0.228531 0.023715 0.374210
2 4 0.192036 0.246795 0.313715 0.035561 0.211893
2 4 0.178538 0.206633 0.360746 0.054285 0.199797
2 4 0.149483 0.232222 0.368256 0.057952 0.192087
2 4 0.158798 0.220512 0.369424 0.064890 0.186376
2 4 0.161160 0.218885 0.364333 0.062149 0.193473
2 4 0.155586 0.222186 0.361917 0.065808 0.194503
2 4 0.162338 0.216331 0.330623 0.049250 0.241458
2 4 0.160654 0.221157 0.340770 0.047226 0.230194
2 4 0.171738 0.208964 0.328824 0.046138 0.244336
2 4 0.149659 0.237267 0.353522 0.040598 0.218954
2 4 0.150591 0.228781 0.306585 0.030357 0.283686
2 4 0.183172 0.232922 0.286153 0.027035 0.270719
4 4 0.179435 0.186416 0.266755 0.028973 0.338421
4 4 0.214326 0.190246 0.206420 0.018386 0.370621
2 4 0.239800 0.194715 0.342133 0.045558 0.177794
2 4 0.171306 0.246914 0.284678 0.024225 0.272876
2 4 0.163376 0.239337 0.398397 0.059165 0.139725
2 4 0.142863 0.235485 0.397671 0.069715 0.154266
2 4 0.163204 0.216959 0.383772 0.066588 0.169477
2 4 0.153137 0.225975 0.385855 0.067579 0.167454
2 4 0.160771 0.216337 0.382564 0.072970 0.167358
2 4 0.055094 0.143381 0.493608 0.206681 0.101237
2 4 0.053288 0.132420 0.512636 0.215650 0.086005
2 4 0.055909 0.144632 0.491784 0.205415 0.102259
2 4 0.071172 0.170137 0.472529 0.184295 0.101868
2 4 0.064847 0.156769 0.479304 0.193100 0.105979
2 4 0.180109 0.198899 0.344643 0.064372 0.211977
2 4 0.157624 0.220510 0.386752 0.070452 0.164662
2 4 0.172835 0.212634 0.373083 0.054966 0.186483
2 4 0.148406 0.239783 0.397669 0.048999 0.165143
2 4 0.146824 0.228376 0.400712 0.076293 0.147795
2 4 0.070625 0.155719 0.495163 0.173838 0.104656
2 4 0.073566 0.164589 0.471065 0.162913 0.127869
2 4 0.070493 0.163315 0.475899 0.173476 0.116817
2 4 0.081802 0.182987 0.458035 0.153344 0.123832
2 4 0.120326 0.203410 0.410059 0.106417 0.159788
2 4 0.075893 0.168781 0.498518 0.191600 0.065209
2 4 0.056402 0.139011 0.505146 0.210197 0.089245
2 4 0.054554 0.136700 0.513158 0.213872 0.081715
2 4 0.059268 0.142420 0.510147 0.208971 0.079195
2 4 0.056979 0.145818 0.511422 0.209623 0.076158
2 4 0.125170 0.230913 0.425532 0.111651 0.106735
2 4 0.121893 0.235783 0.440962 0.103665 0.097697
2 4 0.128894 0.228425 0.449473 0.099759 0.093449
2 4 0.170045 0.212772 0.409046 0.070534 0.137603
2 4 0.138529 0.225319 0.416067 0.097877 0.122209
2 4 0.169039 0.220692 0.410156 0.066430 0.133684
2 4 0.124093 0.239289 0.420624 0.099453 0.116541
2 4 0.150783 0.224360 0.419222 0.074654 0.130981
2 4 0.135705 0.231938 0.418114 0.090025 0.124217
2 4 0.141016 0.229802 0.414213 0.084076 0.130893
2 4 0.091665 0.184865 0.442996 0.135497 0.144977
2 4 0.146568 0.215709 0.414019 0.101725 0.121979
2 4 0.137955 0.222477 0.417667 0.104356 0.117544
2 4 0.099001 0.190490 0.455438 0.132513 0.122558
2 4 0.108546 0.199814 0.431990 0.121621 0.138028
2 4 0.137063 0.239591 0.375749 0.071900 0.175697
2 4 0.126793 0.238015 0.426166 0.094714 0.114311
2 4 0.211659 0.215815 0.341189 0.043543 0.187794
2 4 0.143237 0.230393 0.372838 0.077698 0.175834
2 4 0.154082 0.222837 0.367736 0.069385 0.185960
2 4 0.151702 0.238772 0.416165 0.132137 0.061223
2 2 0.107697 0.229839 0.483500 0.117036 0.061928
2 2 0.115130 0.217294 0.485376 0.122540 0.059659
2 2 0.109502 0.218727 0.484913 0.129992 0.056866
2 2 0.112811 0.216616 0.484100 0.128272 0.058201
2 2 0.036807 0.089755 0.508819 0.348190 0.016429
2 2 0.033529 0.086583 0.521048 0.341328 0.017512
2 2 0.035651 0.094522 0.516790 0.334913 0.018123
2 2 0.032177 0.080543 0.516167 0.355365 0.015748
2 2 0.036239 0.089670 0.512317 0.344652 0.017122
2 2 0.107862 0.232096 0.475871 0.118075 0.066097
2 2 0.130057 0.232931 0.442558 0.092234 0.102221
2 2 0.120959 0.222416 0.454347 0.122578 0.079700
2 2 0.118211 0.225737 0.446943 0.125738 0.083371
2 2 0.147883 0.215733 0.431340 0.109154 0.095891
2 2 0.140013 0.233027 0.414840 0.079534 0.132586
2 2 0.126939 0.239758 0.392798 0.096567 0.143938
2 2 0.159111 0.242230 0.388764 0.075801 0.134095
2 2 0.144369 0.227335 0.367813 0.081114 0.179368
2 2 0.148846 0.221414 0.408618 0.086196 0.134926
2 2 0.048705 0.127052 0.534158 0.224916 0.065170
2 2 0.045384 0.119255 0.537280 0.230365 0.067716
2 2 0.039135 0.113253 0.529491 0.235344 0.082777
2 2 0.044657 0.120499 0.531711 0.229336 0.073797
2 2 0.049440 0.125650 0.541372 0.226091 0.057447
2 2 0.066681 0.145899 0.527604 0.208602 0.051213
2 2 0.064043 0.144797 0.533285 0.209672 0.048203
2 2 0.131609 0.223610 0.466189 0.129914 0.048679
2 2 0.097512 0.197848 0.492691 0.174941 0.037008
2 2 0.096105 0.207117 0.482499 0.176753 0.037526
2 2 0.095847 0.166368 0.492627 0.221650 0.023509
2 2 0.117650 0.184687 0.470790 0.203238 0.023636
2 2 0.127190 0.191365 0.457557 0.202028 0.021859
2 2 0.108739 0.187684 0.474128 0.205473 0.023975
2 2 0.130888 0.188035 0.458631 0.199350 0.023096
2 2 0.141227 0.190270 0.441609 0.205569 0.021325
2 2 0.171081 0.197378 0.427441 0.180524 0.023576
2 2 0.126882 0.185081 0.465218 0.202301 0.020518
2 2 0.129546 0.191625 0.453807 0.203709 0.021313
2 2 0.135907 0.189022 0.450846 0.201595 0.022630
2 2 0.108321 0.203062 0.469834 0.190447 0.028335
2 2 0.108426 0.207242 0.472410 0.176336 0.035586
2 2 0.133010 0.230098 0.468560 0.106029 0.062303
2 2 0.086231 0.156220 0.504268 0.204144 0.049138
2 4 0.087187 0.168899 0.507372 0.193990 0.042553
2 2 0.163428 0.224265 0.452691 0.082562 0.077054
2 2 0.150556 0.227077 0.463847 0.081805 0.076714
2 2 0.111837 0.225124 0.498665 0.119126 0.045248
2 2 0.145108 0.219022 0.474123 0.104459 0.057288
2 2 0.127376 0.226546 0.485327 0.112678 0.048073
2 2 0.191503 0.209705 0.429637 0.139184 0.029971
2 2 0.146138 0.202536 0.420388 0.208584 0.022353
2 2 0.130741 0.194511 0.447667 0.206532 0.020549
2 2 0.130687 0.188692 0.456723 0.203718 0.020180
2 2 0.166100 0.193001 0.446515 0.164935 0.029449
2 2 0.142551 0.181622 0.440904 0.217124 0.017799
2 2 0.120743 0.175487 0.451481 0.234364 0.017925
2 2 0.143252 0.183639 0.436096 0.219503 0.017510
2 2 0.144593 0.186901 0.437702 0.213246 0.017558
2 2 0.192400 0.191527 0.380668 0.215603 0.019802
2 2 0.159319 0.208732 0.470059 0.130176 0.031715
2 2 0.135134 0.204606 0.473467 0.162292 0.024501
2 2 0.145957 0.194063 0.461487 0.176114 0.022379
2 2 0.163147 0.191571 0.444060 0.182320 0.018902
2 2 0.143708 0.199591 0.494909 0.135304 0.026488
2 2 0.138711 0.208141 0.494726 0.129580 0.028842
2 3 0.137973 0.230016 0.468029 0.129042 0.034940
2 2 0.123513 0.226457 0.492569 0.091654 0.065806
2 3 0.138113 0.210267 0.473226 0.114957 0.063437
2 3 0.145440 0.214339 0.463069 0.108890 0.068261
2 3 0.154216 0.188258 0.458235 0.175582 0.023710
2 3 0.130685 0.189557 0.467888 0.192223 0.019648
2 3 0.137053 0.186659 0.450587 0.205280 0.020421
2 2 0.135277 0.187835 0.455561 0.202769 0.018557
2 2 0.137897 0.185881 0.447584 0.210726 0.017911
2 2 0.134798 0.187397 0.444175 0.211890 0.021740
2 2 0.117451 0.159656 0.464381 0.242201 0.016312
2 2 0.144040 0.182699 0.434338 0.221781 0.017142
2 2 0.145877 0.183945 0.439894 0.212980 0.017304
2 2 0.153428 0.189370 0.422316 0.218219 0.016666
2 2 0.107049 0.196179 0.481601 0.183913 0.031257
2 2 0.092437 0.187361 0.489542 0.196319 0.034341
2 2 0.103318 0.202427 0.477610 0.181455 0.035190
2 2 0.101714 0.196359 0.490962 0.175951 0.035014
2 2 0.093192 0.165318 0.498763 0.201715 0.041013
2 2 0.166036 0.228515 0.396424 0.063980 0.145045
2 2 0.165828 0.238657 0.403048 0.062629 0.129838
2 1 0.221088 0.230385 0.376718 0.054718 0.117091
2 2 0.140716 0.269772 0.443004 0.056501 0.090008
2 2 0.130203 0.251038 0.498236 0.070635 0.049887
2 2 0.159284 0.233213 0.481349 0.070697 0.055457
2 2 0.128562 0.223758 0.450566 0.108155 0.088959
2 2 0.127478 0.221711 0.452414 0.112868 0.085529
2 2 0.121822 0.229222 0.456279 0.108394 0.084283
2 2 0.124998 0.223783 0.462198 0.108848 0.080172
2 2 0.067236 0.159743 0.523187 0.202039 0.047795
2 2 0.067651 0.161544 0.527553 0.201596 0.041656
2 2 0.070343 0.161636 0.520415 0.203863 0.043744
2 2 0.065178 0.151268 0.533329 0.206855 0.043370
2 2 0.059729 0.143274 0.535910 0.212936 0.048150
2 2 0.050576 0.125969 0.540321 0.245099 0.038035
2 2 0.056352 0.138576 0.540276 0.227870 0.036925
2 2 0.061339 0.144008 0.536149 0.220979 0.037525
2 2 0.056763 0.135820 0.539922 0.229972 0.037522
2 2 0.056731 0.135020 0.534962 0.236435 0.036853
2 2 0.075428 0.170126 0.515181 0.193828 0.045438
2 2 0.088536 0.186730 0.500203 0.181424 0.043108
2 2 0.088394 0.188106 0.495956 0.181956 0.045587
2 2 0.080870 0.172175 0.514621 0.191728 0.040605
2 2 0.097708 0.205036 0.482204 0.170758 0.044293
2 2 0.067979 0.154756 0.519140 0.222439 0.035686
2 2 0.063249 0.145482 0.530964 0.222041 0.038264
2 2 0.069177 0.159761 0.518991 0.216298 0.035773
2 2 0.057556 0.137051 0.536540 0.231928 0.036924
2 2 0.058066 0.141747 0.535807 0.228487 0.035894
2 2 0.058754 0.133583 0.531812 0.243769 0.032082
2 2 0.048927 0.118235 0.533398 0.271437 0.028003
2 2 0.044227 0.112575 0.541345 0.270732 0.031121
2 3 0.045586 0.111442 0.542240 0.273663 0.027069
2 3 0.040587 0.108206 0.544084 0.278960 0.028163
2 3 0.124292 0.212447 0.477308 0.131501 0.054452
2 3 0.133643 0.205386 0.467222 0.140262 0.053487
2 3 0.125940 0.208969 0.469510 0.140129 0.055452
2 3 0.186295 0.220620 0.440068 0.076225 0.076791
2 2 0.113676 0.218494 0.477983 0.153749 0.036097
2 2 0.125795 0.162068 0.453463 0.243149 0.015526
2 2 0.107869 0.141012 0.480543 0.256195 0.014381
2 2 0.122623 0.155679 0.438595 0.267651 0.015453
2 2 0.121345 0.163695 0.437578 0.262706 0.014676
2 2 0.159498 0.172088 0.422388 0.230407 0.015618
2 2 0.167321 0.182376 0.409514 0.224816 0.015974
2 2 0.178340 0.179391 0.405837 0.221129 0.015303
2 2 0.156383 0.182570 0.404660 0.241413 0.014974
2 2 0.143762 0.172009 0.416566 0.253598 0.014065
2 2 0.189554 0.169742 0.402591 0.224992 0.013121
2 2 0.147087 0.166236 0.425901 0.243959 0.016817
2 2 0.096277 0.124912 0.445489 0.322855 0.010467
2 2 0.122603 0.148408 0.428246 0.287880 0.012864
2 2 0.122330 0.155575 0.410205 0.299209 0.012680
2 2 0.134557 0.150023 0.404151 0.300234 0.011036
2 2 0.134952 0.146078 0.410934 0.296889 0.011147
2 2 0.159138 0.158126 0.415105 0.256278 0.011353
2 2 0.149711 0.153831 0.404959 0.281093 0.010406
2 2 0.188889 0.166035 0.383068 0.251807 0.010202
2 2 0.173207 0.145007 0.408402 0.263891 0.009493
2 2 0.167022 0.163485 0.397934 0.259739 0.011819
2 2 0.129253 0.157002 0.407925 0.292853 0.012966
2 2 0.127230 0.152662 0.406915 0.300129 0.013064
2 2 0.113183 0.149008 0.426512 0.299670 0.011627
2 2 0.148566 0.160073 0.410402 0.267526 0.013433
2 2 0.166772 0.166109 0.408608 0.246692 0.011819
2 2 0.137562 0.166606 0.402202 0.280597 0.013032
2 3 0.127849 0.152971 0.421720 0.284975 0.012484
2 2 0.150285 0.163404 0.398642 0.273600 0.014069
2 2 0.112236 0.141422 0.440292 0.294853 0.011197
2 3 0.124505 0.158906 0.416207 0.286953 0.013429
2 3 0.096982 0.146235 0.431051 0.311901 0.013831
2 2 0.114472 0.140004 0.423029 0.310583 0.011911
2 2 0.136357 0.135844 0.419343 0.299187 0.009270
2 2 0.126157 0.151841 0.417869 0.291210 0.012924
2 3 0.161676 0.220276 0.464612 0.122949 0.030487
2 2 0.164411 0.231014 0.460235 0.066054 0.078286
2 2 0.181527 0.220586 0.431083 0.062369 0.104435
2 2 0.166725 0.230488 0.433035 0.067942 0.101810
2 2 0.151770 0.232594 0.453059 0.079041 0.083536
2 2 0.124848 0.234262 0.453225 0.095465 0.092200
2 2 0.125253 0.231418 0.451610 0.100387 0.091332
2 2 0.131400 0.243207 0.453103 0.067397 0.104892
2 2 0.100949 0.250193 0.483455 0.098056 0.067347
2 2 0.122113 0.233824 0.459659 0.098352 0.086052
2 2 0.077650 0.178718 0.504021 0.189010 0.050602
2 2 0.069054 0.159647 0.515864 0.200215 0.055219
2 2 0.069177 0.152603 0.519804 0.202797 0.055619
2 2 0.086454 0.181773 0.499786 0.183721 0.048267
2 3 0.061661 0.146661 0.528975 0.209908 0.052795
2 2 0.118909 0.177279 0.478059 0.157174 0.068579
2 2 0.086079 0.182594 0.492381 0.181376 0.057571
2 2 0.082773 0.181834 0.490036 0.183837 0.061520
2 2 0.081055 0.174977 0.497767 0.187612 0.058589
2 2 0.127525 0.204795 0.444581 0.137467 0.085631
2 4 0.086074 0.171527 0.493547 0.185678 0.063173
2 4 0.088913 0.183117 0.485627 0.177775 0.064568
2 4 0.090083 0.184509 0.485515 0.179465 0.060429
2 4 0.149468 0.228751 0.440008 0.086282 0.095492
2 4 0.097639 0.221020 0.487237 0.144649 0.049455
2 4 0.233633 0.203194 0.319786 0.042173 0.201214
2 1 0.141714 0.240035 0.375777 0.060038 0.182436
2 4 0.133727 0.256471 0.370598 0.042166 0.197037
2 4 0.126944 0.250048 0.403038 0.074938 0.145032
2 4 0.130649 0.248795 0.387886 0.068757 0.163913
2 4 0.162836 0.221538 0.339171 0.040567 0.235888
2 4 0.148221 0.227777 0.336523 0.057478 0.230001
2 4 0.154013 0.223299 0.339760 0.056663 0.226265
2 4 0.161749 0.232101 0.355919 0.045174 0.205058
2 4 0.157419 0.222100 0.347474 0.055838 0.217168
2 4 0.085466 0.181471 0.464740 0.149913 0.118409
2 4 0.108451 0.205033 0.442947 0.134016 0.109553
2 4 0.078274 0.172983 0.465897 0.159615 0.123231
2 4 0.082087 0.182593 0.467020 0.157108 0.111192
2 4 0.078661 0.175013 0.465970 0.165124 0.115233
2 4 0.091212 0.188174 0.476402 0.173292 0.070920
2 4 0.096466 0.184596 0.474690 0.147904 0.096344
2 4 0.101188 0.204043 0.459937 0.149460 0.085371
2 4 0.100292 0.198200 0.458075 0.135873 0.107561
2 4 0.149003 0.208173 0.436855 0.105268 0.100700
2 4 0.153248 0.227044 0.330298 0.043140 0.246270
2 4 0.172019 0.208530 0.314956 0.036155 0.268340
2 4 0.214748 0.197146 0.297502 0.038432 0.252172
2 4 0.199858 0.219426 0.339698 0.040475 0.200543
2 4 0.153409 0.229120 0.353963 0.051037 0.212471
2 4 0.170133 0.212785 0.357388 0.055244 0.204450
2 4 0.162987 0.217316 0.349042 0.055912 0.214743
2 4 0.155189 0.225782 0.367519 0.059871 0.191639
4 4 0.223939 0.198078 0.252899 0.038362 0.286721
2 4 0.129069 0.263704 0.398638 0.043340 0.165248
2 4 0.093326 0.194720 0.495428 0.179502 0.037024
2 4 0.082284 0.176879 0.509248 0.192628 0.038961
2 4 0.085236 0.185445 0.506307 0.185349 0.037664
2 4 0.072275 0.158847 0.520988 0.206143 0.041747
2 4 0.045583 0.118415 0.546614 0.232121 0.057267
2 4 0.047183 0.126100 0.526742 0.224728 0.075246
2 4 0.053776 0.134745 0.519859 0.216430 0.075191
2 4 0.052326 0.134134 0.518471 0.217172 0.077897
2 4 0.047788 0.123605 0.525984 0.224896 0.077727
2 4 0.053302 0.134063 0.524620 0.217930 0.070086
2 4 0.108135 0.174270 0.483719 0.151697 0.082178
2 4 0.103597 0.198721 0.475905 0.146833 0.074944
2 4 0.088886 0.182350 0.466582 0.163204 0.098978
2 4 0.095698 0.188438 0.473444 0.160191 0.082228
2 4 0.084995 0.172316 0.499136 0.162636 0.080916
2 4 0.160116 0.224202 0.371578 0.053954 0.190149
2 4 0.204621 0.208449 0.336815 0.039380 0.210736
2 1 0.157107 0.229594 0.389739 0.052115 0.171445
2 1 0.155298 0.255784 0.396148 0.049502 0.143268
2 1 0.113523 0.264025 0.443068 0.070338 0.109046
2 1 0.136476 0.249865 0.470488 0.086445 0.056727
2 1 0.184707 0.249425 0.425555 0.065686 0.074627
2 1 0.140608 0.228918 0.496203 0.092691 0.041580
2 1 0.134640 0.219260 0.497040 0.122218 0.026841
2 1 0.149674 0.239887 0.464349 0.105169 0.040922
2 1 0.130195 0.189283 0.453203 0.208684 0.018634
2 1 0.128801 0.184225 0.460575 0.209442 0.016956
2 1 0.100623 0.171180 0.483336 0.218090 0.026771
2 1 0.096848 0.171784 0.492206 0.212470 0.026693
2 1 0.166945 0.201857 0.434586 0.162243 0.034369
2 1 0.107778 0.233684 0.504799 0.110334 0.043405
2 1 0.129135 0.245094 0.473907 0.098940 0.052924
2 1 0.123516 0.247585 0.479293 0.090589 0.059017
2 2 0.127875 0.252709 0.474020 0.085889 0.059507
2 1 0.202196 0.223141 0.410128 0.104650 0.059885
2 2 0.144596 0.248046 0.454509 0.074253 0.078597
2 2 0.107277 0.247474 0.472251 0.097085 0.075914
2 2 0.198570 0.219417 0.404493 0.089530 0.087990
2 2 0.252881 0.204602 0.355742 0.091420 0.095356
2 2 0.138621 0.225124 0.444837 0.092385 0.099033
2 2 0.254310 0.207942 0.318360 0.202227 0.017160
2 2 0.207093 0.187983 0.442916 0.148971 0.013038
2 2 0.200496 0.182307 0.452679 0.152214 0.012304
2 2 0.193375 0.180572 0.454230 0.160086 0.011738
2 2 0.224912 0.197874 0.445773 0.114998 0.016443
2 2 0.158899 0.180185 0.474789 0.170736 0.015390
2 2 0.223059 0.181601 0.419866 0.166133 0.009343
2 2 0.193733 0.187251 0.457570 0.149446 0.012000
2 2 0.202636 0.186273 0.472331 0.121470 0.017290
2 1 0.208887 0.177819 0.426479 0.176847 0.009967
2 1 0.200181 0.190223 0.456612 0.138318 0.014666
2 2 0.182809 0.211609 0.466258 0.107866 0.031458
2 2 0.176979 0.190909 0.446480 0.165697 0.019934
2 1 0.169196 0.195087 0.450949 0.163595 0.021173
2 2 0.195449 0.197552 0.469618 0.115384 0.021997
2 1 0.175336 0.251621 0.445405 0.071830 0.055809
2 0 0.151124 0.245213 0.432402 0.059364 0.111897
2 1 0.145405 0.246666 0.392125 0.040824 0.174980
2 1 0.155103 0.239621 0.396838 0.062562 0.145876
2 1 0.162383 0.235845 0.400519 0.063653 0.137600
2 2 0.073635 0.165924 0.499461 0.193519 0.067461
2 2 0.083053 0.177432 0.493966 0.180447 0.065102
2 2 0.075788 0.167413 0.500317 0.188352 0.068130
2 2 0.064395 0.147356 0.519019 0.206686 0.062544
2 2 0.075465 0.167747 0.504655 0.189721 0.062412
2 2 0.075117 0.168868 0.495910 0.191418 0.068687
2 2 0.058786 0.143260 0.509314 0.208816 0.079824
2 2 0.063409 0.156030 0.495156 0.199791 0.085614
2 2 0.065672 0.157418 0.500462 0.199606 0.076841
2 2 0.068976 0.164509 0.498180 0.195763 0.072572
2 2 0.058981 0.142957 0.526824 0.212281 0.058956
2 2 0.072049 0.165754 0.505054 0.195328 0.061815
2 2 0.058314 0.144290 0.514839 0.210036 0.072522
2 2 0.062105 0.147659 0.516625 0.207383 0.066229
2 2 0.060796 0.148054 0.522541 0.209025 0.059583
2 2 0.054127 0.137713 0.531477 0.217555 0.059128
2 2 0.053869 0.135042 0.533389 0.218868 0.058831
2 2 0.060598 0.147803 0.519127 0.208624 0.063848
2 2 0.049469 0.128444 0.538052 0.224618 0.059417
2 2 0.049701 0.126511 0.540394 0.225474 0.057920
2 2 0.046572 0.128055 0.542466 0.227429 0.055477
2 2 0.042346 0.117803 0.548442 0.235066 0.056343
2 2 0.054992 0.137409 0.539643 0.218220 0.049737
2 2 0.058980 0.147414 0.527793 0.211046 0.054766
2 2 0.051798 0.135096 0.531836 0.219910 0.061360
2 2 0.055306 0.134504 0.535839 0.218516 0.055834
2 2 0.056864 0.137120 0.533414 0.216365 0.056236
2 2 0.054224 0.130857 0.537219 0.220592 0.057108
2 2 0.059137 0.143940 0.521987 0.211078 0.063858
2 2 0.071240 0.164008 0.512824 0.197428 0.054500
2 2 0.077628 0.167542 0.500385 0.186595 0.067850
2 2 0.087568 0.184489 0.487802 0.170030 0.070111
2 2 0.077521 0.168871 0.492854 0.189752 0.071002
2 2 0.088355 0.185109 0.486513 0.168437 0.071585
2 2 0.077968 0.173327 0.490494 0.182496 0.075715
2 2 0.110095 0.209928 0.454866 0.140122 0.084988
2 2 0.123542 0.224518 0.438030 0.119746 0.094163
2 2 0.110144 0.203775 0.455395 0.137828 0.092858
2 2 0.112177 0.213176 0.451280 0.137637 0.085730
2 2 0.103267 0.192938 0.468615 0.151391 0.083790
2 2 0.065615 0.154253 0.514033 0.203213 0.062886
