4 0 0.104824 0.163923 0.295776 0.059959 0.375517
4 0 0.054767 0.115342 0.294377 0.040681 0.494833
4 0 0.047387 0.118752 0.322823 0.058531 0.452506
2 0 0.077497 0.153061 0.477170 0.071042 0.221230
4 0 0.162391 0.103915 0.191323 0.068050 0.474321
2 0 0.344646 0.154819 0.379379 0.082619 0.038537
2 0 0.054973 0.084401 0.663620 0.178464 0.018542
2 0 0.200135 0.156572 0.381601 0.180915 0.080777
2 0 0.048118 0.092509 0.617798 0.220581 0.020994
2 0 0.036740 0.077528 0.630200 0.236374 0.019158
0 0 0.481585 0.132237 0.280355 0.067955 0.037869
0 0 0.538916 0.137263 0.230091 0.056628 0.037102
2 0 0.273494 0.135046 0.503972 0.074188 0.013300
2 0 0.121161 0.113552 0.613397 0.136070 0.015819
2 1 0.082885 0.159955 0.549714 0.169698 0.037749
4 1 0.011983 0.075017 0.354577 0.078990 0.479432
4 1 0.008470 0.066713 0.362358 0.087149 0.475310
4 1 0.008713 0.068325 0.345934 0.077498 0.499530
4 1 0.010068 0.067194 0.319375 0.055544 0.547821
4 1 0.010165 0.070426 0.329744 0.064528 0.525137
4 1 0.050575 0.111638 0.198148 0.016952 0.622687
4 1 0.017530 0.087970 0.289017 0.047053 0.558429
4 1 0.017062 0.083312 0.235460 0.027989 0.636178
4 1 0.019797 0.091819 0.260407 0.036831 0.591147
4 1 0.026810 0.103224 0.261574 0.037485 0.570908
4 1 0.068249 0.127389 0.199913 0.018259 0.586189
4 1 0.015527 0.072251 0.288056 0.037350 0.586816
4 1 0.016147 0.080300 0.293301 0.044507 0.565744
4 4 0.018394 0.082975 0.284053 0.040222 0.574356
4 4 0.015241 0.077630 0.298086 0.045473 0.563570
4 4 0.011476 0.072339 0.358703 0.079085 0.478397
4 4 0.010005 0.073118 0.352050 0.083453 0.481374
4 4 0.011151 0.072265 0.350862 0.075359 0.490362
4 4 0.010106 0.067727 0.331629 0.061831 0.528707
4 4 0.008804 0.067982 0.346771 0.076858 0.499585
4 4 0.012686 0.078202 0.300931 0.052470 0.555711
4 4 0.037881 0.112634 0.292728 0.046517 0.510240
4 4 0.015665 0.081892 0.328206 0.061958 0.512278
4 4 0.014733 0.080439 0.312005 0.054802 0.538020
4 4 0.021672 0.090015 0.267440 0.036072 0.584801
4 4 0.008886 0.067802 0.367100 0.090356 0.465856
4 4 0.008785 0.062218 0.323048 0.055332 0.550618
4 4 0.011673 0.075224 0.372005 0.094036 0.447062
4 4 0.010096 0.069578 0.365072 0.085073 0.470181
4 4 0.009311 0.067829 0.359393 0.081968 0.481498
4 4 0.031658 0.093141 0.204436 0.017617 0.653148
4 4 0.035860 0.097491 0.216022 0.019672 0.630955
4 4 0.033025 0.096416 0.245553 0.026356 0.598651
4 4 0.051068 0.109570 0.191783 0.015400 0.632178
4 4 0.021171 0.079520 0.305199 0.041270 0.552840
4 4 0.010917 0.073031 0.377567 0.098171 0.440314
4 4 0.036939 0.105602 0.267797 0.034471 0.555191
4 4 0.009094 0.064862 0.401804 0.112400 0.411840
4 4 0.009606 0.065751 0.400180 0.108946 0.415517
4 4 0.008672 0.063739 0.397403 0.107933 0.422254
4 4 0.006679 0.054255 0.397110 0.096741 0.445215
4 4 0.006690 0.057173 0.324558 0.058378 0.553201
4 4 0.007548 0.058004 0.369475 0.078938 0.486035
4 4 0.009592 0.064395 0.372241 0.081889 0.471884
4 4 0.007154 0.054911 0.386953 0.086256 0.464727
4 4 0.008085 0.063116 0.402117 0.117124 0.409559
2 4 0.007711 0.060738 0.415342 0.129010 0.387198
4 4 0.006845 0.057751 0.406766 0.117019 0.411619
2 4 0.006607 0.056316 0.413584 0.122594 0.400899
4 4 0.013762 0.073698 0.372581 0.081372 0.458587
4 4 0.076620 0.110272 0.192996 0.027143 0.592969
4 4 0.022378 0.084000 0.323692 0.050314 0.519615
4 4 0.021465 0.084778 0.349422 0.064331 0.480005
4 4 0.025556 0.087240 0.331651 0.052722 0.502829
4 4 0.027098 0.090603 0.315487 0.047586 0.519227
4 4 0.066503 0.131969 0.244503 0.064277 0.492748
2 4 0.017402 0.089375 0.409341 0.151945 0.331936
2 4 0.015871 0.084546 0.409528 0.141426 0.348629
4 4 0.013765 0.078032 0.382575 0.098733 0.426896
2 4 0.013454 0.078166 0.404592 0.126246 0.377542
2 4 0.014906 0.077837 0.400431 0.189178 0.317648
2 4 0.010941 0.067315 0.416166 0.181615 0.323963
2 4 0.014473 0.070665 0.406203 0.249691 0.258967
2 4 0.011452 0.069489 0.417915 0.178727 0.322415
2 4 0.011008 0.064062 0.418632 0.218423 0.287875
2 4 0.012544 0.078616 0.399778 0.128648 0.380414
2 2 0.019105 0.094380 0.397795 0.144961 0.343759
4 2 0.028320 0.096046 0.334699 0.091492 0.449443
2 2 0.013048 0.080646 0.394372 0.124229 0.387704
2 2 0.014965 0.080010 0.415430 0.182216 0.307378
2 2 0.012586 0.059305 0.385435 0.309155 0.233519
3 2 0.009902 0.044422 0.395272 0.419172 0.131232
3 2 0.010451 0.044140 0.378074 0.443515 0.123820
2 2 0.013037 0.054571 0.379239 0.378243 0.174912
3 2 0.010168 0.043777 0.353139 0.443998 0.148918
2 2 0.016694 0.084394 0.396948 0.115950 0.386015
4 2 0.018891 0.085568 0.385187 0.115825 0.394529
4 2 0.050736 0.120898 0.260523 0.034035 0.533808
4 2 0.009565 0.066461 0.381912 0.094248 0.447813
2 2 0.010163 0.067898 0.405191 0.117037 0.399711
2 2 0.005677 0.051939 0.417308 0.122124 0.402952
2 2 0.006357 0.054713 0.421799 0.129966 0.387164
2 2 0.007374 0.056475 0.432676 0.163264 0.340210
2 2 0.007736 0.059620 0.430001 0.146710 0.355932
2 2 0.006339 0.054435 0.424708 0.133078 0.381440
2 2 0.007039 0.057777 0.418973 0.130057 0.386155
2 2 0.006476 0.054178 0.431433 0.145013 0.362901
2 2 0.007225 0.057433 0.432581 0.147424 0.355337
2 2 0.007378 0.057765 0.433651 0.151228 0.349978
2 2 0.006669 0.054694 0.434403 0.150343 0.353890
2 2 0.006319 0.053118 0.429667 0.147263 0.363634
2 2 0.005849 0.050422 0.435719 0.154984 0.353027
2 2 0.006776 0.055745 0.431459 0.143458 0.362563
2 2 0.006965 0.055577 0.433018 0.154272 0.350169
2 2 0.005953 0.050659 0.442892 0.161653 0.338843
2 2 0.006544 0.046248 0.437538 0.255557 0.254112
2 2 0.007222 0.052677 0.427772 0.196348 0.315981
2 2 0.011703 0.068001 0.398062 0.187775 0.334459
2 2 0.009285 0.057476 0.428826 0.234414 0.269998
2 2 0.009795 0.058046 0.423447 0.245774 0.262938
2 2 0.045901 0.108798 0.490683 0.268140 0.086478
2 2 0.057975 0.090074 0.458348 0.351014 0.042590
2 2 0.060815 0.084306 0.491309 0.333382 0.030188
2 2 0.016327 0.053344 0.541831 0.355461 0.033037
2 2 0.021409 0.054779 0.483512 0.414772 0.025528
3 2 0.009562 0.030304 0.376654 0.553176 0.030304
3 2 0.008428 0.024518 0.338934 0.607722 0.020397
3 2 0.008592 0.025146 0.349076 0.597263 0.019923
3 2 0.008284 0.024957 0.345119 0.599071 0.022570
3 2 0.020843 0.063269 0.406490 0.415776 0.093622
2 2 0.010440 0.056900 0.421402 0.287088 0.224170
2 2 0.007676 0.054720 0.434273 0.197716 0.305615
2 2 0.008674 0.053526 0.430129 0.259891 0.247780
2 2 0.010372 0.056446 0.416859 0.287700 0.228623
2 2 0.009973 0.057431 0.417732 0.257750 0.257114
2 2 0.007979 0.056055 0.431136 0.194355 0.310475
2 2 0.007618 0.053567 0.430551 0.206939 0.301326
2 2 0.007104 0.053924 0.427884 0.175632 0.335457
2 2 0.008300 0.054379 0.430547 0.230134 0.276640
2 2 0.006658 0.048833 0.437644 0.222883 0.283982
2 2 0.007073 0.056853 0.432382 0.146307 0.357385
2 2 0.007043 0.057035 0.428898 0.141652 0.365372
2 2 0.007125 0.057045 0.432513 0.146771 0.356547
2 2 0.007944 0.060033 0.433629 0.152906 0.345488
2 2 0.006555 0.054984 0.429673 0.140021 0.368766
2 2 0.006946 0.056799 0.426993 0.138806 0.370455
2 2 0.006887 0.056883 0.412786 0.119923 0.403522
2 2 0.008186 0.061352 0.429241 0.148013 0.353208
2 2 0.007461 0.058409 0.431822 0.147695 0.354612
2 2 0.007728 0.058459 0.436908 0.160778 0.336128
2 2 0.006188 0.053533 0.428265 0.136367 0.375646
2 2 0.007812 0.059547 0.433664 0.152215 0.346762
2 2 0.007917 0.060177 0.427913 0.147629 0.356365
2 2 0.006752 0.056271 0.423462 0.133710 0.379805
2 3 0.006308 0.054603 0.420213 0.128036 0.390840
2 3 0.012492 0.061656 0.411330 0.295896 0.218626
2 2 0.013704 0.063612 0.402746 0.306235 0.213703
2 2 0.011996 0.052602 0.454332 0.364007 0.117064
2 1 0.026572 0.094411 0.482038 0.243767 0.153213
3 1 0.013877 0.045799 0.435353 0.456017 0.048954
3 1 0.008137 0.022966 0.339943 0.612965 0.015989
3 1 0.009150 0.026948 0.348786 0.591685 0.023430
3 1 0.009122 0.028329 0.369112 0.566823 0.026613
3 1 0.008843 0.023661 0.331792 0.620241 0.015463
3 1 0.025342 0.059213 0.390673 0.478557 0.046214
2 1 0.012811 0.065981 0.408916 0.252296 0.259996
2 1 0.010385 0.064696 0.412404 0.185969 0.326547
2 1 0.014490 0.071462 0.417900 0.249328 0.246821
2 1 0.011681 0.066070 0.420973 0.221463 0.279813
2 1 0.012031 0.066168 0.423255 0.233542 0.265005
4 1 0.061102 0.122242 0.263986 0.042802 0.509869
2 1 0.016187 0.084643 0.418000 0.158106 0.323064
2 1 0.013719 0.078949 0.409792 0.135325 0.362215
2 1 0.015611 0.082332 0.402610 0.123089 0.376358
2 1 0.015046 0.082181 0.396162 0.117661 0.388950
2 1 0.008588 0.051545 0.416814 0.276295 0.246757
2 1 0.009049 0.052172 0.416903 0.289917 0.231959
2 1 0.009525 0.051219 0.406716 0.321338 0.211201
2 1 0.009415 0.055266 0.419769 0.263920 0.251630
2 1 0.011906 0.054711 0.392493 0.359435 0.181455
2 1 0.015445 0.055585 0.424231 0.411688 0.093051
2 1 0.023622 0.078621 0.409431 0.326215 0.162112
2 1 0.014625 0.057694 0.470601 0.364560 0.092520
2 1 0.014976 0.059756 0.418295 0.370090 0.136883
2 1 0.018584 0.067589 0.418636 0.364577 0.130615
2 1 0.034337 0.118091 0.442752 0.199189 0.205631
2 1 0.037238 0.117048 0.500763 0.179271 0.165680
2 0 0.081137 0.134248 0.440228 0.164177 0.180210
2 0 0.136468 0.153917 0.400240 0.135287 0.174088
2 0 0.043732 0.095271 0.494874 0.294489 0.071635
2 0 0.031300 0.068238 0.460605 0.408509 0.031348
3 0 0.013452 0.032268 0.408031 0.533628 0.012620
2 0 0.023947 0.057505 0.453365 0.434251 0.030932
3 0 0.014774 0.035974 0.446543 0.490132 0.012577
2 0 0.079460 0.094556 0.436576 0.356714 0.032695
2 0 0.193878 0.129203 0.512661 0.143994 0.020263
2 0 0.239114 0.134551 0.449715 0.148572 0.028047
2 0 0.114366 0.124715 0.509115 0.222825 0.028979
0 0 0.613762 0.126606 0.200161 0.036568 0.022902
0 0 0.525948 0.068079 0.254504 0.131040 0.020429
0 0 0.471939 0.162797 0.266194 0.042972 0.056098
0 0 0.496953 0.152170 0.230581 0.051054 0.069242
0 0 0.348853 0.171494 0.300476 0.063270 0.115907
0 0 0.307081 0.216846 0.255340 0.027450 0.193283
0 0 0.390683 0.179432 0.348771 0.039151 0.041963
2 0 0.155766 0.181378 0.489276 0.054464 0.119117
2 0 0.231526 0.215733 0.335884 0.052913 0.163944
2 0 0.225372 0.209788 0.426313 0.040833 0.097694
2 0 0.117000 0.163870 0.569508 0.069558 0.080064
0 0 0.397702 0.172304 0.248081 0.026812 0.155101
2 0 0.308160 0.157611 0.313073 0.114704 0.106451
2 0 0.262428 0.161727 0.420267 0.080537 0.075041
2 0 0.079472 0.144406 0.613257 0.119722 0.043143
2 0 0.068930 0.147602 0.589280 0.140590 0.053597
2 0 0.071761 0.139587 0.629196 0.119040 0.040417
0 0 0.382395 0.157869 0.310324 0.110959 0.038452
0 0 0.546027 0.154130 0.235056 0.029764 0.035023
0 0 0.445790 0.172308 0.278791 0.051608 0.051502
0 0 0.621010 0.113901 0.209022 0.035587 0.020480
0 0 0.368249 0.150527 0.343004 0.094635 0.043587
0 0 0.528833 0.161232 0.242491 0.034764 0.032681
0 0 0.419169 0.128406 0.399953 0.039590 0.012882
2 0 0.163300 0.128598 0.553386 0.136694 0.018023
2 0 0.188101 0.135486 0.539545 0.118248 0.018620
0 0 0.684781 0.063706 0.117288 0.111076 0.023148
2 0 0.227268 0.177436 0.485179 0.051899 0.058218
2 0 0.181261 0.161906 0.519722 0.092405 0.044706
2 0 0.061592 0.116086 0.647180 0.123419 0.051723
2 0 0.052855 0.145839 0.575655 0.147703 0.077948
2 0 0.046450 0.143072 0.509850 0.166561 0.134067
4 0 0.004763 0.047587 0.412638 0.114509 0.420504
2 1 0.005024 0.045461 0.434073 0.164165 0.351276
2 1 0.005849 0.052442 0.413791 0.123820 0.404097
2 1 0.006604 0.055794 0.414496 0.127349 0.395756
2 1 0.004993 0.048267 0.416615 0.122046 0.408079
4 1 0.012254 0.081451 0.344191 0.082106 0.479998
4 1 0.007049 0.059316 0.394177 0.106753 0.432705
4 1 0.044400 0.119520 0.234847 0.028375 0.572858
4 1 0.006706 0.057341 0.403374 0.113420 0.419160
4 1 0.005984 0.054036 0.404644 0.111799 0.423538
2 1 0.004913 0.043937 0.427017 0.172953 0.351180
2 1 0.007662 0.055662 0.418609 0.176914 0.341152
2 1 0.005230 0.043331 0.431841 0.207743 0.311856
2 1 0.005603 0.045289 0.430110 0.203069 0.315929
2 1 0.004588 0.039630 0.435698 0.220739 0.299346
4 1 0.106629 0.130584 0.184749 0.013548 0.564490
4 1 0.033747 0.093944 0.256413 0.027539 0.588356
4 1 0.122557 0.101230 0.149179 0.012086 0.614949
4 1 0.042918 0.100378 0.240360 0.023355 0.592990
4 1 0.036160 0.093785 0.241328 0.023279 0.605449
2 1 0.005921 0.050237 0.426497 0.156058 0.361286
2 1 0.006746 0.053800 0.424018 0.157598 0.357838
2 1 0.004871 0.046640 0.431337 0.139102 0.378049
2 1 0.005931 0.050956 0.428111 0.149561 0.365441
4 1 0.008184 0.059499 0.389789 0.142737 0.399791
4 1 0.034405 0.106592 0.316341 0.061311 0.481351
4 1 0.041445 0.118705 0.301689 0.052255 0.485906
4 1 0.011122 0.075381 0.383569 0.109020 0.420909
2 1 0.022456 0.104129 0.469602 0.126864 0.276949
2 1 0.009829 0.069660 0.401042 0.121749 0.397722
2 1 0.015310 0.075581 0.430182 0.189366 0.289561
2 1 0.007175 0.053518 0.429693 0.184855 0.324760
2 1 0.005521 0.047385 0.441333 0.175138 0.330623
2 1 0.008219 0.056965 0.420475 0.188372 0.325969
2 1 0.006189 0.049395 0.432758 0.184614 0.327045
2 1 0.011045 0.071398 0.424002 0.154294 0.339261
4 1 0.096491 0.160660 0.225596 0.033806 0.483447
4 1 0.011823 0.074459 0.384765 0.102780 0.426173
4 1 0.010223 0.069583 0.389428 0.104856 0.425910
4 1 0.011038 0.069400 0.393010 0.101889 0.424664
2 1 0.005026 0.036384 0.420573 0.317297 0.220721
2 1 0.007026 0.042909 0.405431 0.326413 0.218221
2 1 0.008237 0.048809 0.400709 0.290033 0.252212
2 1 0.009535 0.045217 0.487109 0.366596 0.091543
2 1 0.007109 0.044322 0.411369 0.309099 0.228101
2 1 0.088771 0.162964 0.506220 0.182189 0.059856
2 1 0.084654 0.119029 0.587373 0.177377 0.031567
2 1 0.116154 0.122744 0.593258 0.140269 0.027574
2 0 0.210884 0.158062 0.453820 0.128914 0.048320
2 0 0.035609 0.073924 0.665391 0.209816 0.015261
2 1 0.020844 0.071573 0.660496 0.217144 0.029943
2 1 0.024619 0.091967 0.638129 0.185114 0.060170
2 1 0.034996 0.103772 0.614140 0.201359 0.045733
2 0 0.160212 0.172761 0.430394 0.095534 0.141098
2 0 0.085970 0.175240 0.518890 0.078389 0.141510
2 0 0.274273 0.145245 0.396064 0.098978 0.085440
2 0 0.122957 0.132562 0.608361 0.101372 0.034747
2 0 0.097374 0.130607 0.631476 0.111206 0.029338
2 0 0.090979 0.130203 0.623057 0.120415 0.035346
2 0 0.206442 0.153014 0.461886 0.118557 0.060101
2 0 0.132937 0.121377 0.632637 0.098450 0.014599
0 0 0.379619 0.111012 0.346758 0.140663 0.021949
0 0 0.547957 0.122883 0.235344 0.066498 0.027319
0 0 0.588603 0.114643 0.239135 0.039969 0.017650
0 0 0.479215 0.148719 0.262789 0.072444 0.036833
2 0 0.073267 0.102423 0.599985 0.197963 0.026362
2 0 0.042996 0.080255 0.637297 0.219088 0.020363
2 0 0.059041 0.111350 0.608490 0.168942 0.052177
2 0 0.243106 0.196088 0.396022 0.063795 0.100989
0 0 0.327708 0.186160 0.305043 0.077447 0.103642
0 0 0.440106 0.176048 0.297622 0.032924 0.053300
2 0 0.367810 0.174065 0.395183 0.039252 0.023691
2 0 0.263683 0.190481 0.469370 0.053366 0.023100
0 0 0.473736 0.162314 0.286678 0.027716 0.049556
0 0 0.371627 0.086982 0.335197 0.127538 0.078657
2 0 0.070802 0.090607 0.647264 0.172828 0.018500
2 0 0.074366 0.092897 0.637853 0.173600 0.021284
2 0 0.071110 0.104985 0.574410 0.228493 0.021002
2 0 0.053659 0.083494 0.628424 0.218247 0.016176
2 0 0.161910 0.160230 0.460193 0.172576 0.045091
2 0 0.054515 0.080409 0.479716 0.344828 0.040532
2 0 0.029286 0.093551 0.626161 0.202491 0.048512
2 0 0.013708 0.054289 0.654659 0.248660 0.028683
2 0 0.024602 0.085509 0.605725 0.227919 0.056245
2 0 0.034768 0.101916 0.543969 0.247589 0.071758
2 0 0.093866 0.172349 0.514972 0.082833 0.135980
2 0 0.077186 0.162171 0.491584 0.093082 0.175977
2 0 0.048124 0.144604 0.533337 0.155762 0.118172
2 0 0.270301 0.162609 0.334295 0.058348 0.174446
2 0 0.229012 0.202116 0.397608 0.067495 0.103770
2 0 0.014124 0.037524 0.506935 0.428993 0.012423
2 0 0.008548 0.025762 0.516033 0.442380 0.007278
3 0 0.008670 0.023926 0.455479 0.504731 0.007193
3 0 0.011773 0.029258 0.441047 0.508809 0.009113
3 0 0.010995 0.028563 0.468521 0.483792 0.008129
2 0 0.014164 0.037932 0.567165 0.372427 0.008312
2 0 0.016106 0.040424 0.525143 0.407965 0.010362
3 0 0.037336 0.050653 0.433174 0.466497 0.012340
2 0 0.018485 0.048703 0.569677 0.350475 0.012660
2 0 0.016085 0.042146 0.569061 0.363186 0.009522
2 0 0.009869 0.030155 0.507133 0.441127 0.011716
2 0 0.014232 0.038234 0.525592 0.410397 0.011545
2 1 0.008371 0.028625 0.493323 0.454279 0.015402
3 1 0.009148 0.030710 0.451529 0.486861 0.021752
2 1 0.010984 0.036673 0.465779 0.458392 0.028173
2 1 0.071984 0.162366 0.460403 0.092398 0.212849
2 1 0.042983 0.134824 0.479712 0.137819 0.204662
2 1 0.046696 0.136140 0.456679 0.118348 0.242137
2 1 0.035094 0.119946 0.529149 0.148392 0.167418
2 1 0.183539 0.145264 0.365165 0.116247 0.189784
2 1 0.007611 0.027240 0.513184 0.438016 0.013949
2 1 0.006817 0.027834 0.508510 0.435207 0.021632
2 1 0.010091 0.032986 0.477245 0.459915 0.019762
2 1 0.009062 0.032056 0.509330 0.430208 0.019344
3 1 0.011890 0.035409 0.446883 0.484468 0.021350
3 1 0.010528 0.028664 0.418574 0.529086 0.013148
3 1 0.008210 0.024507 0.423715 0.531635 0.011933
3 1 0.006363 0.019987 0.409252 0.554528 0.009870
3 1 0.006347 0.020339 0.406199 0.556161 0.010954
3 1 0.010633 0.027959 0.409703 0.539929 0.011777
2 1 0.035236 0.087378 0.592672 0.259194 0.025520
2 1 0.044415 0.099071 0.597596 0.228177 0.030742
2 1 0.072920 0.120248 0.569460 0.179219 0.058153
2 1 0.174148 0.147382 0.420538 0.196825 0.061107
2 1 0.066173 0.116643 0.651217 0.137238 0.028729
2 1 0.005553 0.032450 0.479357 0.395630 0.087009
2 1 0.007003 0.032377 0.477322 0.434027 0.049272
2 1 0.006356 0.029309 0.463809 0.456638 0.043887
2 1 0.014419 0.058465 0.518576 0.326833 0.081708
2 1 0.006788 0.030537 0.491337 0.433866 0.037472
2 1 0.019093 0.071261 0.486292 0.310150 0.113204
2 1 0.008107 0.039128 0.538346 0.360338 0.054082
2 1 0.009731 0.043512 0.525086 0.362801 0.058869
2 1 0.010223 0.044522 0.534085 0.356515 0.054655
2 1 0.009511 0.043030 0.515264 0.370507 0.061688
2 1 0.118617 0.180871 0.387014 0.110064 0.203434
2 1 0.019115 0.088523 0.555340 0.192424 0.144598
2 1 0.014545 0.075041 0.508887 0.219293 0.182235
2 1 0.015752 0.080558 0.473642 0.203565 0.226483
2 1 0.015997 0.078793 0.493961 0.219683 0.191567
2 1 0.027069 0.080818 0.580946 0.271143 0.040024
2 1 0.026613 0.087777 0.640574 0.202420 0.042616
2 1 0.020171 0.074412 0.635412 0.226165 0.043840
2 1 0.304932 0.180515 0.397266 0.052506 0.064781
2 1 0.074648 0.100024 0.686893 0.106372 0.032064
2 1 0.014381 0.032611 0.513231 0.434081 0.005696
2 1 0.015642 0.030883 0.577042 0.371506 0.004927
2 1 0.016913 0.036500 0.583937 0.356609 0.006041
2 1 0.009762 0.024790 0.533723 0.427868 0.003858
2 1 0.014117 0.034339 0.572011 0.373869 0.005664
2 1 0.155944 0.177828 0.506417 0.094508 0.065304
2 1 0.073483 0.133823 0.633724 0.127164 0.031807
2 1 0.154800 0.177380 0.443504 0.154768 0.069549
2 1 0.035055 0.092358 0.574664 0.260785 0.037139
2 1 0.038291 0.093250 0.549170 0.283088 0.036200
3 1 0.011180 0.030138 0.429394 0.516535 0.012753
3 1 0.014864 0.035064 0.380529 0.551825 0.017718
2 1 0.021857 0.053231 0.473908 0.426722 0.024281
3 1 0.025423 0.047148 0.385953 0.524060 0.017415
3 1 0.008184 0.021989 0.403240 0.558473 0.008114
2 1 0.116969 0.145520 0.593013 0.117012 0.027487
2 1 0.266885 0.195321 0.386554 0.074152 0.077087
2 1 0.110523 0.152530 0.588480 0.110997 0.037470
2 1 0.275905 0.169423 0.420600 0.077887 0.056184
2 0 0.142970 0.147671 0.496200 0.143704 0.069455
0 0 0.431058 0.130253 0.382641 0.043523 0.012526
0 0 0.570243 0.127833 0.246145 0.038834 0.016944
0 0 0.520904 0.132843 0.282900 0.047461 0.015892
0 0 0.724708 0.073928 0.119850 0.065103 0.016411
0 0 0.649292 0.084729 0.186250 0.069766 0.009964
3 0 0.005671 0.014751 0.366105 0.609240 0.004234
3 0 0.008874 0.021551 0.443007 0.521979 0.004589
3 0 0.005185 0.013610 0.357339 0.619956 0.003911
3 0 0.006597 0.017026 0.401409 0.570615 0.004353
3 0 0.007959 0.018743 0.366673 0.601243 0.005382
2 0 0.290434 0.175887 0.345236 0.103846 0.084597
2 0 0.298671 0.161275 0.341763 0.108232 0.090060
2 0 0.247182 0.172224 0.462257 0.057936 0.060401
2 0 0.217472 0.200389 0.479407 0.058102 0.044630
2 0 0.146977 0.206518 0.468082 0.118872 0.059550
2 1 0.005028 0.047236 0.443126 0.147670 0.356940
2 1 0.005216 0.049168 0.427525 0.130229 0.387862
2 1 0.004701 0.046212 0.434891 0.135277 0.378919
2 1 0.003946 0.042255 0.435249 0.130599 0.387950
4 1 0.003872 0.042761 0.414848 0.110866 0.427654
4 1 0.006438 0.055893 0.408323 0.116876 0.412470
2 1 0.005893 0.052690 0.421307 0.127190 0.392921
2 1 0.005330 0.049389 0.432513 0.136459 0.376309
2 1 0.004329 0.044537 0.430916 0.128560 0.391658
2 4 0.005468 0.051165 0.413338 0.117392 0.412637
4 4 0.023002 0.082010 0.239772 0.024105 0.631111
4 4 0.027983 0.084448 0.230069 0.020762 0.636737
4 4 0.031393 0.097915 0.258451 0.030946 0.581294
4 4 0.046807 0.091744 0.184170 0.019086 0.658194
4 4 0.029451 0.088901 0.261235 0.028435 0.591977
2 4 0.005406 0.047795 0.431882 0.158018 0.356899
2 4 0.005134 0.047845 0.440912 0.146025 0.360083
2 4 0.004683 0.045660 0.437674 0.141669 0.370314
2 4 0.004196 0.042443 0.453345 0.155111 0.344904
2 4 0.004532 0.045124 0.438815 0.138704 0.372825
4 4 0.016826 0.084526 0.367489 0.087066 0.444092
2 4 0.009532 0.068605 0.401086 0.120856 0.399921
4 4 0.014926 0.081616 0.354138 0.078804 0.470516
4 4 0.024695 0.094736 0.312448 0.052536 0.515584
4 4 0.006045 0.054070 0.394513 0.101128 0.444243
4 4 0.009123 0.063155 0.391777 0.096954 0.438991
2 4 0.008599 0.064396 0.411782 0.128680 0.386543
4 4 0.007931 0.058034 0.397128 0.096414 0.440492
2 4 0.006127 0.054034 0.416544 0.123442 0.399853
4 4 0.005950 0.053976 0.402659 0.109968 0.427447
4 4 0.008054 0.061335 0.374337 0.086406 0.469868
4 4 0.009576 0.066577 0.385335 0.097410 0.441102
4 4 0.006653 0.056922 0.394562 0.103555 0.438308
4 4 0.008436 0.061485 0.394311 0.099950 0.435819
4 4 0.020583 0.081044 0.300060 0.041427 0.556886
4 4 0.009584 0.064272 0.368217 0.078988 0.478939
4 4 0.013236 0.072719 0.362076 0.074730 0.477239
4 4 0.011707 0.070954 0.359676 0.076149 0.481514
4 4 0.008698 0.060544 0.367821 0.076040 0.486897
4 4 0.025264 0.087113 0.306701 0.064146 0.516776
4 4 0.011386 0.069387 0.391168 0.097883 0.430176
4 4 0.008425 0.062614 0.383370 0.093828 0.451764
4 4 0.008120 0.060531 0.353910 0.071099 0.506340
4 4 0.020827 0.077897 0.281390 0.033446 0.586441
4 4 0.006202 0.054557 0.388910 0.095985 0.454345
4 4 0.024879 0.077860 0.250764 0.023587 0.622910
4 4 0.087593 0.124099 0.205290 0.016686 0.566333
4 4 0.017201 0.073508 0.308465 0.042411 0.558415
4 4 0.011462 0.067891 0.349251 0.065982 0.505414
4 4 0.014194 0.068724 0.333082 0.051947 0.532053
4 4 0.004581 0.046865 0.409962 0.110338 0.428254
4 4 0.011795 0.061945 0.330761 0.048772 0.546727
4 4 0.004401 0.045727 0.414075 0.112967 0.422831
2 4 0.005111 0.049336 0.415131 0.117383 0.413040
2 4 0.004224 0.044337 0.423758 0.120791 0.406890
4 4 0.099808 0.089562 0.165718 0.015063 0.629849
4 4 0.042615 0.095577 0.234268 0.020683 0.606857
4 4 0.045143 0.100576 0.246538 0.024110 0.583635
4 4 0.047799 0.109280 0.268937 0.032186 0.541798
4 4 0.043015 0.103324 0.271175 0.031727 0.550759
2 4 0.011156 0.061999 0.400860 0.235572 0.290413
2 4 0.007914 0.046487 0.407968 0.316941 0.220690
2 4 0.015378 0.076954 0.377139 0.192110 0.338419
2 4 0.007716 0.047012 0.413192 0.299693 0.232387
2 4 0.009682 0.050857 0.396280 0.325346 0.217835
2 4 0.014955 0.074845 0.425198 0.228098 0.256904
2 4 0.015102 0.075242 0.484685 0.227456 0.197515
2 4 0.016040 0.073896 0.491182 0.256734 0.162149
2 4 0.014950 0.067984 0.489303 0.284898 0.142865
2 4 0.184854 0.177276 0.307701 0.092567 0.237603
2 4 0.086926 0.148226 0.547414 0.144080 0.073353
2 4 0.019106 0.067534 0.601347 0.269923 0.042092
2 4 0.079292 0.162195 0.490366 0.135735 0.132412
2 4 0.025378 0.084242 0.589944 0.246188 0.054247
2 4 0.019629 0.071322 0.608919 0.253255 0.046876
2 4 0.233184 0.111113 0.381713 0.101573 0.172417
2 4 0.338307 0.180612 0.342144 0.048850 0.090087
2 4 0.109044 0.164352 0.563743 0.070993 0.091868
2 4 0.135208 0.189282 0.461208 0.083555 0.130747
2 4 0.069483 0.144394 0.561475 0.104074 0.120574
2 4 0.036374 0.117490 0.418076 0.135610 0.292451
2 4 0.013192 0.058331 0.477448 0.330388 0.120641
2 4 0.015124 0.061674 0.481864 0.334577 0.106761
2 4 0.013328 0.062354 0.418895 0.309188 0.196235
2 4 0.013409 0.068358 0.410140 0.245493 0.262600
2 4 0.006469 0.041827 0.413951 0.314968 0.222786
2 4 0.009428 0.047707 0.392038 0.365855 0.184971
2 4 0.009498 0.049845 0.400217 0.338190 0.202250
2 4 0.018607 0.071076 0.397984 0.327870 0.184463
3 4 0.011120 0.048573 0.388571 0.408757 0.142979
3 4 0.011947 0.040671 0.351563 0.520347 0.075472
3 1 0.008482 0.031587 0.364534 0.540922 0.054475
3 1 0.010447 0.036976 0.353389 0.528704 0.070484
3 1 0.010132 0.032541 0.344724 0.567734 0.044869
3 2 0.011427 0.039250 0.372968 0.511150 0.065206
3 2 0.013402 0.046831 0.411089 0.457145 0.071532
3 2 0.009577 0.033074 0.427708 0.497236 0.032406
3 2 0.012816 0.040255 0.401332 0.500716 0.044881
3 1 0.008652 0.029271 0.411791 0.523391 0.026895
3 1 0.011307 0.032641 0.371841 0.555822 0.028389
3 1 0.016335 0.043960 0.394264 0.509076 0.036365
3 1 0.008265 0.025489 0.364708 0.579819 0.021719
3 1 0.010107 0.029565 0.343821 0.586923 0.029583
3 1 0.011185 0.031604 0.367871 0.563885 0.025456
3 2 0.011990 0.032155 0.366512 0.566583 0.022760
3 2 0.004991 0.012992 0.257968 0.716188 0.007861
3 2 0.004240 0.011940 0.266527 0.709644 0.007649
3 2 0.005373 0.013075 0.231748 0.741104 0.008700
3 2 0.008537 0.019323 0.280148 0.681567 0.010426
3 2 0.005911 0.013844 0.249422 0.723348 0.007475
2 2 0.143335 0.155430 0.378632 0.118544 0.204059
2 2 0.184314 0.184097 0.412758 0.042005 0.176825
2 2 0.289582 0.205109 0.320410 0.030065 0.154835
2 2 0.182780 0.162244 0.526267 0.060844 0.067866
2 1 0.159539 0.196860 0.325542 0.044294 0.273766
2 1 0.026245 0.090153 0.532305 0.211370 0.139927
2 1 0.053983 0.115753 0.485392 0.215632 0.129240
2 0 0.236179 0.159238 0.386902 0.071502 0.146179
2 1 0.044925 0.128540 0.581752 0.137352 0.107431
2 1 0.029182 0.092263 0.580805 0.237808 0.059942
2 1 0.008830 0.033627 0.486578 0.441131 0.029833
2 1 0.008681 0.038268 0.505702 0.397430 0.049919
2 1 0.007643 0.036756 0.469771 0.413762 0.072068
2 1 0.008887 0.040287 0.456731 0.416876 0.077219
2 1 0.017420 0.065223 0.505028 0.323301 0.089028
2 1 0.043217 0.084000 0.623541 0.226430 0.022811
2 1 0.084670 0.108240 0.584843 0.199040 0.023207
2 1 0.047563 0.079939 0.658766 0.195778 0.017955
2 1 0.130267 0.135657 0.559194 0.127017 0.047865
2 1 0.047370 0.085102 0.648489 0.199961 0.019078
2 1 0.026546 0.074311 0.619432 0.256073 0.023638
2 1 0.030556 0.062359 0.670690 0.217067 0.019327
2 0 0.048394 0.094840 0.585195 0.229400 0.042171
2 1 0.028477 0.080720 0.653897 0.213286 0.023620
2 1 0.151647 0.165867 0.484293 0.145063 0.053130
2 1 0.017948 0.076541 0.624040 0.208935 0.072536
2 1 0.018862 0.068651 0.565662 0.287336 0.059489
2 1 0.017380 0.066387 0.589301 0.271775 0.055157
2 0 0.071150 0.150637 0.529661 0.132444 0.116107
2 1 0.020989 0.089684 0.577994 0.199152 0.112181
2 1 0.029428 0.092047 0.593455 0.234105 0.050964
2 1 0.031097 0.105473 0.574635 0.201846 0.086950
2 0 0.044770 0.113360 0.597505 0.167799 0.076566
2 0 0.022960 0.070717 0.634551 0.245095 0.026677
2 0 0.182489 0.169534 0.401744 0.148773 0.097460
2 0 0.186938 0.123172 0.579649 0.094030 0.016211
2 0 0.122672 0.129363 0.603734 0.124570 0.019662
0 0 0.355613 0.098366 0.303377 0.202251 0.040393
2 0 0.112711 0.163232 0.537684 0.142878 0.043494
2 0 0.244291 0.120048 0.382656 0.220048 0.032957
0 0 0.582755 0.114455 0.277480 0.017108 0.008203
0 0 0.682573 0.091802 0.135102 0.069064 0.021458
0 0 0.678011 0.095924 0.168360 0.042100 0.015606
2 0 0.359943 0.136186 0.421420 0.068952 0.013498
2 0 0.232954 0.162142 0.472534 0.105597 0.026773
2 0 0.048425 0.066270 0.551941 0.322099 0.011266
2 0 0.046629 0.060049 0.444550 0.434959 0.013813
2 0 0.102745 0.096329 0.440998 0.337635 0.022293
3 0 0.294175 0.072310 0.179621 0.419514 0.034379
2 0 0.088561 0.090950 0.630603 0.177002 0.012884
0 0 0.391777 0.186664 0.270494 0.094888 0.056178
2 0 0.110826 0.114564 0.629500 0.128995 0.016115
2 0 0.213278 0.140224 0.420886 0.192120 0.033492
2 0 0.232544 0.183947 0.418000 0.091416 0.074092
2 0 0.094226 0.150386 0.537745 0.161963 0.055681
2 0 0.066506 0.135863 0.594812 0.134773 0.068047
2 0 0.130512 0.165496 0.446471 0.133534 0.123989
2 0 0.030003 0.080497 0.596930 0.262172 0.030398
2 0 0.030522 0.077717 0.605973 0.263496 0.022293
2 0 0.025127 0.064882 0.588383 0.302526 0.019081
2 0 0.245584 0.168429 0.340154 0.171638 0.074195
2 0 0.055775 0.088394 0.591880 0.237849 0.026103
2 0 0.037029 0.062677 0.674174 0.216406 0.009714
2 0 0.038252 0.059788 0.714931 0.177883 0.009146
2 0 0.029709 0.057669 0.641145 0.262426 0.009052
2 0 0.058876 0.095966 0.511004 0.299356 0.034798
2 0 0.011841 0.031218 0.523172 0.426179 0.007589
2 0 0.010248 0.029070 0.510599 0.441586 0.008497
3 0 0.009172 0.026845 0.466131 0.487738 0.010114
2 0 0.009966 0.029523 0.482504 0.466188 0.011819
2 0 0.042945 0.086076 0.613047 0.228278 0.029654
2 0 0.033025 0.094229 0.643035 0.193039 0.036672
2 0 0.030794 0.092060 0.640106 0.203134 0.033907
2 0 0.036437 0.100057 0.585228 0.235790 0.042489
2 0 0.211463 0.114512 0.341953 0.230249 0.101823
2 0 0.061211 0.113803 0.651915 0.136991 0.036079
2 0 0.048195 0.131287 0.561794 0.184133 0.074590
2 0 0.305054 0.178034 0.308096 0.107734 0.101082
2 0 0.182673 0.172413 0.483509 0.103414 0.057991
2 0 0.136285 0.146231 0.568830 0.090785 0.057868
2 0 0.167067 0.165167 0.492189 0.098410 0.077166
2 0 0.030203 0.063788 0.689408 0.196398 0.020203
2 1 0.019518 0.076760 0.603878 0.233247 0.066596
2 1 0.018918 0.076928 0.552514 0.254145 0.097494
2 1 0.020311 0.076460 0.530030 0.281964 0.091235
4 1 0.030486 0.094575 0.347479 0.061867 0.465593
4 1 0.068494 0.103844 0.255134 0.081031 0.491497
4 1 0.107571 0.128167 0.171393 0.011338 0.581531
4 1 0.030755 0.098353 0.287637 0.040217 0.543038
4 4 0.026250 0.082498 0.281718 0.032090 0.577445
4 4 0.005827 0.052095 0.389264 0.092841 0.459973
4 4 0.007213 0.060227 0.389988 0.103880 0.438692
4 4 0.008521 0.065560 0.389968 0.107701 0.428250
4 4 0.006613 0.057469 0.392897 0.104306 0.438714
4 4 0.008091 0.064699 0.373175 0.093655 0.460381
4 4 0.017159 0.083385 0.293720 0.045631 0.560106
4 4 0.016581 0.076264 0.288640 0.039103 0.579412
4 4 0.024730 0.095151 0.279172 0.040179 0.560768
4 4 0.045455 0.116118 0.267694 0.038034 0.532699
4 4 0.021455 0.086605 0.305991 0.046928 0.539022
4 4 0.034297 0.091461 0.243277 0.023469 0.607497
4 4 0.038547 0.102297 0.197923 0.017061 0.644172
4 4 0.034345 0.094000 0.269233 0.030413 0.572009
4 4 0.034978 0.099450 0.266589 0.032051 0.566931
4 4 0.026579 0.085475 0.268653 0.030180 0.589113
4 4 0.022940 0.091073 0.276174 0.038247 0.571565
4 4 0.060341 0.125001 0.217676 0.022330 0.574652
4 4 0.012932 0.065934 0.337999 0.053576 0.529558
4 4 0.008972 0.063262 0.406022 0.112557 0.409188
4 4 0.022030 0.087366 0.345022 0.064238 0.481344
4 4 0.053132 0.113028 0.262297 0.030427 0.541115
4 4 0.092051 0.111547 0.197466 0.012921 0.586015
4 4 0.023114 0.084464 0.325098 0.050370 0.516954
4 4 0.037728 0.101711 0.311086 0.046045 0.503430
4 4 0.020325 0.081482 0.344362 0.059790 0.494041
2 4 0.006142 0.049066 0.442093 0.191478 0.311221
2 4 0.008812 0.062143 0.423349 0.146608 0.359087
2 4 0.006351 0.049851 0.439109 0.191727 0.312962
2 4 0.007145 0.054098 0.437691 0.181154 0.319913
2 4 0.006020 0.048789 0.432469 0.182374 0.330349
4 4 0.074282 0.130203 0.198001 0.017842 0.579673
4 4 0.025389 0.087069 0.328706 0.051531 0.507305
4 4 0.026926 0.085817 0.308004 0.041371 0.537882
4 4 0.021834 0.082279 0.332670 0.053044 0.510174
4 4 0.030769 0.091726 0.319737 0.046773 0.510995
4 4 0.068174 0.115345 0.181883 0.013089 0.621509
4 4 0.019194 0.072185 0.296687 0.035388 0.576547
4 4 0.018428 0.069667 0.290950 0.032897 0.588059
4 4 0.017029 0.068503 0.312168 0.039567 0.562734
4 4 0.039806 0.090168 0.266160 0.025844 0.578022
4 4 0.015924 0.073536 0.338637 0.056194 0.515709
4 4 0.043757 0.111346 0.229201 0.044324 0.571371
4 4 0.019834 0.081926 0.365897 0.072991 0.459351
4 4 0.015677 0.070480 0.340257 0.053776 0.519810
4 4 0.016194 0.076197 0.359104 0.069333 0.479172
2 4 0.006491 0.054308 0.413417 0.115197 0.410586
4 4 0.007557 0.057551 0.402241 0.103019 0.429631
4 4 0.045593 0.098107 0.255781 0.031924 0.568594
2 4 0.006639 0.055397 0.426499 0.135611 0.375853
4 4 0.011372 0.069076 0.395347 0.100944 0.423262
2 4 0.010219 0.064611 0.416332 0.165716 0.343122
2 1 0.010458 0.063844 0.426273 0.205730 0.293695
4 1 0.073186 0.121540 0.276899 0.047381 0.480994
2 1 0.008921 0.058450 0.431710 0.208555 0.292364
2 1 0.015847 0.079321 0.405586 0.130544 0.368702
2 1 0.006011 0.050989 0.440712 0.159972 0.342316
2 1 0.006402 0.053313 0.436180 0.152635 0.351470
2 1 0.006201 0.051505 0.438258 0.162994 0.341042
2 1 0.006627 0.055255 0.429974 0.140776 0.367368
2 1 0.007774 0.058741 0.424277 0.153316 0.355892
4 1 0.031441 0.106562 0.325518 0.062029 0.474450
4 1 0.027326 0.100766 0.375477 0.098259 0.398172
2 1 0.007944 0.058617 0.431059 0.165096 0.337284
2 1 0.011060 0.067425 0.428046 0.191372 0.302096
2 1 0.008494 0.061027 0.432821 0.164486 0.333172
4 1 0.015929 0.076079 0.374580 0.153504 0.379908
2 1 0.009318 0.057704 0.422152 0.228792 0.282034
2 1 0.008610 0.053678 0.426626 0.252441 0.258645
2 1 0.006704 0.048465 0.435324 0.229623 0.279883
2 1 0.008277 0.054079 0.418825 0.225536 0.293283
4 2 0.043100 0.111953 0.320157 0.054243 0.470546
4 2 0.102279 0.154028 0.282270 0.050722 0.410702
4 2 0.076148 0.141720 0.295081 0.050280 0.436772
4 2 0.069166 0.133832 0.301408 0.050016 0.445578
4 2 0.072465 0.140288 0.308997 0.057268 0.420983
3 2 0.009338 0.033878 0.345385 0.543067 0.068333
3 2 0.008350 0.027218 0.348530 0.583749 0.032154
3 2 0.008769 0.026661 0.325685 0.608688 0.030198
3 1 0.008007 0.025123 0.325983 0.612015 0.028873
3 1 0.009858 0.030936 0.334929 0.582370 0.041907
2 1 0.044829 0.127840 0.488087 0.169696 0.169548
2 1 0.046420 0.128858 0.465757 0.156847 0.202117
2 1 0.056202 0.141618 0.440155 0.137022 0.225003
2 0 0.108273 0.160546 0.353860 0.076636 0.300685
2 0 0.235954 0.163708 0.271233 0.063325 0.265780
2 1 0.009994 0.069482 0.410287 0.132062 0.378175
2 1 0.009939 0.066567 0.419553 0.158075 0.345865
2 1 0.009303 0.064933 0.431836 0.157665 0.336263
2 1 0.008587 0.059207 0.429595 0.184784 0.317827
2 2 0.025362 0.093595 0.378780 0.126506 0.375756
2 2 0.006647 0.044261 0.420670 0.285871 0.242550
2 2 0.006644 0.043321 0.415440 0.299508 0.235087
2 2 0.006540 0.040844 0.410049 0.337140 0.205427
2 2 0.006696 0.042082 0.416008 0.327218 0.207995
2 2 0.013056 0.071285 0.392559 0.193244 0.329856
3 2 0.006872 0.033925 0.403138 0.458056 0.098008
2 2 0.005519 0.035633 0.400339 0.365334 0.193175
2 2 0.011596 0.055545 0.399348 0.323428 0.210083
3 2 0.005685 0.034111 0.396754 0.403323 0.160127
3 2 0.004932 0.029087 0.376627 0.456685 0.132669
3 2 0.005228 0.031080 0.376033 0.433171 0.154488
3 2 0.005286 0.031057 0.370149 0.439242 0.154267
3 2 0.004943 0.030697 0.375240 0.422349 0.166771
3 2 0.004805 0.029014 0.366358 0.450200 0.149623
3 2 0.006008 0.034556 0.374872 0.414512 0.170052
3 2 0.004570 0.028585 0.370692 0.442062 0.154092
3 2 0.004410 0.027444 0.367075 0.456756 0.144315
3 2 0.005434 0.031110 0.364125 0.448112 0.151219
3 2 0.005046 0.028407 0.370351 0.473852 0.122344
3 2 0.004453 0.027115 0.360152 0.466720 0.141559
3 2 0.005432 0.031067 0.363918 0.449008 0.150575
3 2 0.005560 0.034405 0.387669 0.390122 0.182243
3 2 0.005202 0.032239 0.383410 0.410559 0.168590
3 2 0.005238 0.033290 0.386431 0.388772 0.186269
3 2 0.006080 0.035805 0.382136 0.394998 0.180982
2 2 0.069044 0.157956 0.428466 0.100004 0.244529
2 2 0.056563 0.142373 0.441649 0.118094 0.241321
2 2 0.060909 0.144843 0.465692 0.106626 0.221930
2 2 0.219231 0.193347 0.289296 0.024979 0.273147
2 0 0.150629 0.106127 0.420339 0.229142 0.093764
2 1 0.105699 0.113858 0.599628 0.157416 0.023398
2 1 0.035901 0.058503 0.664414 0.231422 0.009760
2 1 0.143490 0.124499 0.549537 0.151302 0.031171
2 1 0.022559 0.055714 0.696997 0.212090 0.012641
2 1 0.023959 0.053989 0.642956 0.268725 0.010371
2 1 0.011681 0.037334 0.585137 0.353710 0.012138
2 1 0.037286 0.101601 0.557728 0.243898 0.059488
2 1 0.010132 0.036318 0.546017 0.387634 0.019900
2 1 0.011156 0.037454 0.534418 0.398117 0.018855
2 1 0.019331 0.065506 0.566633 0.301531 0.046999
2 1 0.011218 0.041172 0.515224 0.398161 0.034226
2 1 0.009015 0.038570 0.502147 0.401465 0.048803
2 1 0.009707 0.039295 0.520748 0.391512 0.038738
2 1 0.011749 0.044512 0.526559 0.377019 0.040162
2 1 0.008821 0.037978 0.516051 0.392514 0.044637
2 1 0.045052 0.117643 0.631875 0.151354 0.054077
2 1 0.041025 0.111663 0.644698 0.151377 0.051237
2 1 0.235947 0.174447 0.371790 0.106230 0.111586
2 1 0.108741 0.135986 0.599364 0.111092 0.044818
2 1 0.029516 0.098653 0.634023 0.184887 0.052921
2 1 0.028722 0.097113 0.530637 0.184263 0.159265
2 1 0.026445 0.097348 0.582565 0.200769 0.092873
2 1 0.021086 0.089339 0.553823 0.207718 0.128034
2 1 0.065144 0.138733 0.364403 0.087445 0.344275
2 1 0.022933 0.101885 0.450354 0.178424 0.246404
2 1 0.009235 0.044637 0.441906 0.385071 0.119151
2 1 0.012856 0.055367 0.462403 0.351710 0.117664
2 1 0.010593 0.045083 0.465688 0.399377 0.079259
2 1 0.009622 0.039532 0.452570 0.436621 0.061655
2 1 0.010368 0.041687 0.460702 0.426315 0.060928
2 1 0.154066 0.194217 0.455367 0.068746 0.127604
2 1 0.118303 0.158862 0.471583 0.125259 0.125993
2 1 0.169918 0.178171 0.462449 0.044113 0.145350
2 1 0.064908 0.144791 0.499827 0.095102 0.195372
2 1 0.104035 0.160316 0.512312 0.085472 0.137865
3 1 0.006888 0.021079 0.415281 0.546947 0.009806
2 1 0.009166 0.031106 0.491991 0.449545 0.018193
3 1 0.007707 0.024213 0.435405 0.520140 0.012535
3 1 0.007248 0.023472 0.431505 0.524921 0.012855
3 1 0.010703 0.030491 0.455020 0.490439 0.013347
2 1 0.087938 0.129484 0.573187 0.156985 0.052405
2 2 0.223496 0.166591 0.431359 0.146136 0.032418
2 2 0.073222 0.100256 0.653777 0.154948 0.017797
2 2 0.078122 0.104881 0.670925 0.124158 0.021913
2 2 0.254710 0.168906 0.466404 0.080522 0.029458
2 2 0.024871 0.064890 0.574156 0.313820 0.022262
2 2 0.014061 0.038569 0.534675 0.401247 0.011449
2 2 0.015024 0.040087 0.545934 0.388283 0.010671
2 2 0.016211 0.044537 0.568269 0.358721 0.012263
2 2 0.015678 0.043794 0.529586 0.394615 0.016327
2 2 0.016901 0.046372 0.531216 0.388210 0.017301
2 2 0.016843 0.040905 0.540256 0.393063 0.008934
2 2 0.020929 0.049504 0.532267 0.384673 0.012627
2 2 0.015630 0.040120 0.538411 0.395868 0.009971
2 2 0.015790 0.042381 0.567583 0.363936 0.010309
2 2 0.040262 0.098064 0.663279 0.161477 0.036918
2 2 0.055383 0.108178 0.585719 0.196073 0.054647
2 2 0.157018 0.195297 0.421118 0.093060 0.133507
2 2 0.063209 0.142969 0.536576 0.144267 0.112980
2 2 0.027907 0.087603 0.601951 0.236425 0.046113
2 2 0.041726 0.117002 0.527310 0.196266 0.117697
2 2 0.061851 0.134071 0.448823 0.164182 0.191072
2 2 0.027588 0.092321 0.549384 0.238626 0.092080
2 2 0.063330 0.141679 0.481768 0.134384 0.178840
2 1 0.019840 0.084089 0.526802 0.236064 0.133205
2 1 0.073665 0.141163 0.578750 0.149796 0.056626
2 0 0.163198 0.210664 0.433719 0.075884 0.116535
2 0 0.068914 0.145702 0.559845 0.172408 0.053132
0 0 0.367311 0.145406 0.286807 0.081321 0.119155
0 0 0.640017 0.113158 0.101191 0.074861 0.070773
2 0 0.257567 0.182052 0.358917 0.085769 0.115695
2 0 0.026929 0.074826 0.589201 0.268884 0.040160
2 0 0.026396 0.080725 0.543743 0.294445 0.054692
2 0 0.019847 0.065653 0.556108 0.311653 0.046738
2 0 0.023334 0.069786 0.556739 0.312088 0.038054
2 0 0.016366 0.062053 0.530348 0.321116 0.070117
2 0 0.058146 0.138186 0.409358 0.130629 0.263681
2 0 0.015890 0.067586 0.388822 0.313597 0.214104
2 1 0.015922 0.069785 0.401740 0.297372 0.215181
2 1 0.014262 0.074285 0.402102 0.205038 0.304313
2 1 0.009078 0.062159 0.433526 0.176162 0.319074
2 1 0.007586 0.057843 0.433787 0.159252 0.341531
2 1 0.006712 0.056140 0.422973 0.132965 0.381210
4 1 0.053543 0.116447 0.299666 0.068954 0.461390
2 1 0.009741 0.069104 0.404223 0.124711 0.392221
2 4 0.007072 0.053450 0.428912 0.180108 0.330457
2 4 0.008384 0.058203 0.423748 0.183698 0.325967
2 4 0.005446 0.047068 0.434213 0.170674 0.342599
2 4 0.006532 0.050039 0.431431 0.195097 0.316901
4 4 0.015502 0.076028 0.361559 0.151131 0.395780
4 4 0.013949 0.073274 0.384085 0.088107 0.440584
