0 0 0.481467 0.203682 0.180095 0.024286 0.110470
0 0 0.467451 0.210960 0.188294 0.024565 0.108729
0 0 0.418335 0.240282 0.206113 0.021968 0.113301
0 0 0.415032 0.239360 0.216460 0.024322 0.104826
0 0 0.396430 0.251780 0.220596 0.022486 0.108708
0 0 0.314806 0.290571 0.282130 0.024988 0.087505
2 0 0.290351 0.300241 0.303318 0.025971 0.080119
0 0 0.303253 0.292346 0.296872 0.026777 0.080752
0 0 0.306000 0.297212 0.284177 0.023940 0.088671
2 0 0.233513 0.293620 0.343983 0.035706 0.093178
2 0 0.200512 0.321162 0.396560 0.031347 0.050419
2 0 0.206295 0.304383 0.407325 0.037007 0.044990
2 0 0.196599 0.318678 0.404213 0.032608 0.047903
0 0 0.361183 0.271955 0.239519 0.021922 0.105421
2 0 0.252944 0.316165 0.333402 0.026326 0.071162
2 0 0.220581 0.311452 0.380009 0.032775 0.055182
2 0 0.198325 0.314892 0.406131 0.033804 0.046847
2 0 0.195903 0.299771 0.406578 0.042102 0.055647
2 0 0.186078 0.298500 0.429355 0.042653 0.043414
2 0 0.175045 0.290456 0.446898 0.047849 0.039752
2 0 0.124019 0.271033 0.511426 0.063598 0.029924
2 0 0.197213 0.274080 0.404214 0.056342 0.068152
2 1 0.153886 0.289164 0.472808 0.049942 0.034199
2 1 0.138140 0.282680 0.492134 0.055054 0.031992
2 0 0.136822 0.281487 0.492498 0.056362 0.032832
2 0 0.055285 0.201047 0.594060 0.129441 0.020167
2 0 0.057101 0.196697 0.596527 0.131777 0.017898
2 1 0.055800 0.200830 0.592562 0.130341 0.020467
2 1 0.075577 0.223021 0.570022 0.107395 0.023985
2 1 0.057106 0.198657 0.592816 0.131938 0.019483
2 1 0.095887 0.255060 0.542348 0.078191 0.028514
2 1 0.124749 0.287454 0.494387 0.055927 0.037483
2 0 0.118271 0.282032 0.509580 0.057923 0.032194
2 0 0.116034 0.275450 0.519642 0.060492 0.028382
2 0 0.133947 0.290496 0.493496 0.050604 0.031456
2 1 0.194470 0.315955 0.409766 0.033786 0.046023
2 0 0.213249 0.317854 0.384151 0.031143 0.053603
2 0 0.198262 0.321039 0.399539 0.031614 0.049546
2 0 0.203446 0.310241 0.404744 0.035026 0.046544
2 0 0.309534 0.274121 0.314738 0.034179 0.067427
0 0 0.486009 0.203445 0.163757 0.020095 0.126694
0 0 0.520914 0.183723 0.153681 0.022063 0.119620
0 0 0.532614 0.175822 0.157906 0.025528 0.108130
0 0 0.535078 0.174883 0.155058 0.024896 0.110086
0 0 0.498288 0.183658 0.172052 0.024396 0.121606
0 0 0.441807 0.212503 0.202016 0.024195 0.119479
0 0 0.372587 0.259130 0.248119 0.026140 0.094023
0 0 0.323424 0.284877 0.278738 0.025674 0.087286
1 0 0.292080 0.310063 0.282992 0.021399 0.093466
0 0 0.310914 0.295260 0.279756 0.023695 0.090375
0 0 0.323743 0.289552 0.269244 0.023268 0.094192
0 0 0.369310 0.270499 0.225579 0.019855 0.114757
0 0 0.425520 0.240338 0.178594 0.016551 0.138998
0 0 0.315979 0.289848 0.281568 0.025054 0.087550
0 0 0.336029 0.287969 0.249816 0.020648 0.105538
0 0 0.337774 0.278930 0.266653 0.025019 0.091625
0 0 0.421860 0.240731 0.193898 0.019426 0.124085
0 0 0.475538 0.209173 0.172162 0.020979 0.122148
0 0 0.503045 0.174790 0.180989 0.028541 0.112634
0 0 0.451775 0.222103 0.186178 0.021479 0.118466
0 0 0.614413 0.115690 0.156394 0.056469 0.057034
0 0 0.614413 0.115690 0.156394 0.056469 0.057034
0 0 0.614413 0.115690 0.156394 0.056469 0.057034
0 0 0.614413 0.115690 0.156394 0.056469 0.057034
0 0 0.612737 0.117271 0.156567 0.055192 0.058233
0 0 0.567229 0.153414 0.157218 0.033340 0.088799
0 0 0.551861 0.163950 0.156373 0.028887 0.098929
0 0 0.546877 0.167254 0.156021 0.027619 0.102229
0 0 0.487949 0.202179 0.150480 0.017248 0.142144
0 0 0.492505 0.196950 0.153206 0.019076 0.138264
0 0 0.380276 0.264610 0.200373 0.016745 0.137996
0 0 0.437831 0.219810 0.221516 0.030589 0.090254
0 0 0.312340 0.296287 0.275349 0.022869 0.093156
1 0 0.296662 0.298586 0.296498 0.025384 0.082871
2 1 0.263640 0.300504 0.340190 0.030774 0.064891
2 0 0.219558 0.322762 0.370103 0.028653 0.058925
2 1 0.227072 0.318268 0.365776 0.029299 0.059584
2 1 0.215664 0.324490 0.373107 0.028525 0.058214
2 1 0.223260 0.327185 0.359490 0.026664 0.063402
2 1 0.225591 0.327014 0.356522 0.026419 0.064453
2 1 0.243274 0.328719 0.328797 0.023318 0.075891
2 2 0.250371 0.320224 0.331173 0.025232 0.073000
2 2 0.269748 0.308726 0.320329 0.026368 0.074829
2 2 0.251016 0.322967 0.326103 0.024131 0.075784
2 2 0.268640 0.308893 0.321673 0.026498 0.074296
0 2 0.334789 0.266554 0.291829 0.032355 0.074472
0 2 0.342573 0.278599 0.259121 0.023862 0.095845
0 2 0.342857 0.280661 0.254075 0.022642 0.099765
0 2 0.343362 0.281018 0.252298 0.022292 0.101031
1 2 0.299472 0.305920 0.278353 0.021523 0.094732
2 2 0.258048 0.317792 0.323635 0.024879 0.075646
0 2 0.321756 0.289106 0.273520 0.023998 0.091620
0 3 0.332742 0.284010 0.264996 0.023710 0.094542
1 3 0.273930 0.314724 0.304445 0.023219 0.083682
0 3 0.324139 0.274683 0.294440 0.030630 0.076108
2 3 0.265309 0.312832 0.320558 0.025531 0.075770
2 3 0.231110 0.322054 0.355548 0.027407 0.063881
2 3 0.247381 0.314314 0.343711 0.027892 0.066703
2 2 0.234449 0.316059 0.358812 0.029118 0.061562
0 0 0.302082 0.291863 0.299380 0.027251 0.079423
0 1 0.548857 0.156393 0.167662 0.034192 0.092897
0 1 0.493215 0.200152 0.150389 0.017568 0.138677
0 0 0.435202 0.212623 0.157074 0.017490 0.177611
0 0 0.502089 0.195003 0.151523 0.018880 0.132506
0 2 0.500502 0.195931 0.151325 0.018637 0.133604
0 0 0.309913 0.286045 0.297171 0.028261 0.078610
0 0 0.330988 0.283137 0.269726 0.024630 0.091519
1 2 0.293787 0.300534 0.297628 0.025135 0.082916
2 1 0.248304 0.313615 0.343394 0.028015 0.066672
0 1 0.321493 0.293350 0.265249 0.021964 0.097944
2 2 0.208827 0.314643 0.393357 0.032809 0.050364
2 2 0.208454 0.318305 0.389728 0.031520 0.051994
2 2 0.197036 0.310445 0.407049 0.036191 0.049280
2 3 0.193886 0.316953 0.409433 0.033480 0.046248
2 3 0.191014 0.315730 0.414259 0.034182 0.044814
2 3 0.186959 0.312702 0.422313 0.035641 0.042385
2 3 0.159724 0.304780 0.458208 0.041408 0.035880
2 3 0.152819 0.305225 0.460083 0.042899 0.038974
2 3 0.156273 0.305308 0.460141 0.041765 0.036513
2 3 0.192372 0.306155 0.422277 0.037661 0.041535
2 3 0.164895 0.306166 0.454926 0.039651 0.034362
2 3 0.142966 0.303885 0.475023 0.043506 0.034620
2 3 0.163793 0.305311 0.452445 0.041046 0.037405
2 3 0.161836 0.305022 0.456286 0.041013 0.035844
2 3 0.158926 0.301793 0.459741 0.043143 0.036397
2 3 0.197822 0.317270 0.404210 0.032992 0.047706
2 3 0.213038 0.315519 0.387089 0.032016 0.052338
2 3 0.243028 0.312270 0.352268 0.029317 0.063117
2 3 0.264908 0.296862 0.343190 0.032099 0.062941
0 3 0.308878 0.293292 0.286658 0.025088 0.086084
2 3 0.167602 0.313529 0.435723 0.038262 0.044883
2 3 0.201678 0.307843 0.408666 0.036212 0.045601
2 3 0.182574 0.308771 0.429947 0.037726 0.040982
2 3 0.171283 0.308592 0.444880 0.038390 0.036854
2 3 0.179819 0.312267 0.431402 0.036368 0.040145
2 3 0.086894 0.249460 0.562548 0.078461 0.022636
2 3 0.079199 0.231156 0.573982 0.094583 0.021080
2 3 0.081259 0.235685 0.571647 0.090120 0.021288
2 3 0.078828 0.245505 0.572294 0.081479 0.021893
2 3 0.072042 0.231597 0.581402 0.094004 0.020955
2 3 0.099111 0.262542 0.547331 0.067662 0.023353
2 3 0.110927 0.280444 0.522414 0.057728 0.028487
2 3 0.108207 0.277357 0.528984 0.058843 0.026609
2 3 0.126033 0.280573 0.509226 0.055936 0.028231
2 3 0.164276 0.297114 0.461147 0.043936 0.033527
0 3 0.474724 0.205593 0.189398 0.026254 0.104031
0 3 0.560098 0.157618 0.158920 0.032266 0.091098
0 3 0.614413 0.115690 0.156394 0.056469 0.057034
0 3 0.591757 0.135172 0.157629 0.042847 0.072596
0 2 0.518420 0.182561 0.167518 0.026536 0.104966
0 2 0.376454 0.263955 0.229065 0.021644 0.108881
0 3 0.341555 0.278749 0.260588 0.024070 0.095038
0 2 0.374582 0.269877 0.213244 0.017930 0.124368
0 2 0.378374 0.265888 0.218166 0.019405 0.118166
0 2 0.340032 0.285566 0.247731 0.020753 0.105917
0 1 0.397052 0.253073 0.215061 0.021179 0.113636
0 2 0.406615 0.229808 0.236592 0.028715 0.098269
0 2 0.377514 0.265308 0.222422 0.020235 0.114521
0 2 0.375868 0.268893 0.213474 0.018124 0.123640
0 2 0.338566 0.282977 0.256800 0.022629 0.099028
2 3 0.243283 0.321767 0.339075 0.025768 0.070107
0 2 0.375371 0.230520 0.287695 0.043509 0.062904
2 2 0.254118 0.305868 0.345819 0.030130 0.064065
2 3 0.274546 0.308232 0.314094 0.025695 0.077434
2 3 0.240175 0.284201 0.387380 0.041554 0.046689
2 2 0.271841 0.297627 0.333106 0.030581 0.066845
2 2 0.196318 0.319115 0.404090 0.032480 0.047997
2 2 0.192804 0.325611 0.401356 0.030572 0.049657
2 2 0.273037 0.299079 0.329546 0.029752 0.068586
2 2 0.199264 0.310730 0.409343 0.035260 0.045403
2 2 0.128665 0.277252 0.506247 0.058442 0.029394
2 2 0.111420 0.267976 0.524118 0.067001 0.029485
2 2 0.132073 0.291692 0.491063 0.051181 0.033993
2 2 0.138024 0.293302 0.482949 0.050129 0.035596
2 2 0.141931 0.294498 0.476347 0.049624 0.037600
2 2 0.138305 0.288331 0.491790 0.050966 0.030607
2 2 0.142974 0.298516 0.475519 0.046812 0.036178
2 2 0.124706 0.289278 0.495875 0.054221 0.035920
2 3 0.130868 0.292470 0.488669 0.051718 0.036275
2 2 0.124578 0.285356 0.503980 0.054720 0.031366
2 3 0.205963 0.320226 0.390705 0.031107 0.051999
1 2 0.283031 0.313773 0.291329 0.021792 0.090074
2 3 0.225503 0.318692 0.367312 0.029349 0.059143
2 3 0.239777 0.314629 0.353557 0.028899 0.063138
2 2 0.210478 0.319870 0.385357 0.030737 0.053557
2 3 0.229499 0.315489 0.366030 0.029998 0.058985
2 3 0.240044 0.314877 0.352880 0.028768 0.063432
2 3 0.260898 0.308889 0.332587 0.027830 0.069797
2 2 0.238036 0.314261 0.356344 0.029285 0.062074
2 2 0.195123 0.332362 0.390586 0.028134 0.053794
2 3 0.159443 0.304195 0.457141 0.042083 0.037137
2 3 0.144394 0.293877 0.480343 0.048149 0.033237
2 0 0.147763 0.299733 0.474915 0.044526 0.033063
2 0 0.135168 0.297415 0.483967 0.048080 0.035371
2 0 0.112078 0.284578 0.512519 0.057459 0.033365
2 0 0.106092 0.274492 0.528080 0.062436 0.028901
2 0 0.111386 0.274524 0.522399 0.062242 0.029449
2 0 0.106345 0.280667 0.518854 0.060644 0.033489
2 0 0.114394 0.273853 0.521037 0.061979 0.028736
2 0 0.098168 0.263760 0.540829 0.069956 0.027287
2 1 0.129201 0.298493 0.486154 0.048822 0.037329
2 1 0.153678 0.306820 0.464699 0.040653 0.034150
2 1 0.165580 0.311229 0.446785 0.038233 0.038174
2 2 0.161230 0.319177 0.442149 0.035964 0.041481
2 2 0.131114 0.291134 0.491142 0.051900 0.034711
2 2 0.215620 0.318862 0.379941 0.030506 0.055072
2 2 0.209726 0.324517 0.380856 0.029202 0.055698
2 2 0.229875 0.315467 0.365566 0.029956 0.059137
2 2 0.204430 0.326658 0.385202 0.029056 0.054654
2 2 0.236879 0.317646 0.353523 0.028195 0.063756
2 2 0.251660 0.321588 0.327255 0.024527 0.074970
2 2 0.270601 0.309104 0.318523 0.026063 0.075708
1 2 0.284353 0.308035 0.299511 0.023883 0.084217
1 2 0.259253 0.320085 0.318263 0.023818 0.078581
2 2 0.294244 0.294731 0.306294 0.027596 0.077135
2 1 0.300119 0.285353 0.304533 0.027693 0.082301
2 2 0.286986 0.300725 0.307534 0.026437 0.078318
2 2 0.235091 0.330657 0.337981 0.023877 0.072394
2 3 0.253897 0.313584 0.335729 0.027151 0.069640
2 2 0.258215 0.317825 0.323339 0.024839 0.075782
2 2 0.238362 0.324715 0.341864 0.025449 0.069610
2 3 0.263720 0.304322 0.335016 0.029188 0.067753
2 2 0.212640 0.320646 0.381676 0.030218 0.054820
2 2 0.218344 0.318880 0.376408 0.030174 0.056194
2 2 0.276119 0.301165 0.322402 0.028317 0.071997
0 0 0.376522 0.240723 0.273434 0.036464 0.072857
0 1 0.341842 0.243682 0.311779 0.043831 0.058866
0 1 0.488314 0.137626 0.245575 0.091353 0.037132
0 2 0.347019 0.142211 0.307185 0.156397 0.047188
2 2 0.306044 0.145066 0.354742 0.164739 0.029410
2 2 0.256360 0.311338 0.335449 0.027618 0.069236
2 2 0.187982 0.318534 0.415070 0.033445 0.044969
2 2 0.177714 0.323170 0.422950 0.032666 0.043499
2 2 0.195463 0.320008 0.404188 0.032247 0.048094
2 2 0.225001 0.317957 0.368874 0.029679 0.058489
2 2 0.227198 0.326703 0.354727 0.026314 0.065059
2 2 0.259837 0.311277 0.330687 0.027070 0.071129
2 2 0.247083 0.321492 0.334051 0.025286 0.072088
2 2 0.265754 0.313946 0.318188 0.025020 0.077092
2 0 0.270473 0.307902 0.320521 0.026569 0.074536
2 0 0.173141 0.310694 0.438875 0.037804 0.039486
2 0 0.160154 0.304955 0.453718 0.042115 0.039059
2 0 0.141012 0.302639 0.471869 0.045648 0.038832
2 0 0.142196 0.305810 0.474109 0.042786 0.035099
2 1 0.142165 0.305168 0.471529 0.043787 0.037351
2 1 0.157162 0.322350 0.440954 0.035544 0.043990
2 1 0.159363 0.315819 0.452758 0.036346 0.035715
2 0 0.178652 0.325676 0.419142 0.031754 0.044777
2 0 0.168180 0.308426 0.440922 0.040105 0.042368
2 1 0.168423 0.322417 0.430330 0.034264 0.044567
2 1 0.231580 0.321991 0.354992 0.027365 0.064071
2 2 0.209142 0.328995 0.376181 0.027758 0.057925
2 2 0.215578 0.334669 0.360133 0.025150 0.064470
2 2 0.216006 0.323459 0.373923 0.028840 0.057772
2 2 0.249439 0.308786 0.348247 0.029702 0.063826
2 2 0.288774 0.297138 0.310477 0.027634 0.075977
1 0 0.288028 0.303340 0.301753 0.025113 0.081765
2 0 0.299423 0.283710 0.315147 0.031600 0.070120
0 0 0.318562 0.271925 0.305919 0.033323 0.070271
0 0 0.305392 0.286463 0.302991 0.029049 0.076106
2 0 0.271167 0.308812 0.318144 0.026078 0.075798
2 0 0.250460 0.310003 0.345295 0.029070 0.065172
2 0 0.261356 0.309121 0.331626 0.027661 0.070236
1 0 0.253824 0.327786 0.314061 0.021939 0.082390
2 0 0.249237 0.317703 0.336441 0.026338 0.070281
2 0 0.165685 0.311368 0.443642 0.038697 0.040608
2 0 0.168983 0.304202 0.442884 0.041967 0.041964
2 0 0.161150 0.300267 0.458257 0.043696 0.036630
2 0 0.187612 0.317759 0.416337 0.033751 0.044541
2 0 0.189509 0.307664 0.419658 0.037993 0.045177
2 0 0.222173 0.306410 0.384738 0.034478 0.052201
2 0 0.212164 0.308644 0.395751 0.034700 0.048742
2 0 0.279810 0.302292 0.315535 0.027159 0.075203
2 0 0.230381 0.309146 0.372129 0.032297 0.056047
2 0 0.222727 0.303895 0.383399 0.035668 0.054312
2 0 0.242543 0.303950 0.357026 0.032807 0.063675
2 0 0.234853 0.301327 0.362189 0.035218 0.066414
2 0 0.232677 0.311962 0.366204 0.030893 0.058264
2 0 0.268334 0.308901 0.316754 0.026333 0.079679
2 0 0.247294 0.306402 0.354093 0.030967 0.061244
2 0 0.182045 0.303719 0.432600 0.040251 0.041385
2 0 0.159861 0.295024 0.462725 0.046435 0.035955
2 0 0.156904 0.297388 0.460752 0.046344 0.038612
2 0 0.188091 0.316368 0.413110 0.034693 0.047738
2 0 0.174396 0.317299 0.428815 0.035565 0.043926
2 0 0.183532 0.317262 0.421872 0.034267 0.043067
2 0 0.184872 0.319022 0.418404 0.033535 0.044167
2 0 0.250766 0.311439 0.336575 0.028382 0.072837
2 0 0.181730 0.298067 0.435196 0.043206 0.041800
2 0 0.192375 0.311310 0.417136 0.035689 0.043490
2 0 0.252531 0.306247 0.347427 0.030227 0.063567
2 0 0.250590 0.323270 0.326270 0.024090 0.075780
0 0 0.329763 0.293345 0.248944 0.019612 0.108336
1 0 0.277062 0.309177 0.308840 0.024841 0.080081
2 0 0.257803 0.317981 0.323706 0.024849 0.075660
0 0 0.317210 0.291944 0.275622 0.023747 0.091476
0 0 0.393298 0.252597 0.224992 0.023163 0.105950
0 0 0.345137 0.277625 0.256661 0.023657 0.096919
0 0 0.328020 0.290370 0.259768 0.021703 0.100139
0 0 0.324184 0.292681 0.261746 0.021576 0.099813
2 0 0.241968 0.307487 0.359654 0.031323 0.059568
2 0 0.227173 0.295173 0.375314 0.039495 0.062845
2 0 0.222540 0.308365 0.371925 0.034120 0.063050
2 0 0.230405 0.325280 0.352216 0.026373 0.065727
2 0 0.212349 0.310704 0.388348 0.034273 0.054325
2 1 0.191174 0.316140 0.413636 0.034020 0.045030
2 1 0.262515 0.304818 0.335259 0.029181 0.068227
2 1 0.188825 0.321959 0.410383 0.032176 0.046658
2 1 0.203498 0.319143 0.395047 0.031751 0.050561
2 1 0.208954 0.308427 0.396971 0.035427 0.050222
2 1 0.258730 0.319659 0.319727 0.024066 0.077818
0 1 0.325472 0.287026 0.271348 0.024087 0.092068
1 1 0.261934 0.327401 0.301500 0.020645 0.088521
1 1 0.299762 0.300781 0.287767 0.023739 0.087951
0 1 0.323513 0.293926 0.260171 0.021127 0.101262
2 1 0.304834 0.283745 0.307776 0.030457 0.073189
0 2 0.338864 0.275061 0.272172 0.026784 0.087119
0 2 0.316763 0.282322 0.293128 0.028514 0.079272
0 2 0.324697 0.282253 0.281409 0.026671 0.084971
0 1 0.342094 0.275663 0.265869 0.025592 0.090781
0 1 0.332070 0.281124 0.271807 0.025385 0.089614
0 0 0.351712 0.268512 0.263925 0.026864 0.088987
0 0 0.341625 0.269758 0.277187 0.028907 0.082524
0 0 0.331237 0.264973 0.298792 0.034066 0.070932
0 0 0.351608 0.263444 0.273017 0.029749 0.082181
0 1 0.350356 0.275159 0.252666 0.023495 0.098325
0 1 0.347083 0.272511 0.263786 0.025933 0.090687
0 1 0.326717 0.280840 0.280761 0.026885 0.084797
0 1 0.347641 0.266083 0.274447 0.029337 0.082492
0 2 0.363793 0.263418 0.254137 0.026274 0.092377
0 2 0.313474 0.295309 0.275348 0.023055 0.092815
2 2 0.286685 0.300930 0.307653 0.026409 0.078322
0 2 0.318468 0.293113 0.271147 0.022866 0.094407
0 2 0.360925 0.253782 0.266047 0.028903 0.090344
0 2 0.371984 0.263516 0.239360 0.023567 0.101572
0 2 0.318612 0.287628 0.281395 0.025495 0.086870
0 2 0.327914 0.267907 0.287358 0.028260 0.088561
0 2 0.323956 0.279166 0.287706 0.028398 0.080773
0 2 0.303338 0.300703 0.282009 0.022965 0.090985
1 2 0.265514 0.320518 0.307853 0.022550 0.083566
2 2 0.248076 0.316716 0.339455 0.026885 0.068867
2 2 0.226013 0.331440 0.349907 0.024874 0.067767
2 2 0.212769 0.319497 0.382858 0.030610 0.054267
2 2 0.267095 0.311347 0.320212 0.025798 0.075547
2 2 0.209083 0.326217 0.379654 0.028695 0.056351
2 2 0.194583 0.330817 0.393111 0.028685 0.052805
2 2 0.239848 0.312746 0.355873 0.029598 0.061935
2 2 0.175407 0.323855 0.425105 0.032604 0.043029
2 2 0.185508 0.327693 0.408313 0.030531 0.047956
2 2 0.194550 0.320101 0.405230 0.032301 0.047819
2 2 0.188332 0.320518 0.406258 0.033340 0.051552
2 2 0.188501 0.331014 0.400756 0.029188 0.050542
2 2 0.199193 0.307232 0.413005 0.036606 0.043964
2 2 0.241440 0.310752 0.356295 0.030130 0.061383
2 2 0.194060 0.323965 0.401599 0.031011 0.049365
2 2 0.195786 0.321241 0.402434 0.031785 0.048754
2 2 0.181067 0.316214 0.425957 0.034836 0.041925
2 3 0.200263 0.318375 0.399963 0.032355 0.049044
2 3 0.195664 0.322082 0.401661 0.031505 0.049089
2 3 0.184002 0.326263 0.411784 0.031131 0.046820
2 3 0.161402 0.309809 0.451321 0.039386 0.038083
2 2 0.165932 0.301834 0.450619 0.042837 0.038778
2 3 0.134682 0.287093 0.494754 0.052366 0.031105
2 3 0.139366 0.290974 0.484194 0.050925 0.034540
2 3 0.141233 0.292554 0.483524 0.049331 0.033358
2 3 0.088259 0.241098 0.555900 0.089141 0.025601
2 3 0.094956 0.250763 0.545130 0.081436 0.027715
2 3 0.090665 0.242000 0.552305 0.088746 0.026284
2 3 0.090765 0.246125 0.550279 0.085609 0.027222
2 3 0.080354 0.235858 0.565873 0.093543 0.024372
2 3 0.083785 0.241700 0.564148 0.086763 0.023604
2 3 0.079775 0.237757 0.568627 0.090498 0.023342
2 3 0.105427 0.273676 0.524728 0.064614 0.031554
2 3 0.092515 0.260563 0.548410 0.072171 0.026341
2 3 0.092935 0.254885 0.554687 0.074168 0.023325
2 3 0.133566 0.304097 0.484187 0.044222 0.033928
2 3 0.133584 0.294357 0.495333 0.047473 0.029252
2 3 0.134740 0.305071 0.477049 0.044938 0.038202
2 3 0.157569 0.307555 0.457530 0.040585 0.036760
2 3 0.150195 0.302677 0.468180 0.043512 0.035436
2 3 0.170950 0.308384 0.445780 0.038428 0.036458
2 3 0.152995 0.307009 0.466971 0.040215 0.032809
2 3 0.151199 0.301404 0.469892 0.043556 0.033950
2 3 0.152820 0.302298 0.468685 0.042741 0.033456
2 3 0.158104 0.312453 0.452420 0.038645 0.038378
2 3 0.243890 0.320077 0.340606 0.026287 0.069140
2 3 0.281198 0.303134 0.312250 0.026543 0.076875
2 3 0.238486 0.321452 0.346236 0.026588 0.067238
2 3 0.252664 0.317971 0.331185 0.025696 0.072484
2 3 0.247354 0.316625 0.340585 0.027030 0.068406
2 3 0.175702 0.299662 0.434262 0.044132 0.046241
2 3 0.196716 0.309403 0.413803 0.036009 0.044069
2 3 0.215543 0.317825 0.381255 0.030888 0.054490
2 3 0.220548 0.308774 0.385249 0.033670 0.051759
2 3 0.204838 0.311744 0.401449 0.034314 0.047655
2 3 0.188123 0.312284 0.418424 0.036092 0.045077
2 3 0.207038 0.312091 0.396787 0.034098 0.049987
2 3 0.202877 0.315125 0.400244 0.033263 0.048491
2 3 0.189775 0.306918 0.419620 0.038328 0.045359
2 3 0.197704 0.310784 0.408289 0.035732 0.047491
2 3 0.156832 0.301967 0.457867 0.044103 0.039231
2 3 0.149630 0.297741 0.472925 0.045679 0.034025
2 3 0.154385 0.301095 0.461905 0.044560 0.038054
2 3 0.138106 0.292879 0.487636 0.049099 0.032281
2 3 0.149852 0.304274 0.466483 0.043028 0.036363
2 3 0.216165 0.309598 0.389780 0.033875 0.050582
2 3 0.264944 0.307036 0.329582 0.027884 0.070554
2 3 0.234957 0.315561 0.358770 0.029232 0.061480
2 3 0.234350 0.316455 0.358440 0.028985 0.061769
2 3 0.265013 0.315744 0.316472 0.024457 0.078313
2 3 0.222433 0.319174 0.370740 0.029566 0.058087
2 3 0.225971 0.315705 0.370350 0.030378 0.057596
2 3 0.207896 0.319506 0.389068 0.031152 0.052378
2 3 0.189217 0.326744 0.404653 0.030521 0.048866
2 3 0.199764 0.322383 0.396137 0.030998 0.050718
2 3 0.191304 0.327324 0.401344 0.030139 0.049889
2 3 0.195399 0.323935 0.399935 0.030894 0.049837
2 3 0.203828 0.313992 0.400288 0.033582 0.048310
2 3 0.220477 0.304638 0.389854 0.035301 0.049729
2 3 0.212537 0.323963 0.377856 0.029072 0.056572
2 3 0.184539 0.314078 0.423873 0.035334 0.042175
2 3 0.182725 0.313619 0.426542 0.035647 0.041468
2 3 0.188764 0.314774 0.418007 0.034727 0.043728
2 3 0.200730 0.311223 0.407038 0.034929 0.046079
2 3 0.164402 0.311751 0.450495 0.037554 0.035799
2 3 0.151771 0.309074 0.463722 0.040151 0.035282
2 3 0.165425 0.307561 0.453144 0.039062 0.034808
2 3 0.166390 0.313380 0.446560 0.036848 0.036822
2 3 0.163960 0.313749 0.448756 0.036928 0.036607
2 3 0.137319 0.299766 0.486353 0.045117 0.031445
2 3 0.193290 0.295653 0.425736 0.042828 0.042493
2 3 0.153063 0.314717 0.459009 0.037538 0.035673
2 3 0.142984 0.305212 0.480172 0.041317 0.030314
2 3 0.132918 0.299324 0.489302 0.046168 0.032287
2 3 0.158794 0.308871 0.459884 0.038898 0.033553
2 3 0.088810 0.260348 0.554620 0.071352 0.024869
2 3 0.081267 0.239741 0.570078 0.086938 0.021976
2 3 0.097512 0.257274 0.553096 0.070371 0.021746
2 3 0.082351 0.244603 0.569055 0.082151 0.021840
2 3 0.104332 0.271637 0.535217 0.062734 0.026080
2 3 0.084952 0.244172 0.567131 0.082160 0.021585
2 3 0.078739 0.246410 0.573892 0.079812 0.021147
2 3 0.081967 0.247661 0.567491 0.080251 0.022630
2 3 0.075287 0.240082 0.580207 0.084363 0.020062
2 3 0.067056 0.229448 0.591072 0.093412 0.019013
2 3 0.109071 0.268433 0.533954 0.063691 0.024852
2 3 0.102596 0.262133 0.528123 0.074424 0.032724
2 3 0.104483 0.268720 0.537379 0.064183 0.025234
2 3 0.095238 0.259869 0.547705 0.071786 0.025402
2 3 0.088857 0.258466 0.554080 0.073263 0.025334
2 3 0.074090 0.223418 0.577008 0.103885 0.021599
2 3 0.085469 0.248463 0.556894 0.082908 0.026266
2 3 0.079848 0.229296 0.570436 0.098121 0.022299
2 3 0.069433 0.220882 0.579831 0.107641 0.022213
2 3 0.081538 0.235778 0.565384 0.093244 0.024056
2 3 0.073972 0.221357 0.582225 0.103057 0.019389
2 3 0.078896 0.235432 0.569528 0.092841 0.023302
2 3 0.076473 0.226677 0.575907 0.099700 0.021243
2 3 0.095619 0.261259 0.544150 0.071937 0.027035
2 0 0.115393 0.283634 0.511895 0.057089 0.031990
0 0 0.426594 0.208813 0.253643 0.043352 0.067598
1 0 0.282547 0.315106 0.289613 0.021349 0.091385
0 1 0.336949 0.283777 0.257991 0.022662 0.098621
0 1 0.317639 0.290660 0.277373 0.024262 0.090067
0 2 0.331525 0.280805 0.273282 0.025690 0.088697
0 2 0.345231 0.277427 0.256922 0.023740 0.096680
0 2 0.369246 0.263801 0.243819 0.024312 0.098822
0 2 0.348839 0.279318 0.245707 0.021560 0.104576
0 2 0.371572 0.265481 0.235209 0.022431 0.105307
0 2 0.331132 0.290180 0.254195 0.020913 0.103579
0 2 0.313770 0.294204 0.277014 0.023507 0.091505
1 2 0.296899 0.309588 0.275329 0.020502 0.097682
0 2 0.311553 0.291223 0.286110 0.025441 0.085673
0 0 0.307978 0.292461 0.289515 0.025679 0.084367
0 1 0.356400 0.275800 0.239274 0.021167 0.107360
2 2 0.242947 0.308523 0.357109 0.030775 0.060646
2 2 0.229305 0.317646 0.363612 0.029232 0.060205
2 2 0.248837 0.310890 0.346305 0.028976 0.064991
2 2 0.238952 0.325045 0.340555 0.025247 0.070200
2 2 0.207264 0.315651 0.379899 0.033379 0.063807
2 1 0.234723 0.318420 0.355416 0.028214 0.063226
2 1 0.236267 0.321811 0.348816 0.026777 0.066329
2 1 0.232726 0.317820 0.358861 0.028708 0.061885
2 2 0.230898 0.320235 0.358205 0.028083 0.062579
2 2 0.234354 0.310437 0.365883 0.031247 0.058078
2 2 0.215016 0.332672 0.363566 0.025864 0.062882
2 2 0.201882 0.320413 0.395665 0.031469 0.050570
2 2 0.214401 0.326575 0.372197 0.027962 0.058865
2 2 0.231605 0.319696 0.357951 0.028181 0.062567
2 2 0.270098 0.304885 0.325405 0.027834 0.071778
1 2 0.274070 0.311946 0.308876 0.024293 0.080815
2 2 0.253724 0.311404 0.338988 0.028015 0.067869
2 2 0.243794 0.327557 0.329803 0.023642 0.075204
2 2 0.276512 0.306092 0.314525 0.026201 0.076671
2 2 0.258940 0.314347 0.327507 0.026035 0.073172
2 2 0.268861 0.307561 0.323327 0.026992 0.073259
2 2 0.251758 0.308078 0.346084 0.029622 0.064459
2 2 0.235279 0.318990 0.353924 0.027930 0.063877
2 2 0.258746 0.302003 0.344693 0.030959 0.063599
2 2 0.245594 0.313878 0.346724 0.028327 0.065478
2 2 0.263288 0.316130 0.318447 0.024612 0.077524
2 2 0.232103 0.322581 0.353499 0.027085 0.064732
2 2 0.223874 0.331999 0.352150 0.024971 0.067005
2 2 0.231277 0.314578 0.364830 0.030099 0.059217
2 2 0.237506 0.319933 0.349647 0.027275 0.065640
2 2 0.232940 0.316253 0.360563 0.029253 0.060991
2 2 0.206432 0.315634 0.395258 0.032705 0.049972
2 2 0.230039 0.312534 0.367565 0.031081 0.058782
2 2 0.192463 0.271442 0.424144 0.059357 0.052594
2 2 0.199474 0.308951 0.402744 0.036790 0.052041
2 2 0.224091 0.300849 0.389492 0.036391 0.049177
2 2 0.213433 0.287956 0.414774 0.043214 0.040623
2 2 0.246872 0.313034 0.346116 0.028454 0.065524
2 2 0.238490 0.314103 0.355944 0.029280 0.062183
2 2 0.238273 0.315912 0.353908 0.028636 0.063271
1 2 0.283622 0.306699 0.302914 0.024584 0.082182
2 2 0.262472 0.308568 0.330855 0.027693 0.070413
2 2 0.249839 0.318398 0.334596 0.025987 0.071180
2 2 0.236041 0.328881 0.339202 0.024343 0.071532
2 2 0.282805 0.301241 0.312820 0.027033 0.076100
2 2 0.224263 0.319438 0.368018 0.029240 0.059040
2 2 0.224077 0.295849 0.381015 0.039569 0.059490
2 2 0.212809 0.319598 0.382688 0.030570 0.054336
2 2 0.181090 0.298196 0.443088 0.041778 0.035848
2 2 0.188441 0.316046 0.417094 0.034294 0.044125
2 2 0.142205 0.293815 0.481371 0.048706 0.033902
2 2 0.171010 0.307025 0.441090 0.040071 0.040803
2 2 0.176486 0.319321 0.428430 0.034080 0.041684
2 2 0.172089 0.305238 0.444552 0.040136 0.037986
2 2 0.188989 0.315776 0.416700 0.034344 0.044191
2 2 0.174393 0.317321 0.433006 0.034930 0.040351
2 2 0.178657 0.314606 0.430505 0.035598 0.040634
2 2 0.159372 0.299777 0.460434 0.044094 0.036323
2 2 0.189892 0.311257 0.420204 0.035928 0.042718
2 0 0.165732 0.306299 0.445033 0.041306 0.041629
2 1 0.187420 0.312494 0.420131 0.035936 0.044019
2 1 0.176625 0.301811 0.435022 0.042494 0.044047
2 1 0.166065 0.302019 0.448949 0.043013 0.039954
2 2 0.156246 0.303033 0.456088 0.043983 0.040649
2 2 0.155562 0.297260 0.462017 0.046584 0.038576
2 2 0.186040 0.314505 0.421612 0.035056 0.042788
2 2 0.178472 0.306700 0.438370 0.038569 0.037889
2 2 0.189223 0.317445 0.411998 0.034034 0.047300
2 2 0.193868 0.326792 0.398668 0.030076 0.050596
2 0 0.190950 0.316864 0.413154 0.033779 0.045252
2 0 0.219983 0.319313 0.373764 0.029820 0.057120
2 0 0.236817 0.314591 0.357539 0.029333 0.061720
2 1 0.200919 0.317633 0.399955 0.032554 0.048939
2 2 0.206004 0.324052 0.386234 0.029772 0.053939
2 2 0.212556 0.310599 0.393156 0.033907 0.049782
2 2 0.209584 0.322318 0.383649 0.029978 0.054471
2 2 0.214559 0.330432 0.367104 0.026653 0.061252
2 2 0.204871 0.325020 0.386562 0.029563 0.053984
2 2 0.230166 0.326282 0.351187 0.026059 0.066306
2 2 0.222743 0.318770 0.370828 0.029672 0.057986
2 2 0.214178 0.325161 0.374242 0.028470 0.057949
2 2 0.195420 0.323609 0.400272 0.031003 0.049696
2 2 0.225584 0.325989 0.357891 0.026771 0.063765
2 2 0.193063 0.318490 0.408818 0.033008 0.046621
2 2 0.197432 0.330304 0.390003 0.028572 0.053689
2 2 0.220183 0.331376 0.358156 0.025651 0.064634
2 2 0.199088 0.332119 0.385668 0.027816 0.055309
2 2 0.239607 0.322001 0.343919 0.026229 0.068244
2 2 0.282418 0.300959 0.313805 0.027227 0.075591
2 2 0.249279 0.319241 0.334177 0.025764 0.071539
0 1 0.301420 0.295205 0.294910 0.025873 0.082592
2 1 0.304493 0.280962 0.312161 0.031865 0.070519
0 1 0.322385 0.281738 0.285798 0.027487 0.082593
0 2 0.321459 0.285755 0.280263 0.025722 0.086801
0 1 0.352018 0.269996 0.260581 0.025939 0.091466
0 2 0.340118 0.279005 0.262543 0.024335 0.093999
0 2 0.344795 0.276586 0.259468 0.024331 0.094820
0 2 0.341846 0.275928 0.265766 0.025517 0.090944
0 2 0.310675 0.293810 0.282856 0.024430 0.088229
0 2 0.320313 0.261949 0.302813 0.031045 0.083879
0 2 0.338705 0.271626 0.278386 0.028657 0.082626
0 2 0.351996 0.267201 0.265900 0.027523 0.087380
1 2 0.294122 0.302174 0.294296 0.024351 0.085057
1 2 0.269613 0.313773 0.312686 0.024396 0.079532
2 0 0.249599 0.321139 0.330936 0.025020 0.073305
2 2 0.234139 0.322674 0.350581 0.026770 0.065835
2 2 0.236467 0.320984 0.349658 0.027044 0.065846
2 2 0.240258 0.328516 0.333586 0.023847 0.073793
2 2 0.252889 0.322581 0.323908 0.023966 0.076655
1 2 0.270711 0.316419 0.306624 0.023162 0.083083
2 0 0.240205 0.313340 0.354644 0.029322 0.062489
1 0 0.294615 0.301750 0.294259 0.024431 0.084945
2 1 0.259310 0.308000 0.336002 0.028444 0.068243
2 1 0.259435 0.304251 0.340867 0.029928 0.065519
2 1 0.212838 0.314606 0.388372 0.032375 0.051810
2 2 0.198448 0.313716 0.407224 0.034224 0.046387
2 2 0.189505 0.313995 0.417898 0.034947 0.043654
2 2 0.187887 0.311043 0.422848 0.036180 0.042041
2 2 0.235577 0.317252 0.355783 0.028522 0.062866
2 2 0.265561 0.301365 0.336510 0.030093 0.066471
0 2 0.320620 0.271026 0.304440 0.033323 0.070590
0 2 0.380112 0.253468 0.247120 0.027288 0.092012
0 2 0.396349 0.243496 0.240577 0.028449 0.091129
0 2 0.387946 0.245919 0.249189 0.029637 0.087309
0 2 0.361650 0.272025 0.238370 0.021716 0.106239
1 0 0.271839 0.312716 0.311019 0.024403 0.080023
1 0 0.262771 0.318353 0.315698 0.023858 0.079321
1 0 0.302060 0.306144 0.273215 0.020809 0.097773
2 0 0.251505 0.315990 0.335681 0.026621 0.070203
2 0 0.230927 0.328118 0.347594 0.025325 0.068036
2 0 0.164005 0.309363 0.440602 0.040754 0.045277
2 0 0.184233 0.306015 0.422562 0.039856 0.047334
2 0 0.168185 0.296824 0.448506 0.045640 0.040846
2 0 0.146881 0.298259 0.472576 0.046377 0.035906
2 0 0.163710 0.318211 0.436904 0.036620 0.044555
1 0 0.278665 0.309710 0.305520 0.024317 0.081787
1 0 0.269798 0.315606 0.309411 0.023648 0.081538
0 0 0.353674 0.275087 0.246605 0.022504 0.102130
1 0 0.283416 0.305450 0.305289 0.025145 0.080700
1 0 0.276338 0.310682 0.307483 0.024370 0.081126
0 0 0.349530 0.276386 0.251413 0.023043 0.099628
0 0 0.352196 0.276816 0.245263 0.021954 0.103771
0 0 0.347795 0.276676 0.253951 0.023403 0.098175
0 0 0.360615 0.272805 0.238450 0.021583 0.106547
0 0 0.332395 0.282792 0.268047 0.024436 0.092329
0 0 0.406138 0.242791 0.225058 0.025343 0.100670
0 0 0.415162 0.239564 0.215616 0.024098 0.105560
0 0 0.400687 0.237976 0.236489 0.027673 0.097174
0 0 0.451375 0.216622 0.205385 0.027408 0.099210
0 0 0.386794 0.233389 0.250845 0.028964 0.100008
0 0 0.383411 0.226158 0.254588 0.029028 0.106815
0 0 0.387461 0.225499 0.249121 0.028144 0.109775
0 0 0.391654 0.223724 0.250171 0.029460 0.104992
0 0 0.428058 0.212889 0.208557 0.023710 0.126785
0 0 0.385612 0.260974 0.216713 0.020015 0.116686
2 0 0.264244 0.313392 0.321261 0.025499 0.075604
0 0 0.330776 0.288972 0.257754 0.021657 0.100841
1 0 0.299272 0.302563 0.285270 0.023058 0.089838
1 0 0.274570 0.311982 0.308051 0.024185 0.081212
2 0 0.263680 0.315293 0.319168 0.024864 0.076995
1 0 0.284347 0.311885 0.292655 0.022294 0.088819
2 0 0.283508 0.298879 0.315364 0.027906 0.074344
2 0 0.279321 0.294642 0.327123 0.030526 0.068389
1 0 0.286144 0.307976 0.296780 0.023544 0.085556
0 0 0.342622 0.273780 0.268582 0.026467 0.088548
0 0 0.339893 0.276187 0.268453 0.025909 0.089558
2 0 0.280017 0.304956 0.311150 0.026009 0.077868
2 0 0.288002 0.286194 0.326879 0.032699 0.066227
0 0 0.310362 0.289327 0.291192 0.026607 0.082512
0 0 0.323861 0.285181 0.277489 0.025415 0.088054
0 0 0.341393 0.269284 0.278313 0.029223 0.081786
0 0 0.385785 0.246901 0.250704 0.029693 0.086918
0 0 0.391340 0.241561 0.251860 0.031418 0.083821
0 0 0.379465 0.246060 0.261445 0.032196 0.080835
0 0 0.423687 0.233631 0.214517 0.025235 0.102930
2 0 0.229234 0.314748 0.367279 0.030307 0.058432
2 0 0.205247 0.307510 0.403003 0.036155 0.048085
2 0 0.210490 0.308139 0.398341 0.035081 0.047949
2 0 0.205374 0.309977 0.402662 0.034926 0.047061
2 0 0.221083 0.319680 0.371887 0.029553 0.057798
0 0 0.305294 0.297361 0.285052 0.024034 0.088260
1 0 0.258178 0.322256 0.316412 0.023199 0.079955
1 0 0.265194 0.316787 0.314535 0.024025 0.079459
0 0 0.430456 0.234723 0.194561 0.020706 0.119554
0 0 0.497821 0.190370 0.186406 0.029929 0.095474
0 0 0.324172 0.289631 0.268336 0.023117 0.094743
1 0 0.265092 0.316655 0.314902 0.024094 0.079257
1 0 0.293813 0.309429 0.281223 0.021283 0.094252
2 0 0.273961 0.304117 0.321151 0.027482 0.073290
0 0 0.349238 0.284712 0.228839 0.018044 0.119167
2 0 0.265279 0.312498 0.321110 0.025666 0.075446
1 0 0.244183 0.328239 0.328175 0.023344 0.076058
2 0 0.234224 0.315778 0.359467 0.029253 0.061279
2 0 0.253650 0.303938 0.348901 0.030981 0.062530
2 0 0.259043 0.313793 0.328173 0.026230 0.072762
0 0 0.321047 0.279997 0.290613 0.028670 0.079673
2 0 0.280737 0.280959 0.342504 0.036520 0.059280
2 0 0.270627 0.289339 0.345152 0.034426 0.060456
2 0 0.288015 0.270377 0.345622 0.040422 0.055563
0 0 0.303110 0.292911 0.296163 0.026550 0.081267
0 0 0.313321 0.298867 0.268232 0.021397 0.098184
2 0 0.290749 0.286406 0.323004 0.032069 0.067772
2 0 0.290221 0.286911 0.323028 0.031939 0.067902
0 0 0.314053 0.274767 0.307979 0.032874 0.070327
0 0 0.344190 0.266045 0.279519 0.030267 0.079979
0 0 0.378785 0.258780 0.237849 0.024289 0.100296
0 0 0.342117 0.270562 0.275093 0.028343 0.083885
0 0 0.340601 0.262112 0.290414 0.033352 0.073522
0 0 0.363301 0.253698 0.272011 0.032192 0.078798
0 0 0.361345 0.255209 0.272380 0.031839 0.079227
0 0 0.422786 0.228308 0.228415 0.029820 0.090672
0 0 0.395412 0.240002 0.248573 0.031138 0.084875
0 0 0.384984 0.244745 0.255696 0.031344 0.083230
0 0 0.447701 0.223037 0.193826 0.023022 0.112414
0 0 0.401382 0.242479 0.234317 0.027374 0.094449
2 0 0.191711 0.328547 0.399438 0.029697 0.050606
2 0 0.203641 0.326557 0.386347 0.029174 0.054282
2 0 0.200681 0.319435 0.398270 0.031937 0.049677
2 0 0.231701 0.322446 0.354227 0.027188 0.064438
2 0 0.216107 0.310870 0.388450 0.033396 0.051177
2 0 0.135437 0.288304 0.491191 0.052287 0.032780
2 0 0.123675 0.278363 0.508268 0.058992 0.030701
2 0 0.159200 0.303059 0.445599 0.044918 0.047224
2 0 0.137345 0.285279 0.492134 0.053451 0.031792
2 1 0.119771 0.275770 0.513852 0.060738 0.029869
2 1 0.121275 0.278506 0.510038 0.059276 0.030904
2 1 0.128386 0.288442 0.495843 0.053487 0.033842
2 1 0.120242 0.285563 0.504571 0.056068 0.033556
2 1 0.114970 0.282669 0.513856 0.057344 0.031161
2 0 0.121163 0.285779 0.510396 0.053647 0.029015
2 0 0.182626 0.316507 0.423753 0.034609 0.042505
2 0 0.177386 0.319081 0.427567 0.034098 0.041868
2 0 0.225633 0.319473 0.366174 0.029052 0.059669
2 0 0.210832 0.309047 0.396401 0.034747 0.048973
2 1 0.186267 0.312522 0.422133 0.035939 0.043139
2 1 0.134957 0.283937 0.495546 0.054321 0.031240
2 0 0.134714 0.286675 0.494554 0.052720 0.031337
2 0 0.108919 0.264508 0.534865 0.066708 0.024999
2 0 0.123388 0.287441 0.504231 0.053571 0.031369
2 0 0.140096 0.295890 0.484983 0.047066 0.031964
2 0 0.136357 0.292575 0.490255 0.049199 0.031613
2 0 0.130010 0.286420 0.500148 0.052999 0.030423
2 0 0.159780 0.299779 0.463356 0.043259 0.033826
2 0 0.127958 0.280083 0.503375 0.057533 0.031051
2 0 0.119055 0.284389 0.511088 0.055318 0.030151
2 0 0.119920 0.285895 0.509030 0.054530 0.030625
2 0 0.116493 0.285327 0.512390 0.055210 0.030579
2 0 0.128029 0.289215 0.501585 0.051294 0.029878
2 0 0.130003 0.291928 0.497822 0.049785 0.030463
2 0 0.130670 0.292237 0.496000 0.049873 0.031219
2 0 0.155660 0.300409 0.459865 0.045020 0.039047
2 0 0.165858 0.301570 0.450022 0.043138 0.039412
2 0 0.166393 0.301117 0.450768 0.043098 0.038624
2 0 0.153433 0.298792 0.464983 0.045637 0.037155
2 0 0.166619 0.299579 0.449145 0.044291 0.040367
2 0 0.099565 0.261335 0.538198 0.072541 0.028362
2 0 0.106595 0.258117 0.535143 0.073354 0.026792
2 0 0.115685 0.268474 0.521494 0.065668 0.028680
2 0 0.116291 0.265743 0.513876 0.070514 0.033575
2 0 0.111316 0.255420 0.526976 0.076967 0.029321
2 0 0.081363 0.225320 0.557835 0.108186 0.027297
2 0 0.078130 0.222091 0.563553 0.110488 0.025737
2 0 0.087724 0.243318 0.545756 0.091832 0.031370
2 0 0.085749 0.215302 0.552643 0.119641 0.026665
2 0 0.078722 0.208014 0.560803 0.127602 0.024858
2 0 0.045328 0.149593 0.563881 0.222065 0.019133
2 0 0.049196 0.164932 0.575833 0.190287 0.019752
2 0 0.043096 0.156825 0.579022 0.202699 0.018357
2 0 0.039615 0.149213 0.583151 0.212131 0.015890
2 1 0.042747 0.155577 0.583710 0.201207 0.016759
2 1 0.160949 0.274887 0.460724 0.060718 0.042722
2 1 0.143756 0.288830 0.477022 0.052730 0.037662
2 0 0.189447 0.321624 0.409921 0.032241 0.046767
2 0 0.127482 0.288137 0.490128 0.055585 0.038669
2 0 0.182299 0.314242 0.426437 0.035453 0.041569
2 1 0.200347 0.327008 0.390086 0.029365 0.053193
2 1 0.232183 0.311384 0.367537 0.031180 0.057716
2 0 0.229143 0.324809 0.354585 0.026707 0.064757
2 0 0.226512 0.325846 0.356811 0.026699 0.064132
2 0 0.231532 0.329981 0.344108 0.024610 0.069769
2 0 0.156963 0.308264 0.452469 0.041350 0.040954
2 0 0.124223 0.287400 0.502214 0.053910 0.032253
2 0 0.112888 0.264345 0.526275 0.068577 0.027915
2 0 0.118918 0.281960 0.506372 0.058741 0.034009
2 4 0.150681 0.299382 0.467357 0.045622 0.036958
2 4 0.193979 0.337212 0.386262 0.026719 0.055828
2 4 0.207839 0.326402 0.381060 0.028771 0.055928
2 4 0.201218 0.335734 0.378393 0.026444 0.058211
2 4 0.227382 0.328964 0.351404 0.025520 0.066730
2 4 0.222055 0.318086 0.372554 0.030005 0.057301
2 4 0.257970 0.318773 0.322244 0.024525 0.076489
1 4 0.278163 0.310913 0.304286 0.023927 0.082711
1 4 0.266253 0.320402 0.306875 0.022459 0.084011
0 4 0.309918 0.298728 0.274631 0.022313 0.094410
2 1 0.260268 0.306004 0.337414 0.029083 0.067231
2 0 0.220741 0.312973 0.380261 0.032049 0.053977
2 0 0.199733 0.321142 0.397567 0.031432 0.050126
2 4 0.171572 0.315545 0.438194 0.035751 0.038938
2 4 0.146001 0.303070 0.469082 0.044420 0.037427
2 4 0.163332 0.309726 0.450178 0.039084 0.037680
2 4 0.153203 0.310609 0.457127 0.040208 0.038854
2 4 0.134367 0.296303 0.484542 0.048952 0.035836
2 4 0.163925 0.304738 0.450866 0.041665 0.038807
2 4 0.128098 0.297216 0.484453 0.050430 0.039803
2 4 0.147109 0.297822 0.471716 0.046792 0.036561
2 4 0.188329 0.321911 0.411054 0.032236 0.046470
2 4 0.174992 0.314182 0.435373 0.036013 0.039439
2 4 0.168374 0.315436 0.442185 0.035991 0.038014
2 4 0.221731 0.324603 0.364899 0.027743 0.061024
2 4 0.180890 0.317904 0.424460 0.034248 0.042498
2 0 0.208889 0.328421 0.377223 0.027977 0.057490
2 1 0.242634 0.318188 0.344964 0.027164 0.067050
2 1 0.225619 0.326301 0.357431 0.026660 0.063990
2 0 0.219342 0.328620 0.362953 0.026674 0.062412
0 0 0.355157 0.278043 0.235689 0.020191 0.110920
2 0 0.213979 0.285705 0.402678 0.046116 0.051522
2 0 0.198308 0.277527 0.410978 0.054788 0.058399
1 0 0.280360 0.324162 0.274565 0.018133 0.102780
2 0 0.206439 0.306171 0.401517 0.036705 0.049168
2 0 0.210771 0.299694 0.386828 0.040090 0.062618
2 0 0.275349 0.302436 0.321646 0.027926 0.072644
2 0 0.228072 0.307936 0.376793 0.033051 0.054147
2 0 0.191498 0.297245 0.424892 0.042540 0.043825
2 0 0.199169 0.309367 0.404848 0.036457 0.050160
2 0 0.178101 0.310921 0.421150 0.038887 0.050941
2 0 0.188921 0.321780 0.410454 0.032229 0.046615
2 0 0.195947 0.321621 0.401813 0.031637 0.048982
2 0 0.205651 0.319206 0.392256 0.031501 0.051385
2 0 0.211715 0.327153 0.375044 0.028080 0.058008
2 0 0.203162 0.319038 0.395588 0.031823 0.050389
2 0 0.227815 0.325035 0.356102 0.026806 0.064242
2 0 0.237902 0.312198 0.359121 0.030083 0.060696
1 0 0.287394 0.303227 0.302905 0.025289 0.081185
1 0 0.283253 0.308712 0.300076 0.023824 0.084135
2 0 0.242425 0.323051 0.338460 0.025437 0.070626
2 0 0.197312 0.318886 0.403096 0.032465 0.048241
2 1 0.186423 0.316258 0.419352 0.034389 0.043577
2 1 0.175787 0.313352 0.435220 0.036260 0.039380
2 1 0.175374 0.310133 0.438825 0.037480 0.038188
2 1 0.182345 0.310599 0.429983 0.036796 0.040277
2 1 0.187409 0.318037 0.416298 0.033670 0.044586
