0 0 0.688131 0.108280 0.162430 0.032912 0.008248
0 0 0.429276 0.134456 0.347483 0.076102 0.012683
2 0 0.186487 0.168979 0.468443 0.151848 0.024243
0 0 0.371982 0.158855 0.370311 0.074095 0.024757
0 0 0.625833 0.117027 0.199425 0.043945 0.013770
0 0 0.786852 0.085836 0.094231 0.012605 0.020476
0 0 0.861275 0.060174 0.057377 0.004976 0.016198
0 0 0.841140 0.067333 0.073029 0.007418 0.011080
0 0 0.847129 0.062846 0.059843 0.005588 0.024594
0 0 0.655943 0.125316 0.174031 0.028980 0.015731
0 0 0.940477 0.024996 0.020097 0.000775 0.013654
0 0 0.845359 0.066071 0.066742 0.006498 0.015331
0 0 0.728831 0.104092 0.130711 0.019922 0.016444
0 0 0.825505 0.072997 0.077331 0.008512 0.015656
0 0 0.575372 0.134365 0.212350 0.059541 0.018372
2 0 0.084992 0.165943 0.561240 0.113036 0.074789
2 0 0.148390 0.198792 0.494932 0.081718 0.076168
2 0 0.267489 0.173067 0.351200 0.099872 0.108371
2 1 0.096732 0.167501 0.538391 0.109548 0.087828
2 1 0.087213 0.178701 0.443224 0.143176 0.147686
3 1 0.004555 0.016882 0.349907 0.574801 0.053855
3 4 0.004426 0.016369 0.362154 0.551070 0.065982
3 4 0.005335 0.018698 0.361791 0.553087 0.061089
3 4 0.004730 0.017488 0.350077 0.580353 0.047353
3 4 0.005310 0.018711 0.350319 0.570644 0.055016
3 4 0.004649 0.016889 0.355956 0.556516 0.065991
3 4 0.004513 0.016754 0.350080 0.573856 0.054797
3 4 0.003273 0.013498 0.339509 0.593798 0.049922
3 4 0.003887 0.015249 0.348043 0.583716 0.049105
3 4 0.004957 0.017968 0.354559 0.570774 0.051742
3 4 0.007355 0.022682 0.367699 0.517179 0.085085
3 4 0.010208 0.028062 0.363429 0.505279 0.093022
3 4 0.006476 0.020966 0.352228 0.547592 0.072738
3 4 0.006323 0.020491 0.364866 0.525262 0.083059
3 4 0.006144 0.020315 0.361811 0.539725 0.072004
3 4 0.003937 0.015658 0.342329 0.600918 0.037158
3 4 0.004097 0.016115 0.352166 0.589305 0.038317
3 4 0.003543 0.014484 0.341510 0.600207 0.040256
3 4 0.004665 0.017185 0.348143 0.577702 0.052305
3 4 0.003854 0.015271 0.345007 0.592167 0.043702
3 4 0.005012 0.018240 0.349914 0.581171 0.045662
3 4 0.004139 0.015988 0.354420 0.577765 0.047687
3 4 0.010107 0.028387 0.360948 0.526143 0.074414
3 4 0.006186 0.020522 0.354500 0.553687 0.065104
3 4 0.004096 0.015785 0.352929 0.576208 0.050982
3 4 0.004504 0.016864 0.347638 0.582300 0.048695
3 4 0.015435 0.040020 0.386930 0.470363 0.087251
3 4 0.005267 0.018692 0.352156 0.571564 0.052322
3 4 0.008383 0.025519 0.360430 0.548072 0.057597
3 4 0.004916 0.017777 0.347582 0.576290 0.053435
3 4 0.005007 0.018108 0.349026 0.578171 0.049688
3 4 0.005228 0.018506 0.352979 0.567248 0.056039
3 4 0.003912 0.015163 0.351382 0.572490 0.057052
3 4 0.004000 0.015723 0.341820 0.597749 0.040708
3 4 0.005204 0.018745 0.352183 0.578789 0.045080
3 2 0.004960 0.018042 0.354705 0.573010 0.049282
3 2 0.005134 0.018168 0.351890 0.564419 0.060389
3 2 0.006721 0.021513 0.356608 0.541511 0.073647
3 2 0.005350 0.018438 0.358641 0.543985 0.073586
3 2 0.005080 0.018103 0.349482 0.570391 0.056944
3 2 0.005064 0.018131 0.356214 0.564488 0.056102
3 2 0.005052 0.017877 0.353544 0.558491 0.065036
3 2 0.004079 0.015693 0.354451 0.572214 0.053563
3 3 0.004745 0.017478 0.351426 0.576823 0.049529
3 3 0.005019 0.017936 0.355320 0.562306 0.059420
4 3 0.029766 0.037902 0.183669 0.168633 0.580030
4 3 0.124546 0.158250 0.203950 0.045268 0.467986
4 3 0.098878 0.162562 0.214606 0.045267 0.478686
4 3 0.092737 0.145113 0.189876 0.041025 0.531250
4 3 0.084455 0.143571 0.187819 0.035627 0.548528
2 3 0.016475 0.047919 0.430119 0.388261 0.117226
2 3 0.021124 0.051703 0.406957 0.374800 0.145415
2 3 0.018286 0.052962 0.436142 0.376319 0.116292
2 3 0.042961 0.085290 0.392753 0.286573 0.192423
2 3 0.017681 0.049359 0.417795 0.413740 0.101424
3 3 0.010630 0.030480 0.347598 0.568093 0.043198
3 3 0.014395 0.039476 0.375025 0.519902 0.051201
3 3 0.012457 0.035613 0.378599 0.521790 0.051541
3 3 0.024977 0.050785 0.359891 0.463983 0.100364
3 3 0.010011 0.031884 0.371477 0.550180 0.036448
3 3 0.010358 0.032637 0.371643 0.548361 0.037002
2 3 0.016755 0.053189 0.443619 0.416989 0.069448
3 3 0.016061 0.049252 0.426098 0.451200 0.057389
3 3 0.011943 0.034623 0.361442 0.551829 0.040163
3 3 0.011026 0.031510 0.348785 0.570061 0.038619
3 3 0.004067 0.016753 0.312371 0.651299 0.015509
3 3 0.006462 0.022784 0.337294 0.612732 0.020727
3 3 0.005390 0.020548 0.319085 0.641512 0.013465
3 3 0.004252 0.017621 0.315572 0.650952 0.011604
3 3 0.005348 0.020052 0.320203 0.636204 0.018194
3 3 0.007956 0.026309 0.332003 0.614482 0.019250
3 3 0.006302 0.022446 0.323675 0.629251 0.018326
3 3 0.005427 0.020656 0.317662 0.643051 0.013203
3 3 0.008041 0.026756 0.327170 0.621937 0.016094
3 3 0.005988 0.021864 0.315804 0.641135 0.015209
3 3 0.008298 0.027172 0.326952 0.619985 0.017592
3 3 0.013206 0.034066 0.369497 0.561249 0.021982
3 3 0.007140 0.024246 0.330361 0.624902 0.013351
3 3 0.007208 0.024484 0.331325 0.621998 0.014985
3 3 0.007668 0.025703 0.328118 0.624348 0.014163
2 3 0.143222 0.196554 0.400766 0.144881 0.114577
2 3 0.125017 0.173655 0.386616 0.229690 0.085023
4 3 0.159323 0.154235 0.214084 0.113162 0.359196
0 3 0.390326 0.179508 0.249230 0.052657 0.128280
2 3 0.126493 0.181633 0.338234 0.175204 0.178436
3 3 0.016655 0.045408 0.397122 0.463289 0.077526
2 3 0.021698 0.056082 0.413762 0.403837 0.104619
2 3 0.069813 0.097641 0.366200 0.341143 0.125203
3 3 0.020389 0.050413 0.390691 0.458389 0.080117
2 2 0.023043 0.057063 0.410716 0.407851 0.101327
2 2 0.140446 0.174997 0.337534 0.223502 0.123521
0 0 0.400029 0.139836 0.169116 0.068678 0.222341
0 0 0.376153 0.191934 0.252989 0.070381 0.108544
2 1 0.215966 0.188918 0.319866 0.184908 0.090342
2 1 0.188309 0.180637 0.324868 0.217725 0.088461
3 1 0.022315 0.050551 0.351653 0.535193 0.040289
3 1 0.015298 0.039547 0.345429 0.564916 0.034810
3 2 0.049125 0.069884 0.406713 0.415689 0.058589
3 2 0.032117 0.056601 0.402577 0.460440 0.048266
3 2 0.016921 0.040502 0.367792 0.539394 0.035390
3 2 0.037477 0.063280 0.388277 0.462431 0.048535
3 2 0.020011 0.046489 0.350990 0.535963 0.046548
3 2 0.016749 0.040868 0.365362 0.531948 0.045074
3 2 0.017969 0.043707 0.353364 0.544217 0.040743
3 2 0.018262 0.044294 0.347345 0.551922 0.038177
3 2 0.007538 0.025063 0.332683 0.611607 0.023110
3 2 0.012294 0.034483 0.339581 0.584699 0.028943
3 2 0.011396 0.033130 0.339963 0.590931 0.024580
3 2 0.007748 0.025663 0.317842 0.629361 0.019385
3 2 0.009663 0.029600 0.329234 0.608189 0.023314
3 2 0.007444 0.025068 0.322252 0.626332 0.018904
3 2 0.007798 0.025676 0.329358 0.614941 0.022227
3 2 0.010397 0.031067 0.340186 0.592909 0.025441
3 2 0.007183 0.024427 0.333186 0.614342 0.020862
3 2 0.007057 0.024219 0.326799 0.622938 0.018987
3 2 0.017319 0.042332 0.354034 0.552465 0.033852
3 2 0.015969 0.040500 0.350464 0.554649 0.038418
3 2 0.014271 0.037733 0.350879 0.561222 0.035895
3 2 0.015038 0.039313 0.345001 0.568615 0.032032
3 2 0.017269 0.043977 0.364403 0.530866 0.043486
3 2 0.010455 0.031259 0.336857 0.597365 0.024064
3 2 0.009749 0.029610 0.343452 0.589486 0.027703
3 2 0.010688 0.031547 0.340553 0.590437 0.026776
3 2 0.010135 0.030470 0.334708 0.599310 0.025377
3 2 0.009935 0.029867 0.334157 0.598226 0.027815
3 3 0.016133 0.040642 0.351530 0.551202 0.040493
3 3 0.022340 0.056593 0.403422 0.464823 0.052821
3 3 0.016827 0.041179 0.361107 0.528774 0.052113
3 3 0.018368 0.042674 0.362573 0.505904 0.070480
3 3 0.016624 0.041243 0.351494 0.546958 0.043680
3 3 0.012646 0.035110 0.346574 0.581974 0.023696
3 3 0.009437 0.029530 0.328347 0.613810 0.018875
3 3 0.007111 0.023540 0.333288 0.624917 0.011144
3 3 0.013618 0.034701 0.367618 0.569150 0.014913
3 3 0.012257 0.034531 0.338039 0.597059 0.018114
2 3 0.118577 0.175557 0.436983 0.176233 0.092650
2 3 0.084491 0.122282 0.513066 0.218582 0.061579
2 3 0.052816 0.088799 0.484221 0.334503 0.039662
2 3 0.042396 0.079236 0.434670 0.407317 0.036382
2 3 0.072595 0.108114 0.472243 0.287928 0.059119
2 3 0.036012 0.066642 0.501070 0.366261 0.030014
3 3 0.020406 0.044533 0.375730 0.539033 0.020298
2 3 0.054352 0.071616 0.433703 0.410252 0.030077
2 3 0.087165 0.097958 0.437423 0.343551 0.033902
3 3 0.052943 0.077194 0.393823 0.449748 0.026292
3 3 0.019628 0.043481 0.377211 0.541256 0.018424
3 3 0.025301 0.051517 0.374649 0.528470 0.020063
3 3 0.031369 0.056237 0.401106 0.482906 0.028382
3 3 0.022636 0.048173 0.373011 0.536652 0.019528
3 3 0.022554 0.048754 0.371370 0.533244 0.024078
2 3 0.126754 0.147972 0.451277 0.211348 0.062649
2 3 0.066193 0.124518 0.500687 0.238048 0.070553
2 3 0.027577 0.068989 0.515644 0.353014 0.034777
2 3 0.062504 0.101092 0.546882 0.228282 0.061240
2 3 0.063443 0.103984 0.448008 0.330965 0.053600
2 3 0.075848 0.109976 0.549082 0.224062 0.041031
2 3 0.055234 0.125836 0.489411 0.264096 0.065424
2 3 0.066199 0.125964 0.538888 0.173774 0.095175
2 3 0.113667 0.157360 0.491402 0.149814 0.087757
2 3 0.063492 0.108391 0.544808 0.226764 0.056545
2 3 0.075734 0.129743 0.546536 0.176729 0.071257
2 3 0.108241 0.153183 0.504852 0.168742 0.064982
2 3 0.128111 0.141642 0.496471 0.168906 0.064870
2 3 0.089963 0.121477 0.505366 0.208863 0.074331
2 3 0.123619 0.166606 0.470752 0.170124 0.068898
2 3 0.051175 0.109167 0.508067 0.281595 0.049997
2 3 0.089612 0.125444 0.515702 0.213036 0.056206
2 3 0.079464 0.126208 0.478796 0.235882 0.079650
2 3 0.077399 0.132362 0.515393 0.206673 0.068173
2 3 0.110353 0.161495 0.454754 0.205707 0.067691
2 3 0.051407 0.098088 0.562075 0.213581 0.074850
2 3 0.067273 0.120357 0.537922 0.215265 0.059183
2 3 0.063684 0.124019 0.510332 0.243207 0.058757
2 3 0.106200 0.144663 0.478872 0.202003 0.068262
2 3 0.084338 0.147108 0.439127 0.257919 0.071509
2 3 0.049409 0.098139 0.441489 0.354158 0.056805
2 3 0.037415 0.078574 0.433801 0.397107 0.053103
2 3 0.026792 0.064885 0.450827 0.395743 0.061754
2 3 0.030972 0.067349 0.438024 0.412658 0.050997
2 3 0.026234 0.066496 0.452963 0.399525 0.054781
3 3 0.030407 0.070430 0.427396 0.431039 0.040728
2 3 0.029170 0.077595 0.475649 0.364448 0.053138
2 3 0.030876 0.063244 0.473045 0.390759 0.042076
3 3 0.024803 0.061522 0.428407 0.452092 0.033177
2 3 0.032848 0.072243 0.471448 0.375359 0.048102
3 3 0.018055 0.050069 0.388424 0.507283 0.036168
3 3 0.013598 0.036608 0.345423 0.574980 0.029391
3 3 0.020625 0.051153 0.372985 0.511550 0.043687
3 3 0.027519 0.049756 0.407395 0.472771 0.042558
3 3 0.018188 0.053149 0.405618 0.484064 0.038980
3 3 0.018021 0.045560 0.374202 0.529706 0.032510
3 3 0.015727 0.042865 0.366515 0.539474 0.035418
3 3 0.015471 0.039865 0.351004 0.558011 0.035649
3 3 0.022349 0.051819 0.399952 0.493284 0.032597
3 3 0.014521 0.040106 0.370634 0.541777 0.032961
2 3 0.035139 0.065328 0.455140 0.409909 0.034483
2 3 0.026988 0.063154 0.448728 0.421033 0.040097
2 3 0.022772 0.057864 0.440828 0.440542 0.037994
3 3 0.016762 0.052818 0.420546 0.472031 0.037844
3 3 0.022459 0.059262 0.436102 0.437333 0.044842
2 3 0.026966 0.082710 0.486500 0.315551 0.088273
2 3 0.025551 0.080117 0.478726 0.338908 0.076698
2 3 0.026236 0.066997 0.425447 0.398623 0.082697
2 3 0.024891 0.068006 0.504786 0.330223 0.072093
2 3 0.022479 0.063687 0.437867 0.408318 0.067649
3 3 0.009899 0.030443 0.339925 0.598804 0.020928
3 3 0.006326 0.022784 0.324494 0.631148 0.015249
3 3 0.008348 0.027087 0.331094 0.613310 0.020162
3 3 0.009991 0.030579 0.337302 0.600958 0.021170
3 3 0.011719 0.032807 0.350709 0.580023 0.024743
3 3 0.010786 0.031925 0.340591 0.592090 0.024608
3 3 0.009049 0.028501 0.331192 0.609875 0.021383
3 3 0.011003 0.033761 0.356340 0.571572 0.027324
3 3 0.008964 0.028250 0.333537 0.606754 0.022496
3 3 0.008212 0.026763 0.336838 0.606978 0.021210
3 3 0.010222 0.030727 0.336874 0.597440 0.024737
3 3 0.011302 0.038411 0.399224 0.520411 0.030652
3 3 0.009776 0.029841 0.335897 0.600232 0.024255
3 3 0.008861 0.027886 0.337555 0.600771 0.024925
3 3 0.009888 0.031146 0.357486 0.573718 0.027762
3 3 0.013682 0.036770 0.347479 0.568084 0.033985
3 3 0.011092 0.032496 0.348777 0.580078 0.027557
3 3 0.012743 0.036787 0.362955 0.554360 0.033155
3 3 0.014633 0.039558 0.364947 0.541078 0.039784
3 3 0.013021 0.039231 0.382723 0.527239 0.037787
3 3 0.008536 0.027327 0.333131 0.608530 0.022475
3 3 0.009741 0.029809 0.340437 0.595586 0.024428
3 3 0.008759 0.027714 0.335099 0.604497 0.023932
3 3 0.009036 0.028450 0.342728 0.596529 0.023257
3 3 0.009146 0.028760 0.338854 0.601412 0.021829
2 3 0.082368 0.176214 0.411664 0.167898 0.161856
2 3 0.081960 0.173999 0.399035 0.148451 0.196555
2 3 0.088999 0.182797 0.408198 0.174672 0.145335
2 3 0.160181 0.211660 0.371633 0.087660 0.168865
2 3 0.305752 0.207710 0.314903 0.065206 0.106430
0 3 0.441008 0.181587 0.243071 0.031316 0.103018
0 3 0.346390 0.185918 0.312637 0.041640 0.113416
0 3 0.348011 0.207388 0.286502 0.046167 0.111931
2 3 0.313687 0.200376 0.319165 0.037891 0.128881
0 0 0.378071 0.194321 0.318027 0.034927 0.074655
0 0 0.417007 0.170443 0.194632 0.028526 0.189392
0 0 0.584013 0.129494 0.144549 0.037095 0.104849
0 0 0.367089 0.209868 0.265666 0.031848 0.125529
2 1 0.208325 0.207999 0.320755 0.115539 0.147381
2 1 0.155818 0.193650 0.354608 0.127908 0.168016
3 1 0.008860 0.027878 0.364264 0.560240 0.038759
3 4 0.010720 0.033439 0.378241 0.538616 0.038984
3 4 0.008403 0.029758 0.379698 0.553443 0.028698
3 4 0.013388 0.040316 0.394165 0.505256 0.046874
3 4 0.010205 0.029735 0.350989 0.566797 0.042274
3 4 0.008637 0.026507 0.360738 0.558566 0.045552
3 4 0.007978 0.025449 0.357658 0.571476 0.037439
3 4 0.005728 0.020561 0.342613 0.601993 0.029105
3 4 0.006833 0.022821 0.349818 0.582613 0.037914
3 4 0.008907 0.028888 0.380061 0.536579 0.045564
3 4 0.008136 0.025629 0.349580 0.577473 0.039183
3 4 0.010016 0.029317 0.358170 0.557759 0.044738
2 4 0.044631 0.082208 0.415316 0.290782 0.167063
3 4 0.011215 0.031538 0.357050 0.553548 0.046649
3 4 0.010076 0.032791 0.398392 0.511692 0.047050
2 4 0.045222 0.119681 0.432897 0.151825 0.250374
2 4 0.043599 0.107096 0.428302 0.183636 0.237367
4 0 0.256007 0.179056 0.233271 0.041223 0.290443
2 1 0.076446 0.144114 0.360836 0.081843 0.336760
2 1 0.050850 0.125170 0.409405 0.139396 0.275179
3 1 0.012263 0.034621 0.371870 0.533128 0.048118
3 1 0.012191 0.036023 0.384337 0.515847 0.051603
3 1 0.011704 0.031982 0.356112 0.543609 0.056594
3 1 0.014441 0.042235 0.412267 0.458282 0.072775
3 1 0.015048 0.042262 0.400964 0.478572 0.063155
3 1 0.017704 0.047145 0.408139 0.433906 0.093105
2 1 0.018811 0.053364 0.431475 0.405102 0.091249
2 1 0.021760 0.057618 0.428857 0.347212 0.144552
3 1 0.016844 0.046693 0.410460 0.446461 0.079542
2 1 0.016318 0.046996 0.429559 0.394830 0.112296
3 1 0.010591 0.029965 0.361009 0.542378 0.056056
3 1 0.011950 0.034131 0.375868 0.523645 0.054407
3 1 0.009942 0.029025 0.358777 0.554246 0.048009
3 1 0.010940 0.030580 0.362647 0.538164 0.057670
3 2 0.011741 0.032008 0.360326 0.537248 0.058677
2 2 0.195899 0.176245 0.319913 0.238417 0.069526
2 2 0.162396 0.161171 0.361489 0.264468 0.050477
0 2 0.424531 0.173643 0.228006 0.082344 0.091476
0 0 0.505089 0.151886 0.178478 0.059329 0.105218
0 0 0.420961 0.170818 0.274393 0.080767 0.053061
2 1 0.031764 0.069491 0.459829 0.358765 0.080150
2 1 0.018961 0.066879 0.492939 0.344108 0.077113
2 2 0.016783 0.057544 0.469958 0.387800 0.067914
2 2 0.018616 0.064887 0.499021 0.349942 0.067534
2 2 0.014980 0.052280 0.453753 0.428080 0.050907
2 2 0.012764 0.047382 0.459838 0.433112 0.046904
3 2 0.013505 0.044573 0.425290 0.461825 0.054808
3 2 0.014281 0.047094 0.432308 0.455093 0.051225
3 2 0.015624 0.048154 0.423500 0.457653 0.055069
2 2 0.015641 0.056813 0.490159 0.351717 0.085670
2 2 0.016513 0.052905 0.453172 0.387170 0.090240
2 2 0.013860 0.046721 0.454362 0.410522 0.074535
3 2 0.013059 0.043159 0.431639 0.456223 0.055919
2 2 0.016637 0.053692 0.456850 0.385192 0.087629
3 2 0.015292 0.046365 0.420519 0.446768 0.071057
2 2 0.116927 0.193990 0.384131 0.159845 0.145107
2 2 0.114952 0.213399 0.345718 0.100784 0.225147
2 2 0.197930 0.222693 0.348554 0.104397 0.126426
2 0 0.285313 0.195559 0.316272 0.045929 0.156927
2 0 0.272345 0.219276 0.358882 0.049010 0.100487
0 0 0.936978 0.028851 0.024002 0.001019 0.009150
0 0 0.796561 0.076824 0.075761 0.009102 0.041752
0 0 0.889470 0.049724 0.045721 0.003225 0.011859
0 0 0.868961 0.057537 0.057284 0.004801 0.011418
0 0 0.858482 0.061288 0.059557 0.005294 0.015379
0 0 0.775497 0.087850 0.089416 0.012142 0.035095
0 0 0.702833 0.110812 0.118174 0.019377 0.048804
0 0 0.593221 0.146933 0.186831 0.033411 0.039603
0 0 0.511734 0.167800 0.239752 0.047755 0.032958
0 1 0.503446 0.169032 0.244398 0.050403 0.032721
2 1 0.066571 0.131980 0.569683 0.188069 0.043697
2 1 0.120440 0.177839 0.514943 0.114467 0.072312
2 1 0.046138 0.106620 0.566189 0.238450 0.042603
2 1 0.080601 0.136425 0.566281 0.167642 0.049051
2 1 0.048666 0.113028 0.604004 0.197643 0.036658
3 1 0.016587 0.038409 0.383077 0.550532 0.011395
2 1 0.028602 0.055010 0.460526 0.440851 0.015010
3 1 0.020898 0.047100 0.433853 0.484239 0.013911
2 1 0.028913 0.064321 0.491397 0.396413 0.018955
3 1 0.025039 0.051382 0.439638 0.470173 0.013768
3 2 0.009323 0.026505 0.360500 0.595204 0.008467
3 2 0.006897 0.023540 0.324097 0.637089 0.008378
3 2 0.006226 0.021915 0.322681 0.641525 0.007654
3 2 0.006998 0.023422 0.328422 0.633341 0.007818
3 2 0.007953 0.024806 0.340490 0.618960 0.007791
3 2 0.008741 0.026120 0.347376 0.609459 0.008304
3 2 0.004449 0.017812 0.305419 0.666642 0.005679
3 2 0.008377 0.025008 0.358895 0.598036 0.009683
3 2 0.006067 0.021660 0.319776 0.644960 0.007537
3 2 0.006831 0.022445 0.335659 0.628260 0.006805
2 2 0.116760 0.188440 0.476433 0.150543 0.067824
2 2 0.229944 0.210484 0.378787 0.094655 0.086130
0 2 0.392024 0.185999 0.217878 0.026989 0.177110
0 2 0.351266 0.201249 0.261647 0.056807 0.129030
2 2 0.263648 0.214478 0.294215 0.054971 0.172688
4 2 0.083696 0.180628 0.321868 0.067369 0.346439
4 2 0.261798 0.180363 0.215348 0.027428 0.315062
2 2 0.097074 0.187988 0.333031 0.065275 0.316632
2 2 0.109038 0.194606 0.380645 0.094346 0.221365
2 2 0.106255 0.201577 0.328799 0.084238 0.279131
3 2 0.007162 0.024395 0.366118 0.559911 0.042415
3 2 0.009010 0.030468 0.407424 0.482025 0.071072
3 2 0.008035 0.025590 0.346313 0.585191 0.034871
3 2 0.009521 0.029038 0.372254 0.532886 0.056301
3 2 0.008097 0.025786 0.357695 0.565700 0.042722
3 2 0.009759 0.030638 0.373495 0.545244 0.040865
3 2 0.006934 0.023734 0.339140 0.606888 0.023303
3 2 0.008210 0.026325 0.345438 0.591566 0.028461
3 2 0.007643 0.025128 0.348787 0.590036 0.028405
3 2 0.008877 0.030083 0.378271 0.548600 0.034168
2 2 0.023321 0.084966 0.510276 0.302895 0.078542
2 2 0.032593 0.098829 0.493182 0.272809 0.102586
2 2 0.127694 0.176049 0.405021 0.062581 0.228656
2 2 0.127444 0.181743 0.372720 0.088404 0.229689
2 2 0.033000 0.101007 0.523569 0.264706 0.077719
2 2 0.015155 0.049579 0.452370 0.430237 0.052660
2 2 0.020840 0.068450 0.489990 0.351956 0.068765
2 2 0.019636 0.063493 0.468633 0.370915 0.077322
2 2 0.015631 0.055002 0.467343 0.403642 0.058382
2 2 0.016489 0.055186 0.484616 0.395873 0.047836
2 2 0.012681 0.056665 0.510650 0.374386 0.045619
2 2 0.018080 0.061783 0.473169 0.384928 0.062039
2 2 0.017496 0.064594 0.517443 0.347861 0.052606
2 2 0.015734 0.062709 0.510532 0.349354 0.061671
2 2 0.016236 0.064832 0.508708 0.354180 0.056044
3 2 0.011894 0.039110 0.411534 0.487462 0.050000
2 2 0.014603 0.049749 0.450117 0.425069 0.060462
3 2 0.013729 0.044668 0.426967 0.460692 0.053945
3 2 0.010526 0.034037 0.389254 0.524150 0.042033
3 2 0.011829 0.036763 0.396496 0.501934 0.052978
2 2 0.086372 0.191290 0.342987 0.076002 0.303348
4 2 0.094785 0.183699 0.320991 0.078772 0.321753
4 2 0.091004 0.188368 0.323435 0.072627 0.324567
4 2 0.089530 0.188382 0.311633 0.058585 0.351870
2 2 0.204614 0.179729 0.261668 0.112046 0.241944
2 2 0.028490 0.072847 0.498269 0.313555 0.086839
3 2 0.011075 0.033370 0.389889 0.491664 0.074001
3 2 0.008766 0.027527 0.368838 0.542059 0.052809
3 2 0.009506 0.027750 0.355511 0.549888 0.057345
3 2 0.008988 0.027326 0.345932 0.577484 0.040270
3 2 0.008622 0.032033 0.415691 0.498948 0.044707
3 2 0.008699 0.031764 0.407288 0.506941 0.045309
3 2 0.010652 0.034395 0.390042 0.522475 0.042436
3 2 0.008072 0.031931 0.423609 0.494114 0.042275
3 2 0.009668 0.034827 0.423816 0.468873 0.062816
3 2 0.006541 0.025269 0.384612 0.549201 0.034377
3 2 0.008787 0.027381 0.343707 0.589037 0.031088
3 2 0.006977 0.023501 0.341893 0.598479 0.029149
3 2 0.006598 0.023943 0.353095 0.591247 0.025117
3 2 0.007573 0.024939 0.339427 0.600868 0.027193
2 2 0.037518 0.101989 0.463385 0.296219 0.100889
2 2 0.036523 0.118850 0.501457 0.207329 0.135842
2 2 0.092583 0.153241 0.344876 0.184164 0.225137
2 2 0.055999 0.128861 0.471238 0.185172 0.158730
2 2 0.028984 0.099808 0.514433 0.247921 0.108854
2 2 0.012724 0.045010 0.451227 0.424742 0.066297
3 2 0.012158 0.042521 0.435939 0.449803 0.059579
3 2 0.011838 0.042464 0.441408 0.448405 0.055885
2 2 0.011735 0.043892 0.450189 0.449915 0.044269
3 2 0.012724 0.044335 0.442512 0.446340 0.054088
2 2 0.019360 0.057672 0.435111 0.408135 0.079722
3 2 0.013551 0.044768 0.430155 0.452535 0.058991
3 2 0.009587 0.036313 0.427617 0.485872 0.040611
3 2 0.014226 0.045439 0.423104 0.460546 0.056685
3 2 0.010864 0.039326 0.425907 0.477821 0.046081
2 2 0.161781 0.228397 0.343887 0.101843 0.164092
0 2 0.330177 0.163014 0.227694 0.128120 0.150995
0 2 0.463486 0.178658 0.213967 0.018228 0.125661
2 2 0.135524 0.190075 0.327303 0.159349 0.187749
2 2 0.138489 0.215297 0.347411 0.087945 0.210859
3 2 0.008416 0.027554 0.354365 0.582167 0.027498
3 2 0.008059 0.029349 0.381237 0.553445 0.027910
3 2 0.016768 0.046294 0.393621 0.503095 0.040222
3 2 0.014427 0.048837 0.438397 0.453160 0.045180
3 2 0.009187 0.029126 0.344696 0.591284 0.025707
3 2 0.007086 0.024741 0.324885 0.629189 0.014099
3 2 0.009051 0.027717 0.347296 0.601639 0.014298
3 2 0.008328 0.025477 0.353386 0.601546 0.011263
3 2 0.010182 0.029486 0.361295 0.582294 0.016742
3 2 0.011231 0.031035 0.378170 0.564806 0.014758
2 2 0.092942 0.187858 0.470639 0.149458 0.099104
2 2 0.096114 0.205565 0.459062 0.110601 0.128659
2 2 0.230717 0.209535 0.297753 0.055692 0.206303
2 2 0.072289 0.175252 0.441050 0.167333 0.144075
0 2 0.333577 0.181562 0.255908 0.106434 0.122519
2 2 0.070857 0.126686 0.508725 0.166998 0.126733
3 2 0.010542 0.038430 0.429628 0.473231 0.048169
3 2 0.010849 0.037589 0.422739 0.465852 0.062971
3 2 0.010139 0.033809 0.399137 0.511443 0.045473
3 2 0.010722 0.036649 0.418352 0.479749 0.054528
3 2 0.010298 0.033655 0.398096 0.507464 0.050487
3 2 0.007068 0.026238 0.389172 0.538886 0.038636
2 2 0.010661 0.041023 0.463898 0.420774 0.063644
3 2 0.010124 0.036389 0.428244 0.471854 0.053389
3 1 0.008743 0.028208 0.371087 0.550040 0.041922
3 1 0.008320 0.025714 0.350283 0.569403 0.046281
3 4 0.008721 0.026706 0.351433 0.570215 0.042925
2 4 0.032245 0.080864 0.436859 0.300090 0.149942
3 4 0.011451 0.033030 0.379047 0.512336 0.064135
3 4 0.010943 0.035699 0.412387 0.476918 0.064054
2 4 0.015629 0.047250 0.439643 0.376539 0.120939
2 4 0.015081 0.049324 0.456526 0.371895 0.107173
2 4 0.019137 0.053119 0.431797 0.355435 0.140512
2 4 0.016367 0.051812 0.458964 0.358135 0.114722
3 4 0.010618 0.033864 0.411692 0.421250 0.122576
2 4 0.022283 0.068906 0.462934 0.258656 0.187221
2 4 0.020803 0.060526 0.450766 0.339814 0.128092
2 4 0.038901 0.091822 0.370932 0.146843 0.351502
2 4 0.017940 0.050353 0.429777 0.357041 0.144889
2 4 0.015378 0.052741 0.471770 0.316335 0.143776
3 4 0.008815 0.028697 0.390612 0.507185 0.064690
3 4 0.008775 0.027617 0.376208 0.526852 0.060548
3 4 0.009714 0.029083 0.373799 0.531117 0.056287
3 4 0.009031 0.027008 0.360801 0.549062 0.054097
3 4 0.008807 0.026829 0.360302 0.557917 0.046146
3 4 0.007353 0.023551 0.356804 0.561795 0.050497
3 4 0.008162 0.025545 0.361805 0.554030 0.050458
3 4 0.010226 0.031159 0.382380 0.523438 0.052797
3 4 0.008225 0.027338 0.390301 0.499917 0.074219
3 4 0.009257 0.030533 0.406702 0.476500 0.077008
3 4 0.006585 0.022181 0.357977 0.571806 0.041450
3 4 0.006417 0.021739 0.358688 0.570048 0.043108
3 4 0.006854 0.022613 0.356518 0.568166 0.045850
3 4 0.005116 0.018673 0.344791 0.592526 0.038895
3 4 0.009206 0.028798 0.376393 0.534819 0.050784
4 4 0.127107 0.121326 0.150321 0.034174 0.567073
4 4 0.269373 0.125808 0.147191 0.039215 0.418414
4 4 0.121706 0.186755 0.249009 0.060491 0.382038
4 4 0.148351 0.204967 0.270615 0.060011 0.316055
4 4 0.134703 0.192290 0.261842 0.077374 0.333791
3 2 0.008884 0.026214 0.360736 0.536530 0.067636
3 2 0.010375 0.030315 0.375864 0.508613 0.074833
3 2 0.011508 0.035362 0.407139 0.464716 0.081275
3 2 0.008426 0.026921 0.381298 0.508345 0.075010
3 2 0.009376 0.027728 0.374061 0.513276 0.075559
3 2 0.013606 0.040071 0.418763 0.431005 0.096555
2 2 0.014462 0.042593 0.423704 0.414041 0.105199
3 2 0.012245 0.037711 0.420587 0.441785 0.087673
3 2 0.011296 0.037004 0.420032 0.457326 0.074342
3 2 0.012173 0.039822 0.431190 0.436103 0.080712
3 2 0.007226 0.024647 0.375053 0.537310 0.055765
3 2 0.009749 0.027932 0.359905 0.535469 0.066945
3 2 0.007214 0.023231 0.354941 0.564056 0.050558
3 2 0.007001 0.022453 0.354092 0.556193 0.060262
3 2 0.008750 0.027463 0.376119 0.527345 0.060324
0 2 0.559786 0.144465 0.162639 0.033327 0.099783
0 0 0.514647 0.151835 0.183114 0.039326 0.111077
0 0 0.247957 0.169721 0.224841 0.159471 0.198010
2 0 0.191038 0.197103 0.361036 0.121032 0.129791
2 1 0.171070 0.192323 0.312994 0.170902 0.152712
3 1 0.003643 0.015807 0.309980 0.658841 0.011729
3 1 0.003349 0.014901 0.309562 0.660198 0.011990
3 2 0.002955 0.013785 0.312088 0.660291 0.010880
3 2 0.003229 0.014607 0.306575 0.664760 0.010828
3 2 0.004187 0.017264 0.316782 0.648085 0.013682
3 2 0.002731 0.013175 0.292498 0.683496 0.008100
3 2 0.004111 0.017268 0.316341 0.651098 0.011182
3 2 0.003218 0.014756 0.301113 0.672406 0.008506
3 2 0.003734 0.016141 0.310178 0.658940 0.011006
3 2 0.002983 0.013853 0.302745 0.670091 0.010328
2 2 0.127154 0.222699 0.334822 0.103798 0.211527
2 2 0.158528 0.203353 0.280553 0.107400 0.250166
4 2 0.186914 0.145261 0.190775 0.125224 0.351827
4 2 0.215541 0.145981 0.185194 0.088198 0.365085
4 2 0.248553 0.188762 0.229137 0.036107 0.297440
3 2 0.010472 0.031190 0.368569 0.544653 0.045117
3 2 0.009745 0.028997 0.360875 0.553045 0.047339
3 2 0.008291 0.027546 0.368415 0.561600 0.034147
2 2 0.011550 0.042671 0.451586 0.441850 0.052342
3 2 0.009470 0.028549 0.355334 0.567522 0.039125
3 2 0.010775 0.037783 0.423152 0.483463 0.044827
3 2 0.008290 0.029342 0.383238 0.548516 0.030614
3 2 0.007463 0.024751 0.341984 0.599128 0.026674
3 2 0.011148 0.031809 0.354475 0.563873 0.038694
3 2 0.008165 0.032308 0.424921 0.499486 0.035121
3 2 0.006135 0.021652 0.336318 0.609893 0.026002
3 2 0.005464 0.020163 0.338531 0.612240 0.023602
3 2 0.006892 0.023344 0.346139 0.594428 0.029197
3 2 0.006529 0.022543 0.346418 0.596071 0.028440
3 2 0.008011 0.028764 0.394689 0.529036 0.039499
3 2 0.008289 0.027853 0.372150 0.556124 0.035583
3 2 0.008638 0.027090 0.345726 0.587517 0.031029
3 2 0.008268 0.027021 0.352879 0.583625 0.028207
3 2 0.007751 0.025289 0.347629 0.590014 0.029316
3 2 0.010082 0.037051 0.426395 0.486801 0.039671
3 2 0.007969 0.026261 0.358846 0.574093 0.032831
3 2 0.007137 0.023742 0.351807 0.584045 0.033268
3 2 0.009838 0.032973 0.405032 0.505177 0.046980
3 2 0.008557 0.026699 0.349464 0.579674 0.035606
3 2 0.008970 0.029234 0.375871 0.544016 0.041909
3 2 0.007555 0.024698 0.344465 0.591771 0.031511
3 2 0.008508 0.026739 0.355725 0.573385 0.035643
3 2 0.010087 0.030012 0.352289 0.574176 0.033437
3 2 0.006408 0.022235 0.345457 0.597178 0.028722
3 2 0.006151 0.021440 0.344198 0.595903 0.032307
3 2 0.007435 0.024144 0.357899 0.570429 0.040093
3 2 0.007235 0.023967 0.350760 0.585061 0.032975
3 2 0.007608 0.024629 0.349287 0.582425 0.036051
3 2 0.006614 0.022503 0.353910 0.582452 0.034521
3 2 0.006593 0.022708 0.347021 0.595419 0.028259
3 2 0.005365 0.019490 0.346446 0.594830 0.033869
3 2 0.006792 0.022538 0.351033 0.576762 0.042874
3 2 0.005197 0.019284 0.344496 0.602491 0.028532
3 2 0.005176 0.018824 0.352051 0.583515 0.040434
3 2 0.006335 0.021529 0.358188 0.570420 0.043528
3 2 0.003233 0.014082 0.322079 0.638994 0.021612
3 3 0.004691 0.018041 0.345203 0.604673 0.027392
3 3 0.003925 0.016191 0.329287 0.630270 0.020328
3 3 0.004018 0.016157 0.334129 0.618227 0.027468
3 3 0.003296 0.014277 0.325876 0.634576 0.021975
4 3 0.113374 0.183786 0.295469 0.086360 0.321011
4 3 0.140412 0.188697 0.268130 0.091495 0.311266
2 2 0.129052 0.185557 0.295641 0.106891 0.282860
4 2 0.177775 0.172497 0.228127 0.101969 0.319632
0 0 0.299372 0.155066 0.196536 0.061181 0.287845
2 0 0.100834 0.169437 0.514785 0.094294 0.120650
2 1 0.053988 0.122297 0.433483 0.147896 0.242336
2 2 0.019948 0.070516 0.498776 0.328667 0.082093
2 2 0.027889 0.091510 0.498093 0.257685 0.124823
2 2 0.025525 0.082420 0.488599 0.279756 0.123699
2 2 0.024273 0.086150 0.516534 0.271215 0.101827
2 2 0.024404 0.092164 0.529737 0.265819 0.087876
2 2 0.029131 0.093970 0.496416 0.242638 0.137845
2 2 0.025375 0.088516 0.512328 0.277691 0.096091
2 2 0.162664 0.207874 0.385483 0.111113 0.132867
2 2 0.226907 0.227943 0.319192 0.038490 0.187468
2 2 0.030190 0.088851 0.475829 0.255161 0.149970
2 2 0.031232 0.091357 0.470053 0.232544 0.174814
2 2 0.022883 0.078154 0.498901 0.253586 0.146476
2 2 0.023450 0.076099 0.491646 0.275086 0.133718
3 2 0.006382 0.022081 0.345075 0.595986 0.030476
3 2 0.008795 0.029338 0.391920 0.513861 0.056087
3 2 0.008169 0.025665 0.358314 0.566110 0.041742
3 2 0.007370 0.024094 0.351161 0.580721 0.036653
3 2 0.008762 0.029462 0.390143 0.516363 0.055271
3 2 0.010793 0.036682 0.419826 0.466686 0.066014
3 2 0.009572 0.031931 0.390837 0.522600 0.045060
3 2 0.008016 0.026179 0.362669 0.567015 0.036120
3 2 0.011339 0.034841 0.386363 0.523774 0.043682
3 2 0.009253 0.029702 0.375487 0.543037 0.042521
3 2 0.010199 0.030721 0.364206 0.552869 0.042005
3 2 0.006540 0.024588 0.359429 0.587980 0.021464
3 2 0.009270 0.030545 0.382886 0.537270 0.040029
3 2 0.008904 0.030616 0.387354 0.534016 0.039109
3 2 0.007680 0.025227 0.346726 0.592768 0.027598
2 2 0.131379 0.201095 0.366051 0.154392 0.147083
0 2 0.756379 0.068662 0.065750 0.007975 0.101235
0 2 0.466576 0.164079 0.181714 0.016157 0.171474
2 2 0.182954 0.205448 0.299268 0.093025 0.219305
2 2 0.145131 0.205967 0.313359 0.121250 0.214292
2 2 0.044545 0.115140 0.464052 0.261694 0.114568
2 2 0.300815 0.207357 0.323046 0.037333 0.131450
2 2 0.048335 0.110802 0.503451 0.253941 0.083471
2 2 0.036327 0.109024 0.538106 0.234818 0.081725
2 2 0.030317 0.105665 0.519441 0.268783 0.075794
2 2 0.063918 0.124978 0.524007 0.208661 0.078436
2 2 0.053062 0.100457 0.474761 0.329247 0.042472
2 2 0.028518 0.068345 0.463115 0.405738 0.034285
2 2 0.023577 0.065219 0.481304 0.384800 0.045099
3 2 0.014101 0.042892 0.375748 0.542480 0.024779
3 2 0.007125 0.023049 0.356049 0.563349 0.050428
3 2 0.008617 0.027053 0.352086 0.580207 0.032037
3 2 0.006321 0.021336 0.359504 0.564307 0.048531
3 4 0.006188 0.021167 0.356229 0.572685 0.043731
3 4 0.004786 0.017754 0.348461 0.586399 0.042600
3 4 0.008430 0.025428 0.367434 0.533447 0.065260
3 4 0.005745 0.020322 0.348924 0.588260 0.036749
3 4 0.006733 0.022248 0.360873 0.560563 0.049582
3 4 0.005601 0.019564 0.356684 0.567250 0.050901
3 4 0.007635 0.024286 0.357223 0.563629 0.047227
3 4 0.007253 0.023465 0.358138 0.564037 0.047107
3 4 0.008133 0.025071 0.365956 0.539322 0.061517
3 4 0.008481 0.027811 0.397171 0.492212 0.074326
3 4 0.007189 0.022847 0.361084 0.546124 0.062757
3 4 0.008197 0.025067 0.361276 0.545566 0.059894
3 4 0.009963 0.031918 0.404109 0.478086 0.075924
3 4 0.009006 0.027009 0.373614 0.514337 0.076033
3 4 0.009258 0.030359 0.406303 0.477102 0.076979
3 4 0.009563 0.030463 0.401239 0.476353 0.082381
3 4 0.009480 0.030423 0.394642 0.500855 0.064601
3 4 0.009547 0.032510 0.413678 0.474945 0.069320
3 4 0.009799 0.030012 0.401927 0.451667 0.106595
3 4 0.005277 0.018941 0.351549 0.579828 0.044405
3 4 0.008867 0.026321 0.373356 0.508422 0.083035
3 4 0.008467 0.027500 0.396237 0.489284 0.078514
3 4 0.008427 0.027143 0.395282 0.491634 0.077513
3 4 0.007320 0.023005 0.369493 0.530709 0.069473
3 4 0.007907 0.024237 0.364992 0.534451 0.068413
3 4 0.005967 0.020000 0.360308 0.545778 0.067947
3 4 0.007828 0.023924 0.368515 0.524886 0.074847
3 4 0.005479 0.019496 0.357091 0.574301 0.043633
3 4 0.005071 0.018430 0.357351 0.573279 0.045870
3 4 0.004372 0.016657 0.347338 0.587970 0.043663
3 4 0.004728 0.017807 0.349613 0.591208 0.036644
3 4 0.004043 0.015807 0.350900 0.585312 0.043938
3 4 0.007163 0.026399 0.392136 0.528759 0.045542
3 4 0.004052 0.016062 0.343421 0.602094 0.034371
3 4 0.004675 0.017646 0.345464 0.595667 0.036548
3 4 0.006264 0.021614 0.368975 0.551497 0.051651
3 4 0.004501 0.017183 0.345813 0.595512 0.036991
2 4 0.045040 0.130810 0.429280 0.118556 0.276315
2 4 0.051703 0.131788 0.393785 0.113326 0.309399
2 4 0.053898 0.136784 0.366403 0.091235 0.351680
4 4 0.053492 0.132761 0.349586 0.084546 0.379615
4 4 0.163882 0.144554 0.189767 0.101194 0.400602
2 4 0.021139 0.073384 0.485623 0.223785 0.196069
2 4 0.130309 0.153349 0.357906 0.095890 0.262546
2 4 0.027640 0.080058 0.425629 0.171268 0.295406
2 4 0.034583 0.094753 0.407771 0.145338 0.317556
2 4 0.030438 0.083357 0.430445 0.194106 0.261654
3 4 0.010929 0.032293 0.395034 0.457925 0.103818
2 4 0.011764 0.039981 0.444097 0.397402 0.106756
2 4 0.018408 0.053540 0.442826 0.355864 0.129362
2 4 0.010854 0.039491 0.458688 0.383634 0.107332
2 4 0.018650 0.053482 0.439505 0.354697 0.133666
3 4 0.006782 0.021777 0.362989 0.538202 0.070250
3 4 0.006071 0.020285 0.362971 0.544007 0.066667
3 4 0.015555 0.037646 0.371747 0.439991 0.135061
3 4 0.005576 0.019143 0.353440 0.557849 0.063992
3 4 0.007059 0.024440 0.403813 0.466916 0.097771
3 4 0.005118 0.018011 0.355436 0.554709 0.066727
3 4 0.007640 0.023739 0.368442 0.532994 0.067185
3 4 0.004351 0.016637 0.349016 0.587165 0.042832
3 4 0.006170 0.020436 0.360295 0.544209 0.068891
3 4 0.004890 0.017685 0.354651 0.566272 0.056501
2 4 0.011251 0.033742 0.406813 0.402966 0.145228
3 4 0.010964 0.032229 0.396597 0.427738 0.132473
2 4 0.012927 0.041032 0.435545 0.329058 0.181438
2 4 0.011824 0.038478 0.437166 0.407861 0.104670
2 4 0.022801 0.066996 0.444910 0.244416 0.220878
3 4 0.011493 0.033390 0.401685 0.406486 0.146946
3 4 0.009407 0.026883 0.366466 0.515667 0.081576
2 4 0.012318 0.036709 0.417284 0.403851 0.129838
3 4 0.013133 0.037114 0.404767 0.426843 0.118142
3 4 0.007708 0.026795 0.409790 0.463260 0.092447
3 4 0.009850 0.031411 0.414634 0.429694 0.114411
2 4 0.011010 0.034460 0.417054 0.414700 0.122775
2 4 0.039375 0.083227 0.367926 0.192558 0.316913
3 4 0.010334 0.031509 0.403300 0.403839 0.151018
2 4 0.009993 0.033521 0.430500 0.390694 0.135292
3 4 0.005725 0.019473 0.359079 0.549406 0.066317
3 4 0.006444 0.021212 0.368026 0.539744 0.064574
3 4 0.006485 0.021580 0.364365 0.553720 0.053850
3 4 0.005485 0.019094 0.362277 0.553486 0.059658
3 4 0.005453 0.018990 0.356634 0.559724 0.059198
3 2 0.004294 0.016933 0.342618 0.607915 0.028240
3 2 0.004002 0.016286 0.333755 0.622563 0.023394
3 1 0.002543 0.012289 0.311345 0.660717 0.013106
3 1 0.003025 0.013660 0.325127 0.640586 0.017602
3 1 0.004120 0.016675 0.335131 0.621779 0.022297
3 2 0.005062 0.018913 0.346105 0.600293 0.029626
3 2 0.005243 0.019485 0.347662 0.600322 0.027288
3 2 0.007867 0.025282 0.362510 0.560105 0.044236
3 2 0.005416 0.019808 0.342607 0.603404 0.028766
3 2 0.005651 0.020581 0.337471 0.612042 0.024255
3 2 0.002634 0.012791 0.305805 0.668989 0.009780
3 2 0.003365 0.014988 0.320218 0.648952 0.012477
3 2 0.002529 0.012316 0.313384 0.659610 0.012160
3 2 0.003108 0.014215 0.312222 0.658927 0.011528
3 2 0.002606 0.012670 0.301409 0.673552 0.009763
3 2 0.002864 0.013574 0.310789 0.662942 0.009831
3 2 0.003134 0.014271 0.314996 0.655499 0.012100
3 2 0.003909 0.016416 0.318605 0.646432 0.014638
3 2 0.003818 0.016344 0.317074 0.650668 0.012096
3 2 0.002776 0.013208 0.298055 0.676238 0.009724
3 2 0.003120 0.014329 0.307388 0.664941 0.010221
3 2 0.003736 0.016201 0.310725 0.658843 0.010495
3 2 0.003312 0.014911 0.310463 0.660695 0.010618
3 2 0.002678 0.013010 0.296469 0.679564 0.008278
3 2 0.003750 0.016154 0.313285 0.655169 0.011643
3 2 0.010032 0.032509 0.397972 0.535303 0.024184
3 2 0.004629 0.018480 0.322601 0.639960 0.014330
3 2 0.005466 0.020849 0.317102 0.644318 0.012266
3 2 0.004799 0.018977 0.323418 0.638810 0.013996
3 2 0.004804 0.019007 0.318480 0.644394 0.013315
3 2 0.002118 0.011197 0.288393 0.691726 0.006567
3 2 0.002890 0.013694 0.300819 0.673906 0.008691
3 2 0.003089 0.014402 0.299571 0.675006 0.007932
3 2 0.002384 0.012113 0.293951 0.684399 0.007152
3 2 0.003236 0.014860 0.301934 0.671827 0.008144
2 2 0.118372 0.220413 0.355677 0.113315 0.192222
2 2 0.120135 0.216084 0.346113 0.110507 0.207161
2 2 0.121519 0.208970 0.351874 0.132259 0.185377
2 2 0.125898 0.224256 0.348647 0.117449 0.183750
0 0 0.381195 0.151027 0.190832 0.086469 0.190477
0 0 0.647682 0.128091 0.142168 0.024476 0.057583
0 0 0.629708 0.129877 0.156693 0.037710 0.046011
0 0 0.650281 0.122672 0.134677 0.029133 0.063238
0 0 0.382473 0.183256 0.265656 0.043888 0.124727
2 0 0.153944 0.196216 0.399748 0.167793 0.082298
0 0 0.440017 0.173873 0.206605 0.052523 0.126982
2 1 0.202981 0.200647 0.265340 0.096777 0.234255
0 0 0.682126 0.120823 0.128567 0.013842 0.054643
0 0 0.716277 0.101955 0.106886 0.018126 0.056756
0 0 0.667045 0.090423 0.092251 0.015941 0.134340
2 0 0.049570 0.127360 0.572067 0.160925 0.090078
2 0 0.028709 0.100837 0.555253 0.226551 0.088650
2 0 0.025329 0.093750 0.562077 0.248816 0.070028
2 0 0.060062 0.138287 0.564023 0.142213 0.095415
2 1 0.028435 0.099338 0.591255 0.216978 0.063993
2 1 0.017536 0.046947 0.467935 0.445055 0.022526
3 1 0.009721 0.028550 0.352857 0.595662 0.013210
3 2 0.010473 0.030751 0.370502 0.575767 0.012507
3 2 0.010691 0.030994 0.347803 0.598009 0.012504
3 2 0.013215 0.037308 0.412440 0.523664 0.013372
3 2 0.005991 0.020237 0.339370 0.628255 0.006148
3 2 0.003021 0.013950 0.291788 0.686584 0.004658
3 2 0.004499 0.017644 0.311018 0.661449 0.005390
3 2 0.007406 0.023119 0.347308 0.615169 0.006997
3 2 0.002665 0.013389 0.267433 0.712719 0.003793
3 2 0.003485 0.015381 0.295970 0.679775 0.005389
3 2 0.002487 0.012372 0.282047 0.699075 0.004019
3 2 0.002836 0.013039 0.297193 0.682941 0.003990
3 2 0.002152 0.011428 0.271598 0.711143 0.003678
3 2 0.001644 0.009697 0.252874 0.733215 0.002571
3 2 0.002599 0.012839 0.279463 0.701043 0.004057
3 2 0.002396 0.011985 0.287330 0.693923 0.004366
3 2 0.001505 0.009189 0.249290 0.737528 0.002488
3 2 0.001682 0.009799 0.264895 0.720051 0.003572
3 2 0.001409 0.008729 0.257544 0.729298 0.003020
3 2 0.003563 0.016190 0.277170 0.698325 0.004752
3 2 0.015843 0.037704 0.368401 0.566003 0.012049
3 2 0.008107 0.024562 0.368874 0.584001 0.014456
3 2 0.004067 0.017650 0.281742 0.691257 0.005284
3 2 0.013651 0.033288 0.382688 0.557606 0.012766
3 2 0.001553 0.009342 0.255769 0.730441 0.002896
3 2 0.005833 0.020287 0.335762 0.630827 0.007290
3 2 0.002248 0.011772 0.283499 0.697060 0.005421
3 2 0.001395 0.008638 0.262496 0.724085 0.003386
3 2 0.001608 0.009525 0.261737 0.723807 0.003324
3 2 0.003373 0.015173 0.304364 0.667739 0.009351
3 2 0.004053 0.017023 0.318143 0.648587 0.012194
3 2 0.002802 0.012954 0.329931 0.635887 0.018427
3 2 0.002776 0.013000 0.325519 0.643340 0.015365
3 2 0.003027 0.013815 0.328992 0.638850 0.015315
3 2 0.003159 0.014160 0.323600 0.643269 0.015811
3 2 0.003756 0.015711 0.332793 0.626889 0.020852
3 2 0.003475 0.014930 0.332082 0.629397 0.020116
3 2 0.003868 0.015879 0.340602 0.614406 0.025244
3 2 0.003336 0.014585 0.324923 0.639204 0.017950
3 2 0.004651 0.017952 0.337554 0.614021 0.025822
3 2 0.004760 0.018108 0.345176 0.601972 0.029984
3 2 0.004074 0.016284 0.346653 0.602670 0.030319
3 2 0.004607 0.017905 0.350340 0.600817 0.026331
3 2 0.004242 0.016956 0.342437 0.611869 0.024496
3 2 0.004157 0.016768 0.332369 0.624630 0.022078
3 2 0.004454 0.017611 0.342929 0.612115 0.022890
3 2 0.005255 0.019423 0.349575 0.596201 0.029545
3 2 0.004692 0.018067 0.348758 0.601016 0.027467
3 2 0.003938 0.016007 0.343227 0.609548 0.027280
3 2 0.004770 0.018098 0.344589 0.601771 0.030772
