0 0 0.994841 0.002808 0.002205 0.000111 0.000034
0 0 0.996359 0.002029 0.001525 0.000067 0.000020
0 0 0.996304 0.002058 0.001549 0.000069 0.000020
0 0 0.996185 0.002120 0.001602 0.000072 0.000021
0 0 0.750179 0.114107 0.094081 0.013134 0.028498
2 0 0.066240 0.153048 0.422598 0.094947 0.263167
0 0 0.323145 0.221556 0.264842 0.040960 0.149498
2 0 0.128660 0.224967 0.406061 0.052314 0.187998
2 0 0.082968 0.171559 0.421593 0.111441 0.212439
2 0 0.170403 0.240939 0.378654 0.052156 0.157848
2 1 0.033980 0.103743 0.524606 0.156111 0.181559
2 1 0.051806 0.130141 0.525261 0.154788 0.138004
2 1 0.033193 0.110100 0.525417 0.137248 0.194041
2 1 0.047370 0.121329 0.453217 0.121381 0.256703
2 1 0.051230 0.150387 0.475527 0.091087 0.231769
2 1 0.169439 0.244332 0.397278 0.049416 0.139535
2 1 0.263468 0.239184 0.265515 0.034450 0.197384
2 1 0.097572 0.210781 0.395095 0.049338 0.247215
2 1 0.121354 0.203667 0.378681 0.069218 0.227080
2 1 0.087254 0.185362 0.414408 0.056087 0.256889
2 1 0.075002 0.173511 0.480205 0.084507 0.186775
2 4 0.091179 0.168334 0.376477 0.121558 0.242452
2 4 0.038237 0.122295 0.493518 0.158070 0.187880
2 4 0.111032 0.196524 0.431119 0.071220 0.190105
2 4 0.072945 0.171899 0.535020 0.099657 0.120479
2 1 0.149652 0.142323 0.468662 0.202670 0.036693
2 1 0.087316 0.116216 0.453814 0.275094 0.067560
2 0 0.131818 0.135253 0.471318 0.207719 0.053892
2 0 0.135898 0.147855 0.440279 0.212096 0.063872
2 0 0.134189 0.168221 0.445816 0.183259 0.068514
3 0 0.004365 0.030003 0.350408 0.542738 0.072487
3 0 0.005731 0.034320 0.330068 0.524300 0.105582
3 0 0.002993 0.024468 0.319500 0.567876 0.085164
3 0 0.005567 0.034622 0.390320 0.500864 0.068627
3 0 0.002766 0.023310 0.312617 0.584148 0.077159
3 0 0.004942 0.032950 0.379700 0.473628 0.108780
3 0 0.009025 0.044217 0.370301 0.460622 0.115835
2 1 0.010248 0.048913 0.449867 0.369651 0.121320
2 2 0.008624 0.044335 0.418408 0.411648 0.116984
3 2 0.006887 0.039367 0.409153 0.443415 0.101179
2 2 0.009434 0.046400 0.425705 0.411059 0.107402
3 2 0.007864 0.041478 0.379600 0.461054 0.110004
3 2 0.005276 0.033699 0.380377 0.501756 0.078891
3 2 0.006189 0.036231 0.356431 0.501410 0.099739
3 2 0.006424 0.036728 0.338239 0.489637 0.128972
3 2 0.003068 0.024129 0.301560 0.607679 0.063564
3 2 0.002750 0.023467 0.317582 0.566585 0.089616
3 2 0.002129 0.020150 0.286866 0.599258 0.091598
3 3 0.003278 0.026000 0.341766 0.546052 0.082903
3 3 0.003651 0.027649 0.347806 0.529059 0.091835
3 3 0.002884 0.023794 0.305618 0.578732 0.088972
3 3 0.003072 0.024331 0.298040 0.592041 0.082516
3 3 0.002903 0.023531 0.281360 0.585068 0.107138
3 3 0.001869 0.018384 0.280727 0.643657 0.055363
3 3 0.002153 0.020449 0.309426 0.596886 0.071086
3 3 0.002844 0.023673 0.305046 0.573741 0.094696
3 3 0.002639 0.022128 0.262127 0.590005 0.123102
3 3 0.003901 0.027824 0.294950 0.527959 0.145366
3 3 0.002328 0.020628 0.261493 0.616143 0.099407
3 3 0.003093 0.024268 0.278748 0.581474 0.112418
3 3 0.002964 0.023596 0.292019 0.612954 0.068467
3 3 0.001906 0.018365 0.258333 0.650062 0.071334
3 3 0.002048 0.019009 0.259968 0.652642 0.066332
3 3 0.002392 0.020681 0.270236 0.645336 0.061355
3 3 0.001956 0.018766 0.261875 0.636664 0.080739
3 3 0.001460 0.015108 0.218156 0.714791 0.050485
3 3 0.001252 0.013498 0.213108 0.744177 0.027965
3 3 0.001458 0.015030 0.231846 0.719067 0.032599
3 3 0.001069 0.012544 0.219109 0.740414 0.026864
3 3 0.001615 0.015828 0.230168 0.718109 0.034281
3 3 0.001243 0.014074 0.246148 0.707486 0.031049
3 3 0.001988 0.018321 0.250160 0.678203 0.051328
3 3 0.001435 0.015264 0.229416 0.697807 0.056078
3 3 0.002298 0.019613 0.255346 0.680902 0.041841
3 3 0.001679 0.016401 0.228226 0.703629 0.050066
3 3 0.001678 0.016586 0.248801 0.694049 0.038886
3 3 0.001178 0.013097 0.194882 0.743989 0.046854
3 3 0.002317 0.020123 0.273134 0.659376 0.045051
3 3 0.001516 0.015307 0.229061 0.720260 0.033857
3 3 0.001213 0.013368 0.199850 0.740011 0.045558
3 3 0.001495 0.016016 0.249872 0.671129 0.061487
3 3 0.001280 0.014430 0.232124 0.698947 0.053218
3 3 0.001348 0.014541 0.220321 0.714655 0.049134
3 3 0.001125 0.013440 0.230556 0.706763 0.048115
3 3 0.001902 0.017807 0.255551 0.684920 0.039821
3 3 0.002586 0.021749 0.271422 0.626291 0.077952
3 3 0.001334 0.014566 0.225673 0.709111 0.049315
3 3 0.001668 0.016424 0.229562 0.698955 0.053392
3 3 0.002222 0.019560 0.251161 0.664932 0.062125
3 3 0.001801 0.017513 0.248952 0.673784 0.057950
3 3 0.000808 0.010637 0.186264 0.761490 0.040801
3 3 0.003134 0.024276 0.292073 0.611186 0.069330
3 3 0.001032 0.012156 0.192551 0.752168 0.042093
3 3 0.001348 0.014563 0.222961 0.713654 0.047475
3 3 0.000800 0.010318 0.190367 0.776469 0.022046
3 3 0.001060 0.012582 0.215414 0.736836 0.034109
3 3 0.000962 0.011659 0.203776 0.756715 0.026888
3 3 0.001087 0.012484 0.210016 0.750062 0.026352
3 3 0.001743 0.016929 0.245214 0.692519 0.043595
3 3 0.001135 0.012882 0.214301 0.743355 0.028326
3 3 0.001209 0.013140 0.208890 0.750688 0.026074
3 3 0.001157 0.012920 0.207038 0.748774 0.030111
3 3 0.001478 0.015110 0.223477 0.721084 0.038851
3 3 0.000654 0.009329 0.180746 0.779870 0.029402
3 3 0.000817 0.009255 0.132880 0.840119 0.016930
3 3 0.022017 0.053837 0.355892 0.528822 0.039432
3 3 0.012660 0.047006 0.364271 0.520663 0.055400
3 3 0.016563 0.052267 0.381069 0.498516 0.051584
3 3 0.017549 0.061402 0.408948 0.447975 0.064126
3 3 0.018508 0.052058 0.399569 0.498930 0.030934
2 0 0.140054 0.141224 0.442979 0.233807 0.041935
2 0 0.345021 0.191634 0.360787 0.073000 0.029558
2 0 0.144354 0.141578 0.469301 0.213872 0.030896
2 1 0.246453 0.189321 0.393149 0.120876 0.050202
0 1 0.358043 0.184781 0.340631 0.080919 0.035626
2 4 0.169393 0.144982 0.459089 0.197606 0.028931
2 4 0.146078 0.153172 0.491930 0.182451 0.026367
2 4 0.133678 0.143976 0.487955 0.206787 0.027604
2 4 0.157560 0.156199 0.480603 0.177440 0.028198
2 4 0.150274 0.149601 0.493095 0.183098 0.023931
2 4 0.232225 0.200949 0.403768 0.111783 0.051275
2 4 0.172829 0.199200 0.468295 0.120958 0.038718
2 4 0.173284 0.198329 0.453882 0.128692 0.045813
2 4 0.236621 0.192753 0.425909 0.108968 0.035748
2 4 0.223448 0.200795 0.431732 0.105579 0.038445
0 4 0.367108 0.179200 0.353750 0.074649 0.025294
2 4 0.094773 0.115290 0.486411 0.279587 0.023940
2 4 0.196410 0.179277 0.474095 0.124342 0.025876
2 4 0.236559 0.182016 0.431367 0.118375 0.031683
2 4 0.249281 0.181563 0.411081 0.121099 0.036975
2 4 0.263233 0.194270 0.413952 0.096154 0.032390
0 4 0.370723 0.188369 0.331305 0.073604 0.035998
2 4 0.345052 0.214748 0.351469 0.055950 0.032781
0 4 0.351911 0.206675 0.351478 0.059113 0.030823
0 4 0.393119 0.214707 0.311220 0.045891 0.035063
2 4 0.319040 0.183181 0.347566 0.103012 0.047200
2 4 0.285530 0.199047 0.396400 0.085674 0.033349
2 4 0.289850 0.191903 0.384704 0.095917 0.037625
2 4 0.319598 0.203372 0.367159 0.074030 0.035841
2 4 0.203774 0.177514 0.475901 0.119713 0.023098
0 4 0.409569 0.194246 0.322466 0.049381 0.024337
2 4 0.316735 0.186540 0.386377 0.083415 0.026933
2 4 0.165954 0.177032 0.467281 0.151960 0.037774
2 4 0.229114 0.189652 0.421964 0.119163 0.040107
0 4 0.354486 0.196510 0.343738 0.070123 0.035143
2 4 0.189572 0.204245 0.426119 0.123105 0.056959
2 4 0.276018 0.204488 0.393347 0.087260 0.038886
2 4 0.272297 0.203690 0.388411 0.092258 0.043343
2 4 0.294784 0.215605 0.378501 0.071862 0.039248
2 4 0.283913 0.214990 0.373312 0.080031 0.047754
0 4 0.383544 0.221696 0.299554 0.047944 0.047263
2 4 0.227971 0.194918 0.426929 0.111602 0.038580
0 4 0.352072 0.212790 0.340525 0.057990 0.036623
0 4 0.416998 0.197354 0.307810 0.048770 0.029068
0 4 0.361604 0.205673 0.344182 0.057585 0.030956
2 4 0.211537 0.176002 0.468188 0.119712 0.024561
2 4 0.045900 0.104103 0.578235 0.227508 0.044253
2 4 0.024075 0.090759 0.575692 0.218268 0.091206
2 4 0.032462 0.105302 0.525504 0.195053 0.141679
2 4 0.049046 0.122622 0.492429 0.201037 0.134867
2 4 0.006347 0.038462 0.440793 0.400503 0.113895
2 4 0.005375 0.035352 0.464560 0.419608 0.075106
3 4 0.004439 0.031588 0.407168 0.461349 0.095456
3 1 0.006649 0.038776 0.427523 0.445214 0.081838
3 1 0.006505 0.038322 0.407139 0.437555 0.110479
2 1 0.008512 0.044893 0.474598 0.370038 0.101959
3 1 0.005604 0.035794 0.410402 0.414760 0.133440
2 1 0.009136 0.046090 0.449811 0.391199 0.103764
2 1 0.009227 0.046549 0.451577 0.357918 0.134730
2 1 0.008410 0.044602 0.469622 0.370107 0.107259
3 2 0.004939 0.033277 0.414392 0.464474 0.082917
3 2 0.005926 0.036357 0.406728 0.462503 0.088486
3 2 0.003408 0.027184 0.391306 0.507274 0.070827
3 2 0.004228 0.029277 0.321927 0.544752 0.099816
3 2 0.003378 0.026173 0.320999 0.548703 0.100747
2 2 0.023015 0.074563 0.447438 0.327744 0.127241
2 2 0.031399 0.104991 0.555112 0.158119 0.150380
2 2 0.028770 0.090750 0.550568 0.245522 0.084389
2 4 0.021054 0.081947 0.569838 0.236376 0.090784
2 4 0.028605 0.095166 0.529995 0.207197 0.139037
3 4 0.005258 0.034187 0.420352 0.471811 0.068393
2 4 0.006752 0.039267 0.433430 0.432584 0.087967
3 4 0.004653 0.032593 0.420280 0.441822 0.100653
3 4 0.004932 0.033304 0.424032 0.461959 0.075774
3 4 0.004420 0.031158 0.387909 0.485103 0.091409
2 4 0.014529 0.060141 0.517742 0.329665 0.077924
2 4 0.023598 0.088006 0.571530 0.222774 0.094092
2 4 0.035092 0.108925 0.550035 0.169697 0.136250
2 4 0.032370 0.100419 0.546867 0.197435 0.122909
2 4 0.015156 0.065469 0.520267 0.304694 0.094414
2 0 0.012191 0.052863 0.484207 0.417000 0.033739
3 0 0.006034 0.035946 0.389838 0.503293 0.064888
3 0 0.006252 0.037208 0.413205 0.470215 0.073120
2 1 0.006665 0.039280 0.484380 0.409976 0.059700
2 1 0.010546 0.049677 0.472487 0.377810 0.089480
3 1 0.003456 0.027219 0.393139 0.516167 0.060019
3 1 0.003017 0.025055 0.369549 0.543985 0.058393
3 1 0.002980 0.024221 0.316588 0.582764 0.073446
3 1 0.003127 0.025965 0.381349 0.513714 0.075846
3 1 0.003395 0.026141 0.347454 0.567054 0.055955
3 1 0.003806 0.027894 0.347676 0.553134 0.067490
3 2 0.003297 0.026101 0.348121 0.546488 0.075993
3 2 0.002456 0.021657 0.313328 0.608067 0.054492
3 2 0.002151 0.019975 0.290671 0.626960 0.060243
3 2 0.002522 0.021626 0.280814 0.620881 0.074157
2 2 0.089738 0.135774 0.434751 0.247597 0.092140
2 2 0.120752 0.177408 0.512316 0.137282 0.052242
2 2 0.166988 0.171377 0.502364 0.136644 0.022627
2 2 0.196014 0.185868 0.480482 0.113122 0.024514
2 0 0.163641 0.169302 0.492361 0.148525 0.026171
2 0 0.044101 0.134116 0.575187 0.157647 0.088949
2 0 0.042096 0.112270 0.520452 0.153145 0.172038
2 1 0.045499 0.119979 0.498994 0.129977 0.205552
2 1 0.041792 0.112216 0.495288 0.167877 0.182827
2 1 0.033580 0.115555 0.619701 0.170675 0.060489
2 1 0.210796 0.220182 0.434462 0.091381 0.043178
2 1 0.195288 0.239727 0.398191 0.062490 0.104304
2 0 0.131445 0.194990 0.506868 0.122945 0.043753
2 0 0.142978 0.205638 0.451428 0.117532 0.082423
2 0 0.140177 0.201299 0.431693 0.118643 0.108187
2 1 0.011640 0.052342 0.478589 0.360689 0.096740
2 1 0.008697 0.045688 0.500983 0.347112 0.097520
2 1 0.006244 0.038266 0.451356 0.396416 0.107718
2 1 0.004999 0.034175 0.457204 0.416243 0.087378
2 1 0.005748 0.036764 0.469733 0.402469 0.085285
2 1 0.006115 0.037637 0.432229 0.408936 0.115082
2 1 0.005898 0.037063 0.450083 0.412622 0.094334
3 2 0.004702 0.031968 0.374217 0.488847 0.100266
3 2 0.005385 0.033907 0.353163 0.489863 0.117682
3 2 0.004478 0.029654 0.290361 0.536460 0.139047
2 2 0.033452 0.082858 0.413892 0.288857 0.180941
2 2 0.026325 0.077544 0.503031 0.269196 0.123904
2 2 0.025045 0.089344 0.574832 0.245388 0.065391
2 2 0.027093 0.091135 0.598241 0.232918 0.050614
2 2 0.036679 0.095962 0.678953 0.141033 0.047373
2 4 0.040990 0.125358 0.576251 0.163116 0.094285
2 4 0.013913 0.057620 0.523829 0.318843 0.085794
2 4 0.007677 0.042059 0.438124 0.413461 0.098679
2 4 0.006521 0.039193 0.465488 0.393008 0.095790
3 4 0.006144 0.037163 0.404597 0.446706 0.105390
2 2 0.063007 0.112559 0.484155 0.259175 0.081103
2 2 0.039222 0.092737 0.586325 0.233415 0.048302
2 2 0.115269 0.185156 0.542491 0.124474 0.032610
2 2 0.072987 0.155840 0.600534 0.130685 0.039953
2 2 0.086070 0.169750 0.563800 0.125121 0.055259
2 2 0.091414 0.185963 0.515309 0.117065 0.090249
2 2 0.097128 0.186294 0.512217 0.115966 0.088395
2 2 0.238680 0.221501 0.412841 0.082013 0.044966
2 4 0.146456 0.221042 0.435363 0.093988 0.103151
2 4 0.102001 0.185822 0.472051 0.108011 0.132115
2 4 0.106283 0.175012 0.535586 0.109213 0.073907
2 4 0.252341 0.220309 0.412011 0.074359 0.040980
2 4 0.121648 0.211607 0.485638 0.103433 0.077673
2 4 0.064952 0.149329 0.557589 0.136544 0.091585
2 4 0.098900 0.166165 0.425981 0.141959 0.166996
3 4 0.001336 0.015316 0.264365 0.662177 0.056805
3 2 0.001594 0.016501 0.244236 0.670504 0.067165
3 2 0.001710 0.017328 0.271562 0.660824 0.048576
3 2 0.002395 0.020920 0.283917 0.634391 0.058376
3 2 0.001560 0.016441 0.238208 0.649038 0.094753
3 2 0.002794 0.023552 0.315857 0.574931 0.082866
3 2 0.002409 0.021035 0.271265 0.622987 0.082302
3 2 0.003313 0.025445 0.306940 0.582442 0.081861
3 2 0.003118 0.024660 0.305098 0.584355 0.082771
3 2 0.003675 0.028501 0.394811 0.484764 0.088250
3 2 0.002839 0.023593 0.302640 0.577819 0.093109
3 2 0.002863 0.023981 0.308403 0.547723 0.117031
3 2 0.004346 0.030228 0.345608 0.515714 0.104104
3 2 0.002792 0.023183 0.282228 0.571492 0.120305
3 2 0.004316 0.030195 0.347083 0.509533 0.108873
3 2 0.005046 0.032830 0.349438 0.483344 0.129341
3 2 0.003179 0.026086 0.350858 0.497361 0.122516
3 2 0.005024 0.032846 0.360343 0.492403 0.109384
3 2 0.004475 0.029922 0.305819 0.538055 0.121729
3 2 0.003284 0.025867 0.327503 0.550080 0.093266
3 2 0.001923 0.018215 0.258744 0.667934 0.053184
3 2 0.001638 0.016709 0.243653 0.671422 0.066578
3 3 0.001389 0.015489 0.245566 0.663869 0.073686
3 3 0.001105 0.013431 0.225834 0.694058 0.065573
3 3 0.002317 0.020647 0.297278 0.631246 0.048512
3 3 0.001161 0.013229 0.216225 0.732969 0.036416
3 3 0.001290 0.014397 0.242708 0.705104 0.036502
3 3 0.001092 0.012490 0.191617 0.752537 0.042263
3 3 0.001187 0.013775 0.250587 0.705431 0.029020
3 3 0.001382 0.014892 0.236615 0.705833 0.041278
3 3 0.001227 0.013711 0.221562 0.725894 0.037607
3 3 0.001003 0.012007 0.193022 0.750696 0.043272
3 3 0.001445 0.015334 0.249401 0.698261 0.035559
3 3 0.000950 0.011809 0.217164 0.742491 0.027586
3 3 0.000764 0.010794 0.227547 0.729866 0.031030
3 3 0.001407 0.014970 0.241718 0.707807 0.034098
3 3 0.000888 0.011419 0.209769 0.744603 0.033322
3 3 0.001335 0.014897 0.249137 0.689950 0.044682
3 3 0.001482 0.015733 0.253465 0.687001 0.042319
3 3 0.001061 0.012773 0.235459 0.722806 0.027901
3 3 0.001407 0.015601 0.284925 0.665991 0.032076
3 3 0.001348 0.014970 0.258761 0.688837 0.036084
3 3 0.001351 0.015002 0.273692 0.682589 0.027367
3 3 0.001956 0.018241 0.259320 0.675161 0.045322
3 3 0.001419 0.015082 0.245237 0.704726 0.033536
3 3 0.001436 0.015116 0.252908 0.704023 0.026517
3 3 0.002012 0.018527 0.258327 0.673363 0.047772
3 3 0.001517 0.015763 0.241131 0.695717 0.045872
3 3 0.001730 0.017218 0.266311 0.672795 0.041946
3 3 0.001988 0.018604 0.283972 0.660573 0.034863
3 3 0.001828 0.017898 0.287932 0.657773 0.034568
3 3 0.002095 0.019384 0.300234 0.643173 0.035114
3 3 0.001390 0.015585 0.286294 0.662051 0.034680
3 3 0.002268 0.019800 0.283530 0.661536 0.032866
3 3 0.001469 0.016015 0.291159 0.659999 0.031358
3 3 0.001856 0.018168 0.297683 0.648535 0.033759
3 3 0.002227 0.019964 0.293705 0.645321 0.038784
3 3 0.001369 0.015171 0.267020 0.682379 0.034061
3 3 0.001790 0.017200 0.277403 0.680012 0.023595
3 3 0.001584 0.016238 0.278611 0.678827 0.024739
3 3 0.002378 0.020314 0.309859 0.645713 0.021737
3 3 0.002039 0.018716 0.282415 0.665389 0.031441
3 3 0.002065 0.019404 0.303212 0.635850 0.039469
3 3 0.001770 0.017354 0.280132 0.670883 0.029861
3 3 0.001696 0.016861 0.287801 0.671265 0.022377
3 3 0.003579 0.025504 0.331266 0.614912 0.024739
3 3 0.003668 0.026316 0.334141 0.601160 0.034716
3 3 0.002504 0.021542 0.346348 0.605755 0.023850
3 3 0.002076 0.019379 0.311105 0.635524 0.031917
3 3 0.002076 0.019086 0.297323 0.651749 0.029766
3 3 0.002645 0.021771 0.298962 0.640862 0.035760
3 3 0.002024 0.018210 0.268470 0.685572 0.025724
3 3 0.002643 0.021151 0.287312 0.663904 0.024991
3 3 0.002098 0.018316 0.265714 0.692338 0.021535
3 3 0.002163 0.019707 0.314352 0.635648 0.028131
3 3 0.003550 0.025910 0.330784 0.602713 0.037042
3 3 0.005885 0.033709 0.349998 0.574881 0.035528
3 3 0.002504 0.021453 0.325014 0.620975 0.030055
3 3 0.005208 0.033278 0.405990 0.507765 0.047758
3 3 0.002336 0.020890 0.326518 0.615756 0.034500
3 3 0.001823 0.017341 0.251928 0.690128 0.038781
3 3 0.002688 0.021684 0.295874 0.650043 0.029711
3 3 0.002092 0.019009 0.289393 0.660254 0.029253
3 3 0.001326 0.014492 0.258407 0.703085 0.022690
3 3 0.001735 0.017653 0.294895 0.646561 0.039155
3 3 0.002483 0.021205 0.311165 0.632802 0.032345
3 3 0.002792 0.022096 0.298554 0.648305 0.028253
3 3 0.003490 0.025120 0.314865 0.626274 0.030252
3 3 0.002272 0.020448 0.338721 0.613828 0.024730
3 3 0.002837 0.022283 0.305972 0.643682 0.025226
3 3 0.002826 0.022702 0.313193 0.627619 0.033660
3 3 0.002242 0.019601 0.290445 0.661162 0.026549
3 3 0.002219 0.020092 0.312842 0.632056 0.032790
3 3 0.001489 0.015727 0.291675 0.671923 0.019186
3 3 0.002154 0.019255 0.285459 0.662800 0.030331
3 3 0.002549 0.021118 0.310994 0.642245 0.023094
3 3 0.002400 0.020234 0.300843 0.655193 0.021330
3 3 0.001970 0.018428 0.295376 0.658383 0.025844
3 3 0.002469 0.021338 0.323042 0.621180 0.031971
3 3 0.003716 0.026113 0.318475 0.618553 0.033143
3 3 0.003144 0.023091 0.281135 0.664069 0.028561
3 3 0.001381 0.014490 0.233184 0.724642 0.026303
3 3 0.003050 0.023765 0.328831 0.613625 0.030729
3 3 0.002993 0.023289 0.295582 0.635301 0.042835
3 3 0.002101 0.018606 0.263886 0.685655 0.029751
3 3 0.001440 0.015350 0.258248 0.693871 0.031091
3 3 0.001280 0.013504 0.207156 0.751419 0.026641
3 3 0.000745 0.009787 0.190643 0.782930 0.015895
3 3 0.000970 0.011894 0.234673 0.735378 0.017085
3 3 0.001317 0.013887 0.215710 0.741167 0.027919
3 3 0.003773 0.027796 0.342762 0.550710 0.074959
3 3 0.005800 0.035827 0.416114 0.473329 0.068929
3 3 0.004268 0.029929 0.368442 0.530099 0.067262
3 3 0.003418 0.026623 0.340415 0.537380 0.092165
3 2 0.005565 0.034699 0.369410 0.485893 0.104433
3 2 0.004343 0.030604 0.378209 0.504500 0.082344
3 2 0.004162 0.029496 0.364009 0.533891 0.068443
3 2 0.003463 0.026748 0.342248 0.543160 0.084381
3 2 0.002843 0.024606 0.380873 0.526487 0.065191
3 2 0.004832 0.032622 0.401550 0.483594 0.077401
3 2 0.004591 0.031729 0.383461 0.483137 0.097082
2 1 0.005966 0.037055 0.427259 0.420480 0.109241
2 1 0.006586 0.039186 0.442311 0.399343 0.112573
2 1 0.005528 0.035726 0.419985 0.401464 0.137297
2 1 0.005929 0.037303 0.441277 0.380085 0.135406
2 1 0.013739 0.056199 0.447894 0.274366 0.207802
2 1 0.007976 0.042952 0.430011 0.390149 0.128913
2 1 0.010685 0.050687 0.498022 0.306439 0.134167
2 1 0.019295 0.075478 0.549804 0.258203 0.097220
2 1 0.009477 0.047401 0.467727 0.307905 0.167490
2 4 0.006018 0.037862 0.463117 0.362709 0.130295
2 4 0.009757 0.048040 0.472432 0.359983 0.109788
2 4 0.007148 0.041023 0.448557 0.366040 0.137232
2 4 0.005898 0.037315 0.463732 0.392982 0.100074
2 4 0.006923 0.040606 0.475179 0.370170 0.107121
2 4 0.012509 0.054098 0.466157 0.361482 0.105753
2 4 0.021742 0.072662 0.488044 0.217658 0.199893
2 4 0.018591 0.069058 0.529119 0.237443 0.145789
2 4 0.019702 0.070234 0.509147 0.222438 0.178479
2 4 0.013733 0.058269 0.491445 0.300992 0.135561
2 4 0.007063 0.040821 0.454940 0.374307 0.122869
2 4 0.006974 0.040638 0.476518 0.382879 0.092991
2 4 0.007337 0.041380 0.455176 0.400298 0.095809
2 4 0.009079 0.046560 0.481178 0.344222 0.118961
2 4 0.006824 0.040130 0.481688 0.389591 0.081767
2 4 0.005462 0.035674 0.442685 0.411144 0.105035
2 4 0.004183 0.031433 0.457894 0.404142 0.102348
3 1 0.003707 0.029135 0.421081 0.444430 0.101648
2 1 0.006459 0.038906 0.446882 0.391427 0.116325
3 1 0.005445 0.035200 0.412440 0.434731 0.112184
2 1 0.005624 0.036231 0.444991 0.407994 0.105160
2 1 0.006765 0.039969 0.477688 0.389226 0.086351
2 1 0.005373 0.035222 0.439596 0.427245 0.092564
2 1 0.005377 0.035224 0.433003 0.424819 0.101576
3 1 0.005815 0.035979 0.403018 0.464326 0.090862
2 1 0.079881 0.178362 0.497238 0.082648 0.161871
2 0 0.062756 0.165219 0.525625 0.095363 0.151037
2 0 0.063118 0.155933 0.511219 0.087378 0.182351
2 1 0.027125 0.106167 0.631818 0.139994 0.094897
2 1 0.078527 0.183190 0.508368 0.082151 0.147764
2 1 0.024274 0.081317 0.547630 0.264085 0.082695
2 1 0.038139 0.095345 0.523832 0.254561 0.088123
2 1 0.014854 0.058799 0.491443 0.359287 0.075617
2 1 0.015366 0.061509 0.521856 0.315714 0.085555
2 1 0.036073 0.107500 0.588054 0.215452 0.052921
2 4 0.026534 0.097854 0.570774 0.192074 0.112763
2 4 0.020479 0.075425 0.529817 0.262759 0.111520
2 4 0.026241 0.090498 0.550925 0.181060 0.151276
2 4 0.023436 0.082513 0.551140 0.193693 0.149218
2 4 0.013877 0.066193 0.569163 0.249622 0.101144
2 4 0.065186 0.156524 0.569934 0.116191 0.092165
2 4 0.054400 0.140001 0.565837 0.115744 0.124018
2 4 0.050837 0.138801 0.574320 0.110309 0.125734
2 4 0.038664 0.125615 0.639633 0.110837 0.085251
2 4 0.048156 0.133992 0.548046 0.087775 0.182031
2 4 0.008473 0.045229 0.528784 0.336153 0.081361
2 4 0.014654 0.059407 0.531232 0.260136 0.134571
2 4 0.008768 0.045817 0.505530 0.352091 0.087794
2 4 0.010116 0.049089 0.489233 0.348690 0.102873
2 4 0.012052 0.053402 0.472293 0.319907 0.142345
2 4 0.032071 0.113448 0.542872 0.138916 0.172693
2 4 0.056098 0.155305 0.532944 0.066954 0.188699
2 4 0.061636 0.165550 0.498366 0.078185 0.196263
2 4 0.081268 0.165646 0.443464 0.070473 0.239149
2 4 0.048515 0.145894 0.584805 0.076882 0.143903
2 4 0.015464 0.061060 0.544267 0.271512 0.107697
2 4 0.015811 0.073750 0.655492 0.163336 0.091611
2 4 0.013612 0.060294 0.577422 0.272916 0.075757
2 4 0.015240 0.060640 0.553724 0.273653 0.096744
2 4 0.022215 0.074186 0.528938 0.234159 0.140501
2 4 0.018148 0.075403 0.556717 0.217601 0.132132
2 4 0.008666 0.046546 0.512601 0.346709 0.085478
2 4 0.013888 0.061145 0.551597 0.263245 0.110125
2 4 0.015767 0.061529 0.538090 0.285577 0.099037
2 4 0.023228 0.073392 0.479614 0.280896 0.142870
2 4 0.006862 0.040118 0.473774 0.398274 0.080973
2 4 0.009508 0.047573 0.503570 0.356683 0.082665
2 4 0.008065 0.043738 0.488030 0.373197 0.086971
2 4 0.013947 0.057694 0.500632 0.307624 0.120104
2 4 0.010202 0.049383 0.513912 0.343425 0.083078
2 4 0.005401 0.035367 0.448678 0.424650 0.085904
2 4 0.008915 0.045960 0.472520 0.363133 0.109471
2 4 0.007882 0.043066 0.480640 0.386842 0.081569
2 4 0.006845 0.039988 0.442406 0.391033 0.119728
2 4 0.007950 0.043057 0.442195 0.384896 0.121902
2 2 0.015715 0.061157 0.504033 0.301923 0.117172
2 2 0.012953 0.055863 0.541979 0.302466 0.086739
2 2 0.014781 0.059343 0.499055 0.292788 0.134033
2 2 0.016608 0.062704 0.497347 0.308921 0.114420
2 2 0.030114 0.098923 0.564630 0.180917 0.125416
2 2 0.047443 0.140124 0.532194 0.069634 0.210604
2 2 0.068066 0.156963 0.443912 0.064772 0.266288
2 2 0.150991 0.225765 0.415872 0.047278 0.160093
2 2 0.062678 0.153299 0.445482 0.065096 0.273446
2 2 0.073042 0.171644 0.470544 0.064025 0.220746
2 2 0.008450 0.044988 0.491079 0.350633 0.104850
2 2 0.006511 0.039053 0.449619 0.395431 0.109386
2 2 0.011622 0.051990 0.466835 0.380539 0.089014
2 2 0.006547 0.039113 0.477215 0.404455 0.072670
2 2 0.008393 0.044500 0.485432 0.379235 0.082441
2 2 0.131630 0.181267 0.577424 0.066506 0.043172
2 2 0.084461 0.168936 0.609919 0.085111 0.051573
2 2 0.069806 0.158874 0.563210 0.124505 0.083605
2 2 0.161128 0.192893 0.513153 0.088517 0.044309
2 2 0.146364 0.217511 0.477913 0.095557 0.062655
2 2 0.034318 0.120216 0.560464 0.145630 0.139372
2 4 0.066226 0.148538 0.532695 0.110883 0.141658
2 4 0.027696 0.101136 0.596219 0.161652 0.113297
2 4 0.025235 0.097247 0.591449 0.185426 0.100642
2 4 0.049310 0.139673 0.576782 0.104214 0.130021
2 4 0.010908 0.051270 0.546003 0.315487 0.076332
2 4 0.010770 0.050850 0.547122 0.320939 0.070318
2 4 0.010614 0.050472 0.536022 0.327717 0.075175
2 4 0.010920 0.051047 0.508687 0.342111 0.087235
2 4 0.010483 0.049768 0.513869 0.357219 0.068660
2 4 0.008010 0.043356 0.491165 0.387147 0.070322
2 4 0.007625 0.042299 0.483581 0.391605 0.074890
2 2 0.008649 0.045016 0.481034 0.387744 0.077557
2 2 0.007091 0.040584 0.479778 0.406477 0.066070
2 2 0.006972 0.040315 0.486865 0.401210 0.064638
2 2 0.007480 0.042270 0.486374 0.364015 0.099861
2 2 0.008498 0.044887 0.485594 0.370756 0.090265
2 2 0.007729 0.042566 0.463261 0.392023 0.094420
2 2 0.007134 0.041016 0.462730 0.384022 0.105097
2 2 0.007621 0.042338 0.458182 0.382721 0.109138
2 2 0.009371 0.046518 0.446943 0.402067 0.095100
2 2 0.008423 0.044696 0.479899 0.369496 0.097485
2 2 0.008162 0.044396 0.500154 0.333973 0.113315
2 2 0.013687 0.057048 0.489343 0.309595 0.130327
2 2 0.006602 0.039594 0.460676 0.363624 0.129504
2 2 0.018900 0.068407 0.553682 0.241638 0.117373
2 2 0.014148 0.058246 0.511791 0.284601 0.131213
2 2 0.017445 0.065949 0.508883 0.234169 0.173554
2 2 0.015730 0.064314 0.486140 0.242100 0.191716
2 2 0.027877 0.094101 0.553304 0.158226 0.166491
2 2 0.015996 0.061979 0.528515 0.294288 0.099222
2 2 0.012650 0.054264 0.464618 0.266199 0.202268
2 4 0.017369 0.063670 0.481869 0.258135 0.178957
2 4 0.013671 0.057078 0.494922 0.287936 0.146393
2 4 0.011967 0.053255 0.490889 0.259298 0.184592
2 4 0.010100 0.048813 0.460201 0.339493 0.141393
2 4 0.009837 0.048154 0.458355 0.321444 0.162210
2 4 0.013060 0.055451 0.471213 0.292466 0.167810
2 4 0.010615 0.050175 0.472474 0.304574 0.162162
2 4 0.011219 0.051803 0.490429 0.296467 0.150082
2 4 0.010615 0.050002 0.463498 0.299381 0.176503
2 4 0.011602 0.052190 0.474221 0.264664 0.197323
2 4 0.009998 0.048470 0.457040 0.306514 0.177977
2 4 0.016330 0.062361 0.513496 0.258074 0.149739
2 4 0.017783 0.064918 0.507396 0.262673 0.147229
2 4 0.017031 0.063641 0.510867 0.265007 0.143454
2 4 0.011206 0.052100 0.521012 0.295576 0.120107
2 4 0.011380 0.052282 0.509800 0.322931 0.103608
2 4 0.017585 0.065012 0.561377 0.257545 0.098481
2 4 0.012573 0.054985 0.509157 0.293362 0.129923
2 4 0.029121 0.102097 0.540452 0.171695 0.156634
2 4 0.028762 0.090160 0.573044 0.206630 0.101404
2 4 0.021041 0.076403 0.567226 0.228712 0.106618
2 4 0.027241 0.087976 0.534993 0.219267 0.130524
2 4 0.051765 0.138585 0.520254 0.154587 0.134808
2 4 0.128962 0.233976 0.456420 0.053350 0.127291
2 4 0.074960 0.182904 0.481036 0.063459 0.197641
2 4 0.069578 0.175154 0.468765 0.066918 0.219585
2 4 0.062411 0.158472 0.526409 0.095312 0.157396
2 4 0.100891 0.198694 0.489705 0.058002 0.152709
2 4 0.084806 0.185151 0.425700 0.057030 0.247313
2 4 0.076275 0.166077 0.446840 0.064066 0.246742
2 4 0.076876 0.164656 0.452969 0.068137 0.237361
2 4 0.090619 0.192166 0.424236 0.059654 0.233325
2 4 0.079209 0.171357 0.433708 0.063490 0.252236
2 4 0.046805 0.124119 0.395783 0.096706 0.336586
2 4 0.022649 0.078803 0.504328 0.190223 0.203998
2 4 0.023053 0.079475 0.509946 0.207822 0.179704
2 1 0.015995 0.065045 0.510619 0.236852 0.171489
2 1 0.022835 0.077999 0.490594 0.205417 0.203157
3 1 0.004087 0.030296 0.418868 0.468719 0.078030
3 2 0.005392 0.034586 0.425582 0.471845 0.062594
3 2 0.004125 0.029484 0.368297 0.527407 0.070686
3 2 0.004568 0.031488 0.375907 0.493361 0.094677
3 2 0.003555 0.027145 0.344655 0.540213 0.084431
3 2 0.005980 0.036403 0.384768 0.453651 0.119197
2 2 0.006520 0.038666 0.419344 0.414637 0.120833
2 2 0.007866 0.042613 0.449911 0.413138 0.086472
3 2 0.006062 0.036441 0.369951 0.452779 0.134767
3 2 0.006419 0.038203 0.423677 0.437908 0.093793
3 2 0.004018 0.029126 0.343752 0.507187 0.115917
3 2 0.004214 0.030212 0.376951 0.499330 0.089293
3 2 0.003995 0.029309 0.363230 0.501093 0.102373
3 2 0.004870 0.032916 0.387105 0.457067 0.118043
3 2 0.004786 0.032258 0.381301 0.492917 0.088739
3 2 0.005167 0.033683 0.381036 0.474815 0.105299
3 2 0.004950 0.032631 0.350611 0.463537 0.148270
2 2 0.007775 0.042404 0.447004 0.410103 0.092714
3 2 0.004635 0.031934 0.372708 0.460218 0.130505
3 2 0.004497 0.031827 0.419230 0.462478 0.081968
2 2 0.006498 0.038849 0.449394 0.412614 0.092645
3 2 0.006337 0.037777 0.406957 0.444000 0.104929
3 2 0.004726 0.032463 0.409694 0.471399 0.081717
3 2 0.004482 0.031820 0.429924 0.459841 0.073934
3 2 0.004806 0.032458 0.394259 0.487564 0.080913
3 2 0.005243 0.033668 0.409941 0.496000 0.055148
3 2 0.006305 0.037407 0.445686 0.459451 0.051150
3 2 0.005298 0.034400 0.416733 0.466814 0.076756
3 2 0.005102 0.033490 0.402795 0.483962 0.074652
3 2 0.006247 0.037587 0.443416 0.446432 0.066318
2 2 0.009248 0.046287 0.485388 0.395224 0.063852
2 3 0.008373 0.043903 0.456747 0.413980 0.076997
2 3 0.010185 0.048323 0.451762 0.409050 0.080680
2 3 0.010947 0.050493 0.474072 0.382873 0.081615
2 3 0.009689 0.047968 0.498812 0.359718 0.083813
3 3 0.003690 0.027810 0.369936 0.534655 0.063909
3 3 0.003587 0.027152 0.378013 0.545730 0.045518
3 3 0.006582 0.037876 0.422935 0.479344 0.053263
3 3 0.005701 0.034239 0.382727 0.532964 0.044369
3 3 0.004737 0.031664 0.431630 0.498026 0.033943
3 3 0.004953 0.032318 0.398027 0.517001 0.047700
3 3 0.006486 0.038039 0.424055 0.461112 0.070307
3 3 0.007812 0.041490 0.417126 0.466429 0.067143
3 3 0.007197 0.039804 0.432144 0.466203 0.054653
3 3 0.004119 0.029219 0.364468 0.540912 0.061282
3 3 0.005153 0.033090 0.395453 0.512353 0.053951
3 3 0.003305 0.026370 0.371213 0.533856 0.065255
3 3 0.004665 0.031499 0.391944 0.515225 0.056666
3 3 0.004155 0.030062 0.402517 0.499380 0.063886
3 3 0.006087 0.036156 0.384646 0.500373 0.072737
3 3 0.005120 0.033134 0.372958 0.504455 0.084335
3 3 0.004846 0.032393 0.435070 0.485755 0.041935
3 3 0.006080 0.036544 0.412806 0.478844 0.065726
3 3 0.005041 0.032517 0.378634 0.525654 0.058154
3 3 0.006809 0.038831 0.421495 0.466567 0.066299
3 3 0.004759 0.030860 0.348002 0.563353 0.053027
3 3 0.002646 0.022560 0.346750 0.593564 0.034479
3 3 0.003654 0.027282 0.363066 0.555186 0.050813
3 3 0.002606 0.022394 0.351742 0.591057 0.032201
3 3 0.003048 0.024231 0.338470 0.594523 0.039728
3 3 0.003613 0.027186 0.375957 0.548776 0.044469
3 3 0.005008 0.032247 0.382262 0.531245 0.049239
3 3 0.003805 0.027455 0.373564 0.562421 0.032755
3 3 0.004230 0.029047 0.365515 0.561857 0.039350
3 3 0.003685 0.026975 0.362984 0.569986 0.036369
3 3 0.004529 0.031246 0.385890 0.505546 0.072789
3 3 0.007831 0.041986 0.424176 0.443549 0.082457
3 3 0.004149 0.029734 0.383925 0.517994 0.064198
2 3 0.009585 0.046649 0.438520 0.424480 0.080765
3 3 0.003955 0.028978 0.396994 0.518731 0.051342
3 3 0.003523 0.026400 0.360843 0.571125 0.038108
3 3 0.005170 0.032708 0.380026 0.533181 0.048916
3 3 0.004322 0.029766 0.385380 0.539882 0.040651
3 3 0.003642 0.027325 0.364962 0.551012 0.053059
3 3 0.002809 0.023250 0.340008 0.595626 0.038307
2 3 0.009316 0.045666 0.463747 0.430989 0.050283
2 3 0.012862 0.054516 0.478943 0.381636 0.072043
2 3 0.008896 0.045521 0.504643 0.383338 0.057602
2 3 0.008738 0.044341 0.464831 0.429674 0.052416
2 3 0.008676 0.044678 0.497560 0.397425 0.051661
3 3 0.005747 0.035873 0.424115 0.461496 0.072770
3 3 0.003530 0.027690 0.403328 0.504003 0.061450
3 3 0.006963 0.038894 0.371937 0.471499 0.110706
3 2 0.006809 0.038730 0.396501 0.469981 0.087978
3 2 0.004233 0.030298 0.407030 0.500202 0.058237
2 2 0.026952 0.082133 0.451679 0.318742 0.120495
2 2 0.026408 0.087587 0.527432 0.239263 0.119309
2 2 0.043892 0.114537 0.470289 0.184851 0.186431
2 2 0.036792 0.101838 0.492423 0.239874 0.129073
2 2 0.043849 0.108795 0.475815 0.258925 0.112616
2 2 0.021362 0.078544 0.474493 0.260547 0.165054
2 2 0.007802 0.042667 0.450021 0.394081 0.105429
2 2 0.011583 0.052193 0.468001 0.355806 0.112417
2 4 0.008199 0.043908 0.449004 0.356185 0.142704
2 4 0.013709 0.057048 0.485776 0.307887 0.135579
2 4 0.051333 0.129055 0.491411 0.107191 0.221009
2 4 0.035432 0.111602 0.566823 0.114050 0.172093
2 4 0.096403 0.191809 0.431040 0.073052 0.207695
2 4 0.057168 0.137370 0.530468 0.105857 0.169136
2 4 0.059302 0.144808 0.504602 0.101870 0.189417
2 4 0.067519 0.148962 0.457113 0.100104 0.226303
2 4 0.084807 0.163238 0.412640 0.065458 0.273856
2 4 0.061738 0.137879 0.441470 0.094639 0.264273
2 4 0.027561 0.091835 0.527026 0.111195 0.242383
2 4 0.113687 0.204056 0.425630 0.058429 0.198197
2 4 0.021326 0.073377 0.501338 0.259798 0.144161
2 4 0.018665 0.073974 0.536386 0.208098 0.162877
2 4 0.019315 0.072882 0.526516 0.246831 0.134457
2 4 0.018759 0.074006 0.498363 0.206198 0.202674
2 4 0.021415 0.078319 0.527320 0.245226 0.127720
2 4 0.037885 0.107390 0.546720 0.142585 0.165419
2 4 0.031843 0.098549 0.555760 0.193610 0.120238
2 4 0.035184 0.099255 0.465758 0.170673 0.229129
2 4 0.040130 0.122304 0.489038 0.101452 0.247076
2 4 0.038793 0.110820 0.500613 0.152748 0.197027
2 4 0.048968 0.124221 0.395494 0.074149 0.357168
2 4 0.038554 0.103706 0.525458 0.174199 0.158082
2 4 0.022629 0.081371 0.522506 0.197457 0.176037
2 4 0.054295 0.131297 0.464237 0.109470 0.240700
2 4 0.039420 0.104551 0.470386 0.120871 0.264772
2 4 0.013070 0.055777 0.495509 0.326259 0.109385
2 4 0.011860 0.053217 0.493913 0.279866 0.161145
2 4 0.013167 0.055586 0.477097 0.264294 0.189855
2 4 0.015870 0.061363 0.495148 0.297109 0.130510
2 4 0.010969 0.051147 0.483076 0.303391 0.151417
2 4 0.026156 0.084103 0.507958 0.221690 0.160094
2 4 0.012310 0.054036 0.477865 0.313169 0.142620
2 4 0.018661 0.065264 0.471499 0.227166 0.217410
2 4 0.018113 0.064986 0.479961 0.262802 0.174138
2 4 0.025203 0.078500 0.516051 0.227301 0.152945
2 4 0.010020 0.048197 0.444295 0.293003 0.204485
2 4 0.010739 0.049414 0.425904 0.288928 0.225015
2 4 0.010248 0.048949 0.446669 0.333224 0.160909
2 4 0.009844 0.048706 0.521093 0.330446 0.089910
2 4 0.010713 0.051133 0.539873 0.273960 0.124321
2 4 0.011083 0.051023 0.458132 0.312453 0.167309
2 4 0.012051 0.053563 0.484533 0.299998 0.149854
2 4 0.010671 0.050613 0.512651 0.331776 0.094289
2 4 0.010527 0.050322 0.506277 0.324839 0.108035
2 4 0.010595 0.050178 0.474162 0.320224 0.144841
2 4 0.012603 0.054817 0.489997 0.311950 0.130633
2 4 0.014242 0.057967 0.476107 0.304008 0.147676
2 4 0.013609 0.056113 0.453063 0.280118 0.197097
2 4 0.010800 0.050936 0.496734 0.298708 0.142823
2 4 0.016287 0.065271 0.538388 0.243884 0.136170
2 4 0.042033 0.119442 0.559412 0.122740 0.156373
2 4 0.059413 0.140192 0.437216 0.104238 0.258941
2 4 0.047635 0.122970 0.461271 0.126750 0.241374
2 4 0.064889 0.135590 0.444748 0.113742 0.241031
2 4 0.052019 0.123168 0.478895 0.125640 0.220278
2 4 0.016365 0.066321 0.519445 0.250440 0.147429
2 4 0.023154 0.074249 0.475529 0.226669 0.200399
2 4 0.017120 0.063079 0.460710 0.302351 0.156740
2 4 0.048419 0.128890 0.428062 0.102742 0.291887
2 4 0.015428 0.060312 0.485057 0.276087 0.163115
2 4 0.054478 0.131458 0.416973 0.077605 0.319486
2 4 0.058807 0.133976 0.392951 0.085304 0.328962
2 4 0.075184 0.157109 0.412219 0.068431 0.287057
2 4 0.061105 0.134971 0.384745 0.074245 0.344934
2 4 0.047804 0.121776 0.392251 0.090112 0.348058
2 4 0.020302 0.079927 0.543939 0.225892 0.129939
2 4 0.022038 0.079407 0.494391 0.215121 0.189043
2 4 0.018866 0.066818 0.507987 0.265757 0.140572
2 4 0.017523 0.065560 0.504697 0.273057 0.139164
2 4 0.012660 0.054271 0.460853 0.273153 0.199063
2 4 0.017681 0.066509 0.519415 0.283057 0.113338
2 4 0.015301 0.060330 0.489885 0.296569 0.137914
2 4 0.019031 0.066095 0.446212 0.310141 0.158521
2 4 0.040517 0.116597 0.512770 0.117083 0.213033
2 4 0.014519 0.058283 0.461858 0.322062 0.143278
2 4 0.035467 0.104214 0.519638 0.142937 0.197744
2 4 0.033224 0.097259 0.470480 0.161105 0.237933
2 4 0.024263 0.083473 0.476680 0.207652 0.207933
2 4 0.025612 0.087068 0.450258 0.210920 0.226142
2 4 0.047610 0.133355 0.483670 0.122041 0.213325
2 4 0.012983 0.055121 0.465697 0.281937 0.184262
2 1 0.017444 0.064133 0.495597 0.264575 0.158251
2 1 0.012598 0.054628 0.478557 0.296035 0.158182
2 1 0.009305 0.047096 0.488160 0.353842 0.101597
2 1 0.021867 0.079689 0.489672 0.225221 0.183550
2 1 0.011044 0.051295 0.500911 0.344284 0.092465
2 1 0.010513 0.050253 0.497232 0.319893 0.122108
2 1 0.010999 0.050906 0.495258 0.363671 0.079166
2 1 0.012186 0.053936 0.518119 0.331204 0.084556
2 1 0.011774 0.053120 0.509201 0.325469 0.100436
2 1 0.013563 0.057370 0.550260 0.268863 0.109943
2 1 0.015505 0.060871 0.521302 0.301615 0.100708
2 1 0.016297 0.062373 0.513470 0.282516 0.125345
2 1 0.015052 0.060103 0.534011 0.294742 0.096091
2 1 0.019569 0.071381 0.533112 0.252872 0.123066
2 1 0.014392 0.058240 0.496776 0.341653 0.088940
2 2 0.010295 0.049591 0.496761 0.343358 0.099994
2 2 0.014244 0.058052 0.525038 0.329903 0.072763
2 2 0.010026 0.048590 0.502790 0.367817 0.070777
2 2 0.012612 0.055018 0.549275 0.308738 0.074357
2 2 0.014070 0.057996 0.521640 0.313980 0.092314
2 2 0.010086 0.049308 0.539753 0.323358 0.077496
2 2 0.016216 0.062171 0.511858 0.296988 0.112768
2 2 0.015139 0.060161 0.517526 0.302539 0.104634
2 2 0.014676 0.058992 0.497795 0.324831 0.103707
2 2 0.100745 0.203922 0.447685 0.060818 0.186830
2 2 0.047206 0.146546 0.519769 0.077032 0.209448
2 2 0.070179 0.171813 0.391334 0.061744 0.304930
2 2 0.077575 0.160206 0.461683 0.076145 0.224391
4 2 0.074246 0.154710 0.359294 0.046773 0.364978
2 0 0.123927 0.191596 0.334300 0.042468 0.307709
4 0 0.146043 0.213389 0.282488 0.035000 0.323080
2 1 0.101194 0.177435 0.350994 0.053583 0.316794
2 1 0.103696 0.184818 0.410383 0.074445 0.226658
2 1 0.107294 0.186075 0.424376 0.085572 0.196682
2 1 0.009990 0.048639 0.466410 0.337797 0.137163
2 2 0.010618 0.049865 0.461858 0.281143 0.196516
2 2 0.012206 0.052069 0.403434 0.293756 0.238536
2 2 0.011626 0.052514 0.475120 0.314049 0.146692
2 2 0.023414 0.073479 0.469216 0.285538 0.148352
2 2 0.011998 0.053296 0.477232 0.338087 0.119388
2 2 0.008435 0.044065 0.432124 0.404836 0.110539
2 2 0.012257 0.053927 0.487704 0.339524 0.106587
2 2 0.007968 0.043252 0.466616 0.388552 0.093612
2 2 0.010737 0.050148 0.452153 0.351093 0.135870
2 2 0.015284 0.059843 0.467321 0.310237 0.147316
2 2 0.010802 0.049488 0.413364 0.321918 0.204428
2 2 0.009194 0.046459 0.453980 0.366977 0.123389
2 2 0.009010 0.045851 0.443455 0.372320 0.129364
2 2 0.009239 0.046518 0.448347 0.363242 0.132653
2 2 0.011036 0.050991 0.487132 0.364292 0.086548
2 2 0.008769 0.045851 0.487261 0.339733 0.118385
2 2 0.013775 0.056745 0.467468 0.354230 0.107781
2 2 0.009744 0.047556 0.439256 0.377385 0.126059
2 2 0.014877 0.059053 0.469326 0.334347 0.122397
2 2 0.008004 0.043321 0.449132 0.376405 0.123138
2 2 0.007980 0.043152 0.442526 0.382670 0.123671
2 2 0.010073 0.048130 0.423758 0.364420 0.153619
2 2 0.009639 0.047732 0.462981 0.347134 0.132513
2 2 0.007929 0.043116 0.453503 0.384037 0.111416
2 2 0.008347 0.044012 0.448287 0.400498 0.098857
2 2 0.007821 0.042674 0.437987 0.383409 0.128110
2 2 0.008156 0.044176 0.494099 0.356858 0.096712
2 2 0.014670 0.058878 0.483092 0.321755 0.121605
2 2 0.009093 0.046259 0.457669 0.365056 0.121923
2 2 0.009899 0.047757 0.441988 0.400189 0.100167
2 2 0.005587 0.035887 0.441299 0.428708 0.088519
2 2 0.007580 0.042111 0.451151 0.390538 0.108621
3 2 0.006956 0.039867 0.418400 0.419367 0.115410
3 2 0.007443 0.041107 0.411174 0.421304 0.118972
2 2 0.029363 0.085720 0.460005 0.209249 0.215662
2 2 0.016198 0.065031 0.497711 0.274041 0.147019
2 2 0.014017 0.057158 0.454256 0.318244 0.156324
2 3 0.014815 0.059817 0.436814 0.276339 0.212215
2 3 0.025646 0.092552 0.466831 0.168161 0.246810
2 3 0.055720 0.149912 0.478665 0.085670 0.230034
2 3 0.021681 0.078900 0.539372 0.238745 0.121302
2 3 0.022590 0.078750 0.537436 0.244534 0.116689
2 3 0.019224 0.073975 0.525276 0.240330 0.141195
2 3 0.035302 0.102914 0.544181 0.180335 0.137268
2 3 0.013070 0.055374 0.524051 0.345922 0.061583
2 3 0.009891 0.048189 0.476995 0.377232 0.087693
2 3 0.007722 0.042411 0.474938 0.401329 0.073600
2 3 0.007241 0.041201 0.500833 0.388668 0.062057
2 3 0.009203 0.046682 0.522423 0.358070 0.063623
2 3 0.008532 0.044305 0.508564 0.391332 0.047267
3 3 0.006355 0.037422 0.421257 0.473119 0.061847
2 3 0.008065 0.042915 0.469114 0.420234 0.059671
3 3 0.007730 0.041686 0.439159 0.444884 0.066542
2 3 0.005119 0.034071 0.467290 0.441385 0.052134
2 2 0.008370 0.044386 0.517416 0.370595 0.059233
