0 0 0.958878 0.015534 0.021370 0.001329 0.002889
0 0 0.591670 0.108472 0.261210 0.032033 0.006616
0 0 0.681633 0.098339 0.168026 0.032582 0.019420
0 0 0.924145 0.019505 0.045937 0.007997 0.002416
0 0 0.597223 0.107467 0.257542 0.031188 0.006580
0 0 0.478493 0.101769 0.308954 0.102676 0.008108
0 0 0.843483 0.051249 0.075396 0.014021 0.015851
0 0 0.641341 0.083630 0.205018 0.059554 0.010457
2 0 0.265962 0.125565 0.413496 0.185698 0.009279
0 0 0.999847 0.000092 0.000058 0.000000 0.000004
0 0 0.613456 0.132874 0.098570 0.016510 0.138589
0 0 0.369085 0.199687 0.302447 0.077451 0.051330
0 0 0.589257 0.136422 0.216311 0.033390 0.024620
0 0 0.431902 0.174234 0.294467 0.066166 0.033232
0 0 0.396939 0.161257 0.326752 0.090692 0.024361
2 0 0.155273 0.248788 0.352962 0.070684 0.172293
2 0 0.200630 0.255550 0.274270 0.047016 0.222534
2 0 0.213345 0.232550 0.281425 0.029335 0.243345
2 0 0.153179 0.239979 0.374499 0.059949 0.172393
2 0 0.233357 0.233929 0.312478 0.029416 0.190821
0 0 0.305521 0.224229 0.277036 0.041105 0.152108
2 0 0.176689 0.252982 0.306899 0.112967 0.150463
2 0 0.172775 0.254392 0.314972 0.121020 0.136841
2 0 0.207887 0.244901 0.291473 0.043938 0.211801
2 0 0.216292 0.233125 0.365559 0.036758 0.148265
2 0 0.221976 0.195530 0.476700 0.052529 0.053266
2 0 0.193839 0.212585 0.484378 0.044960 0.064238
2 0 0.237788 0.227079 0.404867 0.039713 0.090553
2 0 0.192642 0.219222 0.410415 0.075286 0.102435
2 0 0.213273 0.244471 0.367451 0.061272 0.113533
0 0 0.384376 0.185074 0.323444 0.028600 0.078505
2 0 0.287488 0.198089 0.407635 0.063419 0.043369
2 0 0.314315 0.200109 0.330363 0.024112 0.131101
2 0 0.267136 0.211446 0.396632 0.022217 0.102567
2 0 0.285068 0.181289 0.451487 0.032578 0.049579
2 0 0.287184 0.195126 0.437001 0.050809 0.029881
2 0 0.336505 0.182650 0.410781 0.032079 0.037985
2 0 0.327353 0.184289 0.422648 0.038969 0.026741
2 0 0.213724 0.164601 0.567155 0.038859 0.015661
2 0 0.237661 0.173888 0.535592 0.036060 0.016799
2 0 0.200375 0.155967 0.588312 0.040862 0.014484
2 0 0.205444 0.153400 0.586734 0.043410 0.011012
2 0 0.237741 0.142086 0.571342 0.038378 0.010452
2 0 0.211223 0.166348 0.565439 0.038972 0.018018
2 0 0.272948 0.169687 0.498885 0.037845 0.020635
2 0 0.083887 0.157565 0.601114 0.130896 0.026539
2 0 0.102060 0.165272 0.588709 0.119368 0.024592
2 0 0.100653 0.165560 0.602606 0.105448 0.025733
2 0 0.105751 0.165859 0.601889 0.103879 0.022622
2 0 0.103055 0.170426 0.584536 0.120923 0.021059
2 0 0.134936 0.170180 0.580196 0.092149 0.022538
2 0 0.229882 0.189690 0.479736 0.070230 0.030462
2 0 0.119107 0.159875 0.605898 0.085936 0.029184
2 0 0.126256 0.151779 0.623232 0.077579 0.021155
2 0 0.129364 0.164540 0.602768 0.080640 0.022688
2 0 0.168509 0.195188 0.531420 0.063301 0.041582
2 0 0.137289 0.176660 0.575775 0.082457 0.027819
2 0 0.133742 0.178501 0.576757 0.084464 0.026536
2 0 0.139117 0.190101 0.574378 0.066294 0.030110
2 0 0.144074 0.174754 0.581383 0.074490 0.025298
2 0 0.149759 0.190289 0.561153 0.067883 0.030915
2 0 0.125344 0.171156 0.603239 0.069901 0.030360
2 0 0.160159 0.173362 0.578504 0.057644 0.030331
2 0 0.166291 0.195635 0.540447 0.053977 0.043651
2 0 0.177218 0.190194 0.527301 0.053413 0.051874
2 0 0.169597 0.217661 0.470563 0.063610 0.078569
2 0 0.178316 0.201242 0.484420 0.089948 0.046073
2 0 0.167535 0.217402 0.463014 0.116377 0.035672
2 0 0.129866 0.196647 0.513967 0.117263 0.042257
2 1 0.164492 0.200865 0.490859 0.101061 0.042723
2 1 0.073810 0.156345 0.533719 0.216138 0.019988
2 1 0.050493 0.125142 0.551031 0.253815 0.019518
2 2 0.052428 0.120211 0.575256 0.233389 0.018716
2 2 0.060418 0.160150 0.475896 0.275495 0.028041
2 2 0.065862 0.162671 0.482958 0.260651 0.027859
2 1 0.037973 0.113083 0.461733 0.365245 0.021967
2 2 0.046502 0.136292 0.467075 0.321620 0.028511
2 2 0.034479 0.115834 0.439506 0.384964 0.025217
2 2 0.033639 0.114048 0.448049 0.382035 0.022229
2 2 0.042546 0.126327 0.450648 0.357043 0.023436
2 2 0.166143 0.231313 0.446013 0.106858 0.049673
2 2 0.170030 0.240116 0.419364 0.126898 0.043592
2 0 0.219616 0.181482 0.506578 0.045071 0.047253
2 1 0.126132 0.167556 0.614227 0.069061 0.023024
2 2 0.150655 0.174708 0.574443 0.071537 0.028658
2 2 0.074685 0.117348 0.653378 0.142026 0.012563
2 2 0.084353 0.137902 0.586913 0.179579 0.011253
2 2 0.077331 0.132452 0.573219 0.205579 0.011419
2 2 0.095892 0.138822 0.577334 0.177160 0.010792
2 2 0.084043 0.129425 0.599825 0.175597 0.011110
2 2 0.102776 0.154228 0.555646 0.168283 0.019067
2 2 0.079310 0.141497 0.513620 0.249993 0.015581
2 2 0.116989 0.172841 0.561007 0.121563 0.027601
2 2 0.110670 0.191279 0.511018 0.157608 0.029425
2 2 0.077952 0.157608 0.581672 0.155760 0.027008
2 2 0.120829 0.227712 0.468423 0.107657 0.075379
2 2 0.136512 0.240016 0.425649 0.127049 0.070774
2 2 0.110369 0.231887 0.462250 0.099113 0.096382
2 0 0.210603 0.226180 0.376576 0.058733 0.127907
2 0 0.140364 0.220646 0.476663 0.078811 0.083516
2 1 0.044039 0.124909 0.571620 0.235474 0.023959
2 2 0.043161 0.139868 0.528262 0.258310 0.030399
2 2 0.042627 0.147741 0.527012 0.247600 0.035020
2 2 0.038545 0.126375 0.504760 0.305754 0.024566
2 2 0.038335 0.117791 0.516780 0.305962 0.021132
2 2 0.024139 0.089545 0.444312 0.425126 0.016878
2 2 0.029595 0.100588 0.446757 0.403901 0.019159
3 2 0.021649 0.078121 0.439996 0.445960 0.014274
2 2 0.028959 0.107709 0.465847 0.375663 0.021822
2 2 0.024657 0.099348 0.434795 0.418698 0.022501
3 3 0.020789 0.086518 0.421380 0.449579 0.021734
3 2 0.017991 0.077715 0.412552 0.471233 0.020508
3 2 0.023643 0.093894 0.424279 0.434566 0.023618
3 2 0.022002 0.089889 0.423418 0.442261 0.022430
3 2 0.020099 0.084683 0.420551 0.453409 0.021258
3 2 0.022413 0.092190 0.428251 0.435199 0.021947
3 2 0.019318 0.083198 0.422026 0.455133 0.020325
3 2 0.019314 0.083511 0.423304 0.453744 0.020127
3 2 0.022663 0.091672 0.424344 0.438505 0.022817
3 2 0.020679 0.085231 0.417438 0.454362 0.022290
3 3 0.023679 0.091509 0.415613 0.443930 0.025269
3 2 0.023649 0.094474 0.426236 0.432370 0.023271
2 2 0.025827 0.099889 0.427837 0.421827 0.024620
3 2 0.023485 0.090299 0.412817 0.447759 0.025641
3 2 0.025173 0.096621 0.421870 0.431054 0.025281
3 2 0.022500 0.089103 0.416399 0.447900 0.024098
3 2 0.022974 0.090581 0.417903 0.444310 0.024232
3 2 0.025588 0.098321 0.424463 0.426533 0.025095
3 2 0.023458 0.092950 0.422444 0.437345 0.023804
3 2 0.017588 0.076519 0.411678 0.473995 0.020219
2 2 0.025009 0.090873 0.438836 0.426819 0.018463
2 2 0.028023 0.093258 0.447944 0.413917 0.016858
2 2 0.028855 0.092533 0.448535 0.413640 0.016438
2 2 0.024019 0.082119 0.445240 0.434239 0.014383
2 2 0.030301 0.087905 0.461440 0.407697 0.012657
2 2 0.029577 0.108393 0.452897 0.389270 0.019863
2 2 0.037646 0.109563 0.457723 0.372832 0.022236
2 2 0.041705 0.143433 0.532242 0.247993 0.034627
2 2 0.043458 0.132748 0.456227 0.344492 0.023075
2 2 0.040399 0.134935 0.455143 0.345189 0.024333
2 2 0.039548 0.124032 0.502019 0.311498 0.022903
2 2 0.036222 0.129090 0.499329 0.309589 0.025770
2 3 0.028219 0.112020 0.472486 0.361470 0.025804
2 2 0.035448 0.127999 0.451966 0.356877 0.027711
2 2 0.033663 0.127712 0.496953 0.310372 0.031301
2 2 0.035348 0.125403 0.440379 0.371238 0.027632
2 2 0.035772 0.129968 0.459616 0.341982 0.032662
2 2 0.033470 0.116422 0.427624 0.392811 0.029673
2 3 0.035215 0.120439 0.428519 0.385391 0.030436
2 2 0.033960 0.118035 0.429166 0.389257 0.029581
2 2 0.034593 0.118772 0.427574 0.388733 0.030328
2 3 0.033050 0.115824 0.428414 0.393472 0.029239
2 3 0.034336 0.118062 0.427127 0.390182 0.030293
2 2 0.031212 0.110686 0.424965 0.404217 0.028920
2 2 0.034180 0.118650 0.429561 0.388001 0.029608
2 2 0.051447 0.151685 0.424414 0.334155 0.038298
2 3 0.051594 0.152004 0.424461 0.333619 0.038322
2 3 0.052256 0.147417 0.412955 0.344666 0.042706
2 2 0.047736 0.136013 0.406808 0.366169 0.043275
2 2 0.048894 0.136476 0.403119 0.366348 0.045164
2 2 0.075634 0.173223 0.390153 0.297282 0.063708
2 2 0.076607 0.172683 0.387074 0.296361 0.067275
2 2 0.075234 0.173572 0.392244 0.296074 0.062876
2 2 0.078981 0.178826 0.391540 0.285831 0.064823
2 2 0.076061 0.175759 0.394040 0.291639 0.062500
2 2 0.071373 0.169400 0.394042 0.306080 0.059105
2 2 0.073706 0.174994 0.397785 0.294945 0.058570
2 2 0.075217 0.174582 0.393233 0.295361 0.061606
2 2 0.074696 0.174752 0.394878 0.295135 0.060539
2 2 0.073550 0.175300 0.398850 0.294195 0.058104
2 2 0.077408 0.182444 0.403187 0.277184 0.059777
2 2 0.076807 0.178973 0.397466 0.285755 0.060999
2 2 0.074829 0.175086 0.395239 0.294301 0.060545
2 2 0.070483 0.166876 0.392442 0.310301 0.059898
2 2 0.068266 0.162414 0.390285 0.319341 0.059694
2 2 0.087316 0.184214 0.381355 0.271955 0.075159
2 2 0.090240 0.185909 0.377005 0.267991 0.078855
2 2 0.083236 0.176467 0.380000 0.281025 0.079272
2 2 0.088563 0.184923 0.379517 0.270347 0.076650
2 2 0.092773 0.189888 0.377103 0.261489 0.078747
2 2 0.139164 0.246266 0.357719 0.165531 0.091320
2 2 0.146463 0.245796 0.344965 0.162194 0.100582
2 2 0.155057 0.261422 0.350509 0.133349 0.099662
2 0 0.230473 0.239662 0.365239 0.051176 0.113451
2 0 0.191155 0.215599 0.451766 0.042173 0.099307
2 1 0.216402 0.201875 0.467458 0.036808 0.077457
2 1 0.148622 0.177265 0.549934 0.062019 0.062160
2 1 0.121726 0.213498 0.464107 0.102644 0.098025
2 2 0.127254 0.218841 0.453865 0.101919 0.098121
2 2 0.105279 0.231881 0.416323 0.128975 0.117542
2 2 0.096869 0.221846 0.415110 0.121003 0.145172
2 2 0.086711 0.193132 0.403848 0.161649 0.154660
2 2 0.104675 0.223564 0.401334 0.149717 0.120710
2 2 0.090329 0.195899 0.398817 0.172813 0.142142
2 4 0.077880 0.171675 0.394065 0.215873 0.140507
2 4 0.108524 0.203246 0.364229 0.150269 0.173733
2 4 0.103805 0.197056 0.367570 0.165388 0.166181
2 4 0.104872 0.198955 0.367625 0.162064 0.166485
2 4 0.098922 0.194415 0.374469 0.162546 0.169649
2 4 0.109491 0.208433 0.371804 0.155354 0.154918
2 4 0.102568 0.194953 0.364505 0.138873 0.199100
2 4 0.116545 0.206045 0.348485 0.138125 0.190801
2 4 0.118249 0.209709 0.349855 0.135218 0.186968
2 4 0.119703 0.209286 0.344841 0.131865 0.194305
2 4 0.116398 0.210048 0.352762 0.125205 0.195587
2 4 0.104073 0.232451 0.413623 0.111665 0.138187
2 4 0.111845 0.223917 0.383335 0.139967 0.140937
2 4 0.100627 0.202217 0.384308 0.149270 0.163578
2 4 0.102789 0.198655 0.372088 0.177256 0.149213
2 4 0.122429 0.228527 0.371329 0.156245 0.121470
2 4 0.113968 0.221394 0.378829 0.171560 0.114249
2 4 0.091825 0.188118 0.383570 0.198681 0.137807
2 4 0.090420 0.186987 0.386060 0.202141 0.134392
2 4 0.088239 0.186016 0.391319 0.204738 0.129688
2 4 0.119792 0.235017 0.384935 0.137437 0.122818
2 4 0.044685 0.143684 0.440375 0.335361 0.035894
2 4 0.041094 0.138089 0.445799 0.341252 0.033766
2 4 0.042734 0.144819 0.459609 0.314166 0.038671
2 2 0.041051 0.146234 0.471814 0.305545 0.035355
2 2 0.035853 0.131377 0.477731 0.318276 0.036763
3 2 0.023615 0.091772 0.431105 0.432637 0.020870
3 2 0.021033 0.081556 0.431843 0.448408 0.017160
2 2 0.023898 0.088344 0.445092 0.426309 0.016356
2 2 0.023483 0.082825 0.449104 0.430652 0.013935
2 2 0.027458 0.087033 0.456302 0.415683 0.013524
2 2 0.045620 0.095267 0.482453 0.366674 0.009985
2 2 0.049595 0.101585 0.496588 0.342680 0.009552
2 2 0.055671 0.102419 0.489759 0.342665 0.009486
2 2 0.040778 0.080818 0.478725 0.391491 0.008187
2 2 0.044146 0.092658 0.626739 0.223247 0.013210
2 2 0.115905 0.165562 0.585152 0.082291 0.051090
2 2 0.124401 0.197522 0.529211 0.084205 0.064661
2 2 0.173603 0.198870 0.485904 0.070420 0.071203
2 2 0.131913 0.215655 0.500143 0.101831 0.050458
2 2 0.123492 0.212775 0.515388 0.088519 0.059827
2 2 0.119799 0.220734 0.489697 0.103308 0.066461
2 2 0.094536 0.209051 0.521531 0.116730 0.058152
2 2 0.119431 0.230203 0.425198 0.121619 0.103550
2 2 0.105091 0.229048 0.406746 0.145788 0.113327
2 2 0.099677 0.183718 0.525943 0.104628 0.086034
2 2 0.122544 0.220857 0.466512 0.151030 0.039058
2 2 0.095846 0.200240 0.535246 0.125348 0.043319
2 0 0.091803 0.169101 0.581439 0.122138 0.035518
2 1 0.107019 0.167913 0.574473 0.115405 0.035189
2 1 0.100121 0.164399 0.577639 0.130403 0.027438
2 2 0.123992 0.170064 0.580437 0.097940 0.027568
2 2 0.148792 0.166523 0.588701 0.073203 0.022783
2 2 0.137183 0.185096 0.546911 0.093559 0.037251
2 2 0.132172 0.160025 0.605380 0.077269 0.025154
2 2 0.113418 0.143138 0.609608 0.106726 0.027110
2 2 0.097368 0.188711 0.545010 0.131545 0.037366
2 2 0.095018 0.170714 0.592498 0.109932 0.031838
2 0 0.126708 0.142855 0.619068 0.087279 0.024091
2 1 0.090937 0.153700 0.617135 0.115745 0.022482
2 1 0.115866 0.176610 0.573398 0.108894 0.025232
2 1 0.071161 0.127274 0.581412 0.206141 0.014013
2 1 0.093349 0.157082 0.535356 0.197614 0.016599
2 2 0.065500 0.125230 0.543465 0.254076 0.011729
2 2 0.087206 0.137640 0.573843 0.189062 0.012250
2 2 0.086594 0.145933 0.526628 0.227464 0.013381
2 2 0.099142 0.152632 0.549657 0.177146 0.021423
2 2 0.100692 0.157380 0.568281 0.157912 0.015735
2 2 0.084249 0.135960 0.545027 0.222407 0.012357
2 2 0.113112 0.195187 0.515887 0.143369 0.032445
2 2 0.101414 0.188915 0.511174 0.161663 0.036833
2 2 0.106767 0.224791 0.476818 0.089168 0.102455
2 2 0.103779 0.217484 0.488980 0.102747 0.087010
2 2 0.112725 0.222236 0.460327 0.085462 0.119250
2 2 0.102798 0.238882 0.427352 0.115339 0.115629
2 2 0.096264 0.222459 0.447082 0.085394 0.148801
2 2 0.069781 0.191773 0.440829 0.252895 0.044722
2 2 0.071913 0.195772 0.437749 0.248135 0.046431
2 2 0.059659 0.175068 0.450094 0.271776 0.043402
2 2 0.044122 0.154014 0.532350 0.214358 0.055157
2 2 0.062723 0.191069 0.478900 0.212724 0.054583
2 2 0.039597 0.124126 0.448475 0.361322 0.026480
2 2 0.037130 0.130232 0.448454 0.358286 0.025899
2 2 0.031109 0.106193 0.443455 0.397705 0.021538
2 2 0.052629 0.146103 0.483487 0.294017 0.023765
2 2 0.035843 0.106635 0.560743 0.277203 0.019576
2 2 0.110649 0.171971 0.553924 0.106450 0.057007
2 2 0.130359 0.192928 0.530550 0.095867 0.050295
2 2 0.122070 0.175708 0.571901 0.099332 0.030990
2 2 0.115342 0.156062 0.612186 0.091064 0.025347
2 2 0.128126 0.185548 0.565164 0.090912 0.030251
2 2 0.091377 0.139173 0.616824 0.139579 0.013047
2 2 0.111922 0.162166 0.592561 0.119139 0.014211
2 2 0.112079 0.146238 0.591424 0.134899 0.015360
2 2 0.125020 0.155939 0.589386 0.113907 0.015748
2 2 0.112943 0.154303 0.601966 0.116999 0.013789
2 2 0.084288 0.127030 0.591953 0.185917 0.010811
2 2 0.155935 0.164281 0.540917 0.127509 0.011359
2 2 0.095234 0.135798 0.557579 0.200191 0.011197
2 2 0.114530 0.139669 0.576540 0.158354 0.010907
2 2 0.087156 0.129275 0.595651 0.176792 0.011125
2 2 0.120995 0.142030 0.592296 0.134562 0.010116
2 2 0.111375 0.139095 0.559280 0.181648 0.008602
2 2 0.092185 0.124294 0.583897 0.190703 0.008921
2 2 0.083925 0.126415 0.553154 0.227304 0.009202
2 2 0.084232 0.111886 0.604953 0.189817 0.009111
2 2 0.158820 0.216095 0.501610 0.080366 0.043109
2 2 0.230281 0.214440 0.423001 0.064647 0.067631
2 2 0.163453 0.221936 0.457249 0.090715 0.066647
2 2 0.257484 0.237078 0.361788 0.062973 0.080677
2 0 0.173373 0.185503 0.551151 0.054292 0.035682
2 0 0.208789 0.132467 0.590372 0.057704 0.010669
2 0 0.161036 0.127535 0.637223 0.065444 0.008763
2 0 0.152319 0.134917 0.640217 0.063352 0.009195
2 1 0.137668 0.135284 0.631788 0.085424 0.009837
2 1 0.137748 0.145907 0.634021 0.071521 0.010803
2 1 0.088933 0.127414 0.581669 0.189751 0.012233
2 2 0.067126 0.122476 0.542293 0.257618 0.010487
2 2 0.076771 0.119175 0.597977 0.196360 0.009718
2 2 0.075075 0.122093 0.545803 0.248146 0.008882
2 2 0.065725 0.113195 0.555415 0.256308 0.009356
2 2 0.082402 0.127467 0.630321 0.146265 0.013545
2 2 0.087108 0.130492 0.657592 0.111602 0.013206
2 2 0.073247 0.160457 0.584878 0.150919 0.030499
2 0 0.078190 0.166532 0.555184 0.168199 0.031895
2 1 0.090028 0.209557 0.447827 0.216444 0.036143
2 2 0.025202 0.098705 0.428580 0.423493 0.024021
2 2 0.026470 0.102054 0.430143 0.416697 0.024635
2 2 0.025061 0.098712 0.429653 0.422855 0.023718
2 2 0.026986 0.103683 0.431614 0.413011 0.024706
2 2 0.025288 0.098701 0.427928 0.423878 0.024207
2 2 0.029014 0.106398 0.426215 0.411183 0.027191
2 2 0.028458 0.104719 0.424780 0.414926 0.027116
2 2 0.033082 0.116671 0.430528 0.390962 0.028758
2 2 0.026589 0.102725 0.431416 0.414797 0.024472
2 2 0.027948 0.104268 0.426807 0.414642 0.026335
2 2 0.043482 0.138753 0.435436 0.347881 0.034449
2 2 0.041663 0.136173 0.437121 0.352311 0.032731
2 2 0.032413 0.109275 0.413716 0.412129 0.032467
2 2 0.049555 0.155285 0.451356 0.307983 0.035820
2 1 0.060716 0.154140 0.573457 0.173364 0.038324
2 1 0.049376 0.126182 0.469570 0.334336 0.020536
2 2 0.048862 0.119542 0.467558 0.347275 0.016762
2 1 0.032904 0.091847 0.454287 0.406237 0.014725
2 2 0.033023 0.086540 0.459063 0.408866 0.012508
2 2 0.036428 0.105022 0.467702 0.375851 0.014997
2 2 0.062945 0.155690 0.505724 0.253139 0.022502
2 2 0.060215 0.142961 0.567039 0.209586 0.020199
2 2 0.060320 0.151597 0.608239 0.146678 0.033166
2 2 0.058463 0.152224 0.569110 0.187039 0.033164
2 2 0.080647 0.186871 0.541506 0.154245 0.036731
2 2 0.132231 0.212974 0.486936 0.113238 0.054621
2 1 0.115723 0.179945 0.569278 0.093152 0.041901
2 1 0.111048 0.160692 0.593049 0.110866 0.024345
2 1 0.099502 0.162752 0.608605 0.100315 0.028826
2 2 0.102624 0.172263 0.605157 0.088712 0.031244
2 2 0.088041 0.156504 0.608138 0.128354 0.018963
2 2 0.077604 0.145092 0.602257 0.157476 0.017571
2 2 0.102351 0.159309 0.587406 0.135435 0.015499
2 2 0.086977 0.136075 0.636365 0.124846 0.015737
2 1 0.096365 0.168450 0.594447 0.112257 0.028481
2 2 0.036209 0.128025 0.523320 0.285761 0.026685
2 2 0.027245 0.109397 0.510753 0.325993 0.026612
2 2 0.036345 0.122449 0.512043 0.307688 0.021475
2 2 0.038916 0.137082 0.500090 0.299001 0.024912
2 2 0.045783 0.139788 0.532443 0.255601 0.026386
2 2 0.085159 0.187703 0.509032 0.187401 0.030704
2 2 0.098123 0.204950 0.465284 0.203327 0.028317
2 2 0.082453 0.182027 0.504577 0.202434 0.028510
2 2 0.092985 0.191988 0.499892 0.186759 0.028376
2 1 0.122785 0.162239 0.588257 0.092128 0.034591
2 1 0.120034 0.123318 0.661001 0.086085 0.009562
2 1 0.153988 0.161908 0.587579 0.084756 0.011768
2 1 0.140270 0.141093 0.615026 0.094280 0.009330
2 1 0.156663 0.137999 0.622155 0.073175 0.010007
2 2 0.141600 0.148099 0.611525 0.089782 0.008994
2 2 0.154193 0.143231 0.622805 0.070279 0.009492
2 2 0.152680 0.138316 0.619275 0.080083 0.009646
2 2 0.147414 0.157427 0.604949 0.079731 0.010479
2 2 0.132517 0.145150 0.635535 0.076096 0.010702
2 2 0.133575 0.138355 0.643150 0.076169 0.008751
2 0 0.146503 0.139897 0.640257 0.063543 0.009801
2 0 0.147097 0.148829 0.623249 0.067847 0.012978
2 1 0.136663 0.161408 0.594785 0.090185 0.016959
2 1 0.138014 0.177528 0.577987 0.089229 0.017241
2 1 0.133702 0.144834 0.614041 0.093233 0.014191
2 0 0.116084 0.142633 0.644945 0.082134 0.014203
2 0 0.122761 0.169222 0.609387 0.082295 0.016336
2 0 0.107002 0.152165 0.623863 0.100628 0.016342
2 1 0.125581 0.165289 0.594716 0.098405 0.016009
2 1 0.142456 0.161365 0.595569 0.087232 0.013378
2 0 0.103065 0.199124 0.559855 0.077771 0.060185
2 0 0.128514 0.205066 0.520019 0.090852 0.055548
2 0 0.120475 0.207096 0.507034 0.096020 0.069374
2 0 0.108949 0.222512 0.483497 0.089053 0.095989
2 0 0.093929 0.222277 0.484588 0.108551 0.090656
2 0 0.116254 0.238153 0.452457 0.089212 0.103924
2 0 0.128793 0.250141 0.416665 0.069976 0.134426
2 0 0.115361 0.224029 0.490868 0.072194 0.097548
2 0 0.112134 0.236290 0.473552 0.077470 0.100554
2 0 0.119336 0.231885 0.474616 0.088588 0.085574
2 0 0.182152 0.228173 0.443907 0.103938 0.041830
2 0 0.173232 0.190892 0.513378 0.059914 0.062583
2 0 0.211066 0.225099 0.398466 0.094201 0.071167
2 0 0.153611 0.201107 0.539787 0.061510 0.043984
2 0 0.190087 0.189078 0.527572 0.055400 0.037862
2 0 0.167915 0.165232 0.585562 0.064644 0.016646
2 0 0.156288 0.187537 0.554487 0.080484 0.021203
2 0 0.150359 0.138613 0.638031 0.059663 0.013334
2 0 0.145114 0.170556 0.592093 0.073524 0.018714
2 1 0.169837 0.168143 0.583404 0.062783 0.015833
2 1 0.121543 0.149212 0.598933 0.118651 0.011660
2 0 0.128057 0.149831 0.622075 0.087622 0.012415
2 1 0.130857 0.157398 0.589862 0.110520 0.011363
2 1 0.100464 0.132724 0.636366 0.118410 0.012035
2 1 0.171010 0.190329 0.507270 0.118230 0.013161
2 1 0.119466 0.179492 0.591444 0.089722 0.019877
2 2 0.129141 0.160889 0.604356 0.087500 0.018115
2 2 0.170976 0.198962 0.511862 0.098270 0.019930
2 2 0.147792 0.173502 0.542377 0.118390 0.017939
2 2 0.152164 0.157710 0.554482 0.119397 0.016247
2 2 0.112687 0.160489 0.567162 0.146394 0.013268
2 2 0.124748 0.143642 0.599125 0.120352 0.012133
2 2 0.097759 0.141455 0.650784 0.097520 0.012481
2 2 0.126052 0.164799 0.575110 0.117657 0.016382
2 2 0.110782 0.153688 0.614529 0.104207 0.016794
2 2 0.084703 0.171678 0.555696 0.160915 0.027008
2 2 0.070404 0.139223 0.549380 0.220337 0.020656
2 2 0.068547 0.171176 0.492717 0.239370 0.028190
2 2 0.070980 0.175531 0.467989 0.256521 0.028979
2 2 0.067764 0.153256 0.538136 0.212596 0.028248
2 2 0.065789 0.183807 0.436698 0.272900 0.040806
2 2 0.061753 0.179207 0.448266 0.271295 0.039478
2 2 0.055252 0.163106 0.438657 0.304894 0.038090
2 2 0.045782 0.148666 0.501996 0.270681 0.032875
2 0 0.052068 0.146102 0.610683 0.150800 0.040346
2 1 0.123455 0.195356 0.527664 0.101260 0.052265
2 1 0.121301 0.205364 0.511781 0.119129 0.042424
2 1 0.137493 0.188150 0.542336 0.087022 0.044998
2 0 0.187686 0.195338 0.495492 0.073474 0.048011
2 1 0.106162 0.192163 0.558557 0.104371 0.038748
2 1 0.070449 0.142714 0.610007 0.157304 0.019527
2 1 0.081606 0.164332 0.596687 0.132748 0.024627
2 1 0.075229 0.152625 0.600066 0.152031 0.020049
2 1 0.067327 0.149035 0.610802 0.152860 0.019976
2 2 0.087604 0.164122 0.593544 0.131808 0.022922
2 2 0.068360 0.135787 0.597516 0.178482 0.019855
2 2 0.065000 0.143307 0.606953 0.159693 0.025046
2 2 0.079035 0.176023 0.559838 0.156752 0.028352
2 2 0.076571 0.176292 0.525594 0.193567 0.027976
2 2 0.085846 0.184039 0.537675 0.164972 0.027468
2 2 0.173468 0.223621 0.456194 0.099837 0.046880
2 2 0.156634 0.220279 0.476171 0.096210 0.050706
2 2 0.186695 0.244405 0.415099 0.078946 0.074854
2 0 0.191722 0.189041 0.513386 0.046602 0.059249
2 1 0.193758 0.216702 0.479830 0.055141 0.054570
2 1 0.194031 0.157340 0.574701 0.057297 0.016631
2 2 0.163658 0.181366 0.569609 0.060813 0.024554
2 2 0.149553 0.142151 0.631743 0.061124 0.015429
2 0 0.175007 0.145028 0.622216 0.043617 0.014131
2 0 0.316322 0.191650 0.390366 0.062087 0.039575
2 0 0.121096 0.158335 0.605082 0.082829 0.032657
2 1 0.087196 0.139397 0.644733 0.104918 0.023756
2 1 0.087212 0.188851 0.532859 0.145591 0.045487
2 1 0.082261 0.209274 0.460217 0.201861 0.046387
2 1 0.087819 0.214183 0.481738 0.171438 0.044823
2 1 0.112176 0.237782 0.411315 0.149194 0.089533
2 1 0.086271 0.222235 0.449717 0.164095 0.077683
2 4 0.099498 0.193295 0.369875 0.231174 0.106158
2 4 0.104335 0.199492 0.367073 0.234405 0.094696
2 4 0.102709 0.199011 0.370394 0.228679 0.099207
2 4 0.126882 0.205719 0.314820 0.103928 0.248651
2 4 0.125862 0.206279 0.316955 0.102482 0.248422
2 4 0.106180 0.189369 0.323844 0.086296 0.294311
2 4 0.118458 0.202519 0.325453 0.099676 0.253895
2 4 0.127005 0.205192 0.309915 0.095273 0.262616
2 4 0.121455 0.204773 0.329754 0.116811 0.227207
2 4 0.116907 0.200627 0.331818 0.115946 0.234703
2 4 0.122196 0.210128 0.336642 0.111322 0.219711
2 4 0.127635 0.210621 0.328468 0.121711 0.211565
2 4 0.122943 0.204540 0.324868 0.114590 0.233058
2 4 0.133093 0.213372 0.318583 0.102032 0.232919
2 4 0.129337 0.210783 0.324858 0.119335 0.215688
2 4 0.126548 0.208214 0.322732 0.110312 0.232194
2 4 0.133902 0.215675 0.324900 0.121840 0.203683
2 4 0.129428 0.209250 0.319660 0.113007 0.228654
2 4 0.117758 0.202091 0.335494 0.125152 0.219506
2 4 0.120334 0.204534 0.335532 0.129918 0.209682
2 4 0.118622 0.201627 0.333316 0.127230 0.219205
2 4 0.120472 0.204683 0.336028 0.130517 0.208300
2 4 0.110835 0.197410 0.344141 0.128884 0.218731
2 4 0.142042 0.220590 0.313372 0.109269 0.214727
2 4 0.143585 0.219889 0.307032 0.102257 0.227237
2 4 0.134640 0.226128 0.320457 0.070992 0.247784
2 4 0.137928 0.213110 0.307928 0.101901 0.239133
2 4 0.139404 0.215874 0.307323 0.100885 0.236513
2 4 0.144581 0.228143 0.317797 0.105845 0.203634
2 4 0.146210 0.225692 0.310331 0.102722 0.215045
4 4 0.181260 0.222339 0.245908 0.062493 0.288000
2 4 0.152913 0.231005 0.309175 0.107426 0.199480
2 0 0.169641 0.222612 0.325121 0.044603 0.238023
2 4 0.114490 0.200596 0.341537 0.129827 0.213550
2 4 0.117017 0.203066 0.339044 0.126266 0.214608
2 4 0.117023 0.201220 0.336316 0.128386 0.217054
2 4 0.118113 0.202004 0.335042 0.127841 0.217000
2 4 0.117783 0.202024 0.336587 0.129434 0.214172
2 4 0.117032 0.203270 0.342633 0.138628 0.198437
2 4 0.115824 0.202146 0.342981 0.137790 0.201259
2 4 0.114881 0.201452 0.343772 0.136975 0.202920
2 4 0.115987 0.202759 0.344409 0.140054 0.196790
2 4 0.115265 0.201607 0.343679 0.137710 0.201739
2 4 0.113841 0.201534 0.348164 0.145665 0.190796
2 4 0.117735 0.207029 0.350018 0.149525 0.175693
2 4 0.115563 0.202564 0.344912 0.140554 0.196407
2 4 0.111400 0.200056 0.350256 0.141783 0.196506
2 4 0.109028 0.201405 0.357379 0.134777 0.197411
4 4 0.141307 0.214586 0.286549 0.064006 0.293552
2 4 0.132849 0.212731 0.314769 0.102343 0.237308
2 4 0.135348 0.213108 0.311115 0.103056 0.237374
2 4 0.135641 0.214086 0.313260 0.105670 0.231342
2 4 0.125842 0.211338 0.326243 0.101188 0.235389
2 4 0.125996 0.210191 0.330959 0.120936 0.211919
2 4 0.118665 0.213064 0.351907 0.119654 0.196710
2 4 0.124320 0.205358 0.325008 0.118514 0.226800
2 4 0.126228 0.209129 0.327690 0.118598 0.218356
2 4 0.117185 0.202924 0.334620 0.111865 0.233406
2 4 0.116348 0.203786 0.344481 0.135197 0.200187
2 4 0.118683 0.206382 0.346498 0.147584 0.180852
2 4 0.116937 0.203123 0.343578 0.142415 0.193947
2 4 0.113620 0.199871 0.344361 0.139602 0.202546
2 4 0.115280 0.201756 0.344504 0.141280 0.197180
2 4 0.115783 0.200139 0.336651 0.126992 0.220434
2 4 0.117921 0.200919 0.333672 0.127030 0.220459
2 4 0.121234 0.206204 0.336392 0.129274 0.206896
2 4 0.115197 0.199708 0.336512 0.125322 0.223261
2 4 0.113720 0.200336 0.342516 0.127587 0.215840
2 4 0.139367 0.215264 0.307491 0.102027 0.235852
2 4 0.136504 0.211760 0.306078 0.098757 0.246901
2 4 0.130674 0.207727 0.312279 0.101780 0.247540
2 4 0.136490 0.212674 0.307470 0.100022 0.243345
2 4 0.117061 0.191484 0.310903 0.093358 0.287194
2 4 0.134023 0.212508 0.315799 0.089361 0.248309
2 4 0.127134 0.208815 0.324863 0.117413 0.221775
2 4 0.129236 0.211120 0.325229 0.119511 0.214905
2 4 0.129634 0.212742 0.327765 0.120926 0.208932
2 4 0.134654 0.217329 0.326588 0.124706 0.196723
2 4 0.118753 0.206544 0.344573 0.138670 0.191459
2 4 0.114791 0.200363 0.341743 0.136946 0.206158
2 4 0.112580 0.197863 0.342643 0.136574 0.210340
2 4 0.117301 0.203371 0.343164 0.141119 0.195045
2 4 0.119758 0.206160 0.342739 0.142917 0.188426
2 4 0.116715 0.203127 0.342074 0.135746 0.202337
2 4 0.116372 0.204176 0.346881 0.141054 0.191516
2 4 0.122016 0.209403 0.341809 0.136954 0.189818
2 4 0.119340 0.206362 0.343012 0.139758 0.191527
2 4 0.121872 0.209506 0.345473 0.140432 0.182717
2 0 0.043724 0.158759 0.544127 0.175689 0.077700
2 1 0.063360 0.180579 0.514075 0.194493 0.047492
2 1 0.073675 0.203895 0.452504 0.196712 0.073214
2 1 0.075981 0.185778 0.406160 0.273605 0.058476
2 1 0.080823 0.197705 0.411672 0.258566 0.051234
2 1 0.049447 0.146508 0.422071 0.343463 0.038510
2 1 0.053410 0.153706 0.420827 0.331947 0.040110
2 1 0.048409 0.145378 0.423966 0.344717 0.037529
2 1 0.045725 0.140899 0.425870 0.351534 0.035972
2 1 0.046273 0.142508 0.426925 0.348458 0.035836
2 1 0.037563 0.129793 0.439269 0.364466 0.028909
2 2 0.041019 0.137250 0.442841 0.345870 0.033020
2 2 0.038174 0.130869 0.438676 0.362958 0.029323
2 2 0.040119 0.140020 0.465281 0.321448 0.033132
2 2 0.040509 0.146405 0.492451 0.282892 0.037742
3 2 0.020983 0.086933 0.421235 0.448921 0.021928
3 2 0.022815 0.093761 0.430469 0.431069 0.021887
3 2 0.023635 0.094800 0.429220 0.429809 0.022535
3 2 0.020333 0.083712 0.422516 0.453137 0.020302
3 2 0.019768 0.084398 0.426551 0.449666 0.019618
2 2 0.027645 0.107352 0.438403 0.402789 0.023810
2 2 0.026381 0.099093 0.437355 0.415686 0.021486
2 2 0.035510 0.120521 0.427126 0.385895 0.030949
2 2 0.035388 0.121009 0.429052 0.384156 0.030395
2 2 0.033976 0.118973 0.431562 0.386475 0.029014
2 2 0.098117 0.200053 0.381507 0.236331 0.083991
2 2 0.093444 0.195622 0.388094 0.231090 0.091750
2 2 0.096815 0.198102 0.382745 0.234902 0.087435
2 2 0.096488 0.201048 0.388239 0.228069 0.086156
2 2 0.084058 0.185943 0.399718 0.241180 0.089101
2 2 0.080992 0.180975 0.392836 0.269213 0.075985
2 2 0.097437 0.205224 0.389274 0.228100 0.079965
2 2 0.095640 0.204989 0.393565 0.230068 0.075737
2 2 0.092814 0.201972 0.394147 0.239746 0.071320
2 2 0.087428 0.195310 0.401107 0.237972 0.078183
2 2 0.073743 0.180746 0.405014 0.287270 0.053226
2 2 0.070877 0.177379 0.408081 0.292156 0.051506
2 2 0.067806 0.173201 0.413877 0.285764 0.059353
2 2 0.067863 0.198255 0.470367 0.189856 0.073659
2 2 0.062242 0.193666 0.488731 0.189364 0.065996
2 2 0.104330 0.190542 0.535273 0.124580 0.045275
2 2 0.124312 0.206711 0.502327 0.111077 0.055573
2 1 0.099166 0.174612 0.577703 0.103492 0.045027
2 1 0.096115 0.186840 0.542189 0.125338 0.049519
2 1 0.094466 0.158173 0.599058 0.106094 0.042209
2 1 0.050003 0.127274 0.542487 0.261128 0.019109
2 2 0.039715 0.116478 0.538491 0.281268 0.024048
2 2 0.038253 0.103439 0.541250 0.300911 0.016148
2 2 0.044480 0.122137 0.493292 0.323842 0.016250
2 2 0.043524 0.120865 0.523689 0.293932 0.017990
2 2 0.022781 0.072017 0.450274 0.444215 0.010713
2 2 0.030339 0.078947 0.464736 0.415929 0.010049
2 2 0.026491 0.072956 0.458811 0.432124 0.009617
2 2 0.026899 0.089052 0.451122 0.417846 0.015082
2 2 0.025154 0.075992 0.446692 0.439947 0.012215
3 2 0.022094 0.071617 0.442139 0.452328 0.011823
2 2 0.029633 0.078660 0.454791 0.425507 0.011408
2 2 0.025333 0.082676 0.456952 0.422617 0.012422
2 2 0.029054 0.076946 0.465829 0.418638 0.009532
2 2 0.030910 0.083846 0.457733 0.415311 0.012199
2 2 0.025979 0.081498 0.456802 0.423632 0.012090
2 2 0.030587 0.080818 0.458844 0.418456 0.011294
2 1 0.024219 0.074601 0.479670 0.410595 0.010916
2 2 0.030890 0.088057 0.471839 0.398166 0.011049
2 2 0.032125 0.090372 0.461700 0.402727 0.013076
2 2 0.024132 0.068746 0.459537 0.438938 0.008646
2 2 0.023749 0.066513 0.457559 0.443828 0.008352
3 2 0.020790 0.061042 0.450244 0.460008 0.007916
2 2 0.028368 0.071589 0.461860 0.429353 0.008830
2 2 0.023027 0.067536 0.456357 0.444312 0.008768
3 2 0.020740 0.082427 0.405955 0.466521 0.024356
3 2 0.019989 0.083352 0.416354 0.458469 0.021836
3 2 0.020417 0.086073 0.423019 0.449348 0.021144
3 2 0.021576 0.090391 0.428881 0.437978 0.021173
3 2 0.022692 0.092985 0.428757 0.433484 0.022081
3 2 0.019107 0.081142 0.425232 0.455815 0.018703
3 2 0.019302 0.072214 0.424443 0.468724 0.015317
3 2 0.022575 0.088527 0.432185 0.437212 0.019500
3 2 0.017179 0.075430 0.419686 0.469878 0.017827
2 2 0.024116 0.088577 0.434937 0.433684 0.018685
3 2 0.018467 0.076119 0.422773 0.465345 0.017296
3 2 0.016424 0.075253 0.418475 0.471744 0.018104
3 2 0.018059 0.075993 0.424118 0.464842 0.016988
3 2 0.015214 0.065955 0.412374 0.490995 0.015462
3 2 0.018701 0.075900 0.416343 0.470393 0.018662
2 2 0.064345 0.164620 0.405221 0.315236 0.050579
2 2 0.067129 0.171274 0.410212 0.300730 0.050655
2 2 0.071592 0.178928 0.410580 0.286733 0.052167
2 2 0.072843 0.181872 0.412576 0.280530 0.052179
2 2 0.067511 0.190371 0.452155 0.236717 0.053246
2 2 0.042806 0.135983 0.464911 0.325995 0.030305
2 2 0.040314 0.132782 0.493340 0.304263 0.029301
2 2 0.039876 0.130665 0.467395 0.337356 0.024709
2 2 0.031718 0.115079 0.457630 0.374344 0.021229
2 2 0.043951 0.129820 0.498535 0.305826 0.021868
2 2 0.044014 0.131008 0.518684 0.284956 0.021337
2 2 0.058483 0.147128 0.529880 0.241936 0.022573
2 2 0.048137 0.135462 0.527083 0.268691 0.020626
2 2 0.041833 0.123684 0.535914 0.277700 0.020869
2 2 0.048787 0.127485 0.495207 0.308437 0.020084
2 2 0.046667 0.108851 0.558113 0.272507 0.013862
2 2 0.047182 0.109088 0.536747 0.293141 0.013842
2 2 0.047506 0.112435 0.544065 0.282969 0.013025
2 2 0.046885 0.113572 0.559201 0.267123 0.013218
2 2 0.048525 0.109686 0.555838 0.273971 0.011980
2 2 0.045563 0.112479 0.554259 0.273907 0.013792
2 2 0.046959 0.111468 0.551894 0.276661 0.013018
2 2 0.049096 0.131114 0.546429 0.255132 0.018230
2 2 0.041070 0.114262 0.502729 0.325872 0.016067
2 2 0.048447 0.131846 0.469369 0.331292 0.019045
2 2 0.055627 0.101344 0.557378 0.276354 0.009296
2 2 0.059198 0.115486 0.580506 0.233596 0.011215
2 2 0.063345 0.116074 0.585608 0.222530 0.012444
2 2 0.068663 0.133750 0.539789 0.245294 0.012504
2 2 0.086464 0.129697 0.561647 0.210384 0.011808
2 2 0.075814 0.112022 0.609545 0.192081 0.010539
2 2 0.074382 0.112929 0.628314 0.174049 0.010325
2 2 0.107286 0.146100 0.564297 0.170475 0.011842
2 2 0.071597 0.119258 0.586284 0.213004 0.009858
2 2 0.079955 0.105810 0.605991 0.200626 0.007618
2 2 0.130907 0.144461 0.577578 0.134321 0.012733
2 2 0.097760 0.138080 0.611440 0.140468 0.012252
2 2 0.093391 0.129761 0.596348 0.169385 0.011115
2 2 0.083870 0.117423 0.643353 0.143818 0.011535
2 2 0.089451 0.201031 0.418032 0.244912 0.046573
2 2 0.089474 0.209355 0.420426 0.155812 0.124933
2 2 0.087863 0.210362 0.427056 0.155210 0.119508
2 2 0.085126 0.200932 0.421333 0.157824 0.134785
2 2 0.087745 0.207845 0.423735 0.155663 0.125012
2 2 0.087241 0.205598 0.421958 0.163709 0.121494
2 2 0.066333 0.146537 0.466411 0.288603 0.032117
2 2 0.062845 0.153891 0.470372 0.289169 0.023724
2 2 0.034747 0.103344 0.465129 0.381323 0.015458
2 2 0.049790 0.134347 0.478926 0.317104 0.019833
2 2 0.051046 0.131077 0.456871 0.339534 0.021472
2 2 0.044324 0.103765 0.510012 0.329263 0.012637
2 2 0.036366 0.099105 0.475525 0.376636 0.012368
2 2 0.050442 0.117084 0.544443 0.274948 0.013084
2 2 0.043821 0.106363 0.482089 0.355666 0.012060
2 2 0.068570 0.115017 0.506666 0.296456 0.013292
2 0 0.163555 0.182145 0.519968 0.094195 0.040137
2 1 0.153852 0.191425 0.527688 0.063943 0.063093
2 2 0.156283 0.167636 0.553286 0.079449 0.043346
2 2 0.161800 0.188463 0.542700 0.055322 0.051715
2 2 0.172899 0.172302 0.552634 0.050834 0.051330
2 2 0.105566 0.182548 0.558470 0.093309 0.060106
2 2 0.131523 0.177664 0.542080 0.093044 0.055689
2 2 0.098473 0.234439 0.430053 0.189425 0.047610
2 2 0.093932 0.229405 0.441050 0.180883 0.054730
2 2 0.105113 0.228633 0.415364 0.194722 0.056167
2 2 0.097393 0.198092 0.509131 0.121761 0.073623
2 2 0.098898 0.237662 0.431587 0.165644 0.066209
2 2 0.103346 0.237084 0.419811 0.172950 0.066809
2 2 0.077071 0.178443 0.394461 0.280563 0.069462
2 2 0.076588 0.188131 0.424190 0.233715 0.077376
2 2 0.104438 0.210327 0.383649 0.191979 0.109606
2 2 0.110593 0.221114 0.384001 0.188174 0.096118
2 2 0.105789 0.212797 0.384378 0.200018 0.097017
2 2 0.088188 0.193202 0.400613 0.216390 0.101607
2 2 0.088368 0.187488 0.389533 0.227301 0.107309
2 2 0.090665 0.190107 0.379683 0.265669 0.073876
2 2 0.078152 0.177045 0.392374 0.280195 0.072234
2 2 0.088198 0.194817 0.397172 0.241109 0.078704
2 2 0.107675 0.222457 0.395008 0.196732 0.078129
2 2 0.084992 0.226566 0.470486 0.149100 0.068856
2 2 0.108426 0.187648 0.576636 0.088045 0.039245
2 2 0.217301 0.180342 0.484794 0.057958 0.059606
2 2 0.130331 0.190759 0.531589 0.109589 0.037732
2 2 0.137843 0.198751 0.507114 0.119122 0.037170
2 2 0.164056 0.229179 0.464188 0.100153 0.042425
2 2 0.084462 0.176621 0.557763 0.142258 0.038896
2 2 0.094418 0.197558 0.547321 0.094932 0.065770
2 2 0.096579 0.225950 0.419065 0.186708 0.071699
2 2 0.069317 0.162238 0.388203 0.309492 0.070750
2 2 0.070053 0.162301 0.384318 0.315711 0.067617
2 2 0.160550 0.255832 0.338383 0.124497 0.120737
2 2 0.144413 0.241509 0.361403 0.167792 0.084883
2 2 0.182304 0.272121 0.352269 0.095894 0.097413
2 2 0.143462 0.209642 0.485001 0.064514 0.097381
2 2 0.141603 0.206388 0.497225 0.107714 0.047070
2 2 0.119235 0.183658 0.541816 0.136677 0.018614
2 2 0.067380 0.119464 0.610923 0.189842 0.012391
2 2 0.094562 0.150857 0.559425 0.180014 0.015142
2 2 0.110199 0.169342 0.550491 0.154373 0.015595
2 2 0.080826 0.117505 0.673784 0.116594 0.011291
2 0 0.167968 0.191491 0.528595 0.063338 0.048607
2 0 0.130615 0.232911 0.415671 0.089198 0.131606
2 0 0.098067 0.223131 0.414207 0.170029 0.094567
2 1 0.108737 0.231385 0.398590 0.177928 0.083361
2 1 0.104247 0.228165 0.406386 0.165752 0.095450
2 1 0.045885 0.153889 0.476990 0.284326 0.038910
2 1 0.042840 0.127718 0.535303 0.270592 0.023548
2 1 0.052909 0.136311 0.523153 0.268033 0.019594
2 1 0.056644 0.136757 0.569333 0.217285 0.019981
2 1 0.046460 0.121477 0.595534 0.215793 0.020736
2 1 0.085580 0.181068 0.542532 0.158900 0.031920
2 1 0.105193 0.195654 0.549448 0.115788 0.033916
2 0 0.116960 0.171407 0.535213 0.129550 0.046871
2 0 0.093525 0.222367 0.414397 0.218095 0.051617
2 0 0.064141 0.193057 0.482070 0.196426 0.064306
2 1 0.048814 0.147267 0.426137 0.340846 0.036936
2 1 0.049504 0.147340 0.423513 0.341607 0.038035
2 1 0.046166 0.140231 0.422560 0.353846 0.037196
2 1 0.046927 0.143945 0.427419 0.345659 0.036050
2 1 0.048490 0.144429 0.421695 0.347065 0.038321
2 1 0.114821 0.232043 0.420835 0.183385 0.048916
2 1 0.125627 0.237010 0.407983 0.173669 0.055711
2 0 0.128962 0.196333 0.509142 0.111134 0.054429
2 1 0.127484 0.158908 0.595381 0.087259 0.030969
2 1 0.095269 0.164705 0.593657 0.116691 0.029678
2 1 0.146560 0.178361 0.563448 0.094459 0.017172
2 1 0.111489 0.149910 0.620765 0.102608 0.015229
2 1 0.119628 0.151557 0.617206 0.097150 0.014459
2 2 0.119422 0.165316 0.596251 0.099937 0.019073
2 2 0.140489 0.174420 0.564930 0.103342 0.016819
2 2 0.082074 0.118338 0.609671 0.180080 0.009837
2 2 0.055841 0.100088 0.646060 0.187802 0.010209
2 2 0.048473 0.099728 0.513057 0.329673 0.009068
2 2 0.060818 0.108350 0.503861 0.317830 0.009141
2 2 0.072775 0.163444 0.502110 0.239205 0.022466
2 2 0.087655 0.200744 0.468070 0.195630 0.047902
2 2 0.066343 0.188258 0.446171 0.259150 0.040078
2 2 0.060317 0.152335 0.393891 0.340241 0.053216
2 2 0.059449 0.147295 0.386976 0.350041 0.056239
2 2 0.059019 0.146012 0.385862 0.352476 0.056631
2 4 0.112318 0.199170 0.347548 0.144722 0.196243
2 4 0.114784 0.201665 0.347063 0.146634 0.189854
2 4 0.117537 0.205495 0.347148 0.146276 0.183544
2 4 0.113272 0.198365 0.343110 0.141365 0.203888
2 4 0.116489 0.204481 0.347832 0.145939 0.185259
2 4 0.168862 0.247095 0.309893 0.112555 0.161596
2 4 0.177528 0.251307 0.318464 0.111691 0.141010
4 0 0.230695 0.234259 0.241913 0.030258 0.262874
2 0 0.316344 0.192780 0.356202 0.023076 0.111598
2 4 0.164460 0.240143 0.360868 0.074810 0.159720
2 4 0.111431 0.196862 0.342452 0.133550 0.215704
2 4 0.114260 0.200073 0.341679 0.133170 0.210818
2 4 0.111188 0.197331 0.343640 0.132911 0.214930
2 4 0.112435 0.198400 0.342095 0.130480 0.216589
2 4 0.114620 0.201660 0.342744 0.129817 0.211159
2 4 0.122700 0.204248 0.324936 0.114826 0.233290
2 4 0.118150 0.201683 0.330864 0.116029 0.233274
2 4 0.119584 0.201781 0.328514 0.118019 0.232101
2 4 0.119371 0.202818 0.330523 0.117794 0.229494
2 4 0.110007 0.196053 0.339295 0.114378 0.240267
2 4 0.132805 0.215456 0.322113 0.111711 0.217916
2 4 0.131692 0.214319 0.324021 0.115753 0.214215
2 4 0.144023 0.221331 0.312212 0.097696 0.224737
2 0 0.164163 0.249329 0.305740 0.064400 0.216368
2 1 0.145831 0.232490 0.323624 0.110257 0.187798
2 4 0.137192 0.218651 0.317766 0.107509 0.218881
2 4 0.132338 0.210798 0.316605 0.110094 0.230166
2 4 0.122980 0.202051 0.316539 0.095499 0.262932
2 4 0.129710 0.208403 0.316568 0.109391 0.235927
2 4 0.128592 0.206716 0.315012 0.105611 0.244069
2 4 0.116591 0.198995 0.332378 0.125219 0.226818
2 4 0.120233 0.203531 0.333838 0.129163 0.213235
2 4 0.117951 0.200756 0.333118 0.126820 0.221355
2 4 0.119168 0.201759 0.332850 0.128232 0.217992
2 4 0.120418 0.203635 0.332964 0.126345 0.216638
2 4 0.118577 0.202396 0.335914 0.131023 0.212090
2 4 0.115607 0.199837 0.338968 0.134900 0.210688
2 4 0.117898 0.203304 0.340472 0.136442 0.201884
2 4 0.118738 0.202130 0.335363 0.132287 0.211482
2 4 0.116728 0.200601 0.335559 0.126929 0.220182
2 4 0.128077 0.202168 0.300685 0.081162 0.287908
