0 0 0.842368 0.067036 0.073940 0.013667 0.002988
0 0 0.794499 0.083399 0.096984 0.019391 0.005728
0 0 0.812022 0.077559 0.088580 0.017242 0.004597
0 0 0.808550 0.078729 0.090249 0.017664 0.004809
0 0 0.808532 0.078735 0.090257 0.017666 0.004810
0 0 0.446552 0.138529 0.301011 0.076116 0.037793
0 0 0.800167 0.081528 0.094270 0.018690 0.005345
0 0 0.743031 0.099595 0.121352 0.026005 0.010018
0 0 0.662546 0.122095 0.158093 0.037080 0.020185
0 0 0.652950 0.135694 0.171001 0.029628 0.010727
0 0 0.557402 0.153472 0.195088 0.048410 0.045628
0 1 0.475541 0.180997 0.222137 0.043771 0.077554
0 1 0.457386 0.189943 0.266933 0.050748 0.034990
0 1 0.316348 0.234838 0.308314 0.048684 0.091816
2 1 0.274547 0.239441 0.337740 0.055785 0.092487
2 1 0.128403 0.215798 0.377995 0.054658 0.223147
2 1 0.137261 0.228597 0.346832 0.053899 0.233411
2 1 0.147289 0.229843 0.345717 0.055090 0.222061
0 1 0.317138 0.189928 0.248382 0.057974 0.186578
2 1 0.139723 0.234243 0.302312 0.041398 0.282324
2 1 0.048387 0.141444 0.451717 0.102229 0.256222
2 1 0.049879 0.136939 0.457792 0.075743 0.279647
2 1 0.037910 0.127887 0.390736 0.088572 0.354895
2 1 0.040929 0.131083 0.437188 0.116159 0.274641
2 1 0.035139 0.118672 0.451077 0.114397 0.280715
4 1 0.113817 0.208339 0.260747 0.037682 0.379414
4 1 0.114641 0.197952 0.249320 0.038494 0.399593
2 1 0.228374 0.180748 0.270516 0.057791 0.262570
4 1 0.093636 0.184782 0.204365 0.025527 0.491690
4 1 0.094814 0.194251 0.255242 0.036732 0.418961
4 1 0.106038 0.199418 0.289736 0.045816 0.358992
4 1 0.137818 0.188808 0.203667 0.027921 0.441786
4 1 0.084440 0.166765 0.253721 0.037153 0.457921
4 1 0.127692 0.210182 0.272788 0.042936 0.346403
2 1 0.212829 0.182397 0.270602 0.111677 0.222495
2 1 0.046108 0.129497 0.431946 0.112243 0.280206
2 1 0.044041 0.126363 0.447206 0.115785 0.266605
2 1 0.040983 0.140207 0.404233 0.101668 0.312909
2 1 0.051294 0.135936 0.480563 0.131164 0.201044
2 1 0.046043 0.144293 0.376097 0.090900 0.342667
2 2 0.032050 0.104279 0.503521 0.189053 0.171097
2 2 0.032107 0.098999 0.519112 0.185097 0.164685
2 2 0.039099 0.114155 0.488581 0.174220 0.183944
2 2 0.028433 0.103269 0.416453 0.122643 0.329201
2 2 0.030158 0.103648 0.470717 0.155403 0.240074
2 2 0.028121 0.099275 0.440522 0.148044 0.284037
2 2 0.030557 0.102583 0.469860 0.156395 0.240605
2 3 0.026653 0.092426 0.464665 0.146813 0.269444
2 3 0.032855 0.107328 0.474457 0.158265 0.227095
2 3 0.024665 0.087746 0.489904 0.157514 0.240172
2 3 0.051198 0.137721 0.444429 0.149769 0.216883
2 3 0.034883 0.106330 0.469533 0.150355 0.238899
2 3 0.033211 0.114502 0.401015 0.102188 0.349084
2 3 0.041260 0.120210 0.466198 0.132772 0.239560
2 3 0.044653 0.118976 0.484805 0.148915 0.202650
2 3 0.034034 0.115706 0.439069 0.155394 0.255796
2 3 0.039204 0.120758 0.469972 0.185616 0.184451
2 3 0.044067 0.123700 0.498315 0.162270 0.171649
2 3 0.035209 0.105896 0.471409 0.148407 0.239079
2 3 0.034080 0.108304 0.451195 0.144113 0.262307
2 3 0.032485 0.101498 0.458909 0.166451 0.240658
2 3 0.035312 0.113025 0.454521 0.149591 0.247551
2 3 0.028930 0.096031 0.465722 0.154890 0.254428
2 3 0.033158 0.103929 0.467139 0.162327 0.233448
2 3 0.029787 0.094803 0.476828 0.175467 0.223116
2 3 0.022645 0.074259 0.536955 0.202858 0.163283
2 3 0.023807 0.082196 0.511339 0.207578 0.175080
2 3 0.021223 0.077614 0.533293 0.185076 0.182794
2 3 0.023556 0.078644 0.491398 0.187981 0.218421
2 3 0.019094 0.071128 0.502770 0.217964 0.189045
2 3 0.033082 0.103774 0.448368 0.135039 0.279736
2 3 0.033225 0.102158 0.476925 0.162832 0.224860
2 3 0.030668 0.107091 0.449271 0.135410 0.277559
2 3 0.033142 0.101184 0.473090 0.158415 0.234168
2 3 0.028662 0.093154 0.463152 0.160845 0.254187
2 3 0.024299 0.080191 0.503776 0.200709 0.191025
2 3 0.022486 0.077185 0.498934 0.194703 0.206692
2 3 0.028201 0.087545 0.489194 0.200457 0.194603
2 3 0.019847 0.069846 0.546690 0.206420 0.157197
2 3 0.026967 0.089610 0.463566 0.189556 0.230301
2 3 0.041243 0.115869 0.416542 0.118620 0.307726
2 3 0.037215 0.110528 0.425967 0.121696 0.304594
2 3 0.046121 0.132741 0.391968 0.136333 0.292837
2 3 0.031651 0.099873 0.469154 0.176304 0.223018
2 3 0.036156 0.106698 0.489734 0.189016 0.178397
2 3 0.257979 0.208535 0.262370 0.048550 0.222566
4 3 0.205969 0.191874 0.230064 0.041731 0.330363
0 3 0.413876 0.191655 0.199575 0.032500 0.162394
0 3 0.527635 0.157964 0.207281 0.049179 0.057941
0 3 0.387528 0.203337 0.245665 0.044139 0.119330
2 3 0.205075 0.244451 0.333805 0.052330 0.164339
2 3 0.200374 0.234870 0.302219 0.046896 0.215640
0 3 0.405012 0.191527 0.216039 0.046074 0.141348
2 3 0.268322 0.234362 0.276747 0.040500 0.180069
2 3 0.205973 0.239591 0.408643 0.060770 0.085022
2 3 0.060586 0.130950 0.638890 0.120687 0.048887
2 3 0.101409 0.183340 0.539905 0.109435 0.065912
2 3 0.101358 0.185667 0.524655 0.086758 0.101563
2 3 0.101649 0.178903 0.525216 0.106603 0.087628
2 3 0.186475 0.190823 0.455398 0.099308 0.067996
2 3 0.183561 0.216166 0.343247 0.071381 0.185645
2 3 0.072124 0.159711 0.504230 0.108221 0.155715
2 2 0.070059 0.160902 0.470428 0.094991 0.203620
2 2 0.075705 0.181675 0.387231 0.089563 0.265826
2 2 0.095967 0.179208 0.427320 0.094702 0.202804
4 2 0.129589 0.193805 0.222277 0.031890 0.422438
2 2 0.186491 0.246251 0.360417 0.058884 0.147957
2 2 0.178013 0.222609 0.292850 0.048770 0.257758
0 2 0.389916 0.196954 0.209455 0.042065 0.161610
2 2 0.178487 0.228263 0.299039 0.047997 0.246214
2 2 0.055366 0.128806 0.523717 0.150399 0.141711
2 2 0.052781 0.136475 0.524330 0.140589 0.145825
2 2 0.057119 0.128165 0.557961 0.161644 0.095111
2 2 0.065730 0.154753 0.514959 0.168226 0.096332
2 2 0.055927 0.125213 0.557981 0.177238 0.083641
2 2 0.048178 0.110710 0.589110 0.192971 0.059031
2 2 0.065041 0.152902 0.461095 0.172489 0.148472
2 2 0.052554 0.127165 0.473849 0.140574 0.205858
2 2 0.047531 0.127477 0.422636 0.111348 0.291009
2 2 0.040162 0.119840 0.445426 0.148572 0.246000
2 2 0.047122 0.132299 0.430395 0.131083 0.259100
2 2 0.068832 0.159471 0.428964 0.155563 0.187170
2 2 0.059976 0.143086 0.476654 0.147758 0.172527
2 2 0.052613 0.129952 0.466886 0.120892 0.229658
2 2 0.051970 0.130359 0.466937 0.130500 0.220235
4 3 0.122447 0.205214 0.265882 0.042214 0.364243
2 3 0.144237 0.225196 0.310962 0.051143 0.268462
2 3 0.155994 0.230052 0.313355 0.050429 0.250170
3 3 0.115105 0.130634 0.310148 0.317218 0.126895
2 3 0.156797 0.239035 0.341177 0.055156 0.207836
2 3 0.041885 0.101286 0.530246 0.246128 0.080454
2 3 0.031152 0.090754 0.525005 0.208470 0.144619
2 3 0.042023 0.092143 0.545316 0.262293 0.058226
2 3 0.040015 0.102063 0.517132 0.226702 0.114087
2 3 0.039484 0.087327 0.558672 0.264235 0.050283
2 3 0.040644 0.093012 0.554292 0.259523 0.052530
2 3 0.037968 0.089497 0.552920 0.272133 0.047482
2 3 0.040573 0.094617 0.566436 0.262705 0.035669
2 3 0.030531 0.083539 0.576302 0.255221 0.054408
2 3 0.042287 0.092832 0.543006 0.279373 0.042501
2 3 0.192191 0.254761 0.386344 0.060647 0.106056
2 3 0.201887 0.253056 0.377975 0.059650 0.107432
0 3 0.273665 0.192122 0.254001 0.074631 0.205581
0 3 0.303512 0.217172 0.224619 0.031085 0.223612
2 3 0.206825 0.257566 0.368831 0.054659 0.112119
2 3 0.108244 0.190914 0.498456 0.085590 0.116796
2 3 0.118218 0.197898 0.467816 0.081302 0.134766
2 3 0.109564 0.190463 0.518263 0.101885 0.079825
0 3 0.330072 0.196026 0.274603 0.062290 0.137009
2 3 0.120067 0.201112 0.438709 0.077142 0.162970
2 3 0.045188 0.120713 0.498313 0.164830 0.170956
2 3 0.036178 0.113445 0.441855 0.137637 0.270884
2 3 0.050860 0.116390 0.529765 0.162660 0.140324
2 3 0.047305 0.122483 0.482958 0.124236 0.223018
2 3 0.058100 0.128150 0.522212 0.167514 0.124024
2 3 0.153716 0.227127 0.303397 0.048202 0.267558
4 3 0.137899 0.200556 0.252517 0.041147 0.367882
4 3 0.141090 0.206240 0.256563 0.040180 0.355926
4 3 0.169108 0.187654 0.199600 0.029025 0.414613
0 3 0.393098 0.192092 0.204374 0.034401 0.176035
2 3 0.074063 0.165785 0.522656 0.104771 0.132726
2 3 0.062821 0.151040 0.454430 0.094864 0.236844
2 3 0.062021 0.161644 0.366229 0.106149 0.303958
2 3 0.055805 0.137082 0.405934 0.110159 0.291019
2 3 0.058562 0.147058 0.409301 0.131761 0.253317
2 2 0.064471 0.164098 0.344176 0.101373 0.325883
4 2 0.068928 0.175508 0.317319 0.082315 0.355931
2 4 0.056392 0.153947 0.376318 0.109728 0.303614
4 4 0.067296 0.175489 0.310542 0.076911 0.369763
4 4 0.058741 0.171330 0.323024 0.082651 0.364253
2 4 0.055712 0.162540 0.367819 0.094352 0.319577
2 4 0.060184 0.158451 0.355542 0.086635 0.339188
2 4 0.044661 0.134920 0.410435 0.115622 0.294362
2 4 0.059649 0.149073 0.388279 0.108144 0.294855
2 4 0.058207 0.162392 0.381932 0.113014 0.284456
4 4 0.084683 0.184512 0.282096 0.045289 0.403420
4 4 0.096064 0.197257 0.303388 0.054569 0.348722
4 4 0.088709 0.176930 0.234334 0.034547 0.465479
4 4 0.062567 0.176866 0.268348 0.044476 0.447742
4 4 0.148855 0.211704 0.268320 0.042627 0.328494
4 4 0.106152 0.197152 0.244475 0.035947 0.416274
4 4 0.109227 0.197472 0.228010 0.030366 0.434926
4 4 0.102681 0.184639 0.211518 0.029009 0.472152
4 4 0.084031 0.174886 0.187891 0.022563 0.530629
4 4 0.130479 0.213921 0.258804 0.038892 0.357903
2 4 0.089586 0.190932 0.405264 0.105774 0.208444
4 4 0.061310 0.165276 0.293564 0.058018 0.421832
4 4 0.047699 0.156565 0.316728 0.074385 0.404623
4 4 0.049545 0.157676 0.288084 0.058857 0.445838
4 4 0.052516 0.153062 0.348677 0.085359 0.360385
4 4 0.070793 0.179960 0.308554 0.070864 0.369829
2 4 0.069175 0.161565 0.365374 0.078987 0.324899
4 4 0.045271 0.152878 0.341555 0.092565 0.367730
2 4 0.051882 0.150861 0.369065 0.097556 0.330636
2 4 0.094996 0.202146 0.365662 0.097798 0.239399
2 4 0.051764 0.141807 0.375284 0.102621 0.328524
2 2 0.049392 0.141366 0.383943 0.090645 0.334653
2 2 0.073124 0.160811 0.478705 0.135188 0.152171
2 2 0.052640 0.135650 0.406589 0.108083 0.297038
2 2 0.054752 0.138831 0.436227 0.126471 0.243720
0 2 0.325764 0.217267 0.298187 0.056240 0.102542
0 2 0.526245 0.167224 0.212427 0.043899 0.050206
0 2 0.743462 0.099465 0.121150 0.025948 0.009975
2 0 0.271108 0.124771 0.441550 0.116255 0.046317
0 0 0.748575 0.097918 0.118754 0.025273 0.009481
0 0 0.648919 0.115301 0.179820 0.040368 0.015592
0 0 0.631698 0.141335 0.161679 0.031020 0.034267
0 0 0.738111 0.102470 0.122796 0.025609 0.011014
0 0 0.683016 0.108438 0.160834 0.035146 0.012567
0 0 0.751971 0.102107 0.113797 0.021156 0.010969
0 0 0.492931 0.189373 0.231320 0.038926 0.047451
2 0 0.289493 0.243192 0.325865 0.049801 0.091649
0 0 0.301834 0.204774 0.208518 0.030308 0.254567
2 0 0.255972 0.251581 0.298213 0.039159 0.155075
2 0 0.190724 0.238286 0.273133 0.035400 0.262457
2 0 0.249910 0.238512 0.326042 0.053873 0.131663
0 0 0.273451 0.237954 0.267469 0.036129 0.184997
2 0 0.282122 0.241478 0.342054 0.054960 0.079387
2 0 0.223443 0.248274 0.356059 0.056807 0.115416
0 0 0.371734 0.197784 0.231451 0.075640 0.123390
2 0 0.059620 0.125052 0.585106 0.157695 0.072528
2 0 0.048110 0.120748 0.563969 0.137607 0.129566
2 1 0.070324 0.146290 0.535550 0.145388 0.102448
2 1 0.057306 0.123983 0.568754 0.138204 0.111753
2 1 0.057548 0.124648 0.573207 0.155033 0.089564
2 1 0.048396 0.114155 0.552365 0.173754 0.111330
2 2 0.052385 0.128516 0.540989 0.157580 0.120530
2 2 0.049881 0.108509 0.582399 0.195889 0.063321
2 2 0.045386 0.106162 0.569634 0.188609 0.090209
2 2 0.048205 0.112428 0.561746 0.192880 0.084740
2 2 0.023721 0.066862 0.577294 0.283830 0.048293
2 2 0.027772 0.072046 0.559809 0.281355 0.059018
2 2 0.034677 0.081554 0.560267 0.264586 0.058917
2 2 0.028016 0.072936 0.584456 0.266331 0.048262
2 2 0.026127 0.071019 0.579643 0.261842 0.061369
2 2 0.028451 0.075041 0.574834 0.259320 0.062356
2 2 0.031004 0.083326 0.570440 0.244936 0.070294
2 2 0.028879 0.072206 0.573768 0.269596 0.055552
2 2 0.029726 0.083028 0.541037 0.244002 0.102208
2 2 0.020452 0.069616 0.520953 0.257657 0.131322
2 2 0.034607 0.084022 0.543189 0.286650 0.051532
2 2 0.027127 0.071981 0.549464 0.301374 0.050054
2 2 0.030382 0.072508 0.540053 0.310824 0.046233
2 2 0.025379 0.066021 0.553756 0.302329 0.052515
2 2 0.033860 0.082064 0.559179 0.277962 0.046935
2 2 0.026886 0.067839 0.561894 0.292720 0.050660
2 2 0.028345 0.068043 0.584024 0.275949 0.043639
2 2 0.023544 0.064762 0.589113 0.276536 0.046044
2 3 0.021915 0.058701 0.588433 0.290224 0.040727
2 3 0.024030 0.064075 0.590686 0.276632 0.044577
2 3 0.041127 0.092087 0.512134 0.296932 0.057720
2 3 0.029269 0.070916 0.554113 0.299251 0.046450
2 3 0.031116 0.076291 0.548550 0.282862 0.061181
2 3 0.031714 0.074506 0.572630 0.274525 0.046625
2 3 0.028321 0.071368 0.566794 0.276679 0.056838
2 3 0.021410 0.057857 0.557757 0.320612 0.042364
2 3 0.017313 0.053074 0.593603 0.294055 0.041955
2 3 0.022519 0.064168 0.544551 0.306293 0.062469
2 3 0.020719 0.056087 0.565138 0.316099 0.041958
2 3 0.023285 0.060860 0.580952 0.300067 0.034836
2 3 0.017047 0.050446 0.563708 0.325098 0.043701
2 3 0.022525 0.061950 0.562181 0.299587 0.053757
2 3 0.020757 0.059844 0.556886 0.325756 0.036757
2 3 0.019581 0.055247 0.581325 0.307184 0.036663
2 3 0.021900 0.060184 0.577110 0.301094 0.039713
2 3 0.025732 0.070087 0.572234 0.264819 0.067128
2 3 0.030569 0.074591 0.548967 0.288326 0.057547
2 3 0.030492 0.076005 0.580173 0.263957 0.049373
2 3 0.029215 0.076160 0.583579 0.271116 0.039929
2 3 0.028574 0.076237 0.555470 0.261563 0.078156
2 3 0.032068 0.078385 0.565284 0.268530 0.055733
2 3 0.029118 0.076377 0.555332 0.258834 0.080339
2 3 0.026700 0.070038 0.579517 0.272005 0.051740
2 3 0.030646 0.076138 0.568434 0.272003 0.052779
2 3 0.030307 0.081432 0.544513 0.253931 0.089818
2 3 0.071740 0.141411 0.540479 0.134723 0.111647
2 3 0.081796 0.153086 0.530456 0.143328 0.091334
2 3 0.081580 0.153693 0.518841 0.129815 0.116072
2 3 0.067202 0.141777 0.524029 0.143855 0.123138
2 3 0.133209 0.147373 0.358949 0.139205 0.221264
2 3 0.042505 0.097837 0.564770 0.221712 0.073177
2 3 0.033074 0.090318 0.520376 0.180042 0.176190
2 3 0.030610 0.089156 0.502256 0.211161 0.166818
2 3 0.027870 0.081993 0.491180 0.193076 0.205881
2 3 0.032922 0.091984 0.475201 0.191897 0.207996
2 3 0.019349 0.066707 0.500924 0.219555 0.193464
2 3 0.022916 0.074950 0.491530 0.236771 0.173834
2 3 0.024402 0.074889 0.520360 0.235605 0.144745
2 3 0.023511 0.076163 0.493832 0.221882 0.184611
2 3 0.020304 0.066804 0.503916 0.239277 0.169698
2 3 0.026679 0.075114 0.530732 0.259189 0.108286
2 3 0.020858 0.065099 0.523242 0.249642 0.141159
2 3 0.020602 0.064381 0.537209 0.260755 0.117052
2 3 0.022512 0.067439 0.527415 0.252873 0.129761
2 3 0.019737 0.065537 0.508432 0.232381 0.173913
2 3 0.031082 0.088410 0.477446 0.183735 0.219328
2 3 0.027509 0.081944 0.512522 0.200701 0.177325
2 3 0.028935 0.083335 0.475403 0.193128 0.219199
2 3 0.026135 0.078699 0.493296 0.229078 0.172791
2 3 0.021818 0.071142 0.512025 0.189183 0.205833
2 3 0.024168 0.076175 0.520892 0.183504 0.195261
2 3 0.030070 0.084042 0.492934 0.197058 0.195897
2 3 0.026731 0.079582 0.504661 0.173151 0.215875
2 3 0.027985 0.082061 0.491421 0.199894 0.198638
2 3 0.034365 0.094800 0.470477 0.184587 0.215772
2 3 0.021337 0.071241 0.489322 0.237273 0.180829
2 3 0.021751 0.068342 0.506166 0.244461 0.159280
2 3 0.020371 0.063563 0.515989 0.262417 0.137661
2 3 0.027639 0.078333 0.514218 0.236747 0.143064
2 3 0.022531 0.070321 0.496963 0.245537 0.164647
2 3 0.128609 0.195324 0.328427 0.061848 0.285792
2 3 0.102081 0.174782 0.343514 0.066554 0.313068
2 3 0.090425 0.167713 0.346775 0.064826 0.330261
4 3 0.187901 0.189363 0.270106 0.051260 0.301370
2 3 0.202746 0.220053 0.300866 0.055078 0.221257
0 3 0.350335 0.194698 0.253149 0.059132 0.142687
2 3 0.206825 0.246009 0.332732 0.050271 0.164162
2 3 0.166354 0.219735 0.294638 0.048151 0.271122
2 2 0.149130 0.216591 0.373823 0.062449 0.198007
2 2 0.178929 0.245221 0.344104 0.054050 0.177697
2 2 0.057819 0.125426 0.545395 0.137212 0.134148
2 2 0.067024 0.140548 0.505768 0.146465 0.140195
2 2 0.069770 0.145026 0.500335 0.140587 0.144282
2 2 0.064567 0.141417 0.477189 0.148198 0.168629
2 2 0.068981 0.136259 0.531457 0.161001 0.102302
2 2 0.063760 0.134195 0.522446 0.158365 0.121233
2 2 0.057087 0.131484 0.526304 0.134805 0.150320
2 2 0.052202 0.127666 0.449540 0.152909 0.217684
2 2 0.061423 0.139147 0.465023 0.164742 0.169665
2 2 0.052403 0.126064 0.461093 0.167048 0.193392
4 4 0.085196 0.168183 0.258463 0.048630 0.439527
4 4 0.062830 0.155677 0.331807 0.071673 0.378012
4 4 0.073224 0.155190 0.323637 0.061982 0.385967
2 4 0.089015 0.178711 0.347762 0.089963 0.294549
4 4 0.073192 0.163642 0.323730 0.077275 0.362162
4 4 0.065995 0.146146 0.308680 0.064570 0.414609
4 4 0.054273 0.135453 0.352290 0.075628 0.382356
4 4 0.063794 0.140338 0.352961 0.084127 0.358779
2 4 0.061329 0.146610 0.395559 0.100511 0.295991
4 4 0.046416 0.135024 0.363760 0.087003 0.367796
4 4 0.095164 0.195407 0.311864 0.060891 0.336675
4 4 0.094059 0.188129 0.224479 0.033760 0.459574
4 4 0.095853 0.179613 0.293043 0.048797 0.382695
4 4 0.076669 0.157129 0.173279 0.027451 0.565471
4 4 0.105036 0.206084 0.285017 0.051395 0.352469
2 4 0.060454 0.160307 0.397940 0.100983 0.280316
4 4 0.062556 0.146736 0.342919 0.069991 0.377798
2 4 0.067548 0.153026 0.355442 0.072964 0.351019
4 4 0.045660 0.127687 0.328982 0.056928 0.440743
4 4 0.058271 0.168556 0.329660 0.061806 0.381706
2 4 0.060118 0.163631 0.379856 0.101804 0.294590
2 4 0.049256 0.141250 0.393281 0.095706 0.320506
2 4 0.071439 0.172732 0.416245 0.109130 0.230455
2 4 0.067568 0.163362 0.418131 0.118832 0.232107
2 4 0.042758 0.129632 0.385612 0.097280 0.344717
2 4 0.049464 0.150611 0.372816 0.097233 0.329876
2 4 0.078037 0.182918 0.386547 0.105791 0.246708
2 4 0.065409 0.148904 0.453630 0.155555 0.176502
2 4 0.054788 0.143619 0.408737 0.123216 0.269639
2 4 0.050814 0.144538 0.384256 0.112414 0.307979
2 4 0.056152 0.146486 0.387055 0.101522 0.308785
2 4 0.059980 0.149672 0.400403 0.111932 0.278013
2 4 0.067370 0.145431 0.459871 0.144551 0.182776
2 4 0.046158 0.136221 0.401945 0.118396 0.297278
2 4 0.103085 0.182467 0.442417 0.131746 0.140285
2 2 0.051956 0.119833 0.490187 0.189310 0.148713
2 2 0.052532 0.123534 0.479617 0.177869 0.166448
2 2 0.046472 0.123571 0.460229 0.174231 0.195497
2 2 0.056488 0.137730 0.464000 0.194437 0.147345
2 2 0.053112 0.130470 0.440441 0.149149 0.226829
2 2 0.049673 0.126023 0.449851 0.152635 0.221818
2 2 0.050514 0.120531 0.489358 0.179676 0.159921
2 2 0.050096 0.133591 0.458548 0.170767 0.186998
2 2 0.039665 0.115032 0.437624 0.170681 0.236998
2 2 0.053970 0.121963 0.487595 0.168669 0.167802
2 2 0.066565 0.148359 0.396997 0.081829 0.306250
2 2 0.080092 0.152570 0.434620 0.087223 0.245494
2 2 0.077725 0.162974 0.433894 0.098827 0.226581
2 2 0.062756 0.140829 0.396112 0.087894 0.312409
2 2 0.215888 0.157573 0.365797 0.132396 0.128346
0 2 0.431832 0.188671 0.201891 0.034372 0.143234
4 2 0.106759 0.186573 0.218214 0.030889 0.457564
4 2 0.131339 0.207166 0.272559 0.044897 0.344039
2 2 0.146922 0.225762 0.306587 0.049467 0.271263
4 2 0.130611 0.217523 0.295088 0.047885 0.308894
2 2 0.051050 0.112196 0.511527 0.209860 0.115367
2 2 0.054041 0.121209 0.489265 0.228397 0.107089
2 2 0.047153 0.100729 0.536408 0.237592 0.078118
2 2 0.046904 0.105735 0.517116 0.235507 0.094738
2 2 0.066545 0.122454 0.489807 0.241767 0.079428
2 2 0.150533 0.220141 0.380348 0.066317 0.182661
0 2 0.326657 0.193423 0.200958 0.032447 0.246514
4 2 0.095619 0.178412 0.305924 0.051916 0.368130
2 2 0.124278 0.190124 0.337479 0.059693 0.288427
2 2 0.115502 0.185163 0.369642 0.068055 0.261638
2 2 0.060226 0.114261 0.544691 0.160094 0.120728
2 2 0.049141 0.111708 0.510799 0.207717 0.120635
2 2 0.040271 0.111295 0.470218 0.146410 0.231806
2 2 0.050213 0.103117 0.571662 0.188257 0.086751
2 2 0.046394 0.105084 0.548756 0.198613 0.101153
2 2 0.083537 0.141692 0.500798 0.151015 0.122958
2 2 0.067575 0.134600 0.505988 0.156506 0.135332
2 2 0.084683 0.161130 0.467078 0.151994 0.135115
2 2 0.079142 0.144644 0.518132 0.153852 0.104230
2 2 0.069585 0.140974 0.498097 0.147592 0.143751
2 2 0.184787 0.237807 0.334379 0.055537 0.187491
4 0 0.235463 0.204662 0.215503 0.036263 0.308109
4 2 0.169196 0.235109 0.267657 0.033767 0.294271
2 2 0.153212 0.227307 0.310884 0.050817 0.257780
2 2 0.166897 0.229222 0.314683 0.052343 0.236856
2 2 0.057371 0.134769 0.469972 0.131108 0.206780
2 2 0.069723 0.140129 0.496455 0.145705 0.147988
2 2 0.070606 0.154640 0.458628 0.178727 0.137400
2 2 0.066499 0.130596 0.515751 0.167201 0.119953
2 2 0.063756 0.133470 0.501244 0.141609 0.159921
2 2 0.112943 0.188902 0.426003 0.080513 0.191640
2 2 0.114380 0.194118 0.344749 0.062144 0.284608
2 2 0.146238 0.208538 0.371276 0.068526 0.205422
2 2 0.120265 0.197014 0.433669 0.080353 0.168699
0 2 0.326800 0.188857 0.250881 0.083869 0.149592
2 2 0.210055 0.231460 0.277145 0.039809 0.241530
2 2 0.083510 0.169203 0.512394 0.089176 0.145717
2 2 0.117864 0.200302 0.403657 0.068561 0.209615
2 2 0.117231 0.180100 0.524709 0.100323 0.077638
2 2 0.138631 0.210734 0.439382 0.083228 0.128025
2 2 0.057358 0.116325 0.579516 0.194380 0.052420
2 2 0.051142 0.109211 0.580673 0.205234 0.053740
2 2 0.053400 0.113169 0.561757 0.211781 0.059893
2 2 0.058761 0.115661 0.581243 0.186053 0.058282
2 2 0.058320 0.113196 0.607909 0.168610 0.051965
0 2 0.338899 0.222567 0.328125 0.058324 0.052086
0 2 0.646313 0.137729 0.155648 0.029319 0.030991
0 0 0.429083 0.219137 0.249319 0.034424 0.068037
0 0 0.520841 0.184758 0.200045 0.030911 0.063446
0 0 0.627545 0.140695 0.172134 0.034211 0.025415
0 0 0.493753 0.179715 0.192761 0.033060 0.100711
0 0 0.531991 0.174671 0.180103 0.029071 0.084163
0 0 0.593868 0.139913 0.186429 0.045540 0.034250
2 0 0.229578 0.252046 0.361794 0.055812 0.100770
0 0 0.414891 0.211736 0.254962 0.040644 0.077768
2 0 0.091592 0.156518 0.530542 0.144398 0.076951
2 0 0.099604 0.174927 0.483782 0.104756 0.136931
2 0 0.080939 0.148609 0.561527 0.146369 0.062556
2 1 0.079114 0.148956 0.541640 0.134605 0.095685
2 2 0.085858 0.155407 0.538347 0.136656 0.083732
2 2 0.048369 0.104878 0.576880 0.198792 0.071081
2 2 0.041646 0.095734 0.585049 0.222266 0.055305
2 2 0.045248 0.100728 0.594719 0.207430 0.051876
2 2 0.063311 0.121587 0.542417 0.212715 0.059971
2 2 0.053916 0.112540 0.572787 0.212954 0.047803
2 2 0.033027 0.081216 0.573541 0.265295 0.046921
2 2 0.032720 0.080951 0.579042 0.264558 0.042729
2 2 0.033526 0.079764 0.592700 0.251655 0.042355
2 2 0.033857 0.083970 0.581771 0.259628 0.040774
2 2 0.036830 0.088304 0.584133 0.247068 0.043665
2 2 0.102345 0.173865 0.512292 0.106529 0.104968
2 2 0.227210 0.216850 0.356110 0.098709 0.101122
2 2 0.172241 0.239064 0.416757 0.074500 0.097437
2 2 0.115850 0.186957 0.525769 0.096291 0.075132
2 2 0.101395 0.166122 0.555582 0.115327 0.061574
2 2 0.054029 0.115012 0.571533 0.209415 0.050011
2 2 0.049301 0.107617 0.598604 0.200317 0.044161
2 2 0.055892 0.118548 0.571485 0.207516 0.046559
2 2 0.050788 0.111906 0.578816 0.212341 0.046149
2 2 0.057118 0.116274 0.556616 0.220209 0.049784
2 2 0.053616 0.111344 0.562515 0.228155 0.044369
2 2 0.050369 0.106146 0.598796 0.205157 0.039533
2 2 0.043558 0.095707 0.611309 0.209096 0.040330
2 2 0.053720 0.111046 0.556735 0.223855 0.054644
2 2 0.046038 0.102126 0.607407 0.198470 0.045958
2 2 0.240461 0.247718 0.392043 0.063323 0.056455
0 2 0.539640 0.169632 0.184281 0.032348 0.074098
0 0 0.644056 0.140115 0.154739 0.028088 0.033002
0 0 0.558506 0.168482 0.174252 0.028311 0.070448
0 0 0.525118 0.177849 0.220995 0.038725 0.037313
2 0 0.240347 0.238850 0.299323 0.045193 0.176287
4 0 0.174899 0.210940 0.230990 0.031473 0.351698
2 0 0.214678 0.233919 0.267376 0.036377 0.247649
2 0 0.224193 0.251485 0.349554 0.053169 0.121599
2 0 0.180061 0.247920 0.341222 0.051682 0.179114
2 4 0.162021 0.237733 0.343939 0.052819 0.203488
2 4 0.157218 0.230010 0.370604 0.062105 0.180062
2 4 0.169766 0.236333 0.352949 0.058013 0.182939
2 4 0.152715 0.218624 0.306486 0.047782 0.274394
2 4 0.141787 0.212859 0.418142 0.067788 0.159425
2 4 0.172683 0.230345 0.388536 0.066387 0.142049
4 4 0.151202 0.227293 0.287666 0.042270 0.291569
2 4 0.155267 0.227348 0.312940 0.051759 0.252686
2 4 0.136050 0.205157 0.335083 0.058732 0.264978
2 4 0.114108 0.192531 0.324565 0.056466 0.312331
2 4 0.128337 0.219438 0.307372 0.051232 0.293621
4 4 0.087528 0.178840 0.196479 0.024358 0.512795
4 4 0.116329 0.185266 0.215514 0.031702 0.451189
4 4 0.118657 0.193788 0.252843 0.039270 0.395442
4 4 0.118794 0.190478 0.229352 0.034889 0.426487
4 4 0.119754 0.196898 0.247781 0.039061 0.396506
4 4 0.132427 0.175013 0.184286 0.025765 0.482508
4 4 0.118280 0.181441 0.206744 0.030252 0.463282
4 4 0.154006 0.175012 0.198542 0.033031 0.439408
4 4 0.131216 0.176013 0.196575 0.029884 0.466312
4 4 0.114985 0.156857 0.156262 0.020889 0.551006
4 4 0.142259 0.152499 0.150985 0.022314 0.531943
4 4 0.123168 0.154117 0.147896 0.019435 0.555384
4 4 0.109760 0.164400 0.158575 0.018924 0.548340
4 4 0.116415 0.179470 0.201887 0.029077 0.473152
2 4 0.050591 0.147480 0.377739 0.096655 0.327536
2 4 0.046462 0.135426 0.395052 0.107133 0.315928
2 4 0.041108 0.125233 0.433325 0.134871 0.265463
2 4 0.040500 0.124803 0.424607 0.129585 0.280505
2 4 0.049491 0.141297 0.408961 0.109207 0.291044
4 4 0.145705 0.208022 0.264977 0.042902 0.338395
4 4 0.141273 0.226442 0.269092 0.035560 0.327633
4 4 0.107037 0.202815 0.294490 0.050030 0.345629
4 4 0.098963 0.186889 0.278137 0.044031 0.391980
4 4 0.095716 0.187648 0.299577 0.051205 0.365854
2 4 0.059867 0.146481 0.370344 0.073438 0.349871
2 4 0.057960 0.137128 0.366252 0.074356 0.364305
4 4 0.045716 0.128743 0.313126 0.070107 0.442308
4 4 0.044458 0.147814 0.324403 0.085244 0.398082
2 4 0.079029 0.181865 0.334324 0.090372 0.314409
4 4 0.085160 0.169024 0.266219 0.049547 0.430049
4 4 0.124939 0.182910 0.246047 0.040912 0.405191
4 4 0.088079 0.199614 0.280917 0.057357 0.374032
4 4 0.092486 0.190389 0.286343 0.047543 0.383239
4 4 0.136034 0.217393 0.271107 0.040520 0.334947
2 4 0.155402 0.196468 0.382806 0.096487 0.168838
2 4 0.080278 0.162173 0.383776 0.079709 0.294064
2 4 0.058862 0.178230 0.346915 0.080484 0.335509
2 4 0.072463 0.191078 0.411051 0.084102 0.241306
2 4 0.086684 0.198816 0.442425 0.112628 0.159448
4 4 0.090566 0.206351 0.308413 0.040625 0.354046
2 4 0.103540 0.210864 0.367276 0.056241 0.262079
2 4 0.130975 0.230248 0.315132 0.046829 0.276815
2 4 0.118076 0.213698 0.315066 0.048851 0.304308
2 4 0.116453 0.209024 0.451210 0.072782 0.150531
2 4 0.064765 0.180704 0.434302 0.096134 0.224094
2 4 0.073661 0.173323 0.457969 0.125338 0.169710
2 4 0.086539 0.181173 0.472252 0.121154 0.138882
2 4 0.092772 0.183694 0.460242 0.114467 0.148825
2 4 0.080066 0.160670 0.501721 0.127210 0.130333
0 4 0.260762 0.190273 0.247102 0.056133 0.245729
4 4 0.166872 0.209107 0.222902 0.028986 0.372133
2 4 0.140266 0.228289 0.304178 0.046524 0.280744
2 4 0.151107 0.218355 0.311150 0.053390 0.265998
2 4 0.157241 0.232205 0.332980 0.055780 0.221793
2 4 0.171934 0.247776 0.340176 0.050973 0.189142
4 4 0.108268 0.201972 0.255182 0.037921 0.396657
4 4 0.121077 0.225676 0.301259 0.044598 0.307389
0 4 0.343208 0.197331 0.213327 0.035639 0.210495
2 4 0.270749 0.256194 0.312108 0.040631 0.120318
2 4 0.053988 0.118987 0.551059 0.174963 0.101003
2 4 0.056155 0.121460 0.553830 0.169617 0.098938
2 4 0.048704 0.103700 0.603733 0.185743 0.058120
2 4 0.043817 0.094183 0.628740 0.167172 0.066088
2 4 0.048530 0.101164 0.627513 0.164664 0.058129
2 2 0.046653 0.101627 0.567276 0.236632 0.047812
2 2 0.053358 0.107581 0.588887 0.200014 0.050160
2 2 0.044158 0.096265 0.553898 0.236746 0.068934
2 2 0.056851 0.113318 0.531661 0.232009 0.066161
2 2 0.041057 0.093250 0.589454 0.207249 0.068990
2 2 0.095905 0.159861 0.538610 0.130941 0.074684
2 2 0.107747 0.180115 0.500595 0.128696 0.082848
2 2 0.092079 0.148206 0.543274 0.124644 0.091797
2 2 0.093909 0.157656 0.541725 0.130950 0.075761
2 2 0.156578 0.166753 0.377208 0.091010 0.208451
4 2 0.264171 0.196826 0.212783 0.034421 0.291800
2 2 0.197993 0.218398 0.281193 0.047936 0.254481
2 2 0.204483 0.232993 0.305667 0.049293 0.207563
4 2 0.246060 0.186199 0.189894 0.029375 0.348472
0 2 0.436418 0.195240 0.177924 0.023454 0.166963
4 2 0.149633 0.222193 0.267403 0.031835 0.328937
2 2 0.138423 0.199295 0.379924 0.086837 0.195520
2 2 0.102831 0.179019 0.448775 0.082917 0.186458
2 2 0.138537 0.212861 0.456915 0.085735 0.105952
2 2 0.123034 0.186356 0.438893 0.082757 0.168959
2 2 0.062041 0.118660 0.537484 0.207322 0.074493
2 2 0.056039 0.113778 0.566890 0.177713 0.085579
2 2 0.060835 0.115066 0.570950 0.190222 0.062927
2 2 0.050594 0.110265 0.575321 0.185823 0.077997
2 2 0.059410 0.113711 0.599529 0.167227 0.060123
2 2 0.048397 0.111025 0.582564 0.205634 0.052380
2 2 0.048992 0.098089 0.608683 0.192181 0.052055
2 2 0.044686 0.092375 0.593535 0.214903 0.054501
2 2 0.047778 0.097594 0.597679 0.211136 0.045814
2 2 0.050506 0.103139 0.583623 0.206227 0.056506
2 2 0.027355 0.066521 0.625979 0.244012 0.036132
2 2 0.042740 0.090861 0.568662 0.245900 0.051836
2 2 0.034500 0.073345 0.618089 0.234437 0.039629
2 2 0.041939 0.088390 0.583650 0.242459 0.043562
2 2 0.036782 0.077812 0.601521 0.249036 0.034850
2 2 0.039187 0.086034 0.585820 0.250061 0.038898
2 2 0.044650 0.095599 0.593972 0.224114 0.041664
2 2 0.035385 0.078642 0.615030 0.229543 0.041400
2 2 0.037185 0.080387 0.591529 0.251931 0.038968
2 2 0.036657 0.079882 0.601789 0.243544 0.038128
2 3 0.042562 0.093975 0.578121 0.248018 0.037324
2 3 0.039158 0.085427 0.601816 0.232481 0.041118
2 3 0.038611 0.089414 0.607361 0.230658 0.033956
2 3 0.038972 0.088679 0.609530 0.227160 0.035660
2 3 0.040047 0.086547 0.598790 0.232188 0.042429
2 3 0.169376 0.231158 0.445360 0.073998 0.080107
2 3 0.182273 0.237470 0.424951 0.071281 0.084025
0 3 0.392973 0.141586 0.295295 0.132309 0.037838
2 3 0.141658 0.206362 0.504025 0.085024 0.062932
2 3 0.148520 0.201286 0.461761 0.083587 0.104846
2 3 0.033711 0.072521 0.571660 0.291245 0.030863
2 3 0.040942 0.087752 0.605297 0.232105 0.033904
2 3 0.036233 0.076958 0.604974 0.250489 0.031347
2 3 0.041458 0.083959 0.613066 0.232988 0.028529
2 3 0.036276 0.077793 0.590129 0.269649 0.026153
2 3 0.049024 0.098275 0.594634 0.222085 0.035981
2 3 0.045581 0.093376 0.591278 0.232412 0.037352
2 3 0.048782 0.099153 0.610405 0.209759 0.031902
2 3 0.077911 0.136701 0.535243 0.211202 0.038944
2 3 0.046779 0.102885 0.609840 0.207356 0.033141
2 3 0.031314 0.075756 0.613681 0.249706 0.029543
2 3 0.035009 0.079294 0.606554 0.242161 0.036981
2 3 0.036116 0.082716 0.590663 0.258822 0.031683
2 3 0.037890 0.081376 0.585389 0.264528 0.030816
2 3 0.034149 0.076065 0.615430 0.245353 0.029003
2 3 0.049380 0.094915 0.599880 0.217297 0.038529
2 3 0.099597 0.135637 0.513422 0.207753 0.043591
2 3 0.042456 0.090446 0.636891 0.194635 0.035571
2 3 0.053415 0.105974 0.598514 0.207439 0.034658
2 3 0.051410 0.109685 0.594918 0.200704 0.043283
2 3 0.064377 0.118102 0.582926 0.175897 0.058697
2 3 0.060692 0.112053 0.550269 0.214216 0.062770
2 3 0.061778 0.113901 0.593403 0.167503 0.063415
2 3 0.056948 0.112628 0.592336 0.179751 0.058337
2 3 0.050902 0.106023 0.589953 0.152863 0.100260
2 3 0.047515 0.095322 0.567551 0.203895 0.085717
2 3 0.056112 0.105374 0.588725 0.199642 0.050147
2 3 0.065014 0.109810 0.573038 0.199809 0.052330
2 3 0.046988 0.093233 0.621807 0.179428 0.058544
2 3 0.051647 0.099171 0.628916 0.168678 0.051587
2 3 0.044621 0.090737 0.612906 0.195479 0.056257
2 3 0.045436 0.094587 0.623367 0.194537 0.042074
2 3 0.040396 0.084627 0.646087 0.176247 0.052644
2 3 0.042339 0.087960 0.627216 0.201217 0.041268
2 3 0.040201 0.088110 0.634190 0.192446 0.045053
2 3 0.061194 0.120605 0.620209 0.140905 0.057086
2 3 0.062498 0.117310 0.623157 0.146677 0.050358
2 3 0.146901 0.116172 0.455342 0.236261 0.045324
2 3 0.059150 0.115527 0.635720 0.140460 0.049143
2 3 0.055118 0.106935 0.627420 0.155129 0.055398
2 3 0.044849 0.089543 0.620842 0.196812 0.047955
2 3 0.045291 0.094898 0.596258 0.218620 0.044934
2 3 0.031832 0.080826 0.622867 0.224038 0.040437
2 3 0.050831 0.106639 0.591268 0.206565 0.044697
2 3 0.041370 0.092590 0.606557 0.217481 0.042001
2 3 0.054648 0.112500 0.593671 0.176666 0.062515
2 3 0.052706 0.101444 0.604463 0.191856 0.049532
2 3 0.045428 0.099409 0.621419 0.188096 0.045648
2 3 0.060878 0.109846 0.594860 0.183209 0.051207
2 3 0.073036 0.124753 0.531225 0.224948 0.046038
0 3 0.404973 0.198183 0.201858 0.038066 0.156919
2 3 0.232734 0.247395 0.305696 0.042899 0.171277
2 3 0.147117 0.208507 0.334324 0.056954 0.253098
2 2 0.171396 0.218018 0.348761 0.058493 0.203332
2 2 0.169476 0.238871 0.360167 0.058920 0.172565
2 2 0.076143 0.138150 0.513685 0.107127 0.164894
2 2 0.079456 0.155375 0.396682 0.068116 0.300371
2 2 0.028212 0.084440 0.466912 0.091938 0.328497
2 2 0.041612 0.100160 0.418120 0.081580 0.358529
2 2 0.054408 0.118269 0.459571 0.100504 0.267248
2 2 0.043215 0.103449 0.457504 0.108446 0.287386
2 2 0.054174 0.121888 0.485747 0.113155 0.225036
2 2 0.041964 0.097909 0.467075 0.120443 0.272609
2 2 0.044660 0.099753 0.477748 0.146295 0.231544
2 2 0.040596 0.097196 0.472165 0.126557 0.263486
2 2 0.051818 0.111715 0.485248 0.135858 0.215360
2 2 0.042852 0.106115 0.457859 0.124892 0.268282
2 2 0.047496 0.112189 0.421301 0.120612 0.298401
2 2 0.045826 0.109664 0.471918 0.124077 0.248515
2 4 0.047167 0.121617 0.447827 0.136719 0.246672
2 4 0.046212 0.116156 0.425718 0.096010 0.315904
2 4 0.060665 0.129973 0.439262 0.095559 0.274541
2 4 0.046023 0.114833 0.458841 0.115373 0.264930
2 4 0.064743 0.137523 0.470141 0.099318 0.228275
2 4 0.042806 0.117396 0.407966 0.117702 0.314131
2 4 0.062069 0.134327 0.411238 0.082011 0.310355
2 4 0.067652 0.142277 0.395320 0.077180 0.317570
2 4 0.063592 0.137767 0.387067 0.073185 0.338389
4 4 0.185408 0.189474 0.257012 0.046858 0.321248
4 4 0.052900 0.131048 0.364772 0.061851 0.389429
4 4 0.129970 0.178989 0.203161 0.031056 0.456825
4 4 0.113511 0.177175 0.195681 0.027443 0.486189
4 4 0.107919 0.184234 0.211462 0.029738 0.466648
4 4 0.171387 0.164442 0.165442 0.025138 0.473591
4 4 0.160296 0.164864 0.176586 0.028845 0.469408
4 4 0.092444 0.167874 0.321112 0.057239 0.361332
4 4 0.108034 0.204361 0.269374 0.042756 0.375477
4 4 0.080427 0.156123 0.308342 0.051724 0.403384
4 4 0.225981 0.187869 0.237833 0.050208 0.298109
4 4 0.071446 0.154069 0.348888 0.060757 0.364840
2 4 0.075573 0.149504 0.361238 0.067471 0.346215
4 4 0.066522 0.137054 0.351753 0.063264 0.381406
2 4 0.104906 0.182020 0.362532 0.062591 0.287951
4 4 0.103626 0.182714 0.207210 0.028361 0.478088
4 4 0.100839 0.186456 0.239823 0.031586 0.441296
4 4 0.216583 0.217757 0.257268 0.040091 0.268301
0 4 0.485301 0.182147 0.192180 0.032090 0.108281
0 4 0.291648 0.246061 0.288402 0.038674 0.135216
4 4 0.219376 0.194276 0.203193 0.030253 0.352902
4 4 0.171142 0.211054 0.263199 0.042972 0.311633
2 4 0.055814 0.117091 0.397054 0.078435 0.351606
2 4 0.068159 0.139751 0.405465 0.085434 0.301192
2 4 0.072134 0.148127 0.420191 0.079720 0.279828
2 4 0.096711 0.162455 0.443769 0.089817 0.207248
2 4 0.084692 0.166744 0.350695 0.061332 0.336537
2 4 0.183332 0.216254 0.298051 0.051583 0.250780
4 4 0.206551 0.181356 0.189511 0.029668 0.392915
0 4 0.299681 0.223944 0.257403 0.038476 0.180496
4 4 0.249703 0.194103 0.211978 0.034886 0.309331
4 4 0.190139 0.219015 0.263748 0.040513 0.286585
4 4 0.139214 0.190405 0.234782 0.039303 0.396296
4 4 0.150947 0.178844 0.207113 0.034572 0.428524
4 4 0.167721 0.164882 0.178387 0.030096 0.458913
4 4 0.213300 0.189845 0.212313 0.035514 0.349028
4 4 0.199367 0.215205 0.226440 0.029641 0.329347
2 4 0.186753 0.239252 0.399269 0.060724 0.114001
2 4 0.145174 0.217120 0.377928 0.061340 0.198438
2 4 0.123780 0.193293 0.411637 0.071688 0.199603
2 4 0.173807 0.228417 0.384176 0.060601 0.152998
2 0 0.142178 0.204881 0.443829 0.083470 0.125642
2 0 0.066022 0.131142 0.571650 0.131760 0.099426
2 4 0.071527 0.137238 0.551410 0.133394 0.106431
2 4 0.071188 0.140786 0.553004 0.121607 0.113415
2 4 0.073611 0.139673 0.535011 0.167155 0.084551
2 4 0.085727 0.154281 0.529383 0.150068 0.080541
2 4 0.128291 0.183212 0.460779 0.086089 0.141629
2 4 0.064767 0.127293 0.548559 0.150013 0.109369
2 2 0.062279 0.128904 0.541345 0.140665 0.126807
2 2 0.064003 0.129150 0.556018 0.148692 0.102137
2 2 0.069066 0.134287 0.554209 0.168819 0.073619
2 2 0.050096 0.107094 0.582841 0.206227 0.053743
2 2 0.054908 0.108456 0.590086 0.186825 0.059725
2 2 0.060760 0.118415 0.572875 0.190711 0.057239
2 2 0.040339 0.091568 0.612621 0.194388 0.061085
2 2 0.060035 0.118533 0.573924 0.189406 0.058103
2 2 0.076638 0.139599 0.578739 0.141401 0.063623
2 2 0.098928 0.181028 0.454457 0.115220 0.150367
2 2 0.073891 0.141119 0.562431 0.169378 0.053180
2 2 0.066681 0.128640 0.591288 0.150477 0.062914
2 2 0.080297 0.145542 0.490921 0.134473 0.148767
2 2 0.070588 0.127221 0.526692 0.141772 0.133726
2 2 0.071062 0.129536 0.523946 0.156116 0.119340
2 2 0.071164 0.132381 0.523091 0.148920 0.124444
2 2 0.067375 0.133877 0.511573 0.127345 0.159831
2 2 0.059527 0.126293 0.472080 0.109369 0.232731
0 2 0.371611 0.188082 0.222691 0.044400 0.173216
0 2 0.275261 0.241196 0.274869 0.037002 0.171672
2 2 0.217923 0.250469 0.348320 0.053427 0.129861
2 2 0.210571 0.248378 0.329666 0.049074 0.162311
0 2 0.419604 0.203097 0.241305 0.041124 0.094870
2 2 0.155804 0.228526 0.418532 0.082039 0.115099
2 2 0.202095 0.246215 0.326923 0.048651 0.176115
2 2 0.091645 0.170321 0.439372 0.082390 0.216272
2 2 0.124988 0.200232 0.359328 0.062362 0.253091
4 2 0.101601 0.162846 0.306670 0.056336 0.372548
2 2 0.141201 0.185704 0.355297 0.066045 0.251753
2 2 0.064150 0.140167 0.380374 0.069269 0.346040
2 2 0.063563 0.135075 0.406179 0.080843 0.314340
2 2 0.082202 0.149413 0.446909 0.095302 0.226174
2 2 0.066389 0.140538 0.430429 0.087320 0.275324
2 2 0.044350 0.105474 0.421864 0.096834 0.331478
2 2 0.043871 0.106093 0.463001 0.125604 0.261432
2 2 0.050447 0.114441 0.478980 0.131099 0.225033
2 2 0.048831 0.110829 0.491980 0.110919 0.237441
2 2 0.048790 0.112586 0.493984 0.123934 0.220707
2 2 0.056588 0.117031 0.521367 0.153381 0.151634
2 2 0.046612 0.104159 0.552619 0.172078 0.124532
2 2 0.047203 0.109394 0.526336 0.156198 0.160870
2 2 0.051281 0.109144 0.511329 0.156281 0.171964
2 2 0.048023 0.103601 0.524182 0.167866 0.156328
2 2 0.215633 0.210491 0.268342 0.048241 0.257292
2 2 0.191871 0.210908 0.283345 0.052916 0.260960
4 2 0.157303 0.188323 0.233593 0.041669 0.379112
0 2 0.297578 0.217265 0.296819 0.056934 0.131403
0 2 0.439655 0.192629 0.190550 0.029749 0.147416
0 0 0.366451 0.228052 0.285537 0.043313 0.076648
0 0 0.386409 0.189669 0.223710 0.045014 0.155197
2 0 0.219845 0.253549 0.348749 0.051811 0.126046
2 1 0.192597 0.236155 0.326066 0.054065 0.191116
2 1 0.213149 0.249374 0.340476 0.051778 0.145223
2 1 0.075223 0.143557 0.557494 0.162217 0.061510
2 1 0.075530 0.142434 0.547878 0.133789 0.100368
2 1 0.075763 0.125692 0.579250 0.148567 0.070728
2 2 0.087231 0.155953 0.558388 0.141625 0.056803
2 2 0.079150 0.138764 0.594147 0.129179 0.058761
2 2 0.137726 0.191629 0.513211 0.092124 0.065310
2 2 0.139063 0.187635 0.468514 0.090760 0.114028
2 2 0.159991 0.205510 0.502883 0.081349 0.050267
2 2 0.156191 0.206708 0.494395 0.083644 0.059063
0 2 0.328519 0.177298 0.305654 0.058942 0.129587
2 2 0.223971 0.256339 0.400820 0.060378 0.058492
2 2 0.263457 0.242473 0.358354 0.059218 0.076499
0 2 0.373769 0.201123 0.275915 0.055267 0.093926
0 0 0.303407 0.223944 0.229086 0.030027 0.213536
4 0 0.200205 0.211406 0.268175 0.046783 0.273431
2 0 0.076441 0.144128 0.483877 0.102466 0.193088
2 4 0.070463 0.147874 0.417635 0.078514 0.285513
2 4 0.090207 0.157614 0.444608 0.092712 0.214859
2 4 0.090879 0.158190 0.453022 0.087114 0.210794
2 4 0.094383 0.158718 0.508502 0.099381 0.139017
2 4 0.120017 0.191077 0.387509 0.067888 0.233508
2 2 0.216623 0.217984 0.383496 0.069674 0.112222
2 2 0.125492 0.194785 0.478168 0.082844 0.118712
2 2 0.188124 0.217519 0.403779 0.073632 0.116947
2 2 0.155486 0.212347 0.437458 0.076646 0.118063
2 2 0.144496 0.204513 0.451108 0.076559 0.123325
2 2 0.106474 0.167977 0.517064 0.091751 0.116735
2 2 0.161729 0.212204 0.468471 0.084008 0.073588
2 2 0.152234 0.204042 0.470351 0.087070 0.086303
0 2 0.413751 0.190286 0.248784 0.048631 0.098549
0 0 0.398256 0.196055 0.187235 0.026539 0.191915
