0 0 0.881174 0.046528 0.042794 0.003365 0.026138
0 0 0.862589 0.053625 0.051394 0.003744 0.028648
0 0 0.905303 0.037670 0.034484 0.002241 0.020302
0 0 0.761937 0.085562 0.070638 0.005495 0.076368
0 0 0.634519 0.121723 0.095884 0.008587 0.139287
0 0 0.345509 0.184572 0.136720 0.018464 0.314734
0 0 0.442181 0.166825 0.125755 0.014524 0.250715
0 0 0.671408 0.118541 0.136784 0.022018 0.051249
0 0 0.474259 0.165700 0.132772 0.019717 0.207551
4 0 0.118013 0.199251 0.182636 0.043708 0.456391
4 0 0.157384 0.198172 0.148393 0.027340 0.468711
2 0 0.110515 0.237882 0.302574 0.107368 0.241660
0 0 0.427915 0.178214 0.144430 0.022117 0.227324
0 0 0.312959 0.199454 0.157861 0.033600 0.296126
0 0 0.421357 0.193532 0.189545 0.036973 0.158594
0 0 0.725887 0.101661 0.105727 0.012838 0.053887
0 0 0.781150 0.081085 0.072534 0.007974 0.057257
0 0 0.546275 0.147681 0.119003 0.015186 0.171855
0 0 0.677171 0.113067 0.095994 0.011343 0.102425
0 0 0.470012 0.167124 0.134504 0.020673 0.207687
4 0 0.051843 0.163249 0.178544 0.031137 0.575226
2 0 0.166942 0.240054 0.278135 0.058067 0.256801
0 0 0.278678 0.233083 0.237314 0.046475 0.204451
0 0 0.537308 0.153724 0.131791 0.023853 0.153323
0 1 0.296312 0.219575 0.200857 0.043708 0.239548
2 1 0.049277 0.184748 0.463610 0.221996 0.080369
2 1 0.038227 0.154449 0.483423 0.212129 0.111773
2 1 0.020184 0.098195 0.458601 0.215648 0.207372
2 0 0.019384 0.090107 0.462904 0.264198 0.163407
2 0 0.027502 0.113599 0.468799 0.269044 0.121056
0 0 0.531591 0.154481 0.130242 0.021919 0.161767
0 0 0.493808 0.154531 0.116261 0.011663 0.223737
0 0 0.379334 0.190486 0.157911 0.035848 0.236421
0 0 0.343008 0.193297 0.152354 0.029136 0.282206
4 0 0.146174 0.211311 0.192287 0.061503 0.388726
4 1 0.067220 0.217148 0.300395 0.107458 0.307778
2 1 0.094311 0.240712 0.398822 0.181876 0.084278
2 1 0.134637 0.258213 0.356927 0.118459 0.131764
2 1 0.134727 0.216508 0.453702 0.156336 0.038727
2 2 0.132224 0.195645 0.453250 0.192310 0.026571
2 2 0.149043 0.217735 0.446743 0.146428 0.040050
2 2 0.155679 0.202601 0.434522 0.173696 0.033501
2 2 0.105111 0.234704 0.430174 0.167203 0.062808
2 2 0.108333 0.211599 0.452405 0.171875 0.055788
2 2 0.117985 0.236986 0.419577 0.139371 0.086080
2 2 0.181463 0.257184 0.318090 0.083011 0.160251
2 2 0.193895 0.254845 0.315789 0.080331 0.155140
2 2 0.192856 0.250335 0.352981 0.092642 0.111186
2 2 0.184811 0.251055 0.385886 0.085549 0.092699
0 2 0.342628 0.202938 0.174780 0.039217 0.240438
2 2 0.264814 0.240017 0.281757 0.061515 0.151896
0 2 0.319014 0.224278 0.253967 0.058712 0.144029
2 2 0.261446 0.232259 0.337095 0.081896 0.087304
2 2 0.254192 0.239898 0.314388 0.074216 0.117306
0 0 0.415983 0.197073 0.210988 0.045163 0.130792
4 1 0.212984 0.206129 0.153838 0.032723 0.394327
4 2 0.041156 0.154608 0.162504 0.027918 0.613814
4 2 0.052956 0.175058 0.186496 0.038866 0.546623
4 2 0.075838 0.221033 0.277326 0.075130 0.350673
4 2 0.088474 0.225271 0.294863 0.061235 0.330157
2 2 0.102921 0.248471 0.366545 0.122087 0.159976
4 1 0.188979 0.205610 0.162473 0.035194 0.407744
2 2 0.071252 0.233253 0.344831 0.105381 0.245283
2 1 0.075531 0.229040 0.369317 0.095235 0.230877
4 2 0.160288 0.237145 0.214826 0.078369 0.309372
4 2 0.038280 0.143847 0.268799 0.058102 0.490973
2 2 0.057798 0.208283 0.394327 0.131754 0.207838
2 2 0.064139 0.225323 0.354591 0.094758 0.261190
2 2 0.118996 0.227170 0.299910 0.098757 0.255168
2 2 0.062292 0.223688 0.383428 0.120218 0.210375
2 2 0.197719 0.254010 0.298965 0.075317 0.173989
4 2 0.066514 0.216642 0.287502 0.082463 0.346878
2 2 0.138868 0.252999 0.318487 0.107529 0.182117
2 2 0.083182 0.236661 0.391080 0.182523 0.106553
4 2 0.088413 0.236705 0.292478 0.067944 0.314460
2 2 0.086071 0.239111 0.407637 0.124030 0.143150
2 1 0.122686 0.253754 0.302675 0.075152 0.245732
2 2 0.235570 0.245304 0.322437 0.074220 0.122469
2 2 0.167310 0.251767 0.386236 0.099541 0.095147
2 2 0.210769 0.247522 0.338505 0.087975 0.115228
2 2 0.230683 0.244689 0.318333 0.081221 0.125075
2 2 0.266134 0.228676 0.330059 0.089354 0.085777
4 2 0.074253 0.215147 0.234181 0.070635 0.405783
4 2 0.155502 0.241124 0.265242 0.061109 0.277022
4 2 0.156683 0.249877 0.245775 0.070769 0.276895
2 2 0.142275 0.242676 0.402469 0.135134 0.077446
2 2 0.154112 0.258829 0.313722 0.098018 0.175319
2 2 0.184908 0.256393 0.329904 0.084158 0.144637
2 2 0.217211 0.250554 0.292264 0.068963 0.171008
2 2 0.240988 0.241177 0.270760 0.075053 0.172022
2 2 0.083808 0.239074 0.354681 0.095189 0.227248
2 2 0.086623 0.240876 0.322778 0.097871 0.251852
2 2 0.082792 0.238835 0.381578 0.126222 0.170573
4 1 0.194743 0.236913 0.215335 0.056334 0.296674
2 2 0.110457 0.236079 0.306490 0.061541 0.285433
2 2 0.124225 0.248974 0.301656 0.088854 0.236293
2 2 0.186539 0.253408 0.283649 0.074254 0.202150
4 2 0.142433 0.228368 0.209406 0.049705 0.370088
2 2 0.188103 0.257655 0.313057 0.074222 0.166963
2 2 0.274355 0.234596 0.309478 0.071481 0.110089
2 1 0.233158 0.240185 0.341360 0.086754 0.098544
4 2 0.194020 0.210980 0.160468 0.040717 0.393815
2 2 0.215096 0.248348 0.267756 0.064182 0.204618
2 2 0.271841 0.235909 0.298461 0.071135 0.122654
2 2 0.234957 0.246706 0.319701 0.070589 0.128047
2 2 0.279170 0.233935 0.292484 0.070541 0.123869
0 2 0.338637 0.219063 0.235653 0.050320 0.156327
0 2 0.317615 0.224872 0.306442 0.057101 0.093970
2 2 0.217847 0.248306 0.269102 0.063135 0.201611
0 2 0.315312 0.226647 0.276009 0.058412 0.123620
2 2 0.223530 0.244358 0.351277 0.081152 0.099683
2 2 0.231149 0.245838 0.313054 0.077322 0.132637
2 2 0.249239 0.239229 0.311195 0.081449 0.118889
4 2 0.106501 0.201296 0.153780 0.041192 0.497232
4 2 0.120196 0.202478 0.187086 0.046577 0.443663
4 2 0.076384 0.223856 0.262045 0.075679 0.362036
2 2 0.175235 0.257471 0.327361 0.088660 0.151274
2 2 0.234407 0.236453 0.342066 0.095118 0.091955
2 2 0.219740 0.238834 0.351322 0.099137 0.090967
2 2 0.170247 0.241987 0.398556 0.113725 0.075486
0 2 0.357862 0.204661 0.182989 0.031400 0.223088
4 2 0.228368 0.234068 0.214399 0.044663 0.278502
2 2 0.229556 0.243848 0.321292 0.084577 0.120727
0 2 0.300842 0.227866 0.230561 0.042472 0.198260
2 2 0.260760 0.240281 0.291456 0.066698 0.140805
0 2 0.279236 0.236516 0.263067 0.053113 0.168069
2 2 0.275052 0.237330 0.289656 0.062914 0.135047
0 2 0.274988 0.236534 0.254649 0.051286 0.182542
0 2 0.339768 0.213760 0.201939 0.035264 0.209268
2 2 0.212890 0.248533 0.276422 0.072579 0.189576
2 2 0.255474 0.242036 0.267075 0.054944 0.180471
0 2 0.301233 0.230588 0.261283 0.054730 0.152166
0 2 0.336464 0.221045 0.241507 0.047666 0.153319
0 2 0.294845 0.230643 0.287018 0.065896 0.121598
0 2 0.337434 0.221435 0.254451 0.050723 0.135956
0 1 0.351714 0.212619 0.211845 0.044594 0.179227
2 2 0.147720 0.256033 0.326592 0.094887 0.174767
2 2 0.189336 0.250061 0.252873 0.057932 0.249797
2 2 0.182031 0.254670 0.312461 0.090638 0.160200
2 2 0.178886 0.243949 0.264040 0.072034 0.241090
2 2 0.203027 0.249326 0.290621 0.085978 0.171048
0 2 0.340711 0.215479 0.211054 0.039993 0.192763
0 2 0.273863 0.227092 0.220326 0.059907 0.218812
0 2 0.374745 0.210895 0.232033 0.044028 0.138300
0 2 0.278926 0.234014 0.252580 0.057479 0.177002
0 0 0.376457 0.207791 0.220662 0.048855 0.146235
0 1 0.606056 0.134459 0.115099 0.017297 0.127090
4 1 0.202753 0.205518 0.151864 0.031750 0.408115
4 1 0.175360 0.205601 0.164442 0.036563 0.418034
4 2 0.178872 0.230845 0.232521 0.067150 0.290612
4 0 0.237362 0.203035 0.161466 0.027425 0.370713
0 0 0.367342 0.182561 0.137340 0.019051 0.293706
0 0 0.354732 0.189357 0.147205 0.025296 0.283410
0 0 0.513807 0.158496 0.131988 0.021777 0.173933
4 1 0.137847 0.191458 0.169830 0.028153 0.472713
4 1 0.089862 0.188550 0.185811 0.040648 0.495128
4 0 0.187291 0.207791 0.159972 0.036962 0.407984
4 0 0.250530 0.223837 0.193567 0.034845 0.297221
0 1 0.439805 0.188288 0.184986 0.036829 0.150091
4 1 0.254468 0.221175 0.192158 0.050263 0.281936
0 1 0.527670 0.152477 0.122680 0.016278 0.180895
0 1 0.550415 0.152814 0.135368 0.019891 0.141512
0 1 0.707691 0.107757 0.114853 0.014824 0.054875
0 1 0.678723 0.117218 0.122386 0.017092 0.064582
0 1 0.685552 0.114223 0.107682 0.011714 0.080829
0 1 0.624492 0.134615 0.133125 0.017879 0.089889
0 1 0.642548 0.129774 0.140578 0.018613 0.068488
0 1 0.617267 0.137376 0.142463 0.020724 0.082170
0 2 0.571182 0.150570 0.145761 0.021343 0.111145
0 2 0.574126 0.148602 0.139748 0.020536 0.116988
0 1 0.693803 0.110872 0.101795 0.010696 0.082834
0 1 0.723097 0.099780 0.087378 0.009762 0.079983
0 0 0.691550 0.113699 0.117772 0.013113 0.063866
0 1 0.872707 0.049592 0.045690 0.003809 0.028201
0 0 0.692451 0.108507 0.092456 0.010639 0.095947
0 1 0.561460 0.147398 0.126238 0.019569 0.145335
0 1 0.582174 0.137355 0.109762 0.012210 0.158499
0 1 0.548484 0.147548 0.119647 0.015702 0.168619
0 1 0.552344 0.157579 0.158969 0.023562 0.107546
0 1 0.517845 0.168371 0.175086 0.028683 0.110015
0 1 0.504264 0.169172 0.158804 0.024862 0.142898
0 0 0.685852 0.115265 0.123635 0.015853 0.059396
0 0 0.731370 0.097718 0.087825 0.010366 0.072720
4 0 0.300068 0.192896 0.143086 0.022157 0.341793
0 0 0.535643 0.160516 0.152599 0.023539 0.127703
0 0 0.870781 0.050284 0.046330 0.003913 0.028691
0 0 0.880960 0.046606 0.042867 0.003376 0.026191
4 0 0.188767 0.209197 0.171373 0.042562 0.388102
4 0 0.291128 0.201736 0.159745 0.034099 0.313292
0 0 0.807858 0.072215 0.065512 0.006957 0.047459
0 0 0.377000 0.204353 0.194014 0.035127 0.189506
4 4 0.280251 0.200076 0.152332 0.028924 0.338419
4 4 0.050580 0.166447 0.173936 0.034607 0.574431
4 4 0.072082 0.177067 0.173096 0.032711 0.545044
4 4 0.062246 0.172817 0.177436 0.034352 0.553149
4 4 0.158130 0.190834 0.183299 0.028042 0.439695
4 4 0.062964 0.174267 0.182115 0.036544 0.544110
4 4 0.092266 0.182428 0.167453 0.029203 0.528650
4 4 0.244135 0.200475 0.147920 0.026484 0.380987
4 4 0.161925 0.195964 0.148905 0.025367 0.467839
4 4 0.059870 0.172073 0.265611 0.111971 0.390475
4 4 0.040527 0.148623 0.188947 0.038051 0.583852
4 4 0.044406 0.160731 0.163555 0.040551 0.590758
4 4 0.026976 0.121728 0.200006 0.030569 0.620720
4 4 0.039761 0.157628 0.141548 0.028604 0.632459
0 4 0.333863 0.188869 0.142525 0.021564 0.313178
4 4 0.280001 0.187529 0.143518 0.018001 0.370952
0 4 0.344391 0.196458 0.160245 0.036686 0.262219
4 4 0.213848 0.190451 0.152307 0.020204 0.423190
4 1 0.152559 0.189460 0.154333 0.022519 0.481129
0 4 0.552808 0.149569 0.128440 0.022538 0.146645
4 4 0.087389 0.180652 0.164176 0.028553 0.539229
4 4 0.106428 0.179794 0.139701 0.020151 0.553926
4 4 0.178408 0.201655 0.164655 0.032271 0.423011
4 4 0.110227 0.219072 0.203273 0.073527 0.393901
4 4 0.128081 0.208416 0.172088 0.050668 0.440746
4 4 0.059016 0.180901 0.192696 0.043256 0.524132
4 4 0.064308 0.205668 0.244243 0.060476 0.425304
4 4 0.057431 0.180594 0.200386 0.042870 0.518719
4 4 0.057477 0.175624 0.167706 0.038711 0.560482
4 4 0.088395 0.236468 0.275672 0.094113 0.305352
4 4 0.067164 0.221455 0.302386 0.079939 0.329056
4 4 0.084019 0.180475 0.164407 0.029534 0.541566
2 4 0.093736 0.236893 0.404661 0.146199 0.118511
2 2 0.115431 0.256209 0.372627 0.130975 0.124757
2 2 0.141540 0.251196 0.385449 0.123923 0.097892
2 1 0.151577 0.253117 0.388675 0.108970 0.097661
2 2 0.157908 0.257635 0.372078 0.095871 0.116508
2 2 0.163926 0.246892 0.409850 0.101940 0.077392
2 2 0.201779 0.242229 0.373311 0.097556 0.085126
4 2 0.218534 0.231689 0.205306 0.043619 0.300852
2 2 0.222582 0.239587 0.376057 0.082719 0.079055
2 2 0.211995 0.251124 0.311687 0.076842 0.148351
2 2 0.249101 0.242114 0.307812 0.072628 0.128345
0 2 0.308727 0.228594 0.251187 0.050075 0.161416
2 2 0.274950 0.233275 0.316995 0.073025 0.101755
2 2 0.238244 0.244424 0.303590 0.075101 0.138641
2 2 0.280472 0.232253 0.316048 0.070744 0.100483
0 2 0.303538 0.226803 0.288742 0.069399 0.111519
2 2 0.284823 0.232794 0.301765 0.067881 0.112737
2 1 0.265477 0.235532 0.318869 0.075365 0.104758
0 1 0.324759 0.223942 0.250165 0.052468 0.148665
2 2 0.237600 0.236422 0.238918 0.071286 0.215775
2 2 0.264892 0.236493 0.321175 0.072588 0.104853
2 2 0.221629 0.249251 0.301758 0.073059 0.154303
0 2 0.276309 0.234265 0.245008 0.051962 0.192457
2 2 0.216506 0.237852 0.352298 0.104230 0.089114
2 2 0.268208 0.234385 0.296965 0.079627 0.120815
2 1 0.286863 0.231450 0.321779 0.064868 0.095041
4 2 0.203146 0.242914 0.235292 0.057752 0.260897
2 2 0.232814 0.243543 0.317790 0.082875 0.122978
0 2 0.334093 0.216951 0.299567 0.064287 0.085102
0 2 0.334683 0.217050 0.292134 0.065902 0.090231
0 2 0.309686 0.227743 0.278069 0.060501 0.124000
0 2 0.319018 0.224651 0.264571 0.060288 0.131472
0 2 0.344431 0.218126 0.272717 0.056662 0.108064
0 1 0.356020 0.213280 0.281615 0.057692 0.091393
0 2 0.320615 0.198710 0.158227 0.034040 0.288408
0 2 0.366973 0.209021 0.213530 0.047769 0.162708
0 2 0.385410 0.208034 0.226630 0.041486 0.138440
0 2 0.489001 0.172004 0.154616 0.018435 0.165944
0 2 0.366042 0.204470 0.185005 0.027301 0.217182
0 2 0.514407 0.169262 0.166913 0.021612 0.127806
0 2 0.459166 0.186390 0.207054 0.037745 0.109644
0 2 0.462052 0.183437 0.178660 0.027188 0.148662
2 2 0.236310 0.235817 0.309586 0.088134 0.130153
2 2 0.205297 0.232705 0.381574 0.111491 0.068932
4 2 0.229270 0.234241 0.217538 0.051641 0.267310
2 2 0.135796 0.253602 0.327206 0.081985 0.201411
2 2 0.225591 0.246210 0.302963 0.080646 0.144590
2 2 0.158983 0.255653 0.287575 0.093531 0.204258
2 2 0.136985 0.254761 0.345508 0.103148 0.159598
2 2 0.152449 0.257257 0.325583 0.107973 0.156738
2 2 0.166693 0.247384 0.301464 0.076138 0.208320
4 0 0.216371 0.230579 0.201727 0.041611 0.309711
0 1 0.677882 0.113521 0.098436 0.012953 0.097207
4 1 0.165245 0.194852 0.164653 0.027153 0.448096
0 2 0.564043 0.142937 0.115236 0.014087 0.163697
0 0 0.628548 0.134456 0.142995 0.018606 0.075396
0 1 0.381157 0.188679 0.153642 0.031578 0.244944
4 2 0.089119 0.188248 0.198185 0.044184 0.480264
0 2 0.326998 0.203176 0.169094 0.034506 0.266226
0 1 0.349616 0.219876 0.250603 0.042480 0.137425
0 2 0.385456 0.209263 0.254197 0.043212 0.107872
0 1 0.393416 0.205839 0.224828 0.040881 0.135036
0 2 0.513989 0.170683 0.177603 0.024611 0.113114
0 1 0.503407 0.173331 0.198295 0.033690 0.091276
0 2 0.485888 0.178689 0.185171 0.027951 0.122300
0 1 0.447300 0.182010 0.161398 0.022199 0.187094
0 1 0.489403 0.174095 0.164634 0.024728 0.147140
0 2 0.365496 0.214571 0.226847 0.034357 0.158729
0 1 0.405078 0.201676 0.251455 0.046917 0.094874
0 1 0.382556 0.193316 0.162618 0.022561 0.238949
0 1 0.493472 0.174673 0.170270 0.023983 0.137602
0 1 0.497680 0.174954 0.183605 0.029395 0.114366
2 2 0.163507 0.251370 0.308393 0.074953 0.201777
2 1 0.173651 0.251753 0.303780 0.106245 0.164571
2 1 0.197725 0.251161 0.320922 0.077419 0.152773
4 2 0.143885 0.236251 0.255717 0.073214 0.290932
2 0 0.205976 0.252127 0.277094 0.062549 0.202254
0 1 0.437870 0.193780 0.209959 0.033540 0.124850
0 1 0.469988 0.184925 0.197157 0.026777 0.121154
0 1 0.412457 0.191985 0.172722 0.026442 0.196393
0 1 0.418508 0.195016 0.190974 0.034204 0.161298
0 1 0.347959 0.210617 0.196929 0.035837 0.208658
0 1 0.474765 0.171013 0.145305 0.020993 0.187925
0 1 0.565252 0.154098 0.154699 0.019965 0.105986
0 1 0.528063 0.159939 0.142626 0.019522 0.149851
0 1 0.529827 0.159762 0.143079 0.019159 0.148172
0 1 0.336282 0.189953 0.144299 0.022989 0.306477
0 2 0.394795 0.204962 0.218531 0.039474 0.142237
0 1 0.459704 0.181131 0.166165 0.022862 0.170138
0 1 0.495062 0.160216 0.127922 0.017686 0.199114
0 1 0.303986 0.229299 0.249093 0.050538 0.167084
0 1 0.333400 0.213177 0.196437 0.034579 0.222407
0 1 0.363238 0.212605 0.213821 0.033559 0.176778
0 1 0.336933 0.214483 0.201599 0.032913 0.214072
4 1 0.224212 0.220301 0.181625 0.042527 0.331335
0 1 0.448948 0.189907 0.222799 0.039021 0.099325
0 1 0.309234 0.224595 0.296699 0.068983 0.100488
0 1 0.566864 0.151217 0.140487 0.015945 0.125488
0 1 0.573598 0.152538 0.173438 0.023317 0.077109
0 2 0.546296 0.160085 0.159093 0.018957 0.115570
0 1 0.531496 0.163727 0.159319 0.019728 0.125729
0 0 0.644359 0.129433 0.148717 0.017949 0.059542
0 0 0.681462 0.112682 0.150546 0.021386 0.033923
0 1 0.319430 0.196062 0.152328 0.028785 0.303396
0 1 0.303294 0.216291 0.191872 0.034104 0.254438
0 1 0.448550 0.187922 0.184587 0.027267 0.151674
0 1 0.380166 0.204034 0.192513 0.030057 0.193231
0 0 0.469410 0.179098 0.166585 0.024014 0.160893
0 1 0.697294 0.107156 0.091726 0.010654 0.093170
4 1 0.209078 0.201928 0.168676 0.032554 0.387765
0 1 0.343305 0.210523 0.194496 0.036753 0.214924
0 1 0.458885 0.180357 0.163494 0.023511 0.173753
0 1 0.485818 0.172768 0.158279 0.026648 0.156487
0 1 0.477608 0.178929 0.177930 0.030743 0.134789
0 1 0.549540 0.158768 0.160567 0.022756 0.108369
0 1 0.511400 0.171734 0.187290 0.028064 0.101512
0 0 0.581822 0.148210 0.150985 0.023395 0.095588
0 0 0.586330 0.146059 0.139295 0.017085 0.111231
0 0 0.590374 0.145427 0.141323 0.017325 0.105551
0 0 0.533588 0.162192 0.165041 0.030276 0.108904
0 0 0.540212 0.159708 0.152288 0.021411 0.126381
0 0 0.580475 0.140264 0.116412 0.015914 0.146935
0 0 0.485966 0.171978 0.156260 0.027556 0.158240
0 0 0.682902 0.113368 0.104529 0.016529 0.082671
4 0 0.159901 0.195954 0.160010 0.027577 0.456558
4 1 0.129164 0.189821 0.187314 0.031519 0.462183
0 1 0.289414 0.213168 0.180547 0.036221 0.280650
0 1 0.299007 0.218597 0.196300 0.034549 0.251547
2 1 0.241900 0.242273 0.269021 0.049639 0.197167
0 1 0.336297 0.222981 0.250837 0.044385 0.145500
0 1 0.441710 0.187745 0.180606 0.031620 0.158319
0 2 0.364152 0.211303 0.209282 0.033687 0.181576
0 2 0.314855 0.214603 0.193961 0.040321 0.236260
0 2 0.346552 0.217860 0.229972 0.042876 0.162741
0 2 0.308608 0.227900 0.257908 0.056597 0.148988
2 2 0.266948 0.239878 0.271893 0.055951 0.165331
0 2 0.293699 0.230056 0.235557 0.044730 0.195957
0 2 0.312119 0.225045 0.228795 0.043329 0.190712
0 2 0.401651 0.204164 0.221183 0.036739 0.136263
0 2 0.352618 0.217135 0.251722 0.050230 0.128296
0 2 0.287151 0.230026 0.226543 0.038423 0.217856
0 2 0.335521 0.221854 0.263585 0.053139 0.125901
0 2 0.328234 0.224489 0.252573 0.047599 0.147105
0 2 0.293117 0.229410 0.247901 0.060443 0.169129
0 2 0.299935 0.232492 0.284895 0.054403 0.128275
0 2 0.269799 0.237561 0.263594 0.058421 0.170624
0 2 0.326901 0.224366 0.266417 0.053497 0.128819
0 2 0.304250 0.231642 0.278778 0.052386 0.132944
0 2 0.349146 0.218301 0.235259 0.041942 0.155352
0 2 0.301033 0.226128 0.290218 0.072771 0.109850
0 2 0.332791 0.221169 0.253046 0.056196 0.136799
0 3 0.342627 0.218113 0.233956 0.049087 0.156217
0 3 0.344051 0.205443 0.256285 0.064337 0.129883
0 3 0.338769 0.217083 0.216134 0.040514 0.187500
0 3 0.342757 0.218341 0.256512 0.057109 0.125281
0 3 0.343013 0.220521 0.265305 0.050183 0.120979
0 3 0.324766 0.224709 0.244003 0.045597 0.160925
0 3 0.379648 0.209069 0.219864 0.038868 0.152551
0 3 0.276151 0.228990 0.219513 0.044140 0.231207
0 3 0.340543 0.221133 0.262147 0.050253 0.125923
0 3 0.370536 0.211277 0.265765 0.051754 0.100667
0 3 0.329002 0.220036 0.224495 0.046168 0.180299
0 3 0.305082 0.229679 0.256481 0.052229 0.156530
0 3 0.374620 0.212123 0.248585 0.044501 0.120171
0 3 0.293473 0.230600 0.291205 0.067253 0.117469
0 3 0.383215 0.209365 0.255873 0.045257 0.106289
0 3 0.332109 0.220608 0.233101 0.048381 0.165802
0 3 0.386024 0.205100 0.203879 0.035046 0.169951
0 3 0.326548 0.218906 0.216702 0.044979 0.192865
0 3 0.389533 0.203847 0.201810 0.035032 0.169778
0 3 0.310998 0.218130 0.201418 0.038389 0.231065
0 3 0.389415 0.206266 0.218567 0.039744 0.146009
0 3 0.365173 0.205316 0.188779 0.032414 0.208317
0 3 0.328331 0.220763 0.225095 0.043776 0.182035
0 3 0.348386 0.207477 0.186191 0.030843 0.227103
0 3 0.393471 0.205029 0.218359 0.040575 0.142566
0 3 0.351302 0.209372 0.193356 0.031959 0.214011
0 3 0.420120 0.195357 0.193022 0.032992 0.158510
0 3 0.393214 0.202990 0.199528 0.032142 0.172127
0 3 0.359734 0.206115 0.188292 0.032411 0.213449
0 3 0.426703 0.195176 0.204130 0.036905 0.137086
0 3 0.448704 0.191202 0.222449 0.034709 0.102936
0 3 0.416188 0.199181 0.214969 0.038199 0.131463
0 3 0.401378 0.196345 0.182253 0.033082 0.186942
0 3 0.416380 0.196665 0.194002 0.031641 0.161312
0 3 0.353185 0.214335 0.221045 0.044491 0.166944
0 3 0.333810 0.214078 0.199448 0.034871 0.217793
0 3 0.326289 0.192535 0.146959 0.023695 0.310521
0 3 0.442364 0.183558 0.165200 0.028133 0.180746
0 3 0.375541 0.208180 0.211767 0.040447 0.164064
0 3 0.372897 0.203535 0.186903 0.030577 0.206089
0 3 0.416979 0.196065 0.195398 0.035944 0.155615
0 3 0.347328 0.209848 0.193007 0.032750 0.217067
0 3 0.334786 0.220449 0.259997 0.058395 0.126373
0 3 0.304363 0.227543 0.234737 0.045638 0.187720
0 3 0.343101 0.218749 0.249798 0.053670 0.134682
0 3 0.287975 0.235547 0.267234 0.050510 0.158734
4 3 0.247089 0.198167 0.144586 0.023971 0.386188
4 3 0.240132 0.204582 0.154047 0.025530 0.375708
0 3 0.256425 0.232016 0.221809 0.049976 0.239774
4 3 0.267762 0.222315 0.195954 0.039236 0.274733
4 3 0.264445 0.215688 0.179130 0.033512 0.307225
4 3 0.229997 0.219886 0.181181 0.033667 0.335268
4 3 0.267896 0.206352 0.161375 0.029665 0.334712
4 3 0.239083 0.219479 0.186708 0.030791 0.323938
0 3 0.287976 0.220751 0.197290 0.032884 0.261098
4 3 0.237296 0.239515 0.233868 0.044584 0.244738
0 3 0.290761 0.217300 0.189803 0.033206 0.268931
2 3 0.247129 0.244411 0.262828 0.048138 0.197495
4 3 0.241110 0.207966 0.160041 0.029422 0.361461
4 3 0.284457 0.213791 0.179179 0.027963 0.294610
4 3 0.268615 0.213995 0.176130 0.030054 0.311206
0 3 0.248675 0.236284 0.229230 0.044978 0.240832
4 3 0.289084 0.193900 0.143109 0.022264 0.351644
4 3 0.264897 0.196588 0.144195 0.023347 0.370973
4 3 0.308715 0.190257 0.140083 0.020292 0.340654
4 3 0.290000 0.200344 0.154297 0.027019 0.328341
0 3 0.365171 0.187355 0.145613 0.022502 0.279358
0 3 0.365935 0.182225 0.136484 0.018545 0.296812
4 3 0.311361 0.184862 0.132127 0.016072 0.355578
0 3 0.351539 0.206445 0.184149 0.028553 0.229313
0 3 0.365274 0.196305 0.164509 0.027951 0.245961
0 3 0.495796 0.162019 0.131740 0.014801 0.195644
0 3 0.415296 0.188494 0.164107 0.024670 0.207433
0 3 0.350850 0.184435 0.137431 0.018904 0.308381
0 3 0.347329 0.184230 0.136469 0.018340 0.313632
0 3 0.430954 0.170317 0.129396 0.016055 0.253278
0 3 0.405062 0.187582 0.158412 0.027607 0.221337
0 3 0.360473 0.183330 0.137335 0.018955 0.299906
4 3 0.311925 0.188382 0.137568 0.018856 0.343269
0 3 0.336406 0.188148 0.141142 0.020969 0.313334
0 3 0.357807 0.182716 0.135801 0.018071 0.305606
0 3 0.337888 0.187065 0.139559 0.020028 0.315459
0 3 0.342136 0.187901 0.141780 0.021411 0.306772
0 3 0.343025 0.188297 0.142654 0.021975 0.304050
4 3 0.315347 0.185804 0.134062 0.017005 0.347783
4 3 0.307090 0.190899 0.140878 0.020767 0.340366
4 3 0.291073 0.192111 0.140522 0.020667 0.355626
0 3 0.361590 0.186301 0.142894 0.022395 0.286820
4 3 0.283820 0.204637 0.160758 0.024989 0.325796
0 3 0.329072 0.209733 0.183664 0.028732 0.248799
0 3 0.371272 0.182684 0.138359 0.019709 0.287974
4 3 0.277957 0.200487 0.152404 0.023932 0.345219
0 3 0.342630 0.187064 0.140413 0.020573 0.309319
0 3 0.388184 0.196766 0.173958 0.026025 0.215066
0 3 0.377758 0.184743 0.143613 0.021810 0.272076
4 0 0.129399 0.209746 0.189633 0.061382 0.409840
0 0 0.469865 0.169184 0.139775 0.024705 0.196471
0 2 0.703287 0.109097 0.114072 0.015182 0.058361
4 2 0.285255 0.209295 0.172239 0.041434 0.291777
0 1 0.668643 0.120201 0.120474 0.016842 0.073840
0 1 0.337350 0.217675 0.234858 0.057191 0.152925
0 0 0.332907 0.211398 0.193478 0.040867 0.221350
4 0 0.190590 0.209562 0.157628 0.038130 0.404091
4 1 0.199877 0.200182 0.155081 0.027819 0.417041
4 1 0.122196 0.219315 0.234603 0.058351 0.365536
0 1 0.376714 0.199672 0.176949 0.027574 0.219090
0 1 0.327885 0.205469 0.174098 0.032873 0.259675
0 1 0.466789 0.182722 0.185036 0.032165 0.133288
0 1 0.332352 0.222411 0.238305 0.043769 0.163163
0 1 0.434740 0.193178 0.209073 0.039274 0.123735
0 1 0.397063 0.204808 0.219977 0.038486 0.139666
0 1 0.493108 0.174787 0.171349 0.025234 0.135522
0 1 0.440093 0.188688 0.179401 0.025893 0.165926
0 1 0.568875 0.152509 0.154167 0.022495 0.101954
0 1 0.659848 0.123240 0.125910 0.018062 0.072940
0 1 0.479069 0.178769 0.174725 0.025941 0.141496
0 2 0.449097 0.190422 0.210176 0.034479 0.115825
0 2 0.441504 0.192748 0.204881 0.030869 0.129998
0 2 0.395290 0.200816 0.191620 0.029842 0.182432
0 2 0.457320 0.187747 0.198182 0.030188 0.126562
0 2 0.561804 0.155755 0.170417 0.025199 0.086825
0 1 0.639524 0.129069 0.121917 0.014131 0.095359
0 1 0.495263 0.173193 0.167568 0.026458 0.137518
0 1 0.405086 0.181949 0.145774 0.025803 0.241388
0 1 0.643233 0.129293 0.130679 0.015915 0.080879
0 1 0.716151 0.104675 0.105117 0.013110 0.060947
0 1 0.792855 0.078791 0.082958 0.007883 0.037512
0 1 0.546797 0.149751 0.123965 0.015099 0.164387
0 1 0.751618 0.092892 0.099297 0.011494 0.044699
0 1 0.833544 0.063839 0.072458 0.006392 0.023767
0 1 0.732185 0.100181 0.103872 0.009805 0.053957
0 1 0.644270 0.128873 0.131867 0.017118 0.077873
0 1 0.649278 0.126271 0.120276 0.013453 0.090722
0 1 0.615446 0.136892 0.130846 0.016353 0.100463
0 1 0.629234 0.126550 0.105415 0.012904 0.125898
0 1 0.570089 0.151998 0.150132 0.019902 0.107879
0 1 0.605011 0.138729 0.127035 0.015119 0.114107
0 1 0.568485 0.145202 0.123206 0.016529 0.146578
0 1 0.479819 0.176767 0.166359 0.024199 0.152855
0 2 0.486067 0.163893 0.132795 0.018570 0.198675
0 1 0.517271 0.168355 0.175349 0.029606 0.109419
0 1 0.337549 0.215703 0.215282 0.048360 0.183105
0 1 0.506463 0.170098 0.162982 0.022673 0.137784
0 1 0.557829 0.153707 0.144362 0.020355 0.123746
4 1 0.298696 0.195263 0.146874 0.024674 0.334493
0 1 0.443246 0.186445 0.175287 0.028701 0.166321
0 1 0.502854 0.171711 0.165427 0.021585 0.138424
0 1 0.590554 0.146452 0.152058 0.020637 0.090299
0 1 0.603912 0.137994 0.123309 0.014394 0.120390
0 1 0.543222 0.155509 0.137710 0.016434 0.147126
0 1 0.428278 0.174771 0.137353 0.020645 0.238954
0 1 0.492452 0.176609 0.177988 0.023595 0.129356
0 1 0.564588 0.142866 0.115302 0.014156 0.163089
0 1 0.619849 0.133605 0.120210 0.012908 0.113428
0 1 0.598158 0.139770 0.125363 0.015579 0.121130
0 1 0.565944 0.151730 0.142019 0.016737 0.123569
0 1 0.533716 0.160205 0.148147 0.020964 0.136968
0 1 0.520253 0.157025 0.129964 0.015568 0.177190
0 1 0.530656 0.163656 0.160415 0.022727 0.122546
0 1 0.304112 0.230319 0.286334 0.057631 0.121605
0 1 0.464919 0.185581 0.198003 0.030588 0.120909
0 1 0.619779 0.129848 0.108846 0.012203 0.129322
0 1 0.658671 0.123437 0.117479 0.011921 0.088492
0 1 0.616423 0.131965 0.112648 0.012049 0.126915
0 1 0.651297 0.126537 0.124591 0.013462 0.084113
0 0 0.755183 0.091632 0.105355 0.010707 0.037122
0 1 0.514558 0.159697 0.136593 0.025872 0.163279
2 1 0.206065 0.243341 0.253002 0.081320 0.216273
2 2 0.197338 0.242525 0.244631 0.073237 0.242268
2 2 0.220253 0.247626 0.260151 0.054732 0.217238
2 2 0.223499 0.250503 0.324421 0.068731 0.132846
2 2 0.161237 0.235390 0.412413 0.127501 0.063459
2 4 0.066842 0.225812 0.414096 0.161209 0.132040
2 4 0.066689 0.234680 0.401476 0.133602 0.163553
2 4 0.038186 0.136169 0.373096 0.108227 0.344323
4 4 0.069451 0.216702 0.265430 0.072235 0.376182
4 4 0.054143 0.165485 0.210492 0.040963 0.528916
4 4 0.048161 0.161788 0.180514 0.032253 0.577285
4 4 0.087398 0.193768 0.195591 0.053115 0.470128
4 4 0.036460 0.143049 0.179347 0.028050 0.613094
4 4 0.066286 0.202314 0.208662 0.057477 0.465261
4 4 0.069778 0.185138 0.160879 0.040303 0.543902
4 4 0.034071 0.138279 0.181326 0.026741 0.619583
4 4 0.034276 0.139746 0.174705 0.025026 0.626246
4 4 0.033237 0.134231 0.195233 0.028313 0.608985
4 4 0.034799 0.133182 0.217818 0.034022 0.580179
4 4 0.028922 0.114955 0.268759 0.051219 0.536146
4 4 0.028786 0.122495 0.221428 0.045476 0.581815
4 4 0.036666 0.137981 0.252020 0.046767 0.526565
4 4 0.036926 0.142776 0.187349 0.033487 0.599462
4 4 0.030820 0.128346 0.209316 0.042409 0.589109
4 4 0.083438 0.176866 0.160403 0.026042 0.553252
4 4 0.091289 0.169075 0.145670 0.017425 0.576541
4 4 0.132188 0.181930 0.131356 0.017201 0.537325
4 4 0.195972 0.223038 0.207914 0.051426 0.321650
4 4 0.117870 0.189070 0.166688 0.028732 0.497640
4 4 0.031223 0.123282 0.363162 0.092965 0.389368
4 4 0.032445 0.124574 0.309698 0.077565 0.455718
4 4 0.028320 0.117851 0.242323 0.077386 0.534119
4 4 0.032363 0.124457 0.352666 0.091833 0.398681
4 4 0.031471 0.117932 0.318997 0.071359 0.460242
4 4 0.025140 0.106594 0.302941 0.069550 0.495776
4 4 0.026325 0.107002 0.289408 0.065639 0.511626
4 4 0.021001 0.097565 0.283322 0.059119 0.538994
4 4 0.027153 0.105674 0.367332 0.114489 0.385352
4 4 0.021731 0.097983 0.291226 0.061851 0.527210
4 4 0.039521 0.147076 0.259110 0.054469 0.499823
4 4 0.034716 0.136407 0.203723 0.044695 0.580459
4 4 0.024614 0.111976 0.234980 0.043940 0.584489
4 4 0.037683 0.137087 0.335729 0.079876 0.409625
4 4 0.035544 0.127591 0.258357 0.056330 0.522177
4 4 0.050693 0.155805 0.221692 0.045441 0.526370
4 2 0.037439 0.148200 0.161442 0.024983 0.627935
4 2 0.036038 0.148982 0.147539 0.024906 0.642535
2 2 0.114168 0.242044 0.333542 0.083916 0.226330
2 2 0.166339 0.252632 0.315701 0.111679 0.153649
4 2 0.102843 0.242519 0.254129 0.074178 0.326330
2 2 0.078652 0.225832 0.436302 0.181261 0.077954
2 2 0.075005 0.204622 0.459360 0.208392 0.052621
2 2 0.074722 0.221766 0.464965 0.154092 0.084455
2 2 0.096785 0.226066 0.437245 0.179669 0.060235
2 2 0.072686 0.194116 0.451200 0.251833 0.030166
2 2 0.048868 0.173847 0.447984 0.281421 0.047880
2 2 0.062796 0.186774 0.456036 0.265404 0.028989
2 2 0.104920 0.221385 0.445935 0.177969 0.049791
2 2 0.077116 0.224839 0.438776 0.204250 0.055019
2 2 0.031263 0.108941 0.421417 0.420471 0.017908
3 2 0.021804 0.091929 0.430135 0.443398 0.012733
2 2 0.037922 0.119198 0.452538 0.378373 0.011969
2 2 0.037486 0.115244 0.456684 0.379745 0.010841
2 2 0.030202 0.104379 0.445249 0.410258 0.009913
3 2 0.018105 0.073216 0.408924 0.491144 0.008610
2 2 0.022818 0.087497 0.443443 0.438571 0.007671
2 2 0.026463 0.089982 0.449419 0.425448 0.008688
2 2 0.026920 0.091865 0.456901 0.416176 0.008137
3 2 0.020703 0.076990 0.433675 0.460744 0.007888
2 2 0.027790 0.089506 0.467356 0.407615 0.007733
3 2 0.022303 0.080137 0.442992 0.446765 0.007803
2 2 0.049729 0.127236 0.501637 0.312818 0.008581
2 2 0.035781 0.103868 0.488614 0.363897 0.007840
2 2 0.036427 0.107305 0.466892 0.378393 0.010983
2 2 0.116666 0.207101 0.474848 0.170802 0.030583
2 2 0.147050 0.204080 0.468776 0.151837 0.028256
2 2 0.133912 0.256568 0.384910 0.116476 0.108135
2 2 0.134567 0.261547 0.364487 0.107085 0.132314
2 2 0.112371 0.245856 0.408740 0.150063 0.082969
0 2 0.395861 0.206802 0.225187 0.034024 0.138127
0 2 0.570012 0.153849 0.172620 0.022827 0.080692
0 2 0.512638 0.167529 0.157853 0.021610 0.140371
0 2 0.327888 0.220094 0.287948 0.065244 0.098826
0 0 0.627302 0.133741 0.164227 0.021718 0.053012
0 2 0.687371 0.114763 0.115876 0.013287 0.068703
0 0 0.396936 0.191830 0.167852 0.035528 0.207855
4 1 0.304763 0.194185 0.146020 0.024057 0.330975
0 1 0.526189 0.162765 0.149932 0.018237 0.142877
0 1 0.451945 0.179701 0.157600 0.022827 0.187927
0 1 0.378412 0.185259 0.144755 0.022043 0.269531
0 1 0.341131 0.217385 0.216344 0.036199 0.188942
0 1 0.423190 0.192173 0.179176 0.025392 0.180070
0 1 0.434036 0.186346 0.167722 0.025493 0.186403
0 1 0.446548 0.185782 0.174275 0.026561 0.166834
0 1 0.514804 0.167985 0.166756 0.027740 0.122716
0 2 0.339836 0.216716 0.214769 0.039403 0.189276
0 0 0.436650 0.193779 0.199916 0.028020 0.141635
0 1 0.435877 0.192248 0.196376 0.033501 0.141998
0 1 0.349338 0.218628 0.238050 0.042082 0.151902
0 1 0.464521 0.171203 0.141404 0.020006 0.202866
0 1 0.356680 0.209114 0.195073 0.030870 0.208262
0 1 0.402882 0.201283 0.199893 0.030271 0.165671
0 1 0.480006 0.170109 0.145494 0.021391 0.183000
0 1 0.453001 0.181815 0.166817 0.029253 0.169113
0 2 0.311510 0.218979 0.207658 0.038420 0.223433
0 1 0.388462 0.187812 0.152616 0.023224 0.247886
0 1 0.542212 0.159202 0.149855 0.017635 0.131095
0 0 0.468500 0.176953 0.158040 0.020797 0.175711
0 0 0.543030 0.147846 0.118061 0.014469 0.176593
0 1 0.634256 0.129221 0.118153 0.015731 0.102639
4 2 0.116490 0.197855 0.188883 0.044267 0.452505
4 2 0.199539 0.202529 0.158685 0.030718 0.408529
4 2 0.277661 0.193813 0.154090 0.023512 0.350924
0 2 0.336936 0.202811 0.169954 0.027550 0.262748
4 2 0.275421 0.198475 0.152933 0.026163 0.347009
2 2 0.279055 0.237009 0.319662 0.057413 0.106861
2 2 0.256990 0.237797 0.306585 0.078963 0.119665
2 2 0.260139 0.242021 0.312776 0.061874 0.123190
0 2 0.327017 0.226964 0.280168 0.045218 0.120634
0 2 0.464350 0.185566 0.189896 0.025347 0.134841
0 2 0.480261 0.176645 0.166001 0.023702 0.153391
0 2 0.401665 0.204297 0.224986 0.038090 0.130963
0 2 0.348231 0.215124 0.211642 0.033887 0.191115
0 2 0.428317 0.181380 0.151556 0.022197 0.216549
0 2 0.364542 0.215799 0.239069 0.037986 0.142603
0 1 0.348719 0.217601 0.241408 0.049028 0.143245
0 1 0.509253 0.169864 0.166084 0.024383 0.130415
0 1 0.397936 0.201548 0.200354 0.035642 0.164520
0 2 0.460258 0.181165 0.167359 0.024557 0.166661
0 2 0.506470 0.167994 0.154243 0.020746 0.150548
0 2 0.453962 0.188252 0.206028 0.036040 0.115718
0 2 0.513323 0.170067 0.171084 0.023234 0.122292
0 2 0.431680 0.195653 0.204244 0.028618 0.139805
0 2 0.426733 0.196281 0.204062 0.031548 0.141375
0 2 0.455821 0.184872 0.179321 0.028060 0.151926
0 2 0.529357 0.165640 0.189101 0.030144 0.085758
0 1 0.492579 0.173523 0.163661 0.022107 0.148131
0 1 0.526917 0.166621 0.194287 0.029746 0.082428
0 2 0.430762 0.195825 0.217174 0.036409 0.119831
0 2 0.504152 0.170537 0.162930 0.023200 0.139181
0 2 0.540819 0.162436 0.168041 0.022135 0.106570
0 2 0.641179 0.130242 0.135091 0.016801 0.076687
0 2 0.539835 0.162641 0.176149 0.026455 0.094920
0 2 0.515843 0.170121 0.182720 0.027550 0.103766
0 2 0.561123 0.156294 0.173424 0.024607 0.084552
0 2 0.484157 0.178901 0.224892 0.035077 0.076973
0 2 0.558528 0.156943 0.173631 0.025331 0.085567
0 1 0.539107 0.158746 0.146639 0.019726 0.135781
0 2 0.521418 0.168637 0.178341 0.024925 0.106679
0 2 0.398321 0.205358 0.217285 0.032528 0.146508
0 2 0.330103 0.225161 0.256111 0.044258 0.144368
0 0 0.539673 0.163869 0.194430 0.024160 0.077868
0 0 0.776088 0.084028 0.092185 0.011131 0.036568
4 1 0.217187 0.208878 0.176336 0.043978 0.353621
4 0 0.085661 0.185490 0.187692 0.039162 0.501994
0 1 0.570272 0.150616 0.143691 0.019796 0.115624
2 0 0.146643 0.241847 0.284227 0.084721 0.242561
0 1 0.327124 0.209210 0.181091 0.025612 0.256962
0 1 0.361426 0.213199 0.214861 0.033754 0.176760
0 1 0.322753 0.194203 0.149082 0.019351 0.314610
0 1 0.498036 0.175674 0.180596 0.023386 0.122308
0 1 0.499155 0.174707 0.179621 0.025954 0.120564
2 1 0.127294 0.240300 0.309186 0.111523 0.211697
4 1 0.249627 0.228765 0.212200 0.055069 0.254340
4 1 0.280677 0.213014 0.183723 0.038902 0.283684
0 1 0.282238 0.234946 0.252360 0.049445 0.181011
0 1 0.384573 0.208320 0.218895 0.035901 0.152311
0 1 0.421546 0.194653 0.190581 0.031887 0.161333
0 1 0.479036 0.178850 0.182571 0.033610 0.125933
0 1 0.363585 0.189939 0.150782 0.028338 0.267355
0 1 0.432579 0.183557 0.158857 0.023659 0.201347
4 1 0.308309 0.190400 0.140253 0.020393 0.340646
0 1 0.512104 0.170632 0.178427 0.027750 0.111087
4 1 0.281270 0.210574 0.174880 0.038093 0.295184
0 1 0.524271 0.160509 0.141695 0.018634 0.154892
0 4 0.547991 0.158430 0.162805 0.027838 0.102935
0 1 0.594959 0.144344 0.145791 0.020601 0.094305
0 1 0.570024 0.148561 0.136056 0.020779 0.124579
0 1 0.709455 0.106787 0.105633 0.013135 0.064991
0 1 0.692393 0.112543 0.113325 0.014976 0.066763
0 1 0.476788 0.175564 0.159932 0.023803 0.163912
0 1 0.572820 0.147577 0.132750 0.016430 0.130423
0 1 0.585369 0.140367 0.118971 0.015210 0.140083
0 1 0.690262 0.113306 0.110720 0.012659 0.073054
0 1 0.727609 0.101258 0.104644 0.011867 0.054622
0 1 0.700680 0.110220 0.112526 0.013516 0.063058
0 1 0.532995 0.150544 0.120300 0.015182 0.180980
0 1 0.455967 0.183272 0.174452 0.029991 0.156318
0 1 0.524015 0.153863 0.124492 0.017181 0.180450
0 1 0.283840 0.222890 0.203994 0.041656 0.247620
0 1 0.474074 0.179548 0.173698 0.026778 0.145903
0 1 0.356433 0.215178 0.217678 0.032171 0.178540
0 1 0.409866 0.198519 0.196383 0.032553 0.162678
0 0 0.440943 0.192058 0.215206 0.038975 0.112817
0 0 0.650268 0.124346 0.113050 0.013079 0.099258
0 1 0.501997 0.173760 0.175834 0.023701 0.124708
0 1 0.442348 0.190017 0.186872 0.026404 0.154360
0 1 0.500249 0.167602 0.149536 0.022253 0.160360
0 1 0.528097 0.150780 0.119002 0.014221 0.187900
0 1 0.669895 0.115094 0.097239 0.011440 0.106332
0 1 0.593461 0.138069 0.116674 0.013026 0.138770
0 1 0.554253 0.153927 0.140512 0.017232 0.134076
0 1 0.631355 0.132691 0.128184 0.013192 0.094579
0 1 0.529112 0.156984 0.134552 0.018572 0.160780
0 1 0.383238 0.190541 0.157034 0.024731 0.244455
0 1 0.569772 0.152033 0.160091 0.026826 0.091279
0 1 0.425453 0.197428 0.225724 0.038613 0.112783
0 1 0.471611 0.179299 0.167721 0.021527 0.159843
0 1 0.262061 0.234696 0.233992 0.049819 0.219432
0 1 0.579039 0.141278 0.118619 0.017298 0.143766
0 1 0.478159 0.174555 0.157333 0.022979 0.166974
0 2 0.618453 0.135695 0.127614 0.014487 0.103751
0 2 0.515571 0.155994 0.126109 0.017699 0.184626
0 2 0.511356 0.158635 0.130496 0.018094 0.181419
0 2 0.360527 0.207686 0.195751 0.037469 0.198566
0 2 0.452152 0.188684 0.192229 0.027225 0.139710
0 2 0.335905 0.207756 0.182078 0.031898 0.242362
0 2 0.388687 0.202543 0.194984 0.033458 0.180328
0 2 0.495754 0.175230 0.180654 0.028555 0.119806
0 2 0.429055 0.196349 0.218653 0.036785 0.119158
0 2 0.413000 0.196789 0.190665 0.030384 0.169162
0 2 0.358506 0.214852 0.225910 0.040395 0.160336
0 2 0.332878 0.222790 0.250024 0.048530 0.145778
0 2 0.307093 0.227254 0.238947 0.048563 0.178143
0 2 0.363938 0.212916 0.225351 0.043004 0.154791
0 1 0.381723 0.200705 0.182643 0.028928 0.206001
0 2 0.489881 0.172239 0.156265 0.019591 0.162024
0 2 0.489520 0.172532 0.159398 0.025196 0.153355
0 2 0.431532 0.188001 0.170872 0.024540 0.185054
0 1 0.469535 0.180245 0.173066 0.027858 0.149296
0 2 0.439929 0.190925 0.192558 0.031447 0.145140
0 2 0.513899 0.169059 0.167585 0.024224 0.125233
0 2 0.475969 0.179244 0.173409 0.025568 0.145810
0 1 0.436758 0.193629 0.214823 0.037494 0.117295
0 2 0.579058 0.147859 0.140832 0.019299 0.112953
0 2 0.525143 0.165363 0.161987 0.022724 0.124782
0 2 0.549808 0.157225 0.153589 0.023649 0.115729
0 2 0.450629 0.183669 0.172523 0.031386 0.161792
0 2 0.305820 0.230969 0.275947 0.052799 0.134465
2 2 0.201745 0.249709 0.276525 0.077208 0.194813
0 2 0.301873 0.222587 0.211474 0.041153 0.222913
0 2 0.303742 0.227714 0.257115 0.061979 0.149450
0 2 0.353739 0.215179 0.242792 0.053918 0.134372
2 2 0.256912 0.237466 0.315877 0.078696 0.111049
0 2 0.449402 0.189684 0.229150 0.039215 0.092549
0 2 0.328907 0.223390 0.256989 0.052927 0.137787
0 2 0.306615 0.225734 0.228354 0.045091 0.194205
2 2 0.173407 0.252797 0.304274 0.097812 0.171710
2 2 0.181117 0.259701 0.340475 0.076273 0.142434
0 2 0.394765 0.206638 0.228754 0.037825 0.132017
0 2 0.461299 0.187501 0.204501 0.029865 0.116835
0 2 0.398088 0.206762 0.237826 0.036554 0.120769
0 2 0.315343 0.226703 0.238341 0.041639 0.177975
0 2 0.415464 0.196232 0.189147 0.028038 0.171119
0 2 0.476086 0.166148 0.134562 0.021064 0.202140
0 2 0.556624 0.155945 0.150353 0.017150 0.119929
0 2 0.629885 0.126294 0.105060 0.012746 0.126015
0 2 0.740860 0.096680 0.106521 0.011957 0.043982
0 0 0.678737 0.117940 0.119759 0.012892 0.070672
0 0 0.679429 0.115376 0.108309 0.015242 0.081643
0 0 0.384063 0.205288 0.232144 0.055947 0.122558
0 0 0.638315 0.124290 0.104432 0.013048 0.119914
4 0 0.296796 0.193732 0.143972 0.022744 0.342756
2 1 0.198721 0.234502 0.240325 0.086442 0.240010
4 1 0.087136 0.204299 0.211599 0.046795 0.450171
4 1 0.164825 0.213384 0.204447 0.046166 0.371178
0 1 0.308627 0.208625 0.176091 0.036605 0.270052
4 1 0.063255 0.176809 0.204845 0.042930 0.512160
2 1 0.183998 0.232954 0.272662 0.049617 0.260770
0 1 0.466193 0.159879 0.119112 0.012133 0.242683
0 2 0.572621 0.150630 0.144153 0.016804 0.115792
0 1 0.604882 0.141910 0.148331 0.020021 0.084857
0 0 0.628208 0.133972 0.135784 0.017826 0.084210
4 1 0.311676 0.187222 0.135727 0.017870 0.347504
0 1 0.478804 0.160713 0.123748 0.014642 0.222094
