2 0 0.172523 0.206137 0.499500 0.101195 0.020644
2 0 0.083123 0.163297 0.627849 0.109290 0.016441
2 0 0.273355 0.234153 0.377191 0.067931 0.047371
2 0 0.213398 0.163051 0.434258 0.141041 0.048252
2 0 0.220594 0.151481 0.440673 0.153126 0.034126
2 0 0.264591 0.257837 0.389047 0.043025 0.045500
2 0 0.250728 0.259329 0.379570 0.051769 0.058604
2 0 0.200697 0.251084 0.429189 0.069868 0.049163
2 0 0.247005 0.256725 0.401819 0.048674 0.045777
2 0 0.293744 0.261450 0.338140 0.040202 0.066464
2 0 0.148041 0.216948 0.521176 0.091780 0.022055
2 0 0.208484 0.216819 0.485648 0.069918 0.019132
2 0 0.192966 0.242352 0.476564 0.059601 0.028517
2 0 0.169693 0.235268 0.500162 0.068929 0.025948
2 0 0.283692 0.196121 0.370273 0.113532 0.036382
2 0 0.211216 0.262156 0.345233 0.029331 0.152065
2 0 0.171750 0.233797 0.470486 0.074089 0.049879
2 0 0.276013 0.256917 0.281136 0.051853 0.134082
2 0 0.276013 0.256917 0.281135 0.051853 0.134083
2 0 0.276013 0.256917 0.281135 0.051853 0.134083
4 0 0.028619 0.105989 0.187768 0.031491 0.646133
4 0 0.028619 0.105989 0.187768 0.031491 0.646133
4 0 0.028619 0.105989 0.187768 0.031491 0.646133
4 0 0.028619 0.105989 0.187768 0.031491 0.646133
4 0 0.028619 0.105989 0.187768 0.031491 0.646133
4 0 0.028619 0.105989 0.187768 0.031491 0.646133
4 0 0.028619 0.105989 0.187768 0.031491 0.646133
4 0 0.028619 0.105989 0.187768 0.031491 0.646133
4 0 0.028619 0.105989 0.187768 0.031491 0.646133
4 0 0.028619 0.105989 0.187768 0.031491 0.646133
4 0 0.028619 0.105989 0.187768 0.031491 0.646133
4 0 0.028619 0.105989 0.187768 0.031491 0.646133
4 0 0.028619 0.105989 0.187768 0.031491 0.646133
4 0 0.028619 0.105989 0.187768 0.031491 0.646133
4 0 0.028619 0.105989 0.187768 0.031491 0.646133
4 0 0.028619 0.105989 0.187768 0.031491 0.646133
4 0 0.028619 0.105989 0.187768 0.031491 0.646133
4 0 0.028619 0.105989 0.187768 0.031491 0.646133
4 0 0.028619 0.105989 0.187768 0.031491 0.646133
4 0 0.028619 0.105989 0.187768 0.031491 0.646133
2 0 0.023369 0.072170 0.475604 0.362834 0.066024
2 0 0.023369 0.072170 0.475604 0.362834 0.066024
2 0 0.023369 0.072169 0.475604 0.362834 0.066024
2 0 0.023369 0.072169 0.475603 0.362837 0.066022
3 0 0.000253 0.001020 0.194123 0.803582 0.001022
0 0 0.548548 0.072376 0.152867 0.212140 0.014069
0 0 0.660389 0.094140 0.133109 0.084860 0.027502
0 0 0.562068 0.119971 0.206325 0.090942 0.020693
0 0 0.719802 0.101548 0.122565 0.033049 0.023037
0 0 0.430326 0.128192 0.264541 0.156069 0.020873
2 0 0.127511 0.210348 0.517335 0.118926 0.025880
2 0 0.111173 0.188230 0.518120 0.160153 0.022325
2 0 0.128360 0.199041 0.500945 0.145059 0.026595
2 0 0.082485 0.164394 0.510560 0.222240 0.020321
2 0 0.126838 0.184869 0.465519 0.191938 0.030835
2 0 0.124237 0.158436 0.514234 0.190290 0.012803
2 0 0.125056 0.148603 0.492917 0.220763 0.012662
2 0 0.170988 0.159167 0.431132 0.217673 0.021040
0 0 0.475074 0.171664 0.243489 0.067417 0.042356
2 0 0.297239 0.197090 0.398980 0.083446 0.023245
2 0 0.182513 0.253873 0.381607 0.066379 0.115628
2 0 0.102749 0.182078 0.489956 0.088401 0.136816
2 0 0.065146 0.150637 0.512288 0.114075 0.157854
2 0 0.074091 0.162404 0.487416 0.090311 0.185779
2 0 0.070106 0.170880 0.542959 0.095127 0.120929
2 0 0.140198 0.200184 0.516214 0.084693 0.058711
2 0 0.131208 0.214708 0.546810 0.083834 0.023441
2 0 0.066829 0.155652 0.624717 0.120073 0.032729
2 0 0.123887 0.221659 0.505151 0.115640 0.033664
2 0 0.098265 0.206651 0.512460 0.149525 0.033099
2 0 0.300466 0.233892 0.409674 0.034336 0.021632
0 0 0.447964 0.179965 0.312595 0.042011 0.017464
2 0 0.178494 0.158467 0.458463 0.189323 0.015254
0 0 0.361702 0.152609 0.335019 0.131702 0.018968
0 0 0.432175 0.154834 0.285106 0.102739 0.025146
2 0 0.097725 0.164991 0.469722 0.238911 0.028652
2 0 0.150610 0.170404 0.486548 0.175266 0.017172
2 0 0.215308 0.226191 0.435674 0.086973 0.035853
2 0 0.153047 0.202033 0.515093 0.110229 0.019598
2 0 0.246553 0.212836 0.438608 0.077787 0.024216
0 0 0.288559 0.256585 0.278574 0.034900 0.141382
0 0 0.313308 0.227758 0.286626 0.067087 0.105222
0 0 0.317599 0.260674 0.285275 0.031783 0.104669
2 0 0.242559 0.241994 0.327738 0.047585 0.140125
2 0 0.091131 0.161096 0.553839 0.085688 0.108246
2 0 0.102892 0.164786 0.543498 0.072341 0.116482
2 0 0.310439 0.241618 0.316426 0.029642 0.101876
0 0 0.431231 0.197454 0.197619 0.051904 0.121792
0 0 0.385915 0.246582 0.213343 0.020960 0.133200
2 0 0.167731 0.192145 0.363048 0.051927 0.225148
2 0 0.022146 0.092064 0.531946 0.263287 0.090557
2 0 0.011654 0.064245 0.612011 0.287507 0.024583
2 0 0.016552 0.076346 0.613756 0.269455 0.023890
2 0 0.016689 0.083078 0.600887 0.276368 0.022978
2 1 0.016269 0.081629 0.601117 0.276878 0.024106
3 1 0.013842 0.041231 0.451866 0.486366 0.006695
2 1 0.011051 0.037998 0.476002 0.468764 0.006185
3 1 0.006961 0.027502 0.476334 0.483449 0.005753
2 2 0.009638 0.038353 0.508098 0.435876 0.008035
3 2 0.004591 0.018382 0.438018 0.529643 0.009366
2 2 0.009054 0.053977 0.458214 0.164083 0.314673
2 2 0.010029 0.057496 0.451139 0.160776 0.320560
2 2 0.008280 0.051567 0.454804 0.155824 0.329525
2 2 0.009462 0.054898 0.464076 0.174135 0.297429
2 2 0.009854 0.056333 0.460904 0.172168 0.300741
2 2 0.013504 0.063850 0.477876 0.233537 0.211234
2 2 0.014069 0.065843 0.472088 0.225264 0.222736
2 2 0.013053 0.063333 0.477144 0.223631 0.222839
2 2 0.014468 0.068451 0.517270 0.258055 0.141756
2 2 0.013044 0.063313 0.512551 0.260115 0.150977
2 2 0.011855 0.054229 0.483625 0.278803 0.171488
2 2 0.008983 0.047175 0.496865 0.268996 0.177980
2 2 0.011089 0.057054 0.514595 0.260114 0.157148
2 2 0.015009 0.068562 0.500536 0.256462 0.159431
2 2 0.010473 0.055962 0.532618 0.265902 0.135044
2 2 0.009980 0.053098 0.561766 0.300091 0.075065
2 2 0.008984 0.047589 0.553805 0.314746 0.074875
2 2 0.009534 0.049940 0.561839 0.317038 0.061649
2 2 0.012540 0.056229 0.506146 0.300290 0.124796
2 3 0.012256 0.058015 0.542057 0.308451 0.079221
2 3 0.010410 0.056519 0.546320 0.270125 0.116625
2 3 0.012883 0.065513 0.553456 0.272662 0.095486
2 3 0.013528 0.068153 0.560024 0.274332 0.083963
2 3 0.012200 0.063544 0.558463 0.273881 0.091912
2 3 0.015077 0.070608 0.526309 0.265118 0.122888
2 3 0.022495 0.090896 0.515259 0.262116 0.109235
2 3 0.016338 0.075131 0.512322 0.243586 0.152623
2 3 0.015372 0.073387 0.550365 0.271969 0.088906
2 3 0.019216 0.083341 0.518369 0.252439 0.126635
2 3 0.018809 0.084763 0.532979 0.245323 0.118126
2 3 0.013122 0.067695 0.571828 0.276902 0.070453
2 3 0.012952 0.067063 0.575625 0.280180 0.064181
2 3 0.014718 0.072495 0.565010 0.275349 0.072427
2 3 0.014727 0.069205 0.559937 0.294851 0.061280
2 3 0.014264 0.070812 0.562918 0.275043 0.076963
2 3 0.014947 0.073531 0.568282 0.275947 0.067292
2 3 0.019483 0.084764 0.538402 0.268713 0.088639
2 3 0.016732 0.078044 0.554895 0.272938 0.077390
2 3 0.015964 0.076116 0.560347 0.274214 0.073360
2 3 0.013979 0.070144 0.566179 0.275676 0.074023
2 3 0.013380 0.067776 0.564906 0.277290 0.076648
2 3 0.013181 0.067915 0.573338 0.277929 0.067638
2 3 0.012769 0.066722 0.574947 0.277537 0.068025
2 3 0.013583 0.067921 0.568303 0.283834 0.066358
2 3 0.013268 0.067084 0.568935 0.282754 0.067959
2 3 0.010697 0.049470 0.549109 0.355679 0.035046
2 3 0.009136 0.041251 0.527520 0.382429 0.039666
2 3 0.009362 0.043668 0.541456 0.370916 0.034598
2 3 0.010467 0.047364 0.539250 0.363811 0.039109
2 3 0.011777 0.051989 0.545504 0.360814 0.029916
2 3 0.010104 0.055398 0.588521 0.304094 0.041883
2 3 0.011284 0.059276 0.567822 0.290165 0.071453
2 3 0.016177 0.073308 0.556243 0.294173 0.060099
2 3 0.017494 0.081663 0.567645 0.275147 0.058051
2 3 0.014145 0.070890 0.568497 0.276123 0.070344
2 3 0.010306 0.043302 0.519260 0.394169 0.032963
2 3 0.010190 0.043908 0.527088 0.388670 0.030145
2 3 0.009192 0.039752 0.520625 0.402636 0.027796
2 3 0.008911 0.038402 0.515244 0.405980 0.031464
2 3 0.009956 0.041135 0.515671 0.409890 0.023348
2 3 0.012716 0.063213 0.562888 0.293793 0.067391
2 3 0.012143 0.061299 0.573058 0.302344 0.051156
2 3 0.011035 0.059330 0.580021 0.291896 0.057718
2 3 0.015624 0.068797 0.546528 0.307263 0.061787
2 3 0.016980 0.077193 0.568138 0.293863 0.043826
2 3 0.013320 0.067410 0.573506 0.285227 0.060538
2 3 0.013558 0.068928 0.584176 0.288249 0.045089
2 3 0.015833 0.075884 0.562409 0.274655 0.071219
2 3 0.015431 0.074860 0.565442 0.275320 0.068947
2 3 0.018314 0.082590 0.551690 0.271996 0.075409
2 3 0.012772 0.057929 0.556001 0.337819 0.035479
2 3 0.015816 0.065554 0.538892 0.331936 0.047802
2 3 0.013234 0.062971 0.562920 0.309971 0.050903
2 3 0.014679 0.060367 0.533491 0.346246 0.045218
2 3 0.015722 0.065569 0.540417 0.330958 0.047335
2 3 0.013295 0.068844 0.578564 0.278069 0.061227
2 3 0.015255 0.074500 0.567835 0.275803 0.066606
2 3 0.014209 0.072205 0.581025 0.278159 0.054403
2 3 0.012681 0.067623 0.589517 0.279720 0.050460
2 3 0.016846 0.078273 0.553508 0.272615 0.078758
2 3 0.018017 0.082764 0.562510 0.274161 0.062548
2 3 0.016033 0.077912 0.576851 0.276938 0.052266
2 3 0.014911 0.074003 0.574847 0.277066 0.059173
2 3 0.020024 0.087548 0.550359 0.271367 0.070702
2 3 0.017342 0.080318 0.558948 0.273680 0.069712
2 3 0.016661 0.075062 0.559349 0.294646 0.054282
2 3 0.022442 0.093311 0.545988 0.273593 0.064667
2 3 0.016580 0.077815 0.569654 0.282975 0.052977
2 3 0.016574 0.076290 0.565888 0.289848 0.051400
2 3 0.015274 0.072167 0.569806 0.293769 0.048985
2 3 0.020076 0.079160 0.529652 0.306013 0.065099
2 3 0.022333 0.091804 0.552066 0.284924 0.048874
2 3 0.014346 0.070528 0.572773 0.286653 0.055699
2 3 0.017208 0.077047 0.557507 0.290691 0.057547
2 3 0.015144 0.071272 0.558994 0.288458 0.066131
2 3 0.272175 0.261566 0.341845 0.048320 0.076094
0 3 0.338356 0.257498 0.266568 0.032970 0.104608
0 1 0.349443 0.235937 0.276570 0.049493 0.088557
0 2 0.314949 0.248643 0.303188 0.047461 0.085759
2 2 0.288488 0.255609 0.386197 0.033512 0.036194
2 1 0.272351 0.235043 0.403208 0.055376 0.034022
2 1 0.182392 0.213920 0.464141 0.109084 0.030463
2 1 0.292656 0.258710 0.310663 0.046415 0.091556
2 1 0.272702 0.256122 0.354475 0.051153 0.065548
0 1 0.303664 0.255888 0.299903 0.045642 0.094904
2 0 0.209690 0.218435 0.440750 0.097735 0.033390
2 0 0.298003 0.227910 0.358506 0.067758 0.047823
2 1 0.261836 0.259123 0.380621 0.046122 0.052299
2 0 0.196121 0.246433 0.457401 0.064106 0.035938
2 0 0.269439 0.218203 0.386766 0.085630 0.039962
2 1 0.221850 0.241279 0.435725 0.064646 0.036500
2 0 0.140617 0.221757 0.511642 0.098668 0.027317
2 0 0.148590 0.212741 0.514359 0.101455 0.022855
2 0 0.230281 0.219953 0.438822 0.081685 0.029260
2 0 0.235031 0.254655 0.416480 0.051426 0.042408
2 0 0.314799 0.200405 0.365377 0.087027 0.032392
3 0 0.186271 0.073507 0.213450 0.501933 0.024840
0 0 0.598573 0.100033 0.160488 0.115303 0.025602
2 0 0.308414 0.193606 0.361295 0.103158 0.033527
2 0 0.330166 0.210591 0.367740 0.062062 0.029440
0 0 0.524379 0.197531 0.201021 0.021967 0.055102
0 0 0.472810 0.205468 0.214976 0.029369 0.077377
0 0 0.491637 0.219220 0.202357 0.017285 0.069501
0 0 0.394000 0.250872 0.252938 0.022746 0.079443
0 1 0.383802 0.254425 0.253498 0.018214 0.090061
2 0 0.208411 0.233304 0.469921 0.036054 0.052309
0 0 0.354116 0.258077 0.283825 0.027970 0.076012
0 0 0.369077 0.255680 0.258857 0.024270 0.092116
0 0 0.357212 0.252369 0.254928 0.031279 0.104211
2 0 0.252803 0.200134 0.347832 0.074730 0.124502
0 0 0.629123 0.091811 0.160523 0.101970 0.016573
0 0 0.611622 0.106147 0.210965 0.062311 0.008954
0 0 0.596923 0.071669 0.132548 0.180957 0.017903
0 0 0.443511 0.095137 0.193834 0.244015 0.023502
2 0 0.194087 0.166679 0.467816 0.156814 0.014603
2 0 0.189009 0.147443 0.428499 0.219623 0.015427
2 1 0.127969 0.150886 0.520500 0.190511 0.010135
2 1 0.123448 0.148726 0.542112 0.177506 0.008208
0 0 0.392443 0.125023 0.268699 0.191921 0.021915
3 0 0.280520 0.051340 0.135914 0.514964 0.017262
0 1 0.422708 0.089738 0.169924 0.284042 0.033588
2 0 0.104780 0.119137 0.590251 0.133018 0.052814
0 0 0.438112 0.164259 0.239756 0.104535 0.053339
3 0 0.140223 0.054649 0.249548 0.535385 0.020194
3 0 0.206001 0.066467 0.134223 0.546531 0.046777
0 0 0.468897 0.017538 0.037006 0.467389 0.009170
0 0 0.329520 0.132620 0.264100 0.237361 0.036398
0 1 0.569510 0.112152 0.181318 0.110032 0.026988
0 0 0.415624 0.148966 0.304928 0.111347 0.019135
0 0 0.439521 0.047256 0.085527 0.399381 0.028315
0 0 0.499185 0.102332 0.166629 0.192770 0.039084
2 0 0.291656 0.135399 0.294394 0.247620 0.030932
0 0 0.405176 0.085828 0.176998 0.306283 0.025714
3 0 0.382724 0.060639 0.119282 0.408563 0.028792
3 0 0.044034 0.032630 0.189707 0.717534 0.016094
2 0 0.224712 0.159263 0.340604 0.235410 0.040010
3 0 0.285367 0.096616 0.220645 0.367551 0.029822
0 0 0.713454 0.060104 0.093580 0.115262 0.017600
0 1 0.427767 0.134322 0.207104 0.174261 0.056546
0 0 0.331328 0.203204 0.311457 0.087286 0.066725
0 0 0.341394 0.161469 0.317832 0.137135 0.042170
2 0 0.246293 0.126321 0.333184 0.265794 0.028408
0 0 0.358499 0.196766 0.305556 0.089408 0.049771
3 0 0.256269 0.043890 0.121964 0.565789 0.012088
0 0 0.397052 0.209065 0.294700 0.053211 0.045972
2 0 0.301088 0.135942 0.305407 0.231191 0.026371
0 0 0.553782 0.081573 0.134447 0.199208 0.030989
3 0 0.395764 0.051453 0.113936 0.420950 0.017897
3 0 0.313524 0.055206 0.106409 0.489271 0.035590
0 0 0.499857 0.090918 0.157732 0.219161 0.032333
3 0 0.259506 0.078493 0.267397 0.385014 0.009590
3 0 0.178497 0.024344 0.066753 0.719071 0.011335
3 0 0.380368 0.065064 0.141933 0.391040 0.021594
0 0 0.402990 0.162797 0.288878 0.113044 0.032292
0 0 0.607624 0.113794 0.168724 0.081983 0.027875
3 0 0.302956 0.078098 0.192488 0.382648 0.043810
3 0 0.114532 0.015389 0.050396 0.808447 0.011236
3 0 0.303218 0.087218 0.193329 0.379912 0.036323
2 0 0.116952 0.129168 0.609377 0.131164 0.013339
2 0 0.233910 0.117151 0.434755 0.194587 0.019598
3 0 0.316322 0.106945 0.217494 0.322407 0.036832
3 1 0.259551 0.111881 0.215367 0.359868 0.053334
2 0 0.224771 0.186568 0.422498 0.138968 0.027195
3 0 0.046729 0.017014 0.101781 0.820112 0.014365
3 0 0.045716 0.010812 0.061557 0.878776 0.003139
0 0 0.493801 0.113508 0.184833 0.169167 0.038691
0 0 0.630738 0.085869 0.133811 0.123971 0.025611
0 0 0.586634 0.101480 0.155422 0.124685 0.031779
0 0 0.609031 0.111556 0.189476 0.073156 0.016782
0 0 0.577241 0.107727 0.191066 0.104947 0.019019
2 0 0.018391 0.082892 0.409040 0.144440 0.345237
2 0 0.021102 0.088994 0.411349 0.154231 0.324324
2 0 0.022895 0.092003 0.419468 0.169907 0.295727
2 0 0.024067 0.093118 0.428107 0.187751 0.266957
2 0 0.053611 0.138109 0.376462 0.112930 0.318888
0 0 0.307505 0.229453 0.181643 0.016167 0.265233
0 0 0.281544 0.242034 0.234111 0.021463 0.220849
2 0 0.214362 0.215661 0.301389 0.059627 0.208962
4 0 0.277730 0.230628 0.193379 0.016096 0.282167
4 0 0.215967 0.242737 0.255564 0.020357 0.265375
2 0 0.303433 0.219512 0.361085 0.073349 0.042621
0 0 0.426773 0.179679 0.241201 0.087059 0.065288
2 0 0.250729 0.247237 0.424551 0.045598 0.031884
0 0 0.465104 0.182578 0.277483 0.046793 0.028040
0 0 0.334806 0.223245 0.324820 0.063334 0.053794
2 0 0.286827 0.222994 0.399896 0.060533 0.029749
2 0 0.218733 0.235470 0.467859 0.054120 0.023818
0 0 0.471506 0.203652 0.231443 0.034658 0.058743
0 0 0.376127 0.188758 0.344824 0.066819 0.023472
0 0 0.421963 0.235270 0.268895 0.023103 0.050770
2 0 0.261749 0.248122 0.352200 0.044506 0.093422
2 0 0.174600 0.224340 0.411730 0.068287 0.121043
2 0 0.131840 0.212111 0.486102 0.098242 0.071704
2 1 0.279926 0.262310 0.301748 0.034886 0.121131
2 0 0.125660 0.188769 0.525732 0.072613 0.087226
0 0 0.422964 0.228895 0.248577 0.029902 0.069661
0 0 0.416949 0.217908 0.275591 0.038487 0.051066
0 0 0.349394 0.257659 0.270988 0.030018 0.091941
0 0 0.375397 0.217320 0.270075 0.059891 0.077318
0 1 0.470401 0.211229 0.226425 0.028779 0.063167
0 0 0.446708 0.144913 0.316208 0.080330 0.011841
2 0 0.301646 0.163463 0.406088 0.115202 0.013601
0 0 0.336166 0.115537 0.296885 0.236399 0.015012
0 0 0.316217 0.116600 0.311264 0.241831 0.014087
3 1 0.305681 0.080096 0.188457 0.403037 0.022729
2 1 0.170035 0.096523 0.434247 0.295307 0.003889
2 1 0.135074 0.078875 0.407147 0.375988 0.002916
2 1 0.176150 0.102722 0.402763 0.312051 0.006315
2 1 0.222640 0.108324 0.384347 0.277362 0.007327
3 1 0.060309 0.027369 0.187160 0.723693 0.001469
3 1 0.301415 0.090517 0.232517 0.357871 0.017680
0 1 0.496068 0.127930 0.229517 0.121572 0.024913
0 1 0.351094 0.103516 0.283183 0.250522 0.011685
0 0 0.441847 0.153183 0.261463 0.110757 0.032750
0 0 0.437709 0.061271 0.116085 0.357191 0.027744
3 1 0.203355 0.122815 0.247715 0.369408 0.056708
0 1 0.546346 0.062418 0.099099 0.257832 0.034305
3 1 0.148526 0.113181 0.290806 0.369851 0.077636
2 1 0.193743 0.217908 0.451105 0.096428 0.040817
2 1 0.184712 0.217960 0.452703 0.103846 0.040780
2 1 0.062632 0.149408 0.412877 0.104433 0.270650
2 1 0.117483 0.192491 0.341617 0.087071 0.261337
2 1 0.138496 0.218147 0.454820 0.094282 0.094255
2 1 0.057490 0.148989 0.489294 0.151217 0.153011
2 1 0.062428 0.152032 0.451565 0.138393 0.195581
2 1 0.015638 0.075469 0.417096 0.144987 0.346810
2 1 0.015464 0.075838 0.400587 0.129146 0.378965
2 1 0.015996 0.077459 0.396202 0.126694 0.383649
2 1 0.015107 0.074737 0.403561 0.130828 0.375766
2 1 0.012059 0.065954 0.402218 0.121857 0.397911
0 1 0.315853 0.243692 0.300561 0.053579 0.086315
0 1 0.357360 0.224780 0.282523 0.058356 0.076982
3 0 0.137925 0.063503 0.216320 0.521127 0.061125
0 0 0.583019 0.169551 0.169819 0.024532 0.053078
0 0 0.489318 0.139570 0.223077 0.112198 0.035838
3 0 0.046189 0.018587 0.107144 0.825130 0.002950
2 1 0.084990 0.125465 0.561443 0.222667 0.005435
2 1 0.080624 0.115978 0.549160 0.249438 0.004800
2 1 0.090215 0.132890 0.545204 0.224474 0.007217
2 1 0.106764 0.158899 0.535553 0.186665 0.012119
2 1 0.022742 0.084556 0.545774 0.330337 0.016590
2 1 0.027143 0.097478 0.545886 0.316126 0.013367
2 2 0.033048 0.108964 0.528192 0.310358 0.019438
2 2 0.036664 0.114314 0.519967 0.314049 0.015006
2 2 0.027676 0.095959 0.536722 0.323737 0.015907
2 2 0.038749 0.135312 0.534268 0.259749 0.031923
2 2 0.013741 0.063494 0.481564 0.249087 0.192114
2 2 0.014207 0.064606 0.477179 0.247562 0.196446
2 2 0.010870 0.056804 0.523246 0.262978 0.146101
2 2 0.011067 0.055790 0.493240 0.252401 0.187501
2 2 0.010828 0.053565 0.515037 0.283221 0.137349
2 2 0.010177 0.056372 0.558807 0.273918 0.100727
2 2 0.012236 0.060260 0.504934 0.257168 0.165403
2 2 0.013946 0.067358 0.530296 0.266165 0.122236
2 2 0.015056 0.071485 0.538866 0.268874 0.105719
2 2 0.011156 0.055818 0.552177 0.304602 0.076247
2 2 0.012484 0.060405 0.544094 0.295226 0.087790
2 2 0.014789 0.069586 0.555148 0.289475 0.071001
2 2 0.014001 0.067177 0.563941 0.296240 0.058642
2 2 0.012577 0.062657 0.570746 0.301152 0.052868
2 2 0.007984 0.039138 0.546324 0.378799 0.027755
2 2 0.014353 0.059731 0.539868 0.350149 0.035898
2 2 0.011537 0.053317 0.551890 0.343200 0.040056
2 2 0.011528 0.048823 0.534225 0.380311 0.025113
2 2 0.009213 0.042921 0.541834 0.375687 0.030345
2 2 0.009038 0.039758 0.524994 0.399926 0.026283
2 2 0.009884 0.043341 0.531084 0.388341 0.027350
2 2 0.010773 0.044968 0.524152 0.394195 0.025912
2 2 0.014194 0.056102 0.526860 0.371402 0.031443
2 -1 0.015366 0.059273 0.522331 0.364828 0.038202
2 2 0.009598 0.049303 0.573482 0.337600 0.030016
2 2 0.011314 0.054158 0.556849 0.330976 0.046703
2 2 0.011144 0.052681 0.551465 0.336207 0.048503
2 2 0.013102 0.060778 0.562495 0.325732 0.037893
2 2 0.012579 0.056981 0.547435 0.333410 0.049595
2 2 0.010997 0.054372 0.564836 0.325175 0.044620
2 2 0.009841 0.047579 0.555475 0.351950 0.035155
2 2 0.010197 0.047180 0.543021 0.359233 0.040369
2 2 0.009658 0.048927 0.559967 0.331973 0.049474
2 2 0.009617 0.046749 0.553389 0.351303 0.038942
2 2 0.010813 0.058699 0.572138 0.284249 0.074101
2 2 0.011301 0.061807 0.581307 0.280206 0.065379
2 2 0.012817 0.066839 0.574303 0.277411 0.068630
2 2 0.014287 0.072171 0.573280 0.272350 0.067911
2 2 0.014457 0.071760 0.566516 0.275688 0.071579
2 2 0.009985 0.056237 0.591981 0.294782 0.047015
2 2 0.015627 0.075034 0.563440 0.276707 0.069193
2 2 0.012198 0.064484 0.579504 0.282926 0.060888
2 2 0.010643 0.060180 0.597233 0.285777 0.046167
2 2 0.010467 0.056084 0.574748 0.298700 0.060001
2 2 0.075811 0.167421 0.489297 0.087227 0.180244
2 2 0.065775 0.149704 0.534578 0.075392 0.174550
2 2 0.078528 0.168005 0.519642 0.088272 0.145552
2 2 0.096386 0.171755 0.413931 0.038655 0.279273
2 2 0.097572 0.151210 0.394417 0.027004 0.329798
4 3 0.152735 0.173632 0.278284 0.013853 0.381496
2 3 0.056675 0.137434 0.479656 0.046588 0.279646
2 3 0.093192 0.170976 0.429476 0.032185 0.274171
2 3 0.081359 0.172412 0.491774 0.067502 0.186953
2 3 0.076014 0.169587 0.532587 0.069289 0.152524
2 3 0.046072 0.135091 0.568175 0.152412 0.098250
2 3 0.058089 0.147354 0.540881 0.162556 0.091120
2 3 0.040591 0.120273 0.602072 0.136573 0.100491
2 3 0.091618 0.189542 0.472522 0.098036 0.148282
2 3 0.067765 0.190440 0.500960 0.114887 0.125948
2 3 0.099077 0.202244 0.554358 0.123410 0.020911
2 2 0.224589 0.219177 0.441125 0.085423 0.029684
2 2 0.116689 0.218242 0.504900 0.125511 0.034658
2 2 0.150702 0.226892 0.524808 0.075523 0.022075
2 2 0.151994 0.224796 0.534577 0.069674 0.018960
2 1 0.226979 0.249913 0.442020 0.048780 0.032308
0 1 0.379399 0.232863 0.311532 0.033410 0.042797
2 1 0.245389 0.159407 0.274223 0.183282 0.137698
2 1 0.289765 0.261719 0.333549 0.042348 0.072618
2 1 0.259432 0.257702 0.320215 0.059148 0.103502
2 1 0.073326 0.177124 0.537728 0.169357 0.042465
2 1 0.051630 0.148022 0.570226 0.190041 0.040082
2 1 0.058585 0.155057 0.576834 0.168765 0.040758
2 1 0.188352 0.246736 0.436578 0.073516 0.054818
2 1 0.238038 0.248171 0.392676 0.066337 0.054777
2 1 0.216562 0.255439 0.402967 0.066133 0.058899
2 1 0.078061 0.169805 0.575535 0.126900 0.049699
2 1 0.112312 0.192650 0.519314 0.098431 0.077293
2 1 0.095313 0.187266 0.439883 0.093831 0.183707
2 1 0.085037 0.183852 0.545196 0.140012 0.045903
2 2 0.035974 0.103151 0.493964 0.339600 0.027312
2 2 0.073862 0.154805 0.494829 0.255786 0.020718
2 2 0.056322 0.130907 0.566352 0.238517 0.007903
2 2 0.067705 0.132333 0.586643 0.207173 0.006146
2 1 0.090885 0.101673 0.406199 0.391769 0.009474
3 2 0.017423 0.007164 0.080189 0.894137 0.001087
2 2 0.103859 0.093459 0.478202 0.321045 0.003435
2 2 0.078830 0.074690 0.452801 0.391402 0.002277
2 2 0.077766 0.078941 0.453399 0.387104 0.002790
3 1 0.071704 0.066576 0.415728 0.443809 0.002183
0 1 0.511860 0.124460 0.179889 0.134225 0.049565
0 1 0.333295 0.193562 0.332808 0.099874 0.040461
2 1 0.215699 0.215539 0.437270 0.096608 0.034883
2 2 0.167366 0.229578 0.522480 0.061364 0.019212
2 2 0.140161 0.220651 0.537048 0.079776 0.022364
2 2 0.020930 0.083645 0.481868 0.250822 0.162734
2 2 0.019095 0.082077 0.521285 0.263933 0.113609
2 2 0.022785 0.096649 0.556177 0.268085 0.056305
2 2 0.027297 0.109333 0.552872 0.262618 0.047879
2 2 0.023355 0.098946 0.563634 0.271802 0.042264
2 2 0.017619 0.076106 0.562215 0.309429 0.034631
2 2 0.026437 0.097387 0.546047 0.307277 0.022852
2 2 0.030599 0.107611 0.541992 0.302031 0.017766
2 2 0.023580 0.087472 0.547396 0.326103 0.015449
2 2 0.024830 0.095523 0.555983 0.303983 0.019682
2 2 0.126118 0.220059 0.523383 0.103475 0.026965
2 2 0.134294 0.224872 0.511984 0.099350 0.029501
2 1 0.117663 0.213186 0.544200 0.103052 0.021899
0 1 0.360261 0.179655 0.318428 0.106435 0.035221
2 1 0.226994 0.216360 0.433542 0.083851 0.039254
0 0 0.386533 0.205230 0.345738 0.040454 0.022045
0 0 0.426866 0.187880 0.303979 0.053954 0.027321
0 0 0.432253 0.141649 0.214321 0.154797 0.056980
0 0 0.374005 0.164268 0.339972 0.102087 0.019669
0 0 0.328829 0.148096 0.319753 0.178054 0.025269
0 0 0.430406 0.112023 0.303240 0.146390 0.007940
2 0 0.309817 0.112017 0.309933 0.255359 0.012874
3 0 0.341581 0.062346 0.169390 0.414864 0.011819
0 1 0.591669 0.095448 0.180327 0.117210 0.015346
0 1 0.508559 0.062134 0.130389 0.282663 0.016255
0 1 0.360339 0.241922 0.268363 0.034601 0.094775
2 4 0.251956 0.254232 0.414199 0.043059 0.036553
2 4 0.194734 0.224211 0.290447 0.064148 0.226460
2 4 0.219445 0.236388 0.270375 0.065193 0.208599
2 4 0.201704 0.227448 0.276074 0.059482 0.235292
2 4 0.037072 0.124612 0.460694 0.215134 0.162488
4 4 0.019410 0.088015 0.342929 0.094645 0.455001
4 4 0.021574 0.093737 0.323332 0.085656 0.475701
4 4 0.021347 0.092770 0.345596 0.098807 0.441480
4 4 0.014157 0.073120 0.370447 0.103941 0.438335
4 4 0.032952 0.107767 0.225846 0.034119 0.599317
4 4 0.016108 0.079463 0.297066 0.067150 0.540213
4 4 0.019672 0.089091 0.288745 0.066499 0.535993
4 4 0.017710 0.083879 0.288004 0.064573 0.545835
4 4 0.016806 0.081399 0.289593 0.064498 0.547704
4 4 0.063757 0.134913 0.159673 0.015069 0.626588
4 4 0.087387 0.150861 0.159273 0.013364 0.589114
4 4 0.049190 0.122736 0.193274 0.021569 0.613230
4 4 0.050410 0.113109 0.120469 0.008693 0.707319
4 4 0.082883 0.147453 0.180389 0.015857 0.573417
4 4 0.016484 0.080428 0.327938 0.082501 0.492650
4 4 0.013395 0.071355 0.335372 0.082389 0.497489
4 4 0.014219 0.073938 0.321130 0.076326 0.514387
4 4 0.016506 0.080570 0.315846 0.076351 0.510727
4 4 0.015962 0.079006 0.321911 0.078773 0.504348
4 4 0.093503 0.161716 0.200209 0.021118 0.523454
4 4 0.070821 0.140927 0.231170 0.024998 0.532084
4 4 0.083841 0.151928 0.196798 0.019547 0.547885
4 4 0.078769 0.150379 0.222485 0.025018 0.523350
4 4 0.226704 0.199917 0.154350 0.009592 0.409437
4 4 0.088315 0.167748 0.319344 0.064239 0.360354
4 4 0.145068 0.190708 0.229010 0.025527 0.409687
4 4 0.097578 0.175821 0.261176 0.042347 0.423079
4 4 0.064522 0.143922 0.275992 0.042641 0.472923
4 4 0.054630 0.130307 0.254574 0.033916 0.526572
4 4 0.015873 0.078160 0.363823 0.102638 0.439506
4 4 0.016949 0.081359 0.352427 0.097100 0.452165
4 4 0.016256 0.079339 0.358510 0.099851 0.446044
4 4 0.015441 0.077293 0.345063 0.090542 0.471662
4 4 0.015107 0.076335 0.345105 0.090087 0.473367
4 4 0.019855 0.089519 0.280247 0.062883 0.547495
4 4 0.020651 0.091382 0.263486 0.056424 0.568057
4 4 0.019503 0.088672 0.296933 0.070128 0.524765
4 4 0.027147 0.106846 0.267874 0.062215 0.535917
4 4 0.023289 0.098081 0.293776 0.071710 0.513145
2 0 0.167724 0.207657 0.452729 0.136142 0.035748
2 1 0.202163 0.167017 0.461614 0.154343 0.014863
2 1 0.128998 0.168724 0.509299 0.177360 0.015618
2 1 0.183154 0.186011 0.470822 0.139532 0.020482
2 1 0.142135 0.160163 0.523174 0.163839 0.010689
2 1 0.118382 0.185296 0.526440 0.151190 0.018691
2 1 0.128030 0.204020 0.536297 0.111883 0.019770
2 1 0.090929 0.189400 0.602241 0.105590 0.011840
2 1 0.102279 0.199324 0.581750 0.101934 0.014713
2 1 0.122328 0.214241 0.548455 0.094809 0.020167
2 1 0.066749 0.179834 0.506781 0.215192 0.031444
2 1 0.051674 0.159114 0.553919 0.218067 0.017226
2 2 0.060629 0.168686 0.570509 0.184019 0.016157
2 2 0.059681 0.166613 0.581467 0.177919 0.014319
2 2 0.069176 0.180186 0.541242 0.186345 0.023052
2 2 0.022155 0.076081 0.525089 0.363078 0.013596
2 2 0.023656 0.076920 0.513275 0.370912 0.015237
2 2 0.025164 0.079629 0.508900 0.370037 0.016271
2 2 0.030317 0.083317 0.481203 0.388726 0.016437
2 2 0.031826 0.088235 0.487212 0.379189 0.013538
2 2 0.077506 0.169841 0.522684 0.208883 0.021085
2 2 0.073468 0.158354 0.520003 0.230113 0.018062
2 2 0.054744 0.145489 0.596890 0.194089 0.008787
2 2 0.056613 0.136952 0.582046 0.216359 0.008029
2 2 0.038893 0.112466 0.575005 0.268138 0.005498
2 2 0.048604 0.074061 0.441575 0.432560 0.003199
3 2 0.044700 0.065735 0.426333 0.460764 0.002467
2 2 0.058803 0.072378 0.444709 0.421530 0.002580
3 2 0.050302 0.068249 0.434010 0.444953 0.002487
3 2 0.053602 0.071911 0.419358 0.451832 0.003297
2 2 0.069167 0.082813 0.448558 0.395757 0.003704
3 2 0.059700 0.071182 0.422870 0.443344 0.002904
2 2 0.083164 0.095179 0.441494 0.374369 0.005794
3 2 0.057804 0.072790 0.416925 0.449104 0.003378
3 2 0.063490 0.069461 0.406858 0.457235 0.002955
2 1 0.142152 0.140467 0.495247 0.212867 0.009266
2 1 0.168324 0.225645 0.450577 0.112279 0.043175
2 1 0.139228 0.226937 0.509338 0.094963 0.029535
2 1 0.170092 0.176320 0.437546 0.189188 0.026854
2 1 0.105972 0.147585 0.485754 0.245658 0.015030
2 1 0.186524 0.145125 0.453431 0.203255 0.011664
2 2 0.144092 0.134545 0.482584 0.229838 0.008940
2 2 0.161326 0.145616 0.452237 0.227036 0.013785
2 2 0.168443 0.142119 0.442236 0.233738 0.013465
2 2 0.174361 0.148782 0.422826 0.235877 0.018153
2 2 0.147702 0.131847 0.453808 0.255997 0.010645
2 2 0.121840 0.121459 0.460381 0.287437 0.008883
2 2 0.160702 0.130540 0.436483 0.261033 0.011242
2 2 0.174777 0.127842 0.418683 0.267179 0.011520
2 2 0.183477 0.134855 0.420392 0.248359 0.012918
2 2 0.101567 0.108710 0.452942 0.329416 0.007366
2 2 0.119941 0.098928 0.403049 0.370690 0.007392
2 2 0.160396 0.112140 0.402074 0.316074 0.009316
2 2 0.139920 0.107127 0.400872 0.343143 0.008938
2 2 0.152895 0.121927 0.404776 0.307842 0.012561
2 2 0.106573 0.103131 0.430593 0.352484 0.007219
2 2 0.153785 0.109764 0.396710 0.330324 0.009417
2 2 0.122809 0.108633 0.410659 0.348488 0.009411
2 2 0.139255 0.119822 0.413952 0.315293 0.011678
2 2 0.120471 0.117164 0.469581 0.285475 0.007308
2 2 0.163326 0.125851 0.409989 0.288233 0.012601
2 2 0.136815 0.118473 0.439807 0.295924 0.008981
2 2 0.142276 0.114109 0.435931 0.299750 0.007934
2 2 0.124570 0.106229 0.420276 0.341035 0.007890
2 2 0.139757 0.128461 0.458302 0.263666 0.009815
2 2 0.086295 0.091512 0.417217 0.398881 0.006095
3 2 0.096941 0.098304 0.392342 0.403235 0.009178
2 2 0.123169 0.111093 0.408636 0.346759 0.010343
2 2 0.077181 0.088311 0.462691 0.367940 0.003878
2 2 0.069876 0.078135 0.424801 0.423526 0.003662
3 2 0.023192 0.047274 0.384449 0.540586 0.004499
3 2 0.029424 0.060640 0.405507 0.500773 0.003656
3 2 0.027510 0.057956 0.406894 0.504095 0.003544
3 2 0.034826 0.067871 0.400779 0.490869 0.005656
3 2 0.024242 0.049617 0.389318 0.533208 0.003615
3 2 0.026624 0.056011 0.403835 0.509212 0.004318
3 2 0.032833 0.063605 0.395792 0.503579 0.004191
3 2 0.023706 0.050683 0.400197 0.522609 0.002805
3 2 0.031742 0.063716 0.403158 0.496933 0.004451
3 3 0.026607 0.052391 0.385612 0.531959 0.003431
3 3 0.028747 0.066774 0.436552 0.462292 0.005635
3 3 0.038933 0.079755 0.420931 0.454709 0.005672
3 3 0.035100 0.071115 0.412274 0.477065 0.004446
3 3 0.035190 0.075222 0.426301 0.457094 0.006193
3 3 0.025531 0.061190 0.437600 0.471171 0.004507
2 3 0.037855 0.084399 0.441852 0.430047 0.005847
2 3 0.042435 0.096658 0.451809 0.400874 0.008224
2 3 0.040378 0.088996 0.441505 0.421841 0.007281
2 3 0.032836 0.080789 0.458513 0.417290 0.010572
3 3 0.027582 0.063354 0.431029 0.473543 0.004492
3 3 0.034347 0.070949 0.415412 0.472820 0.006471
3 3 0.032009 0.069082 0.423083 0.469790 0.006036
3 3 0.037179 0.076554 0.419598 0.460824 0.005846
3 3 0.025938 0.059803 0.427539 0.481718 0.005001
3 3 0.020963 0.052862 0.436122 0.481945 0.008108
2 3 0.020575 0.088477 0.543925 0.269881 0.077142
2 3 0.022811 0.094571 0.541611 0.268892 0.072114
2 3 0.020143 0.090201 0.570256 0.274224 0.045177
2 3 0.017938 0.084133 0.577216 0.276024 0.044689
2 3 0.022320 0.094359 0.551622 0.270921 0.060778
2 3 0.018394 0.072906 0.535264 0.324804 0.048633
2 3 0.016227 0.065410 0.531166 0.335613 0.051584
2 3 0.015650 0.068647 0.549755 0.311943 0.054004
2 3 0.014457 0.063298 0.546427 0.324946 0.050872
2 3 0.016630 0.071285 0.549446 0.313060 0.049579
2 3 0.016843 0.078261 0.566146 0.282556 0.056194
2 3 0.015831 0.073095 0.565159 0.295648 0.050268
2 3 0.016430 0.073178 0.538723 0.285632 0.086038
2 3 0.015880 0.075090 0.564383 0.282344 0.062303
2 3 0.015864 0.062022 0.489881 0.315786 0.116446
2 3 0.016676 0.073456 0.460242 0.215218 0.234408
2 3 0.018653 0.078499 0.453868 0.213488 0.235491
2 3 0.021511 0.085897 0.447977 0.210078 0.234537
2 3 0.017918 0.078187 0.447191 0.194393 0.262311
2 3 0.017239 0.075321 0.456288 0.209512 0.241640
2 3 0.017059 0.077240 0.439403 0.177242 0.289055
2 3 0.019280 0.083274 0.429614 0.171807 0.296025
2 3 0.020006 0.086710 0.408949 0.148596 0.335739
2 3 0.018817 0.083186 0.419082 0.156685 0.322230
2 3 0.018432 0.082141 0.420874 0.157618 0.320935
2 3 0.017657 0.081021 0.410212 0.143686 0.347424
2 3 0.018113 0.082190 0.409449 0.144124 0.346124
2 3 0.018218 0.081979 0.416327 0.151741 0.331736
2 3 0.019577 0.085801 0.407725 0.146169 0.340728
2 3 0.019285 0.084966 0.409919 0.147730 0.338100
2 3 0.020182 0.086226 0.419784 0.161743 0.312065
2 3 0.018098 0.081097 0.424044 0.160378 0.316383
2 3 0.016519 0.077196 0.425078 0.156410 0.324797
2 3 0.018975 0.082802 0.427536 0.167840 0.302847
2 3 0.018784 0.082851 0.422214 0.160354 0.315797
2 3 0.018358 0.081864 0.422139 0.158901 0.318737
2 3 0.018178 0.081038 0.426908 0.164240 0.309636
2 3 0.018804 0.082826 0.423042 0.161446 0.313882
2 3 0.018531 0.081207 0.433472 0.174505 0.292285
2 3 0.019631 0.084225 0.427882 0.170642 0.297620
2 3 0.017806 0.079077 0.438163 0.178554 0.286400
2 3 0.014569 0.071373 0.436619 0.163238 0.314201
2 3 0.018107 0.080324 0.432772 0.171863 0.296934
2 3 0.017050 0.077039 0.441076 0.179747 0.285089
2 3 0.018241 0.080675 0.432305 0.171716 0.297064
2 3 0.016042 0.075398 0.432995 0.164345 0.311219
2 3 0.017616 0.078725 0.437435 0.176654 0.289570
2 3 0.019083 0.083131 0.426665 0.167053 0.304069
2 3 0.018460 0.080991 0.434021 0.175030 0.291498
2 1 0.019356 0.083787 0.426183 0.167351 0.303324
0 1 0.359355 0.189139 0.295820 0.103329 0.052357
2 1 0.102737 0.197469 0.519168 0.153828 0.026798
2 2 0.097542 0.172183 0.514039 0.194855 0.021382
2 2 0.274386 0.168632 0.407159 0.132320 0.017503
2 2 0.164517 0.170095 0.482995 0.166275 0.016118
2 2 0.182819 0.185804 0.494844 0.120693 0.015841
2 2 0.151987 0.158007 0.462847 0.210141 0.017018
2 2 0.194465 0.183570 0.486011 0.120448 0.015505
2 2 0.130981 0.171474 0.494232 0.184734 0.018579
2 2 0.144135 0.158335 0.500874 0.184054 0.012602
2 2 0.088623 0.110506 0.507744 0.287756 0.005370
2 2 0.124394 0.119976 0.471625 0.276411 0.007595
2 2 0.107418 0.117612 0.505328 0.263720 0.005922
2 2 0.124722 0.127546 0.476709 0.262116 0.008907
2 2 0.152364 0.133916 0.433825 0.266769 0.013127
2 2 0.201324 0.155814 0.441397 0.186453 0.015011
2 2 0.169867 0.148579 0.461925 0.206882 0.012747
2 2 0.142589 0.151264 0.481566 0.211335 0.013247
2 2 0.126041 0.137099 0.509585 0.218905 0.008369
2 2 0.117992 0.134850 0.495760 0.241936 0.009461
2 2 0.228868 0.203192 0.399498 0.128532 0.039910
2 2 0.190308 0.194523 0.488546 0.108781 0.017841
2 2 0.181477 0.202303 0.519927 0.081969 0.014323
2 2 0.149543 0.185540 0.526888 0.123480 0.014549
0 2 0.281827 0.253961 0.262671 0.049835 0.151707
4 2 0.027604 0.106956 0.292448 0.071634 0.501359
4 2 0.029430 0.111660 0.311315 0.086110 0.461485
4 2 0.028828 0.110168 0.304329 0.080615 0.476059
4 2 0.026723 0.105876 0.308454 0.082163 0.476784
4 2 0.117882 0.195224 0.216095 0.033927 0.436872
4 2 0.066328 0.149216 0.234636 0.035029 0.514791
4 2 0.052725 0.136515 0.226172 0.035132 0.549457
4 2 0.047339 0.129380 0.258956 0.043529 0.520796
4 2 0.047234 0.130462 0.268618 0.048124 0.505561
4 2 0.092138 0.172787 0.193765 0.026129 0.515181
2 2 0.178140 0.254835 0.442278 0.056397 0.068350
2 2 0.216211 0.254920 0.309172 0.056594 0.163104
2 2 0.214058 0.256005 0.388009 0.071300 0.070627
2 2 0.077559 0.212009 0.473272 0.074087 0.163072
2 2 0.126809 0.235059 0.505562 0.081294 0.051275
2 2 0.181861 0.261142 0.388623 0.031333 0.137042
0 2 0.267882 0.246216 0.239191 0.051872 0.194839
4 2 0.254186 0.233314 0.207328 0.026952 0.278221
2 2 0.211105 0.261275 0.343002 0.036400 0.148217
2 2 0.161137 0.246906 0.477938 0.062787 0.051232
2 2 0.138667 0.186629 0.519580 0.137753 0.017371
2 2 0.180337 0.212434 0.483611 0.099025 0.024593
2 2 0.211926 0.207856 0.447583 0.104962 0.027673
2 2 0.178535 0.187612 0.472248 0.140308 0.021297
2 2 0.175445 0.250227 0.424171 0.080569 0.069589
2 2 0.097440 0.204908 0.511386 0.139353 0.046913
2 2 0.158243 0.236594 0.371616 0.115473 0.118074
2 2 0.093937 0.204199 0.556219 0.120111 0.025534
2 4 0.064392 0.176093 0.562371 0.176860 0.020284
2 4 0.120462 0.223633 0.462853 0.140338 0.052714
4 4 0.018009 0.084704 0.290819 0.066063 0.540405
4 4 0.028828 0.110574 0.274062 0.066059 0.520478
4 4 0.019234 0.087948 0.309826 0.076140 0.506852
4 4 0.015945 0.078994 0.295550 0.066327 0.543184
4 4 0.016912 0.081686 0.288344 0.064049 0.549010
2 4 0.219551 0.244296 0.297693 0.072474 0.165986
2 1 0.225744 0.252433 0.308558 0.073399 0.139865
2 1 0.103663 0.214625 0.554406 0.097382 0.029925
2 1 0.123261 0.231963 0.499227 0.094090 0.051459
2 1 0.123012 0.231722 0.486527 0.102716 0.056023
2 1 0.126019 0.154726 0.525297 0.183338 0.010621
2 1 0.152506 0.143519 0.508574 0.187210 0.008191
2 1 0.174261 0.176515 0.452083 0.174349 0.022792
2 1 0.205773 0.180220 0.452396 0.141945 0.019665
2 1 0.206166 0.168494 0.438117 0.168265 0.018958
2 1 0.143864 0.133544 0.433702 0.275237 0.013654
2 2 0.136815 0.133394 0.457714 0.260698 0.011379
2 2 0.126405 0.129578 0.464789 0.268900 0.010328
2 2 0.158842 0.138786 0.447887 0.242002 0.012482
2 0 0.102919 0.117093 0.435313 0.333652 0.011022
0 0 0.358216 0.198512 0.279954 0.081387 0.081931
0 1 0.344414 0.258431 0.266681 0.023742 0.106732
2 1 0.144743 0.186884 0.432639 0.061653 0.174080
2 1 0.155395 0.192170 0.441056 0.056670 0.154710
2 2 0.094204 0.149994 0.549556 0.064896 0.141349
2 2 0.018172 0.078360 0.449519 0.200420 0.253528
2 2 0.021043 0.085212 0.442001 0.200642 0.251103
2 2 0.010260 0.055752 0.483331 0.210508 0.240150
2 2 0.014213 0.066521 0.470268 0.221247 0.227750
2 2 0.012369 0.061057 0.478324 0.225510 0.222739
2 2 0.031485 0.100266 0.543406 0.122292 0.202551
2 2 0.034264 0.105922 0.509086 0.131317 0.219412
2 2 0.043073 0.120683 0.554236 0.136129 0.145879
2 2 0.068536 0.173419 0.450183 0.077101 0.230760
2 2 0.113037 0.226363 0.477535 0.111562 0.071503
2 2 0.099690 0.203523 0.547913 0.126376 0.022498
2 2 0.121389 0.216869 0.531449 0.105194 0.025098
2 2 0.101675 0.208597 0.515413 0.142295 0.032019
2 1 0.091433 0.196566 0.560668 0.131608 0.019725
2 1 0.083873 0.193443 0.540370 0.157732 0.024582
2 2 0.121523 0.190373 0.554806 0.118618 0.014680
2 2 0.126784 0.187162 0.565434 0.108647 0.011974
2 2 0.095394 0.182449 0.537851 0.164871 0.019435
2 2 0.126943 0.177559 0.543131 0.139153 0.013215
2 2 0.144828 0.174921 0.500582 0.162859 0.016810
2 2 0.135517 0.168509 0.512347 0.169201 0.014427
2 2 0.199851 0.172889 0.473695 0.138955 0.014610
2 1 0.197513 0.184055 0.487654 0.115813 0.014965
2 1 0.221076 0.190125 0.441421 0.124544 0.022834
2 1 0.219957 0.182252 0.425794 0.147457 0.024539
2 2 0.156974 0.150635 0.487147 0.193916 0.011327
2 2 0.161640 0.144140 0.462367 0.219742 0.012111
2 2 0.171261 0.154448 0.464221 0.196131 0.013938
2 2 0.116316 0.115957 0.479214 0.281855 0.006658
2 2 0.211450 0.146035 0.435835 0.194381 0.012298
2 2 0.198657 0.159023 0.476000 0.154937 0.011382
2 1 0.203316 0.161163 0.453397 0.167617 0.014507
2 1 0.292003 0.157688 0.362972 0.165439 0.021898
2 1 0.160556 0.234674 0.495968 0.078993 0.029810
2 2 0.162960 0.233045 0.506201 0.072332 0.025462
2 2 0.114760 0.211441 0.547076 0.105261 0.021461
2 2 0.174927 0.172408 0.462984 0.170604 0.019076
2 2 0.102782 0.140964 0.529125 0.218033 0.009096
2 2 0.139774 0.144329 0.476204 0.227483 0.012210
2 2 0.142129 0.160804 0.482930 0.198305 0.015832
2 2 0.132356 0.153154 0.490936 0.210054 0.013500
2 2 0.119560 0.135797 0.500784 0.234694 0.009165
2 1 0.099998 0.141690 0.465356 0.276557 0.016399
2 1 0.088257 0.192166 0.525892 0.167194 0.026491
2 1 0.105768 0.194200 0.548272 0.132798 0.018961
2 1 0.200045 0.218174 0.445390 0.102367 0.034023
2 1 0.303092 0.188678 0.357063 0.116509 0.034657
0 1 0.353926 0.160053 0.342733 0.122908 0.020380
2 2 0.250108 0.168666 0.434388 0.131836 0.015002
2 2 0.204174 0.150793 0.437208 0.193877 0.013948
2 2 0.177223 0.134204 0.452529 0.226384 0.009660
2 2 0.166766 0.132041 0.436896 0.253045 0.011252
2 1 0.194227 0.140560 0.419643 0.231505 0.014065
2 1 0.194775 0.135862 0.397849 0.255924 0.015590
2 1 0.333682 0.155613 0.334239 0.152743 0.023723
3 2 0.235693 0.115958 0.293243 0.331401 0.023706
3 2 0.121721 0.077065 0.283666 0.507213 0.010335
3 2 0.248644 0.112173 0.289369 0.328699 0.021116
3 2 0.080762 0.066649 0.355275 0.493718 0.003596
3 1 0.206074 0.088536 0.348399 0.351340 0.005650
2 1 0.192151 0.125584 0.401577 0.256655 0.024033
