0 0 0.385069 0.191208 0.113943 0.011451 0.298328
0 0 0.793663 0.000353 0.005743 0.200240 0.000000
0 0 0.927156 0.001085 0.006738 0.065014 0.000006
4 0 0.312767 0.204055 0.141017 0.011410 0.330750
4 0 0.329554 0.191862 0.120548 0.010926 0.347110
4 0 0.076014 0.135079 0.201558 0.020507 0.566841
4 0 0.020638 0.081397 0.268594 0.036210 0.593161
4 0 0.016309 0.074460 0.291364 0.044055 0.573813
4 0 0.020661 0.078912 0.253532 0.031465 0.615430
4 0 0.016996 0.077056 0.288429 0.042938 0.574582
4 0 0.059038 0.121408 0.197069 0.018746 0.603739
4 0 0.027178 0.103493 0.314147 0.055418 0.499765
4 0 0.032782 0.107745 0.263941 0.035614 0.559918
4 0 0.163492 0.177393 0.151774 0.012886 0.494455
4 0 0.081442 0.137896 0.173601 0.014668 0.592393
2 0 0.016273 0.075125 0.400652 0.114067 0.393884
2 0 0.006880 0.049070 0.434027 0.150474 0.359549
2 0 0.005655 0.047400 0.453913 0.189716 0.303315
2 0 0.004605 0.042659 0.461312 0.212696 0.278729
2 0 0.004842 0.044493 0.458946 0.203536 0.288182
4 0 0.046336 0.123511 0.223579 0.024529 0.582045
4 0 0.139333 0.156953 0.136034 0.009494 0.558185
4 0 0.033109 0.096864 0.247737 0.030545 0.591745
4 0 0.032705 0.096487 0.245709 0.029908 0.595191
4 0 0.026397 0.097034 0.285426 0.042765 0.548379
2 0 0.003567 0.036465 0.460282 0.206280 0.293406
2 1 0.004191 0.038161 0.447622 0.173365 0.336662
2 1 0.004642 0.040823 0.455573 0.237047 0.261916
2 1 0.005051 0.042634 0.438014 0.155353 0.358948
2 1 0.003964 0.037620 0.459138 0.239117 0.260161
2 1 0.005071 0.036953 0.436562 0.313698 0.207716
2 1 0.004725 0.033915 0.433589 0.341373 0.186398
2 1 0.003530 0.034252 0.467482 0.259357 0.235379
2 1 0.003913 0.034429 0.459673 0.283658 0.218328
2 1 0.003704 0.033651 0.462359 0.281420 0.218867
2 1 0.004752 0.037258 0.452997 0.292712 0.212282
2 1 0.004079 0.037766 0.466357 0.245689 0.246108
2 1 0.004360 0.038481 0.466467 0.253391 0.237300
2 1 0.004526 0.040615 0.464054 0.228324 0.262481
2 1 0.003895 0.036809 0.466295 0.243085 0.249916
2 1 0.003402 0.032307 0.467176 0.280788 0.216327
2 1 0.003857 0.034355 0.465866 0.281359 0.214562
2 1 0.003446 0.031574 0.462651 0.296310 0.206019
2 1 0.002959 0.029952 0.467423 0.283953 0.215714
2 2 0.003330 0.031736 0.467012 0.284584 0.213338
2 2 0.003662 0.034208 0.467329 0.269936 0.224864
2 2 0.003522 0.033006 0.467165 0.278644 0.217664
2 2 0.003413 0.032379 0.467182 0.280476 0.216550
2 2 0.003480 0.032556 0.466975 0.282743 0.214245
2 2 0.002985 0.030463 0.467760 0.277280 0.221512
2 2 0.003321 0.032817 0.467722 0.265998 0.230142
2 2 0.003447 0.032614 0.467214 0.279236 0.217490
2 2 0.003163 0.032208 0.467866 0.262983 0.233780
2 2 0.003763 0.033261 0.460958 0.291850 0.210168
2 2 0.002724 0.029321 0.464386 0.272860 0.230708
2 2 0.003039 0.031998 0.467824 0.255716 0.241423
2 2 0.003057 0.032983 0.466875 0.240905 0.256180
2 2 0.003057 0.032503 0.467482 0.248799 0.248160
2 2 0.002958 0.031924 0.467607 0.249648 0.247863
2 2 0.003247 0.033079 0.467647 0.255653 0.240374
2 2 0.003246 0.032352 0.467781 0.267515 0.229106
2 2 0.003047 0.031328 0.467959 0.267765 0.229901
2 2 0.003818 0.034381 0.465439 0.278231 0.218131
2 2 0.004006 0.034094 0.459899 0.295253 0.206748
2 2 0.003288 0.033069 0.467705 0.259218 0.236720
2 2 0.003479 0.034165 0.467473 0.256820 0.238064
2 2 0.003779 0.035532 0.467208 0.258005 0.235475
2 2 0.003787 0.034994 0.467250 0.266694 0.227275
2 2 0.003598 0.034244 0.467457 0.264594 0.230107
2 2 0.003876 0.035729 0.467164 0.261744 0.231487
2 2 0.004248 0.038157 0.466212 0.246787 0.244596
2 2 0.003896 0.037136 0.466292 0.242433 0.250243
2 2 0.004181 0.038497 0.463296 0.222551 0.271475
2 2 0.004557 0.038563 0.462765 0.223070 0.271045
2 3 0.004143 0.038216 0.466025 0.242290 0.249327
2 3 0.004208 0.038256 0.460563 0.210253 0.286720
2 3 0.004663 0.039838 0.460922 0.213589 0.280988
2 3 0.004425 0.038756 0.462502 0.220287 0.274030
2 3 0.003568 0.036201 0.464570 0.226158 0.269503
2 3 0.004237 0.038619 0.463325 0.223107 0.270713
2 3 0.005085 0.041938 0.456219 0.196956 0.299802
2 3 0.005262 0.042500 0.456578 0.198644 0.297015
2 3 0.005884 0.044875 0.454234 0.192720 0.302288
2 3 0.006433 0.046039 0.450899 0.184804 0.311825
2 3 0.005597 0.043374 0.458116 0.205302 0.287612
2 3 0.006640 0.048000 0.437051 0.155377 0.352932
2 3 0.006924 0.048679 0.441205 0.163385 0.339807
2 3 0.006478 0.046976 0.434780 0.151560 0.360206
2 3 0.006469 0.047082 0.438518 0.157885 0.350046
2 3 0.007329 0.049639 0.431637 0.147349 0.364047
2 3 0.007268 0.049891 0.430415 0.145291 0.367135
2 3 0.006492 0.047934 0.425729 0.137759 0.382086
2 3 0.007941 0.052038 0.423638 0.136105 0.380278
2 3 0.006873 0.048917 0.427697 0.140877 0.375635
2 3 0.007586 0.051120 0.433257 0.149988 0.358049
2 3 0.008196 0.052103 0.426890 0.141019 0.371792
2 3 0.008903 0.053418 0.426412 0.141080 0.370187
2 3 0.007899 0.051556 0.431037 0.146896 0.362612
2 3 0.008650 0.053009 0.425768 0.139876 0.372697
2 3 0.009069 0.054851 0.426521 0.141180 0.368380
2 3 0.014232 0.069917 0.441689 0.177485 0.296677
2 3 0.012069 0.067321 0.454414 0.220230 0.245966
2 3 0.034645 0.106166 0.381672 0.105460 0.372057
2 3 0.026796 0.090115 0.448726 0.260323 0.174041
2 3 0.017180 0.085696 0.434458 0.167788 0.294878
4 2 0.127179 0.178133 0.213726 0.027063 0.453900
4 0 0.087696 0.182539 0.296594 0.060129 0.373042
4 0 0.130825 0.168156 0.190347 0.020364 0.490308
4 0 0.126342 0.190012 0.220879 0.023279 0.439488
4 0 0.106778 0.167769 0.217242 0.026676 0.481535
4 0 0.089662 0.147821 0.226224 0.028044 0.508249
4 0 0.094646 0.149128 0.195553 0.019929 0.540744
4 0 0.144527 0.183544 0.196683 0.023013 0.452233
4 1 0.045189 0.112967 0.248452 0.031645 0.561747
4 1 0.058156 0.122353 0.235022 0.028477 0.555992
4 1 0.050157 0.113948 0.249820 0.032483 0.553592
2 0 0.019336 0.096653 0.392616 0.132671 0.358724
4 0 0.181692 0.172991 0.245582 0.063964 0.335771
4 0 0.012084 0.073972 0.377161 0.090017 0.446766
4 0 0.031350 0.108843 0.321611 0.060112 0.478083
4 0 0.059864 0.120018 0.226400 0.026098 0.567620
4 0 0.090408 0.145332 0.217365 0.025430 0.521465
4 0 0.137021 0.147141 0.149479 0.011637 0.554723
4 0 0.047231 0.128791 0.288216 0.046811 0.488951
4 0 0.088229 0.141055 0.191725 0.018723 0.560268
4 0 0.075436 0.122000 0.152155 0.010773 0.639636
4 0 0.073423 0.136529 0.176659 0.015019 0.598371
4 0 0.075435 0.137315 0.203893 0.021058 0.562299
4 0 0.113557 0.146095 0.140362 0.009676 0.590310
4 0 0.048224 0.109820 0.198476 0.018643 0.624838
4 0 0.010416 0.057234 0.309922 0.051460 0.570967
4 0 0.010755 0.057564 0.303032 0.048568 0.580081
4 0 0.010567 0.057390 0.309749 0.051416 0.570878
4 0 0.010869 0.057746 0.301331 0.047874 0.582180
4 1 0.012273 0.060737 0.307351 0.050565 0.569075
4 1 0.011213 0.059249 0.331418 0.061820 0.536300
4 1 0.009449 0.055748 0.333949 0.062829 0.538025
4 1 0.010917 0.058707 0.342535 0.067797 0.520044
4 2 0.009748 0.057247 0.359703 0.077845 0.495457
4 2 0.009552 0.056448 0.353116 0.073679 0.507205
4 2 0.008759 0.053543 0.372630 0.086680 0.478388
4 2 0.011276 0.060061 0.379916 0.092919 0.455828
4 2 0.007588 0.053550 0.407300 0.115881 0.415681
4 2 0.008548 0.053794 0.388945 0.099366 0.449347
4 2 0.007433 0.053349 0.408901 0.117440 0.412879
4 2 0.007547 0.051295 0.410540 0.119791 0.410828
4 2 0.008185 0.053133 0.406268 0.115539 0.416875
2 2 0.005311 0.045173 0.430645 0.143363 0.375507
2 2 0.006588 0.050028 0.425478 0.136991 0.380915
2 2 0.006703 0.050322 0.426822 0.138964 0.377188
4 2 0.008158 0.053761 0.396049 0.105347 0.436684
4 2 0.008028 0.053129 0.400046 0.109117 0.429680
4 2 0.008917 0.055268 0.388395 0.098946 0.448474
4 2 0.009599 0.056520 0.388380 0.099266 0.446235
4 2 0.010059 0.056856 0.383632 0.095561 0.453891
4 2 0.013344 0.063401 0.368790 0.085226 0.469238
4 2 0.010234 0.057857 0.386310 0.097770 0.447830
4 2 0.012096 0.061434 0.374478 0.089005 0.462986
4 2 0.011935 0.061157 0.373437 0.088160 0.465311
4 2 0.011399 0.059645 0.365888 0.082587 0.480481
2 2 0.007493 0.051814 0.425204 0.137626 0.377863
4 2 0.009659 0.056246 0.403002 0.113057 0.418037
2 2 0.009624 0.058196 0.426640 0.141553 0.363987
2 2 0.012126 0.060743 0.408201 0.120216 0.398714
4 2 0.009099 0.055401 0.406550 0.116361 0.412589
2 2 0.004178 0.039424 0.441644 0.160794 0.353960
2 2 0.004604 0.040615 0.439212 0.157154 0.358415
2 2 0.003957 0.038633 0.451768 0.181545 0.324096
2 2 0.003420 0.037488 0.451040 0.178119 0.329933
2 2 0.002809 0.033886 0.460315 0.203236 0.299754
2 2 0.006426 0.049034 0.419343 0.129059 0.396138
2 2 0.006866 0.050696 0.415225 0.124357 0.402856
4 2 0.009582 0.056057 0.395989 0.106155 0.432217
4 2 0.008127 0.051922 0.396785 0.106353 0.436812
2 2 0.005078 0.045591 0.450640 0.179526 0.319165
2 2 0.012567 0.071081 0.418652 0.132698 0.365002
4 2 0.019229 0.082807 0.366579 0.085061 0.446324
4 0 0.048800 0.116780 0.299786 0.052171 0.482463
4 0 0.083430 0.136945 0.203162 0.021233 0.555230
4 1 0.018207 0.077107 0.345349 0.070684 0.488653
2 1 0.006734 0.049208 0.416418 0.125942 0.401699
4 2 0.007755 0.050852 0.392979 0.102752 0.445662
4 2 0.007306 0.050692 0.407216 0.116070 0.418716
4 2 0.007327 0.049913 0.400613 0.109615 0.432533
2 2 0.006961 0.049186 0.422739 0.134156 0.386958
2 2 0.010919 0.061674 0.425321 0.140881 0.361205
4 2 0.013554 0.065568 0.396493 0.108473 0.415911
4 2 0.014584 0.066902 0.378786 0.093198 0.446529
4 2 0.014773 0.067740 0.378755 0.093203 0.445529
4 0 0.030126 0.103237 0.364057 0.087386 0.415194
2 0 0.022043 0.078676 0.409100 0.128349 0.361832
2 1 0.006627 0.047064 0.460762 0.221978 0.263569
2 1 0.005445 0.043290 0.465076 0.249254 0.236936
2 2 0.006716 0.046484 0.463768 0.266173 0.216859
2 2 0.006463 0.045715 0.464104 0.265070 0.218647
2 2 0.004803 0.034820 0.447619 0.331666 0.181092
2 2 0.004699 0.037625 0.465387 0.285109 0.207181
2 2 0.004725 0.037451 0.464677 0.288973 0.204173
2 2 0.004127 0.035805 0.466560 0.277312 0.216195
2 2 0.003961 0.034304 0.465944 0.289218 0.206573
2 2 0.005109 0.041775 0.461765 0.219327 0.272024
2 2 0.003869 0.036839 0.466134 0.240884 0.252274
2 2 0.006470 0.045271 0.450683 0.184700 0.312875
2 2 0.004154 0.038225 0.466166 0.244048 0.247408
2 2 0.004718 0.040632 0.465180 0.239783 0.249686
2 2 0.004635 0.039471 0.465497 0.243444 0.246952
2 2 0.004178 0.037701 0.466647 0.253024 0.238450
2 2 0.004181 0.037371 0.466788 0.257910 0.233751
2 2 0.003793 0.036659 0.465993 0.238599 0.254956
2 2 0.003961 0.036405 0.466871 0.254051 0.238712
2 2 0.005986 0.044952 0.448472 0.177735 0.322855
2 2 0.006214 0.045597 0.450026 0.181994 0.316169
2 2 0.004177 0.038839 0.465348 0.235577 0.256059
2 2 0.006563 0.046809 0.449364 0.180954 0.316310
2 2 0.004616 0.039934 0.462545 0.220985 0.271919
2 2 0.008462 0.052328 0.414773 0.125498 0.398940
2 2 0.007339 0.050434 0.424836 0.137223 0.380169
2 2 0.007403 0.049992 0.426747 0.140106 0.375752
2 2 0.007442 0.049645 0.418838 0.129758 0.394317
2 2 0.007811 0.050642 0.411786 0.121647 0.408115
4 2 0.066404 0.132436 0.256281 0.036166 0.508713
4 2 0.235071 0.180503 0.121964 0.009091 0.453371
4 2 0.168975 0.164487 0.118674 0.007437 0.540426
4 2 0.079225 0.139401 0.220335 0.025594 0.535446
4 2 0.056518 0.129430 0.293333 0.050438 0.470281
4 0 0.091836 0.148001 0.215815 0.025096 0.519252
4 0 0.102086 0.147047 0.195815 0.020286 0.534766
4 0 0.135559 0.166671 0.149901 0.011777 0.536092
4 0 0.087687 0.138487 0.155867 0.011635 0.606323
4 0 0.120744 0.151453 0.162679 0.013695 0.551430
4 0 0.196572 0.187676 0.146229 0.012771 0.456752
4 0 0.169383 0.189818 0.163101 0.015582 0.462115
4 0 0.128455 0.180089 0.221324 0.029716 0.440416
4 0 0.179351 0.210615 0.202628 0.023721 0.383685
4 0 0.236201 0.205852 0.165494 0.019221 0.373231
4 0 0.190462 0.169910 0.136513 0.010622 0.492493
4 0 0.219555 0.189189 0.140461 0.012243 0.438551
4 0 0.141371 0.155413 0.116304 0.006745 0.580168
4 0 0.168329 0.198023 0.180990 0.020114 0.432545
4 0 0.153231 0.162556 0.122265 0.007708 0.554240
4 0 0.176740 0.182948 0.146314 0.012221 0.481777
4 0 0.160459 0.172726 0.180632 0.019197 0.466986
4 0 0.188542 0.163838 0.110776 0.006626 0.530217
4 0 0.160932 0.168677 0.171091 0.016836 0.482464
4 0 0.209961 0.154545 0.092369 0.004625 0.538500
4 0 0.175287 0.171288 0.126970 0.008772 0.517682
4 0 0.238758 0.174750 0.112637 0.007628 0.466227
4 0 0.171452 0.170474 0.130805 0.009302 0.517968
4 0 0.133536 0.155893 0.121008 0.007254 0.582309
4 0 0.129279 0.165327 0.207596 0.025020 0.472778
4 0 0.088986 0.144726 0.245505 0.034368 0.486414
4 0 0.140912 0.165678 0.166675 0.015172 0.511563
4 0 0.204331 0.173231 0.119733 0.008151 0.494553
4 0 0.145493 0.164194 0.128715 0.008519 0.553079
4 0 0.128597 0.161865 0.152139 0.011989 0.545410
4 0 0.197450 0.166547 0.128220 0.009330 0.498454
4 0 0.119588 0.155470 0.128378 0.008052 0.588511
4 0 0.085332 0.140222 0.228316 0.028321 0.517810
4 0 0.088449 0.138566 0.172205 0.014602 0.586178
4 0 0.111428 0.147865 0.163937 0.013674 0.563096
4 0 0.271248 0.186814 0.123022 0.010096 0.408820
4 0 0.252377 0.213831 0.172348 0.013193 0.348250
4 0 0.216002 0.221262 0.203833 0.018892 0.340010
4 0 0.160936 0.222022 0.241404 0.020707 0.354931
2 0 0.218020 0.247769 0.272652 0.019207 0.242352
4 0 0.131000 0.160639 0.130509 0.008540 0.569312
4 0 0.149018 0.167476 0.132528 0.009164 0.541814
4 0 0.162099 0.166175 0.149000 0.012227 0.510498
4 0 0.097706 0.152892 0.184440 0.017501 0.547462
4 0 0.135994 0.157908 0.166343 0.014891 0.524864
4 0 0.084079 0.124638 0.159167 0.012107 0.620009
4 0 0.047710 0.102769 0.209413 0.021147 0.618961
4 0 0.057987 0.109979 0.205248 0.020600 0.606186
4 0 0.047170 0.105174 0.199536 0.018856 0.629264
4 0 0.062671 0.112804 0.175589 0.014513 0.634423
4 0 0.192501 0.182890 0.158400 0.015190 0.451019
4 0 0.189765 0.178182 0.132590 0.009990 0.489474
4 0 0.107760 0.170989 0.168425 0.014588 0.538237
4 0 0.235314 0.191513 0.139460 0.012500 0.421213
4 0 0.218062 0.203574 0.166515 0.015674 0.396176
4 0 0.118795 0.155440 0.152369 0.011775 0.561620
4 0 0.157094 0.163563 0.140491 0.010583 0.528269
4 0 0.061804 0.118356 0.243770 0.031429 0.544641
4 1 0.047628 0.114155 0.277823 0.042345 0.518049
4 1 0.042088 0.109832 0.287529 0.045653 0.514898
4 1 0.031655 0.095092 0.292859 0.046563 0.533831
4 1 0.032338 0.097548 0.307332 0.053111 0.509671
4 1 0.029927 0.095692 0.306006 0.052095 0.516280
4 1 0.086739 0.139562 0.223296 0.026886 0.523516
4 1 0.099264 0.148435 0.194308 0.019812 0.538181
2 1 0.006410 0.047588 0.429753 0.143430 0.372819
2 1 0.005784 0.046057 0.420233 0.129992 0.397935
2 1 0.005084 0.043143 0.430444 0.143346 0.377982
4 1 0.006656 0.047386 0.411001 0.120150 0.414808
2 1 0.005416 0.044329 0.425091 0.136140 0.389025
4 1 0.006439 0.047804 0.391638 0.100955 0.453163
4 1 0.006168 0.048078 0.411631 0.119994 0.414128
4 1 0.009197 0.054556 0.380329 0.092653 0.463265
4 1 0.010284 0.056241 0.362972 0.080429 0.490074
4 1 0.008267 0.052628 0.376449 0.089318 0.473337
4 1 0.011035 0.058027 0.342215 0.067739 0.520984
4 1 0.011027 0.059001 0.341658 0.067315 0.520999
4 1 0.009395 0.054699 0.339215 0.065756 0.530934
4 1 0.010904 0.058606 0.337012 0.064739 0.528739
4 1 0.010251 0.057385 0.345237 0.069205 0.517922
4 1 0.011802 0.062857 0.341220 0.067000 0.517122
4 1 0.014406 0.064801 0.286520 0.042323 0.591951
4 1 0.045598 0.102469 0.229257 0.026086 0.596590
4 1 0.011950 0.062435 0.327939 0.060001 0.537675
4 4 0.013953 0.064511 0.306261 0.050240 0.565035
4 4 0.011059 0.059987 0.321268 0.056631 0.551055
4 4 0.010728 0.059263 0.324964 0.058382 0.546663
4 4 0.013192 0.064286 0.313598 0.053330 0.555594
4 4 0.013767 0.066552 0.308656 0.051106 0.559919
4 4 0.031185 0.091937 0.280425 0.041557 0.554896
2 4 0.003791 0.037527 0.459135 0.202711 0.296836
2 4 0.003422 0.035994 0.463038 0.216948 0.280597
2 4 0.003879 0.037525 0.458466 0.200997 0.299133
2 4 0.003342 0.035920 0.463235 0.217176 0.280327
2 4 0.003056 0.033588 0.465755 0.231047 0.266553
2 4 0.003859 0.037433 0.464032 0.224646 0.270030
2 4 0.003867 0.036842 0.462851 0.219197 0.277243
2 4 0.003312 0.035208 0.465050 0.227358 0.269071
2 4 0.003258 0.034660 0.462490 0.214610 0.284982
2 4 0.003477 0.035918 0.465269 0.229759 0.265577
2 4 0.005297 0.042754 0.443732 0.166438 0.341781
2 2 0.003825 0.038969 0.458301 0.198884 0.300021
2 2 0.003825 0.037987 0.461289 0.210627 0.286272
2 2 0.003403 0.036812 0.461801 0.210490 0.287494
2 2 0.004572 0.041605 0.451893 0.182633 0.319297
2 2 0.004834 0.041419 0.449106 0.177067 0.327574
2 2 0.005338 0.043797 0.452389 0.185821 0.312654
2 2 0.004770 0.042270 0.453523 0.187353 0.312084
2 2 0.006536 0.047020 0.437889 0.156942 0.351613
2 2 0.005873 0.045158 0.441936 0.163474 0.343559
2 2 0.007242 0.050138 0.412213 0.121545 0.408862
4 2 0.006480 0.047982 0.410612 0.119332 0.415593
4 2 0.007013 0.049503 0.410535 0.119549 0.413400
2 2 0.006446 0.048101 0.422818 0.133747 0.388887
4 2 0.007486 0.050602 0.396861 0.106074 0.438976
2 2 0.005316 0.045120 0.436142 0.151873 0.361549
4 2 0.006303 0.047068 0.405292 0.113761 0.427575
2 2 0.005488 0.043610 0.416304 0.125593 0.409005
2 2 0.004585 0.042603 0.443362 0.163637 0.345812
2 2 0.005313 0.044640 0.432624 0.146509 0.370914
2 2 0.007977 0.050749 0.413675 0.123981 0.403618
2 2 0.004023 0.040048 0.452903 0.183719 0.319307
2 2 0.005040 0.043567 0.441926 0.161855 0.347612
2 2 0.005842 0.045294 0.424487 0.135788 0.388590
2 2 0.005065 0.043934 0.453762 0.188381 0.308858
2 2 0.004158 0.040184 0.458844 0.201844 0.294970
2 2 0.004508 0.041049 0.447921 0.173433 0.333088
2 2 0.003989 0.038850 0.452402 0.183103 0.321656
2 2 0.004324 0.040761 0.452156 0.182740 0.320020
2 2 0.003797 0.038109 0.453514 0.185541 0.319039
2 2 0.007703 0.050703 0.411863 0.121589 0.408142
2 2 0.006811 0.048941 0.412875 0.122027 0.409346
2 2 0.007105 0.048836 0.418563 0.129156 0.396341
2 2 0.006325 0.048294 0.429040 0.142016 0.374325
2 2 0.006010 0.047292 0.428157 0.140472 0.378068
2 2 0.005581 0.045420 0.440451 0.159838 0.348711
2 2 0.006414 0.048358 0.431847 0.146343 0.367039
2 2 0.006314 0.047409 0.432747 0.147837 0.365693
2 2 0.007102 0.049292 0.423094 0.134815 0.385697
2 2 0.004553 0.041442 0.444918 0.167134 0.341952
4 2 0.007282 0.050708 0.409850 0.118850 0.413309
4 2 0.008264 0.052983 0.405208 0.114550 0.418994
4 3 0.007407 0.050641 0.408429 0.117484 0.416039
4 3 0.008689 0.053819 0.395770 0.105562 0.436160
2 3 0.006306 0.047565 0.418914 0.128757 0.398458
2 3 0.007225 0.050274 0.414423 0.124009 0.404069
2 3 0.006339 0.048927 0.424335 0.135331 0.385068
2 3 0.007724 0.051223 0.413174 0.122982 0.404898
2 3 0.007255 0.050542 0.424890 0.137138 0.380175
2 3 0.006568 0.047953 0.421080 0.131749 0.392649
2 3 0.007030 0.050154 0.418763 0.128952 0.395101
2 3 0.007318 0.050792 0.417651 0.127840 0.396398
2 3 0.006550 0.048393 0.417611 0.127315 0.400132
2 3 0.007698 0.051666 0.416859 0.127184 0.396593
2 3 0.007233 0.050448 0.415620 0.125376 0.401323
4 3 0.008542 0.053611 0.403405 0.112864 0.421579
2 3 0.007656 0.050725 0.412510 0.122258 0.406852
2 3 0.009538 0.055589 0.408473 0.118852 0.407547
4 3 0.009210 0.055462 0.405805 0.115673 0.413850
4 3 0.008952 0.054181 0.407324 0.117263 0.412280
2 3 0.008724 0.053402 0.417406 0.128780 0.391688
2 3 0.007889 0.051760 0.424284 0.136974 0.379093
2 3 0.007815 0.051250 0.425882 0.139206 0.375847
2 3 0.007818 0.051748 0.429805 0.144820 0.365808
2 3 0.007816 0.052123 0.430857 0.146338 0.362866
2 3 0.008282 0.052950 0.424668 0.137806 0.376294
2 3 0.008223 0.052414 0.419117 0.130495 0.389750
2 3 0.008130 0.052768 0.427135 0.141120 0.370847
2 3 0.008266 0.052035 0.420876 0.132893 0.385930
2 3 0.008462 0.053491 0.414425 0.124840 0.398783
2 3 0.008390 0.053287 0.425502 0.139057 0.373764
2 3 0.007842 0.051439 0.428021 0.142275 0.370423
2 3 0.009778 0.056709 0.408098 0.118488 0.406927
2 3 0.010330 0.057600 0.407330 0.118042 0.406697
2 3 0.009063 0.054312 0.414884 0.125928 0.395813
4 3 0.010769 0.058967 0.399325 0.109911 0.421029
4 3 0.010692 0.058474 0.396547 0.107221 0.427066
4 3 0.010934 0.058890 0.400832 0.111566 0.417778
4 3 0.012153 0.061973 0.393452 0.104944 0.427478
4 3 0.011657 0.060851 0.400366 0.111423 0.415704
2 3 0.007882 0.051861 0.424415 0.137120 0.378722
2 3 0.009083 0.054639 0.420155 0.132470 0.383652
2 3 0.008434 0.053478 0.435474 0.154692 0.347922
2 3 0.008628 0.053175 0.421620 0.134104 0.382472
2 3 0.009676 0.055752 0.421109 0.134264 0.379200
4 3 0.027847 0.089511 0.328144 0.062967 0.491531
4 3 0.037624 0.102592 0.318078 0.059440 0.482266
4 3 0.030072 0.090927 0.328191 0.063469 0.487341
4 2 0.018404 0.076250 0.392630 0.107142 0.405575
4 2 0.018789 0.076724 0.373634 0.090503 0.440350
2 2 0.008480 0.054467 0.413501 0.123585 0.399967
4 2 0.009945 0.057149 0.401838 0.111988 0.419080
4 2 0.011710 0.060298 0.384446 0.096874 0.446672
4 2 0.010614 0.058697 0.389843 0.100978 0.439868
4 2 0.009755 0.056535 0.389396 0.100261 0.444053
4 2 0.012373 0.061194 0.358739 0.078054 0.489640
4 2 0.012521 0.062333 0.365275 0.082429 0.477442
4 2 0.011452 0.059670 0.367026 0.083409 0.478443
4 2 0.012511 0.061716 0.356953 0.076896 0.491924
4 2 0.011218 0.060749 0.377218 0.090679 0.460137
4 2 0.009503 0.055759 0.388391 0.099320 0.447026
4 2 0.010697 0.058483 0.391050 0.102143 0.437626
4 2 0.009488 0.056647 0.402500 0.112320 0.419046
4 2 0.011164 0.058953 0.382977 0.095472 0.451434
4 2 0.010000 0.057699 0.405943 0.116214 0.410144
4 2 0.094812 0.149161 0.242989 0.034019 0.479018
4 2 0.090702 0.147164 0.238437 0.032066 0.491631
4 2 0.186003 0.170556 0.123507 0.008415 0.511519
4 2 0.167739 0.172731 0.144298 0.011540 0.503691
4 2 0.185321 0.188716 0.173371 0.018648 0.433944
4 0 0.299332 0.203086 0.169862 0.024448 0.303272
4 0 0.293782 0.209667 0.161303 0.021793 0.313454
4 0 0.262507 0.195648 0.139046 0.013291 0.389508
0 0 0.350492 0.199437 0.148199 0.022107 0.279765
4 0 0.246800 0.205405 0.161086 0.018467 0.368242
4 0 0.193232 0.204032 0.180036 0.021213 0.401486
4 0 0.318761 0.200065 0.135142 0.014461 0.331572
4 0 0.164977 0.193889 0.229471 0.036491 0.375171
4 0 0.271603 0.204395 0.169912 0.022560 0.331530
4 0 0.248170 0.193066 0.138425 0.012673 0.407667
4 0 0.199580 0.194285 0.157156 0.015318 0.433660
4 0 0.192358 0.213828 0.209065 0.032260 0.352489
4 0 0.242758 0.169575 0.104606 0.006503 0.476558
4 0 0.289276 0.178971 0.108470 0.007835 0.415448
4 0 0.273596 0.179422 0.111857 0.008114 0.427010
4 0 0.183893 0.187529 0.151408 0.013476 0.463694
4 0 0.208620 0.208508 0.179810 0.016282 0.386780
4 0 0.260567 0.185049 0.122667 0.009773 0.421944
4 0 0.187995 0.202041 0.184975 0.022345 0.402645
4 0 0.175220 0.195202 0.172928 0.018240 0.438411
4 0 0.194424 0.196564 0.163619 0.016050 0.429343
4 0 0.256959 0.213893 0.172394 0.016101 0.340653
4 0 0.181945 0.180641 0.149912 0.013039 0.474463
4 0 0.209680 0.199311 0.162020 0.015443 0.413546
4 0 0.222654 0.181247 0.148792 0.013984 0.433323
4 0 0.203702 0.158255 0.114512 0.007309 0.516222
4 0 0.232590 0.170951 0.118650 0.008434 0.469376
4 0 0.174591 0.160572 0.110661 0.006435 0.547741
4 0 0.209236 0.164942 0.106303 0.006296 0.513223
4 0 0.156640 0.155097 0.109214 0.006043 0.573005
4 0 0.209580 0.186688 0.156747 0.015443 0.431542
4 0 0.119983 0.182123 0.182042 0.018072 0.497778
4 0 0.198748 0.186558 0.143390 0.012250 0.459055
4 0 0.211262 0.203505 0.169175 0.016021 0.400038
4 0 0.196918 0.177728 0.161430 0.015960 0.447965
4 0 0.022571 0.078744 0.292717 0.045520 0.560448
4 0 0.063578 0.120042 0.212356 0.022568 0.581457
4 0 0.021192 0.078418 0.316829 0.055980 0.527581
4 0 0.019560 0.075770 0.302486 0.049192 0.552992
4 1 0.019722 0.076604 0.321294 0.057920 0.524461
4 1 0.012599 0.063074 0.376634 0.090767 0.456926
4 1 0.009774 0.056498 0.381047 0.093325 0.459357
4 1 0.012346 0.060953 0.365081 0.082356 0.479265
4 1 0.009955 0.057678 0.380362 0.092735 0.459271
4 1 0.012085 0.060544 0.359788 0.078682 0.488901
4 1 0.011203 0.061488 0.388134 0.099541 0.439634
4 1 0.016706 0.069477 0.349151 0.072945 0.491721
4 1 0.016882 0.072719 0.362450 0.081554 0.466395
4 1 0.014539 0.066095 0.360746 0.079882 0.478739
4 1 0.011994 0.062169 0.383846 0.096328 0.445663
4 1 0.010112 0.055673 0.398819 0.109375 0.426021
2 1 0.007268 0.051948 0.431699 0.146728 0.362358
2 4 0.006478 0.049315 0.438620 0.157362 0.348224
4 4 0.009269 0.055720 0.404329 0.114143 0.416539
4 4 0.008785 0.053462 0.406331 0.116171 0.415253
4 4 0.013097 0.062752 0.347323 0.071052 0.505776
4 4 0.013800 0.064347 0.342181 0.068160 0.511512
4 4 0.013441 0.063304 0.349311 0.072334 0.501610
4 4 0.012984 0.062283 0.345163 0.069774 0.509797
4 4 0.012981 0.062363 0.344298 0.069260 0.511098
4 4 0.013981 0.067982 0.347716 0.071186 0.499135
4 4 0.015362 0.067273 0.322443 0.057910 0.537013
4 4 0.014671 0.066326 0.327445 0.060296 0.531263
4 4 0.016473 0.069430 0.318600 0.056187 0.539309
4 4 0.032378 0.089914 0.268241 0.037270 0.572197
4 4 0.015291 0.066363 0.317891 0.055744 0.544711
4 4 0.013938 0.064420 0.320513 0.056777 0.544352
4 4 0.015796 0.068553 0.323772 0.058603 0.533277
4 4 0.015437 0.067559 0.328906 0.061186 0.526912
4 4 0.016705 0.069487 0.325377 0.059599 0.528832
4 4 0.011354 0.059462 0.351372 0.073109 0.504703
4 4 0.011132 0.058627 0.343588 0.068495 0.518158
4 4 0.010870 0.058719 0.348854 0.071454 0.510103
4 4 0.008706 0.054524 0.392817 0.102763 0.441190
4 4 0.009181 0.056117 0.392094 0.102251 0.440357
2 4 0.009877 0.057694 0.409029 0.119454 0.403946
2 4 0.008054 0.054126 0.414275 0.124042 0.399504
4 4 0.011397 0.059118 0.391742 0.103190 0.434554
4 4 0.012301 0.061079 0.371195 0.086700 0.468725
4 4 0.012935 0.061982 0.373866 0.088937 0.462280
4 4 0.013965 0.070482 0.398169 0.110051 0.407333
4 4 0.014768 0.066117 0.354503 0.075856 0.488757
4 4 0.012460 0.061934 0.360806 0.079386 0.485414
4 4 0.010023 0.058133 0.390123 0.100865 0.440856
4 4 0.017823 0.071431 0.353178 0.075758 0.481809
4 0 0.100369 0.144730 0.223992 0.027979 0.502929
4 0 0.072914 0.121230 0.195416 0.018928 0.591513
4 0 0.041991 0.103890 0.251009 0.032239 0.570871
4 0 0.025474 0.092138 0.331729 0.064357 0.486302
2 0 0.014475 0.077777 0.428897 0.150974 0.327878
4 0 0.048329 0.131474 0.317379 0.061715 0.441103
4 0 0.113662 0.163476 0.221520 0.028361 0.472981
4 0 0.176457 0.168635 0.157343 0.014288 0.483277
4 0 0.125671 0.152563 0.128389 0.008136 0.585242
4 1 0.063168 0.123210 0.236614 0.029296 0.547711
4 1 0.018768 0.072976 0.306043 0.050718 0.551495
4 1 0.018348 0.072642 0.314546 0.054523 0.539941
4 1 0.018348 0.073200 0.311522 0.053087 0.543842
4 1 0.016874 0.070505 0.314233 0.054151 0.544237
4 0 0.056802 0.107504 0.225863 0.025800 0.584031
4 0 0.180192 0.157567 0.129431 0.009171 0.523638
4 0 0.307533 0.187400 0.119057 0.010355 0.375656
4 0 0.185652 0.168643 0.141403 0.011387 0.492914
4 1 0.128132 0.155655 0.179266 0.017431 0.519515
4 1 0.066087 0.137846 0.284521 0.047811 0.463735
4 1 0.009768 0.056064 0.397842 0.108070 0.428256
4 1 0.011611 0.059749 0.373160 0.087938 0.467541
4 1 0.009598 0.055285 0.379370 0.092062 0.463686
4 2 0.010572 0.057775 0.379990 0.092833 0.458829
4 2 0.011589 0.059412 0.377478 0.091268 0.460252
4 2 0.010474 0.056652 0.376734 0.090385 0.465755
4 2 0.009605 0.055419 0.379771 0.092362 0.462843
4 2 0.010059 0.056052 0.382677 0.094901 0.456311
4 2 0.009236 0.054682 0.386250 0.097474 0.452358
4 2 0.008864 0.054410 0.400036 0.109673 0.427016
4 2 0.010568 0.057604 0.377326 0.090766 0.463736
4 2 0.012255 0.060642 0.378075 0.091976 0.457052
4 2 0.010915 0.058478 0.382960 0.095359 0.452288
4 2 0.010723 0.057528 0.374296 0.088562 0.468890
4 2 0.010893 0.058035 0.373128 0.087721 0.470223
4 2 0.009557 0.055029 0.387509 0.098725 0.449180
2 2 0.007553 0.051461 0.419194 0.129907 0.391884
4 2 0.009320 0.054801 0.395248 0.105454 0.435176
4 2 0.009374 0.054836 0.391217 0.101838 0.442735
2 2 0.007280 0.050834 0.424426 0.136471 0.380990
4 2 0.010187 0.056584 0.382556 0.094810 0.455863
4 2 0.010478 0.057397 0.384812 0.096749 0.450565
4 2 0.010971 0.058087 0.371783 0.086765 0.472394
4 2 0.010497 0.057504 0.383832 0.095933 0.452234
4 2 0.010823 0.058053 0.388449 0.099998 0.442676
4 2 0.009005 0.054194 0.388733 0.099485 0.448582
4 2 0.010045 0.056371 0.390669 0.101627 0.441288
4 2 0.009824 0.055510 0.380998 0.093470 0.460198
4 2 0.008809 0.053399 0.382117 0.093983 0.461692
4 2 0.009099 0.053916 0.386447 0.097663 0.452876
4 2 0.010178 0.056361 0.395267 0.105921 0.432274
4 2 0.008402 0.053768 0.404083 0.113382 0.420365
4 2 0.009866 0.055381 0.386048 0.097659 0.451045
4 2 0.010138 0.056847 0.387977 0.099271 0.445766
4 2 0.010012 0.056142 0.380577 0.093165 0.460103
2 2 0.008312 0.051625 0.417869 0.129227 0.392968
4 2 0.008318 0.052063 0.409560 0.119440 0.410619
2 2 0.008231 0.052473 0.414220 0.124536 0.400540
4 2 0.009626 0.055594 0.404204 0.114377 0.416199
4 2 0.008328 0.051706 0.409229 0.119165 0.411572
4 2 0.045683 0.108193 0.263406 0.036712 0.546006
4 2 0.043875 0.109306 0.270571 0.039130 0.537118
4 2 0.052596 0.118019 0.241931 0.030174 0.557279
4 2 0.205176 0.169586 0.149831 0.013545 0.461862
4 2 0.046532 0.110421 0.266519 0.037908 0.538621
4 2 0.010913 0.057227 0.400956 0.111925 0.418978
2 2 0.008612 0.052590 0.413198 0.123770 0.401831
4 2 0.009103 0.053798 0.404476 0.114483 0.418141
2 2 0.007517 0.051310 0.419081 0.129751 0.392341
4 2 0.011112 0.057864 0.397346 0.108414 0.425264
4 2 0.010908 0.058117 0.390219 0.101608 0.439148
4 2 0.009723 0.055448 0.404591 0.114898 0.415340
4 2 0.009145 0.054179 0.398523 0.108505 0.429649
4 2 0.009687 0.055337 0.387442 0.098715 0.448819
2 2 0.007481 0.051769 0.424273 0.136343 0.380133
4 2 0.012447 0.061637 0.378464 0.092279 0.455172
4 2 0.010937 0.058061 0.381216 0.094010 0.455776
4 2 0.009032 0.054915 0.407637 0.117544 0.410873
4 2 0.010049 0.056146 0.391721 0.102604 0.439481
4 2 0.010851 0.058451 0.389756 0.101108 0.439833
4 2 0.009534 0.055087 0.398468 0.108636 0.428274
4 2 0.009292 0.055091 0.402020 0.111918 0.421679
4 2 0.008777 0.054042 0.399412 0.109052 0.428718
4 2 0.008187 0.052073 0.400763 0.110181 0.428796
4 2 0.008465 0.052510 0.400590 0.110197 0.428238
2 2 0.007007 0.049868 0.431452 0.146415 0.365258
2 2 0.007601 0.051014 0.411941 0.121480 0.407964
2 2 0.007224 0.049625 0.419475 0.130250 0.393427
4 2 0.008046 0.051283 0.407653 0.117242 0.415776
4 2 0.009677 0.054935 0.401784 0.112063 0.421541
4 2 0.012894 0.063817 0.392651 0.104510 0.426128
2 2 0.010321 0.058270 0.408643 0.119376 0.403390
2 2 0.009693 0.057695 0.408651 0.118850 0.405111
4 2 0.011820 0.061760 0.401564 0.112664 0.412193
4 2 0.048114 0.113141 0.313212 0.058494 0.467040
4 0 0.285687 0.205675 0.155918 0.019458 0.333261
4 0 0.200471 0.215744 0.202347 0.025833 0.355605
4 0 0.132500 0.162314 0.174044 0.016467 0.514675
4 1 0.104409 0.156127 0.259097 0.041459 0.438908
4 1 0.099153 0.157521 0.273323 0.047442 0.422561
2 1 0.008368 0.051624 0.415113 0.125946 0.398949
2 1 0.008481 0.052254 0.417874 0.129306 0.392085
2 1 0.007965 0.050502 0.417700 0.128839 0.394994
2 2 0.008151 0.051390 0.416826 0.127793 0.395840
2 2 0.007759 0.050447 0.421184 0.132976 0.387635
4 2 0.009566 0.055348 0.386025 0.097424 0.451637
4 2 0.010206 0.056649 0.379873 0.092661 0.460611
4 2 0.009950 0.056239 0.379751 0.092455 0.461605
4 2 0.009040 0.054182 0.380742 0.092928 0.463108
4 2 0.008845 0.054063 0.379242 0.091631 0.466220
4 2 0.012911 0.064183 0.392367 0.104219 0.426320
4 2 0.012480 0.062709 0.393977 0.105584 0.425250
4 2 0.012075 0.062264 0.387325 0.099336 0.439001
4 2 0.037111 0.104562 0.328295 0.065029 0.465003
4 2 0.015806 0.069090 0.383182 0.097351 0.434571
2 2 0.004788 0.041839 0.453934 0.188817 0.310622
2 2 0.008379 0.052404 0.428966 0.144300 0.365952
2 2 0.008171 0.051521 0.432789 0.150166 0.357353
2 2 0.007005 0.048065 0.419831 0.130803 0.394295
2 2 0.006972 0.047862 0.427731 0.141406 0.376030
4 2 0.007988 0.050537 0.403121 0.112648 0.425706
2 2 0.008616 0.052693 0.412235 0.122641 0.403815
2 2 0.008392 0.051635 0.413840 0.124470 0.401662
2 2 0.007444 0.050178 0.420702 0.131974 0.389702
4 2 0.009082 0.054221 0.407255 0.117314 0.412128
4 2 0.011289 0.060240 0.398507 0.109353 0.420611
4 2 0.012477 0.062583 0.380304 0.093664 0.450972
4 2 0.011436 0.061372 0.393268 0.104325 0.429599
4 2 0.010884 0.060080 0.398144 0.108693 0.422200
4 1 0.028984 0.089744 0.324954 0.061478 0.494839
4 2 0.261268 0.185383 0.128265 0.010845 0.414239
4 1 0.047914 0.110905 0.246224 0.031166 0.563791
4 1 0.041122 0.107603 0.272061 0.039396 0.539818
4 1 0.041262 0.107380 0.263271 0.036240 0.551847
4 2 0.041269 0.106894 0.266585 0.037414 0.547839
2 2 0.007692 0.052111 0.417998 0.128463 0.393737
4 2 0.007285 0.050203 0.400729 0.109619 0.432163
4 2 0.008449 0.052792 0.401098 0.110624 0.427037
4 2 0.006727 0.048421 0.406702 0.115383 0.422767
4 2 0.007784 0.051510 0.404818 0.113941 0.421948
4 2 0.007916 0.052215 0.404232 0.113336 0.422302
2 2 0.008627 0.053602 0.410556 0.120568 0.406647
4 2 0.008519 0.053082 0.404273 0.113830 0.420296
2 2 0.006636 0.048349 0.417956 0.127869 0.399191
2 2 0.006631 0.049035 0.420547 0.130872 0.392915
2 2 0.007930 0.051904 0.413802 0.123806 0.402559
4 2 0.007852 0.051404 0.410380 0.119954 0.410409
2 2 0.007054 0.049327 0.417997 0.128259 0.397363
2 2 0.006945 0.050335 0.432293 0.147478 0.362949
4 2 0.007879 0.050816 0.405619 0.115023 0.420663
2 2 0.006870 0.048892 0.414876 0.124407 0.404954
2 2 0.006275 0.047558 0.423200 0.134122 0.388845
2 2 0.008302 0.052769 0.417251 0.128195 0.393483
2 2 0.009018 0.054174 0.411586 0.122050 0.403172
2 2 0.006996 0.049359 0.419634 0.130187 0.393825
2 2 0.007647 0.050385 0.425580 0.138744 0.377645
2 2 0.007267 0.049713 0.435210 0.152997 0.354813
2 2 0.006837 0.048418 0.437182 0.155889 0.351674
2 2 0.006754 0.048277 0.439834 0.160522 0.344613
2 2 0.005984 0.045836 0.444410 0.168412 0.335358
4 2 0.020488 0.083969 0.389991 0.105625 0.399928
4 2 0.022230 0.086336 0.389233 0.105858 0.396344
4 2 0.065080 0.135723 0.295843 0.053093 0.450262
4 2 0.102517 0.147805 0.213060 0.024888 0.511731
2 2 0.020460 0.083543 0.402822 0.119419 0.373757
2 2 0.009866 0.055959 0.437633 0.160744 0.335798
2 2 0.017252 0.069573 0.407525 0.122856 0.382793
2 2 0.011507 0.059233 0.431095 0.151127 0.347039
2 2 0.009988 0.056814 0.433219 0.152799 0.347180
2 2 0.010012 0.057222 0.432013 0.150726 0.350027
2 2 0.011304 0.059160 0.412646 0.124828 0.392061
2 2 0.010782 0.057186 0.420148 0.134063 0.377821
2 2 0.009645 0.055222 0.431539 0.149727 0.353866
2 2 0.010212 0.056106 0.425814 0.141493 0.366374
2 2 0.010358 0.056296 0.421011 0.134874 0.377461
4 2 0.128649 0.170797 0.261614 0.046100 0.392841
4 2 0.161440 0.185017 0.225492 0.034060 0.393991
4 0 0.263496 0.209481 0.167279 0.021373 0.338371
4 0 0.182441 0.198256 0.211156 0.033089 0.375059
0 0 0.287928 0.209867 0.206995 0.037473 0.257737
4 1 0.008468 0.053413 0.398331 0.107842 0.431946
4 1 0.007497 0.050753 0.404621 0.113591 0.423538
4 1 0.008435 0.053088 0.391506 0.101622 0.445349
4 1 0.008904 0.053842 0.394470 0.104550 0.438233
4 1 0.008850 0.054341 0.395148 0.105037 0.436625
2 2 0.007610 0.050041 0.415481 0.125809 0.401059
2 2 0.006946 0.050140 0.440412 0.161470 0.341033
2 2 0.008343 0.052115 0.413849 0.124315 0.401379
2 2 0.007086 0.048706 0.426217 0.139201 0.378790
2 2 0.007170 0.049440 0.424018 0.136113 0.383259
2 2 0.004735 0.041167 0.461779 0.216972 0.275347
2 2 0.005241 0.043886 0.459533 0.208553 0.282787
2 2 0.005712 0.046122 0.461660 0.220634 0.265871
2 2 0.006757 0.046684 0.443435 0.168126 0.334997
2 2 0.006093 0.044998 0.451387 0.185386 0.312136
2 2 0.008313 0.051736 0.431556 0.148369 0.360026
2 2 0.005373 0.045338 0.457343 0.200233 0.291712
2 2 0.008439 0.051344 0.428732 0.144299 0.367186
2 2 0.007852 0.050401 0.430801 0.146751 0.364195
2 2 0.007217 0.048650 0.436726 0.155813 0.351595
4 2 0.254405 0.194328 0.175626 0.023006 0.352635
0 0 0.390346 0.214047 0.173471 0.018954 0.203183
4 0 0.217788 0.221667 0.200080 0.011805 0.348659
4 0 0.222749 0.221118 0.195611 0.010076 0.350446
4 0 0.207180 0.210892 0.182120 0.010302 0.389506
4 0 0.182001 0.156690 0.102670 0.005532 0.553108
4 0 0.257198 0.182118 0.119058 0.009037 0.432589
4 0 0.175065 0.155521 0.120226 0.007707 0.541481
4 0 0.140238 0.147522 0.125225 0.007894 0.579121
4 0 0.117404 0.149772 0.170076 0.015060 0.547689
4 0 0.011053 0.058767 0.352863 0.073969 0.503349
4 1 0.010733 0.057940 0.339614 0.066168 0.525544
4 1 0.010004 0.056885 0.348373 0.070985 0.513753
4 1 0.010627 0.058207 0.344089 0.068616 0.518461
4 1 0.009151 0.055267 0.359527 0.077664 0.498390
4 1 0.007909 0.051836 0.401478 0.110651 0.428126
2 1 0.007207 0.050915 0.415479 0.125064 0.401334
4 1 0.008614 0.053429 0.396308 0.106068 0.435581
4 1 0.008555 0.053118 0.404152 0.113734 0.420441
2 1 0.007442 0.051423 0.426738 0.139788 0.374609
4 1 0.009559 0.055263 0.376457 0.089791 0.468930
4 1 0.008458 0.053511 0.384183 0.095364 0.458484
4 1 0.008094 0.053017 0.389399 0.099511 0.449978
4 1 0.007787 0.052237 0.401747 0.110708 0.427521
4 4 0.008782 0.053989 0.388600 0.099227 0.449402
4 4 0.016581 0.070918 0.328436 0.061050 0.523016
4 4 0.017320 0.070531 0.320953 0.057480 0.533716
4 4 0.015033 0.066564 0.322480 0.057887 0.538036
4 4 0.020426 0.081130 0.322508 0.058513 0.517423
4 4 0.015627 0.067812 0.329792 0.061687 0.525082
4 4 0.012802 0.062477 0.354678 0.075488 0.494556
4 4 0.012563 0.062312 0.351656 0.073510 0.499960
4 4 0.029753 0.090946 0.315259 0.056587 0.507454
4 4 0.009174 0.058490 0.399108 0.108392 0.424836
4 4 0.010371 0.059448 0.386758 0.098029 0.445395
4 4 0.014919 0.066608 0.351859 0.074195 0.492419
4 4 0.010171 0.057305 0.373095 0.087363 0.472067
4 4 0.010761 0.058294 0.365092 0.081863 0.483990
4 4 0.007594 0.052277 0.407070 0.115904 0.417155
4 4 0.008572 0.055847 0.394530 0.103970 0.437082
4 4 0.021854 0.077608 0.278131 0.039841 0.582565
4 4 0.014524 0.068915 0.302128 0.048330 0.566103
4 4 0.021670 0.076983 0.274300 0.038463 0.588585
4 4 0.040352 0.094521 0.220604 0.023577 0.620946
4 4 0.050573 0.106661 0.214189 0.022418 0.606159
4 4 0.009685 0.054828 0.356051 0.075788 0.503648
4 4 0.008286 0.053755 0.382467 0.093806 0.461686
4 4 0.009406 0.054642 0.353181 0.073879 0.508892
4 4 0.008556 0.055342 0.381859 0.093271 0.460972
4 4 0.009303 0.054772 0.354231 0.074457 0.507238
4 4 0.010106 0.058511 0.358968 0.077401 0.495014
4 4 0.010235 0.057532 0.356431 0.075959 0.499843
4 4 0.012193 0.062444 0.360478 0.078989 0.485896
4 4 0.014048 0.064547 0.337488 0.065584 0.518333
4 4 0.012292 0.061012 0.336702 0.064853 0.525140
4 4 0.010253 0.056713 0.371048 0.085995 0.475991
4 4 0.009671 0.055229 0.376574 0.089959 0.468567
4 4 0.008708 0.053768 0.381931 0.093697 0.461895
2 4 0.006105 0.049898 0.428654 0.140596 0.374747
4 4 0.008851 0.055228 0.390720 0.100909 0.444292
2 4 0.005817 0.047914 0.425339 0.136048 0.384882
4 4 0.008613 0.054037 0.392286 0.102295 0.442768
4 4 0.009750 0.055666 0.374554 0.088418 0.471612
4 4 0.007374 0.052922 0.399778 0.108233 0.431693
4 4 0.010214 0.057316 0.379595 0.092350 0.460526
4 4 0.012372 0.061034 0.359617 0.078649 0.488328
2 4 0.008472 0.056889 0.412144 0.121580 0.400915
4 4 0.012274 0.060688 0.371020 0.086601 0.469418
4 4 0.010908 0.058220 0.357113 0.076643 0.497116
4 4 0.009170 0.055257 0.367571 0.083078 0.484924
4 4 0.013201 0.063515 0.322587 0.057642 0.543056
4 4 0.013547 0.064497 0.327477 0.060111 0.534368
4 4 0.013103 0.062439 0.320301 0.056590 0.547566
4 4 0.012509 0.063074 0.325598 0.058953 0.539867
4 4 0.031406 0.090167 0.277143 0.040378 0.560907
4 0 0.110939 0.161651 0.218275 0.027129 0.482005
4 0 0.134166 0.139853 0.105673 0.005395 0.614914
4 0 0.053023 0.112491 0.223259 0.024853 0.586374
4 1 0.048347 0.107142 0.226948 0.025594 0.591969
4 1 0.050285 0.109341 0.225766 0.025379 0.589230
4 1 0.011128 0.058735 0.378250 0.091680 0.460206
4 1 0.010910 0.058074 0.372881 0.087541 0.470595
4 1 0.011146 0.058478 0.371548 0.086641 0.472188
4 1 0.011015 0.058934 0.381071 0.093825 0.455155
4 1 0.010309 0.056606 0.385759 0.097542 0.449784
4 1 0.153559 0.166413 0.192415 0.021923 0.465691
4 1 0.148285 0.164733 0.189947 0.020979 0.476057
4 1 0.143885 0.168078 0.206313 0.025512 0.456212
4 1 0.191965 0.169493 0.118049 0.007695 0.512799
4 1 0.129470 0.158043 0.197057 0.021927 0.493503
4 1 0.010906 0.057660 0.368506 0.084413 0.478516
4 1 0.010192 0.056812 0.377770 0.090982 0.464244
4 2 0.011053 0.058574 0.374456 0.088739 0.467178
4 2 0.010735 0.057851 0.373259 0.087749 0.470407
4 2 0.011737 0.059943 0.382807 0.095570 0.449942
4 2 0.009984 0.056117 0.386216 0.097770 0.449914
