0 0 0.771130 0.090623 0.104995 0.015778 0.017474
0 0 0.665349 0.112635 0.183874 0.026700 0.011442
0 0 0.489131 0.148873 0.297155 0.052090 0.012751
0 0 0.688961 0.112505 0.149540 0.028152 0.020842
0 0 0.604723 0.130015 0.212766 0.036922 0.015574
0 0 0.399847 0.189235 0.329159 0.059517 0.022241
0 0 0.356235 0.209400 0.335936 0.066866 0.031563
2 0 0.273195 0.198437 0.405480 0.087806 0.035082
2 0 0.269193 0.180966 0.414758 0.108086 0.026997
0 1 0.429759 0.182506 0.300094 0.061402 0.026239
2 1 0.232050 0.181215 0.421949 0.123693 0.041093
2 1 0.194537 0.185361 0.454829 0.130814 0.034459
2 1 0.198101 0.196483 0.424481 0.132446 0.048488
2 2 0.206152 0.191928 0.427129 0.135495 0.039297
2 2 0.252670 0.199347 0.377467 0.117713 0.052802
2 2 0.151300 0.167653 0.444757 0.181985 0.054304
2 2 0.292350 0.180447 0.369313 0.116229 0.041661
2 2 0.223794 0.167450 0.421043 0.152049 0.035664
2 2 0.257964 0.198476 0.384549 0.114933 0.044078
2 2 0.253380 0.181112 0.405230 0.125467 0.034812
2 2 0.189876 0.183697 0.413575 0.161182 0.051669
2 2 0.200574 0.191577 0.403307 0.150847 0.053695
2 3 0.260319 0.179111 0.384699 0.135866 0.040004
2 3 0.155338 0.172866 0.456658 0.173545 0.041593
2 3 0.189414 0.173252 0.439241 0.159439 0.038655
2 3 0.223750 0.171179 0.431427 0.145196 0.028447
2 3 0.215357 0.160361 0.435599 0.162915 0.025769
2 3 0.218082 0.165429 0.429642 0.162828 0.024018
2 3 0.205677 0.163991 0.440656 0.161518 0.028158
2 3 0.172407 0.145912 0.455764 0.202137 0.023780
2 3 0.245327 0.197876 0.395083 0.120261 0.041454
2 3 0.238004 0.190271 0.403873 0.126381 0.041471
2 3 0.170982 0.157900 0.448441 0.182502 0.040175
2 3 0.181180 0.179466 0.441201 0.164304 0.033848
2 3 0.227597 0.185044 0.416328 0.130606 0.040424
2 3 0.208345 0.144782 0.404625 0.204228 0.038019
2 3 0.208488 0.157709 0.415709 0.182593 0.035501
2 3 0.151577 0.155814 0.470073 0.183642 0.038893
2 3 0.153944 0.130301 0.459939 0.221688 0.034128
2 3 0.241110 0.164046 0.403733 0.155097 0.036014
2 3 0.234130 0.225117 0.383710 0.098792 0.058250
2 3 0.225852 0.209179 0.298291 0.119286 0.147391
2 3 0.226023 0.221004 0.308220 0.103240 0.141513
2 3 0.183214 0.207909 0.339511 0.127007 0.142360
2 3 0.168931 0.194211 0.364129 0.144732 0.127997
2 3 0.184762 0.205637 0.319556 0.111365 0.178680
2 3 0.210776 0.227052 0.317731 0.095097 0.149344
2 3 0.159146 0.224888 0.327427 0.110281 0.178258
2 3 0.216884 0.238259 0.278997 0.088141 0.177719
2 3 0.126277 0.216374 0.342502 0.118746 0.196102
2 3 0.135203 0.226743 0.310365 0.103827 0.223863
2 3 0.157220 0.233796 0.267642 0.075009 0.266333
2 3 0.159143 0.248770 0.314435 0.086239 0.191414
2 3 0.220979 0.240391 0.241213 0.071536 0.225880
2 3 0.177536 0.243792 0.292514 0.088589 0.197567
1 3 0.216219 0.267345 0.256080 0.070798 0.189558
2 3 0.136489 0.238308 0.292973 0.096294 0.235936
2 3 0.159701 0.247127 0.317427 0.092642 0.183103
2 3 0.120667 0.237987 0.339108 0.118077 0.184161
2 3 0.143947 0.249986 0.330055 0.108817 0.167195
2 3 0.133707 0.216091 0.341570 0.138468 0.170164
2 3 0.121627 0.230624 0.310859 0.127265 0.209625
2 3 0.097794 0.215466 0.358064 0.159721 0.168955
2 3 0.131693 0.223256 0.314194 0.135802 0.195056
2 3 0.079804 0.197509 0.364927 0.173412 0.184349
1 3 0.258308 0.277192 0.233165 0.053773 0.177561
0 3 0.271461 0.226588 0.230408 0.054510 0.217033
2 3 0.203027 0.274832 0.278829 0.065153 0.178159
2 3 0.133825 0.260243 0.322639 0.101044 0.182249
2 3 0.138896 0.249513 0.310592 0.091106 0.209892
2 3 0.108082 0.260227 0.293333 0.091328 0.247030
2 3 0.144255 0.271861 0.320522 0.088810 0.174551
2 3 0.145135 0.276281 0.277118 0.079308 0.222158
1 3 0.176117 0.268290 0.225403 0.069606 0.260584
2 3 0.165537 0.266914 0.274283 0.073725 0.219541
1 3 0.158689 0.282127 0.281862 0.079491 0.197832
1 3 0.157038 0.280697 0.275612 0.065164 0.221489
4 3 0.132560 0.268043 0.247238 0.074452 0.277708
2 3 0.108506 0.256710 0.303583 0.108793 0.222408
1 3 0.169231 0.281625 0.236711 0.066288 0.246145
2 3 0.119101 0.259389 0.345370 0.118692 0.157448
2 3 0.082616 0.223071 0.335207 0.135815 0.223291
2 3 0.104209 0.236875 0.322471 0.123779 0.212667
2 3 0.091710 0.227665 0.326526 0.154374 0.199724
2 3 0.119611 0.254578 0.334500 0.127477 0.163834
2 3 0.122085 0.255128 0.290456 0.107501 0.224830
2 3 0.060890 0.215528 0.343108 0.152517 0.227958
2 3 0.083668 0.227597 0.336208 0.137920 0.214607
2 3 0.130214 0.274995 0.342804 0.120392 0.131595
2 3 0.126030 0.276084 0.322088 0.100676 0.175122
4 3 0.071520 0.222843 0.245730 0.078208 0.381698
1 3 0.170253 0.289088 0.229881 0.055515 0.255263
4 3 0.114384 0.264459 0.251074 0.075679 0.294404
4 3 0.126073 0.259131 0.181026 0.035245 0.398526
4 3 0.073650 0.218081 0.215270 0.071785 0.421214
0 3 0.459611 0.193863 0.222898 0.057525 0.066103
0 3 0.596690 0.145446 0.190622 0.037585 0.029658
0 3 0.424507 0.194968 0.284847 0.057737 0.037941
0 3 0.508090 0.186646 0.235988 0.035724 0.033552
0 3 0.445623 0.202143 0.263803 0.047852 0.040579
2 3 0.256396 0.234402 0.355628 0.079762 0.073812
2 3 0.170211 0.212500 0.430498 0.122241 0.064550
2 3 0.203625 0.237570 0.341163 0.100425 0.117218
2 3 0.234862 0.213220 0.277318 0.100634 0.173966
2 3 0.162183 0.205764 0.302494 0.122613 0.206945
4 3 0.140863 0.217180 0.130847 0.017659 0.493452
4 3 0.123437 0.214038 0.147933 0.026865 0.487727
4 3 0.137215 0.216068 0.135872 0.019082 0.491764
4 3 0.100417 0.197696 0.148397 0.021405 0.532085
4 3 0.108370 0.202074 0.153321 0.023284 0.512950
4 3 0.162205 0.207828 0.184903 0.034198 0.410867
4 3 0.256227 0.232515 0.144906 0.024993 0.341359
0 3 0.435606 0.218468 0.143836 0.020019 0.182070
0 3 0.429912 0.217686 0.102153 0.014146 0.236103
4 3 0.174211 0.227823 0.121046 0.015168 0.461752
4 3 0.030766 0.144037 0.101865 0.010693 0.712639
4 3 0.024060 0.133053 0.112136 0.013945 0.716805
4 2 0.029758 0.143683 0.098936 0.010465 0.717159
4 2 0.025744 0.133903 0.110233 0.012150 0.717970
4 2 0.029466 0.140246 0.109260 0.011857 0.709171
4 2 0.088816 0.198244 0.112222 0.012231 0.588488
4 2 0.192834 0.207817 0.127491 0.008330 0.463528
4 2 0.100466 0.201986 0.113635 0.011549 0.572364
4 2 0.085699 0.197500 0.110542 0.012159 0.594100
4 2 0.073294 0.186801 0.113214 0.012073 0.614618
4 2 0.112040 0.211557 0.131068 0.021126 0.524210
4 2 0.080325 0.193342 0.148649 0.028870 0.548813
4 2 0.164847 0.260575 0.174448 0.014884 0.385246
1 2 0.159044 0.306853 0.245707 0.032581 0.255815
4 2 0.203210 0.284935 0.204437 0.018625 0.288792
4 2 0.300549 0.227593 0.104708 0.008658 0.358492
4 2 0.305153 0.237506 0.121733 0.012777 0.322831
4 2 0.129451 0.206093 0.132914 0.013596 0.517947
4 2 0.109442 0.212788 0.133746 0.023367 0.520657
4 2 0.119822 0.214424 0.136826 0.023072 0.505857
4 2 0.121474 0.199938 0.119368 0.009056 0.550164
4 2 0.218619 0.231269 0.113263 0.008820 0.428029
4 2 0.089845 0.198116 0.119766 0.013802 0.578470
4 2 0.149165 0.209011 0.116972 0.008689 0.516163
4 2 0.123708 0.217342 0.105973 0.011209 0.541768
4 2 0.056499 0.179573 0.103702 0.012372 0.647854
4 2 0.060817 0.175660 0.103474 0.009106 0.650944
4 2 0.056573 0.174264 0.109755 0.011831 0.647576
4 2 0.056516 0.175256 0.111342 0.012701 0.644185
4 2 0.053504 0.172669 0.108777 0.012228 0.652822
4 2 0.069661 0.187442 0.117972 0.015497 0.609428
4 2 0.107057 0.206684 0.108903 0.010733 0.566624
4 2 0.059972 0.182059 0.109408 0.013912 0.634648
4 2 0.046620 0.165321 0.121337 0.016394 0.650328
4 2 0.056167 0.172213 0.101572 0.008979 0.661069
4 2 0.078559 0.192023 0.114904 0.013297 0.601216
4 2 0.082315 0.193212 0.113243 0.012138 0.599092
4 2 0.089889 0.208110 0.116557 0.015138 0.570305
4 2 0.123848 0.206198 0.128671 0.009520 0.531762
4 2 0.066482 0.184333 0.111452 0.012866 0.624867
4 2 0.072808 0.189989 0.110981 0.012889 0.613333
4 2 0.082213 0.237742 0.168191 0.020928 0.490926
4 2 0.156451 0.220855 0.111573 0.010603 0.500518
4 2 0.112284 0.207308 0.107919 0.009854 0.562636
4 2 0.074404 0.184929 0.112439 0.010740 0.617488
4 2 0.031860 0.147440 0.137155 0.024708 0.658838
4 2 0.056096 0.176944 0.128442 0.019930 0.618589
4 2 0.051409 0.172904 0.108042 0.012706 0.654939
4 2 0.107692 0.201697 0.102159 0.007479 0.580973
4 2 0.043009 0.162329 0.114490 0.015151 0.665021
4 2 0.080669 0.202997 0.123759 0.017838 0.574737
4 2 0.116594 0.200258 0.116226 0.009030 0.557891
4 2 0.086034 0.202113 0.115387 0.016215 0.580252
4 2 0.161059 0.214555 0.102167 0.006398 0.515820
4 2 0.137229 0.212377 0.120368 0.011933 0.518093
4 2 0.064405 0.180751 0.116030 0.013507 0.625308
4 2 0.144436 0.216826 0.117359 0.011976 0.509403
4 2 0.069699 0.183308 0.113804 0.011940 0.621249
4 2 0.080115 0.197295 0.117272 0.014235 0.591084
4 2 0.077460 0.191476 0.109422 0.011630 0.610012
4 2 0.191855 0.279811 0.174596 0.021842 0.331895
4 2 0.172162 0.222846 0.128073 0.014311 0.462608
4 2 0.110233 0.248771 0.178839 0.018219 0.443938
4 2 0.135857 0.236733 0.159415 0.025290 0.442705
4 2 0.189420 0.279649 0.199707 0.022032 0.309191
4 2 0.134490 0.262888 0.183538 0.027672 0.391411
4 2 0.102487 0.235790 0.155854 0.023211 0.482659
4 2 0.072695 0.208219 0.176458 0.032344 0.510284
4 2 0.099844 0.248343 0.264992 0.048643 0.338179
1 1 0.237653 0.283699 0.189641 0.012627 0.276379
4 1 0.119921 0.245894 0.187827 0.030728 0.415630
4 1 0.120322 0.247240 0.170648 0.015776 0.446014
4 1 0.141535 0.249480 0.172001 0.014485 0.422500
4 1 0.169171 0.251944 0.144433 0.019632 0.414821
4 1 0.173139 0.254825 0.140057 0.013275 0.418704
0 1 0.383766 0.252321 0.203095 0.031263 0.129555
0 0 0.349652 0.250477 0.272542 0.049611 0.077718
0 0 0.329359 0.274533 0.307123 0.035856 0.053128
0 0 0.367204 0.256158 0.296672 0.034470 0.045496
0 0 0.401317 0.236928 0.275671 0.038225 0.047859
0 0 0.509726 0.207141 0.215256 0.024866 0.043010
2 0 0.285859 0.236760 0.370473 0.066564 0.040344
0 0 0.347273 0.233214 0.332116 0.051510 0.035888
0 0 0.416674 0.221752 0.256396 0.047591 0.057586
2 0 0.285260 0.232030 0.374478 0.068512 0.039719
1 0 0.299193 0.307002 0.188889 0.021347 0.183568
1 0 0.264032 0.289416 0.164430 0.018288 0.263834
1 0 0.226282 0.301909 0.206071 0.031864 0.233874
1 0 0.299564 0.304135 0.180222 0.018609 0.197470
0 0 0.374236 0.260287 0.163136 0.018108 0.184232
0 0 0.616383 0.165133 0.169593 0.016893 0.031998
0 0 0.779287 0.082559 0.099819 0.015530 0.022805
0 0 0.764786 0.093885 0.103136 0.016129 0.022063
0 0 0.677017 0.147979 0.129590 0.011995 0.033420
0 0 0.632950 0.150541 0.159645 0.022569 0.034295
0 0 0.460266 0.239896 0.211541 0.022941 0.065355
0 0 0.541663 0.198627 0.163254 0.022591 0.073865
0 0 0.579140 0.185265 0.108334 0.013030 0.114231
0 0 0.615310 0.182012 0.126018 0.011630 0.065030
0 0 0.610166 0.174041 0.154729 0.016681 0.044383
0 0 0.480204 0.231634 0.188429 0.022027 0.077707
0 0 0.412355 0.239914 0.242317 0.035470 0.069944
0 0 0.475389 0.225451 0.203761 0.026800 0.068599
0 0 0.454040 0.231327 0.226213 0.028868 0.059553
0 0 0.558468 0.195077 0.174345 0.019421 0.052690
0 0 0.488587 0.236020 0.186561 0.017963 0.070869
0 0 0.408226 0.257679 0.215201 0.027710 0.091184
0 0 0.590967 0.201086 0.135474 0.009883 0.062591
0 0 0.579195 0.192720 0.139967 0.015193 0.072925
0 0 0.587987 0.177207 0.157037 0.021098 0.056671
0 0 0.813832 0.077068 0.080473 0.011052 0.017574
0 0 0.720234 0.118070 0.109033 0.016608 0.036055
0 0 0.743971 0.096863 0.126486 0.018179 0.014500
0 0 0.771056 0.087063 0.119113 0.013254 0.009514
0 0 0.770979 0.090937 0.116872 0.011282 0.009931
0 0 0.492752 0.216401 0.225602 0.023738 0.041507
2 0 0.281162 0.234057 0.374565 0.067351 0.042864
2 0 0.316209 0.238975 0.353516 0.056072 0.035228
0 0 0.398813 0.220274 0.282493 0.049074 0.049346
0 0 0.438529 0.221354 0.224252 0.042020 0.073845
4 0 0.118358 0.210573 0.128128 0.017183 0.525758
4 0 0.133224 0.219953 0.124931 0.018377 0.503515
4 0 0.172214 0.230192 0.115401 0.014577 0.467615
4 0 0.136196 0.224287 0.121975 0.018761 0.498782
4 1 0.183881 0.237629 0.117210 0.018804 0.442478
4 1 0.129770 0.228623 0.113709 0.019023 0.508876
4 1 0.150344 0.241309 0.128158 0.018991 0.461198
4 1 0.120690 0.220191 0.119638 0.018750 0.520731
4 1 0.180617 0.253377 0.126619 0.018906 0.420482
4 1 0.099675 0.213085 0.124348 0.022949 0.539943
4 1 0.092944 0.203723 0.119551 0.016523 0.567260
4 1 0.119869 0.208374 0.108454 0.009321 0.553982
4 1 0.070026 0.191510 0.121662 0.019645 0.597157
4 1 0.076477 0.197481 0.121587 0.020148 0.584308
4 1 0.060818 0.181420 0.118943 0.016842 0.621976
4 1 0.230254 0.222914 0.125048 0.012278 0.409506
4 1 0.195264 0.238155 0.121503 0.020880 0.424198
4 1 0.223567 0.249943 0.139499 0.033872 0.353119
4 1 0.201462 0.238562 0.129728 0.026322 0.403927
4 1 0.159586 0.258315 0.155976 0.032115 0.394008
4 1 0.086568 0.224814 0.188564 0.049928 0.450126
4 1 0.105550 0.244913 0.229517 0.058721 0.361299
4 1 0.071676 0.200814 0.150540 0.036472 0.540498
4 1 0.077663 0.210365 0.197345 0.067722 0.446905
4 1 0.124996 0.235305 0.150809 0.034952 0.453938
4 1 0.047717 0.170236 0.153218 0.039517 0.589312
4 2 0.077028 0.195114 0.147779 0.035183 0.544895
4 2 0.077577 0.198015 0.143101 0.033991 0.547317
4 2 0.055936 0.177558 0.161220 0.045125 0.560160
4 2 0.073059 0.203133 0.158641 0.041213 0.523954
4 2 0.063875 0.185628 0.150710 0.037367 0.562420
4 2 0.085239 0.212431 0.178952 0.057689 0.465689
4 2 0.156701 0.243166 0.149196 0.040268 0.410669
4 2 0.120582 0.219923 0.141533 0.034468 0.483494
4 2 0.116252 0.264834 0.253620 0.050314 0.314979
2 2 0.146649 0.257535 0.331664 0.099455 0.164697
2 2 0.244787 0.281195 0.286660 0.063673 0.123685
1 2 0.240007 0.277836 0.275332 0.061804 0.145021
1 2 0.250478 0.277308 0.263202 0.062419 0.146592
2 2 0.183355 0.266876 0.326699 0.088941 0.134130
0 2 0.332484 0.268949 0.235918 0.043244 0.119405
0 2 0.413687 0.230846 0.215343 0.036138 0.103986
0 2 0.338785 0.288912 0.251345 0.030019 0.090939
0 2 0.331701 0.259699 0.190236 0.039490 0.178873
0 2 0.320079 0.269366 0.211403 0.041786 0.157366
4 2 0.108525 0.223150 0.182747 0.043009 0.442569
4 2 0.099051 0.229876 0.186196 0.041166 0.443712
2 2 0.097993 0.258409 0.293227 0.087407 0.262964
4 2 0.104046 0.243510 0.234391 0.061086 0.356967
4 2 0.104096 0.248035 0.191175 0.043371 0.413324
4 2 0.093856 0.234532 0.235848 0.085075 0.350689
4 2 0.163265 0.272207 0.219804 0.065031 0.279693
4 2 0.081969 0.215771 0.194874 0.057797 0.449589
4 2 0.057560 0.194921 0.200316 0.055061 0.492142
4 2 0.079970 0.204289 0.176828 0.049764 0.489149
1 2 0.247638 0.276458 0.231583 0.060138 0.184184
1 2 0.245101 0.258540 0.208681 0.067167 0.220510
0 2 0.435764 0.251563 0.217685 0.023563 0.071425
2 2 0.165693 0.266933 0.325772 0.070832 0.170770
2 2 0.191983 0.286439 0.300689 0.069921 0.150968
2 2 0.139191 0.206451 0.396598 0.177167 0.080594
2 2 0.131397 0.204997 0.348444 0.175663 0.139499
2 2 0.096231 0.208695 0.424088 0.182855 0.088131
2 2 0.087006 0.190148 0.386375 0.206757 0.129713
2 2 0.102232 0.202555 0.392263 0.188781 0.114169
2 2 0.180451 0.260242 0.311002 0.097106 0.151198
2 2 0.132922 0.249979 0.346256 0.117892 0.152952
2 3 0.118316 0.243622 0.386739 0.106248 0.145074
2 3 0.189283 0.266996 0.315520 0.094556 0.133644
2 3 0.080947 0.226706 0.385681 0.144157 0.162509
4 3 0.071099 0.200332 0.178822 0.059563 0.490184
4 3 0.089216 0.223684 0.198890 0.058865 0.429346
4 3 0.074661 0.217955 0.218742 0.057512 0.431131
4 3 0.074262 0.243431 0.258111 0.060882 0.363314
4 3 0.044897 0.215534 0.293616 0.068522 0.377431
0 3 0.656519 0.119762 0.116928 0.040324 0.066467
0 3 0.880512 0.054870 0.046072 0.004882 0.013665
0 3 0.722795 0.112041 0.136326 0.014137 0.014701
0 3 0.547305 0.182426 0.183053 0.031447 0.055769
0 3 0.517775 0.180853 0.175287 0.044168 0.081917
2 3 0.104291 0.228175 0.412949 0.162075 0.092510
2 3 0.086934 0.205958 0.411855 0.192427 0.102827
2 3 0.086278 0.208863 0.392964 0.174557 0.137337
2 3 0.074868 0.224967 0.407908 0.149937 0.142320
2 3 0.123428 0.243170 0.375193 0.134461 0.123749
2 3 0.141754 0.212727 0.381306 0.164811 0.099401
2 3 0.086470 0.187447 0.424037 0.220064 0.081982
2 3 0.060036 0.161077 0.468661 0.242486 0.067741
2 3 0.070675 0.176345 0.443493 0.229888 0.079598
2 3 0.100217 0.194888 0.429725 0.189533 0.085636
2 3 0.154864 0.207864 0.383740 0.183597 0.069934
2 3 0.128474 0.190555 0.412784 0.207346 0.060841
2 3 0.075163 0.162146 0.450672 0.246611 0.065409
2 3 0.110658 0.199626 0.439730 0.192518 0.057469
2 3 0.086089 0.178736 0.440927 0.219696 0.074551
2 3 0.059218 0.149091 0.421690 0.283550 0.086451
2 3 0.054280 0.133283 0.410413 0.311226 0.090798
2 3 0.044821 0.134984 0.409386 0.332091 0.078718
2 3 0.090018 0.174194 0.419656 0.236373 0.079760
2 3 0.086164 0.177625 0.428521 0.241627 0.066063
2 3 0.061805 0.140740 0.422201 0.296568 0.078686
2 3 0.031510 0.107802 0.438518 0.368984 0.053185
2 3 0.035324 0.103400 0.445682 0.363834 0.051760
2 3 0.078145 0.153805 0.423356 0.281520 0.063173
2 3 0.042739 0.113339 0.416547 0.364567 0.062808
0 3 0.362562 0.195698 0.269211 0.088988 0.083541
0 3 0.626810 0.138672 0.186278 0.027359 0.020882
2 3 0.294415 0.204195 0.382357 0.084887 0.034147
0 3 0.359209 0.228867 0.298404 0.061147 0.052372
0 3 0.334438 0.220417 0.326008 0.072123 0.047014
2 3 0.121738 0.154585 0.448789 0.241791 0.033097
2 3 0.101923 0.155067 0.459332 0.245909 0.037768
2 3 0.130596 0.175913 0.475284 0.187141 0.031065
2 3 0.175360 0.188692 0.399969 0.184146 0.051833
2 3 0.092813 0.141388 0.423453 0.298376 0.043971
2 3 0.209057 0.191972 0.380933 0.160633 0.057404
2 3 0.253635 0.204625 0.366597 0.129600 0.045543
2 3 0.189829 0.182046 0.405416 0.175861 0.046848
2 3 0.218085 0.205047 0.384709 0.142269 0.049889
2 3 0.288940 0.166020 0.328829 0.177002 0.039209
0 3 0.544330 0.177609 0.225067 0.027070 0.025924
0 3 0.618121 0.164509 0.158741 0.019178 0.039451
0 3 0.455823 0.221701 0.233407 0.033841 0.055228
0 3 0.420237 0.234041 0.244784 0.037896 0.063042
0 3 0.372537 0.235027 0.239777 0.056730 0.095928
4 3 0.070819 0.187960 0.282035 0.139086 0.320100
4 3 0.069508 0.186173 0.277329 0.143677 0.323314
2 3 0.076042 0.208105 0.350422 0.173621 0.191809
2 3 0.051546 0.151747 0.331477 0.275364 0.189866
2 3 0.063083 0.199185 0.407895 0.209829 0.120008
2 3 0.054250 0.196408 0.345994 0.158262 0.245086
2 3 0.075278 0.209123 0.390973 0.175003 0.149623
2 3 0.061879 0.212357 0.338116 0.135491 0.252157
2 3 0.067418 0.194021 0.298765 0.148970 0.290826
2 3 0.074602 0.220753 0.328122 0.151220 0.225303
0 3 0.399222 0.218088 0.203021 0.057681 0.121989
0 3 0.485428 0.210062 0.213469 0.032818 0.058224
2 3 0.337481 0.212501 0.363039 0.056169 0.030809
0 3 0.433268 0.185337 0.284720 0.063929 0.032747
2 3 0.255126 0.234778 0.377148 0.078215 0.054733
2 3 0.256428 0.179473 0.397729 0.134904 0.031466
2 3 0.292758 0.193542 0.378492 0.107666 0.027542
2 3 0.242615 0.194014 0.408906 0.128037 0.026428
2 3 0.275780 0.191985 0.403845 0.106024 0.022366
0 3 0.477692 0.199911 0.250789 0.036221 0.035388
0 3 0.604402 0.138033 0.201283 0.035435 0.020848
2 3 0.354338 0.150124 0.391215 0.093858 0.010465
2 3 0.282211 0.152351 0.428285 0.125989 0.011164
0 3 0.397501 0.156621 0.359449 0.074303 0.012127
0 3 0.386140 0.159205 0.363140 0.078516 0.012998
2 3 0.204849 0.142326 0.479326 0.163448 0.010051
2 3 0.227842 0.151401 0.448624 0.160097 0.012036
2 3 0.225630 0.150561 0.448222 0.160615 0.014972
2 3 0.264783 0.153565 0.424257 0.143712 0.013684
2 3 0.159953 0.134326 0.479296 0.213365 0.013060
0 3 0.459321 0.177351 0.298057 0.046102 0.019170
0 3 0.622660 0.129975 0.202745 0.029847 0.014774
0 3 0.506703 0.146288 0.279381 0.053112 0.014515
0 3 0.434591 0.171276 0.326330 0.052606 0.015197
0 3 0.419357 0.191132 0.318111 0.049857 0.021543
2 3 0.150659 0.126918 0.454115 0.247414 0.020895
2 3 0.122972 0.139524 0.458642 0.253681 0.025180
2 3 0.123337 0.145091 0.482712 0.227074 0.021786
2 3 0.180770 0.161734 0.461519 0.175813 0.020164
2 3 0.132851 0.151220 0.468929 0.220664 0.026337
2 3 0.086711 0.146970 0.427559 0.289676 0.049083
2 3 0.077443 0.146391 0.469809 0.276428 0.029929
2 3 0.044406 0.121062 0.445954 0.343798 0.044780
2 3 0.062070 0.128566 0.422636 0.327314 0.059413
2 2 0.068910 0.125216 0.437221 0.326245 0.042408
0 2 0.341893 0.208649 0.308274 0.090198 0.050986
0 2 0.322593 0.223580 0.308264 0.085554 0.060009
0 2 0.488404 0.165957 0.259745 0.058139 0.027756
2 2 0.282594 0.183549 0.418496 0.094036 0.021325
0 2 0.541325 0.146475 0.250751 0.044666 0.016783
0 2 0.420785 0.174661 0.327693 0.059220 0.017641
2 2 0.289677 0.165493 0.404407 0.118449 0.021974
2 2 0.294182 0.215896 0.370941 0.085876 0.033104
0 2 0.384901 0.203511 0.320424 0.060874 0.030290
2 2 0.343189 0.190298 0.365712 0.078955 0.021846
2 2 0.292756 0.183136 0.407416 0.098860 0.017832
0 2 0.385631 0.169474 0.338704 0.085836 0.020356
2 2 0.227644 0.190089 0.431418 0.129078 0.021772
0 2 0.390195 0.164073 0.323454 0.096018 0.026260
0 2 0.460794 0.189343 0.286478 0.040304 0.023081
0 2 0.759119 0.090190 0.126514 0.014496 0.009680
0 2 0.772170 0.090083 0.105833 0.015428 0.016485
0 0 0.824777 0.072926 0.082739 0.008841 0.010716
0 0 0.854700 0.063682 0.049944 0.007402 0.024271
0 0 0.858426 0.061253 0.061528 0.006408 0.012385
4 0 0.174145 0.220494 0.137382 0.018031 0.449949
4 1 0.054543 0.163646 0.183839 0.038772 0.559200
4 1 0.065062 0.182734 0.152881 0.032255 0.567068
4 0 0.257767 0.203227 0.191297 0.029223 0.318487
1 0 0.220697 0.280916 0.239669 0.021976 0.236742
4 0 0.040522 0.149448 0.117299 0.010825 0.681906
4 1 0.022617 0.126315 0.120507 0.014148 0.716413
4 1 0.018636 0.115515 0.121000 0.012784 0.732065
4 1 0.030453 0.139645 0.111274 0.011406 0.707222
4 1 0.021636 0.123859 0.113178 0.011820 0.729507
4 1 0.028980 0.137768 0.134322 0.018978 0.679952
4 4 0.022597 0.126655 0.138145 0.020697 0.691906
4 4 0.027246 0.139001 0.124341 0.018304 0.691107
4 4 0.024997 0.132643 0.134955 0.020692 0.686714
4 4 0.075273 0.176414 0.113664 0.007868 0.626781
4 4 0.116864 0.191367 0.144322 0.011521 0.535926
4 4 0.052944 0.163880 0.103809 0.007831 0.671536
4 4 0.076546 0.182342 0.101236 0.006920 0.632957
4 4 0.050624 0.156808 0.098588 0.005686 0.688294
4 4 0.062733 0.160797 0.140727 0.011550 0.624193
4 4 0.072873 0.176593 0.102881 0.006455 0.641198
4 4 0.036451 0.148981 0.108648 0.010588 0.695333
4 4 0.042799 0.154388 0.098837 0.007427 0.696549
4 4 0.058961 0.165842 0.113370 0.008050 0.653777
4 4 0.102069 0.185642 0.143262 0.012666 0.556360
4 4 0.055965 0.167585 0.102373 0.007748 0.666329
4 4 0.074034 0.178853 0.102355 0.006704 0.638054
4 4 0.034995 0.148299 0.113692 0.012655 0.690359
4 4 0.020121 0.119529 0.122497 0.013676 0.724178
4 4 0.023486 0.129538 0.118404 0.014308 0.714264
4 4 0.030998 0.141194 0.143074 0.021774 0.662960
4 4 0.175689 0.204536 0.148451 0.013457 0.457867
4 4 0.090049 0.180641 0.119632 0.007620 0.602058
4 4 0.033050 0.145737 0.120119 0.015057 0.686037
4 4 0.088273 0.187210 0.111830 0.008277 0.604410
4 4 0.048210 0.158461 0.113651 0.009599 0.670079
4 4 0.030753 0.142657 0.120433 0.015433 0.690725
4 4 0.025853 0.135548 0.133127 0.021133 0.684339
4 4 0.030603 0.143635 0.118409 0.015305 0.692047
4 4 0.082618 0.175970 0.131511 0.009914 0.599987
4 4 0.056569 0.162154 0.111655 0.007763 0.661859
4 4 0.031324 0.144694 0.118543 0.015502 0.689936
4 4 0.038791 0.151891 0.108748 0.010732 0.689838
4 4 0.034281 0.147539 0.109230 0.011854 0.697095
4 4 0.031601 0.145826 0.124149 0.017358 0.681065
4 4 0.030157 0.140111 0.100072 0.009095 0.720565
4 4 0.047673 0.157372 0.106336 0.008065 0.680553
4 4 0.055123 0.159871 0.139542 0.013996 0.631468
4 4 0.040197 0.150366 0.105804 0.008440 0.695194
4 4 0.037021 0.154943 0.101740 0.011155 0.695141
4 4 0.020929 0.123679 0.107940 0.011129 0.736323
4 4 0.020521 0.122144 0.106301 0.010411 0.740624
4 4 0.015420 0.109363 0.103608 0.009437 0.762173
4 4 0.015178 0.108110 0.116103 0.012066 0.748542
4 4 0.024390 0.129051 0.098328 0.008360 0.739871
4 4 0.021328 0.123220 0.109577 0.010911 0.734964
4 4 0.017465 0.115671 0.107249 0.010845 0.748770
4 4 0.037768 0.146036 0.104029 0.007889 0.704279
4 4 0.016376 0.112916 0.117255 0.013458 0.739995
4 4 0.026483 0.133781 0.097058 0.008377 0.734301
4 4 0.021860 0.126336 0.114920 0.013415 0.723470
4 4 0.027163 0.134462 0.124560 0.015308 0.698507
4 4 0.030526 0.141874 0.114673 0.013376 0.699550
4 4 0.019768 0.123534 0.137651 0.023296 0.695752
4 4 0.023988 0.131753 0.120716 0.016027 0.707516
4 4 0.020925 0.122400 0.137080 0.019445 0.700151
4 4 0.024966 0.132861 0.123119 0.016356 0.702698
4 4 0.023726 0.128729 0.128084 0.016781 0.702679
4 4 0.018862 0.118810 0.129259 0.017283 0.715786
4 4 0.032466 0.147319 0.114835 0.014779 0.690601
4 4 0.023111 0.128599 0.122374 0.015590 0.710326
4 4 0.026864 0.134427 0.116070 0.013022 0.709616
4 2 0.022443 0.127625 0.119717 0.014955 0.715260
4 2 0.019874 0.120022 0.138392 0.019807 0.701904
4 2 0.023501 0.126627 0.125810 0.014874 0.709188
4 2 0.019285 0.118558 0.143039 0.021519 0.697600
4 2 0.018037 0.115710 0.134724 0.018213 0.713316
4 2 0.021197 0.123995 0.129297 0.017414 0.708096
4 2 0.019618 0.118928 0.143008 0.021141 0.697306
4 2 0.019882 0.120479 0.130670 0.017313 0.711656
4 2 0.023896 0.128921 0.112357 0.011930 0.722895
4 2 0.021899 0.123787 0.126105 0.015145 0.713064
4 2 0.017406 0.113640 0.119131 0.012860 0.736963
4 2 0.018731 0.114020 0.124545 0.012692 0.730012
4 2 0.029202 0.135745 0.113760 0.011152 0.710140
4 2 0.055650 0.172843 0.140963 0.023780 0.606764
4 2 0.049736 0.169752 0.123307 0.018440 0.638765
4 2 0.041771 0.155717 0.138948 0.020894 0.642670
4 3 0.047482 0.168300 0.126385 0.020420 0.637413
0 3 0.480229 0.153939 0.181644 0.026775 0.157414
4 3 0.084642 0.180545 0.207333 0.054547 0.472932
4 3 0.052650 0.156575 0.200174 0.039949 0.550652
4 3 0.150581 0.193451 0.217836 0.051317 0.386815
4 3 0.076591 0.166705 0.231800 0.065655 0.459249
4 3 0.065274 0.158521 0.228909 0.055810 0.491486
4 3 0.025508 0.123510 0.219988 0.069441 0.561553
4 3 0.029212 0.128487 0.216613 0.061150 0.564539
4 3 0.021071 0.111888 0.235234 0.073768 0.558038
4 3 0.022573 0.114574 0.237984 0.079602 0.545267
4 3 0.022987 0.116642 0.231774 0.075874 0.552722
4 3 0.020869 0.112777 0.234426 0.080826 0.551102
4 3 0.021902 0.114159 0.244361 0.109391 0.510187
4 3 0.022663 0.115679 0.245304 0.122624 0.493730
4 3 0.024328 0.115464 0.253708 0.112600 0.493899
4 3 0.032356 0.127643 0.239183 0.073894 0.526924
4 3 0.027982 0.118839 0.260125 0.155141 0.437913
4 3 0.028822 0.119783 0.261025 0.116953 0.473417
4 3 0.027250 0.120454 0.252641 0.123659 0.475996
4 3 0.042114 0.134126 0.260477 0.105381 0.457902
4 3 0.029628 0.128087 0.237733 0.107551 0.497000
4 3 0.024027 0.117012 0.243760 0.096030 0.519171
4 3 0.030737 0.125061 0.249659 0.099557 0.494986
4 3 0.027566 0.122856 0.245783 0.114633 0.489163
4 3 0.021254 0.110756 0.253904 0.126183 0.487903
4 3 0.039717 0.139299 0.238268 0.098356 0.484361
4 3 0.027746 0.112153 0.277284 0.177750 0.405068
4 3 0.021440 0.096609 0.292877 0.215229 0.373846
4 3 0.026990 0.116016 0.265923 0.128369 0.462702
4 3 0.029567 0.123447 0.249836 0.099182 0.497968
4 3 0.025728 0.116505 0.258528 0.128828 0.470411
4 3 0.024328 0.120833 0.230329 0.086889 0.537622
4 3 0.022258 0.116525 0.231959 0.084699 0.544559
4 3 0.020893 0.114538 0.230061 0.083941 0.550567
4 3 0.027763 0.121232 0.250863 0.108623 0.491520
4 3 0.022966 0.116206 0.230917 0.071787 0.558124
4 3 0.023728 0.118333 0.237269 0.093645 0.527025
4 3 0.022108 0.113480 0.245382 0.098025 0.521005
4 3 0.021249 0.112808 0.239486 0.087965 0.538492
4 3 0.036466 0.137887 0.226846 0.079947 0.518854
4 3 0.024151 0.122124 0.221576 0.077446 0.554702
4 3 0.024013 0.120955 0.220395 0.069710 0.564927
4 3 0.019464 0.117272 0.200530 0.061883 0.600852
4 3 0.021067 0.116319 0.208000 0.055127 0.599487
4 3 0.020512 0.114331 0.214916 0.060060 0.590180
4 3 0.024021 0.120616 0.210083 0.053896 0.591385
4 3 0.023860 0.107111 0.277874 0.171951 0.419204
4 3 0.034357 0.124434 0.266190 0.154744 0.420276
4 3 0.022459 0.107307 0.270525 0.168668 0.431041
4 3 0.022185 0.108975 0.265588 0.142300 0.460953
4 3 0.027396 0.108091 0.284591 0.198566 0.381356
4 3 0.031901 0.114585 0.283609 0.183474 0.386431
4 3 0.023298 0.100747 0.288402 0.211388 0.376164
4 3 0.022214 0.100183 0.287734 0.201467 0.388402
4 3 0.022114 0.098012 0.289527 0.220887 0.369459
4 3 0.020786 0.096691 0.293924 0.197255 0.391345
4 3 0.019370 0.109954 0.242050 0.105013 0.523614
4 3 0.025049 0.115107 0.259607 0.123897 0.476339
4 3 0.018381 0.104684 0.257162 0.136151 0.483622
4 3 0.023059 0.113865 0.251413 0.107044 0.504618
4 3 0.028869 0.122553 0.249257 0.097285 0.502035
4 3 0.022817 0.111724 0.259759 0.135419 0.470280
4 3 0.021350 0.113304 0.243730 0.108017 0.513599
4 3 0.027853 0.123923 0.241885 0.102786 0.503553
4 3 0.031860 0.128242 0.246825 0.115003 0.478070
4 3 0.031703 0.123968 0.280592 0.128892 0.434846
4 3 0.035053 0.114096 0.285180 0.217997 0.347673
2 3 0.038209 0.103533 0.321219 0.319580 0.217459
2 3 0.029834 0.103254 0.316786 0.307386 0.242741
2 3 0.035722 0.105544 0.320386 0.305739 0.232609
4 3 0.027830 0.098206 0.290625 0.278205 0.305135
3 3 0.021910 0.070839 0.302671 0.482946 0.121634
3 3 0.032863 0.085331 0.308892 0.438199 0.134715
3 3 0.027086 0.080138 0.288852 0.418037 0.185886
3 3 0.027280 0.069883 0.262891 0.480924 0.159021
3 3 0.024009 0.066458 0.262515 0.488007 0.159011
3 3 0.031990 0.059247 0.259604 0.551775 0.097384
3 3 0.012889 0.036128 0.258882 0.643285 0.048817
3 3 0.019698 0.044407 0.235910 0.607636 0.092348
3 3 0.014284 0.037219 0.255767 0.642021 0.050709
3 3 0.011275 0.038635 0.267982 0.618860 0.063248
3 3 0.022070 0.061517 0.279913 0.525459 0.111042
3 3 0.023667 0.067085 0.284439 0.501138 0.123671
3 3 0.021729 0.056745 0.266478 0.546566 0.108482
3 3 0.026244 0.057508 0.250386 0.548085 0.117777
3 3 0.026741 0.063851 0.259100 0.514426 0.135881
3 3 0.029401 0.058443 0.304365 0.515493 0.092299
3 3 0.019596 0.054063 0.289964 0.534053 0.102324
3 3 0.025364 0.057880 0.267932 0.528672 0.120153
3 3 0.030725 0.057882 0.303155 0.511219 0.097019
3 3 0.031379 0.058627 0.287694 0.505089 0.117213
3 3 0.016195 0.038542 0.246150 0.640095 0.059017
3 3 0.018891 0.040722 0.286723 0.605040 0.048624
3 3 0.014463 0.034163 0.229085 0.652119 0.070171
3 3 0.022223 0.043870 0.281289 0.593372 0.059246
3 3 0.023030 0.043081 0.274528 0.590536 0.068825
3 3 0.021737 0.041273 0.276721 0.594193 0.066076
3 3 0.019457 0.039136 0.277856 0.604067 0.059485
3 3 0.015365 0.039169 0.270804 0.601281 0.073381
3 3 0.023369 0.046090 0.291658 0.584858 0.054025
3 3 0.014624 0.035748 0.255714 0.642415 0.051500
0 3 0.475755 0.145749 0.189325 0.097832 0.091339
2 3 0.213618 0.108365 0.323782 0.242316 0.111919
0 3 0.302601 0.121733 0.286698 0.179379 0.109588
0 3 0.412144 0.157815 0.305035 0.100140 0.024866
0 3 0.427733 0.153049 0.314665 0.086211 0.018341
0 3 0.585822 0.179538 0.183885 0.018071 0.032684
0 3 0.665988 0.134782 0.145839 0.022239 0.031152
0 3 0.754972 0.095313 0.086989 0.020497 0.042229
0 3 0.290154 0.199285 0.201436 0.055199 0.253925
0 3 0.477250 0.169200 0.163670 0.043566 0.146315
4 3 0.009965 0.096079 0.114379 0.014297 0.765280
4 3 0.034392 0.144797 0.101147 0.007926 0.711737
4 2 0.011662 0.099276 0.095570 0.008106 0.785387
4 2 0.010825 0.097352 0.094004 0.008151 0.789668
4 2 0.013504 0.103671 0.083099 0.005565 0.794160
4 2 0.007229 0.080241 0.082976 0.005059 0.824495
4 2 0.006534 0.078154 0.072625 0.004041 0.838646
4 2 0.007716 0.081797 0.075871 0.004039 0.830577
4 2 0.007714 0.084817 0.091952 0.007415 0.808103
4 2 0.008191 0.083825 0.090200 0.005952 0.811832
4 2 0.226559 0.196123 0.167758 0.013308 0.396252
4 2 0.108135 0.201698 0.110930 0.009380 0.569856
4 2 0.055594 0.159018 0.149987 0.014539 0.620862
4 2 0.183589 0.199889 0.147216 0.010541 0.458764
4 2 0.037889 0.146959 0.151963 0.020719 0.642470
4 2 0.214903 0.206952 0.189174 0.041571 0.347400
4 2 0.129530 0.196046 0.135294 0.010206 0.528924
4 2 0.073002 0.181252 0.119623 0.011561 0.614563
4 2 0.193790 0.176729 0.238873 0.033166 0.357443
4 2 0.070020 0.181473 0.120085 0.012919 0.615502
4 2 0.049725 0.151544 0.124951 0.008533 0.665247
4 2 0.014597 0.106157 0.097384 0.007763 0.774099
4 2 0.014168 0.102722 0.086599 0.005310 0.791200
4 2 0.012783 0.102435 0.103411 0.009594 0.771776
4 2 0.014778 0.109408 0.092258 0.007830 0.775725
4 2 0.013670 0.105081 0.106218 0.010256 0.764775
4 2 0.012793 0.102486 0.110883 0.011355 0.762483
4 2 0.012796 0.100910 0.110860 0.010454 0.764980
4 2 0.010426 0.093442 0.103910 0.008960 0.783261
4 2 0.012681 0.100350 0.105116 0.009099 0.772755
4 2 0.017506 0.115884 0.126331 0.016444 0.723835
4 2 0.017347 0.115215 0.111719 0.011885 0.743834
4 2 0.019149 0.119849 0.118706 0.014117 0.728180
4 2 0.020075 0.122055 0.121189 0.014995 0.721685
4 2 0.079171 0.175619 0.138504 0.012138 0.594568
0 2 0.309313 0.227771 0.193164 0.023449 0.246302
0 2 0.301318 0.286871 0.254267 0.023577 0.133967
4 2 0.152212 0.245868 0.163089 0.029269 0.409562
4 2 0.106502 0.204532 0.154132 0.029844 0.504990
4 2 0.141259 0.210800 0.156480 0.027437 0.464024
0 2 0.402333 0.212266 0.133827 0.033207 0.218366
0 2 0.380120 0.220727 0.175593 0.051822 0.171739
0 2 0.398945 0.220493 0.166314 0.043586 0.170662
0 2 0.656547 0.127748 0.113037 0.030365 0.072304
0 2 0.457003 0.155110 0.184755 0.106690 0.096442
2 2 0.116302 0.259251 0.412369 0.050396 0.161683
4 2 0.158585 0.247334 0.213615 0.022142 0.358324
4 2 0.097476 0.179631 0.180371 0.022543 0.519978
4 2 0.107454 0.199491 0.163969 0.030578 0.498507
4 2 0.066878 0.174335 0.175550 0.036386 0.546852
4 2 0.042957 0.156794 0.159674 0.031096 0.609479
4 2 0.062154 0.177117 0.173211 0.045170 0.542347
4 2 0.052726 0.165741 0.169371 0.036152 0.576010
4 2 0.069867 0.186203 0.137841 0.023283 0.582807
0 2 0.399918 0.221847 0.200983 0.037026 0.140225
4 2 0.054765 0.163139 0.141319 0.015959 0.624817
4 2 0.105270 0.197958 0.133389 0.013784 0.549598
4 2 0.023760 0.128112 0.157093 0.029073 0.661962
4 2 0.017806 0.117381 0.166030 0.037774 0.661010
4 2 0.020658 0.123857 0.153246 0.029521 0.672719
4 2 0.023575 0.130490 0.136265 0.021634 0.688036
4 2 0.035217 0.146034 0.146270 0.020484 0.651995
4 2 0.033890 0.145949 0.143726 0.022548 0.653887
4 2 0.027360 0.135590 0.147842 0.024192 0.665015
4 2 0.202735 0.200230 0.136966 0.007744 0.452324
0 2 0.348537 0.158299 0.246172 0.084617 0.162375
0 2 0.714187 0.107205 0.107319 0.027627 0.043662
0 2 0.504365 0.198360 0.229138 0.030307 0.037830
0 2 0.462415 0.210510 0.226876 0.040551 0.059647
0 2 0.481664 0.201876 0.203098 0.041283 0.072079
2 2 0.096369 0.217915 0.340260 0.095005 0.250451
2 2 0.116828 0.233786 0.371424 0.107539 0.170423
2 2 0.103707 0.233919 0.431410 0.122887 0.108076
2 2 0.094847 0.239308 0.323176 0.096513 0.246156
2 2 0.123103 0.241200 0.313984 0.101917 0.219796
4 2 0.079320 0.188528 0.218467 0.063758 0.449927
2 2 0.075547 0.224901 0.355123 0.100252 0.244178
4 2 0.098437 0.202211 0.189924 0.054446 0.454982
4 2 0.071094 0.199088 0.302954 0.091342 0.335521
4 2 0.094043 0.201105 0.232121 0.099405 0.373325
2 2 0.067989 0.178872 0.422669 0.172031 0.158439
2 2 0.073286 0.172811 0.379426 0.265350 0.109127
2 2 0.063413 0.166509 0.366660 0.250868 0.152550
2 2 0.113562 0.208421 0.335751 0.182764 0.159503
2 2 0.059086 0.171544 0.405107 0.219567 0.144696
0 2 0.358565 0.234244 0.241075 0.063211 0.102905
0 2 0.413076 0.217611 0.208651 0.054196 0.106466
0 2 0.499340 0.157038 0.197817 0.072718 0.073087
0 2 0.610922 0.131890 0.176461 0.047398 0.033328
0 2 0.418755 0.211545 0.201503 0.054927 0.113270
4 2 0.026815 0.126105 0.187124 0.036042 0.623914
4 2 0.026057 0.124676 0.180817 0.031689 0.636761
4 2 0.025314 0.127668 0.182793 0.040977 0.623249
4 2 0.025828 0.125313 0.187328 0.037743 0.623789
4 2 0.027503 0.126783 0.194313 0.040479 0.610923
0 2 0.462770 0.183214 0.148423 0.032057 0.173535
0 2 0.650889 0.122546 0.162513 0.036982 0.027069
0 2 0.550040 0.156252 0.206590 0.049626 0.037492
0 2 0.379243 0.234401 0.186467 0.045100 0.154788
0 2 0.424164 0.203850 0.143577 0.039331 0.189078
4 2 0.040963 0.140813 0.213600 0.050235 0.554389
4 2 0.035953 0.138769 0.231639 0.056942 0.536697
4 2 0.070844 0.167815 0.217063 0.067043 0.477235
4 2 0.031968 0.128284 0.222609 0.054115 0.563024
4 2 0.038633 0.137352 0.217578 0.051841 0.554594
4 2 0.063483 0.170078 0.279388 0.095747 0.391305
4 2 0.042526 0.142209 0.224325 0.061213 0.529728
4 2 0.029095 0.122804 0.232370 0.060149 0.555582
4 2 0.040951 0.137434 0.233017 0.063441 0.525157
4 2 0.052720 0.160295 0.272021 0.067149 0.447815
4 2 0.047952 0.150959 0.212246 0.058712 0.530131
4 2 0.054537 0.158340 0.193792 0.042316 0.551015
4 2 0.053674 0.152277 0.216127 0.052327 0.525596
4 2 0.061053 0.163410 0.204046 0.053284 0.518207
4 2 0.026142 0.122592 0.227103 0.071755 0.552407
0 2 0.593808 0.132768 0.136243 0.056925 0.080255
0 2 0.786981 0.083619 0.106633 0.012171 0.010595
0 2 0.735057 0.099966 0.128319 0.020031 0.016628
0 2 0.537407 0.156758 0.239165 0.043762 0.022908
0 2 0.864134 0.060843 0.054988 0.006125 0.013910
0 2 0.587088 0.161931 0.108542 0.022231 0.120209
0 0 0.654566 0.120200 0.117546 0.040791 0.066896
0 0 0.605025 0.174118 0.169930 0.016594 0.034333
0 1 0.513481 0.194727 0.160047 0.032150 0.099596
0 1 0.546538 0.181232 0.145491 0.029661 0.097079
4 1 0.097299 0.237194 0.276794 0.049837 0.338877
4 1 0.053485 0.169183 0.161171 0.034346 0.581815
4 2 0.044327 0.159635 0.157950 0.032734 0.605354
4 2 0.054283 0.170090 0.150432 0.028459 0.596736
4 2 0.055808 0.164495 0.152470 0.022493 0.604733
4 2 0.079071 0.179346 0.115980 0.008486 0.617117
4 2 0.053958 0.164485 0.135352 0.016468 0.629738
4 4 0.074205 0.178148 0.113377 0.008614 0.625655
4 4 0.091016 0.199950 0.112406 0.012014 0.584615
4 4 0.072254 0.175052 0.139036 0.014781 0.598878
4 4 0.031665 0.133557 0.173129 0.028006 0.633643
4 4 0.035353 0.140120 0.149229 0.019110 0.656188
4 4 0.034227 0.140672 0.157162 0.024298 0.643641
4 4 0.037135 0.147027 0.134574 0.017237 0.664026
4 4 0.032411 0.135887 0.155290 0.021220 0.655194
4 4 0.102451 0.200285 0.122551 0.013191 0.561521
4 4 0.081137 0.187211 0.113465 0.010112 0.608075
4 4 0.171193 0.212970 0.116883 0.008449 0.490505
4 4 0.233837 0.192211 0.188411 0.018843 0.366698
4 4 0.053829 0.163317 0.110302 0.008720 0.663831
4 4 0.015802 0.106624 0.081104 0.004516 0.791954
4 4 0.013021 0.101967 0.107232 0.009850 0.767931
4 4 0.022566 0.128529 0.082125 0.006263 0.760517
4 4 0.012742 0.099856 0.096469 0.007190 0.783744
4 4 0.013972 0.103776 0.096862 0.007414 0.777976
4 4 0.124575 0.202464 0.110326 0.007544 0.555091
4 4 0.066277 0.180341 0.105093 0.009475 0.638815
4 4 0.174325 0.202899 0.163851 0.018524 0.440401
4 4 0.077534 0.188871 0.100216 0.008283 0.625095
4 4 0.042436 0.153179 0.127914 0.013701 0.662770
4 4 0.013279 0.101380 0.084078 0.005261 0.796002
4 4 0.010893 0.095474 0.094838 0.007433 0.791360
4 4 0.007722 0.081217 0.090055 0.005673 0.815334
4 4 0.008957 0.088391 0.093245 0.007055 0.802353
4 4 0.009316 0.087642 0.077702 0.004178 0.821161
4 4 0.109068 0.181300 0.112252 0.004670 0.592710
4 4 0.061658 0.168789 0.128133 0.011401 0.630019
4 4 0.064474 0.163204 0.105550 0.005324 0.661447
4 4 0.030216 0.140047 0.100321 0.008882 0.720535
4 4 0.119790 0.188306 0.151192 0.012798 0.527914
4 4 0.020629 0.121822 0.110885 0.011261 0.735404
4 4 0.016943 0.113687 0.111053 0.011415 0.746903
4 4 0.018282 0.117376 0.117070 0.013322 0.733950
4 4 0.074026 0.170453 0.113736 0.006547 0.635238
4 4 0.025535 0.132966 0.117762 0.014016 0.709721
4 4 0.040353 0.155149 0.118507 0.014338 0.671653
4 4 0.075373 0.177052 0.143420 0.015763 0.588392
4 4 0.025715 0.131903 0.138785 0.020455 0.683141
4 4 0.034037 0.148478 0.127258 0.017814 0.672413
4 4 0.042681 0.154231 0.137298 0.017676 0.648115
4 4 0.036610 0.149586 0.162454 0.034744 0.616606
4 2 0.032222 0.159754 0.232001 0.061778 0.514246
4 2 0.032564 0.138972 0.186250 0.044306 0.597908
4 2 0.029369 0.137122 0.182033 0.046986 0.604490
4 2 0.038437 0.161395 0.208198 0.056569 0.535401
0 2 0.282750 0.213680 0.177558 0.054145 0.271867
4 2 0.234920 0.223397 0.168635 0.047081 0.325967
0 2 0.315656 0.229592 0.132738 0.025755 0.296259
0 2 0.728438 0.102139 0.093505 0.025159 0.050759
0 2 0.673054 0.121327 0.109681 0.030764 0.065174
4 2 0.038671 0.172976 0.289320 0.050304 0.448729
4 2 0.033427 0.139461 0.196789 0.050364 0.579959
4 2 0.027319 0.132279 0.174397 0.037016 0.628989
4 2 0.037494 0.147525 0.173053 0.037375 0.604554
4 2 0.036055 0.144289 0.188881 0.048565 0.582211
4 2 0.030808 0.134973 0.186586 0.041254 0.606380
