0 0 0.516611 0.156597 0.225017 0.062822 0.038952
0 0 0.399483 0.173206 0.328871 0.068481 0.029960
2 0 0.345452 0.174840 0.373311 0.070773 0.035624
0 0 0.496668 0.173941 0.245669 0.052777 0.030944
0 0 0.452429 0.165363 0.303013 0.045116 0.034078
0 0 0.707848 0.105377 0.140699 0.023476 0.022601
0 0 0.732984 0.097960 0.124968 0.024928 0.019159
0 0 0.781306 0.089230 0.089739 0.014971 0.024754
0 0 0.762461 0.089315 0.099230 0.022030 0.026964
0 0 0.814102 0.080616 0.080520 0.009270 0.015491
0 0 0.559925 0.149510 0.224688 0.029579 0.036298
0 0 0.514849 0.150318 0.247339 0.040773 0.046722
0 0 0.545503 0.157664 0.209022 0.027854 0.059957
0 0 0.499160 0.166411 0.204621 0.040522 0.089285
0 0 0.583425 0.134300 0.182504 0.041087 0.058683
0 0 0.784066 0.080580 0.092425 0.020383 0.022547
0 0 0.825597 0.065116 0.075058 0.016428 0.017801
0 0 0.837319 0.063469 0.071084 0.013339 0.014789
0 0 0.754990 0.089048 0.092664 0.016140 0.047158
0 0 0.604507 0.135959 0.164035 0.032594 0.062905
4 0 0.079847 0.138740 0.307048 0.019273 0.455092
4 0 0.052034 0.138356 0.366212 0.026144 0.417254
2 1 0.038298 0.126269 0.429934 0.031663 0.373836
4 1 0.054204 0.140708 0.326353 0.020140 0.458595
4 1 0.033590 0.120546 0.357690 0.036378 0.451797
2 1 0.006464 0.054413 0.467843 0.081176 0.390105
2 1 0.006028 0.052736 0.438742 0.064489 0.438005
4 4 0.007693 0.061349 0.431019 0.066389 0.433550
4 4 0.006538 0.056111 0.433606 0.061483 0.442262
4 4 0.006516 0.056188 0.434781 0.062459 0.440057
4 4 0.008836 0.066543 0.418104 0.061339 0.445178
2 1 0.007056 0.058840 0.440798 0.063065 0.430241
4 1 0.008315 0.062671 0.418002 0.062790 0.448222
2 1 0.006162 0.053607 0.441067 0.068190 0.430975
2 1 0.008612 0.063920 0.434131 0.079354 0.413983
4 1 0.043577 0.066846 0.194940 0.024669 0.669968
4 4 0.017363 0.087824 0.288766 0.018076 0.587972
4 4 0.026087 0.094839 0.264487 0.020808 0.593779
4 4 0.021463 0.091176 0.298402 0.025495 0.563464
4 1 0.014238 0.079087 0.286206 0.015607 0.604862
4 1 0.009084 0.066078 0.427809 0.068301 0.428728
4 1 0.009771 0.068134 0.424333 0.072922 0.424840
2 1 0.008728 0.065734 0.431298 0.074327 0.419912
2 1 0.008189 0.063633 0.438280 0.081148 0.408749
2 1 0.009740 0.066960 0.500799 0.076569 0.345932
4 1 0.024366 0.096805 0.312975 0.033269 0.532585
4 1 0.047055 0.122038 0.301938 0.017039 0.511930
2 1 0.061998 0.136726 0.397287 0.019555 0.384436
2 1 0.047972 0.138367 0.402357 0.026353 0.384950
4 1 0.128265 0.122776 0.215011 0.017091 0.516857
2 1 0.186379 0.188588 0.506693 0.042406 0.075935
2 1 0.172860 0.180527 0.531299 0.042300 0.073014
2 2 0.152691 0.182081 0.533183 0.042672 0.089373
2 2 0.154889 0.180945 0.533716 0.042539 0.087910
2 2 0.194668 0.181989 0.503155 0.047866 0.072322
2 2 0.168426 0.177203 0.531557 0.061419 0.061395
2 2 0.144205 0.180524 0.503702 0.063678 0.107890
2 2 0.243045 0.209706 0.414331 0.053613 0.079306
2 2 0.213292 0.183874 0.497117 0.059370 0.046347
2 2 0.187718 0.189184 0.498767 0.063537 0.060793
2 2 0.211128 0.176510 0.503005 0.072008 0.037349
2 2 0.219987 0.184056 0.482470 0.069139 0.044349
2 3 0.228693 0.185106 0.456769 0.084678 0.044754
2 3 0.218481 0.185527 0.461248 0.086414 0.048330
2 3 0.196167 0.177743 0.512933 0.073014 0.040143
2 3 0.252561 0.186801 0.431333 0.081418 0.047887
2 3 0.219625 0.177668 0.479711 0.071884 0.051111
2 3 0.201408 0.178607 0.482033 0.090711 0.047240
2 3 0.238326 0.193368 0.424180 0.095509 0.048617
2 3 0.248470 0.177694 0.462140 0.066173 0.045523
2 3 0.182500 0.175727 0.522695 0.078203 0.040875
2 3 0.183450 0.177425 0.505670 0.092984 0.040471
2 3 0.205591 0.186104 0.454535 0.103202 0.050568
2 3 0.165747 0.172601 0.532245 0.085850 0.043557
2 3 0.161862 0.161024 0.509204 0.124739 0.043170
2 3 0.113373 0.133322 0.582812 0.134736 0.035757
2 3 0.135317 0.141933 0.522737 0.164753 0.035260
2 3 0.141076 0.133155 0.547794 0.157905 0.020070
2 3 0.183293 0.157762 0.493869 0.131911 0.033165
2 3 0.132358 0.141311 0.525230 0.163216 0.037885
2 3 0.078358 0.115283 0.573949 0.192011 0.040398
2 3 0.126344 0.143635 0.560458 0.133677 0.035886
2 3 0.123748 0.141136 0.568128 0.132898 0.034090
2 3 0.079480 0.107542 0.583045 0.195547 0.034386
2 3 0.079152 0.112916 0.611223 0.163684 0.033025
2 3 0.118305 0.135357 0.519588 0.187002 0.039748
2 3 0.077883 0.117423 0.643406 0.124900 0.036388
2 3 0.077436 0.108826 0.610476 0.171762 0.031499
2 3 0.103755 0.135149 0.567719 0.154510 0.038866
2 3 0.103985 0.125107 0.558150 0.177327 0.035431
2 3 0.124099 0.152541 0.566080 0.107227 0.050054
2 3 0.178756 0.168607 0.509932 0.101582 0.041124
2 3 0.141878 0.152639 0.536860 0.123726 0.044896
2 3 0.200871 0.186885 0.485082 0.056133 0.071029
2 3 0.146953 0.157598 0.559456 0.100643 0.035350
2 3 0.194598 0.165035 0.532800 0.083977 0.023591
2 3 0.156715 0.149376 0.519790 0.136641 0.037479
2 3 0.164778 0.158223 0.503772 0.133390 0.039836
2 3 0.157042 0.155382 0.563408 0.090357 0.033811
2 3 0.191757 0.163771 0.524622 0.091041 0.028808
2 3 0.322607 0.172484 0.425486 0.048516 0.030908
2 3 0.323306 0.173232 0.402420 0.064745 0.036297
2 3 0.248561 0.169514 0.457710 0.073126 0.051089
2 3 0.311287 0.174251 0.417187 0.059994 0.037281
0 3 0.377436 0.150013 0.330724 0.104986 0.036842
2 3 0.109979 0.134401 0.554097 0.156489 0.045035
2 3 0.112011 0.137085 0.568784 0.142405 0.039715
2 3 0.115912 0.133187 0.541219 0.171490 0.038193
2 3 0.072487 0.113111 0.573595 0.196329 0.044477
2 3 0.086954 0.118155 0.579907 0.173729 0.041255
2 3 0.113761 0.147366 0.545291 0.147912 0.045670
2 3 0.125433 0.138181 0.561738 0.142170 0.032479
2 3 0.073142 0.110685 0.608682 0.168925 0.038567
2 3 0.131397 0.157597 0.519228 0.147575 0.044203
2 3 0.099710 0.123861 0.534649 0.202180 0.039600
2 3 0.094213 0.123326 0.537895 0.197673 0.046893
2 3 0.099508 0.126705 0.565814 0.167354 0.040619
2 3 0.112876 0.150934 0.568197 0.123030 0.044963
2 3 0.091030 0.125939 0.581845 0.156153 0.045034
2 3 0.090909 0.124415 0.547684 0.197497 0.039495
2 3 0.090289 0.123000 0.621822 0.131268 0.033620
2 3 0.071373 0.102524 0.603518 0.192092 0.030493
2 3 0.066524 0.105749 0.652506 0.139553 0.035669
2 3 0.096860 0.120754 0.627471 0.128603 0.026313
2 3 0.087484 0.117960 0.575963 0.183228 0.035364
2 3 0.086174 0.121084 0.620277 0.133472 0.038993
2 3 0.094531 0.118807 0.637637 0.120226 0.028798
2 3 0.086618 0.124795 0.581896 0.160758 0.045933
2 3 0.063817 0.105989 0.607054 0.180722 0.042419
2 3 0.084883 0.118708 0.626056 0.135366 0.034987
2 3 0.106529 0.142852 0.584907 0.124741 0.040971
2 3 0.059091 0.100948 0.595338 0.203804 0.040819
2 3 0.098608 0.131257 0.560281 0.163834 0.046020
2 3 0.066430 0.105695 0.589444 0.192210 0.046221
2 3 0.085788 0.112396 0.556288 0.210853 0.034675
2 3 0.078974 0.114315 0.540426 0.225128 0.041156
2 3 0.092940 0.126896 0.568693 0.179759 0.031713
2 3 0.059991 0.103448 0.566193 0.230977 0.039390
2 3 0.067321 0.102770 0.652314 0.145745 0.031849
2 3 0.111119 0.152368 0.551008 0.145309 0.040196
2 3 0.076824 0.111557 0.596328 0.180773 0.034518
2 3 0.065951 0.100970 0.595320 0.205303 0.032457
2 3 0.078725 0.128410 0.600327 0.146939 0.045600
2 3 0.059891 0.096886 0.580733 0.226490 0.036000
2 3 0.059970 0.098420 0.574267 0.229924 0.037418
2 3 0.061905 0.096031 0.620398 0.192505 0.029161
2 3 0.099619 0.127443 0.532362 0.204628 0.035948
2 3 0.074755 0.108480 0.587248 0.195603 0.033914
2 3 0.055943 0.085065 0.585267 0.248017 0.025708
2 3 0.072311 0.107771 0.578792 0.205788 0.035339
2 3 0.240890 0.170466 0.437221 0.096523 0.054900
2 3 0.307521 0.179380 0.382073 0.083024 0.048002
2 3 0.263797 0.172763 0.453104 0.064736 0.045600
0 3 0.584961 0.121285 0.200126 0.062737 0.030891
2 3 0.360824 0.175000 0.369530 0.029255 0.065391
0 2 0.402651 0.168505 0.357978 0.020817 0.050048
0 2 0.478692 0.155482 0.266179 0.024038 0.075608
0 2 0.489531 0.162160 0.259901 0.021629 0.066779
0 2 0.611786 0.142564 0.182600 0.026259 0.036792
0 2 0.497720 0.163757 0.237897 0.022395 0.078230
2 2 0.176419 0.191147 0.467650 0.025860 0.138923
2 2 0.210660 0.188694 0.404296 0.028048 0.168301
2 2 0.151732 0.181485 0.517252 0.020007 0.129525
2 2 0.159562 0.182497 0.499778 0.035358 0.122805
2 2 0.157803 0.177340 0.544683 0.023546 0.096629
2 2 0.136056 0.182939 0.546038 0.027932 0.107035
2 2 0.107605 0.179502 0.524473 0.028318 0.160101
2 2 0.102731 0.178279 0.487739 0.027352 0.203899
2 2 0.103508 0.185280 0.509360 0.028462 0.173390
2 2 0.081249 0.161233 0.402610 0.027116 0.327791
2 2 0.118395 0.170812 0.517666 0.051776 0.141352
2 2 0.200062 0.192268 0.420317 0.033353 0.154000
2 2 0.139816 0.181007 0.499268 0.038007 0.141902
2 2 0.204890 0.191271 0.361314 0.025539 0.216986
2 0 0.251752 0.159968 0.387256 0.027379 0.173645
2 0 0.271568 0.184265 0.437101 0.041584 0.065482
2 2 0.322168 0.181519 0.390383 0.024146 0.081784
2 2 0.270139 0.182332 0.454498 0.031044 0.061987
2 2 0.309760 0.186992 0.407529 0.022328 0.073391
2 2 0.278739 0.183501 0.414295 0.023501 0.099963
2 2 0.100630 0.176219 0.540546 0.027014 0.155591
2 2 0.092722 0.167868 0.511930 0.024289 0.203190
2 2 0.104060 0.176188 0.538976 0.021282 0.159493
2 2 0.099553 0.177417 0.512097 0.038296 0.172637
2 2 0.115792 0.179767 0.541248 0.031882 0.131311
2 2 0.081849 0.166890 0.507146 0.026923 0.217193
2 2 0.090499 0.176180 0.491443 0.027676 0.214202
2 2 0.074051 0.157056 0.608526 0.022497 0.137870
2 2 0.095233 0.175520 0.529270 0.028524 0.171453
2 2 0.109409 0.175541 0.457461 0.026526 0.231062
0 2 0.389072 0.185630 0.286189 0.038335 0.100774
0 2 0.556110 0.140128 0.206720 0.014084 0.082958
0 2 0.535532 0.144245 0.228398 0.030637 0.061189
0 1 0.562500 0.149524 0.187417 0.017672 0.082887
0 1 0.467536 0.162657 0.277830 0.024159 0.067817
2 1 0.129671 0.182091 0.489999 0.019802 0.178437
2 1 0.126644 0.157396 0.438363 0.023392 0.254205
2 1 0.075355 0.162893 0.551158 0.025684 0.184911
2 1 0.077870 0.160275 0.363963 0.041033 0.356860
2 1 0.060439 0.153713 0.454073 0.034609 0.297166
2 2 0.025481 0.106843 0.608376 0.069971 0.189329
2 2 0.039886 0.126748 0.648191 0.047558 0.137617
2 2 0.028904 0.114028 0.587957 0.081061 0.188050
2 2 0.033205 0.115559 0.491762 0.050457 0.309017
2 2 0.030902 0.118050 0.583388 0.046886 0.220773
2 2 0.027485 0.107856 0.662910 0.047677 0.154072
2 2 0.020746 0.098088 0.590971 0.072891 0.217303
2 2 0.040898 0.130103 0.494424 0.061676 0.272898
2 2 0.063990 0.139552 0.454525 0.035301 0.306632
2 2 0.033480 0.121024 0.556287 0.058116 0.231093
4 2 0.089134 0.151248 0.357555 0.024743 0.377321
4 2 0.078434 0.153140 0.329008 0.030386 0.409033
2 2 0.094677 0.160765 0.384727 0.025537 0.334294
4 2 0.099454 0.141924 0.268670 0.013674 0.476278
2 2 0.170615 0.179342 0.391076 0.014158 0.244809
0 1 0.546785 0.161209 0.228976 0.018748 0.044283
0 1 0.528433 0.158417 0.254703 0.013436 0.045011
0 1 0.511444 0.131121 0.251556 0.061539 0.044340
0 1 0.475784 0.164633 0.284786 0.023194 0.051604
0 1 0.481132 0.159223 0.300965 0.024019 0.034661
2 1 0.212437 0.187623 0.477121 0.031325 0.091494
2 1 0.256217 0.201953 0.400608 0.028288 0.112933
2 1 0.210909 0.188366 0.476169 0.028752 0.095804
2 1 0.306856 0.190340 0.360083 0.037752 0.104970
2 2 0.285882 0.184531 0.426263 0.026456 0.076870
2 2 0.177549 0.185276 0.477797 0.046581 0.112797
2 2 0.181203 0.186550 0.485107 0.038239 0.108901
2 2 0.164541 0.185575 0.518382 0.037894 0.093607
2 2 0.171781 0.191846 0.466091 0.037432 0.132850
2 2 0.165684 0.182674 0.524110 0.033648 0.093884
2 2 0.315825 0.185397 0.332944 0.022419 0.143415
0 1 0.396737 0.170338 0.288035 0.019756 0.125134
2 1 0.284523 0.184205 0.439212 0.038749 0.053311
2 1 0.243475 0.187945 0.459542 0.035775 0.073263
2 1 0.179394 0.173532 0.536346 0.033223 0.077504
2 1 0.134150 0.188954 0.513632 0.040095 0.123169
2 1 0.155161 0.187182 0.513806 0.042163 0.101687
2 2 0.087473 0.160104 0.603966 0.048631 0.099826
2 2 0.101484 0.166717 0.569969 0.046715 0.115116
2 2 0.104628 0.172430 0.580452 0.038091 0.104400
2 2 0.110340 0.170196 0.555245 0.042705 0.121515
2 2 0.095862 0.175159 0.535510 0.041973 0.151495
2 2 0.108672 0.174956 0.533139 0.038078 0.145155
2 2 0.128029 0.183862 0.541646 0.041171 0.105292
2 2 0.139233 0.187002 0.524448 0.032948 0.116370
2 2 0.078501 0.160073 0.619354 0.045077 0.096995
2 2 0.113012 0.175986 0.564354 0.049378 0.097270
2 2 0.142587 0.195423 0.503205 0.049927 0.108857
2 2 0.091256 0.159441 0.624027 0.033533 0.091743
2 2 0.115883 0.188126 0.506974 0.041021 0.147996
0 2 0.541087 0.147442 0.256667 0.027169 0.027636
0 2 0.555873 0.133942 0.259130 0.026217 0.024839
0 2 0.579516 0.151637 0.200817 0.035405 0.032625
0 2 0.626166 0.137408 0.185788 0.027328 0.023310
0 0 0.564525 0.146856 0.215359 0.032767 0.040493
0 0 0.486780 0.146270 0.252688 0.034571 0.079691
0 0 0.710233 0.114819 0.118466 0.015514 0.040967
0 0 0.595129 0.128869 0.168423 0.018440 0.089139
0 0 0.364369 0.187654 0.331509 0.023315 0.093153
0 0 0.560347 0.145577 0.182082 0.020434 0.091559
0 0 0.359167 0.151480 0.271444 0.042200 0.175709
0 0 0.618335 0.138627 0.139301 0.013547 0.090191
0 0 0.427170 0.179602 0.298090 0.045249 0.049890
0 0 0.401476 0.168911 0.334935 0.049241 0.045437
0 0 0.579042 0.145176 0.207614 0.015391 0.052777
2 0 0.091039 0.164981 0.495470 0.080216 0.168295
2 0 0.096083 0.172436 0.585207 0.048752 0.097522
2 1 0.069688 0.152415 0.596098 0.068662 0.113136
2 1 0.101700 0.173952 0.543290 0.080285 0.100773
2 1 0.120386 0.178719 0.529486 0.077995 0.093414
2 1 0.104257 0.164314 0.595023 0.062002 0.074403
2 1 0.102948 0.166145 0.579818 0.070551 0.080538
2 1 0.100805 0.156524 0.614896 0.069566 0.058209
2 1 0.113971 0.169282 0.589394 0.061267 0.066087
2 1 0.125362 0.172350 0.581107 0.050154 0.071027
2 1 0.131172 0.181243 0.557691 0.039845 0.090049
2 1 0.129436 0.175318 0.570893 0.031541 0.092811
2 1 0.155997 0.186306 0.515059 0.053339 0.089300
2 2 0.146221 0.180186 0.543809 0.041562 0.088223
2 2 0.147584 0.185801 0.501884 0.046178 0.118554
2 2 0.108091 0.169911 0.603558 0.045875 0.072566
2 2 0.137153 0.184494 0.518340 0.070666 0.089347
2 2 0.073247 0.140361 0.654591 0.065338 0.066464
2 2 0.076028 0.153935 0.610360 0.069651 0.090025
2 2 0.059264 0.130538 0.691184 0.054627 0.064388
2 2 0.063758 0.148582 0.615645 0.079275 0.092741
2 2 0.048975 0.121610 0.671818 0.076875 0.080722
2 2 0.055499 0.132664 0.650516 0.069388 0.091932
2 2 0.058865 0.125104 0.694560 0.060030 0.061442
2 2 0.048171 0.113974 0.634056 0.122919 0.080879
2 2 0.166005 0.157560 0.537965 0.082399 0.056072
2 2 0.327158 0.172735 0.387887 0.063596 0.048625
2 2 0.283308 0.170009 0.424389 0.064851 0.057444
0 0 0.414083 0.136477 0.262712 0.069579 0.117149
0 0 0.586391 0.150583 0.192354 0.025182 0.045490
2 0 0.259145 0.191784 0.410367 0.033396 0.105307
2 1 0.228224 0.191931 0.437126 0.034939 0.107780
2 1 0.202662 0.192027 0.461032 0.037617 0.106662
2 1 0.204849 0.183979 0.473218 0.025205 0.112750
2 1 0.222236 0.188329 0.474022 0.031994 0.083419
2 2 0.200911 0.186474 0.484716 0.051579 0.076320
2 2 0.179931 0.186251 0.473058 0.061976 0.098784
2 2 0.176387 0.194996 0.455142 0.050543 0.122932
2 2 0.140871 0.174172 0.540488 0.066555 0.077913
2 2 0.148429 0.183182 0.524347 0.051279 0.092763
2 2 0.283906 0.185952 0.435475 0.033757 0.060909
2 2 0.291316 0.194831 0.376181 0.039007 0.098665
2 2 0.283125 0.185971 0.429877 0.038114 0.062913
2 2 0.319981 0.183792 0.401903 0.035069 0.059256
2 2 0.287312 0.182301 0.425404 0.041964 0.063019
0 2 0.594117 0.144265 0.213218 0.022755 0.025644
0 2 0.625794 0.126778 0.205681 0.020363 0.021383
0 2 0.575084 0.131149 0.208958 0.034033 0.050777
0 0 0.690668 0.116552 0.151195 0.013177 0.028407
0 0 0.529582 0.157728 0.243708 0.031382 0.037599
2 0 0.340321 0.179369 0.410542 0.017724 0.052044
0 0 0.417154 0.176315 0.331911 0.029068 0.045553
0 0 0.377337 0.182688 0.344242 0.025476 0.070257
0 0 0.346762 0.186953 0.317817 0.026169 0.122299
2 1 0.254111 0.182080 0.420516 0.025521 0.117771
2 1 0.071389 0.158610 0.602192 0.025069 0.142739
2 2 0.072394 0.157670 0.577600 0.023274 0.169062
2 2 0.071644 0.156926 0.514573 0.024192 0.232664
2 2 0.115037 0.169981 0.441807 0.017488 0.255687
2 2 0.062614 0.156631 0.499308 0.034828 0.246618
2 2 0.027239 0.109709 0.604688 0.035466 0.222899
2 2 0.040444 0.133964 0.438803 0.035299 0.351490
2 2 0.039267 0.130510 0.610578 0.032187 0.187458
2 2 0.030818 0.104341 0.596197 0.034974 0.233670
2 2 0.036125 0.125391 0.631159 0.038077 0.169248
2 2 0.027979 0.110192 0.639741 0.067234 0.154854
2 2 0.033224 0.116824 0.662673 0.058742 0.128537
2 2 0.035161 0.123494 0.630465 0.083732 0.127148
2 2 0.034087 0.121709 0.619931 0.059448 0.164825
2 2 0.042533 0.138389 0.580971 0.055945 0.182161
2 2 0.029910 0.112080 0.653935 0.064059 0.140016
2 2 0.026779 0.096606 0.719988 0.063751 0.092877
2 2 0.036937 0.124373 0.630040 0.072140 0.136510
2 2 0.033098 0.117793 0.649204 0.065615 0.134290
2 2 0.023767 0.095982 0.684839 0.072763 0.122649
0 2 0.729425 0.098768 0.125095 0.024449 0.022264
0 0 0.889456 0.042817 0.047757 0.009341 0.010628
0 0 0.901815 0.044000 0.041936 0.004929 0.007320
0 0 0.913998 0.038976 0.038806 0.003744 0.004475
0 0 0.867085 0.051950 0.058614 0.010783 0.011568
2 0 0.128470 0.190447 0.462865 0.023282 0.194936
4 0 0.120038 0.156574 0.275038 0.017199 0.431151
2 1 0.077017 0.164176 0.430151 0.025084 0.303572
2 2 0.098255 0.164160 0.359868 0.024723 0.352993
2 2 0.075314 0.162079 0.389805 0.028889 0.343913
2 2 0.065920 0.158968 0.536701 0.028852 0.209559
2 2 0.048304 0.146991 0.562747 0.032848 0.209110
2 2 0.042555 0.132479 0.598938 0.056008 0.170021
2 2 0.045536 0.140519 0.592027 0.038451 0.183467
2 2 0.071298 0.165028 0.494402 0.030727 0.238545
2 2 0.048257 0.141476 0.610286 0.036200 0.163782
2 2 0.056433 0.150419 0.582628 0.050217 0.160302
2 2 0.066480 0.155762 0.612515 0.030813 0.134430
2 2 0.068830 0.161701 0.524262 0.027349 0.217858
2 2 0.106261 0.188656 0.466154 0.050111 0.188818
2 2 0.050403 0.132278 0.703530 0.039018 0.074772
2 2 0.089577 0.176425 0.463863 0.053874 0.216261
2 2 0.092101 0.169870 0.529777 0.050228 0.158024
2 2 0.053276 0.146874 0.601142 0.051041 0.147667
2 2 0.054074 0.146850 0.582381 0.044494 0.172201
2 2 0.056353 0.139060 0.417055 0.043287 0.344245
2 2 0.085351 0.172154 0.527567 0.047355 0.167573
2 2 0.081346 0.176595 0.456490 0.060789 0.224779
2 2 0.088406 0.181813 0.536985 0.036721 0.156074
2 2 0.082409 0.179267 0.483805 0.041053 0.213465
0 2 0.535873 0.146540 0.223607 0.043700 0.050280
0 2 0.665594 0.102227 0.166962 0.044076 0.021141
0 0 0.854602 0.056526 0.069657 0.010879 0.008334
0 0 0.829215 0.071793 0.078799 0.010071 0.010122
0 0 0.823534 0.070495 0.076626 0.013216 0.016128
0 0 0.820018 0.080102 0.072784 0.006010 0.021086
0 0 0.729268 0.107303 0.112325 0.008491 0.042612
0 0 0.557275 0.143841 0.239945 0.022250 0.036688
0 0 0.761185 0.082331 0.092973 0.027472 0.036039
0 0 0.600666 0.146374 0.144691 0.021069 0.087200
2 0 0.294140 0.171658 0.356454 0.069150 0.108597
0 0 0.708398 0.094645 0.095997 0.034016 0.066944
0 0 0.376888 0.187447 0.319540 0.036316 0.079809
0 0 0.397626 0.184250 0.269300 0.033951 0.114873
0 0 0.355385 0.176907 0.198622 0.029542 0.239543
0 0 0.510516 0.145838 0.209924 0.033820 0.099902
0 0 0.435024 0.159544 0.259085 0.021674 0.124673
0 0 0.422727 0.184266 0.257528 0.015749 0.119729
2 0 0.065561 0.135464 0.406587 0.069121 0.323267
4 0 0.071548 0.134352 0.271727 0.036278 0.486093
4 0 0.016681 0.072759 0.289465 0.026189 0.594906
4 0 0.029848 0.093552 0.235138 0.017227 0.624235
4 0 0.030589 0.095374 0.216229 0.013764 0.644045
4 0 0.039451 0.107247 0.207300 0.014090 0.631912
4 0 0.044979 0.095529 0.192937 0.015550 0.651005
4 0 0.062751 0.112802 0.216299 0.010690 0.597458
4 0 0.050525 0.097112 0.192412 0.017669 0.642282
4 0 0.020234 0.080109 0.219132 0.010198 0.670327
4 0 0.021801 0.088804 0.258175 0.016513 0.614707
4 0 0.207228 0.144514 0.270523 0.031308 0.346428
4 0 0.132247 0.143419 0.225209 0.006637 0.492489
4 0 0.025730 0.084139 0.195785 0.009222 0.685124
4 0 0.050162 0.097046 0.170120 0.012041 0.670632
4 0 0.191248 0.101565 0.154935 0.017226 0.535026
4 0 0.064163 0.088108 0.155142 0.014452 0.678134
0 0 0.628976 0.104842 0.136675 0.031567 0.097940
0 0 0.654019 0.118127 0.123202 0.024430 0.080222
0 0 0.555350 0.156307 0.168723 0.020126 0.099494
0 0 0.547931 0.142773 0.151196 0.024344 0.133756
0 0 0.332989 0.166097 0.240112 0.040435 0.220367
4 0 0.171343 0.160413 0.210043 0.010462 0.447740
4 0 0.026526 0.084380 0.223188 0.014292 0.651613
4 0 0.035312 0.094085 0.224204 0.018356 0.628043
4 0 0.230842 0.141156 0.182572 0.025531 0.419899
4 0 0.076702 0.103035 0.160556 0.016814 0.642893
4 0 0.053510 0.104504 0.216380 0.025274 0.600332
4 0 0.039271 0.094050 0.201606 0.015156 0.649916
4 0 0.029467 0.104005 0.254176 0.019079 0.593274
4 0 0.031630 0.109147 0.291107 0.021754 0.546361
4 0 0.058685 0.115304 0.206580 0.019574 0.599857
4 0 0.024281 0.086077 0.279987 0.031179 0.578476
4 0 0.012858 0.072455 0.364818 0.046149 0.503720
4 0 0.009648 0.065348 0.417832 0.065345 0.441827
4 0 0.013403 0.076969 0.353710 0.038183 0.517735
4 0 0.010623 0.071180 0.400742 0.057622 0.459834
2 0 0.015869 0.085453 0.523773 0.089332 0.285573
2 1 0.023865 0.104163 0.573664 0.080006 0.218302
2 1 0.020495 0.094865 0.599860 0.096465 0.188316
2 1 0.016843 0.088976 0.645850 0.058666 0.189665
2 1 0.025164 0.104307 0.481410 0.064958 0.324161
2 1 0.017100 0.078471 0.652596 0.120995 0.130838
2 1 0.016733 0.071532 0.717335 0.099167 0.095233
2 1 0.019520 0.087018 0.675056 0.100200 0.118206
2 1 0.022001 0.085271 0.687266 0.103747 0.101715
2 1 0.017728 0.077775 0.627114 0.142853 0.134529
2 1 0.057356 0.143812 0.534036 0.027469 0.237327
4 1 0.175121 0.138125 0.197433 0.030828 0.458492
4 1 0.086446 0.164497 0.339201 0.047490 0.362366
4 1 0.091001 0.146199 0.362206 0.035947 0.364647
2 1 0.176734 0.178945 0.377321 0.014060 0.252941
2 1 0.217342 0.191402 0.447493 0.037996 0.105767
2 1 0.237940 0.187884 0.431648 0.035583 0.106945
2 1 0.223514 0.152954 0.366233 0.028752 0.228547
2 1 0.152717 0.186154 0.449221 0.051759 0.160149
2 1 0.227784 0.194361 0.436179 0.038283 0.103393
2 1 0.125471 0.179305 0.430494 0.023264 0.241467
2 1 0.150781 0.182434 0.464182 0.028845 0.173758
2 1 0.145177 0.180590 0.429215 0.030813 0.214205
2 1 0.110078 0.165648 0.357463 0.025225 0.341586
2 2 0.103519 0.172994 0.407496 0.034966 0.281025
4 2 0.053088 0.120254 0.349388 0.026475 0.450795
2 2 0.038305 0.124018 0.538758 0.043636 0.255283
2 2 0.070856 0.166161 0.453154 0.026391 0.283438
2 2 0.037250 0.127815 0.478667 0.049715 0.306552
2 2 0.030931 0.120076 0.597295 0.037576 0.214122
2 2 0.030583 0.121529 0.586904 0.032981 0.228003
2 2 0.051879 0.121254 0.418177 0.019813 0.388876
2 2 0.072142 0.163926 0.502713 0.031161 0.230057
2 2 0.098776 0.178351 0.537427 0.024283 0.161162
2 2 0.087458 0.164516 0.373709 0.028114 0.346203
2 2 0.131665 0.177702 0.454499 0.033541 0.202593
2 2 0.102510 0.176543 0.500541 0.028625 0.191781
2 2 0.110770 0.182530 0.487111 0.038772 0.180818
2 2 0.114815 0.175381 0.553239 0.044183 0.112382
2 2 0.142300 0.178334 0.548806 0.035294 0.095266
0 2 0.671989 0.125650 0.153300 0.026294 0.022765
0 2 0.576711 0.139523 0.226482 0.029627 0.027656
0 2 0.746322 0.084956 0.115741 0.030976 0.022005
0 0 0.814670 0.065715 0.085909 0.017129 0.016577
0 1 0.511739 0.157851 0.206691 0.028647 0.095071
2 1 0.154541 0.179234 0.504499 0.043934 0.117792
0 0 0.337974 0.149186 0.289164 0.022477 0.201199
0 0 0.344761 0.177396 0.270890 0.027874 0.179079
0 0 0.436182 0.149698 0.215738 0.090714 0.107668
0 0 0.343568 0.174002 0.281569 0.021652 0.179208
2 0 0.206542 0.186962 0.317328 0.026426 0.262742
2 1 0.132668 0.183440 0.554975 0.029483 0.099434
2 2 0.140271 0.183799 0.508430 0.040619 0.126882
2 2 0.142458 0.181828 0.521923 0.055278 0.098513
2 2 0.107518 0.171992 0.538854 0.056374 0.125262
2 2 0.086006 0.162143 0.591002 0.063359 0.097489
2 2 0.109880 0.175159 0.561537 0.055179 0.098245
2 2 0.109807 0.175135 0.540229 0.069172 0.105658
2 2 0.092389 0.168189 0.563018 0.066180 0.110223
2 2 0.062313 0.150403 0.622850 0.056804 0.107630
2 2 0.093770 0.158061 0.584574 0.093671 0.069925
2 2 0.113722 0.167063 0.558081 0.091980 0.069153
2 2 0.136723 0.180923 0.476121 0.132562 0.073671
2 2 0.090310 0.151247 0.562872 0.118636 0.076936
2 2 0.118007 0.166437 0.543703 0.098851 0.073002
2 2 0.130425 0.180617 0.533590 0.071401 0.083967
2 2 0.097412 0.151793 0.564436 0.115814 0.070545
2 2 0.083015 0.145346 0.641211 0.073878 0.056551
2 2 0.180477 0.198138 0.466890 0.077344 0.077150
2 2 0.120211 0.175640 0.528520 0.090788 0.084841
2 2 0.127174 0.163682 0.577961 0.077592 0.053592
2 2 0.131308 0.171665 0.532275 0.099012 0.065739
2 2 0.104507 0.173486 0.558276 0.077939 0.085791
2 2 0.108150 0.152556 0.603929 0.083747 0.051618
2 2 0.112784 0.155572 0.594241 0.089469 0.047934
2 3 0.146290 0.171440 0.534706 0.092487 0.055077
2 2 0.121379 0.168276 0.554430 0.088220 0.067695
2 2 0.096093 0.160398 0.602481 0.074187 0.066842
2 2 0.099502 0.161271 0.537850 0.125103 0.076275
2 2 0.087133 0.146224 0.638268 0.066572 0.061803
0 2 0.368532 0.179993 0.343928 0.046297 0.061250
0 2 0.418001 0.166558 0.330613 0.032297 0.052531
0 2 0.429891 0.154618 0.321526 0.034035 0.059931
0 2 0.451584 0.177097 0.303456 0.030694 0.037168
0 2 0.497540 0.162296 0.262746 0.032322 0.045096
0 2 0.411995 0.173707 0.330357 0.051275 0.032667
0 2 0.419345 0.180863 0.304687 0.057271 0.037834
0 2 0.381373 0.178751 0.364667 0.043521 0.031689
0 2 0.439667 0.162809 0.320826 0.050491 0.026207
0 2 0.435938 0.178990 0.309590 0.041837 0.033645
0 2 0.425604 0.174313 0.320048 0.054166 0.025869
0 2 0.432163 0.168722 0.321531 0.051344 0.026239
0 2 0.450888 0.164748 0.311182 0.052518 0.020664
0 2 0.453846 0.163552 0.317986 0.042390 0.022226
0 2 0.463689 0.173135 0.276084 0.061686 0.025406
0 2 0.449033 0.171808 0.277862 0.071415 0.029882
0 3 0.470355 0.163098 0.288269 0.055906 0.022371
0 3 0.438615 0.168230 0.299457 0.068497 0.025201
0 3 0.385131 0.148754 0.333353 0.113102 0.019660
0 3 0.423687 0.157595 0.340504 0.055851 0.022363
0 3 0.358595 0.180159 0.350111 0.080515 0.030620
0 3 0.374533 0.178100 0.353582 0.070825 0.022960
2 3 0.350720 0.177770 0.359166 0.083235 0.029110
2 3 0.339162 0.187773 0.366088 0.079286 0.027690
2 3 0.315140 0.179827 0.385559 0.088526 0.030947
2 3 0.288259 0.166212 0.403928 0.123325 0.018277
2 3 0.205276 0.156841 0.468137 0.145700 0.024046
2 3 0.349262 0.196503 0.354381 0.075959 0.023895
2 3 0.212750 0.154394 0.465358 0.149258 0.018239
2 3 0.191558 0.145795 0.472289 0.170980 0.019378
2 3 0.343486 0.173936 0.381625 0.078464 0.022489
2 3 0.303211 0.163906 0.411411 0.099736 0.021736
2 3 0.342410 0.170901 0.354141 0.109306 0.023242
2 3 0.299640 0.171416 0.399150 0.103213 0.026580
2 3 0.283582 0.185406 0.426245 0.074765 0.030002
2 3 0.270609 0.171446 0.424015 0.113142 0.020789
2 3 0.243193 0.170978 0.473824 0.086165 0.025840
2 3 0.302975 0.183807 0.397246 0.089385 0.026587
2 3 0.253838 0.170156 0.437168 0.112413 0.026425
2 3 0.198768 0.154153 0.501384 0.119727 0.025968
2 3 0.142662 0.130906 0.493049 0.207267 0.026115
2 3 0.253367 0.175953 0.413245 0.133092 0.024344
2 3 0.128554 0.117149 0.530421 0.206641 0.017235
2 3 0.228685 0.159812 0.433935 0.157043 0.020525
2 3 0.158453 0.143553 0.508702 0.162876 0.026416
2 3 0.145170 0.126635 0.451774 0.253326 0.023095
2 3 0.126664 0.117031 0.462244 0.271463 0.022598
2 3 0.143765 0.127397 0.501823 0.206431 0.020584
2 3 0.171667 0.134393 0.476616 0.201079 0.016245
2 3 0.134926 0.120248 0.495554 0.227758 0.021514
2 3 0.129792 0.117604 0.497139 0.235585 0.019880
2 3 0.215806 0.160394 0.446461 0.157169 0.020170
2 3 0.087942 0.098611 0.517459 0.275318 0.020671
2 3 0.179370 0.142695 0.451465 0.204623 0.021847
2 3 0.112890 0.104916 0.529290 0.237551 0.015353
2 3 0.105252 0.109768 0.542991 0.222068 0.019921
2 3 0.138380 0.123268 0.454987 0.260883 0.022483
2 3 0.164534 0.133273 0.464173 0.217806 0.020214
2 3 0.159933 0.140915 0.469349 0.204925 0.024878
2 3 0.148870 0.125081 0.522127 0.185770 0.018152
2 3 0.156239 0.127435 0.460985 0.235814 0.019526
2 3 0.130819 0.116407 0.472111 0.260023 0.020640
2 3 0.178790 0.148573 0.468586 0.184234 0.019816
2 3 0.119686 0.115761 0.540451 0.204062 0.020041
2 3 0.156080 0.130384 0.518923 0.177069 0.017545
2 3 0.150491 0.121486 0.532684 0.180567 0.014771
2 3 0.286741 0.181110 0.386811 0.120994 0.024344
2 3 0.145588 0.121755 0.461614 0.251678 0.019364
2 3 0.142478 0.122931 0.476863 0.238909 0.018818
2 3 0.112122 0.118320 0.542832 0.205288 0.021438
2 3 0.122754 0.112367 0.489307 0.256769 0.018803
2 3 0.160524 0.136103 0.465592 0.217144 0.020637
2 3 0.131787 0.121827 0.530426 0.193148 0.022811
2 3 0.192367 0.165031 0.455793 0.163200 0.023610
2 3 0.178859 0.141612 0.448495 0.208747 0.022288
2 3 0.184513 0.147733 0.462336 0.185545 0.019874
2 3 0.117910 0.115585 0.537255 0.208351 0.020899
2 3 0.153024 0.136363 0.562560 0.127551 0.020502
2 3 0.161447 0.140434 0.465145 0.211287 0.021687
2 3 0.207316 0.152945 0.459145 0.160494 0.020101
2 3 0.165890 0.138801 0.519299 0.154635 0.021376
2 3 0.149603 0.127436 0.495445 0.206935 0.020581
2 3 0.158920 0.130776 0.516543 0.174173 0.019589
2 3 0.172881 0.132275 0.475727 0.200194 0.018923
2 3 0.145446 0.129442 0.528652 0.175059 0.021401
0 3 0.547004 0.141110 0.231884 0.057504 0.022498
0 3 0.567146 0.141329 0.227878 0.046103 0.017544
0 3 0.523274 0.149701 0.247749 0.057724 0.021552
0 3 0.661811 0.095801 0.187775 0.044642 0.009971
0 2 0.640030 0.127383 0.179590 0.029996 0.023000
0 2 0.812154 0.077114 0.078353 0.013304 0.019076
0 2 0.628974 0.134767 0.171780 0.019696 0.044783
0 1 0.839766 0.066473 0.061101 0.010935 0.021724
0 1 0.674108 0.127413 0.125713 0.010427 0.062339
0 1 0.606622 0.147466 0.138007 0.010357 0.097548
0 0 0.701370 0.097527 0.108532 0.036565 0.056007
0 0 0.716699 0.108800 0.125430 0.010843 0.038228
0 0 0.635047 0.130894 0.152280 0.022640 0.059139
4 1 0.099850 0.130214 0.296356 0.073169 0.400411
0 1 0.409069 0.169994 0.176207 0.034309 0.210420
4 0 0.148460 0.138244 0.259843 0.020779 0.432674
4 0 0.296239 0.124656 0.170605 0.065042 0.343458
4 0 0.200199 0.115328 0.172969 0.066975 0.444529
4 0 0.091533 0.129709 0.186169 0.025984 0.566605
4 0 0.219588 0.117365 0.158973 0.067688 0.436386
4 0 0.020145 0.081316 0.248237 0.014716 0.635587
4 0 0.050735 0.087608 0.215609 0.029149 0.616899
4 0 0.048234 0.069344 0.170455 0.017840 0.694128
4 1 0.019961 0.087526 0.255868 0.014577 0.622067
4 1 0.047320 0.113234 0.254426 0.017273 0.567747
4 1 0.210892 0.091066 0.113802 0.015792 0.568448
4 1 0.136479 0.102975 0.090532 0.007385 0.662628
4 1 0.064091 0.084777 0.124436 0.007985 0.718711
4 1 0.061522 0.095726 0.174442 0.017445 0.650865
4 0 0.106465 0.121541 0.114913 0.008213 0.648868
4 0 0.086653 0.101899 0.235163 0.034705 0.541581
4 0 0.071487 0.104082 0.175411 0.019683 0.629335
4 0 0.131359 0.154699 0.254223 0.011864 0.447856
4 0 0.101237 0.102732 0.149880 0.020496 0.625656
4 0 0.099310 0.103530 0.152632 0.020846 0.623682
4 0 0.071373 0.097481 0.126918 0.008177 0.696051
4 0 0.073861 0.103929 0.139050 0.010298 0.672861
4 0 0.070952 0.113957 0.171903 0.016347 0.626841
4 0 0.129127 0.098803 0.267215 0.054344 0.450511
4 0 0.043487 0.110144 0.253058 0.029773 0.563538
4 0 0.057358 0.082935 0.152993 0.012879 0.693835
4 0 0.079849 0.083315 0.197910 0.045752 0.593175
4 0 0.160435 0.107988 0.209902 0.062193 0.459481
4 0 0.074772 0.077450 0.117810 0.009474 0.720493
4 0 0.041988 0.100972 0.210807 0.017407 0.628826
2 0 0.010058 0.061329 0.438582 0.131448 0.358583
4 0 0.051461 0.090228 0.293988 0.101841 0.462481
2 0 0.008438 0.062275 0.430092 0.072538 0.426657
4 0 0.006855 0.055616 0.433397 0.065339 0.438793
2 0 0.008676 0.059312 0.432076 0.082172 0.417764
4 0 0.021399 0.090126 0.319461 0.032939 0.536075
4 0 0.037694 0.101278 0.251491 0.026569 0.582968
4 0 0.033395 0.101906 0.226641 0.015941 0.622116
4 0 0.066901 0.090258 0.143370 0.011755 0.687716
4 0 0.037705 0.099962 0.267442 0.033384 0.561507
4 0 0.054421 0.068165 0.147353 0.013926 0.716134
4 0 0.069289 0.099546 0.173419 0.019241 0.638506
4 0 0.029300 0.084872 0.214064 0.014173 0.657590
4 0 0.047979 0.086784 0.159968 0.010905 0.694364
4 0 0.047025 0.093233 0.314153 0.052226 0.493363
4 0 0.008893 0.062554 0.420171 0.063905 0.444477
4 0 0.015832 0.072491 0.266429 0.017767 0.627480
4 0 0.021937 0.083790 0.271002 0.023189 0.600082
4 0 0.006317 0.053116 0.436053 0.064596 0.439918
4 0 0.007281 0.058024 0.404840 0.045339 0.484516
4 0 0.027969 0.098847 0.277331 0.025444 0.570409
4 0 0.028561 0.100786 0.275950 0.025101 0.569602
4 0 0.064928 0.106930 0.175164 0.010461 0.642517
4 0 0.042166 0.071962 0.128228 0.006203 0.751441
0 0 0.303944 0.153301 0.239263 0.065826 0.237666
4 0 0.116573 0.153568 0.325320 0.011785 0.392754
4 1 0.075178 0.096786 0.152279 0.008014 0.667743
4 1 0.039611 0.098601 0.200534 0.014200 0.647054
4 1 0.057216 0.092806 0.188703 0.020918 0.640358
4 4 0.029726 0.090667 0.249352 0.021582 0.608672
4 4 0.017526 0.085815 0.349057 0.042356 0.505246
4 4 0.008855 0.067259 0.386336 0.038259 0.499291
4 4 0.013276 0.079017 0.380859 0.046450 0.480399
4 4 0.063238 0.072554 0.109033 0.006612 0.748563
4 4 0.021462 0.081092 0.252156 0.018378 0.626913
4 4 0.020537 0.088360 0.275907 0.019151 0.596044
4 4 0.021364 0.088100 0.276229 0.020324 0.593984
2 1 0.039654 0.134628 0.565304 0.042194 0.218220
2 1 0.033304 0.126097 0.506112 0.035856 0.298632
4 1 0.070666 0.139350 0.356061 0.017236 0.416687
4 1 0.093140 0.162360 0.345293 0.014332 0.384876
2 1 0.072964 0.159365 0.506553 0.027668 0.233450
2 1 0.108790 0.172494 0.456084 0.025176 0.237455
4 1 0.099086 0.101117 0.223319 0.034494 0.541984
4 1 0.196347 0.158316 0.298101 0.047296 0.299940
2 1 0.097562 0.164443 0.532115 0.020052 0.185828
2 1 0.125993 0.175597 0.526500 0.023324 0.148585
2 1 0.107105 0.176230 0.511994 0.020677 0.183995
2 1 0.137513 0.186624 0.431390 0.034679 0.209794
2 1 0.151121 0.160437 0.365436 0.016435 0.306571
2 1 0.172028 0.190015 0.518408 0.058084 0.061465
2 1 0.219005 0.185505 0.453742 0.065796 0.075952
2 1 0.206632 0.189121 0.491042 0.044720 0.068485
2 1 0.173114 0.180082 0.539558 0.047408 0.059838
2 1 0.191382 0.186289 0.482655 0.060155 0.079520
2 1 0.166669 0.196243 0.527138 0.050330 0.059620
2 1 0.232867 0.209342 0.423948 0.064647 0.069196
2 1 0.153198 0.191439 0.513355 0.048383 0.093626
2 1 0.169188 0.202484 0.502402 0.063100 0.062826
2 1 0.152702 0.186486 0.527059 0.060286 0.073468
2 1 0.255579 0.184504 0.284280 0.013694 0.261943
0 1 0.277622 0.173097 0.259148 0.013231 0.276903
4 1 0.232330 0.163868 0.173197 0.015198 0.415406
4 1 0.096802 0.145614 0.322017 0.042972 0.392595
2 1 0.099334 0.168601 0.394097 0.063754 0.274215
2 1 0.023912 0.093753 0.641091 0.099821 0.141423
2 1 0.024521 0.102979 0.578496 0.090379 0.203626
2 1 0.034928 0.111381 0.461730 0.095136 0.296824
2 1 0.059728 0.146758 0.415784 0.041876 0.335854
2 1 0.020666 0.084844 0.637073 0.123750 0.133666
2 1 0.021636 0.093838 0.592555 0.100163 0.191807
2 1 0.024209 0.095806 0.608299 0.117687 0.153998
2 1 0.021521 0.087550 0.638114 0.120618 0.132197
2 1 0.024553 0.098714 0.571083 0.117297 0.188353
2 1 0.042890 0.131300 0.583438 0.064483 0.177889
2 1 0.134614 0.175345 0.467278 0.045268 0.177496
2 1 0.184400 0.184335 0.429514 0.043566 0.158185
0 1 0.327069 0.157668 0.278394 0.036909 0.199960
0 1 0.376530 0.185756 0.301558 0.024900 0.111257
2 1 0.318907 0.187024 0.322929 0.026764 0.144374
2 1 0.329831 0.186020 0.374992 0.023146 0.086010
0 1 0.347151 0.188405 0.330210 0.014663 0.119570
2 1 0.257305 0.189412 0.439588 0.026288 0.087406
2 1 0.286428 0.184726 0.409514 0.023646 0.095687
2 2 0.276720 0.186784 0.385007 0.026479 0.125011
2 2 0.245253 0.196623 0.397843 0.038358 0.121924
2 2 0.230164 0.192118 0.442472 0.045274 0.089973
2 2 0.199135 0.191160 0.483774 0.038586 0.087344
2 2 0.259047 0.188876 0.431885 0.038322 0.081870
2 2 0.208274 0.185201 0.466596 0.041295 0.098634
2 2 0.164107 0.183942 0.509853 0.064949 0.077149
2 2 0.174246 0.189624 0.484425 0.052203 0.099500
2 2 0.210468 0.196970 0.427820 0.048405 0.116337
2 2 0.189549 0.189915 0.476265 0.047270 0.097001
2 2 0.160081 0.190762 0.471758 0.050318 0.127081
2 2 0.191928 0.184349 0.474695 0.054182 0.094845
2 2 0.198638 0.193855 0.452874 0.051867 0.102766
2 2 0.169037 0.172603 0.554663 0.043859 0.059838
2 2 0.243235 0.203735 0.405929 0.053833 0.093268
2 2 0.248253 0.187792 0.454440 0.052791 0.056725
2 2 0.203960 0.187940 0.473225 0.072175 0.062700
2 2 0.273930 0.196947 0.401373 0.077852 0.049899
2 2 0.166282 0.186535 0.532403 0.051285 0.063495
2 2 0.220595 0.185936 0.460349 0.071718 0.061403
2 2 0.233227 0.198216 0.452384 0.051251 0.064923
0 2 0.386488 0.187005 0.316754 0.031075 0.078678
0 2 0.378395 0.188490 0.343561 0.025391 0.064163
0 2 0.447446 0.176195 0.275744 0.028715 0.071901
0 2 0.391495 0.184173 0.300711 0.024165 0.099457
0 2 0.371211 0.177656 0.350424 0.028876 0.071833
2 2 0.146321 0.188352 0.522868 0.060387 0.082072
2 2 0.140743 0.185406 0.531523 0.060836 0.081493
2 2 0.128157 0.184244 0.547192 0.060422 0.079985
2 2 0.106626 0.172359 0.594267 0.052798 0.073950
2 2 0.097249 0.161088 0.612052 0.062493 0.067118
2 2 0.091001 0.142091 0.626133 0.079683 0.061092
2 2 0.083598 0.151752 0.572559 0.107964 0.084127
2 2 0.078112 0.138011 0.623507 0.097593 0.062778
2 2 0.107694 0.170035 0.581340 0.068885 0.072046
2 2 0.103602 0.173259 0.561906 0.067679 0.093554
2 2 0.301465 0.183843 0.350607 0.046077 0.118009
2 2 0.224143 0.180919 0.456373 0.058635 0.079929
0 2 0.341468 0.186194 0.307877 0.035293 0.129168
2 2 0.309267 0.163363 0.386345 0.050232 0.090794
0 2 0.481113 0.185522 0.222803 0.021216 0.089345
0 2 0.892376 0.049817 0.046916 0.004506 0.006385
0 2 0.872072 0.057206 0.060156 0.005335 0.005231
0 0 0.940370 0.024609 0.027099 0.003895 0.004027
0 0 0.869518 0.047830 0.062808 0.011805 0.008038
0 0 0.900170 0.039213 0.043082 0.008082 0.009453
4 0 0.247782 0.154001 0.177914 0.014173 0.406130
2 0 0.046657 0.137276 0.576675 0.028140 0.211251
2 0 0.235410 0.173322 0.302527 0.065351 0.223390
4 0 0.036010 0.118944 0.387737 0.029135 0.428173
2 0 0.043073 0.127095 0.481773 0.027899 0.320159
2 0 0.052667 0.143591 0.460053 0.036437 0.307253
2 1 0.083231 0.172499 0.478873 0.022952 0.242444
2 1 0.121686 0.176714 0.337244 0.029839 0.334517
2 1 0.116623 0.178108 0.554147 0.021395 0.129726
2 1 0.088925 0.170521 0.508649 0.015032 0.216874
0 1 0.621060 0.138041 0.172825 0.017305 0.050769
0 1 0.787596 0.073887 0.094805 0.023885 0.019826
0 1 0.503084 0.164864 0.206406 0.025524 0.100123
2 1 0.332297 0.183565 0.334043 0.038963 0.111132
0 1 0.417443 0.177920 0.260930 0.037884 0.105824
2 1 0.135595 0.189066 0.488367 0.041151 0.145822
2 1 0.124706 0.176975 0.443507 0.057814 0.196998
2 1 0.122101 0.179067 0.455002 0.047611 0.196220
2 1 0.215159 0.178637 0.305059 0.048795 0.252351
0 1 0.412528 0.164045 0.211204 0.095553 0.116670
2 1 0.051357 0.145768 0.561942 0.031852 0.209080
4 1 0.068055 0.157896 0.342036 0.025015 0.406997
4 4 0.033872 0.115701 0.299699 0.035708 0.515020
4 4 0.071243 0.134049 0.278437 0.013298 0.502974
4 4 0.026015 0.109912 0.334025 0.025839 0.504209
4 1 0.108238 0.103299 0.216487 0.071551 0.500425
4 1 0.050458 0.109130 0.220761 0.017290 0.602361
4 1 0.118034 0.078563 0.078678 0.003991 0.720735
4 1 0.078020 0.139721 0.195079 0.021798 0.565382
4 1 0.054316 0.096328 0.190592 0.019140 0.639623
4 1 0.032227 0.084370 0.217699 0.017347 0.648358
4 4 0.059644 0.120300 0.186721 0.015484 0.617852
4 4 0.021113 0.089511 0.284556 0.021677 0.583142
4 4 0.051199 0.087756 0.151258 0.009940 0.699848
4 4 0.041864 0.108486 0.220334 0.018229 0.611087
0 4 0.725685 0.097286 0.105172 0.016312 0.055546
0 4 0.676083 0.102535 0.113212 0.039515 0.068654
0 1 0.729487 0.095223 0.117740 0.024949 0.032600
0 1 0.470202 0.134902 0.206077 0.067130 0.121689
0 1 0.515033 0.136465 0.203138 0.069952 0.075412
4 1 0.152388 0.116276 0.139089 0.026551 0.565696
4 0 0.139732 0.102689 0.257591 0.057163 0.442826
4 0 0.101596 0.102729 0.160546 0.025451 0.609678
4 0 0.189386 0.107462 0.265656 0.052475 0.385021
4 0 0.237155 0.098988 0.130914 0.015942 0.517001
4 0 0.053227 0.085707 0.136189 0.007958 0.716919
4 0 0.111506 0.120886 0.169557 0.012885 0.585166
4 1 0.021231 0.091901 0.284738 0.021155 0.580975
4 1 0.016966 0.081053 0.284726 0.018558 0.598697
2 1 0.021712 0.103067 0.451896 0.028454 0.394872
4 1 0.177393 0.136432 0.315067 0.053078 0.318029
