0 0 0.936889 0.024865 0.024437 0.004980 0.008828
0 0 0.849671 0.053655 0.065904 0.014365 0.016406
0 0 0.897115 0.032841 0.044444 0.013837 0.011764
0 0 0.918002 0.028990 0.033952 0.008724 0.010332
0 0 0.908830 0.020873 0.044615 0.020374 0.005308
4 0 0.122092 0.166666 0.236613 0.036421 0.438206
4 0 0.054905 0.121411 0.241659 0.027484 0.554541
4 0 0.040726 0.109977 0.263134 0.031289 0.554875
4 1 0.047736 0.115662 0.248563 0.027961 0.560079
4 1 0.034700 0.100789 0.237855 0.020512 0.606144
4 1 0.034426 0.104321 0.281926 0.036714 0.542612
4 1 0.043493 0.113078 0.265550 0.033510 0.544368
4 1 0.081509 0.139452 0.228628 0.029303 0.521108
4 1 0.036474 0.105907 0.270926 0.032749 0.553944
4 1 0.050168 0.116682 0.237025 0.024444 0.571682
4 1 0.046231 0.110687 0.218099 0.017833 0.607149
4 1 0.078060 0.126543 0.166262 0.010282 0.618853
4 1 0.084910 0.131432 0.169513 0.011470 0.602675
4 1 0.039517 0.103921 0.218066 0.016506 0.621990
4 4 0.048123 0.113571 0.226770 0.020646 0.590890
4 4 0.044558 0.111361 0.237286 0.023024 0.583771
4 4 0.056870 0.117037 0.196901 0.014402 0.614790
4 4 0.047294 0.112275 0.222620 0.019270 0.598542
4 4 0.045724 0.113682 0.248226 0.027180 0.565189
4 4 0.076365 0.132938 0.206776 0.019982 0.563940
4 4 0.098077 0.138419 0.167597 0.012173 0.583735
4 4 0.084956 0.141201 0.225554 0.028804 0.519485
4 1 0.075191 0.132093 0.206398 0.019667 0.566652
4 1 0.072207 0.132313 0.221682 0.024263 0.549535
4 1 0.101691 0.147065 0.201526 0.022458 0.527260
2 1 0.069798 0.192402 0.549603 0.077156 0.111041
2 1 0.043412 0.161323 0.603791 0.087648 0.103826
2 1 0.052757 0.174815 0.573289 0.074763 0.124375
2 2 0.061286 0.186943 0.583316 0.077295 0.091160
2 2 0.036842 0.143618 0.610473 0.118867 0.090200
2 2 0.013296 0.082960 0.663642 0.209561 0.030541
2 2 0.013252 0.072229 0.600077 0.279141 0.035301
2 2 0.015506 0.080996 0.594031 0.255949 0.053517
2 2 0.010691 0.061157 0.606356 0.292945 0.028850
2 2 0.011800 0.069053 0.638138 0.254864 0.026145
2 2 0.007246 0.037240 0.549926 0.395774 0.009814
2 2 0.006014 0.038526 0.594236 0.351724 0.009500
2 2 0.006956 0.043356 0.597702 0.340275 0.011711
2 2 0.009147 0.046372 0.568798 0.362440 0.013243
2 2 0.008306 0.045252 0.622152 0.314526 0.009765
2 2 0.042527 0.122304 0.604593 0.201468 0.029108
2 2 0.032080 0.102842 0.613422 0.232360 0.019296
2 2 0.054172 0.140531 0.604480 0.170306 0.030510
0 2 0.430361 0.182947 0.255107 0.052533 0.079052
2 2 0.279284 0.244392 0.351739 0.059221 0.065364
2 2 0.042784 0.134300 0.581853 0.182036 0.059028
2 2 0.026180 0.111349 0.602077 0.199067 0.061328
2 2 0.044229 0.147064 0.603410 0.155160 0.050137
2 2 0.055216 0.159066 0.580236 0.155331 0.050152
2 2 0.039548 0.129864 0.578520 0.209931 0.042137
2 3 0.034256 0.110380 0.572508 0.257380 0.025476
2 3 0.031673 0.108490 0.559065 0.272498 0.028274
2 3 0.031879 0.096295 0.551895 0.295777 0.024154
2 3 0.058349 0.085706 0.472259 0.349937 0.033748
2 3 0.026495 0.123689 0.672816 0.143325 0.033675
2 3 0.032627 0.134591 0.639423 0.141622 0.051737
2 3 0.025822 0.119932 0.666186 0.150622 0.037438
2 3 0.022474 0.110067 0.650132 0.172403 0.044924
2 3 0.035594 0.133632 0.617122 0.161643 0.052009
2 3 0.042011 0.143635 0.635644 0.139477 0.039233
2 3 0.074196 0.196194 0.586793 0.095146 0.047671
2 3 0.075216 0.180240 0.576996 0.127947 0.039601
2 3 0.308541 0.139507 0.348083 0.151801 0.052068
2 3 0.092918 0.218273 0.548563 0.070936 0.069310
2 3 0.091220 0.207965 0.555361 0.098508 0.046946
2 3 0.012895 0.059685 0.607426 0.307267 0.012727
2 3 0.017719 0.069430 0.584670 0.312110 0.016072
2 3 0.013876 0.055621 0.545389 0.366244 0.018870
2 3 0.011950 0.048864 0.532610 0.396936 0.009640
2 3 0.013616 0.049260 0.532007 0.395848 0.009269
2 3 0.010170 0.042732 0.516607 0.421831 0.008660
3 3 0.015319 0.038158 0.452457 0.484257 0.009810
2 3 0.009787 0.035062 0.479326 0.468266 0.007559
2 3 0.015851 0.045948 0.501049 0.427463 0.009690
2 3 0.007190 0.030941 0.479010 0.476525 0.006335
2 3 0.010796 0.036856 0.476690 0.467239 0.008419
2 3 0.008293 0.033158 0.482103 0.469556 0.006889
3 3 0.011775 0.036726 0.467773 0.475012 0.008715
3 3 0.008856 0.028010 0.447554 0.509604 0.005976
2 3 0.008654 0.032545 0.476764 0.475272 0.006764
2 3 0.011533 0.037650 0.483376 0.459365 0.008075
2 3 0.010226 0.036338 0.477156 0.467986 0.008295
3 3 0.005598 0.029470 0.473851 0.484485 0.006595
3 3 0.005935 0.027040 0.461843 0.499451 0.005731
2 3 0.008412 0.038707 0.507121 0.437698 0.008062
3 3 0.004853 0.022998 0.454535 0.513229 0.004386
3 3 0.007125 0.029367 0.471771 0.485795 0.005941
2 3 0.007252 0.029680 0.489581 0.468384 0.005103
3 3 0.005287 0.027130 0.468594 0.493268 0.005721
3 3 0.007857 0.030067 0.467343 0.488434 0.006299
3 3 0.004553 0.022019 0.442723 0.526191 0.004515
3 3 0.006094 0.025459 0.463662 0.500054 0.004732
3 3 0.004442 0.022320 0.452210 0.516713 0.004316
3 3 0.004856 0.024821 0.467372 0.498200 0.004750
3 3 0.005125 0.025295 0.463168 0.501337 0.005074
2 3 0.004456 0.027156 0.492729 0.470727 0.004932
2 3 0.006509 0.032298 0.505285 0.450123 0.005786
2 3 0.005746 0.029688 0.498367 0.460949 0.005249
3 3 0.006457 0.029587 0.473907 0.483826 0.006223
2 3 0.005223 0.028874 0.500104 0.460780 0.005019
2 3 0.014079 0.048629 0.487095 0.434789 0.015407
2 3 0.009358 0.040204 0.524824 0.418483 0.007132
2 3 0.010035 0.043305 0.514783 0.422701 0.009176
2 3 0.012844 0.047566 0.511256 0.417676 0.010658
2 3 0.012743 0.050805 0.539236 0.387557 0.009659
2 3 0.005632 0.028669 0.484966 0.475240 0.005492
2 3 0.005650 0.027586 0.487080 0.474836 0.004849
2 3 0.007461 0.032095 0.484875 0.469091 0.006478
2 3 0.005615 0.028891 0.489842 0.470295 0.005357
2 3 0.005622 0.031053 0.491361 0.465576 0.006389
2 3 0.010754 0.040581 0.510653 0.430201 0.007811
2 3 0.012559 0.049220 0.541737 0.387707 0.008777
3 3 0.011522 0.038068 0.459602 0.480340 0.010468
2 3 0.009098 0.040594 0.515356 0.426840 0.008113
2 3 0.008730 0.038784 0.518902 0.426470 0.007114
2 3 0.008365 0.040572 0.530593 0.413170 0.007300
2 3 0.011043 0.043444 0.524710 0.412775 0.008029
2 3 0.007291 0.034533 0.492013 0.458748 0.007414
2 3 0.010944 0.045648 0.524063 0.410143 0.009203
2 3 0.009301 0.038537 0.522409 0.423193 0.006561
2 3 0.012760 0.045534 0.519390 0.413455 0.008861
2 3 0.007607 0.036478 0.520294 0.429220 0.006401
2 3 0.009684 0.043190 0.521782 0.416669 0.008676
2 3 0.008442 0.039887 0.521205 0.422860 0.007605
3 3 0.007771 0.031717 0.472272 0.481287 0.006953
2 3 0.007102 0.035101 0.514215 0.437241 0.006341
2 3 0.008149 0.035991 0.505488 0.443489 0.006883
2 3 0.008369 0.037012 0.506426 0.440950 0.007243
2 3 0.006189 0.030318 0.497262 0.460817 0.005414
2 3 0.006187 0.034984 0.515064 0.437104 0.006661
2 3 0.046836 0.135906 0.599619 0.195166 0.022473
2 3 0.028273 0.107090 0.595026 0.250305 0.019307
2 3 0.043138 0.134106 0.586741 0.212384 0.023632
2 3 0.062916 0.148791 0.587261 0.172601 0.028431
2 3 0.078044 0.127513 0.541289 0.194345 0.058809
2 3 0.170010 0.181328 0.439118 0.120870 0.088675
2 3 0.102061 0.198580 0.502636 0.132323 0.064400
2 3 0.109414 0.205212 0.482263 0.112294 0.090817
2 3 0.037212 0.138901 0.615124 0.151640 0.057122
2 3 0.097263 0.199239 0.513874 0.126445 0.063179
0 3 0.650670 0.130024 0.133359 0.027062 0.058884
0 3 0.699786 0.092395 0.128495 0.040284 0.039040
0 3 0.395615 0.193127 0.249048 0.044429 0.117781
0 3 0.696346 0.111492 0.130356 0.024923 0.036883
0 3 0.371629 0.190210 0.334779 0.056117 0.047265
2 3 0.046978 0.148361 0.576532 0.150769 0.077360
2 2 0.020683 0.106856 0.620117 0.153517 0.098826
2 2 0.023582 0.109962 0.526304 0.112982 0.227169
2 2 0.021504 0.102328 0.486769 0.101925 0.287474
2 2 0.021218 0.099460 0.483174 0.113828 0.282320
4 4 0.037248 0.118094 0.362866 0.064055 0.417737
4 4 0.092396 0.159576 0.280289 0.043455 0.424284
2 4 0.077179 0.179791 0.414072 0.055786 0.273172
2 4 0.057346 0.163714 0.468052 0.072630 0.238258
2 4 0.051829 0.156146 0.470803 0.076148 0.245074
2 4 0.025948 0.114805 0.608398 0.173032 0.077817
2 2 0.043725 0.140455 0.544949 0.149932 0.120940
2 2 0.036372 0.134893 0.573401 0.141861 0.113473
2 2 0.031591 0.129325 0.633789 0.156406 0.048889
2 2 0.028494 0.115837 0.614944 0.201408 0.039316
4 2 0.079249 0.167104 0.321404 0.032117 0.400125
2 2 0.070910 0.171893 0.410304 0.056804 0.290088
2 2 0.067325 0.179529 0.530313 0.103564 0.119269
2 2 0.120662 0.215450 0.408895 0.059566 0.195428
2 2 0.273405 0.239020 0.381375 0.048754 0.057446
2 2 0.217623 0.231516 0.389188 0.074829 0.086845
0 2 0.339798 0.241276 0.322465 0.038791 0.057671
2 2 0.235022 0.238280 0.408612 0.068899 0.049187
2 2 0.234833 0.244020 0.411870 0.062878 0.046398
2 2 0.135736 0.238641 0.518510 0.055351 0.051762
2 2 0.026854 0.074791 0.587921 0.300286 0.010148
2 2 0.056416 0.081679 0.585177 0.268278 0.008450
2 2 0.023189 0.056227 0.553320 0.359348 0.007917
2 2 0.028643 0.068201 0.570036 0.323656 0.009464
2 2 0.024773 0.053170 0.573433 0.343176 0.005448
2 2 0.028262 0.060682 0.578806 0.325636 0.006613
2 2 0.022798 0.061579 0.565752 0.341047 0.008823
2 2 0.027858 0.067309 0.548101 0.345138 0.011594
2 2 0.038316 0.067478 0.557549 0.327256 0.009401
2 2 0.062833 0.084643 0.558513 0.281020 0.012991
2 2 0.317257 0.235294 0.343076 0.051548 0.052825
0 2 0.493617 0.154089 0.208755 0.064175 0.079364
0 2 0.356261 0.210010 0.260534 0.036216 0.136978
0 2 0.391593 0.207934 0.202984 0.020095 0.177394
2 2 0.220019 0.236384 0.420436 0.071529 0.051632
2 2 0.134384 0.238019 0.468339 0.066785 0.092472
2 2 0.168185 0.226591 0.428881 0.070105 0.106238
2 2 0.216860 0.237129 0.393970 0.073410 0.078631
2 2 0.197258 0.259432 0.429970 0.052451 0.060889
2 2 0.236086 0.237962 0.411099 0.067662 0.047191
2 2 0.274862 0.242387 0.365556 0.059390 0.057805
2 2 0.143075 0.223410 0.466509 0.110230 0.056775
2 2 0.315339 0.230840 0.346209 0.052185 0.055427
2 2 0.213092 0.237140 0.420289 0.046732 0.082748
2 2 0.294864 0.238685 0.347744 0.044828 0.073879
0 2 0.415107 0.195986 0.261816 0.046663 0.080429
0 2 0.325460 0.242443 0.321933 0.035451 0.074712
2 2 0.313129 0.237298 0.334719 0.031572 0.083283
0 1 0.427572 0.219823 0.267135 0.027264 0.058206
2 1 0.191295 0.253926 0.355554 0.035588 0.163637
2 1 0.192318 0.229221 0.473305 0.055418 0.049738
2 1 0.280945 0.215613 0.382865 0.063862 0.056715
2 1 0.230308 0.232517 0.400325 0.077333 0.059517
2 2 0.294023 0.212204 0.371029 0.073620 0.049125
2 2 0.220519 0.224638 0.424897 0.081236 0.048710
2 2 0.279517 0.220403 0.382900 0.068770 0.048409
0 2 0.352446 0.202510 0.342875 0.060836 0.041333
0 1 0.400855 0.219632 0.302979 0.036032 0.040501
0 1 0.395993 0.204481 0.322804 0.043225 0.033497
2 1 0.270371 0.248129 0.360874 0.058106 0.062520
2 1 0.047459 0.093053 0.567464 0.275488 0.016536
2 2 0.038953 0.090196 0.580814 0.276201 0.013836
2 2 0.050108 0.089849 0.548233 0.294176 0.017634
2 2 0.033597 0.064750 0.523868 0.365739 0.012047
2 2 0.034625 0.074080 0.526376 0.348413 0.016507
2 2 0.040576 0.099074 0.563951 0.277024 0.019374
2 2 0.052599 0.101395 0.535597 0.285202 0.025207
2 2 0.077425 0.126781 0.562659 0.210763 0.022371
2 2 0.047089 0.089511 0.528520 0.313395 0.021486
2 2 0.040021 0.093362 0.534473 0.308966 0.023179
2 2 0.221494 0.223937 0.411016 0.086467 0.057087
2 2 0.213796 0.256966 0.374737 0.053366 0.101136
2 2 0.160381 0.231260 0.346128 0.041523 0.220707
2 2 0.136530 0.230229 0.394894 0.044824 0.193523
2 1 0.124995 0.217775 0.438202 0.083898 0.135131
2 1 0.106410 0.214034 0.453656 0.063949 0.161952
2 1 0.144741 0.238558 0.394637 0.040603 0.181461
2 0 0.093977 0.211362 0.514158 0.076818 0.103686
2 0 0.320968 0.247327 0.328884 0.042473 0.060346
2 1 0.206764 0.246455 0.424258 0.066254 0.056268
2 1 0.227744 0.236282 0.423798 0.068660 0.043517
2 1 0.303116 0.241383 0.356235 0.049760 0.049507
2 1 0.327724 0.241245 0.340318 0.043333 0.047380
2 1 0.307181 0.238633 0.349737 0.051794 0.052655
0 1 0.362559 0.215481 0.324778 0.050828 0.046355
2 1 0.318491 0.232629 0.344668 0.052576 0.051636
0 1 0.367679 0.211081 0.313894 0.054969 0.052376
0 1 0.343925 0.232566 0.317294 0.048198 0.058018
0 1 0.350799 0.235775 0.321258 0.033196 0.058972
2 1 0.324069 0.227558 0.353543 0.051090 0.043741
0 1 0.430246 0.198233 0.286759 0.043012 0.041749
0 1 0.394774 0.203581 0.309792 0.049089 0.042764
0 1 0.421874 0.203775 0.272877 0.045833 0.055642
0 1 0.453837 0.196038 0.250436 0.042404 0.057285
0 1 0.399271 0.207482 0.299789 0.046797 0.046661
0 1 0.876362 0.047030 0.044990 0.010040 0.021578
0 0 0.849675 0.058864 0.048368 0.010018 0.033074
0 0 0.702618 0.130902 0.098974 0.011851 0.055656
0 0 0.795639 0.090105 0.081514 0.009173 0.023569
0 0 0.898628 0.028490 0.048914 0.013838 0.010132
0 0 0.457381 0.104384 0.231137 0.120416 0.086682
0 0 0.453857 0.179522 0.165005 0.040968 0.160647
0 0 0.512840 0.196317 0.174161 0.019825 0.096856
0 0 0.724917 0.101401 0.075393 0.014024 0.084264
0 1 0.425420 0.197312 0.169853 0.026936 0.180478
2 1 0.076034 0.200040 0.551948 0.076313 0.095665
2 1 0.082926 0.206398 0.573150 0.086526 0.051000
2 1 0.079592 0.203152 0.556562 0.080376 0.080319
2 1 0.103906 0.216058 0.541585 0.082217 0.056234
2 1 0.095510 0.215440 0.542852 0.082557 0.063641
2 1 0.116186 0.222655 0.530393 0.084123 0.046643
2 1 0.113003 0.212257 0.531003 0.105640 0.038097
2 1 0.166835 0.233862 0.392005 0.077505 0.129793
0 1 0.378713 0.230880 0.308037 0.030146 0.052224
2 1 0.287941 0.241342 0.348436 0.058587 0.063694
0 0 0.366010 0.229427 0.276392 0.047911 0.080260
0 0 0.474196 0.200468 0.218856 0.035263 0.071217
4 0 0.164664 0.194960 0.244061 0.034676 0.361639
0 0 0.318489 0.253359 0.274122 0.033134 0.120895
0 0 0.409313 0.213840 0.295842 0.038687 0.042318
0 0 0.507861 0.181566 0.238460 0.032942 0.039171
0 0 0.476332 0.189796 0.243854 0.039054 0.050964
0 0 0.340799 0.202444 0.338384 0.068879 0.049493
0 0 0.459233 0.188374 0.241570 0.047153 0.063669
2 0 0.252380 0.235271 0.395309 0.048239 0.068801
4 1 0.069999 0.133636 0.282082 0.063776 0.450506
2 1 0.020428 0.095590 0.462156 0.110697 0.311130
2 1 0.027513 0.115146 0.529170 0.134926 0.193244
2 1 0.034410 0.131855 0.581458 0.148348 0.103929
2 1 0.030154 0.123153 0.597326 0.164877 0.084490
4 1 0.073623 0.142959 0.276450 0.043231 0.463738
4 1 0.075396 0.149400 0.301702 0.051106 0.422396
4 1 0.072376 0.148853 0.314199 0.055516 0.409055
2 4 0.200979 0.269362 0.375073 0.029743 0.124843
0 4 0.334267 0.239821 0.315656 0.047271 0.062985
2 4 0.312722 0.233827 0.352431 0.052104 0.048916
2 4 0.239113 0.218731 0.394370 0.086933 0.060853
2 0 0.134328 0.225999 0.388950 0.046159 0.204565
2 0 0.065546 0.179520 0.557953 0.112631 0.084350
2 0 0.065074 0.177524 0.559045 0.119603 0.078755
2 0 0.010138 0.062980 0.610712 0.297648 0.018522
2 0 0.009618 0.059125 0.595396 0.318451 0.017411
2 0 0.009438 0.062816 0.629594 0.281322 0.016830
2 0 0.011396 0.061881 0.601289 0.313079 0.012355
2 1 0.015503 0.066601 0.601447 0.305025 0.011424
2 1 0.184506 0.239964 0.396704 0.040070 0.138756
2 4 0.155816 0.250046 0.393129 0.034509 0.166501
2 4 0.178661 0.261578 0.434383 0.046577 0.078801
2 4 0.226454 0.238308 0.426603 0.065753 0.042881
2 4 0.250224 0.255111 0.389345 0.054104 0.051217
2 4 0.210636 0.245413 0.436234 0.065119 0.042598
2 4 0.211761 0.250968 0.417889 0.066875 0.052508
2 4 0.161923 0.233356 0.466160 0.091436 0.047126
2 4 0.122556 0.232392 0.483915 0.068029 0.093107
2 4 0.128046 0.240139 0.501557 0.067060 0.063197
2 4 0.186177 0.225989 0.357323 0.049765 0.180746
2 4 0.248474 0.249053 0.359491 0.036875 0.106108
2 4 0.213067 0.231769 0.425114 0.079798 0.050253
2 4 0.230232 0.230016 0.415645 0.075252 0.048855
2 1 0.217661 0.253067 0.370423 0.074607 0.084242
0 1 0.299442 0.237865 0.235483 0.028066 0.199144
2 1 0.117910 0.212113 0.480840 0.118699 0.070438
2 1 0.090378 0.190790 0.471290 0.109057 0.138485
2 1 0.147432 0.209029 0.347702 0.074903 0.220933
2 1 0.151128 0.215218 0.313615 0.038047 0.281992
2 1 0.148862 0.213477 0.328330 0.048745 0.260585
4 1 0.221540 0.168174 0.130721 0.010834 0.468731
4 1 0.113776 0.179896 0.269023 0.027498 0.409806
4 1 0.095946 0.144660 0.205725 0.023019 0.530649
4 1 0.098112 0.156101 0.258143 0.043393 0.444250
4 1 0.161527 0.185966 0.231709 0.037218 0.383579
4 1 0.119317 0.170275 0.231892 0.024564 0.453952
4 1 0.123515 0.182930 0.268981 0.032860 0.391714
4 1 0.146217 0.194196 0.272281 0.040095 0.347211
4 1 0.158138 0.187736 0.214508 0.020736 0.418883
2 1 0.253471 0.202715 0.402430 0.073459 0.067924
2 1 0.132458 0.179473 0.482521 0.157121 0.048428
0 1 0.459725 0.164568 0.208058 0.061407 0.106242
0 1 0.428274 0.135011 0.279085 0.104882 0.052747
0 1 0.523372 0.168745 0.207426 0.040926 0.059531
2 1 0.160980 0.219386 0.425149 0.095687 0.098799
2 1 0.265369 0.230039 0.356778 0.044038 0.103776
2 0 0.275288 0.223699 0.325938 0.065337 0.109737
4 0 0.226794 0.189318 0.177519 0.028978 0.377391
2 0 0.096269 0.194159 0.476476 0.120862 0.112234
0 0 0.535212 0.137837 0.201376 0.064447 0.061128
2 0 0.182251 0.184496 0.413934 0.155155 0.064163
0 0 0.727817 0.078374 0.110054 0.036574 0.047181
0 0 0.781726 0.069199 0.083886 0.028155 0.037034
0 0 0.780859 0.076869 0.106377 0.019145 0.016750
0 0 0.852755 0.060279 0.043252 0.007751 0.035962
0 0 0.914440 0.036355 0.027762 0.004689 0.016755
0 0 0.893358 0.029212 0.049217 0.019021 0.009191
0 0 0.888903 0.040191 0.042936 0.010798 0.017171
0 0 0.801625 0.079376 0.072702 0.012938 0.033359
4 0 0.071424 0.129975 0.209402 0.019956 0.569243
4 0 0.086767 0.132512 0.169439 0.011612 0.599670
4 0 0.072792 0.128015 0.191688 0.015233 0.592271
4 1 0.086533 0.131324 0.164626 0.010627 0.606890
4 4 0.053535 0.114023 0.195375 0.013621 0.623446
4 4 0.050117 0.114764 0.221631 0.019580 0.593908
4 4 0.074526 0.125246 0.170934 0.010874 0.618421
4 4 0.049445 0.109758 0.190861 0.012183 0.637752
4 4 0.090900 0.137860 0.183828 0.015390 0.572022
4 4 0.042268 0.106060 0.212473 0.015709 0.623490
4 4 0.020929 0.088122 0.342217 0.061499 0.487232
4 4 0.017945 0.082987 0.347986 0.061230 0.489852
4 4 0.021286 0.088784 0.345533 0.064829 0.479568
4 4 0.027998 0.096795 0.293573 0.038391 0.543244
4 4 0.021588 0.089270 0.345185 0.065036 0.478921
4 4 0.037795 0.104187 0.236581 0.020991 0.600446
4 4 0.066468 0.123497 0.191299 0.014352 0.604384
4 4 0.042754 0.111548 0.256960 0.029544 0.559194
4 4 0.078171 0.131361 0.190433 0.015589 0.584445
4 4 0.037755 0.104774 0.242605 0.022793 0.592073
4 4 0.066012 0.121817 0.183635 0.012607 0.615929
4 4 0.078362 0.129579 0.180244 0.013162 0.598654
4 4 0.068096 0.121534 0.174192 0.010933 0.625245
4 4 0.059944 0.124042 0.228560 0.023954 0.563501
4 4 0.089903 0.134078 0.168311 0.011640 0.596068
4 4 0.056266 0.121898 0.235794 0.025635 0.560406
4 4 0.040452 0.107420 0.239842 0.022707 0.589578
4 4 0.043952 0.110848 0.238122 0.023130 0.583948
4 4 0.100549 0.140282 0.170098 0.012959 0.576112
4 4 0.040965 0.107525 0.235810 0.021607 0.594093
4 4 0.116635 0.145912 0.160444 0.012063 0.564945
4 4 0.076792 0.133734 0.210055 0.021113 0.558306
4 4 0.146049 0.148257 0.126911 0.007151 0.571632
4 4 0.092472 0.139876 0.189661 0.017190 0.560801
4 4 0.081786 0.134931 0.197636 0.018052 0.567594
4 4 0.103138 0.143595 0.179250 0.015533 0.558484
4 4 0.090371 0.137330 0.182673 0.015030 0.574596
4 4 0.055045 0.116862 0.205643 0.016209 0.606242
4 4 0.055377 0.119180 0.220152 0.020225 0.585066
4 4 0.109067 0.141189 0.155807 0.010507 0.583431
4 4 0.020131 0.086486 0.351813 0.069844 0.471726
4 4 0.023143 0.091008 0.353397 0.078591 0.453863
4 4 0.038161 0.109107 0.288552 0.042380 0.521800
4 4 0.018979 0.084378 0.353440 0.069574 0.473630
4 4 0.024648 0.093152 0.353333 0.082015 0.446852
4 4 0.021672 0.089386 0.344141 0.064280 0.480521
4 4 0.029507 0.100016 0.316239 0.052851 0.501386
4 4 0.020903 0.087876 0.334795 0.055854 0.500572
4 4 0.027194 0.097504 0.336352 0.065962 0.472988
4 4 0.023984 0.092959 0.341675 0.065859 0.475524
4 4 0.073591 0.147955 0.301722 0.050585 0.426149
2 4 0.040438 0.128416 0.418807 0.087634 0.324704
4 1 0.035226 0.107480 0.327599 0.068752 0.460944
4 1 0.029510 0.100935 0.360720 0.092006 0.416828
4 1 0.030797 0.101929 0.333621 0.069406 0.464248
4 1 0.020988 0.086318 0.364073 0.092018 0.436603
4 1 0.024526 0.092552 0.367712 0.098447 0.416764
4 1 0.022397 0.089168 0.358938 0.086190 0.443307
4 1 0.025826 0.094593 0.357600 0.089870 0.432110
4 1 0.026942 0.099417 0.383535 0.097711 0.392395
4 1 0.101821 0.162457 0.277389 0.051668 0.406665
4 1 0.127781 0.157428 0.182841 0.018046 0.513904
4 1 0.111226 0.164851 0.250134 0.037243 0.436546
4 1 0.191092 0.167823 0.142422 0.013078 0.485584
4 0 0.175774 0.164841 0.147648 0.013390 0.498347
2 1 0.103214 0.194931 0.415324 0.084652 0.201879
2 1 0.096698 0.186123 0.394134 0.076923 0.246123
4 1 0.213913 0.215724 0.207796 0.016508 0.346059
0 1 0.424685 0.231164 0.241369 0.031169 0.071613
2 1 0.233616 0.245740 0.343629 0.059129 0.117887
2 1 0.119098 0.211112 0.367088 0.039954 0.262748
4 1 0.056071 0.136345 0.338857 0.064671 0.404056
4 1 0.055883 0.125197 0.269594 0.040523 0.508803
2 1 0.051031 0.144115 0.426088 0.087999 0.290767
2 1 0.057042 0.153292 0.441512 0.094339 0.253815
2 1 0.015590 0.085131 0.538993 0.175050 0.185236
2 1 0.014370 0.083085 0.560739 0.182289 0.159518
2 2 0.016845 0.089853 0.574030 0.190691 0.128581
2 2 0.017061 0.089962 0.570254 0.192142 0.130580
2 2 0.017604 0.091583 0.566970 0.186007 0.137836
2 2 0.020473 0.100668 0.581870 0.175281 0.121708
2 2 0.023392 0.106228 0.585288 0.185191 0.099901
2 2 0.020549 0.100300 0.567830 0.168905 0.142416
2 2 0.034162 0.123969 0.515452 0.145603 0.180813
2 2 0.019677 0.098792 0.559902 0.157489 0.164140
4 2 0.099291 0.161276 0.262464 0.037171 0.439798
4 2 0.091290 0.158730 0.274769 0.039056 0.436154
4 2 0.115485 0.156414 0.217004 0.032288 0.478809
4 2 0.160371 0.163581 0.161480 0.016208 0.498359
4 2 0.079075 0.133131 0.197189 0.017535 0.573071
4 2 0.076040 0.148349 0.290826 0.046365 0.438420
4 2 0.083336 0.164357 0.318635 0.043540 0.390133
2 2 0.055534 0.147761 0.395147 0.067739 0.333819
2 2 0.055824 0.150382 0.432353 0.092543 0.268898
2 2 0.054087 0.156732 0.490542 0.104248 0.194391
2 2 0.017951 0.095512 0.581328 0.166814 0.138394
2 2 0.019211 0.096444 0.585504 0.190743 0.108098
2 2 0.018067 0.096322 0.589626 0.168341 0.127645
2 2 0.019506 0.097068 0.577638 0.185071 0.120718
2 2 0.019055 0.098416 0.599901 0.178811 0.103818
2 2 0.129392 0.208511 0.364144 0.058873 0.239080
2 2 0.097097 0.194898 0.447494 0.094934 0.165577
2 2 0.125348 0.203447 0.369163 0.069120 0.232922
4 2 0.196748 0.178127 0.176320 0.027567 0.421239
4 2 0.224513 0.180943 0.161413 0.024545 0.408586
2 2 0.242525 0.202374 0.274227 0.041400 0.239473
2 2 0.167234 0.238228 0.401119 0.073760 0.119659
2 2 0.138550 0.206408 0.342238 0.061336 0.251468
2 2 0.090338 0.199903 0.520077 0.108101 0.081581
2 2 0.094785 0.202594 0.517399 0.110913 0.074309
2 2 0.048467 0.156639 0.584813 0.131961 0.078121
2 2 0.032629 0.131887 0.590685 0.135100 0.109699
2 2 0.028804 0.123267 0.579448 0.135873 0.132607
2 2 0.029493 0.121919 0.581969 0.155167 0.111452
2 2 0.051518 0.152016 0.478994 0.093444 0.224028
2 2 0.086094 0.174519 0.383939 0.075767 0.279682
4 2 0.100497 0.147487 0.207851 0.024692 0.519473
2 2 0.091411 0.173843 0.357163 0.068841 0.308742
4 2 0.087133 0.159683 0.286753 0.038542 0.427890
4 2 0.164606 0.177786 0.203498 0.029854 0.424256
4 2 0.142515 0.175909 0.213775 0.024129 0.443673
4 2 0.222556 0.206183 0.207006 0.028476 0.335778
4 2 0.265290 0.190120 0.194373 0.024857 0.325361
4 2 0.104332 0.166357 0.281842 0.050155 0.397314
4 2 0.109899 0.164398 0.265760 0.050227 0.409717
2 2 0.027058 0.110142 0.475598 0.116547 0.270655
2 2 0.032438 0.123317 0.522025 0.135730 0.186490
2 2 0.030453 0.115614 0.500688 0.145539 0.207706
2 2 0.110309 0.201663 0.404320 0.066375 0.217333
2 2 0.064633 0.183223 0.577279 0.102023 0.072843
2 2 0.048600 0.152421 0.588936 0.151578 0.058465
2 2 0.029139 0.127581 0.656636 0.148228 0.038415
2 2 0.027007 0.121464 0.656329 0.160044 0.035156
2 2 0.026044 0.115535 0.622837 0.176065 0.059519
2 2 0.023076 0.111593 0.644897 0.169516 0.050917
2 2 0.137152 0.213535 0.470285 0.100800 0.078228
2 2 0.171417 0.230882 0.411853 0.082783 0.103065
0 2 0.357273 0.212877 0.275061 0.048998 0.105791
2 2 0.222678 0.244747 0.351399 0.050726 0.130449
0 2 0.377136 0.234335 0.275923 0.039297 0.073309
2 2 0.147098 0.232588 0.486692 0.091481 0.042141
2 2 0.098983 0.212465 0.545906 0.100557 0.042089
2 2 0.123364 0.232561 0.522308 0.065606 0.056161
2 2 0.135130 0.245476 0.492566 0.062436 0.064392
2 2 0.099841 0.222107 0.547619 0.075992 0.054441
2 2 0.159585 0.241739 0.478172 0.073353 0.047152
2 2 0.239963 0.259986 0.382205 0.057103 0.060744
2 2 0.282573 0.258477 0.353747 0.047139 0.058064
2 1 0.266837 0.237002 0.382813 0.046629 0.066718
2 1 0.191376 0.227179 0.429837 0.065714 0.085894
2 1 0.112883 0.218204 0.500918 0.093380 0.074615
2 1 0.053065 0.171836 0.622328 0.107700 0.045071
2 2 0.042374 0.149382 0.637724 0.142405 0.028115
2 2 0.102711 0.213512 0.524925 0.098690 0.060162
2 2 0.247373 0.229186 0.386074 0.076390 0.060977
0 2 0.525078 0.175459 0.170324 0.034661 0.094478
0 2 0.397324 0.213854 0.280957 0.046952 0.060914
0 2 0.408279 0.227449 0.253170 0.037254 0.073848
0 2 0.338889 0.237202 0.268682 0.023707 0.131520
0 2 0.522697 0.177759 0.187504 0.035263 0.076777
0 2 0.463534 0.176085 0.251693 0.041717 0.066971
0 0 0.598705 0.153360 0.122542 0.018882 0.106511
0 0 0.550647 0.169069 0.177623 0.029373 0.073287
2 0 0.232597 0.243368 0.366873 0.064971 0.092191
2 1 0.140597 0.209976 0.439948 0.121816 0.087663
2 1 0.114992 0.196616 0.501281 0.132707 0.054404
2 1 0.161998 0.209447 0.476605 0.111075 0.040875
0 1 0.505586 0.180734 0.187742 0.038094 0.087844
0 1 0.455287 0.195036 0.216826 0.040799 0.092052
0 1 0.490450 0.170293 0.243462 0.048117 0.047679
0 1 0.339825 0.232878 0.331372 0.046355 0.049570
0 1 0.345177 0.227637 0.336414 0.046298 0.044474
0 1 0.408139 0.211307 0.301889 0.039266 0.039399
0 0 0.530612 0.148094 0.128658 0.028445 0.164191
0 0 0.417980 0.227697 0.236998 0.032619 0.084707
2 0 0.106860 0.218169 0.525384 0.094309 0.055278
2 1 0.105624 0.220331 0.521473 0.083516 0.069056
2 1 0.144083 0.218231 0.507354 0.090463 0.039869
2 0 0.183395 0.208721 0.453195 0.074535 0.080153
2 0 0.092092 0.188717 0.560030 0.125199 0.033962
2 1 0.156518 0.235601 0.472161 0.089729 0.045991
2 1 0.165102 0.225134 0.481695 0.089707 0.038362
2 1 0.207597 0.256441 0.409045 0.062608 0.064309
2 0 0.278039 0.237217 0.363739 0.062576 0.058430
2 0 0.167415 0.232771 0.355598 0.052511 0.191705
0 0 0.404411 0.206046 0.153742 0.021970 0.213831
0 0 0.424018 0.218606 0.254227 0.037554 0.065595
2 0 0.207686 0.258559 0.358516 0.046939 0.128301
2 1 0.298530 0.260935 0.317015 0.044583 0.078938
2 1 0.235862 0.257920 0.396354 0.042976 0.066889
4 0 0.226877 0.213605 0.204095 0.020669 0.334754
4 0 0.206745 0.172736 0.144673 0.015063 0.460783
2 0 0.151097 0.223491 0.358921 0.053613 0.212877
4 0 0.115831 0.177061 0.274693 0.038083 0.394332
2 1 0.129895 0.203026 0.356994 0.068323 0.241761
2 1 0.021161 0.099472 0.557513 0.180873 0.140981
2 1 0.021565 0.101833 0.580478 0.186052 0.110072
2 1 0.021050 0.105143 0.611906 0.168788 0.093112
2 1 0.021146 0.102461 0.586424 0.176318 0.113650
2 1 0.021139 0.103531 0.602116 0.177785 0.095429
2 1 0.037496 0.135445 0.623976 0.173082 0.030000
2 1 0.055661 0.148243 0.605522 0.170802 0.019771
2 1 0.294248 0.230286 0.376660 0.056018 0.042789
2 1 0.232038 0.234230 0.429436 0.065536 0.038759
2 1 0.191632 0.226748 0.436002 0.089626 0.055991
2 1 0.089029 0.196606 0.488097 0.093934 0.132335
4 4 0.037902 0.111387 0.333180 0.073526 0.444004
4 4 0.033665 0.105607 0.326016 0.065263 0.469449
4 4 0.084879 0.141977 0.231872 0.031734 0.509538
4 4 0.033829 0.105854 0.328213 0.067523 0.464580
4 4 0.063693 0.127228 0.230430 0.025542 0.553108
4 4 0.104895 0.146039 0.186877 0.017960 0.544228
4 4 0.070965 0.133552 0.238176 0.030714 0.526592
4 4 0.075445 0.137559 0.246190 0.036131 0.504674
4 4 0.126827 0.152255 0.167930 0.014845 0.538142
4 4 0.030805 0.104174 0.361593 0.086465 0.416963
2 4 0.029637 0.104437 0.386291 0.097911 0.381724
4 4 0.027074 0.097076 0.342145 0.072345 0.461360
4 4 0.026746 0.095981 0.350516 0.083426 0.443332
4 4 0.076504 0.153611 0.309135 0.048127 0.412622
4 4 0.122355 0.175695 0.281480 0.057608 0.362861
4 4 0.114220 0.154863 0.210664 0.028763 0.491490
4 4 0.121886 0.163379 0.237919 0.044513 0.432303
4 4 0.123438 0.167764 0.257070 0.055770 0.395959
4 4 0.293933 0.171509 0.184979 0.030829 0.318750
0 4 0.453586 0.198756 0.214481 0.031351 0.101826
0 4 0.469854 0.191460 0.232449 0.041808 0.064429
2 4 0.155423 0.192916 0.502903 0.118399 0.030360
2 4 0.255241 0.234173 0.334819 0.055178 0.120588
2 4 0.229289 0.165841 0.368708 0.142864 0.093297
2 4 0.184215 0.247607 0.354848 0.042843 0.170487
2 4 0.110127 0.198155 0.369531 0.053413 0.268774
4 4 0.181039 0.214205 0.272785 0.038847 0.293125
4 4 0.110387 0.188393 0.305747 0.031779 0.363694
2 4 0.135404 0.231520 0.435764 0.064860 0.132452
2 4 0.101098 0.211173 0.509669 0.094458 0.083602
4 4 0.254753 0.182159 0.135523 0.014955 0.412609
2 4 0.185111 0.263969 0.415098 0.049515 0.086308
2 4 0.167173 0.251382 0.463538 0.060237 0.057671
2 4 0.133655 0.242114 0.474554 0.059803 0.089875
2 4 0.169488 0.255443 0.423443 0.053405 0.098221
0 4 0.382070 0.228335 0.244851 0.044297 0.100447
4 4 0.161797 0.170604 0.179302 0.020373 0.467924
2 4 0.156938 0.240030 0.395912 0.052532 0.154588
4 4 0.241093 0.184518 0.179314 0.029228 0.365847
2 4 0.112885 0.220194 0.478149 0.077142 0.111631
2 4 0.110804 0.223997 0.509730 0.079268 0.076201
2 4 0.093566 0.204301 0.546988 0.112821 0.042324
2 4 0.067717 0.189321 0.594030 0.098910 0.050021
2 4 0.049928 0.147783 0.618413 0.158812 0.025065
2 4 0.155046 0.215038 0.490357 0.102246 0.037314
2 4 0.239089 0.226210 0.257586 0.048880 0.228234
4 1 0.097252 0.147483 0.219340 0.028967 0.506959
4 1 0.137856 0.162656 0.195725 0.026495 0.477269
4 1 0.088042 0.140084 0.205536 0.021560 0.544779
4 1 0.260727 0.177992 0.124713 0.012815 0.423754
4 1 0.248120 0.215584 0.233141 0.054003 0.249152
2 1 0.218323 0.214825 0.262665 0.063408 0.240779
0 1 0.549795 0.124634 0.155789 0.027513 0.142270
0 1 0.658025 0.143512 0.125616 0.016486 0.056360
0 1 0.405004 0.207243 0.323885 0.035957 0.027911
0 1 0.396666 0.209912 0.307442 0.043988 0.041993
0 1 0.387206 0.222330 0.298293 0.041649 0.050521
2 1 0.264557 0.228761 0.400014 0.064346 0.042322
0 1 0.382556 0.210781 0.296792 0.052479 0.057392
0 1 0.440595 0.203957 0.284928 0.034624 0.035896
0 1 0.431804 0.210818 0.280460 0.035081 0.041838
0 1 0.533674 0.187978 0.199977 0.025759 0.052612
0 1 0.375496 0.217236 0.308866 0.047842 0.050559
0 1 0.739660 0.094226 0.078269 0.016680 0.071165
2 1 0.212467 0.244636 0.331208 0.057265 0.154423
2 1 0.218915 0.228836 0.427771 0.078852 0.045626
0 1 0.320976 0.267899 0.283046 0.037758 0.090321
0 2 0.594587 0.127223 0.116611 0.018615 0.142965
2 2 0.277277 0.239444 0.337520 0.052135 0.093624
2 2 0.167318 0.196864 0.451519 0.134887 0.049411
0 2 0.701917 0.103609 0.092042 0.022470 0.079962
0 0 0.717888 0.096927 0.091727 0.025746 0.067711
0 1 0.516225 0.192685 0.179233 0.020294 0.091563
0 1 0.454058 0.186052 0.178488 0.044369 0.137034
0 1 0.446492 0.183795 0.151219 0.037377 0.181118
0 1 0.337588 0.217035 0.182786 0.030409 0.232182
0 1 0.376675 0.207499 0.230069 0.051140 0.134617
0 1 0.419956 0.220025 0.254030 0.038021 0.067967
0 1 0.736610 0.095601 0.079551 0.019210 0.069027
0 1 0.560245 0.163003 0.178330 0.028293 0.070129
2 1 0.296902 0.218392 0.388587 0.059732 0.036387
0 1 0.664620 0.106701 0.113944 0.037733 0.077003
0 1 0.592085 0.158751 0.177789 0.026067 0.045307
0 1 0.426208 0.208588 0.265784 0.041868 0.057552
2 1 0.213738 0.257326 0.416391 0.061185 0.051360
2 1 0.192724 0.198542 0.496925 0.088214 0.023595
2 1 0.347699 0.222737 0.350841 0.043752 0.034970
2 1 0.259932 0.246103 0.397857 0.053360 0.042748
0 1 0.366945 0.219439 0.340753 0.040146 0.032717
0 1 0.538683 0.160838 0.235867 0.034514 0.030098
0 1 0.508056 0.159533 0.226966 0.052525 0.052920
0 1 0.456475 0.203448 0.242875 0.037356 0.059846
2 2 0.301115 0.195107 0.394734 0.075804 0.033240
0 2 0.857803 0.055338 0.050284 0.010072 0.026503
0 2 0.900055 0.030715 0.044256 0.014535 0.010439
0 2 0.710285 0.095158 0.099608 0.031187 0.063762
0 1 0.899920 0.021740 0.049302 0.023522 0.005516
0 1 0.749821 0.096605 0.109726 0.017481 0.026368
2 1 0.324189 0.201892 0.347859 0.075316 0.050744
2 1 0.264316 0.244573 0.323430 0.041469 0.126212
2 1 0.272263 0.177363 0.360628 0.116453 0.073293
0 1 0.331707 0.170655 0.300892 0.058445 0.138300
4 1 0.261921 0.207419 0.220633 0.041701 0.268325
0 1 0.355389 0.217658 0.250252 0.059645 0.117056
0 1 0.702095 0.068811 0.128383 0.061235 0.039476
0 1 0.880160 0.042493 0.046633 0.012258 0.018455
0 1 0.899756 0.039483 0.035602 0.007380 0.017779
0 1 0.595560 0.152590 0.163038 0.024439 0.064373
0 1 0.359014 0.205640 0.291042 0.067946 0.076358
2 1 0.088094 0.207064 0.517533 0.074892 0.112417
2 1 0.072782 0.196855 0.532306 0.065361 0.132696
2 1 0.058358 0.182154 0.590143 0.083731 0.085614
2 1 0.081830 0.197657 0.530304 0.092707 0.097502
2 1 0.179493 0.217198 0.288100 0.044040 0.271170
2 1 0.123299 0.227948 0.515861 0.074254 0.058637
2 1 0.078287 0.189026 0.539130 0.118383 0.075174
0 1 0.325198 0.224731 0.292357 0.046689 0.111026
2 1 0.235983 0.253438 0.375041 0.043744 0.091794
2 2 0.202051 0.253507 0.397472 0.045248 0.101722
2 2 0.124856 0.238745 0.483280 0.057553 0.095567
2 2 0.165469 0.222018 0.484144 0.090804 0.037566
2 2 0.082989 0.208283 0.576613 0.082223 0.049892
2 2 0.066466 0.183208 0.540376 0.090787 0.119162
2 2 0.229790 0.223121 0.265322 0.054897 0.226870
2 2 0.078871 0.167248 0.594655 0.127626 0.031600
2 2 0.050524 0.127376 0.596619 0.201580 0.023901
2 2 0.058074 0.144882 0.618549 0.153536 0.024960
2 2 0.031916 0.119025 0.636769 0.190070 0.022220
2 2 0.038354 0.127820 0.601137 0.205938 0.026751
2 2 0.018587 0.070744 0.578699 0.319896 0.012074
2 2 0.021321 0.068788 0.569601 0.328837 0.011452
2 2 0.018833 0.071283 0.585577 0.312958 0.011349
2 2 0.027654 0.079662 0.590575 0.290844 0.011265
2 2 0.067387 0.107088 0.536348 0.262047 0.027129
2 2 0.035691 0.085778 0.586215 0.280107 0.012209
2 2 0.046096 0.094488 0.552768 0.287463 0.019186
2 2 0.029091 0.080997 0.567271 0.308381 0.014260
2 2 0.026505 0.090633 0.610616 0.258341 0.013905
2 2 0.021337 0.083677 0.616110 0.265738 0.013138
2 2 0.011925 0.050032 0.540058 0.388451 0.009535
2 2 0.014702 0.052480 0.584796 0.341755 0.006266
2 2 0.011728 0.050422 0.568780 0.361628 0.007442
2 2 0.011483 0.048941 0.549371 0.381793 0.008412
2 2 0.008937 0.046738 0.558994 0.377598 0.007734
2 2 0.010652 0.042900 0.530462 0.408495 0.007492
2 2 0.009438 0.043297 0.552181 0.388465 0.006619
2 3 0.012625 0.051867 0.587493 0.341602 0.006413
2 3 0.012323 0.046977 0.550726 0.382744 0.007230
2 3 0.008266 0.041562 0.550171 0.393516 0.006484
2 3 0.012284 0.047894 0.584897 0.349459 0.005466
2 3 0.008424 0.042272 0.562490 0.380847 0.005966
2 3 0.009968 0.045354 0.539783 0.396734 0.008161
2 3 0.009359 0.044374 0.559796 0.379892 0.006579
2 3 0.014464 0.050578 0.552252 0.374799 0.007907
2 3 0.019667 0.064987 0.581015 0.324977 0.009354
2 3 0.023202 0.060367 0.511273 0.391000 0.014157
2 3 0.014524 0.059305 0.582493 0.334981 0.008697
2 3 0.016649 0.064000 0.560385 0.346906 0.012060
2 3 0.015061 0.054032 0.580642 0.343340 0.006925
2 3 0.009327 0.040111 0.509424 0.432914 0.008224
2 3 0.011368 0.045952 0.533044 0.401206 0.008431
2 3 0.008898 0.042194 0.540607 0.401178 0.007122
2 3 0.008340 0.039135 0.562360 0.385243 0.004923
2 3 0.011305 0.044087 0.548706 0.389350 0.006551
2 3 0.005500 0.033622 0.526579 0.428605 0.005693
2 3 0.008173 0.034745 0.514421 0.436905 0.005756
2 3 0.008541 0.038238 0.543795 0.403957 0.005469
2 3 0.007936 0.035062 0.511794 0.439077 0.006131
2 3 0.007296 0.036718 0.514671 0.434307 0.007008
2 3 0.007829 0.034087 0.518331 0.434367 0.005386
2 3 0.012315 0.041612 0.513683 0.424822 0.007568
2 3 0.012171 0.039572 0.511718 0.429726 0.006814
2 3 0.008645 0.034313 0.507775 0.443492 0.005775
2 3 0.006984 0.030352 0.486861 0.470142 0.005661
2 3 0.008812 0.035492 0.509622 0.439932 0.006142
2 3 0.007015 0.032048 0.496527 0.458465 0.005945
2 3 0.006972 0.030777 0.492387 0.464290 0.005574
2 3 0.008799 0.033468 0.492884 0.458665 0.006184
3 3 0.006804 0.025857 0.466515 0.496274 0.004550
2 3 0.007548 0.040223 0.497396 0.444549 0.010283
2 3 0.005606 0.034700 0.532896 0.421025 0.005772
2 3 0.006256 0.036223 0.535017 0.416499 0.006005
2 3 0.006386 0.037555 0.537579 0.412106 0.006374
2 3 0.005938 0.034542 0.534034 0.419997 0.005489
2 3 0.006129 0.037790 0.554013 0.396259 0.005808
2 3 0.009913 0.041996 0.571770 0.371368 0.004952
2 3 0.007601 0.040414 0.557951 0.388197 0.005837
2 3 0.008593 0.039926 0.561175 0.385140 0.005166
2 3 0.006902 0.041569 0.556215 0.388629 0.006684
2 3 0.007700 0.038125 0.521905 0.425241 0.007029
2 3 0.007867 0.042791 0.539019 0.402366 0.007957
2 3 0.004977 0.034462 0.547661 0.407306 0.005595
2 3 0.004486 0.035706 0.575635 0.377455 0.006719
2 3 0.005173 0.036267 0.564574 0.387695 0.006291
2 3 0.004500 0.031835 0.520555 0.436443 0.006667
2 3 0.003161 0.029195 0.508490 0.452901 0.006253
2 3 0.003350 0.027699 0.481960 0.480401 0.006589
2 3 0.003023 0.027853 0.491292 0.471042 0.006790
2 3 0.003658 0.029410 0.506029 0.455008 0.005895
2 3 0.004541 0.034121 0.537927 0.417590 0.005821
2 3 0.003527 0.029373 0.532820 0.428443 0.005837
2 3 0.003154 0.027135 0.494287 0.469720 0.005704
2 3 0.003302 0.028098 0.500001 0.462797 0.005802
2 3 0.009068 0.040755 0.500351 0.440356 0.009470
2 3 0.003342 0.026232 0.504006 0.461795 0.004625
3 3 0.002845 0.023953 0.482119 0.486266 0.004817
2 3 0.003356 0.028367 0.511049 0.451218 0.006010
2 3 0.002901 0.025121 0.484355 0.482314 0.005308
2 3 0.003490 0.027982 0.491555 0.470914 0.006059
2 3 0.003746 0.026901 0.490472 0.473548 0.005333
2 3 0.003129 0.026898 0.501226 0.463510 0.005236
2 3 0.004346 0.028181 0.502811 0.459660 0.005003
2 3 0.004084 0.026922 0.517819 0.447220 0.003955
3 3 0.003205 0.021231 0.429505 0.540555 0.005505
3 3 0.003145 0.021186 0.476056 0.496116 0.003498
3 3 0.003517 0.021468 0.480061 0.491645 0.003309
3 3 0.002651 0.020440 0.483918 0.489801 0.003189
3 3 0.002414 0.018726 0.459303 0.516224 0.003332
2 3 0.003150 0.022105 0.488721 0.482552 0.003472
2 3 0.002947 0.023672 0.498277 0.471170 0.003934
3 3 0.003341 0.021636 0.471258 0.499996 0.003769
3 3 0.002605 0.020708 0.468509 0.504314 0.003864
2 3 0.004400 0.025633 0.494564 0.471227 0.004177
2 3 0.003225 0.022477 0.502411 0.468734 0.003152
3 3 0.002640 0.022006 0.475707 0.495424 0.004223
2 3 0.003834 0.025522 0.493735 0.472467 0.004442
2 3 0.003349 0.023364 0.495862 0.473766 0.003658
3 3 0.004727 0.026837 0.478806 0.484320 0.005310
3 3 0.011714 0.035917 0.463057 0.480679 0.008632
2 3 0.054541 0.138478 0.580847 0.201709 0.024425
2 3 0.157648 0.241010 0.459129 0.089463 0.052750
2 3 0.061341 0.179112 0.601162 0.112881 0.045504
2 3 0.063337 0.175063 0.466432 0.058629 0.236538
2 3 0.089187 0.179257 0.404475 0.074840 0.252241
4 3 0.263309 0.201336 0.225784 0.036955 0.272615
4 2 0.214961 0.184063 0.184457 0.037153 0.379366
0 2 0.295267 0.171771 0.214677 0.053816 0.264469
0 2 0.480251 0.172210 0.151730 0.035433 0.160375
0 2 0.546536 0.151739 0.109246 0.022455 0.170024
4 2 0.097518 0.145687 0.206701 0.023677 0.526416
4 4 0.109210 0.147572 0.183671 0.017518 0.542030
4 4 0.135569 0.156502 0.170448 0.016471 0.521010
4 4 0.172353 0.170240 0.172656 0.021794 0.462956
4 4 0.103048 0.139567 0.161373 0.011224 0.584788
4 4 0.215207 0.176373 0.149885 0.017782 0.440753
4 4 0.185148 0.164685 0.158283 0.015155 0.476728
0 4 0.582865 0.134011 0.089419 0.009047 0.184659
4 4 0.304164 0.167549 0.144222 0.014429 0.369636
4 4 0.254371 0.172637 0.114002 0.009345 0.449645
4 4 0.138657 0.159413 0.177854 0.019290 0.504785
0 4 0.465568 0.145698 0.131981 0.013114 0.243639
4 4 0.252412 0.171726 0.112726 0.008933 0.454203
4 4 0.260349 0.173026 0.112176 0.009187 0.445261
4 4 0.247255 0.176101 0.126717 0.012481 0.437445
0 4 0.472677 0.136521 0.156925 0.016844 0.217033
4 4 0.191148 0.172956 0.160613 0.019279 0.456005
0 4 0.406363 0.164834 0.142542 0.020575 0.265686
4 4 0.189543 0.170948 0.154727 0.016884 0.467897
4 4 0.186387 0.174098 0.170967 0.023094 0.445454
4 4 0.213053 0.180878 0.169991 0.027013 0.409064
