4 2 0.258238 0.225705 0.148656 0.012520 0.354880
4 2 0.197295 0.197225 0.212706 0.024128 0.368647
4 4 0.245271 0.213424 0.191524 0.022321 0.327461
4 4 0.219100 0.185826 0.205974 0.023833 0.365268
4 4 0.189568 0.200440 0.207159 0.021930 0.380902
4 4 0.178222 0.175209 0.231779 0.027791 0.386999
4 4 0.127470 0.169865 0.243784 0.026009 0.432872
4 4 0.160945 0.174374 0.237790 0.027836 0.399055
4 4 0.146892 0.168919 0.243734 0.028087 0.412368
4 4 0.174281 0.168900 0.241737 0.030576 0.384507
4 4 0.188011 0.196911 0.242879 0.033445 0.338753
4 4 0.274498 0.207538 0.168754 0.017806 0.331405
4 4 0.192608 0.199833 0.233345 0.030532 0.343681
4 4 0.178498 0.201898 0.241223 0.031688 0.346692
4 4 0.157539 0.182672 0.255204 0.033464 0.371122
4 4 0.154926 0.182803 0.255308 0.033142 0.373821
4 4 0.153593 0.190439 0.265491 0.037066 0.353410
4 4 0.157886 0.196278 0.268517 0.039298 0.338022
4 4 0.136324 0.194349 0.267616 0.035251 0.366460
4 4 0.201291 0.184724 0.251817 0.038809 0.323359
4 4 0.247222 0.188779 0.162764 0.014554 0.386681
4 4 0.252319 0.187974 0.176169 0.017996 0.365542
4 4 0.259198 0.200185 0.168210 0.016587 0.355820
4 4 0.274392 0.190259 0.150051 0.013096 0.372202
0 4 0.349102 0.257495 0.226203 0.025146 0.142055
0 4 0.474402 0.219117 0.204798 0.030194 0.071490
0 4 0.458724 0.234538 0.194502 0.026361 0.085876
0 4 0.472861 0.225421 0.176913 0.026224 0.098582
0 4 0.441826 0.234530 0.221854 0.030295 0.071495
0 4 0.420060 0.240181 0.220614 0.029510 0.089635
2 4 0.211346 0.204808 0.315977 0.060479 0.207390
2 4 0.159955 0.189585 0.325385 0.056411 0.268663
2 2 0.179952 0.198766 0.322159 0.060137 0.238986
2 2 0.135076 0.195959 0.349246 0.060393 0.259326
2 2 0.164234 0.188076 0.305020 0.055347 0.287324
4 2 0.112699 0.169367 0.318728 0.052301 0.346905
2 2 0.172856 0.182276 0.304907 0.061302 0.278659
4 2 0.119238 0.167443 0.325270 0.057823 0.330227
2 2 0.133282 0.172455 0.318104 0.058109 0.318050
4 2 0.151562 0.182020 0.304385 0.055765 0.306268
2 3 0.145844 0.177510 0.349809 0.071605 0.255232
2 3 0.145261 0.177529 0.320899 0.062080 0.294231
2 3 0.133406 0.189098 0.329363 0.056726 0.291406
2 3 0.148776 0.178107 0.352819 0.068232 0.252066
2 3 0.145058 0.181038 0.337307 0.067850 0.268746
2 3 0.180814 0.180828 0.364435 0.083016 0.190907
2 3 0.150515 0.188989 0.385604 0.079950 0.194943
2 3 0.149104 0.189076 0.388067 0.077789 0.195963
2 3 0.185940 0.194644 0.361336 0.071847 0.186233
2 3 0.142933 0.199163 0.393701 0.078668 0.185535
2 3 0.241760 0.239158 0.289217 0.038841 0.191025
2 3 0.253857 0.228556 0.341379 0.057025 0.119183
0 3 0.340879 0.222149 0.285651 0.055115 0.096207
2 3 0.258864 0.245923 0.323376 0.051955 0.119882
2 3 0.267172 0.254194 0.321344 0.050113 0.107178
0 3 0.369562 0.232367 0.277029 0.044090 0.076952
0 3 0.448290 0.217618 0.219931 0.038447 0.075714
0 3 0.320134 0.244652 0.314383 0.047197 0.073633
0 3 0.412510 0.215794 0.258124 0.044747 0.068826
0 3 0.418621 0.227704 0.243420 0.039699 0.070556
0 3 0.363723 0.231246 0.284792 0.051557 0.068682
0 3 0.361311 0.231361 0.295230 0.050524 0.061573
0 3 0.395206 0.225129 0.261861 0.047585 0.070219
0 3 0.384948 0.211070 0.282440 0.058459 0.063083
0 3 0.313986 0.259343 0.298334 0.047182 0.081157
0 3 0.305901 0.221036 0.277491 0.046884 0.148688
2 3 0.195048 0.232737 0.289244 0.038445 0.244526
2 3 0.225353 0.238458 0.293951 0.042251 0.199987
0 3 0.280733 0.203561 0.264202 0.044591 0.206913
2 3 0.251287 0.211880 0.283023 0.044387 0.209424
2 3 0.163392 0.195444 0.312546 0.052788 0.275829
2 3 0.138732 0.203304 0.349460 0.052162 0.256343
2 3 0.155034 0.189317 0.332628 0.055180 0.267841
2 3 0.228463 0.209491 0.262163 0.039542 0.260341
2 3 0.187110 0.208405 0.338564 0.058724 0.207197
2 3 0.166204 0.208038 0.343084 0.055864 0.226808
2 3 0.151995 0.208231 0.337742 0.053703 0.248329
2 3 0.177652 0.195267 0.309311 0.053502 0.264267
2 3 0.206917 0.206744 0.317314 0.057652 0.211372
2 3 0.186158 0.208762 0.312000 0.053112 0.239967
0 3 0.267077 0.202767 0.255099 0.043827 0.231230
2 3 0.210259 0.230138 0.329171 0.048639 0.181792
2 3 0.229940 0.217920 0.294331 0.045823 0.211986
2 3 0.240856 0.231029 0.282845 0.042844 0.202426
2 3 0.191204 0.209788 0.309640 0.045790 0.243578
2 3 0.209126 0.204110 0.364908 0.081793 0.140063
2 3 0.130985 0.192981 0.429066 0.086478 0.160490
2 3 0.178529 0.200323 0.388758 0.081162 0.151228
2 3 0.182221 0.188195 0.391638 0.085609 0.152337
2 3 0.158337 0.198490 0.401031 0.079844 0.162297
2 3 0.178741 0.206999 0.353764 0.066588 0.193907
2 3 0.147578 0.197705 0.392166 0.075681 0.186870
2 3 0.129739 0.183107 0.404829 0.076413 0.205911
2 3 0.154426 0.193874 0.384959 0.073504 0.193236
2 3 0.163217 0.195920 0.389641 0.074494 0.176727
4 3 0.233139 0.220592 0.180354 0.016178 0.349737
4 3 0.231994 0.210069 0.170366 0.015494 0.372077
4 3 0.232080 0.219249 0.158320 0.013235 0.377116
0 0 0.563809 0.135223 0.110104 0.015100 0.175764
0 1 0.474058 0.209650 0.154747 0.020525 0.141020
0 2 0.553609 0.210808 0.143291 0.015217 0.077075
0 0 0.575250 0.202214 0.127264 0.014593 0.080678
0 0 0.768491 0.094947 0.091533 0.019048 0.025981
0 0 0.675477 0.166203 0.084400 0.008051 0.065870
0 0 0.525297 0.208602 0.128039 0.016566 0.121495
0 0 0.378463 0.250188 0.248002 0.035925 0.087423
0 0 0.311434 0.251819 0.270763 0.033838 0.132145
0 1 0.454658 0.224803 0.210103 0.032586 0.077850
0 1 0.388408 0.252920 0.237486 0.033528 0.087656
0 1 0.540939 0.192362 0.154880 0.027308 0.084512
2 1 0.229743 0.202968 0.286909 0.050022 0.230358
0 1 0.288151 0.210810 0.207285 0.029560 0.264195
2 1 0.154248 0.201703 0.346427 0.055984 0.241638
2 2 0.184187 0.219310 0.328361 0.049891 0.218251
4 2 0.162662 0.195936 0.282317 0.043030 0.316055
4 2 0.167874 0.216998 0.284448 0.037377 0.293303
0 2 0.335505 0.199967 0.221245 0.037733 0.205550
2 2 0.196696 0.219585 0.285944 0.043911 0.253864
2 2 0.248242 0.210695 0.279195 0.045177 0.216690
2 2 0.225680 0.215528 0.278175 0.042633 0.237983
2 1 0.238812 0.191574 0.325969 0.070206 0.173438
2 2 0.176120 0.206128 0.378181 0.071919 0.167652
2 2 0.169997 0.204343 0.364867 0.068335 0.192458
2 2 0.168637 0.206979 0.370085 0.068564 0.185735
2 2 0.173921 0.205241 0.352737 0.065123 0.202979
2 2 0.144749 0.216178 0.394550 0.065580 0.178944
2 2 0.184724 0.212800 0.381143 0.070353 0.150980
2 2 0.265593 0.214189 0.314849 0.066356 0.139013
2 2 0.245728 0.216794 0.317098 0.062766 0.157614
2 2 0.235251 0.202152 0.352535 0.077278 0.132784
2 2 0.237828 0.225680 0.330294 0.054234 0.151963
2 1 0.221214 0.222433 0.317403 0.053105 0.185846
2 2 0.254039 0.235712 0.260238 0.033008 0.217003
2 2 0.213247 0.239020 0.360456 0.056813 0.130464
2 2 0.180392 0.234022 0.408379 0.063351 0.113856
2 2 0.248372 0.259384 0.350495 0.050774 0.090976
2 2 0.248895 0.265695 0.345837 0.053240 0.086333
2 2 0.251942 0.271670 0.338196 0.050076 0.088115
0 2 0.328862 0.227701 0.323520 0.059036 0.060880
2 2 0.238397 0.251311 0.367453 0.057974 0.084865
2 2 0.312713 0.248973 0.333369 0.048620 0.056325
0 2 0.351224 0.223587 0.313711 0.056754 0.054724
2 2 0.267686 0.280761 0.321598 0.045105 0.084849
2 2 0.276664 0.285323 0.312122 0.040785 0.085106
2 2 0.283682 0.259300 0.330383 0.047094 0.079541
0 2 0.310558 0.279948 0.254765 0.029468 0.125262
0 2 0.361243 0.257169 0.266054 0.032004 0.083530
0 2 0.424667 0.239565 0.235364 0.031444 0.068960
0 2 0.509469 0.195682 0.200185 0.032622 0.062041
0 2 0.491925 0.212139 0.193833 0.029284 0.072818
0 2 0.309598 0.250712 0.285367 0.041301 0.113022
0 2 0.391803 0.235397 0.235050 0.039785 0.097964
0 2 0.414089 0.213039 0.240907 0.044870 0.087095
0 2 0.347940 0.233081 0.274624 0.049766 0.094588
0 2 0.361860 0.236659 0.267178 0.045529 0.088774
0 2 0.366882 0.246840 0.273401 0.041066 0.071811
0 2 0.326067 0.258531 0.298086 0.043817 0.073499
0 2 0.405711 0.250534 0.223289 0.030947 0.089520
0 1 0.376415 0.252801 0.252047 0.036386 0.082351
0 1 0.438685 0.210420 0.243661 0.044629 0.062604
0 1 0.419946 0.247279 0.215533 0.029301 0.087942
0 1 0.448026 0.230832 0.210794 0.030290 0.080058
0 1 0.538862 0.199443 0.158158 0.024454 0.079083
0 0 0.556751 0.199674 0.142276 0.019704 0.081595
0 1 0.496639 0.207477 0.189985 0.031386 0.074514
0 1 0.423760 0.228901 0.232950 0.038086 0.076303
0 1 0.433836 0.229068 0.218679 0.035582 0.082835
0 1 0.385820 0.233765 0.261180 0.044800 0.074435
0 1 0.429298 0.226507 0.228677 0.038139 0.077378
0 1 0.453387 0.222467 0.215985 0.034118 0.074043
0 1 0.547986 0.196512 0.160387 0.023957 0.071157
0 1 0.464177 0.231910 0.205854 0.026545 0.071513
0 0 0.436379 0.246283 0.217899 0.025999 0.073439
0 1 0.486210 0.226778 0.198298 0.023874 0.064840
0 1 0.516620 0.212574 0.182796 0.023673 0.064338
0 1 0.524427 0.195684 0.192945 0.030086 0.056857
0 1 0.405297 0.233984 0.257101 0.033246 0.070373
0 1 0.418598 0.251402 0.222140 0.027615 0.080244
0 1 0.417903 0.237800 0.254772 0.031753 0.057772
0 1 0.332669 0.262001 0.290890 0.031728 0.082712
0 2 0.365921 0.246542 0.271954 0.034019 0.081565
0 2 0.428646 0.240755 0.223403 0.029681 0.077514
0 2 0.339007 0.267340 0.270425 0.030505 0.092723
0 1 0.465760 0.214041 0.187646 0.026047 0.106507
0 1 0.481021 0.211504 0.162732 0.023392 0.121351
0 1 0.433631 0.237711 0.190491 0.026181 0.111986
0 1 0.464956 0.211835 0.191916 0.027448 0.103845
0 1 0.517960 0.204188 0.166686 0.027186 0.083980
0 1 0.343371 0.250351 0.295665 0.037166 0.073447
0 1 0.345223 0.232055 0.291355 0.039044 0.092323
0 2 0.435333 0.244873 0.230548 0.026170 0.063077
0 2 0.367294 0.260783 0.280202 0.031092 0.060630
0 2 0.368511 0.273258 0.252223 0.027942 0.078066
0 2 0.450072 0.238836 0.215220 0.026313 0.069559
0 2 0.453286 0.229936 0.224304 0.029400 0.063074
0 2 0.468501 0.213929 0.212878 0.034969 0.069723
0 2 0.444182 0.232482 0.222048 0.030745 0.070542
0 1 0.494110 0.209259 0.191122 0.031044 0.074466
0 2 0.439120 0.231579 0.223102 0.032581 0.073619
0 2 0.437046 0.229995 0.240125 0.032674 0.060160
0 2 0.400590 0.257959 0.222630 0.028526 0.090295
0 0 0.614366 0.169802 0.134397 0.020758 0.060677
0 0 0.509939 0.214051 0.178578 0.024589 0.072843
0 1 0.462335 0.233795 0.188391 0.025925 0.089554
0 1 0.491309 0.219293 0.187833 0.026440 0.075126
0 1 0.505341 0.213162 0.175043 0.024350 0.082104
0 1 0.481688 0.219670 0.163870 0.020809 0.113963
0 1 0.569797 0.166698 0.126748 0.022129 0.114628
0 1 0.465634 0.225221 0.159536 0.018651 0.130959
0 2 0.414750 0.214437 0.192489 0.022537 0.155788
2 2 0.216410 0.223863 0.325155 0.048521 0.186051
2 2 0.248547 0.216338 0.294672 0.044806 0.195637
2 2 0.198279 0.228659 0.311373 0.041432 0.220257
2 2 0.226149 0.226729 0.273042 0.038485 0.235596
2 2 0.236102 0.227563 0.305632 0.044903 0.185801
2 2 0.201871 0.191057 0.352689 0.078776 0.175607
2 2 0.153389 0.187216 0.393392 0.085670 0.180333
2 2 0.100243 0.172517 0.382029 0.070514 0.274697
2 4 0.112901 0.174007 0.358021 0.068199 0.286873
4 4 0.112918 0.170439 0.321866 0.054100 0.340676
4 4 0.120357 0.168342 0.275359 0.035053 0.400889
4 4 0.140185 0.178307 0.294195 0.046951 0.340363
4 4 0.118416 0.176435 0.311203 0.050206 0.343739
4 4 0.127388 0.188372 0.313654 0.046925 0.323660
2 4 0.164148 0.206184 0.311285 0.051382 0.267000
4 4 0.108522 0.164437 0.292643 0.039414 0.394983
4 4 0.127863 0.184985 0.280585 0.038612 0.367955
4 4 0.201948 0.179808 0.232207 0.030701 0.355336
4 4 0.110245 0.169021 0.297238 0.041667 0.381828
4 4 0.077375 0.149446 0.300055 0.036131 0.436994
2 4 0.124146 0.171062 0.376625 0.075705 0.252462
2 4 0.168418 0.178690 0.347972 0.067032 0.237887
2 4 0.107649 0.182252 0.389081 0.075852 0.245166
2 4 0.091293 0.159553 0.366850 0.068957 0.313347
2 4 0.138394 0.183202 0.390273 0.081964 0.206168
2 4 0.160529 0.177769 0.393331 0.102111 0.166260
2 4 0.099255 0.150496 0.402871 0.086728 0.260650
2 4 0.100810 0.160606 0.421895 0.088440 0.228248
2 4 0.127038 0.176749 0.421790 0.099835 0.174588
2 4 0.136092 0.174797 0.403148 0.100960 0.185004
2 4 0.220180 0.210553 0.345104 0.062734 0.161429
2 2 0.213475 0.217826 0.384186 0.067054 0.117459
2 2 0.196635 0.228406 0.377906 0.061877 0.135176
2 2 0.209092 0.250186 0.364423 0.062990 0.113308
2 2 0.195718 0.237885 0.376533 0.060783 0.129080
0 2 0.409786 0.249873 0.192220 0.022074 0.126047
0 2 0.411343 0.243060 0.177158 0.019970 0.148470
0 2 0.401370 0.255134 0.186353 0.019926 0.137218
0 0 0.481983 0.223723 0.116592 0.011875 0.165827
0 0 0.337527 0.296547 0.173756 0.010634 0.181536
0 1 0.568441 0.161366 0.094530 0.012854 0.162808
0 1 0.414529 0.219303 0.148724 0.016035 0.201409
0 1 0.404944 0.230179 0.153972 0.017009 0.193896
0 1 0.460623 0.199664 0.118734 0.014070 0.206909
0 1 0.415594 0.228551 0.174436 0.019462 0.161957
0 0 0.487545 0.205167 0.171873 0.025618 0.109798
0 1 0.484751 0.219108 0.142992 0.019952 0.133197
0 1 0.337644 0.246244 0.210336 0.022592 0.183184
0 1 0.372750 0.230779 0.203349 0.023631 0.169491
0 1 0.399637 0.245559 0.184359 0.020923 0.149521
2 1 0.287532 0.267327 0.316149 0.038586 0.090406
0 1 0.322870 0.265287 0.290332 0.037558 0.083953
2 2 0.309064 0.252977 0.318114 0.043139 0.076706
2 1 0.302952 0.265224 0.307149 0.044185 0.080490
0 1 0.337681 0.264856 0.286162 0.037729 0.073572
2 1 0.296998 0.251705 0.343810 0.050504 0.056984
2 2 0.288101 0.274355 0.313586 0.043865 0.080093
0 2 0.342872 0.250393 0.287696 0.044943 0.074096
0 2 0.347479 0.245074 0.293693 0.046111 0.067643
2 2 0.322730 0.235304 0.334009 0.054587 0.053371
1 2 0.291004 0.294484 0.291110 0.033851 0.089550
0 2 0.350777 0.271009 0.269328 0.032288 0.076598
0 2 0.360221 0.261713 0.277544 0.033771 0.066750
0 2 0.369700 0.248278 0.290475 0.036496 0.055051
0 2 0.363308 0.257387 0.283583 0.034418 0.061304
0 2 0.407291 0.276138 0.203250 0.019858 0.093463
0 2 0.393236 0.269512 0.221789 0.025021 0.090442
0 1 0.558424 0.195724 0.145191 0.021284 0.079376
0 2 0.373411 0.243755 0.227600 0.029721 0.125513
0 2 0.367734 0.256412 0.250774 0.027480 0.097601
0 2 0.480231 0.224392 0.197427 0.023079 0.074871
0 2 0.510818 0.225312 0.166629 0.019353 0.077889
0 2 0.419253 0.260377 0.210225 0.021880 0.088266
0 2 0.491678 0.233009 0.184961 0.020292 0.070061
0 2 0.480452 0.233818 0.196774 0.022129 0.066827
0 2 0.564603 0.208224 0.118230 0.010968 0.097975
0 2 0.688717 0.125600 0.092508 0.012094 0.081081
0 1 0.669522 0.143662 0.059445 0.007701 0.119671
0 1 0.616611 0.146665 0.079149 0.009742 0.147833
0 2 0.637398 0.144917 0.071805 0.007717 0.138164
2 2 0.282168 0.249833 0.282863 0.034787 0.150349
0 2 0.383973 0.226540 0.247119 0.040309 0.102059
0 2 0.370699 0.230242 0.287653 0.045762 0.065644
2 2 0.263846 0.285491 0.301902 0.036602 0.112159
0 2 0.323782 0.256303 0.293489 0.042198 0.084228
0 2 0.355816 0.262031 0.273153 0.033020 0.075980
0 2 0.322750 0.264646 0.298731 0.038393 0.075481
0 2 0.331771 0.268950 0.285597 0.035511 0.078171
0 2 0.383697 0.252211 0.269082 0.033003 0.062007
0 2 0.352428 0.270638 0.272878 0.031732 0.072326
2 2 0.283192 0.297964 0.303082 0.033171 0.082591
2 2 0.296656 0.281495 0.312075 0.036711 0.073063
0 2 0.344024 0.268735 0.286098 0.033287 0.067857
0 2 0.401438 0.245852 0.258176 0.032509 0.062025
0 2 0.377732 0.259807 0.270826 0.030422 0.061212
0 2 0.372418 0.260154 0.268511 0.032096 0.066822
0 2 0.374124 0.271196 0.243880 0.027962 0.082839
0 2 0.352164 0.268363 0.284395 0.031658 0.063420
0 2 0.379066 0.268816 0.257183 0.027071 0.067864
0 2 0.407152 0.252070 0.244703 0.028949 0.067126
0 2 0.308271 0.277541 0.297782 0.037786 0.078619
0 2 0.322913 0.277511 0.296466 0.033763 0.069347
0 2 0.326539 0.279118 0.285776 0.033096 0.075472
0 2 0.344182 0.274393 0.278879 0.031448 0.071097
0 2 0.380425 0.256522 0.267124 0.031865 0.064063
0 2 0.385429 0.259513 0.258600 0.029803 0.066654
0 2 0.372983 0.259998 0.271001 0.031715 0.064304
0 2 0.344312 0.273078 0.286299 0.031222 0.065089
0 2 0.348305 0.276051 0.276915 0.029709 0.069020
0 3 0.358994 0.267706 0.279216 0.030685 0.063399
0 2 0.369251 0.261374 0.271900 0.031966 0.065509
0 2 0.364739 0.264392 0.278136 0.030878 0.061855
0 2 0.353052 0.279086 0.260251 0.028429 0.079181
0 2 0.372026 0.258885 0.279058 0.031481 0.058551
0 3 0.420962 0.236985 0.252215 0.032180 0.057658
0 2 0.358995 0.270662 0.262940 0.030824 0.076580
0 3 0.398732 0.262525 0.235469 0.026635 0.076638
0 2 0.315492 0.292070 0.279638 0.030007 0.082793
0 3 0.507777 0.220064 0.168509 0.022072 0.081578
0 3 0.404625 0.254369 0.232157 0.029197 0.079652
0 2 0.528365 0.213906 0.154704 0.019999 0.083026
0 2 0.380293 0.255920 0.221158 0.023675 0.118954
0 2 0.402757 0.257747 0.213388 0.022859 0.103249
0 2 0.402780 0.253473 0.224093 0.024651 0.095003
0 0 0.444819 0.229826 0.185241 0.022705 0.117409
0 1 0.354799 0.266048 0.251027 0.028097 0.100030
2 2 0.298898 0.266560 0.317642 0.032721 0.084179
0 1 0.376046 0.254608 0.255727 0.035260 0.078360
0 1 0.328200 0.273526 0.266348 0.028720 0.103207
0 1 0.336953 0.280039 0.270468 0.030710 0.081829
2 1 0.300496 0.273007 0.313185 0.040889 0.072424
0 1 0.351196 0.249705 0.292670 0.041811 0.064617
0 1 0.320783 0.261227 0.303843 0.043019 0.071129
2 1 0.291327 0.278483 0.307163 0.041119 0.081909
0 1 0.418022 0.234166 0.230378 0.036651 0.080783
0 1 0.337904 0.247199 0.297675 0.047454 0.069767
2 1 0.225147 0.280490 0.363867 0.052766 0.077730
0 1 0.332547 0.246029 0.311461 0.047795 0.062168
0 1 0.353605 0.236558 0.295581 0.049614 0.064641
0 0 0.329192 0.214639 0.278060 0.080197 0.097912
0 1 0.480898 0.234492 0.197005 0.021731 0.065873
0 1 0.474227 0.232026 0.208264 0.023867 0.061615
0 1 0.403271 0.261068 0.245418 0.025550 0.064692
0 0 0.400061 0.271603 0.229446 0.022744 0.076147
0 0 0.575120 0.193461 0.157114 0.019053 0.055252
0 0 0.426507 0.248122 0.234917 0.026560 0.063893
0 0 0.380630 0.268559 0.257977 0.026716 0.066118
0 0 0.373025 0.250100 0.294650 0.033266 0.048959
0 0 0.474541 0.228129 0.229273 0.023284 0.044774
0 0 0.460278 0.238135 0.218943 0.023792 0.058852
0 0 0.694850 0.140619 0.123766 0.013748 0.027017
0 0 0.702738 0.139545 0.109546 0.013352 0.034818
0 0 0.785780 0.089774 0.093055 0.015020 0.016371
0 0 0.840015 0.061727 0.080426 0.011707 0.006125
0 0 0.888985 0.052676 0.044776 0.005686 0.007877
0 0 0.734594 0.099301 0.118280 0.026040 0.021784
0 0 0.645602 0.165870 0.119197 0.015157 0.054174
0 0 0.495050 0.224742 0.190910 0.022958 0.066339
0 0 0.466020 0.236725 0.207832 0.023756 0.065666
0 0 0.535464 0.210672 0.172237 0.020337 0.061290
0 1 0.421508 0.241698 0.241043 0.030697 0.065054
0 1 0.401082 0.243847 0.259460 0.033606 0.062005
0 1 0.385811 0.254199 0.258084 0.032553 0.069353
0 1 0.411645 0.249624 0.244321 0.028999 0.065411
0 1 0.446527 0.226980 0.235471 0.031971 0.059051
0 2 0.488642 0.231401 0.204339 0.020791 0.054828
0 2 0.621358 0.179328 0.127002 0.014921 0.057391
0 2 0.522665 0.212759 0.192780 0.021402 0.050395
0 2 0.474861 0.246060 0.190386 0.018585 0.070107
0 2 0.612669 0.184353 0.135101 0.014846 0.053031
0 2 0.584865 0.194995 0.147019 0.016402 0.056719
0 2 0.600506 0.188412 0.140530 0.015763 0.054789
0 2 0.569513 0.194876 0.159367 0.019694 0.056550
0 2 0.640620 0.173161 0.115829 0.013231 0.057160
0 2 0.587506 0.189613 0.157894 0.017701 0.047287
0 1 0.496825 0.227242 0.181542 0.021590 0.072801
0 2 0.549258 0.195033 0.186067 0.023315 0.046327
0 2 0.536402 0.201081 0.187092 0.023878 0.051548
0 1 0.449575 0.243388 0.219346 0.024064 0.063626
0 1 0.512620 0.217728 0.186411 0.022115 0.061125
0 1 0.671105 0.153482 0.087020 0.012258 0.076136
0 1 0.781664 0.092421 0.078612 0.013877 0.033426
0 1 0.498898 0.212840 0.150073 0.017826 0.120363
0 1 0.496855 0.219370 0.159786 0.020120 0.103869
0 2 0.496346 0.201356 0.150397 0.020183 0.131717
0 2 0.274197 0.248552 0.220460 0.020840 0.235952
0 2 0.382871 0.220719 0.220654 0.030558 0.145197
0 2 0.282706 0.251982 0.263987 0.028891 0.172432
0 2 0.329760 0.237650 0.278364 0.035708 0.118518
0 2 0.304740 0.256605 0.260520 0.029962 0.148173
0 2 0.505527 0.219042 0.182701 0.021602 0.071128
0 2 0.450009 0.235556 0.222229 0.024703 0.067503
0 2 0.403050 0.254065 0.237302 0.025371 0.080211
0 2 0.453435 0.243349 0.209719 0.023668 0.069829
0 2 0.465918 0.236863 0.197243 0.023426 0.076551
0 2 0.531078 0.219524 0.161198 0.017686 0.070513
0 2 0.478938 0.227706 0.203921 0.022287 0.067148
0 2 0.524904 0.214649 0.181924 0.020726 0.057796
0 2 0.444188 0.250832 0.212656 0.022427 0.069896
0 2 0.446654 0.256650 0.196826 0.019925 0.079946
0 2 0.453103 0.245323 0.211860 0.022795 0.066919
0 2 0.482355 0.235468 0.193768 0.021100 0.067309
0 2 0.526612 0.213170 0.184464 0.020828 0.054927
0 2 0.480207 0.238198 0.197203 0.020336 0.064056
0 2 0.516685 0.218895 0.181585 0.020812 0.062023
0 2 0.445809 0.251237 0.214685 0.021812 0.066456
0 2 0.517684 0.220098 0.189272 0.019651 0.053294
0 2 0.526825 0.220695 0.175209 0.018022 0.059249
0 2 0.503554 0.230737 0.184302 0.018746 0.062661
0 2 0.434543 0.265594 0.204601 0.018921 0.076340
0 2 0.485523 0.239692 0.194793 0.018699 0.061293
0 2 0.503321 0.225008 0.190488 0.020916 0.060267
0 2 0.500006 0.228012 0.191862 0.020336 0.059784
0 2 0.498919 0.231166 0.187921 0.019447 0.062546
0 2 0.444647 0.253747 0.208009 0.021298 0.072299
0 2 0.477293 0.229531 0.211321 0.024021 0.057834
0 2 0.484121 0.234561 0.202677 0.020659 0.057982
0 3 0.452394 0.250167 0.206487 0.021154 0.069798
0 3 0.435668 0.253590 0.220316 0.022823 0.067603
0 3 0.478786 0.237043 0.198968 0.021054 0.064148
0 3 0.505970 0.219804 0.196883 0.022205 0.055138
0 3 0.402439 0.260905 0.240800 0.026198 0.069657
0 3 0.508128 0.219019 0.193972 0.022225 0.056656
0 3 0.378352 0.273687 0.246822 0.025785 0.075354
0 3 0.404270 0.271949 0.222771 0.021956 0.079054
0 3 0.562508 0.206873 0.157178 0.016322 0.057119
0 3 0.489270 0.239334 0.186978 0.018321 0.066097
0 2 0.438771 0.254142 0.223782 0.021651 0.061653
0 2 0.460419 0.252582 0.199263 0.018819 0.068918
0 2 0.533856 0.217015 0.177109 0.017859 0.054162
0 2 0.600871 0.192140 0.138870 0.014299 0.053820
0 2 0.614732 0.182961 0.137088 0.014940 0.050280
0 2 0.607118 0.185370 0.144695 0.015453 0.047363
0 2 0.635892 0.172144 0.130396 0.014754 0.046813
0 2 0.628963 0.180221 0.127444 0.013150 0.050222
0 2 0.699957 0.131062 0.100954 0.018178 0.049849
0 1 0.518040 0.216676 0.168108 0.021470 0.075706
0 1 0.364056 0.296455 0.220895 0.020241 0.098353
0 2 0.574384 0.196211 0.131099 0.017083 0.081224
0 2 0.481812 0.223752 0.189748 0.026482 0.078206
0 2 0.367539 0.266177 0.250786 0.031610 0.083888
0 2 0.436392 0.235317 0.231660 0.030718 0.065913
0 1 0.462630 0.224547 0.227159 0.029266 0.056398
0 1 0.408150 0.241466 0.264753 0.031857 0.053774
0 1 0.354294 0.287429 0.213780 0.024322 0.120175
0 1 0.387904 0.232309 0.281975 0.041893 0.055920
0 1 0.325171 0.270158 0.286014 0.038323 0.080334
2 2 0.292904 0.270372 0.309765 0.045342 0.081616
0 2 0.324481 0.262874 0.302589 0.040933 0.069123
2 2 0.277071 0.284908 0.310052 0.041102 0.086867
1 2 0.279220 0.299749 0.298716 0.033573 0.088743
2 2 0.292948 0.288247 0.302258 0.035704 0.080843
2 2 0.264906 0.295247 0.330870 0.035141 0.073836
2 2 0.299428 0.276188 0.317948 0.038599 0.067837
2 2 0.304033 0.269804 0.328078 0.039062 0.059023
2 2 0.294828 0.290237 0.305203 0.033868 0.075865
0 2 0.324170 0.286562 0.287113 0.029875 0.072280
0 2 0.356340 0.268499 0.284268 0.030352 0.060540
0 2 0.321266 0.272896 0.312134 0.034413 0.059292
2 2 0.296076 0.297038 0.302622 0.030444 0.073821
0 2 0.418300 0.264064 0.220594 0.022274 0.074769
0 2 0.431352 0.258998 0.220854 0.021524 0.067273
0 2 0.403530 0.258491 0.252493 0.025971 0.059515
0 2 0.460508 0.239981 0.221833 0.022599 0.055078
0 2 0.431322 0.254094 0.226622 0.023236 0.064727
0 2 0.430958 0.263760 0.206141 0.020197 0.078945
0 2 0.473828 0.242862 0.200131 0.019732 0.063447
0 2 0.531839 0.217746 0.179917 0.017866 0.052631
0 2 0.483911 0.239297 0.192028 0.019290 0.065474
0 2 0.476961 0.242154 0.191588 0.019611 0.069686
0 2 0.551651 0.215545 0.158714 0.015282 0.058807
0 2 0.566850 0.206223 0.155989 0.015703 0.055235
0 2 0.590752 0.195979 0.142630 0.014865 0.055774
0 2 0.582619 0.196505 0.149189 0.016262 0.055425
0 2 0.591238 0.196577 0.130077 0.014230 0.067878
0 2 0.663602 0.160224 0.116720 0.013635 0.045819
0 2 0.638846 0.170564 0.129403 0.014758 0.046430
0 2 0.616724 0.182886 0.131783 0.014576 0.054030
0 2 0.543621 0.221570 0.147703 0.014499 0.072607
0 2 0.591705 0.196788 0.133899 0.014256 0.063352
0 2 0.531146 0.219412 0.171826 0.017704 0.059911
0 2 0.497002 0.233914 0.178661 0.018912 0.071511
0 2 0.479264 0.232929 0.210563 0.021972 0.055272
0 2 0.596804 0.192909 0.135350 0.014746 0.060191
0 2 0.496058 0.231580 0.197609 0.019416 0.055337
0 2 0.382528 0.258148 0.266099 0.030494 0.062731
0 2 0.370605 0.256457 0.282711 0.032709 0.057517
0 2 0.369379 0.262266 0.276089 0.030900 0.061364
0 2 0.429251 0.232556 0.261957 0.030192 0.046043
0 2 0.344402 0.263731 0.302570 0.033721 0.055577
0 2 0.484840 0.226521 0.215249 0.022977 0.050413
0 2 0.440069 0.245522 0.236145 0.023983 0.054281
0 2 0.496368 0.223615 0.209064 0.021823 0.049130
0 2 0.438559 0.245809 0.237152 0.024146 0.054333
0 2 0.433066 0.250478 0.226972 0.024395 0.065089
0 2 0.472245 0.242172 0.208068 0.019906 0.057609
0 2 0.456148 0.243803 0.223383 0.021856 0.054810
0 2 0.479875 0.239903 0.197386 0.019716 0.063120
0 2 0.506005 0.228644 0.189808 0.018805 0.056739
0 2 0.554950 0.208702 0.166752 0.016936 0.052659
0 2 0.576301 0.203677 0.148652 0.014862 0.056509
0 2 0.530700 0.223379 0.169822 0.016359 0.059741
0 2 0.540678 0.216149 0.162822 0.017141 0.063210
0 2 0.584122 0.198049 0.151292 0.015306 0.051231
0 2 0.620257 0.178701 0.139443 0.015363 0.046235
0 2 0.639689 0.173593 0.125308 0.013446 0.047964
0 2 0.649273 0.167774 0.115224 0.013576 0.054152
0 2 0.679489 0.154730 0.103197 0.012271 0.050314
0 2 0.652537 0.168884 0.106763 0.012187 0.059629
0 2 0.664320 0.162468 0.110012 0.012536 0.050664
0 2 0.640039 0.175078 0.120273 0.012811 0.051800
0 2 0.638067 0.178229 0.111598 0.011772 0.060333
0 2 0.625883 0.181014 0.126843 0.013450 0.052810
0 2 0.657888 0.167811 0.106625 0.011681 0.055996
0 2 0.656822 0.161985 0.119481 0.014386 0.047325
0 2 0.620998 0.180941 0.130185 0.014448 0.053427
0 2 0.634146 0.178222 0.114072 0.012519 0.061042
0 2 0.639950 0.175761 0.113151 0.012341 0.058798
0 2 0.630527 0.178974 0.115617 0.012936 0.061945
0 2 0.633855 0.176158 0.119911 0.013540 0.056537
0 2 0.648188 0.171303 0.111291 0.012363 0.056855
0 2 0.666164 0.162266 0.095732 0.011328 0.064509
0 3 0.655414 0.170538 0.109428 0.011346 0.053275
0 2 0.600663 0.192445 0.131186 0.014105 0.061600
0 1 0.740958 0.129116 0.070248 0.008325 0.051353
0 2 0.470074 0.216571 0.227201 0.031491 0.054663
0 0 0.595202 0.154910 0.128811 0.033496 0.087581
0 1 0.437829 0.226958 0.231309 0.035132 0.068772
0 1 0.387002 0.244846 0.276273 0.035119 0.056759
2 2 0.299261 0.279834 0.307377 0.038011 0.075517
0 2 0.308700 0.286020 0.256918 0.029316 0.119045
0 2 0.398296 0.231794 0.251676 0.035730 0.082503
0 4 0.366868 0.227472 0.246863 0.037660 0.121138
0 4 0.373691 0.263910 0.180267 0.019574 0.162558
0 4 0.323305 0.254028 0.218069 0.023438 0.181160
0 4 0.282406 0.236980 0.200442 0.020605 0.259566
0 4 0.293946 0.219293 0.215370 0.026267 0.245124
4 4 0.229624 0.233106 0.224422 0.024646 0.288202
4 4 0.196868 0.234510 0.221091 0.021669 0.325863
4 4 0.258875 0.237204 0.206121 0.020676 0.277124
0 4 0.403209 0.242280 0.189837 0.021601 0.143074
0 4 0.284747 0.243877 0.217918 0.025156 0.228302
2 4 0.203086 0.255971 0.261353 0.027330 0.252261
2 4 0.253650 0.259261 0.261541 0.030498 0.195049
0 4 0.276890 0.242636 0.228821 0.025548 0.226105
2 4 0.144596 0.214087 0.371823 0.055788 0.213706
2 4 0.177697 0.194117 0.337956 0.063225 0.227004
2 4 0.158905 0.221547 0.367107 0.055883 0.196558
2 4 0.188389 0.206757 0.340149 0.058871 0.205834
2 4 0.155481 0.227320 0.372907 0.059408 0.184883
0 4 0.285217 0.242584 0.253378 0.029361 0.189461
0 4 0.327065 0.234667 0.208028 0.025714 0.204527
0 4 0.356983 0.233678 0.208698 0.024834 0.175808
0 4 0.410692 0.226438 0.157288 0.020282 0.185300
0 4 0.275405 0.235700 0.222417 0.024901 0.241577
0 4 0.342259 0.223505 0.257557 0.043102 0.133577
2 4 0.244967 0.241694 0.282672 0.041280 0.189388
0 4 0.311064 0.225113 0.262379 0.043646 0.157798
0 4 0.291991 0.238472 0.285424 0.043139 0.140973
0 4 0.305853 0.222705 0.282905 0.044973 0.143564
0 4 0.285063 0.230077 0.267003 0.041269 0.176587
2 4 0.199844 0.224422 0.300419 0.041239 0.234076
0 4 0.288656 0.216475 0.253387 0.039042 0.202440
0 4 0.257758 0.223321 0.245644 0.037196 0.236081
2 4 0.213969 0.243245 0.297958 0.040449 0.204379
0 4 0.303453 0.244136 0.219156 0.022922 0.210332
0 4 0.550712 0.156623 0.156698 0.032384 0.103584
0 4 0.275227 0.228177 0.254334 0.031643 0.210620
0 4 0.285921 0.247553 0.228817 0.025597 0.212111
4 4 0.246303 0.235939 0.233537 0.025686 0.258535
2 4 0.234537 0.251488 0.276402 0.030618 0.206955
0 4 0.320714 0.234531 0.208557 0.027127 0.209071
0 4 0.366518 0.203046 0.190748 0.023558 0.216130
2 4 0.257454 0.247637 0.284868 0.032895 0.177145
0 4 0.262417 0.247545 0.215332 0.022691 0.252015
0 4 0.342510 0.227748 0.200802 0.021419 0.207521
0 4 0.320560 0.231795 0.173319 0.018768 0.255558
4 4 0.228849 0.230295 0.204744 0.019691 0.316421
4 4 0.231415 0.224524 0.181960 0.017071 0.345031
0 4 0.276469 0.242390 0.200384 0.020039 0.260718
2 4 0.159577 0.204906 0.421232 0.085021 0.129265
2 4 0.183440 0.202345 0.384476 0.084130 0.145610
2 4 0.154153 0.194511 0.421364 0.091479 0.138493
2 4 0.160461 0.180991 0.396484 0.095405 0.166658
2 4 0.201515 0.207110 0.358948 0.070343 0.162084
2 4 0.233084 0.209055 0.276151 0.041077 0.240633
0 4 0.281467 0.198117 0.237779 0.038895 0.243742
0 4 0.270943 0.212071 0.227421 0.030158 0.259406
2 4 0.191648 0.234097 0.297333 0.037934 0.238989
2 4 0.167012 0.245682 0.310827 0.037209 0.239270
0 4 0.331889 0.221451 0.230081 0.034013 0.182566
2 4 0.222719 0.236460 0.308337 0.041493 0.190990
2 4 0.190287 0.249728 0.318731 0.038620 0.202634
0 4 0.294645 0.242810 0.290190 0.043912 0.128443
0 4 0.298135 0.235187 0.280346 0.039773 0.146559
0 4 0.287548 0.235269 0.237153 0.028170 0.211859
0 4 0.316729 0.231279 0.278888 0.040260 0.132845
0 4 0.379483 0.214619 0.237889 0.036511 0.131498
0 4 0.344391 0.233860 0.234869 0.031140 0.155739
0 4 0.299406 0.235756 0.244675 0.030342 0.189821
0 4 0.303308 0.250654 0.196122 0.018091 0.231825
0 4 0.298253 0.239554 0.170581 0.016212 0.275400
0 4 0.411901 0.207051 0.136591 0.013826 0.230631
0 4 0.415432 0.181332 0.113840 0.010956 0.278440
0 4 0.436759 0.188232 0.117900 0.012214 0.244895
0 4 0.366298 0.236965 0.227680 0.030655 0.138401
0 4 0.296177 0.258634 0.265074 0.032356 0.147759
0 4 0.358693 0.230602 0.243023 0.030446 0.137236
0 4 0.325767 0.253848 0.253837 0.031707 0.134841
0 4 0.319565 0.272415 0.220948 0.036311 0.150761
2 4 0.211944 0.219096 0.268750 0.035535 0.264674
4 4 0.180481 0.219650 0.253842 0.030499 0.315529
2 4 0.236611 0.247614 0.266347 0.033509 0.215919
4 4 0.154280 0.226119 0.280985 0.033577 0.305039
4 4 0.226728 0.221142 0.222373 0.024592 0.305164
0 4 0.546430 0.182610 0.109444 0.014156 0.147360
0 4 0.389447 0.255500 0.213259 0.021950 0.119844
0 4 0.429109 0.240530 0.182851 0.021775 0.125736
0 4 0.338038 0.214852 0.186916 0.019150 0.241044
0 4 0.316128 0.235297 0.187487 0.019732 0.241355
2 4 0.127774 0.168359 0.440387 0.105749 0.157730
2 4 0.131979 0.184248 0.436337 0.099486 0.147950
2 4 0.138681 0.195013 0.437055 0.093738 0.135513
2 4 0.126712 0.189048 0.442746 0.091433 0.150061
2 4 0.152227 0.185879 0.434408 0.099920 0.127566
1 4 0.253386 0.260279 0.232323 0.020933 0.233078
0 4 0.519514 0.181593 0.144791 0.018930 0.135173
0 4 0.321211 0.232419 0.195423 0.019797 0.231150
0 4 0.332270 0.233935 0.184047 0.018004 0.231743
0 4 0.398579 0.223715 0.179948 0.018479 0.179280
0 4 0.495807 0.221366 0.185436 0.024406 0.072984
0 4 0.487392 0.216090 0.197001 0.026985 0.072532
0 4 0.467235 0.230180 0.205273 0.026656 0.070656
0 4 0.492219 0.218848 0.198645 0.026194 0.064094
0 4 0.463613 0.233388 0.195565 0.026056 0.081378
0 4 0.358887 0.252110 0.283311 0.039082 0.066611
0 4 0.371724 0.254968 0.261084 0.035879 0.076345
0 4 0.409914 0.212109 0.262212 0.051871 0.063894
0 1 0.386684 0.240725 0.264713 0.039512 0.068365
0 1 0.326353 0.278614 0.268006 0.034527 0.092500
2 1 0.287471 0.280370 0.297431 0.040647 0.094080
2 1 0.224655 0.271614 0.367548 0.050227 0.085956
0 1 0.395436 0.217523 0.267325 0.052566 0.067150
0 1 0.391276 0.219932 0.273740 0.051278 0.063774
0 1 0.363991 0.232500 0.285311 0.050419 0.067779
2 1 0.276087 0.252137 0.334676 0.053931 0.083169
0 0 0.382583 0.222201 0.275172 0.052738 0.067306
0 1 0.329534 0.233134 0.301184 0.054946 0.081202
0 1 0.310619 0.239460 0.303537 0.050782 0.095603
0 0 0.313063 0.246687 0.311872 0.048986 0.079393
0 1 0.309450 0.249381 0.266259 0.039416 0.135495
2 1 0.289163 0.238001 0.314359 0.055313 0.103164
2 1 0.303508 0.225366 0.305391 0.056044 0.109691
2 1 0.252771 0.240179 0.318448 0.053944 0.134658
2 1 0.197552 0.253808 0.346946 0.050247 0.151447
2 1 0.167097 0.237993 0.347394 0.047381 0.200134
2 0 0.216530 0.232946 0.349624 0.054424 0.146475
2 0 0.202170 0.243772 0.331398 0.047524 0.175135
0 1 0.304406 0.245159 0.245791 0.038291 0.166353
2 1 0.182342 0.237485 0.343254 0.049375 0.187544
2 1 0.240925 0.225494 0.346315 0.060653 0.126612
2 1 0.225342 0.231735 0.365870 0.064810 0.112243
2 1 0.228309 0.229048 0.354301 0.063338 0.125004
2 1 0.180299 0.240669 0.384941 0.061094 0.132997
2 1 0.260974 0.215245 0.364237 0.067494 0.092050
2 0 0.278401 0.256012 0.339851 0.049678 0.076057
2 0 0.283360 0.272851 0.319238 0.043891 0.080660
2 0 0.307054 0.261998 0.317490 0.045039 0.068419
2 1 0.234722 0.274665 0.366602 0.048848 0.075162
2 1 0.263761 0.273621 0.345387 0.047238 0.069993
2 0 0.269611 0.283352 0.325408 0.042497 0.079133
2 0 0.256666 0.276297 0.339581 0.046733 0.080723
2 0 0.282662 0.287103 0.309283 0.038410 0.082542
2 1 0.261602 0.263292 0.356591 0.053204 0.065311
2 1 0.302428 0.247005 0.336498 0.053644 0.060425
0 1 0.397442 0.250227 0.257832 0.031337 0.063161
0 1 0.420776 0.237936 0.244124 0.032700 0.064464
0 1 0.346365 0.265190 0.288194 0.034638 0.065614
0 1 0.391416 0.246347 0.270010 0.033759 0.058468
0 1 0.359811 0.260153 0.279100 0.034574 0.066362
0 1 0.478796 0.230683 0.209862 0.023195 0.057463
0 1 0.433351 0.243478 0.244170 0.025892 0.053109
0 1 0.473878 0.229138 0.219711 0.024320 0.052953
0 1 0.469419 0.224916 0.215373 0.028212 0.062080
0 1 0.431360 0.250124 0.229967 0.024760 0.063790
0 2 0.449902 0.245375 0.207446 0.023644 0.073633
0 2 0.632950 0.166420 0.123863 0.017736 0.059031
0 1 0.590341 0.186662 0.136366 0.018383 0.068247
0 1 0.575288 0.197354 0.123563 0.015755 0.088040
0 1 0.558754 0.197722 0.168291 0.020718 0.054515
0 1 0.497051 0.217208 0.200744 0.025599 0.059398
0 1 0.429023 0.247797 0.225249 0.026738 0.071193
0 1 0.519846 0.210520 0.191426 0.023389 0.054820
0 0 0.485168 0.234740 0.178646 0.020802 0.080644
0 0 0.520732 0.202412 0.193025 0.027298 0.056533
0 1 0.419304 0.250364 0.232929 0.027492 0.069912
0 1 0.434501 0.231695 0.254724 0.030257 0.048823
0 1 0.426676 0.242209 0.240284 0.029000 0.061831
0 1 0.435567 0.237797 0.244781 0.028108 0.053746
0 1 0.477864 0.220673 0.221073 0.027397 0.052993
0 1 0.543949 0.205239 0.180579 0.020263 0.049969
0 1 0.544753 0.206893 0.179071 0.019412 0.049871
0 1 0.503028 0.226655 0.181686 0.020540 0.068092
0 1 0.510396 0.225680 0.172184 0.019430 0.072310
0 1 0.501121 0.220855 0.196992 0.022970 0.058062
0 1 0.556326 0.199712 0.176866 0.019834 0.047262
0 2 0.480715 0.228755 0.202178 0.024123 0.064229
0 2 0.566109 0.194917 0.165853 0.020277 0.052845
0 1 0.527120 0.214763 0.178712 0.020288 0.059117
0 2 0.528100 0.211548 0.181773 0.021352 0.057227
0 2 0.546995 0.210669 0.166717 0.017906 0.057712
0 1 0.616879 0.181087 0.132637 0.015236 0.054161
0 2 0.524593 0.212405 0.189524 0.021337 0.052141
0 2 0.555780 0.203728 0.168064 0.018752 0.053677
0 2 0.590164 0.189168 0.147363 0.017633 0.055673
0 2 0.596905 0.193958 0.120331 0.013535 0.075271
0 2 0.608273 0.188291 0.118183 0.013502 0.071751
0 0 0.558417 0.211639 0.126143 0.013867 0.089933
0 2 0.434321 0.236660 0.185979 0.024249 0.118791
0 2 0.431412 0.223241 0.175775 0.019149 0.150422
2 2 0.172823 0.187890 0.409397 0.093612 0.136279
2 2 0.158710 0.200704 0.439505 0.096539 0.104542
2 2 0.146180 0.199665 0.449814 0.093305 0.111035
2 2 0.143536 0.211150 0.433709 0.085017 0.126588
2 2 0.183438 0.204979 0.411010 0.090764 0.109809
2 2 0.207235 0.246194 0.324127 0.043404 0.179040
2 2 0.227249 0.236103 0.323688 0.045402 0.167558
2 2 0.220520 0.247980 0.328926 0.043025 0.159549
2 2 0.273774 0.231227 0.311861 0.049531 0.133607
0 2 0.327594 0.231003 0.273261 0.042409 0.125733
0 2 0.327474 0.237182 0.272990 0.039030 0.123324
0 2 0.303161 0.249048 0.284330 0.043491 0.119970
0 2 0.298480 0.233455 0.298004 0.047154 0.122907
0 2 0.364069 0.223383 0.268564 0.042313 0.101671
0 2 0.287482 0.256462 0.266521 0.033508 0.156028
2 2 0.250405 0.248356 0.310674 0.046167 0.144399
0 2 0.287615 0.243822 0.287607 0.040815 0.140140
2 2 0.278052 0.239519 0.297724 0.042885 0.141820
0 2 0.304071 0.245252 0.273447 0.041790 0.135440
0 2 0.329384 0.230523 0.266745 0.042031 0.131317
2 2 0.291086 0.244436 0.292810 0.041167 0.130501
0 2 0.357651 0.223474 0.264352 0.044229 0.110294
2 2 0.235183 0.247238 0.312230 0.041417 0.163933
0 2 0.316535 0.248492 0.270402 0.040104 0.124468
0 2 0.331937 0.227491 0.285027 0.047627 0.107918
0 2 0.355459 0.223844 0.272712 0.053029 0.094955
2 2 0.268130 0.250690 0.312826 0.042324 0.126030
0 2 0.304499 0.234402 0.286610 0.045137 0.129353
0 2 0.307079 0.239917 0.287670 0.045210 0.120125
0 2 0.341337 0.224977 0.266523 0.042010 0.125154
2 2 0.199627 0.252661 0.339604 0.046442 0.161665
2 2 0.267533 0.220622 0.309893 0.048630 0.153322
2 2 0.242430 0.246177 0.298505 0.040465 0.172422
2 2 0.286605 0.239566 0.301863 0.045006 0.126959
2 2 0.231463 0.252211 0.327646 0.049240 0.139440
0 3 0.315375 0.220196 0.276760 0.050689 0.136980
2 3 0.287856 0.235279 0.291518 0.045608 0.139738
2 3 0.267749 0.237643 0.306657 0.046390 0.141561
2 3 0.211186 0.252086 0.336397 0.045523 0.154809
2 3 0.232543 0.234612 0.335580 0.049834 0.147430
2 3 0.222172 0.244456 0.304521 0.037461 0.191391
2 3 0.223149 0.261961 0.302835 0.037931 0.174124
2 3 0.279382 0.246693 0.289934 0.041295 0.142696
0 3 0.311795 0.234646 0.274581 0.040478 0.138501
2 3 0.287761 0.223583 0.310027 0.050640 0.127989
0 3 0.326080 0.230660 0.270334 0.038952 0.133974
0 3 0.364522 0.215842 0.245583 0.036114 0.137939
0 3 0.329351 0.238506 0.255067 0.035448 0.141628
0 3 0.390169 0.222299 0.234602 0.035797 0.117133
0 3 0.385294 0.238512 0.241618 0.035752 0.098824
2 3 0.288060 0.214784 0.362825 0.080830 0.053501
2 3 0.238574 0.266575 0.362664 0.058317 0.073869
2 3 0.230966 0.250110 0.385151 0.069405 0.064368
2 3 0.228768 0.252750 0.382335 0.068885 0.067263
2 3 0.223616 0.259321 0.381157 0.065833 0.070074
2 3 0.187574 0.192299 0.449221 0.128244 0.042663
2 3 0.154245 0.199309 0.476098 0.127048 0.043299
2 3 0.173152 0.201325 0.462181 0.119980 0.043361
2 3 0.150178 0.195023 0.483015 0.130892 0.040892
2 3 0.163323 0.213023 0.461257 0.113240 0.049156
2 3 0.164770 0.175385 0.474815 0.149783 0.035247
2 3 0.152406 0.182927 0.488080 0.140886 0.035701
2 3 0.155242 0.183107 0.483819 0.141342 0.036490
2 3 0.155080 0.187043 0.481460 0.138106 0.038310
2 3 0.161069 0.168081 0.483984 0.155628 0.031238
2 3 0.162166 0.228979 0.454695 0.099471 0.054689
2 3 0.161811 0.228798 0.456625 0.099009 0.053757
2 3 0.177156 0.201813 0.455195 0.120583 0.045253
2 3 0.162104 0.219812 0.461452 0.106300 0.050332
2 3 0.172114 0.223235 0.453095 0.100670 0.050885
2 3 0.214088 0.264116 0.389790 0.063655 0.068352
2 3 0.191204 0.253013 0.420362 0.074209 0.061211
2 3 0.229603 0.243239 0.393102 0.073730 0.060326
2 3 0.188602 0.259716 0.409223 0.072869 0.069590
2 3 0.206360 0.257706 0.396531 0.070489 0.068913
2 3 0.258620 0.249921 0.360653 0.063974 0.066832
2 3 0.194060 0.259819 0.406662 0.071151 0.068309
2 3 0.251184 0.245182 0.369215 0.069060 0.065359
2 3 0.249760 0.252332 0.363074 0.065135 0.069699
2 3 0.252874 0.234064 0.377946 0.075733 0.059384
2 3 0.220842 0.263217 0.375046 0.065179 0.075716
2 3 0.211549 0.271881 0.378153 0.061196 0.077221
2 3 0.269365 0.246622 0.355615 0.063353 0.065045
2 3 0.236283 0.252538 0.383107 0.065514 0.062557
2 3 0.330879 0.211083 0.331913 0.072651 0.053473
2 3 0.246326 0.260791 0.358212 0.060743 0.073928
