0 0 0.999885 0.000095 0.000013 0.000000 0.000007
0 0 0.515363 0.185866 0.221011 0.037920 0.039840
0 0 0.527287 0.182446 0.215145 0.036443 0.038679
2 0 0.318019 0.233761 0.318149 0.068549 0.061521
0 0 0.568108 0.168644 0.200153 0.031252 0.031844
0 0 0.464493 0.204045 0.230340 0.045675 0.055447
2 0 0.331729 0.216232 0.355424 0.060746 0.035870
0 0 0.389436 0.212699 0.301038 0.054282 0.042545
0 0 0.388675 0.206459 0.318861 0.052150 0.033854
0 0 0.478848 0.195792 0.239716 0.042603 0.043041
0 0 0.634521 0.134357 0.141904 0.040969 0.048249
2 0 0.264873 0.212517 0.404884 0.047622 0.070104
2 0 0.212836 0.221702 0.392693 0.052279 0.120490
2 0 0.140933 0.239004 0.430266 0.089823 0.099974
2 0 0.114998 0.227620 0.485028 0.090508 0.081847
2 0 0.121459 0.231965 0.475642 0.096787 0.074146
2 1 0.074131 0.205547 0.486371 0.091923 0.142027
2 1 0.091863 0.214527 0.506736 0.087067 0.099808
2 1 0.084693 0.206094 0.473495 0.071086 0.164632
2 1 0.080148 0.210058 0.473404 0.090754 0.145636
2 1 0.058462 0.177952 0.530290 0.129664 0.103631
2 1 0.082137 0.209610 0.504188 0.115952 0.088113
2 1 0.049430 0.151395 0.588936 0.136419 0.073820
2 2 0.063728 0.190097 0.533159 0.110750 0.102266
2 2 0.053181 0.177020 0.557435 0.116959 0.095405
2 2 0.087678 0.211905 0.518498 0.101923 0.079996
2 2 0.115946 0.210177 0.492618 0.117167 0.064093
2 2 0.127705 0.236690 0.432835 0.088978 0.113792
2 2 0.093346 0.186106 0.532971 0.127821 0.059756
2 2 0.063847 0.189577 0.538102 0.104966 0.103508
2 2 0.068843 0.188515 0.524136 0.106933 0.111573
2 2 0.034188 0.161994 0.503904 0.093874 0.206040
2 2 0.037422 0.164382 0.533580 0.085239 0.179377
2 2 0.038969 0.159853 0.514565 0.113951 0.172662
2 2 0.047171 0.170518 0.499997 0.105419 0.176895
2 2 0.026239 0.103855 0.568787 0.158597 0.142522
2 2 0.020937 0.093998 0.571124 0.192446 0.121495
2 2 0.015892 0.078323 0.543233 0.243549 0.119003
2 2 0.015335 0.083068 0.544937 0.214777 0.141883
2 2 0.024340 0.102200 0.600799 0.155547 0.117113
2 2 0.021618 0.100789 0.438521 0.137859 0.301213
2 2 0.058171 0.151652 0.394036 0.083201 0.312939
2 2 0.024821 0.098860 0.442820 0.114048 0.319452
2 2 0.021525 0.096959 0.416877 0.101514 0.363124
2 2 0.022546 0.101612 0.396168 0.097911 0.381763
2 2 0.029954 0.116944 0.386161 0.083807 0.383134
4 2 0.029062 0.109555 0.382578 0.081008 0.397797
2 2 0.019891 0.098310 0.403985 0.113367 0.364447
2 2 0.025970 0.118708 0.500804 0.122331 0.232187
4 2 0.025109 0.109448 0.378673 0.084645 0.402125
4 2 0.016329 0.094034 0.300155 0.059914 0.529568
4 4 0.024251 0.108974 0.359084 0.073691 0.434000
4 4 0.017816 0.093278 0.311051 0.066781 0.511074
4 4 0.017471 0.087191 0.314522 0.064973 0.515844
4 4 0.031044 0.137721 0.354681 0.059234 0.417319
4 4 0.022295 0.100940 0.365937 0.087243 0.423586
4 4 0.024619 0.102792 0.373750 0.098547 0.400292
4 4 0.016195 0.086628 0.340728 0.091855 0.464594
4 4 0.012252 0.078352 0.313576 0.061775 0.534045
4 4 0.015187 0.085098 0.331712 0.080763 0.487240
4 4 0.021482 0.103296 0.279701 0.048991 0.546531
4 4 0.018158 0.087828 0.254562 0.031875 0.607577
4 4 0.022035 0.103540 0.301379 0.061446 0.511600
4 4 0.025890 0.109936 0.256676 0.038173 0.569325
4 4 0.020929 0.097205 0.283403 0.048342 0.550121
4 4 0.019218 0.090076 0.335447 0.086542 0.468716
4 4 0.017624 0.081935 0.343662 0.087475 0.469305
4 4 0.016139 0.086495 0.353189 0.110303 0.433874
4 4 0.013773 0.078758 0.334967 0.078663 0.493840
4 4 0.028071 0.125388 0.328784 0.065905 0.451852
4 4 0.052375 0.130440 0.230168 0.028684 0.558333
4 4 0.072900 0.146641 0.221722 0.029889 0.528848
4 4 0.033646 0.118044 0.247639 0.035302 0.565368
4 4 0.025782 0.109751 0.256697 0.038143 0.569627
4 4 0.044498 0.154771 0.348801 0.056822 0.395108
2 4 0.034483 0.135376 0.418754 0.111367 0.300021
2 4 0.046156 0.155346 0.458328 0.090161 0.250009
4 4 0.084225 0.175329 0.332343 0.050321 0.357782
2 4 0.084330 0.198907 0.462252 0.057468 0.197043
2 4 0.054178 0.170902 0.514049 0.102132 0.158739
2 4 0.018794 0.087097 0.573132 0.251199 0.069778
2 4 0.016151 0.080545 0.562656 0.258047 0.082601
2 4 0.019923 0.086962 0.580489 0.231347 0.081279
2 2 0.017283 0.082568 0.576867 0.232913 0.090368
2 2 0.019146 0.087902 0.579055 0.209733 0.104163
2 2 0.136518 0.236045 0.353208 0.078082 0.196147
0 2 0.279666 0.207069 0.245421 0.037765 0.230080
2 2 0.185067 0.207944 0.437093 0.043901 0.125995
2 2 0.135110 0.210144 0.389125 0.050472 0.215148
2 2 0.236608 0.203991 0.277077 0.036633 0.245691
2 2 0.122134 0.232516 0.434609 0.083281 0.127460
2 2 0.096410 0.212488 0.501731 0.071449 0.117922
2 2 0.109277 0.223132 0.464616 0.077025 0.125949
2 2 0.122023 0.226741 0.446531 0.075577 0.129128
2 2 0.175535 0.229299 0.352859 0.061240 0.181067
2 2 0.109256 0.223283 0.469232 0.078116 0.120112
2 2 0.118226 0.228517 0.424046 0.076935 0.152275
2 2 0.111343 0.219118 0.395126 0.066176 0.208237
2 2 0.119886 0.229721 0.421084 0.077850 0.151459
2 2 0.104679 0.219185 0.445663 0.072075 0.158397
2 2 0.251156 0.232301 0.273564 0.057667 0.185312
2 2 0.246743 0.217929 0.259338 0.046322 0.229669
2 2 0.127714 0.216957 0.395675 0.058683 0.200971
2 2 0.250893 0.207461 0.274909 0.038081 0.228655
2 2 0.131052 0.234663 0.376556 0.078375 0.179355
2 2 0.047326 0.157202 0.525492 0.169888 0.100093
2 2 0.072898 0.200352 0.480579 0.130403 0.115767
2 2 0.068032 0.192374 0.507098 0.131776 0.100721
2 2 0.056350 0.163073 0.532116 0.154253 0.094208
2 2 0.079082 0.215179 0.418690 0.111004 0.176044
2 2 0.265788 0.226931 0.311825 0.052032 0.143423
2 2 0.179305 0.225609 0.396540 0.058592 0.139954
0 2 0.329789 0.235377 0.273025 0.062725 0.099085
2 2 0.237670 0.221345 0.369330 0.049782 0.121871
2 2 0.105486 0.212048 0.464394 0.062766 0.155305
2 2 0.203443 0.234813 0.349364 0.063967 0.148412
2 2 0.097418 0.213137 0.490586 0.070173 0.128686
2 4 0.113440 0.225018 0.433766 0.074492 0.153284
2 4 0.121849 0.231541 0.422991 0.080141 0.143477
2 4 0.114907 0.227334 0.449833 0.079468 0.128457
2 4 0.200035 0.235997 0.322252 0.064985 0.176731
2 4 0.191580 0.226214 0.325562 0.056037 0.200607
2 4 0.137132 0.218938 0.402391 0.058537 0.183003
2 4 0.236954 0.221507 0.280906 0.048824 0.211809
2 4 0.121439 0.228362 0.393480 0.073766 0.182952
2 2 0.117003 0.227877 0.429567 0.076957 0.148596
2 2 0.085955 0.208565 0.514219 0.079664 0.111597
2 2 0.095732 0.219341 0.486596 0.091496 0.106835
2 2 0.101168 0.216708 0.491519 0.074455 0.116150
2 2 0.079710 0.203618 0.532938 0.080792 0.102942
2 2 0.096634 0.212169 0.485945 0.068459 0.136793
2 2 0.107164 0.220353 0.449571 0.071742 0.151170
2 2 0.105106 0.219837 0.507451 0.084160 0.083446
2 2 0.134148 0.240648 0.416714 0.091353 0.117136
2 2 0.132433 0.239853 0.428145 0.093120 0.106450
2 2 0.118489 0.229430 0.486704 0.097195 0.068181
2 2 0.115536 0.219033 0.488989 0.116486 0.059956
2 2 0.086432 0.186186 0.550307 0.131588 0.045487
2 2 0.104016 0.189665 0.531422 0.133355 0.041541
2 2 0.130877 0.219897 0.451108 0.123594 0.074525
4 2 0.134068 0.209351 0.295132 0.053110 0.308339
2 2 0.133651 0.238023 0.387392 0.082946 0.157988
2 2 0.177721 0.223538 0.270479 0.058198 0.270065
2 2 0.229346 0.231197 0.306336 0.057357 0.175764
2 2 0.185413 0.213219 0.363345 0.045436 0.192587
2 2 0.171164 0.214070 0.384624 0.047935 0.182207
2 2 0.127411 0.233150 0.389804 0.078017 0.171618
0 2 0.330986 0.208259 0.245597 0.037448 0.177709
2 2 0.250935 0.228378 0.288954 0.053638 0.178095
2 2 0.260155 0.228094 0.342695 0.054961 0.114096
2 2 0.251142 0.235861 0.330446 0.062601 0.119950
2 2 0.212880 0.231558 0.353449 0.059857 0.142257
2 2 0.197375 0.237959 0.343220 0.067998 0.153449
0 2 0.363440 0.211685 0.264492 0.040610 0.119772
0 2 0.374802 0.210758 0.290553 0.064247 0.059640
0 0 0.380599 0.147943 0.342290 0.103760 0.025408
0 0 0.372918 0.148805 0.359340 0.097010 0.021928
2 2 0.258475 0.226204 0.402233 0.073714 0.039374
2 2 0.230893 0.225840 0.425001 0.071982 0.046284
2 2 0.141303 0.189405 0.501849 0.135262 0.032182
2 2 0.077961 0.117423 0.557379 0.228492 0.018745
2 2 0.044412 0.086994 0.519761 0.332580 0.016253
2 2 0.065842 0.117890 0.564368 0.232155 0.019745
2 2 0.056075 0.113381 0.545594 0.264218 0.020731
2 2 0.060107 0.085939 0.546767 0.294957 0.012229
3 2 0.019319 0.045677 0.442616 0.482502 0.009886
3 2 0.024203 0.045552 0.439913 0.481099 0.009233
3 2 0.020438 0.045053 0.439594 0.485385 0.009530
3 2 0.017070 0.041805 0.444257 0.488758 0.008111
3 2 0.017097 0.040409 0.434214 0.499914 0.008367
3 2 0.019542 0.042017 0.425513 0.503547 0.009382
3 2 0.022514 0.044510 0.431780 0.491534 0.009662
3 2 0.021134 0.038492 0.414774 0.517566 0.008035
3 3 0.013739 0.035616 0.394872 0.546925 0.008849
3 3 0.023374 0.043201 0.424525 0.499330 0.009569
2 3 0.036021 0.054811 0.458539 0.439796 0.010833
3 3 0.020535 0.040157 0.423027 0.508074 0.008206
3 3 0.016997 0.036713 0.424283 0.514663 0.007344
3 3 0.022841 0.040991 0.420594 0.506907 0.008667
3 3 0.017264 0.036039 0.392209 0.545755 0.008734
3 3 0.016467 0.032779 0.374108 0.568822 0.007824
3 3 0.015166 0.031488 0.378221 0.567891 0.007234
3 3 0.026382 0.039267 0.413332 0.513409 0.007610
3 3 0.013253 0.030792 0.377789 0.570877 0.007289
3 3 0.014634 0.030058 0.358785 0.588997 0.007526
2 3 0.155668 0.146058 0.509400 0.168557 0.020318
2 3 0.125307 0.130378 0.522288 0.203619 0.018408
2 3 0.167269 0.157906 0.491931 0.158450 0.024444
2 3 0.249911 0.143155 0.421343 0.160595 0.024996
2 3 0.285303 0.125787 0.344465 0.209376 0.035068
0 3 0.592702 0.164516 0.152733 0.025835 0.064215
0 3 0.455347 0.205775 0.199882 0.042054 0.096942
0 3 0.549001 0.172247 0.135099 0.026873 0.116779
0 2 0.316766 0.231876 0.264172 0.056788 0.130398
2 2 0.231027 0.233956 0.321146 0.060216 0.153656
2 2 0.127032 0.218416 0.393750 0.060355 0.200447
2 2 0.260697 0.221552 0.289269 0.047354 0.181127
2 2 0.159860 0.223974 0.378303 0.058659 0.179204
2 2 0.148538 0.215671 0.376704 0.052698 0.206390
2 2 0.235800 0.233030 0.317089 0.058919 0.155162
2 2 0.141248 0.223057 0.399790 0.061941 0.173964
2 2 0.149738 0.232311 0.373307 0.069924 0.174719
2 2 0.122996 0.229978 0.395569 0.075438 0.176019
2 2 0.139119 0.226427 0.367027 0.070397 0.197030
2 2 0.192618 0.229862 0.316188 0.059570 0.201763
2 2 0.095698 0.216338 0.474363 0.079295 0.134305
2 2 0.105408 0.219246 0.458124 0.071725 0.145496
2 2 0.097013 0.213396 0.475615 0.070017 0.143958
2 2 0.141756 0.244820 0.396516 0.093434 0.123475
2 2 0.099730 0.219112 0.458350 0.079191 0.143617
2 2 0.211646 0.239882 0.342267 0.069219 0.136986
0 2 0.296858 0.236855 0.283693 0.062231 0.120364
2 2 0.124133 0.233425 0.422980 0.082394 0.137068
2 2 0.107856 0.224407 0.421032 0.080137 0.166569
2 2 0.123053 0.231529 0.410488 0.078498 0.156431
2 2 0.086027 0.218285 0.487836 0.115460 0.092391
2 2 0.118832 0.235523 0.457845 0.112449 0.075351
2 2 0.112058 0.232858 0.456782 0.108696 0.089605
2 2 0.092534 0.223163 0.475684 0.116680 0.091939
2 2 0.094519 0.222218 0.489945 0.114756 0.078562
2 2 0.101176 0.226265 0.483521 0.122364 0.066673
2 2 0.102115 0.229003 0.469629 0.127222 0.072031
2 3 0.097362 0.223822 0.485411 0.112115 0.081290
2 3 0.090842 0.220311 0.494969 0.126078 0.067799
2 3 0.090959 0.193140 0.511513 0.155049 0.049339
2 3 0.106783 0.229145 0.477578 0.122992 0.063502
2 3 0.116446 0.233871 0.466181 0.119566 0.063936
2 3 0.090287 0.221003 0.490690 0.129522 0.068497
2 3 0.094979 0.213258 0.510015 0.125680 0.056068
2 3 0.111375 0.231587 0.471005 0.118704 0.067329
2 3 0.087805 0.185999 0.510350 0.170552 0.045294
2 3 0.125072 0.236091 0.463364 0.116671 0.058803
2 3 0.061738 0.152411 0.526636 0.213810 0.045405
2 3 0.084666 0.167828 0.522310 0.188449 0.036747
2 3 0.076630 0.161171 0.532090 0.195408 0.034700
2 3 0.097937 0.196560 0.500175 0.157714 0.047614
2 3 0.076497 0.182212 0.521069 0.160788 0.059434
2 3 0.093586 0.217544 0.492773 0.138090 0.058007
2 3 0.069583 0.189250 0.539074 0.142153 0.059940
2 3 0.069342 0.170973 0.530898 0.187183 0.041604
2 3 0.062626 0.163359 0.537416 0.195854 0.040745
2 3 0.113216 0.200535 0.496409 0.146494 0.043346
2 3 0.077154 0.183770 0.523811 0.170732 0.044533
2 3 0.117012 0.233281 0.469869 0.116938 0.062900
2 3 0.104314 0.174051 0.511520 0.175269 0.034845
2 3 0.140312 0.243291 0.440810 0.111663 0.063924
2 3 0.174428 0.196709 0.413810 0.150863 0.064190
0 3 0.370423 0.203404 0.342232 0.048095 0.035846
0 3 0.371708 0.206285 0.332887 0.048442 0.040678
2 3 0.284508 0.204243 0.417325 0.045740 0.048184
2 3 0.181134 0.203184 0.519828 0.064385 0.031469
2 3 0.184148 0.177416 0.532424 0.083716 0.022296
2 3 0.158365 0.162966 0.559599 0.096804 0.022267
2 3 0.193507 0.197468 0.502616 0.079132 0.027278
2 3 0.170082 0.166343 0.551533 0.091347 0.020696
2 3 0.112949 0.132657 0.558545 0.179997 0.015852
2 3 0.122492 0.175328 0.540464 0.137684 0.024031
2 3 0.126384 0.163891 0.543891 0.144664 0.021169
2 3 0.123424 0.154727 0.549653 0.152695 0.019501
2 3 0.096778 0.137581 0.557073 0.189919 0.018649
2 3 0.098985 0.148808 0.550335 0.179836 0.022035
2 3 0.105135 0.143161 0.560288 0.172888 0.018529
2 3 0.075422 0.129374 0.566811 0.209208 0.019184
2 3 0.085998 0.121638 0.547759 0.226011 0.018595
2 3 0.108298 0.136993 0.556591 0.180372 0.017746
2 3 0.086357 0.144758 0.537396 0.205701 0.025788
2 3 0.114526 0.133789 0.575393 0.159660 0.016632
2 3 0.077475 0.131256 0.556932 0.213715 0.020622
2 3 0.053394 0.115558 0.546336 0.262434 0.022278
2 3 0.075883 0.124986 0.564645 0.216157 0.018328
2 3 0.113863 0.188689 0.521702 0.142971 0.032775
2 3 0.102590 0.162753 0.535402 0.171864 0.027391
2 3 0.109906 0.192305 0.523304 0.140568 0.033917
2 3 0.108156 0.202113 0.528209 0.124921 0.036602
2 3 0.146091 0.195818 0.522333 0.100571 0.035186
2 3 0.107214 0.208492 0.527015 0.115793 0.041487
2 3 0.100414 0.181247 0.556074 0.129140 0.033125
2 3 0.128779 0.214896 0.527013 0.083931 0.045381
2 3 0.100128 0.170343 0.561721 0.135329 0.032478
2 3 0.105708 0.218136 0.525650 0.092435 0.058071
2 3 0.175851 0.232166 0.454793 0.093788 0.043402
0 3 0.401153 0.197197 0.302931 0.060243 0.038476
0 3 0.412669 0.156309 0.334142 0.074854 0.022026
0 3 0.518192 0.169256 0.239674 0.042766 0.030112
0 3 0.362758 0.204925 0.349893 0.053824 0.028600
0 3 0.431445 0.190540 0.214767 0.029209 0.134039
0 2 0.493866 0.189030 0.193214 0.032442 0.091447
0 2 0.472005 0.178219 0.250350 0.025564 0.073863
0 2 0.444388 0.188334 0.237756 0.028771 0.100751
2 2 0.134624 0.231907 0.336907 0.073708 0.222854
4 2 0.011963 0.058975 0.378867 0.103444 0.446752
2 2 0.017893 0.081402 0.432051 0.116225 0.352428
4 2 0.014553 0.065528 0.376857 0.109659 0.433402
4 2 0.010668 0.059088 0.370534 0.095219 0.464490
4 2 0.017066 0.074590 0.384769 0.100959 0.422615
4 2 0.014083 0.065789 0.345422 0.073211 0.501495
4 2 0.035084 0.103301 0.244653 0.029633 0.587330
4 2 0.023013 0.083644 0.354375 0.083208 0.455760
2 2 0.025780 0.102293 0.444253 0.095284 0.332390
2 2 0.022741 0.104839 0.452429 0.104907 0.315084
2 0 0.090919 0.199658 0.504630 0.083695 0.121098
2 0 0.124523 0.226290 0.411126 0.085827 0.152235
2 0 0.090104 0.203941 0.437954 0.060061 0.207939
2 0 0.086498 0.191678 0.410554 0.052249 0.259021
2 2 0.091748 0.197775 0.388591 0.052058 0.269829
2 4 0.095516 0.196038 0.348285 0.050336 0.309826
2 4 0.105008 0.207664 0.358310 0.057121 0.271897
2 4 0.094563 0.195783 0.353381 0.050250 0.306024
2 4 0.095692 0.204629 0.409438 0.056702 0.233540
2 4 0.111746 0.186877 0.358421 0.038331 0.304625
2 4 0.041641 0.131413 0.586660 0.143983 0.096303
2 4 0.035681 0.121666 0.602861 0.144813 0.094979
2 4 0.030850 0.122414 0.596802 0.167746 0.082188
2 4 0.034767 0.122089 0.615275 0.153857 0.074012
2 4 0.040805 0.121629 0.600418 0.180933 0.056215
2 4 0.036703 0.113422 0.569677 0.232874 0.047325
2 4 0.033030 0.105134 0.595083 0.218820 0.047932
2 4 0.031658 0.103591 0.589063 0.227201 0.048487
2 4 0.033089 0.111387 0.604267 0.194036 0.057221
2 4 0.034476 0.100697 0.577349 0.240897 0.046581
2 4 0.034417 0.118633 0.599729 0.179547 0.067674
2 4 0.034383 0.128387 0.597812 0.159461 0.079957
2 4 0.039267 0.129027 0.600357 0.152050 0.079299
2 4 0.038386 0.122134 0.617068 0.146795 0.075618
2 4 0.035459 0.125385 0.587898 0.180698 0.070561
2 2 0.146902 0.243989 0.351680 0.086079 0.171349
0 2 0.511813 0.181359 0.164268 0.028860 0.113700
0 2 0.330780 0.213657 0.265332 0.040916 0.149316
2 2 0.330852 0.205497 0.345784 0.038995 0.078872
0 0 0.425287 0.202926 0.256904 0.039168 0.075716
2 0 0.288050 0.218928 0.354136 0.048414 0.090472
2 0 0.230866 0.228895 0.384263 0.060011 0.095965
2 0 0.246950 0.232930 0.340320 0.059864 0.119935
2 2 0.228277 0.224865 0.387148 0.055262 0.104449
0 2 0.374733 0.221355 0.245177 0.049519 0.109217
2 2 0.250021 0.217535 0.315416 0.044390 0.172637
2 2 0.246961 0.232578 0.317780 0.058097 0.144585
2 4 0.177585 0.236118 0.305411 0.068867 0.212018
2 4 0.147046 0.241632 0.363928 0.082937 0.164456
2 4 0.260015 0.208942 0.285680 0.038285 0.207078
2 4 0.121008 0.231057 0.426030 0.080024 0.141881
2 2 0.107967 0.220978 0.447668 0.072128 0.151260
2 2 0.110435 0.222696 0.439534 0.072852 0.154483
2 2 0.170621 0.228618 0.362741 0.082745 0.155274
2 2 0.110684 0.224405 0.452930 0.077357 0.134624
2 2 0.082519 0.214354 0.451608 0.098189 0.153329
2 2 0.098616 0.222642 0.467698 0.093480 0.117564
2 2 0.085358 0.213296 0.488526 0.091826 0.120993
2 2 0.098590 0.226657 0.434973 0.103943 0.135837
2 2 0.143196 0.245634 0.393957 0.094192 0.123021
0 2 0.544281 0.178409 0.200243 0.033472 0.043595
0 2 0.466916 0.188749 0.270891 0.039181 0.034263
0 2 0.360456 0.205353 0.338567 0.043872 0.051753
0 2 0.382963 0.209850 0.262632 0.040472 0.104083
0 2 0.429837 0.198875 0.270494 0.038088 0.062705
2 2 0.138391 0.221890 0.445071 0.064415 0.130232
2 2 0.108140 0.217498 0.430830 0.066380 0.177152
2 2 0.101853 0.214086 0.442486 0.066388 0.175187
2 2 0.096031 0.209593 0.455516 0.062868 0.175992
2 2 0.103664 0.213970 0.466159 0.065993 0.150213
2 2 0.094191 0.212502 0.502400 0.074891 0.116016
2 2 0.103305 0.218201 0.471317 0.072850 0.134328
2 2 0.119224 0.230780 0.447580 0.083580 0.118836
2 2 0.107993 0.226098 0.444703 0.085156 0.136050
2 2 0.107852 0.221575 0.458899 0.074278 0.137395
2 2 0.086512 0.216485 0.505598 0.117089 0.074317
2 2 0.074621 0.191173 0.546520 0.120029 0.067657
2 2 0.077860 0.188330 0.545589 0.123599 0.064622
2 2 0.088609 0.207902 0.531211 0.108284 0.063993
2 2 0.109294 0.225660 0.480051 0.127807 0.057189
2 2 0.182396 0.244218 0.366836 0.080240 0.126310
2 2 0.145375 0.246543 0.385774 0.093932 0.128377
2 2 0.141733 0.243924 0.384919 0.089943 0.139480
0 2 0.340194 0.208949 0.319047 0.039940 0.091869
0 2 0.359742 0.198768 0.253000 0.068850 0.119639
0 2 0.356606 0.171790 0.350085 0.090687 0.030832
2 2 0.323105 0.210945 0.370135 0.051381 0.044434
2 2 0.308215 0.221171 0.358527 0.057571 0.054516
2 2 0.224787 0.216077 0.452094 0.063132 0.043910
2 2 0.203649 0.218823 0.461282 0.065799 0.050447
2 2 0.179513 0.219678 0.483279 0.078829 0.038700
2 2 0.189407 0.203784 0.475886 0.098757 0.032166
2 2 0.131588 0.162965 0.542527 0.140546 0.022373
2 2 0.280217 0.206325 0.392344 0.084340 0.036774
2 2 0.309383 0.166946 0.371899 0.118234 0.033538
0 2 0.535131 0.178158 0.217315 0.035018 0.034378
0 2 0.526396 0.185089 0.207478 0.037101 0.043936
0 0 0.562867 0.173961 0.191034 0.032663 0.039475
0 0 0.462420 0.195899 0.260724 0.043693 0.037265
0 0 0.514710 0.184402 0.222001 0.035840 0.043046
0 0 0.404360 0.209163 0.235501 0.040671 0.110306
0 0 0.615429 0.144194 0.121065 0.016804 0.102508
0 2 0.420274 0.204625 0.234622 0.038331 0.102148
0 2 0.403631 0.216391 0.230725 0.047034 0.102219
0 0 0.488409 0.183479 0.185847 0.028246 0.114019
2 0 0.221713 0.237868 0.402864 0.085659 0.051895
2 4 0.252578 0.230437 0.387856 0.068122 0.061007
2 4 0.303621 0.222490 0.355397 0.070127 0.048366
0 4 0.358540 0.222221 0.308015 0.059164 0.052059
2 4 0.188841 0.222619 0.467405 0.075675 0.045459
2 4 0.121975 0.233281 0.459506 0.092052 0.093187
2 4 0.118646 0.229992 0.440514 0.081106 0.129742
2 4 0.106411 0.220919 0.473236 0.075961 0.123473
2 4 0.255105 0.241604 0.330619 0.070814 0.101858
2 4 0.120411 0.231681 0.470570 0.092802 0.084537
2 4 0.097841 0.217007 0.489732 0.080049 0.115370
2 4 0.116133 0.228659 0.477871 0.089379 0.087958
2 4 0.129959 0.238353 0.438831 0.093810 0.099047
2 4 0.079740 0.211121 0.477780 0.096016 0.135344
2 2 0.091435 0.220709 0.444030 0.098761 0.145066
2 2 0.139423 0.244066 0.414282 0.096832 0.105396
2 2 0.139840 0.244169 0.408917 0.095396 0.111678
2 2 0.138092 0.236985 0.378450 0.079450 0.167023
2 2 0.141534 0.233485 0.443878 0.085336 0.095767
2 2 0.118259 0.224481 0.475386 0.096150 0.085724
2 2 0.150471 0.234248 0.461883 0.095297 0.058101
2 2 0.231648 0.242501 0.377322 0.084297 0.064233
0 2 0.345746 0.196645 0.305384 0.093591 0.058634
2 2 0.230176 0.223976 0.408454 0.058459 0.078934
2 2 0.177992 0.232856 0.428144 0.073962 0.087046
2 2 0.119287 0.225033 0.503476 0.097474 0.054730
2 2 0.126575 0.230679 0.480308 0.113581 0.048857
2 2 0.148592 0.204574 0.533572 0.061157 0.052105
2 2 0.116901 0.217094 0.527458 0.092340 0.046208
2 2 0.213196 0.169083 0.380545 0.183418 0.053758
0 2 0.410275 0.206889 0.283287 0.045394 0.054155
0 2 0.467074 0.193920 0.201711 0.033578 0.103716
0 2 0.352895 0.204575 0.315796 0.037186 0.089549
0 2 0.481736 0.195801 0.194680 0.036424 0.091360
2 2 0.199089 0.233197 0.385854 0.065393 0.116466
2 2 0.092108 0.207654 0.549471 0.079285 0.071482
2 2 0.082056 0.197126 0.581345 0.074142 0.065331
2 2 0.078965 0.177172 0.605524 0.096510 0.041829
2 2 0.077184 0.173512 0.612517 0.098426 0.038360
2 2 0.119536 0.177485 0.471027 0.187580 0.044372
2 2 0.277179 0.212333 0.382808 0.082868 0.044812
2 2 0.176446 0.224185 0.466644 0.072886 0.059839
2 2 0.166649 0.228170 0.468799 0.084750 0.051632
2 2 0.163831 0.236405 0.449417 0.096364 0.053983
2 2 0.124029 0.218299 0.514586 0.102130 0.040956
2 2 0.050776 0.112629 0.543651 0.270767 0.022177
2 2 0.047791 0.108340 0.540010 0.281953 0.021905
2 2 0.051268 0.099963 0.514942 0.312793 0.021033
2 2 0.047609 0.108951 0.534824 0.285489 0.023127
2 2 0.057689 0.102693 0.523213 0.295018 0.021386
2 2 0.048984 0.101534 0.531785 0.297058 0.020639
2 2 0.030679 0.071970 0.501033 0.381249 0.015070
2 2 0.023978 0.062004 0.479666 0.420196 0.014155
2 2 0.046264 0.087893 0.500472 0.346697 0.018675
2 2 0.036623 0.076406 0.495174 0.375508 0.016289
3 2 0.021230 0.053669 0.451608 0.460525 0.012968
2 2 0.026948 0.061291 0.459723 0.437277 0.014761
3 2 0.027846 0.056131 0.448465 0.454859 0.012699
3 2 0.023920 0.048740 0.422568 0.492934 0.011838
2 2 0.024572 0.055103 0.464406 0.443925 0.011993
2 2 0.055007 0.113899 0.533983 0.272530 0.024581
2 2 0.106088 0.154578 0.468436 0.227685 0.043214
2 2 0.102454 0.161991 0.513886 0.190418 0.031251
2 2 0.074608 0.128815 0.532167 0.240679 0.023732
2 2 0.071815 0.121438 0.540385 0.246014 0.020348
2 2 0.030328 0.066133 0.493169 0.397363 0.013007
2 2 0.032308 0.069771 0.492832 0.390776 0.014313
2 2 0.023932 0.057769 0.472261 0.433557 0.012481
2 2 0.021703 0.054615 0.473583 0.438726 0.011374
2 2 0.023972 0.059572 0.488773 0.415710 0.011972
2 2 0.026529 0.053715 0.455968 0.452874 0.010913
2 2 0.017040 0.047996 0.462867 0.461895 0.010201
2 2 0.024116 0.060051 0.495703 0.408549 0.011581
3 2 0.024114 0.052938 0.444856 0.465976 0.012115
3 2 0.017852 0.044803 0.434383 0.492766 0.010196
2 2 0.047349 0.090087 0.528022 0.318676 0.015866
2 2 0.055492 0.097489 0.517054 0.311512 0.018453
2 2 0.071896 0.093887 0.456323 0.351182 0.026712
2 3 0.068996 0.107643 0.515694 0.287923 0.019744
2 3 0.068156 0.107452 0.517371 0.287420 0.019601
2 3 0.030784 0.069282 0.498211 0.387763 0.013959
2 3 0.035455 0.072280 0.499817 0.378476 0.013972
2 3 0.025571 0.063260 0.482778 0.414407 0.013984
2 3 0.026206 0.068311 0.507702 0.383822 0.013960
2 3 0.030257 0.072091 0.500909 0.381459 0.015283
2 3 0.064007 0.127556 0.545107 0.239557 0.023773
2 3 0.059505 0.130861 0.552300 0.232340 0.024992
2 3 0.078910 0.147989 0.527718 0.214941 0.030443
2 3 0.042448 0.113497 0.534001 0.282532 0.027522
2 3 0.058707 0.128888 0.541013 0.242094 0.029298
2 3 0.028449 0.068077 0.488796 0.399629 0.015049
2 3 0.026641 0.064128 0.476299 0.418151 0.014781
2 3 0.023600 0.057345 0.469883 0.436601 0.012570
2 3 0.026082 0.066363 0.499189 0.394521 0.013844
2 3 0.023721 0.057680 0.467589 0.438077 0.012933
2 3 0.039276 0.078893 0.516817 0.350728 0.014287
2 3 0.020490 0.058690 0.497403 0.410662 0.012755
2 3 0.022901 0.056300 0.471897 0.436862 0.012040
2 3 0.024368 0.061662 0.489291 0.411789 0.012890
2 3 0.020806 0.060778 0.533142 0.372499 0.012776
2 3 0.023842 0.062355 0.498446 0.402769 0.012589
2 3 0.029854 0.066386 0.486660 0.403191 0.013909
2 3 0.028642 0.073181 0.515238 0.368120 0.014818
2 3 0.022824 0.060303 0.478914 0.424282 0.013677
2 3 0.031681 0.076768 0.496931 0.376798 0.017823
2 3 0.021057 0.058271 0.494508 0.414034 0.012129
2 3 0.022057 0.053392 0.462956 0.450127 0.011469
2 3 0.025086 0.058759 0.474502 0.429202 0.012451
2 3 0.021285 0.058800 0.499428 0.408925 0.011561
3 3 0.018673 0.049910 0.456778 0.463474 0.011164
2 3 0.030731 0.072163 0.503152 0.379031 0.014923
2 3 0.033963 0.072156 0.497409 0.381905 0.014568
2 3 0.023869 0.060225 0.473902 0.428261 0.013743
2 3 0.029345 0.065965 0.490993 0.400284 0.013413
2 3 0.032758 0.078126 0.513358 0.359602 0.016156
2 3 0.150713 0.250315 0.397387 0.104674 0.096911
2 3 0.155746 0.252752 0.395061 0.110852 0.085590
2 3 0.157345 0.251881 0.394810 0.107511 0.088452
0 3 0.359457 0.227257 0.282187 0.058827 0.072271
0 3 0.336168 0.231551 0.303752 0.065449 0.063079
0 0 0.522199 0.182636 0.202761 0.032152 0.060251
0 0 0.537808 0.165753 0.237255 0.027415 0.031769
0 2 0.488355 0.174983 0.231637 0.024089 0.080935
2 2 0.238438 0.219256 0.393302 0.050240 0.098764
2 2 0.267150 0.216178 0.308787 0.042860 0.165024
2 2 0.114794 0.189851 0.522177 0.041993 0.131186
2 2 0.151587 0.227529 0.374659 0.063950 0.182276
2 2 0.101901 0.207684 0.380849 0.057675 0.251891
2 2 0.117220 0.226034 0.407058 0.072751 0.176936
2 4 0.165333 0.237208 0.377201 0.073284 0.146974
2 4 0.116326 0.199190 0.469093 0.046658 0.168734
2 4 0.091862 0.207758 0.496627 0.065658 0.138095
2 4 0.097404 0.207688 0.420003 0.059188 0.215717
2 4 0.120680 0.215426 0.338588 0.060125 0.265181
2 4 0.120238 0.209039 0.326108 0.054795 0.289820
4 4 0.141654 0.176577 0.240472 0.032215 0.409083
4 4 0.100615 0.182347 0.286123 0.041263 0.389653
4 4 0.170411 0.177691 0.257754 0.028334 0.365811
4 4 0.114826 0.172971 0.251122 0.033923 0.427158
4 4 0.104331 0.157488 0.218826 0.029091 0.490264
2 4 0.093423 0.189670 0.505708 0.099620 0.111579
2 4 0.076795 0.193575 0.499452 0.089251 0.140926
2 4 0.055324 0.157390 0.542108 0.110551 0.134627
2 4 0.063236 0.167616 0.537129 0.098344 0.133676
2 4 0.058431 0.181695 0.529271 0.083581 0.147023
2 4 0.109645 0.216871 0.390474 0.064260 0.218749
2 4 0.125872 0.214459 0.380214 0.056664 0.222791
2 4 0.203066 0.231841 0.339678 0.060372 0.165042
2 4 0.163460 0.211307 0.433301 0.048259 0.143674
2 4 0.096132 0.194775 0.336253 0.049577 0.323263
2 4 0.030372 0.097810 0.449186 0.106739 0.315892
2 4 0.031836 0.109622 0.529831 0.132126 0.196585
2 4 0.042307 0.129654 0.564588 0.124392 0.139060
2 4 0.039564 0.130051 0.604789 0.098907 0.126688
2 4 0.028510 0.110027 0.594096 0.190200 0.077167
2 4 0.080768 0.192274 0.433660 0.052196 0.241102
4 4 0.064502 0.169546 0.337261 0.048248 0.380444
4 4 0.065119 0.147096 0.232384 0.034803 0.520599
2 4 0.057689 0.174488 0.427399 0.056399 0.284026
2 4 0.056073 0.166365 0.392234 0.049093 0.336235
4 4 0.098518 0.178839 0.322279 0.037407 0.362957
2 4 0.097712 0.211988 0.448422 0.065544 0.176336
2 4 0.110216 0.209391 0.336333 0.057830 0.286230
2 4 0.096902 0.207413 0.422480 0.059123 0.214082
2 4 0.096605 0.209771 0.450263 0.062587 0.180773
2 4 0.132060 0.202636 0.325963 0.046429 0.292911
4 4 0.182895 0.204284 0.269410 0.042093 0.301317
4 4 0.125490 0.174852 0.247576 0.033312 0.418770
4 4 0.093164 0.177983 0.308548 0.038954 0.381350
4 4 0.089917 0.182584 0.339538 0.041795 0.346166
2 4 0.120614 0.227851 0.395480 0.073458 0.182597
2 4 0.155197 0.229085 0.351068 0.064706 0.199944
2 4 0.094186 0.208266 0.463835 0.062518 0.171195
2 4 0.095538 0.208376 0.447365 0.061306 0.187415
2 4 0.092246 0.205759 0.458807 0.060177 0.183011
2 4 0.114828 0.190360 0.451669 0.124895 0.118247
2 4 0.077659 0.203962 0.513910 0.081917 0.122551
2 4 0.122453 0.233328 0.452358 0.088871 0.102989
2 4 0.113623 0.227027 0.474306 0.085124 0.099920
2 4 0.121226 0.232388 0.464947 0.091742 0.089696
2 4 0.124572 0.229480 0.379669 0.073777 0.192502
2 4 0.118578 0.226612 0.400879 0.072765 0.181165
2 4 0.140615 0.206449 0.337972 0.047172 0.267792
2 4 0.120010 0.220762 0.374137 0.064977 0.220115
0 0 0.276374 0.217695 0.262695 0.044471 0.198765
2 1 0.133218 0.221252 0.447596 0.064945 0.132990
2 1 0.205147 0.232101 0.332317 0.060323 0.170111
2 1 0.112759 0.219570 0.387714 0.066136 0.213821
2 1 0.133274 0.220158 0.374013 0.060409 0.212146
2 1 0.113130 0.218459 0.376620 0.064817 0.226975
4 1 0.076259 0.178237 0.341969 0.045920 0.357616
4 1 0.091067 0.190234 0.333481 0.048431 0.336788
4 0 0.095053 0.184915 0.287926 0.044778 0.387328
2 0 0.106871 0.215290 0.428657 0.064133 0.185049
2 0 0.102573 0.209741 0.391047 0.059335 0.237305
2 0 0.106809 0.218921 0.435632 0.068922 0.169716
2 0 0.119277 0.199202 0.405629 0.103595 0.172297
2 0 0.101416 0.215124 0.454958 0.067456 0.161046
2 0 0.106876 0.219127 0.437276 0.069260 0.167460
2 0 0.148117 0.246632 0.366014 0.090844 0.148393
0 0 0.499895 0.179942 0.164121 0.027342 0.128700
2 0 0.295305 0.208906 0.327299 0.037877 0.130614
2 0 0.269058 0.209897 0.360992 0.039677 0.120376
0 0 0.301943 0.228186 0.275545 0.052755 0.141572
2 0 0.230042 0.220467 0.271051 0.048952 0.229488
2 0 0.096999 0.224699 0.442940 0.100781 0.134582
2 0 0.068966 0.197719 0.450373 0.081030 0.201911
2 1 0.105944 0.222171 0.407862 0.077923 0.186100
2 1 0.120265 0.223666 0.365593 0.068251 0.222224
2 1 0.089717 0.207802 0.409188 0.069551 0.223741
2 1 0.188147 0.225714 0.268250 0.058604 0.259284
2 0 0.117628 0.221934 0.370700 0.067146 0.222592
2 0 0.106667 0.206547 0.317763 0.059643 0.309380
4 0 0.110578 0.202729 0.298229 0.053831 0.334632
2 0 0.227924 0.236849 0.323944 0.063670 0.147613
2 0 0.216670 0.231343 0.306870 0.058505 0.186612
2 0 0.117884 0.227816 0.419324 0.075654 0.159321
2 1 0.086611 0.210913 0.461758 0.079364 0.161354
2 1 0.117312 0.231885 0.409646 0.086644 0.154514
2 1 0.124778 0.233229 0.406721 0.080684 0.154588
2 1 0.086162 0.198272 0.388819 0.058884 0.267864
2 1 0.154625 0.247792 0.338575 0.089350 0.169658
2 1 0.131797 0.210923 0.370288 0.052021 0.234971
2 1 0.104545 0.213750 0.407123 0.062806 0.211777
2 1 0.091090 0.192903 0.359992 0.048796 0.307220
2 1 0.085384 0.199833 0.519358 0.101135 0.094290
2 2 0.068014 0.182133 0.579806 0.072283 0.097764
2 2 0.084063 0.180852 0.530275 0.137282 0.067528
2 2 0.142559 0.230097 0.424204 0.072307 0.130833
2 2 0.078739 0.173272 0.504855 0.166894 0.076239
2 2 0.125059 0.230740 0.386447 0.075408 0.182346
2 2 0.103014 0.217565 0.399200 0.072376 0.207845
2 2 0.162358 0.240098 0.344406 0.077572 0.175566
2 2 0.123665 0.229445 0.417282 0.087137 0.142471
2 2 0.187419 0.224272 0.365937 0.059850 0.162521
2 2 0.207344 0.243463 0.377483 0.080553 0.091156
2 2 0.103166 0.217891 0.397612 0.079070 0.202260
2 2 0.105170 0.218004 0.403351 0.070305 0.203169
2 2 0.124341 0.232373 0.407749 0.079080 0.156457
2 2 0.115806 0.222039 0.364950 0.069842 0.227362
2 2 0.050049 0.127766 0.530370 0.252907 0.038909
2 2 0.054964 0.129640 0.529869 0.248215 0.037313
2 2 0.045439 0.148041 0.532248 0.205272 0.069000
2 2 0.051822 0.142171 0.532879 0.224434 0.048694
2 2 0.042047 0.115592 0.528590 0.272819 0.040953
0 2 0.307851 0.222361 0.288431 0.047756 0.133600
0 2 0.330547 0.199833 0.300691 0.077161 0.091767
2 2 0.216435 0.217840 0.424713 0.052465 0.088547
2 2 0.244717 0.225235 0.357680 0.052819 0.119550
2 2 0.216402 0.229115 0.356767 0.057223 0.140492
2 2 0.142699 0.218870 0.425210 0.058288 0.154934
2 2 0.202725 0.226501 0.380417 0.056649 0.133708
2 2 0.093455 0.219484 0.444870 0.090394 0.151797
2 2 0.124312 0.233774 0.426150 0.083373 0.132391
2 2 0.125101 0.231888 0.396334 0.077369 0.169309
0 2 0.369501 0.193692 0.277222 0.092186 0.067399
2 2 0.282616 0.216288 0.372032 0.047776 0.081289
2 2 0.219901 0.213910 0.431045 0.049243 0.085901
2 2 0.164967 0.222030 0.463208 0.065251 0.084543
2 2 0.155134 0.204375 0.525075 0.057019 0.058398
2 2 0.117213 0.226654 0.500834 0.103613 0.051687
2 2 0.112663 0.226759 0.487658 0.092089 0.080831
2 2 0.109948 0.222162 0.512958 0.095157 0.059776
2 2 0.117236 0.227936 0.494096 0.098980 0.061752
2 2 0.100324 0.206208 0.555145 0.076711 0.061612
2 2 0.055108 0.132995 0.594037 0.194726 0.023134
2 2 0.071178 0.157631 0.573335 0.168041 0.029815
2 2 0.071602 0.147195 0.557486 0.198180 0.025537
2 2 0.053873 0.130928 0.597318 0.193800 0.024081
2 2 0.071936 0.138358 0.562158 0.205661 0.021888
2 2 0.049076 0.103873 0.554393 0.275113 0.017545
2 2 0.053884 0.112248 0.540829 0.271504 0.021535
2 2 0.049021 0.106614 0.543029 0.281043 0.020292
2 2 0.064292 0.114614 0.529260 0.270304 0.021530
2 2 0.048537 0.099286 0.523675 0.308331 0.020170
2 2 0.118461 0.207774 0.512633 0.124395 0.036737
2 2 0.125276 0.231637 0.484401 0.111109 0.047577
2 2 0.133450 0.238253 0.460761 0.111566 0.055970
0 2 0.379370 0.190668 0.316056 0.074010 0.039896
2 2 0.211581 0.198264 0.429209 0.120020 0.040926
2 2 0.189267 0.214699 0.390877 0.046829 0.158327
2 2 0.102206 0.211536 0.408877 0.061312 0.216069
2 2 0.119728 0.225369 0.381675 0.070393 0.202835
2 2 0.124961 0.219468 0.383292 0.061989 0.210290
0 2 0.342209 0.186582 0.191284 0.027655 0.252270
2 2 0.102223 0.217724 0.501125 0.078192 0.100736
2 2 0.107129 0.221794 0.492161 0.081874 0.097042
2 2 0.108791 0.223092 0.491116 0.083763 0.093238
2 2 0.143895 0.239284 0.416861 0.086147 0.113814
2 4 0.096959 0.212558 0.531434 0.080420 0.078629
2 4 0.110361 0.224338 0.474161 0.080665 0.110475
2 4 0.227010 0.211355 0.333330 0.078767 0.149538
2 4 0.107272 0.221426 0.466565 0.075352 0.129385
2 4 0.118359 0.229238 0.432123 0.078825 0.141455
2 4 0.097569 0.213030 0.484349 0.069094 0.135958
2 2 0.041132 0.138859 0.614859 0.131081 0.074069
2 2 0.049077 0.138042 0.612504 0.130585 0.069792
2 2 0.049412 0.150354 0.585352 0.149077 0.065805
2 2 0.045341 0.141004 0.589195 0.158846 0.065613
2 2 0.045727 0.145630 0.599113 0.127971 0.081559
2 2 0.118695 0.220343 0.450384 0.067805 0.142773
2 2 0.121309 0.232318 0.444953 0.085206 0.116213
2 2 0.177093 0.230731 0.403496 0.065657 0.123023
2 2 0.234838 0.238457 0.377623 0.074948 0.074135
2 2 0.147112 0.214578 0.478259 0.058552 0.101499
2 2 0.232368 0.206205 0.420512 0.040605 0.100309
2 2 0.200710 0.220178 0.410789 0.052742 0.115581
2 2 0.196074 0.223607 0.430835 0.060186 0.089298
0 2 0.332980 0.225038 0.291738 0.052352 0.097892
0 2 0.339321 0.213200 0.274322 0.040873 0.132284
2 2 0.115234 0.213441 0.477070 0.062690 0.131565
2 2 0.276363 0.233220 0.310980 0.058714 0.120724
2 2 0.211063 0.221170 0.405276 0.053093 0.109398
2 2 0.247550 0.236737 0.333603 0.063915 0.118195
2 2 0.143389 0.211370 0.461475 0.052959 0.130807
2 2 0.102207 0.217696 0.495268 0.076592 0.108237
2 2 0.093522 0.201416 0.522234 0.059803 0.123026
2 2 0.113358 0.226688 0.478986 0.085906 0.095064
2 2 0.099717 0.209372 0.504042 0.065789 0.121080
2 2 0.176519 0.191106 0.443979 0.126926 0.061470
2 2 0.128185 0.229223 0.456069 0.079918 0.106604
2 2 0.116821 0.221044 0.473916 0.072705 0.115515
2 2 0.139457 0.195074 0.561017 0.055150 0.049301
2 2 0.087845 0.205314 0.559072 0.085797 0.061972
2 2 0.106856 0.217576 0.515171 0.093917 0.066481
2 2 0.069061 0.160860 0.579682 0.154188 0.036210
2 2 0.122731 0.229477 0.491657 0.110792 0.045344
2 2 0.096786 0.202830 0.566828 0.076201 0.057355
2 2 0.123909 0.218620 0.499618 0.073570 0.084282
2 2 0.080967 0.200588 0.567086 0.083010 0.068349
2 2 0.107263 0.222427 0.506223 0.093532 0.070555
2 2 0.112951 0.210132 0.513275 0.119798 0.043844
2 2 0.081295 0.198334 0.544410 0.120789 0.055171
2 2 0.125867 0.233610 0.476509 0.106101 0.057914
2 2 0.061447 0.178430 0.603922 0.098823 0.057378
2 2 0.097208 0.211786 0.514987 0.072815 0.103204
2 2 0.153596 0.229185 0.420545 0.068518 0.128156
2 2 0.282620 0.199779 0.343287 0.065598 0.108716
2 2 0.119828 0.219220 0.486336 0.071528 0.103089
2 2 0.110792 0.223325 0.443633 0.073992 0.148258
2 2 0.089426 0.210798 0.470066 0.074603 0.155106
2 2 0.100055 0.223794 0.428245 0.090728 0.157178
2 2 0.099388 0.214844 0.485167 0.071119 0.129483
2 2 0.125348 0.234859 0.431105 0.085801 0.122888
2 2 0.176161 0.236087 0.354637 0.068871 0.164245
2 2 0.085684 0.210338 0.488064 0.081207 0.134706
2 2 0.078557 0.190770 0.531050 0.090366 0.109257
2 2 0.123159 0.215663 0.448876 0.094094 0.118208
2 2 0.083022 0.185420 0.518616 0.133854 0.079088
2 2 0.075565 0.166349 0.535177 0.162830 0.060079
2 2 0.117207 0.229355 0.452728 0.082719 0.117991
2 2 0.121753 0.227709 0.385622 0.072619 0.192297
2 2 0.199583 0.239263 0.353155 0.070032 0.137967
2 2 0.123431 0.232768 0.421796 0.081408 0.140596
2 2 0.116473 0.228208 0.441279 0.079049 0.134991
2 2 0.080024 0.182143 0.524706 0.117374 0.095753
2 2 0.065204 0.171641 0.548003 0.099230 0.115923
2 2 0.087576 0.196635 0.463413 0.085124 0.167251
2 2 0.090147 0.210563 0.530437 0.084670 0.084184
2 2 0.096979 0.193955 0.489587 0.087360 0.132119
2 2 0.053574 0.143474 0.534065 0.218110 0.050777
2 2 0.054811 0.148304 0.539495 0.199127 0.058264
2 2 0.063956 0.150520 0.533313 0.205477 0.046735
2 2 0.053436 0.130363 0.558329 0.213896 0.043975
2 2 0.085048 0.160564 0.460734 0.237567 0.056088
2 2 0.085364 0.198715 0.540860 0.097624 0.077437
2 2 0.089117 0.189623 0.529496 0.124460 0.067303
2 2 0.063854 0.166359 0.558832 0.151390 0.059566
2 2 0.090710 0.188328 0.532181 0.131321 0.057460
2 2 0.077141 0.176176 0.556245 0.133452 0.056986
2 2 0.092286 0.209398 0.502296 0.108388 0.087632
2 2 0.123453 0.219367 0.478361 0.118515 0.060303
2 2 0.124028 0.234332 0.458885 0.093374 0.089381
2 2 0.103753 0.211766 0.513281 0.091170 0.080031
2 2 0.125613 0.176150 0.458292 0.173056 0.066889
2 2 0.093067 0.210573 0.457750 0.068530 0.170080
2 2 0.083202 0.207799 0.476312 0.077886 0.154800
2 2 0.096261 0.210155 0.459561 0.063666 0.170357
2 2 0.106529 0.225117 0.431687 0.083913 0.152754
2 2 0.172925 0.230222 0.359968 0.063380 0.173505
2 2 0.146996 0.223510 0.466708 0.069408 0.093378
2 2 0.140945 0.214379 0.472911 0.058120 0.113646
2 2 0.102878 0.193835 0.559868 0.053734 0.089686
2 2 0.084184 0.200758 0.536637 0.065046 0.113374
2 2 0.093976 0.210317 0.525522 0.074346 0.095838
2 2 0.129963 0.235819 0.434211 0.086861 0.113147
2 2 0.187461 0.228607 0.397120 0.061447 0.125365
2 2 0.186514 0.210310 0.464981 0.049718 0.088477
2 2 0.150818 0.227439 0.457563 0.073477 0.090703
2 2 0.133713 0.210750 0.496598 0.058390 0.100550
2 2 0.173796 0.189551 0.511706 0.036177 0.088770
2 2 0.120896 0.193329 0.564076 0.051870 0.069828
2 2 0.122457 0.206551 0.521785 0.059509 0.089698
0 2 0.303096 0.234752 0.267220 0.059435 0.135496
2 2 0.179031 0.212007 0.440043 0.048217 0.120701
2 2 0.111005 0.224814 0.471254 0.080630 0.112296
2 2 0.124562 0.234777 0.453050 0.091874 0.095736
2 2 0.099078 0.214849 0.494632 0.072831 0.118609
2 2 0.106518 0.221316 0.490892 0.080702 0.100572
2 2 0.179977 0.220707 0.375766 0.117867 0.105683
2 2 0.023979 0.106350 0.592167 0.190117 0.087388
2 2 0.024015 0.096828 0.593334 0.213493 0.072330
2 2 0.023166 0.095363 0.602114 0.201766 0.077591
2 2 0.026378 0.103112 0.592424 0.195794 0.082293
2 2 0.024218 0.096227 0.574559 0.242585 0.062410
2 2 0.017462 0.068877 0.531692 0.351196 0.030773
2 2 0.022578 0.070404 0.509983 0.372382 0.024654
2 2 0.030299 0.083023 0.499244 0.364479 0.022956
2 2 0.017712 0.064090 0.532433 0.358541 0.027224
2 2 0.022957 0.067388 0.496946 0.391658 0.021051
3 2 0.013280 0.046367 0.440939 0.483417 0.015997
3 2 0.019904 0.053278 0.433935 0.477837 0.015046
3 2 0.016606 0.046529 0.413191 0.509873 0.013800
3 2 0.015685 0.048293 0.425671 0.496018 0.014334
3 2 0.015799 0.045261 0.411111 0.514390 0.013440
3 2 0.011473 0.037742 0.393282 0.545946 0.011557
3 2 0.012329 0.038795 0.393981 0.543049 0.011846
3 2 0.014592 0.043191 0.408173 0.521295 0.012749
3 3 0.010087 0.035077 0.373990 0.568894 0.011952
3 3 0.012840 0.039340 0.403964 0.532748 0.011107
3 3 0.012393 0.036921 0.379866 0.559256 0.011564
