0 0 0.453495 0.180672 0.276334 0.051588 0.037912
2 0 0.190571 0.161802 0.449940 0.168612 0.029075
2 0 0.114281 0.123730 0.482823 0.259790 0.019377
2 0 0.315673 0.172181 0.376477 0.102199 0.033470
2 1 0.186982 0.176800 0.459896 0.144260 0.032063
2 1 0.012254 0.058070 0.441490 0.295778 0.192407
2 1 0.009969 0.050086 0.433524 0.281965 0.224456
2 1 0.007695 0.041292 0.423528 0.328554 0.198932
2 4 0.012120 0.055140 0.420366 0.296822 0.215552
2 4 0.010107 0.048540 0.416707 0.332280 0.192366
2 4 0.011112 0.055800 0.447039 0.244367 0.241682
2 4 0.013995 0.063238 0.431625 0.222070 0.269072
2 4 0.016397 0.068935 0.423345 0.201098 0.290225
2 4 0.011745 0.057227 0.439644 0.229069 0.262315
2 4 0.029141 0.089958 0.394439 0.133052 0.353410
2 4 0.016448 0.065760 0.401717 0.223556 0.292518
2 4 0.018948 0.069315 0.390908 0.153845 0.366984
2 4 0.017930 0.071232 0.416421 0.166787 0.327629
2 4 0.011135 0.053309 0.421418 0.222587 0.291550
2 4 0.016075 0.065183 0.401582 0.210343 0.306816
2 4 0.016293 0.067924 0.409169 0.184167 0.322446
2 4 0.012528 0.057802 0.420887 0.210711 0.298073
2 4 0.016255 0.066119 0.401142 0.196300 0.320185
4 4 0.030696 0.088096 0.339825 0.088255 0.453128
4 4 0.017845 0.069280 0.387253 0.122788 0.402834
2 4 0.010303 0.049442 0.411053 0.228750 0.300452
2 4 0.010163 0.051030 0.431553 0.238263 0.268992
2 4 0.012172 0.055741 0.416900 0.230247 0.284939
4 1 0.030093 0.089828 0.372464 0.121791 0.385825
2 1 0.010264 0.050988 0.428898 0.242576 0.267274
2 1 0.016790 0.069880 0.420468 0.211106 0.281756
2 1 0.016150 0.069667 0.425642 0.190741 0.297801
2 1 0.016380 0.073342 0.441160 0.176403 0.292715
4 1 0.043240 0.108083 0.324949 0.057494 0.466234
4 1 0.089371 0.160986 0.321320 0.046137 0.382186
2 1 0.021927 0.089049 0.486042 0.240949 0.162033
2 1 0.061196 0.137498 0.476045 0.170918 0.154344
2 2 0.019673 0.086713 0.485158 0.247969 0.160486
2 2 0.021554 0.068904 0.455795 0.365257 0.088488
2 2 0.032615 0.104961 0.482288 0.226955 0.153182
2 2 0.010067 0.056353 0.479999 0.316345 0.137236
2 2 0.029071 0.106732 0.493268 0.207220 0.163709
2 2 0.016464 0.073239 0.453073 0.305395 0.151828
2 2 0.009862 0.053116 0.456103 0.356889 0.124030
2 2 0.014023 0.067426 0.463170 0.309703 0.145678
3 3 0.015932 0.051342 0.412279 0.471929 0.048518
3 3 0.010936 0.046171 0.410892 0.471393 0.060608
3 3 0.009416 0.038982 0.360305 0.545811 0.045487
3 3 0.008113 0.037828 0.358162 0.547595 0.048302
3 3 0.010776 0.042390 0.385024 0.514839 0.046971
2 3 0.034083 0.111849 0.454980 0.168137 0.230952
2 3 0.015416 0.067304 0.457710 0.261810 0.197761
2 3 0.009179 0.047017 0.424637 0.380036 0.139132
2 3 0.010400 0.051115 0.423563 0.386626 0.128295
2 3 0.010473 0.052401 0.435515 0.359330 0.142281
3 3 0.007748 0.041662 0.414268 0.418700 0.117623
3 3 0.005996 0.035421 0.409766 0.447452 0.101365
3 3 0.006287 0.035223 0.390076 0.475229 0.093186
3 3 0.010110 0.048148 0.399220 0.434518 0.108004
3 3 0.005239 0.030704 0.376785 0.502420 0.084852
3 3 0.007989 0.041089 0.392545 0.460014 0.098362
3 3 0.006566 0.035358 0.379950 0.483769 0.094357
2 3 0.007919 0.042862 0.421315 0.408596 0.119309
3 3 0.007337 0.040009 0.406528 0.444202 0.101925
2 3 0.009503 0.048700 0.425408 0.398749 0.117640
3 3 0.009909 0.047650 0.400052 0.435269 0.107120
3 3 0.008156 0.043978 0.419632 0.423782 0.104451
3 3 0.007040 0.039054 0.403768 0.457494 0.092643
3 3 0.008338 0.044345 0.417261 0.424715 0.105341
3 3 0.006086 0.034964 0.395931 0.470199 0.092819
3 3 0.006775 0.036991 0.388103 0.480398 0.087734
3 3 0.005584 0.032514 0.381000 0.502066 0.078836
3 3 0.007025 0.037851 0.388905 0.476550 0.089669
3 3 0.005114 0.030513 0.370604 0.526424 0.067345
3 3 0.005371 0.031108 0.370866 0.516537 0.076118
3 3 0.006917 0.039041 0.408455 0.453679 0.091908
3 3 0.007850 0.041813 0.409245 0.432546 0.108547
3 3 0.006820 0.039297 0.418530 0.436754 0.098599
3 3 0.005186 0.032874 0.408643 0.472255 0.081042
3 3 0.005764 0.033113 0.376700 0.511447 0.072977
3 3 0.005881 0.035117 0.402328 0.475217 0.081457
3 3 0.005643 0.032712 0.384813 0.490166 0.086666
2 3 0.027010 0.091172 0.461121 0.236033 0.184664
3 3 0.006197 0.034452 0.376706 0.504704 0.077941
3 3 0.006235 0.035634 0.393074 0.481478 0.083578
3 3 0.004321 0.025098 0.328202 0.582362 0.060018
3 3 0.005427 0.030364 0.355038 0.537355 0.071816
3 3 0.005244 0.029604 0.352930 0.541431 0.070791
3 3 0.003349 0.023571 0.370473 0.541770 0.060837
3 3 0.003602 0.022628 0.331584 0.583962 0.058225
3 3 0.003749 0.023057 0.329370 0.585022 0.058802
3 3 0.004477 0.027429 0.359610 0.543142 0.065342
3 3 0.007269 0.040438 0.413368 0.438964 0.099960
3 3 0.004535 0.027027 0.348503 0.556533 0.063402
3 3 0.004024 0.025333 0.357619 0.543116 0.069908
3 3 0.004291 0.028021 0.389101 0.500445 0.078143
3 3 0.004358 0.027056 0.364491 0.533666 0.070428
3 3 0.003606 0.024925 0.380037 0.522935 0.068496
3 3 0.003613 0.022259 0.317860 0.605748 0.050520
3 3 0.003865 0.024953 0.358781 0.547418 0.064983
3 3 0.004121 0.024910 0.341077 0.564608 0.065284
3 3 0.003725 0.025244 0.374359 0.531367 0.065305
3 3 0.005670 0.032777 0.375290 0.515673 0.070589
3 3 0.003844 0.024956 0.363950 0.536952 0.070298
3 3 0.004210 0.026990 0.376578 0.516057 0.076165
3 3 0.004461 0.027082 0.358703 0.539066 0.070687
3 3 0.003522 0.024472 0.374642 0.534383 0.062982
3 3 0.004284 0.025571 0.339230 0.569269 0.061647
3 3 0.004454 0.026489 0.344242 0.562290 0.062525
3 3 0.004250 0.025344 0.337549 0.571292 0.061565
3 3 0.004411 0.025906 0.337208 0.570441 0.062034
3 3 0.003366 0.023279 0.366804 0.541422 0.065129
3 3 0.003683 0.023536 0.343107 0.569988 0.059686
3 3 0.007551 0.041268 0.411076 0.441225 0.098880
3 3 0.004231 0.028043 0.389059 0.507817 0.070851
3 3 0.002727 0.020788 0.367880 0.553334 0.055271
3 3 0.003125 0.019872 0.314568 0.605600 0.056836
3 3 0.003640 0.022546 0.326143 0.591068 0.056602
3 3 0.003908 0.023156 0.323967 0.585387 0.063582
3 3 0.003408 0.021756 0.331023 0.584013 0.059801
3 3 0.003256 0.021332 0.340210 0.567666 0.067536
3 3 0.003350 0.020184 0.305480 0.611570 0.059416
3 3 0.003594 0.021025 0.304619 0.610607 0.060155
3 3 0.003045 0.019685 0.321923 0.592156 0.063191
3 3 0.003119 0.021486 0.354706 0.553114 0.067575
3 3 0.003375 0.021401 0.325754 0.591199 0.058271
3 3 0.002723 0.018753 0.326261 0.595195 0.057069
3 3 0.002607 0.017376 0.307950 0.613833 0.058234
3 3 0.002532 0.019366 0.354936 0.570641 0.052525
3 3 0.002903 0.019324 0.322923 0.596692 0.058158
3 3 0.002814 0.019538 0.338481 0.576782 0.062385
3 3 0.002493 0.018474 0.341920 0.581395 0.055717
3 3 0.002711 0.017677 0.304465 0.617720 0.057426
3 3 0.003154 0.019842 0.314965 0.600727 0.061311
3 3 0.002838 0.019814 0.341031 0.575406 0.060911
2 3 0.193126 0.177576 0.418435 0.153060 0.057803
2 3 0.318937 0.231624 0.336005 0.053587 0.059847
0 2 0.406336 0.190533 0.306368 0.055766 0.040997
2 2 0.118239 0.158515 0.527712 0.158021 0.037513
2 2 0.085605 0.156432 0.516978 0.200931 0.040054
2 2 0.160043 0.176321 0.447546 0.181677 0.034412
0 2 0.452145 0.174344 0.291407 0.051005 0.031099
2 1 0.310428 0.198526 0.380347 0.074637 0.036062
2 1 0.303563 0.186121 0.396680 0.084063 0.029572
2 0 0.351572 0.203703 0.363537 0.047542 0.033647
2 1 0.043746 0.117563 0.574806 0.220706 0.043179
2 1 0.072346 0.149197 0.535806 0.190256 0.052396
2 0 0.230488 0.191344 0.338138 0.111356 0.128674
2 1 0.154048 0.205017 0.473104 0.097370 0.070460
2 1 0.051454 0.129935 0.537471 0.231580 0.049561
2 1 0.005750 0.027765 0.469954 0.465658 0.030873
3 2 0.005340 0.027308 0.422513 0.510018 0.034822
3 2 0.005582 0.026349 0.367195 0.561749 0.039126
3 2 0.003886 0.024172 0.328288 0.597492 0.046163
3 2 0.003988 0.025048 0.382576 0.539446 0.048942
3 2 0.005288 0.032062 0.393436 0.484465 0.084749
3 2 0.004452 0.028990 0.404463 0.461983 0.100111
3 2 0.005869 0.032725 0.378631 0.485590 0.097186
3 2 0.004624 0.027753 0.359957 0.536120 0.071546
3 2 0.005013 0.029109 0.365587 0.515796 0.084496
3 2 0.003420 0.022131 0.341567 0.566768 0.066113
3 2 0.004184 0.024951 0.336438 0.571161 0.063266
3 2 0.003170 0.021209 0.337065 0.581777 0.056780
3 2 0.003405 0.021416 0.323789 0.593057 0.058333
3 2 0.003148 0.020080 0.316721 0.603335 0.056716
3 2 0.002787 0.016983 0.272048 0.664567 0.043615
3 2 0.002457 0.016845 0.300927 0.633042 0.046729
3 2 0.002688 0.016988 0.280941 0.655020 0.044362
3 2 0.003262 0.018846 0.273596 0.660876 0.043421
3 2 0.002787 0.017108 0.275596 0.659860 0.044649
3 2 0.006756 0.035651 0.371880 0.499503 0.086210
3 2 0.004398 0.022549 0.277828 0.642814 0.052410
3 2 0.003124 0.018426 0.282155 0.644828 0.051467
3 2 0.004205 0.022698 0.292861 0.624644 0.055592
3 2 0.003704 0.020154 0.273137 0.654822 0.048183
2 2 0.044359 0.138512 0.428367 0.267593 0.121169
2 2 0.045617 0.139593 0.424279 0.263348 0.127163
2 2 0.062897 0.111771 0.395357 0.376309 0.053666
0 0 0.416498 0.145975 0.315984 0.084097 0.037446
2 1 0.087030 0.131504 0.600668 0.145962 0.034837
2 1 0.008425 0.025820 0.497334 0.461049 0.007371
3 2 0.006144 0.022790 0.424815 0.537515 0.008736
3 2 0.009458 0.026493 0.430725 0.525246 0.008078
3 2 0.010569 0.026256 0.380827 0.575109 0.007239
3 2 0.012021 0.030936 0.442897 0.505648 0.008498
3 2 0.015033 0.025276 0.354448 0.601407 0.003836
3 2 0.018347 0.031180 0.370533 0.574809 0.005130
3 2 0.029478 0.042591 0.409354 0.511811 0.006766
3 2 0.017045 0.032608 0.384103 0.560913 0.005331
3 2 0.014948 0.031744 0.392271 0.556050 0.004986
3 2 0.025581 0.039431 0.373871 0.553465 0.007652
3 2 0.012074 0.033236 0.442323 0.506126 0.006241
3 2 0.019679 0.032547 0.325940 0.613362 0.008472
3 2 0.018025 0.029426 0.372027 0.576139 0.004383
3 2 0.013805 0.029177 0.361953 0.589549 0.005516
3 2 0.017964 0.024210 0.309422 0.643594 0.004811
3 2 0.017771 0.027900 0.329650 0.618918 0.005761
3 2 0.023005 0.036489 0.404463 0.531062 0.004981
3 2 0.016044 0.029064 0.373716 0.576699 0.004476
3 2 0.019734 0.025218 0.308100 0.641802 0.005145
3 2 0.033689 0.043307 0.373040 0.541783 0.008182
3 2 0.048714 0.062950 0.412006 0.464646 0.011684
3 2 0.040704 0.036361 0.289718 0.622631 0.010586
2 2 0.229623 0.123214 0.367032 0.233674 0.046456
3 2 0.031300 0.047128 0.373133 0.537778 0.010660
2 0 0.248642 0.164949 0.370231 0.149602 0.066576
2 0 0.172482 0.221256 0.431258 0.099301 0.075703
2 0 0.063914 0.150127 0.501983 0.216698 0.067278
2 1 0.079117 0.154449 0.520337 0.186851 0.059247
2 1 0.050148 0.142444 0.522865 0.210617 0.073926
2 2 0.008468 0.041815 0.488471 0.415189 0.046057
2 2 0.012687 0.059332 0.540210 0.330633 0.057139
2 2 0.033389 0.094530 0.541030 0.264155 0.066896
2 2 0.013140 0.045946 0.505858 0.397517 0.037540
2 2 0.012531 0.044696 0.485102 0.420508 0.037163
2 2 0.034722 0.090163 0.532236 0.310659 0.032221
2 2 0.030536 0.083839 0.518115 0.337526 0.029983
2 2 0.035474 0.100220 0.581508 0.246293 0.036505
2 2 0.022063 0.067807 0.562048 0.327481 0.020600
2 2 0.018477 0.067612 0.582581 0.309418 0.021911
2 2 0.023868 0.061975 0.512658 0.390068 0.011431
2 2 0.027781 0.077665 0.542938 0.335992 0.015625
2 2 0.030353 0.079724 0.525404 0.348899 0.015619
2 2 0.117129 0.137984 0.508533 0.206588 0.029766
2 2 0.033135 0.084802 0.555401 0.306837 0.019825
2 2 0.015227 0.048564 0.507820 0.412799 0.015589
2 2 0.010406 0.040352 0.500197 0.433299 0.015746
3 2 0.011658 0.039046 0.443453 0.492978 0.012864
2 2 0.017414 0.056074 0.493196 0.415450 0.017866
2 2 0.009477 0.035446 0.522928 0.420837 0.011312
2 2 0.052012 0.113839 0.580482 0.231924 0.021743
2 2 0.053433 0.102785 0.560094 0.263295 0.020393
2 2 0.050721 0.119024 0.559493 0.248618 0.022144
2 2 0.161714 0.205344 0.472415 0.120047 0.040480
2 2 0.098160 0.122459 0.462321 0.289272 0.027788
2 0 0.021380 0.071818 0.540769 0.334326 0.031706
2 0 0.024560 0.062318 0.558814 0.335647 0.018662
2 0 0.034740 0.083031 0.629592 0.224848 0.027790
2 1 0.018430 0.053335 0.519387 0.389171 0.019677
3 1 0.037702 0.040979 0.289378 0.616707 0.015233
3 1 0.020739 0.034481 0.339258 0.597141 0.008381
3 1 0.118775 0.067214 0.346116 0.449791 0.018104
3 1 0.023318 0.031658 0.311447 0.625336 0.008241
3 1 0.022723 0.023363 0.257668 0.689496 0.006751
3 1 0.018281 0.047476 0.455430 0.470569 0.008243
2 1 0.141616 0.158925 0.450188 0.220467 0.028804
2 1 0.102090 0.161376 0.463779 0.239982 0.032773
2 1 0.180485 0.191727 0.469026 0.125788 0.032975
0 0 0.870590 0.036242 0.071489 0.018774 0.002905
0 0 0.779348 0.070715 0.118348 0.023359 0.008231
0 0 0.769323 0.092897 0.107454 0.013577 0.016748
0 0 0.751279 0.089593 0.131693 0.016125 0.011311
0 0 0.665860 0.118668 0.179373 0.020215 0.015884
0 0 0.658129 0.121481 0.170021 0.028766 0.021603
0 0 0.508667 0.165916 0.249150 0.043645 0.032623
2 0 0.321814 0.228259 0.331786 0.049384 0.068758
2 0 0.134416 0.213559 0.482072 0.077570 0.092383
0 0 0.435604 0.204443 0.245521 0.047752 0.066680
2 0 0.242430 0.234269 0.351260 0.049896 0.122145
2 0 0.199716 0.209024 0.406060 0.092110 0.093091
2 0 0.041313 0.121935 0.522149 0.157739 0.156864
2 0 0.010742 0.068458 0.543986 0.276196 0.100617
2 0 0.011209 0.071571 0.551843 0.263871 0.101507
2 0 0.007969 0.057957 0.557323 0.282285 0.094467
2 0 0.008804 0.059793 0.542783 0.286588 0.102032
3 0 0.003729 0.030021 0.447119 0.464276 0.054854
2 0 0.003840 0.031404 0.462116 0.445802 0.056837
3 1 0.003504 0.028660 0.444987 0.466532 0.056317
2 1 0.003510 0.030673 0.474811 0.438704 0.052302
3 1 0.003669 0.029480 0.448151 0.467863 0.050837
3 1 0.002288 0.019199 0.361216 0.580621 0.036677
3 1 0.001830 0.017105 0.367090 0.580915 0.033060
3 1 0.001864 0.016367 0.346624 0.599531 0.035614
3 1 0.002032 0.016269 0.334590 0.600262 0.046847
3 1 0.001968 0.017578 0.366809 0.575095 0.038550
2 1 0.079158 0.177048 0.479429 0.182168 0.082197
2 1 0.078525 0.180045 0.463763 0.194726 0.082941
0 0 0.376408 0.209583 0.279917 0.060173 0.073919
0 0 0.334094 0.229724 0.329807 0.048912 0.057463
2 0 0.083227 0.177702 0.563456 0.112033 0.063583
2 0 0.151812 0.151488 0.502939 0.174650 0.019111
0 0 0.505978 0.132345 0.293293 0.051983 0.016400
2 0 0.364491 0.176821 0.369491 0.064452 0.024745
2 0 0.151568 0.172589 0.507730 0.144188 0.023925
2 0 0.260836 0.191826 0.440912 0.079227 0.027198
0 0 0.486757 0.109173 0.319013 0.068424 0.016633
2 0 0.317833 0.200825 0.385999 0.061978 0.033365
2 0 0.358510 0.176715 0.358784 0.077736 0.028255
2 0 0.188086 0.198932 0.467896 0.110736 0.034350
2 0 0.137922 0.171707 0.492589 0.156709 0.041073
2 0 0.006494 0.035743 0.402328 0.251522 0.303913
2 0 0.006061 0.033308 0.394916 0.284894 0.280821
2 0 0.006766 0.036394 0.399533 0.257454 0.299852
2 0 0.008855 0.043248 0.396021 0.236691 0.315185
2 0 0.007738 0.040387 0.402390 0.227646 0.321839
2 0 0.008533 0.043839 0.404169 0.199127 0.344332
2 0 0.008783 0.044040 0.401188 0.211943 0.334046
4 0 0.021698 0.066754 0.315235 0.052056 0.544257
2 0 0.011064 0.050925 0.395833 0.187426 0.354752
4 0 0.017614 0.067159 0.372518 0.119450 0.423260
2 0 0.013830 0.058091 0.387895 0.189431 0.350753
4 0 0.025352 0.075375 0.337321 0.085296 0.476656
2 0 0.012674 0.054997 0.390503 0.195730 0.346095
2 0 0.010819 0.051615 0.398838 0.168127 0.370601
2 0 0.009575 0.046864 0.400417 0.197716 0.345429
4 0 0.013620 0.055597 0.374456 0.106445 0.449881
2 0 0.007532 0.040304 0.406042 0.213210 0.332912
2 0 0.009300 0.046053 0.401297 0.198678 0.344672
4 0 0.013564 0.056964 0.382849 0.126593 0.420031
4 0 0.052910 0.102308 0.250119 0.032276 0.562387
2 0 0.008025 0.038247 0.379369 0.317063 0.257297
2 0 0.006951 0.034922 0.379998 0.318070 0.260060
2 0 0.005578 0.030336 0.380721 0.333281 0.250084
2 0 0.005127 0.029276 0.387958 0.319678 0.257962
2 0 0.005970 0.032249 0.387120 0.310102 0.264559
2 0 0.007440 0.038370 0.396199 0.258973 0.299018
4 0 0.027383 0.073635 0.292561 0.042254 0.564167
2 0 0.006485 0.034441 0.391133 0.290678 0.277263
2 0 0.008629 0.041714 0.391188 0.260017 0.298451
2 1 0.006666 0.036063 0.399813 0.258107 0.299351
2 1 0.016554 0.070616 0.426824 0.199611 0.286397
2 1 0.032586 0.103635 0.412497 0.112688 0.338595
2 1 0.021601 0.079797 0.402122 0.196783 0.299696
2 0 0.095373 0.149709 0.386608 0.104048 0.264262
2 0 0.023079 0.095205 0.457162 0.145176 0.279378
2 1 0.012242 0.062717 0.543944 0.288125 0.092971
2 1 0.013682 0.064592 0.560258 0.277420 0.084047
2 1 0.050421 0.157549 0.532510 0.109833 0.149687
2 1 0.016355 0.076131 0.505529 0.276815 0.125170
2 1 0.012127 0.065678 0.529325 0.293994 0.098875
3 1 0.003516 0.022304 0.427117 0.505279 0.041785
3 1 0.003365 0.024353 0.379928 0.536108 0.056246
3 1 0.002213 0.019921 0.432823 0.503733 0.041310
3 2 0.006806 0.036677 0.427267 0.456606 0.072645
3 2 0.002771 0.024030 0.427950 0.498061 0.047187
3 2 0.002635 0.020345 0.358520 0.572866 0.045633
3 2 0.003942 0.024126 0.370965 0.561545 0.039423
3 2 0.011705 0.049029 0.423196 0.440811 0.075259
3 2 0.003298 0.023742 0.360627 0.569587 0.042746
3 2 0.002953 0.020832 0.357850 0.581259 0.037106
0 2 0.378535 0.135311 0.336346 0.126166 0.023642
2 1 0.157572 0.161608 0.459113 0.191343 0.030364
2 1 0.177815 0.193675 0.474996 0.120762 0.032751
2 1 0.133253 0.170490 0.504678 0.163840 0.027739
2 0 0.322561 0.167730 0.392267 0.086778 0.030664
3 1 0.021775 0.053596 0.439615 0.474747 0.010268
3 1 0.015920 0.047874 0.456357 0.466581 0.013268
3 2 0.018016 0.046547 0.398026 0.525878 0.011534
3 2 0.017474 0.047268 0.401122 0.519071 0.015066
3 2 0.017452 0.044216 0.409311 0.516439 0.012582
3 2 0.010145 0.026163 0.318269 0.637867 0.007556
3 2 0.010773 0.029392 0.337383 0.614228 0.008224
3 2 0.014223 0.033539 0.311963 0.627490 0.012785
3 2 0.010661 0.031360 0.328855 0.618447 0.010677
3 2 0.021664 0.052283 0.440830 0.475652 0.009571
2 0 0.067842 0.104249 0.463078 0.342341 0.022489
2 0 0.243990 0.208693 0.411783 0.093186 0.042348
2 0 0.176450 0.221798 0.436866 0.111223 0.053663
2 1 0.110748 0.181568 0.502026 0.154147 0.051510
2 1 0.072358 0.162661 0.491685 0.222460 0.050836
3 2 0.011648 0.034980 0.347300 0.587925 0.018146
3 2 0.006963 0.027718 0.355503 0.591671 0.018145
3 2 0.006530 0.027611 0.344012 0.602538 0.019309
3 2 0.008548 0.031752 0.348033 0.595591 0.016075
3 2 0.004972 0.024338 0.344100 0.607349 0.019241
2 2 0.203444 0.205858 0.421566 0.118135 0.050996
2 2 0.046313 0.095554 0.509625 0.329783 0.018725
2 2 0.141969 0.175251 0.485432 0.163159 0.034188
2 2 0.086707 0.172661 0.516024 0.180113 0.044495
2 2 0.053371 0.139884 0.499244 0.250692 0.056809
2 2 0.034028 0.112740 0.488246 0.303705 0.061282
2 2 0.039933 0.113625 0.511408 0.288360 0.046675
2 0 0.152449 0.164849 0.434111 0.195461 0.053130
2 0 0.126742 0.205826 0.490284 0.118765 0.058382
2 1 0.051718 0.128270 0.546396 0.236262 0.037353
3 2 0.018231 0.045337 0.393986 0.529488 0.012958
3 2 0.023497 0.042999 0.375932 0.547789 0.009783
3 2 0.020466 0.043568 0.377521 0.547601 0.010843
3 2 0.025010 0.049386 0.403614 0.511509 0.010481
3 2 0.017798 0.040619 0.336176 0.590899 0.014508
3 2 0.017516 0.043720 0.339172 0.582406 0.017186
3 2 0.031536 0.063167 0.355112 0.524004 0.026181
3 2 0.026091 0.057229 0.392971 0.507403 0.016306
3 2 0.022752 0.053152 0.329356 0.568192 0.026549
3 2 0.025426 0.058571 0.338332 0.548685 0.028986
3 2 0.024792 0.065989 0.370488 0.503017 0.035714
3 2 0.030362 0.073212 0.376932 0.481921 0.037574
3 2 0.030034 0.066821 0.364131 0.502483 0.036531
3 2 0.030688 0.065777 0.366379 0.503652 0.033505
3 2 0.023861 0.066355 0.364924 0.503475 0.041385
3 2 0.012524 0.028694 0.281712 0.664491 0.012579
3 2 0.013330 0.030125 0.295335 0.649304 0.011907
3 2 0.012702 0.027052 0.277887 0.671219 0.011139
3 2 0.015090 0.029187 0.273782 0.669037 0.012904
3 2 0.020526 0.037005 0.305293 0.622890 0.014285
3 2 0.015218 0.032945 0.295125 0.642729 0.013982
3 2 0.018177 0.033878 0.273034 0.657653 0.017258
3 2 0.016760 0.033566 0.286950 0.647570 0.015153
3 2 0.012439 0.028500 0.278166 0.667994 0.012901
3 2 0.015390 0.032217 0.286063 0.651891 0.014440
3 2 0.016881 0.032555 0.278745 0.656580 0.015239
3 3 0.017419 0.030609 0.280626 0.658881 0.012466
3 3 0.016855 0.033749 0.283862 0.649692 0.015842
3 3 0.014996 0.028586 0.270035 0.673593 0.012790
3 3 0.015479 0.030121 0.277519 0.663631 0.013250
3 3 0.017811 0.033119 0.276934 0.656373 0.015762
3 3 0.019865 0.035181 0.290652 0.639399 0.014903
3 3 0.020454 0.037023 0.273953 0.648500 0.020070
3 3 0.018143 0.035460 0.279434 0.648847 0.018117
3 3 0.018870 0.034641 0.290893 0.640883 0.014713
3 3 0.026392 0.048527 0.308339 0.592856 0.023885
3 3 0.025200 0.048979 0.312816 0.588994 0.024011
3 3 0.027055 0.049848 0.312426 0.586515 0.024156
3 3 0.023999 0.044755 0.304521 0.605310 0.021415
3 3 0.028828 0.050418 0.323882 0.575531 0.021341
3 3 0.021868 0.042849 0.296070 0.617108 0.022105
3 3 0.022225 0.045008 0.305458 0.604802 0.022508
3 3 0.026911 0.048594 0.301176 0.597821 0.025497
3 3 0.028889 0.058149 0.317818 0.562928 0.032216
3 3 0.027876 0.051850 0.302579 0.588763 0.028932
3 3 0.034058 0.066211 0.317422 0.542256 0.040053
3 3 0.025026 0.055269 0.318737 0.570294 0.030674
3 3 0.031551 0.064286 0.314113 0.549693 0.040356
3 3 0.028545 0.059728 0.312413 0.562808 0.036507
3 3 0.031860 0.066055 0.305727 0.549922 0.046436
3 3 0.027082 0.064389 0.322015 0.545522 0.040992
3 3 0.031779 0.069652 0.321249 0.532074 0.045246
3 3 0.041292 0.086588 0.338541 0.479689 0.053890
3 3 0.028074 0.070946 0.336547 0.520532 0.043902
3 3 0.045976 0.099935 0.356616 0.439166 0.058307
2 3 0.035078 0.110434 0.399677 0.354315 0.100496
2 3 0.043444 0.116258 0.370111 0.329343 0.140843
2 3 0.034466 0.112109 0.412994 0.332413 0.108018
2 3 0.034578 0.107586 0.396332 0.349526 0.111978
2 3 0.039115 0.114849 0.387018 0.352272 0.106745
2 3 0.036776 0.111302 0.389299 0.363244 0.099378
2 3 0.032866 0.106197 0.400125 0.365789 0.095024
2 3 0.033972 0.107375 0.394129 0.372786 0.091738
2 3 0.040487 0.114525 0.380744 0.338964 0.125280
2 3 0.044809 0.121282 0.377009 0.322167 0.134732
2 3 0.043383 0.123829 0.398507 0.328144 0.106137
2 3 0.033552 0.112565 0.418918 0.338482 0.096482
2 3 0.038875 0.118282 0.401939 0.328234 0.112670
2 3 0.038107 0.116344 0.399576 0.338613 0.107361
2 3 0.059582 0.140712 0.366281 0.300134 0.133291
2 3 0.051602 0.139831 0.393618 0.248421 0.166528
2 3 0.042912 0.128333 0.410849 0.275973 0.141933
2 3 0.043880 0.132506 0.417074 0.259469 0.147072
2 3 0.047435 0.134914 0.403102 0.255025 0.159525
2 3 0.043952 0.132870 0.417175 0.266453 0.139551
2 3 0.036871 0.113326 0.401595 0.326191 0.122017
2 3 0.041831 0.125494 0.407357 0.299858 0.125460
2 3 0.053083 0.133770 0.370726 0.280065 0.162355
2 3 0.038252 0.115412 0.398001 0.329592 0.118743
2 3 0.040211 0.119275 0.399107 0.311926 0.129481
2 3 0.035564 0.109982 0.395691 0.353184 0.105579
2 3 0.038348 0.112289 0.385825 0.347671 0.115868
2 3 0.037421 0.112749 0.392488 0.348348 0.108996
2 3 0.040267 0.118149 0.390693 0.342474 0.108416
2 3 0.037005 0.110586 0.386071 0.363516 0.102822
2 3 0.037686 0.117917 0.410151 0.318168 0.116079
2 3 0.036448 0.117998 0.419663 0.310673 0.115218
2 3 0.034488 0.112366 0.413266 0.333662 0.106217
2 3 0.035507 0.114439 0.413857 0.324571 0.111625
2 3 0.040235 0.119188 0.399528 0.305375 0.135673
2 3 0.111729 0.110075 0.439864 0.316327 0.022004
0 1 0.473920 0.158433 0.274422 0.060984 0.032241
2 1 0.238683 0.193190 0.461800 0.076556 0.029772
2 1 0.229156 0.194113 0.455201 0.092121 0.029409
2 1 0.217551 0.178394 0.474642 0.106150 0.023263
2 1 0.019588 0.070928 0.616557 0.270276 0.022651
2 2 0.017349 0.068370 0.590216 0.299161 0.024904
2 2 0.018271 0.068585 0.606402 0.283389 0.023353
2 2 0.016065 0.062248 0.606865 0.286068 0.028755
2 2 0.018942 0.063672 0.570868 0.319918 0.026600
2 2 0.008306 0.045271 0.551407 0.344353 0.050663
2 2 0.007591 0.042086 0.512043 0.387183 0.051097
2 2 0.016398 0.065989 0.559185 0.296079 0.062349
2 2 0.007581 0.037975 0.552092 0.361405 0.040947
2 2 0.009908 0.050378 0.493038 0.383165 0.063510
3 2 0.007016 0.037693 0.449325 0.456847 0.049120
2 2 0.012684 0.058539 0.518247 0.346958 0.063573
2 2 0.009167 0.044732 0.497943 0.399356 0.048801
3 2 0.003346 0.023783 0.467257 0.473588 0.032027
2 2 0.003870 0.027810 0.468958 0.458323 0.041038
2 2 0.033845 0.116794 0.464750 0.115801 0.268811
2 2 0.032662 0.111610 0.433222 0.092800 0.329706
2 2 0.022073 0.090950 0.449441 0.175626 0.261910
2 1 0.021301 0.087020 0.446367 0.199936 0.245376
2 1 0.070846 0.140362 0.422190 0.118677 0.247925
2 1 0.012865 0.067839 0.491348 0.229945 0.198004
2 1 0.014839 0.073315 0.528386 0.214801 0.168659
2 1 0.013417 0.054194 0.380721 0.235809 0.315859
2 1 0.008425 0.041943 0.403001 0.281100 0.265531
2 1 0.008031 0.042307 0.422034 0.307334 0.220295
2 1 0.007396 0.037388 0.389472 0.283290 0.282454
2 1 0.006470 0.033780 0.384902 0.309871 0.264977
2 1 0.005781 0.032906 0.403894 0.295318 0.262101
2 1 0.005651 0.031389 0.390311 0.305259 0.267389
2 1 0.005729 0.031882 0.392655 0.297059 0.272675
2 1 0.005839 0.031550 0.384940 0.335411 0.242259
2 1 0.005658 0.031156 0.387880 0.326512 0.248794
2 1 0.004920 0.028257 0.384783 0.362013 0.220027
2 1 0.005594 0.030303 0.379782 0.350335 0.233986
2 1 0.006077 0.032241 0.383418 0.344062 0.234201
4 1 0.064845 0.151844 0.329151 0.081789 0.372370
2 1 0.052668 0.147332 0.376086 0.098445 0.325469
2 1 0.056619 0.154484 0.379419 0.095351 0.314127
0 0 0.277615 0.229968 0.243020 0.017882 0.231514
2 1 0.030158 0.132766 0.522924 0.092046 0.222106
2 1 0.013988 0.050490 0.500285 0.413546 0.021691
2 1 0.007856 0.034158 0.481848 0.459124 0.017015
2 1 0.010627 0.046186 0.525409 0.398708 0.019071
2 1 0.013383 0.053379 0.519315 0.393096 0.020827
2 1 0.011424 0.047908 0.557260 0.366808 0.016600
2 1 0.015409 0.045417 0.469731 0.457074 0.012370
2 1 0.014001 0.049272 0.524244 0.396602 0.015882
2 1 0.026787 0.072379 0.513687 0.370335 0.016812
2 1 0.014641 0.050873 0.513973 0.405953 0.014560
2 1 0.010206 0.039252 0.530589 0.407565 0.012388
2 1 0.147337 0.187082 0.463555 0.161024 0.041002
0 1 0.325198 0.219262 0.309187 0.077361 0.068993
2 1 0.199498 0.208982 0.419755 0.121846 0.049919
2 1 0.087747 0.148692 0.590035 0.137965 0.035561
2 1 0.093263 0.160964 0.538380 0.175248 0.032145
2 1 0.017175 0.051259 0.558029 0.361039 0.012498
2 1 0.024944 0.062791 0.507920 0.389140 0.015205
2 1 0.015159 0.048778 0.542854 0.380239 0.012970
2 1 0.018153 0.051742 0.557043 0.360785 0.012277
2 1 0.016454 0.051556 0.495108 0.423965 0.012916
2 2 0.056732 0.108529 0.589315 0.219336 0.026088
2 2 0.048129 0.099525 0.528926 0.306413 0.017008
2 2 0.031349 0.082841 0.570644 0.297575 0.017590
2 2 0.060160 0.109293 0.557758 0.254984 0.017806
2 2 0.057787 0.116846 0.522243 0.281760 0.021363
2 2 0.028365 0.073184 0.517172 0.365230 0.016048
2 2 0.019639 0.063196 0.565971 0.336161 0.015032
2 2 0.050496 0.108474 0.520778 0.298706 0.021546
2 2 0.021937 0.065137 0.515718 0.380867 0.016342
2 2 0.042883 0.094116 0.591348 0.248888 0.022765
2 2 0.066892 0.125614 0.575416 0.206212 0.025866
2 2 0.166948 0.198087 0.455597 0.125996 0.053371
2 2 0.196578 0.214149 0.449135 0.086549 0.053588
0 0 0.346866 0.195638 0.344174 0.067979 0.045343
2 0 0.075253 0.140151 0.591977 0.161512 0.031108
2 1 0.039187 0.104886 0.558964 0.264646 0.032317
2 1 0.022720 0.076402 0.587695 0.289124 0.024059
2 1 0.087597 0.144849 0.540865 0.180805 0.045884
2 1 0.093131 0.167906 0.545883 0.142460 0.050621
2 1 0.028131 0.075968 0.548430 0.322180 0.025292
2 2 0.028451 0.079375 0.567033 0.291566 0.033576
2 2 0.051527 0.107024 0.622402 0.176307 0.042739
2 2 0.020664 0.067992 0.580992 0.303133 0.027219
2 2 0.079141 0.149972 0.584449 0.132209 0.054228
2 2 0.028768 0.085125 0.572271 0.284686 0.029150
2 1 0.088407 0.164116 0.568669 0.132351 0.046457
2 1 0.075425 0.160713 0.563076 0.154711 0.046075
2 1 0.093305 0.183545 0.540492 0.130810 0.051849
2 1 0.236670 0.192300 0.417417 0.092108 0.061506
2 0 0.136399 0.204687 0.457131 0.113352 0.088432
0 0 0.603756 0.153055 0.187800 0.023283 0.032105
0 0 0.601205 0.165519 0.171194 0.018802 0.043281
2 0 0.293134 0.228348 0.356407 0.059878 0.062232
2 0 0.291301 0.231848 0.355090 0.062348 0.059413
0 0 0.335622 0.238666 0.315682 0.043942 0.066087
2 0 0.011047 0.039937 0.510669 0.421973 0.016373
3 1 0.007356 0.032421 0.468778 0.474873 0.016572
2 1 0.006246 0.030121 0.473334 0.472616 0.017683
3 1 0.008211 0.036351 0.458341 0.476587 0.020510
3 1 0.010136 0.041596 0.445223 0.479426 0.023619
3 1 0.005499 0.025146 0.393125 0.562367 0.013863
3 1 0.005319 0.023993 0.376570 0.580614 0.013503
3 1 0.010595 0.035080 0.396620 0.543847 0.013859
3 2 0.007081 0.030595 0.406465 0.540317 0.015541
3 2 0.006246 0.026493 0.387228 0.565922 0.014110
3 2 0.019500 0.054714 0.439740 0.465215 0.020831
2 2 0.009700 0.040476 0.533013 0.397746 0.019066
2 2 0.008955 0.039722 0.514931 0.414957 0.021435
2 2 0.013763 0.053909 0.517701 0.390758 0.023870
2 2 0.011686 0.050595 0.562444 0.353799 0.021478
2 1 0.030221 0.094050 0.545404 0.299181 0.031144
2 1 0.019635 0.075379 0.577592 0.298727 0.028667
2 1 0.019381 0.074435 0.590644 0.288888 0.026652
2 1 0.014049 0.061733 0.567417 0.326887 0.029914
2 1 0.110980 0.192327 0.493418 0.131655 0.071620
2 1 0.014688 0.074143 0.544359 0.272828 0.093982
2 1 0.009836 0.060380 0.536356 0.294384 0.099044
2 1 0.011565 0.066690 0.506812 0.317695 0.097239
2 1 0.011716 0.066745 0.568983 0.261485 0.091070
2 1 0.026328 0.115067 0.561364 0.130514 0.166728
2 1 0.039183 0.121338 0.547246 0.233239 0.058994
2 0 0.242856 0.246973 0.364541 0.070505 0.075125
2 1 0.036618 0.113312 0.595102 0.200627 0.054341
2 1 0.047323 0.125090 0.578822 0.198919 0.049846
2 1 0.040935 0.117520 0.584512 0.199266 0.057767
2 1 0.015688 0.058533 0.532708 0.364497 0.028574
2 1 0.010302 0.044997 0.572884 0.346996 0.024821
2 1 0.014146 0.056185 0.566414 0.338545 0.024710
2 1 0.090367 0.128303 0.512366 0.221321 0.047643
2 1 0.026095 0.078747 0.528054 0.330494 0.036610
2 1 0.012108 0.039565 0.574511 0.358511 0.015305
2 1 0.009722 0.040027 0.531534 0.400937 0.017780
2 1 0.008546 0.037036 0.560558 0.377488 0.016372
2 1 0.011113 0.046875 0.544212 0.376868 0.020932
2 1 0.009508 0.039025 0.584680 0.351905 0.014883
2 1 0.019461 0.078893 0.585272 0.269899 0.046474
2 1 0.029365 0.105273 0.580414 0.240927 0.044021
2 1 0.097306 0.190527 0.509741 0.092022 0.110404
2 1 0.070900 0.144737 0.565863 0.149029 0.069471
2 1 0.041902 0.101225 0.584167 0.229790 0.042915
2 1 0.004528 0.028866 0.502319 0.425501 0.038786
2 1 0.005416 0.034537 0.522088 0.393195 0.044763
2 1 0.004539 0.029396 0.505469 0.422849 0.037746
2 1 0.009327 0.039047 0.565093 0.353637 0.032896
2 1 0.008194 0.038169 0.529730 0.383419 0.040487
0 1 0.606227 0.154956 0.171561 0.026233 0.041023
0 0 0.834713 0.074090 0.063150 0.008736 0.019309
0 0 0.840178 0.073036 0.059565 0.007670 0.019552
0 0 0.747715 0.111097 0.096579 0.012336 0.032273
0 0 0.745576 0.120136 0.084190 0.007662 0.042436
0 0 0.774090 0.101111 0.091634 0.009137 0.024028
0 0 0.671578 0.139512 0.140637 0.014571 0.033702
0 0 0.826134 0.077644 0.065833 0.009375 0.021014
0 0 0.853018 0.067275 0.056018 0.006976 0.016713
0 0 0.423413 0.204588 0.269334 0.047422 0.055242
2 0 0.134103 0.194211 0.452832 0.135385 0.083469
0 0 0.532614 0.192181 0.178315 0.025582 0.071307
0 0 0.568161 0.177977 0.157798 0.025510 0.070555
0 0 0.465280 0.208856 0.222914 0.033452 0.069498
2 0 0.136641 0.187042 0.488445 0.119683 0.068189
3 0 0.009696 0.042423 0.433173 0.439433 0.075274
3 0 0.004323 0.024817 0.333297 0.562294 0.075269
3 0 0.003892 0.020175 0.280778 0.618065 0.077089
3 0 0.005218 0.027373 0.332714 0.542743 0.091953
3 0 0.003710 0.020828 0.301332 0.601226 0.072904
3 1 0.003752 0.021552 0.329107 0.530104 0.115485
3 1 0.004057 0.023391 0.341379 0.518388 0.112785
3 4 0.004733 0.024682 0.323354 0.535481 0.111749
3 4 0.004985 0.024974 0.315614 0.541213 0.113214
3 4 0.005707 0.028936 0.344853 0.488945 0.131559
3 4 0.006883 0.033133 0.352943 0.468548 0.138493
3 4 0.005329 0.027993 0.350956 0.476084 0.139638
3 4 0.004820 0.027168 0.362725 0.476171 0.129117
3 4 0.004983 0.027498 0.360464 0.471302 0.135753
2 4 0.027419 0.082114 0.402308 0.193590 0.294569
2 4 0.009480 0.046695 0.417767 0.296793 0.229265
2 4 0.019273 0.069395 0.423489 0.212318 0.275525
2 4 0.011945 0.053577 0.410190 0.269504 0.254783
2 4 0.013071 0.054886 0.400409 0.259823 0.271811
2 4 0.015156 0.059183 0.393661 0.299227 0.232773
3 4 0.006710 0.034745 0.377367 0.453426 0.127752
3 4 0.004939 0.028057 0.373003 0.450635 0.143366
3 4 0.004289 0.026493 0.389914 0.419758 0.159546
3 4 0.004003 0.024451 0.369175 0.468874 0.133496
3 4 0.004699 0.028603 0.397784 0.411073 0.157841
3 4 0.003518 0.023199 0.384738 0.442094 0.146451
3 4 0.003688 0.023164 0.369102 0.467193 0.136854
3 4 0.004202 0.025488 0.381165 0.411724 0.177421
3 4 0.004900 0.026531 0.348467 0.490914 0.129189
3 4 0.004469 0.028083 0.403494 0.408437 0.155516
4 4 0.026000 0.073927 0.333880 0.085972 0.480222
2 4 0.006141 0.035279 0.417135 0.288302 0.253143
3 4 0.007049 0.035553 0.383133 0.384555 0.189710
2 4 0.011242 0.048845 0.392242 0.182908 0.364763
2 4 0.006595 0.036003 0.405118 0.281589 0.270695
3 4 0.003680 0.023547 0.381455 0.428960 0.162358
3 4 0.004135 0.025768 0.388678 0.416915 0.164503
3 4 0.004335 0.027319 0.398974 0.419002 0.150370
3 4 0.005021 0.029343 0.389819 0.421839 0.153978
3 4 0.004170 0.025785 0.386641 0.419100 0.164304
2 4 0.008775 0.044516 0.409837 0.226509 0.310363
2 4 0.009004 0.045891 0.416620 0.228054 0.300431
2 4 0.042403 0.099514 0.394931 0.104718 0.358434
2 4 0.007605 0.039989 0.402938 0.227694 0.321775
2 4 0.012626 0.056040 0.414024 0.177971 0.339338
4 4 0.122764 0.172685 0.217153 0.015415 0.471983
4 4 0.072586 0.136910 0.245593 0.025386 0.519525
4 4 0.131162 0.201656 0.262720 0.018211 0.386251
4 4 0.099446 0.145412 0.201644 0.021004 0.532494
4 4 0.061963 0.135791 0.281826 0.032645 0.487776
2 1 0.011629 0.064615 0.482300 0.157798 0.283658
2 4 0.014543 0.077962 0.487527 0.125549 0.294420
2 4 0.016514 0.072290 0.410751 0.129403 0.371041
4 4 0.079552 0.161810 0.348344 0.038868 0.371426
2 4 0.012152 0.066223 0.468495 0.133665 0.319466
2 4 0.010465 0.052450 0.414128 0.161996 0.360962
2 4 0.009507 0.053642 0.453241 0.156194 0.327416
2 4 0.010315 0.057942 0.449256 0.125217 0.357270
4 4 0.012979 0.064605 0.411137 0.083138 0.428141
2 4 0.011139 0.057943 0.422037 0.121545 0.387335
2 4 0.009874 0.054873 0.469686 0.209342 0.256226
2 4 0.008115 0.051034 0.490267 0.183418 0.267166
2 4 0.007898 0.050882 0.499824 0.190778 0.250617
2 4 0.008352 0.051230 0.489251 0.208521 0.242646
2 4 0.008984 0.054680 0.495424 0.196536 0.244377
2 4 0.012928 0.072828 0.501208 0.142141 0.270895
2 4 0.011412 0.069674 0.520185 0.140964 0.257765
2 1 0.013110 0.071224 0.482232 0.136727 0.296707
2 1 0.014529 0.073071 0.466712 0.148072 0.297616
2 1 0.021839 0.089306 0.467584 0.124179 0.297092
4 1 0.035905 0.122044 0.393458 0.042255 0.406338
2 1 0.014914 0.080081 0.485083 0.113617 0.306305
2 4 0.016202 0.082113 0.471672 0.116009 0.314004
2 4 0.019807 0.092174 0.473349 0.133039 0.281631
2 4 0.013786 0.075336 0.494702 0.137677 0.278499
2 1 0.038003 0.135627 0.436334 0.094851 0.295186
2 1 0.029823 0.126205 0.477395 0.108136 0.258441
2 1 0.036271 0.133856 0.444599 0.095768 0.289506
4 0 0.201367 0.234045 0.223052 0.021227 0.320308
4 1 0.072702 0.154444 0.303791 0.055697 0.413366
2 1 0.004956 0.031630 0.427593 0.379286 0.156536
2 1 0.005280 0.034211 0.444203 0.365632 0.150674
2 1 0.007798 0.041120 0.415732 0.369875 0.165476
2 1 0.005676 0.040452 0.500326 0.312293 0.141252
2 1 0.020072 0.081488 0.481335 0.215513 0.201591
4 1 0.179120 0.196943 0.195500 0.045837 0.382601
4 1 0.067901 0.162934 0.347194 0.038324 0.383647
2 1 0.059050 0.156218 0.370316 0.055439 0.358977
4 1 0.060426 0.158165 0.367694 0.041417 0.372298
4 1 0.061179 0.148070 0.327451 0.035043 0.428257
3 1 0.003927 0.025097 0.422233 0.518762 0.029981
2 1 0.004253 0.033150 0.479291 0.428466 0.054840
2 1 0.004397 0.031361 0.494990 0.428809 0.040442
3 1 0.003697 0.027055 0.393578 0.526795 0.048875
3 1 0.004418 0.028991 0.430639 0.495640 0.040312
3 1 0.002624 0.020336 0.351726 0.586304 0.039009
3 1 0.002871 0.021447 0.365704 0.556421 0.053556
3 2 0.002700 0.020578 0.354172 0.579270 0.043280
3 2 0.003235 0.023938 0.377004 0.546333 0.049490
3 2 0.003127 0.021431 0.334786 0.595013 0.045644
3 2 0.002724 0.021733 0.398796 0.508056 0.068690
3 2 0.003496 0.023598 0.363393 0.542806 0.066708
2 2 0.002873 0.026042 0.474210 0.423096 0.073779
3 2 0.002756 0.021462 0.388393 0.520343 0.067045
3 2 0.002910 0.021611 0.371610 0.542835 0.061033
2 2 0.050986 0.165161 0.450038 0.129320 0.204495
2 2 0.050588 0.168094 0.463050 0.127021 0.191248
2 2 0.045880 0.157573 0.460136 0.118924 0.217487
2 2 0.045067 0.159425 0.472242 0.127289 0.195977
4 2 0.188408 0.165828 0.231271 0.061803 0.352690
2 1 0.108188 0.201454 0.322780 0.058154 0.309423
4 1 0.239220 0.231417 0.187976 0.032322 0.309065
2 2 0.108882 0.195791 0.344574 0.058169 0.292583
4 2 0.082305 0.173665 0.327387 0.071104 0.345539
4 2 0.101102 0.184323 0.296064 0.041446 0.377064
2 2 0.035796 0.109505 0.402487 0.082180 0.370032
2 2 0.013331 0.059115 0.406116 0.187242 0.334196
4 2 0.034150 0.094947 0.347477 0.089419 0.434007
2 2 0.014488 0.058664 0.383775 0.206977 0.336095
2 2 0.012518 0.056522 0.407732 0.199194 0.324034
2 2 0.049558 0.160086 0.445614 0.157953 0.186789
2 2 0.183509 0.197715 0.357475 0.073818 0.187483
2 2 0.065427 0.168460 0.455310 0.140501 0.170303
0 0 0.401262 0.220304 0.234038 0.046462 0.097934
2 1 0.069783 0.177951 0.512306 0.100605 0.139356
2 2 0.165182 0.232913 0.375738 0.037312 0.188855
2 2 0.144930 0.202942 0.376025 0.069553 0.206550
2 2 0.077090 0.182599 0.455442 0.135783 0.149086
2 2 0.102480 0.202086 0.417607 0.059686 0.218141
2 2 0.113084 0.194879 0.448693 0.120077 0.123268
2 2 0.008980 0.054769 0.509812 0.340005 0.086434
2 2 0.022088 0.077672 0.502261 0.328054 0.069924
2 2 0.011982 0.062431 0.527857 0.317183 0.080547
2 2 0.012360 0.068988 0.507820 0.323830 0.087002
2 2 0.012408 0.063584 0.510668 0.327633 0.085707
2 2 0.009022 0.057067 0.520439 0.232211 0.181261
2 2 0.011635 0.061996 0.481042 0.236217 0.209110
2 2 0.012534 0.059782 0.445364 0.282407 0.199913
2 2 0.012350 0.059267 0.445934 0.287580 0.194869
2 2 0.011847 0.057841 0.447297 0.289698 0.193317
2 2 0.072036 0.186781 0.449293 0.146953 0.144937
2 2 0.067794 0.184850 0.421695 0.144212 0.181449
2 2 0.085303 0.193728 0.444172 0.134440 0.142356
2 2 0.092583 0.203714 0.484016 0.105443 0.114243
2 2 0.258516 0.253914 0.300814 0.035812 0.150944
2 2 0.160557 0.217532 0.440015 0.114964 0.066933
2 2 0.093456 0.176622 0.473856 0.174512 0.081554
2 2 0.158681 0.192404 0.431784 0.154139 0.062993
2 2 0.254377 0.212430 0.397928 0.089367 0.045898
0 1 0.355524 0.221981 0.314417 0.051155 0.056923
2 1 0.047348 0.170981 0.502126 0.062805 0.216741
2 1 0.043638 0.155448 0.471397 0.157595 0.171923
2 2 0.021764 0.114053 0.554440 0.164355 0.145388
2 2 0.024052 0.111572 0.516865 0.178953 0.168559
2 2 0.032090 0.121238 0.469105 0.206769 0.170799
2 2 0.030768 0.102501 0.442478 0.294098 0.130155
2 2 0.035315 0.108973 0.424169 0.308631 0.122912
2 2 0.033021 0.109336 0.436032 0.295546 0.126064
2 2 0.032341 0.109445 0.426640 0.294717 0.136856
2 2 0.030593 0.100091 0.421824 0.315978 0.131514
2 2 0.048336 0.134545 0.432210 0.271079 0.113830
2 2 0.030526 0.107044 0.431157 0.312365 0.118908
2 2 0.044001 0.122623 0.412894 0.307663 0.112819
2 2 0.032523 0.110276 0.425761 0.310073 0.121367
2 2 0.042824 0.122528 0.411330 0.306786 0.116532
2 2 0.061104 0.157859 0.418460 0.206892 0.155686
2 2 0.049089 0.146899 0.423597 0.213598 0.166818
2 2 0.057716 0.153746 0.395042 0.203605 0.189891
2 2 0.043882 0.142890 0.444534 0.222847 0.145847
2 3 0.044818 0.136065 0.421036 0.228251 0.169830
2 3 0.040929 0.129638 0.426024 0.277951 0.125458
2 3 0.046886 0.131761 0.403014 0.290151 0.128187
2 3 0.040488 0.122419 0.417126 0.300415 0.119551
2 3 0.058093 0.136403 0.387720 0.287295 0.130490
2 3 0.048768 0.131018 0.397535 0.291394 0.131285
2 3 0.142567 0.145508 0.477611 0.206297 0.028017
2 3 0.189285 0.189389 0.444780 0.136533 0.040013
2 3 0.093650 0.148903 0.530127 0.197425 0.029895
2 3 0.096363 0.153119 0.535225 0.184834 0.030459
2 3 0.065621 0.127204 0.520989 0.256179 0.030007
3 2 0.018429 0.035145 0.365037 0.573994 0.007394
3 2 0.008577 0.024030 0.328693 0.630404 0.008296
3 2 0.011436 0.028137 0.335109 0.617701 0.007616
3 2 0.015444 0.036201 0.362074 0.577156 0.009125
3 2 0.012476 0.027518 0.317314 0.634948 0.007744
3 2 0.007667 0.021769 0.305734 0.658382 0.006448
