0 0 0.883190 0.058923 0.040971 0.004963 0.011952
0 0 0.896684 0.053559 0.035792 0.003949 0.010017
0 0 0.866783 0.065160 0.047292 0.006337 0.014428
0 0 0.863012 0.066553 0.048747 0.006674 0.015015
0 0 0.877255 0.061214 0.043256 0.005442 0.012833
0 0 0.873171 0.062767 0.044829 0.005784 0.013449
0 0 0.855142 0.069411 0.051784 0.007403 0.016260
0 0 0.842561 0.076005 0.058205 0.007355 0.015873
0 0 0.871654 0.063339 0.045414 0.005913 0.013680
0 0 0.872953 0.062850 0.044913 0.005802 0.013482
0 0 0.851553 0.070694 0.053169 0.007747 0.016837
0 0 0.841081 0.074367 0.057211 0.008791 0.018550
0 0 0.790853 0.097049 0.081796 0.010295 0.020006
0 0 0.820149 0.085284 0.068264 0.008607 0.017697
0 0 0.830842 0.080798 0.063366 0.008059 0.016934
0 0 0.844899 0.074732 0.056965 0.007398 0.016007
0 0 0.845455 0.074203 0.056510 0.007540 0.016291
0 0 0.867753 0.064800 0.046918 0.006251 0.014278
0 0 0.868338 0.064582 0.046692 0.006200 0.014188
0 0 0.870151 0.063904 0.045993 0.006042 0.013910
0 0 0.858652 0.068144 0.050429 0.007073 0.015702
0 0 0.817848 0.082156 0.066166 0.011324 0.022507
0 0 0.792843 0.090027 0.075765 0.014380 0.026985
0 0 0.756667 0.101598 0.090502 0.018627 0.032606
0 0 0.734240 0.111983 0.101584 0.018738 0.033456
0 0 0.794205 0.093840 0.069768 0.011130 0.031056
0 0 0.820220 0.087953 0.056142 0.006917 0.028768
0 0 0.888166 0.059601 0.035666 0.003456 0.013112
0 0 0.864079 0.068901 0.044813 0.005186 0.017020
0 0 0.871543 0.063381 0.045457 0.005922 0.013697
0 0 0.893128 0.054994 0.037155 0.004206 0.010517
0 0 0.897933 0.053051 0.035314 0.003861 0.009842
0 0 0.913809 0.046410 0.029261 0.002815 0.007705
0 0 0.898102 0.052982 0.035249 0.003849 0.009819
0 0 0.911933 0.047213 0.029973 0.002931 0.007950
0 0 0.864476 0.066014 0.048182 0.006542 0.014787
0 0 0.892133 0.055393 0.037536 0.004279 0.010659
0 0 0.892157 0.055383 0.037527 0.004278 0.010655
0 0 0.896947 0.053452 0.035691 0.003930 0.009980
0 0 0.894238 0.054548 0.036729 0.004125 0.010360
0 0 0.888855 0.056698 0.038794 0.004525 0.011128
0 0 0.886694 0.057551 0.039624 0.004690 0.011440
0 0 0.884237 0.058515 0.040569 0.004881 0.011799
0 0 0.886799 0.057510 0.039584 0.004682 0.011425
0 0 0.912797 0.046844 0.029645 0.002878 0.007837
0 0 0.880332 0.060031 0.042071 0.005192 0.012374
0 0 0.838710 0.075184 0.058126 0.009036 0.018945
0 0 0.846192 0.072587 0.055238 0.008274 0.017708
0 0 0.804831 0.090028 0.066397 0.010291 0.028453
0 0 0.804590 0.093653 0.061120 0.007983 0.032654
0 0 0.830998 0.087096 0.047073 0.004487 0.030345
0 0 0.833301 0.084283 0.049878 0.005389 0.027149
0 0 0.860476 0.072363 0.043097 0.004442 0.019622
0 0 0.808195 0.085255 0.069877 0.012463 0.024210
0 0 0.841704 0.072735 0.058252 0.009530 0.017780
0 0 0.861099 0.062272 0.053806 0.009596 0.013226
0 0 0.914835 0.044725 0.030064 0.003195 0.007181
0 0 0.954665 0.027028 0.014475 0.000920 0.002912
0 0 0.964381 0.022362 0.010641 0.000528 0.002088
0 0 0.966733 0.020737 0.010185 0.000524 0.001821
0 0 0.984473 0.010870 0.003963 0.000105 0.000589
0 0 0.984883 0.010616 0.003837 0.000100 0.000565
0 0 0.980629 0.013209 0.005172 0.000162 0.000828
0 0 0.967157 0.020867 0.009676 0.000452 0.001848
0 0 0.921027 0.041727 0.028006 0.002915 0.006324
0 0 0.938949 0.034756 0.020166 0.001564 0.004565
0 0 0.944414 0.032489 0.017811 0.001233 0.004052
0 0 0.949293 0.030105 0.016029 0.001036 0.003537
0 0 0.904911 0.056707 0.022880 0.001202 0.014300
0 0 0.612761 0.162292 0.057482 0.003861 0.163604
0 0 0.424098 0.185753 0.051526 0.002798 0.335825
0 0 0.398075 0.185468 0.048522 0.002459 0.365477
0 0 0.503055 0.179995 0.054042 0.003106 0.259802
0 0 0.475265 0.184926 0.061155 0.004168 0.274486
0 0 0.576606 0.168351 0.050484 0.002721 0.201838
0 0 0.469498 0.182781 0.051997 0.002828 0.292895
0 0 0.476534 0.183428 0.056022 0.003378 0.280638
0 0 0.572154 0.169251 0.051052 0.002787 0.204756
0 0 0.675787 0.145855 0.044069 0.002190 0.132099
0 0 0.570610 0.170968 0.059088 0.003972 0.195362
0 0 0.792625 0.099342 0.062373 0.007863 0.037796
0 0 0.908627 0.048616 0.031231 0.003140 0.008386
0 0 0.917882 0.044648 0.027717 0.002571 0.007181
0 0 0.918759 0.044265 0.027385 0.002520 0.007070
0 0 0.944865 0.032271 0.017646 0.001215 0.004004
0 0 0.931392 0.038614 0.022635 0.001835 0.005523
0 0 0.901075 0.051763 0.034112 0.003642 0.009408
0 0 0.697139 0.160646 0.098801 0.005245 0.038169
0 0 0.433150 0.309241 0.175210 0.004287 0.078112
0 0 0.588113 0.248131 0.061404 0.000632 0.101719
0 0 0.801346 0.119767 0.016440 0.000122 0.062325
0 0 0.960279 0.029190 0.003537 0.000025 0.006970
0 0 0.678536 0.179112 0.054301 0.001304 0.086747
0 0 0.712006 0.155570 0.042761 0.001107 0.088555
0 0 0.694910 0.167913 0.047979 0.001166 0.088032
0 0 0.656215 0.182311 0.049803 0.001175 0.110496
0 0 0.669313 0.161641 0.039998 0.001094 0.127954
0 0 0.662951 0.164905 0.041503 0.001145 0.129497
0 1 0.649424 0.179575 0.048639 0.001256 0.121106
0 1 0.546386 0.251551 0.088438 0.001885 0.111740
0 1 0.459268 0.299126 0.124315 0.002607 0.114685
0 1 0.434665 0.300190 0.112056 0.002387 0.150702
0 1 0.432478 0.278511 0.091279 0.002173 0.195559
0 1 0.453489 0.291240 0.110417 0.002468 0.142386
0 1 0.392599 0.319842 0.150826 0.003856 0.132876
0 1 0.434301 0.285177 0.130718 0.004389 0.145415
0 1 0.385500 0.264555 0.111588 0.005289 0.233067
0 1 0.398856 0.268393 0.116129 0.005249 0.211373
0 1 0.375155 0.237026 0.087416 0.004685 0.295718
0 1 0.361058 0.204645 0.074678 0.005758 0.353860
4 1 0.301703 0.187714 0.056109 0.003794 0.450679
4 1 0.192052 0.170994 0.048548 0.003391 0.585014
4 1 0.211812 0.171773 0.043714 0.002518 0.570182
4 2 0.194147 0.173616 0.052954 0.004124 0.575158
4 2 0.156703 0.160867 0.044580 0.003137 0.634713
4 2 0.150693 0.169196 0.053936 0.004438 0.621737
4 2 0.144151 0.175795 0.057410 0.004520 0.618123
4 2 0.149504 0.216491 0.082369 0.005732 0.545904
4 2 0.157438 0.254691 0.107277 0.006358 0.474236
4 2 0.158225 0.286592 0.137957 0.007696 0.409530
4 2 0.140694 0.193003 0.067774 0.005042 0.593486
4 2 0.175283 0.192536 0.066771 0.005236 0.560174
4 2 0.176199 0.173577 0.061483 0.006173 0.582569
4 1 0.133813 0.159567 0.055165 0.005662 0.645793
4 1 0.100539 0.147201 0.055145 0.006798 0.690317
4 2 0.093793 0.142102 0.050222 0.005733 0.708149
4 2 0.064511 0.117683 0.032945 0.002806 0.782053
4 2 0.056052 0.108930 0.027700 0.002083 0.805235
4 2 0.069013 0.122054 0.035816 0.003243 0.769873
4 2 0.051774 0.104205 0.025124 0.001763 0.817134
4 1 0.070263 0.123089 0.036373 0.003319 0.766955
4 2 0.120933 0.148595 0.041870 0.003191 0.685411
4 2 0.118583 0.142116 0.033218 0.001898 0.704185
4 2 0.225113 0.173395 0.043024 0.002349 0.556119
4 2 0.197435 0.191118 0.066163 0.005413 0.539871
4 2 0.198929 0.243402 0.101591 0.006916 0.449162
4 2 0.183612 0.291157 0.149651 0.009091 0.366489
1 2 0.140704 0.333638 0.217189 0.011837 0.296633
1 2 0.103837 0.343085 0.241675 0.012417 0.298986
1 2 0.088268 0.357726 0.302651 0.015122 0.236232
1 2 0.079078 0.358999 0.325106 0.016208 0.220610
2 2 0.065605 0.358626 0.359803 0.017715 0.198251
2 2 0.044010 0.302854 0.443424 0.018801 0.190911
2 2 0.025250 0.234191 0.611612 0.020231 0.108717
2 2 0.022159 0.223414 0.651982 0.021513 0.080932
2 2 0.015854 0.183487 0.723714 0.020981 0.055963
2 2 0.008221 0.121150 0.817921 0.018610 0.034098
2 2 0.003520 0.064612 0.897482 0.015172 0.019214
2 2 0.002423 0.049953 0.917427 0.013707 0.016490
2 2 0.001856 0.039223 0.930155 0.014906 0.013861
2 2 0.002328 0.044214 0.922555 0.014189 0.016714
2 2 0.001887 0.035936 0.930932 0.017154 0.014092
2 2 0.001941 0.034253 0.929711 0.019846 0.014250
2 2 0.001651 0.028932 0.933599 0.024707 0.011111
2 2 0.002025 0.032084 0.924088 0.030966 0.010837
2 2 0.003332 0.043184 0.904494 0.034983 0.014007
2 2 0.011529 0.084994 0.847546 0.033670 0.022261
2 1 0.027232 0.114066 0.773767 0.052114 0.032823
2 2 0.023007 0.103772 0.782433 0.060857 0.029932
2 2 0.021208 0.113891 0.793107 0.046767 0.025027
2 2 0.022337 0.128658 0.786269 0.038036 0.024700
2 2 0.041263 0.193109 0.693963 0.033431 0.038234
2 2 0.015536 0.119373 0.801609 0.029951 0.033531
2 2 0.005186 0.070121 0.878861 0.025745 0.020087
2 2 0.002839 0.049823 0.913478 0.021334 0.012525
2 2 0.004480 0.067724 0.891855 0.020106 0.015836
2 2 0.005410 0.076351 0.882477 0.019809 0.015954
2 2 0.004556 0.057242 0.892533 0.030214 0.015455
2 2 0.004191 0.043433 0.896845 0.043371 0.012159
2 3 0.006520 0.049789 0.865375 0.063857 0.014459
2 3 0.006462 0.047611 0.851407 0.079137 0.015383
2 3 0.005816 0.032700 0.803575 0.144320 0.013589
2 3 0.004565 0.021020 0.741555 0.222872 0.009987
2 3 0.006464 0.019078 0.633531 0.328990 0.011936
2 3 0.004998 0.015809 0.655025 0.313094 0.011074
2 3 0.004692 0.012301 0.598067 0.374262 0.010677
2 3 0.004028 0.008606 0.500841 0.478240 0.008285
3 3 0.004360 0.007095 0.411381 0.569180 0.007985
3 3 0.004472 0.007049 0.382665 0.598727 0.007086
3 3 0.005367 0.008337 0.393991 0.584079 0.008227
3 3 0.012807 0.006674 0.143687 0.828918 0.007914
3 3 0.011408 0.005687 0.125604 0.850944 0.006357
3 3 0.012468 0.005955 0.117625 0.857773 0.006179
3 3 0.012079 0.005328 0.097419 0.880278 0.004896
3 3 0.011863 0.005034 0.088678 0.890065 0.004359
3 3 0.012514 0.005160 0.084587 0.893486 0.004253
3 3 0.013788 0.005956 0.097081 0.877940 0.005234
3 3 0.018396 0.008293 0.117322 0.848393 0.007595
3 3 0.021015 0.010172 0.134975 0.824659 0.009180
3 3 0.022900 0.013024 0.177445 0.774310 0.012322
3 3 0.017487 0.012254 0.212246 0.746582 0.011431
3 3 0.014651 0.015545 0.313785 0.643588 0.012431
3 3 0.017866 0.018561 0.321527 0.627504 0.014542
3 3 0.020229 0.016810 0.273305 0.674275 0.015382
3 3 0.028192 0.014769 0.166706 0.776971 0.013361
3 3 0.028060 0.012849 0.138387 0.809099 0.011606
3 3 0.039326 0.017006 0.135040 0.795007 0.013620
3 3 0.034971 0.015129 0.130620 0.807023 0.012257
3 3 0.057234 0.026268 0.164584 0.730938 0.020976
3 3 0.047244 0.034706 0.261424 0.633306 0.023320
2 3 0.062790 0.085897 0.443558 0.369656 0.038098
2 2 0.034255 0.094374 0.634065 0.203389 0.033917
2 2 0.043545 0.141998 0.688554 0.094029 0.031874
2 2 0.028779 0.140414 0.751596 0.051441 0.027770
2 2 0.020468 0.127438 0.784136 0.043324 0.024632
2 2 0.013635 0.117924 0.816307 0.029242 0.022892
2 2 0.007328 0.076017 0.858649 0.040149 0.017857
2 2 0.005661 0.060207 0.868123 0.050992 0.015018
2 2 0.004070 0.043774 0.877399 0.063822 0.010935
2 2 0.005768 0.044621 0.844789 0.092802 0.012020
2 2 0.005291 0.026278 0.754602 0.203532 0.010297
2 2 0.009759 0.024319 0.561729 0.392231 0.011963
3 3 0.014518 0.017705 0.343721 0.611996 0.012061
3 3 0.016678 0.011411 0.201482 0.759893 0.010536
3 3 0.019705 0.010242 0.151137 0.808959 0.009958
3 3 0.017933 0.007900 0.110557 0.856614 0.006996
3 3 0.016652 0.006724 0.088714 0.882681 0.005229
3 3 0.011747 0.004492 0.069615 0.910840 0.003305
3 3 0.012390 0.004882 0.075969 0.903010 0.003749
3 3 0.012467 0.004975 0.078387 0.900275 0.003896
3 3 0.015129 0.006348 0.093750 0.879485 0.005288
3 3 0.014820 0.005918 0.083209 0.891483 0.004570
3 3 0.048839 0.014720 0.100377 0.828065 0.007999
3 3 0.172090 0.046662 0.189632 0.569867 0.021749
3 1 0.293353 0.084727 0.237167 0.346488 0.038264
0 1 0.354943 0.102946 0.237334 0.256290 0.048488
0 2 0.412773 0.161548 0.267577 0.101971 0.056131
0 2 0.494148 0.168461 0.215353 0.059588 0.062450
0 2 0.499967 0.181197 0.219734 0.044032 0.055070
0 2 0.439405 0.195489 0.253043 0.051832 0.060230
2 2 0.308491 0.262915 0.320775 0.035513 0.072306
2 2 0.157788 0.295902 0.410570 0.042197 0.093542
2 2 0.111581 0.268546 0.422316 0.056653 0.140903
2 2 0.106567 0.257651 0.438290 0.069043 0.128449
2 2 0.060859 0.250134 0.573193 0.052592 0.063222
2 2 0.048153 0.239453 0.628793 0.031866 0.051735
2 2 0.026979 0.183742 0.714698 0.031164 0.043416
2 2 0.016749 0.148698 0.784995 0.027159 0.022399
2 2 0.012383 0.134338 0.811451 0.021265 0.020563
2 2 0.006273 0.086136 0.871712 0.016842 0.019038
2 2 0.001076 0.015952 0.930508 0.045415 0.007050
2 2 0.000825 0.010815 0.918466 0.064337 0.005556
2 2 0.000856 0.009085 0.903097 0.080751 0.006211
2 2 0.000906 0.008217 0.892254 0.091493 0.007130
2 2 0.001048 0.009589 0.899001 0.082113 0.008249
2 2 0.001306 0.012408 0.907060 0.069315 0.009911
2 2 0.002016 0.016980 0.894447 0.074144 0.012413
2 2 0.003014 0.026228 0.897456 0.055731 0.017571
2 2 0.003994 0.036774 0.891872 0.047311 0.020049
2 2 0.003823 0.040450 0.899799 0.032827 0.023101
2 2 0.006913 0.065145 0.853193 0.027008 0.047741
2 2 0.010851 0.096971 0.787255 0.021801 0.083123
2 2 0.015615 0.131284 0.719563 0.020993 0.112546
2 2 0.018137 0.151254 0.675137 0.019489 0.135983
2 2 0.022263 0.175500 0.621696 0.019066 0.161475
2 2 0.027797 0.206174 0.543009 0.017370 0.205649
2 2 0.034718 0.220512 0.445914 0.015612 0.283245
2 2 0.033997 0.212432 0.420687 0.014097 0.318787
4 2 0.037484 0.215711 0.366214 0.012910 0.367680
4 2 0.038948 0.224171 0.350270 0.012447 0.374164
4 2 0.042362 0.218807 0.311872 0.012052 0.414908
4 2 0.040568 0.221331 0.343709 0.012898 0.381493
4 2 0.043322 0.226052 0.348454 0.014166 0.368006
2 2 0.039891 0.229854 0.421650 0.016773 0.291832
2 2 0.036540 0.221617 0.462711 0.017798 0.261335
2 2 0.034350 0.216956 0.480473 0.017715 0.250505
2 2 0.031544 0.206883 0.498260 0.017311 0.246002
2 2 0.032815 0.214171 0.486532 0.017152 0.249330
2 2 0.035352 0.220765 0.455082 0.016558 0.272242
2 2 0.038961 0.227700 0.410646 0.015648 0.307044
2 2 0.038524 0.227081 0.409649 0.015376 0.309370
2 2 0.042708 0.232724 0.367709 0.014763 0.342096
4 2 0.044809 0.230591 0.342728 0.014302 0.367569
2 2 0.042164 0.233358 0.367547 0.014478 0.342453
4 2 0.043203 0.233375 0.350408 0.013955 0.359060
4 2 0.042872 0.232701 0.354702 0.014080 0.355644
4 2 0.045005 0.210177 0.280633 0.011686 0.452499
4 2 0.049133 0.173896 0.183754 0.009031 0.584186
4 2 0.048077 0.117423 0.097569 0.005935 0.730995
4 2 0.046879 0.096279 0.068882 0.004668 0.783292
4 2 0.044910 0.093865 0.070020 0.004585 0.786619
4 2 0.054594 0.105291 0.065038 0.004984 0.770093
4 2 0.087223 0.150810 0.078692 0.008481 0.674794
4 2 0.104897 0.189500 0.088877 0.010405 0.606320
4 2 0.100651 0.242407 0.139610 0.013591 0.503741
4 2 0.080234 0.291531 0.241204 0.017140 0.369891
2 2 0.051375 0.264562 0.376405 0.018340 0.289317
2 2 0.065831 0.300037 0.328504 0.019754 0.285872
1 2 0.077559 0.330580 0.320704 0.023164 0.247994
1 2 0.072903 0.336288 0.314130 0.020389 0.256291
2 2 0.038203 0.254951 0.421740 0.015004 0.270101
2 2 0.025965 0.221762 0.528359 0.014448 0.209465
2 2 0.021847 0.202539 0.580041 0.014645 0.180929
2 2 0.014854 0.164341 0.689413 0.015370 0.116023
2 2 0.011154 0.131945 0.759382 0.016509 0.081008
2 2 0.006131 0.084162 0.845946 0.015750 0.048011
2 2 0.004178 0.061327 0.883542 0.014962 0.035992
2 2 0.004157 0.064581 0.881088 0.014185 0.035989
2 2 0.005348 0.078675 0.860732 0.015434 0.039811
2 2 0.005493 0.081337 0.854483 0.014791 0.043896
2 2 0.002485 0.026924 0.890866 0.070959 0.008766
2 2 0.003729 0.034239 0.871108 0.079909 0.011014
2 2 0.005628 0.042810 0.848734 0.088202 0.014627
2 2 0.007257 0.047263 0.829351 0.098659 0.017470
2 2 0.009165 0.047456 0.791701 0.133021 0.018658
2 2 0.011003 0.048257 0.757722 0.163540 0.019478
2 2 0.014068 0.051118 0.723605 0.188309 0.022900
2 2 0.016931 0.037592 0.580137 0.344976 0.020365
3 2 0.016313 0.025763 0.462737 0.477783 0.017403
3 2 0.015841 0.017537 0.321999 0.632060 0.012563
3 2 0.012446 0.013671 0.313514 0.649261 0.011108
3 2 0.011174 0.007503 0.174816 0.799265 0.007242
3 2 0.012654 0.006522 0.129018 0.845301 0.006505
3 2 0.010142 0.004398 0.088381 0.893084 0.003995
3 2 0.008836 0.003581 0.072230 0.912392 0.002961
3 2 0.006075 0.002388 0.059034 0.930561 0.001942
3 3 0.007664 0.002951 0.061022 0.926086 0.002277
3 3 0.007757 0.003038 0.063769 0.923030 0.002406
3 3 0.009836 0.003895 0.070999 0.912195 0.003075
3 3 0.009777 0.003895 0.071842 0.911380 0.003105
3 3 0.011215 0.004436 0.074081 0.906811 0.003457
3 3 0.009240 0.003544 0.064549 0.919991 0.002675
3 3 0.007838 0.002774 0.050544 0.936972 0.001871
3 3 0.006831 0.002290 0.042385 0.947059 0.001435
3 3 0.006968 0.002203 0.037162 0.952411 0.001256
3 3 0.005694 0.001613 0.026639 0.965268 0.000786
3 3 0.006480 0.001868 0.029105 0.961621 0.000927
3 3 0.006632 0.001919 0.029578 0.960917 0.000954
3 3 0.009103 0.002754 0.036816 0.949896 0.001431
3 3 0.012512 0.003961 0.045820 0.935554 0.002153
3 3 0.012888 0.004097 0.046760 0.934018 0.002236
3 3 0.011994 0.003774 0.044511 0.937682 0.002039
3 3 0.011482 0.003590 0.043197 0.939803 0.001928
3 3 0.012116 0.003818 0.044821 0.937180 0.002065
3 3 0.014186 0.004572 0.049936 0.928775 0.002530
3 3 0.019832 0.006285 0.060617 0.909803 0.003463
3 3 0.021493 0.007242 0.065677 0.901389 0.004198
3 3 0.025685 0.008572 0.072682 0.888104 0.004957
3 3 0.035345 0.011868 0.087986 0.857842 0.006960
3 3 0.034122 0.011402 0.085982 0.861840 0.006654
3 3 0.056509 0.016384 0.106927 0.811509 0.008671
3 3 0.082558 0.026780 0.139046 0.735934 0.015683
3 3 0.062217 0.021129 0.122035 0.781901 0.012717
3 3 0.053206 0.021310 0.124576 0.786182 0.014726
3 3 0.073878 0.029110 0.146718 0.730282 0.020011
3 3 0.131641 0.061461 0.228358 0.543286 0.035255
3 3 0.121871 0.081309 0.289625 0.466285 0.040910
3 3 0.090263 0.070200 0.302730 0.502857 0.033951
3 3 0.031174 0.029327 0.291096 0.631847 0.016557
3 3 0.048043 0.028452 0.208420 0.694404 0.020680
3 3 0.032347 0.013766 0.123156 0.819779 0.010952
3 3 0.018044 0.006965 0.082240 0.887739 0.005013
3 3 0.018037 0.006520 0.070725 0.900486 0.004231
3 3 0.017097 0.005864 0.061528 0.911990 0.003521
3 3 0.014609 0.004931 0.056175 0.921360 0.002926
3 3 0.012200 0.004135 0.053317 0.927838 0.002509
3 3 0.014954 0.004968 0.054580 0.922629 0.002870
3 3 0.014468 0.004676 0.050612 0.927649 0.002594
3 3 0.013565 0.004344 0.048428 0.931275 0.002388
3 3 0.017490 0.005811 0.057602 0.915784 0.003313
3 3 0.021065 0.007193 0.065344 0.902185 0.004212
3 3 0.016402 0.005399 0.055137 0.920012 0.003049
3 3 0.011474 0.003587 0.043175 0.939838 0.001926
3 3 0.006922 0.002014 0.030466 0.959590 0.001008
3 3 0.008018 0.002382 0.033728 0.954654 0.001217
3 3 0.006415 0.001847 0.028904 0.961919 0.000915
3 3 0.005744 0.001639 0.027179 0.964631 0.000807
3 3 0.004324 0.001282 0.026874 0.966833 0.000687
3 3 0.004061 0.001225 0.027384 0.966652 0.000678
3 3 0.006846 0.002102 0.034447 0.955459 0.001146
3 3 0.008326 0.002536 0.036240 0.951556 0.001342
3 3 0.009070 0.002742 0.036723 0.950041 0.001425
3 3 0.007309 0.002144 0.031637 0.957829 0.001081
3 3 0.008258 0.002464 0.034422 0.953593 0.001264
3 3 0.007479 0.002211 0.032524 0.956658 0.001127
3 3 0.009136 0.002800 0.038037 0.948541 0.001486
3 3 0.008903 0.002685 0.036255 0.950766 0.001391
3 3 0.010170 0.003125 0.039738 0.945317 0.001650
3 3 0.010237 0.003149 0.039917 0.945034 0.001664
3 3 0.011074 0.003445 0.042137 0.941504 0.001840
3 3 0.012117 0.003818 0.044824 0.937175 0.002066
3 3 0.014308 0.004617 0.050229 0.928288 0.002558
3 3 0.012876 0.004092 0.046730 0.934069 0.002233
3 3 0.011239 0.003503 0.042565 0.940817 0.001875
3 3 0.009062 0.002739 0.036700 0.950075 0.001423
3 3 0.009537 0.002904 0.038016 0.948024 0.001519
3 3 0.008667 0.002604 0.035591 0.951794 0.001344
3 3 0.008761 0.002636 0.035855 0.951385 0.001363
3 3 0.007387 0.002170 0.031870 0.957478 0.001096
3 3 0.006541 0.001889 0.029296 0.961336 0.000938
3 3 0.004874 0.001351 0.023887 0.969245 0.000644
3 3 0.004814 0.001332 0.023682 0.969539 0.000634
3 3 0.005479 0.001543 0.025907 0.966323 0.000748
3 3 0.004722 0.001303 0.023366 0.969991 0.000618
3 3 0.003674 0.000979 0.019625 0.975273 0.000449
3 3 0.004519 0.001245 0.022943 0.970700 0.000593
3 3 0.005943 0.001745 0.029468 0.961947 0.000897
3 3 0.006839 0.002024 0.031561 0.958535 0.001041
3 3 0.005522 0.001692 0.031769 0.960080 0.000937
3 3 0.003625 0.001043 0.023486 0.971305 0.000541
3 3 0.005289 0.001664 0.033306 0.958776 0.000964
3 3 0.008011 0.002572 0.040500 0.947432 0.001485
3 3 0.008357 0.002756 0.043802 0.943430 0.001654
3 3 0.008439 0.002557 0.035975 0.951689 0.001341
3 3 0.009598 0.002925 0.038186 0.947759 0.001532
3 3 0.010480 0.003234 0.040568 0.944003 0.001715
3 3 0.011461 0.003582 0.043142 0.939892 0.001923
3 3 0.008284 0.002473 0.034497 0.953477 0.001269
3 3 0.008552 0.002620 0.037115 0.950316 0.001397
3 3 0.011401 0.003708 0.047261 0.935511 0.002120
3 3 0.012082 0.004232 0.057382 0.923597 0.002707
3 3 0.013611 0.004790 0.060436 0.918107 0.003055
3 3 0.011879 0.004144 0.056481 0.924860 0.002636
3 3 0.012288 0.004416 0.061260 0.919099 0.002937
3 3 0.009910 0.003477 0.053765 0.930580 0.002268
3 3 0.012258 0.004513 0.064728 0.915383 0.003118
3 3 0.015386 0.005688 0.070600 0.904448 0.003878
3 1 0.027525 0.011544 0.113506 0.838316 0.009109
3 1 0.034667 0.020269 0.194182 0.734702 0.016181
3 2 0.023713 0.033536 0.440179 0.481527 0.021045
2 2 0.004730 0.048485 0.888030 0.035650 0.023106
2 2 0.004005 0.039061 0.893687 0.043262 0.019985
2 2 0.004320 0.032232 0.878351 0.064171 0.020926
2 2 0.003615 0.029573 0.885157 0.064462 0.017193
2 2 0.003686 0.030149 0.883040 0.066459 0.016665
2 2 0.002929 0.028911 0.898454 0.055664 0.014043
2 2 0.002868 0.031326 0.907589 0.042400 0.015817
2 2 0.002038 0.027411 0.925741 0.029667 0.015143
2 2 0.001775 0.024387 0.936125 0.022918 0.014795
2 2 0.001678 0.023582 0.941132 0.020533 0.013076
2 2 0.001763 0.023549 0.944263 0.018794 0.011631
2 1 0.004110 0.038374 0.917450 0.020153 0.019913
2 2 0.006356 0.048088 0.880788 0.030383 0.034385
2 2 0.005076 0.043031 0.883769 0.035413 0.032711
2 2 0.008008 0.065665 0.847756 0.029558 0.049013
2 2 0.014039 0.116146 0.756427 0.023524 0.089863
2 2 0.021554 0.162740 0.638579 0.020302 0.156825
2 2 0.026695 0.186226 0.539997 0.017097 0.229986
2 2 0.030286 0.195122 0.480948 0.015865 0.277779
2 2 0.033015 0.196840 0.437290 0.015097 0.317758
2 2 0.035406 0.204483 0.401892 0.014191 0.344028
4 2 0.035621 0.197888 0.372889 0.013084 0.380518
4 2 0.041435 0.208814 0.329014 0.012966 0.407771
4 2 0.039953 0.215887 0.357441 0.013567 0.373153
4 2 0.041312 0.216990 0.347522 0.013588 0.380588
4 2 0.039030 0.207126 0.354214 0.013332 0.386298
4 2 0.041229 0.198913 0.318779 0.012750 0.428329
4 2 0.045393 0.192335 0.280627 0.012560 0.469084
4 2 0.050327 0.152916 0.189192 0.010611 0.596953
4 4 0.052500 0.122021 0.133748 0.009070 0.682661
4 4 0.045266 0.093905 0.078306 0.005206 0.777317
4 4 0.039661 0.087625 0.062695 0.003680 0.806339
4 4 0.036602 0.084054 0.051275 0.002788 0.825281
4 4 0.037909 0.085911 0.048699 0.002716 0.824765
4 4 0.038177 0.086390 0.045722 0.002557 0.827154
4 4 0.034580 0.081754 0.039094 0.002005 0.842567
4 4 0.026396 0.069633 0.038615 0.001598 0.863758
4 4 0.023848 0.065643 0.034511 0.001313 0.874684
4 4 0.025860 0.068737 0.040098 0.001635 0.863671
4 4 0.037814 0.085866 0.046716 0.002595 0.827009
4 4 0.073248 0.124882 0.055259 0.005388 0.741224
4 4 0.111769 0.151260 0.053877 0.006011 0.677083
4 4 0.172433 0.187464 0.078781 0.009230 0.552091
4 4 0.160402 0.276477 0.152449 0.011601 0.399072
4 4 0.148179 0.271436 0.241887 0.018621 0.319877
0 4 0.301339 0.271494 0.199956 0.021190 0.206022
0 1 0.424084 0.247162 0.195875 0.019051 0.113828
0 1 0.434304 0.237271 0.131639 0.010997 0.185790
1 1 0.205991 0.304753 0.197372 0.014419 0.277466
4 1 0.140273 0.230232 0.125304 0.014009 0.490182
4 1 0.119318 0.212429 0.118580 0.015643 0.534030
4 1 0.115414 0.280737 0.235158 0.028319 0.340372
1 2 0.084680 0.320426 0.286438 0.022375 0.286082
4 2 0.058078 0.240392 0.256293 0.013388 0.431849
4 2 0.052198 0.238396 0.292828 0.013863 0.402716
4 2 0.049837 0.240150 0.307034 0.013819 0.389160
4 2 0.043988 0.235473 0.348479 0.014107 0.357952
2 2 0.039123 0.228623 0.399111 0.015011 0.318132
2 2 0.039069 0.236580 0.414422 0.015607 0.294321
2 2 0.039217 0.244396 0.430365 0.016427 0.269595
2 2 0.026064 0.230025 0.553228 0.015883 0.174801
2 2 0.023218 0.214024 0.575677 0.015300 0.171782
2 2 0.024331 0.206264 0.569355 0.016110 0.183941
2 2 0.030091 0.231406 0.539725 0.018246 0.180532
2 2 0.030921 0.244746 0.535222 0.018260 0.170851
2 2 0.023782 0.217901 0.602866 0.017833 0.137618
2 2 0.019805 0.190486 0.650020 0.018017 0.121672
2 2 0.017839 0.184892 0.677107 0.018147 0.102015
2 2 0.020049 0.199008 0.646243 0.017815 0.116885
2 2 0.019779 0.185317 0.673105 0.020587 0.101211
2 2 0.017438 0.165314 0.711410 0.022142 0.083694
2 2 0.023834 0.195734 0.660332 0.025048 0.095052
2 2 0.030016 0.216342 0.625677 0.028635 0.099330
2 2 0.025640 0.199127 0.663723 0.028833 0.082677
2 2 0.029896 0.202325 0.635773 0.030377 0.101630
2 2 0.028476 0.188845 0.653216 0.031634 0.097830
2 2 0.023708 0.178601 0.682780 0.029032 0.085879
2 2 0.021432 0.175265 0.693321 0.026704 0.083278
2 2 0.019400 0.152606 0.722768 0.030722 0.074503
2 2 0.015583 0.136939 0.754192 0.028264 0.065023
2 2 0.020270 0.163956 0.714045 0.029135 0.072595
2 2 0.021713 0.160825 0.727676 0.032598 0.057188
2 2 0.024317 0.133385 0.778174 0.029896 0.034228
2 2 0.021985 0.116853 0.803443 0.024296 0.033423
2 2 0.014126 0.107031 0.835190 0.018967 0.024686
2 1 0.021542 0.141439 0.795352 0.019927 0.021740
2 2 0.039522 0.215378 0.708866 0.020118 0.016116
2 2 0.057381 0.277372 0.627166 0.020313 0.017768
2 2 0.030357 0.208239 0.720119 0.017313 0.023972
2 2 0.011330 0.114348 0.828185 0.016251 0.029885
2 2 0.007487 0.086741 0.867595 0.014261 0.023915
2 1 0.008540 0.100582 0.849282 0.015436 0.026159
2 2 0.012277 0.133612 0.814447 0.016271 0.023392
2 2 0.022699 0.190455 0.736117 0.021262 0.029467
2 2 0.061065 0.284188 0.574395 0.027852 0.052500
2 2 0.125152 0.282245 0.497878 0.042920 0.051805
2 2 0.257160 0.252239 0.403595 0.044080 0.042926
2 2 0.329395 0.230924 0.341370 0.048704 0.049607
0 2 0.447661 0.186727 0.245928 0.057778 0.061907
0 2 0.519651 0.140742 0.177801 0.082459 0.079346
0 2 0.486441 0.140904 0.189775 0.099658 0.083222
0 2 0.468290 0.174408 0.217919 0.064247 0.075135
0 2 0.456685 0.208010 0.263480 0.031968 0.039856
2 2 0.267113 0.255854 0.402557 0.037108 0.037368
2 2 0.252050 0.267036 0.425174 0.027516 0.028224
2 2 0.206737 0.306707 0.437080 0.018023 0.031454
2 2 0.130521 0.287149 0.536366 0.023266 0.022698
2 2 0.246034 0.277501 0.439223 0.017943 0.019299
2 1 0.331560 0.262794 0.372330 0.015036 0.018281
2 1 0.313944 0.265979 0.385273 0.015934 0.018869
2 2 0.328630 0.259439 0.371477 0.018563 0.021891
0 2 0.388796 0.238632 0.322000 0.022777 0.027796
0 2 0.478156 0.204386 0.252681 0.028292 0.036484
0 2 0.542737 0.185992 0.214471 0.023732 0.033069
0 2 0.644488 0.155285 0.159389 0.015709 0.025129
0 2 0.424633 0.228757 0.297013 0.021864 0.027734
0 2 0.383073 0.235257 0.321051 0.027756 0.032863
0 2 0.432348 0.221609 0.286798 0.026352 0.032893
0 2 0.515720 0.197646 0.233997 0.022187 0.030450
0 2 0.508718 0.200973 0.239454 0.021460 0.029395
2 2 0.131912 0.264451 0.459472 0.066309 0.077856
2 2 0.107787 0.298719 0.439583 0.045958 0.107953
2 2 0.074840 0.309997 0.451034 0.037194 0.126935
2 2 0.076591 0.326976 0.423479 0.030282 0.142672
2 2 0.086198 0.340837 0.395986 0.025150 0.151829
2 2 0.083969 0.346482 0.405369 0.022857 0.141323
2 2 0.066859 0.337503 0.403756 0.020465 0.171416
2 2 0.027809 0.237326 0.584237 0.020006 0.130622
2 2 0.021842 0.190567 0.624834 0.018248 0.144508
2 2 0.011136 0.115299 0.773022 0.018757 0.081787
2 2 0.012333 0.115253 0.764670 0.020572 0.087172
2 2 0.011155 0.104709 0.782541 0.020774 0.080820
2 2 0.019874 0.151976 0.674065 0.022026 0.132059
2 2 0.026288 0.190421 0.616651 0.022834 0.143806
2 2 0.035731 0.237025 0.524995 0.021606 0.180644
2 2 0.035993 0.257249 0.513751 0.020260 0.172747
2 2 0.043938 0.303017 0.446340 0.018653 0.188053
2 2 0.034835 0.280755 0.483614 0.016520 0.184276
2 2 0.017443 0.201713 0.645974 0.014580 0.120290
2 2 0.014537 0.172646 0.704058 0.016069 0.092690
2 2 0.013973 0.164780 0.727732 0.017892 0.075623
2 2 0.014522 0.171369 0.721400 0.018109 0.074600
2 2 0.009023 0.127796 0.796469 0.016601 0.050111
2 2 0.007405 0.109151 0.820398 0.015593 0.047454
2 2 0.006477 0.098531 0.838964 0.015725 0.040303
2 2 0.009993 0.129416 0.779741 0.016498 0.064352
2 2 0.007532 0.104626 0.822453 0.016338 0.049052
2 2 0.005153 0.071163 0.868858 0.019342 0.035485
2 2 0.004009 0.054240 0.894568 0.023712 0.023470
2 2 0.006550 0.080588 0.857331 0.022514 0.033017
2 2 0.008537 0.092238 0.836246 0.024720 0.038259
2 2 0.007933 0.082429 0.850998 0.031676 0.026965
2 2 0.005178 0.056875 0.879892 0.039532 0.018523
2 2 0.005516 0.058517 0.875929 0.040882 0.019156
2 2 0.005302 0.050795 0.877624 0.046313 0.019967
2 2 0.007801 0.061856 0.852359 0.050296 0.027688
2 2 0.007483 0.057311 0.853458 0.055677 0.026071
2 2 0.005554 0.046541 0.872021 0.054632 0.021252
2 2 0.006345 0.052121 0.867141 0.049345 0.025047
2 2 0.009136 0.084436 0.828754 0.029018 0.048656
2 2 0.008784 0.086931 0.830996 0.027199 0.046090
2 2 0.008061 0.078409 0.842406 0.031398 0.039725
2 2 0.006427 0.062942 0.867186 0.036546 0.026900
2 2 0.004435 0.051102 0.890964 0.033764 0.019734
2 2 0.004112 0.052401 0.895318 0.028960 0.019209
2 2 0.002783 0.034300 0.909965 0.039021 0.013930
2 2 0.002787 0.033028 0.908948 0.041152 0.014085
2 2 0.003747 0.039042 0.895797 0.044228 0.017186
2 2 0.006061 0.054045 0.868868 0.049623 0.021404
2 2 0.004886 0.044240 0.875624 0.058339 0.016912
2 2 0.005151 0.048701 0.876009 0.052328 0.017810
2 2 0.003732 0.040557 0.894394 0.046063 0.015253
2 2 0.003213 0.035557 0.899787 0.047527 0.013916
2 2 0.003310 0.028647 0.881600 0.073184 0.013258
2 2 0.003565 0.029352 0.871373 0.083054 0.012656
2 2 0.004777 0.033930 0.852614 0.093709 0.014969
2 2 0.005018 0.033519 0.845832 0.100102 0.015529
2 2 0.004121 0.024620 0.808943 0.151544 0.010772
2 2 0.004658 0.027556 0.812335 0.143387 0.012063
2 2 0.005746 0.034729 0.825623 0.118530 0.015372
2 2 0.009774 0.070941 0.841506 0.036170 0.041608
2 2 0.018598 0.110964 0.780718 0.041192 0.048527
2 2 0.025878 0.161229 0.744590 0.036813 0.031490
2 1 0.016104 0.138646 0.788197 0.030558 0.026496
2 2 0.001741 0.027896 0.927915 0.032727 0.009721
2 2 0.002352 0.035689 0.916435 0.034996 0.010528
2 2 0.002578 0.044097 0.915776 0.027900 0.009649
2 2 0.004174 0.055218 0.900050 0.029939 0.010618
2 2 0.006220 0.058502 0.888156 0.033115 0.014007
2 2 0.019887 0.107716 0.818380 0.031644 0.022373
2 2 0.039745 0.161477 0.741779 0.026418 0.030581
2 2 0.029063 0.138868 0.764581 0.031027 0.036460
2 2 0.024041 0.139849 0.767233 0.033920 0.034957
2 1 0.032342 0.183058 0.694003 0.043809 0.046787
2 2 0.036830 0.229758 0.620622 0.039690 0.073101
2 2 0.023007 0.152350 0.712408 0.040543 0.071692
2 2 0.038122 0.192948 0.623520 0.035888 0.109522
2 2 0.049358 0.199364 0.656913 0.035028 0.059337
2 2 0.020047 0.139738 0.777660 0.026896 0.035660
2 2 0.013006 0.115727 0.816000 0.025282 0.029985
2 1 0.011756 0.107755 0.816381 0.031375 0.032734
2 2 0.013282 0.120915 0.799612 0.034489 0.031702
2 2 0.015749 0.144773 0.767012 0.031680 0.040787
2 2 0.003841 0.040731 0.897870 0.037652 0.019906
2 2 0.006691 0.053270 0.857868 0.035528 0.046644
2 2 0.007349 0.058295 0.841864 0.030746 0.061747
2 2 0.010331 0.083020 0.779572 0.022149 0.104928
2 2 0.012205 0.101821 0.735618 0.018285 0.132072
2 2 0.018099 0.131847 0.605302 0.015793 0.228959
2 2 0.020736 0.153287 0.539276 0.013646 0.273056
2 2 0.024050 0.156658 0.441453 0.011703 0.366137
2 2 0.019652 0.155644 0.573346 0.014186 0.237172
2 2 0.023340 0.176874 0.520942 0.013707 0.265136
2 2 0.023752 0.185149 0.498235 0.012591 0.280272
2 1 0.024655 0.186364 0.413398 0.009744 0.365839
4 2 0.027141 0.195244 0.379465 0.009461 0.388690
4 2 0.045860 0.251252 0.283967 0.010845 0.408076
4 2 0.066613 0.305283 0.279741 0.015787 0.332576
4 2 0.069038 0.294667 0.273947 0.016404 0.345944
4 4 0.048264 0.223089 0.298438 0.013352 0.416856
4 4 0.060066 0.210734 0.211569 0.012085 0.505547
4 4 0.064438 0.144192 0.098052 0.007442 0.685877
4 4 0.062001 0.113295 0.063008 0.005366 0.756330
4 4 0.046211 0.096486 0.047787 0.003130 0.806386
4 4 0.043253 0.093072 0.042770 0.002639 0.818267
4 4 0.040450 0.090012 0.030877 0.001781 0.836881
4 4 0.053147 0.105590 0.028872 0.002079 0.810312
4 4 0.055222 0.107692 0.033413 0.002497 0.801176
4 4 0.069900 0.140039 0.085255 0.007299 0.697507
4 4 0.072620 0.182144 0.120216 0.009093 0.615927
4 4 0.069487 0.220521 0.164377 0.010595 0.535019
4 4 0.060245 0.231452 0.221870 0.012054 0.474380
4 4 0.055117 0.212026 0.230503 0.011900 0.490455
4 4 0.052692 0.199506 0.231561 0.011760 0.504481
4 4 0.048673 0.187877 0.232638 0.011112 0.519700
4 4 0.049817 0.157686 0.174565 0.009334 0.608597
4 4 0.048847 0.127256 0.125163 0.007430 0.691304
4 4 0.048077 0.106497 0.094731 0.006218 0.744477
4 4 0.035870 0.082075 0.076087 0.004174 0.801794
4 4 0.030625 0.074791 0.075250 0.003633 0.815701
4 4 0.052737 0.103961 0.051034 0.003742 0.788526
4 4 0.059172 0.111123 0.049311 0.003976 0.776419
4 4 0.066198 0.118900 0.041176 0.003620 0.770106
4 4 0.088933 0.139329 0.049442 0.005687 0.716608
4 4 0.093078 0.142409 0.054113 0.006523 0.703878
4 4 0.093365 0.164033 0.072961 0.008037 0.661603
4 4 0.095545 0.222673 0.117935 0.011115 0.552732
4 4 0.073114 0.238172 0.166321 0.010905 0.511488
4 4 0.058886 0.198783 0.171631 0.009616 0.561085
4 4 0.048928 0.199176 0.213501 0.009690 0.528705
4 4 0.047728 0.190588 0.203394 0.009143 0.549147
4 4 0.049834 0.209405 0.236804 0.010852 0.493104
4 1 0.055889 0.210922 0.230582 0.012170 0.490437
4 1 0.060899 0.233226 0.246643 0.013861 0.445371
4 2 0.046450 0.184519 0.234852 0.010706 0.523473
4 2 0.045074 0.167809 0.197834 0.009016 0.580267
4 2 0.046034 0.155339 0.167991 0.008154 0.622481
4 4 0.048664 0.154660 0.154984 0.008039 0.633653
4 4 0.051250 0.152314 0.140997 0.007838 0.647601
4 4 0.053454 0.164354 0.148883 0.008301 0.625007
4 4 0.044956 0.180350 0.230931 0.010218 0.533545
4 4 0.041860 0.179289 0.253203 0.010443 0.515206
4 4 0.041449 0.164160 0.233783 0.009987 0.550621
4 4 0.042215 0.151146 0.202829 0.009214 0.594596
4 4 0.042342 0.132358 0.155731 0.007602 0.661968
4 4 0.037576 0.116719 0.148693 0.006829 0.690184
4 4 0.032485 0.077117 0.084151 0.004297 0.801950
4 4 0.027150 0.070059 0.061903 0.002680 0.838207
4 4 0.032520 0.078406 0.050696 0.002505 0.835872
4 4 0.039536 0.087773 0.055390 0.003219 0.814082
4 4 0.047974 0.098128 0.057515 0.003925 0.792458
4 4 0.055561 0.106792 0.056946 0.004390 0.776311
4 4 0.053124 0.104309 0.052714 0.003896 0.785957
4 4 0.056006 0.112335 0.071331 0.005387 0.754941
4 4 0.043616 0.119149 0.125405 0.006769 0.705061
4 4 0.045913 0.124153 0.127497 0.007131 0.695306
4 4 0.049446 0.139311 0.144365 0.008222 0.658656
4 4 0.048872 0.164741 0.196739 0.010098 0.579550
4 4 0.055426 0.225228 0.276023 0.014419 0.428904
4 4 0.060572 0.273267 0.288455 0.015320 0.362386
4 4 0.062944 0.302406 0.282191 0.014851 0.337608
4 1 0.053984 0.293546 0.285972 0.012462 0.354036
2 1 0.051650 0.301391 0.319777 0.013553 0.313628
2 2 0.050671 0.317149 0.358658 0.015405 0.258118
2 2 0.048476 0.318605 0.403538 0.017733 0.211648
2 2 0.047295 0.293090 0.415023 0.018479 0.226112
2 2 0.034908 0.225845 0.460483 0.016420 0.262345
2 2 0.032599 0.214659 0.462935 0.015523 0.274283
2 2 0.031099 0.207910 0.457913 0.014557 0.288520
2 2 0.029753 0.207271 0.460222 0.013863 0.288892
2 2 0.031362 0.213667 0.445399 0.013836 0.295736
2 2 0.036280 0.236883 0.421643 0.014517 0.290677
2 2 0.049506 0.285355 0.355469 0.015372 0.294298
2 1 0.055937 0.316124 0.333330 0.015754 0.278855
1 1 0.069257 0.339305 0.281950 0.014444 0.295044
2 2 0.050046 0.302690 0.356966 0.015303 0.274995
2 2 0.042516 0.293235 0.418554 0.016176 0.229518
2 2 0.034257 0.279175 0.493863 0.016927 0.175778
2 2 0.036243 0.271236 0.494730 0.018517 0.179275
2 2 0.027154 0.216890 0.564541 0.018017 0.173398
2 2 0.005113 0.054272 0.881574 0.030167 0.028874
2 2 0.006133 0.066789 0.861969 0.023621 0.041488
2 2 0.006290 0.070459 0.855448 0.020230 0.047572
2 2 0.007832 0.087226 0.826257 0.018528 0.060157
2 2 0.011845 0.116213 0.757861 0.018514 0.095568
2 2 0.013732 0.136688 0.713702 0.016689 0.119189
2 2 0.015636 0.150881 0.688337 0.016907 0.128239
2 2 0.013966 0.149626 0.708967 0.016120 0.111320
2 2 0.011591 0.135969 0.744599 0.015700 0.092140
2 2 0.010622 0.132205 0.741666 0.013765 0.101743
2 2 0.008615 0.115069 0.781985 0.013820 0.080511
2 2 0.008429 0.115116 0.786697 0.013854 0.075904
2 2 0.008123 0.108268 0.806814 0.015631 0.061163
2 2 0.009081 0.116753 0.798657 0.017012 0.058496
2 2 0.010090 0.123863 0.784221 0.017437 0.064390
2 2 0.010947 0.131577 0.762692 0.016459 0.078325
2 2 0.008025 0.106936 0.800908 0.014646 0.069486
2 2 0.007459 0.096861 0.817564 0.015489 0.062627
2 2 0.009805 0.108130 0.780319 0.016759 0.084986
2 2 0.009012 0.099920 0.806465 0.018485 0.066118
2 2 0.010360 0.108746 0.785803 0.018837 0.076254
2 2 0.007631 0.081672 0.841571 0.025333 0.043794
2 2 0.006079 0.065948 0.867412 0.029649 0.030912
2 2 0.004151 0.045254 0.892753 0.039739 0.018104
2 2 0.004179 0.044292 0.894092 0.036669 0.020768
2 2 0.003686 0.040502 0.900738 0.034951 0.020122
2 2 0.003736 0.042151 0.901041 0.031791 0.021281
2 2 0.003888 0.042372 0.897086 0.037628 0.019025
2 2 0.003971 0.044159 0.893769 0.041557 0.016544
2 2 0.006021 0.062445 0.870497 0.036385 0.024651
2 2 0.007177 0.075421 0.855409 0.033418 0.028575
2 2 0.007712 0.080731 0.847143 0.032704 0.031710
2 2 0.008888 0.084009 0.836276 0.037580 0.033247
2 2 0.011219 0.096387 0.814197 0.042688 0.035509
2 2 0.013668 0.111805 0.790228 0.041378 0.042920
2 2 0.016481 0.126884 0.764712 0.041836 0.050087
2 2 0.016408 0.125814 0.765800 0.041974 0.050005
2 2 0.015917 0.124001 0.770550 0.042852 0.046679
2 2 0.014252 0.114214 0.785601 0.042677 0.043256
2 2 0.007794 0.072708 0.849464 0.046718 0.023315
2 2 0.005993 0.053393 0.863637 0.059442 0.017534
2 2 0.007342 0.057762 0.851210 0.062457 0.021227
2 2 0.016676 0.088383 0.790499 0.058283 0.046159
2 1 0.021384 0.091028 0.793376 0.045422 0.048790
2 2 0.010204 0.068861 0.839871 0.032844 0.048220
2 2 0.009791 0.069788 0.828331 0.029694 0.062396
2 2 0.015471 0.114655 0.781238 0.030388 0.058248
2 2 0.019825 0.169246 0.722375 0.030078 0.058476
2 2 0.016868 0.182384 0.730585 0.026154 0.044009
2 2 0.003885 0.048749 0.898904 0.028646 0.019816
2 2 0.003193 0.041030 0.906873 0.033073 0.015831
2 2 0.002201 0.030978 0.920800 0.033609 0.012411
2 2 0.001635 0.023937 0.929743 0.033830 0.010856
2 2 0.001655 0.020739 0.921838 0.045397 0.010372
2 2 0.002317 0.025005 0.913341 0.044687 0.014650
2 2 0.002364 0.023883 0.905219 0.055566 0.012967
2 2 0.003045 0.028594 0.896549 0.056681 0.015131
2 2 0.003920 0.031480 0.869516 0.081286 0.013798
2 2 0.005680 0.040010 0.847689 0.090299 0.016321
2 2 0.006683 0.037406 0.809779 0.130115 0.016017
2 2 0.013026 0.023170 0.535621 0.407736 0.020447
3 2 0.013290 0.019662 0.456108 0.493493 0.017447
2 2 0.013864 0.023442 0.487584 0.458109 0.017002
2 2 0.015341 0.031236 0.553007 0.381303 0.019112
2 2 0.015096 0.029341 0.527381 0.410622 0.017560
3 2 0.017246 0.027614 0.458976 0.479236 0.016928
3 2 0.011802 0.015905 0.364772 0.596544 0.010977
3 2 0.008829 0.010175 0.292927 0.680166 0.007903
3 2 0.007041 0.006572 0.231866 0.748089 0.006432
3 2 0.006101 0.004929 0.193778 0.789718 0.005474
3 2 0.005736 0.004918 0.201221 0.782880 0.005245
3 2 0.007799 0.006085 0.196455 0.783261 0.006400
3 2 0.008358 0.006532 0.195517 0.783153 0.006440
3 3 0.009596 0.007123 0.177962 0.799280 0.006039
3 3 0.012374 0.008479 0.171665 0.800547 0.006935
3 3 0.014315 0.009377 0.158462 0.811190 0.006655
3 3 0.017917 0.014702 0.212633 0.745977 0.008771
3 3 0.016731 0.014496 0.226842 0.732970 0.008961
3 3 0.013530 0.009853 0.175941 0.793954 0.006723
3 3 0.011245 0.007361 0.145431 0.830716 0.005246
3 3 0.017543 0.013508 0.208208 0.751424 0.009317
3 3 0.018335 0.021366 0.331039 0.616401 0.012858
3 3 0.021441 0.032380 0.450122 0.476822 0.019235
3 3 0.017997 0.022049 0.379433 0.564119 0.016402
3 3 0.017876 0.020773 0.358880 0.586868 0.015603
3 3 0.027572 0.033207 0.406536 0.508983 0.023702
2 3 0.033723 0.047906 0.464951 0.424733 0.028687
3 3 0.036598 0.042091 0.417265 0.472830 0.031215
3 3 0.022175 0.020869 0.303022 0.637790 0.016144
3 3 0.030451 0.020617 0.218742 0.714760 0.015429
3 3 0.036557 0.023022 0.208989 0.714522 0.016910
3 3 0.056061 0.042765 0.304661 0.562622 0.033891
2 2 0.028845 0.057476 0.590524 0.288114 0.035042
2 2 0.023625 0.093850 0.742970 0.100749 0.038805
2 2 0.016641 0.115997 0.807255 0.033323 0.026784
2 2 0.040540 0.206805 0.710390 0.023008 0.019257
