0 0 0.748610 0.143387 0.032620 0.012128 0.063255
0 0 0.860511 0.090692 0.012062 0.003505 0.033231
0 0 0.829046 0.106863 0.017031 0.005377 0.041684
0 0 0.844506 0.099060 0.014505 0.004405 0.037525
0 0 0.827084 0.104748 0.017104 0.005811 0.045253
0 0 0.844574 0.072030 0.014560 0.009862 0.058974
0 0 0.838263 0.056273 0.014720 0.017688 0.073056
0 0 0.870983 0.033687 0.009463 0.019828 0.066039
0 0 0.886945 0.030383 0.008910 0.020138 0.053624
0 0 0.849573 0.040678 0.014805 0.032252 0.062692
0 1 0.791194 0.070097 0.028424 0.040469 0.069816
0 1 0.681585 0.115302 0.052917 0.054115 0.096080
0 2 0.556836 0.167628 0.087195 0.067702 0.120639
0 2 0.548429 0.207868 0.087318 0.043021 0.113363
0 2 0.579194 0.200332 0.077510 0.036774 0.106191
0 2 0.440979 0.224627 0.171427 0.074144 0.088824
0 2 0.547638 0.208266 0.121589 0.046804 0.075703
0 2 0.592641 0.193875 0.125806 0.037884 0.049793
0 2 0.576646 0.192865 0.149139 0.040265 0.041085
0 2 0.744588 0.148434 0.051607 0.014516 0.040855
0 2 0.820236 0.112441 0.020449 0.006247 0.040627
0 2 0.801190 0.122764 0.027075 0.008070 0.040902
0 2 0.777449 0.134357 0.036211 0.010572 0.041411
0 2 0.792395 0.124322 0.023640 0.008095 0.051548
0 1 0.873945 0.069050 0.012650 0.006957 0.037398
0 1 0.894806 0.049817 0.010592 0.009241 0.035545
0 1 0.878474 0.048319 0.013386 0.016656 0.043164
0 1 0.846150 0.076318 0.017783 0.012109 0.047640
0 0 0.925079 0.041764 0.005982 0.003653 0.023522
0 0 0.957933 0.026191 0.002341 0.001131 0.012405
0 1 0.948108 0.033598 0.002983 0.001173 0.014139
0 1 0.945441 0.036567 0.003022 0.001012 0.013959
0 0 0.939395 0.041185 0.003421 0.001048 0.014952
0 0 0.959370 0.024747 0.002291 0.001212 0.012379
0 0 0.961391 0.023330 0.002151 0.001186 0.011942
0 0 0.964503 0.020961 0.001959 0.001195 0.011382
0 1 0.919159 0.042101 0.005923 0.003802 0.029014
0 1 0.821996 0.043037 0.010179 0.016487 0.108301
0 1 0.798739 0.053067 0.013116 0.018298 0.116780
0 2 0.771480 0.073148 0.018521 0.018964 0.117888
0 2 0.697108 0.136608 0.037871 0.019400 0.109014
0 2 0.628480 0.187935 0.062315 0.025871 0.095399
0 2 0.572151 0.205926 0.078546 0.032410 0.110967
0 2 0.487560 0.234136 0.104204 0.034916 0.139184
0 2 0.313967 0.267748 0.233968 0.051462 0.132856
2 2 0.191187 0.240404 0.415603 0.068901 0.083905
2 2 0.191119 0.255575 0.388256 0.058977 0.106072
2 2 0.217322 0.269886 0.336396 0.050529 0.125866
2 2 0.206400 0.257847 0.373467 0.057591 0.104695
2 2 0.171958 0.230385 0.454196 0.069746 0.073715
2 2 0.147539 0.219319 0.495280 0.070797 0.067066
2 2 0.102095 0.187160 0.584285 0.076050 0.050410
2 2 0.063120 0.136652 0.678331 0.093824 0.028073
2 2 0.067076 0.121179 0.653980 0.136570 0.021195
2 3 0.071997 0.107839 0.616058 0.187886 0.016221
2 3 0.071981 0.103464 0.602357 0.205197 0.017000
2 3 0.060321 0.084503 0.602357 0.238311 0.014508
2 3 0.056101 0.075233 0.599676 0.255971 0.013019
2 3 0.060550 0.081190 0.613028 0.232428 0.012804
2 3 0.072884 0.089847 0.601150 0.221898 0.014221
2 3 0.063728 0.075351 0.520921 0.320651 0.019350
2 3 0.058177 0.066749 0.508865 0.348205 0.018004
2 3 0.059119 0.068889 0.514564 0.339257 0.018171
2 3 0.055355 0.065548 0.526112 0.336691 0.016294
2 3 0.052911 0.069895 0.575448 0.287852 0.013894
2 3 0.050854 0.071932 0.605162 0.259645 0.012407
2 3 0.065331 0.085100 0.586572 0.247529 0.015467
2 3 0.076989 0.084183 0.532288 0.287267 0.019273
2 3 0.089998 0.082062 0.466332 0.336658 0.024950
2 3 0.109486 0.086958 0.425479 0.347356 0.030721
3 3 0.092501 0.071131 0.397435 0.409476 0.029457
3 3 0.101973 0.076671 0.385072 0.402610 0.033674
3 3 0.092749 0.071638 0.375717 0.426159 0.033737
2 3 0.113402 0.089512 0.385887 0.371599 0.039599
3 3 0.107714 0.084105 0.378528 0.390721 0.038933
3 3 0.100620 0.078375 0.371464 0.411576 0.037965
3 3 0.073265 0.062300 0.377561 0.456177 0.030697
3 3 0.065611 0.052362 0.342542 0.508649 0.030836
3 3 0.061153 0.043116 0.295727 0.567931 0.032072
3 3 0.049869 0.030112 0.244613 0.646538 0.028868
3 3 0.054029 0.032726 0.252417 0.630574 0.030254
3 3 0.073110 0.041846 0.264347 0.584280 0.036417
3 3 0.088730 0.042903 0.231939 0.592256 0.044173
3 3 0.063653 0.029183 0.198766 0.672540 0.035858
3 3 0.062591 0.028524 0.195983 0.677377 0.035526
3 3 0.060580 0.029555 0.214387 0.663054 0.032424
3 3 0.082355 0.043772 0.252712 0.581765 0.039397
3 3 0.096318 0.052330 0.269532 0.539594 0.042226
3 3 0.148072 0.091172 0.317497 0.390586 0.052673
3 3 0.147376 0.103003 0.344268 0.352684 0.052670
3 3 0.148660 0.106056 0.343321 0.347224 0.054739
2 3 0.137433 0.107130 0.362619 0.341019 0.051799
3 3 0.095424 0.074664 0.357635 0.432894 0.039382
3 3 0.103228 0.074018 0.329875 0.447526 0.045354
3 3 0.071612 0.042543 0.260918 0.587139 0.037788
3 3 0.053224 0.031671 0.248691 0.637118 0.029296
3 3 0.043863 0.025823 0.235876 0.669670 0.024769
3 3 0.065977 0.036083 0.251007 0.614858 0.032074
3 3 0.088003 0.043360 0.245991 0.583355 0.039291
3 3 0.180926 0.086427 0.278203 0.398831 0.055613
0 3 0.375378 0.138038 0.208495 0.199757 0.078333
0 2 0.486063 0.158957 0.157975 0.115818 0.081188
0 1 0.642543 0.142926 0.079179 0.054845 0.080507
0 2 0.765468 0.110871 0.033259 0.021716 0.068686
0 2 0.829327 0.085170 0.020542 0.013254 0.051707
0 1 0.861138 0.078907 0.014077 0.006680 0.039199
0 1 0.872667 0.072854 0.012377 0.005914 0.036189
0 1 0.825395 0.092049 0.020592 0.011309 0.050656
0 1 0.824114 0.081865 0.022020 0.016804 0.055197
0 2 0.845931 0.062036 0.018702 0.020874 0.052457
0 2 0.836059 0.067445 0.020393 0.021251 0.054852
0 2 0.841615 0.073931 0.018964 0.014937 0.050553
0 2 0.819248 0.095674 0.021573 0.011558 0.051947
0 2 0.703483 0.157481 0.043723 0.018728 0.076585
0 2 0.542380 0.216195 0.087226 0.033593 0.120607
0 2 0.450758 0.248966 0.114300 0.030199 0.155778
0 2 0.413755 0.262558 0.124645 0.026233 0.172809
0 2 0.366834 0.271291 0.164210 0.033771 0.163894
0 2 0.296103 0.265806 0.270480 0.052503 0.115109
2 2 0.273651 0.259538 0.304033 0.059213 0.103565
0 2 0.411362 0.255172 0.132910 0.037639 0.162917
0 2 0.454990 0.242926 0.115532 0.036954 0.149598
0 2 0.409126 0.256671 0.131242 0.035786 0.167175
1 2 0.264753 0.284613 0.233588 0.038651 0.178395
2 2 0.240965 0.277721 0.292024 0.045690 0.143600
2 2 0.200252 0.262237 0.376198 0.051828 0.109485
2 2 0.209765 0.242479 0.405394 0.063795 0.078568
2 2 0.139299 0.197701 0.543457 0.073329 0.046215
2 2 0.168510 0.209129 0.491763 0.078587 0.052012
2 2 0.136902 0.183542 0.547454 0.092441 0.039662
2 2 0.158521 0.199480 0.499556 0.092982 0.049460
2 2 0.214636 0.226376 0.406911 0.085022 0.067056
2 2 0.186754 0.240179 0.415568 0.070898 0.086601
2 2 0.116714 0.198640 0.547141 0.079601 0.057904
2 2 0.062025 0.143660 0.674119 0.087199 0.032997
2 2 0.042439 0.108798 0.735875 0.093720 0.019169
2 2 0.055301 0.132561 0.694485 0.089427 0.028227
2 2 0.048936 0.126894 0.706631 0.089946 0.027593
2 2 0.046456 0.126752 0.712106 0.086224 0.028462
2 2 0.042329 0.113715 0.734380 0.087873 0.021703
2 2 0.061160 0.144686 0.683808 0.077846 0.032499
2 2 0.051595 0.129615 0.717128 0.075757 0.025906
2 2 0.041993 0.115971 0.748100 0.072495 0.021442
2 2 0.034716 0.107299 0.767613 0.070484 0.019888
2 2 0.033909 0.105246 0.766440 0.074802 0.019602
2 2 0.031484 0.099212 0.772236 0.079243 0.017824
2 2 0.026905 0.091625 0.794700 0.071342 0.015427
2 2 0.031314 0.107902 0.769633 0.068724 0.022427
2 2 0.029338 0.106131 0.778352 0.064099 0.022080
2 2 0.044413 0.125472 0.722253 0.080051 0.027812
2 2 0.068431 0.148978 0.647879 0.098464 0.036248
2 2 0.077197 0.150908 0.622359 0.113208 0.036328
2 2 0.074617 0.156242 0.621213 0.106552 0.041376
2 2 0.054203 0.143448 0.675694 0.088496 0.038158
2 2 0.062843 0.172973 0.638295 0.067986 0.057903
2 2 0.050388 0.170473 0.665654 0.051901 0.061583
2 2 0.069067 0.201707 0.597443 0.048618 0.083165
2 2 0.028937 0.118451 0.774253 0.049018 0.029342
2 2 0.039287 0.121888 0.747340 0.065327 0.026158
2 2 0.064802 0.134708 0.685161 0.089919 0.025410
2 2 0.091415 0.153188 0.619060 0.105210 0.031127
2 2 0.094472 0.138784 0.599478 0.142081 0.025185
2 2 0.082687 0.115462 0.601993 0.182253 0.017605
2 2 0.086108 0.118506 0.594404 0.182409 0.018573
2 2 0.091219 0.122653 0.584511 0.181799 0.019819
2 2 0.105404 0.134730 0.553173 0.182308 0.024384
2 2 0.099715 0.133203 0.552112 0.189595 0.025375
2 2 0.091770 0.117968 0.527992 0.234578 0.027692
2 3 0.095880 0.122139 0.506610 0.243304 0.032068
2 3 0.111932 0.125731 0.464116 0.259235 0.038987
2 3 0.107926 0.123528 0.464505 0.265019 0.039022
2 3 0.119802 0.114859 0.407359 0.310843 0.047136
2 3 0.112441 0.099622 0.396084 0.348380 0.043472
2 3 0.122656 0.097616 0.371452 0.361760 0.046517
3 3 0.162397 0.111959 0.331331 0.334715 0.059598
3 3 0.123464 0.075874 0.306342 0.444807 0.049513
3 3 0.097183 0.066531 0.346049 0.453401 0.036837
3 3 0.110414 0.072580 0.352371 0.427370 0.037264
3 3 0.097271 0.062136 0.342661 0.463919 0.034011
3 3 0.102608 0.064167 0.334060 0.462468 0.036696
3 3 0.109048 0.071885 0.334856 0.444035 0.040176
3 3 0.098276 0.059294 0.295454 0.504621 0.042355
3 3 0.111336 0.065503 0.293964 0.482095 0.047102
3 3 0.131594 0.075898 0.289766 0.448364 0.054379
3 3 0.081456 0.046627 0.257541 0.572620 0.041756
3 3 0.060843 0.036422 0.249578 0.619342 0.033815
3 3 0.040244 0.021857 0.207730 0.705884 0.024285
3 3 0.051083 0.029601 0.229712 0.658207 0.031396
3 3 0.060034 0.032689 0.219720 0.649315 0.038242
3 3 0.062358 0.035212 0.232286 0.632421 0.037723
3 3 0.073171 0.039084 0.231082 0.614897 0.041767
3 3 0.064303 0.032600 0.212621 0.652139 0.038337
3 3 0.074809 0.041547 0.242003 0.600848 0.040794
3 3 0.104133 0.061009 0.275210 0.510344 0.049304
3 3 0.136124 0.088251 0.308313 0.410240 0.057072
3 3 0.124829 0.094106 0.358179 0.375418 0.047468
2 3 0.144751 0.113271 0.380987 0.312970 0.048021
2 3 0.148656 0.114428 0.387555 0.303524 0.045837
2 3 0.117025 0.090358 0.383117 0.369442 0.040059
3 3 0.097088 0.064385 0.320368 0.477650 0.040509
3 3 0.096632 0.051869 0.251311 0.551558 0.048629
3 3 0.088980 0.042496 0.213012 0.604116 0.051397
3 3 0.072511 0.034014 0.202402 0.647950 0.043122
3 3 0.080458 0.035135 0.203560 0.637786 0.043062
3 3 0.080064 0.033569 0.198855 0.645209 0.042303
3 3 0.087138 0.035545 0.190721 0.637924 0.048671
3 3 0.075783 0.033309 0.193545 0.652715 0.044648
3 3 0.082884 0.041626 0.229078 0.601842 0.044571
3 3 0.072915 0.036229 0.219367 0.630825 0.040664
3 3 0.058371 0.028393 0.201340 0.676949 0.034948
3 3 0.054359 0.026794 0.202276 0.684204 0.032367
3 3 0.066027 0.033525 0.228606 0.637464 0.034378
3 3 0.114253 0.057945 0.271972 0.511347 0.044482
3 3 0.138443 0.072896 0.289632 0.449858 0.049171
3 3 0.143957 0.077634 0.289500 0.437041 0.051868
3 3 0.113181 0.067792 0.311341 0.465791 0.041896
3 3 0.129308 0.071340 0.298520 0.455659 0.045172
3 3 0.121141 0.060013 0.263849 0.508446 0.046552
3 3 0.158376 0.067167 0.226101 0.484479 0.063877
3 3 0.122170 0.055439 0.223167 0.542386 0.056839
3 3 0.169034 0.074809 0.226381 0.460307 0.069469
3 3 0.149613 0.065977 0.222244 0.497711 0.064455
3 3 0.140934 0.058123 0.207678 0.530509 0.062757
3 3 0.129618 0.054780 0.210346 0.544680 0.060577
3 3 0.106873 0.043241 0.195747 0.599887 0.054251
3 3 0.067623 0.032113 0.213103 0.650699 0.036462
3 3 0.054342 0.029707 0.230851 0.655565 0.029535
3 3 0.050160 0.026596 0.223436 0.673393 0.026415
3 3 0.045628 0.024426 0.218780 0.686514 0.024652
3 3 0.059753 0.031620 0.237161 0.642551 0.028915
3 3 0.081140 0.043215 0.259269 0.581595 0.034781
3 3 0.080934 0.046952 0.278816 0.558527 0.034771
3 3 0.109874 0.063107 0.287772 0.495334 0.043913
3 3 0.113221 0.064382 0.279186 0.495061 0.048151
3 3 0.162927 0.087488 0.272660 0.413965 0.062960
3 2 0.210076 0.113017 0.276757 0.328697 0.071452
2 2 0.216794 0.132700 0.308214 0.274916 0.067376
2 2 0.188998 0.154143 0.382494 0.220577 0.053788
2 2 0.242506 0.195452 0.356336 0.148722 0.056984
2 2 0.291448 0.209284 0.324082 0.119207 0.055980
1 2 0.194321 0.296206 0.222436 0.024083 0.262954
1 2 0.198365 0.298672 0.216641 0.021678 0.264643
1 2 0.165236 0.296623 0.237863 0.021378 0.278900
2 2 0.131828 0.287237 0.328280 0.026638 0.226017
2 2 0.130550 0.282594 0.351407 0.029919 0.205530
2 2 0.105573 0.263347 0.435572 0.033327 0.162181
2 2 0.159965 0.291212 0.306072 0.028777 0.213974
1 2 0.158579 0.295227 0.280338 0.024535 0.241321
1 2 0.146248 0.299774 0.241461 0.016024 0.296494
4 4 0.134855 0.304065 0.236983 0.011299 0.312798
4 4 0.116950 0.303397 0.242014 0.008870 0.328768
4 4 0.103932 0.294437 0.247397 0.008465 0.345769
4 4 0.107817 0.300370 0.244279 0.007967 0.339567
4 4 0.135524 0.294444 0.213515 0.008370 0.348147
4 4 0.146509 0.296796 0.211920 0.009433 0.335342
4 4 0.199730 0.291140 0.183577 0.011846 0.313707
1 4 0.225252 0.306737 0.188620 0.014336 0.265055
1 4 0.277991 0.301872 0.164024 0.014559 0.241554
1 4 0.288016 0.299624 0.158860 0.014406 0.239094
0 4 0.284045 0.282327 0.144003 0.011791 0.277834
1 4 0.244779 0.296267 0.164611 0.011437 0.282906
4 4 0.189676 0.295617 0.187040 0.010521 0.317146
4 4 0.223984 0.294989 0.160500 0.008302 0.312226
0 4 0.470499 0.259659 0.092812 0.011251 0.165779
0 4 0.631255 0.194382 0.057778 0.015899 0.100686
0 4 0.578148 0.206771 0.075680 0.027873 0.111528
0 4 0.609909 0.191941 0.068220 0.031129 0.098800
0 4 0.602015 0.194179 0.070560 0.032526 0.100720
0 4 0.623146 0.188061 0.064372 0.028870 0.095551
0 4 0.676367 0.170864 0.049847 0.020774 0.082147
0 4 0.713736 0.152909 0.038688 0.014503 0.080164
4 4 0.338418 0.154943 0.071843 0.016525 0.418271
0 4 0.483671 0.144326 0.052385 0.016302 0.303316
0 4 0.579600 0.150874 0.048584 0.016937 0.204005
0 4 0.607596 0.162675 0.048423 0.013878 0.167428
0 4 0.558155 0.184693 0.056464 0.010951 0.189736
0 4 0.415256 0.224421 0.079481 0.007567 0.273275
4 4 0.305099 0.247804 0.102404 0.006025 0.338669
4 4 0.213959 0.248081 0.126801 0.006038 0.405121
4 4 0.248385 0.236726 0.114731 0.007140 0.393018
4 4 0.268881 0.209590 0.096196 0.007369 0.417964
4 4 0.342790 0.177184 0.074733 0.010570 0.394722
0 4 0.396341 0.173930 0.071174 0.013861 0.344695
0 4 0.435792 0.156429 0.059792 0.014354 0.333633
0 4 0.437795 0.170132 0.065533 0.014332 0.312208
4 4 0.367629 0.170540 0.073705 0.014411 0.373716
4 4 0.319869 0.205183 0.094804 0.011961 0.368184
4 4 0.221900 0.197767 0.104217 0.008462 0.467654
4 4 0.225365 0.226265 0.112377 0.006360 0.429633
4 4 0.166409 0.192874 0.102327 0.004424 0.533966
4 4 0.173486 0.200644 0.102226 0.004026 0.519618
4 4 0.167352 0.194253 0.099218 0.003809 0.535368
4 4 0.157041 0.194921 0.104502 0.004004 0.539531
4 4 0.157896 0.201010 0.107013 0.003866 0.530215
4 4 0.134181 0.213656 0.126286 0.003940 0.521937
4 2 0.144080 0.236226 0.139662 0.004415 0.475617
4 2 0.098036 0.251660 0.193503 0.005292 0.451509
4 2 0.076092 0.268951 0.246563 0.006106 0.402287
4 2 0.050075 0.265466 0.310759 0.006825 0.366875
4 2 0.049464 0.262457 0.318496 0.007810 0.361773
4 2 0.054801 0.270777 0.301997 0.006748 0.365677
4 2 0.050310 0.265916 0.309802 0.006752 0.367220
4 2 0.048319 0.264077 0.312074 0.006564 0.368965
4 2 0.047031 0.263600 0.311313 0.006153 0.371903
4 2 0.045421 0.261791 0.313826 0.006078 0.372883
4 2 0.041064 0.255937 0.322812 0.006077 0.374110
4 2 0.041186 0.255072 0.325711 0.006469 0.371562
4 2 0.045777 0.259316 0.321797 0.007236 0.365874
4 2 0.044104 0.255075 0.331232 0.008166 0.361424
4 2 0.040996 0.248713 0.343986 0.009208 0.357097
4 2 0.040637 0.245953 0.351078 0.010430 0.351902
2 2 0.042970 0.247268 0.371755 0.012064 0.325942
2 2 0.044135 0.244340 0.419811 0.014910 0.276804
2 2 0.052422 0.256182 0.349813 0.013547 0.328037
2 2 0.044397 0.243160 0.432073 0.015668 0.264702
2 2 0.053844 0.256128 0.374659 0.015084 0.300285
2 2 0.056848 0.252665 0.427434 0.018973 0.244080
2 2 0.050750 0.242966 0.466615 0.019573 0.220096
2 2 0.037284 0.208681 0.582444 0.022298 0.149293
2 2 0.037921 0.209254 0.579936 0.022954 0.149936
2 2 0.029564 0.172048 0.680231 0.027028 0.091130
2 2 0.034560 0.186603 0.645756 0.027112 0.105970
2 2 0.032345 0.181596 0.657851 0.026601 0.101607
2 2 0.075391 0.228154 0.537269 0.039402 0.119783
2 2 0.156013 0.253506 0.423461 0.054421 0.112599
0 2 0.340790 0.256452 0.236818 0.057809 0.108131
0 2 0.418783 0.239867 0.185060 0.058920 0.097370
0 1 0.600666 0.194556 0.070963 0.032768 0.101047
0 1 0.587337 0.201390 0.073966 0.030457 0.106850
0 2 0.524571 0.229421 0.088829 0.024102 0.133077
0 2 0.313408 0.288354 0.159709 0.022368 0.216162
1 2 0.163936 0.300586 0.232047 0.017607 0.285823
4 2 0.104631 0.284814 0.283356 0.018443 0.308755
2 2 0.069266 0.258866 0.433784 0.021742 0.216341
2 2 0.045328 0.202722 0.615425 0.027553 0.108970
2 2 0.057688 0.216858 0.579578 0.030655 0.115221
2 2 0.063563 0.218061 0.576543 0.033193 0.108640
2 2 0.059589 0.207619 0.600698 0.035416 0.096678
2 2 0.050212 0.186272 0.650130 0.037256 0.076129
2 2 0.082400 0.234962 0.526355 0.036628 0.119655
2 2 0.091347 0.245652 0.494364 0.036016 0.132620
2 2 0.085562 0.228747 0.537497 0.041540 0.106655
2 2 0.079509 0.204766 0.589337 0.049831 0.076558
2 2 0.102555 0.203671 0.565759 0.063474 0.064541
2 2 0.187161 0.224701 0.441168 0.079775 0.067195
0 1 0.361855 0.233503 0.244552 0.080204 0.079886
0 1 0.410287 0.219796 0.222101 0.081992 0.065824
0 2 0.481212 0.216099 0.172390 0.062786 0.067513
0 2 0.624775 0.189628 0.080630 0.030851 0.074115
0 2 0.677879 0.170338 0.049457 0.020567 0.081759
0 2 0.687254 0.167031 0.047065 0.019305 0.079345
0 2 0.459635 0.253872 0.105750 0.020626 0.160117
1 2 0.279684 0.295611 0.171816 0.020075 0.232813
1 2 0.187796 0.300602 0.219648 0.019427 0.272526
2 2 0.120870 0.289358 0.298532 0.021347 0.269893
2 2 0.092437 0.262532 0.438920 0.029197 0.176914
2 2 0.094199 0.242770 0.499106 0.038977 0.124948
2 2 0.153583 0.268596 0.394938 0.042857 0.140027
2 2 0.212070 0.282552 0.303427 0.041184 0.160766
0 2 0.380867 0.264509 0.164766 0.038912 0.150946
0 2 0.723090 0.153647 0.038371 0.014890 0.070003
0 2 0.774956 0.132142 0.027079 0.009596 0.056226
0 0 0.803545 0.119160 0.021539 0.007206 0.048550
0 1 0.799046 0.121259 0.022378 0.007558 0.049760
0 2 0.355387 0.289289 0.131680 0.013400 0.210243
1 2 0.209056 0.305822 0.199443 0.015343 0.270335
1 2 0.159963 0.303000 0.229635 0.015219 0.292183
4 2 0.118902 0.293292 0.263339 0.015751 0.308716
2 2 0.079284 0.269377 0.394637 0.020789 0.235913
2 2 0.075189 0.260473 0.441293 0.022920 0.200125
2 2 0.067226 0.249875 0.484460 0.022821 0.175619
2 2 0.090019 0.279890 0.355061 0.018496 0.256534
2 2 0.069752 0.252233 0.479093 0.022790 0.176133
2 2 0.067265 0.238920 0.522908 0.026540 0.144367
2 2 0.063220 0.213946 0.588086 0.033841 0.100908
2 2 0.086258 0.236407 0.521269 0.037639 0.118426
2 2 0.069687 0.204861 0.596419 0.044610 0.084423
2 2 0.061311 0.195238 0.618172 0.045172 0.080107
2 2 0.056807 0.184439 0.639959 0.047871 0.070924
2 2 0.056750 0.183055 0.643331 0.047954 0.068910
2 2 0.049873 0.165457 0.679727 0.050272 0.054671
2 2 0.038174 0.133286 0.738146 0.055796 0.034598
2 2 0.054624 0.166413 0.671164 0.055154 0.052645
2 2 0.048266 0.151519 0.700508 0.056776 0.042932
2 2 0.043985 0.147331 0.709618 0.056328 0.042738
2 2 0.029219 0.111316 0.775328 0.058912 0.025224
2 2 0.038336 0.128666 0.738693 0.062431 0.031874
2 2 0.036703 0.120711 0.744473 0.070039 0.028073
2 2 0.046359 0.122035 0.715625 0.090439 0.025542
2 2 0.049829 0.102471 0.692999 0.138488 0.016212
2 2 0.049638 0.095482 0.691177 0.150272 0.013431
2 2 0.042006 0.088969 0.716992 0.139955 0.012078
2 2 0.040213 0.089627 0.727264 0.130436 0.012460
2 2 0.035543 0.086325 0.749785 0.116554 0.011792
2 2 0.032850 0.092083 0.766072 0.094629 0.014366
2 2 0.041134 0.113319 0.731742 0.091287 0.022517
2 2 0.049021 0.134151 0.706032 0.079226 0.031571
2 2 0.056621 0.142865 0.684240 0.081784 0.034490
2 2 0.085107 0.160902 0.610947 0.103313 0.039731
2 2 0.117319 0.178552 0.540759 0.116382 0.046988
2 2 0.149899 0.187019 0.480776 0.132040 0.050266
2 2 0.123220 0.160931 0.521504 0.157381 0.036964
2 3 0.082661 0.121619 0.584624 0.189322 0.021773
2 3 0.073835 0.111418 0.603414 0.193229 0.018105
2 3 0.073455 0.111273 0.607689 0.189717 0.017867
2 3 0.064276 0.102587 0.623033 0.194446 0.015658
2 3 0.060503 0.092852 0.616723 0.214953 0.014969
2 3 0.076193 0.092076 0.538785 0.271809 0.021138
2 3 0.099174 0.103775 0.483334 0.284142 0.029576
2 3 0.103447 0.104207 0.458343 0.300376 0.033626
2 3 0.093730 0.105750 0.479046 0.289301 0.032173
2 3 0.120019 0.127586 0.461582 0.252412 0.038401
2 3 0.161990 0.147051 0.407974 0.233083 0.049902
2 3 0.164484 0.127943 0.397654 0.264434 0.045486
2 3 0.161596 0.127879 0.408058 0.259330 0.043137
2 3 0.161639 0.123663 0.393990 0.275300 0.045408
2 3 0.138213 0.124618 0.423550 0.270790 0.042828
2 3 0.124775 0.116100 0.419398 0.296430 0.043297
2 3 0.126754 0.119003 0.409356 0.297948 0.046939
2 3 0.088001 0.099802 0.466166 0.312727 0.033304
2 3 0.168806 0.114938 0.351491 0.312081 0.052684
2 3 0.184278 0.114388 0.326172 0.317476 0.057686
2 3 0.137853 0.097648 0.363754 0.355367 0.045379
3 3 0.141469 0.094791 0.352019 0.365655 0.046065
3 3 0.141917 0.093507 0.335432 0.379125 0.050018
3 3 0.105661 0.076207 0.348798 0.428717 0.040618
3 3 0.099258 0.067134 0.332446 0.462936 0.038226
3 3 0.096027 0.062508 0.322309 0.481465 0.037692
3 3 0.098314 0.051445 0.264156 0.544186 0.041899
3 3 0.103443 0.052882 0.258267 0.539527 0.045881
3 3 0.102544 0.055643 0.263190 0.529873 0.048751
3 3 0.096335 0.056151 0.277178 0.524736 0.045601
3 3 0.076078 0.048227 0.280060 0.556568 0.039067
3 3 0.071804 0.048717 0.293542 0.549124 0.036812
3 3 0.056551 0.043664 0.336029 0.537869 0.025887
3 3 0.055687 0.045221 0.356668 0.518490 0.023933
3 3 0.064844 0.059464 0.399692 0.449910 0.026091
3 3 0.064263 0.052636 0.349300 0.504802 0.028998
3 3 0.071238 0.056438 0.343955 0.496243 0.032126
3 3 0.068232 0.046823 0.302981 0.549890 0.032073
3 3 0.081426 0.053816 0.312419 0.517840 0.034498
3 3 0.075961 0.041037 0.249904 0.596815 0.036282
3 3 0.062006 0.034505 0.242007 0.630049 0.031432
3 3 0.062571 0.031614 0.212455 0.658346 0.035014
3 3 0.066196 0.033025 0.212486 0.651193 0.037100
3 3 0.067697 0.038577 0.238750 0.617022 0.037954
3 3 0.068765 0.044182 0.272295 0.578803 0.035955
3 3 0.074186 0.052357 0.302840 0.533773 0.036844
3 3 0.093804 0.074766 0.349091 0.440346 0.041993
3 3 0.091955 0.080546 0.377285 0.410191 0.040023
2 3 0.119670 0.099527 0.378732 0.355674 0.046396
2 3 0.188709 0.133161 0.342817 0.274755 0.060558
2 3 0.180694 0.133228 0.360128 0.269832 0.056117
2 3 0.246713 0.176636 0.344664 0.173979 0.058007
2 2 0.248981 0.199155 0.368878 0.133263 0.049723
2 1 0.218647 0.184310 0.421527 0.137382 0.038133
2 1 0.217552 0.178801 0.439153 0.131854 0.032641
2 2 0.306433 0.205606 0.330654 0.109701 0.047607
0 2 0.450324 0.231255 0.160808 0.060389 0.097224
0 2 0.417570 0.252239 0.141870 0.041876 0.146445
0 2 0.358270 0.277734 0.143547 0.024404 0.196045
0 2 0.300536 0.288553 0.167395 0.024464 0.219052
0 2 0.412199 0.270161 0.118434 0.017994 0.181212
0 2 0.451402 0.256464 0.108237 0.020555 0.163341
0 2 0.478132 0.249940 0.098472 0.018414 0.155042
0 2 0.434034 0.260905 0.114395 0.021385 0.169281
0 2 0.401617 0.270820 0.124262 0.020336 0.182966
1 2 0.286139 0.292900 0.171222 0.021989 0.227750
1 2 0.200546 0.301679 0.210903 0.018853 0.268019
4 2 0.123661 0.293142 0.262183 0.017038 0.303976
4 2 0.106949 0.289803 0.273068 0.015165 0.315015
4 4 0.073602 0.272517 0.310292 0.014746 0.328843
4 4 0.062091 0.265541 0.322223 0.013232 0.336914
4 4 0.060368 0.266884 0.317884 0.011378 0.343485
4 4 0.069106 0.280619 0.288487 0.007993 0.353795
4 4 0.073413 0.287389 0.273162 0.006468 0.359568
4 4 0.084200 0.271986 0.230753 0.005498 0.407563
4 4 0.103860 0.288106 0.225107 0.006177 0.376750
4 4 0.158479 0.270958 0.167024 0.006213 0.397326
4 4 0.204892 0.249001 0.132467 0.006422 0.407219
0 4 0.620275 0.205014 0.055254 0.009457 0.110000
0 4 0.580160 0.219566 0.064549 0.010410 0.125314
0 4 0.483563 0.250604 0.094566 0.015780 0.155487
0 4 0.653440 0.182998 0.053950 0.018156 0.091456
0 4 0.690950 0.165705 0.046136 0.018819 0.078390
0 4 0.745731 0.144576 0.033250 0.012424 0.064020
0 4 0.716090 0.156355 0.040013 0.015702 0.071841
0 4 0.778070 0.130768 0.026452 0.009318 0.055392
0 4 0.788158 0.126250 0.024459 0.008447 0.052686
0 4 0.814270 0.114073 0.019592 0.006402 0.045663
0 4 0.850712 0.095851 0.013536 0.004043 0.035858
0 4 0.812242 0.115044 0.019955 0.006550 0.046209
0 0 0.807476 0.117309 0.020817 0.006905 0.047492
0 0 0.821407 0.110620 0.018337 0.005895 0.043741
0 1 0.709854 0.158728 0.041498 0.016446 0.073473
0 1 0.369338 0.277997 0.136573 0.021265 0.194827
1 1 0.267939 0.298700 0.174963 0.018437 0.239961
1 2 0.186071 0.303344 0.216145 0.016917 0.277524
1 2 0.143987 0.298935 0.243927 0.016348 0.296803
4 2 0.109480 0.288664 0.274797 0.016821 0.310238
2 2 0.085317 0.278047 0.329984 0.017558 0.289093
2 2 0.073392 0.271135 0.342037 0.016751 0.296685
2 2 0.063058 0.264555 0.354009 0.015444 0.302934
2 2 0.037097 0.227677 0.502621 0.016000 0.216604
2 2 0.026109 0.192229 0.618995 0.017028 0.145639
2 2 0.028909 0.205714 0.571951 0.016522 0.176905
2 2 0.029684 0.208120 0.565971 0.016301 0.179925
2 2 0.033443 0.222886 0.508865 0.015099 0.219708
2 2 0.035954 0.225108 0.509423 0.016183 0.213333
2 2 0.043190 0.247619 0.370787 0.012028 0.326376
4 2 0.046641 0.254129 0.337654 0.010312 0.351264
4 2 0.053700 0.264599 0.317896 0.009019 0.354785
4 2 0.054597 0.264847 0.318195 0.009372 0.352990
4 2 0.070834 0.280083 0.290978 0.008878 0.349228
4 2 0.078410 0.284571 0.283208 0.009276 0.344534
4 2 0.082226 0.287121 0.278205 0.009193 0.343256
4 2 0.074549 0.282589 0.286526 0.008964 0.347373
4 2 0.066273 0.276451 0.297515 0.008916 0.350844
4 2 0.074767 0.282681 0.286398 0.008994 0.347160
4 2 0.073169 0.281481 0.288664 0.009032 0.347654
4 2 0.071364 0.281124 0.288591 0.008559 0.350362
4 2 0.064923 0.274768 0.300958 0.009205 0.350147
4 2 0.062445 0.271779 0.306912 0.009657 0.349208
4 2 0.068786 0.276202 0.299717 0.010097 0.345198
4 2 0.067628 0.277470 0.295773 0.008951 0.350178
4 2 0.070141 0.279506 0.292062 0.008906 0.349385
4 2 0.067715 0.276992 0.297068 0.009229 0.348996
4 2 0.067077 0.275389 0.300782 0.009806 0.346946
4 2 0.077211 0.283891 0.284431 0.009221 0.345246
4 2 0.075806 0.283297 0.285317 0.009042 0.346538
4 2 0.079230 0.285099 0.282200 0.009275 0.344196
4 2 0.096504 0.292077 0.268862 0.010657 0.331900
4 1 0.136972 0.299242 0.246040 0.014948 0.302797
1 1 0.265319 0.296169 0.179976 0.021204 0.237333
0 2 0.378059 0.270464 0.138504 0.027720 0.185252
0 2 0.445533 0.248969 0.116993 0.032324 0.156181
0 2 0.485215 0.233827 0.105432 0.036487 0.139040
0 2 0.543126 0.215548 0.087154 0.034150 0.120022
0 2 0.529291 0.223636 0.089799 0.029643 0.127632
0 2 0.483662 0.243835 0.100390 0.023486 0.148628
0 2 0.487865 0.241297 0.099956 0.024951 0.145931
0 2 0.405315 0.266603 0.126066 0.024051 0.177966
1 2 0.282306 0.292037 0.174615 0.023462 0.227579
1 2 0.241814 0.295225 0.195506 0.024312 0.243144
1 2 0.257366 0.294582 0.186844 0.023696 0.237512
1 2 0.261683 0.294295 0.184559 0.023565 0.235899
1 2 0.226313 0.295960 0.203917 0.024347 0.249463
1 2 0.186539 0.294479 0.267156 0.028561 0.223265
1 2 0.176768 0.294726 0.259879 0.026841 0.241786
2 2 0.148996 0.291134 0.294271 0.026918 0.238680
2 2 0.109156 0.277385 0.373673 0.027467 0.212319
2 2 0.070298 0.242044 0.503444 0.029231 0.154983
2 2 0.066311 0.237032 0.519148 0.029068 0.148441
2 2 0.042167 0.192889 0.638772 0.028741 0.097431
2 2 0.060052 0.210853 0.591182 0.035289 0.102625
2 2 0.076463 0.219450 0.563231 0.041306 0.099550
2 2 0.123633 0.249687 0.459758 0.047440 0.119483
2 2 0.135675 0.254345 0.439124 0.048592 0.122264
2 2 0.144919 0.267495 0.391507 0.044897 0.151182
2 2 0.133786 0.275227 0.373606 0.036701 0.180679
2 2 0.132206 0.285634 0.330859 0.028256 0.223045
2 2 0.126298 0.286087 0.340181 0.025940 0.221493
2 2 0.128016 0.281045 0.363760 0.029922 0.197257
2 2 0.153845 0.281094 0.353828 0.035405 0.175828
2 2 0.229522 0.282280 0.286174 0.042183 0.159840
0 2 0.351118 0.264868 0.206230 0.047148 0.130635
0 2 0.490485 0.234398 0.102702 0.033156 0.139258
0 2 0.557903 0.213509 0.081581 0.029225 0.117782
0 2 0.572554 0.210663 0.076344 0.025474 0.114965
0 2 0.505421 0.236213 0.094219 0.023933 0.140214
0 2 0.355598 0.278855 0.144047 0.023783 0.197717
1 2 0.183614 0.298997 0.234606 0.021852 0.260931
2 2 0.082352 0.256143 0.471065 0.026254 0.164186
2 2 0.039438 0.189974 0.651594 0.025263 0.093731
2 2 0.034970 0.178075 0.677115 0.025993 0.083846
2 2 0.029854 0.159187 0.718070 0.027023 0.065866
2 2 0.040246 0.189813 0.650169 0.026629 0.093143
2 2 0.064850 0.242524 0.508470 0.024539 0.159617
2 2 0.063063 0.244402 0.499649 0.023203 0.169683
2 2 0.071511 0.248532 0.485821 0.026341 0.167796
2 2 0.136739 0.285126 0.331005 0.029893 0.217237
2 2 0.202604 0.286065 0.290969 0.038452 0.181910
1 2 0.270574 0.283831 0.234671 0.038927 0.171998
2 2 0.226877 0.270047 0.325029 0.051494 0.126553
1 2 0.261778 0.287970 0.204526 0.032941 0.212785
1 2 0.262423 0.293461 0.185111 0.024397 0.234607
0 2 0.302936 0.294652 0.158483 0.017735 0.226195
0 2 0.315123 0.285538 0.161734 0.025195 0.212410
0 2 0.451152 0.246099 0.124760 0.036467 0.141522
0 2 0.610659 0.191726 0.068000 0.030999 0.098617
0 2 0.666045 0.174400 0.052545 0.022225 0.084786
0 2 0.753369 0.141406 0.031589 0.011647 0.061990
0 2 0.756462 0.140106 0.030926 0.011340 0.061166
0 2 0.747459 0.143863 0.032871 0.012245 0.063561
0 2 0.687516 0.172894 0.043784 0.011862 0.083944
0 2 0.691035 0.174673 0.040482 0.008216 0.085594
0 2 0.658973 0.189483 0.046272 0.008123 0.097149
0 0 0.753597 0.143060 0.030572 0.009553 0.063218
0 0 0.781724 0.129144 0.025723 0.008997 0.054413
0 0 0.766968 0.135699 0.028859 0.010353 0.058122
0 0 0.848605 0.096945 0.013862 0.004164 0.036423
0 0 0.855563 0.093312 0.012798 0.003772 0.034556
0 0 0.897736 0.069991 0.007100 0.001822 0.023353
0 0 0.901552 0.067762 0.006651 0.001681 0.022353
0 0 0.943363 0.041844 0.002557 0.000520 0.011717
0 0 0.907349 0.064337 0.005993 0.001479 0.020843
0 0 0.912933 0.060990 0.005385 0.001296 0.019396
0 0 0.877976 0.081204 0.009604 0.002644 0.028571
0 0 0.886352 0.076315 0.008498 0.002290 0.026546
0 0 0.858382 0.091822 0.012376 0.003618 0.033801
0 0 0.864420 0.088601 0.011492 0.003301 0.032185
0 0 0.843889 0.099377 0.014602 0.004442 0.037690
0 0 0.828085 0.107339 0.017193 0.005441 0.041942
0 0 0.819808 0.111398 0.018616 0.006007 0.044171
0 0 0.836212 0.103280 0.015840 0.004914 0.039755
0 0 0.776006 0.136036 0.023845 0.004857 0.059255
0 0 0.692339 0.174446 0.039908 0.007838 0.085469
0 0 0.731862 0.155392 0.033160 0.007893 0.071694
0 0 0.754871 0.142490 0.028134 0.006772 0.067734
0 0 0.781100 0.125636 0.023366 0.006530 0.063368
0 0 0.762587 0.130072 0.025324 0.006766 0.075251
0 0 0.700216 0.171556 0.037315 0.006670 0.084243
0 0 0.645499 0.197910 0.046171 0.006028 0.104392
0 0 0.698823 0.173619 0.036617 0.005771 0.085170
0 0 0.689681 0.177180 0.038948 0.006447 0.087744
0 0 0.664199 0.188075 0.044350 0.007242 0.096134
0 0 0.636313 0.202569 0.047115 0.005570 0.108432
0 0 0.423682 0.282122 0.093668 0.005757 0.194771
0 1 0.383253 0.291383 0.108695 0.006998 0.209670
0 1 0.308788 0.303861 0.140574 0.009560 0.237217
1 1 0.253404 0.310494 0.165121 0.010268 0.260713
4 2 0.138118 0.301672 0.240886 0.013366 0.305959
4 2 0.107508 0.290082 0.272399 0.015121 0.314891
2 2 0.079058 0.274648 0.325196 0.016783 0.304315
4 2 0.087622 0.281837 0.291446 0.014359 0.324737
4 2 0.071321 0.274094 0.306017 0.012512 0.336055
4 2 0.081780 0.284216 0.285178 0.010628 0.338197
4 2 0.080764 0.286858 0.278356 0.008871 0.345150
4 4 0.107893 0.300663 0.248938 0.008637 0.333869
4 4 0.141331 0.271716 0.198872 0.009875 0.378206
4 4 0.180423 0.246271 0.158670 0.010703 0.403934
4 4 0.236186 0.235970 0.130779 0.011148 0.385917
4 4 0.297965 0.232840 0.107841 0.009446 0.351908
4 4 0.331826 0.223403 0.091791 0.007682 0.345299
4 4 0.309925 0.213581 0.089502 0.007141 0.379851
0 4 0.420481 0.203651 0.069877 0.007151 0.298841
0 4 0.508657 0.196244 0.061825 0.008939 0.224334
0 4 0.587236 0.171535 0.052855 0.013938 0.174436
0 4 0.697361 0.149554 0.038814 0.014236 0.100036
0 4 0.714185 0.146652 0.038051 0.016294 0.084818
0 4 0.769495 0.129447 0.027557 0.010741 0.062760
0 4 0.708989 0.152132 0.039598 0.015854 0.083427
0 4 0.748270 0.137340 0.031542 0.012510 0.070338
0 4 0.694395 0.164458 0.045276 0.018374 0.077497
0 0 0.735597 0.148696 0.035505 0.013497 0.066705
0 1 0.666955 0.174092 0.052305 0.022095 0.084554
0 1 0.604138 0.200887 0.066924 0.021875 0.106177
0 4 0.522694 0.231963 0.088092 0.021729 0.135523
0 4 0.470045 0.255552 0.097853 0.015241 0.161310
0 4 0.360225 0.289839 0.127622 0.012039 0.210275
0 4 0.895190 0.071465 0.007405 0.001919 0.024021
0 0 0.903044 0.066885 0.006479 0.001628 0.021964
0 0 0.843600 0.099525 0.014648 0.004459 0.037768
0 0 0.820530 0.111047 0.018490 0.005957 0.043977
0 0 0.498573 0.255233 0.078742 0.007217 0.160235
0 1 0.344808 0.295200 0.115298 0.006262 0.238433
4 1 0.220570 0.293701 0.144780 0.005223 0.335726
4 2 0.131522 0.285797 0.184817 0.004785 0.393079
4 2 0.101459 0.275217 0.203555 0.004681 0.415089
4 2 0.095804 0.266947 0.203561 0.004722 0.428966
4 4 0.116019 0.271661 0.186172 0.004647 0.421500
4 4 0.120483 0.283216 0.191011 0.004670 0.400621
4 4 0.130795 0.287920 0.184074 0.004484 0.392726
4 4 0.104886 0.286643 0.212652 0.005056 0.390762
4 4 0.109338 0.277810 0.200677 0.005023 0.407151
4 4 0.153181 0.249034 0.148570 0.005168 0.444047
4 4 0.181625 0.226113 0.122359 0.005404 0.464498
4 4 0.166731 0.176562 0.098734 0.005851 0.552122
4 4 0.197382 0.172200 0.089108 0.006428 0.534883
4 4 0.288898 0.154117 0.063085 0.006583 0.487317
4 4 0.348151 0.135030 0.050417 0.007851 0.458550
0 4 0.457793 0.106567 0.031668 0.007357 0.396614
0 4 0.506865 0.127865 0.037283 0.008008 0.319979
0 4 0.544266 0.130899 0.036356 0.007959 0.280520
0 4 0.643778 0.124596 0.027768 0.005647 0.198211
0 4 0.698144 0.116088 0.023347 0.005181 0.157241
0 4 0.716123 0.131457 0.024894 0.004264 0.123261
0 2 0.553097 0.203141 0.052492 0.005022 0.186248
0 2 0.412863 0.273104 0.090061 0.005181 0.218791
1 2 0.246782 0.317100 0.152505 0.006149 0.277463
1 2 0.203064 0.321032 0.172836 0.006072 0.296996
4 2 0.121612 0.311832 0.221130 0.005773 0.339653
4 2 0.082458 0.295919 0.255194 0.005491 0.360938
4 2 0.079891 0.294053 0.258909 0.005595 0.361552
4 2 0.086151 0.298899 0.248840 0.005201 0.360910
4 2 0.096052 0.296940 0.229359 0.004846 0.372802
4 4 0.114054 0.275316 0.192817 0.004874 0.412939
4 4 0.108077 0.251353 0.184537 0.005458 0.450574
4 4 0.139157 0.225025 0.142526 0.005580 0.487712
4 4 0.163612 0.210381 0.120129 0.005492 0.500386
4 4 0.183807 0.202229 0.105274 0.005033 0.503658
4 4 0.167566 0.218040 0.118773 0.004674 0.490946
4 4 0.134049 0.228394 0.139517 0.004350 0.493689
4 4 0.120709 0.236506 0.153646 0.004331 0.484809
4 4 0.118565 0.236268 0.153718 0.004181 0.487269
4 4 0.121483 0.233382 0.155641 0.004945 0.484549
4 4 0.134619 0.212171 0.135356 0.005494 0.512359
4 4 0.164667 0.185311 0.109937 0.007059 0.533026
4 4 0.224729 0.166088 0.085741 0.008907 0.514534
4 4 0.292354 0.164214 0.075004 0.010288 0.458140
4 4 0.337520 0.152619 0.059667 0.008101 0.442092
4 4 0.357557 0.150237 0.057159 0.008476 0.426571
0 4 0.397997 0.151829 0.053099 0.007852 0.389222
4 4 0.321486 0.185865 0.078131 0.008582 0.405936
4 4 0.346834 0.201583 0.078669 0.007316 0.365598
4 4 0.327198 0.226682 0.097610 0.008969 0.339541
4 4 0.332628 0.225109 0.094326 0.008373 0.339565
4 4 0.288565 0.265478 0.138411 0.013751 0.293794
0 4 0.291830 0.276074 0.145953 0.014920 0.271223
1 4 0.222032 0.298214 0.203485 0.022113 0.254156
4 4 0.105992 0.288280 0.207681 0.004556 0.393490
4 4 0.077909 0.294915 0.255231 0.004888 0.367058
4 4 0.057750 0.277716 0.285615 0.005288 0.373631
4 4 0.046203 0.263705 0.309499 0.005744 0.374849
4 4 0.035144 0.247386 0.334858 0.005874 0.376739
4 2 0.035061 0.246243 0.338229 0.006244 0.374223
4 2 0.036357 0.247453 0.337856 0.006599 0.371735
4 2 0.034467 0.242651 0.347774 0.007290 0.367818
4 2 0.033029 0.238602 0.356331 0.007984 0.364055
2 2 0.034483 0.238530 0.360118 0.009260 0.357610
4 2 0.037643 0.243927 0.351299 0.009115 0.358017
4 2 0.040662 0.248493 0.344014 0.009077 0.357753
4 2 0.039909 0.247299 0.346034 0.009132 0.357626
2 2 0.037336 0.241972 0.356267 0.009900 0.354526
2 2 0.042292 0.245825 0.373778 0.012361 0.325744
4 2 0.051186 0.256324 0.337014 0.012188 0.343288
4 2 0.058010 0.262313 0.327574 0.012876 0.339227
4 2 0.057535 0.261892 0.328281 0.012851 0.339441
2 2 0.049960 0.248038 0.434467 0.016813 0.250722
2 2 0.047307 0.250133 0.397502 0.014019 0.291038
2 2 0.050575 0.255538 0.357100 0.012804 0.323984
2 2 0.048115 0.253309 0.364904 0.012478 0.321194
2 2 0.042991 0.244533 0.424244 0.013686 0.274547
2 2 0.040494 0.238183 0.453602 0.014752 0.252969
2 2 0.038172 0.230831 0.489446 0.015742 0.225809
2 2 0.031317 0.211375 0.560475 0.016347 0.180486
2 2 0.025514 0.187265 0.635658 0.017510 0.134053
2 2 0.021382 0.163757 0.702805 0.017771 0.094285
2 2 0.026453 0.183967 0.647589 0.019386 0.122605
2 2 0.030525 0.194584 0.622902 0.019817 0.132173
2 2 0.041086 0.221694 0.548502 0.019716 0.169003
2 2 0.053155 0.245822 0.469125 0.018868 0.213029
2 2 0.070402 0.270360 0.345437 0.015715 0.298086
2 2 0.066288 0.265345 0.374340 0.017056 0.276971
2 2 0.057749 0.256308 0.407871 0.017525 0.260546
2 2 0.050742 0.239547 0.484903 0.020830 0.203978
2 2 0.043621 0.224343 0.537201 0.021540 0.173295
2 2 0.035586 0.201593 0.604319 0.022943 0.135559
2 2 0.033122 0.190812 0.635368 0.023773 0.116925
2 2 0.031678 0.181887 0.660423 0.024544 0.101468
2 2 0.034737 0.192584 0.636536 0.023140 0.113003
2 2 0.037076 0.197959 0.621939 0.023823 0.119203
2 2 0.032065 0.179453 0.666356 0.025809 0.096316
2 2 0.025784 0.150528 0.730682 0.028467 0.064540
2 2 0.027184 0.146352 0.736303 0.032638 0.057522
2 2 0.026238 0.137714 0.752585 0.034566 0.048896
2 2 0.025716 0.127382 0.769017 0.038531 0.039354
2 2 0.020719 0.104171 0.811218 0.038967 0.024925
2 2 0.021098 0.094426 0.818519 0.047140 0.018817
2 2 0.020882 0.098488 0.816085 0.043302 0.021241
2 2 0.029636 0.129604 0.755832 0.046480 0.038448
2 2 0.035420 0.146496 0.718838 0.048990 0.050256
2 2 0.032375 0.125857 0.752005 0.055897 0.033866
2 2 0.032134 0.128890 0.749555 0.053055 0.036365
2 2 0.032735 0.121320 0.755080 0.060481 0.030384
2 2 0.037945 0.137704 0.725958 0.058428 0.039965
2 2 0.034009 0.127016 0.745780 0.059237 0.033958
2 3 0.048520 0.148713 0.696074 0.064504 0.042189
2 3 0.038559 0.128956 0.733800 0.065972 0.032712
2 3 0.053845 0.148934 0.684969 0.072306 0.039946
2 3 0.029329 0.101202 0.780880 0.069190 0.019399
2 3 0.021155 0.080185 0.825088 0.061500 0.012072
2 3 0.025475 0.085457 0.802527 0.073415 0.013125
2 3 0.021532 0.070580 0.822415 0.076933 0.008540
2 3 0.030136 0.089845 0.779249 0.086830 0.013941
2 3 0.029362 0.094551 0.782732 0.077209 0.016146
2 3 0.036384 0.120724 0.743025 0.071288 0.028578
2 3 0.027670 0.109416 0.782376 0.055853 0.024685
2 3 0.037374 0.135764 0.726796 0.060785 0.039281
2 3 0.042849 0.136601 0.712139 0.071297 0.037115
2 3 0.052565 0.141043 0.684586 0.085395 0.036411
2 3 0.050916 0.127782 0.688767 0.103419 0.029116
2 3 0.059739 0.125843 0.654620 0.132956 0.026841
2 3 0.065005 0.116259 0.630649 0.166618 0.021468
2 3 0.073248 0.113111 0.594180 0.199728 0.019733
2 3 0.074011 0.110924 0.606069 0.191343 0.017654
2 3 0.087091 0.119246 0.592773 0.182129 0.018761
2 3 0.117211 0.145558 0.546655 0.163438 0.027139
2 3 0.161477 0.182074 0.481689 0.132253 0.042507
2 2 0.275231 0.237876 0.315872 0.087264 0.083757
0 2 0.355197 0.264846 0.178312 0.046289 0.155356
0 2 0.328681 0.278117 0.160662 0.031347 0.201193
0 2 0.324939 0.282040 0.159326 0.027280 0.206414
1 2 0.260744 0.292926 0.186767 0.025175 0.234388
1 2 0.231317 0.301619 0.193118 0.018469 0.255477
1 2 0.186121 0.307231 0.209349 0.013835 0.283464
4 2 0.106044 0.294010 0.264292 0.011997 0.323658
4 2 0.107722 0.292525 0.267298 0.013420 0.319036
4 2 0.097459 0.286354 0.281497 0.014703 0.319987
4 2 0.097939 0.284425 0.294868 0.016937 0.305830
2 2 0.074388 0.258277 0.453147 0.023156 0.191032
2 2 0.114571 0.284107 0.344657 0.024242 0.232423
1 2 0.149869 0.295734 0.246916 0.020073 0.287408
1 2 0.284670 0.293172 0.171800 0.021911 0.228447
0 2 0.470588 0.243166 0.107687 0.029818 0.148741
0 2 0.641383 0.182456 0.059223 0.025921 0.091017
