0 0 0.977689 0.004800 0.000738 0.000010 0.016763
0 0 0.895414 0.032787 0.009821 0.000822 0.061156
0 0 0.889624 0.034571 0.011063 0.001098 0.063644
0 0 0.833759 0.055838 0.020815 0.003140 0.086448
0 0 0.829187 0.057689 0.021625 0.003315 0.088183
0 0 0.786563 0.076539 0.028555 0.004410 0.103933
0 0 0.731624 0.100074 0.039624 0.007257 0.121421
0 0 0.700003 0.113098 0.046955 0.009792 0.130152
0 0 0.696549 0.114763 0.047613 0.009923 0.131152
0 0 0.640636 0.137744 0.061423 0.015609 0.144587
0 0 0.642490 0.139132 0.059648 0.013724 0.145005
0 0 0.660837 0.123113 0.047760 0.007102 0.161189
0 0 0.600751 0.120366 0.047060 0.004988 0.226835
0 0 0.640696 0.092016 0.032511 0.002193 0.232583
0 0 0.663728 0.077629 0.024353 0.001079 0.233211
0 0 0.511699 0.091526 0.032145 0.001321 0.363308
4 0 0.403338 0.072951 0.025464 0.000620 0.497627
4 0 0.280434 0.054641 0.019289 0.000284 0.645352
4 0 0.202655 0.054182 0.020836 0.000316 0.722011
4 0 0.124423 0.044689 0.018551 0.000238 0.812098
4 0 0.138107 0.048291 0.019932 0.000279 0.793392
4 0 0.086279 0.031177 0.012870 0.000109 0.869565
4 0 0.062775 0.021644 0.009250 0.000060 0.906272
4 0 0.073957 0.022754 0.010286 0.000084 0.892918
4 0 0.111300 0.028478 0.011818 0.000105 0.848300
4 0 0.142972 0.032899 0.013767 0.000153 0.810208
4 0 0.155987 0.035462 0.016100 0.000244 0.792207
4 0 0.181265 0.030909 0.013304 0.000170 0.774352
4 0 0.225634 0.043096 0.019066 0.000375 0.711829
4 0 0.215501 0.042207 0.019536 0.000416 0.722340
4 0 0.260969 0.043095 0.021760 0.000665 0.673511
4 0 0.162074 0.036273 0.018041 0.000361 0.783251
4 0 0.241761 0.039460 0.018189 0.000389 0.700201
4 0 0.198120 0.031218 0.013637 0.000191 0.756834
4 0 0.279226 0.032520 0.014104 0.000244 0.673906
4 0 0.229145 0.039093 0.017853 0.000359 0.713551
4 1 0.210830 0.051220 0.023016 0.000518 0.714416
4 1 0.111763 0.039955 0.017941 0.000250 0.830090
4 2 0.096141 0.042556 0.019155 0.000266 0.841882
4 2 0.085537 0.046150 0.022477 0.000391 0.845445
4 2 0.075607 0.065285 0.034773 0.000957 0.823377
4 2 0.074861 0.089476 0.052478 0.002407 0.780778
4 2 0.080856 0.115136 0.071274 0.004858 0.727875
4 2 0.071277 0.098441 0.060211 0.003300 0.766772
4 2 0.089219 0.130977 0.082021 0.006767 0.691016
4 2 0.143186 0.147927 0.084381 0.007443 0.617063
4 2 0.182268 0.154310 0.083466 0.007529 0.572426
4 2 0.207244 0.218994 0.138717 0.018522 0.416523
4 2 0.139162 0.212113 0.155853 0.016969 0.475903
4 2 0.107490 0.202310 0.161011 0.015489 0.513700
4 2 0.095429 0.238111 0.229320 0.023136 0.414004
4 2 0.071227 0.252639 0.301134 0.027937 0.347063
4 2 0.069810 0.236776 0.257704 0.025671 0.410039
2 2 0.042735 0.242085 0.385180 0.024611 0.305388
2 2 0.027471 0.189282 0.604838 0.025075 0.153335
2 2 0.015974 0.122291 0.777713 0.024309 0.059713
2 2 0.008360 0.064791 0.884607 0.024049 0.018193
2 2 0.007649 0.055254 0.899202 0.026608 0.011287
2 2 0.011320 0.073662 0.866869 0.031968 0.016182
2 2 0.021888 0.126504 0.776169 0.036857 0.038581
2 2 0.059069 0.275802 0.474499 0.037376 0.153254
2 1 0.049042 0.246108 0.500193 0.033313 0.171344
2 2 0.033928 0.193349 0.488320 0.025004 0.259399
2 2 0.026960 0.165338 0.597172 0.029760 0.180770
2 2 0.018816 0.117681 0.745008 0.032924 0.085570
2 2 0.016868 0.100248 0.789375 0.036623 0.056887
2 2 0.012438 0.072963 0.845783 0.037749 0.031066
2 2 0.012719 0.070201 0.849848 0.041564 0.025667
2 2 0.014312 0.069457 0.843059 0.050878 0.022295
2 2 0.006383 0.025460 0.886104 0.075660 0.006393
2 2 0.006313 0.017289 0.810241 0.160889 0.005269
2 2 0.011097 0.020720 0.649005 0.311160 0.008018
2 2 0.009553 0.015883 0.589402 0.378664 0.006498
3 2 0.012889 0.015291 0.394589 0.569501 0.007730
3 3 0.020745 0.026428 0.421627 0.517999 0.013201
3 3 0.020568 0.027418 0.446287 0.492392 0.013335
2 3 0.017178 0.026251 0.525130 0.419761 0.011681
3 3 0.016959 0.022922 0.469913 0.479301 0.010905
3 3 0.017145 0.018076 0.342592 0.612255 0.009932
3 3 0.021442 0.019353 0.266032 0.681348 0.011824
3 3 0.032510 0.025999 0.209858 0.714093 0.017540
3 3 0.023602 0.016242 0.149381 0.798920 0.011855
3 3 0.017642 0.010829 0.109552 0.853578 0.008399
3 3 0.017704 0.010567 0.099507 0.863854 0.008368
3 3 0.018748 0.011310 0.101899 0.859118 0.008925
3 3 0.022883 0.015859 0.153858 0.795908 0.011491
3 3 0.031757 0.031191 0.301294 0.617217 0.018541
2 3 0.022916 0.044809 0.650513 0.264110 0.017652
2 3 0.024605 0.065823 0.740724 0.146780 0.022069
2 3 0.018558 0.061973 0.800772 0.100484 0.018213
2 3 0.023000 0.069379 0.761620 0.124194 0.021807
2 3 0.014930 0.045092 0.794824 0.131372 0.013781
2 3 0.014756 0.041971 0.780746 0.149301 0.013227
2 3 0.008583 0.027959 0.836814 0.118700 0.007943
2 3 0.006327 0.021097 0.851362 0.115401 0.005814
2 3 0.006916 0.021669 0.836012 0.129203 0.006199
2 3 0.008445 0.019795 0.748353 0.216738 0.006669
2 3 0.009977 0.015488 0.554270 0.413666 0.006599
3 3 0.011036 0.009027 0.226850 0.747457 0.005630
3 3 0.013329 0.009140 0.165035 0.806081 0.006415
3 3 0.014331 0.009217 0.133829 0.835817 0.006805
3 3 0.017651 0.011731 0.142512 0.819516 0.008590
3 3 0.016138 0.010423 0.132372 0.833328 0.007739
3 3 0.016417 0.010913 0.144800 0.819923 0.007947
3 3 0.016850 0.011201 0.144013 0.819764 0.008172
3 3 0.019157 0.013030 0.150769 0.807602 0.009442
3 3 0.017011 0.010891 0.127144 0.836783 0.008170
3 3 0.013865 0.008171 0.100461 0.871091 0.006412
3 3 0.015000 0.008715 0.094072 0.875262 0.006952
3 3 0.027968 0.018762 0.132178 0.806963 0.014129
3 2 0.048437 0.038403 0.190594 0.695756 0.026809
3 2 0.054002 0.046531 0.232138 0.636392 0.030936
3 2 0.054593 0.055270 0.299603 0.557144 0.033390
2 2 0.067616 0.117059 0.461856 0.278176 0.075294
2 2 0.044163 0.123701 0.606180 0.138870 0.087086
2 2 0.035425 0.138865 0.668640 0.073239 0.083831
2 2 0.031955 0.123137 0.709720 0.077903 0.057285
2 2 0.033232 0.142476 0.697619 0.060758 0.065917
2 2 0.037837 0.176577 0.638313 0.049249 0.098024
2 2 0.044691 0.221707 0.526199 0.039171 0.168233
4 2 0.070363 0.239986 0.305501 0.029622 0.354528
2 2 0.089123 0.253374 0.372899 0.050788 0.233817
2 2 0.046481 0.181782 0.590218 0.062247 0.119271
2 2 0.054680 0.207560 0.521664 0.060094 0.156003
2 2 0.050472 0.192813 0.539130 0.060672 0.156913
2 2 0.050131 0.227854 0.460114 0.040752 0.221149
2 2 0.041531 0.216341 0.494948 0.034365 0.212815
2 2 0.018331 0.122308 0.736967 0.029483 0.092912
2 2 0.013796 0.089688 0.811205 0.031848 0.053463
2 2 0.010088 0.065102 0.863530 0.032317 0.028963
2 2 0.013244 0.076007 0.840584 0.039121 0.031044
2 2 0.010287 0.054807 0.867948 0.047761 0.019196
2 2 0.009197 0.043397 0.871051 0.061646 0.014709
2 2 0.008264 0.033695 0.865929 0.081859 0.010252
2 2 0.010847 0.043956 0.849325 0.080799 0.015072
2 2 0.012759 0.045244 0.822414 0.104513 0.015069
2 2 0.016690 0.068323 0.817165 0.074884 0.022939
2 2 0.027399 0.124396 0.745861 0.055635 0.046709
2 2 0.024749 0.112802 0.766307 0.055758 0.040384
2 2 0.026458 0.120558 0.748169 0.055334 0.049481
2 2 0.019329 0.091515 0.800436 0.052913 0.035807
2 2 0.021587 0.103646 0.782873 0.051591 0.040302
2 2 0.023400 0.107138 0.770832 0.055392 0.043239
2 2 0.024192 0.102596 0.768707 0.062412 0.042094
2 2 0.029434 0.088826 0.733172 0.115577 0.032990
2 2 0.044616 0.129664 0.660169 0.109763 0.055789
2 2 0.057063 0.132479 0.605332 0.154241 0.050886
2 2 0.043699 0.115131 0.670359 0.130389 0.040422
2 2 0.059409 0.171129 0.592484 0.101929 0.075049
2 2 0.067484 0.206417 0.532605 0.086715 0.106779
2 2 0.058583 0.202702 0.562899 0.073865 0.101951
2 2 0.044431 0.162006 0.650787 0.074077 0.068699
2 2 0.016013 0.077527 0.827039 0.051168 0.028254
2 2 0.013331 0.070805 0.845212 0.044175 0.026477
2 2 0.009397 0.059717 0.874301 0.033016 0.023569
2 2 0.005063 0.028497 0.917324 0.041137 0.007979
2 2 0.003924 0.022384 0.928140 0.040217 0.005335
2 2 0.004496 0.026064 0.924014 0.039533 0.005893
2 2 0.006632 0.039501 0.904640 0.038470 0.010758
2 2 0.007429 0.039457 0.893627 0.048159 0.011328
2 2 0.008365 0.038027 0.877309 0.064685 0.011614
2 2 0.009168 0.036033 0.858878 0.086136 0.009784
2 2 0.011701 0.042013 0.832139 0.102016 0.012130
2 2 0.008178 0.031056 0.861161 0.091466 0.008139
2 2 0.008773 0.029296 0.837102 0.116592 0.008236
2 2 0.007285 0.024361 0.844554 0.117034 0.006766
2 2 0.010012 0.028825 0.800775 0.151572 0.008817
2 3 0.010912 0.028453 0.769103 0.182317 0.009215
2 3 0.020355 0.042522 0.667243 0.253788 0.016092
2 3 0.025677 0.039112 0.519960 0.397412 0.017839
3 3 0.026215 0.029421 0.368579 0.559802 0.015983
3 3 0.036691 0.039363 0.337555 0.563970 0.022421
3 3 0.043330 0.039491 0.257812 0.634314 0.025053
3 3 0.043459 0.033510 0.181393 0.717989 0.023649
3 3 0.032252 0.021935 0.133296 0.795981 0.016536
3 3 0.037729 0.026554 0.142665 0.773279 0.019772
3 3 0.045227 0.033162 0.153990 0.743294 0.024328
3 3 0.055483 0.042744 0.167785 0.703205 0.030783
3 3 0.042952 0.030439 0.140550 0.763274 0.022785
3 3 0.040322 0.029242 0.153852 0.755159 0.021425
3 3 0.011845 0.005738 0.051726 0.925547 0.005145
3 3 0.021601 0.012266 0.079941 0.875965 0.010228
3 3 0.030481 0.019469 0.110008 0.824750 0.015292
3 3 0.036825 0.025972 0.144562 0.773369 0.019273
3 3 0.036596 0.026954 0.165716 0.751350 0.019385
3 3 0.040965 0.031444 0.181993 0.723441 0.022158
3 3 0.035254 0.025531 0.158895 0.761791 0.018529
3 3 0.027406 0.018041 0.124890 0.815911 0.013751
3 3 0.017853 0.010225 0.086113 0.877458 0.008351
3 3 0.012173 0.006147 0.059829 0.916496 0.005355
3 3 0.010975 0.005375 0.054716 0.924181 0.004753
3 3 0.011968 0.005964 0.057231 0.919596 0.005240
3 3 0.012711 0.006457 0.060540 0.914674 0.005618
3 3 0.015385 0.008205 0.069187 0.900238 0.006985
3 3 0.016692 0.009055 0.072184 0.894410 0.007659
3 3 0.015737 0.008532 0.072995 0.895549 0.007187
3 3 0.018452 0.010300 0.078081 0.884573 0.008594
3 3 0.016881 0.009321 0.076666 0.889344 0.007788
3 3 0.014117 0.007332 0.064110 0.908118 0.006324
3 3 0.014137 0.007398 0.065865 0.906254 0.006346
3 3 0.012155 0.006178 0.061277 0.915035 0.005355
3 3 0.011184 0.005806 0.067356 0.910731 0.004923
3 3 0.011075 0.005679 0.064554 0.913836 0.004856
3 3 0.012868 0.006823 0.070477 0.904076 0.005756
3 3 0.012804 0.006660 0.065853 0.908987 0.005696
3 3 0.011177 0.005661 0.061596 0.916677 0.004889
3 3 0.008902 0.004265 0.052823 0.930235 0.003774
3 3 0.009439 0.004536 0.052740 0.929263 0.004023
3 3 0.008837 0.004249 0.053570 0.929595 0.003748
3 3 0.010038 0.005066 0.062210 0.918334 0.004352
3 3 0.011435 0.006042 0.071384 0.906075 0.005065
3 3 0.013827 0.007555 0.077208 0.895143 0.006267
3 3 0.010605 0.005250 0.057354 0.922197 0.004594
3 3 0.010701 0.005195 0.053276 0.926213 0.004615
3 3 0.010987 0.005275 0.050872 0.928131 0.004735
3 3 0.012418 0.006173 0.056256 0.919705 0.005448
3 3 0.010187 0.004872 0.050984 0.929596 0.004361
3 3 0.007664 0.003484 0.044911 0.940769 0.003171
3 3 0.009420 0.004546 0.053582 0.928434 0.004018
3 3 0.011092 0.005606 0.061239 0.917216 0.004846
3 3 0.013431 0.007083 0.068481 0.904986 0.006018
3 3 0.008400 0.003936 0.049259 0.934878 0.003526
3 3 0.008413 0.003856 0.045358 0.938860 0.003513
3 3 0.008119 0.003598 0.040341 0.944591 0.003352
3 3 0.010563 0.004961 0.047303 0.932661 0.004513
3 3 0.007373 0.003233 0.039563 0.946817 0.003014
3 3 0.005432 0.002224 0.032638 0.957571 0.002135
3 3 0.004881 0.001943 0.029995 0.961290 0.001890
3 3 0.007690 0.003417 0.041215 0.944514 0.003164
3 3 0.008845 0.004023 0.043635 0.939798 0.003700
3 3 0.008840 0.004031 0.044088 0.939342 0.003700
3 3 0.006281 0.002681 0.037004 0.951514 0.002521
3 3 0.007125 0.003206 0.043888 0.942856 0.002925
3 3 0.009376 0.004522 0.053493 0.928612 0.003997
3 3 0.008682 0.004199 0.054932 0.928505 0.003683
3 3 0.008355 0.004076 0.057163 0.926864 0.003542
3 3 0.007436 0.003505 0.051622 0.934339 0.003098
3 3 0.007491 0.003678 0.059824 0.925852 0.003155
3 3 0.006700 0.003165 0.053206 0.934158 0.002772
3 3 0.009161 0.004725 0.068613 0.913534 0.003967
3 3 0.015186 0.007336 0.048440 0.922323 0.006715
3 3 0.014813 0.006979 0.044413 0.927299 0.006497
3 3 0.014015 0.006753 0.048846 0.924231 0.006156
3 3 0.021588 0.012243 0.079579 0.876372 0.010218
3 3 0.036025 0.023812 0.117925 0.803755 0.018483
3 3 0.024474 0.015088 0.103096 0.845386 0.011958
3 3 0.019580 0.011789 0.100216 0.859068 0.009346
3 3 0.020806 0.012852 0.107825 0.848471 0.010046
3 3 0.021440 0.013755 0.121612 0.832709 0.010484
3 3 0.021896 0.013800 0.114038 0.839594 0.010672
3 3 0.031002 0.021949 0.153059 0.777961 0.016028
3 3 0.050212 0.041674 0.214553 0.665297 0.028264
2 3 0.088814 0.121218 0.396909 0.329902 0.063158
2 3 0.195219 0.191199 0.390402 0.117032 0.106148
2 3 0.240526 0.237869 0.350788 0.045927 0.124890
0 3 0.367494 0.261269 0.170225 0.032727 0.168285
0 2 0.396940 0.250129 0.147208 0.033370 0.172354
0 2 0.460817 0.223044 0.107135 0.032352 0.176652
0 2 0.521453 0.197873 0.087953 0.022752 0.169969
0 1 0.627406 0.151137 0.059829 0.011315 0.150314
0 0 0.636090 0.147959 0.057214 0.010175 0.148562
0 0 0.577687 0.169536 0.069927 0.013957 0.168893
0 1 0.608054 0.137672 0.052530 0.006586 0.195159
0 0 0.552460 0.140135 0.054976 0.005883 0.246546
0 0 0.471780 0.182233 0.080656 0.013266 0.252065
0 1 0.384205 0.242179 0.136771 0.029439 0.207406
1 1 0.206281 0.274421 0.223605 0.043368 0.252325
2 2 0.091527 0.268203 0.315117 0.048283 0.276871
4 2 0.048555 0.219838 0.336580 0.031584 0.363443
2 2 0.034359 0.157907 0.624483 0.052798 0.130453
2 2 0.021911 0.102850 0.752755 0.060307 0.062177
2 2 0.021099 0.092642 0.769239 0.068874 0.048146
2 2 0.026920 0.130744 0.698623 0.051216 0.092496
2 2 0.027612 0.146674 0.679193 0.041099 0.105422
2 2 0.018447 0.117396 0.760682 0.032409 0.071067
2 2 0.015461 0.105928 0.792570 0.029197 0.056844
2 2 0.015407 0.115453 0.784029 0.025202 0.059908
2 2 0.018226 0.126629 0.765871 0.028312 0.060961
2 2 0.026172 0.171975 0.675251 0.029184 0.097417
2 2 0.018422 0.107821 0.782053 0.038979 0.052725
2 2 0.020860 0.104895 0.756737 0.053598 0.063910
2 2 0.019257 0.083020 0.749732 0.076771 0.071219
2 2 0.015608 0.061824 0.765600 0.093724 0.063244
2 2 0.012637 0.046369 0.780509 0.112032 0.048452
2 2 0.012075 0.048571 0.799239 0.092681 0.047435
2 2 0.014174 0.061115 0.788282 0.076821 0.059608
2 2 0.012222 0.060076 0.826021 0.057183 0.044499
2 2 0.009155 0.050983 0.869548 0.044492 0.025821
2 2 0.007096 0.048240 0.897893 0.029406 0.017365
2 2 0.007637 0.058626 0.886935 0.024338 0.022465
2 2 0.006868 0.053302 0.899373 0.023756 0.016701
2 2 0.008383 0.052371 0.884027 0.037565 0.017654
2 2 0.010573 0.053687 0.860668 0.055498 0.019575
2 2 0.020547 0.097313 0.767214 0.058520 0.056407
2 2 0.038241 0.197233 0.504018 0.035168 0.225340
4 4 0.042632 0.204306 0.240407 0.021483 0.491172
4 4 0.052687 0.143562 0.108991 0.012202 0.682558
4 4 0.061024 0.122319 0.083333 0.007076 0.726248
4 4 0.052258 0.083230 0.052757 0.002487 0.809268
4 4 0.048226 0.062417 0.037140 0.001143 0.851074
4 2 0.034672 0.054287 0.033954 0.000968 0.876120
4 2 0.035345 0.049175 0.029711 0.000721 0.885048
4 4 0.026769 0.043558 0.027419 0.000624 0.901630
4 4 0.029520 0.062861 0.042932 0.001652 0.863034
4 4 0.028499 0.057085 0.038260 0.001286 0.874870
4 4 0.027729 0.053418 0.035372 0.001085 0.882396
4 4 0.028728 0.063784 0.044081 0.001757 0.861650
4 4 0.031092 0.088560 0.066013 0.004324 0.810011
4 4 0.032451 0.085643 0.062462 0.003796 0.815649
4 4 0.040742 0.118911 0.091862 0.008053 0.740433
4 4 0.033813 0.173214 0.204511 0.014349 0.574113
2 2 0.034490 0.222895 0.371809 0.019066 0.351740
2 2 0.019370 0.190045 0.555445 0.013076 0.222064
2 2 0.021643 0.195021 0.529145 0.014515 0.239676
2 2 0.029055 0.221930 0.446028 0.016802 0.286185
2 2 0.021946 0.193246 0.542332 0.015368 0.227107
2 2 0.021575 0.200246 0.526184 0.013791 0.238204
2 2 0.019985 0.199792 0.511629 0.011917 0.256677
2 2 0.026544 0.206584 0.388644 0.014432 0.363797
2 2 0.027512 0.212689 0.445731 0.016396 0.297672
2 2 0.024742 0.195850 0.534305 0.018138 0.226965
2 2 0.017015 0.163454 0.614399 0.014467 0.190665
2 2 0.014480 0.151209 0.655580 0.013156 0.165575
2 2 0.026351 0.201377 0.529178 0.019124 0.223970
2 2 0.046810 0.255956 0.438712 0.029108 0.229414
2 2 0.099601 0.284631 0.360011 0.032765 0.222992
2 2 0.058517 0.252690 0.507080 0.030278 0.151435
2 1 0.021362 0.145006 0.732450 0.028877 0.072305
2 2 0.015183 0.103116 0.808061 0.029841 0.043798
2 2 0.023631 0.120894 0.751274 0.032131 0.072071
2 2 0.025140 0.141082 0.701368 0.032852 0.099557
2 2 0.022652 0.153941 0.638269 0.025289 0.159848
2 2 0.013590 0.116805 0.772319 0.019958 0.077328
2 2 0.023492 0.170006 0.670469 0.024757 0.111276
2 2 0.034108 0.225453 0.546835 0.025182 0.168422
2 2 0.027031 0.188421 0.662782 0.026293 0.095473
2 2 0.016696 0.131468 0.774503 0.023248 0.054085
2 2 0.006537 0.056352 0.902250 0.020073 0.014788
2 2 0.005153 0.042280 0.919570 0.021315 0.011683
2 2 0.002376 0.020655 0.954090 0.018030 0.004850
2 2 0.006809 0.052841 0.891687 0.023794 0.024868
2 2 0.016449 0.095445 0.785115 0.037848 0.065143
2 2 0.035425 0.171477 0.578366 0.035938 0.178794
4 2 0.182033 0.218283 0.158400 0.014149 0.427136
4 2 0.307160 0.216626 0.128806 0.014486 0.332922
4 1 0.339787 0.195140 0.095952 0.014526 0.354595
4 1 0.282816 0.207954 0.113965 0.016259 0.379007
4 2 0.196631 0.251306 0.187182 0.024443 0.340438
2 2 0.124692 0.293486 0.318438 0.042210 0.221174
2 2 0.136717 0.297706 0.328231 0.041159 0.196187
2 2 0.129156 0.304481 0.364600 0.048649 0.153113
2 2 0.042662 0.228335 0.597970 0.038118 0.092916
2 2 0.031961 0.161197 0.705700 0.046056 0.055085
2 2 0.022634 0.111967 0.777632 0.049187 0.038580
2 2 0.018896 0.096745 0.804789 0.046872 0.032698
2 2 0.013584 0.078110 0.842957 0.039052 0.026297
2 2 0.011459 0.071618 0.857970 0.034133 0.024821
2 2 0.010248 0.065916 0.869377 0.032510 0.021949
2 2 0.012303 0.078334 0.850012 0.033209 0.026142
2 2 0.010724 0.072699 0.864930 0.029982 0.021665
2 2 0.009791 0.083731 0.859216 0.020696 0.026566
2 2 0.009919 0.089681 0.852458 0.018926 0.029016
2 2 0.012754 0.102782 0.823512 0.022740 0.038213
2 2 0.015149 0.114993 0.795892 0.024854 0.049111
2 2 0.014196 0.089203 0.833558 0.033961 0.029082
2 2 0.007477 0.055857 0.897525 0.025282 0.013859
2 2 0.006876 0.051800 0.905529 0.024771 0.011024
2 2 0.005487 0.044760 0.920177 0.021479 0.008097
2 2 0.005424 0.039334 0.921252 0.026728 0.007262
2 2 0.005241 0.038874 0.922593 0.025668 0.007623
2 2 0.006518 0.048494 0.908016 0.025205 0.011766
2 2 0.006416 0.042637 0.911049 0.030449 0.009450
2 2 0.005066 0.029527 0.921855 0.037509 0.006044
2 2 0.003205 0.018345 0.935039 0.039725 0.003686
2 2 0.004917 0.024791 0.915037 0.049808 0.005447
2 2 0.005024 0.024443 0.911600 0.053458 0.005475
2 2 0.003726 0.014077 0.886413 0.092259 0.003525
2 2 0.002179 0.008947 0.905298 0.081494 0.002082
2 2 0.001988 0.008519 0.911855 0.075710 0.001929
2 2 0.002771 0.011665 0.902475 0.080369 0.002720
2 2 0.003241 0.011940 0.875831 0.105976 0.003011
2 2 0.004599 0.013848 0.824574 0.153022 0.003956
2 2 0.005237 0.014057 0.792311 0.184100 0.004295
2 2 0.008817 0.017915 0.670621 0.296091 0.006556
2 2 0.012012 0.022257 0.623058 0.333951 0.008721
2 2 0.014798 0.027064 0.607473 0.339842 0.010824
2 2 0.017047 0.034336 0.648526 0.286955 0.013136
2 2 0.019768 0.035581 0.592968 0.337078 0.014605
2 2 0.022229 0.037700 0.565657 0.358324 0.016091
2 2 0.023121 0.040835 0.583681 0.335279 0.017084
2 2 0.024653 0.048351 0.625751 0.282062 0.019182
2 2 0.021473 0.041891 0.635377 0.284749 0.016509
2 2 0.023656 0.040566 0.571072 0.347438 0.017267
2 2 0.020052 0.035997 0.590229 0.338909 0.014813
2 2 0.023438 0.046188 0.624548 0.287588 0.018238
2 2 0.020243 0.044116 0.671331 0.247958 0.016352
2 3 0.018990 0.034888 0.600491 0.331496 0.014135
2 3 0.028823 0.045598 0.513294 0.391695 0.020590
3 3 0.036284 0.048595 0.429556 0.461144 0.024421
3 3 0.031638 0.037529 0.378354 0.532446 0.020034
3 3 0.021687 0.021138 0.294257 0.650552 0.012366
3 3 0.016247 0.014526 0.264296 0.696153 0.008778
3 3 0.019896 0.017108 0.246865 0.705422 0.010710
3 3 0.029295 0.029469 0.312099 0.611943 0.017194
3 3 0.023604 0.026398 0.373378 0.562357 0.014264
3 3 0.015967 0.018147 0.388236 0.568164 0.009486
3 3 0.012648 0.016748 0.470940 0.491755 0.007909
2 3 0.011388 0.017617 0.550374 0.413041 0.007580
2 3 0.008872 0.013056 0.517873 0.454496 0.005702
3 3 0.008491 0.011136 0.451129 0.524060 0.005184
3 3 0.008763 0.009595 0.348862 0.627804 0.004977
3 3 0.009497 0.008405 0.249903 0.727224 0.004971
3 3 0.011752 0.009754 0.227256 0.745175 0.006063
3 3 0.015647 0.014906 0.293014 0.667780 0.008653
3 3 0.022531 0.024024 0.351603 0.588536 0.013306
2 2 0.032781 0.056240 0.581989 0.304689 0.024301
2 2 0.026150 0.057017 0.689690 0.205812 0.021332
2 2 0.027081 0.082521 0.756843 0.107547 0.026009
2 2 0.040800 0.125269 0.693142 0.099807 0.040982
2 1 0.175435 0.226941 0.446048 0.047532 0.104043
2 2 0.037180 0.241439 0.453112 0.022435 0.245833
2 2 0.018912 0.144900 0.737621 0.023774 0.074793
2 2 0.020585 0.121227 0.766176 0.036997 0.055014
2 2 0.024831 0.101639 0.771106 0.066068 0.036356
2 2 0.045827 0.151495 0.670788 0.072935 0.058955
2 2 0.030053 0.138134 0.722008 0.053877 0.055928
2 2 0.032499 0.159426 0.685119 0.047323 0.075632
2 2 0.020297 0.112953 0.780239 0.040774 0.045736
2 2 0.026089 0.134633 0.749230 0.045499 0.044548
2 2 0.031736 0.169414 0.694397 0.041697 0.062755
2 2 0.010976 0.063279 0.866697 0.038641 0.020407
2 2 0.011675 0.060172 0.856483 0.050187 0.021483
2 2 0.022696 0.101578 0.777317 0.062418 0.035990
2 2 0.020451 0.091455 0.795923 0.064027 0.028145
2 2 0.031138 0.118233 0.726954 0.081468 0.042208
2 2 0.031393 0.123649 0.722709 0.075547 0.046701
2 2 0.025021 0.125440 0.753786 0.047697 0.048056
2 2 0.016573 0.104737 0.805461 0.033516 0.039713
2 2 0.011310 0.082661 0.846669 0.026626 0.032734
2 2 0.007306 0.057918 0.888812 0.023095 0.022868
2 2 0.007108 0.059877 0.883635 0.020960 0.028421
2 2 0.004420 0.039985 0.922115 0.018171 0.015310
2 2 0.003005 0.029293 0.942224 0.015615 0.009863
2 2 0.002675 0.023325 0.948655 0.018272 0.007073
2 2 0.002767 0.020850 0.947505 0.023254 0.005624
2 2 0.002962 0.020518 0.942989 0.027373 0.006158
2 2 0.002624 0.017495 0.944579 0.029690 0.005612
2 2 0.002110 0.014065 0.948746 0.030316 0.004763
2 2 0.002829 0.019177 0.940910 0.030099 0.006985
2 2 0.003047 0.019972 0.938300 0.032794 0.005887
2 2 0.003642 0.026558 0.936926 0.026083 0.006790
2 2 0.004870 0.038454 0.922809 0.022532 0.011335
2 2 0.006289 0.047811 0.904946 0.024409 0.016546
2 2 0.009306 0.064150 0.870599 0.029064 0.026881
2 2 0.008423 0.056649 0.881902 0.030075 0.022951
2 2 0.008343 0.057473 0.883124 0.028951 0.022110
2 2 0.008619 0.056587 0.881734 0.031255 0.021806
2 2 0.007417 0.046807 0.900248 0.032816 0.012713
2 2 0.006107 0.038888 0.914980 0.031769 0.008256
2 2 0.005808 0.039529 0.917939 0.028568 0.008156
2 2 0.004725 0.029994 0.927796 0.031628 0.005857
2 2 0.006458 0.041555 0.910067 0.031704 0.010215
2 2 0.007038 0.046129 0.901807 0.032029 0.012998
2 2 0.005295 0.040205 0.917449 0.025470 0.011580
2 2 0.004159 0.034181 0.929599 0.022117 0.009945
2 2 0.003504 0.033941 0.935580 0.016538 0.010436
2 2 0.003483 0.035330 0.936112 0.014864 0.010210
2 2 0.003215 0.033370 0.940177 0.014218 0.009020
2 2 0.003927 0.035364 0.933316 0.018025 0.009368
2 2 0.005543 0.043930 0.916134 0.022611 0.011782
2 2 0.007299 0.054317 0.897088 0.025438 0.015859
2 2 0.008939 0.061272 0.884327 0.029220 0.016242
2 2 0.011882 0.080699 0.853644 0.029975 0.023800
2 2 0.013111 0.082756 0.848359 0.033705 0.022070
2 2 0.012353 0.083056 0.849047 0.030475 0.025070
2 2 0.011387 0.073871 0.861126 0.032183 0.021433
2 2 0.007187 0.048922 0.903659 0.029085 0.011147
2 2 0.004473 0.025572 0.926451 0.038260 0.005243
2 2 0.014996 0.054598 0.829080 0.085170 0.016157
2 2 0.018272 0.060054 0.801900 0.099351 0.020424
2 2 0.160363 0.270929 0.321509 0.056821 0.190378
2 1 0.136524 0.263832 0.363309 0.064816 0.171520
2 2 0.034975 0.146156 0.686810 0.061195 0.070864
2 2 0.013604 0.075445 0.847134 0.041325 0.022491
2 2 0.014230 0.093104 0.832549 0.031857 0.028260
2 2 0.022365 0.146170 0.735237 0.030805 0.065423
2 2 0.027211 0.145418 0.732775 0.042649 0.051947
2 2 0.041465 0.158663 0.695734 0.047764 0.056374
2 2 0.034670 0.127470 0.757823 0.041131 0.038907
2 2 0.061087 0.179968 0.638435 0.028769 0.091741
2 2 0.101528 0.240473 0.485371 0.024765 0.147863
2 2 0.123539 0.277120 0.332656 0.022452 0.244234
2 2 0.065651 0.251871 0.491211 0.030309 0.160959
2 2 0.058834 0.269859 0.443180 0.031026 0.197100
2 2 0.024546 0.189941 0.541376 0.018979 0.225158
2 2 0.020208 0.161911 0.637100 0.020075 0.160705
2 2 0.009529 0.082947 0.838251 0.019953 0.049319
2 2 0.005492 0.047877 0.907697 0.019575 0.019358
2 2 0.005203 0.044171 0.913399 0.020311 0.016916
2 2 0.006616 0.054441 0.894547 0.021670 0.022727
2 2 0.012093 0.088947 0.826586 0.026245 0.046129
2 2 0.011893 0.085235 0.840992 0.027478 0.034401
2 2 0.018005 0.110182 0.790266 0.035120 0.046426
2 2 0.018105 0.108050 0.786070 0.036455 0.051321
2 2 0.030853 0.186261 0.570630 0.029780 0.182475
2 2 0.021688 0.145217 0.683781 0.028202 0.121112
2 2 0.033951 0.196626 0.523829 0.029944 0.215649
2 2 0.071016 0.217975 0.505488 0.040665 0.164856
1 2 0.157834 0.279604 0.268126 0.029682 0.264754
4 2 0.182620 0.268519 0.219064 0.029920 0.299877
4 1 0.146671 0.277211 0.252565 0.035044 0.288508
2 1 0.087326 0.252199 0.401589 0.064573 0.194313
2 2 0.094250 0.274264 0.376216 0.073056 0.182213
4 2 0.089884 0.264426 0.273473 0.037217 0.335000
2 2 0.078306 0.275194 0.329645 0.041073 0.275781
2 2 0.022220 0.140298 0.643673 0.029618 0.164191
2 2 0.007651 0.049524 0.891868 0.031733 0.019224
2 2 0.006145 0.046347 0.907101 0.024666 0.015740
2 2 0.005241 0.047423 0.911911 0.018392 0.017034
2 2 0.003912 0.037864 0.930221 0.016162 0.011842
2 2 0.001917 0.019563 0.959859 0.013809 0.004852
2 2 0.001567 0.014465 0.965652 0.015617 0.002699
2 2 0.001588 0.013860 0.964797 0.017044 0.002711
2 2 0.001831 0.013994 0.959759 0.021528 0.002889
2 2 0.002690 0.023653 0.948667 0.018040 0.006951
2 2 0.004258 0.034843 0.926222 0.021153 0.013524
2 2 0.007433 0.060756 0.879471 0.022019 0.030321
2 2 0.006199 0.047962 0.899890 0.023772 0.022176
2 2 0.007279 0.056792 0.886550 0.023674 0.025705
2 2 0.006571 0.049421 0.901367 0.024901 0.017740
2 2 0.011896 0.068808 0.861005 0.038547 0.019743
2 2 0.019372 0.082845 0.814132 0.062094 0.021557
2 2 0.009926 0.049491 0.881330 0.047840 0.011413
2 2 0.009514 0.048442 0.884809 0.046209 0.011026
2 2 0.035491 0.117283 0.752601 0.060106 0.034519
2 2 0.086334 0.213027 0.557093 0.067314 0.076231
2 2 0.087078 0.279395 0.457154 0.052518 0.123856
2 2 0.122249 0.296993 0.390644 0.047966 0.142148
2 2 0.125470 0.270209 0.424138 0.060766 0.119417
2 2 0.200315 0.284765 0.320140 0.058351 0.136429
0 2 0.522686 0.186705 0.111901 0.022898 0.155810
0 2 0.639008 0.126013 0.067866 0.027697 0.139417
0 2 0.660723 0.124344 0.059317 0.017750 0.137865
0 0 0.666876 0.129464 0.053213 0.010933 0.139514
0 0 0.590193 0.168228 0.068896 0.014341 0.158342
0 0 0.650311 0.141630 0.053758 0.009086 0.145216
0 0 0.737262 0.102782 0.034394 0.004116 0.121446
0 0 0.462461 0.142373 0.058652 0.005224 0.331290
0 0 0.420269 0.174618 0.078501 0.010259 0.316353
0 0 0.397482 0.169583 0.076638 0.008994 0.347303
0 0 0.367304 0.174653 0.081301 0.009785 0.366957
4 0 0.312325 0.186852 0.092680 0.012307 0.395837
4 0 0.254977 0.138114 0.065960 0.004627 0.536323
4 0 0.289503 0.104545 0.044380 0.001885 0.559687
4 0 0.080063 0.042777 0.019790 0.000277 0.857092
4 0 0.160582 0.068955 0.030349 0.000708 0.739406
4 0 0.244620 0.088997 0.037680 0.001227 0.627476
4 0 0.351051 0.121999 0.051525 0.002950 0.472475
4 0 0.296501 0.123877 0.054979 0.003160 0.521483
4 0 0.275615 0.117319 0.052239 0.002716 0.552112
0 0 0.429346 0.110215 0.042822 0.002188 0.415429
0 0 0.526309 0.124888 0.047850 0.003695 0.297258
0 0 0.526221 0.102219 0.036855 0.001910 0.332796
4 0 0.261679 0.088654 0.036815 0.001185 0.611668
4 0 0.244252 0.098691 0.043111 0.001670 0.612276
4 0 0.219334 0.089107 0.038874 0.001286 0.651398
4 1 0.330552 0.086627 0.033552 0.001043 0.548226
4 1 0.394668 0.078804 0.028309 0.000778 0.497441
4 1 0.085655 0.042810 0.019445 0.000266 0.851823
4 1 0.056205 0.045781 0.023824 0.000426 0.873764
4 1 0.050873 0.055675 0.031556 0.000794 0.861102
4 2 0.043311 0.072911 0.046801 0.001929 0.835048
4 2 0.031952 0.086317 0.063372 0.003929 0.814431
4 2 0.032071 0.125878 0.103355 0.012320 0.726376
4 2 0.028146 0.155206 0.178678 0.012846 0.625124
4 2 0.027176 0.190975 0.304577 0.013819 0.463454
2 2 0.021602 0.186318 0.466211 0.014013 0.311856
2 2 0.011792 0.116771 0.747397 0.015463 0.108578
2 2 0.007160 0.073081 0.861180 0.015399 0.043180
2 2 0.005544 0.062147 0.885042 0.013173 0.034094
2 2 0.006551 0.071408 0.871620 0.013856 0.036565
2 2 0.006734 0.072338 0.872279 0.014207 0.034442
2 2 0.009193 0.080434 0.859515 0.019913 0.030945
2 2 0.009753 0.075683 0.865873 0.024157 0.024534
2 2 0.010093 0.069995 0.872992 0.028848 0.018072
2 2 0.010935 0.069774 0.868689 0.032956 0.017646
2 2 0.011643 0.067070 0.865264 0.038737 0.017286
2 2 0.011740 0.056213 0.866337 0.052332 0.013378
2 2 0.013225 0.058496 0.852505 0.061175 0.014600
2 2 0.013303 0.060361 0.853110 0.058345 0.014881
2 2 0.012238 0.061987 0.864116 0.047273 0.014384
2 2 0.006952 0.042114 0.907691 0.034619 0.008623
2 2 0.005750 0.045204 0.915046 0.022932 0.011068
2 2 0.005419 0.050953 0.910569 0.017341 0.015717
2 2 0.004944 0.055836 0.905665 0.012949 0.020606
2 2 0.005842 0.070103 0.878996 0.011846 0.033213
2 2 0.004524 0.062516 0.891612 0.009353 0.031996
2 2 0.002317 0.035517 0.940716 0.007577 0.013873
2 2 0.002862 0.041538 0.929530 0.008407 0.017663
2 2 0.003490 0.046051 0.918919 0.009917 0.021623
2 2 0.003983 0.037140 0.930719 0.017140 0.011018
2 2 0.003598 0.032222 0.937769 0.018032 0.008378
2 2 0.002034 0.020074 0.959187 0.014566 0.004140
2 2 0.001265 0.012497 0.970698 0.013654 0.001886
2 2 0.000952 0.009458 0.974910 0.013338 0.001342
2 2 0.000837 0.007353 0.973104 0.017605 0.001101
2 2 0.000800 0.006336 0.969388 0.022478 0.000998
2 2 0.000812 0.006441 0.969033 0.022700 0.001014
2 2 0.001170 0.008197 0.959501 0.029727 0.001404
2 2 0.001571 0.010802 0.954742 0.030984 0.001901
2 2 0.002721 0.016837 0.938746 0.038466 0.003230
2 2 0.004181 0.025727 0.926517 0.038496 0.005079
2 2 0.004719 0.025285 0.914791 0.049815 0.005389
2 2 0.005454 0.029555 0.911650 0.047026 0.006315
2 2 0.004498 0.023606 0.916641 0.050190 0.005065
2 2 0.004529 0.024761 0.920919 0.044588 0.005203
2 2 0.004002 0.019027 0.915160 0.057555 0.004256
2 2 0.005670 0.026913 0.905549 0.055718 0.006149
2 2 0.008614 0.036996 0.877939 0.067326 0.009124
2 2 0.012302 0.043051 0.832969 0.099628 0.012050
2 2 0.015989 0.044046 0.769880 0.155905 0.014180
2 2 0.025396 0.066538 0.722696 0.162719 0.022651
2 2 0.022559 0.069068 0.762395 0.124443 0.021535
2 2 0.021877 0.066162 0.763886 0.127360 0.020715
2 2 0.015144 0.047156 0.799714 0.123787 0.014200
2 2 0.012175 0.036365 0.801558 0.138860 0.011043
2 3 0.010750 0.042392 0.853967 0.081812 0.011079
2 3 0.013403 0.048377 0.830786 0.094030 0.013404
2 3 0.013716 0.047078 0.824197 0.101613 0.013395
2 3 0.013941 0.044337 0.810525 0.118063 0.013133
2 3 0.012440 0.040367 0.819798 0.115641 0.011753
2 3 0.013369 0.039118 0.793749 0.141693 0.012071
2 3 0.013773 0.029128 0.686309 0.260095 0.010695
2 3 0.016847 0.029773 0.592489 0.348673 0.012218
2 3 0.021431 0.031226 0.484427 0.448421 0.014495
2 3 0.022156 0.034007 0.516718 0.411778 0.015341
3 3 0.027682 0.034346 0.408871 0.511401 0.017700
2 3 0.027939 0.038329 0.462438 0.452646 0.018649
2 3 0.027295 0.038960 0.483658 0.431579 0.018507
2 3 0.023386 0.040315 0.583521 0.335711 0.017068
2 3 0.030908 0.047223 0.511654 0.388455 0.021761
3 3 0.033662 0.043320 0.419117 0.481763 0.022137
3 3 0.034824 0.036560 0.318077 0.589457 0.021082
3 3 0.029544 0.031524 0.331889 0.589232 0.017812
3 3 0.031916 0.035441 0.350701 0.562294 0.019648
3 3 0.035202 0.047879 0.446321 0.446833 0.023765
2 3 0.038221 0.063816 0.534955 0.334605 0.028403
2 3 0.031652 0.050693 0.531334 0.363527 0.022795
2 3 0.022935 0.043244 0.621534 0.294867 0.017420
2 3 0.020267 0.041206 0.655235 0.267468 0.015823
2 3 0.021584 0.036710 0.576009 0.350104 0.015593
3 3 0.022301 0.024276 0.352930 0.587188 0.013305
3 3 0.026428 0.025150 0.286926 0.646421 0.015076
3 3 0.025651 0.025609 0.310732 0.623119 0.014888
3 3 0.024497 0.027706 0.375862 0.557019 0.014915
3 3 0.022969 0.020735 0.265898 0.677680 0.012717
3 3 0.021164 0.018875 0.258221 0.690124 0.011616
3 3 0.018683 0.016672 0.258395 0.696066 0.010184
3 3 0.020240 0.016186 0.215873 0.737096 0.010605
3 3 0.015114 0.009527 0.123862 0.844333 0.007165
3 3 0.035323 0.041243 0.380513 0.520619 0.022302
3 3 0.024891 0.031827 0.430908 0.496371 0.016002
2 3 0.026420 0.041590 0.528436 0.384873 0.018681
2 3 0.025845 0.048397 0.611985 0.294056 0.019717
2 3 0.031052 0.068901 0.661904 0.212219 0.025923
2 3 0.025800 0.065505 0.716773 0.169246 0.022677
2 3 0.027717 0.076488 0.728288 0.142033 0.025474
2 3 0.029782 0.075003 0.698321 0.170556 0.026338
2 3 0.035286 0.070301 0.604325 0.261777 0.028311
2 3 0.041951 0.080069 0.571500 0.273089 0.033392
2 3 0.031573 0.047571 0.493969 0.404722 0.022166
2 3 0.035344 0.049836 0.458669 0.431882 0.024268
3 3 0.039876 0.043884 0.334572 0.556833 0.024834
3 3 0.033926 0.033822 0.288386 0.623752 0.020114
3 3 0.029376 0.025598 0.234491 0.694182 0.016352
3 3 0.030739 0.028586 0.261118 0.661949 0.017607
3 3 0.025233 0.024289 0.275609 0.660374 0.014495
3 3 0.027600 0.027381 0.284244 0.644622 0.016153
3 3 0.028102 0.021949 0.190807 0.744179 0.014963
3 3 0.030253 0.023100 0.186831 0.743809 0.016008
3 3 0.034034 0.025669 0.181466 0.740780 0.018052
3 3 0.037016 0.035317 0.280253 0.625822 0.021592
3 3 0.038432 0.050704 0.439488 0.445692 0.025684
2 3 0.033354 0.071566 0.654512 0.213082 0.027487
2 3 0.019455 0.072434 0.808300 0.079611 0.020200
2 3 0.007040 0.035102 0.899943 0.049988 0.007928
2 2 0.003325 0.020955 0.940331 0.031372 0.004017
2 2 0.002883 0.018683 0.944983 0.029949 0.003502
2 2 0.003062 0.020215 0.944026 0.028929 0.003769
2 2 0.001806 0.011316 0.952445 0.032335 0.002098
2 2 0.002418 0.015409 0.945692 0.032654 0.003827
2 2 0.003242 0.025009 0.938645 0.023746 0.009358
2 2 0.009271 0.074843 0.838659 0.022420 0.054808
2 2 0.020964 0.144901 0.661824 0.026123 0.146189
2 2 0.033288 0.198447 0.495407 0.027314 0.245544
4 2 0.052093 0.217180 0.255873 0.020949 0.453905
4 2 0.057518 0.184083 0.165540 0.018234 0.574625
4 2 0.053364 0.155052 0.121424 0.014979 0.655182
4 2 0.046605 0.115904 0.083708 0.007254 0.746528
4 2 0.042618 0.090008 0.061786 0.003615 0.801973
4 4 0.051510 0.069296 0.041765 0.001475 0.835955
4 4 0.044134 0.028594 0.013844 0.000135 0.913294
4 4 0.057274 0.019273 0.007835 0.000040 0.915579
4 4 0.106103 0.018760 0.008132 0.000059 0.866946
4 4 0.206503 0.018279 0.007724 0.000069 0.767424
4 4 0.324840 0.019720 0.008130 0.000095 0.647214
4 4 0.470298 0.016638 0.006358 0.000076 0.506630
0 4 0.503169 0.010424 0.003925 0.000035 0.482446
0 4 0.669412 0.011504 0.004223 0.000061 0.314800
0 4 0.518002 0.016490 0.005802 0.000062 0.459644
4 4 0.305532 0.021384 0.007404 0.000055 0.665625
4 4 0.164348 0.012187 0.004473 0.000019 0.818974
4 4 0.183660 0.011331 0.004326 0.000020 0.800663
4 4 0.269913 0.012165 0.004719 0.000030 0.713174
4 4 0.174342 0.022525 0.010765 0.000143 0.792225
4 4 0.104259 0.017024 0.008287 0.000076 0.870353
4 4 0.076311 0.016715 0.008451 0.000076 0.898447
4 4 0.058907 0.021826 0.010624 0.000095 0.908549
4 4 0.129779 0.035319 0.016030 0.000224 0.818649
4 4 0.224277 0.051921 0.022563 0.000485 0.700754
4 4 0.053763 0.026451 0.011851 0.000095 0.907840
4 4 0.049571 0.022322 0.010430 0.000080 0.917598
4 4 0.054482 0.020774 0.010489 0.000097 0.914158
4 4 0.055898 0.016230 0.007488 0.000047 0.920338
4 4 0.062638 0.013337 0.005857 0.000029 0.918139
4 4 0.067564 0.007720 0.003090 0.000008 0.921616
4 4 0.163266 0.019481 0.008638 0.000082 0.808533
4 4 0.124407 0.021989 0.009255 0.000074 0.844275
4 4 0.094998 0.021169 0.009601 0.000082 0.874150
4 4 0.100486 0.021003 0.008345 0.000051 0.870114
4 4 0.100787 0.025673 0.009952 0.000066 0.863522
4 4 0.082648 0.042049 0.019186 0.000259 0.855859
4 4 0.137060 0.046076 0.018795 0.000245 0.797823
4 4 0.170855 0.075452 0.033534 0.000890 0.719269
4 4 0.181321 0.080183 0.035703 0.001030 0.701762
4 4 0.114812 0.086110 0.044385 0.001637 0.753057
4 4 0.106033 0.089905 0.047977 0.001951 0.754134
4 1 0.102110 0.087195 0.046589 0.001826 0.762280
4 1 0.136766 0.074564 0.035098 0.000971 0.752601
4 2 0.154198 0.064183 0.027963 0.000589 0.753068
4 2 0.032084 0.028458 0.015026 0.000166 0.924266
4 4 0.031606 0.027073 0.014145 0.000146 0.927031
4 4 0.030525 0.018380 0.009029 0.000060 0.942007
4 4 0.040987 0.016492 0.007429 0.000040 0.935052
4 4 0.065128 0.018845 0.007853 0.000043 0.908130
4 4 0.052960 0.017621 0.007417 0.000038 0.921964
4 4 0.090152 0.021754 0.008666 0.000053 0.879376
4 4 0.077314 0.023478 0.009187 0.000053 0.889968
4 4 0.106048 0.025984 0.009604 0.000058 0.858307
4 4 0.044256 0.018611 0.007933 0.000041 0.929159
4 4 0.079093 0.018970 0.006928 0.000029 0.894979
4 4 0.078673 0.014816 0.005659 0.000022 0.900829
4 4 0.112781 0.019916 0.008094 0.000053 0.859157
4 4 0.058482 0.012135 0.004687 0.000015 0.924681
4 4 0.087968 0.019442 0.006945 0.000029 0.885615
4 4 0.097748 0.020055 0.007277 0.000034 0.874887
4 4 0.079949 0.019743 0.007627 0.000038 0.892643
4 4 0.103733 0.036278 0.014886 0.000148 0.844955
4 4 0.061108 0.052928 0.028095 0.000607 0.857262
4 4 0.044853 0.046558 0.025915 0.000522 0.882152
4 2 0.077917 0.065254 0.034464 0.000937 0.821428
4 2 0.149591 0.116265 0.060956 0.003437 0.669750
4 2 0.169697 0.163089 0.091471 0.009332 0.566410
4 2 0.085586 0.227436 0.229641 0.018844 0.438494
4 2 0.079547 0.205194 0.189670 0.016583 0.509006
4 2 0.062690 0.136077 0.095015 0.009678 0.696539
4 2 0.067766 0.176021 0.146042 0.014790 0.595381
4 2 0.065816 0.163177 0.120974 0.015857 0.634177
4 2 0.028369 0.117492 0.099466 0.010305 0.744369
4 2 0.028145 0.109137 0.089014 0.008724 0.764980
4 2 0.027518 0.124897 0.114269 0.010873 0.722443
4 2 0.028351 0.139797 0.140143 0.012425 0.679284
4 2 0.026997 0.189208 0.299111 0.013657 0.471026
4 2 0.026767 0.183782 0.279809 0.013315 0.496327
4 2 0.026923 0.174581 0.245043 0.013011 0.540441
4 2 0.026110 0.161161 0.207927 0.012175 0.592627
4 2 0.026687 0.147200 0.165584 0.011964 0.648565
4 2 0.027342 0.137093 0.138254 0.011920 0.685391
4 2 0.027421 0.136689 0.137018 0.011940 0.686931
4 2 0.029355 0.127900 0.113783 0.011787 0.717174
4 2 0.134830 0.256673 0.239720 0.023100 0.345678
1 2 0.232750 0.268797 0.206278 0.028127 0.264049
2 2 0.103819 0.290818 0.397494 0.039122 0.168747
2 2 0.082605 0.291695 0.403367 0.046914 0.175419
2 2 0.094607 0.295610 0.338737 0.060017 0.211030
2 2 0.116167 0.292510 0.301848 0.050999 0.238476
4 2 0.146671 0.277342 0.244033 0.038667 0.293287
2 2 0.026284 0.205425 0.386041 0.014244 0.368007
2 2 0.014636 0.157739 0.634391 0.012221 0.181013
2 2 0.015819 0.170871 0.616500 0.011993 0.184817
2 2 0.011610 0.139848 0.716522 0.011018 0.121002
2 2 0.012879 0.149469 0.685447 0.011410 0.140795
2 2 0.009502 0.122140 0.746239 0.010069 0.112049
2 2 0.011363 0.137703 0.700596 0.010718 0.139619
2 2 0.010095 0.126480 0.730322 0.010377 0.122727
2 2 0.009091 0.113676 0.774240 0.010741 0.092252
2 2 0.010540 0.126420 0.741876 0.011278 0.109886
2 2 0.009383 0.118332 0.759936 0.010495 0.101854
2 2 0.009498 0.120190 0.745173 0.010309 0.114830
2 2 0.008105 0.105500 0.776811 0.010010 0.099574
2 2 0.008482 0.104239 0.785541 0.011081 0.090657
2 2 0.009468 0.112142 0.779768 0.011791 0.086829
2 2 0.015417 0.160476 0.678127 0.013634 0.132345
2 2 0.014473 0.158336 0.694957 0.012769 0.119465
2 2 0.013510 0.152774 0.712374 0.012269 0.109073
2 2 0.012578 0.147901 0.719057 0.011547 0.108917
2 2 0.011344 0.140541 0.728799 0.010649 0.108666
2 2 0.017722 0.188867 0.611496 0.012291 0.169624
2 2 0.017542 0.187828 0.592713 0.011898 0.190019
2 2 0.020152 0.200356 0.548101 0.012715 0.218676
2 2 0.020053 0.202134 0.546152 0.012404 0.219256
2 2 0.014487 0.161918 0.677465 0.012119 0.134010
2 2 0.010237 0.123967 0.766738 0.011332 0.087726
2 2 0.006990 0.088999 0.839176 0.010725 0.054110
2 2 0.008199 0.099755 0.814710 0.011477 0.065859
2 2 0.007150 0.092588 0.827959 0.010390 0.061913
