0 0 0.768329 0.102706 0.056626 0.032160 0.040179
0 0 0.758656 0.122705 0.056342 0.018552 0.043745
0 0 0.778504 0.119807 0.049539 0.014012 0.038137
0 0 0.687089 0.156798 0.079110 0.021155 0.055848
0 0 0.724594 0.136312 0.066203 0.020708 0.052183
0 0 0.708190 0.132747 0.070489 0.026888 0.061685
0 0 0.592769 0.155206 0.133242 0.045589 0.073194
0 0 0.585007 0.154855 0.147320 0.047579 0.065239
0 0 0.447090 0.154088 0.249915 0.082824 0.066083
0 0 0.502812 0.142383 0.207176 0.084006 0.063623
0 0 0.423175 0.142914 0.254594 0.108807 0.070510
0 0 0.570306 0.138141 0.154684 0.069955 0.066914
0 0 0.505344 0.141231 0.197476 0.085284 0.070664
0 0 0.560558 0.140811 0.156946 0.070913 0.070772
0 0 0.532155 0.143156 0.172491 0.080611 0.071588
0 0 0.561206 0.162333 0.154562 0.051173 0.070725
0 0 0.523077 0.182984 0.173080 0.044313 0.076546
0 0 0.479610 0.184359 0.198518 0.054386 0.083126
2 0 0.318536 0.158643 0.330469 0.111366 0.080986
0 0 0.455620 0.143711 0.211884 0.106201 0.082584
0 0 0.518117 0.140805 0.167150 0.094512 0.079416
0 0 0.566361 0.130290 0.133819 0.097918 0.071612
0 0 0.606895 0.127599 0.113339 0.083690 0.068477
0 0 0.626314 0.131287 0.107034 0.066215 0.069150
0 0 0.638246 0.132077 0.105664 0.057355 0.066659
0 0 0.719895 0.118662 0.070259 0.037130 0.054053
0 0 0.746167 0.116652 0.061821 0.027868 0.047492
0 0 0.710625 0.139333 0.072517 0.024457 0.053067
0 0 0.720315 0.141876 0.067824 0.019363 0.050622
0 0 0.571892 0.188733 0.139995 0.031325 0.068055
0 0 0.522656 0.194520 0.176164 0.037756 0.068904
0 0 0.490872 0.193791 0.202337 0.044154 0.068846
0 0 0.409208 0.211813 0.264508 0.047050 0.067421
2 0 0.265256 0.235333 0.390012 0.044194 0.065204
2 0 0.175132 0.216627 0.498568 0.047966 0.061707
2 0 0.126243 0.201054 0.571836 0.044672 0.056195
2 0 0.208283 0.245817 0.436388 0.040710 0.068802
2 0 0.280983 0.255776 0.347262 0.039683 0.076296
0 0 0.370706 0.248458 0.265371 0.037272 0.078193
0 0 0.426582 0.248680 0.218061 0.031666 0.075010
0 0 0.553538 0.230195 0.130164 0.021185 0.064918
0 0 0.548115 0.236526 0.132176 0.020028 0.063155
0 0 0.542323 0.242392 0.134327 0.019135 0.061823
0 0 0.528818 0.253087 0.139551 0.018064 0.060479
0 0 0.462596 0.272839 0.175282 0.021431 0.067852
0 0 0.418096 0.279590 0.209587 0.023737 0.068990
2 0 0.297369 0.268060 0.332547 0.032962 0.069062
2 0 0.283148 0.272065 0.343193 0.032575 0.069019
2 0 0.213337 0.264069 0.424980 0.033710 0.063905
2 0 0.178041 0.252301 0.474360 0.034718 0.060580
2 0 0.121616 0.218980 0.569329 0.036895 0.053179
2 0 0.136489 0.228549 0.543359 0.036410 0.055194
2 0 0.108678 0.193907 0.608307 0.040210 0.048898
2 0 0.140118 0.206820 0.559122 0.041098 0.052842
2 0 0.149964 0.190062 0.557778 0.051473 0.050724
2 0 0.196981 0.192785 0.498324 0.058112 0.053797
0 0 0.377017 0.204857 0.298396 0.055023 0.064707
0 0 0.543411 0.190568 0.164244 0.038452 0.063325
0 0 0.644683 0.172745 0.099181 0.025965 0.057426
0 0 0.603328 0.190565 0.123242 0.025314 0.057551
0 0 0.617843 0.155907 0.104125 0.039583 0.082543
0 0 0.671224 0.138906 0.081582 0.034267 0.074021
0 0 0.677065 0.137592 0.079747 0.033287 0.072309
0 0 0.744900 0.120320 0.058984 0.022747 0.053048
0 0 0.707294 0.130364 0.070364 0.028398 0.063580
0 0 0.622561 0.148850 0.097130 0.042879 0.088580
0 0 0.692532 0.126920 0.078109 0.039981 0.062459
0 0 0.752059 0.109840 0.060648 0.031757 0.045696
0 0 0.835741 0.083609 0.036484 0.018019 0.026148
0 0 0.877402 0.073636 0.022394 0.006891 0.019677
0 0 0.849077 0.085387 0.029629 0.009705 0.026203
0 0 0.808723 0.100305 0.040557 0.014280 0.036135
0 0 0.811271 0.099420 0.039848 0.013972 0.035488
0 0 0.838998 0.089300 0.032296 0.010787 0.028619
0 0 0.889048 0.068445 0.019546 0.005839 0.017122
0 0 0.932342 0.046862 0.009806 0.002529 0.008461
0 0 0.943645 0.040487 0.007548 0.001843 0.006477
0 0 0.960262 0.030364 0.004532 0.000996 0.003846
0 1 0.947889 0.037993 0.006741 0.001608 0.005770
0 1 0.913301 0.056848 0.013903 0.003860 0.012088
0 1 0.888447 0.068719 0.019691 0.005892 0.017252
0 0 0.810750 0.100522 0.040029 0.013640 0.035060
0 0 0.792963 0.105626 0.044990 0.016235 0.040186
0 0 0.699997 0.126603 0.075231 0.036646 0.061523
0 0 0.635366 0.142014 0.095023 0.046741 0.080857
0 0 0.437394 0.159366 0.193899 0.095732 0.113609
0 0 0.473758 0.159371 0.162502 0.088049 0.116319
0 0 0.473520 0.153177 0.161451 0.101115 0.110737
0 0 0.501408 0.140194 0.142462 0.118803 0.097133
0 0 0.428484 0.112490 0.153451 0.228769 0.076805
0 0 0.363943 0.104016 0.164015 0.291621 0.076406
0 0 0.456840 0.121183 0.150664 0.188734 0.082578
0 0 0.635774 0.124496 0.099007 0.074939 0.065784
0 0 0.712179 0.119568 0.072959 0.039966 0.055328
0 0 0.715643 0.124698 0.069572 0.031399 0.058687
0 0 0.545585 0.168005 0.126385 0.054949 0.105076
0 0 0.605828 0.159352 0.104514 0.041445 0.088861
0 0 0.764104 0.114712 0.053313 0.020048 0.047823
0 1 0.868605 0.077412 0.024596 0.007728 0.021659
0 1 0.924925 0.050856 0.011362 0.003022 0.009835
0 1 0.842051 0.088129 0.031484 0.010455 0.027882
0 0 0.745904 0.121702 0.058874 0.021784 0.051736
0 0 0.680702 0.136761 0.078608 0.032682 0.071247
0 0 0.624614 0.137305 0.106181 0.057448 0.074452
0 0 0.559488 0.114613 0.138032 0.131036 0.056832
0 0 0.641266 0.103406 0.099762 0.109080 0.046486
0 0 0.680023 0.106653 0.085085 0.079903 0.048336
0 0 0.627412 0.127397 0.101556 0.074588 0.069047
0 0 0.588066 0.136909 0.113878 0.079227 0.081920
0 0 0.546354 0.136600 0.127807 0.102362 0.086877
0 0 0.548733 0.116027 0.123397 0.145305 0.066537
0 0 0.438711 0.082951 0.125583 0.307174 0.045581
0 0 0.431731 0.073155 0.116005 0.341681 0.037428
0 0 0.511604 0.095187 0.121136 0.221227 0.050847
0 0 0.611635 0.111301 0.104988 0.115231 0.056845
0 0 0.673390 0.108670 0.087185 0.080494 0.050262
0 0 0.747196 0.109662 0.062602 0.034614 0.045927
0 0 0.729343 0.124309 0.063819 0.025384 0.057145
0 1 0.678082 0.139507 0.079835 0.031924 0.070652
0 1 0.650441 0.161497 0.091296 0.028156 0.068609
0 1 0.310082 0.298421 0.178931 0.010085 0.202481
1 1 0.209383 0.342173 0.242172 0.010258 0.196015
1 1 0.138579 0.342282 0.279272 0.009470 0.230397
2 1 0.069805 0.314773 0.343279 0.010291 0.261851
2 1 0.051229 0.294185 0.390830 0.011751 0.252006
2 2 0.040387 0.268535 0.443857 0.011993 0.235228
2 2 0.033556 0.237677 0.512993 0.013213 0.202561
2 2 0.028793 0.202504 0.592769 0.016210 0.159724
2 2 0.027949 0.189020 0.618163 0.018179 0.146690
2 2 0.026948 0.185193 0.635537 0.019404 0.132919
2 2 0.031157 0.205538 0.590402 0.018791 0.154111
2 2 0.028455 0.198738 0.613284 0.018527 0.140996
2 2 0.024632 0.185254 0.653941 0.019131 0.117042
2 2 0.026414 0.198186 0.632949 0.018922 0.123529
2 2 0.024612 0.189038 0.657177 0.020084 0.109089
2 2 0.018481 0.154054 0.726998 0.020932 0.079536
2 2 0.014373 0.124385 0.779195 0.021921 0.060126
2 2 0.009789 0.088803 0.839353 0.023181 0.038875
2 2 0.008203 0.074079 0.861938 0.024300 0.031480
2 2 0.006668 0.061582 0.882267 0.025496 0.023987
2 2 0.006668 0.059547 0.883637 0.027186 0.022963
2 2 0.004941 0.046487 0.904918 0.027612 0.016041
2 2 0.003452 0.033342 0.923624 0.029448 0.010134
2 2 0.002679 0.025095 0.934371 0.029990 0.007865
2 3 0.002327 0.021085 0.939020 0.030767 0.006801
2 3 0.002143 0.018012 0.940713 0.032991 0.006141
2 3 0.002079 0.013026 0.923938 0.055914 0.005043
2 3 0.002034 0.009307 0.888032 0.096501 0.004125
2 3 0.002211 0.008542 0.858750 0.126414 0.004084
2 3 0.002355 0.008855 0.856616 0.127842 0.004332
2 3 0.002273 0.007793 0.844825 0.141065 0.004043
2 3 0.002075 0.006431 0.828578 0.159379 0.003537
2 3 0.001937 0.005660 0.817370 0.171816 0.003217
2 3 0.001718 0.004851 0.789280 0.201465 0.002686
2 3 0.001647 0.004562 0.774336 0.216953 0.002502
2 3 0.001486 0.003931 0.736091 0.256383 0.002110
2 3 0.001543 0.003996 0.726424 0.265880 0.002158
2 3 0.001378 0.003365 0.673863 0.319617 0.001778
2 3 0.001421 0.003313 0.644844 0.348663 0.001759
2 3 0.001647 0.003668 0.629828 0.362857 0.001999
2 3 0.001590 0.003405 0.597194 0.395964 0.001847
2 3 0.001645 0.003411 0.577546 0.415535 0.001863
2 3 0.001514 0.003232 0.588264 0.405251 0.001739
2 3 0.001327 0.002946 0.600336 0.393842 0.001548
2 3 0.001153 0.002568 0.585208 0.409753 0.001318
2 3 0.001317 0.002821 0.573312 0.421067 0.001483
2 3 0.001564 0.003113 0.540698 0.452936 0.001689
2 3 0.001822 0.003428 0.518779 0.474058 0.001914
2 3 0.001789 0.003489 0.542794 0.449990 0.001938
2 3 0.001718 0.003391 0.546763 0.446259 0.001870
2 3 0.002306 0.004821 0.625997 0.364090 0.002787
2 3 0.002383 0.005254 0.667635 0.321674 0.003054
2 3 0.002395 0.005316 0.672834 0.316363 0.003093
2 3 0.001995 0.004228 0.617990 0.373404 0.002383
2 3 0.001895 0.003722 0.555384 0.436912 0.002086
3 3 0.001434 0.002530 0.442298 0.552369 0.001368
3 3 0.001260 0.002103 0.389280 0.606234 0.001122
3 3 0.001166 0.001860 0.351655 0.644331 0.000988
3 3 0.001293 0.001985 0.339582 0.656064 0.001076
3 3 0.001633 0.002486 0.359371 0.635112 0.001397
2 3 0.001153 0.002310 0.506293 0.489051 0.001193
3 3 0.001194 0.002290 0.479383 0.515940 0.001193
3 3 0.001187 0.002152 0.438332 0.557202 0.001127
3 3 0.001049 0.001748 0.367796 0.628499 0.000908
3 3 0.001130 0.001790 0.344069 0.652063 0.000947
3 3 0.001568 0.002425 0.364977 0.629678 0.001352
3 3 0.001760 0.002761 0.387168 0.606748 0.001562
3 3 0.001922 0.003139 0.424530 0.568618 0.001791
3 3 0.002034 0.003339 0.434627 0.558078 0.001921
3 3 0.002165 0.003698 0.470447 0.521550 0.002140
3 3 0.002176 0.003543 0.437211 0.555009 0.002061
3 3 0.002126 0.003376 0.417008 0.575527 0.001963
3 3 0.002042 0.003029 0.367669 0.625494 0.001766
3 3 0.002166 0.003164 0.364423 0.628381 0.001865
3 3 0.002259 0.003224 0.354364 0.638234 0.001919
3 3 0.001904 0.002854 0.366593 0.627006 0.001644
3 3 0.001335 0.002103 0.358720 0.636701 0.001141
3 3 0.001296 0.002104 0.374504 0.620964 0.001132
3 3 0.001322 0.002205 0.394868 0.600420 0.001186
3 3 0.001336 0.002120 0.363621 0.631774 0.001150
3 3 0.001332 0.002222 0.395459 0.599791 0.001196
3 3 0.002072 0.003491 0.455237 0.537193 0.002008
2 3 0.003390 0.006073 0.560930 0.425841 0.003766
2 3 0.004134 0.008002 0.640767 0.341976 0.005121
2 3 0.005500 0.012002 0.733832 0.240749 0.007917
2 2 0.007309 0.024229 0.829303 0.125860 0.013299
2 3 0.006364 0.032819 0.881585 0.064997 0.014235
2 3 0.006324 0.037985 0.898606 0.043670 0.013415
2 2 0.004142 0.029645 0.915529 0.039885 0.010799
2 2 0.004683 0.034390 0.911673 0.037352 0.011902
2 2 0.005100 0.038135 0.908646 0.035553 0.012565
2 2 0.006516 0.047357 0.898676 0.033201 0.014250
2 2 0.004872 0.040154 0.913295 0.030074 0.011605
2 2 0.004683 0.041381 0.915190 0.027516 0.011229
2 2 0.004231 0.039132 0.919992 0.026278 0.010367
2 2 0.004231 0.039271 0.919700 0.026355 0.010444
2 2 0.002930 0.030187 0.932528 0.025968 0.008388
2 2 0.002348 0.025307 0.939273 0.025847 0.007225
2 2 0.001896 0.020496 0.946275 0.025447 0.005886
2 2 0.001954 0.020827 0.945322 0.025862 0.006034
2 2 0.002092 0.021606 0.943109 0.026809 0.006384
2 2 0.002315 0.022424 0.939602 0.028757 0.006902
2 2 0.002346 0.022611 0.939138 0.028924 0.006981
2 2 0.003306 0.031774 0.925677 0.029537 0.009706
2 2 0.003478 0.034315 0.923103 0.028831 0.010273
2 2 0.003996 0.039048 0.915972 0.029275 0.011708
2 2 0.004093 0.039960 0.914642 0.029327 0.011978
2 2 0.003804 0.040811 0.917339 0.026562 0.011484
2 2 0.003782 0.042381 0.916870 0.025397 0.011570
2 2 0.003474 0.038732 0.921701 0.025449 0.010644
2 2 0.002237 0.026493 0.940736 0.023439 0.007095
2 2 0.002101 0.024251 0.943049 0.023971 0.006627
2 2 0.002047 0.022283 0.943937 0.025384 0.006349
2 2 0.002286 0.023169 0.940164 0.027467 0.006914
2 2 0.002194 0.023329 0.941624 0.026110 0.006742
2 2 0.002476 0.027115 0.937259 0.025509 0.007641
2 3 0.002155 0.024667 0.942190 0.024213 0.006775
2 3 0.002060 0.023994 0.943698 0.023728 0.006521
2 3 0.002143 0.025518 0.942271 0.023251 0.006817
2 3 0.002134 0.024367 0.942546 0.024249 0.006704
2 3 0.003098 0.028028 0.928612 0.031307 0.008955
2 3 0.003125 0.027191 0.928184 0.032574 0.008925
2 3 0.004213 0.035132 0.914448 0.034461 0.011747
2 3 0.005562 0.044941 0.898390 0.035904 0.015203
2 3 0.005673 0.045867 0.897065 0.035897 0.015498
2 2 0.004428 0.037421 0.911715 0.034063 0.012373
2 2 0.002860 0.025230 0.931706 0.031976 0.008228
2 2 0.003049 0.026568 0.929182 0.032482 0.008719
2 2 0.003691 0.031302 0.920920 0.033692 0.010395
2 2 0.004208 0.037750 0.914044 0.032003 0.011995
2 2 0.004455 0.042686 0.909959 0.029977 0.012923
2 2 0.006206 0.060376 0.886300 0.027933 0.019185
2 2 0.008447 0.079699 0.857154 0.026072 0.028628
2 2 0.008957 0.084238 0.850011 0.025037 0.031757
2 2 0.009113 0.084452 0.848731 0.025132 0.032571
2 2 0.009208 0.083017 0.849062 0.025435 0.033278
2 2 0.010604 0.088505 0.835444 0.026270 0.039178
2 2 0.010527 0.087141 0.837122 0.026701 0.038507
2 2 0.009315 0.076584 0.853221 0.027868 0.033012
2 2 0.007194 0.064143 0.876735 0.027038 0.024890
2 2 0.004625 0.044995 0.908179 0.027639 0.014562
2 2 0.003976 0.038806 0.916548 0.028767 0.011904
2 2 0.003573 0.032947 0.922236 0.030913 0.010331
2 3 0.002865 0.025610 0.931697 0.031554 0.008274
2 3 0.002441 0.017171 0.927219 0.046924 0.006244
2 3 0.002343 0.012036 0.899825 0.080765 0.005032
2 3 0.002563 0.009259 0.844244 0.139365 0.004568
2 3 0.003048 0.008828 0.796533 0.186716 0.004875
2 3 0.002423 0.006098 0.755639 0.232268 0.003572
2 3 0.001867 0.004945 0.760299 0.230120 0.002768
2 3 0.001847 0.005196 0.793693 0.196349 0.002916
2 3 0.002435 0.010788 0.897998 0.083599 0.005181
2 3 0.003060 0.017120 0.919574 0.052701 0.007545
2 3 0.004670 0.028177 0.907497 0.047883 0.011772
2 2 0.004930 0.033195 0.906040 0.043017 0.012818
2 2 0.005615 0.042978 0.898354 0.037956 0.015097
2 2 0.009480 0.069114 0.856741 0.040048 0.024617
2 2 0.010523 0.082754 0.842063 0.033029 0.031632
2 2 0.010077 0.078628 0.847647 0.033166 0.030481
2 2 0.008439 0.064912 0.867293 0.030454 0.028902
2 2 0.006031 0.049965 0.894037 0.030343 0.019623
2 2 0.004860 0.041723 0.907479 0.030928 0.015010
2 2 0.004460 0.038559 0.912598 0.030436 0.013948
2 2 0.003767 0.031402 0.920939 0.032745 0.011148
2 2 0.003158 0.027889 0.927963 0.031848 0.009143
2 2 0.003108 0.027360 0.928443 0.032181 0.008908
2 2 0.002736 0.026282 0.933611 0.029281 0.008090
2 2 0.002532 0.025283 0.936548 0.028042 0.007595
2 2 0.003500 0.032966 0.924506 0.027747 0.011281
2 2 0.004637 0.040018 0.910877 0.029232 0.015235
2 2 0.004777 0.040939 0.909196 0.029393 0.015694
2 2 0.005215 0.043277 0.904197 0.030300 0.017011
2 2 0.004061 0.035260 0.917179 0.031230 0.012270
2 2 0.003689 0.032309 0.921732 0.031225 0.011046
2 2 0.003383 0.029133 0.924929 0.032902 0.009653
2 2 0.002918 0.026259 0.931013 0.031372 0.008438
2 2 0.002683 0.024428 0.934216 0.030863 0.007810
2 2 0.003176 0.026722 0.927416 0.033713 0.008973
2 1 0.007541 0.042045 0.879548 0.052637 0.018230
2 2 0.017885 0.080471 0.808297 0.058201 0.035146
2 2 0.008353 0.061165 0.867936 0.025030 0.037517
2 2 0.014189 0.093132 0.791066 0.021015 0.080599
2 2 0.021112 0.124984 0.694379 0.017831 0.141695
2 2 0.030935 0.166411 0.528537 0.012436 0.261680
4 2 0.047064 0.186980 0.274659 0.007320 0.483977
4 2 0.051804 0.155415 0.143500 0.004191 0.645091
4 2 0.048705 0.106806 0.087536 0.002752 0.754201
4 2 0.043661 0.068094 0.049377 0.001716 0.837152
4 4 0.042159 0.059045 0.041322 0.001495 0.855979
4 4 0.040456 0.050793 0.034256 0.001288 0.873208
4 4 0.043308 0.049505 0.033580 0.001445 0.872162
4 4 0.064054 0.087705 0.065596 0.003016 0.779629
4 4 0.053757 0.118265 0.101276 0.003575 0.723126
4 4 0.053921 0.113670 0.096358 0.003494 0.732557
4 4 0.051625 0.101199 0.082634 0.002968 0.761575
4 4 0.048044 0.077263 0.058499 0.002200 0.813993
4 4 0.049603 0.084886 0.066007 0.002466 0.797038
4 4 0.049898 0.074715 0.056504 0.002320 0.816563
4 4 0.041194 0.053950 0.036932 0.001370 0.866554
4 4 0.036013 0.037146 0.023155 0.000902 0.902785
4 4 0.029949 0.031471 0.018487 0.000598 0.919494
4 4 0.029862 0.031389 0.018422 0.000594 0.919733
4 4 0.027366 0.029016 0.016564 0.000490 0.926565
4 4 0.023152 0.024955 0.013516 0.000339 0.938038
4 4 0.019923 0.021583 0.010996 0.000233 0.947266
4 4 0.020641 0.022499 0.011759 0.000264 0.944836
4 4 0.020816 0.022671 0.011880 0.000269 0.944365
4 4 0.024904 0.026653 0.014769 0.000398 0.933276
4 4 0.025212 0.026949 0.014992 0.000409 0.932438
4 4 0.024308 0.026077 0.014341 0.000377 0.934897
4 4 0.025675 0.027395 0.015327 0.000426 0.931178
4 4 0.031569 0.032998 0.019713 0.000672 0.915048
4 4 0.026447 0.028136 0.015889 0.000454 0.929074
4 4 0.031052 0.032512 0.019321 0.000648 0.916467
4 4 0.044310 0.044737 0.029858 0.001440 0.879655
4 4 0.065430 0.057042 0.036929 0.002072 0.838526
4 1 0.108994 0.076846 0.047011 0.003176 0.763973
4 1 0.134557 0.100080 0.066064 0.005180 0.694118
4 1 0.126794 0.134848 0.095541 0.005755 0.637063
4 1 0.147921 0.268065 0.211664 0.009296 0.363055
4 1 0.120140 0.301864 0.259593 0.009346 0.309057
4 1 0.091531 0.295408 0.262817 0.007275 0.342969
4 2 0.082200 0.289270 0.262637 0.006760 0.359133
4 2 0.052519 0.271332 0.303745 0.007705 0.364700
4 2 0.046746 0.270398 0.326234 0.008565 0.348056
2 2 0.040291 0.255459 0.394164 0.009447 0.300640
2 2 0.036294 0.238371 0.444561 0.010245 0.270529
2 2 0.033873 0.223831 0.485480 0.011300 0.245516
2 2 0.032740 0.212504 0.516368 0.012642 0.225746
2 2 0.030371 0.197644 0.559431 0.014188 0.198366
2 2 0.024904 0.167805 0.642724 0.016907 0.147660
2 2 0.023535 0.160962 0.655534 0.016582 0.143387
2 2 0.019224 0.142314 0.700494 0.015848 0.122119
2 2 0.013327 0.109830 0.776099 0.015683 0.085062
2 2 0.010145 0.084096 0.826993 0.016968 0.061799
2 2 0.009918 0.080545 0.831944 0.017347 0.060246
2 2 0.009455 0.077221 0.839167 0.017591 0.056567
2 2 0.013161 0.093938 0.794051 0.018535 0.080315
2 2 0.011654 0.081646 0.819929 0.020409 0.066362
2 2 0.010833 0.077917 0.831537 0.021088 0.058626
2 2 0.013017 0.090215 0.805740 0.021538 0.069490
2 2 0.012736 0.090929 0.808207 0.021455 0.066673
2 2 0.013421 0.095565 0.797389 0.020600 0.073025
2 2 0.013961 0.096840 0.791123 0.020538 0.077538
2 2 0.012680 0.093672 0.804861 0.020263 0.068523
2 2 0.008479 0.071661 0.857382 0.020421 0.042057
2 2 0.008662 0.075292 0.852574 0.019533 0.043939
2 2 0.007594 0.069785 0.865623 0.019139 0.037859
2 2 0.009454 0.086767 0.837173 0.018478 0.048128
2 2 0.009292 0.088052 0.839175 0.019064 0.044417
2 2 0.009521 0.092043 0.834850 0.019082 0.044504
2 2 0.008363 0.084569 0.850976 0.019924 0.036169
2 2 0.008033 0.080432 0.858493 0.022657 0.030385
2 2 0.032167 0.151396 0.719459 0.038383 0.058595
2 2 0.065560 0.198656 0.617659 0.045695 0.072430
2 2 0.069743 0.197057 0.605035 0.051858 0.076306
2 2 0.058748 0.165931 0.634526 0.062668 0.078128
2 2 0.089953 0.184568 0.512293 0.070414 0.142772
2 1 0.171805 0.228570 0.291656 0.048074 0.259895
4 1 0.195943 0.170874 0.177774 0.036492 0.418916
4 1 0.126191 0.118955 0.129473 0.023971 0.601409
4 1 0.103992 0.106496 0.108307 0.014806 0.666399
4 1 0.099487 0.114509 0.109211 0.011819 0.664974
4 1 0.092551 0.106055 0.097547 0.009616 0.694231
4 1 0.087136 0.121944 0.115274 0.009490 0.666155
4 1 0.079629 0.106036 0.094708 0.007115 0.712512
4 1 0.083247 0.116603 0.107821 0.008349 0.683980
4 2 0.078867 0.123944 0.115421 0.007867 0.673902
4 2 0.081254 0.138380 0.134102 0.009199 0.637065
4 2 0.079645 0.120062 0.110988 0.007819 0.681485
4 2 0.085145 0.123493 0.116632 0.009152 0.665579
4 2 0.082097 0.114569 0.105129 0.008009 0.690196
4 2 0.074649 0.105636 0.093118 0.006245 0.720351
4 2 0.065649 0.100911 0.085869 0.004706 0.742866
4 2 0.070551 0.099634 0.085615 0.005369 0.738831
4 2 0.075699 0.072044 0.058058 0.005054 0.789145
4 2 0.086374 0.078926 0.070329 0.007920 0.756450
4 2 0.118042 0.096656 0.112928 0.025454 0.646920
4 2 0.134988 0.100864 0.145835 0.054921 0.563391
4 2 0.151586 0.103328 0.187167 0.125114 0.432806
4 2 0.151215 0.096747 0.203880 0.196436 0.351721
4 2 0.147327 0.092553 0.211220 0.233883 0.315017
4 2 0.146053 0.089437 0.210625 0.264923 0.288962
3 2 0.135363 0.082802 0.221271 0.312295 0.248268
3 3 0.118657 0.072098 0.229020 0.382041 0.198184
3 3 0.107625 0.070468 0.258997 0.381483 0.181428
3 3 0.098879 0.062677 0.248768 0.434539 0.155137
3 3 0.094329 0.058782 0.242315 0.461656 0.142919
3 3 0.110195 0.067810 0.236216 0.397004 0.188774
3 3 0.096013 0.057111 0.225605 0.474340 0.146931
3 3 0.095696 0.054004 0.207296 0.497911 0.145094
3 3 0.109275 0.058936 0.192753 0.462322 0.176715
4 3 0.131693 0.075819 0.196731 0.285560 0.310196
4 3 0.135034 0.079127 0.197938 0.266263 0.321637
4 3 0.137864 0.083138 0.194083 0.219698 0.365217
4 3 0.138243 0.082183 0.200254 0.257828 0.321492
4 3 0.139905 0.087464 0.187854 0.174219 0.410558
4 3 0.141354 0.087587 0.193088 0.193435 0.384536
3 3 0.131985 0.075590 0.202602 0.335623 0.254200
3 3 0.116740 0.063302 0.193123 0.439606 0.187229
4 3 0.145369 0.092357 0.193858 0.176854 0.391562
4 3 0.144587 0.089399 0.200520 0.216423 0.349071
3 3 0.132490 0.076097 0.205466 0.359677 0.226269
3 3 0.111667 0.059753 0.188947 0.475096 0.164537
3 3 0.086370 0.042996 0.160895 0.607321 0.102418
3 3 0.101608 0.052754 0.178696 0.528236 0.138707
3 3 0.118447 0.064552 0.194412 0.427653 0.194936
3 3 0.124289 0.069262 0.199658 0.403858 0.202933
3 3 0.116568 0.063810 0.194412 0.466195 0.159015
3 3 0.107423 0.057341 0.185470 0.515259 0.134507
3 3 0.128476 0.072838 0.203691 0.393056 0.201940
3 3 0.119017 0.065463 0.196282 0.447048 0.172190
3 3 0.110743 0.059449 0.188606 0.491962 0.149240
3 3 0.094729 0.048406 0.171086 0.568479 0.117300
3 3 0.118644 0.064764 0.194797 0.429994 0.191801
3 3 0.120675 0.066172 0.195717 0.408038 0.209398
4 3 0.139406 0.082949 0.203099 0.269487 0.305059
3 3 0.131033 0.076345 0.209696 0.348271 0.234655
3 3 0.137900 0.081087 0.205367 0.300591 0.275055
3 3 0.125322 0.070166 0.200805 0.403097 0.200609
3 3 0.135205 0.078489 0.205044 0.324358 0.256904
3 3 0.114300 0.061909 0.191887 0.470066 0.161838
3 3 0.087292 0.044236 0.162178 0.616281 0.090013
3 3 0.059504 0.030624 0.150495 0.707393 0.051984
3 3 0.057126 0.031318 0.171061 0.685480 0.055016
3 3 0.045321 0.028538 0.207977 0.674553 0.043611
3 3 0.043289 0.029861 0.242775 0.640781 0.043294
3 3 0.045249 0.029957 0.227960 0.652161 0.044674
3 3 0.048440 0.031660 0.228321 0.641598 0.049982
3 3 0.102452 0.060922 0.223407 0.469848 0.143371
3 3 0.110265 0.060687 0.196230 0.486007 0.146811
3 3 0.121233 0.067110 0.198084 0.433451 0.180123
3 3 0.141354 0.084131 0.211359 0.320130 0.243026
4 3 0.176741 0.116584 0.202888 0.143942 0.359845
4 3 0.196644 0.136596 0.178294 0.072958 0.415508
4 1 0.231273 0.146719 0.163001 0.055048 0.403959
4 1 0.234370 0.155073 0.162483 0.049109 0.398965
4 2 0.212576 0.192767 0.201185 0.041760 0.351712
2 2 0.135627 0.290699 0.340308 0.032971 0.200395
2 2 0.081076 0.238033 0.543948 0.047510 0.089434
2 2 0.015824 0.086575 0.807609 0.052746 0.037246
2 2 0.009938 0.056702 0.857864 0.051558 0.023937
2 2 0.014898 0.075620 0.817762 0.057625 0.034096
2 2 0.021326 0.077260 0.778509 0.078382 0.044522
2 2 0.034893 0.113617 0.696070 0.066075 0.089345
2 2 0.030419 0.118558 0.711611 0.054003 0.085410
2 2 0.036482 0.165678 0.630396 0.034786 0.132657
2 2 0.016822 0.104810 0.774973 0.025945 0.077451
2 2 0.007589 0.063415 0.869685 0.019954 0.039357
2 2 0.006842 0.057254 0.880019 0.019690 0.036195
2 2 0.005634 0.048278 0.897346 0.020218 0.028524
2 2 0.003760 0.033152 0.924025 0.023109 0.015954
2 2 0.004065 0.036771 0.919281 0.022348 0.017534
2 2 0.004474 0.039012 0.914227 0.022271 0.020016
2 2 0.005787 0.047981 0.896450 0.021166 0.028616
2 2 0.005787 0.046689 0.897412 0.021860 0.028252
2 2 0.005373 0.046592 0.900982 0.020433 0.026621
2 2 0.004851 0.045564 0.905943 0.018490 0.025152
2 2 0.005598 0.053144 0.892242 0.016571 0.032444
2 2 0.006037 0.056494 0.884127 0.015648 0.037694
2 2 0.003579 0.024270 0.925092 0.035495 0.011563
2 2 0.003164 0.019268 0.927843 0.040011 0.009714
2 2 0.003418 0.019364 0.925424 0.040855 0.010938
2 2 0.004975 0.029751 0.912664 0.032739 0.019871
2 2 0.008709 0.055669 0.866042 0.024584 0.044996
2 2 0.012555 0.085765 0.804253 0.018935 0.078492
2 2 0.014857 0.107308 0.757459 0.015639 0.104736
2 2 0.021677 0.152064 0.629045 0.011623 0.185591
2 2 0.027580 0.182131 0.520099 0.009479 0.260711
2 2 0.033234 0.199718 0.424742 0.008066 0.334239
2 2 0.034133 0.194659 0.404306 0.007716 0.359186
4 2 0.040344 0.200661 0.313906 0.006623 0.438467
4 2 0.048712 0.200353 0.201554 0.004975 0.544406
4 2 0.046083 0.193982 0.190359 0.004263 0.565314
4 2 0.058723 0.167381 0.162391 0.005795 0.605710
4 2 0.104845 0.198605 0.187862 0.011252 0.497435
4 2 0.196111 0.217673 0.170246 0.013534 0.402436
4 2 0.274190 0.231111 0.164519 0.015508 0.314672
4 2 0.275611 0.252349 0.179919 0.015605 0.276516
1 1 0.187207 0.293993 0.252717 0.017261 0.248821
1 2 0.168597 0.331595 0.304402 0.018960 0.176445
1 1 0.174999 0.337297 0.312972 0.020874 0.153858
2 2 0.071298 0.283197 0.413343 0.021949 0.210212
2 2 0.039880 0.208761 0.552426 0.023586 0.175347
2 2 0.011981 0.096776 0.812308 0.020943 0.057992
2 2 0.011722 0.100032 0.809168 0.019052 0.060026
2 2 0.013630 0.113693 0.780234 0.017853 0.074590
2 2 0.015998 0.129049 0.745997 0.016987 0.091969
2 2 0.017810 0.142678 0.720711 0.016675 0.102126
2 2 0.022463 0.170228 0.666909 0.017010 0.123390
2 2 0.020126 0.160791 0.698224 0.018048 0.102811
2 2 0.026579 0.187963 0.632820 0.018535 0.134103
2 2 0.028419 0.191931 0.614289 0.018334 0.147028
2 2 0.028710 0.193068 0.609645 0.018068 0.150509
2 2 0.022203 0.164540 0.676286 0.017875 0.119097
2 2 0.017434 0.140173 0.731183 0.017855 0.093357
2 2 0.012549 0.113042 0.791423 0.017762 0.065224
2 2 0.012479 0.112511 0.793213 0.018050 0.063746
2 2 0.009802 0.089472 0.833951 0.019356 0.047420
2 2 0.007403 0.068561 0.869932 0.020905 0.033200
2 2 0.007154 0.063433 0.876238 0.022644 0.030531
2 2 0.008102 0.068607 0.865775 0.023973 0.033544
2 2 0.008869 0.075141 0.855072 0.023352 0.037566
2 2 0.009142 0.081630 0.847845 0.021979 0.039404
2 2 0.009881 0.093050 0.832310 0.019969 0.044790
2 2 0.013038 0.119821 0.783622 0.017851 0.065668
2 2 0.014706 0.134723 0.754048 0.016219 0.080304
2 2 0.015143 0.142718 0.740609 0.015047 0.086482
2 2 0.012231 0.123654 0.782537 0.015582 0.065997
2 2 0.009553 0.102565 0.824605 0.016869 0.046408
2 2 0.008088 0.090305 0.847873 0.018107 0.035627
2 2 0.008336 0.092336 0.844547 0.018275 0.036506
2 2 0.006277 0.068698 0.879730 0.020796 0.024499
2 2 0.005866 0.050599 0.893856 0.033005 0.016674
2 1 0.006479 0.046759 0.889317 0.040425 0.017021
2 2 0.026167 0.099029 0.781013 0.055061 0.038731
2 0 0.116263 0.214348 0.501036 0.064305 0.104050
2 0 0.160497 0.267789 0.378559 0.048891 0.144264
2 1 0.236957 0.292333 0.300073 0.046327 0.124310
0 0 0.340100 0.263907 0.232764 0.045928 0.117301
0 0 0.427682 0.284013 0.182362 0.021550 0.084392
1 1 0.290248 0.336104 0.260835 0.023530 0.089283
0 1 0.373608 0.316162 0.212402 0.020720 0.077108
0 0 0.442408 0.271919 0.158168 0.015802 0.111702
1 0 0.268270 0.268829 0.204850 0.018895 0.239157
4 1 0.213591 0.245877 0.205315 0.018891 0.316326
4 1 0.133247 0.250697 0.257655 0.020255 0.338146
2 0 0.119349 0.277945 0.301966 0.021079 0.279662
2 0 0.106518 0.292231 0.300259 0.014806 0.286187
2 0 0.072789 0.281687 0.328984 0.013855 0.302686
2 0 0.048016 0.250225 0.429203 0.015967 0.256590
2 1 0.027251 0.178713 0.631451 0.018872 0.143713
2 1 0.018079 0.130011 0.739653 0.020621 0.091636
2 2 0.014164 0.108724 0.787218 0.021344 0.068551
2 2 0.017221 0.127938 0.750221 0.021123 0.083497
2 2 0.019961 0.144070 0.714871 0.020059 0.101039
2 2 0.019979 0.145841 0.710566 0.019251 0.104362
2 2 0.018370 0.145358 0.717103 0.017268 0.101902
2 2 0.018608 0.148993 0.710838 0.016770 0.104791
2 2 0.019913 0.162503 0.689101 0.016092 0.112391
2 2 0.024492 0.184515 0.636940 0.016097 0.137955
2 2 0.028098 0.200178 0.595284 0.015672 0.160768
2 2 0.024086 0.180986 0.644007 0.016399 0.134522
2 2 0.022988 0.178542 0.655217 0.016379 0.126875
2 2 0.021850 0.172095 0.671182 0.016836 0.118038
2 2 0.022649 0.174068 0.664329 0.017077 0.121877
2 2 0.020602 0.164252 0.686264 0.016881 0.112000
2 2 0.017409 0.144982 0.726883 0.017254 0.093472
2 2 0.013814 0.121419 0.775690 0.018018 0.071059
2 2 0.011108 0.102295 0.812762 0.018417 0.055418
2 2 0.009987 0.094414 0.826203 0.017632 0.051764
2 2 0.010717 0.097906 0.815165 0.016979 0.059233
2 2 0.011816 0.104409 0.799246 0.016620 0.067910
2 2 0.011463 0.102852 0.803530 0.016540 0.065616
2 2 0.010339 0.097549 0.817387 0.016254 0.058471
2 2 0.010059 0.096378 0.821623 0.016474 0.055465
2 2 0.010303 0.101358 0.815172 0.015958 0.057209
2 2 0.010480 0.100105 0.815737 0.016620 0.057058
2 2 0.011433 0.100489 0.809446 0.018079 0.060554
2 2 0.010386 0.091705 0.827294 0.019464 0.051151
2 2 0.010437 0.090612 0.828230 0.019951 0.050769
2 2 0.010197 0.087956 0.832346 0.020231 0.049270
2 2 0.009121 0.079046 0.848922 0.021534 0.041378
2 2 0.006025 0.058005 0.888900 0.021353 0.025717
2 2 0.006754 0.061076 0.880571 0.021565 0.030034
2 2 0.004707 0.043806 0.909369 0.022812 0.019306
2 2 0.004394 0.042176 0.913083 0.022833 0.017515
2 2 0.004138 0.037762 0.917538 0.025109 0.015453
2 2 0.003464 0.029922 0.925998 0.029301 0.011315
2 2 0.002991 0.025579 0.930540 0.032056 0.008833
2 2 0.004555 0.035512 0.913018 0.032379 0.014537
2 2 0.005197 0.039031 0.906709 0.031002 0.018061
2 2 0.004390 0.033261 0.916208 0.031034 0.015108
2 2 0.004688 0.036605 0.912755 0.028796 0.017156
2 2 0.005888 0.047064 0.897351 0.026736 0.022961
2 2 0.007001 0.057967 0.881673 0.025205 0.028154
2 2 0.006141 0.055437 0.890258 0.024799 0.023365
2 2 0.005444 0.050261 0.898996 0.026231 0.019068
2 2 0.005083 0.045120 0.904725 0.027849 0.017223
2 2 0.004784 0.042438 0.908707 0.027833 0.016237
2 2 0.003533 0.029892 0.925701 0.028949 0.011925
2 2 0.004275 0.034554 0.917154 0.028945 0.015072
2 2 0.004174 0.032422 0.918627 0.030367 0.014409
2 2 0.004055 0.031169 0.920326 0.030268 0.014182
2 2 0.002874 0.024106 0.933886 0.029689 0.009445
2 2 0.003819 0.031722 0.922791 0.028052 0.013616
2 2 0.003957 0.033410 0.921167 0.026770 0.014696
2 2 0.004023 0.035012 0.919695 0.026660 0.014611
2 2 0.004043 0.033650 0.918986 0.030037 0.013284
2 2 0.003282 0.027497 0.927183 0.032202 0.009836
2 2 0.002668 0.021552 0.933498 0.034787 0.007495
2 2 0.002725 0.019683 0.931273 0.038923 0.007395
2 2 0.002297 0.016516 0.936243 0.038682 0.006263
2 2 0.002182 0.014690 0.936133 0.041150 0.005845
2 3 0.002234 0.013783 0.933254 0.044904 0.005824
2 3 0.002700 0.016578 0.930534 0.042600 0.007589
2 3 0.003160 0.019438 0.928040 0.039641 0.009722
2 3 0.003592 0.021492 0.923593 0.040112 0.011210
2 3 0.003859 0.023098 0.920654 0.040447 0.011943
2 3 0.004491 0.026580 0.913225 0.042382 0.013322
2 3 0.006233 0.038014 0.897154 0.038210 0.020389
2 3 0.007769 0.043670 0.882445 0.041118 0.024998
2 3 0.008350 0.041475 0.872136 0.054693 0.023347
2 3 0.006931 0.031327 0.870728 0.074746 0.016268
2 3 0.008608 0.039328 0.862149 0.068627 0.021288
2 3 0.007876 0.039745 0.876303 0.054312 0.021764
2 3 0.008543 0.046038 0.875027 0.044330 0.026062
2 3 0.006954 0.040924 0.890200 0.039063 0.022858
2 3 0.004749 0.030364 0.910660 0.040226 0.014002
2 2 0.003451 0.024564 0.923777 0.038532 0.009675
2 2 0.003397 0.024894 0.923783 0.038700 0.009226
2 2 0.003046 0.022796 0.928470 0.037195 0.008492
2 2 0.003179 0.021506 0.926508 0.039877 0.008930
2 2 0.003172 0.019981 0.925731 0.042266 0.008850
2 2 0.003196 0.020767 0.926512 0.040349 0.009176
2 2 0.004328 0.029683 0.916626 0.035454 0.013910
2 2 0.005189 0.037069 0.907625 0.031835 0.018281
2 2 0.006152 0.045138 0.896112 0.029560 0.023037
2 2 0.006864 0.052960 0.885960 0.026946 0.027269
2 2 0.005810 0.048117 0.897395 0.026599 0.022079
2 2 0.005768 0.047968 0.897825 0.026694 0.021745
2 2 0.006485 0.047121 0.891964 0.032618 0.021812
2 2 0.015181 0.072343 0.818871 0.053261 0.040343
2 2 0.017717 0.082014 0.799198 0.058111 0.042960
2 2 0.014312 0.075269 0.821626 0.055634 0.033158
2 2 0.015082 0.081329 0.814386 0.054073 0.035130
2 2 0.024860 0.124578 0.736505 0.047588 0.066468
2 2 0.031838 0.169822 0.653604 0.032486 0.112250
2 2 0.048646 0.227488 0.470566 0.020799 0.232501
2 4 0.043047 0.194469 0.404668 0.011758 0.346058
4 4 0.043693 0.174898 0.325044 0.008512 0.447854
4 4 0.052761 0.156769 0.157670 0.004799 0.628001
4 4 0.048488 0.113333 0.094254 0.002844 0.741082
4 4 0.041441 0.074085 0.054250 0.001627 0.828597
4 4 0.037543 0.055850 0.037939 0.001172 0.867497
4 4 0.035970 0.039458 0.024874 0.000924 0.898774
4 4 0.037689 0.039537 0.025116 0.001008 0.896651
4 4 0.038383 0.041368 0.026583 0.001064 0.892602
4 4 0.037339 0.041975 0.026932 0.001017 0.892738
4 4 0.040464 0.050354 0.033903 0.001283 0.873995
4 4 0.033430 0.037247 0.022963 0.000786 0.905574
4 4 0.036668 0.048376 0.031816 0.001048 0.882092
4 4 0.032430 0.038233 0.023576 0.000752 0.905009
4 4 0.029857 0.031384 0.018418 0.000594 0.919747
4 4 0.029501 0.031047 0.018151 0.000578 0.920723
4 4 0.025582 0.027306 0.015260 0.000422 0.931430
4 4 0.019205 0.021081 0.010774 0.000225 0.948715
4 4 0.020920 0.022773 0.011951 0.000272 0.944084
4 4 0.016749 0.018629 0.009129 0.000167 0.955326
4 4 0.016770 0.018650 0.009143 0.000168 0.955269
4 4 0.022371 0.024140 0.012995 0.000318 0.940176
4 4 0.024431 0.025635 0.014745 0.000425 0.934764
4 4 0.026354 0.027152 0.016344 0.000529 0.929620
4 4 0.029429 0.030327 0.018486 0.000639 0.921120
4 4 0.027865 0.029492 0.016932 0.000510 0.925202
4 4 0.030589 0.032076 0.018970 0.000627 0.917738
4 4 0.035514 0.036684 0.022763 0.000874 0.904165
4 4 0.036301 0.037412 0.023381 0.000918 0.901987
4 4 0.041745 0.053750 0.036846 0.001402 0.866255
4 4 0.042524 0.095101 0.074039 0.001973 0.786363
4 4 0.043989 0.143592 0.125568 0.002838 0.684012
4 4 0.045935 0.180828 0.172396 0.003886 0.596956
4 4 0.046814 0.175079 0.165468 0.003888 0.608751
4 4 0.048312 0.149661 0.134786 0.003530 0.663712
4 4 0.046424 0.119673 0.100239 0.002722 0.730943
4 4 0.044160 0.093344 0.072799 0.002095 0.787602
4 4 0.042231 0.070333 0.051080 0.001640 0.834716
4 4 0.041961 0.065690 0.046970 0.001563 0.843816
4 4 0.040086 0.078013 0.057471 0.001572 0.822857
4 4 0.041287 0.096996 0.075506 0.001889 0.784321
4 4 0.041995 0.131881 0.111570 0.002420 0.712134
4 4 0.042760 0.161777 0.146263 0.003000 0.646200
4 4 0.043116 0.172905 0.160239 0.003265 0.620476
4 4 0.045486 0.179507 0.170345 0.003779 0.600884
4 4 0.044493 0.165070 0.151341 0.003306 0.635789
4 4 0.043688 0.144459 0.126408 0.002816 0.682629
4 4 0.042224 0.136946 0.117236 0.002521 0.701072
4 4 0.041596 0.139645 0.119930 0.002490 0.696340
4 4 0.041107 0.141913 0.122219 0.002467 0.692295
4 4 0.042195 0.160882 0.144840 0.002908 0.649176
4 4 0.061865 0.190167 0.196212 0.007524 0.544233
4 4 0.089744 0.190782 0.193108 0.011589 0.514776
4 0 0.087498 0.177368 0.191643 0.014173 0.529318
4 1 0.089049 0.183919 0.202896 0.015508 0.508629
4 1 0.079414 0.196578 0.217858 0.013385 0.492765
4 2 0.064929 0.234267 0.273932 0.012052 0.414820
4 2 0.063536 0.247397 0.300002 0.013228 0.375836
2 2 0.042936 0.237413 0.412195 0.011741 0.295715
2 2 0.029141 0.191529 0.515885 0.010183 0.253262
2 2 0.018157 0.138167 0.679632 0.011847 0.152198
2 2 0.015887 0.125890 0.710708 0.011688 0.135827
2 2 0.016279 0.124804 0.705876 0.011770 0.141271
2 2 0.017483 0.133156 0.682342 0.011250 0.155769
2 2 0.015503 0.122896 0.720540 0.012101 0.128960
2 2 0.018622 0.139274 0.687344 0.013214 0.141546
2 2 0.018083 0.134226 0.705603 0.014494 0.127593
2 2 0.021919 0.150996 0.650403 0.013737 0.162945
2 2 0.023444 0.151162 0.634143 0.013947 0.177303
2 2 0.024594 0.153350 0.629779 0.014841 0.177436
2 2 0.025238 0.159007 0.623426 0.014941 0.177389
2 2 0.026032 0.182056 0.593345 0.013057 0.185510
2 2 0.030942 0.200577 0.539771 0.013025 0.215684
2 2 0.033230 0.199908 0.530278 0.014086 0.222498
2 2 0.031876 0.189187 0.553901 0.014991 0.210046
2 2 0.030824 0.185225 0.570848 0.015620 0.197483
2 2 0.030201 0.182292 0.584576 0.016410 0.186521
2 2 0.024007 0.159164 0.656749 0.017389 0.142691
2 2 0.018695 0.135998 0.720016 0.017941 0.107350
2 2 0.016095 0.123051 0.749101 0.017476 0.094277
2 2 0.015671 0.122471 0.746631 0.016002 0.099225
2 2 0.014040 0.114181 0.765421 0.015498 0.090860
2 2 0.013577 0.108396 0.773219 0.015631 0.089177
2 2 0.010863 0.089676 0.815140 0.016512 0.067809
2 2 0.009005 0.076374 0.843887 0.017248 0.053486
2 2 0.008058 0.067133 0.861560 0.018902 0.044347
2 2 0.009083 0.068171 0.851915 0.020128 0.050704
2 2 0.008327 0.059216 0.866092 0.022078 0.044286
2 2 0.007490 0.052952 0.877650 0.022534 0.039372
2 2 0.006862 0.049489 0.885883 0.022989 0.034776
2 2 0.007425 0.052010 0.880274 0.024502 0.035788
2 2 0.008021 0.056496 0.872316 0.024081 0.039086
2 2 0.007415 0.053145 0.879559 0.023954 0.035927
2 2 0.007915 0.053285 0.875365 0.025113 0.038322
2 2 0.008727 0.054373 0.869052 0.027911 0.039936
2 2 0.007902 0.048783 0.879654 0.030233 0.033428
2 2 0.006846 0.040257 0.892389 0.034070 0.026439
2 2 0.005512 0.035430 0.905916 0.031677 0.021465
2 2 0.004869 0.031493 0.912654 0.033037 0.017947
2 3 0.005941 0.037868 0.901331 0.030698 0.024163
2 3 0.004260 0.028286 0.919459 0.032206 0.015788
2 3 0.003381 0.022957 0.928229 0.033946 0.011487
2 3 0.003251 0.021147 0.928711 0.036314 0.010578
2 3 0.003230 0.020753 0.929123 0.036246 0.010648
2 3 0.002793 0.015551 0.923233 0.051088 0.007335
2 3 0.003038 0.013540 0.894915 0.081960 0.006548
2 3 0.003057 0.011876 0.871423 0.107690 0.005955
2 3 0.003266 0.012973 0.874004 0.103311 0.006446
2 3 0.003846 0.014401 0.863014 0.111357 0.007383
2 3 0.004350 0.017354 0.875381 0.093789 0.009125
2 3 0.004966 0.019937 0.875724 0.088350 0.011024
2 3 0.005699 0.025605 0.888495 0.065356 0.014845
2 3 0.005663 0.021011 0.862226 0.099303 0.011797
2 3 0.004794 0.017133 0.853254 0.115766 0.009052
2 3 0.004247 0.011544 0.786984 0.190509 0.006717
2 3 0.004235 0.010677 0.771489 0.207107 0.006491
2 3 0.002799 0.006249 0.694705 0.292508 0.003738
2 3 0.001958 0.004428 0.661983 0.329144 0.002487
2 3 0.001670 0.003509 0.589188 0.403714 0.001920
2 3 0.001990 0.004194 0.613550 0.377902 0.002364
2 3 0.003470 0.007146 0.663829 0.321119 0.004435
2 3 0.007159 0.017187 0.777185 0.186498 0.011971
2 3 0.007437 0.031427 0.873178 0.067724 0.020233
2 3 0.008284 0.053231 0.874697 0.030928 0.032860
2 3 0.009248 0.075569 0.848665 0.020989 0.045528
2 3 0.008641 0.079704 0.849998 0.019115 0.042541
2 3 0.008572 0.077155 0.854107 0.020710 0.039455
2 3 0.005502 0.044791 0.901669 0.028135 0.019903
2 3 0.004012 0.025969 0.913661 0.046010 0.010348
2 3 0.004042 0.021050 0.898052 0.067721 0.009136
2 3 0.004001 0.018234 0.884100 0.085275 0.008389
2 3 0.003357 0.015224 0.893224 0.081011 0.007184
2 3 0.003097 0.010229 0.842997 0.138144 0.005533
2 3 0.002651 0.007424 0.796099 0.189601 0.004225
2 3 0.002757 0.007667 0.788239 0.197010 0.004327
2 3 0.002519 0.006434 0.761817 0.225474 0.003756
2 3 0.002746 0.006677 0.747283 0.239301 0.003994
2 3 0.002978 0.007011 0.735504 0.250257 0.004250
2 3 0.003792 0.009382 0.766429 0.214656 0.005740
2 3 0.012719 0.034436 0.789181 0.141726 0.021938
2 3 0.027884 0.094881 0.739382 0.080104 0.057749
2 3 0.029784 0.121046 0.717622 0.060917 0.070630
2 3 0.041044 0.151146 0.673343 0.055054 0.079414
2 2 0.052783 0.191125 0.612829 0.042111 0.101152
2 2 0.080689 0.289724 0.478478 0.025381 0.125728
2 2 0.096394 0.345861 0.381328 0.016878 0.159539
2 2 0.089059 0.315296 0.363858 0.017566 0.214221
2 2 0.016623 0.132791 0.742569 0.017973 0.090045
2 2 0.015285 0.124294 0.762944 0.018939 0.078539
2 2 0.015631 0.124956 0.764909 0.020711 0.073793
2 2 0.015368 0.126563 0.766048 0.020519 0.071502
2 2 0.021918 0.164101 0.689653 0.020007 0.104321
2 2 0.020136 0.152509 0.710335 0.020093 0.096928
2 2 0.023748 0.170009 0.667776 0.019272 0.119195
2 2 0.023474 0.172355 0.667847 0.018961 0.117363
2 2 0.031317 0.209147 0.584691 0.018287 0.156558
2 2 0.026650 0.189456 0.635999 0.019274 0.128621
2 2 0.024845 0.179939 0.655134 0.019347 0.120736
2 2 0.016296 0.132209 0.754184 0.020231 0.077080
2 2 0.014211 0.116064 0.783593 0.021366 0.064766
2 2 0.014410 0.117450 0.781090 0.021344 0.065707
2 2 0.015287 0.123419 0.768725 0.020701 0.071868
2 2 0.015791 0.131807 0.754325 0.018780 0.079297
2 2 0.015336 0.135243 0.757018 0.018756 0.073646
2 2 0.021299 0.180927 0.678129 0.017813 0.101832
2 2 0.019898 0.178754 0.692819 0.018136 0.090393
2 2 0.024083 0.200640 0.645578 0.017824 0.111875
