0 0 0.689364 0.071321 0.045306 0.026007 0.168003
0 0 0.761522 0.047671 0.026628 0.016668 0.147511
0 0 0.821473 0.029875 0.014522 0.009983 0.124147
0 0 0.859200 0.019953 0.008647 0.006422 0.105779
0 0 0.869061 0.017571 0.007349 0.005590 0.100429
0 0 0.789755 0.039030 0.020521 0.013380 0.137313
0 0 0.732190 0.057047 0.033701 0.020315 0.156748
0 0 0.670847 0.077668 0.050780 0.028589 0.172116
0 0 0.535401 0.126206 0.098985 0.049298 0.190109
0 0 0.517614 0.132752 0.106393 0.052223 0.191018
0 0 0.525020 0.130024 0.103277 0.051000 0.190679
0 0 0.544014 0.122670 0.095896 0.047512 0.189907
0 0 0.533438 0.123748 0.103273 0.046414 0.193127
0 0 0.459823 0.145758 0.142628 0.053537 0.198255
0 0 0.468802 0.144285 0.136055 0.053798 0.197060
0 0 0.520222 0.131791 0.105291 0.051791 0.190905
0 0 0.548798 0.121291 0.093575 0.047124 0.189211
0 0 0.515506 0.133530 0.107288 0.052572 0.191105
0 0 0.518782 0.132322 0.105898 0.052029 0.190968
0 0 0.382560 0.173189 0.184780 0.065719 0.193751
0 0 0.307399 0.192862 0.241471 0.071871 0.186396
0 0 0.289943 0.196350 0.257225 0.072523 0.183960
0 0 0.411221 0.168896 0.160715 0.067040 0.192128
0 0 0.418021 0.169585 0.152841 0.069318 0.190235
0 0 0.495880 0.140777 0.115797 0.055851 0.191695
0 0 0.560135 0.117146 0.089108 0.045304 0.188307
0 0 0.561814 0.116533 0.088455 0.045036 0.188162
0 0 0.595746 0.104223 0.075736 0.039710 0.184586
0 0 0.669498 0.078134 0.051189 0.028780 0.172398
0 0 0.724171 0.059671 0.035760 0.021349 0.159049
0 0 0.660646 0.061676 0.032225 0.019516 0.225937
0 0 0.672897 0.056370 0.028316 0.017516 0.224901
0 0 0.724638 0.055799 0.031603 0.019248 0.168712
0 0 0.727201 0.050302 0.026444 0.016571 0.179482
0 0 0.748664 0.049344 0.027190 0.016966 0.157835
0 0 0.769192 0.045283 0.024900 0.015752 0.144873
0 0 0.763071 0.047186 0.026275 0.016482 0.146986
0 0 0.711310 0.042207 0.018928 0.012492 0.215063
0 0 0.691842 0.039876 0.016600 0.011168 0.240513
0 0 0.605322 0.042228 0.015831 0.010648 0.325970
0 0 0.570030 0.055694 0.023400 0.014763 0.336114
0 0 0.468920 0.056441 0.021278 0.013402 0.439960
4 0 0.441843 0.055928 0.020440 0.012882 0.468906
4 0 0.425139 0.050799 0.017355 0.011172 0.495535
0 0 0.515405 0.055811 0.021958 0.013878 0.392948
0 0 0.543311 0.062750 0.027382 0.016802 0.349755
0 0 0.600090 0.055149 0.024028 0.015152 0.305581
0 0 0.615230 0.052227 0.022510 0.014361 0.295673
0 0 0.691612 0.047703 0.022226 0.014294 0.224165
0 0 0.692592 0.050414 0.024430 0.015482 0.217082
0 0 0.699226 0.055613 0.029356 0.018079 0.197725
0 0 0.659668 0.069500 0.039786 0.023298 0.207748
0 0 0.683410 0.073351 0.047037 0.026830 0.169373
0 0 0.633812 0.089116 0.060342 0.032956 0.183775
0 0 0.537321 0.125501 0.098201 0.048986 0.189992
0 0 0.514462 0.133915 0.107732 0.052745 0.191146
0 0 0.312861 0.201407 0.222404 0.081357 0.181970
0 0 0.298806 0.206745 0.230966 0.084360 0.179123
0 0 0.352789 0.193478 0.188365 0.081102 0.184267
0 0 0.367474 0.188141 0.179973 0.078412 0.185999
0 0 0.784939 0.040474 0.021513 0.013925 0.139149
0 0 0.785506 0.040303 0.021395 0.013860 0.138935
0 0 0.774649 0.043602 0.023701 0.015111 0.142937
0 0 0.692057 0.070405 0.044533 0.025637 0.167368
0 0 0.684985 0.072813 0.046576 0.026611 0.169015
0 0 0.731424 0.057296 0.033895 0.020413 0.156971
0 0 0.718400 0.061574 0.037275 0.022102 0.160649
0 0 0.722196 0.060321 0.036276 0.021606 0.159602
0 0 0.735417 0.055997 0.032887 0.019903 0.155795
0 0 0.771458 0.044583 0.024399 0.015485 0.144075
0 0 0.760966 0.047845 0.026755 0.016735 0.147698
0 0 0.777806 0.042636 0.023020 0.014743 0.141794
0 0 0.751896 0.050707 0.028869 0.017841 0.150688
0 0 0.745465 0.052758 0.030410 0.018637 0.152730
0 0 0.711059 0.064012 0.039241 0.023072 0.162616
0 0 0.668821 0.078369 0.051395 0.028876 0.172539
0 0 0.624887 0.093787 0.065531 0.035279 0.180516
0 0 0.570697 0.113296 0.085038 0.043625 0.187343
0 0 0.484817 0.136811 0.130269 0.049691 0.198411
0 0 0.294075 0.182539 0.271659 0.061237 0.190490
2 0 0.265738 0.187769 0.298918 0.062398 0.185178
2 0 0.258253 0.191830 0.302573 0.064856 0.182487
0 0 0.300487 0.193649 0.248515 0.071565 0.185784
2 0 0.206212 0.214857 0.336183 0.079044 0.163705
2 0 0.124985 0.218530 0.446255 0.077541 0.132688
2 0 0.110946 0.216522 0.470973 0.075943 0.125616
2 0 0.104672 0.214552 0.483905 0.074507 0.122365
2 0 0.112030 0.217460 0.467796 0.076678 0.126036
2 0 0.158605 0.221515 0.391940 0.081171 0.146769
2 0 0.158772 0.220773 0.392880 0.080540 0.147036
2 0 0.227358 0.215804 0.306628 0.082244 0.167966
2 0 0.189645 0.220418 0.350036 0.082475 0.157426
2 0 0.160836 0.225788 0.381880 0.085085 0.146411
2 0 0.133982 0.225742 0.421141 0.083781 0.135354
2 0 0.120147 0.222855 0.446655 0.081078 0.129264
2 0 0.103548 0.217989 0.480171 0.077254 0.121037
2 0 0.148579 0.227841 0.396230 0.086226 0.141123
0 0 0.272538 0.213576 0.252433 0.086788 0.174664
0 0 0.370167 0.187159 0.178460 0.077922 0.186292
0 0 0.355965 0.189204 0.191163 0.077013 0.186655
0 0 0.325618 0.195270 0.216699 0.077344 0.185070
0 0 0.359375 0.182928 0.196409 0.071091 0.190198
0 0 0.513280 0.134350 0.108237 0.052941 0.191191
0 0 0.604188 0.101185 0.072712 0.038412 0.183503
0 0 0.610314 0.098988 0.070552 0.037477 0.182669
0 0 0.617245 0.096509 0.068143 0.036427 0.181675
0 0 0.647773 0.085702 0.057979 0.031900 0.176646
0 0 0.669136 0.078259 0.051299 0.028831 0.172474
0 0 0.647937 0.085645 0.057927 0.031876 0.176616
0 0 0.636508 0.089668 0.061645 0.033551 0.178627
0 0 0.600565 0.102487 0.074003 0.038967 0.183977
0 0 0.554931 0.119047 0.091146 0.046138 0.188739
0 0 0.537770 0.125335 0.098018 0.048912 0.189964
0 0 0.385177 0.181670 0.170171 0.075198 0.187784
0 0 0.427954 0.165916 0.147808 0.067562 0.190760
0 0 0.455005 0.155907 0.134568 0.062834 0.191685
0 0 0.462424 0.153160 0.131053 0.061552 0.191811
0 0 0.558448 0.117762 0.089766 0.045574 0.188450
0 0 0.650757 0.084656 0.057025 0.031466 0.176096
0 0 0.513762 0.112547 0.072736 0.038072 0.262882
0 0 0.474626 0.148642 0.125377 0.059457 0.191898
0 0 0.539573 0.124674 0.097285 0.048619 0.189849
0 0 0.585249 0.108015 0.079574 0.041339 0.185823
0 0 0.575447 0.111569 0.083236 0.042875 0.186872
0 0 0.566830 0.114704 0.086518 0.044238 0.187710
0 0 0.690267 0.071013 0.045046 0.025883 0.167791
0 0 0.712875 0.063407 0.038750 0.022831 0.162136
0 0 0.736653 0.055597 0.032578 0.019746 0.155426
0 0 0.726365 0.058950 0.035191 0.021064 0.158429
0 0 0.757495 0.048936 0.027556 0.017156 0.148858
0 0 0.772917 0.044134 0.024079 0.015314 0.143557
0 0 0.788979 0.033166 0.015493 0.010558 0.151804
0 0 0.776648 0.035984 0.017112 0.011485 0.158771
0 0 0.743844 0.050334 0.027765 0.017267 0.160790
0 0 0.715448 0.062552 0.038060 0.022491 0.161449
0 0 0.751269 0.048328 0.026405 0.016553 0.157445
0 0 0.750485 0.051155 0.029204 0.018014 0.151142
0 0 0.736475 0.055654 0.032623 0.019768 0.155479
0 0 0.672994 0.076928 0.050131 0.028286 0.171661
0 0 0.621214 0.095094 0.066781 0.035830 0.181081
0 0 0.535579 0.126140 0.098912 0.049269 0.190099
0 0 0.472508 0.149426 0.126353 0.059820 0.191894
2 0 0.219994 0.209058 0.326667 0.075322 0.168960
2 0 0.122939 0.205785 0.469208 0.067695 0.134373
2 0 0.068932 0.189882 0.581006 0.058985 0.101195
2 0 0.078469 0.195464 0.556202 0.061909 0.107956
2 0 0.093279 0.200116 0.524599 0.064244 0.117761
2 0 0.126915 0.208249 0.459383 0.069536 0.135918
2 0 0.129624 0.210443 0.451911 0.071220 0.136803
2 0 0.150178 0.214793 0.414701 0.075154 0.145174
2 0 0.156702 0.215828 0.403630 0.076278 0.147562
2 0 0.166687 0.220248 0.382404 0.080558 0.150103
2 0 0.220454 0.217483 0.313091 0.082992 0.165980
2 0 0.104607 0.218352 0.477927 0.077519 0.121595
2 0 0.066063 0.198877 0.572008 0.065446 0.097606
2 1 0.054889 0.189866 0.605716 0.060707 0.088822
2 1 0.043202 0.177814 0.645801 0.054842 0.078341
2 1 0.045538 0.180486 0.637312 0.056103 0.080561
2 1 0.065172 0.198231 0.574560 0.065094 0.096943
2 1 0.064885 0.198021 0.575387 0.064979 0.096728
2 2 0.060861 0.194938 0.587223 0.063330 0.093648
2 2 0.047274 0.182380 0.631169 0.057010 0.082167
2 2 0.026750 0.153597 0.715111 0.044214 0.060328
2 2 0.014316 0.124174 0.786394 0.032816 0.042301
2 2 0.008951 0.104662 0.828225 0.025999 0.032163
2 2 0.005016 0.083996 0.868813 0.019369 0.022805
2 2 0.003891 0.076079 0.883464 0.016988 0.019578
2 2 0.003661 0.074282 0.886722 0.016461 0.018874
2 2 0.002475 0.057033 0.911123 0.015151 0.014219
2 2 0.003161 0.064644 0.898805 0.016701 0.016689
2 1 0.004252 0.074672 0.881992 0.018894 0.020190
2 1 0.006285 0.091600 0.854287 0.021739 0.026089
2 0 0.011973 0.116462 0.803374 0.030055 0.038136
2 0 0.022008 0.144055 0.739499 0.040357 0.054080
2 0 0.034880 0.166932 0.678471 0.049901 0.069817
2 0 0.078551 0.206830 0.538330 0.069979 0.106310
2 0 0.118258 0.221082 0.452403 0.079595 0.128661
2 1 0.165097 0.225138 0.376849 0.084783 0.148133
2 1 0.195834 0.226453 0.331858 0.088766 0.157088
2 1 0.117476 0.222183 0.451820 0.080509 0.128012
2 1 0.019584 0.138489 0.753125 0.038181 0.050622
2 1 0.009760 0.108073 0.821176 0.027151 0.033841
2 2 0.011041 0.113080 0.810632 0.028872 0.036375
2 2 0.005359 0.065523 0.880744 0.027258 0.021117
2 2 0.004489 0.050919 0.896673 0.030367 0.017552
2 2 0.002984 0.034637 0.918804 0.031127 0.012449
2 2 0.001902 0.023846 0.930500 0.035111 0.008641
2 2 0.001652 0.021484 0.931643 0.037489 0.007732
2 2 0.002034 0.025817 0.930085 0.032834 0.009230
2 2 0.001755 0.025223 0.938215 0.026193 0.008614
2 2 0.001398 0.022707 0.944936 0.023505 0.007454
2 2 0.001087 0.018990 0.951493 0.022249 0.006182
2 2 0.000980 0.017889 0.953291 0.022092 0.005748
2 2 0.000964 0.017424 0.951982 0.024006 0.005625
2 2 0.001041 0.016597 0.943918 0.032803 0.005642
2 2 0.001078 0.014950 0.931381 0.047180 0.005411
2 2 0.001534 0.016739 0.913812 0.061309 0.006606
2 2 0.002024 0.016576 0.875950 0.098133 0.007317
2 3 0.002378 0.015936 0.835434 0.138642 0.007610
2 3 0.002686 0.014355 0.761067 0.214408 0.007484
2 3 0.004102 0.016153 0.671522 0.298952 0.009272
2 3 0.007022 0.019878 0.595425 0.365026 0.012649
2 3 0.013724 0.031674 0.616639 0.316763 0.021200
2 3 0.018427 0.041301 0.648778 0.263946 0.027549
2 3 0.021386 0.047199 0.666926 0.232993 0.031496
2 2 0.032397 0.068481 0.690250 0.163443 0.045428
2 2 0.168919 0.158539 0.408686 0.133479 0.130378
0 0 0.317763 0.175468 0.232306 0.101279 0.173184
0 0 0.334735 0.170992 0.217897 0.102631 0.173744
2 0 0.208002 0.187631 0.339035 0.115902 0.149430
0 0 0.308798 0.203507 0.224009 0.082817 0.180869
2 0 0.249801 0.213779 0.280766 0.083311 0.172343
0 0 0.274683 0.205048 0.262951 0.078481 0.178838
0 0 0.413565 0.168188 0.159277 0.066794 0.192177
2 0 0.223785 0.212734 0.316074 0.078980 0.168428
2 0 0.189854 0.215629 0.357246 0.078254 0.159017
0 0 0.278424 0.202573 0.262064 0.076666 0.180273
2 0 0.253677 0.207517 0.285461 0.077846 0.175500
0 0 0.350628 0.186231 0.201417 0.072788 0.188936
0 0 0.329099 0.191415 0.218329 0.074057 0.187100
2 0 0.242665 0.208185 0.298481 0.077059 0.173610
2 0 0.175996 0.216148 0.375690 0.077659 0.154507
2 0 0.179313 0.214524 0.373562 0.076516 0.156084
2 1 0.120561 0.211668 0.463791 0.072100 0.131879
2 1 0.053856 0.187461 0.611313 0.059250 0.088121
2 1 0.100039 0.207048 0.503033 0.068952 0.120929
2 1 0.073363 0.194893 0.565720 0.061935 0.104088
2 1 0.088339 0.201622 0.530345 0.065546 0.114149
2 1 0.079593 0.196479 0.552758 0.062519 0.108652
2 1 0.054340 0.180652 0.620902 0.054748 0.089358
2 1 0.046948 0.172268 0.647228 0.050683 0.082873
2 1 0.072706 0.186922 0.578977 0.056717 0.104678
2 1 0.054730 0.172409 0.632569 0.049629 0.090663
2 1 0.040300 0.157416 0.682057 0.043186 0.077041
2 1 0.088801 0.186318 0.552665 0.055294 0.116923
2 1 0.189156 0.198214 0.384256 0.064298 0.164076
0 1 0.395402 0.162483 0.185373 0.057916 0.198825
0 1 0.490577 0.129730 0.093208 0.046655 0.239830
4 1 0.355834 0.142455 0.088934 0.043670 0.369108
4 1 0.299788 0.153664 0.095610 0.045630 0.405308
0 1 0.251319 0.214999 0.222090 0.079018 0.232573
2 1 0.121081 0.228587 0.414089 0.079098 0.157145
2 1 0.101754 0.213531 0.490124 0.073791 0.120800
2 1 0.084627 0.209325 0.524348 0.071392 0.110308
2 1 0.148018 0.218562 0.411954 0.078156 0.143310
2 1 0.158764 0.213583 0.402494 0.077270 0.147889
2 2 0.189934 0.205306 0.367801 0.078616 0.158343
2 2 0.237902 0.208401 0.302308 0.080347 0.171043
0 0 0.435582 0.162546 0.144738 0.065615 0.191519
0 0 0.454013 0.156274 0.135042 0.063006 0.191664
0 0 0.472965 0.149257 0.126142 0.059741 0.191895
0 0 0.509339 0.135805 0.109927 0.053597 0.191332
0 0 0.318011 0.199283 0.197787 0.078365 0.206554
2 0 0.167105 0.227049 0.370897 0.086674 0.148275
2 0 0.173007 0.220799 0.372594 0.081468 0.152132
2 0 0.059275 0.188490 0.600049 0.059159 0.093027
2 0 0.040609 0.170424 0.662041 0.050736 0.076190
2 1 0.021654 0.143275 0.741434 0.040049 0.053588
2 1 0.008934 0.104591 0.828372 0.025975 0.032128
2 1 0.004104 0.077690 0.880521 0.017465 0.020219
2 2 0.003648 0.073006 0.887909 0.016730 0.018707
2 2 0.002518 0.056500 0.911149 0.015565 0.014268
2 2 0.001906 0.049415 0.922980 0.013769 0.011931
2 2 0.001472 0.041031 0.934533 0.013122 0.009842
2 2 0.001175 0.030291 0.946081 0.014624 0.007828
2 2 0.001406 0.033033 0.940914 0.015860 0.008787
2 2 0.001699 0.035909 0.935074 0.017425 0.009894
2 2 0.001613 0.034570 0.937044 0.017259 0.009514
2 2 0.001266 0.030642 0.944440 0.015526 0.008126
2 2 0.001360 0.035896 0.939726 0.014042 0.008976
2 2 0.001403 0.037327 0.938137 0.013878 0.009254
2 2 0.001337 0.038469 0.938198 0.012816 0.009179
2 2 0.001654 0.038345 0.934131 0.015813 0.010058
2 2 0.002005 0.040748 0.928169 0.017848 0.011230
2 2 0.002733 0.040228 0.919865 0.024392 0.012782
2 2 0.003365 0.039375 0.912950 0.030447 0.013863
2 2 0.003740 0.038685 0.908872 0.034300 0.014404
2 2 0.003117 0.032542 0.917336 0.034656 0.012349
2 2 0.004207 0.035009 0.896454 0.049935 0.014395
2 2 0.002888 0.025706 0.899152 0.061697 0.010557
2 2 0.002432 0.020138 0.877562 0.091213 0.008654
2 2 0.002300 0.019475 0.883501 0.086380 0.008344
2 3 0.002380 0.017893 0.860382 0.111264 0.008081
2 3 0.002618 0.017425 0.842043 0.129624 0.008290
2 3 0.003181 0.018216 0.813109 0.156358 0.009135
2 3 0.003727 0.018884 0.786671 0.180839 0.009879
2 3 0.004906 0.017124 0.662196 0.305468 0.010306
2 3 0.006894 0.018868 0.601516 0.360407 0.012315
2 3 0.007867 0.018080 0.535821 0.425670 0.012563
2 3 0.009930 0.019399 0.488415 0.468096 0.014160
3 3 0.009349 0.014014 0.346843 0.618504 0.011290
3 3 0.007087 0.008890 0.231103 0.745265 0.007655
3 3 0.008126 0.009193 0.209867 0.764676 0.008138
3 3 0.008670 0.008367 0.165542 0.809669 0.007752
3 3 0.007913 0.006915 0.130464 0.848111 0.006597
3 3 0.007264 0.005840 0.100486 0.880753 0.005658
3 3 0.006866 0.005422 0.088334 0.894151 0.005228
3 3 0.003822 0.003022 0.065158 0.925022 0.002976
3 3 0.003078 0.002424 0.058242 0.933843 0.002412
3 3 0.003181 0.002506 0.059259 0.932564 0.002490
3 3 0.005397 0.004242 0.086085 0.900054 0.004222
3 3 0.009382 0.006012 0.095427 0.882652 0.006528
3 3 0.005786 0.004442 0.088656 0.896630 0.004485
3 3 0.006270 0.004638 0.083498 0.900916 0.004677
3 3 0.007855 0.005148 0.082334 0.899158 0.005505
3 3 0.009322 0.005611 0.084929 0.893869 0.006268
3 3 0.007310 0.004024 0.070335 0.913551 0.004780
3 3 0.007294 0.003714 0.064575 0.919810 0.004607
3 3 0.004698 0.002576 0.053260 0.936360 0.003106
3 3 0.007039 0.003535 0.059990 0.925027 0.004409
3 3 0.006774 0.003491 0.059011 0.926434 0.004290
3 3 0.004978 0.002546 0.048446 0.940861 0.003170
3 3 0.002578 0.001547 0.038928 0.955148 0.001799
3 3 0.002723 0.001806 0.045269 0.948216 0.001985
3 3 0.004238 0.002338 0.051429 0.939173 0.002823
3 3 0.004369 0.002345 0.051999 0.938410 0.002877
3 3 0.003396 0.001941 0.049463 0.942876 0.002324
3 3 0.007405 0.003909 0.069051 0.914877 0.004758
3 3 0.010812 0.005047 0.074629 0.903020 0.006492
3 3 0.008000 0.003964 0.065564 0.917499 0.004973
3 3 0.009104 0.004331 0.066387 0.914652 0.005526
3 3 0.011261 0.004787 0.066116 0.911383 0.006453
3 3 0.004568 0.002603 0.053193 0.936568 0.003068
3 3 0.004207 0.002509 0.054936 0.935450 0.002898
3 3 0.006182 0.003402 0.063673 0.922679 0.004063
3 3 0.006280 0.003348 0.063134 0.923164 0.004073
3 3 0.004514 0.002607 0.054230 0.935595 0.003054
3 3 0.005324 0.002894 0.054821 0.933479 0.003482
3 3 0.004185 0.002461 0.050301 0.940205 0.002849
3 3 0.004079 0.002413 0.047539 0.943193 0.002775
3 3 0.001940 0.001441 0.037636 0.957493 0.001490
3 3 0.001926 0.001510 0.039458 0.955592 0.001515
3 3 0.003002 0.002180 0.049157 0.943403 0.002258
3 3 0.004689 0.003082 0.060365 0.928524 0.003341
3 3 0.003664 0.002368 0.054840 0.936501 0.002627
3 3 0.003889 0.002372 0.052690 0.938340 0.002709
3 3 0.004579 0.002759 0.055161 0.934356 0.003146
3 3 0.006551 0.003672 0.061516 0.923961 0.004301
3 3 0.007492 0.003833 0.063397 0.920556 0.004722
3 3 0.009415 0.004722 0.072628 0.907382 0.005852
3 3 0.007306 0.003963 0.069721 0.914260 0.004749
3 3 0.006189 0.003979 0.073697 0.911785 0.004351
3 3 0.008994 0.005568 0.089065 0.890222 0.006151
3 3 0.011648 0.007181 0.098066 0.875253 0.007853
3 3 0.010110 0.006096 0.084645 0.892394 0.006756
3 3 0.004179 0.003022 0.057813 0.931887 0.003098
3 3 0.003738 0.002651 0.052449 0.938408 0.002754
3 3 0.003696 0.002706 0.053948 0.936887 0.002763
3 3 0.003845 0.002487 0.052839 0.938091 0.002737
3 3 0.002938 0.001730 0.043658 0.949640 0.002035
3 3 0.002239 0.001280 0.037964 0.956966 0.001550
3 3 0.006072 0.003637 0.067263 0.918889 0.004138
3 3 0.011862 0.007008 0.094156 0.879135 0.007839
3 3 0.015077 0.008529 0.099205 0.867523 0.009665
3 3 0.005820 0.003512 0.063148 0.923550 0.003969
3 3 0.008082 0.005011 0.076629 0.904770 0.005508
3 3 0.009723 0.005891 0.081651 0.896226 0.006509
3 3 0.011192 0.007396 0.095970 0.877699 0.007744
3 3 0.005566 0.003739 0.068461 0.918251 0.003984
3 3 0.003507 0.002465 0.055973 0.935452 0.002603
3 3 0.009408 0.005646 0.086739 0.891880 0.006326
3 3 0.009206 0.005546 0.083981 0.895073 0.006193
3 3 0.008383 0.005598 0.084635 0.895486 0.005897
3 3 0.007345 0.004895 0.077399 0.905180 0.005180
3 3 0.007265 0.004762 0.075721 0.907164 0.005088
3 3 0.005469 0.003607 0.065368 0.921677 0.003879
3 3 0.005282 0.003490 0.066562 0.920902 0.003765
3 3 0.006419 0.004002 0.073382 0.911747 0.004449
3 3 0.005976 0.003743 0.072931 0.913178 0.004171
3 3 0.008000 0.005230 0.085865 0.895291 0.005614
3 3 0.008604 0.005319 0.082255 0.897959 0.005863
3 3 0.010419 0.005732 0.081461 0.895686 0.006702
3 3 0.007673 0.004246 0.070913 0.912157 0.005010
3 3 0.013441 0.007080 0.095034 0.875996 0.008449
3 3 0.021651 0.012727 0.135047 0.816549 0.014026
3 3 0.041686 0.024096 0.199503 0.708396 0.026320
3 3 0.072116 0.047079 0.286491 0.547093 0.047221
2 3 0.086658 0.080580 0.432943 0.329975 0.069844
2 0 0.046353 0.094503 0.659236 0.138768 0.061140
2 0 0.014477 0.067963 0.819296 0.065357 0.032906
2 1 0.008575 0.069920 0.855476 0.039420 0.026608
2 1 0.003502 0.043057 0.910038 0.028742 0.014661
2 1 0.001167 0.025262 0.948729 0.017628 0.007215
2 2 0.000723 0.022765 0.958561 0.012354 0.005597
2 2 0.000707 0.025682 0.957153 0.010620 0.005837
2 2 0.001040 0.038767 0.942004 0.009939 0.008250
2 2 0.001233 0.047611 0.932256 0.009151 0.009749
2 2 0.001464 0.050554 0.927307 0.009839 0.010836
2 2 0.001364 0.049478 0.929182 0.009607 0.010370
2 2 0.002522 0.062949 0.906334 0.013104 0.015090
2 2 0.002310 0.061574 0.909000 0.012826 0.014290
2 2 0.002016 0.058585 0.914198 0.012051 0.013150
2 2 0.002282 0.061574 0.909102 0.012862 0.014180
2 2 0.002611 0.064884 0.903350 0.013764 0.015390
2 2 0.003242 0.071659 0.890489 0.014877 0.019734
2 2 0.003749 0.077680 0.878576 0.015793 0.024201
2 2 0.003243 0.076594 0.879967 0.014801 0.025395
2 2 0.003003 0.079603 0.874002 0.014876 0.028517
2 2 0.003535 0.088309 0.856601 0.016521 0.035034
2 2 0.002897 0.078485 0.877234 0.015027 0.026358
2 2 0.002758 0.075532 0.883153 0.014631 0.023926
2 2 0.002036 0.061239 0.909185 0.012026 0.015514
2 2 0.001995 0.059027 0.912891 0.011628 0.014459
2 2 0.002038 0.059993 0.911133 0.011747 0.015088
2 2 0.003072 0.072652 0.887945 0.014377 0.021955
2 2 0.003276 0.077657 0.878118 0.015048 0.025901
2 2 0.002588 0.073574 0.886508 0.014042 0.023288
2 2 0.002393 0.074563 0.885277 0.014193 0.023573
2 2 0.002110 0.067326 0.899009 0.013180 0.018375
2 2 0.002319 0.069796 0.894666 0.013835 0.019384
2 2 0.001890 0.057339 0.916306 0.011677 0.012788
2 2 0.001737 0.055173 0.919937 0.011142 0.012011
2 2 0.001074 0.045380 0.935954 0.008638 0.008953
2 2 0.001159 0.046806 0.933664 0.008993 0.009378
2 2 0.001043 0.044837 0.936822 0.008504 0.008793
2 2 0.001110 0.045983 0.934987 0.008788 0.009132
2 2 0.001108 0.045957 0.935030 0.008781 0.009124
2 2 0.001203 0.047521 0.932511 0.009172 0.009594
2 2 0.001058 0.045100 0.936402 0.008569 0.008871
2 2 0.000991 0.042493 0.939531 0.008580 0.008404
2 2 0.000636 0.023084 0.960236 0.010724 0.005321
2 2 0.000907 0.027030 0.952587 0.012823 0.006653
2 2 0.000957 0.025077 0.952719 0.014651 0.006596
2 2 0.001034 0.024799 0.951392 0.015986 0.006790
2 2 0.001122 0.025033 0.949650 0.017132 0.007064
2 2 0.001111 0.025594 0.949624 0.016570 0.007101
2 2 0.000981 0.024174 0.952686 0.015598 0.006561
2 2 0.000734 0.019079 0.959855 0.015114 0.005218
2 2 0.000639 0.016081 0.962894 0.015823 0.004562
2 2 0.000617 0.015936 0.963538 0.015435 0.004474
2 2 0.000691 0.017484 0.961302 0.015630 0.004894
2 2 0.000838 0.019715 0.957225 0.016613 0.005608
2 2 0.000877 0.019715 0.956316 0.017370 0.005721
2 2 0.000673 0.016706 0.961904 0.015975 0.004742
2 2 0.000768 0.018591 0.959143 0.016235 0.005263
2 2 0.000703 0.018386 0.960810 0.015063 0.005038
2 2 0.002070 0.033116 0.931398 0.023003 0.010414
2 2 0.012596 0.087114 0.821850 0.043957 0.034483
2 2 0.027187 0.098411 0.748651 0.075363 0.050388
2 2 0.035601 0.123694 0.705736 0.072795 0.062174
2 2 0.074994 0.183393 0.562706 0.079476 0.099431
2 0 0.095449 0.214947 0.497878 0.075120 0.116605
2 0 0.083610 0.209543 0.525667 0.071625 0.109555
2 2 0.079197 0.207191 0.536685 0.070194 0.106732
2 2 0.018992 0.137046 0.756590 0.037625 0.049747
2 2 0.003684 0.067581 0.892143 0.018414 0.018179
2 2 0.002379 0.052542 0.915627 0.015959 0.013493
2 2 0.002652 0.050657 0.914303 0.018457 0.013930
2 2 0.003605 0.056296 0.901359 0.022082 0.016658
2 2 0.003097 0.043475 0.914177 0.025295 0.013956
2 2 0.003238 0.045554 0.911596 0.025095 0.014517
2 2 0.002731 0.044566 0.917517 0.021831 0.013355
2 2 0.002047 0.044565 0.925091 0.016522 0.011776
2 2 0.001697 0.043164 0.930172 0.014263 0.010703
2 2 0.001551 0.043725 0.931489 0.012887 0.010349
2 2 0.000961 0.029211 0.950289 0.012485 0.007055
2 2 0.000893 0.022548 0.955112 0.015334 0.006112
2 2 0.000755 0.018243 0.959542 0.016281 0.005180
2 2 0.000717 0.017683 0.960581 0.016019 0.004999
2 2 0.000878 0.019338 0.956367 0.017741 0.005676
2 2 0.001138 0.025806 0.949039 0.016815 0.007202
2 2 0.001097 0.027324 0.949040 0.015273 0.007266
2 2 0.002133 0.047159 0.922258 0.016166 0.012284
2 2 0.005470 0.072233 0.875150 0.024937 0.022210
2 0 0.015604 0.122791 0.781951 0.035964 0.043690
2 0 0.017188 0.132411 0.767546 0.035863 0.046992
2 2 0.020892 0.141558 0.745662 0.039375 0.052513
2 2 0.014929 0.126034 0.782204 0.033495 0.043338
2 2 0.024170 0.148603 0.728046 0.042175 0.057006
2 2 0.023381 0.146984 0.732158 0.041524 0.055954
2 2 0.019623 0.138583 0.752897 0.038217 0.050679
2 2 0.036199 0.140698 0.693572 0.063450 0.066081
2 0 0.095362 0.160209 0.531403 0.109559 0.103467
2 0 0.104746 0.134955 0.519727 0.140754 0.099817
2 0 0.178155 0.165934 0.383776 0.139454 0.132682
2 0 0.254666 0.191486 0.275093 0.120394 0.158362
0 0 0.284635 0.214524 0.232795 0.095753 0.172294
2 0 0.244549 0.217957 0.280913 0.086719 0.169863
0 0 0.415170 0.170637 0.154303 0.069824 0.190066
2 0 0.181276 0.225103 0.354133 0.086030 0.153458
0 0 0.348185 0.176182 0.203139 0.094519 0.177976
0 0 0.394775 0.175180 0.166978 0.075399 0.187668
0 0 0.384216 0.181569 0.170997 0.075662 0.187556
0 0 0.395850 0.177753 0.164420 0.073275 0.188702
0 0 0.418749 0.169317 0.152469 0.069189 0.190277
2 0 0.182420 0.229742 0.344969 0.090567 0.152303
2 0 0.139294 0.226610 0.411854 0.084716 0.137527
2 0 0.148192 0.227797 0.396867 0.086166 0.140978
2 0 0.122781 0.223479 0.441641 0.081624 0.130474
2 0 0.129141 0.224839 0.429844 0.082881 0.133296
2 0 0.154130 0.227077 0.389428 0.085839 0.143526
2 0 0.188234 0.228640 0.338725 0.090084 0.154318
0 0 0.285321 0.212283 0.238674 0.087780 0.175942
0 0 0.333381 0.199743 0.200973 0.083835 0.182068
0 1 0.279487 0.214848 0.241775 0.089479 0.174411
2 1 0.173937 0.229603 0.357064 0.089634 0.149762
2 1 0.132882 0.225546 0.423098 0.083581 0.134893
2 1 0.080078 0.207677 0.534453 0.070486 0.107305
2 1 0.040017 0.173918 0.657827 0.053038 0.075199
2 1 0.031402 0.161619 0.693467 0.047591 0.065921
2 1 0.045216 0.180126 0.638467 0.055932 0.080259
2 1 0.085224 0.210354 0.521732 0.072131 0.110559
2 1 0.141363 0.226915 0.408306 0.085066 0.138350
2 1 0.179677 0.229719 0.348829 0.090276 0.151499
2 0 0.210007 0.228906 0.308602 0.092980 0.159505
0 0 0.274023 0.215833 0.246985 0.089511 0.173648
0 0 0.306231 0.206164 0.222959 0.085209 0.179437
0 1 0.339396 0.196873 0.198438 0.081917 0.183376
0 1 0.367085 0.188283 0.180192 0.078484 0.185956
0 1 0.370841 0.186913 0.178083 0.077799 0.186364
0 0 0.396207 0.169081 0.169888 0.078875 0.185948
0 0 0.319110 0.181926 0.228257 0.094289 0.176419
0 0 0.359484 0.189254 0.187172 0.077841 0.186249
0 0 0.312636 0.199998 0.224803 0.079822 0.182740
2 0 0.214883 0.215896 0.322964 0.080878 0.165379
2 0 0.127228 0.220041 0.440458 0.078805 0.133468
2 0 0.066642 0.199291 0.570361 0.065672 0.098034
2 0 0.066038 0.198859 0.572080 0.065436 0.097587
2 0 0.071249 0.202417 0.557571 0.067415 0.101349
2 0 0.073988 0.204146 0.550211 0.068404 0.103250
2 0 0.075581 0.205110 0.546013 0.068964 0.104333
2 0 0.095272 0.214876 0.498276 0.075071 0.116505
2 0 0.135029 0.225923 0.419290 0.083970 0.135789
2 0 0.176256 0.229661 0.353712 0.089899 0.150473
2 0 0.238136 0.222725 0.281534 0.090668 0.166937
2 1 0.176911 0.229675 0.352771 0.089972 0.150671
0 1 0.317718 0.206074 0.209432 0.087601 0.179175
0 1 0.322551 0.204353 0.206438 0.086699 0.179959
0 1 0.289013 0.212209 0.234264 0.088432 0.176082
2 1 0.228480 0.219235 0.299753 0.085699 0.166833
2 0 0.220290 0.215617 0.316224 0.081227 0.166642
2 0 0.220545 0.213809 0.318689 0.079595 0.167362
2 0 0.158958 0.216283 0.399674 0.076762 0.148324
2 0 0.172094 0.211792 0.387889 0.073803 0.154422
2 0 0.108517 0.207310 0.489217 0.068931 0.126024
2 0 0.181531 0.213711 0.371723 0.075989 0.157046
0 0 0.347912 0.189572 0.199639 0.075729 0.187148
0 0 0.361721 0.189291 0.184634 0.078388 0.185967
0 0 0.381459 0.183032 0.172202 0.075871 0.187437
0 0 0.362935 0.189794 0.182541 0.079242 0.185489
2 0 0.084755 0.210121 0.522872 0.071985 0.110269
2 0 0.079179 0.207181 0.536730 0.070188 0.106721
2 0 0.051279 0.186473 0.617498 0.059008 0.085743
2 0 0.050834 0.186036 0.618984 0.058792 0.085354
2 0 0.037915 0.171173 0.666073 0.051792 0.073047
2 0 0.027683 0.155302 0.710606 0.044921 0.061488
2 0 0.029099 0.157791 0.703936 0.045963 0.063211
2 0 0.022481 0.145081 0.736942 0.040764 0.054732
2 0 0.043740 0.178443 0.643822 0.055137 0.078859
2 0 0.069117 0.177509 0.580112 0.078315 0.094947
2 0 0.120917 0.223041 0.445182 0.081240 0.129620
2 0 0.233976 0.213598 0.301419 0.080988 0.170018
2 0 0.227128 0.210549 0.315027 0.077385 0.169911
2 0 0.197308 0.211638 0.353174 0.075454 0.162425
2 0 0.259136 0.202820 0.285612 0.074256 0.178176
2 0 0.170028 0.218045 0.381136 0.078877 0.151914
0 0 0.332089 0.192218 0.213733 0.075414 0.186546
0 0 0.277461 0.205628 0.258653 0.079474 0.178785
2 0 0.097746 0.215860 0.492756 0.075745 0.117893
2 0 0.056427 0.191234 0.600839 0.061404 0.090096
2 0 0.066804 0.196525 0.574423 0.063709 0.098539
2 0 0.212596 0.209802 0.335360 0.075243 0.166998
0 0 0.296571 0.192959 0.254167 0.070373 0.185931
2 0 0.144545 0.206274 0.436001 0.068360 0.144821
2 0 0.090529 0.197868 0.532515 0.062815 0.116272
2 0 0.075168 0.198254 0.557463 0.064095 0.105020
2 0 0.037569 0.170706 0.667459 0.051581 0.072686
2 0 0.026954 0.153975 0.714116 0.044370 0.060584
2 0 0.026016 0.152222 0.718714 0.043648 0.059401
2 0 0.039899 0.173768 0.658283 0.052970 0.075080
2 0 0.040907 0.175038 0.654411 0.053553 0.076091
2 0 0.068191 0.199063 0.568065 0.065338 0.099344
2 0 0.053811 0.188881 0.609182 0.060209 0.087916
2 0 0.053271 0.188378 0.610937 0.059957 0.087458
2 1 0.050970 0.186170 0.618530 0.058858 0.085473
2 1 0.058634 0.193121 0.593981 0.062378 0.091885
2 1 0.051146 0.186344 0.617940 0.058943 0.085627
2 1 0.023997 0.159797 0.701882 0.043614 0.070710
2 1 0.010110 0.109488 0.818219 0.027634 0.034549
2 2 0.005659 0.087991 0.861238 0.020604 0.024508
2 2 0.003514 0.073093 0.888866 0.016114 0.018413
2 2 0.001914 0.052156 0.920662 0.013033 0.012234
2 2 0.001049 0.031814 0.947113 0.012416 0.007607
2 2 0.000729 0.022648 0.958509 0.012512 0.005602
2 2 0.000767 0.023024 0.957524 0.012917 0.005768
2 2 0.000680 0.019028 0.961180 0.014070 0.005041
2 2 0.000713 0.021086 0.959603 0.013217 0.005381
2 2 0.000709 0.020681 0.959879 0.013410 0.005321
2 2 0.001031 0.028671 0.949431 0.013649 0.007219
2 2 0.000984 0.027664 0.950832 0.013554 0.006965
2 2 0.001321 0.037152 0.939382 0.013151 0.008995
2 2 0.001445 0.040138 0.935549 0.013197 0.009670
2 2 0.003568 0.071958 0.889414 0.016646 0.018414
2 2 0.002932 0.065682 0.899871 0.015256 0.016260
2 2 0.002538 0.064245 0.904495 0.013598 0.015124
2 2 0.001898 0.057184 0.916565 0.011675 0.012678
2 2 0.003192 0.070372 0.893733 0.015328 0.017375
2 2 0.003162 0.070110 0.894198 0.015253 0.017277
2 2 0.002734 0.060628 0.905801 0.015593 0.015244
2 2 0.001239 0.033421 0.943135 0.013849 0.008356
2 2 0.000678 0.022405 0.959733 0.011784 0.005401
2 2 0.000625 0.019284 0.962441 0.012766 0.004885
2 2 0.000802 0.023264 0.956666 0.013357 0.005911
2 2 0.001002 0.022676 0.952825 0.017053 0.006443
2 2 0.001289 0.023286 0.946987 0.021164 0.007274
2 2 0.001681 0.023400 0.938797 0.027949 0.008173
2 2 0.001605 0.021546 0.936752 0.032408 0.007689
2 2 0.001722 0.021501 0.930781 0.038114 0.007882
2 2 0.001665 0.021607 0.934607 0.034308 0.007813
2 2 0.001467 0.020231 0.938326 0.032793 0.007184
2 2 0.001320 0.021711 0.946520 0.023318 0.007131
2 2 0.001026 0.019445 0.952922 0.020517 0.006090
2 2 0.000786 0.017800 0.958804 0.017392 0.005218
2 2 0.000861 0.017889 0.956915 0.018895 0.005440
2 2 0.000717 0.016087 0.960717 0.017683 0.004796
2 3 0.000799 0.015057 0.954740 0.024554 0.004850
2 3 0.000679 0.011978 0.951236 0.032052 0.004055
2 3 0.000823 0.012171 0.939594 0.043001 0.004411
2 3 0.000971 0.012115 0.921796 0.060436 0.004682
2 3 0.001351 0.012687 0.877645 0.102899 0.005417
2 3 0.001884 0.013734 0.827200 0.150795 0.006386
2 3 0.002638 0.015907 0.799280 0.174318 0.007857
2 3 0.002955 0.015576 0.761118 0.212259 0.008093
2 3 0.003124 0.015164 0.733009 0.240573 0.008130
2 3 0.003924 0.015133 0.648495 0.323685 0.008764
2 3 0.005417 0.016630 0.592718 0.374843 0.010392
3 3 0.007317 0.016213 0.473460 0.491699 0.011311
3 3 0.008046 0.016267 0.429661 0.534408 0.011618
3 3 0.005473 0.010382 0.319708 0.656805 0.007632
3 3 0.003544 0.007518 0.293892 0.689678 0.005368
3 3 0.004148 0.009516 0.342557 0.637239 0.006540
3 3 0.003758 0.011625 0.474563 0.502851 0.007203
2 3 0.003968 0.014745 0.590058 0.382708 0.008521
2 3 0.002857 0.011528 0.602390 0.376590 0.006636
2 3 0.003548 0.011507 0.539162 0.438608 0.007176
3 3 0.003550 0.008918 0.423009 0.558352 0.006170
3 3 0.005769 0.009753 0.312964 0.663905 0.007609
3 3 0.005517 0.006072 0.166466 0.816439 0.005506
3 3 0.007749 0.006983 0.139174 0.839463 0.006632
3 3 0.006739 0.005770 0.114618 0.867313 0.005560
3 3 0.006091 0.005596 0.118235 0.864817 0.005261
3 3 0.005431 0.004587 0.098245 0.887279 0.004458
3 3 0.005624 0.005026 0.109593 0.874967 0.004790
3 3 0.005301 0.004165 0.085017 0.901379 0.004137
3 3 0.003923 0.002966 0.067144 0.922958 0.003008
3 3 0.003068 0.002332 0.058905 0.933317 0.002378
3 3 0.006010 0.004474 0.084274 0.900729 0.004513
3 3 0.007628 0.005613 0.095638 0.885466 0.005655
3 3 0.009559 0.008612 0.145942 0.827855 0.008032
3 3 0.014176 0.016511 0.261466 0.693909 0.013938
3 3 0.017261 0.023158 0.357395 0.583596 0.018589
3 3 0.013244 0.020163 0.394539 0.556254 0.015800
3 2 0.013018 0.018648 0.374392 0.578903 0.015039
3 2 0.011266 0.017086 0.373477 0.584626 0.013545
2 2 0.015662 0.028653 0.508296 0.426637 0.020751
2 2 0.013216 0.039620 0.705805 0.217736 0.023624
2 2 0.008124 0.041708 0.841521 0.088218 0.020428
2 2 0.004642 0.038719 0.898706 0.042113 0.015820
2 2 0.002924 0.045665 0.914814 0.022697 0.013901
2 2 0.001613 0.038851 0.934311 0.015219 0.010006
2 2 0.002127 0.026835 0.931905 0.029511 0.009622
2 2 0.001702 0.026578 0.938953 0.024071 0.008696
2 2 0.001211 0.027451 0.947014 0.016724 0.007600
2 2 0.000956 0.027823 0.951233 0.013095 0.006894
2 2 0.001242 0.040551 0.937860 0.011257 0.009090
2 2 0.001835 0.056401 0.917881 0.011467 0.012417
2 2 0.001968 0.058023 0.915149 0.011900 0.012960
2 2 0.002808 0.065286 0.902094 0.013696 0.016117
2 2 0.003084 0.067213 0.898472 0.014163 0.017069
2 2 0.004555 0.077156 0.879826 0.016837 0.021626
2 2 0.004705 0.078633 0.876716 0.016962 0.022984
2 2 0.007826 0.111476 0.806506 0.022834 0.051359
2 2 0.009765 0.130606 0.758461 0.026158 0.075009
2 4 0.013104 0.151618 0.695519 0.029933 0.109825
2 4 0.010806 0.140643 0.727701 0.027395 0.093455
2 4 0.010811 0.139437 0.732323 0.027436 0.089994
2 4 0.012622 0.142694 0.724183 0.028896 0.091605
2 4 0.031381 0.176794 0.630668 0.042980 0.118177
2 4 0.054985 0.192248 0.582575 0.055196 0.114996
2 4 0.044588 0.185191 0.625720 0.056411 0.088090
2 4 0.048790 0.189890 0.610170 0.058613 0.092537
2 4 0.040384 0.188726 0.618533 0.055220 0.097137
2 4 0.041303 0.195103 0.599546 0.056410 0.107637
2 4 0.090151 0.230093 0.365253 0.064265 0.250237
4 4 0.188079 0.201277 0.207523 0.057077 0.346045
4 4 0.142693 0.168875 0.130680 0.039314 0.518438
4 4 0.189817 0.155783 0.106339 0.038161 0.509901
4 4 0.216641 0.140883 0.083959 0.034841 0.523677
4 4 0.140927 0.189942 0.198981 0.045746 0.424404
4 4 0.117948 0.200055 0.239691 0.047704 0.394602
2 4 0.064007 0.205274 0.414206 0.046341 0.270172
4 4 0.186835 0.170772 0.153377 0.041765 0.447250
4 4 0.336978 0.129974 0.077512 0.036366 0.419170
4 4 0.370121 0.112608 0.059205 0.031144 0.426922
4 4 0.384030 0.102117 0.050867 0.027501 0.435485
4 4 0.338373 0.082839 0.034649 0.019631 0.524508
4 4 0.275610 0.064064 0.022150 0.013147 0.625029
4 4 0.203826 0.050960 0.014989 0.009128 0.721098
4 4 0.206317 0.052954 0.015904 0.009613 0.715213
4 4 0.145476 0.070759 0.023953 0.013088 0.746724
4 4 0.150086 0.072552 0.024944 0.013595 0.738823
4 4 0.172692 0.083211 0.031180 0.016692 0.696224
4 4 0.191804 0.097713 0.040559 0.021108 0.648817
4 4 0.186916 0.117706 0.054523 0.027037 0.613818
4 4 0.188705 0.127267 0.062069 0.030198 0.591761
4 4 0.151392 0.143527 0.073956 0.034162 0.596963
4 4 0.137442 0.145793 0.075229 0.034282 0.607253
4 4 0.087929 0.166998 0.111870 0.036304 0.596899
4 4 0.103515 0.173229 0.128898 0.038705 0.555653
4 4 0.075483 0.200168 0.226250 0.043475 0.454624
4 4 0.079028 0.203590 0.251565 0.044970 0.420846
4 4 0.067241 0.208114 0.329140 0.045665 0.349841
2 4 0.048798 0.204520 0.412351 0.043225 0.291105
2 4 0.041457 0.201528 0.460272 0.042582 0.254160
2 4 0.049196 0.205700 0.434867 0.044915 0.265322
2 4 0.046766 0.205410 0.451170 0.045182 0.251472
2 4 0.041751 0.206284 0.453659 0.044745 0.253562
2 4 0.036598 0.204637 0.477939 0.044223 0.236604
2 4 0.037702 0.203394 0.481550 0.044056 0.233298
2 4 0.073842 0.212694 0.333897 0.049077 0.330490
4 4 0.167121 0.075917 0.026975 0.014707 0.715280
4 4 0.149902 0.151618 0.102609 0.034265 0.561606
4 4 0.132029 0.181103 0.169999 0.041829 0.475040
4 4 0.063848 0.211651 0.336921 0.047068 0.340511
4 4 0.080517 0.201631 0.205999 0.045353 0.466500
4 4 0.086063 0.186363 0.155951 0.041278 0.530345
4 4 0.107016 0.150336 0.090300 0.032615 0.619733
4 4 0.136118 0.114559 0.050588 0.024488 0.674247
4 4 0.142789 0.097010 0.038992 0.019748 0.701460
4 4 0.148114 0.098699 0.040180 0.020341 0.692666
4 4 0.165097 0.110867 0.048811 0.024282 0.650942
4 4 0.124925 0.151561 0.106343 0.032501 0.584670
4 4 0.105914 0.176235 0.161444 0.038019 0.518388
4 4 0.088864 0.202257 0.272712 0.045257 0.390910
2 4 0.041421 0.199407 0.496641 0.043826 0.218705
2 4 0.037679 0.200556 0.489911 0.043101 0.228752
2 4 0.038423 0.204669 0.464892 0.043831 0.248186
2 4 0.034560 0.203219 0.480572 0.043162 0.238487
2 4 0.024651 0.198158 0.530472 0.041508 0.205211
2 4 0.026077 0.204021 0.508054 0.043302 0.218546
2 4 0.018222 0.192010 0.557167 0.038448 0.194153
2 4 0.016546 0.184760 0.586442 0.036692 0.175560
2 4 0.010992 0.164192 0.658026 0.031134 0.135656
2 4 0.009534 0.153431 0.692784 0.028966 0.115286
2 4 0.007566 0.138555 0.735441 0.025766 0.092672
2 4 0.005865 0.122960 0.775756 0.022453 0.072966
2 4 0.004838 0.108923 0.809853 0.019865 0.056521
2 4 0.004439 0.102159 0.825937 0.018813 0.048651
2 2 0.003607 0.093340 0.845518 0.017071 0.040464
2 2 0.003397 0.091335 0.849900 0.016665 0.038703
2 2 0.003473 0.090627 0.851167 0.016580 0.038154
2 2 0.003528 0.087740 0.856897 0.016177 0.035658
2 2 0.003204 0.081716 0.869520 0.015237 0.030323
2 2 0.002840 0.077251 0.878412 0.014348 0.027150
2 2 0.002585 0.073910 0.885077 0.013749 0.024678
2 2 0.003426 0.082963 0.867034 0.015607 0.030971
2 2 0.002884 0.077129 0.878631 0.014372 0.026984
2 2 0.002729 0.076658 0.879296 0.014062 0.027255
2 2 0.002318 0.071614 0.888829 0.012931 0.024308
2 2 0.002814 0.078496 0.875197 0.014212 0.029282
2 2 0.003629 0.089151 0.853909 0.016429 0.036881
2 2 0.005053 0.105493 0.818814 0.019802 0.050838
2 2 0.004178 0.100843 0.829896 0.018688 0.046395
2 2 0.004411 0.105070 0.821693 0.019725 0.049100
2 2 0.005091 0.112904 0.805308 0.021634 0.055064
2 2 0.006566 0.127834 0.771912 0.025204 0.068484
2 2 0.006182 0.128393 0.769902 0.024881 0.070642
2 2 0.004657 0.116140 0.799237 0.022055 0.057912
2 2 0.003320 0.098982 0.837429 0.018616 0.041652
2 2 0.002760 0.086661 0.862575 0.016393 0.031612
2 2 0.002328 0.078639 0.877943 0.014770 0.026319
2 2 0.002095 0.071588 0.891156 0.013595 0.021565
2 2 0.002007 0.068802 0.896233 0.013131 0.019827
2 2 0.001998 0.064637 0.903751 0.012677 0.016936
2 2 0.001907 0.058592 0.914197 0.011847 0.013456
2 2 0.001758 0.055442 0.919488 0.011213 0.012099
2 2 0.001631 0.053785 0.922248 0.010778 0.011558
2 2 0.001142 0.046525 0.934117 0.008923 0.009294
2 2 0.001125 0.046242 0.934572 0.008852 0.009209
2 2 0.000912 0.042443 0.940625 0.007920 0.008100
2 2 0.000653 0.033781 0.951920 0.007305 0.006341
2 2 0.003464 0.072682 0.889606 0.015994 0.018255
2 2 0.015480 0.115368 0.788305 0.038427 0.042420
2 2 0.022176 0.105069 0.766351 0.058866 0.047538
2 2 0.020424 0.115985 0.766824 0.048906 0.047860
2 2 0.026860 0.145586 0.721059 0.047384 0.059112
2 2 0.030095 0.155273 0.702687 0.048252 0.063693
2 2 0.023495 0.147220 0.731560 0.041618 0.056106
2 2 0.017816 0.134065 0.763665 0.036488 0.047965
2 2 0.000909 0.027305 0.952378 0.012718 0.006690
2 2 0.000792 0.023865 0.956561 0.012839 0.005943
2 2 0.000902 0.023867 0.954362 0.014578 0.006292
2 2 0.001179 0.026428 0.948024 0.016977 0.007391
2 2 0.001405 0.027729 0.943603 0.019117 0.008146
2 2 0.001246 0.024556 0.947497 0.019366 0.007335
2 2 0.001093 0.021202 0.951279 0.019924 0.006501
2 2 0.001445 0.024681 0.943812 0.022222 0.007840
2 2 0.001606 0.024987 0.940853 0.024299 0.008255
2 2 0.001224 0.021176 0.948517 0.022256 0.006826
2 2 0.001283 0.020455 0.946023 0.025391 0.006848
2 2 0.001240 0.018879 0.944709 0.028678 0.006493
2 2 0.001262 0.018741 0.944754 0.028712 0.006530
2 2 0.001340 0.018756 0.941021 0.032199 0.006685
2 2 0.001022 0.014870 0.941173 0.037612 0.005323
2 2 0.000842 0.013428 0.945088 0.035970 0.004673
2 2 0.001089 0.014967 0.933433 0.045059 0.005452
2 3 0.001267 0.015019 0.917642 0.060288 0.005784
2 3 0.001135 0.012650 0.895596 0.085588 0.005031
2 3 0.001413 0.013864 0.875575 0.103421 0.005727
2 3 0.001920 0.014298 0.816063 0.161208 0.006512
2 3 0.002688 0.016279 0.781551 0.191545 0.007936
2 3 0.004024 0.016188 0.646515 0.324171 0.009102
2 3 0.004951 0.016861 0.610181 0.357933 0.010074
3 3 0.004577 0.011879 0.468147 0.507430 0.007967
3 3 0.006131 0.012247 0.388195 0.584493 0.008933
3 3 0.004290 0.006726 0.231736 0.751856 0.005391
