0 0 0.905460 0.055502 0.010477 0.000285 0.028275
0 0 0.825080 0.097178 0.029015 0.001346 0.047380
0 0 0.824238 0.101453 0.030242 0.001293 0.042775
0 0 0.833256 0.094970 0.029209 0.001431 0.041135
0 0 0.827227 0.097996 0.031620 0.001664 0.041492
0 0 0.848674 0.094282 0.025375 0.000859 0.030810
0 0 0.866856 0.083173 0.019250 0.000535 0.030187
0 0 0.868090 0.079960 0.018884 0.000586 0.032480
0 0 0.797399 0.115237 0.038441 0.001860 0.047062
0 0 0.827451 0.097819 0.028554 0.001233 0.044944
0 0 0.845144 0.090539 0.024031 0.000886 0.039400
0 0 0.838581 0.096579 0.025902 0.000898 0.038040
0 0 0.873104 0.075935 0.017322 0.000531 0.033108
0 0 0.852123 0.090685 0.022486 0.000683 0.034023
0 0 0.888838 0.073073 0.014103 0.000282 0.023704
0 0 0.835284 0.103441 0.026933 0.000779 0.033563
0 0 0.798570 0.117661 0.037284 0.001552 0.044932
0 0 0.636828 0.132425 0.071226 0.009965 0.149556
0 0 0.488765 0.170411 0.104158 0.012531 0.224136
0 0 0.428965 0.190106 0.125248 0.014360 0.241322
0 0 0.500679 0.165905 0.114443 0.019455 0.199518
0 0 0.468747 0.171466 0.121731 0.020418 0.217638
0 0 0.428895 0.153386 0.095392 0.012607 0.309720
4 0 0.283949 0.126640 0.073360 0.007327 0.508723
4 0 0.248658 0.141711 0.088891 0.008415 0.512325
4 1 0.169664 0.125375 0.093193 0.011117 0.600651
4 1 0.133578 0.133640 0.115361 0.014872 0.602549
4 1 0.117876 0.138890 0.123122 0.014395 0.605717
4 1 0.109578 0.149689 0.142026 0.016774 0.581932
4 1 0.097537 0.163453 0.193276 0.030772 0.514962
4 2 0.102169 0.159703 0.238361 0.068567 0.431201
4 2 0.090833 0.162117 0.250278 0.068383 0.428390
4 2 0.108257 0.160903 0.230906 0.063807 0.436127
4 2 0.100410 0.152845 0.168215 0.025014 0.553515
4 2 0.122130 0.138969 0.128176 0.016947 0.593779
4 2 0.094625 0.138048 0.127497 0.013320 0.626511
4 2 0.097277 0.135451 0.116279 0.010776 0.640217
4 2 0.092180 0.136102 0.117139 0.010320 0.644259
4 2 0.108735 0.124205 0.099964 0.009699 0.657397
4 2 0.116844 0.121209 0.108168 0.014541 0.639238
4 2 0.156497 0.117232 0.096545 0.014805 0.614922
4 2 0.183874 0.125150 0.110332 0.021606 0.559038
4 2 0.202000 0.127615 0.114895 0.025329 0.530161
4 2 0.221891 0.127452 0.156306 0.075737 0.418613
4 2 0.244554 0.111677 0.156703 0.128316 0.358749
4 2 0.195243 0.101982 0.179602 0.215786 0.307387
3 2 0.156261 0.097244 0.198011 0.278789 0.269695
3 2 0.071068 0.068297 0.217358 0.508953 0.134324
3 2 0.032896 0.043833 0.224869 0.637532 0.060869
3 2 0.023444 0.035076 0.206174 0.692259 0.043047
3 2 0.021592 0.030311 0.187382 0.726296 0.034418
3 2 0.022843 0.031501 0.199449 0.712316 0.033892
3 3 0.023962 0.029974 0.187905 0.727104 0.031055
3 3 0.037388 0.036255 0.174711 0.707229 0.044417
3 3 0.033540 0.025397 0.115601 0.791524 0.033938
3 3 0.021953 0.015754 0.082799 0.859272 0.020221
3 3 0.013770 0.010003 0.061564 0.901864 0.012799
3 3 0.013684 0.009782 0.060360 0.903510 0.012665
3 3 0.005322 0.005071 0.042229 0.941995 0.005383
3 3 0.005032 0.004860 0.041195 0.943801 0.005112
3 3 0.009541 0.009307 0.064046 0.907461 0.009645
3 3 0.006394 0.006405 0.050205 0.930455 0.006541
3 3 0.004348 0.004476 0.039694 0.946981 0.004501
3 3 0.004336 0.004348 0.038617 0.948240 0.004458
3 3 0.003253 0.003537 0.034368 0.955412 0.003430
3 3 0.002478 0.002971 0.031394 0.960466 0.002691
3 3 0.002328 0.002836 0.030564 0.961730 0.002541
3 3 0.003712 0.004089 0.038081 0.950197 0.003921
3 3 0.005091 0.005312 0.044769 0.939548 0.005280
3 3 0.006308 0.006445 0.050714 0.930044 0.006489
3 3 0.007859 0.007710 0.056540 0.919916 0.007975
3 3 0.006089 0.006421 0.051063 0.930106 0.006320
3 3 0.005347 0.005667 0.046992 0.936429 0.005566
3 3 0.003339 0.003957 0.038056 0.951045 0.003602
3 3 0.003457 0.004084 0.038845 0.949889 0.003725
3 3 0.003449 0.003966 0.037771 0.951126 0.003689
3 3 0.003526 0.003988 0.037732 0.951000 0.003754
3 3 0.002572 0.003122 0.032603 0.958901 0.002801
3 3 0.004097 0.004765 0.042940 0.943811 0.004387
3 3 0.008012 0.008749 0.063537 0.911334 0.008367
3 3 0.012163 0.012549 0.079459 0.883384 0.012445
3 3 0.012541 0.012816 0.080345 0.881503 0.012795
3 3 0.008840 0.009390 0.066076 0.906542 0.009152
3 3 0.009219 0.009032 0.062856 0.909558 0.009334
3 3 0.003780 0.004051 0.037530 0.950676 0.003963
3 3 0.003055 0.003143 0.031187 0.959441 0.003175
3 3 0.001259 0.001574 0.020568 0.975204 0.001394
3 3 0.001007 0.001296 0.018150 0.978420 0.001126
3 3 0.000729 0.000971 0.015019 0.982456 0.000826
3 3 0.000716 0.000954 0.014847 0.982672 0.000811
3 3 0.001168 0.001473 0.019691 0.976372 0.001297
3 3 0.001743 0.002159 0.025475 0.968705 0.001918
3 3 0.002663 0.003222 0.033280 0.957939 0.002896
3 3 0.002483 0.003024 0.031931 0.959854 0.002708
3 3 0.003929 0.004587 0.041890 0.945382 0.004213
3 3 0.002744 0.003311 0.033879 0.957085 0.002981
3 3 0.002568 0.003118 0.032576 0.958940 0.002797
3 3 0.001699 0.002142 0.025472 0.968809 0.001878
3 3 0.002126 0.002627 0.029117 0.963797 0.002332
3 3 0.001999 0.002483 0.028063 0.965258 0.002197
3 3 0.002088 0.002584 0.028804 0.964232 0.002292
3 3 0.002474 0.003014 0.031861 0.959953 0.002698
3 3 0.004280 0.004957 0.044054 0.942135 0.004575
3 3 0.005544 0.006268 0.051279 0.931039 0.005870
3 3 0.004934 0.005639 0.047895 0.936285 0.005247
3 3 0.003689 0.004332 0.040364 0.947649 0.003965
3 3 0.003378 0.004038 0.039096 0.949827 0.003661
3 3 0.003218 0.003858 0.037860 0.951572 0.003492
3 3 0.004298 0.004976 0.044165 0.941968 0.004594
3 3 0.004091 0.004758 0.042900 0.943871 0.004380
3 3 0.005545 0.006269 0.051284 0.931032 0.005871
3 3 0.007269 0.008012 0.060053 0.917047 0.007619
3 3 0.009043 0.009761 0.068134 0.903660 0.009401
3 3 0.009784 0.010482 0.071290 0.898304 0.010140
3 3 0.007699 0.008346 0.061425 0.914502 0.008028
3 3 0.004623 0.005289 0.045873 0.939293 0.004922
3 3 0.002707 0.003270 0.033606 0.957475 0.002942
3 3 0.002304 0.002825 0.030540 0.961811 0.002519
3 3 0.002653 0.003211 0.033206 0.958044 0.002886
3 3 0.003625 0.004263 0.039944 0.948270 0.003898
3 3 0.007360 0.008102 0.060484 0.916344 0.007710
3 3 0.007811 0.008550 0.062606 0.912869 0.008165
3 3 0.009836 0.010675 0.073514 0.895709 0.010267
3 3 0.017720 0.020552 0.133407 0.808928 0.019393
3 3 0.031594 0.036614 0.206681 0.690102 0.035009
3 3 0.088186 0.082074 0.298035 0.456201 0.075504
2 3 0.137088 0.125531 0.362994 0.279551 0.094837
2 2 0.200767 0.168805 0.368448 0.161467 0.100513
2 2 0.148173 0.167817 0.452620 0.148158 0.083232
2 2 0.110192 0.163464 0.533575 0.129064 0.063706
2 2 0.083333 0.148826 0.600113 0.115771 0.051958
2 2 0.068995 0.140093 0.648732 0.096926 0.045254
2 2 0.058728 0.131353 0.682118 0.088035 0.039767
2 2 0.055297 0.125346 0.685120 0.095528 0.038709
2 2 0.067003 0.142371 0.664684 0.083901 0.042042
2 2 0.080186 0.157990 0.637729 0.077091 0.047004
2 2 0.088393 0.165238 0.618569 0.076558 0.051242
2 2 0.107557 0.176958 0.574958 0.081529 0.058998
2 2 0.095581 0.163473 0.593357 0.088388 0.059203
2 2 0.102831 0.159454 0.566164 0.101671 0.069881
2 2 0.104317 0.146918 0.541841 0.126649 0.080276
2 2 0.084402 0.126568 0.544727 0.170108 0.074195
2 2 0.050971 0.093108 0.564421 0.238291 0.053209
2 2 0.067896 0.104442 0.500359 0.264915 0.062388
2 1 0.049141 0.089115 0.553692 0.254712 0.053340
2 1 0.021937 0.051256 0.561978 0.329435 0.035394
2 2 0.016787 0.045529 0.609123 0.299277 0.029285
2 2 0.013564 0.045820 0.692336 0.219577 0.028704
2 2 0.016349 0.059175 0.721898 0.161060 0.041518
2 2 0.010247 0.046954 0.777905 0.135167 0.029726
2 2 0.011316 0.049810 0.764588 0.141622 0.032663
2 2 0.014988 0.059481 0.726072 0.156013 0.043446
2 2 0.025858 0.093574 0.677615 0.116325 0.086628
2 2 0.036736 0.135554 0.584645 0.076440 0.166625
2 2 0.041298 0.153995 0.526163 0.062511 0.216034
2 2 0.050653 0.159050 0.472425 0.077114 0.240758
2 2 0.037510 0.143498 0.558405 0.070458 0.190129
2 2 0.035845 0.154125 0.539457 0.049007 0.221566
2 2 0.027836 0.144998 0.596209 0.035914 0.195043
2 2 0.030954 0.148349 0.581759 0.038956 0.199982
2 2 0.032057 0.146784 0.627225 0.039360 0.154574
2 2 0.040106 0.166327 0.581409 0.038403 0.173755
2 2 0.037226 0.155993 0.603206 0.041031 0.162544
2 2 0.062062 0.184919 0.542864 0.042002 0.168153
2 2 0.070888 0.200701 0.519270 0.037327 0.171814
2 2 0.074015 0.208177 0.465177 0.033482 0.219149
2 2 0.045621 0.166264 0.492576 0.042628 0.252912
2 2 0.045189 0.165888 0.481429 0.038952 0.268542
4 2 0.060344 0.176515 0.364505 0.032175 0.366461
2 2 0.047882 0.172788 0.402752 0.028280 0.348299
2 2 0.057489 0.172519 0.383117 0.031342 0.355532
2 2 0.053891 0.170155 0.416488 0.033748 0.325719
4 2 0.082335 0.173239 0.309169 0.033756 0.401501
2 2 0.075419 0.168565 0.390294 0.043776 0.321946
2 2 0.079361 0.165808 0.390919 0.044885 0.319026
2 2 0.059003 0.151818 0.497381 0.048007 0.243791
2 2 0.047829 0.141847 0.562376 0.052077 0.195872
2 2 0.021634 0.104686 0.723310 0.047603 0.102767
2 2 0.026963 0.111162 0.695713 0.056275 0.109887
2 2 0.020024 0.090984 0.755901 0.056051 0.077040
0 2 0.440667 0.206717 0.182228 0.036837 0.133551
0 1 0.464023 0.171103 0.162832 0.052009 0.150033
0 0 0.487260 0.182315 0.162503 0.041732 0.126189
0 0 0.505050 0.204888 0.159372 0.025826 0.104864
0 1 0.520672 0.196014 0.145721 0.023379 0.114214
2 2 0.299747 0.232662 0.320358 0.046926 0.100307
2 2 0.130422 0.184960 0.535426 0.082604 0.066588
2 2 0.119897 0.189881 0.567044 0.066515 0.056662
2 2 0.155332 0.204955 0.521357 0.052867 0.065489
2 2 0.199301 0.215970 0.457421 0.049148 0.078160
2 2 0.248152 0.221551 0.391611 0.048080 0.090606
2 2 0.252193 0.219918 0.379627 0.053138 0.095124
0 2 0.373064 0.224243 0.263497 0.034878 0.104317
0 2 0.349158 0.241675 0.289046 0.030851 0.089270
0 2 0.439971 0.243567 0.209505 0.022240 0.084718
0 2 0.336824 0.253766 0.296713 0.031419 0.081277
2 2 0.265912 0.236591 0.365626 0.053409 0.078462
2 2 0.185144 0.212624 0.460317 0.074313 0.067602
2 2 0.176081 0.200183 0.469977 0.086102 0.067657
2 2 0.235503 0.220683 0.398599 0.066217 0.078998
0 2 0.309188 0.212700 0.304364 0.071838 0.101910
0 2 0.360294 0.206760 0.246935 0.071670 0.114342
0 0 0.350631 0.202337 0.247063 0.076183 0.123787
0 1 0.553797 0.188328 0.130684 0.019340 0.107851
0 1 0.644098 0.170858 0.092473 0.008960 0.083612
0 2 0.693209 0.161759 0.073836 0.005071 0.066126
0 2 0.634652 0.191001 0.099052 0.007192 0.068103
0 0 0.597493 0.213017 0.120506 0.008728 0.060256
0 0 0.613801 0.205528 0.117921 0.009011 0.053739
0 0 0.544263 0.217780 0.161046 0.019162 0.057749
0 0 0.378314 0.227198 0.264611 0.065911 0.063966
2 1 0.196982 0.197532 0.362093 0.178982 0.064410
2 1 0.085293 0.124989 0.481605 0.259177 0.048936
2 1 0.054608 0.112937 0.625279 0.172853 0.034323
2 1 0.059476 0.132917 0.670273 0.106342 0.030992
2 2 0.045693 0.122689 0.730303 0.077422 0.023893
2 2 0.032206 0.105337 0.784261 0.060500 0.017695
2 2 0.021855 0.084595 0.824061 0.055145 0.014344
2 2 0.014059 0.064642 0.856356 0.053441 0.011502
2 2 0.011376 0.055973 0.866360 0.055467 0.010824
2 2 0.013067 0.061761 0.864111 0.048958 0.012103
2 2 0.011714 0.058374 0.873795 0.044692 0.011425
2 2 0.013483 0.064624 0.869459 0.040136 0.012297
2 2 0.017396 0.075669 0.851727 0.041628 0.013580
2 2 0.025510 0.096553 0.822775 0.038746 0.016416
2 2 0.025132 0.091310 0.814016 0.052131 0.017411
2 2 0.022363 0.081326 0.812012 0.066372 0.017927
2 2 0.021671 0.076715 0.800553 0.082431 0.018631
2 2 0.016986 0.061601 0.786856 0.116417 0.018140
2 2 0.012478 0.050112 0.793321 0.129101 0.014988
2 2 0.011076 0.049681 0.831832 0.094608 0.012803
2 2 0.013418 0.057309 0.828846 0.087293 0.013134
2 2 0.019310 0.070561 0.799244 0.094383 0.016502
2 2 0.017300 0.055238 0.702846 0.206018 0.018598
2 2 0.014195 0.042236 0.601851 0.323554 0.018164
2 2 0.013942 0.041159 0.590704 0.336159 0.018037
2 2 0.014965 0.040483 0.548189 0.375618 0.020744
3 2 0.010964 0.029456 0.466109 0.475153 0.018317
3 2 0.009398 0.024505 0.401955 0.548330 0.015812
3 2 0.007208 0.019268 0.350972 0.610318 0.012234
2 2 0.012369 0.036852 0.563462 0.370767 0.016551
2 2 0.015843 0.045398 0.603128 0.315803 0.019827
2 2 0.015841 0.043464 0.573458 0.346167 0.021070
2 2 0.009967 0.028253 0.483723 0.460464 0.017593
3 2 0.007497 0.022758 0.453866 0.502214 0.013665
2 2 0.008011 0.025315 0.507220 0.444495 0.014958
2 2 0.009957 0.030187 0.540683 0.400918 0.018255
2 2 0.009417 0.029990 0.566116 0.376747 0.017730
2 2 0.007716 0.025484 0.533449 0.418594 0.014757
2 2 0.009002 0.037278 0.746910 0.193542 0.013268
2 2 0.015860 0.060072 0.794952 0.113154 0.015962
2 2 0.019516 0.069964 0.796138 0.096246 0.018136
2 2 0.012812 0.050156 0.786268 0.134658 0.016106
2 2 0.013650 0.050076 0.763631 0.154086 0.018556
2 2 0.016769 0.054444 0.729291 0.176470 0.023026
2 2 0.016501 0.049032 0.665695 0.243541 0.025230
2 2 0.011801 0.034833 0.571885 0.360081 0.021400
2 2 0.010020 0.031521 0.575496 0.364200 0.018763
2 2 0.012812 0.041195 0.657421 0.268009 0.020563
2 2 0.016262 0.048968 0.665039 0.246601 0.023131
2 2 0.018655 0.053295 0.656805 0.246491 0.024754
2 2 0.015512 0.043228 0.592649 0.325150 0.023460
2 2 0.019194 0.048337 0.567385 0.338428 0.026657
2 2 0.021026 0.046813 0.497526 0.405426 0.029210
2 2 0.018853 0.042667 0.479688 0.432188 0.026604
3 2 0.017325 0.037070 0.415294 0.505946 0.024366
3 2 0.019236 0.040608 0.431501 0.482419 0.026236
3 2 0.015632 0.030305 0.329474 0.602049 0.022541
3 2 0.016228 0.029122 0.292329 0.639881 0.022441
3 2 0.014981 0.024243 0.226114 0.715116 0.019547
3 2 0.012869 0.020432 0.194825 0.755296 0.016577
3 2 0.010562 0.015685 0.147104 0.813569 0.013079
3 2 0.009590 0.014622 0.144232 0.819527 0.012029
3 3 0.009415 0.012924 0.114976 0.851533 0.011153
3 3 0.011125 0.013494 0.101488 0.861540 0.012354
3 3 0.010307 0.011512 0.080847 0.886400 0.010934
3 3 0.011231 0.011931 0.077931 0.887298 0.011609
3 3 0.008837 0.009692 0.069161 0.903047 0.009263
3 3 0.009966 0.011123 0.078662 0.889687 0.010563
3 3 0.009236 0.010115 0.071344 0.899625 0.009679
3 3 0.007574 0.008952 0.071615 0.903609 0.008249
3 3 0.006830 0.008744 0.077926 0.898745 0.007756
3 3 0.007147 0.009040 0.078715 0.897030 0.008068
3 3 0.005172 0.006384 0.058263 0.924444 0.005737
3 3 0.004094 0.005046 0.048422 0.937915 0.004523
3 3 0.003244 0.003855 0.037409 0.951990 0.003503
3 3 0.002724 0.003289 0.033729 0.957299 0.002960
3 3 0.002610 0.003164 0.032886 0.958499 0.002841
3 3 0.003178 0.003783 0.036957 0.952647 0.003434
3 3 0.004757 0.005455 0.046879 0.937844 0.005065
3 3 0.006834 0.007576 0.057936 0.920474 0.007180
3 3 0.008658 0.009385 0.066446 0.906497 0.009015
3 3 0.008484 0.009214 0.065674 0.907787 0.008841
3 3 0.009195 0.009909 0.068790 0.902554 0.009552
3 3 0.008064 0.008801 0.063775 0.910940 0.008420
3 3 0.005820 0.006550 0.052757 0.928722 0.006151
3 3 0.003701 0.004344 0.040438 0.947540 0.003977
3 3 0.003113 0.003713 0.036508 0.953299 0.003367
3 3 0.003530 0.004162 0.039323 0.949187 0.003800
3 3 0.004162 0.004833 0.043338 0.943213 0.004454
3 3 0.004583 0.005275 0.045866 0.939390 0.004887
3 3 0.003029 0.003622 0.035925 0.954144 0.003280
3 3 0.002619 0.003174 0.032953 0.958404 0.002850
3 3 0.008449 0.009180 0.065516 0.908049 0.008806
3 3 0.015896 0.018672 0.124691 0.823302 0.017438
3 3 0.026155 0.036250 0.249544 0.656399 0.031652
3 3 0.025674 0.045026 0.382358 0.511573 0.035369
2 3 0.045383 0.087783 0.584301 0.231151 0.051383
2 2 0.089831 0.151553 0.583912 0.110208 0.064496
2 2 0.127450 0.211702 0.533598 0.055091 0.072159
2 2 0.083528 0.164942 0.636174 0.069751 0.045605
2 2 0.043133 0.118642 0.749212 0.056883 0.032131
2 1 0.056945 0.140959 0.714842 0.049760 0.037493
2 1 0.056575 0.144162 0.720900 0.042680 0.035682
2 1 0.048187 0.146645 0.738983 0.032093 0.034092
2 2 0.036990 0.118455 0.785269 0.033879 0.025407
2 2 0.034206 0.112533 0.793710 0.034615 0.024936
2 2 0.037414 0.118932 0.783579 0.034319 0.025756
2 2 0.042999 0.122423 0.758429 0.043848 0.032300
2 2 0.040386 0.115651 0.761889 0.049747 0.032326
2 1 0.049062 0.121591 0.719588 0.070756 0.039004
2 1 0.107551 0.184805 0.583338 0.065938 0.058368
2 1 0.158703 0.229813 0.475813 0.057564 0.078108
2 2 0.146206 0.241831 0.488489 0.044455 0.079019
2 2 0.157491 0.239239 0.484602 0.047673 0.070995
2 2 0.128698 0.223575 0.560340 0.039093 0.048294
2 2 0.165624 0.261071 0.496897 0.030556 0.045852
2 2 0.134245 0.240598 0.553888 0.030078 0.041191
2 1 0.120725 0.223065 0.578540 0.034542 0.043128
2 2 0.066883 0.164164 0.698887 0.035939 0.034128
2 2 0.073140 0.170422 0.681881 0.037819 0.036738
2 2 0.050339 0.132840 0.735024 0.047192 0.034605
2 2 0.026372 0.081151 0.771539 0.092247 0.028692
2 2 0.018742 0.061844 0.765135 0.129097 0.025182
2 2 0.020889 0.070546 0.791145 0.092142 0.025279
2 2 0.024868 0.080778 0.789984 0.077128 0.027241
2 2 0.020752 0.072434 0.807243 0.073645 0.025927
2 2 0.016307 0.059536 0.807198 0.091492 0.025466
2 2 0.008582 0.039722 0.842138 0.090752 0.018807
2 2 0.014022 0.056400 0.836703 0.068601 0.024275
2 2 0.013013 0.056778 0.857445 0.051620 0.021144
2 2 0.020059 0.075418 0.830129 0.050373 0.024020
2 2 0.019283 0.077512 0.843665 0.039039 0.020501
2 2 0.026219 0.097566 0.823511 0.031717 0.020988
2 2 0.025013 0.099033 0.832431 0.025693 0.017830
2 2 0.039832 0.128397 0.780090 0.028414 0.023267
2 2 0.027732 0.100496 0.816470 0.034876 0.020425
2 2 0.018558 0.075270 0.843107 0.044545 0.018520
2 2 0.012232 0.060037 0.878094 0.034928 0.014709
2 2 0.009413 0.047581 0.877708 0.050245 0.015053
2 2 0.007866 0.043061 0.889567 0.046036 0.013469
2 2 0.009639 0.047209 0.873500 0.052293 0.017360
2 2 0.010197 0.045347 0.846251 0.077525 0.020681
2 2 0.014514 0.053898 0.809794 0.093291 0.028503
2 2 0.019727 0.063627 0.780312 0.100272 0.036063
2 2 0.016816 0.055836 0.772705 0.121556 0.033086
2 2 0.013791 0.051193 0.801290 0.106336 0.027391
2 2 0.010745 0.045996 0.834971 0.086820 0.021468
2 2 0.007764 0.039311 0.866359 0.070568 0.015998
2 1 0.007460 0.041316 0.888607 0.049774 0.012843
2 1 0.053649 0.155628 0.740262 0.025738 0.024723
2 2 0.048832 0.141779 0.751063 0.031464 0.026862
2 0 0.031621 0.104873 0.797415 0.042215 0.023876
2 1 0.016206 0.060315 0.807528 0.094252 0.021700
2 1 0.013566 0.065558 0.786518 0.085893 0.048465
2 2 0.024818 0.161375 0.515199 0.024897 0.273711
4 2 0.032462 0.173705 0.251547 0.010203 0.532082
4 2 0.030850 0.122956 0.098584 0.002854 0.744755
4 4 0.039420 0.103654 0.072427 0.002298 0.782201
4 4 0.060752 0.081501 0.047572 0.001926 0.808249
4 4 0.064075 0.103212 0.071387 0.003545 0.757781
4 4 0.067096 0.109868 0.079276 0.004260 0.739500
4 4 0.080557 0.140310 0.123710 0.009815 0.645608
4 4 0.073637 0.135737 0.116105 0.008151 0.666369
4 4 0.095983 0.139542 0.122981 0.011597 0.629898
4 4 0.060074 0.158324 0.156048 0.010674 0.614881
4 4 0.072136 0.172749 0.187701 0.017512 0.549903
4 4 0.091942 0.169199 0.181528 0.021203 0.536129
4 4 0.127826 0.165179 0.167268 0.023751 0.515976
4 4 0.185043 0.147427 0.126071 0.019020 0.522439
4 4 0.204111 0.175051 0.163972 0.027304 0.429562
4 4 0.207723 0.194080 0.239484 0.050786 0.307928
2 4 0.106845 0.184158 0.459002 0.073013 0.176982
2 4 0.082540 0.203983 0.451683 0.050036 0.211758
2 4 0.093469 0.244961 0.366882 0.030497 0.264192
2 4 0.090569 0.248733 0.352352 0.028171 0.280176
2 4 0.087774 0.263473 0.411447 0.025383 0.211923
2 4 0.037629 0.213317 0.513899 0.017482 0.217674
2 4 0.025227 0.197526 0.469173 0.012717 0.295356
2 4 0.026775 0.196581 0.494601 0.014218 0.267825
2 4 0.023436 0.172991 0.585819 0.017120 0.200634
2 4 0.018701 0.128141 0.732179 0.022806 0.098173
2 4 0.016387 0.103091 0.796951 0.026950 0.056621
2 2 0.013542 0.081359 0.836076 0.031897 0.037126
2 2 0.011150 0.063320 0.856123 0.041429 0.027979
2 2 0.009980 0.050445 0.859778 0.059754 0.020043
2 2 0.016829 0.071082 0.834334 0.052170 0.025585
2 2 0.023987 0.101643 0.796486 0.037496 0.040388
2 2 0.029993 0.141123 0.736213 0.027277 0.065393
2 2 0.042455 0.159499 0.669680 0.036721 0.091645
2 2 0.052802 0.184410 0.637548 0.032487 0.092754
2 2 0.035435 0.144935 0.733135 0.029499 0.056996
2 2 0.018587 0.094563 0.803639 0.035321 0.047889
2 2 0.007135 0.041482 0.873968 0.055271 0.022144
2 2 0.004306 0.026721 0.881920 0.075321 0.011732
2 2 0.002930 0.021207 0.893552 0.073679 0.008632
2 2 0.002363 0.018399 0.892535 0.079489 0.007214
2 2 0.002271 0.017724 0.885918 0.087157 0.006930
2 2 0.003028 0.020434 0.859046 0.108939 0.008552
2 2 0.004034 0.024724 0.862250 0.098121 0.010871
2 2 0.004643 0.027791 0.863335 0.091414 0.012817
2 2 0.004100 0.025995 0.881984 0.076551 0.011371
2 2 0.004913 0.028866 0.876510 0.076696 0.013015
2 2 0.005524 0.031656 0.881962 0.066648 0.014209
2 2 0.008451 0.043293 0.878512 0.053478 0.016265
2 2 0.005533 0.033263 0.899184 0.048210 0.013810
2 2 0.006172 0.033821 0.878458 0.065725 0.015825
2 2 0.006741 0.035022 0.866284 0.075166 0.016786
2 2 0.009588 0.042686 0.843653 0.082028 0.022044
2 2 0.010411 0.043994 0.829093 0.093242 0.023260
2 2 0.010582 0.043777 0.819624 0.102669 0.023349
2 2 0.011204 0.043148 0.784385 0.137546 0.023717
2 2 0.013211 0.044978 0.732576 0.183105 0.026130
2 2 0.017454 0.048785 0.647374 0.255364 0.031023
2 2 0.019013 0.052956 0.669571 0.224639 0.033821
2 2 0.021216 0.058746 0.692559 0.190711 0.036768
2 2 0.009577 0.036428 0.731538 0.202457 0.020000
2 2 0.008140 0.032300 0.717945 0.224282 0.017333
2 2 0.006521 0.029417 0.760386 0.188808 0.014868
2 2 0.015454 0.055013 0.786962 0.116992 0.025579
2 2 0.033246 0.095543 0.760398 0.078638 0.032175
2 2 0.039956 0.108784 0.747286 0.069831 0.034142
2 2 0.040518 0.111386 0.749260 0.066467 0.032370
2 2 0.051488 0.136556 0.733718 0.046168 0.032070
2 0 0.078608 0.175598 0.666590 0.044000 0.035205
2 1 0.071892 0.170825 0.685117 0.041039 0.031125
2 1 0.037557 0.116722 0.774050 0.050811 0.020859
2 2 0.004892 0.032344 0.897698 0.057767 0.007298
2 2 0.003843 0.027247 0.896636 0.065957 0.006317
2 2 0.004281 0.030037 0.903770 0.055416 0.006496
2 2 0.004851 0.032924 0.902782 0.052748 0.006694
2 2 0.006048 0.035768 0.874878 0.075313 0.007993
2 2 0.007888 0.039087 0.825395 0.117828 0.009803
2 2 0.008634 0.042168 0.828574 0.110959 0.009665
2 2 0.009625 0.045425 0.827421 0.107290 0.010238
2 2 0.011479 0.050863 0.821175 0.105144 0.011339
2 2 0.010285 0.043438 0.773411 0.161412 0.011455
2 2 0.009789 0.041890 0.770016 0.167351 0.010954
2 2 0.010234 0.043464 0.775071 0.159967 0.011264
2 2 0.010331 0.044924 0.793272 0.140215 0.011256
2 2 0.012622 0.049317 0.766532 0.158207 0.013321
2 2 0.016446 0.054413 0.712461 0.199669 0.017012
2 2 0.013400 0.045439 0.689752 0.234717 0.016692
2 2 0.011345 0.037024 0.630191 0.303355 0.018085
2 2 0.009497 0.031305 0.596746 0.344770 0.017683
2 2 0.008390 0.027568 0.556184 0.391826 0.016033
2 2 0.008951 0.032717 0.660140 0.282348 0.015844
2 2 0.012603 0.041638 0.667989 0.258867 0.018904
2 2 0.008221 0.036501 0.778335 0.164288 0.012655
2 2 0.007321 0.030029 0.686323 0.264093 0.012234
2 2 0.006723 0.028352 0.681958 0.271715 0.011252
2 2 0.008210 0.029468 0.610278 0.338240 0.013803
2 2 0.008378 0.027132 0.531232 0.419085 0.014172
3 2 0.009365 0.026089 0.444309 0.505058 0.015179
3 2 0.007829 0.020570 0.359923 0.598496 0.013182
3 2 0.007408 0.019080 0.333681 0.627506 0.012324
3 2 0.008721 0.022471 0.373897 0.580356 0.014556
3 2 0.009073 0.023460 0.386590 0.565693 0.015184
3 2 0.011310 0.028036 0.414537 0.527675 0.018441
3 3 0.012334 0.030459 0.432677 0.505122 0.019408
3 3 0.011464 0.027935 0.406206 0.535744 0.018651
3 3 0.007468 0.018515 0.312278 0.649571 0.012168
3 3 0.005304 0.012132 0.208174 0.766168 0.008222
3 3 0.003713 0.008104 0.144997 0.837605 0.005581
3 3 0.003079 0.006205 0.106853 0.879442 0.004420
3 3 0.003409 0.006583 0.105884 0.879334 0.004789
3 3 0.003657 0.006712 0.100727 0.883901 0.005003
3 3 0.003962 0.007112 0.102401 0.881164 0.005361
3 3 0.004581 0.008396 0.119409 0.861333 0.006282
3 3 0.004558 0.008145 0.112977 0.868156 0.006165
3 3 0.003731 0.007555 0.124989 0.858340 0.005385
3 3 0.003556 0.007424 0.128203 0.855603 0.005214
3 3 0.004108 0.008888 0.153795 0.827055 0.006154
3 3 0.004486 0.009292 0.150538 0.829112 0.006572
3 3 0.004981 0.009983 0.152519 0.825339 0.007178
3 3 0.004441 0.008372 0.123481 0.857526 0.006181
3 3 0.004861 0.008702 0.119126 0.860724 0.006587
3 3 0.004810 0.007603 0.091614 0.889881 0.006092
3 3 0.004199 0.006192 0.071521 0.912975 0.005113
3 3 0.003750 0.005400 0.062358 0.923991 0.004501
3 3 0.003262 0.004537 0.052066 0.936300 0.003835
3 3 0.002847 0.003675 0.040107 0.950161 0.003210
3 3 0.002990 0.003669 0.037521 0.952538 0.003282
3 3 0.003617 0.004534 0.045521 0.942303 0.004026
3 3 0.004284 0.005766 0.060169 0.924816 0.004966
3 3 0.002526 0.003840 0.051281 0.939249 0.003105
3 3 0.002097 0.003566 0.055910 0.935695 0.002732
3 3 0.002165 0.003706 0.058117 0.933181 0.002832
3 3 0.002499 0.004194 0.062386 0.927680 0.003241
3 3 0.003924 0.005991 0.072891 0.912329 0.004864
3 3 0.003760 0.005633 0.067826 0.918169 0.004611
3 3 0.004402 0.006261 0.068869 0.915209 0.005259
3 3 0.003739 0.005234 0.058716 0.927892 0.004419
3 3 0.003118 0.004406 0.051951 0.936831 0.003695
3 3 0.003529 0.005000 0.057529 0.929747 0.004195
3 3 0.003943 0.005500 0.060738 0.925164 0.004655
3 3 0.003621 0.004962 0.054805 0.932383 0.004229
3 3 0.002573 0.003282 0.036145 0.955121 0.002878
3 3 0.001927 0.002467 0.029025 0.964430 0.002152
3 3 0.001588 0.002015 0.024468 0.970169 0.001760
3 3 0.002982 0.003571 0.035591 0.954626 0.003230
3 3 0.004400 0.005571 0.054152 0.930939 0.004937
3 3 0.006130 0.008985 0.094615 0.882791 0.007479
3 3 0.006927 0.011153 0.125836 0.847177 0.008907
3 3 0.008696 0.013315 0.135102 0.831969 0.010918
3 3 0.010951 0.016609 0.157689 0.801026 0.013725
3 3 0.014083 0.021036 0.184510 0.762799 0.017572
3 3 0.009954 0.016192 0.168934 0.791979 0.012941
3 3 0.006256 0.010543 0.127714 0.847252 0.008234
3 3 0.005370 0.008972 0.111677 0.866960 0.007020
3 3 0.005890 0.010033 0.124666 0.851620 0.007791
3 3 0.005414 0.009748 0.130832 0.846634 0.007371
3 3 0.005281 0.009395 0.125300 0.852885 0.007140
3 3 0.005595 0.010070 0.134041 0.842674 0.007619
3 3 0.008787 0.015078 0.171235 0.793161 0.011738
3 2 0.010956 0.020097 0.230071 0.723644 0.015231
3 2 0.016879 0.031493 0.323373 0.604390 0.023864
3 2 0.025678 0.047293 0.416990 0.473683 0.036356
2 4 0.048856 0.087364 0.505543 0.297629 0.060608
2 4 0.053584 0.120705 0.510817 0.184092 0.130803
2 4 0.061224 0.178609 0.368829 0.070089 0.321249
2 4 0.047634 0.180278 0.376186 0.048647 0.347254
4 4 0.061621 0.179992 0.223961 0.023418 0.511008
4 4 0.108096 0.170793 0.207323 0.037019 0.476769
4 1 0.118015 0.175840 0.218973 0.043783 0.443388
4 1 0.136783 0.194056 0.286557 0.082657 0.299947
2 4 0.106944 0.192948 0.403467 0.100453 0.196189
2 4 0.059682 0.112496 0.585932 0.179915 0.061975
2 4 0.040151 0.117069 0.698273 0.078813 0.065695
2 4 0.028030 0.099124 0.690887 0.092380 0.089579
2 4 0.036937 0.095968 0.566348 0.205901 0.094845
2 4 0.043053 0.109992 0.545211 0.183314 0.118430
2 4 0.030427 0.073277 0.577385 0.258575 0.060337
2 4 0.019080 0.059504 0.662984 0.215238 0.043193
2 1 0.018775 0.086330 0.717989 0.096866 0.080040
2 2 0.021628 0.112993 0.692302 0.050206 0.122871
2 2 0.034706 0.145518 0.620233 0.044748 0.154794
2 2 0.028402 0.111457 0.721733 0.054707 0.083701
2 2 0.020189 0.082730 0.780887 0.060863 0.055331
2 2 0.015169 0.063930 0.808749 0.070732 0.041420
2 2 0.016720 0.060905 0.782811 0.101141 0.038423
2 2 0.012607 0.047912 0.801510 0.111365 0.026607
2 2 0.011631 0.046720 0.799488 0.115697 0.026464
2 2 0.007832 0.041316 0.837440 0.090207 0.023206
2 2 0.012920 0.069082 0.809024 0.059844 0.049129
2 2 0.019822 0.104818 0.759087 0.038299 0.077974
2 2 0.027032 0.163409 0.578098 0.024808 0.206653
2 2 0.021890 0.170765 0.452572 0.015847 0.338926
2 2 0.018828 0.171635 0.424770 0.012118 0.372649
2 2 0.022659 0.172032 0.446210 0.016167 0.342932
2 4 0.019876 0.152616 0.550271 0.022336 0.254900
2 4 0.021687 0.169225 0.450940 0.017735 0.340413
4 4 0.024353 0.175175 0.339338 0.012206 0.448928
4 4 0.031538 0.177789 0.311645 0.013116 0.465913
2 4 0.024123 0.177410 0.401334 0.014915 0.382217
4 4 0.018132 0.175849 0.362074 0.009457 0.434489
4 4 0.029357 0.166224 0.190519 0.006897 0.607003
4 4 0.038085 0.174686 0.232186 0.011207 0.543837
4 4 0.047209 0.170707 0.222808 0.012567 0.546710
2 4 0.028085 0.173492 0.444141 0.020258 0.334023
2 1 0.020239 0.163980 0.565932 0.016720 0.233129
2 4 0.022111 0.154841 0.587562 0.022138 0.213347
2 4 0.017413 0.136532 0.628464 0.022396 0.195196
2 4 0.012305 0.097163 0.761699 0.027534 0.101299
2 4 0.008875 0.090921 0.782657 0.020274 0.097273
2 1 0.010648 0.083565 0.799192 0.029375 0.077220
2 2 0.008363 0.070332 0.834601 0.028315 0.058389
2 2 0.007885 0.058430 0.849083 0.042063 0.042539
2 2 0.005899 0.044502 0.872107 0.049653 0.027840
2 2 0.005482 0.036606 0.870559 0.067324 0.020030
2 2 0.006752 0.041145 0.856091 0.072395 0.023616
2 2 0.008093 0.044714 0.827309 0.092579 0.027305
2 2 0.011870 0.064687 0.799770 0.074894 0.048779
2 2 0.012771 0.071442 0.801371 0.058551 0.055866
2 2 0.011550 0.073908 0.818259 0.038838 0.057444
2 2 0.009583 0.071049 0.848236 0.028015 0.043117
2 2 0.007188 0.063273 0.870097 0.022859 0.036583
2 2 0.005685 0.054649 0.885332 0.022218 0.032116
2 2 0.005924 0.056595 0.883892 0.021475 0.032114
2 2 0.004618 0.044876 0.904640 0.022616 0.023249
2 2 0.005124 0.042992 0.896296 0.030730 0.024858
2 2 0.006628 0.054044 0.871145 0.031175 0.037008
2 2 0.007969 0.061533 0.852632 0.032528 0.045337
2 2 0.006864 0.060991 0.867485 0.024857 0.039803
2 2 0.006776 0.056596 0.874954 0.027245 0.034429
2 2 0.009322 0.068882 0.851352 0.028694 0.041749
2 1 0.022188 0.110060 0.774414 0.033901 0.059437
2 2 0.036610 0.148253 0.731815 0.028357 0.054965
2 2 0.044831 0.151638 0.728563 0.030869 0.044099
2 2 0.033336 0.128313 0.780638 0.026658 0.031054
2 2 0.002200 0.018679 0.913451 0.059698 0.005973
2 2 0.002647 0.021221 0.911388 0.058385 0.006359
2 2 0.003545 0.025419 0.902411 0.061105 0.007520
2 2 0.004657 0.030669 0.900296 0.055638 0.008739
2 2 0.003966 0.028031 0.907875 0.052416 0.007711
2 2 0.003977 0.028759 0.914641 0.045135 0.007488
2 2 0.003882 0.027771 0.910259 0.050411 0.007677
2 2 0.004874 0.032701 0.910501 0.043018 0.008905
2 2 0.004409 0.030526 0.911814 0.044869 0.008382
2 2 0.004023 0.030812 0.928725 0.029303 0.007138
2 2 0.004858 0.033835 0.918256 0.034766 0.008284
2 2 0.005384 0.035621 0.911559 0.038601 0.008834
2 2 0.005354 0.034542 0.905196 0.045735 0.009173
2 2 0.003715 0.027897 0.922052 0.038761 0.007575
2 2 0.002249 0.020336 0.934563 0.037155 0.005697
2 2 0.001921 0.017545 0.927359 0.047339 0.005835
2 2 0.001959 0.017015 0.911424 0.063577 0.006025
2 2 0.002298 0.018452 0.897616 0.075170 0.006464
2 2 0.002544 0.020301 0.902427 0.068723 0.006006
2 2 0.003337 0.024594 0.902575 0.062738 0.006757
2 2 0.003510 0.024730 0.890452 0.074215 0.007094
2 2 0.004098 0.027173 0.887464 0.073090 0.008175
2 2 0.004194 0.028628 0.904029 0.054625 0.008525
2 2 0.003672 0.026279 0.908743 0.053117 0.008189
2 2 0.002940 0.023108 0.916535 0.050578 0.006839
2 2 0.003429 0.025436 0.909554 0.054541 0.007039
2 2 0.004290 0.029424 0.904171 0.054233 0.007882
2 2 0.004287 0.029064 0.899860 0.058881 0.007908
2 2 0.003381 0.024171 0.893585 0.071699 0.007163
2 2 0.002854 0.020594 0.873999 0.095680 0.006873
2 2 0.002840 0.020086 0.864662 0.105222 0.007190
2 2 0.002603 0.019155 0.871261 0.100156 0.006825
2 2 0.002742 0.019459 0.865361 0.104844 0.007593
2 2 0.002536 0.017683 0.836871 0.135656 0.007254
2 2 0.002790 0.018882 0.840555 0.129907 0.007866
2 2 0.002825 0.018933 0.836517 0.133803 0.007922
2 2 0.002889 0.019249 0.838265 0.131517 0.008080
2 2 0.002381 0.017726 0.867058 0.105764 0.007071
2 2 0.002276 0.017890 0.890368 0.082488 0.006978
2 2 0.001811 0.015709 0.899790 0.076847 0.005843
2 2 0.002271 0.017975 0.893790 0.078972 0.006992
2 2 0.002519 0.018821 0.881984 0.089159 0.007516
2 2 0.004327 0.024752 0.832507 0.127204 0.011210
2 2 0.004843 0.025606 0.803359 0.154180 0.012013
2 2 0.006348 0.030112 0.793703 0.154934 0.014903
2 2 0.005775 0.029879 0.833126 0.116980 0.014240
2 2 0.009634 0.041401 0.824395 0.102899 0.021671
2 2 0.008851 0.040494 0.844924 0.085111 0.020620
2 2 0.010981 0.046875 0.837522 0.082491 0.022131
2 2 0.009318 0.042953 0.845768 0.084344 0.017617
2 2 0.010236 0.048185 0.859093 0.066605 0.015881
2 2 0.008772 0.043808 0.860399 0.074225 0.012795
2 2 0.011952 0.053519 0.846016 0.074019 0.014494
2 2 0.007767 0.039196 0.841688 0.100485 0.010863
2 2 0.005701 0.030971 0.832078 0.121618 0.009632
2 2 0.004850 0.026854 0.811626 0.147640 0.009029
2 2 0.004609 0.024585 0.778565 0.182705 0.009536
2 2 0.005706 0.028345 0.778277 0.176871 0.010802
2 2 0.005543 0.027035 0.761691 0.194491 0.011240
2 2 0.007480 0.035001 0.807178 0.136444 0.013896
2 2 0.009803 0.041700 0.791465 0.142408 0.014623
2 2 0.009755 0.043116 0.813718 0.119196 0.014214
2 2 0.013523 0.053807 0.808731 0.106752 0.017187
2 2 0.024058 0.082625 0.801447 0.070165 0.021705
2 2 0.028453 0.097603 0.805111 0.047005 0.021829
2 2 0.015436 0.063069 0.833769 0.070962 0.016765
2 2 0.010344 0.044776 0.814020 0.115705 0.015154
2 2 0.011445 0.047259 0.805502 0.119311 0.016483
2 2 0.014027 0.055558 0.815954 0.095763 0.018697
2 2 0.015413 0.059346 0.816228 0.088652 0.020362
2 2 0.015321 0.056762 0.796093 0.110938 0.020886
2 2 0.015228 0.055423 0.785535 0.122624 0.021189
2 2 0.015253 0.053878 0.766763 0.142803 0.021303
2 2 0.015955 0.053280 0.738429 0.170046 0.022290
2 2 0.016126 0.054785 0.746625 0.161693 0.020770
2 2 0.014653 0.050212 0.726326 0.190177 0.018632
2 2 0.010122 0.039467 0.730071 0.206028 0.014312
2 2 0.008413 0.035981 0.752355 0.190827 0.012424
2 2 0.008924 0.038333 0.768439 0.171719 0.012584
2 2 0.008686 0.036090 0.743059 0.198797 0.013368
2 2 0.006211 0.029017 0.753737 0.199459 0.011576
2 2 0.005209 0.023718 0.693861 0.265550 0.011661
2 2 0.006787 0.028836 0.716486 0.233505 0.014385
2 2 0.007625 0.030643 0.708284 0.237124 0.016323
2 2 0.007516 0.032756 0.768197 0.175631 0.015900
2 2 0.007231 0.034870 0.822161 0.121751 0.013987
2 2 0.008670 0.043145 0.859531 0.075404 0.013251
2 2 0.011167 0.051237 0.848828 0.074856 0.013911
2 2 0.012696 0.061616 0.871737 0.041479 0.012472
2 2 0.022934 0.089101 0.830597 0.040582 0.016786
2 2 0.032837 0.112602 0.800468 0.032759 0.021335
2 2 0.042000 0.129916 0.771535 0.031191 0.025358
2 1 0.047155 0.131005 0.748553 0.041122 0.032164
2 2 0.046661 0.126693 0.745268 0.046539 0.034839
2 2 0.066947 0.144734 0.688905 0.052933 0.046482
2 1 0.081008 0.154751 0.656362 0.051567 0.056312
2 1 0.118367 0.194012 0.571959 0.045484 0.070178
2 1 0.097007 0.171062 0.616200 0.057408 0.058323
2 1 0.267962 0.229525 0.357995 0.048545 0.095974
0 1 0.385206 0.246109 0.246488 0.031008 0.091189
0 1 0.380952 0.288381 0.230522 0.019784 0.080361
0 1 0.419788 0.290157 0.213672 0.015453 0.060930
0 1 0.530062 0.251062 0.151033 0.009564 0.058279
0 1 0.515888 0.244090 0.158925 0.012758 0.068339
0 0 0.554729 0.226244 0.137958 0.011011 0.070059
0 1 0.466483 0.249062 0.186414 0.019431 0.078611
0 1 0.444368 0.244833 0.198008 0.024977 0.087814
0 1 0.440147 0.231185 0.184608 0.025140 0.118921
1 1 0.257263 0.263268 0.235589 0.024328 0.219552
2 1 0.144626 0.281265 0.315908 0.026003 0.232198
4 2 0.047990 0.196532 0.322374 0.024788 0.408315
2 2 0.034838 0.166818 0.506664 0.033273 0.258407
2 2 0.019693 0.105929 0.687880 0.068440 0.118058
2 2 0.018707 0.098552 0.691840 0.084169 0.106732
2 4 0.016756 0.094064 0.711402 0.078620 0.099158
2 4 0.022023 0.132320 0.622883 0.043106 0.179669
2 1 0.027960 0.153323 0.561816 0.031936 0.224966
2 1 0.038443 0.173486 0.605006 0.032334 0.150731
2 2 0.043378 0.175255 0.659489 0.029063 0.092815
2 2 0.049961 0.188275 0.667259 0.024718 0.069786
2 1 0.167390 0.239266 0.482175 0.049348 0.061820
2 1 0.151948 0.260215 0.479622 0.035047 0.073168
2 1 0.085740 0.192765 0.618660 0.042515 0.060320
2 1 0.046113 0.129754 0.722726 0.052244 0.049163
2 1 0.033892 0.090254 0.723404 0.103015 0.049436
2 1 0.037452 0.094324 0.716346 0.101942 0.049936
2 2 0.042056 0.115186 0.719054 0.069047 0.054657
2 2 0.034532 0.130595 0.748687 0.035585 0.050601
2 2 0.036579 0.133639 0.755634 0.032343 0.041805
2 2 0.061678 0.184514 0.662391 0.031802 0.059614
2 1 0.087660 0.236088 0.578126 0.026157 0.071969
2 1 0.092100 0.271570 0.516109 0.020611 0.099611
2 1 0.091790 0.245333 0.539568 0.027892 0.095417
2 2 0.111954 0.249246 0.509259 0.033377 0.096165
2 2 0.171486 0.299277 0.392061 0.024375 0.112802
2 2 0.103897 0.267339 0.518425 0.023572 0.086767
2 2 0.084026 0.248007 0.572206 0.021618 0.074143
2 2 0.086025 0.236068 0.560452 0.028261 0.089194
2 2 0.084742 0.246095 0.542611 0.025692 0.100860
2 2 0.073788 0.246381 0.538087 0.023008 0.118736
2 2 0.032717 0.156460 0.694569 0.026974 0.089280
2 2 0.046198 0.196832 0.628774 0.023727 0.104469
2 2 0.058291 0.210841 0.625320 0.023487 0.082061
2 2 0.044882 0.161902 0.717462 0.027155 0.048599
2 2 0.036669 0.125212 0.780160 0.030294 0.027664
2 2 0.033305 0.129402 0.784680 0.024466 0.028147
2 2 0.042151 0.152057 0.744494 0.025076 0.036221
2 2 0.035650 0.149712 0.734589 0.026270 0.053779
2 2 0.028017 0.118116 0.769612 0.036821 0.047434
2 2 0.021756 0.118044 0.778805 0.026120 0.055275
2 2 0.040271 0.173707 0.678897 0.025372 0.081753
2 2 0.060415 0.200370 0.631099 0.028268 0.079848
2 2 0.068362 0.199448 0.641208 0.029418 0.061564
2 2 0.081410 0.220130 0.608298 0.027556 0.062606
2 4 0.080960 0.223232 0.598036 0.027770 0.070002
2 4 0.090606 0.230469 0.506051 0.037977 0.134897
4 4 0.058250 0.200256 0.314954 0.029940 0.396600
4 4 0.040278 0.187236 0.247003 0.017899 0.507585
4 4 0.025301 0.170818 0.230329 0.012916 0.560636
4 4 0.027156 0.157427 0.228169 0.017458 0.569790
4 4 0.034389 0.138258 0.181655 0.015871 0.629827
4 4 0.048091 0.120876 0.130364 0.011483 0.689186
4 4 0.059664 0.110266 0.107540 0.010157 0.712374
4 4 0.057308 0.121703 0.125848 0.011852 0.683289
4 4 0.057751 0.118869 0.121292 0.011427 0.690661
4 4 0.061689 0.115184 0.113050 0.010719 0.699359
4 1 0.092385 0.086508 0.060886 0.005309 0.754912
4 4 0.104624 0.083535 0.060121 0.006429 0.745290
4 4 0.123397 0.092089 0.082046 0.015137 0.687331
4 4 0.150643 0.092670 0.097785 0.031811 0.627091
4 4 0.164568 0.086926 0.087996 0.030201 0.630310
4 4 0.136727 0.088145 0.099254 0.035770 0.640104
4 4 0.090342 0.063448 0.049105 0.007024 0.790081
4 4 0.086913 0.063829 0.046818 0.005683 0.796757
4 4 0.098397 0.087874 0.081680 0.013966 0.718083
4 4 0.096126 0.081874 0.063519 0.007565 0.750916
4 4 0.118676 0.097157 0.081519 0.012008 0.690640
4 1 0.124507 0.112227 0.106921 0.019088 0.637258
4 1 0.160073 0.124981 0.135101 0.036736 0.543109
4 4 0.152878 0.146631 0.200461 0.075712 0.424318
4 4 0.059966 0.111820 0.081868 0.004012 0.742334
4 4 0.054559 0.117798 0.089899 0.004199 0.733544
4 4 0.049876 0.133801 0.113349 0.005430 0.697544
4 4 0.059751 0.132581 0.111183 0.006248 0.690236
4 1 0.064922 0.151062 0.142266 0.009905 0.631846
4 4 0.060948 0.146585 0.134218 0.008499 0.649751
4 4 0.049316 0.120920 0.094372 0.004102 0.731290
4 4 0.050606 0.103272 0.071480 0.002832 0.771811
4 4 0.064091 0.079839 0.045913 0.001930 0.808227
4 4 0.105372 0.085568 0.052290 0.003801 0.752969
4 4 0.134470 0.083129 0.054069 0.005882 0.722450
4 4 0.137704 0.063515 0.036934 0.004148 0.757699
4 4 0.132002 0.043431 0.020695 0.002060 0.801812
4 4 0.160228 0.062178 0.040331 0.006845 0.730417
4 4 0.171377 0.077692 0.067824 0.019330 0.663777
4 4 0.180898 0.083298 0.085721 0.034850 0.615233
4 4 0.136526 0.061590 0.053292 0.015007 0.733585
4 4 0.162143 0.044341 0.025689 0.004748 0.763079
4 4 0.153270 0.041807 0.021689 0.003134 0.780099
4 4 0.137461 0.047099 0.028398 0.004623 0.782418
4 4 0.128499 0.037903 0.023061 0.004436 0.806102
4 4 0.119253 0.029010 0.014889 0.002355 0.834493
4 4 0.145314 0.037587 0.023245 0.005263 0.788590
4 4 0.168438 0.052334 0.036961 0.009433 0.732834
4 4 0.174134 0.058937 0.035129 0.005621 0.726179
4 4 0.183543 0.065573 0.036302 0.004661 0.709922
4 4 0.172710 0.094026 0.068934 0.011081 0.653248
4 4 0.199148 0.098247 0.082446 0.019746 0.600413
4 4 0.207333 0.092288 0.076494 0.019682 0.604203
4 4 0.164778 0.089652 0.081019 0.020911 0.643640
4 4 0.148522 0.076226 0.069891 0.019761 0.685601
4 4 0.215859 0.058465 0.048034 0.019646 0.657995
4 4 0.292234 0.062882 0.066259 0.059147 0.519479
4 4 0.304186 0.067167 0.086420 0.117842 0.424385
4 4 0.271475 0.071030 0.080310 0.069544 0.507641
4 1 0.233043 0.070437 0.061920 0.026482 0.608118
