4 0 0.235347 0.108652 0.041124 0.003959 0.610919
4 0 0.141747 0.120964 0.050554 0.002455 0.684280
4 0 0.132798 0.162574 0.085120 0.002954 0.616554
4 0 0.136663 0.149099 0.072722 0.002969 0.638547
4 0 0.133320 0.150332 0.074208 0.002538 0.639603
4 0 0.138154 0.112152 0.044687 0.002012 0.702995
4 0 0.136034 0.096497 0.034900 0.001528 0.731041
4 0 0.139672 0.079248 0.025034 0.001553 0.754494
4 0 0.136931 0.119068 0.049528 0.002047 0.692426
4 0 0.136011 0.116853 0.048066 0.001904 0.697166
4 0 0.134119 0.122931 0.052540 0.001854 0.688556
4 0 0.139281 0.099118 0.036278 0.001849 0.723474
4 0 0.137858 0.142779 0.067350 0.002894 0.649120
4 0 0.140658 0.125121 0.053508 0.002657 0.678057
4 0 0.136884 0.155206 0.077934 0.003279 0.626697
4 0 0.136008 0.132929 0.059790 0.002312 0.668961
4 0 0.140216 0.120395 0.050173 0.002455 0.686760
4 0 0.144243 0.100487 0.036801 0.002397 0.716072
4 0 0.148388 0.125051 0.053137 0.003016 0.670408
4 0 0.154363 0.145705 0.069023 0.003715 0.627194
4 0 0.190150 0.127629 0.054329 0.003845 0.624046
4 0 0.212853 0.117388 0.046964 0.003831 0.618963
4 0 0.240183 0.155984 0.077469 0.005740 0.520624
4 0 0.205265 0.185594 0.106380 0.006362 0.496399
4 0 0.197852 0.194667 0.116457 0.006705 0.484318
4 0 0.127483 0.204519 0.129813 0.004640 0.533545
4 0 0.137982 0.141486 0.066291 0.002862 0.651379
4 0 0.136756 0.119250 0.049671 0.002033 0.692290
4 0 0.138857 0.101124 0.037537 0.001849 0.720632
4 0 0.139882 0.094150 0.033271 0.001811 0.730886
4 0 0.143706 0.092572 0.032137 0.002152 0.729433
4 0 0.155673 0.091717 0.031381 0.002507 0.718721
4 0 0.224459 0.079097 0.024497 0.001767 0.670180
4 0 0.279614 0.090049 0.030327 0.002794 0.597216
4 0 0.399300 0.105073 0.040910 0.005837 0.448880
0 0 0.429101 0.103535 0.040635 0.006078 0.420653
4 0 0.393722 0.109629 0.043831 0.006585 0.446232
4 0 0.249770 0.092800 0.031711 0.002905 0.622813
4 0 0.218791 0.086785 0.028426 0.002287 0.663712
4 0 0.312493 0.088197 0.029539 0.002792 0.566979
4 0 0.385757 0.076791 0.024210 0.002176 0.511066
0 0 0.494150 0.062362 0.018346 0.001583 0.423559
0 0 0.622654 0.050140 0.014380 0.001331 0.311495
0 0 0.707393 0.050884 0.016476 0.002162 0.223085
0 0 0.776977 0.043697 0.014600 0.002240 0.162486
0 0 0.803318 0.028393 0.007575 0.000747 0.159968
0 0 0.724005 0.028554 0.006606 0.000435 0.240399
0 0 0.707354 0.036840 0.009698 0.000821 0.245287
0 0 0.683621 0.045883 0.013399 0.001374 0.255723
0 0 0.666269 0.048176 0.014180 0.001451 0.269924
4 0 0.433150 0.059469 0.016408 0.001168 0.489804
4 0 0.330620 0.050690 0.012269 0.000602 0.605819
0 0 0.488488 0.068440 0.021251 0.002043 0.419778
4 0 0.325049 0.083654 0.027206 0.002451 0.561640
4 0 0.373068 0.076929 0.024153 0.002124 0.523726
4 0 0.375218 0.072054 0.021751 0.001766 0.529211
4 0 0.397049 0.064406 0.018331 0.001345 0.518870
0 0 0.465937 0.065555 0.019535 0.001686 0.447287
0 0 0.475286 0.063539 0.018680 0.001581 0.440914
0 0 0.520801 0.056533 0.015955 0.001294 0.405417
0 0 0.767062 0.055958 0.021995 0.004751 0.150235
0 0 0.817095 0.038962 0.013353 0.002301 0.128288
0 0 0.863773 0.030569 0.010365 0.001902 0.093392
0 0 0.893244 0.029477 0.011396 0.003001 0.062882
0 0 0.924739 0.023752 0.009923 0.003448 0.038138
0 0 0.866760 0.041401 0.018822 0.006744 0.066274
0 0 0.820171 0.056810 0.027947 0.010213 0.084859
0 0 0.708356 0.080115 0.037184 0.010816 0.163528
4 0 0.388169 0.124190 0.054279 0.009185 0.424177
4 0 0.276267 0.126843 0.053700 0.006547 0.536643
4 0 0.232985 0.126957 0.053410 0.005766 0.580882
4 0 0.335365 0.095696 0.033996 0.003732 0.531211
0 0 0.532689 0.068003 0.021734 0.002316 0.375258
0 0 0.747147 0.039852 0.011758 0.001328 0.199915
0 0 0.858915 0.022016 0.005842 0.000626 0.112601
0 0 0.908724 0.010553 0.002176 0.000154 0.078393
0 0 0.948024 0.003192 0.000422 0.000014 0.048350
0 0 0.975276 0.001289 0.000140 0.000004 0.023291
0 0 0.991674 0.000776 0.000101 0.000005 0.007444
0 0 0.989966 0.001264 0.000201 0.000014 0.008555
0 0 0.984245 0.001980 0.000334 0.000024 0.013417
0 0 0.973812 0.003138 0.000552 0.000038 0.022460
0 0 0.927706 0.007678 0.001454 0.000092 0.063070
0 0 0.898695 0.013830 0.003204 0.000282 0.083990
0 0 0.894274 0.016242 0.004079 0.000421 0.084984
0 0 0.938840 0.012784 0.003633 0.000564 0.044180
0 0 0.929551 0.011774 0.002936 0.000332 0.055407
0 0 0.926935 0.012849 0.003331 0.000405 0.056480
0 0 0.901272 0.019959 0.005957 0.000906 0.071906
0 0 0.886813 0.024936 0.008092 0.001421 0.078737
0 0 0.806391 0.040398 0.013772 0.002306 0.137133
0 0 0.691142 0.056226 0.018986 0.002676 0.230971
0 0 0.736614 0.054217 0.019361 0.003252 0.186556
0 0 0.557203 0.080182 0.029240 0.004230 0.329145
4 0 0.301164 0.107461 0.040735 0.004943 0.545697
4 0 0.232671 0.141276 0.064724 0.005273 0.556056
4 0 0.263440 0.106677 0.039999 0.004072 0.585812
4 0 0.330567 0.103815 0.038832 0.004732 0.522054
4 0 0.369621 0.107657 0.041960 0.005821 0.474942
0 0 0.445028 0.093846 0.034773 0.004668 0.421686
0 0 0.514786 0.080747 0.028464 0.003673 0.372330
0 0 0.731259 0.048295 0.015729 0.002151 0.202566
0 0 0.765330 0.041893 0.013244 0.001775 0.177758
0 0 0.861768 0.030823 0.010426 0.001895 0.095088
0 0 0.891324 0.027864 0.010123 0.002307 0.068382
0 0 0.931393 0.020748 0.008144 0.002515 0.037199
0 0 0.948314 0.018223 0.008306 0.003951 0.021205
0 0 0.927901 0.023801 0.010438 0.004115 0.033745
0 0 0.871892 0.042184 0.020607 0.008860 0.056457
0 0 0.779831 0.072052 0.038932 0.015135 0.094050
0 0 0.823865 0.052098 0.023591 0.007682 0.092764
0 0 0.804384 0.051473 0.021174 0.005356 0.117612
0 0 0.850399 0.036198 0.013223 0.002782 0.097398
0 0 0.842802 0.035649 0.012479 0.002356 0.106714
0 0 0.793122 0.045037 0.016032 0.002890 0.142919
0 0 0.794737 0.044920 0.016031 0.002913 0.141400
0 0 0.810004 0.050649 0.020969 0.005431 0.112946
0 0 0.861055 0.039815 0.016691 0.004894 0.077545
0 0 0.711764 0.060702 0.022438 0.003941 0.201155
0 0 0.511865 0.088774 0.033313 0.004904 0.361145
4 0 0.423015 0.075471 0.023958 0.002266 0.475290
4 0 0.361432 0.103063 0.038847 0.004973 0.491685
4 0 0.262511 0.126229 0.053840 0.003557 0.553864
4 0 0.332272 0.128213 0.056437 0.004765 0.478312
0 0 0.371832 0.187273 0.120075 0.009655 0.311165
4 0 0.241109 0.243864 0.195192 0.008224 0.311610
0 0 0.406916 0.196691 0.142136 0.010365 0.243892
0 0 0.501070 0.163877 0.108614 0.011490 0.214949
0 0 0.552274 0.127623 0.068568 0.010835 0.240700
0 0 0.526110 0.126825 0.064901 0.011012 0.271151
0 0 0.462775 0.147476 0.080841 0.009932 0.298976
0 0 0.324345 0.208405 0.145164 0.008621 0.313465
0 0 0.260305 0.252262 0.220558 0.009136 0.257739
2 0 0.160728 0.290836 0.314796 0.007719 0.225921
2 0 0.131323 0.296143 0.326614 0.006476 0.239443
2 0 0.124691 0.300550 0.351052 0.006727 0.216980
1 0 0.248249 0.267013 0.264665 0.010976 0.209097
0 0 0.338235 0.235868 0.209431 0.012516 0.203950
0 0 0.437633 0.197458 0.153975 0.014730 0.196203
0 0 0.545106 0.153085 0.101890 0.011727 0.188192
0 0 0.552868 0.141507 0.086000 0.009946 0.209679
0 0 0.491358 0.167870 0.112880 0.010956 0.216936
0 0 0.440550 0.183519 0.126912 0.011591 0.237428
0 0 0.508137 0.155318 0.097112 0.010095 0.229338
0 0 0.643541 0.099604 0.049352 0.008680 0.198824
0 0 0.763045 0.060160 0.024861 0.005972 0.145962
0 0 0.794945 0.051592 0.020583 0.004789 0.128091
0 0 0.740956 0.060546 0.023754 0.004933 0.169811
0 0 0.800786 0.041943 0.014466 0.002463 0.140342
0 0 0.879315 0.024136 0.007378 0.001118 0.088052
0 0 0.931200 0.013712 0.003835 0.000558 0.050695
0 0 0.932185 0.011688 0.002957 0.000348 0.052821
0 0 0.975429 0.003854 0.000793 0.000078 0.019846
0 0 0.989604 0.001709 0.000322 0.000032 0.008333
0 0 0.996594 0.000625 0.000108 0.000012 0.002660
0 0 0.997911 0.000541 0.000111 0.000020 0.001416
0 0 0.998657 0.000410 0.000090 0.000021 0.000822
0 0 0.998522 0.000485 0.000115 0.000031 0.000848
0 0 0.999016 0.000319 0.000070 0.000018 0.000577
0 0 0.999241 0.000264 0.000060 0.000017 0.000418
0 0 0.999286 0.000257 0.000060 0.000018 0.000379
0 0 0.998066 0.000657 0.000168 0.000049 0.001059
0 0 0.997142 0.000961 0.000257 0.000076 0.001564
0 0 0.993812 0.001908 0.000527 0.000138 0.003613
0 0 0.990041 0.003029 0.000887 0.000234 0.005808
0 0 0.967473 0.009855 0.003439 0.000993 0.018239
0 0 0.939030 0.019502 0.007982 0.002805 0.030681
0 0 0.781793 0.048951 0.018001 0.003427 0.147826
0 0 0.560172 0.097408 0.041152 0.008230 0.293039
4 0 0.378139 0.111037 0.044411 0.006572 0.459842
4 0 0.168930 0.118680 0.048303 0.002997 0.661090
4 0 0.137945 0.148729 0.072249 0.003156 0.637922
4 0 0.141978 0.135588 0.061210 0.003240 0.657984
4 0 0.139445 0.132812 0.059341 0.002752 0.665650
4 0 0.189039 0.132583 0.057997 0.004087 0.616295
4 0 0.317891 0.149052 0.073112 0.007232 0.452713
0 0 0.495513 0.115956 0.052600 0.009267 0.326664
0 0 0.685577 0.082016 0.036809 0.009648 0.185950
0 0 0.777085 0.058501 0.024606 0.006276 0.133532
0 0 0.829029 0.053497 0.025769 0.009789 0.081916
0 0 0.741633 0.081209 0.042579 0.011165 0.123415
0 0 0.615283 0.132968 0.088407 0.018395 0.144947
2 0 0.189880 0.283909 0.298262 0.010815 0.217135
2 0 0.118241 0.304450 0.389535 0.008125 0.179648
2 0 0.081494 0.308726 0.440644 0.006379 0.162757
2 0 0.098184 0.307488 0.402489 0.007617 0.184223
2 0 0.124270 0.302047 0.361224 0.008513 0.203945
4 0 0.224176 0.257591 0.222335 0.009309 0.286589
4 0 0.264955 0.236549 0.184504 0.009847 0.304144
4 0 0.260359 0.221039 0.155625 0.009900 0.353077
0 0 0.340240 0.198170 0.130918 0.011985 0.318686
0 0 0.483917 0.143520 0.078495 0.011553 0.282514
0 0 0.601386 0.090011 0.037684 0.007705 0.263213
0 0 0.653305 0.074030 0.028737 0.005257 0.238671
0 0 0.741944 0.067031 0.028749 0.007296 0.154980
0 0 0.779779 0.060158 0.026208 0.007267 0.126587
0 0 0.856777 0.044380 0.020387 0.007322 0.071134
0 0 0.881057 0.036587 0.016092 0.005522 0.060742
0 0 0.885452 0.031038 0.011935 0.003043 0.068533
0 0 0.895704 0.029866 0.011904 0.003382 0.059144
0 0 0.911471 0.028356 0.012411 0.004591 0.043172
0 0 0.934118 0.023403 0.011413 0.005968 0.025097
0 0 0.903374 0.033291 0.016585 0.008150 0.038600
0 0 0.877934 0.040541 0.019877 0.008752 0.052897
0 0 0.842421 0.048200 0.022203 0.007791 0.079384
0 0 0.791868 0.059981 0.027280 0.008505 0.112366
0 0 0.817020 0.050989 0.021861 0.006202 0.103928
0 0 0.825651 0.049304 0.021256 0.006201 0.097587
0 0 0.825049 0.052984 0.024617 0.008528 0.088821
0 0 0.830039 0.050539 0.022864 0.007513 0.089045
0 0 0.857762 0.043354 0.019503 0.006683 0.072698
0 0 0.870662 0.039813 0.017799 0.006187 0.065540
0 0 0.896950 0.033314 0.015177 0.005902 0.048657
0 0 0.874397 0.036600 0.015329 0.004621 0.069053
0 0 0.866340 0.041249 0.018611 0.006544 0.067257
0 0 0.863407 0.041222 0.018197 0.006042 0.071131
0 0 0.869804 0.037455 0.015582 0.004578 0.072581
0 0 0.830236 0.045746 0.018739 0.004907 0.100371
0 0 0.716458 0.078942 0.036917 0.011038 0.156645
0 0 0.513143 0.146156 0.085305 0.014537 0.240860
0 0 0.420303 0.196152 0.144683 0.014157 0.224705
0 0 0.459322 0.180362 0.126167 0.012062 0.222087
0 0 0.495781 0.156452 0.096398 0.010794 0.240575
0 0 0.538437 0.150094 0.095460 0.013866 0.202144
0 0 0.460416 0.188922 0.143905 0.016335 0.190422
0 0 0.602288 0.133956 0.085842 0.015509 0.162405
0 0 0.669828 0.099452 0.052424 0.013168 0.165129
0 0 0.730290 0.079063 0.038690 0.013082 0.138874
0 0 0.712952 0.092182 0.051124 0.015833 0.127908
0 0 0.662594 0.118078 0.077207 0.016488 0.125633
0 0 0.637530 0.129479 0.089328 0.015564 0.128098
0 0 0.653107 0.123697 0.084055 0.015580 0.123561
0 0 0.453482 0.202499 0.179215 0.015815 0.148988
0 0 0.422575 0.211188 0.184734 0.014657 0.166846
0 0 0.373710 0.230906 0.220340 0.014119 0.160926
0 0 0.383572 0.227226 0.213823 0.014331 0.161048
0 0 0.336181 0.245437 0.252729 0.012925 0.152729
2 0 0.292290 0.260502 0.294476 0.013139 0.139593
2 0 0.241870 0.275315 0.335861 0.011710 0.135245
2 0 0.261601 0.269745 0.315047 0.012064 0.141543
2 1 0.063717 0.289203 0.562039 0.006790 0.078252
2 1 0.053828 0.287498 0.575484 0.006274 0.076915
2 1 0.050996 0.287027 0.579061 0.006052 0.076863
2 1 0.042493 0.287115 0.584534 0.005530 0.080328
2 1 0.043209 0.289442 0.576947 0.005763 0.084640
2 1 0.032563 0.276334 0.618584 0.006801 0.065718
2 2 0.033721 0.279256 0.610941 0.005893 0.070189
2 2 0.031508 0.287305 0.588198 0.005091 0.087899
2 2 0.032042 0.290484 0.577392 0.005916 0.094165
2 2 0.033483 0.291928 0.571931 0.007195 0.095464
2 2 0.035975 0.296061 0.555727 0.006764 0.105473
2 2 0.030484 0.287438 0.587905 0.006106 0.088067
2 2 0.031432 0.288272 0.584782 0.007258 0.088255
2 2 0.030447 0.277345 0.598783 0.008884 0.084541
2 2 0.028485 0.253213 0.627694 0.010334 0.080274
2 2 0.030708 0.258881 0.613693 0.011667 0.085051
2 2 0.034168 0.253723 0.615140 0.014161 0.082809
2 2 0.029130 0.205524 0.678084 0.017898 0.069364
2 2 0.031435 0.191591 0.691669 0.022161 0.063145
2 2 0.043951 0.202432 0.665326 0.028092 0.060199
2 2 0.065604 0.204912 0.633042 0.042469 0.053974
2 3 0.070083 0.175210 0.623047 0.083289 0.048370
2 3 0.054876 0.124572 0.621017 0.162465 0.037071
2 3 0.038785 0.090405 0.633959 0.210023 0.026827
2 3 0.049182 0.101891 0.615620 0.204882 0.028425
2 3 0.057244 0.107885 0.585136 0.219495 0.030240
2 3 0.034857 0.080448 0.631614 0.228701 0.024380
2 3 0.029866 0.072651 0.650357 0.224634 0.022492
2 3 0.031894 0.076339 0.659747 0.208996 0.023024
2 3 0.046454 0.101462 0.661858 0.163199 0.027027
2 3 0.057417 0.110578 0.623485 0.178941 0.029578
2 3 0.032783 0.063840 0.531797 0.350272 0.021308
3 3 0.022176 0.037483 0.365957 0.559816 0.014567
3 3 0.027705 0.041709 0.344958 0.569764 0.015865
3 3 0.047371 0.053348 0.301546 0.579292 0.018444
3 3 0.064528 0.067505 0.323718 0.522340 0.021909
3 3 0.057891 0.059859 0.304799 0.557602 0.019848
3 3 0.066676 0.066888 0.313021 0.532087 0.021327
3 3 0.081901 0.071498 0.268372 0.555457 0.022772
3 3 0.105853 0.073524 0.222981 0.572528 0.025115
3 3 0.122682 0.075426 0.204488 0.570909 0.026495
3 3 0.077993 0.051711 0.185972 0.668340 0.015985
3 3 0.052663 0.036386 0.167377 0.732678 0.010896
3 3 0.039598 0.028588 0.153237 0.770076 0.008500
3 3 0.048861 0.031041 0.144613 0.766572 0.008913
3 3 0.068758 0.044275 0.176698 0.697144 0.013126
3 3 0.089682 0.059535 0.211173 0.622245 0.017365
3 3 0.063642 0.051462 0.242868 0.626818 0.015210
3 3 0.069130 0.053737 0.251893 0.610238 0.015002
3 3 0.098619 0.063325 0.235327 0.586297 0.016432
3 3 0.120913 0.066335 0.205048 0.590358 0.017346
3 3 0.109052 0.053892 0.159528 0.661684 0.015844
3 3 0.068969 0.037774 0.141043 0.741671 0.010543
3 3 0.055708 0.031258 0.129786 0.774581 0.008666
3 3 0.053670 0.032571 0.141619 0.762853 0.009286
3 3 0.062616 0.034867 0.133097 0.759592 0.009828
3 3 0.057222 0.034103 0.146369 0.752690 0.009617
3 3 0.075323 0.041389 0.157876 0.714036 0.011376
3 3 0.150053 0.067016 0.177961 0.586993 0.017977
3 3 0.149977 0.073622 0.201553 0.555627 0.019222
3 3 0.024427 0.019332 0.136539 0.814017 0.005686
3 3 0.022160 0.016873 0.128382 0.827818 0.004768
3 3 0.035687 0.023350 0.135478 0.799029 0.006455
3 3 0.035774 0.023842 0.136587 0.797111 0.006687
3 3 0.027935 0.019612 0.129685 0.817288 0.005480
3 3 0.028027 0.018840 0.119423 0.828487 0.005224
3 3 0.032345 0.019788 0.108913 0.833523 0.005431
3 3 0.021094 0.014271 0.097507 0.863171 0.003957
3 3 0.029662 0.017170 0.095636 0.852944 0.004588
3 3 0.042477 0.021266 0.097700 0.833083 0.005473
3 3 0.068425 0.026795 0.101923 0.796645 0.006212
3 3 0.140240 0.041665 0.121512 0.685344 0.011238
3 3 0.209815 0.049228 0.124053 0.602996 0.013908
3 3 0.245932 0.054173 0.126864 0.556798 0.016233
3 3 0.335079 0.062644 0.125844 0.455817 0.020616
3 3 0.315035 0.061751 0.126932 0.476520 0.019762
3 3 0.240626 0.056523 0.129718 0.556229 0.016905
3 3 0.227538 0.063131 0.139485 0.549934 0.019911
3 3 0.219504 0.070046 0.149458 0.537196 0.023796
3 3 0.186965 0.069631 0.153937 0.565875 0.023592
3 3 0.117012 0.052447 0.143673 0.670446 0.016421
3 3 0.087595 0.044276 0.137655 0.716597 0.013875
3 3 0.045001 0.028262 0.120525 0.797807 0.008405
3 3 0.050834 0.030009 0.120283 0.790137 0.008738
3 3 0.042174 0.026664 0.128376 0.795138 0.007648
3 3 0.040008 0.024595 0.121628 0.806857 0.006913
3 3 0.034602 0.019152 0.102851 0.838399 0.004996
3 3 0.047680 0.023640 0.105165 0.817452 0.006063
3 3 0.055599 0.028869 0.125334 0.782645 0.007552
3 3 0.057181 0.033951 0.149751 0.749660 0.009457
3 3 0.042457 0.033516 0.189532 0.724329 0.010166
3 3 0.030677 0.026083 0.169189 0.765991 0.008060
3 3 0.030038 0.025705 0.171466 0.764889 0.007902
3 3 0.041066 0.029731 0.168336 0.752228 0.008640
3 3 0.072203 0.040782 0.163664 0.712147 0.011204
3 3 0.090840 0.044676 0.153580 0.699070 0.011833
3 3 0.106691 0.047748 0.150513 0.682003 0.013045
3 3 0.237633 0.083843 0.178269 0.474941 0.025315
0 3 0.405787 0.109509 0.173470 0.271969 0.039264
0 3 0.414907 0.101879 0.158030 0.285858 0.039325
3 3 0.256057 0.073436 0.147898 0.496802 0.025807
3 3 0.129708 0.048775 0.137001 0.669426 0.015089
3 3 0.070094 0.033786 0.118508 0.768568 0.009044
3 3 0.068351 0.032571 0.116354 0.774103 0.008621
3 3 0.067094 0.033777 0.120017 0.769903 0.009208
3 3 0.039715 0.025400 0.129400 0.798269 0.007215
3 3 0.044848 0.027766 0.137039 0.782591 0.007757
3 3 0.049813 0.027617 0.124649 0.790470 0.007450
3 3 0.061622 0.031435 0.121599 0.776918 0.008426
3 3 0.053514 0.029254 0.123429 0.785823 0.007980
3 3 0.048718 0.027580 0.117744 0.798258 0.007699
3 3 0.056780 0.030352 0.115957 0.788465 0.008446
3 3 0.044489 0.024477 0.106209 0.818081 0.006743
3 3 0.049031 0.025562 0.106934 0.811597 0.006875
3 3 0.042273 0.024056 0.111423 0.815633 0.006615
3 3 0.057814 0.028986 0.112668 0.792802 0.007730
3 3 0.042907 0.025232 0.118307 0.806534 0.007020
3 3 0.054036 0.028629 0.113123 0.796346 0.007865
3 3 0.048634 0.026161 0.110339 0.807726 0.007139
3 2 0.126031 0.037474 0.112746 0.714928 0.008821
2 2 0.174558 0.236344 0.458777 0.067247 0.063074
2 2 0.163150 0.216496 0.466933 0.091346 0.062075
2 2 0.085395 0.131706 0.537933 0.207640 0.037327
2 2 0.104652 0.136803 0.458288 0.258488 0.041770
2 2 0.085620 0.131348 0.487354 0.251648 0.044030
2 2 0.093777 0.160397 0.474526 0.211833 0.059466
2 2 0.087488 0.203888 0.514037 0.116757 0.077829
2 2 0.060721 0.205869 0.572908 0.075889 0.084612
2 2 0.036658 0.184971 0.633028 0.059314 0.086029
2 2 0.036227 0.208419 0.606754 0.044865 0.103735
2 2 0.041053 0.226776 0.602443 0.034059 0.095669
2 2 0.043459 0.226850 0.624068 0.027535 0.078088
2 2 0.079394 0.283072 0.528763 0.026046 0.082725
2 2 0.092795 0.289966 0.508349 0.027114 0.081775
2 2 0.103156 0.290229 0.497453 0.026629 0.082533
2 2 0.128932 0.284579 0.473771 0.034015 0.078703
2 2 0.096626 0.284680 0.525099 0.023916 0.069679
2 2 0.074670 0.260829 0.576053 0.026226 0.062221
2 2 0.059243 0.235069 0.607978 0.030509 0.067201
2 2 0.045282 0.199093 0.656549 0.034495 0.064581
2 2 0.045822 0.201165 0.642157 0.040387 0.070469
2 2 0.041038 0.212610 0.628717 0.034617 0.083018
2 2 0.040324 0.230034 0.588880 0.026745 0.114017
2 2 0.036443 0.231019 0.597972 0.021114 0.113452
2 2 0.053372 0.284806 0.476495 0.009705 0.175622
2 2 0.046341 0.281977 0.504225 0.006464 0.160993
2 2 0.049909 0.305012 0.470872 0.005039 0.169168
2 2 0.054992 0.308267 0.428075 0.003218 0.205448
2 2 0.050365 0.308215 0.453789 0.003236 0.184396
2 2 0.045184 0.306557 0.484392 0.003344 0.160523
2 2 0.046231 0.307039 0.477701 0.003275 0.165755
2 2 0.034769 0.290981 0.554492 0.003929 0.115829
2 2 0.036295 0.299173 0.537260 0.003205 0.124067
2 2 0.035965 0.299690 0.528797 0.002121 0.133427
2 2 0.032331 0.276367 0.565998 0.002527 0.122777
2 2 0.038347 0.268197 0.534936 0.003030 0.155489
2 2 0.041257 0.273251 0.518910 0.003463 0.163119
2 2 0.040098 0.285337 0.520528 0.003248 0.150789
2 2 0.045105 0.303512 0.482685 0.003008 0.165690
2 2 0.046911 0.307216 0.470629 0.002954 0.172291
2 2 0.038960 0.302109 0.519802 0.003113 0.136016
2 2 0.036413 0.299803 0.531210 0.002598 0.129976
2 2 0.038275 0.301349 0.525137 0.003246 0.131994
2 2 0.036098 0.290851 0.550936 0.004734 0.117381
2 2 0.070072 0.309573 0.412075 0.006247 0.202033
2 2 0.144477 0.298152 0.349817 0.009452 0.198102
2 2 0.200966 0.283201 0.306663 0.016287 0.192883
2 2 0.163996 0.292335 0.329386 0.021399 0.192884
2 2 0.154511 0.295998 0.352222 0.020610 0.176659
2 2 0.107302 0.305189 0.428540 0.014720 0.144249
2 2 0.084383 0.308010 0.449229 0.011390 0.146987
2 2 0.076854 0.300809 0.502762 0.014303 0.105272
2 2 0.032688 0.282400 0.585679 0.010033 0.089201
2 2 0.030797 0.280103 0.595228 0.008800 0.085072
2 2 0.027521 0.280983 0.607943 0.006330 0.077222
2 2 0.026063 0.279207 0.613393 0.004765 0.076573
2 2 0.024388 0.274711 0.625817 0.004930 0.070154
2 2 0.023803 0.256684 0.643092 0.006102 0.070318
2 2 0.022572 0.238000 0.663426 0.007144 0.068858
2 2 0.020433 0.204067 0.699288 0.009945 0.066267
2 2 0.114993 0.266667 0.512354 0.043515 0.062472
2 2 0.095609 0.247397 0.550998 0.043970 0.062025
2 2 0.098519 0.249869 0.541762 0.046035 0.063815
2 2 0.077953 0.255469 0.554468 0.038370 0.073740
2 2 0.064947 0.231565 0.604782 0.034346 0.064360
2 2 0.047474 0.194324 0.675278 0.029862 0.053062
2 2 0.054527 0.215170 0.648035 0.027246 0.055022
2 2 0.049381 0.208429 0.657380 0.027780 0.057030
2 2 0.059746 0.206660 0.643716 0.035267 0.054611
2 2 0.045632 0.152316 0.707787 0.052903 0.041363
2 2 0.038651 0.122089 0.723198 0.081003 0.035059
2 2 0.032056 0.089162 0.682310 0.167323 0.029148
2 2 0.035838 0.088772 0.665892 0.181864 0.027634
2 2 0.029248 0.069153 0.624981 0.253641 0.022977
2 2 0.030779 0.064885 0.568579 0.312858 0.022898
2 2 0.031823 0.072153 0.597895 0.273112 0.025018
2 2 0.033451 0.081880 0.641101 0.215796 0.027772
2 2 0.037309 0.082476 0.581174 0.268877 0.030164
2 2 0.030764 0.064761 0.524628 0.354398 0.025450
3 2 0.026426 0.047053 0.412442 0.494930 0.019150
3 2 0.032419 0.051504 0.384848 0.510623 0.020607
3 2 0.036136 0.049819 0.348846 0.546403 0.018796
3 2 0.054374 0.067389 0.377555 0.478946 0.021737
2 2 0.069443 0.085064 0.421371 0.399338 0.024783
2 2 0.081943 0.099868 0.427953 0.361428 0.028809
2 2 0.076103 0.104953 0.453145 0.333905 0.031895
2 2 0.080515 0.105354 0.428144 0.353578 0.032410
2 2 0.093876 0.113155 0.406350 0.352750 0.033869
2 2 0.098631 0.119543 0.410826 0.334452 0.036548
2 2 0.062642 0.095754 0.476589 0.332908 0.032106
2 2 0.048978 0.091886 0.537327 0.289634 0.032175
2 2 0.068502 0.113141 0.522574 0.259419 0.036364
2 3 0.161746 0.191280 0.454465 0.134540 0.057969
2 3 0.196634 0.208437 0.431489 0.106315 0.057125
2 3 0.220749 0.207400 0.409375 0.106429 0.056047
2 3 0.188571 0.176394 0.420398 0.165017 0.049620
2 3 0.225150 0.157724 0.343890 0.223796 0.049440
2 3 0.225772 0.161538 0.355905 0.209243 0.047541
2 3 0.258687 0.158320 0.308436 0.227049 0.047508
3 3 0.098629 0.093172 0.359140 0.424005 0.025054
3 3 0.057920 0.063500 0.341778 0.517764 0.019039
3 3 0.069539 0.071043 0.345001 0.494240 0.020178
2 3 0.108286 0.103583 0.390055 0.372070 0.026007
3 3 0.119453 0.105858 0.369739 0.378460 0.026489
3 3 0.075764 0.074961 0.341631 0.486611 0.021033
3 3 0.259458 0.129890 0.263884 0.311913 0.034854
0 2 0.541201 0.151113 0.160463 0.086099 0.061124
0 2 0.623315 0.132473 0.124208 0.060134 0.059870
0 2 0.653488 0.122833 0.108036 0.053588 0.062055
0 2 0.681635 0.117371 0.098066 0.036572 0.066356
0 2 0.686378 0.117475 0.106662 0.034654 0.054832
0 2 0.623124 0.142799 0.135810 0.031219 0.067048
0 2 0.451103 0.200919 0.236524 0.039746 0.071707
2 2 0.280911 0.248668 0.345371 0.048209 0.076841
2 2 0.207091 0.242276 0.434686 0.052659 0.063289
2 2 0.242900 0.247871 0.405245 0.045536 0.058448
2 2 0.264206 0.249201 0.384299 0.041035 0.061258
2 2 0.254996 0.250848 0.402002 0.034304 0.057850
2 2 0.252536 0.255838 0.390610 0.034264 0.066752
2 2 0.240639 0.261566 0.397169 0.029057 0.071569
2 2 0.144936 0.278695 0.479287 0.027956 0.069126
2 2 0.116551 0.270351 0.513956 0.036903 0.062239
2 2 0.139077 0.279472 0.475755 0.034673 0.071023
2 2 0.127133 0.273851 0.504060 0.035792 0.059164
2 2 0.123310 0.279298 0.504475 0.027691 0.065225
2 2 0.128502 0.277471 0.488908 0.039032 0.066086
2 2 0.062567 0.217613 0.630010 0.033270 0.056541
2 2 0.065220 0.209734 0.638697 0.034822 0.051527
2 2 0.076284 0.268673 0.568422 0.024348 0.062273
2 2 0.079275 0.281390 0.554019 0.022198 0.063118
2 2 0.068476 0.284772 0.558934 0.019468 0.068350
2 2 0.059291 0.247538 0.601082 0.025278 0.066810
2 2 0.060892 0.249370 0.596847 0.025768 0.067123
2 2 0.035320 0.174803 0.719094 0.023289 0.047494
2 2 0.035762 0.163639 0.728070 0.027395 0.045134
2 2 0.032887 0.140355 0.752024 0.034941 0.039793
2 2 0.041199 0.159653 0.726409 0.031779 0.040960
2 2 0.036384 0.137219 0.749037 0.040548 0.036812
2 2 0.044920 0.165877 0.705564 0.037671 0.045969
2 2 0.035995 0.158186 0.724491 0.034198 0.047129
2 2 0.044406 0.196443 0.675676 0.027955 0.055520
2 2 0.054260 0.215376 0.640005 0.030565 0.059795
2 2 0.071948 0.224087 0.597962 0.042974 0.063030
2 2 0.171145 0.264813 0.457098 0.034139 0.072805
2 2 0.234670 0.268056 0.390097 0.023696 0.083479
2 2 0.292519 0.257430 0.326113 0.022020 0.101919
0 2 0.315413 0.252125 0.272329 0.018695 0.141437
2 2 0.277136 0.264281 0.295278 0.016709 0.146596
2 2 0.174420 0.290544 0.399479 0.014591 0.120967
2 2 0.117074 0.291961 0.480446 0.021498 0.089020
2 2 0.107689 0.289093 0.475323 0.028542 0.099352
2 2 0.031430 0.140672 0.718185 0.056863 0.052849
2 2 0.027307 0.117505 0.734934 0.074348 0.045907
2 2 0.036700 0.126552 0.704719 0.086424 0.045604
2 2 0.037914 0.160195 0.697004 0.047814 0.057072
2 2 0.049713 0.197207 0.634479 0.047180 0.071422
2 2 0.042868 0.206181 0.642976 0.034350 0.073625
2 2 0.034524 0.181452 0.689906 0.030789 0.063329
2 2 0.038228 0.193087 0.681266 0.027011 0.060408
2 2 0.051645 0.235462 0.616455 0.026447 0.069991
2 2 0.048515 0.221812 0.642510 0.024926 0.062236
2 2 0.075071 0.233068 0.592033 0.038392 0.061435
2 2 0.057340 0.196460 0.647155 0.042201 0.056844
2 2 0.073347 0.223943 0.584523 0.049762 0.068425
2 2 0.052632 0.218662 0.620906 0.036244 0.071555
2 2 0.050708 0.212819 0.626692 0.037918 0.071863
2 2 0.042795 0.235045 0.607083 0.024695 0.090382
2 2 0.079033 0.281976 0.510137 0.025582 0.103273
2 2 0.083468 0.306878 0.455592 0.016590 0.137472
2 2 0.078468 0.307392 0.463170 0.013048 0.137922
2 2 0.074958 0.309714 0.442358 0.009485 0.163485
2 2 0.068793 0.310219 0.434119 0.007449 0.179420
2 2 0.055019 0.309498 0.440887 0.004761 0.189835
2 2 0.046744 0.307240 0.486614 0.004954 0.154449
2 2 0.041089 0.303976 0.506420 0.003078 0.145437
2 2 0.039755 0.303055 0.510430 0.002642 0.144117
2 4 0.039616 0.303030 0.508660 0.002404 0.146289
2 4 0.042824 0.305233 0.494606 0.002937 0.154400
2 4 0.044904 0.306362 0.480671 0.002791 0.165272
2 4 0.040473 0.303661 0.505062 0.002560 0.148245
2 4 0.046331 0.305037 0.446343 0.001285 0.201005
2 4 0.054535 0.305478 0.410247 0.001838 0.227902
2 4 0.068770 0.296768 0.338765 0.002124 0.293572
4 4 0.086249 0.271010 0.251718 0.002078 0.388945
4 4 0.086956 0.271077 0.251276 0.002194 0.388496
4 4 0.082853 0.281055 0.277107 0.002502 0.356482
2 4 0.070211 0.296578 0.335775 0.002345 0.295090
4 4 0.075390 0.288614 0.304576 0.002096 0.329324
4 4 0.076299 0.271944 0.262966 0.001012 0.387780
4 4 0.076698 0.269679 0.257654 0.000954 0.395015
4 4 0.073223 0.277773 0.279678 0.001017 0.368308
4 4 0.071783 0.281592 0.290778 0.001085 0.354761
4 4 0.081605 0.267133 0.247690 0.001264 0.402308
4 4 0.091325 0.246218 0.202080 0.001302 0.459075
4 4 0.098902 0.225228 0.165955 0.001275 0.508640
4 4 0.110050 0.206550 0.137093 0.001738 0.544569
4 4 0.115886 0.200239 0.127778 0.002183 0.553915
4 4 0.135349 0.120385 0.050600 0.001917 0.691749
4 4 0.138514 0.097651 0.035437 0.001753 0.726645
4 4 0.141824 0.106156 0.040497 0.002262 0.709260
4 4 0.137304 0.141147 0.066097 0.002751 0.652700
4 4 0.118734 0.206747 0.134728 0.002938 0.536853
4 4 0.099858 0.241234 0.189306 0.002035 0.467566
4 4 0.093212 0.242120 0.194270 0.001326 0.469072
4 4 0.090071 0.255361 0.218653 0.001571 0.434344
4 4 0.098843 0.236878 0.183077 0.001693 0.479510
4 4 0.110600 0.207705 0.138340 0.001840 0.541515
4 4 0.101467 0.240608 0.187535 0.002226 0.468164
4 4 0.078637 0.288056 0.299174 0.002612 0.331521
2 4 0.046708 0.306717 0.462983 0.002237 0.181356
2 4 0.034659 0.298403 0.534334 0.001880 0.130725
2 4 0.030485 0.293655 0.552501 0.001219 0.122140
2 4 0.034593 0.299098 0.516024 0.000966 0.149320
2 4 0.041820 0.303778 0.470157 0.001100 0.183146
2 4 0.050432 0.304264 0.419010 0.001224 0.225070
2 4 0.054353 0.303331 0.398917 0.001340 0.242059
2 4 0.056357 0.302641 0.389216 0.001409 0.250377
2 4 0.053948 0.303366 0.400457 0.001311 0.240917
2 4 0.048651 0.304785 0.430895 0.001253 0.214417
2 4 0.042306 0.303997 0.467926 0.001133 0.184638
2 2 0.040007 0.303072 0.482855 0.001118 0.172947
2 2 0.035643 0.300039 0.512080 0.001088 0.151149
2 2 0.035702 0.300081 0.512861 0.001132 0.150224
2 2 0.036075 0.300413 0.510193 0.001130 0.152190
2 2 0.038188 0.302052 0.496455 0.001163 0.162142
2 2 0.035672 0.300067 0.511648 0.001079 0.151534
2 2 0.035416 0.299787 0.516479 0.001196 0.147122
2 2 0.035226 0.299485 0.521918 0.001379 0.141993
2 2 0.035695 0.299830 0.522399 0.001572 0.140505
2 2 0.035583 0.299571 0.526226 0.001755 0.136865
2 2 0.040755 0.303942 0.495561 0.001963 0.157779
2 2 0.041473 0.290967 0.502539 0.002492 0.162529
2 2 0.039974 0.285194 0.517618 0.002850 0.154365
2 2 0.033624 0.265000 0.568400 0.003239 0.129737
2 2 0.037876 0.280802 0.536723 0.003373 0.141225
2 2 0.041650 0.292269 0.514108 0.003927 0.148045
2 2 0.042106 0.304441 0.507388 0.004000 0.142064
2 2 0.038901 0.286960 0.539337 0.005296 0.129505
2 2 0.026936 0.227399 0.642431 0.006815 0.096420
2 2 0.027066 0.224245 0.644016 0.007252 0.097421
2 2 0.033127 0.296478 0.544455 0.001854 0.124086
2 2 0.034673 0.298406 0.534439 0.001894 0.130589
2 2 0.031084 0.282522 0.566311 0.002052 0.118032
2 2 0.030056 0.265683 0.586246 0.002615 0.115400
2 2 0.028791 0.257127 0.601178 0.002963 0.109941
2 2 0.025426 0.244094 0.632809 0.003497 0.094173
2 2 0.029889 0.259795 0.598407 0.003872 0.108036
2 2 0.031391 0.257801 0.590613 0.004019 0.116176
2 2 0.022553 0.213813 0.673009 0.004955 0.085671
2 2 0.016319 0.172956 0.741738 0.007139 0.061849
2 2 0.015220 0.162946 0.756529 0.009130 0.056174
2 2 0.019846 0.190767 0.710589 0.009913 0.068886
2 2 0.024660 0.223162 0.660248 0.007573 0.084357
2 2 0.018682 0.168333 0.731925 0.016266 0.064794
2 2 0.016685 0.140995 0.754013 0.025741 0.062566
2 2 0.013742 0.118203 0.771672 0.038642 0.057742
2 2 0.019509 0.166291 0.727446 0.019281 0.067472
2 2 0.018803 0.150087 0.732526 0.029932 0.068652
2 2 0.018597 0.140466 0.729662 0.041147 0.070127
2 2 0.013514 0.112026 0.770934 0.045738 0.057788
2 2 0.018217 0.142673 0.733586 0.036821 0.068703
2 2 0.018500 0.150266 0.733132 0.029931 0.068172
2 2 0.025586 0.180955 0.680288 0.032225 0.080946
2 2 0.040160 0.217449 0.618902 0.035227 0.088263
2 2 0.061062 0.250492 0.566572 0.034336 0.087537
2 2 0.073401 0.245299 0.576596 0.036414 0.068290
2 2 0.105817 0.269282 0.505644 0.044739 0.074518
2 2 0.111855 0.287197 0.473987 0.038220 0.088741
2 2 0.127936 0.285295 0.461809 0.040325 0.084635
2 2 0.128548 0.279399 0.470682 0.036811 0.084560
2 2 0.100330 0.242599 0.519334 0.060999 0.076738
2 2 0.061009 0.195844 0.583589 0.082382 0.077177
2 2 0.044837 0.152848 0.618206 0.117778 0.066331
2 2 0.028040 0.114861 0.676781 0.128035 0.052283
2 2 0.030976 0.082791 0.539553 0.308656 0.038023
2 3 0.045226 0.117643 0.571638 0.218322 0.047172
2 3 0.054142 0.133126 0.572356 0.190729 0.049647
2 3 0.084211 0.152917 0.518722 0.195357 0.048793
2 3 0.074998 0.125742 0.517203 0.243276 0.038781
2 3 0.080653 0.110310 0.435836 0.338436 0.034765
2 3 0.092119 0.128215 0.455343 0.285596 0.038727
2 3 0.107963 0.139998 0.428779 0.281093 0.042167
2 3 0.078753 0.104974 0.397193 0.383994 0.035085
3 3 0.061897 0.069814 0.286327 0.556246 0.025716
3 3 0.054279 0.054910 0.229314 0.640737 0.020759
3 3 0.031612 0.039588 0.248679 0.664997 0.015125
3 3 0.035952 0.041738 0.241230 0.665458 0.015622
3 3 0.025958 0.032472 0.242363 0.687367 0.011840
3 3 0.046212 0.047797 0.254144 0.634915 0.016932
3 3 0.073370 0.064739 0.251340 0.589153 0.021398
3 3 0.077160 0.081795 0.333087 0.481703 0.026255
3 3 0.057769 0.068459 0.332400 0.517826 0.023545
3 3 0.047736 0.067033 0.380458 0.480452 0.024321
3 3 0.046209 0.059988 0.345886 0.526243 0.021675
2 3 0.041092 0.067932 0.457695 0.409183 0.024097
2 3 0.037059 0.079679 0.560086 0.294887 0.028289
2 3 0.035612 0.088373 0.626718 0.218306 0.030991
2 3 0.057919 0.104175 0.543955 0.259794 0.034157
2 3 0.069041 0.112946 0.518565 0.264428 0.035019
2 3 0.074890 0.110168 0.460314 0.318933 0.035695
3 3 0.259338 0.123060 0.216348 0.356348 0.044907
3 3 0.252945 0.129363 0.239733 0.336828 0.041132
0 3 0.351025 0.179931 0.260343 0.151760 0.056942
0 3 0.403683 0.195154 0.245032 0.089434 0.066697
0 3 0.411316 0.209523 0.241240 0.057386 0.080535
0 3 0.375541 0.226975 0.271334 0.039096 0.087054
0 2 0.341822 0.240135 0.302767 0.027586 0.087689
2 2 0.221132 0.269115 0.397569 0.030959 0.081225
2 2 0.234726 0.264487 0.367544 0.045806 0.087436
2 2 0.203700 0.270498 0.399578 0.044081 0.082143
2 2 0.190197 0.277082 0.417384 0.030345 0.084992
2 2 0.159408 0.279998 0.448768 0.033235 0.078591
2 2 0.119039 0.286666 0.482010 0.032295 0.079991
2 2 0.101116 0.291097 0.494381 0.028579 0.084827
2 2 0.080115 0.297482 0.508727 0.018190 0.095487
2 2 0.102964 0.298383 0.478035 0.017463 0.103155
2 2 0.099645 0.298512 0.480918 0.018240 0.102686
2 2 0.101123 0.294303 0.486304 0.025896 0.092374
2 2 0.073104 0.290401 0.527547 0.023395 0.085554
2 2 0.077465 0.294504 0.520031 0.020238 0.087762
2 2 0.072223 0.270061 0.558338 0.027414 0.071964
2 2 0.086985 0.245655 0.544914 0.049787 0.072659
2 2 0.067181 0.174401 0.615411 0.091569 0.051439
2 2 0.058492 0.147565 0.648804 0.104602 0.040537
2 2 0.057905 0.140977 0.672106 0.094030 0.034982
2 2 0.079836 0.164851 0.630696 0.086943 0.037673
2 2 0.073985 0.150934 0.645539 0.095285 0.034257
2 2 0.116055 0.184059 0.559800 0.100426 0.039660
2 2 0.131891 0.187985 0.538216 0.102725 0.039182
2 2 0.210815 0.233190 0.427883 0.067358 0.060754
2 2 0.126522 0.193786 0.527689 0.103189 0.048813
2 2 0.146378 0.203731 0.500916 0.097339 0.051637
2 2 0.108796 0.189981 0.563458 0.091750 0.046014
2 2 0.082339 0.164605 0.619503 0.092826 0.040727
2 2 0.066646 0.143072 0.638386 0.114428 0.037469
2 2 0.043146 0.111835 0.682948 0.128758 0.033314
2 2 0.031771 0.075666 0.636259 0.231719 0.024585
2 2 0.035690 0.074555 0.588376 0.276367 0.025012
3 2 0.025344 0.043235 0.405689 0.509532 0.016200
3 2 0.016258 0.034011 0.422182 0.513709 0.013840
3 2 0.014498 0.031777 0.429370 0.511390 0.012966
2 2 0.026621 0.054472 0.560185 0.340238 0.018484
2 2 0.035964 0.068247 0.587264 0.287884 0.020642
2 2 0.039052 0.070792 0.591525 0.278397 0.020233
2 2 0.036354 0.074765 0.644338 0.223478 0.021065
2 2 0.037915 0.085566 0.694945 0.158726 0.022848
2 2 0.043540 0.089564 0.673852 0.169338 0.023706
2 2 0.026254 0.059878 0.631708 0.262904 0.019256
2 2 0.017996 0.042109 0.533425 0.390391 0.016079
2 2 0.015769 0.035628 0.467704 0.466222 0.014677
3 2 0.019270 0.038670 0.437685 0.488723 0.015653
3 2 0.015174 0.030488 0.414629 0.527892 0.011818
3 2 0.031612 0.048261 0.432854 0.471063 0.016211
2 2 0.095794 0.108571 0.506206 0.264314 0.025115
2 2 0.252404 0.200002 0.409120 0.102008 0.036466
0 2 0.381663 0.213086 0.305580 0.048407 0.051264
0 2 0.416226 0.207560 0.282059 0.038926 0.055230
0 2 0.414862 0.207881 0.280580 0.040532 0.056145
0 2 0.335919 0.225226 0.332860 0.052474 0.053521
2 2 0.277168 0.221777 0.377102 0.068934 0.055021
2 2 0.146415 0.279620 0.458313 0.040015 0.075637
2 2 0.128776 0.285194 0.468754 0.036254 0.081023
2 2 0.116871 0.267358 0.501781 0.045528 0.068463
2 2 0.045559 0.182440 0.682279 0.037464 0.052259
2 2 0.046275 0.202864 0.661428 0.029713 0.059720
2 2 0.061432 0.225121 0.615670 0.034287 0.063490
2 2 0.081808 0.237105 0.590498 0.035082 0.055507
2 2 0.091018 0.222022 0.599934 0.039886 0.047140
2 2 0.096747 0.216207 0.594486 0.046200 0.046361
2 2 0.110122 0.225388 0.570050 0.047892 0.046549
2 2 0.157063 0.273536 0.473154 0.032067 0.064181
2 2 0.149986 0.278163 0.475423 0.027123 0.069304
2 2 0.127352 0.281272 0.494551 0.027388 0.069438
2 2 0.126029 0.280860 0.497723 0.027063 0.068325
2 2 0.093071 0.277106 0.548933 0.023222 0.057666
2 2 0.085836 0.281647 0.543150 0.025271 0.064096
2 2 0.084377 0.260288 0.548313 0.037092 0.069930
2 2 0.046880 0.208076 0.654436 0.029058 0.061550
2 2 0.052460 0.215619 0.631390 0.033999 0.066532
2 2 0.067210 0.232118 0.594468 0.035702 0.070502
2 2 0.145969 0.246425 0.498153 0.041425 0.068028
2 2 0.190951 0.272272 0.432249 0.029788 0.074740
0 2 0.322447 0.248858 0.294622 0.024573 0.109500
0 2 0.378003 0.232027 0.257929 0.022018 0.110022
0 2 0.469324 0.201836 0.206813 0.018847 0.103179
0 2 0.408274 0.221658 0.251692 0.022698 0.095677
0 2 0.420152 0.216822 0.245124 0.025781 0.092121
2 2 0.171848 0.281455 0.431721 0.028588 0.086389
2 2 0.124561 0.287888 0.469948 0.032740 0.084862
2 2 0.101179 0.291098 0.487935 0.033185 0.086603
2 2 0.062847 0.289126 0.552269 0.019258 0.076501
2 2 0.092979 0.293071 0.502518 0.024540 0.086893
2 2 0.064053 0.258554 0.564476 0.032028 0.080888
2 2 0.061688 0.233682 0.601492 0.034225 0.068913
2 2 0.133358 0.273499 0.482823 0.034314 0.076007
2 2 0.241014 0.265877 0.384248 0.026244 0.082618
0 2 0.352833 0.235212 0.288322 0.034947 0.088686
0 2 0.400169 0.218846 0.252882 0.040582 0.087521
0 2 0.368544 0.228905 0.281536 0.037897 0.083118
2 2 0.285326 0.247891 0.352900 0.042626 0.071257
2 2 0.232370 0.253687 0.403003 0.050665 0.060276
2 2 0.111375 0.227438 0.557412 0.053181 0.050595
2 2 0.088552 0.212709 0.580390 0.060199 0.058149
2 2 0.042307 0.155547 0.701650 0.052123 0.048373
2 2 0.056160 0.184062 0.662013 0.045672 0.052093
2 2 0.053597 0.203260 0.653799 0.033246 0.056098
2 2 0.076299 0.237013 0.594132 0.034285 0.058271
2 2 0.103003 0.275721 0.526070 0.033202 0.062003
2 2 0.090145 0.280992 0.538337 0.026934 0.063593
2 2 0.081373 0.283461 0.544214 0.024301 0.066650
2 2 0.076997 0.285704 0.543454 0.023621 0.070223
2 2 0.082200 0.284523 0.539303 0.025369 0.068606
2 2 0.079058 0.273693 0.554320 0.026410 0.066519
2 2 0.065461 0.220837 0.623483 0.033706 0.056513
2 2 0.101513 0.194126 0.604235 0.059168 0.040958
2 2 0.186739 0.240749 0.465926 0.050475 0.056111
2 2 0.288145 0.246646 0.346788 0.046191 0.072231
2 2 0.264610 0.254764 0.356764 0.045381 0.078482
2 2 0.286153 0.248446 0.337193 0.049137 0.079071
2 2 0.145809 0.277378 0.473852 0.034250 0.068710
2 2 0.042148 0.304840 0.492992 0.002414 0.157606
2 2 0.042692 0.305052 0.483407 0.001966 0.166883
2 2 0.042809 0.304653 0.472246 0.001421 0.178871
2 2 0.046025 0.305197 0.449968 0.001348 0.197463
2 2 0.055035 0.302958 0.394806 0.001337 0.245864
2 4 0.060394 0.299491 0.365102 0.001379 0.273635
2 4 0.062968 0.297882 0.353407 0.001468 0.284275
2 4 0.061327 0.299606 0.363424 0.001497 0.274145
2 4 0.060494 0.301460 0.372892 0.001677 0.263476
2 4 0.056383 0.303923 0.395471 0.001651 0.242572
2 4 0.050886 0.305979 0.428699 0.001704 0.212732
2 4 0.051263 0.304801 0.418881 0.001392 0.223663
2 4 0.053299 0.303466 0.403229 0.001276 0.238730
2 4 0.058498 0.298688 0.366444 0.001106 0.275264
2 4 0.064860 0.291116 0.327362 0.001049 0.315613
4 4 0.067351 0.288572 0.315734 0.001101 0.327242
2 4 0.064291 0.294344 0.338609 0.001245 0.301512
2 4 0.055016 0.301080 0.385912 0.001075 0.256916
2 4 0.051690 0.302129 0.401879 0.000967 0.243335
2 4 0.055168 0.302331 0.391314 0.001251 0.249935
2 4 0.068181 0.293724 0.329851 0.001630 0.306614
4 4 0.087306 0.268679 0.246055 0.002049 0.395910
4 4 0.075459 0.290433 0.309552 0.002346 0.322210
2 4 0.059671 0.306363 0.398706 0.002862 0.232398
2 4 0.057678 0.307076 0.409178 0.002847 0.223221
2 4 0.064257 0.305016 0.379980 0.003274 0.247473
2 4 0.061627 0.303757 0.380267 0.002331 0.252018
2 4 0.067950 0.294574 0.332928 0.001697 0.302851
2 4 0.065507 0.296362 0.343118 0.001592 0.293421
2 4 0.059845 0.300407 0.370081 0.001440 0.268228
4 4 0.067790 0.285872 0.307505 0.000979 0.337856
4 4 0.067607 0.286266 0.308861 0.000985 0.336282
2 4 0.060552 0.295008 0.348238 0.000964 0.295238
2 4 0.050526 0.302961 0.410811 0.001007 0.234695
2 4 0.060390 0.302316 0.376829 0.001817 0.258648
4 4 0.084893 0.279479 0.271497 0.002706 0.361424
