0 0 0.987158 0.004275 0.001395 0.005191 0.001981
0 0 0.980832 0.006980 0.002441 0.006573 0.003174
0 0 0.977428 0.008158 0.002959 0.007543 0.003912
0 0 0.976827 0.008482 0.003085 0.007591 0.004015
0 0 0.976995 0.008469 0.003072 0.007498 0.003965
0 0 0.975273 0.009138 0.003363 0.007897 0.004329
0 0 0.977259 0.007881 0.002888 0.007940 0.004033
0 0 0.977222 0.007876 0.002888 0.007969 0.004046
0 0 0.979445 0.006993 0.002516 0.007465 0.003581
0 0 0.980921 0.006622 0.002336 0.006891 0.003230
0 0 0.978296 0.007852 0.002824 0.007305 0.003723
0 0 0.978667 0.008409 0.002955 0.006510 0.003460
0 0 0.979370 0.007980 0.002797 0.006493 0.003360
0 0 0.976800 0.008892 0.003202 0.007196 0.003911
0 0 0.976712 0.008797 0.003181 0.007345 0.003965
0 0 0.977262 0.008876 0.003169 0.006924 0.003769
0 0 0.978529 0.008107 0.002882 0.006897 0.003585
0 0 0.976231 0.008463 0.003113 0.007986 0.004206
0 0 0.973960 0.009090 0.003423 0.008765 0.004762
0 0 0.972255 0.008621 0.003363 0.010344 0.005417
0 0 0.969407 0.008420 0.003418 0.012404 0.006352
0 0 0.965932 0.009331 0.003879 0.013570 0.007288
0 0 0.970677 0.008579 0.003419 0.011401 0.005923
0 0 0.967767 0.009125 0.003731 0.012640 0.006738
0 0 0.965177 0.009851 0.004096 0.013447 0.007429
0 0 0.965171 0.010943 0.004472 0.012239 0.007175
0 0 0.965157 0.013103 0.005158 0.010047 0.006535
0 0 0.959439 0.015322 0.006217 0.011184 0.007838
0 0 0.958410 0.015169 0.006240 0.011907 0.008273
0 0 0.949581 0.017898 0.007711 0.014178 0.010632
0 0 0.939186 0.019914 0.009081 0.017840 0.013978
0 0 0.932547 0.020161 0.009567 0.021169 0.016556
0 0 0.937035 0.018472 0.008668 0.020491 0.015333
0 0 0.952153 0.013287 0.005933 0.017503 0.011124
0 0 0.935819 0.018116 0.008592 0.021549 0.015924
0 0 0.929354 0.018774 0.009179 0.024416 0.018277
0 0 0.927543 0.021238 0.010270 0.022736 0.018214
0 0 0.940204 0.019059 0.008709 0.018145 0.013883
0 0 0.942409 0.017801 0.008118 0.018221 0.013451
0 0 0.936458 0.018233 0.008606 0.021066 0.015636
0 0 0.938454 0.014596 0.007039 0.024087 0.015823
0 0 0.932904 0.012720 0.006411 0.029869 0.018096
0 0 0.934156 0.011184 0.005669 0.031291 0.017700
0 0 0.944149 0.009728 0.004741 0.027053 0.014330
0 0 0.943824 0.010177 0.004950 0.026611 0.014438
0 0 0.940130 0.010399 0.005149 0.028653 0.015668
0 0 0.920918 0.016713 0.008639 0.031666 0.022065
0 0 0.931182 0.017131 0.008410 0.025271 0.018006
0 1 0.918821 0.024508 0.012073 0.023953 0.020645
0 1 0.913265 0.026355 0.013150 0.024934 0.022296
0 1 0.876882 0.041061 0.021614 0.028384 0.032058
0 1 0.837568 0.060852 0.032876 0.028562 0.040141
0 1 0.750091 0.104674 0.059490 0.029186 0.056559
0 2 0.617896 0.166390 0.102228 0.031033 0.082453
0 2 0.512613 0.231239 0.143865 0.025214 0.087068
0 2 0.375058 0.289828 0.196939 0.025403 0.112772
2 2 0.125200 0.266526 0.510713 0.022456 0.075105
2 2 0.142818 0.263397 0.498824 0.024204 0.070757
2 2 0.088933 0.228734 0.603469 0.021218 0.057647
2 2 0.049210 0.189250 0.688249 0.018920 0.054372
2 2 0.008057 0.045887 0.800120 0.115472 0.030464
2 2 0.006742 0.033994 0.728648 0.202832 0.027784
2 2 0.009474 0.032273 0.627568 0.302051 0.028634
2 2 0.015373 0.032838 0.510682 0.411040 0.030067
3 2 0.022785 0.033787 0.420634 0.492177 0.030616
3 2 0.018381 0.028403 0.394483 0.530635 0.028098
3 2 0.017826 0.019583 0.267190 0.671461 0.023941
3 3 0.016375 0.017513 0.231011 0.714371 0.020729
3 3 0.019848 0.015241 0.168926 0.778376 0.017609
3 3 0.025151 0.015748 0.150325 0.789705 0.019072
3 3 0.025767 0.016404 0.152364 0.785317 0.020148
3 3 0.022527 0.012086 0.123397 0.827348 0.014642
3 3 0.018389 0.010319 0.114393 0.844526 0.012374
3 3 0.015982 0.007615 0.092752 0.874675 0.008975
3 3 0.023958 0.010073 0.098812 0.854353 0.012804
3 3 0.031164 0.011117 0.095741 0.847138 0.014840
3 3 0.026726 0.010328 0.094105 0.855168 0.013673
3 3 0.029023 0.009672 0.085881 0.862444 0.012981
3 3 0.022399 0.007914 0.080578 0.878942 0.010167
3 3 0.029550 0.010481 0.091501 0.854379 0.014089
3 3 0.024466 0.009181 0.090630 0.864039 0.011685
3 3 0.027191 0.010111 0.095182 0.854543 0.012974
3 3 0.031520 0.010962 0.096154 0.846986 0.014378
3 3 0.031808 0.010373 0.089846 0.854137 0.013835
3 3 0.036632 0.010829 0.086705 0.850876 0.014959
3 3 0.040081 0.011516 0.086496 0.845506 0.016401
3 3 0.031408 0.009196 0.078184 0.868514 0.012698
3 3 0.019924 0.006830 0.071614 0.892715 0.008917
3 3 0.017243 0.006082 0.069423 0.899564 0.007687
3 3 0.018712 0.005989 0.067978 0.899835 0.007486
3 3 0.028088 0.007495 0.071345 0.883267 0.009804
3 3 0.025548 0.006828 0.068366 0.890457 0.008802
3 3 0.020483 0.005472 0.060293 0.906793 0.006960
3 3 0.022285 0.005734 0.060156 0.904380 0.007446
3 3 0.018612 0.004721 0.054559 0.916142 0.005967
3 3 0.016680 0.004257 0.051065 0.922612 0.005386
3 3 0.010437 0.003215 0.047527 0.934984 0.003838
3 3 0.008911 0.002923 0.046502 0.938251 0.003413
3 3 0.011145 0.003192 0.045974 0.935839 0.003850
3 3 0.010958 0.003442 0.048731 0.932671 0.004198
3 3 0.008312 0.002462 0.040629 0.945725 0.002872
3 3 0.011527 0.003191 0.044065 0.937247 0.003970
3 3 0.021518 0.004673 0.047288 0.920061 0.006461
3 3 0.033867 0.005475 0.044702 0.907780 0.008176
3 3 0.043223 0.005171 0.038812 0.904860 0.007933
3 3 0.066194 0.006225 0.038242 0.879169 0.010171
3 3 0.153443 0.009948 0.039821 0.778354 0.018433
3 3 0.345852 0.019491 0.045368 0.547475 0.041814
3 3 0.345437 0.025599 0.059569 0.516657 0.052738
0 3 0.414449 0.048636 0.095357 0.368014 0.073545
3 3 0.318937 0.069466 0.166047 0.370550 0.075000
3 3 0.297936 0.082738 0.215018 0.339203 0.065105
3 3 0.189024 0.073500 0.259280 0.419876 0.058320
3 3 0.084425 0.042121 0.241385 0.592654 0.039415
3 3 0.048371 0.021471 0.166184 0.737959 0.026014
3 3 0.044516 0.017176 0.137980 0.779094 0.021234
3 3 0.053944 0.015481 0.114127 0.796305 0.020143
3 3 0.054627 0.013549 0.099202 0.814604 0.018019
3 3 0.048428 0.010981 0.083255 0.842394 0.014942
3 3 0.037612 0.009243 0.076489 0.864100 0.012556
3 3 0.039431 0.004505 0.037025 0.912444 0.006595
3 3 0.036526 0.004586 0.038415 0.913771 0.006701
3 3 0.044392 0.006003 0.044676 0.895846 0.009082
3 3 0.045467 0.006366 0.045689 0.892643 0.009835
3 3 0.054069 0.007899 0.048975 0.875979 0.013078
3 3 0.028216 0.004821 0.040873 0.918747 0.007343
3 3 0.029492 0.005386 0.044629 0.912293 0.008200
3 3 0.052400 0.008694 0.053350 0.871074 0.014482
3 3 0.069633 0.009870 0.051793 0.851228 0.017475
3 3 0.053488 0.008291 0.049203 0.874775 0.014243
3 3 0.033229 0.004983 0.039922 0.914189 0.007677
3 3 0.037526 0.005767 0.045139 0.902873 0.008695
3 3 0.047334 0.006151 0.043225 0.893657 0.009634
3 3 0.032742 0.004331 0.036606 0.919851 0.006471
3 3 0.018059 0.002585 0.029988 0.945882 0.003486
3 3 0.018753 0.002763 0.031847 0.942943 0.003694
3 3 0.029377 0.004007 0.036684 0.924180 0.005752
3 3 0.027221 0.004379 0.040410 0.921701 0.006289
3 3 0.034131 0.005361 0.043611 0.908863 0.008035
3 3 0.040523 0.004904 0.037428 0.909583 0.007561
3 3 0.096275 0.007763 0.038543 0.843696 0.013723
3 3 0.136807 0.010142 0.041444 0.792627 0.018980
3 3 0.171901 0.012881 0.045413 0.744628 0.025176
3 3 0.163237 0.014344 0.051736 0.743178 0.027504
3 3 0.123268 0.012459 0.053535 0.788386 0.022352
3 3 0.146529 0.014496 0.056376 0.755894 0.026704
3 3 0.121987 0.010323 0.046114 0.803248 0.018328
3 3 0.134843 0.011246 0.047538 0.786125 0.020248
3 3 0.136883 0.011910 0.050437 0.779590 0.021181
3 3 0.110790 0.010133 0.050357 0.811941 0.016779
3 3 0.133172 0.013279 0.061319 0.770523 0.021707
3 2 0.283130 0.041591 0.142035 0.502937 0.030307
0 2 0.501161 0.087687 0.181126 0.195800 0.034227
0 2 0.604399 0.113449 0.159241 0.087931 0.034979
0 2 0.679981 0.125961 0.121127 0.040048 0.032883
0 2 0.527788 0.175108 0.208701 0.048263 0.040140
0 2 0.513271 0.207891 0.206289 0.031673 0.040877
0 2 0.411236 0.236113 0.273599 0.034651 0.044400
2 2 0.309195 0.254853 0.356244 0.032605 0.047102
2 2 0.187031 0.237482 0.497864 0.032605 0.045018
2 2 0.088423 0.184985 0.656478 0.031944 0.038170
2 2 0.055991 0.155235 0.714514 0.034350 0.039909
2 2 0.029295 0.116815 0.781846 0.037276 0.034769
2 2 0.025476 0.111537 0.796134 0.035434 0.031418
2 2 0.054224 0.152569 0.710707 0.038388 0.044112
2 2 0.058238 0.173098 0.687756 0.029359 0.051548
2 2 0.112162 0.203190 0.591240 0.036473 0.056935
2 2 0.234930 0.230461 0.437047 0.040302 0.057261
0 2 0.343406 0.247265 0.316645 0.036528 0.056156
0 2 0.405223 0.228330 0.276251 0.040335 0.049860
0 2 0.435032 0.227228 0.250577 0.036991 0.050173
0 2 0.424361 0.225465 0.266691 0.037936 0.045546
2 2 0.239873 0.228857 0.435712 0.042554 0.053005
2 2 0.164971 0.194062 0.538836 0.054962 0.047170
2 0 0.218944 0.187238 0.478790 0.067566 0.047461
0 0 0.528116 0.167684 0.207935 0.052346 0.043919
0 1 0.657174 0.135695 0.124125 0.040601 0.042406
0 2 0.677099 0.132482 0.111636 0.036699 0.042084
0 2 0.784807 0.106755 0.056131 0.018442 0.033865
0 2 0.799980 0.106922 0.050957 0.014062 0.028078
0 1 0.541079 0.228661 0.161459 0.020934 0.047867
2 1 0.317517 0.266546 0.322258 0.029771 0.063908
2 1 0.065100 0.163205 0.695155 0.031147 0.045393
2 2 0.038317 0.119014 0.766101 0.039408 0.037160
2 2 0.019750 0.086709 0.825847 0.038141 0.029553
2 2 0.018439 0.085364 0.818325 0.042434 0.035438
2 2 0.007237 0.054007 0.867208 0.043705 0.027842
2 2 0.011447 0.058159 0.827005 0.068746 0.034644
2 2 0.016793 0.068982 0.800003 0.072284 0.041938
2 2 0.020806 0.085865 0.787554 0.055145 0.050630
2 2 0.017431 0.089218 0.797933 0.039662 0.055757
2 2 0.031169 0.124797 0.740195 0.031028 0.072812
2 2 0.049917 0.164090 0.641274 0.029253 0.115467
2 2 0.053802 0.183189 0.599537 0.026223 0.137248
2 2 0.070085 0.212501 0.469994 0.026295 0.221124
2 2 0.083604 0.204151 0.417601 0.034954 0.259690
2 2 0.116147 0.214612 0.364925 0.040811 0.263505
2 2 0.123173 0.225684 0.356816 0.039558 0.254769
2 2 0.069690 0.218055 0.448189 0.027950 0.236116
2 2 0.057322 0.215847 0.480872 0.023875 0.222084
2 2 0.056076 0.228391 0.491932 0.020814 0.202787
2 2 0.040347 0.213616 0.582026 0.016766 0.147245
2 2 0.026434 0.175909 0.679185 0.014538 0.103935
2 2 0.014199 0.115776 0.809130 0.012080 0.048816
2 2 0.011850 0.099625 0.838147 0.012248 0.038131
2 2 0.013106 0.109973 0.829381 0.010875 0.036665
2 2 0.011823 0.103210 0.836828 0.010833 0.037306
2 2 0.006007 0.065940 0.893191 0.011991 0.022871
2 2 0.004795 0.059609 0.904446 0.010737 0.020414
2 2 0.004851 0.058934 0.902696 0.011056 0.022462
2 2 0.007208 0.074373 0.875092 0.011513 0.031814
2 2 0.012344 0.105857 0.814497 0.012492 0.054810
2 2 0.015628 0.122472 0.769607 0.014266 0.078026
2 2 0.023207 0.150195 0.703415 0.017138 0.106045
2 2 0.031202 0.173626 0.634359 0.019553 0.141259
2 2 0.029508 0.149914 0.674258 0.024067 0.122254
2 2 0.038882 0.162422 0.633779 0.030528 0.134389
2 2 0.035662 0.149615 0.670148 0.035119 0.109456
2 2 0.043900 0.162135 0.638628 0.040410 0.114926
2 2 0.035852 0.134534 0.672034 0.054355 0.103225
2 2 0.054152 0.148463 0.600170 0.073751 0.123464
2 2 0.096133 0.158355 0.555321 0.093371 0.096820
2 2 0.287768 0.204732 0.331653 0.070021 0.105826
0 0 0.423901 0.195798 0.244364 0.061468 0.074468
0 1 0.475204 0.208137 0.202599 0.043044 0.071016
0 2 0.487733 0.206250 0.206540 0.040367 0.059110
0 2 0.446989 0.254622 0.214147 0.026267 0.057974
0 2 0.346548 0.314200 0.263678 0.019603 0.055971
2 2 0.164972 0.331460 0.421880 0.016012 0.065677
2 2 0.029160 0.161101 0.751056 0.014631 0.044052
2 2 0.011905 0.090382 0.851674 0.018403 0.027637
2 2 0.008443 0.070508 0.877440 0.021473 0.022137
2 2 0.005851 0.053304 0.895651 0.026257 0.018937
2 2 0.005669 0.048632 0.890774 0.036187 0.018738
2 2 0.007121 0.047729 0.856404 0.067496 0.021250
2 2 0.012065 0.054192 0.790522 0.113829 0.029392
2 2 0.021988 0.058243 0.669626 0.210945 0.039198
2 2 0.023728 0.056198 0.610317 0.259829 0.049929
2 2 0.024392 0.050661 0.563097 0.315246 0.046603
2 2 0.039927 0.058673 0.510190 0.346090 0.045119
2 2 0.135341 0.137460 0.532522 0.135830 0.058847
2 2 0.297353 0.155125 0.357193 0.133930 0.056400
0 2 0.447071 0.166925 0.254619 0.079727 0.051658
0 2 0.471681 0.178022 0.235502 0.062789 0.052006
0 2 0.354550 0.188254 0.310860 0.086620 0.059716
2 2 0.197636 0.178889 0.476756 0.096341 0.050378
0 2 0.389071 0.199520 0.307154 0.061404 0.042851
0 1 0.456625 0.233581 0.228808 0.031310 0.049676
0 2 0.386833 0.235535 0.295143 0.034564 0.047925
2 2 0.187168 0.205490 0.522302 0.040004 0.045037
2 2 0.113970 0.183195 0.620481 0.038663 0.043691
2 2 0.053463 0.137254 0.732325 0.040182 0.036776
2 2 0.027271 0.105800 0.795331 0.038738 0.032861
2 2 0.029665 0.099406 0.768491 0.063551 0.038887
2 2 0.022980 0.078589 0.762362 0.101128 0.034941
2 2 0.025808 0.068891 0.708646 0.165511 0.031144
2 2 0.036327 0.077973 0.678310 0.178110 0.029280
2 2 0.049092 0.091926 0.650721 0.171876 0.036384
2 2 0.056191 0.079680 0.562217 0.262201 0.039712
2 2 0.062805 0.072880 0.487953 0.330653 0.045709
2 2 0.034493 0.047148 0.471813 0.415245 0.031302
3 2 0.036068 0.039543 0.380501 0.513239 0.030649
3 2 0.031266 0.032499 0.323730 0.580957 0.031548
3 2 0.037768 0.027011 0.232226 0.674572 0.028423
3 2 0.037760 0.020224 0.168048 0.750757 0.023209
3 2 0.037611 0.015329 0.128189 0.799581 0.019290
3 2 0.044164 0.016035 0.123376 0.795537 0.020889
3 2 0.039756 0.014256 0.117614 0.810244 0.018130
3 3 0.044215 0.016625 0.126450 0.790937 0.021771
3 3 0.033773 0.013319 0.114076 0.821699 0.017134
3 3 0.019341 0.009106 0.102782 0.857973 0.010798
3 3 0.014967 0.009137 0.114547 0.850956 0.010392
3 3 0.015783 0.008959 0.108975 0.855897 0.010386
3 3 0.023793 0.012301 0.118392 0.829995 0.015519
3 3 0.033273 0.014414 0.117713 0.815368 0.019232
3 3 0.047515 0.014131 0.103088 0.815906 0.019361
3 3 0.062892 0.015443 0.099660 0.800069 0.021936
3 3 0.067161 0.015513 0.094738 0.799776 0.022813
3 3 0.077304 0.016732 0.092751 0.787470 0.025743
3 3 0.065406 0.013191 0.081501 0.820173 0.019729
3 3 0.077005 0.016167 0.088357 0.793129 0.025342
3 3 0.054889 0.010734 0.070956 0.847291 0.016130
3 3 0.061957 0.011504 0.071777 0.837194 0.017569
3 3 0.068911 0.009745 0.060044 0.846325 0.014975
3 3 0.100520 0.011889 0.059773 0.808229 0.019589
3 3 0.111389 0.012291 0.055784 0.798964 0.021572
3 3 0.139242 0.012559 0.048871 0.775477 0.023851
3 3 0.077258 0.007292 0.038901 0.863718 0.012831
3 3 0.051470 0.005848 0.037301 0.895523 0.009858
3 3 0.051209 0.006533 0.042272 0.889228 0.010758
3 3 0.076830 0.012044 0.062558 0.828028 0.020540
3 3 0.093683 0.015053 0.071776 0.793763 0.025725
3 3 0.092453 0.020683 0.095109 0.756648 0.035107
3 3 0.061343 0.017986 0.107470 0.786194 0.027006
3 3 0.096165 0.030853 0.157029 0.679208 0.036745
3 3 0.127682 0.050932 0.229939 0.548435 0.043012
3 3 0.154989 0.071260 0.277328 0.444028 0.052394
3 3 0.164706 0.081072 0.304757 0.398551 0.050915
3 3 0.166903 0.084702 0.298118 0.390353 0.059923
3 3 0.115600 0.053757 0.231387 0.543976 0.055280
3 3 0.096343 0.013050 0.064715 0.804134 0.021758
3 3 0.108166 0.015367 0.071019 0.779448 0.026000
3 3 0.141434 0.018784 0.072854 0.733068 0.033860
3 3 0.164433 0.020899 0.073623 0.702167 0.038878
3 3 0.082597 0.015585 0.079756 0.796429 0.025634
3 3 0.049283 0.011727 0.077459 0.843648 0.017883
3 3 0.052130 0.011373 0.072930 0.845909 0.017658
3 3 0.050216 0.010622 0.068467 0.854002 0.016693
3 3 0.042763 0.008335 0.059345 0.876789 0.012768
3 3 0.027402 0.005120 0.045960 0.914111 0.007408
3 3 0.033603 0.005717 0.045779 0.906238 0.008663
3 3 0.038735 0.006114 0.045306 0.900286 0.009559
3 3 0.040609 0.005831 0.042348 0.901982 0.009230
3 3 0.047917 0.006675 0.044200 0.890302 0.010905
3 3 0.063878 0.007129 0.042018 0.874956 0.012019
3 3 0.114317 0.011950 0.050112 0.801167 0.022455
3 3 0.113282 0.010899 0.046636 0.808811 0.020372
3 3 0.070928 0.007671 0.043260 0.865110 0.013031
3 3 0.037162 0.004061 0.034004 0.918785 0.005988
3 3 0.035687 0.003713 0.032130 0.923060 0.005411
3 3 0.033656 0.004712 0.040827 0.914022 0.006783
3 3 0.035412 0.004887 0.041247 0.911359 0.007095
3 3 0.035205 0.005902 0.048627 0.901670 0.008596
3 3 0.056778 0.008365 0.055868 0.866268 0.012721
3 3 0.126803 0.016614 0.074889 0.754367 0.027327
3 3 0.285195 0.042542 0.124220 0.499970 0.048074
3 3 0.335221 0.066012 0.180191 0.373543 0.045032
0 2 0.325677 0.100877 0.263374 0.264159 0.045913
0 2 0.412889 0.137130 0.261844 0.141110 0.047026
0 2 0.466594 0.196419 0.237991 0.051807 0.047189
0 2 0.420495 0.237936 0.253063 0.036674 0.051832
2 2 0.162974 0.240567 0.487373 0.042256 0.066831
2 2 0.141006 0.227742 0.533028 0.041266 0.056957
2 2 0.134831 0.250131 0.524486 0.031132 0.059420
2 2 0.084243 0.219290 0.619797 0.028117 0.048554
2 2 0.045439 0.164966 0.728272 0.029111 0.032212
2 2 0.058244 0.171866 0.704379 0.033269 0.032242
2 2 0.132763 0.221220 0.564419 0.038146 0.043452
2 2 0.131499 0.207409 0.578861 0.041331 0.040901
2 2 0.155257 0.217378 0.538123 0.041978 0.047264
2 2 0.098140 0.193332 0.623956 0.036326 0.048246
2 2 0.134144 0.228319 0.544545 0.034129 0.058862
2 2 0.105397 0.245572 0.573866 0.022842 0.052322
2 2 0.078233 0.235884 0.608760 0.019537 0.057586
2 2 0.020892 0.127293 0.798575 0.017783 0.035456
2 2 0.029129 0.154539 0.761682 0.016841 0.037809
2 2 0.027958 0.174424 0.752286 0.011139 0.034192
2 2 0.027772 0.196070 0.730273 0.008922 0.036963
2 2 0.013314 0.112980 0.838185 0.009966 0.025555
2 2 0.012424 0.099891 0.848415 0.013219 0.026051
2 2 0.014460 0.100047 0.837653 0.017943 0.029898
2 2 0.009644 0.078572 0.871019 0.017337 0.023428
2 2 0.007417 0.063911 0.884921 0.021307 0.022445
2 2 0.004655 0.045638 0.902842 0.027315 0.019549
2 2 0.006521 0.051396 0.878561 0.036841 0.026681
2 2 0.006725 0.051797 0.881489 0.034470 0.025520
2 2 0.009364 0.064869 0.862107 0.031723 0.031937
2 2 0.007174 0.059043 0.878575 0.025664 0.029544
2 2 0.007753 0.060828 0.871439 0.030602 0.029378
2 1 0.017619 0.093515 0.819969 0.032491 0.036405
2 2 0.040010 0.184705 0.710890 0.015439 0.048956
2 2 0.065995 0.205359 0.654581 0.020594 0.053471
2 2 0.069295 0.210316 0.652224 0.020140 0.048026
2 2 0.043285 0.174292 0.729983 0.017062 0.035379
2 2 0.013878 0.102420 0.846754 0.014306 0.022642
2 2 0.011497 0.088739 0.862742 0.017310 0.019711
2 2 0.021215 0.122891 0.810625 0.018780 0.026488
2 2 0.071187 0.180144 0.677865 0.030462 0.040342
2 2 0.092189 0.168196 0.663787 0.041784 0.034044
2 2 0.125452 0.181270 0.615164 0.044015 0.034100
0 2 0.371264 0.216392 0.332323 0.040062 0.039959
0 1 0.516324 0.190241 0.208292 0.040707 0.044435
0 1 0.528054 0.188567 0.184322 0.041736 0.057320
0 2 0.392697 0.222765 0.229905 0.044741 0.109892
2 2 0.224731 0.239472 0.313868 0.043645 0.178285
4 2 0.277381 0.166316 0.180846 0.081765 0.293691
4 4 0.272376 0.135730 0.137442 0.108876 0.345575
4 4 0.254330 0.142070 0.142410 0.106090 0.355100
4 4 0.270535 0.137881 0.136532 0.108236 0.346817
4 4 0.284713 0.134255 0.131572 0.109948 0.339512
0 4 0.325681 0.123973 0.118078 0.114088 0.318179
0 4 0.333369 0.122075 0.115671 0.114738 0.314146
0 4 0.391531 0.108012 0.098556 0.118456 0.283444
0 4 0.404810 0.104874 0.094894 0.119019 0.276404
0 4 0.377882 0.111266 0.102410 0.117769 0.290673
0 4 0.333686 0.121997 0.115573 0.114764 0.313980
0 4 0.332414 0.122311 0.115968 0.114660 0.314648
0 4 0.325333 0.124060 0.118188 0.114057 0.318362
0 4 0.352968 0.117278 0.109696 0.116225 0.303834
0 4 0.379358 0.110913 0.101989 0.117848 0.289892
4 4 0.282080 0.134926 0.132481 0.109641 0.340873
4 4 0.307791 0.128429 0.123827 0.112422 0.327531
0 4 0.327568 0.123507 0.117484 0.114251 0.317190
4 4 0.273887 0.137020 0.135345 0.108654 0.345094
4 4 0.244837 0.144548 0.145965 0.104735 0.359915
4 4 0.259873 0.141256 0.140881 0.106378 0.351613
4 4 0.260948 0.140354 0.139982 0.106991 0.351726
0 4 0.325187 0.139012 0.129742 0.102062 0.303997
0 4 0.360103 0.169966 0.146225 0.076872 0.246835
0 1 0.387556 0.230858 0.173857 0.043588 0.164140
0 1 0.376119 0.256425 0.186752 0.035592 0.145112
0 1 0.356337 0.294811 0.204058 0.025981 0.118813
1 2 0.269951 0.356411 0.247288 0.018543 0.107807
2 2 0.078107 0.376595 0.449152 0.007831 0.088315
2 2 0.033367 0.273896 0.577960 0.007439 0.107338
2 2 0.018405 0.182748 0.714221 0.007755 0.076872
2 2 0.016843 0.176508 0.729514 0.007221 0.069914
2 2 0.011242 0.137615 0.790240 0.006534 0.054370
2 2 0.013613 0.159075 0.752554 0.006727 0.068031
2 2 0.014602 0.174097 0.732261 0.006244 0.072796
2 2 0.017162 0.202326 0.690281 0.005857 0.084373
2 2 0.015170 0.184070 0.723865 0.005796 0.071099
2 2 0.016036 0.186249 0.725575 0.005946 0.066193
2 2 0.016726 0.186241 0.727012 0.006210 0.063811
2 2 0.017023 0.189690 0.724956 0.006065 0.062265
2 2 0.011686 0.141586 0.795849 0.006069 0.044810
2 2 0.011621 0.136778 0.798711 0.006538 0.046352
2 2 0.008885 0.109023 0.841194 0.006483 0.034415
2 2 0.007565 0.099360 0.854999 0.006121 0.031955
2 2 0.008402 0.108529 0.840135 0.006223 0.036712
2 2 0.012616 0.123860 0.789595 0.009919 0.064009
2 2 0.018466 0.159109 0.728083 0.010655 0.083687
2 2 0.015798 0.132903 0.775864 0.011544 0.063891
2 2 0.021872 0.160336 0.733345 0.012477 0.071969
2 2 0.027927 0.187341 0.690099 0.012822 0.081810
2 2 0.028431 0.190483 0.684871 0.012737 0.083477
2 2 0.021083 0.150474 0.749217 0.013191 0.066035
2 2 0.018249 0.145790 0.759951 0.011581 0.064430
2 2 0.013801 0.116477 0.810976 0.011382 0.047364
2 2 0.012515 0.104826 0.821000 0.013280 0.048379
2 2 0.009278 0.079183 0.860902 0.018827 0.031809
2 2 0.009203 0.071777 0.870319 0.023749 0.024952
2 2 0.016130 0.094132 0.834991 0.026402 0.028344
2 2 0.012967 0.081571 0.847713 0.030695 0.027054
2 2 0.010378 0.070002 0.858448 0.035599 0.025572
2 2 0.008924 0.063040 0.865483 0.039572 0.022982
2 2 0.011329 0.074388 0.853523 0.034134 0.026626
2 2 0.012644 0.084793 0.844514 0.028501 0.029548
2 2 0.010775 0.082186 0.852640 0.023821 0.030578
2 2 0.009400 0.073474 0.862990 0.027125 0.027011
2 2 0.009630 0.075648 0.858741 0.026337 0.029644
2 2 0.012875 0.091841 0.830616 0.025377 0.039292
2 2 0.011571 0.088646 0.840316 0.023471 0.035995
2 2 0.008362 0.068468 0.863199 0.030996 0.028975
2 2 0.008806 0.064319 0.848449 0.043799 0.034627
2 2 0.007665 0.054520 0.852533 0.056978 0.028303
2 2 0.010783 0.065436 0.828153 0.062747 0.032880
2 2 0.011667 0.066722 0.816384 0.070423 0.034805
2 2 0.013177 0.057130 0.765544 0.126216 0.037932
2 2 0.010768 0.053796 0.770852 0.123748 0.040836
2 2 0.012710 0.056426 0.754141 0.135583 0.041140
2 2 0.012920 0.057567 0.740314 0.140349 0.048850
2 2 0.009556 0.045775 0.746183 0.158446 0.040040
2 2 0.006738 0.041936 0.811549 0.110756 0.029020
2 2 0.004247 0.036458 0.871729 0.066703 0.020863
2 2 0.004290 0.038902 0.878634 0.056983 0.021192
2 2 0.005056 0.040451 0.859481 0.069176 0.025835
2 2 0.004006 0.032317 0.844383 0.097898 0.021396
2 2 0.003841 0.031321 0.847351 0.094300 0.023187
2 2 0.003667 0.029467 0.843596 0.101100 0.022170
2 2 0.005966 0.037787 0.802773 0.121972 0.031503
2 2 0.005496 0.033413 0.772724 0.159190 0.029177
2 2 0.006828 0.040000 0.788913 0.138442 0.025818
2 2 0.006721 0.041680 0.810327 0.116490 0.024782
2 2 0.008176 0.047695 0.791746 0.120072 0.032311
2 2 0.006419 0.032304 0.713284 0.219519 0.028474
2 2 0.007591 0.035818 0.713428 0.215053 0.028109
2 2 0.006763 0.037800 0.756907 0.171079 0.027451
2 2 0.008224 0.044790 0.753752 0.158863 0.034372
2 2 0.005291 0.030194 0.707582 0.227506 0.029427
2 2 0.004173 0.022903 0.651367 0.297673 0.023884
2 2 0.003723 0.018625 0.577804 0.378356 0.021492
2 2 0.003882 0.020007 0.601681 0.350542 0.023887
2 2 0.004783 0.023678 0.619448 0.320697 0.031394
2 2 0.007209 0.028953 0.617542 0.311589 0.034707
2 2 0.011511 0.030579 0.533612 0.385836 0.038462
3 2 0.016721 0.030797 0.449828 0.466267 0.036387
3 2 0.025731 0.037975 0.447863 0.451477 0.036953
2 2 0.035920 0.050369 0.469249 0.398470 0.045992
2 2 0.033178 0.046639 0.438402 0.431602 0.050179
3 2 0.029451 0.021864 0.190801 0.730072 0.027813
3 2 0.041339 0.025604 0.190777 0.708462 0.033819
3 2 0.041684 0.033344 0.268993 0.610189 0.045789
2 2 0.040642 0.055934 0.486859 0.370224 0.046341
2 2 0.034068 0.085192 0.690683 0.145342 0.044716
2 2 0.021270 0.096471 0.795245 0.053887 0.033126
2 2 0.023687 0.109420 0.796705 0.037753 0.032435
2 2 0.019613 0.104688 0.811050 0.031576 0.033074
2 2 0.013930 0.086541 0.842743 0.029908 0.026878
2 2 0.017921 0.096059 0.829375 0.031506 0.025139
2 2 0.026713 0.123834 0.796947 0.024816 0.027691
2 2 0.037289 0.158489 0.755362 0.018594 0.030267
2 2 0.022545 0.136090 0.799617 0.014301 0.027446
2 2 0.015572 0.120202 0.827938 0.012010 0.024279
2 2 0.006724 0.074576 0.891907 0.010439 0.016353
2 2 0.008267 0.087185 0.876409 0.009609 0.018531
2 2 0.004835 0.062567 0.909102 0.009331 0.014166
2 2 0.008119 0.082454 0.876773 0.011130 0.021523
2 2 0.013545 0.094981 0.847284 0.018532 0.025659
2 2 0.085009 0.199325 0.639616 0.027832 0.048218
2 2 0.173286 0.228868 0.516626 0.034940 0.046281
2 2 0.227315 0.253996 0.437388 0.032411 0.048891
2 0 0.168837 0.237678 0.515210 0.031495 0.046780
2 1 0.192691 0.273789 0.455109 0.025554 0.052858
2 1 0.107383 0.260453 0.566842 0.018847 0.046474
2 2 0.030159 0.180358 0.739169 0.011784 0.038531
2 2 0.010562 0.095870 0.857943 0.010959 0.024667
2 2 0.005235 0.060558 0.905089 0.011805 0.017313
2 2 0.005589 0.063541 0.900011 0.011901 0.018957
2 2 0.006631 0.070519 0.885581 0.012544 0.024724
2 2 0.008646 0.078058 0.871437 0.015295 0.026564
2 2 0.017900 0.118378 0.809862 0.015641 0.038219
2 2 0.053035 0.179637 0.695750 0.021519 0.050059
2 1 0.130253 0.236032 0.557723 0.026597 0.049395
2 1 0.203050 0.270353 0.449648 0.025542 0.051408
2 2 0.185042 0.266643 0.467055 0.025489 0.055771
2 2 0.123247 0.209733 0.586957 0.030427 0.049635
2 2 0.080556 0.179771 0.668525 0.028937 0.042211
2 2 0.029126 0.129364 0.785429 0.022312 0.033768
2 2 0.011001 0.085325 0.859150 0.020013 0.024512
2 2 0.014772 0.105472 0.833910 0.018358 0.027488
2 2 0.020751 0.123522 0.802211 0.020441 0.033075
2 2 0.046863 0.204249 0.685766 0.015637 0.047484
2 2 0.054241 0.215472 0.670264 0.015207 0.044816
2 2 0.047773 0.216554 0.677700 0.013117 0.044855
2 2 0.086833 0.248514 0.596263 0.016672 0.051717
2 2 0.155206 0.269604 0.498866 0.021303 0.055021
0 0 0.535413 0.222041 0.166553 0.024355 0.051639
0 0 0.710663 0.124369 0.090931 0.031532 0.042505
0 0 0.854514 0.060601 0.032564 0.023025 0.029295
0 0 0.933968 0.025004 0.011202 0.015796 0.014030
0 0 0.968402 0.009239 0.003743 0.012106 0.006510
0 0 0.982361 0.004749 0.001713 0.008029 0.003148
0 0 0.984955 0.003909 0.001367 0.007197 0.002573
0 0 0.988005 0.003679 0.001197 0.005259 0.001859
0 0 0.980005 0.007178 0.002541 0.006905 0.003372
0 0 0.968012 0.014908 0.005409 0.006821 0.004850
0 0 0.953942 0.022763 0.008657 0.007792 0.006847
0 0 0.920310 0.036639 0.015961 0.012907 0.014182
0 0 0.920334 0.034362 0.015342 0.014579 0.015384
0 0 0.920225 0.030493 0.014158 0.017731 0.017393
0 0 0.934486 0.025422 0.011293 0.015175 0.013624
0 0 0.924654 0.028229 0.013028 0.017553 0.016535
0 1 0.937784 0.021585 0.009765 0.016966 0.013900
0 0 0.943865 0.018875 0.008417 0.016339 0.012504
0 0 0.950415 0.018743 0.007924 0.012934 0.009984
0 0 0.943639 0.022108 0.009498 0.013457 0.011298
0 0 0.932735 0.026803 0.011878 0.014855 0.013728
0 0 0.898552 0.038604 0.018843 0.020905 0.023096
0 0 0.837889 0.062301 0.033372 0.027387 0.039050
0 0 0.819414 0.064719 0.036241 0.032478 0.047148
0 0 0.796400 0.082086 0.045347 0.028508 0.047659
0 1 0.748009 0.104217 0.059647 0.030054 0.058073
0 1 0.635431 0.154018 0.094930 0.032899 0.082721
0 1 0.538980 0.210630 0.132158 0.028157 0.090074
0 1 0.370585 0.301930 0.200917 0.022641 0.103927
2 1 0.128822 0.350854 0.393288 0.013530 0.113506
2 1 0.027613 0.223854 0.672493 0.008164 0.067877
2 2 0.023815 0.213421 0.692683 0.007308 0.062774
2 2 0.021693 0.205882 0.706486 0.006864 0.059075
2 2 0.031465 0.245669 0.634258 0.008246 0.080363
2 2 0.084609 0.303602 0.516041 0.012796 0.082952
0 2 0.400896 0.299362 0.196898 0.020072 0.082771
0 2 0.580095 0.208471 0.121332 0.021802 0.068300
0 2 0.659261 0.167126 0.093609 0.021936 0.058068
0 0 0.728410 0.141300 0.072674 0.017121 0.040494
0 1 0.775722 0.118353 0.058127 0.015326 0.032472
0 1 0.720242 0.151757 0.076088 0.014888 0.037024
0 2 0.632614 0.198016 0.105224 0.016047 0.048098
0 2 0.485622 0.275233 0.158465 0.016219 0.064460
0 2 0.392054 0.322632 0.208422 0.015021 0.061870
2 2 0.245276 0.313621 0.366378 0.017227 0.057499
2 2 0.098910 0.224470 0.615309 0.018910 0.042402
2 2 0.039219 0.152388 0.764540 0.015256 0.028597
2 2 0.028596 0.138919 0.793184 0.013006 0.026294
2 2 0.015398 0.105275 0.846043 0.011218 0.022066
2 2 0.010993 0.091490 0.866867 0.010648 0.020002
2 2 0.009054 0.086335 0.877191 0.009377 0.018043
2 2 0.009480 0.093945 0.869744 0.008017 0.018814
2 2 0.008886 0.093006 0.872250 0.007462 0.018396
2 2 0.008149 0.092392 0.875823 0.006399 0.017236
2 2 0.007461 0.086199 0.883663 0.007022 0.015655
2 2 0.008502 0.095110 0.873270 0.006392 0.016726
2 2 0.009249 0.098445 0.867255 0.006966 0.018085
2 2 0.009909 0.098626 0.864082 0.008007 0.019376
2 2 0.009519 0.091443 0.870592 0.009559 0.018888
2 2 0.008036 0.078966 0.885689 0.010873 0.016436
2 2 0.009435 0.090158 0.872063 0.009477 0.018867
2 2 0.011233 0.100444 0.857430 0.009372 0.021520
2 2 0.012620 0.108347 0.846247 0.009053 0.023732
2 2 0.012049 0.101252 0.853451 0.010463 0.022785
2 2 0.009685 0.085734 0.872262 0.011631 0.020689
2 2 0.008450 0.073406 0.884621 0.015055 0.018467
2 2 0.007703 0.069113 0.889440 0.015504 0.018240
2 2 0.006094 0.057378 0.901007 0.018994 0.016526
2 2 0.004033 0.043659 0.918969 0.020301 0.013039
2 2 0.003640 0.041372 0.921013 0.021155 0.012820
2 2 0.003295 0.040457 0.925067 0.018684 0.012497
2 2 0.002831 0.036635 0.931238 0.018200 0.011096
2 2 0.002994 0.039089 0.930796 0.015221 0.011900
0 2 0.313351 0.195890 0.180688 0.065632 0.244439
4 2 0.320699 0.125209 0.119658 0.113646 0.320788
0 4 0.385474 0.109453 0.100255 0.118165 0.286654
0 4 0.394463 0.107317 0.097740 0.118589 0.281890
0 4 0.379766 0.110815 0.101873 0.117870 0.289676
0 4 0.377627 0.111327 0.102483 0.117755 0.290808
0 4 0.440575 0.096547 0.085433 0.120030 0.257415
0 4 0.525496 0.077509 0.065061 0.119555 0.212379
0 4 0.589316 0.063882 0.051467 0.116535 0.178801
0 4 0.639707 0.053554 0.041686 0.112461 0.152592
0 4 0.598533 0.061963 0.049616 0.115904 0.173983
0 4 0.631838 0.055141 0.043159 0.113200 0.156662
0 4 0.746335 0.033117 0.023687 0.098276 0.098586
0 4 0.801805 0.023403 0.015830 0.087250 0.071712
0 4 0.810126 0.022012 0.014748 0.085329 0.067785
0 4 0.825763 0.019452 0.012787 0.081503 0.060494
0 4 0.801644 0.023430 0.015852 0.087286 0.071788
0 4 0.768578 0.029135 0.020406 0.094203 0.087679
0 4 0.739346 0.034390 0.024753 0.099467 0.102044
0 4 0.634657 0.054571 0.042629 0.112940 0.155203
0 4 0.609786 0.059639 0.047394 0.115066 0.168115
0 4 0.553539 0.071448 0.058917 0.118514 0.197583
0 4 0.561626 0.069721 0.057195 0.118131 0.193327
0 4 0.462054 0.091635 0.080014 0.120290 0.246007
0 4 0.434454 0.097959 0.087012 0.119909 0.260666
0 4 0.391043 0.108128 0.098692 0.118433 0.283703
0 4 0.443253 0.095931 0.084747 0.120077 0.255993
0 4 0.453266 0.093637 0.082208 0.120215 0.250674
0 4 0.478900 0.087828 0.075895 0.120313 0.237064
0 4 0.433442 0.098193 0.087275 0.119887 0.261203
0 4 0.348600 0.118342 0.111008 0.115914 0.306136
0 4 0.363383 0.114753 0.106609 0.116916 0.298338
4 4 0.313723 0.126945 0.121897 0.112999 0.324436
0 4 0.377047 0.111466 0.102649 0.117723 0.291115
0 4 0.372882 0.112465 0.103846 0.117489 0.293318
0 4 0.424123 0.100354 0.089714 0.119656 0.266152
0 4 0.499567 0.083213 0.070991 0.120126 0.226104
0 4 0.480744 0.087414 0.075451 0.120306 0.236085
0 4 0.536223 0.075177 0.062679 0.119209 0.206712
0 4 0.565093 0.068984 0.056464 0.117955 0.191504
0 4 0.613155 0.058947 0.046737 0.114800 0.166361
0 4 0.578440 0.066162 0.053686 0.117215 0.184497
0 4 0.639869 0.053522 0.041656 0.112445 0.152508
0 4 0.749951 0.032462 0.023142 0.097643 0.096802
0 4 0.753610 0.031802 0.022595 0.096991 0.095001
0 4 0.836276 0.017773 0.011524 0.078762 0.055665
0 4 0.860195 0.014090 0.008825 0.071958 0.044932
0 4 0.835904 0.017832 0.011568 0.078861 0.055835
0 4 0.863898 0.013539 0.008430 0.070828 0.043306
0 4 0.853267 0.015136 0.009581 0.074015 0.048001
0 4 0.788512 0.025663 0.017613 0.090165 0.078048
0 4 0.765470 0.029684 0.020854 0.094798 0.089193
0 4 0.813431 0.021465 0.014326 0.084544 0.066234
0 4 0.856107 0.014705 0.009268 0.073181 0.046739
0 4 0.875918 0.011787 0.007192 0.067001 0.038101
0 4 0.894022 0.009270 0.005463 0.060735 0.030510
0 4 0.814625 0.021268 0.014174 0.084258 0.065674
0 4 0.774625 0.028071 0.019544 0.093018 0.084742
0 4 0.732189 0.035705 0.025861 0.100645 0.105599
0 4 0.685020 0.044618 0.033588 0.107424 0.129351
0 4 0.903318 0.008042 0.004644 0.057250 0.026747
0 4 0.891988 0.009545 0.005649 0.061471 0.031346
0 4 0.902616 0.008133 0.004704 0.057520 0.027027
0 4 0.813698 0.021421 0.014292 0.084480 0.066109
0 4 0.700917 0.041567 0.030903 0.105324 0.121290
0 4 0.535236 0.075391 0.062896 0.119243 0.207234
0 4 0.542546 0.073810 0.061293 0.118975 0.203376
0 4 0.547251 0.072797 0.060271 0.118786 0.200895
0 4 0.606149 0.060388 0.048108 0.115345 0.170010
0 4 0.546042 0.073057 0.060533 0.118835 0.201533
0 4 0.516266 0.079528 0.067144 0.119801 0.217260
0 4 0.346995 0.118734 0.111493 0.115797 0.306981
0 4 0.344125 0.119435 0.112364 0.115584 0.308492
0 4 0.324160 0.124350 0.118559 0.113955 0.318976
4 4 0.270086 0.148186 0.144815 0.100640 0.336274
4 4 0.237139 0.174522 0.170959 0.085451 0.331929
4 4 0.239769 0.213942 0.198088 0.064939 0.283262
4 4 0.265078 0.177965 0.168047 0.081954 0.306955
4 4 0.263253 0.139757 0.139145 0.107297 0.350548
4 4 0.313595 0.126977 0.121939 0.112986 0.324502
0 4 0.444549 0.095633 0.084416 0.120098 0.255304
0 4 0.535048 0.075432 0.062938 0.119250 0.207333
0 4 0.554661 0.071208 0.058677 0.118463 0.196992
0 4 0.490549 0.085219 0.073111 0.120236 0.230884
0 4 0.402351 0.105453 0.095566 0.118923 0.277708
4 4 0.320139 0.125348 0.119837 0.113595 0.321081
4 4 0.183619 0.196997 0.208845 0.072144 0.338396
1 4 0.198293 0.285609 0.254757 0.039127 0.222214
2 4 0.072652 0.287416 0.448290 0.017943 0.173699
2 4 0.093901 0.312405 0.403785 0.019222 0.170687
2 4 0.128680 0.328332 0.350575 0.021936 0.170477
2 1 0.111419 0.339393 0.375363 0.018204 0.155621
2 1 0.104494 0.352763 0.385971 0.015579 0.141192
2 1 0.071707 0.333819 0.454341 0.011939 0.128194
2 1 0.047062 0.301346 0.525149 0.009245 0.117198
2 1 0.024348 0.234495 0.622663 0.007154 0.111340
2 1 0.014825 0.195562 0.684636 0.005442 0.099535
2 1 0.010159 0.172791 0.726261 0.004146 0.086644
2 1 0.009126 0.163731 0.736868 0.004021 0.086254
2 1 0.013399 0.175915 0.693589 0.006136 0.110962
2 1 0.015599 0.177223 0.672942 0.007591 0.126645
2 1 0.016917 0.177471 0.660913 0.008534 0.136166
2 1 0.013494 0.163225 0.687132 0.007493 0.128656
2 1 0.018429 0.181784 0.649848 0.009118 0.140821
2 1 0.019562 0.192546 0.645580 0.008626 0.133686
2 1 0.022634 0.204081 0.627424 0.009217 0.136644
2 1 0.012714 0.172153 0.699301 0.005980 0.109852
2 1 0.012715 0.178259 0.700933 0.005463 0.102630
2 1 0.012380 0.182314 0.704871 0.004935 0.095499
2 2 0.014769 0.195993 0.685147 0.005378 0.098714
2 2 0.011673 0.177256 0.711103 0.004843 0.095126
2 2 0.013815 0.188374 0.692458 0.005381 0.099972
2 2 0.011663 0.170071 0.728911 0.005100 0.084254
2 2 0.011276 0.163562 0.740759 0.005196 0.079207
2 2 0.011457 0.162309 0.733637 0.005543 0.087055
2 2 0.010067 0.145709 0.756163 0.005744 0.082316
2 2 0.008018 0.112270 0.810772 0.006589 0.062351
2 2 0.007060 0.098633 0.836366 0.006725 0.051215
2 2 0.008487 0.108436 0.815748 0.007505 0.059824
2 2 0.009377 0.115981 0.804766 0.007591 0.062285
2 2 0.003456 0.057321 0.912657 0.006097 0.020470
2 2 0.005488 0.076805 0.882128 0.006384 0.029195
2 2 0.006991 0.087076 0.865458 0.007242 0.033233
2 2 0.007357 0.089605 0.859350 0.007559 0.036130
2 2 0.007068 0.084343 0.867123 0.008128 0.033337
2 2 0.007790 0.089932 0.860905 0.007952 0.033421
2 2 0.007906 0.091298 0.859908 0.007902 0.032986
2 2 0.008454 0.091861 0.855427 0.009426 0.034832
2 2 0.006981 0.078553 0.873016 0.011477 0.029972
2 2 0.008418 0.088146 0.859745 0.011675 0.032016
2 2 0.006263 0.073045 0.885598 0.011257 0.023837
2 2 0.004287 0.055393 0.910522 0.012496 0.017302
2 2 0.002794 0.038801 0.930048 0.015650 0.012707
2 2 0.002645 0.035143 0.928710 0.020237 0.013265
2 2 0.002374 0.030068 0.927057 0.028326 0.012175
2 2 0.001645 0.022250 0.925848 0.039801 0.010457
2 2 0.001170 0.016810 0.922267 0.050821 0.008932
2 2 0.001024 0.014910 0.912608 0.062542 0.008916
2 2 0.001151 0.017208 0.922000 0.049822 0.009819
2 2 0.001119 0.017355 0.924206 0.047621 0.009700
2 2 0.001046 0.017188 0.928438 0.043888 0.009439
2 2 0.000946 0.015906 0.926643 0.048068 0.008437
2 2 0.001271 0.018748 0.920449 0.049573 0.009958
2 2 0.001921 0.023779 0.907409 0.054348 0.012542
2 2 0.002851 0.027280 0.872730 0.080951 0.016188
2 2 0.002875 0.025998 0.860802 0.094548 0.015778
2 2 0.003180 0.025250 0.824369 0.130195 0.017007
2 2 0.003205 0.025790 0.830922 0.123085 0.016999
2 2 0.004118 0.028139 0.785549 0.160614 0.021581
2 2 0.003409 0.024727 0.789419 0.162584 0.019861
2 2 0.002662 0.020046 0.768334 0.192380 0.016578
2 2 0.002545 0.018798 0.742529 0.219245 0.016884
2 2 0.003811 0.021865 0.661110 0.290757 0.022458
2 2 0.004526 0.020974 0.560075 0.390908 0.023517
2 2 0.005137 0.021738 0.524242 0.423169 0.025714
2 2 0.005055 0.019536 0.482251 0.468609 0.024548
3 2 0.009015 0.023628 0.433332 0.503105 0.030921
3 2 0.032921 0.044516 0.419103 0.462997 0.040463
2 2 0.066867 0.076067 0.488794 0.325230 0.043042
2 0 0.061215 0.103624 0.637012 0.159114 0.039036
2 1 0.057174 0.119763 0.693503 0.092705 0.036855
2 1 0.131221 0.221794 0.569921 0.035159 0.041905
2 2 0.124324 0.281076 0.529381 0.017624 0.047594
2 2 0.089957 0.314061 0.527123 0.011275 0.057584
2 2 0.017309 0.141048 0.790433 0.009935 0.041274
2 2 0.013316 0.126197 0.815621 0.008431 0.036435
2 2 0.013107 0.130843 0.811095 0.007740 0.037214
2 2 0.012313 0.122531 0.819180 0.008178 0.037798
2 2 0.011560 0.103569 0.838842 0.010285 0.035745
2 2 0.006216 0.065957 0.891946 0.012698 0.023183
2 2 0.004258 0.050415 0.913569 0.014322 0.017436
2 2 0.002886 0.037502 0.930252 0.016770 0.012590
2 2 0.002641 0.035260 0.932304 0.017746 0.012048
2 2 0.002543 0.034195 0.932104 0.018684 0.012474
2 2 0.002550 0.034160 0.931024 0.019273 0.012994
2 2 0.002169 0.031704 0.937274 0.017603 0.011250
2 2 0.002737 0.037617 0.928889 0.017390 0.013366
2 2 0.002739 0.037415 0.927847 0.018371 0.013629
2 2 0.004485 0.051074 0.906676 0.018589 0.019176
2 2 0.004635 0.049331 0.902327 0.023722 0.019985
