4 0 0.394402 0.092055 0.041466 0.002714 0.469362
4 0 0.324558 0.115415 0.047885 0.002494 0.509649
4 0 0.345335 0.119887 0.035837 0.001701 0.497240
4 0 0.277364 0.140271 0.042265 0.001583 0.538517
4 0 0.263930 0.123497 0.034380 0.000938 0.577256
4 0 0.225947 0.128109 0.037868 0.000867 0.607209
4 0 0.214930 0.115893 0.033801 0.000628 0.634749
4 0 0.196649 0.132825 0.040824 0.000808 0.628894
4 0 0.211359 0.125016 0.035235 0.000678 0.627713
4 0 0.216588 0.113554 0.028437 0.000465 0.640956
4 0 0.235225 0.104217 0.022660 0.000346 0.637552
4 0 0.210873 0.100745 0.024543 0.000331 0.663509
4 0 0.203125 0.091191 0.022807 0.000267 0.682610
4 0 0.186683 0.092540 0.026326 0.000304 0.694148
4 0 0.190284 0.090940 0.022333 0.000233 0.696209
4 0 0.185618 0.106493 0.026281 0.000313 0.681295
4 0 0.165571 0.126155 0.030272 0.000360 0.677642
4 0 0.159645 0.139363 0.034616 0.000451 0.665925
4 0 0.146294 0.126205 0.029991 0.000298 0.697212
4 0 0.140877 0.104953 0.024801 0.000191 0.729177
4 1 0.173357 0.107271 0.028665 0.000331 0.690377
4 1 0.279804 0.095396 0.024198 0.000508 0.600094
4 1 0.425545 0.099915 0.035331 0.002542 0.436668
0 1 0.531157 0.087653 0.042207 0.006833 0.332151
0 0 0.642276 0.068890 0.035051 0.010219 0.243564
0 0 0.676010 0.062872 0.039598 0.017945 0.203576
0 0 0.611580 0.079826 0.062972 0.033382 0.212239
0 0 0.593030 0.103540 0.047996 0.016924 0.238510
0 0 0.450412 0.163092 0.045737 0.006752 0.334007
4 0 0.329762 0.146989 0.037793 0.001881 0.483574
4 0 0.150437 0.121961 0.044903 0.000628 0.682070
4 1 0.137429 0.106069 0.044191 0.000516 0.711794
4 1 0.131431 0.104916 0.043876 0.000479 0.719298
4 1 0.114077 0.109225 0.052850 0.000564 0.723285
4 1 0.108357 0.125674 0.065830 0.000828 0.699312
4 1 0.097790 0.122622 0.070056 0.000810 0.708722
4 2 0.093606 0.132536 0.089683 0.001258 0.682916
4 2 0.105377 0.139070 0.126294 0.002936 0.626323
4 1 0.113786 0.168395 0.189119 0.008541 0.520159
4 2 0.118976 0.187725 0.245964 0.018693 0.428642
2 2 0.087100 0.179223 0.456648 0.076952 0.200077
2 2 0.070152 0.143558 0.551116 0.126485 0.108689
2 2 0.038109 0.069587 0.582242 0.278567 0.031495
2 2 0.022945 0.049287 0.578512 0.336228 0.013029
2 2 0.009458 0.026213 0.549923 0.410732 0.003673
2 2 0.005811 0.023504 0.666578 0.301575 0.002532
2 2 0.004595 0.019720 0.659679 0.314030 0.001976
2 2 0.004872 0.022315 0.707340 0.263068 0.002405
2 2 0.004576 0.021127 0.700991 0.271095 0.002212
2 2 0.004333 0.021495 0.728949 0.242998 0.002225
2 2 0.003928 0.021673 0.764204 0.208035 0.002160
2 2 0.003903 0.023341 0.798035 0.172372 0.002350
2 2 0.003894 0.023724 0.802332 0.167772 0.002278
2 2 0.004256 0.025744 0.809505 0.157938 0.002557
2 2 0.005014 0.028943 0.810335 0.152607 0.003102
2 2 0.005318 0.030293 0.811217 0.149870 0.003302
2 2 0.005657 0.028763 0.769452 0.193183 0.002945
2 2 0.005231 0.025436 0.737415 0.229458 0.002459
2 2 0.004674 0.020825 0.672388 0.300275 0.001838
2 2 0.004274 0.018344 0.638334 0.337446 0.001603
3 2 0.003962 0.009023 0.317461 0.668433 0.001121
3 2 0.003793 0.007097 0.241683 0.746420 0.001006
3 2 0.002709 0.004213 0.159659 0.832785 0.000634
3 2 0.002750 0.004032 0.148117 0.844463 0.000638
3 2 0.002446 0.003157 0.116480 0.877379 0.000538
3 2 0.002333 0.002608 0.092386 0.902180 0.000493
3 2 0.002928 0.002999 0.091442 0.901991 0.000639
3 2 0.002706 0.002502 0.075574 0.918649 0.000569
3 2 0.002420 0.002181 0.068654 0.926251 0.000494
3 2 0.002006 0.001828 0.063290 0.932481 0.000394
3 3 0.002045 0.001862 0.063818 0.931872 0.000403
3 3 0.001890 0.001729 0.061668 0.934347 0.000367
3 3 0.001504 0.001395 0.055820 0.941002 0.000278
3 3 0.000907 0.000867 0.044699 0.953376 0.000151
3 3 0.000909 0.000869 0.044738 0.953332 0.000152
3 3 0.000707 0.000687 0.040047 0.958447 0.000112
3 3 0.000791 0.000763 0.042083 0.956235 0.000128
3 3 0.000771 0.000745 0.041605 0.956755 0.000125
3 3 0.000727 0.000705 0.040553 0.957898 0.000116
3 3 0.000650 0.000635 0.038592 0.960021 0.000101
3 3 0.000513 0.000508 0.034739 0.964163 0.000076
3 3 0.000430 0.000430 0.032121 0.966957 0.000062
3 3 0.000352 0.000357 0.029397 0.969845 0.000049
3 3 0.000283 0.000291 0.026673 0.972715 0.000037
3 3 0.000265 0.000273 0.025900 0.973527 0.000035
3 3 0.000280 0.000287 0.026531 0.972865 0.000037
3 3 0.000282 0.000289 0.026598 0.972795 0.000037
3 3 0.000430 0.000430 0.032113 0.966966 0.000062
3 3 0.000469 0.000467 0.033394 0.965601 0.000069
3 3 0.000379 0.000382 0.030352 0.968835 0.000053
3 3 0.000319 0.000325 0.028127 0.971185 0.000043
3 3 0.000338 0.000343 0.028862 0.970410 0.000046
3 3 0.000533 0.000527 0.035340 0.963520 0.000080
3 3 0.000505 0.000500 0.034495 0.964425 0.000075
3 3 0.000309 0.000316 0.027731 0.971603 0.000041
3 3 0.000246 0.000255 0.025047 0.974420 0.000032
3 3 0.000278 0.000286 0.026466 0.972933 0.000037
3 3 0.000366 0.000370 0.029904 0.969309 0.000051
3 3 0.000363 0.000367 0.029775 0.969445 0.000050
3 3 0.000401 0.000403 0.031152 0.967986 0.000057
3 3 0.000407 0.000409 0.031353 0.967773 0.000058
3 3 0.000436 0.000436 0.032317 0.966748 0.000063
3 3 0.000349 0.000353 0.029262 0.969988 0.000048
3 3 0.000291 0.000298 0.026997 0.972375 0.000039
3 3 0.000227 0.000236 0.024164 0.975344 0.000029
3 3 0.000252 0.000260 0.025315 0.974140 0.000032
3 3 0.000313 0.000319 0.027874 0.971452 0.000042
3 3 0.000319 0.000325 0.028135 0.971177 0.000043
3 3 0.000288 0.000296 0.026887 0.972490 0.000038
3 3 0.000246 0.000255 0.025061 0.974406 0.000032
3 3 0.000251 0.000259 0.025247 0.974212 0.000032
3 3 0.000254 0.000262 0.025389 0.974062 0.000033
3 3 0.000190 0.000200 0.022307 0.977280 0.000023
3 3 0.000184 0.000194 0.021994 0.977606 0.000022
3 3 0.000211 0.000220 0.023360 0.976183 0.000026
3 3 0.000254 0.000263 0.025422 0.974028 0.000033
3 3 0.000304 0.000310 0.027510 0.971836 0.000041
3 3 0.000274 0.000282 0.026283 0.973125 0.000036
3 3 0.000243 0.000252 0.024924 0.974549 0.000031
3 3 0.000234 0.000243 0.024491 0.975002 0.000030
3 3 0.000502 0.000497 0.034400 0.964526 0.000074
3 3 0.000619 0.000606 0.037758 0.960921 0.000096
3 3 0.000861 0.000826 0.043686 0.954485 0.000142
3 3 0.001015 0.000964 0.046970 0.950878 0.000173
3 3 0.001761 0.001618 0.059796 0.936489 0.000337
3 3 0.003209 0.003502 0.105062 0.887503 0.000724
3 3 0.005681 0.009366 0.246760 0.736583 0.001609
3 3 0.005809 0.014796 0.424845 0.552662 0.001888
2 2 0.006244 0.021057 0.578877 0.391501 0.002320
2 2 0.006236 0.022307 0.609028 0.360048 0.002381
2 2 0.006746 0.023949 0.618672 0.348000 0.002633
2 2 0.006764 0.019806 0.520051 0.450955 0.002423
3 2 0.006472 0.015906 0.425680 0.549801 0.002141
3 2 0.005457 0.011581 0.334236 0.647083 0.001643
3 2 0.006410 0.013150 0.343493 0.634954 0.001992
3 2 0.004652 0.009095 0.281071 0.703870 0.001313
3 2 0.003932 0.007087 0.233880 0.754060 0.001042
3 2 0.002838 0.004607 0.173416 0.818462 0.000678
3 2 0.002978 0.004304 0.150998 0.841019 0.000701
3 2 0.002379 0.003362 0.130700 0.863030 0.000530
3 2 0.001988 0.002422 0.096388 0.898790 0.000412
3 2 0.002044 0.002469 0.096525 0.898536 0.000426
3 2 0.001936 0.002286 0.090825 0.904556 0.000397
3 2 0.001976 0.002729 0.115113 0.879761 0.000420
3 2 0.001620 0.002121 0.096258 0.899676 0.000326
3 2 0.001321 0.001559 0.074376 0.922495 0.000249
3 2 0.001033 0.001031 0.051049 0.946708 0.000179
3 2 0.000834 0.000802 0.043072 0.955156 0.000137
3 2 0.000878 0.000841 0.044059 0.954076 0.000146
3 3 0.000787 0.000760 0.041998 0.956327 0.000128
3 3 0.000737 0.000714 0.040782 0.957650 0.000118
3 3 0.000552 0.000544 0.035883 0.962938 0.000083
3 3 0.000641 0.000626 0.038355 0.960277 0.000100
3 3 0.000753 0.000728 0.041178 0.957220 0.000121
3 3 0.000701 0.000681 0.039891 0.958616 0.000111
3 3 0.000664 0.000647 0.038954 0.959631 0.000104
3 3 0.000827 0.000796 0.042928 0.955313 0.000136
3 3 0.000991 0.000943 0.046488 0.951409 0.000169
3 3 0.000901 0.000862 0.044565 0.953522 0.000150
3 3 0.000735 0.000712 0.040737 0.957699 0.000118
3 3 0.000671 0.000654 0.039135 0.959435 0.000105
3 3 0.000564 0.000555 0.036231 0.962564 0.000085
3 3 0.000570 0.000561 0.036399 0.962384 0.000087
3 3 0.000487 0.000484 0.033947 0.965010 0.000072
3 3 0.000396 0.000398 0.030947 0.968204 0.000056
3 3 0.000362 0.000366 0.029743 0.969479 0.000050
3 3 0.000297 0.000304 0.027258 0.972101 0.000040
3 3 0.000288 0.000295 0.026865 0.972514 0.000038
3 3 0.000321 0.000327 0.028202 0.971107 0.000043
3 3 0.000331 0.000337 0.028605 0.970681 0.000045
3 3 0.000402 0.000403 0.031156 0.967982 0.000057
3 3 0.000454 0.000453 0.032920 0.966107 0.000066
3 3 0.000475 0.000473 0.033587 0.965395 0.000070
3 3 0.000405 0.000407 0.031285 0.967845 0.000057
3 2 0.000547 0.000539 0.035742 0.963090 0.000082
3 2 0.000850 0.000817 0.043451 0.954742 0.000140
3 2 0.002893 0.002579 0.074160 0.919755 0.000613
3 2 0.006971 0.005881 0.107685 0.877685 0.001777
3 2 0.015282 0.012258 0.148068 0.819773 0.004619
3 2 0.015911 0.017273 0.228080 0.733516 0.005221
2 2 0.050102 0.111169 0.650661 0.127835 0.060234
2 2 0.048551 0.113773 0.653487 0.121597 0.062593
2 2 0.042219 0.090695 0.647239 0.178850 0.040997
2 0 0.047343 0.099995 0.637334 0.171681 0.043647
2 1 0.020966 0.067206 0.742687 0.150674 0.018466
2 2 0.008651 0.039363 0.789153 0.156408 0.006424
2 2 0.005893 0.025799 0.718358 0.246779 0.003172
2 2 0.004676 0.021100 0.697536 0.274311 0.002376
2 2 0.003446 0.014982 0.624256 0.355814 0.001501
2 2 0.003080 0.012245 0.555364 0.428088 0.001222
3 2 0.002197 0.007912 0.437327 0.551867 0.000697
3 2 0.002099 0.006298 0.338360 0.652696 0.000547
3 2 0.002034 0.005752 0.310020 0.681677 0.000517
3 2 0.002727 0.007980 0.367142 0.621396 0.000755
3 2 0.003126 0.010902 0.472902 0.512114 0.000955
2 2 0.003803 0.014393 0.552786 0.427705 0.001312
2 2 0.003895 0.016571 0.630435 0.347444 0.001655
2 2 0.004104 0.018476 0.673268 0.302207 0.001946
2 2 0.003962 0.020818 0.748204 0.224772 0.002244
2 2 0.003611 0.022099 0.803625 0.168279 0.002387
2 2 0.004347 0.027056 0.831451 0.133847 0.003300
2 2 0.005033 0.029835 0.826543 0.134915 0.003674
2 2 0.006114 0.035458 0.837090 0.116413 0.004925
2 2 0.006069 0.034490 0.831147 0.123472 0.004822
2 2 0.006358 0.037954 0.851157 0.098527 0.006003
2 2 0.006338 0.040947 0.869861 0.075853 0.007001
2 2 0.005306 0.037442 0.880089 0.071309 0.005855
2 2 0.004458 0.034666 0.892037 0.063661 0.005178
2 2 0.005340 0.039162 0.888011 0.060855 0.006631
2 2 0.007146 0.047243 0.877186 0.059059 0.009367
2 4 0.009125 0.053659 0.861632 0.063796 0.011787
2 4 0.011982 0.064402 0.847689 0.058923 0.017004
2 4 0.015273 0.076473 0.831750 0.052269 0.024234
2 4 0.017726 0.095572 0.815796 0.038756 0.032150
2 4 0.016810 0.089771 0.822774 0.040888 0.029756
2 4 0.014950 0.080711 0.835417 0.040734 0.028188
2 4 0.017390 0.095837 0.815158 0.032817 0.038797
2 4 0.020874 0.115933 0.782736 0.027303 0.053153
2 4 0.028716 0.138100 0.727183 0.029359 0.076642
2 4 0.035703 0.154671 0.679596 0.030386 0.099645
2 4 0.043461 0.179402 0.618030 0.027848 0.131258
2 4 0.043896 0.184177 0.612191 0.026863 0.132872
2 4 0.050397 0.206552 0.570572 0.025672 0.146808
2 4 0.054138 0.232488 0.526340 0.021374 0.165660
2 4 0.049964 0.222114 0.558666 0.022246 0.147010
2 4 0.042270 0.187133 0.630231 0.027419 0.112948
2 4 0.037296 0.171288 0.657738 0.026520 0.107158
2 4 0.044373 0.201453 0.584952 0.022003 0.147218
2 4 0.046464 0.207537 0.568206 0.021592 0.156202
2 4 0.044433 0.185332 0.612969 0.027457 0.129810
2 4 0.040007 0.163740 0.658014 0.033018 0.105222
2 2 0.037121 0.172819 0.664420 0.027104 0.098535
2 2 0.036443 0.176781 0.670466 0.026596 0.089714
2 2 0.021279 0.096092 0.795070 0.054532 0.033027
2 2 0.013797 0.067176 0.831381 0.070552 0.017094
2 2 0.011349 0.062286 0.850735 0.060320 0.015310
2 2 0.013149 0.072677 0.846492 0.045423 0.022260
2 2 0.012738 0.072063 0.849560 0.043750 0.021889
2 2 0.011437 0.067324 0.857472 0.044656 0.019110
2 2 0.013015 0.072093 0.847198 0.045796 0.021898
2 2 0.057465 0.145025 0.639978 0.097369 0.060163
2 2 0.058796 0.120649 0.611142 0.168479 0.040934
2 2 0.045403 0.104782 0.651453 0.168197 0.030165
2 2 0.030792 0.090528 0.720991 0.133543 0.024146
2 2 0.008809 0.045953 0.834120 0.102895 0.008224
2 2 0.005931 0.036084 0.851759 0.100729 0.005497
2 2 0.004317 0.030332 0.870200 0.090878 0.004273
2 2 0.004576 0.030791 0.862328 0.097985 0.004320
2 2 0.005808 0.036180 0.860468 0.091346 0.006198
2 2 0.009702 0.051623 0.846389 0.080692 0.011594
2 2 0.009214 0.052004 0.857052 0.069474 0.012256
2 2 0.010880 0.056820 0.846362 0.070803 0.015136
2 2 0.011064 0.058294 0.848430 0.065485 0.016727
2 2 0.015784 0.075297 0.826392 0.054119 0.028407
2 2 0.013687 0.067371 0.835669 0.061339 0.021933
2 2 0.019005 0.072076 0.789815 0.094080 0.025023
2 2 0.018373 0.067848 0.784985 0.105317 0.023476
2 2 0.049025 0.136401 0.657647 0.088073 0.068854
2 2 0.073580 0.181650 0.559220 0.077254 0.108296
2 2 0.101106 0.222514 0.459832 0.058213 0.158335
2 0 0.172905 0.272185 0.281169 0.040071 0.233670
4 1 0.212105 0.267900 0.135579 0.014688 0.369728
4 0 0.194410 0.244911 0.104097 0.007111 0.449471
4 0 0.127736 0.237469 0.116332 0.004464 0.513998
4 1 0.105369 0.259214 0.141165 0.005592 0.488660
4 1 0.088179 0.284455 0.203842 0.009078 0.414445
2 2 0.077021 0.263061 0.336356 0.015731 0.307832
2 2 0.059637 0.198677 0.541546 0.033574 0.166566
2 2 0.033987 0.129233 0.715123 0.050216 0.071441
2 2 0.015697 0.063971 0.804304 0.095560 0.020468
2 2 0.006745 0.034203 0.810885 0.142362 0.005805
2 2 0.006062 0.029178 0.777964 0.182308 0.004487
2 2 0.007186 0.034832 0.804362 0.147161 0.006458
2 2 0.006828 0.036316 0.831750 0.118100 0.007006
2 2 0.005585 0.034443 0.857666 0.096241 0.006065
2 2 0.003634 0.028032 0.882009 0.082605 0.003720
2 2 0.003812 0.028301 0.873320 0.091053 0.003513
2 2 0.004620 0.030803 0.858411 0.102082 0.004084
2 2 0.005952 0.034800 0.841623 0.112327 0.005297
2 2 0.007146 0.035724 0.806600 0.144886 0.005643
2 2 0.007214 0.033791 0.782131 0.171723 0.005142
2 2 0.008478 0.037407 0.776194 0.171844 0.006077
2 2 0.010011 0.049128 0.825525 0.105884 0.009452
2 2 0.011054 0.057104 0.840168 0.079480 0.012194
2 2 0.007512 0.047936 0.870486 0.065393 0.008673
2 2 0.004662 0.033998 0.880607 0.075919 0.004814
2 2 0.002836 0.024831 0.895449 0.073916 0.002969
2 2 0.002503 0.020961 0.875071 0.099282 0.002183
2 2 0.002438 0.018912 0.846636 0.130235 0.001778
2 2 0.002685 0.019239 0.827800 0.148462 0.001814
2 2 0.002706 0.018721 0.811215 0.165724 0.001634
2 2 0.003078 0.020024 0.801062 0.174049 0.001787
2 2 0.003877 0.024128 0.815033 0.154420 0.002542
2 2 0.004845 0.024840 0.764490 0.202953 0.002872
2 2 0.005127 0.020008 0.637265 0.335220 0.002380
3 2 0.004231 0.012699 0.455360 0.526297 0.001413
3 2 0.003347 0.008860 0.354991 0.631853 0.000948
3 2 0.003303 0.007525 0.292970 0.695310 0.000892
3 2 0.003357 0.006750 0.251061 0.737952 0.000880
3 2 0.002299 0.004337 0.192433 0.800390 0.000542
3 2 0.002287 0.003451 0.140644 0.853105 0.000512
3 2 0.002629 0.003396 0.120947 0.872440 0.000587
3 2 0.002658 0.003023 0.101242 0.892497 0.000580
3 2 0.002120 0.002258 0.081909 0.913279 0.000434
3 2 0.002186 0.002824 0.110086 0.884435 0.000469
3 2 0.002667 0.003646 0.132121 0.860961 0.000605
3 2 0.003281 0.003988 0.124042 0.867929 0.000761
3 2 0.001768 0.001624 0.059910 0.936358 0.000339
3 2 0.001306 0.001222 0.052475 0.944762 0.000235
3 2 0.000846 0.000813 0.043356 0.954846 0.000139
3 2 0.000861 0.000826 0.043678 0.954493 0.000142
3 2 0.000799 0.000770 0.042269 0.956032 0.000130
3 2 0.000728 0.000706 0.040564 0.957886 0.000116
3 3 0.000604 0.000593 0.037361 0.961349 0.000093
3 3 0.000624 0.000610 0.037890 0.960779 0.000097
3 3 0.000350 0.000355 0.029325 0.969921 0.000048
3 3 0.000288 0.000295 0.026854 0.972526 0.000038
3 3 0.000211 0.000220 0.023358 0.976186 0.000026
3 3 0.000171 0.000181 0.021273 0.978355 0.000020
3 3 0.000108 0.000117 0.017319 0.982444 0.000012
3 3 0.000101 0.000110 0.016795 0.982983 0.000011
3 3 0.000117 0.000127 0.017983 0.981760 0.000013
3 3 0.000117 0.000126 0.017922 0.981822 0.000013
3 3 0.000103 0.000112 0.016963 0.982810 0.000011
3 3 0.000096 0.000105 0.016431 0.983357 0.000010
3 3 0.000158 0.000168 0.020562 0.979093 0.000019
3 3 0.000239 0.000247 0.024703 0.974780 0.000030
3 3 0.000236 0.000245 0.024586 0.974903 0.000030
3 3 0.000239 0.000248 0.024726 0.974756 0.000030
3 3 0.000277 0.000284 0.026383 0.973020 0.000036
3 3 0.000376 0.000379 0.030254 0.968938 0.000052
3 3 0.000425 0.000426 0.031960 0.967128 0.000061
3 3 0.000313 0.000319 0.027867 0.971459 0.000042
3 3 0.000190 0.000200 0.022336 0.977250 0.000023
3 3 0.000146 0.000156 0.019816 0.979866 0.000017
3 3 0.000175 0.000185 0.021507 0.978112 0.000021
3 3 0.000145 0.000155 0.019796 0.979887 0.000017
3 3 0.000101 0.000110 0.016770 0.983009 0.000011
3 3 0.000051 0.000058 0.012396 0.987490 0.000005
3 3 0.000033 0.000039 0.010178 0.989748 0.000003
3 3 0.000033 0.000038 0.010103 0.989823 0.000003
3 3 0.000034 0.000040 0.010336 0.989587 0.000003
3 3 0.000033 0.000039 0.010191 0.989734 0.000003
3 3 0.000045 0.000051 0.011671 0.988229 0.000004
3 3 0.000081 0.000090 0.015216 0.984605 0.000008
3 3 0.000116 0.000125 0.017875 0.981871 0.000013
3 3 0.000156 0.000166 0.020446 0.979213 0.000018
3 3 0.000149 0.000159 0.019993 0.979683 0.000017
3 3 0.000168 0.000178 0.021122 0.978512 0.000020
3 3 0.000171 0.000181 0.021303 0.978324 0.000020
3 3 0.000182 0.000191 0.021865 0.977740 0.000022
3 3 0.000144 0.000154 0.019724 0.979961 0.000017
3 3 0.000191 0.000201 0.022378 0.977207 0.000023
3 3 0.000174 0.000184 0.021467 0.978153 0.000021
3 3 0.000168 0.000178 0.021107 0.978527 0.000020
3 3 0.000132 0.000141 0.018934 0.980778 0.000015
3 3 0.000125 0.000135 0.018487 0.981239 0.000014
3 3 0.000160 0.000170 0.020644 0.979008 0.000019
3 1 0.000288 0.000295 0.026862 0.972517 0.000038
3 1 0.000972 0.000926 0.046091 0.951847 0.000165
2 2 0.005839 0.028084 0.781851 0.179296 0.004931
2 2 0.004740 0.024807 0.790640 0.175833 0.003980
2 2 0.004446 0.022700 0.767142 0.202451 0.003260
2 2 0.005157 0.025278 0.771140 0.194436 0.003988
2 2 0.004566 0.023950 0.779765 0.188371 0.003347
2 2 0.005054 0.031105 0.850846 0.107795 0.005200
2 2 0.005096 0.030534 0.839832 0.119922 0.004616
2 2 0.005767 0.035764 0.857532 0.095116 0.005822
2 2 0.008563 0.045891 0.841507 0.095314 0.008725
2 2 0.014095 0.067312 0.829509 0.070367 0.018717
2 2 0.017018 0.074788 0.812702 0.074610 0.020883
2 2 0.015438 0.068152 0.813871 0.085536 0.017003
2 2 0.016178 0.064229 0.790069 0.114611 0.014914
2 2 0.014861 0.061778 0.801415 0.106906 0.015039
2 2 0.015045 0.060992 0.796686 0.111937 0.015339
2 2 0.008251 0.038102 0.794251 0.152762 0.006634
2 2 0.006068 0.031234 0.803575 0.154308 0.004815
2 2 0.004878 0.027790 0.819821 0.143414 0.004097
2 2 0.004812 0.032236 0.868956 0.088658 0.005338
2 2 0.004009 0.028337 0.867125 0.096678 0.003851
2 2 0.004548 0.033609 0.883661 0.073201 0.004981
2 2 0.004358 0.036300 0.901644 0.052185 0.005514
2 2 0.005904 0.046475 0.896382 0.042846 0.008392
2 2 0.007891 0.053390 0.878219 0.050057 0.010442
2 2 0.009961 0.060069 0.863266 0.052990 0.013714
2 2 0.011254 0.063500 0.854933 0.052753 0.017560
2 1 0.010676 0.059244 0.854727 0.059309 0.016044
2 2 0.010500 0.051546 0.831179 0.095299 0.011476
2 2 0.008943 0.042332 0.814777 0.125135 0.008814
2 2 0.008153 0.033863 0.757548 0.194037 0.006399
2 2 0.005659 0.024692 0.725904 0.240030 0.003715
2 2 0.004874 0.020134 0.663845 0.308660 0.002486
2 2 0.003319 0.016915 0.706027 0.272022 0.001717
2 2 0.002894 0.016039 0.724953 0.254599 0.001515
2 2 0.002563 0.016249 0.776060 0.203537 0.001591
2 2 0.002691 0.016302 0.767204 0.212057 0.001747
2 2 0.002773 0.014927 0.716419 0.264221 0.001661
2 2 0.002683 0.014229 0.704671 0.276824 0.001593
2 2 0.002718 0.013537 0.668168 0.314148 0.001428
2 2 0.002515 0.013822 0.701887 0.280459 0.001318
2 2 0.002657 0.016064 0.753574 0.226244 0.001461
2 2 0.002727 0.019529 0.828847 0.147062 0.001835
2 2 0.002714 0.020333 0.845006 0.129985 0.001962
2 2 0.002416 0.019370 0.860626 0.115582 0.002006
2 2 0.002557 0.019240 0.848239 0.127839 0.002126
2 2 0.002795 0.018104 0.804450 0.172565 0.002085
2 2 0.003528 0.017703 0.719769 0.256845 0.002155
2 2 0.003767 0.014905 0.595773 0.383842 0.001713
3 2 0.003747 0.012355 0.489847 0.492658 0.001393
3 2 0.003891 0.010431 0.387724 0.596737 0.001217
3 2 0.003241 0.007007 0.271533 0.717360 0.000859
3 2 0.003743 0.006756 0.228977 0.759544 0.000980
3 2 0.005797 0.009948 0.262474 0.720113 0.001668
3 1 0.007499 0.012086 0.271890 0.706262 0.002263
3 2 0.008528 0.014656 0.314850 0.659139 0.002828
3 2 0.008112 0.014859 0.334448 0.639830 0.002751
3 2 0.005607 0.013106 0.389190 0.590095 0.002002
3 2 0.005108 0.013211 0.418960 0.560931 0.001790
3 2 0.006283 0.015865 0.435107 0.540625 0.002120
3 2 0.005548 0.014600 0.432843 0.545210 0.001800
2 2 0.016955 0.034782 0.495688 0.445619 0.006957
2 2 0.016994 0.039646 0.559189 0.376789 0.007382
2 1 0.011383 0.030159 0.558247 0.395614 0.004597
2 2 0.005408 0.021067 0.631420 0.339967 0.002139
2 2 0.005042 0.017705 0.561964 0.413506 0.001783
2 2 0.004473 0.014752 0.508010 0.471280 0.001485
3 2 0.004211 0.012394 0.440500 0.541579 0.001316
3 2 0.004305 0.012726 0.446366 0.535246 0.001356
3 2 0.004584 0.013470 0.454202 0.526278 0.001466
2 2 0.004779 0.015877 0.534013 0.443488 0.001843
3 2 0.005090 0.015070 0.479464 0.498618 0.001758
2 2 0.005855 0.018598 0.547370 0.425806 0.002371
3 2 0.007667 0.018471 0.444155 0.527065 0.002642
3 2 0.006972 0.016945 0.432714 0.541023 0.002347
3 2 0.004288 0.010024 0.339270 0.645170 0.001248
3 2 0.003609 0.009352 0.357224 0.628779 0.001036
3 2 0.002846 0.006805 0.291366 0.698231 0.000751
3 2 0.003232 0.006482 0.245817 0.743630 0.000839
3 2 0.002801 0.004493 0.169455 0.822586 0.000666
3 2 0.002744 0.004329 0.163933 0.828347 0.000647
3 2 0.003416 0.005573 0.191114 0.799043 0.000854
3 2 0.006548 0.012291 0.310707 0.668462 0.001993
3 2 0.009853 0.022164 0.452496 0.511927 0.003559
2 2 0.017139 0.043554 0.601961 0.329566 0.007780
2 2 0.025995 0.069709 0.692677 0.191574 0.020044
2 4 0.052562 0.168314 0.627042 0.057210 0.094871
2 4 0.075176 0.243730 0.380964 0.020043 0.280088
4 4 0.075041 0.237247 0.222647 0.009536 0.455528
4 4 0.066202 0.212949 0.209694 0.006422 0.504732
4 4 0.077409 0.184922 0.143823 0.003009 0.590838
4 4 0.095006 0.159373 0.126674 0.002753 0.616194
4 4 0.113995 0.130054 0.123790 0.003038 0.629123
4 4 0.116938 0.120964 0.118798 0.002810 0.640490
4 4 0.173397 0.096269 0.067175 0.001490 0.661668
4 4 0.196602 0.088707 0.055939 0.001250 0.657502
4 4 0.225351 0.071338 0.034594 0.000614 0.668103
4 4 0.215904 0.085642 0.043998 0.000924 0.653532
4 4 0.235889 0.085399 0.043202 0.001030 0.634480
4 4 0.202302 0.101282 0.057519 0.001430 0.637466
4 4 0.183222 0.093948 0.052672 0.001024 0.669134
4 4 0.158845 0.126869 0.077659 0.001896 0.634731
4 4 0.111640 0.165539 0.101927 0.002230 0.618664
4 4 0.099160 0.224292 0.121550 0.003294 0.551704
4 4 0.094777 0.281247 0.125887 0.004084 0.494006
4 4 0.078040 0.348191 0.197101 0.005533 0.371136
4 4 0.075975 0.345078 0.197861 0.005353 0.375734
4 4 0.071316 0.294513 0.192484 0.005538 0.436150
4 4 0.068013 0.242590 0.175227 0.004825 0.509344
4 4 0.077357 0.191949 0.134867 0.002684 0.593144
4 4 0.089426 0.159284 0.124783 0.002472 0.624035
4 4 0.113098 0.128902 0.103731 0.002101 0.652168
4 4 0.134124 0.116037 0.107532 0.002726 0.639582
4 4 0.210352 0.100244 0.081466 0.002927 0.605012
4 4 0.256189 0.101079 0.094805 0.005563 0.542364
4 4 0.321196 0.079106 0.072137 0.004635 0.522926
4 4 0.376070 0.071178 0.065528 0.005289 0.481934
4 4 0.363060 0.077563 0.067232 0.005259 0.486886
4 4 0.349283 0.101992 0.083630 0.008261 0.456834
0 1 0.447233 0.099927 0.065929 0.009861 0.377050
0 1 0.425213 0.145828 0.089381 0.021356 0.318222
2 1 0.058028 0.329175 0.343063 0.007634 0.262100
2 1 0.052975 0.323243 0.396534 0.008432 0.218816
2 1 0.049178 0.313915 0.433514 0.008941 0.194452
2 1 0.046245 0.305387 0.459844 0.009221 0.179304
2 1 0.049604 0.316544 0.424098 0.008640 0.201115
2 1 0.054578 0.308076 0.379892 0.008639 0.248815
2 1 0.056824 0.294548 0.329152 0.007738 0.311738
2 1 0.054298 0.267966 0.345424 0.008536 0.323777
2 1 0.052118 0.256363 0.361759 0.008962 0.320798
2 1 0.051668 0.247994 0.403107 0.010900 0.286331
2 4 0.048680 0.247513 0.446922 0.011737 0.245146
2 4 0.045204 0.227182 0.527110 0.015625 0.184879
2 4 0.039515 0.218841 0.563379 0.014784 0.163481
2 4 0.043416 0.230538 0.523374 0.014064 0.188608
2 4 0.047851 0.254844 0.461280 0.011703 0.224322
2 4 0.055877 0.275526 0.347143 0.008772 0.312682
4 4 0.063593 0.269198 0.249105 0.007060 0.411044
4 4 0.074945 0.213150 0.148037 0.003371 0.560497
4 4 0.087571 0.166955 0.127130 0.002562 0.615782
4 4 0.109036 0.120926 0.087862 0.001418 0.680759
4 4 0.137527 0.101069 0.074279 0.001319 0.685805
4 4 0.180861 0.086240 0.059446 0.001225 0.672228
4 4 0.236068 0.088973 0.055008 0.001622 0.618328
4 4 0.287785 0.085451 0.044064 0.001511 0.581189
4 4 0.256058 0.109978 0.054032 0.001937 0.577996
4 4 0.190259 0.117366 0.061083 0.001530 0.629761
4 4 0.182302 0.102964 0.065485 0.001562 0.647687
4 4 0.189497 0.112373 0.096086 0.003567 0.598477
4 4 0.228577 0.090694 0.083311 0.003394 0.594023
4 4 0.267422 0.084887 0.073914 0.003472 0.570306
4 4 0.322843 0.071071 0.063864 0.003587 0.538634
4 4 0.387824 0.064887 0.053240 0.003715 0.490335
0 4 0.498297 0.061752 0.041919 0.004657 0.393374
0 4 0.467351 0.113673 0.059795 0.010039 0.349142
4 4 0.279416 0.210352 0.081561 0.007528 0.421143
4 4 0.133368 0.335685 0.119340 0.007489 0.404119
1 4 0.080300 0.388471 0.245169 0.007034 0.279026
2 4 0.050885 0.323706 0.431286 0.009185 0.184938
2 4 0.042917 0.279619 0.517515 0.011274 0.148675
2 4 0.034130 0.223187 0.622469 0.014738 0.105476
2 4 0.032412 0.197350 0.663052 0.018436 0.088750
2 4 0.030475 0.171005 0.701934 0.023358 0.073227
2 4 0.032730 0.183359 0.680913 0.022234 0.080764
2 4 0.036004 0.208738 0.639032 0.018857 0.097369
2 4 0.038484 0.225831 0.608741 0.017080 0.109863
2 4 0.039754 0.230575 0.600354 0.017116 0.112202
2 4 0.048332 0.270794 0.509418 0.013899 0.157557
2 4 0.057495 0.285523 0.399402 0.011176 0.246405
4 4 0.066115 0.258288 0.261164 0.008477 0.405956
4 4 0.076336 0.201101 0.185036 0.005460 0.532067
4 4 0.083744 0.178945 0.174194 0.004954 0.558164
4 4 0.082691 0.192539 0.187985 0.006089 0.530695
4 2 0.083972 0.227533 0.183115 0.006635 0.498745
4 2 0.084892 0.292504 0.204297 0.008227 0.410080
2 2 0.067553 0.314451 0.373311 0.012133 0.232552
2 2 0.053464 0.305083 0.462170 0.012207 0.167076
2 2 0.038113 0.245869 0.598383 0.014958 0.102679
2 2 0.037967 0.251229 0.592383 0.014164 0.104257
2 2 0.040724 0.259449 0.572511 0.014232 0.113084
2 2 0.041159 0.254131 0.571413 0.014633 0.118664
2 2 0.013509 0.068671 0.835911 0.066183 0.015726
2 2 0.020420 0.101061 0.801722 0.046140 0.030657
2 2 0.024446 0.121695 0.774038 0.039100 0.040721
2 2 0.021824 0.109277 0.791598 0.039646 0.037655
2 2 0.018239 0.085901 0.816160 0.051624 0.028077
2 2 0.015217 0.076393 0.832015 0.053598 0.022776
2 2 0.012083 0.063430 0.844577 0.063493 0.016417
2 2 0.009774 0.051720 0.844926 0.082204 0.011375
2 2 0.006847 0.037598 0.833143 0.116424 0.005989
2 2 0.006289 0.033690 0.815533 0.139723 0.004765
2 2 0.005860 0.033485 0.831527 0.124359 0.004769
2 2 0.008305 0.046052 0.847536 0.089524 0.008583
2 2 0.008654 0.048253 0.849379 0.084699 0.009014
2 2 0.009595 0.053349 0.850328 0.076468 0.010260
2 2 0.009706 0.051613 0.840508 0.088890 0.009284
2 2 0.010271 0.057292 0.850985 0.070198 0.011253
2 2 0.008836 0.053260 0.862857 0.064831 0.010216
2 2 0.007807 0.050584 0.873744 0.057954 0.009912
2 2 0.006190 0.041981 0.876543 0.068461 0.006825
2 2 0.006312 0.043168 0.878338 0.065053 0.007129
2 2 0.007219 0.047653 0.874833 0.061873 0.008423
2 2 0.006811 0.046511 0.879265 0.059307 0.008106
2 2 0.006910 0.047214 0.879701 0.057755 0.008420
2 2 0.006667 0.044765 0.877338 0.063288 0.007942
2 2 0.007710 0.048865 0.871277 0.062428 0.009719
2 2 0.007216 0.044081 0.864547 0.075724 0.008432
2 2 0.008476 0.047243 0.852033 0.082367 0.009881
2 2 0.007689 0.043696 0.851268 0.089142 0.008206
2 2 0.008275 0.047883 0.856755 0.077792 0.009296
2 2 0.007421 0.042395 0.849092 0.093741 0.007351
2 2 0.006873 0.039311 0.847347 0.099576 0.006894
2 2 0.006306 0.036958 0.850167 0.100064 0.006504
2 2 0.006201 0.036345 0.851547 0.099123 0.006784
2 2 0.005010 0.028413 0.820609 0.141750 0.004217
2 2 0.005156 0.028894 0.816217 0.145660 0.004073
2 2 0.005464 0.031601 0.829669 0.128888 0.004377
2 2 0.006696 0.041725 0.865365 0.078748 0.007466
2 2 0.009111 0.050052 0.847722 0.083567 0.009548
2 2 0.017697 0.075270 0.804494 0.084240 0.018299
2 0 0.022432 0.093000 0.792124 0.067279 0.025165
2 1 0.036064 0.142666 0.725328 0.049776 0.046165
2 1 0.049606 0.221683 0.618221 0.031043 0.079447
2 2 0.065302 0.310834 0.455787 0.017084 0.150994
2 2 0.058929 0.315779 0.430942 0.012283 0.182066
2 2 0.038850 0.225433 0.579712 0.015015 0.140990
2 2 0.028048 0.154854 0.711847 0.022720 0.082532
2 2 0.023516 0.130285 0.756703 0.025780 0.063716
2 2 0.017134 0.099176 0.810908 0.031035 0.041747
2 2 0.010509 0.064453 0.863891 0.038614 0.022533
2 2 0.007569 0.051865 0.883365 0.043382 0.013819
2 2 0.008392 0.056061 0.878616 0.040792 0.016138
2 2 0.011727 0.069320 0.854878 0.038683 0.025392
2 2 0.016898 0.101532 0.809439 0.029239 0.042893
2 2 0.020273 0.120246 0.778897 0.025633 0.054950
2 2 0.025547 0.149371 0.729540 0.021888 0.073655
2 2 0.027351 0.158096 0.711238 0.021141 0.082174
2 2 0.025254 0.135995 0.747443 0.026468 0.064840
2 2 0.020537 0.113579 0.786871 0.029248 0.049765
2 2 0.013562 0.072172 0.842488 0.046743 0.025036
2 2 0.013052 0.070881 0.845860 0.045742 0.024466
2 2 0.004163 0.030836 0.878330 0.082590 0.004081
2 2 0.004279 0.030586 0.872698 0.088259 0.004179
2 2 0.004346 0.029450 0.860798 0.101373 0.004033
2 2 0.004067 0.026962 0.849709 0.115713 0.003550
2 2 0.004215 0.025029 0.816076 0.151439 0.003241
2 2 0.003981 0.022478 0.790019 0.180692 0.002830
2 2 0.003066 0.015987 0.706969 0.272355 0.001623
2 2 0.003066 0.015278 0.684274 0.295808 0.001575
2 2 0.002881 0.013582 0.637025 0.345238 0.001274
2 2 0.002732 0.015290 0.723236 0.257276 0.001466
2 2 0.002983 0.014299 0.650432 0.330964 0.001322
2 2 0.002649 0.011654 0.575415 0.409304 0.000978
2 2 0.002923 0.011834 0.543867 0.440376 0.001000
2 2 0.003655 0.013123 0.517875 0.464132 0.001215
3 2 0.003791 0.012340 0.472133 0.510543 0.001193
3 2 0.003275 0.009733 0.403267 0.582768 0.000958
3 2 0.002830 0.008024 0.359079 0.629282 0.000784
3 2 0.002827 0.007612 0.337077 0.651713 0.000770
3 2 0.003880 0.009588 0.347831 0.637582 0.001119
3 2 0.004049 0.009392 0.327830 0.657570 0.001158
3 2 0.003965 0.009353 0.331673 0.653875 0.001134
3 3 0.004215 0.010936 0.381655 0.601932 0.001262
3 3 0.004967 0.011651 0.362570 0.619307 0.001505
3 3 0.004597 0.009481 0.299273 0.685335 0.001313
3 3 0.002600 0.003700 0.138054 0.855056 0.000591
3 3 0.001378 0.001612 0.075023 0.921726 0.000262
3 3 0.000824 0.000872 0.049365 0.948802 0.000137
3 3 0.000544 0.000606 0.042736 0.956031 0.000084
3 3 0.000466 0.000484 0.035395 0.963586 0.000068
3 3 0.000515 0.000510 0.034792 0.964107 0.000077
3 3 0.000602 0.000590 0.037298 0.961416 0.000092
3 3 0.000724 0.000702 0.040479 0.957978 0.000116
3 3 0.000788 0.000760 0.042005 0.956320 0.000128
3 3 0.000973 0.000927 0.046109 0.951826 0.000165
3 3 0.001011 0.000961 0.046887 0.950969 0.000173
3 3 0.000864 0.000829 0.043751 0.954414 0.000143
3 3 0.000724 0.000702 0.040463 0.957996 0.000115
3 3 0.000989 0.000941 0.046434 0.951468 0.000168
3 3 0.001155 0.001089 0.049719 0.947834 0.000203
3 3 0.001089 0.001030 0.048454 0.949237 0.000189
3 3 0.000750 0.000725 0.041093 0.957312 0.000120
3 3 0.000559 0.000551 0.036090 0.962716 0.000085
3 3 0.000529 0.000523 0.035220 0.963649 0.000079
3 3 0.000611 0.000599 0.037539 0.961157 0.000094
3 2 0.001053 0.000998 0.047737 0.950031 0.000181
3 2 0.002576 0.002476 0.078005 0.916403 0.000540
3 2 0.007929 0.011828 0.252218 0.725649 0.002376
2 2 0.012589 0.030923 0.537202 0.414183 0.005103
2 2 0.009844 0.045877 0.809554 0.126299 0.008426
2 2 0.007954 0.048982 0.868467 0.064149 0.010448
2 2 0.006791 0.047521 0.886791 0.047408 0.011489
2 2 0.007245 0.048533 0.882006 0.049884 0.012331
2 2 0.006932 0.045991 0.881691 0.053663 0.011723
2 2 0.008491 0.049507 0.863792 0.065481 0.012730
2 2 0.012226 0.065476 0.848265 0.051897 0.022136
2 2 0.023676 0.116215 0.768593 0.040595 0.050921
2 1 0.045710 0.202868 0.598794 0.024789 0.127840
2 1 0.079179 0.274515 0.398324 0.017304 0.230679
2 2 0.087674 0.291771 0.309378 0.011594 0.299583
2 2 0.091255 0.282985 0.319701 0.013049 0.293010
2 2 0.083177 0.241001 0.383100 0.024756 0.267966
2 2 0.101120 0.235497 0.349194 0.028091 0.286098
2 2 0.085123 0.222376 0.399961 0.030588 0.261952
2 1 0.075635 0.214854 0.364572 0.021925 0.323014
4 2 0.070421 0.213476 0.343326 0.017693 0.355083
4 2 0.069176 0.189294 0.324235 0.014845 0.402449
4 2 0.089495 0.175923 0.280577 0.015142 0.438863
4 2 0.129123 0.133348 0.165383 0.006754 0.565392
4 2 0.203487 0.094239 0.085435 0.002984 0.613855
4 2 0.258506 0.064835 0.044624 0.001189 0.630846
4 1 0.318179 0.044356 0.025957 0.000610 0.610898
4 1 0.362646 0.037617 0.019876 0.000482 0.579379
4 0 0.402099 0.027517 0.014120 0.000318 0.555947
4 0 0.438938 0.018684 0.010029 0.000207 0.532143
0 0 0.560045 0.013063 0.008077 0.000273 0.418542
0 0 0.613411 0.012990 0.012101 0.000765 0.360733
0 0 0.814919 0.003753 0.003243 0.000355 0.177730
0 0 0.917146 0.000967 0.000637 0.000094 0.081155
0 0 0.953514 0.000374 0.000183 0.000031 0.045898
0 0 0.975458 0.000181 0.000064 0.000016 0.024282
0 0 0.979969 0.000196 0.000064 0.000022 0.019749
0 0 0.980098 0.000193 0.000063 0.000022 0.019624
0 0 0.984629 0.000104 0.000029 0.000009 0.015229
0 0 0.982119 0.000147 0.000044 0.000014 0.017676
0 0 0.980754 0.000174 0.000054 0.000018 0.019000
0 0 0.965306 0.000661 0.000271 0.000105 0.033657
0 0 0.960180 0.000921 0.000415 0.000172 0.038311
0 0 0.952751 0.001315 0.000623 0.000263 0.045049
0 0 0.955771 0.001136 0.000522 0.000217 0.042354
0 0 0.933207 0.002788 0.001549 0.000719 0.061737
0 0 0.909572 0.005274 0.003183 0.001536 0.080435
0 0 0.796281 0.013170 0.008233 0.001717 0.180598
0 0 0.615104 0.019737 0.013693 0.001012 0.350454
0 0 0.512962 0.023733 0.016791 0.000792 0.445722
4 0 0.374332 0.028672 0.021328 0.000561 0.575107
4 0 0.300355 0.036007 0.027799 0.000599 0.635240
4 0 0.255934 0.039777 0.025769 0.000403 0.678117
4 0 0.229977 0.053121 0.028951 0.000436 0.687515
4 0 0.220122 0.056844 0.019417 0.000205 0.703413
4 1 0.184838 0.095772 0.028104 0.000339 0.690948
4 1 0.141341 0.122947 0.035511 0.000380 0.699820
4 1 0.112353 0.156875 0.058559 0.000763 0.671449
4 1 0.108026 0.160820 0.061839 0.000811 0.668503
4 1 0.112284 0.180540 0.064994 0.000991 0.641191
4 1 0.116292 0.209706 0.070002 0.001303 0.602696
4 1 0.130501 0.231695 0.064367 0.001395 0.572042
4 1 0.122143 0.240358 0.075553 0.001777 0.560168
4 1 0.117834 0.231317 0.072247 0.001508 0.577095
4 1 0.107686 0.207501 0.079654 0.001496 0.603664
4 1 0.101769 0.198568 0.082618 0.001451 0.615593
4 1 0.093611 0.190922 0.082783 0.001279 0.631405
4 1 0.093289 0.218818 0.086853 0.001521 0.599519
4 1 0.087019 0.242790 0.088197 0.001547 0.580447
4 1 0.083235 0.268890 0.096475 0.001901 0.549500
4 1 0.077282 0.295252 0.106315 0.002306 0.518846
4 1 0.068423 0.318428 0.131862 0.002927 0.478360
4 1 0.066246 0.342809 0.166012 0.003373 0.421560
4 2 0.066300 0.348941 0.193137 0.004019 0.387602
1 2 0.065852 0.347874 0.245641 0.005504 0.335129
1 2 0.064803 0.339063 0.284598 0.006781 0.304756
2 2 0.014235 0.063301 0.816030 0.090604 0.015830
2 2 0.014558 0.066442 0.819721 0.083191 0.016088
2 2 0.013061 0.063043 0.829259 0.080152 0.014485
2 2 0.011626 0.057772 0.833717 0.084320 0.012566
2 2 0.011436 0.054256 0.823898 0.098811 0.011599
2 2 0.012091 0.058076 0.829386 0.086771 0.013676
2 2 0.012092 0.054047 0.812140 0.109796 0.011926
2 2 0.009795 0.049077 0.830216 0.101370 0.009542
2 2 0.010133 0.049914 0.825285 0.105468 0.009200
2 2 0.012186 0.061408 0.835912 0.077083 0.013411
2 2 0.012601 0.062786 0.833846 0.076991 0.013776
2 2 0.012176 0.059473 0.829726 0.086123 0.012503
2 2 0.009618 0.048407 0.827912 0.105434 0.008629
2 2 0.010861 0.052246 0.825404 0.100571 0.010918
2 2 0.012043 0.056579 0.824974 0.093144 0.013260
2 2 0.018992 0.073345 0.792688 0.090008 0.024967
2 2 0.021804 0.084163 0.782562 0.076967 0.034504
2 2 0.037125 0.146898 0.690984 0.045933 0.079060
2 4 0.054262 0.221048 0.541459 0.024635 0.158596
2 4 0.059835 0.249093 0.477626 0.019420 0.194026
2 4 0.057550 0.256450 0.481241 0.017820 0.186940
2 4 0.053480 0.262045 0.491807 0.015950 0.176718
2 4 0.047128 0.259093 0.522383 0.014618 0.156779
2 4 0.052989 0.280874 0.445182 0.011947 0.209008
2 4 0.056845 0.273325 0.416026 0.012306 0.241499
2 4 0.056447 0.237895 0.461428 0.017046 0.227183
2 4 0.056752 0.220758 0.479267 0.020118 0.223104
2 4 0.054697 0.218642 0.491659 0.019983 0.215019
2 4 0.060386 0.251172 0.430413 0.015984 0.242045
2 1 0.057533 0.251432 0.484403 0.018412 0.188220
2 1 0.054136 0.242230 0.560013 0.024409 0.119213
2 1 0.043685 0.215417 0.631699 0.026260 0.082939
2 1 0.053864 0.237345 0.587501 0.029036 0.092255
2 4 0.038297 0.175888 0.682094 0.035321 0.068400
2 4 0.053733 0.218964 0.581153 0.029570 0.116579
2 4 0.064077 0.252409 0.479023 0.021977 0.182514
2 4 0.068456 0.258897 0.417748 0.018490 0.236408
4 4 0.072134 0.258494 0.311617 0.012700 0.345055
4 4 0.067664 0.238748 0.266335 0.009990 0.417263
4 4 0.088913 0.179485 0.134431 0.003050 0.594121
4 4 0.118733 0.137377 0.100834 0.002173 0.640883
4 4 0.157450 0.117240 0.089688 0.002398 0.633224
4 4 0.172094 0.119667 0.114940 0.004521 0.588777
4 4 0.185445 0.124472 0.113567 0.005035 0.571481
4 4 0.212600 0.151901 0.125204 0.008597 0.501698
4 4 0.196674 0.167662 0.138407 0.009948 0.487308
4 4 0.173815 0.182411 0.150975 0.010399 0.482400
4 4 0.150872 0.198981 0.157764 0.009752 0.482631
4 4 0.099418 0.234037 0.205519 0.011432 0.449595
4 4 0.095173 0.235961 0.190386 0.008927 0.469554
4 4 0.099463 0.210189 0.156586 0.005443 0.528319
4 4 0.096629 0.176825 0.121383 0.002722 0.602440
4 4 0.087121 0.135085 0.089653 0.001159 0.686982
4 4 0.102613 0.118138 0.068705 0.000819 0.709726
4 4 0.113848 0.106111 0.065258 0.000821 0.713962
4 4 0.111230 0.118669 0.076489 0.001110 0.692501
4 4 0.125575 0.127594 0.078093 0.001388 0.667351
4 4 0.104633 0.153380 0.108487 0.002235 0.631265
4 4 0.115579 0.169680 0.122544 0.003436 0.588761
4 4 0.117465 0.179680 0.135219 0.004463 0.563173
0 4 0.480725 0.050223 0.042395 0.004008 0.422648
4 4 0.448741 0.053560 0.041295 0.003181 0.453223
4 4 0.422685 0.074233 0.050832 0.004406 0.447844
4 4 0.361908 0.063895 0.036728 0.001588 0.535882
4 4 0.400541 0.059688 0.035481 0.001848 0.502441
4 4 0.236768 0.072928 0.058780 0.001748 0.629777
4 4 0.286169 0.067931 0.055889 0.002179 0.587831
4 4 0.335624 0.052811 0.043263 0.001749 0.566553
4 4 0.348221 0.058636 0.049492 0.002475 0.541176
4 4 0.401455 0.044598 0.028739 0.001192 0.524016
4 4 0.400308 0.048171 0.027562 0.001116 0.522843
4 4 0.266624 0.060226 0.036682 0.000867 0.635601
4 4 0.237805 0.070950 0.054472 0.001519 0.635254
4 4 0.206611 0.082232 0.076561 0.002379 0.632217
4 4 0.227534 0.073526 0.066743 0.002080 0.630117
4 4 0.271747 0.060866 0.049000 0.001517 0.616869
4 4 0.306876 0.068275 0.058133 0.002682 0.564034
4 4 0.267809 0.096192 0.070768 0.003333 0.561898
4 4 0.190547 0.129242 0.098399 0.003992 0.577821
4 4 0.145641 0.149721 0.089742 0.002377 0.612519
4 4 0.119016 0.165696 0.102796 0.002471 0.610021
4 4 0.101029 0.223143 0.117511 0.003135 0.555182
4 4 0.085955 0.250560 0.153161 0.004932 0.505393
4 4 0.074748 0.253526 0.175284 0.005668 0.490774
4 4 0.081093 0.200625 0.148466 0.003592 0.566225
4 4 0.097632 0.154553 0.128456 0.002891 0.616469
4 4 0.151225 0.116095 0.104892 0.003069 0.624718
4 4 0.257883 0.096254 0.099894 0.006153 0.539816
0 4 0.438230 0.060654 0.062023 0.006730 0.432363
0 4 0.560263 0.040708 0.041398 0.006092 0.351539
0 4 0.678068 0.024632 0.029148 0.006251 0.261901
0 4 0.743739 0.021806 0.032013 0.012900 0.189542
0 4 0.780116 0.020063 0.027959 0.014337 0.157525
0 4 0.736951 0.026607 0.038523 0.018726 0.179193
0 4 0.679021 0.030795 0.031902 0.007861 0.250420
0 4 0.524162 0.047948 0.045037 0.005774 0.377079
