0 0 0.983949 0.008688 0.006676 0.000111 0.000576
0 0 0.661588 0.124678 0.112961 0.007231 0.093541
0 0 0.677100 0.120029 0.109851 0.006364 0.086656
0 0 0.660708 0.123572 0.115245 0.006267 0.094208
0 0 0.601097 0.140149 0.126164 0.009780 0.122810
0 0 0.602622 0.139748 0.125912 0.009676 0.122042
0 0 0.610124 0.137757 0.124652 0.009176 0.118290
0 0 0.637000 0.130384 0.119851 0.007535 0.105230
0 0 0.640817 0.129306 0.119133 0.007320 0.103423
0 0 0.672737 0.120008 0.112773 0.005683 0.088798
0 0 0.714265 0.108331 0.101878 0.004538 0.070988
0 0 0.772660 0.091437 0.083607 0.003617 0.048678
0 0 0.789124 0.086117 0.078475 0.003259 0.043025
0 0 0.764532 0.092577 0.088101 0.003118 0.051672
0 0 0.701338 0.111252 0.106532 0.004445 0.076434
0 0 0.660703 0.123574 0.115246 0.006267 0.094210
0 0 0.626641 0.133271 0.121754 0.008141 0.110193
0 0 0.641451 0.129127 0.119013 0.007285 0.103125
0 0 0.636462 0.130535 0.119951 0.007566 0.105486
0 0 0.668704 0.121255 0.113547 0.005903 0.090592
0 0 0.776450 0.093631 0.077192 0.005952 0.046775
0 0 0.712872 0.111639 0.097859 0.006546 0.071084
0 0 0.738414 0.103845 0.091113 0.005603 0.061025
0 0 0.753196 0.098690 0.087796 0.004754 0.055565
0 0 0.796496 0.085005 0.074228 0.003825 0.040447
0 0 0.764049 0.094528 0.085706 0.004012 0.051705
0 0 0.782923 0.087887 0.080779 0.003268 0.045143
0 0 0.785783 0.086547 0.080455 0.003018 0.044198
0 0 0.770794 0.091531 0.084889 0.003408 0.049378
0 0 0.777175 0.089861 0.082401 0.003451 0.047112
0 0 0.786579 0.087466 0.078538 0.003583 0.043833
0 0 0.811895 0.079428 0.069841 0.003251 0.035584
0 0 0.809299 0.079850 0.071349 0.003062 0.036440
0 0 0.809606 0.079258 0.071935 0.002819 0.036382
0 0 0.805959 0.081459 0.071745 0.003390 0.037446
0 0 0.810401 0.080023 0.070204 0.003331 0.036041
0 0 0.828647 0.074002 0.063762 0.003100 0.030488
0 0 0.862366 0.062224 0.051554 0.002653 0.021203
0 0 0.871714 0.058820 0.048067 0.002538 0.018861
0 0 0.853294 0.065729 0.054506 0.002929 0.023542
0 0 0.846014 0.068731 0.056490 0.003314 0.025452
0 0 0.815988 0.079315 0.066576 0.003973 0.034149
0 0 0.799399 0.084294 0.072918 0.003920 0.039468
0 0 0.744404 0.100396 0.091846 0.004362 0.058993
0 0 0.625756 0.133515 0.121914 0.008194 0.110622
0 0 0.619042 0.135353 0.123108 0.008607 0.113891
0 0 0.609486 0.138225 0.124271 0.009506 0.118513
0 0 0.619746 0.136971 0.119960 0.010385 0.112937
0 0 0.586758 0.147127 0.122393 0.015386 0.128337
0 0 0.521245 0.161199 0.133428 0.020110 0.164019
0 0 0.434147 0.175700 0.144780 0.027246 0.218126
0 0 0.429861 0.177285 0.142587 0.031050 0.219217
0 1 0.407462 0.179958 0.145081 0.032796 0.234702
0 1 0.390156 0.182087 0.145853 0.035562 0.246343
4 1 0.234139 0.188113 0.138864 0.078734 0.360150
4 1 0.177947 0.181537 0.128974 0.107376 0.404166
4 1 0.177947 0.181537 0.128974 0.107376 0.404166
4 2 0.235919 0.188222 0.139101 0.077986 0.358771
0 2 0.327091 0.187734 0.146266 0.048282 0.290626
0 2 0.444936 0.173958 0.144140 0.025661 0.211306
2 2 0.017462 0.106839 0.853535 0.002714 0.019450
2 2 0.014587 0.089048 0.876158 0.002784 0.017423
2 2 0.006474 0.044876 0.935555 0.003252 0.009843
2 2 0.005673 0.041034 0.939893 0.003574 0.009827
2 2 0.005360 0.037078 0.943424 0.004314 0.009824
2 2 0.007653 0.046569 0.926323 0.005465 0.013989
2 2 0.007951 0.042720 0.927719 0.007811 0.013799
2 2 0.018544 0.066220 0.881198 0.011172 0.022866
2 2 0.019407 0.066794 0.878768 0.012834 0.022197
2 2 0.023391 0.076773 0.858012 0.015223 0.026601
2 2 0.015152 0.055707 0.895696 0.015271 0.018175
2 2 0.015366 0.055163 0.890751 0.018193 0.020526
2 2 0.008805 0.036940 0.924203 0.015521 0.014533
2 2 0.011212 0.042371 0.905693 0.019790 0.020934
2 2 0.004282 0.016907 0.937939 0.032585 0.008287
2 2 0.004024 0.013614 0.916387 0.058427 0.007548
2 2 0.005101 0.014370 0.887321 0.084424 0.008784
2 2 0.006493 0.016591 0.878483 0.087900 0.010534
2 2 0.007690 0.017332 0.844500 0.118350 0.012129
2 2 0.007094 0.013994 0.781883 0.187043 0.009985
2 2 0.007222 0.011997 0.703713 0.268535 0.008533
2 3 0.008621 0.011831 0.616965 0.353717 0.008866
3 3 0.011518 0.011851 0.475539 0.492178 0.008914
3 3 0.012715 0.011888 0.427833 0.539096 0.008468
3 3 0.015645 0.011689 0.313274 0.652076 0.007316
3 3 0.017347 0.011720 0.276790 0.687135 0.007009
3 3 0.020372 0.012298 0.231016 0.729254 0.007060
3 3 0.022882 0.012602 0.231057 0.726642 0.006817
3 3 0.024743 0.013827 0.261164 0.692681 0.007586
3 3 0.022903 0.012774 0.264387 0.693137 0.006799
3 3 0.019626 0.010367 0.197014 0.767787 0.005205
3 3 0.016513 0.008763 0.173990 0.796427 0.004308
3 3 0.015304 0.007321 0.135240 0.838867 0.003268
3 3 0.015147 0.006877 0.108883 0.866160 0.002933
3 3 0.018215 0.008448 0.101890 0.867638 0.003809
3 3 0.023059 0.011050 0.102806 0.857695 0.005391
3 3 0.024927 0.012217 0.109883 0.846774 0.006200
3 3 0.031432 0.015318 0.134317 0.810831 0.008102
3 3 0.035760 0.016660 0.161293 0.777640 0.008647
3 3 0.048526 0.021341 0.176834 0.742213 0.011086
3 3 0.041857 0.019033 0.154181 0.775016 0.009913
3 3 0.035245 0.016173 0.130874 0.809511 0.008197
3 3 0.021822 0.010577 0.120531 0.841888 0.005181
3 3 0.021518 0.010155 0.093960 0.869560 0.004807
3 3 0.019670 0.009043 0.082154 0.885042 0.004090
3 3 0.018684 0.008476 0.077256 0.891842 0.003742
3 3 0.016431 0.007337 0.080288 0.892832 0.003112
3 3 0.017910 0.008104 0.080575 0.889869 0.003542
3 3 0.017153 0.007658 0.074599 0.897318 0.003272
3 3 0.020538 0.008768 0.083570 0.883427 0.003696
3 3 0.014099 0.005723 0.069305 0.908741 0.002131
3 3 0.019527 0.007333 0.080658 0.889808 0.002673
3 2 0.040182 0.014741 0.124103 0.814940 0.006034
3 2 0.043355 0.015796 0.148961 0.785351 0.006537
3 2 0.052563 0.019967 0.202174 0.716239 0.009057
3 2 0.054806 0.021111 0.236784 0.677426 0.009873
3 3 0.063390 0.025979 0.313645 0.583768 0.013218
3 3 0.071498 0.034931 0.331666 0.540636 0.021268
3 3 0.059754 0.029961 0.282402 0.610068 0.017816
3 3 0.015696 0.012087 0.302744 0.661819 0.007654
3 3 0.024658 0.009279 0.158171 0.804317 0.003575
3 3 0.025336 0.009194 0.151643 0.810405 0.003422
3 3 0.025859 0.009676 0.146344 0.814390 0.003732
3 3 0.023915 0.009181 0.124451 0.838879 0.003574
3 3 0.018861 0.007701 0.107464 0.862918 0.003056
3 3 0.018014 0.007564 0.103555 0.867804 0.003064
3 3 0.024367 0.010347 0.127817 0.832969 0.004500
3 3 0.030509 0.013523 0.145816 0.803711 0.006441
3 3 0.030533 0.014671 0.159461 0.787792 0.007542
3 3 0.024391 0.012623 0.163495 0.792896 0.006595
3 3 0.021948 0.011193 0.151884 0.809284 0.005692
3 3 0.018741 0.008823 0.113575 0.854792 0.004069
3 3 0.020126 0.009478 0.120099 0.845863 0.004435
3 3 0.017884 0.008340 0.110941 0.859061 0.003774
3 3 0.017324 0.008053 0.112679 0.858333 0.003611
3 3 0.015924 0.007228 0.100509 0.873232 0.003107
3 3 0.014833 0.006422 0.088593 0.887563 0.002589
3 3 0.014735 0.006489 0.082429 0.893688 0.002659
3 3 0.014072 0.006092 0.073578 0.903829 0.002429
3 3 0.013427 0.005786 0.075432 0.903080 0.002276
3 3 0.014395 0.005699 0.075104 0.902726 0.002076
3 3 0.013918 0.005382 0.074950 0.903849 0.001900
3 3 0.013149 0.005092 0.071859 0.908119 0.001781
3 3 0.015772 0.006724 0.081297 0.893514 0.002695
3 3 0.018457 0.008407 0.082376 0.887039 0.003721
3 3 0.022327 0.010447 0.080691 0.881606 0.004929
3 3 0.023239 0.010835 0.072466 0.888334 0.005127
3 3 0.022700 0.010537 0.071800 0.890022 0.004941
3 3 0.017670 0.007831 0.065250 0.905913 0.003335
3 3 0.013691 0.005765 0.055973 0.922353 0.002218
3 3 0.013143 0.005540 0.060883 0.918315 0.002119
3 3 0.014758 0.006419 0.071542 0.904688 0.002594
3 3 0.016296 0.007313 0.085945 0.887331 0.003115
3 3 0.015730 0.006901 0.097310 0.877205 0.002854
3 3 0.014520 0.006268 0.089444 0.887259 0.002509
3 3 0.011757 0.004970 0.075823 0.905580 0.001870
3 3 0.014213 0.005856 0.079341 0.898370 0.002220
3 3 0.015382 0.006039 0.087071 0.889298 0.002209
3 3 0.020412 0.007569 0.102195 0.867074 0.002750
3 3 0.020192 0.007273 0.102869 0.867107 0.002558
3 3 0.018951 0.007058 0.093273 0.878180 0.002539
3 3 0.019719 0.007677 0.095438 0.874249 0.002916
3 3 0.021425 0.008703 0.092119 0.874242 0.003511
3 3 0.018538 0.007756 0.072919 0.897649 0.003137
3 3 0.017495 0.007583 0.070106 0.901667 0.003150
3 3 0.020163 0.008971 0.080838 0.886092 0.003936
3 3 0.018481 0.008138 0.077583 0.892324 0.003474
3 3 0.020028 0.008471 0.081494 0.886487 0.003519
3 3 0.020762 0.008548 0.082787 0.884428 0.003474
3 3 0.021041 0.008285 0.086496 0.880958 0.003221
3 3 0.017497 0.006988 0.091084 0.881764 0.002666
3 3 0.017195 0.007067 0.091625 0.881343 0.002771
3 3 0.015171 0.006266 0.073994 0.902159 0.002409
3 3 0.014673 0.006342 0.067245 0.909197 0.002542
3 3 0.014206 0.006068 0.062112 0.915226 0.002388
3 3 0.013121 0.005503 0.057540 0.921743 0.002093
3 3 0.011259 0.004542 0.047359 0.935228 0.001612
3 3 0.009773 0.003863 0.047584 0.937472 0.001307
3 3 0.009254 0.003624 0.046699 0.939221 0.001202
3 3 0.008135 0.003120 0.045535 0.942221 0.000989
3 3 0.012516 0.005279 0.066528 0.913676 0.002002
3 3 0.013182 0.005606 0.066986 0.912061 0.002166
3 3 0.014266 0.006172 0.071380 0.905716 0.002465
3 3 0.016029 0.007118 0.078693 0.895172 0.002987
3 3 0.014638 0.006321 0.066845 0.909667 0.002530
3 3 0.017752 0.007950 0.072852 0.898017 0.003428
3 3 0.020039 0.009263 0.084525 0.881943 0.004229
3 3 0.021891 0.009818 0.100077 0.863793 0.004421
3 3 0.021410 0.008991 0.112424 0.853408 0.003766
3 3 0.018837 0.007291 0.106938 0.864201 0.002733
3 3 0.019018 0.007379 0.099664 0.871165 0.002775
3 3 0.020853 0.008229 0.095917 0.871797 0.003204
3 3 0.017441 0.007581 0.080859 0.890960 0.003160
3 3 0.014195 0.006132 0.070655 0.906576 0.002442
3 3 0.011417 0.004681 0.056025 0.926183 0.001694
3 3 0.009296 0.003632 0.045060 0.940809 0.001203
3 3 0.008864 0.003424 0.042574 0.944028 0.001110
3 3 0.008725 0.003371 0.043984 0.942830 0.001090
3 3 0.008527 0.003278 0.043112 0.944032 0.001051
3 3 0.008643 0.003373 0.050602 0.936281 0.001101
3 3 0.012454 0.005347 0.081912 0.898220 0.002067
3 3 0.015954 0.009045 0.176319 0.794111 0.004571
3 3 0.017897 0.016149 0.399581 0.554328 0.012045
2 2 0.011103 0.017899 0.662073 0.289051 0.019874
2 2 0.009640 0.026606 0.788736 0.129915 0.045104
2 2 0.005760 0.024565 0.849623 0.074256 0.045796
2 2 0.006082 0.031488 0.828753 0.055590 0.078088
2 2 0.008105 0.039438 0.774804 0.067393 0.110260
2 2 0.009221 0.044904 0.745975 0.073315 0.126585
2 2 0.009017 0.038979 0.759174 0.098429 0.094400
2 2 0.006935 0.031155 0.796823 0.098696 0.066391
2 2 0.006360 0.028269 0.803321 0.106051 0.055999
2 2 0.006087 0.027247 0.803048 0.109610 0.054008
2 2 0.005794 0.022721 0.788046 0.141240 0.042199
2 2 0.006754 0.026689 0.775635 0.138956 0.051965
2 2 0.009891 0.039545 0.734614 0.128882 0.087068
2 2 0.013662 0.056279 0.677587 0.109777 0.142695
2 2 0.015272 0.063825 0.647751 0.102174 0.170979
2 2 0.016637 0.074923 0.599767 0.082144 0.226529
2 2 0.018173 0.088023 0.525758 0.060025 0.308020
2 2 0.016928 0.088156 0.512665 0.048990 0.333260
2 2 0.018824 0.095174 0.469942 0.045560 0.370501
2 2 0.018289 0.094530 0.467661 0.042423 0.377097
2 2 0.020899 0.100460 0.441164 0.044442 0.393035
2 2 0.019573 0.097930 0.450747 0.042999 0.388750
2 2 0.023208 0.104584 0.425708 0.046830 0.399670
2 2 0.022522 0.103394 0.430149 0.046136 0.397800
2 2 0.024250 0.106338 0.419191 0.047859 0.402362
2 2 0.018081 0.082189 0.562316 0.063225 0.274189
2 2 0.014580 0.063349 0.652867 0.093711 0.175494
2 2 0.010383 0.042920 0.724430 0.123809 0.098458
2 2 0.008584 0.035293 0.752102 0.127688 0.076333
2 2 0.005639 0.024519 0.798560 0.125262 0.046020
2 2 0.004702 0.022548 0.820275 0.109955 0.042520
2 2 0.004639 0.022765 0.821350 0.104816 0.046430
2 2 0.004984 0.025980 0.817209 0.095206 0.056622
2 2 0.004804 0.024157 0.820527 0.102608 0.047903
2 2 0.004022 0.021627 0.843299 0.092584 0.038468
2 2 0.004082 0.022549 0.852558 0.078960 0.041852
2 2 0.003010 0.019718 0.887758 0.055647 0.033866
2 2 0.002683 0.018134 0.890438 0.056581 0.032164
2 2 0.003183 0.019126 0.871047 0.070996 0.035649
2 2 0.004069 0.022101 0.849626 0.078911 0.045293
2 2 0.004306 0.022464 0.844306 0.082732 0.046192
2 2 0.003856 0.019813 0.851579 0.087003 0.037749
2 2 0.003396 0.018570 0.864863 0.080056 0.033115
2 2 0.002799 0.015727 0.881003 0.075359 0.025112
2 2 0.002189 0.013340 0.899402 0.066116 0.018952
2 2 0.002088 0.012157 0.898086 0.070370 0.017299
2 2 0.001911 0.010051 0.890691 0.083595 0.013752
2 2 0.002002 0.009454 0.877385 0.097913 0.013246
2 2 0.001995 0.009336 0.873526 0.101872 0.013270
2 2 0.002198 0.009735 0.861922 0.111781 0.014363
2 2 0.002569 0.010646 0.849754 0.120764 0.016267
2 2 0.002639 0.010841 0.848701 0.122110 0.015708
2 2 0.003388 0.012895 0.828100 0.137131 0.018486
2 2 0.003384 0.011873 0.809063 0.160587 0.015094
2 2 0.003855 0.012124 0.784300 0.184336 0.015386
2 2 0.004018 0.013035 0.795103 0.171024 0.016821
2 2 0.004003 0.012186 0.785515 0.182232 0.016064
2 2 0.003287 0.009939 0.792142 0.181929 0.012702
2 2 0.002663 0.007831 0.794943 0.185369 0.009194
2 2 0.002773 0.009282 0.838610 0.137687 0.011648
2 2 0.002208 0.008222 0.871551 0.108566 0.009453
2 2 0.002773 0.009693 0.865734 0.111386 0.010414
2 2 0.003745 0.011085 0.851185 0.122547 0.011439
2 2 0.006725 0.017368 0.892149 0.066539 0.017219
2 2 0.007357 0.021236 0.908906 0.043612 0.018888
2 2 0.007336 0.022627 0.920950 0.032035 0.017052
2 1 0.004544 0.016748 0.943433 0.023838 0.011436
2 2 0.005645 0.021351 0.943143 0.017095 0.012767
2 2 0.005936 0.028116 0.931503 0.015639 0.018805
2 2 0.005531 0.031637 0.917414 0.018683 0.026735
2 2 0.001909 0.011657 0.917929 0.056193 0.012313
2 2 0.002771 0.014835 0.893522 0.070840 0.018032
2 2 0.003297 0.018148 0.887260 0.068556 0.022739
2 2 0.004026 0.019844 0.878475 0.072199 0.025457
2 2 0.003601 0.017807 0.893456 0.064622 0.020514
2 2 0.003082 0.012992 0.914096 0.057649 0.012180
2 2 0.003116 0.011684 0.922213 0.053034 0.009953
2 2 0.002872 0.009033 0.917273 0.063707 0.007114
2 2 0.002998 0.008384 0.891018 0.090828 0.006773
2 2 0.003414 0.008315 0.835807 0.145416 0.007048
2 2 0.003581 0.007407 0.771056 0.211265 0.006691
2 2 0.004460 0.007174 0.674683 0.307480 0.006203
2 2 0.013097 0.015904 0.598611 0.357929 0.014460
2 2 0.036805 0.039884 0.652716 0.229285 0.041309
2 1 0.025645 0.038996 0.763214 0.136614 0.035532
2 2 0.023236 0.045475 0.783407 0.109901 0.037981
2 2 0.026952 0.067367 0.767319 0.090421 0.047941
2 2 0.033251 0.096843 0.737544 0.064506 0.067856
2 2 0.026808 0.097127 0.752256 0.043312 0.080498
2 2 0.015964 0.049172 0.821200 0.062446 0.051218
2 2 0.004115 0.009827 0.773515 0.200982 0.011562
2 2 0.004082 0.009168 0.778333 0.198430 0.009986
2 2 0.003999 0.008141 0.863052 0.118166 0.006643
2 2 0.004187 0.008082 0.886234 0.095558 0.005939
2 2 0.004422 0.007965 0.873342 0.108565 0.005705
2 3 0.004089 0.007882 0.839048 0.143057 0.005924
2 3 0.004146 0.008370 0.804852 0.175776 0.006857
2 3 0.007513 0.013940 0.842086 0.125278 0.011183
2 3 0.007375 0.014022 0.842336 0.125807 0.010461
2 3 0.007933 0.016727 0.858060 0.105033 0.012247
2 1 0.008821 0.024576 0.861246 0.084734 0.020622
2 2 0.009840 0.027678 0.842425 0.096899 0.023158
2 2 0.006237 0.017130 0.815105 0.146331 0.015197
2 2 0.010209 0.020966 0.790460 0.157297 0.021069
2 2 0.015313 0.023024 0.729731 0.207504 0.024429
2 2 0.020864 0.024188 0.642715 0.289209 0.023024
2 2 0.017936 0.020837 0.588134 0.353278 0.019816
3 2 0.021193 0.020470 0.429624 0.511566 0.017147
3 2 0.037499 0.027187 0.319308 0.595330 0.020675
3 2 0.040035 0.027801 0.352908 0.558506 0.020748
2 2 0.029232 0.023824 0.497372 0.430663 0.018910
2 2 0.017606 0.014765 0.552005 0.405378 0.010246
2 2 0.019576 0.017344 0.687782 0.264693 0.010604
2 1 0.018493 0.019325 0.846239 0.105323 0.010620
2 2 0.021374 0.024092 0.882762 0.057666 0.014107
2 2 0.012976 0.016420 0.904272 0.056593 0.009739
2 2 0.007413 0.012917 0.930422 0.041655 0.007592
2 2 0.013857 0.021819 0.914751 0.036213 0.013359
2 2 0.035319 0.040498 0.855482 0.044401 0.024300
2 2 0.040968 0.045520 0.840203 0.046943 0.026365
2 2 0.038072 0.051611 0.836030 0.045625 0.028662
2 1 0.030246 0.049604 0.853765 0.042394 0.023992
2 2 0.030374 0.052922 0.854106 0.039306 0.023291
2 2 0.053389 0.079423 0.784400 0.043122 0.039666
2 2 0.085138 0.087007 0.727259 0.056043 0.044554
2 2 0.044610 0.057051 0.810077 0.056871 0.031391
2 2 0.141836 0.102565 0.647451 0.059151 0.048998
2 1 0.238486 0.118908 0.537887 0.057512 0.047206
0 2 0.409064 0.155167 0.326065 0.032384 0.077319
0 1 0.469613 0.187685 0.224106 0.016243 0.102353
0 1 0.486835 0.194168 0.171908 0.012471 0.134618
0 1 0.391830 0.250514 0.222234 0.012177 0.123245
0 2 0.365858 0.269445 0.240877 0.011032 0.112789
0 2 0.297657 0.255728 0.269524 0.016736 0.160355
2 2 0.248234 0.241923 0.339862 0.017931 0.152050
0 1 0.381501 0.230267 0.200072 0.020278 0.167882
0 2 0.369276 0.231601 0.246840 0.019028 0.133255
0 2 0.354020 0.244451 0.206031 0.021494 0.174004
0 1 0.327820 0.253141 0.210840 0.024274 0.183925
0 2 0.371579 0.238039 0.202049 0.019968 0.168365
0 1 0.322407 0.278017 0.239110 0.016881 0.143585
0 1 0.318336 0.281580 0.242568 0.016530 0.140986
0 1 0.323583 0.277021 0.238158 0.016971 0.144267
1 1 0.213211 0.299317 0.289083 0.023686 0.174703
2 2 0.161936 0.318179 0.375682 0.014572 0.129631
2 2 0.105135 0.299803 0.493910 0.008044 0.093108
2 2 0.060845 0.255874 0.588600 0.006779 0.087903
2 2 0.040216 0.198546 0.690931 0.005867 0.064440
2 2 0.024981 0.155999 0.769466 0.004543 0.045012
2 2 0.010974 0.080585 0.878995 0.005321 0.024125
2 2 0.008995 0.070934 0.894437 0.005407 0.020226
2 2 0.010756 0.081034 0.877356 0.006294 0.024562
2 2 0.026349 0.145131 0.776124 0.006308 0.046088
2 2 0.034235 0.167494 0.736939 0.006654 0.054678
2 2 0.048351 0.218078 0.658537 0.005683 0.069351
2 2 0.047263 0.223953 0.658241 0.005029 0.065514
2 2 0.059119 0.256049 0.611137 0.004734 0.068961
2 2 0.124639 0.279078 0.527607 0.003961 0.064715
2 2 0.053066 0.153874 0.753778 0.003813 0.035468
2 2 0.055325 0.137212 0.766139 0.005181 0.036143
2 2 0.082584 0.154193 0.717502 0.006167 0.039555
2 2 0.214672 0.241517 0.476601 0.006360 0.060849
2 2 0.265739 0.277165 0.383836 0.005628 0.067633
0 2 0.360800 0.287353 0.269862 0.006126 0.075859
0 2 0.378781 0.277238 0.260457 0.006158 0.077365
0 2 0.521273 0.198125 0.185776 0.006414 0.088412
0 1 0.567563 0.169352 0.156845 0.007279 0.098961
0 1 0.513473 0.184330 0.164882 0.011033 0.126282
0 2 0.409119 0.230283 0.200402 0.015207 0.144989
0 2 0.363526 0.250074 0.214541 0.017689 0.154171
0 0 0.384970 0.241133 0.208424 0.016352 0.149123
0 1 0.355497 0.272789 0.242154 0.011921 0.117639
0 2 0.346592 0.273416 0.251385 0.011573 0.117035
2 2 0.147475 0.260971 0.446011 0.011151 0.134392
2 2 0.162385 0.265953 0.408126 0.013784 0.149752
2 2 0.145235 0.276399 0.431389 0.012291 0.134685
2 2 0.116963 0.290255 0.468146 0.010405 0.114231
2 1 0.143139 0.287647 0.452184 0.009055 0.107976
2 2 0.288658 0.272737 0.300348 0.011737 0.126520
0 2 0.419052 0.234787 0.208481 0.012109 0.125570
2 2 0.178508 0.262255 0.365144 0.018149 0.175944
2 0 0.194604 0.287161 0.353386 0.015696 0.149154
0 0 0.340079 0.278344 0.244890 0.013121 0.123566
0 1 0.492756 0.192114 0.170520 0.012106 0.132505
0 2 0.529432 0.167718 0.147750 0.012974 0.142126
0 2 0.436833 0.197071 0.167149 0.020155 0.178792
0 0 0.363579 0.256240 0.222176 0.015687 0.142318
0 1 0.482623 0.206308 0.186519 0.009851 0.114700
0 2 0.561652 0.181032 0.172413 0.005281 0.079623
0 2 0.518170 0.207254 0.200196 0.004518 0.069862
0 1 0.309768 0.304028 0.276191 0.009918 0.100095
2 2 0.113170 0.292733 0.495992 0.007326 0.090779
2 2 0.061750 0.237901 0.626543 0.005689 0.068117
2 2 0.026451 0.145048 0.782249 0.005289 0.040963
2 2 0.004963 0.036869 0.938961 0.006737 0.012471
2 2 0.001567 0.013404 0.968749 0.010897 0.005384
2 2 0.002200 0.016807 0.954298 0.017771 0.008925
2 2 0.002713 0.020507 0.931279 0.028619 0.016882
2 2 0.004757 0.027092 0.874982 0.055707 0.037463
2 2 0.009704 0.043502 0.767131 0.075063 0.104600
2 4 0.018165 0.080093 0.574022 0.058570 0.269149
2 4 0.025858 0.108929 0.409626 0.049395 0.406192
4 4 0.029956 0.114974 0.387554 0.053054 0.414461
4 4 0.032397 0.118248 0.375730 0.055082 0.418543
4 4 0.036935 0.123797 0.355869 0.058594 0.424805
4 4 0.042775 0.130085 0.333565 0.062703 0.430872
4 4 0.051527 0.138108 0.305293 0.068164 0.436908
4 4 0.062859 0.146620 0.275272 0.074275 0.440973
4 4 0.077268 0.155220 0.244500 0.080863 0.442149
4 4 0.078645 0.155938 0.241891 0.081436 0.442089
4 4 0.073788 0.153332 0.251326 0.079375 0.442180
4 4 0.063357 0.146955 0.274088 0.074523 0.441078
4 4 0.054345 0.140400 0.297227 0.069775 0.438254
4 4 0.043141 0.130452 0.332270 0.062947 0.431190
4 4 0.034294 0.120647 0.367120 0.056588 0.421352
4 4 0.031051 0.116471 0.382138 0.053977 0.416362
4 4 0.032347 0.118183 0.375965 0.055041 0.418464
4 4 0.044414 0.131704 0.327851 0.063784 0.432248
4 4 0.044737 0.132017 0.326747 0.063994 0.432505
4 4 0.052843 0.139194 0.301470 0.068925 0.437568
4 4 0.084267 0.158706 0.231744 0.083685 0.441598
4 4 0.116040 0.170480 0.185921 0.094175 0.433383
4 4 0.133087 0.174765 0.167045 0.098595 0.426508
4 4 0.144123 0.176972 0.156326 0.101103 0.421477
4 4 0.172664 0.181014 0.132786 0.106521 0.407014
4 4 0.177947 0.181537 0.128974 0.107376 0.404166
4 4 0.177947 0.181537 0.128974 0.107376 0.404166
4 4 0.156218 0.178954 0.145688 0.103574 0.415566
4 4 0.135025 0.175183 0.165085 0.099054 0.425653
4 4 0.110562 0.168841 0.192700 0.092596 0.435301
4 4 0.092369 0.162283 0.218379 0.086693 0.440276
4 4 0.078799 0.156017 0.241603 0.081500 0.442081
4 4 0.086090 0.159551 0.228615 0.084385 0.441359
4 4 0.112069 0.169305 0.190796 0.093039 0.434790
4 4 0.121501 0.171980 0.179531 0.095669 0.431319
4 4 0.111026 0.168985 0.192111 0.092733 0.435145
4 4 0.126118 0.173152 0.174390 0.096873 0.429467
4 4 0.155889 0.178905 0.145963 0.103511 0.415732
4 4 0.177947 0.181537 0.128974 0.107376 0.404166
4 4 0.177947 0.181537 0.128974 0.107376 0.404166
4 4 0.154211 0.178654 0.147380 0.103183 0.416572
4 4 0.124510 0.172753 0.176155 0.096460 0.430123
4 4 0.093231 0.162637 0.217036 0.086998 0.440098
4 4 0.087867 0.160352 0.225635 0.085053 0.441092
4 4 0.073718 0.153293 0.251467 0.079344 0.442179
4 4 0.070839 0.151643 0.257390 0.078065 0.442063
4 4 0.055570 0.141357 0.293855 0.070455 0.438763
4 4 0.065232 0.148188 0.269711 0.075442 0.441426
4 4 0.085219 0.159151 0.230100 0.084052 0.441478
4 4 0.115915 0.170444 0.186073 0.094140 0.433429
4 4 0.117038 0.170764 0.184727 0.094454 0.433017
4 4 0.130631 0.174217 0.169579 0.098001 0.427572
4 4 0.151213 0.178185 0.149960 0.102585 0.418057
4 4 0.177947 0.181537 0.128974 0.107376 0.404166
4 4 0.177947 0.181537 0.128974 0.107376 0.404166
4 1 0.177947 0.181537 0.128974 0.107376 0.404166
4 2 0.152139 0.178333 0.149156 0.102771 0.417600
4 2 0.093180 0.162616 0.217115 0.086980 0.440109
2 2 0.036790 0.158229 0.427063 0.044853 0.333065
2 2 0.012524 0.116238 0.604067 0.024253 0.242917
2 2 0.011404 0.088753 0.630794 0.031030 0.238019
2 2 0.008158 0.056694 0.751007 0.047489 0.136653
2 2 0.008998 0.058734 0.740324 0.052646 0.139298
2 2 0.009371 0.057662 0.741242 0.053638 0.138087
2 2 0.014342 0.074779 0.669401 0.051750 0.189728
2 1 0.013996 0.080096 0.698983 0.046859 0.160066
2 2 0.012398 0.074120 0.747009 0.045219 0.121253
2 2 0.009219 0.062686 0.802008 0.036757 0.089330
2 2 0.009700 0.062260 0.826474 0.029219 0.072347
2 2 0.009039 0.054588 0.842769 0.027030 0.066573
2 2 0.006140 0.038459 0.863484 0.035163 0.056754
2 2 0.004371 0.027483 0.870986 0.049574 0.047586
2 2 0.003194 0.020423 0.890236 0.054106 0.032041
2 2 0.002662 0.017102 0.902579 0.052122 0.025534
2 2 0.002614 0.017364 0.903723 0.051332 0.024967
2 2 0.002640 0.018741 0.907769 0.045524 0.025326
2 2 0.002165 0.016241 0.918227 0.042891 0.020475
2 2 0.001473 0.011521 0.935442 0.036401 0.015163
2 2 0.001937 0.014034 0.924406 0.040490 0.019132
2 2 0.001855 0.012048 0.917435 0.053213 0.015450
2 2 0.002777 0.017129 0.894000 0.060201 0.025893
2 2 0.003470 0.019829 0.874008 0.070281 0.032411
2 2 0.004117 0.022990 0.862754 0.071790 0.038350
2 2 0.004315 0.020456 0.849203 0.092763 0.033263
2 2 0.003950 0.018195 0.847615 0.102415 0.027824
2 2 0.003428 0.016363 0.857755 0.098456 0.023998
2 2 0.003177 0.014237 0.855937 0.106467 0.020182
2 2 0.002533 0.010524 0.858395 0.114840 0.013708
2 2 0.001978 0.008164 0.871191 0.109149 0.009519
2 2 0.001843 0.008116 0.888290 0.092929 0.008822
2 2 0.002069 0.007148 0.854176 0.129561 0.007046
2 2 0.002215 0.007043 0.845096 0.139049 0.006597
2 2 0.003549 0.008102 0.760006 0.220351 0.007991
2 2 0.004150 0.009657 0.764788 0.211629 0.009776
2 2 0.004705 0.009031 0.717361 0.260085 0.008818
2 2 0.005940 0.010763 0.710372 0.262142 0.010784
2 2 0.005576 0.008393 0.633961 0.344949 0.007120
2 2 0.007736 0.010710 0.636935 0.335397 0.009222
2 2 0.010194 0.012488 0.550464 0.416593 0.010261
2 2 0.012418 0.014412 0.503877 0.457244 0.012048
3 2 0.015057 0.014990 0.406898 0.551623 0.011433
3 3 0.013500 0.011550 0.324008 0.643422 0.007519
3 3 0.014515 0.012809 0.333794 0.630190 0.008692
3 3 0.012631 0.010962 0.314369 0.655010 0.007027
3 3 0.012462 0.010777 0.309353 0.660554 0.006853
3 3 0.010136 0.008252 0.282371 0.694499 0.004742
3 3 0.010486 0.007997 0.268928 0.708142 0.004446
3 3 0.007877 0.005782 0.247940 0.735510 0.002891
3 3 0.008596 0.006835 0.295876 0.684955 0.003738
3 3 0.011043 0.008140 0.246060 0.730305 0.004452
3 3 0.013166 0.009373 0.241135 0.731067 0.005259
3 3 0.016502 0.011934 0.253143 0.711204 0.007216
3 3 0.015225 0.010729 0.248262 0.719539 0.006245
3 3 0.017500 0.011925 0.242153 0.721368 0.007054
3 3 0.018325 0.012315 0.235823 0.726239 0.007297
3 3 0.019743 0.012681 0.213335 0.746845 0.007396
3 3 0.014689 0.009870 0.232892 0.737045 0.005504
3 3 0.014215 0.008533 0.192556 0.780346 0.004349
3 3 0.012649 0.007285 0.185677 0.790880 0.003509
3 3 0.018066 0.009403 0.155338 0.812554 0.004639
3 3 0.018069 0.009254 0.154708 0.813444 0.004525
3 3 0.016473 0.008325 0.143869 0.827411 0.003921
3 3 0.015531 0.007089 0.110673 0.863652 0.003055
3 3 0.017517 0.008053 0.098917 0.871942 0.003570
3 3 0.017678 0.008064 0.089851 0.880857 0.003549
3 3 0.019350 0.009011 0.096761 0.870753 0.004125
3 3 0.011554 0.004917 0.084004 0.897667 0.001858
3 3 0.009434 0.003941 0.094649 0.890568 0.001408
3 3 0.011958 0.005000 0.114063 0.867107 0.001872
3 3 0.013863 0.006274 0.155583 0.821731 0.002549
3 3 0.011798 0.006044 0.148212 0.831324 0.002622
3 3 0.010408 0.005282 0.135913 0.846196 0.002201
3 3 0.011558 0.006236 0.154271 0.825150 0.002786
3 3 0.013743 0.006682 0.122014 0.854656 0.002904
3 3 0.015164 0.006833 0.100560 0.874554 0.002889
3 3 0.018071 0.008400 0.105591 0.864146 0.003793
3 3 0.015261 0.006799 0.088201 0.886900 0.002839
3 3 0.027567 0.014070 0.139453 0.811281 0.007628
3 3 0.025550 0.013163 0.139553 0.814706 0.007027
3 3 0.027672 0.013735 0.129873 0.821495 0.007225
3 3 0.019731 0.009262 0.103541 0.863171 0.004295
3 3 0.023638 0.010829 0.111866 0.848601 0.005066
3 3 0.025684 0.012029 0.117702 0.838730 0.005855
3 3 0.027616 0.013147 0.132315 0.820307 0.006615
3 3 0.025753 0.011905 0.134464 0.822147 0.005731
3 3 0.034658 0.016106 0.142047 0.798928 0.008261
3 3 0.035868 0.016191 0.142896 0.796941 0.008105
3 3 0.033437 0.015888 0.138193 0.804201 0.008281
3 3 0.026004 0.012356 0.107364 0.848161 0.006114
3 3 0.020773 0.009678 0.086731 0.878331 0.004487
3 3 0.019282 0.008791 0.077469 0.890532 0.003925
3 3 0.018272 0.008224 0.073428 0.896491 0.003585
3 3 0.013088 0.005539 0.064170 0.915078 0.002126
3 3 0.013020 0.005549 0.070159 0.909127 0.002144
3 3 0.013420 0.005836 0.083530 0.894895 0.002319
3 3 0.013133 0.005780 0.098309 0.880457 0.002321
3 3 0.014246 0.006459 0.110422 0.866162 0.002711
3 3 0.014943 0.006783 0.110925 0.864463 0.002886
3 3 0.019977 0.009542 0.119176 0.846779 0.004526
3 3 0.025482 0.012555 0.111924 0.843603 0.006435
3 3 0.024621 0.011902 0.097297 0.860251 0.005929
3 3 0.019111 0.008833 0.091139 0.876917 0.003999
3 3 0.023390 0.011334 0.108121 0.851542 0.005614
3 3 0.021192 0.013053 0.187662 0.770608 0.007485
3 3 0.015823 0.013517 0.340654 0.620744 0.009261
2 3 0.010779 0.012704 0.511537 0.454629 0.010351
2 3 0.009802 0.013808 0.605654 0.357753 0.012983
2 3 0.006846 0.013019 0.731988 0.235746 0.012401
2 3 0.007367 0.015806 0.768734 0.192452 0.015642
2 3 0.006099 0.014441 0.785136 0.181337 0.012986
2 3 0.004100 0.011352 0.823433 0.151938 0.009177
2 3 0.004146 0.012167 0.850399 0.123467 0.009820
2 3 0.003961 0.013209 0.862762 0.110031 0.010036
2 3 0.003421 0.013324 0.870942 0.101953 0.010359
2 2 0.003011 0.015207 0.899608 0.069605 0.012569
2 2 0.002963 0.014420 0.895489 0.074077 0.013052
2 2 0.002213 0.011100 0.915555 0.061351 0.009781
2 2 0.002139 0.009898 0.910159 0.069740 0.008064
2 2 0.002079 0.008733 0.899074 0.083664 0.006450
2 2 0.002085 0.008974 0.910417 0.071918 0.006606
2 2 0.002444 0.009283 0.881422 0.099866 0.006985
2 2 0.002875 0.009580 0.860927 0.119468 0.007150
2 2 0.002814 0.010907 0.896408 0.082443 0.007429
2 2 0.003765 0.013448 0.915614 0.058148 0.009025
2 2 0.005731 0.018259 0.910384 0.052541 0.013084
2 2 0.004923 0.013764 0.912061 0.059158 0.010094
2 2 0.004299 0.012337 0.910667 0.063031 0.009666
2 2 0.003652 0.011622 0.920603 0.055351 0.008772
2 2 0.003195 0.012422 0.939450 0.035892 0.009041
2 2 0.003636 0.013764 0.924910 0.046357 0.011333
2 2 0.005057 0.016986 0.904355 0.058565 0.015037
2 2 0.005740 0.017301 0.878954 0.081163 0.016843
2 2 0.012935 0.026759 0.877323 0.061052 0.021932
2 0 0.034336 0.046613 0.834000 0.048372 0.036679
2 1 0.060413 0.070245 0.793427 0.031364 0.044551
2 2 0.054971 0.080247 0.794654 0.025000 0.045128
2 2 0.055326 0.106834 0.775636 0.016667 0.045537
2 2 0.002038 0.010895 0.940887 0.034424 0.011756
2 2 0.002212 0.010158 0.944406 0.033427 0.009798
2 2 0.002206 0.009656 0.937719 0.041677 0.008743
2 2 0.002432 0.011381 0.924951 0.049735 0.011501
2 2 0.002344 0.013744 0.919429 0.047996 0.016487
2 2 0.002336 0.012828 0.906298 0.063181 0.015357
2 2 0.002042 0.012334 0.905496 0.063965 0.016162
2 2 0.001961 0.013291 0.910118 0.056028 0.018601
2 2 0.001743 0.013746 0.918858 0.045100 0.020553
2 2 0.001437 0.011800 0.926920 0.041424 0.018418
2 2 0.001654 0.014788 0.920317 0.036016 0.027226
2 2 0.002007 0.017028 0.905879 0.041354 0.033732
2 2 0.002710 0.022078 0.879263 0.042476 0.053474
2 2 0.003881 0.027956 0.837431 0.050937 0.079794
2 2 0.005825 0.039533 0.771872 0.052963 0.129808
2 2 0.008402 0.056976 0.675380 0.044647 0.214595
2 2 0.009980 0.067417 0.609644 0.039310 0.273649
2 2 0.010843 0.073714 0.564612 0.035218 0.315612
2 2 0.013212 0.083576 0.506773 0.035119 0.361320
2 2 0.014277 0.086290 0.495944 0.036570 0.366919
2 2 0.022384 0.103152 0.431051 0.045996 0.397416
4 2 0.028054 0.112262 0.397416 0.051399 0.410868
4 2 0.035045 0.121564 0.363838 0.057169 0.422385
4 2 0.033495 0.127144 0.385840 0.053430 0.400090
2 1 0.034916 0.148881 0.413636 0.048460 0.354107
2 2 0.033152 0.143309 0.417364 0.048051 0.358124
4 2 0.031819 0.124261 0.392590 0.052316 0.399014
2 2 0.024755 0.107167 0.416122 0.048349 0.403606
2 2 0.018596 0.094878 0.469742 0.044627 0.372157
2 2 0.018165 0.095120 0.461830 0.041676 0.383208
2 2 0.017778 0.093694 0.474084 0.044567 0.369878
2 2 0.016979 0.092714 0.474093 0.042439 0.373774
2 2 0.017202 0.093225 0.470941 0.041986 0.376646
2 2 0.017510 0.093714 0.466897 0.040632 0.381248
2 2 0.017880 0.094498 0.463876 0.041069 0.382677
2 2 0.017721 0.094163 0.465165 0.040882 0.382068
2 2 0.017245 0.093147 0.469088 0.040317 0.380203
2 2 0.018219 0.095203 0.461165 0.041463 0.383950
2 2 0.015902 0.090204 0.481080 0.039080 0.373733
2 2 0.013595 0.083963 0.514415 0.040049 0.347978
2 2 0.010148 0.068346 0.606097 0.041453 0.273955
2 2 0.008869 0.060545 0.653935 0.044225 0.232426
2 2 0.009431 0.063642 0.630956 0.037192 0.258779
2 2 0.021750 0.102021 0.435290 0.045341 0.395598
4 2 0.046197 0.133401 0.321867 0.064928 0.433607
4 1 0.102529 0.165831 0.225753 0.078750 0.427138
4 2 0.200500 0.185931 0.174198 0.069551 0.369820
4 2 0.239778 0.217087 0.164053 0.063739 0.315343
0 2 0.267525 0.240328 0.188441 0.044868 0.258838
2 2 0.163922 0.292176 0.363197 0.018743 0.161961
2 2 0.060388 0.236342 0.570174 0.010302 0.122793
2 2 0.002512 0.038816 0.906856 0.013998 0.037818
2 2 0.001635 0.027316 0.935389 0.012178 0.023480
2 2 0.001439 0.025249 0.941459 0.011308 0.020544
2 2 0.001518 0.027151 0.938038 0.010296 0.022997
2 2 0.001180 0.020787 0.948289 0.011209 0.018535
2 2 0.000890 0.015836 0.958007 0.011314 0.013954
2 2 0.000883 0.014369 0.957544 0.013732 0.013472
2 2 0.000934 0.015825 0.953440 0.012968 0.016833
2 2 0.001053 0.017548 0.947140 0.013487 0.020772
2 2 0.005948 0.046652 0.901113 0.016118 0.030169
2 2 0.006187 0.051383 0.899308 0.013631 0.029490
2 2 0.006190 0.061643 0.888662 0.009702 0.033803
2 1 0.007826 0.084493 0.843672 0.008697 0.055312
2 2 0.002786 0.039554 0.915998 0.009524 0.032137
2 2 0.001347 0.021844 0.942078 0.012563 0.022168
2 2 0.001281 0.021424 0.945453 0.010640 0.021203
2 2 0.001446 0.021541 0.946990 0.010089 0.019934
2 2 0.001309 0.018090 0.957159 0.008739 0.014703
2 2 0.001296 0.015586 0.962098 0.009103 0.011917
2 2 0.001177 0.012984 0.966035 0.009930 0.009875
2 2 0.001361 0.014322 0.962521 0.011030 0.010766
2 2 0.001524 0.016450 0.960119 0.009652 0.012255
2 2 0.001488 0.015184 0.959329 0.012150 0.011848
2 2 0.001778 0.016039 0.958238 0.011427 0.012518
2 2 0.006281 0.036115 0.913224 0.013109 0.031271
2 2 0.027704 0.080539 0.798695 0.019864 0.073198
2 2 0.139550 0.164588 0.497790 0.035810 0.162263
2 2 0.231571 0.187345 0.367547 0.045777 0.167760
0 1 0.309778 0.195277 0.265464 0.050576 0.178906
0 2 0.341878 0.211171 0.243199 0.033884 0.169868
0 1 0.380989 0.210964 0.174228 0.026875 0.206944
2 2 0.153114 0.286569 0.403042 0.014413 0.142862
2 2 0.062608 0.196894 0.653393 0.009231 0.077874
2 2 0.001740 0.015784 0.966779 0.008921 0.006776
2 2 0.002025 0.020511 0.961144 0.008123 0.008197
2 2 0.002438 0.028001 0.951539 0.007095 0.010927
2 2 0.003247 0.033673 0.943707 0.005981 0.013393
2 2 0.002697 0.023341 0.957769 0.006294 0.009898
2 2 0.002958 0.022001 0.958848 0.006474 0.009718
2 2 0.003413 0.022912 0.957462 0.006737 0.009475
2 2 0.004039 0.025511 0.952179 0.007582 0.010689
2 2 0.003509 0.021883 0.954475 0.010082 0.010052
2 2 0.002635 0.018418 0.956467 0.012940 0.009540
2 2 0.002318 0.016883 0.952298 0.018636 0.009864
2 2 0.001816 0.012695 0.942139 0.035369 0.007980
2 2 0.001776 0.011338 0.937901 0.041482 0.007503
2 2 0.001730 0.011235 0.951692 0.028100 0.007243
2 2 0.001531 0.010035 0.960609 0.021243 0.006583
2 2 0.001267 0.008637 0.968929 0.015860 0.005308
2 2 0.001355 0.008110 0.967757 0.017601 0.005178
2 2 0.001552 0.008646 0.966190 0.018178 0.005434
2 2 0.001541 0.009229 0.967080 0.016370 0.005780
2 2 0.001945 0.013062 0.958860 0.017287 0.008846
2 2 0.001793 0.011887 0.947384 0.030633 0.008302
2 2 0.001913 0.014711 0.946914 0.025940 0.010521
2 2 0.002277 0.018790 0.946194 0.018871 0.013869
2 2 0.002430 0.017823 0.939777 0.025831 0.014140
2 2 0.002192 0.013838 0.941989 0.031580 0.010400
2 2 0.002356 0.012870 0.945471 0.030410 0.008892
2 2 0.003248 0.015190 0.943431 0.028157 0.009974
2 2 0.013666 0.036621 0.898784 0.029696 0.021233
2 1 0.053596 0.072957 0.795409 0.038780 0.039258
2 2 0.058082 0.080760 0.787851 0.033532 0.039774
2 2 0.069330 0.102492 0.748297 0.028618 0.051263
2 2 0.083537 0.156171 0.675597 0.018614 0.066082
2 2 0.087188 0.190665 0.633589 0.012883 0.075675
2 2 0.032852 0.138433 0.769536 0.006427 0.052752
2 2 0.007544 0.040706 0.924044 0.008069 0.019638
2 2 0.000831 0.006695 0.963401 0.024166 0.004907
2 2 0.001760 0.004564 0.785841 0.204403 0.003432
2 2 0.001935 0.005894 0.832148 0.155175 0.004848
2 2 0.002186 0.006410 0.829639 0.155939 0.005826
2 2 0.002179 0.007414 0.867553 0.115539 0.007315
2 2 0.002441 0.009137 0.892335 0.086639 0.009448
2 2 0.002588 0.010191 0.901642 0.075030 0.010549
2 2 0.002054 0.009056 0.915686 0.064281 0.008923
2 2 0.002087 0.009918 0.933641 0.045244 0.009109
2 2 0.001627 0.008725 0.935311 0.046176 0.008162
2 2 0.001477 0.008375 0.932612 0.049987 0.007550
2 2 0.002413 0.010208 0.906494 0.070953 0.009932
2 2 0.003532 0.011499 0.912113 0.061783 0.011073
2 2 0.004412 0.013696 0.910061 0.057494 0.014337
2 2 0.004211 0.014989 0.909665 0.055704 0.015431
2 2 0.003878 0.016368 0.912932 0.050232 0.016591
2 2 0.004029 0.018310 0.922997 0.037538 0.017126
2 2 0.003846 0.019159 0.931995 0.027682 0.017318
2 2 0.002623 0.013536 0.939767 0.032063 0.012011
2 2 0.002046 0.010052 0.932740 0.046529 0.008633
2 2 0.001503 0.006906 0.927087 0.059032 0.005472
2 2 0.004217 0.013498 0.933175 0.038290 0.010820
2 2 0.027170 0.042205 0.826446 0.059662 0.044516
2 2 0.042350 0.057888 0.781322 0.059718 0.058722
2 2 0.073382 0.092595 0.719352 0.047398 0.067273
2 2 0.166245 0.196248 0.502104 0.032423 0.102981
2 2 0.165269 0.286022 0.365699 0.021326 0.161684
2 2 0.117638 0.263369 0.461591 0.013206 0.144196
2 2 0.101491 0.237111 0.524418 0.009473 0.127508
2 2 0.007589 0.051691 0.854719 0.021586 0.064415
2 2 0.005627 0.034407 0.832911 0.054855 0.072200
2 2 0.007475 0.040955 0.770412 0.071859 0.109299
2 2 0.010042 0.057122 0.683907 0.062048 0.186880
2 2 0.010504 0.063062 0.649303 0.053472 0.223659
2 2 0.012550 0.071893 0.602266 0.053054 0.260236
2 2 0.013064 0.074339 0.588079 0.051438 0.273081
2 4 0.015074 0.080893 0.554304 0.051319 0.298410
2 4 0.016559 0.087443 0.513050 0.046165 0.336784
2 4 0.020967 0.100587 0.440685 0.044515 0.393246
4 4 0.026380 0.109742 0.406636 0.049882 0.407360
4 4 0.030797 0.116127 0.383381 0.053764 0.415931
4 4 0.030732 0.116040 0.383697 0.053710 0.415821
4 4 0.032875 0.118864 0.373516 0.055467 0.419279
4 4 0.043206 0.130517 0.332040 0.062990 0.431246
4 4 0.050810 0.137504 0.307418 0.067744 0.436524
4 4 0.066848 0.149219 0.266047 0.076216 0.441669
4 2 0.076919 0.155035 0.245170 0.080717 0.442160
4 2 0.103264 0.166430 0.202370 0.090357 0.437580
4 2 0.119677 0.171493 0.181626 0.095179 0.432024
4 2 0.137979 0.175794 0.162163 0.099738 0.424326
4 2 0.140634 0.176318 0.159602 0.100337 0.423109
4 2 0.170718 0.180805 0.134229 0.106196 0.408052
4 2 0.177947 0.181537 0.128974 0.107376 0.404166
4 1 0.177947 0.181537 0.128974 0.107376 0.404166
4 1 0.177947 0.181537 0.128974 0.107376 0.404166
4 2 0.177947 0.181537 0.128974 0.107376 0.404166
4 2 0.177947 0.181537 0.128974 0.107376 0.404166
4 2 0.177947 0.181537 0.128974 0.107376 0.404166
4 4 0.149803 0.177956 0.151196 0.102298 0.418747
4 4 0.111701 0.169193 0.191259 0.092931 0.434916
4 4 0.060004 0.144643 0.282266 0.072823 0.440263
4 4 0.067769 0.149793 0.264002 0.076651 0.441786
4 4 0.076636 0.154885 0.245714 0.080598 0.442167
4 4 0.071627 0.152103 0.255742 0.078419 0.442108
4 4 0.059453 0.144250 0.283656 0.072536 0.440104
4 4 0.036538 0.123337 0.357508 0.058299 0.424318
4 4 0.037997 0.125006 0.351566 0.059373 0.426058
4 4 0.038068 0.125086 0.351281 0.059425 0.426140
4 4 0.040217 0.127436 0.342939 0.060955 0.428453
4 4 0.052278 0.138731 0.303100 0.068600 0.437291
4 4 0.056956 0.142414 0.290132 0.071210 0.439288
4 4 0.073823 0.153351 0.251255 0.079390 0.442181
4 4 0.081501 0.157375 0.236641 0.082596 0.441888
4 4 0.107885 0.167988 0.196159 0.091793 0.436176
4 1 0.151345 0.178206 0.149845 0.102612 0.417992
4 1 0.177947 0.181537 0.128974 0.107376 0.404166
4 1 0.172868 0.181035 0.132636 0.106555 0.406905
4 4 0.126311 0.173199 0.174180 0.096922 0.429388
4 4 0.096938 0.164108 0.211415 0.088279 0.439260
4 4 0.103801 0.166616 0.201631 0.090527 0.437424
4 4 0.114717 0.170096 0.187524 0.093802 0.433861
4 4 0.116421 0.170589 0.185464 0.094282 0.433244
4 4 0.109236 0.168422 0.194401 0.092201 0.435740
4 4 0.101623 0.165849 0.204654 0.089830 0.438044
4 4 0.103588 0.166542 0.201924 0.090459 0.437486
4 4 0.098224 0.164598 0.209522 0.088712 0.438943
4 4 0.097159 0.164192 0.211088 0.088354 0.439207
4 4 0.095880 0.163697 0.212994 0.087918 0.439511
4 4 0.086399 0.159692 0.228092 0.084502 0.441315
4 4 0.067812 0.149820 0.263907 0.076671 0.441791
4 4 0.067435 0.149586 0.264739 0.076494 0.441745
4 4 0.071850 0.152232 0.255281 0.078519 0.442119
4 4 0.098876 0.164843 0.208574 0.088930 0.438778
4 4 0.106797 0.167631 0.197593 0.091461 0.436519
4 4 0.118982 0.171304 0.182435 0.094990 0.432289
4 4 0.115197 0.170236 0.186940 0.093938 0.433689
4 4 0.125282 0.172946 0.175304 0.096659 0.429809
