2 0 0.244731 0.215722 0.418932 0.051006 0.069609
2 0 0.136447 0.180244 0.571973 0.036039 0.075298
2 1 0.146189 0.172580 0.522801 0.031492 0.126938
2 1 0.176353 0.171658 0.469441 0.034773 0.147776
2 2 0.162015 0.171658 0.487851 0.035673 0.142803
2 2 0.201425 0.171180 0.416536 0.031641 0.179219
2 2 0.143259 0.160827 0.538944 0.029492 0.127479
2 2 0.157579 0.159661 0.525344 0.026836 0.130579
2 2 0.165895 0.159848 0.510942 0.026144 0.137170
2 2 0.113514 0.142297 0.631620 0.019571 0.092999
2 2 0.056085 0.112405 0.770385 0.015058 0.046067
2 2 0.059268 0.114622 0.762382 0.015131 0.048596
2 2 0.033257 0.087117 0.843157 0.009477 0.026992
2 2 0.006486 0.037049 0.944470 0.006317 0.005678
2 2 0.004290 0.028645 0.956104 0.007011 0.003949
2 2 0.003928 0.025837 0.958977 0.007541 0.003717
2 2 0.003290 0.021575 0.963923 0.007975 0.003238
2 2 0.002591 0.016484 0.968841 0.009354 0.002731
2 2 0.002316 0.013812 0.969396 0.011881 0.002596
2 2 0.002318 0.013453 0.968602 0.012986 0.002641
2 2 0.002673 0.014079 0.962935 0.017185 0.003128
2 2 0.003730 0.016829 0.948912 0.026076 0.004453
2 2 0.004831 0.019214 0.933529 0.036552 0.005874
2 2 0.004927 0.017301 0.917663 0.053707 0.006402
2 2 0.004962 0.014409 0.878437 0.095049 0.007142
2 2 0.005306 0.013711 0.842377 0.130604 0.008002
2 2 0.006837 0.014864 0.771770 0.195879 0.010650
2 2 0.007017 0.014600 0.749987 0.217303 0.011094
2 3 0.007226 0.013456 0.687643 0.279763 0.011913
2 3 0.007226 0.013129 0.672450 0.295163 0.012032
2 3 0.007559 0.013114 0.643911 0.322712 0.012704
2 3 0.006964 0.014195 0.738944 0.228767 0.011129
2 3 0.007415 0.014927 0.733130 0.232763 0.011765
2 3 0.007056 0.014757 0.752713 0.214357 0.011117
2 3 0.006553 0.011940 0.671813 0.298581 0.011113
2 3 0.006588 0.010979 0.613049 0.357834 0.011549
2 3 0.006151 0.009463 0.554705 0.418445 0.011235
2 3 0.006471 0.010000 0.559796 0.412048 0.011685
2 3 0.007833 0.011944 0.556730 0.409801 0.013691
2 3 0.006959 0.010892 0.571241 0.398569 0.012339
2 3 0.007026 0.011031 0.573710 0.395812 0.012421
2 3 0.007086 0.011161 0.576263 0.392996 0.012493
2 3 0.007631 0.011828 0.567358 0.399849 0.013334
2 3 0.006417 0.009133 0.500435 0.472104 0.011911
2 3 0.005389 0.007767 0.502879 0.473662 0.010303
3 3 0.005089 0.006785 0.444567 0.533506 0.010053
3 3 0.005706 0.007168 0.407418 0.568506 0.011201
3 3 0.005522 0.006575 0.369890 0.606967 0.011045
3 3 0.006147 0.007048 0.349275 0.625378 0.012152
3 3 0.006551 0.007254 0.329495 0.643808 0.012892
3 3 0.006872 0.007423 0.315865 0.656368 0.013472
3 3 0.006636 0.007173 0.315018 0.658081 0.013092
3 3 0.005892 0.006501 0.323409 0.652364 0.011834
3 3 0.006792 0.007548 0.332962 0.639430 0.013268
3 3 0.007162 0.008215 0.355031 0.615831 0.013762
3 3 0.008158 0.009715 0.384305 0.582649 0.015172
3 3 0.009782 0.011816 0.400181 0.560702 0.017519
3 3 0.011352 0.012695 0.354062 0.601767 0.020124
3 3 0.010222 0.011070 0.330543 0.629557 0.018608
3 3 0.009271 0.010420 0.350830 0.612426 0.017053
0 2 0.382742 0.228533 0.260652 0.079715 0.048359
0 2 0.474313 0.221366 0.200240 0.071470 0.032610
2 2 0.129285 0.173649 0.628643 0.031798 0.036625
2 2 0.117504 0.164555 0.654445 0.027583 0.035913
2 2 0.068338 0.128982 0.755370 0.018341 0.028969
2 2 0.064954 0.125575 0.765275 0.017215 0.026980
2 2 0.047973 0.108518 0.805202 0.013883 0.024424
2 2 0.036471 0.095671 0.833537 0.011974 0.022347
2 2 0.033101 0.090155 0.845976 0.010490 0.020278
2 2 0.033824 0.089510 0.847322 0.009715 0.019629
2 2 0.026632 0.078397 0.869206 0.007790 0.017974
2 2 0.021344 0.069055 0.886017 0.006403 0.017181
2 2 0.016681 0.062241 0.901706 0.005901 0.013471
2 2 0.015433 0.060592 0.905798 0.005726 0.012452
2 2 0.013370 0.057889 0.912095 0.005809 0.010838
2 2 0.010601 0.052969 0.922231 0.005570 0.008630
2 2 0.007191 0.042854 0.938190 0.005717 0.006048
2 2 0.007794 0.045425 0.934773 0.005538 0.006470
2 2 0.006403 0.040507 0.940685 0.006874 0.005531
2 2 0.006033 0.037231 0.943049 0.008279 0.005408
2 2 0.005552 0.031918 0.946543 0.010702 0.005285
2 2 0.004766 0.025450 0.950692 0.014197 0.004896
2 2 0.004833 0.025354 0.949827 0.014985 0.005001
2 2 0.005127 0.026456 0.947552 0.015574 0.005291
2 2 0.004206 0.020256 0.950319 0.020506 0.004713
2 2 0.003801 0.018255 0.952347 0.021236 0.004360
2 2 0.003443 0.016926 0.955465 0.020187 0.003978
2 2 0.003850 0.017472 0.948732 0.025395 0.004551
2 2 0.004032 0.017222 0.943369 0.030488 0.004889
2 2 0.003804 0.015045 0.936824 0.039447 0.004879
2 2 0.004309 0.015429 0.922343 0.052223 0.005695
2 2 0.005071 0.016546 0.904785 0.066778 0.006821
2 2 0.006023 0.016545 0.862043 0.106812 0.008576
2 2 0.006710 0.015008 0.785012 0.182916 0.010354
2 2 0.005640 0.012858 0.791982 0.180584 0.008936
2 2 0.005095 0.011138 0.770376 0.204989 0.008402
2 2 0.005222 0.010938 0.748497 0.226607 0.008737
2 2 0.004775 0.009266 0.702336 0.275216 0.008406
2 2 0.005661 0.010497 0.678961 0.295066 0.009815
2 2 0.006097 0.010657 0.642823 0.329761 0.010662
2 2 0.009181 0.015542 0.632533 0.327758 0.014986
2 2 0.027766 0.049160 0.626686 0.272942 0.023445
2 2 0.080905 0.123957 0.572776 0.189225 0.033137
2 2 0.157621 0.191059 0.495632 0.116987 0.038702
2 2 0.231874 0.218157 0.416836 0.087001 0.046133
2 2 0.289432 0.221111 0.355999 0.067939 0.065520
2 2 0.306959 0.207821 0.345597 0.052233 0.087390
2 2 0.215541 0.185986 0.461884 0.042447 0.094141
2 2 0.109720 0.143417 0.646033 0.026682 0.074148
2 2 0.011437 0.051533 0.914563 0.012232 0.010236
2 2 0.006625 0.036196 0.938879 0.012044 0.006256
2 2 0.006470 0.036326 0.940078 0.011084 0.006042
2 2 0.005228 0.030286 0.948857 0.010610 0.005018
2 2 0.004356 0.026626 0.955464 0.009341 0.004212
2 2 0.003706 0.023836 0.960619 0.008242 0.003598
2 2 0.004307 0.029071 0.955927 0.006759 0.003936
2 2 0.004946 0.032121 0.951053 0.007391 0.004489
2 2 0.004607 0.028501 0.953677 0.008844 0.004370
2 2 0.003435 0.018852 0.959866 0.014126 0.003722
2 2 0.003042 0.014972 0.957650 0.020732 0.003604
2 2 0.003521 0.013285 0.931890 0.046589 0.004714
2 2 0.003581 0.010768 0.887865 0.092373 0.005413
2 2 0.004373 0.011626 0.851405 0.125833 0.006764
2 3 0.004893 0.011419 0.800833 0.174963 0.007891
2 3 0.005105 0.011141 0.769506 0.205827 0.008423
2 3 0.005281 0.011605 0.773575 0.200914 0.008625
2 3 0.005461 0.011631 0.758184 0.215736 0.008988
2 3 0.005296 0.011154 0.751709 0.223026 0.008815
2 3 0.006162 0.012147 0.718039 0.253412 0.010240
2 3 0.006144 0.011873 0.706298 0.265381 0.010304
2 3 0.007341 0.012561 0.634057 0.333566 0.012474
2 3 0.007789 0.011837 0.554134 0.412595 0.013645
3 3 0.006939 0.009420 0.469499 0.501277 0.012865
3 3 0.005964 0.008013 0.456368 0.518243 0.011412
3 3 0.005297 0.007317 0.471489 0.505612 0.010286
3 3 0.005471 0.006681 0.386429 0.590519 0.010899
3 3 0.004678 0.005592 0.366094 0.613997 0.009639
3 3 0.004468 0.005069 0.330670 0.650406 0.009386
3 3 0.004729 0.004998 0.289768 0.690536 0.009968
3 3 0.004474 0.004367 0.244250 0.737253 0.009655
3 3 0.004376 0.004307 0.247919 0.733931 0.009467
3 3 0.004452 0.004442 0.255686 0.725840 0.009581
3 3 0.004564 0.004471 0.246820 0.734338 0.009807
3 3 0.004952 0.004692 0.232335 0.747489 0.010532
3 3 0.006139 0.005775 0.235187 0.740314 0.012585
3 3 0.007495 0.007094 0.244244 0.726361 0.014805
3 3 0.008973 0.009008 0.273194 0.693417 0.015407
3 3 0.012258 0.013446 0.314264 0.644399 0.015633
2 3 0.028389 0.040771 0.491496 0.415079 0.024264
2 2 0.042126 0.085635 0.668928 0.173779 0.029532
2 2 0.054672 0.126012 0.712891 0.076324 0.030100
2 2 0.082494 0.160895 0.677244 0.043427 0.035940
2 1 0.081913 0.154584 0.690404 0.035919 0.037180
2 1 0.073795 0.143211 0.718124 0.028692 0.036178
2 1 0.076999 0.153959 0.696165 0.025003 0.047874
2 1 0.055844 0.130053 0.751310 0.018241 0.044552
2 2 0.057888 0.118485 0.765005 0.017311 0.041310
2 2 0.054926 0.120000 0.762214 0.016715 0.046146
2 2 0.134830 0.155649 0.612446 0.021825 0.075250
2 2 0.263249 0.180729 0.426460 0.026271 0.103292
0 2 0.379022 0.187411 0.295261 0.031571 0.106735
0 1 0.384958 0.195432 0.278346 0.040496 0.100768
0 1 0.459625 0.168488 0.190803 0.032717 0.148368
0 1 0.421336 0.172621 0.214068 0.034786 0.157189
2 1 0.326065 0.191963 0.332422 0.037152 0.112398
2 2 0.234286 0.193011 0.483789 0.030939 0.057975
2 2 0.013205 0.058586 0.911207 0.006252 0.010749
2 2 0.009393 0.048230 0.927648 0.006792 0.007937
2 2 0.011162 0.054865 0.917114 0.007529 0.009330
2 2 0.014143 0.064627 0.900653 0.008866 0.011711
2 2 0.016981 0.074493 0.882555 0.011043 0.014928
2 2 0.027884 0.086541 0.850594 0.011962 0.023019
2 4 0.048473 0.102281 0.797626 0.012077 0.039543
2 4 0.077176 0.121741 0.724165 0.014239 0.062678
2 4 0.098041 0.141060 0.656347 0.018540 0.086011
2 4 0.083732 0.156487 0.643135 0.018180 0.098466
2 4 0.068621 0.173873 0.629524 0.019105 0.108877
2 4 0.072826 0.197209 0.566415 0.021687 0.141863
2 4 0.046638 0.219580 0.564629 0.019275 0.149878
2 4 0.027822 0.244590 0.529809 0.010917 0.186861
2 4 0.024584 0.225244 0.591767 0.009929 0.148476
2 4 0.038985 0.271746 0.363345 0.012715 0.313209
4 4 0.051140 0.257116 0.235898 0.011380 0.444465
4 4 0.054697 0.232105 0.155609 0.009448 0.548141
4 4 0.058825 0.222281 0.137262 0.009466 0.572165
4 4 0.061367 0.193902 0.102814 0.006734 0.635183
4 4 0.066274 0.169529 0.085500 0.004616 0.674081
4 4 0.069855 0.137989 0.064113 0.002566 0.725477
4 4 0.078991 0.129165 0.060341 0.002366 0.729137
4 4 0.075772 0.109146 0.047054 0.001411 0.766617
4 4 0.088110 0.087316 0.036059 0.000882 0.787634
4 4 0.106163 0.073514 0.030083 0.000667 0.789573
4 4 0.126167 0.065508 0.027090 0.000586 0.780649
4 4 0.138474 0.079253 0.036065 0.001062 0.745146
4 4 0.118833 0.102673 0.049165 0.001833 0.727496
4 4 0.090398 0.156451 0.082994 0.004837 0.665320
4 4 0.093604 0.178418 0.105181 0.007453 0.615343
4 4 0.076840 0.215951 0.168363 0.009001 0.529845
4 4 0.171188 0.137709 0.085092 0.006774 0.599238
4 4 0.321413 0.114206 0.086678 0.010960 0.466743
4 4 0.253872 0.128912 0.091630 0.010188 0.515398
4 4 0.229232 0.132650 0.091070 0.009351 0.537697
4 4 0.201289 0.133822 0.087037 0.007795 0.570057
4 4 0.174796 0.146856 0.094694 0.008651 0.575003
4 4 0.180298 0.220575 0.178371 0.023778 0.396978
1 4 0.188582 0.287249 0.245501 0.040610 0.238057
2 4 0.037589 0.272015 0.402322 0.014936 0.273139
2 4 0.042614 0.276639 0.332877 0.015496 0.332374
4 4 0.053442 0.265565 0.296004 0.015117 0.369872
4 4 0.066827 0.208748 0.118701 0.009589 0.596135
4 4 0.067589 0.167783 0.084649 0.004548 0.675431
4 4 0.057246 0.120355 0.050075 0.001452 0.770871
4 4 0.061478 0.097049 0.037858 0.000853 0.802762
4 4 0.059729 0.073801 0.025930 0.000406 0.840134
4 4 0.069662 0.065025 0.022768 0.000334 0.842212
4 4 0.068046 0.058170 0.019514 0.000247 0.854023
4 4 0.071109 0.065940 0.023320 0.000352 0.839279
4 4 0.072257 0.066656 0.023758 0.000367 0.836963
4 4 0.077219 0.067399 0.024535 0.000399 0.830447
4 4 0.071298 0.069070 0.024829 0.000397 0.834406
4 4 0.071224 0.075579 0.028011 0.000500 0.824686
4 4 0.074158 0.077378 0.029221 0.000550 0.818693
4 4 0.082222 0.066255 0.024383 0.000404 0.826736
4 4 0.088310 0.060451 0.021993 0.000341 0.828906
4 4 0.086482 0.065915 0.030017 0.000630 0.816956
4 4 0.085633 0.065271 0.028720 0.000574 0.819802
4 4 0.072816 0.053705 0.019461 0.000255 0.853762
4 4 0.088879 0.062665 0.023207 0.000378 0.824871
4 4 0.106292 0.104764 0.048903 0.001731 0.738309
4 4 0.139215 0.116816 0.068188 0.003849 0.671933
4 4 0.131843 0.151114 0.104288 0.009313 0.603443
4 1 0.129599 0.167652 0.112788 0.010758 0.579203
4 1 0.121716 0.205773 0.259999 0.020111 0.392400
2 1 0.083920 0.197032 0.444804 0.028341 0.245902
2 2 0.024306 0.112780 0.794755 0.025911 0.042249
2 2 0.025033 0.141636 0.764716 0.017507 0.051109
2 2 0.021785 0.180478 0.701723 0.010457 0.085556
2 2 0.017415 0.168677 0.730866 0.007826 0.075216
2 2 0.015387 0.154173 0.761134 0.007025 0.062282
2 2 0.014999 0.149332 0.770536 0.006961 0.058173
2 2 0.152079 0.195210 0.401571 0.023433 0.227707
2 2 0.050622 0.114805 0.773350 0.019039 0.042184
2 2 0.049980 0.112814 0.783856 0.017162 0.036188
2 2 0.054531 0.121192 0.764593 0.021251 0.038433
2 2 0.021878 0.098807 0.840549 0.013060 0.025706
2 2 0.022122 0.095444 0.845287 0.012571 0.024575
2 2 0.026023 0.095132 0.840012 0.013137 0.025697
2 2 0.028969 0.100631 0.827421 0.013736 0.029244
2 2 0.028693 0.099281 0.829894 0.013621 0.028510
2 2 0.025714 0.101024 0.831537 0.013500 0.028224
2 2 0.018365 0.083578 0.867639 0.012176 0.018243
2 2 0.021304 0.091565 0.851993 0.012753 0.022385
2 2 0.017567 0.089348 0.860875 0.011878 0.020332
2 2 0.018103 0.088102 0.861761 0.012070 0.019964
2 2 0.015706 0.079060 0.877979 0.011308 0.015947
2 2 0.012782 0.068918 0.896411 0.009706 0.012183
2 2 0.010809 0.064302 0.905412 0.009150 0.010327
2 2 0.009760 0.060673 0.912062 0.008191 0.009314
2 2 0.009818 0.060175 0.912524 0.008332 0.009153
2 2 0.007167 0.044120 0.934575 0.007941 0.006197
2 2 0.007974 0.046727 0.929308 0.009055 0.006936
2 2 0.007919 0.045957 0.929812 0.009372 0.006940
2 2 0.009381 0.052186 0.920071 0.010239 0.008122
2 2 0.007723 0.043452 0.931432 0.010461 0.006932
2 2 0.005466 0.031023 0.947044 0.011208 0.005259
2 2 0.005058 0.028641 0.949814 0.011532 0.004955
2 2 0.004289 0.021966 0.952400 0.016726 0.004618
2 2 0.003554 0.018034 0.956341 0.018069 0.004003
2 2 0.002625 0.012664 0.958566 0.022901 0.003245
2 2 0.001885 0.009535 0.964846 0.021303 0.002430
2 2 0.001702 0.008238 0.962663 0.025100 0.002298
2 2 0.002376 0.011464 0.959690 0.023470 0.003000
2 2 0.002896 0.012731 0.950528 0.030142 0.003702
2 2 0.003099 0.012824 0.944125 0.035910 0.004042
2 2 0.002442 0.008732 0.925367 0.059824 0.003635
2 2 0.002657 0.008111 0.890637 0.094358 0.004237
2 2 0.003076 0.008703 0.869474 0.113795 0.004952
2 3 0.005366 0.012706 0.808271 0.165224 0.008433
2 3 0.006755 0.012567 0.685581 0.283806 0.011291
2 3 0.005243 0.007912 0.535003 0.441907 0.009935
2 3 0.004349 0.006428 0.512471 0.468156 0.008595
2 3 0.004714 0.006859 0.504362 0.474847 0.009218
2 3 0.004726 0.007137 0.531392 0.447611 0.009134
3 3 0.005358 0.007181 0.450330 0.526662 0.010469
3 3 0.005028 0.006588 0.431756 0.546628 0.010000
3 3 0.003877 0.005253 0.444771 0.538075 0.008025
3 3 0.004156 0.005301 0.405323 0.576598 0.008622
3 3 0.004839 0.005881 0.378434 0.600974 0.009872
3 3 0.004971 0.005371 0.304573 0.674745 0.010340
3 3 0.005163 0.005342 0.280670 0.698074 0.010751
3 3 0.005855 0.005967 0.276386 0.699844 0.011948
3 3 0.006122 0.006284 0.281917 0.693302 0.012376
3 3 0.005983 0.006163 0.283091 0.692624 0.012138
3 3 0.005810 0.005785 0.263242 0.713244 0.011919
3 3 0.005376 0.005400 0.265530 0.712525 0.011170
3 3 0.005756 0.005970 0.285777 0.690751 0.011746
3 3 0.005765 0.006176 0.304719 0.671650 0.011691
3 3 0.004145 0.003933 0.227676 0.755138 0.009107
3 3 0.004192 0.003870 0.214785 0.767924 0.009229
3 3 0.004204 0.003738 0.197843 0.784916 0.009298
3 3 0.004028 0.002905 0.120788 0.863086 0.009192
3 3 0.003071 0.002198 0.113711 0.873668 0.007352
3 3 0.002856 0.002038 0.111656 0.876524 0.006926
3 3 0.003123 0.002308 0.123219 0.863918 0.007432
3 3 0.002528 0.001913 0.126111 0.863219 0.006229
3 3 0.002892 0.002172 0.125783 0.862310 0.006843
3 3 0.002454 0.001942 0.139810 0.849745 0.006050
3 3 0.002718 0.002457 0.192905 0.795440 0.006481
3 3 0.002980 0.002931 0.235350 0.751832 0.006906
3 3 0.003782 0.003801 0.254273 0.729774 0.008371
3 3 0.003823 0.003730 0.239127 0.744833 0.008486
3 3 0.004213 0.004191 0.252378 0.730056 0.009161
3 3 0.004404 0.004252 0.238226 0.743573 0.009545
3 3 0.004068 0.003880 0.229631 0.753461 0.008961
3 3 0.003884 0.003384 0.186985 0.797012 0.008734
3 3 0.003600 0.003204 0.193981 0.791030 0.008184
3 3 0.003641 0.003160 0.183625 0.801288 0.008286
3 3 0.003923 0.003503 0.197792 0.786003 0.008779
3 3 0.004594 0.004165 0.209041 0.772227 0.009974
3 3 0.004668 0.004317 0.218793 0.762145 0.010078
3 3 0.003811 0.004003 0.278737 0.705087 0.008362
3 3 0.003872 0.004179 0.294843 0.688675 0.008431
3 3 0.004400 0.004805 0.306584 0.674873 0.009339
3 3 0.005143 0.005294 0.277540 0.701296 0.010727
3 3 0.006957 0.007368 0.304330 0.667683 0.013661
3 3 0.005936 0.006031 0.275080 0.700865 0.012089
3 3 0.006671 0.006579 0.262438 0.710944 0.013369
3 3 0.007564 0.007026 0.235011 0.735439 0.014960
3 3 0.010894 0.009642 0.221260 0.737895 0.020308
3 3 0.015561 0.013112 0.206759 0.737204 0.027363
3 3 0.044665 0.043154 0.264694 0.603442 0.044045
3 3 0.061543 0.065374 0.303955 0.530314 0.038815
3 3 0.242549 0.146452 0.256104 0.261229 0.093667
0 0 0.319477 0.144148 0.215570 0.215565 0.105241
0 0 0.579554 0.171268 0.105451 0.060823 0.082904
0 0 0.668567 0.154183 0.077493 0.047996 0.051761
0 0 0.714158 0.139038 0.064166 0.037373 0.045265
0 0 0.605115 0.164304 0.096063 0.049672 0.084847
0 0 0.598569 0.161899 0.100587 0.047219 0.091725
0 1 0.731417 0.108375 0.054983 0.017954 0.087271
0 1 0.624042 0.096105 0.062834 0.012828 0.204191
0 0 0.608477 0.081196 0.054255 0.008660 0.247412
0 0 0.679884 0.084085 0.049605 0.009205 0.177221
0 0 0.587188 0.077594 0.053493 0.007897 0.273829
0 1 0.633131 0.076771 0.045918 0.006327 0.237853
0 1 0.616802 0.079303 0.046939 0.006211 0.250745
0 2 0.681100 0.126490 0.070188 0.026150 0.096072
2 2 0.193010 0.207199 0.492854 0.055679 0.051258
2 2 0.127425 0.173490 0.632326 0.031874 0.034884
2 2 0.022613 0.082077 0.864227 0.011604 0.019479
2 2 0.021705 0.080745 0.867154 0.011950 0.018446
2 2 0.018983 0.075762 0.877856 0.011592 0.015807
2 2 0.016793 0.070653 0.888476 0.010145 0.013932
2 2 0.021239 0.077542 0.872787 0.010860 0.017572
2 2 0.020551 0.075620 0.876701 0.010170 0.016958
2 2 0.021702 0.076354 0.874317 0.009782 0.017845
2 2 0.014024 0.062294 0.904641 0.007531 0.011510
2 2 0.012256 0.056554 0.913822 0.007194 0.010173
2 2 0.011015 0.053884 0.917862 0.007946 0.009294
2 2 0.009377 0.051073 0.923579 0.008019 0.007952
2 2 0.048520 0.110375 0.785534 0.016477 0.039094
2 2 0.049823 0.123523 0.759817 0.017742 0.049095
2 2 0.044198 0.109263 0.792325 0.018124 0.036090
2 2 0.049756 0.114310 0.782264 0.018304 0.035367
2 2 0.042655 0.101756 0.811198 0.013247 0.031144
2 2 0.023327 0.080149 0.866294 0.010970 0.019260
2 2 0.014220 0.063938 0.900918 0.009085 0.011839
2 2 0.012290 0.058941 0.908045 0.010237 0.010486
2 2 0.013174 0.062021 0.901348 0.012112 0.011345
2 2 0.024718 0.094507 0.841693 0.015500 0.023581
2 2 0.026946 0.115387 0.807259 0.015271 0.035137
2 2 0.030069 0.137103 0.767017 0.017114 0.048698
2 2 0.036368 0.152916 0.728957 0.019078 0.062681
2 2 0.046652 0.163616 0.691374 0.021084 0.077275
2 2 0.055132 0.176668 0.650092 0.022241 0.095866
2 2 0.039289 0.150237 0.728796 0.019739 0.061940
2 2 0.025501 0.126795 0.791506 0.015857 0.040341
2 2 0.024780 0.127794 0.791210 0.015186 0.041031
2 2 0.028374 0.145176 0.756286 0.015804 0.054360
2 2 0.024991 0.138176 0.774018 0.014811 0.048005
2 2 0.025601 0.137785 0.773594 0.015124 0.047896
2 2 0.024465 0.127039 0.792919 0.015318 0.040259
2 2 0.024186 0.124372 0.797746 0.014080 0.039616
2 2 0.018401 0.114547 0.822811 0.012366 0.031875
2 2 0.015930 0.103707 0.843223 0.010926 0.026215
2 2 0.015167 0.106282 0.840898 0.009864 0.027789
2 2 0.012588 0.098232 0.857136 0.007875 0.024170
2 2 0.010885 0.080469 0.884817 0.007515 0.016314
2 2 0.008854 0.059951 0.911571 0.008446 0.011178
2 2 0.011195 0.079661 0.882705 0.008741 0.017698
2 2 0.009178 0.058554 0.909156 0.010624 0.012488
2 2 0.008555 0.051121 0.918473 0.011514 0.010337
2 2 0.004847 0.027054 0.951036 0.012230 0.004833
2 2 0.005613 0.031738 0.946002 0.011265 0.005382
2 2 0.006192 0.035197 0.942039 0.010776 0.005795
2 2 0.005391 0.031628 0.947789 0.010090 0.005102
2 2 0.003684 0.022181 0.960161 0.010250 0.003724
2 2 0.004620 0.027292 0.953300 0.010286 0.004501
2 2 0.005918 0.032601 0.943688 0.012095 0.005698
2 2 0.007487 0.043004 0.930388 0.011339 0.007782
2 2 0.005000 0.027669 0.949878 0.012475 0.004978
2 2 0.003655 0.021506 0.960007 0.011080 0.003752
2 2 0.004880 0.028709 0.951424 0.010276 0.004711
2 2 0.007707 0.041995 0.931614 0.011631 0.007053
2 2 0.008556 0.045369 0.925958 0.012338 0.007779
2 2 0.007232 0.040616 0.934834 0.010726 0.006592
2 2 0.005330 0.031839 0.948287 0.009541 0.005003
2 2 0.006113 0.033791 0.942407 0.011855 0.005833
2 2 0.006557 0.034670 0.938997 0.013449 0.006327
2 2 0.006373 0.032537 0.939572 0.015201 0.006316
2 2 0.005258 0.025313 0.944419 0.019388 0.005622
2 2 0.005073 0.023882 0.944465 0.021042 0.005538
2 2 0.004889 0.022683 0.944749 0.022255 0.005423
2 2 0.007719 0.036146 0.929307 0.019104 0.007724
2 2 0.006658 0.032603 0.936828 0.017211 0.006700
2 2 0.005539 0.027956 0.944414 0.016395 0.005696
2 2 0.003143 0.015721 0.957952 0.019520 0.003664
2 2 0.003468 0.018027 0.957819 0.016814 0.003871
2 2 0.004044 0.021182 0.954649 0.015775 0.004350
2 2 0.007894 0.042126 0.930334 0.012370 0.007276
2 2 0.208704 0.193756 0.477431 0.041433 0.078676
2 2 0.234625 0.209705 0.423509 0.058286 0.073875
2 2 0.267732 0.212245 0.401861 0.052560 0.065602
0 0 0.361217 0.221132 0.328099 0.049276 0.040276
2 1 0.150926 0.176796 0.599376 0.029469 0.043433
2 1 0.146895 0.173941 0.606744 0.028246 0.044175
2 2 0.108488 0.155006 0.670387 0.024069 0.042050
2 2 0.130980 0.169705 0.626320 0.027797 0.045198
2 2 0.130374 0.177721 0.612552 0.028228 0.051125
2 2 0.191727 0.193745 0.523345 0.035075 0.056108
2 2 0.247582 0.199699 0.461301 0.035262 0.056156
2 2 0.332423 0.212914 0.363172 0.041817 0.049674
0 2 0.349782 0.214987 0.337578 0.045787 0.051865
0 2 0.393710 0.206802 0.288748 0.043500 0.067240
0 1 0.452119 0.203784 0.245028 0.041816 0.057254
0 1 0.488860 0.201788 0.221760 0.040414 0.047179
0 1 0.566068 0.192262 0.171295 0.037735 0.032640
2 1 0.295856 0.205080 0.416228 0.034056 0.048780
2 1 0.273352 0.203634 0.436116 0.035210 0.051688
2 2 0.161015 0.179886 0.568460 0.032767 0.057873
2 2 0.120930 0.163278 0.628585 0.029555 0.057651
2 2 0.118977 0.162043 0.629030 0.029610 0.060339
2 2 0.127049 0.165154 0.614002 0.030227 0.063568
2 2 0.118095 0.160415 0.625968 0.029417 0.066107
2 2 0.162435 0.180025 0.541804 0.037152 0.078585
2 2 0.194020 0.206151 0.454461 0.040578 0.104790
2 4 0.256654 0.245226 0.283295 0.041020 0.173805
0 4 0.280373 0.252276 0.164215 0.037315 0.265821
4 4 0.251450 0.244376 0.146548 0.028741 0.328884
4 4 0.234880 0.235914 0.143176 0.025545 0.360484
4 4 0.230341 0.231207 0.138729 0.023120 0.376603
4 4 0.221448 0.247329 0.147299 0.026363 0.357560
4 4 0.222481 0.233738 0.133891 0.020420 0.389470
4 4 0.210717 0.213517 0.130523 0.018806 0.426437
4 4 0.182238 0.193129 0.126034 0.016355 0.482244
4 4 0.176539 0.173727 0.115942 0.013500 0.520292
4 4 0.185837 0.149823 0.094373 0.008726 0.561241
4 4 0.214322 0.119182 0.074053 0.005697 0.586745
4 4 0.256043 0.101185 0.063816 0.004709 0.574248
4 4 0.349937 0.109568 0.071389 0.007317 0.461788
0 4 0.417844 0.105915 0.063072 0.006406 0.406763
4 4 0.418763 0.081019 0.044671 0.003135 0.452412
4 4 0.312760 0.053744 0.028992 0.001129 0.603375
4 4 0.416530 0.064670 0.033208 0.001723 0.483869
0 4 0.482147 0.078276 0.038424 0.002563 0.398590
4 4 0.311388 0.055589 0.030288 0.001225 0.601510
4 4 0.353132 0.053183 0.030405 0.001376 0.561905
4 4 0.336128 0.060073 0.034995 0.001734 0.567070
4 4 0.308576 0.071643 0.042754 0.002399 0.574628
4 4 0.310242 0.067104 0.039140 0.002021 0.581493
4 4 0.284069 0.072985 0.042156 0.002186 0.598604
4 4 0.277303 0.074545 0.042933 0.002226 0.602992
0 4 0.464913 0.116706 0.059420 0.005968 0.352992
4 4 0.168891 0.087236 0.043920 0.001722 0.698231
4 4 0.145934 0.083716 0.039526 0.001302 0.729521
4 4 0.143441 0.070260 0.030963 0.000803 0.754533
4 4 0.171845 0.090817 0.046725 0.001966 0.688647
4 4 0.196381 0.102536 0.058221 0.003295 0.639568
4 4 0.257208 0.101106 0.063946 0.004746 0.572994
4 4 0.315273 0.102475 0.072479 0.007272 0.502501
2 4 0.158893 0.194009 0.395692 0.025090 0.226316
2 4 0.125764 0.200064 0.461569 0.032278 0.180324
2 4 0.154720 0.174778 0.525074 0.041966 0.103463
2 0 0.223205 0.199119 0.463180 0.043086 0.071409
2 4 0.087884 0.177471 0.598176 0.027645 0.108824
2 4 0.160430 0.250091 0.380122 0.040611 0.168746
1 4 0.293128 0.295934 0.164416 0.052489 0.194032
1 4 0.280269 0.310011 0.154382 0.039940 0.215398
1 4 0.277490 0.281598 0.141840 0.028924 0.270148
4 4 0.250095 0.260354 0.134844 0.022437 0.332270
4 4 0.270995 0.267947 0.135979 0.024723 0.300356
4 4 0.242448 0.234787 0.142307 0.025739 0.354719
4 4 0.172186 0.192199 0.194204 0.017993 0.423419
2 4 0.102566 0.204482 0.477766 0.021388 0.193797
2 4 0.094980 0.196458 0.529395 0.023630 0.155536
2 4 0.064974 0.191282 0.598721 0.022842 0.122182
2 4 0.101835 0.208271 0.483537 0.030441 0.175915
2 4 0.205023 0.253328 0.318854 0.051389 0.171406
0 4 0.363766 0.273389 0.148271 0.052213 0.162360
0 4 0.340437 0.272732 0.135850 0.033007 0.217974
0 4 0.355887 0.251465 0.122705 0.025137 0.244805
0 4 0.361370 0.253693 0.122964 0.025948 0.236025
0 4 0.355037 0.256057 0.125205 0.026734 0.236967
0 4 0.353647 0.283122 0.137864 0.037998 0.187368
0 4 0.305217 0.301763 0.157683 0.048855 0.186482
1 4 0.250122 0.305762 0.197533 0.056118 0.190466
2 4 0.145014 0.287607 0.314903 0.038746 0.213731
2 4 0.133980 0.281185 0.321656 0.035178 0.228001
2 1 0.132054 0.270803 0.334009 0.033210 0.229924
2 2 0.149384 0.260292 0.332281 0.033588 0.224455
2 2 0.180511 0.262683 0.319096 0.039689 0.198021
2 2 0.208725 0.276098 0.282589 0.048280 0.184309
0 2 0.318684 0.294570 0.160928 0.056965 0.168853
1 2 0.302682 0.316639 0.158249 0.051076 0.171354
1 2 0.283023 0.318553 0.163840 0.051710 0.182875
1 2 0.282865 0.311743 0.160394 0.046672 0.198326
1 2 0.289239 0.304008 0.160120 0.047251 0.199382
1 2 0.276318 0.300385 0.163048 0.046584 0.213665
1 2 0.251548 0.294801 0.166816 0.044098 0.242736
1 2 0.254872 0.293530 0.168098 0.045939 0.237562
1 2 0.249206 0.303203 0.173359 0.050599 0.223634
1 2 0.221621 0.313733 0.176897 0.047996 0.239753
1 2 0.175523 0.307369 0.182454 0.042786 0.291868
1 2 0.153842 0.301433 0.204486 0.039621 0.300617
4 2 0.130748 0.292983 0.242084 0.034630 0.299555
2 2 0.090398 0.262684 0.320357 0.025466 0.301095
2 2 0.048594 0.228083 0.535885 0.019301 0.168137
2 2 0.032222 0.172310 0.700252 0.016847 0.078369
2 2 0.028906 0.163065 0.724325 0.017564 0.066140
2 2 0.030758 0.165784 0.716143 0.019122 0.068193
2 2 0.031231 0.175830 0.696698 0.019132 0.077109
2 2 0.042451 0.182991 0.661570 0.023533 0.089456
2 2 0.067114 0.208870 0.554571 0.027821 0.141623
2 2 0.077598 0.196125 0.563746 0.025319 0.137213
2 2 0.087181 0.184076 0.574165 0.022730 0.131849
2 2 0.088630 0.175242 0.593050 0.021607 0.121471
2 2 0.124952 0.198662 0.526917 0.028340 0.121129
2 2 0.096071 0.180220 0.583926 0.024852 0.114931
2 2 0.084429 0.170880 0.613687 0.024793 0.106211
2 2 0.073763 0.173137 0.629862 0.026734 0.096503
2 2 0.089396 0.241042 0.430878 0.028450 0.210233
2 2 0.107736 0.264664 0.368548 0.032986 0.226067
2 2 0.100568 0.276731 0.359895 0.034032 0.228773
2 2 0.073994 0.262491 0.400662 0.028139 0.234714
2 2 0.065714 0.256837 0.380835 0.023582 0.273032
2 2 0.075621 0.271790 0.335233 0.024645 0.292711
2 2 0.076621 0.270238 0.337247 0.023188 0.292706
2 2 0.058727 0.253466 0.417587 0.021064 0.249156
2 2 0.044283 0.222412 0.568944 0.022605 0.141757
2 2 0.039595 0.221223 0.581585 0.020468 0.137130
2 2 0.033385 0.209884 0.620755 0.017592 0.118385
2 2 0.029005 0.195011 0.661028 0.015238 0.099719
2 2 0.020043 0.115216 0.807378 0.017441 0.039922
2 2 0.012784 0.061254 0.881079 0.025123 0.019760
2 2 0.010006 0.044365 0.902048 0.029457 0.014124
2 2 0.010422 0.053284 0.895628 0.023210 0.017456
2 2 0.011627 0.068217 0.880114 0.017714 0.022328
2 2 0.013840 0.078343 0.864656 0.018078 0.025084
2 2 0.016029 0.081491 0.864081 0.017626 0.020774
2 2 0.028481 0.116137 0.802565 0.018854 0.033963
2 2 0.141539 0.156807 0.583476 0.025274 0.092904
2 2 0.148581 0.144852 0.598834 0.023902 0.083831
2 2 0.252869 0.201385 0.454708 0.036038 0.054999
2 2 0.340767 0.220536 0.341199 0.051427 0.046071
0 0 0.335620 0.229088 0.306355 0.076900 0.052037
2 1 0.218290 0.222947 0.409862 0.088169 0.060732
2 1 0.188455 0.220260 0.432425 0.105373 0.053487
2 2 0.048499 0.133325 0.741086 0.029651 0.047438
2 2 0.021226 0.093076 0.846342 0.019178 0.020178
2 2 0.018220 0.088371 0.859185 0.015763 0.018460
2 2 0.016145 0.082836 0.870822 0.013792 0.016405
2 2 0.013031 0.068050 0.893889 0.012706 0.012324
2 2 0.011195 0.059298 0.908014 0.011652 0.009841
2 2 0.012402 0.073384 0.890853 0.010103 0.013258
2 2 0.012240 0.067264 0.896999 0.011494 0.012002
2 2 0.013766 0.077455 0.882817 0.011364 0.014597
2 2 0.013793 0.077342 0.882901 0.011415 0.014549
2 2 0.012101 0.067186 0.899060 0.010539 0.011113
2 2 0.010047 0.055922 0.915464 0.010002 0.008565
2 2 0.008842 0.052362 0.922851 0.008474 0.007471
2 2 0.006346 0.039190 0.940698 0.008141 0.005624
2 2 0.006306 0.038401 0.941111 0.008540 0.005642
2 2 0.004854 0.030435 0.951851 0.008343 0.004517
2 2 0.004784 0.029216 0.952333 0.009132 0.004535
2 2 0.004864 0.031178 0.951738 0.007755 0.004465
2 2 0.007399 0.043308 0.933451 0.009295 0.006547
2 2 0.007960 0.044184 0.929861 0.010840 0.007155
2 2 0.008678 0.046202 0.925151 0.012122 0.007846
2 2 0.006105 0.033980 0.942520 0.011591 0.005803
2 2 0.007134 0.039204 0.935488 0.011568 0.006606
2 2 0.009408 0.052201 0.919920 0.010318 0.008153
2 2 0.011722 0.061227 0.905271 0.011751 0.010029
2 2 0.009322 0.053154 0.920107 0.009453 0.007964
2 2 0.010276 0.057477 0.913787 0.009770 0.008690
2 2 0.010439 0.056634 0.912785 0.010979 0.009163
2 2 0.013155 0.076457 0.885394 0.010692 0.014302
2 2 0.015149 0.098740 0.851741 0.010557 0.023812
2 2 0.015130 0.101306 0.848149 0.010283 0.025131
2 2 0.010322 0.074349 0.893148 0.007681 0.014500
2 2 0.008389 0.058571 0.914889 0.007706 0.010444
2 2 0.007879 0.044241 0.925937 0.013008 0.008935
2 2 0.007337 0.040487 0.932552 0.012269 0.007355
2 2 0.006909 0.039963 0.935179 0.010947 0.007002
2 2 0.005623 0.033478 0.945357 0.010011 0.005532
2 2 0.004151 0.024419 0.956557 0.010726 0.004147
2 2 0.004133 0.022777 0.955503 0.013292 0.004295
2 2 0.006406 0.031960 0.938838 0.016367 0.006429
2 2 0.007772 0.036907 0.929409 0.018211 0.007701
2 2 0.007396 0.034837 0.931354 0.018968 0.007444
2 2 0.004731 0.023306 0.948372 0.018489 0.005103
2 2 0.005032 0.023628 0.944572 0.021258 0.005510
2 2 0.007003 0.033085 0.933719 0.019074 0.007119
2 2 0.008155 0.041655 0.924790 0.016397 0.009003
2 2 0.006341 0.029963 0.937524 0.019587 0.006585
2 2 0.004227 0.019642 0.948314 0.022985 0.004832
2 2 0.003111 0.015011 0.956186 0.021980 0.003712
2 2 0.003549 0.016070 0.950004 0.026103 0.004273
2 2 0.005027 0.022021 0.940622 0.026596 0.005733
2 2 0.016841 0.057044 0.866229 0.042752 0.017135
2 2 0.054334 0.090594 0.772994 0.031310 0.050768
2 2 0.269970 0.177749 0.424166 0.047410 0.080706
0 2 0.417576 0.181108 0.284258 0.049368 0.067689
0 1 0.604209 0.166752 0.111137 0.050752 0.067151
0 2 0.722048 0.135816 0.061948 0.035222 0.044967
0 0 0.723781 0.140429 0.060573 0.040369 0.034848
0 0 0.715877 0.148435 0.060338 0.049895 0.025454
0 0 0.679303 0.160020 0.071086 0.058531 0.031060
0 0 0.750197 0.135758 0.051142 0.040883 0.022020
0 0 0.592208 0.190304 0.128869 0.052028 0.036592
0 1 0.482845 0.216411 0.211761 0.048868 0.040114
0 1 0.369157 0.241500 0.296137 0.045071 0.048135
0 1 0.353437 0.255327 0.289751 0.044816 0.056669
0 1 0.341489 0.253370 0.300568 0.046115 0.058458
0 2 0.394503 0.243779 0.257364 0.051653 0.052700
0 2 0.535282 0.213650 0.155686 0.053865 0.041517
0 2 0.565718 0.197577 0.148628 0.054122 0.033955
0 2 0.573141 0.194490 0.151183 0.048448 0.032737
0 2 0.500919 0.205902 0.216044 0.042086 0.035050
0 2 0.533471 0.201652 0.191810 0.041760 0.031307
0 2 0.473243 0.210165 0.238290 0.042754 0.035548
0 2 0.531010 0.204292 0.184139 0.048151 0.032408
0 2 0.467637 0.214620 0.233576 0.049336 0.034831
0 2 0.505322 0.210055 0.197850 0.052583 0.034190
0 2 0.498220 0.210686 0.202840 0.052608 0.035646
0 2 0.541653 0.205655 0.163312 0.058674 0.030706
0 2 0.460935 0.218512 0.233921 0.053940 0.032692
0 2 0.440563 0.218732 0.257994 0.049408 0.033303
0 2 0.521476 0.195229 0.211543 0.032941 0.038811
0 0 0.594174 0.176792 0.166017 0.026067 0.036950
0 0 0.579563 0.179794 0.181542 0.024684 0.034418
0 1 0.506807 0.207521 0.213727 0.042266 0.029679
0 1 0.638322 0.175523 0.109205 0.045560 0.031390
0 2 0.680639 0.158217 0.080102 0.045919 0.035123
0 2 0.675835 0.157987 0.090268 0.037900 0.038011
0 2 0.670376 0.164862 0.111860 0.029166 0.023737
0 2 0.607498 0.176414 0.162132 0.024878 0.029077
2 2 0.311496 0.198254 0.423492 0.025376 0.041382
2 2 0.251750 0.190199 0.488562 0.024163 0.045326
2 2 0.201196 0.177104 0.553394 0.021112 0.047194
2 2 0.175459 0.168137 0.593656 0.018645 0.044104
0 2 0.682508 0.141775 0.088105 0.026420 0.061193
0 2 0.650903 0.143827 0.102577 0.024322 0.078371
0 2 0.538772 0.171774 0.160927 0.033834 0.094694
0 2 0.474221 0.172468 0.185919 0.035198 0.132194
2 2 0.290527 0.190099 0.315101 0.050430 0.153844
2 2 0.142679 0.197678 0.441926 0.040547 0.177170
2 1 0.136823 0.172322 0.527852 0.038917 0.124087
2 1 0.045448 0.114503 0.777597 0.019848 0.042604
2 2 0.046520 0.110508 0.782851 0.020405 0.039716
2 2 0.061950 0.168981 0.653981 0.021520 0.093568
2 2 0.071897 0.175058 0.624481 0.023895 0.104670
2 2 0.085144 0.214801 0.494750 0.026254 0.179050
2 2 0.166046 0.197333 0.307413 0.028135 0.301073
0 4 0.299851 0.171464 0.229799 0.033909 0.264977
4 4 0.242563 0.174811 0.225464 0.023428 0.333733
0 4 0.405888 0.187867 0.177561 0.043404 0.185279
0 4 0.635447 0.152835 0.087341 0.044014 0.080363
0 4 0.713806 0.132991 0.064286 0.031990 0.056927
0 4 0.691249 0.146790 0.070805 0.042522 0.048634
0 4 0.743992 0.138153 0.052762 0.042513 0.022579
0 4 0.623455 0.183098 0.116698 0.049457 0.027292
0 4 0.742134 0.141264 0.051234 0.047553 0.017815
0 4 0.593633 0.202484 0.107972 0.063902 0.032009
0 4 0.580384 0.205489 0.113007 0.066225 0.034895
0 4 0.637011 0.178549 0.088050 0.063101 0.033288
0 4 0.609841 0.183860 0.104202 0.064062 0.038035
0 4 0.635498 0.172271 0.085280 0.055765 0.051185
0 4 0.673559 0.139741 0.076766 0.033648 0.076285
0 4 0.691206 0.122606 0.068710 0.023061 0.094416
0 4 0.619232 0.144283 0.099244 0.030063 0.107178
0 4 0.683284 0.129069 0.070565 0.027762 0.089319
0 1 0.567068 0.120714 0.086495 0.023019 0.202704
0 1 0.584175 0.124170 0.085927 0.024521 0.181206
0 1 0.711259 0.116746 0.061290 0.021529 0.089176
0 4 0.795092 0.103600 0.041746 0.018315 0.041246
0 4 0.658122 0.125906 0.071399 0.022220 0.122352
0 4 0.640632 0.124598 0.067212 0.016210 0.151348
0 4 0.566103 0.118705 0.065470 0.010563 0.239159
0 4 0.632158 0.107385 0.050642 0.007236 0.202579
0 4 0.575221 0.105419 0.050328 0.005721 0.263310
0 4 0.703208 0.088541 0.041298 0.006308 0.160644
4 4 0.418195 0.091546 0.049393 0.003757 0.437109
4 4 0.300467 0.073332 0.042564 0.002304 0.581331
4 4 0.234129 0.067880 0.035101 0.001333 0.661557
4 4 0.200624 0.077999 0.040019 0.001572 0.679785
4 4 0.214357 0.077037 0.040338 0.001659 0.666609
4 4 0.256814 0.085377 0.050156 0.002880 0.604774
4 4 0.276654 0.065518 0.035882 0.001558 0.620388
4 4 0.335464 0.077963 0.051712 0.003798 0.531063
4 4 0.360443 0.065582 0.041064 0.002541 0.530370
0 4 0.474233 0.064020 0.047982 0.004829 0.408935
0 4 0.505509 0.060878 0.043924 0.004312 0.385377
0 4 0.561869 0.089438 0.064819 0.011206 0.272668
0 4 0.610555 0.116643 0.077342 0.020755 0.174705
0 4 0.604138 0.166568 0.115995 0.041382 0.071917
0 4 0.678797 0.146818 0.074684 0.041238 0.058463
0 4 0.650410 0.150970 0.083027 0.043087 0.072505
0 4 0.655567 0.141128 0.079942 0.035116 0.088246
0 4 0.680069 0.124375 0.069650 0.024920 0.100985
0 4 0.678700 0.113845 0.065581 0.019605 0.122268
0 4 0.463020 0.070280 0.046232 0.004076 0.416392
0 4 0.693210 0.116592 0.060446 0.017113 0.112639
0 4 0.747360 0.110406 0.052785 0.019402 0.070046
0 4 0.748178 0.104279 0.050858 0.016534 0.080152
0 4 0.651904 0.119567 0.072502 0.022099 0.133928
0 4 0.575430 0.172394 0.093058 0.031563 0.127555
0 4 0.505543 0.176197 0.103778 0.028795 0.185688
0 4 0.511650 0.197374 0.105050 0.032130 0.153796
0 1 0.560495 0.154931 0.084064 0.019963 0.180548
0 1 0.694958 0.136691 0.067105 0.028075 0.073169
4 1 0.273720 0.176362 0.108214 0.014381 0.427322
4 1 0.229895 0.162322 0.096185 0.009818 0.501780
4 1 0.191508 0.136875 0.080558 0.006218 0.584842
4 1 0.298765 0.154446 0.079842 0.007369 0.459579
0 1 0.479313 0.198147 0.089755 0.016525 0.216260
0 1 0.539305 0.228719 0.094154 0.030582 0.107241
0 1 0.500444 0.238581 0.110513 0.042498 0.107965
0 1 0.535465 0.224061 0.102494 0.041128 0.096852
0 1 0.576246 0.200745 0.095705 0.042747 0.084556
0 1 0.576865 0.185583 0.099100 0.045078 0.093374
0 1 0.485440 0.192880 0.186071 0.050758 0.084851
0 1 0.340762 0.203882 0.321929 0.045351 0.088077
0 1 0.375911 0.203588 0.277664 0.049882 0.092956
0 1 0.399816 0.202016 0.245152 0.054588 0.098427
0 1 0.395707 0.203092 0.244436 0.057264 0.099502
0 1 0.531035 0.184989 0.140359 0.059647 0.083970
0 1 0.618606 0.141288 0.088142 0.034467 0.117497
0 1 0.696929 0.110362 0.061230 0.018246 0.113233
0 1 0.689199 0.112021 0.063140 0.018890 0.116751
0 1 0.763515 0.098820 0.046648 0.014622 0.076396
0 1 0.701069 0.098158 0.054989 0.013513 0.132271
0 1 0.771624 0.094988 0.044172 0.013311 0.075905
0 1 0.775251 0.114989 0.047197 0.023908 0.038655
0 1 0.780646 0.121129 0.044432 0.030242 0.023551
0 2 0.594287 0.192193 0.095272 0.057978 0.060270
0 2 0.599831 0.185332 0.096188 0.060444 0.058205
0 2 0.528199 0.206572 0.132413 0.064306 0.068509
0 2 0.476663 0.219199 0.161617 0.064672 0.077849
0 2 0.467684 0.223185 0.159269 0.064143 0.085719
0 2 0.494866 0.223516 0.132649 0.068075 0.080894
0 2 0.504024 0.233030 0.118168 0.065025 0.079754
0 2 0.462871 0.251691 0.127137 0.061540 0.096760
0 2 0.398797 0.261530 0.163797 0.061382 0.114494
0 2 0.373685 0.265775 0.182525 0.058858 0.119158
0 2 0.376520 0.262076 0.183923 0.057319 0.120163
0 2 0.375774 0.255452 0.200380 0.058375 0.110019
0 2 0.406042 0.242167 0.192770 0.061540 0.097480
0 2 0.395172 0.240006 0.208342 0.064441 0.092039
0 2 0.443723 0.234818 0.168777 0.066969 0.085712
0 2 0.455191 0.238739 0.148153 0.068256 0.089661
0 2 0.444811 0.249452 0.138282 0.067729 0.099725
0 2 0.412470 0.261630 0.148677 0.064484 0.112740
0 2 0.371217 0.268623 0.180891 0.059482 0.119787
0 2 0.326654 0.259127 0.244083 0.054317 0.115819
2 2 0.271075 0.242385 0.331495 0.049644 0.105402
2 2 0.197497 0.214370 0.452868 0.044913 0.090352
2 2 0.148573 0.188781 0.543930 0.037380 0.081336
2 2 0.140406 0.189425 0.543707 0.032448 0.094014
2 2 0.103899 0.181705 0.583939 0.026228 0.104229
2 2 0.113070 0.204900 0.529438 0.028441 0.124151
