0 0 0.899850 0.059029 0.016068 0.002086 0.022967
0 0 0.921646 0.041233 0.010806 0.004012 0.022303
0 0 0.894847 0.042216 0.011641 0.007399 0.043896
0 0 0.775147 0.058970 0.018922 0.012670 0.134291
0 0 0.773133 0.052631 0.016452 0.013939 0.143845
0 0 0.829960 0.044266 0.012659 0.010747 0.102368
0 0 0.937336 0.026496 0.006451 0.007069 0.022648
0 0 0.944507 0.031285 0.007279 0.002578 0.014351
0 0 0.932687 0.040971 0.009557 0.001322 0.015464
0 0 0.932018 0.042296 0.009676 0.001017 0.014994
0 0 0.920073 0.049763 0.011945 0.001036 0.017182
0 0 0.931622 0.043535 0.009717 0.000751 0.014375
0 0 0.912116 0.054409 0.013526 0.001129 0.018821
0 0 0.914544 0.052434 0.013053 0.001262 0.018708
0 0 0.943566 0.035218 0.007588 0.000936 0.012692
0 0 0.952249 0.029151 0.006093 0.001142 0.011364
0 0 0.950935 0.028572 0.006253 0.001842 0.012397
0 0 0.955131 0.026485 0.005577 0.001561 0.011246
0 0 0.942407 0.034842 0.007786 0.001349 0.013616
0 0 0.945960 0.033261 0.007171 0.001089 0.012519
0 0 0.951866 0.030939 0.006149 0.000615 0.010431
0 0 0.935910 0.042745 0.008802 0.000372 0.012171
0 0 0.872467 0.081842 0.021672 0.000659 0.023360
0 0 0.849905 0.093047 0.027089 0.001083 0.028876
0 0 0.856913 0.086737 0.025596 0.001499 0.029255
0 0 0.857890 0.083583 0.025448 0.002209 0.030870
0 0 0.895725 0.062262 0.016949 0.001808 0.023256
0 0 0.886561 0.067132 0.018928 0.002029 0.025350
0 0 0.842430 0.092007 0.029157 0.002405 0.034002
0 0 0.808083 0.109490 0.037848 0.003119 0.041461
0 0 0.839408 0.093489 0.029898 0.002492 0.034714
0 0 0.860292 0.080978 0.024881 0.002624 0.031225
0 0 0.906346 0.056764 0.014722 0.001488 0.020680
0 0 0.889439 0.068625 0.018218 0.001102 0.022616
0 0 0.845550 0.093095 0.028307 0.001603 0.031444
0 0 0.826961 0.100944 0.032984 0.002412 0.036698
0 0 0.789440 0.117103 0.042781 0.004129 0.046548
0 0 0.732168 0.137513 0.058119 0.008675 0.063524
0 0 0.632671 0.161373 0.070228 0.006697 0.129033
0 0 0.688029 0.145719 0.056066 0.003615 0.106571
0 0 0.592904 0.167204 0.067711 0.003122 0.169059
0 0 0.735174 0.130849 0.046354 0.002597 0.085025
0 0 0.814383 0.108996 0.036154 0.002193 0.038274
0 0 0.791882 0.122587 0.042005 0.002041 0.041485
0 0 0.781500 0.127439 0.044859 0.002292 0.043910
0 0 0.804108 0.116766 0.038707 0.001769 0.038650
0 0 0.789494 0.123710 0.042657 0.002097 0.042042
0 0 0.733887 0.148665 0.058547 0.003684 0.055217
0 0 0.715781 0.156309 0.063998 0.004328 0.059585
0 0 0.627937 0.190283 0.101241 0.008620 0.071920
0 0 0.523809 0.220702 0.163033 0.016500 0.075955
0 0 0.447332 0.238658 0.200121 0.025301 0.088587
0 0 0.446294 0.221651 0.184812 0.042424 0.104820
0 0 0.456129 0.204377 0.178177 0.055059 0.106257
0 0 0.593339 0.180693 0.099587 0.026641 0.099741
0 0 0.605787 0.181945 0.098343 0.020680 0.093245
0 0 0.546385 0.204957 0.128380 0.023490 0.096788
0 0 0.624876 0.189089 0.093047 0.009774 0.083213
0 0 0.619184 0.182413 0.093680 0.015461 0.089262
0 0 0.655636 0.167206 0.081507 0.014161 0.081491
0 0 0.584698 0.142553 0.072144 0.029617 0.170989
0 0 0.656918 0.125341 0.059533 0.029848 0.128360
0 0 0.753991 0.101084 0.044546 0.030923 0.069456
0 0 0.808450 0.079356 0.031959 0.028665 0.051571
0 0 0.819961 0.078836 0.030673 0.022069 0.048461
0 0 0.808145 0.085835 0.034078 0.020709 0.051233
0 0 0.839745 0.073022 0.026903 0.017201 0.043128
0 0 0.863146 0.048953 0.017353 0.034361 0.036187
0 0 0.887655 0.038448 0.012592 0.032025 0.029280
0 0 0.868445 0.048163 0.016811 0.031530 0.035050
0 0 0.849318 0.065006 0.023655 0.021039 0.040981
0 0 0.679018 0.135391 0.071568 0.032892 0.081130
0 0 0.619527 0.167772 0.089814 0.028037 0.094851
0 1 0.280394 0.254540 0.256034 0.035634 0.173397
2 2 0.080272 0.213712 0.402734 0.027195 0.276086
2 2 0.126619 0.201175 0.526742 0.060327 0.085137
2 2 0.264364 0.225852 0.394710 0.056227 0.058847
0 2 0.360283 0.248087 0.266551 0.038741 0.086338
0 1 0.303594 0.259666 0.275366 0.035570 0.125804
2 1 0.243568 0.261642 0.312100 0.034279 0.148411
2 4 0.188050 0.247424 0.407486 0.043425 0.113615
2 0 0.056839 0.178420 0.617755 0.050202 0.096784
2 4 0.036392 0.135314 0.709299 0.049392 0.069603
2 1 0.011637 0.061374 0.864367 0.035426 0.027196
2 3 0.010719 0.056873 0.875379 0.034650 0.022380
2 -1 0.011869 0.065393 0.859550 0.032268 0.030921
2 0 0.016925 0.092598 0.792986 0.031482 0.066008
2 0 0.019472 0.107852 0.741677 0.030020 0.100979
2 2 0.021659 0.122903 0.693973 0.026828 0.134638
2 2 0.021044 0.122235 0.688650 0.025909 0.142162
2 2 0.020327 0.113747 0.704257 0.029485 0.132184
2 2 0.021632 0.113514 0.690897 0.033856 0.140101
2 2 0.023001 0.119828 0.654839 0.033329 0.169004
2 2 0.026945 0.144249 0.474677 0.023899 0.330229
4 4 0.026409 0.139392 0.298561 0.016688 0.518951
4 2 0.026447 0.117940 0.158780 0.013537 0.683296
4 2 0.026830 0.119308 0.144881 0.012119 0.696861
4 2 0.026610 0.120177 0.144739 0.010828 0.697646
4 1 0.020817 0.117913 0.147057 0.007249 0.706965
4 2 0.022014 0.127617 0.172096 0.007874 0.670399
4 2 0.023622 0.144533 0.252823 0.009892 0.569130
4 2 0.027106 0.158730 0.313567 0.012652 0.487945
4 2 0.028545 0.165383 0.394386 0.015559 0.396128
4 2 0.029285 0.165572 0.383249 0.015949 0.405946
4 1 0.029004 0.166256 0.371321 0.015004 0.418414
4 2 0.034547 0.176449 0.364611 0.017837 0.406557
2 2 0.038920 0.185488 0.440229 0.022960 0.312404
2 0 0.090566 0.226925 0.445629 0.054998 0.181882
2 0 0.227882 0.238662 0.389806 0.069935 0.073715
0 1 0.410477 0.242183 0.235113 0.030041 0.082186
0 1 0.470541 0.236005 0.171695 0.022616 0.099143
0 2 0.535863 0.219789 0.124695 0.015447 0.104206
0 2 0.497736 0.229563 0.141631 0.019853 0.111218
0 2 0.481988 0.229786 0.178184 0.022748 0.087294
2 3 0.286814 0.259052 0.291446 0.042097 0.120591
2 3 0.070325 0.213205 0.485035 0.039924 0.191511
2 3 0.029047 0.149188 0.621053 0.027891 0.172820
2 3 0.016458 0.086444 0.805157 0.034710 0.057231
2 2 0.011494 0.053933 0.864297 0.046878 0.023399
2 3 0.009688 0.038309 0.873117 0.066760 0.012125
3 3 0.007794 0.008385 0.358575 0.621895 0.003351
3 3 0.008496 0.008703 0.331612 0.647318 0.003870
3 3 0.007582 0.006796 0.256043 0.725896 0.003682
3 3 0.006479 0.004894 0.176484 0.808643 0.003500
3 3 0.005100 0.003302 0.122799 0.865924 0.002875
3 3 0.004888 0.002865 0.098000 0.891378 0.002869
3 3 0.005431 0.002864 0.078888 0.909456 0.003360
3 3 0.005069 0.002150 0.047383 0.941969 0.003429
3 3 0.004597 0.001782 0.038649 0.952007 0.002963
3 3 0.004077 0.001512 0.034356 0.957479 0.002576
3 3 0.003855 0.001426 0.033746 0.958534 0.002439
3 3 0.003738 0.001348 0.031827 0.960753 0.002334
3 3 0.004900 0.001933 0.040607 0.949380 0.003180
3 3 0.005823 0.002476 0.049121 0.938665 0.003915
3 3 0.007587 0.003719 0.070373 0.913192 0.005128
3 3 0.007073 0.003552 0.073624 0.911092 0.004659
3 3 0.008571 0.005228 0.117658 0.863372 0.005172
3 3 0.010274 0.007601 0.181370 0.794917 0.005838
3 3 0.014492 0.013776 0.304197 0.659713 0.007822
3 3 0.013115 0.010902 0.235160 0.733435 0.007389
3 1 0.014755 0.011929 0.225493 0.739194 0.008630
3 3 0.013952 0.011909 0.248752 0.717507 0.007880
3 3 0.012106 0.010576 0.256791 0.714020 0.006508
3 3 0.011193 0.009050 0.216251 0.756984 0.006523
3 3 0.006519 0.004196 0.124543 0.860775 0.003966
3 3 0.005827 0.003295 0.091610 0.895496 0.003772
3 3 0.004894 0.002504 0.071914 0.917575 0.003112
3 3 0.005316 0.002617 0.066817 0.921779 0.003470
3 3 0.004928 0.002098 0.047468 0.942159 0.003347
3 3 0.005562 0.002415 0.050731 0.937495 0.003797
3 3 0.005134 0.002151 0.046373 0.942896 0.003446
3 3 0.007104 0.003260 0.059762 0.924930 0.004944
3 3 0.007738 0.003564 0.061308 0.922018 0.005372
3 3 0.009284 0.004537 0.071655 0.907916 0.006609
3 3 0.009164 0.004460 0.070889 0.908975 0.006512
3 3 0.010145 0.005297 0.083123 0.893961 0.007474
3 3 0.011831 0.006956 0.110362 0.862346 0.008505
3 3 0.011254 0.006441 0.103043 0.871061 0.008201
3 3 0.012428 0.006728 0.092880 0.878718 0.009247
3 3 0.009714 0.004617 0.068485 0.910400 0.006785
3 3 0.010285 0.004877 0.068974 0.908714 0.007151
3 3 0.008287 0.003908 0.065227 0.916765 0.005813
3 3 0.009597 0.004713 0.072871 0.905979 0.006839
3 3 0.007010 0.003135 0.056608 0.928437 0.004809
3 3 0.007268 0.003230 0.056340 0.928205 0.004957
3 3 0.005178 0.002007 0.039676 0.949824 0.003316
3 3 0.005514 0.002161 0.041154 0.947629 0.003542
3 3 0.005197 0.002009 0.039519 0.949953 0.003323
3 3 0.007894 0.003484 0.056536 0.926748 0.005337
3 3 0.009872 0.004452 0.061906 0.917093 0.006678
3 3 0.012154 0.005657 0.068817 0.905091 0.008281
3 3 0.011518 0.005186 0.063741 0.911837 0.007718
3 3 0.012056 0.005485 0.065672 0.908680 0.008107
3 3 0.010780 0.004770 0.060719 0.916556 0.007175
3 3 0.008682 0.003927 0.060630 0.920835 0.005925
3 3 0.008058 0.003644 0.059632 0.923144 0.005522
3 3 0.006944 0.003129 0.057330 0.927811 0.004787
3 3 0.007126 0.003342 0.062453 0.922055 0.005024
3 3 0.006937 0.003173 0.059065 0.926000 0.004825
3 3 0.008193 0.003774 0.062077 0.920286 0.005670
3 3 0.010598 0.004841 0.064458 0.912908 0.007195
3 3 0.022774 0.013297 0.120047 0.826767 0.017114
3 3 0.032738 0.025045 0.216125 0.702987 0.023105
3 3 0.047469 0.047130 0.347404 0.526994 0.031002
2 3 0.043850 0.056496 0.503168 0.373397 0.023089
2 0 0.034539 0.063675 0.687420 0.198692 0.015673
2 2 0.023452 0.050038 0.750549 0.165153 0.010808
2 2 0.025395 0.059734 0.755950 0.142248 0.016674
2 2 0.014221 0.037155 0.789895 0.146654 0.012074
2 2 0.013898 0.044203 0.821785 0.102890 0.017224
2 2 0.014180 0.046682 0.827061 0.094197 0.017880
2 2 0.011565 0.040799 0.856798 0.079010 0.011829
2 2 0.020815 0.063726 0.806790 0.089211 0.019458
2 2 0.074309 0.129718 0.664593 0.091974 0.039406
2 2 0.226734 0.211405 0.443603 0.062213 0.056045
2 0 0.272155 0.229242 0.385587 0.053686 0.059331
2 2 0.298263 0.238251 0.352890 0.047343 0.063253
2 2 0.148850 0.196670 0.509052 0.086925 0.058503
2 1 0.118558 0.180897 0.544682 0.103931 0.051933
2 2 0.035957 0.113176 0.730509 0.071859 0.048499
2 2 0.024149 0.084641 0.794703 0.065138 0.031369
2 2 0.022907 0.085255 0.788238 0.062657 0.040943
2 2 0.019819 0.078836 0.792393 0.061263 0.047689
2 2 0.023663 0.085811 0.767008 0.070550 0.052968
2 2 0.021100 0.071340 0.786335 0.083743 0.037482
2 2 0.021843 0.066057 0.779210 0.102300 0.030590
2 2 0.023470 0.073965 0.761034 0.097322 0.044207
2 2 0.024391 0.069748 0.757533 0.113244 0.035084
2 2 0.023326 0.064124 0.758375 0.123725 0.030450
2 2 0.020800 0.063723 0.788663 0.099294 0.027520
2 2 0.018757 0.062561 0.802223 0.087432 0.029027
2 1 0.015258 0.064998 0.830022 0.055867 0.033855
2 1 0.013667 0.062997 0.843620 0.047949 0.031769
2 1 0.014654 0.071844 0.842172 0.038709 0.032620
2 2 0.020378 0.085562 0.816560 0.045658 0.031843
2 0 0.036199 0.128319 0.740069 0.050410 0.045003
2 1 0.071051 0.170639 0.639703 0.068303 0.050305
2 2 0.215483 0.227818 0.428788 0.069078 0.058834
2 2 0.226057 0.245186 0.373817 0.066911 0.088029
2 2 0.258055 0.245245 0.353721 0.062353 0.080625
2 1 0.196102 0.227192 0.435039 0.078653 0.063014
2 2 0.093249 0.197319 0.562672 0.075975 0.070784
2 2 0.074837 0.204653 0.538507 0.060304 0.121699
2 2 0.068891 0.193330 0.554002 0.064067 0.119710
2 2 0.047629 0.158115 0.635369 0.057207 0.101680
2 2 0.035159 0.117034 0.723698 0.066068 0.058040
2 2 0.033441 0.140271 0.664576 0.042362 0.119350
2 2 0.027481 0.152702 0.557701 0.022961 0.239155
2 0 0.049837 0.197138 0.473114 0.024606 0.255305
2 0 0.194070 0.258619 0.342195 0.028721 0.176396
0 2 0.344713 0.252350 0.269544 0.035146 0.098246
0 1 0.440926 0.241868 0.189978 0.026529 0.100699
0 1 0.479014 0.234349 0.164204 0.021599 0.100834
0 1 0.579187 0.206730 0.113711 0.011874 0.088498
0 1 0.644721 0.183959 0.100723 0.007664 0.062933
0 2 0.691205 0.166209 0.071598 0.005354 0.065634
0 2 0.568912 0.209686 0.126839 0.012717 0.081846
0 2 0.517443 0.224687 0.146465 0.017346 0.094059
0 1 0.533729 0.220453 0.133035 0.015735 0.097048
0 1 0.368219 0.254811 0.215590 0.039238 0.122141
2 2 0.060324 0.154939 0.525440 0.096066 0.163231
2 2 0.059189 0.143200 0.563903 0.112244 0.121463
2 2 0.055743 0.156001 0.584213 0.080803 0.123239
2 2 0.065126 0.168802 0.554728 0.085270 0.126075
2 2 0.070037 0.170449 0.564854 0.091636 0.103025
2 2 0.063121 0.141008 0.623301 0.113843 0.058728
2 2 0.066568 0.145330 0.616173 0.114466 0.057462
2 2 0.051154 0.112370 0.676923 0.124636 0.034918
2 2 0.041742 0.095031 0.719642 0.119924 0.023662
2 2 0.031222 0.079076 0.760979 0.108688 0.020035
2 2 0.019936 0.053672 0.798376 0.114133 0.013884
2 2 0.013598 0.036313 0.812497 0.128878 0.008714
2 2 0.014852 0.042839 0.818220 0.112018 0.012071
2 2 0.018636 0.052584 0.801674 0.111147 0.015959
2 2 0.029335 0.072494 0.738746 0.132202 0.027223
2 2 0.039170 0.073360 0.637132 0.216706 0.033631
2 1 0.042903 0.066935 0.584347 0.279377 0.026438
2 2 0.050751 0.072986 0.543285 0.302742 0.030237
2 2 0.059249 0.085910 0.522942 0.289709 0.042190
2 2 0.051441 0.070425 0.506423 0.336541 0.035170
2 2 0.036124 0.051672 0.571366 0.324359 0.016479
2 2 0.034246 0.054184 0.629121 0.268169 0.014280
2 2 0.035263 0.071645 0.706974 0.166964 0.019154
2 2 0.041677 0.096620 0.698302 0.128305 0.035096
2 4 0.041475 0.106025 0.693510 0.110219 0.048772
2 4 0.051192 0.164024 0.571853 0.061595 0.151336
2 4 0.057124 0.192751 0.444451 0.044355 0.261319
4 4 0.059352 0.198312 0.276287 0.029632 0.436417
4 4 0.047416 0.180421 0.243851 0.021621 0.506690
4 4 0.037323 0.148108 0.173689 0.013553 0.627327
4 4 0.055576 0.178951 0.198109 0.016309 0.551054
4 4 0.110588 0.227812 0.224002 0.023093 0.414506
4 1 0.100058 0.217978 0.211882 0.018026 0.452057
4 4 0.111444 0.198680 0.175815 0.015095 0.498965
4 4 0.087155 0.146218 0.120497 0.009621 0.636509
4 4 0.074233 0.098757 0.070831 0.005386 0.750793
4 4 0.079128 0.080149 0.053021 0.005753 0.781948
4 4 0.067502 0.064703 0.042089 0.005427 0.820279
4 4 0.016927 0.034560 0.026137 0.001476 0.920900
4 4 0.017679 0.044458 0.035621 0.001427 0.900815
4 4 0.018093 0.056261 0.047491 0.001288 0.876868
4 4 0.023284 0.077901 0.068388 0.001644 0.828784
4 4 0.034655 0.109242 0.097737 0.002626 0.755741
4 4 0.030054 0.096670 0.084409 0.001928 0.786940
4 4 0.034834 0.088367 0.069195 0.001536 0.806068
4 4 0.091730 0.130859 0.088850 0.003022 0.685539
4 4 0.053930 0.095400 0.066501 0.001777 0.782391
4 4 0.142317 0.156899 0.102765 0.005009 0.593011
4 4 0.115727 0.168880 0.127991 0.007471 0.579931
4 4 0.086133 0.168010 0.151222 0.013104 0.581531
4 4 0.096784 0.168026 0.154879 0.022410 0.557901
4 4 0.065785 0.151598 0.153959 0.021134 0.607524
4 1 0.055340 0.154843 0.164108 0.016930 0.608779
4 4 0.071337 0.186922 0.202839 0.025545 0.513357
4 4 0.073072 0.189309 0.249341 0.040648 0.447630
4 4 0.071952 0.186079 0.211089 0.024869 0.506011
4 4 0.066088 0.179657 0.178010 0.010896 0.565349
4 4 0.069315 0.180524 0.175325 0.010509 0.564327
4 4 0.080606 0.171367 0.165671 0.018311 0.564044
4 4 0.106852 0.158763 0.185371 0.062903 0.486111
2 4 0.039526 0.077197 0.683492 0.177095 0.022690
2 4 0.042047 0.068222 0.629272 0.241588 0.018872
2 4 0.091753 0.133862 0.587038 0.143683 0.043664
0 4 0.370934 0.215207 0.253907 0.065602 0.094350
0 4 0.423876 0.213579 0.197546 0.055743 0.109257
0 2 0.507928 0.205359 0.123885 0.029543 0.133285
0 2 0.545105 0.196400 0.106966 0.017398 0.134131
0 0 0.579376 0.187391 0.101844 0.021083 0.110306
0 0 0.576172 0.185234 0.104963 0.029508 0.104123
0 1 0.505115 0.197912 0.123394 0.041897 0.131682
2 1 0.111731 0.189440 0.325891 0.082049 0.290889
2 1 0.059271 0.124649 0.441396 0.156994 0.217691
2 1 0.044653 0.070154 0.479467 0.326550 0.079176
2 2 0.026093 0.044199 0.608800 0.299991 0.020916
2 2 0.019208 0.035923 0.687430 0.246787 0.010652
2 2 0.014210 0.032688 0.774309 0.171067 0.007726
2 2 0.013792 0.030262 0.765238 0.184156 0.006552
2 2 0.013012 0.038121 0.819859 0.117072 0.011936
2 2 0.013497 0.043465 0.829065 0.098418 0.015555
2 2 0.020111 0.055100 0.785403 0.120201 0.019185
2 2 0.022763 0.048009 0.740708 0.176806 0.011714
2 2 0.024963 0.044920 0.698807 0.221908 0.009401
2 0 0.027476 0.050649 0.707224 0.204305 0.010346
2 0 0.032919 0.059955 0.698854 0.195740 0.012532
2 2 0.032397 0.058102 0.690956 0.206156 0.012388
2 2 0.029225 0.051993 0.693604 0.214530 0.010648
2 2 0.027935 0.050913 0.702561 0.208114 0.010476
2 2 0.023296 0.040941 0.687780 0.239071 0.008912
2 2 0.021037 0.035756 0.669513 0.265384 0.008310
2 2 0.015519 0.024727 0.629359 0.324208 0.006187
2 2 0.011540 0.019179 0.648641 0.316332 0.004309
2 2 0.011161 0.015596 0.542169 0.426763 0.004311
2 2 0.013878 0.018360 0.512263 0.449730 0.005769
2 2 0.016122 0.022808 0.558326 0.396019 0.006725
2 2 0.013064 0.021346 0.643402 0.317321 0.004868
2 2 0.014511 0.026490 0.707419 0.246456 0.005124
2 2 0.016731 0.031358 0.721768 0.224270 0.005874
2 3 0.022086 0.033386 0.605353 0.330018 0.009157
2 3 0.024585 0.030919 0.488637 0.443779 0.012080
3 3 0.019936 0.020162 0.350001 0.599248 0.010654
3 3 0.019455 0.018597 0.315382 0.635577 0.010989
3 3 0.019487 0.017442 0.282121 0.669833 0.011118
3 3 0.015077 0.012917 0.254256 0.709382 0.008368
3 3 0.017958 0.015848 0.275640 0.680798 0.009756
3 3 0.018550 0.017150 0.301845 0.652737 0.009718
3 3 0.018609 0.016847 0.293181 0.661848 0.009516
3 3 0.017133 0.015384 0.286611 0.672180 0.008692
3 2 0.012990 0.011555 0.275719 0.693577 0.006159
3 3 0.013404 0.014282 0.376726 0.589666 0.005921
3 3 0.010706 0.012655 0.433331 0.538945 0.004362
3 3 0.013151 0.015477 0.436743 0.529018 0.005611
3 3 0.013681 0.014402 0.366962 0.598594 0.006361
3 3 0.016978 0.016157 0.314408 0.643728 0.008729
3 3 0.016042 0.012857 0.223806 0.737760 0.009535
3 3 0.017674 0.011329 0.140920 0.817378 0.012698
3 3 0.013813 0.007739 0.101308 0.866714 0.010426
3 0 0.014421 0.008173 0.104436 0.862037 0.010932
3 0 0.017390 0.009893 0.108954 0.850690 0.013072
3 2 0.025622 0.015920 0.137372 0.801256 0.019830
3 2 0.046595 0.031369 0.171689 0.713914 0.036432
3 2 0.016999 0.013337 0.214918 0.744229 0.010518
3 2 0.018312 0.015882 0.264779 0.690521 0.010505
3 2 0.020294 0.016088 0.225038 0.726115 0.012465
3 2 0.021028 0.016403 0.217380 0.731742 0.013447
3 3 0.019445 0.015926 0.231265 0.720138 0.013226
3 3 0.019225 0.016825 0.261076 0.690022 0.012851
3 2 0.022639 0.017781 0.213104 0.729349 0.017127
3 3 0.026952 0.020556 0.205960 0.725958 0.020574
3 2 0.025035 0.020198 0.231399 0.705930 0.017438
3 2 0.046839 0.051821 0.405806 0.465775 0.029759
2 2 0.239579 0.160555 0.343783 0.170260 0.085823
0 2 0.437154 0.211835 0.186702 0.054126 0.110183
0 2 0.512048 0.199352 0.123479 0.039622 0.125499
0 2 0.540644 0.187897 0.106748 0.027432 0.137279
0 1 0.492721 0.197545 0.117555 0.029243 0.162935
0 2 0.511371 0.200132 0.122678 0.036340 0.129480
0 2 0.460639 0.203127 0.150093 0.059346 0.126796
2 3 0.055979 0.125977 0.636055 0.115540 0.066449
2 3 0.029877 0.089991 0.741834 0.092275 0.046023
2 3 0.030034 0.082159 0.759482 0.101087 0.027237
2 3 0.039121 0.091099 0.728988 0.117926 0.022866
2 3 0.040844 0.097724 0.717699 0.114535 0.029199
2 3 0.049702 0.112557 0.680940 0.115521 0.041280
2 2 0.044804 0.107671 0.688607 0.116642 0.042276
2 2 0.050701 0.104552 0.658105 0.149019 0.037624
2 2 0.045695 0.092496 0.684580 0.151808 0.025421
2 2 0.133282 0.159522 0.559746 0.108045 0.039406
0 2 0.357876 0.237603 0.296797 0.037870 0.069854
0 2 0.523421 0.220446 0.158374 0.017420 0.080338
0 1 0.581078 0.193363 0.106081 0.020182 0.099296
0 1 0.623908 0.176767 0.091299 0.018059 0.089967
0 2 0.604359 0.175650 0.095553 0.026846 0.097592
0 2 0.481429 0.188335 0.141774 0.069256 0.119206
0 2 0.265342 0.146046 0.234627 0.248267 0.105718
2 2 0.077692 0.114122 0.489031 0.253721 0.065434
2 2 0.045805 0.100036 0.642650 0.155565 0.055944
2 1 0.047556 0.111306 0.657170 0.127660 0.056308
2 2 0.042150 0.096773 0.689336 0.133368 0.038374
2 2 0.038693 0.093470 0.722515 0.116328 0.028995
2 2 0.029951 0.073012 0.764039 0.116356 0.016642
2 2 0.026895 0.081582 0.783981 0.082247 0.025294
2 2 0.018697 0.063864 0.815670 0.077687 0.024082
2 2 0.016732 0.061887 0.819840 0.072505 0.029036
2 2 0.016168 0.062398 0.825935 0.066442 0.029058
2 2 0.016419 0.062800 0.825457 0.066850 0.028473
2 2 0.015044 0.058604 0.832174 0.066913 0.027265
2 2 0.014869 0.061547 0.833528 0.059522 0.030534
2 2 0.014044 0.057216 0.841943 0.061170 0.025627
2 2 0.014727 0.061236 0.834569 0.059111 0.030356
2 2 0.015566 0.054203 0.824530 0.082819 0.022882
2 3 0.015018 0.050395 0.825164 0.089431 0.019992
2 3 0.016050 0.050116 0.814585 0.100500 0.018749
2 3 0.013534 0.043582 0.824544 0.101258 0.017081
2 3 0.013529 0.037468 0.799784 0.135793 0.013426
2 3 0.018243 0.036957 0.688571 0.240386 0.015844
2 3 0.017212 0.035928 0.699536 0.231921 0.015403
2 3 0.023444 0.043209 0.632619 0.277712 0.023016
2 3 0.025257 0.045287 0.621435 0.283931 0.024090
2 3 0.029620 0.052981 0.630321 0.262398 0.024680
2 3 0.029749 0.048080 0.624086 0.282859 0.015226
2 3 0.012190 0.027101 0.761236 0.192869 0.006605
2 3 0.015293 0.033360 0.734844 0.205477 0.011026
2 3 0.017464 0.031943 0.652062 0.285642 0.012890
2 3 0.019269 0.034948 0.628747 0.299131 0.017905
2 3 0.020579 0.030064 0.536596 0.398317 0.014443
3 3 0.024833 0.028892 0.412971 0.516197 0.017106
3 3 0.023003 0.021551 0.310357 0.631954 0.013134
3 3 0.015193 0.012625 0.238322 0.725015 0.008844
3 3 0.015203 0.012636 0.239136 0.724282 0.008743
3 3 0.014562 0.010948 0.195026 0.770672 0.008792
3 3 0.015032 0.012572 0.243796 0.720303 0.008298
3 3 0.011736 0.010056 0.251387 0.720974 0.005847
3 3 0.014242 0.013878 0.328220 0.637187 0.006473
3 3 0.012673 0.011994 0.307382 0.662132 0.005819
3 3 0.011803 0.011283 0.308360 0.663044 0.005510
3 3 0.008700 0.006831 0.203570 0.776514 0.004385
3 3 0.009122 0.006163 0.148573 0.830936 0.005206
3 3 0.006969 0.003875 0.092399 0.892396 0.004361
3 3 0.006950 0.003498 0.072919 0.911878 0.004755
3 3 0.007414 0.003612 0.068163 0.915542 0.005269
3 3 0.007436 0.003512 0.063890 0.919910 0.005251
3 3 0.007018 0.003370 0.065232 0.919359 0.005021
3 3 0.006958 0.003387 0.066897 0.917736 0.005021
3 3 0.007408 0.003721 0.072123 0.911320 0.005427
3 3 0.009960 0.005318 0.086487 0.890793 0.007442
3 3 0.011148 0.006163 0.095147 0.879247 0.008295
3 3 0.011796 0.006184 0.086373 0.887009 0.008638
3 3 0.010789 0.005774 0.089696 0.886141 0.007601
3 3 0.011096 0.005510 0.076910 0.898655 0.007829
3 3 0.012211 0.006260 0.083717 0.889169 0.008643
3 3 0.011076 0.005301 0.071326 0.904586 0.007712
3 3 0.011597 0.005613 0.073621 0.901062 0.008108
3 3 0.010409 0.004850 0.066787 0.910797 0.007158
3 3 0.008142 0.003592 0.056889 0.925882 0.005494
3 3 0.007956 0.003658 0.061457 0.921421 0.005509
3 3 0.006478 0.002680 0.047578 0.939002 0.004261
3 3 0.006957 0.002728 0.043365 0.942536 0.004414
3 3 0.006600 0.002394 0.036609 0.950387 0.004010
3 3 0.004938 0.001631 0.028322 0.962227 0.002881
3 3 0.004419 0.001434 0.026634 0.964946 0.002567
3 3 0.003585 0.001127 0.023809 0.969413 0.002067
3 3 0.003790 0.001260 0.027027 0.965671 0.002252
3 3 0.004042 0.001426 0.030994 0.961056 0.002481
3 3 0.003753 0.001317 0.030134 0.962491 0.002305
3 3 0.003607 0.001273 0.030223 0.962669 0.002228
3 3 0.003639 0.001306 0.031321 0.961465 0.002269
3 3 0.007847 0.003404 0.054550 0.928947 0.005253
3 1 0.017716 0.008380 0.076590 0.885382 0.011932
3 2 0.047206 0.028499 0.141932 0.747732 0.034630
3 2 0.072840 0.042218 0.159941 0.676515 0.048487
3 2 0.099350 0.057231 0.184940 0.596906 0.061574
3 3 0.096688 0.062471 0.199998 0.576453 0.064389
3 2 0.079490 0.081377 0.357736 0.429347 0.052051
2 2 0.077501 0.085366 0.401808 0.390209 0.045116
2 4 0.017390 0.033122 0.731785 0.211859 0.005844
2 4 0.024950 0.048158 0.731447 0.186738 0.008707
2 4 0.029623 0.067563 0.746253 0.139315 0.017246
2 4 0.047653 0.156504 0.604511 0.061029 0.130304
2 4 0.050462 0.180200 0.378352 0.037878 0.353108
4 4 0.043332 0.160918 0.248650 0.025787 0.521313
4 4 0.036377 0.108321 0.094204 0.002454 0.758644
4 4 0.040385 0.102594 0.083074 0.002143 0.771803
4 4 0.030409 0.089407 0.074767 0.001711 0.803706
4 1 0.026067 0.088119 0.076751 0.001566 0.807496
4 1 0.030630 0.099356 0.088345 0.002210 0.779460
4 4 0.034263 0.094312 0.078737 0.002104 0.790584
4 4 0.040222 0.090534 0.070037 0.002013 0.797195
4 4 0.066888 0.123363 0.092697 0.003209 0.713843
4 4 0.066776 0.149542 0.123025 0.004027 0.656631
4 4 0.091921 0.180346 0.144405 0.004962 0.578366
4 4 0.082610 0.174981 0.141701 0.004317 0.596391
4 4 0.073290 0.166449 0.138489 0.004346 0.617426
4 4 0.087692 0.195031 0.173517 0.008240 0.535520
4 4 0.083092 0.196316 0.183023 0.010119 0.527450
4 4 0.060546 0.171894 0.164404 0.007108 0.596048
4 4 0.036306 0.136583 0.136861 0.004247 0.686003
4 4 0.046148 0.156342 0.158413 0.006611 0.632485
4 4 0.044261 0.158425 0.168236 0.008281 0.620796
4 4 0.043344 0.154690 0.161365 0.007173 0.633428
4 4 0.032768 0.121472 0.122138 0.004410 0.719212
4 4 0.019303 0.068907 0.062508 0.001689 0.847594
4 4 0.011906 0.042050 0.036574 0.000986 0.908484
4 4 0.017187 0.035257 0.024681 0.000766 0.922108
4 4 0.031572 0.038846 0.023081 0.000955 0.905546
4 4 0.060195 0.048673 0.025198 0.001182 0.864753
4 4 0.090407 0.063387 0.032246 0.001749 0.812211
4 4 0.159732 0.103261 0.052940 0.002810 0.681256
4 4 0.184264 0.159024 0.096441 0.005391 0.554880
4 4 0.125292 0.188964 0.144975 0.007607 0.533162
4 4 0.070907 0.187038 0.181000 0.009869 0.551187
4 2 0.049844 0.173298 0.192301 0.013175 0.571382
4 2 0.060777 0.204027 0.312889 0.019321 0.402986
2 2 0.099312 0.233362 0.413223 0.029707 0.224396
2 1 0.133613 0.247030 0.372399 0.027105 0.219852
2 1 0.174896 0.257047 0.336688 0.027337 0.204032
2 1 0.167930 0.255154 0.357262 0.031658 0.187996
2 1 0.180093 0.258979 0.317015 0.030875 0.213038
2 2 0.119943 0.243533 0.381965 0.039136 0.215423
2 1 0.062047 0.210166 0.366153 0.026730 0.334905
2 2 0.029408 0.169314 0.499298 0.018402 0.283579
2 2 0.026514 0.161055 0.565345 0.018277 0.228808
2 2 0.021880 0.141789 0.673770 0.018103 0.144458
2 2 0.021944 0.139712 0.677886 0.018986 0.141473
2 2 0.020275 0.122259 0.722544 0.023110 0.111812
2 2 0.021055 0.125646 0.694997 0.023751 0.134552
2 2 0.020822 0.128657 0.686210 0.021823 0.142488
2 2 0.024203 0.147133 0.609294 0.020221 0.199149
2 2 0.026914 0.158627 0.567450 0.019748 0.227261
2 2 0.028266 0.162964 0.557123 0.020007 0.231640
2 2 0.026598 0.158937 0.594163 0.019343 0.200959
2 2 0.024740 0.154292 0.609977 0.018312 0.192679
2 2 0.021157 0.139451 0.681398 0.017703 0.140290
2 2 0.019721 0.129886 0.710121 0.018550 0.121722
2 2 0.015402 0.107156 0.772491 0.018302 0.086648
2 2 0.013280 0.093586 0.807981 0.018624 0.066531
2 2 0.012372 0.089114 0.818841 0.018122 0.061551
2 2 0.012549 0.089420 0.816873 0.018569 0.062589
2 2 0.012532 0.086159 0.822439 0.020222 0.058648
2 2 0.013581 0.086599 0.819759 0.023294 0.056768
2 2 0.013668 0.084135 0.823885 0.025135 0.053178
2 2 0.015658 0.095057 0.795094 0.025238 0.068953
2 2 0.016317 0.092812 0.800878 0.028473 0.061520
2 2 0.013687 0.073126 0.840344 0.033977 0.038866
2 2 0.012369 0.059385 0.859596 0.043016 0.025635
2 2 0.009636 0.042979 0.879803 0.052479 0.015103
2 2 0.009242 0.037930 0.880337 0.061121 0.011369
2 2 0.008697 0.034825 0.881724 0.064835 0.009919
2 2 0.010297 0.041206 0.871722 0.063686 0.013088
2 2 0.011018 0.039212 0.859393 0.078933 0.011443
2 2 0.016099 0.061351 0.836451 0.063514 0.022585
2 2 0.027582 0.099462 0.769153 0.060059 0.043744
2 2 0.041152 0.139699 0.696223 0.056385 0.066541
2 2 0.048503 0.146935 0.672070 0.066356 0.066136
2 2 0.072769 0.177038 0.609888 0.068896 0.071410
2 1 0.109472 0.207841 0.539029 0.065105 0.078554
2 1 0.107430 0.227473 0.478113 0.051556 0.135429
2 2 0.054272 0.181587 0.611621 0.049072 0.103448
2 2 0.028906 0.140753 0.710262 0.029876 0.090202
2 2 0.015372 0.093977 0.808349 0.023951 0.058350
2 2 0.016497 0.095206 0.805435 0.026404 0.056457
2 2 0.015802 0.095625 0.805286 0.024198 0.059089
2 2 0.015067 0.094230 0.805369 0.023226 0.062109
2 2 0.013433 0.084592 0.827306 0.023593 0.051075
2 2 0.012357 0.074311 0.849092 0.026184 0.038056
2 2 0.010436 0.062523 0.875076 0.026369 0.025596
2 2 0.010861 0.063030 0.877136 0.026671 0.022302
2 3 0.012932 0.074589 0.855771 0.026375 0.030332
2 2 0.016213 0.086094 0.836691 0.028520 0.032483
2 2 0.028218 0.112902 0.785873 0.040325 0.032681
2 2 0.048642 0.140864 0.712144 0.063122 0.035228
2 1 0.107494 0.188402 0.581157 0.075821 0.047126
2 2 0.125168 0.201879 0.545620 0.072306 0.055027
2 2 0.075958 0.181242 0.621062 0.059780 0.061958
2 2 0.073413 0.178464 0.625998 0.062135 0.059990
2 2 0.054417 0.165244 0.659164 0.058267 0.062908
2 2 0.031667 0.137039 0.735740 0.035025 0.060529
2 2 0.022550 0.114181 0.788647 0.027905 0.046717
2 2 0.016103 0.094597 0.827100 0.022876 0.039324
2 2 0.012742 0.069760 0.868366 0.027511 0.021621
2 2 0.015286 0.075617 0.854360 0.032229 0.022509
2 2 0.024752 0.099611 0.801047 0.043554 0.031036
2 0 0.042408 0.130574 0.730930 0.060489 0.035599
2 0 0.111058 0.194377 0.562779 0.079223 0.052562
2 1 0.304432 0.249906 0.307850 0.050804 0.087008
0 2 0.409126 0.247505 0.207161 0.031408 0.104800
0 2 0.465849 0.238011 0.155942 0.023205 0.116993
0 2 0.403982 0.250157 0.168693 0.024282 0.152885
4 2 0.150058 0.251418 0.279267 0.028052 0.291204
4 2 0.056342 0.198867 0.292334 0.021702 0.430755
2 2 0.028447 0.164094 0.443896 0.017423 0.346141
2 2 0.020129 0.123458 0.693550 0.022952 0.139910
2 2 0.015638 0.097343 0.788786 0.023986 0.074246
2 2 0.014502 0.089594 0.813565 0.024334 0.058005
2 2 0.014196 0.087203 0.824307 0.024096 0.050198
2 2 0.011799 0.075972 0.852512 0.022243 0.037474
2 2 0.012006 0.078856 0.849168 0.020996 0.038974
2 3 0.011472 0.074095 0.857249 0.022060 0.035124
2 2 0.012400 0.076537 0.852484 0.023587 0.034991
2 2 0.012551 0.074088 0.851578 0.026574 0.035209
2 2 0.015713 0.089319 0.818039 0.027557 0.049372
2 2 0.102022 0.236202 0.385248 0.032278 0.244250
2 2 0.107772 0.238742 0.378503 0.031318 0.243665
2 0 0.076351 0.201452 0.526050 0.049247 0.146899
2 1 0.041440 0.141507 0.689089 0.056141 0.071823
2 2 0.033030 0.128600 0.715120 0.048218 0.075033
2 2 0.017479 0.088481 0.800624 0.036611 0.056806
2 2 0.013459 0.067531 0.846197 0.039140 0.033672
2 2 0.011415 0.062307 0.862700 0.033714 0.029864
2 2 0.014326 0.080232 0.835849 0.029095 0.040498
2 2 0.027569 0.119299 0.767508 0.037203 0.048421
2 2 0.093604 0.181422 0.618157 0.059269 0.047548
2 2 0.234398 0.216203 0.452824 0.054429 0.042145
2 2 0.297041 0.228447 0.381217 0.043450 0.049844
2 2 0.331305 0.234570 0.337950 0.039120 0.057055
2 1 0.280758 0.232491 0.381752 0.049087 0.055911
2 2 0.153714 0.206793 0.516735 0.072810 0.049947
2 2 0.045391 0.154280 0.670775 0.052974 0.076579
2 2 0.018779 0.096410 0.795741 0.033051 0.056019
2 2 0.012605 0.068783 0.847825 0.033632 0.037156
2 2 0.011320 0.062094 0.861573 0.033920 0.031092
2 2 0.011614 0.062446 0.863199 0.034185 0.028557
2 2 0.012839 0.064726 0.860968 0.036313 0.025153
2 2 0.015401 0.065838 0.853413 0.045798 0.019550
2 2 0.019336 0.072626 0.832856 0.055259 0.019923
2 2 0.028624 0.092144 0.786129 0.067334 0.025769
2 1 0.033381 0.099552 0.766150 0.074056 0.026861
2 2 0.051040 0.136783 0.689920 0.079153 0.043105
2 2 0.068463 0.171292 0.620518 0.078807 0.060920
2 2 0.063910 0.171252 0.630917 0.070561 0.063361
2 2 0.057807 0.169238 0.645866 0.061444 0.065644
2 2 0.040215 0.137728 0.718114 0.052487 0.051457
2 2 0.030312 0.118884 0.761623 0.044281 0.044900
2 2 0.024277 0.111632 0.783784 0.034366 0.045942
2 2 0.023424 0.106121 0.790687 0.036330 0.043438
2 2 0.022840 0.109252 0.777040 0.034390 0.056478
2 2 0.022985 0.106527 0.784528 0.036084 0.049877
2 2 0.043326 0.151021 0.695603 0.048812 0.061238
2 1 0.051624 0.161606 0.669649 0.055925 0.061196
2 2 0.055221 0.170244 0.646539 0.056664 0.071332
2 2 0.054070 0.162799 0.664933 0.059127 0.059071
2 2 0.042608 0.154861 0.690093 0.045081 0.067358
2 2 0.034913 0.141934 0.719778 0.038980 0.064394
2 2 0.041270 0.170096 0.635172 0.036147 0.117314
2 1 0.036575 0.157183 0.668349 0.035291 0.102601
2 0 0.055146 0.191687 0.571913 0.037676 0.143577
2 0 0.181848 0.238665 0.441327 0.045995 0.092165
0 0 0.511413 0.225104 0.161192 0.017867 0.084424
0 0 0.654635 0.180432 0.083333 0.007047 0.074552
0 0 0.774002 0.130892 0.046950 0.002484 0.045672
0 0 0.789718 0.120731 0.042714 0.002838 0.044000
0 0 0.820020 0.100407 0.034703 0.004032 0.040838
0 0 0.862754 0.074948 0.024053 0.004815 0.033431
0 0 0.925297 0.040897 0.010683 0.003762 0.019360
0 0 0.968152 0.017777 0.003458 0.002015 0.008599
0 0 0.976526 0.013001 0.002290 0.001729 0.006454
0 0 0.953802 0.023503 0.005065 0.002924 0.014706
0 0 0.753950 0.078935 0.025457 0.005809 0.135850
0 0 0.662581 0.098948 0.034074 0.004624 0.199773
0 0 0.622642 0.116419 0.044452 0.006189 0.210298
0 0 0.728871 0.105152 0.039004 0.007694 0.119279
4 0 0.044761 0.157420 0.164428 0.007607 0.625783
4 0 0.037935 0.143408 0.148413 0.005543 0.664700
4 0 0.032043 0.132150 0.138304 0.004573 0.692931
4 0 0.040929 0.152347 0.162016 0.007386 0.637322
4 0 0.057899 0.177670 0.183765 0.010788 0.569879
4 0 0.057613 0.171411 0.168990 0.007930 0.594056
4 0 0.068059 0.170868 0.149736 0.004977 0.606360
4 0 0.060711 0.146689 0.117959 0.002639 0.672002
4 0 0.083330 0.135727 0.101609 0.004642 0.674691
4 0 0.091883 0.100612 0.066771 0.005072 0.735661
4 0 0.055698 0.054926 0.031932 0.001812 0.855631
4 0 0.023250 0.023235 0.011447 0.000292 0.941777
4 0 0.048046 0.034723 0.016850 0.000829 0.899551
4 0 0.085837 0.051158 0.025654 0.002315 0.835036
4 0 0.078097 0.064243 0.036242 0.002594 0.818824
4 0 0.034275 0.042718 0.026035 0.001187 0.895785
4 0 0.031010 0.048584 0.031095 0.000948 0.888364
4 0 0.035203 0.068501 0.053299 0.002938 0.840058
4 0 0.051438 0.106005 0.089686 0.005885 0.746985
4 0 0.020964 0.070739 0.066346 0.002681 0.839269
4 0 0.017839 0.066413 0.057255 0.000955 0.857538
4 0 0.057811 0.111409 0.083229 0.002590 0.744961
4 0 0.251509 0.198483 0.132065 0.014812 0.403132
4 1 0.274241 0.194568 0.127354 0.017318 0.386519
4 0 0.284343 0.191175 0.116761 0.011421 0.396300
4 1 0.276355 0.205247 0.128234 0.010358 0.379805
4 1 0.218369 0.219073 0.155323 0.012640 0.394594
4 1 0.117486 0.202021 0.177630 0.015914 0.486949
4 1 0.033965 0.158765 0.219299 0.012839 0.575132
4 1 0.027162 0.154896 0.275643 0.011930 0.530369
4 1 0.031375 0.165509 0.327205 0.015886 0.460025
2 1 0.040611 0.177579 0.383052 0.020548 0.378210
4 1 0.045150 0.180671 0.342612 0.018001 0.413566
2 1 0.044005 0.178310 0.412096 0.023676 0.341912
2 1 0.041211 0.162935 0.519044 0.041413 0.235397
2 1 0.039341 0.169909 0.502608 0.032968 0.255175
2 2 0.042482 0.185394 0.416797 0.026413 0.328915
2 2 0.025717 0.162440 0.489535 0.015597 0.306710
2 2 0.021802 0.151224 0.573636 0.014853 0.238485
2 2 0.020902 0.147219 0.604811 0.014954 0.212115
2 2 0.020132 0.144685 0.615934 0.014623 0.204626
2 2 0.018653 0.136476 0.667462 0.014818 0.162591
2 2 0.019336 0.139403 0.654076 0.015025 0.172159
2 2 0.018812 0.138560 0.651475 0.014483 0.176670
2 2 0.018771 0.139304 0.643039 0.014209 0.184677
2 2 0.017427 0.133114 0.673644 0.013878 0.161937
2 2 0.018003 0.134834 0.669666 0.014289 0.163209
2 2 0.017218 0.131413 0.684107 0.013996 0.153266
2 2 0.018454 0.135449 0.672641 0.014796 0.158660
2 2 0.017160 0.128246 0.706853 0.014681 0.133060
2 2 0.017041 0.123717 0.722327 0.015859 0.121056
2 2 0.014571 0.104023 0.774538 0.017913 0.088955
2 2 0.013796 0.094892 0.796818 0.019973 0.074521
2 2 0.014365 0.095147 0.797125 0.021342 0.072021
2 2 0.014435 0.100648 0.783579 0.018975 0.082364
2 2 0.011667 0.078869 0.833063 0.021982 0.054418
2 2 0.009191 0.054635 0.879890 0.029946 0.026339
2 2 0.010404 0.057073 0.868290 0.035272 0.028962
2 2 0.010730 0.055383 0.866696 0.039960 0.027231
2 2 0.012079 0.054821 0.853077 0.052348 0.027675
2 3 0.012099 0.023405 0.734291 0.226125 0.004080
2 3 0.014433 0.025293 0.683921 0.271015 0.005338
2 3 0.017092 0.028458 0.656363 0.291354 0.006733
2 3 0.017385 0.024930 0.566551 0.383673 0.007462
2 3 0.017983 0.024781 0.541871 0.407429 0.007936
2 3 0.019952 0.027204 0.536752 0.407050 0.009041
2 3 0.026913 0.033431 0.480894 0.445068 0.013695
3 3 0.030385 0.030293 0.345507 0.575063 0.018751
3 3 0.030833 0.025934 0.254628 0.667020 0.021585
3 3 0.025482 0.018505 0.187525 0.749403 0.019085
3 3 0.024475 0.015553 0.142093 0.798635 0.019244
3 3 0.017001 0.008970 0.093935 0.867852 0.012241
3 3 0.016735 0.008726 0.091546 0.871016 0.011977
3 3 0.015583 0.008139 0.090583 0.874486 0.011209
3 3 0.016110 0.009941 0.127043 0.834809 0.012096
3 3 0.012433 0.007183 0.106329 0.864791 0.009264
3 3 0.010347 0.005790 0.097490 0.879025 0.007349
3 3 0.011879 0.006392 0.092143 0.881151 0.008435
3 3 0.013109 0.006683 0.083543 0.887280 0.009386
3 3 0.013139 0.006450 0.077645 0.893567 0.009199
3 3 0.012547 0.006045 0.074148 0.898550 0.008710
3 3 0.014705 0.007265 0.080391 0.887371 0.010269
3 3 0.016106 0.007713 0.077016 0.888180 0.010986
3 3 0.012783 0.005543 0.060435 0.912911 0.008328
3 3 0.018700 0.008265 0.067742 0.893231 0.012062
3 3 0.045890 0.023874 0.121726 0.778631 0.029880
3 1 0.162142 0.083946 0.202989 0.468542 0.082380
0 1 0.287925 0.153625 0.218117 0.216626 0.123707
0 2 0.403659 0.189609 0.171087 0.102273 0.133373
0 2 0.460102 0.207980 0.145368 0.055644 0.130905
0 1 0.386919 0.226088 0.177762 0.049802 0.159429
2 2 0.156794 0.193256 0.439148 0.096066 0.114737
2 2 0.069796 0.154419 0.576177 0.088001 0.111606
2 2 0.035043 0.096843 0.713985 0.104025 0.050104
2 2 0.029563 0.097231 0.748109 0.075455 0.049642
2 2 0.012758 0.060893 0.854885 0.043819 0.027646
2 2 0.020611 0.084687 0.807792 0.050247 0.036663
2 1 0.066696 0.159839 0.645093 0.055059 0.073313
2 1 0.126541 0.219855 0.490110 0.041625 0.121869
2 1 0.142543 0.249601 0.347212 0.023233 0.237411
2 2 0.130266 0.244978 0.351926 0.019679 0.253150
2 2 0.110926 0.238402 0.370211 0.021797 0.258665
2 2 0.054027 0.194053 0.547811 0.031537 0.172573
2 2 0.045605 0.185252 0.556780 0.035007 0.177355
2 2 0.020012 0.121699 0.723311 0.022822 0.112157
2 2 0.020593 0.128345 0.713771 0.020832 0.116458
2 2 0.017456 0.109584 0.770936 0.021757 0.080266
2 2 0.016652 0.105367 0.781996 0.021698 0.074286
2 2 0.015342 0.098239 0.802861 0.021381 0.062176
2 2 0.015996 0.099610 0.803212 0.022058 0.059124
2 1 0.087150 0.185074 0.612874 0.051159 0.063743
0 2 0.343605 0.235853 0.323880 0.037466 0.059196
0 2 0.406151 0.245535 0.224457 0.031370 0.092487
0 2 0.500414 0.229504 0.137956 0.019025 0.113101
0 2 0.396761 0.249806 0.163244 0.018720 0.171468
0 2 0.427123 0.242830 0.159494 0.019495 0.151057
1 2 0.246802 0.259580 0.216112 0.018532 0.258975
4 2 0.097066 0.228873 0.294392 0.020889 0.358780
2 2 0.023191 0.142337 0.514408 0.019203 0.300861
2 2 0.019903 0.122292 0.671368 0.023452 0.162985
2 2 0.021309 0.148265 0.580398 0.015090 0.234938
2 2 0.020333 0.129606 0.674705 0.020536 0.154820
2 2 0.023409 0.142947 0.639161 0.020580 0.173903
2 2 0.028000 0.164980 0.535361 0.018629 0.253030
2 2 0.031221 0.171176 0.514781 0.017487 0.265336
2 2 0.023673 0.139299 0.654023 0.022627 0.160378
2 2 0.020085 0.123156 0.705346 0.022739 0.128675
2 2 0.017965 0.116055 0.702460 0.021871 0.141650
2 2 0.021342 0.142374 0.570266 0.016993 0.249025
2 2 0.020210 0.132789 0.618285 0.019078 0.209639
2 2 0.019312 0.112795 0.713430 0.027095 0.127369
2 2 0.018856 0.097102 0.764180 0.036351 0.083512
2 2 0.018842 0.098466 0.755312 0.035670 0.091710
2 2 0.022292 0.110698 0.729253 0.036538 0.101219
2 2 0.056984 0.156461 0.632691 0.054671 0.099193
2 2 0.273896 0.261238 0.294649 0.033111 0.137106
0 2 0.412982 0.246697 0.169771 0.021073 0.149478
0 2 0.434189 0.230831 0.143242 0.019543 0.172195
0 1 0.374233 0.238831 0.150807 0.014902 0.221227
0 1 0.311251 0.249364 0.171574 0.016686 0.251125
2 2 0.236402 0.253904 0.345646 0.040225 0.123824
2 2 0.105996 0.164668 0.567329 0.098172 0.063835
2 2 0.013994 0.040941 0.830338 0.104963 0.009764
2 2 0.009794 0.031773 0.856872 0.093995 0.007567
2 2 0.011985 0.040756 0.845041 0.088685 0.013533
2 2 0.016241 0.057514 0.806525 0.086477 0.033243
2 2 0.027439 0.093637 0.704052 0.084327 0.090545
2 2 0.035981 0.124750 0.582476 0.070341 0.186451
2 4 0.041236 0.151500 0.442772 0.047159 0.317333
4 4 0.032800 0.151818 0.357506 0.024456 0.433420
2 4 0.034628 0.152460 0.425185 0.031388 0.356339
2 4 0.051186 0.182055 0.425874 0.025670 0.315215
4 4 0.148749 0.238307 0.277399 0.022977 0.312568
4 4 0.219033 0.220333 0.161060 0.016040 0.383533
0 0 0.336706 0.201179 0.128212 0.021414 0.312489
4 1 0.333857 0.165422 0.096436 0.017992 0.386292
