0 0 0.916341 0.042895 0.012487 0.002476 0.025800
0 0 0.907081 0.047108 0.014165 0.002883 0.028763
0 0 0.892035 0.053829 0.016963 0.003585 0.033588
0 0 0.903091 0.048905 0.014899 0.003064 0.030041
0 0 0.932770 0.035261 0.009602 0.001805 0.020563
0 0 0.949763 0.027110 0.006763 0.001185 0.015180
0 0 0.932750 0.035270 0.009605 0.001806 0.020569
0 0 0.914663 0.043663 0.012789 0.002548 0.026337
0 0 0.836234 0.072863 0.026216 0.004414 0.060272
0 0 0.873407 0.061800 0.020483 0.004440 0.039870
0 0 0.869438 0.063668 0.021312 0.004727 0.040855
0 0 0.759797 0.107924 0.044427 0.011633 0.076219
0 0 0.779183 0.100468 0.040127 0.010255 0.069967
0 0 0.857476 0.068763 0.023680 0.005373 0.044708
0 0 0.922913 0.039867 0.011318 0.002200 0.023702
0 0 0.931208 0.035996 0.009871 0.001866 0.021060
0 0 0.944446 0.029691 0.007633 0.001370 0.016859
0 0 0.927410 0.037776 0.010529 0.002017 0.022269
0 0 0.915120 0.043454 0.012706 0.002529 0.026191
0 0 0.899960 0.050307 0.015479 0.003209 0.031045
0 0 0.888173 0.055532 0.017694 0.003772 0.034829
0 0 0.908744 0.046356 0.013861 0.002808 0.028231
0 4 0.912414 0.044689 0.013194 0.002646 0.027056
0 4 0.905674 0.047743 0.014423 0.002946 0.029214
0 4 0.759214 0.097225 0.039878 0.006101 0.097582
0 4 0.668566 0.125371 0.058117 0.009221 0.138725
0 4 0.686007 0.128648 0.058610 0.012667 0.114068
0 0 0.715671 0.124364 0.054520 0.015015 0.090429
0 1 0.744404 0.113742 0.047900 0.012774 0.081180
0 4 0.775145 0.102033 0.041015 0.010537 0.071270
0 0 0.780507 0.099953 0.039836 0.010164 0.069540
0 4 0.741761 0.114731 0.048502 0.012974 0.082032
0 2 0.670223 0.140554 0.065341 0.018862 0.105019
0 2 0.442925 0.191848 0.114957 0.024430 0.225841
4 2 0.260302 0.215518 0.163302 0.030522 0.330357
4 2 0.133016 0.226111 0.294908 0.035057 0.310908
2 2 0.061742 0.205323 0.482116 0.036900 0.213918
2 2 0.042807 0.189242 0.559239 0.038908 0.169804
2 2 0.033665 0.171173 0.630471 0.034706 0.129986
2 2 0.024748 0.146708 0.712559 0.030186 0.085799
2 2 0.020483 0.130505 0.760677 0.028280 0.060055
2 2 0.021706 0.135943 0.744666 0.028636 0.069049
2 2 0.024806 0.146620 0.713404 0.030342 0.084828
2 2 0.022713 0.138551 0.738806 0.029628 0.070302
2 2 0.023845 0.141005 0.734018 0.030900 0.070233
2 0 0.032221 0.160784 0.684470 0.037925 0.084601
2 1 0.063636 0.206623 0.541669 0.049970 0.138101
2 2 0.091187 0.226396 0.455254 0.052335 0.174828
2 2 0.130560 0.238545 0.379787 0.051009 0.200098
2 2 0.120548 0.235206 0.414308 0.051496 0.178443
2 2 0.163024 0.243175 0.349805 0.051266 0.192730
2 2 0.138137 0.242354 0.376943 0.057134 0.185432
2 2 0.070723 0.215432 0.518866 0.060393 0.134586
2 2 0.027381 0.140529 0.745350 0.038422 0.048317
2 2 0.017571 0.108118 0.817858 0.030811 0.025642
2 2 0.014492 0.079716 0.854743 0.032892 0.018157
2 2 0.013222 0.058861 0.874726 0.038790 0.014401
2 2 0.011227 0.043816 0.892473 0.041741 0.010742
2 2 0.009217 0.038946 0.906074 0.036942 0.008822
2 3 0.010904 0.049116 0.891844 0.036455 0.011681
2 3 0.008465 0.020514 0.888188 0.078752 0.004081
2 3 0.009728 0.025349 0.886839 0.072669 0.005415
2 3 0.013060 0.033466 0.866105 0.080205 0.007163
2 3 0.023987 0.067709 0.822781 0.068601 0.016922
2 3 0.028348 0.082235 0.800260 0.070183 0.018973
2 3 0.049920 0.155705 0.675739 0.069707 0.048929
2 3 0.132041 0.225832 0.491655 0.072765 0.077707
0 1 0.383352 0.228066 0.234036 0.052761 0.101785
0 2 0.624313 0.157772 0.081713 0.023410 0.112791
0 2 0.745932 0.113168 0.047553 0.012659 0.080688
0 1 0.742301 0.114529 0.048379 0.012933 0.081858
0 1 0.761927 0.107112 0.043950 0.011478 0.075533
0 0 0.789777 0.096330 0.037813 0.009530 0.066549
0 1 0.769487 0.104215 0.042267 0.010936 0.073095
0 2 0.758107 0.108567 0.044806 0.011756 0.076764
0 2 0.711771 0.125783 0.055432 0.015330 0.091684
0 1 0.538937 0.175261 0.094774 0.023697 0.167331
0 1 0.493402 0.188340 0.107032 0.028037 0.183190
0 2 0.435566 0.202001 0.122257 0.032334 0.207843
0 2 0.522701 0.187589 0.103203 0.033660 0.152847
0 2 0.368277 0.217204 0.141796 0.039359 0.233364
0 2 0.332399 0.225382 0.163649 0.041489 0.237080
2 0 0.199662 0.238270 0.272253 0.040971 0.248844
2 1 0.138777 0.228891 0.322063 0.034932 0.275336
4 1 0.125908 0.216653 0.278600 0.028949 0.349890
4 2 0.164235 0.193525 0.165452 0.021007 0.455781
4 1 0.102675 0.168989 0.163833 0.015442 0.549061
4 2 0.043192 0.126076 0.150940 0.009268 0.670524
4 2 0.046251 0.130156 0.153547 0.009909 0.660138
4 2 0.080108 0.156557 0.161660 0.013446 0.588229
4 2 0.077925 0.162258 0.169970 0.015823 0.574024
4 2 0.050343 0.162569 0.229114 0.017735 0.540238
2 2 0.033973 0.172136 0.392600 0.023261 0.378031
2 2 0.025919 0.161930 0.565267 0.023265 0.223619
2 2 0.020613 0.145032 0.671531 0.022346 0.140478
2 2 0.011774 0.080769 0.835232 0.022622 0.049603
2 2 0.006609 0.040318 0.912981 0.022467 0.017625
2 2 0.005542 0.027965 0.930029 0.025601 0.010863
2 2 0.005623 0.022684 0.930783 0.031114 0.009796
2 2 0.005591 0.018817 0.923642 0.043107 0.008843
2 3 0.005108 0.014876 0.911947 0.061169 0.006901
2 3 0.005589 0.015552 0.902707 0.068604 0.007548
2 3 0.005569 0.015266 0.899946 0.071931 0.007287
2 3 0.005937 0.017176 0.903756 0.065508 0.007624
2 3 0.006127 0.018381 0.905350 0.062189 0.007954
2 3 0.006885 0.021921 0.908735 0.053069 0.009390
2 3 0.012504 0.036328 0.867268 0.064164 0.019735
2 2 0.023589 0.068166 0.801329 0.061509 0.045407
2 2 0.036311 0.112998 0.697944 0.058421 0.094326
2 2 0.041177 0.131257 0.669824 0.058693 0.099048
2 2 0.072393 0.217326 0.500191 0.062845 0.147245
2 2 0.150894 0.248733 0.358901 0.069799 0.171674
1 2 0.247866 0.250295 0.231886 0.068399 0.201554
0 0 0.354722 0.230799 0.152782 0.058562 0.203135
0 1 0.317520 0.230291 0.172391 0.045566 0.234231
0 2 0.426566 0.200962 0.122783 0.030066 0.219623
0 2 0.553038 0.170760 0.090913 0.022193 0.163096
0 2 0.600661 0.156184 0.078830 0.018352 0.145973
0 2 0.618608 0.153458 0.075905 0.019268 0.132761
0 2 0.640555 0.150723 0.072633 0.021581 0.114508
0 1 0.703701 0.128701 0.057329 0.015992 0.094277
0 2 0.735080 0.117222 0.050029 0.013485 0.084183
0 2 0.748323 0.112269 0.047011 0.012479 0.079918
0 0 0.773295 0.102748 0.041424 0.010667 0.071867
0 1 0.808957 0.088724 0.033691 0.008269 0.060359
0 0 0.837387 0.077159 0.027749 0.006520 0.051186
0 0 0.784924 0.098232 0.038870 0.009860 0.068115
0 0 0.786541 0.097599 0.038517 0.009750 0.067593
0 1 0.795029 0.094263 0.036676 0.009178 0.064854
0 1 0.797231 0.093392 0.036201 0.009032 0.064144
0 1 0.693623 0.132311 0.059717 0.016835 0.097514
0 1 0.654063 0.146132 0.069291 0.020322 0.110191
0 2 0.663709 0.142814 0.066927 0.019445 0.107105
0 2 0.708255 0.127057 0.056257 0.015617 0.092814
0 2 0.728997 0.119159 0.051295 0.013695 0.086854
0 2 0.711036 0.122195 0.053905 0.012454 0.100411
0 0 0.650991 0.134049 0.063621 0.011424 0.139914
0 1 0.650964 0.131891 0.062519 0.010448 0.144179
0 2 0.523476 0.158920 0.086615 0.012632 0.218357
0 1 0.457755 0.166196 0.096767 0.012304 0.266978
4 4 0.190918 0.158019 0.124665 0.008507 0.517890
4 0 0.144634 0.148313 0.126419 0.007554 0.573081
4 1 0.133207 0.138524 0.119679 0.006101 0.602489
4 4 0.122546 0.134754 0.118887 0.005772 0.618042
4 4 0.113069 0.135866 0.123087 0.006240 0.621738
4 4 0.114133 0.136750 0.123677 0.006356 0.619084
4 4 0.092946 0.137748 0.132898 0.007430 0.628978
4 4 0.152107 0.159752 0.135772 0.009819 0.542549
4 2 0.180077 0.167835 0.136301 0.011066 0.504721
4 2 0.300717 0.177708 0.122670 0.012755 0.386151
4 0 0.230195 0.172176 0.129591 0.011348 0.456690
4 1 0.307312 0.171937 0.117200 0.011099 0.392451
0 4 0.388707 0.175691 0.110127 0.013440 0.312034
0 1 0.350993 0.175485 0.114335 0.012593 0.346594
0 1 0.412801 0.168676 0.102691 0.011725 0.304107
0 0 0.486361 0.163735 0.092665 0.012598 0.244641
0 0 0.636889 0.138893 0.067061 0.012382 0.144774
0 0 0.796138 0.093825 0.036436 0.009105 0.064497
0 0 0.843490 0.074629 0.026501 0.006163 0.049217
0 1 0.844685 0.074131 0.026258 0.006094 0.048832
0 1 0.866777 0.064807 0.021835 0.004869 0.041712
0 2 0.853081 0.070616 0.024560 0.005618 0.046125
0 2 0.816815 0.085563 0.032028 0.007771 0.057823
0 2 0.702009 0.129309 0.057728 0.016132 0.094821
0 2 0.565494 0.173189 0.090955 0.027014 0.143348
0 2 0.496334 0.193272 0.109460 0.034208 0.166726
0 1 0.494653 0.195406 0.110824 0.036723 0.162394
0 0 0.506366 0.192678 0.107881 0.036153 0.156922
0 0 0.538650 0.183213 0.099051 0.032275 0.146811
0 1 0.531337 0.188513 0.113305 0.033723 0.133122
0 1 0.584866 0.168955 0.086803 0.027150 0.132225
0 1 0.662549 0.143215 0.067210 0.019550 0.107476
0 1 0.631640 0.151339 0.073728 0.020045 0.123247
0 4 0.601942 0.159797 0.080572 0.021546 0.136143
0 4 0.415910 0.184032 0.112893 0.017882 0.269283
0 4 0.355619 0.187551 0.122667 0.017205 0.316957
4 2 0.253242 0.196065 0.145648 0.019684 0.385361
4 2 0.263174 0.205380 0.151417 0.024521 0.355508
4 2 0.238872 0.214273 0.164073 0.030393 0.352389
4 2 0.180501 0.229619 0.227617 0.038757 0.323505
2 2 0.033845 0.165327 0.669808 0.038547 0.092473
2 2 0.054055 0.203043 0.518868 0.044593 0.179441
2 2 0.060287 0.206832 0.477043 0.039826 0.216012
2 2 0.069531 0.207049 0.397112 0.032057 0.294251
2 2 0.071943 0.207732 0.416196 0.031412 0.272717
2 1 0.107835 0.219095 0.326705 0.032057 0.314308
2 1 0.136445 0.229911 0.301146 0.038031 0.294467
4 1 0.136709 0.231019 0.267087 0.043344 0.321841
2 2 0.064569 0.215067 0.483518 0.052720 0.184126
2 2 0.036359 0.169859 0.658610 0.040687 0.094485
2 2 0.039109 0.175157 0.643513 0.042589 0.099630
2 2 0.069143 0.214635 0.426014 0.042073 0.248134
4 2 0.112649 0.201588 0.218888 0.026809 0.440067
4 2 0.235982 0.201761 0.154080 0.022653 0.385525
0 2 0.395282 0.195774 0.123382 0.023255 0.262307
0 1 0.591550 0.153737 0.078274 0.015560 0.160881
0 1 0.744574 0.110727 0.046619 0.010669 0.087409
0 0 0.792337 0.095324 0.037258 0.009358 0.065723
0 0 0.810469 0.088118 0.033370 0.008172 0.059871
0 1 0.709385 0.126648 0.055991 0.015525 0.092451
0 2 0.668696 0.141085 0.065712 0.018998 0.105508
0 2 0.316515 0.214574 0.148646 0.032203 0.288061
4 2 0.254895 0.228378 0.171836 0.043190 0.301701
2 2 0.094151 0.232068 0.388204 0.054634 0.230943
2 2 0.052277 0.196283 0.579600 0.051096 0.120744
2 2 0.024351 0.136755 0.751521 0.033828 0.053546
2 2 0.017391 0.112673 0.807508 0.028451 0.033978
2 2 0.013170 0.096569 0.841052 0.024086 0.025122
2 2 0.015417 0.104875 0.824172 0.026703 0.028833
2 2 0.018809 0.117357 0.797408 0.029895 0.036531
2 2 0.028424 0.146912 0.727299 0.037479 0.059885
2 2 0.049623 0.193021 0.588146 0.049040 0.120170
2 0 0.119246 0.235194 0.373779 0.047988 0.223792
4 1 0.187923 0.232346 0.244423 0.038131 0.297178
4 2 0.223043 0.213875 0.167578 0.030367 0.365138
4 2 0.257622 0.205343 0.152510 0.024492 0.360033
4 2 0.321392 0.194113 0.132392 0.019355 0.332749
0 0 0.364620 0.178718 0.115075 0.013937 0.327650
0 0 0.513802 0.159091 0.087496 0.012182 0.227429
0 0 0.695651 0.119344 0.053541 0.009073 0.122391
0 0 0.788263 0.090173 0.035408 0.006110 0.080046
0 0 0.867027 0.061384 0.020640 0.003475 0.047474
0 0 0.902873 0.048986 0.014934 0.003067 0.030140
0 0 0.882833 0.057483 0.018588 0.003858 0.037237
0 0 0.843592 0.074475 0.026441 0.006094 0.049398
0 0 0.691777 0.120063 0.054117 0.009025 0.125018
0 0 0.370508 0.168984 0.107310 0.010948 0.342250
4 0 0.262869 0.172722 0.124385 0.011268 0.428757
4 1 0.242782 0.177970 0.132270 0.012903 0.434074
4 1 0.176245 0.168438 0.137820 0.011329 0.506168
4 1 0.148736 0.157355 0.134335 0.009358 0.550215
4 2 0.159761 0.162497 0.136369 0.010254 0.531120
4 1 0.165762 0.161729 0.134035 0.009891 0.528583
4 4 0.226142 0.173273 0.131321 0.011698 0.457566
4 1 0.228877 0.174891 0.132212 0.012126 0.451894
4 1 0.338505 0.183281 0.121751 0.015088 0.341376
0 2 0.355411 0.180846 0.117761 0.014511 0.331471
0 0 0.430153 0.177538 0.106968 0.015577 0.269763
0 0 0.548646 0.152118 0.080621 0.011424 0.207191
0 0 0.755529 0.108211 0.044836 0.010968 0.080456
0 0 0.845578 0.073759 0.026076 0.006043 0.048544
0 0 0.776722 0.101423 0.040668 0.010427 0.070761
0 0 0.820241 0.084177 0.031308 0.007557 0.056718
0 0 0.783185 0.098910 0.039250 0.009979 0.068676
0 0 0.839621 0.076235 0.027291 0.006388 0.050465
0 0 0.920244 0.041101 0.011790 0.002311 0.024554
0 0 0.925262 0.038777 0.010905 0.002103 0.022953
0 0 0.940159 0.031752 0.008348 0.001525 0.018217
0 0 0.909164 0.046165 0.013785 0.002790 0.028096
0 0 0.925318 0.038751 0.010895 0.002101 0.022935
0 0 0.878290 0.059848 0.019588 0.004267 0.038006
0 0 0.838472 0.076711 0.027526 0.006456 0.050836
0 1 0.786700 0.097537 0.038482 0.009739 0.067542
0 1 0.680271 0.137039 0.062913 0.017979 0.101798
0 1 0.615322 0.159124 0.078975 0.024026 0.122553
0 1 0.596415 0.165267 0.083812 0.025943 0.128563
0 1 0.586257 0.168514 0.086441 0.027003 0.131784
0 1 0.543955 0.181618 0.097622 0.031662 0.145143
0 2 0.560976 0.176427 0.093078 0.029739 0.139780
0 2 0.524107 0.187529 0.103000 0.033990 0.151374
0 1 0.549313 0.179996 0.096185 0.031049 0.143457
0 2 0.527616 0.186495 0.102043 0.033571 0.150275
0 2 0.451659 0.207719 0.123389 0.043360 0.173872
0 2 0.436287 0.212990 0.133103 0.045846 0.171774
0 2 0.382405 0.230760 0.195475 0.054773 0.136587
0 2 0.384741 0.230240 0.197655 0.054316 0.133048
2 2 0.280205 0.244692 0.297755 0.069822 0.107526
2 2 0.191863 0.243589 0.389577 0.075900 0.099071
2 2 0.067903 0.192207 0.612231 0.067728 0.059930
2 2 0.039118 0.157033 0.706553 0.053232 0.044064
2 2 0.030597 0.142987 0.740855 0.043891 0.041669
2 2 0.020398 0.117985 0.797037 0.033377 0.031203
2 2 0.020013 0.115848 0.801633 0.033417 0.029089
2 2 0.017114 0.104668 0.824709 0.031161 0.022347
2 2 0.014323 0.094811 0.844407 0.027956 0.018503
2 2 0.014732 0.096438 0.841231 0.028389 0.019211
2 2 0.018623 0.108462 0.815088 0.033054 0.024774
2 2 0.019338 0.103269 0.815953 0.035945 0.025495
2 2 0.012050 0.069143 0.871429 0.029789 0.017590
2 2 0.009623 0.056565 0.891812 0.027329 0.014670
2 2 0.008782 0.053750 0.899671 0.026103 0.011694
2 2 0.010992 0.063263 0.883094 0.029587 0.013064
2 2 0.009108 0.048410 0.902247 0.030146 0.010089
2 2 0.008831 0.039598 0.907967 0.034539 0.009064
2 2 0.007292 0.023859 0.913159 0.051227 0.004463
2 2 0.010631 0.020220 0.837707 0.127253 0.004189
2 1 0.018353 0.021793 0.690503 0.262847 0.006504
2 2 0.027696 0.028692 0.590829 0.338594 0.014189
3 2 0.031545 0.026811 0.444701 0.481785 0.015159
3 2 0.025386 0.019642 0.336430 0.605992 0.012550
3 2 0.013933 0.008263 0.165363 0.807199 0.005242
3 0 0.013053 0.007427 0.137963 0.836381 0.005176
3 0 0.017894 0.010995 0.230820 0.733791 0.006501
2 0 0.031753 0.025259 0.491763 0.440358 0.010868
2 1 0.059446 0.059145 0.635159 0.221099 0.025152
2 2 0.141487 0.130597 0.533107 0.140042 0.054767
0 1 0.374503 0.231447 0.224567 0.055039 0.114444
0 2 0.557854 0.177387 0.093907 0.030087 0.140765
0 4 0.591113 0.163708 0.083563 0.022967 0.138649
4 2 0.267430 0.191796 0.139425 0.017765 0.383585
4 2 0.191046 0.220630 0.182512 0.037056 0.368756
4 2 0.159679 0.219052 0.191827 0.038406 0.391036
4 2 0.173080 0.221005 0.188786 0.038794 0.378336
4 2 0.173758 0.221078 0.188617 0.038798 0.377749
4 1 0.253053 0.223153 0.168097 0.037748 0.317949
0 1 0.393645 0.207547 0.131540 0.032255 0.235014
0 1 0.622351 0.156807 0.077195 0.023332 0.120314
0 0 0.714616 0.124749 0.054767 0.015100 0.090769
0 0 0.765526 0.105736 0.043147 0.011219 0.074372
0 0 0.855422 0.069630 0.024090 0.005487 0.045370
0 0 0.816051 0.085872 0.032189 0.007818 0.058070
0 0 0.800371 0.092148 0.035525 0.008825 0.063130
0 0 0.718819 0.123216 0.053786 0.014762 0.089417
0 0 0.680519 0.136951 0.062853 0.017958 0.101719
0 0 0.525407 0.187146 0.102645 0.033834 0.150967
0 0 0.432120 0.212763 0.129106 0.046150 0.179861
0 0 0.348949 0.214524 0.173655 0.069293 0.193580
2 1 0.226889 0.254762 0.292240 0.084706 0.141402
2 1 0.089430 0.210727 0.446377 0.069508 0.183958
2 0 0.073313 0.150263 0.521731 0.077202 0.177491
2 0 0.062844 0.117262 0.586455 0.076495 0.156944
2 0 0.102161 0.177774 0.365508 0.043120 0.311437
2 0 0.124854 0.211887 0.328740 0.039836 0.294683
4 0 0.139091 0.204313 0.215374 0.024032 0.417189
4 0 0.173923 0.214529 0.218498 0.026420 0.366630
4 0 0.265431 0.224556 0.185782 0.034240 0.289991
4 0 0.245352 0.223655 0.187567 0.033758 0.309668
2 0 0.149010 0.238076 0.337453 0.044313 0.231148
2 0 0.066416 0.162795 0.612876 0.059899 0.098013
2 0 0.029586 0.076238 0.785900 0.073495 0.034782
2 0 0.016278 0.038473 0.861839 0.070416 0.012993
2 0 0.010060 0.020308 0.883803 0.080265 0.005565
2 0 0.010056 0.015958 0.837816 0.131668 0.004502
2 2 0.009507 0.012907 0.801166 0.172839 0.003581
2 1 0.009403 0.013895 0.816764 0.155442 0.004497
2 2 0.009272 0.017490 0.871305 0.095347 0.006587
2 0 0.016658 0.045575 0.853948 0.059385 0.024433
2 0 0.044255 0.127389 0.692123 0.053206 0.083027
2 1 0.182883 0.237050 0.327446 0.038402 0.214218
0 1 0.429536 0.197708 0.120329 0.027580 0.224846
0 0 0.561044 0.169860 0.089655 0.022776 0.156666
0 1 0.581932 0.159899 0.082395 0.018278 0.157496
0 1 0.594442 0.157340 0.079964 0.018254 0.150001
0 2 0.537291 0.167295 0.090411 0.017756 0.187246
0 0 0.584364 0.157571 0.080932 0.017048 0.160084
0 1 0.556903 0.162913 0.086197 0.017181 0.176805
0 1 0.540135 0.168913 0.091085 0.019078 0.180789
0 1 0.513558 0.179993 0.100027 0.023760 0.182661
0 1 0.507953 0.187303 0.104783 0.029698 0.170263
0 1 0.566151 0.173071 0.090825 0.027043 0.142909
0 1 0.572116 0.171194 0.089248 0.026401 0.141041
0 2 0.551834 0.176338 0.094026 0.027267 0.150534
0 2 0.551405 0.179325 0.095608 0.030766 0.142895
0 2 0.550064 0.179768 0.095984 0.030964 0.143220
0 2 0.495526 0.195761 0.110898 0.037515 0.160300
0 2 0.413576 0.216225 0.133969 0.046823 0.189406
0 2 0.265839 0.249472 0.256682 0.066718 0.161290
2 2 0.182544 0.249413 0.360431 0.073716 0.133896
2 2 0.123678 0.236585 0.449607 0.072912 0.117217
2 0 0.111553 0.231540 0.472999 0.071170 0.112738
0 0 0.642598 0.150033 0.072125 0.021388 0.113856
0 1 0.529954 0.185803 0.101407 0.033294 0.149541
0 1 0.414100 0.218210 0.138436 0.049071 0.180183
2 1 0.234514 0.250464 0.286728 0.064676 0.163619
2 2 0.233779 0.247676 0.253107 0.057651 0.207787
0 2 0.270289 0.234934 0.192425 0.046058 0.256294
4 2 0.261914 0.216754 0.160949 0.032274 0.328108
4 2 0.257501 0.213872 0.159557 0.030050 0.339020
4 1 0.227713 0.207127 0.160596 0.025820 0.378744
4 1 0.262160 0.207645 0.153480 0.025882 0.350833
4 1 0.267544 0.209572 0.153961 0.027140 0.341784
4 1 0.277467 0.213818 0.155377 0.030241 0.323097
4 2 0.168300 0.214824 0.199134 0.030701 0.387041
2 2 0.140161 0.231267 0.302743 0.038661 0.287168
2 1 0.088305 0.223285 0.431695 0.044319 0.212396
2 2 0.051249 0.198868 0.550808 0.046720 0.152355
2 2 0.041491 0.179809 0.629029 0.043971 0.105699
2 2 0.035995 0.166732 0.672097 0.041804 0.083372
2 2 0.033242 0.158617 0.697045 0.041022 0.070074
2 2 0.037295 0.166706 0.676044 0.044240 0.075715
2 2 0.040574 0.171928 0.663127 0.047224 0.077148
2 2 0.047756 0.182703 0.634655 0.053200 0.081687
2 2 0.045273 0.176674 0.653392 0.052745 0.071916
2 2 0.105892 0.234519 0.429309 0.059060 0.171219
2 2 0.146668 0.242749 0.344364 0.053176 0.213043
4 2 0.195318 0.229887 0.216390 0.039141 0.319264
4 1 0.208330 0.233363 0.233117 0.038818 0.286372
4 0 0.233413 0.216886 0.173028 0.031067 0.345606
4 2 0.265540 0.216618 0.160064 0.032207 0.325570
4 2 0.229197 0.214944 0.166964 0.031019 0.357876
4 2 0.189276 0.226800 0.188618 0.043156 0.352150
4 1 0.095434 0.223791 0.288143 0.046796 0.345836
2 2 0.056958 0.206469 0.404993 0.039831 0.291750
2 2 0.052161 0.199934 0.394128 0.035726 0.318051
4 2 0.065520 0.193990 0.275871 0.029608 0.435010
4 1 0.090381 0.189886 0.200176 0.026676 0.492880
4 1 0.097641 0.191448 0.198448 0.025999 0.486464
4 1 0.097971 0.193991 0.205609 0.026747 0.475683
4 2 0.136907 0.211257 0.200199 0.033138 0.418499
4 2 0.158736 0.215290 0.188557 0.035252 0.402166
4 2 0.151637 0.217411 0.193379 0.037913 0.399660
4 2 0.107536 0.220773 0.252025 0.042839 0.376826
2 1 0.070670 0.219581 0.439491 0.050261 0.219996
2 1 0.112492 0.236705 0.363211 0.053328 0.234264
4 1 0.187730 0.232722 0.222972 0.042449 0.314127
4 1 0.217564 0.214862 0.169840 0.031227 0.366507
4 2 0.182277 0.202790 0.168735 0.024864 0.421335
4 2 0.158041 0.198522 0.172412 0.023988 0.447036
4 1 0.207968 0.195169 0.154777 0.019966 0.422120
4 1 0.192727 0.182500 0.146938 0.015253 0.462583
4 2 0.167383 0.175265 0.146731 0.013630 0.496992
4 2 0.126804 0.166492 0.150852 0.012767 0.543086
4 2 0.189131 0.180863 0.146311 0.014782 0.468913
4 2 0.238208 0.185323 0.139460 0.015402 0.421606
4 1 0.301072 0.190983 0.133101 0.017614 0.357229
0 0 0.339871 0.201836 0.135397 0.024104 0.298792
0 0 0.337304 0.202475 0.136259 0.024395 0.299567
0 1 0.412513 0.188671 0.116428 0.020108 0.262280
0 1 0.436740 0.178297 0.106791 0.016218 0.261954
0 0 0.496175 0.166732 0.093692 0.014306 0.229095
4 1 0.115956 0.188783 0.181969 0.022341 0.490951
4 0 0.066000 0.199776 0.328971 0.029781 0.375472
2 0 0.060934 0.208404 0.406850 0.039156 0.284656
2 0 0.064822 0.213454 0.389749 0.043556 0.288420
4 1 0.096838 0.216531 0.254248 0.041796 0.390586
4 2 0.084769 0.209992 0.266158 0.037722 0.401360
4 2 0.124657 0.209660 0.201648 0.034390 0.429646
4 2 0.164314 0.213750 0.185023 0.033456 0.403456
4 1 0.215344 0.212796 0.168612 0.029804 0.373444
4 0 0.246041 0.211731 0.160300 0.028549 0.353378
4 0 0.207990 0.207659 0.165989 0.026653 0.391709
4 1 0.220597 0.219027 0.172654 0.034400 0.353322
4 1 0.282122 0.225642 0.163614 0.041078 0.287544
0 1 0.336470 0.222127 0.150538 0.041316 0.249548
0 1 0.382597 0.214452 0.137717 0.038114 0.227120
0 1 0.423144 0.206212 0.126540 0.034908 0.209196
0 1 0.417809 0.208228 0.128539 0.036336 0.209089
0 0 0.442715 0.203938 0.122479 0.035741 0.195128
0 1 0.468852 0.198009 0.115573 0.033848 0.183719
0 1 0.404635 0.210209 0.131676 0.036495 0.216986
0 0 0.314637 0.225552 0.156991 0.043245 0.259575
0 0 0.317201 0.226477 0.157151 0.044672 0.254500
0 1 0.316460 0.226425 0.157257 0.044527 0.255331
0 1 0.338701 0.223466 0.151057 0.043244 0.243532
0 1 0.342579 0.223798 0.150585 0.044186 0.238851
0 1 0.290943 0.228269 0.163720 0.044658 0.272409
4 2 0.271978 0.228179 0.167751 0.043490 0.288602
4 1 0.260988 0.228193 0.170564 0.043022 0.297233
4 1 0.243248 0.237710 0.210030 0.046744 0.262268
2 0 0.192949 0.243134 0.270548 0.049217 0.244152
4 0 0.224035 0.235949 0.213354 0.044615 0.282048
0 1 0.289299 0.223534 0.160526 0.039177 0.287464
0 1 0.325468 0.218051 0.149609 0.035909 0.270962
0 1 0.335019 0.215511 0.146127 0.034195 0.269148
0 0 0.476942 0.184793 0.106730 0.022854 0.208680
0 0 0.658293 0.133776 0.062996 0.012049 0.132886
0 0 0.735229 0.104938 0.044569 0.006881 0.108383
0 0 0.815590 0.077258 0.028842 0.004093 0.074217
0 0 0.853616 0.064350 0.022271 0.003229 0.056534
0 0 0.916076 0.041650 0.012128 0.002019 0.028127
0 0 0.936753 0.033375 0.008922 0.001652 0.019297
0 0 0.941767 0.030981 0.008078 0.001466 0.017707
0 1 0.918644 0.041838 0.012075 0.002378 0.025065
0 0 0.856319 0.069252 0.023911 0.005437 0.045081
0 1 0.792534 0.095205 0.037199 0.009316 0.065747
0 1 0.562603 0.164966 0.086845 0.019193 0.166393
0 1 0.438733 0.195320 0.117668 0.026651 0.221629
0 1 0.346866 0.210357 0.140497 0.030538 0.271742
0 0 0.331138 0.214372 0.145966 0.032893 0.275630
0 0 0.355889 0.215029 0.142331 0.035535 0.251217
0 1 0.369173 0.215432 0.140473 0.037439 0.237483
0 1 0.468457 0.200099 0.116817 0.036407 0.178220
0 0 0.608726 0.161282 0.080654 0.024687 0.124651
0 1 0.638774 0.151324 0.073076 0.021749 0.115077
0 1 0.691844 0.132945 0.060141 0.016985 0.098085
0 1 0.691397 0.132705 0.060071 0.016657 0.099169
0 1 0.666525 0.132084 0.061598 0.012098 0.127695
0 1 0.651850 0.129645 0.061308 0.009600 0.147597
0 1 0.605003 0.135980 0.067580 0.008886 0.182551
0 1 0.596089 0.141308 0.071110 0.010205 0.181288
0 1 0.400243 0.194787 0.122076 0.022956 0.259938
0 0 0.430426 0.185680 0.112371 0.019547 0.251975
0 1 0.329304 0.196147 0.132746 0.020551 0.321252
4 1 0.311380 0.202334 0.140268 0.023454 0.322564
4 1 0.226260 0.212488 0.165579 0.029318 0.366356
4 2 0.177141 0.215761 0.182507 0.033950 0.390641
4 2 0.169347 0.225369 0.207219 0.039978 0.358087
4 2 0.184113 0.216458 0.180889 0.034004 0.384537
4 2 0.217239 0.207991 0.163905 0.026583 0.384282
4 0 0.284206 0.202255 0.144892 0.022902 0.345746
0 0 0.387224 0.187267 0.118480 0.018148 0.288881
0 1 0.524438 0.162778 0.088857 0.014331 0.209595
0 1 0.504093 0.159216 0.088356 0.011761 0.236574
0 1 0.447596 0.170215 0.100354 0.013368 0.268468
4 0 0.298002 0.185736 0.129435 0.015485 0.371342
4 1 0.145738 0.205384 0.228759 0.022092 0.398027
4 1 0.114532 0.214890 0.312887 0.027283 0.330408
2 1 0.107368 0.218617 0.345254 0.030770 0.297990
2 1 0.072864 0.206873 0.441464 0.030408 0.248391
2 1 0.052913 0.192821 0.469424 0.027283 0.257559
2 0 0.074314 0.206728 0.431435 0.029405 0.258117
2 0 0.102217 0.218713 0.375445 0.031516 0.272110
4 0 0.210299 0.221580 0.214970 0.029189 0.323963
4 0 0.242237 0.225344 0.224685 0.029387 0.278347
0 0 0.373194 0.201854 0.130664 0.025836 0.268452
0 0 0.507245 0.175734 0.098159 0.019911 0.198951
0 0 0.370317 0.188968 0.121795 0.018312 0.300608
0 0 0.350764 0.193342 0.127571 0.019773 0.308550
0 0 0.359538 0.197051 0.129053 0.022098 0.292260
0 0 0.492586 0.185195 0.105284 0.025084 0.191852
0 0 0.703547 0.128756 0.057365 0.016005 0.094327
0 0 0.807315 0.089381 0.034040 0.008374 0.060889
0 0 0.830070 0.080170 0.029258 0.006956 0.053546
0 0 0.845052 0.073978 0.026183 0.006073 0.048713
0 0 0.849801 0.071239 0.024956 0.005402 0.048602
0 0 0.862682 0.066554 0.022644 0.005089 0.043031
0 0 0.873426 0.061952 0.020533 0.004518 0.039571
0 0 0.852620 0.070811 0.024653 0.005643 0.046273
0 0 0.833566 0.078735 0.028535 0.006746 0.052418
0 0 0.722851 0.121738 0.052850 0.014441 0.088120
0 0 0.665872 0.142065 0.066400 0.019251 0.106412
0 0 0.619805 0.157648 0.077839 0.023583 0.121125
0 0 0.524676 0.182388 0.100196 0.027866 0.164874
0 0 0.515083 0.184710 0.102536 0.028366 0.169305
0 0 0.494125 0.186529 0.105899 0.026464 0.186983
0 0 0.422000 0.193766 0.118697 0.023896 0.241641
4 0 0.213642 0.202238 0.159712 0.023346 0.401062
4 0 0.095334 0.207053 0.293882 0.027249 0.376481
2 0 0.053983 0.183222 0.483477 0.038972 0.240345
2 0 0.039949 0.157454 0.630432 0.045966 0.126199
2 0 0.042551 0.174187 0.527178 0.038817 0.217268
2 0 0.026923 0.072002 0.793891 0.068194 0.038990
2 0 0.055826 0.133686 0.648928 0.084461 0.077098
2 0 0.041694 0.124082 0.667606 0.061889 0.104730
2 0 0.029487 0.115413 0.671467 0.041710 0.141923
2 0 0.020790 0.091004 0.693043 0.033006 0.162156
2 0 0.009502 0.039724 0.861497 0.038491 0.050786
2 0 0.007169 0.024990 0.884540 0.061483 0.021819
2 0 0.004117 0.011659 0.904198 0.073440 0.006586
2 0 0.004146 0.011050 0.895499 0.082156 0.007149
3 0 0.078263 0.060740 0.282166 0.523752 0.055080
3 0 0.047723 0.032360 0.234010 0.657523 0.028384
3 0 0.080020 0.051177 0.376483 0.451165 0.041156
2 0 0.255034 0.118027 0.380270 0.155756 0.090914
0 0 0.473395 0.183781 0.166416 0.050967 0.125441
0 0 0.614917 0.159257 0.079078 0.024067 0.122682
0 0 0.744875 0.113565 0.047793 0.012738 0.081029
0 0 0.788729 0.096698 0.038023 0.009570 0.066980
0 0 0.739544 0.103807 0.043828 0.006824 0.105997
0 0 0.543602 0.143562 0.075901 0.008467 0.228468
0 0 0.547233 0.146122 0.077178 0.009341 0.220126
0 0 0.459295 0.159407 0.092180 0.010193 0.278925
4 0 0.341861 0.162818 0.105929 0.009030 0.380361
4 0 0.235491 0.162424 0.120183 0.008906 0.472997
4 0 0.251630 0.159033 0.114688 0.008086 0.466563
4 0 0.302406 0.160243 0.108639 0.008265 0.420447
0 0 0.511901 0.152536 0.083610 0.009889 0.242063
0 1 0.702268 0.126770 0.056587 0.014097 0.100278
0 1 0.670620 0.140416 0.065245 0.018827 0.104892
0 0 0.638389 0.151447 0.073169 0.021778 0.115217
0 0 0.688621 0.134090 0.060910 0.017260 0.099120
0 0 0.654575 0.145957 0.069165 0.020275 0.110028
0 4 0.615096 0.159198 0.079032 0.024049 0.122625
0 4 0.607464 0.161693 0.080976 0.024814 0.125052
0 4 0.443957 0.193088 0.115624 0.025462 0.221869
0 4 0.351722 0.191101 0.125794 0.018708 0.312675
0 4 0.348420 0.194906 0.129048 0.020494 0.307132
0 4 0.339421 0.184402 0.122472 0.015533 0.338171
4 4 0.315152 0.185021 0.126316 0.015389 0.358122
4 4 0.334132 0.170448 0.112604 0.010891 0.371925
0 4 0.558778 0.143925 0.075095 0.009164 0.213038
0 4 0.725359 0.101958 0.043651 0.005347 0.123685
0 4 0.647810 0.109279 0.050796 0.004151 0.187962
0 4 0.673417 0.114470 0.052307 0.006058 0.153748
0 4 0.633889 0.133428 0.064398 0.009747 0.158537
0 4 0.504842 0.157387 0.087161 0.011160 0.239450
0 4 0.470803 0.165371 0.095064 0.012523 0.256238
0 4 0.440388 0.169722 0.100714 0.012917 0.276259
0 4 0.394177 0.172667 0.107394 0.012547 0.313214
0 4 0.359929 0.166640 0.106758 0.010158 0.356515
4 4 0.316667 0.166417 0.111675 0.009717 0.395524
0 4 0.380256 0.166863 0.104733 0.010514 0.337635
0 0 0.415648 0.171687 0.104480 0.012797 0.295388
0 4 0.428477 0.165352 0.098899 0.011105 0.296168
4 4 0.331157 0.167062 0.110389 0.009973 0.381419
4 4 0.312460 0.168468 0.113805 0.010207 0.395060
4 4 0.261538 0.170606 0.122836 0.010708 0.434311
4 4 0.310254 0.168850 0.114391 0.010294 0.396212
4 4 0.333196 0.156428 0.102067 0.007601 0.400707
4 4 0.171274 0.139300 0.111279 0.005491 0.572656
4 2 0.156143 0.148030 0.123123 0.007214 0.565491
4 4 0.227162 0.175141 0.132763 0.012219 0.452715
4 4 0.229220 0.179872 0.136501 0.013644 0.440763
4 4 0.303872 0.194580 0.135479 0.019260 0.346809
4 4 0.278408 0.211800 0.153590 0.028791 0.327412
4 2 0.268771 0.226076 0.166843 0.041015 0.297295
1 2 0.225264 0.243363 0.239978 0.051068 0.240327
4 2 0.268562 0.228742 0.168950 0.044012 0.289733
4 1 0.277261 0.222740 0.162417 0.037873 0.299709
4 2 0.239930 0.216975 0.166092 0.032424 0.344579
0 2 0.302356 0.220791 0.156146 0.037013 0.283694
0 1 0.302306 0.220925 0.155992 0.037225 0.283552
4 1 0.224259 0.223603 0.175595 0.038351 0.338191
4 1 0.214329 0.225467 0.184496 0.039111 0.336598
4 2 0.129141 0.222649 0.265244 0.035567 0.347399
4 2 0.190265 0.219442 0.190573 0.033855 0.365865
4 2 0.253275 0.218070 0.163919 0.033271 0.331465
0 2 0.334952 0.215703 0.146276 0.034370 0.268699
0 2 0.396836 0.211102 0.133392 0.036334 0.222336
0 2 0.469431 0.199933 0.116595 0.036418 0.177623
0 1 0.481623 0.198825 0.114369 0.038048 0.167136
0 2 0.584284 0.169140 0.086954 0.027212 0.132410
0 2 0.642638 0.150020 0.072115 0.021384 0.113843
0 2 0.728392 0.119699 0.051568 0.014005 0.086337
0 2 0.696044 0.129845 0.058433 0.015243 0.100436
0 0 0.724011 0.118725 0.051466 0.012364 0.093433
0 0 0.720948 0.117574 0.051161 0.011127 0.099191
0 1 0.723738 0.114426 0.049561 0.009776 0.102498
0 1 0.753707 0.108350 0.045015 0.010723 0.082205
0 1 0.432389 0.173425 0.103977 0.013996 0.276212
0 4 0.388466 0.179784 0.113054 0.014953 0.303743
0 1 0.429733 0.183154 0.110770 0.018174 0.258170
0 1 0.471219 0.179038 0.103748 0.018701 0.227294
0 2 0.467082 0.175391 0.101844 0.016527 0.239156
0 4 0.526459 0.160017 0.087035 0.013255 0.213235
4 4 0.325944 0.155544 0.102198 0.007395 0.408919
4 4 0.270499 0.137244 0.094137 0.004522 0.493598
4 4 0.264601 0.131049 0.089801 0.003815 0.510734
4 4 0.216124 0.126035 0.091686 0.003469 0.562685
4 4 0.235458 0.136164 0.097694 0.004505 0.526179
4 4 0.243969 0.155198 0.112622 0.007380 0.480832
4 4 0.306294 0.176340 0.120799 0.012367 0.384200
4 4 0.273603 0.182561 0.130763 0.014257 0.398816
0 4 0.342239 0.191300 0.127247 0.018531 0.320683
0 4 0.527926 0.163245 0.088843 0.014794 0.205192
0 4 0.696463 0.121523 0.054540 0.010129 0.117346
0 0 0.795907 0.091630 0.035594 0.007727 0.069143
0 0 0.806024 0.087104 0.033238 0.006859 0.066775
0 1 0.781835 0.094194 0.037418 0.007098 0.079455
0 0 0.693043 0.123901 0.055888 0.010925 0.116243
0 1 0.611446 0.140564 0.069676 0.010943 0.167371
0 1 0.622608 0.138636 0.067894 0.010990 0.159872
0 1 0.512673 0.158852 0.087440 0.012037 0.228998
4 2 0.217192 0.168987 0.129272 0.010663 0.473885
4 2 0.212105 0.178418 0.138745 0.013441 0.457291
0 4 0.397449 0.192651 0.120966 0.021488 0.267446
0 4 0.462236 0.188856 0.110855 0.024225 0.213828
0 4 0.441667 0.199255 0.119770 0.030492 0.208815
4 2 0.254559 0.235566 0.207255 0.043706 0.258913
0 2 0.302218 0.231861 0.174203 0.046880 0.244839
0 2 0.301483 0.230199 0.162922 0.048099 0.257297
0 2 0.336819 0.226823 0.153667 0.047631 0.235059
0 2 0.250011 0.244055 0.227587 0.054001 0.224346
2 2 0.207049 0.248213 0.291983 0.056640 0.196115
2 2 0.172497 0.246578 0.346353 0.057760 0.176812
2 2 0.136931 0.243167 0.376539 0.059516 0.183847
2 2 0.110710 0.240148 0.379100 0.062914 0.207129
2 2 0.065462 0.212532 0.523893 0.058505 0.139607
2 2 0.035720 0.162329 0.689018 0.043734 0.069199
2 2 0.026006 0.139647 0.745868 0.035974 0.052504
2 2 0.007877 0.035240 0.916505 0.034401 0.005976
2 2 0.008512 0.039677 0.911071 0.033873 0.006868
2 2 0.010106 0.042217 0.901118 0.039450 0.007109
2 2 0.012875 0.050529 0.883169 0.044633 0.008794
2 2 0.016420 0.062090 0.858198 0.051895 0.011397
2 2 0.019593 0.077849 0.835467 0.052428 0.014662
2 2 0.018576 0.079540 0.839301 0.047608 0.014975
2 3 0.013219 0.053602 0.876779 0.047909 0.008492
2 3 0.009811 0.033787 0.896572 0.054712 0.005118
2 3 0.008416 0.025088 0.899399 0.063188 0.003909
2 3 0.006915 0.017706 0.889694 0.083016 0.002669
2 3 0.007301 0.017441 0.876155 0.096367 0.002736
2 3 0.007735 0.016578 0.855296 0.117802 0.002589
2 3 0.010595 0.023136 0.846988 0.115032 0.004250
2 3 0.019421 0.051609 0.837886 0.076194 0.014890
2 3 0.032127 0.132231 0.732107 0.047960 0.055575
2 3 0.052191 0.196403 0.567933 0.045519 0.137954
0 0 0.332706 0.217956 0.158391 0.033422 0.257525
0 1 0.649196 0.144002 0.068704 0.017311 0.120787
0 1 0.831620 0.079534 0.028937 0.006862 0.053046
0 0 0.885594 0.056664 0.018185 0.003900 0.035658
0 0 0.869314 0.063721 0.021337 0.004734 0.040895
0 0 0.864653 0.065715 0.022254 0.004982 0.042396
0 0 0.845331 0.073862 0.026126 0.006057 0.048623
0 0 0.793642 0.094810 0.036975 0.009271 0.065302
0 0 0.695875 0.131508 0.059181 0.016645 0.096791
0 0 0.718143 0.123462 0.053944 0.014816 0.089634
0 0 0.658115 0.144742 0.068296 0.019952 0.108895
0 0 0.621803 0.156988 0.077334 0.023386 0.120489
0 0 0.577117 0.171402 0.088825 0.027976 0.134679
0 0 0.560667 0.176522 0.093160 0.029773 0.139878
0 0 0.614388 0.159430 0.079212 0.024119 0.122850
0 0 0.688749 0.134044 0.060879 0.017249 0.099079
0 0 0.737542 0.116306 0.049465 0.013296 0.083391
0 0 0.765754 0.105648 0.043097 0.011203 0.074299
0 0 0.750084 0.111605 0.046613 0.012348 0.079350
0 0 0.706076 0.127845 0.056769 0.015796 0.093514
0 0 0.523064 0.178361 0.098117 0.023816 0.176641
0 1 0.415320 0.218350 0.194793 0.038154 0.133383
0 1 0.296610 0.217708 0.174600 0.029120 0.281962
4 1 0.132377 0.177736 0.163952 0.015799 0.510136
4 1 0.083681 0.154257 0.156791 0.012303 0.592968
4 1 0.077470 0.167427 0.201668 0.014960 0.538476
4 1 0.077833 0.167758 0.200785 0.015142 0.538482
4 1 0.183073 0.200663 0.166504 0.023639 0.426121
4 0 0.152273 0.190554 0.166497 0.020346 0.470329
4 0 0.125186 0.190066 0.176497 0.022417 0.485833
4 0 0.082148 0.169496 0.216204 0.028215 0.503936
4 1 0.081654 0.178358 0.212100 0.029834 0.498054
4 1 0.129509 0.219030 0.235175 0.036210 0.380076
4 0 0.181381 0.208151 0.174032 0.028185 0.408252
0 0 0.356278 0.205438 0.135539 0.027346 0.275398
4 0 0.240493 0.184540 0.138339 0.015098 0.421530
0 1 0.482478 0.179197 0.102710 0.019711 0.215904
0 1 0.519276 0.166737 0.091670 0.015855 0.206461
0 1 0.549158 0.166129 0.088690 0.018314 0.177710
0 1 0.423899 0.185703 0.113119 0.019163 0.258116
0 1 0.597275 0.164991 0.083591 0.025854 0.128290
0 1 0.636087 0.152227 0.073746 0.022005 0.115934
0 1 0.517068 0.189587 0.104928 0.034839 0.153578
0 0 0.527749 0.186456 0.102007 0.033556 0.150233
0 1 0.385844 0.183309 0.187729 0.075957 0.167161
0 0 0.318868 0.199785 0.206246 0.087712 0.187389
0 0 0.266283 0.196512 0.229019 0.108149 0.200037
0 4 0.345382 0.203824 0.186044 0.073040 0.191710
0 4 0.296881 0.207550 0.191844 0.057178 0.246547
0 4 0.418887 0.178121 0.174731 0.068618 0.159642
0 4 0.406569 0.201626 0.142369 0.041044 0.208392
4 4 0.222333 0.205105 0.164421 0.026280 0.381862
4 4 0.142343 0.188817 0.168295 0.020246 0.480299
4 0 0.248107 0.206108 0.191175 0.042554 0.312057
0 0 0.416108 0.210891 0.130421 0.039341 0.203240
0 1 0.398083 0.222401 0.129726 0.050077 0.199713
0 0 0.413792 0.233974 0.112549 0.079768 0.159917
0 4 0.330224 0.225731 0.129943 0.175134 0.138968
3 1 0.260174 0.188349 0.110597 0.347081 0.093798
3 1 0.276690 0.182705 0.121336 0.322905 0.096363
3 1 0.246965 0.150287 0.122940 0.402209 0.077600
3 0 0.248433 0.144943 0.140234 0.385586 0.080803
3 1 0.222686 0.144476 0.159970 0.385662 0.087206
3 1 0.251544 0.190936 0.169150 0.262083 0.126287
3 1 0.242827 0.189414 0.188287 0.244282 0.135190
0 0 0.257303 0.206742 0.219917 0.118198 0.197840
4 1 0.170654 0.199279 0.250867 0.081121 0.298078
4 1 0.089556 0.166450 0.258989 0.042057 0.442948
2 1 0.081839 0.153513 0.422388 0.064130 0.278131
2 0 0.027806 0.104551 0.662200 0.037626 0.167817
2 0 0.046279 0.105835 0.659384 0.063213 0.125288
2 1 0.037829 0.100789 0.619787 0.047048 0.194547
2 1 0.052646 0.100646 0.598002 0.064286 0.184421
2 0 0.060852 0.120908 0.468015 0.030924 0.319301
4 0 0.072633 0.152420 0.313969 0.015582 0.445395
4 1 0.100583 0.178460 0.255700 0.012012 0.453245
4 1 0.117568 0.153576 0.158939 0.008074 0.561843
4 4 0.287534 0.154445 0.105911 0.007114 0.444996
4 0 0.357367 0.133726 0.082842 0.004163 0.421902
0 0 0.471464 0.139491 0.078235 0.005900 0.304909
4 1 0.241024 0.137864 0.098372 0.004693 0.518047
4 0 0.164241 0.140966 0.114372 0.005853 0.574568
4 0 0.124251 0.147412 0.131624 0.008023 0.588690
4 0 0.117546 0.169403 0.157593 0.014324 0.541134
4 0 0.092525 0.181609 0.183807 0.022401 0.519659
2 0 0.084598 0.217093 0.373233 0.036452 0.288624
4 0 0.239947 0.224976 0.194838 0.033924 0.306315
4 0 0.310017 0.193919 0.133991 0.019048 0.343026
0 0 0.369719 0.173627 0.110773 0.012328 0.333553
0 0 0.422941 0.166361 0.100111 0.011268 0.299319
0 0 0.458479 0.165836 0.096466 0.012206 0.267013
0 0 0.475705 0.173694 0.099931 0.016243 0.234427
0 0 0.711713 0.123734 0.054544 0.013654 0.096355
0 0 0.514845 0.168611 0.093186 0.016470 0.206889
0 0 0.512921 0.171662 0.095189 0.017981 0.202247
0 0 0.531104 0.170223 0.092665 0.018912 0.187097
0 0 0.613664 0.153391 0.076292 0.018342 0.138311
0 0 0.634780 0.148586 0.072119 0.018292 0.126223
0 0 0.641940 0.147506 0.070992 0.018801 0.120762
0 0 0.642982 0.149048 0.071632 0.020474 0.115864
0 0 0.627946 0.154651 0.075645 0.022461 0.119296
0 0 0.640966 0.150585 0.072531 0.021542 0.114377
0 0 0.629849 0.154316 0.075308 0.022603 0.117925
0 0 0.756050 0.109348 0.045268 0.011907 0.077427
0 0 0.702656 0.129077 0.057576 0.016079 0.094613
0 0 0.519505 0.178910 0.098794 0.023738 0.179053
0 0 0.381179 0.207986 0.133634 0.031342 0.245859
4 0 0.233973 0.215826 0.166551 0.031604 0.352045
4 0 0.141751 0.204739 0.184743 0.029270 0.439497
4 0 0.143764 0.219585 0.214375 0.037232 0.385044
4 0 0.167877 0.228533 0.207108 0.044410 0.352072
4 0 0.147104 0.217318 0.195140 0.038442 0.401996
4 0 0.166230 0.229368 0.213347 0.044277 0.346778
4 0 0.179003 0.237435 0.233942 0.048360 0.301261
4 0 0.113210 0.226061 0.285697 0.042041 0.332990
2 0 0.066374 0.209728 0.376403 0.037669 0.309827
4 0 0.040758 0.181379 0.367640 0.026736 0.383486
4 0 0.036396 0.171829 0.346157 0.023127 0.422491
2 0 0.032194 0.172271 0.442676 0.023825 0.329035
2 1 0.030137 0.164966 0.595190 0.029132 0.180575
2 1 0.037204 0.145099 0.653385 0.046273 0.118039
2 1 0.055496 0.172348 0.556221 0.057972 0.157963
2 1 0.046123 0.148773 0.567151 0.051740 0.186213
2 1 0.035288 0.117106 0.647400 0.050009 0.150198
2 1 0.028895 0.088523 0.720901 0.054002 0.107679
2 1 0.025562 0.085766 0.747869 0.049489 0.091314
2 1 0.035370 0.127354 0.619439 0.044989 0.172848
2 1 0.043963 0.184866 0.485732 0.036078 0.249361
4 1 0.041458 0.175022 0.307108 0.024609 0.451803
4 1 0.052122 0.181844 0.319301 0.032755 0.413977
2 1 0.044635 0.166774 0.419536 0.035315 0.333739
2 0 0.055494 0.199901 0.380001 0.033542 0.331062
2 0 0.084025 0.213831 0.350674 0.033899 0.317571
4 0 0.155690 0.214540 0.217233 0.029215 0.383322
4 1 0.264479 0.202593 0.148871 0.022949 0.361109
0 1 0.384404 0.195578 0.124656 0.022475 0.272888
0 0 0.573661 0.152922 0.079209 0.013436 0.180772
0 1 0.453261 0.157052 0.091136 0.009379 0.289172
0 1 0.446564 0.145207 0.083797 0.006582 0.317849
