2 0 0.083141 0.264715 0.339822 0.010672 0.301650
4 0 0.055653 0.248468 0.331214 0.009404 0.355262
2 0 0.035004 0.196808 0.582563 0.007179 0.178445
2 1 0.036060 0.193641 0.566791 0.007256 0.196253
2 1 0.035941 0.204636 0.561450 0.007263 0.190709
2 1 0.036615 0.208865 0.535462 0.007071 0.211988
2 1 0.036252 0.197316 0.543450 0.006893 0.216089
2 1 0.034674 0.182434 0.583738 0.006786 0.192368
2 1 0.032823 0.158731 0.608762 0.006117 0.193568
2 1 0.035115 0.150473 0.568770 0.006323 0.239319
2 1 0.039429 0.139920 0.479025 0.006905 0.334721
4 1 0.041351 0.128953 0.365947 0.006766 0.456983
4 1 0.041565 0.113482 0.239236 0.006558 0.599160
4 1 0.040664 0.108582 0.174117 0.006363 0.670275
4 4 0.041370 0.108866 0.141840 0.006780 0.701145
4 4 0.046719 0.147209 0.158274 0.008425 0.639373
4 4 0.061232 0.224237 0.238984 0.010261 0.465287
2 4 0.052213 0.291927 0.373717 0.010245 0.271898
2 4 0.041592 0.266051 0.494342 0.009882 0.188133
2 4 0.037061 0.237914 0.573526 0.009202 0.142296
2 1 0.031139 0.202109 0.664322 0.008388 0.094042
2 1 0.031236 0.195662 0.651352 0.007433 0.114317
2 1 0.033865 0.208194 0.609839 0.007709 0.140393
2 1 0.035447 0.192392 0.562075 0.006830 0.203256
2 1 0.037396 0.205891 0.537850 0.007454 0.211408
2 1 0.037215 0.207902 0.561141 0.007984 0.185758
2 1 0.036205 0.209257 0.597577 0.008665 0.148296
2 1 0.034935 0.204824 0.635068 0.009462 0.115711
2 1 0.030865 0.190633 0.698265 0.010211 0.070026
2 1 0.025994 0.167359 0.756240 0.010537 0.039870
2 1 0.024564 0.151586 0.784199 0.012438 0.027213
2 1 0.022190 0.121108 0.824754 0.013995 0.017953
2 2 0.022380 0.099525 0.843013 0.018972 0.016111
2 2 0.015563 0.057631 0.880589 0.035180 0.011036
2 2 0.011566 0.038371 0.875227 0.065729 0.009107
2 2 0.012862 0.039302 0.821358 0.114333 0.012144
2 2 0.014480 0.038820 0.695133 0.234015 0.017551
3 2 0.009402 0.022774 0.403724 0.545791 0.018309
3 2 0.004076 0.009060 0.162532 0.811845 0.012486
3 3 0.001976 0.004984 0.124652 0.860795 0.007593
3 3 0.001429 0.003845 0.113018 0.875663 0.006044
3 3 0.000883 0.002611 0.097426 0.894781 0.004299
3 3 0.000650 0.002043 0.088563 0.905281 0.003462
3 3 0.000592 0.001895 0.085997 0.908275 0.003240
3 3 0.000617 0.001959 0.087128 0.906959 0.003337
3 3 0.000650 0.002041 0.088533 0.905316 0.003460
3 3 0.000750 0.002291 0.092613 0.900514 0.003831
3 3 0.001181 0.003298 0.106591 0.883649 0.005281
3 3 0.001589 0.004186 0.116715 0.870998 0.006513
3 3 0.001480 0.003954 0.114226 0.874145 0.006195
3 3 0.001130 0.003185 0.105175 0.885388 0.005121
3 3 0.001158 0.003247 0.105950 0.884437 0.005208
3 3 0.001500 0.003997 0.114689 0.873561 0.006253
3 3 0.001135 0.003195 0.105294 0.885242 0.005134
3 3 0.001074 0.003058 0.103543 0.887383 0.004941
3 3 0.000805 0.002426 0.094682 0.898059 0.004028
3 3 0.000917 0.002692 0.098585 0.893390 0.004416
3 3 0.000915 0.002688 0.098516 0.893472 0.004409
3 3 0.000829 0.002484 0.095555 0.897018 0.004113
3 3 0.000708 0.002188 0.090969 0.902456 0.003679
3 3 0.000436 0.001481 0.078071 0.917405 0.002607
3 3 0.000354 0.001251 0.073031 0.923119 0.002246
3 3 0.000318 0.001149 0.070617 0.925833 0.002083
3 3 0.000355 0.001254 0.073097 0.923044 0.002250
3 3 0.000433 0.001471 0.077862 0.917643 0.002591
3 3 0.000506 0.001670 0.081841 0.913085 0.002898
3 3 0.000538 0.001752 0.083405 0.911282 0.003024
3 3 0.000451 0.001522 0.078908 0.916449 0.002670
3 3 0.000517 0.001697 0.082364 0.912483 0.002940
3 3 0.000475 0.001585 0.080189 0.914982 0.002768
3 3 0.000478 0.001594 0.080371 0.914774 0.002782
3 3 0.000423 0.001444 0.077288 0.918297 0.002549
3 3 0.000515 0.001693 0.082284 0.912575 0.002933
3 3 0.000536 0.001749 0.083340 0.911356 0.003019
3 3 0.000695 0.002154 0.090412 0.903112 0.003628
3 3 0.000617 0.001957 0.087097 0.906995 0.003334
3 3 0.000639 0.002014 0.088076 0.905851 0.003419
3 3 0.000565 0.001824 0.084732 0.909745 0.003134
3 3 0.000657 0.002060 0.088852 0.904942 0.003488
3 3 0.000522 0.001712 0.082653 0.912149 0.002963
3 3 0.000460 0.001546 0.079407 0.915879 0.002708
3 3 0.000447 0.001510 0.078661 0.916731 0.002651
3 3 0.000486 0.001617 0.080807 0.914274 0.002816
3 3 0.000486 0.001615 0.080769 0.914317 0.002813
3 3 0.000495 0.001641 0.081275 0.913736 0.002853
3 3 0.000584 0.001873 0.085608 0.908729 0.003207
3 3 0.000632 0.001997 0.087781 0.906196 0.003394
3 3 0.000714 0.002203 0.091200 0.902183 0.003700
3 3 0.000990 0.002865 0.100971 0.890510 0.004664
3 3 0.002258 0.005545 0.129725 0.854132 0.008340
3 3 0.003969 0.008701 0.153009 0.821939 0.012382
3 3 0.004402 0.009448 0.157592 0.815250 0.013308
3 3 0.003811 0.008423 0.151230 0.824501 0.012035
3 3 0.005170 0.010737 0.164902 0.804307 0.014884
3 3 0.008505 0.015932 0.188841 0.765718 0.021004
3 3 0.007502 0.014427 0.182642 0.776163 0.019265
3 3 0.003343 0.007588 0.145611 0.832476 0.010982
3 3 0.002045 0.005124 0.125949 0.859103 0.007780
3 3 0.001984 0.005000 0.124806 0.860595 0.007615
3 3 0.002411 0.005844 0.132281 0.850731 0.008733
3 3 0.002412 0.005847 0.132309 0.850693 0.008738
3 3 0.002007 0.005047 0.125237 0.860033 0.007677
3 3 0.001773 0.004571 0.120660 0.865960 0.007037
3 3 0.001643 0.004300 0.117917 0.869470 0.006670
3 3 0.001434 0.003854 0.113122 0.875533 0.006057
3 3 0.001009 0.002909 0.101564 0.889791 0.004727
3 3 0.000743 0.002274 0.092334 0.900844 0.003805
3 3 0.000874 0.002590 0.097123 0.895145 0.004268
3 3 0.001073 0.003056 0.103511 0.887423 0.004937
3 3 0.001043 0.002986 0.102598 0.888535 0.004838
3 3 0.001056 0.003016 0.102992 0.888055 0.004881
3 3 0.001378 0.003735 0.111776 0.877219 0.005892
3 3 0.001667 0.004349 0.118418 0.868831 0.006736
3 3 0.001673 0.004363 0.118563 0.868645 0.006755
3 3 0.001091 0.003097 0.104041 0.886775 0.004995
3 3 0.000836 0.002499 0.095782 0.896748 0.004136
3 3 0.000721 0.002220 0.091479 0.901854 0.003726
3 3 0.000717 0.002210 0.091321 0.902040 0.003711
3 3 0.000757 0.002307 0.092861 0.900220 0.003855
3 3 0.000701 0.002169 0.090662 0.902817 0.003651
3 3 0.000670 0.002091 0.089376 0.904328 0.003535
3 3 0.000697 0.002160 0.090515 0.902990 0.003637
3 3 0.000627 0.001984 0.087559 0.906455 0.003374
3 3 0.000625 0.001978 0.087454 0.906578 0.003365
3 3 0.000662 0.002073 0.089064 0.904694 0.003507
3 3 0.000751 0.002293 0.092632 0.900492 0.003833
3 3 0.000849 0.002531 0.096261 0.896176 0.004183
3 3 0.000866 0.002572 0.096851 0.895470 0.004241
3 3 0.000923 0.002708 0.098800 0.893131 0.004438
3 3 0.000996 0.002877 0.101144 0.890301 0.004683
3 3 0.000954 0.002780 0.099814 0.891908 0.004543
3 3 0.001002 0.002891 0.101328 0.890077 0.004702
3 3 0.000893 0.002635 0.097765 0.894374 0.004333
3 3 0.000670 0.002092 0.089389 0.904313 0.003536
3 3 0.000378 0.001321 0.074622 0.921323 0.002356
3 3 0.000336 0.001201 0.071858 0.924440 0.002166
3 3 0.000381 0.001328 0.074776 0.921148 0.002367
3 3 0.000526 0.001722 0.082844 0.911929 0.002979
3 3 0.000655 0.002054 0.088747 0.905065 0.003479
3 3 0.000702 0.002173 0.090723 0.902745 0.003656
3 3 0.000957 0.002786 0.099897 0.891809 0.004552
3 3 0.001185 0.003308 0.106709 0.883503 0.005294
3 3 0.001108 0.003135 0.104535 0.886172 0.005050
3 3 0.000815 0.002448 0.095021 0.897656 0.004061
3 3 0.000651 0.002044 0.088586 0.905254 0.003464
3 3 0.000859 0.002554 0.096594 0.895778 0.004216
3 3 0.000970 0.002818 0.100331 0.891284 0.004597
3 3 0.001162 0.003256 0.106065 0.884296 0.005221
3 3 0.000774 0.002350 0.093518 0.899442 0.003917
3 3 0.000892 0.002634 0.097757 0.894383 0.004332
3 3 0.000784 0.002374 0.093899 0.898989 0.003953
3 3 0.000910 0.002677 0.098362 0.893657 0.004394
3 3 0.001445 0.003878 0.113387 0.875200 0.006090
3 3 0.001757 0.004537 0.120327 0.866387 0.006991
3 3 0.002086 0.005204 0.126688 0.858134 0.007888
3 3 0.002435 0.005890 0.132669 0.850211 0.008794
3 3 0.004775 0.010080 0.161262 0.809800 0.014084
3 3 0.010863 0.019324 0.201197 0.743770 0.024845
3 2 0.016133 0.030456 0.324971 0.599140 0.029301
2 1 0.013337 0.032139 0.518946 0.414592 0.020987
2 1 0.014719 0.037475 0.630402 0.297791 0.019613
2 1 0.014535 0.040067 0.735093 0.193965 0.016340
2 1 0.015615 0.044064 0.793103 0.132320 0.014897
2 2 0.019083 0.051196 0.801158 0.112231 0.016332
2 2 0.021244 0.055399 0.802949 0.103219 0.017189
2 2 0.025931 0.075403 0.809650 0.068614 0.020402
2 2 0.014313 0.045769 0.865347 0.063588 0.010983
2 2 0.009882 0.034994 0.893307 0.054293 0.007524
2 2 0.012039 0.040461 0.893893 0.045410 0.008197
2 2 0.014181 0.045500 0.889792 0.041050 0.009477
2 2 0.018891 0.058904 0.867519 0.038868 0.015818
2 2 0.014558 0.046363 0.875281 0.045571 0.018226
2 2 0.015749 0.053663 0.858843 0.039425 0.032321
2 2 0.025377 0.091712 0.801545 0.028057 0.053310
2 2 0.041421 0.155298 0.681405 0.015705 0.106171
2 2 0.042642 0.156656 0.676561 0.016621 0.107521
2 2 0.041687 0.159636 0.688749 0.017438 0.092491
2 2 0.048572 0.183724 0.680594 0.020174 0.066936
2 2 0.070088 0.225599 0.629273 0.022687 0.052353
2 2 0.069344 0.236425 0.624599 0.018416 0.051217
2 2 0.092124 0.193221 0.641852 0.026027 0.046776
2 2 0.059836 0.138588 0.752334 0.021894 0.027348
2 2 0.038099 0.095990 0.826809 0.022105 0.016997
2 2 0.026473 0.071045 0.863034 0.026815 0.012634
2 2 0.019061 0.056081 0.880781 0.033628 0.010450
2 1 0.022451 0.075224 0.862591 0.026440 0.013294
2 1 0.018109 0.066566 0.880371 0.023315 0.011639
2 1 0.011170 0.043504 0.916086 0.020609 0.008631
2 1 0.011285 0.045628 0.917251 0.017679 0.008157
2 1 0.015594 0.060950 0.896464 0.016301 0.010690
2 1 0.015831 0.056018 0.899924 0.018897 0.009331
2 1 0.016424 0.051774 0.896911 0.026156 0.008735
2 1 0.012353 0.042383 0.909679 0.028530 0.007055
2 1 0.014962 0.047719 0.894997 0.033644 0.008678
2 1 0.018436 0.054753 0.881910 0.034608 0.010293
2 2 0.024891 0.079885 0.850363 0.029823 0.015038
2 2 0.024011 0.084314 0.848215 0.027879 0.015581
2 2 0.023166 0.087110 0.845668 0.027855 0.016202
2 2 0.024460 0.092217 0.831134 0.033404 0.018785
2 2 0.022830 0.078907 0.838956 0.042049 0.017259
2 2 0.024102 0.078497 0.821351 0.056467 0.019582
2 2 0.022670 0.070590 0.825407 0.063169 0.018165
2 2 0.020659 0.061839 0.826535 0.074229 0.016738
2 2 0.020482 0.060226 0.836045 0.067702 0.015544
2 2 0.022819 0.068819 0.826908 0.063757 0.017697
2 2 0.022493 0.068515 0.825098 0.066005 0.017890
2 2 0.025112 0.076157 0.802808 0.074465 0.021459
2 2 0.024386 0.074616 0.787373 0.090628 0.022997
2 2 0.023168 0.071554 0.776002 0.105695 0.023581
2 2 0.021094 0.064998 0.786511 0.106305 0.021092
2 2 0.017388 0.050630 0.794719 0.120543 0.016720
2 2 0.013520 0.040410 0.812287 0.120896 0.012888
2 2 0.011658 0.036659 0.821503 0.118756 0.011425
2 2 0.008797 0.030616 0.843914 0.107794 0.008878
2 2 0.008123 0.028591 0.829370 0.125081 0.008835
2 3 0.010032 0.032730 0.812693 0.133890 0.010656
2 3 0.016111 0.044466 0.776677 0.146866 0.015880
2 3 0.017870 0.047955 0.779072 0.138296 0.016807
2 3 0.022966 0.055312 0.759293 0.142189 0.020240
2 2 0.076953 0.098888 0.660644 0.123008 0.040507
2 2 0.179385 0.140579 0.511143 0.103555 0.065338
2 0 0.254468 0.156040 0.438673 0.078671 0.072149
2 0 0.179472 0.154961 0.551705 0.058202 0.055660
2 0 0.110150 0.155997 0.641186 0.046390 0.046278
2 1 0.067188 0.173700 0.686877 0.030480 0.041754
2 1 0.068244 0.234261 0.619428 0.022932 0.055135
2 1 0.059985 0.262378 0.592165 0.016799 0.068673
2 1 0.036925 0.163990 0.732878 0.022141 0.044065
2 0 0.049717 0.145495 0.732168 0.036767 0.035853
2 0 0.086065 0.163489 0.661547 0.042994 0.045905
2 0 0.103137 0.169513 0.632510 0.044692 0.050149
2 1 0.067153 0.152403 0.700651 0.040168 0.039625
2 1 0.036017 0.122753 0.785069 0.030523 0.025639
2 1 0.030676 0.106956 0.814247 0.027502 0.020618
2 1 0.028962 0.109303 0.817234 0.024403 0.020098
2 2 0.026223 0.106285 0.828300 0.020989 0.018202
2 2 0.013258 0.049830 0.895830 0.032120 0.008963
2 2 0.015174 0.056985 0.884890 0.032437 0.010514
2 2 0.016456 0.058294 0.870867 0.042264 0.012119
2 2 0.015554 0.056521 0.871054 0.044862 0.012010
2 2 0.019014 0.056823 0.825705 0.082529 0.015929
2 2 0.019633 0.054776 0.808621 0.100237 0.016733
2 2 0.017481 0.049149 0.825824 0.093303 0.014243
2 2 0.016278 0.047231 0.837938 0.085502 0.013051
2 2 0.010376 0.035351 0.871736 0.073791 0.008746
2 2 0.011233 0.036865 0.857081 0.085025 0.009797
2 2 0.012647 0.039891 0.850953 0.085746 0.010763
2 2 0.012307 0.038863 0.844014 0.093912 0.010905
2 2 0.012257 0.038013 0.822406 0.115572 0.011751
2 2 0.021375 0.054120 0.770565 0.134832 0.019108
2 2 0.032621 0.070199 0.716895 0.152499 0.027787
2 2 0.039547 0.079009 0.691084 0.157662 0.032699
2 2 0.029320 0.062757 0.671272 0.207781 0.028871
2 2 0.022800 0.050779 0.626214 0.273653 0.026555
2 2 0.024682 0.051725 0.576963 0.316609 0.030021
2 2 0.029075 0.059972 0.619392 0.260151 0.031410
2 2 0.023916 0.053198 0.643444 0.252770 0.026673
2 2 0.018615 0.045856 0.681450 0.232822 0.021256
2 2 0.013041 0.037381 0.744441 0.190218 0.014919
2 2 0.011855 0.037064 0.820487 0.119012 0.011582
2 2 0.012258 0.039620 0.866236 0.072036 0.009850
2 2 0.013545 0.043211 0.878438 0.055169 0.009637
2 2 0.013876 0.044168 0.881572 0.050855 0.009528
2 2 0.011891 0.039948 0.891304 0.048537 0.008320
2 2 0.011711 0.039240 0.886301 0.054186 0.008562
2 2 0.013921 0.043826 0.873657 0.058537 0.010058
2 2 0.022060 0.059018 0.834688 0.068942 0.015292
2 2 0.026895 0.064846 0.787708 0.100161 0.020390
2 2 0.042491 0.085985 0.747341 0.096003 0.028180
2 2 0.066821 0.102362 0.684223 0.108275 0.038319
2 2 0.163005 0.140180 0.534390 0.100200 0.062225
2 0 0.212056 0.132260 0.423703 0.151734 0.080246
0 0 0.477479 0.115896 0.156451 0.132757 0.117417
0 0 0.641142 0.094598 0.077319 0.075891 0.111051
0 0 0.653382 0.107549 0.088251 0.050676 0.100142
0 1 0.498165 0.159293 0.154580 0.041338 0.146623
2 1 0.259991 0.236493 0.276275 0.030255 0.196986
1 2 0.147621 0.294447 0.269940 0.017140 0.270852
4 2 0.056258 0.262626 0.318204 0.014267 0.348645
2 2 0.053035 0.215679 0.414364 0.013513 0.303409
2 2 0.053571 0.202763 0.393842 0.013224 0.336600
4 4 0.051114 0.197443 0.345050 0.011046 0.395347
4 4 0.047236 0.153860 0.224003 0.008581 0.566320
4 4 0.038676 0.100307 0.129082 0.005952 0.725982
4 4 0.031886 0.075938 0.103675 0.005643 0.782858
4 4 0.028836 0.069602 0.099927 0.005252 0.796383
4 4 0.030464 0.074110 0.095985 0.004673 0.794768
4 4 0.036057 0.084137 0.107380 0.005991 0.766435
4 4 0.048862 0.121470 0.122616 0.007162 0.699889
4 4 0.062496 0.159174 0.164121 0.008798 0.605411
4 4 0.080996 0.200949 0.296482 0.012509 0.409064
4 1 0.132125 0.206839 0.294158 0.011689 0.355188
2 1 0.126607 0.187072 0.340945 0.014697 0.330679
2 1 0.109859 0.195505 0.349205 0.014034 0.331397
4 1 0.082662 0.177907 0.282983 0.013386 0.443062
4 1 0.070050 0.193219 0.260337 0.012731 0.463663
4 1 0.057875 0.244632 0.329018 0.015224 0.353250
2 1 0.048152 0.254585 0.395016 0.010816 0.291431
2 1 0.045211 0.245531 0.468092 0.010700 0.230465
2 1 0.044013 0.234385 0.518578 0.011325 0.191699
0 0 0.654485 0.101268 0.069949 0.060980 0.113318
0 0 0.456461 0.132444 0.136736 0.134123 0.140237
0 0 0.465825 0.134339 0.138563 0.124055 0.137218
2 0 0.209375 0.238034 0.379695 0.061439 0.111458
2 0 0.061176 0.231383 0.634780 0.021007 0.051654
2 0 0.024114 0.138499 0.801487 0.014441 0.021460
2 0 0.019916 0.087971 0.864272 0.015199 0.012642
2 0 0.020116 0.079093 0.872198 0.016934 0.011659
2 0 0.017738 0.058610 0.893182 0.021412 0.009059
2 0 0.018699 0.062437 0.889406 0.019990 0.009468
2 0 0.017726 0.058446 0.894069 0.020835 0.008924
2 0 0.013844 0.046512 0.911219 0.021480 0.006944
2 0 0.014800 0.048282 0.904802 0.024454 0.007662
2 0 0.035266 0.080021 0.832152 0.036034 0.016527
2 0 0.112167 0.127113 0.659440 0.060949 0.040332
2 0 0.279050 0.151360 0.356531 0.120493 0.092566
0 0 0.312949 0.123743 0.221621 0.218560 0.123127
3 0 0.246731 0.083749 0.195621 0.364937 0.108962
0 0 0.372905 0.078274 0.151730 0.286847 0.110244
0 0 0.438832 0.069481 0.128584 0.258580 0.104522
0 0 0.462778 0.079508 0.127088 0.218900 0.111725
0 0 0.423412 0.088878 0.142061 0.227666 0.117983
0 0 0.466213 0.124139 0.155513 0.130262 0.123873
2 0 0.112939 0.181284 0.597483 0.050020 0.058273
2 1 0.030754 0.146011 0.775049 0.021164 0.027022
2 1 0.015012 0.057973 0.885902 0.030646 0.010468
2 1 0.015849 0.065775 0.879257 0.027533 0.011587
2 1 0.015991 0.065754 0.873635 0.032217 0.012402
2 1 0.011428 0.043275 0.886239 0.049813 0.009246
2 2 0.010697 0.035604 0.857196 0.086985 0.009518
2 2 0.014898 0.044387 0.830404 0.097386 0.012925
2 2 0.017430 0.047059 0.777689 0.141204 0.016619
2 2 0.015200 0.042331 0.766374 0.160386 0.015708
2 2 0.016494 0.043539 0.726974 0.194947 0.018046
2 2 0.018724 0.047572 0.725733 0.188341 0.019631
2 2 0.019910 0.049644 0.724625 0.185366 0.020455
2 2 0.017235 0.046010 0.759070 0.160383 0.017302
2 2 0.013622 0.040042 0.794573 0.138128 0.013635
2 3 0.012896 0.039274 0.818317 0.117229 0.012285
2 3 0.012422 0.039240 0.847200 0.090313 0.010824
2 3 0.010451 0.035022 0.857306 0.087838 0.009383
2 3 0.008596 0.030559 0.860074 0.092534 0.008238
2 3 0.008810 0.030500 0.838306 0.113326 0.009057
2 3 0.010127 0.032149 0.780810 0.165279 0.011635
2 3 0.011182 0.032140 0.684087 0.257633 0.014958
2 3 0.008971 0.024635 0.531381 0.419468 0.015546
3 3 0.008015 0.020426 0.405707 0.549603 0.016248
3 3 0.006889 0.016963 0.329359 0.631180 0.015609
3 3 0.006313 0.015308 0.294785 0.668482 0.015113
3 3 0.004854 0.011164 0.206252 0.764172 0.013558
3 3 0.003963 0.009249 0.181139 0.793681 0.011968
3 3 0.003368 0.007633 0.145929 0.832030 0.011040
3 3 0.002366 0.005757 0.131547 0.851711 0.008619
3 3 0.001978 0.004988 0.124694 0.860740 0.007599
3 3 0.001859 0.004748 0.122399 0.863718 0.007276
3 3 0.001637 0.004288 0.117785 0.869637 0.006652
3 3 0.001232 0.003412 0.107988 0.881926 0.005441
3 3 0.001255 0.003465 0.108621 0.881144 0.005515
3 3 0.001447 0.003883 0.113442 0.875131 0.006097
3 3 0.001930 0.004892 0.123783 0.861925 0.007470
3 3 0.001235 0.003419 0.108066 0.881830 0.005450
3 3 0.001013 0.002917 0.101681 0.889648 0.004740
3 3 0.000741 0.002269 0.092264 0.900927 0.003799
3 3 0.000671 0.002095 0.089445 0.904247 0.003541
3 3 0.000644 0.002028 0.088304 0.905584 0.003439
3 3 0.000703 0.002175 0.090759 0.902703 0.003660
3 3 0.000806 0.002428 0.094722 0.898011 0.004032
3 3 0.001009 0.002907 0.101544 0.889815 0.004725
3 3 0.001036 0.002971 0.102393 0.888784 0.004816
3 3 0.000987 0.002857 0.100867 0.890635 0.004653
3 3 0.000772 0.002345 0.093446 0.899527 0.003910
3 3 0.000698 0.002162 0.090534 0.902968 0.003639
3 3 0.000613 0.001947 0.086923 0.907198 0.003319
3 3 0.000599 0.001912 0.086297 0.907927 0.003265
3 3 0.000492 0.001631 0.081098 0.913939 0.002839
3 3 0.000477 0.001591 0.080309 0.914845 0.002778
3 3 0.000534 0.001743 0.083226 0.911488 0.003009
3 3 0.000518 0.001700 0.082417 0.912421 0.002944
3 3 0.000462 0.001552 0.079519 0.915751 0.002717
3 3 0.000405 0.001396 0.076273 0.919451 0.002474
3 3 0.000391 0.001356 0.075397 0.920444 0.002411
3 3 0.000353 0.001250 0.073013 0.923139 0.002244
3 3 0.000303 0.001104 0.069504 0.927078 0.002011
3 3 0.000357 0.001261 0.073276 0.922842 0.002262
3 3 0.000414 0.001421 0.076815 0.918835 0.002514
3 3 0.000533 0.001740 0.083166 0.911557 0.003005
3 3 0.000442 0.001496 0.078373 0.917060 0.002630
3 3 0.000456 0.001534 0.079156 0.916165 0.002689
3 3 0.000445 0.001505 0.078572 0.916833 0.002645
3 3 0.000556 0.001802 0.084315 0.910229 0.003099
3 3 0.000490 0.001626 0.081000 0.914052 0.002832
3 3 0.000546 0.001775 0.083834 0.910786 0.003059
3 3 0.000483 0.001609 0.080659 0.914444 0.002805
3 3 0.000450 0.001518 0.078825 0.916544 0.002664
3 3 0.000447 0.001511 0.078696 0.916691 0.002654
3 3 0.000361 0.001272 0.073511 0.922578 0.002279
3 3 0.000379 0.001323 0.074677 0.921260 0.002360
3 3 0.000336 0.001200 0.071847 0.924452 0.002165
3 3 0.000362 0.001275 0.073598 0.922480 0.002285
3 3 0.000272 0.001011 0.067112 0.929745 0.001860
3 3 0.000226 0.000871 0.063249 0.934023 0.001631
3 3 0.000220 0.000853 0.062727 0.934598 0.001601
3 3 0.000354 0.001252 0.073049 0.923099 0.002247
3 3 0.000439 0.001488 0.078212 0.917244 0.002618
3 3 0.000522 0.001711 0.082633 0.912173 0.002961
3 3 0.000552 0.001791 0.084125 0.910449 0.003083
3 3 0.000571 0.001839 0.084991 0.909445 0.003155
3 3 0.000611 0.001942 0.086828 0.907308 0.003311
3 3 0.000541 0.001761 0.083563 0.911098 0.003037
3 3 0.000430 0.001463 0.077692 0.917837 0.002579
3 3 0.000557 0.001803 0.084345 0.910194 0.003101
3 3 0.000720 0.002216 0.091414 0.901931 0.003720
3 3 0.000910 0.002675 0.098343 0.893680 0.004392
3 3 0.000901 0.002655 0.098050 0.894032 0.004362
3 3 0.000832 0.002491 0.095662 0.896891 0.004124
3 3 0.000677 0.002109 0.089665 0.903989 0.003561
3 3 0.000672 0.002097 0.089469 0.904220 0.003543
3 3 0.000541 0.001762 0.083584 0.911074 0.003039
3 3 0.000626 0.001981 0.087499 0.906526 0.003369
3 3 0.000705 0.002180 0.090833 0.902616 0.003666
3 3 0.000799 0.002411 0.094452 0.898332 0.004006
3 3 0.003495 0.007862 0.147501 0.829813 0.011329
3 3 0.013814 0.023340 0.213563 0.720016 0.029267
3 3 0.052861 0.062623 0.351280 0.475087 0.058149
2 3 0.129743 0.113309 0.408627 0.265287 0.083034
2 3 0.209942 0.150821 0.392574 0.153052 0.093611
2 3 0.153317 0.171327 0.494788 0.100888 0.079680
2 0 0.089706 0.187780 0.585218 0.069281 0.068016
2 0 0.086487 0.243469 0.540219 0.047780 0.082046
2 0 0.054184 0.222452 0.608537 0.032748 0.082080
2 0 0.038947 0.188699 0.694972 0.020209 0.057173
2 2 0.030712 0.142226 0.741445 0.014736 0.070881
2 2 0.028304 0.144679 0.744864 0.012491 0.069661
2 2 0.038655 0.200133 0.628070 0.011610 0.121532
2 2 0.040308 0.194655 0.626810 0.012568 0.125658
2 2 0.046637 0.215914 0.553898 0.014200 0.169351
2 2 0.039954 0.174835 0.639023 0.012026 0.134162
2 2 0.046621 0.201791 0.492967 0.011333 0.247288
2 2 0.045798 0.197302 0.503075 0.011032 0.242793
2 4 0.046836 0.201965 0.410590 0.009750 0.330859
2 4 0.045317 0.200648 0.407887 0.008952 0.337196
4 4 0.044984 0.186873 0.296632 0.007782 0.463729
4 4 0.046236 0.187866 0.318799 0.008442 0.438658
4 4 0.045540 0.185065 0.289075 0.007975 0.472344
4 4 0.045738 0.189767 0.303373 0.008137 0.452985
4 4 0.046287 0.168765 0.227780 0.008134 0.549034
4 4 0.048231 0.164914 0.205406 0.008979 0.572471
4 4 0.046031 0.146225 0.142967 0.008359 0.656419
4 4 0.047744 0.159209 0.150369 0.008980 0.633698
4 4 0.046414 0.160267 0.148012 0.008411 0.636895
4 4 0.048122 0.182070 0.157742 0.009018 0.603049
4 4 0.047363 0.186382 0.167402 0.008633 0.590220
4 4 0.049264 0.214696 0.196868 0.009394 0.529778
4 4 0.046988 0.202337 0.216896 0.008389 0.525390
4 4 0.043655 0.145676 0.138070 0.007415 0.665184
4 4 0.041294 0.122527 0.126044 0.006744 0.703392
4 4 0.038181 0.109220 0.115534 0.005796 0.731270
4 4 0.035373 0.108119 0.109687 0.004902 0.741919
4 4 0.033589 0.098623 0.103011 0.004466 0.760310
4 4 0.042922 0.139410 0.134673 0.007187 0.675809
4 4 0.048832 0.165355 0.154392 0.009415 0.622006
4 4 0.055885 0.251526 0.265382 0.013203 0.414004
2 4 0.055490 0.233750 0.357313 0.014086 0.339361
2 4 0.055800 0.259999 0.444721 0.017773 0.221707
2 2 0.050375 0.252148 0.547754 0.019749 0.129974
2 1 0.036453 0.182421 0.710920 0.018840 0.051366
2 1 0.036650 0.176001 0.716012 0.018946 0.052390
2 2 0.040153 0.195113 0.681253 0.020007 0.063474
2 2 0.042196 0.234957 0.634754 0.020834 0.067260
2 2 0.037056 0.231860 0.653514 0.016552 0.061019
2 2 0.029696 0.209326 0.709873 0.014580 0.036525
2 0 0.029386 0.176323 0.746780 0.016608 0.030902
2 0 0.037894 0.167988 0.740452 0.021048 0.032618
2 0 0.065589 0.147313 0.711150 0.038651 0.037298
2 0 0.153966 0.155540 0.574729 0.060724 0.055040
2 0 0.239349 0.158947 0.449455 0.079539 0.072710
0 0 0.409167 0.158803 0.258213 0.075434 0.098383
0 0 0.620265 0.129567 0.106279 0.041070 0.102819
0 0 0.575033 0.157535 0.121710 0.034711 0.111011
0 0 0.475488 0.200557 0.175265 0.032895 0.115794
2 0 0.023190 0.086420 0.846713 0.027674 0.016002
2 0 0.024148 0.091754 0.844308 0.023715 0.016074
2 0 0.024463 0.098896 0.840632 0.019753 0.016256
2 0 0.021698 0.085762 0.861289 0.018060 0.013191
2 0 0.016261 0.061325 0.893013 0.020093 0.009308
2 0 0.016593 0.061448 0.890175 0.022072 0.009712
2 1 0.017639 0.065807 0.883433 0.022510 0.010610
2 1 0.016334 0.058109 0.890010 0.025816 0.009731
2 2 0.013190 0.044144 0.904930 0.030166 0.007571
2 2 0.012284 0.042050 0.907891 0.030571 0.007204
2 2 0.013648 0.045277 0.904441 0.028975 0.007659
2 2 0.015846 0.050258 0.895201 0.029939 0.008756
2 2 0.014652 0.047406 0.900014 0.029762 0.008166
2 2 0.012171 0.041408 0.903343 0.035523 0.007556
2 2 0.010787 0.037959 0.905256 0.038879 0.007119
2 2 0.011878 0.040122 0.894926 0.044989 0.008085
2 2 0.013049 0.042648 0.889069 0.046443 0.008791
2 2 0.013161 0.042711 0.885610 0.049462 0.009056
2 2 0.011824 0.039635 0.888559 0.051515 0.008467
2 2 0.012970 0.042169 0.884153 0.051613 0.009096
2 2 0.015066 0.046839 0.879942 0.048202 0.009951
2 2 0.016510 0.049704 0.873562 0.049448 0.010776
2 2 0.014841 0.046157 0.877378 0.051544 0.010081
2 2 0.016563 0.049419 0.867413 0.055346 0.011259
2 2 0.018819 0.055657 0.858508 0.054210 0.012806
2 2 0.017945 0.054299 0.855929 0.058903 0.012923
2 2 0.013371 0.042253 0.867553 0.066596 0.010227
2 2 0.011983 0.038836 0.862749 0.076531 0.009900
2 2 0.012488 0.040187 0.866959 0.070456 0.009910
2 2 0.013820 0.042837 0.858239 0.074187 0.010917
2 2 0.014589 0.044391 0.854880 0.074728 0.011411
2 2 0.023757 0.059358 0.789720 0.108100 0.019065
2 2 0.038094 0.079574 0.731859 0.121720 0.028754
2 3 0.061930 0.102842 0.629483 0.159545 0.046199
2 2 0.061798 0.102718 0.615296 0.172134 0.048054
2 0 0.066539 0.126754 0.627301 0.126377 0.053030
2 0 0.077119 0.175216 0.589136 0.090010 0.068519
2 0 0.058508 0.186307 0.645828 0.052866 0.056491
2 0 0.043373 0.172836 0.709214 0.033448 0.041128
2 0 0.029106 0.131739 0.794491 0.020984 0.023680
2 1 0.020815 0.090087 0.848437 0.024649 0.016012
2 1 0.019645 0.083729 0.855841 0.025813 0.014972
2 1 0.016651 0.065661 0.874696 0.030849 0.012142
2 1 0.017096 0.067303 0.871500 0.031491 0.012611
2 1 0.016052 0.063811 0.876821 0.031469 0.011847
2 1 0.017777 0.070548 0.866138 0.032097 0.013440
2 1 0.015596 0.061470 0.874205 0.036611 0.012118
2 1 0.014291 0.058392 0.880400 0.035633 0.011285
2 1 0.012118 0.047899 0.890525 0.040020 0.009437
2 1 0.012363 0.046819 0.886448 0.044722 0.009649
2 2 0.012907 0.044774 0.884830 0.048040 0.009448
2 2 0.014575 0.049805 0.881505 0.043858 0.010257
2 2 0.013409 0.043523 0.885857 0.048072 0.009138
2 2 0.013747 0.046045 0.884869 0.045793 0.009547
2 2 0.014747 0.052795 0.878252 0.043288 0.010918
2 2 0.014451 0.058801 0.882343 0.033354 0.011051
2 2 0.014174 0.058245 0.884084 0.032666 0.010832
2 2 0.013493 0.050156 0.888292 0.038305 0.009753
2 2 0.013015 0.043961 0.884879 0.048830 0.009314
2 2 0.013812 0.043518 0.872596 0.059986 0.010088
2 2 0.013500 0.041379 0.840369 0.093084 0.011668
2 2 0.019343 0.050283 0.767818 0.144394 0.018162
2 2 0.026062 0.060846 0.739772 0.150113 0.023207
2 2 0.022640 0.054939 0.737820 0.163110 0.021492
2 2 0.021553 0.053833 0.756605 0.148076 0.019933
2 2 0.022069 0.056756 0.780874 0.121158 0.019144
2 2 0.023235 0.068337 0.804049 0.084373 0.020005
2 0 0.027688 0.079455 0.801004 0.069939 0.021914
2 0 0.024821 0.070657 0.820896 0.065189 0.018437
2 0 0.014604 0.045050 0.867418 0.062253 0.010675
2 0 0.017096 0.050518 0.866251 0.054652 0.011483
2 1 0.015361 0.047686 0.882350 0.044773 0.009830
2 1 0.025079 0.070431 0.848309 0.041251 0.014929
2 1 0.034933 0.081760 0.818606 0.045996 0.018705
2 1 0.081371 0.113452 0.718921 0.054273 0.031984
2 1 0.152054 0.141893 0.573355 0.078086 0.054612
2 1 0.198125 0.149216 0.462290 0.114319 0.076050
2 0 0.208735 0.140809 0.376330 0.178746 0.095380
2 0 0.201384 0.138036 0.353987 0.205304 0.101289
2 0 0.164285 0.129066 0.382133 0.230608 0.093908
2 0 0.097379 0.121160 0.567987 0.154565 0.058909
2 0 0.041601 0.085881 0.744104 0.099845 0.028570
2 0 0.024470 0.063330 0.832524 0.063666 0.016011
2 0 0.017189 0.049861 0.851925 0.068492 0.012532
2 2 0.018616 0.057277 0.851561 0.054423 0.018122
2 2 0.024392 0.087435 0.825821 0.029933 0.032418
2 2 0.027902 0.113280 0.793237 0.019609 0.045972
2 2 0.036464 0.165638 0.703065 0.013943 0.080891
2 2 0.040070 0.196081 0.642487 0.013761 0.107601
2 2 0.040117 0.218720 0.600943 0.012012 0.128208
2 2 0.041938 0.238981 0.571111 0.012658 0.135313
2 2 0.042615 0.239243 0.595352 0.015347 0.107442
2 2 0.042908 0.245833 0.582663 0.014943 0.113654
2 2 0.043236 0.245296 0.531984 0.011754 0.167730
2 2 0.041765 0.240835 0.525149 0.010325 0.181926
2 2 0.047921 0.251168 0.422409 0.011222 0.267279
2 4 0.050756 0.245098 0.368726 0.011638 0.323782
4 4 0.055731 0.239569 0.297654 0.013352 0.393694
4 4 0.050565 0.199745 0.315653 0.010477 0.423559
4 4 0.049228 0.166256 0.201281 0.009425 0.573810
4 4 0.051053 0.154542 0.178619 0.008960 0.606826
4 4 0.048768 0.140356 0.150142 0.009082 0.651652
4 4 0.057589 0.203264 0.296811 0.014016 0.428319
4 4 0.056664 0.202743 0.275281 0.013415 0.451897
4 4 0.054229 0.220220 0.318002 0.012568 0.394981
4 4 0.045809 0.142051 0.173007 0.008127 0.631006
4 4 0.045240 0.125277 0.179246 0.007988 0.642248
4 4 0.040812 0.098091 0.137372 0.006987 0.716738
4 4 0.054309 0.109526 0.148151 0.010748 0.677266
4 4 0.080822 0.081928 0.083467 0.006236 0.747546
4 4 0.112732 0.084763 0.068563 0.004932 0.729011
4 4 0.116408 0.094917 0.073156 0.005251 0.710269
4 4 0.119952 0.131892 0.125452 0.008144 0.614560
4 4 0.102055 0.137245 0.133392 0.008282 0.619026
4 1 0.105646 0.165865 0.180182 0.010736 0.537571
4 1 0.127650 0.185524 0.156054 0.010037 0.520734
2 0 0.054262 0.181463 0.454968 0.014854 0.294453
2 0 0.085048 0.190216 0.542150 0.038474 0.144111
2 0 0.099696 0.148103 0.608038 0.087215 0.056949
2 1 0.097217 0.121194 0.577803 0.146562 0.057224
4 1 0.085452 0.258921 0.228644 0.013154 0.413829
1 1 0.069480 0.322286 0.279841 0.012732 0.315662
2 1 0.034648 0.218976 0.652821 0.011638 0.081917
2 1 0.029746 0.195552 0.706075 0.010665 0.057961
2 1 0.028527 0.187980 0.721605 0.010654 0.051234
2 2 0.026406 0.175430 0.744607 0.010185 0.043372
2 2 0.025408 0.164712 0.760181 0.010077 0.039623
2 2 0.023800 0.147068 0.787001 0.010430 0.031701
2 2 0.022801 0.137559 0.803571 0.011542 0.024528
2 2 0.021619 0.129786 0.816413 0.011854 0.020328
2 2 0.020574 0.121132 0.829070 0.012250 0.016975
2 2 0.019463 0.105015 0.848548 0.012550 0.014423
2 2 0.019081 0.103640 0.850966 0.012257 0.014055
2 2 0.023748 0.131168 0.810121 0.014729 0.020234
2 2 0.027217 0.128246 0.803466 0.019084 0.021986
2 2 0.052653 0.141227 0.741250 0.032576 0.032293
2 2 0.136535 0.145636 0.600079 0.066392 0.051357
2 2 0.309144 0.158113 0.367444 0.082572 0.082727
0 0 0.564406 0.127505 0.134746 0.067112 0.106231
0 0 0.642888 0.105762 0.079056 0.060961 0.111333
0 0 0.680402 0.095666 0.062348 0.053527 0.108056
0 0 0.581319 0.133957 0.108321 0.057462 0.118941
0 0 0.360085 0.239546 0.226156 0.041939 0.132273
1 0 0.232296 0.352715 0.259977 0.018801 0.136210
2 0 0.057016 0.317522 0.436941 0.021883 0.166638
2 0 0.043874 0.286019 0.569980 0.019500 0.080626
2 1 0.037126 0.209857 0.676369 0.017251 0.059396
2 1 0.031495 0.152918 0.764599 0.020090 0.030898
2 1 0.028109 0.120063 0.804421 0.024724 0.022683
2 2 0.026998 0.107747 0.814020 0.029701 0.021533
2 2 0.025274 0.101561 0.823301 0.029792 0.020072
2 2 0.025727 0.109483 0.815953 0.027577 0.021260
2 2 0.035910 0.163447 0.741755 0.025211 0.033677
2 2 0.046258 0.165098 0.716177 0.033411 0.039057
2 2 0.118561 0.188232 0.585452 0.047401 0.060353
2 0 0.209901 0.172255 0.448959 0.087334 0.081551
0 0 0.329799 0.160857 0.289827 0.112276 0.107241
0 0 0.420960 0.141682 0.167027 0.135081 0.135249
0 0 0.375380 0.127026 0.167383 0.191449 0.138762
0 0 0.333863 0.115118 0.180660 0.238383 0.131976
0 0 0.325018 0.142631 0.288195 0.139644 0.104512
2 0 0.215032 0.162016 0.481175 0.072856 0.068922
2 0 0.123883 0.157786 0.607436 0.058148 0.052747
2 0 0.113126 0.161587 0.604701 0.064524 0.056062
2 0 0.126473 0.180833 0.574902 0.055684 0.062108
2 0 0.185525 0.190044 0.486967 0.061508 0.075955
2 0 0.181949 0.150282 0.508281 0.092776 0.066711
2 0 0.189693 0.131048 0.421575 0.174575 0.083110
2 0 0.296160 0.143284 0.345454 0.123973 0.091130
0 0 0.424722 0.151514 0.268829 0.067082 0.087853
0 0 0.461784 0.147325 0.252722 0.055602 0.082567
0 0 0.365342 0.165686 0.293150 0.042160 0.133662
2 1 0.164282 0.214716 0.399261 0.021772 0.199969
2 1 0.060742 0.212094 0.510715 0.014885 0.201564
2 4 0.051267 0.242484 0.420066 0.013029 0.273154
2 4 0.049782 0.230797 0.391216 0.011306 0.316898
4 4 0.045299 0.190772 0.322845 0.008071 0.433014
4 4 0.041450 0.162993 0.323513 0.006521 0.465523
4 4 0.041803 0.135603 0.199214 0.006526 0.616854
4 4 0.046999 0.147775 0.197406 0.008528 0.599291
4 4 0.056959 0.053048 0.072803 0.005403 0.811788
4 4 0.061457 0.052974 0.077332 0.006492 0.801744
4 4 0.047431 0.039062 0.048204 0.002519 0.862783
4 4 0.054855 0.054512 0.060982 0.003384 0.826267
4 4 0.030438 0.046977 0.062954 0.002794 0.856837
4 4 0.027612 0.041066 0.056437 0.002339 0.872546
4 4 0.033731 0.047289 0.073396 0.004227 0.841356
4 4 0.085078 0.066509 0.064684 0.004437 0.779293
4 4 0.092571 0.071839 0.068536 0.005002 0.762052
4 4 0.155835 0.082911 0.059439 0.004726 0.697089
4 4 0.193556 0.099563 0.067318 0.006369 0.633193
4 4 0.231409 0.092775 0.045121 0.003195 0.627500
4 4 0.136475 0.089135 0.051922 0.002878 0.719590
4 4 0.109960 0.074626 0.041747 0.001759 0.771908
4 4 0.022448 0.035720 0.042074 0.001235 0.898524
4 4 0.018292 0.025622 0.029114 0.000665 0.926307
4 4 0.014212 0.021116 0.029367 0.000700 0.934604
4 4 0.010626 0.016350 0.027779 0.000668 0.944577
4 4 0.015381 0.018966 0.033586 0.001124 0.930943
4 4 0.016818 0.019849 0.037082 0.001418 0.924834
4 4 0.025380 0.022907 0.037954 0.001691 0.912069
4 4 0.047928 0.030234 0.038414 0.002031 0.881392
4 4 0.057261 0.029851 0.030351 0.001376 0.881160
4 4 0.048900 0.029965 0.032074 0.001374 0.887687
4 4 0.030397 0.029393 0.038118 0.001473 0.900620
4 4 0.041524 0.038278 0.038149 0.001409 0.880640
4 4 0.058074 0.055034 0.051946 0.002464 0.832482
4 4 0.068693 0.070451 0.072985 0.004715 0.783155
4 0 0.057897 0.079356 0.099025 0.007504 0.756218
4 0 0.065228 0.125149 0.246852 0.010701 0.552071
2 4 0.067489 0.179726 0.385645 0.012121 0.355019
4 4 0.052061 0.151146 0.345981 0.011460 0.439352
4 4 0.056192 0.124590 0.162960 0.010602 0.645656
4 4 0.037194 0.068772 0.097757 0.006133 0.790144
4 4 0.038820 0.071625 0.101799 0.006667 0.781089
4 4 0.026583 0.052261 0.072129 0.003183 0.845844
4 4 0.020666 0.041514 0.061273 0.002331 0.874216
4 4 0.015736 0.031347 0.050636 0.001678 0.900603
4 4 0.018302 0.036699 0.048038 0.001409 0.895552
4 4 0.018806 0.041697 0.053690 0.001616 0.884192
4 4 0.023494 0.054703 0.072185 0.002774 0.846843
4 4 0.018106 0.041663 0.062895 0.002232 0.875104
4 4 0.024036 0.048077 0.065842 0.002588 0.859457
4 4 0.028221 0.059579 0.076531 0.003274 0.832395
4 4 0.033110 0.067799 0.068963 0.002537 0.827590
4 4 0.027168 0.066358 0.077090 0.002890 0.826494
4 4 0.027424 0.074701 0.080064 0.002829 0.814982
4 4 0.023929 0.069011 0.074025 0.002348 0.830687
4 4 0.024082 0.066971 0.073435 0.002389 0.833123
4 4 0.018482 0.046567 0.064025 0.002100 0.868825
4 4 0.015982 0.039869 0.054111 0.001528 0.888510
4 4 0.014129 0.036174 0.065835 0.002384 0.881479
4 4 0.014010 0.036215 0.068833 0.002612 0.878330
4 4 0.019630 0.049129 0.076626 0.003099 0.851516
4 4 0.020447 0.038082 0.048927 0.001525 0.891019
4 4 0.059850 0.052603 0.058823 0.003513 0.825211
4 1 0.085320 0.053065 0.065139 0.005730 0.790745
4 1 0.123842 0.105567 0.255861 0.012245 0.502485
4 1 0.169125 0.128198 0.255704 0.012171 0.434803
4 1 0.159192 0.169534 0.289247 0.013576 0.368452
2 1 0.035563 0.189845 0.677893 0.012447 0.084253
2 1 0.034904 0.185943 0.681961 0.011864 0.085328
2 1 0.034480 0.187723 0.677518 0.011170 0.089110
2 1 0.032751 0.181842 0.693195 0.010614 0.081598
2 1 0.033218 0.182276 0.686367 0.010422 0.087716
2 1 0.035966 0.192905 0.644079 0.010161 0.116890
2 1 0.036377 0.194802 0.640913 0.010374 0.117534
2 1 0.037149 0.195642 0.652770 0.011949 0.102490
2 1 0.037788 0.188557 0.672098 0.013955 0.087602
2 1 0.040289 0.194183 0.659935 0.015822 0.089771
2 1 0.038696 0.195031 0.665011 0.014778 0.086484
2 1 0.037953 0.200001 0.665294 0.014573 0.082178
2 1 0.034648 0.181247 0.699901 0.013354 0.070850
2 1 0.032073 0.171996 0.723235 0.012702 0.059995
2 1 0.028720 0.162298 0.746218 0.011084 0.051681
2 1 0.036079 0.193084 0.691576 0.015621 0.063641
2 1 0.042303 0.161953 0.723172 0.032732 0.039840
2 1 0.104983 0.173433 0.611163 0.054180 0.056241
2 1 0.166332 0.186835 0.509953 0.063671 0.073209
2 1 0.200433 0.214307 0.427351 0.063579 0.094330
2 0 0.254082 0.225882 0.306419 0.081480 0.132137
0 0 0.298965 0.247960 0.240655 0.061317 0.151104
2 0 0.179709 0.287500 0.371275 0.042021 0.119494
2 0 0.112123 0.324908 0.446476 0.021788 0.094705
2 0 0.045468 0.209703 0.677820 0.022145 0.044864
2 0 0.032223 0.171356 0.744092 0.020014 0.032315
2 0 0.030767 0.090639 0.824871 0.034975 0.018748
2 0 0.035073 0.097099 0.808967 0.037780 0.021082
2 1 0.037436 0.083375 0.792087 0.064716 0.022385
2 0 0.031087 0.073660 0.807425 0.068079 0.019748
2 0 0.025072 0.062758 0.807244 0.086635 0.018291
2 0 0.037616 0.119002 0.760826 0.051433 0.031124
2 1 0.037523 0.146518 0.738999 0.040638 0.036322
2 2 0.031835 0.143166 0.774417 0.023160 0.027422
2 2 0.020731 0.082647 0.850434 0.030373 0.015816
2 2 0.015981 0.057881 0.885057 0.030644 0.010438
2 2 0.017911 0.064183 0.875251 0.030847 0.011808
2 2 0.019697 0.071517 0.866911 0.028853 0.013022
2 2 0.014875 0.051872 0.884694 0.038415 0.010143
2 2 0.016035 0.062322 0.882297 0.028339 0.011007
2 2 0.020712 0.080882 0.857820 0.026149 0.014438
2 2 0.028994 0.100009 0.824752 0.027302 0.018944
2 2 0.032534 0.102655 0.812392 0.031581 0.020838
2 2 0.031404 0.093668 0.816761 0.037941 0.020225
2 2 0.033738 0.105058 0.804852 0.034161 0.022191
2 2 0.037096 0.133546 0.768715 0.031750 0.028893
2 2 0.033655 0.136513 0.776261 0.026267 0.027304
2 2 0.031197 0.138625 0.781386 0.022690 0.026102
2 2 0.022115 0.086755 0.853940 0.022492 0.014698
2 2 0.021293 0.078345 0.859917 0.026475 0.013969
2 3 0.019261 0.066669 0.869421 0.032094 0.012555
2 3 0.015940 0.050237 0.879323 0.044124 0.010376
2 3 0.012609 0.041377 0.885485 0.051628 0.008902
2 3 0.011689 0.038906 0.880482 0.060042 0.008880
2 3 0.009629 0.033798 0.879726 0.068798 0.008049
2 3 0.008634 0.031064 0.873680 0.078834 0.007787
2 3 0.007711 0.028780 0.877661 0.078711 0.007138
2 3 0.008367 0.029941 0.858622 0.094923 0.008147
2 3 0.008607 0.029808 0.830506 0.121934 0.009146
2 3 0.008112 0.027482 0.779024 0.175339 0.010044
2 3 0.009550 0.024557 0.474615 0.474008 0.017270
2 3 0.007382 0.021456 0.527829 0.429799 0.013534
2 3 0.006410 0.019977 0.562234 0.399629 0.011751
2 3 0.004976 0.016907 0.573963 0.394530 0.009625
2 3 0.005016 0.016771 0.555876 0.412460 0.009877
3 3 0.004650 0.014958 0.478432 0.491843 0.010117
3 3 0.004256 0.012947 0.387942 0.584531 0.010324
3 3 0.003486 0.010335 0.309292 0.667327 0.009561
3 3 0.004057 0.010772 0.261432 0.712529 0.011210
3 3 0.003890 0.010219 0.245462 0.729396 0.011033
3 3 0.004384 0.010668 0.220589 0.751984 0.012375
3 3 0.004150 0.010247 0.219217 0.754493 0.011893
3 3 0.005491 0.012778 0.235782 0.731526 0.014423
3 3 0.008112 0.017625 0.270342 0.685276 0.018645
3 3 0.009916 0.020129 0.265873 0.682352 0.021729
3 3 0.008490 0.017534 0.245163 0.709042 0.019771
3 3 0.005757 0.011696 0.169920 0.796588 0.016040
3 3 0.004967 0.010401 0.163063 0.807093 0.014476
3 3 0.004230 0.009153 0.155818 0.817855 0.012944
3 3 0.003512 0.007892 0.147708 0.829521 0.011367
3 3 0.002188 0.005408 0.128521 0.855724 0.008159
3 3 0.002202 0.005435 0.128759 0.855409 0.008194
3 3 0.002109 0.005250 0.127106 0.857587 0.007949
3 3 0.002074 0.005181 0.126478 0.858409 0.007857
3 3 0.001842 0.004713 0.122058 0.864159 0.007229
3 3 0.002319 0.005665 0.130759 0.852760 0.008498
3 3 0.002226 0.005483 0.129177 0.854858 0.008257
3 3 0.002473 0.005965 0.133288 0.849382 0.008892
3 3 0.001515 0.004029 0.115043 0.873114 0.006298
3 3 0.001182 0.003302 0.106634 0.883596 0.005286
3 3 0.000815 0.002449 0.095041 0.897632 0.004063
3 3 0.000689 0.002140 0.090185 0.903379 0.003607
3 3 0.000530 0.001734 0.083057 0.911683 0.002996
3 3 0.000698 0.002161 0.090526 0.902977 0.003638
3 3 0.000672 0.002098 0.089488 0.904197 0.003545
3 3 0.000835 0.002497 0.095756 0.896778 0.004133
