0 0 0.759928 0.074047 0.050718 0.063224 0.052082
0 0 0.638463 0.108306 0.095240 0.093382 0.064609
0 0 0.677108 0.108583 0.069347 0.050606 0.094355
0 0 0.718402 0.085881 0.051656 0.038293 0.105768
0 0 0.761490 0.070320 0.041679 0.033506 0.093005
0 0 0.823228 0.049751 0.029760 0.031210 0.066050
0 0 0.710750 0.087007 0.051316 0.035098 0.115830
0 0 0.693835 0.084332 0.049747 0.039077 0.133010
0 0 0.681217 0.089448 0.053167 0.040948 0.135220
0 0 0.654481 0.112637 0.065961 0.033398 0.133523
0 0 0.585383 0.144174 0.082029 0.027562 0.160852
0 0 0.559742 0.137234 0.074423 0.022982 0.205620
0 0 0.576024 0.128377 0.069136 0.022351 0.204112
0 0 0.537162 0.143258 0.076705 0.021427 0.221448
0 0 0.453851 0.149291 0.081097 0.026942 0.288819
4 0 0.225580 0.179646 0.099994 0.021076 0.473703
4 0 0.098757 0.141013 0.113964 0.011150 0.635116
4 0 0.067156 0.112474 0.105551 0.006135 0.708684
4 0 0.044074 0.102701 0.126861 0.003649 0.722715
4 0 0.037706 0.127164 0.205122 0.003495 0.626513
4 0 0.027864 0.134277 0.281655 0.002558 0.553647
4 0 0.023852 0.140538 0.345640 0.002438 0.487532
4 0 0.022525 0.147906 0.400971 0.002785 0.425814
4 0 0.025020 0.146883 0.368873 0.003134 0.456091
2 1 0.026928 0.163496 0.424680 0.004423 0.380473
4 1 0.030858 0.158778 0.370032 0.005049 0.435282
4 1 0.031820 0.157720 0.354032 0.004875 0.451553
4 1 0.036326 0.161197 0.379653 0.008036 0.414789
4 1 0.036853 0.156063 0.397294 0.009541 0.400248
2 1 0.035578 0.140847 0.417601 0.012574 0.393400
4 0 0.033107 0.128472 0.257355 0.005232 0.575834
2 0 0.037092 0.133589 0.411253 0.015108 0.402958
4 1 0.047394 0.157639 0.388985 0.015574 0.390409
2 1 0.055012 0.165505 0.526752 0.041892 0.210838
4 0 0.077106 0.220478 0.297811 0.013196 0.391409
4 0 0.081589 0.225952 0.292095 0.012784 0.387580
2 1 0.080194 0.203954 0.385444 0.028681 0.301727
2 0 0.077768 0.195408 0.395566 0.032087 0.299172
2 0 0.053848 0.162090 0.414384 0.022752 0.346927
2 0 0.038664 0.128868 0.481957 0.023304 0.327208
2 0 0.026730 0.088426 0.687515 0.064906 0.132422
2 1 0.021702 0.069071 0.727699 0.104011 0.077517
2 1 0.018054 0.051020 0.715757 0.167032 0.048138
2 1 0.014214 0.035263 0.684180 0.234833 0.031509
2 1 0.017625 0.027562 0.511125 0.417414 0.026274
3 0 0.042052 0.026027 0.235113 0.668804 0.028004
3 0 0.096664 0.028875 0.184590 0.662947 0.026924
3 0 0.138263 0.021170 0.121285 0.698661 0.020620
3 0 0.206168 0.016804 0.079586 0.679765 0.017677
3 0 0.196177 0.009018 0.043695 0.738473 0.012638
3 0 0.349995 0.014089 0.044342 0.570796 0.020778
3 0 0.320333 0.011361 0.037944 0.610720 0.019642
3 0 0.254654 0.011364 0.044665 0.672501 0.016815
3 0 0.227988 0.011159 0.043987 0.698023 0.018844
3 0 0.401726 0.034503 0.074758 0.429572 0.059441
0 0 0.448541 0.051642 0.081097 0.295705 0.123015
3 0 0.232791 0.029998 0.092095 0.573033 0.072083
3 0 0.080307 0.007141 0.049923 0.848895 0.013734
3 0 0.029251 0.002250 0.030499 0.934506 0.003494
3 0 0.080246 0.007428 0.055932 0.846142 0.010252
0 1 0.559593 0.043674 0.058834 0.265076 0.072823
3 1 0.421060 0.028546 0.058870 0.446137 0.045387
0 0 0.495186 0.023127 0.043584 0.401486 0.036618
0 0 0.583597 0.037446 0.054578 0.259550 0.064829
0 0 0.733468 0.044824 0.042857 0.107850 0.071001
0 0 0.817834 0.049241 0.031031 0.039386 0.062508
0 0 0.853735 0.042064 0.025714 0.030476 0.048011
0 0 0.896135 0.033862 0.021083 0.023211 0.025709
0 0 0.917078 0.026081 0.016727 0.022943 0.017172
0 0 0.890523 0.040167 0.026413 0.025119 0.017778
0 0 0.852849 0.053433 0.037463 0.038024 0.018232
0 0 0.801031 0.064889 0.054237 0.061055 0.018787
0 0 0.705821 0.046656 0.066709 0.162495 0.018318
0 0 0.723749 0.026422 0.043099 0.194107 0.012623
0 0 0.615419 0.014788 0.037979 0.325060 0.006754
0 0 0.549198 0.019121 0.056155 0.368514 0.007011
0 0 0.527971 0.017045 0.052142 0.396917 0.005925
0 0 0.545168 0.023217 0.061675 0.362668 0.007273
0 0 0.662597 0.047148 0.072545 0.203960 0.013750
0 0 0.624761 0.100238 0.105042 0.136586 0.033373
0 0 0.536474 0.146854 0.138402 0.115379 0.062890
0 0 0.416941 0.168121 0.182126 0.141042 0.091770
0 0 0.436437 0.165949 0.162245 0.127551 0.107817
0 0 0.495763 0.133535 0.122946 0.130562 0.117194
0 0 0.383447 0.092818 0.152939 0.293195 0.077602
0 0 0.427615 0.047031 0.085605 0.386147 0.053603
0 0 0.528973 0.034319 0.055217 0.342046 0.039445
0 0 0.551672 0.034470 0.050216 0.314474 0.049167
0 0 0.496942 0.026614 0.045612 0.382058 0.048775
0 0 0.574167 0.032657 0.044427 0.271859 0.076890
0 0 0.526199 0.029730 0.043909 0.311309 0.088852
3 1 0.400876 0.023178 0.046234 0.443574 0.086138
3 1 0.127005 0.009352 0.046256 0.779753 0.037633
3 1 0.085985 0.009356 0.056780 0.810731 0.037148
3 2 0.044579 0.005209 0.045558 0.885105 0.019550
3 2 0.024436 0.003925 0.046572 0.912907 0.012159
3 2 0.016484 0.004821 0.073059 0.892094 0.013541
3 2 0.017413 0.007676 0.115514 0.841356 0.018041
3 2 0.017145 0.010326 0.170699 0.783167 0.018664
3 2 0.016831 0.009423 0.181311 0.779093 0.013342
3 2 0.012274 0.007400 0.204855 0.766650 0.008822
3 2 0.012070 0.006510 0.189687 0.784164 0.007569
3 2 0.009800 0.004871 0.175029 0.804629 0.005671
3 2 0.012274 0.004368 0.133743 0.844458 0.005156
3 3 0.018064 0.004873 0.107527 0.863708 0.005828
3 3 0.037151 0.007193 0.086404 0.861122 0.008130
3 3 0.040368 0.007705 0.093548 0.851011 0.007368
3 3 0.076023 0.019522 0.139270 0.749193 0.015992
3 3 0.077012 0.022128 0.155422 0.729826 0.015612
3 3 0.071658 0.024731 0.180793 0.705639 0.017178
3 2 0.062251 0.040589 0.318950 0.557234 0.020976
2 2 0.031777 0.060773 0.617864 0.262016 0.027570
2 2 0.018225 0.057566 0.764177 0.133037 0.026995
2 2 0.018698 0.064588 0.773181 0.113135 0.030397
2 3 0.014832 0.050779 0.789834 0.120574 0.023981
2 3 0.011689 0.035315 0.781175 0.155175 0.016647
2 3 0.012750 0.031746 0.732593 0.208103 0.014808
2 3 0.013810 0.027961 0.667641 0.277694 0.012894
3 3 0.025929 0.025944 0.418940 0.516118 0.013069
3 3 0.026079 0.007901 0.155957 0.804306 0.005758
0 3 0.736327 0.020238 0.025559 0.191246 0.026631
0 0 0.789445 0.021185 0.024736 0.139891 0.024744
0 0 0.551376 0.024351 0.058525 0.343253 0.022495
3 0 0.401680 0.016005 0.051329 0.510997 0.019990
3 1 0.182892 0.008470 0.048521 0.749826 0.010290
3 0 0.104220 0.003896 0.031211 0.856433 0.004240
3 0 0.188778 0.016100 0.085179 0.698344 0.011600
0 0 0.440294 0.096739 0.162598 0.249682 0.050686
0 0 0.480659 0.187737 0.139243 0.072547 0.119815
0 0 0.333214 0.236264 0.155059 0.035410 0.240053
4 0 0.113407 0.243091 0.226710 0.011715 0.405076
4 0 0.073372 0.194314 0.225783 0.006654 0.499877
4 0 0.061208 0.201995 0.290361 0.007313 0.439123
4 1 0.061118 0.198157 0.296804 0.009351 0.434571
4 1 0.067434 0.178243 0.229704 0.008935 0.515683
4 1 0.082966 0.174958 0.277394 0.022963 0.441720
4 0 0.121313 0.175239 0.241392 0.039898 0.422158
4 0 0.209478 0.163227 0.178119 0.061308 0.387867
4 0 0.235376 0.188071 0.138352 0.033189 0.405011
4 0 0.250723 0.165258 0.083802 0.017522 0.482695
4 0 0.279975 0.215457 0.122634 0.023945 0.357990
4 0 0.311678 0.200173 0.110729 0.027859 0.349561
4 1 0.270828 0.225109 0.176423 0.041101 0.286540
4 0 0.304990 0.172389 0.097078 0.035831 0.389712
4 0 0.327815 0.171193 0.097548 0.038595 0.364849
0 0 0.394645 0.125200 0.069441 0.037886 0.372826
0 0 0.402349 0.129461 0.073501 0.043155 0.351534
4 0 0.305030 0.120357 0.061839 0.023380 0.489394
4 1 0.381014 0.118439 0.059667 0.019930 0.420950
0 0 0.414301 0.141363 0.074584 0.024127 0.345626
0 0 0.524502 0.149160 0.087427 0.038688 0.200223
0 0 0.442152 0.137619 0.122814 0.092469 0.204946
0 0 0.513788 0.111837 0.099922 0.093084 0.181368
0 0 0.495418 0.125815 0.108877 0.080819 0.189071
0 0 0.460926 0.162045 0.130490 0.066308 0.180231
0 0 0.419799 0.195608 0.147264 0.065406 0.171922
0 0 0.374266 0.185223 0.099892 0.023647 0.316972
0 0 0.360323 0.178622 0.094489 0.021620 0.344945
4 0 0.317218 0.200029 0.103252 0.017026 0.362475
0 0 0.313295 0.249039 0.141992 0.019808 0.275866
0 1 0.282066 0.269311 0.161715 0.017532 0.269377
4 0 0.271142 0.250640 0.155719 0.017031 0.305468
0 1 0.280138 0.261440 0.168167 0.022315 0.267941
1 1 0.244229 0.291545 0.214113 0.022972 0.227141
1 0 0.180506 0.306716 0.244266 0.016820 0.251692
4 0 0.130343 0.291770 0.241555 0.009713 0.326618
1 0 0.223360 0.300148 0.188581 0.014265 0.273645
0 0 0.323988 0.278579 0.161549 0.022841 0.213043
0 0 0.440080 0.182016 0.128414 0.055808 0.193682
0 0 0.419304 0.143379 0.172872 0.141625 0.122821
0 0 0.488972 0.160431 0.135882 0.083918 0.130797
0 0 0.438380 0.235020 0.153341 0.049088 0.124170
0 0 0.475373 0.225379 0.143413 0.040245 0.115590
0 0 0.435970 0.240009 0.156014 0.046514 0.121493
0 0 0.443203 0.238726 0.150190 0.038432 0.129449
0 0 0.449806 0.223101 0.136698 0.036830 0.153565
0 0 0.452755 0.193629 0.128932 0.052205 0.172479
0 0 0.511609 0.164912 0.102963 0.052563 0.167954
0 0 0.545033 0.153048 0.096662 0.055202 0.150055
0 0 0.571735 0.154795 0.099460 0.053879 0.120130
0 0 0.508695 0.159701 0.091960 0.033459 0.206185
0 0 0.406127 0.158403 0.085398 0.026003 0.324069
0 0 0.385880 0.161722 0.088126 0.028194 0.336078
0 0 0.419823 0.169785 0.095390 0.031962 0.283041
0 0 0.480708 0.148534 0.086708 0.041859 0.242191
0 0 0.522450 0.134271 0.090894 0.069331 0.183055
0 0 0.505281 0.133041 0.120864 0.110555 0.130260
0 0 0.466320 0.213334 0.150190 0.061467 0.108688
0 0 0.480432 0.223918 0.140618 0.037193 0.117839
0 0 0.522802 0.207750 0.126160 0.029679 0.113608
0 0 0.537525 0.201655 0.114653 0.019901 0.126267
0 0 0.557657 0.193932 0.113754 0.023492 0.111165
0 0 0.535695 0.202587 0.116410 0.021227 0.124080
0 0 0.641712 0.133035 0.074891 0.022605 0.127757
0 0 0.736352 0.070405 0.042787 0.044317 0.106139
0 0 0.738367 0.057157 0.034508 0.049325 0.120643
0 0 0.630150 0.096838 0.055683 0.037542 0.179787
0 0 0.439302 0.147931 0.081149 0.029685 0.301933
0 0 0.400787 0.188488 0.106637 0.031169 0.272919
4 0 0.255327 0.197995 0.126059 0.023967 0.396653
4 0 0.125517 0.247227 0.226759 0.018443 0.382054
4 0 0.117502 0.250629 0.241171 0.016331 0.374366
2 1 0.096915 0.213283 0.435839 0.051312 0.202650
2 1 0.142688 0.197522 0.367423 0.088635 0.203733
2 1 0.210692 0.158713 0.306974 0.204279 0.119342
0 0 0.346957 0.110975 0.207908 0.250249 0.083910
0 0 0.493865 0.104542 0.139536 0.175421 0.086635
0 1 0.521302 0.069574 0.108003 0.244061 0.057061
0 0 0.494134 0.064787 0.111388 0.276530 0.053161
0 0 0.675694 0.066172 0.061011 0.122005 0.075118
0 0 0.757218 0.041401 0.032716 0.111261 0.057404
0 0 0.667442 0.020006 0.027951 0.257132 0.027468
0 0 0.580130 0.032556 0.056992 0.302642 0.027680
0 0 0.691068 0.041568 0.052724 0.182998 0.031642
0 0 0.767081 0.055585 0.046961 0.088663 0.041709
0 0 0.584030 0.067439 0.090831 0.195443 0.062257
3 0 0.255260 0.044310 0.149005 0.511441 0.039985
3 0 0.225743 0.043607 0.147942 0.539076 0.043633
3 0 0.120299 0.029802 0.150236 0.669125 0.030538
3 0 0.091682 0.027020 0.158448 0.692772 0.030077
3 0 0.078940 0.042304 0.245162 0.585566 0.048028
2 0 0.066071 0.070349 0.410807 0.374963 0.077809
3 1 0.054569 0.051774 0.365844 0.483674 0.044139
3 1 0.067764 0.048837 0.296005 0.543273 0.044120
3 0 0.115459 0.056184 0.249985 0.530389 0.047982
3 0 0.177503 0.069320 0.230341 0.463099 0.059737
3 1 0.194511 0.059387 0.200521 0.489360 0.056221
3 1 0.139719 0.047933 0.195252 0.569815 0.047281
3 1 0.126698 0.037845 0.162115 0.634997 0.038345
2 1 0.194914 0.149672 0.264060 0.215922 0.175432
4 1 0.096621 0.200265 0.285324 0.026587 0.391203
4 0 0.043944 0.161958 0.286045 0.006522 0.501531
4 1 0.034843 0.150472 0.298444 0.004431 0.511810
4 1 0.025621 0.138737 0.322733 0.002666 0.510242
4 1 0.023167 0.116738 0.260316 0.001972 0.597808
4 4 0.023083 0.087613 0.162984 0.001682 0.724637
4 4 0.024350 0.078620 0.132647 0.001837 0.762547
4 4 0.025062 0.072092 0.113808 0.001959 0.787078
4 4 0.024209 0.063515 0.095195 0.001847 0.815234
4 4 0.022998 0.052394 0.072362 0.001693 0.850553
4 4 0.126595 0.164602 0.257638 0.072359 0.378807
4 4 0.161440 0.175716 0.232148 0.084257 0.346440
4 4 0.202088 0.134965 0.179921 0.159065 0.323961
3 4 0.191368 0.109694 0.193897 0.268898 0.236143
3 1 0.106888 0.077650 0.269581 0.445722 0.100160
2 1 0.056480 0.101822 0.537797 0.241316 0.062584
2 1 0.023664 0.086065 0.752675 0.097164 0.040431
2 1 0.021460 0.102273 0.767985 0.059592 0.048689
2 1 0.019241 0.116609 0.769947 0.038021 0.056182
2 1 0.015669 0.112866 0.787959 0.028535 0.054972
2 1 0.015856 0.113460 0.786635 0.028815 0.055234
2 2 0.018617 0.129885 0.759859 0.028506 0.063133
2 2 0.020458 0.140418 0.742295 0.026168 0.070661
2 2 0.020566 0.147255 0.733619 0.022635 0.075924
2 2 0.020280 0.150691 0.728888 0.019236 0.080905
2 2 0.018847 0.136443 0.751251 0.022906 0.070553
2 2 0.019976 0.147003 0.734723 0.020348 0.077951
2 2 0.014738 0.107844 0.796610 0.028189 0.052619
2 2 0.011052 0.081370 0.837379 0.030281 0.039918
2 2 0.009362 0.068312 0.856619 0.032111 0.033596
2 2 0.008847 0.063984 0.862582 0.033101 0.031486
2 2 0.009937 0.058916 0.854935 0.047519 0.028693
2 2 0.024640 0.082458 0.742429 0.111906 0.038567
3 3 0.141398 0.093281 0.342004 0.393829 0.029489
0 3 0.521618 0.107431 0.147222 0.188780 0.034949
0 3 0.647341 0.067686 0.077435 0.175354 0.032183
0 0 0.748157 0.038647 0.034315 0.140563 0.038318
0 0 0.786224 0.027297 0.019972 0.122146 0.044361
0 0 0.715062 0.023086 0.021993 0.202535 0.037323
3 1 0.436550 0.027308 0.051728 0.446344 0.038070
3 1 0.259474 0.072911 0.174841 0.390449 0.102326
2 1 0.088809 0.124829 0.384423 0.139088 0.262850
4 1 0.085702 0.200672 0.285983 0.019296 0.408346
4 1 0.075032 0.243406 0.333495 0.011298 0.336769
1 1 0.141830 0.310973 0.259531 0.014586 0.273080
0 1 0.453387 0.233654 0.150308 0.043418 0.119233
0 1 0.459231 0.232846 0.144072 0.034597 0.129254
0 1 0.421670 0.242686 0.163753 0.057801 0.114091
0 0 0.374354 0.263107 0.174300 0.053096 0.135143
0 1 0.390712 0.255129 0.172056 0.058397 0.123707
0 1 0.315719 0.270709 0.204187 0.088294 0.121090
0 1 0.291625 0.238805 0.244219 0.124048 0.101302
2 1 0.045679 0.202113 0.608390 0.040789 0.103030
2 2 0.030865 0.188633 0.659555 0.028240 0.092708
2 2 0.025068 0.171263 0.694928 0.026268 0.082472
2 2 0.019343 0.141527 0.744940 0.025493 0.068697
2 2 0.013401 0.099567 0.810187 0.028149 0.048696
2 2 0.007962 0.055965 0.872724 0.035794 0.027556
2 2 0.008611 0.046226 0.863677 0.059017 0.022470
2 2 0.013199 0.047168 0.802931 0.114339 0.022362
2 2 0.043435 0.088561 0.634180 0.195880 0.037944
2 2 0.099921 0.121115 0.466771 0.266701 0.045493
2 2 0.108837 0.140965 0.449212 0.246205 0.054781
2 2 0.086177 0.159616 0.510682 0.173884 0.069641
2 3 0.061559 0.173307 0.578155 0.107757 0.079221
2 3 0.039532 0.187705 0.638645 0.043082 0.091037
2 3 0.017304 0.103730 0.788623 0.040290 0.050053
2 3 0.008150 0.046121 0.869244 0.053994 0.022490
2 3 0.005346 0.024165 0.871692 0.087050 0.011748
2 3 0.004686 0.016076 0.829434 0.142070 0.007734
2 3 0.005639 0.010512 0.636138 0.342571 0.005139
2 3 0.005585 0.008364 0.529152 0.452032 0.004868
3 3 0.004927 0.006169 0.442091 0.542969 0.003844
3 3 0.003844 0.004003 0.347166 0.642039 0.002948
3 3 0.002548 0.002380 0.282127 0.710676 0.002270
3 3 0.002149 0.001589 0.216330 0.778131 0.001801
3 3 0.001680 0.001074 0.182208 0.813729 0.001310
3 3 0.001737 0.001046 0.171483 0.824417 0.001317
3 3 0.001508 0.000901 0.164747 0.831660 0.001184
3 3 0.001292 0.000745 0.153261 0.843664 0.001038
3 3 0.001276 0.000723 0.149416 0.847556 0.001029
3 3 0.001541 0.000882 0.151900 0.844402 0.001276
3 3 0.001508 0.000879 0.154643 0.841708 0.001262
3 3 0.001681 0.000939 0.150745 0.845289 0.001346
3 3 0.002171 0.001290 0.166830 0.827963 0.001747
3 3 0.002590 0.001585 0.179832 0.814000 0.001994
3 3 0.002985 0.002097 0.213588 0.778958 0.002372
3 3 0.004571 0.003939 0.269304 0.718159 0.004028
3 3 0.003510 0.003083 0.266422 0.723788 0.003197
3 3 0.002825 0.002078 0.213294 0.779274 0.002528
3 3 0.002124 0.001283 0.164368 0.830389 0.001836
3 3 0.001603 0.000760 0.116780 0.879500 0.001356
3 3 0.001208 0.000453 0.084278 0.913100 0.000961
3 3 0.001052 0.000323 0.062897 0.934909 0.000819
3 3 0.000968 0.000269 0.054702 0.943325 0.000736
3 3 0.001605 0.000272 0.034431 0.962881 0.000811
3 3 0.003728 0.000508 0.034196 0.960346 0.001223
3 3 0.006341 0.000650 0.030806 0.960931 0.001273
3 3 0.009040 0.000779 0.030323 0.958620 0.001239
3 3 0.018616 0.000922 0.020424 0.958746 0.001292
3 3 0.030942 0.000847 0.011703 0.955267 0.001242
3 3 0.030648 0.000668 0.009034 0.958606 0.001044
3 3 0.016447 0.000564 0.013590 0.968547 0.000852
3 3 0.014823 0.001108 0.030791 0.951821 0.001457
3 3 0.015566 0.001892 0.051924 0.928384 0.002234
3 3 0.013910 0.004108 0.125870 0.852054 0.004058
3 3 0.006082 0.006296 0.345342 0.637162 0.005118
2 3 0.003321 0.005543 0.575272 0.412850 0.003014
2 2 0.003004 0.004699 0.538564 0.450964 0.002770
3 3 0.002593 0.003621 0.480145 0.511380 0.002262
3 3 0.002686 0.002866 0.345294 0.646852 0.002302
3 3 0.003093 0.003787 0.411374 0.578916 0.002829
2 3 0.004016 0.006013 0.506865 0.478667 0.004439
2 3 0.004932 0.014490 0.783203 0.189093 0.008283
2 3 0.003965 0.017168 0.872925 0.097574 0.008369
2 3 0.005975 0.027400 0.865857 0.085934 0.014834
2 2 0.009654 0.044955 0.841841 0.078241 0.025310
2 2 0.018916 0.086288 0.777482 0.053831 0.063483
2 2 0.028427 0.114530 0.707504 0.047161 0.102378
2 2 0.030230 0.113092 0.699049 0.055504 0.102125
2 2 0.024891 0.089051 0.727611 0.082514 0.075932
2 2 0.031490 0.116325 0.668226 0.050074 0.133885
2 2 0.024867 0.131168 0.696321 0.023358 0.124286
2 2 0.030926 0.183157 0.545332 0.009478 0.231108
2 2 0.032785 0.195385 0.538814 0.009113 0.223904
2 2 0.029063 0.182312 0.585543 0.009923 0.193159
2 2 0.027504 0.170512 0.620793 0.011814 0.169377
2 2 0.029796 0.185236 0.529367 0.007658 0.247943
2 2 0.034582 0.185414 0.551598 0.011583 0.216823
2 2 0.049045 0.173272 0.552958 0.027562 0.197162
0 2 0.517579 0.013741 0.025931 0.425900 0.016850
3 2 0.245328 0.008038 0.027543 0.706792 0.012300
3 0 0.167562 0.007918 0.036847 0.775159 0.012514
3 0 0.019809 0.001936 0.029649 0.944092 0.004514
3 0 0.025654 0.002682 0.033820 0.931994 0.005849
3 0 0.041445 0.003424 0.031859 0.915306 0.007966
3 1 0.043429 0.002931 0.026070 0.919513 0.008057
3 1 0.039284 0.002868 0.025751 0.924247 0.007851
3 1 0.093226 0.007487 0.037725 0.838344 0.023219
3 1 0.063780 0.005625 0.036988 0.878041 0.015567
3 1 0.144276 0.015349 0.066479 0.741975 0.031923
3 1 0.153124 0.041804 0.164343 0.579472 0.061257
3 1 0.143310 0.095404 0.288527 0.356960 0.115798
2 1 0.119155 0.160332 0.398482 0.143045 0.178986
4 1 0.240304 0.184345 0.212897 0.083570 0.278883
0 1 0.320244 0.171268 0.168954 0.081038 0.258496
4 1 0.157758 0.184252 0.127449 0.015345 0.515197
4 1 0.098767 0.144107 0.112509 0.008932 0.635685
4 0 0.118968 0.115688 0.068463 0.011083 0.685798
4 1 0.299080 0.155576 0.086362 0.034933 0.424049
0 1 0.444424 0.203558 0.127470 0.049212 0.175336
1 1 0.229525 0.297295 0.243063 0.062151 0.167966
1 1 0.185001 0.301583 0.274630 0.067809 0.170977
2 1 0.194867 0.250793 0.303145 0.127583 0.123612
2 1 0.201222 0.192585 0.294883 0.197905 0.113406
2 1 0.128606 0.170144 0.398279 0.187107 0.115863
2 1 0.077715 0.159068 0.491814 0.095027 0.176376
2 1 0.055078 0.105679 0.556900 0.189093 0.093251
2 1 0.078799 0.146945 0.501873 0.138420 0.133962
2 1 0.129988 0.186959 0.341246 0.084219 0.257588
2 0 0.107783 0.207471 0.354834 0.045454 0.284458
4 1 0.117389 0.201166 0.245623 0.028835 0.406987
4 1 0.108665 0.198240 0.190776 0.016995 0.485324
4 1 0.068601 0.133986 0.132901 0.005550 0.658963
4 1 0.062613 0.133274 0.142063 0.005060 0.656989
4 1 0.066878 0.155503 0.184286 0.007872 0.585462
2 0 0.128827 0.225391 0.304543 0.042438 0.298801
0 0 0.302266 0.222676 0.256692 0.108688 0.109677
0 0 0.502501 0.159783 0.145104 0.101293 0.091319
0 0 0.629370 0.101056 0.088623 0.113444 0.067507
0 0 0.462007 0.022232 0.049360 0.443905 0.022496
0 0 0.495461 0.012654 0.028328 0.449891 0.013666
0 0 0.555190 0.007152 0.015258 0.415082 0.007319
0 0 0.761154 0.010951 0.013926 0.203331 0.010639
0 0 0.625541 0.013621 0.022299 0.321571 0.016968
0 0 0.487591 0.012147 0.025057 0.451526 0.023679
3 0 0.304681 0.010595 0.030257 0.622125 0.032341
3 0 0.365129 0.015522 0.038820 0.537998 0.042531
3 0 0.348494 0.019270 0.049909 0.537955 0.044371
3 0 0.293931 0.017165 0.052915 0.605851 0.030138
3 0 0.141272 0.010224 0.054876 0.776775 0.016854
3 0 0.143480 0.017811 0.086679 0.722361 0.029668
3 0 0.167145 0.035047 0.135917 0.597911 0.063980
3 1 0.137377 0.048035 0.194224 0.544185 0.076178
3 1 0.124559 0.071489 0.271026 0.448037 0.084889
2 1 0.072663 0.110451 0.471508 0.210482 0.134896
2 1 0.054384 0.131023 0.522357 0.071337 0.220899
2 1 0.042016 0.147875 0.417789 0.016355 0.375965
4 1 0.035765 0.129690 0.233934 0.004440 0.596172
4 1 0.034362 0.125025 0.216918 0.003306 0.620388
2 1 0.020156 0.167256 0.542892 0.003852 0.265844
2 1 0.019407 0.170014 0.571793 0.003999 0.234786
2 1 0.020221 0.173869 0.576774 0.004446 0.224690
2 1 0.019351 0.149476 0.684353 0.009917 0.136904
2 2 0.024053 0.139975 0.712645 0.020268 0.103060
2 2 0.037263 0.129867 0.689521 0.078637 0.064713
2 2 0.050121 0.108878 0.617496 0.175930 0.047574
3 2 0.172670 0.119318 0.323786 0.346067 0.038158
0 2 0.298775 0.138709 0.261219 0.258488 0.042809
0 2 0.562579 0.104088 0.123359 0.158645 0.051330
0 0 0.624574 0.072382 0.090750 0.172730 0.039565
0 0 0.471914 0.036417 0.082895 0.379106 0.029668
3 0 0.307417 0.036087 0.114235 0.502376 0.039884
3 0 0.168674 0.018262 0.092889 0.696545 0.023629
3 0 0.081639 0.017431 0.135077 0.751429 0.014423
3 0 0.072865 0.031629 0.219391 0.653490 0.022624
3 0 0.075840 0.072059 0.377833 0.429679 0.044590
2 0 0.059961 0.158857 0.576665 0.085851 0.118666
2 0 0.052598 0.178156 0.595993 0.048263 0.124990
2 0 0.045859 0.156452 0.650314 0.059184 0.088191
2 1 0.048832 0.118964 0.619941 0.158088 0.054174
2 1 0.097012 0.117298 0.455208 0.285123 0.045360
3 1 0.133257 0.095029 0.329221 0.396227 0.046266
3 0 0.103337 0.050654 0.244937 0.571905 0.029166
3 0 0.080153 0.035645 0.227452 0.634587 0.022163
3 1 0.077290 0.061056 0.369412 0.465554 0.026687
2 1 0.041962 0.102656 0.642915 0.165557 0.046908
2 1 0.047835 0.129838 0.650054 0.105728 0.066546
2 1 0.059058 0.128134 0.600779 0.132117 0.079912
3 1 0.071950 0.063638 0.361471 0.458325 0.044616
3 1 0.049022 0.014023 0.131367 0.789438 0.016150
3 1 0.075044 0.010236 0.078543 0.819301 0.016876
3 1 0.114662 0.010795 0.066033 0.789854 0.018655
3 0 0.106283 0.008804 0.059586 0.811213 0.014115
3 0 0.069697 0.004131 0.037410 0.883180 0.005583
3 1 0.085227 0.003989 0.032057 0.872962 0.005765
3 1 0.094544 0.004341 0.032789 0.863089 0.005236
3 0 0.066775 0.003781 0.034329 0.891541 0.003574
3 0 0.061423 0.004505 0.045022 0.885611 0.003438
3 0 0.067665 0.005766 0.054078 0.868412 0.004079
3 0 0.361337 0.034363 0.096634 0.493218 0.014449
0 1 0.614964 0.121312 0.111818 0.121052 0.030854
0 1 0.566837 0.172983 0.125340 0.075215 0.059625
0 1 0.418457 0.248674 0.146997 0.026992 0.158881
1 1 0.273878 0.291143 0.157051 0.015606 0.262322
4 1 0.209728 0.292375 0.143882 0.008453 0.345562
1 2 0.217364 0.306638 0.165350 0.015111 0.295538
1 2 0.195717 0.315562 0.202592 0.020323 0.265806
1 2 0.164274 0.317173 0.245362 0.021113 0.252078
1 2 0.179475 0.317205 0.224553 0.021160 0.257607
1 2 0.184568 0.316863 0.217578 0.020966 0.260025
1 2 0.213913 0.306485 0.167036 0.014608 0.297958
4 2 0.215675 0.303316 0.159708 0.013009 0.308291
4 2 0.215441 0.302865 0.158980 0.012758 0.309956
4 2 0.211657 0.295831 0.148527 0.009613 0.334373
4 2 0.212774 0.297867 0.151399 0.010398 0.327561
4 2 0.213931 0.300009 0.154547 0.011325 0.320188
4 2 0.215057 0.302131 0.157813 0.012366 0.312633
1 2 0.198602 0.308969 0.182719 0.014603 0.295107
1 2 0.146823 0.313938 0.262449 0.017647 0.259143
0 3 0.360042 0.220210 0.197383 0.148090 0.074275
0 3 0.353965 0.154851 0.202525 0.247208 0.041450
0 3 0.372274 0.120259 0.179294 0.301031 0.027143
0 3 0.351429 0.176697 0.194556 0.229379 0.047939
0 3 0.297717 0.210956 0.221341 0.203615 0.066370
2 3 0.213432 0.173731 0.304963 0.250642 0.057232
2 3 0.090864 0.130549 0.502979 0.224978 0.050630
2 0 0.037632 0.106790 0.673849 0.132523 0.049206
2 0 0.014076 0.046018 0.778474 0.136319 0.025113
2 1 0.013212 0.052022 0.813734 0.096261 0.024770
2 1 0.014749 0.070106 0.815177 0.066373 0.033594
2 1 0.015582 0.078901 0.809639 0.058004 0.037875
2 2 0.020325 0.101499 0.774454 0.055258 0.048464
2 2 0.020325 0.097377 0.775908 0.059976 0.046415
2 2 0.022214 0.087503 0.763782 0.085205 0.041296
2 2 0.024723 0.069275 0.721287 0.152573 0.032141
2 2 0.024470 0.044304 0.595796 0.309668 0.025762
3 2 0.025489 0.017918 0.260984 0.678356 0.017253
3 3 0.027939 0.009586 0.141663 0.810293 0.010518
3 3 0.022014 0.003231 0.062465 0.908349 0.003942
3 3 0.058412 0.005675 0.056326 0.874884 0.004703
3 3 0.203041 0.009765 0.049286 0.730269 0.007639
3 3 0.329743 0.009593 0.036135 0.615959 0.008569
3 3 0.164885 0.002907 0.019038 0.810728 0.002442
3 3 0.113835 0.002348 0.020097 0.862343 0.001376
3 3 0.225633 0.006116 0.033124 0.732605 0.002521
3 2 0.367815 0.011012 0.037901 0.578803 0.004468
3 2 0.314974 0.011873 0.048164 0.620727 0.004262
3 1 0.275877 0.046876 0.173283 0.495568 0.008396
3 1 0.308267 0.115203 0.215027 0.333509 0.027994
0 1 0.437336 0.193522 0.159404 0.154227 0.055511
0 1 0.430941 0.220763 0.166158 0.103266 0.078872
0 1 0.356717 0.268382 0.181319 0.059585 0.133998
1 1 0.228111 0.310451 0.176139 0.020835 0.264463
1 1 0.221476 0.307666 0.168318 0.016577 0.285963
1 1 0.217162 0.305418 0.163324 0.014344 0.299752
4 1 0.209941 0.292752 0.144376 0.008571 0.344361
4 1 0.199667 0.275154 0.123889 0.004737 0.396553
4 1 0.201061 0.277480 0.126346 0.005100 0.390012
4 1 0.199290 0.274528 0.123237 0.004645 0.398301
4 1 0.202990 0.280725 0.129886 0.005665 0.380734
4 1 0.208530 0.290259 0.141164 0.007834 0.352213
4 1 0.206530 0.286775 0.136874 0.006937 0.362884
4 1 0.207837 0.289046 0.139647 0.007506 0.355964
4 1 0.209214 0.291463 0.142700 0.008179 0.348444
4 1 0.211362 0.295299 0.147793 0.009421 0.336126
4 1 0.211134 0.294886 0.147229 0.009275 0.337475
4 1 0.206103 0.286038 0.135993 0.006764 0.365102
4 1 0.204166 0.282719 0.132130 0.006050 0.374935
4 1 0.199266 0.274488 0.123196 0.004639 0.398411
4 1 0.198173 0.272680 0.121341 0.004384 0.403422
4 1 0.199811 0.275394 0.124139 0.004773 0.395883
4 1 0.200528 0.276588 0.125397 0.004957 0.392530
4 1 0.208545 0.290286 0.141199 0.007842 0.352128
1 1 0.218357 0.308670 0.169094 0.016678 0.287201
1 1 0.263973 0.301595 0.174367 0.023781 0.236283
1 1 0.251907 0.309659 0.202130 0.048731 0.187573
1 1 0.242801 0.310403 0.212538 0.063941 0.170317
2 1 0.170393 0.295025 0.299654 0.068603 0.166325
2 1 0.112821 0.199049 0.422615 0.177762 0.087753
2 1 0.038406 0.226982 0.521178 0.008940 0.204495
2 1 0.030515 0.194621 0.630915 0.012969 0.130980
2 1 0.028290 0.167367 0.683525 0.020286 0.100533
2 1 0.022412 0.130634 0.746401 0.030723 0.069831
2 1 0.017153 0.094995 0.795965 0.045152 0.046736
2 1 0.009045 0.049949 0.861265 0.055451 0.024290
2 1 0.007805 0.042805 0.870821 0.057709 0.020860
2 2 0.008169 0.047455 0.869845 0.051365 0.023166
2 2 0.009578 0.061628 0.857772 0.040886 0.030136
2 2 0.009967 0.068055 0.852557 0.036080 0.033340
2 2 0.009828 0.067092 0.853995 0.036209 0.032876
2 2 0.008662 0.056832 0.866431 0.040213 0.027862
2 2 0.005911 0.031236 0.882891 0.064696 0.015266
2 2 0.004525 0.019783 0.871692 0.094372 0.009628
2 2 0.004235 0.015209 0.839975 0.133239 0.007343
2 2 0.003784 0.012258 0.818339 0.159718 0.005901
2 2 0.003398 0.008868 0.758336 0.225166 0.004232
2 2 0.002932 0.006519 0.701771 0.285686 0.003093
2 2 0.002763 0.004992 0.617553 0.372347 0.002345
2 2 0.003092 0.005417 0.606181 0.382775 0.002536
2 2 0.003348 0.005168 0.549401 0.439600 0.002483
3 3 0.003201 0.003604 0.386634 0.604264 0.002297
3 3 0.002689 0.002600 0.301177 0.691263 0.002270
3 3 0.002588 0.002343 0.266244 0.726394 0.002432
3 3 0.002671 0.002315 0.245150 0.747155 0.002709
3 3 0.002973 0.002503 0.232740 0.758591 0.003192
3 3 0.002830 0.002253 0.216562 0.775321 0.003035
3 3 0.003163 0.002625 0.232014 0.758872 0.003325
3 3 0.003948 0.003381 0.243500 0.744963 0.004208
3 3 0.003809 0.002903 0.213564 0.775786 0.003937
3 3 0.003329 0.002090 0.170738 0.820645 0.003197
3 3 0.003720 0.002200 0.161071 0.829512 0.003496
3 3 0.002884 0.001533 0.139732 0.853262 0.002589
3 3 0.002351 0.001148 0.125373 0.869121 0.002007
3 3 0.001837 0.000766 0.103840 0.892145 0.001411
3 3 0.001847 0.000772 0.106753 0.889276 0.001353
3 3 0.001692 0.000687 0.105477 0.890988 0.001155
3 3 0.002320 0.000845 0.096484 0.898869 0.001483
3 3 0.002120 0.000669 0.079349 0.916550 0.001311
3 3 0.002788 0.000907 0.083725 0.910805 0.001776
3 3 0.003181 0.001129 0.091688 0.901790 0.002212
3 3 0.003661 0.001252 0.089539 0.903078 0.002470
3 3 0.003236 0.001200 0.096598 0.896667 0.002299
3 3 0.003394 0.001258 0.098560 0.894448 0.002340
3 3 0.003019 0.001336 0.118920 0.874436 0.002289
3 3 0.002654 0.001120 0.113695 0.880647 0.001885
3 3 0.002395 0.001089 0.123564 0.871216 0.001736
3 3 0.002288 0.001013 0.120027 0.875047 0.001624
3 3 0.002213 0.000960 0.117734 0.877559 0.001534
3 3 0.002543 0.001090 0.117285 0.877321 0.001761
3 3 0.002708 0.001278 0.130196 0.863813 0.002005
3 3 0.002532 0.001241 0.136328 0.858026 0.001873
3 3 0.002683 0.001431 0.150372 0.843442 0.002071
3 3 0.002856 0.001549 0.152799 0.840539 0.002257
3 3 0.003267 0.001770 0.153691 0.838666 0.002606
3 3 0.003243 0.001710 0.147708 0.844736 0.002602
3 3 0.003062 0.001634 0.147806 0.844989 0.002509
3 3 0.002604 0.001191 0.118750 0.875347 0.002108
3 3 0.002286 0.000910 0.100660 0.894435 0.001709
3 3 0.001432 0.000436 0.066748 0.930352 0.001032
3 3 0.001640 0.000462 0.066795 0.930119 0.000983
3 3 0.001607 0.000415 0.061338 0.935755 0.000885
3 3 0.002177 0.000547 0.062197 0.933932 0.001147
3 3 0.002298 0.000627 0.068640 0.927159 0.001275
3 3 0.002431 0.000678 0.069112 0.926353 0.001426
3 3 0.002235 0.000609 0.065423 0.930390 0.001343
3 3 0.002412 0.000630 0.062854 0.932690 0.001414
3 3 0.003695 0.000853 0.058247 0.935282 0.001923
3 3 0.008119 0.001437 0.055745 0.932148 0.002552
3 3 0.009779 0.001535 0.060911 0.925834 0.001941
3 3 0.015325 0.002606 0.086103 0.893845 0.002121
3 3 0.026544 0.004325 0.093091 0.872990 0.003049
3 3 0.056739 0.009005 0.100388 0.828219 0.005649
3 3 0.205056 0.044671 0.157281 0.574956 0.018036
3 3 0.219124 0.059262 0.202952 0.502618 0.016043
2 3 0.123183 0.108608 0.388992 0.341127 0.038090
2 3 0.057468 0.147975 0.593867 0.133359 0.067332
2 3 0.028452 0.143206 0.713561 0.044029 0.070753
2 3 0.014495 0.101982 0.803406 0.029432 0.050685
2 3 0.020821 0.128358 0.753177 0.024754 0.072890
2 2 0.024381 0.116074 0.753482 0.043142 0.062922
2 2 0.028297 0.101367 0.731650 0.090013 0.048674
2 2 0.037320 0.080910 0.635915 0.209027 0.036827
2 2 0.055279 0.077147 0.539811 0.296658 0.031106
3 2 0.138490 0.083630 0.324894 0.419716 0.033270
2 2 0.169434 0.116655 0.343821 0.327587 0.042503
2 2 0.236423 0.155754 0.301504 0.252276 0.054042
2 2 0.082867 0.213710 0.505073 0.097683 0.100667
2 2 0.078199 0.286254 0.428409 0.021161 0.185977
2 2 0.046384 0.250859 0.502396 0.009367 0.190994
2 2 0.049067 0.241261 0.457083 0.008684 0.243905
2 2 0.049508 0.238264 0.470189 0.010498 0.231541
2 2 0.052496 0.214012 0.387459 0.009275 0.336758
4 2 0.048972 0.163637 0.379244 0.013680 0.394467
4 2 0.044332 0.133986 0.259974 0.008684 0.553024
4 2 0.041768 0.114712 0.173388 0.005477 0.664655
4 2 0.042441 0.109245 0.157716 0.005401 0.685196
4 2 0.076780 0.150927 0.169684 0.013051 0.589558
4 2 0.112123 0.231399 0.233118 0.019052 0.404308
1 2 0.240779 0.303636 0.231800 0.039756 0.184029
2 2 0.251485 0.260767 0.271790 0.095269 0.120689
2 2 0.262143 0.242207 0.269347 0.109715 0.116589
2 2 0.228224 0.146728 0.275023 0.262994 0.087031
3 1 0.186366 0.118710 0.282851 0.328112 0.083960
2 1 0.126584 0.112774 0.376163 0.312879 0.071601
2 1 0.055717 0.107659 0.550512 0.155382 0.130731
2 1 0.051481 0.089796 0.534265 0.205436 0.119023
2 1 0.034258 0.083972 0.644515 0.131820 0.105434
2 1 0.047040 0.122372 0.554498 0.066122 0.209968
2 1 0.050185 0.133503 0.469800 0.041485 0.305028
4 1 0.055347 0.123461 0.286559 0.023614 0.511020
4 1 0.056623 0.102124 0.256659 0.032542 0.552053
4 1 0.056662 0.099515 0.189574 0.020204 0.634045
4 1 0.046856 0.092470 0.115764 0.006386 0.738524
4 1 0.042676 0.093276 0.117403 0.004423 0.742222
4 1 0.037433 0.090143 0.119563 0.003281 0.749580
4 1 0.036145 0.110817 0.171631 0.003326 0.678082
4 2 0.029267 0.117687 0.223249 0.002720 0.627077
4 2 0.029482 0.143517 0.322119 0.004087 0.500795
4 2 0.030180 0.143618 0.324680 0.004748 0.496774
4 2 0.024656 0.152555 0.373742 0.002375 0.446673
4 2 0.027812 0.134305 0.276673 0.002315 0.558896
4 2 0.037151 0.140788 0.246123 0.003756 0.572182
4 2 0.042186 0.128047 0.182635 0.003275 0.643856
4 2 0.048897 0.140294 0.193609 0.004563 0.612637
4 2 0.045978 0.133311 0.185807 0.004028 0.630875
4 2 0.044737 0.112243 0.143784 0.003678 0.695558
4 2 0.060985 0.136510 0.155565 0.005749 0.641191
4 2 0.115398 0.194706 0.214331 0.019178 0.456387
2 2 0.100134 0.222725 0.472717 0.048343 0.156082
2 2 0.089505 0.178798 0.528650 0.108052 0.094995
2 2 0.082107 0.211956 0.518892 0.066790 0.120256
2 2 0.117633 0.228373 0.430781 0.069002 0.154211
2 1 0.124110 0.214931 0.439047 0.090380 0.131532
2 1 0.257398 0.195928 0.289652 0.125368 0.131654
2 1 0.264503 0.218876 0.292415 0.110272 0.113934
0 1 0.433936 0.214127 0.147844 0.055415 0.148676
0 1 0.677055 0.113128 0.074924 0.056891 0.078001
0 1 0.798838 0.049233 0.032774 0.062211 0.056944
0 0 0.775484 0.035747 0.024762 0.099672 0.064336
0 0 0.679313 0.036918 0.034493 0.186360 0.062916
3 0 0.245544 0.016579 0.053789 0.667840 0.016249
3 0 0.275500 0.098789 0.202916 0.385604 0.037191
0 0 0.257921 0.227031 0.247494 0.142801 0.124753
2 1 0.077513 0.258487 0.370167 0.015932 0.277900
2 1 0.042274 0.195347 0.548509 0.017736 0.196134
2 1 0.094622 0.220526 0.432111 0.058522 0.194218
0 1 0.304483 0.213501 0.243160 0.159084 0.079771
0 1 0.494056 0.198681 0.147114 0.090569 0.069580
0 1 0.630955 0.141337 0.097272 0.062447 0.067989
0 1 0.754906 0.065685 0.043926 0.067126 0.068357
0 0 0.840779 0.024685 0.017102 0.077890 0.039543
0 0 0.868625 0.017243 0.011407 0.062230 0.040495
0 0 0.784295 0.043988 0.024930 0.032196 0.114589
4 0 0.371307 0.100690 0.051407 0.024097 0.452500
4 0 0.271408 0.129234 0.064855 0.018887 0.515616
4 0 0.109768 0.148189 0.108185 0.010227 0.623631
4 1 0.072493 0.180959 0.212218 0.007732 0.526598
2 1 0.046677 0.230974 0.432506 0.006484 0.283359
2 1 0.044800 0.218877 0.531672 0.013427 0.191223
2 1 0.064121 0.196421 0.503957 0.033374 0.202126
2 0 0.096079 0.167722 0.473942 0.120302 0.141955
0 0 0.267883 0.168603 0.241600 0.168075 0.153839
0 0 0.479793 0.136420 0.094721 0.073085 0.215980
0 0 0.531452 0.090957 0.062366 0.082693 0.232532
0 0 0.507290 0.073188 0.072631 0.150845 0.196046
3 0 0.254172 0.084823 0.173182 0.312136 0.175686
4 1 0.154517 0.148472 0.229368 0.090069 0.377573
4 1 0.082963 0.150993 0.300325 0.041575 0.424144
4 1 0.073698 0.172115 0.285783 0.019915 0.448489
2 1 0.041407 0.115318 0.652117 0.094730 0.096427
2 1 0.042919 0.130987 0.667809 0.080858 0.077427
2 0 0.054238 0.138984 0.620000 0.101228 0.085549
2 1 0.058891 0.155484 0.589523 0.082570 0.113531
2 1 0.078075 0.197564 0.485860 0.050983 0.187519
2 1 0.063835 0.246269 0.442398 0.015483 0.232015
2 1 0.069839 0.244695 0.402607 0.015595 0.267264
2 1 0.088614 0.237297 0.454864 0.038918 0.180307
2 1 0.084310 0.227794 0.499050 0.050062 0.138784
2 1 0.086505 0.200631 0.512685 0.095228 0.104952
4 1 0.028894 0.147609 0.358071 0.005228 0.460198
4 1 0.028580 0.138218 0.319449 0.004431 0.509322
4 1 0.029264 0.135125 0.293596 0.003822 0.538193
4 1 0.030764 0.143444 0.303449 0.003722 0.518621
4 1 0.029880 0.159861 0.366700 0.003911 0.439648
2 1 0.030928 0.180414 0.436663 0.005044 0.346951
2 1 0.030033 0.184422 0.459257 0.004990 0.321297
2 1 0.029198 0.189954 0.490738 0.005230 0.284879
2 1 0.026759 0.193948 0.538879 0.005307 0.235107
2 1 0.023070 0.178140 0.642917 0.008248 0.147625
2 1 0.023306 0.191994 0.632930 0.007068 0.144703
2 2 0.023638 0.195043 0.628113 0.006881 0.146325
2 2 0.025894 0.186311 0.626603 0.008545 0.152647
2 2 0.028239 0.148415 0.674469 0.019095 0.129782
2 2 0.027894 0.127488 0.722995 0.033496 0.088127
2 2 0.030539 0.127516 0.717755 0.043708 0.080481
2 2 0.051128 0.170577 0.599648 0.041239 0.137408
2 2 0.075692 0.177349 0.458004 0.050938 0.238016
2 2 0.083993 0.179533 0.446250 0.069454 0.220770
2 2 0.057135 0.140734 0.570907 0.102829 0.128394
2 2 0.029475 0.116230 0.722011 0.077712 0.054572
2 2 0.023598 0.106450 0.755072 0.064406 0.050473
2 2 0.020335 0.115775 0.765908 0.042403 0.055580
2 2 0.010480 0.074669 0.845467 0.032770 0.036615
2 2 0.010043 0.077507 0.846049 0.028240 0.038161
2 2 0.010242 0.080142 0.842823 0.027326 0.039467
2 2 0.008682 0.067228 0.861852 0.029050 0.033188
2 2 0.008598 0.071476 0.859253 0.025278 0.035395
2 2 0.007057 0.061023 0.877109 0.024441 0.030371
2 2 0.007083 0.063871 0.874736 0.022468 0.031842
2 2 0.008386 0.065723 0.864820 0.028590 0.032481
2 2 0.012709 0.080929 0.827981 0.039015 0.039366
2 2 0.022438 0.116461 0.759245 0.041553 0.060303
2 2 0.021394 0.097583 0.769632 0.065018 0.046373
2 2 0.021692 0.093029 0.768233 0.072964 0.044083
2 2 0.020148 0.091611 0.778066 0.066597 0.043577
2 2 0.021348 0.101194 0.768965 0.060324 0.048170
2 2 0.018019 0.104752 0.784463 0.042322 0.050445
2 2 0.015420 0.108672 0.792990 0.030021 0.052898
2 2 0.008694 0.072887 0.857531 0.024788 0.036100
2 2 0.006425 0.048940 0.888431 0.031939 0.024265
2 2 0.006667 0.047747 0.886242 0.035746 0.023597
2 2 0.005788 0.038327 0.894374 0.042589 0.018922
2 2 0.006021 0.040510 0.892435 0.041034 0.020001
2 2 0.004824 0.030934 0.902366 0.046580 0.015296
2 3 0.004865 0.031585 0.902474 0.045452 0.015624
2 3 0.004057 0.026066 0.909332 0.047620 0.012925
2 3 0.005163 0.035087 0.901074 0.041301 0.017374
2 3 0.004993 0.031376 0.900018 0.048120 0.015493
2 3 0.005626 0.034180 0.893053 0.050321 0.016820
2 3 0.006532 0.034455 0.878288 0.063915 0.016811
2 3 0.006518 0.031515 0.871680 0.074969 0.015318
2 3 0.008527 0.035706 0.845463 0.093134 0.017170
2 3 0.010549 0.039274 0.820763 0.110691 0.018722
2 3 0.014908 0.048894 0.783428 0.129727 0.023044
2 3 0.010213 0.032683 0.797585 0.144037 0.015481
2 3 0.009520 0.033264 0.815842 0.125537 0.015838
2 3 0.007480 0.027533 0.832834 0.118962 0.013191
2 3 0.010115 0.038478 0.825696 0.107338 0.018373
2 3 0.010842 0.046075 0.833937 0.087061 0.022085
2 3 0.015125 0.087285 0.802514 0.039436 0.055640
2 3 0.011841 0.070238 0.838163 0.045652 0.034105
2 3 0.007884 0.041417 0.868125 0.062431 0.020143
2 3 0.007652 0.034598 0.858453 0.082573 0.016724
2 3 0.007022 0.032314 0.863948 0.081062 0.015654
2 3 0.005556 0.023517 0.862273 0.097262 0.011392
2 3 0.004294 0.016333 0.850689 0.120779 0.007905
2 3 0.005187 0.020248 0.851856 0.112927 0.009783
2 3 0.006206 0.027042 0.862631 0.091028 0.013093
2 3 0.005237 0.022198 0.864013 0.097788 0.010764
2 3 0.004891 0.020019 0.860527 0.104862 0.009702
2 3 0.004478 0.017160 0.851357 0.118701 0.008303
2 3 0.005679 0.023445 0.858219 0.101318 0.011340
2 3 0.004897 0.018867 0.850804 0.116314 0.009119
2 3 0.004845 0.017083 0.834573 0.135275 0.008224
2 3 0.004246 0.014331 0.826950 0.147574 0.006899
2 3 0.004507 0.015687 0.832886 0.139364 0.007556
2 3 0.004400 0.014409 0.819894 0.154375 0.006923
2 3 0.004700 0.015071 0.814444 0.158558 0.007227
2 3 0.005681 0.020507 0.836407 0.127546 0.009859
2 3 0.006747 0.026398 0.845490 0.108662 0.012703
2 3 0.006461 0.025616 0.848759 0.106822 0.012342
2 3 0.005497 0.021581 0.851478 0.111023 0.010420
2 3 0.005679 0.022550 0.852475 0.108407 0.010888
2 3 0.006496 0.024915 0.843562 0.113040 0.011986
2 3 0.006344 0.024591 0.845876 0.111349 0.011840
2 3 0.006411 0.023556 0.836842 0.121878 0.011312
2 3 0.006556 0.023034 0.828309 0.131065 0.011035
2 3 0.007065 0.023742 0.818045 0.139810 0.011338
2 3 0.008309 0.026947 0.806829 0.145101 0.012814
2 3 0.006964 0.019581 0.777509 0.186671 0.009274
2 3 0.006804 0.017972 0.760695 0.206039 0.008490
2 3 0.005499 0.012824 0.722747 0.252889 0.006041
2 3 0.005710 0.012674 0.705779 0.269884 0.005952
2 3 0.004652 0.010271 0.703124 0.277117 0.004837
2 3 0.005016 0.011697 0.721655 0.256026 0.005606
