0 0 0.360671 0.149051 0.353411 0.009806 0.127061
0 0 0.375999 0.153351 0.319654 0.008877 0.142120
0 0 0.517443 0.148294 0.198734 0.007482 0.128047
0 0 0.647740 0.125772 0.137623 0.007014 0.081851
0 0 0.695234 0.117444 0.108567 0.007229 0.071526
0 0 0.688143 0.119451 0.112488 0.008557 0.071361
0 0 0.540801 0.186490 0.160591 0.010513 0.101605
0 0 0.382514 0.269995 0.213160 0.010183 0.124148
0 1 0.379062 0.242513 0.159253 0.009045 0.210127
4 1 0.198227 0.302634 0.171666 0.014335 0.313138
4 1 0.185910 0.312023 0.174182 0.013300 0.314585
4 1 0.135835 0.308934 0.157402 0.014935 0.382894
1 1 0.143872 0.337221 0.190418 0.018617 0.309872
4 1 0.179895 0.243937 0.120889 0.014177 0.441102
4 1 0.271140 0.202948 0.105790 0.012170 0.407952
4 1 0.248631 0.229150 0.124169 0.015035 0.383014
4 4 0.219757 0.186674 0.091330 0.015420 0.486819
4 4 0.224269 0.161587 0.074193 0.011542 0.528409
0 4 0.374029 0.171331 0.094607 0.009955 0.350077
0 0 0.580294 0.149931 0.116461 0.011152 0.142161
0 0 0.670422 0.125452 0.108390 0.007162 0.088573
0 0 0.668893 0.124475 0.122544 0.012961 0.071127
0 0 0.703510 0.113945 0.112409 0.008619 0.061518
0 0 0.692237 0.118324 0.110036 0.007703 0.071700
0 0 0.754041 0.096190 0.101630 0.005702 0.042438
0 0 0.460308 0.222590 0.225825 0.019485 0.071792
0 0 0.354607 0.276929 0.278971 0.020026 0.069466
2 0 0.142937 0.344476 0.419603 0.024471 0.068512
2 0 0.055937 0.289448 0.590824 0.022063 0.041728
2 0 0.031069 0.202860 0.712402 0.030083 0.023587
2 1 0.011572 0.103296 0.844111 0.030057 0.010963
2 1 0.011900 0.088318 0.848208 0.042299 0.009275
2 1 0.009824 0.063349 0.849072 0.069901 0.007854
2 1 0.010378 0.055163 0.828052 0.098829 0.007577
2 2 0.012218 0.055676 0.811413 0.112759 0.007935
2 2 0.013838 0.058167 0.797971 0.121077 0.008947
2 2 0.011990 0.050097 0.769777 0.159365 0.008771
2 2 0.010450 0.049073 0.743527 0.187018 0.009932
2 2 0.009714 0.046691 0.705542 0.227253 0.010799
2 2 0.011012 0.047004 0.635523 0.294173 0.012288
2 2 0.010561 0.039417 0.611576 0.328116 0.010330
2 2 0.010538 0.039769 0.613480 0.326906 0.009307
2 2 0.010900 0.041769 0.596442 0.341278 0.009611
2 2 0.009038 0.039334 0.620409 0.322182 0.009037
2 2 0.007292 0.037530 0.642872 0.303092 0.009213
2 2 0.004159 0.029455 0.702585 0.256005 0.007795
2 2 0.003598 0.026874 0.708255 0.253007 0.008265
2 2 0.003529 0.026713 0.760227 0.199898 0.009634
2 2 0.003285 0.023167 0.776651 0.186251 0.010645
2 2 0.004146 0.027222 0.803403 0.153394 0.011835
2 2 0.004677 0.030366 0.814822 0.139290 0.010846
2 2 0.006798 0.043173 0.845961 0.094655 0.009412
2 2 0.011978 0.065593 0.839205 0.071247 0.011976
2 2 0.019039 0.078463 0.815936 0.071628 0.014934
2 2 0.021366 0.081377 0.802669 0.076514 0.018074
2 2 0.022019 0.077111 0.787152 0.094841 0.018876
2 2 0.015852 0.069266 0.776103 0.118774 0.020004
2 2 0.010697 0.056674 0.780029 0.133544 0.019056
2 2 0.006366 0.037974 0.773663 0.167209 0.014789
2 2 0.002682 0.018790 0.784436 0.185174 0.008919
2 2 0.005462 0.022938 0.554426 0.405454 0.011721
2 2 0.005759 0.020245 0.517410 0.443899 0.012686
2 2 0.007475 0.026142 0.586705 0.364572 0.015106
2 2 0.010221 0.031964 0.613651 0.326805 0.017360
2 2 0.011681 0.036968 0.659742 0.274857 0.016753
2 2 0.010392 0.034024 0.620122 0.320067 0.015394
2 2 0.008612 0.032954 0.632955 0.311960 0.013519
2 2 0.005634 0.022318 0.583193 0.379195 0.009660
2 2 0.005345 0.024110 0.659481 0.301787 0.009277
2 2 0.008751 0.031974 0.718512 0.231502 0.009261
2 2 0.011206 0.036225 0.749834 0.194269 0.008466
2 2 0.011704 0.038430 0.750142 0.192331 0.007393
2 2 0.011511 0.047005 0.789632 0.144514 0.007338
2 2 0.016084 0.065447 0.792797 0.117068 0.008604
2 2 0.034039 0.114489 0.763408 0.075835 0.012230
2 0 0.043482 0.132495 0.745304 0.065612 0.013107
2 2 0.039303 0.131333 0.762364 0.054562 0.012438
2 2 0.018190 0.109480 0.821527 0.040163 0.010641
2 2 0.015344 0.116639 0.827231 0.028918 0.011868
2 2 0.012025 0.096786 0.852501 0.027244 0.011445
2 2 0.012058 0.081340 0.861670 0.033642 0.011291
2 2 0.011367 0.059131 0.866757 0.052717 0.010028
2 2 0.015896 0.061277 0.832583 0.078494 0.011750
2 0 0.023690 0.067256 0.784773 0.110659 0.013622
2 0 0.059556 0.111843 0.697437 0.109824 0.021340
2 0 0.109407 0.154716 0.603776 0.105440 0.026661
2 0 0.287028 0.250168 0.368023 0.046419 0.048362
0 0 0.328436 0.264762 0.307524 0.032736 0.066542
0 1 0.321768 0.297164 0.257246 0.017825 0.105998
1 1 0.247116 0.331887 0.250671 0.018358 0.151968
1 0 0.198926 0.359008 0.266960 0.020746 0.154360
1 1 0.116163 0.407011 0.322072 0.023315 0.131439
1 1 0.144193 0.403973 0.306735 0.019362 0.125736
1 1 0.136329 0.411226 0.302876 0.017727 0.131842
1 1 0.160572 0.398276 0.308226 0.016372 0.116554
1 0 0.228313 0.353942 0.285013 0.016360 0.116373
0 0 0.347249 0.283473 0.217855 0.012103 0.139321
0 0 0.446377 0.224809 0.165025 0.009032 0.154757
0 0 0.557132 0.174980 0.132377 0.006303 0.129207
0 0 0.659005 0.134153 0.110408 0.004896 0.091537
0 0 0.770245 0.092058 0.088837 0.003053 0.045807
0 0 0.769587 0.092525 0.100480 0.003761 0.033647
0 0 0.744072 0.103647 0.115125 0.004232 0.032924
0 0 0.708637 0.118692 0.122286 0.005132 0.045253
0 0 0.690354 0.128598 0.132418 0.004624 0.044006
0 0 0.569835 0.186660 0.191539 0.005319 0.046646
0 0 0.504748 0.215929 0.195989 0.007362 0.075973
0 0 0.653552 0.130658 0.108982 0.007269 0.099539
0 0 0.600946 0.145320 0.126207 0.015504 0.112023
0 0 0.556280 0.155768 0.119828 0.013398 0.154726
0 0 0.443931 0.184175 0.126196 0.016835 0.228863
0 0 0.400352 0.190218 0.122353 0.016831 0.270246
0 1 0.326172 0.237806 0.152263 0.017361 0.266399
1 1 0.251014 0.293266 0.191204 0.019607 0.244910
1 1 0.195325 0.347677 0.232902 0.018674 0.205422
1 1 0.114565 0.298901 0.272343 0.017927 0.296264
4 4 0.095156 0.266216 0.223917 0.016207 0.398504
4 4 0.073235 0.226717 0.199128 0.015981 0.484938
4 4 0.090716 0.211268 0.143721 0.014253 0.540041
4 4 0.144140 0.140054 0.056229 0.009957 0.649620
4 4 0.348557 0.174003 0.095763 0.012206 0.369471
0 4 0.518377 0.157180 0.100257 0.006764 0.217422
0 4 0.621322 0.138438 0.105101 0.006508 0.128630
0 4 0.644087 0.133105 0.109285 0.007566 0.105958
0 4 0.516237 0.159280 0.104594 0.008191 0.211698
0 0 0.541787 0.149980 0.092553 0.004451 0.211228
0 0 0.562818 0.145440 0.090244 0.003762 0.197735
0 0 0.587692 0.141977 0.092521 0.003942 0.173868
0 0 0.523002 0.188041 0.130432 0.004790 0.153735
0 0 0.556254 0.189143 0.149499 0.004399 0.100706
1 0 0.264219 0.340805 0.263957 0.010680 0.120339
1 0 0.190753 0.380300 0.285686 0.013902 0.129360
1 0 0.159941 0.397781 0.312025 0.017132 0.113121
1 0 0.141713 0.410920 0.312611 0.016634 0.118123
1 0 0.124525 0.418160 0.287255 0.016065 0.153994
1 0 0.108920 0.399950 0.340087 0.018142 0.132902
2 0 0.058012 0.323312 0.509830 0.018029 0.090817
2 1 0.054560 0.324929 0.508185 0.018133 0.094193
2 1 0.053941 0.336271 0.493479 0.017853 0.098455
2 1 0.052447 0.354109 0.457518 0.017298 0.118628
2 1 0.042861 0.336073 0.496723 0.017162 0.107182
2 1 0.038581 0.318702 0.526228 0.017786 0.098704
2 1 0.039358 0.318751 0.527063 0.018115 0.096713
2 1 0.043857 0.335338 0.494052 0.018138 0.108615
2 1 0.043914 0.328568 0.483184 0.017260 0.127075
2 1 0.046069 0.328052 0.472646 0.017718 0.135515
2 1 0.053245 0.336008 0.442337 0.017903 0.150508
2 1 0.062815 0.355163 0.412069 0.017677 0.152277
2 1 0.067379 0.362933 0.399031 0.017707 0.152950
2 1 0.060570 0.361681 0.414062 0.017885 0.145802
2 1 0.046422 0.350822 0.423545 0.017156 0.162055
2 1 0.036258 0.318328 0.506510 0.016591 0.122311
2 1 0.029306 0.282195 0.563923 0.015030 0.109546
2 1 0.028952 0.273584 0.564191 0.014830 0.118444
2 1 0.026065 0.256552 0.592992 0.014628 0.109763
2 1 0.029084 0.272218 0.557026 0.014670 0.127003
2 1 0.030732 0.281093 0.558346 0.015170 0.114658
2 2 0.047778 0.290911 0.591625 0.017000 0.052687
2 2 0.070400 0.315225 0.548203 0.018451 0.047721
2 2 0.097058 0.316390 0.522337 0.017449 0.046767
2 0 0.144271 0.329872 0.442103 0.017594 0.066160
2 0 0.188080 0.325850 0.400529 0.017902 0.067639
2 0 0.198710 0.315596 0.407494 0.024038 0.054162
2 0 0.266158 0.308991 0.353956 0.025686 0.045210
0 0 0.458622 0.226609 0.256137 0.013692 0.044941
0 0 0.597304 0.166977 0.160597 0.008313 0.066810
0 0 0.672007 0.124904 0.111043 0.008026 0.084020
0 0 0.541056 0.158337 0.116465 0.012246 0.171896
0 0 0.580962 0.149818 0.116767 0.011271 0.141182
0 0 0.573157 0.149755 0.107641 0.007941 0.161506
0 0 0.553607 0.154050 0.109025 0.008818 0.174499
0 0 0.440016 0.202140 0.139903 0.012831 0.205110
1 1 0.202865 0.363854 0.310954 0.021484 0.100843
1 1 0.131859 0.397624 0.382514 0.025917 0.062086
2 0 0.071807 0.338831 0.493896 0.027915 0.067551
2 0 0.111497 0.323178 0.376679 0.035014 0.153632
2 0 0.130525 0.263400 0.286024 0.054410 0.265641
1 1 0.217621 0.284226 0.236214 0.049106 0.212833
1 1 0.180725 0.324207 0.268725 0.046631 0.179712
1 1 0.141491 0.368035 0.286144 0.036851 0.167478
0 0 0.573829 0.152114 0.123188 0.014630 0.136239
0 0 0.508371 0.173304 0.130698 0.015778 0.171848
0 0 0.564661 0.158011 0.124615 0.012389 0.140324
0 0 0.581868 0.156052 0.141499 0.017928 0.102653
0 0 0.581576 0.150224 0.122968 0.014289 0.130942
0 1 0.594979 0.145678 0.110868 0.008664 0.139811
0 2 0.656791 0.127716 0.094764 0.003903 0.116827
0 0 0.637999 0.129706 0.086567 0.002676 0.143052
0 0 0.638972 0.129772 0.087352 0.002780 0.141125
0 0 0.565188 0.149420 0.101230 0.006168 0.177994
0 0 0.485212 0.163593 0.103434 0.008688 0.239072
0 0 0.550324 0.149131 0.093756 0.004592 0.202196
0 0 0.527139 0.152252 0.092507 0.004645 0.223456
0 0 0.521207 0.156355 0.099383 0.006453 0.216601
0 0 0.494145 0.170920 0.118698 0.012494 0.203743
1 0 0.305576 0.307186 0.247851 0.015242 0.124145
0 0 0.354042 0.275408 0.209895 0.013131 0.147524
0 1 0.428770 0.233927 0.178469 0.011518 0.147316
0 2 0.631513 0.139891 0.122295 0.010186 0.096115
0 2 0.671557 0.125103 0.108807 0.007290 0.087242
0 2 0.692600 0.118493 0.099356 0.004750 0.084802
0 0 0.746829 0.100741 0.088713 0.002894 0.060822
0 0 0.817715 0.075051 0.071637 0.001264 0.034334
0 0 0.820984 0.074108 0.068115 0.001004 0.035789
0 2 0.717399 0.109268 0.081973 0.001970 0.089390
0 2 0.586152 0.147638 0.110631 0.008730 0.146850
0 0 0.524217 0.162025 0.118413 0.013840 0.181505
0 0 0.458641 0.171481 0.113703 0.014557 0.241617
0 0 0.446560 0.170939 0.108146 0.012304 0.262051
0 0 0.386570 0.176692 0.106052 0.015120 0.315565
4 0 0.323881 0.180754 0.111146 0.024414 0.359805
1 0 0.138693 0.297946 0.216770 0.055489 0.291103
1 2 0.083061 0.379871 0.350096 0.039389 0.147583
2 2 0.029943 0.200875 0.672554 0.020354 0.076274
2 2 0.010989 0.071680 0.852900 0.035796 0.028634
2 2 0.010912 0.063680 0.861206 0.039583 0.024618
2 2 0.016410 0.076175 0.848059 0.035806 0.023550
2 2 0.020979 0.087524 0.832354 0.032871 0.026272
2 2 0.017526 0.075090 0.852809 0.033704 0.020871
2 2 0.015324 0.066499 0.857575 0.037792 0.022810
2 2 0.015649 0.061359 0.847866 0.047126 0.028000
2 2 0.014598 0.055078 0.840634 0.058016 0.031675
2 2 0.008814 0.038782 0.847958 0.080425 0.024020
2 2 0.007841 0.036136 0.836953 0.097541 0.021530
2 2 0.006532 0.032974 0.835282 0.104168 0.021044
2 2 0.006095 0.033299 0.861896 0.079508 0.019203
2 2 0.004592 0.027904 0.874928 0.076392 0.016184
2 2 0.003144 0.019534 0.865663 0.097862 0.013798
2 2 0.002480 0.013878 0.821233 0.148187 0.014222
2 2 0.002990 0.014853 0.812633 0.152865 0.016659
2 2 0.004092 0.020364 0.830769 0.126507 0.018267
2 2 0.004007 0.020853 0.839052 0.120214 0.015875
2 2 0.003340 0.017785 0.812142 0.153955 0.012778
2 2 0.002558 0.014271 0.777177 0.195561 0.010433
2 2 0.003183 0.018482 0.779562 0.186798 0.011975
2 2 0.003574 0.018971 0.719628 0.244248 0.013580
2 2 0.004148 0.019761 0.703425 0.257613 0.015054
2 2 0.007852 0.024800 0.622964 0.324645 0.019739
2 2 0.033224 0.040885 0.548053 0.351503 0.026335
2 2 0.143208 0.055542 0.393165 0.374094 0.033990
0 0 0.731225 0.102011 0.114562 0.009963 0.042239
0 0 0.553900 0.149010 0.220458 0.031548 0.045084
0 0 0.768213 0.087831 0.106493 0.007672 0.029790
0 0 0.839474 0.059202 0.084969 0.003635 0.012721
0 0 0.801219 0.075290 0.096463 0.005353 0.021675
0 0 0.704409 0.111853 0.119175 0.011594 0.052968
0 2 0.593476 0.148491 0.130395 0.016733 0.110905
0 2 0.533017 0.181866 0.162140 0.017001 0.105977
0 0 0.350674 0.275992 0.268829 0.023330 0.081176
2 0 0.175739 0.343501 0.398386 0.039006 0.043368
2 0 0.053694 0.247745 0.607407 0.057225 0.033928
2 2 0.008192 0.057744 0.882140 0.039922 0.012002
2 2 0.009379 0.055374 0.870911 0.052785 0.011551
2 2 0.009637 0.062973 0.878755 0.038653 0.009982
2 2 0.008914 0.061993 0.878551 0.041515 0.009027
2 2 0.009730 0.072540 0.870000 0.037036 0.010695
2 2 0.006607 0.052597 0.877973 0.053266 0.009558
2 2 0.004714 0.039580 0.856816 0.089377 0.009513
2 2 0.004609 0.034762 0.816703 0.133462 0.010464
2 2 0.008647 0.049396 0.774402 0.150478 0.017077
2 2 0.021037 0.072388 0.726750 0.159522 0.020303
2 2 0.075698 0.106369 0.622694 0.171496 0.023743
2 2 0.296167 0.139556 0.402835 0.131782 0.029661
0 2 0.434471 0.151861 0.281979 0.081807 0.049881
0 0 0.630251 0.133565 0.136870 0.021442 0.077873
0 0 0.712720 0.108323 0.119301 0.011827 0.047829
0 0 0.767589 0.087637 0.107561 0.008080 0.029132
0 2 0.800636 0.074907 0.097809 0.005763 0.020884
0 2 0.802394 0.076811 0.091774 0.004109 0.024912
0 2 0.842311 0.062820 0.074280 0.001770 0.018819
0 0 0.849012 0.060239 0.071668 0.001552 0.017529
0 0 0.885420 0.046253 0.056096 0.000631 0.011600
0 0 0.880730 0.047737 0.058965 0.000775 0.011792
0 0 0.862962 0.055007 0.065627 0.001114 0.015291
0 0 0.823092 0.071918 0.075677 0.001705 0.027608
0 0 0.844644 0.064044 0.066523 0.001020 0.023769
0 0 0.788035 0.084802 0.088019 0.003089 0.036056
0 1 0.723738 0.107977 0.102808 0.005688 0.059789
0 2 0.667237 0.129234 0.125085 0.009780 0.068665
0 2 0.545560 0.185669 0.210741 0.013037 0.044993
0 2 0.516064 0.201871 0.216882 0.012515 0.052668
0 0 0.482960 0.209355 0.211930 0.020002 0.075753
0 0 0.515491 0.164448 0.216975 0.034206 0.068880
0 2 0.508510 0.162353 0.222960 0.037036 0.069141
0 2 0.375876 0.247506 0.264160 0.027379 0.085079
2 2 0.218732 0.315178 0.330619 0.041562 0.093908
2 2 0.062988 0.311224 0.449002 0.029732 0.147054
2 2 0.030605 0.244070 0.475067 0.026146 0.224112
2 4 0.040339 0.208294 0.390847 0.019893 0.340627
4 4 0.065856 0.186583 0.296640 0.024906 0.426015
4 4 0.099278 0.153246 0.174729 0.020695 0.552051
4 4 0.115655 0.148303 0.107450 0.014179 0.614413
4 4 0.127370 0.137634 0.064482 0.009155 0.661358
4 4 0.137411 0.134293 0.051020 0.008109 0.669167
4 4 0.138147 0.136168 0.053602 0.008667 0.663416
4 4 0.150507 0.143779 0.058523 0.011376 0.635815
4 4 0.151638 0.144578 0.059196 0.011706 0.632881
4 4 0.161988 0.151744 0.065538 0.015148 0.605582
4 4 0.159764 0.150228 0.064145 0.014339 0.611523
4 4 0.156831 0.148208 0.062334 0.013333 0.619294
4 4 0.142952 0.134716 0.075623 0.015980 0.630729
4 4 0.129075 0.123984 0.070736 0.012504 0.663700
4 4 0.129508 0.123755 0.074989 0.013798 0.657949
4 4 0.119409 0.117505 0.058896 0.008471 0.695719
4 4 0.137279 0.132100 0.062538 0.011144 0.656939
4 4 0.134351 0.137607 0.058769 0.009121 0.660152
4 4 0.112718 0.141087 0.089415 0.010689 0.646090
4 4 0.112154 0.134825 0.073789 0.008401 0.670831
4 4 0.121091 0.139593 0.074931 0.009910 0.654475
4 4 0.089089 0.206833 0.151742 0.014767 0.537570
4 4 0.077223 0.273608 0.240533 0.020676 0.387960
1 4 0.093362 0.333475 0.310061 0.021350 0.241752
2 4 0.046650 0.308848 0.368123 0.018132 0.258247
2 4 0.040700 0.313813 0.437726 0.017004 0.190757
2 4 0.033117 0.300657 0.517344 0.016565 0.132316
2 4 0.030357 0.283152 0.564902 0.017884 0.103704
2 4 0.024293 0.265118 0.606429 0.017378 0.086781
2 2 0.023385 0.258861 0.596462 0.017334 0.103958
2 2 0.018290 0.221260 0.654444 0.018782 0.087224
2 2 0.016696 0.205353 0.667584 0.019714 0.090654
2 2 0.015882 0.197014 0.678777 0.019705 0.088622
2 2 0.021828 0.220629 0.648807 0.017540 0.091196
2 2 0.026251 0.233847 0.615642 0.015467 0.108792
2 2 0.036332 0.260037 0.540128 0.016127 0.147376
2 2 0.043912 0.273180 0.530883 0.016435 0.135590
2 2 0.108254 0.328291 0.382824 0.016582 0.164050
1 2 0.220460 0.345149 0.289582 0.015964 0.128845
1 2 0.267666 0.331626 0.262958 0.014330 0.123419
0 0 0.445629 0.202463 0.134948 0.009207 0.207754
0 0 0.539673 0.157275 0.111017 0.009923 0.182112
0 0 0.558670 0.152857 0.108299 0.008450 0.171724
0 0 0.610673 0.141842 0.110137 0.008181 0.129168
0 0 0.620351 0.137605 0.100077 0.005230 0.136738
0 0 0.646508 0.131089 0.098800 0.004762 0.118841
0 1 0.510388 0.153438 0.090059 0.004375 0.241739
0 0 0.627535 0.136753 0.104110 0.006179 0.125422
0 0 0.571717 0.148937 0.103661 0.006740 0.168945
0 1 0.404012 0.218207 0.143892 0.011011 0.222878
1 1 0.208355 0.335837 0.222170 0.018014 0.215624
1 1 0.169462 0.382161 0.331012 0.023817 0.093548
2 1 0.013194 0.146755 0.763041 0.017185 0.059825
2 1 0.012455 0.118416 0.790728 0.027358 0.051043
2 2 0.010721 0.094770 0.824764 0.033279 0.036465
2 2 0.009152 0.081137 0.852463 0.028900 0.028348
2 2 0.007913 0.070033 0.872246 0.026386 0.023423
2 2 0.007247 0.055846 0.888495 0.025732 0.022680
2 2 0.005859 0.035474 0.896590 0.040388 0.021689
2 2 0.005506 0.026642 0.885839 0.060234 0.021778
2 2 0.006011 0.028077 0.872724 0.068513 0.024674
2 2 0.006078 0.030676 0.877567 0.061108 0.024572
2 2 0.005674 0.032300 0.899458 0.044942 0.017627
2 2 0.004855 0.032539 0.909660 0.040116 0.012831
2 2 0.004343 0.035421 0.915011 0.034687 0.010538
2 2 0.004538 0.039648 0.913370 0.031881 0.010563
2 2 0.005048 0.042516 0.904463 0.036792 0.011181
2 2 0.003580 0.030992 0.907051 0.049847 0.008530
2 2 0.002615 0.024466 0.898428 0.067766 0.006725
2 2 0.002235 0.021301 0.867847 0.101911 0.006706
2 2 0.002076 0.020406 0.844038 0.126503 0.006976
2 2 0.002016 0.018841 0.807996 0.164441 0.006706
3 2 0.003739 0.004813 0.182139 0.805501 0.003808
3 2 0.003937 0.005319 0.200364 0.786117 0.004264
3 2 0.004335 0.004539 0.154934 0.832242 0.003949
3 2 0.003705 0.003644 0.136168 0.853320 0.003162
3 2 0.003682 0.003660 0.128194 0.861472 0.002992
3 2 0.003743 0.004146 0.134010 0.855032 0.003070
3 2 0.003060 0.002994 0.112028 0.879605 0.002312
3 3 0.002478 0.001909 0.084546 0.909424 0.001643
3 3 0.002735 0.002142 0.091241 0.901998 0.001884
3 3 0.003046 0.002583 0.101508 0.890663 0.002201
3 3 0.003195 0.002656 0.098958 0.892934 0.002256
3 3 0.004046 0.003333 0.100000 0.889840 0.002781
3 3 0.003830 0.002983 0.092531 0.898125 0.002532
3 3 0.004065 0.002743 0.081845 0.908844 0.002502
3 3 0.003875 0.002184 0.064098 0.927763 0.002080
3 3 0.003665 0.002060 0.062715 0.929606 0.001954
3 3 0.004595 0.002615 0.068500 0.921773 0.002517
3 3 0.004943 0.002825 0.070471 0.919030 0.002732
3 3 0.004042 0.002284 0.065164 0.926329 0.002181
3 3 0.002767 0.001531 0.056156 0.938120 0.001427
3 3 0.003131 0.001744 0.058960 0.934526 0.001638
3 3 0.003981 0.002247 0.064777 0.926851 0.002144
3 3 0.004130 0.002336 0.065714 0.925586 0.002234
3 3 0.003873 0.002183 0.064082 0.927784 0.002078
3 3 0.003705 0.002083 0.062982 0.929251 0.001978
3 3 0.003539 0.001985 0.061860 0.930738 0.001879
3 3 0.003135 0.001747 0.058989 0.934488 0.001641
3 3 0.003404 0.001905 0.060928 0.931963 0.001799
3 3 0.004255 0.002411 0.066481 0.924543 0.002310
3 3 0.004951 0.002830 0.070517 0.918965 0.002737
3 3 0.004727 0.002694 0.069259 0.920720 0.002599
3 3 0.004729 0.002695 0.069269 0.920708 0.002600
3 3 0.004943 0.002824 0.070470 0.919031 0.002732
3 3 0.005796 0.003342 0.074942 0.912654 0.003266
3 3 0.006577 0.003819 0.078671 0.907170 0.003763
3 3 0.005761 0.003320 0.074768 0.912907 0.003244
3 3 0.006259 0.004667 0.127515 0.856600 0.004959
3 2 0.006679 0.006675 0.202627 0.776835 0.007184
3 2 0.005575 0.008877 0.313412 0.663865 0.008271
3 2 0.006632 0.010895 0.358206 0.613370 0.010896
3 2 0.008950 0.014967 0.346662 0.615820 0.013601
3 2 0.014584 0.020230 0.282952 0.665692 0.016541
3 0 0.061195 0.044121 0.276226 0.595303 0.023155
3 0 0.103263 0.061727 0.319588 0.486456 0.028965
3 2 0.129346 0.063416 0.328170 0.450338 0.028730
3 2 0.087348 0.053941 0.320355 0.514306 0.024050
3 2 0.052046 0.050533 0.317479 0.558890 0.021052
3 2 0.022432 0.050443 0.408539 0.496057 0.022528
2 2 0.011154 0.042289 0.552913 0.368777 0.024867
2 2 0.005673 0.031925 0.797164 0.149082 0.016156
2 2 0.012405 0.057296 0.768407 0.138771 0.023120
2 2 0.043532 0.124558 0.695851 0.108678 0.027381
2 2 0.086429 0.184388 0.565872 0.127430 0.035881
2 2 0.096184 0.172950 0.505132 0.189327 0.036407
2 2 0.084222 0.132665 0.438903 0.308498 0.035711
3 2 0.040436 0.084206 0.405753 0.445347 0.024258
2 2 0.022815 0.064359 0.454016 0.437329 0.021481
2 2 0.006799 0.028408 0.498594 0.452659 0.013540
2 2 0.003198 0.019567 0.673736 0.293124 0.010376
2 2 0.003616 0.027373 0.753000 0.203868 0.012144
2 2 0.039757 0.241909 0.361024 0.017482 0.339827
4 2 0.056279 0.250993 0.280012 0.019215 0.393500
4 2 0.071395 0.262892 0.223505 0.020237 0.421971
4 2 0.090907 0.237253 0.143545 0.014965 0.513330
4 4 0.101031 0.195561 0.101772 0.010796 0.590840
4 4 0.098564 0.212412 0.108497 0.011450 0.569077
4 4 0.090533 0.251089 0.136427 0.014187 0.507764
4 4 0.076544 0.312707 0.193928 0.020717 0.396104
1 4 0.070735 0.349650 0.255496 0.021935 0.302183
1 4 0.065742 0.339422 0.246859 0.017779 0.330199
1 4 0.067152 0.351810 0.269059 0.016799 0.295180
1 4 0.116349 0.373842 0.281818 0.016871 0.211120
2 4 0.110446 0.336887 0.413566 0.019457 0.119646
2 4 0.099165 0.340532 0.445495 0.019829 0.094979
1 4 0.259467 0.324874 0.283504 0.024735 0.107420
0 4 0.398128 0.238405 0.191202 0.021363 0.150902
0 0 0.406347 0.231792 0.193759 0.026152 0.141949
0 0 0.415061 0.233078 0.202810 0.024995 0.124055
0 0 0.587460 0.153933 0.129198 0.012610 0.116799
0 0 0.545316 0.177600 0.137923 0.008468 0.130693
0 0 0.512009 0.199720 0.152892 0.007055 0.128324
0 0 0.587754 0.166938 0.139050 0.006965 0.099294
0 0 0.410746 0.217308 0.151297 0.014361 0.206288
0 0 0.454146 0.214716 0.172385 0.016480 0.142273
0 0 0.502579 0.203413 0.176531 0.012790 0.104687
0 2 0.646585 0.144867 0.153889 0.007573 0.047085
0 2 0.365979 0.276959 0.242190 0.014767 0.100105
0 2 0.380666 0.267590 0.223000 0.013701 0.115042
0 2 0.444268 0.235528 0.216197 0.014571 0.089437
0 0 0.431764 0.245396 0.224732 0.012629 0.085479
0 0 0.396605 0.260704 0.260367 0.015139 0.067184
0 0 0.323733 0.288346 0.216184 0.014679 0.157059
0 0 0.280762 0.276109 0.184232 0.020357 0.238540
0 0 0.281284 0.252866 0.168750 0.029883 0.267217
0 0 0.403775 0.182590 0.120547 0.022001 0.271087
0 0 0.501768 0.166172 0.118659 0.014991 0.198410
0 0 0.557456 0.154620 0.114636 0.010930 0.162358
0 0 0.452678 0.186641 0.124529 0.011966 0.224186
4 0 0.273750 0.243276 0.138803 0.013565 0.330605
1 2 0.230180 0.301865 0.189628 0.018080 0.260247
1 2 0.137514 0.375029 0.323692 0.023752 0.140013
2 2 0.077528 0.326877 0.514708 0.027666 0.053222
2 2 0.029616 0.229720 0.682080 0.021619 0.036964
2 2 0.011300 0.113099 0.842256 0.015065 0.018279
2 2 0.018832 0.143885 0.801789 0.013388 0.022106
2 2 0.035312 0.191694 0.718574 0.014140 0.040280
2 2 0.039433 0.184935 0.729043 0.014456 0.032134
2 2 0.052594 0.229034 0.672575 0.015052 0.030745
2 2 0.068450 0.278763 0.603752 0.015628 0.033406
2 2 0.058574 0.276747 0.616527 0.015523 0.032629
2 2 0.044356 0.245862 0.665299 0.015112 0.029371
2 2 0.034801 0.222521 0.698736 0.013945 0.029996
2 2 0.023084 0.181763 0.757769 0.013466 0.023919
2 2 0.015102 0.143971 0.806514 0.012304 0.022110
2 2 0.009122 0.095096 0.864358 0.014759 0.016665
2 2 0.006556 0.073964 0.890575 0.014981 0.013924
2 2 0.006323 0.072386 0.889660 0.017040 0.014591
2 2 0.006496 0.072033 0.887577 0.018036 0.015858
2 2 0.005627 0.064063 0.894197 0.022052 0.014061
2 2 0.006376 0.073746 0.883770 0.019869 0.016238
2 2 0.002840 0.028828 0.922337 0.038570 0.007425
2 2 0.003117 0.029153 0.919112 0.039604 0.009014
2 2 0.003656 0.031397 0.909257 0.045073 0.010617
2 2 0.003133 0.028166 0.912307 0.047804 0.008590
2 2 0.003051 0.030633 0.908767 0.049606 0.007944
2 2 0.003121 0.037732 0.910947 0.040956 0.007244
2 2 0.003272 0.044084 0.908787 0.037068 0.006789
2 2 0.003659 0.050772 0.893060 0.044616 0.007893
2 2 0.004571 0.056976 0.883691 0.045255 0.009507
2 2 0.004317 0.048241 0.877049 0.061368 0.009025
2 2 0.005495 0.055015 0.874873 0.054370 0.010247
2 2 0.005551 0.045865 0.852180 0.085903 0.010500
2 2 0.005122 0.038667 0.829609 0.116285 0.010317
2 2 0.004167 0.030428 0.800211 0.155370 0.009825
2 2 0.004303 0.032427 0.786661 0.165881 0.010729
2 2 0.003395 0.029196 0.797018 0.161098 0.009293
2 2 0.002916 0.023815 0.707206 0.256571 0.009492
2 2 0.002745 0.023328 0.735807 0.228496 0.009624
2 2 0.002827 0.024874 0.782502 0.180865 0.008933
2 2 0.003041 0.029570 0.860079 0.099331 0.007979
2 2 0.003393 0.030578 0.851717 0.106330 0.007982
2 2 0.004125 0.031533 0.826155 0.128410 0.009778
2 2 0.004261 0.031699 0.810676 0.143596 0.009768
2 2 0.004541 0.035030 0.824807 0.125536 0.010086
2 2 0.003816 0.027146 0.760816 0.198369 0.009853
2 2 0.003253 0.022477 0.663530 0.300996 0.009744
2 2 0.003331 0.025577 0.659951 0.301314 0.009828
2 2 0.004316 0.032931 0.703897 0.248306 0.010550
2 2 0.003854 0.029639 0.687370 0.268620 0.010517
2 2 0.003489 0.019799 0.585239 0.382581 0.008892
2 2 0.003657 0.018197 0.564270 0.404882 0.008994
2 2 0.004118 0.018784 0.558215 0.408893 0.009990
2 2 0.004294 0.019176 0.576024 0.389596 0.010909
2 2 0.004430 0.018813 0.572503 0.393037 0.011217
2 2 0.004866 0.019041 0.543498 0.421127 0.011469
2 2 0.004275 0.017173 0.554980 0.413078 0.010494
2 2 0.004146 0.018361 0.571474 0.395552 0.010467
2 2 0.004024 0.022394 0.611488 0.351224 0.010870
2 2 0.004435 0.027321 0.700567 0.259255 0.008423
2 2 0.004540 0.029799 0.774627 0.184019 0.007015
2 2 0.003889 0.025287 0.718589 0.245537 0.006697
2 2 0.003031 0.022019 0.701354 0.267499 0.006098
2 2 0.002309 0.019045 0.668804 0.303857 0.005986
2 2 0.002254 0.018429 0.653129 0.319394 0.006794
2 2 0.002086 0.013984 0.635163 0.342494 0.006273
2 2 0.002119 0.012461 0.611579 0.367717 0.006125
2 2 0.002506 0.015462 0.647614 0.326675 0.007744
2 2 0.002952 0.017508 0.657668 0.312594 0.009277
2 2 0.003312 0.019234 0.683830 0.282482 0.011141
2 2 0.003438 0.022890 0.713183 0.248154 0.012334
2 2 0.003645 0.028616 0.789323 0.166465 0.011951
2 2 0.002890 0.025275 0.832267 0.129952 0.009615
2 2 0.002920 0.024208 0.804233 0.158127 0.010512
2 2 0.003584 0.027229 0.833909 0.125656 0.009621
2 2 0.005551 0.036226 0.860918 0.088693 0.008612
2 2 0.011590 0.052348 0.852890 0.073954 0.009219
2 2 0.016013 0.051565 0.813437 0.108911 0.010074
2 2 0.020737 0.051029 0.745086 0.171692 0.011456
2 2 0.028153 0.061740 0.682213 0.212173 0.015721
2 2 0.038157 0.082154 0.661804 0.199072 0.018813
2 2 0.003894 0.037604 0.869469 0.079607 0.009426
2 2 0.004007 0.036254 0.857834 0.091398 0.010507
2 2 0.005078 0.045530 0.837074 0.098365 0.013953
2 2 0.005573 0.055914 0.833743 0.088861 0.015909
2 2 0.006360 0.074746 0.835513 0.064046 0.019335
2 2 0.006044 0.075698 0.809210 0.083764 0.025283
2 2 0.007311 0.094133 0.781328 0.081099 0.036129
2 2 0.015872 0.160135 0.673795 0.061473 0.088724
2 2 0.034750 0.242657 0.454975 0.029629 0.237989
2 2 0.037993 0.233540 0.439241 0.030165 0.259061
2 4 0.051711 0.258504 0.332960 0.025139 0.331685
4 4 0.057661 0.271624 0.270458 0.019910 0.380346
4 4 0.063091 0.282154 0.247935 0.020491 0.386328
4 4 0.072125 0.239870 0.194034 0.015299 0.478672
4 4 0.078055 0.214065 0.164227 0.013064 0.530589
4 4 0.070071 0.200686 0.179506 0.011935 0.537802
4 4 0.091645 0.164279 0.115926 0.010229 0.617921
4 4 0.104967 0.132899 0.078064 0.007924 0.676146
4 4 0.119853 0.145493 0.086658 0.011603 0.636392
4 4 0.138541 0.142174 0.064171 0.010737 0.644376
4 4 0.131572 0.132369 0.051685 0.007564 0.676810
4 4 0.134987 0.135077 0.053883 0.008333 0.667720
4 4 0.207531 0.155440 0.067849 0.009594 0.559586
4 4 0.255428 0.165982 0.079461 0.011295 0.487834
4 4 0.289083 0.177996 0.107232 0.016985 0.408704
4 4 0.141496 0.200647 0.181936 0.022286 0.453634
4 4 0.157930 0.223889 0.175434 0.021838 0.420910
4 4 0.108752 0.204350 0.153553 0.022105 0.511241
4 4 0.114989 0.208192 0.131435 0.019871 0.525513
4 4 0.141282 0.157498 0.081687 0.015053 0.604481
4 4 0.136991 0.144066 0.069319 0.011506 0.638119
4 4 0.151652 0.149543 0.068648 0.013971 0.616185
4 4 0.142847 0.138280 0.054074 0.009350 0.655449
4 4 0.150985 0.143586 0.058324 0.011131 0.635974
4 4 0.162883 0.152351 0.066104 0.015486 0.603177
4 4 0.165811 0.154320 0.067974 0.016640 0.595255
4 4 0.200358 0.161892 0.074845 0.015674 0.547230
4 4 0.097687 0.277185 0.179285 0.021099 0.424744
4 4 0.076220 0.293089 0.180223 0.017120 0.433348
1 4 0.091749 0.324863 0.296765 0.021150 0.265474
1 1 0.083883 0.325661 0.310064 0.019804 0.260588
4 1 0.095722 0.293679 0.209045 0.016005 0.385549
4 2 0.085981 0.285544 0.191799 0.016783 0.419893
1 2 0.082420 0.337216 0.231111 0.023505 0.325748
1 2 0.078691 0.395036 0.286607 0.030173 0.209494
1 2 0.073284 0.429150 0.302711 0.026790 0.168065
1 2 0.053260 0.398765 0.372076 0.022773 0.153126
1 0 0.090830 0.399079 0.317054 0.017764 0.175273
2 0 0.068967 0.364260 0.429946 0.017489 0.119337
1 0 0.216775 0.340018 0.257231 0.018243 0.167734
0 0 0.387790 0.240471 0.180668 0.017797 0.173274
0 0 0.467477 0.171659 0.113295 0.012553 0.235016
0 2 0.474467 0.167662 0.109534 0.011610 0.236726
0 2 0.500790 0.161226 0.103334 0.008181 0.226469
0 2 0.439583 0.169455 0.103024 0.010284 0.277653
0 2 0.364479 0.233480 0.148661 0.011026 0.242354
0 0 0.483286 0.166670 0.102333 0.006713 0.240998
0 0 0.408390 0.231076 0.171526 0.015372 0.173636
0 0 0.489998 0.166059 0.111621 0.011906 0.220415
0 0 0.484918 0.168443 0.116591 0.014698 0.215350
0 0 0.296981 0.231030 0.171905 0.018739 0.281345
0 0 0.386648 0.193757 0.121890 0.015933 0.281772
4 0 0.329938 0.192377 0.107997 0.013304 0.356384
0 0 0.386933 0.172664 0.098648 0.011068 0.330688
4 0 0.266426 0.172359 0.087783 0.015528 0.457905
4 0 0.294281 0.172634 0.089350 0.013301 0.430433
4 0 0.212538 0.164391 0.077467 0.015699 0.529905
4 1 0.284572 0.167517 0.082198 0.010126 0.455588
4 1 0.210154 0.240096 0.122754 0.013108 0.413887
1 0 0.134511 0.352182 0.196190 0.015984 0.301134
1 0 0.076839 0.419080 0.345370 0.023196 0.135515
2 0 0.046002 0.378770 0.433717 0.019835 0.121676
2 1 0.022501 0.229462 0.651804 0.017066 0.079167
2 1 0.060864 0.283770 0.490106 0.025051 0.140208
2 1 0.115022 0.320813 0.350243 0.032335 0.181587
1 1 0.177769 0.317935 0.204711 0.032769 0.266816
1 1 0.193873 0.318675 0.204804 0.025817 0.256830
1 0 0.239425 0.309082 0.195883 0.014717 0.240894
0 1 0.358300 0.280722 0.221726 0.011709 0.127543
0 1 0.538109 0.189597 0.153653 0.007664 0.110977
0 1 0.476408 0.197636 0.147937 0.013046 0.164974
0 0 0.486049 0.192901 0.150530 0.015825 0.154695
0 0 0.479348 0.201547 0.154922 0.012780 0.151404
0 0 0.339469 0.277721 0.211430 0.015878 0.155503
1 4 0.235156 0.336483 0.251271 0.019389 0.157701
1 4 0.053693 0.350601 0.343299 0.026033 0.226374
2 2 0.029721 0.328426 0.414932 0.020957 0.205964
2 2 0.021748 0.291762 0.534340 0.018942 0.133209
2 2 0.017528 0.265804 0.605415 0.018679 0.092573
2 2 0.017876 0.265023 0.608364 0.023556 0.085182
2 2 0.035397 0.309077 0.506524 0.031783 0.117219
2 2 0.093321 0.307820 0.420636 0.060075 0.118148
1 2 0.270752 0.290558 0.234905 0.037226 0.166560
0 2 0.337421 0.223950 0.189131 0.042985 0.206513
0 2 0.346973 0.180568 0.141991 0.046523 0.283945
4 2 0.322891 0.182156 0.130700 0.041096 0.323157
0 2 0.383731 0.181959 0.117632 0.024091 0.292588
0 0 0.478816 0.172264 0.129881 0.024426 0.194613
0 0 0.493502 0.166591 0.115044 0.013437 0.211426
0 0 0.503731 0.167433 0.127231 0.020414 0.181191
0 0 0.610334 0.142701 0.118342 0.011394 0.117229
0 0 0.672050 0.124901 0.105169 0.006215 0.091665
0 0 0.704719 0.114567 0.094973 0.003856 0.081885
0 0 0.594577 0.141402 0.094522 0.004264 0.165235
0 0 0.574008 0.145752 0.095664 0.004710 0.179866
0 0 0.518174 0.157263 0.100375 0.006803 0.217385
0 1 0.429602 0.195705 0.130700 0.013548 0.230445
0 1 0.305696 0.299412 0.243453 0.019747 0.131692
2 1 0.082619 0.362800 0.465711 0.025250 0.063621
2 2 0.017809 0.236041 0.686892 0.017895 0.041363
2 2 0.009086 0.139225 0.800967 0.023934 0.026787
2 2 0.004797 0.072834 0.874471 0.031011 0.016888
2 2 0.004457 0.054796 0.874464 0.047686 0.018597
2 2 0.005278 0.051772 0.855291 0.065085 0.022575
2 2 0.005812 0.047310 0.867234 0.060905 0.018738
2 2 0.005274 0.048268 0.887871 0.043830 0.014757
2 2 0.006146 0.062497 0.878016 0.035311 0.018030
2 2 0.006463 0.082052 0.869943 0.023228 0.018314
2 2 0.008931 0.125725 0.820738 0.018450 0.026155
2 2 0.010771 0.151725 0.783725 0.016034 0.037745
0 2 0.390152 0.242354 0.176987 0.014178 0.176329
0 0 0.377894 0.228622 0.147838 0.011209 0.234438
0 0 0.317061 0.265115 0.167091 0.010711 0.240022
4 2 0.220973 0.281252 0.164239 0.017632 0.315904
4 2 0.190686 0.274056 0.149865 0.018073 0.367321
4 2 0.115990 0.324005 0.175442 0.025849 0.358715
1 0 0.125277 0.399452 0.275013 0.024554 0.175705
1 0 0.185115 0.372317 0.289942 0.021370 0.131256
1 0 0.290156 0.298580 0.209703 0.014778 0.186783
0 1 0.388344 0.219201 0.174592 0.018375 0.199488
0 1 0.521433 0.162835 0.119763 0.014686 0.181283
0 1 0.549165 0.156405 0.115036 0.011338 0.168056
0 1 0.534033 0.159674 0.116278 0.012397 0.177618
0 0 0.470710 0.198388 0.153563 0.016727 0.160612
1 0 0.219752 0.296669 0.230119 0.038526 0.214934
1 0 0.142918 0.347783 0.245999 0.039463 0.223837
2 2 0.056263 0.346664 0.394354 0.042298 0.160421
2 2 0.014618 0.185703 0.691407 0.044701 0.063570
2 2 0.009111 0.112534 0.798226 0.053101 0.027029
2 2 0.005777 0.066873 0.855611 0.055976 0.015764
2 2 0.005293 0.056445 0.877180 0.049014 0.012068
2 2 0.004758 0.050660 0.897187 0.036872 0.010522
2 2 0.005450 0.055018 0.899266 0.028366 0.011899
2 2 0.005678 0.051920 0.896209 0.032387 0.013806
2 2 0.006583 0.052694 0.884647 0.039265 0.016810
2 2 0.004433 0.038296 0.889052 0.055160 0.013059
2 2 0.003736 0.033954 0.868521 0.080856 0.012933
2 2 0.002788 0.025765 0.834979 0.124207 0.012261
2 2 0.002528 0.019822 0.769656 0.196987 0.011007
2 2 0.002805 0.019831 0.746739 0.219281 0.011343
2 2 0.002651 0.015944 0.687749 0.284478 0.009179
2 2 0.002723 0.016143 0.699355 0.272018 0.009762
2 2 0.002827 0.015564 0.686463 0.285300 0.009846
2 2 0.003526 0.025122 0.776483 0.179141 0.015728
2 2 0.003799 0.035224 0.830262 0.110433 0.020282
2 2 0.005186 0.047087 0.851972 0.070448 0.025307
2 2 0.005955 0.049285 0.863032 0.057364 0.024364
2 2 0.005216 0.048013 0.877146 0.050523 0.019102
2 2 0.003505 0.034552 0.894201 0.056266 0.011477
2 2 0.003775 0.040893 0.899785 0.045033 0.010514
2 2 0.003280 0.035256 0.914360 0.039404 0.007700
2 2 0.003769 0.039137 0.912483 0.036287 0.008324
2 2 0.003755 0.035670 0.901231 0.050073 0.009271
2 2 0.004843 0.044145 0.896971 0.043207 0.010834
2 2 0.005768 0.055616 0.893356 0.033253 0.012006
2 2 0.006905 0.075789 0.876565 0.026288 0.014453
2 2 0.005038 0.064961 0.891046 0.027143 0.011812
2 2 0.004339 0.062901 0.891268 0.029839 0.011654
2 2 0.004292 0.062802 0.892329 0.028711 0.011866
2 2 0.003609 0.047859 0.897935 0.039530 0.011067
2 2 0.003318 0.037772 0.893113 0.054880 0.010917
2 2 0.003874 0.039499 0.861895 0.080441 0.014291
2 2 0.003223 0.032476 0.856051 0.096472 0.011778
2 2 0.003448 0.032772 0.852337 0.099524 0.011919
2 2 0.003203 0.027421 0.836032 0.124296 0.009048
2 2 0.004028 0.034987 0.855750 0.096642 0.008593
2 2 0.004901 0.044845 0.841423 0.099383 0.009449
2 2 0.005708 0.051033 0.846530 0.086551 0.010178
2 2 0.005478 0.044496 0.829874 0.110117 0.010036
2 2 0.006111 0.044936 0.834322 0.103542 0.011088
3 2 0.005017 0.011565 0.286393 0.690602 0.006422
3 2 0.005378 0.011241 0.279184 0.697405 0.006792
3 2 0.005473 0.007941 0.204527 0.776407 0.005651
3 2 0.005314 0.006139 0.165177 0.818530 0.004840
3 2 0.005882 0.005186 0.129116 0.855231 0.004586
3 2 0.006319 0.005606 0.126365 0.856925 0.004784
3 3 0.005864 0.003653 0.079543 0.907548 0.003393
3 3 0.005248 0.003009 0.072124 0.916697 0.002922
3 3 0.004162 0.002356 0.065913 0.925315 0.002253
3 3 0.004711 0.002685 0.069169 0.920846 0.002589
3 3 0.005408 0.003246 0.075325 0.912956 0.003065
3 3 0.005028 0.004627 0.111106 0.875700 0.003538
3 3 0.004731 0.003758 0.094138 0.894319 0.003053
3 3 0.005171 0.003834 0.087453 0.900385 0.003158
3 3 0.004610 0.002624 0.068586 0.921654 0.002527
3 3 0.004476 0.002544 0.067807 0.922729 0.002445
3 3 0.002956 0.001641 0.057635 0.936232 0.001536
3 3 0.002433 0.001337 0.053373 0.941622 0.001235
3 3 0.001781 0.000962 0.047150 0.949236 0.000871
3 3 0.002482 0.001365 0.053797 0.941093 0.001263
3 3 0.002789 0.001544 0.056328 0.937901 0.001439
3 3 0.003172 0.001768 0.059261 0.934136 0.001662
3 3 0.002563 0.001412 0.054479 0.940238 0.001309
3 3 0.001886 0.001022 0.048241 0.947922 0.000929
3 3 0.002074 0.001129 0.050096 0.945668 0.001033
3 3 0.002446 0.001344 0.053482 0.941486 0.001242
3 3 0.002404 0.001320 0.053117 0.941941 0.001219
3 3 0.001945 0.001055 0.048833 0.947206 0.000961
3 3 0.001939 0.001052 0.048771 0.947281 0.000958
3 3 0.001926 0.001044 0.048644 0.947434 0.000951
3 3 0.002550 0.001404 0.054371 0.940373 0.001302
3 3 0.002711 0.001498 0.055703 0.938694 0.001394
3 3 0.002569 0.001416 0.054533 0.940170 0.001313
3 3 0.002085 0.001136 0.050208 0.945531 0.001039
3 3 0.001872 0.001013 0.048095 0.948099 0.000921
3 3 0.001965 0.001067 0.049038 0.946957 0.000973
3 3 0.001539 0.000824 0.044481 0.952417 0.000740
3 3 0.001334 0.000709 0.042015 0.955311 0.000631
3 3 0.001024 0.000536 0.037789 0.960182 0.000469
3 3 0.001303 0.000692 0.041623 0.955768 0.000614
3 3 0.001458 0.000778 0.043531 0.953537 0.000696
3 3 0.002346 0.001286 0.052604 0.942579 0.001186
3 3 0.002641 0.001457 0.055127 0.939422 0.001354
3 3 0.003185 0.001776 0.059357 0.934012 0.001670
3 3 0.002392 0.001313 0.053016 0.942067 0.001212
3 3 0.002735 0.001512 0.055896 0.938449 0.001408
3 3 0.002647 0.001461 0.055179 0.939356 0.001357
3 3 0.002671 0.001475 0.055374 0.939110 0.001371
3 3 0.003024 0.001681 0.058156 0.935564 0.001576
3 3 0.004185 0.002369 0.066055 0.925122 0.002267
3 3 0.006379 0.003698 0.077758 0.908528 0.003637
3 3 0.008509 0.005013 0.086773 0.894680 0.005025
3 3 0.007293 0.004259 0.081839 0.902383 0.004226
3 3 0.006621 0.003846 0.078872 0.906870 0.003792
3 3 0.005391 0.003096 0.072878 0.915623 0.003011
3 3 0.005925 0.003420 0.075578 0.911730 0.003347
3 3 0.004821 0.002751 0.069792 0.919979 0.002657
3 3 0.004385 0.002489 0.067264 0.923473 0.002389
3 3 0.003297 0.001842 0.060164 0.932963 0.001735
3 3 0.004096 0.002316 0.065501 0.925873 0.002213
3 3 0.002256 0.001234 0.051795 0.943580 0.001135
3 3 0.001880 0.001018 0.048177 0.948000 0.000925
3 3 0.002059 0.001121 0.049956 0.945839 0.001025
3 3 0.002358 0.001293 0.052714 0.942442 0.001193
3 3 0.003954 0.002231 0.064606 0.927082 0.002127
3 3 0.004438 0.002521 0.067582 0.923038 0.002421
3 3 0.007287 0.004256 0.081816 0.902419 0.004222
3 3 0.009486 0.005624 0.090400 0.888813 0.005677
3 3 0.014161 0.009457 0.112068 0.855121 0.009194
3 3 0.024401 0.022052 0.203229 0.737311 0.013008
3 3 0.034494 0.046907 0.369116 0.532675 0.016808
2 3 0.023616 0.054963 0.509469 0.393391 0.018561
2 3 0.017367 0.058690 0.613980 0.289867 0.020096
2 3 0.019496 0.072815 0.647271 0.238134 0.022284
2 3 0.040684 0.133401 0.674573 0.123851 0.027491
2 2 0.058595 0.182863 0.645093 0.068556 0.044893
2 2 0.058526 0.169195 0.656084 0.051266 0.064930
2 2 0.054961 0.149449 0.655054 0.066788 0.073748
2 2 0.070825 0.244905 0.508458 0.037322 0.138489
2 2 0.068074 0.306535 0.410836 0.028557 0.185998
2 2 0.044166 0.300676 0.434614 0.026602 0.193942
2 2 0.039701 0.237723 0.429034 0.029953 0.263589
4 2 0.064504 0.189341 0.291859 0.023255 0.431042
4 2 0.088412 0.156568 0.178203 0.017119 0.559699
4 4 0.093366 0.144805 0.146176 0.014119 0.601534
4 4 0.120398 0.148188 0.099273 0.013864 0.618277
4 4 0.149642 0.161340 0.132533 0.035035 0.521450
4 4 0.182025 0.162832 0.089565 0.030698 0.534880
4 4 0.166305 0.153441 0.074919 0.019606 0.585730
4 4 0.157246 0.147665 0.067070 0.015054 0.612965
4 4 0.169946 0.155055 0.081858 0.023511 0.569631
4 4 0.160360 0.149595 0.070183 0.016676 0.603187
4 4 0.154453 0.142315 0.086307 0.022224 0.594701
4 4 0.122154 0.119499 0.061314 0.009284 0.687748
4 4 0.118092 0.116593 0.057418 0.008030 0.699867
4 4 0.125943 0.123528 0.056398 0.008465 0.685665
