0 0 0.924585 0.020055 0.023846 0.026786 0.004728
0 0 0.827422 0.073467 0.049316 0.016691 0.033103
0 0 0.676105 0.113578 0.065029 0.024754 0.120534
0 0 0.522615 0.140329 0.097708 0.041192 0.198156
0 0 0.626861 0.129552 0.049637 0.022924 0.171026
0 0 0.633289 0.133917 0.060829 0.029189 0.142776
0 0 0.277730 0.207202 0.248707 0.051836 0.214525
2 0 0.136216 0.221747 0.385314 0.044910 0.211814
2 0 0.062474 0.181478 0.538805 0.047408 0.169834
2 1 0.026952 0.098439 0.757966 0.048748 0.067895
2 1 0.021047 0.066060 0.793096 0.074091 0.045705
2 1 0.012642 0.038377 0.838080 0.087375 0.023526
2 1 0.007962 0.017120 0.765315 0.198084 0.011520
2 1 0.005241 0.008276 0.638611 0.341773 0.006099
2 1 0.004132 0.005768 0.539242 0.446869 0.003988
2 1 0.004764 0.005633 0.502410 0.483615 0.003578
3 1 0.005523 0.005609 0.438261 0.547191 0.003416
3 1 0.009021 0.008287 0.444331 0.533064 0.005298
3 2 0.020215 0.017090 0.459353 0.490616 0.012725
2 2 0.045312 0.035373 0.465827 0.423422 0.030066
2 2 0.158606 0.115912 0.401883 0.198029 0.125571
2 4 0.234832 0.151343 0.280638 0.129470 0.203717
0 4 0.358908 0.164448 0.103518 0.056893 0.316233
0 4 0.394886 0.159412 0.101209 0.058406 0.286088
0 4 0.422049 0.163080 0.076691 0.038361 0.299819
4 4 0.261888 0.201772 0.157124 0.046338 0.332878
2 4 0.124862 0.215210 0.343440 0.047975 0.268513
2 4 0.044947 0.137545 0.636025 0.059606 0.121876
2 4 0.036275 0.119699 0.695067 0.054175 0.094783
2 4 0.042543 0.125554 0.666321 0.059284 0.106299
2 4 0.035449 0.104462 0.714079 0.062208 0.083802
2 4 0.041772 0.096552 0.717776 0.071804 0.072096
2 4 0.076664 0.113771 0.655017 0.078363 0.076185
2 4 0.186538 0.183997 0.450354 0.059753 0.119358
2 4 0.264215 0.244229 0.302200 0.032884 0.156473
0 4 0.287796 0.266994 0.253002 0.024444 0.167763
2 4 0.219616 0.273111 0.336949 0.022086 0.148237
2 4 0.167005 0.261280 0.418119 0.022154 0.131441
2 0 0.158413 0.269440 0.402548 0.021699 0.147900
2 0 0.148039 0.248562 0.433576 0.025965 0.143858
2 0 0.166132 0.243322 0.399044 0.030117 0.161385
2 0 0.155848 0.246388 0.398835 0.029042 0.169887
2 0 0.122487 0.252126 0.397958 0.026595 0.200833
2 0 0.077088 0.221512 0.492533 0.028783 0.180083
2 0 0.059625 0.224450 0.509661 0.026467 0.179797
2 0 0.087544 0.283332 0.344907 0.019912 0.264305
2 0 0.101623 0.280897 0.305373 0.021826 0.290282
4 0 0.126589 0.266390 0.274100 0.025500 0.307420
4 0 0.149694 0.248206 0.273232 0.032487 0.296380
4 0 0.175930 0.262010 0.229406 0.027243 0.305410
4 0 0.180632 0.275874 0.196376 0.021080 0.326038
4 0 0.178456 0.286800 0.196841 0.018164 0.319740
2 0 0.120636 0.281283 0.328848 0.022339 0.246893
2 0 0.072333 0.246081 0.485493 0.021420 0.174673
2 0 0.061362 0.212990 0.558901 0.024983 0.141765
2 1 0.057074 0.212543 0.568796 0.023381 0.138205
2 4 0.041548 0.180964 0.633381 0.024481 0.119625
2 4 0.032680 0.149525 0.699516 0.025938 0.092340
2 4 0.035533 0.145251 0.700305 0.027619 0.091292
2 4 0.043017 0.163388 0.666125 0.025266 0.102203
2 4 0.056960 0.167527 0.569308 0.051504 0.154701
2 4 0.062989 0.198387 0.506074 0.043436 0.189114
2 4 0.051158 0.183631 0.551246 0.045844 0.168121
2 4 0.037498 0.146972 0.657502 0.043466 0.114562
2 4 0.029283 0.119072 0.728945 0.040626 0.082073
2 4 0.022830 0.108174 0.770339 0.033301 0.065357
2 4 0.016631 0.083523 0.817928 0.036001 0.045917
2 4 0.010858 0.051835 0.862777 0.048081 0.026449
2 4 0.007735 0.033585 0.884565 0.057939 0.016176
2 2 0.007202 0.029837 0.888347 0.060390 0.014223
2 2 0.007421 0.027729 0.887113 0.064197 0.013539
2 2 0.007232 0.022692 0.877052 0.081369 0.011656
2 2 0.006251 0.017241 0.865490 0.102008 0.009010
2 2 0.005483 0.011206 0.783308 0.193233 0.006770
2 2 0.005590 0.008757 0.673672 0.305857 0.006124
2 2 0.004735 0.006315 0.546589 0.438031 0.004330
2 2 0.004432 0.006079 0.523619 0.461593 0.004278
3 2 0.003285 0.004777 0.477968 0.510593 0.003376
2 2 0.004780 0.007470 0.567784 0.414085 0.005881
2 2 0.005568 0.008584 0.577129 0.401782 0.006937
2 2 0.008854 0.013031 0.612684 0.354150 0.011281
2 2 0.005749 0.008824 0.582593 0.395695 0.007139
2 2 0.005439 0.008417 0.571599 0.407738 0.006809
2 2 0.003949 0.006296 0.548337 0.436577 0.004841
2 2 0.004417 0.006685 0.570598 0.413331 0.004970
2 2 0.003412 0.004869 0.547399 0.441099 0.003220
2 2 0.002938 0.004018 0.511019 0.479513 0.002511
3 2 0.001981 0.002588 0.423483 0.570461 0.001486
3 2 0.001581 0.001976 0.355154 0.640198 0.001090
3 2 0.001530 0.001722 0.316065 0.679792 0.000891
3 2 0.001720 0.001915 0.352769 0.642623 0.000973
3 2 0.001541 0.001732 0.352154 0.643714 0.000858
3 2 0.001476 0.001816 0.397066 0.598720 0.000922
3 2 0.002039 0.002419 0.433799 0.560479 0.001264
3 2 0.003423 0.003486 0.429185 0.562053 0.001853
3 3 0.003581 0.003282 0.373732 0.617713 0.001693
3 3 0.003380 0.002871 0.303816 0.688462 0.001470
3 3 0.002668 0.002179 0.268333 0.725771 0.001049
3 3 0.003114 0.002409 0.246875 0.746407 0.001195
3 3 0.003068 0.002445 0.236970 0.756255 0.001262
3 3 0.002632 0.002292 0.213195 0.780600 0.001281
3 3 0.002426 0.002315 0.222870 0.771036 0.001354
3 3 0.002549 0.002267 0.204494 0.789390 0.001301
3 3 0.002753 0.002266 0.199747 0.793988 0.001247
3 3 0.002401 0.001874 0.173700 0.821033 0.000992
3 3 0.002296 0.001737 0.185045 0.810063 0.000859
3 3 0.002139 0.001578 0.194163 0.801389 0.000731
3 3 0.002975 0.002090 0.211071 0.782874 0.000990
3 3 0.002832 0.002007 0.202538 0.791664 0.000959
3 3 0.002644 0.001892 0.194844 0.799713 0.000907
3 3 0.002352 0.001643 0.156578 0.838620 0.000808
3 3 0.003402 0.002206 0.148924 0.844315 0.001154
3 3 0.004750 0.002764 0.157691 0.833382 0.001413
3 3 0.008511 0.004442 0.203789 0.781042 0.002216
3 3 0.012520 0.005401 0.229322 0.750344 0.002413
3 3 0.014314 0.005811 0.247926 0.729476 0.002473
3 3 0.015084 0.006257 0.274363 0.701642 0.002654
3 3 0.016016 0.007433 0.287029 0.686007 0.003515
3 2 0.012026 0.007456 0.310379 0.666004 0.004136
3 2 0.008937 0.006662 0.272304 0.707852 0.004245
2 2 0.184656 0.112227 0.465058 0.152977 0.085082
2 4 0.151244 0.108070 0.485987 0.161469 0.093231
2 4 0.123598 0.092297 0.493497 0.200839 0.089769
2 4 0.139345 0.086557 0.444235 0.248690 0.081173
2 4 0.175752 0.081961 0.423547 0.247327 0.071413
2 4 0.291138 0.099437 0.340053 0.186979 0.082394
0 4 0.461050 0.133391 0.202232 0.090694 0.112633
0 4 0.476840 0.153040 0.183637 0.066052 0.120432
0 4 0.343701 0.164637 0.317365 0.070626 0.103670
2 4 0.261678 0.172179 0.398050 0.068464 0.099630
2 4 0.159784 0.174614 0.532243 0.049620 0.083738
2 4 0.099468 0.176373 0.607966 0.036578 0.079615
2 4 0.073088 0.177900 0.643321 0.027117 0.078574
2 4 0.031549 0.127634 0.754996 0.023360 0.062462
2 4 0.025932 0.115663 0.771519 0.024403 0.062483
2 4 0.026955 0.120483 0.759186 0.025526 0.067850
2 1 0.023676 0.120044 0.766235 0.024175 0.065870
2 1 0.016837 0.091262 0.819214 0.025681 0.047006
2 1 0.014217 0.064293 0.856631 0.032160 0.032699
2 1 0.009993 0.037147 0.888499 0.046018 0.018344
2 1 0.012836 0.045492 0.880855 0.038752 0.022065
2 2 0.012454 0.035410 0.890352 0.046626 0.015158
2 2 0.012800 0.030475 0.889266 0.055198 0.012261
2 2 0.013273 0.029704 0.885903 0.059198 0.011921
2 2 0.021789 0.051422 0.857080 0.049319 0.020390
2 2 0.037219 0.097637 0.789043 0.036594 0.039506
2 2 0.061312 0.183045 0.646936 0.024672 0.084035
2 4 0.047131 0.182426 0.638153 0.025241 0.107050
2 4 0.046163 0.204419 0.574392 0.025831 0.149195
2 4 0.047237 0.205685 0.554195 0.030084 0.162799
2 4 0.045405 0.194139 0.567379 0.034608 0.158469
2 4 0.039141 0.181951 0.603012 0.034378 0.141519
2 4 0.037285 0.176480 0.619253 0.033641 0.133341
2 4 0.034137 0.162594 0.652654 0.033430 0.117185
2 4 0.037344 0.162499 0.638052 0.037775 0.124329
2 4 0.034417 0.155693 0.660471 0.035839 0.113578
2 4 0.033147 0.159305 0.661572 0.033013 0.112963
2 4 0.033782 0.165964 0.649774 0.032051 0.118429
2 4 0.056331 0.207140 0.513553 0.037121 0.185855
2 4 0.099964 0.240599 0.341593 0.037607 0.280236
4 4 0.135560 0.232473 0.252658 0.043123 0.336187
4 4 0.134701 0.224011 0.267053 0.048335 0.325900
4 4 0.144123 0.211724 0.235395 0.057774 0.350983
4 4 0.191812 0.191338 0.172494 0.062405 0.381951
4 4 0.208441 0.171856 0.153675 0.076829 0.389198
4 4 0.205507 0.171581 0.156275 0.078527 0.388110
4 4 0.186293 0.169190 0.174267 0.090598 0.379652
4 4 0.199631 0.170960 0.161598 0.082039 0.385773
4 4 0.198958 0.177146 0.163490 0.074806 0.385600
4 4 0.150390 0.208251 0.224557 0.059445 0.357357
4 4 0.106549 0.215253 0.300963 0.060194 0.317041
2 4 0.102311 0.198974 0.333907 0.072333 0.292474
2 4 0.109867 0.187014 0.315207 0.086708 0.301204
2 4 0.074987 0.178551 0.444064 0.077400 0.224999
2 4 0.079079 0.186789 0.412335 0.076001 0.245795
2 4 0.062991 0.165072 0.503685 0.079726 0.188526
2 4 0.051846 0.181877 0.532235 0.055863 0.178179
2 4 0.044425 0.170388 0.577756 0.054139 0.153292
2 4 0.033200 0.133737 0.665415 0.060620 0.107029
2 4 0.031253 0.117953 0.685404 0.070671 0.094719
2 4 0.011669 0.040692 0.840028 0.083533 0.024078
2 4 0.012633 0.040098 0.810632 0.110590 0.026047
2 4 0.025663 0.078894 0.725277 0.106133 0.064033
2 4 0.044490 0.131878 0.600324 0.092677 0.130631
2 4 0.100952 0.193763 0.350358 0.075900 0.279027
4 4 0.159533 0.197481 0.211200 0.067289 0.364497
4 4 0.161714 0.191578 0.207604 0.072870 0.366234
4 4 0.134503 0.191365 0.246730 0.081143 0.346259
4 4 0.119019 0.188504 0.272556 0.087942 0.331979
2 4 0.100199 0.198788 0.313062 0.077100 0.310851
2 4 0.056617 0.176578 0.530593 0.057356 0.178856
2 4 0.034160 0.148568 0.670257 0.038109 0.108906
2 4 0.018924 0.089275 0.801883 0.038076 0.051842
2 4 0.016845 0.073402 0.823427 0.044127 0.042200
2 4 0.017470 0.063511 0.814243 0.064648 0.040128
2 4 0.017911 0.060887 0.807435 0.073806 0.039961
2 4 0.017756 0.058783 0.811705 0.073356 0.038400
2 4 0.015688 0.053361 0.833906 0.064512 0.032532
2 4 0.014777 0.046090 0.850573 0.061300 0.027259
2 4 0.017200 0.044322 0.853245 0.060160 0.025073
2 4 0.027222 0.050467 0.812149 0.081220 0.028942
2 4 0.057642 0.070024 0.735600 0.094875 0.041859
2 4 0.125993 0.106680 0.607095 0.089418 0.070814
2 4 0.238274 0.145296 0.410480 0.081665 0.124284
2 4 0.289210 0.156949 0.316815 0.076754 0.160272
2 4 0.268318 0.154832 0.340209 0.082991 0.153650
2 4 0.240274 0.145700 0.367518 0.093045 0.153463
2 4 0.200074 0.172317 0.361986 0.070285 0.195338
2 4 0.100374 0.143635 0.570541 0.069341 0.116110
2 4 0.043603 0.103236 0.717487 0.062965 0.072708
2 4 0.036220 0.096075 0.740938 0.059751 0.067017
2 4 0.048697 0.101883 0.720520 0.063816 0.065084
2 4 0.075214 0.120003 0.666365 0.064361 0.074057
2 4 0.089427 0.120269 0.660697 0.063298 0.066309
2 4 0.195787 0.171037 0.473035 0.056790 0.103351
2 4 0.304725 0.193053 0.325319 0.048302 0.128601
0 4 0.327681 0.198180 0.293442 0.043636 0.137061
2 4 0.238944 0.153320 0.435609 0.072294 0.099833
2 4 0.178270 0.116743 0.526712 0.100843 0.077432
2 4 0.176043 0.124998 0.500611 0.101718 0.096631
2 4 0.177708 0.146353 0.440003 0.092461 0.143475
2 4 0.131477 0.152496 0.471304 0.082165 0.162557
2 4 0.032684 0.072128 0.729855 0.103277 0.062057
2 4 0.017808 0.045122 0.783533 0.120253 0.033283
2 4 0.008360 0.022135 0.811993 0.143809 0.013703
2 2 0.005988 0.016605 0.846297 0.122138 0.008971
2 2 0.004248 0.010595 0.832431 0.147224 0.005501
2 2 0.004466 0.011126 0.841015 0.137643 0.005750
2 2 0.004823 0.011446 0.825310 0.152208 0.006212
2 2 0.005343 0.013114 0.824835 0.149438 0.007271
2 2 0.005472 0.013503 0.814338 0.159023 0.007664
2 2 0.004859 0.012047 0.813559 0.162868 0.006667
2 2 0.004656 0.011949 0.825766 0.151230 0.006398
2 2 0.004105 0.009997 0.801874 0.178590 0.005434
2 2 0.003935 0.007672 0.692999 0.290519 0.004874
2 2 0.002975 0.004968 0.629280 0.359560 0.003216
2 3 0.003166 0.005061 0.626330 0.362097 0.003346
2 3 0.002923 0.004584 0.627450 0.362073 0.002969
2 3 0.002580 0.004163 0.579771 0.410718 0.002769
2 3 0.002817 0.004513 0.599501 0.390174 0.002995
2 3 0.027061 0.034115 0.682738 0.233301 0.022785
2 3 0.021321 0.028943 0.653145 0.274312 0.022278
2 3 0.017836 0.032165 0.716548 0.209789 0.023662
2 2 0.008416 0.016140 0.712639 0.251143 0.011663
2 2 0.005605 0.011004 0.769210 0.207339 0.006842
2 2 0.005322 0.010098 0.782598 0.196028 0.005955
2 2 0.005348 0.011031 0.819511 0.157868 0.006242
2 2 0.004710 0.008533 0.768355 0.213279 0.005123
2 2 0.003941 0.006117 0.695721 0.290377 0.003845
2 2 0.002936 0.004317 0.629334 0.360786 0.002627
2 2 0.002564 0.004047 0.630197 0.360664 0.002528
2 2 0.002015 0.003268 0.601628 0.391100 0.001989
2 2 0.002410 0.003741 0.582985 0.408522 0.002341
3 2 0.001889 0.002680 0.486837 0.507048 0.001547
3 2 0.002278 0.002881 0.438582 0.554609 0.001649
3 2 0.001682 0.001821 0.314553 0.681008 0.000937
3 2 0.001843 0.001779 0.252813 0.742647 0.000919
3 3 0.001435 0.001294 0.189267 0.807355 0.000649
3 3 0.001456 0.001298 0.180694 0.815894 0.000658
3 3 0.001832 0.001474 0.174265 0.821690 0.000738
3 3 0.002305 0.001730 0.160876 0.834193 0.000896
3 3 0.002203 0.001649 0.141623 0.853642 0.000883
3 3 0.001658 0.001418 0.163251 0.832924 0.000749
3 3 0.001688 0.001524 0.178212 0.817752 0.000824
3 3 0.002095 0.001731 0.166823 0.828409 0.000942
3 3 0.001747 0.001311 0.131683 0.864585 0.000674
3 3 0.001447 0.000990 0.105928 0.891158 0.000477
3 3 0.000761 0.000502 0.074338 0.924181 0.000219
3 3 0.000782 0.000499 0.069340 0.929161 0.000218
3 3 0.000911 0.000533 0.059658 0.938660 0.000238
3 3 0.001346 0.000729 0.061467 0.936121 0.000337
3 3 0.001501 0.000771 0.064016 0.933368 0.000345
3 3 0.001756 0.000849 0.067710 0.929316 0.000369
3 3 0.001533 0.000738 0.064437 0.932981 0.000311
3 3 0.001806 0.000928 0.071032 0.925812 0.000423
3 3 0.002143 0.001150 0.066461 0.929655 0.000591
3 3 0.002045 0.001177 0.070235 0.925919 0.000624
3 3 0.001569 0.000829 0.050002 0.947177 0.000424
3 3 0.001464 0.000733 0.040101 0.957323 0.000379
3 3 0.001249 0.000573 0.034342 0.963561 0.000275
3 3 0.001873 0.000739 0.037140 0.959911 0.000337
3 3 0.002475 0.000916 0.040255 0.955937 0.000416
3 3 0.002256 0.000828 0.036634 0.959908 0.000375
3 3 0.001222 0.000436 0.024058 0.974098 0.000186
3 3 0.001248 0.000418 0.021339 0.976818 0.000177
3 3 0.000985 0.000322 0.017441 0.981117 0.000134
3 3 0.001115 0.000367 0.018077 0.980284 0.000157
3 3 0.000757 0.000252 0.014721 0.984166 0.000104
3 3 0.000974 0.000307 0.016245 0.982348 0.000126
3 3 0.000874 0.000267 0.014886 0.983866 0.000106
3 3 0.000757 0.000228 0.012592 0.986333 0.000091
3 3 0.000387 0.000127 0.009172 0.990264 0.000050
3 3 0.000321 0.000110 0.009215 0.990312 0.000043
3 3 0.000363 0.000139 0.012590 0.986851 0.000056
3 3 0.000448 0.000175 0.016335 0.982973 0.000069
3 3 0.000557 0.000202 0.018530 0.980635 0.000076
3 3 0.000873 0.000271 0.022047 0.976714 0.000094
3 3 0.001225 0.000365 0.026242 0.972040 0.000127
3 3 0.001892 0.000568 0.033066 0.964266 0.000208
3 3 0.002307 0.000733 0.034803 0.961861 0.000296
3 3 0.001358 0.000374 0.018511 0.979615 0.000141
3 3 0.002775 0.000754 0.027106 0.969060 0.000305
3 3 0.003332 0.000953 0.030632 0.964674 0.000409
3 3 0.002729 0.001035 0.038059 0.957671 0.000506
3 3 0.001671 0.000902 0.048492 0.948448 0.000486
3 3 0.001530 0.000981 0.060441 0.936489 0.000559
3 3 0.001830 0.001162 0.058072 0.938232 0.000704
3 3 0.002155 0.001374 0.066465 0.929169 0.000835
3 3 0.001668 0.001054 0.062026 0.934649 0.000602
3 3 0.001434 0.000870 0.059710 0.937523 0.000463
3 3 0.000876 0.000490 0.040460 0.957934 0.000240
3 3 0.000915 0.000497 0.038854 0.959491 0.000243
3 3 0.000989 0.000520 0.035762 0.962470 0.000260
3 3 0.001118 0.000598 0.036994 0.960979 0.000312
3 3 0.000878 0.000431 0.029096 0.969385 0.000210
3 3 0.001041 0.000405 0.024547 0.973830 0.000177
3 3 0.001138 0.000373 0.021718 0.976622 0.000149
3 3 0.001709 0.000478 0.023753 0.973881 0.000180
3 3 0.002873 0.000666 0.026823 0.969403 0.000235
3 3 0.005191 0.000972 0.033744 0.959785 0.000307
3 3 0.007768 0.001489 0.045168 0.945087 0.000488
3 3 0.010915 0.002321 0.065422 0.920530 0.000813
3 3 0.015109 0.004750 0.126639 0.851415 0.002086
3 3 0.011912 0.006199 0.253071 0.725677 0.003142
3 3 0.010468 0.008791 0.376376 0.598579 0.005786
2 3 0.006229 0.008793 0.502802 0.474983 0.007192
2 3 0.005176 0.009282 0.611609 0.366922 0.007011
2 3 0.006188 0.014793 0.759430 0.210153 0.009437
2 3 0.007274 0.022723 0.839852 0.117367 0.012784
2 2 0.008448 0.030156 0.853871 0.090951 0.016574
2 2 0.011158 0.039322 0.826002 0.099559 0.023959
2 2 0.018707 0.061789 0.763642 0.110412 0.045451
2 4 0.027931 0.099251 0.707387 0.085950 0.079481
2 4 0.039803 0.147266 0.608319 0.071586 0.133026
2 4 0.052945 0.159957 0.517774 0.092616 0.176709
2 4 0.055822 0.161132 0.506729 0.093505 0.182812
2 4 0.076698 0.194492 0.398258 0.074402 0.256150
4 4 0.102404 0.197553 0.307974 0.078491 0.313577
4 4 0.138731 0.179373 0.236803 0.095452 0.349642
4 4 0.129968 0.162308 0.242521 0.124841 0.340362
4 4 0.131218 0.153992 0.230943 0.143752 0.340096
4 4 0.117872 0.146277 0.238388 0.171693 0.325770
4 4 0.125279 0.151426 0.237154 0.152007 0.334134
4 4 0.113883 0.145980 0.241626 0.176776 0.321736
4 4 0.104577 0.147416 0.252875 0.182736 0.312396
4 4 0.101045 0.152046 0.263536 0.173623 0.309749
4 4 0.106522 0.164012 0.274001 0.137474 0.317991
4 4 0.104414 0.180234 0.296158 0.102879 0.316316
2 4 0.090604 0.197929 0.334309 0.078459 0.298698
2 4 0.090925 0.198933 0.334731 0.076537 0.298874
2 4 0.091888 0.197836 0.332169 0.077880 0.300227
2 4 0.091968 0.197745 0.331956 0.077993 0.300339
2 4 0.081660 0.205264 0.356393 0.070758 0.285925
2 4 0.071616 0.204747 0.375513 0.076156 0.271968
2 4 0.066880 0.192780 0.392231 0.092176 0.255933
2 4 0.067617 0.167331 0.427654 0.113136 0.224262
2 4 0.058854 0.134681 0.480502 0.150654 0.175308
2 4 0.057529 0.153246 0.496921 0.109563 0.182741
2 4 0.057243 0.141192 0.498194 0.129440 0.173931
2 2 0.064044 0.163804 0.469244 0.100177 0.202731
2 2 0.016160 0.038081 0.653494 0.257790 0.034475
2 2 0.014132 0.034893 0.699487 0.222736 0.028752
2 2 0.011798 0.026962 0.696068 0.243472 0.021700
2 2 0.011383 0.023579 0.670919 0.274485 0.019634
2 2 0.011303 0.021692 0.631504 0.316410 0.019091
2 2 0.011855 0.024505 0.671582 0.271491 0.020567
2 2 0.011161 0.025701 0.722313 0.221134 0.019691
2 2 0.011254 0.030526 0.784051 0.153238 0.020931
2 2 0.010021 0.027749 0.794970 0.149011 0.018249
2 2 0.009005 0.025279 0.795435 0.154012 0.016269
2 2 0.008052 0.020667 0.765202 0.192306 0.013773
2 2 0.008141 0.019318 0.740836 0.218246 0.013459
2 2 0.009124 0.020208 0.702725 0.252644 0.015299
2 2 0.013638 0.027371 0.693225 0.242768 0.022999
2 2 0.019487 0.037628 0.765614 0.150425 0.026846
2 2 0.026893 0.049138 0.775818 0.115008 0.033143
2 2 0.042730 0.074607 0.729445 0.099184 0.054034
2 2 0.147414 0.096993 0.493471 0.176238 0.085884
0 2 0.343679 0.116469 0.262698 0.157325 0.119829
0 2 0.447834 0.115606 0.192132 0.128975 0.115453
0 2 0.485256 0.116013 0.164549 0.116408 0.117774
2 2 0.243203 0.139652 0.321050 0.127975 0.168120
2 2 0.140682 0.155149 0.468625 0.091283 0.144261
2 2 0.051441 0.113171 0.681933 0.071133 0.082322
2 2 0.019832 0.065076 0.795963 0.074843 0.044287
2 2 0.011017 0.035447 0.832494 0.099513 0.021528
2 2 0.007671 0.022485 0.832436 0.124359 0.013048
2 2 0.006715 0.017507 0.815670 0.149791 0.010318
2 2 0.007077 0.018198 0.826242 0.137841 0.010642
2 2 0.017228 0.043576 0.804836 0.103740 0.030620
2 2 0.048792 0.070122 0.707432 0.124509 0.049145
2 2 0.101263 0.091364 0.614142 0.132049 0.061182
2 2 0.123965 0.090282 0.578109 0.148211 0.059433
2 4 0.210286 0.105044 0.434408 0.163637 0.086626
0 4 0.375732 0.138457 0.223876 0.110995 0.150940
0 4 0.338093 0.163121 0.230133 0.086863 0.181790
2 4 0.259426 0.183153 0.311420 0.081065 0.164936
2 4 0.151249 0.175573 0.420043 0.082651 0.170484
2 4 0.142475 0.174762 0.461871 0.072791 0.148101
2 4 0.120210 0.143169 0.522405 0.091212 0.123004
2 4 0.162104 0.134405 0.427896 0.131168 0.144427
2 4 0.265878 0.126748 0.288369 0.165021 0.153984
0 4 0.393282 0.136416 0.177627 0.120928 0.171747
0 4 0.431694 0.129113 0.176569 0.118478 0.144147
0 4 0.315958 0.147933 0.270099 0.107992 0.158017
0 4 0.303680 0.137023 0.262461 0.124879 0.171958
0 4 0.331448 0.127628 0.275054 0.132226 0.133643
0 4 0.463133 0.116456 0.185373 0.117739 0.117299
0 4 0.525275 0.116691 0.142266 0.094082 0.121686
0 4 0.522187 0.126291 0.123637 0.078498 0.149386
0 4 0.443266 0.150745 0.116164 0.062087 0.227737
0 4 0.424041 0.164915 0.091469 0.042442 0.277134
0 4 0.406612 0.174470 0.109415 0.042501 0.267002
0 4 0.279280 0.190622 0.231213 0.059647 0.239239
4 4 0.304744 0.180567 0.138876 0.050768 0.325045
4 4 0.256179 0.177441 0.179204 0.066309 0.320867
4 4 0.276199 0.176210 0.113731 0.048551 0.385309
4 4 0.282801 0.180369 0.101426 0.039436 0.395967
4 4 0.261263 0.208819 0.136747 0.038431 0.354741
2 4 0.130394 0.235732 0.308541 0.037262 0.288070
2 4 0.223154 0.148567 0.340878 0.111619 0.175782
2 4 0.258825 0.131496 0.342606 0.135160 0.131913
0 4 0.303854 0.116215 0.293825 0.163725 0.122381
0 4 0.302655 0.118987 0.279466 0.169461 0.129430
2 4 0.231253 0.130693 0.341722 0.154924 0.141407
2 4 0.209575 0.184796 0.328625 0.084599 0.192405
4 4 0.223620 0.212454 0.231558 0.054895 0.277473
2 4 0.140454 0.160625 0.439289 0.093575 0.166057
2 4 0.159485 0.137495 0.474527 0.110100 0.118394
2 4 0.172726 0.106412 0.484486 0.155051 0.081324
0 4 0.393461 0.139587 0.219413 0.103659 0.143880
0 4 0.509260 0.134473 0.112394 0.066814 0.177059
0 4 0.551172 0.133887 0.074078 0.043414 0.197450
0 4 0.546715 0.126632 0.111528 0.063681 0.151445
0 4 0.566242 0.117743 0.118399 0.068236 0.129380
0 4 0.631186 0.109568 0.087157 0.052230 0.119859
0 4 0.646388 0.103388 0.090740 0.054714 0.104769
0 4 0.651444 0.094137 0.101298 0.069974 0.083147
0 4 0.694819 0.086786 0.083293 0.060998 0.074104
0 4 0.663213 0.094378 0.087797 0.068284 0.086328
0 0 0.557043 0.118919 0.130547 0.075016 0.118474
0 0 0.450272 0.157019 0.176472 0.064821 0.151416
0 0 0.342007 0.193576 0.204430 0.050737 0.209250
4 0 0.329155 0.201065 0.099406 0.028467 0.341907
0 0 0.364854 0.170813 0.071695 0.028200 0.364437
0 0 0.370973 0.168109 0.074372 0.032021 0.354525
4 0 0.282492 0.186397 0.132481 0.045503 0.353126
4 0 0.242418 0.192094 0.212838 0.057590 0.295060
4 0 0.291990 0.183734 0.150803 0.052938 0.320535
0 0 0.320874 0.192996 0.154394 0.047728 0.284008
0 0 0.411336 0.178437 0.106814 0.042044 0.261369
2 0 0.223066 0.160373 0.390238 0.085349 0.140974
2 1 0.195074 0.136372 0.456261 0.100470 0.111824
2 1 0.228669 0.117365 0.418926 0.137136 0.097903
2 1 0.306742 0.102536 0.314316 0.182559 0.093847
0 1 0.314776 0.087541 0.306259 0.223114 0.068310
2 1 0.257060 0.100615 0.386676 0.190357 0.065293
2 1 0.164209 0.111113 0.502615 0.151859 0.070204
2 4 0.083838 0.107966 0.572364 0.138317 0.097515
2 4 0.118102 0.148758 0.385133 0.120724 0.227283
2 4 0.096354 0.131797 0.454687 0.130885 0.186276
2 4 0.120828 0.128832 0.399514 0.167497 0.183330
2 4 0.136517 0.114081 0.359597 0.223805 0.166000
2 4 0.108220 0.097252 0.382110 0.274271 0.138148
2 4 0.175834 0.124862 0.287963 0.221316 0.190025
3 4 0.202157 0.104252 0.258348 0.303870 0.131374
3 4 0.159746 0.070437 0.256759 0.441659 0.071399
3 4 0.100064 0.043099 0.302520 0.520461 0.033857
2 4 0.222741 0.079373 0.320276 0.310674 0.066935
2 4 0.199979 0.084521 0.429548 0.224412 0.061540
2 4 0.256294 0.106022 0.408811 0.157841 0.071031
2 4 0.191311 0.093233 0.497507 0.157494 0.060455
2 4 0.169142 0.085770 0.500972 0.178700 0.065416
2 4 0.105116 0.070229 0.592271 0.184311 0.048074
2 4 0.079260 0.050336 0.578532 0.262596 0.029275
2 4 0.064255 0.048025 0.642405 0.218200 0.027115
2 2 0.040075 0.043725 0.663623 0.226383 0.026194
2 2 0.054136 0.068901 0.635225 0.188767 0.052971
2 2 0.038231 0.057152 0.698771 0.163045 0.042800
2 2 0.047178 0.058165 0.698628 0.161190 0.034839
2 2 0.024994 0.030652 0.690463 0.237215 0.016677
2 2 0.013318 0.029885 0.791074 0.147090 0.018633
2 2 0.008314 0.021518 0.818103 0.138883 0.013182
2 2 0.006101 0.013070 0.751448 0.220917 0.008464
2 2 0.003929 0.007151 0.685439 0.298881 0.004600
2 2 0.003301 0.006163 0.713009 0.273865 0.003662
2 2 0.002969 0.006381 0.795364 0.192019 0.003267
2 2 0.003750 0.008342 0.822709 0.160888 0.004310
2 2 0.005613 0.011392 0.853254 0.124265 0.005476
2 2 0.008011 0.013173 0.859481 0.113777 0.005557
2 2 0.012761 0.016444 0.848763 0.116009 0.006023
2 2 0.023343 0.021980 0.804704 0.142319 0.007655
2 2 0.083593 0.030575 0.571325 0.300917 0.013589
3 2 0.146636 0.033851 0.383379 0.420609 0.015525
3 2 0.084451 0.016833 0.210586 0.680971 0.007160
3 2 0.059718 0.012427 0.161569 0.760887 0.005400
3 0 0.044154 0.007964 0.108859 0.835850 0.003173
3 0 0.080549 0.014644 0.150270 0.748141 0.006396
3 0 0.106030 0.023595 0.212188 0.646308 0.011880
3 0 0.062735 0.021073 0.291039 0.613842 0.011311
3 1 0.082888 0.028919 0.340009 0.531525 0.016658
3 1 0.033484 0.015277 0.349939 0.593081 0.008219
3 1 0.056847 0.023414 0.397700 0.509104 0.012935
3 1 0.028542 0.012676 0.382468 0.570212 0.006101
3 1 0.030248 0.013461 0.416412 0.533504 0.006375
3 1 0.017701 0.008224 0.353498 0.616888 0.003690
2 1 0.021528 0.013104 0.511831 0.447506 0.006030
2 1 0.023278 0.017849 0.593817 0.355726 0.009330
2 1 0.058376 0.032931 0.520531 0.370287 0.017874
3 1 0.050997 0.022349 0.353963 0.559258 0.013432
3 1 0.033233 0.012742 0.235564 0.711592 0.006869
3 1 0.019162 0.006140 0.119743 0.851925 0.003029
3 1 0.035888 0.008031 0.102726 0.849575 0.003780
3 0 0.032527 0.005785 0.073023 0.886231 0.002435
3 0 0.050457 0.006638 0.070531 0.869865 0.002510
3 0 0.035819 0.004881 0.062980 0.894548 0.001771
3 0 0.036695 0.005086 0.064930 0.891423 0.001865
3 0 0.150677 0.020088 0.123815 0.696366 0.009054
3 0 0.193593 0.035106 0.189686 0.562392 0.019223
3 0 0.293512 0.052513 0.195751 0.425878 0.032347
3 0 0.251692 0.046131 0.213907 0.461973 0.026297
3 0 0.329388 0.045263 0.212638 0.391246 0.021465
0 1 0.337795 0.065383 0.297294 0.268696 0.030831
2 1 0.172893 0.070375 0.467604 0.255056 0.034072
2 1 0.049085 0.049914 0.539573 0.312286 0.049142
2 1 0.073305 0.075114 0.557645 0.215149 0.078788
2 1 0.074682 0.065010 0.559995 0.238370 0.061944
2 1 0.068791 0.068126 0.590452 0.209792 0.062839
2 1 0.055079 0.053596 0.625463 0.222570 0.043291
2 1 0.035663 0.039915 0.707299 0.190507 0.026615
2 1 0.022598 0.036797 0.778172 0.141782 0.020650
2 1 0.019300 0.045667 0.805740 0.102421 0.026873
2 1 0.012899 0.037377 0.826843 0.099103 0.023777
2 1 0.023093 0.075486 0.772412 0.074882 0.054127
2 1 0.031620 0.105920 0.703906 0.073270 0.085285
2 1 0.039876 0.141056 0.631583 0.064412 0.123073
2 4 0.066299 0.189066 0.448208 0.071509 0.224919
2 4 0.098961 0.177525 0.369993 0.093647 0.259874
4 4 0.151860 0.154071 0.257255 0.128044 0.308770
2 4 0.130965 0.142343 0.309260 0.148874 0.268558
4 4 0.248448 0.173549 0.121786 0.056938 0.399278
4 4 0.203854 0.171416 0.157757 0.079500 0.387474
4 4 0.187636 0.170263 0.173196 0.088526 0.380380
4 4 0.180043 0.168178 0.180496 0.094910 0.376372
4 4 0.154043 0.169083 0.221735 0.104679 0.350460
4 4 0.162447 0.161217 0.224309 0.113112 0.338914
4 4 0.156555 0.157190 0.247329 0.120260 0.318666
4 4 0.141506 0.155862 0.263057 0.127587 0.311988
4 4 0.157222 0.161977 0.215423 0.114641 0.350737
4 4 0.176882 0.167619 0.183721 0.097169 0.374609
4 4 0.207635 0.171783 0.154386 0.077292 0.388904
4 4 0.175465 0.190539 0.190544 0.069219 0.374233
4 4 0.136694 0.199439 0.261032 0.070172 0.332663
4 4 0.191498 0.184255 0.172069 0.069890 0.382287
4 4 0.232319 0.173303 0.133875 0.064275 0.396228
4 4 0.232736 0.173316 0.133550 0.064075 0.396323
4 4 0.212847 0.172228 0.149842 0.074346 0.390737
4 4 0.177909 0.166230 0.195798 0.099332 0.360731
4 4 0.139795 0.174579 0.248245 0.100783 0.336597
4 4 0.113172 0.197318 0.285741 0.078023 0.325746
2 4 0.042658 0.152777 0.607332 0.060821 0.136412
2 4 0.026658 0.110574 0.722595 0.059791 0.080381
2 4 0.013330 0.045499 0.816839 0.095387 0.028945
2 4 0.012202 0.036080 0.823349 0.105442 0.022926
2 4 0.012998 0.032625 0.814429 0.118175 0.021774
2 2 0.013819 0.029969 0.787473 0.147112 0.021627
2 2 0.011117 0.019536 0.695862 0.258031 0.015454
2 2 0.010893 0.017815 0.658529 0.298669 0.014095
2 2 0.008821 0.015197 0.643454 0.319993 0.012535
2 2 0.009368 0.018913 0.697161 0.259961 0.014598
2 2 0.009051 0.019664 0.721308 0.235477 0.014500
2 2 0.007802 0.017220 0.746338 0.216792 0.011848
2 2 0.005935 0.012568 0.738630 0.234626 0.008241
2 2 0.004293 0.008575 0.700326 0.281303 0.005504
2 2 0.003477 0.006787 0.687938 0.297587 0.004211
2 2 0.002580 0.004463 0.617244 0.372886 0.002827
2 2 0.002266 0.003874 0.609722 0.381739 0.002399
2 2 0.001921 0.003179 0.560839 0.432052 0.002009
2 2 0.001767 0.002957 0.545514 0.447898 0.001864
2 2 0.001818 0.002831 0.518998 0.474636 0.001717
2 2 0.001990 0.002856 0.507292 0.486200 0.001663
2 2 0.002049 0.002887 0.530751 0.462681 0.001633
2 2 0.002282 0.003320 0.585832 0.406652 0.001914
2 2 0.002785 0.004139 0.629815 0.360780 0.002481
2 2 0.003140 0.004877 0.642960 0.346073 0.002950
2 2 0.005050 0.005997 0.565709 0.419552 0.003692
2 2 0.005682 0.006227 0.590977 0.393509 0.003605
2 2 0.006546 0.006485 0.568358 0.414986 0.003624
2 2 0.006303 0.006251 0.574755 0.409253 0.003438
2 2 0.009149 0.008274 0.575985 0.401928 0.004664
2 2 0.006536 0.005957 0.492207 0.492025 0.003275
3 3 0.006952 0.006535 0.489657 0.493076 0.003781
2 3 0.003506 0.004087 0.511173 0.478921 0.002313
3 3 0.004948 0.005178 0.479585 0.507270 0.003019
3 3 0.004653 0.004481 0.375883 0.612360 0.002623
3 3 0.005524 0.004527 0.317264 0.670123 0.002562
3 3 0.003203 0.002578 0.250679 0.742208 0.001331
3 3 0.004959 0.004188 0.305171 0.683284 0.002398
3 3 0.004615 0.003765 0.277797 0.711705 0.002118
3 3 0.004238 0.003415 0.248399 0.742016 0.001932
3 3 0.001979 0.001521 0.162107 0.833625 0.000767
3 3 0.002274 0.001561 0.138245 0.857137 0.000783
3 3 0.002815 0.001712 0.121546 0.873068 0.000859
3 3 0.002698 0.001559 0.094789 0.900146 0.000808
3 3 0.001904 0.001066 0.066539 0.929941 0.000550
3 3 0.001508 0.000791 0.047871 0.949427 0.000403
3 3 0.001374 0.000729 0.047830 0.949702 0.000366
3 3 0.001148 0.000641 0.046554 0.951335 0.000322
3 3 0.001220 0.000733 0.059043 0.938635 0.000369
3 3 0.001647 0.000925 0.067790 0.929184 0.000454
3 3 0.001715 0.000892 0.069089 0.927894 0.000409
3 3 0.001691 0.000794 0.059810 0.937357 0.000347
3 3 0.001409 0.000645 0.051517 0.946155 0.000274
3 3 0.001668 0.000705 0.043798 0.953518 0.000311
3 3 0.002032 0.000815 0.037763 0.959004 0.000385
3 3 0.001716 0.000659 0.029880 0.967437 0.000309
3 3 0.001489 0.000613 0.030583 0.967023 0.000292
3 3 0.001254 0.000522 0.029676 0.968307 0.000241
3 3 0.001418 0.000586 0.032149 0.965575 0.000271
3 3 0.001419 0.000569 0.029451 0.968297 0.000264
3 3 0.001583 0.000597 0.025704 0.971832 0.000284
3 3 0.001346 0.000566 0.025377 0.972426 0.000286
3 3 0.001053 0.000500 0.024363 0.973817 0.000267
3 3 0.000876 0.000479 0.027202 0.971176 0.000266
3 3 0.001028 0.000565 0.030387 0.967703 0.000318
3 3 0.001074 0.000592 0.034569 0.963443 0.000322
3 3 0.001173 0.000592 0.032951 0.964975 0.000309
3 3 0.001152 0.000576 0.033646 0.964330 0.000295
3 3 0.001472 0.000667 0.034598 0.962931 0.000331
3 3 0.001989 0.000891 0.039788 0.956877 0.000456
3 3 0.002451 0.001082 0.041619 0.954274 0.000573
3 3 0.002098 0.000907 0.037311 0.959216 0.000468
3 3 0.002025 0.000810 0.034766 0.962006 0.000393
3 3 0.001582 0.000635 0.032255 0.965234 0.000295
3 3 0.001553 0.000648 0.036013 0.961490 0.000297
3 3 0.001033 0.000441 0.030543 0.967789 0.000194
3 3 0.000942 0.000386 0.028567 0.969942 0.000163
3 3 0.000961 0.000400 0.028265 0.970201 0.000173
3 3 0.001195 0.000487 0.033138 0.964971 0.000208
3 3 0.001367 0.000593 0.038511 0.959263 0.000265
3 3 0.001525 0.000648 0.037477 0.960053 0.000297
3 3 0.001162 0.000531 0.031110 0.966940 0.000257
3 3 0.001170 0.000537 0.027975 0.970046 0.000272
3 3 0.001067 0.000511 0.025826 0.972324 0.000271
3 3 0.001040 0.000497 0.024155 0.974041 0.000267
3 3 0.000747 0.000373 0.020834 0.977844 0.000200
3 3 0.000517 0.000244 0.016729 0.982391 0.000120
3 3 0.000436 0.000187 0.014186 0.985106 0.000085
3 3 0.000526 0.000204 0.013735 0.985445 0.000090
3 3 0.000532 0.000199 0.012782 0.986400 0.000087
3 3 0.000675 0.000237 0.014236 0.984752 0.000101
3 3 0.001479 0.000506 0.025388 0.972412 0.000215
3 3 0.002028 0.000648 0.032335 0.964728 0.000260
3 3 0.003468 0.001176 0.055382 0.939492 0.000482
3 3 0.002810 0.000885 0.044552 0.951410 0.000344
3 3 0.004725 0.001387 0.063987 0.929385 0.000516
3 3 0.005792 0.001587 0.053682 0.938309 0.000629
3 2 0.007906 0.002729 0.085713 0.902406 0.001246
3 2 0.004526 0.002775 0.137218 0.853930 0.001551
3 2 0.004002 0.003848 0.271955 0.717746 0.002447
2 2 0.027461 0.019671 0.487298 0.452214 0.013356
3 2 0.016121 0.011426 0.414354 0.551095 0.007004
3 2 0.008852 0.008993 0.471645 0.504949 0.005561
2 2 0.006574 0.008432 0.518031 0.461313 0.005651
2 2 0.003935 0.005955 0.505937 0.479663 0.004509
2 2 0.005624 0.008644 0.582523 0.396251 0.006957
2 2 0.007313 0.013039 0.668359 0.301333 0.009955
2 2 0.007661 0.014921 0.720379 0.246349 0.010690
2 2 0.005275 0.010232 0.715067 0.262652 0.006774
2 2 0.004263 0.008522 0.731578 0.250399 0.005237
2 2 0.003151 0.006081 0.715497 0.271715 0.003556
2 2 0.003113 0.005810 0.707655 0.279995 0.003427
2 2 0.002719 0.004473 0.607921 0.381977 0.002910
2 2 0.002252 0.003727 0.538628 0.452874 0.002519
2 2 0.002178 0.003469 0.525936 0.466157 0.002260
2 2 0.003393 0.004541 0.555752 0.433517 0.002798
2 2 0.005882 0.006772 0.628630 0.354681 0.004035
2 2 0.006896 0.006637 0.608739 0.374178 0.003549
2 2 0.008382 0.007528 0.607818 0.372446 0.003825
2 2 0.010809 0.011614 0.690784 0.281125 0.005667
2 2 0.012877 0.019123 0.763660 0.194100 0.010239
2 2 0.014190 0.032770 0.817929 0.115351 0.019761
2 2 0.014945 0.038320 0.797029 0.122780 0.026926
2 2 0.016683 0.042869 0.752508 0.154727 0.033212
2 2 0.030156 0.077326 0.688687 0.133432 0.070399
2 2 0.043407 0.113660 0.631748 0.099727 0.111457
2 4 0.060076 0.160157 0.533106 0.073348 0.173314
2 4 0.089472 0.197852 0.382413 0.067800 0.262463
2 4 0.100832 0.214972 0.327367 0.058441 0.298387
4 4 0.145522 0.205278 0.231577 0.063440 0.354184
4 4 0.209881 0.172480 0.152506 0.075415 0.389719
4 4 0.222861 0.172893 0.141436 0.068990 0.393820
4 4 0.224685 0.172988 0.139950 0.068056 0.394321
4 4 0.227641 0.173126 0.137570 0.066567 0.395096
4 4 0.193897 0.167109 0.159741 0.095575 0.383678
4 4 0.225001 0.172764 0.139239 0.068518 0.394478
4 4 0.209996 0.171341 0.150957 0.077796 0.389910
4 4 0.224012 0.172954 0.140497 0.068399 0.394138
4 4 0.184559 0.168921 0.175976 0.091774 0.378769
4 4 0.234350 0.173364 0.132298 0.063304 0.396683
4 4 0.198257 0.170801 0.162864 0.082882 0.385195
4 4 0.237792 0.173448 0.129662 0.061690 0.397408
4 4 0.255040 0.173496 0.117124 0.054175 0.400164
4 4 0.292462 0.171710 0.093464 0.040732 0.401632
4 4 0.291455 0.171789 0.094042 0.041049 0.401666
4 4 0.339554 0.167725 0.088718 0.043023 0.360981
4 4 0.255949 0.187458 0.185935 0.067128 0.303530
4 4 0.170480 0.204710 0.228760 0.056607 0.339443
4 4 0.215074 0.180545 0.149042 0.064129 0.391210
4 4 0.252310 0.173529 0.119035 0.055303 0.399822
4 4 0.245237 0.173543 0.124115 0.058332 0.398773
4 4 0.221043 0.172790 0.142931 0.069934 0.393302
4 4 0.246117 0.173547 0.123473 0.057947 0.398916
4 4 0.271289 0.173017 0.106284 0.047895 0.401516
4 4 0.294944 0.171511 0.092052 0.039961 0.401532
4 4 0.277296 0.172721 0.102502 0.045751 0.401730
4 4 0.236868 0.173428 0.130365 0.062120 0.397219
4 4 0.230093 0.173225 0.135623 0.065356 0.395703
4 4 0.249710 0.173546 0.120882 0.056399 0.399464
4 4 0.221699 0.172828 0.142390 0.069592 0.393491
2 4 0.051290 0.165999 0.521166 0.083997 0.177548
2 4 0.049994 0.152814 0.535810 0.096349 0.165032
2 4 0.045977 0.141215 0.579233 0.090967 0.142607
2 4 0.041530 0.128788 0.605416 0.098205 0.126061
2 4 0.030134 0.111845 0.686533 0.080306 0.091182
2 4 0.027920 0.103858 0.703643 0.082098 0.082482
2 4 0.023588 0.085677 0.734616 0.090850 0.065269
2 4 0.018940 0.067920 0.763130 0.100894 0.049117
2 4 0.015688 0.065156 0.797414 0.079861 0.041882
2 2 0.023394 0.092823 0.742817 0.073731 0.067235
2 2 0.029801 0.103017 0.702897 0.081034 0.083251
2 2 0.034722 0.096346 0.678655 0.103399 0.086879
2 2 0.025468 0.057327 0.710614 0.155554 0.051037
2 2 0.025807 0.057506 0.744561 0.123934 0.048192
2 2 0.029911 0.076768 0.765545 0.070664 0.057112
2 2 0.028136 0.087871 0.778803 0.052520 0.052671
2 2 0.019261 0.068997 0.833235 0.041957 0.036550
2 2 0.010712 0.042228 0.887795 0.038767 0.020499
2 2 0.009821 0.033508 0.888050 0.051716 0.016906
2 2 0.010042 0.031609 0.891559 0.050784 0.016006
2 2 0.010144 0.028320 0.881639 0.065309 0.014589
2 2 0.007916 0.017349 0.856711 0.108828 0.009196
2 2 0.007267 0.013331 0.811809 0.160113 0.007479
2 2 0.007404 0.014436 0.831941 0.138480 0.007739
2 2 0.007587 0.018661 0.856649 0.107137 0.009967
2 2 0.006557 0.017962 0.858864 0.106993 0.009624
2 2 0.005462 0.014518 0.844897 0.127380 0.007743
2 2 0.005363 0.015719 0.866582 0.104423 0.007913
2 2 0.005570 0.016654 0.870597 0.098826 0.008353
2 2 0.004873 0.013861 0.858615 0.115669 0.006982
2 2 0.004454 0.012030 0.840356 0.136972 0.006189
2 2 0.004381 0.012571 0.851673 0.125098 0.006277
2 2 0.005288 0.015558 0.850242 0.120820 0.008092
2 2 0.005688 0.015920 0.845045 0.124820 0.008528
2 2 0.006122 0.016207 0.829341 0.139203 0.009127
2 2 0.005708 0.013913 0.800929 0.171290 0.008160
2 2 0.006597 0.016084 0.796649 0.170865 0.009805
2 2 0.005835 0.014303 0.796858 0.174520 0.008484
2 2 0.005927 0.016426 0.840234 0.128447 0.008966
2 2 0.005052 0.014095 0.859062 0.114635 0.007156
2 2 0.004566 0.013222 0.886599 0.089468 0.006144
2 2 0.003389 0.009175 0.876130 0.107181 0.004125
2 2 0.003325 0.008931 0.882932 0.100875 0.003937
2 2 0.002992 0.007221 0.860054 0.126445 0.003288
2 2 0.003098 0.007831 0.869618 0.115939 0.003514
2 2 0.003479 0.008316 0.842027 0.142116 0.004063
2 2 0.003527 0.007346 0.791667 0.193513 0.003948
2 2 0.003353 0.006828 0.783208 0.202935 0.003676
2 2 0.003696 0.007595 0.777688 0.206802 0.004219
2 2 0.003926 0.007272 0.735622 0.248806 0.004374
2 2 0.003709 0.006419 0.714516 0.271427 0.003930
2 2 0.003851 0.006573 0.725773 0.259800 0.004003
2 2 0.003494 0.005788 0.684220 0.302857 0.003640
2 2 0.003629 0.005595 0.635884 0.351105 0.003786
2 2 0.003485 0.005443 0.612905 0.374417 0.003750
2 2 0.004124 0.006389 0.608610 0.376263 0.004614
2 2 0.003931 0.006019 0.543833 0.441755 0.004462
3 2 0.003321 0.004678 0.479393 0.509396 0.003212
3 2 0.002400 0.003234 0.425865 0.566477 0.002024
3 2 0.003276 0.004475 0.478844 0.510432 0.002973
2 2 0.011340 0.008518 0.510011 0.465598 0.004532
2 2 0.027814 0.016022 0.575494 0.372732 0.007938
2 2 0.051049 0.021923 0.583017 0.333608 0.010402
2 2 0.029448 0.014111 0.573666 0.376564 0.006212
2 2 0.022963 0.011540 0.564135 0.396420 0.004942
2 2 0.025687 0.011870 0.494233 0.463058 0.005151
2 2 0.021883 0.014289 0.555066 0.402483 0.006278
2 2 0.008264 0.009126 0.588484 0.389263 0.004863
2 2 0.003170 0.005593 0.629748 0.357823 0.003667
2 2 0.002243 0.004199 0.641960 0.349117 0.002482
2 2 0.002411 0.005184 0.704336 0.285203 0.002866
2 2 0.002630 0.005592 0.691731 0.296836 0.003212
2 2 0.002414 0.004909 0.642922 0.346813 0.002942
2 2 0.002542 0.005010 0.624871 0.364462 0.003114
2 2 0.002638 0.004864 0.593261 0.396055 0.003182
2 2 0.003002 0.005198 0.587586 0.400670 0.003545
2 2 0.002893 0.004755 0.553687 0.435307 0.003358
2 2 0.003216 0.004861 0.531777 0.456766 0.003380
2 2 0.002573 0.003977 0.505464 0.485288 0.002698
3 2 0.002646 0.003984 0.473690 0.516946 0.002734
3 2 0.002320 0.003486 0.449398 0.542451 0.002345
3 2 0.002542 0.003642 0.436946 0.554434 0.002436
3 2 0.002286 0.003525 0.467867 0.523943 0.002379
3 2 0.002794 0.004168 0.485722 0.504463 0.002852
3 2 0.002814 0.004124 0.483990 0.506288 0.002784
3 2 0.003597 0.004484 0.408155 0.580761 0.003004
3 3 0.003061 0.003770 0.353086 0.637562 0.002521
3 3 0.002811 0.003525 0.337506 0.653779 0.002380
3 3 0.002124 0.002735 0.310375 0.682968 0.001798
3 3 0.002348 0.002839 0.285449 0.707491 0.001873
3 3 0.002107 0.002584 0.279218 0.714404 0.001687
3 3 0.001849 0.002332 0.324256 0.670150 0.001414
3 3 0.001876 0.002502 0.361696 0.632387 0.001538
3 3 0.001756 0.002228 0.346182 0.648534 0.001301
3 3 0.001430 0.001779 0.332275 0.663543 0.000973
3 3 0.002350 0.002495 0.292575 0.701143 0.001438
