0 0 0.927161 0.040745 0.012387 0.002950 0.016758
0 0 0.963068 0.023336 0.004816 0.000872 0.007908
0 0 0.954230 0.027736 0.006682 0.001483 0.009870
0 0 0.925353 0.039454 0.014019 0.005889 0.015285
0 0 0.954987 0.025164 0.007257 0.003382 0.009210
0 0 0.981671 0.010342 0.001632 0.000436 0.005920
0 0 0.990897 0.005564 0.000564 0.000099 0.002876
0 0 0.990495 0.005583 0.000505 0.000060 0.003356
0 0 0.984839 0.010563 0.001399 0.000228 0.002971
0 0 0.963751 0.022972 0.004691 0.000843 0.007743
0 0 0.952467 0.028369 0.006605 0.001238 0.011322
0 0 0.909022 0.041653 0.011731 0.001818 0.035776
0 0 0.796909 0.062072 0.022656 0.003091 0.115271
0 0 0.765464 0.071541 0.029790 0.004682 0.128523
0 0 0.834336 0.063800 0.024656 0.004501 0.072706
0 0 0.878939 0.057137 0.021326 0.004909 0.037689
0 0 0.917374 0.044478 0.014242 0.003369 0.020538
0 0 0.935840 0.036315 0.010793 0.002944 0.014108
0 0 0.954388 0.027127 0.007053 0.002093 0.009339
0 0 0.962154 0.023300 0.005441 0.001483 0.007622
0 0 0.962315 0.023292 0.005355 0.001388 0.007650
0 0 0.959423 0.024932 0.005797 0.001383 0.008464
0 0 0.963194 0.022903 0.005133 0.001260 0.007509
0 0 0.963723 0.022552 0.005091 0.001315 0.007319
0 0 0.966343 0.021158 0.004610 0.001185 0.006704
0 0 0.963599 0.022607 0.005122 0.001334 0.007339
0 0 0.966649 0.020820 0.004678 0.001369 0.006486
0 0 0.968264 0.019840 0.004163 0.001043 0.006691
0 0 0.975411 0.016176 0.002994 0.000717 0.004703
0 0 0.971373 0.017846 0.003247 0.000596 0.006938
0 0 0.971997 0.017105 0.002855 0.000415 0.007628
0 0 0.968336 0.018999 0.003359 0.000491 0.008814
0 0 0.966588 0.019833 0.003566 0.000510 0.009502
0 0 0.950384 0.027165 0.005823 0.000841 0.015787
0 0 0.937228 0.032115 0.007635 0.001126 0.021895
0 0 0.930510 0.035349 0.009055 0.001448 0.023638
0 0 0.949281 0.028897 0.006639 0.001116 0.014068
0 0 0.963669 0.022931 0.004661 0.000824 0.007914
0 0 0.940408 0.034664 0.009399 0.002064 0.013464
0 0 0.923787 0.041949 0.012939 0.003037 0.018288
0 0 0.915794 0.044670 0.014225 0.003239 0.022072
0 0 0.929338 0.038050 0.010872 0.002293 0.019448
0 0 0.935041 0.035119 0.009310 0.001754 0.018775
0 0 0.949483 0.029152 0.006795 0.001192 0.013378
0 0 0.892374 0.053189 0.019028 0.004471 0.030938
0 0 0.893455 0.052096 0.018194 0.004058 0.032198
0 0 0.887747 0.053543 0.018943 0.004126 0.035640
0 0 0.910896 0.045416 0.014352 0.003002 0.026333
0 0 0.886645 0.054886 0.019993 0.004647 0.033830
0 0 0.916932 0.043654 0.013548 0.002921 0.022945
0 0 0.921181 0.042056 0.012746 0.002737 0.021280
0 0 0.926419 0.040655 0.012226 0.002787 0.017914
0 0 0.931750 0.038677 0.011330 0.002628 0.015615
0 0 0.909450 0.048301 0.016720 0.004442 0.021087
0 0 0.930139 0.039021 0.012004 0.003216 0.015620
0 0 0.945797 0.031474 0.008737 0.002465 0.011527
0 0 0.953158 0.027769 0.007283 0.002133 0.009657
0 0 0.952379 0.028232 0.007390 0.002088 0.009911
0 0 0.954880 0.027133 0.006777 0.001762 0.009447
0 0 0.955470 0.026881 0.006626 0.001676 0.009347
0 0 0.965632 0.021271 0.004909 0.001511 0.006677
0 0 0.953662 0.027016 0.007468 0.002730 0.009124
0 0 0.956105 0.025820 0.006881 0.002408 0.008787
0 0 0.948132 0.029660 0.008645 0.003184 0.010380
0 0 0.926510 0.039248 0.013627 0.005361 0.015255
0 0 0.932911 0.036741 0.011993 0.004352 0.014003
0 0 0.921638 0.041765 0.014594 0.005233 0.016771
0 0 0.933925 0.036712 0.011533 0.003698 0.014132
0 0 0.951410 0.029067 0.007318 0.001727 0.010478
0 0 0.959086 0.025207 0.005776 0.001288 0.008643
0 0 0.960386 0.024434 0.005613 0.001333 0.008235
0 0 0.957498 0.025835 0.006239 0.001583 0.008845
0 0 0.956049 0.026600 0.006502 0.001630 0.009219
0 0 0.950508 0.029547 0.007473 0.001739 0.010732
0 0 0.938546 0.035459 0.009878 0.002276 0.013841
0 0 0.930288 0.039340 0.011664 0.002729 0.015979
0 0 0.926249 0.041151 0.012599 0.003015 0.016985
0 0 0.912939 0.046920 0.015793 0.004042 0.020306
0 0 0.855922 0.068845 0.031010 0.009756 0.034467
0 0 0.841735 0.073728 0.035102 0.011486 0.037949
0 0 0.788330 0.090463 0.051342 0.019026 0.050838
0 0 0.803454 0.085970 0.046621 0.016729 0.047226
0 1 0.773753 0.115548 0.050731 0.010021 0.049947
0 1 0.584202 0.189585 0.085889 0.008651 0.131673
4 0 0.266523 0.256404 0.147612 0.008821 0.320640
4 1 0.136864 0.244327 0.174755 0.009081 0.434974
4 4 0.160520 0.270488 0.187346 0.010380 0.371265
4 4 0.240359 0.231315 0.138902 0.008248 0.381175
4 4 0.175503 0.210778 0.139949 0.007830 0.465940
4 4 0.124630 0.157083 0.113345 0.006043 0.598898
4 4 0.081760 0.149140 0.123465 0.006343 0.639292
4 4 0.070888 0.128531 0.105781 0.005008 0.689793
4 4 0.055861 0.121490 0.101553 0.004197 0.716898
4 4 0.056746 0.120551 0.098412 0.003929 0.720361
4 4 0.046034 0.123515 0.109665 0.004402 0.716384
4 4 0.048078 0.150414 0.130190 0.004838 0.666481
4 4 0.042675 0.187414 0.163011 0.005283 0.601618
4 4 0.046803 0.201809 0.175407 0.006004 0.569977
4 4 0.051231 0.194026 0.182188 0.007954 0.564602
4 4 0.049365 0.164886 0.155671 0.006922 0.623156
4 4 0.042917 0.152452 0.138656 0.005218 0.660758
4 4 0.043989 0.147172 0.129871 0.004721 0.674247
4 4 0.046823 0.108896 0.099595 0.004482 0.740204
4 4 0.044102 0.084673 0.081575 0.004246 0.785404
4 4 0.061882 0.118862 0.113576 0.006759 0.698921
4 4 0.056039 0.132404 0.120727 0.005840 0.684990
4 4 0.046344 0.159783 0.148235 0.006096 0.639543
4 4 0.041695 0.184676 0.157088 0.004785 0.611757
4 4 0.044460 0.193089 0.161663 0.004955 0.595833
4 4 0.051279 0.235247 0.200944 0.006940 0.505590
4 4 0.052899 0.219467 0.191026 0.007110 0.529498
4 4 0.070522 0.253507 0.199411 0.007349 0.469211
4 4 0.061242 0.249039 0.200461 0.006954 0.482304
4 4 0.064909 0.280729 0.212335 0.006676 0.435352
4 4 0.059432 0.323401 0.240768 0.006832 0.369567
4 4 0.066167 0.306152 0.219848 0.006254 0.401580
4 4 0.061987 0.288202 0.216887 0.006494 0.426429
4 4 0.068215 0.216371 0.161675 0.005314 0.548426
4 4 0.060982 0.148484 0.120391 0.004709 0.665434
4 4 0.063150 0.105517 0.088945 0.004304 0.738084
4 4 0.064983 0.094440 0.082380 0.004539 0.753657
4 4 0.071710 0.103588 0.086518 0.004562 0.733622
4 4 0.063190 0.080912 0.068407 0.003647 0.783844
4 4 0.080009 0.096448 0.077824 0.004264 0.741454
4 4 0.071658 0.112118 0.091644 0.004502 0.720079
4 4 0.093206 0.198498 0.155892 0.007432 0.544972
4 4 0.075445 0.202120 0.160259 0.006559 0.555618
4 4 0.063355 0.260333 0.214443 0.008008 0.453861
4 4 0.058371 0.287696 0.230515 0.007560 0.415859
4 4 0.043203 0.302838 0.258042 0.007665 0.388253
4 4 0.041245 0.314542 0.257523 0.006757 0.379933
4 4 0.040303 0.336764 0.271157 0.006785 0.344991
1 4 0.038421 0.357290 0.279858 0.006405 0.318026
1 4 0.034485 0.374013 0.300350 0.006790 0.284362
1 4 0.035164 0.380303 0.308641 0.007320 0.268572
2 0 0.031295 0.343529 0.386406 0.007543 0.231228
2 1 0.030610 0.333483 0.405441 0.007669 0.222797
2 2 0.028755 0.298488 0.474277 0.008468 0.190013
2 2 0.027494 0.276932 0.510122 0.008695 0.176757
2 2 0.026418 0.252413 0.550610 0.009171 0.161388
2 2 0.025015 0.241018 0.589423 0.009884 0.134660
2 1 0.021901 0.208690 0.659971 0.010740 0.098698
2 1 0.023012 0.220188 0.649013 0.011566 0.096220
2 1 0.022925 0.212333 0.658791 0.011859 0.094091
2 1 0.021024 0.193520 0.692693 0.011995 0.080767
2 1 0.020269 0.198404 0.681485 0.010429 0.089413
2 1 0.020461 0.179917 0.700207 0.011084 0.088331
2 1 0.020973 0.185810 0.691135 0.011144 0.090938
2 2 0.021075 0.183974 0.689847 0.010995 0.094110
2 2 0.019219 0.151580 0.744342 0.012317 0.072542
2 2 0.018739 0.129692 0.777130 0.014260 0.060179
2 2 0.017766 0.127512 0.783302 0.013567 0.057853
2 2 0.016186 0.106920 0.816835 0.014746 0.045313
2 2 0.014146 0.089692 0.848026 0.016033 0.032103
2 2 0.014182 0.085219 0.853688 0.017290 0.029621
2 2 0.015437 0.101504 0.829089 0.015634 0.038336
2 2 0.015478 0.105671 0.822720 0.014682 0.041449
2 2 0.014357 0.088478 0.847970 0.016161 0.033034
2 2 0.012133 0.069598 0.877329 0.016416 0.024524
2 2 0.011230 0.067205 0.882537 0.014840 0.024188
2 2 0.010622 0.055474 0.897939 0.017052 0.018913
2 2 0.009102 0.043033 0.916227 0.019237 0.012401
2 2 0.007960 0.027903 0.932439 0.023585 0.008113
2 2 0.007723 0.020978 0.936496 0.028278 0.006525
2 2 0.008242 0.015556 0.920338 0.050383 0.005481
2 2 0.008705 0.014101 0.897446 0.074457 0.005291
2 2 0.007356 0.012246 0.887253 0.088682 0.004462
2 3 0.007679 0.012635 0.875982 0.099031 0.004672
2 3 0.007259 0.011911 0.834669 0.141723 0.004438
2 3 0.006544 0.010679 0.753604 0.225145 0.004029
2 3 0.006246 0.010019 0.671309 0.308551 0.003874
2 3 0.007280 0.011053 0.593822 0.383275 0.004569
2 3 0.006908 0.010382 0.540187 0.438171 0.004353
3 3 0.008984 0.012444 0.461302 0.511521 0.005750
3 3 0.010002 0.013242 0.407772 0.562524 0.006460
3 3 0.012588 0.015135 0.312952 0.651039 0.008285
3 3 0.012022 0.013851 0.242571 0.723562 0.007994
3 3 0.011809 0.012854 0.179391 0.787995 0.007953
3 3 0.011508 0.012243 0.156033 0.812426 0.007791
3 3 0.010900 0.011058 0.116719 0.853864 0.007459
3 3 0.007331 0.007138 0.065288 0.915160 0.005083
3 3 0.007221 0.007443 0.085867 0.894520 0.004949
3 3 0.007308 0.007837 0.106060 0.873828 0.004967
3 3 0.007623 0.007999 0.098880 0.880296 0.005202
3 3 0.006714 0.006900 0.078957 0.902821 0.004608
3 3 0.005780 0.005918 0.067293 0.917033 0.003977
3 3 0.005983 0.006278 0.078732 0.904914 0.004094
3 3 0.006477 0.006751 0.082012 0.900325 0.004434
3 3 0.009380 0.009454 0.098067 0.876659 0.006440
3 3 0.008634 0.008486 0.079843 0.897072 0.005965
3 3 0.007620 0.007834 0.089106 0.890218 0.005223
3 3 0.006366 0.006547 0.075395 0.907321 0.004371
3 3 0.007109 0.007196 0.077160 0.903643 0.004892
3 3 0.005853 0.005882 0.061937 0.922286 0.004042
3 3 0.005929 0.005857 0.057475 0.926630 0.004109
3 3 0.005583 0.005474 0.052311 0.932755 0.003877
3 3 0.005365 0.005130 0.044327 0.941429 0.003748
3 3 0.005223 0.004838 0.036811 0.949454 0.003673
3 3 0.005912 0.005277 0.034273 0.950355 0.004184
3 3 0.006804 0.005952 0.035310 0.947106 0.004829
3 3 0.006907 0.006019 0.035149 0.947022 0.004904
3 3 0.008343 0.007205 0.040130 0.938398 0.005923
3 3 0.007540 0.006544 0.037382 0.943180 0.005354
3 3 0.007860 0.006807 0.038487 0.941266 0.005580
3 3 0.007585 0.006581 0.037539 0.942909 0.005386
3 3 0.007951 0.006882 0.038797 0.940725 0.005645
3 3 0.007290 0.006337 0.036508 0.944690 0.005176
3 3 0.006586 0.005819 0.036045 0.946885 0.004665
3 3 0.005852 0.005328 0.037552 0.947143 0.004125
3 3 0.006341 0.005681 0.037301 0.946197 0.004481
3 3 0.007338 0.006523 0.041145 0.939808 0.005186
3 3 0.007434 0.006620 0.042038 0.938657 0.005251
3 3 0.006971 0.006290 0.042300 0.939525 0.004914
3 3 0.007755 0.006751 0.038998 0.940996 0.005501
3 3 0.009281 0.008102 0.046847 0.929203 0.006567
3 3 0.012821 0.011671 0.078601 0.887947 0.008959
3 3 0.017761 0.017758 0.171313 0.781049 0.012119
3 2 0.025556 0.027530 0.348040 0.581818 0.017057
2 3 0.028095 0.032535 0.538098 0.382893 0.018379
2 3 0.028149 0.034064 0.660689 0.258924 0.018175
2 2 0.024461 0.031433 0.766118 0.162440 0.015548
2 2 0.021340 0.033874 0.841904 0.087864 0.015019
2 2 0.018679 0.031780 0.871632 0.064548 0.013361
2 2 0.019119 0.030747 0.872482 0.064478 0.013174
2 2 0.014871 0.021755 0.884475 0.069726 0.009172
2 2 0.013945 0.020689 0.891139 0.065650 0.008577
2 2 0.012541 0.018896 0.880801 0.080048 0.007713
2 2 0.013816 0.020211 0.845592 0.111811 0.008570
2 2 0.016644 0.023232 0.805093 0.144599 0.010432
2 2 0.015480 0.021954 0.813564 0.139327 0.009674
2 2 0.013392 0.019724 0.848803 0.109784 0.008297
2 2 0.011823 0.017890 0.861749 0.101251 0.007287
2 2 0.010018 0.015626 0.861892 0.106315 0.006150
2 3 0.010807 0.016583 0.854270 0.111684 0.006655
2 2 0.010343 0.015919 0.838512 0.128848 0.006378
2 2 0.010567 0.016175 0.833606 0.133127 0.006524
2 2 0.009086 0.014158 0.801106 0.170038 0.005612
2 3 0.007683 0.012168 0.753007 0.222391 0.004751
2 2 0.006364 0.010362 0.729609 0.249739 0.003925
2 3 0.006878 0.011172 0.768354 0.209362 0.004234
2 3 0.013029 0.018814 0.769845 0.190160 0.008153
2 2 0.012599 0.018338 0.775478 0.185714 0.007872
2 2 0.013076 0.018806 0.759041 0.200883 0.008193
2 2 0.011490 0.016656 0.707875 0.256764 0.007216
2 2 0.006960 0.011136 0.726614 0.250986 0.004305
2 2 0.008071 0.012597 0.734949 0.239375 0.005008
2 3 0.008352 0.012725 0.679137 0.294570 0.005216
2 2 0.008561 0.012920 0.663849 0.309311 0.005359
2 2 0.009775 0.014453 0.676565 0.293075 0.006132
2 2 0.010549 0.015751 0.751991 0.215132 0.006578
2 2 0.008256 0.013048 0.789355 0.184247 0.005094
2 2 0.007138 0.011624 0.799442 0.177414 0.004382
2 2 0.008192 0.012956 0.787215 0.186584 0.005054
2 2 0.005346 0.009271 0.830633 0.151507 0.003244
2 2 0.004820 0.008573 0.850493 0.133206 0.002909
2 2 0.004414 0.008022 0.867317 0.117595 0.002652
2 2 0.004473 0.008052 0.844313 0.140465 0.002697
2 2 0.004794 0.008514 0.841903 0.141893 0.002897
2 3 0.005732 0.009748 0.808767 0.172259 0.003494
2 3 0.006927 0.011299 0.786514 0.191003 0.004256
2 3 0.010822 0.016176 0.770584 0.195679 0.006739
2 3 0.020297 0.027162 0.786664 0.153064 0.012812
2 3 0.017748 0.024512 0.808814 0.137791 0.011135
2 0 0.019866 0.027075 0.831099 0.109508 0.012453
2 2 0.021582 0.029270 0.831328 0.104170 0.013650
2 2 0.023394 0.040992 0.848323 0.069441 0.017850
2 2 0.029102 0.046627 0.807015 0.095360 0.021896
2 2 0.021241 0.028158 0.783032 0.154139 0.013429
2 2 0.008674 0.013678 0.812081 0.160222 0.005344
2 2 0.006893 0.011359 0.817221 0.160308 0.004219
2 2 0.006898 0.011298 0.797793 0.179779 0.004232
2 2 0.010048 0.015443 0.816895 0.151404 0.006210
2 3 0.008179 0.013183 0.847813 0.125819 0.005007
2 2 0.007726 0.012648 0.863912 0.111003 0.004711
2 2 0.007588 0.012457 0.862017 0.113311 0.004626
2 2 0.009191 0.014528 0.854085 0.116560 0.005637
2 3 0.012604 0.018651 0.828732 0.132192 0.007821
2 2 0.009869 0.015149 0.801962 0.166912 0.006108
2 3 0.007037 0.011340 0.756195 0.221088 0.004340
2 2 0.008730 0.013404 0.729053 0.243382 0.005431
2 3 0.012954 0.018257 0.689464 0.271149 0.008176
2 3 0.013791 0.019082 0.668456 0.289932 0.008738
2 2 0.014596 0.019775 0.636861 0.319476 0.009292
2 3 0.013423 0.018835 0.696170 0.263097 0.008474
2 2 0.016718 0.022812 0.735478 0.214423 0.010569
2 0 0.014106 0.020416 0.824124 0.132572 0.008782
2 2 0.012745 0.018946 0.849450 0.110973 0.007886
2 2 0.010760 0.016570 0.862923 0.103132 0.006616
2 2 0.012080 0.018036 0.832534 0.129867 0.007484
2 2 0.015528 0.021898 0.797346 0.155503 0.009726
2 2 0.022415 0.029058 0.743621 0.190646 0.014259
2 2 0.016248 0.022500 0.765721 0.185303 0.010229
2 2 0.011176 0.016510 0.751944 0.213389 0.006980
2 2 0.010576 0.015730 0.740985 0.226105 0.006604
2 2 0.008671 0.013370 0.738774 0.233797 0.005388
2 2 0.010182 0.015252 0.741452 0.226763 0.006351
2 2 0.006511 0.010615 0.747430 0.231432 0.004011
2 2 0.006806 0.010847 0.701249 0.276881 0.004218
2 2 0.007961 0.012287 0.691410 0.283382 0.004960
2 2 0.010153 0.014801 0.654883 0.313774 0.006390
2 2 0.012815 0.017700 0.622969 0.338375 0.008142
2 3 0.016359 0.021037 0.550664 0.401400 0.010539
2 2 0.010064 0.013900 0.503782 0.465824 0.006431
2 3 0.008612 0.012324 0.519871 0.453722 0.005471
3 3 0.008344 0.011675 0.453115 0.521531 0.005335
3 3 0.010245 0.013642 0.428790 0.540718 0.006605
2 3 0.011295 0.015366 0.519193 0.446918 0.007228
2 3 0.010770 0.015163 0.586053 0.381178 0.006836
2 0 0.009792 0.014372 0.655058 0.314622 0.006157
2 3 0.011825 0.016783 0.659284 0.304638 0.007469
2 2 0.013670 0.019072 0.688702 0.269914 0.008641
2 2 0.012068 0.017387 0.717238 0.245725 0.007581
2 2 0.015421 0.021002 0.682967 0.270826 0.009785
2 2 0.016220 0.021707 0.658352 0.293390 0.010331
2 3 0.019362 0.025177 0.670000 0.273087 0.012374
2 3 0.021262 0.027437 0.699257 0.238468 0.013577
2 3 0.027083 0.033284 0.685729 0.236481 0.017423
2 2 0.023660 0.029924 0.697781 0.233485 0.015150
2 2 0.024624 0.030682 0.674720 0.254151 0.015823
2 2 0.025750 0.032006 0.692023 0.233687 0.016533
2 3 0.031950 0.042191 0.741975 0.162118 0.021765
2 3 0.024369 0.031953 0.792237 0.135883 0.015558
2 0 0.015829 0.023819 0.860732 0.089452 0.010168
2 2 0.015189 0.022106 0.841359 0.111804 0.009541
2 2 0.020125 0.038386 0.839251 0.086202 0.016037
2 2 0.019666 0.036364 0.834905 0.093761 0.015304
2 2 0.020015 0.035142 0.822461 0.107256 0.015125
2 2 0.011131 0.016590 0.778221 0.187127 0.006931
2 2 0.010094 0.015097 0.731184 0.237323 0.006302
2 2 0.010809 0.016014 0.741234 0.225189 0.006753
2 2 0.010089 0.015219 0.758478 0.209934 0.006280
2 2 0.010613 0.015982 0.783160 0.183648 0.006596
2 2 0.016113 0.022598 0.801450 0.149743 0.010096
2 2 0.017919 0.024789 0.819398 0.126667 0.011227
2 2 0.016486 0.024376 0.862094 0.086528 0.010516
2 2 0.018685 0.043918 0.872880 0.047715 0.016801
2 2 0.019049 0.078814 0.845489 0.030802 0.025847
2 2 0.019625 0.117273 0.804848 0.022948 0.035305
2 2 0.020233 0.133768 0.783577 0.020429 0.041993
2 1 0.022023 0.166979 0.739154 0.018190 0.053654
2 1 0.022851 0.213403 0.680243 0.014748 0.068754
2 1 0.024243 0.271897 0.609292 0.012919 0.081648
2 0 0.020603 0.218618 0.689251 0.014120 0.057407
2 1 0.022979 0.213057 0.684718 0.015748 0.063497
2 0 0.030231 0.259000 0.587209 0.015112 0.108448
2 4 0.039434 0.300998 0.431219 0.012315 0.216033
2 4 0.043481 0.312149 0.332400 0.010290 0.301680
4 4 0.046677 0.276158 0.244932 0.008438 0.423795
4 4 0.053147 0.277683 0.256550 0.010740 0.401881
4 4 0.045453 0.264996 0.233103 0.007729 0.448719
4 4 0.048913 0.313708 0.253586 0.007396 0.376396
1 4 0.039873 0.335672 0.281788 0.007695 0.334971
1 0 0.041328 0.368645 0.317553 0.009782 0.262692
2 0 0.042163 0.362252 0.365352 0.012132 0.218102
2 0 0.039085 0.338469 0.452291 0.014966 0.155188
2 0 0.035745 0.336948 0.438316 0.011751 0.177239
2 1 0.033028 0.326090 0.436112 0.009792 0.194979
2 1 0.033551 0.289782 0.485696 0.011427 0.179545
2 1 0.037095 0.309959 0.450171 0.012271 0.190505
2 1 0.037301 0.332886 0.413548 0.011179 0.205086
2 2 0.010547 0.022443 0.917528 0.041542 0.007941
2 2 0.012418 0.027549 0.908760 0.041360 0.009914
2 2 0.013081 0.033105 0.903932 0.038299 0.011584
2 2 0.013524 0.034003 0.901387 0.039090 0.011996
2 2 0.013762 0.040984 0.896857 0.034572 0.013825
2 2 0.014087 0.048822 0.890197 0.031045 0.015849
2 2 0.016227 0.073932 0.859123 0.023844 0.026874
2 2 0.016038 0.076709 0.854079 0.020070 0.033104
2 2 0.016054 0.072499 0.859002 0.021356 0.031089
2 2 0.016240 0.077404 0.852646 0.020265 0.033445
2 2 0.016634 0.088046 0.839892 0.019076 0.036352
2 2 0.015755 0.082545 0.850742 0.019952 0.031006
2 2 0.014391 0.062395 0.877284 0.023705 0.022226
2 2 0.014258 0.042057 0.893965 0.035399 0.014321
2 2 0.014701 0.030717 0.878425 0.064431 0.011725
2 2 0.017098 0.027470 0.836749 0.106914 0.011768
2 2 0.013865 0.020050 0.811360 0.146081 0.008644
2 2 0.011263 0.017031 0.831956 0.132783 0.006966
2 2 0.010427 0.016077 0.848915 0.118161 0.006421
2 2 0.011582 0.017623 0.867111 0.096555 0.007129
2 2 0.015355 0.022170 0.863882 0.089075 0.009517
2 2 0.017200 0.029466 0.867411 0.073680 0.012243
2 2 0.019828 0.041128 0.868589 0.053961 0.016493
2 2 0.022340 0.048881 0.854268 0.054747 0.019764
2 2 0.016842 0.032503 0.879994 0.057731 0.012931
2 2 0.015614 0.026342 0.875981 0.071270 0.010792
2 2 0.013629 0.020098 0.862159 0.095686 0.008428
2 2 0.012816 0.019081 0.857387 0.102797 0.007920
2 2 0.013899 0.020535 0.877969 0.079024 0.008573
2 2 0.017322 0.028208 0.881589 0.061063 0.011818
2 0 0.014846 0.036184 0.894062 0.041799 0.013109
2 1 0.014715 0.046428 0.889176 0.034076 0.015605
2 2 0.016128 0.057615 0.875064 0.031673 0.019519
2 2 0.017074 0.069838 0.860920 0.029435 0.022733
2 2 0.019969 0.094652 0.827039 0.028130 0.030210
2 2 0.023625 0.103352 0.805962 0.032151 0.034910
2 2 0.019671 0.044034 0.846009 0.072826 0.017460
2 2 0.017443 0.033745 0.842751 0.092334 0.013728
2 2 0.016962 0.036134 0.860024 0.072746 0.014133
2 2 0.019467 0.055369 0.859464 0.045420 0.020280
2 2 0.016896 0.042868 0.872312 0.052094 0.015829
2 2 0.015802 0.036935 0.876624 0.056832 0.013807
2 2 0.011859 0.025464 0.900460 0.052981 0.009237
2 2 0.012687 0.028995 0.901125 0.046766 0.010428
2 2 0.010785 0.021589 0.909505 0.050284 0.007838
2 2 0.009524 0.016472 0.905932 0.061944 0.006128
2 2 0.005854 0.010216 0.902323 0.078087 0.003521
2 2 0.006593 0.011106 0.861525 0.116770 0.004006
2 3 0.010363 0.015860 0.821573 0.145799 0.006405
2 2 0.015024 0.021137 0.770480 0.183925 0.009434
2 2 0.017925 0.024365 0.763955 0.182441 0.011314
2 2 0.017546 0.023610 0.719550 0.228169 0.011126
2 2 0.017988 0.023991 0.706171 0.240420 0.011430
2 2 0.017397 0.023598 0.739863 0.208138 0.011004
2 2 0.016480 0.023008 0.800123 0.150056 0.010333
2 2 0.012411 0.018481 0.839727 0.121695 0.007686
2 2 0.008133 0.013253 0.878592 0.095069 0.004953
2 2 0.006475 0.011043 0.889460 0.089109 0.003914
2 3 0.009048 0.014455 0.877843 0.093127 0.005526
2 3 0.009259 0.014633 0.857696 0.112735 0.005677
2 2 0.005583 0.008587 0.499330 0.482988 0.003512
2 2 0.005438 0.008492 0.524705 0.457955 0.003410
3 3 0.005547 0.008407 0.462110 0.520433 0.003503
3 3 0.005907 0.008694 0.424133 0.557513 0.003753
3 3 0.005067 0.007341 0.341028 0.643324 0.003240
3 3 0.005934 0.008520 0.377029 0.604723 0.003793
3 3 0.006581 0.009492 0.423903 0.555829 0.004194
2 3 0.007260 0.010638 0.499975 0.477526 0.004601
3 3 0.007615 0.010952 0.476814 0.499775 0.004844
2 3 0.008039 0.011546 0.497353 0.477952 0.005110
2 3 0.008972 0.012584 0.489565 0.483154 0.005724
3 3 0.009470 0.013123 0.484650 0.486702 0.006054
3 3 0.009366 0.012428 0.388383 0.583771 0.006053
3 3 0.009386 0.012431 0.385626 0.586488 0.006068
3 3 0.009341 0.012494 0.402857 0.569283 0.006026
3 3 0.010548 0.014157 0.457500 0.511012 0.006783
3 3 0.009988 0.013210 0.405206 0.565142 0.006453
3 3 0.010782 0.013761 0.364704 0.603737 0.007016
3 3 0.010609 0.013387 0.339702 0.629377 0.006924
3 3 0.009900 0.012510 0.321081 0.650044 0.006466
3 3 0.010041 0.012145 0.261589 0.709603 0.006622
3 3 0.009284 0.010678 0.189005 0.784836 0.006197
3 3 0.009030 0.009933 0.147129 0.827820 0.006088
3 3 0.009833 0.010393 0.130353 0.842742 0.006679
3 3 0.009670 0.010192 0.126471 0.847094 0.006574
3 3 0.009343 0.010096 0.138858 0.835383 0.006321
3 3 0.010446 0.011142 0.144391 0.826945 0.007077
3 3 0.012850 0.013499 0.162335 0.802604 0.008711
3 3 0.013167 0.014452 0.207035 0.756507 0.008839
3 3 0.011836 0.013716 0.246125 0.720461 0.007862
3 3 0.008407 0.010858 0.307753 0.667506 0.005477
3 3 0.008045 0.010669 0.336782 0.639291 0.005213
3 3 0.009418 0.012531 0.395582 0.576386 0.006082
3 3 0.011466 0.014799 0.407747 0.558555 0.007433
2 3 0.014371 0.018580 0.503877 0.453900 0.009272
3 3 0.016373 0.020369 0.470211 0.482407 0.010639
2 3 0.018546 0.022985 0.516028 0.430411 0.012031
2 3 0.016741 0.020812 0.477999 0.473572 0.010875
3 3 0.016632 0.020237 0.428120 0.524146 0.010864
3 3 0.013396 0.016308 0.352388 0.609125 0.008783
3 3 0.012157 0.014931 0.336811 0.628134 0.007967
3 3 0.009447 0.011927 0.306153 0.666297 0.006176
3 3 0.010911 0.013637 0.332553 0.635766 0.007133
3 3 0.012081 0.013938 0.245328 0.720621 0.008031
3 3 0.010329 0.011218 0.156537 0.814945 0.006971
3 3 0.008448 0.009007 0.118101 0.858706 0.005738
3 3 0.008556 0.009163 0.122180 0.854296 0.005806
3 3 0.009759 0.010194 0.121969 0.851431 0.006646
3 3 0.009695 0.009588 0.091879 0.882158 0.006680
3 3 0.009586 0.009118 0.074648 0.899987 0.006660
3 3 0.007815 0.007504 0.064619 0.914631 0.005431
3 3 0.008487 0.008175 0.070948 0.906501 0.005889
3 3 0.008129 0.007686 0.062019 0.916500 0.005665
3 3 0.008192 0.007661 0.059045 0.919380 0.005722
3 3 0.007156 0.006897 0.060576 0.920397 0.004974
3 3 0.006634 0.006606 0.066535 0.915640 0.004584
3 3 0.006705 0.006520 0.059634 0.922485 0.004655
3 3 0.006379 0.006117 0.053002 0.930058 0.004444
3 3 0.006608 0.006325 0.054243 0.928221 0.004604
3 3 0.006571 0.006308 0.054786 0.927759 0.004576
3 3 0.005609 0.005488 0.051961 0.933044 0.003898
3 3 0.006748 0.006413 0.053394 0.928738 0.004707
3 3 0.006116 0.005732 0.045318 0.938550 0.004284
3 3 0.006234 0.005750 0.042537 0.941098 0.004380
3 3 0.010881 0.009582 0.056926 0.914941 0.007671
3 3 0.031188 0.026904 0.137867 0.782237 0.021805
3 3 0.047587 0.043861 0.283992 0.591974 0.032586
2 3 0.054667 0.053444 0.429596 0.425486 0.036807
2 0 0.063256 0.060767 0.448810 0.384532 0.042635
2 0 0.091486 0.097453 0.477858 0.268177 0.065025
2 2 0.100854 0.118493 0.532109 0.178221 0.070323
2 2 0.052405 0.053256 0.498316 0.361061 0.034962
2 3 0.010581 0.015261 0.645820 0.321666 0.006673
2 3 0.012262 0.017222 0.648130 0.314625 0.007761
2 3 0.014370 0.019831 0.683635 0.273063 0.009100
2 2 0.023745 0.032215 0.742645 0.185639 0.015756
2 2 0.035173 0.099524 0.770504 0.053646 0.041153
2 4 0.033809 0.176292 0.685053 0.026559 0.078287
2 4 0.020975 0.133952 0.770298 0.017386 0.057389
2 4 0.023601 0.159775 0.708937 0.013853 0.093834
2 4 0.027145 0.179744 0.659310 0.013390 0.120411
2 4 0.029791 0.236386 0.563060 0.011180 0.159583
2 4 0.038600 0.267933 0.422402 0.010758 0.260307
2 4 0.045097 0.256594 0.397279 0.012701 0.288329
4 4 0.065604 0.276428 0.320021 0.015700 0.322246
4 4 0.076753 0.269288 0.239412 0.012357 0.402190
4 4 0.062104 0.179470 0.181618 0.010996 0.565812
4 4 0.056447 0.138791 0.140164 0.008337 0.656260
4 4 0.052077 0.109041 0.109187 0.006435 0.723260
4 4 0.058799 0.157631 0.154017 0.008533 0.621021
4 4 0.053597 0.195349 0.186195 0.008685 0.556174
4 4 0.053599 0.238216 0.223454 0.009790 0.474940
4 4 0.055207 0.255554 0.224999 0.008730 0.455510
4 4 0.051166 0.281708 0.247452 0.008972 0.410701
4 4 0.050265 0.320463 0.267842 0.008638 0.352792
4 4 0.043552 0.319896 0.273068 0.008244 0.355239
4 4 0.048010 0.306874 0.264367 0.008763 0.371987
4 4 0.046152 0.269902 0.233858 0.007584 0.442504
4 4 0.050271 0.250200 0.215644 0.007428 0.476457
4 4 0.048427 0.226750 0.199700 0.007081 0.518042
4 4 0.058903 0.260672 0.214752 0.007569 0.458105
4 0 0.061482 0.290286 0.235611 0.008291 0.404330
4 4 0.066662 0.327061 0.244204 0.007665 0.354409
1 4 0.060555 0.355509 0.256390 0.006972 0.320574
1 4 0.061584 0.395469 0.270247 0.006791 0.265908
1 4 0.057519 0.412898 0.285865 0.007156 0.236562
1 4 0.048196 0.394412 0.308056 0.008740 0.240596
1 4 0.044643 0.378613 0.315660 0.009675 0.251408
1 4 0.036531 0.354831 0.340142 0.008403 0.260092
2 4 0.033110 0.329881 0.386859 0.008090 0.242061
2 4 0.030599 0.316332 0.402558 0.007311 0.243200
2 4 0.029640 0.291731 0.440816 0.007639 0.230175
2 4 0.028692 0.273603 0.492709 0.008577 0.196419
2 4 0.032373 0.268587 0.469618 0.009494 0.219928
2 4 0.041656 0.288867 0.373021 0.010644 0.285812
2 4 0.044302 0.277357 0.355657 0.010993 0.311691
4 4 0.052548 0.262147 0.272602 0.011152 0.401551
4 4 0.057009 0.244151 0.233856 0.011247 0.453738
4 4 0.062517 0.236490 0.224739 0.011457 0.464796
4 4 0.062087 0.165945 0.147266 0.006858 0.617844
4 4 0.043845 0.310076 0.268762 0.008415 0.368903
4 4 0.041480 0.323775 0.275311 0.007940 0.351493
4 4 0.039574 0.335025 0.280408 0.007557 0.337436
1 4 0.038524 0.345430 0.286844 0.007479 0.321722
1 4 0.037771 0.343903 0.283332 0.007133 0.327861
1 4 0.037751 0.354494 0.292830 0.007473 0.307451
1 4 0.037403 0.348252 0.286150 0.007125 0.321069
1 4 0.037251 0.351444 0.288567 0.007166 0.315572
1 4 0.039427 0.351473 0.280094 0.006785 0.322222
1 4 0.040991 0.345590 0.289041 0.008053 0.316324
1 4 0.045557 0.343728 0.287694 0.008725 0.314296
1 4 0.045362 0.353587 0.301952 0.009655 0.289445
1 4 0.048129 0.367993 0.292516 0.008380 0.282983
1 4 0.049503 0.378428 0.299329 0.008769 0.263971
1 4 0.050407 0.386151 0.302287 0.008848 0.252306
1 0 0.052440 0.385677 0.301590 0.009090 0.251203
1 0 0.056721 0.380199 0.296568 0.009415 0.257097
1 0 0.058709 0.371359 0.291761 0.009598 0.268573
1 0 0.060804 0.365177 0.279223 0.008803 0.285993
1 0 0.056464 0.343723 0.277173 0.009160 0.313480
1 0 0.053982 0.339278 0.281690 0.009581 0.315469
1 1 0.050007 0.349247 0.277075 0.008019 0.315653
1 1 0.047218 0.364592 0.279766 0.007234 0.301189
1 1 0.046046 0.381366 0.286980 0.007051 0.278557
1 1 0.048177 0.392267 0.286325 0.006863 0.266368
1 0 0.055055 0.390503 0.280765 0.007224 0.266453
1 1 0.070804 0.398972 0.282419 0.008730 0.239075
1 1 0.082850 0.408060 0.283774 0.009757 0.215560
1 0 0.101214 0.415405 0.268878 0.009370 0.205134
1 0 0.101221 0.376770 0.247733 0.008519 0.265757
1 0 0.114180 0.384023 0.246451 0.008982 0.246364
1 0 0.126526 0.390549 0.247106 0.009652 0.226167
1 0 0.176768 0.367886 0.222111 0.010438 0.222798
1 0 0.230301 0.298306 0.183325 0.011048 0.277021
4 0 0.216640 0.230037 0.145702 0.008806 0.398816
4 0 0.189952 0.194652 0.128576 0.007736 0.479085
4 0 0.210069 0.201031 0.125644 0.007309 0.455948
4 0 0.224599 0.157980 0.096577 0.005997 0.514847
4 0 0.278950 0.131225 0.074517 0.005078 0.510230
0 0 0.442233 0.125033 0.065806 0.006210 0.360719
0 0 0.602861 0.131712 0.064592 0.008019 0.192815
0 0 0.739353 0.088458 0.041597 0.007566 0.123025
0 0 0.805248 0.076620 0.035267 0.008201 0.074663
0 0 0.819726 0.073098 0.032423 0.007484 0.067270
0 0 0.867934 0.056802 0.020380 0.003892 0.050991
0 0 0.896924 0.048962 0.016563 0.003638 0.033913
0 0 0.896533 0.047458 0.015108 0.002796 0.038105
0 0 0.804707 0.065304 0.025360 0.004080 0.100549
0 0 0.558478 0.078252 0.038403 0.004735 0.320131
4 0 0.286115 0.076584 0.054078 0.007014 0.576209
4 0 0.205294 0.071949 0.056500 0.006958 0.659299
4 0 0.232973 0.099540 0.082410 0.011357 0.573720
4 0 0.216192 0.118173 0.101967 0.013641 0.550027
4 0 0.258349 0.123275 0.104351 0.015573 0.498452
4 0 0.244692 0.119317 0.103762 0.015732 0.516497
4 0 0.343850 0.119099 0.104148 0.022231 0.410672
0 0 0.474167 0.114874 0.087957 0.020495 0.302508
0 0 0.532505 0.106445 0.071488 0.014850 0.274713
0 0 0.541033 0.101240 0.064251 0.012203 0.281273
0 0 0.659116 0.085574 0.042989 0.007020 0.205301
4 0 0.132365 0.214457 0.155352 0.008201 0.489626
4 0 0.133902 0.228942 0.153833 0.006909 0.476413
4 1 0.087313 0.248923 0.183111 0.006943 0.473710
4 1 0.065639 0.240276 0.194786 0.007280 0.492020
4 0 0.051813 0.277029 0.238360 0.008334 0.424464
4 1 0.042671 0.316377 0.271628 0.008164 0.361160
1 1 0.043927 0.349398 0.319104 0.010570 0.277001
2 1 0.040173 0.330299 0.363018 0.010318 0.256192
2 1 0.040929 0.317382 0.353361 0.010059 0.278268
2 1 0.042315 0.316588 0.344343 0.010304 0.286451
2 2 0.042678 0.310462 0.354229 0.010730 0.281901
1 1 0.046031 0.322567 0.307877 0.010574 0.312951
1 1 0.046190 0.330901 0.293608 0.010234 0.319067
1 1 0.042422 0.338680 0.291340 0.008868 0.318691
1 1 0.044888 0.343726 0.282127 0.008076 0.321183
1 1 0.043693 0.359530 0.296934 0.008551 0.291293
1 1 0.040083 0.370522 0.315501 0.009237 0.264657
2 1 0.037067 0.365082 0.385937 0.010642 0.201271
2 1 0.032655 0.348445 0.447253 0.010859 0.160788
2 2 0.028955 0.318735 0.510777 0.011153 0.130380
2 2 0.027789 0.285393 0.551820 0.011515 0.123483
2 2 0.025246 0.220296 0.640536 0.012891 0.101030
2 2 0.027046 0.226736 0.619283 0.012977 0.113959
2 2 0.031202 0.256758 0.557307 0.013029 0.141704
2 1 0.036954 0.300403 0.469324 0.012972 0.180348
2 1 0.039092 0.331874 0.419399 0.012440 0.197195
2 1 0.034839 0.322165 0.446267 0.011151 0.185578
2 1 0.029834 0.281327 0.527671 0.011149 0.150020
2 1 0.024039 0.215262 0.627316 0.010430 0.122953
2 2 0.022950 0.193825 0.660956 0.010885 0.111383
2 2 0.023410 0.174051 0.688087 0.012478 0.101974
2 2 0.024602 0.156818 0.712675 0.015254 0.090651
2 2 0.024581 0.123885 0.767365 0.021486 0.062682
2 2 0.023786 0.128996 0.768704 0.021523 0.056991
2 2 0.023286 0.165830 0.720829 0.015828 0.074226
2 2 0.024640 0.210572 0.649749 0.012506 0.102533
2 1 0.023417 0.219695 0.630718 0.010383 0.115787
2 1 0.021189 0.190037 0.673284 0.010084 0.105406
2 1 0.021189 0.194142 0.661662 0.009470 0.113537
2 1 0.020716 0.200372 0.653850 0.008876 0.116187
2 2 0.023618 0.253754 0.551104 0.007591 0.163934
2 2 0.028631 0.274829 0.495265 0.008669 0.192606
2 2 0.028814 0.230063 0.563404 0.010640 0.167079
2 0 0.029048 0.212282 0.566866 0.010452 0.181352
2 1 0.027904 0.207455 0.553594 0.009097 0.201950
2 2 0.028410 0.214647 0.571756 0.010345 0.174842
2 2 0.030013 0.237111 0.553469 0.011123 0.168284
2 2 0.032172 0.259322 0.544235 0.012927 0.151344
2 2 0.033967 0.270645 0.535803 0.014219 0.145366
2 2 0.028519 0.253110 0.571387 0.011827 0.135157
2 2 0.028475 0.206728 0.641086 0.015125 0.108586
2 2 0.025397 0.151080 0.736831 0.020260 0.066433
2 2 0.024918 0.139110 0.754751 0.021928 0.059293
2 2 0.023251 0.110914 0.794985 0.025680 0.045169
2 2 0.025955 0.101456 0.797589 0.032919 0.042081
2 2 0.023440 0.080587 0.827967 0.039005 0.029002
2 2 0.022209 0.094856 0.818573 0.030944 0.033418
2 2 0.020173 0.103819 0.814713 0.024022 0.037273
2 2 0.018179 0.102348 0.822094 0.020783 0.036596
2 2 0.016654 0.099452 0.831166 0.019586 0.033142
2 2 0.018873 0.100458 0.816872 0.019402 0.044395
2 2 0.020210 0.106744 0.802854 0.019234 0.050958
2 2 0.021991 0.116847 0.783201 0.019304 0.058657
2 1 0.025853 0.123524 0.767403 0.024285 0.058935
2 1 0.032592 0.147080 0.715446 0.026868 0.078014
2 1 0.030779 0.153348 0.715401 0.024749 0.075724
2 2 0.027549 0.169071 0.709165 0.020512 0.073703
2 0 0.025700 0.149051 0.746062 0.023447 0.055740
2 0 0.023251 0.133783 0.775656 0.025388 0.041922
2 1 0.025249 0.147863 0.754139 0.025757 0.046992
2 2 0.018999 0.115674 0.807965 0.021817 0.035546
2 2 0.015629 0.059732 0.875273 0.030115 0.019251
2 2 0.011431 0.028374 0.913958 0.036502 0.009735
2 2 0.010257 0.020305 0.920191 0.041955 0.007292
2 2 0.009076 0.020550 0.928332 0.035105 0.006937
2 2 0.009927 0.029547 0.921446 0.029705 0.009375
2 2 0.010517 0.033682 0.916373 0.028848 0.010580
2 2 0.011368 0.035119 0.911447 0.030759 0.011308
2 2 0.013139 0.041751 0.899225 0.032179 0.013706
2 2 0.014838 0.047087 0.888195 0.034053 0.015827
2 2 0.015080 0.042701 0.889867 0.037485 0.014868
2 2 0.014533 0.036026 0.895830 0.040512 0.013099
2 2 0.011760 0.019768 0.910495 0.050345 0.007632
2 2 0.010662 0.017272 0.916054 0.049392 0.006620
2 2 0.007725 0.014135 0.935007 0.038205 0.004928
2 2 0.006441 0.015108 0.944736 0.028973 0.004743
2 2 0.006123 0.015151 0.946939 0.027145 0.004641
2 2 0.005961 0.015922 0.948096 0.025274 0.004748
2 2 0.006132 0.017284 0.946894 0.024590 0.005101
2 2 0.006668 0.020948 0.942734 0.023566 0.006084
2 2 0.007176 0.018123 0.940163 0.028858 0.005680
2 2 0.008338 0.021450 0.932761 0.030578 0.006872
2 2 0.009833 0.019611 0.923411 0.040176 0.006969
2 2 0.010005 0.017855 0.912618 0.052913 0.006609
2 2 0.011137 0.019382 0.904146 0.057956 0.007378
2 2 0.013706 0.027247 0.894424 0.054270 0.010353
2 2 0.013221 0.019594 0.860617 0.098396 0.008172
2 2 0.010487 0.016122 0.842871 0.124055 0.006464
2 2 0.012926 0.019063 0.832846 0.127146 0.008020
2 2 0.015269 0.021808 0.827832 0.125572 0.009519
2 2 0.014673 0.021091 0.825184 0.129909 0.009143
2 3 0.015422 0.021893 0.814450 0.138599 0.009636
2 2 0.014328 0.020456 0.789673 0.166578 0.008965
2 3 0.013971 0.020125 0.803365 0.153818 0.008721
2 3 0.013304 0.019297 0.796573 0.162524 0.008302
2 3 0.010386 0.015632 0.768483 0.199036 0.006463
2 3 0.011004 0.016106 0.713146 0.252845 0.006899
2 3 0.014553 0.019851 0.655515 0.300835 0.009246
2 3 0.019311 0.025098 0.667006 0.276239 0.012344
2 3 0.012638 0.017619 0.642633 0.319100 0.008010
2 3 0.009838 0.013963 0.562270 0.407683 0.006245
3 3 0.007317 0.010383 0.430925 0.546702 0.004673
3 3 0.008314 0.011183 0.372425 0.602710 0.005367
3 3 0.007658 0.010201 0.329093 0.648087 0.004961
3 3 0.008815 0.011287 0.307958 0.666190 0.005750
3 3 0.009859 0.011837 0.247878 0.723911 0.006515
3 3 0.013054 0.014452 0.214439 0.749308 0.008747
3 3 0.017038 0.018206 0.230090 0.723201 0.011464
3 3 0.013767 0.014996 0.207734 0.754253 0.009251
3 3 0.011789 0.013176 0.204496 0.762644 0.007895
3 3 0.010755 0.011290 0.136953 0.833694 0.007308
3 3 0.007953 0.007924 0.079176 0.899462 0.005484
3 3 0.006995 0.006887 0.066095 0.915181 0.004842
3 3 0.006524 0.006283 0.055283 0.927369 0.004541
3 3 0.007557 0.007268 0.063081 0.916841 0.005253
3 3 0.007180 0.007145 0.071483 0.909235 0.004958
3 3 0.007607 0.007441 0.069193 0.910491 0.005268
3 3 0.007754 0.007474 0.065402 0.913985 0.005385
3 3 0.007411 0.007120 0.061625 0.918690 0.005153
3 3 0.006936 0.006700 0.059504 0.922038 0.004821
3 3 0.007165 0.006976 0.063886 0.917003 0.004970
3 3 0.007174 0.006965 0.063006 0.917877 0.004979
3 3 0.006965 0.006806 0.063358 0.918042 0.004829
3 3 0.007244 0.007402 0.082437 0.897943 0.004974
3 3 0.007936 0.007972 0.082352 0.896276 0.005463
3 3 0.009000 0.009128 0.097359 0.878339 0.006174
3 3 0.006469 0.006670 0.077533 0.904889 0.004439
3 3 0.007253 0.007551 0.090665 0.889571 0.004961
3 3 0.007665 0.007918 0.091874 0.887295 0.005247
3 3 0.014848 0.015676 0.190538 0.768901 0.010036
3 3 0.026515 0.029277 0.406264 0.520362 0.017581
2 3 0.021304 0.027476 0.698666 0.238948 0.013605
2 0 0.013415 0.019767 0.851221 0.107290 0.008308
2 1 0.011078 0.017203 0.901822 0.063133 0.006764
2 2 0.007911 0.021578 0.935264 0.028514 0.006733
2 2 0.009384 0.040606 0.916898 0.021646 0.011466
2 2 0.010596 0.044312 0.908647 0.023520 0.012925
2 1 0.010035 0.036272 0.917660 0.023839 0.012194
2 1 0.012273 0.061098 0.885335 0.018036 0.023259
2 1 0.017742 0.129971 0.779082 0.013094 0.060111
2 1 0.025180 0.213724 0.637406 0.012081 0.111609
2 4 0.029059 0.238457 0.583959 0.012433 0.136092
2 4 0.032795 0.264908 0.522971 0.012201 0.167125
2 4 0.035688 0.280093 0.472876 0.011721 0.199622
2 4 0.034840 0.270809 0.498181 0.012280 0.183890
2 4 0.027804 0.216753 0.604545 0.011893 0.139004
2 0 0.027805 0.216827 0.591468 0.011061 0.152839
2 0 0.029985 0.228157 0.552308 0.010768 0.178781
2 4 0.038292 0.277119 0.452632 0.010984 0.220974
2 4 0.053389 0.293353 0.355094 0.011498 0.286666
4 4 0.058560 0.261281 0.329724 0.012205 0.338230
4 4 0.081626 0.268809 0.234592 0.011343 0.403629
4 4 0.100139 0.264462 0.184366 0.006921 0.444111
4 4 0.099652 0.266636 0.187318 0.007117 0.439276
4 4 0.100148 0.288373 0.200263 0.007426 0.403790
4 4 0.089270 0.281013 0.202960 0.007464 0.419293
4 4 0.071450 0.320381 0.241494 0.008176 0.358499
4 4 0.061384 0.268083 0.224758 0.008496 0.437280
4 4 0.063356 0.197565 0.178821 0.008495 0.551763
4 4 0.050557 0.106205 0.102440 0.005505 0.735292
4 4 0.045343 0.091027 0.090856 0.005070 0.767703
4 4 0.046825 0.089933 0.089275 0.005070 0.768896
4 0 0.094815 0.124839 0.110772 0.007787 0.661786
4 0 0.164441 0.133274 0.095715 0.006655 0.599915
4 4 0.228286 0.216524 0.136785 0.008692 0.409713
4 4 0.174784 0.298345 0.177233 0.007567 0.342071
1 4 0.151372 0.334332 0.205171 0.008362 0.300764
1 4 0.162181 0.363871 0.220122 0.009489 0.244338
1 4 0.156636 0.402971 0.241309 0.010366 0.188718
1 4 0.120784 0.399135 0.238738 0.007884 0.233458
4 4 0.046375 0.195538 0.172428 0.006081 0.579578
4 4 0.046719 0.140383 0.130972 0.005678 0.676247
4 4 0.042938 0.071620 0.072108 0.004270 0.809065
4 4 0.071816 0.070769 0.068979 0.005708 0.782727
4 4 0.094722 0.056493 0.055536 0.006304 0.786946
4 4 0.106058 0.048314 0.044166 0.005006 0.796455
4 4 0.095733 0.041645 0.035918 0.003528 0.823176
4 4 0.106413 0.044381 0.037613 0.003781 0.807812
4 4 0.115574 0.058273 0.046478 0.003978 0.775697
4 4 0.175542 0.144183 0.095587 0.005813 0.578876
4 4 0.121011 0.271986 0.180545 0.007122 0.419336
1 4 0.076708 0.353771 0.237298 0.006629 0.325595
1 4 0.048477 0.376245 0.268797 0.006060 0.300422
1 4 0.042789 0.385881 0.286018 0.006418 0.278894
1 4 0.042952 0.380148 0.289641 0.006923 0.280335
1 4 0.043285 0.375597 0.290404 0.007200 0.283514
1 4 0.041006 0.373741 0.294933 0.007339 0.282981
1 4 0.035593 0.354683 0.286460 0.006618 0.316646
1 4 0.036821 0.340754 0.277869 0.006681 0.337875
4 4 0.038082 0.328329 0.270584 0.006802 0.356203
4 4 0.038883 0.326996 0.271532 0.007056 0.355533
4 4 0.039962 0.321488 0.269509 0.007297 0.361743
4 4 0.042156 0.314587 0.268822 0.007911 0.366525
4 4 0.042456 0.316721 0.271421 0.008092 0.361310
4 4 0.038954 0.311702 0.265109 0.006826 0.377409
4 0 0.036833 0.310207 0.263568 0.006178 0.383214
4 0 0.036916 0.307640 0.260319 0.006123 0.389002
4 1 0.037031 0.310215 0.289761 0.006784 0.356210
2 1 0.037797 0.320204 0.334803 0.008258 0.298938
2 1 0.035955 0.321628 0.366165 0.008493 0.267759
1 1 0.034144 0.327606 0.323848 0.006767 0.307636
2 2 0.033750 0.317831 0.347599 0.007100 0.293720
2 2 0.034739 0.313155 0.348414 0.007426 0.296265
2 2 0.036135 0.319724 0.324595 0.007385 0.312161
4 2 0.037160 0.326945 0.295141 0.007075 0.333679
4 1 0.037905 0.337611 0.278156 0.006995 0.339333
