4 0 0.301252 0.207636 0.098821 0.011101 0.381190
4 1 0.227330 0.196589 0.095527 0.010552 0.470001
4 1 0.193346 0.186443 0.091003 0.009653 0.519555
4 1 0.179583 0.181659 0.088872 0.009278 0.540608
4 1 0.188274 0.189256 0.094034 0.010799 0.517637
4 1 0.228287 0.195819 0.094783 0.010283 0.470829
4 1 0.273797 0.203290 0.097001 0.010568 0.415344
4 4 0.329312 0.204565 0.094775 0.009682 0.361665
0 4 0.352498 0.202385 0.092070 0.008865 0.344181
0 4 0.382824 0.205356 0.093715 0.009584 0.308521
0 4 0.394078 0.206049 0.094108 0.009824 0.295942
0 4 0.385748 0.197865 0.087530 0.007657 0.321201
0 4 0.389381 0.191482 0.082466 0.006320 0.330351
0 4 0.521971 0.173603 0.069262 0.004298 0.230865
0 4 0.612649 0.158667 0.061398 0.003710 0.163576
0 4 0.721210 0.129797 0.047343 0.002524 0.099125
0 4 0.718993 0.130676 0.047805 0.002578 0.099947
0 4 0.763146 0.113878 0.039528 0.001765 0.081684
0 4 0.748553 0.119758 0.042412 0.002042 0.087235
0 4 0.779502 0.109392 0.039459 0.002017 0.069630
0 4 0.764370 0.116999 0.043302 0.002517 0.072811
0 4 0.649067 0.143476 0.052308 0.002451 0.152698
0 4 0.610123 0.146765 0.052958 0.002216 0.187937
0 4 0.534323 0.162992 0.061974 0.003053 0.237658
0 4 0.481402 0.181959 0.074843 0.005140 0.256656
0 4 0.441587 0.189294 0.080239 0.006092 0.282788
0 4 0.402852 0.199028 0.088180 0.007966 0.301973
4 4 0.340311 0.190548 0.083172 0.006370 0.379598
4 4 0.329089 0.190537 0.083617 0.006477 0.390280
4 4 0.329561 0.199993 0.091021 0.008492 0.370933
0 4 0.371226 0.203124 0.092122 0.008971 0.324557
0 4 0.369601 0.199560 0.089264 0.008078 0.333496
0 4 0.536344 0.185935 0.079359 0.007150 0.191212
0 1 0.591903 0.178326 0.076145 0.007498 0.146128
0 1 0.678311 0.147851 0.057564 0.004010 0.112263
0 1 0.688694 0.142757 0.054418 0.003451 0.110679
0 1 0.740439 0.120602 0.043024 0.002019 0.093916
0 1 0.767655 0.101668 0.037474 0.001463 0.091740
0 1 0.820423 0.083284 0.033378 0.001531 0.061383
0 1 0.837704 0.080666 0.028982 0.001144 0.051504
0 1 0.730863 0.118613 0.040226 0.001487 0.108811
0 1 0.738473 0.121482 0.042755 0.001951 0.095340
0 1 0.720897 0.132053 0.049045 0.002878 0.095127
0 1 0.751501 0.122590 0.044899 0.002606 0.078404
0 1 0.730590 0.132369 0.050395 0.003446 0.083200
0 1 0.735517 0.130793 0.049688 0.003394 0.080608
0 2 0.720379 0.137464 0.053478 0.004024 0.084655
0 2 0.711696 0.142156 0.056508 0.004695 0.084945
0 2 0.706724 0.145281 0.058710 0.005282 0.084003
0 2 0.709696 0.145565 0.059477 0.005720 0.079542
0 2 0.680180 0.156002 0.065113 0.006628 0.092076
0 2 0.669620 0.159229 0.066739 0.006812 0.097599
0 2 0.668460 0.160142 0.067479 0.007074 0.096845
0 2 0.705892 0.147871 0.061160 0.006238 0.078839
0 2 0.699618 0.152381 0.064827 0.007625 0.075550
0 2 0.698560 0.152809 0.065086 0.007688 0.075857
0 2 0.682906 0.158249 0.067980 0.008150 0.082714
0 2 0.681471 0.159276 0.068856 0.008526 0.081871
0 2 0.664446 0.167299 0.074738 0.010731 0.082786
0 2 0.654843 0.171830 0.078266 0.012285 0.082777
0 2 0.703679 0.153987 0.067972 0.009911 0.064450
0 2 0.668242 0.169590 0.079437 0.015013 0.067718
0 2 0.631384 0.184329 0.101942 0.022384 0.059961
0 2 0.594557 0.196131 0.123793 0.029930 0.055588
0 2 0.558304 0.204846 0.147341 0.040717 0.048791
0 2 0.502190 0.204391 0.187938 0.062509 0.042971
0 2 0.524488 0.193760 0.171016 0.066805 0.043931
0 2 0.545330 0.182373 0.154087 0.070900 0.047310
0 2 0.573441 0.169575 0.141863 0.069180 0.045941
0 3 0.612975 0.154299 0.115510 0.062560 0.054656
0 3 0.548015 0.155041 0.154125 0.096800 0.046019
0 3 0.551230 0.143131 0.150427 0.108645 0.046568
0 3 0.498045 0.148310 0.170098 0.130081 0.053466
0 3 0.472943 0.135126 0.178338 0.158957 0.054636
0 3 0.325023 0.113148 0.241753 0.276235 0.043841
3 3 0.290094 0.098380 0.240333 0.329746 0.041447
3 3 0.246643 0.086521 0.243349 0.386203 0.037284
3 3 0.242387 0.080787 0.219054 0.417536 0.040237
3 3 0.243829 0.077138 0.196288 0.432627 0.050118
3 3 0.110109 0.038453 0.171272 0.651060 0.029105
3 3 0.122803 0.040197 0.169792 0.636464 0.030744
3 3 0.100481 0.031588 0.158038 0.684289 0.025603
3 3 0.103471 0.032326 0.157129 0.679763 0.027311
3 3 0.055404 0.018370 0.132277 0.775788 0.018161
3 3 0.046100 0.013984 0.119641 0.806332 0.013943
3 3 0.079332 0.021337 0.136377 0.744250 0.018704
3 3 0.134072 0.033361 0.152923 0.653643 0.026000
3 3 0.154253 0.042202 0.164795 0.607391 0.031359
3 3 0.099031 0.036816 0.168972 0.665037 0.030145
3 3 0.066421 0.033188 0.180795 0.692643 0.026952
3 3 0.059953 0.044658 0.264890 0.601308 0.029192
2 3 0.056809 0.069188 0.421749 0.420461 0.031792
2 3 0.055162 0.083379 0.537092 0.296660 0.027707
2 3 0.083892 0.116725 0.562417 0.207015 0.029951
2 2 0.153342 0.153699 0.500892 0.159164 0.032903
2 2 0.314630 0.164355 0.316152 0.165691 0.039171
0 2 0.391917 0.173637 0.245265 0.136933 0.052249
0 3 0.376993 0.175979 0.233680 0.133926 0.079422
0 3 0.470789 0.172969 0.156722 0.089803 0.109717
0 3 0.497532 0.161965 0.146277 0.085856 0.108369
0 3 0.477976 0.167645 0.151321 0.098522 0.104536
0 3 0.349635 0.163418 0.225517 0.192296 0.069133
0 3 0.335136 0.179808 0.262042 0.169240 0.053775
2 3 0.231591 0.186690 0.353642 0.176486 0.051591
2 3 0.196077 0.176127 0.410308 0.172165 0.045323
2 3 0.142135 0.130419 0.433477 0.254386 0.039584
2 3 0.100742 0.098875 0.451853 0.314508 0.034021
2 3 0.106410 0.085266 0.396195 0.377951 0.034178
3 3 0.098494 0.067690 0.333411 0.467103 0.033303
3 3 0.082762 0.047172 0.260421 0.581376 0.028269
3 3 0.056489 0.033553 0.227077 0.659719 0.023161
3 3 0.048252 0.029712 0.218449 0.682411 0.021177
3 3 0.053202 0.037791 0.249230 0.634178 0.025599
3 3 0.062585 0.049331 0.288520 0.569634 0.029930
3 3 0.059882 0.045887 0.302967 0.565994 0.025270
3 3 0.090974 0.063404 0.310037 0.502289 0.033296
3 3 0.085924 0.056572 0.306048 0.522293 0.029163
3 3 0.092279 0.055493 0.299947 0.524800 0.027480
3 3 0.091693 0.062431 0.332423 0.484216 0.029237
3 3 0.082782 0.056255 0.333301 0.501573 0.026089
3 3 0.115235 0.031231 0.154167 0.675167 0.024199
3 3 0.067743 0.026411 0.167131 0.717692 0.021023
3 3 0.081888 0.036475 0.201634 0.653989 0.026014
3 3 0.062463 0.030683 0.192806 0.690150 0.023898
3 3 0.089539 0.036067 0.183144 0.663900 0.027351
3 3 0.077292 0.027663 0.155489 0.716054 0.023502
3 3 0.092109 0.029179 0.153891 0.700138 0.024684
3 3 0.061961 0.019668 0.135558 0.764408 0.018404
3 3 0.051796 0.014371 0.119687 0.800286 0.013860
3 3 0.064360 0.015413 0.119842 0.785966 0.014419
3 3 0.085872 0.016604 0.119493 0.763637 0.014394
3 3 0.112235 0.018803 0.121891 0.731978 0.015093
3 3 0.077385 0.013968 0.111788 0.784548 0.012311
3 3 0.060381 0.012064 0.107705 0.808616 0.011235
3 3 0.073399 0.015187 0.117120 0.780645 0.013648
3 3 0.114546 0.024056 0.135262 0.706271 0.019866
3 3 0.071507 0.018743 0.130320 0.762659 0.016771
3 3 0.040361 0.012476 0.116026 0.818815 0.012322
3 3 0.026849 0.010553 0.111901 0.839268 0.011430
3 3 0.040013 0.013926 0.122228 0.809897 0.013936
3 3 0.055080 0.016535 0.126803 0.785711 0.015871
3 3 0.045788 0.012254 0.111670 0.817770 0.012518
3 3 0.027013 0.006690 0.087689 0.870915 0.007693
3 3 0.025925 0.005910 0.082206 0.878925 0.007033
3 3 0.027854 0.005930 0.081395 0.877771 0.007050
3 3 0.034734 0.006527 0.083526 0.867897 0.007317
3 3 0.029998 0.005142 0.075330 0.883629 0.005901
3 3 0.035678 0.006469 0.082628 0.867919 0.007306
3 3 0.024150 0.004690 0.074060 0.891599 0.005502
3 3 0.023391 0.004705 0.074487 0.891868 0.005549
3 3 0.029640 0.005342 0.077176 0.881778 0.006063
3 3 0.047670 0.007529 0.086840 0.850251 0.007710
3 3 0.054187 0.008203 0.089486 0.840064 0.008060
3 3 0.072477 0.011006 0.098967 0.807101 0.010450
3 3 0.080857 0.012570 0.103416 0.791209 0.011947
3 3 0.122912 0.016350 0.110547 0.736486 0.013704
3 3 0.214181 0.027522 0.133797 0.601240 0.023259
3 3 0.183714 0.026614 0.133355 0.634271 0.022046
3 3 0.083118 0.014441 0.111535 0.777944 0.012962
3 3 0.070281 0.014608 0.114721 0.786668 0.013723
3 3 0.135498 0.022449 0.128198 0.695095 0.018760
3 3 0.152496 0.024194 0.133018 0.668763 0.021529
3 3 0.172509 0.024168 0.133983 0.646128 0.023211
3 3 0.118893 0.017431 0.115292 0.733327 0.015057
3 3 0.076159 0.011258 0.099128 0.802767 0.010688
3 3 0.125242 0.017636 0.121424 0.717398 0.018300
3 3 0.047976 0.007762 0.086009 0.849438 0.008815
3 3 0.043106 0.007467 0.085752 0.855113 0.008562
3 3 0.040949 0.006805 0.082175 0.862123 0.007947
3 3 0.042584 0.007115 0.083566 0.858460 0.008276
3 3 0.046888 0.006786 0.080633 0.857983 0.007711
3 3 0.172146 0.014549 0.107391 0.691870 0.014044
3 3 0.383151 0.022525 0.113439 0.459792 0.021092
0 3 0.532888 0.029787 0.108078 0.303673 0.025574
0 3 0.599624 0.036130 0.110308 0.222135 0.031804
0 3 0.634796 0.043625 0.110494 0.175996 0.035089
0 3 0.643342 0.054425 0.111636 0.155321 0.035275
0 3 0.640921 0.065051 0.109661 0.156016 0.028351
0 3 0.566339 0.091237 0.139923 0.173731 0.028770
0 3 0.448680 0.130024 0.229508 0.161210 0.030579
2 2 0.254810 0.230803 0.390923 0.083186 0.040278
2 2 0.170135 0.210650 0.502451 0.081323 0.035440
2 2 0.127743 0.190166 0.571121 0.079972 0.030998
2 2 0.152516 0.214977 0.510467 0.081392 0.040648
2 2 0.193356 0.251187 0.402509 0.061031 0.091918
2 2 0.225358 0.263092 0.272145 0.036653 0.202752
4 2 0.241455 0.243608 0.167315 0.024395 0.323227
4 2 0.226364 0.230271 0.141234 0.020684 0.381447
4 2 0.260925 0.211794 0.105405 0.013940 0.407936
4 2 0.220391 0.195505 0.095361 0.010604 0.478138
4 4 0.239165 0.181952 0.082644 0.006631 0.489609
4 4 0.222242 0.182053 0.084250 0.007213 0.504242
4 4 0.212092 0.176439 0.080887 0.006488 0.524094
4 4 0.191250 0.177796 0.084233 0.007662 0.539058
4 4 0.156713 0.171032 0.083502 0.008220 0.580533
4 4 0.176348 0.181583 0.089263 0.009483 0.543323
4 4 0.150786 0.175163 0.087890 0.009785 0.576375
4 4 0.173428 0.186100 0.093496 0.011012 0.535964
4 4 0.169121 0.180357 0.089299 0.009687 0.551536
4 4 0.206978 0.191193 0.093278 0.010131 0.498419
4 4 0.240029 0.195375 0.093260 0.009624 0.461712
4 4 0.234852 0.190018 0.089378 0.008487 0.477265
4 4 0.254703 0.192575 0.089703 0.008384 0.454635
4 4 0.218645 0.196280 0.096209 0.010932 0.477934
4 4 0.238742 0.196707 0.094485 0.010042 0.460025
4 4 0.236366 0.208198 0.104597 0.013909 0.436930
4 4 0.269994 0.215055 0.107549 0.014809 0.392592
4 4 0.281676 0.219985 0.111128 0.016436 0.370776
4 4 0.279574 0.229668 0.120619 0.021756 0.348383
4 1 0.294618 0.236854 0.128717 0.025191 0.314621
4 1 0.308124 0.235089 0.124155 0.024218 0.308415
0 1 0.359366 0.233194 0.120238 0.022491 0.264711
0 1 0.347706 0.233553 0.120873 0.022627 0.275240
0 1 0.365083 0.233609 0.120598 0.022916 0.257794
0 2 0.398157 0.227534 0.114115 0.019599 0.240595
0 2 0.449896 0.217365 0.104803 0.015814 0.212121
0 2 0.558225 0.187763 0.082179 0.008749 0.163084
0 2 0.603989 0.175060 0.074213 0.007172 0.139567
0 2 0.646535 0.162364 0.066852 0.005939 0.118310
0 1 0.638214 0.167451 0.070619 0.007036 0.116681
0 1 0.599328 0.179659 0.078052 0.008538 0.134423
0 1 0.565163 0.191102 0.085922 0.010688 0.147125
0 2 0.498980 0.210976 0.100811 0.015658 0.173576
0 2 0.458704 0.221260 0.109304 0.019057 0.191675
0 2 0.399292 0.240609 0.151477 0.024044 0.184579
0 2 0.463888 0.226166 0.122643 0.021641 0.165661
0 2 0.511761 0.210195 0.101032 0.016541 0.160472
0 2 0.566355 0.193722 0.088735 0.012233 0.138955
0 2 0.618891 0.178025 0.078718 0.009801 0.114566
0 2 0.662537 0.162459 0.068929 0.007420 0.098656
0 2 0.633935 0.172112 0.074655 0.008599 0.110700
0 2 0.615694 0.178583 0.078867 0.009699 0.117156
0 2 0.609894 0.181254 0.080898 0.010432 0.117522
0 2 0.621246 0.179537 0.080726 0.011063 0.107428
0 2 0.625523 0.179661 0.081630 0.011944 0.101241
0 2 0.557405 0.202698 0.097944 0.017828 0.124124
0 2 0.551811 0.206200 0.101641 0.020465 0.119883
0 2 0.549002 0.208182 0.103950 0.022384 0.116482
0 2 0.574730 0.199566 0.097140 0.018995 0.109568
0 2 0.544541 0.211442 0.114353 0.024548 0.105116
0 2 0.732265 0.137566 0.055489 0.005219 0.069460
0 2 0.753368 0.127464 0.049412 0.003920 0.065836
0 2 0.755944 0.125929 0.048413 0.003692 0.066021
0 2 0.761025 0.124804 0.048257 0.003845 0.062070
0 2 0.769334 0.121857 0.046994 0.003766 0.058049
0 2 0.753436 0.128556 0.050492 0.004305 0.063211
0 2 0.712270 0.142726 0.057126 0.004933 0.082945
0 2 0.637229 0.170925 0.073896 0.008409 0.109541
0 2 0.571188 0.192097 0.087558 0.011846 0.137312
0 2 0.523297 0.208288 0.100041 0.016624 0.151749
0 2 0.535043 0.206057 0.098812 0.016599 0.143488
0 2 0.541081 0.201308 0.094151 0.013939 0.149521
0 2 0.557886 0.196063 0.090294 0.012639 0.143118
0 2 0.589069 0.188422 0.085810 0.011914 0.124784
0 2 0.615796 0.179853 0.080230 0.010425 0.113695
0 2 0.686470 0.154161 0.064258 0.006574 0.088536
0 2 0.701926 0.147983 0.060585 0.005796 0.083711
0 2 0.718099 0.142824 0.058198 0.005612 0.075267
0 2 0.656926 0.166702 0.072493 0.008836 0.095042
0 2 0.632311 0.176250 0.078871 0.010745 0.101823
0 2 0.606283 0.185027 0.084550 0.012327 0.111812
0 2 0.623807 0.179887 0.081578 0.011775 0.102952
0 2 0.612906 0.184970 0.085695 0.013645 0.102785
0 2 0.612568 0.188179 0.090083 0.017213 0.091957
0 2 0.624721 0.183240 0.086148 0.015222 0.090668
0 2 0.632386 0.179571 0.083002 0.013535 0.091506
0 2 0.656620 0.168795 0.074823 0.010131 0.089630
0 2 0.657915 0.170260 0.076958 0.011643 0.083224
0 2 0.677525 0.162430 0.071770 0.009952 0.078322
0 2 0.706535 0.149633 0.063210 0.007255 0.073366
0 2 0.738190 0.136331 0.055416 0.005512 0.064552
0 2 0.756004 0.130278 0.052935 0.005482 0.055301
0 2 0.767896 0.125013 0.050015 0.004895 0.052181
0 2 0.741798 0.137051 0.057168 0.006623 0.057360
0 2 0.729114 0.140443 0.057910 0.006108 0.066425
0 2 0.705168 0.147692 0.060843 0.006063 0.080234
0 2 0.670325 0.160957 0.068613 0.007691 0.092414
0 2 0.666176 0.164082 0.071269 0.008786 0.089687
0 2 0.711037 0.146207 0.060383 0.006176 0.076197
0 2 0.707133 0.148596 0.062177 0.006779 0.075315
0 2 0.722268 0.141840 0.057972 0.005736 0.072184
0 2 0.721983 0.142210 0.058307 0.005866 0.071634
0 2 0.732271 0.140796 0.059117 0.006947 0.060869
0 2 0.699266 0.151726 0.064013 0.007185 0.077811
0 2 0.669199 0.164772 0.072701 0.009834 0.083493
0 2 0.632750 0.178063 0.081125 0.012215 0.095846
0 2 0.641671 0.177561 0.082685 0.014313 0.083770
0 2 0.667241 0.167096 0.075192 0.011306 0.079165
0 2 0.765880 0.126982 0.051801 0.005624 0.049714
0 2 0.865331 0.069907 0.035831 0.004254 0.024677
0 0 0.907528 0.042122 0.030208 0.004964 0.015178
0 0 0.931592 0.026106 0.025466 0.004678 0.012158
0 1 0.939281 0.021434 0.022764 0.003548 0.012974
0 1 0.956312 0.013204 0.017481 0.002507 0.010497
0 1 0.958409 0.011997 0.017238 0.002733 0.009623
0 1 0.960208 0.012809 0.017032 0.003432 0.006520
0 1 0.920766 0.035369 0.025734 0.003439 0.014692
0 1 0.800380 0.097369 0.042792 0.003258 0.056200
0 1 0.649363 0.165119 0.069740 0.007146 0.108632
0 2 0.503184 0.213491 0.103954 0.018007 0.161364
0 2 0.461633 0.224773 0.113549 0.022458 0.177587
0 2 0.431724 0.237281 0.140221 0.027856 0.162918
0 2 0.489042 0.219052 0.109128 0.020926 0.161853
0 2 0.538774 0.201706 0.094347 0.013923 0.151251
0 2 0.582726 0.186501 0.083058 0.010103 0.137612
0 2 0.618208 0.178534 0.079161 0.009994 0.114103
0 2 0.652437 0.168787 0.074007 0.009358 0.095411
0 2 0.732921 0.139247 0.057447 0.006130 0.064255
0 2 0.781846 0.118057 0.045866 0.003954 0.050278
0 2 0.802731 0.109085 0.043125 0.003966 0.041093
0 2 0.806576 0.103762 0.043156 0.003984 0.042522
0 2 0.827634 0.090841 0.040573 0.003937 0.037016
0 0 0.851835 0.076887 0.036072 0.003370 0.031837
0 0 0.841726 0.084266 0.035463 0.002767 0.035777
0 0 0.769542 0.120854 0.046063 0.003462 0.060079
0 0 0.626390 0.166088 0.068227 0.005782 0.133513
0 1 0.517397 0.195079 0.086433 0.009221 0.191869
0 1 0.485233 0.204335 0.093490 0.011266 0.205677
0 1 0.414271 0.218259 0.104968 0.014795 0.247706
0 1 0.347087 0.226512 0.113749 0.018142 0.294510
4 1 0.283334 0.233797 0.124516 0.024325 0.334028
4 1 0.217474 0.233057 0.141038 0.025341 0.383090
4 1 0.180596 0.242229 0.194705 0.026848 0.355621
2 1 0.148436 0.250325 0.299979 0.030533 0.270728
2 1 0.135285 0.248622 0.393746 0.036678 0.185669
2 1 0.173372 0.255909 0.352969 0.033823 0.183927
2 1 0.157422 0.247031 0.429054 0.039443 0.127051
2 2 0.152634 0.241906 0.454966 0.041132 0.109362
2 2 0.154272 0.242189 0.454887 0.045484 0.103168
2 2 0.206636 0.255416 0.377730 0.043512 0.116705
2 2 0.249507 0.261465 0.303044 0.036316 0.149667
2 2 0.224157 0.261188 0.291320 0.032656 0.190679
0 2 0.262450 0.262299 0.256868 0.034186 0.184197
0 2 0.399970 0.240266 0.139233 0.027364 0.193167
0 2 0.657076 0.163232 0.068919 0.007150 0.103622
0 2 0.773416 0.122921 0.049104 0.004834 0.049725
0 2 0.839459 0.086127 0.037644 0.003482 0.033287
0 0 0.876636 0.064669 0.032413 0.003459 0.022821
0 0 0.893669 0.051476 0.027781 0.002302 0.024771
0 1 0.840083 0.071335 0.040171 0.003816 0.044595
0 1 0.770705 0.101440 0.053222 0.005422 0.069212
0 1 0.566245 0.200044 0.096062 0.017158 0.120491
0 1 0.315210 0.249203 0.166127 0.026711 0.242748
2 1 0.089556 0.229095 0.415697 0.028350 0.237302
2 2 0.095032 0.233211 0.423009 0.032374 0.216374
2 2 0.135248 0.251176 0.358503 0.038002 0.217071
1 2 0.212014 0.261802 0.261230 0.036339 0.228614
1 2 0.252693 0.264045 0.250039 0.038557 0.194666
0 2 0.395289 0.243694 0.144644 0.031115 0.185258
0 2 0.504117 0.216196 0.107295 0.020662 0.151729
0 2 0.563014 0.196760 0.091647 0.013763 0.134816
0 2 0.543711 0.201961 0.095151 0.014724 0.144452
0 2 0.506319 0.209126 0.099400 0.015181 0.169974
0 2 0.575899 0.192760 0.088845 0.012876 0.129620
0 2 0.623853 0.181754 0.083897 0.013359 0.097137
0 2 0.660912 0.166854 0.073413 0.009618 0.089203
0 2 0.611276 0.184096 0.084312 0.012557 0.107759
0 2 0.643161 0.174284 0.078646 0.011453 0.092455
0 2 0.637908 0.175085 0.078547 0.010965 0.097495
0 2 0.648618 0.172331 0.077411 0.011108 0.090532
0 2 0.569749 0.197544 0.099057 0.019824 0.113826
0 2 0.594031 0.192773 0.094211 0.018521 0.100464
0 2 0.626455 0.184100 0.088031 0.017171 0.084242
0 2 0.683565 0.161946 0.072843 0.011304 0.070342
0 2 0.653720 0.171537 0.077584 0.011681 0.085477
0 2 0.601845 0.188640 0.088135 0.014410 0.106970
0 2 0.505533 0.219628 0.112129 0.025319 0.137392
0 2 0.344757 0.255809 0.212165 0.033170 0.154099
2 2 0.172995 0.252034 0.405769 0.043923 0.125279
2 2 0.184141 0.255932 0.378221 0.040756 0.140950
2 2 0.096668 0.220720 0.534535 0.045603 0.102473
2 2 0.106193 0.224731 0.522708 0.048651 0.097716
2 2 0.137064 0.245520 0.440246 0.050370 0.126800
2 2 0.200069 0.259624 0.358084 0.046845 0.135378
0 2 0.412213 0.243973 0.159593 0.031540 0.152680
0 2 0.530721 0.210892 0.104222 0.020516 0.133648
0 2 0.575094 0.198004 0.095047 0.017208 0.114647
0 2 0.527509 0.211043 0.103917 0.019937 0.137593
0 2 0.555255 0.204714 0.100248 0.019579 0.120205
0 2 0.607171 0.188218 0.088718 0.015387 0.100506
0 2 0.575871 0.198230 0.095509 0.017678 0.112712
0 2 0.573158 0.200118 0.097575 0.019208 0.109940
0 2 0.504867 0.223302 0.146069 0.027160 0.098603
0 2 0.642940 0.179623 0.086803 0.018592 0.072041
0 2 0.674273 0.167577 0.078542 0.015090 0.064518
0 2 0.678261 0.163024 0.072744 0.010674 0.075296
0 2 0.664702 0.167592 0.075181 0.011053 0.081472
0 2 0.648990 0.172438 0.077625 0.011280 0.089667
0 2 0.608582 0.185452 0.085456 0.013102 0.107408
0 2 0.506745 0.213662 0.104515 0.018673 0.156405
0 2 0.276378 0.260121 0.214923 0.033618 0.214960
2 2 0.155214 0.252732 0.394027 0.041283 0.156743
2 2 0.195431 0.254475 0.386796 0.042849 0.120449
2 2 0.197119 0.244857 0.425774 0.050331 0.081919
2 2 0.217932 0.239650 0.421104 0.060249 0.061065
2 2 0.277299 0.240507 0.363976 0.064563 0.053655
0 2 0.437801 0.235700 0.211248 0.048068 0.067183
0 2 0.551410 0.211697 0.122457 0.034221 0.080216
0 2 0.575020 0.203103 0.103407 0.026092 0.092379
0 2 0.471845 0.232379 0.142389 0.032226 0.121160
0 2 0.394577 0.246915 0.225257 0.044850 0.088401
0 2 0.393733 0.248094 0.218074 0.040002 0.100097
0 2 0.404731 0.247017 0.200015 0.036831 0.111406
0 2 0.437562 0.239155 0.155094 0.030344 0.137845
0 2 0.432685 0.241715 0.166389 0.034202 0.125008
0 2 0.558941 0.205898 0.102871 0.022629 0.109662
0 2 0.621153 0.182725 0.084561 0.013589 0.097972
0 2 0.681127 0.158064 0.067427 0.007751 0.085631
0 2 0.738174 0.136045 0.055104 0.005375 0.065302
0 2 0.744861 0.132537 0.052818 0.004783 0.065000
0 2 0.725563 0.140107 0.056810 0.005419 0.072101
0 2 0.674038 0.154994 0.063292 0.005653 0.102022
0 2 0.630983 0.164948 0.067640 0.005724 0.130706
0 2 0.743604 0.129582 0.049768 0.003670 0.073375
0 0 0.785729 0.105944 0.043658 0.003089 0.061579
0 1 0.826111 0.088102 0.034877 0.002017 0.048893
0 1 0.862173 0.070314 0.027523 0.001313 0.038678
0 1 0.882571 0.060581 0.025240 0.001322 0.030287
0 1 0.897261 0.053571 0.022378 0.001112 0.025678
0 1 0.893564 0.056601 0.023989 0.001387 0.024460
4 1 0.311954 0.202560 0.093967 0.009413 0.382106
4 1 0.305074 0.188670 0.083332 0.006438 0.416486
4 1 0.318915 0.183621 0.078870 0.005400 0.413194
0 4 0.385893 0.181558 0.075162 0.004687 0.352700
0 4 0.510018 0.171178 0.067307 0.003811 0.247686
0 4 0.594698 0.153189 0.056768 0.002666 0.192679
0 4 0.599099 0.155786 0.058719 0.003031 0.183365
0 4 0.632806 0.148343 0.054914 0.002716 0.161221
0 4 0.693300 0.136184 0.049805 0.002556 0.118155
0 4 0.765870 0.112616 0.040446 0.001953 0.079115
0 4 0.779779 0.107710 0.041210 0.002348 0.068953
0 4 0.736044 0.118875 0.043979 0.002100 0.099002
0 4 0.746763 0.114288 0.042623 0.002013 0.094313
0 4 0.736724 0.113899 0.041628 0.001724 0.106025
0 4 0.690025 0.127882 0.044671 0.001708 0.135714
0 4 0.554825 0.145871 0.051180 0.001719 0.246405
0 4 0.520140 0.156041 0.057184 0.002289 0.264345
0 4 0.438001 0.156426 0.057479 0.002100 0.345994
0 4 0.398159 0.166493 0.064503 0.002924 0.367922
0 4 0.382652 0.181913 0.075490 0.004744 0.355201
4 4 0.358241 0.192071 0.083713 0.006528 0.359447
4 4 0.333675 0.184406 0.078824 0.005378 0.397717
4 4 0.334614 0.186072 0.080021 0.005638 0.393655
4 4 0.299887 0.187854 0.082988 0.006368 0.422903
4 4 0.285121 0.179574 0.077629 0.005224 0.452452
4 4 0.265870 0.176244 0.076375 0.005053 0.476459
4 4 0.263649 0.175925 0.076288 0.005046 0.479091
4 4 0.233431 0.170961 0.074863 0.004954 0.515791
4 4 0.268326 0.168648 0.070775 0.004003 0.488248
4 4 0.305024 0.169505 0.069435 0.003672 0.452364
4 4 0.340849 0.169301 0.067869 0.003385 0.418596
4 4 0.355434 0.167007 0.065861 0.003086 0.408612
0 4 0.412509 0.164397 0.062887 0.002724 0.357484
0 4 0.427365 0.163538 0.062131 0.002650 0.344317
0 4 0.412087 0.169001 0.065945 0.003155 0.349811
4 4 0.317854 0.177929 0.074778 0.004581 0.424858
4 4 0.282884 0.200597 0.094111 0.009546 0.412863
4 4 0.257986 0.207484 0.101873 0.012509 0.420148
4 4 0.306106 0.204803 0.096148 0.010146 0.382797
0 4 0.416497 0.201614 0.090170 0.008720 0.282998
0 4 0.518270 0.186468 0.079114 0.006726 0.209422
0 0 0.553782 0.179246 0.074602 0.006042 0.186328
0 0 0.603971 0.170738 0.070442 0.005889 0.148961
0 1 0.604420 0.170549 0.070315 0.005861 0.148855
0 1 0.594908 0.177388 0.075545 0.007371 0.144787
0 1 0.520717 0.202932 0.094071 0.012844 0.169436
0 1 0.414791 0.230354 0.117480 0.022668 0.214707
4 1 0.215809 0.258581 0.229524 0.034139 0.261946
2 1 0.158154 0.257503 0.341095 0.041475 0.201773
2 1 0.150279 0.253089 0.308771 0.034095 0.253767
2 1 0.119071 0.243893 0.348323 0.031964 0.256750
2 1 0.163487 0.255479 0.297446 0.033983 0.249606
2 1 0.187818 0.260949 0.323864 0.039464 0.187905
1 1 0.243977 0.262266 0.243105 0.035196 0.215456
0 1 0.297059 0.250134 0.169892 0.027238 0.255676
4 1 0.299121 0.233864 0.131165 0.020505 0.315345
0 0 0.508404 0.209524 0.099996 0.015665 0.166410
0 1 0.595085 0.191516 0.090491 0.015556 0.107352
0 1 0.661718 0.170451 0.078329 0.013103 0.076399
0 1 0.611063 0.185825 0.086406 0.013992 0.102714
2 1 0.124323 0.240622 0.455595 0.042835 0.136626
2 2 0.077487 0.204082 0.586371 0.044567 0.087492
2 2 0.145273 0.240565 0.461588 0.041843 0.110730
2 2 0.153821 0.236329 0.476845 0.045337 0.087668
2 2 0.202660 0.247307 0.414525 0.047738 0.087770
2 2 0.184201 0.246341 0.427748 0.051976 0.089734
2 2 0.285418 0.259751 0.295174 0.043057 0.116600
0 2 0.339293 0.257397 0.218275 0.036029 0.149007
0 2 0.347152 0.256459 0.206736 0.036038 0.153615
0 2 0.285896 0.261875 0.273980 0.040335 0.137914
2 2 0.122310 0.228781 0.509510 0.047838 0.091561
2 2 0.111456 0.223054 0.529274 0.049942 0.086273
2 2 0.077770 0.191080 0.621427 0.054516 0.055206
2 2 0.073677 0.186725 0.631856 0.055792 0.051950
2 2 0.043438 0.144422 0.725566 0.058088 0.028487
2 2 0.050634 0.152769 0.705624 0.061010 0.029964
2 2 0.049532 0.150495 0.711290 0.059753 0.028931
2 2 0.067342 0.168842 0.664553 0.066513 0.032749
2 2 0.054151 0.155534 0.698906 0.061541 0.029868
2 2 0.050261 0.149925 0.708558 0.062341 0.028914
2 2 0.047213 0.146416 0.715925 0.061970 0.028476
2 2 0.058112 0.162130 0.681245 0.065673 0.032841
2 2 0.043721 0.144256 0.717113 0.064903 0.030007
2 2 0.052129 0.159441 0.685988 0.067458 0.034983
2 2 0.035711 0.132610 0.736513 0.066419 0.028746
2 2 0.031056 0.124911 0.745618 0.069999 0.028417
2 2 0.021547 0.105493 0.770388 0.076440 0.026132
2 2 0.014508 0.085073 0.789821 0.087928 0.022671
2 2 0.005868 0.049400 0.827400 0.103748 0.013583
2 2 0.004113 0.038985 0.832761 0.113428 0.010714
2 2 0.003764 0.036243 0.831779 0.118190 0.010025
2 2 0.004173 0.038324 0.828125 0.118851 0.010526
2 2 0.003957 0.032637 0.811176 0.143072 0.009158
2 3 0.004203 0.030580 0.787130 0.169193 0.008894
2 3 0.005047 0.031270 0.737494 0.215884 0.010305
2 3 0.006550 0.036455 0.710690 0.233500 0.012804
2 3 0.008700 0.040319 0.654462 0.280497 0.016023
2 3 0.011046 0.042012 0.605703 0.323532 0.017707
2 3 0.011488 0.039028 0.545308 0.385693 0.018482
2 3 0.015915 0.042755 0.503816 0.416580 0.020933
3 3 0.018918 0.042612 0.452642 0.463047 0.022782
2 3 0.040508 0.066692 0.447500 0.412601 0.032699
3 3 0.043041 0.060505 0.418355 0.447749 0.030351
3 3 0.041551 0.052414 0.377822 0.499510 0.028703
3 3 0.022837 0.030432 0.323891 0.603394 0.019446
3 3 0.017407 0.024945 0.317232 0.624158 0.016257
3 3 0.017997 0.027366 0.334876 0.602523 0.017239
3 3 0.019286 0.028596 0.326507 0.607105 0.018507
3 3 0.017123 0.027480 0.327011 0.610108 0.018277
3 3 0.013250 0.021763 0.311293 0.638892 0.014802
3 3 0.017526 0.027843 0.317029 0.618620 0.018982
3 3 0.024317 0.035386 0.331084 0.586444 0.022769
3 3 0.024825 0.032546 0.301003 0.619287 0.022339
3 3 0.018663 0.024205 0.262189 0.676278 0.018665
3 3 0.018219 0.020082 0.218142 0.726357 0.017200
3 3 0.019143 0.020281 0.208242 0.734301 0.018033
3 3 0.025290 0.020657 0.174662 0.759536 0.019854
3 3 0.024454 0.019262 0.161971 0.774638 0.019674
3 3 0.021714 0.016763 0.158320 0.786165 0.017038
3 3 0.017777 0.015287 0.176647 0.776027 0.014261
3 3 0.017528 0.017616 0.196035 0.752553 0.016268
3 3 0.010283 0.011366 0.172474 0.794405 0.011472
3 3 0.008247 0.009668 0.167852 0.804319 0.009914
3 3 0.008850 0.010065 0.171695 0.799343 0.010046
3 3 0.012402 0.013135 0.188254 0.773975 0.012234
3 3 0.015524 0.015307 0.197543 0.758153 0.013473
3 3 0.021673 0.018189 0.191514 0.752678 0.015946
3 3 0.024421 0.017058 0.166813 0.775846 0.015862
3 3 0.034765 0.018102 0.147084 0.782887 0.017163
3 3 0.038312 0.017759 0.138944 0.787542 0.017443
3 3 0.051803 0.019909 0.140753 0.768878 0.018657
3 3 0.049189 0.016869 0.130603 0.787141 0.016197
3 3 0.041271 0.013664 0.120926 0.810688 0.013451
3 3 0.031279 0.010859 0.111582 0.834917 0.011364
3 3 0.041327 0.015623 0.129054 0.798652 0.015345
3 3 0.049386 0.020188 0.143002 0.768585 0.018838
3 3 0.039903 0.018001 0.139253 0.785364 0.017479
3 3 0.033672 0.015846 0.132974 0.801174 0.016333
3 3 0.027526 0.014139 0.129344 0.814062 0.014930
3 3 0.034295 0.016762 0.137400 0.794931 0.016612
3 3 0.036985 0.017600 0.139724 0.788703 0.016987
3 3 0.028772 0.013158 0.124413 0.819950 0.013708
3 3 0.027756 0.011622 0.117683 0.830792 0.012147
3 3 0.024580 0.010517 0.113493 0.840104 0.011308
3 3 0.039177 0.013988 0.123469 0.809633 0.013734
3 3 0.026455 0.009995 0.109227 0.843517 0.010807
3 3 0.037761 0.012385 0.116742 0.820800 0.012313
3 3 0.055323 0.016880 0.129336 0.782998 0.015462
3 3 0.042652 0.014007 0.122090 0.807649 0.013602
3 3 0.040522 0.014678 0.125728 0.804693 0.014378
3 3 0.035850 0.014236 0.126640 0.809420 0.013855
3 3 0.034926 0.017008 0.148510 0.784229 0.015326
3 3 0.022833 0.015114 0.157961 0.790070 0.014023
3 3 0.016042 0.013786 0.172520 0.784940 0.012712
3 3 0.016850 0.017151 0.200894 0.750038 0.015068
3 3 0.021313 0.021129 0.215809 0.724188 0.017561
3 3 0.020358 0.016259 0.162351 0.785277 0.015755
3 3 0.033717 0.019515 0.148264 0.779302 0.019202
3 3 0.116884 0.047556 0.183637 0.615333 0.036589
3 3 0.302973 0.089448 0.178309 0.377081 0.052190
0 3 0.441996 0.108478 0.157569 0.232927 0.059030
0 3 0.454597 0.103379 0.153274 0.240427 0.048323
0 3 0.452112 0.119156 0.176021 0.212138 0.040572
0 2 0.335017 0.163486 0.288582 0.171062 0.041854
0 2 0.342315 0.222507 0.288560 0.094588 0.052029
2 2 0.216020 0.233729 0.402158 0.097596 0.050497
2 2 0.219571 0.241025 0.397494 0.085387 0.056523
2 2 0.186445 0.228300 0.451672 0.087512 0.046071
2 2 0.036325 0.121121 0.735109 0.082647 0.024798
2 2 0.026910 0.104965 0.765529 0.080939 0.021657
2 2 0.054994 0.148545 0.684179 0.081909 0.030373
2 2 0.086557 0.175069 0.635699 0.071874 0.030801
2 2 0.124822 0.203569 0.555908 0.077508 0.038191
2 2 0.067837 0.163780 0.670518 0.067785 0.030080
2 2 0.033163 0.127676 0.742064 0.068893 0.028204
2 2 0.045995 0.164860 0.679461 0.060089 0.049595
2 2 0.055013 0.190109 0.615299 0.043296 0.096283
2 2 0.044202 0.177340 0.642336 0.032767 0.103355
2 2 0.050762 0.189075 0.582026 0.022598 0.155538
2 1 0.063899 0.204330 0.469056 0.017369 0.245346
4 1 0.117915 0.163729 0.084579 0.010020 0.623757
4 1 0.120433 0.167674 0.087426 0.010924 0.613542
4 4 0.125992 0.176459 0.093926 0.013210 0.590413
4 4 0.134758 0.184547 0.099269 0.015062 0.566365
4 4 0.143091 0.184361 0.097321 0.013719 0.561508
4 4 0.129612 0.177614 0.094145 0.013091 0.585539
4 4 0.126224 0.177335 0.095760 0.013109 0.587572
4 4 0.145103 0.186762 0.099813 0.014111 0.554212
4 4 0.237716 0.212241 0.108085 0.015442 0.426517
4 4 0.282581 0.214207 0.105797 0.013951 0.383464
4 4 0.213741 0.193671 0.094566 0.010444 0.487578
4 4 0.219141 0.206644 0.105173 0.014479 0.454563
4 4 0.229492 0.206480 0.103822 0.013695 0.446512
4 4 0.288301 0.210403 0.102036 0.012364 0.386896
4 4 0.317591 0.208610 0.098739 0.011060 0.364000
4 4 0.311065 0.208629 0.099102 0.011193 0.370010
0 4 0.371902 0.205319 0.093926 0.009573 0.319279
0 4 0.522815 0.183691 0.077012 0.006192 0.210289
0 4 0.637532 0.156711 0.061374 0.004111 0.140272
0 4 0.627525 0.165971 0.068223 0.005814 0.132467
0 4 0.566338 0.186834 0.081915 0.008917 0.155996
0 4 0.425122 0.218673 0.105489 0.015364 0.235352
0 4 0.384852 0.224405 0.110945 0.017293 0.262505
0 4 0.377666 0.222022 0.108706 0.015920 0.275686
0 4 0.394864 0.218735 0.105412 0.014582 0.266407
0 4 0.416354 0.213834 0.100826 0.012845 0.256141
0 0 0.450534 0.203058 0.091496 0.009662 0.245250
0 1 0.503718 0.190357 0.081867 0.007316 0.216741
0 4 0.525420 0.182459 0.076110 0.005982 0.210029
0 4 0.522324 0.181886 0.075563 0.005789 0.214438
0 4 0.500360 0.188033 0.079881 0.006662 0.225064
0 4 0.471748 0.201804 0.090789 0.009809 0.225850
0 4 0.359756 0.214069 0.101783 0.012443 0.311949
4 0 0.302553 0.220804 0.110437 0.016057 0.350149
4 1 0.326637 0.218537 0.107041 0.014511 0.333273
0 1 0.448891 0.202039 0.090601 0.009307 0.249162
0 1 0.576445 0.176454 0.073463 0.006169 0.167469
0 1 0.653551 0.153976 0.060387 0.004186 0.127899
0 1 0.692421 0.142218 0.054330 0.003510 0.107521
0 4 0.730256 0.130741 0.049000 0.003076 0.086926
0 4 0.736088 0.130510 0.049521 0.003364 0.080516
0 4 0.706679 0.144007 0.057501 0.004846 0.086968
0 4 0.724241 0.134466 0.051380 0.003536 0.086377
0 4 0.695822 0.144177 0.056290 0.004112 0.099599
0 4 0.745574 0.128185 0.048817 0.003453 0.073971
0 4 0.803209 0.104675 0.039384 0.002626 0.050106
0 4 0.838812 0.081837 0.033346 0.001981 0.044024
0 4 0.855052 0.074019 0.029727 0.001591 0.039611
0 4 0.804654 0.098071 0.037181 0.002037 0.058058
0 4 0.777863 0.117243 0.044202 0.003195 0.057497
0 4 0.662254 0.163235 0.069682 0.007750 0.097079
0 4 0.629811 0.175720 0.077860 0.010000 0.106609
0 4 0.598522 0.186278 0.084767 0.011913 0.118520
0 4 0.543456 0.202521 0.095750 0.015097 0.143175
0 4 0.551205 0.199718 0.093514 0.014167 0.141396
0 4 0.580918 0.191207 0.087785 0.012562 0.127528
0 4 0.602194 0.182661 0.081366 0.010242 0.123537
0 4 0.620192 0.174038 0.074860 0.008041 0.122870
0 4 0.648391 0.165118 0.069615 0.007052 0.109824
0 4 0.650237 0.162761 0.067616 0.006344 0.113042
0 4 0.728311 0.131633 0.049505 0.003154 0.087397
0 4 0.771117 0.113728 0.040258 0.002033 0.072864
0 4 0.830986 0.088072 0.029260 0.001136 0.050546
0 4 0.839506 0.083644 0.029752 0.001329 0.045769
0 4 0.834659 0.090178 0.030574 0.001449 0.043141
0 4 0.752057 0.129748 0.051424 0.004594 0.062177
0 4 0.772895 0.119686 0.045580 0.003439 0.058400
0 4 0.746080 0.131336 0.051843 0.004467 0.066273
0 4 0.686883 0.154304 0.064472 0.006689 0.087653
0 4 0.585602 0.192168 0.089573 0.014042 0.118614
0 4 0.520596 0.207256 0.098610 0.015496 0.158041
0 4 0.414420 0.226589 0.113354 0.019708 0.225929
0 4 0.387762 0.229369 0.115986 0.020472 0.246411
0 4 0.339397 0.236653 0.124425 0.024986 0.274539
0 1 0.319357 0.248651 0.151364 0.031171 0.249458
1 1 0.252332 0.260048 0.214993 0.034660 0.237967
2 1 0.185000 0.260619 0.315677 0.038350 0.200354
2 1 0.099012 0.229783 0.487497 0.038581 0.145127
2 2 0.079006 0.213598 0.542476 0.034633 0.130287
2 2 0.060714 0.192077 0.611937 0.032250 0.103022
2 2 0.054190 0.181342 0.645734 0.034624 0.084110
2 2 0.055409 0.184951 0.634609 0.036757 0.088274
2 2 0.054694 0.187464 0.624274 0.038195 0.095374
2 2 0.062002 0.197030 0.598060 0.043101 0.099807
2 2 0.201772 0.260145 0.347024 0.041725 0.149334
0 2 0.385492 0.250953 0.199260 0.036856 0.127439
0 2 0.540026 0.212333 0.108396 0.026014 0.113230
0 2 0.612727 0.189251 0.091913 0.019061 0.087048
0 0 0.700852 0.156158 0.070258 0.011340 0.061393
0 1 0.856572 0.079744 0.033292 0.002870 0.027523
0 2 0.933870 0.035025 0.019637 0.002123 0.009345
0 2 0.952579 0.023417 0.015705 0.001821 0.006478
0 0 0.940330 0.026350 0.021099 0.003295 0.008926
0 0 0.947358 0.020709 0.018715 0.002245 0.010972
0 0 0.942483 0.021466 0.020095 0.002308 0.013648
0 1 0.928508 0.028976 0.022885 0.002383 0.017247
0 1 0.886349 0.056663 0.033435 0.004819 0.018734
0 1 0.805225 0.103618 0.047076 0.005665 0.038416
0 1 0.625652 0.181329 0.083747 0.013422 0.095849
0 1 0.613020 0.184097 0.084631 0.012911 0.105341
0 1 0.635800 0.166727 0.078101 0.010188 0.109184
0 1 0.633768 0.157223 0.078867 0.010144 0.119998
0 1 0.609318 0.177778 0.092177 0.017570 0.103157
0 1 0.613591 0.187730 0.089691 0.016983 0.092005
0 1 0.492203 0.215975 0.105791 0.018592 0.167439
0 1 0.449902 0.227897 0.116433 0.024022 0.181745
0 1 0.417258 0.235140 0.123272 0.027738 0.196593
0 1 0.340178 0.239785 0.127875 0.027738 0.264424
0 1 0.346611 0.235211 0.122665 0.023872 0.271641
0 1 0.352571 0.239046 0.126776 0.027258 0.254350
0 1 0.342918 0.238548 0.126412 0.026629 0.265493
0 1 0.320573 0.243739 0.134782 0.030759 0.270147
0 1 0.308482 0.250369 0.153906 0.033326 0.253918
0 1 0.270086 0.260813 0.200390 0.038882 0.229829
2 1 0.214462 0.264922 0.266922 0.043499 0.210196
2 2 0.154932 0.255450 0.382225 0.047615 0.159779
2 2 0.086729 0.217675 0.540112 0.044873 0.110611
2 2 0.045726 0.166893 0.681439 0.046479 0.059462
2 2 0.043246 0.158701 0.702445 0.045369 0.050239
2 2 0.035039 0.140315 0.743839 0.043703 0.037103
0 2 0.515162 0.219596 0.121912 0.026304 0.117026
0 2 0.531227 0.210298 0.103519 0.019955 0.135001
0 2 0.521369 0.215838 0.109518 0.024566 0.128709
0 2 0.550532 0.208328 0.104562 0.023242 0.113336
0 2 0.436175 0.241190 0.174268 0.035467 0.112899
0 2 0.473746 0.232597 0.157177 0.034457 0.102023
0 2 0.517576 0.221261 0.136674 0.033186 0.091304
0 2 0.433799 0.240435 0.196300 0.043157 0.086309
0 2 0.554349 0.210473 0.125299 0.031811 0.078067
0 2 0.504909 0.223417 0.159702 0.035457 0.076515
0 2 0.618202 0.189400 0.095239 0.024373 0.072786
0 2 0.480518 0.227003 0.186187 0.039498 0.066795
0 2 0.630879 0.184761 0.091700 0.022335 0.070324
0 2 0.648494 0.178373 0.087475 0.020631 0.065026
0 2 0.660373 0.174127 0.085226 0.020393 0.059881
0 2 0.698528 0.158561 0.073686 0.014235 0.054990
0 2 0.654766 0.175053 0.083486 0.016995 0.069700
0 2 0.672787 0.168679 0.080067 0.016489 0.061977
0 2 0.644441 0.179917 0.088631 0.021272 0.065739
0 2 0.665821 0.172361 0.085748 0.022846 0.053225
0 2 0.680356 0.162351 0.082146 0.019905 0.055242
0 2 0.678223 0.161241 0.084841 0.022983 0.052713
0 2 0.693156 0.156519 0.081736 0.023149 0.045439
0 2 0.622971 0.188148 0.096070 0.027150 0.065661
0 2 0.600367 0.195472 0.099300 0.025998 0.078864
0 2 0.439920 0.241069 0.172630 0.040043 0.106338
0 2 0.506004 0.224312 0.132428 0.033151 0.104104
0 2 0.473973 0.232243 0.167647 0.038893 0.087243
0 2 0.553513 0.210631 0.112503 0.030969 0.092383
0 2 0.513725 0.222296 0.128235 0.033541 0.102202
0 2 0.495647 0.226846 0.156610 0.040372 0.080526
0 2 0.481102 0.229896 0.168822 0.041850 0.078329
0 2 0.494110 0.227447 0.155339 0.042244 0.080860
0 2 0.545989 0.212964 0.112323 0.032843 0.095881
0 2 0.530824 0.217295 0.116875 0.033256 0.101750
0 2 0.561608 0.207637 0.107231 0.028615 0.094909
0 2 0.444583 0.233978 0.207968 0.048468 0.065003
0 2 0.439077 0.237572 0.202872 0.044179 0.076300
0 2 0.384050 0.247794 0.236456 0.044535 0.087165
2 2 0.251507 0.253160 0.356745 0.053070 0.085518
2 2 0.190872 0.243602 0.431356 0.056856 0.077313
2 2 0.070499 0.185670 0.632009 0.060008 0.051813
2 2 0.038853 0.149370 0.717544 0.054482 0.039750
2 2 0.022768 0.119515 0.777010 0.052038 0.028670
2 2 0.015051 0.094811 0.821327 0.047654 0.021158
2 2 0.007962 0.063624 0.870030 0.045540 0.012843
2 2 0.006552 0.056269 0.882106 0.044113 0.010959
2 2 0.005208 0.048320 0.889301 0.047708 0.009465
2 2 0.005045 0.047050 0.885496 0.052836 0.009573
2 2 0.006348 0.053933 0.864521 0.063086 0.012112
2 2 0.008990 0.067346 0.844748 0.063144 0.015771
2 2 0.012906 0.084472 0.817303 0.064420 0.020899
2 2 0.013307 0.086378 0.817754 0.061510 0.021050
2 2 0.013932 0.088984 0.814848 0.060555 0.021680
2 2 0.020570 0.113362 0.778182 0.058971 0.028916
2 2 0.023310 0.123414 0.770417 0.048607 0.034253
2 2 0.018680 0.107533 0.794015 0.053761 0.026012
2 2 0.015136 0.094288 0.813228 0.055015 0.022334
2 2 0.012592 0.083962 0.827945 0.055970 0.019532
2 2 0.012173 0.082118 0.829756 0.056818 0.019135
0 2 0.743879 0.120418 0.074817 0.023024 0.037862
0 2 0.754479 0.114236 0.071759 0.020079 0.039447
0 0 0.769606 0.111776 0.065566 0.015952 0.037100
0 0 0.712258 0.151044 0.069503 0.012078 0.055117
0 1 0.508906 0.220854 0.114773 0.028799 0.126668
0 1 0.448858 0.234349 0.125125 0.032874 0.158794
0 1 0.396847 0.241641 0.130910 0.033505 0.197097
0 1 0.405834 0.229611 0.116430 0.021469 0.226657
4 1 0.309136 0.228383 0.117284 0.019780 0.325417
4 1 0.288423 0.216487 0.107424 0.014650 0.373016
4 1 0.277897 0.216503 0.108222 0.015064 0.382315
4 1 0.285985 0.207350 0.099563 0.011424 0.395678
4 4 0.309536 0.213552 0.103460 0.012901 0.360551
4 4 0.295559 0.207904 0.099401 0.011328 0.385808
4 4 0.278111 0.209452 0.101942 0.012377 0.398119
4 4 0.316891 0.204831 0.095591 0.009948 0.372739
4 4 0.330669 0.201137 0.091900 0.008761 0.367533
4 4 0.338086 0.197973 0.089044 0.007920 0.366976
4 4 0.312322 0.191963 0.085490 0.006962 0.403263
4 4 0.238740 0.185852 0.085714 0.007420 0.482275
4 4 0.190567 0.175104 0.082183 0.007124 0.545023
4 4 0.151301 0.176378 0.088827 0.010086 0.573408
4 4 0.148253 0.182828 0.094944 0.012482 0.561494
4 4 0.149604 0.181025 0.093115 0.011706 0.564550
4 4 0.207857 0.177283 0.081971 0.006810 0.526078
4 4 0.302330 0.178741 0.076093 0.004863 0.437974
0 4 0.427523 0.168900 0.065679 0.003151 0.334748
0 4 0.468879 0.161509 0.060535 0.002543 0.306535
0 4 0.507454 0.157139 0.057794 0.002318 0.275295
0 4 0.493804 0.144817 0.050170 0.001462 0.309747
0 4 0.549287 0.133840 0.044492 0.001098 0.271283
0 4 0.629149 0.123145 0.045045 0.001396 0.201265
0 4 0.639524 0.121832 0.044824 0.001420 0.192400
0 4 0.670603 0.102037 0.035592 0.000760 0.191008
0 4 0.767515 0.072941 0.030487 0.000734 0.128323
0 4 0.785483 0.061832 0.027997 0.000635 0.124053
