0 0 0.880328 0.016888 0.000925 0.000500 0.101359
0 0 0.857215 0.024535 0.001931 0.001168 0.115151
0 0 0.821933 0.037795 0.004569 0.003158 0.132544
0 0 0.748931 0.067317 0.014935 0.012452 0.156366
0 0 0.622138 0.112690 0.047163 0.047847 0.170162
0 0 0.383576 0.196129 0.135908 0.078966 0.205422
0 0 0.269906 0.226153 0.221625 0.087182 0.195134
2 1 0.137268 0.235519 0.393055 0.095203 0.138955
2 1 0.172193 0.243898 0.332056 0.100079 0.151774
2 1 0.138990 0.249372 0.379039 0.091825 0.140774
1 1 0.241762 0.258240 0.228532 0.090495 0.180971
1 1 0.202264 0.276902 0.261931 0.080073 0.178830
2 1 0.116556 0.309975 0.361708 0.064118 0.147643
2 1 0.150109 0.290009 0.324447 0.091306 0.144129
2 1 0.191501 0.245414 0.301573 0.115865 0.145647
2 1 0.228682 0.216348 0.276067 0.132273 0.146631
2 1 0.169728 0.236582 0.345096 0.110194 0.138401
0 4 0.415919 0.175630 0.122820 0.120257 0.165374
0 4 0.496406 0.146780 0.090992 0.100236 0.165586
0 4 0.475050 0.161361 0.097195 0.094274 0.172120
0 4 0.376997 0.209984 0.135308 0.100091 0.177619
1 4 0.180833 0.324507 0.247230 0.078504 0.168927
1 4 0.115478 0.350125 0.323652 0.053393 0.157353
1 4 0.103717 0.348252 0.313188 0.024377 0.210465
4 4 0.101705 0.281982 0.204941 0.004478 0.406894
4 4 0.106153 0.282542 0.208410 0.005157 0.397738
4 4 0.093773 0.310770 0.270116 0.007919 0.317422
2 4 0.087456 0.313318 0.326129 0.011848 0.261249
1 4 0.085384 0.326124 0.310308 0.010381 0.267804
1 4 0.087129 0.345353 0.286357 0.009891 0.271270
1 4 0.081795 0.359772 0.287808 0.009505 0.261120
1 4 0.075476 0.354305 0.307789 0.009126 0.253304
1 4 0.081915 0.378554 0.266957 0.008814 0.263761
1 4 0.089694 0.351996 0.212242 0.005221 0.340847
1 4 0.095522 0.344548 0.215595 0.006048 0.338286
1 4 0.084014 0.357861 0.267204 0.008046 0.282876
1 4 0.076242 0.364564 0.302984 0.009704 0.246506
1 4 0.072496 0.379793 0.319537 0.011906 0.216267
1 4 0.072451 0.403639 0.320773 0.015834 0.187304
1 4 0.079981 0.410767 0.314399 0.022024 0.172829
1 4 0.093610 0.407464 0.304570 0.033160 0.161196
1 4 0.089852 0.365775 0.356854 0.042491 0.145028
2 4 0.063612 0.299213 0.474571 0.034646 0.127958
2 4 0.059376 0.248161 0.534300 0.036831 0.121331
2 4 0.047490 0.160655 0.625849 0.086564 0.079442
2 4 0.065012 0.126332 0.533428 0.200693 0.074535
2 4 0.064292 0.095200 0.458486 0.322481 0.059542
2 4 0.055182 0.077072 0.412329 0.411002 0.044416
3 4 0.057527 0.075044 0.385677 0.439508 0.042244
3 2 0.057099 0.060065 0.325222 0.521071 0.036543
3 2 0.034175 0.035484 0.246821 0.664126 0.019395
3 2 0.028311 0.030110 0.235965 0.689421 0.016193
3 2 0.025698 0.030607 0.271375 0.656376 0.015945
3 2 0.029472 0.033201 0.263714 0.655956 0.017657
3 2 0.021733 0.024822 0.234989 0.705519 0.012938
3 2 0.014864 0.016646 0.189462 0.770484 0.008544
3 2 0.015021 0.015497 0.165309 0.796054 0.008120
3 2 0.012075 0.012663 0.152310 0.816415 0.006537
3 2 0.009263 0.009552 0.137850 0.838350 0.004985
3 2 0.006060 0.006148 0.117617 0.866931 0.003244
3 2 0.000462 0.000549 0.048881 0.949843 0.000264
3 2 0.000185 0.000255 0.037280 0.962168 0.000112
3 2 0.000072 0.000113 0.027794 0.971975 0.000046
3 3 0.000045 0.000076 0.024031 0.975819 0.000030
3 3 0.000030 0.000051 0.020733 0.979165 0.000020
3 3 0.000052 0.000081 0.024465 0.975370 0.000033
3 3 0.000060 0.000093 0.025631 0.974178 0.000038
3 3 0.000089 0.000128 0.028824 0.970904 0.000055
3 3 0.000090 0.000129 0.028850 0.970875 0.000056
3 3 0.000091 0.000133 0.029212 0.970508 0.000056
3 3 0.000093 0.000134 0.029238 0.970478 0.000057
3 3 0.000077 0.000112 0.027311 0.972451 0.000048
3 3 0.000046 0.000069 0.022661 0.977196 0.000029
3 3 0.000040 0.000061 0.021774 0.978100 0.000025
3 3 0.000043 0.000066 0.022533 0.977331 0.000027
3 3 0.000090 0.000134 0.029509 0.970210 0.000056
3 3 0.000162 0.000237 0.036637 0.962863 0.000101
3 3 0.000193 0.000292 0.040087 0.959306 0.000121
3 3 0.000261 0.000393 0.044889 0.954294 0.000163
3 3 0.000389 0.000564 0.051261 0.947545 0.000240
3 3 0.000499 0.000674 0.054192 0.944336 0.000300
3 3 0.000450 0.000588 0.051078 0.947618 0.000267
3 3 0.000329 0.000428 0.045135 0.953914 0.000195
3 3 0.000484 0.000591 0.050527 0.948119 0.000280
3 3 0.000745 0.000877 0.058432 0.939521 0.000424
3 3 0.001285 0.001481 0.071070 0.925439 0.000725
3 3 0.001122 0.001381 0.070050 0.926797 0.000649
3 3 0.001381 0.001728 0.076473 0.919615 0.000803
3 3 0.001821 0.002238 0.084010 0.910879 0.001052
3 3 0.002758 0.003160 0.094325 0.898208 0.001549
3 3 0.002424 0.002687 0.088256 0.905288 0.001345
3 3 0.001630 0.001786 0.075572 0.920110 0.000901
3 3 0.001203 0.001307 0.067009 0.929817 0.000663
3 3 0.000873 0.000918 0.058223 0.939509 0.000476
3 3 0.000602 0.000660 0.051692 0.946712 0.000334
3 3 0.000335 0.000402 0.043394 0.955676 0.000192
3 3 0.000273 0.000353 0.041852 0.957361 0.000161
3 3 0.000121 0.000180 0.033121 0.966502 0.000075
3 3 0.000100 0.000161 0.032105 0.967569 0.000065
3 3 0.000121 0.000190 0.034113 0.965499 0.000077
3 3 0.000323 0.000444 0.046261 0.952776 0.000196
3 3 0.000545 0.000689 0.053951 0.944497 0.000319
3 3 0.001094 0.001295 0.067862 0.929127 0.000623
3 3 0.001632 0.001922 0.078725 0.916793 0.000928
3 3 0.002805 0.003200 0.094684 0.897738 0.001573
3 3 0.003081 0.003473 0.097386 0.894341 0.001719
3 3 0.002206 0.002600 0.088178 0.905764 0.001253
3 3 0.001197 0.001564 0.074243 0.922288 0.000708
3 3 0.000955 0.001337 0.070865 0.926264 0.000580
3 3 0.000918 0.001304 0.070377 0.926841 0.000561
3 3 0.000770 0.001137 0.067273 0.930343 0.000478
3 3 0.001064 0.001503 0.074207 0.922577 0.000649
3 3 0.001546 0.002102 0.083605 0.911820 0.000928
3 3 0.001508 0.002010 0.081912 0.913671 0.000898
3 3 0.001147 0.001532 0.073960 0.922677 0.000684
3 3 0.001597 0.001977 0.080304 0.915198 0.000925
3 3 0.004090 0.004507 0.106721 0.882421 0.002262
3 2 0.010364 0.010365 0.141004 0.832756 0.005512
3 2 0.018269 0.019709 0.203195 0.748401 0.010425
3 2 0.022231 0.029522 0.302411 0.630958 0.014877
2 2 0.124325 0.187685 0.438638 0.144946 0.104406
2 0 0.188072 0.180530 0.334856 0.177228 0.119315
0 2 0.331732 0.172063 0.170618 0.183709 0.141878
0 2 0.333266 0.165810 0.161945 0.202695 0.136284
0 2 0.283042 0.198106 0.191533 0.187075 0.140243
0 2 0.254014 0.201727 0.210637 0.198661 0.134960
3 2 0.166966 0.139568 0.265803 0.338131 0.089531
3 2 0.064630 0.075451 0.352460 0.466053 0.041406
2 2 0.034231 0.069900 0.530269 0.333470 0.032130
2 2 0.018379 0.044068 0.588464 0.329849 0.019240
2 2 0.012135 0.031074 0.586821 0.356813 0.013157
2 2 0.009878 0.025133 0.546506 0.407981 0.010502
3 2 0.009138 0.020555 0.454129 0.507421 0.008758
3 2 0.010997 0.021845 0.410935 0.546561 0.009663
3 2 0.010091 0.021333 0.433441 0.525870 0.009265
3 2 0.010302 0.021653 0.433491 0.525127 0.009427
3 2 0.010723 0.019330 0.352599 0.608627 0.008721
3 2 0.010812 0.019003 0.340487 0.621073 0.008626
3 2 0.015073 0.024482 0.348593 0.600321 0.011530
3 2 0.012961 0.020802 0.320615 0.635884 0.009738
3 2 0.008675 0.013722 0.260506 0.710792 0.006305
3 2 0.006887 0.009614 0.188447 0.790553 0.004498
3 2 0.009296 0.013494 0.233608 0.737251 0.006351
3 2 0.012012 0.019328 0.311175 0.648481 0.009004
3 2 0.012653 0.020603 0.324415 0.632729 0.009600
3 2 0.017778 0.027941 0.355621 0.585276 0.013384
3 2 0.036014 0.051611 0.408014 0.478006 0.026355
2 2 0.055522 0.086186 0.453331 0.361348 0.043612
2 2 0.055356 0.082083 0.432927 0.387670 0.041964
3 2 0.046698 0.067830 0.414643 0.436238 0.034591
2 2 0.034919 0.082402 0.567250 0.279234 0.036195
2 2 0.020093 0.066540 0.696635 0.190074 0.026658
2 2 0.012750 0.049705 0.748589 0.170022 0.018935
2 2 0.010718 0.038720 0.726226 0.209331 0.015006
2 2 0.010861 0.041461 0.739791 0.192082 0.015805
2 2 0.010562 0.034412 0.710822 0.230347 0.013857
2 2 0.009591 0.030991 0.692085 0.254935 0.012399
2 2 0.009973 0.031336 0.681545 0.264514 0.012631
2 2 0.008768 0.029811 0.708111 0.241561 0.011750
2 2 0.007266 0.026705 0.724523 0.231258 0.010248
2 2 0.006781 0.025032 0.716608 0.242032 0.009547
2 2 0.009428 0.030810 0.696105 0.251369 0.012288
2 2 0.010712 0.033656 0.692282 0.249706 0.013643
2 2 0.010446 0.035851 0.721938 0.217580 0.014185
2 2 0.011190 0.040967 0.730697 0.201315 0.015831
2 2 0.012690 0.047605 0.739131 0.182247 0.018328
2 2 0.015178 0.062859 0.754867 0.143522 0.023573
2 2 0.016547 0.077870 0.771757 0.105538 0.028288
2 2 0.014065 0.070532 0.789456 0.100840 0.025107
2 2 0.016602 0.077300 0.779676 0.096612 0.029810
2 2 0.019497 0.083439 0.753093 0.111467 0.032503
2 2 0.024052 0.088380 0.730820 0.118962 0.037786
2 2 0.011896 0.044365 0.766998 0.159105 0.017635
2 2 0.006701 0.027120 0.765266 0.190716 0.010197
2 2 0.004692 0.021387 0.778635 0.187607 0.007679
2 2 0.006971 0.026809 0.743714 0.212320 0.010185
2 2 0.007646 0.027331 0.716345 0.238102 0.010575
2 2 0.008309 0.026937 0.671344 0.282757 0.010652
2 2 0.006932 0.023784 0.676082 0.284010 0.009191
2 2 0.006972 0.023594 0.668505 0.291787 0.009142
2 4 0.065583 0.271370 0.499326 0.041367 0.122355
2 4 0.048510 0.227276 0.583719 0.033474 0.107021
2 4 0.046898 0.179357 0.629028 0.057155 0.087561
2 4 0.031581 0.121433 0.705461 0.088438 0.053087
2 4 0.048516 0.159196 0.625415 0.094622 0.072251
2 2 0.067260 0.220535 0.545736 0.057467 0.109002
2 2 0.073832 0.234458 0.516099 0.050075 0.125536
2 2 0.051901 0.214606 0.589871 0.043157 0.100465
2 2 0.053375 0.265886 0.534053 0.034989 0.111697
2 2 0.084070 0.342400 0.375261 0.028693 0.169576
1 2 0.097057 0.363004 0.316725 0.024230 0.198985
1 2 0.099232 0.341874 0.341638 0.030183 0.187074
2 2 0.076160 0.307757 0.435984 0.036826 0.143272
2 2 0.077321 0.287188 0.457833 0.046435 0.131223
2 2 0.144588 0.270470 0.350526 0.077761 0.156655
2 4 0.216797 0.246469 0.268869 0.087570 0.180295
2 4 0.210094 0.231438 0.285150 0.121187 0.152131
2 4 0.196094 0.253558 0.288500 0.104695 0.157154
1 0 0.242846 0.259541 0.228335 0.103660 0.165618
2 1 0.155289 0.292099 0.321394 0.080877 0.150340
2 1 0.088509 0.290965 0.435476 0.065313 0.119737
2 2 0.054783 0.298708 0.502287 0.041670 0.102552
2 2 0.030048 0.241185 0.623675 0.024195 0.080896
2 2 0.015466 0.115452 0.787565 0.044971 0.036546
2 2 0.007627 0.053523 0.859224 0.062284 0.017342
2 2 0.012587 0.083381 0.814538 0.062159 0.027334
2 2 0.028271 0.166728 0.702963 0.032528 0.069511
2 2 0.043325 0.197043 0.626397 0.030303 0.102932
2 2 0.063197 0.222111 0.552463 0.043452 0.118776
2 0 0.094099 0.267734 0.438741 0.051658 0.147769
1 1 0.161602 0.322467 0.275052 0.056218 0.184661
1 1 0.169571 0.357946 0.234764 0.051736 0.185983
1 2 0.201127 0.343479 0.199333 0.043610 0.212451
1 2 0.141604 0.350099 0.271387 0.040182 0.196728
2 2 0.063095 0.293459 0.476842 0.030245 0.136358
2 2 0.028343 0.194822 0.675811 0.026312 0.074712
2 2 0.024537 0.160358 0.723433 0.034638 0.057035
2 2 0.041570 0.157549 0.667979 0.066224 0.066679
2 2 0.072044 0.191298 0.557929 0.081645 0.097084
2 2 0.077337 0.168171 0.558432 0.108129 0.087930
2 2 0.110541 0.189133 0.458636 0.142612 0.099079
2 2 0.153822 0.184791 0.381283 0.169094 0.111010
2 0 0.220809 0.178140 0.287575 0.188430 0.125045
2 1 0.229747 0.217092 0.263077 0.146801 0.143284
2 1 0.190508 0.276163 0.277535 0.101735 0.154060
1 2 0.158481 0.349931 0.263368 0.061847 0.166373
1 2 0.131153 0.398386 0.257269 0.043304 0.169888
1 2 0.123919 0.354317 0.214601 0.011787 0.295375
2 2 0.056034 0.314021 0.415682 0.009908 0.204356
2 2 0.037867 0.260183 0.555526 0.013283 0.133141
2 2 0.030650 0.212533 0.639859 0.016818 0.100140
2 2 0.035861 0.192049 0.647653 0.021629 0.102808
2 2 0.034989 0.171517 0.678099 0.030725 0.084669
2 2 0.040084 0.188845 0.647160 0.036556 0.087354
2 2 0.040013 0.165430 0.660716 0.066638 0.067203
2 2 0.036374 0.136792 0.662921 0.110627 0.053285
2 2 0.062521 0.214222 0.545958 0.091355 0.085944
2 2 0.088730 0.270414 0.449056 0.078819 0.112981
2 0 0.094468 0.258666 0.450903 0.079650 0.116313
2 0 0.175138 0.233692 0.336907 0.115994 0.138268
0 0 0.407069 0.158336 0.130665 0.152484 0.151445
0 0 0.456205 0.152585 0.107460 0.124651 0.159098
0 1 0.468077 0.147875 0.103247 0.120437 0.160364
0 1 0.408161 0.176031 0.129159 0.102803 0.183846
0 2 0.320162 0.235251 0.163202 0.107825 0.173560
1 2 0.193903 0.315647 0.240599 0.083417 0.166434
2 0 0.170612 0.287451 0.298361 0.091585 0.151991
1 0 0.137365 0.326509 0.309607 0.052773 0.173746
2 1 0.073327 0.258826 0.363054 0.007037 0.297757
2 2 0.059502 0.262367 0.446914 0.009958 0.221259
2 2 0.043784 0.229527 0.566087 0.015255 0.145346
2 2 0.025989 0.162554 0.707372 0.032842 0.071242
2 2 0.023576 0.144982 0.732954 0.033558 0.064930
2 2 0.021143 0.134700 0.753049 0.031639 0.059469
2 2 0.061189 0.234128 0.533334 0.030869 0.140479
2 2 0.091463 0.253800 0.456458 0.049869 0.148410
2 2 0.149487 0.281557 0.325878 0.057303 0.185774
1 2 0.209298 0.264011 0.259161 0.072968 0.194562
0 2 0.397492 0.179957 0.133848 0.109218 0.179486
0 0 0.508416 0.141171 0.086996 0.099473 0.163943
0 0 0.543511 0.133722 0.073855 0.081634 0.167278
0 0 0.508990 0.141059 0.086776 0.099168 0.164007
0 0 0.333377 0.216197 0.164053 0.117607 0.168765
0 0 0.280880 0.251264 0.177393 0.052942 0.237521
0 0 0.271933 0.253439 0.173783 0.040259 0.260587
4 1 0.181831 0.249010 0.197242 0.014075 0.357842
4 1 0.172407 0.235137 0.202641 0.012371 0.377444
4 1 0.176378 0.233563 0.212167 0.014476 0.363416
4 2 0.143904 0.225527 0.217783 0.008478 0.404308
4 2 0.133513 0.242556 0.270012 0.012925 0.340993
4 2 0.147240 0.222181 0.196144 0.007233 0.427202
4 2 0.160358 0.227034 0.193359 0.008695 0.410554
4 4 0.136293 0.257808 0.205810 0.007908 0.392182
4 4 0.104007 0.289522 0.281108 0.010059 0.315305
2 4 0.066901 0.265391 0.445858 0.014081 0.207769
2 4 0.053060 0.234889 0.535254 0.017236 0.159560
2 4 0.085084 0.258395 0.409832 0.017155 0.229534
2 2 0.154200 0.242774 0.350029 0.074190 0.178807
2 2 0.220535 0.215083 0.271336 0.124663 0.168382
2 2 0.206551 0.186912 0.283803 0.189704 0.133029
2 2 0.183334 0.202948 0.313617 0.167905 0.132196
2 2 0.153147 0.259472 0.329324 0.123987 0.134070
2 2 0.094706 0.283783 0.424871 0.077876 0.118764
2 2 0.053874 0.213885 0.571337 0.079196 0.081708
2 2 0.028433 0.148880 0.712460 0.046262 0.063965
2 2 0.023450 0.106201 0.756056 0.065345 0.048948
2 2 0.010104 0.043383 0.785914 0.144415 0.016185
2 2 0.009691 0.039604 0.774636 0.161105 0.014964
2 2 0.009384 0.040930 0.791910 0.142566 0.015210
2 2 0.009498 0.045522 0.804311 0.124266 0.016403
2 2 0.009062 0.050529 0.826705 0.096291 0.017413
2 2 0.008865 0.053912 0.836654 0.082454 0.018115
2 2 0.006966 0.042245 0.851283 0.085241 0.014266
2 2 0.007325 0.044519 0.846465 0.086722 0.014970
2 2 0.007521 0.043650 0.839441 0.094524 0.014864
2 2 0.015483 0.080593 0.790363 0.084980 0.028580
2 2 0.044906 0.151456 0.639363 0.097819 0.066456
2 1 0.111999 0.224107 0.434288 0.104611 0.124995
2 1 0.172009 0.264094 0.301337 0.096675 0.165884
0 2 0.262546 0.248839 0.203902 0.100723 0.183991
2 0 0.057589 0.200893 0.572947 0.080273 0.088298
2 1 0.020284 0.079307 0.717020 0.153357 0.030033
2 2 0.011172 0.033734 0.644601 0.296898 0.013595
2 2 0.008337 0.028856 0.675890 0.275824 0.011093
2 2 0.007563 0.029542 0.718996 0.232913 0.010986
2 2 0.007576 0.028294 0.709192 0.244251 0.010686
2 2 0.006099 0.021881 0.682098 0.281608 0.008314
2 2 0.005767 0.020773 0.675005 0.290602 0.007854
2 2 0.007050 0.021350 0.598945 0.364215 0.008440
2 2 0.007838 0.022040 0.569708 0.391517 0.008897
2 2 0.007830 0.019625 0.494619 0.469826 0.008100
3 2 0.009591 0.020159 0.421314 0.540198 0.008738
3 2 0.008570 0.017636 0.390251 0.575914 0.007628
3 2 0.010581 0.020515 0.390614 0.569189 0.009101
3 2 0.008759 0.019572 0.442637 0.520704 0.008329
2 2 0.008512 0.021787 0.523391 0.437306 0.009004
2 2 0.010707 0.026420 0.541103 0.410604 0.011166
2 2 0.011913 0.028394 0.537655 0.409870 0.012168
2 2 0.011513 0.028995 0.567083 0.380140 0.012268
2 2 0.008913 0.023223 0.543345 0.414926 0.009594
2 2 0.008099 0.021213 0.529293 0.432696 0.008699
3 2 0.008728 0.019983 0.456978 0.505852 0.008459
3 2 0.009982 0.020221 0.406337 0.554604 0.008856
3 2 0.010219 0.020062 0.392121 0.568740 0.008858
3 2 0.011421 0.023553 0.439571 0.515095 0.010361
2 2 0.014221 0.031284 0.517379 0.423338 0.013778
2 2 0.020557 0.049763 0.597102 0.310844 0.021733
2 2 0.034213 0.076896 0.591303 0.262647 0.034942
2 2 0.051282 0.131879 0.594791 0.163777 0.058270
2 2 0.086525 0.199657 0.507134 0.101176 0.105507
2 2 0.090459 0.217717 0.495485 0.067523 0.128816
2 2 0.095035 0.228960 0.474022 0.058407 0.143577
2 2 0.162722 0.246222 0.342874 0.084576 0.163605
0 2 0.282766 0.231168 0.201396 0.100174 0.184496
1 2 0.242972 0.243583 0.237118 0.072676 0.203651
1 0 0.170062 0.289081 0.282874 0.045407 0.212575
2 1 0.128053 0.294469 0.343137 0.038890 0.195451
2 1 0.076829 0.299764 0.434646 0.030427 0.158334
2 2 0.076165 0.322548 0.421007 0.034971 0.145309
2 2 0.046590 0.306520 0.514276 0.032952 0.099662
2 2 0.031734 0.230987 0.622995 0.020327 0.093957
2 2 0.013145 0.096186 0.803776 0.056271 0.030622
2 2 0.006812 0.040080 0.837544 0.102078 0.013486
2 2 0.005314 0.029338 0.841356 0.113864 0.010129
2 2 0.005655 0.032649 0.851023 0.099501 0.011173
2 2 0.005580 0.028988 0.833650 0.121560 0.010221
2 2 0.006414 0.034538 0.838626 0.108350 0.012073
2 2 0.007314 0.040827 0.840135 0.097593 0.014131
2 2 0.008822 0.051072 0.834896 0.087745 0.017465
2 2 0.008495 0.051403 0.839850 0.082926 0.017326
2 2 0.010099 0.067895 0.835760 0.064045 0.022201
2 2 0.012453 0.089859 0.818790 0.050023 0.028875
2 2 0.012642 0.103483 0.814829 0.036866 0.032181
2 2 0.013098 0.107721 0.810215 0.035468 0.033498
2 2 0.012293 0.094483 0.822183 0.041012 0.030028
2 2 0.010943 0.080225 0.836770 0.046156 0.025906
2 2 0.010438 0.073925 0.839450 0.052162 0.024026
2 2 0.008619 0.060633 0.853109 0.057951 0.019689
2 2 0.007198 0.043293 0.849843 0.084997 0.014669
2 2 0.007000 0.033288 0.814064 0.133598 0.012049
2 2 0.007620 0.024174 0.643051 0.315623 0.009532
2 2 0.005865 0.018035 0.574818 0.394262 0.007019
2 2 0.005795 0.016744 0.531352 0.439520 0.006589
2 2 0.005968 0.017640 0.551876 0.417592 0.006925
2 2 0.004817 0.017365 0.643193 0.328147 0.006478
2 2 0.003873 0.017030 0.729649 0.243396 0.006051
2 2 0.004780 0.019337 0.714560 0.254248 0.007075
2 2 0.005104 0.021738 0.754510 0.210714 0.007934
2 2 0.007162 0.028128 0.746075 0.208036 0.010598
2 2 0.005904 0.024156 0.753704 0.207261 0.008974
2 2 0.004445 0.019621 0.753637 0.215252 0.007045
2 2 0.005049 0.020826 0.734917 0.231579 0.007630
2 2 0.005699 0.022189 0.720439 0.243394 0.008279
2 2 0.005665 0.022594 0.733456 0.229889 0.008396
2 2 0.005751 0.021251 0.690422 0.274576 0.008000
2 2 0.005132 0.018780 0.664411 0.304656 0.007021
2 2 0.005212 0.018907 0.661552 0.307242 0.007087
2 2 0.005613 0.019949 0.661682 0.305211 0.007544
2 2 0.004933 0.019082 0.692541 0.276396 0.007048
2 2 0.004258 0.017673 0.710723 0.260963 0.006383
2 2 0.003458 0.015742 0.731541 0.243744 0.005515
2 2 0.002906 0.014370 0.751505 0.226315 0.004905
2 2 0.002885 0.013825 0.731733 0.246819 0.004738
2 2 0.004391 0.015118 0.595239 0.379603 0.005649
3 2 0.007911 0.018300 0.446058 0.520048 0.007683
3 2 0.014128 0.024944 0.383974 0.565464 0.011490
3 2 0.017974 0.028167 0.355704 0.584645 0.013509
3 2 0.021018 0.035848 0.426831 0.499255 0.017048
2 2 0.018931 0.038144 0.510418 0.415083 0.017424
2 2 0.021223 0.049191 0.596313 0.311359 0.021913
2 2 0.031613 0.112436 0.670968 0.140811 0.044172
2 2 0.030131 0.137035 0.698459 0.083875 0.050500
2 2 0.056564 0.198050 0.588103 0.076516 0.080766
2 2 0.086982 0.202801 0.509960 0.104185 0.096072
0 0 0.298788 0.170295 0.222268 0.166596 0.142053
0 0 0.526118 0.137566 0.080283 0.090266 0.165767
0 0 0.613130 0.115398 0.050002 0.051275 0.170194
0 0 0.619432 0.113512 0.048009 0.048865 0.170183
0 0 0.550238 0.132156 0.071415 0.078407 0.167784
0 1 0.390024 0.197109 0.131664 0.108314 0.172889
1 2 0.176580 0.348153 0.220214 0.041418 0.213634
1 2 0.132032 0.360524 0.280904 0.045908 0.180631
2 2 0.073473 0.293220 0.416518 0.017427 0.199362
2 2 0.073162 0.272346 0.400808 0.011403 0.242281
4 4 0.143034 0.238364 0.213587 0.009116 0.395899
4 4 0.171198 0.197569 0.169709 0.006539 0.454984
4 4 0.205452 0.185210 0.155535 0.007979 0.445824
4 4 0.249929 0.163452 0.136700 0.009259 0.440660
4 4 0.306281 0.135363 0.107108 0.008824 0.442425
4 4 0.358568 0.095071 0.061730 0.004156 0.480475
4 4 0.427082 0.067867 0.038675 0.002925 0.463452
0 4 0.558367 0.067587 0.037841 0.008630 0.327575
0 4 0.462614 0.095083 0.067463 0.012727 0.362112
0 4 0.529122 0.087415 0.059765 0.018461 0.305237
0 4 0.508407 0.084965 0.054923 0.012236 0.339469
0 4 0.442482 0.112870 0.067154 0.010953 0.366542
0 4 0.509449 0.107170 0.056503 0.014238 0.312640
0 4 0.459810 0.141448 0.077732 0.020904 0.300106
0 4 0.437901 0.164664 0.090099 0.027390 0.279947
0 4 0.363406 0.218544 0.123986 0.039066 0.254998
4 4 0.151518 0.105862 0.064095 0.000553 0.677972
4 4 0.132310 0.142462 0.088338 0.000805 0.636086
4 4 0.125519 0.199316 0.137973 0.002031 0.535160
4 4 0.100545 0.219573 0.176255 0.002405 0.501222
4 4 0.103441 0.237360 0.192245 0.003334 0.463619
4 4 0.108175 0.240742 0.189580 0.003568 0.457934
4 4 0.109951 0.259915 0.194032 0.004191 0.431910
4 4 0.103395 0.282930 0.200397 0.004378 0.408900
4 4 0.103542 0.283609 0.200917 0.004434 0.407497
4 4 0.108649 0.263564 0.186054 0.003709 0.438024
4 4 0.108011 0.291726 0.212251 0.005871 0.382141
4 4 0.097802 0.291157 0.204451 0.004250 0.402340
4 4 0.101108 0.299632 0.203386 0.004659 0.391215
4 4 0.107978 0.332360 0.214128 0.007334 0.338199
1 4 0.117899 0.370567 0.230044 0.014858 0.266633
1 4 0.103302 0.379916 0.254407 0.014970 0.247405
1 4 0.112791 0.373092 0.272076 0.023882 0.218158
1 4 0.212809 0.299561 0.207460 0.042271 0.237899
0 4 0.364105 0.202802 0.146647 0.086721 0.199724
0 4 0.507040 0.141439 0.087525 0.100207 0.163790
0 0 0.647228 0.104753 0.039591 0.038919 0.169509
0 0 0.754463 0.065094 0.013916 0.011471 0.155056
0 0 0.840416 0.030664 0.003007 0.001948 0.123966
0 0 0.869361 0.020386 0.001339 0.000767 0.108147
0 0 0.892787 0.013246 0.000575 0.000289 0.093102
0 0 0.886566 0.015018 0.000735 0.000384 0.097297
0 0 0.883090 0.016049 0.000837 0.000446 0.099578
0 0 0.831025 0.034246 0.003749 0.002513 0.128467
0 0 0.774848 0.056827 0.010486 0.008259 0.149580
0 0 0.754052 0.065260 0.013991 0.011542 0.155156
0 0 0.736772 0.072154 0.017301 0.014776 0.158997
0 0 0.710380 0.082376 0.023018 0.020611 0.163615
0 0 0.464640 0.166541 0.100688 0.081375 0.186756
0 0 0.363395 0.219120 0.137088 0.064706 0.215691
0 0 0.294420 0.270050 0.160734 0.055447 0.219348
0 1 0.299298 0.275509 0.153456 0.052239 0.219498
0 1 0.320648 0.245089 0.153999 0.060262 0.220003
4 1 0.203002 0.218176 0.167624 0.010516 0.400682
4 1 0.196427 0.169527 0.129750 0.004455 0.499842
4 1 0.200874 0.185558 0.145370 0.006395 0.461803
4 1 0.247319 0.168173 0.128401 0.007851 0.448256
4 1 0.299514 0.135623 0.097659 0.006718 0.460486
4 1 0.291099 0.161625 0.105950 0.007929 0.433396
4 1 0.245003 0.219874 0.130658 0.009527 0.394939
4 1 0.189980 0.295023 0.161545 0.011211 0.342242
1 1 0.140570 0.347338 0.219187 0.017214 0.275690
2 2 0.055851 0.283990 0.498817 0.024624 0.136718
2 2 0.030192 0.206436 0.657547 0.026868 0.078957
2 2 0.021513 0.160081 0.730584 0.034863 0.052958
2 2 0.017096 0.125266 0.773897 0.043794 0.039947
2 2 0.014324 0.099286 0.796845 0.057630 0.031915
2 2 0.013534 0.092129 0.798601 0.066204 0.029531
2 2 0.012103 0.079606 0.807105 0.075471 0.025715
2 2 0.011240 0.077972 0.815419 0.070595 0.024773
2 2 0.010371 0.064508 0.814005 0.089975 0.021141
2 2 0.012299 0.071860 0.796463 0.095387 0.023992
2 2 0.014370 0.080462 0.782265 0.095634 0.027269
2 2 0.014555 0.086165 0.788921 0.081480 0.028880
2 2 0.010231 0.058840 0.820989 0.089895 0.020044
2 2 0.009294 0.055937 0.834877 0.080993 0.018898
2 2 0.009186 0.061285 0.843244 0.066173 0.020111
2 2 0.008030 0.049812 0.842604 0.082936 0.016617
2 2 0.007135 0.041905 0.836062 0.100784 0.014114
2 2 0.007089 0.042598 0.835543 0.100575 0.014195
2 2 0.006466 0.041152 0.848265 0.090598 0.013519
2 2 0.006193 0.036153 0.835316 0.110194 0.012145
2 2 0.005252 0.027099 0.819509 0.138678 0.009463
2 2 0.006313 0.026809 0.781726 0.175188 0.009964
2 2 0.009175 0.031525 0.720605 0.226243 0.012452
2 2 0.008946 0.029164 0.686575 0.263726 0.011588
2 2 0.006675 0.022459 0.657368 0.304817 0.008682
2 2 0.005260 0.018978 0.659781 0.308857 0.007125
2 2 0.003760 0.015479 0.683797 0.291419 0.005545
2 2 0.004754 0.019290 0.715535 0.253369 0.007051
2 2 0.004721 0.019240 0.716949 0.252064 0.007025
2 2 0.004781 0.020128 0.738128 0.229643 0.007320
2 2 0.005011 0.020877 0.739128 0.227352 0.007632
2 2 0.005698 0.026578 0.772871 0.185449 0.009404
2 2 0.005814 0.026750 0.770485 0.187441 0.009510
2 2 0.006986 0.030969 0.766119 0.184752 0.011174
2 2 0.009607 0.034156 0.707729 0.235322 0.013186
2 2 0.009589 0.029148 0.655217 0.294269 0.011776
2 2 0.007254 0.023309 0.642571 0.317728 0.009138
2 2 0.005793 0.018662 0.603320 0.365030 0.007195
2 2 0.006355 0.018864 0.566491 0.400859 0.007431
2 2 0.006054 0.017919 0.555486 0.413502 0.007039
2 2 0.005818 0.016994 0.539247 0.431265 0.006676
2 2 0.004035 0.013356 0.552567 0.425042 0.004999
2 2 0.004486 0.014213 0.543772 0.432126 0.005403
2 2 0.005471 0.015167 0.493567 0.479800 0.005996
3 2 0.005462 0.014199 0.452397 0.522255 0.005687
3 3 0.004066 0.010434 0.392926 0.588456 0.004118
3 3 0.003837 0.008640 0.313571 0.670452 0.003500
3 3 0.002955 0.006275 0.251685 0.736543 0.002542
3 3 0.002877 0.005492 0.207600 0.781753 0.002279
3 3 0.002761 0.004797 0.172781 0.817628 0.002033
3 3 0.002449 0.003942 0.141815 0.850102 0.001693
3 3 0.002434 0.003447 0.112411 0.880180 0.001528
3 3 0.012862 0.013537 0.158275 0.808322 0.007004
3 3 0.121003 0.091161 0.242306 0.486929 0.058602
2 3 0.194498 0.242707 0.276457 0.141400 0.144938
2 0 0.175473 0.281026 0.288294 0.091244 0.163964
1 2 0.197686 0.291239 0.254516 0.091835 0.164724
1 2 0.177711 0.322741 0.260697 0.072486 0.166365
2 2 0.098468 0.334325 0.376499 0.055118 0.135590
2 2 0.057383 0.215550 0.564694 0.077919 0.084455
2 2 0.007048 0.029712 0.791128 0.160953 0.011159
2 2 0.006147 0.028555 0.811472 0.143419 0.010407
2 2 0.007849 0.040504 0.829098 0.108175 0.014374
2 2 0.009605 0.047506 0.815256 0.110565 0.017068
2 2 0.009697 0.044634 0.805195 0.124080 0.016394
2 2 0.008661 0.039305 0.801752 0.135845 0.014439
2 2 0.012790 0.056715 0.783601 0.125898 0.020996
2 2 0.024060 0.096009 0.714018 0.129482 0.036431
2 2 0.058454 0.158491 0.592450 0.108588 0.082017
2 2 0.148545 0.200867 0.358754 0.167188 0.124647
2 2 0.200943 0.166485 0.274691 0.238759 0.119123
3 2 0.250455 0.141164 0.210948 0.288084 0.109348
3 2 0.228352 0.123760 0.213787 0.336353 0.097748
3 2 0.264205 0.123823 0.185199 0.322392 0.104382
2 2 0.004451 0.021899 0.809145 0.156756 0.007749
2 2 0.004009 0.021362 0.832221 0.134991 0.007417
2 2 0.005784 0.027604 0.824003 0.132576 0.010033
2 2 0.005666 0.025857 0.802769 0.156275 0.009433
2 2 0.006061 0.025156 0.764966 0.194471 0.009347
2 2 0.005986 0.022755 0.714173 0.248532 0.008555
2 2 0.007002 0.022018 0.622309 0.340029 0.008642
2 2 0.007570 0.021549 0.571347 0.390876 0.008658
3 2 0.010951 0.023906 0.467190 0.487586 0.010366
3 2 0.013206 0.024496 0.401160 0.550020 0.011119
3 2 0.014666 0.024988 0.370089 0.578631 0.011625
3 2 0.015541 0.025824 0.365316 0.581198 0.012122
3 2 0.013951 0.026206 0.417385 0.530556 0.011903
3 2 0.009952 0.020292 0.409604 0.551280 0.008873
3 2 0.010176 0.020614 0.409482 0.550689 0.009038
3 2 0.013270 0.024463 0.398418 0.552728 0.011121
3 2 0.014286 0.025379 0.389169 0.559484 0.011682
3 2 0.010193 0.018062 0.335963 0.627626 0.008156
3 2 0.011760 0.017741 0.278184 0.683936 0.008379
3 2 0.027497 0.029500 0.236215 0.690981 0.015807
2 2 0.107470 0.146693 0.382733 0.272914 0.090190
2 2 0.155307 0.224706 0.331145 0.146253 0.142590
2 3 0.167232 0.198049 0.306385 0.206830 0.121503
3 2 0.111818 0.114509 0.312345 0.393945 0.067383
2 2 0.062020 0.095745 0.432013 0.362023 0.048200
2 2 0.027225 0.066092 0.603075 0.274581 0.029027
2 2 0.007048 0.026482 0.732461 0.223904 0.010104
2 2 0.004119 0.017250 0.710606 0.261820 0.006205
2 2 0.003560 0.014143 0.650630 0.326590 0.005077
2 2 0.002951 0.011744 0.615842 0.365304 0.004159
2 2 0.002350 0.009589 0.588212 0.396522 0.003328
2 2 0.002224 0.008222 0.510779 0.475876 0.002898
3 2 0.002259 0.007864 0.474363 0.512705 0.002809
3 2 0.002524 0.007512 0.397977 0.589195 0.002792
3 2 0.003028 0.008831 0.417651 0.567158 0.003332
3 2 0.002699 0.008075 0.412742 0.573474 0.003010
3 2 0.002746 0.008302 0.422098 0.563762 0.003091
3 2 0.003151 0.008671 0.390323 0.594535 0.003321
3 2 0.003704 0.009490 0.376447 0.606632 0.003727
3 3 0.003751 0.009055 0.345905 0.637683 0.003606
3 3 0.003243 0.006960 0.267962 0.719010 0.002826
3 3 0.003258 0.005565 0.182613 0.806176 0.002388
3 3 0.002442 0.003309 0.103927 0.888838 0.001484
3 3 0.001839 0.002489 0.088992 0.905579 0.001101
3 3 0.001062 0.001546 0.075420 0.921317 0.000655
3 3 0.001119 0.001618 0.076630 0.919945 0.000688
3 3 0.001102 0.001596 0.076259 0.920366 0.000678
3 3 0.001709 0.002335 0.087058 0.907870 0.001027
3 3 0.002115 0.002810 0.092788 0.901030 0.001258
3 3 0.002581 0.003339 0.098437 0.894124 0.001519
3 3 0.002638 0.003403 0.099070 0.893339 0.001550
3 3 0.002712 0.003486 0.099888 0.892322 0.001592
3 3 0.001902 0.002563 0.089897 0.904501 0.001137
3 3 0.001115 0.001612 0.076531 0.920057 0.000685
3 3 0.000829 0.001247 0.069944 0.927461 0.000518
3 3 0.000707 0.001086 0.066615 0.931146 0.000445
3 3 0.000896 0.001334 0.071616 0.925596 0.000557
3 3 0.000870 0.001300 0.070966 0.926323 0.000542
3 3 0.000983 0.001445 0.073654 0.923310 0.000608
3 3 0.001024 0.001497 0.074576 0.922270 0.000632
3 3 0.018943 0.028991 0.350917 0.587128 0.014021
2 3 0.060451 0.112120 0.528450 0.244095 0.054883
2 3 0.072265 0.146675 0.541464 0.168484 0.071111
2 3 0.079085 0.179515 0.529507 0.127599 0.084293
2 2 0.084967 0.155503 0.492757 0.189496 0.077276
2 2 0.068547 0.128741 0.531820 0.207414 0.063478
2 2 0.053577 0.109569 0.571298 0.213137 0.052419
2 2 0.032272 0.076111 0.635808 0.221148 0.034662
2 2 0.043949 0.122994 0.645972 0.133225 0.053860
2 2 0.091520 0.204673 0.498993 0.096952 0.107863
2 2 0.090733 0.213173 0.499128 0.083081 0.113885
2 2 0.067011 0.237480 0.530589 0.054059 0.110861
2 2 0.140477 0.292289 0.336140 0.056730 0.174364
0 0 0.350096 0.229935 0.144814 0.084983 0.190172
0 0 0.575936 0.125768 0.062349 0.066653 0.169294
0 2 0.597325 0.119966 0.055130 0.057571 0.170008
0 2 0.558458 0.073952 0.043125 0.011516 0.312949
0 2 0.498554 0.082585 0.051337 0.009591 0.357933
0 4 0.573480 0.058426 0.029666 0.006023 0.332406
0 4 0.591319 0.058604 0.027577 0.006161 0.316340
0 4 0.590829 0.068314 0.033851 0.009437 0.297569
0 4 0.509530 0.068960 0.044261 0.007608 0.369639
0 4 0.553463 0.068247 0.039788 0.009142 0.329359
0 4 0.518612 0.073899 0.046171 0.009081 0.352237
0 4 0.553537 0.058475 0.032350 0.005960 0.349679
0 4 0.570229 0.052283 0.025779 0.004444 0.347265
0 4 0.572331 0.046041 0.021304 0.003168 0.357156
0 4 0.581136 0.048315 0.021995 0.003624 0.344931
0 4 0.537155 0.053035 0.027304 0.003732 0.378773
0 4 0.522757 0.045599 0.025904 0.003016 0.402724
4 4 0.396159 0.067998 0.048139 0.003447 0.484257
4 4 0.271771 0.076026 0.053323 0.001439 0.597441
4 4 0.274601 0.103942 0.064988 0.002180 0.554289
4 4 0.252576 0.121128 0.069646 0.002056 0.554594
4 4 0.202269 0.183862 0.105725 0.003157 0.504986
4 4 0.167934 0.159066 0.098634 0.001693 0.572673
4 4 0.111344 0.204303 0.145991 0.001828 0.536534
4 4 0.110184 0.235075 0.168741 0.002725 0.483275
4 4 0.087993 0.264996 0.189237 0.002529 0.455245
4 4 0.095426 0.219459 0.160616 0.001739 0.522760
4 4 0.112924 0.195229 0.151914 0.002014 0.537919
4 4 0.145217 0.161479 0.124546 0.002032 0.566725
4 4 0.130874 0.190128 0.147261 0.002511 0.529226
4 4 0.108019 0.215320 0.161815 0.002240 0.512607
4 4 0.100040 0.235519 0.165183 0.002131 0.497127
4 4 0.095474 0.244911 0.164502 0.001976 0.493137
4 4 0.106130 0.289526 0.196562 0.004510 0.403272
4 4 0.116434 0.245814 0.187279 0.004109 0.446364
4 4 0.162526 0.227594 0.197737 0.009590 0.402554
4 4 0.225442 0.226108 0.232588 0.035892 0.279970
0 4 0.327415 0.215359 0.169428 0.076573 0.211225
0 4 0.401333 0.192533 0.125168 0.070901 0.210065
0 4 0.386115 0.197877 0.116963 0.038285 0.260759
4 4 0.300014 0.197999 0.113213 0.011616 0.377156
0 4 0.352865 0.190198 0.112359 0.020272 0.324306
4 4 0.289105 0.144010 0.102150 0.006819 0.457916
4 4 0.265141 0.148100 0.106270 0.005874 0.474616
4 4 0.097064 0.088371 0.072896 0.000299 0.741370
4 4 0.094581 0.118614 0.093152 0.000459 0.693194
4 4 0.083991 0.136981 0.103169 0.000458 0.675400
0 4 0.393373 0.159444 0.094314 0.017572 0.335297
0 4 0.524691 0.116981 0.077141 0.042301 0.238887
4 4 0.247975 0.135356 0.119123 0.006135 0.491411
4 4 0.307659 0.119488 0.098299 0.007125 0.467430
4 4 0.305312 0.153581 0.110252 0.009832 0.421024
4 4 0.300365 0.190585 0.117328 0.012351 0.379371
4 4 0.297958 0.229219 0.142841 0.025042 0.304939
1 4 0.246266 0.273746 0.198102 0.055438 0.226448
1 4 0.197141 0.292219 0.245090 0.057626 0.207924
1 4 0.164882 0.283031 0.252215 0.027448 0.272423
1 4 0.209362 0.255578 0.239013 0.042672 0.253374
2 4 0.226995 0.221420 0.268536 0.074263 0.208786
0 4 0.293505 0.208312 0.200432 0.078587 0.219164
2 4 0.201188 0.249133 0.259332 0.044827 0.245521
1 4 0.185061 0.275682 0.251085 0.034913 0.253259
2 4 0.105496 0.299136 0.374058 0.035702 0.185608
2 4 0.081762 0.340077 0.383904 0.029174 0.165083
2 4 0.064049 0.368552 0.376135 0.016115 0.175149
1 4 0.068484 0.364964 0.342718 0.011705 0.212129
2 4 0.047149 0.307249 0.487996 0.016560 0.141045
2 4 0.039851 0.276322 0.549173 0.019221 0.115434
2 4 0.040278 0.279977 0.543280 0.018753 0.117711
2 4 0.033030 0.241361 0.613102 0.024195 0.088312
2 4 0.030705 0.236786 0.623133 0.021432 0.087943
2 4 0.030529 0.236985 0.624567 0.022417 0.085502
2 2 0.024098 0.177784 0.703222 0.019203 0.075693
2 2 0.039999 0.146174 0.684804 0.062454 0.066569
2 2 0.043949 0.105560 0.678223 0.121865 0.050403
2 2 0.032205 0.101851 0.731259 0.090183 0.044502
2 2 0.027884 0.111424 0.746646 0.069186 0.044859
2 2 0.031443 0.120360 0.726524 0.072707 0.048965
2 2 0.057650 0.123789 0.621927 0.135831 0.060803
2 2 0.162216 0.161655 0.385415 0.184142 0.106571
2 2 0.068913 0.150527 0.590195 0.112884 0.077481
2 0 0.114264 0.189559 0.472074 0.115541 0.108561
2 0 0.226574 0.227727 0.273527 0.119302 0.152870
0 1 0.378336 0.212582 0.133551 0.095548 0.179983
0 1 0.332030 0.275921 0.131717 0.053437 0.206896
0 1 0.409285 0.228988 0.099829 0.044204 0.217693
1 1 0.184210 0.353870 0.197399 0.030516 0.234004
1 4 0.193312 0.335002 0.191536 0.027187 0.252964
1 4 0.166301 0.357590 0.212128 0.029006 0.234975
1 4 0.148728 0.366858 0.223138 0.026304 0.234972
1 4 0.158201 0.349192 0.201533 0.018362 0.272712
4 4 0.168445 0.310478 0.175329 0.010975 0.334772
4 4 0.163263 0.311092 0.187706 0.012395 0.325544
1 4 0.111995 0.334961 0.216306 0.008367 0.328371
1 4 0.103065 0.340919 0.220811 0.007596 0.327609
1 4 0.094271 0.323782 0.283645 0.010093 0.288209
4 4 0.158424 0.274604 0.231462 0.017081 0.318429
2 2 0.175883 0.267236 0.273990 0.036387 0.246504
2 2 0.102424 0.245366 0.447469 0.060369 0.144372
2 2 0.077951 0.225327 0.517181 0.074043 0.105497
2 2 0.097254 0.222104 0.478108 0.095727 0.106807
2 2 0.134912 0.232239 0.400171 0.108539 0.124138
2 2 0.152875 0.266650 0.345041 0.094211 0.141223
1 2 0.154672 0.317433 0.276424 0.038824 0.212646
4 2 0.232660 0.271270 0.185768 0.029845 0.280457
0 0 0.299507 0.225213 0.168918 0.046412 0.259950
0 0 0.324498 0.201854 0.180368 0.089992 0.203288
4 0 0.213707 0.066886 0.061157 0.001064 0.657187
4 0 0.220408 0.074237 0.066736 0.001338 0.637281
4 1 0.215159 0.093019 0.079115 0.001757 0.610950
4 1 0.201214 0.116212 0.094423 0.002181 0.585971
4 2 0.167982 0.149402 0.112007 0.002170 0.568438
4 2 0.138288 0.222701 0.152656 0.003346 0.483009
1 2 0.083857 0.324901 0.294415 0.008300 0.288527
2 2 0.039499 0.241504 0.587342 0.021597 0.110058
2 2 0.012539 0.085223 0.829520 0.044175 0.028542
2 2 0.008781 0.062738 0.865311 0.042328 0.020842
2 2 0.007512 0.051506 0.877187 0.046411 0.017383
2 2 0.006341 0.039218 0.886380 0.054295 0.013765
2 2 0.005608 0.034500 0.893459 0.054251 0.012182
2 2 0.005085 0.032181 0.896622 0.054888 0.011225
2 2 0.005479 0.036881 0.896605 0.048417 0.012618
2 2 0.006021 0.041212 0.889830 0.049003 0.013935
2 2 0.005096 0.035155 0.893485 0.054492 0.011771
2 2 0.005487 0.040368 0.891994 0.048935 0.013217
2 2 0.005168 0.036461 0.892995 0.053275 0.012100
2 2 0.004931 0.031218 0.889001 0.064122 0.010728
2 2 0.004324 0.027643 0.894045 0.064508 0.009481
2 2 0.005204 0.031571 0.885947 0.066255 0.011023
2 2 0.004489 0.028013 0.890158 0.067675 0.009665
2 2 0.003967 0.025989 0.896013 0.065212 0.008819
2 2 0.003674 0.024475 0.895788 0.067841 0.008222
2 2 0.003941 0.028192 0.896322 0.062331 0.009214
2 2 0.004367 0.034281 0.898396 0.052078 0.010878
2 2 0.004558 0.035826 0.899128 0.049072 0.011416
2 2 0.003969 0.028136 0.900377 0.058220 0.009297
2 2 0.004575 0.031210 0.898067 0.055633 0.010514
2 2 0.006005 0.038854 0.885012 0.056825 0.013304
2 2 0.006140 0.038709 0.880260 0.061586 0.013305
2 2 0.006109 0.038408 0.874412 0.067980 0.013091
2 2 0.005573 0.034977 0.874295 0.073285 0.011871
2 2 0.005449 0.030654 0.857533 0.095689 0.010676
2 2 0.005386 0.029115 0.850744 0.104511 0.010244
2 2 0.004785 0.025714 0.851251 0.109192 0.009058
2 2 0.004042 0.023287 0.862001 0.102650 0.008020
2 2 0.003492 0.021793 0.876555 0.090818 0.007341
2 2 0.003055 0.020283 0.885616 0.084342 0.006705
2 2 0.003649 0.022716 0.878787 0.087162 0.007686
2 2 0.004108 0.025123 0.875085 0.087135 0.008549
2 2 0.004029 0.025382 0.878585 0.083449 0.008556
2 2 0.003776 0.023522 0.880018 0.084712 0.007973
2 2 0.003311 0.021606 0.885899 0.081975 0.007209
2 2 0.010598 0.061282 0.846271 0.060185 0.021664
2 2 0.025066 0.129617 0.746497 0.051279 0.047541
2 2 0.031322 0.151198 0.705846 0.055336 0.056299
2 2 0.030459 0.181636 0.682778 0.042694 0.062432
2 2 0.034707 0.212589 0.640399 0.040518 0.071787
2 2 0.041575 0.235821 0.598127 0.043294 0.081183
2 2 0.044529 0.270085 0.556626 0.038603 0.090157
2 2 0.040205 0.237738 0.600152 0.041221 0.080683
2 2 0.014352 0.087631 0.804486 0.063860 0.029672
2 2 0.012407 0.074452 0.818474 0.069318 0.025349
2 2 0.009731 0.059521 0.837540 0.073075 0.020133
2 2 0.009377 0.062409 0.845147 0.062458 0.020609
2 2 0.008925 0.061989 0.850248 0.058629 0.020210
2 2 0.008282 0.058067 0.855396 0.059392 0.018864
2 2 0.008645 0.061809 0.851644 0.057992 0.019910
2 2 0.010146 0.055124 0.828843 0.086499 0.019386
2 2 0.009417 0.056198 0.838663 0.076555 0.019167
2 2 0.007624 0.049250 0.857243 0.069453 0.016430
2 2 0.008462 0.040580 0.820375 0.115803 0.014781
2 2 0.014539 0.058530 0.784468 0.119264 0.023199
2 2 0.020903 0.080347 0.768459 0.095639 0.034652
2 2 0.019189 0.083073 0.776381 0.088663 0.032693
2 2 0.013644 0.058187 0.801821 0.103984 0.022364
2 2 0.012419 0.050718 0.812730 0.104169 0.019964
2 2 0.016898 0.074222 0.795119 0.085262 0.028500
2 2 0.015797 0.093275 0.805939 0.052360 0.032629
2 2 0.011579 0.083761 0.835202 0.042039 0.027419
2 2 0.008581 0.057482 0.864381 0.050164 0.019393
2 2 0.007677 0.047598 0.870236 0.058001 0.016488
2 2 0.008021 0.050562 0.868522 0.055464 0.017431
2 2 0.008869 0.060045 0.861999 0.048903 0.020183
2 2 0.007537 0.053806 0.873627 0.047256 0.017774
2 2 0.007181 0.050491 0.873319 0.052351 0.016658
2 2 0.005173 0.035837 0.885991 0.061166 0.011833
2 2 0.005347 0.036161 0.878482 0.068070 0.011941
2 2 0.004463 0.028299 0.872470 0.085303 0.009465
2 2 0.004334 0.027139 0.869164 0.090278 0.009085
2 2 0.003970 0.022657 0.852519 0.113093 0.007761
2 2 0.005283 0.031843 0.854760 0.097397 0.010717
2 2 0.005073 0.030072 0.852323 0.102372 0.010160
2 2 0.005358 0.033380 0.858747 0.091389 0.011127
2 2 0.004518 0.026419 0.855606 0.104465 0.008992
2 2 0.004412 0.027072 0.870091 0.089266 0.009158
2 2 0.004222 0.024343 0.865518 0.097500 0.008417
2 2 0.004776 0.028254 0.873791 0.083403 0.009776
2 2 0.005098 0.027992 0.863181 0.093827 0.009901
2 2 0.006490 0.038033 0.857185 0.085208 0.013084
2 2 0.007297 0.045664 0.857207 0.074452 0.015380
2 2 0.007977 0.053225 0.856349 0.064873 0.017576
2 2 0.008719 0.057436 0.853783 0.060909 0.019153
2 2 0.008709 0.056979 0.853418 0.061858 0.019036
