0 0 0.789981 0.082546 0.049857 0.016694 0.060922
0 0 0.666315 0.118942 0.080038 0.017143 0.117562
0 0 0.617008 0.131782 0.096186 0.020183 0.134841
0 0 0.631161 0.126049 0.084468 0.013875 0.144447
0 0 0.742014 0.088561 0.042473 0.004160 0.122791
0 0 0.766184 0.080346 0.035771 0.003206 0.114494
0 0 0.799154 0.069340 0.027875 0.002258 0.101372
0 0 0.895148 0.038907 0.011599 0.000888 0.053458
0 0 0.841645 0.056420 0.016866 0.001205 0.083863
0 0 0.901566 0.041886 0.013118 0.001929 0.041501
0 0 0.951926 0.022137 0.005052 0.000731 0.020154
0 0 0.854404 0.051628 0.012896 0.000806 0.080265
0 0 0.492294 0.140704 0.048321 0.002086 0.316596
0 0 0.506959 0.136175 0.044585 0.001841 0.310440
0 0 0.496241 0.145416 0.057109 0.003024 0.298210
0 0 0.459518 0.160468 0.076655 0.005231 0.298129
0 0 0.618324 0.130749 0.073944 0.009672 0.167310
0 0 0.641316 0.120288 0.062823 0.006628 0.168945
0 0 0.764239 0.086332 0.040872 0.005259 0.103299
0 0 0.648691 0.116501 0.055979 0.005155 0.173675
0 0 0.642924 0.120315 0.062907 0.006783 0.167071
0 0 0.547348 0.139503 0.064701 0.004659 0.243787
0 0 0.460458 0.159636 0.074876 0.004976 0.300054
0 0 0.485860 0.155818 0.077287 0.005752 0.275282
0 0 0.517204 0.148976 0.075102 0.005934 0.252784
0 0 0.768882 0.087368 0.047923 0.009046 0.086780
0 0 0.709382 0.103241 0.059312 0.008828 0.119237
0 0 0.692678 0.108813 0.065653 0.010523 0.122333
0 0 0.695752 0.106609 0.061844 0.008764 0.127031
0 0 0.654074 0.118326 0.073691 0.010549 0.143358
0 0 0.747477 0.094020 0.053821 0.010191 0.094492
0 0 0.781544 0.085140 0.052532 0.017595 0.063189
0 0 0.885763 0.046994 0.026175 0.020051 0.021018
0 0 0.885597 0.040847 0.024870 0.035540 0.013145
0 0 0.860056 0.050402 0.032473 0.038764 0.018306
0 0 0.793900 0.066591 0.050536 0.064450 0.024523
0 0 0.767488 0.080913 0.061466 0.052717 0.037416
0 0 0.702062 0.100355 0.083589 0.062132 0.051862
0 0 0.652196 0.116037 0.101372 0.062850 0.067545
0 0 0.627954 0.120254 0.111704 0.072852 0.067235
0 0 0.651397 0.119043 0.101027 0.052842 0.075691
0 0 0.599150 0.134520 0.118509 0.050632 0.097189
0 0 0.606831 0.133960 0.113535 0.042396 0.103277
0 0 0.322959 0.180103 0.309962 0.075355 0.111621
2 0 0.227343 0.184558 0.400727 0.072232 0.115139
2 0 0.199535 0.185103 0.421722 0.074640 0.119000
0 0 0.388006 0.181277 0.211534 0.057330 0.161853
0 0 0.464314 0.166590 0.168294 0.056500 0.144302
0 0 0.567150 0.145075 0.119754 0.030877 0.137144
0 0 0.464309 0.169680 0.121665 0.016705 0.227640
0 0 0.447041 0.163980 0.080268 0.005605 0.303106
0 0 0.466350 0.163256 0.090255 0.007754 0.272384
0 0 0.430213 0.173966 0.107271 0.010461 0.278089
0 0 0.428275 0.174738 0.109651 0.010962 0.276374
0 0 0.457720 0.167696 0.104079 0.010583 0.259923
0 0 0.489084 0.161187 0.105947 0.012345 0.231437
0 0 0.506011 0.156387 0.097683 0.010725 0.229193
0 0 0.551771 0.144325 0.086207 0.009379 0.208318
0 0 0.565363 0.138143 0.072800 0.006503 0.217190
0 0 0.596219 0.127801 0.060088 0.004673 0.211220
0 0 0.696516 0.106160 0.061162 0.008497 0.127664
0 0 0.636227 0.124614 0.082686 0.013477 0.142995
0 0 0.648195 0.122767 0.083307 0.015839 0.129891
0 0 0.762705 0.092354 0.055255 0.016607 0.073079
0 0 0.811048 0.077197 0.042962 0.016447 0.052346
0 0 0.823300 0.072983 0.039720 0.015627 0.048371
0 0 0.684161 0.116482 0.059498 0.009538 0.130321
0 0 0.533589 0.154851 0.100907 0.014624 0.196031
0 0 0.369345 0.190242 0.144601 0.018172 0.277639
4 1 0.194597 0.221641 0.230918 0.037094 0.315750
2 1 0.116664 0.222435 0.359954 0.053304 0.247644
2 1 0.048264 0.196735 0.555881 0.042077 0.157043
2 2 0.028579 0.153852 0.693386 0.038541 0.085642
2 2 0.009247 0.077666 0.862367 0.029527 0.021193
2 2 0.005247 0.053336 0.905801 0.025251 0.010365
2 1 0.003794 0.044038 0.922701 0.022181 0.007287
2 2 0.004974 0.049503 0.910423 0.026165 0.008934
2 2 0.004875 0.043766 0.914421 0.030010 0.006928
2 2 0.007654 0.047778 0.891614 0.045133 0.007821
2 2 0.010220 0.051214 0.872519 0.057320 0.008727
2 2 0.015913 0.064092 0.843751 0.063214 0.013030
2 2 0.013545 0.060575 0.855252 0.058788 0.011841
2 0 0.012346 0.061151 0.857680 0.056482 0.012341
2 1 0.009059 0.052187 0.880719 0.048837 0.009198
2 2 0.007672 0.054141 0.889536 0.038514 0.010137
2 2 0.004192 0.041290 0.921122 0.027121 0.006275
2 2 0.002225 0.026921 0.945704 0.022302 0.002848
2 2 0.001641 0.021186 0.954235 0.021116 0.001822
2 2 0.001866 0.022901 0.950866 0.022271 0.002096
2 2 0.003042 0.025338 0.934474 0.034746 0.002400
2 2 0.006878 0.039218 0.897307 0.051319 0.005278
2 2 0.014758 0.060042 0.851345 0.062415 0.011440
2 2 0.030776 0.087504 0.789442 0.069494 0.022785
2 2 0.051958 0.110355 0.734537 0.068433 0.034717
2 2 0.111009 0.153369 0.597248 0.068654 0.069721
2 2 0.203624 0.182240 0.446416 0.056716 0.111004
0 2 0.385017 0.183062 0.223475 0.036071 0.172374
2 2 0.265860 0.190776 0.350897 0.050468 0.142000
0 0 0.376952 0.184501 0.222553 0.038443 0.177551
2 0 0.240588 0.193693 0.353561 0.059782 0.152376
2 1 0.179708 0.189579 0.415310 0.076906 0.138497
2 2 0.084546 0.194058 0.505364 0.067732 0.148299
2 2 0.040208 0.175775 0.623759 0.043979 0.116279
2 2 0.023141 0.156351 0.699722 0.029521 0.091265
2 2 0.006816 0.090408 0.855237 0.016672 0.030867
2 2 0.002862 0.043463 0.930099 0.016163 0.007413
2 2 0.001699 0.026477 0.952400 0.016552 0.002872
2 2 0.001452 0.021227 0.957229 0.018226 0.001865
2 2 0.001258 0.016335 0.959860 0.021434 0.001113
2 2 0.001594 0.016046 0.952348 0.028978 0.001034
2 3 0.001979 0.018148 0.940394 0.037925 0.001553
2 2 0.001835 0.016825 0.920164 0.058981 0.002195
2 2 0.001776 0.016160 0.901801 0.077502 0.002760
2 2 0.001672 0.015425 0.894324 0.085682 0.002897
2 2 0.001700 0.015426 0.890098 0.089824 0.002952
2 2 0.001680 0.015014 0.887224 0.093312 0.002770
2 2 0.001504 0.013448 0.876493 0.106100 0.002456
2 2 0.001655 0.013873 0.865321 0.116583 0.002568
2 2 0.002076 0.014660 0.809009 0.170846 0.003410
2 2 0.002147 0.013539 0.735650 0.244765 0.003900
2 3 0.001206 0.007876 0.577145 0.410284 0.003489
3 2 0.001124 0.006431 0.463020 0.526013 0.003413
3 2 0.001198 0.006010 0.396935 0.592394 0.003463
3 2 0.001195 0.005550 0.353703 0.636183 0.003369
3 2 0.000985 0.004322 0.289303 0.702523 0.002867
3 2 0.001067 0.004699 0.300563 0.690468 0.003203
3 2 0.001230 0.005373 0.327937 0.662100 0.003360
3 2 0.001294 0.005918 0.359515 0.629649 0.003625
3 2 0.001448 0.006386 0.362317 0.625945 0.003904
3 2 0.001390 0.006406 0.379700 0.608718 0.003787
3 2 0.001578 0.007404 0.421010 0.565947 0.004061
3 2 0.001887 0.009151 0.485161 0.499189 0.004611
3 2 0.001983 0.009278 0.472460 0.511485 0.004794
3 2 0.001680 0.007888 0.438761 0.547527 0.004144
3 2 0.001559 0.006691 0.369511 0.618401 0.003839
3 2 0.001626 0.006483 0.336627 0.651313 0.003951
3 2 0.001621 0.006176 0.309534 0.678630 0.004039
3 2 0.001620 0.006076 0.296493 0.691543 0.004268
3 2 0.001466 0.005812 0.301097 0.687429 0.004196
3 2 0.001634 0.007054 0.367468 0.619270 0.004574
3 2 0.001912 0.008417 0.415119 0.569517 0.005034
3 2 0.001968 0.008638 0.419144 0.565083 0.005168
3 3 0.001557 0.006709 0.361074 0.626429 0.004231
3 2 0.001423 0.005833 0.321596 0.667406 0.003742
3 2 0.001349 0.005667 0.324112 0.665252 0.003620
3 2 0.001422 0.005796 0.318031 0.670991 0.003761
3 2 0.001235 0.005053 0.289729 0.700404 0.003579
3 2 0.001176 0.004950 0.289621 0.700587 0.003665
3 3 0.001060 0.004395 0.261581 0.729413 0.003550
3 2 0.000961 0.003934 0.239098 0.752624 0.003383
3 2 0.000954 0.003770 0.224225 0.767701 0.003350
3 3 0.000924 0.003703 0.228184 0.764047 0.003142
3 3 0.000970 0.004041 0.252424 0.739354 0.003211
3 2 0.001174 0.004943 0.291122 0.699171 0.003589
3 2 0.001086 0.004885 0.309371 0.681225 0.003434
3 2 0.001141 0.005159 0.322841 0.667368 0.003491
3 3 0.001357 0.006146 0.350506 0.637738 0.004252
3 3 0.001266 0.005639 0.323998 0.664896 0.004201
3 2 0.001297 0.005454 0.296549 0.692314 0.004385
3 2 0.001035 0.004231 0.247555 0.743508 0.003670
3 2 0.000876 0.003592 0.227353 0.765063 0.003117
3 2 0.000877 0.003806 0.254752 0.737581 0.002984
3 2 0.000980 0.004394 0.289775 0.701684 0.003168
3 2 0.001158 0.005257 0.327451 0.662589 0.003544
3 2 0.001555 0.007083 0.393319 0.593803 0.004239
3 2 0.001753 0.008287 0.453593 0.532107 0.004259
3 2 0.001606 0.008268 0.491279 0.494887 0.003960
3 2 0.001794 0.008284 0.444739 0.540893 0.004289
3 2 0.001805 0.007850 0.407631 0.578392 0.004322
3 2 0.002041 0.007171 0.314716 0.671520 0.004552
3 2 0.001515 0.005008 0.232913 0.756688 0.003875
3 2 0.001191 0.003465 0.163754 0.828611 0.002979
3 2 0.001004 0.002783 0.136927 0.856813 0.002472
3 2 0.001163 0.003261 0.155531 0.837378 0.002667
3 2 0.000933 0.002972 0.168922 0.824856 0.002316
3 2 0.001045 0.003617 0.212844 0.780063 0.002431
3 2 0.000978 0.003728 0.244606 0.748457 0.002230
3 2 0.001363 0.005105 0.294166 0.696630 0.002737
3 2 0.001330 0.005078 0.298250 0.692623 0.002719
3 2 0.001587 0.006789 0.389016 0.599301 0.003307
2 2 0.023305 0.080554 0.796047 0.079368 0.020725
2 2 0.062278 0.131187 0.660848 0.091059 0.054628
2 2 0.085719 0.149969 0.600977 0.090326 0.073009
2 0 0.066763 0.149849 0.618415 0.088829 0.076143
2 0 0.025944 0.116778 0.758133 0.053513 0.045631
2 1 0.019123 0.131962 0.755117 0.031517 0.062281
2 1 0.010502 0.109095 0.815494 0.021073 0.043836
2 1 0.004738 0.066353 0.895479 0.016697 0.016734
2 2 0.003465 0.051214 0.918841 0.016329 0.010151
2 2 0.004524 0.063530 0.899811 0.016772 0.015362
2 2 0.007584 0.093996 0.847467 0.017884 0.033068
2 2 0.013680 0.143756 0.744015 0.018543 0.080006
2 2 0.018819 0.169537 0.676254 0.019994 0.115395
2 2 0.027082 0.207374 0.549924 0.019316 0.196305
2 4 0.029416 0.218972 0.497347 0.017909 0.236355
2 4 0.032366 0.230638 0.423021 0.015854 0.298122
2 4 0.030406 0.229603 0.431100 0.015082 0.293809
2 4 0.031858 0.232326 0.407061 0.014794 0.313960
2 4 0.028510 0.226774 0.451755 0.014893 0.278068
2 4 0.030607 0.229705 0.430338 0.015166 0.294183
2 4 0.032253 0.229624 0.431310 0.016206 0.290606
2 4 0.031073 0.226781 0.451941 0.016537 0.273668
2 4 0.028591 0.222468 0.478857 0.016289 0.253795
2 4 0.026442 0.216730 0.509518 0.016361 0.230950
2 4 0.026367 0.219119 0.497444 0.015675 0.241395
2 4 0.026669 0.220424 0.490441 0.015538 0.246928
2 4 0.026482 0.223119 0.474953 0.014662 0.260783
2 4 0.025759 0.218258 0.501965 0.015462 0.238555
2 4 0.027728 0.224547 0.466362 0.015082 0.266281
2 4 0.030389 0.226017 0.457049 0.016360 0.270185
2 4 0.032905 0.233598 0.393646 0.014745 0.325107
2 4 0.031688 0.230581 0.423346 0.015470 0.298916
2 4 0.026316 0.220618 0.489382 0.015237 0.248448
2 4 0.024791 0.215908 0.513822 0.015341 0.230139
2 4 0.025252 0.217688 0.504915 0.015239 0.236906
2 4 0.022977 0.203582 0.567228 0.016745 0.189468
2 4 0.021635 0.196919 0.592269 0.017002 0.172175
2 4 0.019112 0.173826 0.664674 0.019376 0.123012
2 2 0.016922 0.151590 0.721555 0.021711 0.088221
2 2 0.016772 0.145189 0.735386 0.023151 0.079502
2 2 0.015738 0.134305 0.758869 0.024468 0.066619
2 2 0.011775 0.111192 0.808629 0.023417 0.044987
2 2 0.011040 0.107775 0.816093 0.022757 0.042335
2 2 0.009233 0.096126 0.839103 0.021828 0.033709
2 2 0.008036 0.085552 0.857846 0.021904 0.026662
2 2 0.006795 0.075739 0.875141 0.021317 0.021008
2 2 0.006605 0.074580 0.877342 0.021062 0.020411
2 2 0.006401 0.071188 0.882210 0.021642 0.018558
2 2 0.010654 0.075818 0.857836 0.035946 0.019745
2 2 0.045026 0.108152 0.733555 0.078147 0.035120
2 2 0.120180 0.155366 0.589390 0.064492 0.070572
2 2 0.251002 0.185625 0.394829 0.047895 0.120648
0 2 0.347726 0.186012 0.278171 0.036703 0.151389
0 2 0.380586 0.183621 0.230153 0.034449 0.171191
0 2 0.444131 0.172631 0.182888 0.035607 0.164743
0 2 0.509386 0.158101 0.146364 0.043736 0.142413
0 2 0.371864 0.184442 0.215344 0.055311 0.173039
2 2 0.159553 0.207912 0.376103 0.065926 0.190507
2 2 0.080335 0.232313 0.351550 0.036006 0.299796
2 2 0.045266 0.210182 0.517425 0.033170 0.193958
0 2 0.313826 0.188914 0.290859 0.058975 0.147427
0 2 0.403821 0.179333 0.202794 0.049593 0.164460
0 0 0.420667 0.176209 0.168158 0.033790 0.201177
0 1 0.354638 0.188025 0.231597 0.039963 0.185777
0 1 0.335101 0.188907 0.272296 0.040582 0.163115
2 2 0.284697 0.188236 0.345894 0.046718 0.134455
2 2 0.305530 0.185810 0.332996 0.047191 0.128473
0 2 0.373529 0.181757 0.258737 0.046514 0.139463
0 2 0.395681 0.178640 0.238666 0.049028 0.137985
0 2 0.406158 0.175888 0.231014 0.056173 0.130768
0 2 0.411367 0.177221 0.208340 0.052501 0.150571
0 2 0.309475 0.186893 0.288343 0.077098 0.138192
0 0 0.330021 0.188170 0.244546 0.073875 0.163388
2 1 0.120743 0.201196 0.431102 0.076277 0.170681
2 1 0.042216 0.185851 0.595934 0.041407 0.134592
2 1 0.022105 0.146269 0.722183 0.031434 0.078009
2 1 0.015056 0.116832 0.790600 0.028916 0.048597
2 2 0.013058 0.102864 0.817188 0.029636 0.037254
2 2 0.012093 0.092407 0.834127 0.031630 0.029742
2 2 0.013389 0.076837 0.844198 0.045829 0.019747
2 2 0.020888 0.079166 0.815569 0.064631 0.019747
2 2 0.059608 0.114216 0.727016 0.063124 0.036036
2 2 0.101748 0.142433 0.638466 0.060943 0.056410
2 2 0.133941 0.156384 0.583133 0.057235 0.069307
2 2 0.163272 0.167719 0.529640 0.055870 0.083499
2 2 0.189517 0.174756 0.488072 0.053362 0.094293
0 2 0.319705 0.184921 0.316154 0.051035 0.128185
0 2 0.358727 0.185192 0.256762 0.046700 0.152619
0 2 0.350859 0.184439 0.260936 0.060977 0.142789
2 2 0.150866 0.176163 0.488521 0.080784 0.103666
2 2 0.081220 0.143726 0.625751 0.084696 0.064607
2 2 0.053730 0.131762 0.675946 0.082724 0.055838
2 2 0.033791 0.132185 0.715720 0.059229 0.059074
2 2 0.011566 0.080740 0.849090 0.036258 0.022347
2 2 0.006270 0.053554 0.899065 0.030925 0.010186
2 2 0.006244 0.054118 0.898864 0.030356 0.010419
2 2 0.007462 0.058831 0.888152 0.033447 0.012109
2 2 0.022710 0.093420 0.792876 0.062662 0.028332
2 2 0.034584 0.092872 0.776213 0.070800 0.025531
2 2 0.092466 0.141063 0.642423 0.067084 0.056964
2 2 0.158924 0.172041 0.513357 0.062949 0.092730
2 2 0.233803 0.191396 0.375412 0.058484 0.140905
0 2 0.318030 0.192000 0.262362 0.050755 0.176853
0 2 0.398780 0.179335 0.204857 0.057796 0.159232
0 2 0.328275 0.186093 0.262759 0.077746 0.145127
2 2 0.152424 0.191173 0.427297 0.083976 0.145131
2 2 0.080404 0.202623 0.491074 0.058199 0.167700
2 2 0.037517 0.185334 0.605728 0.036646 0.134775
2 2 0.024285 0.148671 0.712788 0.034031 0.080225
2 2 0.015406 0.112098 0.796761 0.031600 0.044135
2 2 0.010897 0.086576 0.845612 0.030734 0.026181
2 2 0.012556 0.097289 0.826339 0.030696 0.033121
2 2 0.013744 0.106553 0.809834 0.029861 0.040008
2 2 0.011552 0.097099 0.830041 0.027949 0.033360
2 2 0.009713 0.087237 0.849397 0.026602 0.027051
2 2 0.007327 0.069488 0.879708 0.026207 0.017270
2 2 0.006522 0.062277 0.890770 0.026512 0.013919
2 2 0.005253 0.054004 0.905229 0.024876 0.010638
2 2 0.003729 0.043237 0.923738 0.022265 0.007031
2 2 0.002962 0.035214 0.934929 0.022145 0.004751
0 2 0.529183 0.149571 0.147325 0.065858 0.108062
0 2 0.671988 0.102946 0.092496 0.083986 0.048585
0 2 0.731657 0.088377 0.072451 0.067634 0.039880
0 2 0.684097 0.105120 0.089842 0.065623 0.055319
0 0 0.643037 0.121487 0.103912 0.053006 0.078557
0 0 0.490116 0.160628 0.159211 0.057782 0.132263
0 0 0.385962 0.182170 0.197563 0.055409 0.178896
2 0 0.126086 0.197425 0.458252 0.067577 0.150659
2 1 0.036065 0.146362 0.689018 0.054076 0.074480
2 1 0.017979 0.111954 0.789125 0.037777 0.043164
2 1 0.012092 0.087460 0.839889 0.034167 0.026392
2 2 0.006917 0.056644 0.892934 0.032204 0.011301
2 2 0.015417 0.064718 0.850723 0.055965 0.013177
2 2 0.034516 0.089781 0.788318 0.064221 0.023164
2 2 0.043115 0.100264 0.761987 0.066022 0.028611
2 2 0.046889 0.106119 0.744654 0.069861 0.032477
2 2 0.059788 0.122717 0.694389 0.078196 0.044910
2 2 0.060925 0.127197 0.676794 0.085173 0.049911
2 0 0.056679 0.136300 0.654465 0.090944 0.061613
2 1 0.043114 0.161736 0.646172 0.055234 0.093744
2 2 0.023399 0.151757 0.708647 0.031499 0.084698
2 2 0.011942 0.115302 0.801486 0.022531 0.048739
2 2 0.006639 0.076193 0.875239 0.020572 0.021357
2 2 0.004202 0.054752 0.910938 0.018774 0.011335
2 2 0.003148 0.043357 0.928071 0.018161 0.007263
2 2 0.002656 0.037508 0.936388 0.017936 0.005513
2 2 0.002482 0.036278 0.938750 0.017291 0.005198
2 2 0.002222 0.033112 0.943222 0.017068 0.004375
2 2 0.002153 0.033059 0.943931 0.016474 0.004383
2 2 0.002143 0.032808 0.944188 0.016544 0.004317
2 2 0.002119 0.031821 0.945020 0.016981 0.004059
2 2 0.004187 0.043470 0.920022 0.025334 0.006986
2 2 0.007716 0.057159 0.887667 0.036112 0.011346
2 2 0.009084 0.056902 0.879192 0.043817 0.011005
2 1 0.006704 0.047289 0.898935 0.039286 0.007787
2 1 0.007317 0.048971 0.893903 0.041532 0.008278
2 2 0.011092 0.065564 0.863188 0.045710 0.014446
2 1 0.014847 0.088385 0.827876 0.042578 0.026314
2 2 0.011492 0.088819 0.840681 0.031533 0.027475
2 2 0.004542 0.045329 0.916202 0.026395 0.007532
2 2 0.010844 0.059026 0.870157 0.048436 0.011537
2 2 0.041560 0.096119 0.775370 0.061198 0.025753
2 2 0.086212 0.130828 0.678450 0.058328 0.046182
2 2 0.124060 0.149926 0.608967 0.055271 0.061776
2 2 0.222931 0.181084 0.439046 0.049858 0.107081
2 2 0.272268 0.189805 0.350750 0.048243 0.138933
0 1 0.493010 0.161643 0.168069 0.044033 0.133245
0 1 0.605990 0.135060 0.110960 0.035704 0.112287
0 1 0.479972 0.164795 0.154316 0.040553 0.160363
0 2 0.400888 0.180154 0.181041 0.040046 0.197871
4 2 0.185946 0.223191 0.230388 0.035865 0.324610
2 2 0.056807 0.218212 0.467834 0.037423 0.219724
2 2 0.038427 0.185701 0.603169 0.037462 0.135241
2 2 0.036335 0.174511 0.634203 0.039955 0.114996
2 1 0.028965 0.150568 0.698710 0.040591 0.081167
2 2 0.022766 0.137384 0.736818 0.036040 0.066991
2 2 0.022446 0.140612 0.731914 0.034152 0.070875
2 2 0.025198 0.165360 0.676086 0.029389 0.103966
2 2 0.030156 0.193550 0.594251 0.026081 0.155961
2 2 0.026012 0.192599 0.602437 0.022261 0.156691
2 2 0.092236 0.148120 0.613828 0.078558 0.067259
2 2 0.178308 0.182164 0.459078 0.066587 0.113862
2 2 0.276353 0.194654 0.307092 0.053795 0.168106
0 2 0.372210 0.185245 0.205276 0.045465 0.191803
0 1 0.343167 0.189300 0.213807 0.054205 0.199520
0 1 0.287430 0.197864 0.236310 0.055325 0.223070
2 1 0.126909 0.210577 0.411234 0.060764 0.190516
2 1 0.078493 0.186282 0.541476 0.064700 0.129049
2 1 0.041074 0.132698 0.694883 0.072359 0.058986
2 2 0.051978 0.119159 0.699725 0.085234 0.043905
2 2 0.076114 0.135374 0.657449 0.076507 0.054556
2 2 0.191929 0.182763 0.450197 0.061543 0.113569
2 2 0.261433 0.191204 0.352409 0.051812 0.143143
0 2 0.318237 0.191736 0.271284 0.045313 0.173430
0 2 0.455177 0.169393 0.153728 0.030707 0.190995
0 0 0.454682 0.170040 0.162298 0.039815 0.173165
0 0 0.593340 0.138481 0.108434 0.026244 0.133500
0 1 0.602403 0.132821 0.091237 0.013995 0.159545
0 1 0.627222 0.123735 0.077431 0.009719 0.161893
0 1 0.505920 0.156555 0.124859 0.019922 0.192744
0 0 0.541383 0.147545 0.109890 0.016385 0.184797
0 0 0.624301 0.124587 0.078450 0.009907 0.162754
0 0 0.679364 0.107786 0.058310 0.006232 0.148309
0 1 0.710836 0.092392 0.033902 0.002090 0.160781
0 1 0.694841 0.103205 0.055036 0.005872 0.141046
0 0 0.559772 0.140633 0.078452 0.007601 0.213543
0 0 0.486505 0.157559 0.083646 0.006910 0.265380
0 0 0.556936 0.140233 0.062507 0.004822 0.235502
0 0 0.650056 0.126369 0.081649 0.017918 0.124008
0 0 0.689846 0.112681 0.081114 0.025687 0.090673
0 0 0.666591 0.119153 0.080958 0.018141 0.115157
0 0 0.617512 0.125998 0.063953 0.006177 0.186359
0 0 0.674070 0.108525 0.046539 0.003881 0.166985
0 0 0.625938 0.121182 0.058116 0.004931 0.189834
0 0 0.633534 0.125053 0.076980 0.010903 0.153529
0 0 0.645789 0.122884 0.077928 0.012580 0.140819
0 0 0.616012 0.130825 0.082206 0.012099 0.158858
0 0 0.697402 0.108225 0.060955 0.009281 0.124137
0 0 0.706211 0.109235 0.065040 0.013887 0.105627
0 0 0.750611 0.096877 0.059143 0.019278 0.074090
0 0 0.791519 0.080970 0.052365 0.028535 0.046611
0 0 0.829767 0.071696 0.036325 0.013311 0.048901
0 0 0.845562 0.065631 0.031058 0.009576 0.048173
0 0 0.853709 0.061125 0.029029 0.007560 0.048577
0 1 0.878709 0.051526 0.022816 0.005539 0.041410
0 1 0.868194 0.054753 0.024107 0.005027 0.047919
0 0 0.828410 0.068569 0.033769 0.007033 0.062219
0 1 0.755048 0.090226 0.048442 0.007644 0.098639
0 1 0.677046 0.112005 0.067233 0.009630 0.134085
0 1 0.480558 0.163355 0.112807 0.013909 0.229370
0 1 0.331129 0.198596 0.154211 0.019096 0.296969
4 2 0.276615 0.209459 0.185434 0.026228 0.302264
2 2 0.143961 0.227858 0.296944 0.041672 0.289565
2 2 0.116641 0.220950 0.385848 0.049899 0.226662
2 2 0.073757 0.182544 0.557323 0.064212 0.122164
2 2 0.038806 0.136827 0.695897 0.065066 0.063404
2 2 0.044438 0.109743 0.727041 0.081905 0.036873
2 2 0.052346 0.114555 0.718482 0.075852 0.038765
2 2 0.055923 0.114449 0.723052 0.069184 0.037392
2 2 0.059616 0.117582 0.714547 0.068896 0.039360
2 2 0.026944 0.092242 0.796883 0.058031 0.025900
2 2 0.018763 0.081782 0.825314 0.052914 0.021227
2 2 0.020108 0.089282 0.811751 0.053248 0.025610
2 2 0.046721 0.113325 0.739071 0.063425 0.037459
2 2 0.139373 0.163827 0.553000 0.063222 0.080578
2 2 0.274690 0.189096 0.352759 0.047079 0.136375
2 2 0.215998 0.183681 0.431568 0.054458 0.114295
0 2 0.326469 0.190464 0.270964 0.043048 0.169054
0 2 0.507449 0.157054 0.127665 0.022077 0.185755
0 0 0.673430 0.115703 0.075242 0.014167 0.121457
0 1 0.690204 0.109814 0.067078 0.011080 0.121824
0 1 0.400210 0.175810 0.091393 0.006626 0.325961
4 1 0.260673 0.198592 0.100475 0.005854 0.434406
4 0 0.235860 0.206267 0.115032 0.007481 0.435360
4 1 0.158388 0.217700 0.134088 0.008833 0.480992
4 1 0.096555 0.229951 0.201158 0.019368 0.452967
4 1 0.061634 0.236525 0.290714 0.022513 0.388614
2 1 0.040590 0.224307 0.460971 0.023672 0.250460
2 1 0.031799 0.204915 0.554608 0.024038 0.184641
2 2 0.019221 0.158521 0.702186 0.023253 0.096818
2 2 0.014977 0.135402 0.758437 0.022792 0.068393
2 2 0.013985 0.125157 0.779518 0.023866 0.057475
2 2 0.012429 0.105806 0.814977 0.026853 0.039935
2 2 0.016942 0.093244 0.814828 0.045893 0.029093
2 2 0.070787 0.130792 0.672080 0.075785 0.050556
2 2 0.174871 0.175329 0.492962 0.059568 0.097269
2 2 0.260759 0.189576 0.363670 0.050074 0.135921
0 2 0.336644 0.189856 0.255871 0.042043 0.175586
0 0 0.467150 0.166756 0.147794 0.028723 0.189577
0 1 0.590272 0.139109 0.116070 0.036166 0.118383
0 1 0.637738 0.126969 0.098805 0.030781 0.105707
0 2 0.525483 0.154679 0.131228 0.029712 0.158898
0 2 0.418791 0.176177 0.165790 0.031156 0.208086
0 0 0.467058 0.166175 0.144307 0.025870 0.196591
0 0 0.526484 0.154177 0.128480 0.027205 0.163654
0 0 0.557485 0.147095 0.128037 0.039161 0.128222
0 1 0.551601 0.149821 0.124882 0.033072 0.140623
0 1 0.390132 0.188507 0.132642 0.016630 0.272089
4 1 0.207070 0.216701 0.144676 0.011811 0.419741
4 1 0.092493 0.227443 0.181537 0.014966 0.483561
4 1 0.060117 0.229407 0.213945 0.016405 0.480126
2 1 0.040568 0.235903 0.364443 0.017294 0.341793
4 4 0.041526 0.236817 0.344386 0.016671 0.360601
4 4 0.042395 0.237164 0.330116 0.016314 0.374011
4 4 0.048500 0.233455 0.246020 0.014344 0.457681
4 4 0.049773 0.217605 0.166639 0.010708 0.555274
4 4 0.038050 0.195314 0.138964 0.007299 0.620373
4 4 0.027997 0.159982 0.108432 0.004746 0.698843
4 4 0.026869 0.137969 0.088323 0.003460 0.743379
4 4 0.031655 0.131768 0.081482 0.003153 0.751942
4 4 0.041515 0.129354 0.068134 0.002253 0.758744
4 4 0.063996 0.141310 0.061968 0.001796 0.730931
4 4 0.096673 0.169765 0.066707 0.001901 0.664954
4 4 0.085349 0.176535 0.068317 0.001849 0.667950
4 4 0.098202 0.169469 0.052248 0.001064 0.679017
4 4 0.077973 0.155278 0.050332 0.001020 0.715398
4 4 0.051375 0.138851 0.045768 0.000838 0.763168
4 4 0.033952 0.136839 0.064197 0.001724 0.763287
4 4 0.033693 0.142359 0.071288 0.002103 0.750557
4 4 0.031092 0.134810 0.051314 0.001005 0.781780
4 4 0.040510 0.151536 0.060287 0.001361 0.746305
4 4 0.051294 0.163965 0.064319 0.001529 0.718892
4 4 0.041718 0.152075 0.059959 0.001348 0.744900
4 4 0.036443 0.153071 0.068063 0.001749 0.740673
4 4 0.040972 0.158887 0.061152 0.001330 0.737659
4 4 0.055187 0.174693 0.064931 0.001472 0.703717
4 4 0.045338 0.174982 0.075011 0.001972 0.702697
4 4 0.049483 0.193986 0.099690 0.003519 0.653322
4 4 0.051709 0.182884 0.077161 0.002067 0.686179
4 4 0.075357 0.194818 0.088203 0.002919 0.638703
4 4 0.079898 0.194233 0.085975 0.002800 0.637095
4 4 0.072091 0.197849 0.094789 0.003366 0.631905
4 4 0.075917 0.206066 0.110805 0.004739 0.602472
4 4 0.073179 0.206419 0.112697 0.004877 0.602828
4 0 0.063152 0.199515 0.101654 0.003804 0.631876
4 4 0.064354 0.204818 0.112896 0.004773 0.613160
4 4 0.054002 0.207080 0.125254 0.005779 0.607885
4 4 0.045765 0.199285 0.112082 0.004426 0.638441
4 4 0.040603 0.174835 0.092138 0.003148 0.689276
4 4 0.032729 0.150210 0.072370 0.002020 0.742671
4 4 0.033813 0.128436 0.050336 0.001044 0.786371
4 4 0.038572 0.132205 0.051329 0.001090 0.776803
4 4 0.036012 0.131224 0.056055 0.001335 0.775374
4 4 0.040760 0.145084 0.063961 0.001662 0.748533
4 4 0.044714 0.146042 0.052037 0.001030 0.756177
4 4 0.035450 0.146391 0.048986 0.000836 0.768337
4 4 0.041869 0.148594 0.045988 0.000736 0.762812
4 4 0.027112 0.147397 0.072755 0.001997 0.750740
4 4 0.019331 0.136925 0.076604 0.002281 0.764859
4 4 0.018195 0.123781 0.067582 0.001895 0.788548
4 4 0.019852 0.115824 0.062871 0.001775 0.799678
4 4 0.018832 0.109411 0.076730 0.003043 0.791983
4 4 0.013964 0.096227 0.080330 0.003727 0.805752
4 4 0.013147 0.096346 0.092644 0.005168 0.792695
4 4 0.014268 0.105348 0.088176 0.004167 0.788041
4 4 0.017345 0.121879 0.094639 0.004294 0.761844
4 4 0.026168 0.147795 0.087197 0.003050 0.735791
4 4 0.040762 0.158095 0.070284 0.001867 0.728993
4 4 0.062130 0.162947 0.062931 0.001540 0.710452
4 4 0.070041 0.166115 0.074358 0.002318 0.687168
4 4 0.059076 0.163184 0.074972 0.002310 0.700458
4 4 0.070683 0.167229 0.069731 0.001975 0.690382
4 4 0.091225 0.179581 0.064074 0.001580 0.663540
4 4 0.108090 0.174736 0.055189 0.001200 0.660785
4 4 0.115696 0.181808 0.062882 0.001593 0.638022
4 4 0.086347 0.185429 0.081388 0.002658 0.644179
4 4 0.066395 0.185838 0.101786 0.004230 0.641752
4 4 0.075384 0.190582 0.100372 0.004103 0.629558
4 4 0.086766 0.197053 0.089318 0.003086 0.623777
4 4 0.088668 0.205818 0.106358 0.004490 0.594665
4 4 0.054720 0.207679 0.126359 0.005904 0.605338
4 4 0.046234 0.203539 0.122345 0.005348 0.622533
4 4 0.036267 0.198394 0.120924 0.005035 0.639379
4 4 0.036310 0.180955 0.086314 0.002500 0.693922
4 4 0.033088 0.162787 0.068626 0.001608 0.733890
4 4 0.030754 0.157340 0.074367 0.002000 0.735540
4 4 0.030002 0.159107 0.079409 0.002294 0.729189
4 4 0.038128 0.166339 0.073589 0.001920 0.720025
4 4 0.048510 0.188391 0.087889 0.002678 0.672531
4 4 0.041820 0.193303 0.102061 0.003578 0.659238
4 4 0.036622 0.230344 0.234574 0.009870 0.488590
4 4 0.037107 0.233711 0.261052 0.011027 0.457102
4 4 0.035817 0.236638 0.318241 0.012829 0.396475
2 4 0.026894 0.228034 0.441622 0.013451 0.289998
2 4 0.022984 0.202177 0.572523 0.017066 0.185250
2 4 0.022659 0.188530 0.618721 0.019906 0.150183
2 4 0.023083 0.190326 0.612737 0.019909 0.153944
2 4 0.026914 0.212413 0.529222 0.017853 0.213597
2 4 0.031005 0.222656 0.477148 0.017883 0.251307
4 4 0.047147 0.237333 0.314406 0.017604 0.383509
4 0 0.052801 0.235594 0.266522 0.017108 0.427976
4 1 0.055974 0.221949 0.179987 0.013064 0.529027
4 1 0.039977 0.208230 0.143888 0.007432 0.600472
4 1 0.037267 0.204967 0.137183 0.006621 0.613962
4 1 0.039211 0.207340 0.142011 0.007199 0.604239
4 1 0.038210 0.206140 0.139537 0.006898 0.609215
4 1 0.042687 0.212713 0.154809 0.008464 0.581327
4 1 0.041149 0.222978 0.191501 0.009553 0.534818
4 1 0.040774 0.226120 0.205997 0.010028 0.517081
4 1 0.040711 0.232886 0.248230 0.011749 0.466424
2 1 0.039885 0.235217 0.375124 0.017534 0.332239
2 2 0.031331 0.214366 0.517698 0.020724 0.215879
2 2 0.024099 0.190992 0.609596 0.020768 0.154546
2 2 0.023184 0.178877 0.645811 0.022899 0.129229
2 2 0.023423 0.175648 0.654022 0.024050 0.122857
2 2 0.020819 0.163083 0.689009 0.024215 0.102874
2 2 0.017309 0.145960 0.732763 0.023800 0.080167
2 2 0.016343 0.138356 0.749860 0.024353 0.071088
2 2 0.014386 0.126485 0.776212 0.024260 0.058657
2 2 0.014320 0.114231 0.796716 0.028233 0.046501
2 2 0.017921 0.123125 0.772820 0.032612 0.053522
2 2 0.019574 0.124378 0.766359 0.035508 0.054182
2 2 0.016047 0.110311 0.797377 0.033914 0.042352
2 2 0.016151 0.112559 0.793861 0.033157 0.044272
2 2 0.014176 0.115934 0.794452 0.027288 0.048150
2 2 0.014298 0.131250 0.767753 0.022707 0.063991
2 2 0.009663 0.121904 0.795115 0.016103 0.057215
2 2 0.006673 0.095029 0.848594 0.015125 0.034578
2 2 0.005507 0.080994 0.873249 0.015138 0.025113
2 2 0.004782 0.073198 0.886639 0.014747 0.020634
2 2 0.003769 0.060501 0.907045 0.014428 0.014258
2 2 0.003352 0.053533 0.917109 0.014798 0.011208
2 2 0.002914 0.047536 0.925954 0.014674 0.008922
2 2 0.002580 0.041941 0.933505 0.014978 0.006996
2 2 0.002402 0.039960 0.936589 0.014653 0.006396
2 2 0.002340 0.039386 0.937564 0.014478 0.006232
2 2 0.001887 0.032011 0.947228 0.014686 0.004188
2 2 0.001757 0.028140 0.950927 0.015934 0.003241
2 2 0.001505 0.022835 0.956172 0.017332 0.002156
2 2 0.001841 0.024726 0.951098 0.019875 0.002461
2 2 0.002085 0.026191 0.947608 0.021397 0.002718
2 2 0.003190 0.032332 0.933574 0.026968 0.003936
2 1 0.005578 0.041457 0.909265 0.037623 0.006076
2 1 0.012938 0.057977 0.855465 0.062650 0.010969
2 1 0.026529 0.081021 0.805046 0.067709 0.019695
2 1 0.032544 0.089374 0.785941 0.068596 0.023545
2 2 0.019957 0.074427 0.822087 0.066134 0.017395
2 2 0.011148 0.057365 0.865874 0.054686 0.010928
2 2 0.013652 0.072313 0.845907 0.050795 0.017332
2 2 0.009080 0.065822 0.874001 0.036157 0.014939
2 2 0.003430 0.044200 0.925310 0.019600 0.007460
2 2 0.003206 0.043684 0.927377 0.018377 0.007356
2 2 0.001992 0.031525 0.946490 0.015973 0.004021
2 2 0.001648 0.025646 0.953373 0.016631 0.002702
2 2 0.001548 0.023759 0.955330 0.017033 0.002330
2 2 0.001536 0.022769 0.955746 0.017813 0.002137
2 2 0.001431 0.022142 0.957406 0.016981 0.002040
2 2 0.001372 0.021324 0.958463 0.016942 0.001900
2 2 0.001434 0.021909 0.957410 0.017251 0.001995
2 2 0.001792 0.025915 0.951438 0.018130 0.002724
2 2 0.001665 0.024971 0.953392 0.017420 0.002553
2 2 0.001775 0.026934 0.951277 0.017058 0.002955
2 1 0.001730 0.027661 0.951483 0.015991 0.003136
2 2 0.001985 0.030007 0.947429 0.016948 0.003631
2 2 0.002130 0.031803 0.944918 0.017098 0.004051
2 2 0.002129 0.027426 0.946790 0.020675 0.002980
2 2 0.002297 0.025742 0.944861 0.024517 0.002584
2 2 0.002959 0.027667 0.936376 0.030113 0.002886
2 2 0.003611 0.030021 0.928798 0.034253 0.003317
2 2 0.003584 0.028863 0.923810 0.040243 0.003500
2 2 0.003952 0.033300 0.920336 0.037762 0.004651
2 2 0.003643 0.032656 0.923670 0.035476 0.004554
2 2 0.003715 0.035457 0.926258 0.029721 0.004848
2 2 0.003522 0.036840 0.928938 0.025618 0.005082
2 2 0.003479 0.037658 0.928985 0.024550 0.005329
2 2 0.003242 0.037368 0.931272 0.022818 0.005301
2 2 0.002920 0.033874 0.935918 0.022896 0.004393
2 2 0.002747 0.029162 0.939028 0.025812 0.003252
2 2 0.002471 0.024682 0.939237 0.031010 0.002600
2 2 0.002443 0.021846 0.933193 0.040203 0.002315
2 2 0.002240 0.019265 0.924246 0.051977 0.002272
2 2 0.002421 0.020052 0.914961 0.059824 0.002742
2 2 0.002386 0.019903 0.916683 0.058375 0.002652
2 2 0.002436 0.020251 0.920116 0.054662 0.002535
2 2 0.002503 0.020736 0.924718 0.049672 0.002371
2 2 0.002856 0.025687 0.931226 0.037261 0.002970
2 2 0.002960 0.031416 0.936242 0.025631 0.003750
2 2 0.003049 0.037842 0.932736 0.020880 0.005494
2 2 0.002670 0.035917 0.937283 0.019098 0.005032
2 2 0.002798 0.036847 0.935564 0.019524 0.005268
2 2 0.002554 0.031894 0.940473 0.021121 0.003959
2 2 0.002920 0.033220 0.936163 0.023478 0.004219
2 2 0.002804 0.033623 0.937184 0.022035 0.004353
2 2 0.002941 0.033544 0.935835 0.023380 0.004300
2 2 0.002576 0.029353 0.941008 0.023734 0.003329
2 2 0.002326 0.024123 0.944272 0.027024 0.002256
2 2 0.002214 0.023692 0.945817 0.026087 0.002190
2 2 0.002063 0.023025 0.947935 0.024890 0.002087
2 2 0.002130 0.025065 0.947129 0.023202 0.002474
2 2 0.001984 0.022638 0.949064 0.024286 0.002028
2 2 0.002226 0.023306 0.945549 0.026804 0.002115
2 2 0.002386 0.022250 0.942627 0.030833 0.001904
2 2 0.002854 0.022946 0.934707 0.037461 0.002031
2 2 0.002783 0.022523 0.934076 0.038578 0.002040
2 2 0.002524 0.020962 0.928978 0.045341 0.002195
2 2 0.002445 0.020262 0.918442 0.056241 0.002610
2 2 0.002471 0.020113 0.905144 0.069089 0.003183
2 2 0.002496 0.020041 0.895045 0.078794 0.003625
2 2 0.002381 0.019436 0.894995 0.079654 0.003534
2 2 0.002115 0.017829 0.885193 0.091192 0.003671
2 2 0.001680 0.014405 0.856619 0.123958 0.003338
2 2 0.001776 0.014355 0.839362 0.141085 0.003423
2 2 0.001742 0.013941 0.831998 0.148969 0.003350
2 2 0.001451 0.011798 0.805833 0.177946 0.002973
2 2 0.001312 0.011147 0.812783 0.172051 0.002706
2 2 0.001512 0.012398 0.819291 0.163771 0.003027
2 2 0.001295 0.010944 0.803791 0.181196 0.002774
2 2 0.001242 0.009845 0.747274 0.238732 0.002908
2 2 0.001522 0.010976 0.728617 0.255422 0.003463
2 2 0.001738 0.011836 0.720770 0.261819 0.003837
2 2 0.002008 0.014016 0.771093 0.208709 0.004173
2 2 0.002031 0.013610 0.738643 0.241156 0.004559
2 2 0.001661 0.012057 0.743356 0.238932 0.003994
2 2 0.001694 0.012146 0.737959 0.244089 0.004112
2 2 0.001802 0.013360 0.772897 0.207652 0.004289
2 2 0.001584 0.010865 0.680913 0.302362 0.004276
2 2 0.001776 0.011121 0.636929 0.345238 0.004936
2 2 0.002102 0.011576 0.587649 0.393111 0.005562
2 2 0.001613 0.009070 0.547669 0.437465 0.004183
2 2 0.001534 0.008543 0.533657 0.452401 0.003864
2 2 0.001685 0.009272 0.558926 0.426282 0.003836
2 2 0.001658 0.009836 0.616837 0.368090 0.003579
2 2 0.001775 0.011278 0.684567 0.298670 0.003710
2 2 0.001728 0.010835 0.662153 0.321463 0.003821
2 2 0.001772 0.011606 0.703038 0.279819 0.003765
2 2 0.002096 0.013358 0.723496 0.256772 0.004277
2 2 0.002548 0.017635 0.805508 0.168997 0.005312
2 2 0.002732 0.020812 0.871647 0.099949 0.004861
2 2 0.005715 0.035063 0.907105 0.047826 0.004291
2 2 0.005277 0.039063 0.912179 0.038067 0.005414
2 0 0.006106 0.043003 0.904570 0.039846 0.006475
2 1 0.010612 0.055205 0.869687 0.054349 0.010148
2 2 0.027927 0.084368 0.794993 0.071162 0.021550
2 2 0.086804 0.137134 0.655799 0.066808 0.053455
2 2 0.124415 0.155719 0.587597 0.062099 0.070170
2 2 0.100736 0.147354 0.619803 0.068698 0.063409
2 2 0.090831 0.142835 0.635043 0.071437 0.059854
2 2 0.105704 0.153725 0.594935 0.073801 0.071834
2 2 0.102960 0.153640 0.594531 0.076296 0.072573
2 2 0.058286 0.132161 0.674822 0.079933 0.054798
2 2 0.036868 0.142698 0.692674 0.057683 0.070076
2 2 0.020406 0.118371 0.772900 0.040132 0.048192
2 2 0.015956 0.101812 0.808880 0.037867 0.035485
2 2 0.017159 0.100439 0.806322 0.041933 0.034147
2 2 0.016044 0.106225 0.802953 0.035836 0.038943
2 2 0.014997 0.120397 0.785049 0.027494 0.052063
2 2 0.009781 0.100038 0.831636 0.022041 0.036503
2 2 0.011048 0.105495 0.819596 0.023509 0.040352
2 2 0.011095 0.107410 0.816505 0.023005 0.041984
2 2 0.013909 0.137734 0.756031 0.020320 0.072006
2 2 0.011286 0.136797 0.762674 0.016062 0.073181
2 2 0.014616 0.157138 0.712439 0.017135 0.098672
2 2 0.017535 0.175055 0.663107 0.017257 0.127046
2 2 0.019228 0.183064 0.638560 0.017514 0.141634
2 2 0.020701 0.170220 0.671894 0.022175 0.115010
2 2 0.057240 0.182701 0.584316 0.052231 0.123512
2 2 0.181225 0.185611 0.439399 0.069987 0.123779
2 2 0.243894 0.191756 0.364799 0.056331 0.143220
2 2 0.203200 0.187879 0.416874 0.063757 0.128290
2 2 0.162219 0.180791 0.470646 0.073009 0.113335
2 2 0.021670 0.187463 0.622991 0.019134 0.148742
2 2 0.026095 0.202348 0.569633 0.019776 0.182148
2 2 0.026617 0.186140 0.620943 0.024684 0.141616
2 2 0.031519 0.182579 0.623184 0.031168 0.131550
2 2 0.036330 0.169650 0.644970 0.042156 0.106895
2 2 0.035866 0.157930 0.669452 0.047294 0.089457
2 2 0.033498 0.153521 0.682932 0.046098 0.083952
2 2 0.030316 0.144496 0.706217 0.045717 0.073254
2 2 0.037627 0.166885 0.648102 0.045147 0.102240
2 2 0.048521 0.169713 0.619266 0.057306 0.105194
2 2 0.048777 0.151379 0.660779 0.061704 0.077362
2 2 0.094201 0.144995 0.627551 0.071357 0.061896
2 2 0.155108 0.171673 0.516087 0.064453 0.092679
2 2 0.172316 0.178537 0.479249 0.064641 0.105257
2 2 0.244738 0.192932 0.355731 0.057670 0.148929
2 0 0.228597 0.195470 0.348443 0.065979 0.161511
0 0 0.287377 0.206708 0.192437 0.029959 0.283519
4 0 0.189668 0.220087 0.153956 0.013092 0.423197
4 1 0.116404 0.207955 0.106556 0.004826 0.564259
4 1 0.061340 0.209787 0.127576 0.006157 0.595140
4 1 0.052976 0.215110 0.152142 0.008828 0.570944
4 1 0.063354 0.219509 0.159646 0.010184 0.547307
4 1 0.080505 0.226523 0.182195 0.014564 0.496213
4 1 0.152549 0.224715 0.165327 0.014111 0.443298
4 1 0.225949 0.217693 0.167818 0.017659 0.370881
4 1 0.221792 0.218493 0.170560 0.018178 0.370977
4 1 0.201120 0.222397 0.191570 0.022994 0.361919
4 0 0.184849 0.222506 0.167184 0.015735 0.409727
4 0 0.153147 0.225581 0.171439 0.015404 0.434429
4 0 0.113471 0.220313 0.142243 0.009042 0.514932
4 1 0.098729 0.216817 0.132878 0.007478 0.544098
4 1 0.052886 0.216055 0.155953 0.009327 0.565780
4 1 0.046256 0.214630 0.158721 0.009470 0.570923
4 1 0.043660 0.212165 0.152700 0.008600 0.582874
4 1 0.045470 0.219282 0.174445 0.009977 0.550826
4 1 0.059257 0.225495 0.194016 0.014855 0.506377
4 1 0.068796 0.227934 0.205387 0.018651 0.479232
4 0 0.093327 0.230411 0.208614 0.020967 0.446681
4 1 0.100568 0.231835 0.224306 0.024600 0.418691
4 1 0.123709 0.230535 0.214665 0.024672 0.406418
4 1 0.169363 0.226421 0.218767 0.029637 0.355811
4 1 0.181467 0.224519 0.222909 0.032314 0.338790
4 1 0.155888 0.230170 0.238557 0.028956 0.346429
2 2 0.070486 0.231981 0.397765 0.029526 0.270242
2 2 0.044053 0.201118 0.549930 0.036214 0.168685
2 2 0.025618 0.159187 0.688825 0.032098 0.094271
2 2 0.011069 0.096476 0.832524 0.026842 0.033089
2 2 0.008387 0.080008 0.863402 0.025292 0.022911
2 2 0.007850 0.076258 0.870012 0.025017 0.020862
2 2 0.009030 0.086620 0.852753 0.024677 0.026920
2 2 0.008476 0.087396 0.853796 0.022625 0.027707
2 2 0.008843 0.092331 0.845789 0.021989 0.031049
2 2 0.010516 0.104479 0.822716 0.022511 0.039777
2 2 0.009880 0.102210 0.828069 0.021611 0.038231
2 2 0.008242 0.097130 0.840720 0.018811 0.035098
2 4 0.008520 0.108931 0.820918 0.016502 0.045130
2 4 0.009819 0.124687 0.789519 0.015835 0.060140
2 4 0.013516 0.148174 0.734658 0.017349 0.086303
2 4 0.019591 0.187877 0.623569 0.016902 0.152061
2 4 0.025577 0.213382 0.525508 0.016563 0.218970
4 4 0.085431 0.236103 0.252335 0.022369 0.403763
4 4 0.116897 0.229903 0.198400 0.019874 0.434926
4 0 0.152530 0.225159 0.168215 0.014700 0.439396
4 0 0.105973 0.217267 0.132872 0.007618 0.536269
4 4 0.055689 0.192911 0.092243 0.003031 0.656126
4 4 0.044701 0.177629 0.078848 0.002174 0.696649
4 4 0.050325 0.161512 0.057729 0.001197 0.729237
4 4 0.043622 0.145650 0.053181 0.001081 0.756466
4 4 0.037572 0.125403 0.046900 0.000934 0.789190
4 4 0.037448 0.122920 0.061275 0.001817 0.776541
4 4 0.049434 0.127332 0.060224 0.001790 0.761219
4 4 0.050663 0.124879 0.071765 0.002815 0.749879
4 4 0.043499 0.118878 0.078907 0.003622 0.755094
4 4 0.077061 0.145831 0.096519 0.005275 0.675314
4 4 0.095149 0.166074 0.101016 0.005297 0.632464
4 4 0.149792 0.211201 0.124620 0.007515 0.506872
4 4 0.154670 0.211777 0.115373 0.006267 0.511912
4 4 0.211775 0.205915 0.107796 0.006132 0.468382
4 0 0.235359 0.208396 0.122000 0.008534 0.425711
4 1 0.185378 0.218654 0.144613 0.011196 0.440159
4 4 0.125308 0.223153 0.153068 0.011007 0.487464
4 4 0.024076 0.170030 0.129637 0.006519 0.669737
4 4 0.020483 0.165268 0.110021 0.004355 0.699873
4 4 0.022497 0.175031 0.105845 0.003775 0.692851
4 4 0.032554 0.191380 0.122776 0.005314 0.647976
4 4 0.040801 0.181937 0.098617 0.003532 0.675114
4 4 0.041096 0.173164 0.104446 0.004329 0.676965
4 4 0.031707 0.154216 0.096962 0.003919 0.713195
4 4 0.032886 0.155401 0.096086 0.003833 0.711793
4 4 0.047424 0.174554 0.086977 0.002859 0.688186
4 4 0.063420 0.195763 0.094070 0.003232 0.643514
4 4 0.069975 0.197620 0.095084 0.003368 0.633953
4 4 0.034197 0.181352 0.114369 0.004849 0.665232
4 4 0.023595 0.161306 0.104601 0.004120 0.706378
4 4 0.023108 0.152364 0.093915 0.003398 0.727215
4 4 0.034694 0.163642 0.081209 0.002425 0.718031
