0 0 0.333425 0.209776 0.201539 0.131316 0.123944
0 0 0.333425 0.209776 0.201539 0.131316 0.123944
0 0 0.333425 0.209776 0.201539 0.131316 0.123944
0 0 0.333425 0.209776 0.201539 0.131316 0.123944
0 0 0.333425 0.209776 0.201539 0.131316 0.123944
0 0 0.333425 0.209776 0.201539 0.131316 0.123944
0 0 0.333425 0.209776 0.201539 0.131316 0.123944
0 0 0.333425 0.209776 0.201539 0.131316 0.123944
0 0 0.333425 0.209776 0.201539 0.131316 0.123944
0 0 0.333425 0.209776 0.201539 0.131316 0.123944
0 0 0.333425 0.209776 0.201539 0.131316 0.123944
0 0 0.333425 0.209776 0.201539 0.131316 0.123944
0 0 0.333425 0.209776 0.201539 0.131316 0.123944
0 0 0.333425 0.209776 0.201539 0.131316 0.123944
0 0 0.333425 0.209776 0.201539 0.131316 0.123944
0 0 0.333425 0.209776 0.201539 0.131316 0.123944
0 0 0.333425 0.209776 0.201539 0.131316 0.123944
0 0 0.333425 0.209776 0.201539 0.131316 0.123944
0 0 0.333425 0.209776 0.201539 0.131316 0.123944
0 0 0.333425 0.209776 0.201539 0.131316 0.123944
0 0 0.333425 0.209776 0.201539 0.131316 0.123944
0 0 0.333425 0.209776 0.201539 0.131316 0.123944
0 0 0.333425 0.209776 0.201539 0.131316 0.123944
0 0 0.333425 0.209776 0.201539 0.131316 0.123944
0 0 0.333425 0.209776 0.201539 0.131316 0.123944
0 0 0.333425 0.209776 0.201539 0.131316 0.123944
0 0 0.333425 0.209776 0.201539 0.131316 0.123944
0 0 0.333425 0.209776 0.201539 0.131316 0.123944
0 0 0.333425 0.209776 0.201539 0.131316 0.123944
0 0 0.333425 0.209776 0.201539 0.131316 0.123944
0 0 0.333425 0.209776 0.201539 0.131316 0.123944
0 0 0.333425 0.209776 0.201539 0.131316 0.123944
0 0 0.333425 0.209776 0.201539 0.131316 0.123944
0 0 0.333425 0.209776 0.201539 0.131316 0.123944
0 0 0.333425 0.209776 0.201539 0.131316 0.123944
0 0 0.333425 0.209776 0.201539 0.131316 0.123944
0 0 0.333425 0.209776 0.201539 0.131316 0.123944
0 0 0.333425 0.209776 0.201539 0.131316 0.123944
0 0 0.333425 0.209776 0.201539 0.131316 0.123944
0 0 0.333425 0.209776 0.201539 0.131316 0.123944
0 0 0.333425 0.209776 0.201539 0.131316 0.123944
0 0 0.333425 0.209776 0.201539 0.131316 0.123944
0 0 0.333425 0.209776 0.201539 0.131316 0.123944
0 0 0.333425 0.209776 0.201539 0.131316 0.123944
0 0 0.333425 0.209776 0.201539 0.131316 0.123944
0 0 0.333425 0.209776 0.201539 0.131316 0.123944
0 0 0.333425 0.209776 0.201539 0.131316 0.123944
0 0 0.333425 0.209776 0.201539 0.131316 0.123944
0 0 0.333425 0.209776 0.201539 0.131316 0.123944
0 0 0.333425 0.209776 0.201539 0.131316 0.123944
0 0 0.333425 0.209776 0.201539 0.131316 0.123944
0 0 0.333425 0.209776 0.201539 0.131316 0.123944
0 0 0.333425 0.209776 0.201539 0.131316 0.123944
0 0 0.333425 0.209776 0.201539 0.131316 0.123944
0 0 0.333425 0.209776 0.201539 0.131316 0.123944
0 0 0.326911 0.211877 0.209183 0.128080 0.123949
0 0 0.313283 0.215945 0.225601 0.121418 0.123753
0 0 0.328067 0.211512 0.207817 0.128652 0.123953
0 0 0.306563 0.217785 0.233912 0.118185 0.123555
0 0 0.309417 0.217017 0.230364 0.119554 0.123648
0 0 0.328284 0.213085 0.195890 0.115940 0.146802
2 0 0.220619 0.234681 0.283289 0.055202 0.206210
2 0 0.194313 0.229787 0.359227 0.071114 0.145559
2 0 0.206390 0.223850 0.354638 0.093381 0.121741
0 0 0.276326 0.220521 0.265956 0.115009 0.122188
0 0 0.333425 0.209776 0.201539 0.131316 0.123944
0 0 0.333425 0.209776 0.201539 0.131316 0.123944
0 0 0.333425 0.209776 0.201539 0.131316 0.123944
0 0 0.333425 0.209776 0.201539 0.131316 0.123944
0 0 0.333425 0.209776 0.201539 0.131316 0.123944
0 0 0.333425 0.209776 0.201539 0.131316 0.123944
0 0 0.333425 0.209776 0.201539 0.131316 0.123944
0 0 0.333425 0.209776 0.201539 0.131316 0.123944
0 0 0.333425 0.209776 0.201539 0.131316 0.123944
0 0 0.333425 0.209776 0.201539 0.131316 0.123944
0 0 0.333425 0.209776 0.201539 0.131316 0.123944
0 0 0.333425 0.209776 0.201539 0.131316 0.123944
0 0 0.333425 0.209776 0.201539 0.131316 0.123944
0 0 0.333425 0.209776 0.201539 0.131316 0.123944
0 0 0.333425 0.209776 0.201539 0.131316 0.123944
0 0 0.333425 0.209776 0.201539 0.131316 0.123944
0 0 0.333425 0.209776 0.201539 0.131316 0.123944
0 0 0.333425 0.209776 0.201539 0.131316 0.123944
0 0 0.333063 0.210104 0.201100 0.129965 0.125769
0 0 0.333425 0.209776 0.201539 0.131316 0.123944
0 0 0.333425 0.209776 0.201539 0.131316 0.123944
0 0 0.333425 0.209776 0.201539 0.131316 0.123944
0 0 0.333425 0.209776 0.201539 0.131316 0.123944
0 0 0.330516 0.211943 0.198214 0.121790 0.137537
0 0 0.323740 0.214583 0.191513 0.106265 0.163898
0 0 0.309482 0.216999 0.230285 0.119585 0.123649
2 0 0.239217 0.229820 0.325643 0.087453 0.117867
0 0 0.273667 0.226804 0.267416 0.095879 0.136234
0 0 0.312701 0.216109 0.226314 0.121137 0.123739
0 0 0.333265 0.209923 0.201345 0.130714 0.124753
0 0 0.333425 0.209776 0.201539 0.131316 0.123944
0 0 0.332364 0.210683 0.200276 0.127511 0.129166
0 0 0.331083 0.211592 0.198832 0.123445 0.135047
0 0 0.327229 0.213517 0.194838 0.113469 0.150948
0 0 0.331364 0.211408 0.199142 0.124295 0.133791
0 0 0.306128 0.219808 0.220300 0.105267 0.148497
0 0 0.319268 0.214214 0.218319 0.124326 0.123873
0 0 0.333425 0.209776 0.201539 0.131316 0.123944
0 0 0.333425 0.209776 0.201539 0.131316 0.123944
0 0 0.333425 0.209776 0.201539 0.131316 0.123944
0 0 0.333425 0.209776 0.201539 0.131316 0.123944
0 0 0.333425 0.209776 0.201539 0.131316 0.123944
0 0 0.333425 0.209776 0.201539 0.131316 0.123944
0 0 0.333425 0.209776 0.201539 0.131316 0.123944
0 0 0.333425 0.209776 0.201539 0.131316 0.123944
0 0 0.333425 0.209776 0.201539 0.131316 0.123944
0 0 0.333425 0.209776 0.201539 0.131316 0.123944
0 0 0.333425 0.209776 0.201539 0.131316 0.123944
0 0 0.333425 0.209776 0.201539 0.131316 0.123944
0 0 0.333425 0.209776 0.201539 0.131316 0.123944
0 0 0.333425 0.209776 0.201539 0.131316 0.123944
0 0 0.328827 0.211270 0.206921 0.129028 0.123954
0 0 0.318882 0.214328 0.218786 0.124138 0.123867
0 0 0.299118 0.219694 0.243289 0.114641 0.123258
0 0 0.333425 0.209776 0.201539 0.131316 0.123944
0 0 0.333425 0.209776 0.201539 0.131316 0.123944
0 0 0.333425 0.209776 0.201539 0.131316 0.123944
0 0 0.333425 0.209776 0.201539 0.131316 0.123944
0 0 0.330247 0.212100 0.197926 0.121032 0.138695
0 0 0.318760 0.215409 0.187066 0.097791 0.180974
0 0 0.309361 0.215551 0.179268 0.085286 0.210534
0 0 0.302313 0.214846 0.173758 0.077779 0.231304
0 0 0.290181 0.212525 0.164723 0.067204 0.265366
4 0 0.269752 0.206418 0.150376 0.053598 0.319856
4 0 0.259580 0.202611 0.143525 0.048124 0.346161
0 0 0.287593 0.211886 0.162853 0.065234 0.272434
0 0 0.283580 0.210811 0.159987 0.062340 0.283283
0 0 0.291103 0.212742 0.165394 0.067927 0.262834
0 0 0.292570 0.213074 0.166465 0.069100 0.258791
0 0 0.297308 0.214036 0.169972 0.073115 0.245569
0 0 0.307932 0.215455 0.178132 0.083659 0.214823
0 0 0.323205 0.214706 0.191021 0.105267 0.165801
0 0 0.321391 0.215058 0.189379 0.102053 0.172119
0 0 0.327283 0.213496 0.194891 0.113591 0.150740
0 0 0.324615 0.214361 0.192328 0.107953 0.160743
0 0 0.329852 0.212320 0.197507 0.119948 0.140374
0 0 0.332386 0.210666 0.200302 0.127585 0.129061
0 0 0.333205 0.209978 0.201271 0.130488 0.125057
0 0 0.333425 0.209776 0.201539 0.131316 0.123944
0 0 0.333425 0.209776 0.201539 0.131316 0.123944
0 0 0.333425 0.209776 0.201539 0.131316 0.123944
0 0 0.333425 0.209776 0.201539 0.131316 0.123944
0 0 0.333425 0.209776 0.201539 0.131316 0.123944
0 0 0.333425 0.209776 0.201539 0.131316 0.123944
0 0 0.333425 0.209776 0.201539 0.131316 0.123944
0 0 0.333425 0.209776 0.201539 0.131316 0.123944
0 0 0.333425 0.209776 0.201539 0.131316 0.123944
0 0 0.333425 0.209776 0.201539 0.131316 0.123944
0 0 0.332185 0.210822 0.200069 0.126911 0.130013
0 0 0.333114 0.210059 0.201162 0.130153 0.125513
0 0 0.326932 0.211871 0.209158 0.128090 0.123949
0 0 0.333425 0.209776 0.201539 0.131316 0.123944
0 0 0.333425 0.209776 0.201539 0.131316 0.123944
0 0 0.333425 0.209776 0.201539 0.131316 0.123944
0 0 0.333425 0.209776 0.201539 0.131316 0.123944
0 0 0.333425 0.209776 0.201539 0.131316 0.123944
0 0 0.333425 0.209776 0.201539 0.131316 0.123944
0 0 0.333425 0.209776 0.201539 0.131316 0.123944
0 0 0.333425 0.209776 0.201539 0.131316 0.123944
0 0 0.333425 0.209776 0.201539 0.131316 0.123944
0 0 0.331377 0.211399 0.199157 0.124336 0.133730
0 0 0.332604 0.210492 0.200556 0.128332 0.128016
0 1 0.314391 0.215662 0.183363 0.091533 0.195051
0 1 0.307603 0.215429 0.177872 0.083293 0.215804
0 2 0.261696 0.221577 0.197546 0.059661 0.259520
2 2 0.179541 0.230776 0.282857 0.034677 0.272149
2 1 0.104442 0.217215 0.401180 0.021710 0.255453
2 2 0.051950 0.181466 0.580436 0.014515 0.171633
2 2 0.020076 0.123314 0.755546 0.010569 0.090495
2 2 0.014044 0.101097 0.815212 0.011109 0.058539
2 2 0.026284 0.140920 0.694903 0.011064 0.126829
2 2 0.051368 0.182798 0.479969 0.010268 0.275596
4 1 0.075921 0.192910 0.317862 0.009329 0.403978
4 1 0.082362 0.196930 0.309142 0.009648 0.401918
4 1 0.100158 0.199207 0.262067 0.011200 0.427367
4 1 0.108057 0.208522 0.293385 0.014852 0.375184
4 1 0.122925 0.217942 0.307639 0.018804 0.332690
2 1 0.188353 0.234482 0.301428 0.040823 0.234915
2 1 0.247096 0.232408 0.267313 0.069271 0.183912
0 1 0.306408 0.215324 0.176931 0.081987 0.219349
0 1 0.307458 0.215417 0.177757 0.083132 0.216236
0 0 0.307995 0.215459 0.178182 0.083730 0.214633
0 0 0.321741 0.214997 0.189693 0.102654 0.170915
2 1 0.259091 0.230676 0.269143 0.080412 0.160679
2 1 0.102224 0.204172 0.527418 0.047997 0.118190
2 1 0.010621 0.076199 0.857897 0.022347 0.032935
2 2 0.000925 0.017875 0.944482 0.031641 0.005077
2 2 0.000215 0.007598 0.955099 0.035115 0.001973
2 2 0.000138 0.005848 0.956360 0.036182 0.001472
2 2 0.000139 0.005804 0.951027 0.041574 0.001456
2 2 0.000132 0.005555 0.944741 0.048188 0.001383
2 2 0.000132 0.005396 0.931365 0.061758 0.001349
2 2 0.000120 0.004884 0.910514 0.083240 0.001242
2 2 0.000141 0.005036 0.875546 0.117935 0.001342
2 2 0.000140 0.004758 0.842050 0.151740 0.001312
2 2 0.000158 0.004784 0.791982 0.201697 0.001378
2 2 0.000226 0.005648 0.755658 0.236767 0.001701
2 2 0.000513 0.008691 0.713626 0.274320 0.002849
2 2 0.001581 0.016570 0.696945 0.278983 0.005922
2 1 0.004210 0.028591 0.667657 0.288336 0.011206
2 2 0.008623 0.040931 0.610853 0.322266 0.017326
2 2 0.012248 0.045863 0.537085 0.384041 0.020762
2 1 0.012703 0.049869 0.585244 0.329943 0.022242
2 2 0.008300 0.044591 0.700776 0.228123 0.018209
2 2 0.003879 0.032239 0.801342 0.150808 0.011732
2 2 0.001293 0.018328 0.861508 0.113018 0.005853
2 2 0.000790 0.014035 0.875500 0.105461 0.004214
2 2 0.000458 0.010151 0.874334 0.112160 0.002897
2 2 0.000477 0.009887 0.840966 0.145780 0.002890
2 2 0.000476 0.009338 0.799155 0.188243 0.002788
2 2 0.000631 0.009948 0.716509 0.269731 0.003180
2 2 0.000717 0.009767 0.635425 0.350833 0.003258
2 2 0.000961 0.009955 0.509574 0.475928 0.003581
3 2 0.001184 0.010280 0.440990 0.543703 0.003843
3 3 0.001666 0.011054 0.357186 0.625700 0.004395
3 3 0.001906 0.011003 0.309276 0.673303 0.004513
3 3 0.001898 0.009773 0.253600 0.730556 0.004172
3 3 0.001831 0.008296 0.198579 0.787592 0.003702
3 3 0.001569 0.007373 0.189497 0.798272 0.003289
3 3 0.001462 0.006512 0.163436 0.825635 0.002954
3 3 0.001294 0.006497 0.184261 0.805115 0.002833
3 3 0.001590 0.007171 0.176483 0.811604 0.003152
3 3 0.001966 0.008672 0.196501 0.789118 0.003744
3 3 0.002354 0.009115 0.176983 0.807516 0.004032
3 3 0.002672 0.009376 0.162892 0.820827 0.004234
3 3 0.002981 0.008088 0.111616 0.873402 0.003914
3 3 0.004062 0.009181 0.100727 0.881434 0.004595
3 3 0.004611 0.009734 0.098261 0.882485 0.004908
3 3 0.004260 0.009260 0.097648 0.884165 0.004667
3 3 0.003091 0.007180 0.086927 0.899167 0.003635
3 3 0.002743 0.006313 0.078556 0.909165 0.003223
3 3 0.002280 0.005304 0.069666 0.920042 0.002708
3 3 0.002001 0.004642 0.062530 0.928468 0.002359
3 3 0.001673 0.004002 0.057810 0.934480 0.002035
3 3 0.001808 0.004265 0.059696 0.932066 0.002165
3 3 0.001522 0.003528 0.051285 0.941843 0.001821
3 3 0.001554 0.003718 0.054752 0.938082 0.001895
3 3 0.001659 0.004087 0.060183 0.932016 0.002055
3 3 0.001922 0.004591 0.063638 0.927539 0.002311
3 3 0.002313 0.005145 0.064390 0.925551 0.002601
3 3 0.002593 0.005430 0.062985 0.926234 0.002758
3 3 0.002844 0.005504 0.058663 0.930175 0.002814
3 3 0.004435 0.007754 0.068182 0.915658 0.003971
3 3 0.005170 0.008893 0.073918 0.907498 0.004522
3 3 0.007206 0.012380 0.093953 0.880235 0.006225
3 3 0.007195 0.012373 0.094142 0.880056 0.006234
3 3 0.008417 0.014137 0.101663 0.868632 0.007151
3 3 0.011554 0.019522 0.129680 0.829405 0.009840
3 3 0.011881 0.021512 0.149020 0.806844 0.010743
3 2 0.015065 0.030312 0.213775 0.726033 0.014816
3 2 0.019759 0.041021 0.273463 0.646031 0.019726
3 2 0.020606 0.050694 0.373471 0.531993 0.023236
2 1 0.017779 0.052533 0.454388 0.452337 0.022962
2 2 0.011890 0.046607 0.542459 0.380045 0.018999
2 2 0.008834 0.036618 0.495848 0.443715 0.014986
3 2 0.006675 0.027541 0.411495 0.542901 0.011389
3 2 0.006939 0.023830 0.312863 0.646011 0.010357
3 2 0.011207 0.027001 0.237448 0.711764 0.012580
3 2 0.020559 0.033224 0.180562 0.749100 0.016555
3 2 0.024487 0.037135 0.182295 0.737646 0.018437
3 2 0.028916 0.042109 0.191106 0.716926 0.020944
3 2 0.033841 0.052958 0.240078 0.646999 0.026125
3 2 0.033962 0.067257 0.354826 0.512566 0.031389
2 2 0.013939 0.051820 0.541734 0.371429 0.021078
2 2 0.006135 0.033894 0.599492 0.347700 0.012778
2 3 0.002279 0.018606 0.592107 0.380367 0.006642
2 3 0.001812 0.015396 0.549240 0.428024 0.005528
3 2 0.001529 0.012176 0.449978 0.531753 0.004564
3 2 0.001561 0.010936 0.373861 0.609351 0.004290
3 2 0.001936 0.009790 0.251208 0.732855 0.004211
3 2 0.002546 0.010142 0.201257 0.781458 0.004597
3 3 0.003418 0.010697 0.162716 0.818030 0.005139
3 2 0.003886 0.012290 0.181632 0.796350 0.005842
3 2 0.004582 0.014719 0.209614 0.764183 0.006901
3 2 0.005576 0.017899 0.240528 0.727758 0.008238
3 2 0.005760 0.019211 0.263266 0.703032 0.008731
3 2 0.004150 0.018219 0.332135 0.637792 0.007705
3 2 0.003408 0.016667 0.348656 0.624386 0.006883
3 2 0.002586 0.013248 0.312044 0.666681 0.005441
3 3 0.002652 0.011456 0.237230 0.743735 0.004927
3 3 0.003175 0.011621 0.200653 0.779394 0.005157
3 3 0.002854 0.009975 0.169966 0.812717 0.004487
3 3 0.002909 0.008946 0.137193 0.846774 0.004178
3 3 0.002373 0.006473 0.094720 0.893286 0.003147
3 2 0.003531 0.007985 0.090983 0.893493 0.004009
3 2 0.005327 0.010943 0.104646 0.873530 0.005555
3 2 0.009412 0.018064 0.141265 0.822074 0.009185
3 2 0.007908 0.015637 0.132194 0.836218 0.008044
3 2 0.011078 0.020845 0.156336 0.800868 0.010872
3 2 0.007968 0.019290 0.193338 0.769694 0.009709
3 2 0.005239 0.020632 0.332327 0.632588 0.009215
3 2 0.002164 0.015052 0.468956 0.507787 0.006041
2 2 0.001651 0.013395 0.498473 0.481338 0.005143
3 2 0.001569 0.012711 0.479490 0.501330 0.004900
3 1 0.003443 0.017295 0.372557 0.599388 0.007317
2 1 0.101611 0.134126 0.356253 0.344107 0.063903
2 2 0.108680 0.155898 0.409333 0.254764 0.071326
2 1 0.067871 0.136218 0.517027 0.220379 0.058505
2 2 0.035496 0.103888 0.619329 0.199420 0.041866
2 1 0.018534 0.075124 0.690014 0.187171 0.029157
2 1 0.005614 0.038266 0.743553 0.198636 0.013931
2 2 0.003126 0.027977 0.773037 0.186287 0.009572
2 2 0.000991 0.013968 0.765138 0.215464 0.004440
2 2 0.000769 0.012838 0.811816 0.170716 0.003860
2 2 0.000650 0.012095 0.840926 0.142784 0.003545
2 2 0.000578 0.011796 0.873754 0.110489 0.003383
2 2 0.000553 0.011527 0.878824 0.105805 0.003291
2 2 0.000573 0.011683 0.877582 0.106800 0.003362
2 2 0.001116 0.017251 0.871991 0.104483 0.005159
2 2 0.001743 0.023044 0.878429 0.089822 0.006962
2 2 0.004334 0.039340 0.863364 0.080284 0.012678
2 2 0.004675 0.040211 0.850365 0.091461 0.013287
2 1 0.005588 0.045470 0.854705 0.079218 0.015019
2 1 0.007661 0.056737 0.856326 0.060903 0.018373
2 1 0.009879 0.070132 0.860818 0.037459 0.021711
2 2 0.005824 0.053389 0.891044 0.034299 0.015444
2 2 0.003216 0.037292 0.907878 0.041156 0.010458
2 2 0.001521 0.023568 0.917552 0.050899 0.006460
2 2 0.000920 0.017749 0.928370 0.048249 0.004711
2 2 0.000607 0.013766 0.930420 0.051617 0.003590
2 2 0.000453 0.011147 0.920236 0.065218 0.002946
2 2 0.000383 0.009942 0.914296 0.072742 0.002636
2 2 0.000367 0.009733 0.915721 0.071599 0.002580
2 2 0.000434 0.010925 0.920565 0.065205 0.002871
2 2 0.000946 0.016006 0.879034 0.099395 0.004618
2 2 0.004077 0.036759 0.842295 0.105235 0.011634
2 0 0.011951 0.065849 0.783184 0.116320 0.022696
2 1 0.019314 0.088812 0.767156 0.093873 0.030844
2 2 0.020323 0.090612 0.759455 0.097977 0.031633
2 2 0.018469 0.088502 0.777775 0.085117 0.030137
2 2 0.014266 0.077361 0.799133 0.083709 0.025531
2 2 0.006831 0.051894 0.845399 0.079693 0.016184
2 2 0.003137 0.031975 0.857255 0.097763 0.009870
2 2 0.003783 0.033786 0.828918 0.122351 0.011162
2 1 0.005060 0.038468 0.799636 0.143456 0.013379
2 1 0.005980 0.041024 0.773530 0.164722 0.014744
2 2 0.005480 0.038974 0.773141 0.168535 0.013870
2 2 0.004609 0.037519 0.814129 0.131153 0.012590
2 2 0.002843 0.030459 0.861193 0.096200 0.009304
2 2 0.002150 0.027462 0.892105 0.070449 0.007834
2 2 0.001351 0.020317 0.884423 0.088207 0.005701
2 2 0.000967 0.017035 0.896351 0.081026 0.004621
2 2 0.000614 0.013133 0.902583 0.080225 0.003445
2 2 0.000431 0.011002 0.918910 0.066872 0.002785
2 2 0.000509 0.011814 0.908237 0.076346 0.003094
2 2 0.000491 0.011496 0.905558 0.079421 0.003034
2 2 0.000458 0.010870 0.898205 0.087602 0.002865
2 2 0.000470 0.010846 0.891328 0.094442 0.002913
2 2 0.000729 0.013599 0.871715 0.110117 0.003839
2 1 0.002217 0.024308 0.818269 0.147455 0.007752
2 1 0.007455 0.047052 0.763941 0.165066 0.016486
2 1 0.029409 0.088704 0.602214 0.243828 0.035844
2 1 0.082535 0.139407 0.456591 0.258897 0.062570
2 2 0.215683 0.187365 0.270841 0.229913 0.096199
0 2 0.261129 0.201749 0.244388 0.186675 0.106060
2 2 0.005900 0.049416 0.868753 0.060748 0.015182
2 2 0.007328 0.056307 0.861230 0.057711 0.017424
2 2 0.007192 0.054146 0.851210 0.070428 0.017024
2 2 0.005896 0.047901 0.854757 0.076602 0.014844
2 2 0.004403 0.040318 0.862756 0.080288 0.012234
2 2 0.004177 0.038743 0.859755 0.085642 0.011683
2 2 0.003952 0.036028 0.839688 0.109327 0.011005
2 2 0.004230 0.036499 0.822386 0.125503 0.011382
2 2 0.004468 0.036093 0.792680 0.155166 0.011594
2 2 0.004601 0.034830 0.755858 0.193112 0.011599
2 2 0.004217 0.030756 0.702782 0.251565 0.010679
2 2 0.004899 0.032048 0.666519 0.284978 0.011556
2 2 0.005102 0.030586 0.610253 0.342628 0.011431
2 2 0.005988 0.031799 0.565549 0.384367 0.012295
2 2 0.004794 0.025541 0.499853 0.459676 0.010136
3 2 0.003705 0.020628 0.452486 0.515038 0.008143
3 2 0.003908 0.020494 0.425768 0.541635 0.008194
3 2 0.005705 0.025554 0.420800 0.537582 0.010359
2 2 0.006085 0.028883 0.480400 0.473155 0.011477
2 2 0.006578 0.031740 0.516828 0.432365 0.012490
2 2 0.007162 0.033899 0.532109 0.413385 0.013445
2 2 0.013178 0.046785 0.499420 0.421132 0.019485
2 2 0.031742 0.073531 0.441534 0.420574 0.032618
3 2 0.067587 0.107241 0.379990 0.395149 0.050032
3 1 0.129674 0.146237 0.316267 0.336108 0.071715
3 1 0.150988 0.156184 0.299195 0.316188 0.077445
2 1 0.196638 0.191088 0.300461 0.217611 0.094202
2 2 0.132716 0.188201 0.431655 0.160811 0.086616
2 2 0.074582 0.165583 0.592995 0.096887 0.069954
2 2 0.021415 0.100776 0.785404 0.058563 0.033841
2 2 0.009708 0.068924 0.858656 0.041667 0.021045
2 2 0.005358 0.049862 0.890279 0.040131 0.014369
2 2 0.005078 0.049701 0.898731 0.032511 0.013979
2 2 0.003784 0.041791 0.908024 0.034800 0.011601
2 2 0.003284 0.038248 0.910820 0.037032 0.010616
2 2 0.002506 0.031158 0.904444 0.053072 0.008820
2 2 0.002533 0.030028 0.888407 0.070283 0.008749
2 2 0.002082 0.025698 0.871391 0.093254 0.007575
2 2 0.002149 0.025596 0.857465 0.107160 0.007630
2 2 0.002313 0.026072 0.840661 0.123049 0.007904
2 1 0.002809 0.026149 0.764920 0.197526 0.008596
2 1 0.005712 0.037058 0.708982 0.234901 0.013346
2 1 0.012313 0.054216 0.644584 0.267505 0.021382
2 2 0.021829 0.076386 0.633528 0.237289 0.030969
2 2 0.027244 0.089093 0.637805 0.209910 0.035949
2 2 0.026138 0.090299 0.662392 0.185738 0.035432
2 2 0.013977 0.068634 0.741624 0.151431 0.024333
2 2 0.008483 0.054883 0.799496 0.119090 0.018047
2 2 0.003100 0.032423 0.858148 0.096704 0.009625
2 2 0.001089 0.018090 0.888956 0.086918 0.004948
2 2 0.000528 0.012515 0.923136 0.060633 0.003188
2 2 0.000239 0.007937 0.935950 0.053920 0.001954
2 2 0.000154 0.006138 0.944189 0.048016 0.001504
2 2 0.000167 0.006423 0.945868 0.045938 0.001603
2 0 0.002589 0.029858 0.904977 0.052987 0.009589
2 0 0.054461 0.150360 0.671563 0.062558 0.061059
0 0 0.333251 0.209936 0.201328 0.130661 0.124824
0 0 0.333425 0.209776 0.201539 0.131316 0.123944
0 0 0.333425 0.209776 0.201539 0.131316 0.123944
0 0 0.333425 0.209776 0.201539 0.131316 0.123944
0 0 0.333425 0.209776 0.201539 0.131316 0.123944
0 0 0.333425 0.209776 0.201539 0.131316 0.123944
0 0 0.333425 0.209776 0.201539 0.131316 0.123944
0 0 0.333425 0.209776 0.201539 0.131316 0.123944
0 0 0.333425 0.209776 0.201539 0.131316 0.123944
0 0 0.333425 0.209776 0.201539 0.131316 0.123944
0 0 0.333425 0.209776 0.201539 0.131316 0.123944
0 0 0.332742 0.210378 0.200719 0.128816 0.127345
0 0 0.330921 0.211696 0.198654 0.122964 0.135766
0 0 0.333425 0.209776 0.201539 0.131316 0.123944
0 0 0.333425 0.209776 0.201539 0.131316 0.123944
0 0 0.333425 0.209776 0.201539 0.131316 0.123944
0 0 0.333425 0.209776 0.201539 0.131316 0.123944
0 0 0.333425 0.209776 0.201539 0.131316 0.123944
0 0 0.333425 0.209776 0.201539 0.131316 0.123944
0 0 0.333425 0.209776 0.201539 0.131316 0.123944
0 0 0.333425 0.209776 0.201539 0.131316 0.123944
0 0 0.333425 0.209776 0.201539 0.131316 0.123944
0 0 0.333425 0.209776 0.201539 0.131316 0.123944
0 0 0.333425 0.209776 0.201539 0.131316 0.123944
0 1 0.330660 0.211857 0.198370 0.122203 0.136911
0 1 0.322673 0.214820 0.190535 0.104297 0.167676
0 0 0.312518 0.215665 0.181819 0.089103 0.200895
0 1 0.297932 0.214149 0.170439 0.073671 0.243810
0 1 0.292103 0.212970 0.166123 0.068723 0.260081
0 1 0.301524 0.214733 0.173155 0.077011 0.233577
0 1 0.310125 0.215591 0.179881 0.086180 0.208223
0 0 0.312463 0.215664 0.181775 0.089034 0.201065
0 1 0.316202 0.215602 0.184879 0.094019 0.189299
0 1 0.319136 0.215369 0.187392 0.098374 0.179729
0 1 0.322138 0.214925 0.190050 0.103346 0.169540
0 1 0.317023 0.215554 0.185575 0.095194 0.186654
0 1 0.292119 0.212974 0.166135 0.068736 0.260036
4 1 0.266638 0.205299 0.148261 0.051847 0.327956
4 1 0.256776 0.201487 0.141664 0.046731 0.353342
4 1 0.248936 0.198189 0.136518 0.043065 0.373292
4 1 0.259576 0.202610 0.143522 0.048122 0.346169
4 0 0.275447 0.208346 0.154289 0.056992 0.304926
0 0 0.296855 0.213952 0.169633 0.072715 0.246845
0 1 0.310790 0.215620 0.180416 0.086973 0.206202
0 1 0.317910 0.215488 0.186332 0.096500 0.183769
0 1 0.323891 0.214547 0.191653 0.106551 0.163358
0 1 0.324107 0.214494 0.191853 0.106963 0.162583
0 1 0.298359 0.214225 0.170759 0.074055 0.242602
4 1 0.246578 0.197155 0.134985 0.042023 0.379258
4 1 0.231769 0.190240 0.125509 0.036038 0.416444
4 1 0.232589 0.190641 0.126028 0.036347 0.414396
4 1 0.250069 0.198679 0.137256 0.043575 0.370421
4 1 0.261279 0.203277 0.144658 0.048991 0.341795
4 1 0.261064 0.203194 0.144514 0.048881 0.342347
4 1 0.253857 0.200286 0.139738 0.045328 0.360792
4 1 0.265503 0.204881 0.147494 0.051226 0.330895
4 1 0.266268 0.205164 0.148010 0.051643 0.328915
4 1 0.245864 0.196838 0.134523 0.041713 0.381062
4 0 0.203033 0.175017 0.107745 0.026605 0.487600
4 1 0.182708 0.162982 0.095596 0.021241 0.537472
4 1 0.154778 0.144883 0.079386 0.015206 0.605747
4 1 0.138623 0.133614 0.070245 0.012295 0.645225
4 1 0.130845 0.127978 0.065903 0.011026 0.664248
4 1 0.139993 0.134592 0.071013 0.012527 0.641875
4 1 0.121264 0.147599 0.098660 0.010711 0.621766
4 1 0.163192 0.162518 0.102219 0.017799 0.554272
4 1 0.222705 0.189499 0.126833 0.033510 0.427453
4 1 0.269393 0.206291 0.150132 0.053392 0.320792
4 1 0.274538 0.208049 0.153660 0.056433 0.307319
0 0 0.295652 0.213720 0.168738 0.071672 0.250218
0 0 0.314970 0.215649 0.183845 0.092313 0.193223
0 1 0.326558 0.213762 0.194181 0.111977 0.153521
0 1 0.312984 0.215669 0.182202 0.089696 0.199449
0 1 0.285883 0.211440 0.161627 0.063978 0.277071
4 1 0.237324 0.215310 0.182200 0.045342 0.319823
4 1 0.188418 0.228837 0.262308 0.035982 0.284454
2 1 0.133797 0.228117 0.358345 0.025044 0.254697
2 1 0.055956 0.181854 0.591188 0.019367 0.151635
2 1 0.027135 0.138320 0.721196 0.013198 0.100152
2 1 0.032351 0.151311 0.680277 0.012456 0.123606
2 1 0.069538 0.199678 0.498204 0.015150 0.217430
2 2 0.074923 0.203396 0.493635 0.016608 0.211438
2 2 0.082145 0.208100 0.481982 0.018145 0.209629
2 1 0.116621 0.224745 0.380065 0.019538 0.259031
2 1 0.131694 0.227233 0.347752 0.022548 0.270773
2 2 0.116754 0.225411 0.389578 0.020121 0.248136
2 2 0.054441 0.180903 0.616699 0.016574 0.131382
2 2 0.011391 0.085322 0.861150 0.011026 0.031111
2 2 0.006330 0.061292 0.905353 0.010013 0.017012
2 2 0.002647 0.038289 0.939960 0.009265 0.009839
2 2 0.001013 0.021516 0.959947 0.012243 0.005281
2 2 0.000727 0.017315 0.962037 0.015728 0.004193
2 2 0.000544 0.014389 0.962746 0.018885 0.003436
2 2 0.000325 0.010563 0.965519 0.021148 0.002446
2 2 0.000407 0.012177 0.965941 0.018620 0.002855
2 2 0.000342 0.011164 0.970061 0.015848 0.002585
2 2 0.000317 0.010712 0.971328 0.015154 0.002489
2 2 0.000257 0.009563 0.973438 0.014560 0.002181
2 2 0.000320 0.011014 0.972804 0.013352 0.002511
2 2 0.000409 0.012780 0.971082 0.012785 0.002944
2 2 0.000416 0.012672 0.968622 0.015336 0.002954
2 2 0.000460 0.013233 0.965637 0.017540 0.003130
2 2 0.000382 0.011848 0.966042 0.018990 0.002737
2 2 0.000446 0.012970 0.964764 0.018811 0.003009
2 2 0.000305 0.010170 0.964185 0.023025 0.002315
2 2 0.000376 0.011410 0.960847 0.024742 0.002625
2 2 0.000328 0.010408 0.958602 0.028280 0.002381
2 2 0.000283 0.009425 0.957030 0.031090 0.002171
2 2 0.000168 0.006693 0.950671 0.040919 0.001550
2 2 0.000159 0.006207 0.938240 0.053909 0.001486
2 2 0.000173 0.006437 0.933028 0.058794 0.001568
2 2 0.000194 0.006645 0.916952 0.074540 0.001670
2 2 0.000211 0.006932 0.913510 0.077585 0.001764
2 2 0.000206 0.006727 0.905364 0.085972 0.001730
2 2 0.000217 0.007105 0.918001 0.072862 0.001815
2 1 0.000228 0.007160 0.910408 0.080337 0.001868
2 0 0.001813 0.023899 0.897208 0.069685 0.007395
2 1 0.013903 0.075113 0.818877 0.064455 0.027652
2 1 0.141996 0.201725 0.450645 0.108449 0.097185
0 2 0.290875 0.213978 0.242026 0.131444 0.121677
0 2 0.332407 0.210649 0.200326 0.127657 0.128960
0 2 0.333425 0.209776 0.201539 0.131316 0.123944
0 2 0.332142 0.210854 0.200020 0.126768 0.130216
0 2 0.327773 0.212832 0.201339 0.120507 0.137548
2 2 0.011532 0.076085 0.849841 0.038917 0.023626
2 2 0.007406 0.058690 0.871763 0.044320 0.017821
2 2 0.008507 0.061804 0.859378 0.050982 0.019329
2 2 0.009026 0.063632 0.854440 0.052963 0.019938
2 2 0.011674 0.074815 0.844778 0.045038 0.023694
2 2 0.006987 0.058012 0.880117 0.037540 0.017344
2 2 0.006405 0.053009 0.874358 0.049972 0.016255
2 2 0.006122 0.050317 0.867913 0.059932 0.015715
2 2 0.006837 0.051706 0.850805 0.073937 0.016715
2 2 0.007168 0.051796 0.838918 0.084981 0.017137
2 2 0.006130 0.047034 0.839209 0.092191 0.015435
2 2 0.006266 0.045164 0.807810 0.125555 0.015205
2 2 0.005750 0.041151 0.780935 0.158142 0.014022
2 2 0.005317 0.039900 0.786995 0.154536 0.013251
2 2 0.004047 0.034897 0.807385 0.142499 0.011171
2 3 0.003750 0.032856 0.799330 0.153494 0.010570
2 2 0.002441 0.025546 0.807627 0.156345 0.008041
2 2 0.002086 0.023429 0.814467 0.152764 0.007255
2 2 0.001371 0.019096 0.846611 0.127292 0.005629
2 2 0.001360 0.019054 0.850749 0.123167 0.005671
2 2 0.001071 0.016411 0.847097 0.130551 0.004870
2 2 0.001467 0.018881 0.816682 0.157088 0.005883
2 2 0.002489 0.025188 0.798985 0.165050 0.008288
2 2 0.004935 0.036298 0.766199 0.179671 0.012898
2 1 0.009285 0.051428 0.737789 0.182185 0.019313
2 1 0.022675 0.085929 0.701425 0.155943 0.034027
2 2 0.067789 0.155837 0.596514 0.114687 0.065173
2 1 0.108044 0.185450 0.511475 0.108924 0.086107
2 1 0.142620 0.202308 0.450465 0.107224 0.097383
2 2 0.098366 0.183953 0.544230 0.090954 0.082498
2 2 0.109125 0.192641 0.527959 0.083661 0.086614
2 2 0.070531 0.168323 0.626107 0.065208 0.069830
2 2 0.035886 0.129967 0.741070 0.044681 0.048397
2 2 0.024164 0.109685 0.791066 0.036460 0.038625
2 2 0.022678 0.106163 0.796491 0.037372 0.037296
2 2 0.026269 0.112134 0.775602 0.045268 0.040727
2 2 0.034659 0.125490 0.736846 0.055280 0.047725
2 2 0.046989 0.138267 0.680193 0.078877 0.055674
2 1 0.091696 0.179711 0.559263 0.089564 0.079767
2 2 0.106138 0.191338 0.531225 0.083306 0.087994
2 2 0.157999 0.215731 0.436428 0.082810 0.107032
2 1 0.224990 0.227128 0.341241 0.090998 0.115643
2 2 0.264940 0.226653 0.288714 0.098854 0.120840
2 2 0.250153 0.227717 0.308084 0.094861 0.119185
2 2 0.160038 0.217288 0.441482 0.078856 0.102337
2 2 0.128583 0.207336 0.500943 0.069932 0.093207
2 2 0.089298 0.187727 0.590046 0.054618 0.078311
2 2 0.046836 0.148054 0.708133 0.040452 0.056526
2 2 0.028912 0.120464 0.775149 0.032906 0.042569
2 2 0.031450 0.124602 0.763803 0.035437 0.044708
2 0 0.068498 0.170970 0.638421 0.050990 0.071121
2 0 0.139828 0.212769 0.481449 0.069282 0.096671
0 1 0.290632 0.221702 0.254198 0.110649 0.122819
0 1 0.333425 0.209776 0.201539 0.131316 0.123944
0 1 0.333425 0.209776 0.201539 0.131316 0.123944
0 1 0.333425 0.209776 0.201539 0.131316 0.123944
0 2 0.333425 0.209776 0.201539 0.131316 0.123944
0 2 0.333425 0.209776 0.201539 0.131316 0.123944
0 1 0.269483 0.228412 0.264589 0.089047 0.148469
2 1 0.071375 0.190334 0.554736 0.031969 0.151586
2 1 0.003426 0.042328 0.927821 0.015056 0.011369
2 2 0.002114 0.031672 0.940324 0.017649 0.008241
2 2 0.001726 0.027984 0.944485 0.018555 0.007249
2 2 0.001763 0.028724 0.945777 0.016389 0.007347
2 2 0.001866 0.030822 0.947671 0.011920 0.007720
2 2 0.001430 0.026359 0.953602 0.012099 0.006509
2 2 0.000975 0.020549 0.958829 0.014533 0.005114
2 2 0.001000 0.020375 0.956527 0.016882 0.005217
2 2 0.002719 0.037281 0.937760 0.012078 0.010162
2 2 0.005532 0.058918 0.904455 0.009905 0.021190
2 2 0.006159 0.061428 0.900992 0.011032 0.020389
2 2 0.010213 0.079268 0.869835 0.012930 0.027754
2 2 0.022456 0.119957 0.785580 0.014684 0.057323
2 1 0.047753 0.169483 0.658172 0.017462 0.107131
2 1 0.057055 0.182413 0.621630 0.017498 0.121406
2 1 0.071025 0.197739 0.576120 0.018046 0.137070
2 1 0.095735 0.218101 0.491326 0.018825 0.176013
2 1 0.108798 0.223197 0.404887 0.018359 0.244758
2 1 0.092883 0.215465 0.415823 0.015115 0.260715
4 1 0.108010 0.214147 0.319614 0.014523 0.343707
4 0 0.129496 0.190844 0.185934 0.014728 0.478998
4 4 0.158814 0.160376 0.100642 0.016913 0.563255
4 4 0.184174 0.163883 0.096462 0.021598 0.533882
4 0 0.202283 0.174591 0.107291 0.026390 0.489446
4 0 0.209220 0.178480 0.111507 0.028433 0.472361
4 4 0.200847 0.173771 0.106423 0.025982 0.492977
4 4 0.194580 0.170133 0.102654 0.024261 0.508372
4 4 0.220973 0.184784 0.118747 0.032197 0.443299
4 4 0.164456 0.192062 0.159224 0.020985 0.463273
4 4 0.172461 0.173363 0.116536 0.020393 0.517248
4 4 0.190672 0.167815 0.100319 0.023233 0.517961
4 4 0.155966 0.145689 0.080065 0.015435 0.602845
4 4 0.169399 0.154578 0.087805 0.018193 0.570025
4 4 0.176285 0.158977 0.091821 0.019728 0.553188
4 4 0.168812 0.173322 0.118129 0.019729 0.520007
4 4 0.155335 0.180816 0.140024 0.018076 0.505749
4 4 0.132980 0.185526 0.168116 0.014796 0.498581
4 4 0.115492 0.190907 0.203482 0.012592 0.477529
4 4 0.105576 0.204108 0.271609 0.012515 0.406192
4 4 0.099710 0.203900 0.285315 0.011682 0.399392
4 4 0.106645 0.207533 0.285686 0.013138 0.386998
4 4 0.119012 0.201693 0.235280 0.014218 0.429797
4 4 0.122940 0.190921 0.193751 0.013711 0.478676
4 4 0.118347 0.188678 0.192825 0.012823 0.487328
4 4 0.107778 0.190952 0.215332 0.011488 0.474450
4 4 0.109118 0.192522 0.218506 0.011811 0.468043
4 0 0.110433 0.193423 0.219466 0.012079 0.464598
4 4 0.117314 0.183960 0.180533 0.012296 0.505896
4 4 0.114273 0.185611 0.189028 0.011984 0.499105
4 4 0.123651 0.193326 0.200146 0.014047 0.468830
4 4 0.129538 0.186837 0.174895 0.014369 0.494361
4 1 0.146148 0.173319 0.130418 0.015881 0.534234
4 4 0.153738 0.167098 0.114373 0.016613 0.548178
4 4 0.145244 0.141948 0.078840 0.013647 0.620321
4 4 0.152393 0.146906 0.083030 0.014980 0.602691
4 4 0.159795 0.153578 0.089820 0.016565 0.580242
4 4 0.160222 0.148549 0.082504 0.016276 0.592449
4 4 0.174284 0.157722 0.090669 0.019274 0.558051
4 4 0.175399 0.160934 0.095035 0.019747 0.548885
4 4 0.164621 0.160969 0.099164 0.017911 0.557334
4 4 0.106444 0.203159 0.265291 0.012520 0.412586
4 4 0.103026 0.205476 0.284498 0.012340 0.394660
4 4 0.126232 0.221009 0.313749 0.019005 0.320005
4 4 0.186245 0.228258 0.261239 0.035015 0.289243
0 4 0.258964 0.223813 0.207139 0.060397 0.249687
0 4 0.286468 0.211595 0.162045 0.064403 0.275489
0 4 0.295222 0.213634 0.168419 0.071303 0.251422
0 0 0.319425 0.215336 0.187643 0.098827 0.178769
0 1 0.330028 0.212223 0.197693 0.120427 0.139628
0 1 0.321015 0.215119 0.189044 0.101416 0.173407
4 1 0.282696 0.210561 0.159361 0.061727 0.285655
4 1 0.277441 0.208983 0.155673 0.058245 0.299658
0 1 0.290293 0.212552 0.164804 0.067291 0.265060
0 1 0.304913 0.215171 0.175765 0.080406 0.223746
0 1 0.311774 0.215651 0.181213 0.088174 0.203187
0 1 0.315489 0.215632 0.184279 0.093024 0.191575
0 1 0.321602 0.215022 0.189568 0.102413 0.171396
0 1 0.327104 0.213564 0.194715 0.113186 0.151431
0 1 0.329378 0.212568 0.197011 0.118691 0.142351
0 0 0.330682 0.211843 0.198394 0.122268 0.136812
0 0 0.329266 0.212624 0.196895 0.118399 0.142816
0 1 0.325187 0.214201 0.192866 0.109094 0.158652
0 1 0.283257 0.224922 0.254386 0.099651 0.137783
2 1 0.254418 0.231473 0.274104 0.078097 0.161909
2 1 0.206910 0.236406 0.316134 0.053872 0.186678
2 1 0.182092 0.236575 0.345585 0.044439 0.191309
2 1 0.131356 0.226806 0.456345 0.035411 0.150083
2 1 0.060368 0.175147 0.649515 0.028098 0.086872
2 1 0.044378 0.156389 0.702324 0.022794 0.074115
2 2 0.026080 0.123438 0.781350 0.018542 0.050590
2 2 0.014880 0.094692 0.842430 0.014358 0.033640
2 2 0.003818 0.047672 0.927766 0.008222 0.012522
2 2 0.002522 0.038911 0.942219 0.006828 0.009520
2 2 0.002167 0.036043 0.946821 0.006318 0.008651
2 2 0.002224 0.036334 0.945893 0.006801 0.008748
2 2 0.001751 0.031111 0.951542 0.008159 0.007438
2 2 0.001582 0.028893 0.952952 0.009640 0.006932
2 2 0.001819 0.030912 0.949142 0.010541 0.007587
2 2 0.003540 0.044762 0.928872 0.011196 0.011630
2 1 0.008046 0.068478 0.890034 0.013037 0.020405
2 1 0.012664 0.086442 0.855648 0.015603 0.029643
2 1 0.020516 0.112507 0.801503 0.016442 0.049033
2 1 0.034780 0.144429 0.725649 0.019361 0.075781
2 1 0.052509 0.172709 0.649797 0.021091 0.103894
2 2 0.043940 0.158429 0.694828 0.020829 0.081975
2 2 0.018166 0.103142 0.826232 0.016071 0.036389
2 2 0.009187 0.073093 0.883658 0.012706 0.021357
2 2 0.004928 0.053826 0.916446 0.010274 0.014526
2 2 0.002403 0.035840 0.940657 0.012120 0.008980
2 2 0.000946 0.020435 0.957735 0.015989 0.004895
2 2 0.000574 0.014738 0.958352 0.022842 0.003494
2 2 0.000490 0.013321 0.957575 0.025472 0.003142
2 2 0.000392 0.011461 0.955408 0.030031 0.002709
2 2 0.000245 0.008574 0.954436 0.034765 0.001980
2 2 0.000231 0.008269 0.954599 0.035007 0.001894
2 2 0.000238 0.008483 0.955804 0.033532 0.001943
2 2 0.000227 0.008105 0.952439 0.037357 0.001873
2 2 0.000324 0.010024 0.950201 0.037103 0.002348
2 1 0.000900 0.018248 0.940057 0.036245 0.004551
2 2 0.004405 0.045983 0.904769 0.032060 0.012783
2 2 0.002289 0.033757 0.935853 0.019697 0.008404
2 2 0.001802 0.029340 0.941775 0.019841 0.007242
2 2 0.001189 0.022950 0.949314 0.021018 0.005528
2 2 0.000873 0.019085 0.953804 0.021685 0.004553
2 2 0.000622 0.015293 0.953639 0.026782 0.003664
2 2 0.000935 0.018916 0.942598 0.032794 0.004757
2 2 0.001323 0.022892 0.933579 0.036211 0.005994
2 2 0.001648 0.024428 0.912586 0.054455 0.006884
2 2 0.005260 0.044739 0.868842 0.066404 0.014754
2 1 0.045985 0.141227 0.695592 0.061430 0.055766
2 1 0.210886 0.223868 0.336779 0.094701 0.133767
0 1 0.321167 0.215094 0.189179 0.101672 0.172888
0 1 0.302520 0.214874 0.173917 0.077983 0.230706
0 1 0.306046 0.215290 0.176648 0.081600 0.220416
0 1 0.311535 0.215645 0.181019 0.087879 0.203922
0 1 0.281367 0.225831 0.251758 0.095447 0.145598
2 1 0.184211 0.224566 0.398629 0.078941 0.113653
2 1 0.053345 0.153837 0.683458 0.049287 0.060073
2 2 0.022194 0.106531 0.803300 0.031332 0.036644
2 2 0.006813 0.061555 0.895534 0.018697 0.017400
2 2 0.002221 0.034115 0.939395 0.015990 0.008279
2 2 0.001380 0.026065 0.951533 0.014869 0.006154
2 2 0.000866 0.019983 0.960233 0.014328 0.004591
2 2 0.000618 0.016274 0.963719 0.015693 0.003696
2 2 0.000326 0.010853 0.965748 0.020638 0.002435
2 2 0.000295 0.009871 0.960667 0.026891 0.002276
2 2 0.000337 0.010399 0.954416 0.032357 0.002490
2 2 0.000326 0.009735 0.942608 0.044918 0.002412
2 2 0.000264 0.008272 0.929956 0.059430 0.002078
2 2 0.000216 0.007173 0.919262 0.071553 0.001796
2 2 0.000333 0.008977 0.902005 0.086360 0.002325
2 2 0.000402 0.010051 0.901032 0.085900 0.002615
2 2 0.000467 0.010755 0.890640 0.095265 0.002873
2 2 0.000394 0.009037 0.846566 0.141503 0.002499
2 2 0.000435 0.009013 0.800031 0.187939 0.002582
2 2 0.000503 0.009266 0.752338 0.235140 0.002753
2 2 0.000584 0.009158 0.671048 0.316334 0.002876
2 2 0.000663 0.008379 0.538482 0.449642 0.002834
3 3 0.000760 0.007809 0.426422 0.562213 0.002796
3 2 0.000911 0.007621 0.342788 0.645821 0.002860
3 2 0.001023 0.008041 0.334156 0.653743 0.003037
3 2 0.001184 0.007391 0.251965 0.736476 0.002984
3 2 0.001474 0.008528 0.256743 0.729811 0.003445
3 2 0.001527 0.009468 0.295827 0.689446 0.003732
3 2 0.001694 0.012757 0.432322 0.548586 0.004640
3 2 0.001703 0.012928 0.439842 0.540823 0.004704
3 3 0.001838 0.012661 0.396783 0.583997 0.004721
3 3 0.001797 0.011177 0.331556 0.651150 0.004320
3 3 0.001785 0.010838 0.317562 0.665573 0.004242
3 2 0.001641 0.009866 0.295003 0.689581 0.003909
3 2 0.001495 0.008010 0.226856 0.760306 0.003333
3 2 0.001173 0.005244 0.138137 0.853107 0.002339
3 3 0.001069 0.004232 0.103728 0.888994 0.001976
3 3 0.000930 0.003701 0.093830 0.899815 0.001724
3 3 0.000911 0.003659 0.093999 0.899737 0.001694
3 3 0.001000 0.004189 0.107952 0.884969 0.001890
3 3 0.001123 0.004224 0.097135 0.895563 0.001955
3 3 0.001187 0.004355 0.097417 0.895013 0.002028
3 3 0.001219 0.005134 0.128357 0.862976 0.002314
3 3 0.001332 0.006359 0.172521 0.817015 0.002773
3 3 0.001192 0.003853 0.076665 0.916453 0.001837
3 3 0.001207 0.003867 0.075947 0.917140 0.001839
3 3 0.001200 0.003289 0.056725 0.937157 0.001629
3 3 0.001222 0.003325 0.056711 0.937096 0.001646
3 3 0.001412 0.003593 0.056336 0.936862 0.001798
3 3 0.001577 0.004003 0.061099 0.931313 0.002008
3 3 0.002031 0.004871 0.066867 0.923776 0.002455
3 3 0.002385 0.006353 0.090869 0.897304 0.003089
3 3 0.002728 0.007064 0.095136 0.891649 0.003422
3 3 0.002677 0.007823 0.116580 0.869269 0.003651
3 3 0.002666 0.007292 0.102652 0.883945 0.003445
3 3 0.002016 0.006390 0.108666 0.879994 0.002933
3 3 0.001524 0.004725 0.084817 0.906716 0.002218
3 3 0.000969 0.003382 0.075612 0.918443 0.001594
3 3 0.000763 0.002826 0.070455 0.924625 0.001330
3 3 0.000771 0.003133 0.084477 0.910173 0.001447
3 3 0.001029 0.003664 0.082505 0.911071 0.001731
3 3 0.001244 0.003677 0.067941 0.925315 0.001823
3 3 0.001491 0.003834 0.060552 0.932174 0.001949
3 3 0.001354 0.003470 0.056008 0.937399 0.001769
3 3 0.001449 0.003757 0.060104 0.932783 0.001908
3 3 0.001786 0.004178 0.059062 0.932810 0.002164
3 3 0.002222 0.004952 0.064289 0.925941 0.002596
3 2 0.001882 0.004302 0.059442 0.932115 0.002259
3 3 0.003107 0.007104 0.085733 0.900414 0.003643
3 2 0.005297 0.011155 0.109272 0.868597 0.005678
3 2 0.008625 0.020854 0.196261 0.764511 0.009749
3 2 0.006442 0.022778 0.305087 0.656135 0.009558
3 2 0.003886 0.021420 0.447525 0.519145 0.008024
2 2 0.003009 0.021671 0.573992 0.393703 0.007624
2 2 0.003568 0.026535 0.659473 0.301243 0.009182
2 3 0.003559 0.027502 0.690066 0.269416 0.009458
2 2 0.002495 0.022817 0.707270 0.259825 0.007593
2 2 0.002852 0.024490 0.701520 0.262862 0.008276
2 2 0.003892 0.026290 0.610947 0.349386 0.009484
2 3 0.003908 0.023134 0.506738 0.457536 0.008685
