3 3 0.005809 0.003900 0.033975 0.949171 0.007145
3 3 0.006909 0.004443 0.033567 0.946638 0.008443
3 3 0.008416 0.005202 0.033721 0.942399 0.010263
3 3 0.008479 0.005362 0.035771 0.939911 0.010477
3 3 0.010232 0.006662 0.042114 0.927903 0.013089
3 3 0.010889 0.007783 0.053169 0.913410 0.014750
3 3 0.010962 0.008736 0.067674 0.896847 0.015780
3 3 0.008412 0.006528 0.058608 0.914833 0.011619
3 3 0.007725 0.006013 0.056671 0.918996 0.010596
3 3 0.005663 0.004383 0.047526 0.934918 0.007509
3 3 0.004842 0.003662 0.041838 0.943415 0.006243
3 3 0.003437 0.002462 0.032398 0.957542 0.004161
3 3 0.003063 0.001992 0.025295 0.966171 0.003479
3 3 0.003152 0.001974 0.023914 0.967443 0.003518
3 3 0.003765 0.002282 0.024313 0.965440 0.004200
3 3 0.005239 0.003292 0.030167 0.955149 0.006153
3 3 0.007548 0.004826 0.036730 0.941620 0.009276
3 3 0.008617 0.005791 0.044097 0.930469 0.011025
3 3 0.009579 0.006546 0.048511 0.922863 0.012500
3 3 0.009474 0.006959 0.056144 0.914574 0.012849
3 3 0.010602 0.007194 0.050303 0.917979 0.013922
3 3 0.011155 0.007148 0.045121 0.922307 0.014269
3 3 0.011054 0.007036 0.044584 0.923250 0.014075
3 3 0.011417 0.007934 0.053916 0.911430 0.015303
3 3 0.012417 0.008510 0.054753 0.907661 0.016658
3 3 0.011337 0.008604 0.063841 0.900279 0.015940
3 3 0.010005 0.007785 0.063154 0.904971 0.014083
3 3 0.010488 0.008503 0.069463 0.896373 0.015173
3 3 0.008076 0.006685 0.064273 0.909455 0.011510
3 3 0.007141 0.005637 0.055543 0.921884 0.009795
3 3 0.005156 0.003915 0.043443 0.940782 0.006703
3 3 0.004763 0.003522 0.039526 0.946133 0.006056
3 3 0.003987 0.002823 0.033919 0.954404 0.004866
3 3 0.003745 0.002508 0.029703 0.959636 0.004407
3 3 0.003361 0.002231 0.027817 0.962695 0.003895
3 3 0.004118 0.002687 0.029827 0.958545 0.004823
3 3 0.004363 0.002915 0.031930 0.955587 0.005205
3 3 0.004652 0.003193 0.035081 0.951409 0.005666
3 3 0.004271 0.002923 0.033403 0.954251 0.005152
3 3 0.005224 0.003380 0.032142 0.953020 0.006233
3 3 0.006216 0.003831 0.030694 0.951913 0.007346
3 3 0.005675 0.003387 0.026950 0.957456 0.006532
3 3 0.005155 0.003039 0.024843 0.961124 0.005839
3 3 0.004309 0.002459 0.021481 0.967038 0.004713
3 3 0.004309 0.002669 0.025737 0.962358 0.004927
3 3 0.004476 0.002715 0.025794 0.961937 0.005078
3 3 0.004313 0.002877 0.031464 0.956212 0.005134
3 3 0.003606 0.002450 0.030431 0.959252 0.004261
3 3 0.004088 0.002925 0.035919 0.952036 0.005031
3 3 0.005712 0.004082 0.041722 0.941227 0.007257
3 3 0.007883 0.005654 0.048181 0.927923 0.010360
3 3 0.008662 0.006382 0.052130 0.921165 0.011661
3 3 0.009453 0.006820 0.052117 0.918919 0.012691
3 3 0.009332 0.006647 0.050872 0.920723 0.012425
3 3 0.009150 0.006656 0.051867 0.920027 0.012300
3 3 0.008809 0.007077 0.062218 0.909439 0.012458
3 3 0.008485 0.007022 0.066463 0.905876 0.012153
3 3 0.008966 0.007307 0.068262 0.902660 0.012805
3 3 0.007902 0.006128 0.060621 0.914506 0.010844
3 3 0.007843 0.006284 0.065608 0.909313 0.010951
2 3 0.249156 0.185418 0.471279 0.034953 0.059194
0 3 0.373218 0.240656 0.272783 0.023968 0.089375
0 0 0.421066 0.232712 0.241690 0.020853 0.083678
0 0 0.359779 0.255926 0.255879 0.023252 0.105164
0 0 0.368109 0.258731 0.253573 0.021368 0.098219
2 2 0.228323 0.305110 0.311741 0.020752 0.134073
2 1 0.257323 0.301595 0.333789 0.014296 0.092998
2 2 0.231474 0.312922 0.354154 0.012344 0.089106
2 1 0.224485 0.315469 0.355389 0.012545 0.092112
2 1 0.202203 0.324786 0.365911 0.011971 0.095129
2 1 0.210614 0.321298 0.362097 0.012167 0.093824
2 1 0.202564 0.325682 0.372051 0.010965 0.088738
2 2 0.188558 0.330354 0.386915 0.009827 0.084346
2 2 0.189691 0.332501 0.391679 0.008739 0.077390
2 2 0.177796 0.337676 0.401338 0.008005 0.075186
2 1 0.172928 0.339737 0.404462 0.007817 0.075056
2 2 0.160805 0.344591 0.406090 0.008063 0.080451
2 2 0.165995 0.342003 0.398152 0.008855 0.084996
2 2 0.150749 0.303296 0.458379 0.009945 0.077631
2 2 0.126493 0.255530 0.537574 0.011614 0.068788
2 2 0.092316 0.208566 0.628284 0.013413 0.057421
2 2 0.082353 0.215709 0.627475 0.012028 0.062435
2 1 0.069921 0.212030 0.655697 0.008778 0.053574
2 2 0.059899 0.182562 0.699783 0.009348 0.048407
2 2 0.079439 0.209972 0.649276 0.009208 0.052105
2 2 0.106435 0.254236 0.566269 0.009525 0.063535
2 2 0.161529 0.325149 0.416785 0.010027 0.086510
2 2 0.169906 0.337106 0.375071 0.011958 0.105959
2 1 0.157298 0.342258 0.380392 0.011606 0.108446
2 1 0.170183 0.333468 0.360721 0.014298 0.121330
2 2 0.175077 0.331584 0.359056 0.014396 0.119887
2 2 0.189824 0.323764 0.346734 0.016021 0.123658
2 1 0.192345 0.321440 0.341626 0.016906 0.127683
2 2 0.204226 0.317276 0.338712 0.016893 0.122894
2 2 0.207901 0.316727 0.340192 0.016391 0.118790
2 1 0.175685 0.330242 0.355027 0.015089 0.123956
2 2 0.139064 0.345189 0.370480 0.013626 0.131641
2 2 0.113469 0.358092 0.390125 0.011201 0.127113
2 2 0.127774 0.350474 0.377553 0.012764 0.131435
2 2 0.130852 0.351904 0.386439 0.011444 0.119361
2 1 0.156312 0.339921 0.369447 0.013327 0.120993
2 1 0.167747 0.338314 0.377553 0.011660 0.104725
2 1 0.180983 0.331450 0.365346 0.013070 0.109151
2 1 0.176722 0.329839 0.354658 0.015114 0.123666
2 2 0.169792 0.327675 0.342600 0.017666 0.142267
2 2 0.140635 0.342492 0.363250 0.014758 0.138865
2 2 0.112183 0.353035 0.372013 0.013726 0.149044
2 2 0.082012 0.365421 0.384945 0.011697 0.155925
2 2 0.080228 0.359967 0.368971 0.013702 0.177132
2 1 0.091508 0.354865 0.363032 0.014855 0.175740
2 1 0.113831 0.349236 0.362587 0.015165 0.159181
2 1 0.129809 0.344448 0.360618 0.015379 0.149746
2 1 0.140097 0.342155 0.361798 0.015011 0.140940
2 1 0.219290 0.314882 0.328848 0.017143 0.119837
0 0 0.377473 0.257941 0.262604 0.017932 0.084050
0 0 0.473154 0.219934 0.233997 0.014828 0.058087
0 0 0.521776 0.197915 0.220449 0.013139 0.046721
0 0 0.575778 0.172916 0.177988 0.018850 0.054468
0 0 0.643629 0.142276 0.133351 0.024548 0.056197
0 0 0.703687 0.111744 0.090017 0.034273 0.060278
0 0 0.570097 0.166704 0.152568 0.030914 0.079717
0 0 0.598725 0.153863 0.132106 0.034473 0.080834
0 0 0.574021 0.156228 0.127462 0.042868 0.099422
0 0 0.608171 0.138665 0.108398 0.047570 0.097195
0 0 0.605488 0.135109 0.104240 0.052151 0.103013
0 0 0.628240 0.125557 0.095682 0.052952 0.097567
0 0 0.613619 0.126304 0.092224 0.059225 0.108628
0 0 0.560482 0.138476 0.101649 0.066761 0.132632
0 0 0.507551 0.148762 0.108931 0.074894 0.159862
0 0 0.478191 0.152756 0.110431 0.080747 0.177875
0 0 0.480918 0.154707 0.114678 0.077264 0.172433
0 0 0.428764 0.163772 0.122133 0.083752 0.201580
0 0 0.392260 0.172030 0.132075 0.084752 0.218883
0 0 0.345856 0.177113 0.135563 0.090925 0.250544
0 0 0.330191 0.175730 0.131395 0.096076 0.266608
4 0 0.258269 0.172783 0.122915 0.111550 0.334482
4 0 0.201314 0.164497 0.111409 0.124430 0.398351
4 0 0.177985 0.159677 0.105972 0.129256 0.427111
4 0 0.173013 0.163376 0.111635 0.124968 0.427008
4 0 0.174205 0.162490 0.110255 0.125992 0.427059
4 0 0.177663 0.159916 0.106331 0.128977 0.427113
4 0 0.183482 0.158090 0.103391 0.131246 0.423791
4 0 0.190922 0.173340 0.125457 0.114965 0.395315
4 0 0.189330 0.179099 0.135046 0.108957 0.387568
4 0 0.193415 0.182762 0.141118 0.105179 0.377527
4 0 0.219354 0.186638 0.146996 0.100227 0.346785
0 0 0.310752 0.183915 0.145107 0.090817 0.269409
0 0 0.347442 0.179916 0.141243 0.087283 0.244117
0 0 0.370378 0.174988 0.134593 0.087257 0.232784
0 0 0.383337 0.173282 0.133149 0.085770 0.224461
0 0 0.406557 0.171827 0.134139 0.080767 0.206710
0 0 0.399556 0.170460 0.130163 0.084530 0.215291
0 0 0.338053 0.184316 0.140743 0.086545 0.250344
0 0 0.366885 0.198211 0.152948 0.069442 0.212514
0 0 0.448788 0.193241 0.154148 0.052347 0.151476
0 0 0.472394 0.201583 0.178027 0.035939 0.112057
0 0 0.548949 0.179222 0.171496 0.026080 0.074253
0 0 0.700995 0.122151 0.119360 0.018588 0.038905
0 0 0.792979 0.084710 0.077237 0.017563 0.027511
0 0 0.868479 0.054510 0.044938 0.014840 0.017232
0 0 0.833144 0.066814 0.053710 0.020357 0.025975
0 0 0.828242 0.069081 0.057443 0.019527 0.025707
0 0 0.802190 0.081667 0.072822 0.017118 0.026203
0 0 0.795857 0.084899 0.077315 0.016165 0.025764
0 0 0.817145 0.075448 0.066199 0.016859 0.024349
0 0 0.822598 0.070687 0.057681 0.021117 0.027916
0 0 0.794107 0.080220 0.065232 0.025035 0.035406
0 0 0.775517 0.086161 0.069713 0.027779 0.040829
0 0 0.797575 0.078046 0.060636 0.026896 0.036846
0 0 0.754741 0.091908 0.070106 0.033214 0.050031
0 0 0.708018 0.104325 0.077669 0.042076 0.067912
0 0 0.634875 0.122819 0.091928 0.053627 0.096751
0 0 0.608587 0.123398 0.085187 0.065719 0.117109
0 0 0.599588 0.122173 0.081019 0.071529 0.125691
0 0 0.652142 0.109284 0.070951 0.064392 0.103231
0 0 0.564694 0.133338 0.092892 0.071888 0.137187
0 0 0.347131 0.171980 0.126266 0.096574 0.258049
4 0 0.272738 0.170221 0.119081 0.112539 0.325421
4 0 0.283881 0.168559 0.116763 0.112781 0.318016
0 0 0.339573 0.171513 0.124753 0.098849 0.265312
0 0 0.405492 0.175043 0.140779 0.077124 0.201562
0 0 0.436294 0.181452 0.153767 0.061781 0.166706
0 0 0.578862 0.152966 0.131748 0.041585 0.094839
0 0 0.710883 0.113304 0.097296 0.027668 0.050850
0 0 0.721258 0.115814 0.107853 0.018321 0.036754
0 0 0.738237 0.109200 0.104569 0.016272 0.031721
0 0 0.789230 0.087530 0.083240 0.015087 0.024913
0 0 0.859973 0.058169 0.051907 0.013387 0.016564
0 0 0.880847 0.050124 0.042720 0.012359 0.013949
0 0 0.865142 0.055360 0.043997 0.016483 0.019017
0 0 0.773576 0.085692 0.066590 0.030332 0.043810
0 0 0.713436 0.104183 0.081854 0.038195 0.062332
0 0 0.695538 0.108647 0.084105 0.041847 0.069862
0 0 0.645859 0.121596 0.093438 0.049641 0.089466
0 0 0.614350 0.128555 0.097350 0.055579 0.104167
0 0 0.606276 0.127736 0.092920 0.060733 0.112336
0 0 0.609086 0.129429 0.097438 0.056919 0.107127
0 0 0.613921 0.131048 0.103128 0.052030 0.099873
0 0 0.663365 0.119962 0.097900 0.042195 0.076578
0 0 0.701955 0.108285 0.086776 0.038373 0.064611
0 0 0.710691 0.108942 0.088559 0.033686 0.058121
0 0 0.707951 0.108494 0.085385 0.036342 0.061828
0 0 0.704136 0.115222 0.098908 0.028638 0.053095
0 0 0.738013 0.102137 0.088853 0.026314 0.044683
0 0 0.783546 0.087087 0.076203 0.020811 0.032354
0 0 0.786610 0.084158 0.070154 0.023823 0.035256
0 0 0.764628 0.089402 0.071718 0.029737 0.044515
0 0 0.706092 0.107146 0.085864 0.037751 0.063148
0 0 0.697615 0.115337 0.096304 0.032142 0.058602
0 0 0.698357 0.122409 0.112858 0.021831 0.044547
0 0 0.691684 0.124872 0.117374 0.021435 0.044635
0 0 0.669990 0.133676 0.127393 0.021471 0.047471
0 0 0.641313 0.143327 0.135389 0.024153 0.055818
0 0 0.682106 0.127208 0.116348 0.024177 0.050161
0 0 0.738168 0.104499 0.090845 0.024119 0.042368
0 0 0.740212 0.102698 0.087715 0.025548 0.043827
0 0 0.721520 0.103270 0.084483 0.034309 0.056418
0 0 0.690626 0.113491 0.095680 0.036237 0.063966
0 0 0.636018 0.129284 0.109825 0.042497 0.082376
0 0 0.629214 0.130594 0.109670 0.044295 0.086228
0 0 0.616037 0.130089 0.101635 0.052403 0.099837
0 0 0.596634 0.131127 0.097005 0.060510 0.114725
0 0 0.422885 0.160590 0.115357 0.089496 0.211673
0 0 0.407668 0.164359 0.119909 0.089519 0.218545
0 0 0.315186 0.173531 0.126347 0.101687 0.283250
4 0 0.193284 0.167624 0.116460 0.121054 0.401578
4 0 0.165978 0.168599 0.120088 0.118967 0.426368
4 0 0.163688 0.170294 0.122956 0.117031 0.426032
4 0 0.165784 0.168742 0.120329 0.118803 0.426342
4 0 0.191218 0.173321 0.125408 0.114987 0.395066
4 0 0.293854 0.172872 0.124048 0.106331 0.302895
0 0 0.429062 0.162308 0.119425 0.085460 0.203745
0 0 0.561554 0.142145 0.109812 0.061168 0.125320
0 0 0.584421 0.136987 0.105877 0.057896 0.114819
0 0 0.536821 0.147995 0.115062 0.063935 0.136187
0 0 0.451981 0.163929 0.127021 0.075815 0.181254
0 0 0.375086 0.175981 0.137261 0.084813 0.226858
4 0 0.273014 0.182224 0.139421 0.099247 0.306094
4 0 0.193095 0.172480 0.123954 0.115881 0.394590
4 0 0.179851 0.158287 0.103910 0.130876 0.427077
4 0 0.275340 0.160567 0.104734 0.123100 0.336258
4 0 0.170492 0.165249 0.114603 0.122809 0.426847
4 0 0.171413 0.164566 0.113512 0.123596 0.426914
4 0 0.168198 0.166953 0.117363 0.120852 0.426634
4 0 0.161112 0.172197 0.126254 0.114862 0.425576
4 0 0.157543 0.174827 0.130951 0.111873 0.424806
4 0 0.157543 0.174827 0.130951 0.111873 0.424806
4 0 0.157543 0.174827 0.130951 0.111873 0.424806
4 0 0.157543 0.174827 0.130951 0.111873 0.424806
4 0 0.157543 0.174827 0.130951 0.111873 0.424806
4 0 0.157543 0.174827 0.130951 0.111873 0.424806
4 0 0.158310 0.175032 0.131197 0.111733 0.423728
4 0 0.180653 0.179412 0.136247 0.108509 0.395179
4 0 0.182343 0.178601 0.134727 0.109379 0.394950
4 0 0.203876 0.182637 0.140311 0.105111 0.368064
4 0 0.212116 0.182632 0.139956 0.104807 0.360490
4 0 0.234478 0.179542 0.134089 0.106618 0.345272
4 0 0.264605 0.171664 0.121212 0.112011 0.330508
4 0 0.279564 0.164770 0.110896 0.117707 0.327063
0 0 0.320872 0.159909 0.105158 0.116207 0.297853
0 0 0.346824 0.160077 0.106840 0.110502 0.275757
0 0 0.445020 0.151315 0.102729 0.093867 0.207069
0 0 0.481890 0.143731 0.095623 0.090817 0.187939
0 0 0.560374 0.127469 0.082249 0.081486 0.148422
0 0 0.628912 0.113429 0.072750 0.069881 0.115028
0 0 0.628307 0.118458 0.081147 0.063215 0.108873
0 0 0.605384 0.126280 0.089768 0.063212 0.115356
0 0 0.586497 0.132816 0.097453 0.062880 0.120354
0 0 0.561252 0.139208 0.103356 0.065415 0.130770
0 0 0.534162 0.142001 0.102007 0.073164 0.148666
0 0 0.564506 0.134000 0.094055 0.071080 0.136359
0 0 0.608535 0.128714 0.095685 0.058233 0.108833
0 0 0.614555 0.129052 0.098567 0.054735 0.103092
0 0 0.624190 0.124587 0.092034 0.056475 0.102714
0 0 0.622132 0.123159 0.088412 0.059568 0.106729
0 0 0.648115 0.117801 0.085695 0.054217 0.094172
0 0 0.592542 0.134455 0.102946 0.057674 0.112383
0 0 0.455055 0.159981 0.119677 0.079756 0.185531
0 0 0.371434 0.168056 0.121895 0.095163 0.243451
4 0 0.283938 0.170108 0.119197 0.111031 0.315725
4 0 0.253054 0.169599 0.117868 0.115654 0.343825
4 0 0.215283 0.167729 0.115597 0.120552 0.380839
4 0 0.185015 0.171247 0.122557 0.117084 0.404097
4 0 0.217524 0.172947 0.123568 0.114807 0.371155
0 0 0.346574 0.165696 0.115589 0.103995 0.268146
0 0 0.531757 0.137940 0.094235 0.079463 0.156605
0 0 0.722588 0.094493 0.063637 0.048414 0.070868
0 0 0.732984 0.095525 0.069717 0.040556 0.061218
0 0 0.768756 0.082851 0.056977 0.038746 0.052671
0 0 0.790506 0.071344 0.043175 0.043219 0.051756
0 0 0.841781 0.049819 0.024777 0.043442 0.040182
0 0 0.868281 0.036432 0.014936 0.046194 0.034157
0 0 0.888095 0.031502 0.012671 0.040241 0.027491
0 0 0.905897 0.030502 0.013801 0.029287 0.020513
0 0 0.910789 0.033222 0.017990 0.021362 0.016636
0 0 0.910209 0.033813 0.018687 0.020818 0.016473
0 0 0.888000 0.041135 0.023176 0.025420 0.022268
0 0 0.880602 0.046123 0.029122 0.022456 0.021696
0 0 0.851617 0.059081 0.043803 0.021051 0.024448
0 0 0.789206 0.082176 0.067919 0.024856 0.035842
0 0 0.368001 0.203495 0.165818 0.063170 0.199517
0 0 0.383992 0.194799 0.154214 0.067191 0.199803
0 0 0.394092 0.212311 0.180635 0.049523 0.163439
0 0 0.342914 0.243709 0.227822 0.036409 0.149145
0 0 0.350257 0.249577 0.247915 0.028667 0.123585
0 0 0.381524 0.243874 0.244411 0.025094 0.105097
0 0 0.453395 0.210393 0.193448 0.033052 0.109711
0 0 0.479074 0.189762 0.162525 0.043683 0.124956
0 0 0.492692 0.177252 0.148872 0.050000 0.131183
0 0 0.507554 0.158847 0.130109 0.061616 0.141875
0 0 0.512589 0.156726 0.127689 0.062112 0.140883
0 0 0.514355 0.157033 0.129098 0.060921 0.138593
0 0 0.443361 0.168871 0.135739 0.072479 0.179550
4 0 0.267595 0.183521 0.141598 0.098604 0.308682
4 0 0.195751 0.174325 0.126738 0.113932 0.389254
4 0 0.201058 0.168098 0.116749 0.120522 0.393573
4 0 0.251316 0.166043 0.112486 0.119792 0.350363
0 0 0.343120 0.160116 0.106663 0.111289 0.278811
0 0 0.438870 0.151480 0.102212 0.095635 0.211803
0 0 0.527564 0.135537 0.088856 0.084460 0.163583
0 0 0.603659 0.123062 0.079398 0.069915 0.123966
0 0 0.597817 0.130349 0.087234 0.064082 0.120517
0 0 0.594549 0.125734 0.082385 0.070281 0.127051
0 0 0.585010 0.122554 0.078837 0.077488 0.136111
0 0 0.601778 0.122426 0.081906 0.070194 0.123697
0 0 0.485449 0.142722 0.094533 0.090823 0.186473
0 0 0.362354 0.162036 0.111006 0.104532 0.260072
4 0 0.271952 0.164912 0.110967 0.118610 0.333560
0 0 0.362050 0.161466 0.110085 0.105277 0.261122
0 0 0.387806 0.160426 0.110785 0.099863 0.241120
0 0 0.463820 0.155005 0.111921 0.082987 0.186267
0 0 0.513363 0.144494 0.102187 0.078188 0.161768
0 0 0.614922 0.126215 0.092449 0.058715 0.107699
0 0 0.564875 0.139519 0.105072 0.063366 0.127169
0 0 0.562724 0.140826 0.107243 0.062503 0.126704
0 0 0.568020 0.136044 0.098811 0.066771 0.130354
0 0 0.610969 0.128426 0.095468 0.057602 0.107534
0 0 0.541253 0.150780 0.117765 0.059846 0.130356
0 0 0.518814 0.150677 0.115645 0.067853 0.147011
0 0 0.526422 0.142353 0.100969 0.075832 0.154423
0 0 0.451259 0.150850 0.102804 0.092405 0.202683
0 0 0.466225 0.140464 0.088741 0.100329 0.204241
0 0 0.314193 0.165952 0.113923 0.110519 0.295413
4 0 0.203296 0.177612 0.131718 0.110369 0.377005
4 0 0.183389 0.170343 0.121269 0.117998 0.407002
4 0 0.172618 0.163670 0.112096 0.124629 0.426988
4 0 0.171197 0.164726 0.113766 0.123412 0.426899
4 0 0.169862 0.165717 0.115356 0.122271 0.426794
4 0 0.207498 0.172504 0.123239 0.115667 0.381093
4 0 0.274923 0.177361 0.130876 0.104313 0.312526
4 0 0.263528 0.172447 0.122445 0.111281 0.330299
4 0 0.194268 0.172936 0.124605 0.115401 0.392791
4 0 0.217580 0.172443 0.122769 0.115346 0.371862
4 0 0.275188 0.177885 0.131788 0.103697 0.311442
0 0 0.293823 0.182061 0.140211 0.096075 0.287830
0 0 0.303424 0.183121 0.142920 0.093139 0.277397
0 0 0.352646 0.176041 0.134316 0.090535 0.246462
0 0 0.531227 0.143728 0.104629 0.072075 0.148341
0 0 0.729270 0.093833 0.064582 0.045538 0.066778
0 0 0.770287 0.089700 0.066892 0.029113 0.044008
0 0 0.788638 0.058078 0.026701 0.063810 0.062772
0 0 0.788963 0.061870 0.030608 0.058103 0.060457
0 0 0.752930 0.080635 0.048407 0.051677 0.066350
0 0 0.556626 0.142972 0.110063 0.062229 0.128110
0 0 0.344736 0.195705 0.169583 0.071133 0.218842
4 0 0.221184 0.186860 0.147369 0.099876 0.344710
4 0 0.253393 0.176573 0.129076 0.107961 0.332997
0 0 0.345099 0.153112 0.096712 0.119129 0.285947
4 0 0.183595 0.155499 0.099875 0.134142 0.426890
4 0 0.215541 0.152303 0.094192 0.137876 0.400087
4 0 0.277009 0.151717 0.092816 0.133195 0.345262
0 0 0.374654 0.151381 0.096066 0.114139 0.263761
0 0 0.439485 0.152150 0.103362 0.094617 0.210386
0 0 0.500326 0.145306 0.101163 0.082112 0.171092
0 0 0.507733 0.144871 0.101767 0.079868 0.165760
0 0 0.485783 0.148729 0.104564 0.083114 0.177811
0 0 0.451231 0.157503 0.114288 0.084162 0.192816
0 0 0.475095 0.154037 0.112222 0.080232 0.178414
0 0 0.444149 0.162573 0.122628 0.080207 0.190443
0 0 0.472795 0.160012 0.123611 0.073401 0.170181
0 0 0.530486 0.148225 0.113659 0.066326 0.141304
0 0 0.648157 0.116881 0.083794 0.055556 0.095613
0 0 0.580251 0.131982 0.094091 0.066886 0.126790
0 0 0.378411 0.163897 0.115526 0.098253 0.243914
0 0 0.434230 0.169974 0.123924 0.077725 0.194147
0 0 0.456589 0.179628 0.139559 0.061501 0.162723
0 0 0.511310 0.177284 0.148508 0.044754 0.118145
0 0 0.584959 0.144643 0.112421 0.050728 0.107249
0 0 0.634455 0.132454 0.102501 0.043878 0.086711
0 0 0.611916 0.138842 0.107590 0.046426 0.095226
0 0 0.569598 0.145286 0.112342 0.055602 0.117173
0 0 0.518113 0.145128 0.104335 0.075503 0.156921
0 0 0.494240 0.143881 0.097721 0.086181 0.177978
0 0 0.523628 0.134413 0.087167 0.087212 0.167580
0 0 0.439732 0.159309 0.115655 0.085726 0.199577
0 0 0.302486 0.175792 0.129446 0.101539 0.290738
4 0 0.271984 0.182164 0.139272 0.099463 0.307118
0 0 0.309942 0.181628 0.140593 0.093561 0.274275
0 0 0.393946 0.172363 0.133013 0.083863 0.216815
0 0 0.441073 0.164434 0.125736 0.078904 0.189854
0 0 0.462677 0.156287 0.114081 0.081772 0.185183
0 0 0.412594 0.162851 0.117900 0.089877 0.216777
0 0 0.404453 0.163219 0.117436 0.091838 0.223054
0 0 0.414317 0.162508 0.117533 0.089775 0.215866
0 0 0.449977 0.155779 0.110977 0.086725 0.196541
0 0 0.486095 0.151729 0.110056 0.079179 0.172941
0 0 0.494578 0.152286 0.112908 0.075290 0.164937
0 0 0.482307 0.153372 0.112394 0.078467 0.173460
0 0 0.470727 0.153481 0.110380 0.082489 0.182923
0 0 0.445903 0.157690 0.113732 0.085706 0.196970
0 0 0.416765 0.162402 0.117695 0.089164 0.213974
0 0 0.403358 0.166154 0.122563 0.088620 0.219305
0 0 0.504090 0.146982 0.104860 0.078537 0.165531
0 0 0.614669 0.121041 0.082424 0.066125 0.115740
0 0 0.594564 0.142601 0.106646 0.050614 0.105576
0 1 0.465992 0.187549 0.154026 0.050679 0.141754
0 1 0.367448 0.205952 0.178219 0.058907 0.189474
0 1 0.335468 0.209597 0.186067 0.061701 0.207167
1 1 0.193935 0.271667 0.246649 0.043814 0.243935
1 1 0.151328 0.289368 0.263603 0.038303 0.257398
