0 0 0.471572 0.197872 0.147055 0.005238 0.178263
0 0 0.425118 0.214367 0.121370 0.003000 0.236145
0 0 0.406173 0.207538 0.085338 0.001926 0.299026
4 0 0.328209 0.216626 0.073632 0.001797 0.379736
4 1 0.343197 0.200393 0.062459 0.002072 0.391880
4 1 0.323260 0.180068 0.049577 0.002469 0.444626
4 1 0.367615 0.151461 0.031549 0.001512 0.447863
4 1 0.295889 0.140975 0.028123 0.002009 0.533004
4 4 0.360705 0.140895 0.026716 0.001435 0.470249
4 4 0.384935 0.150940 0.032614 0.001907 0.429603
4 4 0.372125 0.169022 0.041267 0.001751 0.415836
4 4 0.345216 0.198013 0.061339 0.002208 0.393224
4 4 0.321630 0.221705 0.081981 0.002442 0.372241
4 4 0.306780 0.233348 0.099647 0.003558 0.356667
4 4 0.290588 0.246958 0.117615 0.003796 0.341043
4 4 0.288981 0.249586 0.117879 0.003261 0.340293
4 4 0.244992 0.249986 0.125302 0.004692 0.375027
4 4 0.229876 0.247326 0.128113 0.006165 0.388520
4 4 0.198014 0.239359 0.119512 0.006349 0.436766
4 4 0.220399 0.244210 0.120191 0.005208 0.409991
4 4 0.206961 0.238268 0.117233 0.006322 0.431216
4 4 0.171154 0.251709 0.146127 0.007720 0.423290
4 4 0.188743 0.243143 0.124631 0.006074 0.437409
4 4 0.160376 0.275779 0.194253 0.007178 0.362415
4 4 0.167915 0.288217 0.223340 0.006505 0.314024
1 4 0.141825 0.298046 0.275269 0.006607 0.278253
2 4 0.118165 0.300614 0.357660 0.007354 0.216207
2 4 0.100918 0.293852 0.427180 0.007799 0.170251
2 1 0.087408 0.282186 0.486150 0.008258 0.135998
2 1 0.070226 0.253333 0.571951 0.008632 0.095857
2 1 0.083129 0.270507 0.529049 0.007952 0.109363
2 1 0.090916 0.279278 0.503999 0.007448 0.118360
2 1 0.073923 0.256331 0.561475 0.008922 0.099349
2 1 0.035500 0.180580 0.718806 0.011468 0.053646
2 1 0.038030 0.185191 0.707404 0.012422 0.056953
2 1 0.027010 0.154094 0.763727 0.011727 0.043442
2 1 0.022211 0.132434 0.792740 0.014672 0.037943
2 2 0.017709 0.109776 0.820084 0.019908 0.032522
2 2 0.014655 0.075841 0.860807 0.029645 0.019052
2 2 0.013897 0.059892 0.872982 0.039809 0.013421
2 2 0.016585 0.062455 0.858312 0.048157 0.014491
2 2 0.013365 0.049218 0.871436 0.055471 0.010510
2 2 0.009146 0.031911 0.883331 0.069795 0.005817
2 2 0.008190 0.030485 0.889170 0.066644 0.005512
2 2 0.008315 0.024704 0.869626 0.093219 0.004136
2 3 0.012125 0.026819 0.831728 0.124728 0.004600
2 3 0.010940 0.023099 0.828225 0.134030 0.003706
2 3 0.012466 0.029352 0.846273 0.106875 0.005034
2 3 0.011790 0.028580 0.852687 0.102146 0.004797
2 3 0.016543 0.037945 0.839784 0.098666 0.007062
2 3 0.013402 0.035255 0.862047 0.083052 0.006244
2 3 0.008750 0.029085 0.891383 0.066022 0.004760
2 3 0.005498 0.023406 0.912780 0.054693 0.003623
2 3 0.005968 0.022414 0.900956 0.067186 0.003476
2 3 0.007271 0.019888 0.866254 0.103598 0.002989
2 3 0.011451 0.020806 0.798314 0.166149 0.003281
2 3 0.014377 0.016118 0.676051 0.290985 0.002469
2 3 0.019078 0.013943 0.546251 0.418555 0.002174
3 3 0.032774 0.017242 0.446258 0.500561 0.003165
3 3 0.042304 0.019137 0.419885 0.515070 0.003605
3 3 0.035675 0.018354 0.440878 0.501625 0.003468
3 3 0.038611 0.017344 0.389051 0.551628 0.003367
3 3 0.039813 0.017781 0.330001 0.608310 0.004095
3 3 0.051173 0.021541 0.225788 0.694050 0.007448
3 3 0.059046 0.024295 0.182352 0.723727 0.010579
3 3 0.059541 0.023267 0.170393 0.736441 0.010359
3 3 0.047479 0.020376 0.183989 0.739829 0.008327
3 3 0.044587 0.017795 0.167952 0.762437 0.007229
3 3 0.038702 0.016675 0.162281 0.775275 0.007067
3 3 0.028890 0.012606 0.148386 0.805110 0.005008
3 3 0.031065 0.014828 0.156027 0.791676 0.006405
3 3 0.037213 0.016814 0.168459 0.770524 0.006990
3 3 0.034398 0.014899 0.162556 0.782253 0.005895
3 3 0.035811 0.015894 0.177579 0.764630 0.006086
3 3 0.028334 0.014391 0.186016 0.765809 0.005450
3 3 0.028134 0.013822 0.183089 0.769845 0.005111
3 3 0.029799 0.015268 0.199427 0.749886 0.005620
3 3 0.040184 0.018116 0.189510 0.745139 0.007050
3 3 0.045356 0.019005 0.170045 0.757598 0.007996
3 3 0.055467 0.018623 0.153863 0.764238 0.007809
3 3 0.055299 0.020918 0.154281 0.759340 0.010161
3 3 0.046199 0.018995 0.146498 0.778609 0.009699
3 3 0.027292 0.013863 0.134271 0.817560 0.007013
3 3 0.020727 0.010109 0.114848 0.849515 0.004800
3 3 0.017818 0.008249 0.102654 0.867502 0.003778
3 3 0.025175 0.010655 0.114707 0.844575 0.004889
3 3 0.026619 0.010384 0.122396 0.836439 0.004162
3 3 0.037176 0.013827 0.148094 0.795650 0.005253
3 3 0.038358 0.013625 0.136750 0.805906 0.005361
3 3 0.056973 0.017806 0.145163 0.772501 0.007557
3 3 0.071448 0.022302 0.156628 0.739333 0.010290
3 3 0.070323 0.022892 0.166509 0.730000 0.010276
3 3 0.051428 0.019541 0.160074 0.760192 0.008765
3 3 0.044617 0.016474 0.142781 0.788695 0.007432
3 3 0.054944 0.018723 0.143303 0.773990 0.009039
3 3 0.053527 0.020311 0.151492 0.764437 0.010234
3 3 0.049339 0.019082 0.141990 0.779661 0.009927
3 3 0.071060 0.018283 0.126125 0.775617 0.008915
3 3 0.115105 0.020117 0.148200 0.708511 0.008068
3 3 0.115421 0.017527 0.145350 0.715602 0.006101
3 3 0.092528 0.015708 0.133457 0.752624 0.005683
3 3 0.050259 0.008685 0.097029 0.841129 0.002898
3 3 0.044840 0.008248 0.090966 0.852883 0.003063
3 3 0.042426 0.008456 0.089743 0.856064 0.003311
3 3 0.038867 0.010857 0.103119 0.842473 0.004684
3 3 0.025684 0.009137 0.101622 0.859589 0.003968
3 3 0.026777 0.009673 0.099773 0.859316 0.004462
3 3 0.054542 0.015738 0.112133 0.809482 0.008106
3 3 0.096337 0.024224 0.145933 0.721133 0.012373
3 3 0.107057 0.027448 0.154120 0.696907 0.014468
3 3 0.073259 0.019998 0.128309 0.767639 0.010795
3 3 0.028792 0.008565 0.078481 0.879793 0.004369
3 3 0.024860 0.008070 0.073283 0.889384 0.004402
3 3 0.018106 0.006285 0.064948 0.907465 0.003196
3 3 0.015601 0.006276 0.072288 0.902716 0.003119
3 3 0.015552 0.006379 0.081531 0.893614 0.002924
3 3 0.023025 0.008233 0.092707 0.872351 0.003684
3 3 0.031362 0.011223 0.120395 0.832235 0.004785
3 3 0.035086 0.013162 0.131743 0.814236 0.005772
3 3 0.026848 0.012355 0.126485 0.828421 0.005891
3 3 0.030993 0.008694 0.079847 0.875923 0.004542
3 3 0.019611 0.005917 0.064263 0.907243 0.002966
3 3 0.015719 0.005610 0.067412 0.908510 0.002749
3 3 0.035242 0.009321 0.085511 0.865397 0.004529
3 3 0.066762 0.012805 0.113830 0.801391 0.005212
3 3 0.081581 0.013653 0.122328 0.777139 0.005299
3 3 0.091266 0.018799 0.135238 0.746059 0.008638
3 3 0.091826 0.019640 0.135929 0.743052 0.009553
3 3 0.108886 0.025735 0.149910 0.701262 0.014207
3 3 0.106655 0.023970 0.145866 0.710291 0.013219
3 3 0.122970 0.023970 0.153483 0.688037 0.011539
3 3 0.180352 0.030507 0.177515 0.597738 0.013888
0 3 0.389949 0.051866 0.211524 0.324202 0.022459
0 3 0.401483 0.050706 0.216356 0.313129 0.018327
0 3 0.396448 0.057826 0.221758 0.302100 0.021868
0 3 0.449169 0.062221 0.220298 0.246016 0.022296
0 3 0.408392 0.084392 0.275235 0.200569 0.031412
2 2 0.281559 0.114236 0.422209 0.142292 0.039703
2 2 0.289194 0.129119 0.415252 0.119701 0.046735
2 2 0.257762 0.103646 0.424173 0.181528 0.032891
0 2 0.377757 0.119859 0.352581 0.107162 0.042641
0 2 0.465475 0.123354 0.310973 0.054270 0.045928
0 1 0.516410 0.131399 0.267041 0.029771 0.055378
0 1 0.607421 0.116946 0.184025 0.028403 0.063204
0 0 0.647436 0.113100 0.139710 0.023730 0.076024
0 1 0.639708 0.112515 0.123182 0.034486 0.090110
0 1 0.545244 0.143458 0.161990 0.037257 0.112050
0 0 0.387994 0.194379 0.221696 0.042274 0.153656
0 1 0.301400 0.223276 0.266364 0.040037 0.168923
2 1 0.172700 0.227191 0.429637 0.043709 0.126764
2 1 0.114845 0.210358 0.545096 0.037332 0.092369
2 2 0.031933 0.112628 0.780600 0.040833 0.034005
2 2 0.013547 0.053241 0.870641 0.050727 0.011844
2 2 0.009628 0.032777 0.878800 0.072697 0.006098
2 2 0.007380 0.026231 0.883775 0.078004 0.004611
2 2 0.005913 0.022021 0.891733 0.076730 0.003602
2 2 0.004637 0.026466 0.919785 0.044378 0.004733
2 2 0.003974 0.031736 0.928272 0.029654 0.006363
2 2 0.003813 0.039442 0.927554 0.020402 0.008788
2 2 0.003494 0.040252 0.930877 0.016559 0.008819
2 2 0.003178 0.039001 0.935902 0.013857 0.008061
2 2 0.002972 0.037860 0.938819 0.012757 0.007593
2 2 0.003074 0.037757 0.936554 0.014728 0.007887
2 2 0.004211 0.044517 0.922197 0.018740 0.010336
2 2 0.005826 0.046449 0.909100 0.027558 0.011066
2 2 0.006830 0.043802 0.904601 0.034908 0.009859
2 2 0.010858 0.055292 0.876596 0.043562 0.013692
2 2 0.018669 0.068140 0.835490 0.059563 0.018139
2 2 0.031394 0.107369 0.773347 0.052847 0.035043
2 2 0.025023 0.098628 0.801674 0.044414 0.030261
2 2 0.020744 0.093504 0.816994 0.040173 0.028585
2 2 0.011621 0.062914 0.869644 0.039227 0.016593
2 2 0.008867 0.059756 0.883097 0.032317 0.015963
2 2 0.007059 0.059251 0.892910 0.024828 0.015952
2 2 0.005982 0.054731 0.904248 0.021227 0.013811
2 2 0.005651 0.054125 0.908869 0.018307 0.013047
2 2 0.007776 0.068020 0.891519 0.016032 0.016653
2 2 0.012514 0.092144 0.855269 0.015800 0.024273
2 0 0.038730 0.163559 0.710889 0.026715 0.060108
2 1 0.171349 0.245590 0.431616 0.027885 0.123560
2 1 0.022654 0.131261 0.790554 0.016613 0.038918
2 2 0.023002 0.128102 0.788611 0.020275 0.040011
2 2 0.024826 0.135642 0.778422 0.018872 0.042239
2 2 0.024627 0.136626 0.779440 0.017570 0.041737
2 2 0.016015 0.108414 0.831314 0.014894 0.029364
2 2 0.014702 0.104029 0.840047 0.013922 0.027300
2 2 0.012124 0.091899 0.858215 0.014278 0.023484
2 2 0.015669 0.107038 0.833600 0.014839 0.028854
2 2 0.021260 0.125198 0.798774 0.017578 0.037190
2 2 0.023792 0.134155 0.784117 0.017352 0.040584
2 2 0.025033 0.135279 0.777277 0.019744 0.042667
2 2 0.036125 0.166392 0.720439 0.020152 0.056893
2 2 0.035386 0.163065 0.724103 0.021227 0.056218
2 2 0.035528 0.162195 0.723466 0.022213 0.056597
2 2 0.030395 0.147473 0.748751 0.023105 0.050277
2 2 0.022311 0.127366 0.792647 0.018838 0.038838
2 2 0.020257 0.121842 0.804736 0.017390 0.035774
2 2 0.013752 0.097967 0.846599 0.015559 0.026122
2 2 0.011527 0.084859 0.861628 0.018927 0.023059
2 2 0.015690 0.091581 0.842677 0.024518 0.025533
2 2 0.027564 0.134391 0.769273 0.024688 0.044084
2 2 0.041041 0.169282 0.709702 0.022269 0.057705
2 2 0.094519 0.230934 0.547452 0.026592 0.100504
2 2 0.191577 0.257793 0.389228 0.019259 0.142143
2 2 0.229909 0.273907 0.289232 0.010576 0.196375
2 0 0.183105 0.286831 0.326443 0.010536 0.193084
2 0 0.166832 0.290544 0.324363 0.012609 0.205652
2 0 0.134716 0.284317 0.396630 0.014572 0.169765
2 1 0.127214 0.288301 0.412188 0.011777 0.160519
2 1 0.058267 0.217069 0.625867 0.014962 0.083836
2 2 0.038572 0.177265 0.708345 0.015664 0.060155
2 2 0.030894 0.159839 0.736686 0.018066 0.054515
2 2 0.050325 0.208320 0.634363 0.016617 0.090375
2 2 0.036424 0.172423 0.708018 0.020441 0.062694
2 2 0.070662 0.219768 0.584860 0.022610 0.102100
2 2 0.066032 0.215865 0.600757 0.021343 0.096002
2 2 0.077634 0.233946 0.560558 0.017821 0.110041
2 2 0.044554 0.182232 0.682508 0.022899 0.067807
2 2 0.039558 0.170762 0.704615 0.023315 0.061750
2 2 0.038542 0.172688 0.711937 0.018822 0.058011
2 2 0.038787 0.177487 0.707050 0.017289 0.059387
2 2 0.039767 0.182816 0.701672 0.015674 0.060071
2 2 0.060772 0.226204 0.613205 0.016366 0.083453
2 2 0.055088 0.217981 0.634740 0.015209 0.076981
2 2 0.067106 0.231649 0.591968 0.016938 0.092339
2 2 0.056658 0.212406 0.632021 0.017668 0.081246
2 2 0.034534 0.167235 0.727313 0.016777 0.054142
2 2 0.040804 0.178654 0.698467 0.019672 0.062403
2 2 0.066476 0.225541 0.595287 0.020600 0.092096
2 2 0.071196 0.237182 0.577375 0.017749 0.096498
2 2 0.093431 0.263064 0.505841 0.015935 0.121729
2 2 0.114882 0.284344 0.443078 0.011639 0.146057
2 2 0.087726 0.262715 0.521275 0.012930 0.115353
2 2 0.119841 0.287937 0.429413 0.010652 0.152158
2 2 0.129854 0.293784 0.402848 0.009152 0.164362
2 0 0.148044 0.297471 0.360143 0.008716 0.185624
2 0 0.158918 0.300030 0.334878 0.007646 0.198528
1 0 0.176591 0.298737 0.298635 0.007440 0.218597
2 1 0.163518 0.296524 0.327666 0.009205 0.203087
1 1 0.189470 0.293980 0.275727 0.008403 0.232420
2 1 0.152487 0.297561 0.350475 0.008776 0.190700
2 1 0.164340 0.298595 0.324446 0.008167 0.204453
1 1 0.250850 0.276515 0.238271 0.006789 0.227574
0 1 0.475353 0.195761 0.164853 0.005935 0.158099
0 1 0.820057 0.068672 0.056741 0.002595 0.051935
0 1 0.931589 0.026047 0.024071 0.001342 0.016952
0 1 0.980348 0.007484 0.008602 0.000239 0.003327
0 1 0.992505 0.002531 0.004161 0.000080 0.000723
0 0 0.995743 0.001251 0.002702 0.000044 0.000261
0 0 0.995975 0.000884 0.002949 0.000065 0.000128
0 0 0.995382 0.001363 0.002916 0.000050 0.000290
0 0 0.994926 0.001726 0.002847 0.000041 0.000459
0 0 0.991360 0.003145 0.004366 0.000080 0.001050
0 0 0.987077 0.004481 0.006756 0.000180 0.001505
0 0 0.980403 0.007597 0.008268 0.000216 0.003517
0 0 0.968940 0.012207 0.011776 0.000380 0.006697
0 0 0.924496 0.029269 0.023631 0.001213 0.021390
0 0 0.844812 0.058160 0.034878 0.002185 0.059965
0 0 0.672159 0.111273 0.051322 0.004433 0.160814
0 0 0.399185 0.212134 0.109467 0.004695 0.274519
4 0 0.280511 0.255788 0.128531 0.003554 0.331616
4 0 0.248364 0.278243 0.170680 0.003843 0.298869
4 0 0.261476 0.269216 0.153211 0.003903 0.312193
4 0 0.287550 0.252920 0.116758 0.002512 0.340260
4 0 0.301111 0.241545 0.101371 0.002309 0.353663
4 0 0.275978 0.260210 0.132945 0.003247 0.327619
4 0 0.266340 0.268806 0.143354 0.002865 0.318635
1 1 0.201835 0.300724 0.244359 0.004257 0.248825
1 1 0.169394 0.308030 0.305704 0.004543 0.212329
2 1 0.148022 0.304682 0.354530 0.005828 0.186939
2 1 0.124396 0.300760 0.356614 0.007426 0.210804
2 1 0.096848 0.294403 0.403854 0.008501 0.196393
2 1 0.095666 0.294837 0.343418 0.008408 0.257670
2 1 0.105995 0.299438 0.333132 0.007000 0.254435
1 1 0.135029 0.304359 0.299430 0.005428 0.255755
1 1 0.173324 0.303167 0.292774 0.005710 0.225025
4 1 0.265923 0.267320 0.146010 0.003437 0.317310
4 0 0.307536 0.235274 0.095351 0.002426 0.359413
0 0 0.469118 0.182740 0.088105 0.004996 0.255040
0 0 0.771455 0.080670 0.036212 0.002132 0.109531
0 0 0.943457 0.022783 0.014955 0.000477 0.018328
0 0 0.978180 0.008427 0.009154 0.000259 0.003980
0 0 0.973478 0.010437 0.010307 0.000303 0.005475
0 0 0.970761 0.012179 0.008551 0.000181 0.008328
0 0 0.970542 0.012203 0.008966 0.000202 0.008087
0 0 0.968423 0.013045 0.009506 0.000223 0.008802
0 0 0.948669 0.020685 0.014698 0.000481 0.015467
0 0 0.726915 0.097436 0.074679 0.008551 0.092419
0 0 0.649576 0.126807 0.093431 0.007769 0.122417
0 0 0.441479 0.203961 0.147946 0.007646 0.198968
0 0 0.318895 0.249379 0.215501 0.008242 0.207982
2 0 0.169207 0.301355 0.312014 0.006784 0.210640
2 0 0.108110 0.288081 0.456718 0.008155 0.138936
2 0 0.081736 0.274437 0.465510 0.011657 0.166659
2 0 0.056036 0.256556 0.451405 0.016440 0.219563
2 0 0.045603 0.247482 0.431874 0.018703 0.256339
4 0 0.058612 0.259171 0.304224 0.017002 0.360991
4 0 0.081956 0.255120 0.203872 0.010560 0.448491
4 0 0.099851 0.243605 0.161951 0.009544 0.485049
4 0 0.116625 0.223935 0.117956 0.007420 0.534064
4 0 0.126085 0.212859 0.102479 0.007737 0.550840
4 0 0.131847 0.182527 0.069903 0.007075 0.608648
4 0 0.136147 0.195351 0.080083 0.006725 0.581695
4 0 0.164678 0.183763 0.061657 0.004248 0.585654
4 0 0.217604 0.196441 0.063410 0.002802 0.519743
4 0 0.258230 0.222971 0.079830 0.002012 0.436958
4 0 0.181402 0.270040 0.156719 0.003979 0.387859
4 0 0.134234 0.293260 0.243264 0.005655 0.323588
4 0 0.109006 0.294399 0.293454 0.007496 0.295644
4 0 0.142605 0.297347 0.256703 0.005676 0.297669
4 0 0.122851 0.281728 0.227888 0.007539 0.359995
4 0 0.094310 0.263751 0.215901 0.010853 0.415185
4 0 0.091347 0.239488 0.164247 0.011094 0.493825
4 0 0.106152 0.254719 0.184696 0.010764 0.443670
4 0 0.162361 0.246248 0.138208 0.007511 0.445672
4 0 0.149433 0.260041 0.168909 0.008482 0.413135
4 0 0.147332 0.261309 0.173424 0.008814 0.409121
4 0 0.126356 0.280562 0.270036 0.014624 0.308423
2 0 0.132443 0.288709 0.317566 0.013720 0.247561
2 1 0.115215 0.282979 0.396116 0.015560 0.190131
2 1 0.135469 0.291791 0.374423 0.011771 0.186546
2 1 0.099231 0.273657 0.463756 0.013092 0.150264
2 1 0.080501 0.269390 0.492030 0.012482 0.145596
2 0 0.116445 0.291218 0.435146 0.008387 0.148804
2 0 0.150148 0.300115 0.353642 0.007582 0.188513
2 1 0.148450 0.298432 0.358575 0.008281 0.186263
2 1 0.128300 0.294768 0.405667 0.008506 0.162760
2 1 0.098168 0.281227 0.485060 0.008741 0.126803
2 1 0.095868 0.273219 0.494662 0.009474 0.126777
2 1 0.061104 0.228919 0.612237 0.011082 0.086658
2 1 0.039564 0.190306 0.692923 0.011944 0.065263
2 1 0.022509 0.151428 0.758223 0.015575 0.052265
2 1 0.020169 0.134319 0.784670 0.017188 0.043654
2 2 0.017562 0.114351 0.821294 0.015167 0.031626
2 2 0.015850 0.106011 0.832401 0.016391 0.029347
2 2 0.013229 0.093458 0.849883 0.017825 0.025605
2 2 0.009780 0.076777 0.874684 0.018545 0.020213
2 2 0.005934 0.056406 0.906841 0.017313 0.013507
2 2 0.006747 0.057962 0.900389 0.020575 0.014327
2 2 0.022531 0.092566 0.826103 0.034247 0.024554
2 2 0.088015 0.185598 0.617733 0.042836 0.065818
2 1 0.148500 0.222513 0.509249 0.031246 0.088491
0 1 0.386669 0.183027 0.324365 0.021354 0.084585
0 1 0.670340 0.108501 0.139821 0.015462 0.065876
0 0 0.768361 0.084984 0.071479 0.005612 0.069564
0 1 0.687655 0.114393 0.088516 0.006543 0.102893
0 1 0.562788 0.154387 0.143164 0.013102 0.126559
0 2 0.566802 0.153153 0.129199 0.012923 0.137923
0 2 0.339927 0.237434 0.233736 0.010276 0.178627
2 2 0.223773 0.276374 0.304223 0.009154 0.186477
2 2 0.024599 0.144227 0.777959 0.012603 0.040612
2 2 0.014773 0.105224 0.839478 0.013232 0.027293
2 2 0.008648 0.074547 0.884931 0.013947 0.017927
2 2 0.008871 0.073986 0.882617 0.016034 0.018494
2 2 0.011290 0.083137 0.865817 0.017978 0.021778
2 0 0.027573 0.147226 0.763118 0.016675 0.045408
2 0 0.058270 0.193891 0.659337 0.022309 0.066193
2 0 0.140725 0.224951 0.514253 0.030517 0.089555
2 1 0.193058 0.232633 0.443278 0.025223 0.105808
2 1 0.218637 0.237657 0.408138 0.020252 0.115316
2 2 0.010734 0.074816 0.877026 0.019151 0.018272
2 2 0.022816 0.117162 0.810536 0.018369 0.031118
2 2 0.053545 0.176371 0.689480 0.024009 0.056594
2 2 0.119999 0.263379 0.482501 0.014995 0.119127
2 2 0.141325 0.259557 0.456971 0.018082 0.124064
2 2 0.153342 0.269590 0.419328 0.015680 0.142060
2 2 0.151299 0.280947 0.385708 0.015137 0.166909
2 2 0.135991 0.292403 0.389977 0.010553 0.171076
2 2 0.128595 0.292911 0.406267 0.009429 0.162799
2 2 0.123916 0.296108 0.414566 0.007410 0.158001
2 2 0.056156 0.220319 0.631224 0.012400 0.079900
2 2 0.043553 0.191184 0.684578 0.016105 0.064581
2 0 0.070003 0.239392 0.580526 0.014908 0.095170
2 0 0.099350 0.278650 0.483780 0.010407 0.127814
2 1 0.112888 0.286984 0.446235 0.009711 0.144182
2 2 0.076974 0.252572 0.554841 0.014372 0.101240
2 2 0.062626 0.226898 0.606990 0.017601 0.085885
2 2 0.082200 0.254038 0.539546 0.016369 0.107848
2 2 0.093154 0.267174 0.504932 0.015283 0.119457
2 2 0.064219 0.218591 0.603557 0.023912 0.089722
2 2 0.058651 0.196989 0.641770 0.026855 0.075735
2 2 0.041762 0.130838 0.751498 0.036807 0.039096
2 2 0.041747 0.160568 0.718638 0.025504 0.053543
2 2 0.033401 0.142104 0.752256 0.026164 0.046075
2 2 0.026638 0.125193 0.782703 0.026268 0.039199
2 2 0.015746 0.093625 0.841506 0.023086 0.026038
2 2 0.012146 0.083893 0.860506 0.020752 0.022703
2 2 0.010484 0.076732 0.871455 0.020898 0.020431
2 2 0.009531 0.061696 0.886536 0.027151 0.015085
2 2 0.010245 0.054378 0.886433 0.036397 0.012548
2 2 0.010128 0.047619 0.888962 0.043046 0.010245
2 2 0.011312 0.049614 0.883801 0.044623 0.010650
2 2 0.011355 0.047639 0.887981 0.043428 0.009597
2 2 0.012163 0.043049 0.884203 0.052492 0.008093
2 2 0.019030 0.045863 0.844477 0.081775 0.008855
2 2 0.028158 0.058945 0.820457 0.080423 0.012018
2 2 0.024916 0.059452 0.829976 0.073120 0.012536
2 2 0.038410 0.077746 0.782118 0.082907 0.018819
2 2 0.046884 0.087516 0.752486 0.090176 0.022938
2 2 0.051410 0.084842 0.728662 0.112118 0.022968
2 2 0.059428 0.089383 0.718977 0.108797 0.023415
2 3 0.052918 0.080742 0.739527 0.107157 0.019656
2 3 0.075590 0.100219 0.687136 0.110147 0.026908
2 3 0.081856 0.089803 0.650089 0.153560 0.024692
2 3 0.074123 0.074564 0.629906 0.200889 0.020518
2 3 0.071573 0.048899 0.519090 0.347390 0.013048
3 3 0.077283 0.035937 0.394957 0.482261 0.009563
3 3 0.085508 0.032017 0.343468 0.530729 0.008278
3 3 0.111046 0.045809 0.399962 0.431171 0.012012
2 3 0.099484 0.054956 0.495688 0.335900 0.013972
2 3 0.082701 0.051642 0.464919 0.385600 0.015139
3 3 0.086728 0.054676 0.385859 0.452198 0.020539
3 3 0.074011 0.041586 0.331788 0.536937 0.015679
3 3 0.068888 0.034303 0.305070 0.579586 0.012153
3 3 0.052678 0.026631 0.295586 0.616322 0.008782
3 3 0.036654 0.017449 0.249578 0.690953 0.005366
3 3 0.035237 0.016467 0.261500 0.682122 0.004675
3 3 0.049380 0.021035 0.273721 0.649787 0.006077
3 3 0.069775 0.025656 0.323490 0.574733 0.006347
3 3 0.087327 0.034632 0.307439 0.559948 0.010654
3 3 0.082869 0.022931 0.155245 0.728471 0.010484
3 3 0.086914 0.023274 0.142237 0.736093 0.011482
3 3 0.101965 0.028040 0.154570 0.700967 0.014458
3 3 0.127140 0.036078 0.171647 0.645116 0.020018
3 3 0.147432 0.037637 0.177560 0.616316 0.021054
3 3 0.106144 0.025079 0.150311 0.705692 0.012775
3 3 0.076836 0.022431 0.133770 0.754401 0.012562
3 3 0.055977 0.017947 0.133757 0.783475 0.008844
3 3 0.035414 0.013254 0.125465 0.819908 0.005959
3 3 0.043162 0.015500 0.125599 0.808217 0.007522
3 3 0.050428 0.017017 0.122688 0.801302 0.008564
3 3 0.076615 0.023305 0.136013 0.751282 0.012785
3 3 0.143605 0.035051 0.173363 0.628609 0.019372
3 3 0.190058 0.038680 0.188051 0.563397 0.019814
3 3 0.168179 0.034585 0.178446 0.600775 0.018015
3 3 0.137231 0.030663 0.165757 0.649827 0.016523
3 3 0.072083 0.018073 0.123075 0.776855 0.009914
3 3 0.064884 0.015333 0.115365 0.796592 0.007827
3 3 0.061977 0.015027 0.114072 0.801455 0.007470
3 3 0.082864 0.018697 0.131548 0.757968 0.008923
3 3 0.119668 0.021261 0.151504 0.698889 0.008678
3 3 0.276797 0.033325 0.196792 0.480909 0.012176
3 3 0.322236 0.040390 0.206352 0.415582 0.015439
3 3 0.291340 0.040477 0.205609 0.446604 0.015970
3 3 0.236687 0.038630 0.199911 0.508937 0.015835
3 3 0.238789 0.040774 0.202518 0.500879 0.017041
3 3 0.163599 0.034453 0.182678 0.603756 0.015515
3 3 0.174054 0.032236 0.184792 0.596164 0.012754
3 3 0.114094 0.023330 0.160512 0.693307 0.008756
3 3 0.081289 0.020187 0.156462 0.734358 0.007704
3 3 0.072844 0.020068 0.156255 0.742712 0.008123
3 3 0.087541 0.021872 0.142323 0.738554 0.009711
3 3 0.111004 0.021160 0.151029 0.708661 0.008147
3 3 0.123480 0.019661 0.152903 0.697107 0.006850
3 3 0.130610 0.022008 0.158580 0.680686 0.008116
3 3 0.094711 0.019155 0.139664 0.738478 0.007993
3 3 0.064687 0.016462 0.119837 0.791170 0.007844
3 3 0.061597 0.016199 0.117581 0.796772 0.007851
3 3 0.053053 0.014878 0.121176 0.804116 0.006778
3 3 0.058017 0.017167 0.142191 0.775179 0.007447
3 3 0.047558 0.014898 0.142600 0.788988 0.005956
3 3 0.061172 0.017278 0.132299 0.781484 0.007768
3 3 0.088369 0.022343 0.140306 0.737809 0.011173
3 3 0.163519 0.031214 0.176279 0.614631 0.014357
3 3 0.309550 0.041722 0.208167 0.424480 0.016081
0 3 0.519679 0.050368 0.200470 0.211980 0.017503
0 1 0.509440 0.056973 0.204668 0.207713 0.021206
0 1 0.464546 0.065472 0.215318 0.228411 0.026253
0 1 0.342555 0.062935 0.250764 0.321457 0.022288
0 1 0.371927 0.111464 0.335593 0.140080 0.040935
2 1 0.142527 0.124597 0.601964 0.095058 0.035855
2 2 0.068969 0.124542 0.706429 0.065095 0.034965
2 2 0.020099 0.059733 0.841678 0.064925 0.013566
2 2 0.015271 0.047948 0.860840 0.065960 0.009981
2 2 0.012310 0.034623 0.864993 0.081799 0.006274
2 2 0.014400 0.047155 0.867062 0.061736 0.009647
2 2 0.014288 0.052755 0.873055 0.048870 0.011031
2 2 0.012309 0.056554 0.878521 0.039860 0.012756
2 2 0.014621 0.073026 0.859018 0.034489 0.018846
2 2 0.019015 0.110957 0.811895 0.023572 0.034561
2 2 0.034270 0.168741 0.728051 0.015467 0.053471
2 2 0.028813 0.156675 0.755030 0.013322 0.046160
2 2 0.022660 0.137737 0.789146 0.012422 0.038036
2 2 0.039728 0.193105 0.688165 0.014121 0.064880
2 2 0.056752 0.234513 0.587358 0.016386 0.104991
2 2 0.098394 0.284091 0.406795 0.014921 0.195799
2 2 0.134235 0.292207 0.319912 0.011582 0.242063
1 2 0.147350 0.292653 0.277939 0.009256 0.272802
1 1 0.164472 0.291782 0.274918 0.009755 0.259073
2 1 0.144634 0.291324 0.308040 0.011874 0.244128
2 1 0.131628 0.292675 0.310180 0.010769 0.254748
2 1 0.107184 0.289603 0.342107 0.012373 0.248733
2 1 0.080161 0.273612 0.410515 0.015611 0.220100
2 1 0.045268 0.236966 0.528448 0.017180 0.172138
2 1 0.034565 0.219949 0.575406 0.017189 0.152892
2 1 0.035865 0.223368 0.567734 0.017062 0.155972
2 1 0.030933 0.214207 0.591813 0.016160 0.146887
2 1 0.028747 0.213150 0.599270 0.015439 0.143394
2 1 0.027257 0.203268 0.630482 0.015495 0.123498
2 1 0.030800 0.215964 0.597031 0.015264 0.140941
2 1 0.036622 0.236436 0.538543 0.015170 0.173229
2 1 0.048260 0.261848 0.455852 0.013847 0.220193
2 1 0.045061 0.252204 0.452290 0.015631 0.234814
2 1 0.049734 0.254874 0.398137 0.017025 0.280229
2 1 0.067627 0.272111 0.339447 0.015677 0.305138
4 1 0.112320 0.285860 0.293586 0.012237 0.295997
4 1 0.181035 0.282120 0.207910 0.007205 0.321730
1 1 0.218341 0.291836 0.218795 0.004898 0.266130
1 0 0.190422 0.302398 0.266626 0.004887 0.235667
2 1 0.158496 0.300763 0.335210 0.007340 0.198191
2 1 0.146188 0.297056 0.364470 0.008848 0.183438
2 1 0.115827 0.288059 0.438681 0.009784 0.147649
2 1 0.093418 0.274723 0.500486 0.009528 0.121846
2 1 0.071813 0.252401 0.569488 0.010026 0.096271
2 1 0.080117 0.265871 0.539910 0.009471 0.104630
2 1 0.069017 0.252566 0.577159 0.009394 0.091865
2 1 0.057421 0.233423 0.620724 0.009417 0.079014
2 1 0.054416 0.224446 0.634323 0.011420 0.075394
2 1 0.054398 0.221343 0.635794 0.012698 0.075768
2 1 0.098284 0.278013 0.486692 0.010143 0.126868
2 1 0.100069 0.273335 0.484352 0.011575 0.130670
2 1 0.137183 0.298531 0.383147 0.007680 0.173460
2 1 0.114775 0.290189 0.439720 0.008550 0.146767
2 1 0.117159 0.285802 0.436903 0.011309 0.148827
2 1 0.113731 0.277501 0.448620 0.013243 0.146905
2 1 0.108034 0.278793 0.461960 0.011408 0.139805
2 1 0.096407 0.274762 0.493208 0.011402 0.124222
2 1 0.085468 0.266534 0.525482 0.011002 0.111513
2 1 0.047484 0.208386 0.664268 0.011808 0.068055
2 1 0.029008 0.156474 0.754247 0.013751 0.046521
2 2 0.027305 0.145910 0.764638 0.017013 0.045134
2 2 0.026937 0.145398 0.766533 0.016568 0.044564
2 2 0.024642 0.140262 0.778823 0.015030 0.041243
2 2 0.015084 0.104394 0.837519 0.014982 0.028021
2 2 0.019139 0.121468 0.811252 0.014432 0.033709
2 2 0.021292 0.131871 0.797575 0.012926 0.036336
2 2 0.018972 0.121007 0.812264 0.014303 0.033453
2 2 0.021252 0.125822 0.798794 0.017042 0.037089
2 2 0.014108 0.097855 0.843962 0.017206 0.026869
2 2 0.016436 0.107632 0.828541 0.017092 0.030299
2 2 0.048371 0.205750 0.662116 0.014387 0.069376
2 2 0.034830 0.170224 0.725292 0.015498 0.054157
2 2 0.044534 0.192818 0.680390 0.016446 0.065811
2 0 0.048415 0.202415 0.663164 0.015988 0.070018
2 0 0.071243 0.242542 0.575644 0.014215 0.096355
2 1 0.054071 0.216063 0.638840 0.015155 0.075871
2 1 0.044092 0.192787 0.682056 0.015927 0.065138
2 1 0.056922 0.220722 0.628189 0.014215 0.079951
2 1 0.083612 0.266116 0.530505 0.010090 0.109676
2 1 0.081394 0.256986 0.540914 0.012222 0.108483
2 2 0.067517 0.239112 0.588320 0.011718 0.093333
2 2 0.090811 0.270535 0.509549 0.011098 0.118007
2 2 0.090303 0.270493 0.510967 0.011565 0.116672
2 2 0.119555 0.288122 0.429965 0.010494 0.151863
1 2 0.180476 0.297361 0.291639 0.007743 0.222781
0 1 0.358284 0.241980 0.178904 0.004537 0.216294
0 1 0.584300 0.158246 0.090554 0.002199 0.164700
0 1 0.779926 0.081943 0.047229 0.002549 0.088353
0 1 0.852650 0.054861 0.041718 0.003388 0.047383
0 0 0.894287 0.039466 0.034965 0.002606 0.028675
0 0 0.893337 0.040585 0.031651 0.002041 0.032387
0 0 0.876019 0.046980 0.034247 0.002293 0.040461
0 0 0.729931 0.095700 0.054289 0.005151 0.114929
0 0 0.518753 0.172006 0.109570 0.007808 0.191864
1 0 0.247534 0.271671 0.221937 0.009858 0.249001
2 0 0.148349 0.293701 0.361969 0.010699 0.185283
2 1 0.090598 0.265718 0.512324 0.012285 0.119075
2 1 0.040844 0.190513 0.694866 0.013271 0.060507
2 1 0.033964 0.174633 0.727212 0.012122 0.052069
2 1 0.022591 0.139587 0.788838 0.011321 0.037664
2 1 0.018073 0.120505 0.817325 0.012284 0.031812
2 1 0.014783 0.103858 0.839530 0.014345 0.027483
2 1 0.020755 0.128349 0.801190 0.013887 0.035819
2 2 0.021191 0.127569 0.798976 0.015530 0.036734
2 2 0.025621 0.141332 0.773731 0.016483 0.042834
2 2 0.030210 0.157101 0.748741 0.015474 0.048474
2 2 0.031520 0.168785 0.739223 0.011536 0.048936
2 2 0.046309 0.206632 0.668774 0.012122 0.066164
2 2 0.072548 0.250682 0.568270 0.012196 0.096304
2 2 0.090426 0.273704 0.508883 0.009837 0.117151
2 1 0.086505 0.274943 0.515027 0.008258 0.115266
2 1 0.093339 0.282041 0.476833 0.009447 0.138340
2 1 0.106360 0.286658 0.446440 0.010056 0.150487
2 1 0.149462 0.299238 0.355788 0.007946 0.187566
2 1 0.162773 0.303256 0.324065 0.006285 0.203620
1 1 0.187171 0.300766 0.274909 0.005736 0.231417
1 1 0.190344 0.300452 0.268586 0.005546 0.235072
1 1 0.204429 0.300218 0.239427 0.004119 0.251806
1 1 0.183207 0.303589 0.280639 0.005105 0.227460
2 1 0.169318 0.300942 0.312117 0.006945 0.210679
2 1 0.170082 0.298098 0.312727 0.008149 0.210944
2 0 0.158641 0.301136 0.334607 0.007184 0.198432
2 1 0.163051 0.303006 0.323685 0.006370 0.203888
2 1 0.137595 0.295764 0.384230 0.008955 0.173456
2 1 0.136026 0.295109 0.388156 0.009142 0.171567
2 1 0.106036 0.277917 0.467094 0.010713 0.138240
2 1 0.087975 0.260911 0.521360 0.012254 0.117499
2 1 0.075261 0.252184 0.560048 0.011303 0.101203
2 1 0.039854 0.184779 0.700700 0.014779 0.059888
2 1 0.038817 0.174506 0.707527 0.019222 0.059928
2 1 0.138347 0.292632 0.315110 0.011251 0.242660
2 1 0.152585 0.297066 0.350612 0.009020 0.190718
2 1 0.166272 0.296237 0.322059 0.009252 0.206179
1 1 0.188491 0.293950 0.277743 0.008542 0.231274
1 1 0.205414 0.290682 0.246038 0.007608 0.250259
1 1 0.192358 0.294001 0.269834 0.008014 0.235793
1 1 0.180551 0.294699 0.293450 0.009045 0.222254
2 1 0.172514 0.293716 0.310698 0.010277 0.212794
2 1 0.159181 0.295366 0.336515 0.009922 0.199016
2 1 0.129746 0.300560 0.339683 0.007586 0.222424
2 1 0.100736 0.288902 0.453744 0.008178 0.148441
2 1 0.112678 0.281496 0.449802 0.012844 0.143180
1 1 0.203494 0.288633 0.251406 0.009030 0.247437
0 1 0.391486 0.223355 0.148939 0.006017 0.230203
0 1 0.703256 0.108252 0.076429 0.006081 0.105982
0 1 0.825737 0.062505 0.055708 0.006296 0.049754
0 0 0.927581 0.027597 0.024975 0.001420 0.018426
0 0 0.954963 0.016445 0.019242 0.001012 0.008337
0 0 0.978232 0.007949 0.010161 0.000340 0.003319
0 0 0.983172 0.006416 0.007477 0.000188 0.002748
0 0 0.979963 0.008016 0.007781 0.000182 0.004057
0 0 0.977861 0.009021 0.007950 0.000180 0.004988
0 0 0.955472 0.017383 0.015983 0.000639 0.010523
0 0 0.943769 0.021026 0.021908 0.001203 0.012094
0 0 0.929469 0.027438 0.022265 0.001091 0.019736
0 0 0.882036 0.044850 0.032846 0.002125 0.038143
0 0 0.703948 0.111390 0.077299 0.003749 0.103615
0 0 0.451252 0.191662 0.213441 0.013020 0.130625
0 0 0.407526 0.197277 0.251119 0.019369 0.124708
0 0 0.303809 0.244704 0.269444 0.012381 0.169661
1 0 0.200093 0.291442 0.283487 0.007423 0.217555
2 0 0.159181 0.299496 0.334723 0.007877 0.198723
2 0 0.070795 0.250152 0.564592 0.010092 0.104368
2 0 0.060027 0.255510 0.542513 0.010775 0.131175
2 0 0.077569 0.287360 0.395984 0.010508 0.228579
2 1 0.105742 0.286391 0.308353 0.012422 0.287093
4 1 0.139719 0.278003 0.229592 0.010960 0.341727
4 4 0.166360 0.270265 0.191948 0.009549 0.361877
4 4 0.154633 0.262414 0.184536 0.011634 0.386783
4 4 0.195861 0.240789 0.128042 0.008387 0.426920
4 4 0.236098 0.216381 0.089680 0.006150 0.451691
4 4 0.245895 0.214804 0.082735 0.004324 0.452242
4 4 0.195649 0.249770 0.130774 0.005437 0.418371
4 4 0.204400 0.242037 0.120925 0.005884 0.426754
4 4 0.202312 0.254341 0.143570 0.006914 0.392862
4 4 0.198499 0.269183 0.174964 0.007488 0.349866
4 4 0.209819 0.254969 0.145167 0.007177 0.382869
4 4 0.227439 0.246586 0.126276 0.005956 0.393742
4 4 0.218714 0.228179 0.109585 0.008525 0.434997
4 4 0.198675 0.188400 0.075883 0.013930 0.523112
4 4 0.205886 0.168763 0.060119 0.015089 0.550142
4 4 0.204756 0.161653 0.054611 0.012719 0.566261
4 4 0.214890 0.151235 0.040312 0.006172 0.587391
4 4 0.181975 0.129421 0.027517 0.003357 0.657729
4 4 0.200102 0.144687 0.036522 0.005448 0.613242
4 4 0.167791 0.134613 0.032539 0.005234 0.659823
4 4 0.118806 0.141217 0.043886 0.010113 0.685978
4 4 0.088714 0.119539 0.034876 0.011434 0.745437
4 4 0.096689 0.155250 0.062631 0.017457 0.667973
4 4 0.099689 0.173620 0.079805 0.018247 0.628639
4 4 0.109538 0.122056 0.032383 0.008435 0.727587
4 4 0.166881 0.124992 0.026151 0.003332 0.678644
4 4 0.175819 0.122048 0.023609 0.002534 0.675990
4 4 0.256303 0.135454 0.026354 0.002070 0.579820
4 4 0.233034 0.138841 0.029693 0.002965 0.595468
4 4 0.173899 0.134529 0.031766 0.004777 0.655029
4 4 0.158719 0.127660 0.028737 0.004299 0.680584
4 4 0.167681 0.152639 0.042381 0.005247 0.632052
4 4 0.207288 0.165800 0.046140 0.003908 0.576863
4 4 0.205878 0.222323 0.093730 0.004838 0.473231
4 4 0.192339 0.236010 0.111730 0.005216 0.454705
4 4 0.177818 0.285455 0.225671 0.008038 0.303018
4 4 0.234409 0.278612 0.198422 0.007151 0.281405
1 4 0.209286 0.292818 0.236413 0.006003 0.255479
4 4 0.242804 0.279251 0.181096 0.004726 0.292123
1 4 0.225762 0.283867 0.211045 0.006729 0.272597
1 4 0.203502 0.288390 0.244218 0.008538 0.255353
1 4 0.225406 0.280548 0.214382 0.008560 0.271104
1 4 0.188766 0.296142 0.275509 0.007451 0.232132
1 4 0.203213 0.295337 0.246588 0.005916 0.248946
2 1 0.123114 0.301326 0.330945 0.007002 0.237613
1 4 0.163960 0.300507 0.283148 0.006390 0.245995
1 4 0.177671 0.290112 0.252803 0.008792 0.270623
1 4 0.167436 0.290314 0.271988 0.010334 0.259927
1 4 0.155819 0.287234 0.276018 0.012411 0.268518
2 4 0.155715 0.292996 0.303522 0.010757 0.237011
2 4 0.148265 0.297361 0.315760 0.008843 0.229771
2 4 0.111360 0.290981 0.329558 0.011419 0.256681
2 4 0.086967 0.282113 0.357530 0.015436 0.257955
4 4 0.095362 0.269114 0.257993 0.016417 0.361114
4 4 0.100110 0.257196 0.212480 0.015977 0.414237
4 4 0.112177 0.231778 0.146004 0.013787 0.496254
4 4 0.135419 0.223048 0.122120 0.012285 0.507128
4 4 0.190600 0.205419 0.085908 0.008348 0.509725
4 4 0.230499 0.210715 0.089292 0.008675 0.460818
4 4 0.293819 0.223546 0.097202 0.006140 0.379294
4 4 0.252951 0.265904 0.173059 0.008328 0.299758
4 1 0.254649 0.269774 0.166503 0.005609 0.303465
1 1 0.221769 0.286588 0.216666 0.006354 0.268623
1 1 0.195547 0.295570 0.262082 0.006867 0.239934
2 1 0.153234 0.293668 0.296608 0.010040 0.246450
4 1 0.160773 0.289419 0.247342 0.008396 0.294070
4 4 0.167380 0.293244 0.237907 0.006114 0.295355
4 4 0.169512 0.287723 0.222398 0.006614 0.313753
4 4 0.146200 0.282279 0.220293 0.007759 0.343469
4 1 0.149030 0.277076 0.205676 0.007971 0.360248
4 1 0.210023 0.282627 0.196879 0.005770 0.304700
4 1 0.247252 0.278184 0.173055 0.004108 0.297402
1 0 0.218803 0.294100 0.215582 0.004086 0.267430
2 1 0.167526 0.299801 0.316800 0.007505 0.208368
2 1 0.142178 0.296599 0.373555 0.008869 0.178800
2 1 0.146481 0.295884 0.364634 0.009442 0.183559
2 1 0.135349 0.297746 0.387785 0.007877 0.171243
2 1 0.105061 0.282395 0.467025 0.008862 0.136657
2 1 0.050645 0.233354 0.602148 0.011536 0.102317
2 1 0.065881 0.238952 0.593176 0.010570 0.091421
2 1 0.090072 0.270768 0.511213 0.010220 0.117727
2 1 0.090872 0.270917 0.508515 0.008781 0.120915
2 1 0.065218 0.233981 0.597602 0.010016 0.093183
2 1 0.060510 0.216150 0.620075 0.013076 0.090190
2 1 0.046424 0.205646 0.654746 0.014583 0.078601
2 1 0.035579 0.177080 0.719973 0.013062 0.054307
2 1 0.028644 0.160113 0.754455 0.011408 0.045380
2 1 0.025622 0.151468 0.770711 0.010791 0.041408
2 1 0.018298 0.121390 0.815890 0.012296 0.032126
2 1 0.021399 0.130325 0.797396 0.014139 0.036741
2 1 0.013900 0.102864 0.845308 0.012100 0.025828
2 2 0.011435 0.090214 0.863308 0.012815 0.022228
2 2 0.008250 0.071841 0.888059 0.014527 0.017322
2 2 0.009809 0.080236 0.875598 0.014484 0.019873
2 2 0.006910 0.065622 0.899893 0.012690 0.014885
2 2 0.007047 0.067901 0.898908 0.011175 0.014969
2 2 0.004283 0.050720 0.925746 0.009331 0.009921
2 2 0.005063 0.055700 0.917610 0.010207 0.011419
2 2 0.008108 0.075314 0.889666 0.010285 0.016627
2 2 0.035495 0.172072 0.722009 0.015474 0.054950
2 2 0.085755 0.221985 0.592149 0.022547 0.077564
2 2 0.164814 0.234115 0.486692 0.019351 0.095029
2 2 0.141136 0.215728 0.543526 0.018932 0.080678
2 2 0.079313 0.181325 0.647860 0.025556 0.065947
2 1 0.036065 0.156347 0.729806 0.024281 0.053500
2 1 0.031000 0.149999 0.745740 0.022341 0.050921
2 2 0.016884 0.111055 0.825678 0.015648 0.030734
2 2 0.012490 0.093916 0.855572 0.014014 0.024008
2 2 0.006740 0.063581 0.901067 0.013913 0.014699
2 2 0.006763 0.062432 0.900253 0.015675 0.014876
2 2 0.016213 0.109754 0.829971 0.014478 0.029584
2 2 0.013488 0.100736 0.848264 0.012265 0.025247
2 2 0.016917 0.114482 0.825106 0.013136 0.030359
2 2 0.016849 0.114628 0.825472 0.012843 0.030208
2 2 0.037209 0.177757 0.713335 0.014880 0.056819
2 2 0.050936 0.210284 0.652372 0.012735 0.073674
2 2 0.082136 0.259455 0.537761 0.011834 0.108815
2 0 0.073318 0.251587 0.565692 0.012091 0.097312
2 1 0.079419 0.260088 0.544815 0.011192 0.104486
2 2 0.050169 0.213167 0.653051 0.012724 0.070889
2 2 0.043091 0.196605 0.684285 0.013047 0.062972
2 2 0.044695 0.197241 0.678308 0.014449 0.065308
2 2 0.040280 0.186942 0.698324 0.014250 0.060205
2 2 0.056534 0.221965 0.628798 0.013791 0.078911
2 2 0.089743 0.266283 0.514351 0.012372 0.117251
2 2 0.101653 0.277146 0.478906 0.012079 0.130216
2 2 0.116634 0.288662 0.436420 0.009638 0.148647
2 2 0.080992 0.257689 0.541607 0.010713 0.108999
2 2 0.046267 0.198912 0.672495 0.014397 0.067929
2 2 0.031541 0.162937 0.741298 0.014385 0.049839
2 2 0.019706 0.128269 0.806599 0.011540 0.033885
2 2 0.008485 0.076728 0.886528 0.010937 0.017322
2 2 0.005799 0.059215 0.910157 0.011947 0.012883
2 2 0.005585 0.056858 0.911814 0.013147 0.012596
2 2 0.005701 0.057182 0.910520 0.013748 0.012849
2 2 0.006087 0.059326 0.906803 0.014209 0.013574
2 2 0.007300 0.065502 0.895599 0.015780 0.015818
2 2 0.019183 0.110842 0.815402 0.021648 0.032925
2 2 0.046170 0.181602 0.691144 0.020105 0.060978
2 2 0.051954 0.206857 0.652191 0.016595 0.072403
2 2 0.057437 0.220165 0.626521 0.015457 0.080420
2 2 0.053427 0.211401 0.643763 0.016401 0.075008
2 2 0.125415 0.269942 0.469309 0.011626 0.123708
2 1 0.131541 0.262589 0.479197 0.011910 0.114762
2 1 0.012869 0.097126 0.852783 0.012813 0.024409
2 1 0.007248 0.070973 0.897099 0.009558 0.015121
2 2 0.003799 0.046852 0.930935 0.009393 0.009020
2 2 0.002848 0.036516 0.939909 0.013363 0.007364
2 2 0.003182 0.030088 0.940349 0.020844 0.005536
2 2 0.004839 0.044465 0.922863 0.018446 0.009387
2 2 0.005863 0.050644 0.911674 0.020269 0.011550
2 2 0.006298 0.051982 0.907229 0.022276 0.012215
2 2 0.006442 0.039648 0.910570 0.035086 0.008254
2 2 0.007852 0.044937 0.901877 0.035675 0.009659
2 2 0.010495 0.049607 0.888660 0.040586 0.010652
2 2 0.009749 0.050257 0.891989 0.037029 0.010977
2 2 0.009059 0.042445 0.895514 0.044319 0.008664
2 2 0.009364 0.041804 0.893868 0.046553 0.008411
2 2 0.012233 0.041281 0.876565 0.061927 0.007993
2 2 0.020257 0.055428 0.848617 0.064303 0.011395
2 2 0.019920 0.053157 0.853749 0.062797 0.010376
2 2 0.021002 0.060598 0.843937 0.061229 0.013234
2 2 0.018957 0.051959 0.846006 0.072156 0.010922
2 3 0.023195 0.052001 0.822444 0.091385 0.010974
2 3 0.019254 0.036230 0.812467 0.125383 0.006667
2 3 0.024270 0.041211 0.786384 0.139947 0.008189
2 3 0.027678 0.036870 0.745937 0.182487 0.007028
2 3 0.062059 0.056083 0.656199 0.213243 0.012415
2 3 0.076429 0.060585 0.631232 0.218312 0.013441
2 3 0.077771 0.073934 0.670464 0.161050 0.016781
2 3 0.080447 0.088874 0.680506 0.128503 0.021671
2 3 0.069456 0.100968 0.710503 0.093102 0.025972
2 3 0.050656 0.085651 0.751331 0.091327 0.021035
2 3 0.033672 0.073134 0.796506 0.079367 0.017321
2 2 0.022699 0.059830 0.829312 0.074572 0.013587
2 2 0.013642 0.041933 0.859615 0.076209 0.008601
2 2 0.009582 0.034200 0.881341 0.068381 0.006496
2 2 0.008361 0.026128 0.877099 0.084012 0.004400
2 2 0.006291 0.021220 0.893202 0.076098 0.003189
2 2 0.005587 0.019757 0.898000 0.073758 0.002899
