0 0 0.982511 0.006033 0.007738 0.000542 0.003176
0 0 0.989236 0.003484 0.005110 0.000351 0.001819
0 0 0.989537 0.003023 0.005294 0.000459 0.001688
0 0 0.992322 0.001574 0.004285 0.000669 0.001150
0 0 0.993107 0.001319 0.003792 0.000682 0.001100
0 0 0.994488 0.001418 0.002673 0.000285 0.001135
0 0 0.989882 0.002568 0.005015 0.000625 0.001910
0 0 0.990965 0.002260 0.004722 0.000549 0.001504
0 0 0.994280 0.001414 0.003092 0.000313 0.000900
0 0 0.995474 0.001152 0.002446 0.000218 0.000710
0 0 0.995976 0.001186 0.001989 0.000132 0.000716
0 0 0.993098 0.002091 0.003265 0.000245 0.001300
0 0 0.982095 0.005318 0.008170 0.000865 0.003552
0 0 0.946208 0.013404 0.024937 0.005144 0.010308
0 0 0.926257 0.019586 0.032403 0.006615 0.015139
0 0 0.879385 0.031286 0.052121 0.012755 0.024454
0 0 0.889554 0.029300 0.046969 0.010894 0.023282
0 0 0.881604 0.029785 0.050498 0.013252 0.024860
0 0 0.881784 0.029363 0.049247 0.013515 0.026091
0 0 0.899129 0.026662 0.040519 0.009669 0.024022
0 0 0.914921 0.027792 0.030482 0.004441 0.022363
0 0 0.886080 0.043007 0.036195 0.003957 0.030760
0 0 0.915720 0.032352 0.026777 0.002541 0.022610
0 0 0.939014 0.021879 0.020160 0.001827 0.017120
0 0 0.951930 0.015679 0.015929 0.001275 0.015188
0 0 0.954950 0.014891 0.015036 0.001095 0.014028
0 0 0.944791 0.018257 0.017787 0.001203 0.017963
0 0 0.909446 0.029244 0.034362 0.004481 0.022468
0 0 0.924073 0.024621 0.028089 0.003266 0.019951
0 0 0.898248 0.034797 0.033839 0.003386 0.029730
0 0 0.885619 0.040200 0.040357 0.005292 0.028532
0 0 0.781669 0.069894 0.080408 0.016043 0.051986
0 0 0.739076 0.086589 0.094158 0.018347 0.061829
0 0 0.728708 0.101881 0.089893 0.013165 0.066352
0 0 0.710676 0.110196 0.093798 0.013587 0.071742
0 0 0.702133 0.100098 0.103551 0.020764 0.073453
0 0 0.663537 0.099146 0.123769 0.034297 0.079251
0 0 0.733137 0.079668 0.098072 0.024546 0.064577
0 0 0.690165 0.098103 0.112092 0.025893 0.073748
0 0 0.646780 0.128779 0.118990 0.020753 0.084698
0 0 0.572980 0.176496 0.131031 0.017700 0.101794
0 0 0.526075 0.213739 0.130296 0.014235 0.115655
0 0 0.500562 0.201503 0.156211 0.024378 0.117347
0 0 0.502040 0.163566 0.182190 0.042777 0.109427
0 0 0.565421 0.121066 0.167527 0.055134 0.090852
0 0 0.676982 0.093730 0.126474 0.034343 0.068472
0 0 0.735805 0.073930 0.105790 0.028761 0.055714
0 0 0.797083 0.047250 0.085525 0.029660 0.040481
0 0 0.766587 0.059051 0.094502 0.030162 0.049698
0 0 0.786008 0.058635 0.084803 0.022928 0.047626
0 0 0.699455 0.096889 0.109295 0.023876 0.070485
0 0 0.622373 0.144602 0.120970 0.019200 0.092854
0 0 0.591664 0.176812 0.115828 0.013394 0.102302
0 0 0.501503 0.228061 0.132928 0.014241 0.123266
0 0 0.419691 0.283145 0.142473 0.013380 0.141311
0 0 0.364412 0.298046 0.182019 0.015947 0.139576
0 0 0.391682 0.299336 0.157439 0.012668 0.138875
0 0 0.407003 0.289741 0.154393 0.013053 0.135810
0 0 0.398775 0.326387 0.128278 0.008109 0.138451
1 1 0.323910 0.375006 0.156521 0.007954 0.136609
0 1 0.394527 0.327726 0.127899 0.008205 0.141643
0 0 0.459035 0.291829 0.112046 0.006705 0.130386
0 1 0.521787 0.257272 0.100504 0.005664 0.114772
0 1 0.557225 0.233902 0.096224 0.005626 0.107023
0 1 0.618617 0.185171 0.096450 0.007333 0.092429
0 0 0.649274 0.166925 0.091453 0.007197 0.085151
0 0 0.632682 0.169968 0.101300 0.008973 0.087077
0 0 0.541914 0.225551 0.114790 0.009080 0.108665
0 0 0.395603 0.297558 0.178920 0.010544 0.117375
1 0 0.288227 0.353848 0.226297 0.010827 0.120802
0 0 0.353845 0.344355 0.162474 0.008570 0.130755
0 0 0.378988 0.326606 0.152402 0.008983 0.133021
0 0 0.454560 0.283053 0.123121 0.008763 0.130503
0 0 0.534731 0.223159 0.114681 0.010023 0.117406
0 0 0.598897 0.188107 0.098933 0.008662 0.105400
0 0 0.686348 0.144100 0.079985 0.006757 0.082810
0 0 0.771017 0.101098 0.061632 0.005276 0.060977
0 0 0.813404 0.075754 0.056073 0.005824 0.048945
0 0 0.780597 0.082200 0.071991 0.009887 0.055325
0 0 0.819592 0.071733 0.056797 0.006183 0.045695
0 0 0.839305 0.065120 0.050485 0.004991 0.040098
0 0 0.781257 0.093078 0.066949 0.006327 0.052389
0 0 0.767021 0.094536 0.075722 0.008393 0.054328
0 0 0.638536 0.139773 0.121049 0.018089 0.082553
0 0 0.472730 0.218357 0.162972 0.024281 0.121660
0 0 0.375385 0.267107 0.205006 0.024025 0.128478
0 0 0.308667 0.291816 0.254867 0.023236 0.121414
2 0 0.210974 0.290795 0.369903 0.026730 0.101597
2 0 0.201414 0.296477 0.374933 0.026126 0.101049
2 0 0.187428 0.305086 0.377137 0.026306 0.104043
1 0 0.209739 0.330762 0.325924 0.020875 0.112700
0 0 0.313863 0.295577 0.243786 0.022233 0.124541
0 0 0.393240 0.227355 0.228297 0.033469 0.117639
0 0 0.492759 0.185692 0.174901 0.034858 0.111790
0 0 0.564949 0.163837 0.148416 0.025641 0.097156
0 0 0.673537 0.124510 0.111583 0.016544 0.073826
0 0 0.733275 0.090448 0.098987 0.018110 0.059181
0 0 0.742703 0.074795 0.103102 0.025610 0.053790
0 0 0.677319 0.081286 0.131842 0.045776 0.063777
0 0 0.557977 0.122255 0.172577 0.057365 0.089827
0 0 0.543795 0.155411 0.169917 0.035768 0.095109
0 0 0.397346 0.214911 0.251588 0.033157 0.102998
2 0 0.292969 0.246619 0.332014 0.029455 0.098943
2 0 0.215518 0.296583 0.368589 0.021335 0.097975
1 0 0.224936 0.335918 0.316293 0.015450 0.107403
0 0 0.375839 0.295848 0.193941 0.013185 0.121187
0 0 0.498969 0.229323 0.148105 0.012655 0.110949
0 0 0.649634 0.152054 0.105519 0.010325 0.082469
0 0 0.722029 0.111489 0.091758 0.011176 0.063548
0 0 0.854208 0.053487 0.054746 0.006626 0.030932
0 0 0.933997 0.023480 0.026401 0.002667 0.013455
0 0 0.966100 0.011604 0.014275 0.001291 0.006730
0 0 0.968730 0.009886 0.013861 0.001470 0.006053
0 0 0.958644 0.013035 0.017744 0.002107 0.008470
0 0 0.902806 0.032156 0.038352 0.005356 0.021330
0 0 0.791717 0.087118 0.063514 0.006237 0.051414
0 0 0.716259 0.145094 0.064864 0.003532 0.070252
0 0 0.548003 0.256046 0.088288 0.003836 0.103827
0 0 0.412299 0.371296 0.096287 0.002850 0.117266
1 0 0.288858 0.461984 0.116178 0.003520 0.129460
1 0 0.105450 0.454424 0.353709 0.006488 0.079929
1 0 0.110457 0.465711 0.333349 0.006399 0.084085
1 0 0.106537 0.449635 0.354520 0.007089 0.082219
1 1 0.114914 0.462189 0.325006 0.007420 0.090471
1 1 0.114827 0.451421 0.332629 0.008473 0.092651
1 0 0.104453 0.420224 0.380202 0.009743 0.085378
1 1 0.136741 0.480663 0.259049 0.008786 0.114761
1 2 0.216392 0.473786 0.156978 0.007317 0.145526
1 2 0.314834 0.412165 0.127927 0.005642 0.139432
1 2 0.346665 0.372682 0.137079 0.007510 0.136064
0 2 0.356727 0.343648 0.151749 0.010900 0.136976
0 0 0.352501 0.322695 0.175705 0.015253 0.133847
0 0 0.352521 0.343727 0.157862 0.011685 0.134205
1 0 0.284303 0.398645 0.174292 0.010016 0.132745
1 0 0.166456 0.493335 0.212746 0.006820 0.120643
2 4 0.097068 0.396129 0.415765 0.010801 0.080238
2 4 0.085195 0.363833 0.469564 0.011268 0.070141
2 4 0.072083 0.313095 0.539778 0.013873 0.061170
2 4 0.050826 0.231704 0.655153 0.017569 0.044748
2 2 0.038173 0.176475 0.728137 0.022033 0.035182
2 2 0.023768 0.116703 0.812099 0.024814 0.022615
2 2 0.017489 0.087241 0.849461 0.028523 0.017286
2 2 0.014316 0.071099 0.867039 0.032862 0.014685
2 2 0.012312 0.059073 0.873902 0.041363 0.013350
2 2 0.011331 0.049374 0.871060 0.055765 0.012470
2 2 0.011793 0.047609 0.862792 0.065065 0.012741
2 2 0.011358 0.038597 0.842095 0.096049 0.011901
2 2 0.011181 0.035200 0.835721 0.106795 0.011103
2 2 0.012568 0.035074 0.810606 0.129762 0.011989
2 2 0.014048 0.039244 0.800284 0.132545 0.013879
2 2 0.014594 0.038664 0.788856 0.143769 0.014117
2 2 0.014039 0.039098 0.799923 0.133101 0.013840
2 2 0.012139 0.028332 0.784601 0.164665 0.010263
2 2 0.012353 0.028201 0.778847 0.170239 0.010360
2 2 0.012332 0.023354 0.737652 0.217407 0.009256
2 2 0.012964 0.025568 0.742950 0.208399 0.010119
2 2 0.015140 0.027383 0.706034 0.239639 0.011804
2 2 0.017975 0.036231 0.714638 0.215403 0.015754
2 2 0.017071 0.037957 0.741612 0.187765 0.015595
2 2 0.016081 0.054293 0.815952 0.095952 0.017722
2 2 0.019251 0.083480 0.827928 0.048088 0.021253
2 2 0.019554 0.096471 0.837012 0.027804 0.019159
2 2 0.021730 0.114312 0.824603 0.019643 0.019712
2 2 0.011937 0.063765 0.885572 0.026922 0.011804
2 2 0.008054 0.042252 0.905031 0.036046 0.008618
2 2 0.007790 0.034388 0.891046 0.058311 0.008465
2 2 0.008875 0.032014 0.866723 0.083421 0.008968
2 2 0.008730 0.025058 0.843404 0.115220 0.007588
2 2 0.009222 0.020734 0.799764 0.163272 0.007008
2 3 0.011536 0.019521 0.713816 0.247175 0.007952
2 0 0.014304 0.020619 0.643851 0.311558 0.009668
2 0 0.019451 0.026316 0.588682 0.351488 0.014063
2 0 0.021518 0.030184 0.589202 0.342707 0.016389
2 1 0.025423 0.033328 0.544718 0.376730 0.019802
2 1 0.040472 0.073318 0.637041 0.213627 0.035542
2 1 0.079688 0.169425 0.603068 0.083565 0.064254
2 1 0.100562 0.243948 0.542867 0.037725 0.074899
2 1 0.091924 0.279616 0.523793 0.028744 0.075923
2 2 0.077260 0.274766 0.551444 0.026819 0.069711
2 2 0.062084 0.258573 0.601552 0.020877 0.056913
2 2 0.021762 0.114767 0.824371 0.019410 0.019691
2 2 0.021774 0.112241 0.824453 0.021415 0.020118
2 2 0.022134 0.109046 0.821844 0.025718 0.021258
2 2 0.023672 0.103190 0.816267 0.034376 0.022496
2 2 0.020057 0.079263 0.837124 0.045100 0.018456
2 2 0.016838 0.051072 0.833970 0.083699 0.014420
2 2 0.015021 0.041600 0.828151 0.102758 0.012470
2 2 0.015975 0.039173 0.806141 0.126037 0.012674
2 2 0.013810 0.027973 0.756264 0.191309 0.010643
2 2 0.012838 0.020156 0.681835 0.276391 0.008779
2 2 0.011930 0.016810 0.654111 0.309629 0.007519
2 2 0.012697 0.016880 0.628032 0.334472 0.007919
2 2 0.013501 0.015316 0.562755 0.400493 0.007935
3 3 0.014222 0.012741 0.460841 0.504549 0.007648
3 3 0.014640 0.010188 0.351966 0.615989 0.007216
3 3 0.016060 0.009486 0.279083 0.687615 0.007756
3 3 0.015554 0.007487 0.210263 0.759678 0.007018
3 3 0.015573 0.007147 0.195250 0.775083 0.006948
3 3 0.014726 0.006974 0.208879 0.762935 0.006485
3 3 0.014856 0.007895 0.246980 0.723503 0.006765
3 3 0.013523 0.007432 0.266477 0.706558 0.006010
3 3 0.013560 0.008033 0.294538 0.677702 0.006168
3 3 0.015001 0.009589 0.315464 0.652698 0.007247
3 3 0.015757 0.011227 0.354658 0.610323 0.008036
3 3 0.015258 0.010581 0.346668 0.619872 0.007621
3 3 0.013588 0.009360 0.354769 0.615782 0.006501
3 3 0.014161 0.010059 0.363579 0.605251 0.006949
3 3 0.013782 0.009200 0.340532 0.629931 0.006555
3 3 0.014043 0.007977 0.275673 0.695920 0.006387
3 3 0.013659 0.006790 0.230158 0.743468 0.005925
3 3 0.013201 0.005845 0.195173 0.780288 0.005493
3 3 0.012284 0.004893 0.168790 0.809175 0.004858
3 3 0.009957 0.003107 0.119714 0.863755 0.003468
3 3 0.008951 0.002195 0.079975 0.906000 0.002878
3 3 0.008621 0.001818 0.060704 0.926181 0.002675
3 3 0.008124 0.001652 0.057872 0.929899 0.002453
3 3 0.008448 0.001870 0.067230 0.919834 0.002618
3 3 0.009147 0.002545 0.100371 0.884912 0.003025
3 2 0.009122 0.003191 0.150539 0.834006 0.003143
3 2 0.010555 0.005404 0.259937 0.719900 0.004204
3 3 0.011380 0.008801 0.420345 0.554128 0.005346
2 3 0.011195 0.011182 0.530359 0.441434 0.005830
2 3 0.011244 0.012874 0.584596 0.385032 0.006255
2 3 0.011565 0.012550 0.560762 0.408795 0.006327
3 3 0.012489 0.011069 0.469454 0.500589 0.006399
3 3 0.015734 0.012837 0.411142 0.551853 0.008433
3 3 0.014183 0.010230 0.369771 0.598815 0.007002
3 3 0.016121 0.012026 0.371352 0.592076 0.008425
3 3 0.018795 0.013035 0.326926 0.631135 0.010109
3 3 0.018707 0.011415 0.278093 0.682142 0.009642
3 3 0.015665 0.007700 0.216538 0.752972 0.007124
3 3 0.014130 0.006723 0.213256 0.759754 0.006136
3 3 0.012347 0.004533 0.147051 0.831258 0.004810
3 3 0.012843 0.004120 0.114555 0.863531 0.004950
3 3 0.010471 0.002645 0.079693 0.903600 0.003591
3 3 0.009607 0.002394 0.080238 0.904580 0.003181
3 3 0.009167 0.001946 0.060059 0.925913 0.002915
3 3 0.009495 0.001991 0.057828 0.927631 0.003056
3 3 0.008910 0.001661 0.047060 0.939612 0.002757
3 3 0.008637 0.001663 0.050777 0.936272 0.002651
3 3 0.005484 0.000696 0.026250 0.966224 0.001347
3 3 0.006181 0.000844 0.029038 0.962335 0.001602
3 3 0.006436 0.000901 0.030042 0.960923 0.001699
3 3 0.006698 0.000960 0.031068 0.959473 0.001800
3 3 0.005588 0.000718 0.026669 0.965642 0.001384
3 3 0.005305 0.000660 0.025529 0.967222 0.001284
3 3 0.004636 0.000532 0.022784 0.970992 0.001056
3 3 0.004569 0.000520 0.022504 0.971374 0.001034
3 3 0.004382 0.000486 0.021726 0.972433 0.000973
3 3 0.004610 0.000527 0.022675 0.971141 0.001047
3 3 0.005195 0.000638 0.025080 0.967842 0.001245
3 3 0.005634 0.000727 0.026857 0.965381 0.001401
3 3 0.005533 0.000706 0.026449 0.965947 0.001364
3 3 0.005296 0.000658 0.025489 0.967277 0.001280
3 3 0.005235 0.000646 0.025242 0.967619 0.001259
3 3 0.004832 0.000568 0.023593 0.969885 0.001121
3 3 0.005066 0.000613 0.024554 0.968567 0.001200
3 3 0.004790 0.000561 0.023422 0.970120 0.001107
3 3 0.004874 0.000576 0.023766 0.969649 0.001135
3 3 0.005474 0.000694 0.026210 0.966279 0.001343
3 3 0.006237 0.000856 0.029258 0.962026 0.001623
3 3 0.006407 0.000894 0.029928 0.961083 0.001688
3 3 0.006259 0.000861 0.029347 0.961900 0.001632
3 3 0.005878 0.000778 0.027831 0.964023 0.001489
3 3 0.006820 0.001008 0.032781 0.957538 0.001852
3 3 0.009348 0.001839 0.051351 0.934496 0.002966
3 3 0.013825 0.003895 0.087880 0.889036 0.005364
3 2 0.018326 0.007991 0.169997 0.795098 0.008588
3 2 0.019734 0.013545 0.318206 0.637750 0.010764
2 2 0.018116 0.023325 0.579114 0.366967 0.012478
2 3 0.018479 0.038821 0.754823 0.173148 0.014729
2 2 0.024846 0.084578 0.806563 0.061267 0.022746
2 2 0.027331 0.110254 0.792198 0.043034 0.027183
2 2 0.017677 0.072215 0.836909 0.054417 0.018781
2 2 0.017010 0.071973 0.841716 0.051058 0.018243
2 2 0.019669 0.090270 0.831950 0.037549 0.020561
2 2 0.020048 0.096130 0.832887 0.030859 0.020076
2 2 0.020510 0.099046 0.830623 0.029495 0.020326
2 2 0.022819 0.107332 0.816438 0.030669 0.022742
2 4 0.018815 0.084848 0.834667 0.041539 0.020131
2 4 0.021689 0.095679 0.817998 0.041523 0.023111
2 4 0.023039 0.098556 0.808121 0.045302 0.024982
2 4 0.026329 0.102163 0.779524 0.061539 0.030446
2 4 0.029768 0.113516 0.761401 0.055322 0.039993
2 2 0.033920 0.135849 0.742363 0.036374 0.051493
2 0 0.031396 0.132416 0.759036 0.031239 0.045913
2 0 0.037031 0.150440 0.723892 0.030512 0.058124
2 4 0.043774 0.170857 0.683839 0.030302 0.071226
2 4 0.051809 0.198077 0.633332 0.025969 0.090813
2 4 0.059060 0.219227 0.591887 0.024919 0.104907
2 4 0.058661 0.219946 0.597968 0.025017 0.098407
2 4 0.065978 0.240554 0.549947 0.022393 0.121128
2 4 0.069115 0.249237 0.517889 0.019473 0.144286
2 4 0.077353 0.261555 0.438471 0.016787 0.205834
2 0 0.084463 0.266235 0.405235 0.019927 0.224139
2 0 0.094710 0.276964 0.382196 0.026588 0.219542
2 1 0.113695 0.323711 0.363587 0.033142 0.165866
1 1 0.129107 0.363491 0.325844 0.031404 0.150154
1 1 0.121833 0.384873 0.350369 0.022851 0.120075
2 2 0.100355 0.357798 0.428096 0.019880 0.093871
2 2 0.019579 0.093254 0.835120 0.032241 0.019805
2 2 0.023156 0.112875 0.815608 0.026079 0.022282
2 2 0.027072 0.125804 0.792085 0.028565 0.026474
2 2 0.031614 0.145640 0.766156 0.026293 0.030298
2 2 0.036607 0.167537 0.737612 0.023911 0.034334
2 2 0.044643 0.204819 0.690773 0.019609 0.040157
2 2 0.048394 0.223763 0.667964 0.017392 0.042488
2 2 0.057373 0.261888 0.616527 0.015114 0.049097
2 2 0.067623 0.300014 0.561400 0.013811 0.057153
2 2 0.079577 0.335698 0.503505 0.013578 0.067641
2 -1 0.092187 0.353973 0.455092 0.016420 0.082327
2 1 0.145581 0.362370 0.367161 0.018260 0.106628
2 0 0.204424 0.324254 0.332867 0.023452 0.115003
1 0 0.242862 0.338498 0.272063 0.019694 0.126883
1 0 0.205240 0.342094 0.309860 0.021971 0.120835
1 0 0.158661 0.388461 0.323738 0.015771 0.113369
1 1 0.139151 0.412366 0.335142 0.011801 0.101539
1 1 0.144200 0.416312 0.327577 0.010766 0.101145
1 2 0.147375 0.380612 0.358209 0.013943 0.099860
2 0 0.121619 0.328303 0.442461 0.019415 0.088201
2 0 0.098065 0.307490 0.494984 0.020685 0.078776
2 0 0.101780 0.335817 0.455355 0.019911 0.087138
2 1 0.081703 0.323995 0.503558 0.017519 0.073225
2 1 0.076503 0.326457 0.518304 0.013729 0.065007
2 2 0.046044 0.219290 0.678893 0.016041 0.039731
2 1 0.030029 0.152078 0.773136 0.018136 0.026620
2 1 0.028959 0.143183 0.780687 0.020746 0.026425
2 2 0.039531 0.179444 0.721091 0.023128 0.036805
2 2 0.054366 0.228665 0.642651 0.023436 0.050882
2 0 0.070807 0.277561 0.561926 0.023096 0.066610
2 0 0.105772 0.365868 0.410130 0.019812 0.098417
1 0 0.249847 0.369822 0.222206 0.016199 0.141926
0 0 0.424102 0.290220 0.139539 0.011588 0.134550
0 0 0.536341 0.221954 0.119656 0.010549 0.111500
0 0 0.458964 0.258315 0.139007 0.013501 0.130212
0 0 0.391789 0.322908 0.135909 0.009538 0.139856
1 0 0.280655 0.389888 0.186320 0.009239 0.133899
1 0 0.253072 0.435731 0.174527 0.006712 0.129957
1 0 0.171721 0.486606 0.224967 0.005919 0.110787
1 0 0.112501 0.461443 0.331450 0.007086 0.087521
1 1 0.097204 0.416828 0.401337 0.008278 0.076352
2 1 0.086571 0.389234 0.448469 0.008375 0.067351
2 1 0.085516 0.393142 0.448392 0.007650 0.065300
2 2 0.084737 0.394462 0.449422 0.007303 0.064075
2 2 0.064393 0.318092 0.559049 0.008832 0.049634
2 2 0.059746 0.295920 0.587798 0.009727 0.046808
2 1 0.048460 0.247376 0.654438 0.011007 0.038719
2 2 0.039575 0.201738 0.711887 0.013753 0.033048
2 2 0.037489 0.189863 0.725881 0.014924 0.031844
2 1 0.035501 0.178095 0.739277 0.016375 0.030752
2 1 0.036901 0.184242 0.730845 0.016146 0.031866
2 1 0.039747 0.194708 0.714725 0.016392 0.034428
2 1 0.044977 0.216270 0.684357 0.015743 0.038652
2 1 0.048358 0.236582 0.661366 0.013441 0.040253
2 2 0.049646 0.251585 0.647967 0.011071 0.039730
2 2 0.046876 0.241143 0.663498 0.011032 0.037451
2 2 0.046101 0.240728 0.666243 0.010486 0.036442
2 2 0.042520 0.226966 0.686675 0.010347 0.033491
2 2 0.035954 0.191287 0.730934 0.012426 0.029400
2 2 0.021668 0.116449 0.824661 0.017939 0.019283
2 2 0.043242 0.184038 0.702532 0.028204 0.041984
2 0 0.065996 0.257776 0.587035 0.025831 0.063362
2 0 0.089512 0.338505 0.471414 0.018716 0.081854
2 0 0.101122 0.387328 0.410018 0.013651 0.087882
1 0 0.105244 0.405280 0.387692 0.012065 0.089718
1 1 0.111652 0.430818 0.354410 0.010208 0.092913
1 1 0.114815 0.438962 0.340917 0.009906 0.095399
2 1 0.076751 0.341326 0.508207 0.011145 0.062571
2 2 0.057193 0.279633 0.606338 0.010983 0.045853
2 0 0.039122 0.207307 0.710337 0.011662 0.031571
2 1 0.039741 0.208406 0.707529 0.012040 0.032284
2 0 0.040000 0.200090 0.711157 0.014825 0.033929
2 1 0.037718 0.180539 0.728906 0.019101 0.033736
2 1 0.035295 0.165618 0.744387 0.022128 0.032573
2 2 0.039577 0.188138 0.718168 0.018829 0.035288
2 2 0.034914 0.176078 0.742577 0.016237 0.030193
2 2 0.033788 0.177595 0.746435 0.013895 0.028288
2 2 0.029466 0.156010 0.774240 0.015134 0.025150
2 1 0.023378 0.123120 0.814044 0.018544 0.020914
2 2 0.019867 0.106518 0.836373 0.019255 0.017987
2 1 0.016617 0.087625 0.856734 0.023276 0.015748
2 2 0.017974 0.089235 0.846426 0.028603 0.017762
2 2 0.025733 0.117042 0.798848 0.032483 0.025895
2 0 0.044464 0.184743 0.696405 0.030493 0.043895
2 0 0.063837 0.235250 0.605176 0.032936 0.062801
2 0 0.103627 0.318292 0.459716 0.026329 0.092036
2 0 0.120109 0.348511 0.402941 0.024631 0.103808
1 0 0.107548 0.393870 0.388012 0.014853 0.095717
2 0 0.095429 0.377243 0.432203 0.013217 0.081907
2 1 0.074259 0.325184 0.525818 0.012714 0.062025
2 2 0.057810 0.272575 0.608882 0.012859 0.047874
2 2 0.044818 0.218286 0.683912 0.014906 0.038079
2 2 0.032897 0.158100 0.757744 0.021164 0.030095
2 2 0.023993 0.117033 0.810690 0.025354 0.022930
2 1 0.021103 0.103726 0.827850 0.026842 0.020479
2 1 0.017192 0.089029 0.852706 0.024603 0.016470
2 1 0.013441 0.074511 0.878000 0.021445 0.012603
2 2 0.014575 0.082234 0.870998 0.018923 0.013269
2 2 0.014814 0.082880 0.869328 0.019423 0.013555
2 1 0.017188 0.090674 0.853218 0.022732 0.016189
2 1 0.016675 0.085314 0.855371 0.026406 0.016234
2 1 0.016137 0.078569 0.855551 0.033217 0.016526
2 1 0.019666 0.091291 0.832888 0.035808 0.020347
2 1 0.027891 0.126622 0.786908 0.030863 0.027716
2 1 0.032372 0.148828 0.761829 0.026023 0.030948
2 1 0.031522 0.150619 0.766147 0.022489 0.029224
2 1 0.025760 0.130629 0.799813 0.020343 0.023456
2 2 0.026950 0.137238 0.792270 0.019296 0.024246
2 2 0.030191 0.152509 0.772243 0.018259 0.026799
2 2 0.026495 0.126086 0.795755 0.026215 0.025449
2 2 0.024136 0.112731 0.808775 0.030383 0.023975
2 2 0.023601 0.110430 0.811841 0.030631 0.023497
2 2 0.024750 0.119257 0.806077 0.026127 0.023789
2 2 0.030427 0.147338 0.772349 0.021839 0.028047
2 2 0.024436 0.122677 0.808116 0.022101 0.022670
2 2 0.022581 0.114529 0.819462 0.022385 0.021043
2 2 0.020028 0.099312 0.834427 0.026780 0.019453
2 2 0.018526 0.084615 0.841393 0.036750 0.018716
2 2 0.013982 0.058596 0.862322 0.050910 0.014190
2 2 0.010703 0.040268 0.865688 0.072456 0.010886
2 2 0.031973 0.156687 0.762564 0.019896 0.028880
2 2 0.038303 0.181891 0.725889 0.019507 0.034409
2 2 0.046829 0.213869 0.678363 0.019052 0.041887
2 2 0.037982 0.179821 0.727999 0.019924 0.034274
2 0 0.036604 0.179496 0.734072 0.017630 0.032197
2 0 0.048962 0.225956 0.664801 0.017323 0.042958
2 0 0.061285 0.271813 0.597953 0.015871 0.053078
2 4 0.073428 0.305625 0.539790 0.016533 0.064624
2 2 0.051915 0.228363 0.652492 0.020175 0.047055
2 0 0.045243 0.205574 0.688028 0.020201 0.040955
2 0 0.054501 0.249378 0.633115 0.015924 0.047082
2 0 0.068639 0.315717 0.548501 0.011345 0.055798
2 1 0.063345 0.300744 0.573971 0.010975 0.050965
2 1 0.049325 0.241941 0.654968 0.012985 0.040781
2 2 0.042116 0.208985 0.698676 0.014605 0.035618
2 2 0.031383 0.169697 0.759905 0.013061 0.025954
2 2 0.030529 0.170950 0.762524 0.011434 0.024562
2 2 0.027324 0.157923 0.782064 0.010896 0.021793
2 2 0.023619 0.139937 0.806582 0.010956 0.018906
2 2 0.022483 0.130443 0.816080 0.012481 0.018515
2 2 0.019854 0.113203 0.835214 0.014743 0.016986
2 2 0.020075 0.112044 0.834339 0.016058 0.017483
2 2 0.021094 0.116249 0.827840 0.016389 0.018427
2 2 0.020952 0.117535 0.828248 0.015238 0.018026
2 2 0.018349 0.107928 0.844672 0.013590 0.015461
2 2 0.014634 0.088320 0.870423 0.014110 0.012513
2 2 0.012077 0.073712 0.888522 0.015138 0.010551
2 2 0.012638 0.073591 0.884291 0.018036 0.011444
2 2 0.009742 0.057406 0.903797 0.019953 0.009102
2 2 0.009119 0.053114 0.907313 0.021752 0.008702
2 2 0.009227 0.052876 0.905831 0.023147 0.008919
2 2 0.013542 0.073346 0.876590 0.023568 0.012954
2 2 0.014524 0.080819 0.871136 0.020123 0.013399
2 2 0.017002 0.092729 0.854861 0.019847 0.015561
2 2 0.016312 0.087752 0.859091 0.021620 0.015225
2 2 0.017254 0.092097 0.853013 0.021567 0.016068
2 2 0.016091 0.087208 0.860620 0.021129 0.014951
2 2 0.013303 0.071119 0.877488 0.025175 0.012915
2 2 0.010864 0.057658 0.891319 0.029188 0.010971
2 2 0.010894 0.057002 0.890028 0.030936 0.011140
2 2 0.010885 0.055271 0.887534 0.034904 0.011406
2 2 0.009066 0.036300 0.882543 0.063015 0.009076
2 2 0.009951 0.028736 0.834628 0.117653 0.009032
2 2 0.010972 0.027275 0.804457 0.147951 0.009345
2 2 0.012660 0.027643 0.767715 0.181566 0.010416
2 2 0.013965 0.033244 0.775371 0.164942 0.012478
2 2 0.014215 0.031570 0.760315 0.181652 0.012249
2 2 0.012346 0.032985 0.805904 0.137364 0.011399
2 2 0.011196 0.034670 0.833766 0.109362 0.011006
2 2 0.011127 0.044280 0.867075 0.065800 0.011717
2 2 0.012066 0.050181 0.865848 0.058996 0.012908
2 2 0.014527 0.067583 0.859400 0.042720 0.015770
2 0 0.015585 0.071645 0.852819 0.043046 0.016906
2 0 0.020655 0.094402 0.826443 0.037007 0.021494
2 0 0.035877 0.142671 0.742803 0.041376 0.037272
2 0 0.128762 0.198597 0.530722 0.060975 0.080943
2 0 0.287049 0.218347 0.331522 0.050299 0.112783
0 0 0.468903 0.224611 0.154712 0.021792 0.129982
0 0 0.631372 0.175168 0.093229 0.007527 0.092703
0 0 0.675294 0.155043 0.077917 0.005800 0.085946
0 0 0.568407 0.221188 0.092401 0.005477 0.112527
0 0 0.616974 0.194094 0.082603 0.004668 0.101662
0 0 0.683353 0.161279 0.068213 0.003595 0.083560
0 0 0.757736 0.120291 0.055533 0.003162 0.063277
0 0 0.787769 0.096916 0.056525 0.004205 0.054586
0 0 0.849476 0.071907 0.036972 0.002060 0.039585
0 0 0.839548 0.081054 0.035869 0.001635 0.041894
0 0 0.768200 0.115893 0.054587 0.002999 0.058322
0 0 0.791640 0.105962 0.049264 0.002442 0.050693
0 0 0.820756 0.097935 0.037796 0.001305 0.042208
0 0 0.828580 0.095872 0.034768 0.001062 0.039718
0 0 0.734684 0.150460 0.052998 0.001799 0.060058
0 0 0.673028 0.193202 0.060088 0.001821 0.071861
0 0 0.529016 0.283790 0.080296 0.002609 0.104290
0 0 0.359064 0.339591 0.124767 0.006137 0.170441
0 0 0.376490 0.277836 0.104091 0.003532 0.238051
0 0 0.357830 0.283475 0.121200 0.005938 0.231556
0 0 0.333350 0.303447 0.118681 0.004787 0.239735
1 0 0.274179 0.383270 0.132066 0.005288 0.205198
1 0 0.204119 0.454494 0.129559 0.003671 0.208158
1 0 0.153869 0.475067 0.207466 0.009897 0.153700
1 0 0.149299 0.468738 0.198611 0.007892 0.175460
1 0 0.138489 0.467093 0.244259 0.008685 0.141473
1 0 0.108627 0.405821 0.343513 0.009239 0.132799
1 0 0.101959 0.383547 0.375867 0.010466 0.128162
2 0 0.097518 0.371707 0.403943 0.011664 0.115168
1 0 0.108288 0.394429 0.355537 0.011124 0.130621
1 0 0.113865 0.402301 0.322699 0.010221 0.150913
1 0 0.128879 0.399514 0.245527 0.010295 0.215786
1 0 0.144206 0.394130 0.197340 0.012395 0.251929
1 4 0.140576 0.355236 0.173807 0.011214 0.319167
4 4 0.220459 0.294626 0.144211 0.007731 0.332974
4 4 0.259940 0.204642 0.118223 0.006080 0.411115
4 4 0.337475 0.188931 0.105813 0.005199 0.362581
0 4 0.416435 0.171300 0.097718 0.004871 0.309677
0 4 0.448387 0.164706 0.100925 0.005556 0.280426
0 4 0.424995 0.162027 0.101292 0.005691 0.305994
0 4 0.457200 0.174667 0.106251 0.006810 0.255071
0 4 0.424727 0.234977 0.120107 0.008087 0.212102
1 0 0.279930 0.303880 0.149435 0.010149 0.256606
1 0 0.208765 0.332381 0.162358 0.010740 0.285755
4 4 0.215153 0.316435 0.143754 0.007027 0.317631
4 4 0.221582 0.293732 0.146249 0.008214 0.330223
4 4 0.230798 0.253267 0.145791 0.009762 0.360382
4 4 0.251578 0.183055 0.124373 0.008437 0.432556
4 4 0.306918 0.145103 0.099419 0.005612 0.442948
4 4 0.342766 0.124346 0.083015 0.003862 0.446012
0 4 0.396244 0.125920 0.080451 0.003728 0.393656
0 4 0.411511 0.139432 0.083761 0.003855 0.361441
0 0 0.412458 0.174470 0.096140 0.004776 0.312156
4 4 0.310436 0.218725 0.113116 0.005236 0.352487
4 0 0.285299 0.278048 0.136540 0.007779 0.292334
4 4 0.232246 0.293043 0.149696 0.009259 0.315757
1 0 0.257448 0.324502 0.154840 0.010406 0.252804
1 0 0.315775 0.325084 0.142280 0.008972 0.207889
0 0 0.427940 0.306406 0.113740 0.005960 0.145954
0 0 0.368096 0.327062 0.136534 0.009468 0.158841
1 0 0.336207 0.345394 0.150223 0.012234 0.155941
1 0 0.310280 0.354466 0.160607 0.014059 0.160589
1 0 0.284335 0.344661 0.202832 0.017259 0.150913
2 0 0.050931 0.245695 0.647382 0.013513 0.042479
2 0 0.063724 0.291139 0.573470 0.012061 0.059606
2 0 0.059111 0.281626 0.587790 0.010024 0.061449
2 1 0.049285 0.247894 0.632609 0.008574 0.061637
2 1 0.039393 0.203965 0.698781 0.009994 0.047867
2 1 0.033133 0.178424 0.740706 0.010386 0.037351
2 1 0.035555 0.183750 0.730072 0.012227 0.038396
2 1 0.024647 0.130614 0.802859 0.015378 0.026502
2 1 0.020848 0.109549 0.828309 0.018054 0.023239
2 2 0.020426 0.106498 0.830527 0.018405 0.024145
2 2 0.018175 0.093254 0.844524 0.020789 0.023258
2 2 0.019009 0.097465 0.839503 0.020626 0.023397
2 2 0.022847 0.115281 0.814305 0.019075 0.028491
2 2 0.026222 0.130820 0.793431 0.018501 0.031026
2 2 0.025581 0.131395 0.799369 0.018223 0.025432
2 2 0.019161 0.105760 0.840679 0.017405 0.016995
2 2 0.018184 0.102723 0.846856 0.016307 0.015930
2 2 0.027958 0.143748 0.785555 0.017975 0.024763
2 2 0.041797 0.183852 0.709512 0.025212 0.039628
2 2 0.088348 0.225474 0.575971 0.038752 0.071454
2 0 0.179076 0.199618 0.470986 0.060164 0.090156
0 0 0.316290 0.204885 0.307692 0.053949 0.117184
0 0 0.396434 0.216639 0.216670 0.037579 0.132678
0 0 0.388051 0.239880 0.197739 0.031831 0.142499
1 1 0.232344 0.348789 0.256065 0.020881 0.141920
1 1 0.172641 0.420506 0.251886 0.015827 0.139141
2 1 0.097382 0.345424 0.443113 0.021674 0.092407
2 1 0.081632 0.303587 0.513175 0.023766 0.077840
2 1 0.067056 0.261740 0.581656 0.025372 0.064177
2 1 0.074868 0.294224 0.537689 0.020246 0.072973
2 1 0.073111 0.292961 0.540360 0.018209 0.075358
2 4 0.067667 0.279129 0.568888 0.018485 0.065831
2 4 0.062429 0.265571 0.597175 0.018805 0.056019
2 2 0.060073 0.264796 0.605781 0.016767 0.052584
2 4 0.058527 0.265163 0.610840 0.015259 0.050211
2 0 0.061097 0.270455 0.599316 0.016081 0.053052
2 1 0.057208 0.261823 0.617117 0.014985 0.048867
2 1 0.056979 0.264016 0.616643 0.014218 0.048144
2 1 0.049624 0.234367 0.658180 0.015355 0.042474
2 2 0.054428 0.249486 0.633310 0.015820 0.046955
2 2 0.047858 0.221047 0.671246 0.017689 0.042160
2 2 0.047263 0.221828 0.673117 0.016671 0.041121
2 2 0.033546 0.162988 0.753358 0.019840 0.030268
2 2 0.031714 0.156133 0.763952 0.019632 0.028568
2 2 0.027160 0.135251 0.791537 0.021143 0.024909
2 2 0.023175 0.112508 0.815416 0.026521 0.022380
2 2 0.019732 0.092947 0.833585 0.033602 0.020134
2 2 0.019815 0.091289 0.831500 0.036779 0.020616
2 2 0.018325 0.083868 0.838649 0.039727 0.019432
2 2 0.017276 0.078409 0.843031 0.042645 0.018639
2 2 0.016825 0.077607 0.847055 0.040544 0.017969
2 2 0.017332 0.081282 0.846067 0.037172 0.018147
2 2 0.016362 0.078132 0.852769 0.035722 0.017015
2 2 0.017121 0.080933 0.847880 0.036233 0.017833
2 2 0.015121 0.070440 0.856652 0.041498 0.016288
2 2 0.017087 0.078000 0.844619 0.041922 0.018372
2 2 0.019055 0.085240 0.832614 0.042599 0.020492
2 2 0.020139 0.093743 0.830564 0.034854 0.020701
2 2 0.019002 0.091618 0.839051 0.031223 0.019105
2 2 0.018595 0.092673 0.842998 0.027528 0.018206
2 2 0.017871 0.080127 0.838693 0.043923 0.019386
2 2 0.018082 0.077291 0.831213 0.052982 0.020432
2 2 0.017796 0.074225 0.828341 0.059032 0.020606
2 2 0.017896 0.074010 0.826364 0.060870 0.020860
2 2 0.019333 0.078220 0.816349 0.063411 0.022687
2 2 0.020684 0.082239 0.807476 0.065222 0.024378
2 2 0.017577 0.064610 0.804175 0.091693 0.021945
2 2 0.017010 0.059257 0.802822 0.100374 0.020537
2 2 0.017552 0.062710 0.805867 0.092785 0.021086
2 2 0.015092 0.054876 0.820690 0.091411 0.017931
2 2 0.012918 0.051383 0.845470 0.075067 0.015162
2 2 0.013328 0.056957 0.852394 0.061728 0.015593
2 2 0.014923 0.066854 0.852477 0.049062 0.016683
2 2 0.013107 0.058060 0.858465 0.055256 0.015112
2 2 0.012018 0.051725 0.858011 0.063972 0.014274
2 2 0.011463 0.045820 0.853354 0.075982 0.013380
2 2 0.011884 0.046389 0.848643 0.079273 0.013810
2 2 0.013397 0.049185 0.833031 0.088863 0.015524
2 2 0.014237 0.046429 0.816992 0.106765 0.015577
2 2 0.014728 0.045013 0.806746 0.117888 0.015626
2 2 0.014465 0.045524 0.815411 0.109361 0.015239
2 2 0.014172 0.045819 0.822530 0.102598 0.014881
2 2 0.013073 0.035992 0.805103 0.133316 0.012516
2 2 0.012450 0.031938 0.798832 0.145542 0.011239
2 2 0.011479 0.028661 0.801423 0.148497 0.009940
2 2 0.010997 0.027499 0.805247 0.146849 0.009408
2 2 0.010512 0.026642 0.811137 0.142765 0.008944
2 2 0.011171 0.027826 0.803310 0.148113 0.009579
2 2 0.011570 0.031534 0.814495 0.131798 0.010603
2 2 0.011669 0.033699 0.821735 0.121780 0.011117
2 2 0.013126 0.035874 0.803683 0.134792 0.012526
2 2 0.012831 0.030096 0.780559 0.165445 0.011068
2 2 0.011219 0.023331 0.767934 0.188878 0.008639
2 2 0.011543 0.026216 0.783752 0.169037 0.009452
2 1 0.012882 0.031163 0.785814 0.158804 0.011337
2 1 0.020347 0.045262 0.721285 0.193437 0.019670
2 0 0.042356 0.088369 0.647762 0.179874 0.041640
2 0 0.068903 0.142580 0.573560 0.146589 0.068367
2 0 0.213955 0.234519 0.345932 0.075010 0.130585
0 0 0.392407 0.230302 0.187962 0.039216 0.150112
0 0 0.479526 0.207990 0.153252 0.025431 0.133802
0 0 0.464605 0.239044 0.140037 0.016913 0.139400
0 1 0.341013 0.335871 0.152294 0.013355 0.157467
1 0 0.325024 0.381238 0.138307 0.008103 0.147329
1 0 0.336754 0.389021 0.127859 0.006183 0.140184
0 0 0.358483 0.353786 0.134060 0.008330 0.145341
0 0 0.441439 0.278198 0.127695 0.010754 0.141915
0 0 0.584276 0.190016 0.102537 0.009947 0.113224
0 0 0.695601 0.128638 0.081821 0.008973 0.084966
0 0 0.741968 0.108316 0.069237 0.007262 0.073217
0 1 0.673610 0.143158 0.085813 0.008604 0.088814
0 2 0.523156 0.239145 0.110093 0.008240 0.119366
1 2 0.342072 0.371989 0.133708 0.007612 0.144619
1 2 0.145713 0.464656 0.246107 0.012051 0.131474
1 2 0.128725 0.464624 0.289039 0.009460 0.108151
1 2 0.098959 0.401150 0.399447 0.009775 0.090668
2 2 0.088659 0.378118 0.444819 0.009772 0.078632
2 2 0.066735 0.310544 0.555678 0.010894 0.056150
2 2 0.046176 0.235612 0.668965 0.011579 0.037668
2 2 0.036412 0.190954 0.728435 0.012753 0.031445
2 2 0.042989 0.217363 0.690957 0.013125 0.035565
2 2 0.045609 0.228031 0.675721 0.012976 0.037663
2 2 0.054147 0.253109 0.632304 0.014538 0.045902
2 2 0.048904 0.236147 0.659736 0.014096 0.041116
2 2 0.051402 0.247172 0.644942 0.013569 0.042915
2 1 0.048564 0.226795 0.665874 0.016559 0.042208
2 1 0.054823 0.239690 0.636620 0.019484 0.049383
2 1 0.055399 0.234934 0.625954 0.018780 0.064934
2 1 0.046402 0.193926 0.669041 0.021424 0.069207
2 1 0.040780 0.174143 0.703626 0.022896 0.058555
2 1 0.034996 0.154800 0.736720 0.022305 0.051180
2 1 0.034897 0.156571 0.734448 0.020086 0.053998
2 1 0.029105 0.132624 0.772547 0.022933 0.042791
2 1 0.023767 0.109260 0.806511 0.026853 0.033608
2 1 0.024473 0.107708 0.800268 0.031479 0.036073
2 1 0.018913 0.084235 0.832797 0.037247 0.026808
2 2 0.014332 0.065392 0.858732 0.043898 0.017647
2 2 0.012627 0.059845 0.870853 0.042887 0.013787
2 2 0.016644 0.074739 0.844972 0.044965 0.018679
2 2 0.022160 0.094652 0.812257 0.043705 0.027228
2 1 0.027060 0.113965 0.784761 0.037593 0.036621
2 1 0.027749 0.117936 0.783828 0.039813 0.030674
2 2 0.027887 0.126575 0.786925 0.030895 0.027719
2 2 0.029139 0.135418 0.780317 0.027007 0.028120
2 2 0.028135 0.133582 0.786191 0.025301 0.026791
2 2 0.023676 0.114656 0.812438 0.026400 0.022830
2 2 0.019221 0.097444 0.839861 0.025049 0.018425
2 2 0.016814 0.083777 0.853277 0.029385 0.016747
2 2 0.013343 0.065703 0.871507 0.035494 0.013953
2 2 0.012284 0.061453 0.878586 0.034846 0.012831
2 2 0.014600 0.072814 0.865799 0.031914 0.014872
2 2 0.014883 0.074543 0.864528 0.030992 0.015055
2 2 0.016891 0.081991 0.851194 0.032708 0.017215
2 2 0.017689 0.084417 0.845608 0.034119 0.018167
2 2 0.015679 0.073806 0.854982 0.038900 0.016633
2 2 0.015500 0.073501 0.856646 0.037990 0.016364
2 2 0.016927 0.081378 0.850289 0.034009 0.017397
2 2 0.018381 0.087309 0.841504 0.033966 0.018839
2 2 0.016695 0.078340 0.849442 0.037943 0.017579
2 2 0.018342 0.082543 0.836808 0.042563 0.019744
2 2 0.017552 0.078492 0.839935 0.044882 0.019140
2 1 0.020450 0.093264 0.827345 0.037584 0.021358
2 2 0.020024 0.093469 0.831380 0.034577 0.020550
2 2 0.022258 0.100052 0.816726 0.037749 0.023216
2 2 0.022845 0.100764 0.812121 0.040138 0.024132
2 2 0.020217 0.091010 0.827397 0.039970 0.021406
2 2 0.017189 0.077414 0.842554 0.044153 0.018689
2 2 0.013462 0.062690 0.864623 0.044446 0.014780
2 2 0.013972 0.064631 0.861333 0.044723 0.015341
2 2 0.015133 0.067424 0.850717 0.049764 0.016963
2 2 0.014763 0.064577 0.849403 0.054368 0.016889
2 2 0.012116 0.053421 0.861498 0.058763 0.014203
2 2 0.012647 0.056014 0.860274 0.056397 0.014668
2 2 0.011882 0.054140 0.868354 0.052056 0.013569
2 2 0.012857 0.058156 0.863050 0.051342 0.014595
2 2 0.012036 0.054520 0.866713 0.052940 0.013790
2 2 0.013092 0.057193 0.855974 0.058456 0.015285
2 2 0.011353 0.050301 0.865270 0.059688 0.013388
2 2 0.013219 0.059802 0.861525 0.050518 0.014937
2 2 0.013023 0.061672 0.868866 0.042280 0.014159
2 1 0.022170 0.093834 0.811156 0.045183 0.027657
2 2 0.023764 0.100664 0.802812 0.040836 0.031924
2 2 0.017068 0.076950 0.843455 0.043372 0.019155
2 1 0.014604 0.068593 0.860151 0.040948 0.015704
2 2 0.015765 0.077219 0.858037 0.032860 0.016119
2 2 0.019711 0.095794 0.835465 0.029478 0.019553
2 2 0.024744 0.121131 0.806269 0.024414 0.023442
2 2 0.055968 0.215628 0.644742 0.029894 0.053768
2 2 0.204784 0.252131 0.403628 0.038231 0.101226
0 0 0.391662 0.228913 0.226449 0.032589 0.120387
0 0 0.578487 0.174797 0.131220 0.017380 0.098116
0 0 0.547150 0.177410 0.149292 0.023799 0.102349
0 0 0.341160 0.282268 0.225653 0.024628 0.126291
1 0 0.202622 0.445569 0.206502 0.009974 0.135333
1 1 0.148551 0.498400 0.219546 0.008117 0.125385
1 4 0.146791 0.451873 0.244443 0.013455 0.143438
1 4 0.136109 0.393041 0.254298 0.016022 0.200531
1 4 0.131212 0.353295 0.214804 0.014062 0.286626
4 4 0.127860 0.329833 0.184741 0.012291 0.345276
4 4 0.128764 0.334388 0.167693 0.010013 0.359143
4 0 0.124727 0.334755 0.155318 0.007352 0.377847
4 4 0.159370 0.333374 0.153821 0.007649 0.345787
1 4 0.158511 0.353405 0.167421 0.010127 0.310537
4 4 0.260996 0.281678 0.130269 0.006008 0.321049
0 4 0.401849 0.190815 0.099801 0.004787 0.302748
0 4 0.532518 0.125560 0.061658 0.001932 0.278332
0 4 0.663699 0.091464 0.048400 0.001477 0.194960
0 4 0.748724 0.066863 0.037922 0.001097 0.145394
0 4 0.768168 0.053108 0.036751 0.001332 0.140640
0 4 0.727022 0.057405 0.039755 0.001463 0.174355
0 4 0.727251 0.072888 0.052715 0.003205 0.143941
0 4 0.611653 0.136883 0.071829 0.003844 0.175792
0 4 0.460881 0.199175 0.093958 0.004290 0.241697
1 4 0.290529 0.295074 0.127757 0.005749 0.280891
4 4 0.259328 0.262064 0.111868 0.003625 0.363116
4 4 0.206894 0.250328 0.134470 0.006911 0.401397
4 4 0.194889 0.242452 0.126735 0.005624 0.430300
4 4 0.150803 0.293173 0.158639 0.009703 0.387682
4 4 0.107941 0.268184 0.157624 0.009757 0.456494
4 4 0.102412 0.228545 0.150982 0.010147 0.507916
4 4 0.116344 0.168275 0.128657 0.008820 0.577903
4 4 0.142859 0.149652 0.130223 0.011393 0.565873
4 4 0.159335 0.149263 0.126797 0.010586 0.554019
4 4 0.218705 0.149698 0.103877 0.005477 0.522243
4 4 0.291147 0.130529 0.080832 0.002994 0.494497
4 4 0.311806 0.134461 0.076662 0.002441 0.474630
4 4 0.333368 0.166668 0.087697 0.003039 0.409228
4 4 0.305537 0.180818 0.092443 0.003131 0.418070
4 4 0.260725 0.179848 0.102268 0.004232 0.452926
4 4 0.288952 0.185235 0.096240 0.003410 0.426164
4 4 0.324403 0.234095 0.100686 0.003210 0.337605
1 4 0.288657 0.324058 0.128216 0.005374 0.253695
1 4 0.210087 0.383282 0.144822 0.006166 0.255644
1 4 0.194063 0.434646 0.146756 0.005896 0.218639
1 4 0.224111 0.400659 0.138675 0.005310 0.231245
0 4 0.331680 0.321304 0.117293 0.004375 0.225348
0 4 0.377202 0.257023 0.103088 0.003650 0.259036
0 4 0.382205 0.192712 0.087397 0.002738 0.334949
0 4 0.399688 0.169930 0.086516 0.003230 0.340636
0 4 0.376021 0.178581 0.090931 0.003452 0.351015
1 4 0.216104 0.320595 0.154802 0.009326 0.299173
4 4 0.225322 0.309550 0.133566 0.005526 0.326036
1 4 0.251981 0.315937 0.136174 0.006254 0.289653
1 0 0.226833 0.321254 0.153082 0.009160 0.289671
4 4 0.212139 0.305850 0.153620 0.009358 0.319033
4 4 0.197085 0.274560 0.144904 0.008083 0.375368
4 4 0.165497 0.199727 0.118094 0.005353 0.511329
4 4 0.194397 0.179395 0.100005 0.003527 0.522675
4 4 0.237467 0.198557 0.100761 0.003359 0.459856
4 4 0.219065 0.235966 0.110180 0.003601 0.431189
4 4 0.182953 0.279083 0.129075 0.004961 0.403929
4 4 0.152629 0.328758 0.155327 0.007937 0.355349
4 4 0.131348 0.344585 0.167331 0.009697 0.347039
1 4 0.142873 0.382665 0.171473 0.010075 0.292914
4 4 0.124407 0.326064 0.161109 0.008705 0.379715
4 4 0.122651 0.310938 0.168217 0.010806 0.387389
4 4 0.104542 0.257770 0.155609 0.009720 0.472358
4 4 0.136675 0.222012 0.134341 0.007155 0.499817
4 4 0.162381 0.176277 0.111201 0.005106 0.545035
4 4 0.195785 0.150581 0.097514 0.004170 0.551950
4 4 0.210437 0.175921 0.103749 0.004251 0.505642
4 4 0.179938 0.222657 0.116068 0.004417 0.476918
4 4 0.115397 0.286843 0.137288 0.005380 0.455093
4 4 0.118779 0.314873 0.152801 0.007288 0.406260
4 4 0.110425 0.297514 0.180507 0.008744 0.402810
1 4 0.107116 0.331850 0.253719 0.008953 0.298362
2 4 0.078381 0.293035 0.427485 0.010371 0.190728
2 4 0.069852 0.272090 0.482434 0.011130 0.164495
2 4 0.065897 0.259643 0.506836 0.011702 0.155922
2 4 0.077407 0.284275 0.422269 0.010623 0.205426
2 4 0.079349 0.279246 0.404653 0.011603 0.225149
2 4 0.082245 0.282975 0.378363 0.011112 0.245305
2 4 0.094318 0.310247 0.311512 0.009624 0.274299
1 4 0.104945 0.348846 0.295433 0.009097 0.241681
1 4 0.139057 0.409912 0.184989 0.007651 0.258390
1 4 0.147772 0.448364 0.184272 0.007426 0.212166
