1 1 0.231491 0.318436 0.288266 0.058340 0.103466
1 1 0.258065 0.319419 0.258428 0.055834 0.108254
1 1 0.261692 0.315393 0.251264 0.056133 0.115518
2 0 0.130903 0.287143 0.383773 0.033340 0.164842
2 0 0.080183 0.232965 0.408522 0.015245 0.263085
2 1 0.067956 0.191426 0.377143 0.010287 0.353188
4 1 0.081010 0.175924 0.275623 0.007004 0.460438
4 1 0.080082 0.181090 0.292123 0.007708 0.438996
2 1 0.040300 0.193488 0.520772 0.010947 0.234493
2 1 0.044195 0.201309 0.545803 0.014616 0.194077
2 1 0.045814 0.219488 0.586990 0.023874 0.123834
2 1 0.072127 0.253411 0.507477 0.032225 0.134761
2 1 0.040622 0.199548 0.625241 0.026193 0.108395
2 1 0.028803 0.168812 0.682915 0.020148 0.099321
2 1 0.026794 0.163887 0.680740 0.017711 0.110868
2 1 0.026331 0.157658 0.680652 0.017454 0.117905
2 1 0.035303 0.171885 0.572226 0.011033 0.209553
2 1 0.035426 0.146389 0.504867 0.006583 0.306734
2 1 0.025459 0.115948 0.545260 0.004535 0.308798
2 1 0.023755 0.115789 0.601275 0.005425 0.253757
2 1 0.023736 0.117055 0.648081 0.007039 0.204089
2 1 0.025523 0.124177 0.648859 0.008007 0.193435
2 1 0.021536 0.121019 0.697689 0.009161 0.150595
2 1 0.016532 0.105831 0.768590 0.013219 0.095829
2 1 0.015546 0.091851 0.808716 0.018896 0.064991
2 1 0.018602 0.099406 0.793367 0.022975 0.065650
2 1 0.020721 0.098333 0.789707 0.030684 0.060555
2 1 0.018984 0.082878 0.813374 0.038757 0.046008
2 1 0.016754 0.058359 0.827633 0.074014 0.023240
2 1 0.013666 0.044687 0.831722 0.092366 0.017558
2 1 0.013239 0.040302 0.821789 0.108752 0.015919
2 1 0.013170 0.037300 0.809004 0.125588 0.014937
2 1 0.014263 0.037996 0.788329 0.144794 0.014618
2 1 0.018460 0.043319 0.741419 0.180942 0.015860
2 1 0.041307 0.074995 0.608793 0.250835 0.024069
2 1 0.116940 0.155411 0.397618 0.281907 0.048125
2 2 0.237796 0.217818 0.283088 0.171985 0.089312
0 2 0.295381 0.199815 0.246185 0.163398 0.095220
0 2 0.338846 0.178081 0.221270 0.153665 0.108138
0 2 0.335941 0.165602 0.217125 0.177367 0.103966
0 2 0.280531 0.162917 0.237854 0.237189 0.081509
3 2 0.170929 0.136243 0.284473 0.359965 0.048389
2 2 0.073374 0.109310 0.499315 0.284355 0.033646
2 2 0.046573 0.073413 0.549695 0.307220 0.023099
2 2 0.057132 0.093004 0.536209 0.286764 0.026891
2 2 0.129323 0.151921 0.376532 0.295800 0.046424
2 2 0.201298 0.216860 0.327838 0.182126 0.071878
0 2 0.299282 0.221897 0.247720 0.129537 0.101564
0 2 0.412243 0.153933 0.179521 0.117636 0.136667
0 2 0.472241 0.133222 0.155099 0.083009 0.156428
0 2 0.478473 0.128569 0.155492 0.082589 0.154878
0 2 0.493550 0.127467 0.144923 0.067654 0.166406
0 2 0.452552 0.126711 0.172711 0.111488 0.136539
0 2 0.439823 0.128104 0.177896 0.122879 0.131299
0 2 0.399203 0.131011 0.192391 0.161142 0.116253
0 2 0.334813 0.137813 0.210487 0.222137 0.094750
3 2 0.243005 0.169075 0.259633 0.259817 0.068470
2 2 0.242025 0.191625 0.270569 0.224186 0.071595
2 2 0.184775 0.206731 0.303100 0.251982 0.053412
2 2 0.219561 0.220655 0.290683 0.201512 0.067589
0 2 0.423705 0.132102 0.182264 0.134861 0.127067
0 2 0.388049 0.141141 0.191625 0.158309 0.120876
0 2 0.416307 0.156380 0.169669 0.089006 0.168638
0 2 0.326875 0.215870 0.215515 0.075410 0.166330
0 2 0.290098 0.221624 0.249817 0.126672 0.111790
2 2 0.107126 0.148070 0.432426 0.268346 0.044032
2 2 0.102615 0.136103 0.425823 0.295032 0.040427
2 2 0.089143 0.121292 0.439465 0.315746 0.034354
2 2 0.119789 0.145305 0.358182 0.339950 0.036774
3 2 0.163825 0.164231 0.298475 0.331752 0.041718
2 2 0.229132 0.195464 0.296841 0.213805 0.064758
0 2 0.344534 0.191606 0.232761 0.119990 0.111109
0 2 0.397986 0.173263 0.196398 0.098522 0.133831
0 2 0.418814 0.144500 0.178680 0.123903 0.134104
0 2 0.431027 0.125248 0.183703 0.135449 0.124573
0 2 0.439221 0.112730 0.188525 0.142228 0.117295
0 0 0.440323 0.108006 0.191090 0.146903 0.113678
0 0 0.447995 0.096283 0.195561 0.153730 0.106431
0 0 0.381173 0.086560 0.216841 0.235394 0.080032
0 0 0.356197 0.089668 0.219103 0.259048 0.075984
0 0 0.359556 0.103220 0.213787 0.238731 0.084706
0 0 0.394563 0.126239 0.195968 0.172847 0.110383
0 0 0.343778 0.174699 0.214722 0.156306 0.110495
2 0 0.162765 0.284191 0.361222 0.049361 0.142461
2 1 0.048917 0.216134 0.602411 0.031694 0.100844
2 1 0.026675 0.144025 0.709647 0.021580 0.098073
2 1 0.016153 0.098520 0.793807 0.017549 0.073970
2 1 0.014408 0.092093 0.796555 0.015126 0.081819
2 1 0.013034 0.083197 0.809124 0.014588 0.080057
2 1 0.013704 0.083799 0.789930 0.011019 0.101549
2 1 0.017043 0.092045 0.715412 0.006790 0.168710
2 1 0.018856 0.093404 0.654107 0.004794 0.228839
2 1 0.020518 0.094098 0.622721 0.004330 0.258334
2 1 0.024943 0.096894 0.545250 0.003780 0.329132
2 1 0.030846 0.103258 0.490523 0.003954 0.371419
2 1 0.033184 0.106595 0.460507 0.003918 0.395796
4 4 0.047539 0.098189 0.282197 0.002819 0.569255
4 4 0.054009 0.092058 0.178574 0.001797 0.673563
4 4 0.071637 0.095244 0.094338 0.000944 0.737837
4 4 0.071521 0.095648 0.085764 0.000842 0.746226
4 4 0.071305 0.096371 0.085521 0.000846 0.745956
4 4 0.074994 0.101059 0.078903 0.000846 0.744198
4 4 0.073207 0.093212 0.061146 0.000549 0.771886
4 4 0.073069 0.096082 0.065197 0.000617 0.765035
4 4 0.053008 0.095878 0.116088 0.001034 0.733993
4 4 0.053448 0.101196 0.142215 0.001471 0.701671
4 4 0.068610 0.104679 0.115800 0.001364 0.709547
4 4 0.082698 0.100153 0.095652 0.001130 0.720366
4 4 0.091343 0.108393 0.113754 0.001691 0.684819
4 4 0.085508 0.115239 0.139757 0.002337 0.657160
4 4 0.077362 0.121342 0.182144 0.003478 0.615675
4 4 0.075832 0.123842 0.208209 0.004382 0.587736
4 4 0.057698 0.104742 0.209113 0.002871 0.625575
4 4 0.039861 0.110334 0.343806 0.003561 0.502438
2 4 0.023999 0.101096 0.542228 0.004589 0.328088
2 4 0.024240 0.106367 0.602723 0.006161 0.260509
2 4 0.020340 0.111684 0.689933 0.008216 0.169828
2 4 0.019311 0.122538 0.708721 0.009059 0.140372
2 4 0.019805 0.132746 0.700166 0.009499 0.137784
2 4 0.019127 0.128228 0.712205 0.010270 0.130170
2 4 0.026497 0.117202 0.486962 0.004316 0.365024
4 4 0.036111 0.122141 0.374638 0.004099 0.463010
4 4 0.066147 0.142256 0.279999 0.005854 0.505743
4 4 0.124450 0.147762 0.168244 0.006011 0.553533
4 4 0.179542 0.171734 0.259652 0.028754 0.360318
2 4 0.169519 0.169425 0.315305 0.042984 0.302766
2 4 0.181066 0.163141 0.351733 0.092674 0.211385
4 4 0.233518 0.180337 0.235490 0.040723 0.309933
4 4 0.223564 0.200517 0.165482 0.016277 0.394161
4 4 0.136773 0.170594 0.189163 0.008002 0.495467
2 4 0.046292 0.142949 0.485947 0.009760 0.315052
2 4 0.030701 0.120555 0.573785 0.008428 0.266531
2 2 0.025358 0.111361 0.583953 0.006709 0.272619
2 2 0.030824 0.115737 0.497170 0.005320 0.350948
2 2 0.023799 0.111820 0.576551 0.005327 0.282502
2 2 0.021276 0.107503 0.627500 0.005653 0.238068
2 2 0.015710 0.089476 0.754155 0.008980 0.131680
2 2 0.016769 0.086349 0.755126 0.010099 0.131657
2 2 0.012948 0.067119 0.830121 0.018958 0.070854
2 2 0.011647 0.052833 0.862473 0.028630 0.044417
2 2 0.010333 0.042085 0.877706 0.040547 0.029329
2 2 0.009907 0.039370 0.880795 0.045050 0.024878
2 2 0.010296 0.043133 0.879590 0.041740 0.025241
2 2 0.011139 0.049781 0.874847 0.038313 0.025919
2 2 0.008812 0.038946 0.889228 0.045182 0.017832
2 2 0.006945 0.030864 0.899400 0.048830 0.013960
2 2 0.006632 0.026274 0.886822 0.069102 0.011171
2 2 0.007307 0.024440 0.856646 0.101554 0.010053
2 2 0.006697 0.018885 0.813246 0.153651 0.007521
2 2 0.005949 0.015023 0.777595 0.195418 0.006015
2 2 0.005518 0.012559 0.735356 0.241569 0.004998
2 2 0.006512 0.014403 0.723250 0.250250 0.005585
2 2 0.007055 0.015038 0.696929 0.275512 0.005466
2 2 0.007486 0.015835 0.689079 0.282018 0.005583
2 2 0.006667 0.013792 0.677589 0.297036 0.004916
2 2 0.008741 0.015325 0.598667 0.372021 0.005247
3 2 0.010829 0.014449 0.471753 0.497918 0.005051
3 2 0.012816 0.013089 0.356281 0.613026 0.004787
3 2 0.011728 0.009635 0.275163 0.699621 0.003853
3 2 0.011522 0.008099 0.207983 0.769324 0.003072
3 2 0.010168 0.006703 0.166155 0.814749 0.002226
3 2 0.010186 0.006579 0.156074 0.825055 0.002105
3 2 0.009180 0.005895 0.149219 0.833861 0.001844
3 2 0.010215 0.006396 0.141681 0.839774 0.001934
3 2 0.010231 0.006124 0.122801 0.859139 0.001706
3 2 0.010148 0.005731 0.101506 0.881181 0.001435
3 2 0.010232 0.005347 0.078768 0.904488 0.001164
3 2 0.010329 0.005061 0.063664 0.919963 0.000983
3 2 0.009145 0.004278 0.052632 0.933190 0.000754
3 3 0.006154 0.002795 0.042498 0.948105 0.000448
3 3 0.005672 0.002560 0.040656 0.950710 0.000402
3 3 0.005227 0.002345 0.038889 0.953178 0.000361
3 3 0.005508 0.002481 0.040013 0.951611 0.000387
3 3 0.005285 0.002373 0.039124 0.952852 0.000366
3 3 0.004901 0.002189 0.037551 0.955027 0.000332
3 3 0.004444 0.001970 0.035600 0.957695 0.000292
3 3 0.003964 0.001743 0.033448 0.960593 0.000251
3 3 0.003208 0.001388 0.029789 0.965425 0.000190
3 3 0.002884 0.001239 0.028101 0.967611 0.000165
3 3 0.002609 0.001112 0.026596 0.969538 0.000145
3 3 0.003079 0.001328 0.029125 0.966287 0.000180
3 3 0.003712 0.001624 0.032267 0.962166 0.000230
3 3 0.004191 0.001850 0.034477 0.959212 0.000270
3 3 0.003981 0.001751 0.033524 0.960492 0.000253
3 3 0.003771 0.001652 0.032546 0.961796 0.000235
3 3 0.003570 0.001557 0.031587 0.963067 0.000219
3 3 0.003689 0.001613 0.032156 0.962314 0.000229
3 3 0.003691 0.001614 0.032165 0.962301 0.000229
3 3 0.003645 0.001592 0.031947 0.962591 0.000225
3 3 0.004172 0.001841 0.034396 0.959322 0.000269
3 3 0.004246 0.001876 0.034727 0.958876 0.000275
3 3 0.004587 0.002038 0.036221 0.956850 0.000304
3 3 0.003984 0.001752 0.033539 0.960472 0.000253
3 3 0.004311 0.001907 0.035013 0.958489 0.000280
3 3 0.004682 0.002084 0.036626 0.956296 0.000313
3 3 0.003951 0.001736 0.033384 0.960679 0.000250
3 3 0.003354 0.001456 0.030523 0.964466 0.000202
3 3 0.003271 0.001418 0.030109 0.965007 0.000195
3 3 0.004594 0.002042 0.036251 0.956809 0.000305
3 3 0.004779 0.002130 0.037038 0.955733 0.000321
3 3 0.005337 0.002398 0.039335 0.952558 0.000371
3 3 0.006388 0.002910 0.043368 0.946864 0.000470
3 3 0.006160 0.002798 0.042521 0.948073 0.000448
3 3 0.005613 0.002532 0.040428 0.951030 0.000397
3 3 0.004081 0.001798 0.033983 0.959877 0.000261
3 3 0.002796 0.001198 0.027625 0.968222 0.000159
3 3 0.002203 0.000928 0.024236 0.972516 0.000116
3 3 0.001727 0.000714 0.021194 0.976280 0.000085
3 3 0.001766 0.000732 0.021457 0.975959 0.000087
3 3 0.001609 0.000662 0.020379 0.977273 0.000077
3 3 0.001736 0.000718 0.021253 0.976208 0.000085
3 3 0.001567 0.000643 0.020086 0.977629 0.000074
3 3 0.001773 0.000735 0.021504 0.975901 0.000087
3 3 0.002203 0.000928 0.024235 0.972518 0.000116
3 3 0.002956 0.001272 0.028482 0.967120 0.000171
3 3 0.003247 0.001407 0.029988 0.965165 0.000193
3 3 0.003033 0.001307 0.028889 0.966593 0.000177
3 3 0.002972 0.001279 0.028565 0.967012 0.000172
3 3 0.003700 0.001618 0.032211 0.962241 0.000229
3 3 0.003841 0.001685 0.032876 0.961357 0.000241
3 3 0.003257 0.001411 0.030035 0.965103 0.000194
3 3 0.003457 0.001505 0.031036 0.963791 0.000210
3 3 0.003545 0.001546 0.031464 0.963228 0.000217
3 3 0.004746 0.002114 0.036898 0.955925 0.000318
3 3 0.004533 0.002013 0.035987 0.957168 0.000300
3 3 0.004677 0.002081 0.036605 0.956325 0.000312
3 3 0.003603 0.001573 0.031744 0.962859 0.000222
3 3 0.003537 0.001542 0.031426 0.963278 0.000216
3 3 0.002736 0.001170 0.027301 0.968638 0.000154
3 3 0.003416 0.001485 0.030831 0.964062 0.000207
3 3 0.003304 0.001433 0.030272 0.964794 0.000198
3 3 0.003636 0.001588 0.031902 0.962650 0.000224
3 3 0.004536 0.002014 0.036002 0.957147 0.000300
3 3 0.005322 0.002391 0.039274 0.952644 0.000370
3 3 0.005645 0.002547 0.040550 0.950858 0.000400
3 3 0.005072 0.002271 0.038258 0.954052 0.000347
3 3 0.004838 0.002158 0.037289 0.955388 0.000326
3 3 0.005339 0.002399 0.039342 0.952548 0.000371
3 3 0.005364 0.002411 0.039441 0.952411 0.000374
3 3 0.004126 0.001819 0.034185 0.959606 0.000265
3 3 0.015423 0.007508 0.069531 0.906031 0.001506
3 3 0.013767 0.006988 0.077508 0.900245 0.001492
3 3 0.012535 0.006611 0.085798 0.893559 0.001497
3 3 0.012835 0.007103 0.101142 0.877160 0.001760
3 3 0.011304 0.006257 0.097858 0.883053 0.001529
3 3 0.012326 0.006948 0.106246 0.872707 0.001772
3 3 0.012556 0.007118 0.108758 0.869730 0.001838
3 3 0.012849 0.007643 0.127707 0.849642 0.002159
3 3 0.011081 0.006792 0.135210 0.844923 0.001993
3 3 0.011255 0.006867 0.133817 0.846058 0.002002
3 3 0.012723 0.007741 0.136868 0.840392 0.002276
3 3 0.012941 0.007893 0.138550 0.838279 0.002336
3 3 0.012342 0.007779 0.151771 0.825677 0.002432
3 3 0.012182 0.007178 0.122230 0.856428 0.001981
3 3 0.015334 0.008632 0.111995 0.861790 0.002250
3 3 0.015920 0.008586 0.098377 0.875038 0.002079
3 3 0.027184 0.014763 0.115156 0.839051 0.003846
3 3 0.035087 0.019021 0.121617 0.819186 0.005089
3 3 0.058282 0.031607 0.135474 0.765647 0.008990
3 3 0.072673 0.040199 0.149595 0.725344 0.012190
3 3 0.083198 0.047990 0.168935 0.684354 0.015523
3 3 0.049277 0.040979 0.280188 0.616525 0.013031
3 3 0.043698 0.032418 0.241101 0.672133 0.010649
3 3 0.038916 0.027017 0.215901 0.709286 0.008880
3 3 0.050365 0.033648 0.207978 0.696979 0.011029
3 3 0.053386 0.046042 0.298243 0.587473 0.014856
2 2 0.050688 0.064351 0.451710 0.413616 0.019635
2 2 0.042372 0.076477 0.589062 0.269898 0.022190
2 2 0.029808 0.083844 0.725628 0.137725 0.022994
2 2 0.032567 0.110062 0.741652 0.084395 0.031324
2 2 0.020458 0.087887 0.807816 0.050533 0.033306
2 2 0.015662 0.081761 0.828983 0.030043 0.043551
2 2 0.012829 0.067871 0.851875 0.027197 0.040228
2 2 0.011791 0.060168 0.860401 0.026818 0.040822
2 2 0.011897 0.057325 0.863771 0.031767 0.035240
2 2 0.012187 0.058544 0.862300 0.031530 0.035438
2 2 0.011069 0.048280 0.873344 0.039424 0.027883
2 2 0.010057 0.042228 0.880481 0.043394 0.023839
2 2 0.010523 0.046792 0.876241 0.037580 0.028863
2 2 0.010612 0.048953 0.875260 0.034150 0.031025
2 2 0.010700 0.052397 0.872785 0.028415 0.035703
2 2 0.009650 0.044041 0.884732 0.033497 0.028081
2 2 0.009306 0.044048 0.885989 0.030719 0.029938
2 2 0.008633 0.037674 0.890636 0.038567 0.024490
2 2 0.008937 0.038679 0.886422 0.037719 0.028243
2 2 0.008647 0.035570 0.887323 0.041856 0.026605
2 2 0.009205 0.040246 0.882156 0.036123 0.032270
2 2 0.010695 0.048870 0.865125 0.031048 0.044262
2 2 0.011820 0.058115 0.850189 0.025517 0.054360
2 2 0.013562 0.070949 0.829321 0.022257 0.063910
2 2 0.015283 0.086195 0.809127 0.018940 0.070456
2 2 0.014516 0.092193 0.805507 0.016269 0.071514
2 2 0.014007 0.096490 0.806612 0.015086 0.067806
2 2 0.014914 0.103628 0.791621 0.014679 0.075158
2 1 0.017530 0.111386 0.776474 0.017078 0.077532
2 1 0.018075 0.123111 0.746233 0.013659 0.098921
2 1 0.020941 0.126071 0.695978 0.009876 0.147134
2 1 0.016912 0.104859 0.742177 0.009912 0.126141
2 1 0.018479 0.104291 0.746262 0.011876 0.119092
2 1 0.021000 0.101660 0.763065 0.018574 0.095701
2 1 0.012296 0.044377 0.838924 0.089426 0.014977
2 1 0.012932 0.044860 0.827163 0.100575 0.014471
2 1 0.016481 0.061227 0.817647 0.086511 0.018133
2 1 0.018820 0.070186 0.810815 0.078639 0.021540
2 1 0.026962 0.094027 0.767633 0.084173 0.027205
2 1 0.041866 0.128674 0.698925 0.094605 0.035930
2 2 0.048033 0.140303 0.674320 0.097798 0.039547
2 2 0.051226 0.133459 0.659151 0.116446 0.039718
2 2 0.052855 0.137143 0.650780 0.119972 0.039250
2 2 0.055202 0.143198 0.642579 0.118589 0.040433
2 2 0.056709 0.130505 0.624477 0.151165 0.037144
2 2 0.086211 0.161096 0.525582 0.181097 0.046014
2 2 0.097174 0.160797 0.483456 0.212560 0.046013
2 2 0.106675 0.204792 0.474408 0.162657 0.051469
2 2 0.091434 0.210309 0.519860 0.127686 0.050711
2 2 0.069814 0.186519 0.587839 0.110917 0.044911
2 2 0.055972 0.133440 0.615395 0.162671 0.032522
2 2 0.040329 0.094562 0.651895 0.189137 0.024076
2 2 0.023177 0.053530 0.698068 0.209416 0.015809
2 2 0.024444 0.052626 0.690211 0.215497 0.017222
2 2 0.023942 0.053039 0.702299 0.203112 0.017608
2 2 0.027603 0.072071 0.727253 0.151233 0.021840
2 2 0.030691 0.096239 0.736222 0.111504 0.025344
2 2 0.034924 0.133552 0.725796 0.074634 0.031094
2 2 0.030508 0.118967 0.747881 0.074156 0.028488
2 2 0.025964 0.097316 0.770768 0.080615 0.025337
2 2 0.016538 0.060403 0.815951 0.089076 0.018032
2 2 0.014180 0.048257 0.820593 0.101330 0.015640
2 2 0.011764 0.039410 0.830736 0.104464 0.013625
2 2 0.014000 0.043280 0.809433 0.118406 0.014882
2 2 0.015254 0.051077 0.813552 0.103765 0.016352
2 2 0.016734 0.056490 0.800957 0.109530 0.016289
2 2 0.016444 0.054015 0.794049 0.120368 0.015123
2 2 0.016558 0.052746 0.785403 0.130829 0.014464
2 2 0.018858 0.050046 0.733650 0.183855 0.013591
2 2 0.022884 0.043362 0.618165 0.303146 0.012442
2 2 0.016949 0.031023 0.620226 0.322007 0.009795
2 2 0.018574 0.032445 0.604365 0.334177 0.010438
2 2 0.021035 0.035172 0.584910 0.347628 0.011256
2 2 0.022750 0.037054 0.568092 0.360551 0.011554
2 2 0.020831 0.036788 0.597952 0.333283 0.011145
2 2 0.027161 0.054539 0.637597 0.265266 0.015437
2 2 0.023334 0.060596 0.721752 0.177706 0.016612
2 2 0.024629 0.066024 0.721738 0.170289 0.017320
2 2 0.036658 0.080845 0.640620 0.221354 0.020524
2 2 0.068984 0.153983 0.565032 0.177238 0.034763
2 2 0.104923 0.207293 0.466422 0.176517 0.044845
2 2 0.112439 0.219472 0.453624 0.165146 0.049319
2 2 0.118477 0.202641 0.431106 0.199924 0.047852
2 2 0.148946 0.242699 0.389537 0.161159 0.057659
2 2 0.204727 0.290743 0.319419 0.110514 0.074597
2 2 0.176241 0.263026 0.358125 0.137785 0.064822
2 2 0.084716 0.182955 0.524454 0.166801 0.041074
2 2 0.070339 0.184595 0.572088 0.135481 0.037497
2 2 0.104859 0.268154 0.465400 0.112409 0.049178
1 2 0.181241 0.330908 0.325549 0.092514 0.069788
1 2 0.250018 0.306528 0.265651 0.079540 0.098263
1 2 0.276401 0.289751 0.243487 0.079564 0.110797
0 2 0.300255 0.278610 0.227163 0.071431 0.122542
0 2 0.344885 0.252408 0.200764 0.059126 0.142817
0 2 0.373923 0.202519 0.194026 0.090462 0.139070
0 2 0.427763 0.172755 0.162084 0.076217 0.161182
0 2 0.417967 0.183982 0.167334 0.070439 0.160279
0 2 0.420831 0.203031 0.159700 0.041168 0.175270
0 2 0.302123 0.293034 0.228392 0.050222 0.126229
2 1 0.171340 0.314775 0.362011 0.064880 0.086995
2 1 0.055023 0.217036 0.582445 0.030760 0.114736
2 4 0.038236 0.175069 0.609219 0.018288 0.159187
2 4 0.029758 0.149912 0.631784 0.014412 0.174134
2 4 0.026135 0.139369 0.653827 0.013376 0.167292
2 4 0.028211 0.143492 0.619260 0.011529 0.197507
2 4 0.028928 0.148224 0.613407 0.012109 0.197332
2 4 0.032116 0.152515 0.615992 0.014344 0.185033
2 4 0.022342 0.115574 0.730323 0.017810 0.113952
2 4 0.025493 0.115696 0.707207 0.015949 0.135654
2 4 0.026264 0.114050 0.671498 0.010820 0.177368
2 4 0.041886 0.130091 0.526199 0.008146 0.293679
2 4 0.062245 0.131516 0.436825 0.008799 0.360615
2 4 0.072405 0.134595 0.439494 0.010880 0.342626
2 4 0.063164 0.138160 0.514598 0.014933 0.269145
2 4 0.087367 0.136784 0.388243 0.013119 0.374487
4 4 0.137601 0.138989 0.239079 0.011066 0.473265
4 4 0.174055 0.139124 0.131559 0.005130 0.550131
4 4 0.129304 0.134407 0.152293 0.004578 0.579418
4 4 0.088544 0.120547 0.178229 0.003660 0.609020
4 4 0.087136 0.115493 0.138861 0.002354 0.656156
4 4 0.097194 0.111906 0.095430 0.001472 0.693998
4 4 0.096523 0.114668 0.088919 0.001388 0.698503
4 4 0.096509 0.126119 0.129607 0.002619 0.645146
4 4 0.102982 0.128073 0.141160 0.003171 0.624613
4 4 0.112743 0.129223 0.141106 0.003444 0.613485
4 4 0.118885 0.131671 0.156259 0.004296 0.588890
4 4 0.119144 0.134924 0.208438 0.007110 0.530383
4 4 0.103228 0.161026 0.331852 0.012249 0.391645
2 4 0.105517 0.173456 0.399786 0.018601 0.302639
2 4 0.056814 0.155943 0.530086 0.013985 0.243172
2 4 0.043737 0.138443 0.620022 0.016887 0.180911
2 4 0.034257 0.129663 0.644206 0.014735 0.177138
2 4 0.030402 0.124864 0.664788 0.015118 0.164828
2 4 0.034568 0.133201 0.607499 0.012570 0.212162
2 4 0.036017 0.133427 0.598886 0.013440 0.218230
2 4 0.044061 0.130178 0.467301 0.008309 0.350151
2 4 0.045176 0.137391 0.490168 0.010009 0.317256
2 4 0.036804 0.134867 0.519708 0.008384 0.300236
2 4 0.027473 0.124786 0.598932 0.008522 0.240288
2 4 0.029627 0.126847 0.519939 0.005835 0.317752
2 4 0.034000 0.128252 0.472325 0.005496 0.359927
2 4 0.033162 0.120051 0.456862 0.004784 0.385140
2 4 0.022860 0.110379 0.591850 0.005840 0.269071
2 4 0.023863 0.110738 0.542638 0.004676 0.318086
2 4 0.025473 0.114619 0.505795 0.004100 0.350013
2 4 0.024181 0.116342 0.532298 0.004192 0.322987
2 4 0.021665 0.121525 0.603602 0.004897 0.248311
2 4 0.015798 0.104336 0.720066 0.006361 0.153438
2 4 0.013791 0.092451 0.767383 0.007696 0.118679
2 4 0.011003 0.074097 0.832857 0.012501 0.069542
2 4 0.010116 0.062800 0.857072 0.015785 0.054227
2 4 0.009470 0.052490 0.875711 0.018758 0.043572
2 2 0.009395 0.051036 0.876897 0.019593 0.043078
2 2 0.009818 0.051712 0.872869 0.021582 0.044019
4 2 0.077782 0.239291 0.315394 0.008148 0.359385
4 2 0.137672 0.175428 0.126557 0.003859 0.556484
4 2 0.226435 0.256219 0.194710 0.017015 0.305620
2 2 0.076974 0.244869 0.507023 0.034936 0.136197
2 2 0.056966 0.195846 0.621752 0.057323 0.068113
2 2 0.066352 0.209554 0.586904 0.064926 0.072263
2 2 0.067744 0.221544 0.583368 0.069025 0.058318
2 2 0.069422 0.242686 0.571924 0.065893 0.050075
2 2 0.035685 0.139171 0.722123 0.070868 0.032153
2 2 0.012255 0.053744 0.856413 0.060393 0.017195
2 2 0.009541 0.041705 0.873599 0.060641 0.014514
2 2 0.008801 0.035435 0.872715 0.069792 0.013257
2 2 0.008388 0.030222 0.864271 0.085020 0.012100
2 2 0.009154 0.032252 0.855596 0.090581 0.012417
2 2 0.008773 0.033225 0.863612 0.082238 0.012152
2 2 0.007514 0.028625 0.868162 0.085258 0.010441
2 2 0.008090 0.026753 0.837510 0.118260 0.009387
2 2 0.012576 0.039968 0.813683 0.120649 0.013125
2 2 0.016889 0.052388 0.793117 0.121219 0.016387
2 2 0.025894 0.075037 0.751952 0.124430 0.022687
2 2 0.041950 0.100020 0.670499 0.158112 0.029419
2 2 0.086343 0.177355 0.532776 0.155706 0.047820
2 2 0.107536 0.232959 0.479141 0.121639 0.058726
2 2 0.098185 0.244873 0.502070 0.092730 0.062141
2 2 0.056762 0.157394 0.644050 0.095378 0.046417
2 2 0.059493 0.156491 0.634615 0.096773 0.052628
2 2 0.047109 0.129566 0.681669 0.096678 0.044978
2 2 0.016490 0.060105 0.826784 0.075414 0.021207
2 2 0.010022 0.035555 0.847987 0.093756 0.012679
2 2 0.008785 0.031555 0.854911 0.093303 0.011447
2 2 0.009260 0.033362 0.857465 0.087270 0.012643
2 2 0.007329 0.025747 0.862968 0.093656 0.010300
2 2 0.005070 0.016388 0.850560 0.121276 0.006706
2 2 0.005299 0.016608 0.843843 0.127426 0.006824
2 2 0.009003 0.026140 0.818138 0.136528 0.010191
2 2 0.021454 0.055919 0.760700 0.141855 0.020072
2 2 0.037534 0.083238 0.680459 0.170841 0.027928
2 2 0.050071 0.108697 0.635464 0.173049 0.032719
2 2 0.057401 0.107327 0.585535 0.217429 0.032308
2 2 0.061726 0.110094 0.562153 0.233651 0.032377
2 2 0.057715 0.100818 0.565439 0.245685 0.030342
2 2 0.052707 0.097120 0.593546 0.226477 0.030151
2 2 0.033035 0.073614 0.687829 0.181346 0.024175
2 2 0.047076 0.096136 0.627930 0.199703 0.029155
2 2 0.080158 0.124101 0.492582 0.267368 0.035791
2 2 0.218808 0.206815 0.291534 0.218134 0.064710
2 2 0.245680 0.204711 0.276867 0.198267 0.074475
2 2 0.224688 0.233411 0.289286 0.180926 0.071689
2 2 0.187934 0.200081 0.295599 0.262272 0.054114
2 2 0.197119 0.250692 0.308729 0.180383 0.063077
2 2 0.142646 0.285282 0.389166 0.122916 0.059989
2 2 0.081342 0.231149 0.544177 0.092984 0.050347
2 2 0.022388 0.083082 0.788574 0.083104 0.022851
2 2 0.015985 0.057968 0.821507 0.086155 0.018385
2 2 0.010595 0.037578 0.847396 0.090827 0.013604
2 2 0.008154 0.029327 0.859691 0.091809 0.011019
2 2 0.006999 0.024539 0.857306 0.101981 0.009175
2 2 0.007372 0.024417 0.845134 0.113970 0.009107
2 2 0.007680 0.024883 0.842515 0.115417 0.009505
2 2 0.008253 0.025820 0.833271 0.122875 0.009781
3 2 0.087799 0.061817 0.209474 0.623240 0.017670
3 2 0.163299 0.075026 0.201302 0.527197 0.033177
3 2 0.258468 0.092507 0.219709 0.373028 0.056288
0 2 0.340446 0.108832 0.214282 0.253698 0.082742
0 2 0.376161 0.119226 0.204124 0.201191 0.099299
0 2 0.406567 0.117108 0.197177 0.170871 0.108278
0 2 0.400985 0.118859 0.197911 0.174715 0.107530
0 2 0.474940 0.115881 0.169606 0.102400 0.137173
0 2 0.467524 0.114181 0.174946 0.111928 0.131422
0 2 0.423676 0.113476 0.193711 0.157307 0.111829
0 0 0.391752 0.108549 0.205401 0.196975 0.097324
0 0 0.415926 0.107707 0.199384 0.172380 0.104603
0 0 0.418741 0.111969 0.196193 0.164267 0.108830
0 0 0.447154 0.123865 0.177529 0.120510 0.130942
0 0 0.476027 0.137016 0.148180 0.074026 0.164751
0 0 0.483701 0.141042 0.136230 0.060010 0.179018
0 1 0.438462 0.169456 0.156882 0.068765 0.166435
0 1 0.384399 0.188938 0.191760 0.096712 0.138192
0 1 0.392224 0.159284 0.190220 0.130049 0.128224
0 1 0.386081 0.132345 0.195317 0.174881 0.111376
0 1 0.400298 0.123872 0.195486 0.169482 0.110862
0 1 0.432973 0.120486 0.186006 0.139194 0.121341
0 0 0.439253 0.114125 0.187618 0.140489 0.118515
0 0 0.469320 0.119070 0.169995 0.103998 0.137617
0 0 0.488854 0.118238 0.158947 0.085495 0.148466
0 0 0.464252 0.135504 0.141847 0.044805 0.213593
0 0 0.414762 0.155171 0.127131 0.027365 0.275571
4 0 0.295577 0.189787 0.146548 0.020659 0.347429
4 0 0.226550 0.242397 0.188798 0.019629 0.322625
4 1 0.150101 0.254280 0.193346 0.009512 0.392761
2 1 0.077977 0.265273 0.360371 0.010338 0.286040
2 1 0.044087 0.199270 0.506790 0.009087 0.240766
2 1 0.037230 0.158709 0.531156 0.007613 0.265292
2 1 0.035148 0.135710 0.471097 0.005167 0.352878
4 1 0.041300 0.104769 0.286974 0.002744 0.564213
4 4 0.047260 0.086824 0.152233 0.001216 0.712468
4 4 0.049316 0.079574 0.095895 0.000603 0.774612
4 4 0.054961 0.072540 0.054708 0.000290 0.817501
4 4 0.050591 0.054626 0.031960 0.000105 0.862718
4 4 0.062452 0.063212 0.037808 0.000172 0.836357
4 4 0.060909 0.064679 0.038990 0.000181 0.835241
4 4 0.074200 0.091331 0.059520 0.000522 0.774427
4 4 0.068452 0.087300 0.056521 0.000440 0.787286
4 4 0.080050 0.089143 0.057404 0.000508 0.772895
4 4 0.100550 0.092432 0.059204 0.000644 0.747170
4 4 0.077840 0.102723 0.158314 0.002217 0.658905
4 4 0.071861 0.102147 0.148752 0.001909 0.675331
4 4 0.083691 0.099514 0.078012 0.000876 0.737907
4 4 0.086606 0.087794 0.055997 0.000509 0.769094
4 4 0.077508 0.080318 0.050394 0.000372 0.791408
4 4 0.072362 0.105332 0.074905 0.000822 0.746579
4 4 0.065732 0.102832 0.079485 0.000805 0.751146
4 4 0.061021 0.096307 0.080127 0.000709 0.761835
4 4 0.064459 0.092142 0.067422 0.000561 0.775417
4 4 0.063139 0.105672 0.111786 0.001253 0.718151
4 4 0.065651 0.104772 0.085473 0.000902 0.743202
4 4 0.059408 0.098294 0.076578 0.000679 0.765041
4 4 0.057132 0.101022 0.088220 0.000820 0.752806
4 4 0.064154 0.110057 0.092344 0.001050 0.732396
4 4 0.071554 0.119342 0.101891 0.001431 0.705782
4 4 0.055973 0.114054 0.202841 0.002447 0.624685
4 4 0.046580 0.124418 0.246385 0.002543 0.580075
4 4 0.044252 0.130849 0.281450 0.002986 0.540463
2 4 0.030355 0.147434 0.441345 0.003828 0.377037
2 4 0.027108 0.148022 0.538563 0.005116 0.281190
2 4 0.014278 0.101425 0.767669 0.009669 0.106959
2 4 0.010460 0.067832 0.848201 0.014848 0.058658
2 4 0.009290 0.052503 0.874487 0.018755 0.044965
2 4 0.008209 0.039270 0.893531 0.027583 0.031407
2 4 0.008513 0.038349 0.893965 0.031814 0.027361
2 4 0.008970 0.035890 0.890153 0.042538 0.022449
2 4 0.008594 0.034372 0.891647 0.045938 0.019449
2 4 0.006954 0.029156 0.902030 0.046050 0.015810
2 4 0.005997 0.026942 0.910327 0.042674 0.014060
2 4 0.005529 0.024142 0.911913 0.045473 0.012943
2 1 0.004919 0.020542 0.911186 0.052352 0.011000
2 1 0.004823 0.018958 0.905516 0.060542 0.010161
2 1 0.004526 0.017023 0.900313 0.069132 0.009006
2 1 0.004686 0.016907 0.888704 0.081419 0.008284
2 1 0.005244 0.018353 0.876427 0.091676 0.008299
2 1 0.005901 0.019634 0.865087 0.100627 0.008751
2 1 0.006050 0.018835 0.850227 0.116579 0.008308
2 1 0.006754 0.019289 0.829718 0.135728 0.008511
2 2 0.008183 0.021292 0.804078 0.157111 0.009336
2 2 0.021165 0.046033 0.723322 0.191672 0.017808
2 2 0.100953 0.144083 0.454953 0.255181 0.044830
2 2 0.132317 0.208957 0.403623 0.200335 0.054768
2 2 0.129041 0.261145 0.418323 0.132773 0.058717
2 2 0.209953 0.276522 0.314715 0.118608 0.080202
1 2 0.259778 0.287155 0.268612 0.086878 0.097577
1 2 0.289897 0.302442 0.236623 0.050247 0.120790
2 2 0.239994 0.273644 0.302032 0.084244 0.100085
2 2 0.050669 0.114381 0.646631 0.152329 0.035991
2 2 0.050572 0.093736 0.618238 0.204182 0.033273
2 2 0.053059 0.087488 0.587794 0.239090 0.032569
2 2 0.040113 0.074350 0.640849 0.217237 0.027451
2 2 0.032872 0.067111 0.673360 0.203068 0.023590
2 2 0.027982 0.063561 0.702625 0.184882 0.020950
2 2 0.020812 0.051995 0.735636 0.175070 0.016487
2 2 0.015312 0.041680 0.771680 0.157704 0.013625
2 2 0.007347 0.022648 0.826219 0.135514 0.008271
2 2 0.006564 0.019411 0.819893 0.146771 0.007361
2 2 0.006695 0.018973 0.813011 0.153857 0.007464
2 2 0.006772 0.019310 0.811979 0.154499 0.007439
2 2 0.007040 0.021983 0.835128 0.127424 0.008425
2 2 0.006331 0.020235 0.843431 0.122068 0.007935
2 2 0.007290 0.020682 0.812089 0.151901 0.008037
2 2 0.008665 0.021144 0.767793 0.194110 0.008288
2 2 0.009778 0.022578 0.751381 0.207328 0.008935
2 2 0.009361 0.020879 0.740495 0.220891 0.008375
2 2 0.010354 0.021151 0.705451 0.254663 0.008381
2 2 0.012171 0.023009 0.661760 0.294551 0.008509
2 2 0.015827 0.025571 0.585673 0.363865 0.009064
2 3 0.017084 0.025262 0.536513 0.412485 0.008656
3 3 0.017505 0.022128 0.455618 0.497258 0.007492
3 3 0.018776 0.020257 0.371941 0.582421 0.006604
3 3 0.018692 0.017995 0.315863 0.641695 0.005755
3 3 0.017890 0.014230 0.237828 0.725498 0.004552
3 3 0.016417 0.011637 0.197536 0.770649 0.003761
3 3 0.015300 0.010169 0.180526 0.790606 0.003399
3 3 0.017077 0.009162 0.098506 0.873039 0.002215
3 3 0.017949 0.009223 0.086617 0.884137 0.002074
3 3 0.018387 0.009074 0.076257 0.894380 0.001902
3 3 0.016027 0.007826 0.070954 0.903608 0.001585
3 3 0.015195 0.007389 0.068988 0.906951 0.001477
3 3 0.014070 0.006802 0.066240 0.911554 0.001334
3 3 0.012251 0.005860 0.061546 0.919233 0.001110
3 3 0.009735 0.004576 0.054430 0.930439 0.000819
3 3 0.008191 0.003800 0.049603 0.937753 0.000652
3 3 0.008376 0.003893 0.050205 0.936854 0.000672
3 3 0.007507 0.003460 0.047323 0.941128 0.000582
3 3 0.006357 0.002894 0.043253 0.947028 0.000467
3 3 0.005014 0.002243 0.038022 0.954379 0.000342
3 3 0.004295 0.001899 0.034942 0.958585 0.000279
3 3 0.004360 0.001930 0.035230 0.958196 0.000285
3 3 0.004231 0.001869 0.034657 0.958970 0.000274
3 3 0.004074 0.001795 0.033950 0.959921 0.000260
3 3 0.003856 0.001692 0.032945 0.961265 0.000242
3 3 0.004526 0.002009 0.035955 0.957211 0.000299
3 3 0.004404 0.001951 0.035425 0.957932 0.000288
3 3 0.004952 0.002213 0.037762 0.954737 0.000336
3 3 0.004285 0.001895 0.034900 0.958642 0.000278
3 3 0.004104 0.001809 0.034087 0.959738 0.000263
3 3 0.003362 0.001460 0.030563 0.964413 0.000202
3 3 0.003597 0.001570 0.031713 0.962899 0.000221
3 3 0.003333 0.001446 0.030417 0.964604 0.000200
3 3 0.004514 0.002003 0.035903 0.957282 0.000298
3 3 0.004528 0.002010 0.035964 0.957199 0.000299
3 3 0.004699 0.002092 0.036700 0.956196 0.000314
3 3 0.004715 0.002100 0.036769 0.956100 0.000315
3 3 0.005480 0.002468 0.039906 0.951762 0.000384
3 3 0.005331 0.002396 0.039311 0.952591 0.000371
3 3 0.006226 0.002830 0.042765 0.947724 0.000455
3 3 0.005922 0.002682 0.041621 0.949350 0.000426
3 3 0.007522 0.003468 0.047377 0.941049 0.000583
3 3 0.009220 0.004316 0.052865 0.932836 0.000763
3 3 0.009901 0.004660 0.054925 0.929677 0.000838
3 3 0.009568 0.004492 0.053928 0.931211 0.000801
3 3 0.010256 0.004840 0.055971 0.928055 0.000878
3 3 0.010256 0.004840 0.055972 0.928055 0.000878
3 3 0.013200 0.006350 0.064035 0.915190 0.001225
3 3 0.017771 0.008747 0.074909 0.896756 0.001818
3 3 0.033526 0.017354 0.103748 0.841128 0.004245
3 3 0.055694 0.030084 0.132654 0.773121 0.008447
3 3 0.047550 0.035112 0.237422 0.668635 0.011281
3 3 0.040168 0.042644 0.388764 0.514281 0.014144
2 3 0.030260 0.039467 0.494742 0.421592 0.013939
2 3 0.029749 0.043865 0.552282 0.358565 0.015538
2 3 0.029448 0.051327 0.615942 0.285806 0.017477
2 3 0.023813 0.043076 0.637332 0.280778 0.015001
2 3 0.026156 0.047095 0.626408 0.284633 0.015708
2 3 0.038477 0.068617 0.596877 0.275178 0.020851
2 3 0.048996 0.075433 0.527022 0.326210 0.022340
2 3 0.037553 0.062066 0.573917 0.307017 0.019447
2 3 0.030592 0.045361 0.539139 0.369976 0.014932
2 3 0.029523 0.044271 0.540997 0.370843 0.014365
2 2 0.027049 0.037245 0.496608 0.427189 0.011909
2 2 0.021447 0.033274 0.548775 0.385910 0.010594
2 2 0.014157 0.023036 0.567520 0.387757 0.007530
2 2 0.010876 0.020607 0.636901 0.324775 0.006842
2 2 0.021818 0.029762 0.528070 0.408982 0.011367
3 2 0.028173 0.032746 0.442893 0.484376 0.011812
3 2 0.028707 0.034171 0.445253 0.480055 0.011815
2 2 0.022114 0.037956 0.610229 0.316791 0.012910
2 2 0.016856 0.033858 0.695253 0.241210 0.012823
2 2 0.020655 0.046117 0.733628 0.178438 0.021161
2 2 0.027996 0.065400 0.733721 0.123796 0.049087
2 2 0.034560 0.087756 0.705822 0.061910 0.109952
2 2 0.055634 0.108449 0.479665 0.018406 0.337846
2 2 0.062700 0.118192 0.407548 0.013770 0.397789
4 2 0.085748 0.140690 0.324239 0.011902 0.437421
2 4 0.065970 0.160987 0.474215 0.016798 0.282031
2 4 0.037002 0.162713 0.620649 0.018279 0.161356
2 4 0.032244 0.162718 0.657997 0.021959 0.125082
2 4 0.037065 0.170556 0.623502 0.022060 0.146818
2 4 0.038764 0.167478 0.566477 0.016588 0.210693
2 4 0.036044 0.157886 0.528085 0.012184 0.265801
2 4 0.037716 0.148644 0.438478 0.007722 0.367441
4 4 0.049449 0.125245 0.281385 0.005037 0.538884
4 4 0.061447 0.108670 0.157572 0.002049 0.670262
4 4 0.074310 0.101581 0.130166 0.001608 0.692335
4 4 0.068035 0.097788 0.163114 0.001977 0.669086
4 4 0.072362 0.105080 0.212279 0.003457 0.606822
4 4 0.094607 0.116754 0.180183 0.003723 0.604733
4 4 0.108786 0.130289 0.184630 0.005095 0.571199
4 4 0.110754 0.141120 0.217705 0.007763 0.522657
2 4 0.058410 0.163249 0.443415 0.011738 0.323188
4 4 0.070563 0.155563 0.338063 0.008818 0.426994
4 4 0.071816 0.151589 0.324899 0.009225 0.442471
4 4 0.065110 0.147052 0.304388 0.007183 0.476267
4 4 0.047229 0.131004 0.351283 0.006269 0.464214
4 4 0.052328 0.108670 0.212959 0.002937 0.623107
4 4 0.058386 0.108456 0.188918 0.002593 0.641647
4 4 0.060242 0.105670 0.171144 0.002193 0.660751
4 4 0.054992 0.109251 0.268720 0.004474 0.562563
4 4 0.049242 0.111263 0.265379 0.003562 0.570555
4 4 0.054069 0.106012 0.196275 0.002538 0.641106
4 4 0.061378 0.109841 0.180478 0.002542 0.645762
4 4 0.065638 0.126167 0.263937 0.005100 0.539159
2 4 0.050312 0.132197 0.415637 0.007897 0.393957
4 4 0.054979 0.130040 0.359517 0.006562 0.448901
4 4 0.075408 0.141285 0.313674 0.006956 0.462677
4 4 0.119790 0.165433 0.306335 0.012864 0.395578
2 1 0.084508 0.191665 0.530244 0.034189 0.159393
2 1 0.061809 0.198731 0.598007 0.041431 0.100021
2 1 0.055411 0.182180 0.640834 0.062646 0.058930
2 1 0.058713 0.198809 0.624862 0.069408 0.048208
2 1 0.055512 0.195612 0.634513 0.069712 0.044651
2 1 0.021418 0.094405 0.801499 0.057070 0.025607
2 1 0.016215 0.064027 0.826161 0.074310 0.019287
2 1 0.014183 0.054630 0.836315 0.077336 0.017536
2 1 0.012340 0.049054 0.848076 0.074609 0.015922
2 1 0.011211 0.045107 0.854507 0.074438 0.014737
2 2 0.011027 0.039076 0.840384 0.096302 0.013210
2 2 0.010613 0.035479 0.832588 0.109147 0.012173
2 2 0.016864 0.053228 0.799097 0.113695 0.017116
2 2 0.018501 0.063263 0.803577 0.094919 0.019739
2 2 0.018173 0.058988 0.800357 0.103370 0.019111
2 2 0.015372 0.048034 0.806427 0.113895 0.016272
2 2 0.015826 0.050108 0.806868 0.110339 0.016860
2 2 0.006144 0.021136 0.862016 0.102176 0.008528
2 2 0.005442 0.017572 0.858572 0.110644 0.007769
2 2 0.004478 0.014662 0.869471 0.104362 0.007027
2 2 0.003938 0.013719 0.884197 0.091363 0.006784
2 2 0.003703 0.013884 0.893729 0.082082 0.006602
2 2 0.003250 0.013124 0.903549 0.074002 0.006075
2 2 0.003960 0.016295 0.897945 0.075019 0.006781
2 2 0.006153 0.025677 0.885968 0.072731 0.009471
2 2 0.009213 0.039868 0.873769 0.063403 0.013747
2 2 0.012287 0.049408 0.851744 0.069895 0.016667
2 2 0.014849 0.050806 0.821571 0.095838 0.016936
2 2 0.017129 0.050361 0.780025 0.136935 0.015550
2 2 0.019953 0.050028 0.721681 0.194138 0.014199
2 2 0.017699 0.046344 0.737518 0.185301 0.013138
2 2 0.012224 0.031197 0.751139 0.195515 0.009925
2 2 0.018203 0.043647 0.719121 0.205837 0.013193
2 2 0.057097 0.108657 0.575850 0.228831 0.029566
2 2 0.132379 0.194301 0.391033 0.233522 0.048765
2 2 0.205252 0.200187 0.275157 0.257624 0.061780
0 2 0.295772 0.153824 0.221535 0.242127 0.086743
0 0 0.360972 0.137848 0.199249 0.196382 0.105549
0 0 0.433091 0.142202 0.170828 0.112823 0.141056
0 0 0.420515 0.173290 0.172274 0.080928 0.152993
0 1 0.389831 0.184337 0.192161 0.095788 0.137883
0 1 0.332421 0.217991 0.226693 0.105271 0.117624
0 1 0.381308 0.192626 0.192796 0.095065 0.138205
0 1 0.281504 0.275724 0.238192 0.080860 0.123720
1 1 0.247009 0.289473 0.262711 0.077234 0.123574
1 1 0.256452 0.290842 0.255149 0.079318 0.118239
1 1 0.272338 0.295610 0.242482 0.070861 0.118709
2 1 0.139977 0.286937 0.404425 0.091668 0.076993
2 1 0.045741 0.128408 0.681097 0.107683 0.037069
2 1 0.023805 0.056174 0.720314 0.181187 0.018520
2 1 0.023727 0.038682 0.582643 0.342105 0.012844
2 1 0.035832 0.045753 0.482701 0.419826 0.015887
3 2 0.043856 0.046351 0.397600 0.496092 0.016101
3 2 0.044839 0.049818 0.407700 0.481333 0.016310
3 2 0.051543 0.049659 0.334292 0.549203 0.015303
3 2 0.067181 0.077293 0.383292 0.451138 0.021095
3 2 0.089696 0.098835 0.344066 0.442419 0.024983
3 2 0.092858 0.087891 0.290856 0.505801 0.022594
3 2 0.047277 0.045649 0.311340 0.583224 0.012511
3 2 0.043511 0.040896 0.304609 0.599442 0.011542
3 2 0.031908 0.032702 0.352861 0.572443 0.010087
3 2 0.027011 0.032270 0.426846 0.503606 0.010266
2 2 0.018933 0.028520 0.544761 0.398170 0.009617
2 2 0.016117 0.028167 0.628523 0.316949 0.010244
2 2 0.014028 0.023772 0.631719 0.320984 0.009497
2 2 0.019805 0.032205 0.618004 0.317178 0.012808
2 2 0.026915 0.034846 0.510202 0.414535 0.013502
2 2 0.028530 0.036310 0.488453 0.433516 0.013190
3 2 0.023616 0.027035 0.434339 0.505106 0.009903
3 2 0.021425 0.020737 0.352385 0.597814 0.007639
3 2 0.020767 0.017376 0.286151 0.669357 0.006349
3 2 0.016030 0.014281 0.300341 0.664209 0.005138
2 2 0.009910 0.015596 0.546169 0.423041 0.005285
2 2 0.008193 0.015349 0.627658 0.343578 0.005223
2 2 0.007624 0.017535 0.722575 0.246164 0.006101
2 2 0.008719 0.019354 0.712794 0.252339 0.006794
2 2 0.013518 0.030642 0.726230 0.218865 0.010745
2 3 0.005455 0.012229 0.726655 0.250847 0.004814
2 3 0.007328 0.013497 0.646359 0.327545 0.005272
2 3 0.011457 0.019191 0.604584 0.357635 0.007133
2 3 0.017394 0.024769 0.525815 0.423252 0.008769
2 3 0.024251 0.031442 0.483453 0.449955 0.010898
3 3 0.030634 0.036825 0.443145 0.477119 0.012277
3 3 0.039473 0.044075 0.394175 0.508795 0.013482
3 3 0.045789 0.054861 0.411383 0.472394 0.015574
3 3 0.041040 0.048902 0.408932 0.487195 0.013931
3 3 0.027645 0.032469 0.413167 0.516667 0.010052
3 3 0.025763 0.024500 0.342823 0.598207 0.008707
3 3 0.021617 0.020064 0.339622 0.611091 0.007606
3 3 0.021598 0.022415 0.399067 0.548137 0.008784
2 3 0.015359 0.023041 0.567976 0.384733 0.008890
2 3 0.012915 0.024049 0.657404 0.296690 0.008942
2 2 0.009390 0.021771 0.746432 0.214088 0.008319
2 2 0.007233 0.020169 0.805926 0.158903 0.007769
2 2 0.006340 0.018683 0.820824 0.146956 0.007197
2 2 0.006168 0.018923 0.829601 0.138125 0.007184
2 2 0.006133 0.017894 0.819978 0.148991 0.007005
2 2 0.006337 0.017077 0.796468 0.173445 0.006674
2 2 0.007359 0.017468 0.757203 0.211064 0.006906
2 2 0.009161 0.018636 0.697484 0.267469 0.007250
2 2 0.010346 0.017887 0.631367 0.333300 0.007100
2 2 0.011646 0.016177 0.535116 0.430390 0.006670
3 2 0.014402 0.016060 0.426783 0.536254 0.006501
3 2 0.017408 0.014723 0.293615 0.668613 0.005641
3 2 0.018525 0.013262 0.228952 0.734241 0.005019
3 2 0.015690 0.011459 0.233662 0.734776 0.004413
3 2 0.015090 0.010135 0.193625 0.777505 0.003645
3 2 0.016679 0.010410 0.158619 0.810983 0.003308
3 2 0.017850 0.010904 0.150852 0.817036 0.003357
3 2 0.018328 0.011555 0.167390 0.798945 0.003782
3 2 0.025288 0.015211 0.156232 0.798529 0.004739
3 2 0.036423 0.022106 0.160323 0.774589 0.006559
3 2 0.045541 0.024546 0.126474 0.796738 0.006700
