0 0 0.401282 0.219696 0.138407 0.017743 0.222871
0 0 0.466697 0.212090 0.168911 0.022459 0.129844
0 0 0.538537 0.191188 0.140870 0.022789 0.106616
0 0 0.413341 0.215923 0.266329 0.029642 0.074766
0 0 0.383793 0.233202 0.242513 0.029991 0.110500
0 1 0.343975 0.247064 0.239026 0.032939 0.136996
0 0 0.289679 0.259157 0.222018 0.030079 0.199067
2 0 0.044316 0.155813 0.642775 0.021555 0.135541
2 0 0.019613 0.091323 0.799076 0.015686 0.074302
2 0 0.016665 0.080576 0.820404 0.013208 0.069147
2 1 0.013827 0.069897 0.844091 0.011322 0.060863
2 1 0.012759 0.065437 0.850200 0.010783 0.060820
2 1 0.011480 0.060159 0.860057 0.010466 0.057838
2 1 0.014254 0.070595 0.830659 0.012805 0.071687
2 1 0.019870 0.090972 0.783672 0.014781 0.090706
2 1 0.026561 0.113614 0.735165 0.014722 0.109938
2 1 0.025429 0.111159 0.754410 0.014305 0.094697
2 1 0.022670 0.102541 0.780017 0.014013 0.080760
2 1 0.018572 0.088575 0.815072 0.014029 0.063752
2 1 0.014849 0.074390 0.842124 0.013709 0.054928
2 1 0.012958 0.066434 0.851775 0.012280 0.056552
2 1 0.010737 0.057257 0.868536 0.010167 0.053304
2 1 0.011426 0.059930 0.860345 0.010399 0.057900
2 1 0.008903 0.049815 0.890227 0.010869 0.040186
2 1 0.014306 0.071016 0.834348 0.015382 0.064949
2 1 0.015204 0.075339 0.836328 0.016691 0.056438
2 1 0.014654 0.073868 0.846294 0.018782 0.046401
2 2 0.007145 0.043019 0.911119 0.021754 0.016962
2 2 0.007651 0.045646 0.908968 0.020905 0.016830
2 2 0.005956 0.037982 0.926208 0.018492 0.011361
2 2 0.009218 0.052925 0.899788 0.016915 0.021155
2 2 0.003679 0.026022 0.948842 0.013500 0.007957
2 2 0.003347 0.024152 0.952125 0.013020 0.007356
2 2 0.002905 0.021637 0.954447 0.015208 0.005803
2 2 0.002729 0.020586 0.953244 0.018363 0.005078
2 2 0.001951 0.015819 0.955486 0.023597 0.003147
2 2 0.001432 0.012416 0.958539 0.025492 0.002122
2 2 0.001313 0.010976 0.957779 0.028011 0.001922
2 2 0.001499 0.011770 0.953786 0.030862 0.002083
2 2 0.001519 0.010731 0.948123 0.037665 0.001961
2 2 0.001595 0.010070 0.938049 0.048310 0.001976
2 3 0.001769 0.009451 0.916172 0.070509 0.002098
2 3 0.002164 0.009560 0.883031 0.102871 0.002374
2 3 0.003007 0.009640 0.785990 0.198277 0.003086
2 3 0.003761 0.008445 0.616715 0.367501 0.003579
3 3 0.003427 0.005779 0.443097 0.544578 0.003119
3 3 0.003468 0.004255 0.257201 0.731906 0.003169
3 3 0.003672 0.003938 0.192685 0.796261 0.003444
3 3 0.003427 0.003005 0.134962 0.855669 0.002938
3 3 0.003374 0.002549 0.112644 0.878975 0.002458
3 3 0.003360 0.002231 0.096163 0.896121 0.002126
3 3 0.003193 0.001874 0.081952 0.911213 0.001768
3 3 0.003215 0.001767 0.075549 0.917812 0.001657
3 3 0.002994 0.001576 0.070891 0.923063 0.001476
3 3 0.003107 0.001574 0.067857 0.925995 0.001466
3 3 0.003393 0.001707 0.068012 0.925307 0.001582
3 3 0.003871 0.001995 0.071265 0.921028 0.001841
3 3 0.004348 0.002221 0.072770 0.918633 0.002028
3 3 0.004697 0.002276 0.071341 0.919643 0.002043
3 3 0.005231 0.002469 0.071866 0.918248 0.002186
3 3 0.007705 0.002656 0.057419 0.930044 0.002176
3 3 0.007093 0.002357 0.053943 0.934674 0.001933
3 3 0.007752 0.002506 0.054650 0.933067 0.002025
3 3 0.008642 0.002806 0.057632 0.928680 0.002240
3 3 0.010887 0.003684 0.066026 0.916518 0.002884
3 3 0.009867 0.003518 0.066672 0.917133 0.002810
3 3 0.011213 0.003975 0.067898 0.913769 0.003145
3 3 0.011421 0.003771 0.062585 0.919267 0.002956
3 3 0.016477 0.005048 0.064261 0.910424 0.003790
3 3 0.017536 0.004987 0.060213 0.913577 0.003687
3 3 0.024741 0.006186 0.058377 0.906350 0.004347
3 3 0.030893 0.006888 0.056899 0.900688 0.004633
3 3 0.036717 0.007838 0.057902 0.892403 0.005140
3 3 0.041617 0.008588 0.057846 0.886409 0.005540
3 3 0.047341 0.009683 0.059619 0.877200 0.006157
3 3 0.049959 0.009544 0.055433 0.879065 0.005999
3 3 0.039317 0.007361 0.050724 0.897879 0.004719
3 3 0.030437 0.005833 0.048959 0.910939 0.003832
3 3 0.020946 0.004001 0.043818 0.928520 0.002716
3 3 0.017058 0.003077 0.038278 0.939473 0.002115
3 3 0.013731 0.002612 0.036758 0.945041 0.001858
3 3 0.012772 0.002577 0.037691 0.945094 0.001866
3 3 0.011424 0.002554 0.040658 0.943468 0.001896
3 3 0.010558 0.002423 0.041108 0.944095 0.001816
3 3 0.009038 0.002325 0.044490 0.942350 0.001796
3 3 0.010021 0.002782 0.050956 0.934098 0.002143
3 3 0.011743 0.003495 0.057719 0.924362 0.002680
3 3 0.013370 0.003790 0.055885 0.924091 0.002864
3 3 0.013062 0.003853 0.057843 0.922306 0.002935
3 3 0.015343 0.004387 0.059526 0.917474 0.003270
3 3 0.017400 0.004976 0.063223 0.910752 0.003650
3 3 0.022917 0.006187 0.066488 0.900047 0.004360
3 3 0.028949 0.007315 0.067931 0.890833 0.004972
3 3 0.036932 0.008425 0.065939 0.883199 0.005506
3 3 0.031041 0.006723 0.058256 0.899528 0.004452
3 3 0.033553 0.006612 0.052166 0.903352 0.004317
3 3 0.025460 0.004676 0.043198 0.923546 0.003120
3 3 0.024559 0.004369 0.040261 0.927884 0.002927
3 3 0.018699 0.003465 0.037883 0.937547 0.002405
3 3 0.016490 0.003205 0.038641 0.939401 0.002262
3 3 0.012193 0.002420 0.036078 0.947548 0.001760
3 3 0.013596 0.002607 0.035732 0.946195 0.001870
3 3 0.014141 0.002845 0.037041 0.943912 0.002061
3 3 0.015216 0.003089 0.038042 0.941425 0.002228
3 3 0.021333 0.004570 0.044043 0.926822 0.003232
3 3 0.022389 0.004737 0.043453 0.926081 0.003339
3 3 0.023093 0.005148 0.047281 0.920847 0.003632
3 3 0.018320 0.003775 0.041315 0.933913 0.002678
3 3 0.018502 0.003965 0.043503 0.931208 0.002823
3 3 0.013205 0.002656 0.036439 0.945768 0.001933
3 3 0.011562 0.002482 0.037044 0.947060 0.001851
3 3 0.007650 0.001639 0.032315 0.957128 0.001268
3 3 0.006706 0.001508 0.032369 0.958224 0.001192
3 3 0.007110 0.001539 0.032543 0.957612 0.001196
3 3 0.008605 0.001880 0.035222 0.952857 0.001436
3 3 0.008853 0.002024 0.038073 0.949504 0.001546
3 3 0.008047 0.001837 0.036586 0.952112 0.001418
3 3 0.008445 0.002058 0.040024 0.947879 0.001595
3 3 0.008481 0.002237 0.043144 0.944381 0.001757
3 3 0.007797 0.002215 0.044928 0.943282 0.001778
3 3 0.008387 0.002360 0.047670 0.939722 0.001861
3 3 0.007385 0.002009 0.044156 0.944855 0.001595
3 3 0.006553 0.001709 0.040291 0.950082 0.001365
3 3 0.006788 0.001698 0.039440 0.950735 0.001340
3 3 0.006078 0.001447 0.035390 0.955937 0.001149
3 3 0.008742 0.002013 0.037180 0.950516 0.001550
3 3 0.009375 0.002086 0.035966 0.950978 0.001595
3 3 0.012401 0.002620 0.037912 0.945137 0.001929
3 3 0.012299 0.002581 0.038379 0.944850 0.001891
3 3 0.018424 0.003919 0.044499 0.930388 0.002770
3 3 0.020633 0.004315 0.045436 0.926609 0.003008
3 3 0.018810 0.004103 0.045368 0.928806 0.002913
3 3 0.015145 0.003323 0.041902 0.937212 0.002418
3 3 0.012931 0.003003 0.042003 0.939824 0.002239
3 3 0.014289 0.003270 0.042967 0.937066 0.002408
3 3 0.013012 0.003019 0.042847 0.938880 0.002242
3 3 0.012128 0.002866 0.043247 0.939618 0.002141
3 3 0.010218 0.002478 0.042781 0.942640 0.001882
3 3 0.009814 0.002449 0.043952 0.941914 0.001871
3 3 0.008392 0.002090 0.041776 0.946124 0.001619
3 3 0.008754 0.002153 0.041351 0.946079 0.001662
3 3 0.009170 0.002326 0.042404 0.944295 0.001805
3 3 0.009809 0.002531 0.043089 0.942605 0.001966
3 3 0.009126 0.002253 0.039546 0.947319 0.001756
3 3 0.008484 0.001953 0.036173 0.951876 0.001514
3 3 0.007404 0.001576 0.031875 0.957924 0.001222
3 3 0.006769 0.001301 0.027938 0.962992 0.000999
3 3 0.006425 0.001175 0.026029 0.965471 0.000900
3 3 0.007140 0.001338 0.028030 0.962476 0.001016
3 3 0.007453 0.001395 0.028994 0.961106 0.001051
3 3 0.007020 0.001499 0.033130 0.957195 0.001156
3 3 0.006502 0.001543 0.035547 0.955186 0.001221
3 3 0.005692 0.001549 0.039169 0.952321 0.001268
3 3 0.006201 0.001697 0.040133 0.950588 0.001382
3 3 0.006077 0.001696 0.040898 0.949941 0.001387
3 3 0.007058 0.001961 0.042383 0.947014 0.001584
3 3 0.006839 0.001875 0.041342 0.948429 0.001515
3 3 0.006889 0.001879 0.041000 0.948714 0.001518
3 3 0.006735 0.001740 0.038985 0.951146 0.001394
3 3 0.006128 0.001582 0.037514 0.953497 0.001279
3 3 0.004950 0.001266 0.034791 0.957951 0.001042
3 3 0.005754 0.001404 0.035344 0.956371 0.001127
3 3 0.008182 0.001920 0.038674 0.949745 0.001480
3 3 0.014204 0.003305 0.046711 0.933374 0.002407
3 3 0.037532 0.008409 0.063560 0.885000 0.005499
3 3 0.104154 0.023110 0.089123 0.770247 0.013366
3 2 0.267876 0.058363 0.102131 0.542003 0.029628
3 2 0.371772 0.088547 0.130453 0.374133 0.035096
0 2 0.452706 0.129142 0.168437 0.210900 0.038815
0 2 0.418555 0.154719 0.238057 0.153696 0.034974
2 2 0.334020 0.174779 0.338364 0.117625 0.035212
2 1 0.120417 0.121443 0.615075 0.120519 0.022547
2 1 0.059584 0.094993 0.736979 0.091330 0.017114
2 1 0.026967 0.070981 0.821052 0.068077 0.012924
2 1 0.017437 0.066933 0.841667 0.060232 0.013730
2 1 0.012400 0.066504 0.856307 0.046381 0.018407
2 1 0.008697 0.050284 0.890493 0.034513 0.016013
2 1 0.008065 0.047394 0.894339 0.035450 0.014752
2 1 0.010955 0.059681 0.873732 0.031913 0.023719
2 1 0.017078 0.083526 0.826808 0.033353 0.039234
2 1 0.092529 0.199047 0.543387 0.035578 0.129460
2 1 0.130522 0.185243 0.541873 0.057135 0.085226
2 1 0.300836 0.213357 0.311518 0.074708 0.099581
0 1 0.468377 0.194482 0.155227 0.064332 0.117582
0 1 0.523452 0.178234 0.090420 0.054159 0.153736
0 1 0.566437 0.159242 0.082329 0.052054 0.139939
0 1 0.604569 0.137842 0.076744 0.067752 0.113093
0 1 0.560247 0.149581 0.087718 0.083385 0.119068
0 0 0.563969 0.150160 0.088015 0.081970 0.115886
0 0 0.659665 0.132185 0.062027 0.034782 0.111341
0 0 0.680950 0.131892 0.094085 0.024064 0.069010
0 0 0.839947 0.067273 0.036918 0.013541 0.042321
0 0 0.901852 0.039706 0.016187 0.008064 0.034192
0 0 0.923111 0.028760 0.011939 0.004525 0.031665
0 0 0.949480 0.016844 0.007711 0.002974 0.022990
0 0 0.955350 0.014048 0.007005 0.003147 0.020450
0 0 0.925676 0.022778 0.012303 0.006208 0.033035
0 0 0.839067 0.048909 0.027345 0.012557 0.072122
0 0 0.732175 0.089166 0.047921 0.024111 0.106628
0 0 0.635936 0.138926 0.065300 0.031275 0.128563
0 0 0.536408 0.192848 0.099756 0.039722 0.131266
0 0 0.438636 0.225874 0.169462 0.037110 0.128918
0 0 0.356579 0.234200 0.239065 0.052159 0.117997
0 0 0.292759 0.210960 0.288519 0.093911 0.113851
0 0 0.363705 0.190514 0.208937 0.117926 0.118918
0 0 0.345806 0.199226 0.213920 0.112130 0.128918
0 0 0.350749 0.183119 0.194843 0.148519 0.122770
0 0 0.338941 0.178850 0.218211 0.170455 0.093542
0 0 0.399231 0.198255 0.192194 0.113723 0.096597
0 0 0.438824 0.217360 0.168153 0.070549 0.105114
0 0 0.426828 0.213919 0.156953 0.076979 0.125322
2 0 0.261417 0.186790 0.310246 0.164475 0.077071
0 0 0.271983 0.170086 0.245377 0.211318 0.101236
0 0 0.312202 0.139378 0.178235 0.255372 0.114813
0 0 0.350224 0.123082 0.159979 0.248264 0.118451
3 0 0.309028 0.101636 0.160084 0.334375 0.094877
0 0 0.340954 0.134431 0.164189 0.232171 0.128255
0 0 0.346626 0.161336 0.162735 0.185490 0.143814
0 0 0.305858 0.198642 0.181926 0.154524 0.159051
0 0 0.252099 0.225361 0.224372 0.152734 0.145434
2 0 0.137976 0.230929 0.421007 0.092187 0.117900
2 0 0.087485 0.207930 0.528421 0.066381 0.109783
2 0 0.023337 0.096664 0.774821 0.073599 0.031579
2 0 0.038458 0.099156 0.660360 0.165098 0.036927
2 0 0.053676 0.103377 0.586227 0.215253 0.041467
2 0 0.077052 0.131411 0.495601 0.236769 0.059166
2 0 0.058148 0.154340 0.584616 0.132945 0.069950
2 0 0.063020 0.202734 0.545494 0.073692 0.115061
2 0 0.039803 0.156983 0.676133 0.055975 0.071106
2 0 0.039759 0.156000 0.666405 0.070152 0.067684
2 1 0.027008 0.115901 0.757972 0.061731 0.037388
2 1 0.019617 0.087290 0.815729 0.056944 0.020420
2 1 0.017050 0.083391 0.839964 0.041921 0.017674
2 1 0.019143 0.094331 0.823354 0.038809 0.024363
2 0 0.019742 0.095742 0.817370 0.038251 0.028895
2 0 0.037036 0.148774 0.694722 0.043956 0.075512
2 0 0.052194 0.184514 0.578199 0.037492 0.147602
4 0 0.077947 0.219352 0.331961 0.028707 0.342033
4 0 0.088666 0.211657 0.188812 0.025165 0.485700
4 0 0.107504 0.214882 0.132768 0.016609 0.528237
2 0 0.135176 0.250427 0.477818 0.030945 0.105635
2 1 0.150893 0.257389 0.445735 0.036140 0.109844
2 1 0.158458 0.259501 0.435142 0.046444 0.100454
2 0 0.212492 0.260930 0.375936 0.048936 0.101706
0 0 0.310640 0.257864 0.229481 0.036676 0.165340
2 0 0.153381 0.267488 0.315487 0.020416 0.243227
2 0 0.132339 0.259750 0.367283 0.026660 0.213969
2 1 0.167005 0.256158 0.333161 0.052262 0.191415
2 1 0.235197 0.211115 0.257461 0.137520 0.158707
0 0 0.269194 0.157594 0.201694 0.242591 0.128927
3 0 0.219134 0.111678 0.196798 0.391404 0.080985
3 0 0.181673 0.097295 0.201836 0.449948 0.069247
3 0 0.202785 0.121745 0.218813 0.362829 0.093829
0 0 0.368229 0.149274 0.158874 0.198006 0.125617
0 0 0.479502 0.157799 0.113586 0.106839 0.142275
0 0 0.547955 0.149412 0.089037 0.073697 0.139900
0 0 0.519466 0.165032 0.090139 0.046132 0.179231
0 0 0.528453 0.168800 0.086542 0.040060 0.176146
0 0 0.490406 0.187298 0.089454 0.032088 0.200753
0 0 0.404544 0.225930 0.107431 0.040966 0.221130
0 0 0.429996 0.217820 0.101421 0.037211 0.213553
2 0 0.186139 0.215705 0.419152 0.066769 0.112235
2 0 0.142606 0.185010 0.511759 0.081753 0.078872
2 0 0.069633 0.131435 0.682467 0.073949 0.042516
2 0 0.114456 0.172934 0.577061 0.068918 0.066630
2 0 0.141909 0.196051 0.525439 0.056703 0.079899
2 0 0.187354 0.223752 0.436614 0.045745 0.106535
2 0 0.062743 0.127604 0.723287 0.045474 0.040892
2 0 0.062660 0.130513 0.713028 0.047666 0.046133
2 0 0.045601 0.110481 0.756999 0.049874 0.037045
2 0 0.056563 0.135026 0.710187 0.048575 0.049649
2 0 0.046295 0.131360 0.736379 0.042428 0.043538
2 1 0.033728 0.112612 0.786796 0.036476 0.030388
2 1 0.015243 0.063585 0.880865 0.027831 0.012476
2 1 0.015172 0.055181 0.897805 0.021373 0.010470
2 1 0.011784 0.042504 0.924664 0.013985 0.007062
2 1 0.013564 0.047449 0.917662 0.012754 0.008572
2 1 0.013846 0.049049 0.914274 0.013408 0.009422
2 1 0.015884 0.053129 0.904912 0.014879 0.011196
2 1 0.021794 0.063468 0.881899 0.018316 0.014522
2 1 0.040285 0.094456 0.815644 0.024877 0.024737
2 2 0.040721 0.108595 0.788395 0.029441 0.032848
2 2 0.063546 0.150636 0.695401 0.036046 0.054372
2 2 0.090092 0.188222 0.602556 0.037744 0.081386
2 2 0.143485 0.228597 0.487055 0.038887 0.101976
2 2 0.219289 0.261691 0.360379 0.039742 0.118898
2 0 0.242347 0.263948 0.328104 0.044376 0.121225
2 0 0.155228 0.220875 0.476829 0.068077 0.078991
2 0 0.171879 0.217576 0.456470 0.081336 0.072739
2 0 0.174696 0.210710 0.463088 0.087260 0.064247
2 0 0.245455 0.232321 0.384742 0.073660 0.063822
2 0 0.202167 0.242410 0.436280 0.049026 0.070116
2 0 0.189789 0.254102 0.418351 0.033862 0.103896
2 0 0.181518 0.248971 0.439825 0.029533 0.100153
2 0 0.215291 0.250431 0.400036 0.029095 0.105147
2 0 0.212462 0.233313 0.445948 0.034169 0.074108
2 0 0.251017 0.241340 0.370965 0.045173 0.091505
0 0 0.331832 0.247017 0.236122 0.056699 0.128330
0 0 0.430969 0.217679 0.116809 0.054493 0.180050
0 0 0.436148 0.211339 0.113327 0.071730 0.167456
0 1 0.523267 0.161463 0.094529 0.079626 0.141114
0 0 0.612457 0.126680 0.075708 0.065339 0.119817
0 0 0.639227 0.112646 0.070508 0.062494 0.115125
0 0 0.632162 0.106839 0.071941 0.089812 0.099246
0 0 0.581170 0.084805 0.075259 0.194409 0.064356
0 0 0.558599 0.111019 0.089420 0.140661 0.100301
0 0 0.505057 0.126226 0.105640 0.140028 0.123048
0 0 0.438871 0.130795 0.129101 0.160761 0.140472
3 0 0.248002 0.083775 0.166277 0.430413 0.071532
3 0 0.105854 0.049545 0.177036 0.628416 0.039150
3 0 0.072035 0.046632 0.201369 0.643256 0.036708
3 0 0.089353 0.057985 0.227623 0.575633 0.049406
3 0 0.037312 0.035018 0.225037 0.674021 0.028613
3 0 0.022905 0.025117 0.219889 0.709762 0.022327
3 0 0.026008 0.032621 0.236189 0.675533 0.029649
3 0 0.038174 0.051313 0.251525 0.613100 0.045888
3 1 0.035669 0.050143 0.292478 0.582236 0.039475
2 1 0.031762 0.062501 0.455476 0.412120 0.038142
2 2 0.038243 0.091390 0.504483 0.312822 0.053062
2 2 0.087851 0.165695 0.500500 0.154904 0.091049
2 0 0.154169 0.222316 0.400685 0.094135 0.128696
2 0 0.206958 0.226871 0.301780 0.100843 0.163548
0 0 0.239631 0.214324 0.230058 0.118327 0.197659
2 0 0.179898 0.182036 0.282076 0.198727 0.157264
2 0 0.129999 0.198469 0.334695 0.150160 0.186676
2 0 0.083178 0.213799 0.383493 0.083137 0.236392
2 1 0.052451 0.177296 0.527031 0.057520 0.185703
2 1 0.017893 0.084632 0.797190 0.056177 0.044108
2 1 0.020424 0.093393 0.778593 0.056017 0.051573
2 1 0.036300 0.112468 0.740153 0.066859 0.044220
2 0 0.102197 0.191903 0.532135 0.075763 0.098003
2 0 0.188790 0.220097 0.328095 0.105190 0.157828
0 0 0.349954 0.199838 0.152064 0.086853 0.211291
0 0 0.508968 0.163054 0.094525 0.056101 0.177352
0 0 0.535557 0.147100 0.081264 0.029467 0.206612
0 0 0.531425 0.153711 0.086711 0.041049 0.187104
0 0 0.495901 0.168496 0.090918 0.036446 0.208239
0 0 0.452451 0.192938 0.099677 0.040468 0.214466
0 0 0.442066 0.207521 0.105795 0.055630 0.188989
0 0 0.318017 0.223516 0.156656 0.116222 0.185589
2 1 0.178094 0.205995 0.261261 0.210875 0.143775
3 1 0.139271 0.152703 0.286297 0.335758 0.085971
2 0 0.085977 0.122334 0.411446 0.318806 0.061437
3 0 0.085666 0.081603 0.253341 0.521710 0.057681
3 0 0.087849 0.063367 0.197514 0.601634 0.049635
3 0 0.130642 0.083147 0.204862 0.508053 0.073296
3 0 0.173001 0.124494 0.226713 0.360386 0.115405
3 0 0.148107 0.157716 0.257098 0.279139 0.157939
3 1 0.078224 0.131223 0.312130 0.340923 0.137499
2 1 0.045891 0.116934 0.560057 0.190229 0.086890
2 1 0.037549 0.143894 0.649036 0.055189 0.114332
2 1 0.033876 0.134935 0.682505 0.026166 0.122518
2 1 0.031726 0.126552 0.676477 0.023073 0.142172
2 1 0.037918 0.141632 0.613841 0.027928 0.178681
2 0 0.066747 0.177397 0.514813 0.034006 0.207037
2 0 0.163943 0.235656 0.297283 0.035582 0.267536
0 0 0.306195 0.231417 0.155725 0.044374 0.262289
0 0 0.511902 0.158449 0.096438 0.073194 0.160017
0 0 0.623944 0.092710 0.068733 0.139821 0.074792
0 0 0.692554 0.073823 0.054131 0.122810 0.056682
0 0 0.602304 0.136193 0.077456 0.071571 0.112476
0 0 0.629941 0.121074 0.072175 0.072249 0.104561
0 0 0.652309 0.108602 0.067899 0.069942 0.101247
0 0 0.591244 0.132109 0.080311 0.071422 0.124915
0 0 0.600246 0.136005 0.076812 0.053018 0.133918
0 0 0.581017 0.146503 0.080436 0.054657 0.137388
0 0 0.626032 0.130812 0.072242 0.062326 0.108587
0 0 0.538244 0.141117 0.107679 0.116265 0.096695
0 0 0.348591 0.198023 0.200236 0.109556 0.143594
0 0 0.301557 0.228523 0.245934 0.072155 0.151831
0 0 0.322788 0.228590 0.220895 0.066570 0.161157
0 0 0.382863 0.218485 0.155671 0.066945 0.176037
0 0 0.354390 0.216971 0.162509 0.074388 0.191742
0 0 0.341173 0.224099 0.132719 0.048286 0.253723
0 0 0.318156 0.227707 0.151228 0.057398 0.245512
0 0 0.321750 0.246308 0.157698 0.049106 0.225138
2 0 0.279066 0.246868 0.279155 0.064620 0.130290
0 0 0.331824 0.253504 0.223308 0.038302 0.153062
0 0 0.291860 0.256797 0.266211 0.032599 0.152533
2 0 0.210891 0.246339 0.363861 0.036407 0.142502
2 0 0.137580 0.213089 0.500368 0.039781 0.109181
2 0 0.106715 0.190857 0.583402 0.031366 0.087660
2 0 0.118266 0.207939 0.542218 0.026714 0.104863
2 0 0.221357 0.241362 0.382071 0.026335 0.128874
0 0 0.311037 0.244205 0.297854 0.027045 0.119860
2 0 0.303160 0.247421 0.304873 0.030658 0.113889
0 0 0.333723 0.251282 0.223630 0.033430 0.157935
0 0 0.333371 0.253562 0.180740 0.040203 0.192123
0 0 0.410074 0.227082 0.114750 0.040374 0.207720
0 0 0.444650 0.218457 0.112689 0.046944 0.177259
0 0 0.448930 0.220498 0.120176 0.050193 0.160203
0 0 0.294988 0.262180 0.211182 0.038612 0.193039
0 0 0.300922 0.259364 0.219432 0.034599 0.185684
4 0 0.270390 0.240141 0.140278 0.021493 0.327698
4 0 0.267235 0.240313 0.132616 0.023929 0.335907
4 0 0.208327 0.249425 0.151430 0.024151 0.366666
4 1 0.128084 0.256321 0.197205 0.021732 0.396658
4 1 0.104565 0.264211 0.247339 0.023094 0.360792
4 0 0.104777 0.270150 0.293680 0.024454 0.306939
2 0 0.120380 0.271716 0.331952 0.024363 0.251588
2 0 0.192668 0.269465 0.315602 0.026262 0.196002
0 0 0.290050 0.254629 0.281806 0.028643 0.144872
0 0 0.302164 0.254081 0.279887 0.035402 0.128465
0 0 0.302936 0.259081 0.258286 0.043756 0.135941
0 0 0.337750 0.227926 0.243026 0.084300 0.106997
0 0 0.480017 0.190095 0.148307 0.085258 0.096324
0 0 0.517442 0.175538 0.109700 0.072714 0.124606
0 0 0.447651 0.187932 0.121644 0.078547 0.164227
0 0 0.435164 0.194865 0.117430 0.068449 0.184092
0 0 0.458291 0.186505 0.103499 0.055347 0.196359
0 0 0.408208 0.189968 0.121067 0.064113 0.216645
0 0 0.405919 0.187892 0.125879 0.082679 0.197631
4 0 0.245314 0.255368 0.139135 0.047292 0.312891
1 1 0.144901 0.285686 0.239020 0.058825 0.271569
4 1 0.131734 0.275509 0.226736 0.035527 0.330493
1 0 0.141780 0.280119 0.271228 0.035322 0.271551
4 0 0.170082 0.268883 0.213743 0.028346 0.318945
4 0 0.236366 0.257778 0.173195 0.027570 0.305092
4 0 0.260780 0.253473 0.154141 0.030401 0.301205
4 0 0.295419 0.235974 0.117396 0.027903 0.323307
0 0 0.635229 0.131094 0.059759 0.018124 0.155795
0 0 0.509710 0.172126 0.079000 0.020032 0.219131
0 0 0.516490 0.171107 0.081875 0.025452 0.205076
0 0 0.462362 0.188792 0.100112 0.046310 0.202425
0 0 0.548981 0.157309 0.087373 0.061439 0.144898
0 0 0.528726 0.163306 0.091926 0.066776 0.149266
0 0 0.420815 0.183766 0.126773 0.096414 0.172231
0 0 0.426519 0.150118 0.133617 0.158525 0.131220
0 0 0.443949 0.120668 0.124064 0.212791 0.098528
0 0 0.481727 0.100690 0.105215 0.234755 0.077613
0 0 0.457691 0.110710 0.115068 0.236950 0.079581
0 0 0.500718 0.135763 0.108779 0.154421 0.100320
0 0 0.441632 0.202233 0.114255 0.069479 0.172401
0 0 0.443466 0.216224 0.100586 0.040446 0.199278
0 0 0.392098 0.235447 0.135565 0.039768 0.197122
4 0 0.255398 0.248001 0.152792 0.024206 0.319604
4 0 0.143674 0.232977 0.187511 0.015202 0.420636
4 0 0.106730 0.211161 0.217417 0.012527 0.452166
4 1 0.136689 0.218658 0.230252 0.016451 0.397949
4 0 0.199992 0.217753 0.139180 0.017391 0.425683
4 0 0.248102 0.206228 0.106642 0.014759 0.424269
4 0 0.311234 0.202185 0.098601 0.014531 0.373449
0 0 0.365683 0.198553 0.094308 0.016177 0.325279
0 0 0.423271 0.206994 0.100239 0.032048 0.237447
0 0 0.348032 0.236064 0.115623 0.037597 0.262685
0 0 0.308850 0.254673 0.173252 0.034754 0.228470
2 0 0.177841 0.269173 0.349086 0.027704 0.176198
2 0 0.139759 0.254660 0.457188 0.028577 0.119817
2 0 0.091204 0.206808 0.586220 0.027825 0.087942
2 0 0.035318 0.125190 0.751874 0.020728 0.066891
2 0 0.012864 0.067462 0.865393 0.011590 0.042691
2 0 0.010983 0.059510 0.879114 0.010501 0.039892
2 1 0.009712 0.054083 0.889798 0.009665 0.036742
2 1 0.011577 0.061225 0.866485 0.010170 0.050543
2 1 0.013044 0.066445 0.845596 0.010081 0.064834
2 1 0.015447 0.074795 0.814425 0.011097 0.084236
2 1 0.018519 0.085272 0.780649 0.012255 0.103305
2 1 0.022062 0.096552 0.743622 0.014704 0.123060
2 1 0.026805 0.110888 0.698148 0.016883 0.147275
2 1 0.034754 0.132160 0.615791 0.016629 0.200666
2 4 0.045925 0.154124 0.474443 0.016391 0.309118
2 4 0.051389 0.160981 0.396898 0.017027 0.373706
4 4 0.068486 0.166546 0.167193 0.010166 0.587609
4 4 0.074911 0.168311 0.122204 0.006800 0.627773
4 4 0.076544 0.160554 0.088515 0.004056 0.670331
4 4 0.081364 0.171499 0.095554 0.005271 0.646312
4 4 0.090312 0.174946 0.096092 0.005527 0.633123
4 4 0.094825 0.198940 0.113354 0.009796 0.583085
4 2 0.090371 0.218576 0.188951 0.012040 0.490063
2 2 0.061929 0.196073 0.432800 0.014194 0.295004
2 2 0.056915 0.188367 0.483293 0.015045 0.256379
2 0 0.043864 0.159920 0.588073 0.017312 0.190832
2 0 0.025536 0.109393 0.732308 0.013860 0.118903
2 0 0.016843 0.080600 0.810710 0.011654 0.080193
2 1 0.016208 0.078137 0.813781 0.010878 0.080995
2 1 0.015868 0.076930 0.817235 0.010723 0.079244
2 1 0.013966 0.070027 0.836995 0.010008 0.069003
2 1 0.012447 0.064257 0.852274 0.009279 0.061743
2 1 0.011260 0.059611 0.864673 0.008758 0.055698
2 1 0.011278 0.059615 0.863686 0.008790 0.056632
4 1 0.210715 0.203262 0.100158 0.009749 0.476115
4 0 0.248864 0.208013 0.100548 0.011574 0.431000
4 0 0.195919 0.220371 0.114228 0.014429 0.455053
4 0 0.203651 0.258777 0.196069 0.022187 0.319316
2 0 0.071317 0.186702 0.577337 0.026256 0.138388
2 0 0.017343 0.083530 0.819532 0.013546 0.066050
2 1 0.007930 0.046200 0.905860 0.008853 0.031157
2 1 0.005419 0.034603 0.932389 0.006918 0.020670
2 1 0.004694 0.031042 0.940520 0.006932 0.016812
2 1 0.004895 0.032187 0.939323 0.007230 0.016364
2 1 0.006287 0.039213 0.926727 0.007625 0.020148
2 1 0.006369 0.040014 0.928634 0.007435 0.017548
2 1 0.005242 0.034689 0.940106 0.007821 0.012142
2 2 0.003634 0.026228 0.954629 0.008379 0.007129
2 2 0.002991 0.022498 0.960015 0.008728 0.005767
2 2 0.002303 0.018278 0.966263 0.008609 0.004548
2 2 0.001707 0.014439 0.971812 0.008744 0.003299
2 2 0.001486 0.012970 0.973960 0.008839 0.002745
2 2 0.001709 0.014462 0.971822 0.008763 0.003245
2 2 0.001914 0.015808 0.969860 0.008725 0.003694
2 2 0.002297 0.018192 0.966038 0.008757 0.004716
2 2 0.002680 0.020487 0.962089 0.009038 0.005706
2 2 0.002319 0.018323 0.965417 0.009245 0.004696
2 2 0.004505 0.030482 0.942188 0.012600 0.010224
2 2 0.008898 0.049187 0.904726 0.019466 0.017722
2 2 0.007083 0.041481 0.914842 0.025897 0.010696
2 2 0.004391 0.030089 0.928243 0.031345 0.005931
2 2 0.003298 0.024206 0.939286 0.029185 0.004026
2 2 0.003411 0.025062 0.941379 0.026320 0.003827
2 2 0.005154 0.034747 0.930995 0.023144 0.005960
2 2 0.005326 0.035440 0.934099 0.017415 0.007720
2 2 0.002176 0.017704 0.964983 0.012109 0.003028
2 2 0.002433 0.019197 0.963120 0.011328 0.003923
2 2 0.002096 0.017088 0.966209 0.011300 0.003306
2 2 0.001899 0.015781 0.968423 0.010777 0.003119
2 2 0.001501 0.013108 0.971039 0.012014 0.002338
2 2 0.001443 0.012651 0.970176 0.013441 0.002290
2 2 0.001309 0.011699 0.969652 0.015330 0.002009
2 2 0.001243 0.011225 0.969703 0.015934 0.001895
2 2 0.001170 0.010414 0.965045 0.021769 0.001602
2 2 0.001344 0.010019 0.956123 0.030878 0.001636
2 2 0.001558 0.010087 0.946108 0.040498 0.001749
2 2 0.001576 0.009802 0.940708 0.046107 0.001807
2 2 0.001538 0.009430 0.935218 0.051922 0.001891
2 2 0.001522 0.009325 0.932016 0.055166 0.001970
2 2 0.001428 0.008408 0.927113 0.061212 0.001838
2 2 0.001713 0.009974 0.923167 0.062908 0.002238
2 2 0.001831 0.009291 0.905534 0.081147 0.002197
2 2 0.002459 0.011027 0.885308 0.098492 0.002714
2 3 0.002538 0.010192 0.873948 0.110899 0.002423
2 3 0.003070 0.011312 0.861115 0.121836 0.002667
2 3 0.002590 0.008056 0.826370 0.161024 0.001959
2 3 0.003044 0.009401 0.820556 0.164647 0.002353
2 3 0.003216 0.009737 0.812578 0.171975 0.002494
2 3 0.003945 0.011300 0.788523 0.193139 0.003094
2 3 0.004492 0.013038 0.787036 0.191778 0.003655
2 3 0.004884 0.012785 0.743534 0.234874 0.003924
2 3 0.005254 0.013106 0.725056 0.252461 0.004123
2 3 0.004214 0.011123 0.748428 0.232868 0.003367
2 2 0.003489 0.008666 0.724177 0.260965 0.002702
2 3 0.003289 0.007109 0.666253 0.320997 0.002352
2 3 0.002817 0.007636 0.785137 0.202435 0.001974
2 3 0.002781 0.009387 0.853181 0.132539 0.002113
2 3 0.002349 0.010232 0.904947 0.080478 0.001995
2 3 0.003118 0.014705 0.903771 0.075317 0.003088
2 2 0.004856 0.022388 0.881371 0.085981 0.005404
2 2 0.006381 0.029380 0.865017 0.091470 0.007752
2 2 0.007699 0.035147 0.853449 0.094062 0.009643
2 2 0.007088 0.034288 0.871563 0.078546 0.008515
2 2 0.007653 0.037501 0.873654 0.072321 0.008871
2 0 0.006857 0.036961 0.886442 0.061279 0.008461
2 0 0.006367 0.037978 0.895544 0.049765 0.010345
2 1 0.003459 0.024407 0.932347 0.033351 0.006436
2 2 0.002800 0.020571 0.936110 0.035068 0.005451
2 2 0.002344 0.017972 0.943005 0.032340 0.004339
2 2 0.002809 0.020642 0.934760 0.036515 0.005275
2 2 0.003726 0.024488 0.913946 0.051787 0.006053
2 2 0.004414 0.023202 0.895193 0.071588 0.005603
2 2 0.004184 0.020433 0.897805 0.073063 0.004515
2 2 0.002597 0.012790 0.914636 0.067447 0.002530
2 2 0.002310 0.010983 0.914948 0.069650 0.002109
2 2 0.002111 0.009494 0.909379 0.077174 0.001841
2 2 0.002080 0.009478 0.910165 0.076426 0.001851
2 2 0.002025 0.008744 0.899140 0.088280 0.001811
2 2 0.003144 0.011714 0.852766 0.129394 0.002982
2 2 0.007292 0.021074 0.731542 0.232416 0.007675
2 2 0.016750 0.041124 0.618060 0.305200 0.018866
2 2 0.036674 0.057626 0.467461 0.408098 0.030141
3 2 0.042694 0.052584 0.347836 0.523653 0.033233
3 2 0.052747 0.064138 0.335948 0.505300 0.041866
2 2 0.045727 0.079154 0.469682 0.361852 0.043585
2 2 0.030329 0.092240 0.643381 0.193093 0.040957
2 2 0.008584 0.044646 0.853697 0.080197 0.012877
2 2 0.002990 0.021193 0.929889 0.041115 0.004813
2 2 0.001588 0.013391 0.957933 0.024422 0.002667
2 2 0.001729 0.014318 0.956935 0.024062 0.002956
2 2 0.004743 0.031107 0.923198 0.030865 0.010088
2 2 0.009506 0.048277 0.883713 0.042963 0.015541
2 2 0.015234 0.065028 0.826819 0.071835 0.021083
2 2 0.016245 0.063689 0.781075 0.116975 0.022016
2 2 0.015412 0.057450 0.750013 0.154210 0.022914
2 2 0.011602 0.051845 0.802378 0.116130 0.018045
2 2 0.010222 0.053337 0.840015 0.080482 0.015945
2 2 0.005364 0.033428 0.898355 0.054662 0.008190
2 2 0.002238 0.014247 0.929254 0.051184 0.003077
2 2 0.001847 0.012059 0.937679 0.046010 0.002405
2 2 0.002002 0.013046 0.937720 0.044684 0.002549
2 2 0.002344 0.015449 0.936510 0.042706 0.002991
2 2 0.001969 0.012137 0.936544 0.047053 0.002297
2 2 0.001777 0.009967 0.928683 0.057603 0.001969
2 2 0.002275 0.011905 0.910281 0.072827 0.002711
2 2 0.003120 0.014717 0.887903 0.090586 0.003673
2 2 0.005278 0.023614 0.851279 0.112684 0.007145
2 2 0.011062 0.047751 0.789561 0.133577 0.018049
2 2 0.013029 0.052889 0.758949 0.153411 0.021723
2 2 0.018769 0.059931 0.685553 0.207779 0.027968
2 2 0.015780 0.054222 0.704916 0.199635 0.025448
2 2 0.014860 0.055864 0.722574 0.180694 0.026009
2 2 0.007810 0.039567 0.837190 0.101818 0.013614
2 2 0.006078 0.035466 0.878080 0.070244 0.010133
2 2 0.003302 0.017808 0.933203 0.042964 0.002723
2 2 0.002695 0.014315 0.931204 0.049407 0.002379
2 2 0.002219 0.010890 0.920990 0.063890 0.002010
2 2 0.003547 0.014874 0.880550 0.097596 0.003432
2 2 0.005950 0.020983 0.822184 0.144950 0.005934
2 2 0.007692 0.022616 0.750299 0.211746 0.007647
2 2 0.006471 0.016753 0.707516 0.263291 0.005969
2 2 0.007226 0.015919 0.624389 0.345966 0.006499
2 2 0.006290 0.012092 0.563780 0.412658 0.005180
2 2 0.006748 0.011875 0.506569 0.469224 0.005583
2 2 0.003957 0.008677 0.640828 0.343281 0.003257
2 2 0.003631 0.007958 0.641007 0.344430 0.002973
2 2 0.004522 0.009841 0.625209 0.356526 0.003902
2 2 0.004377 0.009088 0.611291 0.371677 0.003567
2 3 0.004319 0.009828 0.670267 0.312129 0.003457
2 3 0.004442 0.012175 0.765780 0.214052 0.003552
2 3 0.005410 0.014864 0.758761 0.216467 0.004497
2 3 0.004736 0.013197 0.762535 0.215536 0.003995
2 3 0.004340 0.012403 0.768112 0.211374 0.003770
2 3 0.003071 0.009859 0.823081 0.161438 0.002551
2 3 0.003128 0.010204 0.826762 0.157274 0.002632
2 3 0.003062 0.010116 0.822635 0.161465 0.002722
2 3 0.002645 0.009740 0.848385 0.136696 0.002534
2 3 0.002681 0.010427 0.866299 0.118059 0.002534
2 3 0.002867 0.011255 0.871501 0.111734 0.002643
2 3 0.002751 0.010635 0.873716 0.110487 0.002410
2 3 0.003490 0.012381 0.844410 0.136578 0.003141
2 3 0.004544 0.013964 0.792151 0.185255 0.004087
2 3 0.008534 0.022566 0.685005 0.274862 0.009033
2 3 0.016555 0.036401 0.672062 0.261009 0.013972
2 3 0.042069 0.053975 0.522123 0.359630 0.022203
2 3 0.061051 0.064566 0.471177 0.376517 0.026688
3 0 0.122465 0.099515 0.344649 0.386328 0.047043
3 0 0.230551 0.148573 0.260755 0.293514 0.066609
0 0 0.303755 0.185788 0.237094 0.187740 0.085623
2 0 0.226007 0.219425 0.332369 0.114341 0.107858
2 0 0.048386 0.153808 0.640001 0.066091 0.091714
2 1 0.023671 0.105791 0.771824 0.041650 0.057065
2 1 0.013537 0.069720 0.847423 0.039352 0.029969
2 1 0.009064 0.051496 0.881825 0.039885 0.017730
2 2 0.003563 0.021880 0.920921 0.049092 0.004544
2 2 0.002999 0.019429 0.929940 0.043781 0.003850
2 2 0.003254 0.022634 0.937506 0.031718 0.004888
2 2 0.003230 0.022721 0.938678 0.030605 0.004766
2 2 0.003463 0.024002 0.934572 0.033151 0.004812
2 2 0.003446 0.021481 0.924110 0.046630 0.004333
2 2 0.004458 0.023601 0.900667 0.065931 0.005343
2 2 0.004828 0.021506 0.876761 0.091654 0.005252
2 2 0.004472 0.018259 0.867515 0.105282 0.004472
2 2 0.004058 0.014991 0.850344 0.126813 0.003794
2 2 0.004511 0.016692 0.849901 0.124686 0.004210
2 2 0.006185 0.026008 0.855103 0.105785 0.006919
2 2 0.006242 0.034583 0.893640 0.056469 0.009065
2 2 0.005395 0.034715 0.917587 0.032584 0.009720
2 2 0.004924 0.032334 0.923217 0.030455 0.009070
2 2 0.004950 0.032377 0.922815 0.030296 0.009562
2 2 0.005104 0.029512 0.912674 0.044632 0.008079
2 2 0.005742 0.026680 0.873742 0.087116 0.006720
2 2 0.005451 0.020974 0.846626 0.121395 0.005554
2 2 0.004686 0.017652 0.848536 0.124548 0.004578
2 2 0.002369 0.008230 0.819665 0.167334 0.002403
2 2 0.002846 0.007117 0.683999 0.303399 0.002639
2 2 0.003081 0.006344 0.589315 0.398632 0.002628
3 2 0.003344 0.005112 0.425945 0.563026 0.002574
3 2 0.003945 0.005372 0.369228 0.618560 0.002894
3 2 0.004396 0.005468 0.328610 0.658442 0.003085
3 3 0.006044 0.008476 0.394596 0.586467 0.004417
3 3 0.006026 0.009618 0.476296 0.503646 0.004414
2 3 0.005747 0.010333 0.531822 0.447561 0.004537
2 3 0.005074 0.009674 0.566492 0.414731 0.004028
2 3 0.004723 0.009151 0.584265 0.398224 0.003637
2 3 0.005231 0.010172 0.599485 0.381256 0.003856
2 3 0.005188 0.010000 0.589352 0.391571 0.003889
2 3 0.004811 0.008667 0.539123 0.443709 0.003689
3 3 0.004676 0.007626 0.445309 0.538413 0.003976
3 3 0.004890 0.007210 0.359180 0.624175 0.004546
3 3 0.004096 0.005731 0.315907 0.670297 0.003969
3 3 0.004250 0.006112 0.318993 0.666301 0.004344
3 3 0.003680 0.004881 0.278574 0.709192 0.003673
3 3 0.003766 0.004936 0.278466 0.709170 0.003662
3 3 0.003434 0.003661 0.201382 0.788515 0.003007
3 3 0.003655 0.003582 0.179921 0.809847 0.002996
3 3 0.004047 0.003463 0.141749 0.847593 0.003147
3 3 0.004241 0.003106 0.111424 0.878277 0.002953
3 3 0.004294 0.002906 0.101329 0.888732 0.002740
3 3 0.003901 0.002494 0.093387 0.897869 0.002350
3 3 0.004454 0.003134 0.106733 0.882718 0.002961
3 3 0.004619 0.003400 0.113187 0.875573 0.003220
3 3 0.004832 0.003721 0.120146 0.867769 0.003532
3 3 0.004730 0.003547 0.116077 0.872285 0.003362
3 3 0.004189 0.002945 0.105852 0.884223 0.002791
3 3 0.003326 0.002054 0.087799 0.904876 0.001945
3 3 0.002694 0.001447 0.071847 0.922647 0.001366
3 3 0.002241 0.001066 0.060118 0.935572 0.001003
3 3 0.002255 0.001031 0.057167 0.938582 0.000965
3 3 0.002407 0.001112 0.058395 0.937047 0.001039
3 3 0.002234 0.001063 0.060116 0.935587 0.001000
3 3 0.002511 0.001229 0.063248 0.931859 0.001153
3 3 0.002664 0.001328 0.065232 0.929531 0.001245
3 3 0.002949 0.001429 0.063714 0.930579 0.001329
3 3 0.003543 0.001761 0.067319 0.925751 0.001626
3 3 0.004194 0.001837 0.062578 0.929753 0.001638
3 3 0.004219 0.001737 0.059304 0.933209 0.001531
3 3 0.004716 0.001939 0.061585 0.930070 0.001690
3 3 0.005268 0.002283 0.066547 0.923912 0.001991
3 3 0.005502 0.002483 0.068201 0.921631 0.002184
3 3 0.005114 0.002367 0.067676 0.922735 0.002109
3 3 0.004585 0.002125 0.064995 0.926381 0.001915
3 3 0.004119 0.001903 0.062513 0.929732 0.001732
3 3 0.003728 0.001581 0.055336 0.937920 0.001434
3 3 0.003771 0.001557 0.053518 0.939747 0.001407
3 3 0.003407 0.001386 0.051856 0.942093 0.001258
3 3 0.002932 0.001183 0.050327 0.944479 0.001080
3 3 0.003050 0.001217 0.049882 0.944743 0.001108
3 3 0.003349 0.001303 0.050197 0.943980 0.001171
3 3 0.003307 0.001213 0.047675 0.946726 0.001079
3 3 0.003132 0.001161 0.046586 0.948078 0.001042
3 3 0.002900 0.001089 0.045790 0.949233 0.000988
3 3 0.003147 0.001197 0.047059 0.947514 0.001083
3 3 0.003576 0.001422 0.051299 0.942424 0.001280
3 3 0.004655 0.001634 0.051811 0.940506 0.001394
3 3 0.004626 0.001612 0.051372 0.941016 0.001374
3 3 0.005537 0.002003 0.056583 0.934188 0.001689
3 3 0.005189 0.001949 0.057358 0.933840 0.001664
3 3 0.004606 0.001720 0.054664 0.937525 0.001484
3 3 0.004937 0.001899 0.057122 0.934402 0.001639
3 3 0.005829 0.002319 0.060604 0.929255 0.001994
3 3 0.007265 0.002811 0.062489 0.925072 0.002364
3 3 0.007672 0.002719 0.058018 0.929346 0.002246
3 3 0.006089 0.002098 0.052789 0.937267 0.001758
3 3 0.006344 0.002016 0.049910 0.940073 0.001658
3 3 0.005402 0.001710 0.046970 0.944491 0.001428
3 3 0.004495 0.001418 0.044467 0.948420 0.001201
3 3 0.003550 0.001115 0.041464 0.952908 0.000962
3 3 0.003442 0.001145 0.042935 0.951475 0.001003
3 3 0.003074 0.001083 0.043490 0.951385 0.000968
3 3 0.003307 0.001142 0.042804 0.951732 0.001015
3 3 0.003685 0.001339 0.046082 0.947703 0.001192
3 3 0.005201 0.001865 0.049880 0.941442 0.001612
3 3 0.007187 0.002536 0.054035 0.934117 0.002126
3 3 0.008797 0.002981 0.054638 0.931141 0.002444
3 3 0.009298 0.003034 0.054043 0.931170 0.002455
3 3 0.011429 0.003564 0.055956 0.926249 0.002801
3 3 0.011157 0.003277 0.052971 0.930047 0.002549
3 3 0.009124 0.002567 0.049043 0.937259 0.002007
3 3 0.008164 0.002419 0.050906 0.936593 0.001919
3 3 0.009789 0.003105 0.059741 0.924933 0.002431
3 3 0.009013 0.002926 0.058888 0.926850 0.002323
3 3 0.007574 0.002556 0.056555 0.931231 0.002084
3 3 0.005881 0.001885 0.047129 0.943527 0.001577
3 3 0.005487 0.001810 0.046679 0.944488 0.001536
3 3 0.004932 0.001533 0.042343 0.949889 0.001302
3 3 0.004891 0.001494 0.041586 0.950763 0.001265
3 3 0.004876 0.001586 0.044766 0.947418 0.001354
3 3 0.005571 0.002013 0.052790 0.937905 0.001721
3 3 0.012016 0.004037 0.064585 0.916203 0.003159
3 3 0.031453 0.011123 0.091459 0.857969 0.007996
3 3 0.057521 0.022978 0.129210 0.774709 0.015581
3 2 0.093961 0.046375 0.176923 0.652280 0.030461
3 2 0.136520 0.107164 0.285123 0.409719 0.061473
2 2 0.159266 0.201836 0.375323 0.164978 0.098597
2 2 0.152891 0.255172 0.388416 0.081266 0.122255
2 2 0.114492 0.260876 0.427091 0.058866 0.138675
2 2 0.022081 0.103191 0.800412 0.035370 0.038946
2 2 0.016077 0.081510 0.846495 0.026214 0.029704
2 2 0.019309 0.092586 0.820585 0.018531 0.048989
2 2 0.032766 0.132960 0.695944 0.018034 0.120296
2 4 0.039035 0.147379 0.624774 0.019717 0.169094
2 4 0.048696 0.166615 0.515957 0.019682 0.249050
2 4 0.057710 0.180336 0.416687 0.021555 0.323712
4 4 0.077865 0.198072 0.223792 0.019538 0.480733
4 4 0.090894 0.202529 0.137948 0.013453 0.555176
4 4 0.099640 0.205339 0.117210 0.011213 0.566599
4 4 0.121540 0.183286 0.096432 0.006198 0.592544
4 4 0.175790 0.203871 0.103919 0.009727 0.506693
4 4 0.157122 0.190539 0.096722 0.007070 0.548548
4 4 0.172077 0.197242 0.099691 0.008281 0.522709
4 4 0.166241 0.182449 0.090191 0.005752 0.555367
4 4 0.163853 0.168738 0.081334 0.004051 0.582024
4 4 0.227327 0.185382 0.087076 0.006330 0.493885
4 4 0.103439 0.218743 0.126955 0.015186 0.535677
4 4 0.109412 0.240998 0.151507 0.027414 0.470669
4 4 0.151485 0.239887 0.134128 0.023163 0.451337
4 4 0.155541 0.248208 0.164002 0.031493 0.400757
4 4 0.136818 0.234209 0.174353 0.032274 0.422345
4 4 0.139919 0.236969 0.247624 0.055186 0.320303
4 4 0.200009 0.232710 0.197546 0.063966 0.305769
4 4 0.230782 0.216440 0.207591 0.086373 0.258814
0 4 0.287613 0.203188 0.179269 0.082682 0.247248
0 4 0.266267 0.202937 0.200191 0.095713 0.234893
0 4 0.293249 0.199402 0.172319 0.076153 0.258878
0 4 0.288248 0.183420 0.187336 0.111569 0.229427
0 4 0.351002 0.160525 0.153361 0.094451 0.240661
0 4 0.402377 0.151042 0.116779 0.058295 0.271507
0 4 0.452838 0.138959 0.105727 0.061124 0.241351
0 4 0.400583 0.162769 0.104415 0.034186 0.298046
0 4 0.386394 0.191746 0.106998 0.033381 0.281481
0 4 0.422390 0.198562 0.105205 0.041253 0.232591
0 4 0.462409 0.181008 0.113096 0.074598 0.168889
0 4 0.395992 0.185092 0.150323 0.107208 0.161385
0 4 0.304852 0.208546 0.213372 0.101139 0.172091
0 4 0.280534 0.225260 0.194195 0.076545 0.223467
0 4 0.289119 0.208996 0.188514 0.105059 0.208313
0 4 0.386775 0.195922 0.141068 0.081718 0.194517
0 4 0.372073 0.209934 0.107708 0.030854 0.279432
4 4 0.238790 0.216409 0.139037 0.026488 0.379276
4 4 0.244556 0.208157 0.128959 0.025729 0.392598
4 4 0.223808 0.196380 0.107924 0.014231 0.457657
4 4 0.255281 0.182918 0.096854 0.010924 0.454023
4 4 0.297519 0.172035 0.089721 0.009986 0.430739
0 4 0.382964 0.170841 0.088054 0.013979 0.344162
4 4 0.329345 0.188541 0.094360 0.013596 0.374158
4 4 0.250427 0.194128 0.097511 0.010640 0.447295
4 4 0.163951 0.180188 0.091116 0.005981 0.558765
4 4 0.107098 0.145548 0.072444 0.002363 0.672547
4 4 0.065493 0.122498 0.063617 0.001418 0.746975
