0 0 0.691580 0.159479 0.108740 0.030554 0.009647
0 0 0.671945 0.163499 0.116976 0.037221 0.010359
0 0 0.624175 0.172057 0.135562 0.054402 0.013804
0 0 0.576951 0.177373 0.152630 0.076105 0.016942
0 0 0.380649 0.175604 0.232107 0.187219 0.024422
2 0 0.230629 0.151834 0.326240 0.268619 0.022678
2 0 0.243012 0.162595 0.384880 0.183966 0.025546
2 0 0.223319 0.158827 0.424675 0.169224 0.023955
2 0 0.100247 0.110329 0.514251 0.255958 0.019214
2 0 0.101272 0.111761 0.528619 0.238434 0.019914
2 0 0.181205 0.149237 0.520368 0.124069 0.025121
2 0 0.206192 0.157239 0.500116 0.110740 0.025712
2 0 0.176939 0.147412 0.527584 0.124285 0.023781
2 0 0.246920 0.167353 0.479119 0.082334 0.024274
2 0 0.337786 0.181594 0.408312 0.050479 0.021828
0 0 0.425209 0.185980 0.339532 0.030792 0.018487
0 0 0.472991 0.187197 0.291312 0.029991 0.018509
0 0 0.610864 0.176491 0.176620 0.020404 0.015621
0 0 0.690240 0.161829 0.118591 0.013646 0.015694
0 0 0.788072 0.131649 0.061080 0.005698 0.013502
0 0 0.811969 0.119957 0.050259 0.004277 0.013538
0 0 0.849746 0.095578 0.031622 0.002606 0.020449
0 0 0.863555 0.084124 0.024705 0.002111 0.025504
0 0 0.886172 0.063416 0.014265 0.001096 0.035050
0 0 0.880159 0.063946 0.014543 0.001212 0.040139
0 0 0.898613 0.053683 0.010345 0.000695 0.036665
0 0 0.911464 0.056354 0.011333 0.000610 0.020240
0 0 0.926589 0.052046 0.009797 0.000387 0.011181
0 0 0.879237 0.084622 0.025751 0.001684 0.008705
0 0 0.833188 0.108309 0.043266 0.004786 0.010451
0 0 0.743460 0.146725 0.085108 0.015360 0.009347
0 0 0.778503 0.133786 0.068423 0.009986 0.009302
0 0 0.796821 0.127859 0.061623 0.006892 0.006805
0 0 0.794117 0.127634 0.060450 0.007419 0.010380
0 0 0.812495 0.118960 0.051076 0.005348 0.012122
0 0 0.826608 0.110318 0.042920 0.004114 0.016039
0 0 0.829525 0.108187 0.040592 0.003549 0.018146
0 0 0.780434 0.121561 0.052337 0.007599 0.038069
0 0 0.711372 0.136251 0.069045 0.015777 0.067555
0 0 0.732310 0.131473 0.062875 0.012300 0.061043
0 0 0.731725 0.136001 0.066947 0.012308 0.053020
0 0 0.703914 0.145906 0.080377 0.019093 0.050711
0 0 0.590921 0.163781 0.117440 0.055793 0.072066
0 0 0.565167 0.166714 0.128647 0.074259 0.065214
0 0 0.490393 0.173626 0.159887 0.123396 0.052698
0 0 0.531204 0.174475 0.151960 0.099622 0.042739
0 0 0.465649 0.176447 0.175615 0.144294 0.037996
0 0 0.531314 0.182212 0.163184 0.089266 0.034023
0 0 0.528029 0.185549 0.163522 0.078198 0.044703
0 0 0.642730 0.163269 0.104568 0.028377 0.061056
0 0 0.665858 0.148894 0.084266 0.020857 0.080126
0 0 0.626961 0.148380 0.087896 0.027769 0.108994
0 0 0.764672 0.126055 0.056468 0.008791 0.044014
0 0 0.814809 0.111850 0.044594 0.005536 0.023210
0 0 0.874051 0.083016 0.024765 0.002155 0.016013
0 0 0.888313 0.077433 0.022190 0.001819 0.010246
0 0 0.900094 0.070118 0.018100 0.001258 0.010430
0 0 0.909865 0.064043 0.014684 0.000716 0.010692
0 0 0.904535 0.065306 0.015065 0.000783 0.014310
0 0 0.799133 0.120960 0.053259 0.007431 0.019217
0 0 0.843762 0.103344 0.037432 0.002895 0.012566
0 0 0.850031 0.099673 0.034538 0.002491 0.013267
0 0 0.879790 0.085294 0.025481 0.001296 0.008139
0 0 0.861452 0.094733 0.031304 0.001972 0.010539
0 0 0.892653 0.079192 0.022340 0.000907 0.004909
0 0 0.909454 0.069409 0.017544 0.000550 0.003044
0 0 0.911324 0.068580 0.018151 0.000576 0.001368
0 0 0.922041 0.061350 0.015657 0.000447 0.000506
0 0 0.937001 0.051087 0.011495 0.000226 0.000192
0 0 0.947828 0.043451 0.008478 0.000117 0.000126
0 0 0.950892 0.041305 0.007588 0.000088 0.000126
0 0 0.950296 0.041724 0.007761 0.000094 0.000126
0 0 0.927067 0.057684 0.014617 0.000391 0.000242
0 0 0.924721 0.059439 0.015127 0.000398 0.000315
0 0 0.889375 0.081223 0.027196 0.001389 0.000818
0 0 0.848085 0.102900 0.043473 0.003950 0.001592
0 0 0.816075 0.115865 0.058007 0.008443 0.001610
0 0 0.655167 0.154613 0.124382 0.063001 0.002838
0 0 0.695327 0.150941 0.109434 0.041006 0.003291
0 0 0.755530 0.139476 0.083180 0.017788 0.004027
0 0 0.756946 0.141321 0.080744 0.014567 0.006422
0 1 0.690704 0.161499 0.118307 0.016078 0.013412
0 1 0.625140 0.178213 0.150632 0.017474 0.028541
2 1 0.064276 0.169842 0.644605 0.043737 0.077541
2 2 0.031803 0.147351 0.673740 0.051254 0.095852
2 2 0.021693 0.135387 0.730871 0.037266 0.074784
2 2 0.016798 0.108006 0.771815 0.052394 0.050986
2 2 0.016832 0.102374 0.768950 0.064597 0.047247
2 2 0.013293 0.082002 0.802311 0.066928 0.035466
2 2 0.012189 0.082439 0.820721 0.048473 0.036177
2 2 0.012020 0.083682 0.825421 0.041320 0.037558
2 2 0.009466 0.062318 0.851675 0.050431 0.026110
2 2 0.006825 0.040422 0.863204 0.074364 0.015185
2 2 0.006286 0.031655 0.826672 0.124197 0.011191
2 2 0.005110 0.022980 0.781404 0.183029 0.007477
2 2 0.002962 0.016426 0.776484 0.199998 0.004129
2 3 0.001970 0.012673 0.744731 0.238065 0.002561
2 3 0.001425 0.010263 0.708852 0.277721 0.001740
2 3 0.001373 0.009889 0.668709 0.318430 0.001600
2 3 0.001461 0.010020 0.607011 0.379901 0.001606
3 3 0.001468 0.009440 0.488602 0.499043 0.001447
3 3 0.001164 0.007508 0.370154 0.620156 0.001019
3 3 0.001028 0.006470 0.295271 0.696399 0.000832
3 3 0.001198 0.007022 0.283917 0.706897 0.000966
3 3 0.001674 0.008281 0.249244 0.739478 0.001323
3 3 0.001582 0.007823 0.233122 0.756250 0.001223
3 3 0.001465 0.007548 0.241497 0.748349 0.001140
3 3 0.001392 0.007573 0.268994 0.720928 0.001113
3 3 0.001560 0.008430 0.301599 0.687113 0.001298
3 3 0.001755 0.009135 0.308663 0.678968 0.001479
3 3 0.001465 0.008148 0.305851 0.683316 0.001220
3 3 0.001190 0.007195 0.309723 0.680906 0.000985
3 3 0.001396 0.007821 0.295439 0.694196 0.001148
3 3 0.001992 0.009221 0.249349 0.737851 0.001587
3 3 0.001958 0.008512 0.201640 0.786417 0.001473
3 3 0.001638 0.006896 0.149002 0.841332 0.001132
3 3 0.001635 0.006521 0.126279 0.864477 0.001087
3 3 0.001727 0.006380 0.106974 0.883812 0.001108
3 3 0.001976 0.006697 0.096347 0.893733 0.001247
3 3 0.001747 0.005859 0.081261 0.910077 0.001055
3 3 0.003365 0.009221 0.093711 0.891536 0.002167
3 3 0.003406 0.009104 0.088258 0.897067 0.002166
3 3 0.002638 0.007843 0.090591 0.897262 0.001666
3 3 0.003024 0.008840 0.100645 0.885521 0.001969
3 3 0.003012 0.009758 0.136317 0.848810 0.002102
3 3 0.003240 0.010217 0.136626 0.847647 0.002271
3 3 0.002709 0.008782 0.120938 0.865743 0.001828
3 3 0.002866 0.008872 0.112379 0.873976 0.001907
3 3 0.003259 0.009707 0.115938 0.868897 0.002199
3 3 0.002782 0.008598 0.108103 0.878684 0.001832
3 3 0.002418 0.007799 0.104604 0.883609 0.001570
3 3 0.001975 0.006594 0.092161 0.898037 0.001234
3 3 0.002058 0.006697 0.089381 0.900584 0.001280
3 3 0.001618 0.005750 0.088449 0.903191 0.000992
3 3 0.001712 0.006153 0.097514 0.893545 0.001076
3 3 0.001586 0.005770 0.092675 0.898987 0.000982
3 3 0.002616 0.008046 0.099332 0.888321 0.001685
3 3 0.005789 0.014033 0.120720 0.855398 0.004060
3 3 0.009674 0.021495 0.171753 0.790265 0.006814
3 3 0.021196 0.040336 0.306193 0.622062 0.010213
3 0 0.018617 0.037430 0.299673 0.633838 0.010441
3 3 0.020387 0.038324 0.266226 0.663045 0.012018
3 3 0.014599 0.031946 0.265755 0.675864 0.011836
3 3 0.006786 0.019885 0.257968 0.709536 0.005825
3 3 0.002585 0.011614 0.309160 0.674418 0.002224
3 3 0.002074 0.009515 0.254191 0.732554 0.001665
3 3 0.001875 0.008643 0.229246 0.758780 0.001456
3 3 0.002059 0.008810 0.203595 0.783979 0.001557
3 3 0.001841 0.008210 0.202855 0.785712 0.001382
3 3 0.001891 0.008038 0.180934 0.807756 0.001381
3 3 0.001898 0.007440 0.142326 0.847028 0.001307
3 3 0.001796 0.006988 0.130590 0.859417 0.001209
3 3 0.001815 0.007080 0.133185 0.856691 0.001228
3 3 0.002332 0.008472 0.143440 0.844130 0.001626
3 3 0.002650 0.009262 0.147874 0.838341 0.001873
3 3 0.003048 0.010206 0.152611 0.831948 0.002186
3 3 0.002973 0.009475 0.127888 0.857623 0.002042
3 3 0.002419 0.007862 0.107078 0.881062 0.001579
3 3 0.002556 0.007723 0.091758 0.896348 0.001616
3 3 0.002236 0.006988 0.087150 0.902238 0.001388
3 3 0.001823 0.006246 0.090906 0.899894 0.001131
3 3 0.001890 0.005978 0.074591 0.916417 0.001125
3 3 0.001992 0.005855 0.063680 0.927323 0.001149
3 3 0.001880 0.005549 0.060383 0.931119 0.001069
3 3 0.001850 0.005445 0.058774 0.932886 0.001045
3 3 0.002156 0.005915 0.056741 0.933970 0.001218
3 3 0.002467 0.006191 0.050745 0.939225 0.001371
3 3 0.002977 0.006858 0.048705 0.939806 0.001655
3 3 0.003271 0.007732 0.058491 0.928606 0.001899
3 3 0.002304 0.006412 0.063823 0.926121 0.001339
3 -1 0.002631 0.007019 0.065458 0.923345 0.001548
3 0 0.002991 0.007369 0.059761 0.928143 0.001737
3 0 0.015005 0.022557 0.093808 0.861665 0.006964
3 0 0.124536 0.099598 0.224932 0.530029 0.020905
3 0 0.192692 0.128156 0.257818 0.404001 0.017334
3 0 0.201317 0.118543 0.188525 0.476439 0.015175
3 1 0.189482 0.114326 0.185716 0.495453 0.015023
3 1 0.284361 0.143792 0.199722 0.356122 0.016004
0 1 0.497342 0.179756 0.177239 0.124403 0.021260
0 1 0.606879 0.177524 0.141316 0.051407 0.022874
2 1 0.169888 0.270463 0.477520 0.017927 0.064202
2 0 0.077375 0.253952 0.564164 0.017130 0.087378
2 1 0.053131 0.243473 0.573709 0.018254 0.111434
2 2 0.024839 0.168901 0.680189 0.027143 0.098927
2 2 0.020339 0.156859 0.713994 0.021946 0.086861
2 2 0.019121 0.146397 0.731649 0.025358 0.077475
2 2 0.014867 0.109891 0.789376 0.033219 0.052646
2 2 0.010386 0.074304 0.837842 0.046589 0.030879
2 2 0.012162 0.077859 0.819456 0.056696 0.033826
2 2 0.014691 0.075316 0.801465 0.072287 0.036242
2 2 0.020557 0.072799 0.786098 0.090857 0.029689
2 2 0.019474 0.055891 0.782068 0.122441 0.020126
2 2 0.020903 0.052589 0.739933 0.167583 0.018992
2 2 0.041218 0.081658 0.679369 0.166319 0.031436
2 2 0.226657 0.193427 0.444337 0.070346 0.065233
2 2 0.238382 0.205772 0.425274 0.057790 0.072782
2 3 0.194215 0.192603 0.487121 0.059063 0.066998
2 3 0.158119 0.189483 0.504506 0.067038 0.080854
2 3 0.147072 0.188616 0.509419 0.069031 0.085863
2 2 0.097630 0.130587 0.625966 0.091416 0.054402
2 2 0.051017 0.133059 0.699813 0.054471 0.061641
2 2 0.009534 0.054151 0.868125 0.042277 0.025913
2 3 0.007200 0.042098 0.880659 0.052368 0.017675
2 2 0.008566 0.050534 0.867072 0.051898 0.021930
2 2 0.013409 0.094065 0.814048 0.032835 0.045643
2 4 0.017175 0.140294 0.739317 0.017292 0.085923
2 4 0.024256 0.188971 0.620136 0.013353 0.153283
2 4 0.030010 0.210729 0.539740 0.012455 0.207066
2 4 0.035223 0.234613 0.450386 0.010510 0.269267
4 4 0.043039 0.255654 0.326513 0.008347 0.366448
2 4 0.039404 0.256569 0.366003 0.008492 0.329532
2 4 0.035702 0.247997 0.431502 0.009758 0.275041
2 4 0.037267 0.249355 0.427113 0.010447 0.275819
2 4 0.044369 0.257307 0.380555 0.011821 0.305947
2 4 0.042650 0.254266 0.443216 0.015444 0.244424
2 4 0.041392 0.245111 0.509421 0.018460 0.185615
2 4 0.043909 0.248977 0.516568 0.018595 0.171951
2 4 0.052022 0.260985 0.424357 0.019558 0.243079
2 4 0.051482 0.267397 0.419637 0.018772 0.242712
4 4 0.057354 0.266665 0.326368 0.015391 0.334222
2 4 0.055407 0.261234 0.336016 0.015067 0.332276
4 4 0.055889 0.256370 0.295555 0.013211 0.378975
4 4 0.052870 0.244753 0.258127 0.009091 0.435160
4 4 0.053477 0.241613 0.252229 0.009056 0.443625
4 4 0.053317 0.243440 0.255915 0.009159 0.438168
4 4 0.050369 0.243311 0.251501 0.007936 0.446882
4 4 0.051022 0.240756 0.247122 0.007989 0.453111
4 4 0.053248 0.239450 0.248003 0.008909 0.450390
4 4 0.055500 0.237127 0.248318 0.010232 0.448823
4 4 0.054736 0.238357 0.247090 0.009289 0.450527
4 4 0.054509 0.241437 0.253265 0.009484 0.441305
4 4 0.055673 0.241606 0.255225 0.010021 0.437474
4 1 0.056087 0.255592 0.289440 0.012067 0.386815
2 4 0.051777 0.264059 0.346171 0.013713 0.324279
4 4 0.056633 0.260238 0.318865 0.014403 0.349861
4 4 0.057482 0.254663 0.289517 0.012738 0.385600
4 4 0.056154 0.253283 0.283492 0.011739 0.395331
4 4 0.057207 0.253992 0.287218 0.012458 0.389124
2 4 0.054633 0.257913 0.350769 0.015855 0.320830
2 4 0.055769 0.265139 0.342997 0.016725 0.319370
2 4 0.042653 0.252548 0.354283 0.009471 0.341045
4 4 0.043648 0.251862 0.322091 0.008428 0.373971
4 4 0.044640 0.251706 0.310746 0.008336 0.384572
4 4 0.042836 0.250622 0.340625 0.008917 0.356999
2 4 0.040989 0.243258 0.402035 0.011211 0.302507
2 4 0.039753 0.235349 0.458592 0.014340 0.251966
2 4 0.043453 0.240822 0.441948 0.015894 0.257882
2 4 0.041412 0.234951 0.481197 0.018032 0.224408
2 4 0.037330 0.219484 0.538845 0.020605 0.183736
2 1 0.034868 0.204024 0.584462 0.024419 0.152227
2 1 0.035780 0.206141 0.578133 0.026306 0.153639
2 1 0.039229 0.229926 0.518623 0.020362 0.191861
2 2 0.035949 0.230474 0.533553 0.019584 0.180441
2 2 0.032622 0.212569 0.587915 0.023081 0.143813
2 2 0.038860 0.225492 0.545031 0.024334 0.166283
2 2 0.045060 0.238516 0.504907 0.023234 0.188284
2 1 0.040022 0.216454 0.554158 0.025434 0.163933
2 1 0.024661 0.150021 0.721389 0.025325 0.078605
2 1 0.017830 0.121075 0.780279 0.023220 0.057596
2 1 0.018250 0.131006 0.769019 0.020420 0.061305
2 1 0.018099 0.144929 0.742473 0.019323 0.075176
2 1 0.013899 0.120471 0.793276 0.017186 0.055168
2 2 0.017775 0.106038 0.814526 0.021502 0.040159
2 2 0.030190 0.099684 0.813346 0.028365 0.028415
2 2 0.060467 0.126582 0.755234 0.028907 0.028811
2 2 0.045195 0.120591 0.778436 0.026065 0.029713
2 2 0.044787 0.129306 0.762479 0.027205 0.036224
2 1 0.023268 0.108094 0.799611 0.027804 0.041223
2 1 0.021360 0.127413 0.754912 0.029160 0.067155
2 1 0.026325 0.176719 0.657196 0.022287 0.117475
2 2 0.031763 0.207070 0.587094 0.019946 0.154126
2 2 0.026576 0.193219 0.638136 0.020381 0.121689
2 2 0.027812 0.190791 0.637469 0.021925 0.122003
2 1 0.023401 0.161166 0.695771 0.024363 0.095299
2 1 0.020854 0.161789 0.705524 0.020386 0.091447
2 2 0.015841 0.113625 0.782471 0.030894 0.057169
2 2 0.011669 0.074959 0.829050 0.051218 0.033105
2 2 0.010296 0.063073 0.834185 0.066386 0.026060
2 2 0.010549 0.072817 0.842214 0.042712 0.031708
2 2 0.008021 0.053182 0.858342 0.059963 0.020492
2 2 0.006477 0.043776 0.868788 0.065356 0.015604
2 2 0.005859 0.041204 0.879450 0.059043 0.014445
2 3 0.006549 0.042632 0.871736 0.063393 0.015690
2 2 0.008834 0.058202 0.857077 0.052053 0.023834
2 2 0.009451 0.056160 0.841125 0.070419 0.022845
2 3 0.009925 0.058290 0.831947 0.076228 0.023610
2 2 0.009923 0.052408 0.807799 0.109375 0.020495
2 2 0.012003 0.056150 0.759764 0.149576 0.022507
2 2 0.012128 0.053327 0.732887 0.180568 0.021090
2 2 0.013675 0.064482 0.761449 0.133130 0.027265
2 2 0.011644 0.056180 0.784174 0.124924 0.023078
2 3 0.008821 0.043099 0.802081 0.129559 0.016441
2 2 0.007784 0.031554 0.737878 0.211353 0.011432
2 2 0.007066 0.027569 0.715939 0.239761 0.009665
2 2 0.006085 0.025068 0.704742 0.255997 0.008109
2 2 0.005279 0.022862 0.690189 0.274832 0.006839
2 2 0.003841 0.018688 0.673183 0.299509 0.004778
2 2 0.002547 0.014618 0.694938 0.284733 0.003165
2 2 0.003667 0.018413 0.713595 0.259558 0.004767
2 3 0.004398 0.020347 0.677806 0.291900 0.005548
2 2 0.009908 0.032175 0.578604 0.367410 0.011904
2 2 0.007735 0.027993 0.606895 0.347983 0.009394
2 2 0.005458 0.022748 0.623186 0.342027 0.006582
2 2 0.005533 0.023129 0.643133 0.321385 0.006821
2 2 0.004377 0.020066 0.648621 0.321590 0.005345
2 2 0.003341 0.017037 0.655698 0.319882 0.004042
2 2 0.003023 0.015887 0.635462 0.342070 0.003559
2 2 0.002919 0.015433 0.618057 0.360222 0.003369
2 2 0.002579 0.013910 0.559480 0.421238 0.002794
3 3 0.002388 0.012736 0.486639 0.495827 0.002411
3 3 0.002484 0.012338 0.404888 0.577956 0.002334
3 2 0.002684 0.012840 0.394644 0.587324 0.002509
3 3 0.002364 0.011703 0.377012 0.606761 0.002160
3 3 0.002215 0.011224 0.375259 0.609289 0.002013
3 3 0.002172 0.011330 0.401967 0.582510 0.002021
3 3 0.001976 0.010794 0.414928 0.570450 0.001852
3 3 0.002087 0.011318 0.433883 0.550716 0.001995
3 3 0.002590 0.012970 0.438033 0.543894 0.002513
3 3 0.002286 0.011733 0.406200 0.577639 0.002142
3 3 0.002167 0.010961 0.363378 0.621548 0.001946
3 3 0.002108 0.010305 0.315505 0.670275 0.001806
3 3 0.002422 0.011126 0.306609 0.677771 0.002071
3 3 0.003056 0.012266 0.265828 0.716315 0.002535
3 3 0.003333 0.012688 0.250102 0.731148 0.002729
3 3 0.002850 0.011174 0.227893 0.755826 0.002256
3 3 0.003233 0.013067 0.290323 0.690617 0.002760
3 3 0.003794 0.014844 0.317403 0.660602 0.003357
3 3 0.003812 0.015023 0.326578 0.651183 0.003404
3 3 0.003869 0.014347 0.274879 0.703623 0.003281
3 3 0.003279 0.012986 0.277053 0.703919 0.002763
3 3 0.002887 0.011440 0.238923 0.744433 0.002317
3 3 0.002854 0.011009 0.217142 0.766765 0.002231
3 3 0.003201 0.011071 0.178111 0.805226 0.002391
3 3 0.003761 0.011916 0.164612 0.816934 0.002777
3 3 0.003698 0.010820 0.127022 0.855895 0.002565
3 3 0.003456 0.010259 0.122756 0.861160 0.002369
3 3 0.003034 0.008502 0.089051 0.897491 0.001922
3 3 0.003567 0.009577 0.094223 0.890326 0.002307
3 3 0.003300 0.008912 0.087789 0.897907 0.002092
3 3 0.002722 0.007605 0.078067 0.909941 0.001666
3 3 0.002190 0.007058 0.093280 0.896094 0.001379
3 3 0.002204 0.007501 0.110570 0.878283 0.001442
3 3 0.002377 0.008243 0.127450 0.860317 0.001613
3 3 0.002144 0.007486 0.115664 0.873290 0.001416
3 3 0.002118 0.007314 0.110349 0.878836 0.001383
3 3 0.001897 0.006879 0.112549 0.877437 0.001238
3 3 0.002330 0.008058 0.123604 0.864440 0.001568
3 3 0.002377 0.007872 0.111063 0.877126 0.001563
3 3 0.002700 0.008511 0.110820 0.876183 0.001786
3 3 0.002657 0.008465 0.112330 0.874788 0.001761
3 3 0.002575 0.008650 0.126987 0.860034 0.001753
3 3 0.001948 0.007220 0.123948 0.865584 0.001300
3 3 0.001298 0.005656 0.126580 0.865613 0.000854
3 3 0.001006 0.004993 0.139728 0.853605 0.000669
3 3 0.000902 0.004595 0.133197 0.860716 0.000590
3 3 0.000919 0.004596 0.128784 0.865103 0.000597
3 3 0.000963 0.004871 0.140476 0.853049 0.000640
3 3 0.001269 0.005910 0.150550 0.841403 0.000869
3 3 0.001378 0.006517 0.173383 0.817743 0.000980
3 3 0.001721 0.007613 0.183103 0.806308 0.001255
3 3 0.004055 0.010894 0.109303 0.873020 0.002729
3 3 0.004343 0.012209 0.135432 0.844933 0.003083
3 3 0.003878 0.011165 0.127805 0.854452 0.002700
3 3 0.003490 0.010444 0.127171 0.856482 0.002414
3 3 0.002899 0.008671 0.102708 0.883831 0.001891
3 3 0.002647 0.008268 0.105420 0.881936 0.001729
3 3 0.002806 0.008400 0.099228 0.887752 0.001814
3 3 0.002520 0.007434 0.084070 0.904414 0.001562
3 3 0.002095 0.006370 0.074526 0.915755 0.001253
3 3 0.001960 0.006055 0.072493 0.918330 0.001162
3 3 0.002171 0.006417 0.071337 0.918786 0.001289
3 3 0.001861 0.005695 0.066428 0.924936 0.001080
3 3 0.001609 0.005087 0.062065 0.930325 0.000913
3 3 0.002311 0.007314 0.093934 0.894980 0.001461
3 3 0.002419 0.007720 0.101445 0.886857 0.001560
3 3 0.003343 0.009603 0.107140 0.877697 0.002218
3 3 0.002998 0.008283 0.084227 0.902618 0.001875
3 3 0.003475 0.008694 0.074133 0.911568 0.002129
3 3 0.003804 0.008842 0.066023 0.919047 0.002284
3 3 0.004937 0.010526 0.068659 0.912850 0.003028
3 3 0.003948 0.008716 0.059100 0.925917 0.002319
3 3 0.002827 0.006865 0.053695 0.935012 0.001600
3 3 0.001937 0.005477 0.054970 0.936533 0.001082
3 3 0.002170 0.006463 0.072972 0.917101 0.001294
3 3 0.002046 0.006239 0.073217 0.917281 0.001218
3 3 0.001974 0.006705 0.096938 0.893136 0.001247
3 3 0.001693 0.005875 0.086689 0.904707 0.001036
3 3 0.001739 0.006046 0.089966 0.901174 0.001074
3 3 0.001829 0.005772 0.071427 0.919896 0.001077
3 3 0.001872 0.005737 0.067179 0.924124 0.001089
3 3 0.001609 0.005325 0.071105 0.921020 0.000941
3 3 0.001529 0.005509 0.086409 0.905623 0.000930
3 3 0.002315 0.007105 0.085881 0.903264 0.001435
3 3 0.004492 0.012598 0.139759 0.839933 0.003218
3 3 0.007649 0.020361 0.222225 0.743573 0.006192
3 2 0.010137 0.028343 0.385253 0.568701 0.007565
2 3 0.021099 0.046280 0.483055 0.437455 0.012111
2 3 0.031619 0.060432 0.555218 0.337396 0.015335
2 3 0.046862 0.076978 0.604092 0.252410 0.019659
2 2 0.027594 0.057592 0.667200 0.234735 0.012879
2 2 0.015014 0.040955 0.637775 0.294887 0.011369
2 2 0.012155 0.035992 0.585171 0.354880 0.011803
2 3 0.013080 0.038544 0.601408 0.330507 0.016462
2 2 0.010102 0.033220 0.623990 0.319936 0.012752
2 3 0.009428 0.037953 0.730104 0.208090 0.014425
2 2 0.009607 0.047296 0.788299 0.136780 0.018018
2 2 0.013992 0.079808 0.788929 0.082778 0.034492
2 2 0.008568 0.053078 0.847520 0.070153 0.020680
2 2 0.007820 0.045658 0.848682 0.080420 0.017420
2 2 0.006222 0.033785 0.853203 0.094511 0.012279
2 2 0.008251 0.043969 0.840573 0.089849 0.017357
2 2 0.013412 0.067255 0.800673 0.088133 0.030528
2 2 0.014637 0.069121 0.782229 0.102232 0.031781
2 2 0.012025 0.051825 0.765437 0.148900 0.021812
2 2 0.013956 0.066996 0.790240 0.098268 0.030540
2 2 0.014596 0.068244 0.784297 0.101241 0.031622
2 2 0.013555 0.064512 0.785371 0.107906 0.028655
2 2 0.011843 0.048411 0.721356 0.199042 0.019348
2 4 0.010337 0.047661 0.767079 0.156466 0.018457
2 4 0.012160 0.066518 0.803246 0.090089 0.027987
4 4 0.056050 0.223276 0.219486 0.008577 0.492611
4 4 0.059086 0.222085 0.220409 0.009653 0.488765
4 4 0.057209 0.227954 0.229400 0.009393 0.476044
4 4 0.058895 0.247679 0.273961 0.012420 0.407045
4 4 0.056479 0.263368 0.312944 0.013841 0.353368
4 4 0.056998 0.261497 0.308242 0.013776 0.359487
4 4 0.058052 0.260328 0.306962 0.014249 0.360410
2 4 0.061279 0.264484 0.329176 0.018129 0.326931
4 4 0.061736 0.255353 0.299645 0.015717 0.367550
4 4 0.067601 0.239410 0.266833 0.016259 0.409897
4 4 0.065052 0.238754 0.261678 0.014545 0.419971
4 1 0.064274 0.244841 0.275355 0.015168 0.400362
4 4 0.060242 0.249270 0.280144 0.013465 0.396879
4 4 0.056579 0.246931 0.268561 0.011078 0.416851
4 4 0.051562 0.225568 0.218883 0.007152 0.496835
4 4 0.058071 0.212798 0.203133 0.008576 0.517421
4 4 0.064206 0.217583 0.217149 0.011389 0.489673
4 4 0.073766 0.199022 0.192503 0.013756 0.520953
4 4 0.072124 0.191972 0.179893 0.012332 0.543680
4 4 0.073040 0.186855 0.172519 0.012246 0.555340
4 4 0.068904 0.168414 0.143908 0.009419 0.609355
4 4 0.064328 0.172743 0.149326 0.009075 0.604528
4 4 0.054208 0.167756 0.135783 0.005444 0.636810
4 4 0.051512 0.167266 0.133634 0.004806 0.642782
4 4 0.049908 0.161931 0.126383 0.004343 0.657435
4 4 0.052366 0.163192 0.129133 0.004872 0.650438
4 4 0.058314 0.167530 0.138626 0.006774 0.628757
4 4 0.063919 0.195198 0.181543 0.010284 0.549056
4 4 0.063615 0.185773 0.165133 0.008751 0.576728
4 4 0.064576 0.196376 0.181672 0.009764 0.547611
4 4 0.066795 0.186090 0.168290 0.010155 0.568671
4 4 0.071742 0.210251 0.215216 0.016326 0.486466
4 4 0.070555 0.222412 0.241598 0.019201 0.446235
4 4 0.065090 0.234152 0.256389 0.015713 0.428655
4 4 0.061996 0.229332 0.241420 0.012958 0.454294
4 4 0.062381 0.230361 0.240911 0.012231 0.454116
4 4 0.063573 0.212865 0.208107 0.010680 0.504775
4 4 0.070249 0.193473 0.181016 0.011699 0.543563
4 4 0.070417 0.173716 0.151932 0.010275 0.593659
4 4 0.068516 0.131682 0.099292 0.007484 0.693026
4 4 0.064161 0.101372 0.067561 0.005471 0.761434
4 4 0.061335 0.063820 0.035657 0.004007 0.835181
4 4 0.066492 0.050237 0.026318 0.004382 0.852571
4 4 0.086129 0.050604 0.027942 0.007795 0.827531
4 4 0.111790 0.068138 0.044070 0.015908 0.760094
4 4 0.144124 0.069076 0.040389 0.014792 0.731619
4 4 0.176389 0.081689 0.045184 0.013093 0.683645
4 4 0.114068 0.057993 0.032015 0.010100 0.785823
4 4 0.098556 0.055049 0.029954 0.008171 0.808270
4 4 0.076064 0.070342 0.042354 0.006705 0.804535
4 4 0.072464 0.077464 0.047805 0.006277 0.795990
4 4 0.062307 0.060591 0.033362 0.004066 0.839674
4 4 0.072469 0.066709 0.039058 0.005890 0.815875
4 4 0.078606 0.093087 0.062528 0.008236 0.757543
4 4 0.085526 0.092107 0.062727 0.009918 0.749722
4 4 0.089388 0.096454 0.067531 0.011253 0.735375
4 4 0.085448 0.084677 0.055841 0.009481 0.764552
4 4 0.073749 0.101893 0.069978 0.007493 0.746887
4 4 0.070222 0.106459 0.074074 0.007181 0.742064
4 4 0.062134 0.132575 0.098255 0.006031 0.701005
4 4 0.051717 0.224126 0.216498 0.007118 0.500541
4 4 0.050838 0.233820 0.233225 0.007422 0.474694
4 4 0.049674 0.231425 0.227360 0.006872 0.484669
4 4 0.049953 0.221514 0.210157 0.006419 0.511957
4 4 0.049245 0.217595 0.202911 0.006022 0.524227
4 4 0.048889 0.217244 0.201991 0.005905 0.525971
4 4 0.048481 0.224269 0.213320 0.006113 0.507817
4 4 0.050005 0.224282 0.214963 0.006578 0.504171
4 4 0.052291 0.199775 0.177820 0.006094 0.564019
4 4 0.052148 0.188562 0.161687 0.005624 0.591979
4 4 0.050571 0.181708 0.151414 0.005024 0.611283
4 4 0.051540 0.195739 0.171365 0.005736 0.575620
4 4 0.054818 0.175934 0.146412 0.005826 0.617011
4 4 0.057910 0.187765 0.164427 0.007136 0.582762
4 4 0.055312 0.189827 0.165592 0.006492 0.582777
4 4 0.054690 0.228594 0.227822 0.008461 0.480434
4 4 0.056223 0.235116 0.242328 0.009620 0.456712
4 4 0.058598 0.237278 0.249810 0.010909 0.443406
4 4 0.059170 0.229394 0.234374 0.010345 0.466717
4 4 0.057838 0.231104 0.236223 0.009934 0.464901
4 4 0.054262 0.239955 0.249794 0.009236 0.446753
4 2 0.053121 0.243026 0.254748 0.009035 0.440069
4 2 0.052213 0.253021 0.276075 0.009661 0.409030
4 2 0.049877 0.257515 0.283025 0.009062 0.400520
4 2 0.046515 0.260827 0.333608 0.010182 0.348869
2 2 0.037472 0.250232 0.447920 0.011891 0.252485
2 2 0.029943 0.223538 0.550857 0.013544 0.182118
2 2 0.032517 0.227337 0.530282 0.014224 0.195641
2 2 0.032760 0.219002 0.554470 0.017940 0.175829
2 2 0.032627 0.215174 0.569814 0.021013 0.161373
2 2 0.035172 0.223749 0.539044 0.018747 0.183289
2 2 0.033361 0.215442 0.567870 0.020916 0.162411
2 2 0.038852 0.230537 0.512923 0.019502 0.198185
2 2 0.040608 0.232572 0.500869 0.020953 0.204998
2 2 0.034059 0.207839 0.572334 0.023575 0.162193
2 2 0.030834 0.191655 0.612010 0.026592 0.138908
2 2 0.036894 0.206125 0.552369 0.023521 0.181091
2 2 0.036222 0.207771 0.550699 0.021991 0.183318
2 2 0.033599 0.206278 0.560324 0.018454 0.181345
2 2 0.026984 0.188168 0.624001 0.017683 0.143164
2 2 0.021283 0.162233 0.692539 0.018188 0.105756
2 2 0.022473 0.179566 0.656992 0.015136 0.125833
2 2 0.023351 0.194324 0.622644 0.012638 0.147043
2 2 0.021683 0.185174 0.647348 0.012917 0.132879
2 2 0.023062 0.188583 0.634054 0.013352 0.140948
2 2 0.026841 0.205115 0.589724 0.013647 0.164672
2 2 0.029089 0.213485 0.575694 0.014970 0.166763
2 2 0.034553 0.234926 0.513001 0.014665 0.202855
2 2 0.035109 0.237318 0.510955 0.015043 0.201575
2 2 0.039542 0.252520 0.461571 0.014554 0.231813
2 2 0.038073 0.251870 0.476751 0.014694 0.218612
2 2 0.035310 0.241318 0.508896 0.015108 0.199367
2 2 0.032493 0.233416 0.539276 0.015270 0.179544
2 2 0.033648 0.241725 0.508917 0.013554 0.202156
2 2 0.031617 0.237264 0.533435 0.013845 0.183839
2 2 0.028978 0.221214 0.582570 0.015964 0.151274
2 2 0.031375 0.220351 0.582900 0.019344 0.146029
2 2 0.035897 0.232165 0.547147 0.020491 0.164300
2 2 0.034771 0.224700 0.565427 0.021666 0.153436
2 2 0.032278 0.216737 0.585016 0.020921 0.145048
2 2 0.022997 0.139338 0.734980 0.027698 0.074988
2 2 0.019939 0.099906 0.801040 0.035598 0.043518
2 2 0.021544 0.094192 0.806655 0.038342 0.039267
2 2 0.025414 0.115484 0.777904 0.031696 0.049502
2 4 0.022369 0.114387 0.787315 0.027690 0.048238
2 2 0.018422 0.090007 0.808980 0.041073 0.041519
2 2 0.016566 0.089796 0.797490 0.048526 0.047622
2 2 0.021448 0.119960 0.747429 0.043487 0.067676
2 2 0.026456 0.173192 0.668156 0.025351 0.106845
2 2 0.030466 0.204532 0.604076 0.020785 0.140142
2 2 0.033108 0.222889 0.558252 0.018044 0.167707
2 2 0.027041 0.198193 0.630349 0.019490 0.124927
2 2 0.025960 0.191729 0.645592 0.020123 0.116596
2 2 0.024843 0.183874 0.660552 0.020537 0.110193
2 2 0.028104 0.188236 0.641970 0.023434 0.118256
2 2 0.025599 0.161313 0.686551 0.027743 0.098794
2 2 0.028540 0.162788 0.672022 0.035519 0.101130
2 2 0.023339 0.129196 0.725725 0.049816 0.071925
2 2 0.025373 0.142017 0.706207 0.043847 0.082555
2 2 0.033870 0.170201 0.672139 0.031465 0.092324
2 2 0.029447 0.139148 0.755103 0.023324 0.052978
2 2 0.025836 0.118538 0.805793 0.017395 0.032437
2 2 0.021170 0.092726 0.846873 0.017264 0.021967
2 2 0.016699 0.072941 0.873331 0.019630 0.017400
2 2 0.021868 0.080878 0.851253 0.024957 0.021044
2 2 0.023399 0.088542 0.825712 0.032552 0.029795
2 3 0.023266 0.092808 0.771443 0.064314 0.048169
2 2 0.024655 0.103628 0.751000 0.069349 0.051368
2 3 0.035386 0.145112 0.672183 0.064287 0.083032
2 3 0.033158 0.151724 0.657114 0.063171 0.094834
2 3 0.036846 0.171783 0.619996 0.063007 0.108368
2 3 0.033889 0.191229 0.615485 0.038921 0.120475
2 3 0.032733 0.180070 0.632035 0.044988 0.110174
2 2 0.026622 0.148288 0.687487 0.055676 0.081927
2 2 0.028755 0.169460 0.661799 0.039207 0.100778
2 2 0.027333 0.164298 0.674452 0.036290 0.097627
2 2 0.027945 0.177641 0.656662 0.028443 0.109309
2 2 0.023322 0.153932 0.703984 0.031716 0.087046
2 2 0.020107 0.133695 0.739498 0.035855 0.070845
2 2 0.019645 0.131209 0.744256 0.035854 0.069035
2 2 0.022401 0.155860 0.706329 0.026705 0.088705
2 2 0.018776 0.141024 0.739637 0.025367 0.075197
2 2 0.013703 0.107589 0.798577 0.029707 0.050424
2 2 0.011240 0.093171 0.827416 0.026094 0.042079
2 2 0.014023 0.114951 0.792198 0.021081 0.057746
2 2 0.014615 0.123594 0.779520 0.019701 0.062570
2 2 0.014641 0.112118 0.792288 0.023541 0.057413
2 1 0.022510 0.111877 0.807155 0.021298 0.037160
2 2 0.036182 0.115383 0.797631 0.022381 0.028423
2 2 0.036909 0.123710 0.791558 0.018987 0.028836
2 2 0.040636 0.143115 0.762400 0.018042 0.035806
2 2 0.038611 0.126269 0.778465 0.022937 0.033718
2 2 0.039834 0.131949 0.749871 0.031561 0.046786
2 2 0.031409 0.131728 0.753717 0.029607 0.053539
2 2 0.014236 0.098453 0.804449 0.034881 0.047981
2 2 0.015495 0.120156 0.778222 0.025845 0.060281
2 2 0.017039 0.143643 0.744482 0.021081 0.073755
2 2 0.021045 0.173224 0.684668 0.017127 0.103936
2 2 0.017564 0.149617 0.734905 0.019046 0.078867
2 2 0.016628 0.139703 0.751169 0.019142 0.073358
2 2 0.004920 0.028589 0.873533 0.083108 0.009851
2 2 0.005137 0.029911 0.878603 0.075701 0.010648
2 2 0.004810 0.027207 0.867920 0.090808 0.009255
2 2 0.003125 0.017149 0.837466 0.137404 0.004856
2 2 0.002802 0.016034 0.832908 0.143977 0.004279
2 2 0.003938 0.019661 0.801134 0.169439 0.005828
2 2 0.006453 0.029601 0.787802 0.165877 0.010267
2 2 0.006927 0.031953 0.789336 0.160471 0.011313
2 2 0.007023 0.032966 0.792877 0.155445 0.011688
2 2 0.008731 0.040067 0.780180 0.155984 0.015039
2 2 0.012985 0.068466 0.797994 0.090800 0.029756
2 2 0.013280 0.072041 0.804877 0.077535 0.032268
2 2 0.010101 0.051030 0.809170 0.109139 0.020560
2 2 0.010310 0.051447 0.801623 0.115996 0.020624
2 2 0.010574 0.052071 0.797371 0.118986 0.020999
2 2 0.011139 0.046972 0.729607 0.193943 0.018339
2 2 0.009251 0.031123 0.597891 0.350456 0.011279
2 2 0.006975 0.025809 0.568720 0.390401 0.008094
2 3 0.007384 0.026358 0.541075 0.416808 0.008374
3 3 0.007375 0.025131 0.461077 0.498657 0.007759
3 3 0.003854 0.016374 0.420448 0.555561 0.003762
3 3 0.003813 0.016548 0.444764 0.531072 0.003802
2 3 0.003979 0.017919 0.532076 0.441719 0.004307
2 3 0.003640 0.017525 0.597610 0.377054 0.004171
2 2 0.005718 0.023090 0.592071 0.372421 0.006701
2 2 0.012186 0.044554 0.637495 0.288543 0.017221
2 2 0.018997 0.095703 0.734919 0.106163 0.044219
2 2 0.019621 0.115309 0.747332 0.060902 0.056837
2 2 0.019062 0.120312 0.754411 0.044918 0.061298
2 2 0.014959 0.091586 0.794551 0.056247 0.042657
2 2 0.013530 0.084048 0.810015 0.053943 0.038464
2 2 0.010177 0.056734 0.825694 0.084213 0.023182
2 2 0.009518 0.048091 0.822540 0.100274 0.019578
2 2 0.007429 0.029002 0.743001 0.209913 0.010654
2 2 0.007078 0.027404 0.693510 0.262598 0.009411
2 2 0.004805 0.021585 0.691101 0.276318 0.006192
2 2 0.004690 0.021155 0.676215 0.292010 0.005930
2 2 0.004034 0.019374 0.689927 0.281534 0.005130
2 2 0.004245 0.019780 0.660262 0.310473 0.005239
2 2 0.003987 0.019159 0.678504 0.293349 0.005001
2 2 0.004069 0.019455 0.686603 0.284716 0.005158
2 2 0.004400 0.020472 0.694921 0.274547 0.005661
2 2 0.003991 0.019276 0.694269 0.277366 0.005098
2 2 0.005617 0.023874 0.706029 0.257029 0.007451
2 2 0.006434 0.026146 0.731478 0.227026 0.008915
2 2 0.008021 0.029809 0.717698 0.233357 0.011115
2 2 0.010845 0.040790 0.740018 0.191371 0.016977
2 2 0.011676 0.048910 0.764569 0.154244 0.020601
2 2 0.012012 0.058267 0.795330 0.109515 0.024877
2 2 0.009899 0.048427 0.790870 0.131996 0.018809
2 2 0.008622 0.041357 0.788000 0.146671 0.015349
2 2 0.007292 0.031455 0.749534 0.200715 0.011004
2 3 0.007324 0.027996 0.694890 0.260009 0.009781
2 2 0.004096 0.019595 0.695744 0.275316 0.005249
2 2 0.003707 0.018323 0.679361 0.293977 0.004632
2 3 0.002513 0.014341 0.664445 0.315684 0.003017
2 3 0.002272 0.013415 0.652513 0.329122 0.002678
2 2 0.002975 0.015849 0.654151 0.323458 0.003567
2 2 0.003330 0.017220 0.690681 0.284584 0.004186
2 2 0.003229 0.017170 0.741892 0.233394 0.004315
2 3 0.067674 0.092503 0.766065 0.054997 0.018761
2 2 0.107279 0.131279 0.657449 0.066610 0.037382
2 2 0.067406 0.171541 0.647496 0.041054 0.072503
2 2 0.053588 0.189056 0.595321 0.050861 0.111173
2 2 0.022373 0.126709 0.731837 0.050173 0.068908
2 2 0.021789 0.123801 0.738113 0.049037 0.067260
2 2 0.021078 0.122828 0.745878 0.042292 0.067924
2 2 0.017266 0.103479 0.777768 0.049574 0.051914
2 2 0.015714 0.101532 0.789150 0.044311 0.049294
2 2 0.013598 0.093970 0.805695 0.044036 0.042700
2 2 0.014417 0.107785 0.792415 0.035147 0.050235
2 2 0.013954 0.118090 0.787757 0.023896 0.056302
2 2 0.018379 0.151061 0.729602 0.020902 0.080057
2 2 0.016556 0.142973 0.747476 0.018241 0.074754
2 3 0.015304 0.138095 0.759020 0.017242 0.070339
2 2 0.011957 0.121066 0.795001 0.015033 0.056942
2 2 0.012994 0.125742 0.782855 0.015389 0.063020
2 2 0.013626 0.125079 0.781814 0.017104 0.062377
2 2 0.016607 0.146213 0.738572 0.016275 0.082333
2 2 0.023037 0.164267 0.680017 0.019412 0.113267
2 4 0.026933 0.180536 0.636781 0.019512 0.136238
2 4 0.037140 0.220704 0.522672 0.019937 0.199546
2 4 0.046828 0.246107 0.408327 0.016183 0.282554
2 4 0.051051 0.251734 0.358580 0.014278 0.324357
2 4 0.051153 0.251575 0.348679 0.013601 0.334992
4 4 0.059732 0.241614 0.260878 0.012006 0.425771
4 1 0.058648 0.247815 0.273903 0.012303 0.407332
4 4 0.058219 0.247476 0.272400 0.012016 0.409889
4 4 0.056456 0.251190 0.287099 0.012132 0.393122
4 4 0.056898 0.245397 0.272375 0.011465 0.413865
4 4 0.053781 0.252149 0.337209 0.014265 0.342596
4 4 0.057908 0.240028 0.304362 0.014208 0.383495
4 4 0.059442 0.227715 0.314585 0.016096 0.382163
4 4 0.068184 0.215197 0.216454 0.012953 0.487212
4 4 0.065319 0.226310 0.235049 0.012883 0.460438
4 4 0.071914 0.212763 0.215308 0.014494 0.485520
4 4 0.072556 0.221535 0.233048 0.016109 0.456752
4 4 0.067226 0.190948 0.175101 0.010336 0.556389
4 4 0.061920 0.162777 0.133270 0.007108 0.634924
4 4 0.069135 0.145110 0.115468 0.008630 0.661657
4 4 0.070992 0.188098 0.179583 0.014906 0.546422
4 4 0.067559 0.178339 0.160958 0.011567 0.581577
4 4 0.068075 0.176783 0.156891 0.010586 0.587664
4 4 0.063648 0.181386 0.158894 0.008509 0.587563
4 4 0.063664 0.181056 0.158440 0.008496 0.588345
4 4 0.063578 0.147537 0.115658 0.006964 0.666264
4 4 0.064339 0.143271 0.111136 0.007045 0.674209
4 4 0.065506 0.144179 0.112357 0.007252 0.670706
4 4 0.073372 0.158948 0.133505 0.010280 0.623895
4 4 0.084865 0.138539 0.112249 0.012760 0.651586
4 4 0.081037 0.143562 0.117093 0.011804 0.646503
4 4 0.084158 0.143993 0.118688 0.012935 0.640225
4 4 0.089401 0.174634 0.163034 0.018380 0.554551
4 4 0.110654 0.181031 0.185946 0.033924 0.488444
4 4 0.107107 0.179641 0.182954 0.032557 0.497740
4 4 0.087630 0.141065 0.116220 0.013978 0.641106
4 4 0.086099 0.150439 0.127548 0.014215 0.621699
4 4 0.085286 0.144128 0.119240 0.013359 0.637987
4 4 0.072398 0.192676 0.181189 0.012511 0.541226
4 4 0.058964 0.228826 0.233030 0.010202 0.468977
4 4 0.073033 0.063257 0.036423 0.005866 0.821421
4 4 0.080814 0.066400 0.039663 0.007495 0.805627
4 4 0.079535 0.059518 0.034137 0.006925 0.819884
4 4 0.075104 0.058259 0.032803 0.006046 0.827788
4 4 0.063234 0.055462 0.029734 0.004064 0.847505
4 4 0.057759 0.074423 0.043364 0.003740 0.820715
4 4 0.055940 0.121003 0.084388 0.004483 0.734187
4 4 0.052920 0.152569 0.116937 0.004698 0.672876
4 4 0.056125 0.155031 0.121216 0.005436 0.662192
4 4 0.060997 0.151713 0.119401 0.006439 0.661449
4 4 0.067467 0.173988 0.150730 0.009292 0.598523
4 4 0.066716 0.201346 0.191160 0.010959 0.529820
4 1 0.073776 0.227900 0.233447 0.014312 0.450564
4 1 0.092714 0.294317 0.296711 0.012227 0.304031
2 1 0.101016 0.319094 0.329148 0.012580 0.238162
2 1 0.081990 0.312164 0.344751 0.012767 0.248328
2 1 0.069465 0.291762 0.346909 0.015211 0.276653
2 1 0.067722 0.294781 0.357841 0.015463 0.264191
2 1 0.061703 0.289429 0.363655 0.015954 0.269260
2 1 0.054911 0.275045 0.352878 0.016201 0.300965
4 1 0.055659 0.266786 0.322275 0.014086 0.341193
4 1 0.065012 0.259453 0.312741 0.018099 0.344695
2 1 0.085259 0.277205 0.365934 0.019571 0.252031
2 1 0.067662 0.254071 0.518197 0.023006 0.137063
2 1 0.063117 0.262839 0.507630 0.019974 0.146440
2 1 0.086870 0.301984 0.412600 0.017489 0.181056
2 1 0.081332 0.295514 0.383660 0.018901 0.220593
2 1 0.094132 0.302783 0.355939 0.019960 0.227186
2 2 0.054994 0.262754 0.387570 0.019985 0.274698
2 1 0.049299 0.255196 0.437648 0.021499 0.236359
2 2 0.044329 0.251509 0.466391 0.019778 0.217993
2 2 0.033749 0.222362 0.563325 0.019780 0.160784
2 2 0.029079 0.201813 0.613982 0.020140 0.134986
2 2 0.033399 0.215984 0.570908 0.020099 0.159609
2 2 0.029581 0.197002 0.622862 0.022794 0.127760
2 2 0.030219 0.191804 0.629592 0.027538 0.120847
2 2 0.031784 0.187044 0.629569 0.032464 0.119139
2 2 0.046626 0.232924 0.567802 0.022865 0.129783
2 2 0.057980 0.256473 0.544861 0.018755 0.121931
2 2 0.067306 0.270932 0.522645 0.017992 0.121124
2 2 0.054112 0.234116 0.582639 0.023538 0.105595
2 2 0.068212 0.278957 0.510439 0.016661 0.125731
2 2 0.073825 0.285777 0.501272 0.016322 0.122804
2 2 0.086216 0.302160 0.474417 0.015048 0.122159
2 1 0.101027 0.308481 0.455930 0.015498 0.119064
2 1 0.101104 0.293373 0.484851 0.016151 0.104522
2 2 0.100543 0.280095 0.503233 0.017670 0.098459
2 2 0.089121 0.253726 0.551521 0.019205 0.086427
2 1 0.073144 0.208355 0.624269 0.023780 0.070452
2 2 0.065627 0.184465 0.658647 0.027652 0.063608
2 1 0.047353 0.147202 0.715694 0.034682 0.055068
2 0 0.088779 0.178873 0.634138 0.037553 0.060657
2 1 0.123534 0.201829 0.583731 0.032663 0.058244
2 1 0.141358 0.226476 0.520759 0.034678 0.076729
2 1 0.090348 0.230045 0.567531 0.026378 0.085697
2 2 0.090312 0.270082 0.495651 0.019550 0.124405
2 2 0.046833 0.225260 0.601574 0.019550 0.106783
2 2 0.051314 0.255872 0.522653 0.015396 0.154766
2 2 0.043885 0.257667 0.424931 0.013812 0.259705
2 2 0.034813 0.243667 0.471979 0.011616 0.237925
2 2 0.010650 0.122341 0.798415 0.011998 0.056596
2 2 0.010034 0.108020 0.819701 0.014067 0.048178
2 2 0.009916 0.093726 0.836290 0.017750 0.042318
2 2 0.010797 0.088712 0.835260 0.024712 0.040518
2 2 0.010319 0.079953 0.844007 0.030205 0.035515
2 2 0.012325 0.099182 0.816365 0.025364 0.046764
2 2 0.016826 0.142761 0.746107 0.018574 0.075732
2 2 0.016554 0.136638 0.755213 0.019811 0.071784
2 2 0.017297 0.140986 0.746650 0.019977 0.075090
2 2 0.019537 0.161464 0.707327 0.017531 0.094141
2 2 0.017642 0.153858 0.726961 0.016888 0.084652
2 2 0.021874 0.182622 0.661622 0.015023 0.118859
2 2 0.018717 0.164010 0.705019 0.015466 0.096787
2 2 0.019185 0.163703 0.704466 0.016316 0.096329
2 2 0.017008 0.139937 0.749202 0.019747 0.074106
2 2 0.017030 0.131397 0.759069 0.023328 0.069177
2 2 0.018523 0.138444 0.744193 0.023564 0.075277
2 2 0.021819 0.162223 0.696185 0.020315 0.099458
2 2 0.023030 0.169185 0.679263 0.019627 0.108896
2 2 0.024172 0.178383 0.659853 0.018550 0.119042
2 2 0.020393 0.158941 0.707648 0.019426 0.093592
2 2 0.018867 0.156747 0.717165 0.017814 0.089408
2 2 0.019023 0.165237 0.703718 0.015951 0.096072
2 2 0.015737 0.139974 0.754786 0.017544 0.071960
2 2 0.011863 0.100585 0.816795 0.024850 0.045908
2 2 0.010818 0.082712 0.833972 0.037078 0.035420
2 2 0.011416 0.079615 0.828146 0.046595 0.034228
2 2 0.012835 0.090517 0.814253 0.041611 0.040784
2 2 0.009622 0.063911 0.839397 0.061731 0.025340
2 2 0.006424 0.039227 0.851864 0.088847 0.013639
2 2 0.005504 0.030038 0.836345 0.118114 0.009999
2 2 0.006789 0.037333 0.845631 0.096611 0.013636
2 2 0.006683 0.029862 0.773597 0.179490 0.010367
2 2 0.003337 0.017600 0.759463 0.215025 0.004575
2 2 0.001609 0.011117 0.723749 0.261511 0.002014
2 2 0.001621 0.011096 0.703929 0.281373 0.001982
