0 0 0.834540 0.114607 0.036556 0.000117 0.014181
4 1 0.070928 0.115013 0.142370 0.004195 0.667494
4 1 0.070653 0.122384 0.156122 0.005446 0.645395
4 4 0.066927 0.124022 0.168832 0.005977 0.634242
4 4 0.053421 0.125843 0.219076 0.007636 0.594024
4 4 0.036472 0.114078 0.283877 0.007145 0.558428
4 4 0.034468 0.108540 0.281955 0.006009 0.569029
4 4 0.035444 0.100634 0.248913 0.004106 0.610902
4 4 0.035545 0.097148 0.236858 0.003496 0.626953
4 4 0.035840 0.096143 0.231608 0.003313 0.633096
4 4 0.035679 0.097736 0.237856 0.003578 0.625151
4 4 0.042420 0.100483 0.206311 0.003452 0.647335
4 4 0.044411 0.101332 0.198819 0.003444 0.651993
4 4 0.047334 0.104355 0.193471 0.003708 0.651133
4 4 0.051187 0.100124 0.167746 0.002937 0.678006
4 4 0.054745 0.093313 0.140653 0.002111 0.709178
4 4 0.055323 0.084091 0.119113 0.001397 0.740076
4 4 0.054451 0.078861 0.110091 0.001102 0.755495
4 4 0.053231 0.081946 0.119719 0.001292 0.743813
4 4 0.049331 0.080895 0.128000 0.001284 0.740491
4 4 0.047255 0.079753 0.131532 0.001246 0.740213
4 4 0.046900 0.085259 0.146426 0.001626 0.719789
4 4 0.039960 0.096133 0.206746 0.003003 0.654157
4 4 0.035675 0.096414 0.233592 0.003369 0.630950
4 4 0.031568 0.093416 0.253646 0.003302 0.618068
4 1 0.035611 0.093240 0.223665 0.002914 0.644570
4 1 0.034520 0.105304 0.271005 0.005201 0.583970
4 1 0.036679 0.113077 0.279261 0.006805 0.564178
4 1 0.038823 0.117122 0.275952 0.007551 0.560553
4 1 0.046872 0.115272 0.223635 0.005784 0.608438
4 1 0.048868 0.103994 0.186072 0.003563 0.657503
4 1 0.051585 0.089826 0.142166 0.001883 0.714540
4 4 0.048024 0.081128 0.132498 0.001319 0.737031
4 4 0.048595 0.076759 0.120330 0.001058 0.753258
4 4 0.047093 0.081546 0.136481 0.001362 0.733518
4 4 0.053548 0.093292 0.144128 0.002139 0.706894
4 4 0.055160 0.102305 0.159345 0.003047 0.680143
4 1 0.065670 0.114853 0.154865 0.004377 0.660235
4 1 0.054518 0.125928 0.214675 0.007521 0.597358
4 1 0.054999 0.130451 0.222691 0.008770 0.583089
4 1 0.049977 0.127325 0.238183 0.008586 0.575930
4 1 0.054290 0.124190 0.211714 0.007089 0.602717
4 1 0.051133 0.123659 0.224083 0.007338 0.593787
4 2 0.056128 0.121486 0.198505 0.006246 0.617634
4 2 0.058228 0.116099 0.179400 0.004982 0.641291
4 0 0.067541 0.104930 0.131784 0.002976 0.692768
4 0 0.070032 0.096910 0.112443 0.002134 0.718482
4 1 0.068738 0.089980 0.102775 0.001619 0.736888
4 1 0.079885 0.081314 0.087406 0.001452 0.749943
4 2 0.082119 0.076863 0.080024 0.001240 0.759756
4 2 0.080080 0.079064 0.080117 0.001206 0.759532
4 2 0.068245 0.074848 0.078134 0.000818 0.777956
4 2 0.061023 0.071025 0.082134 0.000708 0.785110
4 2 0.063375 0.078244 0.091273 0.000994 0.766114
4 2 0.073807 0.087200 0.094582 0.001532 0.742878
4 2 0.071344 0.098837 0.113341 0.002283 0.714195
4 2 0.063317 0.102758 0.137507 0.002842 0.693577
4 2 0.068888 0.112368 0.142301 0.003881 0.672562
4 2 0.086552 0.126770 0.130519 0.005594 0.650564
4 2 0.112678 0.137456 0.124161 0.007769 0.617935
2 2 0.017858 0.094195 0.742560 0.037911 0.107477
2 2 0.008156 0.058303 0.834371 0.049353 0.049817
2 2 0.008145 0.058670 0.824404 0.051728 0.057054
2 2 0.015547 0.085763 0.728555 0.046482 0.123653
2 2 0.034189 0.125263 0.508886 0.037052 0.294610
4 2 0.046841 0.138068 0.388093 0.028628 0.398370
4 2 0.060023 0.141983 0.269865 0.017780 0.510348
4 2 0.070271 0.141628 0.199409 0.011184 0.577507
4 2 0.076764 0.143629 0.178040 0.010402 0.591165
4 2 0.070604 0.145771 0.217444 0.014221 0.551960
4 2 0.077307 0.137123 0.268951 0.027274 0.489344
4 2 0.065123 0.134174 0.317605 0.026002 0.457096
4 2 0.075862 0.136345 0.366432 0.037386 0.383976
2 2 0.073115 0.142860 0.387508 0.033085 0.363433
4 2 0.072336 0.137830 0.349628 0.027605 0.412601
4 2 0.068813 0.125228 0.238246 0.014072 0.553641
4 2 0.101839 0.120944 0.162097 0.012218 0.602901
4 2 0.103278 0.122296 0.174942 0.014797 0.584687
4 2 0.080456 0.127060 0.244050 0.020617 0.527817
4 2 0.065864 0.132986 0.270837 0.019254 0.511059
4 2 0.054431 0.132739 0.291823 0.016441 0.504566
4 2 0.053225 0.129376 0.313674 0.018904 0.484822
4 2 0.045765 0.124541 0.367452 0.023351 0.438892
4 2 0.053243 0.128248 0.383957 0.030328 0.404224
2 2 0.048891 0.136704 0.458145 0.031709 0.324552
4 2 0.087450 0.156780 0.335571 0.031406 0.388793
4 2 0.097535 0.157190 0.318482 0.040314 0.386479
4 2 0.095083 0.156481 0.332902 0.050787 0.364747
4 2 0.067603 0.149551 0.332567 0.039095 0.411185
4 2 0.064729 0.144292 0.275004 0.022097 0.493878
4 2 0.042584 0.125260 0.381550 0.023710 0.426895
2 2 0.031948 0.111694 0.485010 0.034791 0.336556
2 2 0.019365 0.088877 0.618149 0.059757 0.213852
2 2 0.013839 0.074050 0.677689 0.077190 0.157232
2 2 0.013057 0.069361 0.686266 0.095999 0.135317
2 2 0.018810 0.079868 0.638191 0.084237 0.178894
2 2 0.035736 0.087076 0.543577 0.094413 0.239198
2 2 0.034040 0.086354 0.552213 0.092301 0.235092
2 2 0.025079 0.070612 0.595308 0.152762 0.156240
2 3 0.030514 0.083339 0.565089 0.124077 0.196981
2 3 0.033052 0.088709 0.549542 0.086326 0.242371
2 3 0.025439 0.076291 0.604298 0.087983 0.205989
2 3 0.011148 0.038458 0.654985 0.222808 0.072601
2 3 0.009563 0.024312 0.496247 0.432059 0.037819
3 3 0.011977 0.024386 0.434320 0.490541 0.038776
3 3 0.022970 0.027929 0.354264 0.542634 0.052203
3 3 0.023467 0.023830 0.285257 0.624581 0.042865
3 3 0.029735 0.025214 0.265225 0.631364 0.048462
3 3 0.050351 0.028293 0.212876 0.655368 0.053111
3 3 0.073602 0.029768 0.169504 0.660921 0.066205
3 3 0.047854 0.017653 0.148337 0.756275 0.029881
3 3 0.060616 0.030975 0.197188 0.664097 0.047125
3 2 0.159926 0.073104 0.259383 0.407602 0.099984
2 1 0.212441 0.139154 0.279044 0.100887 0.268475
4 1 0.227888 0.143640 0.148273 0.022986 0.457213
4 1 0.119432 0.096666 0.097793 0.004663 0.681445
4 1 0.094814 0.075535 0.069712 0.001243 0.758696
4 2 0.087334 0.067304 0.055321 0.000637 0.789404
4 2 0.112898 0.065152 0.044199 0.000688 0.777063
4 2 0.104424 0.079858 0.057229 0.001077 0.757412
2 2 0.011505 0.079747 0.759505 0.034963 0.114280
2 2 0.015699 0.091364 0.707455 0.037352 0.148130
2 2 0.013496 0.083681 0.741423 0.029739 0.131661
2 2 0.017070 0.091315 0.680092 0.026902 0.184621
2 2 0.015341 0.086705 0.727890 0.030315 0.139749
2 2 0.014944 0.084269 0.720504 0.038515 0.141768
2 2 0.007685 0.056436 0.805754 0.058209 0.071916
2 2 0.012499 0.070632 0.692273 0.090690 0.133905
2 2 0.007851 0.052418 0.759691 0.103473 0.076567
2 2 0.008105 0.053159 0.748448 0.107373 0.082915
2 2 0.007342 0.048217 0.741195 0.121876 0.081370
2 2 0.007178 0.047659 0.745529 0.118294 0.081339
2 2 0.007575 0.048148 0.735599 0.128560 0.080118
2 2 0.009910 0.058190 0.731452 0.117596 0.082852
2 2 0.010703 0.060146 0.717783 0.120929 0.090440
2 3 0.006735 0.044675 0.756464 0.141151 0.050975
2 3 0.006463 0.040647 0.710812 0.190412 0.051666
2 3 0.007033 0.040745 0.675361 0.224718 0.052143
2 2 0.006994 0.042686 0.695308 0.196225 0.058786
2 2 0.006750 0.043583 0.734628 0.158202 0.056838
2 2 0.005464 0.039102 0.788764 0.127602 0.039069
2 2 0.005654 0.040925 0.804685 0.118727 0.030009
2 2 0.008390 0.056587 0.790114 0.098390 0.046518
2 2 0.012619 0.073822 0.762214 0.085188 0.066156
2 2 0.010618 0.066518 0.785888 0.076090 0.060886
2 2 0.007424 0.054608 0.827954 0.071794 0.038220
2 2 0.006812 0.052333 0.836602 0.060861 0.043392
2 2 0.006981 0.053230 0.831617 0.060574 0.047598
2 2 0.006479 0.048245 0.817041 0.077702 0.050533
2 2 0.004396 0.033676 0.807589 0.116490 0.037850
2 2 0.004402 0.031119 0.748424 0.171636 0.044420
2 2 0.004439 0.023298 0.642978 0.299518 0.029767
3 2 0.004180 0.015151 0.475184 0.487940 0.017545
3 2 0.003949 0.008436 0.300125 0.677526 0.009964
3 3 0.006111 0.010129 0.266399 0.704440 0.012921
3 3 0.009307 0.015699 0.306667 0.651627 0.016700
3 3 0.012586 0.024198 0.390835 0.549500 0.022880
3 3 0.012945 0.028465 0.450210 0.488299 0.020081
2 3 0.014177 0.037619 0.547745 0.374880 0.025579
2 3 0.013895 0.051552 0.677485 0.216257 0.040811
2 3 0.008397 0.051012 0.762909 0.123301 0.054382
2 2 0.004705 0.037292 0.829998 0.086488 0.041517
2 2 0.004534 0.035748 0.828594 0.095992 0.035133
2 2 0.006052 0.042271 0.800595 0.110829 0.040254
2 2 0.006984 0.044213 0.784174 0.120832 0.043797
2 2 0.005484 0.035401 0.792807 0.136986 0.029321
2 2 0.005683 0.033237 0.751618 0.185435 0.024027
2 2 0.006158 0.038955 0.777007 0.151918 0.025962
2 2 0.007059 0.046017 0.782872 0.133921 0.030131
2 2 0.010099 0.066483 0.784541 0.084823 0.054053
2 2 0.023247 0.115279 0.700721 0.053290 0.107464
2 2 0.053152 0.161602 0.440160 0.024252 0.320834
4 2 0.073019 0.126468 0.198659 0.010316 0.591538
4 2 0.068405 0.108464 0.146160 0.003949 0.673023
4 2 0.060796 0.097337 0.132994 0.002345 0.706528
4 2 0.061546 0.086308 0.109644 0.001459 0.741044
4 2 0.060508 0.083602 0.106554 0.001303 0.748034
4 2 0.059588 0.092670 0.126538 0.001954 0.719249
4 2 0.052814 0.098639 0.158655 0.002703 0.687189
4 2 0.048849 0.092522 0.157680 0.002197 0.698753
2 2 0.023248 0.109829 0.609607 0.025569 0.231746
2 2 0.019585 0.101399 0.664570 0.028611 0.185834
2 2 0.011276 0.073639 0.768556 0.035401 0.111127
2 2 0.006340 0.051817 0.841618 0.043002 0.057223
2 2 0.005306 0.045014 0.851818 0.045087 0.052776
2 2 0.007309 0.056404 0.815864 0.045542 0.074880
2 2 0.008618 0.062383 0.794639 0.054499 0.079862
2 2 0.007152 0.052575 0.814281 0.071879 0.054112
2 2 0.006766 0.049646 0.814428 0.080338 0.048822
2 2 0.007210 0.051762 0.806009 0.082606 0.052412
2 2 0.006610 0.048377 0.808500 0.082953 0.053560
2 2 0.003446 0.028885 0.841071 0.100516 0.026081
2 2 0.003471 0.029297 0.846246 0.096168 0.024818
2 2 0.004338 0.035757 0.849470 0.079700 0.030735
2 2 0.007889 0.057371 0.804006 0.063362 0.067373
2 2 0.011917 0.072412 0.749813 0.049958 0.115900
2 2 0.017165 0.086917 0.658879 0.038072 0.198967
2 2 0.030788 0.107416 0.441573 0.019178 0.401046
4 2 0.043496 0.112120 0.265671 0.007171 0.571542
4 2 0.044871 0.110159 0.237799 0.005692 0.601479
4 2 0.036016 0.112046 0.349231 0.011453 0.491254
2 2 0.024955 0.110092 0.530254 0.025519 0.309179
2 2 0.014520 0.096299 0.707691 0.029639 0.151850
2 2 0.029801 0.140732 0.513284 0.024959 0.291224
2 2 0.020680 0.117327 0.647238 0.034754 0.180001
2 2 0.010520 0.076358 0.796011 0.038787 0.078324
2 2 0.008132 0.062564 0.827248 0.042988 0.059068
2 2 0.008768 0.066181 0.813596 0.041543 0.069912
2 2 0.007020 0.054722 0.831383 0.050303 0.056572
2 2 0.012980 0.074959 0.736967 0.059973 0.115122
2 2 0.016418 0.084732 0.705381 0.043294 0.150175
4 2 0.035196 0.111303 0.385891 0.014892 0.452718
4 4 0.052009 0.111212 0.199576 0.004883 0.632321
4 4 0.053871 0.111399 0.188265 0.004592 0.641873
4 4 0.070698 0.119544 0.150948 0.004933 0.653877
4 2 0.083898 0.114170 0.116309 0.003717 0.681905
4 2 0.074651 0.126847 0.154373 0.006115 0.638013
4 2 0.046589 0.124144 0.276878 0.010451 0.541937
2 2 0.034808 0.118653 0.422611 0.022861 0.401067
4 2 0.053361 0.130776 0.270174 0.012875 0.532814
4 2 0.088336 0.115176 0.123760 0.004754 0.667974
4 2 0.076512 0.109515 0.121688 0.003299 0.688986
4 2 0.064769 0.105435 0.139141 0.003109 0.687546
4 2 0.062951 0.087510 0.109085 0.001520 0.738933
4 2 0.066062 0.086980 0.102231 0.001451 0.743277
4 2 0.065347 0.083686 0.097628 0.001260 0.752079
4 2 0.063157 0.089615 0.112632 0.001663 0.732933
4 2 0.046248 0.091512 0.164825 0.002182 0.695234
4 2 0.052209 0.094735 0.151596 0.002312 0.699148
4 2 0.052907 0.091811 0.142702 0.002022 0.710559
4 2 0.055340 0.089037 0.129670 0.001743 0.724209
4 2 0.052788 0.088485 0.135504 0.001749 0.721473
4 2 0.051504 0.087370 0.136718 0.001689 0.722718
4 2 0.047682 0.088491 0.151810 0.001866 0.710151
4 2 0.042879 0.086447 0.164939 0.001827 0.703908
4 2 0.041313 0.085220 0.168275 0.001770 0.703421
4 2 0.046086 0.086811 0.153291 0.001768 0.712044
4 2 0.041530 0.094929 0.195033 0.002756 0.665751
4 2 0.048644 0.093436 0.160676 0.002293 0.694952
4 2 0.048652 0.092119 0.157388 0.002164 0.699676
4 2 0.059138 0.110814 0.165298 0.004045 0.660705
4 2 0.059070 0.108456 0.160555 0.003701 0.668218
4 2 0.055818 0.114869 0.185053 0.004915 0.639345
4 2 0.064429 0.112003 0.152646 0.003993 0.666929
4 2 0.071660 0.110586 0.133000 0.003554 0.681199
4 2 0.063735 0.103753 0.138417 0.002942 0.691152
4 2 0.056628 0.098628 0.146824 0.002581 0.695340
4 2 0.049694 0.097497 0.166828 0.002688 0.683294
4 2 0.052528 0.102988 0.169728 0.003241 0.671515
4 2 0.053236 0.110527 0.184664 0.004321 0.647252
4 2 0.053870 0.115377 0.193404 0.005152 0.632197
4 2 0.047871 0.102984 0.187670 0.003474 0.658001
4 2 0.048348 0.086366 0.144260 0.001679 0.719348
4 2 0.047785 0.078576 0.127033 0.001169 0.745438
4 2 0.050920 0.066429 0.091417 0.000601 0.790632
4 2 0.042920 0.057649 0.089373 0.000389 0.809669
4 2 0.042523 0.050676 0.073772 0.000246 0.832783
4 2 0.043063 0.047588 0.065781 0.000196 0.843372
4 2 0.043061 0.043444 0.056867 0.000142 0.856486
4 4 0.048713 0.044988 0.051977 0.000153 0.854169
4 4 0.069745 0.042601 0.030924 0.000113 0.856617
4 4 0.093357 0.042250 0.021348 0.000103 0.842942
4 0 0.115251 0.034384 0.011697 0.000050 0.838618
4 0 0.191402 0.028536 0.004478 0.000027 0.775557
4 0 0.291569 0.024494 0.002492 0.000027 0.681419
4 0 0.444375 0.024416 0.002279 0.000091 0.528838
4 0 0.296883 0.034811 0.004153 0.000079 0.664073
4 0 0.249355 0.046380 0.007787 0.000166 0.696312
4 1 0.176836 0.061693 0.017670 0.000345 0.743456
4 1 0.100620 0.058311 0.032881 0.000301 0.807886
4 4 0.094960 0.069697 0.046989 0.000568 0.787786
4 4 0.047362 0.075497 0.120829 0.001008 0.755304
4 4 0.051441 0.090036 0.143098 0.001904 0.713521
4 4 0.056467 0.101747 0.154057 0.002933 0.684795
4 4 0.053540 0.114727 0.193184 0.005051 0.633497
4 1 0.043586 0.100042 0.199262 0.003311 0.653799
4 1 0.040169 0.087590 0.180444 0.002022 0.689774
4 1 0.038174 0.077265 0.159118 0.001263 0.724180
4 1 0.038797 0.073314 0.144658 0.001016 0.742216
4 1 0.038021 0.071485 0.142484 0.000933 0.747078
4 1 0.042882 0.072421 0.126978 0.000910 0.756809
4 1 0.052264 0.079909 0.117699 0.001185 0.748943
4 1 0.049620 0.095324 0.161794 0.002453 0.690809
4 1 0.045971 0.099282 0.186253 0.003072 0.665423
4 2 0.047057 0.099270 0.181595 0.003015 0.669063
4 2 0.049794 0.101615 0.176521 0.003186 0.668884
4 2 0.049104 0.096198 0.165815 0.002565 0.686317
4 2 0.045179 0.088823 0.161986 0.001965 0.702047
4 2 0.044671 0.085696 0.155704 0.001714 0.712215
4 2 0.050039 0.092065 0.152444 0.002119 0.703333
4 2 0.060865 0.098825 0.135807 0.002489 0.702014
4 2 0.063132 0.104519 0.141405 0.003048 0.687896
4 2 0.066197 0.107102 0.138884 0.003270 0.684546
4 2 0.053178 0.107619 0.178156 0.003862 0.657185
4 2 0.051728 0.096709 0.157788 0.002529 0.691246
4 2 0.048348 0.085851 0.142999 0.001640 0.721162
4 2 0.049960 0.070651 0.102764 0.000762 0.775863
4 2 0.051575 0.064675 0.086402 0.000542 0.796806
4 2 0.046665 0.063750 0.094878 0.000539 0.794169
4 2 0.046447 0.070324 0.110925 0.000778 0.771525
4 2 0.047247 0.111995 0.213434 0.005049 0.622274
4 2 0.047178 0.107101 0.201211 0.004158 0.640352
4 2 0.055520 0.103982 0.161919 0.003244 0.675336
4 2 0.058754 0.109260 0.163203 0.003831 0.664953
4 2 0.059325 0.121348 0.186800 0.005946 0.626581
4 2 0.042148 0.126481 0.279798 0.009983 0.541589
4 2 0.044864 0.136932 0.289363 0.013793 0.515048
4 2 0.039252 0.137489 0.328887 0.016814 0.477558
4 2 0.041204 0.141852 0.328582 0.017620 0.470742
2 2 0.038720 0.148448 0.404310 0.017461 0.391061
2 2 0.032978 0.145266 0.552734 0.020229 0.248793
2 2 0.027036 0.138694 0.652444 0.021669 0.160156
2 2 0.021912 0.121421 0.689289 0.026818 0.140559
2 2 0.013028 0.087302 0.765257 0.044473 0.089940
2 2 0.011144 0.073976 0.767479 0.062288 0.085114
2 2 0.010213 0.066342 0.757404 0.081626 0.084415
2 2 0.009162 0.060123 0.759572 0.091303 0.079839
2 2 0.004727 0.036285 0.810171 0.101550 0.047267
2 2 0.004479 0.034703 0.811209 0.103963 0.045646
2 2 0.004066 0.033428 0.839288 0.086478 0.036741
2 2 0.004665 0.039503 0.860345 0.059243 0.036244
2 2 0.006041 0.047305 0.839857 0.064993 0.041805
2 2 0.008552 0.059454 0.799110 0.077517 0.055366
2 2 0.010206 0.066787 0.773209 0.082828 0.066968
2 2 0.017448 0.091228 0.692426 0.070185 0.128714
2 2 0.023506 0.104919 0.620066 0.061803 0.189706
2 2 0.027501 0.114367 0.566329 0.041385 0.250418
2 2 0.027415 0.116117 0.529475 0.037833 0.289160
2 2 0.018734 0.100678 0.657445 0.040538 0.182604
2 2 0.016122 0.093526 0.694517 0.039058 0.156776
2 2 0.015924 0.089269 0.662516 0.036519 0.195772
2 2 0.015511 0.084145 0.629689 0.038151 0.232504
2 2 0.007849 0.055757 0.775903 0.059206 0.101286
2 2 0.004859 0.039378 0.837501 0.070582 0.047680
2 2 0.004146 0.034650 0.846765 0.075683 0.038756
2 2 0.003539 0.030439 0.852232 0.081158 0.032631
2 2 0.002222 0.020613 0.856530 0.103305 0.017330
2 2 0.001536 0.014860 0.839404 0.134910 0.009290
2 2 0.001665 0.015661 0.830757 0.140721 0.011197
2 2 0.002211 0.019030 0.805854 0.155011 0.017894
2 2 0.002597 0.021727 0.805284 0.143633 0.026759
2 2 0.002950 0.023695 0.792165 0.150508 0.030683
2 2 0.003960 0.030107 0.786532 0.134969 0.044432
2 2 0.004424 0.032645 0.779924 0.137638 0.045369
2 2 0.005839 0.040004 0.759421 0.140947 0.053788
2 2 0.005751 0.038461 0.749761 0.171689 0.034337
2 2 0.006924 0.032843 0.621815 0.310244 0.028174
2 2 0.007722 0.030163 0.530859 0.405251 0.026005
2 2 0.009098 0.035743 0.531568 0.392172 0.031419
2 2 0.009555 0.044121 0.628618 0.276395 0.041312
2 2 0.009874 0.049380 0.670462 0.209054 0.061229
2 2 0.007786 0.048105 0.712586 0.158557 0.072966
2 2 0.007812 0.050532 0.735341 0.120431 0.085884
2 2 0.009960 0.063761 0.718772 0.077881 0.129627
2 2 0.021997 0.100573 0.553580 0.035545 0.288305
4 0 0.037460 0.121884 0.388877 0.020281 0.431498
4 1 0.068573 0.147515 0.227144 0.008382 0.548386
4 1 0.076685 0.140152 0.185739 0.006012 0.591412
4 2 0.068687 0.133265 0.192675 0.005679 0.599693
4 2 0.075297 0.150720 0.213462 0.007399 0.553122
2 2 0.010586 0.071256 0.757004 0.049845 0.111308
2 2 0.014933 0.089247 0.756780 0.038993 0.100048
2 2 0.016497 0.100275 0.782639 0.041242 0.059347
2 2 0.018798 0.110033 0.767161 0.056066 0.047943
2 2 0.027310 0.142894 0.723177 0.064780 0.041840
2 2 0.032654 0.141562 0.667745 0.130303 0.027736
2 2 0.029546 0.103318 0.675291 0.172946 0.018898
2 2 0.012642 0.033054 0.550880 0.390012 0.013411
2 2 0.005584 0.019738 0.528920 0.435109 0.010649
3 2 0.009035 0.016304 0.364662 0.597057 0.012942
3 3 0.012760 0.018338 0.341022 0.613427 0.014453
3 3 0.014599 0.019316 0.336723 0.614535 0.014826
3 3 0.020431 0.026241 0.367720 0.568606 0.017002
3 3 0.038624 0.031336 0.306457 0.602400 0.021184
3 3 0.051819 0.020559 0.187369 0.721263 0.018990
3 3 0.058659 0.018781 0.170976 0.734576 0.017008
3 3 0.093824 0.019092 0.139549 0.728151 0.019384
3 3 0.158487 0.032889 0.168034 0.611487 0.029103
3 3 0.133302 0.021969 0.135685 0.687223 0.021820
3 3 0.118516 0.021771 0.139505 0.698296 0.021911
3 3 0.104571 0.015395 0.117482 0.746618 0.015935
3 3 0.185792 0.027951 0.142755 0.617842 0.025661
3 3 0.201532 0.029549 0.149243 0.594895 0.024780
3 3 0.154311 0.024531 0.143170 0.656525 0.021462
3 3 0.110914 0.026608 0.182595 0.661164 0.018719
3 3 0.140169 0.022405 0.135392 0.681459 0.020574
3 3 0.122631 0.014965 0.097701 0.746169 0.018535
3 3 0.047096 0.003356 0.040015 0.902381 0.007151
3 3 0.027871 0.001907 0.030762 0.934201 0.005260
3 3 0.025923 0.001404 0.023875 0.944352 0.004446
3 3 0.037577 0.002690 0.036101 0.917180 0.006453
3 3 0.056283 0.004880 0.052103 0.878085 0.008650
3 3 0.098785 0.008770 0.066444 0.814204 0.011797
3 3 0.168619 0.016335 0.089894 0.707557 0.017594
3 3 0.222617 0.023886 0.107322 0.623365 0.022810
3 3 0.246369 0.025931 0.111087 0.592929 0.023684
3 3 0.271984 0.029984 0.119021 0.553438 0.025572
3 3 0.327171 0.030109 0.105849 0.511458 0.025413
3 3 0.407652 0.030075 0.083694 0.448910 0.029670
0 3 0.447109 0.025605 0.063914 0.432792 0.030580
0 3 0.447772 0.022539 0.055494 0.443948 0.030247
3 3 0.392464 0.016470 0.049021 0.519011 0.023034
3 3 0.304584 0.010452 0.041725 0.627495 0.015744
3 3 0.210605 0.005708 0.032556 0.741689 0.009442
3 3 0.104143 0.003689 0.031987 0.853715 0.006466
3 3 0.060231 0.002899 0.032850 0.898059 0.005961
3 3 0.038122 0.002449 0.033329 0.920109 0.005992
3 3 0.035462 0.002474 0.034491 0.921439 0.006135
3 3 0.052708 0.002604 0.031335 0.907588 0.005765
3 3 0.074485 0.003339 0.033602 0.881927 0.006647
3 3 0.087563 0.004409 0.039864 0.860515 0.007649
3 3 0.097057 0.004453 0.037560 0.852871 0.008059
3 3 0.163576 0.007192 0.041540 0.774208 0.013485
3 3 0.222673 0.009611 0.043921 0.705059 0.018736
3 3 0.282918 0.011552 0.044881 0.639221 0.021429
3 3 0.269941 0.011616 0.049160 0.650436 0.018847
3 3 0.303969 0.012848 0.053529 0.612499 0.017154
3 3 0.279914 0.014891 0.069554 0.620757 0.014884
3 3 0.291572 0.014714 0.069621 0.610345 0.013748
3 3 0.205720 0.010679 0.065642 0.707743 0.010216
3 3 0.420864 0.033493 0.084575 0.426222 0.034845
0 3 0.456840 0.026237 0.065623 0.420537 0.030763
0 3 0.509863 0.016509 0.043703 0.408260 0.021665
0 3 0.520489 0.014426 0.041159 0.404663 0.019263
3 3 0.273488 0.005956 0.031302 0.678257 0.010997
3 3 0.076807 0.002850 0.030969 0.884081 0.005292
3 3 0.147944 0.008948 0.060997 0.771187 0.010924
3 3 0.243324 0.023326 0.100778 0.610882 0.021690
3 3 0.353442 0.044214 0.122268 0.440781 0.039296
3 3 0.315699 0.065563 0.155712 0.397840 0.065186
0 3 0.364557 0.103463 0.130966 0.226895 0.174120
4 1 0.203988 0.125240 0.121513 0.036725 0.512534
4 1 0.071537 0.136065 0.178065 0.008533 0.605799
4 1 0.043640 0.127695 0.296765 0.012193 0.519707
4 1 0.038008 0.124693 0.365815 0.017752 0.453732
2 1 0.023797 0.101210 0.550556 0.039104 0.285333
2 2 0.019320 0.089106 0.611944 0.050291 0.229339
2 2 0.010325 0.060946 0.712958 0.102737 0.113034
2 2 0.007225 0.047831 0.744395 0.119129 0.081421
2 2 0.006336 0.043576 0.758565 0.117259 0.074265
2 2 0.006831 0.047990 0.764499 0.089218 0.091462
2 2 0.004694 0.036837 0.810904 0.085885 0.061680
2 2 0.003129 0.027378 0.845582 0.084447 0.039463
2 2 0.001896 0.017871 0.846049 0.113651 0.020532
2 2 0.002122 0.018937 0.823664 0.131960 0.023317
2 2 0.003024 0.024852 0.810177 0.128527 0.033420
2 2 0.005142 0.038240 0.793260 0.104751 0.058607
2 2 0.004195 0.033433 0.823219 0.097998 0.041155
2 2 0.005213 0.039842 0.815081 0.090649 0.049215
2 2 0.006214 0.046332 0.808811 0.079404 0.059239
2 2 0.009131 0.064020 0.777589 0.059048 0.090213
2 2 0.007751 0.058351 0.813246 0.051820 0.068832
2 2 0.004583 0.038441 0.857264 0.064966 0.034747
2 2 0.003004 0.028004 0.884085 0.065928 0.018980
2 2 0.002540 0.024113 0.882137 0.076167 0.015043
2 2 0.002463 0.023533 0.884067 0.077685 0.012252
2 2 0.002429 0.023089 0.881887 0.083200 0.009396
2 2 0.002533 0.023764 0.879365 0.085311 0.009027
2 2 0.002618 0.024839 0.886989 0.075726 0.009827
2 2 0.002424 0.023339 0.887611 0.077160 0.009466
2 2 0.001818 0.018914 0.899268 0.072255 0.007745
2 2 0.002770 0.026652 0.893626 0.061939 0.015013
2 2 0.002760 0.026796 0.893834 0.057366 0.019244
2 2 0.002960 0.027507 0.874098 0.065326 0.030108
2 2 0.002193 0.021228 0.876118 0.080849 0.019612
2 2 0.002872 0.025192 0.850654 0.100582 0.020700
2 2 0.003671 0.030313 0.842339 0.103403 0.020274
2 2 0.005533 0.040008 0.804877 0.125633 0.023948
2 2 0.005453 0.039944 0.812795 0.120601 0.021207
2 2 0.007729 0.037659 0.695438 0.239632 0.019543
2 2 0.007590 0.034366 0.663065 0.274212 0.020767
2 2 0.005534 0.018165 0.499758 0.464092 0.012451
2 2 0.002678 0.014090 0.612784 0.361886 0.008562
2 3 0.002025 0.011926 0.608954 0.369959 0.007136
2 3 0.001460 0.012370 0.715778 0.263990 0.006401
2 3 0.001538 0.012955 0.721477 0.255375 0.008654
2 3 0.001744 0.014378 0.726890 0.247139 0.009849
2 2 0.003531 0.025403 0.734436 0.211861 0.024769
2 2 0.005946 0.036852 0.687960 0.224989 0.044253
2 2 0.009703 0.053725 0.658876 0.204069 0.073628
2 2 0.008411 0.052129 0.740906 0.156353 0.042201
2 2 0.007346 0.048326 0.764278 0.135004 0.045046
2 2 0.007840 0.054270 0.788538 0.088579 0.060773
2 2 0.006154 0.046254 0.823799 0.081358 0.042436
2 2 0.005584 0.044682 0.837298 0.061611 0.050826
2 2 0.007235 0.055718 0.825219 0.051206 0.060623
2 2 0.007461 0.058114 0.828451 0.045207 0.060767
2 2 0.008580 0.064372 0.820381 0.046457 0.060211
2 2 0.007490 0.059204 0.841057 0.042372 0.049877
2 2 0.004876 0.043292 0.877198 0.040808 0.033827
2 2 0.003697 0.034899 0.895517 0.043852 0.022036
2 2 0.003524 0.033818 0.901637 0.043175 0.017847
2 2 0.004193 0.038756 0.893881 0.041676 0.021495
2 2 0.004606 0.040818 0.883875 0.047354 0.023347
2 2 0.003218 0.029331 0.879280 0.068639 0.019531
2 2 0.002864 0.026139 0.873921 0.081966 0.015109
2 2 0.004194 0.036582 0.870580 0.058870 0.029774
2 2 0.004316 0.037662 0.869998 0.055674 0.032350
2 2 0.004705 0.038882 0.850632 0.067855 0.037926
2 2 0.005984 0.046213 0.836341 0.072712 0.038751
2 2 0.006442 0.049728 0.837207 0.064541 0.042082
2 2 0.005585 0.045708 0.852973 0.055390 0.040342
2 2 0.005528 0.046201 0.849235 0.046860 0.052176
2 2 0.004483 0.038532 0.858292 0.055574 0.043119
2 2 0.004041 0.035248 0.860116 0.059470 0.041125
2 2 0.002586 0.024853 0.881222 0.065089 0.026251
2 2 0.001902 0.019985 0.899728 0.059328 0.019058
2 2 0.002168 0.023035 0.908387 0.044894 0.021515
2 2 0.002008 0.021764 0.913439 0.044871 0.017918
2 2 0.002223 0.023115 0.905681 0.050683 0.018298
2 2 0.001866 0.019248 0.895484 0.071134 0.012268
2 2 0.002138 0.020680 0.876865 0.087004 0.013314
2 2 0.002069 0.019131 0.847628 0.116966 0.014205
2 2 0.003000 0.025250 0.830127 0.118993 0.022629
2 2 0.002380 0.021248 0.841341 0.116935 0.018096
2 2 0.002056 0.019692 0.867730 0.096590 0.013932
2 2 0.001653 0.016809 0.877864 0.091686 0.011988
2 2 0.002442 0.023736 0.886097 0.067754 0.019970
2 2 0.003140 0.029239 0.878896 0.059305 0.029420
2 2 0.003166 0.028440 0.866063 0.073836 0.028495
2 2 0.002602 0.023198 0.847556 0.102620 0.024024
2 2 0.004549 0.035809 0.821685 0.093202 0.044755
2 2 0.006256 0.048775 0.825484 0.059260 0.060225
2 2 0.006680 0.051038 0.818541 0.060418 0.063323
2 2 0.004607 0.038786 0.856129 0.062150 0.038328
2 2 0.004488 0.038425 0.861023 0.058041 0.038023
2 2 0.005032 0.043490 0.861405 0.044448 0.045625
2 2 0.006128 0.048104 0.821586 0.057166 0.067016
2 2 0.005048 0.041138 0.838341 0.063457 0.052016
2 2 0.005201 0.042213 0.839601 0.062696 0.050289
2 2 0.005171 0.043990 0.853643 0.046414 0.050782
2 2 0.004237 0.038020 0.863765 0.044549 0.049429
2 2 0.003579 0.033467 0.876326 0.045159 0.041470
2 2 0.004053 0.036444 0.859563 0.046316 0.053625
2 2 0.004351 0.037317 0.838083 0.054282 0.065968
2 2 0.004480 0.038167 0.833980 0.053554 0.069819
2 2 0.004110 0.035942 0.848431 0.053662 0.057854
2 2 0.004978 0.041898 0.839132 0.050504 0.063487
2 2 0.005175 0.043231 0.837953 0.049942 0.063700
2 2 0.006638 0.052697 0.819890 0.045547 0.075228
4 2 0.036677 0.121687 0.305175 0.009751 0.526710
4 2 0.044361 0.123411 0.258184 0.008374 0.565671
4 2 0.060060 0.105096 0.150704 0.003216 0.680924
4 2 0.068448 0.115249 0.148601 0.004324 0.663379
4 2 0.083401 0.141655 0.172026 0.005910 0.597008
4 2 0.106603 0.183490 0.220089 0.005956 0.483861
4 2 0.124465 0.135214 0.105764 0.003205 0.631352
4 4 0.166527 0.168086 0.110872 0.004425 0.550089
4 4 0.228643 0.196372 0.097137 0.006185 0.471662
4 4 0.200700 0.199143 0.109961 0.009230 0.480966
4 4 0.090878 0.127230 0.124052 0.005537 0.652303
4 4 0.042547 0.107502 0.225344 0.004628 0.619979
4 1 0.045626 0.110735 0.218031 0.004954 0.620654
4 1 0.045263 0.112154 0.223609 0.005281 0.613693
4 1 0.042805 0.112960 0.239058 0.005752 0.599425
4 2 0.035739 0.108167 0.270956 0.005676 0.579462
4 2 0.031538 0.111028 0.315508 0.007473 0.534452
4 2 0.025518 0.112150 0.385509 0.010674 0.466148
4 2 0.024151 0.111359 0.400747 0.011234 0.452509
4 2 0.024729 0.116273 0.410516 0.013760 0.434722
2 2 0.020900 0.110115 0.444780 0.013624 0.410580
2 2 0.021575 0.112437 0.442605 0.014511 0.408872
2 2 0.021337 0.113289 0.449440 0.015503 0.400432
4 2 0.026201 0.116195 0.391216 0.012429 0.453960
4 2 0.025471 0.112847 0.388629 0.011075 0.461978
4 2 0.023136 0.109588 0.408416 0.011044 0.447816
4 2 0.020517 0.104886 0.430605 0.010637 0.433355
2 2 0.019937 0.104813 0.440149 0.011161 0.423940
2 2 0.019509 0.107113 0.456810 0.013202 0.403366
2 2 0.021367 0.113175 0.448558 0.015368 0.401532
4 2 0.023771 0.115046 0.419362 0.013882 0.427938
4 2 0.028096 0.113200 0.358322 0.009678 0.490704
4 2 0.034420 0.106021 0.274131 0.005386 0.580042
4 2 0.034971 0.099487 0.248535 0.003952 0.613055
4 1 0.037433 0.087378 0.193967 0.002116 0.679106
4 1 0.035876 0.080651 0.181162 0.001571 0.700740
4 1 0.037294 0.075695 0.158409 0.001183 0.727419
4 4 0.042567 0.074617 0.133905 0.001026 0.747886
4 4 0.046751 0.081292 0.136963 0.001351 0.733643
4 4 0.057718 0.088192 0.121887 0.001640 0.730562
4 0 0.066363 0.099842 0.124998 0.002467 0.706329
4 1 0.072617 0.103515 0.118938 0.002711 0.702219
4 1 0.070961 0.123698 0.161558 0.004977 0.638806
4 1 0.079598 0.203971 0.331946 0.013603 0.370882
2 1 0.055256 0.198564 0.430312 0.023175 0.292693
4 1 0.040634 0.150394 0.349311 0.026430 0.433231
4 1 0.029642 0.126757 0.385452 0.016521 0.441629
4 1 0.033252 0.127459 0.351443 0.014209 0.473637
4 1 0.037247 0.127976 0.318801 0.012363 0.503614
4 4 0.039287 0.126233 0.298584 0.010759 0.525138
4 4 0.037045 0.119686 0.296425 0.008866 0.537977
4 4 0.033435 0.114023 0.308297 0.007919 0.536326
4 4 0.031001 0.111338 0.321656 0.007748 0.528257
4 2 0.030062 0.115355 0.344567 0.009686 0.500330
4 2 0.027133 0.113958 0.372091 0.010570 0.476247
4 2 0.025543 0.113481 0.389979 0.011369 0.459628
4 2 0.025498 0.111500 0.383408 0.010355 0.469239
4 2 0.026547 0.111007 0.368565 0.009498 0.484383
4 2 0.027477 0.110072 0.354231 0.008632 0.499588
4 1 0.029658 0.108255 0.324227 0.007135 0.530726
4 1 0.047463 0.058292 0.080911 0.000386 0.812948
4 4 0.048361 0.061409 0.085889 0.000462 0.803878
4 4 0.045011 0.066186 0.104790 0.000631 0.783382
4 4 0.043943 0.066337 0.108085 0.000644 0.780991
4 4 0.046784 0.064026 0.095232 0.000547 0.793410
4 4 0.048153 0.065257 0.094871 0.000579 0.791140
4 4 0.049671 0.068687 0.099065 0.000688 0.781889
4 4 0.045129 0.069714 0.113118 0.000765 0.771274
4 4 0.040966 0.074173 0.138535 0.001026 0.745300
4 4 0.042524 0.076922 0.140278 0.001155 0.739121
4 4 0.041310 0.078637 0.149671 0.001283 0.729100
4 4 0.041386 0.074572 0.138064 0.001041 0.744936
4 4 0.040414 0.065892 0.117676 0.000658 0.775360
4 4 0.041172 0.061312 0.103160 0.000498 0.793858
4 4 0.040859 0.055657 0.089553 0.000351 0.813581
4 4 0.043164 0.048789 0.068257 0.000214 0.839577
4 4 0.042428 0.048444 0.068864 0.000210 0.840054
4 4 0.047376 0.045317 0.054354 0.000159 0.852794
4 4 0.055949 0.049563 0.051508 0.000204 0.842776
4 4 0.067814 0.058666 0.053620 0.000343 0.819558
4 4 0.080702 0.075406 0.064771 0.000789 0.778332
4 4 0.098344 0.085960 0.062663 0.001192 0.751842
4 0 0.111141 0.101059 0.069388 0.002089 0.716322
4 1 0.160322 0.144966 0.085371 0.004121 0.605220
4 1 0.165332 0.184338 0.118028 0.009758 0.522544
4 1 0.096028 0.168485 0.170424 0.018363 0.546700
4 1 0.055705 0.150409 0.261701 0.017256 0.514928
4 1 0.054350 0.147357 0.261797 0.015986 0.520511
4 1 0.058273 0.141418 0.232375 0.012136 0.555798
4 1 0.047082 0.134423 0.270289 0.011872 0.536334
4 1 0.040518 0.121894 0.277990 0.008722 0.550876
4 1 0.037405 0.110760 0.266914 0.006036 0.578885
4 1 0.039726 0.092895 0.198385 0.002608 0.666387
4 4 0.039931 0.077819 0.153021 0.001260 0.727969
4 4 0.037510 0.067006 0.131288 0.000733 0.763462
4 4 0.035783 0.062879 0.125741 0.000592 0.775004
4 4 0.037475 0.059817 0.110576 0.000478 0.791655
4 4 0.041054 0.063376 0.108910 0.000564 0.786096
4 4 0.047577 0.068220 0.103011 0.000686 0.780505
4 4 0.051540 0.074328 0.107153 0.000907 0.766071
4 4 0.047607 0.078428 0.127207 0.001163 0.745595
4 4 0.046279 0.074901 0.122564 0.000991 0.755266
4 4 0.044654 0.071832 0.119812 0.000862 0.762840
4 4 0.047086 0.072500 0.114398 0.000867 0.765150
4 4 0.057521 0.071107 0.088165 0.000729 0.782478
4 4 0.059841 0.074619 0.090709 0.000856 0.773974
4 4 0.056985 0.069248 0.085545 0.000665 0.787557
4 4 0.054876 0.064304 0.079650 0.000516 0.800653
4 4 0.053847 0.063961 0.080755 0.000510 0.800926
4 4 0.052426 0.060532 0.076429 0.000423 0.810190
4 4 0.054815 0.055550 0.063319 0.000306 0.826010
4 4 0.053839 0.055862 0.065255 0.000314 0.824730
4 1 0.053009 0.056853 0.068340 0.000337 0.821461
4 1 0.052819 0.058923 0.072618 0.000383 0.815257
4 1 0.053344 0.064479 0.082680 0.000528 0.798970
4 4 0.059231 0.066366 0.076514 0.000560 0.797328
4 4 0.060899 0.070125 0.080713 0.000676 0.787586
4 4 0.059566 0.075807 0.093441 0.000909 0.770276
4 4 0.053368 0.079264 0.113526 0.001136 0.752706
4 4 0.051278 0.084037 0.129696 0.001455 0.733534
4 4 0.046779 0.069953 0.109142 0.000760 0.773366
4 4 0.058739 0.071972 0.087663 0.000755 0.780871
4 4 0.066250 0.075544 0.082081 0.000857 0.775269
4 4 0.067385 0.080523 0.088797 0.001076 0.762219
4 4 0.065887 0.074657 0.081113 0.000822 0.777522
4 4 0.057889 0.066468 0.078790 0.000569 0.796284
4 4 0.049022 0.056657 0.074504 0.000344 0.819473
4 4 0.043906 0.053405 0.077206 0.000292 0.825191
4 4 0.045999 0.051607 0.069257 0.000253 0.832884
4 4 0.044198 0.053950 0.077847 0.000302 0.823704
4 4 0.047867 0.056144 0.075521 0.000336 0.820132
4 4 0.049344 0.058465 0.077683 0.000384 0.814124
4 4 0.048225 0.066332 0.097130 0.000614 0.787699
4 4 0.043555 0.063065 0.101017 0.000537 0.791827
4 4 0.048733 0.058568 0.079041 0.000388 0.813269
4 4 0.052092 0.057518 0.071051 0.000354 0.818986
4 4 0.055922 0.057432 0.065197 0.000342 0.821107
4 4 0.062508 0.062274 0.064960 0.000436 0.809821
4 4 0.080627 0.067918 0.054985 0.000543 0.795926
4 4 0.109193 0.073326 0.042928 0.000657 0.773896
4 4 0.113457 0.074137 0.041669 0.000678 0.770059
4 0 0.142927 0.110403 0.062969 0.001822 0.681879
4 1 0.140309 0.122755 0.074699 0.002926 0.659310
4 1 0.093643 0.144885 0.148199 0.007992 0.605281
4 1 0.047835 0.116418 0.221849 0.005935 0.607962
4 1 0.035411 0.103956 0.259909 0.004766 0.595958
4 1 0.030366 0.103498 0.300378 0.005554 0.560204
4 1 0.036367 0.105115 0.256725 0.004878 0.596916
4 1 0.035088 0.098288 0.243764 0.003730 0.619130
4 1 0.035659 0.085800 0.199080 0.002040 0.677421
4 1 0.034229 0.080301 0.189363 0.001601 0.694506
4 1 0.035776 0.067072 0.138630 0.000758 0.757765
4 1 0.036062 0.062366 0.123103 0.000571 0.777898
4 1 0.037029 0.052381 0.091245 0.000295 0.819049
4 1 0.035531 0.053809 0.099775 0.000333 0.810552
4 1 0.036568 0.061592 0.118900 0.000541 0.782400
4 1 0.039886 0.071582 0.135350 0.000910 0.752273
4 1 0.045583 0.074540 0.123778 0.000981 0.755118
4 2 0.047667 0.085851 0.145275 0.001654 0.719552
4 2 0.046521 0.099869 0.185408 0.003120 0.665083
4 2 0.041258 0.104834 0.224954 0.004258 0.624696
4 2 0.039298 0.096384 0.211170 0.003081 0.650067
4 2 0.039411 0.084982 0.176411 0.001812 0.697383
4 2 0.039087 0.086354 0.182111 0.001948 0.690501
4 2 0.039194 0.086061 0.180698 0.001917 0.692130
4 2 0.036440 0.096124 0.227615 0.003259 0.636563
4 2 0.041534 0.098363 0.204865 0.003206 0.652031
4 2 0.043332 0.102689 0.207824 0.003723 0.642432
4 2 0.041664 0.098372 0.204215 0.003199 0.652550
4 2 0.039464 0.108753 0.247111 0.005243 0.599429
4 2 0.038887 0.111256 0.258263 0.005912 0.585682
4 2 0.038570 0.115911 0.274167 0.007237 0.564114
4 2 0.042306 0.112279 0.240035 0.005660 0.599721
4 2 0.043634 0.115734 0.241937 0.006307 0.592387
4 2 0.044060 0.111098 0.227063 0.005190 0.612590
4 2 0.041061 0.105595 0.228265 0.004417 0.620663
4 2 0.039137 0.096249 0.211676 0.003073 0.649864
4 2 0.044940 0.093634 0.175730 0.002448 0.683248
4 2 0.048917 0.102337 0.181749 0.003326 0.663671
4 2 0.058971 0.109377 0.162788 0.003838 0.665027
1 2 0.322365 0.327008 0.160480 0.009177 0.180970
0 2 0.447744 0.228875 0.124835 0.018619 0.179928
4 2 0.092475 0.163675 0.190433 0.009195 0.544222
4 2 0.067380 0.146289 0.208621 0.012460 0.565250
4 2 0.048401 0.142288 0.297247 0.017618 0.494446
2 2 0.030908 0.118736 0.458655 0.029467 0.362233
2 2 0.013300 0.074221 0.679470 0.079878 0.153130
2 2 0.007881 0.051226 0.746984 0.120454 0.073455
2 2 0.008165 0.055360 0.770312 0.089773 0.076389
2 2 0.006665 0.051897 0.830102 0.055013 0.056322
2 2 0.008655 0.065928 0.803975 0.037979 0.083464
2 2 0.006704 0.056799 0.847481 0.030486 0.058531
2 2 0.004835 0.046923 0.884120 0.021370 0.042753
2 2 0.009588 0.076559 0.841898 0.018637 0.053319
2 2 0.007923 0.067142 0.875647 0.018684 0.030605
2 2 0.010459 0.080438 0.855450 0.022669 0.030983
2 2 0.012429 0.091745 0.842193 0.019884 0.033748
2 2 0.016341 0.110613 0.819546 0.024148 0.029353
2 2 0.012052 0.098153 0.850671 0.016797 0.022327
2 2 0.009363 0.076628 0.865661 0.025605 0.022743
2 2 0.002545 0.027202 0.919963 0.034837 0.015453
2 2 0.002085 0.022775 0.921557 0.041828 0.011755
2 2 0.001925 0.021091 0.920070 0.046735 0.010180
2 2 0.001751 0.019248 0.916715 0.052821 0.009464
2 2 0.002063 0.022072 0.914578 0.048493 0.012794
2 2 0.001786 0.018877 0.902848 0.065512 0.010977
2 2 0.001671 0.016839 0.874932 0.096121 0.010438
2 2 0.001633 0.015660 0.841495 0.130947 0.010264
2 2 0.001664 0.015834 0.838757 0.132075 0.011670
2 2 0.001741 0.015545 0.797615 0.171876 0.013222
2 2 0.001541 0.013361 0.750200 0.224727 0.010171
2 2 0.001837 0.014053 0.663184 0.310911 0.010015
2 2 0.003481 0.022988 0.651285 0.306846 0.015400
2 2 0.006375 0.031779 0.589556 0.349875 0.022415
2 2 0.010281 0.036797 0.520090 0.404022 0.028810
3 3 0.012217 0.030043 0.404616 0.527799 0.025326
3 3 0.014444 0.027346 0.369605 0.565438 0.023166
3 3 0.016077 0.021381 0.303870 0.638299 0.020374
3 3 0.011326 0.014064 0.303086 0.659389 0.012136
3 3 0.006009 0.011478 0.355669 0.617390 0.009454
3 3 0.004402 0.009160 0.359430 0.619471 0.007537
3 3 0.005170 0.007512 0.263634 0.715237 0.008446
3 3 0.006300 0.006290 0.200056 0.778824 0.008531
3 3 0.006742 0.005556 0.164857 0.813972 0.008873
3 3 0.007158 0.008539 0.225945 0.747099 0.011260
3 3 0.009858 0.012049 0.261216 0.703636 0.013240
3 3 0.013837 0.017210 0.290057 0.662264 0.016632
3 3 0.017760 0.016036 0.236053 0.712382 0.017769
3 3 0.018741 0.014963 0.216494 0.732318 0.017485
3 3 0.019601 0.014268 0.205950 0.743298 0.016883
3 3 0.022754 0.011111 0.159183 0.792371 0.014581
3 3 0.022384 0.010327 0.149078 0.803914 0.014298
3 3 0.020500 0.007224 0.113029 0.847222 0.012025
3 3 0.023897 0.006209 0.091884 0.866904 0.011106
3 3 0.028044 0.006608 0.088895 0.864762 0.011690
3 3 0.027428 0.005072 0.074416 0.883678 0.009407
3 3 0.032827 0.005516 0.074717 0.877333 0.009607
3 3 0.030869 0.004584 0.066085 0.889966 0.008497
3 3 0.026276 0.004684 0.072641 0.887744 0.008655
3 3 0.024864 0.004260 0.064984 0.897010 0.008881
3 3 0.024522 0.003113 0.049349 0.915608 0.007409
3 3 0.024130 0.002701 0.045484 0.921241 0.006444
3 3 0.024235 0.002359 0.039526 0.927797 0.006084
3 3 0.027260 0.003115 0.046126 0.915921 0.007579
3 3 0.031569 0.004101 0.055565 0.900028 0.008737
3 3 0.045180 0.006439 0.069545 0.867548 0.011289
3 3 0.056506 0.007053 0.070319 0.855001 0.011122
3 3 0.058686 0.006796 0.067319 0.856454 0.010745
3 3 0.070378 0.007849 0.064691 0.843698 0.013384
3 3 0.052057 0.004589 0.042286 0.889989 0.011079
3 3 0.032248 0.002487 0.030819 0.926628 0.007818
3 3 0.024771 0.001580 0.024370 0.943684 0.005595
3 3 0.027709 0.002453 0.034659 0.927989 0.007191
3 3 0.031873 0.003051 0.040387 0.916809 0.007880
3 3 0.045032 0.006413 0.066360 0.870156 0.012039
3 3 0.044381 0.007921 0.088761 0.847200 0.011737
3 3 0.044384 0.008651 0.095357 0.839182 0.012426
3 3 0.037229 0.007374 0.090263 0.853733 0.011401
3 3 0.035389 0.004979 0.064585 0.885750 0.009297
3 3 0.028294 0.003969 0.056287 0.902719 0.008731
3 3 0.020464 0.001923 0.035493 0.936674 0.005446
3 3 0.018678 0.001854 0.035421 0.938606 0.005440
3 3 0.018503 0.001530 0.030065 0.945095 0.004807
3 3 0.016707 0.001036 0.022585 0.955970 0.003702
3 3 0.014424 0.000769 0.019186 0.962684 0.002936
3 3 0.016717 0.001093 0.024504 0.954042 0.003644
3 3 0.024057 0.001547 0.028340 0.941637 0.004419
3 3 0.045715 0.003366 0.040039 0.903533 0.007347
3 3 0.058952 0.004917 0.050813 0.876533 0.008785
3 3 0.095430 0.009268 0.072302 0.810563 0.012436
3 3 0.161729 0.016782 0.096785 0.706639 0.018065
3 3 0.270853 0.030704 0.124787 0.548727 0.024930
0 3 0.518422 0.058104 0.139213 0.258278 0.025983
0 3 0.512561 0.101008 0.200847 0.159753 0.025832
0 3 0.454810 0.164997 0.260329 0.090986 0.028878
0 3 0.492508 0.154056 0.246935 0.080922 0.025579
