0 0 0.663739 0.050198 0.025148 0.003417 0.257497
0 0 0.577675 0.071385 0.035281 0.002527 0.313132
0 0 0.409209 0.182440 0.118515 0.005436 0.284400
4 0 0.195622 0.216746 0.099161 0.005706 0.482765
4 0 0.195623 0.217992 0.100159 0.005976 0.480249
4 1 0.194873 0.189463 0.079181 0.004750 0.531733
4 1 0.195802 0.211500 0.095208 0.006523 0.490967
4 1 0.195658 0.219853 0.101726 0.007018 0.475745
4 1 0.193114 0.258342 0.141207 0.010214 0.397123
4 1 0.184454 0.293041 0.191317 0.011399 0.319790
1 1 0.224637 0.296524 0.261046 0.015947 0.201847
2 1 0.227451 0.243809 0.399832 0.036995 0.091912
2 1 0.182252 0.172064 0.490229 0.099076 0.056378
2 1 0.205671 0.105289 0.316387 0.316113 0.056541
3 2 0.187770 0.094109 0.282997 0.374974 0.060150
3 2 0.204127 0.104098 0.279462 0.342303 0.070010
2 2 0.244993 0.166558 0.368800 0.146606 0.073042
2 2 0.308308 0.195975 0.334014 0.089604 0.072098
0 2 0.442598 0.192812 0.209424 0.041034 0.114131
0 2 0.500823 0.171192 0.159493 0.026187 0.142304
0 2 0.465406 0.183265 0.155634 0.021692 0.174004
0 2 0.393051 0.215364 0.185258 0.020557 0.185770
1 4 0.267413 0.276659 0.268697 0.019702 0.167530
2 4 0.220866 0.297673 0.314886 0.020630 0.145945
1 4 0.182772 0.318571 0.284626 0.017614 0.196418
2 4 0.121948 0.269765 0.456289 0.033032 0.118967
2 4 0.139981 0.242831 0.463403 0.046253 0.107531
2 1 0.183675 0.235639 0.429945 0.044892 0.105849
2 1 0.138195 0.213860 0.499876 0.054680 0.093388
2 1 0.157534 0.191157 0.477613 0.085012 0.088684
2 1 0.216805 0.140932 0.313209 0.211011 0.118043
3 1 0.247803 0.101928 0.219991 0.324411 0.105867
3 1 0.220923 0.079872 0.188621 0.428676 0.081909
3 1 0.208722 0.109788 0.273276 0.320014 0.088200
2 1 0.197018 0.148275 0.380633 0.187744 0.086329
2 1 0.280054 0.177144 0.311258 0.123254 0.108290
0 1 0.328263 0.206083 0.265363 0.074560 0.125731
0 4 0.325946 0.243711 0.255141 0.040002 0.135200
1 4 0.189367 0.287351 0.231700 0.024473 0.267109
4 4 0.204286 0.242091 0.124844 0.013926 0.414853
4 4 0.195696 0.210278 0.094197 0.005593 0.494236
4 4 0.206025 0.216609 0.101383 0.005829 0.470154
4 4 0.207553 0.244977 0.130427 0.009202 0.407842
4 4 0.200857 0.289389 0.197408 0.010965 0.301381
4 4 0.215898 0.284765 0.199919 0.012168 0.287250
1 4 0.209090 0.299182 0.235953 0.014373 0.241402
1 4 0.168469 0.324448 0.269377 0.015250 0.222456
2 4 0.141941 0.330226 0.390923 0.019765 0.117145
2 2 0.149039 0.323008 0.402777 0.017680 0.107496
2 2 0.154518 0.328127 0.371891 0.015519 0.129945
2 2 0.148561 0.327482 0.386972 0.018384 0.118602
2 2 0.124010 0.323804 0.430215 0.024888 0.097082
2 2 0.124948 0.333941 0.412584 0.023033 0.105495
1 2 0.140964 0.340822 0.339282 0.017318 0.161614
2 2 0.127673 0.342884 0.381287 0.016359 0.131796
2 2 0.113999 0.340741 0.421581 0.017746 0.105933
2 2 0.085442 0.312644 0.507075 0.019068 0.075771
2 2 0.068736 0.281641 0.565047 0.017158 0.067418
2 2 0.067494 0.261072 0.584594 0.016785 0.070055
2 2 0.056422 0.203458 0.654992 0.025203 0.059927
2 2 0.014875 0.044383 0.835717 0.095583 0.009442
2 2 0.019728 0.053691 0.808772 0.106073 0.011735
2 2 0.019974 0.051493 0.790070 0.126099 0.012364
2 2 0.024728 0.063309 0.772595 0.123798 0.015570
2 2 0.036785 0.075896 0.713467 0.154903 0.018949
2 2 0.044012 0.080176 0.683133 0.172979 0.019700
2 2 0.042252 0.078583 0.679306 0.179363 0.020495
2 2 0.039451 0.069135 0.651634 0.219488 0.020293
2 2 0.045367 0.078827 0.636632 0.215709 0.023464
2 2 0.048279 0.086536 0.633714 0.205338 0.026134
2 2 0.047509 0.080793 0.597779 0.246044 0.027875
2 2 0.039227 0.060086 0.550414 0.326267 0.024005
2 3 0.038441 0.050064 0.490802 0.399617 0.021077
3 3 0.037927 0.038150 0.345380 0.556340 0.022203
3 3 0.034871 0.028055 0.248948 0.668124 0.020002
3 3 0.033290 0.023939 0.209561 0.714589 0.018621
3 3 0.048638 0.032091 0.218116 0.679551 0.021603
3 3 0.050992 0.030234 0.189822 0.707659 0.021293
3 3 0.046536 0.024889 0.159970 0.749503 0.019102
3 3 0.040762 0.018571 0.126833 0.798644 0.015190
3 3 0.044362 0.017949 0.114590 0.808915 0.014183
3 3 0.044864 0.018157 0.114107 0.808428 0.014443
3 3 0.044098 0.016555 0.099532 0.825650 0.014164
3 3 0.040399 0.015495 0.095873 0.833883 0.014349
3 3 0.039642 0.015282 0.089343 0.840062 0.015671
3 3 0.043462 0.017047 0.086225 0.834364 0.018903
3 3 0.043240 0.016438 0.081214 0.840278 0.018830
3 3 0.039766 0.017529 0.094323 0.827924 0.020458
3 3 0.036763 0.016105 0.098077 0.831457 0.017598
3 3 0.031414 0.013743 0.096584 0.843103 0.015155
3 3 0.031439 0.012789 0.088097 0.853383 0.014291
3 3 0.023800 0.007663 0.060077 0.898758 0.009702
3 3 0.022758 0.006356 0.048660 0.913766 0.008461
3 3 0.027277 0.007385 0.049552 0.906473 0.009313
3 3 0.031955 0.008599 0.051562 0.897541 0.010343
3 3 0.038434 0.011058 0.058346 0.879431 0.012731
3 3 0.038537 0.010370 0.050951 0.887289 0.012854
3 3 0.048127 0.012437 0.053147 0.871733 0.014557
3 3 0.058073 0.013034 0.051216 0.862841 0.014837
3 3 0.072435 0.017654 0.063849 0.827219 0.018843
3 3 0.127820 0.029743 0.085248 0.728477 0.028712
3 3 0.121724 0.037091 0.117226 0.693714 0.030246
3 3 0.157648 0.058092 0.176230 0.567846 0.040185
3 3 0.182262 0.061026 0.183322 0.535109 0.038280
0 3 0.451395 0.096302 0.161125 0.234202 0.056976
0 3 0.451916 0.159793 0.243577 0.083443 0.061270
0 3 0.426227 0.184094 0.261299 0.060371 0.068010
2 3 0.169735 0.182743 0.496524 0.086058 0.064941
2 3 0.176039 0.190356 0.465980 0.104961 0.062663
2 3 0.151293 0.194203 0.499140 0.100700 0.054663
2 3 0.175969 0.156944 0.459141 0.160145 0.047800
2 3 0.033363 0.050443 0.598244 0.301234 0.016717
2 3 0.031170 0.040072 0.510351 0.402776 0.015631
2 3 0.030157 0.035393 0.461753 0.457842 0.014854
3 3 0.030271 0.031453 0.405138 0.518816 0.014323
3 3 0.026841 0.028223 0.400212 0.531464 0.013260
3 3 0.029820 0.034359 0.450907 0.470227 0.014687
2 3 0.028071 0.035103 0.466724 0.454415 0.015687
2 3 0.029707 0.038309 0.484212 0.431152 0.016620
2 3 0.031649 0.039692 0.485654 0.426506 0.016498
3 3 0.087977 0.053261 0.252625 0.581048 0.025090
3 3 0.108464 0.053653 0.226162 0.584179 0.027542
3 3 0.052755 0.040553 0.321047 0.567008 0.018637
3 3 0.067854 0.054031 0.339448 0.515093 0.023575
3 3 0.068509 0.052728 0.310161 0.542967 0.025636
3 3 0.062702 0.051561 0.319902 0.539655 0.026180
3 3 0.060317 0.056098 0.383291 0.475621 0.024673
3 3 0.084828 0.062432 0.335751 0.492620 0.024370
2 3 0.169608 0.125989 0.465016 0.207178 0.032210
2 3 0.207649 0.148475 0.446680 0.159550 0.037646
2 3 0.268870 0.176099 0.403673 0.110781 0.040576
2 3 0.334415 0.195502 0.339419 0.083800 0.046865
2 3 0.317701 0.207840 0.341546 0.079518 0.053396
2 3 0.258213 0.216207 0.394753 0.074270 0.056557
2 3 0.218065 0.242900 0.418073 0.054792 0.066170
2 3 0.097512 0.208914 0.551816 0.065916 0.075843
2 3 0.068231 0.177325 0.618657 0.075760 0.060027
2 3 0.045184 0.133514 0.647075 0.123017 0.051210
2 3 0.027306 0.086945 0.731431 0.123420 0.030898
2 3 0.028954 0.089445 0.740663 0.112815 0.028121
2 3 0.026674 0.090749 0.764215 0.091968 0.026394
2 3 0.024564 0.075135 0.757787 0.119154 0.023360
2 3 0.025320 0.063252 0.722588 0.168037 0.020802
2 3 0.027035 0.058568 0.701289 0.194571 0.018536
2 3 0.033567 0.065250 0.684666 0.197597 0.018921
2 3 0.036264 0.064017 0.659517 0.221497 0.018705
2 3 0.038851 0.055419 0.579334 0.308236 0.018159
2 3 0.047185 0.062271 0.545548 0.324241 0.020756
2 3 0.057976 0.077679 0.553576 0.286634 0.024135
2 3 0.071766 0.109345 0.582718 0.205769 0.030403
2 3 0.099392 0.119003 0.549295 0.197776 0.034535
2 3 0.102810 0.128653 0.564316 0.167947 0.036274
2 3 0.139010 0.143876 0.523994 0.148458 0.044663
2 3 0.200949 0.190799 0.462136 0.080247 0.065870
2 3 0.220096 0.197440 0.428472 0.075628 0.078363
2 3 0.250486 0.206346 0.385889 0.073465 0.083815
2 2 0.195236 0.213486 0.437565 0.070617 0.083096
2 2 0.125845 0.196458 0.538735 0.074885 0.064078
2 2 0.106061 0.196414 0.575484 0.064225 0.057816
2 2 0.130969 0.246428 0.516383 0.038601 0.067620
2 2 0.104688 0.234309 0.564278 0.039028 0.057697
2 2 0.054240 0.181504 0.679558 0.044783 0.039914
2 2 0.038932 0.126951 0.738755 0.066592 0.028771
2 2 0.089795 0.150687 0.608506 0.112526 0.038486
2 2 0.240797 0.196277 0.425892 0.083616 0.053419
0 0 0.352488 0.206885 0.320819 0.058512 0.061297
0 0 0.468634 0.172022 0.242198 0.049436 0.067711
0 0 0.725174 0.082835 0.100465 0.030185 0.061340
0 0 0.833491 0.044886 0.056640 0.024195 0.040787
0 0 0.895389 0.026620 0.034520 0.014769 0.028702
0 0 0.934077 0.015189 0.020510 0.011254 0.018969
0 0 0.937204 0.013546 0.017990 0.012989 0.018270
0 0 0.975689 0.002814 0.003542 0.010210 0.007746
0 0 0.985395 0.001207 0.001436 0.006819 0.005143
0 0 0.988235 0.001283 0.001621 0.004103 0.004758
0 0 0.985340 0.001809 0.001918 0.002562 0.008372
0 0 0.985186 0.002573 0.003209 0.001471 0.007561
0 1 0.961681 0.008896 0.011316 0.002521 0.015586
0 1 0.924310 0.020618 0.026829 0.003484 0.024758
0 0 0.881742 0.034158 0.040556 0.003501 0.040043
0 0 0.623150 0.120268 0.102097 0.003712 0.150774
0 0 0.490460 0.165697 0.125051 0.006502 0.212289
0 0 0.455901 0.174726 0.124895 0.006524 0.237954
0 0 0.404931 0.184689 0.120395 0.006820 0.283165
4 0 0.340905 0.155300 0.076040 0.004779 0.422977
4 0 0.321238 0.147617 0.067560 0.005076 0.458509
4 0 0.287152 0.162039 0.073666 0.005203 0.471940
4 1 0.231363 0.199250 0.092861 0.006320 0.470205
4 1 0.187300 0.282389 0.172807 0.014429 0.343076
1 1 0.172992 0.314172 0.232457 0.016795 0.263584
2 1 0.116744 0.323446 0.398747 0.020424 0.140639
2 1 0.065301 0.258311 0.563571 0.022958 0.089858
2 2 0.061419 0.244362 0.570418 0.025804 0.097997
2 2 0.084821 0.264521 0.468560 0.022552 0.159546
2 2 0.089975 0.278833 0.462334 0.021265 0.147593
2 2 0.087583 0.265682 0.451974 0.026974 0.167787
2 2 0.096766 0.267023 0.481756 0.033647 0.120808
2 2 0.113484 0.301965 0.388505 0.022034 0.174012
2 2 0.094837 0.295504 0.454433 0.024707 0.130519
2 2 0.071692 0.258686 0.518987 0.035178 0.115457
2 2 0.032268 0.159896 0.722430 0.041668 0.043737
2 2 0.026047 0.153307 0.750993 0.030846 0.038807
2 2 0.022565 0.141038 0.770810 0.029642 0.035945
2 2 0.018182 0.119225 0.801510 0.030186 0.030897
2 2 0.019078 0.111079 0.800640 0.038843 0.030360
2 2 0.018953 0.110505 0.797994 0.040881 0.031667
2 2 0.016608 0.099626 0.809224 0.043931 0.030611
2 2 0.018515 0.113943 0.792561 0.040164 0.034817
2 2 0.021277 0.120688 0.777099 0.044040 0.036897
2 2 0.022180 0.115714 0.787727 0.043484 0.030895
2 2 0.029668 0.113221 0.756426 0.069433 0.031253
2 2 0.035948 0.116233 0.736988 0.080528 0.030303
2 2 0.065649 0.182971 0.638582 0.059980 0.052818
2 2 0.114792 0.252242 0.512836 0.040444 0.079686
2 2 0.113018 0.248220 0.521153 0.038761 0.078848
2 2 0.086762 0.207502 0.603852 0.042353 0.059531
2 2 0.055165 0.157392 0.689162 0.052895 0.045385
2 2 0.042138 0.125571 0.724802 0.073608 0.033882
2 2 0.051487 0.143439 0.683739 0.076981 0.044354
2 2 0.036054 0.109687 0.719464 0.101989 0.032806
2 2 0.035730 0.099609 0.719159 0.116117 0.029385
2 2 0.032203 0.115997 0.757575 0.065755 0.028470
2 2 0.034805 0.137983 0.740881 0.052998 0.033333
2 2 0.037761 0.153521 0.723243 0.048557 0.036918
2 2 0.035499 0.131985 0.725080 0.069812 0.037623
2 2 0.032737 0.112834 0.742280 0.080572 0.031576
2 2 0.028460 0.086697 0.750622 0.108703 0.025517
2 2 0.032568 0.088187 0.721019 0.130980 0.027246
2 2 0.030387 0.070202 0.683114 0.191340 0.024957
2 2 0.037648 0.079591 0.645517 0.208115 0.029129
2 2 0.043880 0.086965 0.645900 0.195171 0.028083
2 2 0.043456 0.098260 0.693402 0.138266 0.026616
2 2 0.048168 0.109398 0.690877 0.123907 0.027650
2 2 0.047047 0.096477 0.694205 0.139144 0.023128
2 2 0.047466 0.108928 0.689019 0.126199 0.028388
2 2 0.038856 0.095058 0.705024 0.133918 0.027143
2 2 0.028848 0.077763 0.724653 0.143482 0.025255
2 2 0.026126 0.058573 0.693782 0.201379 0.020140
2 2 0.026605 0.054909 0.671515 0.227680 0.019291
2 2 0.025338 0.050937 0.646368 0.257620 0.019736
2 2 0.030855 0.078921 0.711979 0.152517 0.025728
2 2 0.030469 0.078846 0.721414 0.144641 0.024629
2 2 0.027762 0.085542 0.755997 0.105920 0.024779
2 2 0.029879 0.086673 0.745265 0.113204 0.024979
2 2 0.027088 0.083114 0.760714 0.105456 0.023627
2 2 0.024270 0.073928 0.758336 0.120456 0.023010
2 2 0.021603 0.067129 0.766078 0.123751 0.021439
2 2 0.032536 0.094472 0.732733 0.112406 0.027854
2 2 0.035673 0.102436 0.719945 0.111537 0.030409
2 2 0.036103 0.107431 0.722138 0.103019 0.031308
2 2 0.039375 0.110521 0.713233 0.105801 0.031069
2 2 0.039051 0.116659 0.718847 0.093481 0.031963
2 2 0.035778 0.100006 0.720288 0.114667 0.029261
2 2 0.029947 0.071944 0.718002 0.158213 0.021894
2 2 0.021962 0.053561 0.731742 0.175590 0.017145
2 2 0.025897 0.060890 0.720876 0.173352 0.018985
2 2 0.031549 0.069873 0.692411 0.183724 0.022443
2 2 0.035467 0.071531 0.647023 0.220499 0.025480
2 2 0.033438 0.069324 0.644263 0.226788 0.026187
2 2 0.030626 0.061127 0.605161 0.275950 0.027135
2 2 0.028309 0.065357 0.633720 0.242425 0.030188
2 2 0.022868 0.056714 0.669892 0.225416 0.025110
2 2 0.020017 0.063000 0.728759 0.161579 0.026645
2 2 0.018616 0.061948 0.755635 0.139815 0.023986
2 2 0.020825 0.070723 0.763569 0.120002 0.024882
2 2 0.022886 0.079139 0.776403 0.097659 0.023914
2 2 0.033425 0.108831 0.738896 0.088263 0.030585
2 2 0.052043 0.164646 0.669403 0.064385 0.049523
2 2 0.065460 0.205301 0.610580 0.051834 0.066826
2 2 0.066199 0.224106 0.590166 0.036927 0.082602
2 2 0.039048 0.145923 0.708547 0.063545 0.042937
2 2 0.039250 0.140521 0.717121 0.064926 0.038182
2 2 0.064913 0.171343 0.632816 0.059617 0.071311
2 2 0.118043 0.177213 0.557084 0.071573 0.076087
2 2 0.206710 0.211383 0.442069 0.053359 0.086479
0 2 0.344510 0.224699 0.287272 0.050137 0.093381
0 2 0.490312 0.175893 0.189485 0.032347 0.111963
0 2 0.564704 0.147242 0.156331 0.027398 0.104325
0 2 0.609895 0.132351 0.131834 0.011250 0.114671
0 2 0.642109 0.121164 0.127413 0.009983 0.099331
0 2 0.568699 0.145836 0.131839 0.009435 0.144191
0 2 0.596859 0.136368 0.130682 0.010860 0.125230
0 2 0.626049 0.126921 0.133939 0.012641 0.100450
0 0 0.522949 0.163664 0.153049 0.020412 0.139927
0 0 0.493024 0.173541 0.150704 0.018215 0.164516
0 0 0.509794 0.167110 0.144762 0.014628 0.163707
0 0 0.558627 0.146383 0.126368 0.011303 0.157318
0 0 0.599030 0.135028 0.128635 0.011208 0.126098
0 1 0.392884 0.204726 0.150776 0.018899 0.232715
1 1 0.179919 0.317917 0.263317 0.015274 0.223573
2 0 0.111032 0.339719 0.429232 0.019119 0.100899
2 0 0.067996 0.281707 0.562149 0.022776 0.065371
2 0 0.054603 0.248740 0.603399 0.031292 0.061967
2 0 0.065438 0.266489 0.556912 0.034021 0.077141
2 0 0.115380 0.340889 0.413744 0.021309 0.108679
1 0 0.253174 0.277817 0.223852 0.014163 0.230994
0 0 0.345995 0.226473 0.167712 0.012093 0.247727
0 0 0.410438 0.194948 0.139794 0.012248 0.242572
0 0 0.381803 0.204256 0.142170 0.014024 0.257748
0 0 0.382182 0.202887 0.139717 0.012787 0.262426
2 0 0.280007 0.268841 0.294256 0.022221 0.134674
2 0 0.247140 0.283841 0.308390 0.023147 0.137482
2 1 0.185926 0.312934 0.343073 0.021757 0.136310
2 0 0.175606 0.310531 0.380752 0.022812 0.110298
2 0 0.142250 0.308801 0.445421 0.024796 0.078732
2 0 0.176077 0.296689 0.410320 0.031506 0.085407
2 0 0.212700 0.284205 0.381801 0.029989 0.091306
2 1 0.260532 0.269544 0.329090 0.033010 0.107824
2 1 0.282675 0.264681 0.297834 0.029516 0.125295
0 1 0.291850 0.263615 0.246829 0.024340 0.173367
1 1 0.250844 0.278176 0.225952 0.024040 0.220988
1 1 0.226581 0.284270 0.211783 0.024455 0.252911
1 1 0.240362 0.280021 0.247075 0.032696 0.199847
1 1 0.196623 0.309576 0.308753 0.025785 0.159263
1 1 0.161605 0.329307 0.320625 0.021167 0.167296
2 1 0.116288 0.341031 0.410137 0.022154 0.110392
2 1 0.107097 0.329937 0.433735 0.023069 0.106163
2 2 0.076818 0.286277 0.525932 0.030125 0.080848
2 2 0.089581 0.305445 0.494717 0.026735 0.083522
2 2 0.083428 0.291388 0.521214 0.031284 0.072687
2 2 0.072539 0.268452 0.551464 0.036917 0.070628
2 2 0.054247 0.207494 0.633643 0.049324 0.055293
2 2 0.059174 0.202937 0.630392 0.055440 0.052058
2 2 0.049883 0.172746 0.676258 0.058292 0.042821
2 2 0.039576 0.142186 0.724582 0.059421 0.034235
2 2 0.029896 0.101137 0.768863 0.075238 0.024865
2 2 0.027792 0.088262 0.779438 0.083342 0.021166
2 2 0.029101 0.092372 0.776507 0.080348 0.021672
2 2 0.041783 0.115039 0.718924 0.095402 0.028853
2 2 0.068931 0.154819 0.645237 0.086085 0.044927
2 2 0.097533 0.196432 0.575758 0.067351 0.062925
2 2 0.205773 0.294900 0.355845 0.032299 0.111183
2 2 0.221073 0.296818 0.312151 0.024154 0.145804
2 2 0.203721 0.305669 0.324091 0.021469 0.145051
2 2 0.162134 0.323565 0.358252 0.023914 0.132135
2 2 0.130162 0.334880 0.397669 0.023078 0.114212
2 2 0.076183 0.287691 0.529218 0.023865 0.083043
2 2 0.042059 0.209400 0.647855 0.037353 0.063332
2 2 0.024841 0.133072 0.747107 0.050397 0.044583
2 2 0.018828 0.071523 0.812137 0.078385 0.019126
2 2 0.021636 0.071481 0.788304 0.098593 0.019985
2 2 0.024017 0.067843 0.744709 0.141337 0.022095
2 2 0.030198 0.078140 0.699745 0.164007 0.027910
2 2 0.030951 0.074868 0.671253 0.193692 0.029236
2 2 0.031107 0.065171 0.625380 0.250631 0.027711
2 2 0.027344 0.055139 0.623592 0.270547 0.023378
2 2 0.027976 0.056078 0.638159 0.255732 0.022055
2 2 0.026986 0.052970 0.643824 0.256223 0.019997
2 2 0.023344 0.045728 0.630676 0.281589 0.018662
2 2 0.018679 0.037653 0.653761 0.275185 0.014722
2 2 0.015713 0.034318 0.681468 0.255265 0.013237
2 2 0.012688 0.030946 0.741765 0.204253 0.010348
2 2 0.011259 0.029285 0.767829 0.182352 0.009274
2 2 0.012197 0.030947 0.776840 0.171055 0.008961
2 2 0.013533 0.034585 0.777158 0.164793 0.009932
2 2 0.016281 0.036719 0.731607 0.203893 0.011499
2 2 0.017654 0.036384 0.687636 0.245715 0.012611
2 2 0.018903 0.037632 0.674466 0.255785 0.013213
2 2 0.023919 0.050169 0.698322 0.211498 0.016091
2 2 0.026256 0.056307 0.703295 0.196539 0.017604
3 2 0.039450 0.048907 0.419310 0.465652 0.026682
3 2 0.042863 0.039002 0.276380 0.613471 0.028284
3 2 0.038870 0.026231 0.185219 0.727377 0.022304
3 2 0.033835 0.017923 0.137747 0.794256 0.016239
3 2 0.033837 0.014995 0.118886 0.819539 0.012742
3 2 0.037982 0.014325 0.105563 0.830836 0.011294
3 2 0.047873 0.015953 0.094793 0.829171 0.012211
3 2 0.064398 0.017695 0.080671 0.821408 0.015828
3 3 0.082267 0.023522 0.090613 0.780875 0.022724
3 3 0.076259 0.025471 0.098673 0.773735 0.025862
3 3 0.058079 0.020709 0.088762 0.810754 0.021695
3 3 0.045426 0.016364 0.078150 0.841834 0.018227
3 3 0.045082 0.017422 0.084546 0.833526 0.019424
3 3 0.039819 0.015811 0.084349 0.841705 0.018316
3 3 0.032606 0.014386 0.089908 0.845356 0.017743
3 3 0.028417 0.011431 0.075259 0.869514 0.015379
3 3 0.025021 0.009453 0.071339 0.881916 0.012271
3 3 0.026509 0.010936 0.087038 0.862991 0.012526
3 3 0.023054 0.007891 0.066325 0.893117 0.009613
3 3 0.018712 0.005702 0.052490 0.915379 0.007717
3 3 0.023144 0.006178 0.045775 0.916589 0.008313
3 3 0.033628 0.008286 0.045180 0.902535 0.010371
3 3 0.066646 0.016668 0.071495 0.826844 0.018347
3 3 0.074392 0.018798 0.079214 0.809414 0.018182
3 3 0.101233 0.021850 0.076655 0.778400 0.021862
3 3 0.095584 0.019054 0.062986 0.801302 0.021074
3 3 0.126534 0.023736 0.066754 0.754149 0.028827
3 3 0.120685 0.021041 0.059578 0.771675 0.027022
3 3 0.142583 0.026626 0.073271 0.721137 0.036383
3 3 0.139321 0.025581 0.073107 0.726642 0.035350
3 3 0.106845 0.019655 0.062157 0.780231 0.031112
3 3 0.121260 0.020293 0.060158 0.769087 0.029201
3 3 0.089610 0.013726 0.046304 0.831528 0.018832
3 3 0.096541 0.014103 0.044739 0.826690 0.017928
3 3 0.042939 0.006856 0.029517 0.912465 0.008223
3 3 0.046767 0.009664 0.044122 0.889713 0.009734
3 3 0.061149 0.017322 0.080851 0.827735 0.012943
3 3 0.113266 0.045579 0.204359 0.618111 0.018685
2 3 0.147228 0.095157 0.422831 0.310225 0.024558
0 3 0.342712 0.172604 0.338245 0.104742 0.041698
0 2 0.377978 0.208067 0.285156 0.051034 0.077766
2 2 0.294170 0.258438 0.301110 0.028996 0.117286
2 2 0.243987 0.287220 0.291037 0.021668 0.156087
2 2 0.153898 0.331479 0.347189 0.020183 0.147251
2 2 0.133631 0.339036 0.373944 0.021340 0.132050
2 2 0.136337 0.341655 0.350902 0.020011 0.151095
2 2 0.139291 0.340889 0.341463 0.020291 0.158065
1 2 0.165981 0.323760 0.258378 0.016419 0.235463
4 4 0.183977 0.293969 0.192654 0.012061 0.317339
4 4 0.173913 0.266892 0.179959 0.011814 0.367422
4 4 0.190389 0.272991 0.160205 0.010891 0.365524
4 4 0.194903 0.240846 0.121422 0.009311 0.433517
4 4 0.195398 0.226359 0.107071 0.008165 0.463006
4 4 0.193994 0.250029 0.131183 0.010544 0.414251
4 4 0.194449 0.253705 0.135780 0.010594 0.405473
4 4 0.194878 0.288147 0.189242 0.012698 0.315035
4 4 0.191648 0.266451 0.151201 0.011133 0.379566
4 4 0.190490 0.270909 0.156706 0.012568 0.369327
4 4 0.166984 0.258309 0.179488 0.015819 0.379400
4 4 0.156378 0.258940 0.201132 0.017025 0.366525
4 4 0.179768 0.090578 0.025849 0.001326 0.702479
4 4 0.203027 0.118577 0.039513 0.002185 0.636698
4 4 0.169613 0.093738 0.026606 0.003099 0.706946
4 4 0.171306 0.096522 0.027813 0.003932 0.700426
4 4 0.170022 0.093625 0.026584 0.004349 0.705420
4 4 0.203055 0.119945 0.040213 0.006306 0.630480
4 4 0.173348 0.100874 0.029711 0.003978 0.692088
4 4 0.177491 0.111213 0.034397 0.003414 0.673485
4 4 0.188263 0.145965 0.052206 0.003767 0.609799
4 4 0.203018 0.164150 0.064192 0.004233 0.564407
4 4 0.265179 0.203996 0.103818 0.005328 0.421679
4 4 0.276066 0.212714 0.114931 0.006882 0.389406
4 4 0.237621 0.226043 0.117998 0.009612 0.408726
4 4 0.303987 0.226198 0.141667 0.016473 0.311676
0 0 0.349631 0.215138 0.145417 0.017001 0.272813
0 1 0.387874 0.205026 0.147704 0.017020 0.242377
0 1 0.546136 0.154507 0.139510 0.012473 0.147373
0 1 0.370035 0.227982 0.203764 0.016788 0.181430
0 1 0.356704 0.232030 0.200089 0.018938 0.192239
0 1 0.395601 0.214770 0.185564 0.018901 0.185164
0 0 0.377227 0.210706 0.153732 0.019279 0.239056
0 0 0.366933 0.187746 0.114137 0.015437 0.315746
0 1 0.418763 0.148632 0.083856 0.015510 0.333239
4 1 0.195881 0.212430 0.096366 0.011771 0.483552
4 1 0.195417 0.232427 0.114297 0.013864 0.443995
4 4 0.195898 0.221327 0.103754 0.010758 0.468262
4 4 0.194666 0.246243 0.127747 0.009728 0.421617
4 4 0.229282 0.202704 0.095559 0.010648 0.461807
4 4 0.224102 0.211652 0.102053 0.013048 0.449145
4 4 0.214576 0.220634 0.107338 0.011895 0.445558
4 4 0.284091 0.217079 0.122698 0.012899 0.363232
0 4 0.362018 0.216435 0.155689 0.013640 0.252217
0 4 0.392435 0.219629 0.204729 0.016253 0.166954
0 4 0.462865 0.191202 0.197714 0.017663 0.130555
0 0 0.465566 0.189408 0.192331 0.019697 0.132997
0 1 0.439561 0.196591 0.174021 0.020030 0.169797
0 1 0.443432 0.188853 0.149076 0.016897 0.201742
0 1 0.296874 0.242968 0.169088 0.014675 0.276395
4 1 0.250955 0.259612 0.172279 0.012682 0.304472
4 1 0.234623 0.261188 0.165262 0.011515 0.327411
4 1 0.284262 0.228500 0.137507 0.009682 0.340049
0 1 0.335030 0.224895 0.156754 0.010032 0.273289
0 0 0.380619 0.201046 0.135618 0.010989 0.271727
0 1 0.430555 0.188232 0.137624 0.011022 0.232568
0 1 0.443656 0.187960 0.146418 0.015277 0.206689
0 1 0.427309 0.193781 0.149126 0.017089 0.212697
0 1 0.408945 0.198466 0.146859 0.015994 0.229735
0 1 0.300319 0.232754 0.151053 0.017592 0.298282
4 1 0.290836 0.234130 0.148465 0.017114 0.309455
4 1 0.253781 0.261458 0.177819 0.017462 0.289481
1 1 0.203736 0.298776 0.225825 0.015340 0.256323
1 1 0.203894 0.303127 0.243359 0.014948 0.234672
1 1 0.238796 0.288535 0.247827 0.014741 0.210100
1 1 0.254251 0.280984 0.241990 0.013997 0.208778
1 1 0.243705 0.285167 0.240132 0.014240 0.216756
1 1 0.263007 0.275184 0.230227 0.014493 0.217089
1 1 0.247192 0.279066 0.219267 0.013185 0.241290
4 1 0.270495 0.245239 0.157171 0.013382 0.313713
4 1 0.246089 0.228175 0.122767 0.011067 0.391902
4 1 0.234281 0.219581 0.110769 0.007263 0.428105
0 1 0.407100 0.199213 0.147377 0.016343 0.229967
0 1 0.475347 0.176247 0.139777 0.011759 0.196869
0 0 0.430245 0.190870 0.143484 0.013787 0.221614
0 0 0.360518 0.214770 0.151125 0.016275 0.257312
1 0 0.208016 0.303810 0.257434 0.014742 0.215998
1 0 0.179945 0.312924 0.239195 0.015212 0.252723
2 0 0.178857 0.319755 0.322379 0.020441 0.158569
2 0 0.190224 0.308761 0.350056 0.023179 0.127780
2 1 0.186206 0.313652 0.338860 0.020984 0.140298
2 1 0.139067 0.323263 0.418474 0.020928 0.098268
2 1 0.128376 0.327886 0.432205 0.015550 0.095983
2 1 0.145405 0.311319 0.440528 0.019286 0.083462
2 1 0.169253 0.280849 0.463608 0.025470 0.060820
2 1 0.210041 0.268655 0.422647 0.032173 0.066484
2 1 0.230913 0.269221 0.389666 0.031591 0.078609
0 1 0.333854 0.237379 0.299573 0.030367 0.098827
0 1 0.411208 0.211277 0.237126 0.022616 0.117773
0 1 0.404296 0.214688 0.233423 0.022202 0.125391
0 1 0.360376 0.228141 0.290181 0.023510 0.097792
0 1 0.386870 0.218252 0.270188 0.024198 0.100493
0 0 0.440222 0.199507 0.227044 0.020787 0.112440
0 1 0.450124 0.194759 0.227013 0.021816 0.106289
0 1 0.445698 0.196906 0.225337 0.021744 0.110316
0 1 0.320871 0.239759 0.320284 0.029308 0.089776
2 1 0.296772 0.243893 0.352802 0.028396 0.078137
2 2 0.286121 0.247646 0.359267 0.029114 0.077852
2 2 0.273014 0.251839 0.367079 0.031019 0.077049
2 2 0.244871 0.251811 0.402400 0.037425 0.063493
2 2 0.223598 0.261874 0.416819 0.032850 0.064859
2 2 0.253249 0.251795 0.400017 0.029379 0.065560
2 2 0.312834 0.234798 0.348547 0.030520 0.073301
0 2 0.378359 0.216534 0.290936 0.028421 0.085751
0 2 0.406309 0.201813 0.285067 0.031260 0.075550
0 2 0.401622 0.198030 0.298604 0.035754 0.065990
0 2 0.360547 0.194707 0.353109 0.045856 0.045781
2 2 0.309243 0.208370 0.390747 0.047869 0.043772
2 2 0.252327 0.205211 0.443071 0.061990 0.037401
2 2 0.164300 0.160919 0.535255 0.106175 0.033351
2 2 0.135507 0.140002 0.566683 0.127649 0.030159
2 2 0.104943 0.141957 0.601768 0.119011 0.032321
2 2 0.087936 0.142983 0.619379 0.116891 0.032811
2 2 0.109970 0.159368 0.573453 0.117969 0.039239
2 2 0.066776 0.126534 0.646649 0.131093 0.028948
2 2 0.061156 0.120270 0.668295 0.123825 0.026455
2 2 0.038187 0.095715 0.755140 0.091756 0.019203
2 2 0.038616 0.103152 0.761147 0.077567 0.019518
2 2 0.038250 0.100997 0.759970 0.081231 0.019553
2 2 0.049000 0.110626 0.719286 0.098967 0.022121
2 2 0.055226 0.115643 0.701119 0.105201 0.022811
2 2 0.069582 0.122186 0.658476 0.124592 0.025164
2 2 0.080474 0.120889 0.630448 0.143450 0.024739
2 2 0.116761 0.138299 0.565999 0.147405 0.031536
2 2 0.105915 0.129036 0.586901 0.151656 0.026492
2 2 0.093384 0.118386 0.599432 0.165359 0.023439
2 2 0.070210 0.095051 0.655055 0.163424 0.016260
2 2 0.065768 0.092898 0.675488 0.150685 0.015161
2 2 0.049381 0.075253 0.711682 0.151138 0.012545
2 2 0.053601 0.077379 0.685193 0.169986 0.013841
2 2 0.058632 0.088006 0.670888 0.165677 0.016797
2 2 0.116557 0.135061 0.579281 0.140204 0.028897
2 2 0.179141 0.143819 0.511241 0.133963 0.031836
2 2 0.162170 0.144367 0.511112 0.147988 0.034363
2 2 0.256747 0.164842 0.426023 0.111202 0.041186
0 2 0.410625 0.184450 0.303570 0.048088 0.053268
0 2 0.430036 0.187874 0.279184 0.037004 0.065903
0 2 0.422256 0.190645 0.279181 0.040221 0.067697
0 2 0.530181 0.161425 0.192494 0.024515 0.091385
0 2 0.553243 0.152371 0.162478 0.025669 0.106239
0 2 0.478260 0.178085 0.149448 0.017162 0.177045
0 2 0.414586 0.196108 0.145107 0.014882 0.229317
4 0 0.194125 0.252792 0.135224 0.008558 0.409301
4 0 0.190953 0.271433 0.158542 0.009736 0.369336
1 0 0.169353 0.321114 0.253676 0.010092 0.245766
1 0 0.161648 0.329217 0.278497 0.011791 0.218847
2 0 0.098015 0.290945 0.443399 0.017578 0.150062
2 2 0.124658 0.309809 0.358878 0.019759 0.186896
2 2 0.101409 0.301777 0.432778 0.025115 0.138921
2 2 0.083621 0.278690 0.485871 0.027757 0.124062
2 2 0.063354 0.253149 0.566286 0.026575 0.090635
2 2 0.063312 0.244852 0.562066 0.023833 0.105937
2 2 0.031038 0.173688 0.709856 0.027118 0.058299
2 2 0.033304 0.180769 0.699423 0.025822 0.060683
2 2 0.032778 0.142451 0.741438 0.041338 0.041995
2 2 0.049511 0.144483 0.707930 0.060355 0.037721
2 2 0.064584 0.150744 0.670769 0.077747 0.036156
2 2 0.067284 0.169141 0.653728 0.068377 0.041470
2 2 0.062707 0.162421 0.663663 0.072807 0.038402
2 2 0.082040 0.200245 0.613359 0.053914 0.050442
2 2 0.067542 0.189553 0.640698 0.050073 0.052133
2 2 0.043080 0.164085 0.701260 0.050730 0.040845
2 2 0.028839 0.133059 0.753245 0.049076 0.035781
2 2 0.015897 0.101695 0.829893 0.029074 0.023441
2 2 0.014551 0.090307 0.845642 0.029751 0.019751
2 2 0.009638 0.063566 0.884693 0.028752 0.013352
2 2 0.009933 0.046313 0.882843 0.051130 0.009781
2 2 0.011367 0.043494 0.871080 0.065242 0.008816
2 2 0.012972 0.038340 0.830713 0.109085 0.008890
2 2 0.015483 0.039897 0.783564 0.150233 0.010823
2 2 0.017683 0.038837 0.724918 0.206484 0.012078
2 2 0.018602 0.046877 0.742707 0.176585 0.015229
2 2 0.021279 0.046969 0.726770 0.190915 0.014067
2 2 0.024060 0.050501 0.708571 0.201507 0.015360
2 2 0.023543 0.046070 0.679810 0.235538 0.015039
2 2 0.027213 0.053873 0.670585 0.230228 0.018101
2 2 0.025392 0.056252 0.707771 0.192675 0.017910
2 2 0.021921 0.054157 0.736901 0.169968 0.017054
2 2 0.016858 0.044558 0.757649 0.166661 0.014274
2 2 0.015156 0.045084 0.775988 0.148842 0.014930
2 2 0.012517 0.043408 0.821634 0.109717 0.012724
2 2 0.014983 0.044361 0.789914 0.137354 0.013389
2 2 0.015033 0.034572 0.738180 0.201410 0.010805
2 2 0.016066 0.031080 0.687834 0.254973 0.010046
2 2 0.016057 0.030269 0.682490 0.261473 0.009711
2 2 0.014385 0.030000 0.708954 0.236965 0.009696
2 2 0.010499 0.025998 0.740130 0.214329 0.009044
2 2 0.009517 0.024312 0.736651 0.220544 0.008976
2 2 0.009500 0.025389 0.740948 0.214469 0.009695
2 3 0.012198 0.030995 0.718890 0.225676 0.012240
2 3 0.014510 0.034386 0.697606 0.239847 0.013651
2 3 0.016713 0.033426 0.652110 0.284610 0.013141
2 3 0.025301 0.040591 0.508588 0.404371 0.021149
2 3 0.037451 0.057727 0.517814 0.360331 0.026677
2 3 0.085141 0.121286 0.536481 0.207806 0.049286
2 3 0.159544 0.208877 0.451966 0.096443 0.083170
2 3 0.197542 0.301109 0.357040 0.028282 0.116027
2 3 0.164534 0.314238 0.391988 0.022929 0.106312
2 3 0.165857 0.322781 0.361936 0.017119 0.132306
2 3 0.161454 0.329381 0.337542 0.015387 0.156236
1 3 0.150250 0.336544 0.327692 0.015797 0.169717
2 2 0.123463 0.315271 0.370398 0.018004 0.172864
1 2 0.147433 0.329282 0.310577 0.017446 0.195261
1 2 0.156644 0.332952 0.291754 0.014874 0.203777
1 2 0.156976 0.333064 0.293536 0.012291 0.204132
1 2 0.152432 0.336155 0.308524 0.012159 0.190731
1 2 0.151325 0.336757 0.311360 0.012803 0.187755
1 2 0.154421 0.334725 0.300326 0.013705 0.196824
2 2 0.137449 0.341768 0.350266 0.017264 0.153254
2 2 0.118601 0.341857 0.407192 0.018081 0.114270
2 2 0.085132 0.307031 0.505510 0.019965 0.082362
2 2 0.061685 0.260034 0.582580 0.022730 0.072971
2 2 0.048059 0.225170 0.629976 0.028513 0.068282
2 2 0.037979 0.202534 0.674765 0.031620 0.053102
2 2 0.028330 0.155706 0.740871 0.034645 0.040448
2 2 0.022518 0.128056 0.788506 0.031491 0.029429
2 2 0.019686 0.117789 0.805834 0.029909 0.026783
2 2 0.014864 0.101194 0.835257 0.025922 0.022763
2 2 0.011420 0.077734 0.861498 0.030528 0.018820
2 2 0.010656 0.051535 0.860558 0.063108 0.014143
2 2 0.011021 0.050418 0.852372 0.071736 0.014453
2 2 0.013361 0.061477 0.838545 0.068761 0.017856
2 2 0.013293 0.077684 0.831602 0.052229 0.025192
2 2 0.020636 0.090969 0.771509 0.083348 0.033539
2 2 0.045563 0.157478 0.674571 0.050197 0.072191
2 2 0.092888 0.259902 0.474387 0.029382 0.143441
1 2 0.231046 0.286775 0.223713 0.015221 0.243245
0 2 0.412417 0.202167 0.159030 0.013940 0.212446
0 2 0.675282 0.109239 0.118203 0.007532 0.089742
0 0 0.694692 0.100605 0.111074 0.011008 0.082621
0 0 0.697922 0.095822 0.094857 0.011516 0.099883
0 0 0.733408 0.077613 0.068947 0.009066 0.110965
0 0 0.789822 0.043073 0.029843 0.007116 0.130147
0 0 0.697458 0.040760 0.020162 0.005863 0.235757
4 0 0.394702 0.034876 0.009610 0.002702 0.558110
4 1 0.173969 0.073419 0.019100 0.001548 0.731964
4 4 0.168300 0.092157 0.025919 0.002193 0.711432
4 4 0.152480 0.065965 0.015836 0.002532 0.763187
4 4 0.141725 0.053185 0.011569 0.001896 0.791626
4 0 0.274377 0.090376 0.030110 0.003992 0.601146
4 0 0.411910 0.102020 0.044735 0.005547 0.435789
0 0 0.547420 0.116001 0.072766 0.007370 0.256443
0 1 0.614328 0.102886 0.071257 0.007705 0.203824
0 1 0.633883 0.106253 0.081701 0.007456 0.170708
0 2 0.582060 0.115591 0.080156 0.008022 0.214171
4 4 0.335995 0.158950 0.078340 0.005906 0.420810
4 4 0.178527 0.113084 0.035301 0.004289 0.668799
4 4 0.173615 0.101188 0.029860 0.004373 0.690963
4 4 0.171372 0.096427 0.027779 0.004278 0.700144
4 4 0.152620 0.065640 0.015731 0.003337 0.762672
4 4 0.142594 0.053180 0.011583 0.003668 0.788976
4 4 0.138305 0.048399 0.010110 0.004287 0.798898
4 4 0.148635 0.060845 0.014075 0.002644 0.773801
4 4 0.173532 0.100234 0.029470 0.005841 0.690924
4 4 0.156633 0.071056 0.017674 0.003787 0.750850
4 4 0.148419 0.060070 0.013825 0.003581 0.774106
4 4 0.141416 0.051862 0.011169 0.003726 0.791826
4 4 0.150509 0.056533 0.012783 0.005316 0.774859
4 4 0.144969 0.055139 0.012228 0.006503 0.781161
4 4 0.138912 0.048620 0.010189 0.006177 0.796103
4 4 0.120339 0.032619 0.005733 0.004295 0.837013
4 4 0.204771 0.044444 0.010153 0.007307 0.733325
4 4 0.184299 0.039659 0.008411 0.004759 0.762871
4 4 0.294749 0.069489 0.021475 0.006018 0.608269
4 4 0.219495 0.095599 0.029855 0.003889 0.651162
4 4 0.332914 0.176329 0.092897 0.006576 0.391285
0 4 0.362045 0.197139 0.122412 0.006848 0.311556
0 4 0.426404 0.184861 0.129039 0.007917 0.251779
0 4 0.465744 0.166951 0.116125 0.004488 0.246691
0 4 0.483423 0.160629 0.112957 0.003878 0.239113
0 0 0.373672 0.184766 0.110550 0.004053 0.326959
4 0 0.195436 0.208959 0.093080 0.004276 0.498249
4 0 0.195363 0.203014 0.088696 0.004277 0.508650
4 0 0.194575 0.186032 0.076839 0.004554 0.537999
4 0 0.195184 0.198385 0.085352 0.004129 0.516950
4 0 0.195607 0.214986 0.097762 0.005345 0.486300
4 0 0.187994 0.284247 0.178580 0.008065 0.341114
4 1 0.194916 0.243224 0.124287 0.008621 0.428952
4 1 0.195506 0.223938 0.105033 0.007457 0.468066
4 1 0.195116 0.190051 0.079664 0.005838 0.529330
4 2 0.184875 0.131909 0.044659 0.004509 0.634048
4 2 0.150206 0.062699 0.014708 0.002889 0.769497
4 2 0.142657 0.053507 0.011681 0.003060 0.789095
4 2 0.129626 0.040580 0.007835 0.002838 0.819122
4 4 0.125817 0.037253 0.006930 0.002988 0.827012
4 4 0.121596 0.034072 0.006095 0.002398 0.835840
4 4 0.134517 0.045432 0.009214 0.002211 0.808625
4 4 0.159159 0.075385 0.019266 0.002953 0.743237
4 4 0.177351 0.110442 0.034049 0.003837 0.674320
4 4 0.185266 0.133507 0.045486 0.004286 0.631454
4 4 0.185716 0.137798 0.047687 0.002600 0.626199
4 4 0.265588 0.194880 0.095829 0.003742 0.439962
4 0 0.262342 0.207456 0.106288 0.005094 0.418820
4 0 0.280715 0.212143 0.115600 0.006923 0.384620
4 1 0.256512 0.216287 0.113344 0.007115 0.406742
4 1 0.228757 0.221272 0.110941 0.007578 0.431452
4 1 0.230087 0.204523 0.096658 0.003957 0.464776
4 2 0.197847 0.207447 0.092426 0.004061 0.498218
4 2 0.194709 0.192666 0.081281 0.003508 0.527836
4 2 0.259707 0.206197 0.104513 0.004774 0.424808
4 0 0.292827 0.202918 0.109250 0.005013 0.389992
4 0 0.317694 0.204374 0.117473 0.006423 0.354036
4 0 0.308367 0.194692 0.104848 0.004518 0.387575
0 1 0.343732 0.194141 0.113184 0.005231 0.343713
4 1 0.197557 0.213539 0.097047 0.005088 0.486769
4 1 0.195439 0.225550 0.106387 0.007921 0.464704
4 1 0.195861 0.212311 0.095901 0.007364 0.488563
4 1 0.190088 0.152233 0.055839 0.005540 0.596301
4 1 0.183127 0.125955 0.041609 0.004698 0.644611
4 1 0.186120 0.135744 0.046702 0.005189 0.626245
4 1 0.193942 0.176179 0.070462 0.006171 0.553247
4 1 0.192917 0.167718 0.065139 0.006562 0.567663
1 1 0.156045 0.333287 0.293009 0.015536 0.202124
1 1 0.154660 0.334285 0.297544 0.015539 0.197972
1 1 0.166778 0.323685 0.259365 0.013016 0.237156
1 2 0.176515 0.309602 0.223019 0.013175 0.277689
4 2 0.183815 0.294165 0.192820 0.012502 0.316699
4 2 0.190602 0.271567 0.158035 0.011356 0.368440
4 2 0.205559 0.250636 0.136234 0.010585 0.396986
4 2 0.288546 0.218341 0.124894 0.009715 0.358504
0 2 0.335367 0.205513 0.124377 0.007992 0.326752
0 2 0.372598 0.197339 0.126445 0.007839 0.295779
0 2 0.373033 0.196375 0.125231 0.007463 0.297897
4 2 0.274946 0.216658 0.118815 0.008115 0.381466
4 0 0.237917 0.225505 0.117533 0.009414 0.409631
4 0 0.205456 0.237677 0.121034 0.010098 0.425735
4 0 0.188722 0.279203 0.168854 0.011758 0.351463
4 2 0.185085 0.290380 0.186093 0.013024 0.325418
1 2 0.175318 0.311034 0.225593 0.014975 0.273080
1 2 0.162287 0.327723 0.271201 0.016385 0.222404
1 2 0.152276 0.335454 0.302877 0.017830 0.191563
1 2 0.140396 0.340778 0.339416 0.018910 0.160499
2 2 0.117973 0.336190 0.403104 0.021001 0.121732
1 2 0.155756 0.333529 0.294137 0.015370 0.201208
1 2 0.197974 0.311309 0.281256 0.012330 0.197131
0 2 0.358516 0.235208 0.222024 0.014785 0.169466
0 2 0.442974 0.197546 0.181777 0.015210 0.162493
0 2 0.518884 0.163911 0.143214 0.013897 0.160094
0 0 0.531555 0.159414 0.140846 0.012849 0.155338
0 0 0.476375 0.174527 0.136015 0.010138 0.202943
0 0 0.312803 0.248538 0.199275 0.012354 0.227030
1 0 0.166266 0.328361 0.297293 0.011927 0.196153
2 2 0.125058 0.342814 0.393432 0.012570 0.126126
2 2 0.141245 0.327477 0.408977 0.014037 0.108263
2 2 0.144368 0.295771 0.475960 0.019501 0.064400
2 2 0.172070 0.289160 0.447540 0.020773 0.070457
2 2 0.178492 0.268983 0.471097 0.027733 0.053695
2 2 0.180912 0.279024 0.450008 0.026123 0.063932
2 2 0.166114 0.280447 0.466345 0.027650 0.059444
2 2 0.108749 0.249467 0.552754 0.036800 0.052231
2 2 0.062063 0.187240 0.665181 0.048964 0.036552
2 2 0.049877 0.149989 0.709352 0.060652 0.030130
2 2 0.048362 0.134358 0.722262 0.068742 0.026275
2 2 0.039603 0.111868 0.759280 0.068514 0.020734
2 2 0.027174 0.077800 0.798436 0.081208 0.015382
2 2 0.021425 0.064833 0.816298 0.083926 0.013518
2 2 0.024337 0.059463 0.773956 0.128191 0.014054
2 2 0.031287 0.066827 0.728231 0.156679 0.016977
2 3 0.032704 0.063642 0.705492 0.181503 0.016660
2 3 0.039157 0.066839 0.666306 0.209891 0.017807
2 3 0.050997 0.069945 0.586013 0.272985 0.020060
2 3 0.066367 0.081229 0.545136 0.283411 0.023856
2 3 0.062084 0.060785 0.463772 0.394280 0.019079
2 3 0.060410 0.059899 0.457850 0.402207 0.019634
3 3 0.055707 0.048036 0.372994 0.503775 0.019488
3 3 0.069692 0.057982 0.355793 0.492413 0.024120
3 3 0.058179 0.045099 0.302425 0.571362 0.022934
3 3 0.054735 0.041419 0.280698 0.600169 0.022978
3 3 0.046186 0.031454 0.230764 0.671395 0.020200
3 3 0.048433 0.029119 0.184738 0.716311 0.021399
3 3 0.039721 0.021437 0.154067 0.767630 0.017144
3 3 0.037890 0.019135 0.146604 0.781526 0.014845
3 3 0.079543 0.021449 0.076460 0.800758 0.021790
3 3 0.067543 0.019800 0.074992 0.815021 0.022645
3 3 0.043578 0.011711 0.051891 0.878246 0.014575
3 3 0.046161 0.014658 0.066688 0.855704 0.016788
3 3 0.041177 0.012762 0.063307 0.867893 0.014861
3 3 0.033429 0.009903 0.058505 0.886402 0.011761
3 3 0.030449 0.009860 0.064238 0.883663 0.011790
3 3 0.030212 0.009662 0.064012 0.884735 0.011379
3 3 0.030958 0.010960 0.073330 0.872116 0.012636
3 3 0.034300 0.012422 0.078501 0.861129 0.013648
3 3 0.036662 0.012749 0.077864 0.859357 0.013368
3 3 0.039527 0.013239 0.075683 0.857871 0.013679
3 3 0.039287 0.012758 0.073669 0.861261 0.013026
3 3 0.046270 0.013940 0.074261 0.852358 0.013171
3 3 0.063220 0.016157 0.072981 0.832796 0.014847
3 3 0.053040 0.012583 0.060374 0.861791 0.012212
3 3 0.043449 0.009072 0.044458 0.892724 0.010297
3 3 0.036838 0.008263 0.044181 0.901447 0.009271
3 3 0.040304 0.010458 0.056211 0.882209 0.010819
3 3 0.050373 0.014560 0.070400 0.851273 0.013394
3 3 0.042055 0.012737 0.078803 0.855679 0.010726
3 3 0.040200 0.015286 0.114385 0.819170 0.010960
3 3 0.047475 0.017993 0.121007 0.801559 0.011966
3 3 0.046745 0.017772 0.114383 0.808264 0.012837
3 3 0.048354 0.018131 0.106485 0.812856 0.014174
3 3 0.041073 0.014020 0.084875 0.847208 0.012823
3 3 0.043570 0.016287 0.097234 0.828624 0.014284
3 3 0.039885 0.015300 0.101485 0.830224 0.013105
3 3 0.045879 0.019273 0.122306 0.797799 0.014742
3 3 0.039354 0.015705 0.114953 0.817963 0.012026
3 3 0.050956 0.021715 0.139908 0.773335 0.014086
3 3 0.048917 0.020347 0.130953 0.785823 0.013961
3 3 0.067116 0.025191 0.131413 0.759400 0.016880
3 3 0.058830 0.018627 0.098635 0.809146 0.014762
3 3 0.073369 0.019157 0.093113 0.798507 0.015853
3 3 0.076600 0.019119 0.086969 0.800783 0.016528
