4 0 0.074607 0.101699 0.078925 0.003967 0.740803
4 0 0.061149 0.124365 0.083258 0.005148 0.726080
4 1 0.061980 0.180507 0.105392 0.010963 0.641158
4 1 0.052003 0.203802 0.123841 0.012185 0.608169
4 1 0.051608 0.227224 0.124857 0.013111 0.583200
4 4 0.049098 0.251660 0.101197 0.012781 0.585264
4 4 0.053404 0.365930 0.170021 0.023306 0.387338
4 4 0.052895 0.366646 0.162058 0.022653 0.395749
4 4 0.072847 0.232195 0.110828 0.013799 0.570330
4 4 0.058215 0.164068 0.105437 0.010686 0.661595
4 4 0.057035 0.101390 0.082346 0.004773 0.754456
4 4 0.056308 0.106794 0.088654 0.005870 0.742373
4 4 0.060093 0.126176 0.091920 0.006684 0.715126
4 4 0.053442 0.166254 0.099198 0.009420 0.671686
4 4 0.049201 0.205627 0.098721 0.010602 0.635849
4 4 0.047777 0.319122 0.243752 0.020388 0.368961
1 4 0.040000 0.321165 0.304850 0.018924 0.315060
2 4 0.037224 0.319559 0.342133 0.018929 0.282155
2 4 0.036291 0.307449 0.376208 0.019193 0.260860
2 4 0.027616 0.245979 0.553315 0.018681 0.154409
2 2 0.022553 0.190120 0.674002 0.018672 0.094652
2 2 0.018149 0.137501 0.767192 0.017313 0.059844
2 2 0.019168 0.124445 0.784651 0.019296 0.052441
2 2 0.016438 0.091898 0.835944 0.019798 0.035922
2 2 0.009330 0.035854 0.911197 0.030506 0.013113
2 2 0.006742 0.024998 0.925376 0.033515 0.009369
2 2 0.006113 0.020175 0.916865 0.048874 0.007974
2 2 0.007089 0.020779 0.890673 0.072850 0.008609
2 3 0.009014 0.020353 0.795145 0.166125 0.009363
2 3 0.009395 0.016828 0.654362 0.310905 0.008511
3 3 0.009069 0.012231 0.418576 0.553197 0.006927
3 3 0.009128 0.010105 0.259098 0.715511 0.006159
3 3 0.006915 0.006163 0.139338 0.843491 0.004093
3 3 0.006195 0.004939 0.097025 0.888421 0.003420
3 3 0.005695 0.004417 0.089185 0.897607 0.003096
3 3 0.006444 0.005101 0.094125 0.890794 0.003537
3 3 0.004710 0.003539 0.082031 0.907198 0.002522
3 3 0.004925 0.003728 0.083664 0.905037 0.002646
3 3 0.004632 0.003471 0.081430 0.907991 0.002477
3 3 0.004066 0.002982 0.076859 0.913942 0.002152
3 3 0.003203 0.002259 0.069106 0.923769 0.001664
3 3 0.002529 0.001716 0.062155 0.932309 0.001290
3 3 0.002485 0.001681 0.061660 0.932909 0.001266
3 3 0.002138 0.001411 0.057615 0.937760 0.001076
3 3 0.002461 0.001662 0.061394 0.933230 0.001253
3 3 0.002296 0.001533 0.059499 0.935510 0.001162
3 3 0.002343 0.001570 0.060045 0.934855 0.001188
3 3 0.002051 0.001345 0.056538 0.939037 0.001029
3 3 0.002182 0.001445 0.058143 0.937131 0.001100
3 3 0.002499 0.001692 0.061819 0.932716 0.001274
3 3 0.003124 0.002194 0.068341 0.924721 0.001620
3 3 0.002469 0.001668 0.061481 0.933125 0.001257
3 3 0.002205 0.001463 0.058421 0.936799 0.001113
3 3 0.002038 0.001335 0.056385 0.939219 0.001022
3 3 0.002362 0.001585 0.060265 0.934591 0.001198
3 3 0.002206 0.001464 0.058440 0.936776 0.001114
3 3 0.001701 0.001082 0.051942 0.944434 0.000841
3 3 0.001559 0.000977 0.049919 0.946779 0.000766
3 3 0.001578 0.000992 0.050198 0.946456 0.000776
3 3 0.002049 0.001343 0.056512 0.939068 0.001028
3 3 0.000984 0.000573 0.040474 0.957501 0.000467
3 3 0.000889 0.000509 0.038625 0.959558 0.000418
3 3 0.000776 0.000435 0.036287 0.962140 0.000361
3 3 0.000694 0.000382 0.034462 0.964142 0.000320
3 3 0.000608 0.000328 0.032422 0.966365 0.000278
3 3 0.000598 0.000321 0.032175 0.966633 0.000273
3 3 0.000644 0.000350 0.033307 0.965402 0.000296
3 3 0.000857 0.000488 0.037970 0.960284 0.000402
3 3 0.000842 0.000478 0.037677 0.960608 0.000395
3 3 0.001034 0.000607 0.041397 0.956469 0.000492
3 3 0.000949 0.000550 0.039799 0.958254 0.000449
3 3 0.001045 0.000615 0.041595 0.956247 0.000498
3 3 0.001004 0.000587 0.040841 0.957091 0.000477
3 3 0.001107 0.000657 0.042706 0.955000 0.000530
3 3 0.000933 0.000539 0.039498 0.958589 0.000441
3 3 0.001088 0.000644 0.042360 0.955389 0.000520
3 3 0.001214 0.000731 0.044538 0.952933 0.000585
3 3 0.001225 0.000739 0.044722 0.952724 0.000591
3 3 0.001490 0.000928 0.048907 0.947946 0.000730
3 3 0.001551 0.000972 0.049804 0.946912 0.000762
3 3 0.001829 0.001177 0.053687 0.942397 0.000910
3 3 0.002550 0.001732 0.062378 0.932039 0.001301
3 3 0.002626 0.001793 0.063212 0.931026 0.001343
3 3 0.001885 0.001219 0.054424 0.941531 0.000940
3 3 0.001929 0.001253 0.054999 0.940855 0.000964
3 3 0.001979 0.001291 0.055641 0.940098 0.000991
3 3 0.001911 0.001239 0.054757 0.941140 0.000954
3 3 0.001552 0.000973 0.049830 0.946883 0.000763
3 3 0.001471 0.000914 0.048628 0.948266 0.000720
3 3 0.001608 0.001014 0.050635 0.945951 0.000792
3 3 0.001600 0.001007 0.050513 0.946093 0.000788
3 3 0.001656 0.001049 0.051314 0.945164 0.000817
3 3 0.001904 0.001233 0.054669 0.941244 0.000950
3 3 0.002649 0.001811 0.063465 0.930718 0.001356
3 3 0.006895 0.004835 0.095746 0.889064 0.003459
3 3 0.008667 0.006722 0.106300 0.873679 0.004632
3 3 0.011389 0.009590 0.119756 0.852881 0.006384
3 3 0.011756 0.010306 0.121727 0.849437 0.006775
3 3 0.007280 0.005882 0.099247 0.883555 0.004035
3 3 0.004836 0.003650 0.082999 0.905920 0.002595
3 3 0.004455 0.003317 0.080037 0.909816 0.002375
3 3 0.003690 0.002663 0.073612 0.918097 0.001938
3 3 0.003588 0.002578 0.072704 0.919248 0.001881
3 3 0.002588 0.001763 0.062804 0.931523 0.001323
3 3 0.002775 0.001912 0.064806 0.929080 0.001426
3 3 0.001940 0.001261 0.055140 0.940690 0.000970
3 3 0.002496 0.001690 0.061783 0.932759 0.001272
3 3 0.002155 0.001424 0.057819 0.937516 0.001086
3 3 0.003852 0.002800 0.075037 0.916281 0.002030
3 3 0.006219 0.004894 0.092684 0.892798 0.003405
3 3 0.012539 0.011116 0.125046 0.844036 0.007264
3 3 0.020731 0.016663 0.151044 0.800607 0.010955
3 3 0.028708 0.023126 0.170518 0.762670 0.014978
3 3 0.018879 0.017985 0.147695 0.804123 0.011319
3 3 0.019634 0.018836 0.150003 0.799717 0.011811
3 3 0.010929 0.009461 0.118057 0.855292 0.006261
3 3 0.008095 0.006659 0.103895 0.876826 0.004526
3 3 0.007488 0.006079 0.100463 0.881809 0.004160
3 3 0.008653 0.007199 0.106911 0.872374 0.004864
3 3 0.007250 0.005854 0.099071 0.883807 0.004018
3 3 0.030186 0.027825 0.175215 0.749465 0.017310
3 3 0.024750 0.024766 0.164052 0.771241 0.015190
3 3 0.018019 0.017024 0.144984 0.809212 0.010761
3 3 0.007723 0.006302 0.101810 0.879864 0.004301
3 3 0.007551 0.006139 0.100828 0.881284 0.004198
3 3 0.007727 0.006306 0.101835 0.879828 0.004304
3 3 0.010906 0.009438 0.117953 0.855457 0.006246
3 3 0.013517 0.012140 0.129000 0.837463 0.007880
3 3 0.015111 0.013839 0.135040 0.827119 0.008891
3 3 0.016367 0.015201 0.139489 0.819248 0.009695
3 3 0.015825 0.014801 0.143506 0.816441 0.009426
3 3 0.009617 0.009300 0.172581 0.802560 0.005942
3 3 0.007918 0.007812 0.188814 0.790471 0.004984
3 3 0.006218 0.005597 0.146071 0.838400 0.003715
3 3 0.006693 0.005332 0.095695 0.888594 0.003685
3 3 0.006173 0.004852 0.092380 0.893219 0.003377
3 3 0.007289 0.005891 0.099301 0.883479 0.004041
3 3 0.009878 0.008405 0.113117 0.862989 0.005612
3 3 0.018128 0.016875 0.145150 0.809139 0.010708
3 3 0.047837 0.038170 0.202793 0.686992 0.024208
3 3 0.123456 0.069018 0.254426 0.507026 0.046073
3 3 0.135358 0.079839 0.257447 0.475168 0.052188
3 3 0.163871 0.080810 0.263283 0.437088 0.054948
3 3 0.090993 0.053117 0.239668 0.580592 0.035631
3 3 0.029523 0.024853 0.172774 0.756972 0.015878
3 3 0.021277 0.021481 0.173534 0.770513 0.013195
3 3 0.018914 0.018932 0.172551 0.777896 0.011707
3 3 0.012777 0.013009 0.193830 0.772293 0.008091
3 3 0.010627 0.010076 0.159778 0.813055 0.006463
3 3 0.006541 0.005756 0.134644 0.849212 0.003846
3 3 0.005547 0.004861 0.135861 0.850463 0.003268
3 3 0.005660 0.005041 0.142904 0.843027 0.003368
3 3 0.005345 0.004535 0.122661 0.864372 0.003087
3 3 0.005240 0.004133 0.095816 0.891923 0.002888
3 3 0.005266 0.004031 0.086169 0.901689 0.002845
3 3 0.006204 0.004881 0.092586 0.892933 0.003396
3 3 0.005583 0.004315 0.088410 0.898661 0.003030
3 3 0.007285 0.005887 0.099279 0.883510 0.004039
3 3 0.009046 0.008589 0.164354 0.812479 0.005533
3 3 0.011123 0.014704 0.391874 0.573958 0.008342
2 2 0.009702 0.017918 0.674659 0.288780 0.008942
2 2 0.009729 0.022533 0.802507 0.154998 0.010233
2 2 0.015542 0.044185 0.837353 0.084772 0.018148
2 2 0.017151 0.065831 0.842228 0.048121 0.026669
2 2 0.020512 0.103071 0.802993 0.031128 0.042297
2 2 0.020230 0.096519 0.809600 0.034103 0.039548
2 2 0.023377 0.130280 0.762500 0.028680 0.055163
2 3 0.023513 0.138007 0.754416 0.025746 0.058318
2 3 0.022528 0.130154 0.768912 0.024583 0.053823
2 3 0.019973 0.101040 0.809233 0.028959 0.040795
2 3 0.017935 0.084467 0.833053 0.030989 0.033557
2 3 0.015851 0.072711 0.855731 0.027928 0.027778
2 3 0.012121 0.049517 0.893747 0.026809 0.017807
2 3 0.010187 0.042083 0.908815 0.024038 0.014878
2 3 0.009656 0.041269 0.913332 0.021346 0.014398
2 3 0.014458 0.061468 0.880650 0.022174 0.021250
2 3 0.017551 0.071210 0.865715 0.020806 0.024718
2 3 0.050128 0.104739 0.778177 0.024307 0.042648
2 3 0.069076 0.128667 0.716866 0.031168 0.054224
2 3 0.096645 0.154690 0.643032 0.037175 0.068457
0 3 0.471267 0.221871 0.120401 0.036716 0.149745
0 3 0.552438 0.187351 0.097854 0.022117 0.140240
1 0 0.224264 0.310628 0.228641 0.037102 0.199364
1 2 0.160606 0.363839 0.183739 0.036641 0.255176
4 1 0.134316 0.342443 0.140913 0.029651 0.352679
1 1 0.123412 0.353977 0.154230 0.030653 0.337728
1 1 0.136278 0.341849 0.166937 0.027446 0.327490
1 1 0.113422 0.332908 0.251813 0.031428 0.270429
1 1 0.110782 0.317976 0.272889 0.031257 0.267095
1 1 0.091708 0.303435 0.302122 0.029464 0.273271
2 1 0.110104 0.319833 0.334153 0.032108 0.203802
2 1 0.138377 0.315613 0.319998 0.032726 0.193285
1 1 0.174657 0.331663 0.243717 0.031214 0.218749
1 1 0.188057 0.328614 0.232977 0.030335 0.220017
0 1 0.308073 0.295837 0.149475 0.023746 0.222869
0 1 0.577551 0.162086 0.122750 0.017365 0.120248
0 1 0.693353 0.112884 0.095602 0.012372 0.085791
0 1 0.678185 0.122353 0.093262 0.014937 0.091262
0 1 0.689860 0.124678 0.074584 0.015453 0.095425
0 0 0.549976 0.188398 0.098626 0.022556 0.140445
0 0 0.378464 0.266833 0.134408 0.044633 0.175663
0 0 0.400395 0.241644 0.162296 0.038309 0.157355
2 0 0.233113 0.255037 0.325500 0.034075 0.152274
2 1 0.121038 0.221967 0.508722 0.029679 0.118593
2 1 0.092857 0.185021 0.601850 0.029931 0.090341
2 1 0.133126 0.177529 0.570394 0.030589 0.088361
2 1 0.168203 0.159393 0.563315 0.030160 0.078929
2 1 0.192405 0.163292 0.531490 0.029774 0.083038
2 1 0.167893 0.163150 0.556695 0.031817 0.080445
2 1 0.133336 0.168026 0.583842 0.034882 0.079914
2 1 0.128077 0.171605 0.583614 0.034907 0.081798
2 1 0.177626 0.194511 0.493540 0.032473 0.101850
2 1 0.221392 0.175831 0.478829 0.032206 0.091742
2 1 0.178322 0.166919 0.539141 0.032496 0.083123
2 1 0.265304 0.172944 0.438383 0.029482 0.093887
2 1 0.307888 0.174663 0.390666 0.028663 0.098120
2 1 0.298895 0.186793 0.377232 0.033973 0.103107
2 1 0.220585 0.183921 0.464069 0.036744 0.094682
2 1 0.158078 0.163956 0.565087 0.033195 0.079684
2 1 0.258471 0.160391 0.468521 0.025024 0.087593
2 1 0.351668 0.158510 0.374425 0.021978 0.093420
0 0 0.391244 0.166096 0.318703 0.024105 0.099852
0 0 0.408873 0.178585 0.276293 0.028785 0.107464
0 0 0.401451 0.187348 0.267220 0.032548 0.111433
0 0 0.452544 0.167509 0.250735 0.024623 0.104589
0 0 0.623235 0.122277 0.153512 0.012877 0.088099
0 0 0.711735 0.099618 0.101707 0.009195 0.077744
2 0 0.357560 0.155703 0.373338 0.020992 0.092407
2 0 0.339360 0.154008 0.395515 0.020735 0.090382
2 0 0.213234 0.140770 0.550560 0.020311 0.075126
2 0 0.291406 0.147071 0.458108 0.019602 0.083813
0 0 0.388939 0.141516 0.365942 0.016506 0.087098
0 0 0.403582 0.138960 0.355150 0.015722 0.086586
2 0 0.365705 0.142309 0.388877 0.016943 0.086165
0 0 0.400292 0.144747 0.348229 0.017313 0.089420
0 0 0.414498 0.145804 0.331382 0.017533 0.090783
0 0 0.375441 0.151285 0.362550 0.019417 0.091307
2 0 0.327002 0.153971 0.408536 0.020945 0.089546
2 0 0.223138 0.148307 0.526931 0.022339 0.079284
2 0 0.228966 0.150722 0.516579 0.022893 0.080839
2 0 0.236880 0.164746 0.483007 0.027600 0.087768
2 0 0.248746 0.165092 0.470064 0.027164 0.088933
2 1 0.243201 0.166069 0.474030 0.027797 0.088903
2 1 0.305676 0.170855 0.400060 0.027266 0.096143
2 1 0.337686 0.174172 0.360240 0.027763 0.100139
2 1 0.333870 0.176468 0.360072 0.028266 0.101323
2 1 0.286784 0.170706 0.420113 0.027793 0.094604
2 1 0.294445 0.166131 0.420522 0.025846 0.093055
2 1 0.333292 0.148857 0.411134 0.019265 0.087452
2 1 0.354278 0.134552 0.414568 0.015028 0.081574
0 1 0.435722 0.123574 0.348797 0.011871 0.080036
0 1 0.449116 0.135055 0.314350 0.014556 0.086923
0 1 0.530066 0.141920 0.216172 0.016853 0.094989
0 0 0.629427 0.133169 0.125601 0.016513 0.095290
0 0 0.588625 0.148530 0.139920 0.020616 0.102310
0 1 0.568297 0.150234 0.158915 0.020499 0.102054
0 1 0.451816 0.196406 0.195635 0.025770 0.130373
0 1 0.328777 0.243400 0.240435 0.029180 0.158208
0 1 0.454750 0.198421 0.188211 0.025017 0.133600
0 1 0.449350 0.176353 0.237085 0.028100 0.109112
0 0 0.478796 0.158194 0.240327 0.021502 0.101181
0 0 0.444196 0.172592 0.249940 0.026518 0.106754
2 0 0.287483 0.206990 0.349795 0.044269 0.111463
0 0 0.322551 0.213503 0.299485 0.046656 0.117805
0 1 0.572887 0.146912 0.160439 0.019410 0.100351
0 1 0.740430 0.095642 0.078249 0.009172 0.076507
0 1 0.713844 0.105538 0.087707 0.010961 0.081950
0 0 0.778363 0.087137 0.053335 0.008575 0.072589
0 0 0.872146 0.047038 0.029664 0.002943 0.048209
0 0 0.902871 0.035412 0.022009 0.001797 0.037912
0 0 0.872742 0.048089 0.029457 0.003012 0.046700
0 1 0.792469 0.081250 0.049737 0.007560 0.068985
0 1 0.628716 0.153263 0.080289 0.014787 0.122946
0 1 0.507513 0.200745 0.117903 0.017502 0.156337
2 1 0.245747 0.265076 0.291373 0.027868 0.169936
2 1 0.219996 0.251917 0.345471 0.028113 0.154503
2 1 0.182707 0.255112 0.381157 0.028009 0.153014
2 1 0.159307 0.248189 0.419911 0.027601 0.144993
2 1 0.129895 0.240849 0.466008 0.028484 0.134765
2 1 0.122177 0.246641 0.464463 0.028865 0.137854
2 1 0.116916 0.248022 0.467933 0.028169 0.138960
2 1 0.136274 0.228431 0.480755 0.027952 0.126589
2 1 0.204259 0.199062 0.457746 0.030459 0.108475
2 0 0.259380 0.175257 0.440249 0.030679 0.094435
2 1 0.300447 0.179558 0.389309 0.030845 0.099841
2 1 0.266841 0.178252 0.427232 0.030550 0.097125
2 1 0.179789 0.206987 0.469324 0.034266 0.109633
2 1 0.123496 0.191859 0.556616 0.031482 0.096548
2 1 0.116103 0.229522 0.501152 0.029902 0.123321
2 1 0.077919 0.201894 0.591464 0.025673 0.103049
2 1 0.066913 0.197772 0.610853 0.025386 0.099075
2 1 0.071440 0.205371 0.592859 0.026492 0.103838
2 1 0.067891 0.192718 0.618095 0.025604 0.095692
2 1 0.081960 0.215115 0.564344 0.027899 0.110682
2 1 0.087829 0.232853 0.527377 0.029112 0.122829
2 1 0.095925 0.234874 0.514717 0.028608 0.125875
2 1 0.095926 0.233553 0.517020 0.028018 0.125483
2 1 0.087125 0.232844 0.528231 0.028667 0.123133
2 1 0.081828 0.241363 0.519649 0.029485 0.127675
2 1 0.080512 0.258251 0.491984 0.029521 0.139732
2 1 0.085175 0.261141 0.481307 0.027816 0.144561
2 1 0.090038 0.261480 0.475042 0.028061 0.145379
2 1 0.092939 0.262850 0.469288 0.028505 0.146418
2 1 0.092797 0.260618 0.473413 0.028693 0.144479
2 1 0.089656 0.260041 0.478070 0.028472 0.143760
2 1 0.088588 0.268499 0.464383 0.028476 0.150054
2 1 0.078322 0.254622 0.500832 0.028479 0.137745
2 1 0.078978 0.264854 0.482223 0.028915 0.145031
2 1 0.077444 0.268105 0.478345 0.028936 0.147170
2 1 0.081800 0.279198 0.453543 0.029064 0.156395
2 1 0.088498 0.270359 0.461167 0.028349 0.151626
2 1 0.093535 0.265179 0.464451 0.028379 0.148456
2 1 0.100431 0.263957 0.458536 0.028030 0.149046
2 1 0.093333 0.280575 0.437415 0.029507 0.159170
2 1 0.095451 0.287787 0.422126 0.030606 0.164030
2 1 0.082953 0.281474 0.448445 0.031829 0.155299
2 1 0.082409 0.274649 0.461130 0.032223 0.149588
2 1 0.076389 0.271242 0.474234 0.032912 0.145223
2 1 0.085539 0.284740 0.439631 0.033040 0.157050
2 1 0.091920 0.296112 0.411612 0.032386 0.167971
2 1 0.098295 0.307593 0.382829 0.031459 0.179824
2 1 0.102847 0.314625 0.364398 0.031855 0.186275
1 1 0.128010 0.328095 0.308433 0.032420 0.203041
1 1 0.126148 0.333088 0.301666 0.034099 0.204999
1 1 0.123449 0.336694 0.298262 0.034874 0.206721
1 1 0.131565 0.340008 0.281884 0.035187 0.211357
1 1 0.131836 0.337464 0.287179 0.037735 0.205786
1 1 0.121818 0.351709 0.272351 0.039918 0.214202
1 1 0.126626 0.352671 0.264498 0.040304 0.215901
1 1 0.196242 0.332957 0.217067 0.037265 0.216469
0 1 0.284877 0.275565 0.227557 0.035097 0.176904
0 1 0.418439 0.225661 0.174178 0.028098 0.153624
0 1 0.394887 0.215493 0.221409 0.029793 0.138418
0 1 0.312669 0.253599 0.239050 0.033126 0.161556
2 1 0.225322 0.255033 0.333559 0.039198 0.146888
2 1 0.218099 0.259744 0.333421 0.036036 0.152700
2 1 0.204555 0.254627 0.358031 0.031019 0.151768
2 1 0.164384 0.244107 0.421790 0.029861 0.139859
2 1 0.158374 0.211907 0.485398 0.027713 0.116609
2 1 0.182799 0.210179 0.461970 0.026302 0.118750
2 1 0.234640 0.240071 0.350788 0.025477 0.149024
2 1 0.227498 0.268945 0.303550 0.025507 0.174499
1 1 0.209763 0.293082 0.276488 0.025888 0.194780
2 1 0.164174 0.291802 0.333656 0.028696 0.181672
2 1 0.146597 0.261913 0.409747 0.031478 0.150266
2 1 0.138722 0.236036 0.464254 0.033132 0.127856
2 1 0.156381 0.232490 0.450551 0.035010 0.125568
2 1 0.135298 0.205301 0.519990 0.035191 0.104219
2 1 0.144771 0.212586 0.497190 0.035783 0.109670
2 1 0.119597 0.206224 0.535911 0.034197 0.104072
2 1 0.120292 0.251298 0.458317 0.032306 0.137787
2 1 0.094199 0.250406 0.489702 0.030742 0.134951
2 1 0.104191 0.263456 0.455302 0.030187 0.146863
2 1 0.102926 0.255396 0.470974 0.030465 0.140239
2 1 0.117171 0.247376 0.468795 0.031180 0.135479
2 1 0.165686 0.244304 0.419957 0.031650 0.138402
2 1 0.188683 0.243816 0.395389 0.030787 0.141325
2 1 0.180064 0.268629 0.359524 0.030299 0.161484
2 1 0.130526 0.283822 0.388332 0.031422 0.165898
2 1 0.074051 0.249960 0.513567 0.033279 0.129142
2 1 0.008385 0.042880 0.923386 0.011460 0.013888
2 2 0.007751 0.040423 0.928156 0.010660 0.013010
2 2 0.009373 0.046615 0.916078 0.012699 0.015235
2 2 0.011281 0.053539 0.902352 0.015061 0.017766
2 2 0.010652 0.051298 0.906819 0.014288 0.016943
2 2 0.008536 0.043460 0.922257 0.011651 0.014096
2 2 0.007191 0.038205 0.932435 0.009947 0.012222
2 2 0.007948 0.041193 0.926666 0.010909 0.013284
2 2 0.009177 0.045765 0.917731 0.012388 0.014939
2 2 0.008430 0.042134 0.923250 0.012404 0.013782
2 2 0.008928 0.041736 0.919652 0.015651 0.014034
2 2 0.027602 0.073934 0.853520 0.016827 0.028117
2 2 0.090002 0.125938 0.702182 0.025417 0.056461
2 2 0.247857 0.179475 0.444326 0.033027 0.095316
0 2 0.345552 0.213572 0.274658 0.046268 0.119949
0 2 0.602148 0.161644 0.096878 0.025980 0.113350
0 0 0.638400 0.148572 0.080367 0.015484 0.117177
0 0 0.511731 0.207549 0.099266 0.020492 0.160961
0 0 0.333292 0.293089 0.132851 0.039741 0.201026
1 1 0.085173 0.376744 0.271773 0.048919 0.217391
2 1 0.028497 0.185418 0.676026 0.026268 0.083791
2 1 0.020849 0.142528 0.752576 0.019578 0.064469
2 2 0.013877 0.084793 0.853492 0.015684 0.032153
2 2 0.009342 0.048808 0.913242 0.012370 0.016238
2 2 0.008173 0.043095 0.923612 0.011065 0.014054
2 2 0.007994 0.042328 0.925056 0.010848 0.013773
2 2 0.008889 0.049917 0.912802 0.011480 0.016912
2 2 0.010385 0.054981 0.902531 0.013374 0.018729
2 2 0.009860 0.048023 0.912614 0.013686 0.015817
2 2 0.006850 0.031487 0.934664 0.016255 0.010744
2 2 0.006404 0.028318 0.936995 0.018438 0.009845
2 2 0.005755 0.023158 0.937563 0.025113 0.008412
2 3 0.005382 0.019656 0.932964 0.034538 0.007461
2 3 0.005517 0.017963 0.918757 0.050602 0.007161
2 3 0.007087 0.020036 0.882641 0.081805 0.008431
2 3 0.008417 0.019362 0.806859 0.156508 0.008854
2 3 0.011279 0.021575 0.690243 0.266335 0.010568
2 3 0.009522 0.015192 0.562059 0.405181 0.008047
3 3 0.009802 0.012436 0.362805 0.607765 0.007192
3 3 0.007053 0.007060 0.200390 0.781001 0.004496
3 3 0.015780 0.016044 0.186693 0.771563 0.009921
3 3 0.052138 0.055513 0.210679 0.649368 0.032304
3 0 0.247738 0.150751 0.245630 0.262592 0.093290
0 0 0.461979 0.170687 0.167913 0.085862 0.113559
0 1 0.573403 0.171793 0.105627 0.030822 0.118355
0 1 0.487360 0.214151 0.117973 0.035649 0.144867
0 1 0.478287 0.217247 0.121555 0.038907 0.144004
0 1 0.364376 0.264251 0.156174 0.047801 0.167399
2 2 0.095800 0.228236 0.512152 0.060600 0.103212
2 2 0.030876 0.095716 0.772142 0.064158 0.037108
2 2 0.005947 0.024547 0.937577 0.023118 0.008811
2 2 0.005670 0.024976 0.942148 0.018479 0.008727
2 2 0.004828 0.021536 0.948675 0.017446 0.007516
2 2 0.006291 0.028766 0.938650 0.016432 0.009861
2 2 0.007097 0.033588 0.933254 0.014756 0.011305
2 2 0.009159 0.042749 0.917961 0.015757 0.014373
2 2 0.006743 0.029760 0.934516 0.018639 0.010341
2 2 0.005311 0.022092 0.942374 0.022296 0.007928
2 2 0.002870 0.011096 0.955082 0.026774 0.004179
2 2 0.002924 0.010112 0.944069 0.038900 0.003995
3 2 0.006471 0.005126 0.094298 0.890552 0.003553
3 2 0.005492 0.004233 0.087775 0.899523 0.002977
3 3 0.004750 0.003574 0.082341 0.906790 0.002545
3 3 0.006540 0.005190 0.094737 0.889938 0.003594
3 3 0.007045 0.005661 0.097850 0.885548 0.003895
3 3 0.007741 0.006320 0.101917 0.879708 0.004312
3 3 0.007919 0.006490 0.102921 0.878250 0.004420
3 3 0.006464 0.005119 0.094253 0.890614 0.003549
3 3 0.005954 0.004651 0.090935 0.895212 0.003248
3 3 0.004032 0.002952 0.076572 0.914312 0.002133
3 3 0.003595 0.002584 0.072766 0.919170 0.001885
3 3 0.002854 0.001975 0.065627 0.928073 0.001470
3 3 0.002255 0.001502 0.059019 0.936084 0.001140
3 3 0.002102 0.001384 0.057175 0.938283 0.001057
3 3 0.002396 0.001612 0.060660 0.934115 0.001217
3 3 0.002179 0.001443 0.058118 0.937160 0.001099
3 3 0.002306 0.001542 0.059623 0.935361 0.001168
3 3 0.002767 0.001905 0.064714 0.929193 0.001421
3 3 0.003231 0.002282 0.069378 0.923429 0.001680
3 3 0.003394 0.002416 0.070921 0.921497 0.001771
3 3 0.003094 0.002169 0.068042 0.925092 0.001603
3 3 0.002975 0.002072 0.066853 0.926564 0.001536
3 3 0.002963 0.002063 0.066733 0.926712 0.001530
3 3 0.002871 0.001989 0.065799 0.927863 0.001479
3 3 0.001926 0.001250 0.054950 0.940913 0.000962
3 3 0.002304 0.001540 0.059600 0.935388 0.001167
3 3 0.002883 0.001998 0.065918 0.927716 0.001485
3 3 0.003071 0.002151 0.067821 0.925366 0.001591
3 3 0.003696 0.002668 0.073670 0.918024 0.001942
3 3 0.003161 0.002224 0.068701 0.924273 0.001641
3 3 0.003686 0.002660 0.073576 0.918142 0.001936
3 3 0.003089 0.002165 0.067992 0.925154 0.001600
3 3 0.002399 0.001614 0.060691 0.934077 0.001219
3 3 0.001701 0.001082 0.051949 0.944426 0.000842
3 3 0.001455 0.000903 0.048389 0.948541 0.000711
3 3 0.001226 0.000740 0.044748 0.952695 0.000591
3 3 0.001594 0.001004 0.050436 0.946181 0.000785
3 3 0.002190 0.001451 0.058242 0.937012 0.001105
3 3 0.002618 0.001786 0.063121 0.931137 0.001339
3 3 0.003075 0.002154 0.067857 0.925321 0.001593
3 3 0.003660 0.002638 0.073351 0.918429 0.001922
3 3 0.003580 0.002571 0.072632 0.919340 0.001876
3 3 0.003209 0.002263 0.069159 0.923702 0.001667
3 3 0.002195 0.001455 0.058303 0.936940 0.001107
3 3 0.001814 0.001166 0.053480 0.942639 0.000902
3 3 0.001749 0.001118 0.052605 0.943662 0.000867
3 3 0.001959 0.001275 0.055377 0.940409 0.000980
3 3 0.001912 0.001240 0.054779 0.941115 0.000955
3 3 0.002023 0.001324 0.056192 0.939447 0.001014
3 3 0.002362 0.001585 0.060269 0.934586 0.001198
3 3 0.001869 0.001207 0.054211 0.941781 0.000931
3 3 0.001559 0.000978 0.049926 0.946771 0.000766
3 3 0.001198 0.000720 0.044275 0.953231 0.000577
3 3 0.001854 0.001196 0.054019 0.942007 0.000923
3 3 0.002597 0.001770 0.062903 0.931402 0.001328
3 3 0.003443 0.002457 0.071375 0.920926 0.001799
3 3 0.003309 0.002346 0.070122 0.922499 0.001724
3 3 0.004138 0.003044 0.077467 0.913157 0.002194
3 3 0.006032 0.004723 0.091456 0.894495 0.003294
3 3 0.012392 0.010964 0.124436 0.845035 0.007173
2 2 0.032791 0.074504 0.690181 0.169594 0.032929
2 2 0.040297 0.131628 0.663721 0.101703 0.062651
2 2 0.053839 0.249288 0.491950 0.046139 0.158785
2 2 0.052967 0.293817 0.371398 0.029631 0.252187
2 2 0.047135 0.268757 0.358633 0.021763 0.303712
2 2 0.044663 0.246532 0.361507 0.018587 0.328711
2 2 0.043032 0.242910 0.405373 0.019496 0.289190
2 2 0.043634 0.246806 0.361697 0.018066 0.329798
2 2 0.039768 0.259711 0.395081 0.018456 0.286984
2 2 0.036197 0.261433 0.431882 0.018305 0.252184
2 2 0.034150 0.264634 0.427001 0.016973 0.257243
2 2 0.035982 0.264733 0.370804 0.015566 0.312915
2 2 0.034973 0.258004 0.379879 0.014930 0.312214
2 2 0.037562 0.254176 0.353741 0.015101 0.339421
2 2 0.034973 0.236739 0.397931 0.014250 0.316107
2 2 0.034874 0.232229 0.395778 0.013850 0.323270
2 2 0.032494 0.223706 0.421836 0.013006 0.308958
2 2 0.032445 0.238959 0.429309 0.014192 0.285094
2 2 0.032007 0.241607 0.444942 0.014753 0.266691
2 2 0.033851 0.260167 0.417020 0.015963 0.272999
2 2 0.033903 0.243306 0.400221 0.014182 0.308389
2 2 0.036268 0.243125 0.354808 0.013848 0.351951
4 2 0.040354 0.256444 0.259554 0.013657 0.429990
4 2 0.043306 0.252444 0.152874 0.012085 0.539291
4 2 0.042262 0.241926 0.136727 0.011016 0.568069
4 1 0.042793 0.204687 0.095876 0.009180 0.647465
4 1 0.041607 0.185099 0.089258 0.008178 0.675857
4 1 0.041725 0.169671 0.088765 0.007737 0.692102
4 1 0.043961 0.166224 0.108986 0.008421 0.672408
4 1 0.043237 0.161101 0.132602 0.008409 0.654652
4 1 0.045971 0.162009 0.143966 0.009256 0.638799
4 1 0.045522 0.170803 0.196061 0.010297 0.577316
4 1 0.044985 0.203086 0.256522 0.012748 0.482658
4 1 0.040920 0.220420 0.343019 0.014313 0.381328
4 1 0.042466 0.253000 0.308625 0.015873 0.380036
4 1 0.037746 0.227609 0.307010 0.012387 0.415248
4 1 0.037265 0.226224 0.340850 0.012980 0.382681
2 1 0.031619 0.197313 0.483058 0.012997 0.275013
2 1 0.029686 0.190123 0.517587 0.012762 0.249843
2 2 0.032144 0.200839 0.439263 0.012051 0.315703
2 2 0.034089 0.205817 0.444961 0.013475 0.301659
2 2 0.032771 0.188566 0.516905 0.014332 0.247426
2 2 0.033627 0.186056 0.581282 0.018420 0.180615
2 2 0.043325 0.232027 0.476785 0.023185 0.224678
2 2 0.062808 0.308961 0.312038 0.033672 0.282521
4 2 0.101857 0.305005 0.206406 0.029358 0.357374
4 2 0.112728 0.280439 0.168721 0.026627 0.411484
4 2 0.065476 0.195640 0.118296 0.015263 0.605325
4 2 0.061727 0.168858 0.110282 0.011968 0.647165
4 2 0.071678 0.141610 0.096788 0.007576 0.682348
4 2 0.083147 0.180483 0.112195 0.011939 0.612236
4 2 0.094530 0.198489 0.117956 0.013942 0.575083
4 2 0.120474 0.205276 0.129398 0.017517 0.527335
4 1 0.262740 0.191150 0.116739 0.013068 0.416303
0 0 0.442397 0.145252 0.094867 0.008753 0.308731
0 0 0.518592 0.151780 0.093731 0.011583 0.224313
0 1 0.479637 0.164521 0.102183 0.013756 0.239903
0 1 0.421003 0.200623 0.112535 0.018126 0.247713
4 1 0.285617 0.255541 0.129425 0.024109 0.305307
0 1 0.349618 0.247624 0.115602 0.019708 0.267448
2 1 0.160778 0.305259 0.313622 0.044453 0.175887
2 1 0.132154 0.304185 0.349050 0.043982 0.170629
1 1 0.116061 0.331760 0.317675 0.043067 0.191437
1 1 0.121948 0.344547 0.285989 0.039314 0.208202
1 1 0.097849 0.351641 0.295329 0.034025 0.221156
2 1 0.080671 0.328391 0.343837 0.031424 0.215677
2 1 0.091692 0.311104 0.329767 0.028804 0.238634
4 1 0.131174 0.286919 0.232783 0.025859 0.323265
4 1 0.177470 0.225403 0.169016 0.018597 0.409514
4 1 0.199978 0.172775 0.112151 0.010451 0.504644
4 1 0.220848 0.164474 0.104387 0.008465 0.501825
4 1 0.228929 0.143198 0.088260 0.005101 0.534512
0 1 0.404407 0.154803 0.086779 0.006481 0.347530
0 1 0.532311 0.113912 0.074757 0.005097 0.273922
0 1 0.514794 0.151037 0.097063 0.012597 0.224508
4 1 0.314790 0.203614 0.122326 0.017184 0.342085
4 1 0.297755 0.194988 0.118773 0.014702 0.373783
4 0 0.253471 0.227267 0.128235 0.019385 0.371643
4 0 0.247006 0.216101 0.130307 0.019246 0.387340
4 1 0.189189 0.169281 0.115198 0.011079 0.515253
4 1 0.050738 0.087491 0.076609 0.003952 0.781211
4 1 0.051180 0.080183 0.068212 0.002880 0.797544
4 1 0.053020 0.091431 0.072403 0.003429 0.779718
4 1 0.073045 0.159878 0.100295 0.008697 0.658085
4 1 0.051201 0.145385 0.093634 0.007774 0.702005
4 1 0.045774 0.134115 0.089586 0.006976 0.723549
4 4 0.039744 0.122457 0.083389 0.005898 0.748512
4 4 0.048337 0.147566 0.096275 0.008552 0.699269
4 4 0.047804 0.138172 0.092433 0.007534 0.714057
4 4 0.045463 0.109996 0.078179 0.004625 0.761736
4 4 0.045083 0.108178 0.074768 0.004125 0.767846
4 4 0.034882 0.127168 0.076956 0.005107 0.755887
4 4 0.044969 0.189278 0.093957 0.009196 0.662600
4 4 0.055114 0.257199 0.108875 0.015216 0.563596
4 4 0.066079 0.280247 0.109864 0.015812 0.527998
4 4 0.089773 0.337543 0.118812 0.021862 0.432010
1 4 0.113117 0.388153 0.139917 0.028988 0.329825
1 4 0.104990 0.378564 0.173358 0.033580 0.309508
4 4 0.155349 0.289450 0.125674 0.020917 0.408609
4 4 0.123776 0.242641 0.120713 0.016171 0.496699
4 4 0.074282 0.174706 0.095704 0.007992 0.647317
4 4 0.079433 0.205203 0.106521 0.011283 0.597560
4 4 0.085639 0.235558 0.117321 0.015615 0.545867
4 4 0.075303 0.279962 0.160353 0.022443 0.461939
4 4 0.071352 0.324331 0.176207 0.026992 0.401118
4 4 0.067404 0.323364 0.187979 0.028614 0.392639
4 4 0.069785 0.281068 0.240726 0.029018 0.379402
4 4 0.068479 0.211054 0.150469 0.018439 0.551559
4 4 0.063353 0.170440 0.115619 0.013510 0.637079
4 4 0.050291 0.132628 0.097730 0.008415 0.710936
4 4 0.048883 0.116775 0.103492 0.007602 0.723248
4 4 0.040723 0.088168 0.081736 0.005007 0.784366
4 4 0.047074 0.108197 0.095440 0.006852 0.742437
4 4 0.048895 0.133786 0.110597 0.008357 0.698364
4 1 0.047201 0.161159 0.193231 0.010294 0.588115
4 1 0.044247 0.184765 0.246450 0.011422 0.513116
4 2 0.038290 0.204969 0.367751 0.013000 0.375990
2 2 0.038671 0.227622 0.376697 0.014789 0.342220
2 2 0.027448 0.188743 0.585864 0.014549 0.183395
2 2 0.024012 0.183857 0.650386 0.016171 0.125574
2 2 0.020478 0.187100 0.684816 0.017140 0.090466
2 2 0.018054 0.165629 0.722808 0.015587 0.077922
2 2 0.017748 0.163087 0.727303 0.015377 0.076485
2 2 0.014570 0.130429 0.780931 0.012948 0.061122
2 2 0.012567 0.105714 0.819740 0.011298 0.050681
2 2 0.011453 0.089664 0.840981 0.009744 0.048158
2 2 0.012864 0.093066 0.825810 0.009898 0.058362
2 2 0.011954 0.086347 0.841491 0.009726 0.050482
2 2 0.010662 0.078999 0.861221 0.009736 0.039382
2 2 0.009249 0.068998 0.881825 0.009239 0.030689
2 2 0.008626 0.066247 0.888359 0.008967 0.027801
2 2 0.009640 0.079069 0.869530 0.010114 0.031646
2 2 0.014304 0.104466 0.816090 0.012724 0.052417
2 2 0.012383 0.080848 0.859668 0.012889 0.034212
2 2 0.015405 0.095553 0.834973 0.016893 0.037176
2 2 0.016006 0.093065 0.837379 0.017976 0.035573
2 2 0.019086 0.114742 0.799911 0.020263 0.045998
2 2 0.023289 0.124218 0.777949 0.025089 0.049456
2 2 0.053417 0.160172 0.678450 0.041825 0.066135
2 2 0.085174 0.134904 0.690376 0.030499 0.059048
2 2 0.098649 0.146377 0.656222 0.033485 0.065266
2 2 0.155247 0.193841 0.513254 0.044288 0.093370
2 2 0.123621 0.216059 0.512945 0.039665 0.107710
2 2 0.103163 0.240727 0.494120 0.039925 0.122065
2 2 0.082050 0.266181 0.474844 0.040907 0.136018
2 2 0.044209 0.241425 0.526968 0.031416 0.155981
2 2 0.038222 0.213879 0.518260 0.020418 0.209221
2 2 0.044424 0.217904 0.416212 0.018621 0.302840
2 2 0.039084 0.196284 0.545221 0.020930 0.198480
2 2 0.034529 0.191927 0.606861 0.022635 0.144049
2 1 0.027685 0.175427 0.673236 0.021554 0.102097
2 1 0.022902 0.168202 0.704747 0.019420 0.084729
2 1 0.018915 0.139395 0.760301 0.017434 0.063956
2 2 0.017121 0.109934 0.808476 0.017213 0.047255
2 2 0.012477 0.066932 0.881534 0.015375 0.023682
2 2 0.013188 0.069877 0.875913 0.016162 0.024859
2 2 0.016285 0.093288 0.836499 0.018356 0.035572
2 2 0.017710 0.105540 0.816001 0.019209 0.041540
2 2 0.018041 0.111243 0.807025 0.019154 0.044538
2 2 0.020618 0.139818 0.759594 0.020204 0.059766
2 2 0.017690 0.118862 0.796349 0.018060 0.049038
2 2 0.014924 0.098497 0.831584 0.015977 0.039018
2 2 0.011961 0.077095 0.868332 0.013589 0.029023
2 2 0.009207 0.053961 0.906575 0.011565 0.018692
2 2 0.009230 0.052303 0.908789 0.011780 0.017898
2 2 0.009900 0.051688 0.908084 0.012960 0.017368
2 2 0.009868 0.048500 0.912399 0.013308 0.015925
2 2 0.008549 0.043510 0.922159 0.011667 0.014114
2 2 0.010491 0.058779 0.897123 0.013117 0.020490
2 2 0.010761 0.060632 0.893982 0.013347 0.021278
2 2 0.010984 0.063288 0.889827 0.013421 0.022480
2 2 0.010911 0.067578 0.883985 0.012888 0.024638
2 2 0.009803 0.062339 0.893657 0.011685 0.022516
2 2 0.009920 0.063911 0.891199 0.011722 0.023248
2 2 0.009424 0.056178 0.903048 0.011686 0.019665
2 2 0.010004 0.049861 0.910274 0.013364 0.016497
2 2 0.012706 0.054793 0.892584 0.021022 0.018895
2 2 0.030947 0.087511 0.808818 0.038748 0.033976
2 2 0.066358 0.111351 0.711837 0.060568 0.049886
2 2 0.100084 0.135282 0.630554 0.070018 0.064062
0 0 0.735623 0.106096 0.055898 0.007452 0.094931
1 0 0.282757 0.315499 0.142703 0.030676 0.228365
1 0 0.117017 0.408637 0.156778 0.036561 0.281007
1 0 0.063932 0.386227 0.164575 0.031225 0.354041
1 0 0.060435 0.373528 0.184743 0.029157 0.352136
1 0 0.055360 0.364329 0.217543 0.027264 0.335505
1 0 0.050218 0.365347 0.268566 0.027546 0.288323
1 0 0.049135 0.390538 0.291409 0.031995 0.236924
1 0 0.049037 0.377652 0.316985 0.032922 0.223404
1 1 0.051197 0.370965 0.327509 0.035302 0.215027
1 1 0.047470 0.358107 0.356039 0.033068 0.205315
1 1 0.047957 0.372570 0.327969 0.032398 0.219106
2 1 0.046656 0.355783 0.360886 0.032472 0.204202
2 1 0.046703 0.346330 0.349521 0.029670 0.227776
2 1 0.042324 0.321180 0.410607 0.028579 0.197311
2 1 0.039298 0.294332 0.464264 0.027674 0.174432
2 1 0.040250 0.308068 0.455429 0.030025 0.166228
2 1 0.040781 0.315793 0.441062 0.030006 0.172358
2 1 0.041887 0.329647 0.414820 0.030097 0.183549
2 1 0.040833 0.325327 0.423833 0.029423 0.180585
2 1 0.045527 0.342075 0.388002 0.032525 0.191870
2 1 0.053788 0.340480 0.379587 0.033011 0.193134
2 1 0.060567 0.326743 0.395290 0.032103 0.185297
2 1 0.072870 0.330119 0.373038 0.031800 0.192173
2 1 0.081288 0.329574 0.363082 0.031195 0.194861
2 1 0.091724 0.335642 0.338160 0.030581 0.203892
2 1 0.091431 0.333693 0.342025 0.030143 0.202708
2 1 0.085627 0.322055 0.371010 0.029645 0.191663
2 1 0.084164 0.308291 0.398114 0.029156 0.180275
2 1 0.085394 0.329890 0.357550 0.031890 0.195276
1 1 0.066514 0.352105 0.341992 0.036884 0.202504
2 1 0.052482 0.355242 0.355441 0.037756 0.199079
2 1 0.046802 0.347136 0.377221 0.033299 0.195542
2 1 0.043542 0.350374 0.374772 0.030178 0.201134
4 1 0.045846 0.304789 0.296059 0.020736 0.332570
4 1 0.043330 0.219068 0.252998 0.012855 0.471749
4 1 0.042853 0.156997 0.143441 0.008323 0.648387
4 4 0.043398 0.147559 0.089877 0.007429 0.711736
4 4 0.032460 0.116051 0.072754 0.004408 0.774327
4 4 0.021184 0.063928 0.051400 0.001839 0.861650
4 4 0.020547 0.034501 0.037650 0.000759 0.906543
4 4 0.030358 0.031809 0.035804 0.000574 0.901455
4 4 0.023604 0.027312 0.030967 0.000430 0.917688
4 4 0.026158 0.031844 0.033846 0.000529 0.907624
4 4 0.024523 0.041107 0.039298 0.000819 0.894252
4 4 0.031941 0.061578 0.049311 0.001420 0.855750
4 4 0.043405 0.132858 0.081110 0.005502 0.737125
4 4 0.048765 0.183476 0.098669 0.010013 0.659077
4 4 0.048100 0.176569 0.097509 0.009576 0.668246
4 4 0.042957 0.174610 0.090655 0.008193 0.683585
4 4 0.053639 0.219426 0.106132 0.012943 0.607860
4 4 0.054230 0.170247 0.092816 0.007990 0.674717
4 4 0.098787 0.141604 0.089687 0.005748 0.664174
4 4 0.088769 0.116622 0.086011 0.004925 0.703673
4 4 0.102710 0.095296 0.085083 0.004323 0.712587
4 4 0.091784 0.099645 0.097822 0.006421 0.704327
4 4 0.091162 0.076279 0.081102 0.003692 0.747764
4 4 0.060942 0.058896 0.062526 0.002028 0.815608
4 4 0.049400 0.049119 0.055169 0.001527 0.844784
4 4 0.053160 0.037498 0.045938 0.000898 0.862506
4 4 0.030444 0.114157 0.069666 0.004025 0.781708
4 4 0.030515 0.107360 0.069308 0.003892 0.788925
4 4 0.046018 0.134813 0.101051 0.007682 0.710436
4 4 0.045617 0.127021 0.091440 0.007210 0.728713
4 4 0.040673 0.122460 0.084638 0.006077 0.746152
4 4 0.039672 0.134818 0.084108 0.006246 0.735156
4 4 0.032899 0.113491 0.073215 0.004425 0.775970
4 4 0.037784 0.140921 0.081867 0.006032 0.733396
4 4 0.032432 0.119422 0.072933 0.004480 0.770733
4 4 0.034443 0.129334 0.076461 0.005078 0.754684
4 4 0.035500 0.143167 0.078765 0.005624 0.736943
4 4 0.035661 0.150440 0.079374 0.005838 0.728687
4 4 0.035193 0.168518 0.079530 0.006181 0.710578
4 4 0.038806 0.225936 0.086651 0.008612 0.639995
4 4 0.042564 0.260285 0.092650 0.010850 0.593651
4 4 0.043939 0.260742 0.094537 0.011335 0.589447
4 4 0.045599 0.269384 0.106469 0.012462 0.566086
4 4 0.046264 0.274675 0.145242 0.013874 0.519944
4 4 0.045091 0.274034 0.171683 0.014091 0.495102
4 4 0.048848 0.249716 0.100834 0.012615 0.587988
4 4 0.042906 0.213990 0.092031 0.009438 0.641635
4 4 0.037237 0.172322 0.082634 0.006746 0.701061
4 4 0.030547 0.108267 0.069418 0.003916 0.787852
4 4 0.028227 0.082578 0.063951 0.003031 0.822213
4 4 0.020547 0.061564 0.050146 0.001734 0.866009
4 4 0.017569 0.051964 0.044296 0.001305 0.884866
4 4 0.019926 0.055748 0.048547 0.001582 0.874197
4 4 0.025073 0.070728 0.058112 0.002397 0.843691
4 4 0.028044 0.083570 0.063768 0.003027 0.821591
4 4 0.038640 0.108340 0.080837 0.005283 0.766899
4 4 0.037688 0.098641 0.084193 0.004888 0.774590
4 4 0.040812 0.110435 0.083908 0.005732 0.759113
4 4 0.044937 0.132396 0.090942 0.007256 0.724468
4 4 0.046488 0.153203 0.094241 0.008327 0.697740
4 4 0.052749 0.208695 0.104678 0.012190 0.621688
4 4 0.054188 0.257883 0.107749 0.014901 0.565280
4 4 0.054446 0.308684 0.108661 0.017542 0.510667
4 4 0.053942 0.315023 0.108070 0.017648 0.505317
4 4 0.052430 0.286819 0.105984 0.015587 0.539180
4 4 0.050246 0.260587 0.102842 0.013563 0.572762
4 4 0.052098 0.254539 0.105079 0.013975 0.574309
4 4 0.051534 0.248085 0.116352 0.013800 0.570229
4 4 0.049090 0.206748 0.101282 0.011024 0.631856
4 4 0.050048 0.210917 0.101348 0.011451 0.626236
4 4 0.051329 0.237351 0.103731 0.012955 0.594633
4 4 0.064834 0.220108 0.111110 0.013859 0.590089
4 4 0.135299 0.168104 0.118218 0.012055 0.566324
4 0 0.245247 0.192915 0.152254 0.027864 0.381719
0 0 0.336665 0.233561 0.155503 0.048556 0.225715
0 0 0.302171 0.277416 0.169412 0.104414 0.146587
0 0 0.289585 0.281583 0.171945 0.109936 0.146951
0 0 0.340063 0.242864 0.216366 0.066892 0.133815
0 0 0.450327 0.220347 0.148741 0.031299 0.149286
2 0 0.110593 0.233935 0.498756 0.035150 0.121566
2 1 0.093917 0.238098 0.510492 0.035007 0.122485
2 1 0.071570 0.229930 0.550007 0.034155 0.114338
2 1 0.070880 0.243069 0.528354 0.035872 0.121824
2 1 0.046974 0.231589 0.575656 0.036030 0.109751
2 1 0.033230 0.205159 0.637290 0.030197 0.094124
2 1 0.029887 0.186841 0.671527 0.027795 0.083950
2 1 0.032282 0.124095 0.767560 0.025481 0.050582
2 1 0.049415 0.150818 0.704086 0.030893 0.064787
2 2 0.054201 0.175183 0.659003 0.033630 0.077983
2 2 0.046689 0.173332 0.669750 0.034960 0.075271
2 2 0.038884 0.197343 0.639656 0.037667 0.086449
2 2 0.043493 0.248627 0.551343 0.037988 0.118549
2 2 0.037684 0.253748 0.551841 0.031295 0.125432
2 2 0.027040 0.150146 0.732579 0.027511 0.062724
2 2 0.014536 0.074291 0.866867 0.017765 0.026541
2 2 0.009879 0.048488 0.912388 0.013330 0.015916
2 2 0.007932 0.041130 0.926787 0.010889 0.013262
2 2 0.007630 0.039946 0.929080 0.010505 0.012839
2 2 0.008483 0.043257 0.922653 0.011584 0.014023
2 2 0.008902 0.051305 0.910887 0.011350 0.017556
2 2 0.009089 0.054708 0.905807 0.011300 0.019097
2 2 0.009879 0.057523 0.900198 0.012273 0.020127
2 2 0.009392 0.051425 0.909612 0.012144 0.017427
2 2 0.009201 0.051253 0.910282 0.011847 0.017417
2 2 0.008873 0.049465 0.913450 0.011505 0.016707
2 2 0.007672 0.040111 0.928761 0.010559 0.012898
2 2 0.007526 0.039539 0.929865 0.010374 0.012695
2 2 0.007602 0.039836 0.929291 0.010470 0.012801
2 2 0.006780 0.036548 0.935615 0.009421 0.011636
2 2 0.006373 0.034886 0.938789 0.008899 0.011052
2 2 0.006804 0.036646 0.935427 0.009452 0.011671
2 2 0.006825 0.036731 0.935265 0.009479 0.011701
2 2 0.007598 0.038225 0.929637 0.012038 0.012503
2 2 0.008734 0.039141 0.920660 0.018050 0.013414
2 2 0.005869 0.023698 0.936976 0.024866 0.008591
2 2 0.005139 0.019520 0.937902 0.030146 0.007293
2 2 0.005735 0.021177 0.931603 0.033498 0.007986
2 2 0.003957 0.014230 0.941078 0.035254 0.005482
2 2 0.004181 0.013622 0.927589 0.049139 0.005469
2 3 0.004071 0.012348 0.916555 0.061908 0.005117
2 3 0.006233 0.015607 0.852916 0.118303 0.006941
2 3 0.009917 0.021140 0.761831 0.197177 0.009936
