0 0 0.669423 0.118475 0.036810 0.003622 0.171670
0 0 0.650693 0.125737 0.041378 0.004427 0.177765
0 0 0.580475 0.135956 0.045144 0.004640 0.233785
0 0 0.446701 0.139181 0.043962 0.003770 0.366385
0 0 0.511818 0.144129 0.048956 0.004973 0.290124
0 0 0.529501 0.138593 0.045038 0.004296 0.282571
0 1 0.613075 0.129487 0.041721 0.004175 0.211541
0 1 0.529360 0.155976 0.060824 0.007940 0.245901
0 1 0.449511 0.172887 0.075124 0.011141 0.291337
4 1 0.334779 0.192888 0.095433 0.013388 0.363512
4 4 0.209175 0.231769 0.146001 0.011166 0.401890
4 1 0.123609 0.255971 0.211272 0.011410 0.397737
4 1 0.069972 0.254928 0.259365 0.010954 0.404781
2 4 0.058059 0.276430 0.349829 0.011536 0.304145
2 4 0.052563 0.274940 0.353331 0.010056 0.309110
2 4 0.047048 0.275600 0.369520 0.008929 0.298902
4 4 0.037274 0.256633 0.329222 0.007151 0.369719
4 4 0.041342 0.260370 0.315454 0.005985 0.376849
4 4 0.035327 0.248047 0.296285 0.005194 0.415146
4 4 0.039321 0.229179 0.235296 0.004813 0.491392
4 4 0.034913 0.167482 0.133435 0.004099 0.660071
4 4 0.045086 0.159765 0.112039 0.004460 0.678650
4 4 0.050521 0.159614 0.109422 0.005384 0.675059
4 4 0.055186 0.148743 0.093909 0.005606 0.696556
4 4 0.050267 0.138343 0.086105 0.005773 0.719513
4 4 0.036822 0.121766 0.075699 0.004471 0.761241
4 4 0.024112 0.125033 0.094187 0.004780 0.751887
4 4 0.022941 0.133168 0.105345 0.004134 0.734411
4 4 0.025275 0.136393 0.107838 0.004921 0.725573
4 4 0.030737 0.160410 0.137162 0.006452 0.665240
4 4 0.052057 0.206390 0.192827 0.012685 0.536040
4 4 0.075008 0.250373 0.250989 0.014019 0.409610
4 4 0.126262 0.275627 0.264884 0.016913 0.316314
2 4 0.150417 0.296985 0.298717 0.014136 0.239744
2 4 0.147262 0.306795 0.351379 0.015372 0.179191
2 1 0.094861 0.280970 0.514385 0.015539 0.094246
2 1 0.077903 0.271129 0.545076 0.016163 0.089730
2 1 0.062332 0.266188 0.565441 0.014896 0.091143
2 1 0.042683 0.228564 0.626981 0.018452 0.083320
2 1 0.031473 0.185277 0.700336 0.020880 0.062034
2 2 0.031545 0.184591 0.696316 0.021436 0.066112
2 2 0.018802 0.114042 0.808193 0.026943 0.032020
2 2 0.013531 0.081654 0.849881 0.032678 0.022256
2 2 0.009927 0.045217 0.861929 0.068944 0.013984
2 2 0.011281 0.033414 0.782015 0.159994 0.013297
2 2 0.012911 0.024513 0.622799 0.326988 0.012789
3 3 0.013561 0.016967 0.435081 0.522897 0.011494
3 3 0.011764 0.011696 0.344016 0.623443 0.009082
3 3 0.011704 0.010457 0.305684 0.663456 0.008699
3 3 0.011475 0.010286 0.306437 0.663276 0.008526
3 3 0.010918 0.009142 0.282317 0.689728 0.007894
3 3 0.012122 0.010022 0.280184 0.688880 0.008792
3 3 0.011951 0.008613 0.237073 0.734104 0.008259
3 3 0.013307 0.008304 0.199041 0.770523 0.008826
3 3 0.011332 0.005336 0.134035 0.842531 0.006766
3 3 0.011240 0.004646 0.111297 0.866391 0.006427
3 3 0.011767 0.004616 0.103689 0.873292 0.006636
3 3 0.009658 0.003401 0.086794 0.894958 0.005188
3 3 0.008053 0.002461 0.068890 0.916516 0.004081
3 3 0.006820 0.001820 0.055095 0.932993 0.003272
3 3 0.019823 0.009815 0.150678 0.807164 0.012521
3 3 0.018423 0.008926 0.145451 0.815706 0.011493
3 3 0.011014 0.004002 0.092110 0.886843 0.006031
3 3 0.006426 0.001953 0.066647 0.921773 0.003201
3 3 0.005462 0.001449 0.053185 0.937328 0.002576
3 3 0.005684 0.001433 0.049425 0.940815 0.002644
3 3 0.004962 0.001140 0.042150 0.949528 0.002220
3 3 0.004220 0.000881 0.035659 0.957428 0.001812
3 3 0.004362 0.000852 0.032311 0.960638 0.001838
3 3 0.004125 0.000736 0.027825 0.965632 0.001682
3 3 0.004202 0.000712 0.025716 0.967682 0.001688
3 3 0.003857 0.000555 0.019723 0.974401 0.001463
3 3 0.003671 0.000475 0.016542 0.977971 0.001342
3 3 0.003408 0.000382 0.013070 0.981955 0.001185
3 3 0.003172 0.000348 0.012536 0.982853 0.001090
3 3 0.002981 0.000308 0.011273 0.984437 0.001001
3 3 0.002828 0.000270 0.009881 0.986098 0.000923
3 3 0.003335 0.000316 0.009980 0.985270 0.001098
3 3 0.003501 0.000329 0.009903 0.985114 0.001154
3 3 0.004159 0.000416 0.011166 0.982846 0.001414
3 3 0.004712 0.000510 0.012877 0.980245 0.001656
3 3 0.005863 0.000746 0.017074 0.974117 0.002201
3 3 0.006079 0.000848 0.019846 0.970871 0.002355
3 3 0.006021 0.000902 0.022168 0.968525 0.002384
3 3 0.006133 0.000895 0.021300 0.969261 0.002411
3 3 0.006414 0.000909 0.020486 0.969684 0.002507
3 3 0.006576 0.000882 0.018805 0.971207 0.002530
3 3 0.007379 0.001026 0.020199 0.968501 0.002894
3 3 0.006595 0.000801 0.016092 0.974052 0.002459
3 3 0.007258 0.000906 0.017019 0.972067 0.002749
3 3 0.005834 0.000604 0.012330 0.979179 0.002052
3 3 0.006521 0.000707 0.013418 0.977010 0.002344
3 3 0.004819 0.000414 0.008938 0.984252 0.001577
3 3 0.005016 0.000437 0.009194 0.983699 0.001654
3 3 0.004883 0.000409 0.008591 0.984531 0.001587
3 3 0.005628 0.000494 0.009436 0.982567 0.001875
3 3 0.006112 0.000565 0.010342 0.980902 0.002081
3 3 0.005499 0.000502 0.010022 0.982124 0.001852
3 3 0.005705 0.000567 0.011503 0.980247 0.001978
3 3 0.005485 0.000528 0.010890 0.981220 0.001877
3 3 0.005550 0.000499 0.009792 0.982298 0.001861
3 3 0.003725 0.000280 0.007004 0.987843 0.001149
3 3 0.003308 0.000226 0.005918 0.989565 0.000982
3 3 0.002688 0.000172 0.005196 0.991173 0.000771
3 3 0.002371 0.000145 0.004766 0.992052 0.000665
3 3 0.002638 0.000191 0.006296 0.990090 0.000785
3 3 0.002661 0.000199 0.006664 0.989675 0.000801
3 3 0.003241 0.000272 0.008222 0.987240 0.001026
3 3 0.003794 0.000330 0.008858 0.985790 0.001227
3 3 0.004490 0.000390 0.009039 0.984612 0.001468
3 3 0.004802 0.000379 0.007821 0.985467 0.001531
3 3 0.003900 0.000242 0.005197 0.989524 0.001137
3 3 0.003130 0.000171 0.004126 0.991710 0.000864
3 3 0.002783 0.000149 0.003903 0.992409 0.000756
3 3 0.002748 0.000152 0.004149 0.992196 0.000755
3 3 0.002973 0.000166 0.004250 0.991786 0.000824
3 3 0.003199 0.000198 0.005020 0.990665 0.000918
3 3 0.005356 0.000447 0.008650 0.983797 0.001750
3 3 0.006606 0.000652 0.011586 0.978849 0.002308
3 3 0.006617 0.000683 0.012462 0.977892 0.002346
3 3 0.007019 0.001066 0.023056 0.966038 0.002821
3 3 0.009106 0.001809 0.036166 0.948862 0.004056
3 3 0.013013 0.003441 0.058317 0.918721 0.006508
3 3 0.014340 0.004240 0.069679 0.904258 0.007483
3 3 0.014604 0.005524 0.100392 0.871217 0.008263
3 3 0.013098 0.005638 0.119699 0.853893 0.007672
3 3 0.015370 0.007110 0.134393 0.833804 0.009322
3 3 0.012629 0.005055 0.107485 0.867627 0.007205
3 3 0.012681 0.005010 0.105532 0.869571 0.007206
3 3 0.014451 0.005758 0.108140 0.863341 0.008310
3 3 0.015299 0.006276 0.113343 0.856164 0.008918
3 3 0.014421 0.005610 0.104444 0.867298 0.008227
3 3 0.016284 0.007363 0.130802 0.835709 0.009843
3 3 0.017576 0.009977 0.179536 0.781391 0.011520
3 3 0.018991 0.013169 0.233242 0.721205 0.013394
3 3 0.019233 0.014632 0.261202 0.690916 0.014016
3 3 0.017457 0.014838 0.295669 0.658908 0.013128
3 3 0.021990 0.019939 0.320755 0.620107 0.017209
3 3 0.030764 0.032391 0.374994 0.535513 0.026338
2 3 0.038119 0.049501 0.442342 0.420053 0.049985
2 2 0.039306 0.065054 0.520158 0.301688 0.073795
2 2 0.044387 0.084360 0.551716 0.224959 0.094578
2 2 0.052375 0.107329 0.552702 0.177093 0.110500
2 2 0.069560 0.165179 0.431974 0.093454 0.239835
2 2 0.065780 0.180388 0.396999 0.061880 0.294952
2 2 0.059449 0.166696 0.432505 0.066027 0.275322
2 2 0.053065 0.168032 0.488062 0.059470 0.231371
2 1 0.051263 0.154211 0.538551 0.072808 0.183167
2 1 0.051606 0.143345 0.532896 0.084905 0.187248
2 1 0.044898 0.123089 0.564468 0.097977 0.169568
2 1 0.036982 0.086566 0.626803 0.156061 0.093588
2 2 0.030282 0.075870 0.688833 0.149184 0.055831
2 2 0.032845 0.089473 0.700530 0.121069 0.056084
2 2 0.031046 0.102551 0.728769 0.084709 0.052924
2 2 0.033627 0.133651 0.712949 0.055893 0.063880
2 2 0.032657 0.148466 0.719676 0.041739 0.057462
2 2 0.035759 0.171191 0.700709 0.034138 0.058204
2 2 0.034975 0.168410 0.705504 0.034167 0.056944
2 2 0.046697 0.192031 0.654335 0.037115 0.069822
2 2 0.039081 0.167798 0.688599 0.043561 0.060961
2 2 0.043483 0.167039 0.669564 0.054830 0.065084
2 2 0.042347 0.149901 0.676803 0.070171 0.060778
2 2 0.043329 0.146467 0.671118 0.078080 0.061006
2 2 0.052161 0.162547 0.644181 0.072542 0.068570
2 2 0.067749 0.192412 0.593379 0.063248 0.083213
2 2 0.051731 0.179694 0.635700 0.059098 0.073777
2 2 0.046611 0.179569 0.652099 0.051286 0.070435
2 2 0.040332 0.161541 0.685293 0.051773 0.061061
2 2 0.034293 0.149703 0.716932 0.045938 0.053134
2 2 0.038160 0.136793 0.702576 0.067843 0.054629
2 2 0.036142 0.113201 0.709504 0.092711 0.048443
2 2 0.033012 0.095470 0.715335 0.113840 0.042343
2 2 0.037291 0.125214 0.705789 0.080013 0.051692
2 2 0.036387 0.131211 0.709947 0.070530 0.051925
2 2 0.033278 0.130053 0.726010 0.061847 0.048812
2 2 0.025284 0.097656 0.769340 0.071792 0.035928
2 2 0.021995 0.107371 0.791603 0.044715 0.034316
2 2 0.022529 0.117996 0.786568 0.036479 0.036428
2 2 0.025412 0.142938 0.761015 0.027572 0.043064
2 2 0.033906 0.174633 0.708205 0.027306 0.055950
2 1 0.108771 0.306684 0.462532 0.014558 0.107455
2 1 0.069626 0.252441 0.578356 0.017428 0.082150
2 1 0.033798 0.166039 0.725069 0.024572 0.050522
2 1 0.039991 0.175671 0.696172 0.030238 0.057927
2 1 0.041600 0.169175 0.699190 0.033412 0.056623
2 1 0.028221 0.137756 0.756375 0.034114 0.043534
2 1 0.020824 0.113399 0.797436 0.034311 0.034030
2 2 0.027952 0.138561 0.754754 0.034635 0.044098
2 2 0.076943 0.244722 0.569554 0.023117 0.085664
2 2 0.108715 0.299853 0.469276 0.015849 0.106306
2 2 0.111287 0.301942 0.460280 0.016761 0.109730
2 2 0.096210 0.289178 0.492951 0.018009 0.103653
2 1 0.121497 0.307080 0.442677 0.016231 0.112515
2 1 0.128972 0.313108 0.440096 0.011970 0.105853
2 1 0.148708 0.314289 0.415860 0.012193 0.108950
2 1 0.150266 0.315580 0.415736 0.011306 0.107111
2 1 0.135990 0.313939 0.431570 0.011877 0.106623
2 1 0.093275 0.306170 0.490645 0.011454 0.098455
2 1 0.081542 0.292213 0.519859 0.012655 0.093730
2 1 0.068991 0.277089 0.549150 0.014711 0.090059
2 1 0.069239 0.292213 0.526168 0.014583 0.097797
2 1 0.040745 0.234223 0.634188 0.017218 0.073626
2 1 0.039554 0.216246 0.653710 0.020919 0.069571
2 1 0.048998 0.248486 0.566608 0.021445 0.114463
2 1 0.056744 0.284188 0.465870 0.017508 0.175690
2 1 0.057942 0.282651 0.417437 0.017222 0.224748
2 1 0.061777 0.284348 0.431280 0.019798 0.202797
2 2 0.069696 0.289545 0.440948 0.020090 0.179721
2 2 0.090547 0.300430 0.427071 0.017210 0.164742
2 2 0.099726 0.304287 0.430072 0.016229 0.149686
2 2 0.131625 0.308972 0.427038 0.015761 0.116604
2 2 0.133079 0.311977 0.432893 0.013179 0.108873
2 2 0.099096 0.276975 0.513104 0.016609 0.094216
2 2 0.043606 0.190468 0.680242 0.024768 0.060916
2 2 0.054102 0.204804 0.638561 0.030627 0.071907
2 2 0.075689 0.252620 0.559360 0.022789 0.089543
2 2 0.172849 0.305862 0.354674 0.017959 0.148656
2 2 0.150516 0.307769 0.382344 0.017403 0.141968
2 2 0.161158 0.307473 0.356156 0.016341 0.158872
1 2 0.208382 0.302051 0.293207 0.013481 0.182879
1 1 0.182407 0.302118 0.288602 0.011638 0.215234
1 1 0.154334 0.301894 0.292110 0.010138 0.241524
1 1 0.121303 0.295716 0.294976 0.009629 0.278376
2 1 0.130535 0.310178 0.361116 0.012187 0.185984
2 1 0.114937 0.311652 0.402717 0.012261 0.158432
2 1 0.140470 0.312708 0.376349 0.012687 0.157787
2 1 0.103846 0.295593 0.475570 0.016090 0.108902
2 1 0.088022 0.278090 0.517558 0.018519 0.097811
2 1 0.034926 0.179510 0.707316 0.023068 0.055180
2 2 0.023749 0.133225 0.774048 0.029074 0.039905
2 2 0.020242 0.101582 0.805825 0.040529 0.031822
2 2 0.016044 0.071482 0.832658 0.056396 0.023420
2 2 0.011594 0.059594 0.865676 0.045589 0.017547
2 2 0.008153 0.048428 0.894019 0.036618 0.012782
2 2 0.009290 0.063101 0.886237 0.025710 0.015662
2 1 0.011484 0.089397 0.860923 0.017182 0.021014
2 1 0.020025 0.144100 0.782746 0.015844 0.037285
2 1 0.023084 0.148512 0.772293 0.016820 0.039291
2 1 0.049582 0.216301 0.657101 0.014750 0.062265
2 1 0.073156 0.258685 0.573676 0.014283 0.080200
2 1 0.122676 0.305975 0.455437 0.012691 0.103221
2 1 0.077622 0.269062 0.547025 0.016709 0.089582
2 1 0.040158 0.201981 0.668742 0.023667 0.065452
2 1 0.041049 0.206122 0.657058 0.026236 0.069535
2 1 0.041874 0.208223 0.652618 0.026520 0.070765
2 1 0.041633 0.185146 0.671009 0.035533 0.066680
2 1 0.034218 0.156835 0.717213 0.037317 0.054418
2 1 0.032958 0.158082 0.720662 0.035029 0.053270
2 1 0.028337 0.145279 0.747702 0.032153 0.046528
2 1 0.021027 0.117837 0.796196 0.030000 0.034940
2 1 0.019607 0.111023 0.806357 0.030508 0.032505
2 1 0.019501 0.107295 0.808543 0.032777 0.031885
2 2 0.019561 0.100259 0.810795 0.038409 0.030975
2 2 0.019685 0.099430 0.809188 0.040750 0.030947
2 2 0.016225 0.075856 0.831196 0.052532 0.024191
2 2 0.016156 0.078640 0.832298 0.048389 0.024516
2 2 0.020347 0.104497 0.803710 0.039129 0.032317
2 2 0.021145 0.105280 0.798294 0.042072 0.033208
2 2 0.017366 0.082860 0.823276 0.050234 0.026265
2 2 0.016931 0.081013 0.826049 0.050427 0.025581
2 2 0.019224 0.096643 0.811159 0.042921 0.030053
2 2 0.026931 0.135991 0.757416 0.036067 0.043595
2 2 0.031347 0.160469 0.725128 0.031126 0.051930
2 2 0.057845 0.219099 0.619047 0.027420 0.076590
2 2 0.074690 0.228977 0.591498 0.025232 0.079604
2 2 0.175384 0.270491 0.419758 0.025155 0.109212
2 2 0.261905 0.277904 0.321329 0.020633 0.118228
0 2 0.372349 0.264234 0.221334 0.017853 0.124230
0 2 0.314522 0.282124 0.259813 0.017654 0.125887
1 2 0.274631 0.289396 0.286582 0.019960 0.129431
2 2 0.208465 0.304778 0.346508 0.017166 0.123082
2 2 0.147955 0.307501 0.407893 0.017819 0.118831
2 2 0.095993 0.300982 0.477407 0.016950 0.108668
2 2 0.059311 0.267106 0.539872 0.024565 0.109146
2 2 0.055722 0.259366 0.530557 0.023937 0.130418
2 2 0.056471 0.265287 0.471044 0.021762 0.185436
2 1 0.049497 0.237076 0.529889 0.025170 0.158368
2 1 0.051616 0.235832 0.521000 0.027259 0.164292
2 1 0.056386 0.246849 0.454482 0.026312 0.215970
2 1 0.061047 0.257502 0.395100 0.024466 0.261885
2 1 0.057900 0.255404 0.359902 0.020551 0.306243
2 1 0.049050 0.248107 0.413759 0.018059 0.271025
2 1 0.043726 0.230374 0.494788 0.019903 0.211208
2 1 0.043504 0.225691 0.515464 0.020786 0.194554
2 1 0.044281 0.207137 0.547641 0.027423 0.173518
2 1 0.036273 0.169381 0.647488 0.032812 0.114045
2 1 0.043054 0.202956 0.535835 0.026754 0.191401
2 1 0.043271 0.216960 0.504115 0.022799 0.212856
2 0 0.059198 0.249496 0.339686 0.021797 0.329823
4 0 0.118462 0.236708 0.194515 0.018435 0.431879
4 0 0.272137 0.216005 0.126931 0.017170 0.367756
0 0 0.465633 0.181782 0.087705 0.015822 0.249059
0 1 0.553754 0.167676 0.078151 0.014236 0.186184
0 1 0.651276 0.148732 0.071119 0.014802 0.114071
0 1 0.642397 0.150284 0.070769 0.014201 0.122349
0 1 0.576323 0.173161 0.086262 0.013616 0.150639
0 1 0.505007 0.203960 0.113337 0.012347 0.165349
1 1 0.271144 0.282647 0.241751 0.016811 0.187648
1 1 0.218196 0.287311 0.254242 0.016227 0.224024
2 1 0.163875 0.302497 0.321623 0.016001 0.196004
1 1 0.284851 0.297138 0.289433 0.012336 0.116242
1 1 0.287440 0.289859 0.238563 0.010149 0.173988
1 1 0.255896 0.289205 0.237420 0.010951 0.206528
1 1 0.247944 0.272378 0.200957 0.010935 0.267787
4 1 0.223234 0.260476 0.186756 0.012160 0.317374
4 1 0.138118 0.179577 0.099053 0.008694 0.574559
4 1 0.114038 0.171923 0.098285 0.009073 0.606681
4 1 0.129663 0.185479 0.109236 0.010109 0.565514
4 1 0.135819 0.236877 0.177537 0.013272 0.436495
4 1 0.112596 0.202468 0.133365 0.009304 0.542267
4 4 0.096350 0.210662 0.148155 0.007604 0.537228
4 4 0.086606 0.165884 0.095467 0.005296 0.646747
4 1 0.100048 0.223589 0.161251 0.006716 0.508396
4 1 0.113802 0.247034 0.196345 0.009396 0.433423
4 1 0.126222 0.188765 0.111459 0.008515 0.565039
4 1 0.157116 0.137190 0.056716 0.005985 0.642994
4 1 0.246013 0.145787 0.054545 0.005339 0.548316
4 1 0.282018 0.154789 0.059919 0.006405 0.496869
4 4 0.315521 0.154143 0.057703 0.005990 0.466643
4 4 0.363518 0.154333 0.056437 0.005841 0.419871
4 4 0.380996 0.136663 0.042446 0.003380 0.436515
0 4 0.503102 0.145937 0.050200 0.005178 0.295583
0 4 0.354181 0.203210 0.098983 0.008399 0.335226
4 4 0.305100 0.158004 0.061429 0.006649 0.468819
4 4 0.378641 0.143055 0.047123 0.004135 0.427046
4 4 0.398625 0.124942 0.034562 0.002295 0.439575
4 4 0.358422 0.136472 0.042686 0.003384 0.459037
4 4 0.340632 0.127468 0.037034 0.002563 0.492303
0 0 0.421919 0.144967 0.048266 0.004447 0.380401
4 0 0.393347 0.141515 0.045797 0.003941 0.415401
0 0 0.456837 0.141838 0.046022 0.004160 0.351143
4 0 0.265274 0.153847 0.060143 0.006444 0.514292
4 0 0.251987 0.223404 0.127221 0.009496 0.387893
4 0 0.147388 0.241405 0.174548 0.010722 0.425937
4 1 0.123344 0.258516 0.217296 0.011873 0.388972
4 1 0.112908 0.235970 0.186282 0.012517 0.452322
4 1 0.118938 0.231338 0.181661 0.015992 0.452070
4 4 0.180197 0.214749 0.142788 0.021462 0.440803
4 4 0.176711 0.263390 0.237928 0.029625 0.292345
4 4 0.149384 0.267392 0.253333 0.027923 0.301969
2 4 0.096881 0.278620 0.326804 0.024931 0.272763
4 4 0.063391 0.262299 0.314788 0.018169 0.341353
2 4 0.052799 0.276538 0.385075 0.014124 0.271464
2 4 0.047474 0.268977 0.358097 0.011419 0.314032
2 4 0.046726 0.264847 0.415213 0.013350 0.259863
2 4 0.044211 0.233106 0.460415 0.019235 0.243033
2 4 0.036089 0.213712 0.490601 0.017158 0.242441
2 4 0.034176 0.220498 0.445291 0.012797 0.287238
4 4 0.038744 0.234245 0.298375 0.009182 0.419454
4 4 0.035268 0.241359 0.288189 0.006568 0.428616
4 4 0.037094 0.224646 0.245815 0.007528 0.484916
4 4 0.041391 0.224562 0.280222 0.011185 0.442640
4 4 0.039651 0.185972 0.170465 0.009658 0.594254
4 4 0.031558 0.159995 0.135969 0.006811 0.665667
4 4 0.029880 0.151677 0.125292 0.006348 0.686803
4 4 0.032164 0.182301 0.170137 0.006463 0.608935
4 4 0.032095 0.191439 0.185830 0.006231 0.584405
4 4 0.031090 0.203133 0.208406 0.005634 0.551737
4 1 0.035652 0.232775 0.266168 0.006829 0.458576
2 1 0.043206 0.274559 0.388256 0.009483 0.284496
4 1 0.058943 0.253045 0.280363 0.012585 0.395064
4 1 0.074122 0.273932 0.311225 0.013387 0.327334
4 1 0.086294 0.267168 0.275422 0.013996 0.357121
2 1 0.084321 0.279451 0.323940 0.016921 0.295367
4 1 0.097257 0.272213 0.275726 0.014323 0.340480
2 1 0.101490 0.290735 0.317548 0.012732 0.277496
2 0 0.109645 0.302091 0.362984 0.014559 0.210722
2 1 0.072438 0.295300 0.494069 0.015880 0.122313
2 1 0.052144 0.260726 0.574298 0.019565 0.093266
2 1 0.058732 0.269697 0.564377 0.016952 0.090242
2 1 0.059750 0.283976 0.557395 0.011701 0.087179
2 1 0.075019 0.300975 0.524443 0.009571 0.089991
2 1 0.081275 0.299124 0.520908 0.009547 0.089145
2 1 0.109506 0.315981 0.473976 0.007813 0.092724
2 1 0.168204 0.322137 0.403451 0.007481 0.098727
2 1 0.251460 0.310612 0.322655 0.008664 0.106609
1 0 0.284530 0.300762 0.293246 0.010199 0.111263
1 0 0.283974 0.296766 0.289516 0.012710 0.117033
0 1 0.325886 0.285730 0.258477 0.012827 0.117081
0 0 0.302799 0.291008 0.264155 0.012404 0.129634
0 0 0.308664 0.288650 0.240572 0.010118 0.151995
0 0 0.299979 0.285692 0.227625 0.009955 0.176748
0 0 0.380656 0.259152 0.174773 0.008645 0.176775
0 1 0.520169 0.202378 0.107581 0.008828 0.161044
0 0 0.607836 0.177651 0.093920 0.009983 0.110610
0 0 0.595394 0.181089 0.102920 0.014386 0.106210
0 0 0.542508 0.197722 0.117290 0.015794 0.126687
0 0 0.487661 0.217613 0.143521 0.019051 0.132153
0 0 0.490361 0.219252 0.145440 0.017627 0.127321
0 1 0.455478 0.231932 0.168241 0.020708 0.123640
0 1 0.428933 0.244652 0.185697 0.018323 0.122394
0 0 0.331423 0.267856 0.215385 0.018596 0.166740
0 0 0.346801 0.259082 0.193166 0.017400 0.183552
0 0 0.377787 0.250741 0.182669 0.018400 0.170404
0 1 0.406651 0.227638 0.139385 0.015451 0.210874
1 1 0.269984 0.272665 0.212069 0.015312 0.229970
4 1 0.181027 0.272031 0.213025 0.010725 0.323192
4 1 0.108392 0.273241 0.254302 0.010606 0.353458
4 1 0.085981 0.264167 0.255863 0.010241 0.383748
4 1 0.087256 0.243378 0.215342 0.011243 0.442782
4 1 0.096870 0.239567 0.204030 0.012878 0.446654
4 1 0.120367 0.248096 0.212082 0.017534 0.401922
4 1 0.113827 0.237075 0.196633 0.017608 0.434857
4 1 0.092948 0.238784 0.221819 0.021667 0.424782
4 1 0.072496 0.253099 0.279046 0.021433 0.373926
2 1 0.057448 0.258563 0.339276 0.018325 0.326388
2 2 0.040059 0.227903 0.570707 0.018932 0.142400
2 2 0.031585 0.200190 0.659168 0.017380 0.091677
2 2 0.033588 0.212350 0.631738 0.016542 0.105782
2 2 0.020619 0.136059 0.782723 0.020222 0.040378
2 2 0.019515 0.116004 0.805089 0.026271 0.033121
2 2 0.013255 0.080650 0.855402 0.028744 0.021948
2 2 0.013629 0.087996 0.850117 0.025019 0.023239
2 2 0.014092 0.091109 0.845826 0.024866 0.024107
2 2 0.018282 0.109068 0.814329 0.027466 0.030856
2 2 0.017075 0.095776 0.827225 0.032069 0.027855
2 2 0.021993 0.108864 0.796010 0.038436 0.034697
2 2 0.020699 0.097203 0.806662 0.043715 0.031721
2 2 0.020675 0.098098 0.806647 0.042752 0.031829
2 2 0.020812 0.098031 0.805164 0.044060 0.031933
2 2 0.026046 0.057867 0.678331 0.208584 0.029172
2 2 0.023825 0.053621 0.686496 0.209432 0.026626
2 2 0.019612 0.041288 0.668677 0.249457 0.020965
2 2 0.016643 0.030269 0.615137 0.321405 0.016546
2 2 0.013447 0.020837 0.545393 0.407973 0.012350
2 2 0.015064 0.020170 0.483477 0.468086 0.013203
3 2 0.014534 0.013416 0.321134 0.639815 0.011100
3 2 0.017317 0.013351 0.263843 0.692906 0.012581
3 2 0.016471 0.010581 0.209959 0.751786 0.011202
3 2 0.015877 0.009018 0.178322 0.786451 0.010332
3 2 0.012916 0.006792 0.158054 0.814164 0.008073
3 2 0.014105 0.007513 0.162023 0.807450 0.008909
3 2 0.009897 0.004789 0.137465 0.841942 0.005907
3 2 0.010072 0.005291 0.154327 0.824126 0.006184
3 2 0.010443 0.005968 0.173602 0.803377 0.006610
3 2 0.010120 0.005463 0.160239 0.817906 0.006272
3 3 0.009605 0.004915 0.148175 0.831477 0.005827
3 3 0.008849 0.004002 0.123584 0.858440 0.005125
3 3 0.008669 0.003204 0.092114 0.891320 0.004694
3 3 0.006243 0.001729 0.057676 0.931339 0.003012
3 3 0.005105 0.001184 0.042949 0.948467 0.002296
3 3 0.004916 0.001046 0.037442 0.954450 0.002146
3 3 0.004810 0.000865 0.028711 0.963628 0.001987
3 3 0.005612 0.001005 0.029063 0.961981 0.002340
3 3 0.005966 0.001055 0.028697 0.961794 0.002488
3 3 0.007107 0.001388 0.034223 0.954185 0.003096
3 3 0.006591 0.001142 0.028130 0.961387 0.002750
3 3 0.005185 0.000740 0.020187 0.971886 0.002002
3 3 0.004076 0.000507 0.015748 0.978187 0.001482
3 3 0.003457 0.000392 0.013351 0.981591 0.001208
3 3 0.002798 0.000280 0.010670 0.985326 0.000927
3 3 0.002305 0.000200 0.008261 0.988515 0.000720
3 3 0.002358 0.000204 0.008281 0.988419 0.000738
3 3 0.002459 0.000209 0.008072 0.988494 0.000766
3 3 0.002835 0.000252 0.008855 0.987153 0.000905
3 3 0.003179 0.000276 0.008612 0.986919 0.001015
3 3 0.003598 0.000316 0.008919 0.986004 0.001163
3 3 0.003297 0.000263 0.007586 0.987825 0.001028
3 3 0.003894 0.000321 0.008171 0.986373 0.001241
3 3 0.003613 0.000291 0.007794 0.987165 0.001137
3 3 0.003921 0.000348 0.009175 0.985278 0.001279
3 3 0.004064 0.000381 0.010045 0.984159 0.001351
3 3 0.003902 0.000372 0.010259 0.984166 0.001301
3 3 0.003366 0.000284 0.008309 0.986972 0.001070
3 3 0.002949 0.000203 0.005891 0.990087 0.000871
3 3 0.002543 0.000140 0.004042 0.992583 0.000693
3 3 0.001828 0.000075 0.002423 0.995230 0.000444
3 3 0.001701 0.000062 0.001983 0.995858 0.000396
3 3 0.001637 0.000061 0.002050 0.995869 0.000383
3 3 0.001636 0.000066 0.002307 0.995599 0.000392
3 3 0.001966 0.000096 0.003220 0.994211 0.000507
3 3 0.002107 0.000114 0.003825 0.993391 0.000563
3 3 0.002213 0.000135 0.004714 0.992320 0.000618
3 3 0.002474 0.000161 0.005257 0.991399 0.000709
3 3 0.002559 0.000166 0.005292 0.991247 0.000735
3 3 0.002430 0.000149 0.004804 0.991933 0.000684
3 3 0.001983 0.000105 0.003690 0.993696 0.000525
3 3 0.002028 0.000107 0.003706 0.993620 0.000538
3 3 0.001840 0.000092 0.003310 0.994282 0.000476
3 3 0.001904 0.000100 0.003598 0.993898 0.000501
3 3 0.001604 0.000068 0.002498 0.995440 0.000390
3 3 0.002064 0.000107 0.003589 0.993695 0.000545
3 3 0.002365 0.000148 0.004905 0.991915 0.000667
3 3 0.002505 0.000168 0.005543 0.991058 0.000726
3 3 0.002449 0.000167 0.005666 0.991006 0.000712
3 3 0.002544 0.000178 0.005939 0.990592 0.000748
3 3 0.002319 0.000153 0.005374 0.991488 0.000666
3 3 0.002179 0.000150 0.005689 0.991351 0.000631
3 3 0.002171 0.000153 0.005875 0.991170 0.000632
3 3 0.002147 0.000152 0.005904 0.991172 0.000626
3 3 0.001838 0.000107 0.004257 0.993299 0.000499
3 3 0.001328 0.000060 0.002708 0.995580 0.000325
3 3 0.000939 0.000031 0.001609 0.997215 0.000205
3 3 0.000898 0.000028 0.001413 0.997470 0.000191
3 3 0.000954 0.000030 0.001439 0.997375 0.000204
3 3 0.001326 0.000047 0.001826 0.996501 0.000301
3 3 0.001411 0.000052 0.001954 0.996259 0.000325
3 3 0.001999 0.000088 0.002754 0.994658 0.000500
3 3 0.002525 0.000140 0.004121 0.992524 0.000690
3 3 0.003343 0.000228 0.005917 0.989519 0.000993
3 3 0.004010 0.000322 0.007846 0.986553 0.001269
3 3 0.003837 0.000299 0.007460 0.987204 0.001200
3 3 0.004390 0.000360 0.008215 0.985627 0.001408
3 3 0.004811 0.000417 0.009062 0.984131 0.001579
3 3 0.004842 0.000425 0.009266 0.983871 0.001597
3 3 0.004681 0.000417 0.009431 0.983924 0.001547
3 3 0.004195 0.000384 0.009721 0.984312 0.001388
3 3 0.003969 0.000405 0.011463 0.982811 0.001353
3 3 0.003096 0.000328 0.011814 0.983712 0.001051
3 3 0.003753 0.000587 0.022383 0.971818 0.001459
3 3 0.004115 0.000822 0.033214 0.960110 0.001739
3 3 0.006179 0.001783 0.061324 0.927695 0.003019
3 3 0.008915 0.004144 0.128604 0.853124 0.005213
3 2 0.015904 0.012474 0.267921 0.692149 0.011551
3 2 0.022857 0.027985 0.435752 0.493408 0.019998
2 2 0.026993 0.055733 0.651724 0.236148 0.029402
2 2 0.033790 0.089854 0.697394 0.136839 0.042125
2 2 0.045602 0.151064 0.643351 0.074474 0.085508
2 1 0.051297 0.186008 0.598178 0.053411 0.111106
2 1 0.059432 0.195842 0.544189 0.056570 0.143967
2 1 0.061813 0.168650 0.496104 0.078069 0.195364
2 1 0.062227 0.167220 0.478623 0.077081 0.214850
2 1 0.061780 0.164438 0.489395 0.081782 0.202605
2 1 0.055251 0.159276 0.530234 0.077284 0.177954
2 1 0.061024 0.172896 0.433714 0.066766 0.265600
2 1 0.053537 0.165624 0.482131 0.064270 0.234438
2 1 0.054618 0.194633 0.429646 0.042844 0.278259
2 1 0.049409 0.186700 0.468919 0.041851 0.253120
2 1 0.048872 0.196816 0.389341 0.030672 0.334299
2 1 0.048118 0.210618 0.390527 0.025095 0.325643
2 1 0.047332 0.207812 0.499955 0.030310 0.214590
2 1 0.037346 0.175168 0.644372 0.033944 0.109170
2 1 0.041307 0.210990 0.503226 0.023109 0.221368
2 1 0.038802 0.221659 0.398269 0.014592 0.326678
2 1 0.039008 0.226264 0.371199 0.013163 0.350366
4 4 0.043143 0.209970 0.283178 0.015139 0.448570
4 4 0.048511 0.203026 0.352593 0.027528 0.368342
4 4 0.045898 0.177731 0.204380 0.018885 0.553106
4 4 0.043392 0.159170 0.165450 0.017432 0.614555
4 4 0.054071 0.171235 0.193189 0.027008 0.554498
4 4 0.076226 0.070870 0.042621 0.009341 0.800942
4 4 0.060796 0.060890 0.039866 0.010112 0.828336
4 4 0.050453 0.072857 0.053727 0.015231 0.807732
4 4 0.056963 0.071996 0.044375 0.009248 0.817418
4 4 0.087285 0.107750 0.065311 0.013136 0.726519
4 4 0.059720 0.082111 0.036985 0.004051 0.817133
4 4 0.030312 0.080056 0.040392 0.004485 0.844754
4 4 0.025789 0.069695 0.032927 0.003202 0.868387
4 4 0.042059 0.096592 0.048687 0.004477 0.808185
4 4 0.048605 0.101361 0.050642 0.005049 0.794343
4 4 0.047000 0.095526 0.046675 0.005270 0.805530
4 4 0.018078 0.056130 0.030179 0.003632 0.891980
4 4 0.018774 0.063555 0.035932 0.004628 0.877111
4 4 0.020588 0.067666 0.037060 0.004522 0.870164
4 4 0.030863 0.084123 0.051967 0.008476 0.824571
4 4 0.034857 0.099257 0.066382 0.012418 0.787086
4 4 0.039779 0.131032 0.093901 0.012462 0.722826
4 4 0.077149 0.165334 0.110595 0.013355 0.633567
4 4 0.118405 0.184719 0.114309 0.012076 0.570491
4 4 0.161008 0.196644 0.115078 0.011447 0.515824
4 4 0.128238 0.216271 0.149002 0.011882 0.494607
4 4 0.078133 0.200477 0.157506 0.013972 0.549912
4 4 0.056265 0.177433 0.145955 0.016934 0.603413
4 4 0.049086 0.174352 0.147354 0.015425 0.613783
4 4 0.045280 0.180520 0.161191 0.012960 0.600049
4 1 0.048551 0.228194 0.251597 0.012991 0.458666
4 1 0.045454 0.224807 0.296940 0.013491 0.419307
2 1 0.045781 0.229597 0.383450 0.016690 0.324482
2 1 0.048016 0.226381 0.400987 0.019559 0.305058
2 1 0.051709 0.243367 0.363596 0.017343 0.323985
4 1 0.054573 0.243955 0.311990 0.016720 0.372762
4 1 0.055127 0.256648 0.326744 0.016041 0.345440
4 1 0.056613 0.263891 0.331047 0.016264 0.332185
2 1 0.060237 0.276424 0.378450 0.018390 0.266499
2 1 0.058148 0.279579 0.425514 0.018236 0.218523
2 1 0.057523 0.281998 0.412840 0.016933 0.230706
2 1 0.055798 0.282308 0.447704 0.016844 0.197346
2 1 0.047151 0.249140 0.562330 0.019694 0.121685
2 1 0.038892 0.183666 0.680760 0.031292 0.065390
2 1 0.031876 0.125866 0.743190 0.051975 0.047094
2 1 0.035169 0.116198 0.726107 0.074146 0.048379
2 1 0.040510 0.110156 0.691234 0.106336 0.051764
2 1 0.044860 0.109448 0.663081 0.127434 0.055177
2 1 0.047210 0.106967 0.644795 0.144535 0.056493
2 1 0.041905 0.095661 0.662893 0.149799 0.049742
2 1 0.042242 0.116399 0.684083 0.102785 0.054492
2 1 0.046285 0.154957 0.668085 0.064773 0.065900
2 1 0.051092 0.231311 0.587564 0.029258 0.100776
2 1 0.051617 0.244345 0.560483 0.025130 0.118425
2 1 0.049487 0.250546 0.569343 0.021266 0.109359
2 1 0.051025 0.248309 0.564686 0.023292 0.112688
2 1 0.061629 0.281069 0.492367 0.017893 0.147042
2 1 0.057561 0.281270 0.441027 0.017992 0.202151
2 1 0.050113 0.262552 0.443392 0.016808 0.227135
2 1 0.046838 0.229154 0.435879 0.020325 0.267804
2 1 0.043258 0.228392 0.419607 0.016985 0.291758
2 1 0.046388 0.243436 0.360232 0.014467 0.335477
2 1 0.050612 0.253378 0.392917 0.016871 0.286223
2 1 0.048981 0.238595 0.483230 0.021695 0.207499
2 1 0.047344 0.217875 0.519854 0.026190 0.188736
2 1 0.028965 0.163954 0.687282 0.024178 0.095621
2 1 0.028644 0.132634 0.716601 0.040624 0.081497
2 2 0.029229 0.117815 0.729086 0.055775 0.068094
2 2 0.035487 0.127729 0.691995 0.066269 0.078519
2 2 0.039370 0.144976 0.669420 0.058957 0.087277
2 2 0.038875 0.139220 0.686297 0.062053 0.073555
2 2 0.038672 0.138134 0.706771 0.060838 0.055586
2 2 0.040318 0.134164 0.698879 0.070303 0.056336
2 2 0.039880 0.145609 0.696629 0.058375 0.059508
2 2 0.030067 0.117952 0.748542 0.058070 0.045368
2 2 0.020041 0.085689 0.809029 0.055923 0.029318
2 2 0.016861 0.073603 0.827367 0.057669 0.024500
2 2 0.018120 0.085358 0.821508 0.047464 0.027550
2 2 0.014313 0.071966 0.847254 0.044618 0.021849
2 2 0.012527 0.066060 0.860499 0.041597 0.019317
2 2 0.012040 0.056453 0.859749 0.054207 0.017552
2 2 0.015165 0.067505 0.840111 0.055164 0.022056
2 2 0.018050 0.084137 0.823550 0.047044 0.027219
2 2 0.019598 0.086968 0.813266 0.051052 0.029116
2 2 0.017226 0.070484 0.823695 0.064213 0.024384
2 2 0.021306 0.079251 0.795242 0.074774 0.029427
2 2 0.025988 0.096044 0.768725 0.072848 0.036396
2 2 0.029855 0.104217 0.745302 0.079369 0.041257
2 2 0.034214 0.111324 0.719418 0.088663 0.046380
2 2 0.031017 0.106861 0.736689 0.082716 0.042717
2 2 0.029773 0.112756 0.746636 0.068206 0.042629
2 2 0.033491 0.155925 0.718326 0.038869 0.053389
2 2 0.033358 0.139395 0.727965 0.048648 0.050634
2 2 0.023554 0.100773 0.788597 0.052083 0.034993
2 2 0.027445 0.121527 0.761387 0.047711 0.041930
2 2 0.030344 0.146883 0.736577 0.037445 0.048752
2 2 0.027789 0.134756 0.753605 0.039586 0.044264
2 2 0.021397 0.116204 0.793365 0.034016 0.035018
2 2 0.019167 0.099183 0.809910 0.041422 0.030318
2 2 0.029659 0.137719 0.745149 0.041367 0.046105
2 2 0.060528 0.203814 0.627970 0.033987 0.073701
2 2 0.065235 0.218491 0.611826 0.027858 0.076590
2 2 0.061636 0.220544 0.607661 0.030338 0.079820
2 2 0.092635 0.270169 0.513102 0.023330 0.100765
2 0 0.139128 0.306986 0.418072 0.017945 0.117868
2 1 0.202380 0.305424 0.328107 0.015695 0.148394
2 1 0.189695 0.302262 0.311663 0.016031 0.180350
2 1 0.151237 0.295865 0.309666 0.017719 0.225512
2 1 0.121211 0.282246 0.297818 0.020714 0.278010
4 1 0.108065 0.255672 0.238451 0.018909 0.378903
4 1 0.096549 0.225870 0.181991 0.013254 0.482336
4 1 0.090516 0.229468 0.190671 0.012383 0.476962
4 1 0.082224 0.248681 0.236888 0.013493 0.418713
4 1 0.095556 0.255667 0.237645 0.013595 0.397537
4 1 0.118444 0.255224 0.212374 0.011132 0.402826
4 1 0.132620 0.263860 0.216725 0.010122 0.376673
4 1 0.117926 0.283178 0.266970 0.010074 0.321852
4 1 0.072452 0.274201 0.310580 0.012275 0.330492
2 1 0.056295 0.270309 0.338717 0.012622 0.322058
2 1 0.053968 0.280751 0.414400 0.015064 0.235818
2 2 0.044467 0.243332 0.550157 0.018835 0.143209
2 2 0.048463 0.238491 0.539166 0.023805 0.150075
2 2 0.053418 0.247877 0.531634 0.025496 0.141575
2 1 0.070531 0.278193 0.445728 0.022767 0.182781
2 1 0.102154 0.299738 0.397741 0.017457 0.182910
2 1 0.057143 0.274295 0.342324 0.011105 0.315133
2 1 0.076836 0.292037 0.360997 0.011619 0.258511
2 1 0.078152 0.298833 0.402430 0.012617 0.207969
2 1 0.077571 0.297521 0.430874 0.014408 0.179626
2 1 0.062152 0.281365 0.397449 0.018422 0.240612
2 1 0.057230 0.261699 0.367218 0.018987 0.294865
2 1 0.057123 0.253135 0.336379 0.019140 0.334224
4 1 0.058141 0.246832 0.280411 0.017548 0.397067
4 1 0.049014 0.236117 0.260614 0.012745 0.441510
4 1 0.047922 0.237384 0.264462 0.012154 0.438078
4 1 0.046977 0.252852 0.305423 0.011362 0.383387
2 1 0.057634 0.270688 0.334303 0.012258 0.325117
2 1 0.085460 0.282894 0.316993 0.012937 0.301715
4 1 0.115416 0.266616 0.246423 0.014668 0.356877
4 1 0.099874 0.274154 0.282210 0.015745 0.328017
4 1 0.088868 0.273956 0.294838 0.015500 0.326838
4 1 0.073396 0.269080 0.306687 0.015730 0.335108
4 1 0.071565 0.240915 0.230611 0.012203 0.444705
4 1 0.056545 0.221254 0.209540 0.010852 0.501809
4 1 0.039724 0.195718 0.186897 0.009374 0.568288
4 1 0.045712 0.245895 0.287631 0.010885 0.409877
4 1 0.042915 0.228971 0.249524 0.009946 0.468643
4 1 0.040915 0.231064 0.256171 0.009004 0.462846
4 1 0.041541 0.232685 0.259270 0.009245 0.457259
2 1 0.044573 0.263524 0.341669 0.010110 0.340124
4 1 0.040161 0.244617 0.290316 0.008440 0.416466
4 1 0.033518 0.220864 0.241723 0.006219 0.497675
4 1 0.028398 0.181260 0.171952 0.005071 0.613319
4 4 0.038562 0.194031 0.179164 0.006941 0.581302
4 4 0.054277 0.176714 0.129487 0.006074 0.633448
4 4 0.072138 0.163937 0.103284 0.006962 0.653679
4 4 0.058640 0.098887 0.044865 0.004648 0.792960
4 4 0.071267 0.103794 0.045086 0.004490 0.775363
4 4 0.056972 0.080641 0.037377 0.004291 0.820719
4 4 0.085655 0.075931 0.048474 0.012101 0.777839
4 4 0.069691 0.059540 0.044766 0.015664 0.810338
4 4 0.102030 0.056235 0.055309 0.037662 0.748764
4 4 0.101059 0.043773 0.036854 0.020128 0.798186
4 4 0.186930 0.072758 0.043378 0.012315 0.684618
4 4 0.235320 0.116920 0.060764 0.012036 0.574959
4 4 0.173804 0.155413 0.071817 0.009313 0.589654
4 4 0.132648 0.130383 0.054678 0.005724 0.676567
4 4 0.117597 0.115570 0.044536 0.003966 0.718331
4 4 0.135768 0.131981 0.055565 0.005881 0.670805
4 4 0.069862 0.109523 0.059837 0.009100 0.751678
4 4 0.035918 0.074056 0.063264 0.021325 0.805437
4 4 0.036731 0.054325 0.057690 0.033334 0.817919
4 4 0.059910 0.051702 0.061813 0.053530 0.773045
4 4 0.084036 0.047326 0.069796 0.104486 0.694355
4 4 0.080558 0.046441 0.057291 0.060147 0.755563
4 4 0.059750 0.044535 0.037938 0.017824 0.839952
4 4 0.055132 0.053580 0.036576 0.010195 0.844518
4 4 0.076751 0.084240 0.055063 0.013412 0.770533
4 4 0.067495 0.088513 0.046295 0.006882 0.790815
4 4 0.061796 0.084063 0.050571 0.009781 0.793789
4 4 0.050568 0.074445 0.057148 0.017408 0.800431
4 4 0.083666 0.095838 0.068518 0.019548 0.732430
4 4 0.135918 0.122908 0.070152 0.013798 0.657225
4 4 0.206846 0.137729 0.054971 0.005898 0.594555
4 4 0.255748 0.147530 0.055318 0.005481 0.535923
4 4 0.120020 0.270062 0.249883 0.014450 0.345584
2 4 0.091147 0.291571 0.320308 0.009936 0.287038
2 4 0.120221 0.304867 0.342566 0.011874 0.220472
2 4 0.073076 0.302504 0.470425 0.011479 0.142516
2 4 0.063437 0.293441 0.480986 0.014665 0.147472
2 4 0.048584 0.268699 0.516384 0.016036 0.150297
2 4 0.044301 0.239688 0.564895 0.019722 0.131394
2 4 0.037744 0.214858 0.600827 0.019724 0.126847
2 4 0.043108 0.223660 0.539658 0.021115 0.172459
2 4 0.044898 0.222914 0.520930 0.022564 0.188695
2 4 0.045668 0.220059 0.501021 0.023272 0.209980
2 1 0.047582 0.252107 0.391031 0.014741 0.294539
2 1 0.050754 0.262416 0.338163 0.013395 0.335272
4 1 0.050385 0.254285 0.306322 0.013032 0.375976
4 1 0.053968 0.247152 0.283972 0.015113 0.399796
4 1 0.056753 0.247632 0.316739 0.018914 0.359963
2 1 0.049255 0.228842 0.524952 0.027735 0.169216
2 1 0.037889 0.199813 0.637819 0.025555 0.098925
2 1 0.032108 0.176905 0.692877 0.025687 0.072423
2 1 0.023558 0.162646 0.732431 0.017157 0.064208
2 1 0.022558 0.124844 0.784936 0.029041 0.038622
2 2 0.020423 0.090090 0.808415 0.050692 0.030380
2 2 0.025267 0.082042 0.767312 0.091999 0.033381
2 2 0.030132 0.085144 0.732784 0.113887 0.038052
2 2 0.036251 0.098643 0.704325 0.114986 0.045794
2 2 0.037516 0.097469 0.690913 0.125092 0.049009
2 2 0.042083 0.110595 0.677149 0.115527 0.054645
2 2 0.039388 0.130861 0.693750 0.072969 0.063032
2 2 0.024561 0.080015 0.770192 0.092827 0.032406
2 2 0.015889 0.065772 0.830536 0.065370 0.022434
2 2 0.015420 0.067972 0.837130 0.057135 0.022343
2 2 0.013712 0.074413 0.853540 0.036715 0.021620
2 2 0.013359 0.075633 0.855416 0.034183 0.021410
2 2 0.012041 0.060604 0.862704 0.046530 0.018121
2 2 0.012696 0.052534 0.847267 0.069924 0.017580
2 2 0.014945 0.058026 0.831164 0.075458 0.020407
2 2 0.014720 0.045180 0.799380 0.122622 0.018098
2 2 0.013012 0.032891 0.755120 0.184416 0.014561
2 2 0.013881 0.034427 0.746586 0.189620 0.015486
2 2 0.012732 0.032560 0.756455 0.183966 0.014287
2 2 0.014001 0.040615 0.783527 0.145159 0.016699
2 2 0.013325 0.036693 0.771740 0.162767 0.015476
2 2 0.017405 0.048776 0.767733 0.145251 0.020834
2 2 0.019033 0.053567 0.766792 0.137591 0.023017
2 2 0.022152 0.054243 0.730134 0.167895 0.025577
2 2 0.021115 0.042948 0.679438 0.234039 0.022460
2 2 0.019882 0.041574 0.687793 0.229473 0.021279
2 2 0.016515 0.032762 0.672664 0.261023 0.017035
2 2 0.016356 0.025805 0.576854 0.365609 0.015376
3 2 0.014071 0.016344 0.429086 0.528857 0.011641
3 2 0.010192 0.009159 0.304881 0.668253 0.007515
3 2 0.010171 0.008983 0.298871 0.674521 0.007453
3 2 0.009109 0.007867 0.288911 0.687542 0.006571
3 3 0.007823 0.006179 0.256646 0.723939 0.005413
3 3 0.006078 0.004634 0.240419 0.744788 0.004081
3 3 0.005129 0.003793 0.227755 0.759956 0.003368
3 3 0.004733 0.003168 0.198675 0.790436 0.002988
3 3 0.005316 0.003215 0.175610 0.812588 0.003271
3 3 0.004905 0.002613 0.146465 0.843139 0.002878
3 3 0.006044 0.003138 0.144369 0.842882 0.003567
3 3 0.013038 0.013161 0.351617 0.611988 0.010196
3 3 0.010786 0.010499 0.334482 0.636019 0.008213
3 3 0.011952 0.013865 0.409473 0.554947 0.009763
3 3 0.011197 0.012780 0.399099 0.567875 0.009049
3 2 0.012796 0.013847 0.377448 0.585663 0.010245
3 2 0.011047 0.011117 0.347222 0.622088 0.008526
3 2 0.012522 0.011723 0.323413 0.642835 0.009507
3 2 0.022944 0.020745 0.320176 0.618141 0.017994
3 2 0.039302 0.030784 0.275284 0.624094 0.030535
3 2 0.037631 0.025799 0.235952 0.672800 0.027819
3 2 0.049686 0.033139 0.227902 0.652092 0.037181
3 2 0.041591 0.026562 0.216697 0.684913 0.030238
3 3 0.047866 0.030982 0.220055 0.665751 0.035346
3 3 0.040848 0.026934 0.225262 0.676972 0.029984
3 3 0.025358 0.014855 0.191497 0.751040 0.017250
3 3 0.008690 0.005617 0.200993 0.779041 0.005659
3 3 0.009155 0.005672 0.191029 0.788245 0.005899
3 3 0.009201 0.005564 0.185100 0.794252 0.005883
3 3 0.008521 0.004653 0.160154 0.821434 0.005237
3 3 0.008215 0.004595 0.164956 0.817158 0.005077
3 3 0.008884 0.004662 0.152287 0.828761 0.005405
3 3 0.010521 0.005932 0.170600 0.806313 0.006634
3 3 0.012537 0.007023 0.171725 0.800730 0.007986
3 3 0.012352 0.006017 0.141661 0.832466 0.007504
3 3 0.012808 0.005284 0.112401 0.862121 0.007387
3 3 0.011318 0.004095 0.091803 0.886583 0.006201
3 3 0.012154 0.004066 0.082394 0.894861 0.006525
3 3 0.008740 0.002477 0.062059 0.922376 0.004348
3 3 0.007005 0.001700 0.047768 0.940260 0.003266
3 3 0.004182 0.000774 0.029503 0.963815 0.001727
3 3 0.003204 0.000506 0.022250 0.972804 0.001236
3 3 0.002928 0.000414 0.018496 0.977078 0.001084
3 3 0.002507 0.000311 0.014754 0.981547 0.000881
3 3 0.002414 0.000290 0.013996 0.982462 0.000838
3 3 0.002239 0.000265 0.013512 0.983214 0.000770
3 3 0.002445 0.000303 0.014732 0.981662 0.000858
