2 0 0.043446 0.322025 0.606756 0.000599 0.027174
2 0 0.046327 0.249584 0.667382 0.002956 0.033750
2 1 0.029740 0.203541 0.742962 0.002595 0.021163
2 1 0.012268 0.157049 0.815179 0.001772 0.013731
2 2 0.007252 0.134717 0.845873 0.001368 0.010789
2 2 0.039293 0.239734 0.675223 0.004088 0.041663
2 2 0.032618 0.215385 0.703020 0.005851 0.043126
2 2 0.003991 0.078436 0.900268 0.006589 0.010717
2 2 0.016459 0.127119 0.824198 0.010778 0.021447
2 2 0.019591 0.141317 0.808198 0.008694 0.022201
2 2 0.043587 0.222245 0.692095 0.005348 0.036724
2 2 0.002687 0.058193 0.927867 0.005582 0.005671
2 2 0.002004 0.056515 0.936695 0.001779 0.003007
2 2 0.001314 0.038595 0.955739 0.002489 0.001862
2 2 0.000230 0.012698 0.985034 0.001755 0.000283
2 2 0.000266 0.012693 0.985004 0.001781 0.000256
2 2 0.000167 0.009192 0.988092 0.002361 0.000188
2 2 0.000353 0.013353 0.983383 0.002602 0.000309
2 2 0.000274 0.012457 0.984327 0.002630 0.000312
2 2 0.000188 0.008992 0.987444 0.003177 0.000198
2 2 0.000322 0.011578 0.978177 0.009378 0.000545
2 2 0.000340 0.010031 0.975598 0.013568 0.000463
2 2 0.000147 0.005783 0.973171 0.020628 0.000271
2 2 0.000091 0.004206 0.967568 0.027927 0.000208
2 2 0.000061 0.002847 0.948107 0.048835 0.000150
2 2 0.000076 0.002654 0.910515 0.086590 0.000165
2 2 0.000088 0.002659 0.888543 0.108530 0.000180
2 2 0.000236 0.004789 0.886683 0.107888 0.000405
2 3 0.000172 0.003798 0.844905 0.150749 0.000376
2 3 0.000174 0.003084 0.761559 0.234845 0.000338
2 3 0.000214 0.003621 0.764091 0.231640 0.000434
2 3 0.000273 0.004522 0.798883 0.195781 0.000542
2 3 0.000291 0.005038 0.784893 0.209040 0.000738
2 3 0.000345 0.005570 0.801111 0.192196 0.000777
2 3 0.000268 0.004026 0.662067 0.332858 0.000781
2 3 0.000616 0.006850 0.743616 0.247766 0.001152
2 3 0.000298 0.004435 0.730912 0.263676 0.000681
2 3 0.000175 0.002908 0.676064 0.320426 0.000428
2 3 0.000353 0.004343 0.728791 0.265944 0.000569
2 3 0.000358 0.003989 0.619525 0.375399 0.000730
2 3 0.000388 0.005016 0.519376 0.473250 0.001970
3 3 0.000280 0.003534 0.470065 0.524873 0.001247
3 3 0.000372 0.003821 0.440665 0.553728 0.001414
3 3 0.000379 0.003702 0.430093 0.564481 0.001345
3 3 0.000558 0.004018 0.352687 0.640900 0.001837
3 3 0.000614 0.003715 0.302209 0.691613 0.001849
3 3 0.000743 0.004253 0.317200 0.675717 0.002086
3 3 0.000866 0.004289 0.286965 0.705627 0.002253
3 3 0.000706 0.003551 0.264334 0.729550 0.001859
3 3 0.000537 0.002740 0.239372 0.755970 0.001381
3 3 0.000768 0.003489 0.253671 0.740273 0.001799
3 3 0.000781 0.003892 0.298701 0.694863 0.001763
3 3 0.000705 0.003959 0.345605 0.648218 0.001513
3 3 0.000416 0.003366 0.399790 0.595315 0.001113
2 3 0.000536 0.005236 0.564740 0.428105 0.001384
2 3 0.000717 0.006506 0.534177 0.456363 0.002238
3 3 0.000806 0.005542 0.438927 0.552657 0.002069
2 3 0.001750 0.009102 0.518224 0.468003 0.002920
2 3 0.000790 0.005961 0.502019 0.489326 0.001903
2 3 0.001079 0.008339 0.634486 0.354066 0.002029
2 2 0.153603 0.177723 0.619003 0.024800 0.024871
2 2 0.143585 0.215146 0.601496 0.011992 0.027781
2 2 0.195956 0.310455 0.465049 0.001987 0.026553
2 2 0.062201 0.251635 0.663254 0.001900 0.021010
2 2 0.059848 0.265636 0.658773 0.000869 0.014874
2 2 0.077930 0.268345 0.630222 0.001766 0.021737
2 2 0.048125 0.224792 0.707188 0.002008 0.017887
2 2 0.043649 0.213270 0.726808 0.001731 0.014542
2 2 0.011059 0.095268 0.883907 0.003721 0.006045
2 2 0.008817 0.091145 0.893340 0.002239 0.004459
2 2 0.008793 0.088917 0.895502 0.002409 0.004379
2 2 0.008302 0.094926 0.892252 0.001170 0.003350
2 2 0.004381 0.065357 0.926719 0.001388 0.002154
2 2 0.004987 0.069560 0.923031 0.000808 0.001614
2 2 0.002476 0.044328 0.951128 0.001088 0.000980
2 2 0.002784 0.049345 0.946018 0.000843 0.001009
2 2 0.003746 0.047069 0.946643 0.001496 0.001046
2 2 0.002182 0.035448 0.959460 0.002018 0.000892
2 2 0.002075 0.034074 0.960271 0.002594 0.000986
2 2 0.000943 0.020324 0.974042 0.004080 0.000610
2 2 0.002186 0.024468 0.957305 0.014757 0.001284
2 2 0.002207 0.026105 0.955009 0.015136 0.001542
2 2 0.001611 0.020587 0.959876 0.016810 0.001116
2 2 0.001470 0.020475 0.952635 0.023911 0.001509
2 2 0.001223 0.019599 0.957356 0.020438 0.001385
2 2 0.000707 0.012702 0.960421 0.025397 0.000774
2 2 0.000524 0.010565 0.956805 0.031416 0.000690
2 2 0.000563 0.010438 0.950691 0.037591 0.000718
2 2 0.000465 0.008417 0.938430 0.052094 0.000594
2 2 0.000427 0.006650 0.903082 0.089325 0.000515
2 2 0.000429 0.006646 0.887480 0.104857 0.000588
2 2 0.000590 0.007161 0.857963 0.133589 0.000696
2 2 0.000744 0.007469 0.797086 0.193764 0.000938
2 2 0.001252 0.009309 0.793254 0.195042 0.001144
2 2 0.001701 0.011392 0.806871 0.178619 0.001417
2 2 0.003309 0.015094 0.802553 0.177251 0.001793
2 2 0.002139 0.010420 0.763334 0.222928 0.001179
2 2 0.001940 0.009139 0.718579 0.269238 0.001105
2 2 0.005450 0.017504 0.740274 0.234339 0.002433
2 2 0.005376 0.015746 0.735268 0.241695 0.001915
2 2 0.100631 0.097348 0.741189 0.051810 0.009022
2 2 0.030131 0.087576 0.853219 0.021519 0.007555
2 2 0.037622 0.158802 0.786297 0.004759 0.012520
2 2 0.048965 0.239427 0.693838 0.001430 0.016339
2 2 0.058348 0.300062 0.626002 0.000488 0.015099
2 2 0.001904 0.039818 0.953394 0.003096 0.001789
2 2 0.000857 0.027529 0.968302 0.002314 0.000998
2 2 0.000195 0.011739 0.981701 0.005782 0.000583
2 2 0.000413 0.018628 0.976025 0.004051 0.000883
2 2 0.000699 0.020479 0.970001 0.007643 0.001178
2 2 0.000848 0.021142 0.971671 0.005460 0.000879
2 2 0.000349 0.013430 0.981088 0.004669 0.000463
2 2 0.000187 0.010138 0.985716 0.003659 0.000301
2 2 0.000241 0.013446 0.984488 0.001534 0.000291
2 2 0.000171 0.010725 0.987160 0.001720 0.000223
2 2 0.000199 0.011068 0.986520 0.001974 0.000240
2 2 0.000082 0.005706 0.990577 0.003514 0.000121
2 2 0.000088 0.005453 0.989475 0.004857 0.000126
2 2 0.000034 0.003340 0.990801 0.005746 0.000079
2 2 0.000024 0.002431 0.988209 0.009275 0.000061
2 2 0.000235 0.011079 0.975898 0.012062 0.000726
2 2 0.000162 0.007261 0.967840 0.024223 0.000514
2 2 0.000145 0.005457 0.950461 0.043536 0.000401
2 3 0.000063 0.003071 0.941245 0.055422 0.000200
2 3 0.000117 0.002974 0.857262 0.139403 0.000244
2 3 0.000288 0.004536 0.842457 0.152312 0.000407
2 3 0.000211 0.003843 0.808668 0.186869 0.000409
2 3 0.000492 0.005416 0.784122 0.209372 0.000598
2 3 0.000666 0.007650 0.833180 0.157616 0.000888
2 3 0.000521 0.007231 0.781844 0.209169 0.001235
2 3 0.000210 0.004867 0.819470 0.174738 0.000715
2 3 0.000356 0.006071 0.808279 0.184384 0.000910
2 3 0.000897 0.010924 0.855255 0.131374 0.001550
2 3 0.001224 0.010835 0.846199 0.140460 0.001282
2 3 0.003113 0.016144 0.785392 0.192878 0.002473
2 3 0.002431 0.013546 0.749513 0.232225 0.002285
2 3 0.001451 0.011372 0.772002 0.213245 0.001930
2 3 0.001551 0.012672 0.795947 0.187695 0.002136
2 3 0.000492 0.006773 0.821914 0.169946 0.000874
2 3 0.000383 0.005238 0.771609 0.222064 0.000706
3 3 0.000230 0.002186 0.411210 0.585845 0.000529
3 3 0.000284 0.002253 0.344537 0.652233 0.000693
3 3 0.000478 0.003337 0.328150 0.666594 0.001440
3 3 0.000555 0.003827 0.351412 0.642581 0.001625
3 3 0.000640 0.003652 0.302807 0.691201 0.001701
3 3 0.001079 0.004877 0.314070 0.677715 0.002259
3 3 0.002380 0.009068 0.394681 0.589809 0.004062
2 3 0.004789 0.013962 0.539099 0.438433 0.003717
2 3 0.039319 0.049886 0.655360 0.244841 0.010594
2 2 0.245579 0.135492 0.548602 0.052868 0.017460
2 2 0.218699 0.156895 0.587440 0.022704 0.014263
2 2 0.105686 0.210666 0.661354 0.005343 0.016951
2 1 0.076100 0.220009 0.685977 0.002823 0.015091
2 1 0.086681 0.298415 0.597750 0.000806 0.016348
2 1 0.116489 0.403812 0.451958 0.000371 0.027370
2 1 0.015509 0.166951 0.811203 0.000482 0.005855
2 2 0.007479 0.114403 0.874357 0.000470 0.003290
2 2 0.009984 0.101117 0.884630 0.001035 0.003235
2 2 0.022854 0.111511 0.859040 0.002437 0.004158
2 2 0.022694 0.106070 0.862503 0.003828 0.004905
1 2 0.117441 0.444435 0.412323 0.000196 0.025606
2 1 0.103572 0.345425 0.535191 0.000392 0.015420
2 1 0.006169 0.080924 0.910542 0.000620 0.001745
2 1 0.004046 0.055926 0.937065 0.001435 0.001527
2 1 0.001243 0.034101 0.962082 0.001553 0.001021
2 2 0.000589 0.025765 0.971660 0.001260 0.000726
2 2 0.000546 0.026175 0.971311 0.001197 0.000771
2 2 0.000383 0.022127 0.975964 0.000969 0.000556
2 2 0.000795 0.031236 0.966087 0.001037 0.000844
2 2 0.000957 0.032719 0.963792 0.001475 0.001056
2 2 0.021123 0.111421 0.859446 0.002969 0.005042
2 2 0.035901 0.150834 0.804325 0.002192 0.006747
2 4 0.065111 0.274362 0.620480 0.002893 0.037153
2 4 0.095180 0.408307 0.422729 0.001057 0.072727
2 4 0.024019 0.298488 0.615489 0.001461 0.060543
2 4 0.007729 0.214825 0.713554 0.002230 0.061661
2 4 0.000896 0.091170 0.826403 0.010344 0.071187
2 4 0.000933 0.087779 0.804780 0.016424 0.090084
2 4 0.001809 0.113922 0.700485 0.021461 0.162324
2 4 0.001376 0.104771 0.755215 0.017121 0.121516
2 4 0.000572 0.084632 0.828529 0.009475 0.076792
2 4 0.000781 0.089640 0.810944 0.012068 0.086567
2 4 0.001476 0.117058 0.739550 0.012704 0.129212
2 4 0.002612 0.124676 0.699131 0.020739 0.152841
2 4 0.010068 0.162166 0.531035 0.037842 0.258890
2 4 0.009167 0.146761 0.530485 0.050694 0.262892
2 4 0.006809 0.160253 0.527036 0.028278 0.277624
2 4 0.005188 0.154436 0.575673 0.024090 0.240612
2 4 0.004175 0.146747 0.612276 0.022473 0.214329
2 4 0.007584 0.165190 0.456750 0.027807 0.342669
2 4 0.012086 0.174486 0.424491 0.033404 0.355533
4 4 0.042370 0.173771 0.183979 0.038532 0.561348
4 4 0.059455 0.162089 0.143551 0.044352 0.590553
4 4 0.085958 0.146083 0.105223 0.050984 0.611751
4 4 0.088189 0.144852 0.102793 0.051449 0.612717
4 4 0.080643 0.163054 0.123662 0.042646 0.589995
4 4 0.079366 0.243950 0.194500 0.017361 0.464823
4 4 0.086138 0.303996 0.243161 0.009097 0.357608
1 4 0.079226 0.327356 0.298167 0.007214 0.288037
2 4 0.014772 0.198627 0.717418 0.006346 0.062837
4 4 0.047056 0.170478 0.170966 0.040295 0.571206
4 4 0.020815 0.188206 0.281541 0.027779 0.481659
4 4 0.014939 0.213686 0.369741 0.015904 0.385730
2 4 0.037093 0.351766 0.379254 0.002956 0.228930
2 4 0.015624 0.256940 0.588916 0.004872 0.133647
2 4 0.002811 0.136929 0.720573 0.012934 0.126753
2 4 0.004742 0.140405 0.696328 0.021251 0.137274
2 4 0.002699 0.114605 0.781647 0.016109 0.084939
2 4 0.002581 0.112651 0.781095 0.016870 0.086802
2 4 0.003986 0.143023 0.652878 0.021015 0.179098
4 4 0.013392 0.172957 0.362272 0.034006 0.417372
4 4 0.040922 0.174374 0.188638 0.038391 0.557675
4 4 0.053214 0.166244 0.156265 0.042408 0.581868
4 4 0.057065 0.163663 0.148193 0.043629 0.587449
4 4 0.070709 0.154971 0.124755 0.047447 0.602118
4 4 0.088189 0.144852 0.102793 0.051449 0.612717
4 4 0.088189 0.144852 0.102793 0.051449 0.612717
4 4 0.088189 0.144852 0.102793 0.051449 0.612717
4 4 0.080824 0.148982 0.111191 0.049866 0.609137
4 4 0.088189 0.144852 0.102793 0.051449 0.612717
4 4 0.088189 0.144852 0.102793 0.051449 0.612717
4 4 0.083374 0.147531 0.108159 0.050430 0.610506
4 4 0.088189 0.144852 0.102793 0.051449 0.612717
4 4 0.085787 0.185031 0.138395 0.033198 0.557590
4 4 0.045762 0.190961 0.196664 0.031486 0.535127
4 4 0.029751 0.182670 0.230720 0.032907 0.523953
4 4 0.019709 0.188753 0.289545 0.027047 0.474946
2 4 0.010900 0.204011 0.544280 0.014860 0.225950
2 4 0.020584 0.210703 0.615102 0.016410 0.137201
2 4 0.038142 0.292088 0.430403 0.008547 0.230820
2 4 0.019083 0.241613 0.613563 0.007081 0.118659
2 1 0.007100 0.179069 0.768010 0.002855 0.042965
2 1 0.001660 0.097758 0.879218 0.002442 0.018923
2 1 0.000332 0.046672 0.928463 0.007303 0.017230
2 2 0.000518 0.073656 0.861904 0.009540 0.054383
2 2 0.000404 0.063505 0.890527 0.008051 0.037513
2 2 0.000257 0.052583 0.915963 0.006041 0.025155
2 2 0.000208 0.046232 0.925401 0.006446 0.021713
2 2 0.000157 0.039328 0.937818 0.006123 0.016574
2 2 0.000068 0.024958 0.960189 0.005889 0.008897
2 2 0.072637 0.296668 0.538836 0.006161 0.085698
2 2 0.026004 0.207336 0.746740 0.001705 0.018215
2 2 0.010237 0.129400 0.853002 0.001061 0.006300
2 2 0.002498 0.057903 0.935799 0.001434 0.002366
2 2 0.000619 0.027976 0.970155 0.000677 0.000573
2 2 0.001212 0.041206 0.955565 0.000869 0.001148
2 2 0.002262 0.067401 0.926869 0.000835 0.002634
2 2 0.001692 0.057138 0.938330 0.000804 0.002035
2 2 0.003338 0.077457 0.915719 0.000756 0.002730
2 2 0.005535 0.092949 0.897206 0.000868 0.003441
2 2 0.006173 0.096504 0.892881 0.000877 0.003565
2 2 0.002083 0.052723 0.943035 0.000770 0.001388
2 2 0.000861 0.032122 0.965069 0.001066 0.000883
2 2 0.000751 0.034660 0.963349 0.000513 0.000726
2 2 0.000241 0.018331 0.980469 0.000611 0.000348
2 2 0.000399 0.024515 0.974122 0.000509 0.000456
2 2 0.000412 0.023223 0.975233 0.000669 0.000463
2 2 0.000422 0.023802 0.974546 0.000720 0.000511
2 2 0.000685 0.030307 0.967799 0.000604 0.000606
2 2 0.000286 0.019616 0.979187 0.000562 0.000349
2 2 0.000060 0.007282 0.991439 0.001091 0.000128
2 2 0.000059 0.005577 0.992570 0.001706 0.000088
2 2 0.000058 0.005364 0.992669 0.001824 0.000084
2 2 0.000115 0.007433 0.990838 0.001509 0.000105
2 2 0.000024 0.002868 0.995244 0.001832 0.000032
2 2 0.000018 0.002248 0.994979 0.002728 0.000027
2 2 0.000024 0.002969 0.995371 0.001605 0.000032
2 2 0.000024 0.002413 0.993319 0.004208 0.000036
2 2 0.000023 0.002432 0.993205 0.004302 0.000038
2 2 0.000020 0.002147 0.990221 0.007568 0.000044
2 2 0.000023 0.002506 0.991681 0.005740 0.000050
2 2 0.000044 0.003252 0.989140 0.007491 0.000072
2 2 0.000036 0.002292 0.984591 0.013032 0.000049
2 2 0.000087 0.003427 0.978386 0.018008 0.000092
2 2 0.000059 0.003001 0.978992 0.017863 0.000085
2 2 0.000047 0.002078 0.958172 0.039634 0.000068
2 2 0.000031 0.001861 0.967636 0.030415 0.000058
2 3 0.000031 0.001698 0.926141 0.072043 0.000086
2 3 0.000047 0.002231 0.926071 0.071522 0.000131
2 3 0.000046 0.002148 0.908226 0.089436 0.000143
2 3 0.000103 0.003542 0.921218 0.074886 0.000251
2 3 0.000153 0.003367 0.868206 0.128016 0.000257
2 3 0.000095 0.002338 0.806513 0.190847 0.000207
2 3 0.000105 0.002399 0.739133 0.258076 0.000287
2 3 0.000135 0.002525 0.672773 0.324199 0.000367
2 3 0.000250 0.002960 0.583181 0.413096 0.000513
2 3 0.000180 0.002674 0.646861 0.349899 0.000385
2 3 0.000120 0.002091 0.596375 0.401073 0.000341
2 3 0.000178 0.002620 0.610209 0.386561 0.000432
2 3 0.000259 0.003943 0.723346 0.271874 0.000578
2 3 0.000451 0.005333 0.689055 0.304187 0.000974
2 3 0.000115 0.001978 0.536104 0.461411 0.000392
3 3 0.000089 0.001528 0.462522 0.535526 0.000335
3 3 0.000167 0.002579 0.453407 0.542978 0.000867
3 3 0.000256 0.002946 0.368923 0.626512 0.001363
3 3 0.000395 0.002978 0.260635 0.734060 0.001932
3 3 0.000228 0.002164 0.269834 0.726588 0.001186
3 3 0.000190 0.002219 0.338288 0.658349 0.000954
3 3 0.000247 0.002770 0.392396 0.603539 0.001049
3 3 0.000132 0.002105 0.453168 0.543985 0.000610
2 3 0.000106 0.002518 0.512384 0.484109 0.000883
2 3 0.000035 0.001029 0.505588 0.493150 0.000198
3 3 0.000042 0.001108 0.443651 0.554920 0.000278
3 3 0.000075 0.001388 0.376983 0.621096 0.000457
3 3 0.000078 0.001379 0.348830 0.649200 0.000513
3 3 0.000083 0.001097 0.237127 0.761147 0.000545
3 3 0.000208 0.002469 0.312765 0.683161 0.001397
3 3 0.000210 0.002133 0.252780 0.743487 0.001390
3 3 0.000221 0.002097 0.250402 0.745986 0.001294
3 3 0.000248 0.002086 0.227616 0.768663 0.001387
3 3 0.000182 0.001968 0.268409 0.728315 0.001127
3 3 0.000110 0.001283 0.227697 0.770202 0.000707
3 3 0.000069 0.000852 0.194096 0.804531 0.000451
3 3 0.000089 0.001254 0.253492 0.744512 0.000652
3 3 0.000164 0.001858 0.289163 0.707903 0.000911
3 3 0.000262 0.002651 0.321218 0.674527 0.001342
3 3 0.000368 0.003665 0.382646 0.611602 0.001719
3 3 0.000214 0.003115 0.409718 0.585468 0.001485
3 3 0.000220 0.002359 0.329928 0.666444 0.001049
3 3 0.000320 0.002582 0.287053 0.708740 0.001306
3 3 0.000219 0.003907 0.415431 0.577831 0.002612
3 3 0.000177 0.002611 0.329972 0.665574 0.001667
3 3 0.000238 0.003762 0.440147 0.553883 0.001971
2 3 0.000228 0.004012 0.502717 0.491245 0.001798
2 3 0.000197 0.003914 0.561885 0.432559 0.001446
3 3 0.000244 0.003719 0.474781 0.519684 0.001572
3 3 0.000402 0.004413 0.431492 0.561631 0.002061
3 3 0.000547 0.005202 0.404708 0.586689 0.002855
3 3 0.000941 0.006050 0.335520 0.653436 0.004053
3 3 0.001177 0.007888 0.397039 0.588945 0.004951
3 3 0.001122 0.005781 0.291504 0.697525 0.004069
2 3 0.094762 0.104672 0.527626 0.221505 0.051435
2 3 0.167764 0.124812 0.514485 0.151012 0.041927
2 0 0.094500 0.127384 0.636015 0.103511 0.038590
0 0 0.427354 0.189523 0.294745 0.034401 0.053978
0 0 0.414622 0.210779 0.293567 0.024111 0.056921
0 0 0.624149 0.196181 0.110143 0.006081 0.063445
2 0 0.194663 0.322893 0.443313 0.002445 0.036686
2 0 0.239806 0.357537 0.360876 0.001530 0.040250
0 1 0.476910 0.330524 0.146781 0.000653 0.045132
0 1 0.716584 0.150121 0.041681 0.003442 0.088172
0 0 0.733762 0.136038 0.037318 0.004139 0.088744
1 0 0.238269 0.438009 0.227979 0.000813 0.094930
2 0 0.116289 0.414604 0.437850 0.000383 0.030875
2 1 0.038563 0.302951 0.644390 0.000279 0.013818
2 1 0.000896 0.032898 0.965099 0.000533 0.000574
2 2 0.000855 0.031734 0.966299 0.000557 0.000555
2 2 0.000613 0.026454 0.971805 0.000646 0.000482
2 2 0.000904 0.032080 0.965375 0.000893 0.000748
2 2 0.000636 0.026758 0.971145 0.000874 0.000587
2 2 0.000427 0.020306 0.977969 0.000907 0.000390
2 2 0.000631 0.026477 0.971553 0.000795 0.000544
2 2 0.001081 0.035677 0.961351 0.000970 0.000921
2 2 0.001139 0.037017 0.959857 0.000996 0.000991
2 2 0.000814 0.024687 0.971989 0.001846 0.000662
2 2 0.000395 0.016793 0.980484 0.001909 0.000419
2 2 0.000388 0.015072 0.980726 0.003344 0.000469
2 2 0.000494 0.018776 0.978134 0.002088 0.000508
2 2 0.001846 0.034752 0.959227 0.002939 0.001236
2 2 0.001609 0.038077 0.956999 0.001986 0.001330
2 2 0.017055 0.087523 0.881605 0.008011 0.005806
2 2 0.053293 0.135637 0.794177 0.007797 0.009096
2 2 0.080171 0.153756 0.745100 0.009427 0.011546
2 2 0.056989 0.182866 0.745940 0.003107 0.011098
2 2 0.115352 0.241645 0.628137 0.001959 0.012906
2 2 0.007809 0.100717 0.888908 0.000432 0.002133
2 2 0.001385 0.038650 0.958851 0.000498 0.000616
2 2 0.000360 0.017404 0.981496 0.000531 0.000209
2 2 0.000183 0.011994 0.987074 0.000607 0.000141
2 2 0.000123 0.010385 0.988686 0.000668 0.000137
2 2 0.000042 0.005837 0.993066 0.000969 0.000086
2 2 0.000082 0.009701 0.988991 0.001022 0.000204
2 2 0.000100 0.011771 0.985835 0.001859 0.000435
2 2 0.000159 0.017160 0.979878 0.001954 0.000849
2 2 0.000408 0.031714 0.963622 0.002045 0.002211
2 2 0.000477 0.035175 0.960052 0.001862 0.002433
2 2 0.000829 0.049841 0.943148 0.001937 0.004244
2 2 0.001009 0.052003 0.941863 0.001555 0.003570
2 2 0.001881 0.072512 0.918169 0.001647 0.005792
2 2 0.001852 0.066768 0.926012 0.001325 0.004043
2 2 0.003791 0.096668 0.889791 0.001757 0.007994
2 2 0.001988 0.067100 0.925859 0.001270 0.003783
2 2 0.001543 0.058143 0.936455 0.001081 0.002778
2 2 0.000932 0.041719 0.954729 0.001023 0.001597
2 2 0.000761 0.039984 0.957143 0.000758 0.001354
2 2 0.000150 0.014310 0.984229 0.000962 0.000349
2 2 0.000123 0.012012 0.986151 0.001389 0.000325
2 2 0.000072 0.009877 0.988674 0.001127 0.000250
2 2 0.000124 0.013155 0.985522 0.000894 0.000304
2 2 0.000076 0.009150 0.989622 0.000972 0.000179
2 2 0.000084 0.009542 0.989154 0.001027 0.000193
2 2 0.000056 0.007288 0.991309 0.001203 0.000144
2 2 0.000025 0.004037 0.993055 0.002785 0.000098
2 2 0.000045 0.006065 0.991287 0.002434 0.000169
2 2 0.000063 0.006765 0.989712 0.003247 0.000212
2 2 0.000210 0.014509 0.983143 0.001720 0.000419
2 2 0.000073 0.007825 0.989642 0.002244 0.000215
2 2 0.000025 0.004208 0.994216 0.001480 0.000072
2 2 0.000016 0.002881 0.995269 0.001792 0.000042
2 2 0.000018 0.003418 0.995395 0.001125 0.000045
2 2 0.000109 0.010235 0.988289 0.001157 0.000210
2 2 0.000051 0.006206 0.992079 0.001544 0.000120
2 2 0.000014 0.002771 0.994564 0.002597 0.000053
2 2 0.000006 0.001553 0.995027 0.003385 0.000028
2 2 0.000004 0.001252 0.995574 0.003151 0.000018
2 2 0.000007 0.001674 0.995481 0.002811 0.000027
2 2 0.000038 0.004150 0.992388 0.003335 0.000088
2 2 0.000093 0.007023 0.989826 0.002896 0.000162
2 2 0.000121 0.007860 0.988296 0.003518 0.000205
2 2 0.000111 0.008491 0.988755 0.002435 0.000207
2 2 0.000193 0.013541 0.983921 0.001943 0.000402
2 2 0.000153 0.012041 0.986273 0.001268 0.000265
2 2 0.000286 0.015556 0.982501 0.001319 0.000338
2 2 0.000157 0.010271 0.987420 0.001924 0.000228
2 2 0.000197 0.011517 0.986625 0.001445 0.000215
2 2 0.000059 0.005827 0.992486 0.001537 0.000091
2 2 0.000028 0.003517 0.993466 0.002922 0.000066
2 2 0.000107 0.007442 0.989976 0.002327 0.000148
2 2 0.000197 0.009180 0.985879 0.004489 0.000255
2 2 0.000325 0.014651 0.981406 0.003149 0.000469
2 2 0.153101 0.156252 0.677579 0.006331 0.006737
2 2 0.070916 0.131434 0.785443 0.006270 0.005937
2 2 0.073383 0.176393 0.738208 0.003285 0.008731
2 0 0.146529 0.205736 0.626564 0.006293 0.014877
0 1 0.409231 0.276149 0.298070 0.001156 0.015394
0 1 0.451029 0.227664 0.305695 0.002281 0.013331
0 2 0.393516 0.273366 0.313996 0.001514 0.017608
0 2 0.536390 0.248138 0.196252 0.001088 0.018131
0 2 0.591066 0.238315 0.149514 0.000897 0.020207
0 2 0.611006 0.256920 0.106969 0.000428 0.024677
0 2 0.350163 0.333405 0.288185 0.000950 0.027296
2 2 0.097296 0.292504 0.594118 0.000842 0.015241
2 2 0.072865 0.206048 0.710352 0.001689 0.009047
2 2 0.287059 0.218000 0.481275 0.003181 0.010485
2 1 0.377316 0.201988 0.406299 0.003978 0.010419
2 1 0.267415 0.180232 0.534403 0.007782 0.010168
2 1 0.194029 0.177615 0.613722 0.006172 0.008463
2 1 0.209630 0.243616 0.530184 0.002870 0.013700
2 1 0.186166 0.310089 0.487071 0.000947 0.015727
2 2 0.141374 0.284247 0.566264 0.000459 0.007655
2 2 0.026158 0.121157 0.843349 0.003372 0.005964
2 2 0.028491 0.120381 0.841539 0.003717 0.005872
2 2 0.023788 0.140236 0.824449 0.002842 0.008685
2 2 0.019386 0.144691 0.820112 0.003377 0.012435
2 2 0.020612 0.148381 0.787076 0.012086 0.031845
2 2 0.027758 0.178221 0.730526 0.013587 0.049908
2 4 0.060425 0.249051 0.598208 0.011424 0.080893
2 4 0.114379 0.319315 0.468947 0.005996 0.091363
2 4 0.112272 0.310770 0.480943 0.006673 0.089341
2 4 0.111262 0.303700 0.469345 0.008914 0.106780
2 4 0.175359 0.310237 0.373819 0.010607 0.129979
1 4 0.275768 0.320711 0.199291 0.006775 0.197455
1 4 0.311722 0.319911 0.178660 0.005437 0.184270
0 4 0.389115 0.264169 0.089476 0.004849 0.252391
0 4 0.338294 0.259209 0.095866 0.006784 0.299846
4 4 0.252826 0.283912 0.120586 0.006868 0.335808
4 4 0.278397 0.288273 0.120949 0.006371 0.306011
4 4 0.261946 0.247667 0.108912 0.011181 0.370294
0 4 0.327412 0.260019 0.097376 0.006966 0.308228
0 4 0.389828 0.242242 0.088831 0.007652 0.271447
0 4 0.487647 0.215529 0.073767 0.007376 0.215681
0 4 0.567777 0.189809 0.061915 0.007096 0.173402
0 4 0.541396 0.176953 0.064787 0.012807 0.204057
0 4 0.588795 0.177360 0.058670 0.008162 0.167013
0 4 0.388175 0.211721 0.086233 0.014414 0.299458
0 4 0.334445 0.243460 0.095480 0.009369 0.317246
4 4 0.223166 0.304750 0.138347 0.006014 0.327724
1 4 0.251337 0.322994 0.135233 0.004221 0.286215
4 4 0.175046 0.247734 0.134219 0.014461 0.428541
4 4 0.190202 0.239331 0.119364 0.014203 0.436900
4 4 0.083390 0.147522 0.108141 0.050433 0.610514
4 4 0.114199 0.168815 0.107226 0.037313 0.572447
4 4 0.132422 0.168669 0.105199 0.040697 0.553013
4 4 0.251293 0.210552 0.101611 0.021135 0.415409
4 4 0.109348 0.219491 0.150125 0.022752 0.498285
4 4 0.212328 0.210902 0.105944 0.021285 0.449541
4 4 0.086182 0.270880 0.207526 0.012712 0.422701
4 4 0.071344 0.273859 0.230328 0.012169 0.412300
2 4 0.087114 0.301152 0.447281 0.010911 0.153542
2 4 0.109137 0.318795 0.431253 0.008272 0.132544
0 4 0.322596 0.276094 0.098672 0.005212 0.297426
2 4 0.076739 0.280381 0.532896 0.010012 0.099972
2 4 0.016961 0.190689 0.766784 0.002284 0.023282
2 0 0.029531 0.258562 0.670292 0.002061 0.039554
2 4 0.012913 0.153420 0.823999 0.001037 0.008631
2 4 0.081541 0.292975 0.596879 0.001639 0.026965
2 4 0.047684 0.240360 0.669990 0.004244 0.037722
1 4 0.168013 0.348991 0.236284 0.005675 0.241038
4 4 0.178884 0.318177 0.164218 0.006081 0.332640
4 4 0.189405 0.298400 0.149625 0.007393 0.355178
4 4 0.177512 0.298763 0.155520 0.007670 0.360535
4 4 0.187729 0.269988 0.136295 0.010253 0.395736
4 4 0.166986 0.287183 0.154968 0.009053 0.381810
4 4 0.170269 0.266540 0.142258 0.011278 0.409655
4 4 0.281058 0.263601 0.103732 0.007513 0.344095
0 4 0.305683 0.281701 0.104507 0.005333 0.302776
4 4 0.239078 0.303375 0.131965 0.005701 0.319882
2 4 0.090268 0.335545 0.407818 0.006448 0.159922
2 4 0.127367 0.353366 0.396829 0.004549 0.117890
1 4 0.241038 0.310460 0.176913 0.007765 0.263824
4 4 0.290625 0.266808 0.102658 0.006907 0.333002
4 4 0.308070 0.272143 0.100555 0.005924 0.313307
0 4 0.321778 0.275883 0.098781 0.005250 0.298309
0 4 0.336841 0.279544 0.096720 0.004594 0.282302
0 4 0.312146 0.311760 0.112891 0.003488 0.259715
1 4 0.207128 0.339684 0.159555 0.004193 0.289441
4 4 0.087861 0.326003 0.244317 0.006495 0.335324
4 4 0.079017 0.300719 0.239412 0.008844 0.372008
4 1 0.069288 0.275016 0.234588 0.011960 0.409148
4 2 0.095006 0.285643 0.208113 0.010666 0.400572
4 2 0.182339 0.272060 0.139680 0.010205 0.395716
4 2 0.198527 0.286772 0.140068 0.008172 0.366461
0 2 0.316868 0.274589 0.099428 0.005482 0.303633
4 2 0.289644 0.266488 0.102771 0.006967 0.334130
4 2 0.271390 0.260154 0.104756 0.008181 0.355519
4 2 0.295103 0.268240 0.102136 0.006640 0.327882
4 2 0.304982 0.271246 0.100940 0.006087 0.316744
0 2 0.317026 0.274631 0.099407 0.005475 0.303461
0 2 0.310693 0.272889 0.100223 0.005789 0.310406
4 2 0.294967 0.268197 0.102152 0.006648 0.328036
0 2 0.307297 0.284988 0.105266 0.005074 0.297375
1 2 0.228273 0.320631 0.142893 0.004851 0.303351
1 2 0.243561 0.347462 0.146807 0.003193 0.258976
1 2 0.161770 0.352877 0.190248 0.004186 0.290919
1 2 0.104653 0.414059 0.284535 0.001945 0.194808
2 2 0.045932 0.348035 0.467492 0.002878 0.135663
2 2 0.030855 0.333716 0.541195 0.001739 0.092495
2 2 0.025449 0.282248 0.599726 0.003267 0.089309
2 2 0.045619 0.309822 0.419902 0.007125 0.217531
2 2 0.041820 0.293292 0.471872 0.008238 0.184778
4 2 0.061198 0.291548 0.263022 0.009508 0.374724
4 2 0.051280 0.288556 0.282931 0.009408 0.367825
2 2 0.045954 0.352619 0.390702 0.003411 0.207313
2 2 0.061534 0.364917 0.446262 0.002600 0.124688
1 2 0.111927 0.398804 0.337891 0.002412 0.148965
1 2 0.150225 0.415742 0.228963 0.001826 0.203244
1 2 0.174023 0.417118 0.253812 0.001758 0.153288
1 2 0.112435 0.411163 0.384156 0.001380 0.090866
1 2 0.124024 0.418292 0.247694 0.001801 0.208189
1 2 0.152685 0.406300 0.217970 0.002057 0.220988
1 2 0.105083 0.385014 0.332238 0.003152 0.174512
2 2 0.082390 0.384449 0.436198 0.001840 0.095123
2 2 0.051460 0.333306 0.559926 0.001463 0.053845
2 2 0.031644 0.277823 0.656954 0.001187 0.032394
2 2 0.040032 0.289396 0.636479 0.001240 0.032853
2 2 0.017150 0.202117 0.765707 0.000866 0.014161
2 2 0.027906 0.252735 0.696431 0.000956 0.021972
2 2 0.052328 0.321009 0.587593 0.001141 0.037930
2 2 0.068550 0.343048 0.529220 0.001727 0.057454
2 2 0.055291 0.314861 0.568485 0.002348 0.059015
2 2 0.021728 0.223109 0.706243 0.003632 0.045288
2 2 0.034112 0.292180 0.574837 0.003900 0.094971
2 2 0.021485 0.253978 0.676682 0.001996 0.045858
2 2 0.018105 0.256282 0.686270 0.001252 0.038092
2 2 0.013901 0.213381 0.743022 0.001472 0.028224
2 2 0.013790 0.193046 0.757062 0.002847 0.033255
2 2 0.005479 0.113772 0.861431 0.003578 0.015740
2 2 0.002787 0.076061 0.904311 0.005520 0.011320
2 2 0.004406 0.087360 0.890872 0.005503 0.011859
2 2 0.005006 0.106717 0.867150 0.004563 0.016565
2 2 0.258517 0.233473 0.486418 0.004408 0.017184
2 2 0.281460 0.187182 0.509191 0.008971 0.013195
2 2 0.202234 0.277393 0.468715 0.006822 0.044836
2 2 0.074993 0.272398 0.628166 0.001731 0.022713
2 0 0.025278 0.203364 0.756612 0.001176 0.013569
2 1 0.044739 0.264781 0.655354 0.002132 0.032994
2 1 0.001926 0.035838 0.954949 0.005344 0.001942
2 2 0.000974 0.023157 0.968704 0.006063 0.001102
2 2 0.000880 0.023619 0.968787 0.005537 0.001177
2 2 0.000393 0.017126 0.978749 0.003114 0.000618
2 2 0.000083 0.007554 0.989957 0.002226 0.000181
2 2 0.000080 0.007199 0.990288 0.002266 0.000166
2 2 0.000055 0.006283 0.991347 0.002167 0.000148
2 2 0.000045 0.006120 0.991360 0.002309 0.000165
2 2 0.000032 0.005129 0.991193 0.003471 0.000175
2 2 0.000040 0.006009 0.990234 0.003490 0.000226
2 2 0.000076 0.008444 0.988387 0.002798 0.000296
2 2 0.000184 0.012169 0.983763 0.003424 0.000460
2 2 0.000151 0.011024 0.985286 0.003151 0.000388
2 2 0.000203 0.012480 0.982802 0.004004 0.000511
2 2 0.000141 0.011394 0.986412 0.001750 0.000303
2 2 0.000044 0.005644 0.992299 0.001893 0.000120
2 2 0.000050 0.005700 0.992385 0.001759 0.000107
2 2 0.000044 0.005103 0.993082 0.001686 0.000086
2 2 0.000083 0.006051 0.991206 0.002549 0.000112
2 2 0.000119 0.007093 0.989755 0.002892 0.000141
2 2 0.000174 0.009120 0.986857 0.003611 0.000238
2 2 0.000450 0.016734 0.980302 0.002111 0.000403
2 2 0.000274 0.012633 0.984154 0.002617 0.000321
2 2 0.000445 0.016822 0.979872 0.002409 0.000452
2 2 0.000821 0.021533 0.974112 0.002909 0.000625
2 2 0.000514 0.017442 0.978049 0.003429 0.000566
2 2 0.000603 0.019669 0.974815 0.004131 0.000782
2 2 0.000309 0.014407 0.981960 0.002880 0.000443
2 2 0.000345 0.017446 0.979514 0.002143 0.000552
2 2 0.000308 0.018115 0.979949 0.001185 0.000442
2 2 0.000193 0.014982 0.983137 0.001289 0.000399
2 2 0.000036 0.006318 0.991848 0.001629 0.000168
2 2 0.000011 0.003064 0.994290 0.002553 0.000082
2 2 0.000022 0.004613 0.992659 0.002561 0.000145
2 2 0.000024 0.004156 0.994679 0.001083 0.000058
2 2 0.000012 0.002469 0.995532 0.001950 0.000037
2 2 0.000009 0.002220 0.995304 0.002425 0.000042
2 2 0.000007 0.002100 0.995277 0.002571 0.000045
2 2 0.000006 0.002246 0.995063 0.002628 0.000056
2 2 0.000012 0.003582 0.994048 0.002252 0.000105
2 2 0.000013 0.003906 0.993674 0.002279 0.000129
2 2 0.000015 0.003561 0.993855 0.002475 0.000093
2 2 0.000016 0.003033 0.993448 0.003429 0.000075
2 2 0.000044 0.005432 0.991159 0.003210 0.000155
2 2 0.000051 0.005471 0.991876 0.002483 0.000119
2 2 0.000040 0.005084 0.992703 0.002070 0.000104
2 2 0.000036 0.004556 0.993306 0.002019 0.000083
2 2 0.000010 0.002380 0.994711 0.002849 0.000051
2 2 0.000010 0.002409 0.994414 0.003111 0.000056
2 2 0.000011 0.002566 0.994471 0.002894 0.000057
2 2 0.000012 0.002691 0.994185 0.003051 0.000061
2 2 0.000008 0.002129 0.995017 0.002803 0.000042
2 2 0.000007 0.001982 0.994475 0.003492 0.000045
2 2 0.000005 0.001682 0.993348 0.004918 0.000047
2 2 0.078956 0.127820 0.780446 0.007153 0.005626
2 2 0.303600 0.193676 0.478717 0.009027 0.014980
0 1 0.562002 0.209658 0.172219 0.007611 0.048511
2 2 0.297914 0.312196 0.359900 0.001886 0.028104
2 0 0.234322 0.342648 0.393261 0.001264 0.028505
1 0 0.306612 0.357976 0.304379 0.000890 0.030144
0 0 0.858081 0.109037 0.018217 0.000147 0.014518
0 0 0.794158 0.154157 0.023911 0.000157 0.027616
0 0 0.562900 0.314759 0.087157 0.000175 0.035009
1 1 0.324500 0.426580 0.228201 0.000122 0.020597
0 1 0.413394 0.406992 0.159090 0.000082 0.020442
0 1 0.519968 0.337340 0.123468 0.000112 0.019113
0 1 0.477025 0.326709 0.180735 0.000203 0.015328
2 2 0.230197 0.351462 0.405625 0.000319 0.012397
1 2 0.282022 0.371493 0.329945 0.000297 0.016243
1 2 0.235337 0.385963 0.361159 0.000283 0.017259
1 2 0.232324 0.381273 0.370396 0.000270 0.015738
2 2 0.198171 0.367588 0.420652 0.000274 0.013314
2 2 0.227939 0.333385 0.427171 0.000376 0.011129
2 2 0.098551 0.257363 0.637778 0.000400 0.005908
0 2 0.690589 0.190297 0.106174 0.000556 0.012384
0 2 0.608130 0.200565 0.179198 0.001112 0.010994
2 2 0.305729 0.262999 0.419821 0.001142 0.010309
2 2 0.130568 0.212861 0.650054 0.001068 0.005450
2 2 0.223034 0.229032 0.540422 0.001192 0.006320
2 2 0.240594 0.211409 0.541367 0.001372 0.005258
0 2 0.468256 0.169006 0.354120 0.002929 0.005689
2 2 0.337342 0.173074 0.476499 0.005585 0.007501
0 0 0.492123 0.202582 0.282168 0.005122 0.018005
0 0 0.449461 0.204510 0.329128 0.003985 0.012916
2 1 0.276136 0.220371 0.490390 0.003184 0.009919
0 1 0.589954 0.159768 0.231125 0.006775 0.012378
0 2 0.453095 0.153403 0.379933 0.006934 0.006635
2 2 0.356906 0.173730 0.454052 0.006653 0.008659
2 2 0.280534 0.172877 0.535034 0.004987 0.006567
2 2 0.047539 0.106086 0.840962 0.002968 0.002446
2 2 0.025010 0.069128 0.901557 0.003113 0.001192
2 2 0.033987 0.079166 0.881347 0.003881 0.001618
2 2 0.062478 0.096455 0.833543 0.005247 0.002277
2 2 0.069359 0.108599 0.814627 0.004657 0.002758
0 2 0.385629 0.218171 0.380484 0.003299 0.012416
2 2 0.295636 0.191742 0.499026 0.004661 0.008936
0 2 0.552359 0.190568 0.240997 0.003142 0.012934
0 2 0.386540 0.266764 0.313531 0.003392 0.029773
1 2 0.226838 0.366391 0.274974 0.003583 0.128214
2 2 0.065176 0.380188 0.442745 0.001917 0.109973
2 1 0.015396 0.260591 0.691275 0.000769 0.031969
2 1 0.007634 0.177300 0.797178 0.000865 0.017023
2 2 0.000107 0.013628 0.983477 0.002121 0.000666
2 2 0.000062 0.012694 0.982545 0.003547 0.001152
2 2 0.001568 0.049002 0.938299 0.005805 0.005326
2 2 0.003713 0.087632 0.888459 0.005980 0.014216
2 2 0.009785 0.193647 0.623621 0.013197 0.159750
2 4 0.021953 0.261187 0.413620 0.009505 0.293735
2 4 0.005661 0.173996 0.774273 0.002591 0.043480
2 4 0.015131 0.208866 0.635264 0.011917 0.128821
2 4 0.000883 0.044174 0.901187 0.032617 0.021139
2 4 0.054880 0.180152 0.668565 0.033162 0.063241
2 4 0.176792 0.245605 0.490996 0.019079 0.067528
1 4 0.181450 0.269579 0.261109 0.024361 0.263502
0 4 0.650374 0.258432 0.057584 0.000161 0.033448
0 4 0.627643 0.264215 0.084324 0.000207 0.023612
0 4 0.684306 0.210098 0.087229 0.000410 0.017956
0 4 0.626357 0.215263 0.142345 0.000829 0.015206
0 4 0.666956 0.181021 0.131726 0.001952 0.018346
0 4 0.640103 0.191351 0.141446 0.002703 0.024397
0 4 0.651894 0.204304 0.099737 0.002128 0.041937
0 4 0.636389 0.208025 0.092686 0.002819 0.060080
0 4 0.525907 0.250337 0.155964 0.003961 0.063830
0 4 0.417794 0.273060 0.185176 0.007867 0.116102
4 4 0.279654 0.270072 0.124998 0.009230 0.316046
0 1 0.326404 0.322344 0.112287 0.002753 0.236212
0 1 0.557087 0.247418 0.073009 0.002045 0.120441
0 1 0.655971 0.204730 0.057347 0.001599 0.080354
0 4 0.699544 0.181269 0.084203 0.001786 0.033197
0 4 0.763930 0.146952 0.038545 0.001376 0.049197
0 4 0.724202 0.173487 0.052460 0.001320 0.048531
0 4 0.499079 0.269856 0.120746 0.003282 0.107037
1 4 0.327626 0.341714 0.194850 0.003360 0.132450
0 4 0.565453 0.208756 0.067292 0.004818 0.153682
0 4 0.507006 0.221201 0.071116 0.005463 0.195213
0 4 0.780220 0.122268 0.030188 0.002582 0.064742
0 4 0.633485 0.193806 0.092882 0.005321 0.074505
0 4 0.710456 0.155511 0.054085 0.004316 0.075631
0 4 0.458802 0.245534 0.206505 0.009920 0.079238
0 4 0.404473 0.267145 0.213251 0.010140 0.104991
0 4 0.628442 0.193751 0.090050 0.005687 0.082069
0 4 0.428916 0.231775 0.102577 0.010954 0.225778
0 4 0.454861 0.205587 0.077579 0.011674 0.250299
0 4 0.397058 0.205311 0.084547 0.015876 0.297209
0 4 0.408083 0.256021 0.141861 0.010975 0.183060
0 4 0.463176 0.222002 0.201212 0.018450 0.095160
2 4 0.183553 0.239327 0.534134 0.009414 0.033572
0 4 0.379667 0.265765 0.262033 0.010277 0.082258
0 4 0.446766 0.267979 0.177814 0.006644 0.100797
0 4 0.509566 0.233716 0.122237 0.008042 0.126439
0 4 0.585735 0.208567 0.083202 0.005477 0.117020
0 4 0.655183 0.162371 0.049010 0.005785 0.127650
0 4 0.674209 0.168285 0.045953 0.003434 0.108119
0 4 0.584664 0.213095 0.064259 0.003370 0.134613
0 4 0.607651 0.181339 0.056073 0.005836 0.149100
0 4 0.708434 0.136062 0.041102 0.006711 0.107690
0 4 0.701729 0.161864 0.041599 0.002617 0.092191
0 4 0.547219 0.232719 0.124209 0.005510 0.090343
0 4 0.569010 0.231338 0.108204 0.004065 0.087383
0 4 0.636231 0.181715 0.051696 0.003916 0.126442
0 4 0.366248 0.246903 0.091520 0.007686 0.287644
4 4 0.304629 0.271143 0.100984 0.006106 0.317138
4 1 0.282419 0.264069 0.103583 0.007424 0.342505
0 1 0.415223 0.291299 0.084454 0.002247 0.206777
0 1 0.496280 0.291025 0.069870 0.001002 0.141823
0 1 0.511903 0.289535 0.066919 0.000847 0.130796
0 1 0.391904 0.289055 0.088337 0.002793 0.227911
0 1 0.401828 0.290137 0.086706 0.002548 0.218781
0 1 0.336757 0.279525 0.096731 0.004597 0.282390
0 1 0.327922 0.277433 0.097954 0.004972 0.291720
0 1 0.321295 0.275758 0.098845 0.005272 0.298830
0 1 0.347968 0.281951 0.095127 0.004160 0.270793
0 1 0.409521 0.290846 0.085419 0.002371 0.211843
0 1 0.388148 0.297189 0.091190 0.002548 0.220925
1 1 0.270582 0.316490 0.196862 0.007285 0.208781
2 1 0.219493 0.305169 0.350569 0.010160 0.114609
2 1 0.201963 0.280973 0.402066 0.014506 0.100493
2 1 0.257617 0.265304 0.377010 0.015777 0.084293
2 1 0.195565 0.250471 0.475847 0.015798 0.062319
0 1 0.320015 0.273441 0.304490 0.012077 0.089978
0 1 0.445589 0.273226 0.198072 0.005307 0.077808
0 1 0.478587 0.272160 0.181348 0.003611 0.064294
0 1 0.551066 0.249120 0.096297 0.002748 0.100769
0 1 0.527475 0.237444 0.067703 0.002922 0.164456
0 1 0.633794 0.204199 0.051017 0.001857 0.109132
0 1 0.648803 0.188815 0.049316 0.002489 0.110576
0 1 0.652460 0.209788 0.053806 0.001274 0.082671
0 1 0.444247 0.269994 0.196296 0.006003 0.083461
0 2 0.478424 0.255484 0.197767 0.005436 0.062889
2 2 0.273264 0.282127 0.388000 0.006605 0.050004
2 2 0.160730 0.246932 0.549704 0.007963 0.034670
2 2 0.277796 0.268314 0.408578 0.006380 0.038932
2 2 0.313493 0.270098 0.369265 0.006091 0.041053
0 2 0.416701 0.250699 0.272360 0.007937 0.052304
2 2 0.250093 0.295084 0.333535 0.011351 0.109938
2 2 0.136967 0.242063 0.544851 0.015963 0.060156
2 2 0.143466 0.258440 0.512980 0.014360 0.070754
2 2 0.240604 0.287826 0.364262 0.011853 0.095455
2 2 0.282684 0.287999 0.295024 0.012393 0.121900
0 2 0.344983 0.299030 0.231994 0.007197 0.116795
0 2 0.361934 0.312732 0.200916 0.004758 0.119660
1 2 0.300257 0.330083 0.236250 0.005056 0.128355
1 2 0.263369 0.312428 0.309116 0.007743 0.107343
2 2 0.226255 0.308691 0.369440 0.007657 0.087957
2 2 0.156189 0.299742 0.451060 0.008520 0.084490
2 2 0.114917 0.300523 0.486062 0.007942 0.090555
2 2 0.092020 0.287183 0.533662 0.007655 0.079480
2 2 0.062230 0.256179 0.617283 0.006728 0.057579
2 2 0.042517 0.246977 0.662559 0.004041 0.043907
2 2 0.038131 0.226334 0.697209 0.003928 0.034398
2 2 0.021614 0.164975 0.794818 0.002974 0.015619
2 2 0.014641 0.132113 0.840977 0.002581 0.009687
2 2 0.009665 0.098781 0.880512 0.003703 0.007339
2 2 0.005781 0.076270 0.909188 0.003636 0.005125
2 2 0.008868 0.091794 0.890993 0.002946 0.005399
2 2 0.005459 0.075393 0.914784 0.001517 0.002845
2 2 0.005626 0.060374 0.930371 0.001868 0.001760
2 2 0.209735 0.186660 0.589308 0.005128 0.009169
2 2 0.164237 0.177079 0.634114 0.010683 0.013887
2 2 0.093502 0.198485 0.653190 0.017459 0.037365
2 0 0.018397 0.149565 0.812774 0.003937 0.015328
2 1 0.008431 0.133240 0.848369 0.001237 0.008723
2 2 0.009584 0.134910 0.840729 0.002249 0.012527
2 2 0.000178 0.010318 0.986358 0.002869 0.000277
2 2 0.000040 0.004696 0.992306 0.002852 0.000105
2 2 0.000044 0.005092 0.992899 0.001873 0.000092
2 2 0.000126 0.008145 0.989869 0.001724 0.000136
2 2 0.016855 0.079704 0.896222 0.004282 0.002937
2 2 0.022941 0.105516 0.860179 0.005360 0.006004
2 2 0.008727 0.107755 0.872018 0.003040 0.008460
2 2 0.017143 0.212345 0.738295 0.002052 0.030166
2 2 0.004671 0.149992 0.831905 0.000702 0.012730
2 2 0.001126 0.066905 0.922363 0.001981 0.007625
2 2 0.000011 0.004082 0.986917 0.008609 0.000381
0 2 0.583371 0.226930 0.171096 0.001367 0.017236
0 0 0.937631 0.043154 0.008909 0.000722 0.009583
0 0 0.953924 0.033115 0.005224 0.000401 0.007336
0 0 0.950453 0.034505 0.005801 0.000560 0.008681
0 0 0.910729 0.063273 0.018197 0.000499 0.007303
0 0 0.918521 0.059520 0.012649 0.000374 0.008936
0 0 0.892257 0.077116 0.024034 0.000328 0.006265
0 0 0.865145 0.090421 0.035927 0.000603 0.007904
0 0 0.901123 0.072211 0.020411 0.000274 0.005981
0 1 0.866477 0.090928 0.034889 0.000480 0.007226
0 1 0.870555 0.094160 0.024367 0.000323 0.010595
0 1 0.831234 0.115258 0.042018 0.000509 0.010981
0 1 0.861123 0.098570 0.030510 0.000376 0.009422
0 1 0.871132 0.093601 0.021908 0.000353 0.013006
0 1 0.849636 0.106665 0.031070 0.000414 0.012214
0 1 0.838667 0.112831 0.036244 0.000442 0.011817
