0 0 0.737140 0.154404 0.067479 0.003860 0.037117
0 0 0.931793 0.038370 0.011107 0.000790 0.017940
0 0 0.873688 0.066845 0.028648 0.003502 0.027318
0 0 0.919085 0.043278 0.014833 0.001518 0.021285
0 0 0.915924 0.048327 0.014788 0.000986 0.019974
0 0 0.936940 0.033883 0.009822 0.000823 0.018533
0 0 0.912562 0.042292 0.014359 0.001770 0.029016
0 0 0.908955 0.048664 0.016062 0.001455 0.024864
0 0 0.915948 0.036573 0.011418 0.001333 0.034728
0 0 0.897436 0.042547 0.013491 0.001480 0.045046
0 0 0.865957 0.060077 0.019132 0.001456 0.053378
0 0 0.879069 0.058617 0.017294 0.001002 0.044019
0 0 0.874836 0.064684 0.016511 0.000521 0.043448
0 0 0.939020 0.035110 0.009631 0.000612 0.015626
0 0 0.925177 0.047212 0.012846 0.000540 0.014224
0 0 0.895548 0.070708 0.019640 0.000531 0.013574
0 0 0.776665 0.157190 0.047026 0.000626 0.018494
0 0 0.860931 0.098356 0.026764 0.000444 0.013506
0 0 0.866735 0.093142 0.023828 0.000362 0.015933
0 0 0.833294 0.117287 0.026328 0.000213 0.022878
0 0 0.777976 0.144329 0.049502 0.001291 0.026902
0 0 0.834647 0.096870 0.036780 0.002233 0.029469
0 0 0.616320 0.169434 0.169645 0.005029 0.039572
0 0 0.730145 0.158045 0.071464 0.003795 0.036551
0 0 0.552717 0.283224 0.134746 0.002868 0.026445
0 0 0.617262 0.243376 0.107580 0.002993 0.028788
0 0 0.774772 0.157644 0.047360 0.000647 0.019577
0 0 0.815244 0.128875 0.037128 0.000569 0.018184
0 0 0.867210 0.091634 0.021770 0.000278 0.019108
0 0 0.877876 0.085215 0.020669 0.000295 0.015946
0 0 0.896030 0.070214 0.016959 0.000307 0.016490
0 0 0.854894 0.099457 0.028625 0.000597 0.016428
0 0 0.851933 0.103196 0.029528 0.000558 0.014784
0 0 0.819930 0.126059 0.037323 0.000622 0.016067
0 0 0.803208 0.137701 0.040338 0.000597 0.018156
0 0 0.739404 0.185192 0.051827 0.000468 0.023109
0 0 0.785688 0.142233 0.044888 0.000902 0.026288
0 0 0.664326 0.217708 0.054968 0.000360 0.062638
0 0 0.773966 0.148425 0.035803 0.000316 0.041490
0 0 0.844054 0.095359 0.019357 0.000172 0.041058
0 0 0.575434 0.236418 0.061881 0.000454 0.125813
0 0 0.816235 0.113525 0.028046 0.000384 0.041809
0 0 0.779716 0.118373 0.032043 0.000636 0.069232
0 0 0.853232 0.088675 0.026381 0.000849 0.030862
0 0 0.895067 0.059518 0.019067 0.001224 0.025124
0 0 0.888342 0.074259 0.021542 0.000654 0.015203
0 1 0.840219 0.106419 0.027186 0.000397 0.025778
0 1 0.696148 0.205106 0.054810 0.000433 0.043504
0 1 0.397395 0.363692 0.112876 0.000646 0.125391
0 2 0.382898 0.357785 0.115535 0.000776 0.143006
1 2 0.236682 0.447253 0.190528 0.001583 0.123955
1 2 0.269462 0.420489 0.204891 0.003023 0.102136
1 2 0.162311 0.474738 0.285354 0.004322 0.073275
2 2 0.118507 0.401544 0.420729 0.009035 0.050185
2 2 0.073222 0.251398 0.623686 0.023701 0.027993
2 2 0.005519 0.045424 0.923541 0.020194 0.005322
2 2 0.002660 0.027582 0.951480 0.014825 0.003453
2 2 0.002225 0.017488 0.960044 0.017365 0.002878
2 2 0.000777 0.007904 0.971891 0.018429 0.000998
2 2 0.001443 0.010327 0.974514 0.012140 0.001576
2 2 0.005948 0.032384 0.945546 0.012500 0.003622
2 2 0.002834 0.023884 0.964256 0.007081 0.001946
2 2 0.001934 0.015249 0.973858 0.007508 0.001451
2 2 0.000316 0.003679 0.987509 0.008032 0.000463
2 2 0.000117 0.001856 0.990673 0.007159 0.000195
2 2 0.000099 0.001424 0.991820 0.006497 0.000160
2 2 0.000058 0.001039 0.991212 0.007588 0.000103
2 2 0.000075 0.001189 0.990852 0.007764 0.000120
2 2 0.000117 0.001685 0.988705 0.009290 0.000203
2 2 0.000051 0.001152 0.987323 0.011380 0.000093
2 2 0.000042 0.001097 0.983872 0.014902 0.000086
2 2 0.000042 0.001137 0.977170 0.021549 0.000103
2 2 0.000029 0.000863 0.967966 0.031054 0.000088
2 2 0.000030 0.000711 0.961807 0.037363 0.000089
2 2 0.000021 0.000538 0.930873 0.068484 0.000084
2 2 0.000014 0.000430 0.918432 0.081060 0.000065
2 3 0.000012 0.000361 0.907163 0.092402 0.000061
2 3 0.000016 0.000383 0.909809 0.089724 0.000068
2 3 0.000022 0.000423 0.901637 0.097842 0.000076
2 3 0.000017 0.000448 0.839835 0.159635 0.000065
2 3 0.000042 0.001034 0.678073 0.320687 0.000163
2 3 0.000044 0.001038 0.607794 0.390975 0.000149
2 3 0.000031 0.000848 0.632413 0.366594 0.000113
2 3 0.000013 0.000508 0.738945 0.260472 0.000061
2 3 0.000012 0.000474 0.692492 0.306971 0.000051
2 3 0.000016 0.000578 0.698284 0.301053 0.000070
2 3 0.000032 0.000859 0.623621 0.375374 0.000114
2 3 0.000052 0.001122 0.551227 0.447442 0.000158
3 3 0.000050 0.001065 0.485609 0.513138 0.000137
2 3 0.000044 0.001000 0.504510 0.494319 0.000127
2 3 0.000064 0.001271 0.540325 0.458152 0.000189
2 3 0.000100 0.001650 0.502496 0.495484 0.000270
3 3 0.000055 0.001120 0.481547 0.517131 0.000148
3 3 0.000060 0.001183 0.466702 0.531897 0.000158
3 3 0.000053 0.001054 0.420416 0.578350 0.000128
3 3 0.000056 0.001120 0.459646 0.539034 0.000145
3 3 0.000055 0.001126 0.478329 0.520341 0.000148
2 3 0.000036 0.000876 0.509271 0.489713 0.000104
3 3 0.000032 0.000813 0.491595 0.507468 0.000092
2 3 0.000024 0.000680 0.505693 0.493532 0.000071
3 3 0.000273 0.002714 0.330484 0.666025 0.000504
3 3 0.000284 0.002668 0.287971 0.708599 0.000479
3 3 0.000319 0.002769 0.256404 0.740010 0.000498
3 3 0.000366 0.003074 0.273014 0.722957 0.000588
3 3 0.000479 0.003578 0.260744 0.734462 0.000736
3 3 0.000356 0.002880 0.233171 0.763070 0.000522
3 3 0.000586 0.003707 0.195376 0.799579 0.000752
3 3 0.000387 0.002840 0.189226 0.807047 0.000500
3 3 0.000619 0.003755 0.182799 0.812065 0.000762
3 3 0.000413 0.002838 0.165607 0.830647 0.000495
3 3 0.000314 0.002438 0.175702 0.821152 0.000395
3 3 0.000249 0.002217 0.204045 0.793142 0.000346
3 3 0.000124 0.001506 0.233722 0.764453 0.000195
3 3 0.000108 0.001470 0.285839 0.712389 0.000194
3 3 0.000111 0.001435 0.253432 0.744839 0.000183
3 3 0.000129 0.001500 0.212992 0.785187 0.000192
3 3 0.000195 0.001815 0.174223 0.823516 0.000252
3 3 0.000293 0.002296 0.166271 0.830782 0.000359
3 3 0.000406 0.002816 0.167135 0.829154 0.000489
3 3 0.000454 0.002964 0.157916 0.838139 0.000527
3 3 0.000207 0.002087 0.244380 0.753004 0.000322
3 3 0.000266 0.002219 0.179298 0.817874 0.000342
3 3 0.000307 0.002408 0.176277 0.820620 0.000387
3 3 0.000460 0.003101 0.178077 0.817792 0.000569
3 3 0.000300 0.002457 0.196236 0.800605 0.000403
3 3 0.000322 0.002632 0.213220 0.783376 0.000451
3 3 0.000456 0.003076 0.176773 0.819134 0.000562
3 3 0.000339 0.002626 0.190597 0.805994 0.000444
3 3 0.000145 0.001635 0.224760 0.773240 0.000220
3 3 0.000154 0.001770 0.257111 0.740712 0.000253
3 3 0.000132 0.001710 0.315385 0.682525 0.000248
3 3 0.000108 0.001566 0.353344 0.644760 0.000222
3 3 0.000104 0.001468 0.309470 0.688762 0.000196
3 3 0.000143 0.001736 0.282231 0.715641 0.000249
3 3 0.000303 0.002475 0.197399 0.799416 0.000407
3 3 0.000181 0.001794 0.195494 0.802280 0.000250
3 3 0.000213 0.001849 0.156209 0.841472 0.000257
3 3 0.000276 0.002044 0.129164 0.868220 0.000297
3 3 0.000300 0.001925 0.090800 0.906707 0.000268
3 3 0.000257 0.001635 0.073610 0.924290 0.000209
3 3 0.000200 0.001779 0.155949 0.841829 0.000243
3 3 0.000231 0.001823 0.127628 0.870069 0.000249
3 3 0.000357 0.002307 0.114853 0.882127 0.000355
3 3 0.000319 0.002207 0.123960 0.873181 0.000333
3 3 0.000371 0.002427 0.124898 0.871921 0.000384
3 3 0.000345 0.002147 0.097629 0.899562 0.000317
3 3 0.000335 0.001967 0.078708 0.918713 0.000276
3 3 0.000321 0.001861 0.071888 0.925676 0.000254
3 3 0.000399 0.002126 0.071672 0.925493 0.000311
3 3 0.000765 0.003157 0.070176 0.925336 0.000566
3 3 0.000473 0.002283 0.064264 0.932634 0.000346
3 3 0.000632 0.002879 0.076090 0.919906 0.000492
3 3 0.000526 0.002640 0.082727 0.913674 0.000432
3 3 0.000284 0.002021 0.117426 0.879978 0.000291
3 3 0.000175 0.001582 0.139202 0.858838 0.000202
3 3 0.000218 0.001855 0.150356 0.847312 0.000258
3 3 0.000372 0.002438 0.125732 0.871071 0.000387
3 3 0.000571 0.002943 0.099065 0.896910 0.000511
3 3 0.000490 0.002636 0.094170 0.902272 0.000432
3 3 0.001190 0.004285 0.077825 0.915800 0.000901
3 3 0.001581 0.004490 0.052145 0.940819 0.000966
3 3 0.001775 0.004776 0.050608 0.941781 0.001061
3 3 0.001420 0.004715 0.074609 0.918214 0.001041
3 3 0.001243 0.004234 0.068973 0.924667 0.000884
3 3 0.001384 0.003898 0.043369 0.950568 0.000780
3 3 0.000892 0.002824 0.036980 0.958826 0.000479
3 3 0.001284 0.003618 0.039724 0.954677 0.000697
3 3 0.000764 0.002670 0.041782 0.954344 0.000439
3 3 0.000518 0.002192 0.047774 0.949191 0.000325
3 3 0.000603 0.002398 0.047103 0.949524 0.000373
3 3 0.001108 0.003674 0.055272 0.939234 0.000712
3 3 0.001788 0.004979 0.056791 0.935312 0.001130
3 3 0.001465 0.004545 0.062697 0.930309 0.000984
3 3 0.001627 0.004932 0.066075 0.926252 0.001114
3 3 0.003230 0.007930 0.077743 0.908799 0.002297
3 3 0.006583 0.012182 0.075536 0.901274 0.004424
3 3 0.003370 0.007402 0.057824 0.929338 0.002065
3 3 0.003752 0.007934 0.058404 0.927614 0.002296
3 3 0.002428 0.005736 0.049051 0.941383 0.001402
3 3 0.004017 0.008347 0.060008 0.925147 0.002480
2 3 0.175557 0.183266 0.341002 0.076882 0.223293
2 3 0.104213 0.209511 0.543767 0.024171 0.118338
2 2 0.097910 0.274521 0.367855 0.009681 0.250033
2 2 0.056704 0.262822 0.544367 0.022308 0.113798
2 1 0.028424 0.119528 0.720412 0.096239 0.035397
2 2 0.022617 0.081127 0.677034 0.190911 0.028311
2 2 0.007870 0.062698 0.821025 0.047679 0.060727
2 2 0.008291 0.058653 0.815500 0.050273 0.067283
2 2 0.009336 0.095356 0.792747 0.015668 0.086892
2 2 0.005081 0.055773 0.889111 0.025360 0.024675
2 2 0.013244 0.160582 0.639242 0.004883 0.182048
2 2 0.016427 0.199042 0.665691 0.003646 0.115193
2 2 0.014087 0.169327 0.684735 0.004170 0.127681
2 2 0.042728 0.294151 0.545619 0.005655 0.111847
2 2 0.031936 0.282590 0.536803 0.004243 0.144427
1 2 0.032446 0.370765 0.356704 0.001609 0.238475
2 2 0.024934 0.291443 0.474460 0.002478 0.206685
2 2 0.010711 0.184647 0.590300 0.002237 0.212105
2 2 0.007878 0.131304 0.756724 0.004166 0.099927
2 2 0.003371 0.076593 0.817704 0.005202 0.097130
2 2 0.038637 0.118066 0.453902 0.184580 0.204815
2 2 0.035274 0.097619 0.446063 0.287984 0.133060
2 2 0.027637 0.098125 0.444911 0.308572 0.120755
2 2 0.013779 0.060963 0.507812 0.360663 0.056783
2 2 0.028597 0.101890 0.467395 0.265362 0.136756
2 2 0.032931 0.092171 0.413721 0.349852 0.111324
3 2 0.036970 0.093644 0.365416 0.394932 0.109038
3 2 0.045195 0.096469 0.302686 0.445415 0.110234
3 2 0.056080 0.115817 0.329018 0.335709 0.163377
2 2 0.048116 0.106816 0.386777 0.305277 0.153013
2 2 0.102818 0.108990 0.469473 0.224084 0.094635
2 2 0.239892 0.185796 0.444570 0.064664 0.065079
2 0 0.324752 0.205748 0.381511 0.033767 0.054222
2 1 0.168274 0.243303 0.511564 0.044593 0.032266
2 1 0.047068 0.193108 0.711545 0.036402 0.011877
2 2 0.059452 0.230299 0.654833 0.038449 0.016966
2 1 0.066475 0.208148 0.645933 0.051728 0.027716
2 2 0.028766 0.153426 0.739628 0.034919 0.043262
2 2 0.038343 0.123236 0.642815 0.139577 0.056029
2 2 0.034525 0.104151 0.633662 0.169354 0.058307
2 1 0.114011 0.205064 0.433842 0.154368 0.092714
2 1 0.068737 0.153565 0.460184 0.181520 0.135994
2 2 0.041163 0.116548 0.481524 0.179582 0.181183
2 2 0.035061 0.112749 0.474111 0.189638 0.188441
2 2 0.035227 0.106978 0.490753 0.204297 0.162746
2 2 0.039586 0.139814 0.486236 0.120238 0.214126
2 2 0.043401 0.161376 0.609139 0.084932 0.101151
2 2 0.029692 0.102749 0.717852 0.107944 0.041763
2 2 0.025784 0.078908 0.689909 0.177914 0.027485
2 2 0.014678 0.056437 0.762743 0.148133 0.018010
2 2 0.011495 0.037914 0.634442 0.296486 0.019663
2 2 0.011447 0.033763 0.530115 0.405157 0.019518
2 2 0.010355 0.029904 0.482259 0.456274 0.021208
2 2 0.005520 0.022357 0.601373 0.359884 0.010865
2 2 0.011834 0.030866 0.640325 0.295416 0.021558
2 2 0.033652 0.056115 0.731366 0.143406 0.035461
2 2 0.078614 0.107195 0.673271 0.069888 0.071032
2 2 0.072919 0.140762 0.635075 0.078155 0.073090
2 2 0.042491 0.103162 0.734317 0.083813 0.036216
2 2 0.026741 0.102279 0.775025 0.070770 0.025186
2 2 0.000274 0.004889 0.960374 0.033599 0.000863
2 2 0.000093 0.002232 0.971002 0.026317 0.000356
2 2 0.000045 0.001583 0.973287 0.024903 0.000181
2 2 0.000035 0.001307 0.968578 0.029947 0.000132
2 2 0.000180 0.003674 0.959203 0.036387 0.000555
2 2 0.000234 0.004141 0.942017 0.052870 0.000738
2 2 0.000385 0.005528 0.941437 0.051640 0.001009
2 2 0.000480 0.005474 0.940035 0.052894 0.001117
2 2 0.000410 0.004773 0.949375 0.044528 0.000914
2 2 0.000135 0.002554 0.932723 0.064099 0.000489
2 2 0.000126 0.002180 0.926904 0.070325 0.000465
2 2 0.000063 0.001682 0.934036 0.063969 0.000251
2 2 0.000065 0.001620 0.937425 0.060636 0.000255
2 2 0.000110 0.002102 0.948507 0.048923 0.000357
2 2 0.000424 0.003909 0.962845 0.032237 0.000584
2 1 0.007362 0.019063 0.940332 0.028626 0.004617
2 2 0.020602 0.042634 0.900185 0.026940 0.009639
2 2 0.037344 0.094325 0.822295 0.030265 0.015770
2 2 0.013774 0.076136 0.879073 0.022822 0.008196
2 2 0.004901 0.039797 0.915340 0.035089 0.004872
2 2 0.045231 0.152067 0.696129 0.078482 0.028090
2 2 0.058520 0.196557 0.673892 0.045739 0.025292
2 1 0.016865 0.094587 0.844639 0.033416 0.010493
2 2 0.005322 0.045494 0.925101 0.019200 0.004882
2 2 0.002401 0.020277 0.920642 0.052270 0.004411
2 2 0.002127 0.016005 0.916840 0.060322 0.004706
2 2 0.002822 0.019813 0.905728 0.065615 0.006022
2 2 0.001627 0.013513 0.863906 0.117264 0.003689
2 2 0.004661 0.024149 0.792358 0.169086 0.009746
2 2 0.002989 0.013891 0.587062 0.388417 0.007641
2 2 0.007162 0.026189 0.533867 0.414456 0.018326
2 2 0.004973 0.018273 0.503420 0.462650 0.010683
2 2 0.006084 0.020866 0.521606 0.438047 0.013398
2 2 0.020947 0.058714 0.658319 0.224664 0.037357
2 2 0.024538 0.063526 0.596327 0.283204 0.032404
2 2 0.024832 0.069809 0.609222 0.269364 0.026774
2 2 0.045688 0.106576 0.538933 0.258571 0.050231
2 2 0.021618 0.061889 0.573772 0.319786 0.022935
2 2 0.008595 0.037669 0.706856 0.235564 0.011317
2 2 0.004083 0.023301 0.821975 0.146019 0.004622
2 2 0.013671 0.036272 0.749046 0.189500 0.011511
2 2 0.010633 0.031790 0.716750 0.231710 0.009117
2 2 0.003671 0.018018 0.766291 0.207826 0.004194
2 2 0.002772 0.015354 0.742937 0.234267 0.004670
2 2 0.003204 0.016495 0.679713 0.293322 0.007266
2 2 0.002525 0.014611 0.644490 0.332209 0.006165
3 2 0.003362 0.016758 0.471778 0.499757 0.008344
2 2 0.001843 0.010460 0.525433 0.458410 0.003854
2 2 0.015454 0.030196 0.606863 0.332129 0.015358
2 2 0.028499 0.041990 0.802302 0.103884 0.023325
2 2 0.014178 0.051582 0.872883 0.032839 0.028517
2 2 0.016778 0.105276 0.809279 0.028930 0.039737
2 2 0.017788 0.112555 0.801804 0.028378 0.039476
2 2 0.023052 0.098741 0.800373 0.060595 0.017239
2 2 0.003046 0.024983 0.920678 0.046530 0.004763
2 2 0.000133 0.003319 0.975455 0.020669 0.000425
2 2 0.000057 0.001754 0.967707 0.030245 0.000237
2 2 0.000059 0.001555 0.976117 0.022034 0.000235
2 2 0.000054 0.001573 0.975647 0.022477 0.000249
2 2 0.000122 0.002683 0.980436 0.016377 0.000382
2 2 0.000037 0.001235 0.968309 0.030211 0.000208
2 2 0.000016 0.000645 0.970288 0.028969 0.000082
2 2 0.000064 0.001285 0.973624 0.024828 0.000199
2 2 0.000142 0.001922 0.979223 0.018372 0.000341
2 2 0.000165 0.001910 0.972734 0.024845 0.000346
2 2 0.000043 0.001027 0.962494 0.036310 0.000126
2 2 0.000032 0.001002 0.944753 0.054078 0.000135
2 2 0.000128 0.002439 0.940221 0.056730 0.000482
2 2 0.000141 0.002378 0.954369 0.042675 0.000436
2 2 0.000227 0.002670 0.936671 0.059856 0.000577
2 2 0.000394 0.003160 0.952570 0.043092 0.000783
2 2 0.000671 0.004873 0.963185 0.030213 0.001058
2 2 0.000228 0.003185 0.968410 0.027731 0.000446
2 2 0.000101 0.001921 0.970870 0.026839 0.000268
2 2 0.000221 0.002902 0.964181 0.032018 0.000678
2 2 0.000084 0.001939 0.965464 0.032186 0.000328
2 2 0.000046 0.001373 0.954245 0.044117 0.000219
2 2 0.000036 0.001077 0.928875 0.069794 0.000217
2 2 0.000055 0.001351 0.899053 0.099223 0.000318
2 2 0.000039 0.001013 0.843294 0.155431 0.000223
2 2 0.000141 0.002104 0.966559 0.030841 0.000355
2 2 0.000036 0.000893 0.982220 0.016761 0.000090
2 2 0.000017 0.000650 0.983542 0.015738 0.000054
2 2 0.000010 0.000435 0.977770 0.021742 0.000044
2 2 0.000017 0.000604 0.977761 0.021544 0.000075
2 2 0.000007 0.000299 0.965237 0.034415 0.000041
2 2 0.000006 0.000249 0.957480 0.042233 0.000033
2 2 0.000008 0.000318 0.958077 0.041546 0.000050
2 2 0.000010 0.000376 0.933760 0.065789 0.000065
2 2 0.000017 0.000564 0.920131 0.079200 0.000088
2 2 0.000026 0.000802 0.867198 0.131826 0.000148
2 2 0.000073 0.001670 0.861693 0.136240 0.000325
2 3 0.000097 0.002206 0.898345 0.098993 0.000359
2 3 0.000041 0.001200 0.859232 0.139361 0.000167
2 3 0.000058 0.001564 0.886703 0.111452 0.000223
2 3 0.000087 0.001632 0.804716 0.193157 0.000408
2 3 0.000139 0.001785 0.856219 0.141414 0.000442
2 3 0.000058 0.000975 0.865911 0.132844 0.000212
2 3 0.000141 0.001653 0.848190 0.149609 0.000406
2 3 0.001668 0.005724 0.896035 0.094348 0.002224
2 3 0.000084 0.001738 0.948822 0.049061 0.000296
2 3 0.000031 0.000874 0.965324 0.033637 0.000134
2 3 0.000063 0.001125 0.971039 0.027523 0.000249
2 2 0.000015 0.000395 0.954704 0.044796 0.000090
2 2 0.000012 0.000362 0.948448 0.051101 0.000078
2 2 0.000009 0.000349 0.940666 0.058908 0.000068
2 2 0.000019 0.000668 0.950007 0.049183 0.000124
2 2 0.000030 0.001005 0.937934 0.060864 0.000167
2 3 0.000031 0.000975 0.929583 0.069226 0.000185
2 3 0.000038 0.001154 0.929124 0.069472 0.000211
2 3 0.000025 0.000875 0.918460 0.080501 0.000139
2 3 0.000034 0.001014 0.913259 0.085491 0.000203
2 3 0.000037 0.001047 0.917022 0.081695 0.000199
2 3 0.000067 0.001391 0.946136 0.052181 0.000225
2 3 0.000051 0.001225 0.964523 0.034084 0.000117
2 3 0.000125 0.002251 0.970352 0.027061 0.000211
2 3 0.000102 0.002051 0.952301 0.045282 0.000264
2 3 0.000071 0.001542 0.921194 0.076953 0.000240
2 3 0.000027 0.000836 0.849897 0.149084 0.000156
2 3 0.000018 0.000628 0.844152 0.155094 0.000108
2 3 0.029445 0.111138 0.808405 0.014951 0.036062
2 3 0.030890 0.129991 0.774426 0.047029 0.017664
2 3 0.008532 0.066271 0.890389 0.029686 0.005123
2 1 0.024905 0.125485 0.811482 0.024446 0.013682
2 2 0.002669 0.026274 0.948066 0.019255 0.003735
2 2 0.000598 0.009373 0.967498 0.021275 0.001256
2 2 0.000450 0.005944 0.968745 0.023577 0.001283
2 2 0.000939 0.008830 0.968494 0.019340 0.002398
2 2 0.001444 0.011028 0.956232 0.026679 0.004617
2 2 0.000404 0.005812 0.945916 0.046513 0.001355
2 2 0.000970 0.013389 0.950009 0.032262 0.003370
2 2 0.003367 0.035365 0.919408 0.026412 0.015449
2 2 0.001837 0.022433 0.937690 0.027806 0.010232
2 2 0.002184 0.024740 0.914987 0.028798 0.029291
2 4 0.003817 0.034375 0.892939 0.024805 0.044065
2 4 0.009233 0.073558 0.791107 0.015505 0.110596
2 4 0.024808 0.164981 0.532775 0.005453 0.271984
2 4 0.047485 0.255679 0.441962 0.003630 0.251244
4 4 0.123970 0.261192 0.119390 0.000974 0.494473
4 4 0.168811 0.260254 0.089549 0.000772 0.480614
4 4 0.033245 0.073096 0.030833 0.000682 0.862144
4 4 0.034227 0.096932 0.045854 0.000704 0.822283
4 4 0.023129 0.106029 0.079256 0.000820 0.790766
4 4 0.034260 0.067462 0.026209 0.000498 0.871571
4 4 0.068129 0.083164 0.037412 0.001606 0.809689
4 4 0.117989 0.076448 0.030737 0.001577 0.773250
4 4 0.103356 0.087172 0.040265 0.002514 0.766694
4 4 0.077259 0.071638 0.026770 0.000822 0.823511
4 4 0.128811 0.093463 0.032686 0.000887 0.744153
4 4 0.122592 0.121243 0.035254 0.000361 0.720551
4 4 0.084073 0.056461 0.017097 0.000370 0.841999
4 4 0.066679 0.052978 0.015340 0.000254 0.864749
4 4 0.102029 0.054856 0.016002 0.000371 0.826741
4 4 0.111497 0.053757 0.015332 0.000363 0.819051
4 4 0.126352 0.059346 0.018556 0.000589 0.795157
4 4 0.323681 0.046678 0.012616 0.000673 0.616351
0 0 0.402012 0.150077 0.049638 0.001412 0.396861
0 0 0.604546 0.188640 0.072651 0.002673 0.131490
0 0 0.781653 0.120234 0.038112 0.001203 0.058798
0 0 0.839181 0.084203 0.034279 0.003544 0.038792
1 0 0.197653 0.481592 0.254826 0.002802 0.063126
1 0 0.163620 0.498592 0.207040 0.001028 0.129721
1 1 0.255191 0.416661 0.178836 0.001861 0.147452
1 1 0.209099 0.440811 0.181438 0.001346 0.167306
1 1 0.217099 0.464194 0.200782 0.001531 0.116395
1 1 0.150803 0.516036 0.223738 0.001088 0.108335
1 1 0.135631 0.483710 0.219152 0.001370 0.160136
1 1 0.237362 0.414792 0.184163 0.002085 0.161598
1 1 0.243686 0.416538 0.191504 0.002404 0.145867
0 1 0.407898 0.325499 0.132290 0.002209 0.132103
1 0 0.293544 0.408378 0.158940 0.001347 0.137790
0 0 0.487656 0.292662 0.105747 0.001495 0.112440
0 0 0.455024 0.368370 0.110921 0.000520 0.065164
0 1 0.470552 0.347028 0.094469 0.000381 0.087570
1 1 0.262875 0.478634 0.128699 0.000234 0.129557
1 1 0.244371 0.445475 0.113902 0.000203 0.196049
1 2 0.176561 0.491550 0.128507 0.000168 0.203213
1 2 0.135375 0.499080 0.133702 0.000155 0.231688
1 2 0.091308 0.490901 0.143162 0.000169 0.274460
1 2 0.074254 0.483812 0.148820 0.000182 0.292931
2 2 0.013177 0.297359 0.407986 0.000686 0.280792
2 2 0.009012 0.224656 0.510036 0.000889 0.255408
2 2 0.006059 0.148038 0.663045 0.001495 0.181362
2 2 0.004156 0.105008 0.743861 0.001980 0.144995
2 2 0.003366 0.076896 0.820987 0.002792 0.095959
2 2 0.001978 0.051578 0.900768 0.002858 0.042819
2 2 0.000944 0.029543 0.939682 0.003349 0.026482
2 2 0.000620 0.021931 0.955780 0.003414 0.018255
2 2 0.000539 0.021008 0.960016 0.003222 0.015215
2 2 0.000626 0.023595 0.953623 0.003045 0.019110
2 2 0.000518 0.019535 0.955674 0.004310 0.019962
2 2 0.000472 0.020065 0.951498 0.003657 0.024309
2 2 0.000306 0.014241 0.967412 0.003928 0.014114
2 2 0.000242 0.011095 0.976151 0.003815 0.008697
2 2 0.000179 0.008102 0.981484 0.004715 0.005520
2 2 0.000118 0.005363 0.986640 0.004831 0.003048
2 2 0.000081 0.003289 0.988797 0.006405 0.001427
2 2 0.000083 0.003682 0.989692 0.005064 0.001479
2 2 0.000061 0.003012 0.990251 0.005755 0.000920
2 2 0.000074 0.003047 0.990596 0.005121 0.001163
2 2 0.000468 0.008812 0.979329 0.008470 0.002920
2 2 0.000356 0.008465 0.980060 0.008337 0.002783
2 2 0.000226 0.006158 0.981681 0.010709 0.001226
2 2 0.000363 0.006541 0.980244 0.010959 0.001893
2 2 0.000246 0.005825 0.982459 0.009322 0.002148
2 2 0.000197 0.003976 0.983768 0.010248 0.001811
2 2 0.000067 0.002765 0.986883 0.009313 0.000971
2 2 0.000053 0.002368 0.987418 0.009472 0.000690
2 2 0.000095 0.003551 0.984439 0.010531 0.001383
2 2 0.000132 0.002532 0.977768 0.018776 0.000792
2 2 0.000141 0.002377 0.968544 0.028318 0.000620
2 2 0.000101 0.001981 0.957769 0.039670 0.000478
2 2 0.000063 0.001474 0.946406 0.051673 0.000383
2 2 0.000060 0.001459 0.939606 0.058499 0.000376
2 2 0.000036 0.001029 0.930795 0.067898 0.000242
2 2 0.000035 0.000808 0.942831 0.056127 0.000199
2 2 0.000030 0.000611 0.951026 0.048176 0.000158
2 2 0.000038 0.000696 0.967260 0.031845 0.000161
2 2 0.000022 0.000566 0.972059 0.027275 0.000079
2 2 0.000099 0.001456 0.977597 0.020610 0.000238
2 2 0.000019 0.000620 0.917293 0.081923 0.000145
2 2 0.000011 0.000450 0.896775 0.102685 0.000080
2 2 0.000017 0.000611 0.890917 0.108332 0.000124
2 3 0.000046 0.001015 0.900322 0.098336 0.000281
2 3 0.000061 0.001337 0.869000 0.129231 0.000371
2 3 0.000032 0.000880 0.858355 0.140549 0.000184
2 3 0.000037 0.000987 0.820449 0.178326 0.000201
2 3 0.000066 0.001400 0.802593 0.195614 0.000327
2 3 0.000054 0.001242 0.793321 0.205117 0.000266
2 3 0.000029 0.000836 0.759810 0.239189 0.000136
2 3 0.000050 0.001166 0.709296 0.289282 0.000205
2 3 0.000054 0.001196 0.657783 0.340770 0.000198
2 3 0.000070 0.001408 0.649915 0.348356 0.000251
2 3 0.000063 0.001346 0.723410 0.274919 0.000262
2 3 0.000062 0.001319 0.698042 0.300335 0.000243
2 3 0.000049 0.001152 0.712478 0.286118 0.000203
2 3 0.000019 0.000641 0.737901 0.261352 0.000087
2 3 0.000025 0.000765 0.761159 0.237932 0.000119
2 3 0.000021 0.000698 0.775617 0.223558 0.000107
2 3 0.000020 0.000666 0.781167 0.218047 0.000101
2 3 0.000508 0.004724 0.618949 0.374303 0.001516
2 3 0.000345 0.003636 0.559466 0.435603 0.000950
2 3 0.000266 0.003059 0.534000 0.461964 0.000712
2 3 0.000144 0.002094 0.534664 0.462697 0.000401
2 3 0.000078 0.001488 0.615847 0.382327 0.000261
2 3 0.000041 0.001016 0.662788 0.335999 0.000155
2 3 0.000066 0.001365 0.664349 0.333976 0.000244
2 3 0.000065 0.001313 0.584533 0.413881 0.000208
3 3 0.000122 0.001845 0.488281 0.509436 0.000316
3 3 0.000219 0.002526 0.411029 0.585749 0.000478
3 3 0.000312 0.003075 0.382055 0.613926 0.000631
2 3 0.000310 0.003334 0.516189 0.479370 0.000797
2 3 0.000428 0.004352 0.690230 0.303514 0.001477
2 3 0.000136 0.002201 0.829209 0.167756 0.000698
2 3 0.000172 0.002464 0.904796 0.091628 0.000940
2 3 0.000081 0.001655 0.945151 0.052604 0.000509
2 2 0.000250 0.005097 0.964297 0.027319 0.003037
2 2 0.000555 0.007430 0.959363 0.025158 0.007494
2 2 0.000283 0.005324 0.967838 0.023789 0.002766
2 2 0.000263 0.006132 0.970781 0.019524 0.003300
2 2 0.000377 0.009993 0.975265 0.007977 0.006387
2 2 0.000244 0.005657 0.980601 0.009704 0.003794
2 2 0.000184 0.004260 0.982279 0.011331 0.001946
2 2 0.000065 0.002324 0.986257 0.010785 0.000570
2 2 0.000084 0.002826 0.986705 0.009481 0.000904
2 2 0.000060 0.001736 0.983689 0.014058 0.000458
2 2 0.000087 0.002548 0.985196 0.011190 0.000979
2 2 0.000057 0.001622 0.978941 0.018962 0.000418
2 2 0.000091 0.002683 0.979021 0.017106 0.001099
2 2 0.000216 0.004963 0.969351 0.021923 0.003547
2 2 0.000298 0.008031 0.973335 0.011277 0.007059
2 2 0.000501 0.011070 0.963379 0.009847 0.015203
2 2 0.004566 0.028145 0.932607 0.011911 0.022771
2 2 0.044169 0.115643 0.709891 0.010207 0.120089
2 1 0.128164 0.254703 0.376226 0.009802 0.231106
4 1 0.216589 0.306832 0.124402 0.001726 0.350451
1 2 0.201071 0.346187 0.145114 0.001761 0.305868
4 2 0.135714 0.332983 0.140598 0.001405 0.389300
4 4 0.089562 0.299718 0.129410 0.001176 0.480134
4 4 0.057179 0.245375 0.099060 0.000659 0.597726
4 4 0.098088 0.050323 0.013550 0.000258 0.837781
4 4 0.096666 0.057422 0.017541 0.000430 0.827940
4 4 0.098558 0.059507 0.018795 0.000502 0.822639
4 4 0.091129 0.058393 0.018179 0.000444 0.831855
4 4 0.089681 0.064414 0.022070 0.000651 0.823184
4 4 0.094702 0.065800 0.022957 0.000734 0.815807
4 4 0.083880 0.057270 0.017582 0.000391 0.840877
4 4 0.101678 0.055393 0.016312 0.000385 0.826232
4 4 0.113137 0.057870 0.017704 0.000492 0.810797
4 4 0.158025 0.042606 0.009729 0.000191 0.789449
4 4 0.129146 0.045345 0.010975 0.000207 0.814326
4 4 0.093527 0.056235 0.012467 0.000104 0.837667
4 4 0.103483 0.123182 0.033816 0.000244 0.739275
4 4 0.120479 0.091673 0.023923 0.000237 0.763689
4 4 0.118491 0.049626 0.013098 0.000277 0.818508
4 4 0.127938 0.050147 0.013346 0.000305 0.808264
4 4 0.098240 0.047165 0.011948 0.000200 0.842446
4 4 0.089786 0.054340 0.015806 0.000331 0.839738
4 4 0.078314 0.070296 0.026449 0.000859 0.824081
4 4 0.110285 0.074073 0.028894 0.001318 0.785431
4 4 0.049798 0.113715 0.055767 0.001678 0.779043
4 4 0.076344 0.107233 0.049509 0.001869 0.765044
4 4 0.147289 0.105411 0.048793 0.003235 0.695272
4 4 0.137261 0.067622 0.024010 0.001065 0.770042
4 4 0.107720 0.076544 0.030884 0.001487 0.783366
4 4 0.112945 0.073831 0.028687 0.001322 0.783216
4 4 0.104272 0.065685 0.022784 0.000775 0.806484
4 4 0.088741 0.057895 0.017902 0.000422 0.835040
4 4 0.077409 0.062629 0.021062 0.000535 0.838366
4 4 0.086963 0.073443 0.028687 0.001093 0.809815
4 4 0.095607 0.068274 0.024688 0.000858 0.810573
4 4 0.125312 0.060370 0.019194 0.000627 0.794498
4 4 0.199631 0.058524 0.018263 0.000841 0.722740
4 4 0.125104 0.065361 0.022456 0.000863 0.786216
4 4 0.166001 0.056376 0.016805 0.000601 0.760217
4 4 0.140469 0.050930 0.013744 0.000348 0.794508
4 4 0.135700 0.053223 0.014979 0.000403 0.795695
4 4 0.151226 0.054082 0.015460 0.000469 0.778763
4 4 0.195933 0.052929 0.014967 0.000551 0.735620
4 4 0.226313 0.050700 0.013928 0.000547 0.708511
4 4 0.126499 0.061237 0.019738 0.000668 0.791857
4 4 0.158871 0.060747 0.019445 0.000780 0.760158
4 4 0.185452 0.075611 0.027267 0.001414 0.710257
4 4 0.267316 0.165239 0.073278 0.003742 0.490425
4 4 0.173361 0.194700 0.089000 0.002952 0.539987
4 4 0.070034 0.152753 0.086708 0.003895 0.686610
4 4 0.036434 0.076127 0.033119 0.000836 0.853484
4 4 0.042822 0.073700 0.030542 0.000781 0.852154
4 4 0.066251 0.068681 0.025551 0.000715 0.838801
4 4 0.085590 0.077541 0.032014 0.001356 0.803499
4 4 0.114009 0.075365 0.029889 0.001449 0.779288
4 1 0.085904 0.055402 0.016455 0.000348 0.841891
4 2 0.148419 0.057317 0.017322 0.000582 0.776361
4 1 0.177522 0.126578 0.039342 0.000640 0.655919
4 2 0.213595 0.291430 0.164900 0.002688 0.327388
1 2 0.142314 0.371310 0.178042 0.001562 0.306771
1 2 0.084719 0.360429 0.237699 0.002842 0.314311
4 2 0.058451 0.359740 0.170705 0.001137 0.409967
4 2 0.011139 0.243796 0.361075 0.000814 0.383175
2 2 0.007852 0.197931 0.504120 0.000989 0.289108
4 4 0.053882 0.058723 0.019087 0.000345 0.867963
4 4 0.095151 0.057849 0.017811 0.000439 0.828750
4 4 0.196222 0.055220 0.016267 0.000654 0.731637
4 4 0.239664 0.054014 0.015880 0.000758 0.689684
4 4 0.248367 0.050296 0.013869 0.000598 0.686871
4 4 0.320848 0.072902 0.019490 0.000584 0.586177
4 4 0.182114 0.094716 0.032211 0.001030 0.689929
4 4 0.138619 0.116224 0.042562 0.001094 0.701501
4 4 0.038945 0.051392 0.015177 0.000177 0.894309
4 4 0.040933 0.061712 0.021590 0.000373 0.875392
4 4 0.039951 0.062447 0.022152 0.000388 0.875061
4 4 0.043022 0.069539 0.036024 0.000631 0.850784
4 4 0.036387 0.076441 0.040406 0.000854 0.845913
4 4 0.043134 0.120876 0.059757 0.001003 0.775231
4 4 0.036416 0.135243 0.053526 0.000455 0.774360
4 4 0.017822 0.189685 0.144106 0.000729 0.647658
4 4 0.017850 0.167172 0.121272 0.000651 0.693055
4 4 0.022605 0.126914 0.089839 0.000828 0.759814
4 4 0.033549 0.090263 0.047379 0.000783 0.828026
4 4 0.035739 0.073228 0.025505 0.000316 0.865212
4 4 0.132900 0.047045 0.011783 0.000244 0.808028
4 4 0.132289 0.051581 0.014094 0.000349 0.801687
4 4 0.153219 0.048544 0.012524 0.000310 0.785404
4 4 0.258417 0.098013 0.030057 0.000851 0.612662
4 4 0.164760 0.285622 0.098142 0.000726 0.450750
4 4 0.053920 0.317496 0.129882 0.000602 0.498099
4 4 0.010805 0.245090 0.312126 0.000663 0.431316
4 4 0.008352 0.211758 0.357157 0.000705 0.422028
2 2 0.007957 0.214183 0.397321 0.000687 0.379852
2 2 0.005896 0.171412 0.486524 0.000857 0.335311
2 2 0.009130 0.154709 0.422121 0.002257 0.411784
4 2 0.013638 0.169588 0.336076 0.002971 0.477726
4 4 0.015365 0.149698 0.180112 0.002611 0.652214
4 4 0.026413 0.140142 0.126604 0.003105 0.703736
4 4 0.033617 0.093526 0.055114 0.001972 0.815772
4 4 0.047725 0.090877 0.046166 0.001982 0.813251
4 4 0.060176 0.068345 0.025496 0.000669 0.845314
4 4 0.067640 0.056940 0.017639 0.000341 0.857441
4 4 0.055181 0.054621 0.016534 0.000262 0.873401
4 4 0.047001 0.107534 0.037879 0.000386 0.807200
2 4 0.008839 0.197092 0.408294 0.001071 0.384704
4 4 0.006818 0.160396 0.412071 0.001178 0.419538
2 2 0.005344 0.121591 0.470218 0.001767 0.401080
2 2 0.004001 0.097106 0.641575 0.002296 0.255021
4 2 0.006306 0.094498 0.279754 0.002805 0.616636
4 2 0.014500 0.095340 0.121491 0.001968 0.766702
4 2 0.021781 0.085636 0.064585 0.001207 0.826790
4 4 0.049508 0.082335 0.042982 0.001340 0.823835
4 4 0.074059 0.074380 0.029711 0.001051 0.820798
4 4 0.082821 0.067201 0.024105 0.000738 0.825134
4 4 0.105748 0.063908 0.021571 0.000700 0.808073
4 4 0.098291 0.060607 0.019487 0.000539 0.821076
4 4 0.088561 0.059019 0.018592 0.000455 0.833372
4 4 0.103849 0.065328 0.022543 0.000756 0.807524
4 4 0.093407 0.073701 0.028785 0.001158 0.802950
4 4 0.128869 0.079344 0.033100 0.001972 0.756715
4 4 0.138854 0.081173 0.034673 0.002309 0.742991
4 4 0.140618 0.075175 0.029682 0.001685 0.752840
4 4 0.117674 0.073236 0.028199 0.001316 0.779575
4 4 0.093356 0.076339 0.030888 0.001339 0.798078
4 4 0.009884 0.084667 0.130449 0.001108 0.773893
4 2 0.016724 0.069709 0.059949 0.000479 0.853138
4 2 0.033966 0.066170 0.033026 0.000467 0.866371
4 4 0.049400 0.061735 0.021220 0.000405 0.867240
4 4 0.072964 0.070031 0.026374 0.000814 0.829817
4 4 0.050901 0.070836 0.027769 0.000716 0.849778
4 4 0.056557 0.077326 0.032779 0.001078 0.832259
4 4 0.082593 0.108019 0.036232 0.000499 0.772657
4 4 0.097302 0.196577 0.089843 0.001180 0.615099
4 4 0.081383 0.131689 0.094405 0.003178 0.689345
4 4 0.139762 0.144454 0.063647 0.002322 0.649814
4 4 0.297231 0.232391 0.114171 0.005466 0.350741
1 2 0.245522 0.330479 0.179318 0.003383 0.241298
4 2 0.159697 0.300975 0.143586 0.002802 0.392940
4 2 0.101024 0.288927 0.185340 0.002340 0.422370
2 2 0.029310 0.296154 0.395992 0.002853 0.275691
2 2 0.015842 0.248224 0.428745 0.001680 0.305510
2 2 0.004618 0.142096 0.588258 0.001014 0.264013
2 2 0.003592 0.107701 0.666909 0.001405 0.220392
2 2 0.003051 0.089980 0.684086 0.001700 0.221182
2 2 0.002538 0.089087 0.780845 0.001162 0.126369
2 2 0.002653 0.080821 0.766514 0.001686 0.148326
2 2 0.003049 0.087324 0.747045 0.001791 0.160791
2 2 0.003354 0.095170 0.727170 0.001707 0.172598
2 2 0.004884 0.125725 0.663262 0.001604 0.204525
2 2 0.006622 0.144715 0.441116 0.001559 0.405988
2 2 0.009989 0.188306 0.408204 0.001517 0.391984
2 2 0.006719 0.145353 0.427495 0.001542 0.418890
2 2 0.006167 0.119578 0.479522 0.002435 0.392298
2 2 0.007297 0.148304 0.475288 0.001846 0.367266
2 2 0.007498 0.152571 0.524620 0.001915 0.313396
2 2 0.004400 0.112625 0.604959 0.001769 0.276247
2 2 0.003892 0.104371 0.656123 0.001806 0.233808
2 2 0.002043 0.071083 0.793821 0.002278 0.130775
2 2 0.001904 0.067653 0.803231 0.002242 0.124971
2 2 0.001818 0.064201 0.817796 0.002203 0.113983
2 2 0.001948 0.070420 0.806193 0.001702 0.119736
2 2 0.001473 0.055362 0.853676 0.002207 0.087283
2 2 0.001131 0.044355 0.872717 0.002086 0.079711
2 2 0.002070 0.064610 0.815885 0.002055 0.115379
2 2 0.000391 0.015016 0.970432 0.003812 0.010350
2 2 0.000273 0.010547 0.975931 0.005730 0.007519
2 2 0.000136 0.005781 0.982350 0.007787 0.003945
2 2 0.000160 0.005414 0.978042 0.011391 0.004993
2 2 0.000181 0.004628 0.975169 0.015936 0.004085
2 2 0.000219 0.006174 0.976082 0.012765 0.004760
2 2 0.000177 0.005809 0.980847 0.009480 0.003688
2 2 0.000179 0.006560 0.982117 0.006904 0.004239
2 2 0.000182 0.006711 0.982152 0.006149 0.004805
2 2 0.000072 0.003040 0.986345 0.008945 0.001598
2 2 0.000116 0.003547 0.983638 0.010319 0.002380
2 2 0.000062 0.002515 0.985723 0.010631 0.001068
2 2 0.000075 0.003038 0.984779 0.010552 0.001556
2 2 0.000086 0.002563 0.981888 0.014424 0.001038
2 2 0.000115 0.003035 0.981256 0.014161 0.001434
2 2 0.000078 0.002873 0.982389 0.013731 0.000929
2 2 0.000047 0.001642 0.970490 0.027379 0.000442
2 2 0.000120 0.003160 0.972509 0.022703 0.001507
2 2 0.000159 0.002645 0.970069 0.025977 0.001150
2 2 0.000086 0.001786 0.964141 0.033243 0.000744
2 2 0.000278 0.004077 0.895274 0.098263 0.002108
2 3 0.000206 0.002878 0.876000 0.119693 0.001223
2 3 0.000184 0.002652 0.868911 0.127196 0.001056
2 3 0.000174 0.002267 0.904054 0.092528 0.000977
2 3 0.000083 0.001580 0.890495 0.107317 0.000524
2 3 0.000082 0.001602 0.886498 0.111294 0.000525
2 3 0.000092 0.001728 0.889355 0.108228 0.000597
2 3 0.000081 0.001601 0.860575 0.137269 0.000474
2 3 0.000074 0.001514 0.820057 0.177970 0.000385
2 3 0.000094 0.001751 0.816066 0.181614 0.000475
2 3 0.000110 0.001918 0.773760 0.223718 0.000494
2 3 0.000043 0.001082 0.827247 0.171393 0.000235
2 3 0.000031 0.000891 0.838442 0.160456 0.000181
2 3 0.000064 0.001361 0.847739 0.150482 0.000355
2 3 0.000069 0.001455 0.826340 0.171767 0.000368
2 3 0.000083 0.001614 0.790314 0.207596 0.000394
2 3 0.000085 0.001658 0.815670 0.182159 0.000428
2 3 0.000086 0.001642 0.758565 0.239330 0.000378
2 3 0.000107 0.001894 0.781304 0.216202 0.000492
2 3 0.000053 0.001229 0.772752 0.225716 0.000250
2 3 0.000131 0.002110 0.711446 0.285806 0.000507
2 3 0.000202 0.002732 0.680732 0.315618 0.000716
2 3 0.000184 0.002520 0.611289 0.385430 0.000577
2 3 0.000262 0.003003 0.515130 0.480925 0.000679
3 3 0.000264 0.002959 0.480268 0.515866 0.000644
3 3 0.000193 0.002462 0.495633 0.501219 0.000493
2 3 0.000125 0.001919 0.531997 0.465609 0.000350
2 3 0.000095 0.001649 0.575765 0.422201 0.000291
2 3 0.000185 0.002490 0.571551 0.425233 0.000541
2 3 0.000134 0.002051 0.586800 0.410604 0.000410
2 3 0.000098 0.001666 0.558242 0.439704 0.000290
3 3 0.000159 0.002168 0.483510 0.513761 0.000402
3 3 0.000199 0.002451 0.455233 0.541644 0.000473
3 3 0.000188 0.002317 0.420442 0.576629 0.000423
3 3 0.000121 0.001838 0.490003 0.507723 0.000315
2 3 0.000318 0.003388 0.517185 0.478291 0.000818
2 3 0.000552 0.004878 0.571561 0.421504 0.001506
2 3 0.000247 0.002888 0.509852 0.486376 0.000637
3 3 0.000256 0.002891 0.472279 0.523958 0.000617
3 3 0.000548 0.004453 0.412986 0.580879 0.001133
3 3 0.000330 0.003368 0.466814 0.528714 0.000774
3 3 0.000202 0.002286 0.345794 0.651326 0.000392
3 3 0.000287 0.002921 0.380993 0.615216 0.000583
3 3 0.000739 0.005084 0.345421 0.647435 0.001321
3 3 0.000487 0.003952 0.352296 0.642360 0.000905
3 3 0.000306 0.003065 0.392368 0.603629 0.000633
3 3 0.000352 0.003435 0.433357 0.562080 0.000776
3 3 0.000439 0.004008 0.461868 0.532680 0.001004
3 3 0.000419 0.003669 0.375180 0.619911 0.000821
3 3 0.000426 0.003678 0.363935 0.631142 0.000818
3 3 0.000439 0.003619 0.324292 0.670872 0.000778
3 3 0.000445 0.003615 0.313706 0.681462 0.000771
3 3 0.000401 0.003556 0.369510 0.625752 0.000780
3 3 0.000285 0.002963 0.407653 0.588491 0.000608
3 3 0.000222 0.002642 0.467234 0.529366 0.000536
2 3 0.000114 0.001813 0.534318 0.463434 0.000322
2 3 0.000204 0.002601 0.539744 0.456891 0.000560
2 3 0.000346 0.003584 0.528087 0.467082 0.000900
2 3 0.000208 0.002628 0.531470 0.465129 0.000564
3 3 0.000401 0.003803 0.467673 0.527192 0.000932
2 3 0.001685 0.009539 0.534436 0.450305 0.004036
2 3 0.003811 0.012859 0.698607 0.276632 0.008091
2 3 0.018487 0.036342 0.860276 0.069863 0.015032
2 3 0.011896 0.046398 0.898755 0.035439 0.007512
2 1 0.014695 0.082758 0.882166 0.012960 0.007422
2 2 0.024628 0.145176 0.811880 0.007498 0.010817
2 2 0.013389 0.078257 0.899894 0.003266 0.005194
2 2 0.019222 0.067174 0.894050 0.005098 0.014456
2 2 0.041819 0.095312 0.825182 0.007937 0.029750
2 1 0.081578 0.279366 0.560038 0.003886 0.075132
2 2 0.071853 0.327245 0.527156 0.004598 0.069148
2 2 0.046330 0.292383 0.596036 0.006031 0.059220
2 2 0.017883 0.213918 0.608624 0.003599 0.155976
2 2 0.008524 0.131251 0.729926 0.003685 0.126614
2 2 0.005547 0.101411 0.753610 0.003461 0.135971
2 2 0.004690 0.096885 0.739068 0.002957 0.156400
2 2 0.006080 0.137978 0.587308 0.001815 0.266819
2 2 0.012408 0.215138 0.502004 0.001787 0.268663
2 1 0.014650 0.200271 0.521682 0.001970 0.261428
2 2 0.015536 0.170239 0.623523 0.004950 0.185751
2 2 0.007695 0.191351 0.453950 0.000980 0.346025
4 2 0.013572 0.192322 0.240299 0.000799 0.553008
4 2 0.021478 0.202099 0.151451 0.000536 0.624436
4 2 0.028660 0.231197 0.142418 0.000472 0.597254
4 4 0.027788 0.240317 0.167435 0.000727 0.563732
4 4 0.017168 0.240968 0.287272 0.001487 0.453105
4 4 0.027712 0.170084 0.111020 0.001126 0.690057
4 4 0.034961 0.112056 0.074326 0.001392 0.777264
4 4 0.048858 0.067371 0.026317 0.000574 0.856879
4 4 0.065335 0.058602 0.018709 0.000375 0.856979
4 4 0.095840 0.052893 0.014946 0.000309 0.836012
4 4 0.125911 0.050188 0.013371 0.000302 0.810229
4 4 0.126734 0.061683 0.020022 0.000689 0.790871
4 4 0.091941 0.070328 0.026235 0.000945 0.810552
4 4 0.046986 0.070164 0.027450 0.000664 0.854736
4 4 0.029744 0.102281 0.045408 0.000723 0.821844
4 4 0.026780 0.202554 0.307683 0.001670 0.461313
2 1 0.044941 0.214527 0.416518 0.004341 0.319673
2 1 0.056481 0.186889 0.483955 0.007007 0.265668
4 2 0.099313 0.203523 0.289634 0.005451 0.402079
2 2 0.005964 0.158952 0.492960 0.001085 0.341039
2 2 0.005981 0.152599 0.512476 0.001132 0.327813
2 2 0.006178 0.147238 0.517438 0.001341 0.327806
2 2 0.008429 0.182924 0.482490 0.001205 0.324952
2 2 0.010318 0.228476 0.399173 0.000925 0.361109
4 2 0.011954 0.254254 0.355917 0.000760 0.377116
4 2 0.011111 0.234654 0.362065 0.000904 0.391265
4 2 0.011124 0.200252 0.257477 0.000939 0.530208
4 2 0.016497 0.141347 0.126582 0.000897 0.714677
4 4 0.024145 0.106225 0.059080 0.000440 0.810110
4 4 0.036968 0.094343 0.033178 0.000322 0.835190
4 4 0.035385 0.092699 0.031565 0.000271 0.840080
4 4 0.034387 0.173327 0.067832 0.000418 0.724037
4 4 0.018603 0.267282 0.154753 0.000541 0.558821
2 4 0.007944 0.220373 0.464191 0.000710 0.306782
2 2 0.005027 0.164395 0.599217 0.000792 0.230569
