0 0 0.912777 0.020009 0.031182 0.001485 0.034547
0 0 0.931738 0.014991 0.027645 0.001164 0.024461
0 0 0.948646 0.010567 0.019567 0.000557 0.020663
0 0 0.920407 0.016455 0.043914 0.003288 0.015935
0 0 0.878276 0.026097 0.066819 0.008217 0.020591
0 0 0.844142 0.040285 0.055411 0.005227 0.054935
0 0 0.758515 0.057076 0.041040 0.002813 0.140555
0 0 0.731917 0.070220 0.054888 0.005427 0.137548
0 0 0.702666 0.081677 0.064553 0.007960 0.143144
0 0 0.671581 0.087778 0.060250 0.007070 0.173321
0 0 0.635949 0.097853 0.062187 0.007903 0.196108
0 1 0.600829 0.118566 0.071782 0.007228 0.201595
0 1 0.620073 0.105024 0.062329 0.006244 0.206329
0 1 0.620317 0.094500 0.047441 0.002998 0.234744
0 1 0.648793 0.078421 0.040797 0.003112 0.228878
0 1 0.649358 0.076474 0.038935 0.002811 0.232422
0 1 0.647899 0.080855 0.043193 0.003525 0.224528
0 1 0.644465 0.087424 0.050047 0.004873 0.213191
0 1 0.645103 0.086391 0.048930 0.004636 0.214940
0 1 0.591182 0.119331 0.064209 0.004514 0.220764
0 1 0.474504 0.203712 0.100498 0.004174 0.217112
0 1 0.497373 0.190139 0.107686 0.007030 0.197772
0 1 0.520178 0.174473 0.105415 0.008740 0.191194
0 1 0.544781 0.158114 0.103969 0.011676 0.181461
0 2 0.544013 0.158667 0.105645 0.012292 0.179383
0 2 0.589536 0.130346 0.088457 0.011394 0.180267
0 2 0.569865 0.135295 0.107136 0.013768 0.173935
0 2 0.453899 0.147736 0.218054 0.019800 0.160511
0 2 0.391538 0.163922 0.255220 0.014469 0.174851
2 2 0.192591 0.150386 0.539513 0.021199 0.096312
2 2 0.093763 0.114931 0.718170 0.023906 0.049230
2 2 0.046870 0.090652 0.813388 0.023581 0.025509
2 2 0.086725 0.097127 0.739817 0.037895 0.038436
2 2 0.193794 0.127041 0.566804 0.050167 0.062195
2 2 0.157692 0.143273 0.607234 0.039378 0.052424
2 2 0.079104 0.114642 0.741029 0.040006 0.025219
2 2 0.166287 0.138603 0.604996 0.035841 0.054272
0 2 0.454319 0.141338 0.222984 0.019221 0.162138
0 2 0.357110 0.139287 0.316592 0.018063 0.168948
2 2 0.090421 0.083537 0.684471 0.062884 0.078687
2 2 0.009668 0.017408 0.728223 0.240004 0.004697
2 3 0.012603 0.019910 0.670478 0.291512 0.005498
2 3 0.009034 0.016264 0.599880 0.370075 0.004747
2 3 0.010780 0.016532 0.631502 0.337196 0.003990
2 3 0.007246 0.012020 0.605537 0.372667 0.002530
2 3 0.008501 0.012967 0.637133 0.338839 0.002561
2 3 0.005203 0.009510 0.541108 0.442178 0.001999
2 3 0.003660 0.007330 0.510278 0.477288 0.001444
2 3 0.004047 0.007098 0.538330 0.449381 0.001143
3 3 0.005422 0.008694 0.440332 0.543828 0.001723
3 3 0.007067 0.010268 0.406696 0.573756 0.002212
3 3 0.006488 0.009148 0.282797 0.699291 0.002276
3 3 0.011318 0.013902 0.271646 0.698867 0.004267
3 3 0.015465 0.017971 0.307310 0.653450 0.005804
3 3 0.015636 0.017876 0.282965 0.677518 0.006005
3 3 0.013580 0.016134 0.278407 0.686607 0.005272
3 3 0.006953 0.009493 0.204048 0.776519 0.002987
3 3 0.006001 0.008510 0.150854 0.831436 0.003199
3 3 0.002528 0.004484 0.089541 0.901540 0.001907
3 3 0.001413 0.002973 0.064997 0.929222 0.001394
3 3 0.002844 0.003843 0.065884 0.926059 0.001370
3 3 0.002062 0.003166 0.052353 0.941101 0.001318
3 3 0.001976 0.002949 0.043708 0.950077 0.001289
3 3 0.004396 0.005071 0.067294 0.921368 0.001871
3 3 0.129198 0.037522 0.208219 0.617880 0.007182
3 3 0.204988 0.041743 0.229631 0.518173 0.005465
2 3 0.107821 0.035031 0.437639 0.415603 0.003907
2 2 0.093137 0.031972 0.441887 0.429515 0.003489
0 2 0.352352 0.069603 0.262934 0.297134 0.017977
0 3 0.430938 0.094416 0.252737 0.178260 0.043650
3 3 0.009865 0.014324 0.383580 0.588066 0.004165
3 3 0.008920 0.011374 0.291583 0.685173 0.002950
3 3 0.015950 0.014497 0.240930 0.724957 0.003666
3 3 0.014811 0.011629 0.183587 0.787373 0.002599
3 3 0.018090 0.013522 0.173696 0.791331 0.003361
3 3 0.011781 0.009548 0.115854 0.860157 0.002660
3 3 0.014747 0.011549 0.104600 0.865224 0.003881
3 3 0.011143 0.009410 0.089280 0.886885 0.003282
3 3 0.013042 0.010354 0.094971 0.878149 0.003483
3 3 0.008869 0.008151 0.081472 0.898534 0.002973
3 3 0.001749 0.002430 0.039888 0.955024 0.000909
3 3 0.000936 0.001527 0.030140 0.966818 0.000580
3 3 0.000643 0.001097 0.025130 0.972744 0.000387
3 3 0.000922 0.001473 0.029758 0.967309 0.000538
3 3 0.002127 0.002776 0.043390 0.950696 0.001012
3 3 0.003756 0.003756 0.054207 0.937170 0.001111
3 3 0.004106 0.003792 0.055610 0.935471 0.001021
3 3 0.005641 0.004573 0.063179 0.925478 0.001129
3 3 0.005018 0.004293 0.060368 0.929216 0.001105
3 3 0.001904 0.002200 0.039798 0.955468 0.000630
3 3 0.000931 0.001429 0.029611 0.967538 0.000490
3 3 0.000481 0.000920 0.022275 0.975974 0.000349
3 3 0.000563 0.001010 0.023763 0.974298 0.000367
3 3 0.000748 0.001137 0.026400 0.971362 0.000353
3 3 0.001056 0.001378 0.030332 0.966853 0.000381
3 3 0.000978 0.001270 0.029126 0.968288 0.000338
3 3 0.000884 0.001263 0.028324 0.969151 0.000377
3 3 0.000954 0.001477 0.030049 0.967001 0.000519
3 3 0.000876 0.001383 0.028896 0.968360 0.000485
3 3 0.000922 0.001448 0.029630 0.967486 0.000514
3 3 0.002787 0.003160 0.048075 0.944959 0.001019
3 3 0.003120 0.003534 0.050889 0.941267 0.001190
3 3 0.002070 0.002636 0.042539 0.951841 0.000914
3 3 0.002694 0.003398 0.048511 0.944108 0.001287
3 3 0.001405 0.002194 0.036714 0.958778 0.000910
3 3 0.005437 0.005197 0.064550 0.923159 0.001656
3 3 0.139330 0.036630 0.213832 0.603157 0.007052
3 3 0.227091 0.044642 0.236393 0.483857 0.008017
3 3 0.251743 0.047592 0.230680 0.463434 0.006551
3 3 0.289802 0.051487 0.236278 0.414594 0.007838
3 3 0.280198 0.059131 0.240099 0.408977 0.011596
3 3 0.059162 0.028104 0.168826 0.736059 0.007849
3 3 0.005349 0.007582 0.144138 0.840236 0.002694
3 3 0.006675 0.008664 0.124481 0.856709 0.003471
3 3 0.014204 0.014174 0.137606 0.828148 0.005869
3 3 0.025299 0.020275 0.165582 0.781156 0.007689
3 3 0.023487 0.018663 0.195271 0.756754 0.005824
3 3 0.038717 0.023022 0.293891 0.639740 0.004629
3 3 0.060922 0.029982 0.286465 0.615459 0.007172
3 3 0.070759 0.028410 0.219497 0.674694 0.006640
3 3 0.005783 0.006070 0.068081 0.917753 0.002313
3 3 0.002310 0.002926 0.044917 0.948797 0.001050
3 3 0.003586 0.003971 0.054292 0.936788 0.001362
3 3 0.011494 0.009698 0.093598 0.881082 0.004128
3 3 0.020113 0.015012 0.121253 0.836134 0.007488
3 3 0.006405 0.006015 0.070210 0.915302 0.002068
3 3 0.024796 0.015540 0.126735 0.827094 0.005836
3 3 0.035345 0.020201 0.148627 0.787278 0.008549
3 3 0.015519 0.010861 0.103024 0.866861 0.003736
3 3 0.004549 0.004684 0.060112 0.929086 0.001569
3 3 0.002878 0.003642 0.050195 0.941862 0.001424
3 3 0.002071 0.002907 0.043583 0.950256 0.001182
3 3 0.001371 0.001920 0.035297 0.960751 0.000660
3 3 0.001691 0.002207 0.038605 0.956761 0.000735
3 3 0.001929 0.002557 0.041445 0.953148 0.000921
3 3 0.003027 0.003751 0.051228 0.940549 0.001446
3 3 0.001901 0.002390 0.040602 0.954324 0.000784
3 3 0.001885 0.002291 0.040092 0.955024 0.000708
3 3 0.001190 0.001495 0.031947 0.964961 0.000407
3 3 0.002541 0.002529 0.044426 0.949869 0.000635
3 3 0.001306 0.001970 0.035063 0.960911 0.000751
3 3 0.001202 0.001843 0.033746 0.962512 0.000698
3 3 0.001481 0.002078 0.036731 0.958970 0.000740
3 3 0.001863 0.002288 0.039956 0.955176 0.000716
3 3 0.001353 0.001894 0.035052 0.961054 0.000647
3 3 0.005879 0.005684 0.070522 0.915430 0.002484
3 3 0.005055 0.004913 0.064825 0.923285 0.001922
3 3 0.015168 0.009740 0.101117 0.870884 0.003090
3 3 0.012008 0.007415 0.087627 0.891176 0.001773
3 3 0.022996 0.010566 0.113066 0.851188 0.002183
3 3 0.041313 0.017014 0.147291 0.790117 0.004265
3 3 0.012068 0.006788 0.085415 0.894380 0.001349
3 3 0.008615 0.005911 0.075946 0.908104 0.001425
3 3 0.004215 0.003903 0.056572 0.934223 0.001087
3 3 0.003374 0.003629 0.052273 0.939566 0.001159
3 3 0.002419 0.002991 0.045705 0.947835 0.001050
3 3 0.002262 0.002869 0.044456 0.949389 0.001023
3 3 0.003678 0.004046 0.054898 0.935992 0.001387
3 3 0.002291 0.002772 0.044229 0.949788 0.000920
3 3 0.002948 0.003216 0.048996 0.943845 0.000995
3 3 0.000453 0.000856 0.021518 0.976863 0.000311
3 3 0.000655 0.001105 0.025300 0.972554 0.000386
3 3 0.000517 0.001009 0.023236 0.974830 0.000407
3 3 0.000399 0.000818 0.020566 0.977895 0.000323
3 3 0.000565 0.000998 0.023714 0.974370 0.000354
3 3 0.002894 0.002840 0.047292 0.946240 0.000734
3 3 0.010145 0.006453 0.079753 0.902289 0.001359
3 3 0.024941 0.011249 0.113534 0.848317 0.001960
3 2 0.080215 0.027751 0.254234 0.633180 0.004620
2 2 0.161881 0.054931 0.389966 0.379212 0.014010
2 2 0.106541 0.052908 0.485255 0.340884 0.014412
2 2 0.017914 0.023982 0.614955 0.336317 0.006833
2 2 0.011200 0.020893 0.530764 0.428763 0.008380
2 2 0.017961 0.033466 0.679209 0.251795 0.017568
2 2 0.037274 0.055882 0.685998 0.171683 0.049162
2 2 0.044884 0.069918 0.692661 0.104505 0.088033
2 2 0.055197 0.096248 0.622885 0.068471 0.157199
2 2 0.060054 0.118617 0.475486 0.037810 0.308033
2 2 0.037590 0.124291 0.531406 0.022679 0.284034
2 2 0.030219 0.122261 0.469770 0.018199 0.359551
2 2 0.042526 0.114277 0.483624 0.008598 0.350975
2 2 0.042373 0.125156 0.542539 0.010802 0.279130
2 2 0.098867 0.153653 0.416043 0.009035 0.322402
4 2 0.119801 0.157934 0.315300 0.010302 0.396663
4 2 0.141346 0.160338 0.238108 0.007156 0.453052
4 2 0.084532 0.185725 0.349026 0.004218 0.376500
2 2 0.090856 0.177195 0.368990 0.003487 0.359472
4 2 0.071963 0.176279 0.343320 0.002294 0.406143
4 2 0.037298 0.135941 0.331941 0.004552 0.490269
4 2 0.037572 0.145805 0.322499 0.004750 0.489374
4 2 0.038937 0.153370 0.314568 0.003927 0.489199
4 2 0.053871 0.165151 0.260620 0.002985 0.517373
4 2 0.057003 0.176756 0.249795 0.002506 0.513940
4 2 0.048041 0.178083 0.278346 0.002892 0.492639
4 2 0.061771 0.190467 0.276981 0.002543 0.468239
4 2 0.084961 0.195453 0.284890 0.003209 0.431487
4 2 0.078582 0.169566 0.289936 0.004304 0.457612
4 2 0.079970 0.166936 0.311794 0.004482 0.436818
4 2 0.062351 0.161586 0.374197 0.004838 0.397027
4 2 0.085898 0.155656 0.263995 0.004489 0.489962
2 2 0.237447 0.167032 0.472630 0.016561 0.106329
0 2 0.393717 0.183132 0.256954 0.013350 0.152847
0 2 0.303949 0.204328 0.295222 0.008358 0.188143
2 2 0.030560 0.111554 0.729700 0.013418 0.114768
2 2 0.015969 0.071633 0.831114 0.013991 0.067293
2 2 0.023593 0.071617 0.843985 0.009283 0.051521
2 2 0.029434 0.060482 0.873487 0.012947 0.023651
2 2 0.039506 0.063388 0.847025 0.032469 0.017611
2 2 0.044156 0.065288 0.823612 0.052958 0.013986
2 2 0.071376 0.090338 0.768866 0.045854 0.023566
2 2 0.278346 0.145265 0.448716 0.046533 0.081140
0 2 0.450214 0.134800 0.266951 0.051965 0.096071
0 2 0.370673 0.144386 0.342515 0.038433 0.103994
2 2 0.229257 0.115606 0.541307 0.055577 0.058253
2 2 0.291773 0.119538 0.466062 0.052788 0.069840
2 2 0.309348 0.118424 0.438580 0.059345 0.074302
2 2 0.096350 0.112594 0.714279 0.026089 0.050688
2 2 0.025034 0.049061 0.887225 0.024591 0.014090
2 2 0.012162 0.031029 0.926973 0.023530 0.006305
2 2 0.012668 0.028277 0.923714 0.030186 0.005155
2 2 0.016721 0.023498 0.892407 0.063382 0.003991
2 2 0.028816 0.033068 0.856045 0.075184 0.006888
2 2 0.026449 0.032493 0.862670 0.072374 0.006014
2 2 0.036360 0.036253 0.827021 0.092996 0.007370
2 2 0.062878 0.049905 0.765257 0.109852 0.012108
2 2 0.089481 0.059549 0.726460 0.106879 0.017632
2 2 0.065464 0.048230 0.755502 0.117268 0.013535
2 2 0.070774 0.052267 0.733291 0.126114 0.017555
2 2 0.053268 0.046598 0.694826 0.190729 0.014578
2 2 0.041320 0.050435 0.768620 0.125378 0.014247
2 2 0.035071 0.037105 0.806046 0.114016 0.007762
2 2 0.033524 0.029842 0.816359 0.114776 0.005500
2 2 0.031543 0.030384 0.828503 0.103453 0.006117
2 2 0.033848 0.034354 0.756147 0.167000 0.008652
2 2 0.082945 0.063753 0.632245 0.190395 0.030663
2 2 0.049775 0.046378 0.598165 0.286992 0.018689
2 2 0.046668 0.044966 0.593322 0.296347 0.018697
2 2 0.052353 0.043813 0.550592 0.337336 0.015906
2 2 0.105577 0.059859 0.535703 0.278412 0.020450
2 1 0.296318 0.079258 0.413631 0.188619 0.022175
2 2 0.072018 0.081572 0.725424 0.076904 0.044082
2 2 0.037362 0.055275 0.756920 0.111817 0.038627
2 2 0.031656 0.052094 0.732739 0.134600 0.048910
2 2 0.018618 0.037273 0.724357 0.191000 0.028753
2 2 0.021935 0.044655 0.755354 0.142186 0.035869
2 2 0.010106 0.023632 0.644684 0.309592 0.011986
2 2 0.012314 0.025878 0.607514 0.340631 0.013663
2 2 0.009286 0.020757 0.569257 0.391178 0.009523
2 2 0.011527 0.024401 0.552699 0.399129 0.012245
2 2 0.011636 0.025842 0.595150 0.353833 0.013539
2 2 0.008245 0.020043 0.608101 0.354283 0.009328
2 2 0.014166 0.029290 0.686156 0.253596 0.016793
2 2 0.006633 0.017929 0.681436 0.286097 0.007905
2 2 0.008170 0.019838 0.649846 0.312739 0.009406
2 2 0.010636 0.021145 0.571758 0.387707 0.008755
2 2 0.016024 0.029020 0.516788 0.419308 0.018861
2 2 0.014920 0.029192 0.603155 0.334432 0.018300
3 2 0.005740 0.014017 0.456910 0.517253 0.006078
2 2 0.008010 0.016535 0.505099 0.463989 0.006367
3 2 0.005687 0.013503 0.461196 0.514126 0.005488
3 3 0.008518 0.017011 0.363661 0.602613 0.008196
3 3 0.028469 0.036945 0.413212 0.496927 0.024447
3 3 0.021097 0.029093 0.337696 0.592780 0.019335
3 3 0.025317 0.032344 0.301504 0.615640 0.025195
3 3 0.024771 0.031589 0.247588 0.668556 0.027496
3 3 0.010448 0.017110 0.180095 0.780059 0.012289
3 3 0.009789 0.015010 0.153308 0.812076 0.009817
3 3 0.007397 0.011343 0.185022 0.791267 0.004971
3 3 0.009394 0.012521 0.197675 0.775536 0.004874
3 3 0.012257 0.015965 0.217929 0.747031 0.006818
3 3 0.012762 0.016550 0.211616 0.751679 0.007393
3 3 0.008299 0.014428 0.212177 0.757242 0.007854
3 3 0.009934 0.016993 0.252403 0.711582 0.009088
3 3 0.014826 0.023740 0.279078 0.668085 0.014271
3 3 0.022429 0.030390 0.269454 0.656389 0.021338
3 3 0.020383 0.025665 0.221473 0.715311 0.017167
3 3 0.012786 0.015548 0.111431 0.849563 0.010671
3 3 0.011532 0.015067 0.102739 0.857927 0.012735
3 3 0.005421 0.009113 0.074296 0.903467 0.007703
3 3 0.003800 0.007105 0.064065 0.918759 0.006272
3 3 0.002645 0.003479 0.048552 0.943923 0.001401
3 3 0.001901 0.002538 0.041209 0.953434 0.000919
3 3 0.002957 0.003566 0.050293 0.941882 0.001302
3 3 0.006940 0.007210 0.074334 0.908607 0.002909
3 3 0.004891 0.005946 0.064877 0.921591 0.002694
3 3 0.005587 0.006429 0.068792 0.916291 0.002901
3 3 0.003653 0.004528 0.056319 0.933618 0.001882
3 3 0.002448 0.003174 0.046521 0.946647 0.001211
3 3 0.001549 0.002664 0.039522 0.954919 0.001345
3 3 0.002177 0.003671 0.046752 0.945345 0.002055
3 3 0.002673 0.004919 0.052960 0.935999 0.003450
3 3 0.002952 0.005063 0.054732 0.933962 0.003291
3 3 0.007677 0.009183 0.081067 0.897090 0.004983
3 3 0.009233 0.010154 0.088959 0.885753 0.005901
3 3 0.004972 0.005585 0.064181 0.923024 0.002237
3 3 0.002878 0.004133 0.051768 0.939233 0.001988
3 3 0.001647 0.002932 0.041120 0.952695 0.001606
3 3 0.002189 0.003567 0.046490 0.945863 0.001891
3 3 0.002589 0.003689 0.048983 0.943059 0.001679
3 3 0.003245 0.004634 0.054919 0.934884 0.002317
3 3 0.005695 0.007790 0.072608 0.909104 0.004803
3 3 0.003665 0.005090 0.057988 0.930704 0.002553
3 3 0.003746 0.005096 0.058335 0.930330 0.002493
3 3 0.011335 0.010995 0.094491 0.877841 0.005339
3 3 0.011760 0.011196 0.095622 0.876117 0.005305
3 3 0.003874 0.004755 0.057871 0.931508 0.001992
3 3 0.001999 0.002770 0.042666 0.951478 0.001087
3 3 0.001976 0.002814 0.042705 0.951355 0.001150
3 3 0.002410 0.003401 0.047123 0.945584 0.001482
3 3 0.002252 0.003463 0.046503 0.946092 0.001689
3 3 0.001715 0.003056 0.041984 0.951542 0.001703
3 3 0.001793 0.003208 0.042989 0.950178 0.001832
3 3 0.107578 0.041034 0.216405 0.618841 0.016141
0 3 0.391242 0.064470 0.244000 0.283222 0.017066
0 2 0.576455 0.066699 0.202298 0.133225 0.021323
0 2 0.509652 0.060476 0.222768 0.192181 0.014923
0 2 0.599310 0.068235 0.193436 0.115060 0.023959
0 2 0.631270 0.087811 0.162618 0.070525 0.047776
2 2 0.025706 0.028870 0.738961 0.200982 0.005480
2 2 0.013920 0.019861 0.724854 0.237616 0.003749
2 2 0.014457 0.030296 0.594061 0.346079 0.015108
2 2 0.008576 0.035609 0.703167 0.233233 0.019415
2 2 0.009688 0.064436 0.830665 0.052009 0.043202
2 4 0.023259 0.109808 0.716744 0.012806 0.137382
2 4 0.046066 0.163588 0.566693 0.005331 0.218323
2 4 0.051378 0.173096 0.464402 0.006732 0.304392
4 4 0.064375 0.171322 0.378541 0.006557 0.379204
2 4 0.047282 0.169039 0.474643 0.005172 0.303863
2 4 0.058204 0.163789 0.400074 0.003552 0.374381
2 4 0.035384 0.152429 0.470262 0.005592 0.336332
2 4 0.028605 0.134870 0.490883 0.008747 0.336895
2 4 0.029692 0.136219 0.512349 0.008145 0.313595
2 4 0.036337 0.147671 0.447388 0.006081 0.362523
4 4 0.064535 0.152210 0.265358 0.004135 0.513762
4 4 0.124664 0.128068 0.112493 0.002882 0.631893
0 4 0.592928 0.087821 0.066354 0.003366 0.249531
0 4 0.702212 0.077943 0.055902 0.005810 0.158134
0 4 0.657237 0.090191 0.098197 0.009718 0.144658
0 4 0.591314 0.103848 0.156501 0.009911 0.138426
0 4 0.675453 0.089550 0.057094 0.003945 0.173958
4 4 0.082796 0.205254 0.170859 0.001430 0.539660
4 4 0.101298 0.119026 0.063119 0.002001 0.714556
4 4 0.111849 0.062612 0.033399 0.001966 0.790175
4 4 0.137868 0.046608 0.022922 0.001248 0.791353
4 4 0.135443 0.045497 0.024649 0.001809 0.792602
4 4 0.114607 0.051313 0.028073 0.001937 0.804070
4 4 0.127069 0.053885 0.025734 0.001187 0.792125
4 4 0.262945 0.114679 0.048765 0.001443 0.572169
4 4 0.172240 0.169241 0.134344 0.002395 0.521780
4 4 0.214255 0.165326 0.189808 0.003141 0.427470
4 1 0.189191 0.154186 0.192891 0.003660 0.460071
4 1 0.205972 0.166546 0.202291 0.003746 0.421445
4 1 0.172006 0.162286 0.131088 0.003728 0.530891
4 1 0.090595 0.173637 0.172148 0.002229 0.561390
4 1 0.059067 0.165321 0.222522 0.002724 0.550366
4 1 0.052939 0.152240 0.216745 0.003122 0.574954
4 1 0.059474 0.140014 0.189073 0.003489 0.607949
4 1 0.124260 0.169460 0.217749 0.002739 0.485792
0 1 0.376323 0.153480 0.199366 0.003359 0.267472
0 1 0.482970 0.133725 0.116068 0.003399 0.263838
4 1 0.145744 0.168674 0.085033 0.001318 0.599232
4 2 0.263741 0.142478 0.053414 0.000990 0.539376
4 2 0.163345 0.177249 0.127882 0.001946 0.529577
4 2 0.158788 0.182706 0.179973 0.002291 0.476241
4 2 0.105986 0.170770 0.320612 0.005468 0.397164
2 2 0.061637 0.148612 0.448924 0.013174 0.327653
2 2 0.063133 0.150208 0.443141 0.016713 0.326804
2 2 0.070865 0.144746 0.525134 0.015184 0.244070
2 2 0.116402 0.146799 0.492091 0.015201 0.229507
2 2 0.111112 0.140784 0.538163 0.022179 0.187762
2 2 0.082030 0.125803 0.616641 0.022561 0.152965
2 2 0.060588 0.098099 0.753194 0.022199 0.065920
2 2 0.061704 0.093244 0.771521 0.013810 0.059720
2 2 0.013348 0.031577 0.925167 0.021855 0.008053
2 2 0.016625 0.041102 0.904870 0.025824 0.011579
2 2 0.043515 0.091317 0.813364 0.010956 0.040848
2 2 0.035314 0.096223 0.815346 0.009625 0.043491
2 2 0.027171 0.098299 0.794818 0.008897 0.070816
2 2 0.028881 0.090765 0.805173 0.007866 0.067315
2 2 0.040762 0.106851 0.731590 0.007435 0.113363
0 2 0.721672 0.068980 0.127121 0.036556 0.045670
0 2 0.763068 0.064098 0.095035 0.018118 0.059681
0 1 0.761147 0.066666 0.083252 0.013398 0.075536
0 1 0.604800 0.120491 0.153834 0.041066 0.079808
0 2 0.565091 0.152181 0.129816 0.020130 0.132781
2 2 0.119537 0.166930 0.566601 0.009685 0.137246
2 2 0.108470 0.166011 0.609729 0.007016 0.108774
2 2 0.092346 0.167433 0.626421 0.004493 0.109307
2 2 0.073751 0.146039 0.682301 0.004638 0.093271
2 2 0.062353 0.121747 0.731840 0.005330 0.078731
2 2 0.146369 0.105935 0.653491 0.037079 0.057126
0 2 0.408032 0.095440 0.320446 0.140088 0.035995
0 0 0.630344 0.083308 0.167942 0.076631 0.041775
0 0 0.683613 0.069459 0.152765 0.058526 0.035637
0 1 0.754505 0.060443 0.114610 0.028230 0.042212
0 1 0.774324 0.062261 0.080827 0.012451 0.070136
0 1 0.695780 0.085330 0.069608 0.009461 0.139820
0 1 0.517183 0.183383 0.126444 0.011767 0.161224
0 1 0.410907 0.253426 0.196041 0.017604 0.122021
0 2 0.484688 0.198089 0.172932 0.024671 0.119621
0 1 0.765193 0.063464 0.094226 0.017749 0.059369
0 1 0.776661 0.059287 0.056015 0.005485 0.102552
0 1 0.690213 0.074304 0.045706 0.003793 0.185984
0 1 0.657504 0.073104 0.037085 0.002505 0.229803
0 1 0.606025 0.095891 0.043406 0.001988 0.252689
0 1 0.603526 0.102601 0.049236 0.002616 0.242021
0 1 0.535440 0.158158 0.082310 0.004577 0.219515
0 2 0.539454 0.156665 0.084106 0.005162 0.214613
0 2 0.534741 0.145830 0.092431 0.005336 0.221663
2 2 0.298896 0.174029 0.380776 0.019731 0.126567
2 2 0.225954 0.141761 0.492773 0.049032 0.090481
2 2 0.105677 0.114108 0.686710 0.051556 0.041949
2 2 0.144986 0.144804 0.612796 0.034106 0.063308
2 2 0.075674 0.111129 0.746360 0.035067 0.031770
2 2 0.091055 0.118950 0.713794 0.034283 0.041919
2 2 0.052369 0.085146 0.804493 0.031770 0.026223
2 2 0.060507 0.085845 0.788912 0.034914 0.029821
2 2 0.029302 0.055483 0.867065 0.034927 0.013223
2 2 0.049093 0.097009 0.804038 0.018000 0.031860
2 2 0.057882 0.105776 0.782088 0.018310 0.035943
2 2 0.278342 0.229761 0.314320 0.009656 0.167921
2 2 0.250637 0.259179 0.338297 0.013084 0.138804
0 2 0.330580 0.236065 0.260016 0.013780 0.159559
2 2 0.266234 0.209339 0.367305 0.015499 0.141624
2 2 0.166004 0.160620 0.574889 0.029055 0.069432
2 2 0.198615 0.127851 0.564850 0.039847 0.068837
2 2 0.173880 0.108449 0.614520 0.055820 0.047332
2 2 0.220453 0.105966 0.562306 0.056139 0.055136
2 2 0.141958 0.093596 0.633312 0.090192 0.040943
2 2 0.217439 0.107840 0.484109 0.114271 0.076341
0 2 0.414581 0.130018 0.279866 0.046123 0.129413
2 2 0.184327 0.104761 0.581605 0.074362 0.054945
2 2 0.271097 0.123847 0.480098 0.047991 0.076966
2 2 0.256492 0.105219 0.499412 0.072503 0.066375
2 2 0.255347 0.116867 0.499431 0.052599 0.075755
2 2 0.265677 0.103392 0.502893 0.072373 0.055664
2 2 0.131081 0.095013 0.650848 0.091615 0.031443
2 2 0.085908 0.092849 0.716766 0.076545 0.027932
2 2 0.064507 0.075940 0.716641 0.116618 0.026294
2 2 0.101868 0.083954 0.624996 0.142584 0.046598
2 2 0.106655 0.100180 0.701529 0.043613 0.048022
2 2 0.094089 0.073563 0.723822 0.078265 0.030260
2 2 0.098707 0.093260 0.720026 0.056572 0.031435
2 2 0.063315 0.050257 0.729644 0.145071 0.011714
2 2 0.082468 0.059828 0.659399 0.182652 0.015652
2 2 0.097457 0.065408 0.671942 0.143432 0.021761
2 2 0.194026 0.095439 0.545588 0.104816 0.060131
2 2 0.202284 0.095940 0.492272 0.145072 0.064433
2 2 0.219573 0.106393 0.410342 0.155351 0.108342
2 2 0.187289 0.101330 0.470983 0.142889 0.097509
2 2 0.083245 0.065625 0.481208 0.325802 0.044120
2 2 0.104185 0.077686 0.455171 0.302698 0.060259
3 2 0.055971 0.056490 0.404118 0.442152 0.041268
3 2 0.046828 0.049770 0.361277 0.505496 0.036629
3 2 0.066740 0.061139 0.372529 0.445107 0.054485
3 2 0.042105 0.039211 0.353138 0.543399 0.022147
2 2 0.349084 0.087891 0.401358 0.129925 0.031743
0 0 0.468910 0.086974 0.280020 0.131902 0.032193
0 1 0.571475 0.090461 0.203737 0.091453 0.042875
0 2 0.446958 0.086746 0.293919 0.141602 0.030776
0 2 0.519191 0.114032 0.210216 0.032410 0.124152
0 2 0.542348 0.113158 0.207958 0.033747 0.102789
0 2 0.511782 0.115096 0.218249 0.029594 0.125279
0 2 0.382244 0.123565 0.343556 0.032783 0.117853
2 2 0.134507 0.090342 0.644508 0.081850 0.048793
2 2 0.040720 0.041664 0.711748 0.191667 0.014201
2 2 0.031922 0.029603 0.737992 0.194478 0.006005
2 2 0.145270 0.065058 0.625834 0.146310 0.017528
2 2 0.313826 0.077764 0.393391 0.193722 0.021297
0 0 0.638465 0.073162 0.173296 0.082927 0.032150
0 0 0.701620 0.057258 0.155072 0.060833 0.025217
0 0 0.783101 0.044807 0.117346 0.030097 0.024649
0 0 0.825716 0.041349 0.086027 0.014334 0.032574
0 0 0.836818 0.041816 0.067992 0.008307 0.045067
0 0 0.824803 0.045588 0.052161 0.004580 0.072868
0 0 0.802607 0.053243 0.064078 0.007297 0.072775
0 0 0.781638 0.060080 0.075408 0.010608 0.072266
0 0 0.769159 0.064206 0.076247 0.010941 0.079446
0 0 0.754317 0.067804 0.066120 0.008034 0.103724
0 0 0.740366 0.073430 0.075879 0.011022 0.099303
0 0 0.690005 0.082167 0.129655 0.038931 0.059242
0 0 0.686149 0.079637 0.052237 0.005095 0.176881
0 0 0.653283 0.070017 0.033538 0.002027 0.241136
0 1 0.648917 0.078029 0.040419 0.003049 0.229585
0 1 0.671359 0.088540 0.061598 0.007422 0.171082
0 1 0.668357 0.102452 0.097114 0.015465 0.116612
0 1 0.695586 0.084366 0.066279 0.008384 0.145385
0 1 0.638246 0.089945 0.049908 0.004300 0.217601
0 1 0.482531 0.182763 0.073020 0.001692 0.259994
0 1 0.424622 0.233372 0.090669 0.001694 0.249642
0 1 0.371344 0.280823 0.101933 0.001389 0.244512
1 1 0.325385 0.329542 0.121489 0.001563 0.222022
1 2 0.323659 0.333458 0.129966 0.001961 0.210955
1 2 0.299543 0.316798 0.185896 0.003372 0.194391
2 2 0.129789 0.257723 0.484897 0.005172 0.122418
2 2 0.052516 0.142834 0.742684 0.008429 0.053537
2 2 0.020874 0.062350 0.882657 0.020691 0.013428
2 2 0.022621 0.060819 0.873840 0.024342 0.018378
2 2 0.016587 0.041019 0.909231 0.024112 0.009052
2 2 0.014284 0.035152 0.906877 0.035207 0.008480
2 2 0.003821 0.007802 0.950043 0.037397 0.000937
2 2 0.003300 0.007065 0.953898 0.034910 0.000827
2 2 0.006075 0.013830 0.948100 0.029872 0.002122
2 2 0.003689 0.009459 0.960297 0.025246 0.001309
2 2 0.004828 0.013632 0.957610 0.021899 0.002031
2 2 0.005547 0.016263 0.954838 0.020884 0.002469
2 2 0.006973 0.020523 0.948436 0.020823 0.003245
2 2 0.005301 0.014786 0.954996 0.022760 0.002156
2 2 0.003942 0.009447 0.956817 0.028536 0.001257
2 2 0.003943 0.008776 0.953687 0.032486 0.001108
2 2 0.004488 0.010030 0.950967 0.033285 0.001230
2 2 0.010538 0.020423 0.927197 0.038551 0.003291
2 2 0.009028 0.017964 0.931678 0.038735 0.002595
2 2 0.006283 0.011415 0.937737 0.042970 0.001596
2 2 0.004485 0.007592 0.936181 0.050887 0.000855
2 2 0.006408 0.009628 0.922642 0.060163 0.001160
2 2 0.012660 0.019845 0.912305 0.051916 0.003274
2 2 0.008541 0.018188 0.935687 0.034940 0.002645
2 2 0.006464 0.014666 0.943335 0.033713 0.001823
2 2 0.010764 0.020288 0.926080 0.039494 0.003375
2 2 0.151674 0.082009 0.580959 0.168586 0.016772
2 2 0.082031 0.071195 0.702600 0.134333 0.009842
0 2 0.468278 0.178237 0.250835 0.041696 0.060953
0 1 0.521434 0.142442 0.206961 0.065790 0.063374
2 2 0.094452 0.069247 0.708619 0.108375 0.019307
2 2 0.128574 0.075678 0.655904 0.117779 0.022065
2 2 0.096900 0.078081 0.681325 0.129796 0.013898
2 2 0.048324 0.067081 0.800441 0.075662 0.008491
2 2 0.072778 0.108028 0.732933 0.075141 0.011120
2 2 0.143199 0.111291 0.597669 0.127887 0.019954
2 2 0.089346 0.076947 0.713133 0.101266 0.019308
2 2 0.026326 0.029578 0.863666 0.073723 0.006708
2 2 0.022019 0.025429 0.873661 0.073656 0.005235
2 2 0.033374 0.043678 0.849854 0.064260 0.008834
2 2 0.027026 0.045756 0.872869 0.045494 0.008855
2 2 0.012912 0.032502 0.921733 0.027830 0.005024
2 2 0.017703 0.048646 0.906658 0.015492 0.011500
2 2 0.018148 0.049099 0.904225 0.017008 0.011520
2 2 0.011626 0.034254 0.929497 0.017543 0.007079
2 2 0.013433 0.028579 0.919951 0.032986 0.005051
2 2 0.013095 0.023996 0.918444 0.040144 0.004321
2 2 0.010087 0.017748 0.923033 0.046589 0.002544
2 2 0.009581 0.017329 0.926320 0.044246 0.002525
2 2 0.009832 0.019484 0.929376 0.038361 0.002947
2 2 0.018974 0.031195 0.899135 0.044023 0.006673
2 2 0.014960 0.028401 0.913766 0.037430 0.005443
2 2 0.013695 0.025335 0.915602 0.041082 0.004286
2 2 0.012270 0.025323 0.922719 0.035545 0.004143
2 2 0.015156 0.030453 0.912621 0.036502 0.005268
2 2 0.010500 0.022705 0.928214 0.035360 0.003220
2 2 0.006313 0.014681 0.942938 0.034437 0.001631
2 2 0.007365 0.014506 0.930399 0.046010 0.001721
2 2 0.006094 0.012074 0.939390 0.040982 0.001459
2 2 0.008695 0.015210 0.928190 0.045669 0.002236
2 2 0.007396 0.011663 0.906252 0.073010 0.001679
2 2 0.012410 0.015405 0.894820 0.075087 0.002278
2 2 0.010007 0.013200 0.867885 0.107041 0.001868
2 2 0.017917 0.019444 0.869359 0.090239 0.003040
2 2 0.020789 0.019795 0.837636 0.118989 0.002791
2 2 0.009177 0.013932 0.896056 0.079263 0.001572
2 2 0.010623 0.018346 0.617715 0.347798 0.005518
2 2 0.007111 0.013672 0.588558 0.386874 0.003785
2 2 0.007174 0.014189 0.541949 0.432276 0.004413
2 2 0.006379 0.013063 0.622340 0.354631 0.003586
2 3 0.003925 0.009318 0.522617 0.461544 0.002596
2 3 0.003530 0.008228 0.547884 0.438383 0.001975
3 3 0.005116 0.010404 0.453187 0.528319 0.002975
3 3 0.005528 0.010646 0.424086 0.556668 0.003072
3 3 0.005048 0.009699 0.361165 0.621171 0.002917
3 3 0.004908 0.010277 0.364325 0.616975 0.003515
3 3 0.007338 0.013783 0.349633 0.623803 0.005443
3 3 0.009397 0.015132 0.277179 0.691810 0.006483
3 3 0.020779 0.027064 0.392794 0.548041 0.011322
3 3 0.021650 0.026288 0.384066 0.557840 0.010156
3 3 0.030510 0.032085 0.448078 0.478179 0.011148
3 3 0.023584 0.024456 0.418051 0.526783 0.007126
3 3 0.021385 0.023359 0.320941 0.625915 0.008400
3 3 0.019668 0.019476 0.297526 0.657528 0.005802
3 3 0.007754 0.010456 0.168143 0.809609 0.004038
3 3 0.005865 0.007846 0.115742 0.867377 0.003170
3 3 0.126112 0.070505 0.296900 0.455664 0.050818
3 3 0.150209 0.071849 0.275019 0.451689 0.051233
3 3 0.065079 0.039283 0.265224 0.615086 0.015328
3 3 0.098685 0.050971 0.266516 0.559308 0.024521
3 3 0.104348 0.049747 0.265232 0.560836 0.019838
3 3 0.075338 0.039425 0.262706 0.607849 0.014681
3 3 0.037239 0.025700 0.257241 0.671674 0.008146
3 3 0.013012 0.012339 0.148691 0.821850 0.004108
3 3 0.004911 0.006433 0.093063 0.893031 0.002562
3 3 0.006907 0.008512 0.102988 0.877926 0.003666
3 3 0.007800 0.010219 0.133099 0.844411 0.004471
3 3 0.010464 0.011517 0.111223 0.861532 0.005264
3 3 0.025091 0.019954 0.133715 0.812558 0.008682
3 3 0.081902 0.044921 0.206321 0.646588 0.020268
3 3 0.088689 0.044300 0.261211 0.591413 0.014388
3 3 0.065438 0.036366 0.270223 0.617627 0.010345
3 3 0.110218 0.045429 0.211782 0.617165 0.015406
3 3 0.141830 0.058109 0.230306 0.545637 0.024118
3 3 0.041999 0.029478 0.205974 0.710721 0.011828
3 3 0.081107 0.051848 0.261561 0.574401 0.031082
2 3 0.251729 0.092360 0.459918 0.178969 0.017024
2 2 0.334553 0.158505 0.370040 0.114669 0.022232
0 2 0.408732 0.203247 0.277446 0.053788 0.056787
2 2 0.297756 0.232892 0.342810 0.026003 0.100538
2 2 0.050159 0.124499 0.703402 0.021716 0.100224
2 2 0.036212 0.137376 0.667991 0.019151 0.139270
2 4 0.078771 0.148356 0.678680 0.008207 0.085986
2 4 0.104946 0.204541 0.588593 0.005377 0.096544
2 4 0.119947 0.169171 0.623595 0.013463 0.073824
2 4 0.220729 0.103023 0.586342 0.041409 0.048496
0 4 0.489064 0.101497 0.295286 0.053316 0.060837
0 4 0.403463 0.118942 0.364467 0.047319 0.065810
0 4 0.421446 0.157436 0.316838 0.052455 0.051826
0 4 0.528898 0.179343 0.107788 0.005797 0.178173
0 4 0.495342 0.178284 0.077054 0.002297 0.247022
4 4 0.273589 0.169280 0.105656 0.002084 0.449392
4 4 0.378184 0.102318 0.047864 0.002162 0.469473
0 4 0.522758 0.071295 0.027555 0.000859 0.377532
0 4 0.600076 0.059539 0.023187 0.000812 0.316385
0 4 0.627861 0.066217 0.025744 0.000866 0.279311
4 4 0.244955 0.196095 0.071560 0.000711 0.486679
0 4 0.306948 0.224499 0.251858 0.004717 0.211977
2 4 0.231960 0.242906 0.407900 0.010860 0.106374
2 4 0.065971 0.092237 0.783955 0.033221 0.024615
2 4 0.254773 0.222632 0.427202 0.019403 0.075989
0 4 0.546397 0.171430 0.093711 0.002969 0.185494
0 4 0.594433 0.070626 0.023331 0.000463 0.311146
4 4 0.190114 0.103797 0.072329 0.001351 0.632409
4 4 0.346392 0.051921 0.021341 0.000826 0.579520
4 4 0.307556 0.038114 0.014520 0.000487 0.639323
4 4 0.463020 0.039001 0.012753 0.000294 0.484932
0 4 0.499437 0.044160 0.015443 0.000423 0.440537
0 4 0.634503 0.043325 0.014035 0.000320 0.307817
0 4 0.638252 0.046304 0.015775 0.000409 0.299261
0 4 0.641595 0.049535 0.017769 0.000525 0.290576
0 4 0.627351 0.062859 0.023580 0.000726 0.285484
0 4 0.639690 0.059772 0.023492 0.000852 0.276194
0 4 0.647987 0.058949 0.024228 0.001013 0.267823
0 4 0.642516 0.050552 0.018420 0.000567 0.287946
0 4 0.639120 0.047084 0.016246 0.000435 0.297115
0 4 0.572137 0.089206 0.030071 0.000576 0.308010
0 4 0.602848 0.074325 0.026654 0.000667 0.295506
0 4 0.585710 0.061978 0.020362 0.000417 0.331533
4 4 0.266781 0.087284 0.030907 0.000585 0.614443
4 4 0.218154 0.092053 0.035675 0.000825 0.653293
4 4 0.318943 0.097535 0.034275 0.000635 0.548613
4 4 0.289478 0.155626 0.071190 0.000663 0.483042
4 4 0.370994 0.142871 0.055669 0.000583 0.429883
0 4 0.451229 0.103244 0.038752 0.000929 0.405845
0 4 0.562631 0.083183 0.028720 0.000606 0.324859
0 4 0.562434 0.072906 0.026471 0.000685 0.337504
0 4 0.584255 0.048923 0.017685 0.000530 0.348607
0 4 0.540083 0.049997 0.018756 0.000616 0.390549
0 4 0.631956 0.041489 0.013011 0.000273 0.313271
0 4 0.600882 0.040812 0.012762 0.000265 0.345279
0 4 0.602852 0.038921 0.011732 0.000222 0.346273
0 4 0.549368 0.035803 0.010377 0.000177 0.404276
0 4 0.539297 0.041188 0.013339 0.000301 0.405875
0 4 0.548256 0.041051 0.013197 0.000293 0.397203
4 4 0.454377 0.041108 0.014080 0.000364 0.490070
0 4 0.509837 0.149047 0.054110 0.001033 0.285972
0 1 0.510290 0.140292 0.047489 0.000753 0.301177
4 4 0.168700 0.135193 0.061646 0.001812 0.632649
4 4 0.193279 0.075912 0.036520 0.001698 0.692591
4 4 0.227956 0.070825 0.033092 0.001511 0.666617
4 4 0.263364 0.044728 0.020187 0.001025 0.670697
4 4 0.225849 0.064864 0.025601 0.000722 0.682964
4 4 0.162342 0.089552 0.034230 0.000708 0.713167
4 4 0.210855 0.085325 0.030350 0.000552 0.672919
4 4 0.202224 0.114911 0.041267 0.000681 0.640916
4 4 0.248847 0.105212 0.040544 0.000906 0.604491
4 4 0.189599 0.133512 0.058395 0.001202 0.617292
4 4 0.422868 0.086287 0.031847 0.000767 0.458231
0 4 0.444308 0.086359 0.030743 0.000671 0.437920
0 4 0.515435 0.100481 0.039357 0.001114 0.343613
0 4 0.411365 0.115083 0.079525 0.002426 0.391602
4 4 0.410194 0.099524 0.037999 0.000954 0.451329
0 4 0.459547 0.099610 0.033435 0.000581 0.406827
4 4 0.296475 0.151099 0.047816 0.000533 0.504077
0 1 0.436892 0.157284 0.125972 0.002380 0.277473
4 1 0.304811 0.252144 0.131164 0.000579 0.311303
0 1 0.399327 0.186564 0.101629 0.000930 0.311551
0 1 0.441459 0.150509 0.070110 0.000612 0.337310
0 4 0.451683 0.131647 0.065397 0.000857 0.350416
4 4 0.316348 0.130998 0.072412 0.000951 0.479291
4 4 0.349816 0.132637 0.055723 0.000662 0.461162
0 4 0.432832 0.123859 0.037325 0.000424 0.405560
0 4 0.490985 0.138288 0.040577 0.000417 0.329734
0 4 0.490785 0.148764 0.046986 0.000585 0.312880
0 4 0.455580 0.180591 0.060108 0.000701 0.303019
0 4 0.445915 0.176639 0.055110 0.000492 0.321844
0 4 0.370480 0.192589 0.070845 0.000739 0.365347
4 4 0.272328 0.227907 0.109279 0.000924 0.389562
4 4 0.107712 0.219307 0.294477 0.001497 0.377008
4 4 0.123953 0.261645 0.260680 0.000942 0.352780
4 4 0.120838 0.254911 0.241801 0.001035 0.381415
4 4 0.126889 0.258773 0.235445 0.000908 0.377985
4 4 0.111282 0.238174 0.277671 0.000924 0.371949
4 4 0.142810 0.229301 0.232618 0.000818 0.394453
4 4 0.102801 0.209247 0.286326 0.001254 0.400373
4 4 0.318004 0.221083 0.089827 0.000404 0.370682
4 4 0.229393 0.244526 0.160554 0.000566 0.364961
4 4 0.262181 0.146886 0.064468 0.001036 0.525430
4 4 0.338881 0.107966 0.043678 0.000967 0.508508
4 4 0.325970 0.087332 0.042014 0.001764 0.542921
4 4 0.401362 0.065019 0.029076 0.001384 0.503159
0 4 0.473896 0.052044 0.020991 0.000824 0.452245
0 4 0.537033 0.041032 0.013266 0.000298 0.408370
0 4 0.622507 0.036007 0.010166 0.000163 0.331157
0 4 0.568074 0.041618 0.013389 0.000298 0.376621
0 4 0.631794 0.041381 0.012951 0.000270 0.313603
0 4 0.691672 0.044957 0.018339 0.000529 0.244503
0 4 0.748810 0.051228 0.030529 0.001494 0.167939
0 4 0.744919 0.058746 0.039391 0.002603 0.154340
0 4 0.729176 0.072020 0.057527 0.006030 0.135247
0 4 0.668284 0.075547 0.041762 0.003197 0.211210
0 4 0.566764 0.105561 0.039450 0.000964 0.287261
0 4 0.355212 0.228627 0.061561 0.000311 0.354289
4 4 0.272275 0.269738 0.114912 0.000398 0.342678
4 4 0.270929 0.294738 0.129291 0.000417 0.304625
4 4 0.297535 0.245314 0.122114 0.000614 0.334423
4 4 0.219878 0.247524 0.179239 0.000742 0.352617
4 4 0.188770 0.230235 0.211038 0.000848 0.369108
4 4 0.067988 0.190025 0.365756 0.002194 0.374037
4 4 0.061995 0.192570 0.357802 0.002378 0.385254
4 4 0.060410 0.190452 0.327946 0.002944 0.418247
4 4 0.064821 0.206957 0.325252 0.002987 0.399984
4 4 0.077486 0.203013 0.247752 0.003205 0.468543
4 2 0.059205 0.196076 0.352713 0.004944 0.387062
4 2 0.068343 0.196572 0.362278 0.003636 0.369172
2 2 0.056853 0.169183 0.476419 0.004861 0.292684
2 2 0.042655 0.149401 0.479289 0.007051 0.321605
4 2 0.042651 0.141951 0.398577 0.009709 0.407113
4 2 0.036340 0.128038 0.382189 0.014853 0.438581
4 2 0.044080 0.118369 0.292569 0.014002 0.530980
4 2 0.055320 0.105621 0.254740 0.011691 0.572628
4 2 0.050622 0.098061 0.238428 0.014425 0.598465
4 2 0.041489 0.111492 0.336923 0.015122 0.494973
2 2 0.040744 0.132791 0.443652 0.010303 0.372510
2 2 0.030724 0.129066 0.591897 0.006230 0.242083
2 2 0.040517 0.126449 0.690968 0.004952 0.137114
2 2 0.046038 0.127647 0.692545 0.004822 0.128948
2 2 0.035896 0.123510 0.708559 0.005072 0.126963
2 2 0.047388 0.132284 0.701784 0.004668 0.113877
2 2 0.038805 0.124248 0.745041 0.004736 0.087171
2 2 0.047121 0.114717 0.754502 0.006096 0.077563
2 2 0.043582 0.104506 0.767673 0.007554 0.076685
2 2 0.029940 0.080199 0.813904 0.011230 0.064726
2 2 0.023480 0.083150 0.807858 0.011366 0.074146
2 2 0.017575 0.076084 0.812052 0.008312 0.085977
2 2 0.009496 0.057874 0.863701 0.011152 0.057777
2 2 0.014243 0.066081 0.848760 0.007288 0.063628
2 2 0.009708 0.050475 0.885298 0.013983 0.040535
2 2 0.013712 0.058400 0.869433 0.012975 0.045481
2 2 0.029473 0.088288 0.786205 0.010279 0.085755
2 2 0.035535 0.095184 0.745381 0.010179 0.113722
2 2 0.037390 0.093723 0.752671 0.011489 0.104728
2 2 0.039328 0.094679 0.730699 0.012753 0.122541
2 1 0.138099 0.084916 0.684380 0.041758 0.050846
2 2 0.322009 0.108413 0.418483 0.099733 0.051362
2 2 0.259657 0.251382 0.346866 0.012372 0.129723
0 2 0.319893 0.261142 0.246422 0.010921 0.161622
2 2 0.208815 0.231938 0.412996 0.012308 0.133944
2 2 0.034982 0.088804 0.823166 0.006282 0.046766
2 2 0.020085 0.056533 0.890751 0.009181 0.023450
2 2 0.026101 0.059369 0.877033 0.011464 0.026032
2 2 0.021492 0.051059 0.893988 0.013676 0.019784
2 2 0.015162 0.044271 0.913531 0.013255 0.013782
2 2 0.031720 0.074886 0.850085 0.011667 0.031641
2 2 0.012085 0.042699 0.922039 0.011026 0.012152
2 2 0.032316 0.079411 0.842817 0.011033 0.034422
2 2 0.016620 0.050969 0.903148 0.016610 0.012653
2 2 0.011889 0.037703 0.925604 0.016476 0.008327
2 2 0.012343 0.037036 0.924488 0.018283 0.007850
2 2 0.007598 0.022553 0.946379 0.019427 0.004044
2 2 0.010776 0.032046 0.931937 0.018720 0.006520
2 2 0.008785 0.025002 0.941348 0.019974 0.004890
2 2 0.009935 0.024248 0.935997 0.025063 0.004757
2 2 0.011805 0.030188 0.927941 0.024405 0.005661
2 2 0.011972 0.029834 0.926790 0.026123 0.005281
2 2 0.006645 0.014803 0.944753 0.031598 0.002201
2 2 0.007450 0.014909 0.936456 0.039191 0.001995
2 2 0.007223 0.013953 0.934687 0.042386 0.001751
2 2 0.007678 0.013875 0.928505 0.048308 0.001633
2 2 0.011444 0.018438 0.914645 0.052789 0.002685
2 2 0.011226 0.016084 0.908964 0.061350 0.002376
2 2 0.012340 0.017063 0.901414 0.066799 0.002385
2 2 0.011876 0.013849 0.885239 0.087264 0.001772
2 2 0.010344 0.013246 0.894929 0.079949 0.001533
2 2 0.006987 0.008777 0.897169 0.086222 0.000845
2 2 0.006080 0.008093 0.906084 0.078971 0.000773
2 2 0.007400 0.009143 0.893185 0.089407 0.000865
2 2 0.009209 0.009818 0.866663 0.113427 0.000884
2 2 0.006386 0.007874 0.892631 0.092431 0.000678
2 2 0.006009 0.007675 0.898971 0.086668 0.000676
2 2 0.006285 0.008340 0.898720 0.085839 0.000816
2 2 0.005869 0.008024 0.888631 0.096687 0.000790
2 2 0.005799 0.008414 0.855586 0.129269 0.000932
2 2 0.009445 0.011032 0.885538 0.092802 0.001184
2 2 0.006942 0.008608 0.884089 0.099551 0.000811
2 2 0.013299 0.018816 0.843526 0.121495 0.002863
2 2 0.004108 0.007655 0.783078 0.204080 0.001079
2 2 0.003219 0.006021 0.786892 0.203164 0.000705
2 2 0.004235 0.007630 0.742564 0.244500 0.001072
2 2 0.005898 0.008945 0.762531 0.221459 0.001167
2 2 0.007119 0.010846 0.740049 0.240303 0.001684
2 2 0.013757 0.017218 0.693725 0.272045 0.003255
2 3 0.014854 0.018528 0.624415 0.338234 0.003969
2 3 0.017087 0.020775 0.667948 0.289666 0.004524
2 3 0.013254 0.017916 0.734308 0.230876 0.003646
2 3 0.007869 0.012882 0.758799 0.218026 0.002424
2 2 0.010081 0.014788 0.819193 0.153302 0.002636
2 2 0.007268 0.010868 0.852839 0.127505 0.001520
2 2 0.008990 0.012766 0.854776 0.121553 0.001915
2 2 0.008677 0.011819 0.836352 0.141534 0.001618
2 2 0.008324 0.011470 0.750092 0.228454 0.001660
