0 0 0.987670 0.001781 0.000231 0.000145 0.010173
0 0 0.993336 0.000786 0.000088 0.000060 0.005730
0 0 0.995118 0.000711 0.000122 0.000103 0.003946
0 0 0.991797 0.002258 0.000991 0.000519 0.004435
0 0 0.984340 0.005353 0.002422 0.000573 0.007312
0 0 0.953733 0.022500 0.007779 0.000170 0.015819
0 0 0.936093 0.033002 0.004553 0.000015 0.026337
0 0 0.927616 0.038052 0.007493 0.000044 0.026795
0 0 0.817485 0.109160 0.032263 0.000111 0.040980
0 0 0.880695 0.070238 0.026267 0.000085 0.022715
0 0 0.891150 0.065820 0.027508 0.000040 0.015483
0 0 0.918020 0.051502 0.006438 0.000003 0.024036
0 0 0.923537 0.042848 0.003851 0.000003 0.029762
0 0 0.908648 0.050957 0.005896 0.000008 0.034491
0 0 0.843251 0.093878 0.013854 0.000020 0.048997
0 0 0.792740 0.141894 0.029033 0.000011 0.036322
0 0 0.802458 0.140002 0.031696 0.000005 0.025838
0 0 0.794402 0.141556 0.037351 0.000010 0.026681
0 0 0.773923 0.152379 0.046059 0.000017 0.027623
0 0 0.770278 0.154004 0.045328 0.000021 0.030370
0 0 0.776339 0.105524 0.107500 0.000125 0.010512
0 0 0.733709 0.126418 0.124844 0.000251 0.014779
0 0 0.791324 0.113893 0.073993 0.000192 0.020599
0 0 0.774740 0.112566 0.088291 0.000644 0.023759
0 0 0.839484 0.090899 0.050916 0.000119 0.018582
0 0 0.912207 0.054174 0.016668 0.000025 0.016926
0 0 0.955648 0.027782 0.004133 0.000002 0.012434
0 0 0.937113 0.034663 0.003479 0.000003 0.024742
0 0 0.884555 0.068167 0.008330 0.000009 0.038940
0 0 0.798967 0.133815 0.027283 0.000017 0.039917
0 0 0.749563 0.168915 0.036981 0.000021 0.044520
0 0 0.686648 0.225039 0.044080 0.000008 0.044225
0 0 0.730532 0.189300 0.028806 0.000007 0.051355
0 0 0.770545 0.158192 0.016478 0.000003 0.054782
0 0 0.835443 0.107355 0.008957 0.000002 0.048243
0 0 0.868407 0.080648 0.007412 0.000003 0.043531
0 0 0.846248 0.099574 0.017035 0.000012 0.037130
0 0 0.823071 0.110237 0.008777 0.000003 0.057912
0 0 0.723851 0.188882 0.016309 0.000003 0.070956
0 0 0.733234 0.175174 0.032133 0.000027 0.059432
1 0 0.295679 0.505224 0.048981 0.000010 0.150107
1 1 0.242353 0.475815 0.085816 0.000116 0.195900
4 1 0.141485 0.358484 0.062801 0.000119 0.437111
1 1 0.138047 0.444240 0.116893 0.000096 0.300724
4 1 0.111967 0.374529 0.077898 0.000057 0.435549
4 1 0.192633 0.286693 0.051607 0.000075 0.468993
4 1 0.189008 0.160380 0.030317 0.000118 0.620177
4 1 0.194794 0.128912 0.027198 0.000133 0.648963
4 2 0.079015 0.164082 0.049922 0.000271 0.706710
4 2 0.046524 0.199338 0.089802 0.001090 0.663245
4 2 0.024213 0.148293 0.112143 0.002688 0.712663
4 2 0.032741 0.170370 0.132244 0.005673 0.658973
4 2 0.036689 0.215217 0.151098 0.000962 0.596034
4 1 0.116891 0.323649 0.215813 0.001839 0.341808
1 1 0.219276 0.311728 0.274460 0.003492 0.191043
0 1 0.440494 0.274135 0.135931 0.000598 0.148841
0 1 0.506875 0.284988 0.071871 0.000123 0.136143
0 1 0.470277 0.338674 0.062955 0.000036 0.128058
1 1 0.177817 0.401677 0.098260 0.000161 0.322085
1 1 0.164386 0.442895 0.135903 0.000366 0.256451
4 1 0.063495 0.274933 0.178537 0.003012 0.480024
2 2 0.041797 0.246606 0.430262 0.017920 0.263415
2 2 0.026582 0.192615 0.652210 0.023399 0.105193
2 2 0.007263 0.089615 0.834659 0.025320 0.043143
2 2 0.009488 0.111534 0.821199 0.010793 0.046987
2 2 0.008684 0.101544 0.793239 0.024174 0.072359
2 2 0.009622 0.092940 0.824931 0.036835 0.035672
2 1 0.024517 0.173484 0.711177 0.023563 0.067259
2 2 0.066368 0.321008 0.518795 0.005223 0.088607
2 2 0.078239 0.358496 0.445204 0.003133 0.114929
2 2 0.039328 0.264290 0.466248 0.006994 0.223140
2 2 0.052785 0.327287 0.402534 0.001832 0.215562
2 2 0.099214 0.308854 0.422810 0.002949 0.166173
2 0 0.180784 0.275189 0.402095 0.004841 0.137090
0 0 0.554931 0.201226 0.189812 0.003718 0.050312
0 0 0.553103 0.170294 0.227604 0.010647 0.038353
0 0 0.839108 0.064086 0.079559 0.002232 0.015015
0 0 0.876328 0.059742 0.044533 0.000777 0.018620
0 0 0.903523 0.056258 0.021736 0.000072 0.018412
0 0 0.892158 0.063919 0.023897 0.000066 0.019961
0 0 0.821885 0.095962 0.052900 0.000443 0.028810
0 0 0.848994 0.073281 0.049449 0.001268 0.027009
0 0 0.796873 0.095391 0.078268 0.001749 0.027719
0 0 0.699098 0.151866 0.124463 0.000461 0.024111
0 0 0.671593 0.162176 0.133416 0.001052 0.031763
0 0 0.745834 0.122994 0.109419 0.000595 0.021159
0 0 0.710170 0.139949 0.119012 0.001233 0.029637
0 0 0.703114 0.152095 0.115933 0.000596 0.028262
0 0 0.689449 0.142768 0.147517 0.000623 0.019644
0 0 0.649429 0.153514 0.176750 0.000807 0.019501
0 0 0.658705 0.154377 0.165751 0.000718 0.020449
0 0 0.714954 0.120120 0.146102 0.001116 0.017708
0 0 0.700855 0.156120 0.111317 0.000610 0.031098
0 0 0.651307 0.187324 0.105072 0.001224 0.055074
0 0 0.666489 0.163138 0.127497 0.002008 0.040868
0 0 0.861914 0.076464 0.032010 0.000260 0.029353
0 0 0.901854 0.055282 0.017616 0.000104 0.025145
0 0 0.895534 0.057619 0.026273 0.000180 0.020394
0 0 0.828557 0.086099 0.047368 0.001226 0.036750
0 0 0.770760 0.105591 0.070803 0.004446 0.048400
0 0 0.650359 0.185745 0.137255 0.000293 0.026348
0 0 0.676673 0.162016 0.131638 0.000734 0.028939
0 0 0.706954 0.164949 0.087739 0.000425 0.039933
0 0 0.737675 0.142140 0.083470 0.000578 0.036136
0 0 0.835656 0.096890 0.035172 0.000132 0.032151
0 0 0.816332 0.103600 0.048189 0.000277 0.031603
0 0 0.866014 0.082412 0.028619 0.000049 0.022906
0 0 0.796745 0.112883 0.063590 0.000267 0.026514
0 0 0.701063 0.138352 0.135978 0.001011 0.023597
0 0 0.743217 0.130713 0.095299 0.000810 0.029962
0 0 0.729871 0.140745 0.088107 0.001074 0.040204
0 0 0.719466 0.152647 0.081289 0.000782 0.045815
0 0 0.633372 0.224599 0.093663 0.000184 0.048182
0 0 0.602070 0.245451 0.114991 0.000104 0.037384
0 0 0.616709 0.226441 0.136876 0.000038 0.019936
0 0 0.702162 0.180021 0.098647 0.000034 0.019135
0 0 0.740180 0.159390 0.078498 0.000045 0.021888
0 0 0.739026 0.141650 0.100934 0.000121 0.018269
0 0 0.803542 0.108522 0.069199 0.000139 0.018599
0 0 0.765929 0.116583 0.103287 0.000163 0.014039
0 0 0.842126 0.064010 0.072186 0.003159 0.018519
0 0 0.813216 0.090553 0.069501 0.001146 0.025584
0 0 0.766199 0.115935 0.080290 0.001553 0.036023
0 0 0.827977 0.096047 0.045471 0.000293 0.030212
0 0 0.776941 0.120783 0.071095 0.000456 0.030725
0 0 0.805191 0.110686 0.058396 0.000191 0.025536
0 0 0.785202 0.118301 0.071532 0.000252 0.024713
0 0 0.799428 0.111817 0.068205 0.000152 0.020399
0 0 0.774126 0.127839 0.074779 0.000153 0.023103
0 0 0.544340 0.229282 0.201424 0.000315 0.024638
0 0 0.532205 0.253048 0.187720 0.000186 0.026842
0 0 0.489155 0.296464 0.189537 0.000062 0.024782
0 0 0.509555 0.302071 0.164298 0.000029 0.024047
0 0 0.438453 0.298350 0.243963 0.000067 0.019166
0 0 0.460504 0.291485 0.223517 0.000122 0.024372
0 0 0.399646 0.314901 0.263676 0.000104 0.021673
0 0 0.423291 0.327991 0.226696 0.000048 0.021974
0 0 0.422457 0.317401 0.237301 0.000077 0.022765
0 0 0.461131 0.321226 0.184565 0.000095 0.032983
0 0 0.415292 0.344037 0.208756 0.000094 0.031821
0 0 0.520883 0.358648 0.080737 0.000004 0.039727
0 0 0.452023 0.360301 0.160526 0.000015 0.027135
0 0 0.442165 0.327731 0.206239 0.000044 0.023822
0 0 0.568306 0.272448 0.128206 0.000047 0.030993
0 0 0.392963 0.324347 0.253821 0.000196 0.028672
0 0 0.396289 0.342479 0.232165 0.000107 0.028960
0 0 0.394133 0.321060 0.261666 0.000111 0.023029
0 0 0.564075 0.269958 0.139940 0.000038 0.025989
0 0 0.359673 0.290994 0.329067 0.000294 0.019972
2 0 0.346807 0.259502 0.372360 0.000966 0.020364
0 0 0.421805 0.238868 0.321797 0.000460 0.017069
0 0 0.441697 0.247647 0.290674 0.000400 0.019583
0 0 0.524833 0.232195 0.219111 0.000348 0.023513
0 0 0.498216 0.207005 0.269706 0.001492 0.023581
0 0 0.592881 0.188292 0.195770 0.000614 0.022443
0 0 0.565335 0.202907 0.204455 0.000836 0.026467
0 0 0.558605 0.237315 0.177952 0.000192 0.025936
0 0 0.671989 0.195640 0.101831 0.000115 0.030425
0 0 0.617471 0.216824 0.138998 0.000134 0.026574
0 0 0.566624 0.244138 0.160048 0.000160 0.029029
0 0 0.671064 0.179282 0.099176 0.000881 0.049598
0 0 0.574677 0.221358 0.159135 0.001077 0.043752
0 0 0.578910 0.213648 0.175477 0.000617 0.031347
0 0 0.492087 0.262363 0.212517 0.000474 0.032559
0 0 0.505218 0.247199 0.221610 0.000345 0.025628
0 0 0.421912 0.255628 0.303731 0.000325 0.018404
0 0 0.435891 0.257336 0.283197 0.000508 0.023068
0 0 0.520356 0.232870 0.213469 0.000913 0.032392
0 0 0.494392 0.231700 0.242105 0.001258 0.030546
0 0 0.520351 0.229886 0.222404 0.000603 0.026757
0 0 0.681707 0.181640 0.103307 0.000244 0.033103
0 0 0.635726 0.205332 0.126795 0.000236 0.031911
0 0 0.603054 0.208255 0.143456 0.001051 0.044184
0 0 0.408581 0.291399 0.259691 0.001106 0.039223
0 0 0.354957 0.332142 0.277723 0.000473 0.034705
0 0 0.443604 0.318539 0.200943 0.000199 0.036715
0 0 0.406271 0.343575 0.202539 0.000323 0.047291
0 0 0.495700 0.309390 0.132336 0.000281 0.062294
0 0 0.350510 0.329733 0.263214 0.001866 0.054677
2 0 0.179879 0.256630 0.536828 0.004661 0.022001
0 0 0.457077 0.354536 0.129299 0.000102 0.058986
0 0 0.468836 0.371971 0.086290 0.000035 0.072869
0 0 0.490853 0.364032 0.050604 0.000013 0.094498
0 0 0.572484 0.306547 0.036927 0.000007 0.084036
0 0 0.469282 0.384129 0.060435 0.000012 0.086142
1 1 0.373252 0.415821 0.090700 0.000039 0.120188
1 1 0.262810 0.457015 0.092680 0.000033 0.187463
1 1 0.201386 0.507749 0.110983 0.000061 0.179821
1 1 0.121515 0.465355 0.274684 0.000359 0.138087
1 1 0.076231 0.388298 0.371344 0.000975 0.163153
1 1 0.106493 0.381897 0.220842 0.000353 0.290416
1 1 0.107246 0.388439 0.228200 0.000682 0.275434
1 1 0.104001 0.396893 0.358182 0.002565 0.138358
4 1 0.088006 0.300600 0.198534 0.006478 0.406382
4 1 0.069982 0.277447 0.196755 0.003831 0.451985
4 1 0.049140 0.225069 0.148027 0.001673 0.576092
4 1 0.058262 0.214623 0.106656 0.000871 0.619587
4 2 0.069357 0.283089 0.193125 0.002759 0.451671
4 2 0.050361 0.210816 0.104897 0.002079 0.631848
4 2 0.057491 0.274609 0.285769 0.009091 0.373040
2 2 0.027637 0.207138 0.547014 0.016312 0.201900
2 2 0.015691 0.134520 0.706114 0.042827 0.100848
2 2 0.007138 0.078633 0.716101 0.102080 0.096048
2 2 0.002106 0.033504 0.838654 0.102083 0.023653
2 2 0.003406 0.046225 0.802838 0.109844 0.037687
2 2 0.002760 0.038491 0.830677 0.104564 0.023508
2 2 0.003192 0.047533 0.851459 0.066569 0.031248
2 2 0.005250 0.080790 0.781511 0.030184 0.102266
2 2 0.008324 0.106851 0.765346 0.018546 0.100933
2 2 0.006640 0.092804 0.790696 0.021936 0.087924
2 2 0.002760 0.045897 0.862225 0.055759 0.033359
2 2 0.001332 0.028193 0.921376 0.036261 0.012838
2 2 0.003789 0.047830 0.858130 0.070048 0.020202
2 2 0.004498 0.049802 0.851034 0.077768 0.016899
2 2 0.001856 0.025974 0.809767 0.149427 0.012976
2 2 0.001730 0.022126 0.820464 0.149051 0.006630
2 2 0.001838 0.027130 0.824123 0.132241 0.014667
2 2 0.002734 0.039001 0.835132 0.098682 0.024451
2 3 0.002731 0.035769 0.787377 0.149606 0.024516
2 3 0.002192 0.025983 0.781552 0.180187 0.010086
3 3 0.004688 0.007352 0.156120 0.827954 0.003885
3 3 0.008132 0.005405 0.085599 0.897209 0.003655
3 3 0.007019 0.003459 0.062395 0.924826 0.002301
3 3 0.008034 0.004297 0.069813 0.915023 0.002832
3 3 0.008206 0.004969 0.078511 0.905159 0.003155
3 3 0.008596 0.003523 0.055891 0.929437 0.002553
3 3 0.007350 0.002774 0.049558 0.938294 0.002024
3 3 0.005934 0.002437 0.050338 0.939608 0.001683
3 3 0.008410 0.002431 0.040300 0.946891 0.001968
3 3 0.006006 0.001428 0.030472 0.960911 0.001181
3 3 0.006073 0.001170 0.025120 0.966598 0.001039
3 3 0.004269 0.001115 0.030063 0.963696 0.000857
3 3 0.003409 0.000899 0.028379 0.966644 0.000669
3 3 0.006892 0.001307 0.025695 0.964921 0.001185
3 3 0.008882 0.001374 0.022870 0.965500 0.001375
3 3 0.008670 0.001788 0.029714 0.958205 0.001623
3 3 0.005079 0.001536 0.036267 0.955968 0.001150
3 3 0.008009 0.002037 0.035286 0.952959 0.001709
3 3 0.008549 0.002089 0.034650 0.952922 0.001790
3 3 0.007501 0.001487 0.027452 0.962217 0.001343
3 3 0.009485 0.002182 0.033767 0.952634 0.001932
3 3 0.012213 0.002103 0.027742 0.955828 0.002114
3 3 0.009460 0.001889 0.029580 0.957319 0.001752
3 3 0.010693 0.001514 0.022225 0.963972 0.001596
3 3 0.008474 0.001131 0.019641 0.969574 0.001181
3 3 0.006424 0.000870 0.018345 0.973487 0.000873
3 3 0.006435 0.000830 0.017537 0.974350 0.000847
3 3 0.008711 0.001042 0.017865 0.971250 0.001132
3 3 0.012559 0.001608 0.021203 0.962842 0.001789
3 3 0.010249 0.001229 0.018778 0.968384 0.001361
3 3 0.008463 0.001038 0.018133 0.971252 0.001114
3 3 0.006469 0.000646 0.013783 0.978385 0.000717
3 3 0.004115 0.000594 0.017064 0.977674 0.000552
3 3 0.003402 0.000553 0.018013 0.977549 0.000483
3 3 0.003659 0.000540 0.016818 0.978492 0.000491
3 3 0.006072 0.000825 0.018087 0.974196 0.000821
3 3 0.009166 0.000972 0.016192 0.972565 0.001106
3 3 0.007574 0.000781 0.014906 0.975863 0.000876
3 3 0.008323 0.001081 0.019049 0.970410 0.001137
3 3 0.006118 0.000831 0.018136 0.974086 0.000828
3 3 0.012307 0.002373 0.030902 0.952116 0.002302
3 3 0.015132 0.002518 0.028591 0.951128 0.002631
3 3 0.015271 0.002904 0.032449 0.946469 0.002908
3 3 0.013651 0.002404 0.029256 0.952256 0.002433
3 3 0.009357 0.001597 0.025469 0.962019 0.001557
3 3 0.006151 0.000985 0.021198 0.970735 0.000931
3 3 0.005201 0.000881 0.021261 0.971857 0.000800
3 3 0.005592 0.000674 0.015761 0.977283 0.000691
3 3 0.005189 0.000605 0.014952 0.978633 0.000621
3 3 0.005440 0.000649 0.015496 0.977749 0.000665
3 3 0.006717 0.000707 0.014653 0.977149 0.000775
3 3 0.008106 0.000718 0.013176 0.977146 0.000854
3 3 0.009528 0.000768 0.012637 0.976107 0.000961
3 3 0.008863 0.000615 0.010731 0.978991 0.000801
3 3 0.007260 0.000522 0.010466 0.981097 0.000656
3 3 0.008791 0.000619 0.010862 0.978926 0.000802
3 3 0.010394 0.000766 0.011913 0.975929 0.000998
3 3 0.012525 0.000713 0.009860 0.975868 0.001035
3 3 0.014282 0.000772 0.009760 0.974027 0.001160
3 3 0.013251 0.001242 0.016057 0.967909 0.001541
3 3 0.009911 0.001151 0.018051 0.969603 0.001283
3 3 0.009541 0.001098 0.017698 0.970440 0.001222
3 3 0.007743 0.000821 0.015392 0.975131 0.000914
3 3 0.010547 0.001090 0.016472 0.970618 0.001273
3 3 0.146825 0.024803 0.099870 0.706415 0.022088
0 3 0.442804 0.104956 0.334317 0.090924 0.026998
2 3 0.238171 0.157253 0.513236 0.063205 0.028134
2 2 0.095853 0.151703 0.685103 0.050403 0.016938
2 2 0.163166 0.367444 0.411254 0.006074 0.052064
1 2 0.141390 0.407006 0.396575 0.003110 0.051919
2 2 0.065355 0.253560 0.649918 0.009957 0.021210
2 2 0.007109 0.074232 0.881403 0.023607 0.013649
2 2 0.004709 0.058804 0.899141 0.024592 0.012754
2 2 0.004055 0.051713 0.903313 0.029530 0.011388
2 2 0.002422 0.038248 0.888226 0.054065 0.017040
2 2 0.001789 0.029763 0.910467 0.048530 0.009451
2 2 0.001937 0.035034 0.917349 0.032843 0.012836
2 2 0.001983 0.036757 0.929349 0.021238 0.010674
2 2 0.001589 0.032022 0.936318 0.020677 0.009395
2 2 0.001082 0.024989 0.941476 0.023939 0.008514
2 2 0.001147 0.024742 0.900737 0.058262 0.015111
2 2 0.001726 0.032392 0.902664 0.046973 0.016246
2 2 0.001410 0.031606 0.892150 0.048170 0.026666
2 2 0.004050 0.066415 0.826905 0.033613 0.069017
2 2 0.002549 0.052341 0.839304 0.035491 0.070315
2 2 0.002454 0.051621 0.827782 0.040318 0.077826
2 2 0.002447 0.050459 0.832122 0.044625 0.070347
2 2 0.002638 0.055989 0.819671 0.036049 0.085654
2 2 0.006665 0.095014 0.695277 0.039789 0.163255
2 2 0.008178 0.114857 0.617447 0.026658 0.232860
2 4 0.018064 0.175384 0.533958 0.017755 0.254839
2 4 0.022633 0.183119 0.495260 0.029223 0.269765
2 4 0.028740 0.199554 0.415571 0.027161 0.328974
4 4 0.021712 0.163802 0.328385 0.028858 0.457243
4 4 0.020143 0.160612 0.344838 0.028359 0.446048
4 4 0.015710 0.124348 0.237009 0.032462 0.590472
4 4 0.020377 0.135439 0.218875 0.037014 0.588295
4 4 0.026384 0.169243 0.241563 0.019823 0.542986
4 4 0.027056 0.188247 0.281242 0.012589 0.490866
4 4 0.034773 0.222749 0.288723 0.008031 0.445724
2 4 0.030237 0.205661 0.460357 0.030125 0.273620
2 4 0.016425 0.159473 0.587527 0.030565 0.206010
2 4 0.012820 0.144443 0.568941 0.026911 0.246885
2 4 0.007563 0.110487 0.656778 0.027193 0.197979
2 4 0.004205 0.077419 0.784652 0.026607 0.107117
2 4 0.002599 0.055000 0.841054 0.031744 0.069604
2 2 0.002711 0.055756 0.838228 0.033559 0.069745
2 2 0.003720 0.063673 0.820219 0.040457 0.071931
2 2 0.003469 0.058278 0.837650 0.045435 0.055168
2 2 0.005696 0.077809 0.800231 0.047124 0.069141
2 2 0.010152 0.122674 0.674658 0.033245 0.159271
2 4 0.009271 0.120873 0.618540 0.031276 0.220040
2 4 0.015700 0.158680 0.498580 0.023378 0.303662
2 4 0.008446 0.107936 0.661625 0.043759 0.178234
2 4 0.011430 0.131403 0.520035 0.030182 0.306949
4 4 0.015910 0.135995 0.233187 0.012602 0.602306
4 4 0.014791 0.114777 0.135809 0.006682 0.727942
4 4 0.022719 0.156781 0.192749 0.009181 0.618571
4 4 0.016327 0.119967 0.146022 0.009341 0.708344
4 4 0.012351 0.104763 0.130649 0.005829 0.746407
2 4 0.012573 0.118636 0.674371 0.067771 0.126649
2 4 0.004437 0.073672 0.755444 0.046809 0.119637
2 4 0.001664 0.042790 0.855222 0.033353 0.066971
2 4 0.001195 0.036724 0.871361 0.027251 0.063468
2 2 0.001162 0.033227 0.877348 0.037170 0.051094
2 2 0.001189 0.029179 0.868988 0.063237 0.037407
2 2 0.000865 0.022973 0.899170 0.054973 0.022019
2 2 0.000726 0.018821 0.927997 0.042683 0.009773
2 2 0.000842 0.021136 0.925105 0.041348 0.011569
2 2 0.001177 0.027768 0.918075 0.036041 0.016939
2 2 0.000732 0.022773 0.929065 0.028522 0.018909
2 2 0.000575 0.020958 0.945985 0.016929 0.015552
2 2 0.000631 0.021436 0.940479 0.021192 0.016262
2 2 0.000789 0.024989 0.949371 0.012470 0.012381
2 2 0.000619 0.018907 0.960704 0.013744 0.006026
2 2 0.000798 0.022571 0.956250 0.013176 0.007205
2 2 0.001150 0.028952 0.940673 0.017234 0.011991
2 2 0.001416 0.033258 0.912116 0.030380 0.022829
2 2 0.001490 0.033796 0.898555 0.039111 0.027048
2 2 0.001557 0.036629 0.911385 0.024951 0.025478
2 2 0.000794 0.019180 0.930418 0.041479 0.008128
2 2 0.001032 0.022172 0.914215 0.052339 0.010242
2 2 0.000715 0.015825 0.889700 0.085966 0.007794
2 2 0.000645 0.012989 0.866645 0.114786 0.004935
2 2 0.000968 0.017854 0.842932 0.128718 0.009529
2 2 0.001228 0.018418 0.838964 0.135427 0.005963
2 2 0.001429 0.019832 0.817763 0.154307 0.006669
2 2 0.001351 0.016254 0.755498 0.222537 0.004361
2 2 0.002270 0.025414 0.795314 0.169541 0.007460
2 2 0.002924 0.029311 0.779668 0.179741 0.008355
2 2 0.002646 0.026175 0.752259 0.211390 0.007530
2 2 0.001855 0.023014 0.777510 0.188597 0.009025
2 2 0.002122 0.024063 0.769533 0.196100 0.008183
2 2 0.002214 0.028295 0.771693 0.181898 0.015899
2 2 0.002669 0.029454 0.781620 0.175399 0.010858
2 2 0.002395 0.027246 0.744088 0.213493 0.012778
2 2 0.002733 0.028778 0.656697 0.292203 0.019589
2 2 0.002025 0.024363 0.633387 0.317970 0.022255
2 2 0.001170 0.017157 0.621550 0.341402 0.018721
2 2 0.000870 0.011926 0.540208 0.436363 0.010632
2 2 0.341045 0.083931 0.537711 0.029657 0.007656
0 2 0.667211 0.063207 0.255196 0.008536 0.005850
0 2 0.578483 0.079489 0.308253 0.023594 0.010181
2 2 0.180466 0.112026 0.661992 0.036011 0.009505
2 2 0.032806 0.057985 0.847297 0.058632 0.003280
2 2 0.025166 0.097271 0.842110 0.029525 0.005928
2 2 0.002595 0.033609 0.901695 0.055140 0.006960
2 2 0.002355 0.033749 0.799478 0.139163 0.025255
2 2 0.002240 0.029130 0.715272 0.228137 0.025220
2 2 0.002597 0.022185 0.533955 0.426299 0.014964
2 2 0.003492 0.028045 0.555599 0.392555 0.020308
3 2 0.006342 0.025925 0.438324 0.513925 0.015484
3 2 0.007890 0.020707 0.347419 0.612722 0.011262
2 2 0.003566 0.019645 0.535136 0.436880 0.004774
2 2 0.003044 0.016563 0.542535 0.435074 0.002784
3 3 0.008660 0.016578 0.294276 0.675319 0.005167
3 3 0.007825 0.009191 0.138262 0.840023 0.004700
3 3 0.011796 0.008654 0.102682 0.871449 0.005418
3 3 0.008642 0.004349 0.067444 0.916615 0.002951
3 3 0.009273 0.004401 0.065241 0.918014 0.003071
3 3 0.014588 0.003390 0.038572 0.940289 0.003161
3 3 0.010156 0.001655 0.024973 0.961562 0.001655
3 3 0.007833 0.001401 0.025255 0.964195 0.001316
3 3 0.007222 0.001137 0.021871 0.968669 0.001102
3 3 0.008166 0.001201 0.021281 0.968142 0.001209
3 3 0.009707 0.001765 0.027306 0.959528 0.001693
3 3 0.015150 0.002286 0.026098 0.953999 0.002467
3 3 0.015660 0.001640 0.018717 0.961979 0.002004
3 3 0.012660 0.001247 0.016611 0.967968 0.001514
3 3 0.009227 0.000764 0.012841 0.976225 0.000944
3 3 0.007269 0.000550 0.010978 0.980524 0.000679
3 3 0.005790 0.000515 0.011965 0.981143 0.000586
3 3 0.006784 0.000562 0.011721 0.980265 0.000668
3 3 0.005812 0.000540 0.012487 0.980554 0.000606
3 3 0.008335 0.000950 0.016848 0.972825 0.001043
3 3 0.012231 0.001425 0.019261 0.965453 0.001630
3 3 0.017138 0.002466 0.025871 0.951778 0.002746
3 3 0.011173 0.002233 0.031069 0.953411 0.002114
3 3 0.018837 0.002616 0.025706 0.949858 0.002982
3 3 0.025020 0.002231 0.018451 0.951251 0.003048
3 3 0.016176 0.002274 0.024899 0.954117 0.002533
3 3 0.009147 0.000721 0.012223 0.977006 0.000904
3 3 0.010819 0.000775 0.011740 0.975642 0.001024
3 3 0.009744 0.000928 0.014897 0.973330 0.001102
3 3 0.007750 0.001260 0.023016 0.966755 0.001219
3 3 0.007387 0.001272 0.023952 0.966189 0.001200
3 3 0.006502 0.000980 0.020353 0.971215 0.000951
3 3 0.010274 0.001479 0.022316 0.964387 0.001543
3 3 0.013424 0.001815 0.022752 0.960008 0.002000
3 3 0.012810 0.001825 0.023564 0.959836 0.001965
3 3 0.019256 0.002311 0.022569 0.953092 0.002772
3 3 0.012584 0.001201 0.016095 0.968647 0.001472
3 3 0.011565 0.000886 0.012756 0.973638 0.001155
3 3 0.007383 0.000539 0.010678 0.980725 0.000675
3 3 0.005393 0.000464 0.011337 0.982277 0.000529
3 3 0.005526 0.000512 0.012257 0.981134 0.000572
3 3 0.005828 0.000460 0.010713 0.982453 0.000545
3 3 0.012462 0.000894 0.012258 0.973184 0.001202
3 3 0.011324 0.001193 0.017129 0.968956 0.001397
3 3 0.013311 0.001516 0.019320 0.964087 0.001765
3 3 0.010963 0.001021 0.015105 0.971671 0.001240
3 3 0.013129 0.001106 0.014482 0.969863 0.001420
3 3 0.012119 0.000940 0.013088 0.972626 0.001228
3 3 0.008585 0.000696 0.012322 0.977540 0.000858
3 3 0.011860 0.000593 0.008581 0.978074 0.000893
3 3 0.008544 0.000364 0.006690 0.983847 0.000555
3 3 0.008345 0.000348 0.006504 0.984271 0.000532
3 3 0.010229 0.000583 0.009310 0.979052 0.000826
3 3 0.007142 0.000392 0.008067 0.983861 0.000537
3 3 0.007128 0.000671 0.013421 0.978011 0.000769
3 3 0.006373 0.000894 0.018917 0.972929 0.000886
3 3 0.010827 0.001857 0.026691 0.958784 0.001841
3 3 0.015801 0.002271 0.025250 0.954174 0.002504
3 3 0.012470 0.001812 0.023826 0.959961 0.001932
3 3 0.012969 0.002271 0.028682 0.953789 0.002289
3 3 0.013222 0.001728 0.021938 0.961191 0.001922
3 3 0.020169 0.002075 0.019795 0.955326 0.002634
3 3 0.015501 0.001345 0.015638 0.965769 0.001747
3 3 0.012113 0.001739 0.023356 0.960938 0.001854
3 3 0.014784 0.002411 0.030402 0.950069 0.002333
3 3 0.026880 0.003154 0.024271 0.941717 0.003978
3 3 0.014566 0.001069 0.013118 0.969791 0.001456
3 3 0.016760 0.001122 0.012527 0.967988 0.001603
3 3 0.055961 0.004867 0.022300 0.909418 0.007453
3 3 0.150923 0.022288 0.118322 0.695531 0.012936
3 3 0.227567 0.072971 0.273585 0.396161 0.029716
2 2 0.237373 0.165980 0.445747 0.111046 0.039854
1 2 0.265617 0.342669 0.294477 0.011487 0.085751
1 2 0.160098 0.394331 0.311561 0.007386 0.126624
2 2 0.017340 0.154465 0.522406 0.028271 0.277518
2 2 0.012446 0.127126 0.648431 0.035857 0.176140
2 2 0.005206 0.075549 0.782422 0.044602 0.092222
2 2 0.009314 0.117692 0.723085 0.018455 0.131454
2 2 0.006925 0.098686 0.816093 0.012368 0.065928
2 2 0.002735 0.053166 0.886666 0.021088 0.036345
2 2 0.002746 0.053483 0.896232 0.016835 0.030703
2 2 0.001364 0.034352 0.915340 0.024048 0.024896
2 2 0.001138 0.032839 0.907884 0.024264 0.033876
2 2 0.001279 0.034056 0.885484 0.036501 0.042679
2 2 0.001098 0.032683 0.870877 0.038190 0.057152
2 2 0.001234 0.038696 0.894068 0.016786 0.049216
2 2 0.001251 0.040812 0.879580 0.015965 0.062392
2 2 0.001684 0.046376 0.897273 0.012781 0.041886
2 2 0.001338 0.036956 0.926526 0.012570 0.022611
2 2 0.001296 0.035186 0.925604 0.015405 0.022509
2 2 0.001228 0.031779 0.930479 0.018769 0.017746
2 2 0.001409 0.032197 0.925603 0.024693 0.016098
2 2 0.001237 0.029626 0.916443 0.033222 0.019472
2 2 0.001651 0.033664 0.887685 0.051751 0.025249
2 2 0.001606 0.033357 0.897765 0.044631 0.022641
2 2 0.005045 0.067557 0.859457 0.033182 0.034759
2 2 0.010273 0.097719 0.813237 0.023479 0.055292
2 2 0.006802 0.086651 0.814724 0.029742 0.062081
2 2 0.004398 0.051653 0.863808 0.062373 0.017769
2 2 0.010907 0.088860 0.820971 0.055334 0.023928
2 2 0.012476 0.087861 0.811378 0.068678 0.019607
2 2 0.007433 0.076234 0.767920 0.089628 0.058785
2 2 0.006734 0.062651 0.705003 0.165412 0.060199
2 2 0.004806 0.050387 0.755476 0.156084 0.033246
2 2 0.005864 0.059862 0.724145 0.158506 0.051623
2 2 0.001374 0.035188 0.910495 0.024514 0.028429
2 2 0.000620 0.019720 0.950961 0.018888 0.009810
2 2 0.000448 0.014744 0.955368 0.023150 0.006290
2 2 0.000365 0.012246 0.961402 0.021947 0.004040
2 2 0.000324 0.010059 0.958327 0.028774 0.002516
2 2 0.000439 0.013917 0.959534 0.021521 0.004590
2 2 0.000597 0.016265 0.936379 0.039427 0.007332
2 2 0.000925 0.021369 0.911966 0.053869 0.011871
2 2 0.001128 0.025407 0.906825 0.050567 0.016073
2 2 0.000829 0.020314 0.925128 0.043523 0.010206
2 2 0.000871 0.022007 0.939922 0.027988 0.009212
2 2 0.000375 0.010474 0.958863 0.028272 0.002015
2 2 0.000268 0.007416 0.963101 0.028364 0.000851
2 2 0.000363 0.008699 0.963036 0.027105 0.000797
2 2 0.000551 0.010945 0.941986 0.045252 0.001266
2 2 0.000774 0.014202 0.912212 0.069976 0.002836
2 2 0.001345 0.018682 0.856712 0.118991 0.004270
2 2 0.001861 0.025448 0.837675 0.125641 0.009376
2 2 0.002423 0.032738 0.840744 0.108800 0.015295
2 2 0.001850 0.027796 0.803299 0.148165 0.018890
2 2 0.000708 0.020441 0.942947 0.025452 0.010452
2 2 0.000486 0.012837 0.914452 0.066189 0.006037
2 2 0.000508 0.011030 0.910309 0.075476 0.002678
2 2 0.000487 0.008918 0.867225 0.121773 0.001597
2 2 0.000745 0.011064 0.869255 0.117518 0.001418
2 2 0.001555 0.020320 0.832707 0.140113 0.005305
2 2 0.001008 0.015742 0.869673 0.109961 0.003617
2 2 0.000676 0.013790 0.925584 0.057003 0.002947
2 2 0.000499 0.012699 0.933325 0.049458 0.004020
2 2 0.000476 0.013417 0.943898 0.037402 0.004806
2 2 0.000333 0.011232 0.959603 0.025112 0.003720
2 2 0.000448 0.011276 0.924289 0.060494 0.003492
2 2 0.002600 0.031819 0.900828 0.059245 0.005509
2 2 0.004602 0.034927 0.818952 0.135123 0.006398
2 2 0.004922 0.031620 0.774531 0.183495 0.005432
2 2 0.005279 0.028440 0.760293 0.203064 0.002924
2 2 0.008413 0.037268 0.678243 0.270389 0.005688
2 2 0.013695 0.079081 0.766072 0.126598 0.014555
2 4 0.007997 0.069040 0.739344 0.143138 0.040481
2 4 0.010797 0.096144 0.783888 0.061149 0.048021
4 4 0.031151 0.215189 0.311884 0.008600 0.433176
4 4 0.034360 0.224654 0.283727 0.006532 0.450727
4 4 0.052010 0.275010 0.260888 0.004252 0.407840
4 4 0.058515 0.303276 0.247159 0.002123 0.388927
4 4 0.059572 0.328764 0.270192 0.001216 0.340255
1 4 0.091930 0.434581 0.278667 0.000313 0.194508
1 4 0.191418 0.458684 0.194691 0.000166 0.155040
1 4 0.225178 0.412787 0.160705 0.000237 0.201093
1 0 0.303543 0.414288 0.132756 0.000192 0.149221
1 1 0.296348 0.455671 0.091153 0.000097 0.156732
1 1 0.270851 0.496912 0.086809 0.000086 0.145341
1 2 0.157420 0.456057 0.112243 0.000105 0.274175
4 2 0.080929 0.332835 0.145648 0.000545 0.440043
2 2 0.050986 0.303686 0.325324 0.002433 0.317570
2 2 0.029344 0.232022 0.427666 0.006526 0.304443
2 4 0.015479 0.164937 0.502632 0.015039 0.301913
4 4 0.013563 0.143199 0.407784 0.017182 0.418272
4 4 0.014006 0.136383 0.303702 0.013239 0.532671
4 4 0.014204 0.119182 0.169307 0.008611 0.688696
4 4 0.011966 0.104346 0.091235 0.001187 0.791266
4 4 0.095644 0.023094 0.007866 0.000027 0.873369
4 4 0.081104 0.056122 0.012513 0.000014 0.850248
4 4 0.067862 0.115552 0.024676 0.000028 0.791882
4 4 0.049025 0.210675 0.056573 0.000141 0.683586
4 4 0.049882 0.211888 0.072598 0.000412 0.665220
4 4 0.033437 0.175610 0.065675 0.000259 0.725020
4 4 0.030803 0.168341 0.080958 0.000636 0.719262
4 4 0.024173 0.149449 0.080296 0.000620 0.745463
4 4 0.020495 0.137798 0.071462 0.000381 0.769865
4 4 0.016004 0.121575 0.070205 0.000365 0.791852
4 4 0.012887 0.108830 0.063256 0.000243 0.814784
4 4 0.023189 0.066621 0.050093 0.000638 0.859459
4 4 0.031524 0.045062 0.035591 0.000615 0.887208
4 4 0.030290 0.041906 0.035304 0.000690 0.891810
4 4 0.037909 0.040539 0.032428 0.000687 0.888437
4 4 0.056186 0.026361 0.022447 0.000758 0.894248
4 4 0.079397 0.023207 0.014837 0.000293 0.882267
4 4 0.065724 0.028712 0.015364 0.000150 0.890050
4 4 0.045323 0.032120 0.018661 0.000159 0.903737
4 4 0.047065 0.040718 0.019609 0.000108 0.892501
4 4 0.024225 0.147544 0.097560 0.001484 0.729186
4 4 0.045563 0.082259 0.034517 0.000169 0.837493
4 4 0.093235 0.080665 0.027358 0.000162 0.798580
4 4 0.143059 0.077458 0.022717 0.000147 0.756619
4 4 0.174471 0.088481 0.029989 0.000440 0.706618
4 4 0.129143 0.148453 0.045640 0.000455 0.676309
4 4 0.095252 0.207758 0.055009 0.000300 0.641680
4 4 0.037516 0.184863 0.068377 0.000311 0.708933
4 4 0.024959 0.145820 0.063637 0.000253 0.765330
4 4 0.023698 0.093633 0.068492 0.001007 0.813171
4 4 0.024882 0.089025 0.074506 0.001739 0.809849
4 4 0.023653 0.080216 0.083332 0.003481 0.809319
4 4 0.020126 0.068771 0.061764 0.001208 0.848132
4 4 0.025770 0.095219 0.056395 0.000466 0.822151
4 4 0.036886 0.128315 0.048493 0.000174 0.786132
4 4 0.044341 0.200738 0.069805 0.000342 0.684773
4 4 0.054292 0.220296 0.071337 0.000388 0.653687
4 4 0.100917 0.283547 0.098137 0.002034 0.515365
4 4 0.052764 0.212222 0.135697 0.006832 0.592485
4 4 0.047823 0.218690 0.188494 0.010663 0.534329
4 4 0.019324 0.139687 0.197844 0.014717 0.628428
4 4 0.018398 0.150147 0.265565 0.015853 0.550037
4 4 0.027525 0.184864 0.242155 0.009946 0.535510
4 4 0.036231 0.209203 0.223392 0.007998 0.523176
4 4 0.029186 0.191639 0.257226 0.011259 0.510690
4 4 0.019622 0.145712 0.221712 0.015672 0.597282
4 4 0.013879 0.111760 0.118463 0.003664 0.752234
4 4 0.013916 0.111979 0.116709 0.003425 0.753971
4 4 0.016401 0.122780 0.087193 0.000924 0.772702
4 4 0.013101 0.114075 0.128785 0.003092 0.740947
4 4 0.014032 0.115120 0.122537 0.003273 0.745037
4 4 0.019731 0.143982 0.161750 0.005555 0.668982
4 4 0.027437 0.206832 0.279947 0.004925 0.480858
2 4 0.021063 0.191275 0.428615 0.010440 0.348608
4 4 0.035113 0.228437 0.346587 0.011106 0.378756
4 4 0.050284 0.251931 0.265768 0.009971 0.422047
4 4 0.058349 0.231198 0.177140 0.012474 0.520839
4 4 0.030722 0.165290 0.131538 0.005523 0.666927
4 4 0.021748 0.139262 0.135698 0.006439 0.696853
4 4 0.022492 0.147098 0.133531 0.004060 0.692819
4 4 0.031449 0.197370 0.260150 0.012429 0.498602
2 4 0.017588 0.162964 0.425664 0.022427 0.371358
4 4 0.016029 0.157591 0.399923 0.017366 0.409091
2 4 0.013592 0.151771 0.486783 0.017916 0.329938
2 4 0.011182 0.144400 0.537577 0.013698 0.293144
2 2 0.007981 0.126992 0.583483 0.010988 0.270556
2 2 0.006750 0.123368 0.691790 0.005810 0.172282
2 2 0.006740 0.120794 0.700996 0.005197 0.166272
2 2 0.003117 0.074144 0.845958 0.005759 0.071022
2 2 0.002512 0.063920 0.874059 0.006115 0.053394
2 2 0.002045 0.054889 0.888156 0.008228 0.046682
2 2 0.002151 0.052099 0.907189 0.009035 0.029527
2 2 0.000927 0.033076 0.924017 0.010481 0.031499
2 2 0.000816 0.029596 0.939894 0.008670 0.021025
2 2 0.001400 0.043057 0.909289 0.007561 0.038692
2 2 0.001431 0.045750 0.901578 0.005977 0.045264
2 2 0.001940 0.054682 0.875063 0.007499 0.060816
2 2 0.003595 0.087129 0.776367 0.004766 0.128143
2 2 0.002847 0.072461 0.824453 0.006382 0.093856
2 2 0.002300 0.064834 0.842448 0.005806 0.084611
2 2 0.001084 0.036868 0.933411 0.005200 0.023437
2 2 0.000733 0.030441 0.943945 0.004140 0.020740
2 2 0.000599 0.026587 0.949126 0.004674 0.019014
2 2 0.000420 0.020753 0.958884 0.005394 0.014549
2 2 0.000440 0.021084 0.960635 0.005007 0.012834
2 2 0.000414 0.019793 0.963611 0.005102 0.011079
2 2 0.000701 0.026785 0.951088 0.006489 0.014936
2 2 0.000629 0.024020 0.958424 0.006123 0.010804
2 2 0.000407 0.019674 0.959974 0.006385 0.013559
2 2 0.000332 0.017439 0.962673 0.006538 0.013018
2 2 0.000289 0.016058 0.961716 0.007662 0.014274
2 2 0.000368 0.018928 0.955057 0.007948 0.017699
2 2 0.000372 0.018079 0.956928 0.009362 0.015259
2 2 0.000472 0.020882 0.949882 0.010461 0.018303
2 2 0.000837 0.029296 0.936392 0.010540 0.022934
2 2 0.001010 0.032643 0.941952 0.006838 0.017557
2 2 0.001177 0.036134 0.938202 0.005973 0.018514
2 2 0.000924 0.030618 0.946064 0.006813 0.015581
2 2 0.001286 0.034141 0.950469 0.005218 0.008886
2 2 0.014491 0.092951 0.863434 0.010225 0.018899
2 2 0.000872 0.030659 0.944048 0.006606 0.017815
2 2 0.000769 0.029769 0.945241 0.005167 0.019053
2 2 0.001192 0.039925 0.928359 0.004412 0.026112
2 2 0.001726 0.047769 0.922369 0.004327 0.023810
2 2 0.001142 0.034866 0.941974 0.006063 0.015954
2 2 0.002450 0.057751 0.900356 0.005943 0.033500
2 2 0.001687 0.043824 0.925102 0.007111 0.022277
2 2 0.001096 0.033530 0.937456 0.008611 0.019307
2 2 0.000817 0.027964 0.943026 0.010404 0.017789
2 2 0.000681 0.026099 0.948265 0.008052 0.016903
2 2 0.001004 0.035054 0.929597 0.007067 0.027278
2 2 0.000573 0.023541 0.956246 0.006412 0.013228
2 2 0.000580 0.024313 0.953172 0.006397 0.015539
2 2 0.000409 0.019178 0.961011 0.006950 0.012452
2 2 0.000295 0.015248 0.967979 0.007037 0.009441
2 2 0.000303 0.015616 0.967466 0.006842 0.009773
2 2 0.000373 0.018600 0.961168 0.006596 0.013263
2 2 0.000514 0.023001 0.950423 0.007572 0.018491
2 2 0.000544 0.022321 0.954335 0.008412 0.014388
2 2 0.000735 0.025823 0.948309 0.009965 0.015169
2 2 0.000678 0.016250 0.925736 0.050979 0.006358
2 2 0.000709 0.015833 0.901649 0.074845 0.006964
2 2 0.000746 0.015388 0.869799 0.106656 0.007410
2 2 0.000980 0.017276 0.820295 0.152095 0.009355
2 2 0.001189 0.017771 0.764929 0.206878 0.009233
2 2 0.002132 0.025646 0.668691 0.283128 0.020403
2 2 0.002374 0.023819 0.608779 0.350277 0.014751
2 2 0.002362 0.020104 0.491299 0.473839 0.012395
3 2 0.002856 0.022838 0.471859 0.478732 0.023716
3 3 0.002225 0.018645 0.466265 0.495321 0.017543
2 3 0.002395 0.023199 0.511383 0.431409 0.031613
2 3 0.001375 0.020817 0.590147 0.350509 0.037151
2 3 0.002190 0.029064 0.578616 0.331781 0.058349
3 3 0.003646 0.024243 0.443981 0.483386 0.044744
3 3 0.005504 0.018393 0.302362 0.657466 0.016275
3 3 0.006760 0.026339 0.348944 0.593307 0.024651
3 3 0.005419 0.026792 0.389654 0.557129 0.021007
3 3 0.005729 0.014241 0.242845 0.726618 0.010566
3 3 0.005780 0.016216 0.270526 0.690801 0.016678
3 3 0.003303 0.021212 0.426240 0.526416 0.022829
3 3 0.005459 0.010232 0.198925 0.769538 0.015847
3 3 0.007974 0.006357 0.102495 0.877061 0.006113
3 3 0.009216 0.005809 0.086497 0.892536 0.005943
3 3 0.010422 0.005793 0.078856 0.899960 0.004969
3 3 0.007065 0.005152 0.089998 0.894093 0.003691
3 3 0.009188 0.008605 0.121604 0.853409 0.007194
3 3 0.009776 0.007757 0.104594 0.873252 0.004622
3 3 0.007841 0.006702 0.105196 0.876472 0.003789
3 3 0.010269 0.006966 0.092359 0.886015 0.004391
3 3 0.013362 0.008264 0.091378 0.881435 0.005561
3 3 0.009216 0.014636 0.188505 0.777565 0.010078
3 3 0.008443 0.025209 0.310490 0.631188 0.024670
2 3 0.009350 0.047546 0.462251 0.415347 0.065507
2 3 0.017368 0.065091 0.444954 0.370539 0.102047
3 3 0.008799 0.037593 0.385072 0.518785 0.049751
3 3 0.014928 0.043007 0.348852 0.527092 0.066121
2 3 0.021243 0.072217 0.442403 0.319717 0.144421
2 2 0.014393 0.073863 0.486859 0.255729 0.169155
2 2 0.006781 0.047582 0.472458 0.370418 0.102761
2 2 0.006423 0.045526 0.482847 0.403904 0.061300
2 2 0.002451 0.045277 0.836175 0.064070 0.052026
2 2 0.001610 0.037807 0.837479 0.059661 0.063443
2 2 0.001666 0.043165 0.798171 0.048143 0.108855
2 2 0.005631 0.080307 0.803742 0.030598 0.079722
2 2 0.015932 0.152736 0.672021 0.017676 0.141636
2 2 0.031724 0.227337 0.553251 0.009500 0.178187
2 1 0.023757 0.201298 0.662330 0.007392 0.105224
2 2 0.024765 0.215516 0.502652 0.007650 0.249417
2 2 0.052280 0.291008 0.388877 0.006761 0.261074
2 2 0.021512 0.200873 0.503947 0.009149 0.264519
2 4 0.016750 0.168302 0.436149 0.013566 0.365233
4 4 0.027085 0.185504 0.272883 0.013334 0.501193
4 4 0.034395 0.178508 0.154050 0.008125 0.624921
4 4 0.024367 0.166538 0.203012 0.008472 0.597611
4 4 0.019591 0.141543 0.146228 0.004302 0.688336
4 4 0.017300 0.143947 0.153016 0.002287 0.683451
4 4 0.023421 0.161198 0.123182 0.001384 0.690816
4 4 0.026949 0.188461 0.166727 0.001814 0.616049
4 4 0.023644 0.189625 0.226531 0.002783 0.557417
4 4 0.015333 0.121118 0.098955 0.001271 0.763324
4 4 0.069542 0.266919 0.072040 0.000177 0.591322
1 4 0.082785 0.368835 0.197968 0.000565 0.349848
1 4 0.079818 0.377383 0.335806 0.001553 0.205440
2 4 0.027848 0.231340 0.508079 0.006683 0.226050
2 4 0.029730 0.236527 0.489144 0.006893 0.237706
2 4 0.040911 0.258553 0.393457 0.008243 0.298837
2 4 0.029977 0.214381 0.382259 0.013144 0.360239
4 4 0.019588 0.131729 0.142642 0.008196 0.697845
4 4 0.020178 0.135710 0.105504 0.002077 0.736531
4 4 0.016229 0.119954 0.055569 0.000142 0.808106
4 4 0.022825 0.116685 0.041406 0.000065 0.819019
4 4 0.029427 0.165128 0.052340 0.000099 0.753006
4 4 0.074638 0.254265 0.050161 0.000094 0.620842
4 4 0.102098 0.289100 0.051900 0.000126 0.556775
4 4 0.071807 0.249131 0.073176 0.000469 0.605417
4 4 0.068506 0.244774 0.059845 0.000194 0.626682
4 4 0.043024 0.197921 0.069828 0.000342 0.688886
4 4 0.038413 0.187835 0.046128 0.000058 0.727566
4 4 0.050140 0.163653 0.035871 0.000039 0.750297
4 4 0.067737 0.159295 0.030897 0.000032 0.742039
4 1 0.088125 0.266675 0.115250 0.003903 0.526047
4 2 0.047447 0.208121 0.168933 0.011483 0.564015
4 4 0.037550 0.181171 0.139365 0.007315 0.634598
4 4 0.045700 0.201587 0.105580 0.002104 0.645028
4 4 0.049454 0.210221 0.088585 0.000979 0.650761
4 4 0.043185 0.197308 0.090919 0.001076 0.667512
4 4 0.028067 0.160603 0.088345 0.000932 0.722053
4 4 0.018418 0.130374 0.081285 0.000671 0.769252
4 4 0.010194 0.068806 0.038802 0.000079 0.882120
4 4 0.012157 0.050989 0.032945 0.000107 0.903802
4 4 0.029087 0.043718 0.020986 0.000067 0.906142
4 4 0.075661 0.068083 0.026070 0.000159 0.830027
4 4 0.104254 0.039880 0.014486 0.000086 0.841293
4 4 0.233946 0.059087 0.014335 0.000091 0.692541
4 4 0.183784 0.133883 0.015249 0.000010 0.667074
4 4 0.096939 0.218978 0.029158 0.000019 0.654907
4 4 0.070735 0.260611 0.060704 0.000082 0.607868
4 4 0.070388 0.247775 0.056650 0.000154 0.625032
4 4 0.083516 0.331895 0.189368 0.001726 0.393494
4 4 0.030077 0.165885 0.093847 0.001213 0.708978
4 4 0.099664 0.030045 0.014496 0.000175 0.855619
4 4 0.123761 0.024188 0.013116 0.000277 0.838659
4 4 0.113461 0.035890 0.017174 0.000259 0.833215
4 4 0.113369 0.033133 0.012482 0.000086 0.840931
4 4 0.125454 0.046921 0.017084 0.000141 0.810399
4 4 0.080151 0.043884 0.012883 0.000029 0.863053
4 4 0.044757 0.047510 0.016476 0.000033 0.891225
4 4 0.039621 0.068682 0.020775 0.000028 0.870894
4 4 0.055968 0.069784 0.027017 0.000119 0.847112
4 4 0.125318 0.068134 0.020454 0.000111 0.785983
4 4 0.108579 0.080627 0.024293 0.000120 0.786381
4 4 0.044727 0.058475 0.017530 0.000024 0.879244
4 4 0.040714 0.068897 0.024829 0.000059 0.865501
4 4 0.045230 0.049329 0.017865 0.000042 0.887536
4 4 0.076137 0.064707 0.025772 0.000175 0.833210
4 4 0.046307 0.110927 0.043050 0.000200 0.799516
4 4 0.042581 0.064251 0.036993 0.000399 0.855777
4 4 0.042518 0.048287 0.026236 0.000203 0.882756
4 4 0.041645 0.043252 0.019245 0.000073 0.895785
4 4 0.058914 0.042479 0.016794 0.000066 0.881747
4 4 0.081289 0.263453 0.056278 0.000159 0.598821
4 4 0.100077 0.286382 0.060749 0.000245 0.552548
4 4 0.070733 0.303901 0.157937 0.001067 0.466361
4 4 0.057133 0.252030 0.136084 0.001628 0.553125
4 4 0.043424 0.197630 0.094092 0.001252 0.663603
4 4 0.023557 0.146931 0.098184 0.001492 0.729836
4 4 0.019828 0.134342 0.109737 0.002478 0.733616
4 4 0.015431 0.119018 0.087299 0.000937 0.777315
4 4 0.020130 0.136538 0.072701 0.000411 0.770219
4 1 0.037719 0.212862 0.127044 0.000939 0.621437
4 1 0.048363 0.213100 0.086446 0.000684 0.651408
4 4 0.067462 0.263303 0.125967 0.001709 0.541559
4 4 0.038363 0.201428 0.123214 0.001631 0.635363
4 4 0.034926 0.186886 0.117344 0.001842 0.659002
4 4 0.029306 0.208590 0.272336 0.005708 0.484060
4 4 0.024173 0.187319 0.284617 0.007894 0.495998
