0 0 0.937130 0.032864 0.006528 0.000044 0.023433
0 0 0.930968 0.040220 0.005571 0.000025 0.023216
0 0 0.952779 0.027350 0.003178 0.000008 0.016685
0 0 0.974718 0.011921 0.002111 0.000005 0.011244
0 0 0.982909 0.005222 0.002421 0.000015 0.009433
0 0 0.986403 0.003314 0.001777 0.000009 0.008496
0 0 0.981541 0.003751 0.003331 0.000043 0.011335
0 0 0.984230 0.003976 0.002674 0.000024 0.009096
0 0 0.980642 0.005889 0.001794 0.000006 0.011670
0 0 0.975246 0.008704 0.003456 0.000025 0.012570
0 0 0.959507 0.012785 0.007964 0.000159 0.019584
0 0 0.929367 0.029218 0.012108 0.000246 0.029061
0 0 0.925519 0.037720 0.009005 0.000093 0.027664
0 0 0.910745 0.047992 0.010180 0.000106 0.030977
0 0 0.911635 0.049756 0.008898 0.000072 0.029638
0 0 0.904969 0.052281 0.010529 0.000108 0.032113
0 0 0.913284 0.044306 0.010997 0.000138 0.031276
0 0 0.907308 0.048478 0.011483 0.000144 0.032587
0 0 0.914578 0.047150 0.008932 0.000076 0.029264
0 0 0.914436 0.049581 0.007816 0.000052 0.028115
0 0 0.870235 0.075685 0.014160 0.000178 0.039743
0 0 0.874558 0.073185 0.013467 0.000160 0.038631
0 0 0.884568 0.059894 0.015980 0.000291 0.039266
0 0 0.908001 0.053711 0.008515 0.000061 0.029713
0 0 0.923519 0.044604 0.006481 0.000034 0.025361
0 0 0.925416 0.043139 0.006400 0.000034 0.025011
0 0 0.941370 0.029921 0.006237 0.000043 0.022430
0 0 0.930811 0.031612 0.009968 0.000139 0.027471
0 0 0.929427 0.032548 0.010077 0.000140 0.027809
0 0 0.944585 0.026399 0.006679 0.000056 0.022282
0 0 0.953233 0.019754 0.006540 0.000067 0.020407
0 0 0.941946 0.025669 0.008236 0.000099 0.024051
0 0 0.942553 0.027078 0.007190 0.000067 0.023111
0 0 0.940861 0.026972 0.007992 0.000088 0.024086
0 0 0.956004 0.018604 0.005977 0.000056 0.019360
0 0 0.957610 0.016528 0.006458 0.000075 0.019329
0 0 0.959011 0.016496 0.005858 0.000058 0.018577
0 0 0.964717 0.012231 0.005735 0.000070 0.017247
0 0 0.966700 0.010609 0.006004 0.000088 0.016598
0 0 0.970397 0.009947 0.004760 0.000051 0.014846
0 0 0.955967 0.019937 0.005282 0.000038 0.018776
0 0 0.954625 0.020014 0.005799 0.000048 0.019514
0 0 0.954908 0.021923 0.004722 0.000026 0.018421
0 0 0.960495 0.018546 0.004183 0.000022 0.016754
0 0 0.957868 0.017341 0.005876 0.000056 0.018858
0 0 0.955912 0.018974 0.005814 0.000051 0.019249
0 0 0.955330 0.019875 0.005577 0.000044 0.019174
0 0 0.962605 0.015076 0.005117 0.000044 0.017159
0 0 0.964289 0.012141 0.005604 0.000065 0.017901
0 0 0.961719 0.017731 0.004105 0.000022 0.016423
0 0 0.967941 0.015939 0.002682 0.000008 0.013429
0 0 0.953665 0.025328 0.003673 0.000012 0.017321
0 0 0.932876 0.039096 0.005345 0.000023 0.022660
0 0 0.909339 0.052927 0.008332 0.000058 0.029344
0 0 0.870884 0.075310 0.014055 0.000175 0.039576
0 0 0.871555 0.074922 0.013947 0.000172 0.039404
0 0 0.844738 0.090504 0.019593 0.000289 0.044876
0 0 0.875193 0.072817 0.013366 0.000157 0.038467
0 0 0.876772 0.071903 0.013117 0.000151 0.038058
0 0 0.881898 0.068931 0.012317 0.000132 0.036723
0 0 0.955165 0.022890 0.003933 0.000016 0.017996
0 0 0.965770 0.014042 0.004370 0.000031 0.015787
0 0 0.951659 0.017172 0.006700 0.000076 0.024393
0 0 0.948947 0.022504 0.006886 0.000069 0.021594
0 0 0.934943 0.031329 0.008244 0.000085 0.025399
0 0 0.948580 0.020984 0.007923 0.000105 0.022409
0 0 0.946921 0.023112 0.007443 0.000083 0.022441
0 0 0.945341 0.029085 0.005070 0.000025 0.020479
0 0 0.945209 0.029575 0.004900 0.000023 0.020293
0 0 0.949408 0.024419 0.005687 0.000039 0.020448
0 0 0.952068 0.025114 0.004332 0.000019 0.018468
0 0 0.949831 0.025698 0.004906 0.000026 0.019539
0 0 0.938430 0.032533 0.006164 0.000039 0.022835
0 0 0.950570 0.025997 0.004493 0.000020 0.018920
0 0 0.949784 0.025043 0.005231 0.000031 0.019910
0 0 0.951100 0.021717 0.006383 0.000058 0.020742
0 0 0.951033 0.017112 0.009189 0.000183 0.022483
0 0 0.941631 0.023827 0.009469 0.000152 0.024921
0 0 0.935736 0.031854 0.007620 0.000068 0.024722
0 0 0.921360 0.038477 0.010479 0.000136 0.029547
0 0 0.866907 0.077607 0.014701 0.000192 0.040593
0 0 0.853751 0.085407 0.018360 0.000231 0.042251
0 0 0.757690 0.134069 0.060046 0.000500 0.047694
0 0 0.760533 0.132301 0.060017 0.000463 0.046686
0 0 0.748552 0.135017 0.072094 0.000402 0.043934
0 0 0.695976 0.151644 0.108872 0.000463 0.043045
0 0 0.635436 0.167311 0.154266 0.000562 0.042425
0 0 0.670736 0.156886 0.130374 0.000457 0.041547
0 0 0.710675 0.149159 0.094694 0.000501 0.044972
0 0 0.818048 0.104894 0.033667 0.000288 0.043104
0 0 0.820641 0.104133 0.028115 0.000364 0.046747
0 0 0.800202 0.115474 0.032451 0.000527 0.051346
0 0 0.725049 0.150903 0.069615 0.000815 0.053618
0 0 0.731089 0.143923 0.077464 0.000530 0.046995
0 0 0.717613 0.146596 0.090601 0.000479 0.044711
0 0 0.811100 0.108859 0.034481 0.000343 0.045218
0 0 0.750092 0.140821 0.053443 0.000791 0.054853
0 0 0.751926 0.141039 0.047953 0.000938 0.058144
0 0 0.733329 0.145792 0.069474 0.000665 0.050739
0 0 0.808979 0.110259 0.033571 0.000384 0.046807
0 0 0.908960 0.048874 0.010518 0.000114 0.031535
0 0 0.912112 0.048652 0.009242 0.000081 0.029913
0 0 0.906709 0.051465 0.010177 0.000100 0.031549
0 0 0.932453 0.035863 0.006984 0.000050 0.024650
0 0 0.921552 0.040309 0.009397 0.000098 0.028644
0 0 0.914329 0.048353 0.008446 0.000064 0.028808
0 0 0.926453 0.040853 0.007040 0.000046 0.025608
0 0 0.920687 0.041057 0.009387 0.000097 0.028772
0 0 0.921764 0.041397 0.008738 0.000080 0.028022
0 0 0.895263 0.061154 0.010313 0.000091 0.033179
0 0 0.871070 0.075202 0.014025 0.000174 0.039529
0 0 0.868331 0.076785 0.014468 0.000186 0.040230
0 0 0.877014 0.071762 0.013078 0.000150 0.037995
0 0 0.893768 0.062026 0.010531 0.000095 0.033580
0 0 0.882936 0.068328 0.012158 0.000129 0.036450
0 0 0.911513 0.047507 0.010090 0.000104 0.030785
0 0 0.940858 0.034389 0.004433 0.000016 0.020304
0 0 0.940028 0.034321 0.004756 0.000019 0.020876
0 0 0.936020 0.036495 0.005297 0.000024 0.022164
0 0 0.929445 0.041117 0.005753 0.000027 0.023658
0 0 0.896211 0.060601 0.010175 0.000088 0.032924
0 0 0.937107 0.036602 0.004855 0.000019 0.021418
0 0 0.944212 0.030105 0.005038 0.000024 0.020620
0 0 0.958408 0.019415 0.004569 0.000027 0.017581
0 0 0.957624 0.016263 0.006609 0.000081 0.019423
0 0 0.951947 0.015751 0.009660 0.000223 0.022418
0 0 0.960841 0.014186 0.006413 0.000083 0.018477
0 0 0.942259 0.023776 0.009202 0.000141 0.024622
0 0 0.930694 0.031796 0.009917 0.000136 0.027457
0 0 0.941952 0.031550 0.005246 0.000026 0.021226
0 0 0.955597 0.023716 0.003669 0.000013 0.017005
0 0 0.968794 0.014214 0.003131 0.000013 0.013848
0 0 0.976738 0.006898 0.003924 0.000041 0.012398
0 0 0.979927 0.006280 0.002974 0.000022 0.010797
0 0 0.978061 0.007304 0.003124 0.000022 0.011490
0 0 0.965445 0.014159 0.004439 0.000032 0.015924
0 0 0.958454 0.016824 0.005914 0.000059 0.018750
0 0 0.954255 0.019223 0.006391 0.000064 0.020067
0 0 0.955552 0.019012 0.005946 0.000054 0.019435
0 0 0.957771 0.019273 0.004891 0.000032 0.018033
0 0 0.901245 0.057662 0.009455 0.000076 0.031563
0 0 0.914345 0.049992 0.007662 0.000049 0.027952
0 0 0.908813 0.053235 0.008404 0.000059 0.029489
0 0 0.884030 0.067692 0.011990 0.000125 0.036163
0 0 0.887251 0.065934 0.011875 0.000110 0.034831
0 0 0.890434 0.064257 0.012035 0.000093 0.033181
0 0 0.890202 0.064103 0.011058 0.000105 0.034531
0 0 0.904812 0.055577 0.008954 0.000067 0.030589
0 0 0.911280 0.051790 0.008070 0.000054 0.028806
0 0 0.912179 0.051262 0.007950 0.000053 0.028556
0 0 0.885290 0.066960 0.011798 0.000121 0.035832
0 0 0.883838 0.067804 0.012019 0.000125 0.036214
0 0 0.875631 0.072563 0.013297 0.000155 0.038353
0 0 0.879883 0.070099 0.012630 0.000139 0.037249
0 0 0.822290 0.103277 0.024860 0.000420 0.049153
0 1 0.757618 0.134457 0.059088 0.000520 0.048316
0 1 0.692865 0.152390 0.111388 0.000463 0.042893
0 1 0.628358 0.170027 0.157962 0.000605 0.043047
0 1 0.668957 0.165457 0.117015 0.000715 0.047856
0 1 0.736787 0.142269 0.072801 0.000539 0.047604
0 2 0.746154 0.142915 0.054424 0.000841 0.055666
0 2 0.402974 0.212415 0.330804 0.003539 0.050269
2 2 0.289967 0.167394 0.494316 0.006842 0.041480
2 2 0.237374 0.133940 0.586699 0.007928 0.034059
2 2 0.173158 0.115572 0.678659 0.006838 0.025773
2 2 0.211992 0.109147 0.646539 0.005615 0.026706
2 2 0.265341 0.121139 0.578075 0.004753 0.030692
2 2 0.167146 0.097021 0.706800 0.006278 0.022755
2 2 0.150062 0.077726 0.742114 0.009112 0.020985
2 2 0.166284 0.081277 0.714989 0.012950 0.024499
2 1 0.287875 0.099180 0.566320 0.011272 0.035354
0 1 0.440721 0.134616 0.369485 0.006892 0.048286
0 0 0.707004 0.149654 0.085754 0.001282 0.056307
0 0 0.855248 0.084320 0.016648 0.000251 0.043532
0 0 0.849507 0.087731 0.018339 0.000269 0.044154
0 0 0.844499 0.090683 0.020051 0.000282 0.044485
0 0 0.843748 0.091050 0.019620 0.000298 0.045284
0 1 0.871323 0.075056 0.013984 0.000173 0.039464
0 1 0.867518 0.077254 0.014601 0.000190 0.040437
0 1 0.850757 0.086897 0.017420 0.000277 0.044649
0 1 0.804832 0.113025 0.029689 0.000535 0.051919
0 1 0.812975 0.104871 0.028477 0.000652 0.053025
0 2 0.682725 0.162423 0.091763 0.001798 0.061292
0 2 0.512042 0.198413 0.225627 0.003988 0.059931
2 2 0.149727 0.147515 0.663841 0.009708 0.029209
2 2 0.155184 0.128066 0.680449 0.009034 0.027266
2 2 0.087714 0.085172 0.790703 0.017170 0.019241
2 2 0.090804 0.081404 0.777542 0.028714 0.021536
2 2 0.051754 0.054659 0.821011 0.056854 0.015722
2 2 0.021836 0.031338 0.853327 0.084815 0.008683
2 2 0.016827 0.023768 0.879552 0.073369 0.006484
2 2 0.005339 0.006449 0.863686 0.122247 0.002279
2 2 0.007629 0.007324 0.891769 0.090605 0.002673
2 2 0.005447 0.006105 0.893694 0.092657 0.002097
2 2 0.015528 0.012031 0.880879 0.086848 0.004714
2 2 0.020145 0.015285 0.874663 0.083968 0.005938
2 2 0.023068 0.018581 0.869887 0.081559 0.006905
2 2 0.009675 0.012282 0.905505 0.068957 0.003581
2 3 0.007342 0.009686 0.890402 0.089587 0.002983
2 3 0.009719 0.011646 0.870725 0.104047 0.003862
2 3 0.109613 0.088664 0.658394 0.109349 0.033981
2 3 0.119570 0.069684 0.569532 0.203926 0.037289
2 3 0.208141 0.076747 0.485036 0.179167 0.050909
2 3 0.252974 0.079014 0.451155 0.160812 0.056045
0 3 0.606800 0.086686 0.195713 0.036649 0.074152
0 2 0.775388 0.100754 0.053562 0.003592 0.066704
0 2 0.800358 0.109817 0.030237 0.001004 0.058584
0 0 0.825070 0.095387 0.027483 0.000652 0.051408
0 0 0.798395 0.107423 0.032791 0.001265 0.060125
0 0 0.843874 0.090838 0.018625 0.000319 0.046343
0 0 0.859377 0.081947 0.015949 0.000229 0.042498
0 0 0.869788 0.075943 0.014232 0.000180 0.039857
0 0 0.875674 0.072406 0.013359 0.000158 0.038403
0 0 0.919822 0.046777 0.006949 0.000040 0.026412
0 0 0.901633 0.057436 0.009400 0.000075 0.031457
0 0 0.890207 0.064100 0.011057 0.000105 0.034530
0 0 0.875818 0.072455 0.013267 0.000155 0.038305
0 0 0.864092 0.079231 0.015163 0.000206 0.041308
0 0 0.866005 0.078185 0.015099 0.000192 0.040519
0 0 0.883404 0.068056 0.012086 0.000127 0.036328
0 0 0.734590 0.150773 0.049558 0.001331 0.063748
0 0 0.779951 0.126719 0.035644 0.000783 0.056902
0 0 0.754313 0.139961 0.046346 0.000943 0.058437
0 1 0.751322 0.140983 0.049860 0.000883 0.056952
0 1 0.715556 0.154827 0.074898 0.000858 0.053861
0 1 0.824465 0.102023 0.026911 0.000347 0.046254
0 1 0.826849 0.100698 0.026234 0.000335 0.045884
0 1 0.853418 0.085400 0.017112 0.000258 0.043812
0 1 0.833173 0.097170 0.023854 0.000317 0.045486
0 1 0.760919 0.134075 0.054109 0.000582 0.050315
0 1 0.627429 0.186076 0.130221 0.001302 0.054972
0 1 0.605983 0.198599 0.132934 0.001925 0.060559
0 1 0.735566 0.148778 0.056126 0.001021 0.058509
0 1 0.831601 0.097834 0.020840 0.000407 0.049317
0 1 0.872358 0.074458 0.013818 0.000169 0.039198
0 1 0.839008 0.093616 0.019493 0.000352 0.047529
0 1 0.866946 0.077585 0.014694 0.000192 0.040583
0 1 0.876395 0.072121 0.013176 0.000152 0.038156
0 1 0.869343 0.076201 0.014304 0.000182 0.039971
0 1 0.864203 0.079167 0.015145 0.000205 0.041280
0 1 0.870865 0.075321 0.014058 0.000175 0.039581
0 1 0.835727 0.095486 0.020086 0.000376 0.048324
0 1 0.832422 0.097368 0.020690 0.000401 0.049120
0 1 0.768419 0.133081 0.037473 0.000967 0.060059
0 1 0.506663 0.216351 0.211527 0.003706 0.061753
0 1 0.468715 0.199893 0.265360 0.005598 0.060434
0 2 0.386448 0.189702 0.356601 0.009628 0.057620
0 2 0.649887 0.166512 0.114533 0.003130 0.065938
0 0 0.783400 0.113876 0.044202 0.001185 0.057335
0 0 0.858443 0.082484 0.016107 0.000234 0.042733
0 0 0.849123 0.087834 0.017704 0.000286 0.045053
0 0 0.850358 0.085261 0.018524 0.000330 0.045526
0 0 0.887347 0.065764 0.011486 0.000114 0.035289
0 0 0.873750 0.073653 0.013595 0.000163 0.038839
0 0 0.850094 0.087277 0.017535 0.000281 0.044813
0 0 0.814654 0.107563 0.027254 0.000459 0.050070
0 0 0.797442 0.117077 0.032041 0.000582 0.052857
0 1 0.744645 0.142075 0.060250 0.000700 0.052330
0 1 0.671835 0.171631 0.100601 0.001080 0.054853
0 1 0.698231 0.160559 0.087572 0.000863 0.052775
2 2 0.080490 0.067450 0.828546 0.009210 0.014304
2 2 0.085185 0.069507 0.816738 0.012560 0.016010
2 2 0.034824 0.032575 0.903973 0.020617 0.008011
2 2 0.014257 0.017390 0.939243 0.025079 0.004031
2 2 0.013605 0.018316 0.939054 0.024991 0.004035
2 2 0.041519 0.033327 0.896297 0.020080 0.008776
2 2 0.031497 0.028655 0.896677 0.035071 0.008101
2 2 0.042660 0.046499 0.858805 0.039856 0.012180
2 2 0.045037 0.056906 0.854379 0.030703 0.012976
2 2 0.025751 0.038070 0.887911 0.039631 0.008636
2 2 0.027537 0.032834 0.914456 0.018204 0.006970
2 2 0.009443 0.014244 0.949762 0.023587 0.002964
2 2 0.010289 0.016818 0.943345 0.026129 0.003419
2 2 0.015099 0.019948 0.923321 0.036806 0.004825
2 2 0.035250 0.028597 0.841179 0.084472 0.010501
2 2 0.122436 0.068801 0.714233 0.066413 0.028117
2 2 0.143784 0.094744 0.664146 0.062137 0.035189
2 2 0.103245 0.112487 0.706923 0.047119 0.030226
2 2 0.092056 0.094622 0.743306 0.044223 0.025792
2 2 0.035671 0.045653 0.828587 0.077182 0.012907
2 2 0.027598 0.029191 0.815980 0.117049 0.010181
2 2 0.027003 0.024756 0.650432 0.285983 0.011827
3 3 0.014064 0.012716 0.466776 0.498867 0.007577
3 3 0.021151 0.019067 0.434106 0.514316 0.011361
2 3 0.072474 0.051005 0.478660 0.368123 0.029738
2 3 0.217098 0.141955 0.390027 0.179099 0.071821
0 3 0.277252 0.144458 0.275135 0.213245 0.089909
3 3 0.259578 0.140754 0.241874 0.265448 0.092346
3 3 0.109931 0.059585 0.206398 0.574259 0.049827
3 3 0.082852 0.041637 0.167113 0.668950 0.039447
3 3 0.110563 0.046333 0.152641 0.642493 0.047971
3 3 0.106291 0.046793 0.151794 0.647707 0.047414
3 3 0.096425 0.047492 0.149280 0.660917 0.045885
3 3 0.081037 0.038665 0.136106 0.704688 0.039504
3 3 0.073244 0.030822 0.125002 0.736252 0.034681
3 3 0.052713 0.021553 0.104209 0.795244 0.026282
3 3 0.071753 0.031393 0.125020 0.737190 0.034643
3 3 0.042928 0.020506 0.097475 0.815222 0.023869
3 3 0.023760 0.010900 0.068871 0.882169 0.014300
3 3 0.028019 0.011429 0.073115 0.871807 0.015629
3 3 0.106318 0.039443 0.145254 0.664610 0.044374
3 3 0.099922 0.027316 0.129884 0.705398 0.037480
3 3 0.270870 0.090264 0.196683 0.357371 0.084812
3 3 0.272333 0.103884 0.200663 0.333991 0.089129
3 3 0.257452 0.096388 0.198777 0.360266 0.087117
3 3 0.196989 0.077037 0.188263 0.465542 0.072169
3 3 0.158374 0.062612 0.175144 0.542022 0.061848
3 3 0.077359 0.027745 0.123011 0.737871 0.034015
3 3 0.173475 0.050567 0.169758 0.540810 0.065389
3 3 0.123755 0.032160 0.142008 0.658580 0.043497
3 3 0.199378 0.063194 0.182008 0.474241 0.081179
3 3 0.176045 0.058261 0.175833 0.519459 0.070402
3 3 0.102165 0.032991 0.137369 0.686745 0.040731
3 3 0.188418 0.051029 0.171224 0.528388 0.060941
0 3 0.370215 0.120769 0.194317 0.213723 0.100976
3 3 0.274919 0.101236 0.199837 0.329837 0.094171
0 3 0.323053 0.099374 0.195481 0.267991 0.114100
3 3 0.271513 0.068173 0.187810 0.376416 0.096089
3 3 0.211650 0.049230 0.172377 0.502248 0.064494
0 3 0.370522 0.083687 0.188612 0.267246 0.089932
3 3 0.207512 0.094293 0.196692 0.380156 0.121348
3 3 0.110631 0.040003 0.149705 0.638066 0.061595
3 3 0.066607 0.022446 0.113169 0.763213 0.034565
3 3 0.120584 0.045827 0.156410 0.618501 0.058678
3 3 0.082057 0.033589 0.133038 0.706451 0.044865
3 3 0.055905 0.023019 0.109248 0.778862 0.032966
3 3 0.029937 0.011161 0.074179 0.868164 0.016559
3 3 0.090043 0.033297 0.134936 0.698321 0.043404
3 3 0.064871 0.025371 0.116186 0.758454 0.035118
3 3 0.062972 0.027770 0.119298 0.749476 0.040484
3 3 0.045347 0.020654 0.102523 0.793347 0.038129
3 3 0.048348 0.015795 0.094808 0.813139 0.027909
3 3 0.139968 0.045575 0.161020 0.587478 0.065960
3 3 0.081107 0.024678 0.121603 0.734682 0.037930
3 3 0.103919 0.031154 0.136777 0.683368 0.044782
3 3 0.079378 0.024149 0.119072 0.744869 0.032532
3 3 0.111507 0.035294 0.142482 0.667420 0.043297
3 3 0.245335 0.068279 0.186870 0.425089 0.074427
3 3 0.132585 0.036532 0.148836 0.635089 0.046959
3 3 0.119386 0.036956 0.146246 0.652130 0.045282
3 3 0.281233 0.098930 0.199095 0.332241 0.088501
3 3 0.270842 0.099266 0.199462 0.342807 0.087624
3 3 0.220103 0.068000 0.185422 0.454821 0.071654
3 3 0.133402 0.035900 0.148336 0.635611 0.046752
3 3 0.120766 0.033351 0.142829 0.658643 0.044412
3 3 0.150306 0.042572 0.159639 0.586595 0.060887
3 3 0.109020 0.025806 0.130882 0.693962 0.040330
3 3 0.218013 0.049480 0.174084 0.482159 0.076264
3 3 0.243883 0.064820 0.185762 0.412816 0.092719
3 3 0.185599 0.055202 0.175417 0.507623 0.076159
3 3 0.210126 0.068849 0.185994 0.452118 0.082912
3 3 0.119642 0.037889 0.147677 0.646943 0.047848
3 3 0.205963 0.060034 0.179496 0.487636 0.066870
3 3 0.116907 0.037686 0.146374 0.653779 0.045254
3 3 0.130631 0.044981 0.157142 0.613091 0.054155
3 3 0.139790 0.049176 0.162740 0.590006 0.058289
3 3 0.120668 0.041387 0.150924 0.639504 0.047518
3 3 0.119994 0.039408 0.148863 0.645216 0.046520
3 3 0.069077 0.023589 0.114399 0.762481 0.030453
3 3 0.099271 0.037838 0.141592 0.678810 0.042489
3 3 0.246543 0.102043 0.200064 0.339960 0.111389
3 3 0.127274 0.056196 0.166227 0.583962 0.066341
3 3 0.090567 0.038853 0.141458 0.679241 0.049882
3 3 0.157501 0.061079 0.174635 0.540688 0.066096
3 3 0.071901 0.026358 0.119169 0.750220 0.032352
3 3 0.105301 0.033820 0.139185 0.680068 0.041626
3 3 0.070846 0.021601 0.112278 0.765565 0.029710
3 3 0.089397 0.029149 0.128954 0.715724 0.036775
3 3 0.116661 0.039062 0.147685 0.650740 0.045852
3 3 0.084082 0.027692 0.125371 0.727697 0.035157
3 3 0.154515 0.050783 0.166105 0.572071 0.056526
3 3 0.264814 0.104692 0.201038 0.340835 0.088620
0 3 0.323393 0.117080 0.199084 0.252180 0.108263
0 3 0.345604 0.137765 0.198619 0.213869 0.104144
3 3 0.255663 0.102683 0.200613 0.353152 0.087888
3 3 0.255023 0.091085 0.197010 0.373371 0.083512
3 3 0.224702 0.069350 0.186458 0.446807 0.072682
3 3 0.287390 0.092879 0.197149 0.335414 0.087168
0 0 0.489054 0.169422 0.156449 0.074136 0.110939
0 0 0.573367 0.140080 0.132987 0.050195 0.103370
2 1 0.017123 0.021679 0.806215 0.147558 0.007426
2 1 0.030178 0.037488 0.864914 0.057327 0.010093
2 1 0.015700 0.025550 0.897954 0.054740 0.006056
2 2 0.008088 0.017539 0.919336 0.051413 0.003624
2 2 0.008632 0.016749 0.933484 0.036678 0.004457
2 2 0.004662 0.011893 0.946633 0.030670 0.006142
2 2 0.006152 0.016617 0.939176 0.027741 0.010314
2 2 0.003299 0.008858 0.937124 0.044671 0.006048
2 2 0.002409 0.007306 0.935286 0.049252 0.005747
2 2 0.003028 0.011455 0.931592 0.040776 0.013150
2 2 0.002779 0.010546 0.942964 0.031745 0.011966
2 2 0.001797 0.005803 0.939847 0.048425 0.004128
2 2 0.001677 0.005572 0.948689 0.040230 0.003832
2 2 0.002831 0.010022 0.954957 0.022614 0.009576
2 2 0.006175 0.017344 0.953053 0.010083 0.013344
2 2 0.004489 0.011371 0.963575 0.012301 0.008264
2 2 0.003265 0.008982 0.968926 0.011683 0.007144
2 2 0.002731 0.009943 0.968446 0.007984 0.010896
2 2 0.002568 0.009488 0.968134 0.010644 0.009166
2 2 0.001798 0.007323 0.963715 0.020583 0.006580
2 2 0.000658 0.004850 0.969727 0.014966 0.009799
2 2 0.000501 0.003519 0.960272 0.028104 0.007604
2 2 0.000577 0.003355 0.949515 0.040835 0.005719
2 2 0.001184 0.005633 0.964607 0.016810 0.011766
2 2 0.001209 0.005595 0.965279 0.017846 0.010071
2 2 0.001413 0.006704 0.954262 0.026657 0.010964
2 2 0.001268 0.006193 0.937329 0.046797 0.008413
2 2 0.000476 0.003339 0.907058 0.085244 0.003884
2 2 0.000442 0.002978 0.911331 0.082277 0.002971
2 2 0.000149 0.000988 0.908604 0.089390 0.000869
2 2 0.000175 0.001133 0.936137 0.061640 0.000916
2 2 0.000376 0.001972 0.958986 0.036805 0.001861
2 2 0.000960 0.003919 0.967991 0.023673 0.003457
2 2 0.002787 0.007587 0.964223 0.019320 0.006082
2 2 0.001147 0.004488 0.951467 0.040075 0.002822
2 2 0.001942 0.005975 0.964509 0.023934 0.003639
2 2 0.001608 0.004844 0.967111 0.024000 0.002436
2 2 0.003567 0.008082 0.971227 0.013463 0.003661
2 2 0.007044 0.011895 0.965269 0.011125 0.004668
2 2 0.012947 0.015298 0.955470 0.010094 0.006191
2 2 0.001394 0.003943 0.963180 0.029768 0.001715
2 2 0.000749 0.002332 0.947657 0.048497 0.000765
2 2 0.000784 0.002535 0.969899 0.026200 0.000582
2 2 0.001954 0.005057 0.970522 0.021343 0.001124
2 2 0.003982 0.008386 0.955905 0.029836 0.001891
2 2 0.004242 0.008624 0.942533 0.042778 0.001822
2 2 0.010602 0.015404 0.928724 0.041569 0.003701
2 2 0.010573 0.019443 0.925373 0.040203 0.004408
2 2 0.008128 0.017112 0.908766 0.061919 0.004074
2 2 0.004116 0.008099 0.916205 0.069627 0.001953
2 2 0.002746 0.005892 0.915054 0.074900 0.001408
2 2 0.007120 0.012802 0.938138 0.038332 0.003608
2 2 0.003439 0.008604 0.920890 0.063657 0.003410
2 2 0.001952 0.006318 0.898903 0.090558 0.002269
2 2 0.001887 0.005012 0.867215 0.124112 0.001774
2 2 0.002239 0.005388 0.832369 0.158281 0.001722
2 2 0.007572 0.013557 0.866898 0.108190 0.003783
2 2 0.007027 0.013192 0.873850 0.102343 0.003587
2 2 0.006669 0.013292 0.907388 0.069541 0.003109
2 2 0.009504 0.018839 0.915903 0.050894 0.004860
0 2 0.753648 0.141289 0.036769 0.001423 0.066871
0 0 0.861491 0.063817 0.025657 0.000967 0.048069
0 0 0.814967 0.097404 0.034427 0.000829 0.052373
0 2 0.724513 0.126868 0.091817 0.001650 0.055152
2 2 0.318690 0.129598 0.499522 0.010179 0.042012
2 2 0.193366 0.116955 0.652420 0.008430 0.028829
2 2 0.082108 0.067645 0.826597 0.009190 0.014460
2 2 0.053244 0.046401 0.879434 0.010823 0.010098
2 2 0.045262 0.032119 0.895983 0.017873 0.008764
2 2 0.068323 0.039568 0.855492 0.023945 0.012673
2 2 0.121045 0.080510 0.747460 0.026617 0.024368
2 2 0.315575 0.161295 0.461984 0.012251 0.048896
2 2 0.162543 0.127090 0.666698 0.013291 0.030377
2 2 0.262635 0.156061 0.536405 0.006984 0.037915
2 2 0.071423 0.082743 0.820728 0.009967 0.015138
2 2 0.020411 0.035160 0.922969 0.015465 0.005996
2 2 0.004241 0.010620 0.942525 0.040629 0.001985
2 2 0.001100 0.003418 0.896781 0.097952 0.000748
2 2 0.003575 0.006861 0.902676 0.085117 0.001770
2 2 0.006884 0.008803 0.893075 0.088482 0.002756
2 2 0.080191 0.065986 0.816991 0.020003 0.016829
2 2 0.237276 0.100361 0.608347 0.018366 0.035650
0 2 0.488311 0.102693 0.337480 0.016430 0.055087
0 2 0.573984 0.120517 0.224345 0.014366 0.066788
0 0 0.499184 0.191518 0.226299 0.010634 0.072364
0 0 0.517807 0.195405 0.212048 0.006759 0.067980
0 2 0.443734 0.170703 0.319390 0.008321 0.057851
2 2 0.250053 0.129218 0.575462 0.009442 0.035824
2 2 0.287393 0.141255 0.521297 0.009439 0.040616
2 2 0.199827 0.122638 0.638387 0.008802 0.030346
0 2 0.423053 0.143646 0.373412 0.008654 0.051234
0 2 0.544687 0.180026 0.192782 0.009317 0.073187
0 0 0.653626 0.193955 0.061485 0.004665 0.086270
0 0 0.761802 0.136831 0.034959 0.001270 0.065137
0 0 0.818183 0.105439 0.023357 0.000522 0.052499
0 0 0.876101 0.063771 0.017960 0.000378 0.041789
0 0 0.819429 0.093595 0.029814 0.001084 0.056077
0 0 0.800879 0.115174 0.026745 0.000702 0.056501
0 0 0.820391 0.104191 0.022936 0.000501 0.051980
0 0 0.848652 0.088315 0.019261 0.000259 0.043513
0 0 0.842033 0.091890 0.018952 0.000332 0.046793
0 0 0.833946 0.096501 0.020411 0.000389 0.048753
0 0 0.838255 0.094046 0.019629 0.000358 0.047712
0 0 0.867112 0.077489 0.014667 0.000192 0.040541
0 0 0.874777 0.072685 0.013628 0.000166 0.038745
0 0 0.831854 0.097691 0.020794 0.000405 0.049256
0 0 0.842944 0.091370 0.018790 0.000326 0.046571
0 0 0.839312 0.093443 0.019439 0.000350 0.047456
0 0 0.845724 0.089780 0.018299 0.000308 0.045890
0 0 0.820164 0.104319 0.022979 0.000503 0.052033
0 0 0.840717 0.092641 0.019187 0.000341 0.047114
0 0 0.824997 0.101745 0.026373 0.000352 0.046533
0 0 0.815607 0.106868 0.029959 0.000382 0.047184
0 0 0.800197 0.114480 0.038709 0.000383 0.046231
0 1 0.784430 0.123299 0.041278 0.000534 0.050459
0 1 0.797483 0.117025 0.032438 0.000570 0.052484
0 1 0.785122 0.123837 0.035054 0.000702 0.055284
0 1 0.748600 0.142228 0.051416 0.000888 0.056868
0 1 0.753932 0.139153 0.051045 0.000789 0.055082
0 1 0.589808 0.204750 0.141544 0.002188 0.061710
0 1 0.598716 0.204969 0.129142 0.002441 0.064731
0 1 0.690044 0.174364 0.059469 0.002478 0.073645
0 1 0.696440 0.171905 0.050349 0.002916 0.078390
0 1 0.811713 0.109088 0.024605 0.000584 0.054009
0 0 0.807166 0.111646 0.025496 0.000632 0.055060
0 0 0.822254 0.103137 0.022583 0.000485 0.051541
0 0 0.829564 0.098992 0.021216 0.000423 0.049804
0 1 0.833068 0.097000 0.020571 0.000396 0.048964
0 1 0.848856 0.087987 0.017750 0.000288 0.045119
0 1 0.869537 0.076089 0.014272 0.000181 0.039922
0 0 0.864721 0.078868 0.015060 0.000203 0.041149
0 0 0.879296 0.070439 0.012721 0.000141 0.037402
0 0 0.877741 0.071341 0.012964 0.000147 0.037806
0 0 0.878384 0.070968 0.012863 0.000145 0.037639
0 0 0.879867 0.070108 0.012632 0.000139 0.037253
0 0 0.824579 0.101820 0.022145 0.000465 0.050991
0 0 0.831704 0.097776 0.020822 0.000406 0.049292
0 0 0.862102 0.080377 0.015493 0.000215 0.041812
0 0 0.786913 0.122521 0.037486 0.000596 0.052485
0 0 0.725500 0.149409 0.072814 0.000721 0.051556
0 0 0.773560 0.128102 0.048270 0.000527 0.049541
0 0 0.761323 0.133670 0.054615 0.000564 0.049829
0 0 0.711785 0.155429 0.079346 0.000811 0.052629
0 0 0.709332 0.155370 0.083200 0.000758 0.051340
0 0 0.746506 0.141176 0.059514 0.000686 0.052119
0 1 0.773326 0.129562 0.042657 0.000678 0.053778
0 1 0.718562 0.158228 0.058441 0.001396 0.063374
0 1 0.732274 0.150703 0.056231 0.001100 0.059693
0 1 0.663757 0.182901 0.085002 0.002005 0.066335
0 1 0.635422 0.199427 0.085347 0.003471 0.076333
0 0 0.685574 0.177577 0.053099 0.003300 0.080451
0 0 0.701303 0.168147 0.058652 0.002017 0.069881
0 0 0.754209 0.139970 0.046617 0.000935 0.058268
0 0 0.806548 0.111988 0.030790 0.000479 0.050195
0 0 0.836368 0.095123 0.019978 0.000371 0.048160
0 0 0.815374 0.107025 0.023896 0.000548 0.053156
0 0 0.778966 0.127376 0.031257 0.000990 0.061411
0 0 0.789801 0.121360 0.028995 0.000838 0.059005
0 0 0.798032 0.116767 0.027317 0.000735 0.057149
0 0 0.793883 0.119085 0.028159 0.000786 0.058088
0 0 0.755386 0.140341 0.036380 0.001389 0.066504
0 0 0.820672 0.104032 0.022883 0.000499 0.051914
0 0 0.775572 0.129253 0.031977 0.001041 0.062156
0 0 0.761394 0.137054 0.035049 0.001278 0.065225
0 0 0.725676 0.154662 0.055897 0.001298 0.062467
0 0 0.756726 0.139137 0.042842 0.001026 0.060269
0 0 0.644152 0.184443 0.111263 0.001487 0.058656
0 0 0.460856 0.214228 0.274966 0.001847 0.048103
2 0 0.312637 0.200053 0.444613 0.003017 0.039681
2 0 0.321326 0.186161 0.449298 0.003388 0.039827
2 0 0.252172 0.186929 0.512615 0.007223 0.041061
0 0 0.435297 0.239487 0.261855 0.004083 0.059278
0 0 0.554185 0.224863 0.146062 0.003949 0.070941
0 0 0.694055 0.172649 0.056043 0.002546 0.074707
0 0 0.771423 0.131542 0.032866 0.001107 0.063062
0 0 0.794475 0.109674 0.033563 0.001326 0.060961
0 0 0.809015 0.108089 0.026615 0.000724 0.055558
0 0 0.854463 0.084771 0.016782 0.000255 0.043728
0 0 0.848553 0.083224 0.020600 0.000444 0.047179
0 0 0.822462 0.103019 0.022544 0.000483 0.051492
0 0 0.902083 0.057173 0.009336 0.000074 0.031335
0 0 0.883129 0.068215 0.012128 0.000128 0.036400
0 0 0.839799 0.093165 0.019351 0.000347 0.047337
0 0 0.830730 0.098330 0.021001 0.000414 0.049525
0 0 0.797519 0.116852 0.034009 0.000525 0.051095
0 0 0.716764 0.152623 0.078514 0.000737 0.051362
0 0 0.708838 0.150742 0.093944 0.000539 0.045938
0 0 0.604318 0.184862 0.160897 0.000998 0.048925
0 0 0.734253 0.143849 0.072883 0.000575 0.048440
0 0 0.723155 0.151345 0.071596 0.000797 0.053107
0 0 0.786195 0.123330 0.033714 0.000728 0.056033
0 0 0.839128 0.093548 0.019472 0.000352 0.047501
0 0 0.808894 0.110675 0.025156 0.000613 0.054661
0 0 0.812741 0.108509 0.024406 0.000574 0.053770
0 1 0.729455 0.154383 0.042325 0.001956 0.071880
0 1 0.676876 0.179208 0.071688 0.002240 0.069988
0 1 0.601966 0.203823 0.127186 0.002396 0.064629
0 1 0.481102 0.229182 0.227720 0.003134 0.058862
0 1 0.374710 0.223563 0.352987 0.002648 0.046092
2 2 0.229359 0.185630 0.554976 0.001779 0.028256
2 2 0.016918 0.023786 0.950310 0.005392 0.003594
2 2 0.008003 0.013042 0.959431 0.017082 0.002441
2 2 0.009911 0.015293 0.953264 0.018560 0.002972
2 2 0.005523 0.010473 0.962136 0.019962 0.001906
2 2 0.007358 0.011640 0.962342 0.016457 0.002203
2 2 0.010472 0.011989 0.962238 0.012795 0.002505
2 2 0.025858 0.021417 0.935447 0.012226 0.005052
2 2 0.054260 0.045678 0.883190 0.007543 0.009330
2 2 0.067760 0.054900 0.858474 0.007507 0.011359
2 2 0.076680 0.062166 0.845252 0.004479 0.011423
2 2 0.059583 0.049927 0.876209 0.004987 0.009293
2 2 0.180876 0.080399 0.717950 0.002767 0.018007
2 2 0.126958 0.055910 0.796927 0.005527 0.014678
2 2 0.121813 0.070682 0.785630 0.005686 0.016190
2 2 0.071223 0.070644 0.843618 0.003463 0.011053
2 2 0.096455 0.084726 0.800497 0.003897 0.014426
2 2 0.102135 0.077108 0.797714 0.006914 0.016130
2 2 0.043843 0.038536 0.895278 0.013512 0.008830
2 2 0.048273 0.041557 0.888745 0.012068 0.009356
2 2 0.118773 0.076306 0.783770 0.005021 0.016130
2 2 0.006212 0.011222 0.967401 0.013265 0.001901
2 2 0.003903 0.006833 0.963747 0.024140 0.001378
2 2 0.002128 0.005244 0.962899 0.028784 0.000945
2 2 0.006279 0.011843 0.954795 0.024827 0.002257
2 2 0.004724 0.008936 0.951822 0.032683 0.001835
2 2 0.005164 0.011534 0.953071 0.028144 0.002087
2 2 0.006284 0.014602 0.949546 0.027029 0.002539
2 2 0.006512 0.013279 0.946360 0.031295 0.002555
2 2 0.005565 0.010920 0.926663 0.054399 0.002453
2 2 0.004585 0.008259 0.930104 0.055087 0.001965
2 2 0.003282 0.006653 0.908053 0.080361 0.001651
2 2 0.005013 0.007999 0.881836 0.102809 0.002343
2 2 0.007154 0.010696 0.876750 0.102215 0.003185
2 2 0.010790 0.014394 0.874859 0.095562 0.004396
2 2 0.024894 0.026606 0.899406 0.041832 0.007260
2 3 0.011672 0.017362 0.900817 0.065588 0.004560
2 3 0.014380 0.022197 0.913377 0.044860 0.005186
2 3 0.007680 0.014756 0.935137 0.039364 0.003064
2 3 0.007886 0.013342 0.922236 0.053360 0.003176
2 3 0.007751 0.012974 0.901617 0.074299 0.003359
2 3 0.019378 0.024084 0.774516 0.173382 0.008640
2 3 0.014664 0.016131 0.546116 0.415017 0.008073
3 3 0.022666 0.025000 0.455217 0.484073 0.013044
3 3 0.020046 0.021659 0.394444 0.551721 0.012130
3 3 0.013772 0.016169 0.456232 0.505379 0.008447
3 3 0.020873 0.018642 0.378301 0.570481 0.011703
3 3 0.038450 0.033577 0.403593 0.504481 0.019899
3 3 0.072186 0.045870 0.270002 0.577514 0.034429
3 3 0.073373 0.046262 0.282271 0.563705 0.034390
3 3 0.075015 0.034766 0.185547 0.670697 0.033975
3 3 0.134445 0.067444 0.302985 0.443678 0.051449
3 3 0.212329 0.099955 0.253572 0.358382 0.075762
3 3 0.110193 0.066259 0.275776 0.499413 0.048359
3 3 0.063151 0.036171 0.172955 0.695234 0.032491
3 3 0.052862 0.027894 0.162718 0.729545 0.026981
3 3 0.103634 0.042414 0.194022 0.617480 0.042450
3 3 0.117838 0.063398 0.227757 0.539571 0.051436
3 3 0.150782 0.076110 0.181498 0.526386 0.065225
3 3 0.176679 0.095017 0.193771 0.459610 0.074923
3 3 0.140900 0.076524 0.179795 0.539059 0.063722
3 3 0.047800 0.019750 0.099097 0.808984 0.024370
3 3 0.105479 0.040497 0.146013 0.663319 0.044692
3 3 0.173829 0.072118 0.183055 0.503633 0.067365
3 3 0.208334 0.092516 0.195825 0.424733 0.078592
3 3 0.233407 0.086668 0.194909 0.405252 0.079765
3 3 0.153749 0.061671 0.173731 0.550116 0.060732
3 3 0.230812 0.080868 0.192395 0.418392 0.077533
3 3 0.216823 0.083549 0.192805 0.430006 0.076818
3 3 0.206357 0.080442 0.190692 0.448003 0.074506
3 3 0.167085 0.082753 0.187387 0.492924 0.069851
3 3 0.117121 0.054814 0.161014 0.614708 0.052343
3 3 0.137050 0.076923 0.266919 0.462175 0.056933
2 2 0.194868 0.081713 0.363770 0.299851 0.059798
2 2 0.269485 0.101212 0.439871 0.127566 0.061866
2 2 0.277355 0.108308 0.451711 0.101381 0.061246
2 2 0.366734 0.141623 0.407321 0.025056 0.059266
2 2 0.208801 0.136511 0.598074 0.017994 0.038620
2 2 0.116002 0.107889 0.733096 0.017882 0.025132
2 2 0.035770 0.045142 0.883050 0.026046 0.009992
2 2 0.012768 0.019482 0.892384 0.070255 0.005111
2 2 0.035335 0.038005 0.882663 0.034255 0.009743
2 2 0.009773 0.015327 0.868377 0.102137 0.004385
2 2 0.040680 0.032891 0.844845 0.070069 0.011515
2 2 0.067369 0.044157 0.776412 0.093821 0.018242
2 2 0.079276 0.057992 0.791677 0.051508 0.019547
2 2 0.063058 0.068173 0.831335 0.021949 0.015486
2 2 0.096401 0.103017 0.769000 0.011396 0.020187
2 2 0.146853 0.114864 0.713148 0.004113 0.021022
2 2 0.040672 0.046603 0.889037 0.008461 0.015227
2 2 0.021383 0.030356 0.917345 0.016385 0.014531
2 2 0.020777 0.033153 0.905694 0.013533 0.026843
2 2 0.015295 0.033817 0.902036 0.009832 0.039021
2 2 0.019437 0.045299 0.886783 0.008378 0.040104
2 4 0.009254 0.038624 0.892361 0.005782 0.053979
2 4 0.007024 0.034452 0.904874 0.005828 0.047822
2 4 0.005954 0.026632 0.893316 0.006582 0.067516
2 4 0.004740 0.020787 0.915973 0.005990 0.052509
2 4 0.007471 0.026938 0.886969 0.004373 0.074249
2 4 0.009667 0.032191 0.877727 0.005140 0.075275
2 4 0.014896 0.044640 0.830572 0.004384 0.105508
0 4 0.399373 0.273765 0.170907 0.001327 0.154628
2 4 0.133889 0.212504 0.471943 0.001284 0.180380
2 4 0.072756 0.143132 0.497746 0.000717 0.285650
2 4 0.060443 0.084435 0.447334 0.000701 0.407087
4 4 0.103985 0.089457 0.207118 0.000900 0.598541
4 4 0.221954 0.089797 0.094811 0.000532 0.592907
4 4 0.219299 0.074843 0.074729 0.000518 0.630612
4 4 0.153454 0.096719 0.160580 0.001018 0.588229
4 4 0.144896 0.130104 0.314616 0.001656 0.408729
2 4 0.056444 0.109798 0.619887 0.002319 0.211552
2 4 0.030919 0.079901 0.735803 0.001354 0.152023
2 4 0.026358 0.070056 0.793335 0.000922 0.109329
2 4 0.024173 0.065427 0.772566 0.000649 0.137185
2 4 0.232801 0.110600 0.362129 0.000803 0.293668
0 4 0.509222 0.091574 0.060524 0.000656 0.338024
0 4 0.560073 0.110295 0.044162 0.000610 0.284860
0 4 0.699709 0.059318 0.028077 0.000347 0.212548
0 4 0.615630 0.041865 0.030878 0.000508 0.311119
0 4 0.742341 0.033138 0.017880 0.000249 0.206391
0 4 0.670150 0.043952 0.022059 0.000298 0.263541
4 4 0.371415 0.058035 0.024977 0.000223 0.545349
4 4 0.362830 0.095344 0.035405 0.000259 0.506161
4 4 0.285273 0.089887 0.043917 0.000152 0.580769
4 4 0.162729 0.102349 0.133881 0.000253 0.600788
4 4 0.128844 0.111927 0.149154 0.000290 0.609784
4 4 0.109721 0.118180 0.246777 0.000396 0.524926
4 4 0.089113 0.121100 0.359044 0.000553 0.430190
4 4 0.103295 0.128171 0.380474 0.000640 0.387419
2 4 0.106613 0.134662 0.439670 0.000743 0.318312
2 4 0.095764 0.135112 0.513221 0.000893 0.255010
2 4 0.094314 0.141952 0.559658 0.000800 0.203275
2 4 0.071305 0.120288 0.660892 0.000964 0.146551
2 4 0.058997 0.094963 0.722724 0.001757 0.121559
2 4 0.041184 0.078356 0.789005 0.001849 0.089606
2 4 0.046342 0.082061 0.735122 0.001773 0.134702
2 4 0.025634 0.067749 0.788652 0.001908 0.116057
2 4 0.027440 0.070005 0.795532 0.001825 0.105199
2 4 0.035826 0.073686 0.778026 0.001359 0.111103
2 4 0.030958 0.074222 0.821354 0.001214 0.072252
2 4 0.096045 0.125530 0.562961 0.000655 0.214808
4 4 0.365065 0.036726 0.021126 0.000128 0.576955
4 4 0.404407 0.058420 0.026787 0.000217 0.510169
4 4 0.261209 0.110382 0.095927 0.000418 0.532064
2 4 0.273328 0.168090 0.305686 0.000754 0.252141
2 4 0.085553 0.111803 0.689704 0.000897 0.112043
2 4 0.040492 0.090961 0.784510 0.000663 0.083374
2 4 0.064266 0.121368 0.654113 0.000378 0.159876
2 4 0.059041 0.116018 0.600375 0.000374 0.224193
4 4 0.138193 0.163453 0.346532 0.000498 0.351324
4 4 0.204826 0.154865 0.165285 0.000518 0.474506
4 4 0.270417 0.117380 0.111248 0.000548 0.500407
4 4 0.294177 0.103682 0.067449 0.000369 0.534323
4 4 0.204810 0.138321 0.210558 0.000748 0.445563
4 4 0.174014 0.159459 0.267299 0.000625 0.398603
2 4 0.130208 0.152644 0.456727 0.000847 0.259574
2 4 0.103611 0.144851 0.546680 0.001094 0.203764
2 4 0.081982 0.108623 0.619931 0.000923 0.188541
2 4 0.037164 0.068723 0.707636 0.001225 0.185253
2 4 0.048070 0.092968 0.534297 0.000773 0.323893
2 4 0.039331 0.084026 0.493940 0.000584 0.382119
2 4 0.002650 0.020560 0.946264 0.002533 0.027993
2 4 0.003279 0.022497 0.940045 0.002275 0.031904
2 4 0.001784 0.016795 0.951713 0.003062 0.026646
2 4 0.001241 0.012131 0.960104 0.004659 0.021865
2 4 0.001321 0.010878 0.963673 0.005491 0.018637
2 4 0.000987 0.008345 0.966470 0.008624 0.015573
2 4 0.001175 0.008232 0.970844 0.007170 0.012579
2 4 0.000849 0.006593 0.974094 0.007342 0.011121
2 2 0.000842 0.006488 0.975654 0.007284 0.009732
2 2 0.000457 0.004568 0.975026 0.013147 0.006801
2 2 0.000235 0.002820 0.966873 0.025284 0.004788
2 2 0.000249 0.002966 0.961505 0.030000 0.005280
2 2 0.000436 0.004784 0.966379 0.019443 0.008958
2 2 0.000770 0.005850 0.973692 0.012431 0.007256
2 2 0.000627 0.004985 0.976460 0.013484 0.004444
2 2 0.000783 0.005696 0.976623 0.011611 0.005286
2 2 0.000993 0.006071 0.973178 0.013466 0.006292
2 2 0.000951 0.005444 0.968675 0.017623 0.007307
2 2 0.000574 0.003701 0.967864 0.022756 0.005105
2 2 0.000348 0.003221 0.970720 0.020413 0.005297
2 2 0.004020 0.023180 0.949069 0.005760 0.017971
2 2 0.003021 0.019082 0.958069 0.007321 0.012507
2 2 0.003851 0.018035 0.959478 0.004736 0.013899
2 2 0.003248 0.014367 0.964041 0.005030 0.013315
2 2 0.001529 0.008707 0.975172 0.007675 0.006918
2 2 0.001793 0.008586 0.974162 0.008879 0.006580
2 2 0.000910 0.005636 0.968527 0.021404 0.003523
2 2 0.000748 0.005871 0.966921 0.022591 0.003870
2 2 0.000308 0.002962 0.960121 0.033750 0.002858
2 2 0.000197 0.002015 0.954380 0.041366 0.002042
2 2 0.000407 0.002969 0.973697 0.019890 0.003037
2 2 0.000347 0.002025 0.970944 0.024747 0.001937
2 2 0.000617 0.002767 0.975113 0.018734 0.002769
2 2 0.001394 0.004650 0.982333 0.008056 0.003566
2 2 0.001920 0.005083 0.981731 0.008361 0.002905
2 2 0.002690 0.006797 0.977930 0.008790 0.003794
2 2 0.001114 0.003812 0.974481 0.018459 0.002135
2 2 0.000764 0.003160 0.971992 0.022438 0.001647
2 2 0.000486 0.002433 0.975500 0.020475 0.001106
2 2 0.000604 0.002514 0.979831 0.016013 0.001038
2 2 0.002195 0.005053 0.967896 0.022686 0.002170
2 2 0.002343 0.005473 0.966686 0.023733 0.001764
2 2 0.001232 0.003342 0.962192 0.032194 0.001040
2 2 0.001753 0.004135 0.968880 0.024129 0.001102
2 2 0.011528 0.011313 0.965851 0.008950 0.002357
2 2 0.120298 0.058675 0.789221 0.013842 0.017964
2 2 0.168773 0.189594 0.588522 0.011286 0.041825
2 2 0.155434 0.246651 0.538086 0.011489 0.048340
2 2 0.096434 0.156500 0.714717 0.007696 0.024652
2 2 0.050185 0.066200 0.864891 0.007895 0.010828
2 2 0.009034 0.012959 0.967346 0.008457 0.002204
2 2 0.007215 0.009718 0.959761 0.021183 0.002123
2 2 0.016767 0.018090 0.940265 0.020627 0.004251
2 2 0.017151 0.020584 0.931106 0.026332 0.004827
2 2 0.014193 0.021516 0.940093 0.019975 0.004223
2 2 0.014852 0.023033 0.938812 0.018901 0.004402
2 2 0.015244 0.021063 0.945673 0.014024 0.003997
2 2 0.012538 0.016002 0.954153 0.014108 0.003199
2 2 0.012677 0.013271 0.952677 0.018253 0.003122
2 2 0.011000 0.012818 0.953180 0.020073 0.002929
2 2 0.017626 0.034993 0.890881 0.049248 0.007252
2 2 0.015750 0.029304 0.825153 0.121956 0.007836
2 2 0.007141 0.014854 0.833724 0.140267 0.004013
2 2 0.006854 0.012468 0.809893 0.166997 0.003788
2 2 0.004584 0.010211 0.836418 0.146043 0.002743
2 2 0.004898 0.008957 0.796661 0.186647 0.002837
2 3 0.008686 0.010884 0.768773 0.207436 0.004220
2 3 0.010184 0.012214 0.746518 0.226156 0.004927
2 3 0.013213 0.017357 0.695874 0.266648 0.006908
2 3 0.010084 0.013484 0.611678 0.358868 0.005886
2 3 0.027324 0.028421 0.569594 0.360996 0.013665
2 3 0.041273 0.038324 0.629611 0.273080 0.017711
2 3 0.040372 0.035681 0.623442 0.283387 0.017118
2 3 0.084388 0.060742 0.522155 0.300025 0.032689
2 3 0.131589 0.089518 0.393876 0.332896 0.052120
3 3 0.069674 0.054078 0.279404 0.560750 0.036094
