0 0 0.794018 0.122447 0.042115 0.002144 0.039276
0 0 0.880580 0.069213 0.021062 0.001311 0.027833
0 0 0.863725 0.071328 0.019517 0.001267 0.044162
0 0 0.857687 0.070064 0.016858 0.000949 0.054444
0 0 0.852311 0.063479 0.011012 0.000384 0.072814
0 0 0.820405 0.080998 0.019000 0.001084 0.078513
0 0 0.777263 0.075073 0.017890 0.001282 0.128493
0 0 0.557845 0.097573 0.028215 0.001439 0.314927
0 0 0.542784 0.075391 0.023694 0.001747 0.356385
0 0 0.561776 0.056619 0.018567 0.002110 0.360927
0 1 0.507171 0.072304 0.026814 0.002862 0.390849
0 1 0.581172 0.074833 0.021309 0.001393 0.321292
0 2 0.635375 0.108676 0.035338 0.003231 0.217379
0 2 0.701818 0.137644 0.043110 0.003219 0.114208
0 2 0.733587 0.136828 0.080034 0.012472 0.037080
0 2 0.729870 0.142258 0.095948 0.012371 0.019553
0 2 0.648428 0.183679 0.131520 0.014599 0.021774
0 2 0.508946 0.249253 0.198721 0.018881 0.024199
0 2 0.441909 0.274848 0.232037 0.021751 0.029456
2 2 0.271801 0.243168 0.432636 0.035044 0.017351
2 2 0.103129 0.157028 0.654451 0.077157 0.008235
0 2 0.386777 0.203789 0.332528 0.068146 0.008760
0 2 0.644047 0.180821 0.140798 0.016686 0.017647
0 2 0.740494 0.130271 0.099208 0.015530 0.014496
0 1 0.879995 0.062966 0.034826 0.006954 0.015259
0 1 0.904079 0.052522 0.029124 0.005053 0.009222
0 1 0.912390 0.051186 0.023864 0.002878 0.009682
0 1 0.903412 0.046990 0.038643 0.008195 0.002761
0 0 0.903568 0.040434 0.041500 0.012801 0.001698
0 0 0.931623 0.030334 0.029726 0.007399 0.000917
0 1 0.966574 0.016900 0.013635 0.002463 0.000428
0 1 0.985701 0.009202 0.004362 0.000384 0.000350
0 0 0.958863 0.026387 0.010537 0.000891 0.003323
0 0 0.856659 0.093880 0.028934 0.000946 0.019581
0 0 0.808280 0.120366 0.032235 0.000880 0.038239
0 0 0.829171 0.080479 0.013756 0.000349 0.076245
0 1 0.638204 0.072336 0.012788 0.000266 0.276406
4 1 0.288770 0.076822 0.027732 0.000853 0.605823
4 1 0.179222 0.088607 0.043500 0.001314 0.687358
4 2 0.103666 0.104482 0.070198 0.001960 0.719694
2 2 0.137129 0.250780 0.322573 0.011665 0.277853
2 2 0.035571 0.139614 0.730027 0.058665 0.036124
2 2 0.010388 0.085961 0.835968 0.052982 0.014702
2 2 0.009473 0.072078 0.847456 0.061300 0.009692
2 2 0.007349 0.061926 0.853236 0.069379 0.008111
2 2 0.001806 0.025682 0.875783 0.094443 0.002286
2 2 0.000995 0.015826 0.859103 0.123148 0.000929
2 2 0.000938 0.014771 0.851210 0.132288 0.000793
2 2 0.001013 0.012649 0.792271 0.193454 0.000613
2 2 0.000924 0.010330 0.750288 0.237965 0.000494
2 2 0.001073 0.007615 0.588185 0.402773 0.000353
2 2 0.000722 0.005220 0.533641 0.460240 0.000177
2 2 0.000889 0.005747 0.514930 0.478219 0.000215
3 2 0.001138 0.005729 0.444922 0.547973 0.000239
3 3 0.001353 0.006217 0.429500 0.562655 0.000276
3 3 0.001374 0.006168 0.415053 0.577160 0.000246
3 3 0.001114 0.006168 0.468096 0.524412 0.000211
3 3 0.004977 0.015192 0.487212 0.491719 0.000901
3 3 0.002874 0.009946 0.408766 0.577836 0.000578
3 3 0.002447 0.009799 0.446787 0.540431 0.000537
3 3 0.003183 0.008664 0.343586 0.643930 0.000638
3 3 0.001587 0.003122 0.187496 0.807617 0.000179
3 3 0.002771 0.006510 0.273128 0.717201 0.000391
3 3 0.002774 0.006373 0.268226 0.722231 0.000396
3 3 0.001688 0.004706 0.278709 0.714662 0.000236
3 3 0.001444 0.003757 0.247782 0.746825 0.000192
3 3 0.002006 0.005236 0.277274 0.715191 0.000293
3 3 0.002096 0.005757 0.293071 0.698775 0.000301
3 3 0.002327 0.007033 0.333437 0.656835 0.000367
3 3 0.001490 0.004467 0.281373 0.712487 0.000183
3 3 0.002919 0.006436 0.263381 0.726833 0.000431
3 3 0.002185 0.004122 0.200417 0.793013 0.000262
3 3 0.001769 0.003141 0.175502 0.819384 0.000204
3 3 0.002381 0.003361 0.147252 0.846770 0.000235
3 3 0.001937 0.002580 0.126377 0.868939 0.000168
3 3 0.004530 0.006457 0.190868 0.797561 0.000585
3 3 0.004516 0.006767 0.200646 0.787486 0.000586
3 3 0.003963 0.005955 0.191555 0.798040 0.000487
3 3 0.003027 0.004497 0.170413 0.821734 0.000329
3 3 0.001869 0.002632 0.135649 0.859670 0.000181
3 3 0.003782 0.003545 0.115339 0.876877 0.000456
3 3 0.003251 0.003512 0.129520 0.863299 0.000419
3 3 0.002115 0.002199 0.101755 0.893730 0.000202
3 3 0.002157 0.002340 0.108883 0.886398 0.000221
3 3 0.002270 0.001941 0.082768 0.912822 0.000200
3 3 0.005101 0.003558 0.088957 0.901869 0.000516
3 3 0.004914 0.003514 0.088089 0.903041 0.000442
3 3 0.004280 0.003265 0.089851 0.902230 0.000374
3 3 0.003901 0.004448 0.139363 0.851876 0.000412
3 3 0.004492 0.005382 0.154966 0.834659 0.000500
3 3 0.004409 0.005958 0.178419 0.810663 0.000552
3 3 0.002102 0.003567 0.175619 0.818476 0.000235
3 3 0.004743 0.009077 0.270237 0.715145 0.000798
3 3 0.002488 0.005308 0.238372 0.753509 0.000323
3 3 0.001973 0.003763 0.198002 0.796017 0.000246
3 3 0.001538 0.002570 0.154094 0.841642 0.000157
3 3 0.002847 0.003991 0.158070 0.834778 0.000314
3 3 0.003298 0.003433 0.117744 0.875209 0.000317
3 3 0.005033 0.004475 0.115452 0.874524 0.000517
3 3 0.006501 0.005598 0.122629 0.864560 0.000713
0 3 0.633880 0.139461 0.128874 0.059492 0.038293
0 2 0.706868 0.146453 0.093794 0.016360 0.036525
0 1 0.698345 0.158803 0.091976 0.011761 0.039115
0 2 0.817263 0.097257 0.037980 0.003934 0.043565
0 2 0.825125 0.085053 0.038474 0.006992 0.044357
0 1 0.862757 0.066650 0.032855 0.007655 0.030083
0 1 0.797641 0.100060 0.050083 0.009180 0.043036
0 1 0.718981 0.140647 0.073571 0.011304 0.055497
0 1 0.710059 0.139705 0.074185 0.013092 0.062958
0 2 0.594981 0.166459 0.123649 0.041937 0.072973
0 2 0.559937 0.173088 0.108226 0.026855 0.131894
2 2 0.220725 0.275219 0.358461 0.060815 0.084780
2 2 0.214338 0.298090 0.362183 0.048846 0.076543
2 2 0.089031 0.316800 0.413213 0.016692 0.164264
2 2 0.080925 0.310154 0.431477 0.015503 0.161942
2 2 0.103643 0.315827 0.427393 0.015319 0.137818
2 2 0.068177 0.244288 0.588242 0.027711 0.071582
2 2 0.024327 0.133390 0.750120 0.044333 0.047830
2 2 0.055957 0.170145 0.661497 0.046328 0.066073
2 2 0.034192 0.114578 0.724743 0.094954 0.031533
2 2 0.118935 0.266021 0.514773 0.039086 0.061185
2 2 0.121082 0.273218 0.503385 0.035829 0.066487
2 2 0.130552 0.296716 0.462062 0.025766 0.084905
2 2 0.074615 0.276508 0.524701 0.018280 0.105896
2 2 0.051098 0.212228 0.645879 0.033016 0.057778
2 2 0.027871 0.162268 0.731210 0.035869 0.042783
2 2 0.022075 0.146489 0.753439 0.039448 0.038548
2 2 0.011858 0.084206 0.814701 0.076645 0.012590
2 2 0.003632 0.044486 0.870061 0.076099 0.005723
2 2 0.004867 0.042903 0.838352 0.109997 0.003881
2 2 0.014920 0.078486 0.805667 0.082064 0.018864
2 2 0.029065 0.110204 0.744949 0.082441 0.033341
2 2 0.036854 0.133348 0.691131 0.055484 0.083184
2 2 0.015595 0.100019 0.774054 0.057852 0.052480
2 2 0.018222 0.094439 0.757501 0.087318 0.042519
2 2 0.017558 0.155438 0.706474 0.020392 0.100138
2 2 0.007244 0.082203 0.818604 0.059359 0.032590
2 2 0.003618 0.067354 0.866758 0.034971 0.027299
2 2 0.003576 0.062612 0.868077 0.039183 0.026551
2 2 0.003864 0.065147 0.865822 0.040089 0.025077
2 2 0.011550 0.074840 0.829456 0.075278 0.008875
2 2 0.004594 0.039540 0.844094 0.108547 0.003225
2 2 0.004497 0.028619 0.751629 0.212934 0.002320
2 2 0.003566 0.019993 0.649368 0.325341 0.001732
2 2 0.001912 0.015074 0.705555 0.276480 0.000980
2 2 0.000871 0.012105 0.809147 0.177336 0.000541
2 2 0.000808 0.011765 0.812206 0.174749 0.000472
2 2 0.000429 0.008188 0.838786 0.152313 0.000284
2 2 0.000414 0.008722 0.865944 0.124559 0.000361
2 2 0.000450 0.008740 0.849246 0.141232 0.000332
2 2 0.000504 0.009186 0.839498 0.150469 0.000343
2 2 0.001875 0.019854 0.808995 0.168340 0.000937
2 2 0.004257 0.036093 0.816187 0.140884 0.002579
2 2 0.003878 0.035470 0.810757 0.147117 0.002778
2 2 0.003376 0.033529 0.816737 0.143634 0.002724
2 2 0.001615 0.020837 0.837482 0.138746 0.001320
2 2 0.001163 0.019020 0.877061 0.101336 0.001419
2 2 0.000403 0.009703 0.898354 0.091011 0.000529
2 2 0.000472 0.010122 0.881364 0.107537 0.000504
2 2 0.000962 0.014807 0.846629 0.136823 0.000778
3 2 0.006591 0.015399 0.379439 0.596773 0.001798
3 2 0.004850 0.010272 0.309994 0.673863 0.001020
3 2 0.003793 0.009811 0.340949 0.644723 0.000724
3 2 0.002946 0.007725 0.319418 0.669387 0.000523
3 2 0.002109 0.007931 0.404841 0.584702 0.000416
3 2 0.001246 0.005767 0.420656 0.572089 0.000242
2 2 0.001076 0.007183 0.541833 0.449664 0.000245
2 2 0.002397 0.012053 0.523156 0.461861 0.000532
3 3 0.004264 0.012425 0.379790 0.602810 0.000711
3 3 0.004295 0.008619 0.260032 0.726521 0.000533
3 3 0.002252 0.004204 0.194208 0.799105 0.000231
3 3 0.002951 0.005325 0.208922 0.782455 0.000348
3 3 0.003660 0.004754 0.157390 0.833799 0.000397
3 3 0.012508 0.015254 0.261915 0.708582 0.001742
3 3 0.007485 0.008734 0.178776 0.804102 0.000902
3 3 0.009105 0.010862 0.210163 0.768574 0.001297
3 3 0.013979 0.011580 0.181541 0.791007 0.001893
3 3 0.023092 0.017551 0.224755 0.731158 0.003444
3 3 0.011906 0.010152 0.170269 0.805947 0.001727
3 3 0.012013 0.010149 0.166418 0.809856 0.001565
3 3 0.021642 0.016237 0.192160 0.766435 0.003526
3 3 0.009889 0.007855 0.133834 0.847089 0.001333
3 3 0.007484 0.006116 0.126617 0.858769 0.001013
3 3 0.008077 0.006070 0.120398 0.864282 0.001174
3 3 0.013823 0.008857 0.125979 0.848802 0.002539
3 3 0.005061 0.002739 0.068711 0.922919 0.000570
3 3 0.007534 0.004680 0.093621 0.893196 0.000970
3 3 0.004574 0.003386 0.092894 0.898652 0.000494
3 3 0.005598 0.005135 0.131241 0.857252 0.000775
3 3 0.004173 0.003970 0.122358 0.868964 0.000534
3 3 0.002759 0.002857 0.114293 0.879781 0.000311
3 3 0.007306 0.005392 0.113633 0.872643 0.001026
3 3 0.007552 0.004290 0.084254 0.902972 0.000932
3 3 0.009428 0.004861 0.082102 0.902398 0.001211
3 3 0.010771 0.004893 0.071903 0.911269 0.001164
3 3 0.012489 0.005834 0.077540 0.902804 0.001332
3 3 0.011842 0.007295 0.105071 0.874399 0.001393
3 3 0.005426 0.007611 0.196258 0.790038 0.000667
3 3 0.003330 0.005224 0.184216 0.806880 0.000350
3 3 0.003442 0.005852 0.204284 0.786034 0.000388
3 3 0.009926 0.009064 0.160016 0.819417 0.001577
3 3 0.011453 0.008472 0.132989 0.845352 0.001733
3 3 0.014198 0.008110 0.105086 0.870727 0.001880
3 3 0.012183 0.006184 0.087746 0.892311 0.001576
3 3 0.010175 0.006543 0.108208 0.873685 0.001389
3 3 0.005529 0.005767 0.152444 0.835417 0.000843
3 3 0.004104 0.005171 0.168073 0.822043 0.000608
3 3 0.003489 0.004870 0.175358 0.815798 0.000485
3 3 0.002942 0.003916 0.154894 0.837885 0.000364
3 3 0.003934 0.003852 0.119982 0.871800 0.000432
3 3 0.007406 0.005930 0.118756 0.867080 0.000829
3 3 0.007036 0.004732 0.095167 0.892343 0.000723
3 3 0.008869 0.006471 0.116763 0.866775 0.001122
3 3 0.013689 0.009983 0.136685 0.837688 0.001956
3 3 0.008761 0.006775 0.124656 0.858658 0.001151
3 3 0.009528 0.009282 0.168808 0.810872 0.001510
3 3 0.006669 0.006098 0.138047 0.848266 0.000921
3 3 0.008755 0.008575 0.164476 0.816849 0.001345
3 3 0.008000 0.006708 0.133015 0.851187 0.001091
3 3 0.012451 0.008913 0.132792 0.843889 0.001955
3 3 0.013597 0.011458 0.163279 0.809402 0.002264
3 3 0.007365 0.005498 0.112317 0.873910 0.000911
3 3 0.004863 0.004260 0.113851 0.876494 0.000531
3 3 0.003000 0.002624 0.092754 0.901360 0.000261
3 3 0.003681 0.003347 0.105495 0.887124 0.000353
3 3 0.001961 0.001761 0.082216 0.913898 0.000163
3 3 0.003663 0.002797 0.086689 0.906509 0.000343
3 3 0.003156 0.002256 0.074526 0.919805 0.000257
3 3 0.004335 0.003537 0.098222 0.893504 0.000401
3 3 0.005691 0.004901 0.123533 0.865376 0.000500
3 3 0.004130 0.003611 0.104838 0.887027 0.000394
3 3 0.004251 0.003752 0.106212 0.885392 0.000393
3 3 0.003373 0.002949 0.097467 0.895900 0.000311
3 3 0.007334 0.005863 0.117565 0.868503 0.000734
3 3 0.037002 0.021506 0.196505 0.742104 0.002883
3 2 0.052746 0.035398 0.258932 0.648277 0.004647
2 2 0.121437 0.087900 0.389571 0.388421 0.012671
2 2 0.273276 0.135105 0.344062 0.219681 0.027876
0 2 0.370103 0.184379 0.300317 0.102713 0.042487
0 2 0.452708 0.233037 0.213927 0.036913 0.063414
2 2 0.066492 0.213053 0.596562 0.072793 0.051100
2 2 0.134863 0.277329 0.475701 0.046479 0.065628
2 2 0.137087 0.286741 0.468032 0.034092 0.074048
2 2 0.118491 0.277153 0.495214 0.034281 0.074861
2 2 0.086277 0.286370 0.495251 0.023681 0.108420
2 2 0.047132 0.207760 0.638567 0.045971 0.060569
2 2 0.038315 0.181035 0.681499 0.052350 0.046801
2 2 0.017309 0.113284 0.788223 0.058679 0.022505
2 2 0.002551 0.036107 0.876442 0.080435 0.004465
2 4 0.003174 0.044981 0.872545 0.072728 0.006572
2 4 0.005734 0.074664 0.845075 0.058167 0.016360
2 4 0.014872 0.151946 0.690730 0.026089 0.116363
2 4 0.020319 0.179448 0.618996 0.016587 0.164650
2 4 0.015754 0.177457 0.614022 0.016150 0.176616
2 4 0.050861 0.281691 0.347299 0.005670 0.314480
4 4 0.062062 0.297945 0.267838 0.003805 0.368350
1 4 0.073675 0.331361 0.263887 0.004012 0.327065
4 4 0.107803 0.283388 0.204870 0.004264 0.399676
4 4 0.093433 0.283879 0.285942 0.007177 0.329570
2 4 0.089763 0.301656 0.309072 0.007469 0.292041
4 4 0.121808 0.292432 0.275020 0.011422 0.299318
4 4 0.105326 0.289228 0.226880 0.005935 0.372631
1 4 0.111612 0.339990 0.249324 0.005794 0.293281
1 4 0.119895 0.323324 0.254702 0.008526 0.293553
0 4 0.381944 0.306603 0.159309 0.010534 0.141610
0 4 0.459252 0.278652 0.148398 0.012717 0.100981
1 4 0.286334 0.358293 0.179206 0.006453 0.169713
1 4 0.275356 0.343969 0.249019 0.022132 0.109524
4 4 0.211805 0.300456 0.172495 0.005138 0.310106
4 4 0.264472 0.229405 0.105240 0.002698 0.398185
4 4 0.067771 0.080498 0.059156 0.001361 0.791214
4 4 0.111729 0.069623 0.049217 0.002500 0.766930
4 4 0.089727 0.051554 0.034412 0.001340 0.822967
4 4 0.095106 0.064140 0.034191 0.000620 0.805943
4 4 0.099984 0.076117 0.033173 0.000309 0.790416
4 4 0.182224 0.104735 0.033550 0.000254 0.679235
4 4 0.288908 0.189938 0.058085 0.000559 0.462509
4 4 0.200551 0.259168 0.098443 0.000801 0.441038
1 4 0.154816 0.361678 0.190997 0.002625 0.289884
4 4 0.246280 0.256903 0.103149 0.001457 0.392211
4 4 0.039079 0.060160 0.042202 0.000459 0.858100
4 4 0.030740 0.044705 0.028262 0.000202 0.896092
4 4 0.024057 0.051836 0.032098 0.000130 0.891880
4 4 0.024621 0.063517 0.036304 0.000101 0.875456
4 4 0.033650 0.081530 0.044219 0.000138 0.840464
4 4 0.035866 0.109860 0.080827 0.000544 0.772903
4 4 0.046874 0.114030 0.070805 0.000420 0.767871
4 4 0.051758 0.128319 0.070783 0.000313 0.748826
4 4 0.042883 0.175622 0.109084 0.000412 0.672000
4 4 0.037968 0.176503 0.102374 0.000259 0.682896
4 4 0.045991 0.159172 0.089224 0.000294 0.705319
4 4 0.039912 0.156004 0.090772 0.000273 0.713040
4 4 0.049271 0.162584 0.107413 0.000640 0.680092
4 4 0.036830 0.186460 0.175719 0.001829 0.599162
4 4 0.041602 0.252841 0.239443 0.002673 0.463441
2 2 0.026852 0.263798 0.423310 0.007702 0.278338
2 2 0.016910 0.223514 0.534338 0.010550 0.214689
2 2 0.010788 0.158370 0.714315 0.021850 0.094677
2 2 0.003768 0.084971 0.852980 0.022119 0.036162
2 2 0.001994 0.053900 0.902881 0.024222 0.017004
2 2 0.039202 0.222990 0.592768 0.051877 0.093164
2 2 0.020004 0.168037 0.698808 0.046927 0.066224
2 2 0.008918 0.120842 0.787978 0.033846 0.048416
2 2 0.005816 0.100331 0.825133 0.028365 0.040355
2 2 0.004647 0.088440 0.845577 0.027455 0.033880
2 2 0.003497 0.075345 0.867769 0.026147 0.027242
2 2 0.003826 0.075244 0.865907 0.029890 0.025133
2 2 0.002599 0.062792 0.888236 0.025492 0.020881
2 2 0.003824 0.069884 0.870731 0.035177 0.020383
2 2 0.004038 0.071044 0.867847 0.036669 0.020402
2 2 0.004148 0.065772 0.869062 0.044944 0.016074
2 2 0.001827 0.039636 0.909847 0.040912 0.007778
2 2 0.001119 0.029531 0.926675 0.037476 0.005199
2 2 0.000995 0.025979 0.927809 0.041181 0.004036
2 2 0.001207 0.030645 0.924081 0.038662 0.005405
2 2 0.001813 0.037756 0.908884 0.044697 0.006850
2 2 0.001205 0.031799 0.925248 0.035756 0.005992
2 2 0.001248 0.032356 0.924038 0.036253 0.006105
2 2 0.000805 0.024191 0.935740 0.035307 0.003957
2 2 0.000882 0.022931 0.928327 0.044687 0.003172
2 2 0.001229 0.028858 0.920613 0.044781 0.004519
2 2 0.000873 0.020604 0.919126 0.057108 0.002289
2 2 0.000910 0.020925 0.917056 0.058806 0.002302
2 2 0.004182 0.047184 0.855362 0.087068 0.006204
2 2 0.055538 0.171526 0.688705 0.059005 0.025226
2 2 0.109656 0.223483 0.571754 0.055915 0.039192
2 2 0.181599 0.263625 0.455401 0.048116 0.051259
2 1 0.247472 0.293464 0.352312 0.038816 0.067935
1 1 0.327679 0.328758 0.243520 0.019569 0.080474
2 2 0.229081 0.323548 0.327811 0.032985 0.086576
2 2 0.048705 0.227986 0.596202 0.045949 0.081158
2 2 0.041118 0.168932 0.634224 0.116747 0.038979
2 2 0.028354 0.141762 0.688800 0.110240 0.030844
2 2 0.013579 0.095184 0.772387 0.101253 0.017596
2 2 0.004985 0.052518 0.844502 0.090472 0.007524
2 2 0.003575 0.043603 0.862862 0.084063 0.005897
2 2 0.002579 0.034398 0.872774 0.086221 0.004029
2 2 0.001441 0.024334 0.894291 0.077418 0.002516
2 2 0.000882 0.018140 0.908838 0.070451 0.001689
2 2 0.001983 0.029363 0.882679 0.082744 0.003231
2 2 0.001608 0.021768 0.850855 0.124243 0.001526
2 2 0.008715 0.063614 0.873994 0.046799 0.006878
2 2 0.055215 0.141434 0.747726 0.044131 0.011494
2 2 0.130861 0.174224 0.588539 0.092096 0.014281
2 2 0.102162 0.174287 0.590641 0.118262 0.014647
2 1 0.153490 0.211357 0.511715 0.101283 0.022155
0 1 0.371153 0.251722 0.277560 0.049105 0.050461
0 2 0.593329 0.209272 0.107172 0.011244 0.078983
0 2 0.475599 0.273265 0.133569 0.010088 0.107479
1 2 0.297103 0.335325 0.255399 0.018665 0.093508
2 2 0.098126 0.258371 0.516910 0.056242 0.070350
2 2 0.015770 0.098345 0.757496 0.111201 0.017189
2 2 0.007999 0.066907 0.821451 0.093687 0.009956
2 2 0.004184 0.043759 0.843273 0.103675 0.005109
2 2 0.004288 0.044799 0.849035 0.096544 0.005334
2 2 0.006573 0.059718 0.859836 0.065639 0.008233
2 2 0.026276 0.127881 0.783538 0.041126 0.021179
2 2 0.044564 0.169863 0.717664 0.036307 0.031601
2 2 0.080873 0.207365 0.641697 0.037539 0.032525
2 2 0.208795 0.261847 0.439256 0.036727 0.053376
0 2 0.772740 0.123884 0.034816 0.001566 0.066994
0 2 0.683497 0.178285 0.076548 0.005210 0.056460
0 0 0.583208 0.246987 0.108843 0.004805 0.056157
0 1 0.519712 0.287659 0.118696 0.004086 0.069846
0 2 0.497137 0.299407 0.094326 0.002124 0.107005
1 2 0.264143 0.346944 0.150299 0.003028 0.235586
2 2 0.111858 0.291882 0.472779 0.028659 0.094822
2 2 0.047239 0.204209 0.640036 0.050972 0.057544
2 2 0.013223 0.095426 0.786303 0.087221 0.017828
2 2 0.007129 0.066452 0.824699 0.090937 0.010782
2 2 0.003529 0.043544 0.864124 0.082868 0.005935
2 2 0.002562 0.034793 0.874783 0.083690 0.004173
2 2 0.001904 0.028734 0.884637 0.081571 0.003153
2 2 0.004110 0.045291 0.851151 0.093579 0.005869
2 2 0.002113 0.030565 0.880742 0.083150 0.003430
2 2 0.002846 0.036468 0.868561 0.087761 0.004363
2 2 0.001171 0.020367 0.890740 0.085953 0.001770
2 2 0.001294 0.021443 0.885930 0.089465 0.001867
2 2 0.001474 0.023159 0.881481 0.091815 0.002071
2 2 0.001317 0.020946 0.878104 0.097941 0.001691
2 2 0.001250 0.017256 0.836065 0.144476 0.000954
2 2 0.000786 0.012649 0.842170 0.143809 0.000587
2 2 0.000791 0.013811 0.866726 0.117900 0.000773
2 2 0.000527 0.009713 0.847435 0.141934 0.000390
2 2 0.000341 0.006706 0.824458 0.168302 0.000193
2 2 0.000520 0.009632 0.847648 0.141815 0.000385
2 2 0.000405 0.008682 0.869346 0.121203 0.000365
2 2 0.000510 0.009817 0.857766 0.131489 0.000419
2 2 0.000226 0.005355 0.845498 0.148774 0.000148
2 2 0.000276 0.006079 0.841211 0.152256 0.000178
2 2 0.000298 0.006489 0.845189 0.147823 0.000201
2 2 0.000541 0.008585 0.796701 0.193914 0.000259
2 2 0.000553 0.008250 0.774620 0.216352 0.000225
2 2 0.000447 0.007112 0.773873 0.218391 0.000177
2 2 0.000675 0.009673 0.783363 0.205991 0.000299
2 2 0.000856 0.011475 0.785427 0.201845 0.000397
2 2 0.001296 0.015311 0.784578 0.198181 0.000634
2 2 0.001862 0.020599 0.799737 0.176706 0.001096
2 2 0.002221 0.019636 0.739721 0.237468 0.000953
2 2 0.002275 0.021201 0.782238 0.193157 0.001129
2 2 0.001163 0.013666 0.770375 0.214288 0.000509
2 2 0.001180 0.010494 0.665136 0.322850 0.000340
2 3 0.001475 0.009458 0.559203 0.429533 0.000331
3 3 0.001178 0.004721 0.345549 0.648399 0.000153
3 3 0.001178 0.005290 0.388179 0.605179 0.000174
3 3 0.002459 0.009202 0.405026 0.582918 0.000395
3 3 0.003723 0.014504 0.481485 0.499680 0.000608
3 3 0.003046 0.010665 0.397905 0.587940 0.000445
3 3 0.004221 0.013551 0.415374 0.566071 0.000782
3 3 0.004266 0.011741 0.365337 0.617900 0.000756
3 3 0.006184 0.009211 0.218049 0.765763 0.000793
3 3 0.013048 0.014526 0.223365 0.747494 0.001567
3 3 0.011194 0.011704 0.184879 0.790681 0.001543
3 3 0.019050 0.021488 0.255474 0.700283 0.003705
3 3 0.005858 0.007317 0.177808 0.808316 0.000701
3 3 0.004443 0.005556 0.164358 0.825102 0.000541
3 3 0.004446 0.006204 0.187550 0.801199 0.000601
3 3 0.002897 0.004747 0.195808 0.796134 0.000413
3 3 0.001783 0.003218 0.178230 0.816567 0.000202
3 3 0.001772 0.004982 0.289921 0.703050 0.000275
3 3 0.008726 0.011007 0.219508 0.759135 0.001625
3 3 0.010921 0.010446 0.174976 0.801794 0.001863
3 3 0.025081 0.017442 0.181635 0.771689 0.004152
3 3 0.021687 0.019261 0.230235 0.726038 0.002780
3 3 0.028565 0.023494 0.247823 0.696611 0.003507
3 3 0.041483 0.035623 0.306374 0.611314 0.005206
3 3 0.010795 0.011917 0.200674 0.775356 0.001258
3 3 0.008248 0.008850 0.175568 0.806515 0.000819
3 3 0.011389 0.011953 0.201584 0.773692 0.001382
3 3 0.007093 0.006615 0.137986 0.847601 0.000705
3 3 0.005787 0.006474 0.158288 0.828758 0.000692
3 3 0.017075 0.016908 0.225350 0.738246 0.002421
3 3 0.016718 0.015906 0.223124 0.742214 0.002038
3 3 0.008363 0.011373 0.245608 0.733527 0.001128
3 3 0.002255 0.003354 0.154427 0.839731 0.000234
3 3 0.002385 0.003379 0.153203 0.840752 0.000280
3 3 0.001153 0.002009 0.142882 0.853855 0.000102
3 3 0.001145 0.002073 0.145658 0.851031 0.000093
3 3 0.001472 0.003270 0.197796 0.797332 0.000131
3 3 0.003631 0.006226 0.215272 0.774557 0.000314
3 3 0.005959 0.008350 0.203587 0.781332 0.000773
3 3 0.004229 0.006074 0.184226 0.804986 0.000486
3 3 0.003138 0.003539 0.127582 0.865423 0.000318
3 3 0.004645 0.005228 0.149547 0.840012 0.000568
3 3 0.004708 0.005628 0.160465 0.828612 0.000587
3 3 0.003086 0.004332 0.163834 0.828391 0.000357
3 3 0.004933 0.005849 0.161649 0.826948 0.000620
3 3 0.007171 0.008031 0.174752 0.809032 0.001014
3 3 0.004696 0.006806 0.193237 0.794700 0.000561
3 3 0.005888 0.008345 0.205800 0.779190 0.000775
3 3 0.007966 0.010666 0.216991 0.763200 0.001177
3 3 0.022859 0.023687 0.298241 0.651939 0.003275
3 3 0.013236 0.015132 0.255206 0.714654 0.001771
3 3 0.016586 0.019407 0.276083 0.685223 0.002701
3 2 0.060068 0.049328 0.355677 0.526456 0.008471
3 1 0.196433 0.097916 0.335157 0.352425 0.018070
2 1 0.177785 0.144669 0.440386 0.222505 0.014655
2 2 0.049439 0.124202 0.649662 0.166372 0.010325
2 2 0.060100 0.176357 0.643853 0.092688 0.027003
2 2 0.078075 0.206398 0.603948 0.075679 0.035900
2 2 0.099970 0.261881 0.520669 0.046239 0.071242
2 2 0.135005 0.290453 0.451155 0.041432 0.081955
2 2 0.111675 0.268421 0.497640 0.050568 0.071695
2 2 0.117639 0.276611 0.470270 0.056556 0.078925
2 2 0.084779 0.259175 0.521348 0.054513 0.080185
2 2 0.048558 0.213325 0.604486 0.066640 0.066990
2 2 0.023921 0.140185 0.710224 0.091902 0.033769
2 2 0.009513 0.083380 0.806974 0.084119 0.016014
2 2 0.008024 0.082249 0.822907 0.069231 0.017590
2 2 0.003770 0.061561 0.874971 0.045238 0.014460
2 2 0.003473 0.067056 0.876266 0.033534 0.019671
2 4 0.005183 0.103683 0.819888 0.022067 0.049178
2 4 0.009350 0.145154 0.741502 0.022469 0.081524
2 4 0.037301 0.280476 0.430853 0.008599 0.242771
2 4 0.035542 0.279770 0.420252 0.007376 0.257060
2 4 0.042567 0.297879 0.340022 0.004657 0.314875
4 4 0.043747 0.250252 0.189897 0.001128 0.514976
4 4 0.085711 0.232977 0.148195 0.001513 0.531604
4 4 0.162090 0.143053 0.073055 0.001458 0.620344
4 4 0.159357 0.115587 0.056069 0.001091 0.667896
4 4 0.168975 0.233518 0.094989 0.000745 0.501773
0 4 0.329072 0.268048 0.088525 0.001195 0.313160
0 4 0.484443 0.262525 0.069679 0.001189 0.182164
0 4 0.491518 0.265155 0.099134 0.003894 0.140299
0 4 0.481999 0.278691 0.115811 0.005136 0.118362
0 4 0.517757 0.254560 0.112978 0.006158 0.108546
0 4 0.599244 0.204153 0.079861 0.005355 0.111386
0 4 0.528258 0.202032 0.108384 0.009264 0.152063
0 4 0.654088 0.158885 0.052688 0.002881 0.131458
0 4 0.475376 0.225948 0.085207 0.003389 0.210080
0 4 0.679420 0.152291 0.038735 0.001350 0.128203
0 4 0.803085 0.110451 0.036721 0.002280 0.047463
0 0 0.853277 0.080470 0.022640 0.001300 0.042312
0 0 0.677224 0.184914 0.076935 0.004587 0.056341
0 1 0.522247 0.255685 0.151552 0.013063 0.057453
0 1 0.552336 0.239544 0.125591 0.010565 0.071965
0 1 0.390700 0.316053 0.127314 0.004651 0.161282
1 2 0.215729 0.365983 0.184473 0.004138 0.229677
1 2 0.071700 0.327998 0.322996 0.005534 0.271773
2 2 0.064516 0.306307 0.420812 0.012911 0.195454
2 2 0.018791 0.131741 0.737976 0.077553 0.033939
2 2 0.011170 0.109915 0.790374 0.058061 0.030479
2 2 0.007946 0.096127 0.819565 0.048933 0.027429
2 2 0.002707 0.054321 0.892583 0.036963 0.013426
2 2 0.002378 0.053147 0.898193 0.032206 0.014076
2 2 0.001799 0.049348 0.909114 0.025260 0.014479
2 2 0.002934 0.058191 0.887859 0.035804 0.015212
2 2 0.001488 0.043287 0.918026 0.025410 0.011788
2 2 0.001366 0.035502 0.921770 0.034053 0.007309
2 2 0.003363 0.058352 0.881437 0.043159 0.013688
2 2 0.010408 0.098545 0.800384 0.066972 0.023690
2 2 0.011808 0.108559 0.787154 0.064327 0.028152
2 2 0.016747 0.132264 0.747387 0.066071 0.037531
2 2 0.024132 0.170689 0.696510 0.049924 0.058745
2 2 0.016400 0.144775 0.737249 0.051865 0.049711
2 2 0.020845 0.175297 0.702031 0.030583 0.071244
2 2 0.009490 0.122546 0.788072 0.032285 0.047606
2 2 0.005891 0.104118 0.819032 0.026445 0.044513
2 2 0.004485 0.094338 0.836613 0.022366 0.042198
2 2 0.004552 0.086336 0.848786 0.028163 0.032163
2 2 0.014567 0.143979 0.743019 0.044495 0.053941
2 2 0.009448 0.111674 0.797913 0.044389 0.036576
2 2 0.009487 0.111316 0.798100 0.044986 0.036111
2 2 0.015119 0.162789 0.724370 0.022961 0.074761
2 2 0.018484 0.178030 0.701360 0.019609 0.082518
2 2 0.009123 0.145519 0.752514 0.010648 0.082196
2 2 0.010171 0.142977 0.762425 0.014051 0.070376
2 2 0.014718 0.148251 0.752771 0.027222 0.057039
2 2 0.023286 0.166184 0.726999 0.029676 0.053855
2 2 0.008767 0.090089 0.815612 0.064417 0.021114
2 2 0.041544 0.179044 0.684353 0.052992 0.042066
2 2 0.140796 0.294176 0.461734 0.023430 0.079864
1 1 0.255227 0.326601 0.323128 0.016041 0.079003
1 1 0.272818 0.323156 0.313099 0.019032 0.071895
2 2 0.243593 0.284431 0.387580 0.041799 0.042597
2 2 0.282017 0.301332 0.324656 0.041357 0.050638
0 2 0.400542 0.313191 0.206976 0.016942 0.062349
0 2 0.397844 0.331078 0.144256 0.006375 0.120448
2 2 0.158554 0.299962 0.438386 0.025787 0.077311
2 2 0.180975 0.306136 0.422246 0.017898 0.072745
1 2 0.247141 0.329793 0.305971 0.026098 0.090996
2 2 0.188994 0.289857 0.407345 0.055734 0.058071
2 2 0.222959 0.308707 0.355777 0.044073 0.068484
2 2 0.095952 0.247164 0.541371 0.056272 0.059242
2 2 0.054412 0.191819 0.612341 0.096803 0.044626
2 2 0.050831 0.185879 0.632100 0.089033 0.042157
2 2 0.110140 0.267933 0.494515 0.054297 0.073115
2 2 0.116440 0.268576 0.490495 0.055557 0.068932
2 2 0.075189 0.226753 0.587619 0.055327 0.055112
2 2 0.058496 0.200646 0.638026 0.057428 0.045405
2 2 0.054044 0.184924 0.674139 0.051559 0.035335
2 2 0.029759 0.136593 0.743378 0.066283 0.023986
2 2 0.009455 0.072948 0.808944 0.097667 0.010986
2 2 0.007033 0.060480 0.815300 0.108859 0.008328
2 2 0.010580 0.078392 0.790035 0.108461 0.012531
2 2 0.004662 0.048761 0.844492 0.095590 0.006495
2 2 0.003458 0.040909 0.859699 0.090829 0.005105
2 2 0.001411 0.022875 0.885749 0.087872 0.002093
2 2 0.003470 0.035510 0.855569 0.102391 0.003060
2 2 0.014872 0.091323 0.823928 0.056910 0.012967
2 2 0.008205 0.067744 0.809258 0.104567 0.010226
2 2 0.003854 0.043611 0.854407 0.092555 0.005573
2 2 0.016965 0.103167 0.780107 0.081892 0.017869
2 2 0.062964 0.194108 0.660754 0.047253 0.034921
2 2 0.102249 0.231716 0.579893 0.046556 0.039585
2 2 0.153551 0.279311 0.467741 0.041942 0.057455
2 2 0.203196 0.311604 0.367005 0.040535 0.077660
1 2 0.287850 0.328474 0.266549 0.031475 0.085652
1 2 0.278386 0.332583 0.260168 0.032236 0.096627
2 2 0.202075 0.328850 0.334661 0.027652 0.106763
2 2 0.166000 0.311837 0.391754 0.035014 0.095395
2 2 0.020690 0.118912 0.758056 0.079501 0.022841
2 2 0.009287 0.072751 0.800187 0.106483 0.011292
2 2 0.004868 0.050012 0.842113 0.096282 0.006725
2 2 0.003985 0.044471 0.852736 0.093084 0.005724
2 2 0.002483 0.034466 0.877075 0.081807 0.004168
2 2 0.003355 0.040190 0.861120 0.090352 0.004983
2 2 0.003250 0.044890 0.874876 0.070119 0.006864
2 2 0.007779 0.067072 0.815069 0.099723 0.010357
2 2 0.006893 0.061418 0.821413 0.101318 0.008958
2 2 0.062588 0.193930 0.626274 0.081831 0.035376
2 2 0.073040 0.206351 0.587219 0.093540 0.039850
2 2 0.109328 0.255649 0.510383 0.064747 0.059893
2 2 0.192967 0.305319 0.412252 0.021744 0.067719
2 2 0.139725 0.270711 0.512039 0.024843 0.052682
2 2 0.213526 0.306434 0.393738 0.023306 0.062996
2 2 0.191368 0.271837 0.455020 0.042103 0.039672
0 2 0.503901 0.240749 0.182131 0.018342 0.054877
0 2 0.681846 0.178613 0.058241 0.002550 0.078751
0 2 0.610370 0.213866 0.069043 0.002751 0.103970
0 2 0.642158 0.203476 0.075458 0.003631 0.075278
0 2 0.522868 0.270213 0.122949 0.006391 0.077579
0 2 0.399011 0.330872 0.139198 0.005810 0.125109
1 2 0.269944 0.356706 0.196918 0.010038 0.166395
0 2 0.346761 0.341177 0.165970 0.009603 0.136488
0 2 0.345824 0.341036 0.170645 0.010333 0.132161
1 2 0.281848 0.338909 0.263715 0.014732 0.100796
2 0 0.225561 0.311863 0.376739 0.020113 0.065724
0 0 0.539895 0.238322 0.143896 0.013128 0.064758
0 0 0.796680 0.111541 0.052734 0.005936 0.033109
0 0 0.922168 0.040614 0.012705 0.001479 0.023033
0 0 0.951520 0.027582 0.010609 0.001621 0.008668
0 0 0.967544 0.018714 0.006807 0.001097 0.005837
0 0 0.967969 0.019785 0.007015 0.000797 0.004434
0 0 0.952874 0.028359 0.008840 0.000798 0.009129
0 0 0.933866 0.038013 0.008182 0.000357 0.019582
0 0 0.847735 0.070881 0.012116 0.000338 0.068931
0 0 0.842308 0.068020 0.011061 0.000315 0.078296
0 0 0.872907 0.043395 0.006199 0.000227 0.077271
0 0 0.726426 0.056401 0.008871 0.000227 0.208075
0 0 0.800366 0.048056 0.007307 0.000254 0.144016
0 0 0.821502 0.037369 0.005151 0.000183 0.135794
0 0 0.855287 0.030171 0.004819 0.000288 0.109435
0 0 0.887032 0.025167 0.003322 0.000154 0.084324
0 0 0.872754 0.055029 0.008786 0.000270 0.063162
0 0 0.860061 0.072903 0.014067 0.000419 0.052550
0 0 0.802969 0.126774 0.026448 0.000395 0.043414
0 0 0.648212 0.236637 0.056649 0.000608 0.057894
0 0 0.666437 0.227507 0.052712 0.000517 0.052828
0 0 0.602701 0.255761 0.059071 0.000662 0.081805
0 0 0.705642 0.164915 0.030637 0.000432 0.098374
0 0 0.747730 0.148921 0.022988 0.000203 0.080159
0 0 0.835158 0.089965 0.015370 0.000278 0.059229
0 0 0.755918 0.151564 0.035690 0.000684 0.056145
0 0 0.751539 0.148441 0.036297 0.000855 0.062868
0 0 0.624956 0.210699 0.038482 0.000433 0.125431
0 0 0.600168 0.217545 0.040892 0.000497 0.140897
0 0 0.470718 0.301471 0.091701 0.001738 0.134372
1 1 0.230025 0.359871 0.221390 0.011669 0.177045
1 1 0.201263 0.357859 0.248202 0.015297 0.177379
2 1 0.096398 0.282131 0.452571 0.065618 0.103282
2 2 0.059881 0.230155 0.568703 0.068611 0.072650
2 2 0.015056 0.116449 0.763953 0.076155 0.028386
2 2 0.009729 0.087904 0.806374 0.077804 0.018189
2 2 0.014865 0.106177 0.765803 0.090980 0.022175
2 2 0.004838 0.065153 0.859491 0.056700 0.013817
2 2 0.006665 0.092133 0.831072 0.042034 0.028097
2 2 0.006474 0.100951 0.822398 0.032696 0.037480
2 4 0.025319 0.196385 0.658640 0.032415 0.087241
2 4 0.032464 0.219777 0.617581 0.028802 0.101376
4 4 0.112092 0.112157 0.048940 0.000401 0.726410
4 4 0.181227 0.131819 0.047122 0.000411 0.639420
4 4 0.108170 0.134033 0.056046 0.000332 0.701419
4 4 0.086488 0.060437 0.028330 0.000317 0.824428
4 4 0.119961 0.057505 0.023755 0.000320 0.798460
4 4 0.098359 0.035608 0.014623 0.000215 0.851196
4 4 0.126896 0.042050 0.017997 0.000387 0.812671
4 4 0.147621 0.057267 0.022644 0.000376 0.772093
4 4 0.187027 0.074136 0.023193 0.000227 0.715417
4 4 0.248865 0.070869 0.014317 0.000065 0.665884
4 4 0.358979 0.136832 0.028080 0.000154 0.475955
0 4 0.494040 0.166790 0.031115 0.000224 0.307831
0 4 0.439135 0.256180 0.122264 0.004856 0.177566
0 4 0.724002 0.142591 0.041775 0.002116 0.089515
0 0 0.800995 0.111784 0.031029 0.001343 0.054850
0 1 0.689235 0.183062 0.042226 0.000793 0.084683
0 1 0.529150 0.288651 0.109921 0.003080 0.069198
0 4 0.472335 0.307038 0.139647 0.005721 0.075259
0 4 0.364702 0.343953 0.123070 0.002170 0.166105
1 4 0.129331 0.353900 0.178391 0.001520 0.336857
0 4 0.880958 0.067429 0.016242 0.000687 0.034684
0 0 0.912132 0.052933 0.014016 0.000686 0.020234
0 0 0.702680 0.195557 0.070803 0.001691 0.029268
0 0 0.566046 0.274201 0.076586 0.001233 0.081935
0 0 0.401063 0.326461 0.091425 0.001184 0.179867
1 1 0.203657 0.353736 0.118106 0.000606 0.323895
1 1 0.152685 0.361597 0.188324 0.002408 0.294986
1 2 0.103315 0.347173 0.275231 0.007431 0.266851
2 2 0.053449 0.310414 0.330034 0.008139 0.297965
4 2 0.042233 0.297911 0.280452 0.003007 0.376398
4 4 0.033312 0.280055 0.243656 0.001419 0.441558
4 4 0.023421 0.261598 0.310572 0.002177 0.402232
2 4 0.026609 0.266796 0.383167 0.006741 0.316688
4 4 0.040470 0.264169 0.222419 0.001601 0.471342
4 4 0.042787 0.297116 0.250114 0.001913 0.408070
4 4 0.022187 0.214635 0.218275 0.001232 0.543672
4 4 0.023906 0.162462 0.190258 0.002176 0.621199
4 4 0.042430 0.171836 0.151563 0.001677 0.632494
4 4 0.075530 0.253197 0.201459 0.003292 0.466522
4 4 0.062862 0.158553 0.109052 0.001092 0.668441
4 4 0.035556 0.054384 0.024312 0.000065 0.885682
4 4 0.065440 0.058838 0.026765 0.000181 0.848776
4 4 0.062549 0.055134 0.024629 0.000156 0.857533
4 4 0.052348 0.064007 0.030437 0.000155 0.853052
4 4 0.113158 0.062318 0.021292 0.000139 0.803093
4 4 0.237742 0.088616 0.021887 0.000138 0.651617
4 4 0.312710 0.148145 0.043166 0.000490 0.495489
1 2 0.184892 0.333292 0.156178 0.001991 0.323647
1 2 0.138435 0.359460 0.202662 0.002831 0.296612
1 2 0.139420 0.357444 0.260691 0.009116 0.233329
1 2 0.105929 0.337931 0.328034 0.019846 0.208260
2 2 0.038432 0.259364 0.516532 0.023051 0.162621
2 2 0.009463 0.157600 0.709585 0.017957 0.105395
2 2 0.005520 0.132119 0.751118 0.012699 0.098545
2 2 0.007536 0.157813 0.690036 0.012184 0.132431
2 2 0.016725 0.210538 0.586475 0.016942 0.169319
2 4 0.031275 0.273258 0.408953 0.009343 0.277172
4 4 0.026187 0.229558 0.267580 0.002211 0.474464
4 4 0.017397 0.121875 0.148159 0.001070 0.711499
4 4 0.022797 0.096467 0.083175 0.000500 0.797061
1 4 0.129199 0.357638 0.235510 0.004950 0.272703
1 4 0.187695 0.363878 0.227256 0.008176 0.212995
1 4 0.164985 0.363975 0.221908 0.005654 0.243478
1 4 0.144461 0.354937 0.159295 0.001129 0.340179
4 4 0.136250 0.175403 0.082566 0.000839 0.604942
4 4 0.074190 0.067262 0.032374 0.000282 0.825893
4 4 0.058729 0.049152 0.019770 0.000092 0.872257
4 4 0.025799 0.047071 0.023204 0.000058 0.903868
4 4 0.027762 0.038977 0.014746 0.000022 0.918493
4 4 0.038612 0.035986 0.009942 0.000010 0.915450
4 4 0.036966 0.035168 0.010504 0.000013 0.917349
4 4 0.049284 0.062543 0.022769 0.000049 0.865355
4 4 0.040093 0.100449 0.049964 0.000132 0.809363
4 4 0.053259 0.128896 0.066651 0.000253 0.750942
4 4 0.134220 0.238446 0.112676 0.000940 0.513718
4 4 0.101891 0.299505 0.155821 0.001010 0.441773
4 4 0.200351 0.314900 0.128566 0.001229 0.354954
4 4 0.246167 0.271810 0.132532 0.003393 0.346098
0 4 0.537865 0.206946 0.099020 0.009294 0.146874
4 4 0.277946 0.255365 0.136391 0.004676 0.325622
1 4 0.124655 0.356479 0.227619 0.004025 0.287222
1 4 0.129568 0.351035 0.289354 0.013829 0.216214
2 4 0.074015 0.305344 0.416371 0.029777 0.174493
2 4 0.047459 0.267371 0.501774 0.032289 0.151107
2 4 0.017128 0.183689 0.669415 0.028840 0.100927
2 2 0.008323 0.137803 0.755311 0.021679 0.076885
2 2 0.005149 0.114768 0.795917 0.016850 0.067316
2 2 0.003580 0.095188 0.832750 0.015557 0.052925
2 2 0.003232 0.082711 0.857085 0.018748 0.038224
2 2 0.002904 0.075244 0.870041 0.019945 0.031866
2 2 0.003194 0.077379 0.866086 0.021534 0.031807
2 2 0.002782 0.070540 0.877518 0.021708 0.027452
2 2 0.003560 0.074747 0.868142 0.027331 0.026220
2 2 0.001741 0.051112 0.908393 0.022315 0.016439
2 2 0.002725 0.063014 0.886911 0.027092 0.020258
2 2 0.001748 0.049983 0.909324 0.023563 0.015383
2 2 0.001347 0.040567 0.922122 0.025261 0.010702
2 2 0.001766 0.042916 0.912265 0.033092 0.009961
2 2 0.001607 0.041059 0.916073 0.031723 0.009538
2 2 0.002049 0.044015 0.905761 0.038733 0.009442
2 2 0.008126 0.082026 0.821760 0.070802 0.017286
2 2 0.002215 0.037166 0.894278 0.060760 0.005581
2 2 0.002305 0.036036 0.888600 0.068083 0.004976
2 2 0.002503 0.038507 0.886631 0.066784 0.005575
2 2 0.002354 0.036223 0.887153 0.069306 0.004963
2 2 0.001237 0.024061 0.907391 0.064560 0.002752
2 2 0.000559 0.016452 0.935379 0.045737 0.001874
2 2 0.000810 0.018989 0.920545 0.057615 0.002041
2 2 0.000832 0.020279 0.923967 0.052536 0.002386
2 2 0.001268 0.024878 0.908309 0.062596 0.002950
2 2 0.001312 0.026133 0.909693 0.059585 0.003277
2 2 0.002215 0.033984 0.887094 0.072321 0.004386
2 2 0.003464 0.040999 0.866144 0.084304 0.005089
2 2 0.003872 0.043730 0.854177 0.092628 0.005594
2 2 0.002409 0.031433 0.865853 0.097082 0.003223
2 2 0.001046 0.017802 0.879801 0.100061 0.001290
2 2 0.000980 0.019629 0.904276 0.073282 0.001833
2 2 0.001223 0.025997 0.914030 0.055370 0.003380
2 2 0.001309 0.029318 0.917540 0.047352 0.004481
2 2 0.001074 0.023182 0.914393 0.058621 0.002730
2 2 0.000644 0.013773 0.900970 0.083639 0.000974
2 2 0.000267 0.007630 0.909414 0.082301 0.000388
2 2 0.000318 0.008461 0.905171 0.085606 0.000445
2 2 0.000949 0.018212 0.899764 0.079509 0.001565
2 2 0.000611 0.012384 0.885976 0.100301 0.000727
2 2 0.000533 0.010235 0.861210 0.127566 0.000456
2 2 0.000486 0.010078 0.875114 0.113841 0.000482
2 2 0.000834 0.015348 0.882138 0.100668 0.001013
2 2 0.000951 0.017955 0.892181 0.087500 0.001413
2 2 0.001061 0.016075 0.850318 0.131636 0.000910
2 2 0.001081 0.016475 0.853558 0.127921 0.000964
2 2 0.000814 0.014011 0.865093 0.119298 0.000784
2 2 0.000873 0.014744 0.865272 0.118257 0.000855
2 2 0.000915 0.015563 0.870635 0.111921 0.000967
2 2 0.001019 0.015181 0.841747 0.141262 0.000792
2 2 0.000949 0.014559 0.844393 0.139351 0.000748
2 2 0.000595 0.009838 0.823220 0.165990 0.000357
2 3 0.001385 0.018630 0.837146 0.141748 0.001090
2 3 0.001511 0.017218 0.800288 0.179974 0.001008
2 3 0.001636 0.017922 0.797239 0.182082 0.001121
2 3 0.000544 0.009491 0.832281 0.157334 0.000350
2 3 0.000441 0.008228 0.833874 0.157177 0.000280
2 3 0.000375 0.007039 0.818205 0.174178 0.000204
2 3 0.000495 0.008993 0.836532 0.153652 0.000327
2 3 0.000823 0.012282 0.821303 0.165083 0.000509
2 3 0.000578 0.008632 0.780688 0.209855 0.000247
2 3 0.000759 0.010806 0.794878 0.193185 0.000373
2 3 0.001433 0.015262 0.761150 0.221507 0.000648
2 3 0.002578 0.024677 0.780318 0.191048 0.001379
2 3 0.005342 0.036653 0.736322 0.219027 0.002656
2 3 0.004819 0.036741 0.758690 0.197228 0.002522
2 3 0.003856 0.029062 0.740194 0.225026 0.001863
2 3 0.002744 0.022919 0.746427 0.226557 0.001353
2 3 0.001611 0.016142 0.750835 0.230715 0.000697
2 3 0.001210 0.011185 0.690355 0.296838 0.000413
2 3 0.001101 0.010092 0.670997 0.317480 0.000330
2 3 0.001277 0.011431 0.682958 0.303913 0.000421
2 3 0.001694 0.012503 0.651342 0.333861 0.000601
2 3 0.003841 0.014213 0.498361 0.482634 0.000951
2 2 0.010356 0.022657 0.482979 0.481868 0.002140
1 2 0.233963 0.335955 0.313534 0.013999 0.102549
2 2 0.089971 0.231818 0.571029 0.059043 0.048138
2 2 0.139074 0.284494 0.457993 0.046225 0.072213
2 2 0.189694 0.315352 0.370382 0.036245 0.088327
2 2 0.058303 0.220698 0.584315 0.072089 0.064594
2 2 0.106024 0.265063 0.482992 0.070739 0.075183
2 2 0.028346 0.148119 0.688259 0.100412 0.034864
2 2 0.050428 0.188081 0.622885 0.094114 0.044491
2 2 0.030847 0.143366 0.711216 0.085963 0.028608
2 2 0.009847 0.075442 0.808042 0.094925 0.011744
2 2 0.005468 0.054328 0.837092 0.095430 0.007681
2 2 0.002490 0.036094 0.881541 0.075170 0.004705
2 2 0.006632 0.059926 0.825733 0.099095 0.008614
2 2 0.023358 0.123765 0.775992 0.054525 0.022360
2 2 0.041074 0.167815 0.709481 0.047372 0.034258
2 2 0.135358 0.230429 0.561037 0.045818 0.027358
