0 0 0.948358 0.017694 0.004961 0.008246 0.020741
0 0 0.914189 0.033890 0.007525 0.002794 0.041601
0 0 0.881556 0.024953 0.004095 0.001355 0.088041
0 0 0.665380 0.041689 0.006017 0.000583 0.286331
4 0 0.470264 0.047200 0.006366 0.000303 0.475867
4 0 0.471642 0.040095 0.004346 0.000158 0.483759
0 0 0.788289 0.029044 0.003529 0.000446 0.178692
0 0 0.799735 0.030287 0.004091 0.000628 0.165258
0 0 0.851761 0.027475 0.004196 0.001017 0.115551
0 0 0.762081 0.066179 0.017564 0.003737 0.150438
0 0 0.785584 0.099568 0.034542 0.006431 0.073876
0 0 0.738521 0.099196 0.032127 0.005331 0.124825
0 0 0.565170 0.155284 0.056655 0.004915 0.217976
0 0 0.578915 0.169256 0.066268 0.005864 0.179698
0 0 0.533955 0.247628 0.137504 0.011050 0.069863
0 0 0.650717 0.153567 0.106603 0.038721 0.050392
0 0 0.820542 0.088097 0.039049 0.014544 0.037769
0 0 0.918625 0.041990 0.009036 0.002008 0.028342
0 0 0.970721 0.021704 0.003408 0.000638 0.003530
0 0 0.978814 0.015168 0.002311 0.000695 0.003011
0 0 0.935327 0.046992 0.010116 0.001311 0.006255
0 0 0.963713 0.027895 0.005674 0.001095 0.001623
0 0 0.949607 0.037858 0.009647 0.001773 0.001115
0 0 0.966634 0.025443 0.005649 0.001362 0.000912
0 0 0.957466 0.032693 0.007150 0.001233 0.001458
0 0 0.954778 0.034564 0.007372 0.001193 0.002093
0 0 0.941729 0.043609 0.010474 0.001618 0.002570
0 0 0.968028 0.024680 0.004851 0.001019 0.001421
0 0 0.962044 0.028187 0.006746 0.001784 0.001239
0 0 0.952535 0.035763 0.008691 0.001645 0.001366
0 0 0.936250 0.046999 0.012959 0.002195 0.001596
0 0 0.837768 0.107767 0.043680 0.005798 0.004987
0 0 0.717625 0.176478 0.078170 0.006811 0.020916
0 0 0.547714 0.233214 0.148196 0.017698 0.053179
0 0 0.522133 0.242169 0.143319 0.013965 0.078414
0 0 0.790846 0.120141 0.047076 0.007293 0.034645
0 0 0.895967 0.061945 0.023238 0.008242 0.010607
0 0 0.837833 0.089234 0.052676 0.013748 0.006509
0 0 0.893055 0.060742 0.029692 0.011425 0.005086
0 0 0.780206 0.113155 0.071385 0.019032 0.016223
0 0 0.945837 0.033690 0.006629 0.001420 0.012425
0 0 0.921138 0.055228 0.012022 0.001370 0.010242
0 0 0.806752 0.128032 0.038480 0.002613 0.024123
0 0 0.780344 0.137221 0.051381 0.005233 0.025821
0 0 0.763304 0.141299 0.062182 0.008640 0.024574
0 0 0.701712 0.181462 0.081737 0.007394 0.027696
0 0 0.476537 0.273537 0.211052 0.014601 0.024274
0 0 0.454036 0.315233 0.182929 0.007745 0.040057
0 0 0.359109 0.349189 0.229875 0.008811 0.053016
0 1 0.570633 0.241924 0.133618 0.010655 0.043170
0 1 0.519113 0.235579 0.186568 0.020350 0.038389
0 0 0.803348 0.111264 0.053837 0.013497 0.018054
0 0 0.752753 0.129780 0.079470 0.021442 0.016555
0 1 0.830753 0.103680 0.047982 0.010261 0.007323
0 1 0.815177 0.118742 0.050477 0.007113 0.008491
0 0 0.818009 0.118437 0.040654 0.004158 0.018742
0 1 0.761247 0.152466 0.057528 0.004782 0.023977
0 1 0.599075 0.229853 0.124891 0.010566 0.035615
0 1 0.412369 0.322922 0.209406 0.010159 0.045143
2 1 0.154651 0.336059 0.450297 0.018346 0.040646
2 2 0.106473 0.255929 0.562170 0.026215 0.049214
2 2 0.042076 0.175255 0.739503 0.019543 0.023624
2 2 0.016377 0.147335 0.797448 0.011306 0.027533
2 2 0.013816 0.130097 0.797820 0.016375 0.041891
2 2 0.004487 0.068536 0.886617 0.015158 0.025202
2 2 0.001222 0.030556 0.942636 0.016392 0.009195
2 2 0.000374 0.015898 0.971748 0.008669 0.003312
2 2 0.000091 0.007030 0.978955 0.012395 0.001530
2 2 0.000038 0.004232 0.980780 0.013994 0.000955
2 2 0.000043 0.004498 0.984788 0.009777 0.000894
2 2 0.000043 0.004507 0.981883 0.012587 0.000981
2 2 0.000024 0.003315 0.984214 0.011759 0.000688
2 2 0.000045 0.004357 0.976441 0.018023 0.001133
2 2 0.000085 0.006094 0.980287 0.012137 0.001396
2 2 0.000068 0.005240 0.976563 0.016764 0.001366
2 2 0.000091 0.005917 0.970200 0.022018 0.001774
2 2 0.000058 0.004477 0.975248 0.018948 0.001269
2 3 0.000046 0.004145 0.968248 0.026275 0.001287
2 3 0.000033 0.003984 0.963616 0.030842 0.001525
2 3 0.000130 0.008611 0.951504 0.034931 0.004823
2 3 0.005913 0.043546 0.915973 0.027136 0.007432
2 3 0.061029 0.121807 0.750272 0.051414 0.015478
2 3 0.061608 0.153011 0.719776 0.042530 0.023076
2 0 0.125108 0.217002 0.576030 0.044848 0.037012
2 0 0.236151 0.282200 0.399698 0.035832 0.046120
2 1 0.181454 0.270652 0.475282 0.034953 0.037659
2 1 0.083696 0.176950 0.679276 0.036727 0.023351
2 2 0.084899 0.168515 0.684978 0.039726 0.021881
2 2 0.072396 0.169374 0.719346 0.025225 0.013660
2 1 0.066111 0.176990 0.725673 0.020549 0.010677
2 2 0.096327 0.196864 0.680779 0.017465 0.008565
2 2 0.185670 0.224656 0.555056 0.023895 0.010723
2 0 0.347764 0.241847 0.358978 0.031003 0.020408
2 0 0.239462 0.232297 0.464913 0.041807 0.021522
2 0 0.316950 0.236479 0.402736 0.031131 0.012704
0 0 0.414603 0.202603 0.342629 0.032562 0.007604
0 0 0.495827 0.201499 0.263774 0.030922 0.007978
0 0 0.631058 0.202590 0.094511 0.008345 0.063497
0 0 0.539031 0.225707 0.139330 0.016739 0.079193
0 1 0.542832 0.238120 0.142346 0.014523 0.062180
2 1 0.125693 0.258085 0.481391 0.026268 0.108563
2 2 0.076382 0.187587 0.687830 0.031436 0.016765
2 2 0.094589 0.178975 0.677700 0.038727 0.010009
2 2 0.079732 0.194046 0.697075 0.021004 0.008143
2 2 0.074565 0.213529 0.687712 0.015147 0.009047
2 1 0.151588 0.259489 0.567643 0.012382 0.008898
2 2 0.203949 0.221435 0.543888 0.022269 0.008458
0 1 0.465207 0.191969 0.299281 0.035855 0.007688
0 1 0.543904 0.179075 0.239541 0.031492 0.005989
0 0 0.742651 0.132789 0.098110 0.021875 0.004575
0 0 0.785091 0.135871 0.065305 0.008457 0.005276
0 1 0.773344 0.152476 0.063887 0.004832 0.005460
0 0 0.774447 0.147973 0.061460 0.005643 0.010476
0 1 0.580569 0.236925 0.153301 0.010799 0.018407
1 1 0.316230 0.316555 0.311227 0.014433 0.041555
2 2 0.189567 0.299085 0.444988 0.022208 0.044152
2 2 0.121792 0.244935 0.576397 0.027864 0.029012
2 2 0.080795 0.186841 0.646035 0.062011 0.024317
2 2 0.031842 0.116075 0.789417 0.054535 0.008132
2 2 0.066290 0.148324 0.722451 0.052256 0.010678
2 2 0.002107 0.039108 0.921177 0.017477 0.020132
2 2 0.000224 0.010684 0.969957 0.016358 0.002779
2 2 0.000071 0.005230 0.978734 0.014645 0.001321
2 2 0.000028 0.003228 0.987124 0.008974 0.000646
2 2 0.000010 0.001758 0.987038 0.010821 0.000373
2 2 0.000004 0.001092 0.988668 0.010026 0.000210
2 2 0.000003 0.000922 0.988502 0.010399 0.000174
2 2 0.000002 0.000801 0.984687 0.014349 0.000161
2 2 0.000004 0.001273 0.972293 0.026106 0.000324
2 2 0.000015 0.002507 0.965387 0.031341 0.000751
2 2 0.000027 0.003506 0.950061 0.045177 0.001229
2 2 0.000037 0.004391 0.923008 0.070746 0.001817
2 2 0.000033 0.004405 0.884544 0.108940 0.002078
2 3 0.000046 0.005288 0.851624 0.140253 0.002789
2 3 0.000046 0.005483 0.780023 0.211089 0.003358
2 3 0.000031 0.004062 0.707366 0.286274 0.002267
2 3 0.000038 0.004004 0.571977 0.421609 0.002371
2 3 0.000036 0.004299 0.520070 0.472393 0.003202
3 3 0.000028 0.003936 0.433573 0.558963 0.003499
3 3 0.000058 0.005618 0.399435 0.589041 0.005847
2 3 0.060573 0.122895 0.772955 0.034725 0.008852
2 2 0.159952 0.206510 0.580833 0.035942 0.016764
2 2 0.314588 0.275693 0.345374 0.028955 0.035390
0 0 0.443101 0.274199 0.171458 0.013274 0.097967
0 0 0.492315 0.288137 0.142353 0.006037 0.071159
1 0 0.336033 0.352814 0.223040 0.007723 0.080389
2 0 0.290572 0.335609 0.342354 0.011963 0.019502
2 1 0.150834 0.263782 0.555773 0.016090 0.013522
2 1 0.255134 0.239489 0.463925 0.028422 0.013030
2 0 0.272047 0.217919 0.463545 0.034640 0.011849
0 0 0.586158 0.169769 0.194709 0.040592 0.008772
0 0 0.669838 0.143282 0.152141 0.030214 0.004525
0 0 0.914963 0.054863 0.021505 0.006825 0.001843
0 0 0.966787 0.024640 0.005991 0.001821 0.000761
0 0 0.936370 0.045954 0.013100 0.002629 0.001948
0 0 0.918279 0.059697 0.017611 0.002460 0.001953
0 0 0.777383 0.126029 0.083639 0.011180 0.001769
0 0 0.854363 0.092079 0.044872 0.007225 0.001462
0 0 0.832850 0.107941 0.050901 0.006765 0.001543
0 1 0.729704 0.163986 0.094037 0.009502 0.002771
0 1 0.669182 0.146167 0.155424 0.025499 0.003728
0 1 0.866988 0.072962 0.044336 0.013589 0.002125
0 1 0.903552 0.063429 0.024613 0.005793 0.002612
0 0 0.949170 0.035414 0.010706 0.003449 0.001261
0 0 0.950664 0.033430 0.010773 0.004173 0.000960
0 0 0.964807 0.025645 0.006518 0.002147 0.000883
0 0 0.923781 0.054710 0.017024 0.002958 0.001527
0 0 0.893130 0.070514 0.029595 0.005193 0.001569
0 0 0.897762 0.067152 0.027240 0.005498 0.002348
0 0 0.938546 0.041566 0.013208 0.004303 0.002377
0 0 0.916576 0.053528 0.020740 0.006968 0.002188
0 0 0.952192 0.034282 0.008463 0.002158 0.002905
0 0 0.966695 0.023903 0.004995 0.001534 0.002873
0 0 0.973219 0.018719 0.003690 0.001470 0.002901
0 0 0.929754 0.046210 0.014599 0.004659 0.004779
0 1 0.822702 0.117380 0.045017 0.005239 0.009662
0 1 0.682353 0.198870 0.093483 0.007025 0.018269
0 0 0.607579 0.230355 0.128098 0.009988 0.023979
0 0 0.699389 0.158888 0.103373 0.017126 0.021226
0 0 0.810663 0.097882 0.065860 0.018722 0.006873
0 0 0.484668 0.274297 0.202915 0.011980 0.026139
0 0 0.375947 0.255167 0.326023 0.025376 0.017486
0 0 0.434313 0.256616 0.248160 0.020954 0.039956
0 0 0.403746 0.291303 0.259931 0.014439 0.030581
1 0 0.315185 0.335422 0.293053 0.012906 0.043434
2 1 0.130827 0.320921 0.507159 0.013718 0.027375
2 1 0.070119 0.322798 0.558605 0.006651 0.041827
0 2 0.411181 0.271887 0.271477 0.018078 0.027377
0 2 0.712937 0.158693 0.103498 0.013333 0.011538
0 0 0.904264 0.061075 0.021585 0.006142 0.006934
0 0 0.909260 0.057059 0.020504 0.006714 0.006463
0 0 0.954227 0.029525 0.007586 0.003199 0.005464
0 0 0.973680 0.016623 0.003399 0.001987 0.004311
0 0 0.967151 0.021573 0.004957 0.002451 0.003868
0 0 0.976103 0.015384 0.003591 0.002776 0.002146
0 0 0.977234 0.014283 0.004021 0.003926 0.000536
0 0 0.989235 0.007428 0.001466 0.001536 0.000335
0 0 0.987497 0.009217 0.001724 0.001164 0.000399
0 0 0.981988 0.013680 0.002328 0.000855 0.001148
0 0 0.975354 0.017804 0.003514 0.001380 0.001948
0 0 0.651174 0.194837 0.130666 0.014920 0.008403
0 0 0.585697 0.215665 0.181913 0.012580 0.004144
0 0 0.696463 0.168921 0.118971 0.012521 0.003123
0 0 0.797972 0.138643 0.054209 0.004120 0.005056
0 0 0.765288 0.161656 0.062162 0.003662 0.007232
0 0 0.537309 0.304507 0.138094 0.003379 0.016711
1 0 0.336412 0.388656 0.248458 0.004017 0.022456
0 1 0.524954 0.298148 0.150083 0.005095 0.021720
0 1 0.694736 0.204926 0.081060 0.003723 0.015556
0 0 0.866023 0.091539 0.032011 0.004236 0.006191
0 0 0.893309 0.069626 0.027382 0.005728 0.003955
0 0 0.901098 0.067253 0.022711 0.004415 0.004525
0 0 0.847330 0.107366 0.036176 0.003237 0.005891
0 0 0.872960 0.092622 0.027369 0.002222 0.004826
0 1 0.873556 0.091943 0.025195 0.001915 0.007391
0 1 0.882427 0.085824 0.022295 0.001702 0.007752
0 1 0.854221 0.104225 0.029496 0.002077 0.009981
0 1 0.886488 0.083197 0.020429 0.001465 0.008420
0 0 0.915710 0.062075 0.014558 0.001445 0.006212
0 0 0.940071 0.041300 0.010206 0.002296 0.006128
0 0 0.790934 0.141908 0.050469 0.003669 0.013020
0 1 0.700409 0.187976 0.088182 0.007254 0.016180
0 0 0.404591 0.318475 0.238798 0.013671 0.024466
2 0 0.101993 0.364553 0.509199 0.005927 0.018328
2 0 0.031654 0.254903 0.693110 0.004241 0.016092
2 1 0.010056 0.160833 0.804329 0.004293 0.020489
2 2 0.004163 0.072465 0.898295 0.006196 0.018882
2 2 0.000988 0.029358 0.954698 0.006312 0.008643
2 2 0.000136 0.009881 0.980225 0.007224 0.002534
2 2 0.000174 0.011347 0.981019 0.004451 0.003009
2 2 0.000172 0.010100 0.984094 0.003416 0.002218
2 2 0.000366 0.014996 0.975707 0.004599 0.004332
2 2 0.000822 0.021309 0.963882 0.009280 0.004707
2 1 0.001301 0.029920 0.944020 0.016729 0.008031
2 1 0.002332 0.047917 0.918043 0.019008 0.012700
2 2 0.001729 0.042910 0.933682 0.012416 0.009262
2 2 0.003139 0.062882 0.913822 0.008516 0.011641
2 2 0.002844 0.062715 0.914795 0.003763 0.015883
2 2 0.000419 0.017944 0.971248 0.004857 0.005532
2 2 0.000230 0.011973 0.978599 0.005831 0.003367
2 2 0.000092 0.005881 0.979460 0.013116 0.001451
2 2 0.000171 0.008665 0.974660 0.014310 0.002195
2 2 0.000209 0.009981 0.967194 0.019779 0.002837
2 2 0.000209 0.010321 0.962378 0.023990 0.003102
2 2 0.000175 0.009002 0.966050 0.022109 0.002664
2 2 0.000217 0.010147 0.973105 0.014001 0.002531
2 2 0.000046 0.004109 0.969630 0.024960 0.001256
2 2 0.000026 0.003081 0.974211 0.021817 0.000866
2 2 0.000030 0.003089 0.981885 0.014221 0.000774
2 2 0.000029 0.003080 0.980795 0.015308 0.000787
2 2 0.000017 0.002378 0.982862 0.014173 0.000570
2 2 0.000009 0.001790 0.980410 0.017359 0.000432
2 2 0.000045 0.004540 0.981118 0.012478 0.001819
2 2 0.000118 0.008262 0.973078 0.013691 0.004852
2 2 0.000127 0.008793 0.962650 0.023066 0.005364
2 2 0.000133 0.009574 0.960149 0.023450 0.006694
2 2 0.000318 0.017042 0.947720 0.015947 0.018972
2 2 0.000369 0.017916 0.950547 0.011412 0.019756
2 2 0.000369 0.018748 0.948953 0.008690 0.023240
2 2 0.000111 0.009347 0.973161 0.009708 0.007674
2 2 0.000666 0.018932 0.951214 0.015740 0.013447
2 2 0.000838 0.024627 0.934886 0.014289 0.025360
2 2 0.001034 0.030870 0.911036 0.013400 0.043660
2 2 0.001764 0.044832 0.848827 0.009851 0.094725
2 2 0.006972 0.085059 0.652414 0.004700 0.250854
2 2 0.003295 0.063683 0.848723 0.003049 0.081251
2 2 0.001952 0.044016 0.908388 0.003547 0.042097
2 2 0.002466 0.049544 0.869377 0.008099 0.070514
2 2 0.003544 0.062403 0.831626 0.012471 0.089956
2 2 0.023347 0.128861 0.588598 0.018771 0.240423
2 2 0.049930 0.152663 0.466842 0.029380 0.301185
2 0 0.076271 0.182041 0.406974 0.026351 0.308363
2 1 0.074667 0.220997 0.433792 0.019330 0.251215
2 2 0.055751 0.279214 0.445090 0.004401 0.215544
2 2 0.021136 0.173858 0.727268 0.007187 0.070551
2 1 0.014848 0.111862 0.797810 0.012903 0.062576
2 1 0.024454 0.158829 0.723732 0.014300 0.078684
2 2 0.010046 0.111550 0.834096 0.007148 0.037159
2 2 0.011931 0.119618 0.799989 0.004964 0.063498
2 2 0.002445 0.056332 0.927170 0.002739 0.011313
2 2 0.000525 0.029372 0.927405 0.000941 0.041758
2 2 0.000288 0.018282 0.949590 0.001853 0.029988
2 2 0.000221 0.015012 0.962535 0.001866 0.020367
2 2 0.000180 0.013596 0.965872 0.003021 0.017332
2 2 0.000154 0.012167 0.969872 0.004016 0.013791
2 2 0.000226 0.014168 0.965325 0.004765 0.015515
2 2 0.000407 0.017334 0.961044 0.003762 0.017454
2 2 0.000215 0.011826 0.974154 0.004573 0.009232
2 2 0.000068 0.006498 0.982810 0.006707 0.003917
2 2 0.000071 0.007184 0.979093 0.008580 0.005072
2 2 0.000095 0.008375 0.971255 0.014140 0.006135
2 2 0.000089 0.008617 0.959310 0.025049 0.006936
2 2 0.000083 0.007797 0.940192 0.046663 0.005264
2 3 0.000091 0.008586 0.929540 0.055208 0.006575
2 3 0.000202 0.011911 0.943603 0.035315 0.008969
2 3 0.000122 0.009629 0.924538 0.058517 0.007193
2 3 0.000178 0.013233 0.877961 0.094563 0.014065
2 3 0.000068 0.007737 0.788468 0.196961 0.006765
2 3 0.000070 0.007335 0.650398 0.335495 0.006701
2 3 0.000074 0.006812 0.536643 0.450299 0.006171
3 3 0.000131 0.005344 0.161963 0.825320 0.007242
3 3 0.000418 0.007513 0.151404 0.831760 0.008905
3 3 0.000473 0.006223 0.119791 0.867040 0.006473
3 3 0.000303 0.005747 0.129580 0.857909 0.006462
3 3 0.000081 0.002577 0.091702 0.902905 0.002734
3 3 0.000084 0.002933 0.103417 0.890275 0.003291
3 3 0.000093 0.002956 0.100578 0.893130 0.003243
3 3 0.000064 0.001898 0.072643 0.923557 0.001837
3 3 0.000104 0.002114 0.068052 0.927828 0.001901
3 3 0.000133 0.001884 0.055239 0.941240 0.001504
3 3 0.000471 0.004204 0.080175 0.911559 0.003591
3 3 0.000226 0.002597 0.063579 0.931483 0.002115
3 3 0.000111 0.001803 0.056311 0.940300 0.001475
3 3 0.000218 0.002656 0.065939 0.928980 0.002208
3 3 0.000333 0.002442 0.051684 0.943796 0.001744
3 3 0.000174 0.001620 0.042659 0.954428 0.001119
3 3 0.000036 0.000783 0.035630 0.962981 0.000571
3 3 0.000046 0.001195 0.050727 0.947027 0.001005
3 3 0.000045 0.001187 0.050488 0.947284 0.000996
3 3 0.000058 0.001128 0.043774 0.954172 0.000868
3 3 0.000045 0.002240 0.097783 0.897353 0.002578
3 3 0.000032 0.001545 0.075726 0.921076 0.001621
3 3 0.000028 0.001234 0.062814 0.934727 0.001197
3 3 0.000012 0.000910 0.061559 0.936580 0.000939
3 3 0.000027 0.001029 0.052590 0.945432 0.000922
3 3 0.000093 0.001803 0.060087 0.936473 0.001544
3 3 0.000050 0.001283 0.052740 0.944836 0.001090
3 3 0.000062 0.001541 0.059193 0.937846 0.001358
3 3 0.000119 0.001729 0.052534 0.944257 0.001360
3 3 0.000060 0.000928 0.035230 0.963138 0.000644
3 3 0.000062 0.000804 0.029915 0.968703 0.000516
3 3 0.000035 0.000857 0.039271 0.959183 0.000654
3 3 0.000088 0.001555 0.052453 0.944650 0.001254
3 3 0.000053 0.001410 0.057108 0.940192 0.001237
3 3 0.000032 0.001081 0.052091 0.945846 0.000950
3 3 0.000083 0.001588 0.054809 0.942205 0.001315
3 3 0.000103 0.002331 0.075608 0.919751 0.002206
3 3 0.000058 0.001476 0.058077 0.939094 0.001296
3 3 0.000039 0.001091 0.048969 0.948985 0.000916
3 3 0.000031 0.000929 0.044744 0.953534 0.000762
3 3 0.000071 0.001513 0.055183 0.941959 0.001274
3 3 0.000034 0.001098 0.051995 0.945913 0.000960
3 3 0.000055 0.001418 0.056632 0.940659 0.001236
3 3 0.000051 0.001305 0.053292 0.944240 0.001112
3 3 0.000043 0.001009 0.043512 0.954642 0.000795
3 3 0.000041 0.000807 0.034912 0.963664 0.000576
3 3 0.000042 0.000819 0.035106 0.963449 0.000585
3 3 0.000052 0.000942 0.037660 0.960664 0.000682
3 3 0.000170 0.001553 0.041153 0.956066 0.001057
3 3 0.001970 0.005070 0.057730 0.931957 0.003274
3 3 0.003694 0.010402 0.110513 0.868140 0.007251
2 1 0.013814 0.051886 0.540236 0.376073 0.017990
2 1 0.038013 0.103042 0.672107 0.159541 0.027297
2 1 0.021288 0.095282 0.778896 0.084619 0.019916
2 1 0.007552 0.054885 0.859463 0.071589 0.006511
2 1 0.003072 0.038897 0.901179 0.050596 0.006257
2 1 0.002382 0.034379 0.923711 0.035255 0.004273
2 2 0.002458 0.033382 0.920222 0.040512 0.003426
2 2 0.001214 0.021285 0.945311 0.030948 0.001242
2 2 0.001410 0.026821 0.952067 0.017926 0.001776
2 2 0.000046 0.004033 0.983874 0.011134 0.000913
2 2 0.000093 0.006179 0.977509 0.014610 0.001610
2 2 0.000117 0.006251 0.974384 0.017400 0.001848
2 2 0.000112 0.006289 0.973115 0.018655 0.001830
2 2 0.000056 0.004448 0.971195 0.022954 0.001347
2 2 0.000047 0.004253 0.965180 0.029157 0.001364
2 2 0.000066 0.005067 0.961218 0.031934 0.001715
2 2 0.000069 0.005358 0.953190 0.039441 0.001941
2 2 0.000035 0.003978 0.949102 0.045459 0.001427
2 2 0.000025 0.003377 0.950131 0.045291 0.001177
2 3 0.000018 0.002945 0.951833 0.044208 0.000997
2 3 0.000035 0.003935 0.954453 0.040216 0.001361
2 3 0.000159 0.008400 0.927777 0.059969 0.003695
2 3 0.000121 0.007619 0.914145 0.074603 0.003513
2 3 0.000149 0.008132 0.928324 0.059841 0.003555
2 3 0.000144 0.008100 0.923236 0.064897 0.003623
2 3 0.000170 0.008523 0.933945 0.053719 0.003642
2 3 0.000369 0.013029 0.940405 0.039357 0.006839
2 1 0.000558 0.015877 0.920228 0.054633 0.008704
2 1 0.003480 0.042600 0.839787 0.085670 0.028463
2 1 0.002312 0.045391 0.918949 0.023429 0.009919
2 1 0.001523 0.036051 0.943210 0.012455 0.006761
2 2 0.001276 0.027238 0.942939 0.021961 0.006586
2 2 0.000678 0.020802 0.948422 0.024095 0.006003
2 2 0.000682 0.020339 0.938997 0.032914 0.007068
2 2 0.000442 0.015570 0.954572 0.024576 0.004840
2 2 0.000231 0.010906 0.970826 0.015276 0.002761
2 2 0.000176 0.008249 0.974196 0.014658 0.002721
2 2 0.000109 0.005914 0.980239 0.012219 0.001519
2 2 0.000028 0.002918 0.983357 0.012990 0.000707
2 2 0.000022 0.002628 0.983083 0.013633 0.000634
2 2 0.000022 0.002644 0.983609 0.013093 0.000632
2 2 0.000284 0.010239 0.973388 0.011790 0.004299
2 2 0.000710 0.017201 0.957126 0.016094 0.008870
2 2 0.000850 0.021682 0.936603 0.027946 0.012919
2 2 0.003423 0.054459 0.867608 0.019892 0.054618
2 2 0.001590 0.039802 0.910201 0.014882 0.033525
2 2 0.001881 0.041053 0.913010 0.010884 0.033172
2 0 0.000662 0.016927 0.956406 0.020628 0.005377
2 0 0.011301 0.054814 0.873108 0.046403 0.014374
2 1 0.007138 0.070396 0.902321 0.014799 0.005346
2 1 0.001168 0.027525 0.958886 0.010519 0.001902
2 2 0.002089 0.027854 0.955287 0.013521 0.001249
2 2 0.019503 0.059360 0.888562 0.030629 0.001947
2 2 0.207262 0.143871 0.591983 0.051383 0.005501
2 0 0.302686 0.178263 0.463208 0.047110 0.008734
2 0 0.138666 0.200723 0.607463 0.036607 0.016540
2 0 0.238909 0.263267 0.456707 0.025007 0.016110
2 1 0.125057 0.256423 0.581714 0.018441 0.018365
2 1 0.063240 0.222280 0.661925 0.017217 0.035337
2 2 0.003560 0.067327 0.888208 0.009598 0.031307
2 2 0.004771 0.048903 0.917650 0.021613 0.007063
2 2 0.034523 0.088915 0.819736 0.048647 0.008179
2 0 0.198019 0.154974 0.567457 0.067986 0.011565
2 1 0.117095 0.143877 0.626369 0.095596 0.017063
2 2 0.038616 0.134127 0.759787 0.048670 0.018800
2 2 0.029439 0.143465 0.793061 0.016607 0.017429
2 2 0.004540 0.070852 0.905122 0.007428 0.012059
2 2 0.000860 0.025736 0.960425 0.008056 0.004923
2 2 0.000078 0.006110 0.973919 0.018303 0.001589
2 2 0.000030 0.003520 0.989294 0.006547 0.000609
2 2 0.000021 0.003044 0.988402 0.007988 0.000545
2 2 0.000019 0.002790 0.983166 0.013404 0.000621
2 2 0.000052 0.004174 0.977605 0.017030 0.001139
2 2 0.000131 0.007401 0.977277 0.012038 0.003153
2 2 0.000167 0.008910 0.979122 0.007153 0.004648
2 2 0.000075 0.005669 0.985144 0.006756 0.002356
2 2 0.000057 0.004736 0.987660 0.005821 0.001725
2 2 0.000102 0.006429 0.984758 0.006065 0.002646
2 2 0.000166 0.008196 0.982178 0.005972 0.003488
2 2 0.000370 0.013449 0.976897 0.004218 0.005065
2 2 0.000464 0.018419 0.969696 0.003076 0.008345
2 2 0.000981 0.032538 0.930929 0.003520 0.032031
2 2 0.001431 0.045502 0.898834 0.002185 0.052047
2 2 0.001624 0.047792 0.852286 0.003549 0.094750
2 2 0.001734 0.050087 0.848407 0.002875 0.096897
2 2 0.002478 0.062779 0.782965 0.002687 0.149091
2 2 0.004183 0.081708 0.656686 0.002597 0.254827
2 4 0.005614 0.089485 0.643268 0.002505 0.259128
4 4 0.011110 0.083868 0.206308 0.001660 0.697053
4 4 0.009905 0.020544 0.004656 0.000019 0.964877
4 4 0.011238 0.017543 0.002866 0.000008 0.968345
4 4 0.009413 0.025021 0.007912 0.000050 0.957604
4 4 0.009850 0.031460 0.013617 0.000136 0.944936
4 4 0.014683 0.025827 0.006209 0.000035 0.953246
4 4 0.015403 0.020749 0.003470 0.000012 0.960366
4 4 0.026439 0.021195 0.002487 0.000007 0.949871
4 4 0.030292 0.025195 0.003477 0.000014 0.941022
4 4 0.029781 0.023751 0.003037 0.000011 0.943421
4 4 0.023437 0.025087 0.004128 0.000018 0.947330
4 4 0.026936 0.041769 0.013928 0.000096 0.917271
4 4 0.025037 0.067216 0.055237 0.000237 0.852274
4 4 0.011919 0.100167 0.300834 0.000704 0.586376
4 4 0.011372 0.097624 0.299276 0.001055 0.590673
2 4 0.006090 0.100044 0.583992 0.001799 0.308075
2 4 0.003613 0.081189 0.697622 0.002209 0.215367
2 4 0.008765 0.120587 0.507854 0.001381 0.361413
4 4 0.009428 0.105474 0.409927 0.002063 0.473108
4 4 0.012297 0.088827 0.227668 0.002099 0.669108
4 4 0.011908 0.105833 0.340764 0.002428 0.539067
4 4 0.035788 0.042396 0.011429 0.000128 0.910259
4 4 0.020492 0.046650 0.021730 0.000374 0.910755
4 4 0.026456 0.035902 0.009307 0.000082 0.928253
4 4 0.018750 0.026092 0.005342 0.000028 0.949789
4 4 0.022306 0.021972 0.003070 0.000010 0.952640
4 4 0.026341 0.022361 0.002850 0.000009 0.948439
4 4 0.031999 0.030679 0.005477 0.000032 0.931813
4 4 0.020109 0.024082 0.004158 0.000018 0.951633
4 4 0.025892 0.023584 0.003295 0.000012 0.947218
4 4 0.020184 0.028452 0.006295 0.000038 0.945032
4 4 0.028036 0.022184 0.002673 0.000008 0.947099
4 4 0.033248 0.026899 0.003835 0.000017 0.936001
4 4 0.020815 0.021632 0.003103 0.000010 0.954440
4 4 0.013680 0.055881 0.049771 0.000538 0.880130
4 4 0.016194 0.068565 0.075417 0.001307 0.838517
4 4 0.014906 0.075468 0.106803 0.001902 0.800921
4 4 0.020296 0.052355 0.029778 0.000547 0.897024
4 4 0.011542 0.029605 0.010410 0.000086 0.948357
4 4 0.032729 0.056122 0.024906 0.000532 0.885711
4 0 0.070677 0.063460 0.019929 0.000423 0.845511
2 1 0.003039 0.096284 0.768805 0.000229 0.131643
2 2 0.001987 0.076993 0.783473 0.000342 0.137205
2 2 0.002411 0.084028 0.780425 0.000612 0.132524
2 2 0.002785 0.086878 0.757822 0.000687 0.151828
2 2 0.003292 0.094133 0.799874 0.000726 0.101975
2 2 0.002027 0.069141 0.864066 0.000952 0.063814
2 2 0.001146 0.049107 0.901823 0.001286 0.046638
2 2 0.000652 0.031217 0.940779 0.001426 0.025926
2 2 0.000321 0.016610 0.967665 0.001214 0.014190
2 2 0.000137 0.009101 0.984842 0.000989 0.004931
2 2 0.000050 0.005364 0.989927 0.001506 0.003153
2 2 0.000020 0.003538 0.992498 0.002039 0.001905
2 2 0.000055 0.006039 0.987790 0.002004 0.004112
2 2 0.000047 0.005135 0.989855 0.002098 0.002865
2 2 0.000085 0.006455 0.983883 0.006428 0.003148
2 0 0.001127 0.022615 0.951259 0.018822 0.006178
2 0 0.034560 0.101233 0.794384 0.052351 0.017472
2 0 0.201338 0.157664 0.566990 0.062103 0.011906
2 0 0.368780 0.152619 0.388249 0.079436 0.010916
0 0 0.684401 0.120597 0.129493 0.053803 0.011706
0 0 0.645120 0.111596 0.120742 0.090903 0.031638
0 0 0.750991 0.103002 0.065320 0.040245 0.040441
0 0 0.654987 0.156748 0.084254 0.018143 0.085869
0 0 0.745005 0.120999 0.045064 0.006981 0.081951
0 0 0.648239 0.180194 0.089759 0.011965 0.069844
0 0 0.743751 0.136343 0.056109 0.008300 0.055497
0 0 0.742469 0.139941 0.054774 0.006860 0.055955
0 0 0.726620 0.136433 0.058367 0.009718 0.068863
0 0 0.741948 0.116285 0.042303 0.006763 0.092702
0 0 0.817528 0.082511 0.025849 0.005246 0.068867
0 0 0.855467 0.062791 0.018944 0.005518 0.057280
0 0 0.842979 0.060513 0.018186 0.005796 0.072526
0 0 0.556509 0.095063 0.041130 0.012687 0.294610
0 0 0.503873 0.106645 0.052385 0.016419 0.320679
0 0 0.506285 0.090399 0.027976 0.003805 0.371535
0 0 0.611406 0.097288 0.016210 0.000505 0.274590
0 0 0.705044 0.032369 0.002584 0.000092 0.259912
4 0 0.390328 0.026197 0.001583 0.000022 0.581871
4 0 0.249097 0.024954 0.001489 0.000012 0.724447
4 0 0.062984 0.023648 0.002150 0.000009 0.911209
0 0 0.733328 0.161813 0.050053 0.002674 0.052132
0 0 0.717757 0.175183 0.058648 0.003143 0.045268
0 0 0.692170 0.194684 0.061500 0.002343 0.049303
0 0 0.517950 0.293028 0.138919 0.004941 0.045161
0 0 0.678717 0.195181 0.071081 0.003772 0.051249
0 0 0.556218 0.279137 0.111200 0.003146 0.050298
0 0 0.429363 0.323567 0.166465 0.004804 0.075801
1 0 0.247161 0.395189 0.235330 0.002587 0.119733
1 1 0.122223 0.406394 0.344716 0.001767 0.124899
1 1 0.111095 0.429529 0.263650 0.000755 0.194971
1 1 0.097344 0.406583 0.291244 0.000882 0.203949
1 1 0.134250 0.377819 0.236032 0.001171 0.250728
1 1 0.102496 0.387371 0.336154 0.001474 0.172505
2 2 0.069638 0.371737 0.407039 0.001431 0.150156
2 2 0.049814 0.335107 0.364586 0.000962 0.249530
2 2 0.039072 0.271057 0.416022 0.001045 0.272804
2 2 0.016330 0.199106 0.651081 0.001128 0.132354
2 2 0.007550 0.125699 0.779888 0.001424 0.085439
2 2 0.006892 0.115716 0.785443 0.001371 0.090579
2 2 0.005657 0.098799 0.826360 0.001274 0.067910
2 2 0.000238 0.014469 0.979326 0.001062 0.004906
2 2 0.000206 0.013902 0.979765 0.001129 0.004998
2 2 0.000197 0.012837 0.980704 0.001327 0.004935
2 2 0.000106 0.007757 0.987103 0.002071 0.002962
2 2 0.000112 0.007242 0.987108 0.003172 0.002366
2 2 0.000184 0.009590 0.983601 0.003566 0.003059
2 2 0.000203 0.010727 0.983080 0.002963 0.003026
2 2 0.000334 0.015548 0.974813 0.003035 0.006270
2 2 0.000566 0.022061 0.960956 0.003053 0.013363
2 2 0.000387 0.019540 0.965862 0.003435 0.010776
2 2 0.000159 0.011874 0.978735 0.003401 0.005830
2 2 0.000198 0.013276 0.975314 0.003115 0.008097
2 2 0.000105 0.008697 0.983687 0.003248 0.004261
2 2 0.000056 0.005638 0.987589 0.004107 0.002610
2 2 0.000034 0.003869 0.990218 0.004381 0.001498
2 2 0.000046 0.004244 0.990849 0.003547 0.001313
2 2 0.000017 0.002222 0.991457 0.005817 0.000487
2 2 0.000004 0.001002 0.993628 0.005206 0.000160
2 2 0.000010 0.001556 0.992714 0.005451 0.000270
2 2 0.000019 0.002191 0.991040 0.006319 0.000432
2 2 0.000010 0.001878 0.979872 0.017780 0.000460
2 2 0.000008 0.001797 0.971772 0.025939 0.000484
2 2 0.000017 0.002660 0.965346 0.031173 0.000804
2 2 0.000009 0.002090 0.960387 0.036879 0.000635
2 2 0.000005 0.001662 0.954075 0.043748 0.000510
2 3 0.000004 0.001401 0.962942 0.035259 0.000394
2 3 0.000010 0.002216 0.956229 0.040846 0.000700
2 3 0.000007 0.001877 0.944365 0.053131 0.000621
2 3 0.000015 0.002738 0.940153 0.056116 0.000979
2 3 0.000006 0.002020 0.902490 0.094682 0.000801
2 3 0.000012 0.002803 0.860826 0.135046 0.001313
2 3 0.000045 0.005398 0.802544 0.188848 0.003165
2 3 0.000102 0.007841 0.805620 0.181606 0.004831
2 3 0.000118 0.008518 0.760936 0.224668 0.005760
2 3 0.000071 0.006709 0.778174 0.210795 0.004251
2 3 0.000061 0.006300 0.751530 0.237971 0.004138
2 3 0.000034 0.004785 0.764746 0.227487 0.002947
2 3 0.000019 0.003502 0.645345 0.348803 0.002331
3 3 0.000017 0.002657 0.392874 0.602433 0.002019
3 3 0.000022 0.002683 0.288815 0.706125 0.002356
3 3 0.000037 0.003397 0.249400 0.743687 0.003480
3 3 0.000058 0.002863 0.143424 0.850771 0.002883
3 3 0.000115 0.002822 0.088873 0.905344 0.002845
3 3 0.000160 0.002978 0.090278 0.903940 0.002643
3 3 0.000452 0.003359 0.064500 0.929095 0.002595
3 3 0.000570 0.003862 0.068507 0.924053 0.003009
3 3 0.000200 0.002237 0.057159 0.938666 0.001737
3 3 0.000329 0.003613 0.078127 0.914787 0.003144
3 3 0.000221 0.003034 0.075315 0.918747 0.002684
3 3 0.000295 0.003809 0.085792 0.906605 0.003499
3 3 0.000246 0.004527 0.139212 0.852161 0.003854
3 3 0.000594 0.005347 0.128550 0.861813 0.003696
3 3 0.000617 0.005024 0.113382 0.877501 0.003476
3 3 0.000286 0.002264 0.053096 0.942801 0.001553
3 3 0.000095 0.001564 0.051452 0.945647 0.001243
3 3 0.000107 0.001886 0.059877 0.936538 0.001593
3 3 0.000087 0.001602 0.054354 0.942641 0.001316
3 3 0.000057 0.001496 0.059095 0.938026 0.001326
3 3 0.000045 0.001190 0.050967 0.946792 0.001006
3 3 0.000030 0.001122 0.055264 0.942566 0.001018
3 3 0.000095 0.002299 0.076705 0.918695 0.002206
3 3 0.000052 0.001276 0.051670 0.945931 0.001070
3 3 0.000077 0.001655 0.059016 0.937824 0.001429
3 3 0.000052 0.001123 0.045293 0.952646 0.000886
3 3 0.000033 0.000822 0.038760 0.959757 0.000629
3 3 0.000018 0.000709 0.041199 0.957488 0.000586
3 3 0.000078 0.001263 0.044163 0.953545 0.000951
3 3 0.000075 0.001103 0.038947 0.959089 0.000786
3 3 0.000040 0.000874 0.038472 0.959960 0.000655
3 3 0.000225 0.002636 0.066599 0.928430 0.002110
3 3 0.023348 0.029343 0.225706 0.707464 0.014140
2 3 0.063427 0.095978 0.562647 0.253030 0.024919
2 1 0.047846 0.134952 0.698117 0.079968 0.039117
2 1 0.049325 0.169067 0.660735 0.050421 0.070452
2 2 0.018377 0.127442 0.798358 0.021066 0.034757
2 2 0.004422 0.065719 0.902339 0.009852 0.017669
2 2 0.000342 0.013912 0.954587 0.021963 0.009196
2 2 0.000377 0.014244 0.960427 0.015745 0.009206
2 2 0.000169 0.008447 0.963472 0.024268 0.003644
2 2 0.000065 0.004954 0.965899 0.027453 0.001629
2 2 0.000329 0.012187 0.964450 0.019448 0.003586
2 2 0.000248 0.011615 0.970309 0.014946 0.002883
2 2 0.000199 0.009758 0.972528 0.015030 0.002485
2 2 0.000378 0.015125 0.969696 0.011431 0.003370
2 2 0.000451 0.017176 0.966296 0.011639 0.004437
2 2 0.000504 0.018210 0.965337 0.011228 0.004721
2 2 0.000854 0.026350 0.958268 0.009223 0.005304
2 2 0.000635 0.023798 0.960367 0.010453 0.004746
2 2 0.000803 0.026685 0.956064 0.010106 0.006342
2 2 0.000232 0.012978 0.967596 0.016143 0.003051
2 2 0.000122 0.008558 0.971159 0.017917 0.002244
2 2 0.000051 0.004600 0.979977 0.014271 0.001101
2 2 0.000033 0.003259 0.980959 0.014915 0.000834
2 2 0.000034 0.003396 0.982971 0.012792 0.000806
2 2 0.000052 0.004295 0.982248 0.012387 0.001018
2 2 0.000023 0.003074 0.986887 0.009411 0.000604
2 2 0.000023 0.003060 0.987065 0.009260 0.000592
2 2 0.000039 0.003839 0.984548 0.010741 0.000833
2 2 0.000019 0.002543 0.980701 0.016099 0.000638
2 2 0.000048 0.004060 0.982971 0.011963 0.000957
2 2 0.000376 0.021430 0.950179 0.002631 0.025385
2 2 0.000767 0.033028 0.927715 0.001300 0.037190
2 2 0.000644 0.028265 0.937966 0.001295 0.031831
2 2 0.000593 0.026905 0.938630 0.001287 0.032585
2 2 0.000810 0.035680 0.909074 0.001148 0.053287
2 2 0.001387 0.053699 0.874074 0.000641 0.070199
2 2 0.001928 0.073326 0.841493 0.000359 0.082893
2 2 0.001834 0.071970 0.821305 0.000523 0.104367
2 2 0.001944 0.077601 0.797495 0.000559 0.122401
2 2 0.001705 0.069798 0.836001 0.000530 0.091966
2 2 0.001614 0.063873 0.844813 0.000406 0.089293
2 2 0.001921 0.069162 0.812151 0.000391 0.116375
2 2 0.001116 0.053631 0.874284 0.000461 0.070508
2 2 0.001552 0.063726 0.854037 0.000457 0.080229
2 2 0.003503 0.099502 0.774241 0.000422 0.122331
2 2 0.007635 0.152308 0.680285 0.000395 0.159378
2 2 0.005506 0.131863 0.766140 0.000589 0.095902
2 2 0.005842 0.128789 0.722642 0.001118 0.141609
2 4 0.010972 0.161691 0.600236 0.001299 0.225802
4 4 0.016147 0.131357 0.328423 0.003013 0.521060
4 4 0.030745 0.078445 0.066212 0.001381 0.823217
4 4 0.032988 0.081760 0.071053 0.001343 0.812856
4 4 0.025919 0.065429 0.046128 0.000705 0.861819
4 4 0.019552 0.055722 0.035548 0.000929 0.888250
4 4 0.015136 0.068930 0.075807 0.003736 0.836390
4 4 0.017082 0.060220 0.048144 0.001603 0.872952
4 4 0.040259 0.054169 0.019622 0.000357 0.885592
4 4 0.051812 0.060940 0.022882 0.000307 0.864059
4 4 0.037425 0.040195 0.009881 0.000068 0.912431
4 4 0.010472 0.078976 0.174804 0.001702 0.734045
4 4 0.008958 0.050712 0.052594 0.000630 0.887107
4 4 0.009982 0.056138 0.060959 0.001683 0.871237
4 4 0.007693 0.047209 0.046209 0.001266 0.897623
4 4 0.019663 0.043063 0.018255 0.000268 0.918752
4 4 0.027734 0.037955 0.010355 0.000101 0.923855
4 4 0.061190 0.053795 0.014399 0.000222 0.870393
4 1 0.089141 0.082985 0.034278 0.001255 0.792341
4 1 0.110362 0.159561 0.093747 0.003165 0.633165
4 2 0.095176 0.157883 0.065108 0.000886 0.680947
4 2 0.075364 0.160614 0.045803 0.000180 0.718040
2 2 0.004760 0.104831 0.667354 0.001024 0.222031
2 2 0.003688 0.082661 0.715706 0.001074 0.196872
2 2 0.002952 0.064393 0.718890 0.001349 0.212416
2 2 0.004119 0.074471 0.608607 0.001781 0.311022
2 2 0.006000 0.085330 0.501383 0.003032 0.404255
2 2 0.004160 0.075641 0.666182 0.004634 0.249383
4 4 0.010158 0.097373 0.403579 0.004486 0.484404
4 4 0.014411 0.093733 0.237442 0.002154 0.652261
4 4 0.016088 0.062562 0.062016 0.000410 0.858925
4 4 0.015017 0.050635 0.035358 0.000374 0.898616
4 4 0.016908 0.056641 0.043369 0.000562 0.882520
4 4 0.018334 0.054598 0.036440 0.000565 0.890063
4 4 0.015922 0.040555 0.018493 0.000211 0.924818
4 4 0.011995 0.025260 0.006796 0.000039 0.955909
4 4 0.014077 0.023760 0.005194 0.000025 0.956945
4 4 0.019556 0.031116 0.008061 0.000059 0.941207
4 4 0.014028 0.018070 0.002629 0.000007 0.965266
4 4 0.025254 0.024617 0.003733 0.000015 0.946380
4 4 0.042253 0.035289 0.006403 0.000046 0.916009
4 4 0.068791 0.072354 0.029224 0.000560 0.829072
4 4 0.014802 0.079658 0.124197 0.003018 0.778324
4 4 0.033030 0.057793 0.026743 0.000587 0.881847
4 4 0.047367 0.040178 0.008198 0.000074 0.904183
4 4 0.044288 0.037224 0.007087 0.000056 0.911346
4 4 0.038405 0.031668 0.005216 0.000031 0.924681
4 4 0.098583 0.131710 0.044352 0.000521 0.724833
4 4 0.141390 0.171377 0.059112 0.000759 0.627361
2 4 0.071272 0.290585 0.331838 0.003288 0.303017
2 1 0.128488 0.272369 0.369514 0.009251 0.220378
2 0 0.051531 0.192588 0.620977 0.015923 0.118982
2 0 0.055903 0.227202 0.588611 0.008989 0.119296
2 1 0.023974 0.177221 0.659161 0.004123 0.135521
2 1 0.006929 0.124630 0.761503 0.001460 0.105478
2 1 0.005931 0.148473 0.683577 0.000225 0.161793
2 2 0.001910 0.073480 0.844171 0.000290 0.080149
2 2 0.001339 0.058580 0.871943 0.000426 0.067712
2 2 0.000447 0.029144 0.938246 0.000576 0.031588
2 2 0.000306 0.022308 0.960255 0.000532 0.016599
2 2 0.000129 0.012436 0.977687 0.000790 0.008958
2 2 0.000103 0.009215 0.981443 0.001223 0.008017
2 2 0.000087 0.008176 0.982350 0.002500 0.006887
2 2 0.000046 0.005507 0.988699 0.002165 0.003583
2 2 0.000086 0.007746 0.984633 0.001397 0.006138
2 2 0.000077 0.008044 0.982881 0.001338 0.007660
2 2 0.000133 0.011368 0.973412 0.001253 0.013835
2 2 0.000072 0.008258 0.981194 0.001837 0.008640
2 2 0.000142 0.012278 0.969728 0.001614 0.016238
2 2 0.000119 0.009406 0.980395 0.001905 0.008176
2 2 0.000033 0.004188 0.990662 0.003109 0.002009
2 2 0.000042 0.004338 0.991257 0.002519 0.001843
2 2 0.000072 0.005685 0.989284 0.002312 0.002646
2 2 0.000386 0.017458 0.960006 0.003221 0.018929
2 2 0.000443 0.022804 0.946439 0.002786 0.027528
2 2 0.000753 0.032853 0.910457 0.002376 0.053561
2 2 0.001493 0.050958 0.876185 0.000900 0.070464
2 2 0.002043 0.058038 0.888860 0.000840 0.050219
2 2 0.001537 0.051962 0.906177 0.000979 0.039345
2 2 0.000428 0.023875 0.964589 0.001230 0.009877
2 1 0.001612 0.032964 0.940460 0.007984 0.016980
2 2 0.003587 0.043738 0.920548 0.018252 0.013876
2 2 0.002290 0.068526 0.787191 0.000477 0.141516
2 2 0.003410 0.089873 0.718102 0.000385 0.188230
2 2 0.001751 0.068999 0.789928 0.000444 0.138879
2 2 0.002444 0.091650 0.715321 0.000188 0.190396
2 2 0.001269 0.060351 0.839566 0.000191 0.098623
2 2 0.000984 0.050171 0.855261 0.000256 0.093329
2 2 0.000548 0.032468 0.910276 0.000582 0.056127
2 2 0.000371 0.026171 0.926923 0.000930 0.045606
2 2 0.000600 0.037320 0.901906 0.000675 0.059499
2 2 0.000921 0.044828 0.871136 0.000710 0.082405
2 2 0.006064 0.082503 0.786892 0.003750 0.120790
2 2 0.011201 0.095227 0.796071 0.010964 0.086538
2 1 0.010536 0.079556 0.845589 0.020453 0.043865
2 1 0.021498 0.124551 0.725511 0.012650 0.115790
2 2 0.007143 0.091899 0.840588 0.006369 0.054000
2 2 0.010166 0.116913 0.672692 0.003379 0.196850
2 2 0.003674 0.072230 0.757232 0.004213 0.162650
2 2 0.005270 0.078479 0.601898 0.004804 0.309548
2 2 0.005641 0.079846 0.594820 0.003913 0.315780
2 2 0.006228 0.082861 0.491163 0.002268 0.417480
2 2 0.000115 0.009699 0.981931 0.001554 0.006701
2 2 0.000183 0.012330 0.977633 0.001453 0.008401
2 2 0.000215 0.012742 0.977166 0.001854 0.008022
2 2 0.000286 0.016791 0.969283 0.002093 0.011547
2 2 0.000314 0.019345 0.962916 0.002357 0.015069
2 2 0.000514 0.027788 0.942018 0.001885 0.027796
2 2 0.000407 0.027229 0.945330 0.001283 0.025752
2 2 0.000316 0.019799 0.948610 0.001985 0.029290
2 2 0.000199 0.014575 0.963028 0.001583 0.020616
2 2 0.000433 0.021642 0.940473 0.001377 0.036076
2 2 0.000407 0.019619 0.950872 0.001721 0.027381
2 2 0.000375 0.021106 0.939409 0.001925 0.037186
2 2 0.000412 0.023705 0.923518 0.001397 0.050968
2 2 0.000440 0.026639 0.909726 0.000979 0.062216
2 2 0.000503 0.032705 0.903692 0.000580 0.062520
2 2 0.005173 0.069868 0.820866 0.004714 0.099379
2 1 0.014755 0.106616 0.778533 0.021532 0.078564
2 1 0.006960 0.065246 0.848272 0.048900 0.030622
2 2 0.011446 0.082923 0.827681 0.040393 0.037557
2 2 0.006216 0.061494 0.884308 0.025699 0.022283
2 2 0.000143 0.010490 0.980839 0.001248 0.007279
2 2 0.000682 0.027851 0.943955 0.000971 0.026540
2 2 0.000482 0.023033 0.951444 0.001552 0.023489
2 2 0.000334 0.019207 0.947872 0.003097 0.029490
2 4 0.000779 0.035361 0.858199 0.002577 0.103084
2 4 0.001794 0.051873 0.758807 0.002090 0.185437
2 4 0.002609 0.060377 0.707682 0.002364 0.226969
2 4 0.003781 0.072592 0.552491 0.003753 0.367382
4 4 0.007303 0.078656 0.236849 0.003823 0.673368
4 4 0.015840 0.047934 0.028163 0.000557 0.907506
4 4 0.028021 0.049583 0.020261 0.000350 0.901785
4 4 0.049504 0.071121 0.034291 0.001070 0.844015
4 4 0.071528 0.064338 0.020480 0.000447 0.843208
4 1 0.079845 0.124929 0.082406 0.001557 0.711263
4 1 0.073478 0.186039 0.104974 0.000624 0.634885
4 1 0.055248 0.264567 0.182156 0.000317 0.497712
4 1 0.034243 0.279227 0.310310 0.000217 0.376003
2 2 0.014232 0.221257 0.500781 0.000134 0.263596
2 2 0.012961 0.197465 0.564002 0.000188 0.225385
2 2 0.006901 0.136624 0.703986 0.000316 0.152174
2 2 0.000144 0.010982 0.975761 0.002187 0.010925
2 2 0.000163 0.011155 0.976382 0.001808 0.010491
2 2 0.000131 0.009699 0.981553 0.001526 0.007092
2 2 0.000074 0.006822 0.986895 0.002173 0.004035
2 2 0.000175 0.010796 0.978506 0.002859 0.007665
2 2 0.000239 0.013757 0.973627 0.002673 0.009703
2 2 0.000384 0.019373 0.963381 0.002576 0.014286
2 2 0.000145 0.009871 0.979059 0.004130 0.006795
2 2 0.000067 0.006454 0.984565 0.004956 0.003957
2 2 0.000059 0.006048 0.986681 0.003478 0.003735
2 2 0.000018 0.002814 0.991188 0.005005 0.000975
2 2 0.000016 0.002588 0.989758 0.006823 0.000815
2 2 0.000011 0.002097 0.990299 0.007011 0.000582
2 2 0.000022 0.003106 0.990618 0.005155 0.001099
2 2 0.000038 0.003893 0.990393 0.004277 0.001400
2 2 0.000037 0.004349 0.989370 0.004227 0.002017
