4 0 0.142849 0.087632 0.020717 0.003059 0.745743
4 0 0.161200 0.144399 0.029622 0.002121 0.662659
4 0 0.162268 0.128631 0.022533 0.001555 0.685013
4 0 0.099391 0.142035 0.029117 0.000971 0.728487
4 0 0.093953 0.111210 0.024241 0.001105 0.769491
4 0 0.137533 0.121416 0.023762 0.001339 0.715950
4 0 0.198689 0.080254 0.011741 0.001253 0.708063
4 0 0.160176 0.078629 0.012104 0.000974 0.748117
4 0 0.151993 0.107800 0.019666 0.001189 0.719352
4 0 0.163758 0.075493 0.011163 0.001000 0.748585
4 0 0.135768 0.067475 0.010663 0.001083 0.785011
4 0 0.260242 0.046190 0.004030 0.000715 0.688822
4 0 0.221183 0.046178 0.004316 0.000630 0.727693
4 0 0.231288 0.051772 0.004717 0.000555 0.711668
4 0 0.202463 0.048236 0.004760 0.000598 0.743942
4 0 0.141836 0.051968 0.007387 0.000896 0.797913
4 0 0.133081 0.043730 0.006354 0.000949 0.815886
4 0 0.192047 0.055392 0.007797 0.001523 0.743240
4 0 0.181445 0.060814 0.008398 0.001322 0.748022
4 0 0.224878 0.053677 0.006122 0.001348 0.713975
4 1 0.281895 0.079786 0.010571 0.001558 0.626190
0 1 0.785591 0.061214 0.006816 0.006466 0.139914
0 1 0.871064 0.045352 0.005930 0.012946 0.064708
0 1 0.849590 0.050534 0.006257 0.010529 0.083090
0 0 0.910018 0.029296 0.003763 0.011985 0.044938
0 0 0.915355 0.027011 0.004027 0.014102 0.039505
0 0 0.857178 0.027787 0.002360 0.005101 0.107573
4 0 0.410260 0.062027 0.008122 0.003182 0.516409
4 0 0.248501 0.083714 0.010672 0.001474 0.655639
4 0 0.204669 0.099532 0.011792 0.000805 0.683202
4 0 0.160037 0.100862 0.014424 0.000944 0.723733
4 1 0.063265 0.085852 0.019079 0.000787 0.831017
4 1 0.061845 0.096935 0.022403 0.000837 0.817980
4 1 0.030919 0.095904 0.038070 0.001465 0.833641
4 1 0.019721 0.072813 0.032270 0.001267 0.873930
4 1 0.021433 0.092063 0.045621 0.001701 0.839182
4 2 0.018682 0.111416 0.076347 0.003264 0.790291
4 2 0.016707 0.108554 0.092202 0.004999 0.777538
4 1 0.017073 0.084021 0.060931 0.003022 0.834952
4 2 0.015200 0.083459 0.064290 0.002445 0.834606
2 2 0.000085 0.008920 0.962806 0.025504 0.002685
2 2 0.000008 0.001938 0.978711 0.019014 0.000330
2 2 0.000001 0.000520 0.978734 0.020697 0.000048
2 2 0.000001 0.000573 0.985104 0.014262 0.000059
2 2 0.000002 0.000919 0.986930 0.012049 0.000100
2 2 0.000001 0.000515 0.984494 0.014946 0.000044
2 2 0.000001 0.000508 0.987345 0.012100 0.000046
2 2 0.000001 0.000509 0.985685 0.013761 0.000044
2 2 0.000001 0.000563 0.990459 0.008926 0.000051
2 2 0.000003 0.000963 0.988002 0.010926 0.000107
2 2 0.000002 0.000796 0.988380 0.010754 0.000069
2 2 0.000006 0.001428 0.984213 0.014217 0.000136
2 2 0.000010 0.001911 0.983212 0.014668 0.000199
2 2 0.000010 0.001923 0.978490 0.019359 0.000219
2 2 0.000009 0.001843 0.967502 0.030391 0.000255
2 2 0.000004 0.001021 0.967608 0.031261 0.000107
2 2 0.000004 0.001081 0.969636 0.029166 0.000113
2 2 0.000001 0.000560 0.969165 0.030225 0.000049
2 2 0.000001 0.000365 0.962858 0.036754 0.000022
2 2 0.000001 0.000382 0.967846 0.031751 0.000020
2 2 0.000015 0.001580 0.915972 0.082330 0.000102
2 2 0.000018 0.001668 0.879144 0.119050 0.000121
2 2 0.000010 0.001041 0.850686 0.148208 0.000056
2 2 0.000010 0.000873 0.759619 0.239456 0.000041
2 2 0.000008 0.001037 0.841704 0.157176 0.000075
2 2 0.000005 0.000744 0.797218 0.201982 0.000051
2 2 0.000007 0.000838 0.700111 0.298968 0.000076
2 2 0.000010 0.000940 0.606766 0.392182 0.000103
3 2 0.000030 0.001103 0.375969 0.622726 0.000172
3 2 0.000039 0.001524 0.401086 0.597016 0.000334
3 3 0.000023 0.000594 0.198536 0.800712 0.000136
3 3 0.000022 0.000483 0.172255 0.827129 0.000111
3 3 0.000032 0.000646 0.240077 0.759153 0.000092
3 3 0.000078 0.001112 0.307541 0.691149 0.000120
3 3 0.000080 0.001243 0.361537 0.637034 0.000107
3 3 0.000038 0.000577 0.221834 0.777477 0.000074
3 3 0.000021 0.000436 0.192493 0.806979 0.000071
3 3 0.000010 0.000248 0.153367 0.846331 0.000044
3 3 0.000012 0.000257 0.131951 0.867722 0.000057
3 3 0.000008 0.000177 0.128134 0.871649 0.000032
3 3 0.000026 0.000390 0.136466 0.863022 0.000095
3 3 0.000022 0.000221 0.071791 0.927880 0.000086
3 3 0.000045 0.000226 0.039444 0.960130 0.000155
3 3 0.000126 0.000285 0.024629 0.974647 0.000313
3 3 0.000072 0.000235 0.027196 0.972258 0.000239
3 3 0.000056 0.000212 0.025631 0.973865 0.000236
3 3 0.000056 0.000235 0.033056 0.966454 0.000199
3 3 0.000088 0.000219 0.024385 0.975086 0.000222
3 3 0.000126 0.000328 0.033309 0.965951 0.000286
3 3 0.000056 0.000316 0.054675 0.944766 0.000187
3 3 0.000091 0.000629 0.102460 0.896586 0.000233
3 3 0.000024 0.000401 0.189912 0.809607 0.000056
3 3 0.000043 0.000872 0.295327 0.703656 0.000103
3 3 0.000016 0.000481 0.338882 0.660590 0.000032
3 3 0.000017 0.000371 0.250322 0.749259 0.000031
3 3 0.000016 0.000252 0.175951 0.823754 0.000026
3 3 0.000013 0.000186 0.122541 0.877230 0.000030
3 3 0.000018 0.000272 0.125411 0.874241 0.000059
3 3 0.000010 0.000185 0.103750 0.896009 0.000046
3 3 0.000019 0.000261 0.107760 0.891891 0.000069
3 3 0.000027 0.000249 0.060966 0.938626 0.000131
3 3 0.000030 0.000221 0.049845 0.949773 0.000131
3 3 0.000049 0.000171 0.026552 0.973083 0.000145
3 3 0.000031 0.000148 0.031980 0.967739 0.000102
3 3 0.000044 0.000209 0.039334 0.960279 0.000134
3 3 0.000027 0.000132 0.028135 0.971601 0.000105
3 3 0.000036 0.000152 0.029253 0.970445 0.000114
3 3 0.000022 0.000104 0.026555 0.973242 0.000076
3 3 0.000026 0.000175 0.053544 0.946179 0.000075
3 3 0.000009 0.000081 0.044974 0.954903 0.000033
3 3 0.000015 0.000097 0.045066 0.954787 0.000035
3 3 0.000065 0.000217 0.041021 0.958584 0.000112
3 3 0.000058 0.000177 0.031584 0.968072 0.000110
3 3 0.000061 0.000193 0.029605 0.969997 0.000143
3 3 0.000044 0.000179 0.027225 0.972382 0.000171
3 3 0.000036 0.000121 0.017650 0.982038 0.000156
3 3 0.000080 0.000182 0.020370 0.979158 0.000209
3 3 0.000063 0.000173 0.020803 0.978755 0.000205
3 3 0.000036 0.000147 0.021655 0.977982 0.000180
3 3 0.000056 0.000181 0.021205 0.978327 0.000231
3 3 0.000067 0.000337 0.056289 0.943135 0.000173
3 3 0.000022 0.000120 0.031289 0.968490 0.000078
3 3 0.000026 0.000145 0.038458 0.961290 0.000081
3 3 0.000022 0.000205 0.066087 0.933604 0.000081
3 3 0.000024 0.000272 0.093335 0.906285 0.000084
3 3 0.000023 0.000381 0.168806 0.830727 0.000064
3 3 0.000054 0.001234 0.349567 0.649002 0.000144
2 3 0.000059 0.002510 0.689830 0.307423 0.000178
2 2 0.000037 0.002896 0.883934 0.112845 0.000288
2 2 0.000041 0.003654 0.930361 0.065500 0.000443
2 2 0.000026 0.003017 0.939818 0.056722 0.000417
2 2 0.000041 0.004456 0.958689 0.036098 0.000716
2 2 0.000027 0.003229 0.965084 0.031271 0.000388
2 2 0.000029 0.003549 0.965590 0.030346 0.000486
2 2 0.000015 0.001995 0.949356 0.048445 0.000189
2 2 0.000028 0.002353 0.831508 0.165850 0.000262
2 2 0.000031 0.002878 0.862113 0.134574 0.000404
2 2 0.000018 0.002416 0.868516 0.128572 0.000477
2 2 0.000016 0.002362 0.885392 0.111758 0.000472
2 2 0.000025 0.002739 0.867463 0.129317 0.000456
2 2 0.000005 0.000617 0.781930 0.217418 0.000030
2 2 0.000009 0.000817 0.748731 0.250405 0.000037
2 2 0.000007 0.000660 0.763995 0.235312 0.000026
2 2 0.000003 0.000430 0.765453 0.234099 0.000015
2 2 0.000001 0.000244 0.835184 0.164563 0.000008
2 2 0.000001 0.000191 0.816369 0.183434 0.000005
2 2 0.000002 0.000238 0.690166 0.309587 0.000007
2 2 0.000005 0.000360 0.511891 0.487731 0.000013
3 2 0.000008 0.000445 0.429142 0.570383 0.000022
3 3 0.000020 0.000802 0.458258 0.540873 0.000047
3 3 0.000008 0.000342 0.346289 0.653341 0.000020
3 3 0.000003 0.000181 0.272814 0.726990 0.000012
3 3 0.000002 0.000166 0.267018 0.732801 0.000012
3 3 0.000003 0.000162 0.260801 0.739022 0.000012
3 3 0.000005 0.000170 0.183401 0.816406 0.000018
3 3 0.000004 0.000134 0.169221 0.830627 0.000014
3 3 0.000005 0.000155 0.139802 0.860014 0.000024
3 3 0.000005 0.000144 0.126735 0.873091 0.000025
3 3 0.000008 0.000209 0.154424 0.845326 0.000034
3 3 0.000009 0.000231 0.183020 0.816711 0.000028
3 3 0.000013 0.000192 0.151685 0.848088 0.000021
3 3 0.000010 0.000171 0.164416 0.835388 0.000015
3 3 0.000013 0.000195 0.143034 0.856734 0.000024
3 3 0.000034 0.000348 0.143194 0.856367 0.000057
3 3 0.000075 0.000549 0.141160 0.858105 0.000111
3 3 0.000022 0.000271 0.101682 0.897948 0.000077
3 3 0.000009 0.000181 0.098718 0.901042 0.000050
3 3 0.000005 0.000109 0.080507 0.919347 0.000032
3 3 0.000009 0.000175 0.106996 0.892778 0.000041
3 3 0.000011 0.000181 0.119273 0.880504 0.000033
3 3 0.000008 0.000142 0.101048 0.898773 0.000029
3 3 0.000014 0.000161 0.088939 0.910850 0.000037
3 3 0.000102 0.000304 0.056736 0.942743 0.000115
3 3 0.000348 0.000552 0.059284 0.939600 0.000216
3 2 0.000572 0.001386 0.132547 0.865141 0.000353
3 2 0.007298 0.012343 0.366352 0.612104 0.001903
2 2 0.017137 0.046758 0.641302 0.289557 0.005246
2 2 0.009573 0.051416 0.763006 0.171885 0.004120
2 2 0.000221 0.007244 0.918167 0.073878 0.000490
2 2 0.000059 0.003847 0.946092 0.049715 0.000287
2 2 0.002698 0.047453 0.907894 0.033248 0.008707
2 2 0.003455 0.066140 0.881143 0.028467 0.020795
2 2 0.001729 0.045090 0.897387 0.040841 0.014953
2 0 0.002950 0.062097 0.881184 0.032913 0.020857
2 1 0.001605 0.045369 0.911300 0.027147 0.014579
2 2 0.000365 0.019449 0.949889 0.024867 0.005431
2 2 0.000165 0.012375 0.967116 0.017406 0.002939
2 2 0.000053 0.005813 0.973664 0.019441 0.001029
2 2 0.000032 0.004640 0.974629 0.019748 0.000951
2 2 0.000011 0.001915 0.978127 0.019748 0.000199
2 2 0.000031 0.003605 0.969439 0.026478 0.000446
2 2 0.000018 0.002656 0.973817 0.023194 0.000315
2 2 0.000006 0.001265 0.965543 0.033076 0.000110
2 2 0.000006 0.001284 0.977009 0.021585 0.000116
2 2 0.000005 0.000969 0.975762 0.023204 0.000061
2 2 0.000001 0.000443 0.978302 0.021228 0.000026
2 2 0.000000 0.000257 0.972754 0.026974 0.000015
2 2 0.000001 0.000440 0.971733 0.027792 0.000034
2 2 0.000001 0.000535 0.974849 0.024570 0.000044
2 2 0.000001 0.000418 0.976581 0.022979 0.000022
2 2 0.000117 0.010597 0.976576 0.010406 0.002304
2 2 0.000033 0.005544 0.984051 0.009055 0.001317
2 2 0.000037 0.006405 0.984480 0.007342 0.001736
2 2 0.000069 0.008389 0.983750 0.006014 0.001779
2 2 0.000167 0.015021 0.974566 0.006183 0.004063
2 2 0.000139 0.013829 0.977404 0.004981 0.003647
2 2 0.000020 0.004450 0.988660 0.005833 0.001036
2 2 0.000011 0.002824 0.991163 0.005520 0.000482
2 2 0.000013 0.002945 0.990041 0.006513 0.000488
2 2 0.000031 0.005145 0.988166 0.005720 0.000939
2 4 0.000049 0.007755 0.986074 0.004172 0.001949
2 4 0.000104 0.012983 0.978331 0.004364 0.004218
2 4 0.000419 0.035237 0.941584 0.003250 0.019510
2 4 0.001357 0.072675 0.867947 0.003367 0.054655
2 4 0.002012 0.098365 0.804263 0.002500 0.092860
2 4 0.001229 0.069736 0.875653 0.002805 0.050577
2 4 0.001072 0.069424 0.870782 0.002205 0.056517
2 4 0.000815 0.060999 0.886088 0.002025 0.050073
2 4 0.000721 0.065168 0.856771 0.001743 0.075596
2 4 0.000714 0.066382 0.848166 0.001732 0.083007
2 4 0.001202 0.077115 0.844948 0.002346 0.074389
2 4 0.001061 0.067887 0.876097 0.002240 0.052715
2 4 0.000621 0.049945 0.914930 0.001719 0.032786
2 4 0.000537 0.046435 0.917833 0.002112 0.033083
2 4 0.000964 0.070544 0.859533 0.001850 0.067110
2 4 0.001487 0.087926 0.821394 0.002035 0.087157
2 4 0.001479 0.089649 0.811147 0.002021 0.095705
2 4 0.001041 0.062025 0.889646 0.003393 0.043895
2 4 0.001537 0.067200 0.885197 0.005879 0.040188
2 4 0.002745 0.077493 0.882021 0.006938 0.030802
2 4 0.002663 0.073187 0.883123 0.010807 0.030219
2 2 0.000374 0.020701 0.958273 0.015147 0.005505
2 2 0.000272 0.013529 0.965273 0.018901 0.002025
2 2 0.000836 0.030141 0.956256 0.007469 0.005298
2 2 0.001040 0.034786 0.954687 0.004139 0.005347
2 2 0.000307 0.021004 0.970922 0.003194 0.004572
2 2 0.000109 0.010400 0.985670 0.002370 0.001450
2 2 0.000128 0.009596 0.985405 0.003856 0.001015
2 2 0.000057 0.007222 0.987935 0.003633 0.001153
2 2 0.000025 0.004523 0.991310 0.003461 0.000681
2 2 0.017200 0.136367 0.803732 0.017191 0.025509
2 2 0.005591 0.078202 0.881063 0.019205 0.015939
2 2 0.001772 0.040970 0.928328 0.021059 0.007871
2 2 0.000844 0.025002 0.949086 0.021266 0.003802
2 2 0.000080 0.007939 0.980985 0.009613 0.001384
2 2 0.000029 0.004050 0.989613 0.005857 0.000450
2 2 0.000016 0.002839 0.989058 0.007762 0.000325
2 2 0.000010 0.002338 0.988690 0.008640 0.000321
2 2 0.000006 0.001513 0.990308 0.008022 0.000151
2 2 0.000009 0.002086 0.990821 0.006836 0.000249
2 2 0.000018 0.003365 0.990681 0.005471 0.000465
2 2 0.000020 0.004615 0.990883 0.003453 0.001029
2 2 0.000034 0.005907 0.988257 0.004546 0.001255
2 2 0.000099 0.010224 0.982942 0.004745 0.001990
2 2 0.000109 0.010511 0.976898 0.010041 0.002440
2 2 0.000045 0.006602 0.981786 0.009927 0.001641
2 2 0.000036 0.005288 0.986673 0.007093 0.000910
2 2 0.000086 0.008424 0.983441 0.006696 0.001352
2 2 0.000017 0.002764 0.989567 0.007377 0.000275
2 2 0.000102 0.006283 0.981752 0.011421 0.000441
2 0 0.021763 0.205943 0.398805 0.008556 0.364932
4 1 0.024324 0.202108 0.195284 0.002865 0.575418
4 0 0.060915 0.232313 0.115727 0.001978 0.589067
4 0 0.082121 0.236712 0.098148 0.002138 0.580881
4 1 0.049161 0.254991 0.168439 0.002272 0.525137
2 1 0.012946 0.198651 0.502825 0.006052 0.279526
2 2 0.001920 0.068680 0.870746 0.014950 0.043703
2 2 0.000922 0.043237 0.925571 0.010631 0.019639
2 2 0.000156 0.012449 0.978427 0.006637 0.002331
2 2 0.000057 0.006309 0.987334 0.005479 0.000821
2 2 0.000014 0.002582 0.988000 0.009118 0.000286
2 2 0.000015 0.002703 0.985723 0.011218 0.000340
2 2 0.000017 0.003143 0.983773 0.012573 0.000494
2 2 0.000011 0.002158 0.982447 0.015135 0.000248
2 2 0.000021 0.003615 0.987129 0.008691 0.000545
2 2 0.000013 0.002900 0.990150 0.006473 0.000464
2 2 0.000012 0.003319 0.992903 0.003155 0.000611
2 2 0.000007 0.002055 0.994499 0.003178 0.000262
2 2 0.000023 0.003770 0.990001 0.005733 0.000472
2 2 0.000032 0.003776 0.987975 0.007889 0.000328
2 2 0.000012 0.002657 0.991691 0.005282 0.000358
2 2 0.000006 0.001557 0.992755 0.005529 0.000153
2 2 0.000010 0.002224 0.991707 0.005805 0.000253
2 2 0.000004 0.000999 0.986049 0.012881 0.000067
2 2 0.000002 0.000657 0.980015 0.019282 0.000043
2 2 0.000004 0.000986 0.978477 0.020452 0.000082
2 2 0.000002 0.000716 0.981390 0.017832 0.000059
2 2 0.000006 0.001431 0.983380 0.015038 0.000145
2 2 0.000007 0.001452 0.983189 0.015229 0.000122
2 2 0.000005 0.001123 0.984893 0.013909 0.000070
2 2 0.000006 0.001067 0.976067 0.022801 0.000058
2 2 0.000005 0.000904 0.979891 0.019159 0.000042
2 2 0.000007 0.001010 0.978850 0.020093 0.000039
2 2 0.000003 0.000482 0.951930 0.047573 0.000013
2 2 0.000002 0.000377 0.921704 0.077908 0.000009
2 2 0.000005 0.000674 0.945421 0.053881 0.000019
2 2 0.000006 0.000656 0.904517 0.094804 0.000016
2 2 0.000009 0.000643 0.751180 0.248151 0.000017
2 2 0.000010 0.000901 0.742404 0.256638 0.000047
2 2 0.000023 0.002044 0.848167 0.149578 0.000188
2 2 0.000126 0.004028 0.834127 0.161519 0.000200
2 2 0.000293 0.003748 0.589171 0.406592 0.000196
2 2 0.000725 0.009185 0.638637 0.350681 0.000772
2 2 0.000429 0.006319 0.602378 0.390354 0.000520
2 2 0.000473 0.004759 0.498852 0.495482 0.000435
3 2 0.000276 0.003101 0.419104 0.577185 0.000334
3 2 0.000128 0.002240 0.443510 0.553916 0.000206
3 2 0.000143 0.002443 0.430992 0.566167 0.000256
3 2 0.000037 0.000812 0.340442 0.658641 0.000069
3 2 0.000294 0.002576 0.430006 0.566933 0.000191
3 2 0.000082 0.001067 0.365825 0.632956 0.000070
3 2 0.000136 0.001633 0.408453 0.589666 0.000113
3 2 0.000132 0.001803 0.392966 0.604939 0.000161
3 3 0.000238 0.001546 0.187327 0.810522 0.000368
3 3 0.000256 0.001401 0.152984 0.844953 0.000406
3 3 0.000125 0.000595 0.066876 0.932060 0.000344
3 3 0.000068 0.000554 0.089507 0.909617 0.000255
3 3 0.000033 0.000287 0.080710 0.918871 0.000099
3 3 0.000009 0.000142 0.083446 0.916363 0.000039
3 3 0.000006 0.000113 0.094395 0.905463 0.000022
3 3 0.000013 0.000095 0.027671 0.972145 0.000077
3 3 0.000034 0.000120 0.019861 0.979859 0.000126
3 3 0.000028 0.000102 0.022033 0.977749 0.000088
3 3 0.000058 0.000093 0.011229 0.988483 0.000138
3 3 0.000217 0.000492 0.041295 0.957623 0.000373
3 3 0.000437 0.000778 0.042182 0.955916 0.000688
3 3 0.000779 0.001331 0.059961 0.936965 0.000965
3 3 0.000996 0.001238 0.041669 0.954814 0.001283
3 3 0.000153 0.000539 0.048116 0.950763 0.000429
3 3 0.000257 0.000688 0.046227 0.952241 0.000587
3 3 0.000083 0.000346 0.043695 0.955620 0.000256
3 3 0.000185 0.000390 0.027595 0.971386 0.000444
3 3 0.000064 0.000227 0.028019 0.971462 0.000229
3 3 0.000044 0.000131 0.019114 0.980565 0.000147
3 3 0.000040 0.000164 0.030503 0.969172 0.000122
3 3 0.000020 0.000104 0.030189 0.969626 0.000061
3 3 0.000010 0.000089 0.045153 0.954715 0.000034
3 3 0.000029 0.000128 0.035801 0.963979 0.000062
3 3 0.000014 0.000070 0.026361 0.973517 0.000040
3 3 0.000007 0.000052 0.028395 0.971520 0.000026
3 3 0.000022 0.000112 0.040086 0.959733 0.000047
3 3 0.000012 0.000082 0.038216 0.961654 0.000036
3 3 0.000016 0.000138 0.057774 0.942019 0.000052
3 3 0.000052 0.000140 0.020141 0.979515 0.000151
3 3 0.000034 0.000162 0.030984 0.968684 0.000137
3 3 0.000059 0.000168 0.019949 0.979611 0.000213
3 3 0.000110 0.000214 0.017245 0.982097 0.000333
3 3 0.000208 0.000248 0.015441 0.983720 0.000382
3 3 0.000076 0.000163 0.016576 0.982952 0.000233
3 3 0.000057 0.000176 0.018947 0.980555 0.000264
3 3 0.000031 0.000094 0.012709 0.987002 0.000164
3 3 0.000043 0.000080 0.007846 0.991832 0.000198
3 3 0.000033 0.000054 0.005836 0.993929 0.000149
3 3 0.000049 0.000059 0.004892 0.994808 0.000192
3 3 0.000073 0.000085 0.006341 0.993261 0.000240
3 3 0.000067 0.000072 0.004575 0.995001 0.000286
3 3 0.000252 0.000215 0.008042 0.990799 0.000692
3 3 0.000383 0.000228 0.006985 0.991614 0.000789
3 1 0.001698 0.000858 0.016741 0.978828 0.001875
3 1 0.005496 0.002777 0.039692 0.948296 0.003738
2 2 0.000276 0.014224 0.964629 0.018512 0.002360
2 2 0.000096 0.008217 0.973076 0.017147 0.001464
2 2 0.000028 0.003564 0.976267 0.019680 0.000461
2 2 0.000017 0.002673 0.982943 0.014078 0.000290
2 2 0.000045 0.004184 0.980471 0.014937 0.000363
2 2 0.000009 0.001665 0.980954 0.017235 0.000137
2 2 0.000041 0.004623 0.985191 0.009636 0.000509
2 2 0.000009 0.001794 0.985975 0.012053 0.000170
2 2 0.000014 0.002862 0.984057 0.012600 0.000466
2 2 0.000013 0.002553 0.982762 0.014293 0.000379
2 2 0.000017 0.003256 0.984340 0.011816 0.000571
2 2 0.000086 0.007967 0.977069 0.013465 0.001413
2 2 0.000280 0.016889 0.960431 0.018137 0.004263
2 2 0.001068 0.042051 0.930497 0.011663 0.014721
2 2 0.000535 0.026707 0.954077 0.011203 0.007478
2 2 0.000313 0.019760 0.963082 0.011394 0.005451
2 2 0.000509 0.027780 0.955753 0.007775 0.008183
2 2 0.000044 0.006332 0.986654 0.005775 0.001195
2 2 0.000008 0.002122 0.990629 0.006944 0.000296
2 2 0.000002 0.000728 0.988832 0.010374 0.000064
2 2 0.000010 0.002660 0.989533 0.007327 0.000469
2 2 0.000010 0.002544 0.989564 0.007474 0.000408
2 2 0.000008 0.001963 0.981067 0.016677 0.000285
2 2 0.000029 0.003728 0.980457 0.015319 0.000468
2 2 0.000085 0.007222 0.973606 0.017968 0.001119
2 2 0.000082 0.007323 0.968372 0.022885 0.001337
2 1 0.000089 0.008279 0.973232 0.016753 0.001647
2 2 0.000037 0.004166 0.980438 0.014878 0.000481
2 2 0.000024 0.003187 0.978535 0.017893 0.000361
2 2 0.000005 0.001292 0.983563 0.015025 0.000115
2 2 0.000002 0.000617 0.981730 0.017618 0.000033
2 2 0.000004 0.000870 0.978089 0.020991 0.000047
2 2 0.000001 0.000508 0.980530 0.018933 0.000028
2 2 0.000002 0.000630 0.977550 0.021776 0.000042
2 2 0.000004 0.000927 0.976687 0.022309 0.000074
2 2 0.000005 0.001149 0.971173 0.027578 0.000094
2 2 0.000003 0.000752 0.976374 0.022819 0.000053
2 2 0.000004 0.000835 0.972105 0.027010 0.000046
2 2 0.000010 0.001369 0.959845 0.038697 0.000078
2 2 0.000024 0.002271 0.954725 0.042828 0.000153
2 2 0.000004 0.000971 0.991862 0.007112 0.000052
2 2 0.000002 0.000775 0.993750 0.005419 0.000054
2 2 0.000002 0.000650 0.994816 0.004491 0.000041
2 2 0.000002 0.000707 0.991548 0.007708 0.000034
2 2 0.000003 0.000690 0.979332 0.019943 0.000033
2 2 0.000003 0.000646 0.973609 0.025714 0.000028
2 2 0.000003 0.000651 0.968403 0.030916 0.000027
2 2 0.000001 0.000279 0.947312 0.052399 0.000009
2 2 0.000002 0.000419 0.921830 0.077736 0.000013
2 2 0.000002 0.000424 0.918236 0.081324 0.000013
2 2 0.000008 0.000940 0.914124 0.084886 0.000043
2 2 0.000018 0.001013 0.918767 0.080186 0.000016
2 2 0.000640 0.006617 0.894773 0.097883 0.000087
2 1 0.000398 0.006607 0.959745 0.033141 0.000109
2 2 0.000125 0.003861 0.966901 0.029033 0.000080
2 2 0.000020 0.001330 0.949801 0.048819 0.000029
2 2 0.000014 0.001303 0.949496 0.049141 0.000046
2 2 0.000002 0.000597 0.976480 0.022894 0.000027
2 2 0.000001 0.000339 0.981817 0.017832 0.000011
2 2 0.000001 0.000348 0.942726 0.056912 0.000012
2 2 0.016282 0.074016 0.805491 0.098759 0.005453
2 2 0.012799 0.059943 0.797939 0.125346 0.003972
2 1 0.005485 0.045284 0.850115 0.095008 0.004107
2 2 0.000342 0.009948 0.942409 0.046629 0.000672
2 2 0.000015 0.001663 0.955277 0.042949 0.000095
2 2 0.000005 0.000866 0.953568 0.045519 0.000042
2 2 0.000007 0.000904 0.953872 0.045184 0.000032
2 2 0.000005 0.000812 0.963474 0.035673 0.000036
2 2 0.000004 0.000599 0.958151 0.041228 0.000018
2 2 0.000008 0.001067 0.950134 0.048743 0.000049
2 2 0.000010 0.001429 0.969654 0.028821 0.000086
2 2 0.000022 0.001977 0.952040 0.045857 0.000103
2 2 0.000013 0.001590 0.970565 0.027749 0.000084
2 2 0.000011 0.001198 0.958760 0.039985 0.000046
2 2 0.000011 0.001408 0.956586 0.041912 0.000083
2 2 0.000008 0.000992 0.931139 0.067813 0.000048
2 2 0.000016 0.001336 0.838287 0.160287 0.000073
2 2 0.000016 0.001246 0.841678 0.157001 0.000060
2 2 0.000007 0.000687 0.723840 0.275435 0.000031
2 2 0.000007 0.000699 0.799821 0.199447 0.000026
2 2 0.000010 0.001086 0.916296 0.082559 0.000049
2 2 0.000095 0.004726 0.890584 0.104179 0.000416
2 2 0.000195 0.009691 0.947988 0.040823 0.001303
2 2 0.000520 0.023098 0.947696 0.022792 0.005894
2 2 0.000750 0.043834 0.911501 0.013346 0.030570
2 4 0.004735 0.106841 0.527482 0.012795 0.348148
4 4 0.004750 0.089502 0.216676 0.004060 0.685013
4 4 0.005997 0.091191 0.247178 0.008123 0.647510
4 4 0.003705 0.092056 0.261222 0.006028 0.636989
4 4 0.004494 0.105337 0.235259 0.004235 0.650675
4 4 0.002845 0.074318 0.149328 0.003087 0.770422
4 4 0.004570 0.046560 0.064621 0.003036 0.881214
4 4 0.005496 0.029440 0.034277 0.003011 0.927776
4 4 0.005808 0.049713 0.084875 0.007629 0.851974
4 4 0.009385 0.046402 0.052681 0.005389 0.886142
4 4 0.009428 0.021176 0.016058 0.003164 0.950174
4 4 0.008984 0.017289 0.011115 0.002421 0.960190
4 4 0.006201 0.021386 0.019254 0.003499 0.949660
4 4 0.006153 0.026625 0.028366 0.004354 0.934502
4 4 0.005397 0.020930 0.021378 0.003595 0.948701
4 4 0.008360 0.132788 0.137114 0.000608 0.721129
4 4 0.004228 0.142038 0.341877 0.001069 0.510789
2 4 0.003562 0.145263 0.563985 0.001287 0.285903
2 4 0.002728 0.136043 0.679962 0.000979 0.180288
4 4 0.004491 0.135216 0.301328 0.001629 0.557336
4 4 0.003175 0.115036 0.281367 0.001932 0.598490
4 4 0.002378 0.061535 0.128104 0.001883 0.806100
4 4 0.003480 0.038943 0.052951 0.001562 0.903064
4 4 0.005136 0.023473 0.020975 0.001475 0.948940
4 4 0.015793 0.031236 0.021140 0.004320 0.927510
4 4 0.021611 0.058520 0.051942 0.011319 0.856608
4 4 0.027207 0.035764 0.027486 0.015353 0.894191
4 4 0.044558 0.049068 0.031481 0.016406 0.858487
4 4 0.049569 0.048724 0.030941 0.018052 0.852714
4 4 0.052620 0.046202 0.024127 0.010869 0.866182
4 4 0.042061 0.033040 0.016817 0.009111 0.898972
4 4 0.031290 0.025843 0.013128 0.007187 0.922552
4 4 0.044880 0.056011 0.030624 0.007181 0.861304
4 1 0.156729 0.154002 0.068307 0.007274 0.613688
4 1 0.165047 0.267362 0.109945 0.006094 0.451553
4 1 0.006267 0.150106 0.242466 0.001017 0.600145
2 1 0.002417 0.131715 0.659032 0.001067 0.205769
2 1 0.001429 0.100261 0.769558 0.000971 0.127782
2 1 0.000860 0.065889 0.879519 0.001229 0.052504
2 1 0.000816 0.057810 0.905412 0.001305 0.034656
2 1 0.003495 0.117022 0.809234 0.001716 0.068533
2 1 0.004875 0.139644 0.761724 0.002002 0.091755
2 1 0.005762 0.162114 0.694046 0.001806 0.136272
4 1 0.022476 0.242184 0.358477 0.002610 0.374253
4 1 0.011146 0.203506 0.363561 0.001695 0.420092
2 4 0.007284 0.176868 0.427554 0.001904 0.386390
2 4 0.005586 0.166203 0.442227 0.001588 0.384395
2 4 0.004173 0.159463 0.526234 0.001355 0.308775
2 4 0.007259 0.199507 0.449544 0.001083 0.342607
2 4 0.002601 0.128024 0.710700 0.001244 0.157431
2 4 0.002344 0.124482 0.690051 0.001457 0.181665
2 4 0.003399 0.149509 0.627641 0.001154 0.218297
2 4 0.003687 0.147858 0.486815 0.001362 0.360279
2 4 0.003726 0.146726 0.468814 0.001431 0.379304
4 4 0.007444 0.127964 0.156620 0.001078 0.706895
4 4 0.007843 0.016593 0.012556 0.003043 0.959965
4 4 0.009369 0.014016 0.011912 0.007386 0.957318
4 4 0.010597 0.021177 0.018313 0.006639 0.943273
4 4 0.009114 0.014859 0.011361 0.004185 0.960481
4 4 0.009971 0.023966 0.020037 0.004114 0.941913
4 4 0.006169 0.033085 0.035684 0.002659 0.922403
4 4 0.007724 0.034071 0.030879 0.002024 0.925302
4 4 0.008116 0.027849 0.019484 0.001156 0.943396
4 4 0.027808 0.050709 0.028744 0.002807 0.889932
4 4 0.068346 0.069356 0.031572 0.004864 0.825862
4 4 0.105280 0.062272 0.022926 0.005854 0.803668
4 4 0.080891 0.051755 0.022132 0.008045 0.837176
4 4 0.103016 0.081092 0.030782 0.007014 0.778097
4 4 0.112582 0.081509 0.026821 0.005940 0.773148
4 4 0.015758 0.032039 0.011870 0.000727 0.939605
4 4 0.020524 0.091955 0.037119 0.000730 0.849671
4 4 0.032750 0.185440 0.095487 0.000681 0.685641
2 4 0.010370 0.220508 0.401147 0.001407 0.366568
2 4 0.005518 0.180976 0.566815 0.001093 0.245598
2 4 0.003586 0.147246 0.689649 0.000986 0.158533
2 4 0.003180 0.126719 0.768595 0.001203 0.100303
2 4 0.001315 0.085539 0.841688 0.000927 0.070533
2 4 0.000893 0.078551 0.836976 0.000686 0.082894
2 4 0.000922 0.074303 0.861917 0.000685 0.062174
2 4 0.002536 0.128977 0.730334 0.000761 0.137392
4 4 0.009383 0.191064 0.312574 0.001436 0.485543
4 4 0.006440 0.120146 0.184572 0.002534 0.686309
4 4 0.006276 0.055116 0.084876 0.006327 0.847406
4 4 0.006198 0.045152 0.073230 0.009322 0.866098
4 4 0.007651 0.052360 0.064065 0.004919 0.871005
4 4 0.007621 0.071355 0.092230 0.004744 0.824050
4 4 0.005633 0.131339 0.267601 0.002430 0.592997
2 2 0.002869 0.134380 0.664294 0.001655 0.196803
2 2 0.001199 0.080323 0.847303 0.001238 0.069937
2 2 0.001061 0.076091 0.854471 0.001200 0.067177
2 2 0.001092 0.070263 0.877909 0.001427 0.049309
2 2 0.001519 0.085673 0.842796 0.001587 0.068425
2 2 0.001295 0.087317 0.818480 0.001361 0.091547
2 2 0.001458 0.092357 0.808965 0.001356 0.095864
2 2 0.002027 0.100236 0.809170 0.001752 0.086816
2 2 0.000092 0.007363 0.987874 0.004030 0.000641
2 2 0.000159 0.010666 0.982775 0.005198 0.001201
2 2 0.000269 0.017756 0.973534 0.004963 0.003479
2 2 0.000282 0.022183 0.967949 0.003257 0.006329
2 2 0.000447 0.036356 0.941854 0.002665 0.018679
2 2 0.000324 0.029933 0.954452 0.002026 0.013264
2 2 0.000246 0.023382 0.967057 0.001729 0.007587
2 2 0.000094 0.012120 0.983213 0.001732 0.002842
2 2 0.000051 0.007515 0.989237 0.001931 0.001266
2 2 0.000045 0.006241 0.990466 0.002408 0.000840
2 2 0.000013 0.002739 0.994529 0.002447 0.000272
2 2 0.000009 0.002435 0.994149 0.003114 0.000293
2 2 0.000012 0.002617 0.991758 0.005306 0.000306
2 2 0.000021 0.003470 0.985597 0.010425 0.000486
2 2 0.000015 0.002943 0.987196 0.009413 0.000433
2 2 0.000040 0.005207 0.986922 0.007095 0.000736
2 2 0.000027 0.003683 0.991548 0.004416 0.000325
2 2 0.000041 0.005173 0.990035 0.004162 0.000590
2 2 0.000008 0.001866 0.993034 0.004934 0.000157
2 2 0.000018 0.003228 0.993174 0.003256 0.000324
2 2 0.000100 0.012702 0.981651 0.002225 0.003321
2 2 0.000023 0.004904 0.989949 0.004057 0.001067
2 2 0.000011 0.003167 0.989345 0.006742 0.000735
2 2 0.000022 0.004281 0.988840 0.006025 0.000832
2 2 0.000029 0.005038 0.987909 0.006020 0.001004
2 2 0.000028 0.005066 0.990722 0.003298 0.000887
2 2 0.000015 0.003621 0.992658 0.003068 0.000638
2 2 0.000014 0.003494 0.993335 0.002557 0.000601
2 2 0.000015 0.003546 0.992930 0.002941 0.000569
2 2 0.000010 0.002328 0.993712 0.003708 0.000241
2 2 0.000011 0.001944 0.992030 0.005889 0.000125
2 2 0.000015 0.002455 0.991173 0.006157 0.000200
2 2 0.000024 0.002980 0.991385 0.005422 0.000189
2 2 0.000009 0.001862 0.993386 0.004602 0.000142
2 2 0.000009 0.001984 0.991133 0.006691 0.000183
2 2 0.000002 0.000908 0.991777 0.007227 0.000086
2 2 0.000008 0.001870 0.989677 0.008238 0.000207
2 2 0.000011 0.002071 0.988317 0.009415 0.000186
2 2 0.000072 0.004807 0.983501 0.011342 0.000278
2 0 0.003851 0.035738 0.927919 0.030703 0.001789
2 1 0.002541 0.103723 0.824740 0.001630 0.067365
2 1 0.000486 0.041020 0.933220 0.001950 0.023323
2 2 0.000275 0.020859 0.970492 0.003167 0.005206
2 2 0.000313 0.019461 0.972611 0.003985 0.003630
2 2 0.000298 0.022919 0.966574 0.003469 0.006739
2 2 0.000068 0.008504 0.986815 0.003091 0.001523
2 2 0.000009 0.002522 0.994405 0.002743 0.000321
2 2 0.000014 0.003216 0.994072 0.002304 0.000393
2 2 0.000021 0.004923 0.992441 0.001690 0.000924
2 2 0.000093 0.012305 0.983662 0.001225 0.002715
2 2 0.000081 0.010928 0.985193 0.001488 0.002311
2 2 0.000103 0.014926 0.978434 0.001507 0.005030
2 2 0.000229 0.026627 0.960041 0.001174 0.011929
2 2 0.000045 0.009428 0.985945 0.001451 0.003132
2 2 0.000050 0.011258 0.982734 0.001179 0.004779
2 2 0.000010 0.003708 0.993457 0.001794 0.001032
2 2 0.000023 0.005621 0.990627 0.002218 0.001512
2 2 0.000024 0.005230 0.990894 0.002709 0.001143
2 2 0.000023 0.004500 0.990195 0.004464 0.000817
2 2 0.000030 0.005625 0.990617 0.002646 0.001083
2 2 0.000038 0.003646 0.989491 0.006610 0.000216
2 2 0.000007 0.001480 0.990898 0.007506 0.000109
2 2 0.000002 0.000759 0.990401 0.008778 0.000060
2 2 0.000003 0.001152 0.993065 0.005675 0.000104
2 2 0.000002 0.000776 0.992765 0.006412 0.000044
2 2 0.000003 0.000732 0.986806 0.012428 0.000031
2 2 0.000005 0.000861 0.983074 0.016029 0.000031
2 2 0.000009 0.001192 0.980441 0.018313 0.000044
2 2 0.000010 0.001192 0.974428 0.024328 0.000042
2 2 0.000006 0.000833 0.946154 0.052977 0.000029
2 2 0.000004 0.000697 0.948156 0.051112 0.000031
2 2 0.000004 0.000795 0.936476 0.062672 0.000053
2 2 0.000004 0.000928 0.958580 0.040421 0.000068
2 2 0.000002 0.000574 0.931536 0.067851 0.000036
2 2 0.000007 0.001058 0.935328 0.063544 0.000062
2 2 0.000005 0.000759 0.934629 0.064573 0.000034
2 2 0.000008 0.001084 0.953011 0.045842 0.000055
2 2 0.000011 0.001470 0.959895 0.038536 0.000087
2 2 0.000014 0.001601 0.885567 0.112681 0.000136
2 2 0.000031 0.002803 0.914186 0.082688 0.000292
2 2 0.000320 0.007399 0.708713 0.282836 0.000733
2 3 0.000168 0.005737 0.708228 0.285127 0.000740
2 3 0.000099 0.003777 0.663868 0.331776 0.000480
3 3 0.000040 0.001384 0.429412 0.568989 0.000176
3 3 0.000034 0.001111 0.420612 0.578133 0.000111
3 3 0.000040 0.001320 0.487993 0.510531 0.000116
2 3 0.000007 0.000778 0.723498 0.275665 0.000052
2 3 0.000003 0.000410 0.776875 0.222698 0.000014
2 3 0.000002 0.000256 0.638455 0.361278 0.000008
2 3 0.000004 0.000435 0.662372 0.337170 0.000020
3 3 0.000011 0.000606 0.446637 0.552696 0.000051
3 3 0.000027 0.000703 0.286181 0.713003 0.000086
3 3 0.000014 0.000396 0.231533 0.768007 0.000050
3 3 0.000005 0.000264 0.258234 0.741469 0.000028
3 3 0.000009 0.000327 0.254730 0.744900 0.000033
3 3 0.000016 0.000378 0.201440 0.798112 0.000054
3 3 0.000030 0.000427 0.133509 0.865920 0.000115
3 3 0.000056 0.000563 0.109730 0.889437 0.000215
3 3 0.000041 0.000553 0.155253 0.844022 0.000131
3 3 0.000057 0.000726 0.167587 0.831454 0.000175
3 3 0.000305 0.001821 0.195176 0.802244 0.000453
3 3 0.000425 0.002390 0.199885 0.796652 0.000648
3 3 0.000473 0.004970 0.466127 0.527849 0.000582
2 3 0.000961 0.013180 0.761053 0.223563 0.001243
2 2 0.000749 0.020471 0.918711 0.056884 0.003185
2 2 0.000969 0.031900 0.942393 0.017658 0.007080
2 2 0.000253 0.016312 0.971278 0.008773 0.003383
2 2 0.000109 0.008115 0.982584 0.008284 0.000909
2 2 0.000103 0.008740 0.981875 0.008018 0.001264
2 2 0.000081 0.007375 0.981433 0.010058 0.001053
2 2 0.000127 0.009519 0.980315 0.008723 0.001317
2 2 0.000547 0.029065 0.954814 0.007122 0.008452
2 2 0.001998 0.064183 0.898866 0.008856 0.026097
2 2 0.002376 0.088820 0.849518 0.004133 0.055153
2 2 0.006912 0.149710 0.623214 0.005693 0.214471
4 2 0.037747 0.154670 0.145501 0.004533 0.657548
4 1 0.030462 0.131228 0.083320 0.002090 0.752901
4 1 0.020827 0.199393 0.305361 0.007505 0.466914
2 2 0.006719 0.155873 0.568300 0.007835 0.261273
2 2 0.009090 0.158383 0.727406 0.007746 0.097374
2 2 0.003592 0.091260 0.857271 0.007586 0.040292
2 2 0.008303 0.147245 0.749221 0.009073 0.086158
2 2 0.021130 0.241594 0.495760 0.007175 0.234341
2 1 0.026437 0.261611 0.484524 0.005403 0.222024
2 2 0.020041 0.204473 0.676679 0.008758 0.090049
2 2 0.009293 0.162831 0.730371 0.004912 0.092592
2 2 0.003355 0.104420 0.822355 0.004645 0.065225
2 2 0.001443 0.069346 0.879867 0.004343 0.045000
2 2 0.002843 0.096371 0.830464 0.005528 0.064793
2 2 0.007396 0.161751 0.639579 0.005776 0.185497
4 1 0.051808 0.173217 0.099589 0.002166 0.673221
4 1 0.083014 0.120199 0.057097 0.002888 0.736802
4 0 0.113953 0.091304 0.036497 0.004297 0.753949
4 0 0.218180 0.076575 0.017754 0.004153 0.683339
4 0 0.211572 0.057945 0.010929 0.003082 0.716472
4 0 0.272298 0.037265 0.004082 0.001456 0.684900
4 0 0.111416 0.027168 0.003764 0.000713 0.856939
4 0 0.147063 0.044120 0.007603 0.001062 0.800152
4 0 0.271639 0.056934 0.011222 0.002451 0.657754
0 0 0.476874 0.051404 0.008807 0.004912 0.458003
0 0 0.995530 0.000401 0.000013 0.001161 0.002895
0 0 0.994979 0.000594 0.000034 0.002240 0.002153
0 0 0.991767 0.001242 0.000082 0.003048 0.003861
0 0 0.985541 0.002714 0.000194 0.004025 0.007525
0 0 0.973777 0.004983 0.000500 0.008048 0.012692
0 0 0.961227 0.006101 0.000730 0.013983 0.017959
0 0 0.980544 0.002376 0.000206 0.007886 0.008989
0 0 0.981116 0.001984 0.000159 0.007919 0.008822
0 0 0.987196 0.002174 0.000173 0.004429 0.006029
0 0 0.961083 0.010206 0.001063 0.007861 0.019786
0 0 0.883689 0.034530 0.004080 0.008331 0.069370
4 0 0.442076 0.074858 0.013789 0.006049 0.463228
4 0 0.151398 0.084265 0.026602 0.006289 0.731447
4 0 0.111413 0.064564 0.024502 0.008125 0.791396
4 0 0.081088 0.057766 0.027704 0.010800 0.822642
4 0 0.088636 0.041199 0.017232 0.011211 0.841723
4 0 0.088497 0.036661 0.013372 0.007515 0.853955
4 0 0.072220 0.050685 0.018555 0.004309 0.854231
4 0 0.087187 0.043515 0.010379 0.002258 0.856660
4 1 0.065030 0.050996 0.011827 0.001468 0.870679
4 1 0.049685 0.133511 0.039619 0.000823 0.776362
4 1 0.050494 0.138556 0.044133 0.000994 0.765823
4 1 0.048708 0.114435 0.033490 0.000797 0.802570
4 1 0.061114 0.139844 0.035580 0.000654 0.762809
4 1 0.062913 0.215720 0.091348 0.001404 0.628614
4 1 0.028355 0.261646 0.282272 0.002527 0.425201
4 1 0.029874 0.267938 0.295123 0.002919 0.404146
4 1 0.033785 0.241203 0.187803 0.001667 0.535543
4 1 0.034056 0.234368 0.171849 0.001488 0.558239
4 1 0.029267 0.184134 0.116078 0.001276 0.669244
4 1 0.025603 0.155966 0.085715 0.000827 0.731890
4 1 0.029349 0.149992 0.070998 0.000767 0.748894
4 1 0.015035 0.130168 0.085114 0.000606 0.769077
4 1 0.010221 0.121492 0.101711 0.000673 0.765902
4 1 0.006882 0.129234 0.154884 0.000692 0.708309
4 1 0.005971 0.133284 0.182762 0.000681 0.677302
4 1 0.005974 0.152557 0.262635 0.001056 0.577779
4 2 0.006319 0.170198 0.383296 0.001675 0.438513
2 2 0.004317 0.152259 0.664656 0.001846 0.176922
2 2 0.002661 0.114965 0.771624 0.002084 0.108666
2 2 0.000201 0.017904 0.971955 0.004616 0.005323
2 2 0.000048 0.008019 0.985038 0.004555 0.002340
2 2 0.000033 0.006492 0.987186 0.004480 0.001809
2 2 0.000034 0.006677 0.987879 0.003567 0.001843
2 2 0.000028 0.004815 0.991581 0.002869 0.000708
2 2 0.000023 0.003830 0.992043 0.003667 0.000437
2 2 0.000014 0.002421 0.993796 0.003589 0.000180
2 2 0.000013 0.002371 0.993878 0.003555 0.000183
2 2 0.000021 0.003351 0.992650 0.003673 0.000305
2 2 0.000012 0.002485 0.991733 0.005501 0.000268
2 2 0.000016 0.003248 0.990197 0.006051 0.000488
2 2 0.000014 0.003086 0.989847 0.006571 0.000481
2 2 0.000059 0.007396 0.984769 0.006354 0.001422
2 2 0.000074 0.010170 0.981363 0.005343 0.003049
2 2 0.000012 0.002703 0.987465 0.009363 0.000458
2 2 0.000018 0.003951 0.987689 0.007433 0.000909
2 2 0.000031 0.005605 0.987634 0.005451 0.001280
2 2 0.000072 0.009817 0.981805 0.005471 0.002835
2 4 0.000072 0.009842 0.982118 0.005158 0.002811
2 4 0.000194 0.021287 0.956403 0.008936 0.013180
2 4 0.001447 0.102762 0.737876 0.001217 0.156698
2 4 0.001977 0.115614 0.728931 0.001150 0.152327
2 4 0.003157 0.139035 0.699304 0.001099 0.157405
2 4 0.002070 0.116367 0.702701 0.001771 0.177090
2 4 0.001461 0.100227 0.695533 0.002544 0.200235
4 4 0.002253 0.109437 0.376927 0.002442 0.508941
2 4 0.004047 0.131070 0.452876 0.005064 0.406944
2 4 0.007162 0.157246 0.441812 0.005177 0.388603
2 4 0.003255 0.114227 0.735782 0.006393 0.140343
2 1 0.003603 0.118386 0.764107 0.005336 0.108568
2 1 0.001377 0.062786 0.904194 0.002967 0.028676
2 1 0.003443 0.079023 0.894530 0.003788 0.019216
2 1 0.001413 0.067002 0.897812 0.002130 0.031643
2 4 0.000343 0.026598 0.961642 0.002701 0.008716
2 4 0.000280 0.025360 0.960351 0.003397 0.010612
2 4 0.000635 0.043031 0.925048 0.005146 0.026140
2 4 0.000880 0.063176 0.843559 0.007837 0.084548
2 4 0.001089 0.070652 0.716395 0.010436 0.201428
2 4 0.002029 0.092329 0.541056 0.008888 0.355698
4 4 0.003977 0.076784 0.129757 0.002465 0.787016
4 4 0.017607 0.032156 0.024480 0.007166 0.918591
4 4 0.013909 0.037367 0.031316 0.006035 0.911372
4 4 0.007965 0.029230 0.025623 0.003394 0.933788
4 4 0.006201 0.055536 0.065456 0.002944 0.869863
4 4 0.003393 0.108101 0.264185 0.003354 0.620968
4 4 0.003547 0.109574 0.274485 0.004244 0.608149
4 4 0.005527 0.099731 0.171681 0.003160 0.719901
4 4 0.006455 0.118676 0.174988 0.002215 0.697665
4 4 0.008742 0.056924 0.032380 0.000464 0.901491
4 4 0.004645 0.048709 0.038912 0.000470 0.907263
4 4 0.004567 0.031710 0.022931 0.000567 0.940225
4 4 0.005080 0.040551 0.040269 0.001474 0.912626
4 4 0.005244 0.032380 0.029354 0.001551 0.931471
4 4 0.007113 0.020539 0.014268 0.001745 0.956334
4 4 0.005018 0.019437 0.014561 0.001341 0.959642
4 4 0.003315 0.032145 0.043120 0.002383 0.919037
4 4 0.005090 0.039599 0.042893 0.002307 0.910111
4 4 0.006865 0.073913 0.084339 0.002089 0.832794
4 4 0.012589 0.113234 0.108801 0.001949 0.763427
4 4 0.017495 0.137922 0.169688 0.003090 0.671805
4 4 0.031128 0.011187 0.006160 0.013219 0.938307
4 4 0.037258 0.018517 0.011518 0.018499 0.914207
4 4 0.039642 0.026678 0.017270 0.018310 0.898100
4 4 0.039320 0.026854 0.012938 0.007895 0.912993
4 4 0.032212 0.022092 0.009770 0.005750 0.930177
4 4 0.030092 0.027580 0.009732 0.002057 0.930540
4 4 0.026170 0.028541 0.012375 0.002170 0.930745
4 4 0.021483 0.038969 0.023925 0.002834 0.912790
4 4 0.028896 0.041950 0.025992 0.004804 0.898358
4 4 0.041333 0.034560 0.017499 0.005708 0.900899
4 4 0.041581 0.034183 0.019299 0.008296 0.896642
4 4 0.054484 0.058384 0.033178 0.010648 0.843306
4 4 0.038996 0.099194 0.072002 0.009269 0.780538
4 4 0.036285 0.053856 0.028213 0.003732 0.877914
4 4 0.044974 0.067629 0.031859 0.003357 0.852181
4 4 0.031117 0.050488 0.027522 0.003377 0.887496
4 4 0.040387 0.064863 0.041965 0.008570 0.844214
4 4 0.041830 0.048938 0.027386 0.008017 0.873829
4 4 0.054461 0.031132 0.011728 0.006125 0.896555
4 4 0.045023 0.037993 0.015046 0.003978 0.897961
4 4 0.003175 0.042938 0.051156 0.001113 0.901617
4 4 0.003293 0.100202 0.216550 0.002446 0.677509
4 4 0.003520 0.120978 0.303705 0.002569 0.569227
4 4 0.005128 0.124698 0.232861 0.002312 0.635000
4 4 0.007131 0.063354 0.058859 0.001773 0.868883
4 4 0.009255 0.045474 0.041834 0.003432 0.900005
4 4 0.020620 0.041473 0.035763 0.008656 0.893487
4 4 0.032964 0.031006 0.021271 0.011380 0.903379
4 4 0.068918 0.036134 0.019068 0.013362 0.862518
4 4 0.075445 0.024614 0.012138 0.017824 0.869979
4 4 0.090531 0.021549 0.009826 0.025773 0.852321
4 4 0.047324 0.014731 0.007843 0.021038 0.909065
4 4 0.033811 0.015616 0.010523 0.026249 0.913801
4 4 0.037141 0.016771 0.011288 0.026957 0.907843
4 4 0.019878 0.017667 0.018312 0.036005 0.908138
4 4 0.023201 0.018887 0.016314 0.021829 0.919770
