0 0 0.977331 0.002423 0.002767 0.000169 0.017310
0 0 0.996494 0.001037 0.000419 0.000006 0.002044
0 0 0.976702 0.008963 0.009373 0.001941 0.003021
0 0 0.977374 0.010498 0.006760 0.000706 0.004664
0 0 0.975865 0.017439 0.004944 0.000322 0.001430
0 0 0.930060 0.051429 0.013974 0.001238 0.003299
0 0 0.911592 0.073014 0.011621 0.000252 0.003521
0 0 0.750412 0.188561 0.043312 0.001146 0.016568
0 0 0.451487 0.374164 0.116308 0.002948 0.055093
1 0 0.337382 0.460046 0.135211 0.001907 0.065454
1 0 0.272642 0.525671 0.134314 0.000896 0.066476
1 0 0.239991 0.554938 0.136840 0.000705 0.067526
1 0 0.179786 0.612738 0.140175 0.000424 0.066877
1 0 0.108106 0.571962 0.176398 0.000757 0.142777
1 0 0.090872 0.542253 0.177016 0.000712 0.189147
1 0 0.094732 0.488278 0.171922 0.000681 0.244387
1 1 0.057346 0.424741 0.302207 0.001128 0.214577
1 1 0.051881 0.380155 0.351973 0.001573 0.214418
1 1 0.060291 0.369771 0.306478 0.001023 0.262436
1 1 0.064917 0.396361 0.329312 0.000825 0.208586
2 1 0.020058 0.239347 0.595862 0.011434 0.133300
2 1 0.012530 0.155016 0.755453 0.020281 0.056720
2 2 0.007950 0.093566 0.852413 0.016273 0.029799
2 2 0.007868 0.053158 0.876295 0.029798 0.032882
2 2 0.006544 0.039154 0.894384 0.041311 0.018607
2 2 0.005078 0.027048 0.922728 0.034784 0.010362
2 2 0.018769 0.058354 0.890359 0.013985 0.018534
2 2 0.034813 0.083631 0.848189 0.014208 0.019160
2 2 0.047506 0.128328 0.783888 0.010174 0.030103
2 1 0.057418 0.185625 0.702429 0.005775 0.048753
2 0 0.045552 0.298239 0.550919 0.002383 0.102907
2 1 0.030682 0.409239 0.428754 0.002190 0.129135
1 1 0.051715 0.430916 0.404825 0.003921 0.108623
2 1 0.028821 0.397019 0.455565 0.004266 0.114329
2 2 0.017015 0.287342 0.580497 0.008950 0.106197
2 2 0.011834 0.222578 0.667525 0.005590 0.092473
2 2 0.009816 0.187862 0.707838 0.004638 0.089845
2 2 0.009432 0.165250 0.737388 0.004851 0.083078
2 2 0.005084 0.079126 0.882126 0.005798 0.027866
2 2 0.007292 0.072736 0.896186 0.002867 0.020920
2 1 0.030805 0.119698 0.821363 0.011577 0.016557
2 1 0.014044 0.065990 0.883677 0.022608 0.013682
2 1 0.009669 0.047899 0.912138 0.023137 0.007157
2 2 0.004214 0.022914 0.924232 0.044261 0.004379
2 2 0.001779 0.012962 0.943550 0.040025 0.001684
2 2 0.002749 0.016548 0.970086 0.009474 0.001144
2 2 0.002975 0.011542 0.982235 0.002507 0.000742
2 2 0.003876 0.009648 0.984949 0.000922 0.000605
2 2 0.002208 0.004430 0.992383 0.000810 0.000169
2 2 0.000964 0.002009 0.995900 0.001084 0.000044
2 2 0.001491 0.003484 0.993896 0.001043 0.000086
2 2 0.000977 0.002840 0.993798 0.002324 0.000060
2 2 0.001040 0.003714 0.991737 0.003425 0.000084
2 2 0.000824 0.002897 0.988426 0.007800 0.000053
2 2 0.001059 0.003922 0.989748 0.005198 0.000073
2 2 0.000841 0.003567 0.990540 0.004983 0.000069
2 2 0.001027 0.003452 0.992589 0.002888 0.000044
2 2 0.001112 0.002828 0.994446 0.001575 0.000039
2 2 0.001320 0.002944 0.994456 0.001236 0.000044
2 2 0.000836 0.001838 0.995288 0.002019 0.000019
2 2 0.000619 0.001642 0.988907 0.008812 0.000020
2 2 0.001078 0.002245 0.978045 0.018597 0.000035
2 2 0.001131 0.002302 0.956737 0.039780 0.000050
2 2 0.000948 0.002135 0.917177 0.079673 0.000067
2 2 0.001579 0.003135 0.886425 0.108735 0.000126
2 3 0.002212 0.003443 0.867306 0.126907 0.000131
2 3 0.001906 0.002904 0.811095 0.183971 0.000124
2 3 0.001598 0.002455 0.829812 0.166044 0.000091
2 3 0.001455 0.002325 0.822199 0.173933 0.000089
2 3 0.002596 0.004115 0.677922 0.315057 0.000311
2 3 0.001455 0.002673 0.543167 0.452446 0.000259
3 3 0.000709 0.001571 0.356750 0.640744 0.000227
3 3 0.000490 0.001090 0.285124 0.713127 0.000169
3 3 0.000332 0.000774 0.232798 0.765965 0.000130
3 3 0.000218 0.000505 0.182369 0.816820 0.000088
3 3 0.000205 0.000473 0.178534 0.820706 0.000081
3 3 0.000286 0.000623 0.207528 0.791463 0.000101
3 3 0.000724 0.001281 0.284135 0.713678 0.000182
3 3 0.000356 0.000641 0.131294 0.867568 0.000142
3 3 0.000438 0.000755 0.127836 0.870792 0.000179
3 3 0.000953 0.001581 0.144726 0.852278 0.000461
3 3 0.000806 0.001244 0.121725 0.875864 0.000362
3 3 0.000585 0.000693 0.067976 0.930532 0.000215
3 3 0.000344 0.000433 0.066230 0.932878 0.000115
3 3 0.000359 0.000419 0.057924 0.941181 0.000117
3 3 0.000496 0.000644 0.077711 0.920966 0.000183
3 3 0.000452 0.000648 0.091293 0.907436 0.000171
3 3 0.000566 0.000870 0.110257 0.888074 0.000233
3 3 0.000792 0.001202 0.121871 0.875797 0.000339
3 3 0.000632 0.000932 0.105230 0.892945 0.000262
3 3 0.000475 0.000745 0.109848 0.888743 0.000190
3 3 0.000442 0.000604 0.082846 0.915945 0.000163
3 3 0.000479 0.000541 0.058732 0.940084 0.000164
3 3 0.000420 0.000399 0.040434 0.958618 0.000129
3 3 0.000483 0.000455 0.041432 0.957477 0.000153
3 3 0.000705 0.000673 0.047043 0.951334 0.000245
3 3 0.000812 0.000769 0.048059 0.950070 0.000291
3 3 0.001058 0.001378 0.095072 0.902025 0.000467
3 3 0.001253 0.001931 0.135447 0.860745 0.000624
3 2 0.007522 0.010039 0.398314 0.582030 0.002096
2 2 0.001391 0.009648 0.876138 0.111121 0.001702
2 2 0.001878 0.012910 0.934561 0.045919 0.004733
2 2 0.001441 0.011705 0.961623 0.017022 0.008209
2 2 0.003518 0.017149 0.931597 0.021607 0.026129
2 2 0.004759 0.020109 0.914048 0.025084 0.036000
2 2 0.007833 0.033706 0.862983 0.016640 0.078838
2 2 0.008027 0.044659 0.832798 0.008542 0.105973
2 2 0.008100 0.044018 0.827107 0.008215 0.112559
2 2 0.007759 0.036367 0.843549 0.010630 0.101694
2 2 0.006206 0.030180 0.872772 0.009998 0.080844
2 2 0.008244 0.035360 0.865274 0.020828 0.070294
2 2 0.019181 0.066142 0.830251 0.008068 0.076359
2 1 0.022989 0.081392 0.840850 0.008918 0.045851
2 1 0.012707 0.088486 0.853891 0.013198 0.031718
2 2 0.013177 0.091283 0.833410 0.016247 0.045882
2 2 0.012715 0.093731 0.836163 0.030269 0.027122
2 2 0.004541 0.045704 0.906248 0.025496 0.018012
2 2 0.002011 0.016993 0.958358 0.018229 0.004410
2 2 0.000874 0.007716 0.973001 0.016648 0.001762
2 2 0.000651 0.004650 0.976685 0.017259 0.000754
2 2 0.000223 0.002215 0.993340 0.003873 0.000349
2 2 0.000140 0.001291 0.991396 0.007089 0.000084
2 2 0.000382 0.002636 0.989732 0.006994 0.000256
2 2 0.000302 0.001854 0.985587 0.012122 0.000134
2 2 0.000225 0.001607 0.984136 0.013849 0.000183
2 2 0.000403 0.002178 0.988274 0.008863 0.000282
2 2 0.000422 0.002159 0.987496 0.009586 0.000337
2 2 0.000444 0.002241 0.992519 0.004538 0.000258
2 2 0.000563 0.002363 0.994140 0.002810 0.000124
2 2 0.000712 0.002637 0.994791 0.001733 0.000126
2 2 0.000647 0.002494 0.993821 0.002927 0.000111
2 2 0.000304 0.001868 0.992332 0.005365 0.000131
2 2 0.000351 0.002195 0.992192 0.005043 0.000219
2 2 0.000142 0.001610 0.991407 0.006560 0.000280
2 2 0.000137 0.001679 0.985170 0.012405 0.000609
2 2 0.000146 0.001434 0.979522 0.018297 0.000600
2 2 0.000143 0.001375 0.971442 0.026572 0.000468
2 2 0.000152 0.001382 0.968873 0.029262 0.000331
2 2 0.000150 0.001285 0.965710 0.032710 0.000145
2 2 0.000251 0.001873 0.976101 0.021650 0.000125
2 2 0.000224 0.001130 0.899080 0.099513 0.000053
2 2 0.000207 0.000978 0.857246 0.141520 0.000049
2 2 0.000451 0.001704 0.919720 0.078055 0.000070
2 2 0.000340 0.001370 0.895303 0.102926 0.000061
2 2 0.000248 0.001131 0.926502 0.072077 0.000042
2 2 0.000241 0.001171 0.952598 0.045952 0.000038
2 2 0.000253 0.001103 0.973527 0.025093 0.000024
2 2 0.000363 0.001203 0.980797 0.017617 0.000019
2 2 0.000176 0.000645 0.973643 0.025524 0.000011
2 2 0.000241 0.000760 0.965058 0.033929 0.000013
2 3 0.000229 0.000765 0.938555 0.060432 0.000017
2 3 0.000348 0.000960 0.902315 0.096351 0.000026
2 3 0.000533 0.001209 0.833694 0.164521 0.000043
2 3 0.000754 0.001460 0.638651 0.359049 0.000087
2 3 0.001170 0.002304 0.605243 0.391096 0.000187
2 3 0.003579 0.005086 0.596759 0.394095 0.000481
2 3 0.008307 0.008939 0.600630 0.381243 0.000881
3 3 0.006079 0.006951 0.418854 0.567088 0.001028
3 3 0.003156 0.004732 0.323674 0.667481 0.000957
3 3 0.003286 0.004920 0.297070 0.693615 0.001110
3 3 0.000947 0.001609 0.150888 0.846092 0.000463
3 3 0.001043 0.001709 0.144788 0.851947 0.000512
3 3 0.000981 0.001745 0.164977 0.831802 0.000495
3 3 0.001152 0.002132 0.197145 0.798996 0.000576
3 3 0.001671 0.002900 0.222246 0.772416 0.000767
3 3 0.001167 0.001780 0.130714 0.865771 0.000568
3 3 0.001209 0.001768 0.121970 0.874471 0.000582
3 3 0.001305 0.001536 0.082933 0.913649 0.000576
3 3 0.001376 0.001738 0.096041 0.900209 0.000636
3 3 0.002157 0.002253 0.075287 0.919291 0.001013
3 3 0.002381 0.002550 0.081025 0.912887 0.001157
3 3 0.002284 0.002799 0.103286 0.890458 0.001172
3 3 0.002943 0.004036 0.135363 0.855964 0.001694
3 3 0.002011 0.002997 0.143379 0.850512 0.001102
3 3 0.001738 0.002403 0.120583 0.874390 0.000886
3 3 0.001714 0.001918 0.080846 0.914734 0.000788
3 3 0.001471 0.001499 0.064947 0.931458 0.000625
3 3 0.001746 0.001768 0.067150 0.928566 0.000769
3 3 0.001042 0.000984 0.051180 0.946400 0.000395
3 3 0.005757 0.003445 0.057516 0.931684 0.001598
3 3 0.010152 0.006100 0.055049 0.924841 0.003857
3 3 0.014920 0.009253 0.145993 0.826887 0.002947
3 3 0.012401 0.007849 0.133144 0.844039 0.002567
3 3 0.012745 0.007924 0.127390 0.849263 0.002678
3 3 0.017218 0.006993 0.068761 0.904158 0.002871
3 3 0.036009 0.011411 0.080245 0.868116 0.004219
3 3 0.029544 0.010611 0.076708 0.878786 0.004351
3 3 0.023228 0.009652 0.072323 0.890334 0.004464
3 3 0.020353 0.009618 0.071663 0.893432 0.004934
3 3 0.004870 0.003138 0.037827 0.952017 0.002149
3 3 0.005542 0.003755 0.041701 0.946341 0.002661
3 3 0.007655 0.005100 0.049523 0.934195 0.003526
3 3 0.017671 0.011312 0.076845 0.886813 0.007359
3 3 0.018422 0.011203 0.076678 0.886700 0.006997
3 3 0.009287 0.005381 0.051475 0.930536 0.003320
3 3 0.008523 0.005744 0.052864 0.928877 0.003992
3 3 0.006943 0.004927 0.048386 0.936156 0.003588
3 3 0.007811 0.005204 0.050080 0.933310 0.003595
3 3 0.004513 0.002933 0.036398 0.954129 0.002027
3 3 0.003055 0.001836 0.028082 0.965816 0.001211
3 3 0.007032 0.012128 0.319461 0.657101 0.004277
2 3 0.014377 0.033316 0.603678 0.338355 0.010273
2 3 0.007319 0.023580 0.785010 0.179271 0.004821
2 2 0.002453 0.012918 0.920332 0.062511 0.001786
2 2 0.002500 0.012380 0.914339 0.068629 0.002151
2 2 0.002162 0.008908 0.967185 0.021116 0.000629
2 2 0.006154 0.012641 0.973536 0.007293 0.000376
2 2 0.035898 0.036783 0.919061 0.007154 0.001104
2 2 0.163098 0.070032 0.755988 0.009230 0.001653
2 0 0.188205 0.115043 0.670757 0.019285 0.006710
2 0 0.228570 0.184839 0.543413 0.022675 0.020503
0 1 0.373418 0.304167 0.271332 0.008946 0.042137
1 1 0.323035 0.392226 0.227435 0.004142 0.053163
0 1 0.423012 0.332070 0.207045 0.003474 0.034400
0 0 0.731496 0.167910 0.083107 0.002166 0.015321
0 0 0.928715 0.048834 0.012653 0.000822 0.008975
0 0 0.931054 0.037972 0.020635 0.003663 0.006676
0 0 0.966446 0.015705 0.012829 0.003117 0.001904
0 0 0.962032 0.016484 0.015110 0.004416 0.001958
0 0 0.975463 0.013688 0.008203 0.001303 0.001343
0 0 0.965086 0.010065 0.015729 0.007902 0.001218
0 0 0.963405 0.009461 0.016755 0.008365 0.002013
0 0 0.949775 0.015856 0.021662 0.009058 0.003649
0 0 0.925680 0.036565 0.024618 0.005540 0.007597
0 0 0.935636 0.043936 0.014220 0.001493 0.004716
0 0 0.913074 0.063665 0.015355 0.001144 0.006761
0 0 0.906949 0.058732 0.015769 0.001092 0.017458
0 0 0.873154 0.066741 0.020864 0.001591 0.037651
0 0 0.889962 0.054785 0.018427 0.001378 0.035448
0 0 0.926904 0.038558 0.013593 0.000993 0.019952
0 0 0.924510 0.044278 0.019625 0.002695 0.008892
0 0 0.952559 0.034515 0.007525 0.000381 0.005020
0 0 0.930429 0.051492 0.010130 0.000352 0.007597
0 0 0.926516 0.048199 0.009419 0.000212 0.015653
0 0 0.887793 0.068800 0.014750 0.000305 0.028352
0 0 0.863924 0.083793 0.017028 0.000238 0.035017
0 0 0.763645 0.137295 0.029935 0.000307 0.068817
0 0 0.681505 0.210701 0.043409 0.000313 0.064072
0 0 0.658202 0.218314 0.038365 0.000122 0.084997
0 0 0.704498 0.181598 0.029671 0.000078 0.084155
1 0 0.116788 0.510814 0.188288 0.001528 0.182582
1 1 0.130119 0.529968 0.173278 0.001006 0.165630
1 1 0.158946 0.402530 0.244261 0.005465 0.188798
0 1 0.503286 0.250570 0.087239 0.002224 0.156680
0 1 0.774241 0.113738 0.038740 0.002077 0.071204
0 0 0.900837 0.052776 0.016211 0.000855 0.029321
0 0 0.883117 0.043164 0.025813 0.003439 0.044467
0 0 0.789254 0.049993 0.067906 0.029228 0.063619
0 0 0.805364 0.051654 0.059658 0.020926 0.062398
0 0 0.766739 0.088526 0.065452 0.017889 0.061394
0 0 0.540408 0.197867 0.189623 0.035860 0.036242
0 0 0.572430 0.216571 0.166480 0.012658 0.031861
0 0 0.575176 0.210827 0.162429 0.016422 0.035147
0 0 0.763577 0.123186 0.052410 0.008807 0.052020
0 0 0.765646 0.116333 0.068917 0.020812 0.028292
0 0 0.821802 0.093394 0.052380 0.013886 0.018538
0 0 0.841001 0.087902 0.041260 0.007766 0.022071
0 0 0.897283 0.065612 0.021250 0.002203 0.013652
0 0 0.912680 0.054648 0.014279 0.000906 0.017488
0 0 0.858702 0.097125 0.026040 0.001603 0.016531
1 0 0.241448 0.406249 0.182734 0.000812 0.168757
0 1 0.753135 0.115822 0.034100 0.000957 0.095985
0 1 0.926043 0.036288 0.008690 0.000324 0.028655
0 0 0.955278 0.020765 0.003885 0.000078 0.019993
0 0 0.967201 0.015038 0.004291 0.000139 0.013332
0 0 0.964127 0.014703 0.012504 0.002196 0.006470
0 0 0.952260 0.012844 0.021086 0.009347 0.004463
0 0 0.986867 0.005811 0.004771 0.000598 0.001953
0 0 0.970917 0.010196 0.011228 0.002330 0.005329
0 0 0.951993 0.017865 0.018517 0.004811 0.006813
0 0 0.939546 0.021025 0.024431 0.008383 0.006614
0 0 0.962892 0.019781 0.010960 0.001394 0.004974
0 0 0.976979 0.015931 0.002427 0.000046 0.004617
0 0 0.932280 0.047205 0.011885 0.000806 0.007824
0 0 0.944285 0.038414 0.008085 0.000359 0.008855
0 0 0.950766 0.036067 0.006542 0.000199 0.006427
0 0 0.952288 0.031607 0.005885 0.000158 0.010063
0 0 0.890252 0.080539 0.015673 0.000335 0.013200
0 0 0.802835 0.140881 0.030750 0.000589 0.024945
0 0 0.628663 0.265851 0.055006 0.000416 0.050063
2 1 0.046217 0.319640 0.332295 0.004552 0.297297
2 1 0.031003 0.293715 0.430169 0.010047 0.235066
2 0 0.017435 0.288142 0.575855 0.009023 0.109545
2 1 0.012973 0.245076 0.628662 0.005320 0.107968
2 1 0.015913 0.195096 0.631069 0.006519 0.151403
2 1 0.018910 0.156425 0.655761 0.011805 0.157099
2 1 0.018102 0.103369 0.751327 0.041489 0.085713
2 1 0.012822 0.078583 0.809948 0.048535 0.050112
2 1 0.010018 0.068021 0.842051 0.035158 0.044752
2 1 0.009411 0.052422 0.854737 0.035481 0.047949
2 1 0.009741 0.063159 0.839528 0.019337 0.068235
2 1 0.012039 0.080658 0.799893 0.017416 0.089995
2 1 0.011016 0.087312 0.811420 0.017049 0.073202
2 1 0.015247 0.084258 0.807408 0.006728 0.086359
2 0 0.017422 0.110428 0.828377 0.003137 0.040637
2 1 0.034714 0.161518 0.746806 0.006158 0.050804
2 1 0.020195 0.136224 0.808109 0.010776 0.024696
2 1 0.029239 0.235027 0.683868 0.006477 0.045389
2 1 0.021998 0.322387 0.598908 0.002133 0.054574
2 0 0.054393 0.336765 0.475473 0.001330 0.132038
0 0 0.718525 0.134919 0.047823 0.002589 0.096143
0 1 0.705947 0.175656 0.057948 0.002981 0.057468
0 0 0.753982 0.165010 0.049885 0.002931 0.028192
0 0 0.500599 0.297529 0.157069 0.004389 0.040415
2 0 0.168515 0.341007 0.391562 0.006075 0.092841
2 0 0.040922 0.212579 0.660519 0.012834 0.073145
2 1 0.022256 0.169408 0.689950 0.019020 0.099366
2 1 0.014385 0.101612 0.784896 0.043563 0.055544
2 1 0.020553 0.084302 0.741353 0.057023 0.096769
2 1 0.018610 0.067904 0.760885 0.072626 0.079974
2 1 0.014135 0.073656 0.799211 0.047824 0.065174
2 0 0.017905 0.067120 0.759144 0.088470 0.067361
2 1 0.014709 0.064776 0.782071 0.091956 0.046488
2 1 0.035874 0.147084 0.713832 0.023133 0.080078
2 0 0.082639 0.195137 0.654157 0.014570 0.053497
2 0 0.103407 0.190813 0.622122 0.015710 0.067948
2 1 0.065924 0.201536 0.613648 0.024700 0.094191
2 1 0.046799 0.247008 0.599865 0.024975 0.081353
2 1 0.038898 0.256916 0.617874 0.014649 0.071663
2 0 0.048851 0.275750 0.610382 0.008746 0.056271
1 1 0.071453 0.383108 0.211602 0.000677 0.333160
1 1 0.138739 0.452675 0.137900 0.000253 0.270433
1 1 0.124796 0.459213 0.157702 0.000331 0.257958
1 1 0.140414 0.414986 0.300881 0.001658 0.142062
1 1 0.336491 0.371866 0.141910 0.000776 0.148958
0 0 0.438891 0.332757 0.080993 0.000449 0.146910
1 0 0.215001 0.465483 0.178897 0.002108 0.138511
2 0 0.094261 0.374115 0.440952 0.008383 0.082288
2 1 0.034999 0.238421 0.654935 0.012462 0.059183
2 1 0.010179 0.116762 0.806802 0.025314 0.040943
2 1 0.011474 0.065063 0.815595 0.072436 0.035432
2 2 0.007757 0.038844 0.846710 0.083043 0.023645
2 2 0.004448 0.030244 0.896100 0.055200 0.014009
2 2 0.001389 0.015119 0.947326 0.031969 0.004197
2 2 0.000807 0.009473 0.974336 0.013013 0.002371
2 2 0.001160 0.007926 0.983335 0.006250 0.001329
2 2 0.001083 0.005559 0.986784 0.005205 0.001370
2 2 0.000618 0.004059 0.987413 0.006994 0.000916
2 2 0.000406 0.003700 0.979103 0.014613 0.002179
2 2 0.001060 0.007848 0.968890 0.015425 0.006778
2 4 0.016063 0.064534 0.704129 0.012605 0.202670
2 4 0.037663 0.094808 0.519223 0.032435 0.315872
2 4 0.046860 0.105960 0.485701 0.047196 0.314283
2 4 0.054957 0.133665 0.474580 0.072012 0.264786
2 4 0.047302 0.155189 0.529651 0.074126 0.193732
2 4 0.058931 0.152826 0.469362 0.107429 0.211452
2 4 0.060012 0.176671 0.523343 0.071913 0.168061
2 4 0.031273 0.142324 0.546901 0.018547 0.260955
2 4 0.018412 0.111851 0.602115 0.006369 0.261253
2 4 0.011595 0.089044 0.575639 0.001711 0.322012
2 4 0.010023 0.081509 0.504451 0.000835 0.403183
2 4 0.007128 0.061822 0.645258 0.000594 0.285198
2 4 0.019793 0.095193 0.615929 0.000538 0.268547
2 1 0.046077 0.149936 0.445234 0.000658 0.358095
2 1 0.020620 0.174359 0.505262 0.002144 0.297615
2 4 0.021897 0.194714 0.486349 0.004628 0.292411
2 4 0.021322 0.204795 0.544792 0.006721 0.222370
2 4 0.022574 0.163439 0.596185 0.010973 0.206830
2 4 0.024885 0.127666 0.566117 0.011516 0.269817
2 4 0.021068 0.096437 0.614134 0.011367 0.256993
4 4 0.028569 0.105056 0.362345 0.005443 0.498587
4 4 0.025856 0.104522 0.399714 0.005060 0.464848
2 4 0.026607 0.133463 0.445780 0.006318 0.387832
2 4 0.027647 0.163936 0.435756 0.006324 0.366336
2 4 0.020228 0.128891 0.602657 0.006780 0.241443
2 4 0.022703 0.118489 0.675175 0.009368 0.174264
2 4 0.021629 0.119868 0.713790 0.013140 0.131573
2 1 0.010393 0.087355 0.817073 0.015712 0.069467
2 1 0.015462 0.097676 0.732238 0.012776 0.141848
2 1 0.019725 0.105643 0.685129 0.016556 0.172948
2 1 0.031973 0.088609 0.493411 0.018177 0.367829
2 1 0.034280 0.126084 0.417448 0.011374 0.410815
4 1 0.058995 0.078389 0.103432 0.009341 0.749842
4 1 0.063309 0.059601 0.057352 0.008015 0.811722
4 1 0.059948 0.043386 0.043174 0.006860 0.846632
4 4 0.057577 0.032912 0.033892 0.006212 0.869407
4 4 0.073489 0.045957 0.049513 0.012673 0.818367
4 4 0.079052 0.053141 0.057637 0.015834 0.794336
4 4 0.073839 0.085796 0.083164 0.013169 0.744032
4 4 0.058256 0.109347 0.091717 0.006588 0.734092
4 4 0.034007 0.124906 0.359949 0.007890 0.473247
4 4 0.053277 0.150971 0.375737 0.028922 0.391094
2 4 0.058646 0.151922 0.402794 0.047770 0.338869
2 4 0.060265 0.165966 0.414861 0.058825 0.300083
2 4 0.029696 0.168216 0.578234 0.021960 0.201894
2 4 0.032435 0.153360 0.491077 0.013897 0.309231
2 4 0.025430 0.136620 0.641049 0.023075 0.173826
2 4 0.095661 0.179518 0.465578 0.023995 0.235248
2 4 0.133467 0.207322 0.413183 0.017905 0.228123
2 4 0.092469 0.251164 0.355923 0.010514 0.289930
4 4 0.111539 0.223123 0.229281 0.016883 0.419174
4 4 0.169854 0.243356 0.205595 0.019010 0.362184
4 4 0.124731 0.209495 0.237172 0.047894 0.380709
4 4 0.084149 0.174796 0.304507 0.077282 0.359265
4 4 0.102188 0.170664 0.269870 0.149417 0.307861
4 4 0.121567 0.147042 0.211552 0.209547 0.310291
4 4 0.127683 0.139195 0.199364 0.193619 0.340139
4 4 0.214211 0.151605 0.183952 0.150739 0.299493
4 4 0.250132 0.140676 0.143148 0.076804 0.389240
4 4 0.206989 0.185607 0.184666 0.054603 0.368136
4 4 0.076313 0.073387 0.074081 0.014357 0.761862
4 4 0.083436 0.109057 0.150641 0.029226 0.627640
4 4 0.062694 0.110350 0.196111 0.017752 0.613092
4 4 0.035823 0.136975 0.364739 0.008979 0.453485
4 4 0.027101 0.106682 0.271483 0.002979 0.591755
4 4 0.024479 0.113886 0.280268 0.002317 0.579049
4 4 0.032397 0.113842 0.190204 0.002912 0.660644
2 4 0.017511 0.141952 0.541947 0.003621 0.294969
2 4 0.027376 0.132026 0.485349 0.008565 0.346685
2 4 0.028096 0.130054 0.418681 0.006360 0.416809
2 4 0.023697 0.114669 0.447037 0.004929 0.409667
4 4 0.024558 0.092840 0.365248 0.004123 0.513230
4 4 0.028000 0.110213 0.359989 0.005127 0.496671
4 4 0.033197 0.162019 0.289788 0.004637 0.510358
4 4 0.025353 0.170218 0.354711 0.003194 0.446523
4 4 0.021505 0.159314 0.334409 0.001906 0.482867
4 4 0.028304 0.120389 0.201418 0.002132 0.647757
2 4 0.027919 0.148977 0.421708 0.006109 0.395287
2 4 0.019739 0.164163 0.565379 0.005889 0.244831
2 1 0.013605 0.097747 0.750375 0.011046 0.127227
2 1 0.013904 0.071932 0.797605 0.030166 0.086392
2 1 0.021783 0.067040 0.732568 0.084467 0.094141
2 1 0.024296 0.067136 0.706127 0.108387 0.094054
2 1 0.020737 0.081178 0.742761 0.061844 0.093480
2 1 0.027355 0.094678 0.671164 0.048767 0.158036
2 1 0.027192 0.106520 0.638194 0.029794 0.198300
2 1 0.027853 0.126337 0.585063 0.019687 0.241059
2 2 0.020266 0.089880 0.675525 0.017451 0.196878
2 2 0.028029 0.091955 0.560193 0.017607 0.302217
2 2 0.027058 0.073202 0.633186 0.031204 0.235350
2 2 0.026511 0.062663 0.672338 0.051826 0.186662
2 2 0.026825 0.050985 0.675173 0.072967 0.174051
2 2 0.021973 0.065607 0.721240 0.047185 0.143995
2 2 0.021255 0.065125 0.698978 0.029026 0.185616
2 2 0.008927 0.038411 0.862290 0.029096 0.061276
2 2 0.003486 0.023127 0.931042 0.021998 0.020347
2 2 0.002478 0.018127 0.939781 0.028391 0.011223
2 2 0.001810 0.013990 0.957160 0.017763 0.009277
2 2 0.001569 0.013546 0.961776 0.012771 0.010339
2 2 0.001020 0.009787 0.972009 0.010131 0.007053
2 2 0.010851 0.058712 0.818910 0.016608 0.094918
2 2 0.012585 0.076990 0.789080 0.015590 0.105755
2 2 0.013894 0.089236 0.763067 0.012505 0.121299
2 2 0.012103 0.078102 0.858438 0.005152 0.046205
2 2 0.014385 0.061920 0.895000 0.005244 0.023451
2 2 0.011169 0.034528 0.935017 0.010247 0.009039
2 2 0.097652 0.087296 0.795798 0.006259 0.012995
2 2 0.384055 0.119177 0.485987 0.002477 0.008304
0 2 0.644550 0.113096 0.229230 0.002913 0.010211
0 0 0.692590 0.116480 0.170279 0.010475 0.010175
0 0 0.866620 0.057983 0.044498 0.012822 0.018077
0 0 0.937412 0.033306 0.016402 0.002034 0.010846
0 0 0.911819 0.045936 0.011748 0.000301 0.030196
0 0 0.846819 0.107503 0.028608 0.001480 0.015590
0 0 0.820854 0.115287 0.026765 0.000554 0.036540
0 0 0.884650 0.083870 0.014897 0.000194 0.016389
0 0 0.819377 0.098680 0.020466 0.000209 0.061268
0 1 0.457867 0.297117 0.081178 0.000704 0.163134
4 1 0.227547 0.314047 0.113974 0.001099 0.343332
2 1 0.047783 0.319862 0.372966 0.003446 0.255943
2 1 0.011819 0.058454 0.817062 0.071214 0.041451
2 1 0.007122 0.033478 0.868830 0.063189 0.027382
2 2 0.005526 0.025998 0.901732 0.036199 0.030545
2 2 0.004576 0.023548 0.915508 0.029409 0.026959
2 2 0.004636 0.024470 0.915620 0.018444 0.036830
2 2 0.004552 0.024775 0.913992 0.013458 0.043223
2 2 0.004184 0.024536 0.920322 0.013251 0.037708
2 2 0.003225 0.022321 0.935369 0.019053 0.020032
2 2 0.001886 0.017340 0.951928 0.019867 0.008980
2 2 0.001631 0.015430 0.962254 0.014478 0.006207
2 2 0.001469 0.014078 0.958002 0.019728 0.006724
2 2 0.001248 0.011537 0.965095 0.015235 0.006885
2 2 0.000459 0.005473 0.974943 0.017303 0.001823
2 2 0.000547 0.005438 0.981191 0.010543 0.002281
2 2 0.000333 0.003213 0.985739 0.009399 0.001316
2 2 0.000212 0.002194 0.984568 0.012122 0.000905
2 2 0.000207 0.002176 0.983637 0.013031 0.000950
2 2 0.000143 0.001795 0.983305 0.014182 0.000575
2 2 0.000206 0.002273 0.983927 0.012582 0.001012
2 2 0.000404 0.003080 0.990709 0.004908 0.000898
2 2 0.000311 0.002548 0.986557 0.009937 0.000646
2 2 0.000262 0.001853 0.990759 0.006753 0.000373
2 2 0.000314 0.002584 0.986019 0.009390 0.001693
2 2 0.000310 0.002853 0.985666 0.008929 0.002241
2 2 0.000314 0.002762 0.985827 0.008717 0.002380
2 2 0.000435 0.003797 0.984018 0.008232 0.003517
2 2 0.000357 0.003251 0.982332 0.011889 0.002172
2 2 0.000417 0.003476 0.983850 0.010416 0.001841
2 2 0.003175 0.008756 0.978227 0.007968 0.001873
2 2 0.028207 0.036478 0.918916 0.011673 0.004726
2 2 0.113634 0.101021 0.725805 0.040843 0.018697
2 2 0.167851 0.132007 0.534658 0.115788 0.049696
0 2 0.288702 0.120794 0.264680 0.226370 0.099453
0 2 0.331421 0.109381 0.196232 0.241914 0.121052
3 2 0.240293 0.111583 0.205221 0.273214 0.169689
3 2 0.213667 0.111653 0.205697 0.277942 0.191041
3 2 0.133929 0.103774 0.212430 0.431511 0.118356
3 2 0.082026 0.079075 0.246080 0.541513 0.051306
2 2 0.070072 0.088996 0.437288 0.365244 0.038399
2 2 0.062688 0.064057 0.509146 0.346887 0.017221
3 2 0.081887 0.069584 0.186597 0.593381 0.068551
3 3 0.032245 0.034860 0.265511 0.650559 0.016825
3 3 0.044231 0.043317 0.318027 0.576940 0.017484
2 3 0.085956 0.069530 0.416922 0.406787 0.020804
2 3 0.075452 0.055306 0.526157 0.332738 0.010348
2 3 0.097523 0.069622 0.575240 0.245976 0.011639
2 3 0.104280 0.059377 0.547213 0.280548 0.008581
2 3 0.131071 0.067616 0.466023 0.323492 0.011799
2 3 0.122467 0.063080 0.520700 0.284599 0.009153
2 3 0.106511 0.062340 0.519593 0.301411 0.010144
2 3 0.121296 0.076554 0.546096 0.243320 0.012735
3 3 0.220919 0.100067 0.298076 0.351617 0.029321
3 3 0.203734 0.095143 0.298871 0.373773 0.028479
3 3 0.049804 0.036050 0.203413 0.693684 0.017049
3 3 0.017684 0.017940 0.151834 0.801788 0.010753
3 3 0.021767 0.019434 0.150037 0.797666 0.011096
3 3 0.043462 0.028703 0.158745 0.754429 0.014661
3 3 0.027104 0.018769 0.107850 0.834376 0.011901
3 3 0.016921 0.011124 0.086227 0.879139 0.006590
3 3 0.016183 0.010196 0.082251 0.885497 0.005873
3 3 0.050212 0.033530 0.352146 0.555994 0.008118
3 3 0.082323 0.040044 0.330261 0.538662 0.008709
3 3 0.025119 0.017902 0.167618 0.781881 0.007480
3 3 0.007929 0.006647 0.093636 0.888339 0.003450
3 3 0.002230 0.002554 0.090450 0.903664 0.001102
3 3 0.002146 0.002040 0.083709 0.911365 0.000740
3 3 0.006361 0.004491 0.168301 0.819864 0.000982
3 3 0.008763 0.005643 0.181386 0.803017 0.001192
3 3 0.019858 0.010270 0.216069 0.751760 0.002043
3 3 0.063890 0.026779 0.296866 0.607493 0.004972
3 3 0.119997 0.044272 0.312994 0.514274 0.008462
3 3 0.208508 0.061473 0.252094 0.464427 0.013499
3 3 0.115766 0.039376 0.175791 0.656738 0.012329
3 3 0.056807 0.025582 0.141977 0.765298 0.010336
3 3 0.036893 0.018308 0.101715 0.833654 0.009430
3 3 0.019161 0.012435 0.100481 0.861259 0.006664
3 3 0.004811 0.003609 0.049005 0.940235 0.002340
3 3 0.008845 0.005119 0.050069 0.932807 0.003160
3 3 0.004352 0.002808 0.035534 0.955373 0.001932
3 3 0.005803 0.003587 0.040886 0.947359 0.002365
3 3 0.002041 0.001738 0.050058 0.945302 0.000861
3 3 0.002907 0.002011 0.036597 0.957272 0.001213
3 3 0.003368 0.002323 0.043512 0.949516 0.001281
3 3 0.006754 0.004521 0.076430 0.910298 0.001998
3 3 0.027802 0.015001 0.235889 0.717962 0.003347
3 3 0.074413 0.030265 0.310084 0.579740 0.005498
2 3 0.073094 0.044266 0.442373 0.431882 0.008385
2 2 0.031500 0.035685 0.665628 0.261669 0.005518
2 2 0.015036 0.031626 0.702857 0.243712 0.006769
2 2 0.014525 0.037157 0.798617 0.142576 0.007124
2 2 0.007053 0.027771 0.751658 0.205691 0.007827
2 2 0.015571 0.039308 0.577289 0.353043 0.014788
2 2 0.051810 0.086983 0.475211 0.344558 0.041438
3 2 0.040560 0.073023 0.383599 0.439165 0.063653
3 2 0.126517 0.098722 0.249877 0.365011 0.159874
3 2 0.141551 0.080931 0.203209 0.464887 0.109422
3 2 0.236532 0.107054 0.208598 0.381352 0.066464
3 2 0.133057 0.103524 0.300052 0.414387 0.048980
3 2 0.047571 0.055131 0.314991 0.554256 0.028051
3 2 0.055126 0.084800 0.337970 0.449271 0.072833
2 2 0.107344 0.123589 0.374592 0.171165 0.223309
2 2 0.185320 0.138878 0.300260 0.235951 0.139592
2 2 0.145143 0.137068 0.381880 0.225856 0.110053
0 2 0.329259 0.142100 0.187797 0.162476 0.178369
4 2 0.270637 0.124676 0.121490 0.053557 0.429639
4 2 0.190604 0.160898 0.218221 0.078715 0.351563
4 2 0.141290 0.101516 0.132851 0.070845 0.553498
4 2 0.175173 0.110253 0.131779 0.080299 0.502496
4 2 0.229865 0.102762 0.117454 0.058268 0.491651
4 2 0.235776 0.122089 0.200357 0.115982 0.325796
4 2 0.229180 0.105568 0.173957 0.100853 0.390442
2 2 0.230942 0.131990 0.281482 0.087161 0.268425
2 2 0.097665 0.119072 0.571766 0.087944 0.123553
2 2 0.271237 0.155750 0.402486 0.064062 0.106466
2 2 0.174258 0.121018 0.564730 0.103680 0.036313
2 2 0.126881 0.103071 0.620846 0.132608 0.016593
2 2 0.063813 0.070083 0.610044 0.240827 0.015233
2 2 0.071033 0.062479 0.581459 0.273052 0.011976
3 2 0.073947 0.065247 0.401806 0.437494 0.021505
2 2 0.084597 0.085201 0.448207 0.347978 0.034017
4 2 0.106971 0.060680 0.091785 0.057442 0.683122
4 2 0.091757 0.075766 0.087894 0.028102 0.716481
4 4 0.075679 0.067974 0.069429 0.013960 0.772958
4 4 0.075080 0.069474 0.070259 0.013592 0.771595
4 4 0.088193 0.098077 0.111599 0.026676 0.675455
4 4 0.067169 0.126682 0.311948 0.044143 0.450057
2 4 0.045792 0.144405 0.435757 0.027757 0.346288
2 4 0.036972 0.123587 0.552503 0.035911 0.251026
2 4 0.029287 0.121251 0.569392 0.018983 0.261086
2 4 0.010627 0.076914 0.804937 0.012212 0.095311
2 4 0.009653 0.088637 0.769666 0.005270 0.126774
2 1 0.008858 0.151490 0.663298 0.001544 0.174810
2 1 0.011478 0.227177 0.571701 0.001738 0.187906
2 1 0.012949 0.197502 0.656553 0.005062 0.127934
2 2 0.012119 0.156965 0.756233 0.018979 0.055703
2 2 0.014771 0.110653 0.774982 0.030879 0.068716
2 4 0.012597 0.091255 0.798839 0.022264 0.075045
2 4 0.014236 0.113392 0.770052 0.022095 0.080225
2 4 0.025954 0.132159 0.621459 0.020339 0.200089
2 4 0.044458 0.172294 0.452495 0.026919 0.303833
4 4 0.105394 0.161096 0.254366 0.148668 0.330476
2 4 0.076793 0.161460 0.376124 0.187065 0.198558
2 4 0.146566 0.171891 0.311832 0.152882 0.216828
4 4 0.241191 0.166659 0.162506 0.079363 0.350282
4 4 0.197471 0.104736 0.090544 0.021727 0.585522
4 4 0.104687 0.062171 0.061441 0.014541 0.757160
4 4 0.084209 0.042298 0.037796 0.005221 0.830476
4 4 0.046333 0.032858 0.030815 0.003274 0.886721
4 4 0.046314 0.038749 0.035215 0.003221 0.876501
4 4 0.034852 0.061259 0.066969 0.001892 0.835029
4 4 0.040481 0.093378 0.135179 0.004033 0.726929
4 4 0.058246 0.091398 0.111223 0.008867 0.730266
4 4 0.062549 0.102930 0.165267 0.015129 0.654126
4 4 0.072715 0.112765 0.174794 0.023069 0.616658
4 4 0.055529 0.148657 0.302358 0.015629 0.477827
4 1 0.070553 0.178905 0.252008 0.012027 0.486507
4 2 0.075283 0.196897 0.274632 0.014570 0.438618
2 2 0.019458 0.134591 0.659118 0.012099 0.174735
2 2 0.029138 0.129803 0.641465 0.037331 0.162262
2 2 0.017795 0.058466 0.760361 0.034962 0.128415
4 2 0.113257 0.043954 0.043656 0.011743 0.787390
4 2 0.182567 0.077471 0.068805 0.017209 0.653947
4 2 0.174776 0.105774 0.091685 0.019743 0.608022
4 2 0.111318 0.092962 0.119658 0.061521 0.614541
4 2 0.095769 0.088394 0.103429 0.032982 0.679426
4 2 0.063826 0.112858 0.275797 0.030284 0.517236
2 2 0.029462 0.078583 0.637481 0.043947 0.210528
2 2 0.007243 0.033655 0.869908 0.061134 0.028060
2 2 0.005482 0.029832 0.887709 0.068360 0.008618
2 2 0.003864 0.024357 0.917181 0.047739 0.006859
2 2 0.002088 0.014748 0.933942 0.046547 0.002675
2 2 0.002624 0.016609 0.925768 0.046852 0.008147
2 2 0.002487 0.014865 0.945240 0.030776 0.006631
2 2 0.003503 0.017134 0.952215 0.019722 0.007426
2 2 0.002524 0.012092 0.972254 0.010818 0.002313
2 2 0.002214 0.010103 0.973773 0.012735 0.001175
2 2 0.005188 0.015396 0.963137 0.015053 0.001227
2 2 0.003636 0.010201 0.971750 0.013935 0.000479
2 2 0.002254 0.008427 0.980608 0.008075 0.000636
2 2 0.004530 0.012926 0.976072 0.005198 0.001275
2 2 0.033298 0.098105 0.614269 0.033915 0.220413
2 2 0.015875 0.058621 0.778038 0.089982 0.057483
2 2 0.006850 0.028577 0.869720 0.067267 0.027586
2 2 0.005150 0.022981 0.900347 0.046452 0.025071
2 2 0.002637 0.014193 0.942014 0.024651 0.016505
2 2 0.001029 0.007553 0.967195 0.018303 0.005920
2 2 0.000623 0.005770 0.969636 0.021323 0.002647
2 2 0.000662 0.007661 0.973590 0.015087 0.003000
2 2 0.000464 0.005206 0.982774 0.010351 0.001205
2 2 0.000436 0.004068 0.988687 0.006050 0.000759
2 2 0.000411 0.003245 0.985383 0.010226 0.000735
2 2 0.000433 0.003492 0.982908 0.012339 0.000828
2 2 0.000689 0.005836 0.977437 0.012768 0.003270
2 2 0.000567 0.005456 0.974730 0.016600 0.002647
2 2 0.000477 0.004833 0.981239 0.010482 0.002969
2 2 0.000571 0.004747 0.977775 0.014044 0.002863
2 2 0.000960 0.007410 0.966980 0.020286 0.004364
2 2 0.007623 0.025747 0.890119 0.059666 0.016845
2 2 0.036491 0.063144 0.729600 0.125374 0.045390
2 2 0.158592 0.138760 0.403938 0.146876 0.151834
2 2 0.015175 0.048338 0.802766 0.107610 0.026112
2 2 0.010067 0.039596 0.866286 0.066384 0.017667
2 2 0.010288 0.042384 0.902863 0.030204 0.014261
2 2 0.005570 0.029029 0.924591 0.031573 0.009238
2 2 0.008247 0.033883 0.936358 0.013640 0.007872
2 2 0.001245 0.007534 0.981816 0.008133 0.001272
2 2 0.001002 0.006419 0.984058 0.007326 0.001195
2 2 0.001251 0.007105 0.981617 0.008455 0.001572
2 2 0.001040 0.006637 0.974628 0.015103 0.002593
2 2 0.000919 0.005747 0.963360 0.027319 0.002655
2 2 0.000885 0.005026 0.934447 0.057945 0.001696
2 2 0.002831 0.008605 0.962645 0.024903 0.001016
2 2 0.008379 0.015323 0.962986 0.012305 0.001006
2 2 0.004564 0.011610 0.973081 0.009921 0.000825
2 2 0.001319 0.005351 0.980831 0.012242 0.000257
2 2 0.000379 0.002790 0.988359 0.008204 0.000269
2 2 0.000188 0.002127 0.987879 0.009373 0.000434
2 2 0.000135 0.001668 0.989832 0.007987 0.000378
2 2 0.000173 0.001617 0.989267 0.008649 0.000294
2 2 0.000187 0.001554 0.987424 0.010714 0.000121
2 2 0.003347 0.013966 0.657908 0.320779 0.004000
2 2 0.004175 0.018469 0.749557 0.221157 0.006642
2 2 0.002110 0.010486 0.925174 0.060013 0.002217
2 2 0.000637 0.003190 0.973326 0.022370 0.000477
2 2 0.000571 0.002371 0.985997 0.010836 0.000224
2 2 0.001030 0.003601 0.983917 0.011110 0.000341
2 2 0.001250 0.005008 0.979179 0.014001 0.000562
2 2 0.001557 0.007030 0.965324 0.025165 0.000924
2 2 0.001013 0.006987 0.954020 0.036171 0.001809
2 2 0.000632 0.005556 0.961485 0.030668 0.001659
2 2 0.000948 0.006995 0.962509 0.027346 0.002201
2 2 0.000796 0.004572 0.959068 0.034900 0.000664
2 2 0.001592 0.005535 0.938916 0.053230 0.000726
2 2 0.004256 0.009627 0.910617 0.074527 0.000974
2 2 0.006333 0.013439 0.747735 0.230709 0.001786
2 2 0.013313 0.020249 0.646857 0.316281 0.003300
2 2 0.024271 0.022669 0.600798 0.349246 0.003017
2 2 0.055216 0.039628 0.591374 0.308334 0.005448
2 2 0.046858 0.037407 0.706804 0.205016 0.003915
2 2 0.055889 0.051376 0.685387 0.200283 0.007065
2 2 0.018480 0.024809 0.561150 0.390545 0.005016
2 2 0.015692 0.019564 0.566255 0.395155 0.003334
3 2 0.010041 0.015319 0.464785 0.506298 0.003557
2 2 0.023226 0.032884 0.588556 0.348103 0.007231
2 2 0.022878 0.031675 0.754245 0.187009 0.004194
2 2 0.055188 0.064531 0.726595 0.143877 0.009809
2 2 0.039690 0.042899 0.734828 0.177121 0.005462
2 2 0.038653 0.038430 0.676068 0.241517 0.005333
2 2 0.083109 0.055810 0.618418 0.235269 0.007394
2 2 0.028029 0.032326 0.599006 0.334772 0.005867
2 2 0.055953 0.053712 0.476255 0.399826 0.014254
3 2 0.049798 0.039416 0.448085 0.454002 0.008699
2 2 0.090381 0.065350 0.584102 0.249546 0.010621
2 2 0.065488 0.054627 0.632327 0.239248 0.008310
2 2 0.069381 0.063156 0.616278 0.239938 0.011247
2 2 0.033845 0.050691 0.719717 0.186487 0.009259
2 2 0.022448 0.041742 0.776365 0.152413 0.007032
2 2 0.010480 0.023570 0.886961 0.076648 0.002340
2 2 0.011490 0.020424 0.925271 0.041620 0.001194
2 0 0.036068 0.037325 0.916347 0.009043 0.001217
2 0 0.106670 0.278775 0.558750 0.010332 0.045472
2 1 0.195099 0.240042 0.522831 0.012377 0.029651
0 0 0.335687 0.303077 0.323356 0.004938 0.032942
1 0 0.344853 0.391495 0.167006 0.001524 0.095122
1 0 0.094362 0.401173 0.387342 0.007181 0.109942
2 0 0.037819 0.267115 0.601764 0.014576 0.078727
2 1 0.023374 0.214155 0.664351 0.020873 0.077248
2 1 0.008770 0.115791 0.814996 0.015393 0.045050
2 1 0.004442 0.045128 0.907615 0.010420 0.032394
2 1 0.003697 0.037472 0.916004 0.006809 0.036018
2 1 0.003661 0.028337 0.927676 0.016859 0.023466
2 1 0.005838 0.039885 0.897692 0.025841 0.030744
2 2 0.007082 0.052727 0.878495 0.024465 0.037231
2 2 0.005403 0.043841 0.900245 0.022587 0.027924
2 2 0.007197 0.029820 0.883102 0.027796 0.052085
2 2 0.007897 0.030713 0.869723 0.022226 0.069441
2 2 0.007636 0.032142 0.842880 0.010318 0.107024
2 2 0.005404 0.026477 0.879630 0.007937 0.080552
2 4 0.005464 0.029974 0.868856 0.006075 0.089631
2 4 0.006523 0.038346 0.825568 0.004473 0.125089
2 4 0.047574 0.158168 0.447232 0.003714 0.343312
2 4 0.045493 0.208416 0.412225 0.004428 0.329438
2 4 0.017062 0.160593 0.657486 0.005787 0.159071
2 1 0.008858 0.091731 0.845494 0.005520 0.048397
2 4 0.007338 0.073078 0.859832 0.003142 0.056610
2 4 0.009982 0.075132 0.795684 0.001892 0.117310
2 4 0.008086 0.072859 0.778900 0.002898 0.137257
2 1 0.008359 0.091353 0.700878 0.001729 0.197681
2 1 0.015829 0.092540 0.626692 0.004645 0.260295
2 1 0.026701 0.134355 0.474405 0.005013 0.359525
2 4 0.025268 0.110787 0.517880 0.008771 0.337295
2 4 0.033464 0.113436 0.514286 0.018896 0.319918
2 4 0.044037 0.120650 0.474696 0.030473 0.330145
2 4 0.155283 0.178195 0.455425 0.013931 0.197165
2 4 0.266794 0.171020 0.364917 0.012326 0.184943
0 0 0.378659 0.186637 0.192921 0.004404 0.237379
0 1 0.444064 0.230558 0.139971 0.002842 0.182566
1 1 0.256386 0.364059 0.241453 0.001691 0.136412
1 1 0.153148 0.368618 0.280718 0.000526 0.196990
2 1 0.023401 0.221924 0.506600 0.000681 0.247394
0 1 0.766746 0.106471 0.029469 0.000667 0.096646
0 0 0.894387 0.046715 0.009169 0.000106 0.049622
0 0 0.740068 0.094219 0.021914 0.000200 0.143600
0 0 0.630637 0.117730 0.028223 0.000189 0.223221
0 0 0.524687 0.135944 0.036848 0.000283 0.302238
0 0 0.442304 0.166942 0.043598 0.000224 0.346932
0 0 0.426736 0.147723 0.037263 0.000156 0.388121
0 0 0.448639 0.138406 0.038083 0.000241 0.374630
0 0 0.609301 0.119198 0.026080 0.000113 0.245308
0 0 0.639030 0.095802 0.023083 0.000159 0.241927
0 0 0.708238 0.083166 0.018431 0.000117 0.190047
0 0 0.717834 0.106346 0.022109 0.000119 0.153592
0 0 0.540318 0.216914 0.052225 0.000307 0.190237
0 0 0.549322 0.210279 0.046971 0.000208 0.193220
0 0 0.526368 0.208920 0.046510 0.000156 0.218046
0 0 0.638451 0.140182 0.029762 0.000132 0.191473
0 0 0.649392 0.142185 0.034842 0.000290 0.173291
0 0 0.708827 0.115344 0.025179 0.000162 0.150488
0 0 0.703928 0.111805 0.022178 0.000094 0.161994
0 0 0.660501 0.113458 0.021882 0.000069 0.204089
0 0 0.938594 0.031032 0.006834 0.000216 0.023325
0 0 0.933990 0.041207 0.010216 0.000527 0.014061
0 0 0.902678 0.057482 0.026611 0.004703 0.008526
0 0 0.894899 0.064618 0.028485 0.005494 0.006504
0 0 0.806443 0.100196 0.059634 0.019456 0.014271
0 0 0.808604 0.109902 0.051665 0.012188 0.017642
0 0 0.762718 0.113762 0.058266 0.011926 0.053328
0 0 0.787095 0.103756 0.048573 0.008209 0.052366
0 0 0.838048 0.080629 0.043151 0.008485 0.029686
0 0 0.862370 0.073595 0.037138 0.007006 0.019891
0 0 0.878443 0.068666 0.029722 0.004372 0.018797
0 0 0.864410 0.069486 0.031647 0.004451 0.030007
0 0 0.865131 0.068677 0.031602 0.004467 0.030122
0 0 0.853667 0.068667 0.042857 0.009756 0.025053
0 0 0.883628 0.057577 0.036344 0.008720 0.013731
0 0 0.883959 0.057783 0.037072 0.009539 0.011647
0 0 0.883496 0.054354 0.036350 0.008537 0.017263
0 0 0.883303 0.055333 0.030897 0.005151 0.025316
0 0 0.896251 0.046914 0.028849 0.005036 0.022950
0 0 0.907804 0.041508 0.023755 0.003425 0.023508
0 0 0.933229 0.041362 0.009558 0.000434 0.015417
0 0 0.917331 0.054068 0.010903 0.000253 0.017445
0 0 0.889205 0.071186 0.013313 0.000169 0.026127
0 0 0.844659 0.100858 0.019810 0.000232 0.034441
0 0 0.744692 0.165011 0.034074 0.000301 0.055922
0 0 0.829157 0.094962 0.020560 0.000268 0.055053
0 0 0.895454 0.056474 0.012526 0.000274 0.035272
0 0 0.948831 0.028302 0.005786 0.000169 0.016912
0 0 0.938982 0.034719 0.007716 0.000284 0.018299
0 0 0.939813 0.038220 0.009445 0.000481 0.012042
0 0 0.944437 0.034879 0.010953 0.000792 0.008939
0 0 0.960004 0.028367 0.006520 0.000316 0.004793
0 0 0.895836 0.072661 0.017970 0.001039 0.012494
0 0 0.821104 0.128543 0.029656 0.000833 0.019864
0 0 0.711145 0.175198 0.046615 0.000961 0.066081
0 1 0.383952 0.295216 0.118549 0.002289 0.199994
