0 0 0.847377 0.095449 0.032158 0.004190 0.020825
0 0 0.891889 0.066828 0.018463 0.002727 0.020094
0 0 0.885922 0.076588 0.027471 0.003949 0.006070
0 0 0.881604 0.068258 0.036815 0.012010 0.001314
0 0 0.902783 0.048606 0.028277 0.019515 0.000819
0 0 0.897878 0.051418 0.028857 0.020458 0.001389
0 0 0.945579 0.035457 0.012091 0.004686 0.002187
0 0 0.906485 0.062894 0.021944 0.003935 0.004743
0 0 0.887571 0.076388 0.025908 0.003303 0.006830
0 0 0.755703 0.151995 0.068724 0.006921 0.016656
0 0 0.636722 0.203663 0.126110 0.015885 0.017621
0 0 0.657112 0.201356 0.117479 0.011097 0.012956
0 0 0.614120 0.227215 0.138985 0.008259 0.011422
0 0 0.610399 0.226378 0.148680 0.009250 0.005293
0 0 0.749896 0.153648 0.086743 0.007003 0.002709
0 0 0.726248 0.158587 0.101019 0.011272 0.002873
0 0 0.628092 0.201439 0.151293 0.013425 0.005751
0 0 0.424102 0.296288 0.259836 0.011915 0.007859
0 0 0.498878 0.324981 0.149006 0.002128 0.025007
0 0 0.692098 0.229486 0.057862 0.000333 0.020220
0 0 0.448526 0.264698 0.142915 0.005803 0.138057
0 0 0.418031 0.313931 0.138542 0.003276 0.126219
1 0 0.301887 0.318150 0.141809 0.002813 0.235341
1 0 0.142341 0.362815 0.335322 0.005564 0.153959
4 0 0.163833 0.178170 0.167246 0.030106 0.460645
4 1 0.122051 0.139180 0.162344 0.063071 0.513353
4 1 0.103172 0.128300 0.166492 0.066006 0.536029
3 1 0.039539 0.077117 0.294343 0.431470 0.157531
3 1 0.042830 0.085797 0.296602 0.405669 0.169101
3 1 0.041403 0.087275 0.296668 0.415124 0.159531
3 2 0.044399 0.090388 0.297343 0.393603 0.174267
3 2 0.046924 0.084101 0.294404 0.404804 0.169768
3 2 0.051466 0.089473 0.294539 0.351135 0.213388
4 2 0.079945 0.126065 0.253264 0.177703 0.363024
4 2 0.083286 0.138680 0.246579 0.161404 0.370052
2 2 0.071396 0.130487 0.318510 0.192806 0.286801
2 2 0.084179 0.206230 0.455802 0.084964 0.168825
2 2 0.138600 0.217004 0.361730 0.099165 0.183501
2 2 0.174359 0.238003 0.284296 0.068666 0.234676
2 2 0.102525 0.165189 0.314448 0.198438 0.219400
3 2 0.085967 0.106202 0.282956 0.336154 0.188721
3 2 0.050002 0.059272 0.248414 0.578465 0.063847
3 2 0.084916 0.078596 0.257554 0.495748 0.083186
3 2 0.115050 0.073946 0.230659 0.524825 0.055521
3 2 0.007895 0.008644 0.092183 0.888156 0.003122
3 2 0.004897 0.006048 0.080593 0.906139 0.002323
3 2 0.008694 0.010410 0.108174 0.868553 0.004169
3 2 0.007671 0.011775 0.142957 0.832434 0.005163
3 2 0.005887 0.006844 0.092574 0.892548 0.002147
3 2 0.005831 0.009947 0.169122 0.812808 0.002292
3 2 0.006766 0.006291 0.077969 0.907431 0.001543
3 2 0.008591 0.006779 0.072049 0.911044 0.001537
3 3 0.002968 0.002955 0.056404 0.937041 0.000632
3 3 0.002195 0.001942 0.039499 0.955989 0.000376
3 3 0.004363 0.003813 0.055813 0.935158 0.000853
3 3 0.003227 0.002780 0.047131 0.946296 0.000567
3 3 0.004444 0.004017 0.058483 0.932083 0.000973
3 3 0.007267 0.004059 0.050258 0.937817 0.000600
3 3 0.004306 0.002189 0.033956 0.959329 0.000220
3 3 0.003744 0.001722 0.028795 0.965596 0.000144
3 3 0.001838 0.001504 0.033528 0.962881 0.000249
3 3 0.001965 0.001470 0.032003 0.964347 0.000216
3 3 0.001226 0.001011 0.027289 0.970321 0.000154
3 3 0.000744 0.000588 0.020170 0.978424 0.000075
3 3 0.001322 0.000850 0.022628 0.975109 0.000091
3 3 0.001240 0.000755 0.020796 0.977136 0.000074
3 3 0.000964 0.000642 0.019777 0.978549 0.000067
3 3 0.000582 0.000433 0.016764 0.982174 0.000048
3 3 0.000921 0.000627 0.019704 0.978681 0.000067
3 3 0.001060 0.000685 0.020215 0.977970 0.000070
3 3 0.001677 0.001086 0.025817 0.971295 0.000125
3 3 0.001381 0.000804 0.021137 0.976603 0.000075
3 3 0.001312 0.000778 0.020930 0.976905 0.000074
3 3 0.001254 0.000718 0.019781 0.978183 0.000064
3 3 0.001277 0.000761 0.020718 0.977171 0.000072
3 3 0.002095 0.001053 0.023022 0.973742 0.000088
3 3 0.002441 0.001014 0.020946 0.975534 0.000066
3 3 0.002375 0.000994 0.020795 0.975771 0.000065
3 3 0.002235 0.000947 0.020356 0.976400 0.000062
3 3 0.003101 0.001375 0.025222 0.970198 0.000104
3 3 0.002534 0.001531 0.030096 0.965665 0.000175
3 3 0.003501 0.001574 0.027229 0.967571 0.000125
3 3 0.004170 0.001822 0.029087 0.964774 0.000145
3 3 0.005341 0.002164 0.031013 0.961316 0.000166
3 3 0.003459 0.001625 0.028168 0.966610 0.000138
3 3 0.001995 0.001294 0.028317 0.968240 0.000155
3 3 0.001414 0.000924 0.023798 0.973760 0.000103
3 3 0.001010 0.000857 0.025295 0.972708 0.000130
3 3 0.000554 0.000447 0.017581 0.981363 0.000055
3 3 0.000502 0.000401 0.016536 0.982513 0.000047
3 3 0.000392 0.000288 0.013412 0.985879 0.000028
3 3 0.000880 0.000566 0.018258 0.980240 0.000055
3 3 0.000866 0.000527 0.017195 0.981365 0.000047
3 3 0.000854 0.000479 0.015841 0.982787 0.000038
3 3 0.001485 0.000735 0.018924 0.978801 0.000055
3 3 0.001412 0.000905 0.023356 0.974228 0.000098
3 3 0.001529 0.001045 0.025819 0.971481 0.000127
3 3 0.000491 0.000421 0.017462 0.981571 0.000055
3 3 0.000550 0.000447 0.017621 0.981327 0.000055
3 3 0.000771 0.000658 0.022047 0.976430 0.000094
3 3 0.001565 0.000924 0.022878 0.974542 0.000091
3 3 0.001823 0.000820 0.019320 0.977981 0.000056
3 3 0.000926 0.000472 0.015144 0.983425 0.000033
3 3 0.001083 0.000665 0.019528 0.978660 0.000064
3 3 0.000752 0.000610 0.020776 0.977781 0.000081
3 3 0.000729 0.000585 0.020247 0.978363 0.000076
3 3 0.000967 0.000863 0.025904 0.972126 0.000140
3 3 0.001317 0.000966 0.025466 0.972126 0.000126
3 3 0.001608 0.001110 0.026756 0.970388 0.000138
3 3 0.001504 0.000944 0.023685 0.973766 0.000101
3 3 0.001710 0.001003 0.023813 0.973374 0.000100
3 3 0.002579 0.001376 0.027127 0.968787 0.000131
3 3 0.003349 0.001979 0.034145 0.960293 0.000234
3 3 0.001111 0.000826 0.023558 0.974400 0.000105
3 3 0.001011 0.000737 0.022041 0.976121 0.000090
3 3 0.000813 0.000611 0.020191 0.978311 0.000074
3 3 0.000922 0.000653 0.020429 0.977921 0.000074
3 3 0.000907 0.000653 0.020557 0.977808 0.000076
3 3 0.000763 0.000467 0.016164 0.982565 0.000041
3 3 0.001544 0.000774 0.019550 0.978071 0.000060
3 3 0.000610 0.000606 0.022408 0.976273 0.000103
3 3 0.001029 0.000839 0.024641 0.973370 0.000121
3 3 0.001439 0.000993 0.025232 0.972216 0.000121
3 3 0.003439 0.001607 0.027943 0.966876 0.000135
3 3 0.010799 0.003254 0.034059 0.951700 0.000188
3 3 0.018150 0.005460 0.044449 0.931584 0.000357
3 3 0.033214 0.024489 0.221894 0.719283 0.001120
2 2 0.037053 0.051234 0.463294 0.446010 0.002409
2 2 0.030631 0.082531 0.719548 0.164143 0.003147
2 2 0.016988 0.072313 0.774363 0.131693 0.004643
2 2 0.007567 0.043051 0.806328 0.140489 0.002564
2 2 0.013061 0.059404 0.802467 0.121848 0.003220
2 2 0.015292 0.067661 0.822257 0.092104 0.002687
2 2 0.010232 0.053585 0.834305 0.099569 0.002308
2 2 0.005084 0.031856 0.858810 0.103404 0.000847
2 2 0.007148 0.041437 0.868313 0.082038 0.001063
2 2 0.005068 0.034010 0.879075 0.080980 0.000867
2 2 0.003720 0.029988 0.892577 0.072883 0.000833
2 2 0.013821 0.051973 0.792387 0.139964 0.001855
2 2 0.037574 0.096240 0.719933 0.140744 0.005510
2 2 0.002069 0.012650 0.572797 0.411033 0.001451
2 2 0.005506 0.022097 0.566199 0.404346 0.001852
2 2 0.026102 0.058793 0.549253 0.360005 0.005847
2 2 0.026175 0.047685 0.463574 0.457917 0.004649
3 1 0.020683 0.035164 0.383252 0.556486 0.004416
3 1 0.006553 0.017573 0.367109 0.605379 0.003386
2 2 0.011856 0.042369 0.587074 0.349596 0.009106
2 2 0.006103 0.049541 0.731081 0.185229 0.028045
2 2 0.005062 0.037777 0.636798 0.288150 0.032212
2 2 0.004483 0.039980 0.706045 0.219824 0.029668
2 2 0.003884 0.038905 0.784819 0.154341 0.018051
2 2 0.001384 0.022067 0.866647 0.104644 0.005258
2 2 0.001394 0.020928 0.857697 0.115068 0.004912
2 2 0.004072 0.038485 0.808221 0.139882 0.009341
2 2 0.010003 0.084118 0.796020 0.081715 0.028145
2 2 0.008029 0.059029 0.678804 0.206064 0.048075
2 2 0.003183 0.040478 0.806411 0.128110 0.021819
2 2 0.011505 0.100719 0.733535 0.074684 0.079556
2 2 0.014317 0.119055 0.706609 0.063881 0.096137
2 2 0.022238 0.137190 0.627848 0.060201 0.152524
2 2 0.001079 0.024328 0.915669 0.052153 0.006772
2 2 0.008680 0.093085 0.825995 0.041238 0.031002
2 2 0.007933 0.091290 0.835321 0.038927 0.026529
2 2 0.002614 0.046364 0.885466 0.047522 0.018034
2 2 0.003403 0.046129 0.871096 0.065341 0.014031
2 2 0.005099 0.070319 0.866012 0.036793 0.021777
2 2 0.018501 0.164396 0.676408 0.034714 0.105981
2 2 0.011608 0.119596 0.775012 0.043683 0.050101
2 2 0.014270 0.148164 0.723543 0.033763 0.080260
2 2 0.013043 0.147263 0.752736 0.026442 0.060516
2 2 0.011299 0.122940 0.795305 0.032037 0.038419
2 2 0.017146 0.105847 0.745986 0.098380 0.032641
2 2 0.008082 0.052838 0.694929 0.219057 0.025095
2 2 0.006088 0.044411 0.711038 0.218978 0.019486
2 2 0.008669 0.052329 0.637061 0.262332 0.039609
2 2 0.004918 0.040946 0.724301 0.209812 0.020023
2 2 0.005096 0.045117 0.733252 0.193223 0.023312
2 2 0.006250 0.052049 0.735767 0.176071 0.029862
2 2 0.004614 0.052559 0.842533 0.084409 0.015885
2 2 0.002607 0.039379 0.867442 0.077181 0.013391
0 2 0.615341 0.194988 0.134122 0.030189 0.025359
0 1 0.780395 0.121291 0.056701 0.013916 0.027698
0 0 0.680381 0.169090 0.098318 0.021642 0.030569
0 0 0.469441 0.254491 0.186767 0.030645 0.058656
2 1 0.162330 0.345611 0.421856 0.028961 0.041243
1 2 0.151931 0.374227 0.364146 0.015601 0.094095
2 2 0.067538 0.219986 0.619877 0.060119 0.032480
2 2 0.039342 0.139809 0.698071 0.102660 0.020118
2 2 0.023469 0.114915 0.785900 0.066609 0.009106
2 2 0.024186 0.102657 0.798070 0.069390 0.005697
2 2 0.040808 0.160997 0.748448 0.041531 0.008216
2 2 0.034208 0.131644 0.773019 0.054935 0.006194
2 2 0.040822 0.172127 0.740323 0.036859 0.009870
2 2 0.070997 0.236698 0.649864 0.028362 0.014079
2 2 0.089352 0.254257 0.604047 0.032730 0.019614
2 2 0.114023 0.249928 0.581172 0.031060 0.023816
2 2 0.164330 0.280206 0.499907 0.026894 0.028663
2 2 0.065963 0.201682 0.672239 0.042539 0.017577
2 2 0.052707 0.187607 0.693302 0.050169 0.016215
2 2 0.056789 0.226609 0.658782 0.034546 0.023274
2 2 0.047377 0.150851 0.715740 0.072992 0.013039
2 2 0.065606 0.202317 0.668009 0.049700 0.014367
2 0 0.109749 0.374321 0.471927 0.013152 0.030852
2 1 0.103187 0.391251 0.455930 0.011330 0.038302
1 1 0.250232 0.384246 0.317719 0.006789 0.041014
0 2 0.425007 0.286055 0.267418 0.015978 0.005543
0 2 0.631467 0.197005 0.155822 0.014042 0.001664
0 0 0.788466 0.124657 0.077163 0.008666 0.001048
0 0 0.815919 0.106875 0.066334 0.009985 0.000886
0 0 0.835385 0.077445 0.059744 0.026966 0.000460
0 0 0.710585 0.145480 0.120479 0.022409 0.001048
2 1 0.314665 0.304661 0.357699 0.020563 0.002412
2 1 0.154799 0.381301 0.440985 0.011361 0.011553
2 1 0.031873 0.208056 0.720604 0.021531 0.017935
2 1 0.010603 0.112024 0.825427 0.033594 0.018353
2 2 0.004488 0.054865 0.867122 0.064421 0.009105
2 2 0.001518 0.028252 0.905282 0.060316 0.004632
2 2 0.000650 0.014145 0.915976 0.067559 0.001670
2 2 0.000568 0.012257 0.928658 0.057726 0.000791
2 2 0.000280 0.006280 0.873847 0.119012 0.000581
2 2 0.001610 0.015745 0.885735 0.096184 0.000725
2 2 0.001391 0.011740 0.847913 0.138599 0.000356
2 2 0.001534 0.010131 0.775344 0.212704 0.000287
2 2 0.002320 0.013236 0.768954 0.215099 0.000390
2 2 0.002087 0.013507 0.787974 0.195892 0.000540
2 2 0.000521 0.005609 0.773540 0.220080 0.000251
2 2 0.000150 0.003097 0.836201 0.160411 0.000140
2 2 0.000192 0.004381 0.896224 0.099028 0.000176
2 2 0.000102 0.003944 0.944382 0.051396 0.000176
2 2 0.000137 0.004228 0.913708 0.081689 0.000238
2 2 0.000161 0.003371 0.846329 0.149998 0.000141
2 2 0.000767 0.005669 0.641049 0.352275 0.000240
3 2 0.001210 0.004943 0.416370 0.577266 0.000211
3 2 0.002449 0.005822 0.314559 0.676972 0.000198
3 2 0.003046 0.005883 0.257586 0.733266 0.000219
3 2 0.002146 0.005242 0.296862 0.695571 0.000178
3 2 0.006285 0.009190 0.271309 0.712962 0.000255
3 2 0.016227 0.019228 0.349103 0.615034 0.000408
3 2 0.016550 0.022447 0.430252 0.530355 0.000396
3 2 0.027250 0.027097 0.398658 0.546623 0.000372
2 2 0.003281 0.010904 0.509274 0.476055 0.000486
3 2 0.002238 0.007642 0.441525 0.548290 0.000304
3 2 0.002196 0.007422 0.441107 0.549029 0.000247
2 2 0.003984 0.015504 0.605982 0.373880 0.000649
2 2 0.004962 0.016809 0.595040 0.382573 0.000616
2 2 0.004731 0.017471 0.642883 0.334300 0.000615
2 2 0.002974 0.014080 0.703582 0.278993 0.000370
2 2 0.001547 0.010905 0.779679 0.207563 0.000306
2 2 0.003897 0.017424 0.693992 0.283999 0.000687
3 2 0.002188 0.006111 0.314107 0.677124 0.000470
3 2 0.000661 0.002664 0.231878 0.764387 0.000409
3 2 0.000295 0.001793 0.217089 0.780271 0.000552
3 2 0.000824 0.005026 0.381220 0.611859 0.001070
2 2 0.001136 0.009069 0.579733 0.408456 0.001607
3 2 0.000906 0.006790 0.489897 0.500901 0.001507
3 2 0.000938 0.005409 0.409612 0.583060 0.000981
3 2 0.001284 0.007447 0.439223 0.550400 0.001646
2 2 0.003058 0.013807 0.492039 0.489030 0.002066
3 2 0.005397 0.017039 0.397902 0.576412 0.003250
3 2 0.004443 0.013416 0.346101 0.633849 0.002190
2 2 0.001161 0.007831 0.651137 0.339456 0.000416
2 2 0.003956 0.014486 0.566174 0.414751 0.000632
2 2 0.004989 0.015947 0.532669 0.445715 0.000681
2 2 0.007682 0.019715 0.508980 0.462773 0.000850
2 2 0.005088 0.018042 0.605468 0.370744 0.000658
2 2 0.009475 0.024194 0.562004 0.403451 0.000876
3 2 0.006614 0.015269 0.434645 0.542881 0.000592
3 2 0.004061 0.008478 0.324543 0.662589 0.000328
3 2 0.005535 0.008483 0.232746 0.752782 0.000454
3 2 0.003850 0.003474 0.083501 0.908898 0.000277
3 2 0.003113 0.002185 0.043387 0.951047 0.000268
3 2 0.002913 0.001754 0.032277 0.962851 0.000206
3 2 0.003513 0.001954 0.033125 0.961195 0.000213
3 3 0.002372 0.001282 0.026255 0.969969 0.000122
3 3 0.002624 0.001618 0.031229 0.964337 0.000192
3 3 0.002072 0.001336 0.028731 0.967701 0.000160
3 3 0.002110 0.001371 0.029212 0.967140 0.000167
3 3 0.002606 0.001378 0.027044 0.968842 0.000130
3 3 0.002532 0.001391 0.027576 0.968363 0.000138
3 3 0.003128 0.001625 0.029297 0.965793 0.000156
3 3 0.002162 0.001522 0.031845 0.964261 0.000210
3 3 0.002529 0.001481 0.029217 0.966612 0.000161
3 3 0.004086 0.001814 0.029199 0.964753 0.000147
3 3 0.004066 0.001976 0.031629 0.962145 0.000183
3 3 0.004664 0.001739 0.027021 0.966458 0.000118
3 3 0.003220 0.001141 0.020999 0.974576 0.000063
3 3 0.002161 0.000840 0.018478 0.978473 0.000048
3 3 0.005038 0.001919 0.029311 0.963584 0.000147
3 3 0.005749 0.001919 0.027324 0.964891 0.000117
3 3 0.004340 0.001616 0.025664 0.968277 0.000103
3 3 0.002224 0.001177 0.024902 0.971590 0.000107
3 3 0.002833 0.001977 0.036389 0.958514 0.000286
3 3 0.002429 0.001573 0.031368 0.964433 0.000197
3 3 0.003211 0.001644 0.029295 0.965695 0.000155
3 3 0.002431 0.001145 0.023458 0.972876 0.000090
3 3 0.002505 0.001034 0.021125 0.975268 0.000067
3 3 0.003380 0.001357 0.024107 0.971065 0.000091
3 3 0.004457 0.001745 0.027240 0.966438 0.000120
3 3 0.007028 0.002692 0.034365 0.955706 0.000210
3 3 0.005978 0.002287 0.031111 0.960461 0.000163
3 3 0.001381 0.000878 0.022912 0.974736 0.000094
3 3 0.001866 0.000841 0.019745 0.977489 0.000060
3 3 0.001052 0.000487 0.014836 0.983594 0.000031
3 3 0.001292 0.000606 0.016732 0.981329 0.000041
3 3 0.000772 0.000408 0.014227 0.984563 0.000029
3 3 0.004209 0.002002 0.033107 0.960467 0.000214
3 3 0.016242 0.007723 0.069074 0.905644 0.001317
3 3 0.020112 0.010888 0.079596 0.887627 0.001777
3 2 0.022443 0.022135 0.151098 0.796449 0.007875
2 2 0.017917 0.052396 0.569679 0.347312 0.012696
2 2 0.091280 0.184473 0.627188 0.068556 0.028503
2 2 0.106183 0.190796 0.640801 0.055057 0.007162
2 1 0.097094 0.204645 0.653637 0.039238 0.005386
2 1 0.022159 0.094144 0.818148 0.061173 0.004375
2 1 0.010461 0.063829 0.848882 0.072824 0.004004
2 2 0.009330 0.070179 0.850720 0.063708 0.006064
2 2 0.015034 0.122945 0.807773 0.033871 0.020377
2 2 0.007619 0.088247 0.857400 0.029502 0.017232
2 2 0.002270 0.041009 0.919858 0.030200 0.006663
2 2 0.002804 0.037128 0.914290 0.042059 0.003719
2 1 0.027455 0.115698 0.756871 0.085452 0.014525
2 1 0.028025 0.121177 0.770901 0.067712 0.012185
2 1 0.018433 0.088169 0.800836 0.084601 0.007960
2 2 0.009983 0.070035 0.829241 0.081260 0.009481
2 2 0.011894 0.093310 0.830199 0.051623 0.012974
2 2 0.014601 0.131699 0.803719 0.029420 0.020562
2 2 0.013133 0.124375 0.806016 0.033883 0.022593
2 2 0.018519 0.148177 0.791162 0.026215 0.015927
2 1 0.011208 0.076883 0.848724 0.057684 0.005501
2 2 0.019050 0.110498 0.830099 0.034774 0.005579
2 2 0.022597 0.098357 0.820230 0.054163 0.004653
2 2 0.008853 0.062224 0.886637 0.039623 0.002663
2 2 0.003229 0.033094 0.909817 0.052049 0.001810
2 2 0.000497 0.010757 0.916151 0.071588 0.001005
2 2 0.000769 0.015950 0.921441 0.059901 0.001939
2 2 0.002045 0.025901 0.883088 0.085487 0.003480
2 2 0.001405 0.021457 0.882279 0.091383 0.003476
2 2 0.002463 0.024823 0.802262 0.166038 0.004414
2 2 0.001193 0.013232 0.721942 0.260982 0.002652
2 2 0.003742 0.030988 0.801841 0.159180 0.004249
2 2 0.000816 0.019068 0.938226 0.039345 0.002544
2 2 0.001006 0.019755 0.940452 0.037349 0.001438
2 2 0.000712 0.012087 0.912301 0.074135 0.000766
2 2 0.000561 0.008420 0.865492 0.125041 0.000487
2 2 0.003071 0.025851 0.860369 0.109155 0.001554
2 2 0.000801 0.009966 0.786529 0.201625 0.001079
2 2 0.000759 0.012155 0.826267 0.158306 0.002512
2 2 0.000470 0.008789 0.801032 0.187305 0.002404
2 2 0.000291 0.005548 0.743770 0.248973 0.001418
2 2 0.000219 0.004069 0.679681 0.315001 0.001029
2 2 0.000276 0.004381 0.707730 0.286916 0.000698
2 2 0.003945 0.021413 0.751726 0.221461 0.001455
2 2 0.017747 0.053589 0.769445 0.157718 0.001502
2 2 0.014345 0.048041 0.793208 0.143164 0.001242
2 2 0.009923 0.044044 0.839056 0.105852 0.001124
2 2 0.008338 0.048303 0.869580 0.072021 0.001759
2 2 0.004690 0.039425 0.889985 0.063826 0.002074
2 2 0.000233 0.007302 0.911537 0.079670 0.001258
2 2 0.000142 0.005691 0.922632 0.070355 0.001180
2 1 0.000515 0.010813 0.892192 0.094450 0.002029
2 1 0.046464 0.141176 0.745944 0.059866 0.006550
2 2 0.014559 0.061022 0.809644 0.111933 0.002841
2 0 0.003295 0.022328 0.837295 0.136230 0.000851
2 1 0.001096 0.013486 0.845783 0.138417 0.001217
2 1 0.000091 0.003940 0.902572 0.092348 0.001049
2 2 0.000138 0.004572 0.852916 0.140369 0.002006
2 2 0.000438 0.008509 0.792003 0.193164 0.005886
2 2 0.001947 0.017517 0.632423 0.328090 0.020022
2 4 0.031545 0.092044 0.464536 0.189279 0.222595
4 4 0.098847 0.127587 0.186870 0.084949 0.501747
4 4 0.112516 0.105165 0.078949 0.015449 0.687920
4 4 0.109463 0.080187 0.036552 0.003805 0.769994
4 4 0.107483 0.073295 0.027002 0.002199 0.790021
4 4 0.135279 0.156098 0.072502 0.003458 0.632662
4 4 0.074549 0.315324 0.189484 0.001628 0.419016
4 4 0.076629 0.296972 0.232737 0.005571 0.388091
4 4 0.090459 0.174138 0.109162 0.003457 0.622784
4 4 0.075029 0.125275 0.185040 0.027634 0.587022
4 4 0.078823 0.130022 0.214788 0.051488 0.524880
4 4 0.111622 0.122263 0.110792 0.028912 0.626410
2 4 0.165435 0.298693 0.377737 0.009077 0.149058
2 4 0.156678 0.298152 0.400506 0.023235 0.121430
2 4 0.065687 0.245886 0.436868 0.020451 0.231108
2 4 0.049203 0.235595 0.435368 0.011506 0.268328
2 4 0.081764 0.246748 0.394954 0.011619 0.264916
2 4 0.010568 0.127829 0.755959 0.017491 0.088153
2 4 0.002977 0.058909 0.880525 0.023012 0.034577
2 4 0.004272 0.065586 0.847188 0.031565 0.051389
2 4 0.005060 0.070877 0.829710 0.033531 0.060822
2 4 0.003401 0.053636 0.862155 0.039866 0.040942
2 4 0.001310 0.028718 0.908251 0.045042 0.016679
2 4 0.001269 0.029201 0.911459 0.043411 0.014660
2 4 0.001134 0.021856 0.868478 0.097640 0.010892
2 2 0.001855 0.030687 0.859719 0.090665 0.017075
2 2 0.001105 0.018049 0.807365 0.163692 0.009790
2 2 0.000712 0.011204 0.771228 0.212435 0.004420
2 2 0.000629 0.010269 0.744202 0.240326 0.004574
2 2 0.000819 0.013397 0.778262 0.201040 0.006483
2 2 0.003642 0.044044 0.832704 0.097528 0.022082
2 2 0.005175 0.065862 0.824720 0.062566 0.041677
2 2 0.000561 0.009996 0.750302 0.233991 0.005150
2 2 0.000198 0.004689 0.754347 0.239079 0.001687
2 2 0.000123 0.003795 0.838656 0.156564 0.000862
2 2 0.000065 0.002305 0.802549 0.194593 0.000487
2 2 0.000133 0.003808 0.863128 0.132434 0.000497
2 2 0.000414 0.008268 0.843808 0.145671 0.001839
2 2 0.000700 0.013669 0.896974 0.086054 0.002603
2 2 0.000519 0.012023 0.910755 0.074153 0.002550
2 2 0.000444 0.008677 0.872648 0.116873 0.001357
2 2 0.000732 0.011270 0.836837 0.149088 0.002074
2 2 0.001187 0.016341 0.823472 0.155011 0.003988
2 2 0.001405 0.025176 0.898549 0.069604 0.005266
2 2 0.002950 0.036055 0.884332 0.071511 0.005152
2 2 0.004166 0.043783 0.888308 0.059065 0.004678
2 2 0.002734 0.032197 0.889093 0.072054 0.003922
2 2 0.000959 0.015973 0.899246 0.081959 0.001862
2 2 0.001138 0.017503 0.893128 0.086387 0.001844
2 2 0.002442 0.032995 0.897680 0.062478 0.004406
2 2 0.003122 0.036900 0.891727 0.063773 0.004478
2 2 0.001066 0.016228 0.873586 0.106906 0.002213
2 2 0.000530 0.007020 0.853433 0.138724 0.000292
2 2 0.002248 0.014388 0.777052 0.205768 0.000544
2 2 0.002082 0.014797 0.806800 0.175803 0.000518
2 2 0.001039 0.010773 0.837584 0.150233 0.000372
2 2 0.001188 0.011863 0.821826 0.164657 0.000466
2 2 0.002210 0.016240 0.776740 0.204045 0.000764
2 2 0.005631 0.029363 0.751526 0.211656 0.001824
2 2 0.009754 0.035738 0.707395 0.245035 0.002079
2 2 0.005087 0.019669 0.592659 0.380952 0.001632
2 2 0.001459 0.008958 0.585099 0.403728 0.000755
2 2 0.002341 0.014627 0.682172 0.299598 0.001262
2 2 0.002948 0.021313 0.815691 0.158745 0.001302
2 2 0.003192 0.020549 0.819587 0.155838 0.000834
2 2 0.034668 0.071467 0.727995 0.163965 0.001906
2 0 0.079832 0.106107 0.637266 0.174050 0.002745
2 1 0.066251 0.141615 0.698807 0.086919 0.006408
2 1 0.022377 0.090213 0.800893 0.081295 0.005222
2 2 0.025181 0.108082 0.792672 0.067210 0.006856
2 2 0.019188 0.107485 0.820598 0.046221 0.006509
2 2 0.000382 0.011297 0.938709 0.048271 0.001342
2 2 0.000017 0.001128 0.952149 0.046656 0.000051
2 2 0.000026 0.001278 0.935017 0.063642 0.000036
2 2 0.000046 0.001712 0.898685 0.099477 0.000079
2 2 0.000102 0.002625 0.879118 0.118039 0.000115
2 2 0.000216 0.003800 0.836041 0.159772 0.000171
2 2 0.000497 0.005806 0.807020 0.186448 0.000228
2 2 0.000495 0.005984 0.819422 0.173857 0.000242
2 2 0.000315 0.004256 0.782146 0.213100 0.000183
2 2 0.000245 0.004516 0.854830 0.140206 0.000203
2 2 0.000261 0.004274 0.811251 0.183999 0.000215
2 2 0.000283 0.004256 0.768428 0.226764 0.000269
2 2 0.000296 0.003186 0.575124 0.421110 0.000284
3 2 0.000623 0.003181 0.374641 0.621351 0.000204
3 2 0.002128 0.006520 0.326015 0.664749 0.000587
3 2 0.002294 0.006617 0.323151 0.667286 0.000652
3 2 0.000827 0.002887 0.258026 0.738009 0.000251
3 2 0.000746 0.004065 0.428871 0.566005 0.000314
2 2 0.000493 0.004065 0.556237 0.438914 0.000291
2 2 0.000498 0.006416 0.777177 0.215382 0.000526
2 2 0.000476 0.006096 0.772855 0.220123 0.000450
3 2 0.001143 0.003675 0.277997 0.716955 0.000230
3 2 0.001172 0.001982 0.122726 0.874009 0.000111
3 2 0.001381 0.001749 0.090791 0.905980 0.000099
3 2 0.002330 0.003762 0.168910 0.824797 0.000202
3 2 0.002626 0.004743 0.212455 0.779946 0.000231
3 2 0.004633 0.010195 0.365250 0.619474 0.000447
3 2 0.001657 0.004346 0.240698 0.752955 0.000345
3 2 0.001837 0.003972 0.178060 0.815716 0.000415
3 2 0.001313 0.002514 0.102956 0.892742 0.000475
3 3 0.001710 0.002838 0.096479 0.898487 0.000487
3 3 0.000801 0.001269 0.062821 0.934916 0.000193
3 3 0.000511 0.000910 0.063829 0.934645 0.000105
3 3 0.001193 0.001690 0.073785 0.923129 0.000202
3 3 0.000795 0.001101 0.054775 0.943192 0.000137
3 3 0.000970 0.001026 0.037064 0.960784 0.000155
3 3 0.000858 0.001000 0.038719 0.959259 0.000164
3 3 0.002195 0.001804 0.039871 0.955853 0.000278
3 3 0.002926 0.001727 0.031778 0.963372 0.000197
3 3 0.001731 0.001261 0.032788 0.964075 0.000145
3 3 0.001140 0.000976 0.033697 0.964077 0.000110
3 3 0.000686 0.001111 0.040700 0.957158 0.000345
3 3 0.000905 0.001253 0.042060 0.955467 0.000315
3 3 0.001078 0.001655 0.051770 0.945011 0.000487
3 3 0.000998 0.001426 0.047875 0.949346 0.000355
3 3 0.001437 0.001964 0.051683 0.944355 0.000561
3 3 0.002321 0.002529 0.050039 0.944458 0.000654
3 3 0.001663 0.001647 0.037855 0.958483 0.000352
3 3 0.001110 0.001164 0.032267 0.965213 0.000246
3 3 0.001269 0.001115 0.029457 0.967971 0.000188
3 3 0.001223 0.000858 0.023525 0.974290 0.000103
3 3 0.001646 0.000797 0.019582 0.977915 0.000059
3 3 0.001298 0.000692 0.018872 0.979082 0.000056
3 3 0.001044 0.000581 0.017484 0.980844 0.000048
3 3 0.001190 0.000657 0.018594 0.979505 0.000055
3 3 0.002021 0.001172 0.025744 0.970944 0.000119
3 3 0.001503 0.000866 0.021893 0.975656 0.000082
3 3 0.001648 0.000953 0.023679 0.973638 0.000082
3 3 0.001318 0.000786 0.021767 0.976058 0.000072
3 3 0.002096 0.001226 0.027788 0.968772 0.000118
3 3 0.001149 0.000874 0.030118 0.967774 0.000084
3 3 0.001325 0.001151 0.029814 0.967517 0.000192
3 3 0.001380 0.001228 0.031152 0.966025 0.000215
3 3 0.002470 0.001870 0.036477 0.958887 0.000296
3 3 0.001194 0.001157 0.031181 0.966247 0.000221
3 3 0.001689 0.001763 0.044994 0.951214 0.000340
3 3 0.001071 0.001160 0.038582 0.958991 0.000196
3 3 0.001649 0.001230 0.029110 0.967838 0.000173
3 3 0.001023 0.000705 0.021042 0.977152 0.000079
3 3 0.000318 0.000287 0.014553 0.984806 0.000037
3 3 0.000760 0.000484 0.016724 0.981987 0.000045
3 3 0.000810 0.000434 0.014764 0.983961 0.000032
3 3 0.002346 0.001142 0.023720 0.972699 0.000093
3 3 0.004891 0.002462 0.035962 0.956435 0.000251
3 3 0.002461 0.002152 0.049763 0.945367 0.000257
3 3 0.001339 0.001423 0.046207 0.950852 0.000178
3 3 0.002237 0.001504 0.031077 0.964987 0.000195
3 3 0.002128 0.001429 0.030236 0.966025 0.000183
3 3 0.002051 0.001432 0.030737 0.965588 0.000192
3 3 0.001161 0.000827 0.023210 0.974701 0.000100
3 3 0.001063 0.000862 0.024928 0.973025 0.000124
3 3 0.000523 0.000815 0.031189 0.967215 0.000259
3 3 0.001113 0.001212 0.033447 0.963957 0.000271
3 3 0.007141 0.005300 0.062097 0.924412 0.001049
3 3 0.002590 0.002648 0.049070 0.945033 0.000659
3 3 0.003820 0.005830 0.112066 0.876692 0.001592
3 2 0.010503 0.027158 0.331939 0.618048 0.012352
2 2 0.019524 0.055126 0.466458 0.425822 0.033070
2 2 0.028305 0.079307 0.449779 0.298684 0.143926
2 4 0.033814 0.096985 0.449299 0.192378 0.227524
4 4 0.085816 0.133170 0.210437 0.067191 0.503387
4 4 0.176637 0.142120 0.107990 0.028854 0.544399
4 4 0.140265 0.168363 0.170990 0.061827 0.458555
4 4 0.144584 0.200678 0.217392 0.062775 0.374571
2 4 0.208576 0.267522 0.291846 0.066997 0.165058
2 1 0.133055 0.199512 0.500218 0.145410 0.021806
2 1 0.026523 0.068045 0.645162 0.253644 0.006626
2 4 0.064872 0.151354 0.633474 0.126030 0.024271
2 4 0.028038 0.109004 0.728857 0.114832 0.019270
2 4 0.032849 0.135781 0.666920 0.104614 0.059836
2 4 0.012807 0.064682 0.587637 0.239204 0.095670
2 4 0.038670 0.105867 0.492836 0.293778 0.068849
2 4 0.094347 0.134782 0.348051 0.287094 0.135726
2 4 0.161971 0.140316 0.309326 0.292293 0.096094
2 4 0.022597 0.064603 0.586638 0.311114 0.015048
2 1 0.004775 0.029577 0.675491 0.280591 0.009566
2 2 0.002370 0.024243 0.703734 0.250069 0.019584
2 2 0.002946 0.027766 0.696859 0.248142 0.024286
2 2 0.005779 0.042934 0.669333 0.237998 0.043955
2 2 0.003400 0.041181 0.807866 0.119344 0.028209
2 2 0.005507 0.062149 0.815617 0.078394 0.038332
2 2 0.002738 0.037855 0.872446 0.076348 0.010612
2 2 0.002868 0.035700 0.868276 0.083825 0.009331
2 2 0.002350 0.030853 0.875948 0.082512 0.008337
2 2 0.002427 0.032256 0.877180 0.078688 0.009449
2 2 0.001253 0.023376 0.884035 0.079882 0.011453
2 2 0.000260 0.009028 0.922862 0.064042 0.003808
2 2 0.000511 0.016072 0.937872 0.037475 0.008070
2 2 0.001341 0.027063 0.902916 0.046910 0.021769
2 2 0.001795 0.030365 0.878753 0.063624 0.025462
2 2 0.004411 0.059524 0.837345 0.049256 0.049463
2 4 0.035043 0.175365 0.474296 0.024523 0.290773
4 4 0.048065 0.178173 0.293954 0.007576 0.472232
4 4 0.040509 0.144381 0.299103 0.007508 0.508498
4 4 0.038489 0.151958 0.319553 0.006623 0.483376
4 4 0.045914 0.161197 0.301482 0.009765 0.481643
4 4 0.059246 0.156413 0.212281 0.008110 0.563950
4 4 0.057200 0.136625 0.188957 0.007057 0.610161
4 4 0.043460 0.168391 0.313358 0.007624 0.467167
4 4 0.038182 0.186185 0.370775 0.006833 0.398024
2 4 0.023067 0.184288 0.562817 0.010787 0.219041
2 1 0.026454 0.181045 0.526698 0.011447 0.254355
2 4 0.029580 0.183142 0.466198 0.008060 0.313020
2 4 0.015471 0.158766 0.698099 0.015606 0.112058
2 4 0.005327 0.079796 0.833008 0.023499 0.058370
2 4 0.007134 0.091789 0.801489 0.033952 0.065637
2 1 0.005740 0.072424 0.819211 0.053936 0.048690
2 2 0.008128 0.100180 0.787577 0.033973 0.070141
2 2 0.004711 0.060961 0.830261 0.058944 0.045123
2 2 0.001763 0.032467 0.886099 0.059736 0.019934
2 2 0.000771 0.016880 0.893465 0.077951 0.010933
2 2 0.002443 0.042039 0.877414 0.052832 0.025272
2 2 0.001702 0.039523 0.909792 0.030776 0.018208
2 2 0.000683 0.021396 0.937706 0.031440 0.008774
2 2 0.000807 0.021570 0.926711 0.039355 0.011556
2 2 0.000399 0.013321 0.938877 0.040980 0.006423
2 2 0.000263 0.010434 0.947769 0.037075 0.004459
2 2 0.000477 0.011678 0.893947 0.086154 0.007744
2 2 0.000462 0.011466 0.888968 0.092346 0.006757
2 2 0.000706 0.014458 0.863035 0.112922 0.008879
2 2 0.000701 0.015926 0.890121 0.084361 0.008891
2 2 0.001421 0.027086 0.890978 0.065052 0.015463
2 2 0.000504 0.013273 0.900017 0.080009 0.006198
2 2 0.000329 0.010651 0.916417 0.068506 0.004097
2 2 0.000512 0.014625 0.917220 0.061313 0.006330
2 2 0.000758 0.023513 0.937254 0.028966 0.009510
2 2 0.000484 0.017509 0.950063 0.026760 0.005185
2 1 0.001784 0.028095 0.920584 0.045412 0.004125
2 2 0.009578 0.078522 0.852208 0.047900 0.011792
2 2 0.015748 0.110995 0.790220 0.054860 0.028175
2 2 0.004806 0.051187 0.842097 0.085781 0.016129
2 2 0.000012 0.000939 0.888702 0.110042 0.000305
2 2 0.000023 0.001313 0.848280 0.149885 0.000499
2 2 0.000034 0.001805 0.869749 0.127712 0.000699
2 2 0.000026 0.001571 0.885186 0.112697 0.000520
2 2 0.000016 0.001101 0.870193 0.128343 0.000346
2 2 0.000025 0.001495 0.876766 0.121212 0.000502
2 2 0.000034 0.002244 0.929249 0.067774 0.000699
2 2 0.000045 0.002516 0.912449 0.084103 0.000886
2 2 0.000021 0.001729 0.941976 0.055799 0.000475
2 2 0.000030 0.002006 0.925836 0.071498 0.000630
2 2 0.000023 0.001916 0.952016 0.045530 0.000516
2 2 0.000028 0.002114 0.944764 0.052482 0.000612
2 2 0.000017 0.001395 0.926415 0.071795 0.000378
2 2 0.000029 0.001996 0.929155 0.068199 0.000621
2 2 0.000033 0.002370 0.941446 0.055483 0.000668
2 2 0.000033 0.002245 0.933025 0.064025 0.000673
2 2 0.000056 0.003067 0.924181 0.071591 0.001105
2 2 0.000048 0.002906 0.938332 0.057655 0.001058
2 2 0.000043 0.002801 0.944501 0.051730 0.000926
2 2 0.000008 0.000831 0.917899 0.081059 0.000202
2 2 0.000044 0.002953 0.943734 0.052463 0.000806
2 2 0.000069 0.003509 0.926058 0.069544 0.000820
2 2 0.000094 0.004761 0.940566 0.053299 0.001280
2 2 0.000100 0.005398 0.952675 0.040222 0.001605
2 2 0.000063 0.003468 0.928493 0.066940 0.001036
2 2 0.000050 0.002946 0.927282 0.068916 0.000806
2 2 0.000062 0.003349 0.925415 0.070021 0.001153
2 2 0.000066 0.004274 0.958601 0.035799 0.001260
2 2 0.000022 0.002134 0.966936 0.030439 0.000469
2 2 0.000020 0.001532 0.956303 0.041958 0.000188
2 2 0.000011 0.001010 0.957494 0.041392 0.000093
2 2 0.000022 0.001550 0.937009 0.061130 0.000288
2 2 0.000017 0.001172 0.895526 0.103003 0.000282
2 2 0.000058 0.002438 0.847946 0.148496 0.001063
2 2 0.000090 0.003102 0.811001 0.184434 0.001373
2 2 0.000115 0.003943 0.844846 0.149324 0.001771
2 2 0.000090 0.003701 0.882168 0.112580 0.001460
2 2 0.000053 0.002722 0.897259 0.099069 0.000897
2 2 0.000052 0.002488 0.871277 0.125312 0.000871
2 2 0.000048 0.002479 0.900227 0.096489 0.000758
2 2 0.000300 0.007186 0.830232 0.157995 0.004287
2 2 0.000256 0.005632 0.753401 0.237567 0.003144
2 2 0.000166 0.004527 0.783725 0.209495 0.002087
2 2 0.000056 0.002635 0.868023 0.128414 0.000873
2 2 0.000112 0.003573 0.885182 0.110528 0.000605
2 2 0.000461 0.008798 0.918450 0.071376 0.000915
2 2 0.000355 0.006896 0.907955 0.084194 0.000601
2 2 0.000301 0.005977 0.900636 0.092645 0.000440
2 2 0.000379 0.006407 0.847713 0.144920 0.000580
2 2 0.000543 0.008352 0.838630 0.151663 0.000813
2 2 0.000471 0.008818 0.879646 0.110108 0.000957
2 2 0.000296 0.005678 0.834227 0.159228 0.000571
2 2 0.000290 0.004001 0.731877 0.263533 0.000299
2 2 0.000145 0.002146 0.593294 0.404172 0.000242
2 2 0.000115 0.002170 0.689725 0.307777 0.000214
2 2 0.000109 0.002612 0.790638 0.206396 0.000246
2 2 0.000093 0.002523 0.856042 0.141179 0.000163
2 2 0.000114 0.003340 0.914514 0.081861 0.000172
2 2 0.000044 0.001268 0.774314 0.224300 0.000074
2 2 0.000103 0.001878 0.667830 0.330023 0.000165
2 2 0.001224 0.011389 0.672959 0.311479 0.002948
2 2 0.002493 0.018388 0.743725 0.232666 0.002728
2 2 0.001498 0.012903 0.780796 0.203601 0.001203
2 2 0.000584 0.006469 0.718416 0.273811 0.000721
2 2 0.000419 0.005795 0.750811 0.242170 0.000804
2 2 0.000437 0.008459 0.844039 0.145152 0.001913
2 2 0.000677 0.011192 0.834280 0.151387 0.002464
2 2 0.000264 0.005071 0.718459 0.274737 0.001469
2 2 0.000140 0.003093 0.646857 0.348764 0.001146
2 2 0.000276 0.006068 0.775569 0.215920 0.002168
2 2 0.000342 0.009217 0.875834 0.111143 0.003464
2 2 0.000211 0.006675 0.900546 0.090974 0.001595
2 2 0.000298 0.006696 0.826588 0.164302 0.002115
2 2 0.000463 0.007984 0.797117 0.192362 0.002075
2 2 0.000598 0.009251 0.788433 0.199492 0.002226
2 2 0.000367 0.005646 0.688711 0.303818 0.001459
2 2 0.000209 0.003309 0.604249 0.391428 0.000805
2 2 0.000225 0.003190 0.550529 0.445142 0.000914
2 2 0.000261 0.003819 0.638955 0.356171 0.000795
2 2 0.000086 0.001546 0.533211 0.464848 0.000309
2 2 0.001020 0.011669 0.698219 0.283386 0.005706
3 2 0.001139 0.008246 0.491951 0.495218 0.003446
2 2 0.001991 0.016903 0.653206 0.319231 0.008668
2 2 0.001849 0.019253 0.750390 0.220077 0.008430
2 2 0.001222 0.015209 0.814267 0.165146 0.004156
2 2 0.000412 0.007186 0.850041 0.141334 0.001027
2 2 0.000128 0.003623 0.883364 0.112391 0.000494
2 2 0.000065 0.003026 0.931367 0.065079 0.000463
2 2 0.000173 0.004606 0.887913 0.106722 0.000586
2 2 0.000169 0.005082 0.893113 0.100794 0.000842
2 2 0.002551 0.022891 0.867880 0.104833 0.001846
2 2 0.019237 0.072788 0.816249 0.087921 0.003804
2 1 0.010664 0.052324 0.842117 0.091915 0.002980
2 2 0.003839 0.030892 0.888854 0.074736 0.001679
2 2 0.011618 0.064390 0.869510 0.051410 0.003072
2 1 0.072816 0.199546 0.693566 0.027037 0.007034
2 1 0.054577 0.187330 0.718053 0.028374 0.011666
2 1 0.027115 0.128457 0.793747 0.039871 0.010809
2 1 0.024555 0.110724 0.803689 0.052467 0.008566
2 1 0.076520 0.230338 0.646399 0.030533 0.016210
1 1 0.113126 0.433071 0.418594 0.004602 0.030607
1 1 0.196637 0.400074 0.372694 0.008393 0.022201
1 1 0.244525 0.367428 0.347052 0.013315 0.027680
0 1 0.370338 0.358085 0.242822 0.005189 0.023566
0 0 0.496909 0.335217 0.128073 0.001152 0.038649
1 1 0.335111 0.387014 0.202099 0.001990 0.073786
2 1 0.113796 0.380934 0.441606 0.007711 0.055954
2 1 0.035382 0.252904 0.604296 0.018346 0.089072
2 1 0.031094 0.220628 0.602396 0.025197 0.120685
2 1 0.008584 0.080639 0.760896 0.077817 0.072064
2 2 0.002735 0.031925 0.787684 0.151947 0.025708
2 2 0.000522 0.010387 0.815752 0.167077 0.006262
2 2 0.001347 0.017112 0.760987 0.204007 0.016547
2 2 0.003509 0.042770 0.825181 0.087092 0.041448
2 4 0.005396 0.060918 0.807427 0.065313 0.060947
2 4 0.007194 0.089742 0.794424 0.032608 0.076032
2 1 0.013185 0.172715 0.692738 0.011448 0.109914
2 1 0.028489 0.291722 0.576672 0.006906 0.096210
2 2 0.082213 0.318010 0.559586 0.012176 0.028015
2 2 0.070198 0.254935 0.634907 0.014110 0.025850
2 1 0.023401 0.202389 0.740292 0.012935 0.020983
2 1 0.018498 0.199114 0.751222 0.009960 0.021206
2 1 0.024150 0.238079 0.692701 0.009876 0.035194
2 1 0.016394 0.149290 0.793889 0.020645 0.019781
2 1 0.011991 0.098087 0.829061 0.042927 0.017934
2 1 0.011563 0.077289 0.839831 0.060546 0.010770
2 2 0.009299 0.063701 0.848611 0.070565 0.007824
2 2 0.011258 0.061805 0.849627 0.073470 0.003840
2 2 0.025363 0.110326 0.813132 0.044753 0.006426
2 2 0.037024 0.162721 0.756576 0.029823 0.013856
2 1 0.019785 0.116620 0.824409 0.029820 0.009366
2 1 0.007372 0.068831 0.880767 0.034274 0.008756
2 1 0.016095 0.126703 0.800663 0.028901 0.027638
2 2 0.005871 0.079897 0.867703 0.025972 0.020557
2 2 0.011534 0.191359 0.718314 0.007370 0.071423
2 2 0.004695 0.111462 0.843884 0.009455 0.030503
2 2 0.026523 0.328226 0.603096 0.002776 0.039380
2 2 0.038068 0.264864 0.666757 0.007729 0.022583
2 2 0.032002 0.216017 0.722394 0.011177 0.018410
2 2 0.017786 0.120526 0.827847 0.024867 0.008974
2 2 0.004312 0.077376 0.854656 0.022352 0.041304
2 2 0.002130 0.042802 0.895621 0.035047 0.024400
2 2 0.002113 0.028785 0.872562 0.087082 0.009458
2 2 0.001951 0.021876 0.819786 0.150685 0.005702
2 2 0.001965 0.023690 0.832923 0.133821 0.007602
2 2 0.004351 0.052463 0.865927 0.061038 0.016222
2 2 0.002358 0.046869 0.891403 0.036497 0.022873
2 2 0.000805 0.021304 0.919130 0.049806 0.008955
2 2 0.000287 0.013382 0.961274 0.020478 0.004579
2 2 0.000307 0.016767 0.967485 0.010020 0.005422
2 2 0.000239 0.015899 0.972647 0.007043 0.004172
2 2 0.000398 0.019017 0.961923 0.012033 0.006628
2 2 0.005387 0.082380 0.865211 0.017570 0.029452
2 2 0.026048 0.178818 0.741292 0.020273 0.033569
2 4 0.024219 0.182876 0.732814 0.019394 0.040697
2 4 0.018490 0.147589 0.758883 0.031244 0.043795
2 4 0.017115 0.169114 0.679910 0.022886 0.110975
2 4 0.035119 0.140395 0.490206 0.096557 0.237723
2 4 0.037182 0.113279 0.433685 0.075476 0.340378
4 4 0.082613 0.128720 0.214552 0.063008 0.511106
4 4 0.193855 0.097075 0.036666 0.003975 0.668429
4 4 0.117999 0.076064 0.027744 0.002317 0.775876
4 4 0.118193 0.051037 0.012128 0.000558 0.818084
4 4 0.305875 0.091221 0.025893 0.002371 0.574641
4 4 0.400889 0.109145 0.037203 0.005083 0.447681
0 4 0.491986 0.114769 0.041586 0.007178 0.344481
0 1 0.492509 0.120419 0.043257 0.007684 0.336131
0 4 0.507393 0.092949 0.023901 0.002647 0.373109
4 4 0.386426 0.096739 0.027193 0.002822 0.486821
4 4 0.137514 0.047464 0.009645 0.000381 0.804997
4 4 0.115710 0.061168 0.017818 0.001078 0.804226
4 4 0.117838 0.069281 0.022848 0.001655 0.788377
4 4 0.099901 0.044507 0.010027 0.000401 0.845164
4 4 0.279816 0.077895 0.019178 0.001369 0.621742
4 4 0.325064 0.088418 0.023668 0.002063 0.560786
4 4 0.421573 0.090514 0.023080 0.002202 0.462630
0 4 0.678294 0.105626 0.036211 0.008543 0.171326
0 1 0.640923 0.133339 0.067517 0.029154 0.129067
1 1 0.267137 0.269301 0.255763 0.029327 0.178472
4 4 0.144002 0.133147 0.073370 0.001994 0.647486
4 4 0.083125 0.154680 0.113302 0.004032 0.644861
4 4 0.092155 0.132367 0.083175 0.004098 0.688206
4 4 0.091799 0.105587 0.059363 0.003083 0.740168
4 4 0.079101 0.166095 0.138493 0.005068 0.611243
4 1 0.096796 0.149815 0.120359 0.012536 0.620493
4 4 0.081984 0.175505 0.170192 0.011189 0.561130
4 4 0.079822 0.119868 0.124262 0.012647 0.663401
4 4 0.078141 0.142960 0.198982 0.035393 0.544524
4 4 0.066215 0.175532 0.276352 0.027931 0.453971
4 4 0.103161 0.143359 0.159152 0.051653 0.542675
4 4 0.122398 0.119143 0.084976 0.017411 0.656071
4 4 0.157672 0.099815 0.051880 0.007355 0.683278
4 4 0.200107 0.094775 0.039156 0.004576 0.661385
4 4 0.110307 0.083537 0.039720 0.004403 0.762034
4 4 0.122184 0.057395 0.015174 0.000820 0.804426
4 4 0.103934 0.063359 0.022115 0.001578 0.809013
4 4 0.223978 0.068328 0.016754 0.001042 0.689897
4 4 0.398071 0.098910 0.031906 0.003869 0.467244
4 4 0.300853 0.127924 0.096120 0.027867 0.447236
4 4 0.437430 0.072030 0.015469 0.001126 0.473946
4 4 0.286886 0.040510 0.004910 0.000133 0.667561
4 4 0.304033 0.034786 0.003512 0.000076 0.657593
4 4 0.325780 0.041533 0.004916 0.000137 0.627635
4 4 0.325627 0.051268 0.007580 0.000287 0.615238
4 4 0.251124 0.069875 0.015995 0.000976 0.662030
4 4 0.285174 0.065264 0.013152 0.000716 0.635695
4 4 0.313477 0.066179 0.013047 0.000724 0.606574
4 4 0.401679 0.088103 0.022024 0.001978 0.486216
4 4 0.336642 0.085452 0.021749 0.001800 0.554357
4 4 0.201291 0.070437 0.020396 0.001461 0.706415
4 4 0.191171 0.057742 0.013760 0.000736 0.736591
4 4 0.352553 0.083819 0.026539 0.002698 0.534391
4 4 0.331091 0.105931 0.044881 0.006723 0.511374
4 4 0.331624 0.095187 0.033041 0.003847 0.536301
4 4 0.378430 0.110594 0.040947 0.005915 0.464113
4 1 0.249217 0.143277 0.089826 0.021899 0.495782
