0 0 0.989116 0.005121 0.004080 0.000017 0.001666
0 0 0.990395 0.004549 0.003499 0.000011 0.001546
0 0 0.987651 0.007044 0.003419 0.000082 0.001804
0 0 0.987276 0.008167 0.001012 0.000052 0.003492
0 0 0.963173 0.015051 0.001122 0.000014 0.020640
0 0 0.723871 0.038114 0.002387 0.000004 0.235624
4 0 0.025565 0.026879 0.008693 0.000020 0.938842
4 0 0.004452 0.010112 0.005202 0.000008 0.980226
4 1 0.002967 0.007549 0.003972 0.000005 0.985507
4 1 0.003349 0.008049 0.004080 0.000005 0.984517
4 1 0.003472 0.012377 0.010734 0.000043 0.973375
4 1 0.005613 0.021973 0.026688 0.000271 0.945456
4 1 0.008073 0.029547 0.035009 0.000537 0.926834
4 1 0.007753 0.026210 0.027498 0.000313 0.938226
4 1 0.008408 0.025497 0.023723 0.000222 0.942150
4 1 0.010035 0.025282 0.019422 0.000138 0.945122
4 1 0.011324 0.029221 0.024139 0.000222 0.935094
4 1 0.010809 0.029315 0.025503 0.000253 0.934120
4 1 0.008885 0.024145 0.019730 0.000146 0.947094
4 4 0.009847 0.023138 0.016082 0.000091 0.950842
4 4 0.012980 0.018137 0.006874 0.000013 0.961995
4 4 0.018887 0.031346 0.016928 0.000093 0.932745
4 4 0.020006 0.035411 0.021269 0.000155 0.923159
4 4 0.023641 0.057106 0.055708 0.001358 0.862187
4 4 0.023258 0.062494 0.070373 0.002340 0.841534
4 4 0.028328 0.079386 0.102720 0.005628 0.783938
4 4 0.021391 0.062585 0.077018 0.002915 0.836091
4 1 0.023282 0.066524 0.081790 0.003329 0.825074
4 1 0.021970 0.059653 0.066719 0.002079 0.849579
4 1 0.024661 0.079837 0.120639 0.008406 0.766457
4 1 0.030460 0.108344 0.241956 0.032759 0.586482
4 1 0.032650 0.139579 0.360762 0.050477 0.416532
2 1 0.024385 0.116415 0.631371 0.063223 0.164606
2 2 0.018965 0.065775 0.670771 0.110343 0.134147
2 2 0.007597 0.034945 0.770185 0.118013 0.069260
2 2 0.003517 0.017239 0.684899 0.272913 0.021432
2 2 0.005013 0.018984 0.650000 0.307345 0.018658
2 2 0.004133 0.013210 0.637765 0.335034 0.009858
2 2 0.003541 0.012037 0.682667 0.292489 0.009267
2 2 0.003669 0.009789 0.713798 0.267220 0.005523
2 2 0.001229 0.006648 0.865529 0.119561 0.007032
2 2 0.002220 0.010234 0.756929 0.219879 0.010737
2 2 0.005090 0.023049 0.727003 0.204233 0.040625
2 2 0.009365 0.036527 0.634799 0.246190 0.073119
2 2 0.006037 0.025173 0.496596 0.430770 0.041424
3 2 0.009109 0.021750 0.377369 0.574148 0.017625
3 2 0.034560 0.032058 0.403073 0.518413 0.011897
3 2 0.016688 0.017030 0.274680 0.686359 0.005243
3 2 0.009226 0.015558 0.312847 0.659619 0.002750
3 2 0.012790 0.015852 0.232155 0.736674 0.002529
3 2 0.014558 0.013709 0.205060 0.764088 0.002585
3 2 0.008122 0.010944 0.265187 0.712067 0.003681
3 2 0.005643 0.009235 0.224223 0.757155 0.003744
3 2 0.005524 0.010506 0.241201 0.737635 0.005133
3 2 0.003712 0.006786 0.162807 0.823673 0.003021
3 3 0.005194 0.007931 0.162575 0.821205 0.003096
3 3 0.004327 0.006326 0.124339 0.862688 0.002320
3 3 0.003971 0.006772 0.145533 0.840854 0.002870
3 3 0.004734 0.006951 0.143294 0.842469 0.002551
3 3 0.005930 0.009699 0.160219 0.819689 0.004463
3 3 0.007395 0.014367 0.167441 0.800883 0.009915
3 3 0.010322 0.015363 0.165556 0.800029 0.008730
3 3 0.014847 0.019787 0.156230 0.797335 0.011800
3 3 0.014006 0.018708 0.120634 0.835028 0.011624
3 3 0.020528 0.022171 0.110500 0.834200 0.012600
3 3 0.013709 0.014389 0.077148 0.888004 0.006751
3 3 0.013662 0.014553 0.094726 0.870446 0.006614
3 3 0.007304 0.009520 0.074378 0.904422 0.004376
3 3 0.008147 0.009855 0.074279 0.903424 0.004295
3 3 0.007362 0.009022 0.061798 0.917732 0.004086
3 3 0.006514 0.009515 0.075474 0.903414 0.005082
3 3 0.010759 0.014021 0.084529 0.882767 0.007923
3 3 0.009561 0.013675 0.085545 0.882946 0.008273
3 3 0.013750 0.016529 0.089995 0.870449 0.009276
3 3 0.009907 0.013177 0.080473 0.888824 0.007619
3 3 0.008010 0.010489 0.069112 0.906615 0.005774
3 3 0.007400 0.010642 0.073023 0.902393 0.006543
3 3 0.006429 0.010571 0.076322 0.899464 0.007214
3 3 0.004966 0.007640 0.058891 0.924140 0.004363
3 3 0.004024 0.006014 0.048659 0.938290 0.003013
3 3 0.003153 0.005846 0.052524 0.934856 0.003622
3 3 0.002766 0.004488 0.041998 0.948356 0.002391
3 3 0.002448 0.003734 0.036385 0.955590 0.001844
3 3 0.001948 0.003050 0.031756 0.961808 0.001439
3 3 0.002903 0.004850 0.045369 0.944078 0.002800
3 3 0.003104 0.005057 0.046133 0.942837 0.002868
3 3 0.003728 0.006233 0.054558 0.931511 0.003969
3 3 0.004715 0.007116 0.057597 0.926237 0.004335
3 3 0.005414 0.007429 0.057549 0.925308 0.004301
3 3 0.006703 0.008078 0.058295 0.922573 0.004352
3 3 0.005403 0.007087 0.054792 0.928810 0.003908
3 3 0.003609 0.005445 0.047604 0.940305 0.003038
3 3 0.003126 0.004608 0.041046 0.948968 0.002253
3 3 0.004585 0.005632 0.043884 0.943423 0.002476
3 3 0.005992 0.007146 0.052124 0.931289 0.003449
3 3 0.012395 0.013456 0.078086 0.888786 0.007278
3 3 0.011155 0.012863 0.078663 0.889764 0.007555
3 3 0.011468 0.010827 0.064388 0.908287 0.005030
3 3 0.010191 0.008370 0.050396 0.927953 0.003090
3 3 0.006506 0.006162 0.043182 0.941774 0.002376
3 3 0.002755 0.003719 0.035243 0.956539 0.001745
3 3 0.003221 0.003982 0.035484 0.955581 0.001732
3 3 0.002581 0.003094 0.029306 0.963802 0.001216
3 3 0.003798 0.004157 0.034612 0.955820 0.001614
3 3 0.004094 0.004229 0.033839 0.956321 0.001517
3 3 0.003695 0.004636 0.038901 0.950760 0.002007
3 3 0.003947 0.004682 0.038289 0.951149 0.001933
3 3 0.003525 0.004522 0.038179 0.951848 0.001925
3 3 0.004368 0.005410 0.043177 0.944617 0.002428
3 3 0.003505 0.004481 0.038664 0.951337 0.002013
3 3 0.005444 0.006398 0.048212 0.936950 0.002995
3 3 0.005889 0.005996 0.043719 0.941933 0.002463
3 3 0.007462 0.007893 0.053733 0.927292 0.003620
3 3 0.005466 0.007262 0.055882 0.927338 0.004051
3 3 0.004721 0.006614 0.053719 0.931132 0.003813
3 3 0.003975 0.004918 0.042125 0.946554 0.002429
3 3 0.004004 0.004437 0.037907 0.951659 0.001993
3 3 0.003929 0.004474 0.038382 0.951178 0.002038
3 3 0.006627 0.005885 0.041506 0.943748 0.002233
3 3 0.004368 0.004348 0.034677 0.954996 0.001612
3 3 0.008691 0.006951 0.044337 0.937560 0.002461
3 3 0.006703 0.005231 0.036129 0.950245 0.001692
3 3 0.008326 0.006991 0.045945 0.936057 0.002681
3 3 0.006787 0.006052 0.041936 0.942975 0.002250
3 3 0.005111 0.004826 0.036803 0.951463 0.001796
3 3 0.004140 0.004588 0.037976 0.951341 0.001954
3 3 0.004808 0.005417 0.043216 0.944061 0.002498
3 3 0.004056 0.004537 0.038097 0.951326 0.001983
3 3 0.003171 0.002825 0.024901 0.968218 0.000884
3 3 0.002735 0.002583 0.023719 0.970154 0.000809
3 3 0.004810 0.004190 0.032341 0.957253 0.001406
3 3 0.006247 0.005161 0.036868 0.949941 0.001783
3 3 0.006821 0.005808 0.040209 0.945080 0.002081
3 3 0.007292 0.006044 0.040754 0.943793 0.002116
3 3 0.007545 0.006907 0.046433 0.936393 0.002722
3 3 0.003719 0.003987 0.033295 0.957502 0.001498
3 3 0.005412 0.005556 0.041516 0.945277 0.002239
3 3 0.003363 0.004313 0.037819 0.952563 0.001941
3 3 0.005147 0.006327 0.049048 0.936343 0.003136
3 3 0.007640 0.007164 0.048003 0.934295 0.002898
3 3 0.013042 0.009843 0.054702 0.918843 0.003570
3 3 0.019254 0.012125 0.058814 0.905809 0.003998
3 3 0.011639 0.008334 0.047190 0.930174 0.002663
3 3 0.019430 0.010971 0.051762 0.914780 0.003056
3 3 0.010360 0.006488 0.037154 0.944335 0.001664
3 3 0.020997 0.012736 0.059297 0.903535 0.003435
3 3 0.017690 0.015584 0.078373 0.885160 0.003193
3 3 0.013731 0.018451 0.108177 0.856190 0.003452
3 3 0.020137 0.023778 0.115137 0.836118 0.004830
3 3 0.010499 0.010576 0.060270 0.914576 0.004079
3 3 0.016581 0.017993 0.093726 0.863149 0.008551
3 2 0.010916 0.016742 0.126945 0.835772 0.009625
3 2 0.013560 0.018614 0.131198 0.826592 0.010037
3 2 0.042734 0.075992 0.307921 0.473134 0.100219
2 2 0.064727 0.126781 0.355160 0.148040 0.305291
4 4 0.023260 0.097516 0.343915 0.090674 0.444635
4 4 0.017587 0.086278 0.217573 0.038508 0.640054
4 4 0.013815 0.075353 0.196694 0.030644 0.683493
4 4 0.009593 0.065907 0.209098 0.037536 0.677866
4 4 0.009458 0.072974 0.291125 0.102262 0.524181
4 4 0.012142 0.078119 0.322088 0.084572 0.503078
4 2 0.012460 0.077818 0.282074 0.064293 0.563356
2 2 0.012505 0.076854 0.358089 0.201939 0.350612
2 2 0.010818 0.070377 0.356516 0.271179 0.291110
4 2 0.015561 0.084236 0.336459 0.214760 0.348984
2 2 0.014516 0.077542 0.375209 0.256660 0.276073
4 2 0.026088 0.103416 0.296031 0.075450 0.499015
4 2 0.030972 0.105118 0.308557 0.051268 0.504084
4 2 0.063067 0.125507 0.344765 0.053695 0.412966
2 2 0.158272 0.143043 0.417893 0.086873 0.193919
2 2 0.038357 0.095312 0.690508 0.138369 0.037453
2 2 0.049642 0.160756 0.688156 0.065633 0.035813
2 2 0.044682 0.133785 0.704835 0.094531 0.022166
2 2 0.063592 0.153311 0.682525 0.080196 0.020375
2 2 0.035477 0.099447 0.719948 0.131029 0.014098
2 2 0.023305 0.055851 0.707429 0.205229 0.008187
2 2 0.037192 0.065255 0.755895 0.132449 0.009209
2 2 0.015539 0.041019 0.763574 0.174642 0.005226
2 2 0.013556 0.029888 0.714594 0.238166 0.003796
2 2 0.010619 0.019291 0.738376 0.229549 0.002165
2 2 0.013913 0.021570 0.713912 0.248166 0.002438
2 2 0.012622 0.018865 0.559492 0.406702 0.002320
3 2 0.012768 0.019580 0.435133 0.529137 0.003383
2 2 0.040255 0.043882 0.525536 0.381262 0.009066
2 2 0.128998 0.094990 0.466442 0.284512 0.025057
3 2 0.105000 0.069760 0.386197 0.422290 0.016752
3 2 0.110704 0.082936 0.320433 0.469391 0.016536
3 2 0.059355 0.088675 0.319694 0.512250 0.020025
3 2 0.019202 0.060958 0.339817 0.568012 0.012011
3 2 0.012873 0.036285 0.197649 0.737997 0.015196
3 2 0.020706 0.053288 0.275930 0.619198 0.030878
3 2 0.024825 0.063564 0.322970 0.526913 0.061728
2 2 0.020920 0.061038 0.487723 0.397150 0.033169
2 2 0.031829 0.089938 0.518676 0.317672 0.041884
2 2 0.081261 0.168005 0.431385 0.230062 0.089288
2 2 0.055972 0.122230 0.490400 0.290826 0.040571
2 2 0.047991 0.100699 0.514213 0.301876 0.035220
2 2 0.099240 0.132879 0.572239 0.156657 0.038985
2 2 0.061418 0.103122 0.643269 0.172207 0.019984
2 2 0.126583 0.130251 0.622044 0.100529 0.020593
0 2 0.667895 0.129418 0.049101 0.005256 0.148330
0 2 0.617611 0.141451 0.061588 0.007483 0.171867
4 2 0.276029 0.183079 0.160924 0.030768 0.349200
0 1 0.348443 0.177857 0.121431 0.016647 0.335622
0 1 0.405274 0.203061 0.124842 0.014510 0.252313
0 1 0.297202 0.243888 0.193882 0.023694 0.241335
2 1 0.112951 0.280327 0.434547 0.040313 0.131863
2 1 0.072246 0.205504 0.601144 0.056552 0.064553
2 2 0.083395 0.166086 0.626593 0.085568 0.038358
2 2 0.324923 0.188694 0.378142 0.059326 0.048914
0 2 0.534585 0.121104 0.228488 0.056446 0.059377
0 2 0.719279 0.092558 0.126757 0.022434 0.038971
0 1 0.809579 0.082722 0.058114 0.014561 0.035024
0 1 0.729197 0.136370 0.077248 0.022743 0.034442
0 1 0.744853 0.137732 0.074160 0.020697 0.022558
0 1 0.377467 0.255733 0.242327 0.060623 0.063849
2 2 0.173835 0.294553 0.376175 0.058287 0.097149
2 2 0.020190 0.070480 0.651439 0.235487 0.022404
2 2 0.007171 0.025915 0.617686 0.340807 0.008420
2 2 0.006360 0.020403 0.584172 0.382683 0.006381
2 2 0.012872 0.028427 0.507037 0.444685 0.006978
3 2 0.009118 0.023083 0.479680 0.482100 0.006019
2 2 0.041502 0.059048 0.582512 0.301800 0.015139
2 2 0.087114 0.073278 0.454678 0.342543 0.042388
2 2 0.141907 0.117290 0.474968 0.143033 0.122801
2 2 0.254502 0.149962 0.289899 0.033121 0.272517
4 2 0.215514 0.139098 0.105285 0.008399 0.531703
4 2 0.208539 0.087818 0.030718 0.000413 0.672512
4 2 0.118110 0.066661 0.023720 0.000204 0.791306
4 1 0.044312 0.036956 0.011674 0.000038 0.907019
4 1 0.043753 0.033552 0.009241 0.000023 0.913431
4 1 0.042772 0.044342 0.017297 0.000091 0.895499
4 0 0.245890 0.107739 0.040049 0.000783 0.605539
0 0 0.414955 0.139811 0.061661 0.003308 0.380264
0 1 0.620172 0.131017 0.056624 0.006008 0.186179
0 1 0.505344 0.159446 0.090917 0.013414 0.230879
0 1 0.695197 0.127546 0.057599 0.010870 0.108788
0 1 0.547205 0.222640 0.127475 0.017818 0.084863
0 1 0.472161 0.244585 0.157614 0.020685 0.104955
0 1 0.521502 0.258303 0.140062 0.012648 0.067485
0 1 0.864097 0.071791 0.021549 0.003477 0.039086
0 1 0.853699 0.074275 0.029389 0.008964 0.033673
0 1 0.872051 0.064743 0.026197 0.010054 0.026955
0 1 0.893844 0.057276 0.019161 0.005540 0.024179
0 1 0.830584 0.093744 0.036170 0.007629 0.031873
0 1 0.735381 0.147149 0.068625 0.011275 0.037570
0 1 0.760859 0.146375 0.060285 0.007068 0.025412
0 1 0.700445 0.182727 0.079716 0.007385 0.029728
0 1 0.798602 0.096574 0.080243 0.004553 0.020028
0 1 0.852712 0.043658 0.087685 0.004936 0.011010
0 1 0.796005 0.054705 0.126593 0.004029 0.018669
0 0 0.908557 0.039710 0.030737 0.000838 0.020158
0 0 0.929267 0.031503 0.007968 0.000126 0.031136
0 0 0.943022 0.025133 0.003127 0.000065 0.028653
0 0 0.923436 0.028440 0.004883 0.000038 0.043204
0 0 0.939540 0.025391 0.005239 0.000051 0.029779
0 0 0.917752 0.032678 0.003951 0.000085 0.045534
0 0 0.955472 0.017187 0.001310 0.000015 0.026017
0 0 0.902120 0.030820 0.002825 0.000027 0.064208
0 1 0.490759 0.059787 0.006604 0.000019 0.442830
4 1 0.037315 0.059985 0.039305 0.000583 0.862811
4 1 0.050792 0.061998 0.031122 0.000334 0.855754
4 1 0.038879 0.070521 0.055508 0.001287 0.833805
4 1 0.045407 0.063950 0.037517 0.000516 0.852610
4 1 0.051601 0.070306 0.041545 0.000648 0.835900
4 1 0.086363 0.077033 0.035869 0.000479 0.800256
4 1 0.106562 0.091801 0.047541 0.000946 0.753150
4 1 0.232256 0.119182 0.051205 0.001353 0.596004
0 1 0.478553 0.098645 0.022466 0.000325 0.400011
0 1 0.694418 0.081494 0.013945 0.000222 0.209921
0 0 0.776624 0.065415 0.009425 0.000139 0.148396
0 0 0.618618 0.096954 0.023470 0.000586 0.260372
0 0 0.711995 0.069354 0.011771 0.000169 0.206709
0 0 0.711914 0.059374 0.007912 0.000065 0.220736
0 0 0.779296 0.059819 0.010049 0.000096 0.150739
0 0 0.830136 0.043129 0.004588 0.000028 0.122118
0 0 0.933231 0.025196 0.002617 0.000032 0.038924
0 0 0.966773 0.015037 0.001249 0.000022 0.016919
0 0 0.977529 0.013115 0.001431 0.000073 0.007853
0 0 0.974475 0.016512 0.002761 0.000429 0.005824
4 1 0.009280 0.044241 0.079403 0.003452 0.863624
4 1 0.011027 0.047445 0.078545 0.003292 0.859691
4 1 0.014195 0.055512 0.088281 0.004203 0.837809
4 1 0.017334 0.054336 0.068086 0.002236 0.858008
4 1 0.017236 0.047722 0.050179 0.001106 0.883757
4 1 0.016320 0.037438 0.029833 0.000341 0.916068
4 1 0.016176 0.028254 0.015522 0.000078 0.939970
4 1 0.036950 0.043330 0.018388 0.000104 0.901228
4 4 0.096336 0.081290 0.035202 0.000453 0.786719
4 4 0.318728 0.160509 0.090402 0.006691 0.423670
0 4 0.712048 0.115452 0.044178 0.005365 0.122957
0 4 0.781853 0.097426 0.029048 0.002906 0.088767
0 0 0.490856 0.168062 0.095797 0.012431 0.232854
0 0 0.362089 0.169616 0.106796 0.012108 0.349390
4 0 0.312613 0.122978 0.049689 0.001501 0.513218
4 0 0.167649 0.083313 0.028378 0.000314 0.720346
4 0 0.034653 0.045358 0.021851 0.000155 0.897983
4 0 0.031931 0.047019 0.025838 0.000228 0.894984
4 0 0.044825 0.052294 0.024970 0.000209 0.877702
4 1 0.030962 0.042594 0.021868 0.000159 0.904417
4 1 0.324549 0.109688 0.031549 0.000496 0.533718
4 4 0.293205 0.130426 0.050593 0.001436 0.524340
4 4 0.234779 0.145747 0.083278 0.004444 0.531752
4 4 0.289585 0.159327 0.099129 0.008019 0.443940
4 4 0.155046 0.150040 0.132462 0.012724 0.549729
4 4 0.124077 0.160035 0.168025 0.020590 0.527273
4 4 0.103397 0.184741 0.220066 0.025261 0.466535
4 4 0.137251 0.166836 0.168962 0.022841 0.504109
4 4 0.080856 0.137975 0.189504 0.012863 0.578802
4 4 0.083112 0.119754 0.248600 0.006285 0.542249
4 4 0.104769 0.123446 0.228088 0.004230 0.539467
4 4 0.126643 0.153278 0.182534 0.029482 0.508063
4 4 0.177254 0.164868 0.213610 0.058154 0.386114
0 4 0.289034 0.174951 0.204775 0.083813 0.247427
0 1 0.460772 0.172978 0.126406 0.031593 0.208251
0 1 0.579897 0.158588 0.097015 0.026565 0.137935
0 1 0.408291 0.205925 0.151549 0.027583 0.206652
4 1 0.176445 0.234280 0.264022 0.029213 0.296040
4 1 0.201323 0.167103 0.115289 0.009188 0.507098
4 1 0.127313 0.147903 0.120294 0.008860 0.595631
4 1 0.033928 0.042343 0.018982 0.000113 0.904634
4 1 0.058496 0.059708 0.025762 0.000219 0.855816
4 1 0.053349 0.063450 0.031295 0.000337 0.851568
4 1 0.049554 0.073338 0.047630 0.000888 0.828589
4 1 0.040530 0.052332 0.027587 0.000229 0.879322
4 1 0.063467 0.077325 0.052376 0.000666 0.806165
4 1 0.062778 0.080653 0.089211 0.000905 0.766453
4 1 0.081273 0.078327 0.058090 0.000491 0.781818
4 1 0.133042 0.082674 0.037713 0.000360 0.746211
4 1 0.189583 0.102479 0.052098 0.000897 0.654944
0 1 0.464690 0.139252 0.076676 0.007247 0.312136
0 1 0.887421 0.056310 0.014477 0.001695 0.040097
0 1 0.778498 0.086156 0.022544 0.001364 0.111438
0 1 0.851004 0.069419 0.028963 0.001938 0.048677
0 1 0.747425 0.116445 0.092282 0.008920 0.034928
0 1 0.915269 0.052935 0.020725 0.002219 0.008853
0 1 0.956880 0.026344 0.010040 0.001035 0.005701
0 0 0.956295 0.023590 0.012580 0.001580 0.005955
0 0 0.971037 0.016980 0.006867 0.000744 0.004371
0 0 0.969974 0.018892 0.005300 0.001510 0.004324
0 0 0.933264 0.021614 0.027229 0.000043 0.017850
0 0 0.986203 0.006906 0.003182 0.000012 0.003698
0 0 0.994685 0.003544 0.000449 0.000010 0.001313
0 0 0.998582 0.001067 0.000043 0.000002 0.000306
0 0 0.998449 0.001155 0.000048 0.000002 0.000346
0 0 0.996899 0.002039 0.000089 0.000002 0.000970
0 0 0.994154 0.003413 0.000169 0.000003 0.002262
0 0 0.990698 0.005988 0.000482 0.000023 0.002809
0 0 0.984943 0.009765 0.001099 0.000088 0.004104
0 0 0.953330 0.024496 0.003346 0.000166 0.018661
0 0 0.833499 0.041903 0.003931 0.000026 0.120641
4 0 0.099397 0.031568 0.004146 0.000004 0.864885
4 0 0.027715 0.026879 0.008013 0.000017 0.937376
4 1 0.011049 0.016054 0.006086 0.000010 0.966801
4 4 0.008058 0.012195 0.004412 0.000005 0.975329
4 4 0.007180 0.010766 0.003709 0.000004 0.978342
4 4 0.008550 0.015115 0.006855 0.000014 0.969466
4 4 0.008254 0.016521 0.008745 0.000024 0.966456
4 4 0.011134 0.016101 0.006081 0.000010 0.966674
4 4 0.011837 0.015048 0.004881 0.000006 0.968228
0 4 0.822204 0.050498 0.005858 0.000062 0.121377
0 4 0.451056 0.094167 0.027647 0.000542 0.426587
4 4 0.035842 0.043682 0.024211 0.000212 0.896053
4 4 0.042104 0.041296 0.019167 0.000126 0.897307
4 4 0.154356 0.071497 0.025706 0.000265 0.748176
4 4 0.103944 0.063285 0.026298 0.000267 0.806205
4 4 0.202153 0.091566 0.039090 0.000747 0.666444
4 4 0.153200 0.081590 0.038083 0.000671 0.726456
4 4 0.072091 0.044747 0.016213 0.000089 0.866859
4 4 0.148873 0.067825 0.025568 0.000269 0.757465
4 4 0.093500 0.064143 0.028402 0.000311 0.813644
4 4 0.090987 0.061691 0.026432 0.000264 0.820626
4 4 0.059529 0.041990 0.013556 0.000055 0.884870
4 4 0.038878 0.028999 0.008487 0.000020 0.923617
4 4 0.026447 0.024235 0.007236 0.000014 0.942068
4 4 0.024313 0.029417 0.011296 0.000037 0.934936
4 4 0.025095 0.025620 0.007917 0.000016 0.941351
4 4 0.021580 0.022686 0.006937 0.000013 0.948785
4 4 0.018870 0.022048 0.007457 0.000015 0.951609
4 4 0.013487 0.025923 0.015253 0.000077 0.945260
4 4 0.012754 0.020080 0.015198 0.000023 0.951944
4 4 0.020100 0.024229 0.013130 0.000021 0.942521
4 4 0.012430 0.013830 0.003815 0.000004 0.969922
4 4 0.041999 0.025591 0.004705 0.000005 0.927701
4 4 0.103858 0.057693 0.012889 0.000044 0.825516
4 4 0.128081 0.084397 0.027081 0.000244 0.760197
0 4 0.435968 0.137412 0.048896 0.001876 0.375848
0 4 0.648309 0.106178 0.026001 0.000834 0.218678
0 4 0.563054 0.112430 0.030236 0.000864 0.293416
4 4 0.022809 0.041876 0.027645 0.000276 0.907393
4 4 0.019658 0.049149 0.047038 0.000939 0.883216
4 4 0.015333 0.044207 0.047150 0.000972 0.892337
4 4 0.020913 0.056542 0.061714 0.001744 0.859086
4 4 0.016612 0.050019 0.058317 0.001570 0.873482
4 4 0.009396 0.038921 0.057623 0.001639 0.892421
4 4 0.012623 0.049008 0.073783 0.002798 0.861787
4 4 0.007764 0.031813 0.043400 0.000880 0.916143
4 4 0.011017 0.038596 0.047939 0.001053 0.901394
4 4 0.009126 0.029465 0.030679 0.000392 0.930337
4 4 0.007699 0.027703 0.031559 0.000428 0.932611
4 4 0.006708 0.050101 0.185183 0.018454 0.739554
4 4 0.005836 0.045473 0.177292 0.015034 0.756365
4 1 0.006531 0.048754 0.206933 0.017773 0.720009
4 1 0.007667 0.051040 0.183708 0.014531 0.743054
4 1 0.009272 0.052594 0.142088 0.009804 0.786242
4 1 0.009707 0.056731 0.160106 0.013763 0.759693
4 1 0.010115 0.054467 0.146997 0.009656 0.778764
4 1 0.009740 0.054319 0.150036 0.010513 0.775392
4 1 0.009073 0.050773 0.130239 0.008346 0.801569
4 1 0.027145 0.080657 0.304112 0.010895 0.577192
4 1 0.035533 0.083493 0.361485 0.008246 0.511243
2 1 0.057129 0.127591 0.501914 0.010447 0.302919
2 1 0.047163 0.107881 0.628048 0.009439 0.207470
4 1 0.121610 0.118684 0.324276 0.003442 0.431988
4 0 0.071028 0.090846 0.109757 0.001355 0.727014
4 1 0.028321 0.069905 0.091970 0.002756 0.807049
4 1 0.028703 0.057060 0.045580 0.000839 0.867818
4 1 0.035240 0.065379 0.051175 0.001075 0.847131
4 1 0.151156 0.109456 0.055875 0.001461 0.682052
4 1 0.087816 0.073001 0.032669 0.000394 0.806120
4 1 0.013325 0.064595 0.137302 0.012259 0.772519
4 1 0.010734 0.064167 0.171172 0.021858 0.732068
4 1 0.008656 0.059115 0.175943 0.024046 0.732241
4 1 0.007482 0.058110 0.198573 0.033603 0.702232
4 1 0.006124 0.052655 0.393427 0.059329 0.488466
2 1 0.004999 0.043264 0.539891 0.060737 0.351109
2 1 0.005205 0.038915 0.613733 0.040791 0.301356
2 2 0.005207 0.038477 0.621252 0.039763 0.295301
2 2 0.004697 0.037646 0.613494 0.044549 0.299614
2 2 0.006161 0.043060 0.609893 0.048419 0.292468
2 2 0.005079 0.036237 0.707276 0.076444 0.174965
2 2 0.006308 0.037446 0.737713 0.078412 0.140120
2 2 0.003430 0.025051 0.794775 0.079053 0.097690
2 2 0.002494 0.020129 0.818434 0.080915 0.078028
2 2 0.004124 0.029836 0.759279 0.072546 0.134215
2 2 0.002673 0.023118 0.776414 0.105244 0.092550
2 2 0.003159 0.026343 0.762388 0.087541 0.120569
2 2 0.006176 0.035795 0.725581 0.036117 0.196332
2 2 0.016355 0.058743 0.614514 0.023216 0.287171
2 2 0.012580 0.058587 0.530028 0.028193 0.370612
2 2 0.016749 0.064652 0.587970 0.034475 0.296154
2 2 0.009843 0.051907 0.636573 0.054948 0.246729
2 2 0.009396 0.051420 0.611761 0.046945 0.280478
2 2 0.004923 0.030331 0.782186 0.073581 0.108979
2 2 0.002384 0.019085 0.780552 0.147698 0.050281
2 2 0.001361 0.012382 0.817493 0.137494 0.031271
2 2 0.000966 0.010861 0.769276 0.190503 0.028394
2 2 0.001257 0.013448 0.735705 0.214706 0.034883
2 2 0.001348 0.015975 0.682391 0.251691 0.048595
2 2 0.001503 0.017164 0.689232 0.238777 0.053324
2 2 0.002125 0.023971 0.649774 0.233028 0.091102
2 2 0.001232 0.015208 0.680866 0.255069 0.047625
2 2 0.001993 0.012539 0.692888 0.274146 0.018434
2 2 0.004832 0.014023 0.689428 0.281862 0.009856
2 2 0.032313 0.031388 0.666283 0.256279 0.013736
2 2 0.032610 0.033115 0.567691 0.349281 0.017304
3 2 0.047371 0.045985 0.391671 0.486097 0.028876
3 2 0.088401 0.070213 0.256469 0.539766 0.045151
3 2 0.045179 0.065703 0.300241 0.524717 0.064160
2 2 0.029714 0.065298 0.440278 0.381562 0.083148
2 2 0.001812 0.015983 0.515898 0.429362 0.036946
2 2 0.002203 0.018074 0.519309 0.420339 0.040075
2 2 0.002857 0.025480 0.583131 0.310438 0.078094
2 2 0.004960 0.039861 0.646026 0.132877 0.176275
2 2 0.005035 0.039257 0.652049 0.146917 0.156742
2 2 0.002731 0.026401 0.650265 0.228352 0.092251
2 2 0.003312 0.027716 0.603374 0.285553 0.080045
2 2 0.005566 0.031130 0.617869 0.276621 0.068814
2 2 0.009628 0.036316 0.513487 0.375998 0.064571
3 2 0.010694 0.032121 0.427470 0.486441 0.043274
3 2 0.020021 0.040822 0.435537 0.462211 0.041409
3 2 0.026440 0.047520 0.420792 0.455689 0.049558
3 2 0.018323 0.033890 0.386079 0.532236 0.029471
3 2 0.017266 0.031998 0.348887 0.576615 0.025235
2 2 0.013138 0.034959 0.476164 0.435674 0.040064
2 2 0.021402 0.066808 0.535938 0.236703 0.139149
2 2 0.013226 0.070875 0.453785 0.095304 0.366809
2 2 0.009725 0.064034 0.474666 0.088660 0.362914
2 2 0.012906 0.070165 0.480195 0.133113 0.303621
2 2 0.010102 0.053828 0.526161 0.256785 0.153124
2 2 0.006849 0.038633 0.688731 0.164955 0.100832
2 2 0.009684 0.049338 0.650389 0.143033 0.147556
2 2 0.009309 0.043283 0.685722 0.148092 0.113593
2 2 0.007066 0.039432 0.681875 0.153090 0.118537
2 2 0.022047 0.054867 0.565938 0.277796 0.079353
2 2 0.057217 0.081082 0.569841 0.202051 0.089809
2 2 0.076915 0.062671 0.453214 0.370369 0.036832
3 2 0.125832 0.057305 0.356261 0.439381 0.021221
2 2 0.139098 0.094046 0.421140 0.326056 0.019660
2 2 0.257525 0.165693 0.366592 0.178995 0.031195
0 2 0.455579 0.204541 0.214395 0.075273 0.050212
0 2 0.751138 0.132878 0.065773 0.017858 0.032353
0 2 0.810974 0.099756 0.047901 0.010054 0.031315
0 2 0.671410 0.162869 0.116887 0.010874 0.037960
0 2 0.624398 0.212043 0.102477 0.010582 0.050500
0 2 0.399115 0.315537 0.212997 0.020408 0.051943
1 2 0.213816 0.342094 0.341766 0.033752 0.068572
2 2 0.130230 0.268626 0.411204 0.084683 0.105257
2 1 0.172192 0.229166 0.341347 0.113848 0.143447
0 1 0.560975 0.177736 0.155053 0.038616 0.067620
2 1 0.037684 0.146319 0.688770 0.057003 0.070225
2 1 0.067179 0.199347 0.543282 0.086898 0.103294
2 2 0.118019 0.292434 0.491203 0.036001 0.062343
1 2 0.299354 0.378297 0.255162 0.012355 0.054832
0 2 0.492442 0.311497 0.154045 0.005908 0.036108
0 2 0.636934 0.242351 0.094219 0.002896 0.023601
0 2 0.863587 0.091931 0.025959 0.001751 0.016772
0 2 0.932873 0.043535 0.010528 0.001425 0.011639
0 2 0.943295 0.033567 0.009223 0.002031 0.011883
0 2 0.954844 0.027422 0.005694 0.000970 0.011070
0 2 0.960705 0.024417 0.005354 0.001058 0.008466
0 0 0.973106 0.017006 0.002677 0.000330 0.006881
0 0 0.969721 0.019478 0.003775 0.000778 0.006248
0 0 0.915064 0.050201 0.015961 0.004811 0.013962
0 1 0.841091 0.083182 0.030713 0.007937 0.037078
0 1 0.360304 0.192993 0.158282 0.041167 0.247255
4 1 0.133324 0.186752 0.223667 0.047272 0.408985
4 1 0.041533 0.122209 0.206809 0.033023 0.596425
4 1 0.078756 0.153002 0.337851 0.026901 0.403489
2 1 0.294180 0.145989 0.389289 0.023358 0.147184
0 1 0.937254 0.035239 0.009606 0.001056 0.016845
0 1 0.938625 0.034972 0.009682 0.001261 0.015461
0 1 0.927011 0.042258 0.012320 0.003713 0.014697
0 0 0.894300 0.058866 0.019057 0.005169 0.022608
0 0 0.808173 0.094711 0.032578 0.005554 0.058985
0 0 0.755478 0.096161 0.023778 0.001277 0.123306
4 1 0.228517 0.117052 0.043959 0.000901 0.609570
4 1 0.086660 0.081404 0.036027 0.000463 0.795447
4 0 0.149916 0.101921 0.045451 0.000885 0.701826
4 0 0.377363 0.136808 0.054799 0.002168 0.428863
0 1 0.588596 0.134495 0.051186 0.003778 0.221945
0 1 0.473184 0.169660 0.092160 0.011841 0.253155
0 1 0.577461 0.156329 0.076907 0.011605 0.177698
0 0 0.729676 0.116219 0.047113 0.007728 0.099264
0 0 0.835920 0.083203 0.028900 0.006233 0.045745
0 0 0.912933 0.048196 0.015158 0.002863 0.020850
0 0 0.935606 0.035734 0.012036 0.001350 0.015273
0 0 0.958996 0.025407 0.005381 0.001075 0.009140
0 1 0.954825 0.027873 0.006793 0.001915 0.008594
0 1 0.959900 0.023980 0.004194 0.000481 0.011445
2 0 0.232870 0.238044 0.385905 0.014617 0.128564
2 0 0.106694 0.266990 0.397072 0.018849 0.210395
2 0 0.030108 0.176070 0.415854 0.017256 0.360712
4 0 0.020214 0.094519 0.228337 0.008302 0.648627
4 1 0.015915 0.067736 0.219619 0.012221 0.684508
4 1 0.013993 0.067522 0.196537 0.012148 0.709800
4 1 0.017125 0.089767 0.164189 0.009387 0.719531
4 1 0.026845 0.079890 0.104051 0.005228 0.783985
4 1 0.027964 0.075141 0.090958 0.004211 0.801725
4 1 0.026661 0.070058 0.080572 0.003173 0.819535
4 1 0.028454 0.065072 0.063007 0.001774 0.841693
4 1 0.060647 0.083496 0.053006 0.001127 0.801724
4 1 0.171103 0.125449 0.068143 0.002111 0.633195
4 1 0.311383 0.163540 0.095410 0.007550 0.422116
0 1 0.479688 0.173034 0.109794 0.020268 0.217216
0 1 0.503466 0.169911 0.107222 0.022488 0.196912
4 4 0.133025 0.188178 0.249336 0.060588 0.368874
4 4 0.036261 0.100080 0.141291 0.012123 0.710245
4 4 0.013817 0.045524 0.056288 0.001479 0.882891
4 4 0.006798 0.023819 0.025106 0.000260 0.944016
4 4 0.007115 0.010599 0.003609 0.000003 0.978674
4 4 0.011835 0.016480 0.006035 0.000010 0.965639
4 4 0.009315 0.014812 0.005995 0.000010 0.969868
4 4 0.007593 0.011107 0.003769 0.000004 0.977528
4 4 0.007967 0.010491 0.003142 0.000002 0.978397
4 4 0.008855 0.014800 0.006299 0.000011 0.970034
4 4 0.007221 0.016454 0.009922 0.000032 0.966371
4 4 0.009599 0.020755 0.012794 0.000055 0.956797
4 4 0.011006 0.019888 0.010079 0.000032 0.958996
4 4 0.012874 0.018417 0.007184 0.000015 0.961511
4 4 0.010643 0.017139 0.007364 0.000016 0.964837
4 4 0.004627 0.009589 0.004419 0.000006 0.981359
4 4 0.004258 0.010530 0.005981 0.000011 0.979220
4 4 0.008062 0.014918 0.007057 0.000015 0.969948
4 4 0.018725 0.023450 0.008651 0.000021 0.949153
4 4 0.082771 0.052209 0.017154 0.000094 0.847771
0 4 0.572235 0.097158 0.028723 0.000851 0.301033
0 4 0.822811 0.079887 0.029510 0.005101 0.062691
0 4 0.906492 0.048937 0.010877 0.001115 0.032578
0 4 0.755642 0.083046 0.017539 0.000577 0.143195
4 4 0.041460 0.051824 0.036988 0.000206 0.869521
4 4 0.039139 0.059265 0.036386 0.000487 0.864723
4 4 0.026858 0.036816 0.017295 0.000094 0.918937
4 4 0.060280 0.071917 0.040812 0.000636 0.826355
4 4 0.054039 0.075397 0.075047 0.000870 0.794646
4 4 0.120481 0.102462 0.108390 0.000808 0.667859
4 4 0.197620 0.086557 0.026982 0.000110 0.688731
4 4 0.344748 0.132982 0.045826 0.001241 0.475204
4 4 0.328358 0.158714 0.080778 0.005038 0.427112
4 4 0.226245 0.184051 0.167666 0.029083 0.392955
4 4 0.101260 0.097663 0.120197 0.000927 0.679954
2 4 0.090832 0.099897 0.407473 0.003233 0.398565
4 4 0.081879 0.090086 0.267824 0.001373 0.558837
4 4 0.073157 0.086626 0.105670 0.001201 0.733347
4 4 0.069646 0.054924 0.019839 0.000125 0.855467
4 4 0.076878 0.041972 0.010578 0.000031 0.870541
4 4 0.024753 0.028701 0.010471 0.000031 0.936043
4 4 0.023243 0.036068 0.019077 0.000119 0.921492
4 4 0.021260 0.029557 0.013081 0.000052 0.936050
4 4 0.025742 0.033751 0.014719 0.000066 0.925722
4 4 0.015937 0.040881 0.037637 0.000579 0.904965
4 4 0.023930 0.041090 0.025180 0.000222 0.909578
4 1 0.048353 0.057002 0.026796 0.000239 0.867610
4 1 0.052732 0.056492 0.028021 0.000185 0.862570
4 1 0.104978 0.081728 0.043766 0.000284 0.769245
4 1 0.284173 0.098781 0.038230 0.000159 0.578657
4 1 0.366829 0.118767 0.060702 0.000340 0.453361
0 1 0.491521 0.111790 0.056983 0.000533 0.339172
0 1 0.389519 0.132269 0.120349 0.001972 0.355891
0 1 0.899200 0.051428 0.011741 0.001169 0.036461
0 1 0.954150 0.027760 0.005757 0.000964 0.011370
0 1 0.939016 0.037880 0.008725 0.001297 0.013082
0 1 0.902240 0.061208 0.015168 0.001394 0.019990
0 1 0.877656 0.072453 0.025284 0.003259 0.021347
0 1 0.874121 0.065141 0.032264 0.003787 0.024687
0 1 0.776717 0.086162 0.085644 0.005360 0.046117
0 1 0.584737 0.138857 0.145859 0.008034 0.122514
0 1 0.545861 0.196786 0.163157 0.008891 0.085305
0 1 0.519431 0.195978 0.214782 0.019430 0.050380
0 1 0.571760 0.195686 0.178114 0.026027 0.028414
4 1 0.103425 0.142096 0.333150 0.014705 0.406624
2 1 0.067542 0.127499 0.417156 0.036706 0.351097
2 1 0.104572 0.139349 0.443210 0.068587 0.244282
0 2 0.425998 0.165067 0.225027 0.022935 0.160973
0 2 0.772125 0.093465 0.068939 0.004387 0.061084
0 2 0.697092 0.088102 0.160756 0.004595 0.049455
0 2 0.575005 0.107856 0.233448 0.008768 0.074923
0 0 0.807907 0.082090 0.059447 0.010013 0.040543
0 1 0.917848 0.045760 0.011328 0.001808 0.023255
0 1 0.857307 0.072932 0.021990 0.003590 0.044182
0 1 0.801574 0.088847 0.024286 0.002121 0.083172
0 1 0.448539 0.157238 0.107581 0.005694 0.280948
0 1 0.550062 0.113413 0.051481 0.000669 0.284375
0 1 0.812999 0.068638 0.036156 0.000469 0.081738
0 1 0.892454 0.046615 0.014624 0.000318 0.045989
0 1 0.947985 0.026882 0.003810 0.000190 0.021132
0 1 0.923363 0.040819 0.008680 0.000772 0.026366
0 1 0.954048 0.027573 0.005483 0.000807 0.012088
0 1 0.953251 0.028525 0.006359 0.001303 0.010563
0 1 0.916252 0.052086 0.014448 0.002500 0.014714
0 1 0.300522 0.215990 0.188274 0.033322 0.261892
0 1 0.390614 0.249726 0.181379 0.023274 0.155007
0 1 0.325314 0.304374 0.233499 0.021182 0.115631
1 1 0.249075 0.356825 0.289968 0.017737 0.086396
2 1 0.198165 0.297566 0.387226 0.029319 0.087725
2 1 0.126454 0.232960 0.526257 0.049702 0.064627
2 1 0.202174 0.177434 0.470685 0.079268 0.070440
0 1 0.442397 0.117902 0.334537 0.055003 0.050161
0 2 0.527595 0.105863 0.283723 0.033930 0.048889
0 2 0.520990 0.089786 0.301124 0.051727 0.036373
0 2 0.835811 0.054456 0.082038 0.006011 0.021684
0 2 0.934396 0.033269 0.019100 0.001540 0.011695
0 1 0.912469 0.047779 0.014874 0.002215 0.022663
0 1 0.731078 0.146826 0.075433 0.017633 0.029030
0 1 0.390179 0.298261 0.235386 0.035351 0.040823
0 1 0.387004 0.318414 0.223118 0.023194 0.048271
0 1 0.413832 0.257726 0.238358 0.018397 0.071687
2 1 0.167859 0.177450 0.407931 0.026526 0.220234
2 1 0.091196 0.171533 0.517446 0.027664 0.192162
2 1 0.089858 0.190985 0.435548 0.025688 0.257921
0 1 0.912135 0.040850 0.032369 0.006122 0.008524
0 1 0.936651 0.039829 0.010769 0.002497 0.010254
0 1 0.834934 0.085954 0.027894 0.004439 0.046778
4 1 0.213263 0.186683 0.183139 0.036713 0.380203
4 1 0.027480 0.094311 0.177825 0.018592 0.681791
4 1 0.018769 0.088128 0.211154 0.036191 0.645758
4 1 0.012689 0.074973 0.367676 0.066185 0.478477
4 1 0.018755 0.086150 0.324649 0.044989 0.525457
2 1 0.013550 0.076469 0.428732 0.086835 0.394413
2 1 0.009142 0.052414 0.467567 0.312476 0.158401
3 1 0.012527 0.041767 0.384635 0.499791 0.061279
3 1 0.023490 0.055186 0.387023 0.475257 0.059044
2 1 0.024660 0.053773 0.450764 0.413729 0.057075
3 1 0.006593 0.015250 0.456931 0.514376 0.006850
3 2 0.010061 0.020793 0.413847 0.542951 0.012349
2 2 0.027567 0.052194 0.625302 0.248096 0.046842
2 2 0.012174 0.039051 0.675078 0.223149 0.050549
2 2 0.003700 0.013736 0.575333 0.394986 0.012244
2 2 0.004889 0.013455 0.614671 0.358301 0.008684
2 2 0.012263 0.024873 0.661651 0.285730 0.015483
2 2 0.003498 0.016825 0.816845 0.140560 0.022272
2 2 0.003330 0.014928 0.638329 0.327064 0.016349
2 2 0.003053 0.014886 0.690909 0.273505 0.017648
2 2 0.002748 0.010240 0.680374 0.298349 0.008289
2 2 0.002005 0.007376 0.721866 0.263396 0.005356
2 2 0.002156 0.006924 0.764957 0.221680 0.004283
2 2 0.002095 0.006840 0.715544 0.271219 0.004302
2 2 0.002055 0.007835 0.665149 0.318922 0.006040
2 2 0.002401 0.007767 0.550218 0.434455 0.005158
3 2 0.004683 0.013547 0.463616 0.507913 0.010242
3 2 0.008895 0.018464 0.378622 0.581663 0.012356
3 2 0.009009 0.021124 0.280406 0.671325 0.018136
3 2 0.010059 0.022706 0.265081 0.682957 0.019197
3 2 0.004915 0.013246 0.222896 0.748644 0.010300
3 2 0.005568 0.014001 0.317760 0.653403 0.009268
3 2 0.004317 0.011618 0.335102 0.641208 0.007755
3 2 0.003305 0.008756 0.299781 0.682726 0.005432
3 2 0.004394 0.012305 0.309666 0.664718 0.008917
3 2 0.008299 0.015607 0.253493 0.713550 0.009051
3 2 0.010470 0.017040 0.283268 0.679857 0.009365
3 2 0.012549 0.029607 0.233749 0.690374 0.033721
3 2 0.007721 0.016273 0.110613 0.850547 0.014845
3 3 0.007319 0.013860 0.096128 0.871415 0.011278
3 3 0.005102 0.010762 0.082953 0.892687 0.008496
3 3 0.005862 0.013255 0.098179 0.870894 0.011810
3 3 0.003842 0.007953 0.066518 0.916117 0.005571
3 3 0.003517 0.007178 0.061779 0.922665 0.004860
3 3 0.005268 0.009972 0.075843 0.901811 0.007106
3 3 0.005833 0.012045 0.090444 0.881505 0.010173
3 3 0.008436 0.016813 0.112307 0.847019 0.015425
3 3 0.004388 0.010074 0.082902 0.893938 0.008698
3 3 0.005755 0.012092 0.090135 0.882028 0.009990
3 3 0.004554 0.010684 0.085830 0.889756 0.009175
3 3 0.003482 0.009216 0.080097 0.899140 0.008064
3 3 0.003105 0.007729 0.073368 0.909987 0.005810
3 3 0.001984 0.005021 0.052180 0.937162 0.003653
3 3 0.002622 0.005064 0.047540 0.941792 0.002983
3 3 0.002925 0.005098 0.046149 0.943028 0.002801
3 3 0.003978 0.006130 0.050014 0.936689 0.003190
3 3 0.004611 0.006648 0.051594 0.933798 0.003349
3 3 0.002151 0.005939 0.060307 0.926804 0.004799
3 3 0.002454 0.005519 0.053043 0.935296 0.003688
3 3 0.002255 0.004602 0.045436 0.944941 0.002767
3 3 0.005731 0.008674 0.064829 0.915480 0.005286
3 3 0.007258 0.010934 0.077356 0.896945 0.007506
3 3 0.010563 0.013094 0.081603 0.886596 0.008143
3 3 0.012649 0.013254 0.077174 0.889743 0.007181
3 3 0.008534 0.009081 0.059932 0.917969 0.004483
3 3 0.012437 0.013362 0.079263 0.887267 0.007671
3 3 0.009832 0.010527 0.067495 0.906456 0.005689
3 3 0.010308 0.012301 0.078230 0.891555 0.007605
3 3 0.007163 0.009301 0.066109 0.911875 0.005552
3 3 0.004374 0.005839 0.048121 0.938587 0.003078
3 3 0.004179 0.005501 0.045656 0.941891 0.002773
3 3 0.002904 0.004277 0.039592 0.951081 0.002147
3 3 0.005331 0.007623 0.058878 0.923710 0.004458
3 3 0.003802 0.005401 0.046064 0.941909 0.002824
3 3 0.006430 0.006996 0.049645 0.933810 0.003119
3 3 0.006767 0.006540 0.045152 0.938968 0.002573
3 3 0.007692 0.008315 0.055468 0.924726 0.003799
3 3 0.006872 0.007728 0.053701 0.928091 0.003608
3 3 0.004614 0.005254 0.041341 0.946552 0.002240
3 3 0.007019 0.007240 0.049928 0.932674 0.003138
3 3 0.005356 0.006709 0.050929 0.933674 0.003332
3 3 0.007320 0.008710 0.060037 0.919430 0.004502
3 3 0.006369 0.007723 0.056144 0.925740 0.004024
3 3 0.009150 0.010091 0.066501 0.908687 0.005571
3 3 0.008251 0.008907 0.060873 0.917228 0.004741
3 3 0.007913 0.008922 0.061844 0.916421 0.004899
3 3 0.008069 0.010036 0.069175 0.906650 0.006071
3 3 0.007104 0.009541 0.067712 0.909854 0.005790
3 3 0.007802 0.009861 0.067207 0.909507 0.005623
3 3 0.007781 0.010061 0.068605 0.907705 0.005848
3 3 0.008216 0.010634 0.071459 0.903363 0.006328
3 3 0.008717 0.009343 0.061188 0.916097 0.004655
3 3 0.008158 0.009319 0.062641 0.914975 0.004907
3 3 0.007902 0.008462 0.057568 0.921876 0.004191
3 3 0.006161 0.008285 0.060999 0.919826 0.004729
3 3 0.003963 0.006172 0.051681 0.934702 0.003482
3 3 0.004154 0.006457 0.053834 0.931762 0.003794
3 3 0.014298 0.013834 0.078334 0.886089 0.007446
3 3 0.009986 0.008994 0.056772 0.920208 0.004041
3 3 0.006707 0.006454 0.045723 0.938417 0.002699
3 3 0.008771 0.008681 0.056485 0.922085 0.003979
3 3 0.004892 0.005525 0.043467 0.943615 0.002501
3 3 0.003690 0.004235 0.035636 0.954729 0.001709
3 3 0.002907 0.003121 0.027712 0.965200 0.001060
3 3 0.003880 0.004032 0.032687 0.957981 0.001420
3 3 0.004578 0.005286 0.041689 0.946171 0.002276
3 3 0.005639 0.006352 0.047473 0.937622 0.002914
3 3 0.006366 0.006928 0.050042 0.933449 0.003215
3 3 0.005953 0.006242 0.046003 0.939053 0.002749
3 3 0.006151 0.005919 0.042898 0.942640 0.002392
3 3 0.008170 0.007348 0.048067 0.933526 0.002889
3 3 0.008678 0.007538 0.048199 0.932699 0.002886
3 3 0.017145 0.012247 0.063511 0.902307 0.004790
3 3 0.013085 0.009081 0.051227 0.923403 0.003204
3 3 0.011631 0.008929 0.052070 0.924066 0.003304
3 3 0.011197 0.008974 0.053742 0.922521 0.003566
3 3 0.009409 0.007295 0.045826 0.934832 0.002637
3 3 0.008928 0.010123 0.066961 0.908361 0.005627
3 3 0.006020 0.006231 0.046194 0.938759 0.002796
3 3 0.008420 0.008410 0.056093 0.923096 0.003981
3 3 0.011568 0.011225 0.068043 0.903446 0.005717
3 3 0.008378 0.007438 0.049578 0.931462 0.003144
3 3 0.008521 0.007524 0.049847 0.930935 0.003173
3 3 0.007301 0.007759 0.053562 0.927750 0.003628
3 3 0.034508 0.032401 0.131157 0.782392 0.019543
3 3 0.070919 0.060569 0.184596 0.643061 0.040855
3 3 0.049116 0.060996 0.242136 0.601681 0.046070
2 3 0.181517 0.124960 0.441268 0.147556 0.104699
2 2 0.091052 0.136064 0.383741 0.035849 0.353294
2 2 0.153089 0.147702 0.367976 0.024345 0.306888
2 2 0.046632 0.093467 0.543831 0.023480 0.292589
4 2 0.125053 0.143114 0.232565 0.021517 0.477752
4 2 0.248564 0.134308 0.078527 0.004159 0.534442
4 4 0.017687 0.036285 0.025531 0.000237 0.920259
4 4 0.028603 0.037582 0.018240 0.000108 0.915466
4 4 0.016320 0.029903 0.017574 0.000104 0.936100
4 4 0.008713 0.017050 0.008912 0.000025 0.965300
4 4 0.176004 0.112332 0.046879 0.000720 0.664066
4 4 0.246809 0.100397 0.030957 0.000417 0.621420
4 4 0.054201 0.051898 0.025028 0.000224 0.868649
4 4 0.035329 0.039623 0.017553 0.000099 0.907397
4 4 0.036048 0.035299 0.012707 0.000047 0.915899
4 4 0.040062 0.046217 0.022136 0.000164 0.891420
4 4 0.069761 0.047891 0.014521 0.000062 0.867764
4 4 0.160010 0.067056 0.018474 0.000119 0.754341
4 4 0.063388 0.053956 0.021981 0.000161 0.860513
4 4 0.014235 0.025202 0.013515 0.000059 0.946989
4 4 0.023858 0.033719 0.015859 0.000078 0.926486
4 4 0.037148 0.040111 0.017671 0.000101 0.904970
4 4 0.109645 0.062812 0.023251 0.000198 0.804094
4 4 0.224314 0.085017 0.030825 0.000446 0.659397
4 4 0.066294 0.057486 0.028952 0.000321 0.846947
4 4 0.125794 0.067590 0.027734 0.000312 0.778569
