0 0 0.823334 0.079551 0.023155 0.038361 0.035598
0 0 0.902891 0.034049 0.008860 0.049042 0.005157
0 0 0.931842 0.030414 0.006555 0.026660 0.004528
0 0 0.950446 0.027492 0.004808 0.013034 0.004220
0 0 0.947115 0.025443 0.004868 0.019282 0.003291
0 0 0.941668 0.029026 0.005684 0.019250 0.004372
0 0 0.948973 0.023933 0.004871 0.019677 0.002546
0 0 0.930590 0.035327 0.010572 0.021230 0.002281
0 0 0.906572 0.035270 0.009561 0.044508 0.004090
0 0 0.890988 0.026918 0.007479 0.071700 0.002915
0 0 0.936579 0.025528 0.005473 0.029375 0.003046
0 0 0.941343 0.034738 0.006006 0.010602 0.007311
0 0 0.944158 0.036829 0.004879 0.003652 0.010481
0 0 0.946935 0.035750 0.004110 0.002158 0.011047
0 0 0.918006 0.049527 0.008175 0.006810 0.017483
0 0 0.885559 0.063422 0.012576 0.011215 0.027228
0 0 0.885662 0.063716 0.012337 0.010199 0.028086
0 0 0.787348 0.099240 0.025266 0.018475 0.069670
0 0 0.858010 0.072198 0.017257 0.020287 0.032248
0 0 0.831014 0.079330 0.021778 0.031084 0.036795
4 0 0.401882 0.149601 0.038509 0.005000 0.405009
0 0 0.594691 0.129540 0.022637 0.002300 0.250831
0 0 0.453315 0.150567 0.039073 0.006250 0.350795
0 0 0.852055 0.076840 0.011422 0.003053 0.056630
0 0 0.770669 0.100963 0.016694 0.003305 0.108369
0 0 0.804840 0.090670 0.013440 0.002482 0.088568
0 0 0.743255 0.105689 0.016510 0.002429 0.132118
0 0 0.746558 0.097364 0.011045 0.000744 0.144289
0 0 0.546067 0.121104 0.015373 0.000604 0.316852
0 0 0.578267 0.122953 0.017180 0.000953 0.280647
0 0 0.477822 0.147359 0.035437 0.005135 0.334246
0 0 0.721962 0.113573 0.020985 0.004250 0.139230
0 0 0.600311 0.135327 0.028748 0.004850 0.230763
0 0 0.431301 0.157738 0.049903 0.012081 0.348977
0 0 0.552533 0.148208 0.041850 0.012084 0.245325
0 0 0.762687 0.107132 0.027301 0.016785 0.086095
0 0 0.769616 0.103557 0.029048 0.025252 0.072527
0 0 0.840926 0.080812 0.018503 0.015488 0.044271
0 0 0.799732 0.095714 0.022859 0.015122 0.066573
0 0 0.807867 0.092248 0.016273 0.004854 0.078758
0 0 0.785123 0.120674 0.029251 0.007368 0.057585
0 0 0.883540 0.086337 0.017177 0.002204 0.010742
0 0 0.867269 0.095968 0.019655 0.002504 0.014603
0 0 0.900120 0.071246 0.013810 0.003756 0.011069
0 0 0.854840 0.079798 0.016824 0.010068 0.038472
0 0 0.851633 0.078804 0.019533 0.018391 0.031640
0 0 0.885025 0.066128 0.014548 0.013053 0.021247
0 0 0.914638 0.050334 0.008969 0.009020 0.017038
0 0 0.891903 0.062124 0.009605 0.004374 0.031993
0 0 0.878518 0.067453 0.010114 0.003600 0.040315
0 0 0.904370 0.056295 0.007092 0.002149 0.030093
0 0 0.937568 0.040623 0.005247 0.003079 0.013484
0 0 0.912906 0.059576 0.009883 0.003499 0.014136
0 0 0.889579 0.074730 0.012385 0.002519 0.020786
0 0 0.896809 0.060006 0.008966 0.003952 0.030267
0 0 0.858274 0.075313 0.015096 0.009983 0.041334
0 0 0.883274 0.063162 0.013425 0.014662 0.025476
0 0 0.846844 0.090824 0.020425 0.008352 0.033556
0 0 0.857677 0.090066 0.018374 0.004928 0.028954
0 1 0.844798 0.099721 0.015795 0.001427 0.038259
0 1 0.463778 0.182077 0.049065 0.004200 0.300880
0 0 0.450904 0.286346 0.112572 0.003984 0.146194
0 1 0.708877 0.171168 0.047662 0.004876 0.067416
0 1 0.811303 0.133575 0.030508 0.002038 0.022576
0 1 0.821452 0.116425 0.025660 0.003579 0.032883
0 0 0.893377 0.068684 0.012538 0.004923 0.020478
0 0 0.829766 0.100461 0.026688 0.012220 0.030865
0 0 0.803791 0.112035 0.038058 0.018294 0.027822
0 0 0.748695 0.164795 0.048963 0.004898 0.032648
0 0 0.663554 0.202464 0.061212 0.004272 0.068498
0 0 0.709171 0.161838 0.042232 0.004999 0.081759
0 0 0.719184 0.145070 0.041615 0.010855 0.083275
0 0 0.743087 0.132756 0.038097 0.013316 0.072744
0 0 0.783847 0.114256 0.027833 0.009581 0.064484
0 0 0.849538 0.088259 0.020561 0.010126 0.031515
0 0 0.851897 0.084793 0.019644 0.011309 0.032357
0 0 0.871270 0.077982 0.015164 0.006105 0.029479
0 0 0.860470 0.073590 0.015863 0.013459 0.036619
0 0 0.918276 0.051659 0.008722 0.006027 0.015316
0 0 0.868026 0.071105 0.014413 0.011006 0.035450
0 0 0.764594 0.119696 0.034508 0.017228 0.063975
0 0 0.856158 0.077778 0.017697 0.014447 0.033920
0 0 0.772326 0.108020 0.027078 0.014445 0.078132
0 0 0.735664 0.134235 0.044723 0.017136 0.068241
0 0 0.667852 0.161856 0.079362 0.024600 0.066331
0 0 0.748528 0.144083 0.057628 0.013513 0.036248
0 0 0.737364 0.167123 0.061646 0.005733 0.028133
0 0 0.830168 0.111449 0.023794 0.003433 0.031156
0 0 0.778819 0.130389 0.031919 0.005733 0.053140
0 0 0.800449 0.117549 0.025355 0.004432 0.052214
0 0 0.775061 0.129796 0.028778 0.004153 0.062212
0 0 0.805224 0.117233 0.028305 0.006429 0.042808
0 0 0.860140 0.088898 0.019265 0.006103 0.025593
0 0 0.882697 0.076392 0.016747 0.007161 0.017004
0 0 0.893941 0.076222 0.013748 0.002470 0.013620
0 0 0.849016 0.108961 0.023036 0.002123 0.016864
0 0 0.870496 0.095368 0.019131 0.002006 0.013000
0 0 0.887721 0.077448 0.016470 0.004937 0.013424
0 0 0.887963 0.072591 0.018018 0.010236 0.011191
0 0 0.877530 0.080691 0.019877 0.008501 0.013401
0 0 0.808897 0.115762 0.027481 0.006086 0.041774
0 0 0.835688 0.098077 0.022498 0.007693 0.036044
0 0 0.776727 0.126125 0.027613 0.004423 0.065111
0 0 0.853341 0.091451 0.016754 0.003357 0.035097
0 0 0.848554 0.101335 0.019944 0.002824 0.027344
0 0 0.875502 0.086587 0.019793 0.004897 0.013221
0 0 0.905672 0.065164 0.017769 0.007903 0.003492
0 0 0.911386 0.057306 0.019207 0.010841 0.001259
0 0 0.927256 0.032315 0.013444 0.026604 0.000380
0 0 0.937353 0.033893 0.012086 0.016274 0.000395
0 0 0.954886 0.028280 0.006981 0.009342 0.000510
0 0 0.945915 0.034831 0.008047 0.009760 0.001447
0 0 0.954516 0.030834 0.005100 0.006227 0.003323
0 0 0.940157 0.039285 0.004958 0.002887 0.012714
0 0 0.927201 0.045928 0.005467 0.002040 0.019364
0 0 0.877768 0.067701 0.010067 0.003472 0.040992
0 0 0.904852 0.055651 0.009735 0.007748 0.022013
0 0 0.952616 0.031740 0.004202 0.004048 0.007394
0 0 0.946211 0.039477 0.004520 0.001290 0.008502
0 0 0.934616 0.044522 0.005629 0.002119 0.013114
0 0 0.887622 0.074190 0.009466 0.000976 0.027746
0 0 0.772537 0.144714 0.024716 0.000927 0.057107
0 0 0.405770 0.352655 0.100497 0.000469 0.140609
1 1 0.184966 0.398944 0.158700 0.000341 0.257049
4 1 0.124082 0.336447 0.178544 0.000839 0.360089
4 0 0.123087 0.257670 0.143945 0.002326 0.472973
4 1 0.099182 0.250007 0.165000 0.003009 0.482802
4 2 0.132364 0.212048 0.106246 0.002916 0.546427
4 2 0.147728 0.275990 0.132861 0.001578 0.441843
4 2 0.169587 0.189775 0.073386 0.002276 0.564976
4 2 0.207507 0.191918 0.066906 0.002219 0.531450
0 0 0.356452 0.217508 0.078838 0.005692 0.341509
0 0 0.530877 0.181528 0.061571 0.013156 0.212869
0 0 0.645549 0.147838 0.047346 0.020220 0.139047
0 0 0.799723 0.096028 0.020407 0.009593 0.074249
0 4 0.906005 0.055640 0.009085 0.005943 0.023328
0 4 0.776458 0.105741 0.021466 0.006570 0.089765
0 4 0.436648 0.197907 0.054353 0.003189 0.307904
4 4 0.157699 0.237974 0.100089 0.001497 0.502741
4 2 0.074826 0.283225 0.245911 0.003366 0.392672
2 2 0.025453 0.244780 0.470893 0.007938 0.250936
2 2 0.017656 0.214788 0.591008 0.007741 0.168807
2 2 0.007053 0.135980 0.784174 0.006092 0.066700
2 2 0.008754 0.153564 0.745950 0.006155 0.085576
2 2 0.009307 0.150121 0.734583 0.006667 0.099322
2 2 0.011006 0.163581 0.697592 0.006704 0.121117
2 2 0.009702 0.147236 0.733969 0.007919 0.101174
2 2 0.010102 0.143976 0.732225 0.009290 0.104408
2 2 0.007069 0.115784 0.800764 0.010180 0.066202
2 2 0.010470 0.119896 0.750285 0.019340 0.100009
2 2 0.009577 0.111422 0.772642 0.022670 0.083688
2 2 0.006782 0.084780 0.824783 0.027206 0.056448
2 2 0.005329 0.072706 0.852084 0.027520 0.042361
2 2 0.001640 0.023852 0.886480 0.078946 0.009082
2 2 0.002670 0.039096 0.889464 0.053139 0.015631
2 2 0.001507 0.023949 0.895951 0.070793 0.007801
2 2 0.001906 0.027907 0.890484 0.068904 0.010799
2 2 0.003564 0.034474 0.825796 0.112704 0.023461
2 2 0.015352 0.072029 0.787186 0.089651 0.035783
2 2 0.033377 0.118245 0.702845 0.075409 0.070124
2 2 0.026055 0.267403 0.504779 0.005603 0.196160
2 2 0.026212 0.265931 0.577651 0.004729 0.125478
2 2 0.023395 0.232933 0.642654 0.006222 0.094796
2 2 0.019942 0.180622 0.710062 0.010678 0.078696
2 2 0.012885 0.108648 0.804149 0.024841 0.049476
2 2 0.013515 0.101578 0.820419 0.025426 0.039061
2 2 0.007096 0.050698 0.856284 0.071235 0.014686
2 2 0.007884 0.050140 0.826104 0.100367 0.015505
2 2 0.007577 0.040862 0.749481 0.184264 0.017816
2 3 0.015575 0.067874 0.720666 0.157019 0.038867
2 0 0.034604 0.116105 0.631713 0.118543 0.099035
2 0 0.121011 0.205549 0.483152 0.064102 0.126186
0 0 0.344994 0.247331 0.222571 0.037109 0.147994
0 1 0.522009 0.216101 0.114160 0.023933 0.123798
0 1 0.659318 0.185677 0.060384 0.008283 0.086339
0 1 0.349741 0.302928 0.264783 0.014046 0.068504
1 1 0.218692 0.377589 0.333074 0.005812 0.064832
1 1 0.163968 0.422471 0.331509 0.002791 0.079260
1 2 0.132400 0.424798 0.300523 0.001376 0.140902
1 2 0.077257 0.370460 0.369718 0.002762 0.179803
2 2 0.022471 0.243683 0.575831 0.009675 0.148340
2 2 0.022856 0.226210 0.612393 0.011435 0.127105
2 2 0.018982 0.196501 0.662888 0.015521 0.106109
2 2 0.013734 0.163434 0.714253 0.020670 0.087909
2 2 0.011442 0.158833 0.740956 0.016019 0.072750
2 2 0.010662 0.147602 0.756974 0.017745 0.067017
2 2 0.012964 0.155308 0.743864 0.017313 0.070551
2 2 0.011564 0.114909 0.757243 0.043946 0.072339
2 2 0.009298 0.092799 0.797455 0.053330 0.047117
2 2 0.005751 0.059085 0.832823 0.075428 0.026913
2 2 0.004938 0.049646 0.818234 0.100850 0.026331
2 2 0.006190 0.048515 0.767007 0.141362 0.036925
2 2 0.007005 0.042773 0.691113 0.215701 0.043408
2 3 0.007892 0.052215 0.722511 0.167767 0.049615
2 3 0.004306 0.038709 0.801299 0.129970 0.025716
2 3 0.002996 0.029961 0.820168 0.129378 0.017497
2 3 0.002403 0.026741 0.842276 0.116946 0.011634
2 3 0.003715 0.027967 0.747392 0.205254 0.015671
2 3 0.003391 0.029599 0.785119 0.162513 0.019378
2 3 0.003114 0.023126 0.723312 0.234209 0.016239
2 3 0.007363 0.027363 0.492532 0.441061 0.031681
2 3 0.018834 0.063432 0.500536 0.297496 0.119702
2 3 0.015218 0.050392 0.504480 0.333158 0.096752
2 3 0.010453 0.034029 0.484276 0.413914 0.057328
3 3 0.008165 0.019631 0.349335 0.592655 0.030214
3 3 0.007780 0.018540 0.339345 0.605436 0.028899
3 3 0.003918 0.010583 0.327826 0.644948 0.012725
3 3 0.004599 0.011070 0.302641 0.669129 0.012561
3 3 0.004833 0.010165 0.265511 0.708059 0.011431
3 3 0.006814 0.010031 0.195277 0.775918 0.011961
3 3 0.007492 0.009659 0.171476 0.800454 0.010919
3 3 0.008701 0.009230 0.141928 0.828605 0.011537
3 3 0.009768 0.008476 0.114327 0.858102 0.009327
3 3 0.009643 0.009208 0.128578 0.841256 0.011316
3 3 0.008561 0.007893 0.118600 0.855953 0.008994
3 3 0.005307 0.005154 0.109261 0.874548 0.005730
3 3 0.004157 0.004157 0.104742 0.882801 0.004142
3 3 0.004457 0.004843 0.118834 0.867031 0.004835
3 2 0.007075 0.007974 0.143134 0.833579 0.008238
3 2 0.009117 0.010445 0.157348 0.811902 0.011188
2 3 0.003462 0.017326 0.544098 0.423882 0.011231
3 3 0.006636 0.023133 0.461008 0.489815 0.019408
3 3 0.009570 0.024170 0.384329 0.557364 0.024568
3 3 0.010427 0.022675 0.330107 0.609526 0.027266
3 3 0.009857 0.024903 0.375828 0.558486 0.030927
3 3 0.008351 0.023394 0.399603 0.541413 0.027239
3 3 0.012017 0.023959 0.312302 0.615499 0.036224
3 3 0.007510 0.010594 0.191729 0.774301 0.015866
3 3 0.008217 0.012837 0.222480 0.738990 0.017476
3 3 0.007147 0.010435 0.195825 0.774657 0.011936
3 3 0.009079 0.015711 0.252596 0.704278 0.018337
3 3 0.007012 0.013371 0.262634 0.702394 0.014589
3 3 0.007621 0.015330 0.284786 0.669901 0.022362
3 3 0.007224 0.013737 0.264497 0.696677 0.017866
3 3 0.005697 0.007234 0.156187 0.821005 0.009876
3 3 0.007275 0.008241 0.146287 0.826491 0.011705
3 3 0.009676 0.009258 0.129033 0.840620 0.011412
3 3 0.006883 0.006117 0.105753 0.874793 0.006454
3 3 0.005895 0.004765 0.088978 0.895997 0.004365
3 3 0.007189 0.005682 0.092071 0.889786 0.005272
3 3 0.003233 0.003267 0.098181 0.891869 0.003450
3 3 0.003427 0.002986 0.082357 0.908546 0.002684
3 3 0.007511 0.006245 0.099737 0.880304 0.006203
3 3 0.007024 0.005670 0.093942 0.887997 0.005367
3 3 0.006766 0.005183 0.086676 0.896793 0.004582
3 3 0.006016 0.004743 0.086686 0.898317 0.004238
3 3 0.005452 0.004476 0.088548 0.897414 0.004111
3 3 0.005421 0.004782 0.097089 0.887939 0.004769
3 3 0.005866 0.005165 0.099333 0.884414 0.005222
3 3 0.007117 0.005412 0.087257 0.895422 0.004792
3 3 0.006859 0.005087 0.083426 0.900287 0.004342
3 3 0.005156 0.003978 0.080123 0.907381 0.003362
3 3 0.003793 0.002894 0.071351 0.919689 0.002273
3 3 0.004575 0.003655 0.080684 0.907945 0.003142
3 3 0.004037 0.003231 0.077629 0.912387 0.002716
3 3 0.004426 0.003629 0.082615 0.906136 0.003194
3 3 0.003621 0.002872 0.074019 0.917148 0.002340
3 3 0.004330 0.003398 0.077397 0.912045 0.002830
3 3 0.004529 0.003167 0.067373 0.922602 0.002329
3 3 0.004196 0.003129 0.071575 0.918658 0.002442
3 3 0.006725 0.005665 0.097954 0.884068 0.005589
3 3 0.007855 0.006163 0.093811 0.886400 0.005771
3 3 0.005712 0.004439 0.083635 0.902354 0.003860
3 3 0.006547 0.004967 0.084685 0.899486 0.004314
3 3 0.005953 0.004623 0.084684 0.900690 0.004049
3 3 0.008579 0.006818 0.098082 0.879927 0.006595
3 3 0.016318 0.011806 0.113751 0.846377 0.011748
3 2 0.029149 0.021804 0.172872 0.755680 0.020495
3 2 0.044789 0.063019 0.413871 0.431213 0.047107
2 2 0.014723 0.067460 0.710624 0.181503 0.025690
2 3 0.027518 0.208070 0.623112 0.021462 0.119838
2 2 0.026869 0.261009 0.571386 0.011642 0.129093
2 2 0.026120 0.244224 0.471283 0.008767 0.249606
2 2 0.026614 0.212081 0.491695 0.014681 0.254928
2 2 0.021419 0.182674 0.584836 0.020095 0.190975
2 2 0.020815 0.203608 0.575038 0.013288 0.187252
2 2 0.020070 0.220354 0.557456 0.008593 0.193527
2 2 0.018949 0.215969 0.588763 0.009708 0.166610
2 2 0.020018 0.223132 0.571915 0.009550 0.175386
2 4 0.021037 0.202394 0.557086 0.011866 0.207617
4 4 0.051699 0.159410 0.188032 0.025092 0.575767
4 4 0.047095 0.169552 0.206382 0.018617 0.558355
4 4 0.045296 0.167837 0.225033 0.020104 0.541730
4 4 0.045207 0.161236 0.237780 0.025126 0.530651
4 2 0.048905 0.165546 0.199003 0.020976 0.565569
4 0 0.053339 0.155825 0.181802 0.027806 0.581228
4 0 0.052371 0.157939 0.185461 0.026176 0.578053
4 4 0.054718 0.152819 0.176673 0.030276 0.585514
4 4 0.051237 0.160422 0.189815 0.024368 0.574158
4 4 0.063325 0.152224 0.158212 0.028328 0.597912
4 4 0.091043 0.142630 0.114244 0.028073 0.624010
4 4 0.095487 0.149921 0.112800 0.020879 0.620914
4 4 0.069770 0.145930 0.143467 0.032364 0.608469
4 4 0.071878 0.141592 0.137690 0.036338 0.612502
4 0 0.093841 0.133371 0.106888 0.036745 0.629155
4 0 0.133110 0.147205 0.082725 0.014031 0.622928
4 1 0.156301 0.166148 0.074425 0.005317 0.597809
4 1 0.098488 0.204783 0.134449 0.005030 0.557249
4 1 0.076617 0.310467 0.271569 0.002806 0.338541
4 2 0.070783 0.300623 0.288459 0.003790 0.336347
2 2 0.015333 0.147516 0.649139 0.016418 0.171594
2 2 0.016731 0.184848 0.600748 0.009081 0.188592
2 2 0.024053 0.212534 0.473102 0.008782 0.281530
2 2 0.021871 0.199834 0.506900 0.009279 0.262116
4 2 0.030516 0.214827 0.357459 0.008264 0.388934
4 2 0.034997 0.218380 0.331851 0.010517 0.404255
2 2 0.027620 0.241662 0.445294 0.008846 0.276578
2 2 0.039359 0.285176 0.429105 0.005926 0.240435
2 2 0.037660 0.324220 0.474913 0.002759 0.160448
2 2 0.048966 0.343156 0.418278 0.002275 0.187325
1 -1 0.073163 0.358485 0.326269 0.001794 0.240288
1 1 0.166515 0.415562 0.262798 0.001488 0.153637
1 0 0.133470 0.377519 0.258030 0.001816 0.229166
1 0 0.216295 0.385909 0.231077 0.002407 0.164312
0 0 0.487376 0.304804 0.115345 0.002509 0.089966
0 0 0.655422 0.217062 0.061727 0.002438 0.063351
0 1 0.756688 0.160289 0.039486 0.002784 0.040753
0 1 0.488833 0.311568 0.125689 0.002923 0.070987
1 2 0.239962 0.383682 0.310231 0.004434 0.061691
1 0 0.131716 0.460886 0.327264 0.000748 0.079386
0 0 0.565029 0.219932 0.060808 0.002977 0.151253
0 0 0.458850 0.312130 0.091636 0.001053 0.136331
1 1 0.205729 0.339019 0.116814 0.000407 0.338031
1 1 0.109829 0.353646 0.188070 0.000505 0.347950
1 2 0.066161 0.340225 0.286168 0.001112 0.306334
2 1 0.051679 0.315381 0.341121 0.002179 0.289640
2 1 0.036894 0.327794 0.447224 0.001871 0.186217
4 2 0.070815 0.311653 0.283586 0.002634 0.331312
1 2 0.173694 0.360242 0.293461 0.003787 0.168817
0 0 0.357648 0.334018 0.157648 0.003646 0.147040
0 0 0.453647 0.281344 0.149895 0.007832 0.107282
0 0 0.582400 0.217571 0.075686 0.006986 0.117358
0 0 0.771597 0.123922 0.029059 0.006579 0.068842
0 0 0.873503 0.082628 0.014812 0.003217 0.025839
0 0 0.876821 0.077892 0.013689 0.003704 0.027894
0 0 0.904297 0.062097 0.010885 0.004864 0.017857
0 0 0.877593 0.077043 0.016150 0.007074 0.022140
0 0 0.811662 0.132851 0.032829 0.003136 0.019522
0 0 0.614707 0.271056 0.086778 0.001303 0.026156
0 0 0.413820 0.406532 0.126872 0.000287 0.052488
2 1 0.054447 0.389732 0.416795 0.001043 0.137982
2 1 0.033119 0.342529 0.522626 0.001629 0.100097
2 1 0.036760 0.353555 0.501362 0.001475 0.106849
2 2 0.036211 0.326442 0.503584 0.002867 0.130896
2 2 0.035930 0.305378 0.501359 0.004833 0.152500
2 2 0.033131 0.283653 0.534409 0.008759 0.140047
2 1 0.039834 0.308578 0.512399 0.006480 0.132708
2 2 0.039405 0.310470 0.495490 0.005303 0.149332
2 2 0.035210 0.282620 0.508210 0.008443 0.165517
2 1 0.042852 0.297308 0.475898 0.006647 0.177294
2 1 0.055693 0.318973 0.443040 0.005472 0.176821
1 1 0.120126 0.396885 0.331726 0.002547 0.148715
1 1 0.093437 0.401492 0.384650 0.002053 0.118368
2 1 0.073919 0.380228 0.426344 0.002702 0.116807
2 2 0.063888 0.389686 0.411188 0.001580 0.133659
2 2 0.053683 0.352216 0.430868 0.002706 0.160526
2 2 0.032611 0.264712 0.478116 0.009583 0.214977
2 2 0.030576 0.240072 0.468050 0.015613 0.245689
2 2 0.026208 0.244274 0.494041 0.010747 0.224729
2 2 0.023409 0.225523 0.544339 0.012841 0.193888
1 2 0.224909 0.311058 0.237253 0.008181 0.218598
0 0 0.322209 0.258515 0.238479 0.025306 0.155491
0 0 0.514375 0.238042 0.100686 0.011099 0.135797
0 0 0.591771 0.179637 0.048455 0.005265 0.174872
0 0 0.507859 0.162581 0.036159 0.002877 0.290524
4 1 0.244465 0.154991 0.043252 0.002249 0.555043
4 1 0.192458 0.199051 0.062980 0.001067 0.544444
4 1 0.177481 0.285168 0.095861 0.000418 0.441072
4 2 0.196932 0.316954 0.100498 0.000309 0.385307
0 0 0.385627 0.276495 0.061946 0.000380 0.275552
0 1 0.436525 0.356712 0.111393 0.000604 0.094766
0 0 0.508993 0.323889 0.094768 0.000668 0.071682
0 1 0.551811 0.293106 0.076804 0.000690 0.077589
0 1 0.537100 0.299677 0.090265 0.001154 0.071804
0 2 0.418008 0.353024 0.159508 0.002777 0.066682
1 2 0.358262 0.362610 0.233349 0.003790 0.041989
0 2 0.482387 0.336785 0.135632 0.002045 0.043150
0 2 0.538619 0.292661 0.098857 0.002131 0.067731
0 1 0.434482 0.324232 0.122119 0.002373 0.116795
1 2 0.353303 0.357215 0.139908 0.001565 0.148009
0 1 0.532756 0.272196 0.093476 0.003238 0.098334
0 2 0.587923 0.244103 0.111898 0.005469 0.050607
0 2 0.601952 0.211154 0.126547 0.013268 0.047079
0 0 0.660649 0.192014 0.103737 0.010152 0.033448
0 0 0.692629 0.175289 0.092191 0.013820 0.026071
0 0 0.763480 0.150732 0.042730 0.006066 0.036992
0 0 0.794093 0.114886 0.028136 0.008609 0.054276
0 0 0.697522 0.152244 0.038116 0.005818 0.106301
0 0 0.386807 0.297331 0.121764 0.004299 0.189798
1 1 0.134390 0.417627 0.309353 0.001679 0.136951
2 2 0.067248 0.368824 0.376396 0.002059 0.185473
2 2 0.034630 0.306180 0.531709 0.005189 0.122292
2 2 0.020542 0.248960 0.626194 0.010091 0.094213
2 2 0.016102 0.230073 0.649220 0.010346 0.094259
2 1 0.009998 0.175275 0.745892 0.009803 0.059033
2 1 0.009266 0.171486 0.746980 0.007330 0.064938
2 1 0.008150 0.132779 0.788449 0.012311 0.058311
2 2 0.011186 0.172810 0.733750 0.010195 0.072059
2 2 0.013642 0.190625 0.701587 0.010899 0.083247
2 1 0.010440 0.172340 0.741242 0.010274 0.065704
2 1 0.036351 0.277687 0.442491 0.006575 0.236896
2 1 0.048088 0.320764 0.384833 0.002625 0.243690
2 1 0.058354 0.354523 0.371546 0.001778 0.213799
2 1 0.053600 0.326233 0.412050 0.004241 0.203876
2 1 0.047406 0.308754 0.469284 0.007806 0.166750
2 1 0.037205 0.269964 0.564413 0.011987 0.116432
2 1 0.023992 0.241386 0.670635 0.006222 0.057766
2 2 0.021246 0.237978 0.669697 0.004473 0.066606
2 2 0.012580 0.176040 0.724348 0.009433 0.077598
2 2 0.014139 0.193507 0.678936 0.010873 0.102545
2 2 0.022597 0.244651 0.589470 0.008326 0.134956
2 2 0.028825 0.253787 0.492671 0.010451 0.214266
2 2 0.023024 0.246716 0.514900 0.007950 0.207410
2 2 0.023511 0.245594 0.525468 0.009503 0.195925
2 2 0.023099 0.237730 0.557072 0.012716 0.169383
2 2 0.023545 0.219876 0.573917 0.018435 0.164226
2 2 0.025111 0.200752 0.571410 0.027406 0.175321
2 2 0.024236 0.160889 0.585448 0.045538 0.183889
2 2 0.022491 0.126150 0.598836 0.079437 0.173085
2 2 0.023834 0.152247 0.590985 0.052309 0.180625
2 2 0.029799 0.198111 0.501417 0.028370 0.242303
2 2 0.030363 0.200421 0.548792 0.026695 0.193729
2 2 0.041045 0.267192 0.454853 0.008824 0.228088
2 2 0.067092 0.315996 0.466473 0.005746 0.144693
2 0 0.096304 0.319645 0.411047 0.006746 0.166258
1 0 0.242380 0.347949 0.198621 0.003939 0.207111
1 0 0.235851 0.373284 0.231645 0.003901 0.155319
1 4 0.135451 0.380717 0.227862 0.001164 0.254805
1 2 0.095676 0.409297 0.290038 0.000779 0.204210
4 0 0.130502 0.314956 0.181250 0.001709 0.371583
4 0 0.320095 0.238025 0.101521 0.007137 0.333221
0 0 0.389575 0.279828 0.154621 0.011057 0.164920
1 1 0.266163 0.358212 0.272433 0.005723 0.097469
1 1 0.359782 0.377219 0.175598 0.002030 0.085371
1 2 0.245691 0.397571 0.166965 0.000754 0.189019
4 2 0.171419 0.316624 0.127693 0.000664 0.383600
4 2 0.114431 0.340611 0.187035 0.000749 0.357174
1 2 0.090974 0.368114 0.247375 0.000773 0.292764
1 2 0.089727 0.407846 0.270250 0.000483 0.231694
1 2 0.087502 0.414555 0.277261 0.000440 0.220241
4 2 0.128713 0.328276 0.186014 0.001265 0.355732
1 2 0.168517 0.357464 0.203668 0.001829 0.268521
1 2 0.125315 0.389638 0.259956 0.001276 0.223816
1 2 0.110259 0.395334 0.249613 0.000746 0.244049
1 2 0.120566 0.392401 0.230667 0.000704 0.255661
1 2 0.159822 0.405742 0.248392 0.001331 0.184713
1 2 0.111797 0.405055 0.294788 0.001191 0.187168
1 2 0.076278 0.394626 0.326075 0.000915 0.202107
2 2 0.050557 0.388798 0.404381 0.000761 0.155502
2 2 0.046400 0.369259 0.404703 0.000917 0.178721
2 2 0.041079 0.360007 0.432406 0.000857 0.165651
1 2 0.064038 0.400145 0.339434 0.000579 0.195804
1 2 0.105905 0.435195 0.293530 0.000559 0.164811
1 2 0.133231 0.423933 0.277308 0.000960 0.164568
2 2 0.146112 0.379569 0.386607 0.002266 0.085447
2 2 0.129593 0.368343 0.412172 0.003065 0.086827
1 2 0.122776 0.388408 0.358516 0.002538 0.127763
2 2 0.106887 0.383131 0.397688 0.002602 0.109692
2 2 0.115019 0.382340 0.408367 0.002629 0.091645
1 2 0.188202 0.437915 0.261775 0.001137 0.110972
2 2 0.012129 0.109052 0.814198 0.026529 0.038091
2 2 0.017909 0.154383 0.754145 0.018698 0.054866
2 2 0.014878 0.106637 0.806608 0.039007 0.032870
2 2 0.018433 0.160118 0.731644 0.018625 0.071180
2 2 0.019779 0.158340 0.680884 0.026962 0.114035
2 2 0.016992 0.151414 0.673298 0.031727 0.126570
2 2 0.015156 0.143264 0.692445 0.028000 0.121134
2 2 0.019448 0.174774 0.657081 0.019918 0.128779
2 2 0.021568 0.185698 0.636211 0.020571 0.135953
2 2 0.019216 0.180353 0.683443 0.014823 0.102164
2 2 0.020064 0.178884 0.712304 0.011336 0.077412
2 2 0.118898 0.309597 0.464059 0.009057 0.098390
2 0 0.202519 0.282431 0.441244 0.016458 0.057349
0 0 0.451838 0.237077 0.161817 0.026199 0.123069
0 0 0.551627 0.226597 0.142155 0.017741 0.061880
0 0 0.616342 0.199116 0.079128 0.015157 0.090256
0 0 0.842863 0.091889 0.019188 0.006548 0.039513
0 0 0.859657 0.075143 0.013524 0.006598 0.045080
0 0 0.862980 0.073529 0.014455 0.009482 0.039554
0 0 0.883584 0.064008 0.012969 0.012081 0.027358
0 0 0.624982 0.122515 0.018863 0.001579 0.232061
0 0 0.496053 0.140840 0.028840 0.003008 0.331259
0 0 0.551025 0.142600 0.033130 0.005780 0.267465
0 0 0.521836 0.147077 0.036895 0.006989 0.287203
0 0 0.681884 0.121241 0.022922 0.004065 0.169888
0 0 0.716609 0.112829 0.019291 0.003120 0.148151
0 0 0.802623 0.093052 0.015542 0.003864 0.084920
0 0 0.781985 0.099943 0.018483 0.005259 0.094330
0 0 0.802835 0.094877 0.022000 0.013645 0.066643
0 0 0.878106 0.064055 0.014473 0.018250 0.025116
0 0 0.918989 0.040865 0.008879 0.022359 0.008907
0 0 0.891253 0.058091 0.012723 0.017612 0.020320
0 0 0.903853 0.056199 0.009778 0.007529 0.022642
0 0 0.909885 0.053990 0.006872 0.002319 0.026934
0 0 0.928439 0.044990 0.004728 0.001277 0.020566
0 0 0.859998 0.073792 0.010519 0.002702 0.052991
0 0 0.648253 0.122587 0.020524 0.002320 0.206317
0 0 0.625386 0.124637 0.020511 0.002026 0.227441
0 0 0.415072 0.141734 0.029780 0.002479 0.410936
0 0 0.460916 0.136155 0.024493 0.001649 0.376787
4 0 0.251836 0.139255 0.039809 0.003675 0.565424
4 0 0.313973 0.139844 0.033069 0.002512 0.510602
4 0 0.268861 0.139047 0.037047 0.003113 0.551932
4 0 0.318123 0.146198 0.039748 0.004289 0.491642
4 0 0.277187 0.150910 0.050024 0.007093 0.514787
4 0 0.246595 0.139673 0.040955 0.003895 0.568882
4 0 0.243938 0.139527 0.041505 0.004068 0.570962
4 0 0.235329 0.139762 0.043456 0.004551 0.576902
4 0 0.249058 0.139357 0.040396 0.003808 0.567381
4 0 0.206779 0.140020 0.050799 0.006705 0.595697
4 4 0.168399 0.138753 0.063409 0.011831 0.617609
4 4 0.172384 0.138991 0.061918 0.011119 0.615587
4 4 0.172835 0.139016 0.061753 0.011042 0.615354
4 4 0.173504 0.139053 0.061508 0.010929 0.615007
4 4 0.148110 0.137057 0.071797 0.016440 0.626597
4 4 0.144990 0.136715 0.073218 0.017331 0.627747
4 4 0.148787 0.137128 0.071493 0.016254 0.626338
4 4 0.175298 0.139147 0.060858 0.010632 0.614064
4 4 0.186811 0.139631 0.056899 0.008939 0.607719
4 0 0.171316 0.138930 0.062313 0.011305 0.616137
4 0 0.180534 0.139393 0.059014 0.009818 0.611240
4 4 0.201335 0.139965 0.052374 0.007241 0.599085
4 4 0.193669 0.139825 0.054702 0.008084 0.603721
4 4 0.188777 0.139693 0.056258 0.008684 0.606589
4 4 0.203186 0.139988 0.051832 0.007053 0.597941
4 4 0.207584 0.140024 0.050571 0.006630 0.595190
4 4 0.191778 0.139778 0.055296 0.008310 0.604838
4 4 0.236005 0.139746 0.043299 0.004511 0.576439
4 4 0.220789 0.140000 0.047015 0.005526 0.586669
4 0 0.196345 0.139883 0.053874 0.007777 0.602121
4 4 0.228018 0.139908 0.045202 0.005014 0.581858
4 0 0.285775 0.138937 0.034865 0.002725 0.537698
4 4 0.254710 0.139143 0.039213 0.003544 0.563391
4 0 0.391698 0.142174 0.030851 0.002551 0.432726
0 0 0.449285 0.148396 0.036354 0.004970 0.360995
0 0 0.674775 0.122128 0.022882 0.003841 0.176375
4 0 0.398372 0.145141 0.033596 0.003326 0.419565
4 0 0.316888 0.151257 0.046588 0.006772 0.478496
0 0 0.506328 0.155471 0.050386 0.017373 0.270441
0 0 0.761738 0.123784 0.028197 0.006409 0.079872
0 0 0.540247 0.157544 0.034986 0.003374 0.263850
0 0 0.410228 0.196377 0.061418 0.005294 0.326683
4 0 0.329514 0.241648 0.088860 0.003672 0.336305
4 1 0.276023 0.247654 0.084405 0.001715 0.390204
4 1 0.167629 0.217492 0.075192 0.000867 0.538819
4 1 0.133471 0.225425 0.095937 0.001122 0.544045
4 1 0.143986 0.209318 0.087391 0.001569 0.557736
4 1 0.149492 0.221794 0.085271 0.000992 0.542451
4 1 0.137136 0.221852 0.093074 0.001184 0.546754
4 2 0.126604 0.219580 0.100415 0.001472 0.551929
4 2 0.088490 0.213371 0.137619 0.002975 0.557544
4 2 0.079149 0.237248 0.170993 0.002722 0.509888
4 2 0.082896 0.212838 0.145202 0.003243 0.555821
4 2 0.090672 0.226284 0.141710 0.002351 0.538983
4 2 0.081176 0.223198 0.153630 0.002785 0.539211
4 2 0.067427 0.262407 0.214532 0.002313 0.453321
4 2 0.084056 0.275375 0.193411 0.001869 0.445289
4 2 0.089648 0.299778 0.205973 0.001583 0.403018
4 2 0.084104 0.299442 0.227663 0.002135 0.386655
1 2 0.073876 0.347224 0.303782 0.001731 0.273387
0 0 0.866898 0.080011 0.013528 0.003510 0.036053
0 0 0.904373 0.056382 0.007246 0.002320 0.029679
0 0 0.925114 0.046236 0.004603 0.001011 0.023036
0 0 0.805029 0.088677 0.011739 0.001623 0.092932
0 1 0.624723 0.124199 0.020122 0.001907 0.229049
0 1 0.529902 0.155675 0.022042 0.000445 0.291937
4 1 0.281373 0.268124 0.056603 0.000178 0.393721
4 1 0.171794 0.270066 0.102563 0.000813 0.454765
4 1 0.109132 0.262686 0.160228 0.002363 0.465592
4 1 0.112007 0.217194 0.128628 0.003784 0.538388
4 1 0.066479 0.186161 0.179807 0.013272 0.554282
4 4 0.059401 0.167356 0.173794 0.018010 0.581439
4 4 0.062046 0.161524 0.165539 0.021212 0.589679
4 2 0.062595 0.160126 0.163764 0.022075 0.591440
4 4 0.083903 0.170457 0.133640 0.012279 0.599720
4 0 0.067837 0.238274 0.217326 0.005310 0.471254
4 1 0.116027 0.226202 0.130187 0.003210 0.524373
4 1 0.276577 0.273664 0.110342 0.002863 0.336555
1 1 0.202395 0.319089 0.197817 0.005402 0.275298
1 2 0.133051 0.400023 0.338686 0.002872 0.125369
4 2 0.039138 0.193405 0.275017 0.013135 0.479305
2 2 0.028451 0.175042 0.437484 0.019144 0.339878
2 2 0.025432 0.161110 0.494805 0.024036 0.294618
2 2 0.027606 0.156357 0.463774 0.027786 0.324477
2 2 0.028905 0.141927 0.431727 0.033492 0.363949
2 2 0.027807 0.129258 0.446773 0.042055 0.354106
2 2 0.028431 0.131459 0.437702 0.040716 0.361691
4 2 0.034609 0.138101 0.366632 0.043182 0.417475
4 2 0.033066 0.142296 0.376951 0.036241 0.411446
4 2 0.032138 0.165312 0.366546 0.020214 0.415791
4 2 0.033932 0.184820 0.333100 0.014295 0.433854
2 2 0.022757 0.178305 0.488732 0.012010 0.298198
2 2 0.024696 0.144079 0.481122 0.025856 0.324247
2 2 0.028401 0.144506 0.421975 0.027763 0.377356
4 2 0.032959 0.148538 0.369631 0.030082 0.418790
4 2 0.033692 0.157741 0.348472 0.023586 0.436509
2 2 0.028170 0.154664 0.416827 0.021693 0.378647
2 2 0.027705 0.152507 0.445849 0.026236 0.347703
2 2 0.019312 0.153630 0.584793 0.019870 0.222395
2 2 0.017162 0.159233 0.636540 0.018949 0.168116
2 2 0.006493 0.096745 0.831230 0.021310 0.044221
2 2 0.010807 0.133830 0.754602 0.019948 0.080813
2 2 0.021339 0.182301 0.582639 0.019477 0.194243
2 2 0.032508 0.219677 0.384960 0.012098 0.350757
2 2 0.033651 0.202865 0.376228 0.015407 0.371849
4 2 0.049567 0.177857 0.228374 0.024594 0.519608
4 2 0.042370 0.199126 0.278059 0.016581 0.463864
4 2 0.031845 0.164794 0.383840 0.022465 0.397056
2 2 0.021020 0.147928 0.561747 0.024733 0.244572
2 2 0.027121 0.146672 0.481650 0.035351 0.309206
2 2 0.027714 0.156325 0.477896 0.031499 0.306566
4 2 0.035427 0.149921 0.362182 0.036212 0.416257
4 2 0.038234 0.135013 0.334996 0.052162 0.439595
2 2 0.031388 0.136774 0.414148 0.044446 0.373243
4 2 0.037666 0.154958 0.315425 0.028518 0.463432
4 2 0.035389 0.170924 0.331748 0.020031 0.441908
4 2 0.040206 0.168483 0.268852 0.019517 0.502942
4 2 0.034560 0.149511 0.352535 0.030824 0.432570
4 2 0.034925 0.139234 0.362265 0.042178 0.421398
4 2 0.034603 0.152787 0.356815 0.030200 0.425594
2 2 0.009825 0.070921 0.743957 0.107999 0.067297
2 2 0.013210 0.091157 0.711577 0.086759 0.097298
2 2 0.011167 0.081951 0.737992 0.088783 0.080107
2 2 0.011173 0.068157 0.705999 0.126538 0.088132
2 2 0.013444 0.095652 0.705746 0.059943 0.125215
2 2 0.010510 0.079074 0.745543 0.062787 0.102086
2 2 0.010481 0.084949 0.751053 0.051027 0.102490
2 2 0.008873 0.067389 0.766233 0.075344 0.082161
2 2 0.014054 0.087171 0.686687 0.086050 0.126039
2 2 0.017270 0.091449 0.634895 0.114099 0.142287
2 2 0.014285 0.070811 0.637341 0.164637 0.112926
2 2 0.020429 0.076087 0.528604 0.203491 0.171388
2 2 0.028075 0.084391 0.430491 0.188404 0.268640
2 2 0.025938 0.076074 0.433764 0.211718 0.252506
2 1 0.032464 0.095650 0.394932 0.147297 0.329657
4 1 0.040050 0.133148 0.332666 0.064116 0.430019
2 0 0.031858 0.185084 0.440419 0.025900 0.316739
2 0 0.050610 0.190972 0.413535 0.023833 0.321050
4 0 0.200535 0.221271 0.206311 0.027518 0.344365
0 0 0.529902 0.209818 0.077780 0.011160 0.171341
4 0 0.302487 0.136409 0.030680 0.001977 0.528448
4 0 0.413901 0.140364 0.028554 0.002189 0.414991
0 1 0.432726 0.164578 0.033691 0.001505 0.367500
0 0 0.403946 0.155229 0.034916 0.002448 0.403461
0 0 0.573771 0.135757 0.027078 0.003521 0.259872
0 0 0.616041 0.137650 0.034073 0.009060 0.203176
0 0 0.657926 0.130640 0.031344 0.009228 0.170861
0 0 0.724678 0.116719 0.026755 0.009706 0.122143
0 0 0.657559 0.129092 0.028738 0.006946 0.177664
0 0 0.785177 0.095701 0.014307 0.002382 0.102433
0 1 0.539687 0.135950 0.025578 0.002539 0.296247
0 2 0.585874 0.121156 0.016314 0.000851 0.275805
4 2 0.352420 0.206091 0.048639 0.000975 0.391876
4 2 0.243479 0.196648 0.046977 0.000538 0.512358
4 2 0.220178 0.192863 0.053142 0.000864 0.532953
4 2 0.191362 0.197157 0.063229 0.001152 0.547100
4 2 0.153104 0.213008 0.082405 0.001228 0.550255
4 2 0.100860 0.266631 0.153884 0.001361 0.477263
4 2 0.117232 0.249065 0.123498 0.001229 0.508976
4 2 0.098584 0.285217 0.168366 0.001167 0.446667
4 2 0.090078 0.271233 0.176452 0.001657 0.460580
4 2 0.110121 0.264194 0.146276 0.001484 0.477924
4 2 0.120030 0.281203 0.148812 0.001284 0.448670
4 2 0.198471 0.289191 0.133868 0.002066 0.376403
4 2 0.264883 0.226483 0.077035 0.002069 0.429530
4 1 0.232998 0.219630 0.080359 0.002377 0.464636
4 1 0.116803 0.236681 0.128214 0.002173 0.516128
4 1 0.081359 0.307832 0.242390 0.002097 0.366321
4 1 0.069105 0.232944 0.200732 0.004551 0.492668
4 1 0.082996 0.180389 0.137886 0.008992 0.589737
4 1 0.080663 0.160914 0.134548 0.017477 0.606398
4 1 0.081565 0.163047 0.134149 0.016116 0.605123
4 1 0.078827 0.146851 0.130752 0.028316 0.615255
4 1 0.061797 0.137341 0.151588 0.046275 0.602999
4 1 0.057441 0.146884 0.166801 0.035720 0.593154
4 1 0.053761 0.154904 0.180222 0.028544 0.582569
4 2 0.048438 0.164867 0.204155 0.021648 0.560893
4 2 0.039325 0.170014 0.274126 0.018443 0.498092
2 2 0.031868 0.152722 0.394495 0.029824 0.391091
2 2 0.025977 0.160724 0.480143 0.023383 0.309773
4 1 0.043925 0.177695 0.222382 0.015132 0.540865
4 1 0.038989 0.200757 0.278136 0.012126 0.469992
4 2 0.043380 0.182873 0.234449 0.015099 0.524199
4 2 0.043294 0.183706 0.248946 0.016959 0.507095
2 2 0.028900 0.188298 0.445057 0.017972 0.319773
2 2 0.024828 0.211259 0.489323 0.011294 0.263296
2 2 0.027152 0.214130 0.441645 0.010434 0.306640
2 2 0.027119 0.181011 0.428876 0.013935 0.349060
2 2 0.019345 0.162086 0.551318 0.013442 0.253809
2 2 0.021070 0.177368 0.517942 0.011498 0.272122
2 2 0.026197 0.193687 0.451022 0.012364 0.316731
2 2 0.026745 0.188010 0.451315 0.014299 0.319630
2 2 0.021555 0.195493 0.527863 0.010884 0.244204
2 2 0.017176 0.169886 0.605354 0.012315 0.195269
2 2 0.021347 0.185673 0.540032 0.012939 0.240009
2 2 0.021790 0.186883 0.548200 0.014713 0.228414
2 2 0.021662 0.195543 0.555934 0.014002 0.212859
2 2 0.023017 0.196779 0.545523 0.015803 0.218878
2 2 0.024574 0.180306 0.536521 0.022620 0.235979
2 2 0.033148 0.188498 0.395306 0.020191 0.362856
4 2 0.043571 0.185331 0.240876 0.015738 0.514484
4 1 0.037643 0.214078 0.320717 0.013036 0.414526
4 2 0.033859 0.192874 0.366450 0.016511 0.390306
2 2 0.025824 0.168661 0.463171 0.017873 0.324471
2 2 0.029514 0.187601 0.395938 0.013538 0.373409
4 2 0.034862 0.176119 0.327841 0.017053 0.444125
4 2 0.038236 0.166727 0.290103 0.020113 0.484821
4 2 0.037578 0.158409 0.310315 0.025564 0.468135
4 2 0.036788 0.147812 0.333608 0.034464 0.447329
4 2 0.033016 0.137825 0.382798 0.041246 0.405116
4 2 0.033740 0.139690 0.373409 0.040052 0.413108
4 2 0.040821 0.155428 0.285495 0.029510 0.488746
4 2 0.041280 0.179760 0.237556 0.013655 0.527749
4 2 0.034235 0.169298 0.323633 0.017120 0.455714
2 2 0.027615 0.156199 0.427979 0.021349 0.366858
2 2 0.025191 0.143959 0.473604 0.026378 0.330869
2 2 0.027536 0.152632 0.423200 0.021662 0.374971
2 2 0.026412 0.155398 0.445841 0.020973 0.351376
2 2 0.024059 0.157369 0.485459 0.019353 0.313759
2 2 0.022721 0.147474 0.512368 0.022597 0.294841
4 1 0.047073 0.169601 0.206474 0.018589 0.558263
4 2 0.046652 0.176610 0.222336 0.019007 0.535395
4 2 0.043659 0.180921 0.229901 0.015204 0.530314
4 1 0.033021 0.168980 0.355378 0.019337 0.423285
4 2 0.031428 0.168658 0.352570 0.015956 0.431388
2 2 0.022197 0.170283 0.500236 0.013331 0.293953
2 2 0.020576 0.136273 0.544627 0.024482 0.274043
2 2 0.010143 0.134998 0.723071 0.009325 0.122462
2 2 0.014681 0.148508 0.670528 0.017158 0.149125
2 0 0.057243 0.268919 0.521137 0.006629 0.146071
0 0 0.316027 0.274635 0.305418 0.020739 0.083181
0 0 0.592976 0.213040 0.153668 0.012638 0.027677
0 0 0.725900 0.163874 0.071620 0.009182 0.029423
0 0 0.870421 0.084650 0.022731 0.008360 0.013837
0 1 0.830529 0.092657 0.021705 0.011473 0.043635
0 4 0.806197 0.102800 0.024628 0.011035 0.055339
0 4 0.603740 0.191341 0.049115 0.003940 0.151864
4 4 0.256292 0.156905 0.040852 0.001763 0.544187
4 4 0.196583 0.143931 0.054532 0.006670 0.598284
4 4 0.178572 0.139306 0.059696 0.010114 0.612311
4 0 0.146152 0.136845 0.072684 0.016992 0.627326
4 4 0.151766 0.137428 0.070178 0.015466 0.625162
4 4 0.156964 0.137903 0.067962 0.014200 0.622972
4 4 0.158509 0.138033 0.067321 0.013848 0.622288
4 4 0.168878 0.138783 0.063227 0.011742 0.617370
4 4 0.180158 0.139377 0.059144 0.009874 0.611447
4 4 0.192917 0.139807 0.054937 0.008173 0.604166
4 4 0.215852 0.140032 0.048306 0.005912 0.589898
4 4 0.198606 0.139924 0.053188 0.007529 0.600754
4 4 0.237235 0.139716 0.043015 0.004438 0.575596
4 4 0.226201 0.139936 0.045649 0.005137 0.583076
4 4 0.202060 0.139975 0.052161 0.007167 0.598638
4 4 0.232026 0.139835 0.044234 0.004754 0.579152
4 4 0.234812 0.139774 0.043577 0.004582 0.577255
4 4 0.226516 0.139932 0.045571 0.005116 0.582865
4 4 0.186139 0.139608 0.057121 0.009029 0.608103
4 4 0.159563 0.138119 0.066889 0.013614 0.621815
4 4 0.170811 0.138900 0.062501 0.011394 0.616394
4 4 0.151559 0.137407 0.070269 0.015520 0.625246
4 4 0.137117 0.135741 0.076981 0.019855 0.630306
4 4 0.127747 0.134352 0.081812 0.023478 0.632611
4 4 0.133764 0.135274 0.078664 0.021067 0.631231
4 4 0.182815 0.139487 0.058234 0.009488 0.609977
4 4 0.178002 0.139280 0.059896 0.010202 0.612620
4 4 0.133474 0.135232 0.078812 0.021176 0.631306
4 4 0.148835 0.137133 0.071472 0.016241 0.626320
4 4 0.164462 0.138489 0.064928 0.012588 0.619533
4 4 0.189284 0.139709 0.056094 0.008619 0.606295
4 4 0.206828 0.140020 0.050785 0.006700 0.595667
4 4 0.189394 0.139712 0.056058 0.008605 0.606231
4 4 0.219783 0.140009 0.047275 0.005602 0.587331
4 4 0.190625 0.139747 0.055663 0.008451 0.605514
4 4 0.217452 0.140025 0.047883 0.005783 0.588856
4 4 0.205208 0.140008 0.051247 0.006855 0.596682
4 4 0.205640 0.140011 0.051124 0.006813 0.596412
4 4 0.224954 0.139954 0.045960 0.005224 0.583909
4 4 0.243734 0.139534 0.041551 0.004078 0.571104
4 4 0.242633 0.139567 0.041794 0.004137 0.571869
4 4 0.229237 0.139887 0.044905 0.004933 0.581038
4 4 0.167302 0.138682 0.063827 0.012036 0.618153
4 4 0.164135 0.138466 0.065057 0.012654 0.619689
4 4 0.190047 0.139731 0.055848 0.008523 0.605851
4 4 0.212650 0.140038 0.049168 0.006178 0.591966
4 0 0.185651 0.139592 0.057282 0.009095 0.608381
4 4 0.210761 0.140037 0.049685 0.006342 0.593175
4 4 0.196422 0.139884 0.053851 0.007769 0.602075
4 4 0.188215 0.139676 0.056440 0.008756 0.606913
4 4 0.169479 0.138820 0.063000 0.011633 0.617068
4 4 0.176173 0.139192 0.060545 0.010490 0.613600
4 4 0.140384 0.136165 0.075388 0.018756 0.629306
4 4 0.152037 0.137454 0.070060 0.015397 0.625052
4 4 0.133011 0.135165 0.079049 0.021351 0.631424
4 4 0.118455 0.132689 0.087021 0.027911 0.633925
4 4 0.111213 0.131164 0.091396 0.032103 0.634124
4 4 0.101029 0.128620 0.098057 0.039416 0.632878
4 4 0.133485 0.135234 0.078806 0.021171 0.631303
4 4 0.140995 0.136241 0.075095 0.018559 0.629109
4 4 0.180600 0.139396 0.058991 0.009809 0.611205
4 4 0.152717 0.137519 0.069765 0.015225 0.624774
4 4 0.141021 0.136245 0.075083 0.018551 0.629101
4 4 0.175829 0.139174 0.060668 0.010546 0.613783
4 4 0.173346 0.139044 0.061566 0.010955 0.615089
4 4 0.186693 0.139627 0.056938 0.008955 0.607787
4 4 0.181723 0.139443 0.058605 0.009644 0.610584
4 4 0.213695 0.140038 0.048885 0.006090 0.591293
4 4 0.177446 0.139254 0.060092 0.010289 0.612919
4 4 0.164837 0.138515 0.064781 0.012514 0.619353
4 4 0.164912 0.138521 0.064752 0.012499 0.619317
4 4 0.182915 0.139491 0.058200 0.009473 0.609922
4 4 0.175306 0.139148 0.060856 0.010630 0.614060
4 4 0.164459 0.138489 0.064929 0.012589 0.619534
4 4 0.214947 0.140035 0.048548 0.005986 0.590485
4 4 0.208161 0.140028 0.050409 0.006576 0.594826
4 4 0.206479 0.140017 0.050884 0.006733 0.595886
4 4 0.198190 0.139917 0.053313 0.007574 0.601006
4 4 0.182282 0.139466 0.058415 0.009564 0.610274
