4 0 0.071496 0.212398 0.083663 0.003064 0.629380
4 0 0.034092 0.151200 0.045079 0.001259 0.768371
4 0 0.027298 0.229694 0.213794 0.003067 0.526147
2 1 0.010824 0.157929 0.645209 0.008938 0.177099
2 1 0.007186 0.117498 0.718377 0.014479 0.142459
2 1 0.009187 0.144582 0.647470 0.010570 0.188191
2 1 0.014111 0.187039 0.562218 0.007110 0.229521
2 1 0.014395 0.202579 0.506371 0.005241 0.271415
2 1 0.018312 0.229016 0.418876 0.003985 0.329812
2 1 0.018147 0.221348 0.400421 0.004463 0.355622
2 1 0.015932 0.203004 0.434647 0.005776 0.340641
2 1 0.015653 0.192306 0.478559 0.007508 0.305974
2 1 0.017695 0.179651 0.472630 0.012137 0.317887
4 1 0.027485 0.189949 0.377602 0.015431 0.389532
4 4 0.029248 0.144463 0.151547 0.013292 0.661449
4 4 0.031022 0.151965 0.172465 0.014876 0.629671
4 4 0.016328 0.086097 0.062218 0.007823 0.827534
4 4 0.026615 0.097309 0.067798 0.008927 0.799351
4 4 0.045369 0.125616 0.069269 0.006475 0.753271
4 4 0.056349 0.187232 0.104800 0.005966 0.645653
2 1 0.026906 0.260043 0.369796 0.003527 0.339727
2 1 0.014971 0.204110 0.434668 0.005134 0.341116
2 1 0.012001 0.195869 0.484241 0.004657 0.303232
2 1 0.012265 0.202232 0.502372 0.004162 0.278970
2 1 0.007757 0.150091 0.615248 0.007526 0.219378
2 1 0.010202 0.163456 0.594786 0.007903 0.223653
2 1 0.009831 0.150746 0.655797 0.009360 0.174267
2 1 0.013218 0.158766 0.606092 0.012817 0.209108
2 1 0.014225 0.152251 0.654209 0.014971 0.164344
2 1 0.022445 0.177932 0.601095 0.015814 0.182714
2 1 0.025470 0.185280 0.563755 0.018057 0.207437
4 1 0.033101 0.182387 0.366694 0.023167 0.394651
2 2 0.024079 0.142991 0.453358 0.078502 0.301071
2 2 0.006381 0.064496 0.479829 0.324391 0.124903
3 2 0.002329 0.034468 0.438297 0.490601 0.034304
3 2 0.001600 0.023597 0.349678 0.608630 0.016494
3 2 0.001462 0.011891 0.191431 0.787208 0.008009
3 2 0.001907 0.010099 0.153909 0.825514 0.008572
3 2 0.002945 0.009912 0.129422 0.842608 0.015113
3 3 0.005754 0.011087 0.127660 0.838582 0.016916
3 3 0.005431 0.004816 0.061742 0.914733 0.013279
3 3 0.005363 0.005070 0.063991 0.911108 0.014468
3 3 0.004589 0.004531 0.060442 0.917978 0.012459
3 3 0.004520 0.004760 0.062333 0.914551 0.013834
3 3 0.007315 0.005453 0.065527 0.907371 0.014334
3 3 0.004781 0.004037 0.055925 0.925251 0.010005
3 3 0.002656 0.002321 0.036874 0.949325 0.008824
3 3 0.001763 0.001774 0.029858 0.956921 0.009683
3 3 0.001787 0.001510 0.025571 0.961545 0.009587
3 3 0.002579 0.002426 0.036082 0.945787 0.013127
3 3 0.003967 0.002848 0.040937 0.941724 0.010524
3 3 0.003130 0.002265 0.035815 0.950888 0.007901
3 3 0.004203 0.003196 0.045530 0.937069 0.010003
3 3 0.003327 0.002920 0.041190 0.938983 0.013580
3 3 0.002868 0.003395 0.045268 0.928040 0.020429
3 3 0.001721 0.002191 0.034509 0.947829 0.013750
3 3 0.001518 0.001890 0.030228 0.951805 0.014560
3 3 0.002120 0.002532 0.036264 0.940035 0.019049
3 3 0.002521 0.002591 0.037305 0.941735 0.015848
3 3 0.001740 0.001978 0.031701 0.951964 0.012617
3 3 0.001298 0.001837 0.030963 0.953508 0.012394
3 3 0.001072 0.001295 0.023049 0.962937 0.011647
3 3 0.001030 0.001373 0.024567 0.961504 0.011526
3 3 0.001117 0.001573 0.027345 0.957680 0.012285
3 3 0.001427 0.001799 0.028631 0.952196 0.015946
3 3 0.001120 0.001454 0.025408 0.959920 0.012098
3 3 0.001097 0.001520 0.026780 0.958983 0.011620
3 3 0.001260 0.001498 0.025956 0.959887 0.011399
3 3 0.000888 0.001092 0.022272 0.969270 0.006478
3 3 0.000887 0.000966 0.019383 0.971414 0.007350
3 3 0.000774 0.000916 0.018626 0.971953 0.007731
3 3 0.000851 0.000959 0.018423 0.969948 0.009818
3 3 0.000701 0.000873 0.017620 0.971929 0.008878
3 3 0.000536 0.000687 0.015811 0.977443 0.005523
3 3 0.001028 0.001093 0.021243 0.969098 0.007538
3 3 0.000913 0.001032 0.021014 0.970588 0.006453
3 3 0.001185 0.001195 0.021884 0.966499 0.009236
3 3 0.001104 0.001238 0.022945 0.965649 0.009064
3 3 0.001101 0.001467 0.026613 0.960943 0.009876
3 3 0.001339 0.001659 0.028417 0.957305 0.011279
3 3 0.000972 0.001762 0.032232 0.954988 0.010046
3 3 0.001586 0.001975 0.032378 0.952029 0.012031
3 3 0.001695 0.001888 0.031092 0.954142 0.011183
3 3 0.001092 0.001663 0.030090 0.957359 0.009796
3 3 0.000934 0.001811 0.033886 0.954320 0.009049
3 3 0.001110 0.001997 0.034073 0.949854 0.012965
3 3 0.001548 0.002667 0.040062 0.936984 0.018739
3 3 0.001624 0.002872 0.042284 0.933462 0.019758
3 3 0.001930 0.003132 0.043658 0.928543 0.022738
3 3 0.003439 0.003516 0.044166 0.924551 0.024328
3 3 0.004066 0.003181 0.039769 0.930689 0.022294
3 3 0.002993 0.003280 0.046377 0.933134 0.014216
3 3 0.002926 0.004168 0.060578 0.920859 0.011470
3 3 0.002525 0.003640 0.055154 0.928011 0.010671
3 3 0.004075 0.005745 0.073813 0.900528 0.015839
3 3 0.004295 0.006749 0.082827 0.887507 0.018621
3 3 0.009173 0.012434 0.123208 0.829381 0.025804
3 3 0.007528 0.011250 0.125866 0.839580 0.015777
3 3 0.005402 0.009079 0.109732 0.861017 0.014770
3 3 0.003290 0.005729 0.084292 0.898081 0.008608
3 3 0.003523 0.004760 0.061426 0.911637 0.018654
3 3 0.003406 0.003723 0.049673 0.926089 0.017109
3 3 0.001565 0.002131 0.035995 0.950295 0.010014
3 3 0.001175 0.001655 0.031319 0.958772 0.007079
3 3 0.001361 0.001652 0.031057 0.959439 0.006490
3 3 0.001192 0.001452 0.028425 0.962991 0.005941
3 3 0.000872 0.001082 0.023362 0.969954 0.004730
3 3 0.001097 0.001409 0.028038 0.963618 0.005837
3 3 0.000771 0.001114 0.023364 0.968552 0.006200
3 3 0.001458 0.001808 0.030692 0.955226 0.010816
3 3 0.001225 0.001643 0.029319 0.958158 0.009654
3 3 0.002613 0.003131 0.044223 0.933745 0.016288
3 3 0.002930 0.003203 0.045598 0.934266 0.014003
3 3 0.002717 0.002753 0.041572 0.941866 0.011092
3 3 0.003273 0.003274 0.046735 0.934274 0.012444
3 3 0.002995 0.002941 0.041650 0.937902 0.014512
3 3 0.002514 0.002340 0.035489 0.947571 0.012086
3 3 0.001627 0.001581 0.028019 0.960871 0.007902
3 3 0.003081 0.002332 0.034693 0.948551 0.011343
3 3 0.003846 0.002847 0.040677 0.941431 0.011199
3 3 0.004830 0.005066 0.061733 0.908964 0.019407
3 3 0.001846 0.002403 0.037513 0.944950 0.013287
3 3 0.001564 0.002122 0.033459 0.947907 0.014948
3 3 0.002040 0.001954 0.029064 0.950006 0.016935
3 3 0.000821 0.000944 0.018889 0.971303 0.008042
3 3 0.000646 0.000934 0.020625 0.972195 0.005600
3 3 0.000745 0.001176 0.024041 0.966711 0.007328
3 3 0.001697 0.001835 0.030509 0.955316 0.010642
3 3 0.001688 0.001889 0.029781 0.952229 0.014414
3 3 0.001129 0.001526 0.026265 0.958115 0.012966
3 3 0.001664 0.001934 0.029796 0.950037 0.016569
3 3 0.001407 0.001602 0.026251 0.956680 0.014060
3 3 0.001366 0.001648 0.027987 0.957328 0.011672
3 3 0.001264 0.001379 0.024471 0.962783 0.010104
3 3 0.001016 0.001085 0.020560 0.968521 0.008818
3 3 0.001272 0.001088 0.019888 0.968813 0.008938
3 3 0.000943 0.000833 0.017012 0.974739 0.006473
3 3 0.000769 0.000708 0.015299 0.977419 0.005805
3 3 0.000789 0.000709 0.014671 0.976549 0.007283
3 3 0.000730 0.000710 0.014316 0.975210 0.009034
3 3 0.002054 0.002463 0.035167 0.940245 0.020071
3 3 0.001748 0.001886 0.028759 0.950649 0.016957
3 3 0.001929 0.001677 0.025845 0.955452 0.015096
3 3 0.001493 0.001462 0.024397 0.960346 0.012302
3 3 0.001913 0.001978 0.030591 0.951218 0.014300
3 3 0.001541 0.002122 0.034172 0.948744 0.013421
3 3 0.002596 0.003479 0.047173 0.926674 0.020078
3 3 0.002012 0.002920 0.042571 0.935167 0.017330
3 3 0.001309 0.002739 0.044750 0.937971 0.013231
3 3 0.001144 0.002245 0.037949 0.945742 0.012920
3 3 0.000963 0.001930 0.034239 0.951069 0.011798
3 3 0.000807 0.001584 0.028919 0.956464 0.012226
3 3 0.000843 0.001546 0.028514 0.957924 0.011174
3 3 0.002627 0.002705 0.039493 0.941224 0.013951
3 3 0.005265 0.004233 0.054116 0.921924 0.014462
3 3 0.007183 0.006479 0.088038 0.891679 0.006621
3 3 0.008676 0.011969 0.181960 0.791989 0.005406
3 3 0.016272 0.012921 0.145464 0.816950 0.008394
3 2 0.063697 0.047316 0.255772 0.588877 0.044338
3 1 0.092442 0.080622 0.303010 0.417081 0.106845
2 1 0.023240 0.137783 0.716792 0.092742 0.029443
2 1 0.019336 0.089794 0.608333 0.251891 0.030647
2 1 0.020286 0.080305 0.510880 0.343756 0.044773
2 2 0.010343 0.062767 0.480777 0.397858 0.048255
2 2 0.004307 0.048325 0.624852 0.301395 0.021121
2 2 0.003747 0.046977 0.660890 0.268999 0.019388
2 2 0.013226 0.084788 0.626933 0.229425 0.045628
2 2 0.013905 0.079589 0.551374 0.299883 0.055249
2 2 0.008183 0.061935 0.445064 0.406663 0.078155
3 2 0.004758 0.048567 0.386389 0.469812 0.090473
2 2 0.004810 0.053776 0.438031 0.397912 0.105472
2 2 0.008664 0.082000 0.520871 0.196281 0.192183
2 2 0.016680 0.105162 0.515132 0.149164 0.213862
2 2 0.035125 0.160903 0.488996 0.057085 0.257891
2 2 0.050712 0.207728 0.505067 0.048463 0.188030
2 2 0.041888 0.213638 0.606517 0.036182 0.101775
2 2 0.049175 0.270716 0.609469 0.011566 0.059074
2 2 0.090137 0.372805 0.429722 0.004906 0.102430
2 2 0.078160 0.319549 0.499677 0.007105 0.095510
2 2 0.086883 0.322781 0.476166 0.008427 0.105743
1 2 0.209151 0.445656 0.237704 0.000803 0.106686
1 2 0.235076 0.483891 0.165803 0.000353 0.114877
1 2 0.291497 0.429087 0.182658 0.000473 0.096286
1 2 0.242373 0.411693 0.257162 0.000944 0.087828
1 2 0.150759 0.454955 0.304622 0.000789 0.088875
2 1 0.080664 0.384024 0.472640 0.001927 0.060745
2 1 0.046411 0.317504 0.578602 0.003176 0.054307
2 1 0.034565 0.241633 0.673596 0.007462 0.042744
2 1 0.045766 0.255811 0.632723 0.006470 0.059230
2 1 0.047668 0.234134 0.644215 0.009873 0.064109
2 1 0.042214 0.273013 0.627660 0.003908 0.053204
2 1 0.029484 0.236708 0.692382 0.004353 0.037074
2 1 0.032209 0.228262 0.691552 0.007108 0.040870
2 1 0.051145 0.305511 0.577362 0.003980 0.062001
2 1 0.046745 0.260986 0.629642 0.009172 0.053455
2 2 0.044862 0.231441 0.654043 0.021319 0.048336
2 2 0.034326 0.182961 0.682040 0.058286 0.042386
2 2 0.040683 0.156819 0.653627 0.106591 0.042280
2 2 0.016422 0.090189 0.672226 0.199119 0.022044
2 2 0.015449 0.100508 0.725351 0.138515 0.020178
2 2 0.008251 0.062108 0.555598 0.337102 0.036941
2 2 0.004934 0.046532 0.472778 0.442094 0.033662
3 2 0.004753 0.045732 0.448619 0.461781 0.039115
3 2 0.004865 0.047193 0.444990 0.456856 0.046095
3 2 0.007011 0.054901 0.410907 0.458066 0.069114
2 2 0.009854 0.064441 0.486927 0.388633 0.050145
2 2 0.011872 0.056142 0.460184 0.433462 0.038340
2 2 0.013121 0.052280 0.512157 0.401947 0.020495
2 2 0.034348 0.087491 0.543341 0.302349 0.032470
2 2 0.029511 0.087663 0.543970 0.306815 0.032042
2 2 0.036421 0.103503 0.514989 0.299028 0.046059
3 2 0.011059 0.048570 0.347804 0.545485 0.047082
3 2 0.005623 0.044179 0.359424 0.543694 0.047080
3 2 0.002131 0.015856 0.196599 0.764997 0.020417
3 2 0.003715 0.019008 0.205935 0.746089 0.025252
3 3 0.002453 0.012763 0.161360 0.804818 0.018606
3 3 0.003469 0.014768 0.169157 0.789762 0.022844
3 3 0.013098 0.025941 0.206079 0.711344 0.043537
3 3 0.044119 0.054585 0.365557 0.497673 0.038066
2 2 0.075207 0.075703 0.498739 0.319412 0.030939
2 2 0.064457 0.264988 0.602737 0.015158 0.052660
2 0 0.124799 0.316796 0.451330 0.016906 0.090168
2 0 0.088675 0.331390 0.464813 0.012992 0.102130
2 0 0.080233 0.261998 0.521784 0.037402 0.098582
2 1 0.069799 0.242158 0.503544 0.041741 0.142758
2 1 0.073097 0.262317 0.468476 0.032554 0.163556
1 1 0.147722 0.336273 0.294962 0.010419 0.210624
1 1 0.192013 0.360121 0.276513 0.007624 0.163729
1 0 0.268819 0.366027 0.227142 0.003916 0.134096
2 0 0.127428 0.386719 0.387226 0.004401 0.094226
2 0 0.061108 0.328968 0.544163 0.006289 0.059471
2 1 0.058675 0.316505 0.548922 0.009598 0.066299
2 1 0.051017 0.275616 0.598715 0.015058 0.059594
2 1 0.032506 0.177433 0.707756 0.040270 0.042034
2 1 0.014034 0.103909 0.783927 0.079348 0.018782
2 2 0.025329 0.151244 0.731773 0.059015 0.032639
2 2 0.048320 0.213477 0.637734 0.039258 0.061212
2 2 0.041291 0.189836 0.651321 0.048334 0.069218
2 2 0.035893 0.164042 0.671155 0.082499 0.046410
2 2 0.029223 0.114812 0.655080 0.171769 0.029116
2 2 0.026540 0.120394 0.552075 0.240151 0.060841
2 2 0.017647 0.092748 0.497277 0.326348 0.065981
3 2 0.009519 0.054958 0.446796 0.456261 0.032466
3 2 0.007799 0.039544 0.418106 0.519394 0.015157
2 2 0.011089 0.049658 0.468898 0.453212 0.017143
2 2 0.006546 0.041656 0.513029 0.429553 0.009216
3 2 0.007191 0.040321 0.468583 0.473149 0.010756
3 2 0.008320 0.041969 0.419134 0.514523 0.016054
3 2 0.015868 0.057758 0.432771 0.466405 0.027197
3 2 0.017121 0.052705 0.347201 0.540027 0.042945
3 2 0.009326 0.033914 0.298103 0.634762 0.023895
3 2 0.014880 0.044743 0.328091 0.580743 0.031543
2 2 0.054969 0.107139 0.455021 0.325179 0.057692
2 2 0.135544 0.190241 0.460031 0.128282 0.085901
2 2 0.205642 0.264283 0.364637 0.042144 0.123293
2 2 0.242000 0.256849 0.361581 0.033000 0.106570
2 2 0.138834 0.249290 0.493583 0.042343 0.075949
2 2 0.207700 0.276617 0.400205 0.029673 0.085805
2 2 0.147734 0.298876 0.421090 0.031496 0.100805
2 2 0.148256 0.303959 0.368831 0.037938 0.141016
2 2 0.010028 0.061397 0.560400 0.345682 0.022493
2 2 0.007405 0.052436 0.615043 0.313239 0.011878
2 2 0.003972 0.039010 0.609187 0.340149 0.007681
3 2 0.002214 0.026412 0.463749 0.500117 0.007508
3 2 0.002981 0.029855 0.437268 0.518402 0.011493
3 2 0.003053 0.029494 0.363679 0.584682 0.019093
3 2 0.004151 0.034601 0.364103 0.571030 0.026115
3 2 0.012586 0.051838 0.389613 0.503808 0.042155
2 2 0.095815 0.127485 0.548645 0.178400 0.049655
2 2 0.359249 0.165442 0.369503 0.031439 0.074367
0 2 0.421007 0.176066 0.307107 0.018321 0.077499
0 0 0.540768 0.168799 0.184218 0.015090 0.091125
0 0 0.905900 0.043173 0.020364 0.002549 0.028014
0 0 0.928321 0.032802 0.012819 0.002040 0.024018
0 0 0.891496 0.049271 0.019834 0.002648 0.036750
0 1 0.635736 0.158313 0.088789 0.008904 0.108258
2 1 0.241825 0.297981 0.339721 0.022395 0.098077
1 2 0.100918 0.437058 0.355594 0.003939 0.102491
2 2 0.066454 0.309848 0.361811 0.008694 0.253193
2 2 0.020541 0.166785 0.526221 0.024601 0.261852
4 2 0.018593 0.101973 0.135594 0.022293 0.721547
4 4 0.014684 0.077390 0.081302 0.017372 0.809252
4 4 0.016287 0.077137 0.063613 0.010691 0.832272
4 4 0.016111 0.069829 0.065945 0.014618 0.833497
4 4 0.016286 0.072884 0.046704 0.006136 0.857989
4 4 0.042814 0.145337 0.092654 0.008384 0.710811
4 4 0.061257 0.222981 0.217048 0.011647 0.487067
2 4 0.059581 0.260532 0.380247 0.011034 0.288606
2 4 0.062240 0.245161 0.343881 0.014073 0.334645
4 4 0.078485 0.260030 0.219749 0.008412 0.433325
4 4 0.120360 0.316050 0.145179 0.003005 0.415407
4 1 0.067973 0.263160 0.207744 0.006012 0.455111
4 1 0.062943 0.295482 0.233701 0.003770 0.404105
1 1 0.083847 0.376291 0.301317 0.002082 0.236464
2 1 0.031873 0.281625 0.499601 0.003075 0.183826
2 1 0.007074 0.125968 0.656623 0.013096 0.197239
2 1 0.007344 0.115143 0.651757 0.020422 0.205334
2 1 0.006902 0.103928 0.687734 0.025759 0.175676
2 1 0.007134 0.092450 0.673873 0.043279 0.183264
2 1 0.008255 0.095122 0.664207 0.054715 0.177701
0 0 0.906906 0.040908 0.019944 0.003222 0.029021
0 0 0.866520 0.060669 0.024376 0.002895 0.045540
0 0 0.774748 0.100751 0.045481 0.004717 0.074303
0 0 0.729837 0.137840 0.058963 0.004778 0.068582
0 0 0.536930 0.289640 0.040068 0.000402 0.132961
1 0 0.212445 0.509078 0.116294 0.000428 0.161755
1 0 0.107039 0.540492 0.247746 0.000353 0.104370
1 0 0.127756 0.537256 0.207410 0.000259 0.127320
1 0 0.140729 0.539132 0.180054 0.000203 0.139882
1 0 0.098309 0.531429 0.268080 0.000196 0.101987
1 0 0.077469 0.463723 0.374361 0.000545 0.083902
1 0 0.083693 0.473556 0.354226 0.000720 0.087806
1 0 0.092078 0.455121 0.363486 0.000852 0.088463
1 0 0.092993 0.441106 0.380772 0.001047 0.084081
2 0 0.075168 0.371265 0.484806 0.001441 0.067320
2 0 0.052249 0.319040 0.584645 0.001568 0.042497
2 0 0.108377 0.356806 0.481732 0.001276 0.051809
2 0 0.220277 0.258754 0.464501 0.003154 0.053314
0 0 0.428113 0.179099 0.338095 0.007276 0.047417
0 0 0.810462 0.075849 0.073380 0.005926 0.034383
0 0 0.537249 0.158835 0.197215 0.058060 0.048641
0 0 0.352719 0.307420 0.220900 0.014038 0.104924
2 0 0.051454 0.231962 0.613478 0.041012 0.062094
2 0 0.006549 0.069069 0.854209 0.060902 0.009270
2 1 0.005296 0.057544 0.834680 0.095011 0.007469
2 1 0.020573 0.148739 0.769652 0.034338 0.026698
2 1 0.026218 0.162299 0.736600 0.041059 0.033825
2 1 0.019629 0.126578 0.756977 0.070935 0.025881
2 1 0.011167 0.080082 0.763025 0.131010 0.014717
2 2 0.017089 0.091855 0.731949 0.141113 0.017994
2 2 0.032125 0.106517 0.656628 0.178390 0.026340
2 2 0.053326 0.152761 0.626136 0.124349 0.043427
2 2 0.072988 0.193519 0.565538 0.104508 0.063447
2 2 0.089421 0.185850 0.524509 0.137137 0.063083
2 2 0.053882 0.164837 0.536093 0.173280 0.071908
2 2 0.034019 0.107554 0.490045 0.307407 0.060976
2 2 0.059701 0.138662 0.435771 0.249073 0.116793
3 2 0.039668 0.088525 0.387372 0.397908 0.086527
3 3 0.016990 0.051624 0.339297 0.546706 0.045384
3 3 0.008286 0.035148 0.332323 0.603235 0.021009
2 3 0.022642 0.087310 0.487225 0.355246 0.047577
3 3 0.010491 0.034964 0.286462 0.636461 0.031622
3 3 0.005934 0.015832 0.169897 0.787901 0.020437
3 3 0.006633 0.013685 0.143878 0.812904 0.022900
3 3 0.004329 0.010044 0.126009 0.845964 0.013654
3 3 0.006948 0.011182 0.129856 0.838425 0.013589
3 3 0.003150 0.006159 0.095307 0.888950 0.006434
3 3 0.004451 0.008704 0.115987 0.860886 0.009973
3 3 0.006642 0.010152 0.113547 0.851138 0.018520
3 3 0.006412 0.008973 0.101633 0.864233 0.018749
3 3 0.005567 0.008019 0.095511 0.874411 0.016492
3 3 0.006979 0.008425 0.093793 0.871014 0.019789
3 3 0.011172 0.010604 0.103548 0.849837 0.024840
3 3 0.007831 0.007187 0.086177 0.886443 0.012362
3 3 0.004715 0.005917 0.077470 0.899527 0.012370
3 3 0.003165 0.005043 0.071301 0.908677 0.011813
3 3 0.002373 0.004289 0.063495 0.917605 0.012238
3 3 0.002932 0.005536 0.075902 0.901014 0.014615
3 3 0.003690 0.006219 0.079818 0.893405 0.016868
3 3 0.003900 0.007158 0.089371 0.881676 0.017894
3 3 0.002926 0.004231 0.054327 0.915163 0.023353
3 3 0.002566 0.003382 0.046494 0.928655 0.018903
3 3 0.002394 0.002737 0.039713 0.939552 0.015605
3 3 0.001421 0.002036 0.033253 0.949891 0.013400
3 3 0.001419 0.001977 0.032487 0.951079 0.013038
3 3 0.001519 0.002088 0.032833 0.947943 0.015618
3 3 0.001443 0.002061 0.033766 0.949790 0.012940
3 3 0.001552 0.002493 0.040347 0.943219 0.012390
3 3 0.002103 0.003199 0.048152 0.933031 0.013516
3 3 0.002475 0.003662 0.053863 0.927117 0.012883
3 3 0.002660 0.003851 0.054563 0.924111 0.014816
3 3 0.001981 0.002810 0.043171 0.938901 0.013137
3 3 0.001847 0.002279 0.036207 0.947514 0.012154
3 3 0.001497 0.001886 0.031970 0.954116 0.010531
3 3 0.000859 0.001109 0.022788 0.968865 0.006379
3 3 0.000839 0.001118 0.023313 0.968765 0.005965
3 3 0.001196 0.001473 0.027130 0.961780 0.008421
3 3 0.000977 0.001350 0.026951 0.964316 0.006407
3 3 0.001324 0.001770 0.030567 0.955636 0.010702
3 3 0.001294 0.001714 0.030472 0.957219 0.009300
3 3 0.000747 0.001033 0.020987 0.969437 0.007796
3 3 0.000576 0.000955 0.020798 0.971021 0.006649
3 3 0.000760 0.000958 0.019581 0.971152 0.007548
3 3 0.001003 0.001218 0.022314 0.964874 0.010591
3 3 0.001034 0.001253 0.023082 0.964697 0.009933
3 3 0.001165 0.001295 0.022796 0.963214 0.011530
3 3 0.000865 0.001187 0.023135 0.966361 0.008452
3 3 0.000775 0.001121 0.021968 0.966990 0.009146
3 3 0.000800 0.001361 0.025277 0.960950 0.011612
3 3 0.000914 0.001418 0.025724 0.960228 0.011716
3 3 0.001079 0.001747 0.029018 0.952118 0.016038
3 3 0.000889 0.001476 0.027573 0.960037 0.010025
3 3 0.000726 0.001300 0.026128 0.963758 0.008087
3 3 0.000919 0.001693 0.030399 0.955142 0.011846
3 3 0.000609 0.001255 0.025916 0.964116 0.008104
3 3 0.000608 0.001183 0.024331 0.965438 0.008439
3 3 0.000553 0.001188 0.025382 0.965536 0.007341
3 3 0.000653 0.001315 0.026947 0.963211 0.007874
3 3 0.000623 0.001111 0.023164 0.967349 0.007753
3 3 0.000645 0.001106 0.022705 0.967305 0.008239
3 3 0.001804 0.002755 0.041126 0.937442 0.016874
3 3 0.001246 0.002136 0.035766 0.948024 0.012828
3 3 0.001475 0.002324 0.036542 0.944069 0.015591
3 3 0.001370 0.001570 0.026608 0.958545 0.011907
3 3 0.001357 0.001435 0.025004 0.961750 0.010454
3 3 0.001091 0.001242 0.023498 0.966050 0.008119
3 3 0.000844 0.000992 0.020197 0.970984 0.006984
3 3 0.000832 0.001081 0.021333 0.968433 0.008322
3 3 0.000845 0.001420 0.025931 0.959754 0.012051
3 3 0.001102 0.001919 0.031884 0.949764 0.015331
3 3 0.001102 0.001851 0.030804 0.950897 0.015345
3 3 0.001132 0.001842 0.030727 0.951519 0.014780
3 3 0.001036 0.001586 0.027244 0.956128 0.014006
3 3 0.000800 0.001259 0.024137 0.963969 0.009835
3 3 0.000740 0.000951 0.019376 0.971063 0.007870
3 3 0.000720 0.000795 0.017199 0.975362 0.005925
3 3 0.000682 0.000766 0.016899 0.976067 0.005585
3 3 0.000541 0.000738 0.016791 0.976132 0.005797
3 3 0.000695 0.001105 0.021912 0.966857 0.009431
3 3 0.000970 0.001641 0.028413 0.954929 0.014047
3 3 0.000916 0.001156 0.022499 0.967265 0.008164
3 3 0.000867 0.001052 0.020773 0.969264 0.008045
3 3 0.002827 0.002761 0.037580 0.937357 0.019475
3 3 0.004009 0.004484 0.055544 0.914439 0.021525
3 3 0.040602 0.026568 0.156903 0.700638 0.075289
3 3 0.067169 0.036739 0.215050 0.635579 0.045463
0 3 0.337734 0.083963 0.334460 0.199305 0.044538
2 0 0.249953 0.110841 0.460272 0.135909 0.043025
2 0 0.160315 0.203954 0.507070 0.060959 0.067702
2 0 0.107038 0.239179 0.533989 0.048470 0.071323
2 0 0.057541 0.219266 0.588750 0.063717 0.070726
2 2 0.056738 0.218798 0.553507 0.077672 0.093285
2 2 0.018854 0.104401 0.378673 0.198355 0.299716
2 2 0.014218 0.098981 0.399413 0.172167 0.315221
2 2 0.012679 0.097200 0.406771 0.189349 0.294000
2 2 0.009693 0.080193 0.466849 0.244741 0.198525
2 2 0.018572 0.120024 0.508096 0.127675 0.225633
2 2 0.033973 0.180165 0.413287 0.044273 0.328301
2 2 0.014362 0.110634 0.498374 0.105024 0.271606
2 4 0.019840 0.126216 0.423519 0.067148 0.363276
2 4 0.014689 0.137500 0.518890 0.029387 0.299535
2 4 0.016972 0.141158 0.461856 0.031162 0.348852
2 4 0.016372 0.138857 0.455439 0.031423 0.357909
2 4 0.014801 0.123597 0.482595 0.044220 0.334787
2 4 0.013273 0.110311 0.460833 0.057182 0.358400
2 4 0.014094 0.113912 0.429135 0.052675 0.390184
4 4 0.016627 0.116080 0.307703 0.043543 0.516047
4 4 0.016886 0.125868 0.372226 0.040802 0.444217
4 4 0.017492 0.131935 0.340385 0.032315 0.477872
4 4 0.020921 0.144222 0.350030 0.030235 0.454592
2 4 0.020783 0.150306 0.405361 0.029366 0.394184
2 4 0.032206 0.192892 0.433746 0.019936 0.321220
2 4 0.018422 0.153266 0.649663 0.026806 0.151843
2 4 0.016162 0.134469 0.570631 0.042589 0.236149
2 4 0.018983 0.136857 0.531137 0.051529 0.261493
2 4 0.013548 0.110027 0.447445 0.058317 0.370662
4 4 0.028407 0.138302 0.296152 0.048070 0.489069
4 4 0.030675 0.139081 0.212502 0.029818 0.587924
4 4 0.038397 0.145742 0.131036 0.014685 0.670139
4 4 0.042041 0.165265 0.148941 0.012669 0.631084
4 4 0.031760 0.154767 0.347268 0.040318 0.425887
2 4 0.069987 0.225148 0.345962 0.021197 0.337706
1 4 0.133843 0.296620 0.288223 0.008845 0.272469
2 4 0.125705 0.342744 0.346769 0.008148 0.176633
2 2 0.101799 0.335835 0.431152 0.012641 0.118573
2 1 0.071776 0.304367 0.525734 0.013078 0.085045
2 1 0.073577 0.303658 0.521886 0.013142 0.087737
2 2 0.024697 0.170635 0.734013 0.022291 0.048363
2 2 0.020620 0.163392 0.698274 0.031137 0.086577
2 2 0.023598 0.163224 0.746961 0.024692 0.041525
2 2 0.066786 0.236675 0.627788 0.012501 0.056249
2 0 0.243242 0.258937 0.424449 0.005264 0.068108
0 0 0.393379 0.266116 0.235276 0.004257 0.100972
0 0 0.548592 0.206099 0.129622 0.004666 0.111021
0 0 0.574465 0.165408 0.156553 0.011167 0.092407
0 0 0.387415 0.269920 0.239513 0.006293 0.096859
2 0 0.160945 0.309691 0.417532 0.013254 0.098578
0 0 0.581420 0.198271 0.092040 0.003664 0.124606
0 0 0.704087 0.151271 0.058256 0.001902 0.084484
0 0 0.669458 0.174899 0.041589 0.001042 0.113011
2 0 0.025579 0.184004 0.741986 0.015398 0.033032
2 0 0.018787 0.152588 0.774712 0.030307 0.023606
2 0 0.015410 0.131387 0.788849 0.044986 0.019368
2 0 0.020149 0.144754 0.751416 0.058671 0.025009
2 0 0.015608 0.116417 0.777665 0.069984 0.020326
2 0 0.013377 0.102156 0.772175 0.094847 0.017445
2 1 0.015986 0.123941 0.772729 0.067131 0.020214
2 1 0.021257 0.158233 0.750325 0.044155 0.026030
2 2 0.026128 0.184856 0.725321 0.032134 0.031560
2 2 0.026080 0.177750 0.723833 0.040757 0.031581
2 2 0.021336 0.152040 0.742105 0.058450 0.026069
2 2 0.015862 0.117895 0.756084 0.090202 0.019957
2 2 0.016684 0.126864 0.762211 0.073690 0.020552
2 2 0.006360 0.060276 0.781408 0.144331 0.007625
2 2 0.008225 0.075744 0.778007 0.127270 0.010754
2 2 0.007943 0.067429 0.728403 0.185806 0.010419
2 2 0.015003 0.086831 0.680585 0.200183 0.017398
2 2 0.008213 0.049795 0.583101 0.349573 0.009318
2 2 0.012159 0.073874 0.625559 0.273042 0.015367
2 2 0.014951 0.079041 0.595939 0.292417 0.017652
2 2 0.023843 0.116329 0.706322 0.130816 0.022690
2 2 0.034197 0.125963 0.659407 0.153756 0.026677
2 2 0.043345 0.138750 0.637516 0.148543 0.031846
2 2 0.034411 0.105074 0.597026 0.238295 0.025194
2 2 0.056005 0.145135 0.579862 0.178251 0.040747
2 2 0.048556 0.133047 0.587211 0.195013 0.036173
2 2 0.014732 0.079557 0.682142 0.209787 0.013781
2 2 0.020922 0.101146 0.697582 0.162310 0.018040
2 2 0.025545 0.094239 0.652156 0.209392 0.018668
2 2 0.031283 0.112386 0.689907 0.145143 0.021281
2 2 0.015256 0.064919 0.661336 0.247796 0.010693
2 2 0.015290 0.058021 0.605758 0.310207 0.010724
2 2 0.020184 0.077822 0.624142 0.261544 0.016307
2 3 0.084613 0.096659 0.599281 0.191915 0.027531
2 2 0.139355 0.092841 0.551258 0.183671 0.032875
2 0 0.161967 0.132058 0.581465 0.081336 0.043174
2 0 0.122270 0.174512 0.601383 0.053886 0.047950
2 0 0.094159 0.233624 0.602203 0.024118 0.045896
2 0 0.085318 0.327190 0.513012 0.011039 0.063442
2 0 0.068157 0.310927 0.529196 0.013233 0.078486
2 1 0.008721 0.068123 0.809584 0.100732 0.012841
2 1 0.012425 0.085130 0.770972 0.114071 0.017403
2 1 0.009021 0.063517 0.687689 0.223576 0.016196
2 1 0.023238 0.119842 0.680471 0.137581 0.038867
2 1 0.018698 0.106285 0.703293 0.140943 0.030781
2 1 0.022791 0.125485 0.709960 0.107785 0.033980
2 1 0.022467 0.124713 0.719095 0.100300 0.033426
2 1 0.024216 0.123617 0.689156 0.124261 0.038749
2 1 0.031386 0.138889 0.694670 0.091880 0.043175
2 1 0.009281 0.068399 0.786183 0.122606 0.013531
2 2 0.010125 0.076399 0.798792 0.095006 0.019679
2 2 0.011795 0.081759 0.777174 0.105194 0.024079
2 2 0.015426 0.096585 0.705539 0.140952 0.041498
2 2 0.026435 0.140185 0.645835 0.105745 0.081800
2 2 0.020627 0.110963 0.610968 0.186664 0.070778
2 2 0.018257 0.107809 0.634963 0.175707 0.063265
2 2 0.010463 0.071709 0.605816 0.278051 0.033961
2 2 0.008744 0.065372 0.600179 0.294302 0.031404
2 2 0.009814 0.063912 0.599938 0.300436 0.025900
2 2 0.023038 0.094121 0.584000 0.255787 0.043054
2 2 0.033147 0.157072 0.621733 0.119991 0.068057
2 2 0.045681 0.139416 0.564977 0.191845 0.058081
2 2 0.022597 0.088012 0.566962 0.294498 0.027931
2 2 0.025090 0.088027 0.539789 0.314890 0.032203
2 2 0.084786 0.084784 0.507165 0.297754 0.025511
2 2 0.198468 0.121191 0.507835 0.131278 0.041228
2 2 0.347316 0.179122 0.350020 0.043560 0.079982
2 0 0.171006 0.162032 0.527503 0.088529 0.050930
2 0 0.124107 0.200936 0.575710 0.052304 0.046943
2 0 0.084337 0.226129 0.603223 0.038970 0.047341
2 0 0.036981 0.143355 0.712607 0.080043 0.027013
2 1 0.039829 0.134844 0.711439 0.088348 0.025540
2 1 0.027019 0.130764 0.726061 0.090097 0.026058
2 1 0.027878 0.159546 0.716386 0.062605 0.033585
2 1 0.033395 0.170908 0.679171 0.074876 0.041650
2 1 0.015091 0.115186 0.770580 0.079862 0.019281
2 1 0.017937 0.136045 0.795366 0.032489 0.018163
2 0 0.079881 0.159428 0.710009 0.025145 0.025537
2 0 0.238431 0.252905 0.449058 0.004266 0.055340
0 0 0.492114 0.163892 0.297138 0.006086 0.040770
2 0 0.017164 0.084631 0.612093 0.261118 0.024993
2 0 0.009515 0.063066 0.474518 0.408946 0.043955
3 0 0.005103 0.043243 0.367293 0.537231 0.047130
3 0 0.003793 0.039987 0.417563 0.502952 0.035704
2 2 0.005446 0.057831 0.565357 0.318138 0.053228
2 2 0.005541 0.067667 0.672706 0.186938 0.067148
2 2 0.006545 0.079208 0.718822 0.108114 0.087312
2 2 0.008140 0.091999 0.694265 0.068526 0.137070
2 2 0.007361 0.093366 0.715289 0.037879 0.146105
2 2 0.006862 0.091479 0.692473 0.040664 0.168522
2 2 0.005596 0.085718 0.742292 0.033258 0.133136
2 2 0.006584 0.089430 0.713554 0.042929 0.147503
2 2 0.017999 0.123602 0.648965 0.047534 0.161899
2 2 0.026200 0.133135 0.686074 0.047958 0.106634
2 2 0.039391 0.186937 0.561343 0.028431 0.183898
2 2 0.022910 0.151198 0.632521 0.056097 0.137274
2 4 0.031796 0.212724 0.676963 0.012505 0.066012
2 4 0.050680 0.257133 0.539925 0.014360 0.137903
2 4 0.019299 0.146726 0.596481 0.032852 0.204642
2 4 0.029301 0.161655 0.455355 0.041953 0.311735
4 4 0.046414 0.252246 0.335624 0.008132 0.357583
4 4 0.071752 0.287527 0.297416 0.006946 0.336359
2 4 0.066874 0.276911 0.389181 0.009314 0.257719
4 4 0.059340 0.233507 0.222437 0.009457 0.475259
4 4 0.061175 0.200241 0.155997 0.010590 0.571997
4 4 0.040208 0.126695 0.082221 0.008764 0.742112
4 4 0.034247 0.096521 0.066541 0.009845 0.792847
4 4 0.077525 0.102726 0.037733 0.003459 0.778558
4 4 0.087117 0.127405 0.035798 0.001910 0.747771
4 4 0.106149 0.178045 0.041992 0.001296 0.672518
4 4 0.212306 0.237801 0.084835 0.003901 0.461157
4 4 0.108431 0.345753 0.169320 0.003300 0.373195
4 4 0.114060 0.353993 0.143822 0.001589 0.386536
2 4 0.037355 0.211824 0.424899 0.015996 0.309927
4 1 0.071306 0.281375 0.257790 0.006441 0.383089
4 1 0.080720 0.274682 0.294560 0.009938 0.340100
2 0 0.126213 0.297425 0.328146 0.013759 0.234457
0 0 0.416699 0.210484 0.257432 0.018807 0.096578
0 0 0.543447 0.191345 0.157423 0.009846 0.097939
0 1 0.534764 0.218160 0.117528 0.004787 0.124760
1 1 0.110918 0.352423 0.279649 0.008909 0.248100
1 1 0.126786 0.395953 0.264704 0.003903 0.208654
2 1 0.016211 0.127750 0.732616 0.031553 0.091870
2 1 0.019022 0.150999 0.645658 0.023239 0.161082
2 1 0.010621 0.104994 0.787210 0.030865 0.066310
2 2 0.009166 0.092267 0.821254 0.035485 0.041829
2 2 0.010705 0.088839 0.811193 0.058395 0.030868
2 2 0.013840 0.097742 0.807442 0.054383 0.026593
2 2 0.016748 0.109934 0.803686 0.045353 0.024279
2 2 0.004733 0.053074 0.843731 0.089623 0.008839
2 2 0.006362 0.062080 0.870726 0.051095 0.009736
2 2 0.008042 0.067508 0.839679 0.072688 0.012083
2 2 0.008726 0.076480 0.838553 0.063632 0.012609
2 2 0.005805 0.055409 0.822411 0.107882 0.008493
2 2 0.005699 0.054944 0.823599 0.107418 0.008340
2 2 0.004029 0.049072 0.873362 0.067539 0.005998
2 2 0.003550 0.046166 0.886583 0.058340 0.005361
2 2 0.004075 0.052496 0.900929 0.036270 0.006230
2 0 0.028917 0.164288 0.749596 0.015371 0.041829
2 0 0.090387 0.176740 0.662796 0.018605 0.051472
0 0 0.342911 0.236372 0.300261 0.025895 0.094562
1 0 0.267659 0.302207 0.296015 0.018163 0.115957
2 0 0.082033 0.278915 0.532109 0.027037 0.079906
2 0 0.073515 0.305130 0.518552 0.017879 0.084923
2 0 0.049548 0.232754 0.630758 0.024793 0.062148
2 0 0.029139 0.171234 0.732677 0.028145 0.038805
2 1 0.007813 0.068447 0.824523 0.087948 0.011269
2 1 0.009005 0.073523 0.808859 0.094844 0.013768
2 1 0.014911 0.094643 0.755959 0.113861 0.020625
2 2 0.029527 0.151577 0.697399 0.083393 0.038104
2 2 0.025947 0.135998 0.699810 0.104545 0.033700
2 2 0.020052 0.117433 0.716293 0.120107 0.026116
2 2 0.013159 0.099052 0.777361 0.092959 0.017468
2 2 0.010127 0.078979 0.792637 0.104111 0.014146
2 2 0.018035 0.094697 0.816252 0.050236 0.020781
2 0 0.116059 0.128369 0.686850 0.030715 0.038006
0 0 0.544829 0.093771 0.270628 0.047508 0.043264
0 0 0.856968 0.040864 0.047029 0.022329 0.032810
0 0 0.824828 0.060849 0.051838 0.017236 0.045249
0 0 0.765815 0.076816 0.086001 0.036590 0.034778
1 0 0.235533 0.319754 0.319070 0.011571 0.114072
0 0 0.382071 0.284909 0.193966 0.005916 0.133138
0 0 0.564003 0.211546 0.084730 0.002911 0.136810
0 0 0.668116 0.144611 0.078026 0.005998 0.103249
0 0 0.660391 0.166972 0.077130 0.002724 0.092783
0 0 0.656840 0.160547 0.085487 0.005983 0.091143
0 0 0.540688 0.247230 0.113132 0.002151 0.096798
0 0 0.529506 0.254010 0.096429 0.002725 0.117330
0 0 0.420511 0.296084 0.128887 0.003882 0.150636
1 0 0.187324 0.396032 0.210299 0.004267 0.202078
1 0 0.145964 0.385285 0.299127 0.005885 0.163740
2 0 0.105018 0.351942 0.384641 0.006937 0.151462
2 1 0.056638 0.275924 0.532338 0.007662 0.127438
2 1 0.038494 0.235484 0.469600 0.010396 0.246025
2 4 0.018604 0.161404 0.568427 0.020287 0.231278
2 4 0.019783 0.159512 0.486898 0.023876 0.309931
2 4 0.017782 0.146627 0.434458 0.027519 0.373614
4 4 0.021781 0.141847 0.231004 0.019142 0.586225
4 4 0.020100 0.099188 0.086187 0.011731 0.782793
4 4 0.026166 0.118900 0.107679 0.013042 0.734214
4 4 0.012006 0.065932 0.032691 0.003008 0.886363
4 4 0.017204 0.055755 0.031639 0.004978 0.890424
4 4 0.016091 0.041542 0.019705 0.003327 0.919334
4 4 0.034699 0.052207 0.020668 0.003117 0.889309
4 4 0.044767 0.088843 0.038470 0.003998 0.823922
4 4 0.038397 0.122557 0.045756 0.002515 0.790775
4 4 0.016987 0.076588 0.036940 0.003278 0.866208
4 4 0.011679 0.055876 0.024174 0.002227 0.906044
4 4 0.025065 0.049665 0.021395 0.003249 0.900625
4 4 0.031015 0.029415 0.010892 0.002703 0.925975
4 4 0.031342 0.029595 0.013043 0.004034 0.921987
4 4 0.037719 0.041602 0.008186 0.000678 0.911814
4 4 0.042434 0.067818 0.023622 0.002481 0.863645
4 4 0.047677 0.068241 0.017360 0.001283 0.865440
4 4 0.099361 0.130110 0.032880 0.001584 0.736066
4 4 0.029311 0.065711 0.025311 0.002624 0.877044
4 4 0.013071 0.038228 0.021530 0.004478 0.922692
4 4 0.012044 0.042752 0.025231 0.004721 0.915253
4 4 0.009166 0.034870 0.015048 0.002074 0.938842
4 4 0.007391 0.030134 0.017078 0.003517 0.941880
4 4 0.010407 0.018751 0.005284 0.000887 0.964671
4 4 0.013562 0.027852 0.006752 0.000691 0.951143
4 4 0.016416 0.029141 0.007028 0.000747 0.946667
4 4 0.016246 0.031067 0.010003 0.001428 0.941257
4 4 0.020861 0.030741 0.008742 0.001217 0.938438
4 4 0.026837 0.045214 0.015201 0.001933 0.910815
4 4 0.017573 0.041993 0.014449 0.001672 0.924313
4 4 0.018836 0.048213 0.018048 0.002063 0.912840
4 0 0.013717 0.066869 0.015948 0.000609 0.902857
4 0 0.021309 0.097051 0.041469 0.002682 0.837489
4 4 0.044619 0.188787 0.081015 0.002460 0.683120
4 4 0.084392 0.277311 0.246811 0.008116 0.383371
4 4 0.046349 0.230098 0.268320 0.009387 0.445845
4 4 0.053941 0.187961 0.134556 0.008835 0.614707
4 4 0.030850 0.127318 0.120886 0.015794 0.705153
4 4 0.013374 0.076348 0.054989 0.007190 0.848099
4 4 0.010563 0.061513 0.054537 0.010548 0.862839
4 4 0.008803 0.049198 0.041417 0.008864 0.891718
4 4 0.009555 0.041423 0.025841 0.004794 0.918388
4 4 0.010892 0.057402 0.037165 0.005338 0.889203
4 4 0.025365 0.116419 0.049263 0.002762 0.806191
4 4 0.062968 0.130266 0.076553 0.008636 0.721576
4 4 0.089520 0.184892 0.076152 0.004149 0.645288
4 4 0.047089 0.148371 0.051120 0.002218 0.751202
4 4 0.031695 0.131214 0.066532 0.004494 0.766065
4 4 0.021296 0.105779 0.047442 0.002945 0.822537
4 4 0.024563 0.116895 0.044234 0.002113 0.812195
4 4 0.012825 0.078492 0.034588 0.002321 0.871775
4 4 0.013339 0.057734 0.025557 0.002494 0.900877
4 4 0.012896 0.048580 0.021765 0.002575 0.914184
4 4 0.021800 0.067730 0.039895 0.005915 0.864661
4 4 0.018550 0.061120 0.045912 0.009588 0.864830
4 4 0.023076 0.077257 0.049866 0.007318 0.842483
4 4 0.023345 0.102003 0.057206 0.005119 0.812327
4 4 0.017278 0.052011 0.025870 0.003736 0.901105
4 4 0.022803 0.056695 0.048609 0.014398 0.857495
4 1 0.028614 0.098392 0.030758 0.001523 0.840714
4 1 0.072024 0.179368 0.098023 0.007109 0.643476
4 1 0.047427 0.161603 0.105459 0.009103 0.676409
2 1 0.099298 0.317475 0.340129 0.011932 0.231167
2 1 0.012650 0.122322 0.746639 0.026312 0.092078
2 1 0.007408 0.081093 0.820896 0.048395 0.042208
2 1 0.006464 0.074944 0.840004 0.046495 0.032093
2 1 0.007095 0.075930 0.844109 0.044924 0.027942
2 1 0.010026 0.095348 0.819117 0.033826 0.041684
2 1 0.012553 0.117767 0.773035 0.025027 0.071618
2 1 0.009811 0.112080 0.750974 0.027180 0.099955
2 1 0.008965 0.103453 0.739901 0.039399 0.108283
2 1 0.010605 0.110970 0.700843 0.043345 0.134237
2 1 0.012484 0.119431 0.670585 0.043004 0.154496
2 1 0.011541 0.108154 0.706811 0.056087 0.117407
2 1 0.011758 0.104526 0.697483 0.064550 0.121684
2 1 0.014328 0.114709 0.668157 0.060512 0.142295
2 1 0.017604 0.121649 0.641071 0.081353 0.138323
2 1 0.014095 0.104823 0.659977 0.113924 0.107181
2 1 0.016678 0.116632 0.602403 0.118078 0.146209
2 1 0.025863 0.158048 0.578774 0.050540 0.186774
2 1 0.015843 0.117056 0.664424 0.093285 0.109391
2 1 0.013540 0.099708 0.638284 0.135144 0.113324
2 1 0.017016 0.109949 0.688901 0.109315 0.074820
0 0 0.528710 0.222119 0.144527 0.009157 0.095488
2 0 0.243113 0.270525 0.354077 0.034584 0.097703
2 0 0.065181 0.264284 0.556329 0.038092 0.076114
2 0 0.054988 0.244693 0.592353 0.043512 0.064454
2 0 0.055746 0.237793 0.593314 0.046712 0.066435
2 0 0.015317 0.095805 0.712013 0.155819 0.021046
2 0 0.013666 0.092298 0.748106 0.127524 0.018406
2 0 0.010249 0.055693 0.715300 0.208266 0.010492
2 1 0.027003 0.072535 0.699547 0.182159 0.018756
2 0 0.052371 0.110254 0.653347 0.146593 0.037435
2 0 0.031682 0.146269 0.698996 0.084631 0.038422
2 0 0.028728 0.154600 0.697596 0.086051 0.033025
2 1 0.045095 0.200855 0.634027 0.064560 0.055463
2 2 0.035106 0.162501 0.584321 0.131449 0.086623
2 2 0.020162 0.111390 0.563298 0.231588 0.073562
2 2 0.008483 0.056553 0.466204 0.433179 0.035580
2 2 0.008589 0.055928 0.481180 0.424163 0.030140
2 2 0.007581 0.054474 0.559477 0.358618 0.019849
2 2 0.004755 0.044662 0.552658 0.381220 0.016706
2 2 0.004777 0.042334 0.541172 0.398768 0.012949
2 2 0.016647 0.104762 0.784851 0.070040 0.023700
2 2 0.013967 0.101141 0.782055 0.082430 0.020407
2 2 0.015729 0.104815 0.758056 0.100358 0.021041
2 2 0.013046 0.090912 0.737487 0.141329 0.017226
2 2 0.003627 0.039734 0.737780 0.213802 0.005058
2 2 0.003457 0.039204 0.749651 0.202852 0.004836
2 2 0.004034 0.042580 0.751977 0.195742 0.005666
2 2 0.004172 0.038889 0.676424 0.275134 0.005381
2 2 0.004095 0.034540 0.613593 0.342988 0.004783
3 2 0.005798 0.032023 0.461930 0.493598 0.006650
3 3 0.003400 0.022972 0.379356 0.588601 0.005672
3 3 0.003732 0.021419 0.327552 0.640915 0.006383
3 3 0.002532 0.015792 0.286456 0.690658 0.004562
3 3 0.002885 0.017930 0.310738 0.663712 0.004734
3 3 0.003733 0.020947 0.294770 0.672103 0.008447
3 3 0.002848 0.015783 0.235130 0.738658 0.007580
3 3 0.002374 0.014112 0.225179 0.751913 0.006421
3 3 0.002300 0.012576 0.199606 0.778882 0.006635
3 3 0.001611 0.010103 0.194507 0.789391 0.004387
3 3 0.003502 0.015600 0.238034 0.735423 0.007441
3 3 0.002449 0.012277 0.157413 0.810324 0.017537
3 3 0.001298 0.008161 0.131213 0.849600 0.009729
3 3 0.002360 0.012610 0.165529 0.804044 0.015456
3 3 0.002679 0.012363 0.156655 0.810942 0.017361
3 3 0.003251 0.012109 0.151339 0.817131 0.016169
3 3 0.004213 0.011724 0.138923 0.827019 0.018120
3 3 0.003966 0.011204 0.141482 0.829972 0.013376
3 3 0.007985 0.017971 0.184110 0.771012 0.018922
3 3 0.012357 0.024283 0.211621 0.726801 0.024936
3 3 0.012584 0.023697 0.195294 0.734000 0.034425
3 3 0.017064 0.029434 0.203836 0.694767 0.054899
3 3 0.005096 0.010947 0.118947 0.838500 0.026509
3 3 0.003683 0.008876 0.102051 0.857726 0.027665
3 3 0.001499 0.004653 0.074383 0.908168 0.011298
3 3 0.000974 0.003426 0.062128 0.924777 0.008695
3 3 0.000745 0.003177 0.062220 0.926703 0.007155
3 3 0.001126 0.005057 0.083228 0.898751 0.011838
3 3 0.001329 0.005348 0.083215 0.896159 0.013949
3 3 0.001194 0.004692 0.076006 0.905424 0.012684
3 3 0.001229 0.004195 0.068042 0.913764 0.012770
3 3 0.001652 0.004657 0.068274 0.908187 0.017230
3 3 0.001891 0.004629 0.065071 0.908815 0.019593
3 3 0.002522 0.005265 0.068694 0.900979 0.022540
3 3 0.002137 0.004552 0.062067 0.910091 0.021154
3 3 0.001062 0.003244 0.054723 0.928446 0.012525
3 3 0.000904 0.003044 0.053729 0.931030 0.011292
3 3 0.001399 0.004371 0.065139 0.910657 0.018435
3 3 0.001069 0.002885 0.048101 0.934130 0.013816
3 3 0.000930 0.002597 0.042693 0.936375 0.017405
3 3 0.000968 0.002252 0.037301 0.942730 0.016749
3 3 0.001394 0.003137 0.045249 0.925590 0.024631
3 3 0.000640 0.001490 0.028760 0.958106 0.011005
3 3 0.000849 0.001880 0.032949 0.950140 0.014182
3 3 0.000927 0.001893 0.033193 0.950889 0.013099
3 3 0.000931 0.001947 0.034334 0.950256 0.012532
3 3 0.001923 0.003519 0.048542 0.922600 0.023416
