0 0 0.791681 0.049585 0.030661 0.106098 0.021975
0 0 0.938598 0.025431 0.007036 0.014251 0.014684
0 0 0.955823 0.018222 0.004754 0.012307 0.008895
0 0 0.957147 0.016930 0.004577 0.013959 0.007387
0 0 0.947788 0.022014 0.005745 0.012017 0.012436
0 0 0.940781 0.025471 0.006321 0.009967 0.017461
0 0 0.925768 0.031160 0.007114 0.007307 0.028651
0 0 0.952478 0.020990 0.004249 0.005230 0.017053
0 0 0.918718 0.033852 0.008089 0.008368 0.030972
0 0 0.897430 0.041515 0.010613 0.010026 0.040416
0 0 0.779444 0.114808 0.047685 0.008680 0.049383
0 0 0.501197 0.257710 0.144522 0.004674 0.091897
0 1 0.440233 0.256833 0.112368 0.002627 0.187940
0 0 0.332005 0.302944 0.148132 0.002019 0.214899
1 0 0.176166 0.348808 0.226136 0.001581 0.247309
2 0 0.054048 0.316128 0.442138 0.001347 0.186339
1 1 0.092513 0.344708 0.342320 0.001481 0.218978
1 0 0.248043 0.361294 0.283192 0.003020 0.104450
0 0 0.442928 0.293261 0.219608 0.003443 0.040761
0 0 0.354756 0.318408 0.276796 0.004668 0.045372
0 0 0.794987 0.068329 0.031452 0.052140 0.053093
0 0 0.914606 0.033351 0.010568 0.020264 0.021211
0 0 0.913221 0.035402 0.010519 0.017035 0.023822
0 0 0.803472 0.078826 0.057170 0.042195 0.018338
0 0 0.725497 0.125296 0.102127 0.025420 0.021661
0 0 0.568303 0.164007 0.228670 0.025529 0.013490
0 0 0.513624 0.176505 0.260951 0.031996 0.016924
0 0 0.455011 0.141927 0.322996 0.071264 0.008802
0 0 0.690870 0.094212 0.135766 0.071686 0.007465
0 0 0.798829 0.056261 0.060931 0.078732 0.005247
0 0 0.868734 0.037038 0.027457 0.062670 0.004101
0 0 0.864797 0.034631 0.020342 0.074598 0.005632
0 0 0.787390 0.103596 0.071106 0.025155 0.012752
0 0 0.674810 0.177664 0.084944 0.005029 0.057553
0 4 0.532625 0.216011 0.076210 0.001668 0.173485
1 4 0.173608 0.361293 0.197353 0.000735 0.267010
4 4 0.049986 0.278756 0.298104 0.001076 0.372078
4 4 0.059597 0.216602 0.174855 0.002035 0.546910
4 4 0.055681 0.189218 0.180199 0.004616 0.570286
4 4 0.064143 0.126631 0.074790 0.005581 0.728855
4 4 0.055196 0.167346 0.086452 0.000779 0.690228
4 4 0.045869 0.189095 0.131385 0.000757 0.632892
4 4 0.044299 0.212114 0.177313 0.000854 0.565420
4 4 0.029061 0.193301 0.239170 0.001016 0.537452
4 4 0.033384 0.175453 0.218705 0.002447 0.570011
4 4 0.037878 0.176745 0.183412 0.001987 0.599978
4 4 0.032058 0.169795 0.192177 0.001699 0.604271
4 4 0.016500 0.152418 0.265203 0.000997 0.564882
4 4 0.012598 0.146087 0.324144 0.000992 0.516179
4 4 0.014656 0.179995 0.385803 0.000689 0.418857
2 4 0.013403 0.183415 0.486793 0.000875 0.315515
2 4 0.017097 0.201883 0.506567 0.001171 0.273282
2 4 0.016356 0.198143 0.598870 0.001682 0.184948
2 4 0.010895 0.168972 0.647783 0.001462 0.170887
2 4 0.011457 0.178230 0.645061 0.001169 0.164083
2 4 0.012076 0.181695 0.608702 0.001110 0.196417
2 4 0.011041 0.173559 0.639073 0.001230 0.175097
2 4 0.009190 0.164845 0.686059 0.001022 0.138884
2 4 0.010416 0.174283 0.717988 0.001057 0.096256
2 1 0.017779 0.217428 0.654834 0.001236 0.108723
2 1 0.002331 0.068541 0.888529 0.003562 0.037037
2 1 0.004399 0.100696 0.820558 0.002761 0.071586
2 1 0.004093 0.092202 0.834634 0.003933 0.065139
2 1 0.003449 0.086191 0.842366 0.003451 0.064543
2 2 0.004071 0.092057 0.818167 0.004116 0.081589
2 2 0.004699 0.097688 0.833824 0.004144 0.059644
2 2 0.003892 0.079283 0.883319 0.006881 0.026625
2 2 0.000987 0.030573 0.946134 0.016359 0.005947
2 2 0.000141 0.008903 0.964026 0.025353 0.001577
2 2 0.000073 0.005863 0.965629 0.027496 0.000938
2 2 0.000018 0.002300 0.953620 0.043710 0.000352
2 2 0.000019 0.002294 0.945845 0.051468 0.000374
2 2 0.000021 0.002281 0.932124 0.065214 0.000361
2 2 0.000035 0.002834 0.910367 0.086321 0.000444
2 2 0.000052 0.002826 0.865383 0.131317 0.000423
2 2 0.000039 0.001587 0.711054 0.287078 0.000242
2 3 0.000043 0.001440 0.608028 0.390238 0.000252
2 2 0.000017 0.000837 0.518790 0.480156 0.000200
3 3 0.000007 0.000476 0.414682 0.584687 0.000148
3 2 0.000005 0.000440 0.453188 0.546215 0.000152
3 2 0.000014 0.000484 0.272825 0.726493 0.000184
3 3 0.000017 0.000412 0.201809 0.797594 0.000168
3 2 0.000025 0.000636 0.289949 0.709171 0.000219
3 3 0.000042 0.000875 0.367118 0.631752 0.000213
3 3 0.000063 0.001062 0.341419 0.657178 0.000278
3 3 0.000098 0.001113 0.261482 0.736979 0.000329
3 3 0.000124 0.000988 0.160106 0.838355 0.000428
3 3 0.000100 0.000805 0.125288 0.873358 0.000450
3 3 0.000048 0.000428 0.088042 0.911206 0.000276
3 3 0.000055 0.000439 0.075583 0.923614 0.000309
3 3 0.000031 0.000318 0.076825 0.922617 0.000209
3 3 0.000055 0.000481 0.092762 0.906426 0.000276
3 3 0.000116 0.000935 0.146535 0.851982 0.000432
3 3 0.000085 0.000653 0.125228 0.873759 0.000276
3 3 0.000097 0.000880 0.164842 0.833823 0.000359
3 3 0.000141 0.001209 0.205517 0.792720 0.000414
3 3 0.000111 0.001167 0.226701 0.771619 0.000402
3 3 0.000071 0.001033 0.250347 0.748181 0.000367
3 3 0.000081 0.000978 0.220921 0.777679 0.000341
3 3 0.000090 0.001027 0.209988 0.788513 0.000381
3 3 0.000075 0.000460 0.087165 0.912088 0.000213
3 3 0.000036 0.000193 0.042781 0.956871 0.000118
3 3 0.000059 0.000268 0.052503 0.947043 0.000127
3 3 0.000045 0.000301 0.081426 0.918108 0.000120
3 3 0.000060 0.000476 0.110881 0.888383 0.000200
3 3 0.000057 0.000464 0.108989 0.890287 0.000203
3 3 0.000106 0.000679 0.113420 0.885498 0.000297
3 3 0.000154 0.000738 0.101140 0.897655 0.000312
3 3 0.000081 0.000476 0.089341 0.909897 0.000205
3 3 0.000084 0.000457 0.073993 0.925223 0.000242
3 3 0.000028 0.000197 0.046277 0.953373 0.000125
3 3 0.000021 0.000197 0.053295 0.946361 0.000127
3 3 0.000017 0.000193 0.063992 0.935687 0.000111
3 3 0.000013 0.000223 0.095668 0.903974 0.000122
3 3 0.000022 0.000358 0.121463 0.877966 0.000191
3 3 0.000019 0.000314 0.111958 0.887537 0.000171
3 3 0.000060 0.000698 0.147669 0.851241 0.000331
3 3 0.000099 0.000901 0.159994 0.838638 0.000368
3 3 0.000081 0.000770 0.162215 0.836640 0.000293
3 3 0.000070 0.000686 0.136245 0.862657 0.000342
3 3 0.000010 0.000117 0.050893 0.948916 0.000065
3 3 0.000010 0.000086 0.032502 0.967343 0.000059
3 3 0.000015 0.000130 0.038295 0.961467 0.000093
3 3 0.000031 0.000193 0.039979 0.959668 0.000128
3 3 0.000085 0.000367 0.048357 0.950954 0.000236
3 3 0.000040 0.000259 0.049542 0.949975 0.000186
3 3 0.000027 0.000223 0.058327 0.941278 0.000144
3 3 0.000018 0.000232 0.081900 0.917711 0.000139
3 3 0.000039 0.000373 0.094564 0.904836 0.000187
3 3 0.000093 0.000778 0.139388 0.859407 0.000335
3 3 0.000052 0.000402 0.078195 0.921114 0.000237
3 3 0.000067 0.000463 0.075513 0.923640 0.000317
3 3 0.000100 0.000610 0.082824 0.916047 0.000420
3 3 0.000055 0.000376 0.064864 0.934440 0.000265
3 3 0.000028 0.000283 0.072522 0.926992 0.000175
3 3 0.000033 0.000312 0.083088 0.916410 0.000157
3 3 0.000049 0.000356 0.091464 0.907999 0.000133
3 3 0.000042 0.000321 0.091116 0.908401 0.000121
3 1 0.000087 0.000713 0.175354 0.823649 0.000197
3 1 0.000665 0.004151 0.465275 0.529243 0.000666
2 1 0.006708 0.048938 0.931577 0.011561 0.001215
2 1 0.026356 0.136225 0.821347 0.009737 0.006335
2 1 0.075170 0.298607 0.598500 0.004435 0.023287
2 0 0.055750 0.324159 0.585062 0.001723 0.033305
2 1 0.062043 0.367365 0.521111 0.000869 0.048613
2 1 0.078976 0.353410 0.489073 0.002790 0.075751
2 2 0.111330 0.345091 0.487771 0.005356 0.050453
2 1 0.196431 0.289910 0.460918 0.020079 0.032662
0 0 0.345269 0.260077 0.342655 0.022318 0.029681
0 1 0.780696 0.110708 0.065160 0.018598 0.024837
0 0 0.855465 0.062764 0.026453 0.027471 0.027847
0 0 0.889987 0.035597 0.014335 0.044112 0.015968
0 0 0.893413 0.033298 0.013595 0.044469 0.015224
0 0 0.946825 0.017274 0.005611 0.023779 0.006511
0 0 0.947739 0.021614 0.005781 0.012777 0.012089
0 0 0.866326 0.049966 0.018729 0.033720 0.031258
0 0 0.923142 0.030574 0.009401 0.019545 0.017338
0 0 0.922105 0.031206 0.009514 0.018952 0.018223
0 0 0.875133 0.033659 0.015421 0.063792 0.011995
0 0 0.854689 0.044729 0.020115 0.060345 0.020122
0 0 0.921687 0.030561 0.009707 0.021619 0.016427
0 0 0.963934 0.014657 0.003699 0.011335 0.006375
0 0 0.960732 0.016488 0.004100 0.010648 0.008032
0 0 0.954600 0.019442 0.004822 0.010338 0.010799
0 0 0.981054 0.008315 0.001659 0.005575 0.003397
0 0 0.977404 0.008729 0.002012 0.008903 0.002952
0 0 0.978127 0.008989 0.001972 0.007554 0.003357
0 0 0.971187 0.011372 0.002768 0.010360 0.004314
0 0 0.951316 0.018713 0.005483 0.016969 0.007519
0 0 0.932193 0.034458 0.013860 0.013105 0.006383
0 0 0.947626 0.025428 0.007899 0.010898 0.008149
0 0 0.947324 0.025545 0.008294 0.011562 0.007275
0 0 0.905437 0.043059 0.015195 0.017489 0.018821
0 0 0.868151 0.051641 0.017396 0.023665 0.039147
0 0 0.865305 0.052997 0.015407 0.014445 0.051847
0 0 0.894600 0.040929 0.009144 0.006403 0.048924
0 0 0.902043 0.036919 0.007288 0.004326 0.049424
0 0 0.902755 0.038124 0.008278 0.005918 0.044925
0 0 0.815120 0.094952 0.034072 0.006991 0.048866
0 0 0.705366 0.163182 0.086695 0.006743 0.038015
2 0 0.100824 0.358501 0.473304 0.001142 0.066230
1 0 0.154354 0.415237 0.336846 0.000669 0.092894
1 0 0.154403 0.424866 0.308996 0.000441 0.111294
1 1 0.171790 0.427128 0.288021 0.000363 0.112699
1 1 0.352806 0.355365 0.185465 0.000653 0.105711
0 1 0.486607 0.293566 0.161962 0.001201 0.056665
0 1 0.759458 0.148790 0.063052 0.001568 0.027131
0 0 0.779131 0.134506 0.060846 0.002519 0.022998
0 0 0.770070 0.137737 0.062128 0.002952 0.027112
0 0 0.714202 0.169167 0.076967 0.002399 0.037265
0 1 0.528711 0.278937 0.132071 0.000742 0.059538
1 1 0.180011 0.416306 0.246095 0.000347 0.157240
1 1 0.068763 0.415878 0.358799 0.000264 0.156296
2 1 0.026981 0.291174 0.571330 0.000460 0.110054
2 1 0.018093 0.235228 0.645507 0.000694 0.100478
2 1 0.014630 0.197787 0.686871 0.001320 0.099393
2 1 0.012118 0.165083 0.736980 0.002704 0.083115
2 1 0.010751 0.146814 0.761880 0.004225 0.076330
2 2 0.007668 0.118499 0.828752 0.005096 0.039985
2 1 0.007698 0.117053 0.835736 0.005310 0.034203
0 1 0.548527 0.243566 0.150342 0.004793 0.052772
0 0 0.684011 0.194017 0.077087 0.000850 0.044034
0 0 0.666780 0.212200 0.088230 0.000480 0.032310
0 1 0.433074 0.327925 0.204733 0.000578 0.033690
1 1 0.318246 0.391461 0.242916 0.000281 0.047096
1 1 0.280867 0.397101 0.289196 0.000282 0.032554
2 1 0.166655 0.404765 0.405030 0.000300 0.023251
2 1 0.118692 0.369462 0.494356 0.000593 0.016897
2 1 0.048393 0.281656 0.656782 0.000984 0.012185
2 2 0.016781 0.173221 0.800655 0.001635 0.007707
2 2 0.008009 0.101299 0.884405 0.002613 0.003673
2 2 0.008215 0.104899 0.880866 0.002361 0.003659
2 2 0.007437 0.088338 0.898002 0.003254 0.002969
2 2 0.008196 0.073429 0.910505 0.005725 0.002145
2 1 0.040941 0.150101 0.797605 0.006963 0.004390
2 1 0.057106 0.197116 0.734489 0.005408 0.005880
2 1 0.099264 0.268817 0.621632 0.003734 0.006552
2 1 0.150348 0.307487 0.528324 0.003479 0.010363
2 1 0.129288 0.366855 0.484828 0.000780 0.018250
2 1 0.088789 0.391282 0.490813 0.000419 0.028698
2 2 0.043579 0.165450 0.774858 0.008637 0.007476
2 2 0.045978 0.167095 0.771832 0.008552 0.006544
2 1 0.157085 0.274774 0.549255 0.005954 0.012934
2 2 0.172332 0.330776 0.481467 0.002160 0.013265
2 1 0.133995 0.357507 0.487970 0.001218 0.019310
2 1 0.074164 0.360218 0.544462 0.000613 0.020543
2 1 0.033699 0.265187 0.683934 0.001280 0.015900
2 1 0.044429 0.305129 0.632184 0.001045 0.017214
2 2 0.011829 0.141460 0.837100 0.002784 0.006827
2 2 0.010633 0.132377 0.846671 0.003188 0.007130
2 2 0.002901 0.062292 0.927647 0.003905 0.003255
2 2 0.001739 0.041758 0.948147 0.006041 0.002315
2 2 0.001906 0.037248 0.951996 0.007213 0.001636
2 1 0.004895 0.057146 0.926314 0.009073 0.002573
2 1 0.009058 0.104564 0.876276 0.004767 0.005336
2 2 0.006032 0.094995 0.891437 0.003243 0.004293
2 2 0.006561 0.107351 0.879630 0.002023 0.004436
2 2 0.002857 0.069078 0.922834 0.002011 0.003220
2 2 0.004086 0.088233 0.901508 0.001567 0.004606
2 2 0.001820 0.054821 0.938304 0.002000 0.003055
2 2 0.264691 0.329165 0.377623 0.004004 0.024518
2 1 0.254078 0.311041 0.419044 0.003551 0.012287
2 1 0.075681 0.208439 0.707131 0.004115 0.004634
2 1 0.111780 0.243323 0.631678 0.004794 0.008425
2 1 0.039003 0.153905 0.797260 0.005584 0.004248
2 1 0.028541 0.132617 0.830584 0.004848 0.003409
2 2 0.015140 0.094680 0.881638 0.005982 0.002559
2 2 0.004237 0.047617 0.940072 0.006723 0.001351
2 2 0.001728 0.029745 0.963078 0.004796 0.000654
2 2 0.001451 0.025338 0.967259 0.005410 0.000542
2 2 0.003397 0.048656 0.943186 0.003548 0.001212
2 2 0.002654 0.046455 0.946112 0.003394 0.001384
2 2 0.001662 0.033281 0.959121 0.004889 0.001046
2 2 0.001688 0.031969 0.960903 0.004555 0.000885
2 2 0.002372 0.036464 0.954688 0.005384 0.001092
2 2 0.003237 0.042702 0.947584 0.005231 0.001247
2 2 0.000604 0.018238 0.976186 0.004470 0.000502
2 2 0.000538 0.017130 0.977516 0.004335 0.000481
2 2 0.000268 0.011767 0.982951 0.004690 0.000324
2 2 0.000192 0.008862 0.985379 0.005356 0.000212
2 2 0.040189 0.172141 0.765490 0.014298 0.007881
2 1 0.010742 0.105883 0.873012 0.007159 0.003203
2 1 0.013776 0.136156 0.840964 0.004261 0.004843
2 2 0.000984 0.031196 0.960823 0.005468 0.001529
2 2 0.001782 0.043854 0.945408 0.006325 0.002631
2 2 0.001969 0.045240 0.942831 0.007232 0.002727
2 1 0.003245 0.061814 0.925694 0.005841 0.003406
2 1 0.007926 0.114539 0.868360 0.002995 0.006180
2 1 0.007685 0.123813 0.860353 0.001566 0.006584
2 2 0.002697 0.073041 0.918508 0.001326 0.004429
2 2 0.000980 0.037636 0.957029 0.002280 0.002074
2 2 0.000534 0.024008 0.970406 0.003744 0.001308
2 2 0.000503 0.024094 0.971508 0.002764 0.001131
2 2 0.000174 0.012676 0.983890 0.002755 0.000506
2 2 0.000199 0.013641 0.982407 0.003129 0.000624
2 2 0.000235 0.014698 0.980698 0.003659 0.000710
2 2 0.000252 0.016101 0.979710 0.003073 0.000864
2 2 0.000517 0.024161 0.970114 0.003683 0.001525
2 2 0.000219 0.014266 0.981131 0.003647 0.000737
2 2 0.000128 0.009800 0.984990 0.004618 0.000465
2 2 0.002600 0.027690 0.951249 0.017588 0.000873
2 2 0.003097 0.046078 0.935346 0.012930 0.002550
2 2 0.001816 0.041134 0.947255 0.007829 0.001966
2 1 0.001547 0.041184 0.951113 0.004437 0.001719
2 1 0.000810 0.027672 0.965263 0.005087 0.001169
2 2 0.000641 0.025297 0.968065 0.004691 0.001306
2 2 0.000690 0.024846 0.966508 0.006604 0.001352
2 2 0.000525 0.020648 0.969255 0.008296 0.001276
2 2 0.000369 0.016225 0.974507 0.008131 0.000769
2 2 0.000653 0.023065 0.967546 0.007598 0.001139
2 2 0.001436 0.032114 0.958997 0.006254 0.001199
2 1 0.002624 0.040214 0.948009 0.007666 0.001486
2 1 0.001234 0.026200 0.962454 0.009111 0.001001
2 1 0.001526 0.033092 0.954039 0.009855 0.001487
2 1 0.001103 0.030235 0.957735 0.009337 0.001590
2 2 0.000899 0.028108 0.962492 0.007119 0.001381
2 2 0.000304 0.015358 0.976806 0.006711 0.000821
2 2 0.000107 0.008271 0.984706 0.006510 0.000406
2 2 0.000049 0.004910 0.985260 0.009516 0.000266
2 2 0.000030 0.003885 0.989059 0.006838 0.000188
2 2 0.000039 0.003596 0.987470 0.008780 0.000116
2 2 0.000023 0.002599 0.986452 0.010835 0.000092
2 2 0.000034 0.003490 0.984450 0.011876 0.000150
2 2 0.000048 0.004320 0.981184 0.014232 0.000215
2 2 0.000061 0.005333 0.982510 0.011823 0.000273
2 2 0.000046 0.004663 0.986136 0.008934 0.000222
2 2 0.000026 0.003429 0.986689 0.009664 0.000192
2 2 0.000017 0.002315 0.983903 0.013653 0.000113
2 2 0.000016 0.002083 0.980129 0.017666 0.000106
2 2 0.000018 0.001852 0.971736 0.026308 0.000086
2 2 0.000014 0.001455 0.959300 0.039157 0.000074
2 2 0.000017 0.001436 0.938488 0.059977 0.000082
2 2 0.000033 0.001502 0.892542 0.105845 0.000078
2 3 0.000068 0.002004 0.884567 0.113264 0.000096
2 2 0.000146 0.002468 0.848893 0.148393 0.000101
2 2 0.000742 0.006717 0.888600 0.103683 0.000258
2 1 0.001244 0.011555 0.921044 0.065704 0.000452
2 1 0.002699 0.017714 0.911300 0.067647 0.000640
2 1 0.008728 0.037557 0.916384 0.036414 0.000917
2 1 0.073023 0.149345 0.746842 0.024870 0.005920
2 1 0.005462 0.097818 0.891090 0.001856 0.003774
2 1 0.002903 0.063492 0.927250 0.003323 0.003032
2 2 0.000562 0.022858 0.970992 0.004620 0.000968
2 2 0.000128 0.008768 0.983127 0.007595 0.000382
2 2 0.000124 0.008648 0.983999 0.006885 0.000344
2 2 0.000236 0.011102 0.980963 0.007309 0.000390
2 2 0.000431 0.016375 0.975405 0.007139 0.000649
2 2 0.000285 0.014626 0.978994 0.005536 0.000560
2 2 0.000447 0.019617 0.974676 0.004548 0.000711
2 2 0.001370 0.039018 0.953835 0.004131 0.001645
2 2 0.001952 0.048630 0.942611 0.004328 0.002479
2 2 0.000427 0.016865 0.972468 0.009411 0.000829
2 2 0.000385 0.014984 0.973677 0.010264 0.000691
2 1 0.000207 0.009382 0.977374 0.012666 0.000371
2 2 0.000556 0.015079 0.971687 0.012133 0.000546
2 1 0.000800 0.017386 0.967274 0.013910 0.000629
2 2 0.000299 0.010125 0.970552 0.018580 0.000444
2 2 0.000349 0.014845 0.972579 0.011459 0.000768
2 2 0.000370 0.016361 0.974083 0.008350 0.000837
2 2 0.000448 0.020342 0.974391 0.004028 0.000790
2 1 0.001855 0.044197 0.948831 0.003885 0.001233
2 1 0.001724 0.044640 0.948495 0.003567 0.001574
2 2 0.000834 0.029037 0.963615 0.005024 0.001489
2 2 0.001118 0.035446 0.957092 0.004443 0.001901
2 2 0.000295 0.014428 0.976880 0.007704 0.000693
2 2 0.001137 0.031750 0.958160 0.007389 0.001564
2 2 0.002357 0.051844 0.938885 0.004714 0.002200
2 1 0.008211 0.089268 0.894174 0.005166 0.003182
2 1 0.011247 0.110627 0.869917 0.004535 0.003674
2 1 0.066689 0.264719 0.657905 0.002918 0.007770
2 1 0.074487 0.323586 0.587842 0.001175 0.012909
2 2 0.061085 0.332258 0.588426 0.000957 0.017274
2 1 0.045996 0.308411 0.631358 0.000946 0.013289
2 2 0.035701 0.248601 0.703815 0.002084 0.009799
2 1 0.017484 0.172424 0.800361 0.002551 0.007179
2 2 0.009273 0.119185 0.861844 0.003641 0.006057
2 2 0.004366 0.073575 0.912297 0.005653 0.004108
2 2 0.003546 0.064789 0.922153 0.005933 0.003579
2 2 0.009180 0.119659 0.861094 0.003613 0.006454
2 2 0.006055 0.093396 0.891696 0.003980 0.004873
2 2 0.016887 0.165570 0.808868 0.002638 0.006037
2 2 0.032078 0.236798 0.721542 0.001885 0.007698
2 0 0.026032 0.209816 0.753152 0.002507 0.008492
2 1 0.008477 0.116221 0.864381 0.003713 0.007208
2 2 0.002976 0.064420 0.923297 0.004548 0.004758
2 2 0.000960 0.031613 0.958481 0.006547 0.002400
2 2 0.000357 0.017992 0.975121 0.005409 0.001122
2 2 0.000736 0.029179 0.964248 0.003984 0.001854
2 2 0.001020 0.034954 0.957316 0.004336 0.002374
2 2 0.000345 0.017533 0.975201 0.005775 0.001146
2 2 0.000460 0.021232 0.971130 0.005606 0.001573
2 2 0.000369 0.018747 0.975219 0.004583 0.001081
2 2 0.000263 0.014757 0.978850 0.005350 0.000780
2 2 0.000069 0.006204 0.986192 0.007254 0.000281
2 2 0.000193 0.011776 0.979633 0.007641 0.000758
2 2 0.000505 0.023067 0.968628 0.005691 0.002109
2 4 0.001250 0.039113 0.945869 0.007832 0.005936
2 4 0.004066 0.073317 0.851107 0.017949 0.053560
2 4 0.014576 0.116666 0.470414 0.026094 0.372250
4 4 0.019243 0.094207 0.173689 0.011508 0.701354
4 4 0.058417 0.134026 0.048528 0.000558 0.758471
4 4 0.048613 0.124955 0.050253 0.000533 0.775646
4 4 0.034887 0.114321 0.073847 0.001209 0.775735
4 4 0.032587 0.108344 0.081938 0.002000 0.775131
4 4 0.027077 0.086309 0.070567 0.002895 0.813152
4 4 0.026978 0.081962 0.059068 0.002144 0.829849
4 4 0.023976 0.072112 0.045237 0.001287 0.857389
4 4 0.030977 0.099106 0.061052 0.001066 0.807799
4 4 0.022723 0.123655 0.136618 0.001351 0.715652
4 4 0.028405 0.146895 0.146679 0.001171 0.676850
4 4 0.033273 0.218619 0.262981 0.000952 0.484175
4 4 0.026765 0.220487 0.332985 0.000891 0.418873
4 4 0.044306 0.170390 0.134647 0.001520 0.649136
4 4 0.054055 0.139165 0.079289 0.001926 0.725564
4 4 0.050019 0.086917 0.028703 0.000959 0.833402
4 4 0.044120 0.078074 0.023942 0.000661 0.853202
4 4 0.034894 0.063260 0.016791 0.000324 0.884732
4 4 0.076163 0.090772 0.023178 0.000462 0.809426
4 4 0.049282 0.077609 0.022502 0.000619 0.849988
4 4 0.033953 0.091894 0.062211 0.002691 0.809251
4 4 0.019642 0.161216 0.262592 0.001222 0.555329
4 4 0.025147 0.186581 0.250765 0.000910 0.536597
4 4 0.013778 0.168873 0.404323 0.001005 0.412020
4 4 0.015128 0.171419 0.353027 0.000823 0.459602
2 4 0.008546 0.154357 0.530450 0.000749 0.305897
2 1 0.007628 0.157798 0.611077 0.000598 0.222899
2 1 0.010114 0.177602 0.601270 0.000675 0.210339
2 1 0.013186 0.198119 0.598331 0.000775 0.189590
2 0 0.049510 0.293698 0.487572 0.001421 0.167798
2 1 0.066817 0.314542 0.513236 0.001621 0.103784
2 0 0.102161 0.354449 0.451444 0.001508 0.090439
1 0 0.145538 0.401726 0.368889 0.001111 0.082735
1 1 0.137305 0.411916 0.345829 0.000776 0.104175
1 1 0.131222 0.416306 0.359906 0.000654 0.091912
2 1 0.038937 0.320912 0.566440 0.000564 0.073147
2 1 0.027844 0.289350 0.630700 0.000505 0.051600
2 1 0.037141 0.318452 0.586283 0.000542 0.057582
2 1 0.068681 0.385280 0.493712 0.000508 0.051818
2 1 0.072784 0.390433 0.488365 0.000555 0.047863
2 1 0.079260 0.400764 0.475004 0.000444 0.044528
2 1 0.082967 0.388672 0.438340 0.001267 0.088755
2 1 0.060369 0.332314 0.517388 0.002139 0.087791
2 1 0.048255 0.300955 0.586030 0.002437 0.062323
2 1 0.035452 0.261061 0.669113 0.002355 0.032019
2 1 0.039757 0.271444 0.653025 0.002553 0.033222
2 1 0.108700 0.353228 0.497824 0.002783 0.037465
2 1 0.096298 0.341678 0.533608 0.002373 0.026043
2 1 0.143044 0.374856 0.442917 0.001581 0.037601
2 1 0.105285 0.385330 0.470162 0.000894 0.038328
2 0 0.076851 0.404153 0.458435 0.000511 0.060050
2 1 0.062999 0.397332 0.485786 0.000436 0.053446
2 1 0.064538 0.404285 0.469908 0.000402 0.060866
2 1 0.036847 0.308903 0.586012 0.000795 0.067443
2 1 0.026974 0.266061 0.634761 0.000987 0.071217
2 1 0.022874 0.236652 0.660965 0.001482 0.078026
2 1 0.018750 0.216255 0.718420 0.001333 0.045243
2 2 0.013769 0.176751 0.768572 0.002041 0.038866
2 2 0.007058 0.119377 0.853644 0.002491 0.017429
2 2 0.002892 0.070539 0.914205 0.003224 0.009141
2 2 0.001902 0.051472 0.936680 0.004831 0.005114
2 2 0.001426 0.045281 0.946122 0.003505 0.003666
2 2 0.001275 0.044328 0.949333 0.002319 0.002744
2 2 0.000751 0.032135 0.962642 0.002516 0.001955
2 2 0.000254 0.016269 0.979690 0.002938 0.000849
2 2 0.000549 0.026046 0.968334 0.003244 0.001826
2 2 0.000533 0.024532 0.969020 0.004129 0.001786
2 2 0.000353 0.018393 0.973894 0.005822 0.001539
2 2 0.000435 0.020984 0.970907 0.005807 0.001867
2 2 0.000463 0.023201 0.970242 0.004098 0.001997
2 2 0.000367 0.019724 0.973843 0.004476 0.001589
2 2 0.000264 0.014879 0.978629 0.005391 0.000837
2 2 0.000948 0.026688 0.966866 0.004634 0.000864
2 0 0.002608 0.040602 0.950187 0.005539 0.001065
2 0 0.006630 0.059074 0.923054 0.009655 0.001587
2 1 0.011019 0.080627 0.895597 0.010264 0.002493
2 1 0.069839 0.244033 0.671682 0.005383 0.009062
2 1 0.036849 0.257265 0.690801 0.002029 0.013056
2 2 0.036421 0.259398 0.689693 0.001797 0.012692
2 2 0.021525 0.213455 0.749074 0.001475 0.014471
2 2 0.010770 0.148781 0.828795 0.001669 0.009985
2 1 0.045282 0.283445 0.659462 0.001616 0.010194
2 0 0.045316 0.281555 0.661413 0.001699 0.010017
2 1 0.011735 0.142205 0.836560 0.002615 0.006885
2 1 0.003165 0.070208 0.918788 0.003208 0.004631
2 2 0.001133 0.038695 0.953176 0.003936 0.003061
2 2 0.000403 0.020222 0.973228 0.004717 0.001430
2 2 0.000207 0.012312 0.978230 0.008339 0.000912
2 2 0.000530 0.022074 0.968807 0.006962 0.001627
2 2 0.000733 0.027116 0.963202 0.006766 0.002182
2 2 0.000272 0.014292 0.975401 0.008948 0.001087
2 2 0.000210 0.011492 0.975994 0.011522 0.000782
2 2 0.000187 0.010857 0.977928 0.010339 0.000690
2 2 0.000159 0.010166 0.980521 0.008551 0.000604
2 2 0.000114 0.008399 0.982488 0.008489 0.000511
2 2 0.000094 0.007633 0.984446 0.007401 0.000426
2 2 0.000113 0.008306 0.981167 0.009836 0.000578
2 2 0.000155 0.009844 0.978183 0.011068 0.000750
2 2 0.000108 0.007519 0.976646 0.015143 0.000584
2 2 0.000090 0.006260 0.970976 0.022161 0.000514
2 2 0.000068 0.004907 0.962333 0.032281 0.000411
2 2 0.000047 0.002734 0.908132 0.088875 0.000211
2 2 0.000054 0.002694 0.842174 0.154770 0.000308
2 2 0.000345 0.006244 0.841275 0.151602 0.000534
2 2 0.000803 0.010318 0.885730 0.102411 0.000738
2 2 0.000644 0.007815 0.840852 0.150057 0.000632
2 2 0.000765 0.008667 0.842862 0.147012 0.000693
2 2 0.000549 0.007635 0.794988 0.195974 0.000854
2 2 0.000558 0.010032 0.840915 0.147056 0.001440
2 2 0.000123 0.005866 0.879331 0.113501 0.001178
2 2 0.000065 0.003521 0.821030 0.174688 0.000696
2 2 0.000035 0.002513 0.845617 0.151382 0.000454
2 2 0.000052 0.002650 0.822052 0.174871 0.000376
2 2 0.000137 0.003833 0.805921 0.189678 0.000431
2 2 0.000132 0.003169 0.759324 0.237030 0.000345
2 2 0.000333 0.004620 0.704342 0.290143 0.000563
2 2 0.000143 0.002521 0.554213 0.442639 0.000485
3 2 0.000122 0.002140 0.478992 0.518254 0.000492
3 3 0.000092 0.002080 0.417802 0.579240 0.000785
3 2 0.000166 0.002670 0.425249 0.571143 0.000772
3 2 0.000147 0.002202 0.447265 0.549941 0.000445
3 2 0.000066 0.001370 0.303630 0.694352 0.000582
3 2 0.000042 0.000733 0.196004 0.802895 0.000325
3 2 0.000079 0.001319 0.276111 0.721971 0.000520
3 3 0.000098 0.001326 0.238062 0.759974 0.000539
3 3 0.000080 0.000914 0.186963 0.811689 0.000353
3 2 0.000065 0.000951 0.237753 0.760899 0.000332
3 3 0.000042 0.000640 0.188504 0.810563 0.000251
3 3 0.000063 0.000897 0.212604 0.786060 0.000375
3 3 0.000043 0.000703 0.201963 0.796987 0.000304
3 3 0.000031 0.000625 0.217800 0.781289 0.000254
3 3 0.000051 0.000725 0.174575 0.824325 0.000323
3 3 0.000050 0.000681 0.159327 0.839617 0.000326
3 3 0.000073 0.001100 0.221118 0.777177 0.000533
3 3 0.000074 0.001106 0.230124 0.768238 0.000457
3 3 0.000056 0.000874 0.202737 0.795958 0.000375
3 3 0.000065 0.000994 0.217797 0.780746 0.000398
3 3 0.000023 0.000429 0.169830 0.829563 0.000156
3 3 0.000043 0.000609 0.206465 0.792719 0.000164
3 3 0.000094 0.000841 0.210119 0.788749 0.000197
3 3 0.000130 0.000988 0.206654 0.791985 0.000243
3 3 0.000368 0.003594 0.304589 0.689878 0.001571
3 3 0.000105 0.001080 0.168422 0.829880 0.000513
3 3 0.000043 0.000375 0.063553 0.935721 0.000308
3 3 0.000026 0.000264 0.055707 0.943788 0.000216
3 3 0.000020 0.000187 0.045582 0.954068 0.000143
3 3 0.000037 0.000353 0.070122 0.929248 0.000240
3 3 0.000026 0.000290 0.079124 0.920390 0.000170
3 3 0.000021 0.000304 0.081327 0.918113 0.000236
3 3 0.000038 0.000477 0.096432 0.902705 0.000348
3 3 0.000016 0.000276 0.070029 0.929405 0.000275
3 3 0.000012 0.000222 0.063939 0.935609 0.000219
3 3 0.000033 0.000444 0.075864 0.923235 0.000424
3 3 0.000035 0.000382 0.064409 0.934844 0.000330
3 3 0.000053 0.000472 0.067856 0.931224 0.000394
3 3 0.000057 0.000515 0.080358 0.918686 0.000384
3 3 0.000050 0.000503 0.090957 0.908164 0.000326
3 3 0.000064 0.000628 0.096989 0.901908 0.000411
3 3 0.000054 0.000560 0.090743 0.908243 0.000401
3 3 0.000044 0.000433 0.068314 0.930838 0.000371
3 3 0.000069 0.000561 0.072912 0.925989 0.000469
3 3 0.000035 0.000375 0.065508 0.933758 0.000324
3 3 0.000059 0.000515 0.070110 0.928883 0.000434
3 3 0.000044 0.000481 0.076497 0.922539 0.000438
3 3 0.000052 0.000658 0.096554 0.902071 0.000666
3 3 0.000070 0.000862 0.103690 0.894498 0.000880
3 3 0.000078 0.001037 0.118141 0.879621 0.001123
3 3 0.000049 0.000840 0.126349 0.871941 0.000821
3 3 0.000010 0.000247 0.073266 0.926208 0.000269
3 3 0.000016 0.000274 0.065417 0.934032 0.000261
3 3 0.000016 0.000247 0.058903 0.940608 0.000226
3 3 0.000021 0.000283 0.063216 0.936224 0.000257
3 3 0.000025 0.000270 0.055953 0.943529 0.000223
3 3 0.000025 0.000324 0.073234 0.926154 0.000262
3 3 0.000050 0.000628 0.120379 0.878548 0.000394
3 3 0.000045 0.000743 0.149032 0.849691 0.000489
3 3 0.000088 0.000945 0.145346 0.853136 0.000485
3 3 0.000070 0.000848 0.155684 0.842984 0.000414
3 3 0.000064 0.000785 0.150934 0.847812 0.000405
3 3 0.000113 0.001125 0.168909 0.829290 0.000563
3 3 0.000060 0.000601 0.099102 0.899816 0.000421
3 3 0.000040 0.000779 0.185410 0.813334 0.000437
3 3 0.000073 0.000814 0.132789 0.865830 0.000494
3 3 0.000208 0.001928 0.239143 0.757920 0.000802
3 3 0.000437 0.003748 0.428122 0.566841 0.000852
2 3 0.001830 0.012267 0.762734 0.222073 0.001096
2 2 0.002315 0.013504 0.858594 0.125074 0.000513
2 1 0.013286 0.042937 0.891683 0.050917 0.001177
2 1 0.025727 0.082384 0.860850 0.028303 0.002736
2 1 0.031669 0.108088 0.837186 0.019437 0.003621
2 1 0.042717 0.132557 0.807716 0.013275 0.003735
2 1 0.031064 0.107218 0.842007 0.016455 0.003256
2 1 0.018893 0.083451 0.882868 0.012769 0.002020
2 1 0.012312 0.078177 0.896306 0.010977 0.002227
2 1 0.026806 0.127448 0.834262 0.008041 0.003444
2 2 0.006552 0.072020 0.912285 0.006927 0.002216
2 2 0.008103 0.074868 0.908024 0.007046 0.001959
2 0 0.011448 0.081810 0.894872 0.009213 0.002657
2 1 0.006705 0.077338 0.906434 0.006286 0.003237
2 2 0.002638 0.052358 0.935992 0.006595 0.002417
2 1 0.004735 0.072051 0.911261 0.007935 0.004019
2 1 0.004387 0.086973 0.902541 0.002084 0.004015
2 1 0.005399 0.097369 0.891007 0.002002 0.004223
2 1 0.008221 0.123434 0.860015 0.001999 0.006331
2 2 0.003580 0.075576 0.913295 0.002948 0.004601
2 1 0.004359 0.083529 0.903940 0.003091 0.005082
2 1 0.005956 0.099920 0.886325 0.002635 0.005163
2 1 0.004460 0.086788 0.902082 0.002339 0.004331
2 2 0.002811 0.065952 0.925035 0.002691 0.003510
2 2 0.003992 0.081362 0.907828 0.002493 0.004325
2 2 0.005260 0.093659 0.893529 0.002625 0.004926
2 2 0.012426 0.152682 0.821310 0.002424 0.011157
2 1 0.010375 0.129519 0.848461 0.003644 0.008000
2 1 0.016346 0.169577 0.802025 0.002658 0.009393
2 2 0.035046 0.266373 0.671543 0.001742 0.025296
2 1 0.039972 0.284708 0.649536 0.001536 0.024247
2 1 0.024392 0.226238 0.727132 0.001704 0.020534
2 1 0.015591 0.162719 0.810061 0.002950 0.008679
2 1 0.011610 0.136408 0.842896 0.003032 0.006054
2 1 0.022384 0.204577 0.757900 0.002232 0.012908
2 1 0.022303 0.202438 0.760778 0.002190 0.012291
2 1 0.034603 0.277632 0.676607 0.000775 0.010382
2 1 0.036165 0.299007 0.646391 0.000627 0.017809
2 1 0.024413 0.221983 0.738197 0.001558 0.013849
2 1 0.017447 0.150127 0.823485 0.003021 0.005920
2 1 0.022535 0.158233 0.810846 0.003027 0.005359
2 0 0.040273 0.227005 0.722403 0.002380 0.007939
2 1 0.081766 0.319515 0.578937 0.001988 0.017795
2 1 0.050661 0.320573 0.600278 0.001285 0.027203
2 1 0.028182 0.251613 0.689448 0.001396 0.029361
2 1 0.032096 0.271529 0.652431 0.001338 0.042607
2 1 0.028643 0.250021 0.686581 0.001632 0.033123
2 1 0.029558 0.270433 0.668832 0.000919 0.030259
2 1 0.046640 0.262654 0.672749 0.002094 0.015863
2 1 0.090241 0.295516 0.587877 0.003810 0.022556
2 0 0.173108 0.334865 0.455078 0.005793 0.031157
2 1 0.152205 0.360506 0.433473 0.003675 0.050140
1 1 0.157962 0.429478 0.313461 0.000377 0.098722
1 1 0.116278 0.434769 0.321711 0.000294 0.126947
2 1 0.052661 0.374823 0.496124 0.000447 0.075946
2 1 0.022117 0.256653 0.658175 0.000650 0.062405
2 1 0.020812 0.233776 0.723736 0.000756 0.020919
2 1 0.032555 0.283725 0.654595 0.000835 0.028289
2 1 0.035181 0.291425 0.642446 0.000890 0.030058
2 1 0.016520 0.192791 0.767709 0.001549 0.021431
2 1 0.013893 0.172242 0.799575 0.001549 0.012741
2 1 0.011207 0.147630 0.831485 0.001801 0.007877
2 1 0.009601 0.132004 0.850794 0.001850 0.005751
2 1 0.032265 0.178888 0.778640 0.003737 0.006469
2 0 0.059357 0.184206 0.741637 0.008201 0.006599
2 0 0.112142 0.292900 0.561172 0.006451 0.027336
2 0 0.235178 0.351145 0.366325 0.003721 0.043631
1 1 0.227554 0.385354 0.309343 0.001396 0.076353
2 1 0.201393 0.332357 0.429624 0.003891 0.032735
2 1 0.048057 0.226480 0.709467 0.002677 0.013319
2 1 0.129545 0.284894 0.571130 0.002463 0.011968
1 1 0.318893 0.344555 0.318149 0.000849 0.017554
1 1 0.285508 0.362090 0.329998 0.000744 0.021661
1 1 0.268257 0.367273 0.339910 0.000789 0.023771
2 1 0.217193 0.372978 0.388618 0.000729 0.020482
1 1 0.277128 0.361957 0.341120 0.000688 0.019106
0 1 0.326208 0.325066 0.303074 0.004631 0.041020
1 0 0.208249 0.389671 0.352649 0.001049 0.048382
2 0 0.302539 0.335137 0.337726 0.002078 0.022520
0 1 0.351527 0.298135 0.333997 0.003198 0.013144
0 1 0.591561 0.213406 0.181313 0.003617 0.010103
0 0 0.675452 0.167822 0.140704 0.007298 0.008724
0 0 0.599248 0.162196 0.203901 0.026549 0.008106
0 0 0.813180 0.079576 0.062266 0.038324 0.006654
0 0 0.822942 0.075759 0.046465 0.041100 0.013735
0 0 0.917817 0.032155 0.010256 0.021832 0.017940
0 0 0.947550 0.022034 0.005793 0.012310 0.012313
0 0 0.915670 0.034944 0.009796 0.014106 0.025485
0 0 0.922202 0.031589 0.009399 0.017463 0.019348
0 0 0.925079 0.030440 0.009944 0.020376 0.014162
0 0 0.890344 0.042830 0.014416 0.024640 0.027769
0 0 0.870711 0.051187 0.016334 0.019859 0.041909
0 0 0.866517 0.072621 0.032227 0.011303 0.017333
0 0 0.853037 0.078428 0.038083 0.013818 0.016634
0 0 0.866024 0.077594 0.033021 0.006736 0.016624
0 0 0.899915 0.058639 0.027895 0.006998 0.006552
0 0 0.874534 0.062176 0.029711 0.019696 0.013883
0 0 0.912682 0.032641 0.011111 0.026886 0.016680
0 0 0.861952 0.027780 0.014144 0.087604 0.008520
0 0 0.920030 0.022670 0.008885 0.039459 0.008956
0 0 0.942417 0.022180 0.006600 0.017839 0.010964
0 0 0.967796 0.013911 0.003193 0.008358 0.006741
0 0 0.953981 0.018279 0.005009 0.014446 0.008286
0 0 0.885172 0.058349 0.028048 0.017373 0.011058
0 0 0.842276 0.096543 0.040101 0.003212 0.017868
0 0 0.549573 0.249431 0.131933 0.002627 0.066437
0 0 0.495159 0.252347 0.211878 0.007257 0.033359
0 0 0.475807 0.260562 0.235522 0.005798 0.022311
0 0 0.596250 0.200078 0.182104 0.008389 0.013178
0 0 0.664695 0.171390 0.136699 0.010644 0.016570
0 0 0.535992 0.168157 0.215519 0.051936 0.028396
0 0 0.830705 0.058636 0.035576 0.054940 0.020142
0 0 0.889234 0.042754 0.017400 0.031333 0.019279
0 0 0.915171 0.035322 0.013081 0.023396 0.013029
0 0 0.913894 0.033133 0.010900 0.024020 0.018053
0 0 0.939244 0.024884 0.007002 0.015112 0.013757
0 0 0.939255 0.024595 0.007037 0.015982 0.013130
0 0 0.921048 0.030274 0.009801 0.023143 0.015734
0 0 0.863639 0.051325 0.019098 0.032725 0.033214
0 0 0.894166 0.048043 0.016970 0.017545 0.023277
0 0 0.882381 0.065871 0.025702 0.007913 0.018133
0 0 0.899870 0.058190 0.021716 0.006083 0.014141
0 0 0.842979 0.088590 0.049248 0.009092 0.010091
0 0 0.834122 0.086469 0.049715 0.017022 0.012672
0 0 0.869938 0.060945 0.031608 0.025696 0.011813
0 0 0.889407 0.057498 0.022870 0.012748 0.017477
0 0 0.866187 0.072586 0.027465 0.008309 0.025453
0 0 0.765185 0.120973 0.052436 0.009851 0.051556
0 0 0.694961 0.159025 0.086094 0.011692 0.048228
0 0 0.761060 0.121389 0.062111 0.016314 0.039125
0 0 0.839387 0.085016 0.043319 0.014101 0.018176
0 0 0.859568 0.066514 0.031441 0.023790 0.018688
0 0 0.868656 0.045521 0.018546 0.044242 0.023034
0 0 0.899435 0.033632 0.012946 0.038425 0.015563
0 0 0.942147 0.023615 0.006577 0.014447 0.013214
0 0 0.963182 0.016396 0.003624 0.007231 0.009568
0 0 0.858035 0.063506 0.025760 0.023290 0.029410
0 0 0.865288 0.054745 0.028860 0.038774 0.012333
0 0 0.823300 0.063851 0.029706 0.051934 0.031210
0 0 0.853392 0.051989 0.021214 0.043792 0.029612
0 0 0.919566 0.030148 0.010028 0.025277 0.014982
0 0 0.968962 0.014167 0.002871 0.005528 0.008472
0 0 0.970615 0.013199 0.002788 0.006396 0.007002
0 0 0.976715 0.010513 0.002116 0.005595 0.005061
0 0 0.973789 0.011851 0.002428 0.005857 0.006075
0 0 0.976843 0.010857 0.001993 0.004115 0.006192
0 0 0.960444 0.017598 0.003910 0.007293 0.010755
0 0 0.926669 0.028970 0.008907 0.019713 0.015740
0 0 0.959787 0.016270 0.004237 0.012407 0.007299
0 0 0.953539 0.017109 0.004973 0.017651 0.006728
0 0 0.961997 0.012696 0.003649 0.017613 0.004045
0 0 0.952508 0.014045 0.004540 0.024565 0.004342
0 0 0.960321 0.011582 0.003576 0.021001 0.003519
0 0 0.951871 0.016128 0.005004 0.020993 0.006004
0 0 0.914726 0.029155 0.010554 0.032505 0.013060
0 0 0.930302 0.024611 0.008231 0.026517 0.010339
0 0 0.911146 0.032022 0.011299 0.030273 0.015260
0 0 0.920681 0.029492 0.009844 0.025658 0.014324
0 0 0.930550 0.028111 0.008259 0.017079 0.016001
0 0 0.935054 0.023761 0.007620 0.022387 0.011178
0 0 0.965095 0.014916 0.003534 0.009199 0.007255
0 0 0.966138 0.015405 0.002995 0.004714 0.010749
0 0 0.957955 0.018755 0.003769 0.005139 0.014382
0 0 0.969954 0.013871 0.002395 0.003262 0.010518
0 0 0.937014 0.027060 0.006116 0.007246 0.022564
0 0 0.937422 0.026940 0.006240 0.007863 0.021535
0 0 0.835839 0.070740 0.023440 0.013803 0.056178
0 0 0.799919 0.082104 0.027317 0.013955 0.076706
0 0 0.841716 0.061129 0.019179 0.017829 0.060147
0 0 0.862749 0.054081 0.016932 0.018372 0.047866
0 0 0.926294 0.031047 0.007205 0.007719 0.027734
0 0 0.892414 0.042999 0.010782 0.009320 0.044486
0 0 0.886956 0.046253 0.012055 0.009546 0.045190
0 0 0.862784 0.066285 0.023076 0.011761 0.036093
0 0 0.853540 0.075843 0.031347 0.012750 0.026520
0 1 0.819194 0.098543 0.044366 0.009745 0.028153
0 1 0.538192 0.240607 0.185235 0.006245 0.029721
0 0 0.569014 0.188711 0.201166 0.019475 0.021634
0 0 0.726495 0.145282 0.094580 0.010484 0.023158
0 0 0.568432 0.191729 0.189415 0.019630 0.030795
0 0 0.720559 0.134381 0.102522 0.017969 0.024568
0 0 0.499191 0.166828 0.252102 0.057639 0.024242
0 0 0.665845 0.132582 0.129723 0.046652 0.025198
0 0 0.596546 0.135958 0.136351 0.094748 0.036396
0 0 0.775741 0.098425 0.044150 0.026129 0.055554
0 0 0.903267 0.045146 0.012380 0.007874 0.031333
0 1 0.748360 0.138070 0.050185 0.002888 0.060496
1 1 0.349621 0.351688 0.222520 0.001171 0.075000
1 1 0.116556 0.429625 0.353709 0.000387 0.099723
1 1 0.200110 0.397410 0.329903 0.001035 0.071542
1 1 0.285562 0.349759 0.309961 0.002975 0.051743
0 0 0.342272 0.316589 0.294889 0.005508 0.040742
0 1 0.344303 0.296166 0.319277 0.009936 0.030318
0 0 0.606796 0.217337 0.139837 0.004600 0.031430
0 0 0.815614 0.112471 0.049160 0.003019 0.019736
0 0 0.836940 0.101851 0.043610 0.002454 0.015144
0 0 0.897316 0.040381 0.009372 0.007230 0.045702
0 0 0.955320 0.019809 0.003845 0.004591 0.016436
0 0 0.954938 0.019772 0.003774 0.004292 0.017224
0 0 0.958269 0.017870 0.004116 0.007584 0.012161
0 0 0.970640 0.013120 0.002547 0.004483 0.009210
0 0 0.971710 0.012681 0.002562 0.005247 0.007801
0 0 0.973247 0.012491 0.002081 0.002938 0.009243
0 0 0.969027 0.014230 0.002791 0.004960 0.008991
0 0 0.929680 0.029822 0.007660 0.010880 0.021958
0 0 0.943156 0.024597 0.005956 0.009240 0.017051
0 0 0.918309 0.033759 0.009618 0.014972 0.023342
0 0 0.886697 0.043426 0.015192 0.027847 0.026838
0 0 0.880212 0.044766 0.016415 0.032195 0.026412
0 0 0.878060 0.059286 0.028190 0.021040 0.013423
0 0 0.890935 0.044811 0.024880 0.033340 0.006034
0 0 0.846505 0.071464 0.054427 0.023667 0.003937
0 0 0.727200 0.107859 0.108726 0.047147 0.009068
0 0 0.860587 0.038132 0.020427 0.072275 0.008579
0 0 0.924767 0.021690 0.008105 0.038448 0.006990
0 0 0.964635 0.013013 0.003502 0.014172 0.004678
0 0 0.960145 0.017032 0.004145 0.009880 0.008799
0 0 0.946800 0.022346 0.005890 0.012389 0.012575
0 0 0.912028 0.036417 0.010109 0.013547 0.027899
0 0 0.883165 0.046592 0.012518 0.011502 0.046222
0 0 0.899677 0.040555 0.010073 0.009154 0.040541
0 0 0.869482 0.051203 0.014086 0.012131 0.053098
0 0 0.855317 0.056546 0.017251 0.016645 0.054241
0 0 0.930094 0.029553 0.007659 0.011161 0.021533
0 0 0.943928 0.023886 0.006133 0.011235 0.014818
0 0 0.922374 0.032364 0.008937 0.013616 0.022710
0 0 0.868959 0.069465 0.029564 0.012421 0.019591
0 0 0.916355 0.047029 0.016177 0.006880 0.013559
0 0 0.914674 0.051257 0.018987 0.005015 0.010068
0 0 0.890856 0.051931 0.016468 0.010952 0.029793
0 0 0.772538 0.110314 0.066251 0.020129 0.030767
0 0 0.874737 0.046858 0.021785 0.035600 0.021019
0 0 0.903005 0.032567 0.013001 0.035863 0.015564
0 0 0.895878 0.040075 0.017142 0.034255 0.012649
0 0 0.883207 0.054580 0.023868 0.022309 0.016037
0 0 0.881909 0.063028 0.026222 0.011848 0.016993
0 0 0.802416 0.095206 0.066192 0.020616 0.015569
0 0 0.878126 0.059409 0.034037 0.018861 0.009567
0 0 0.885868 0.057450 0.033489 0.016091 0.007103
0 0 0.851040 0.075872 0.049187 0.015957 0.007943
0 0 0.858288 0.073536 0.047303 0.015181 0.005692
0 0 0.758144 0.125769 0.082577 0.016314 0.017196
0 0 0.856744 0.083113 0.039036 0.007172 0.013935
0 0 0.858551 0.080494 0.039226 0.008761 0.012968
0 0 0.857953 0.069744 0.046247 0.020492 0.005565
0 0 0.871694 0.043210 0.029024 0.051251 0.004820
0 0 0.938857 0.019280 0.007128 0.029796 0.004940
0 0 0.947570 0.012904 0.004463 0.031924 0.003140
0 0 0.950760 0.021411 0.007842 0.015845 0.004143
0 0 0.904221 0.050087 0.018940 0.011632 0.015120
0 0 0.851110 0.092106 0.038884 0.003061 0.014838
0 0 0.729564 0.156267 0.065650 0.002794 0.045724
