0 1 0.500881 0.175826 0.187517 0.062133 0.073643
0 1 0.650634 0.155006 0.135924 0.027918 0.030518
0 1 0.656229 0.164528 0.122487 0.024660 0.032096
0 0 0.626408 0.185644 0.107816 0.027778 0.052354
0 0 0.285590 0.249856 0.183152 0.041847 0.239555
4 1 0.035009 0.178759 0.240795 0.010853 0.534585
4 1 0.012408 0.122318 0.220901 0.002874 0.641499
4 1 0.005865 0.123578 0.268904 0.001905 0.599748
4 1 0.015184 0.128800 0.203253 0.003753 0.649010
4 1 0.015024 0.139549 0.234991 0.005197 0.605239
4 1 0.009905 0.119642 0.343585 0.006687 0.520182
4 1 0.016736 0.119854 0.280729 0.008010 0.574672
4 1 0.017729 0.128771 0.257603 0.007076 0.588820
4 1 0.029760 0.155923 0.243488 0.013864 0.556964
4 1 0.021503 0.156964 0.255299 0.010042 0.556192
4 1 0.019735 0.173705 0.270138 0.010749 0.525672
4 1 0.012359 0.162587 0.337400 0.009699 0.477956
4 1 0.009619 0.136226 0.379304 0.009074 0.465777
4 1 0.007839 0.127925 0.349563 0.005386 0.509288
4 1 0.012602 0.142199 0.251825 0.004600 0.588773
4 1 0.006933 0.135047 0.271681 0.001914 0.584426
2 1 0.006229 0.141252 0.477689 0.002930 0.371900
2 1 0.006734 0.149131 0.517713 0.002438 0.323984
2 1 0.005987 0.146677 0.441192 0.003553 0.402591
4 1 0.007457 0.164266 0.334010 0.005201 0.489067
4 1 0.005922 0.167134 0.372897 0.005836 0.448210
4 1 0.007518 0.167062 0.348548 0.006456 0.470415
4 1 0.012340 0.161409 0.327224 0.010286 0.488741
2 1 0.011891 0.149011 0.427019 0.020813 0.391265
2 1 0.004996 0.110437 0.651841 0.059736 0.172990
2 1 0.004899 0.096853 0.660519 0.119389 0.118341
2 1 0.002418 0.071803 0.816767 0.058314 0.050698
2 1 0.000901 0.043971 0.845019 0.069370 0.040740
2 1 0.000077 0.010381 0.926158 0.058895 0.004488
2 1 0.000331 0.018005 0.853444 0.119867 0.008353
2 1 0.001072 0.028403 0.850675 0.109774 0.010076
2 2 0.016058 0.084425 0.805234 0.066771 0.027512
2 2 0.177241 0.161672 0.548518 0.075719 0.036850
0 2 0.697564 0.123671 0.104296 0.034700 0.039770
0 2 0.881818 0.057177 0.028405 0.013439 0.019161
2 2 0.006217 0.043372 0.732414 0.210681 0.007316
2 2 0.015373 0.046649 0.735442 0.196714 0.005822
2 2 0.056085 0.079719 0.731634 0.123246 0.009316
0 2 0.411352 0.136663 0.377270 0.054512 0.020204
0 2 0.791751 0.098040 0.082850 0.014795 0.012564
0 2 0.907528 0.047874 0.027752 0.008383 0.008463
0 2 0.919404 0.038309 0.018075 0.010397 0.013816
0 2 0.905946 0.043154 0.019560 0.012554 0.018786
0 2 0.882432 0.052036 0.022898 0.015771 0.026864
0 2 0.820086 0.088391 0.046547 0.017646 0.027329
0 2 0.789900 0.098626 0.058041 0.021676 0.031757
0 2 0.726270 0.091063 0.071950 0.048553 0.062165
0 2 0.612560 0.131237 0.132082 0.058632 0.065489
0 2 0.381153 0.170730 0.294997 0.087361 0.065759
0 2 0.634077 0.124772 0.098954 0.057737 0.084461
0 2 0.565778 0.126498 0.125817 0.083321 0.098586
0 2 0.345223 0.149209 0.265041 0.154876 0.085651
2 2 0.099970 0.137413 0.600043 0.135660 0.026914
2 2 0.146361 0.155269 0.542808 0.121129 0.034434
0 2 0.417649 0.167633 0.313068 0.062222 0.039428
0 2 0.772709 0.084902 0.051072 0.035173 0.056144
0 2 0.785876 0.082886 0.062601 0.031730 0.036908
0 2 0.905453 0.037211 0.014452 0.015000 0.027884
0 2 0.844088 0.067708 0.029717 0.020073 0.038414
0 2 0.764844 0.106948 0.050991 0.025517 0.051700
0 2 0.576545 0.209826 0.123051 0.030227 0.060352
2 2 0.189625 0.283952 0.449246 0.031323 0.045854
2 2 0.035823 0.169709 0.707512 0.055657 0.031299
2 2 0.009725 0.082365 0.809742 0.085714 0.012453
2 2 0.015029 0.067518 0.741508 0.162679 0.013266
2 2 0.025713 0.068090 0.726328 0.166395 0.013474
2 2 0.071814 0.100537 0.698176 0.113628 0.015846
2 2 0.379506 0.158283 0.390208 0.050057 0.021946
0 2 0.740321 0.113203 0.115818 0.017677 0.012980
0 2 0.880796 0.061241 0.035138 0.010684 0.012141
0 2 0.914314 0.043702 0.023877 0.008704 0.009404
0 0 0.907440 0.047830 0.027507 0.008512 0.008711
0 0 0.917639 0.040394 0.020111 0.009784 0.012071
0 0 0.950442 0.018376 0.006575 0.009352 0.015254
0 0 0.955270 0.016456 0.005824 0.008653 0.013798
0 0 0.897264 0.047334 0.021683 0.013356 0.020363
0 0 0.768394 0.112852 0.059701 0.021716 0.037337
0 0 0.343507 0.265253 0.196782 0.061500 0.132958
2 0 0.018016 0.189801 0.590445 0.024062 0.177676
2 1 0.008722 0.163167 0.464155 0.019883 0.344073
2 1 0.005242 0.142849 0.517983 0.015124 0.318802
2 1 0.005857 0.154584 0.481069 0.013709 0.344780
2 1 0.004944 0.136412 0.464124 0.008896 0.385624
2 1 0.003339 0.126648 0.485794 0.005784 0.378435
2 1 0.003411 0.128153 0.437195 0.003996 0.427246
4 1 0.006089 0.135017 0.272788 0.002071 0.584035
4 1 0.007536 0.115937 0.217480 0.001580 0.657467
4 1 0.011331 0.105850 0.157477 0.001341 0.724001
4 1 0.006311 0.110246 0.222160 0.001183 0.660099
4 1 0.007405 0.125481 0.180847 0.000951 0.685315
4 1 0.009021 0.133777 0.171440 0.001109 0.684653
4 4 0.012330 0.129531 0.167717 0.001722 0.688700
4 4 0.008447 0.128041 0.263764 0.002980 0.596769
4 4 0.022658 0.102819 0.121267 0.002292 0.750964
4 4 0.035799 0.089329 0.083166 0.002055 0.789650
4 4 0.017569 0.120198 0.201231 0.004769 0.656233
4 4 0.027277 0.104080 0.147418 0.004414 0.716811
4 4 0.035000 0.091758 0.119745 0.003963 0.749533
4 4 0.058540 0.082316 0.072517 0.003284 0.783344
4 4 0.080890 0.089397 0.068828 0.004807 0.756078
4 4 0.072486 0.087935 0.078172 0.004966 0.756442
4 4 0.051918 0.098721 0.096553 0.004338 0.748470
4 4 0.057763 0.096827 0.076178 0.003361 0.765870
4 4 0.031673 0.097045 0.090017 0.001936 0.779328
4 4 0.020721 0.105925 0.119093 0.001755 0.752505
4 4 0.017364 0.117261 0.116001 0.001436 0.747938
4 4 0.007115 0.127692 0.295096 0.003379 0.566718
4 4 0.005491 0.120752 0.346157 0.003775 0.523825
4 4 0.003627 0.113978 0.425660 0.003927 0.452808
4 4 0.003748 0.111399 0.394147 0.003054 0.487652
4 4 0.006234 0.116941 0.366456 0.004451 0.505917
4 4 0.005348 0.124278 0.426905 0.005880 0.437588
2 4 0.006783 0.126616 0.429194 0.008230 0.429177
2 4 0.004821 0.119389 0.502234 0.009511 0.364045
4 4 0.004466 0.126339 0.429338 0.004886 0.434971
4 4 0.011198 0.125418 0.199566 0.002142 0.661676
4 4 0.013797 0.118488 0.212520 0.003341 0.651855
4 4 0.014801 0.122879 0.197329 0.002861 0.662129
4 4 0.013569 0.128094 0.212584 0.002996 0.642756
4 4 0.024563 0.114882 0.187765 0.005152 0.667638
4 4 0.066543 0.117773 0.170802 0.017754 0.627128
4 4 0.099079 0.160394 0.295634 0.048025 0.396868
0 4 0.413799 0.189220 0.148237 0.055161 0.193583
0 4 0.510542 0.171255 0.073421 0.038908 0.205873
0 4 0.453325 0.137929 0.051339 0.037980 0.319427
4 4 0.081354 0.176355 0.097022 0.008572 0.636697
4 4 0.020470 0.177498 0.233064 0.007834 0.561134
4 2 0.015197 0.169335 0.265874 0.007956 0.541638
4 2 0.007158 0.158970 0.390952 0.008452 0.434468
2 2 0.007258 0.146026 0.430348 0.011785 0.404584
4 2 0.006177 0.126016 0.402791 0.006622 0.458394
4 2 0.005745 0.115779 0.389727 0.005144 0.483606
4 2 0.004453 0.117663 0.414338 0.004319 0.459227
4 2 0.003629 0.124886 0.414782 0.003444 0.453258
4 2 0.003562 0.123891 0.432820 0.003874 0.435853
2 2 0.005179 0.147391 0.480407 0.010905 0.356119
2 2 0.006138 0.149841 0.466758 0.011885 0.365378
2 2 0.006923 0.159826 0.485961 0.018234 0.329057
2 2 0.002686 0.103580 0.711002 0.023128 0.159604
2 2 0.001440 0.075221 0.827526 0.038508 0.057305
2 2 0.001484 0.076597 0.850947 0.036030 0.034942
2 2 0.002703 0.108681 0.735924 0.072355 0.080337
2 2 0.001904 0.084091 0.733277 0.094639 0.086088
2 2 0.001831 0.080222 0.736812 0.099622 0.081513
2 2 0.000465 0.034443 0.774640 0.163829 0.026624
2 2 0.000252 0.022983 0.777820 0.182461 0.016485
2 2 0.000130 0.014066 0.764075 0.212240 0.009489
2 2 0.000124 0.011872 0.742687 0.237139 0.008178
2 2 0.000040 0.005605 0.727608 0.263260 0.003487
2 2 0.000018 0.003144 0.651746 0.343709 0.001383
2 2 0.000015 0.002738 0.618797 0.377481 0.000969
2 2 0.000013 0.002469 0.630919 0.365884 0.000716
2 2 0.000015 0.002654 0.631794 0.364703 0.000834
3 2 0.000007 0.001299 0.446592 0.551783 0.000319
3 2 0.000019 0.001864 0.330062 0.667405 0.000649
3 2 0.000004 0.000548 0.160596 0.838736 0.000116
3 2 0.000020 0.000625 0.075561 0.923612 0.000182
3 2 0.000026 0.000632 0.062926 0.936223 0.000194
3 2 0.000057 0.000794 0.052900 0.945959 0.000291
3 2 0.000092 0.000939 0.048301 0.950289 0.000379
3 2 0.000082 0.000884 0.045638 0.953058 0.000338
3 2 0.000147 0.001049 0.036673 0.961701 0.000429
3 2 0.000151 0.000862 0.023460 0.975208 0.000319
3 2 0.000135 0.000740 0.019363 0.979504 0.000258
3 3 0.000196 0.000738 0.014479 0.984317 0.000271
3 3 0.000111 0.000549 0.015374 0.983774 0.000192
3 3 0.000092 0.000478 0.014713 0.984554 0.000163
3 3 0.000064 0.000433 0.016420 0.982946 0.000137
3 3 0.000103 0.000541 0.015680 0.983491 0.000185
3 3 0.000146 0.000537 0.011396 0.987734 0.000187
3 3 0.000316 0.000673 0.008853 0.989892 0.000266
3 3 0.000344 0.000564 0.006083 0.992791 0.000217
3 3 0.000567 0.000684 0.005974 0.992474 0.000301
3 3 0.000610 0.000765 0.006641 0.991643 0.000342
3 3 0.000457 0.000638 0.006416 0.992217 0.000273
3 3 0.000259 0.000664 0.008859 0.989984 0.000233
3 3 0.000217 0.000449 0.006074 0.993102 0.000158
3 3 0.000336 0.000599 0.007072 0.991756 0.000237
3 3 0.000286 0.000520 0.006410 0.992587 0.000198
3 3 0.000480 0.000676 0.006796 0.991753 0.000295
3 3 0.000777 0.000995 0.008257 0.989501 0.000470
3 3 0.000482 0.000649 0.005975 0.992624 0.000270
3 3 0.000643 0.000824 0.006293 0.991899 0.000341
3 3 0.002258 0.001453 0.006281 0.989203 0.000806
3 3 0.002753 0.001228 0.003914 0.991443 0.000663
3 3 0.003032 0.001364 0.004204 0.990655 0.000745
3 3 0.001567 0.000968 0.004114 0.992885 0.000466
3 3 0.001919 0.001237 0.005667 0.990507 0.000670
3 3 0.002524 0.001532 0.006423 0.988637 0.000883
3 3 0.001257 0.000946 0.004977 0.992362 0.000458
3 3 0.000942 0.000864 0.004878 0.992946 0.000371
3 3 0.001111 0.000853 0.004182 0.993481 0.000373
3 3 0.001873 0.001112 0.004530 0.991921 0.000564
3 3 0.000819 0.000645 0.003854 0.994397 0.000285
3 3 0.000760 0.000617 0.003894 0.994456 0.000273
3 3 0.000916 0.001188 0.010601 0.986669 0.000626
3 3 0.001518 0.001415 0.009764 0.986467 0.000836
3 3 0.001389 0.001346 0.008438 0.988116 0.000710
3 3 0.001768 0.001299 0.006208 0.990049 0.000676
3 3 0.002801 0.001552 0.005350 0.989462 0.000835
3 3 0.001135 0.000858 0.004101 0.993533 0.000373
3 3 0.000662 0.000616 0.003754 0.994726 0.000242
3 3 0.000810 0.000750 0.004496 0.993628 0.000316
3 3 0.000604 0.000550 0.003261 0.995380 0.000206
3 3 0.001154 0.000656 0.002565 0.995353 0.000272
3 3 0.001085 0.000637 0.002442 0.995585 0.000252
3 3 0.001106 0.000668 0.002620 0.995337 0.000268
3 3 0.002430 0.001127 0.003131 0.992791 0.000521
3 3 0.001158 0.000668 0.002491 0.995416 0.000267
3 3 0.001738 0.000776 0.002357 0.994790 0.000339
3 3 0.000890 0.000583 0.002591 0.995707 0.000229
3 3 0.001283 0.000701 0.002719 0.994993 0.000304
3 3 0.000539 0.000486 0.003097 0.995695 0.000184
3 3 0.000414 0.000491 0.003863 0.995053 0.000179
3 3 0.000500 0.000611 0.004911 0.993736 0.000241
3 3 0.000870 0.000744 0.004284 0.993781 0.000321
3 3 0.000799 0.000626 0.003736 0.994565 0.000275
3 3 0.000921 0.000622 0.003351 0.994825 0.000281
3 3 0.000880 0.000557 0.002937 0.995377 0.000248
3 3 0.001040 0.000580 0.002315 0.995829 0.000236
3 3 0.000394 0.000322 0.001792 0.997391 0.000101
3 3 0.000638 0.000493 0.002405 0.996291 0.000173
3 3 0.000779 0.000577 0.002892 0.995526 0.000226
3 3 0.000908 0.000758 0.004418 0.993579 0.000337
3 3 0.000796 0.000725 0.004927 0.993219 0.000332
3 3 0.000544 0.000615 0.004936 0.993649 0.000257
3 3 0.000613 0.000594 0.004120 0.994427 0.000245
3 3 0.000687 0.000536 0.003043 0.995519 0.000215
3 3 0.000628 0.000482 0.002811 0.995889 0.000191
3 3 0.001602 0.000744 0.002944 0.994335 0.000375
3 3 0.001816 0.000934 0.003803 0.992959 0.000488
3 3 0.002525 0.001072 0.003476 0.992352 0.000575
3 3 0.001250 0.000839 0.003553 0.993997 0.000361
3 3 0.001842 0.000901 0.003075 0.993758 0.000425
3 3 0.001854 0.000796 0.002746 0.994209 0.000394
3 3 0.003323 0.004839 0.029661 0.959038 0.003138
3 3 0.001882 0.004165 0.042135 0.949093 0.002726
3 3 0.000845 0.003158 0.054183 0.939928 0.001885
3 3 0.000478 0.002075 0.046458 0.949849 0.001141
3 3 0.000369 0.002233 0.063557 0.932644 0.001197
3 3 0.000272 0.002404 0.082901 0.913245 0.001179
3 3 0.000132 0.002064 0.109673 0.887245 0.000886
3 3 0.000311 0.003474 0.132343 0.862039 0.001833
3 3 0.000464 0.004139 0.140073 0.852807 0.002516
3 3 0.000261 0.002883 0.111475 0.883954 0.001427
3 3 0.000648 0.004184 0.096743 0.896028 0.002398
3 3 0.000777 0.004489 0.090085 0.902072 0.002577
3 3 0.000596 0.003737 0.083357 0.910280 0.002030
3 3 0.000530 0.003557 0.081834 0.912232 0.001847
3 3 0.000425 0.002728 0.067434 0.928035 0.001378
3 3 0.000295 0.002184 0.063934 0.932553 0.001033
3 3 0.000238 0.001834 0.063257 0.933788 0.000883
3 3 0.000256 0.001853 0.061134 0.935851 0.000906
3 3 0.002251 0.006123 0.082945 0.903645 0.005035
3 3 0.002292 0.007887 0.121677 0.863177 0.004966
2 3 0.016068 0.065124 0.615533 0.290623 0.012652
3 3 0.001925 0.016608 0.386474 0.590827 0.004167
3 3 0.000839 0.010416 0.318112 0.667764 0.002869
2 3 0.001838 0.015648 0.527460 0.452478 0.002577
2 3 0.005890 0.024225 0.549986 0.415782 0.004117
2 3 0.004536 0.025800 0.711080 0.256057 0.002527
2 2 0.003356 0.026479 0.813632 0.154690 0.001843
2 2 0.003423 0.033657 0.870207 0.090166 0.002547
2 2 0.007765 0.079229 0.845119 0.055428 0.012460
2 2 0.003190 0.065095 0.841848 0.061520 0.028347
2 2 0.003609 0.096616 0.692859 0.068100 0.138817
2 2 0.006984 0.141330 0.567901 0.044142 0.239643
2 2 0.005408 0.136459 0.585795 0.035600 0.236739
2 2 0.003809 0.121570 0.634402 0.033372 0.206848
2 2 0.004844 0.145140 0.578752 0.028834 0.242430
2 2 0.005411 0.157664 0.555532 0.029462 0.251931
2 2 0.005185 0.151053 0.578178 0.036893 0.228691
2 2 0.003697 0.128450 0.638749 0.040873 0.188231
2 2 0.004120 0.134148 0.606532 0.031409 0.223790
2 2 0.002973 0.126665 0.622293 0.020844 0.227225
2 2 0.004281 0.140633 0.586792 0.025431 0.242862
2 2 0.004250 0.138677 0.604673 0.031768 0.220631
2 2 0.004176 0.140039 0.590144 0.025533 0.240108
2 2 0.004749 0.150934 0.565614 0.025637 0.253067
2 2 0.003873 0.143071 0.594259 0.025718 0.233079
2 2 0.004655 0.156003 0.540251 0.019607 0.279484
2 2 0.004440 0.152886 0.556011 0.021421 0.265242
2 2 0.004804 0.159066 0.511293 0.015372 0.309466
2 2 0.005204 0.157577 0.510445 0.016428 0.310346
2 2 0.006221 0.159206 0.500756 0.018627 0.315190
2 2 0.005548 0.143547 0.519680 0.016564 0.314660
2 2 0.004077 0.125484 0.553328 0.013229 0.303881
2 2 0.005253 0.154877 0.468278 0.010676 0.360917
4 2 0.006811 0.171233 0.405805 0.009363 0.406788
2 1 0.004841 0.154736 0.474492 0.010327 0.355604
2 1 0.005381 0.149756 0.433337 0.007847 0.403679
2 1 0.005981 0.148082 0.470743 0.011770 0.363424
2 1 0.007533 0.155904 0.421126 0.010444 0.404993
2 1 0.008410 0.158908 0.410952 0.011064 0.410667
2 1 0.007837 0.143426 0.486385 0.013715 0.348638
2 1 0.005434 0.078872 0.800422 0.094289 0.020983
2 1 0.000946 0.028718 0.806365 0.157740 0.006230
2 1 0.001636 0.038139 0.713984 0.235417 0.010823
2 1 0.002979 0.050845 0.760638 0.172840 0.012698
2 1 0.001618 0.034656 0.817095 0.140938 0.005693
2 1 0.004841 0.061409 0.821163 0.102521 0.010067
2 2 0.005960 0.062284 0.809913 0.112394 0.009449
2 2 0.008468 0.063618 0.771966 0.145768 0.010179
2 2 0.010261 0.062290 0.808530 0.112402 0.006517
2 2 0.009621 0.060529 0.807562 0.115544 0.006744
2 2 0.009318 0.069550 0.777159 0.136477 0.007496
2 2 0.005018 0.051806 0.754612 0.183064 0.005499
2 2 0.004018 0.044451 0.758401 0.188140 0.004991
2 2 0.014598 0.086116 0.759862 0.127215 0.012209
2 2 0.018947 0.077824 0.740962 0.149132 0.013135
2 2 0.044170 0.101165 0.748710 0.091946 0.014009
2 2 0.090713 0.148989 0.696112 0.047900 0.016286
2 2 0.085131 0.156162 0.706457 0.038827 0.013424
2 2 0.067203 0.164453 0.710484 0.044301 0.013559
2 2 0.012366 0.079851 0.830235 0.073005 0.004542
2 2 0.000368 0.009725 0.871304 0.118206 0.000397
2 2 0.000917 0.016920 0.880203 0.101182 0.000778
2 2 0.005072 0.043342 0.881776 0.067126 0.002684
2 2 0.008037 0.058831 0.855301 0.073653 0.004177
2 2 0.005782 0.051659 0.843302 0.095179 0.004078
2 2 0.001870 0.027608 0.850820 0.118248 0.001453
2 2 0.001000 0.017818 0.899914 0.080634 0.000635
2 2 0.000430 0.010361 0.923528 0.065401 0.000281
2 2 0.000104 0.004464 0.896227 0.099104 0.000101
2 2 0.000094 0.003998 0.925165 0.070671 0.000072
2 2 0.000597 0.009696 0.920859 0.068594 0.000255
2 2 0.002751 0.020096 0.893784 0.082533 0.000835
2 2 0.001776 0.020356 0.880360 0.096580 0.000928
2 2 0.001566 0.023365 0.878785 0.095286 0.000998
2 2 0.003449 0.037493 0.872136 0.084872 0.002050
2 2 0.002706 0.031405 0.838815 0.125012 0.002061
2 2 0.000495 0.012007 0.832798 0.154061 0.000639
2 2 0.000171 0.006299 0.844180 0.149124 0.000226
2 2 0.000309 0.008458 0.901898 0.089104 0.000230
2 2 0.000987 0.015564 0.916592 0.066284 0.000573
2 2 0.000423 0.009562 0.893072 0.096484 0.000460
2 2 0.002479 0.020582 0.882841 0.092729 0.001369
2 2 0.033776 0.070521 0.815008 0.073353 0.007341
2 2 0.134122 0.122658 0.642162 0.081727 0.019332
2 2 0.187458 0.145018 0.588702 0.059627 0.019194
2 2 0.218986 0.164324 0.538782 0.056890 0.021019
0 2 0.453274 0.190037 0.280301 0.043373 0.033014
0 2 0.410313 0.205272 0.263538 0.063694 0.057182
2 2 0.184674 0.199312 0.440036 0.123018 0.052960
2 2 0.061433 0.126190 0.629554 0.156146 0.026677
2 2 0.039497 0.103693 0.724817 0.117895 0.014098
2 2 0.041653 0.101532 0.749777 0.096303 0.010734
2 2 0.067919 0.125719 0.727208 0.066197 0.012957
2 2 0.142021 0.158184 0.634388 0.049691 0.015716
2 2 0.315540 0.175922 0.439403 0.047260 0.021875
2 2 0.226590 0.165463 0.547367 0.044436 0.016145
2 2 0.323705 0.194612 0.421935 0.039132 0.020617
0 2 0.646903 0.176090 0.123506 0.022415 0.031086
0 2 0.698006 0.154479 0.096471 0.020478 0.030566
0 2 0.704369 0.148687 0.086808 0.022687 0.037450
0 2 0.398621 0.189805 0.356280 0.035356 0.019938
0 2 0.844774 0.080441 0.049314 0.011933 0.013539
0 2 0.910780 0.043428 0.021426 0.010638 0.013728
0 2 0.921284 0.036329 0.016425 0.010803 0.015160
0 2 0.834825 0.081344 0.042761 0.016444 0.024625
0 1 0.505405 0.252730 0.183558 0.022945 0.035361
1 1 0.217954 0.360478 0.340835 0.030542 0.050190
2 4 0.040145 0.235487 0.640760 0.016994 0.066614
2 4 0.017139 0.179529 0.635805 0.019870 0.147658
2 4 0.014909 0.168629 0.409279 0.016689 0.390494
4 4 0.017955 0.163832 0.326968 0.014771 0.476474
4 4 0.012501 0.153793 0.319773 0.008146 0.505787
4 4 0.011798 0.149960 0.293544 0.005624 0.539074
4 4 0.008697 0.151290 0.411475 0.010762 0.417775
2 4 0.009663 0.150343 0.429853 0.015214 0.394928
2 4 0.005514 0.132831 0.535816 0.017146 0.308693
2 4 0.008416 0.136407 0.451606 0.014665 0.388906
2 4 0.005958 0.132385 0.433437 0.007241 0.420979
4 4 0.005357 0.137206 0.356802 0.003584 0.497051
4 4 0.005528 0.152135 0.335798 0.002699 0.503840
4 4 0.051692 0.170758 0.139673 0.008183 0.629694
4 4 0.035769 0.150979 0.186054 0.008535 0.618663
4 4 0.020354 0.122663 0.179694 0.003635 0.673655
4 4 0.014347 0.113878 0.195277 0.002688 0.673810
4 4 0.037142 0.093363 0.075662 0.001802 0.792032
4 4 0.051261 0.089366 0.066261 0.002273 0.790839
4 4 0.048057 0.079303 0.066219 0.002121 0.804300
4 4 0.045032 0.080235 0.076967 0.002491 0.795275
4 4 0.053365 0.074764 0.061843 0.002218 0.807810
4 4 0.083253 0.074219 0.040739 0.002114 0.799674
4 4 0.070746 0.083823 0.045834 0.001975 0.797622
4 4 0.052290 0.090735 0.057647 0.001847 0.797480
4 4 0.022872 0.120955 0.151385 0.003068 0.701719
4 4 0.018025 0.135999 0.254285 0.006546 0.585146
4 4 0.011914 0.126296 0.347912 0.006257 0.507620
4 4 0.017838 0.111879 0.249448 0.006017 0.614818
4 4 0.027278 0.125557 0.189849 0.006047 0.651269
4 4 0.029547 0.141135 0.153999 0.004460 0.670859
4 4 0.028142 0.138669 0.146288 0.003786 0.683116
4 4 0.026984 0.165378 0.159441 0.004678 0.643519
4 4 0.014570 0.134646 0.175524 0.002343 0.672916
4 4 0.006686 0.118724 0.308735 0.002943 0.562912
4 4 0.010955 0.137102 0.242946 0.003658 0.605338
4 4 0.014517 0.148349 0.234976 0.005595 0.596563
4 4 0.019404 0.147316 0.211414 0.006789 0.615077
4 4 0.011382 0.130015 0.296392 0.006751 0.555460
4 4 0.010870 0.113195 0.270684 0.004694 0.600557
4 4 0.013356 0.112174 0.234100 0.004333 0.636038
4 4 0.009086 0.126009 0.294113 0.004553 0.566239
4 4 0.010669 0.135012 0.260199 0.004143 0.589977
4 4 0.005592 0.137880 0.340313 0.003287 0.512928
4 4 0.005740 0.137442 0.358105 0.003900 0.494812
4 4 0.005177 0.143274 0.403404 0.004122 0.444024
4 4 0.003773 0.134032 0.427390 0.004324 0.430480
2 4 0.004028 0.141473 0.445291 0.005764 0.403444
2 4 0.003460 0.138471 0.461639 0.005490 0.390940
2 4 0.002515 0.121949 0.569478 0.006785 0.299274
2 4 0.002500 0.116450 0.574107 0.007141 0.299802
2 2 0.003079 0.123956 0.557018 0.009866 0.306082
2 2 0.004115 0.138993 0.536799 0.013298 0.306795
2 2 0.014904 0.120398 0.455108 0.014139 0.395451
4 2 0.034792 0.173778 0.296442 0.011351 0.483637
4 2 0.030230 0.219215 0.300641 0.008919 0.440996
4 2 0.051123 0.297180 0.299191 0.012412 0.340094
2 2 0.024977 0.182830 0.498568 0.021720 0.271905
2 2 0.030010 0.150829 0.617087 0.044952 0.157122
2 2 0.049145 0.128376 0.725816 0.063257 0.033405
2 2 0.132059 0.197440 0.573647 0.056335 0.040520
2 2 0.316076 0.276796 0.322079 0.038734 0.046315
2 2 0.269244 0.326433 0.329476 0.030467 0.044380
2 2 0.057170 0.247074 0.635842 0.019148 0.040765
2 2 0.006729 0.092274 0.869793 0.021171 0.010033
2 2 0.002616 0.051385 0.912216 0.027547 0.006236
2 2 0.001221 0.027685 0.935239 0.033446 0.002408
2 2 0.000699 0.017242 0.901620 0.079020 0.001418
2 2 0.000196 0.007285 0.817067 0.175124 0.000328
2 2 0.000252 0.008693 0.853387 0.137211 0.000457
2 2 0.000677 0.015052 0.897281 0.086327 0.000663
2 2 0.000245 0.008343 0.891585 0.099469 0.000358
2 2 0.000352 0.010493 0.925223 0.063541 0.000391
2 2 0.048844 0.097508 0.786999 0.056934 0.009715
2 2 0.325582 0.203726 0.406649 0.040281 0.023762
2 2 0.247146 0.223790 0.469695 0.036866 0.022504
2 2 0.050650 0.165006 0.735480 0.037182 0.011681
2 2 0.064066 0.228786 0.653470 0.031455 0.022224
2 2 0.027563 0.176893 0.725483 0.023174 0.046887
2 2 0.007951 0.105261 0.786726 0.029485 0.070578
2 2 0.002691 0.060529 0.847460 0.057411 0.031909
2 2 0.001232 0.039138 0.894175 0.055573 0.009883
2 2 0.001529 0.044594 0.894449 0.045704 0.013725
2 2 0.001003 0.032573 0.913670 0.041231 0.011523
2 2 0.000129 0.009155 0.960734 0.027711 0.002270
2 2 0.000022 0.003382 0.958897 0.037123 0.000576
2 2 0.000007 0.001768 0.942456 0.055583 0.000185
2 2 0.000007 0.001671 0.939717 0.058471 0.000135
2 2 0.000056 0.005370 0.946092 0.047812 0.000670
2 2 0.001200 0.019486 0.892836 0.084634 0.001844
2 2 0.006112 0.037093 0.860832 0.092461 0.003503
2 2 0.018072 0.058647 0.839051 0.079667 0.004562
2 2 0.073373 0.129986 0.714812 0.070002 0.011826
2 2 0.009778 0.042972 0.770834 0.172356 0.004059
2 2 0.020606 0.060570 0.751190 0.162333 0.005300
2 2 0.145698 0.130798 0.611587 0.094964 0.016952
2 2 0.309280 0.146694 0.468730 0.055742 0.019553
2 2 0.230838 0.136744 0.566603 0.051543 0.014272
0 2 0.391115 0.178480 0.361240 0.044753 0.024412
0 2 0.393756 0.241716 0.310036 0.028867 0.025626
2 2 0.281724 0.327362 0.339049 0.022685 0.029179
2 2 0.184249 0.318956 0.438954 0.028311 0.029530
2 2 0.028099 0.132352 0.788639 0.037987 0.012923
2 2 0.009190 0.066946 0.857447 0.061098 0.005319
2 2 0.001965 0.027170 0.884151 0.085250 0.001464
2 2 0.000412 0.011729 0.924229 0.062954 0.000676
2 2 0.000252 0.009305 0.953835 0.036125 0.000484
2 2 0.000088 0.004664 0.899502 0.095568 0.000178
2 2 0.000090 0.004737 0.892487 0.102513 0.000174
2 2 0.000114 0.005676 0.883304 0.110607 0.000299
2 2 0.000194 0.007766 0.916263 0.075306 0.000471
2 2 0.000144 0.007054 0.923077 0.069327 0.000398
2 2 0.000149 0.006982 0.896210 0.096244 0.000416
2 2 0.000068 0.003610 0.679256 0.316845 0.000222
2 2 0.002656 0.017810 0.689132 0.288518 0.001884
2 2 0.012876 0.035434 0.658705 0.288316 0.004669
2 2 0.142728 0.111322 0.595838 0.137306 0.012805
0 2 0.751377 0.102658 0.098597 0.025521 0.021846
0 2 0.911131 0.045202 0.024562 0.009073 0.010031
0 2 0.881290 0.054277 0.024838 0.015137 0.024459
0 2 0.843620 0.072178 0.034040 0.018392 0.031770
0 2 0.871713 0.054718 0.023281 0.017656 0.032632
0 2 0.907545 0.037786 0.015141 0.014279 0.025248
0 0 0.934246 0.030866 0.014141 0.009077 0.011670
0 0 0.913216 0.040487 0.018674 0.011442 0.016181
0 0 0.960264 0.015166 0.005490 0.007677 0.011403
0 0 0.963976 0.012571 0.004237 0.007479 0.011738
0 0 0.957046 0.015142 0.005184 0.008577 0.014051
0 0 0.939508 0.023586 0.008870 0.010604 0.017433
0 1 0.905435 0.043171 0.019451 0.012712 0.019231
0 1 0.813172 0.093974 0.052410 0.016598 0.023846
0 1 0.771500 0.115757 0.067195 0.018420 0.027128
0 1 0.786717 0.108990 0.064771 0.016654 0.022867
0 1 0.902395 0.046677 0.022480 0.011920 0.016528
0 1 0.959052 0.017882 0.007329 0.006935 0.008802
0 0 0.944095 0.021334 0.007853 0.010110 0.016608
0 0 0.944898 0.019272 0.006646 0.010520 0.018665
0 0 0.889685 0.038694 0.013899 0.018178 0.039544
0 0 0.801369 0.080743 0.033806 0.025808 0.058273
0 0 0.672033 0.143197 0.069904 0.027117 0.087748
0 0 0.292640 0.260362 0.253272 0.026219 0.167507
2 0 0.133746 0.244138 0.340543 0.023488 0.258085
2 1 0.191763 0.285669 0.305481 0.024134 0.192952
2 1 0.046494 0.240623 0.556435 0.014144 0.142303
2 1 0.022536 0.203998 0.564782 0.008416 0.200268
2 1 0.012411 0.169488 0.500288 0.007450 0.310363
4 1 0.011649 0.153982 0.298296 0.006085 0.529988
4 1 0.011267 0.141298 0.267006 0.004659 0.575770
4 4 0.012596 0.125072 0.204342 0.003045 0.654945
4 4 0.028036 0.103352 0.105972 0.002418 0.760223
4 4 0.031698 0.091533 0.103631 0.002681 0.770457
4 4 0.041220 0.074552 0.079809 0.002377 0.802041
4 4 0.067905 0.069601 0.066210 0.003557 0.792727
4 4 0.048207 0.073486 0.042455 0.001040 0.834811
4 4 0.031742 0.082963 0.089672 0.002020 0.793603
4 4 0.032579 0.082628 0.117600 0.003376 0.763818
4 4 0.038936 0.080796 0.100345 0.003209 0.776714
4 4 0.038972 0.095138 0.110073 0.003676 0.752141
4 4 0.071674 0.086474 0.060031 0.003125 0.778696
4 4 0.055414 0.097212 0.082279 0.003841 0.761254
4 4 0.037975 0.112786 0.168879 0.008853 0.671507
4 4 0.030768 0.106437 0.169248 0.006381 0.687165
4 4 0.027368 0.101764 0.143874 0.003722 0.723272
4 4 0.029806 0.100762 0.145023 0.004187 0.720223
4 4 0.014754 0.113351 0.232440 0.004295 0.635161
4 4 0.025046 0.129816 0.192125 0.006340 0.646674
4 4 0.036441 0.124647 0.124215 0.004526 0.710171
4 4 0.029484 0.137258 0.157952 0.005669 0.669637
4 4 0.031574 0.132001 0.158557 0.006345 0.671523
4 4 0.028473 0.119865 0.148689 0.004885 0.698089
4 4 0.032480 0.110328 0.146829 0.005766 0.704598
4 4 0.016890 0.116691 0.203290 0.004234 0.658894
4 4 0.016949 0.127378 0.216453 0.004874 0.634347
4 4 0.040426 0.113064 0.099732 0.003370 0.743408
4 4 0.056228 0.088775 0.071849 0.003048 0.780099
4 4 0.046751 0.098544 0.091944 0.003574 0.759187
4 4 0.039831 0.097940 0.090674 0.002812 0.768742
4 4 0.030271 0.119821 0.094688 0.002157 0.753063
4 4 0.020055 0.173079 0.165367 0.004218 0.637281
4 4 0.006405 0.184806 0.364189 0.006779 0.437822
2 4 0.005684 0.176139 0.426626 0.009702 0.381849
2 4 0.004840 0.154503 0.485005 0.011369 0.344283
2 4 0.003565 0.128354 0.578473 0.015384 0.274224
2 4 0.003937 0.134209 0.592259 0.022221 0.247375
2 4 0.003634 0.130175 0.626534 0.030798 0.208858
2 4 0.003283 0.125140 0.632381 0.019075 0.220121
2 4 0.002244 0.102863 0.705813 0.037946 0.151134
2 4 0.001456 0.075150 0.769384 0.056758 0.097252
2 1 0.001384 0.073702 0.826379 0.042594 0.055941
2 1 0.001407 0.077055 0.857090 0.022660 0.041788
2 1 0.002029 0.091765 0.829569 0.028424 0.048214
2 1 0.001391 0.062905 0.817558 0.073362 0.044783
2 1 0.000999 0.048151 0.762374 0.143840 0.044637
2 1 0.000104 0.011287 0.768266 0.212330 0.008012
2 1 0.000038 0.006124 0.795425 0.194063 0.004351
2 1 0.000016 0.003434 0.782676 0.211980 0.001894
2 2 0.000074 0.005977 0.870482 0.122108 0.001359
2 2 0.000486 0.011829 0.795822 0.190651 0.001213
2 2 0.021871 0.060204 0.863253 0.050068 0.004604
2 2 0.115321 0.115770 0.725844 0.036066 0.006999
2 2 0.314018 0.204816 0.439680 0.027707 0.013779
0 2 0.726307 0.141767 0.098178 0.015411 0.018337
0 2 0.738044 0.133631 0.080794 0.019255 0.028275
0 2 0.612221 0.197524 0.126010 0.024251 0.039993
0 2 0.417669 0.244096 0.281593 0.028507 0.028136
2 2 0.219560 0.200882 0.498061 0.052213 0.029284
2 2 0.059871 0.113939 0.737955 0.073758 0.014478
2 2 0.088281 0.111074 0.705401 0.080709 0.014535
2 2 0.040584 0.082432 0.755096 0.110110 0.011777
2 2 0.045022 0.095776 0.713320 0.131131 0.014751
2 2 0.009064 0.050745 0.827758 0.108274 0.004160
2 2 0.003431 0.032812 0.838597 0.122687 0.002473
2 2 0.001674 0.024632 0.858913 0.113267 0.001513
2 2 0.000038 0.003649 0.836005 0.160047 0.000261
2 2 0.000022 0.002415 0.759935 0.237490 0.000138
2 2 0.000026 0.002473 0.779438 0.217928 0.000135
2 2 0.000018 0.002071 0.769173 0.228638 0.000101
2 2 0.000017 0.001946 0.721945 0.275986 0.000106
2 2 0.000027 0.002243 0.702366 0.295274 0.000090
2 2 0.000039 0.002677 0.612792 0.384355 0.000138
2 2 0.000087 0.004418 0.618851 0.376365 0.000279
2 2 0.000069 0.003854 0.640512 0.355356 0.000209
2 2 0.000054 0.003284 0.685678 0.310840 0.000144
2 2 0.000042 0.002771 0.691241 0.305826 0.000121
2 2 0.000028 0.002083 0.636478 0.361294 0.000117
2 2 0.000027 0.002039 0.515219 0.482554 0.000160
3 3 0.000034 0.002291 0.493168 0.504298 0.000209
3 3 0.000034 0.002222 0.386436 0.611028 0.000281
3 3 0.000038 0.002485 0.445259 0.551969 0.000249
2 3 0.000138 0.005082 0.511752 0.482349 0.000678
3 3 0.000178 0.004220 0.305463 0.689154 0.000985
3 3 0.000102 0.002173 0.147092 0.849707 0.000926
3 3 0.000057 0.001406 0.115663 0.882356 0.000519
3 3 0.000133 0.001601 0.073854 0.923749 0.000663
3 3 0.000267 0.001853 0.059743 0.937219 0.000918
3 3 0.000164 0.001448 0.052569 0.945219 0.000600
3 3 0.000308 0.001896 0.048923 0.947996 0.000877
3 3 0.000274 0.001838 0.049851 0.947216 0.000821
3 3 0.000068 0.000780 0.039838 0.959046 0.000269
3 3 0.000060 0.000774 0.045436 0.953458 0.000272
3 3 0.000061 0.000752 0.044071 0.954848 0.000269
3 3 0.000217 0.001326 0.041051 0.956797 0.000609
3 3 0.000299 0.001322 0.032204 0.965537 0.000637
3 3 0.000310 0.001255 0.027497 0.970353 0.000584
3 3 0.000321 0.001273 0.027476 0.970333 0.000597
3 3 0.000309 0.001176 0.024277 0.973705 0.000533
3 3 0.000295 0.001060 0.020143 0.978050 0.000453
3 3 0.000254 0.000941 0.018696 0.979721 0.000388
3 3 0.000153 0.000755 0.018599 0.980219 0.000273
3 3 0.000236 0.000879 0.017033 0.981506 0.000345
3 3 0.000359 0.001009 0.015216 0.982990 0.000425
3 3 0.000420 0.000862 0.010932 0.987411 0.000375
3 3 0.000653 0.001062 0.010211 0.987591 0.000484
3 3 0.000208 0.000568 0.007947 0.991092 0.000185
3 3 0.000151 0.000453 0.007655 0.991596 0.000145
3 3 0.000126 0.000426 0.007766 0.991552 0.000129
3 3 0.000162 0.000465 0.007430 0.991793 0.000149
3 3 0.000232 0.000487 0.006577 0.992528 0.000175
3 3 0.000412 0.000777 0.008310 0.990195 0.000306
3 3 0.001098 0.001297 0.008934 0.988043 0.000629
3 3 0.001289 0.001537 0.009429 0.987016 0.000729
3 3 0.001096 0.001281 0.008307 0.988719 0.000597
3 3 0.000987 0.001129 0.007614 0.989747 0.000523
3 3 0.000953 0.001090 0.007727 0.989715 0.000516
3 3 0.001613 0.001247 0.006220 0.990285 0.000635
3 3 0.002227 0.001303 0.005257 0.990509 0.000704
3 3 0.002633 0.001238 0.004406 0.991024 0.000698
3 3 0.002521 0.001296 0.005068 0.990367 0.000747
3 3 0.001665 0.001334 0.007693 0.988555 0.000753
3 3 0.003687 0.002283 0.010282 0.982155 0.001593
3 3 0.002145 0.001723 0.009406 0.985694 0.001032
3 3 0.002824 0.002061 0.010735 0.983012 0.001367
3 3 0.004430 0.002348 0.009758 0.981721 0.001742
3 3 0.029166 0.047946 0.341776 0.564460 0.016653
2 3 0.039135 0.069841 0.507884 0.368736 0.014404
2 3 0.002888 0.022510 0.579417 0.392134 0.003051
2 3 0.002245 0.022664 0.688341 0.284247 0.002504
2 3 0.003862 0.026177 0.736922 0.230240 0.002800
2 3 0.005757 0.029826 0.770172 0.191318 0.002927
2 3 0.002914 0.020569 0.711354 0.262982 0.002181
2 3 0.001743 0.016769 0.710602 0.269407 0.001480
2 3 0.001640 0.017980 0.749868 0.228995 0.001517
2 3 0.004401 0.028655 0.746083 0.217945 0.002916
2 3 0.018873 0.052849 0.756825 0.164511 0.006943
2 3 0.014038 0.047091 0.732256 0.199621 0.006994
2 3 0.004064 0.028585 0.670592 0.292032 0.004727
2 3 0.004853 0.032046 0.658524 0.299066 0.005510
2 3 0.006030 0.034531 0.623284 0.329522 0.006634
2 3 0.000693 0.012122 0.716598 0.269572 0.001016
2 2 0.000231 0.007294 0.733798 0.258120 0.000556
2 2 0.000060 0.003589 0.802378 0.193781 0.000191
2 2 0.000213 0.006942 0.671868 0.320272 0.000706
2 2 0.000057 0.003509 0.634508 0.361612 0.000315
2 2 0.001833 0.021432 0.571170 0.400197 0.005368
3 2 0.001012 0.014128 0.457380 0.524027 0.003453
3 2 0.000297 0.009034 0.443019 0.546222 0.001428
3 2 0.000488 0.010506 0.339341 0.646718 0.002947
3 2 0.000179 0.005141 0.299363 0.693931 0.001386
3 2 0.000128 0.004878 0.314842 0.677895 0.002257
2 2 0.000513 0.017305 0.607415 0.361044 0.013724
2 2 0.001726 0.047801 0.758530 0.126561 0.065383
2 2 0.013856 0.121771 0.527200 0.090453 0.246720
2 2 0.017566 0.146791 0.430152 0.042856 0.362636
2 2 0.011745 0.136179 0.427341 0.019465 0.405270
4 4 0.013635 0.137454 0.307293 0.008436 0.533183
4 4 0.025950 0.140849 0.257378 0.014299 0.561523
4 4 0.040803 0.149405 0.220821 0.020208 0.568763
4 4 0.021365 0.140837 0.311130 0.017093 0.509575
4 4 0.019053 0.138902 0.319581 0.014720 0.507743
4 4 0.016149 0.151644 0.350616 0.016391 0.465200
2 4 0.013817 0.175900 0.412055 0.027424 0.370805
4 4 0.015715 0.185601 0.374419 0.024312 0.399953
4 4 0.015010 0.154854 0.337884 0.013616 0.478637
4 4 0.041899 0.102130 0.116241 0.004910 0.734821
4 4 0.040935 0.089181 0.126401 0.005386 0.738097
4 4 0.035369 0.099245 0.146961 0.005943 0.712482
4 4 0.034957 0.114749 0.192731 0.010432 0.647132
4 4 0.014819 0.127013 0.331310 0.011006 0.515853
4 4 0.016890 0.136046 0.304165 0.010406 0.532494
4 4 0.013069 0.134377 0.272684 0.005180 0.574689
4 4 0.018159 0.144182 0.263228 0.008296 0.566135
4 4 0.023506 0.130134 0.194313 0.005842 0.646206
4 4 0.021865 0.128797 0.240778 0.009330 0.599230
4 4 0.018974 0.140734 0.235710 0.007078 0.597504
4 4 0.015015 0.154275 0.257798 0.006546 0.566367
4 4 0.018500 0.138223 0.185946 0.004234 0.653097
4 4 0.031146 0.125296 0.142883 0.005197 0.695478
4 4 0.021412 0.135755 0.197590 0.006137 0.639107
4 4 0.033878 0.129647 0.125047 0.004597 0.706832
4 4 0.035144 0.129295 0.112425 0.003872 0.719264
4 4 0.041037 0.118561 0.092758 0.003452 0.744192
4 4 0.043019 0.140924 0.124687 0.006258 0.685113
4 4 0.017862 0.175267 0.251557 0.008622 0.546692
1 4 0.211170 0.279351 0.223562 0.024048 0.261870
2 4 0.100063 0.241976 0.565993 0.024495 0.067472
2 4 0.081362 0.211337 0.622594 0.044983 0.039724
2 1 0.090967 0.246326 0.530102 0.096682 0.035923
2 1 0.021310 0.160286 0.661846 0.109488 0.047071
2 1 0.004891 0.073281 0.833346 0.072816 0.015666
2 1 0.004119 0.059710 0.824672 0.100439 0.011060
2 1 0.001951 0.040384 0.842601 0.109757 0.005307
2 1 0.001013 0.025736 0.859909 0.110490 0.002852
2 1 0.001505 0.031580 0.906209 0.057579 0.003127
2 1 0.001170 0.026793 0.883275 0.085774 0.002987
2 1 0.000494 0.016963 0.878378 0.102526 0.001638
2 1 0.000191 0.010144 0.800775 0.187889 0.000999
2 2 0.000509 0.019421 0.885849 0.091958 0.002262
2 2 0.001278 0.028189 0.901259 0.064999 0.004274
2 2 0.001695 0.026690 0.875174 0.093273 0.003168
2 2 0.000689 0.017901 0.923668 0.055849 0.001893
2 2 0.001251 0.027335 0.931242 0.037329 0.002843
2 2 0.001287 0.033251 0.931000 0.029570 0.004893
2 2 0.000544 0.023682 0.935992 0.036436 0.003345
2 2 0.000333 0.014198 0.895962 0.087297 0.002211
2 2 0.000129 0.007852 0.848175 0.142545 0.001299
2 2 0.000041 0.004103 0.902968 0.092400 0.000489
2 2 0.000012 0.002096 0.880536 0.117167 0.000189
2 2 0.000014 0.002514 0.885148 0.112086 0.000238
2 2 0.000019 0.003380 0.919954 0.076283 0.000363
2 2 0.000020 0.003577 0.937137 0.058806 0.000460
2 2 0.000012 0.002515 0.924726 0.072464 0.000283
2 2 0.000011 0.002523 0.912785 0.084371 0.000309
2 2 0.000014 0.002634 0.912038 0.085059 0.000255
2 2 0.000092 0.006002 0.920563 0.072835 0.000508
2 2 0.000224 0.008255 0.920967 0.070111 0.000443
2 2 0.000975 0.016353 0.877126 0.104679 0.000868
2 2 0.000897 0.016891 0.864901 0.116519 0.000793
2 2 0.000944 0.018521 0.835234 0.144384 0.000916
2 2 0.001433 0.022254 0.876110 0.099137 0.001065
2 2 0.000433 0.011174 0.832238 0.155604 0.000551
2 2 0.000344 0.009696 0.851760 0.137815 0.000385
2 2 0.000187 0.006512 0.872317 0.120779 0.000205
2 2 0.000512 0.011616 0.908252 0.079257 0.000362
0 0 0.895803 0.041626 0.016464 0.015995 0.030112
0 0 0.776363 0.114887 0.070270 0.016464 0.022016
0 0 0.522312 0.228912 0.196104 0.023577 0.029095
0 1 0.476784 0.220102 0.236926 0.032424 0.033764
0 1 0.512211 0.183141 0.226841 0.041281 0.036526
0 1 0.467771 0.182285 0.282716 0.039831 0.027397
0 1 0.525806 0.195266 0.207371 0.035320 0.036236
0 1 0.619245 0.190200 0.112365 0.027405 0.050785
0 1 0.583768 0.199835 0.109201 0.033398 0.073798
0 1 0.329663 0.319785 0.194837 0.035377 0.120337
2 1 0.034144 0.193415 0.671188 0.045739 0.055513
2 1 0.002655 0.043892 0.889635 0.057647 0.006170
2 1 0.000465 0.014230 0.839206 0.144950 0.001149
2 1 0.000103 0.005150 0.753101 0.241438 0.000208
2 1 0.000051 0.003327 0.682990 0.313486 0.000146
2 2 0.001574 0.016256 0.777302 0.203531 0.001336
2 2 0.009533 0.035270 0.728883 0.221989 0.004325
2 2 0.010927 0.044152 0.759117 0.180530 0.005275
2 2 0.026556 0.077638 0.729650 0.153942 0.012213
2 2 0.078825 0.111585 0.674915 0.116451 0.018224
3 2 0.000797 0.010589 0.472340 0.514692 0.001581
3 2 0.001141 0.012575 0.456824 0.527372 0.002087
3 2 0.000891 0.011403 0.487768 0.498131 0.001808
3 2 0.000396 0.007972 0.479641 0.510593 0.001398
2 2 0.000142 0.005680 0.610115 0.383521 0.000543
2 2 0.000091 0.005299 0.703449 0.290560 0.000600
2 2 0.000896 0.015243 0.660139 0.321093 0.002630
2 2 0.005338 0.032490 0.531066 0.420762 0.010345
2 2 0.002290 0.022774 0.521199 0.446519 0.007218
2 2 0.002125 0.027452 0.558676 0.400691 0.011056
2 2 0.003179 0.040328 0.503459 0.425953 0.027082
2 2 0.000479 0.016013 0.503582 0.473141 0.006784
2 2 0.000027 0.003443 0.721235 0.274580 0.000715
2 2 0.000007 0.001558 0.848417 0.149850 0.000167
2 2 0.000008 0.001575 0.864712 0.133519 0.000186
2 2 0.000007 0.001507 0.925484 0.072853 0.000149
2 2 0.000007 0.001304 0.882904 0.115673 0.000112
2 2 0.000010 0.001604 0.876808 0.121460 0.000118
2 2 0.000083 0.004567 0.914320 0.080734 0.000296
2 2 0.002109 0.020680 0.865575 0.110148 0.001488
2 3 0.000050 0.005275 0.619453 0.373432 0.001790
2 3 0.000015 0.002196 0.630714 0.366786 0.000289
2 3 0.000006 0.001274 0.835563 0.163092 0.000064
2 3 0.000011 0.001895 0.883654 0.114312 0.000127
2 3 0.000078 0.004112 0.883171 0.112496 0.000143
2 3 0.000246 0.007288 0.821902 0.170257 0.000307
2 3 0.001112 0.013765 0.834315 0.150184 0.000624
2 3 0.002602 0.022771 0.823932 0.149555 0.001141
2 3 0.003142 0.028456 0.784612 0.181987 0.001802
2 3 0.005032 0.038581 0.719368 0.233771 0.003248
2 3 0.000904 0.014560 0.615183 0.367791 0.001562
2 3 0.000500 0.008436 0.506213 0.483810 0.001041
3 3 0.000224 0.004901 0.338834 0.655263 0.000778
3 3 0.000124 0.003166 0.262250 0.733967 0.000494
3 3 0.000125 0.003037 0.230887 0.765306 0.000645
3 2 0.000177 0.004120 0.301700 0.693122 0.000882
3 2 0.000099 0.003057 0.267680 0.728450 0.000714
3 2 0.000043 0.002592 0.433616 0.563436 0.000314
2 2 0.000033 0.002308 0.552009 0.445485 0.000166
2 2 0.000020 0.002011 0.704275 0.293598 0.000096
3 2 0.000012 0.001266 0.420839 0.577801 0.000082
3 2 0.000013 0.001266 0.398966 0.599659 0.000096
2 2 0.000024 0.001970 0.498950 0.498931 0.000124
3 2 0.000021 0.001770 0.461728 0.536355 0.000126
3 2 0.000039 0.002614 0.484059 0.513074 0.000214
2 2 0.000024 0.001901 0.509883 0.488062 0.000130
2 2 0.000055 0.003319 0.592409 0.403952 0.000264
3 2 0.000017 0.001560 0.498906 0.499429 0.000089
3 2 0.000021 0.001719 0.436792 0.561341 0.000128
3 2 0.000012 0.001122 0.338867 0.659926 0.000073
3 2 0.000018 0.001160 0.317718 0.681020 0.000085
3 2 0.000008 0.000825 0.300135 0.698983 0.000048
3 2 0.000012 0.000857 0.275757 0.723314 0.000059
3 2 0.000010 0.000911 0.345235 0.653794 0.000050
3 2 0.000082 0.002468 0.327365 0.669835 0.000250
3 2 0.001427 0.009651 0.333854 0.653139 0.001929
