4 0 0.047309 0.040277 0.005938 0.000006 0.906470
4 0 0.021361 0.029850 0.004946 0.000003 0.943839
4 1 0.046136 0.053465 0.012121 0.000033 0.888246
4 1 0.062591 0.071018 0.019975 0.000117 0.846298
4 1 0.052370 0.062578 0.016428 0.000070 0.868553
4 4 0.036915 0.055298 0.015358 0.000057 0.892374
4 4 0.024560 0.042093 0.010401 0.000021 0.922925
4 4 0.056022 0.056026 0.011928 0.000033 0.875992
4 4 0.050285 0.060678 0.015641 0.000062 0.873334
4 4 0.077634 0.100891 0.042267 0.000796 0.778412
4 4 0.091077 0.154443 0.076964 0.001451 0.676064
4 4 0.028539 0.070686 0.033994 0.000387 0.866394
4 4 0.020102 0.061496 0.030689 0.000288 0.887425
4 4 0.013000 0.049347 0.024160 0.000153 0.913340
4 4 0.020702 0.053457 0.021170 0.000116 0.904554
4 4 0.017296 0.046780 0.017268 0.000069 0.918587
4 4 0.020420 0.049367 0.017544 0.000073 0.912596
4 4 0.019953 0.051081 0.019407 0.000093 0.909465
4 4 0.023085 0.075801 0.047283 0.000860 0.852972
4 4 0.021322 0.093932 0.088231 0.004204 0.792310
2 2 0.015230 0.134361 0.467440 0.034166 0.348803
2 2 0.007526 0.099187 0.651774 0.036929 0.204584
2 2 0.002440 0.043376 0.857174 0.052582 0.044428
2 2 0.000674 0.023071 0.938294 0.025582 0.012380
2 2 0.000277 0.007134 0.921412 0.069293 0.001884
2 2 0.000212 0.004147 0.876517 0.118449 0.000676
2 2 0.000305 0.004550 0.822634 0.171586 0.000925
2 2 0.000367 0.003354 0.684513 0.311170 0.000597
3 3 0.000350 0.001678 0.426953 0.570769 0.000250
3 3 0.000359 0.000981 0.261255 0.737286 0.000119
3 3 0.001061 0.001484 0.170642 0.826597 0.000216
3 3 0.001825 0.001578 0.115993 0.880360 0.000243
3 3 0.002132 0.001205 0.074736 0.921751 0.000175
3 3 0.001794 0.000849 0.058115 0.939131 0.000111
3 3 0.002994 0.001231 0.056585 0.939004 0.000186
3 3 0.003674 0.001187 0.045095 0.949862 0.000182
3 3 0.002701 0.000793 0.037115 0.959285 0.000107
3 3 0.003089 0.000933 0.039775 0.956071 0.000132
3 3 0.003199 0.000821 0.033299 0.962564 0.000116
3 3 0.004127 0.001048 0.035609 0.959046 0.000171
3 3 0.004251 0.001013 0.032798 0.961786 0.000152
3 3 0.004592 0.000880 0.025838 0.968562 0.000128
3 3 0.006087 0.001213 0.029407 0.963090 0.000204
3 3 0.007541 0.001452 0.030066 0.960673 0.000268
3 3 0.005878 0.001057 0.026100 0.966783 0.000182
3 3 0.008570 0.001451 0.027280 0.962397 0.000302
3 3 0.013367 0.002569 0.036127 0.947250 0.000688
3 3 0.013548 0.002643 0.036948 0.946142 0.000718
3 3 0.012810 0.002361 0.033905 0.950317 0.000607
3 3 0.012303 0.002249 0.033278 0.951596 0.000574
3 3 0.012836 0.002333 0.033297 0.950942 0.000591
3 3 0.011708 0.001909 0.028301 0.957647 0.000435
3 3 0.008537 0.001139 0.020349 0.969759 0.000215
3 3 0.011108 0.001723 0.026199 0.960597 0.000374
3 3 0.010339 0.001646 0.026767 0.960881 0.000368
3 3 0.011360 0.001896 0.029033 0.957269 0.000443
3 3 0.011698 0.001965 0.029454 0.956421 0.000462
3 3 0.010736 0.001672 0.026168 0.961060 0.000365
3 3 0.009076 0.001260 0.021721 0.967696 0.000247
3 3 0.008541 0.001103 0.019468 0.970688 0.000201
3 3 0.007980 0.001183 0.023159 0.967429 0.000249
3 3 0.005927 0.000752 0.017730 0.975453 0.000137
3 3 0.004951 0.000574 0.015150 0.979228 0.000097
3 3 0.005128 0.000655 0.017386 0.976710 0.000121
3 3 0.007341 0.001154 0.024666 0.966580 0.000259
3 3 0.005072 0.000620 0.016348 0.977850 0.000110
3 3 0.004402 0.000451 0.012485 0.982595 0.000067
3 3 0.003791 0.000340 0.010143 0.985682 0.000045
3 3 0.004895 0.000490 0.012365 0.982179 0.000071
3 3 0.005787 0.000664 0.015394 0.978045 0.000109
3 3 0.009110 0.001347 0.023666 0.965596 0.000281
3 3 0.008818 0.001277 0.022870 0.966774 0.000261
3 3 0.013388 0.002589 0.036449 0.946875 0.000698
3 3 0.009804 0.001518 0.025523 0.962824 0.000331
3 3 0.008097 0.001132 0.021457 0.969089 0.000225
3 3 0.009893 0.001565 0.026315 0.961878 0.000348
3 3 0.009872 0.001632 0.027919 0.960197 0.000380
3 3 0.012114 0.002209 0.033082 0.952032 0.000564
3 3 0.010015 0.001699 0.028992 0.958887 0.000407
3 3 0.010417 0.001686 0.027404 0.960110 0.000383
3 3 0.011780 0.002454 0.037857 0.947316 0.000592
3 3 0.012788 0.002244 0.031746 0.952673 0.000549
3 3 0.012630 0.002298 0.033235 0.951253 0.000584
3 3 0.012532 0.002297 0.033507 0.951076 0.000588
3 3 0.010044 0.001621 0.027124 0.960843 0.000368
3 3 0.011266 0.002103 0.033672 0.952408 0.000551
3 3 0.013752 0.002976 0.042530 0.939843 0.000899
3 3 0.011247 0.002247 0.036855 0.949019 0.000632
3 3 0.011187 0.002293 0.038095 0.947763 0.000662
3 3 0.011940 0.002363 0.036808 0.948232 0.000656
3 3 0.016115 0.003396 0.042245 0.937254 0.000990
3 3 0.010497 0.001472 0.022640 0.965101 0.000289
3 3 0.007643 0.000845 0.015444 0.975935 0.000132
3 3 0.015743 0.002460 0.028231 0.953037 0.000528
3 3 0.021719 0.003984 0.037037 0.936268 0.000991
3 3 0.041942 0.008241 0.056350 0.890998 0.002469
3 3 0.024466 0.005663 0.050082 0.918233 0.001556
3 3 0.018980 0.007552 0.087581 0.883711 0.002176
3 3 0.021646 0.010247 0.125275 0.840555 0.002276
3 3 0.008819 0.002594 0.051027 0.937033 0.000527
3 3 0.007911 0.001921 0.039709 0.950096 0.000364
3 3 0.004623 0.000933 0.027523 0.966784 0.000138
3 3 0.005264 0.001180 0.032287 0.961082 0.000187
3 3 0.002955 0.000830 0.036108 0.959993 0.000114
3 3 0.004298 0.001267 0.042248 0.951987 0.000200
3 3 0.003298 0.001218 0.051244 0.944055 0.000185
3 3 0.005679 0.001761 0.048310 0.943939 0.000311
3 3 0.040354 0.010617 0.089984 0.855838 0.003206
3 3 0.153518 0.022795 0.119759 0.697085 0.006843
3 3 0.156520 0.050776 0.305287 0.476729 0.010688
3 3 0.030724 0.021086 0.311853 0.633344 0.002993
3 3 0.013961 0.009360 0.171140 0.803781 0.001757
3 3 0.013375 0.006965 0.116333 0.861737 0.001590
3 3 0.005913 0.002899 0.082853 0.907754 0.000582
3 3 0.002630 0.002082 0.115359 0.879573 0.000356
3 3 0.001384 0.001042 0.092482 0.904951 0.000140
3 3 0.001430 0.000927 0.078712 0.918809 0.000121
3 3 0.001320 0.000708 0.061911 0.935976 0.000086
3 3 0.003850 0.001697 0.065604 0.928564 0.000285
3 3 0.003408 0.001355 0.056381 0.938643 0.000213
3 3 0.191721 0.073614 0.320173 0.397025 0.017467
2 3 0.056093 0.053120 0.487234 0.396123 0.007430
3 3 0.024061 0.017684 0.223940 0.730791 0.003524
3 3 0.027065 0.014222 0.145506 0.809558 0.003650
3 3 0.005466 0.002781 0.084710 0.906494 0.000548
3 3 0.003255 0.001342 0.058087 0.937108 0.000209
3 3 0.003877 0.001451 0.054383 0.940054 0.000235
3 3 0.010750 0.003958 0.069621 0.914760 0.000912
3 3 0.040866 0.010813 0.088665 0.856341 0.003315
3 3 0.025622 0.009324 0.107051 0.855319 0.002684
3 3 0.014829 0.010723 0.176982 0.794986 0.002479
3 3 0.010596 0.007413 0.141982 0.837988 0.002022
3 3 0.008720 0.004924 0.107156 0.878022 0.001179
3 3 0.005799 0.004300 0.130812 0.858131 0.000959
3 3 0.004063 0.002977 0.118228 0.874150 0.000583
3 3 0.003131 0.001964 0.092964 0.901605 0.000336
3 3 0.003546 0.001939 0.082214 0.911965 0.000335
3 3 0.003445 0.001966 0.085640 0.908609 0.000339
3 3 0.003833 0.002006 0.079795 0.914014 0.000352
3 3 0.005787 0.002119 0.058929 0.932774 0.000392
0 3 0.300447 0.144454 0.286448 0.211615 0.057036
0 3 0.332741 0.114979 0.195575 0.286306 0.070399
3 3 0.294032 0.074988 0.176525 0.410479 0.043977
3 3 0.133038 0.053621 0.236395 0.554084 0.022862
3 3 0.053637 0.038214 0.362944 0.536036 0.009169
3 3 0.038141 0.027859 0.304856 0.622651 0.006492
3 3 0.012031 0.010743 0.207833 0.766873 0.002520
3 3 0.007755 0.005284 0.128043 0.857641 0.001277
3 3 0.006118 0.003039 0.084845 0.905378 0.000620
3 3 0.003292 0.001732 0.077133 0.917556 0.000288
3 3 0.006090 0.004353 0.127173 0.861407 0.000978
3 3 0.002977 0.002028 0.100740 0.893906 0.000348
3 3 0.003241 0.002319 0.108732 0.885293 0.000416
3 3 0.001353 0.001082 0.098454 0.898964 0.000147
3 3 0.002025 0.001600 0.107719 0.888407 0.000250
3 3 0.002899 0.002750 0.144093 0.849745 0.000513
3 3 0.002636 0.001850 0.100976 0.894231 0.000307
3 3 0.004044 0.003483 0.140910 0.850851 0.000712
3 3 0.002165 0.002800 0.186526 0.807993 0.000516
3 3 0.002154 0.003430 0.230262 0.763482 0.000673
2 2 0.003790 0.037069 0.783505 0.134678 0.040958
2 2 0.002711 0.034980 0.818378 0.099827 0.044105
2 2 0.003373 0.037640 0.798795 0.113998 0.046195
2 2 0.004247 0.036362 0.764846 0.155570 0.038974
2 2 0.008934 0.074725 0.681633 0.099563 0.135146
2 2 0.010414 0.090576 0.616949 0.074783 0.207277
2 2 0.008242 0.061292 0.703380 0.130675 0.096412
2 3 0.005893 0.040525 0.725698 0.184548 0.043336
2 3 0.005991 0.035967 0.698961 0.229812 0.029268
2 3 0.003179 0.025496 0.749989 0.204428 0.016908
2 3 0.001744 0.025680 0.852878 0.101897 0.017800
2 3 0.000434 0.007505 0.871738 0.118748 0.001575
2 3 0.000424 0.009668 0.908818 0.078234 0.002856
2 3 0.000951 0.011709 0.838892 0.145707 0.002740
2 3 0.003332 0.035736 0.880765 0.073620 0.006547
2 3 0.135422 0.262296 0.541215 0.019834 0.041234
2 3 0.287431 0.319659 0.352232 0.008087 0.032591
1 3 0.281145 0.357564 0.291684 0.007357 0.062251
0 3 0.415358 0.284006 0.223408 0.009543 0.067685
0 3 0.356917 0.317859 0.248949 0.008407 0.067868
0 3 0.725242 0.148242 0.034567 0.000323 0.091625
0 3 0.849385 0.075882 0.025771 0.000965 0.047998
0 0 0.827651 0.096464 0.026297 0.000387 0.049201
0 2 0.787252 0.117957 0.034857 0.000585 0.059349
0 1 0.711171 0.160864 0.043849 0.000589 0.083528
0 1 0.753326 0.129739 0.031935 0.000504 0.084497
0 1 0.708012 0.149092 0.036455 0.000626 0.105814
0 1 0.723702 0.137191 0.028856 0.000423 0.109828
0 1 0.636220 0.189010 0.054286 0.001080 0.119404
0 1 0.581475 0.223438 0.067043 0.001194 0.126849
0 1 0.577668 0.226435 0.066231 0.001104 0.128562
0 1 0.588038 0.210383 0.063570 0.001447 0.136561
0 1 0.743161 0.118959 0.030086 0.000862 0.106932
0 1 0.744631 0.115116 0.033204 0.001369 0.105680
0 1 0.782255 0.088894 0.021409 0.000918 0.106525
0 1 0.805253 0.069662 0.014566 0.000719 0.109799
0 1 0.847546 0.055156 0.013163 0.000884 0.083251
0 1 0.791178 0.088729 0.020548 0.000713 0.098832
0 1 0.835597 0.067001 0.013715 0.000445 0.083242
0 0 0.861060 0.068405 0.019016 0.000578 0.050942
0 0 0.543186 0.287341 0.087446 0.000500 0.081527
0 0 0.676079 0.206905 0.042927 0.000153 0.073936
0 0 0.624751 0.248094 0.066398 0.000229 0.060527
0 1 0.628119 0.244693 0.077681 0.000300 0.049207
0 1 0.605603 0.257445 0.090879 0.000368 0.045706
0 1 0.631478 0.242766 0.085330 0.000310 0.040116
0 1 0.635958 0.234356 0.085006 0.000417 0.044263
0 1 0.656034 0.220837 0.075016 0.000395 0.047719
0 1 0.707111 0.176884 0.070803 0.000750 0.044452
0 1 0.757915 0.136049 0.068452 0.001475 0.036109
0 1 0.814167 0.109939 0.045479 0.000658 0.029756
0 1 0.769828 0.146089 0.043681 0.000274 0.040128
0 1 0.690053 0.205200 0.065962 0.000247 0.038538
0 1 0.804984 0.122652 0.045599 0.000344 0.026420
0 1 0.756822 0.144662 0.074678 0.000750 0.023088
0 1 0.745421 0.163026 0.058816 0.000339 0.032398
0 1 0.752502 0.165555 0.048051 0.000169 0.033724
0 1 0.798383 0.126832 0.026575 0.000120 0.048091
0 1 0.755805 0.143690 0.045013 0.000538 0.054954
0 1 0.683904 0.176333 0.058969 0.001025 0.079770
0 1 0.884059 0.068316 0.029506 0.000487 0.017632
0 0 0.956536 0.023477 0.011883 0.000512 0.007592
0 0 0.984754 0.008952 0.003590 0.000089 0.002615
0 0 0.974602 0.014511 0.006632 0.000193 0.004062
0 0 0.963960 0.020458 0.010138 0.000286 0.005159
0 0 0.944443 0.031244 0.017641 0.000435 0.006237
0 0 0.944192 0.030154 0.020549 0.000523 0.004582
0 0 0.941185 0.032845 0.021098 0.000385 0.004487
0 0 0.940472 0.037188 0.016647 0.000141 0.005553
0 0 0.939074 0.037604 0.016895 0.000171 0.006255
0 0 0.946453 0.032583 0.014563 0.000186 0.006215
0 0 0.956822 0.026003 0.011000 0.000174 0.006000
0 0 0.956723 0.025617 0.010042 0.000191 0.007427
0 0 0.958022 0.024602 0.010192 0.000215 0.006969
0 0 0.945913 0.031146 0.015618 0.000346 0.006977
0 0 0.946509 0.032515 0.014006 0.000189 0.006781
0 0 0.919479 0.048986 0.024251 0.000235 0.007049
0 0 0.911233 0.055995 0.024757 0.000169 0.007845
0 0 0.912450 0.055563 0.023515 0.000161 0.008311
0 0 0.902881 0.060476 0.027700 0.000213 0.008730
0 0 0.946245 0.034191 0.008397 0.000057 0.011109
0 0 0.942729 0.036508 0.012880 0.000108 0.007776
0 1 0.946127 0.033892 0.013295 0.000125 0.006561
0 1 0.958839 0.026016 0.009637 0.000093 0.005415
0 1 0.967618 0.020135 0.007377 0.000090 0.004781
0 1 0.968879 0.019721 0.006385 0.000063 0.004952
0 1 0.960848 0.024464 0.008192 0.000090 0.006406
0 1 0.959579 0.025839 0.007855 0.000066 0.006662
0 1 0.942347 0.037651 0.012388 0.000078 0.007536
0 1 0.942029 0.037615 0.013161 0.000088 0.007107
0 1 0.932315 0.043030 0.017815 0.000130 0.006710
0 1 0.930904 0.043449 0.019654 0.000140 0.005852
0 1 0.938188 0.037118 0.020068 0.000189 0.004437
0 0 0.902029 0.057375 0.034756 0.000284 0.005557
0 0 0.835345 0.102822 0.046608 0.000316 0.014910
0 1 0.808746 0.125479 0.039128 0.000185 0.026462
0 1 0.818440 0.111858 0.038886 0.000369 0.030447
0 1 0.862906 0.083467 0.031787 0.000367 0.021472
0 1 0.843773 0.099333 0.032990 0.000232 0.023671
0 1 0.847016 0.099011 0.029057 0.000163 0.024752
0 0 0.765767 0.136239 0.023343 0.000089 0.074563
0 0 0.688057 0.191944 0.055045 0.000402 0.064553
0 0 0.729563 0.167310 0.044048 0.000289 0.058790
0 0 0.682217 0.202278 0.065911 0.000387 0.049207
0 1 0.901804 0.061692 0.017973 0.000145 0.018386
0 1 0.864844 0.074863 0.039316 0.001078 0.019900
0 1 0.801245 0.109841 0.062256 0.001492 0.025165
0 0 0.862254 0.078040 0.027854 0.000566 0.031287
0 0 0.903536 0.030561 0.004595 0.000092 0.061216
0 0 0.828945 0.036456 0.003027 0.000016 0.131556
0 0 0.879409 0.040731 0.005821 0.000092 0.073946
0 1 0.821980 0.101621 0.019631 0.000141 0.056627
0 1 0.806628 0.108032 0.029387 0.000425 0.055529
0 1 0.806836 0.103010 0.027251 0.000483 0.062420
0 1 0.850213 0.085407 0.026255 0.000423 0.037701
0 1 0.795397 0.118287 0.046380 0.000798 0.039138
0 1 0.726101 0.167527 0.063890 0.000604 0.041877
0 1 0.634539 0.222429 0.093052 0.000840 0.049139
0 1 0.530278 0.291751 0.123821 0.000789 0.053361
0 1 0.564789 0.265249 0.114435 0.000943 0.054584
0 1 0.564897 0.270562 0.099495 0.000696 0.064351
0 1 0.562724 0.277087 0.097408 0.000554 0.062228
0 1 0.593284 0.251871 0.091402 0.000682 0.062761
0 0 0.647721 0.205252 0.076181 0.001043 0.069804
0 1 0.677598 0.191678 0.076262 0.000922 0.053540
0 1 0.746932 0.158998 0.049028 0.000337 0.044705
0 1 0.668168 0.215857 0.072484 0.000330 0.043162
0 1 0.618194 0.245950 0.083941 0.000412 0.051503
0 1 0.608333 0.259080 0.077385 0.000276 0.054927
0 1 0.604112 0.265267 0.075763 0.000229 0.054628
0 1 0.649299 0.230799 0.066121 0.000254 0.053526
0 1 0.660134 0.225073 0.068743 0.000252 0.045798
0 1 0.638643 0.240062 0.071612 0.000248 0.049435
0 1 0.669471 0.218793 0.061389 0.000223 0.050125
0 1 0.679896 0.212023 0.055006 0.000190 0.052885
0 1 0.670195 0.217083 0.049949 0.000161 0.062611
0 1 0.591344 0.275787 0.059890 0.000136 0.072843
0 1 0.564574 0.294722 0.059796 0.000120 0.080788
0 1 0.562962 0.298423 0.059663 0.000108 0.078844
0 1 0.595383 0.275487 0.058516 0.000120 0.070494
0 1 0.467585 0.332959 0.115323 0.000704 0.083429
0 1 0.511083 0.304304 0.107738 0.000716 0.076159
0 1 0.523512 0.303191 0.102975 0.000543 0.069779
0 1 0.613023 0.240786 0.081616 0.000579 0.063996
0 1 0.673598 0.199732 0.067920 0.000591 0.058159
0 1 0.730172 0.164716 0.051168 0.000447 0.053497
0 1 0.741020 0.157272 0.047509 0.000425 0.053774
0 1 0.728089 0.166799 0.051284 0.000425 0.053402
0 1 0.726101 0.169726 0.055188 0.000437 0.048549
0 1 0.685539 0.197099 0.063899 0.000438 0.053025
0 1 0.673311 0.214382 0.059069 0.000233 0.053006
0 1 0.708842 0.186967 0.047195 0.000216 0.056781
0 1 0.762592 0.150233 0.040078 0.000231 0.046866
0 1 0.806790 0.118256 0.027716 0.000181 0.047057
0 1 0.830492 0.100765 0.022898 0.000177 0.045669
0 1 0.768666 0.144809 0.032346 0.000162 0.054016
0 1 0.800031 0.123265 0.024837 0.000121 0.051746
0 1 0.798290 0.124981 0.026967 0.000142 0.049620
0 1 0.795113 0.125876 0.027857 0.000160 0.050993
0 1 0.812819 0.114821 0.026793 0.000173 0.045394
0 1 0.793469 0.124498 0.029894 0.000221 0.051919
0 1 0.770360 0.145789 0.038228 0.000212 0.045410
0 1 0.775104 0.145452 0.032919 0.000132 0.046393
0 1 0.773966 0.148460 0.025833 0.000062 0.051678
0 1 0.754127 0.161976 0.028955 0.000070 0.054872
0 1 0.785239 0.135215 0.021806 0.000062 0.057679
0 1 0.741616 0.159459 0.029562 0.000116 0.069247
0 1 0.723762 0.175755 0.027809 0.000067 0.072608
0 1 0.725167 0.168269 0.030036 0.000114 0.076414
0 1 0.728949 0.165685 0.036057 0.000196 0.069115
0 1 0.818076 0.106956 0.028342 0.000293 0.046332
0 1 0.688166 0.185466 0.069161 0.000824 0.056383
0 1 0.700535 0.180632 0.055546 0.000514 0.062773
0 1 0.692062 0.182500 0.055519 0.000575 0.069344
0 1 0.737675 0.153851 0.039625 0.000367 0.068482
0 1 0.773674 0.140938 0.027885 0.000120 0.057383
0 1 0.771518 0.157228 0.024793 0.000036 0.046425
0 1 0.758075 0.171477 0.026994 0.000030 0.043424
0 1 0.813469 0.130417 0.021167 0.000029 0.034918
0 1 0.874464 0.081187 0.013695 0.000040 0.030614
0 1 0.807986 0.132677 0.014800 0.000012 0.044524
0 1 0.757056 0.177185 0.022789 0.000014 0.042955
0 1 0.682558 0.242884 0.024637 0.000006 0.049915
0 1 0.616107 0.293503 0.037245 0.000012 0.053132
0 1 0.623358 0.275691 0.044976 0.000033 0.055941
0 1 0.657792 0.240789 0.052788 0.000083 0.048547
0 1 0.650570 0.243862 0.061087 0.000113 0.044369
0 1 0.636171 0.259881 0.049562 0.000058 0.054328
0 1 0.646323 0.245769 0.046176 0.000070 0.061662
0 1 0.531624 0.328924 0.075406 0.000114 0.063933
0 1 0.541471 0.316823 0.079235 0.000153 0.062319
0 1 0.523774 0.324676 0.098012 0.000222 0.053316
0 1 0.612590 0.257098 0.092841 0.000286 0.037184
0 1 0.638496 0.243243 0.081993 0.000226 0.036041
0 1 0.673367 0.226786 0.066870 0.000131 0.032846
0 1 0.645241 0.254482 0.061852 0.000078 0.038347
0 1 0.464244 0.386409 0.092468 0.000094 0.056785
1 1 0.298248 0.463241 0.175897 0.000430 0.062185
1 1 0.275154 0.454187 0.202285 0.000852 0.067522
1 1 0.144177 0.428989 0.360141 0.005991 0.060702
2 1 0.001407 0.037235 0.951818 0.007109 0.002431
2 2 0.001233 0.024821 0.960997 0.011501 0.001448
2 2 0.000712 0.016553 0.969517 0.012379 0.000839
2 2 0.000480 0.013627 0.968756 0.016360 0.000778
2 2 0.000490 0.013542 0.970141 0.015095 0.000732
2 2 0.000224 0.008119 0.977676 0.013598 0.000383
2 2 0.000296 0.011436 0.978032 0.009684 0.000552
2 2 0.000268 0.009597 0.979238 0.010480 0.000417
2 2 0.000828 0.020305 0.970382 0.007464 0.001022
2 2 0.000604 0.015060 0.973516 0.010141 0.000679
2 2 0.000771 0.017775 0.969784 0.010855 0.000815
2 2 0.000554 0.014439 0.971417 0.012881 0.000709
2 2 0.000370 0.013930 0.977172 0.007897 0.000631
2 2 0.000155 0.007017 0.980085 0.012413 0.000331
2 2 0.000203 0.007488 0.975958 0.016000 0.000351
2 2 0.026140 0.067907 0.886192 0.016788 0.002973
2 0 0.268271 0.165864 0.541877 0.017682 0.006306
2 0 0.332497 0.203948 0.423878 0.026093 0.013583
0 0 0.493683 0.224690 0.233546 0.011547 0.036534
0 1 0.749164 0.125873 0.032895 0.000341 0.091727
2 1 0.019929 0.201033 0.649025 0.018099 0.111915
2 1 0.002505 0.059517 0.891689 0.019494 0.026794
2 2 0.000879 0.033628 0.946550 0.011454 0.007489
2 2 0.001000 0.026093 0.944335 0.024002 0.004570
2 2 0.000620 0.018159 0.955524 0.023358 0.002340
2 2 0.000755 0.025900 0.952789 0.016100 0.004456
2 2 0.000474 0.020071 0.964305 0.012417 0.002732
2 2 0.000320 0.011719 0.964782 0.021796 0.001383
2 2 0.000271 0.009141 0.960481 0.029046 0.001061
2 2 0.000235 0.008507 0.963436 0.026870 0.000953
2 2 0.000161 0.005591 0.955124 0.038493 0.000631
2 2 0.000208 0.006842 0.947708 0.044118 0.001123
2 3 0.000352 0.005817 0.853220 0.139442 0.001169
2 3 0.000336 0.005484 0.866142 0.127213 0.000825
2 3 0.000629 0.007108 0.811764 0.179299 0.001200
2 3 0.000472 0.004892 0.789066 0.204968 0.000601
2 3 0.000998 0.006373 0.699273 0.292552 0.000804
2 3 0.001940 0.006681 0.505053 0.485265 0.001059
2 3 0.006143 0.016077 0.542878 0.432438 0.002464
3 3 0.006919 0.014384 0.429286 0.546442 0.002969
0 3 0.513919 0.163077 0.256417 0.039281 0.027306
0 3 0.687630 0.152670 0.100538 0.006209 0.052952
0 0 0.620662 0.198374 0.074904 0.002131 0.103929
0 0 0.434676 0.259082 0.157652 0.012965 0.135623
2 1 0.205760 0.275365 0.277641 0.067812 0.173422
2 1 0.114145 0.160673 0.392487 0.254346 0.078349
2 1 0.028368 0.117837 0.697710 0.120114 0.035971
2 1 0.000642 0.010763 0.913493 0.073721 0.001382
2 2 0.000343 0.010588 0.959459 0.028459 0.001151
2 2 0.000108 0.004615 0.965549 0.029284 0.000444
2 2 0.000081 0.003452 0.963864 0.032324 0.000279
2 2 0.000069 0.003817 0.976277 0.019551 0.000286
2 2 0.000123 0.005699 0.973598 0.020118 0.000462
2 2 0.000231 0.007028 0.954079 0.037923 0.000738
2 2 0.000335 0.007480 0.930410 0.060879 0.000897
2 2 0.000456 0.006592 0.863891 0.128128 0.000933
2 2 0.000230 0.003386 0.826165 0.169800 0.000420
2 2 0.000131 0.001855 0.754554 0.243223 0.000238
2 2 0.000041 0.000592 0.671108 0.328210 0.000049
2 2 0.000071 0.000636 0.541976 0.457262 0.000055
3 2 0.004459 0.002530 0.090945 0.901587 0.000478
3 2 0.007284 0.002519 0.058572 0.931126 0.000498
3 3 0.012100 0.003280 0.050701 0.933163 0.000756
3 3 0.016420 0.003679 0.044139 0.934836 0.000926
3 3 0.015027 0.003130 0.039169 0.941966 0.000709
3 3 0.014986 0.003093 0.038678 0.942549 0.000694
3 3 0.013677 0.002868 0.038493 0.944336 0.000626
3 3 0.012165 0.002580 0.037832 0.946880 0.000542
3 3 0.012770 0.002740 0.038842 0.945061 0.000587
3 3 0.011526 0.002586 0.039852 0.945495 0.000540
3 3 0.012182 0.002122 0.030049 0.955217 0.000430
3 3 0.014143 0.002662 0.034540 0.948050 0.000605
3 3 0.014640 0.002464 0.030766 0.951557 0.000573
3 3 0.014663 0.002572 0.032535 0.949605 0.000624
3 3 0.012612 0.002000 0.027641 0.957307 0.000441
3 3 0.012011 0.001912 0.027537 0.958116 0.000425
3 3 0.008525 0.001070 0.018726 0.971490 0.000189
3 3 0.009400 0.001286 0.021428 0.967640 0.000247
3 3 0.008759 0.001172 0.020513 0.969336 0.000221
3 3 0.007716 0.000932 0.017427 0.973766 0.000159
3 3 0.010704 0.001886 0.030098 0.956902 0.000411
3 3 0.014429 0.002673 0.034882 0.947329 0.000686
3 3 0.009153 0.001294 0.022282 0.967013 0.000258
3 3 0.012527 0.002187 0.031397 0.953356 0.000532
3 3 0.011983 0.002230 0.033916 0.951290 0.000581
3 3 0.012690 0.002255 0.032237 0.952260 0.000559
3 3 0.013153 0.002261 0.031037 0.953009 0.000540
3 3 0.010446 0.001413 0.021538 0.966336 0.000267
3 3 0.011228 0.001664 0.024696 0.962068 0.000344
3 3 0.010478 0.001536 0.024009 0.963663 0.000315
3 3 0.013254 0.002292 0.031325 0.952579 0.000551
3 3 0.013444 0.002459 0.033857 0.949615 0.000626
3 3 0.016723 0.003567 0.043205 0.935455 0.001051
3 3 0.015647 0.003250 0.041217 0.938951 0.000935
3 3 0.014245 0.002507 0.032503 0.950133 0.000611
3 3 0.013299 0.002125 0.028196 0.955908 0.000471
3 3 0.011499 0.001621 0.023194 0.963367 0.000318
3 3 0.014923 0.002648 0.033139 0.948640 0.000650
3 3 0.013888 0.002437 0.032221 0.950861 0.000593
3 3 0.022501 0.005407 0.053199 0.917123 0.001771
3 3 0.020420 0.004462 0.046193 0.927592 0.001333
3 3 0.010212 0.001535 0.024713 0.963216 0.000324
3 3 0.014061 0.002595 0.034554 0.948125 0.000665
3 3 0.013408 0.002433 0.033476 0.950069 0.000614
3 3 0.015027 0.002970 0.038301 0.942889 0.000813
3 3 0.009870 0.001455 0.023929 0.964444 0.000302
3 3 0.012064 0.002000 0.029096 0.956377 0.000463
3 3 0.015268 0.003184 0.041250 0.939378 0.000921
3 3 0.017429 0.004118 0.049801 0.927309 0.001344
3 3 0.012277 0.002424 0.036882 0.947746 0.000671
3 3 0.013534 0.002711 0.038266 0.944732 0.000757
3 3 0.014198 0.002905 0.039712 0.942358 0.000827
3 3 0.021064 0.005152 0.053840 0.918220 0.001724
3 3 0.021677 0.005477 0.056450 0.914504 0.001892
3 3 0.022359 0.005634 0.056545 0.913524 0.001938
3 3 0.023615 0.005712 0.054049 0.914755 0.001868
3 3 0.028776 0.007227 0.058687 0.902866 0.002444
3 3 0.041366 0.012769 0.079897 0.861017 0.004951
3 3 0.037625 0.015706 0.107867 0.832904 0.005898
3 3 0.127831 0.051027 0.221096 0.577678 0.022368
2 2 0.009797 0.042850 0.724152 0.213258 0.009943
3 2 0.009587 0.024596 0.477431 0.479436 0.008951
3 2 0.014939 0.034308 0.458051 0.471949 0.020753
2 2 0.014516 0.046327 0.555927 0.345299 0.037932
2 2 0.022531 0.092451 0.555457 0.175993 0.153568
2 2 0.020380 0.112270 0.482089 0.086451 0.298810
4 2 0.036628 0.136541 0.357863 0.089264 0.379704
4 2 0.035584 0.139742 0.297563 0.062946 0.464164
4 2 0.035613 0.140399 0.209385 0.037926 0.576676
4 2 0.037833 0.138376 0.178175 0.033335 0.612281
4 2 0.047542 0.149271 0.191795 0.044900 0.566493
4 2 0.048068 0.149787 0.192438 0.045553 0.564155
4 2 0.052682 0.154037 0.197722 0.051392 0.544166
4 2 0.050127 0.151835 0.195546 0.048331 0.554160
4 2 0.047748 0.149475 0.192048 0.045156 0.565572
4 2 0.062634 0.161675 0.207166 0.064662 0.503863
4 2 0.065499 0.163533 0.209449 0.068652 0.492867
4 2 0.079315 0.186923 0.237571 0.076358 0.419833
4 2 0.084128 0.189657 0.240823 0.082239 0.403152
4 2 0.062613 0.169177 0.195138 0.037275 0.535797
4 2 0.040004 0.141055 0.181532 0.035839 0.601570
4 2 0.050888 0.145975 0.164353 0.028005 0.610779
4 2 0.066514 0.127082 0.087299 0.005030 0.714074
4 2 0.084616 0.102416 0.041501 0.000777 0.770690
4 2 0.097944 0.111207 0.046764 0.001095 0.742989
4 1 0.114474 0.111100 0.042213 0.000885 0.731329
4 1 0.114191 0.137580 0.075243 0.003980 0.669006
4 1 0.085610 0.128353 0.075208 0.003621 0.707208
4 1 0.102800 0.132190 0.072131 0.003430 0.689449
4 1 0.095192 0.114652 0.051643 0.001401 0.737112
4 1 0.065541 0.100253 0.046621 0.000983 0.786603
4 1 0.105638 0.101035 0.034690 0.000525 0.758112
4 1 0.176443 0.136857 0.056983 0.002299 0.627418
4 1 0.228326 0.199989 0.151220 0.037803 0.382662
4 1 0.213724 0.184088 0.127946 0.025680 0.448562
4 1 0.096556 0.176724 0.209652 0.084542 0.432525
4 1 0.071167 0.165529 0.200752 0.060725 0.501827
4 1 0.065849 0.163751 0.209716 0.069145 0.491539
4 1 0.071330 0.166896 0.213563 0.077003 0.471208
4 2 0.084806 0.164801 0.242039 0.118777 0.389577
4 2 0.232638 0.235795 0.128254 0.006461 0.396852
0 2 0.478523 0.197070 0.060885 0.001645 0.261876
0 2 0.583298 0.157323 0.046593 0.002343 0.210444
0 2 0.657186 0.127613 0.038930 0.003301 0.172970
0 2 0.652929 0.150069 0.044225 0.002065 0.150711
0 2 0.624348 0.144880 0.038475 0.001659 0.190638
0 2 0.614692 0.165939 0.053381 0.002901 0.163087
0 2 0.532037 0.209133 0.074619 0.003355 0.180855
0 2 0.459210 0.205446 0.087344 0.006783 0.241217
0 2 0.459517 0.159072 0.054738 0.003576 0.323097
4 2 0.341606 0.185365 0.070257 0.002971 0.399801
0 2 0.449096 0.186064 0.045373 0.000522 0.318945
0 2 0.609549 0.119935 0.018744 0.000160 0.251612
0 1 0.560067 0.148722 0.025758 0.000179 0.265275
0 0 0.653689 0.126775 0.026915 0.000334 0.192287
0 0 0.603096 0.126325 0.017448 0.000068 0.253064
0 1 0.615088 0.127625 0.019204 0.000124 0.237960
0 1 0.710285 0.164797 0.023308 0.000067 0.101544
0 1 0.645359 0.230364 0.039191 0.000088 0.084998
0 1 0.717957 0.202979 0.022897 0.000012 0.056154
0 1 0.715087 0.180457 0.024253 0.000044 0.080158
0 1 0.697869 0.204677 0.030771 0.000043 0.066639
0 1 0.659828 0.247295 0.031439 0.000018 0.061419
0 1 0.685588 0.216092 0.028390 0.000028 0.069902
0 1 0.708411 0.187480 0.025334 0.000042 0.078733
0 1 0.765989 0.138320 0.016086 0.000033 0.079572
0 1 0.812637 0.106729 0.010647 0.000019 0.069968
0 1 0.809137 0.114136 0.011341 0.000016 0.065370
0 1 0.798745 0.122895 0.011214 0.000012 0.067134
0 1 0.775795 0.142013 0.014108 0.000014 0.068070
0 1 0.784174 0.127876 0.013231 0.000021 0.074698
0 1 0.772643 0.134415 0.014897 0.000027 0.078017
0 1 0.848914 0.081367 0.008350 0.000022 0.061346
0 1 0.886564 0.055788 0.005023 0.000015 0.052610
0 1 0.901126 0.045426 0.004169 0.000016 0.049263
0 1 0.934715 0.024785 0.002099 0.000014 0.038388
0 1 0.907836 0.049138 0.005479 0.000020 0.037527
0 0 0.906541 0.047258 0.004791 0.000017 0.041393
0 0 0.858775 0.069048 0.007890 0.000036 0.064251
0 1 0.683659 0.102632 0.010607 0.000029 0.203073
4 1 0.409624 0.123392 0.031461 0.000985 0.434538
0 1 0.510348 0.124344 0.033137 0.001667 0.330505
0 1 0.473542 0.108793 0.022402 0.000507 0.394757
4 1 0.350917 0.137792 0.043661 0.001932 0.465697
4 1 0.365641 0.123512 0.032005 0.000890 0.477951
4 1 0.336460 0.127196 0.035324 0.001052 0.499968
4 4 0.340796 0.129400 0.036906 0.001196 0.491702
4 4 0.389101 0.116531 0.027062 0.000620 0.466686
0 4 0.440481 0.120613 0.029524 0.000928 0.408454
0 4 0.550100 0.117603 0.031285 0.001581 0.299432
0 4 0.584400 0.112510 0.028729 0.001478 0.272883
0 4 0.594915 0.110648 0.028547 0.001488 0.264402
4 4 0.395082 0.144832 0.049653 0.003198 0.407236
4 4 0.303547 0.192882 0.088294 0.005804 0.409472
0 4 0.344232 0.265635 0.124799 0.004919 0.260415
0 4 0.318477 0.299665 0.135418 0.002985 0.243455
0 4 0.421850 0.257105 0.080572 0.000991 0.239481
0 4 0.501705 0.198922 0.048413 0.000542 0.250418
0 4 0.706547 0.152219 0.034191 0.000464 0.106578
0 4 0.722895 0.153441 0.033281 0.000314 0.090070
0 4 0.499064 0.130467 0.028247 0.000550 0.341672
0 4 0.598754 0.141624 0.036612 0.001452 0.221558
0 4 0.538384 0.232181 0.071482 0.001401 0.156553
4 4 0.380842 0.144063 0.034293 0.000514 0.440287
4 4 0.220646 0.102686 0.023686 0.000272 0.652710
4 4 0.217801 0.132934 0.043020 0.001007 0.605238
4 4 0.281128 0.158837 0.059421 0.002505 0.498109
0 4 0.365424 0.187077 0.077514 0.005008 0.364978
4 4 0.235008 0.141698 0.054216 0.002396 0.566682
4 4 0.363500 0.132538 0.038899 0.001480 0.463584
4 4 0.362609 0.127181 0.034724 0.001092 0.474394
0 4 0.484012 0.113898 0.025482 0.000740 0.375869
0 4 0.411328 0.140661 0.045553 0.002680 0.399779
4 4 0.255715 0.171349 0.091813 0.011019 0.470103
4 1 0.169091 0.261482 0.228094 0.029796 0.311537
4 1 0.076110 0.246417 0.306924 0.042633 0.327916
2 2 0.036621 0.201405 0.450200 0.040267 0.271507
2 2 0.011236 0.106718 0.705494 0.058290 0.118261
2 2 0.005608 0.074272 0.810920 0.050210 0.058989
2 2 0.004385 0.059959 0.854370 0.052319 0.028967
2 2 0.003446 0.079454 0.873324 0.013930 0.029846
2 2 0.001773 0.052208 0.915698 0.013494 0.016827
2 2 0.001023 0.041824 0.931761 0.009829 0.015563
2 2 0.000944 0.036923 0.922372 0.015045 0.024716
2 2 0.000637 0.029713 0.940119 0.012811 0.016720
2 2 0.000394 0.022310 0.952202 0.012138 0.012957
2 2 0.000290 0.017161 0.964344 0.012067 0.006138
2 2 0.000340 0.017744 0.963653 0.013248 0.005015
2 2 0.000406 0.017246 0.963092 0.015932 0.003323
2 2 0.000789 0.027553 0.951747 0.014562 0.005351
2 2 0.001336 0.029364 0.937777 0.026817 0.004707
2 2 0.001274 0.027326 0.940055 0.027494 0.003850
2 2 0.003162 0.046968 0.903092 0.037927 0.008851
2 2 0.001962 0.041797 0.925090 0.023437 0.007714
2 2 0.001450 0.042349 0.929954 0.015581 0.010665
2 2 0.000642 0.018555 0.944856 0.031051 0.004897
2 2 0.001448 0.025319 0.903513 0.060785 0.008935
2 2 0.002314 0.049971 0.897180 0.027845 0.022689
2 2 0.001799 0.052638 0.911128 0.014377 0.020058
2 2 0.003555 0.078719 0.879811 0.014083 0.023832
1 2 0.312483 0.327786 0.293666 0.009519 0.056546
0 2 0.365437 0.314685 0.199943 0.008358 0.111576
0 2 0.398072 0.335428 0.177192 0.003089 0.086219
0 2 0.457500 0.304725 0.143318 0.002532 0.091925
1 2 0.296866 0.360121 0.223548 0.007373 0.112092
0 2 0.328585 0.323968 0.199589 0.010955 0.136902
1 2 0.275283 0.288148 0.238476 0.040485 0.157607
0 2 0.340261 0.300424 0.191355 0.015587 0.152373
0 2 0.345908 0.268574 0.178687 0.024115 0.182716
1 2 0.246131 0.329326 0.270099 0.025188 0.129256
2 1 0.133136 0.360663 0.399838 0.027143 0.079219
2 1 0.057951 0.262003 0.590644 0.035478 0.053923
2 1 0.006606 0.093886 0.865964 0.019807 0.013737
2 2 0.000630 0.021235 0.959437 0.016152 0.002546
2 2 0.000056 0.003749 0.981273 0.014643 0.000279
2 2 0.000093 0.004969 0.975557 0.018949 0.000432
2 2 0.000124 0.006576 0.976398 0.016295 0.000607
2 2 0.000360 0.011490 0.960617 0.026241 0.001292
2 2 0.000969 0.023973 0.942735 0.028425 0.003898
2 2 0.001622 0.039468 0.933073 0.019583 0.006255
2 2 0.000683 0.016321 0.933925 0.045728 0.003342
2 2 0.000259 0.008244 0.951889 0.038453 0.001155
2 2 0.000134 0.005332 0.965840 0.028217 0.000477
2 2 0.000294 0.009041 0.960171 0.029622 0.000872
2 2 0.000290 0.009825 0.965309 0.023665 0.000911
2 2 0.000275 0.009983 0.966761 0.021995 0.000986
2 2 0.000169 0.006180 0.961205 0.031801 0.000645
2 2 0.000143 0.005428 0.960355 0.033488 0.000587
2 2 0.000245 0.007951 0.956564 0.034297 0.000943
2 2 0.000372 0.009928 0.946017 0.042344 0.001339
2 2 0.000769 0.015660 0.929078 0.051867 0.002627
2 2 0.000770 0.014120 0.923515 0.059503 0.002091
2 2 0.000600 0.012979 0.939853 0.044951 0.001618
2 2 0.000213 0.008921 0.970051 0.019896 0.000919
2 2 0.000083 0.004729 0.976723 0.018041 0.000425
2 2 0.000047 0.002814 0.976229 0.020713 0.000197
2 2 0.002685 0.022062 0.933587 0.039683 0.001983
2 2 0.093808 0.145672 0.711662 0.034252 0.014605
2 2 0.136089 0.238919 0.538739 0.033045 0.053208
2 2 0.139417 0.262139 0.463448 0.033310 0.101686
0 0 0.761081 0.144605 0.026998 0.000105 0.067211
0 0 0.843762 0.093889 0.018595 0.000108 0.043645
0 0 0.789951 0.115003 0.021750 0.000178 0.073117
0 0 0.743753 0.114768 0.028619 0.000909 0.111951
0 0 0.694970 0.113427 0.025915 0.001177 0.164510
0 0 0.617690 0.156640 0.055665 0.004395 0.165611
0 0 0.638117 0.137812 0.038976 0.002462 0.182632
0 0 0.531733 0.192895 0.073690 0.005108 0.196575
0 0 0.572069 0.173496 0.063540 0.004482 0.186413
0 1 0.492853 0.239957 0.112077 0.006530 0.148583
0 1 0.543049 0.224284 0.083688 0.003128 0.145851
0 1 0.495427 0.248959 0.099067 0.003812 0.152734
0 1 0.468984 0.250001 0.111395 0.006201 0.163420
0 1 0.509913 0.220306 0.090694 0.005809 0.173278
0 1 0.491445 0.222647 0.098806 0.007836 0.179267
0 1 0.530550 0.216909 0.081995 0.004132 0.166414
0 1 0.524167 0.218975 0.084707 0.004486 0.167665
0 1 0.470225 0.251255 0.110813 0.005873 0.161834
0 1 0.423323 0.270369 0.136649 0.008645 0.161014
0 1 0.429717 0.271151 0.132989 0.007603 0.158539
0 1 0.343871 0.322325 0.187959 0.009148 0.136698
0 1 0.378603 0.321155 0.168090 0.005671 0.126481
0 1 0.389672 0.308608 0.176616 0.007162 0.117941
0 1 0.472218 0.268301 0.143459 0.005864 0.110157
0 1 0.548667 0.240514 0.102968 0.002819 0.105033
0 1 0.570839 0.228110 0.105426 0.003145 0.092480
0 1 0.639170 0.198333 0.066580 0.001231 0.094686
0 1 0.605739 0.223206 0.073112 0.001059 0.096885
0 1 0.610047 0.225460 0.072272 0.000888 0.091333
0 1 0.566178 0.248710 0.081464 0.001053 0.102595
0 1 0.585264 0.226584 0.060862 0.000803 0.126488
0 1 0.551156 0.192966 0.049535 0.000814 0.205529
0 1 0.502378 0.137140 0.032739 0.000837 0.326906
0 1 0.408661 0.158252 0.043155 0.000981 0.388950
4 1 0.188239 0.134907 0.052886 0.001955 0.622012
4 1 0.153324 0.122444 0.045688 0.001209 0.677335
4 1 0.081147 0.103532 0.043892 0.000886 0.770543
4 4 0.048039 0.083537 0.036072 0.000485 0.831868
4 4 0.035948 0.076243 0.034996 0.000430 0.852383
4 4 0.039831 0.072423 0.028594 0.000264 0.858888
4 4 0.041531 0.043558 0.007863 0.000011 0.907037
4 4 0.037718 0.044325 0.008768 0.000015 0.909175
4 4 0.055251 0.049802 0.009003 0.000016 0.885927
4 4 0.087262 0.068580 0.014699 0.000059 0.829399
4 4 0.124710 0.077776 0.016082 0.000081 0.781351
4 4 0.124607 0.070757 0.012698 0.000045 0.791892
4 4 0.208000 0.085017 0.015061 0.000085 0.691837
4 4 0.280593 0.092678 0.016341 0.000125 0.610263
4 4 0.287543 0.110451 0.025492 0.000392 0.576122
4 4 0.149927 0.089473 0.020523 0.000158 0.739919
4 4 0.084213 0.081113 0.022922 0.000175 0.811576
4 4 0.094630 0.085331 0.024161 0.000206 0.795672
4 4 0.068632 0.078606 0.024241 0.000193 0.828328
4 4 0.090900 0.074801 0.017789 0.000095 0.816414
4 4 0.059640 0.056613 0.011736 0.000032 0.871979
4 4 0.083141 0.064864 0.013203 0.000045 0.838747
4 4 0.055486 0.064792 0.017226 0.000080 0.862417
4 4 0.031815 0.054002 0.016054 0.000062 0.898067
4 4 0.027835 0.047504 0.012835 0.000035 0.911791
4 4 0.024037 0.040039 0.009338 0.000016 0.926570
4 4 0.102766 0.090412 0.026549 0.000266 0.780007
4 4 0.102066 0.099848 0.034394 0.000508 0.763184
4 4 0.118970 0.098867 0.030443 0.000392 0.751328
4 4 0.086213 0.100097 0.038626 0.000651 0.774413
4 4 0.084887 0.111107 0.051266 0.001332 0.751408
4 4 0.085360 0.107690 0.047043 0.001071 0.758836
4 4 0.072845 0.098104 0.041020 0.000727 0.787304
4 4 0.059512 0.080612 0.028441 0.000279 0.831157
4 4 0.035682 0.058501 0.018083 0.000084 0.887649
4 4 0.033956 0.051576 0.013694 0.000042 0.900732
4 4 0.044018 0.043543 0.007550 0.000010 0.904878
4 4 0.117777 0.066621 0.011312 0.000034 0.804256
4 4 0.171457 0.076529 0.012816 0.000052 0.739146
4 4 0.295265 0.096724 0.017880 0.000163 0.589968
4 4 0.364982 0.106002 0.021280 0.000309 0.507427
4 4 0.343636 0.134384 0.040888 0.001583 0.479509
4 4 0.312104 0.183790 0.060128 0.001274 0.442704
4 4 0.242241 0.243383 0.090693 0.001068 0.422615
4 4 0.226235 0.213399 0.076826 0.000969 0.482571
4 4 0.222298 0.153594 0.056257 0.001585 0.566267
4 4 0.216947 0.107031 0.026590 0.000360 0.649071
4 4 0.232816 0.112087 0.028987 0.000468 0.625642
4 4 0.203034 0.099834 0.022969 0.000240 0.673923
4 4 0.150045 0.113914 0.038227 0.000758 0.697055
4 4 0.149474 0.103251 0.029665 0.000398 0.717212
4 4 0.136770 0.089889 0.021924 0.000180 0.751237
4 4 0.124936 0.090161 0.023336 0.000204 0.761363
4 4 0.181506 0.084642 0.016006 0.000092 0.717753
4 4 0.329461 0.093612 0.015830 0.000132 0.560966
4 4 0.364010 0.084664 0.011899 0.000071 0.539356
4 4 0.240316 0.071759 0.009158 0.000027 0.678741
4 4 0.217490 0.067129 0.008139 0.000019 0.707224
4 4 0.226830 0.060201 0.006080 0.000010 0.706880
4 4 0.333025 0.062381 0.005653 0.000010 0.598931
4 4 0.425615 0.069405 0.006975 0.000022 0.497983
0 4 0.537135 0.063685 0.005658 0.000019 0.393502
0 4 0.563746 0.075549 0.008914 0.000067 0.351725
0 4 0.589404 0.064938 0.006149 0.000029 0.339479
0 4 0.583122 0.072354 0.008089 0.000057 0.336378
0 4 0.570188 0.070297 0.007430 0.000044 0.352041
4 4 0.406106 0.112074 0.024084 0.000477 0.457259
0 4 0.443838 0.110687 0.023363 0.000508 0.421603
0 4 0.532561 0.091403 0.014406 0.000202 0.361428
0 4 0.600285 0.073276 0.008496 0.000069 0.317873
0 4 0.511967 0.111360 0.015252 0.000075 0.361347
0 4 0.640124 0.122130 0.014072 0.000037 0.223637
0 4 0.735274 0.108122 0.010699 0.000023 0.145882
0 0 0.878666 0.050679 0.005154 0.000026 0.065475
0 0 0.882212 0.075758 0.016446 0.000075 0.025508
0 0 0.910834 0.065015 0.009317 0.000008 0.014826
0 0 0.751628 0.193692 0.029423 0.000010 0.025247
0 0 0.693985 0.243402 0.028300 0.000005 0.034307
0 0 0.603571 0.312702 0.044017 0.000010 0.039701
0 0 0.667772 0.251508 0.045773 0.000025 0.034922
0 1 0.694455 0.218281 0.050177 0.000069 0.037018
0 1 0.677527 0.219949 0.048926 0.000111 0.053488
0 1 0.508511 0.311278 0.097802 0.000522 0.081887
1 1 0.278123 0.431302 0.211413 0.001549 0.077613
1 1 0.164959 0.398058 0.348010 0.011123 0.077851
2 1 0.111996 0.351406 0.410885 0.028250 0.097463
2 1 0.044475 0.245141 0.653980 0.014848 0.041556
2 1 0.123278 0.355319 0.462731 0.007352 0.051320
2 2 0.128845 0.363121 0.445903 0.007814 0.054316
1 2 0.274716 0.384668 0.211408 0.003561 0.125647
1 2 0.197583 0.330201 0.199366 0.004712 0.268138
1 2 0.186565 0.332669 0.231797 0.008197 0.240772
2 2 0.113581 0.317644 0.371083 0.038223 0.159469
2 2 0.088045 0.303041 0.369732 0.033896 0.205287
2 2 0.057152 0.260290 0.450946 0.035522 0.196090
2 2 0.003877 0.062943 0.875585 0.034026 0.023570
2 2 0.000350 0.010930 0.954113 0.032963 0.001643
2 2 0.000057 0.004413 0.983784 0.011382 0.000364
2 2 0.000077 0.006146 0.984841 0.008435 0.000501
2 2 0.000044 0.004250 0.988849 0.006613 0.000243
2 2 0.000038 0.003089 0.986663 0.010045 0.000167
2 2 0.000074 0.006338 0.986008 0.007104 0.000476
2 2 0.000086 0.007581 0.985525 0.006199 0.000609
2 2 0.000087 0.007070 0.984462 0.007769 0.000613
2 2 0.000027 0.002499 0.987639 0.009706 0.000129
2 2 0.000021 0.001876 0.984464 0.013532 0.000107
2 2 0.000054 0.005381 0.989226 0.005051 0.000287
2 2 0.000060 0.004634 0.987106 0.007965 0.000234
2 2 0.000051 0.003520 0.985011 0.011245 0.000172
2 2 0.000064 0.003459 0.980050 0.016260 0.000167
2 2 0.000065 0.003459 0.978993 0.017304 0.000179
2 2 0.000092 0.004620 0.978014 0.016994 0.000280
2 2 0.000043 0.002291 0.977156 0.020410 0.000099
2 2 0.000026 0.001246 0.965832 0.032849 0.000047
2 2 0.000031 0.001042 0.934228 0.064657 0.000043
2 2 0.000039 0.001151 0.919337 0.079419 0.000053
2 2 0.000050 0.001244 0.894630 0.104007 0.000069
2 2 0.000059 0.001442 0.895339 0.103071 0.000089
2 2 0.000061 0.001283 0.852329 0.146231 0.000095
2 3 0.000039 0.000809 0.823256 0.175844 0.000052
2 3 0.000031 0.000664 0.815805 0.183460 0.000040
2 3 0.000046 0.000946 0.842131 0.156822 0.000055
