2 0 0.065607 0.070999 0.676852 0.174474 0.012068
2 0 0.031272 0.057225 0.652101 0.251047 0.008355
2 0 0.021641 0.047165 0.533760 0.389209 0.008225
3 0 0.017937 0.035634 0.291395 0.643992 0.011043
3 0 0.124493 0.114016 0.316411 0.396215 0.048866
3 0 0.082842 0.083651 0.280160 0.514147 0.039200
3 0 0.097668 0.091180 0.358528 0.416631 0.035993
2 0 0.097251 0.111266 0.511153 0.253448 0.026882
2 0 0.106029 0.159671 0.528636 0.169898 0.035766
2 0 0.054916 0.166303 0.639204 0.109574 0.030004
2 0 0.044442 0.178141 0.621603 0.124865 0.030949
2 0 0.043790 0.246824 0.602955 0.060737 0.045693
2 0 0.038507 0.299161 0.573622 0.030551 0.058159
2 0 0.034376 0.285982 0.606255 0.018211 0.055177
2 0 0.035612 0.293040 0.596713 0.016659 0.057977
2 0 0.044488 0.324227 0.545257 0.013822 0.072206
2 0 0.069958 0.375679 0.437172 0.013146 0.104045
2 0 0.081276 0.340062 0.468930 0.014530 0.095202
2 0 0.112764 0.342751 0.419151 0.017299 0.108034
2 0 0.174614 0.291145 0.406442 0.027040 0.100759
0 0 0.521681 0.150914 0.179135 0.066358 0.081911
0 0 0.555035 0.165605 0.116506 0.057144 0.105711
0 0 0.560385 0.168445 0.104541 0.054843 0.111785
0 0 0.560385 0.168445 0.104541 0.054843 0.111785
0 0 0.560385 0.168445 0.104541 0.054843 0.111785
0 0 0.560385 0.168445 0.104541 0.054843 0.111785
0 0 0.560385 0.168445 0.104541 0.054843 0.111785
0 0 0.560385 0.168445 0.104541 0.054843 0.111785
0 0 0.560385 0.168445 0.104541 0.054843 0.111785
0 0 0.544951 0.154915 0.105419 0.074750 0.119966
0 0 0.526779 0.142245 0.105368 0.098619 0.126988
0 0 0.519513 0.137807 0.105125 0.108319 0.129236
0 0 0.528468 0.143320 0.105409 0.096379 0.126425
0 0 0.538539 0.150138 0.105507 0.083111 0.122704
0 0 0.549777 0.158791 0.105259 0.068496 0.117677
0 0 0.554781 0.163123 0.104991 0.062044 0.115062
0 0 0.492733 0.184028 0.081688 0.017754 0.223797
4 0 0.223309 0.101182 0.034046 0.004411 0.637052
4 0 0.073985 0.036355 0.011028 0.001346 0.877286
4 0 0.066734 0.031824 0.010155 0.001480 0.889806
4 0 0.295541 0.108220 0.050921 0.016997 0.528320
3 0 0.294070 0.056202 0.073645 0.445558 0.130524
3 0 0.293248 0.055991 0.073485 0.446896 0.130380
3 0 0.345035 0.070317 0.082946 0.358653 0.143048
0 0 0.403952 0.134241 0.072889 0.033223 0.355695
4 0 0.298525 0.121587 0.048149 0.009419 0.522320
4 0 0.131550 0.203427 0.091173 0.003258 0.570591
4 0 0.094077 0.177108 0.076033 0.001990 0.650793
4 0 0.035236 0.071448 0.026151 0.000563 0.866602
4 0 0.121479 0.070860 0.027398 0.003719 0.776544
4 0 0.222372 0.078067 0.039685 0.018337 0.641539
4 0 0.316660 0.093890 0.061920 0.056483 0.471047
0 0 0.384880 0.088934 0.086189 0.216482 0.223515
3 0 0.274510 0.051279 0.069776 0.477576 0.126859
3 0 0.290400 0.055264 0.072929 0.451534 0.129873
0 0 0.390461 0.083778 0.090698 0.293786 0.141277
0 0 0.499304 0.126761 0.103960 0.135758 0.134218
0 0 0.553529 0.162006 0.105068 0.063655 0.115741
0 0 0.555584 0.163852 0.104937 0.061011 0.114617
0 0 0.552892 0.161447 0.105105 0.064475 0.116080
0 0 0.448516 0.152808 0.079225 0.029609 0.289842
0 0 0.473089 0.139833 0.090731 0.064305 0.232040
0 0 0.494729 0.128800 0.101701 0.121306 0.153464
0 0 0.550712 0.159575 0.105217 0.067289 0.117208
0 0 0.560385 0.168445 0.104541 0.054843 0.111785
0 0 0.560385 0.168445 0.104541 0.054843 0.111785
0 0 0.560385 0.168445 0.104541 0.054843 0.111785
0 0 0.560385 0.168445 0.104541 0.054843 0.111785
0 0 0.554742 0.165456 0.117133 0.057258 0.105411
0 0 0.560385 0.168445 0.104541 0.054843 0.111785
0 0 0.560385 0.168445 0.104541 0.054843 0.111785
0 0 0.560385 0.168445 0.104541 0.054843 0.111785
0 0 0.560385 0.168445 0.104541 0.054843 0.111785
0 0 0.560385 0.168445 0.104541 0.054843 0.111785
0 0 0.560385 0.168445 0.104541 0.054843 0.111785
0 0 0.560385 0.168445 0.104541 0.054843 0.111785
0 0 0.560385 0.168445 0.104541 0.054843 0.111785
0 0 0.560385 0.168445 0.104541 0.054843 0.111785
0 0 0.560385 0.168445 0.104541 0.054843 0.111785
0 0 0.512361 0.133703 0.104787 0.117952 0.131197
2 0 0.072497 0.331451 0.452596 0.015672 0.127785
1 1 0.041357 0.400345 0.306824 0.002060 0.249413
2 1 0.008853 0.310555 0.437382 0.002270 0.240939
2 1 0.003961 0.233390 0.457891 0.002781 0.301977
2 2 0.001969 0.148388 0.446984 0.006425 0.396235
4 2 0.001594 0.120125 0.404747 0.008400 0.465134
4 2 0.000860 0.085804 0.397702 0.012914 0.502719
2 2 0.000595 0.079157 0.469971 0.017732 0.432545
2 2 0.000974 0.116514 0.542202 0.011167 0.329144
2 2 0.000962 0.139598 0.586023 0.006436 0.266980
2 2 0.001279 0.154599 0.673529 0.009285 0.161309
2 2 0.001550 0.129208 0.663335 0.024337 0.181570
2 2 0.001587 0.113131 0.641774 0.039643 0.203864
2 2 0.001387 0.092484 0.573850 0.053610 0.278668
2 2 0.000896 0.070674 0.527304 0.068575 0.332550
2 2 0.000853 0.058139 0.479777 0.103807 0.357425
2 3 0.001361 0.062236 0.478578 0.148568 0.309257
2 3 0.001139 0.042554 0.458574 0.302262 0.195471
3 3 0.001334 0.026512 0.348863 0.541315 0.081975
3 3 0.000897 0.014323 0.237949 0.707049 0.039783
3 3 0.000586 0.007822 0.157175 0.822849 0.011567
3 3 0.000493 0.006146 0.143671 0.843542 0.006148
3 3 0.000194 0.002423 0.093626 0.902203 0.001554
3 3 0.000221 0.002421 0.056998 0.937485 0.002875
3 3 0.000281 0.002797 0.049674 0.942375 0.004873
3 3 0.000186 0.001845 0.036648 0.957289 0.004032
3 3 0.000260 0.001999 0.034615 0.956483 0.006643
3 3 0.000184 0.001367 0.025850 0.967214 0.005385
3 3 0.000137 0.000999 0.020512 0.974396 0.003957
3 3 0.000137 0.001085 0.022791 0.972455 0.003533
3 3 0.000143 0.001199 0.024872 0.969497 0.004290
3 3 0.000221 0.001970 0.036069 0.955165 0.006575
3 3 0.000178 0.001372 0.026751 0.968136 0.003563
3 3 0.000269 0.002043 0.034767 0.956287 0.006633
3 3 0.000218 0.001471 0.026197 0.967105 0.005009
3 3 0.000305 0.001753 0.027534 0.963026 0.007383
3 3 0.000254 0.001380 0.022538 0.968656 0.007171
3 3 0.000217 0.001197 0.020769 0.972820 0.004997
3 3 0.000285 0.001375 0.021780 0.970974 0.005586
3 3 0.000178 0.001039 0.019431 0.976082 0.003271
3 3 0.000081 0.000508 0.013528 0.985061 0.000821
3 3 0.000095 0.000587 0.013944 0.984225 0.001149
3 3 0.000150 0.000952 0.019119 0.977697 0.002083
3 3 0.000061 0.000468 0.012436 0.985793 0.001243
3 3 0.000171 0.000836 0.015390 0.980188 0.003416
3 3 0.000136 0.000715 0.013992 0.981189 0.003968
3 3 0.000224 0.001011 0.017074 0.977794 0.003897
3 3 0.000152 0.000972 0.019117 0.976676 0.003084
3 3 0.000168 0.001107 0.021237 0.974300 0.003188
3 3 0.000145 0.000966 0.019587 0.976824 0.002477
3 3 0.000112 0.000719 0.015727 0.981181 0.002260
3 3 0.000116 0.000631 0.013580 0.983972 0.001701
3 3 0.000306 0.001491 0.023473 0.969393 0.005337
3 3 0.000208 0.001007 0.017537 0.976927 0.004321
3 3 0.000233 0.001272 0.021495 0.971225 0.005775
3 3 0.000151 0.000986 0.019434 0.975820 0.003609
3 3 0.000171 0.000851 0.015856 0.980273 0.002848
3 3 0.000201 0.000827 0.014383 0.981733 0.002856
3 3 0.000181 0.000818 0.014826 0.981626 0.002548
3 3 0.000143 0.000819 0.016349 0.980517 0.002172
3 0 0.001605 0.025641 0.426513 0.526713 0.019528
3 3 0.002679 0.022459 0.201698 0.755082 0.018083
3 3 0.000829 0.005707 0.070682 0.913826 0.008956
3 3 0.000310 0.001971 0.032790 0.962063 0.002866
3 3 0.000119 0.000988 0.031637 0.966188 0.001067
3 3 0.000086 0.000682 0.032992 0.965809 0.000431
3 3 0.000098 0.000681 0.028065 0.970719 0.000437
3 3 0.000170 0.001064 0.032990 0.965073 0.000703
3 3 0.000125 0.000711 0.023864 0.974782 0.000519
3 3 0.000062 0.000328 0.011402 0.987901 0.000307
3 3 0.000107 0.000515 0.014877 0.984049 0.000453
3 3 0.000120 0.000444 0.010818 0.988147 0.000471
3 3 0.000158 0.000579 0.013314 0.985360 0.000589
3 3 0.000089 0.000380 0.010872 0.988277 0.000382
3 3 0.000093 0.000406 0.011416 0.987701 0.000385
3 3 0.000144 0.000611 0.015249 0.983472 0.000524
3 3 0.000104 0.000617 0.023063 0.975842 0.000374
3 3 0.000081 0.000585 0.026578 0.972442 0.000314
3 3 0.000093 0.000692 0.023902 0.974861 0.000452
3 3 0.000127 0.000808 0.021503 0.976899 0.000664
3 3 0.000073 0.000322 0.007759 0.991191 0.000655
3 3 0.000093 0.000423 0.009558 0.989096 0.000829
3 3 0.000099 0.000414 0.009085 0.989565 0.000837
3 3 0.000115 0.000513 0.010778 0.987464 0.001130
3 3 0.000146 0.000580 0.011149 0.986641 0.001483
3 3 0.000071 0.000334 0.008140 0.990759 0.000697
3 3 0.000194 0.000679 0.011869 0.985339 0.001918
3 3 0.000186 0.000746 0.013293 0.983364 0.002410
3 3 0.000097 0.000510 0.011322 0.986467 0.001604
3 3 0.000104 0.000460 0.009762 0.987938 0.001738
3 -1 0.000416 0.001068 0.014106 0.979059 0.005350
3 0 0.010698 0.008419 0.037094 0.897989 0.045799
3 0 0.058954 0.024391 0.059789 0.743732 0.113134
3 0 0.095647 0.059258 0.175325 0.583473 0.086297
3 0 0.168628 0.049532 0.080491 0.535041 0.166307
3 0 0.050788 0.011766 0.031486 0.862280 0.043680
3 1 0.088247 0.019016 0.041740 0.782619 0.068378
3 1 0.051228 0.040014 0.125372 0.739566 0.043821
2 1 0.053833 0.168197 0.639412 0.088243 0.050316
2 1 0.025738 0.307771 0.569463 0.013098 0.083930
1 1 0.202552 0.298266 0.251659 0.008925 0.238598
1 0 0.089194 0.329692 0.309398 0.002880 0.268836
4 1 0.040302 0.350567 0.172962 0.000575 0.435593
2 2 0.009284 0.369068 0.396982 0.000896 0.223770
2 2 0.001837 0.214983 0.573225 0.002538 0.207416
2 2 0.001420 0.189905 0.620951 0.003708 0.184016
2 2 0.001740 0.214079 0.551692 0.002186 0.230303
2 2 0.001706 0.212790 0.529578 0.001947 0.253979
2 2 0.001207 0.152575 0.574479 0.006056 0.265683
2 2 0.001372 0.155255 0.597560 0.007425 0.238389
2 2 0.001319 0.162147 0.640032 0.006975 0.189526
2 2 0.001693 0.168039 0.688379 0.009972 0.131917
2 2 0.005785 0.222295 0.652214 0.014659 0.105046
2 2 0.012190 0.266047 0.557217 0.013163 0.151383
2 2 0.010543 0.238011 0.608541 0.011350 0.131554
2 2 0.009152 0.198458 0.643852 0.011973 0.136565
2 3 0.006924 0.178859 0.654917 0.022850 0.136451
2 3 0.028783 0.239694 0.521411 0.020628 0.189484
0 3 0.323369 0.191592 0.295504 0.013941 0.175593
0 2 0.368459 0.165737 0.103332 0.006425 0.356047
2 2 0.004324 0.135701 0.505011 0.015248 0.339717
2 2 0.003440 0.124154 0.489587 0.020829 0.361990
2 3 0.002448 0.113334 0.537334 0.042622 0.304263
4 2 0.001603 0.092554 0.426486 0.028956 0.450401
4 2 0.000915 0.089727 0.393014 0.007249 0.509095
4 4 0.000828 0.104612 0.384418 0.003791 0.506351
4 4 0.000870 0.108803 0.355172 0.003418 0.531737
4 4 0.001417 0.153050 0.354187 0.001610 0.489736
4 4 0.003875 0.265047 0.278805 0.000311 0.451961
4 4 0.003884 0.315907 0.307610 0.000202 0.372397
2 4 0.004266 0.326932 0.340309 0.000278 0.328215
2 4 0.004234 0.346900 0.363043 0.000259 0.285563
2 4 0.004931 0.368154 0.373362 0.000269 0.253283
2 4 0.005805 0.375306 0.446655 0.000531 0.171703
2 4 0.005927 0.341280 0.462848 0.000955 0.188991
1 4 0.010570 0.409494 0.365292 0.000467 0.214176
1 4 0.014615 0.413436 0.322598 0.000465 0.248886
1 4 0.016149 0.417030 0.362228 0.000703 0.203890
1 4 0.015460 0.418049 0.353745 0.000608 0.212138
1 4 0.014031 0.402104 0.264690 0.000272 0.318902
4 4 0.004833 0.180733 0.144614 0.000238 0.669582
4 4 0.002781 0.187909 0.185390 0.000211 0.623709
4 4 0.001872 0.192568 0.248557 0.000295 0.556708
4 4 0.003009 0.198695 0.199421 0.000244 0.598632
4 4 0.004768 0.209281 0.187149 0.000305 0.598498
4 4 0.008705 0.250645 0.146122 0.000146 0.594382
4 4 0.007595 0.292531 0.176218 0.000117 0.523538
4 4 0.008698 0.325212 0.176981 0.000096 0.489012
4 4 0.012212 0.369117 0.198322 0.000133 0.420216
1 4 0.013838 0.407504 0.282054 0.000304 0.296300
1 4 0.010743 0.412125 0.316547 0.000291 0.260294
1 4 0.024048 0.408956 0.288677 0.000691 0.277628
1 1 0.020632 0.408211 0.284470 0.000539 0.286148
1 4 0.015934 0.387487 0.229319 0.000246 0.367014
4 4 0.013517 0.291070 0.143877 0.000145 0.551391
4 4 0.008362 0.217327 0.153577 0.000305 0.620429
4 4 0.010565 0.244104 0.156958 0.000284 0.588090
4 4 0.004508 0.211219 0.232424 0.000522 0.551328
4 4 0.005994 0.248943 0.211566 0.000290 0.533207
4 4 0.010450 0.338066 0.189269 0.000130 0.462085
2 4 0.001972 0.225288 0.398395 0.000741 0.373604
2 4 0.001604 0.200369 0.424615 0.001104 0.372309
4 4 0.001958 0.185238 0.341979 0.001013 0.469813
4 4 0.001208 0.163138 0.401331 0.001464 0.432860
4 4 0.000898 0.152346 0.419064 0.001497 0.426195
4 4 0.000990 0.158144 0.383102 0.001121 0.456642
2 4 0.001286 0.182436 0.408242 0.001089 0.406946
4 4 0.003572 0.246655 0.352072 0.000815 0.396885
4 4 0.006559 0.307755 0.342251 0.000664 0.342771
2 1 0.007847 0.378265 0.406146 0.000607 0.207135
1 1 0.008050 0.408162 0.400933 0.000415 0.182440
2 1 0.005555 0.361462 0.516599 0.000893 0.115490
2 2 0.007228 0.352992 0.522382 0.001450 0.115948
2 2 0.004863 0.315441 0.459997 0.000968 0.218731
2 2 0.002536 0.222022 0.437036 0.001500 0.336906
2 2 0.002400 0.210899 0.443618 0.001809 0.341274
2 1 0.006078 0.282821 0.458374 0.002158 0.250569
1 1 0.014524 0.407393 0.338625 0.000607 0.238852
1 1 0.026386 0.402246 0.265624 0.000659 0.305085
1 1 0.027221 0.413515 0.316326 0.001018 0.241921
2 1 0.007345 0.262078 0.689626 0.004017 0.036935
2 1 0.008633 0.274314 0.673611 0.006732 0.036711
2 2 0.054767 0.358958 0.484870 0.010039 0.091367
2 2 0.049949 0.394512 0.404051 0.004523 0.146965
1 2 0.076964 0.379994 0.252507 0.002674 0.287861
2 2 0.052341 0.327529 0.330583 0.001272 0.288276
4 2 0.023924 0.322911 0.306240 0.000806 0.346118
2 1 0.020716 0.332371 0.343674 0.001302 0.301936
2 1 0.001769 0.144260 0.518992 0.002305 0.332674
4 1 0.002663 0.184242 0.349890 0.001880 0.461326
4 2 0.000962 0.143269 0.378959 0.001588 0.475223
2 2 0.001044 0.157043 0.421640 0.001733 0.418539
2 2 0.001465 0.170654 0.559753 0.004650 0.263479
2 1 0.002156 0.218007 0.496651 0.002057 0.281129
2 1 0.001803 0.210602 0.520201 0.001544 0.265851
2 2 0.000771 0.112383 0.739437 0.002727 0.144683
2 2 0.001156 0.117672 0.673638 0.006762 0.200772
2 2 0.001775 0.126840 0.714775 0.020130 0.136480
2 2 0.002053 0.179592 0.574904 0.006499 0.236951
2 2 0.001386 0.141666 0.650738 0.005468 0.200741
2 2 0.001535 0.122379 0.610255 0.018413 0.247418
2 2 0.001188 0.107727 0.595742 0.024313 0.271030
2 3 0.001093 0.087324 0.695268 0.021971 0.194344
2 2 0.001404 0.070981 0.637405 0.052361 0.237849
2 2 0.001850 0.090473 0.621815 0.031681 0.254180
4 3 0.001575 0.110499 0.429715 0.013178 0.445032
2 2 0.001449 0.113001 0.491273 0.016968 0.377310
2 2 0.001687 0.124858 0.526369 0.016710 0.330375
2 2 0.002252 0.142007 0.460768 0.010029 0.384944
2 2 0.001902 0.133033 0.529952 0.014688 0.320426
2 2 0.001907 0.098388 0.617329 0.069649 0.212727
2 3 0.001880 0.070930 0.648137 0.179232 0.099821
2 2 0.001984 0.079419 0.660021 0.136378 0.122198
2 2 0.002003 0.089159 0.703705 0.059174 0.145959
2 2 0.001079 0.051117 0.684303 0.181617 0.081885
2 2 0.001474 0.069808 0.692226 0.120850 0.115641
2 2 0.001981 0.082382 0.645281 0.122453 0.147903
2 2 0.002425 0.092003 0.561337 0.116436 0.227798
2 2 0.002621 0.073711 0.526601 0.232483 0.164584
3 3 0.001616 0.029888 0.307412 0.587361 0.073723
2 2 0.004786 0.113874 0.586232 0.089575 0.205533
2 2 0.005514 0.098217 0.542885 0.131177 0.222208
2 2 0.005355 0.076945 0.437031 0.274416 0.206253
2 2 0.006121 0.074096 0.447769 0.333439 0.138575
2 2 0.007843 0.107849 0.536279 0.206440 0.141589
2 2 0.005883 0.077215 0.593693 0.281374 0.041835
2 2 0.004104 0.046541 0.486274 0.441815 0.021266
3 2 0.001760 0.019012 0.310605 0.660608 0.008016
3 2 0.001759 0.018883 0.295036 0.676161 0.008160
3 3 0.001297 0.013078 0.227723 0.752387 0.005515
3 3 0.000715 0.006671 0.135229 0.854138 0.003246
3 2 0.001516 0.012354 0.164381 0.814888 0.006860
3 3 0.001099 0.007918 0.117097 0.868834 0.005052
3 3 0.000519 0.004649 0.105956 0.886308 0.002568
3 3 0.000463 0.004058 0.113462 0.879859 0.002158
3 3 0.000511 0.004424 0.140269 0.852367 0.002429
3 3 0.000262 0.002527 0.115176 0.880780 0.001256
3 3 0.000218 0.002476 0.148769 0.847716 0.000821
3 3 0.000235 0.002508 0.131290 0.865108 0.000858
3 3 0.000357 0.004044 0.175532 0.818824 0.001244
3 3 0.000189 0.002190 0.120363 0.876516 0.000741
3 3 0.000267 0.002554 0.096144 0.899834 0.001202
3 3 0.000231 0.002123 0.094104 0.902594 0.000949
3 3 0.000166 0.001397 0.075249 0.922597 0.000591
3 3 0.000312 0.002803 0.114420 0.881383 0.001082
3 3 0.000247 0.002501 0.114168 0.882217 0.000866
3 3 0.000148 0.001354 0.048220 0.949528 0.000751
3 3 0.000229 0.001900 0.054077 0.942557 0.001236
3 3 0.000214 0.001655 0.036885 0.959677 0.001569
3 3 0.000080 0.000668 0.024042 0.974654 0.000556
3 3 0.000138 0.001014 0.028002 0.969990 0.000856
3 3 0.000122 0.000826 0.024116 0.974257 0.000680
3 3 0.000709 0.004074 0.059525 0.931584 0.004108
3 3 0.000382 0.002005 0.034416 0.960838 0.002359
3 3 0.000413 0.002113 0.033713 0.961066 0.002694
3 3 0.000438 0.002321 0.036049 0.958275 0.002918
3 3 0.000147 0.001160 0.027780 0.969701 0.001212
3 3 0.000152 0.001211 0.026805 0.970520 0.001312
3 3 0.000094 0.000731 0.019225 0.979197 0.000752
3 3 0.000161 0.000860 0.017249 0.980629 0.001102
3 3 0.000101 0.000906 0.021228 0.975679 0.002085
3 3 0.000104 0.000834 0.019049 0.978005 0.002008
3 3 0.000197 0.001300 0.024149 0.971233 0.003121
3 3 0.000489 0.003007 0.041756 0.945780 0.008969
3 3 0.000520 0.003112 0.042560 0.944164 0.009644
3 3 0.000486 0.003201 0.045268 0.939734 0.011311
3 3 0.000545 0.003426 0.047035 0.937792 0.011203
3 3 0.000451 0.003227 0.047102 0.937946 0.011274
3 3 0.000177 0.001157 0.021883 0.972447 0.004336
3 3 0.000159 0.000953 0.018530 0.976944 0.003414
3 3 0.000065 0.000474 0.012223 0.985647 0.001591
3 3 0.000122 0.000626 0.012884 0.984002 0.002366
3 3 0.000112 0.000475 0.009764 0.987701 0.001948
3 3 0.000105 0.000540 0.011515 0.985453 0.002387
3 3 0.000118 0.000696 0.014738 0.982214 0.002234
3 3 0.000098 0.000686 0.015685 0.981509 0.002023
3 3 0.000234 0.001359 0.023293 0.969964 0.005150
3 3 0.000283 0.001574 0.025263 0.965534 0.007347
3 3 0.000222 0.001461 0.025583 0.965915 0.006820
3 3 0.000284 0.001577 0.025353 0.965653 0.007132
3 3 0.000419 0.001853 0.026390 0.965540 0.005798
3 3 0.000234 0.001292 0.022288 0.971978 0.004208
3 3 0.000166 0.000870 0.016573 0.979794 0.002597
3 3 0.000186 0.000990 0.018357 0.978031 0.002436
3 3 0.000191 0.000845 0.015158 0.981633 0.002174
3 3 0.000131 0.000616 0.012496 0.985527 0.001230
3 3 0.000062 0.000428 0.013536 0.985265 0.000709
3 3 0.000259 0.001236 0.020508 0.975257 0.002739
3 3 0.000247 0.001214 0.020122 0.974842 0.003575
3 3 0.000158 0.000830 0.015770 0.980327 0.002916
3 3 0.000096 0.000429 0.009221 0.988167 0.002087
3 3 0.000126 0.000433 0.008392 0.988492 0.002558
3 3 0.000255 0.000707 0.010808 0.983118 0.005112
3 3 0.000114 0.000464 0.009388 0.987347 0.002686
3 3 0.000055 0.000319 0.008393 0.989891 0.001342
3 3 0.000057 0.000374 0.010075 0.988414 0.001080
3 3 0.000074 0.000449 0.011145 0.987140 0.001193
3 3 0.000137 0.000755 0.015334 0.981484 0.002290
3 3 0.000109 0.000504 0.010351 0.985854 0.003182
3 3 0.000176 0.000712 0.012628 0.982186 0.004297
3 3 0.000031 0.000293 0.014696 0.984666 0.000315
3 3 0.000065 0.000624 0.022526 0.976137 0.000647
3 3 0.000153 0.000994 0.020495 0.976912 0.001447
3 3 0.000214 0.001084 0.019592 0.976777 0.002333
3 3 0.000226 0.001051 0.018316 0.977713 0.002693
3 3 0.000135 0.000629 0.012668 0.984875 0.001693
3 3 0.000284 0.001320 0.021147 0.973826 0.003424
3 3 0.000233 0.001084 0.018293 0.977591 0.002799
3 3 0.000186 0.001120 0.022959 0.973563 0.002173
3 3 0.000059 0.000442 0.017389 0.981599 0.000511
3 3 0.000064 0.000550 0.022220 0.976626 0.000539
3 3 0.000056 0.000494 0.020358 0.978598 0.000494
3 3 0.000057 0.000505 0.017383 0.981282 0.000772
3 3 0.000191 0.001341 0.025610 0.969828 0.003030
3 3 0.001934 0.011233 0.102624 0.854502 0.029707
3 2 0.007496 0.052147 0.278793 0.503728 0.157836
2 3 0.010752 0.097650 0.437263 0.295357 0.158979
2 3 0.008153 0.107957 0.594889 0.239777 0.049225
2 3 0.020687 0.209271 0.627220 0.095949 0.046872
2 2 0.015289 0.189225 0.661882 0.093558 0.040046
2 2 0.005925 0.186223 0.669656 0.028542 0.109655
2 2 0.005008 0.154966 0.629085 0.053595 0.157346
2 3 0.002519 0.104783 0.704081 0.072562 0.116055
2 2 0.002046 0.106538 0.746057 0.036733 0.108626
2 3 0.002654 0.098206 0.768797 0.046251 0.084092
2 2 0.005493 0.142228 0.668267 0.061573 0.122440
2 2 0.006786 0.150436 0.625909 0.078888 0.137981
2 2 0.005971 0.191222 0.626610 0.025003 0.151194
2 2 0.003263 0.172241 0.656714 0.009399 0.158383
2 2 0.003132 0.166812 0.643520 0.012752 0.173783
2 2 0.003878 0.132882 0.706358 0.015757 0.141126
2 2 0.003299 0.158132 0.554894 0.015877 0.267798
2 2 0.003925 0.143621 0.586384 0.012835 0.253236
2 2 0.004603 0.143908 0.530141 0.014999 0.306347
2 2 0.004966 0.153496 0.554053 0.021199 0.266285
2 2 0.003380 0.132276 0.553768 0.042022 0.268554
2 2 0.002007 0.097964 0.597722 0.067241 0.235066
2 2 0.002218 0.105214 0.643130 0.029780 0.219657
2 4 0.001933 0.102618 0.592557 0.020171 0.282721
2 4 0.001455 0.090572 0.665906 0.011891 0.230177
4 4 0.015566 0.264698 0.140908 0.000237 0.578592
4 4 0.010523 0.220043 0.135646 0.000245 0.633543
4 4 0.006109 0.254185 0.234980 0.000406 0.504319
4 4 0.007642 0.267016 0.184821 0.000211 0.540309
1 4 0.009022 0.407541 0.285637 0.000173 0.297626
1 4 0.007809 0.414964 0.323968 0.000189 0.253070
1 4 0.008683 0.416928 0.339270 0.000245 0.234873
1 4 0.013185 0.402566 0.266355 0.000253 0.317641
1 4 0.019078 0.410458 0.293386 0.000517 0.276561
1 4 0.009900 0.404127 0.273181 0.000179 0.312612
1 4 0.013167 0.417552 0.340857 0.000441 0.227984
1 1 0.012245 0.410546 0.294653 0.000282 0.282273
4 4 0.013015 0.333105 0.151769 0.000096 0.502014
4 4 0.014991 0.243752 0.101072 0.000112 0.640074
4 4 0.016284 0.253903 0.150793 0.000363 0.578658
4 4 0.016635 0.268194 0.200235 0.000731 0.514204
4 4 0.010956 0.235380 0.135150 0.000199 0.618315
4 4 0.009551 0.235634 0.138805 0.000177 0.615833
4 4 0.013404 0.273814 0.150294 0.000206 0.562282
4 4 0.021769 0.315792 0.187083 0.000456 0.474900
4 4 0.019343 0.142199 0.053612 0.000172 0.784675
4 4 0.011203 0.086415 0.048626 0.000377 0.853378
4 4 0.008672 0.123087 0.074295 0.000260 0.793687
4 4 0.011145 0.166314 0.103774 0.000336 0.718430
4 4 0.014168 0.186295 0.110531 0.000381 0.688625
4 4 0.026516 0.238066 0.107444 0.000326 0.627647
4 4 0.033167 0.239123 0.085684 0.000219 0.641807
4 4 0.048911 0.304716 0.122700 0.000450 0.523224
4 4 0.033780 0.324699 0.141208 0.000323 0.499990
4 4 0.034608 0.293961 0.113033 0.000249 0.558149
4 4 0.047403 0.307597 0.125230 0.000442 0.519328
4 4 0.039206 0.293045 0.112322 0.000293 0.555133
1 4 0.030391 0.382178 0.218986 0.000556 0.367889
4 4 0.023510 0.334726 0.210859 0.000581 0.430324
4 4 0.025036 0.340827 0.215772 0.000633 0.417731
1 4 0.023048 0.411042 0.297623 0.000697 0.267591
1 4 0.020798 0.398635 0.254375 0.000433 0.325758
1 4 0.020514 0.395531 0.246535 0.000400 0.337020
4 4 0.020851 0.370805 0.199102 0.000279 0.408964
4 4 0.028843 0.259652 0.104002 0.000239 0.607264
4 4 0.003745 0.001470 0.000681 0.000537 0.993566
4 4 0.001441 0.000484 0.000294 0.000633 0.997148
4 4 0.001573 0.000588 0.000300 0.000373 0.997166
4 4 0.002181 0.000865 0.000398 0.000341 0.996216
4 4 0.002982 0.001317 0.000506 0.000235 0.994960
4 4 0.015871 0.008253 0.002358 0.000323 0.973195
4 4 0.053488 0.034245 0.006819 0.000243 0.905205
4 4 0.080707 0.148288 0.031254 0.000204 0.739547
4 4 0.077289 0.086291 0.018505 0.000287 0.817628
4 4 0.051022 0.035966 0.006136 0.000137 0.906738
4 4 0.019162 0.010884 0.002686 0.000226 0.967042
4 4 0.005508 0.003404 0.001043 0.000156 0.989889
4 4 0.005120 0.003244 0.001011 0.000152 0.990473
4 4 0.006658 0.003377 0.001022 0.000196 0.988747
4 4 0.008527 0.005551 0.001517 0.000150 0.984255
4 4 0.016145 0.022709 0.006323 0.000165 0.954658
4 4 0.010148 0.058894 0.016302 0.000047 0.914609
4 4 0.013090 0.074206 0.024525 0.000101 0.888078
4 4 0.026356 0.121181 0.034834 0.000128 0.817502
4 4 0.021013 0.151959 0.052093 0.000138 0.774797
4 4 0.009169 0.379647 0.217480 0.000105 0.393598
4 4 0.009569 0.372324 0.204746 0.000101 0.413261
4 4 0.010824 0.370886 0.201721 0.000116 0.416453
1 4 0.009269 0.387351 0.232156 0.000120 0.371105
1 4 0.012369 0.403099 0.268314 0.000235 0.315983
4 4 0.012933 0.365285 0.192278 0.000137 0.429367
4 4 0.017386 0.376197 0.208275 0.000234 0.397908
4 4 0.014541 0.366152 0.193055 0.000162 0.426091
4 4 0.012153 0.377884 0.212652 0.000149 0.397162
1 4 0.014376 0.398217 0.254016 0.000259 0.333133
1 4 0.015771 0.393191 0.241543 0.000267 0.349228
4 4 0.020904 0.332662 0.149912 0.000181 0.496341
4 4 0.027065 0.283793 0.105034 0.000161 0.583947
4 4 0.018496 0.305169 0.123346 0.000117 0.552871
4 4 0.021033 0.246416 0.100629 0.000170 0.631753
4 4 0.029188 0.293907 0.115572 0.000210 0.561124
4 4 0.026715 0.246157 0.105380 0.000274 0.621473
4 4 0.031268 0.335553 0.152718 0.000325 0.480136
4 4 0.018115 0.376382 0.217863 0.000283 0.387357
4 4 0.013519 0.375825 0.233420 0.000232 0.377004
1 4 0.009031 0.402412 0.277663 0.000168 0.310726
4 2 0.006574 0.358814 0.269626 0.000165 0.364821
2 2 0.004032 0.315323 0.347619 0.000332 0.332694
2 2 0.004387 0.321106 0.441925 0.000719 0.231863
2 2 0.003699 0.291300 0.458959 0.000953 0.245088
2 2 0.002677 0.253588 0.509267 0.001460 0.233008
2 2 0.002200 0.245172 0.539614 0.001525 0.211489
2 2 0.001911 0.245483 0.508621 0.001043 0.242941
2 2 0.002057 0.233391 0.515720 0.001479 0.247353
2 2 0.003467 0.265380 0.421432 0.000989 0.308732
2 2 0.002351 0.233777 0.512652 0.001781 0.249439
2 2 0.002988 0.291097 0.476221 0.000786 0.228907
2 2 0.003791 0.303991 0.514374 0.001137 0.176707
2 2 0.004510 0.327563 0.529502 0.001139 0.137286
2 2 0.005524 0.346764 0.442562 0.000730 0.204420
2 2 0.003062 0.295286 0.452754 0.000694 0.248204
2 2 0.002723 0.271564 0.496804 0.001110 0.227799
2 2 0.002611 0.217220 0.523268 0.003115 0.253786
2 2 0.002401 0.237011 0.478720 0.001456 0.280413
2 2 0.002473 0.250036 0.389601 0.000642 0.357249
2 2 0.000702 0.155147 0.553132 0.002373 0.288646
2 2 0.000879 0.157090 0.480810 0.002038 0.359184
2 2 0.001371 0.198937 0.418200 0.000923 0.380568
2 2 0.001805 0.238510 0.427645 0.000659 0.331381
2 2 0.002601 0.251281 0.422617 0.000827 0.322675
2 2 0.002772 0.254990 0.482718 0.001244 0.258276
2 2 0.004415 0.324622 0.412658 0.000523 0.257782
2 2 0.004369 0.318287 0.429188 0.000643 0.247514
2 2 0.002873 0.290316 0.528045 0.000994 0.177772
2 2 0.002551 0.296620 0.536738 0.000809 0.163282
2 2 0.002503 0.286635 0.518614 0.000820 0.191428
2 2 0.002181 0.261325 0.525005 0.001037 0.210453
2 2 0.002390 0.254404 0.545431 0.001440 0.196336
2 2 0.002106 0.223334 0.590092 0.002631 0.181836
2 2 0.002609 0.235284 0.612492 0.003068 0.146548
2 2 0.004404 0.267859 0.573409 0.003149 0.151180
2 2 0.005205 0.281927 0.572191 0.003272 0.137405
2 2 0.004877 0.298283 0.545025 0.002127 0.149688
2 2 0.003729 0.255481 0.618563 0.003914 0.118314
2 2 0.002819 0.264019 0.618683 0.002293 0.112185
2 2 0.004212 0.345052 0.369611 0.000302 0.280824
2 2 0.002337 0.256352 0.545010 0.001401 0.194900
2 2 0.005058 0.298536 0.456325 0.001490 0.238591
2 2 0.004557 0.236368 0.683297 0.002366 0.073411
2 4 0.002766 0.247991 0.645113 0.001222 0.102908
2 2 0.003603 0.216948 0.728202 0.001301 0.049946
2 2 0.008021 0.263907 0.651054 0.001602 0.075416
2 2 0.008696 0.289546 0.618458 0.001788 0.081512
2 2 0.004741 0.192571 0.740460 0.003611 0.058616
2 2 0.006605 0.289396 0.516033 0.001869 0.186097
2 2 0.007786 0.336623 0.489693 0.001695 0.164204
2 2 0.006691 0.323035 0.513998 0.001870 0.154407
2 2 0.006730 0.295862 0.571547 0.003576 0.122284
2 2 0.007362 0.325122 0.549732 0.002410 0.115374
2 2 0.007899 0.388799 0.484194 0.000819 0.118289
2 2 0.004633 0.342953 0.530628 0.000886 0.120899
2 2 0.003419 0.291524 0.588969 0.001588 0.114500
2 2 0.004414 0.299218 0.544994 0.001750 0.149624
2 2 0.003723 0.234741 0.616038 0.005589 0.139909
2 2 0.003796 0.191816 0.639676 0.015115 0.149597
2 2 0.016939 0.268083 0.662752 0.005777 0.046449
2 2 0.019014 0.245281 0.669892 0.003478 0.062334
2 2 0.014098 0.233081 0.665117 0.001366 0.086338
2 2 0.004886 0.200293 0.730652 0.000656 0.063512
2 2 0.005562 0.234983 0.698877 0.001390 0.059188
2 2 0.009966 0.261665 0.662862 0.002955 0.062552
2 3 0.007864 0.299447 0.579601 0.001922 0.111166
2 2 0.005461 0.236829 0.630185 0.002455 0.125070
2 3 0.005169 0.254931 0.518311 0.002804 0.218785
2 3 0.004431 0.250488 0.454854 0.002403 0.287823
2 3 0.003165 0.281571 0.444225 0.000844 0.270194
2 3 0.002938 0.232486 0.548713 0.003228 0.212634
2 3 0.004071 0.248894 0.613653 0.004850 0.128531
2 2 0.003610 0.264589 0.615408 0.003071 0.113322
2 2 0.002688 0.225227 0.684058 0.005097 0.082930
2 2 0.002615 0.228067 0.699376 0.004854 0.065088
2 2 0.003591 0.247489 0.686344 0.005018 0.057559
2 2 0.004436 0.275142 0.655853 0.003801 0.060769
2 2 0.005018 0.254566 0.668836 0.006635 0.064946
2 2 0.004112 0.229446 0.709226 0.008657 0.048559
2 2 0.003194 0.247102 0.600797 0.003307 0.145600
2 2 0.002962 0.238819 0.514391 0.002309 0.241518
2 2 0.003303 0.266271 0.462041 0.001282 0.267103
2 2 0.001244 0.154791 0.662546 0.002129 0.179290
2 2 0.008252 0.263938 0.511728 0.001674 0.214408
2 2 0.021412 0.276149 0.421342 0.000885 0.280212
4 2 0.020292 0.260374 0.314187 0.000620 0.404527
2 1 0.015260 0.218047 0.457508 0.001286 0.307900
2 2 0.009474 0.261932 0.536304 0.002326 0.189963
1 2 0.028556 0.397995 0.395808 0.002773 0.174868
2 2 0.007687 0.338767 0.581215 0.002453 0.069878
2 2 0.002870 0.277285 0.644019 0.001954 0.073873
2 2 0.001886 0.185070 0.689974 0.005518 0.117552
2 2 0.001713 0.174359 0.605324 0.004773 0.213831
2 2 0.001203 0.159054 0.489136 0.003110 0.347497
2 2 0.001232 0.143831 0.512717 0.005530 0.336690
2 2 0.001561 0.155469 0.512464 0.005529 0.324976
2 2 0.001293 0.154200 0.574682 0.006333 0.263492
2 2 0.001178 0.153294 0.686881 0.009361 0.149287
2 2 0.001049 0.127865 0.721808 0.012075 0.137203
2 2 0.001802 0.129597 0.668499 0.023712 0.176390
2 2 0.001387 0.104739 0.621598 0.042831 0.229445
2 2 0.001786 0.086915 0.583541 0.088914 0.238843
2 2 0.001873 0.078025 0.585009 0.124902 0.210191
2 2 0.003000 0.091239 0.559667 0.075678 0.270416
2 2 0.002551 0.104271 0.600057 0.068058 0.225063
2 2 0.004195 0.109526 0.633286 0.111408 0.141585
2 2 0.005582 0.126647 0.629813 0.100775 0.137183
2 2 0.005259 0.132073 0.684671 0.042680 0.135317
2 2 0.003896 0.114685 0.678362 0.029912 0.173145
2 2 0.002370 0.089696 0.742455 0.047771 0.117708
2 2 0.001969 0.094221 0.739901 0.054029 0.109880
2 2 0.001175 0.107324 0.709774 0.020641 0.161086
2 2 0.001410 0.114887 0.693249 0.018789 0.171665
2 2 0.001457 0.129517 0.623076 0.017970 0.227980
2 2 0.001606 0.112248 0.664597 0.047534 0.174016
2 2 0.001356 0.105942 0.689105 0.052228 0.151369
2 2 0.002114 0.139990 0.634575 0.026403 0.196919
2 3 0.001910 0.115153 0.628523 0.048973 0.205441
2 3 0.001491 0.091913 0.628230 0.083409 0.194958
3 3 0.001301 0.016341 0.325536 0.643277 0.013546
2 3 0.004279 0.047241 0.475620 0.423407 0.049453
2 3 0.008295 0.109432 0.604343 0.161919 0.116011
2 3 0.008460 0.145433 0.608675 0.111374 0.126058
2 2 0.007224 0.211400 0.646726 0.024841 0.109809
2 2 0.003993 0.185139 0.706522 0.022521 0.081824
2 2 0.004106 0.231559 0.691741 0.008186 0.064408
2 2 0.004737 0.231144 0.697156 0.009769 0.057194
2 2 0.004774 0.228785 0.708205 0.010367 0.047869
2 2 0.005066 0.240390 0.704112 0.008744 0.041688
2 2 0.005683 0.209994 0.727329 0.019972 0.037021
2 2 0.005135 0.199037 0.738465 0.022739 0.034624
2 2 0.006377 0.178458 0.729584 0.048149 0.037433
2 2 0.009897 0.216202 0.696576 0.037645 0.039681
2 2 0.008618 0.178629 0.707019 0.069775 0.035959
2 2 0.007259 0.144685 0.751153 0.070920 0.025983
2 2 0.006336 0.124794 0.768003 0.076669 0.024199
2 2 0.006080 0.098923 0.793317 0.083882 0.017799
2 2 0.004917 0.080400 0.826905 0.075423 0.012356
2 2 0.003193 0.058105 0.861706 0.069682 0.007314
2 2 0.001954 0.049915 0.859206 0.081561 0.007364
2 2 0.003424 0.072921 0.854360 0.058498 0.010797
2 2 0.004744 0.120280 0.812147 0.043619 0.019210
2 2 0.004147 0.128164 0.814456 0.034290 0.018943
2 2 0.007140 0.227942 0.710716 0.019362 0.034840
2 2 0.008048 0.226717 0.709320 0.021166 0.034749
2 2 0.006789 0.245990 0.701706 0.012693 0.032822
2 2 0.007395 0.232019 0.707091 0.018948 0.034547
2 2 0.007574 0.215269 0.713955 0.027707 0.035494
2 2 0.009349 0.232146 0.694849 0.025511 0.038146
2 2 0.008642 0.198451 0.709384 0.046993 0.036530
2 2 0.008491 0.165890 0.698623 0.091611 0.035386
2 3 0.007822 0.112931 0.636550 0.214763 0.027934
2 2 0.007423 0.097497 0.631413 0.240572 0.023094
2 2 0.003849 0.059353 0.648181 0.276217 0.012400
2 3 0.001851 0.034411 0.641478 0.316336 0.005925
2 3 0.004424 0.058131 0.664847 0.262057 0.010541
2 2 0.012853 0.114447 0.673090 0.177053 0.022558
2 2 0.009250 0.096593 0.610045 0.261164 0.022948
2 2 0.003522 0.048259 0.565081 0.371830 0.011307
2 3 0.051272 0.176598 0.518812 0.006281 0.247037
4 2 0.021927 0.147800 0.365461 0.002725 0.462087
4 2 0.015273 0.159979 0.309638 0.002176 0.512933
4 2 0.005879 0.168016 0.307445 0.001465 0.517195
4 2 0.007439 0.201020 0.384710 0.006032 0.400800
2 2 0.002683 0.169240 0.486481 0.005281 0.336315
2 2 0.003628 0.211692 0.408480 0.001818 0.374382
2 2 0.003229 0.208196 0.461996 0.003475 0.323104
2 2 0.005030 0.213640 0.436242 0.004898 0.340190
2 2 0.004406 0.222269 0.483063 0.004706 0.285556
2 2 0.001838 0.180290 0.605711 0.006365 0.205797
2 2 0.001365 0.156984 0.601461 0.007310 0.232880
2 2 0.001762 0.186983 0.518245 0.003211 0.289800
2 2 0.001543 0.190704 0.504575 0.002337 0.300841
2 3 0.001479 0.183470 0.517833 0.002851 0.294368
2 2 0.001187 0.125858 0.562891 0.012846 0.297218
2 2 0.001534 0.135603 0.545450 0.012207 0.305205
2 2 0.001189 0.128758 0.513915 0.008515 0.347622
2 2 0.000828 0.118436 0.558216 0.009198 0.313323
2 2 0.000776 0.131142 0.568314 0.005924 0.293843
4 4 0.002852 0.170562 0.229737 0.000642 0.596206
4 4 0.004056 0.181619 0.194319 0.000466 0.619541
4 4 0.009819 0.310230 0.201862 0.000208 0.477881
4 4 0.018964 0.346500 0.165932 0.000184 0.468421
1 4 0.031427 0.404052 0.273695 0.000900 0.289926
1 4 0.018099 0.382141 0.233117 0.000326 0.366318
4 1 0.019807 0.361550 0.185452 0.000232 0.432960
4 4 0.014998 0.353964 0.176020 0.000146 0.454872
4 4 0.019305 0.348452 0.168276 0.000192 0.463775
1 4 0.022611 0.383854 0.221563 0.000375 0.371597
4 4 0.011661 0.363885 0.190729 0.000117 0.433608
4 4 0.027054 0.349014 0.168518 0.000307 0.455107
4 4 0.030726 0.288396 0.108549 0.000200 0.572129
4 4 0.032152 0.182574 0.045024 0.000080 0.740170
4 4 0.017907 0.081875 0.015745 0.000028 0.884446
4 4 0.010977 0.034216 0.009281 0.000069 0.945457
4 4 0.016611 0.068848 0.022677 0.000145 0.891719
4 4 0.009146 0.055262 0.026071 0.000219 0.909303
4 4 0.009273 0.063889 0.031859 0.000242 0.894738
4 4 0.009348 0.035123 0.019834 0.000521 0.935174
4 4 0.006343 0.122736 0.064847 0.000112 0.805962
4 4 0.011940 0.098020 0.051565 0.000309 0.838165
4 4 0.025312 0.085850 0.032925 0.000365 0.855549
4 4 0.028365 0.133985 0.042486 0.000179 0.794985
4 4 0.027190 0.099117 0.028645 0.000154 0.844894
4 4 0.037404 0.149530 0.055495 0.000398 0.757173
4 4 0.088786 0.243844 0.080991 0.000671 0.585709
4 4 0.061919 0.159597 0.043940 0.000307 0.734238
4 4 0.039613 0.113509 0.025947 0.000116 0.820815
4 4 0.012516 0.100257 0.032665 0.000075 0.854487
4 4 0.012501 0.072876 0.021234 0.000065 0.893323
4 4 0.011860 0.063740 0.028092 0.000233 0.896074
4 4 0.007017 0.016687 0.006472 0.000172 0.969651
4 4 0.006576 0.022858 0.009645 0.000168 0.960753
4 4 0.008598 0.029569 0.008191 0.000057 0.953586
4 4 0.016531 0.072907 0.016606 0.000045 0.893911
4 4 0.031516 0.223509 0.065398 0.000115 0.679461
4 4 0.032055 0.346354 0.165315 0.000378 0.455898
1 4 0.012510 0.410525 0.294417 0.000290 0.282257
1 4 0.008526 0.404927 0.277220 0.000151 0.309176
4 4 0.005025 0.017786 0.009060 0.000240 0.967888
4 4 0.003992 0.006513 0.003309 0.000318 0.985868
4 4 0.008053 0.003568 0.001360 0.000505 0.986515
4 4 0.007523 0.003351 0.001248 0.000444 0.987434
4 4 0.013296 0.013144 0.004003 0.000231 0.969325
4 4 0.021107 0.024446 0.005902 0.000148 0.948397
4 4 0.037275 0.041697 0.010492 0.000268 0.910267
4 4 0.043184 0.132260 0.037686 0.000234 0.786636
4 4 0.019434 0.320046 0.137099 0.000145 0.523276
4 4 0.028129 0.307993 0.125213 0.000213 0.538452
4 4 0.023699 0.324343 0.141012 0.000197 0.510749
4 4 0.035294 0.332207 0.149149 0.000372 0.482979
4 1 0.038911 0.365872 0.192498 0.000632 0.402087
1 1 0.043199 0.386650 0.231264 0.001015 0.337872
1 1 0.037348 0.410448 0.310127 0.001532 0.240545
1 1 0.017897 0.411509 0.402975 0.001169 0.166451
2 1 0.023847 0.393351 0.477224 0.003039 0.102539
2 1 0.018320 0.393024 0.485606 0.002214 0.100836
2 1 0.014360 0.384533 0.511281 0.001944 0.087881
2 1 0.012922 0.377922 0.527519 0.001930 0.079707
2 1 0.007308 0.387912 0.415290 0.000484 0.189006
1 1 0.024933 0.396323 0.248872 0.000534 0.329337
4 1 0.018305 0.347265 0.202253 0.000251 0.431925
4 1 0.019497 0.197211 0.072934 0.000124 0.710234
4 1 0.014020 0.246700 0.113194 0.000137 0.625949
4 1 0.024443 0.369541 0.196992 0.000342 0.408683
1 1 0.028113 0.413496 0.388582 0.001866 0.167943
2 1 0.015579 0.382461 0.514558 0.002253 0.085149
2 2 0.012436 0.367613 0.540869 0.002342 0.076739
2 1 0.014333 0.387324 0.503078 0.001839 0.093426
2 2 0.011644 0.390696 0.494527 0.001306 0.101826
2 2 0.006165 0.380696 0.506854 0.000711 0.105574
2 2 0.006548 0.373686 0.460201 0.000666 0.158899
2 2 0.003062 0.279814 0.532313 0.001262 0.183549
2 2 0.003802 0.272920 0.494438 0.001581 0.227259
2 2 0.003588 0.233362 0.571821 0.004286 0.186943
2 2 0.005623 0.267786 0.606586 0.004949 0.115055
2 2 0.009593 0.344117 0.578020 0.002781 0.065488
2 2 0.011428 0.341411 0.586961 0.003453 0.056747
2 2 0.016530 0.367249 0.543838 0.003257 0.069127
2 2 0.008134 0.349287 0.586370 0.001730 0.054479
2 2 0.011083 0.358115 0.567858 0.002255 0.060690
2 2 0.011434 0.358969 0.565933 0.002316 0.061348
2 2 0.013219 0.362839 0.556831 0.002621 0.064489
2 1 0.018379 0.370894 0.535143 0.003473 0.072111
2 1 0.019207 0.369991 0.534627 0.003762 0.072413
2 2 0.015018 0.330713 0.592778 0.006376 0.055115
2 2 0.014443 0.279113 0.653379 0.010981 0.042085
2 1 0.013146 0.266113 0.671906 0.009957 0.038877
2 2 0.028514 0.287292 0.615596 0.015851 0.052748
2 1 0.157401 0.217535 0.529262 0.030162 0.065640
2 0 0.193571 0.256090 0.375331 0.011943 0.163065
4 1 0.225470 0.233346 0.103988 0.003037 0.434159
4 1 0.056244 0.276494 0.299270 0.000750 0.367242
4 1 0.033714 0.314340 0.131031 0.000291 0.520625
4 2 0.020625 0.341849 0.160223 0.000196 0.477107
2 2 0.004120 0.331879 0.363203 0.000298 0.300500
2 2 0.001988 0.262197 0.389063 0.000367 0.346385
2 2 0.001158 0.199023 0.410035 0.000657 0.389126
2 2 0.000858 0.163621 0.419007 0.001048 0.415466
2 2 0.001767 0.233469 0.434730 0.000733 0.329301
2 2 0.001256 0.186289 0.524755 0.002073 0.285626
2 2 0.001523 0.186051 0.502972 0.002402 0.307052
2 2 0.001500 0.191541 0.505298 0.002109 0.299552
2 2 0.001113 0.168011 0.580733 0.003666 0.246478
2 2 0.001161 0.136317 0.633235 0.006508 0.222780
2 2 0.001109 0.133323 0.652346 0.005942 0.207281
2 2 0.001159 0.151063 0.586698 0.006438 0.254643
2 2 0.001365 0.153245 0.527649 0.005583 0.312158
2 2 0.001132 0.142171 0.510279 0.005250 0.341168
2 2 0.001109 0.154502 0.495881 0.003269 0.345240
2 2 0.000914 0.141447 0.469732 0.003144 0.384762
2 2 0.000997 0.164512 0.476743 0.002014 0.355734
2 2 0.000962 0.177395 0.444989 0.001154 0.375500
2 2 0.000838 0.167895 0.569584 0.001421 0.260261
2 2 0.001012 0.174474 0.544492 0.001663 0.278360
2 2 0.001162 0.182928 0.490409 0.001071 0.324430
2 2 0.000987 0.155431 0.579503 0.002427 0.261652
2 2 0.000840 0.147909 0.636428 0.002407 0.212417
2 2 0.001100 0.156845 0.612933 0.004800 0.224321
2 2 0.001336 0.191132 0.484205 0.001653 0.321673
2 2 0.001019 0.159032 0.481264 0.001124 0.357560
2 2 0.000823 0.156308 0.527056 0.001016 0.314797
2 2 0.000725 0.141535 0.552751 0.001324 0.303665
2 2 0.000893 0.129246 0.567981 0.006836 0.295043
2 2 0.001232 0.147960 0.601225 0.008317 0.241267
2 2 0.001097 0.122040 0.580245 0.010964 0.285654
2 2 0.001192 0.099999 0.573453 0.025183 0.300173
2 2 0.001278 0.093339 0.524969 0.019652 0.360761
2 2 0.001133 0.079260 0.555514 0.057044 0.307048
2 2 0.001492 0.100111 0.538894 0.038283 0.321220
2 2 0.001526 0.080816 0.574282 0.110272 0.233104
2 2 0.001658 0.076562 0.520554 0.117104 0.284121
2 2 0.002246 0.070652 0.512213 0.215601 0.199288
2 2 0.002593 0.075982 0.534349 0.223321 0.163755
2 2 0.002371 0.064756 0.514128 0.303741 0.115005
