0 0 0.961415 0.027024 0.005084 0.000657 0.005820
0 0 0.948488 0.035707 0.005863 0.000601 0.009342
0 0 0.936309 0.042787 0.008517 0.001102 0.011285
0 0 0.956684 0.029160 0.007030 0.001261 0.005865
0 0 0.973236 0.017391 0.005425 0.001506 0.002442
0 0 0.934898 0.039759 0.013571 0.003723 0.008050
0 0 0.973984 0.018127 0.004176 0.000760 0.002953
0 0 0.987563 0.008721 0.002230 0.000526 0.000959
0 0 0.991994 0.005252 0.001724 0.000621 0.000409
0 0 0.983090 0.012253 0.002503 0.000411 0.001743
0 0 0.943058 0.036442 0.014505 0.001719 0.004276
0 0 0.970284 0.019087 0.006120 0.001739 0.002770
0 0 0.964493 0.023239 0.006771 0.001634 0.003862
0 0 0.918171 0.054627 0.007804 0.000615 0.018783
0 0 0.887102 0.069932 0.010113 0.000692 0.032161
0 0 0.918444 0.051932 0.007187 0.000471 0.021966
0 0 0.859688 0.078454 0.014745 0.001098 0.046015
0 0 0.785668 0.096610 0.033664 0.004093 0.079965
0 0 0.851534 0.075597 0.026904 0.005114 0.040852
0 0 0.886437 0.069521 0.014567 0.001704 0.027770
0 0 0.792756 0.108203 0.015532 0.000662 0.082847
0 0 0.828685 0.099215 0.010684 0.000371 0.061045
0 0 0.865022 0.081766 0.014467 0.001318 0.037427
0 0 0.943981 0.038426 0.006691 0.000734 0.010168
0 0 0.904536 0.061985 0.012152 0.001446 0.019882
0 0 0.898957 0.065561 0.011776 0.001230 0.022475
0 0 0.909647 0.059296 0.010619 0.001124 0.019314
0 0 0.922000 0.051507 0.010302 0.001301 0.014890
0 0 0.925908 0.049413 0.010517 0.001273 0.012889
0 0 0.833383 0.102583 0.025579 0.003045 0.035409
0 0 0.835485 0.100218 0.026333 0.003616 0.034348
0 0 0.910674 0.051981 0.021693 0.005724 0.009928
0 0 0.952367 0.025601 0.012461 0.005976 0.003594
0 0 0.950347 0.027362 0.012646 0.005589 0.004056
0 0 0.936867 0.037945 0.013745 0.004122 0.007321
0 0 0.945170 0.029321 0.014343 0.006773 0.004392
0 0 0.953725 0.027673 0.011100 0.003416 0.004087
0 0 0.923635 0.041585 0.026725 0.004316 0.003739
0 0 0.928905 0.042623 0.018397 0.003759 0.006317
0 0 0.924644 0.044176 0.019751 0.004609 0.006820
0 0 0.657914 0.181431 0.128764 0.007034 0.024858
0 0 0.600088 0.206509 0.162529 0.006147 0.024726
0 0 0.769524 0.136437 0.066606 0.004369 0.023064
0 0 0.847606 0.094080 0.035124 0.003659 0.019531
0 0 0.852227 0.089321 0.036782 0.004398 0.017272
0 0 0.832188 0.104872 0.043764 0.002597 0.016579
0 0 0.881055 0.079055 0.018870 0.001365 0.019655
0 0 0.886665 0.072943 0.010948 0.000877 0.028566
0 0 0.867120 0.083800 0.014099 0.001289 0.033692
0 0 0.839109 0.098168 0.021384 0.002703 0.038636
0 0 0.782003 0.126027 0.033899 0.005444 0.052626
0 0 0.708338 0.167765 0.056802 0.006711 0.060384
0 0 0.647190 0.201825 0.091718 0.006925 0.052342
0 0 0.685555 0.182580 0.090113 0.005355 0.036396
0 0 0.752152 0.149568 0.066235 0.003858 0.028188
0 0 0.779427 0.138258 0.049341 0.002826 0.030148
0 0 0.822183 0.111613 0.022509 0.001739 0.041955
0 0 0.822469 0.107425 0.021711 0.002434 0.045960
0 0 0.820634 0.108248 0.022575 0.002639 0.045905
0 0 0.826310 0.104778 0.023636 0.003096 0.042181
0 0 0.852089 0.092750 0.021269 0.002340 0.031552
0 0 0.939197 0.040944 0.013563 0.001078 0.005217
0 0 0.933379 0.045197 0.013629 0.001092 0.006702
0 0 0.915121 0.056148 0.009674 0.000981 0.018076
0 0 0.928109 0.047594 0.009979 0.001362 0.012956
0 0 0.962750 0.025747 0.005521 0.000861 0.005122
0 0 0.963325 0.025718 0.004935 0.000661 0.005361
0 0 0.909206 0.055096 0.014306 0.002260 0.019131
0 0 0.859353 0.085123 0.023276 0.004126 0.028122
0 1 0.782512 0.124629 0.036327 0.006526 0.050006
0 1 0.509713 0.249393 0.119959 0.018038 0.102897
1 1 0.243936 0.335770 0.270765 0.021332 0.128196
2 2 0.073559 0.279698 0.538637 0.028111 0.079996
2 2 0.016359 0.149159 0.790299 0.023490 0.020693
2 2 0.008500 0.098174 0.857405 0.023132 0.012789
2 1 0.001872 0.028381 0.943698 0.023772 0.002277
2 2 0.001062 0.019385 0.959891 0.018366 0.001295
2 2 0.001006 0.019520 0.962824 0.015506 0.001144
2 2 0.000517 0.010390 0.970052 0.018595 0.000446
2 2 0.000884 0.016562 0.963605 0.018046 0.000903
2 2 0.117327 0.188598 0.660657 0.022261 0.011158
2 2 0.062381 0.170352 0.744288 0.014418 0.008561
2 0 0.027196 0.106722 0.848955 0.013723 0.003404
2 1 0.007528 0.051886 0.920974 0.017919 0.001693
2 2 0.001130 0.015322 0.953724 0.029228 0.000596
2 2 0.000185 0.003509 0.969014 0.027196 0.000096
2 2 0.000163 0.003220 0.971165 0.025371 0.000082
2 2 0.000276 0.003795 0.958332 0.037503 0.000094
2 2 0.000435 0.005694 0.957871 0.035841 0.000160
2 2 0.001062 0.010633 0.954844 0.033160 0.000300
2 2 0.005576 0.024415 0.953221 0.016414 0.000374
2 2 0.065859 0.090944 0.824804 0.016814 0.001579
2 2 0.100544 0.103573 0.769437 0.024208 0.002238
2 2 0.292602 0.154531 0.513606 0.032373 0.006889
2 2 0.320172 0.142953 0.486070 0.044186 0.006619
0 2 0.556028 0.137973 0.252092 0.042758 0.011149
0 2 0.528346 0.145585 0.287575 0.029162 0.009332
0 2 0.486824 0.161768 0.299487 0.038471 0.013449
0 0 0.711525 0.097467 0.150037 0.033368 0.007603
0 0 0.703665 0.121706 0.133045 0.027054 0.014529
2 1 0.002498 0.040902 0.941409 0.012777 0.002413
2 2 0.000901 0.013332 0.954366 0.030777 0.000624
2 2 0.000331 0.005094 0.957076 0.037316 0.000182
2 2 0.000404 0.005315 0.947482 0.046595 0.000203
2 2 0.000541 0.006069 0.928674 0.064407 0.000309
2 2 0.000346 0.003489 0.914223 0.081780 0.000162
2 2 0.000498 0.003204 0.821381 0.174687 0.000231
2 2 0.000632 0.003434 0.787305 0.208370 0.000259
2 2 0.001243 0.005415 0.729172 0.263623 0.000547
2 2 0.001755 0.006096 0.679372 0.312162 0.000616
2 3 0.003057 0.007637 0.597746 0.390755 0.000806
2 2 0.005634 0.012324 0.584701 0.396004 0.001337
2 2 0.008883 0.016776 0.497735 0.473722 0.002883
3 2 0.009870 0.016711 0.452237 0.517977 0.003204
3 2 0.007277 0.011745 0.402449 0.575957 0.002572
3 2 0.005609 0.009530 0.406638 0.576174 0.002049
3 2 0.008501 0.013607 0.383592 0.590683 0.003617
3 2 0.009292 0.012637 0.317750 0.656306 0.004016
3 2 0.009596 0.011967 0.265533 0.707863 0.005041
3 2 0.007389 0.008321 0.227348 0.753344 0.003598
3 3 0.015131 0.016448 0.200682 0.755708 0.012031
3 2 0.012562 0.012554 0.176195 0.789242 0.009447
3 2 0.010374 0.009565 0.146272 0.825409 0.008380
3 2 0.011490 0.011932 0.184162 0.783855 0.008562
3 2 0.012667 0.012137 0.171266 0.795104 0.008827
3 2 0.017872 0.020560 0.260859 0.691143 0.009566
3 2 0.019565 0.021308 0.253436 0.696025 0.009666
3 2 0.017569 0.015849 0.208432 0.751067 0.007084
3 2 0.015877 0.013460 0.177178 0.786161 0.007324
3 2 0.019214 0.016564 0.185201 0.769889 0.009133
3 2 0.014540 0.011215 0.149773 0.817581 0.006891
3 2 0.011959 0.009732 0.181908 0.792428 0.003973
3 2 0.011223 0.009876 0.188631 0.785895 0.004376
3 2 0.012980 0.012283 0.202678 0.766217 0.005842
3 2 0.014555 0.011864 0.151563 0.813875 0.008142
3 2 0.013571 0.010805 0.141381 0.826277 0.007967
3 2 0.013071 0.010843 0.142028 0.825430 0.008628
3 2 0.012380 0.009148 0.127799 0.843899 0.006774
3 2 0.013841 0.010329 0.139977 0.829166 0.006686
3 2 0.014221 0.012641 0.174752 0.790749 0.007636
3 2 0.010379 0.008258 0.121098 0.852570 0.007694
3 2 0.009687 0.006854 0.093168 0.882027 0.008264
3 3 0.013665 0.010075 0.107484 0.857370 0.011406
3 2 0.014819 0.010799 0.109199 0.853318 0.011866
3 2 0.023352 0.021651 0.193425 0.747730 0.013843
3 2 0.020267 0.018931 0.206203 0.744583 0.010016
3 2 0.017276 0.014886 0.167377 0.790475 0.009986
3 2 0.012204 0.009122 0.122995 0.848144 0.007534
3 3 0.014822 0.010498 0.111280 0.853089 0.010311
3 2 0.008695 0.005462 0.079884 0.899447 0.006512
3 2 0.006733 0.005056 0.103903 0.879587 0.004720
3 3 0.008981 0.007348 0.129830 0.847959 0.005881
3 3 0.009384 0.008387 0.142503 0.832820 0.006905
3 2 0.015835 0.018249 0.214237 0.738312 0.013367
3 2 0.010089 0.009358 0.142332 0.829470 0.008751
3 2 0.013727 0.016446 0.222018 0.736336 0.011473
3 3 0.013532 0.015167 0.211338 0.749878 0.010085
3 3 0.014458 0.012589 0.150762 0.811916 0.010275
3 2 0.010564 0.007497 0.096889 0.876365 0.008684
3 2 0.008992 0.006164 0.085537 0.891301 0.008006
3 2 0.011737 0.011291 0.159948 0.807600 0.009425
3 2 0.011081 0.010132 0.139250 0.829525 0.010012
3 2 0.017215 0.016982 0.164784 0.784592 0.016427
3 2 0.012751 0.010832 0.113916 0.847640 0.014861
3 2 0.009558 0.007882 0.099493 0.871074 0.011993
3 2 0.009849 0.007819 0.098136 0.872902 0.011294
3 2 0.010296 0.008807 0.106802 0.860420 0.013675
3 2 0.011759 0.010097 0.113950 0.849246 0.014949
3 2 0.011168 0.009202 0.107587 0.858788 0.013255
3 2 0.010151 0.007434 0.094057 0.878591 0.009767
3 2 0.013357 0.010375 0.109333 0.854189 0.012745
3 2 0.011696 0.008431 0.098574 0.871080 0.010220
3 2 0.011786 0.009081 0.103424 0.863984 0.011725
3 2 0.014734 0.010742 0.108984 0.853700 0.011841
3 2 0.015465 0.011967 0.115582 0.843305 0.013682
3 2 0.021070 0.017230 0.135060 0.808667 0.017973
3 2 0.018576 0.015116 0.128306 0.821339 0.016662
3 2 0.013267 0.009411 0.102601 0.864127 0.010595
3 2 0.010172 0.006869 0.089073 0.885574 0.008311
3 2 0.010485 0.007375 0.092734 0.880235 0.009171
2 2 0.207874 0.228234 0.391211 0.117965 0.054716
2 2 0.214262 0.221988 0.491870 0.046868 0.025011
2 2 0.264597 0.195531 0.486602 0.038117 0.015154
0 0 0.393224 0.225081 0.333599 0.023676 0.024420
2 0 0.251683 0.279389 0.406352 0.022742 0.039834
2 1 0.106357 0.272405 0.542150 0.031278 0.047810
2 1 0.048971 0.220802 0.650587 0.038484 0.041156
2 1 0.025782 0.197314 0.677740 0.036290 0.062875
2 2 0.013125 0.129519 0.787335 0.030600 0.039421
2 2 0.002622 0.034064 0.922063 0.035352 0.005898
2 2 0.002466 0.029218 0.919110 0.045123 0.004083
2 2 0.001771 0.022462 0.931406 0.042032 0.002329
2 2 0.006130 0.057223 0.874124 0.053556 0.008967
2 2 0.021427 0.166408 0.745122 0.032430 0.034614
2 4 0.033979 0.226047 0.588566 0.041621 0.109788
2 4 0.037675 0.277370 0.376966 0.017785 0.290203
2 4 0.030702 0.271973 0.357374 0.011059 0.328892
2 4 0.026413 0.269141 0.371013 0.008460 0.324973
2 4 0.022091 0.265066 0.383251 0.006110 0.323482
2 4 0.018179 0.260212 0.396294 0.004293 0.321022
2 4 0.018000 0.259339 0.385313 0.004094 0.333254
2 4 0.018076 0.263195 0.395029 0.003538 0.320162
2 4 0.017490 0.267694 0.416861 0.002685 0.295271
2 4 0.016738 0.267547 0.422790 0.002354 0.290571
2 4 0.017339 0.268926 0.436423 0.002565 0.274747
4 4 0.028035 0.289944 0.334461 0.002699 0.344860
2 4 0.030476 0.296611 0.398235 0.003744 0.270935
2 4 0.021948 0.269393 0.481072 0.005706 0.221881
2 4 0.022560 0.264941 0.468981 0.008133 0.235385
2 4 0.023473 0.267350 0.438835 0.008052 0.262291
2 4 0.024205 0.268277 0.430755 0.008368 0.268395
2 4 0.021437 0.261711 0.492902 0.007941 0.216008
2 4 0.022026 0.263508 0.480021 0.008043 0.226402
2 4 0.017788 0.248968 0.556429 0.006810 0.170005
2 4 0.012927 0.232777 0.606891 0.004341 0.143064
2 4 0.018102 0.256953 0.542100 0.004871 0.177973
2 4 0.014414 0.224251 0.649740 0.005920 0.105675
2 4 0.011183 0.195282 0.717316 0.005861 0.070358
2 2 0.012764 0.185558 0.751038 0.005617 0.045023
2 2 0.012683 0.172035 0.779187 0.005107 0.030987
2 2 0.003145 0.041269 0.949132 0.005230 0.001224
2 2 0.003300 0.043278 0.944425 0.007378 0.001618
2 2 0.001061 0.021712 0.966457 0.009871 0.000898
2 2 0.001113 0.020541 0.967901 0.009736 0.000709
2 2 0.001018 0.017667 0.972787 0.008056 0.000473
2 2 0.001494 0.020905 0.968698 0.008414 0.000489
2 2 0.003342 0.028079 0.965096 0.003184 0.000299
2 2 0.028990 0.064668 0.904651 0.001366 0.000326
2 2 0.190898 0.100851 0.704598 0.002941 0.000712
0 2 0.610858 0.089857 0.290916 0.006965 0.001405
0 2 0.927194 0.026375 0.037970 0.007550 0.000912
0 2 0.958815 0.012368 0.012349 0.015610 0.000859
0 2 0.922415 0.019373 0.021886 0.034636 0.001690
0 2 0.848281 0.055107 0.059850 0.030994 0.005768
0 2 0.672564 0.152552 0.133419 0.018862 0.022602
0 2 0.425211 0.264072 0.257529 0.013367 0.039821
2 2 0.205675 0.325997 0.396859 0.012693 0.058777
2 2 0.062576 0.273535 0.599586 0.010334 0.053970
2 2 0.041703 0.214213 0.716408 0.006222 0.021455
2 2 0.144646 0.304343 0.512692 0.005372 0.032946
2 2 0.252625 0.219910 0.492928 0.019079 0.015458
2 2 0.316265 0.219462 0.429507 0.018446 0.016320
2 0 0.220796 0.289325 0.450006 0.010445 0.029427
2 1 0.146916 0.312041 0.491190 0.007430 0.042422
2 1 0.146534 0.283423 0.528807 0.010575 0.030661
2 2 0.134741 0.204704 0.645350 0.006997 0.008208
2 2 0.335803 0.207975 0.436979 0.009131 0.010113
0 2 0.410896 0.183052 0.386670 0.010962 0.008420
0 2 0.486462 0.190817 0.293439 0.014998 0.014284
0 2 0.637862 0.132013 0.208149 0.014240 0.007735
0 2 0.816768 0.055587 0.095686 0.028923 0.003036
0 2 0.892927 0.041130 0.041168 0.020916 0.003858
0 0 0.788810 0.099719 0.075257 0.019997 0.016217
0 1 0.694432 0.140580 0.131908 0.015930 0.017151
0 1 0.585145 0.196753 0.178417 0.013134 0.026551
0 1 0.365384 0.294279 0.278564 0.012438 0.049334
2 1 0.109461 0.309343 0.449703 0.028651 0.102841
2 2 0.035511 0.213659 0.686815 0.022897 0.041118
2 2 0.030610 0.179452 0.753478 0.016903 0.019557
2 2 0.015023 0.102530 0.867650 0.010686 0.004111
2 2 0.054573 0.113396 0.827934 0.002671 0.001427
2 2 0.128117 0.113923 0.751996 0.004647 0.001316
0 2 0.671532 0.075565 0.238497 0.012938 0.001468
0 2 0.859201 0.030812 0.087409 0.021901 0.000677
0 2 0.952105 0.010411 0.018250 0.018884 0.000350
0 2 0.937957 0.011269 0.023385 0.027037 0.000353
0 2 0.954986 0.006668 0.010900 0.027175 0.000271
0 2 0.961088 0.008657 0.010360 0.019408 0.000488
0 2 0.856610 0.043975 0.062031 0.034166 0.003217
0 2 0.601244 0.118542 0.223799 0.047424 0.008990
2 2 0.215439 0.210113 0.537102 0.022991 0.014355
2 2 0.119291 0.202430 0.660343 0.008858 0.009078
2 2 0.075057 0.178979 0.725870 0.011729 0.008366
2 2 0.091985 0.206028 0.661421 0.024184 0.016382
2 2 0.096752 0.196970 0.659366 0.031068 0.015843
2 2 0.058194 0.167823 0.732396 0.029816 0.011771
2 2 0.042228 0.143612 0.787870 0.019182 0.007108
2 2 0.005442 0.055521 0.924630 0.012043 0.002364
2 2 0.000932 0.015113 0.978427 0.005277 0.000252
2 2 0.026004 0.065047 0.906255 0.002264 0.000430
0 2 0.462939 0.155143 0.327741 0.042734 0.011442
0 2 0.376562 0.225707 0.367162 0.013221 0.017348
2 2 0.195074 0.300279 0.466138 0.008422 0.030088
2 2 0.099239 0.290816 0.551583 0.011201 0.047160
2 2 0.065306 0.235971 0.662718 0.011050 0.024954
2 2 0.025725 0.149268 0.803134 0.012189 0.009684
2 2 0.014878 0.106764 0.862523 0.011329 0.004506
2 2 0.009897 0.078286 0.901445 0.008319 0.002053
2 2 0.002420 0.031205 0.956259 0.009294 0.000822
2 2 0.002247 0.030084 0.960432 0.006604 0.000633
2 2 0.001757 0.024916 0.965114 0.007650 0.000564
2 2 0.002549 0.035669 0.955550 0.005418 0.000814
2 2 0.001621 0.025579 0.962183 0.009898 0.000719
2 2 0.001229 0.020618 0.965740 0.011822 0.000590
2 2 0.001190 0.019839 0.970934 0.007613 0.000424
2 2 0.000986 0.014230 0.973300 0.011205 0.000279
2 2 0.000647 0.010076 0.981085 0.008049 0.000144
2 2 0.000822 0.011936 0.977050 0.009992 0.000199
2 2 0.001302 0.014676 0.973619 0.010152 0.000251
2 2 0.001576 0.014668 0.968753 0.014712 0.000291
0 2 0.966527 0.010918 0.015155 0.007061 0.000339
0 2 0.974072 0.004740 0.006156 0.014835 0.000197
0 2 0.974734 0.005789 0.006548 0.012649 0.000280
0 2 0.955915 0.016803 0.013034 0.012664 0.001585
0 0 0.899499 0.049793 0.035179 0.009835 0.005693
0 0 0.787273 0.110659 0.076385 0.010068 0.015616
0 0 0.658482 0.180367 0.123803 0.008890 0.028458
0 0 0.535016 0.234000 0.175098 0.012513 0.043373
2 1 0.250298 0.310318 0.372076 0.016138 0.051170
2 1 0.067360 0.261368 0.617786 0.012113 0.041372
2 1 0.032610 0.197706 0.741459 0.007316 0.020910
2 2 0.010433 0.106107 0.874522 0.004122 0.004816
2 2 0.004915 0.064314 0.926481 0.002850 0.001440
2 2 0.001810 0.025823 0.965895 0.005945 0.000528
2 2 0.001250 0.020122 0.973568 0.004739 0.000321
2 2 0.003047 0.034213 0.960026 0.002339 0.000375
2 2 0.041247 0.091405 0.865011 0.001603 0.000734
2 2 0.206363 0.129613 0.658265 0.004134 0.001624
0 0 0.515208 0.159118 0.307511 0.010943 0.007220
0 1 0.515915 0.203080 0.244112 0.015605 0.021288
2 2 0.002846 0.052088 0.934421 0.007526 0.003120
2 2 0.000911 0.017865 0.969640 0.010983 0.000601
2 2 0.000573 0.011961 0.976842 0.010318 0.000307
2 2 0.000533 0.011240 0.974204 0.013720 0.000303
2 2 0.000571 0.011170 0.969537 0.018326 0.000396
2 2 0.000855 0.012278 0.949175 0.037020 0.000672
2 2 0.000974 0.011110 0.926048 0.061110 0.000758
2 2 0.001151 0.015992 0.943797 0.037931 0.001129
2 2 0.001311 0.017166 0.937055 0.043038 0.001430
2 2 0.000753 0.011475 0.951603 0.035458 0.000711
2 2 0.000405 0.005991 0.947117 0.046177 0.000311
2 2 0.000386 0.006081 0.953018 0.040212 0.000303
2 2 0.000965 0.010996 0.978687 0.009170 0.000183
2 2 0.018260 0.064808 0.905425 0.010201 0.001306
2 1 0.032064 0.116376 0.837410 0.010652 0.003498
2 1 0.023089 0.106855 0.852462 0.013836 0.003758
2 2 0.015866 0.097391 0.879762 0.004668 0.002313
2 1 0.024228 0.118538 0.850990 0.003463 0.002781
2 2 0.010905 0.083745 0.901779 0.002116 0.001454
2 2 0.012489 0.080492 0.901939 0.003518 0.001563
0 2 0.663360 0.090710 0.228370 0.014925 0.002636
0 2 0.845437 0.043975 0.079648 0.028809 0.002131
0 2 0.850056 0.033136 0.062645 0.052304 0.001859
0 2 0.882107 0.044037 0.040690 0.027892 0.005273
0 2 0.664647 0.138035 0.151409 0.028398 0.017511
0 2 0.542752 0.225274 0.177386 0.014172 0.040416
0 1 0.398409 0.308608 0.218591 0.009023 0.065369
2 1 0.169354 0.341020 0.355862 0.016860 0.116904
2 1 0.104722 0.309056 0.489059 0.017525 0.079638
2 2 0.041276 0.208397 0.721547 0.007964 0.020816
2 2 0.023090 0.135944 0.829565 0.005621 0.005780
2 2 0.038581 0.139625 0.811677 0.005978 0.004139
2 2 0.030604 0.119343 0.839987 0.006884 0.003183
2 2 0.059958 0.196298 0.726728 0.006902 0.010114
2 1 0.040150 0.173421 0.770048 0.007131 0.009250
2 2 0.051963 0.199861 0.723020 0.010487 0.014669
2 2 0.065376 0.247129 0.645526 0.010936 0.031033
2 2 0.066171 0.277609 0.595170 0.009038 0.052011
2 2 0.045865 0.264715 0.605787 0.012344 0.071289
2 2 0.022044 0.183100 0.752780 0.013183 0.028893
2 2 0.018910 0.094668 0.881581 0.003144 0.001696
2 2 0.093025 0.126871 0.770768 0.006999 0.002337
2 2 0.259464 0.190615 0.527824 0.013666 0.008431
0 2 0.444963 0.224448 0.286910 0.018394 0.025285
0 1 0.578385 0.206843 0.167460 0.013664 0.033648
0 1 0.523621 0.236745 0.189298 0.011371 0.038964
1 1 0.271070 0.331396 0.315349 0.012754 0.069431
2 1 0.131994 0.307202 0.481525 0.017905 0.061373
2 1 0.108667 0.273757 0.563011 0.017439 0.037126
2 2 0.075606 0.204993 0.694149 0.012457 0.012796
2 2 0.059356 0.157771 0.761553 0.014323 0.006997
2 2 0.075152 0.147340 0.761502 0.011291 0.004716
2 2 0.042811 0.115448 0.832694 0.006609 0.002439
2 2 0.084530 0.114418 0.797275 0.002575 0.001202
2 2 0.115433 0.100602 0.780603 0.002601 0.000762
2 0 0.288329 0.153951 0.549480 0.005261 0.002979
0 0 0.533586 0.172427 0.272127 0.011396 0.010464
0 1 0.492635 0.200622 0.278285 0.012412 0.016046
0 1 0.643043 0.185005 0.148714 0.004781 0.018458
0 1 0.434521 0.290796 0.244310 0.002618 0.027755
0 0 0.669524 0.178533 0.057082 0.009954 0.084906
0 0 0.840120 0.097945 0.020125 0.002350 0.039459
0 0 0.846665 0.093052 0.023128 0.003539 0.033616
0 1 0.747368 0.156487 0.044423 0.002675 0.049047
0 1 0.821864 0.111318 0.023493 0.001974 0.041350
0 0 0.859748 0.087491 0.017007 0.001880 0.033875
0 0 0.931080 0.045493 0.010112 0.001507 0.011808
0 0 0.845969 0.094561 0.020253 0.002520 0.036697
0 0 0.848376 0.097970 0.021001 0.001537 0.031117
0 0 0.882999 0.078059 0.013297 0.000794 0.024851
0 0 0.886693 0.074443 0.010186 0.000581 0.028098
0 0 0.919563 0.053768 0.006186 0.000363 0.020119
0 0 0.911088 0.058714 0.006578 0.000367 0.023253
0 0 0.925497 0.050264 0.006276 0.000417 0.017546
0 0 0.889725 0.066945 0.010147 0.000736 0.032447
0 0 0.909763 0.059237 0.008187 0.000599 0.022214
0 0 0.916000 0.055928 0.007927 0.000615 0.019529
0 0 0.944158 0.038184 0.006970 0.000817 0.009872
0 0 0.931105 0.045286 0.010422 0.001630 0.011556
0 0 0.909788 0.057097 0.014902 0.002662 0.015551
0 0 0.925427 0.049972 0.008494 0.000862 0.015244
0 0 0.922987 0.051294 0.009236 0.001010 0.015473
0 0 0.927216 0.048756 0.008686 0.000944 0.014398
0 0 0.909217 0.059730 0.009974 0.000958 0.020120
0 1 0.839424 0.098881 0.015436 0.001234 0.045025
0 1 0.712529 0.178289 0.037867 0.001648 0.069668
0 0 0.439129 0.317521 0.175530 0.003012 0.064809
0 1 0.408525 0.323057 0.185094 0.004812 0.078512
2 1 0.194718 0.347770 0.390238 0.004988 0.062285
2 1 0.110207 0.307337 0.534025 0.005196 0.043234
2 1 0.074696 0.270351 0.610616 0.007523 0.036815
2 2 0.044946 0.216444 0.710530 0.006793 0.021287
2 2 0.014985 0.130204 0.839444 0.006857 0.008509
2 2 0.010615 0.101564 0.877363 0.006001 0.004456
2 2 0.009106 0.092699 0.888504 0.005990 0.003701
2 2 0.006203 0.065639 0.924637 0.002382 0.001140
2 2 0.022922 0.081371 0.893625 0.001404 0.000678
2 2 0.078588 0.105792 0.811228 0.003287 0.001105
2 2 0.099142 0.126741 0.766767 0.005320 0.002029
2 2 0.179137 0.170509 0.636618 0.008762 0.004975
2 2 0.002213 0.024203 0.971031 0.002331 0.000221
2 2 0.028435 0.083585 0.883234 0.003763 0.000983
2 2 0.031884 0.100055 0.860256 0.005981 0.001824
2 2 0.054239 0.162697 0.771947 0.005640 0.005478
2 2 0.022414 0.125656 0.843224 0.004628 0.004078
2 2 0.023418 0.116748 0.854353 0.002971 0.002510
2 2 0.043282 0.115565 0.837268 0.002314 0.001571
2 2 0.116271 0.127240 0.750622 0.004120 0.001747
2 2 0.296918 0.194337 0.487981 0.012034 0.008730
2 0 0.313260 0.216079 0.442024 0.014792 0.013846
2 1 0.345845 0.233913 0.387019 0.014218 0.019005
0 1 0.620945 0.180067 0.173678 0.007925 0.017385
0 1 0.685431 0.187454 0.096832 0.002900 0.027383
0 0 0.767087 0.145981 0.032079 0.001810 0.053042
0 1 0.635905 0.219341 0.048949 0.001483 0.094322
0 1 0.593017 0.242630 0.063226 0.002019 0.099108
0 1 0.558424 0.238358 0.055341 0.003070 0.144807
0 1 0.426354 0.296705 0.112792 0.007526 0.156623
2 1 0.150889 0.335678 0.354813 0.021678 0.136941
2 2 0.098870 0.310106 0.447868 0.027126 0.116031
2 2 0.003533 0.054732 0.936009 0.004064 0.001662
2 2 0.001806 0.029831 0.962381 0.005189 0.000793
2 2 0.000793 0.016481 0.975369 0.006943 0.000414
2 2 0.003697 0.039842 0.953973 0.002018 0.000470
2 2 0.078554 0.099765 0.818530 0.002332 0.000819
2 2 0.332707 0.115748 0.543227 0.006799 0.001519
0 2 0.744344 0.089964 0.150077 0.011666 0.003948
0 2 0.729055 0.097252 0.146603 0.020742 0.006349
0 0 0.766083 0.088617 0.110450 0.026784 0.008066
0 1 0.747835 0.113412 0.112656 0.014562 0.011535
0 1 0.634362 0.189246 0.148634 0.006058 0.021700
0 2 0.676764 0.181654 0.112829 0.004388 0.024365
0 2 0.692856 0.168027 0.107678 0.006564 0.024876
0 0 0.676791 0.168489 0.113442 0.011562 0.029716
0 0 0.491722 0.205880 0.249034 0.026200 0.027164
0 0 0.527746 0.186341 0.249008 0.019039 0.017866
0 1 0.759553 0.136069 0.068128 0.007852 0.028398
0 1 0.676142 0.193728 0.065136 0.004220 0.060775
0 1 0.615411 0.200018 0.035302 0.002394 0.146875
0 1 0.486755 0.262357 0.066152 0.003462 0.181273
2 1 0.041375 0.303129 0.398034 0.007263 0.250199
2 1 0.047861 0.313384 0.350637 0.005776 0.282341
4 4 0.062789 0.291520 0.181023 0.003470 0.461198
4 4 0.048417 0.215372 0.084206 0.001469 0.650537
4 4 0.056618 0.188521 0.045269 0.000402 0.709190
4 4 0.062845 0.175214 0.034629 0.000211 0.727101
4 4 0.049063 0.097042 0.021093 0.000070 0.832732
4 4 0.068785 0.091892 0.022446 0.000096 0.816781
4 4 0.080436 0.097610 0.017978 0.000055 0.803921
4 4 0.126463 0.125289 0.024055 0.000126 0.724067
4 4 0.128095 0.147515 0.034110 0.000296 0.689984
4 4 0.168622 0.173798 0.043126 0.000599 0.613855
4 4 0.180770 0.202899 0.039182 0.000459 0.576690
4 4 0.155407 0.199286 0.030004 0.000207 0.615097
4 4 0.144648 0.176854 0.028630 0.000183 0.649685
4 4 0.091888 0.153698 0.040085 0.000383 0.713946
4 4 0.058967 0.093789 0.031231 0.000215 0.815799
4 4 0.096313 0.095487 0.030887 0.000250 0.777063
4 4 0.166687 0.152016 0.022881 0.000117 0.658300
4 4 0.186414 0.202330 0.024724 0.000138 0.586395
4 4 0.132142 0.151925 0.018578 0.000060 0.697297
4 4 0.110811 0.153310 0.022503 0.000090 0.713285
4 4 0.120730 0.152174 0.016427 0.000041 0.710628
4 4 0.102500 0.160002 0.025529 0.000119 0.711850
4 4 0.073059 0.162401 0.039258 0.000322 0.724960
4 4 0.100791 0.189799 0.043342 0.000450 0.665617
4 4 0.108633 0.197965 0.041612 0.000412 0.651378
4 4 0.113561 0.194518 0.045934 0.000551 0.645435
4 4 0.124755 0.174966 0.034057 0.000270 0.665952
4 4 0.132633 0.205618 0.032042 0.000224 0.629483
4 4 0.132205 0.202491 0.027705 0.000153 0.637446
4 4 0.208009 0.213630 0.024874 0.000148 0.553339
4 4 0.291673 0.196233 0.015344 0.000056 0.496694
4 4 0.307397 0.207176 0.018758 0.000099 0.466569
4 0 0.183168 0.223863 0.031531 0.000230 0.561209
4 4 0.278407 0.218090 0.023666 0.000165 0.479672
4 4 0.301374 0.207840 0.019081 0.000101 0.471603
4 4 0.279273 0.231522 0.030289 0.000316 0.458600
4 4 0.146394 0.241922 0.049829 0.000624 0.561231
4 4 0.066047 0.226601 0.069084 0.000721 0.637548
4 4 0.044836 0.069000 0.020574 0.000078 0.865511
4 4 0.060232 0.067679 0.013582 0.000029 0.858478
4 4 0.057067 0.079438 0.016220 0.000042 0.847233
4 4 0.085131 0.122005 0.018064 0.000051 0.774750
4 4 0.127517 0.165751 0.013512 0.000024 0.693195
4 4 0.119061 0.184772 0.021309 0.000075 0.674783
4 4 0.053929 0.157965 0.033289 0.000188 0.754629
4 4 0.042224 0.121186 0.042375 0.000373 0.793842
4 4 0.058161 0.131046 0.053291 0.000739 0.756764
4 4 0.071701 0.142958 0.039727 0.000350 0.745265
4 4 0.081933 0.147351 0.029043 0.000159 0.741515
4 4 0.078224 0.160236 0.032089 0.000195 0.729256
4 4 0.064069 0.145289 0.042969 0.000410 0.747264
4 4 0.064902 0.136430 0.057692 0.000934 0.740042
4 4 0.064311 0.119209 0.059616 0.001088 0.755777
4 4 0.065528 0.125601 0.051749 0.000730 0.756393
4 4 0.070523 0.162889 0.046647 0.000502 0.719440
4 4 0.097404 0.178554 0.029639 0.000165 0.694237
4 4 0.134815 0.204283 0.028222 0.000161 0.632518
4 4 0.163302 0.199302 0.022225 0.000096 0.615075
4 4 0.068421 0.131255 0.017389 0.000041 0.782894
4 4 0.072800 0.159129 0.023779 0.000086 0.744206
4 4 0.053328 0.139075 0.051972 0.000651 0.754975
4 4 0.050789 0.100664 0.063735 0.001310 0.783502
4 4 0.068889 0.118267 0.073389 0.001968 0.737486
4 4 0.092600 0.153180 0.063790 0.001339 0.689091
4 4 0.124726 0.202237 0.047420 0.000621 0.624996
4 4 0.086246 0.209329 0.045624 0.000466 0.658335
4 4 0.046635 0.191067 0.058085 0.000727 0.703486
4 4 0.029595 0.183725 0.080791 0.001552 0.704337
4 4 0.042329 0.194365 0.068953 0.001111 0.693241
4 4 0.046862 0.211567 0.088666 0.002226 0.650678
4 4 0.031119 0.174960 0.062626 0.000806 0.730488
4 4 0.047275 0.198571 0.076042 0.001496 0.676616
4 4 0.055454 0.163748 0.081314 0.002055 0.697429
4 4 0.100186 0.191351 0.077227 0.002138 0.629098
4 4 0.129138 0.235209 0.053359 0.000833 0.581460
4 4 0.110015 0.232447 0.056226 0.000887 0.600425
4 4 0.067548 0.270807 0.126399 0.002014 0.533233
4 4 0.046427 0.289229 0.215683 0.003098 0.445563
4 4 0.023318 0.228291 0.192550 0.003984 0.551857
4 4 0.027192 0.240188 0.198504 0.004087 0.530029
4 4 0.030535 0.256010 0.216421 0.003915 0.493119
4 4 0.019150 0.244768 0.271209 0.003570 0.461304
2 4 0.015870 0.255310 0.380922 0.003162 0.344736
2 4 0.016370 0.256111 0.379115 0.003346 0.345058
2 4 0.019578 0.262273 0.395071 0.004956 0.318123
2 4 0.020350 0.259349 0.549582 0.005808 0.164912
2 4 0.073149 0.351608 0.377645 0.003328 0.194269
1 4 0.115017 0.378013 0.347320 0.002351 0.157298
1 0 0.136609 0.375568 0.344775 0.003236 0.139812
2 1 0.128546 0.371057 0.394660 0.002502 0.103235
1 1 0.218199 0.376831 0.262135 0.003516 0.139319
1 1 0.150491 0.377759 0.275216 0.003188 0.193345
1 1 0.078879 0.342376 0.236200 0.002178 0.340367
4 1 0.041224 0.315596 0.294335 0.001965 0.346880
4 1 0.052120 0.306014 0.233996 0.002916 0.404955
4 1 0.056697 0.296947 0.205777 0.003428 0.437151
4 1 0.070192 0.304963 0.189245 0.003258 0.432341
4 1 0.052780 0.307000 0.246748 0.003608 0.389864
2 1 0.014527 0.190788 0.751504 0.004129 0.039053
2 2 0.008556 0.137151 0.835561 0.002984 0.015749
2 2 0.008361 0.137751 0.835564 0.002579 0.015745
2 2 0.004300 0.096107 0.888183 0.003028 0.008382
2 2 0.003740 0.087126 0.899995 0.002694 0.006445
2 2 0.002497 0.061295 0.927538 0.004511 0.004159
2 2 0.002908 0.064945 0.925113 0.003801 0.003233
2 2 0.002103 0.047785 0.943007 0.004632 0.002473
2 2 0.004561 0.064222 0.921609 0.006243 0.003365
2 2 0.008282 0.085992 0.893776 0.007295 0.004655
2 2 0.014311 0.108393 0.870260 0.003465 0.003570
2 2 0.017431 0.117339 0.858070 0.003411 0.003749
2 2 0.013426 0.111376 0.867855 0.003281 0.004061
2 2 0.011122 0.095000 0.886830 0.003777 0.003271
2 2 0.008285 0.082521 0.900967 0.005109 0.003118
2 2 0.009275 0.089000 0.894267 0.004618 0.002840
2 2 0.001720 0.029327 0.954500 0.012847 0.001605
2 2 0.001624 0.029440 0.956292 0.010937 0.001706
2 2 0.001063 0.020672 0.961288 0.015521 0.001456
2 2 0.001444 0.029844 0.954878 0.011411 0.002423
2 2 0.000889 0.017096 0.959976 0.019834 0.002206
2 2 0.000759 0.015498 0.963859 0.018003 0.001881
2 2 0.000832 0.017284 0.964004 0.016001 0.001880
2 2 0.000681 0.014566 0.966865 0.016320 0.001568
2 2 0.000778 0.013170 0.957210 0.027751 0.001092
2 2 0.002399 0.027365 0.951872 0.017301 0.001063
2 2 0.006726 0.051115 0.928120 0.012532 0.001507
2 2 0.010019 0.077031 0.904069 0.006822 0.002059
2 2 0.020422 0.091211 0.880463 0.006116 0.001788
2 2 0.017490 0.087432 0.887091 0.006246 0.001742
2 2 0.034433 0.099628 0.861136 0.003425 0.001378
2 2 0.046321 0.096803 0.852458 0.003322 0.001097
2 1 0.079234 0.119555 0.793633 0.005651 0.001927
2 1 0.213101 0.154865 0.618551 0.009630 0.003852
2 1 0.259625 0.155749 0.553041 0.025464 0.006121
2 1 0.280402 0.184216 0.496227 0.028266 0.010890
2 2 0.090861 0.181035 0.705900 0.013608 0.008595
2 2 0.038855 0.128356 0.824801 0.004965 0.003023
2 2 0.017962 0.085289 0.892255 0.003266 0.001228
2 2 0.005678 0.060788 0.929588 0.002511 0.001435
2 2 0.001857 0.031733 0.960962 0.004629 0.000819
2 2 0.001522 0.024380 0.966489 0.007048 0.000561
2 2 0.001174 0.020014 0.963706 0.014383 0.000723
2 2 0.000739 0.012354 0.963806 0.022700 0.000402
2 2 0.000768 0.010904 0.950499 0.037340 0.000490
2 2 0.000909 0.013251 0.949682 0.035447 0.000710
2 2 0.000628 0.009113 0.945362 0.044270 0.000627
2 2 0.000685 0.009555 0.940287 0.048767 0.000707
2 2 0.000938 0.009089 0.904958 0.084345 0.000669
2 2 0.001130 0.010154 0.900858 0.087141 0.000718
2 2 0.000811 0.008241 0.927178 0.063382 0.000388
2 2 0.000701 0.009104 0.953965 0.035909 0.000321
2 1 0.000648 0.008889 0.965518 0.024704 0.000241
2 2 0.000655 0.009985 0.964127 0.024901 0.000333
2 2 0.000437 0.006234 0.953125 0.039967 0.000237
2 2 0.000504 0.006063 0.939889 0.053286 0.000258
2 2 0.000792 0.008461 0.921333 0.068897 0.000517
2 2 0.001158 0.009477 0.881315 0.107277 0.000773
2 2 0.001378 0.012878 0.897364 0.087257 0.001123
2 2 0.001460 0.013432 0.902168 0.081904 0.001037
2 2 0.009509 0.033779 0.677839 0.272115 0.006757
2 2 0.007387 0.032682 0.731720 0.221918 0.006292
2 2 0.004937 0.021354 0.703195 0.265934 0.004580
2 2 0.003784 0.019309 0.762345 0.211284 0.003278
2 2 0.003958 0.022613 0.798596 0.171397 0.003437
2 2 0.002659 0.017125 0.818888 0.158876 0.002452
2 2 0.002466 0.015557 0.823661 0.156355 0.001961
2 2 0.001815 0.011048 0.818756 0.167154 0.001227
2 2 0.002153 0.012459 0.807767 0.176146 0.001475
2 2 0.002677 0.012010 0.740487 0.243192 0.001633
2 2 0.003417 0.011666 0.658431 0.324708 0.001778
2 2 0.005031 0.014417 0.619944 0.358366 0.002243
2 2 0.008229 0.020884 0.583612 0.383455 0.003820
2 2 0.012699 0.033883 0.610058 0.336851 0.006508
2 2 0.019445 0.059475 0.641564 0.266969 0.012546
2 2 0.008824 0.035539 0.736622 0.213564 0.005452
2 2 0.008214 0.036559 0.751512 0.197762 0.005954
2 2 0.005352 0.032328 0.821694 0.136292 0.004333
2 2 0.002974 0.022464 0.865073 0.107026 0.002462
2 2 0.003991 0.039032 0.893819 0.058016 0.005142
2 2 0.004952 0.030554 0.839836 0.121341 0.003317
2 2 0.002636 0.013022 0.769845 0.212812 0.001685
2 2 0.003348 0.015427 0.744406 0.234473 0.002345
2 2 0.002442 0.011105 0.738998 0.245928 0.001527
2 2 0.004870 0.022329 0.753320 0.216019 0.003462
2 2 0.005106 0.024664 0.775360 0.191381 0.003488
2 2 0.004408 0.018845 0.750375 0.223895 0.002478
2 2 0.003359 0.015520 0.769184 0.210064 0.001873
2 2 0.002911 0.012521 0.751286 0.231847 0.001434
2 2 0.003016 0.014995 0.793000 0.187363 0.001626
2 2 0.003589 0.018279 0.804926 0.171270 0.001936
2 2 0.005421 0.022372 0.744367 0.224795 0.003045
2 2 0.007855 0.023526 0.637896 0.326558 0.004165
2 2 0.009373 0.025967 0.610894 0.348788 0.004978
2 2 0.008636 0.021584 0.557641 0.407444 0.004695
2 2 0.009385 0.021767 0.544515 0.419850 0.004483
2 2 0.010276 0.022223 0.501759 0.460276 0.005466
2 2 0.010178 0.022525 0.502999 0.458511 0.005788
2 2 0.009272 0.019371 0.490154 0.476610 0.004593
2 2 0.012332 0.027313 0.520151 0.433593 0.006611
2 2 0.011118 0.032506 0.642166 0.308416 0.005795
2 2 0.011918 0.024674 0.532490 0.426336 0.004582
3 2 0.013119 0.024723 0.465756 0.490201 0.006201
3 2 0.020792 0.037195 0.441834 0.488804 0.011375
3 2 0.016490 0.030538 0.442672 0.500881 0.009419
2 2 0.013563 0.027065 0.480578 0.471737 0.007057
2 2 0.012661 0.025945 0.499892 0.455396 0.006106
3 2 0.008482 0.015461 0.458367 0.514491 0.003199
2 2 0.014518 0.025789 0.494265 0.460737 0.004692
3 2 0.013300 0.019246 0.387083 0.575726 0.004645
3 2 0.016700 0.020005 0.329116 0.628843 0.005335
3 2 0.015243 0.016420 0.279110 0.684120 0.005107
3 2 0.022409 0.024521 0.306667 0.639286 0.007117
3 2 0.022612 0.023769 0.266000 0.678423 0.009196
3 2 0.026231 0.025394 0.237682 0.699375 0.011320
3 2 0.027559 0.035095 0.322088 0.601572 0.013686
3 2 0.024007 0.041182 0.435215 0.487137 0.012459
3 2 0.019121 0.032820 0.437988 0.500910 0.009162
3 2 0.020368 0.031888 0.416487 0.522659 0.008598
3 2 0.018280 0.027166 0.354879 0.589476 0.010199
3 2 0.037279 0.051717 0.330833 0.555777 0.024394
3 2 0.031743 0.039484 0.290381 0.618300 0.020092
3 2 0.022054 0.027302 0.272477 0.663569 0.014597
3 2 0.022395 0.027058 0.258058 0.676696 0.015793
3 2 0.026243 0.034793 0.272212 0.643658 0.023094
3 2 0.026213 0.038888 0.334104 0.581539 0.019256
3 2 0.013417 0.019624 0.326323 0.632581 0.008056
2 2 0.033458 0.057375 0.462053 0.432136 0.014978
2 2 0.087050 0.139011 0.583104 0.172265 0.018569
2 2 0.134513 0.195388 0.587834 0.061977 0.020288
2 0 0.158552 0.222059 0.549127 0.045404 0.024858
2 1 0.121933 0.217296 0.613324 0.028326 0.019121
2 2 0.152266 0.183408 0.646602 0.010782 0.006941
2 2 0.297766 0.161760 0.526159 0.009775 0.004540
0 2 0.423769 0.170033 0.389825 0.009861 0.006513
0 2 0.680746 0.116150 0.180204 0.015963 0.006936
0 2 0.665832 0.085498 0.188894 0.054752 0.005024
0 2 0.650928 0.087360 0.176174 0.078676 0.006862
0 2 0.403115 0.183570 0.339842 0.053822 0.019651
2 2 0.186530 0.265906 0.493824 0.022486 0.031254
2 2 0.023033 0.146472 0.816497 0.005959 0.008039
2 2 0.010990 0.122758 0.850447 0.006398 0.009407
2 2 0.005323 0.090100 0.889535 0.007751 0.007291
2 2 0.004858 0.075454 0.903200 0.010107 0.006380
2 2 0.005099 0.089178 0.885085 0.009515 0.011124
2 2 0.007389 0.111317 0.860003 0.009723 0.011568
2 2 0.004801 0.098819 0.855633 0.007217 0.033530
2 2 0.005122 0.099213 0.850687 0.008379 0.036599
2 2 0.006865 0.125986 0.799087 0.008102 0.059960
2 2 0.012577 0.196469 0.685306 0.007588 0.098059
2 2 0.017816 0.221100 0.657806 0.011124 0.092154
2 2 0.018118 0.219745 0.661375 0.011802 0.088960
2 2 0.020593 0.235936 0.626311 0.010485 0.106675
2 2 0.028018 0.243359 0.664084 0.004953 0.059586
2 2 0.123024 0.315747 0.527619 0.001892 0.031719
2 2 0.357979 0.259645 0.369733 0.001327 0.011317
0 2 0.649974 0.183319 0.153694 0.001694 0.011319
0 2 0.656081 0.198507 0.121243 0.002374 0.021795
0 2 0.434176 0.226499 0.315814 0.007566 0.015946
2 2 0.292201 0.259972 0.413028 0.011828 0.022971
2 2 0.010428 0.150485 0.800207 0.010750 0.028129
2 2 0.015644 0.203080 0.701110 0.011020 0.069146
2 2 0.022223 0.245085 0.586549 0.012415 0.133728
2 2 0.028465 0.271905 0.428884 0.011595 0.259151
2 2 0.026711 0.258185 0.537508 0.014903 0.162693
2 2 0.100765 0.335906 0.469919 0.005723 0.087688
2 2 0.184778 0.350661 0.396826 0.004314 0.063420
2 2 0.213081 0.353075 0.367823 0.004013 0.062008
2 2 0.224655 0.340075 0.379861 0.004879 0.050530
2 2 0.155731 0.284240 0.526920 0.008044 0.025065
2 2 0.131990 0.283155 0.554436 0.005739 0.024680
2 2 0.053858 0.228649 0.688250 0.006811 0.022433
2 2 0.026464 0.174775 0.780609 0.004726 0.013426
2 2 0.080973 0.202677 0.706851 0.002498 0.007001
2 2 0.167508 0.156960 0.668087 0.004472 0.002972
0 0 0.497561 0.154669 0.335409 0.007238 0.005123
0 0 0.689466 0.127821 0.159085 0.013795 0.009833
0 0 0.672312 0.147537 0.132886 0.024149 0.023116
0 1 0.650642 0.176126 0.131753 0.012791 0.028689
0 1 0.532156 0.268833 0.104386 0.004586 0.090039
1 1 0.163750 0.369324 0.322610 0.005282 0.139035
1 1 0.311900 0.355714 0.205999 0.004241 0.122146
1 1 0.227362 0.364168 0.289486 0.005868 0.113115
1 1 0.289672 0.362912 0.235767 0.003781 0.107867
0 1 0.395411 0.331035 0.199809 0.002723 0.071021
0 1 0.566058 0.258523 0.108351 0.002539 0.064529
0 1 0.557410 0.262949 0.095661 0.002540 0.081440
0 0 0.625329 0.224153 0.063327 0.002596 0.084595
0 0 0.753157 0.150681 0.026520 0.001405 0.068237
0 0 0.618405 0.211795 0.038166 0.001395 0.130238
1 1 0.288434 0.361327 0.172839 0.002825 0.174576
1 1 0.132806 0.352896 0.222331 0.004527 0.287441
4 1 0.100129 0.332644 0.202943 0.003757 0.360528
4 1 0.054066 0.319780 0.293963 0.003995 0.328196
1 1 0.068045 0.327881 0.290373 0.005431 0.308270
1 1 0.079030 0.331781 0.288561 0.006911 0.293718
1 1 0.125858 0.345162 0.237960 0.007079 0.283941
0 0 0.336279 0.330361 0.129576 0.004117 0.199667
1 1 0.320230 0.360362 0.185554 0.002649 0.131205
0 1 0.380192 0.347217 0.166867 0.001957 0.103766
2 1 0.027206 0.210289 0.699799 0.016375 0.046331
2 1 0.024671 0.185590 0.744976 0.016003 0.028760
2 1 0.006157 0.080445 0.890044 0.015982 0.007372
2 2 0.002894 0.044286 0.932761 0.016876 0.003183
2 2 0.001933 0.031832 0.949578 0.014666 0.001992
2 2 0.002664 0.041805 0.942331 0.010910 0.002290
2 2 0.002063 0.033924 0.952590 0.009942 0.001480
2 2 0.001524 0.027778 0.961692 0.007946 0.001061
2 2 0.002340 0.045763 0.943646 0.006117 0.002133
2 2 0.004908 0.079946 0.907623 0.003821 0.003702
2 2 0.004704 0.071165 0.915279 0.005559 0.003293
2 2 0.002102 0.039185 0.951735 0.005550 0.001429
2 2 0.001383 0.029497 0.961111 0.006698 0.001312
2 2 0.001208 0.024691 0.962902 0.009830 0.001368
2 2 0.002536 0.043832 0.940033 0.010262 0.003337
2 4 0.004354 0.071534 0.901801 0.012823 0.009488
2 4 0.009077 0.144153 0.804916 0.009210 0.032645
2 4 0.020789 0.236382 0.615053 0.012347 0.115430
2 4 0.031670 0.274366 0.392389 0.012970 0.288604
4 4 0.031665 0.269219 0.323803 0.010809 0.364504
1 4 0.281620 0.362900 0.274379 0.002973 0.078129
0 4 0.353552 0.350761 0.206790 0.002659 0.086238
0 0 0.371496 0.337265 0.192468 0.004532 0.094239
0 0 0.445244 0.298303 0.112487 0.005452 0.138514
1 4 0.182017 0.332470 0.152499 0.004897 0.328117
4 4 0.096195 0.224606 0.054964 0.000790 0.623445
4 4 0.069944 0.212704 0.059523 0.000870 0.656959
4 4 0.072319 0.182912 0.042029 0.000366 0.702374
4 4 0.063479 0.137859 0.041046 0.000371 0.757245
4 4 0.053693 0.113391 0.033318 0.000222 0.799376
4 4 0.058498 0.105524 0.029115 0.000167 0.806696
4 4 0.069080 0.117338 0.030959 0.000197 0.782427
4 4 0.061544 0.094483 0.026103 0.000135 0.817735
4 4 0.054873 0.090378 0.033412 0.000256 0.821082
4 4 0.046327 0.085329 0.031374 0.000211 0.836759
4 4 0.081369 0.107317 0.035725 0.000321 0.775268
4 4 0.096105 0.105885 0.039283 0.000445 0.758282
4 4 0.177869 0.149444 0.043739 0.000682 0.628266
4 0 0.362173 0.205037 0.053025 0.001981 0.377785
0 1 0.500211 0.219787 0.030313 0.000786 0.248903
4 4 0.033540 0.145667 0.048861 0.000461 0.771471
4 4 0.037880 0.134263 0.037395 0.000245 0.790216
4 4 0.050970 0.180204 0.047990 0.000460 0.720377
4 4 0.058856 0.190718 0.045581 0.000413 0.704432
4 4 0.095019 0.213610 0.045270 0.000473 0.645628
4 4 0.099816 0.205195 0.036940 0.000285 0.657765
4 4 0.067206 0.161048 0.044380 0.000434 0.726932
4 4 0.086337 0.172688 0.046154 0.000517 0.694304
4 4 0.143946 0.181757 0.038880 0.000408 0.635009
4 4 0.200350 0.226415 0.032098 0.000281 0.540856
4 4 0.157623 0.208089 0.026925 0.000154 0.607209
4 4 0.063840 0.188773 0.040461 0.000311 0.706615
4 4 0.049161 0.171677 0.036380 0.000222 0.742560
4 4 0.055075 0.173244 0.033679 0.000187 0.737814
4 4 0.085315 0.194142 0.034318 0.000223 0.686002
4 4 0.068397 0.194439 0.042462 0.000359 0.694343
