4 2 0.046223 0.149130 0.230377 0.030906 0.543364
4 2 0.078796 0.147585 0.199270 0.037126 0.537222
4 4 0.178480 0.095847 0.030659 0.002036 0.692978
4 4 0.192515 0.072293 0.025628 0.003333 0.706231
4 4 0.250994 0.069850 0.021932 0.002955 0.654269
4 4 0.226652 0.087562 0.034805 0.004785 0.646196
4 4 0.295770 0.094401 0.033651 0.004115 0.572064
4 4 0.346640 0.063319 0.017879 0.002881 0.569280
4 4 0.401973 0.068295 0.027877 0.008656 0.493199
4 4 0.374667 0.120686 0.055867 0.008698 0.440082
4 4 0.302121 0.146021 0.083684 0.012321 0.455854
0 4 0.432490 0.148829 0.052641 0.003842 0.362198
0 4 0.491580 0.131240 0.039667 0.002801 0.334712
0 4 0.498746 0.131789 0.025097 0.000761 0.343607
4 4 0.314091 0.184324 0.031905 0.000377 0.469303
4 4 0.209935 0.153080 0.019901 0.000139 0.616944
4 4 0.143317 0.202967 0.021635 0.000049 0.632032
4 4 0.170619 0.144617 0.015475 0.000069 0.669219
4 4 0.186115 0.124021 0.010672 0.000043 0.679149
4 4 0.157608 0.072508 0.010725 0.000231 0.758929
4 4 0.202273 0.078308 0.024732 0.002401 0.692285
4 4 0.358790 0.102202 0.036040 0.004341 0.498627
4 4 0.356935 0.181579 0.053710 0.001863 0.405914
4 4 0.254253 0.286749 0.129337 0.002868 0.326792
1 4 0.243254 0.309380 0.222871 0.004866 0.219629
0 4 0.424582 0.254705 0.189689 0.008151 0.122874
0 4 0.620648 0.183464 0.098484 0.007177 0.090228
0 4 0.646246 0.171234 0.100613 0.008465 0.073443
0 4 0.595662 0.191802 0.105137 0.007647 0.099753
0 4 0.447223 0.240644 0.104348 0.004442 0.203343
4 4 0.170898 0.176132 0.132727 0.015348 0.504896
4 4 0.074320 0.157702 0.282109 0.061154 0.424714
4 2 0.057545 0.143109 0.233854 0.046872 0.518621
4 2 0.062245 0.162771 0.267337 0.045519 0.462128
2 2 0.043707 0.185020 0.380045 0.036785 0.354444
2 2 0.019961 0.141309 0.698246 0.057028 0.083456
2 2 0.019178 0.124068 0.742466 0.067776 0.046513
2 2 0.019440 0.105608 0.731577 0.108953 0.034422
2 2 0.017002 0.061495 0.620398 0.286331 0.014774
3 2 0.012403 0.032193 0.394959 0.548227 0.012218
3 3 0.003837 0.006461 0.113917 0.871283 0.004502
3 3 0.004048 0.005222 0.085694 0.899947 0.005090
3 3 0.008333 0.007323 0.087226 0.887774 0.009343
3 3 0.012057 0.009918 0.103992 0.862272 0.011760
3 3 0.010120 0.008524 0.096245 0.875050 0.010060
3 3 0.006106 0.006875 0.094449 0.885264 0.007306
3 3 0.005232 0.006404 0.094616 0.887416 0.006332
3 3 0.003969 0.004472 0.071901 0.914442 0.005216
3 3 0.003919 0.004809 0.079066 0.907171 0.005035
3 3 0.003045 0.003647 0.065363 0.923792 0.004153
3 3 0.002906 0.004226 0.080226 0.908865 0.003778
3 3 0.003290 0.004512 0.080893 0.907063 0.004242
3 3 0.006305 0.007851 0.110701 0.868316 0.006827
3 3 0.003144 0.004106 0.074073 0.914525 0.004153
3 3 0.002488 0.003611 0.072500 0.918057 0.003343
3 3 0.002843 0.003983 0.075632 0.913786 0.003755
3 3 0.003773 0.005382 0.093696 0.892676 0.004473
3 3 0.001589 0.002339 0.055334 0.938407 0.002331
3 3 0.000890 0.001410 0.041649 0.954615 0.001437
3 3 0.000997 0.001621 0.046249 0.949570 0.001562
3 3 0.000918 0.000979 0.026129 0.970325 0.001649
3 3 0.000955 0.001233 0.033895 0.962305 0.001612
3 3 0.001103 0.001355 0.035029 0.960680 0.001834
3 3 0.001593 0.001605 0.034885 0.959315 0.002602
3 3 0.001451 0.001674 0.038738 0.955813 0.002325
3 3 0.001423 0.001280 0.028191 0.966649 0.002457
3 3 0.000874 0.000867 0.023142 0.973501 0.001617
3 3 0.000626 0.000540 0.015674 0.981873 0.001287
3 3 0.000487 0.000482 0.015775 0.982245 0.001011
3 3 0.000529 0.000781 0.027227 0.970495 0.000968
3 3 0.000865 0.001349 0.040100 0.956274 0.001411
3 3 0.001141 0.001759 0.047288 0.948045 0.001767
3 3 0.001157 0.001987 0.054404 0.940721 0.001731
3 3 0.001210 0.001830 0.047985 0.947113 0.001861
3 3 0.000789 0.001283 0.039764 0.956868 0.001295
3 3 0.000880 0.001018 0.028090 0.968455 0.001558
3 3 0.000935 0.001081 0.029224 0.967126 0.001634
3 3 0.000797 0.000860 0.024181 0.972696 0.001466
3 3 0.001140 0.001134 0.027622 0.968104 0.001999
3 3 0.001230 0.001235 0.029363 0.966053 0.002119
3 3 0.000529 0.000659 0.022110 0.975688 0.001014
3 3 0.000557 0.000613 0.019624 0.978113 0.001093
3 3 0.000808 0.000876 0.024551 0.972286 0.001480
3 3 0.000606 0.000693 0.021727 0.975816 0.001158
3 3 0.000579 0.000746 0.024419 0.973176 0.001080
3 3 0.000641 0.000832 0.026313 0.971045 0.001170
3 3 0.000733 0.000922 0.027655 0.969377 0.001313
3 3 0.000526 0.000753 0.026112 0.971639 0.000970
3 3 0.000698 0.000956 0.029759 0.967354 0.001233
3 3 0.000383 0.000474 0.017736 0.980623 0.000784
3 3 0.000474 0.000481 0.015960 0.982102 0.000983
3 3 0.000698 0.000590 0.016400 0.980902 0.001411
3 3 0.000643 0.000582 0.016928 0.980552 0.001296
3 3 0.000643 0.000720 0.022012 0.975405 0.001221
3 3 0.001008 0.001181 0.031161 0.964920 0.001730
3 3 0.000994 0.001067 0.027753 0.968434 0.001753
3 3 0.001006 0.000923 0.023047 0.973173 0.001850
3 3 0.000628 0.000572 0.016798 0.980732 0.001270
3 0 0.007675 0.002773 0.029746 0.950467 0.009340
3 1 0.052664 0.009521 0.047607 0.852464 0.037744
0 2 0.863957 0.029915 0.012939 0.012615 0.080574
0 0 0.854824 0.049951 0.019780 0.007239 0.068206
0 0 0.799007 0.087617 0.038570 0.007196 0.067610
0 0 0.754714 0.116103 0.053713 0.007097 0.068372
0 0 0.478447 0.187041 0.101361 0.010417 0.222733
4 0 0.237515 0.259394 0.142049 0.005766 0.355276
4 0 0.183292 0.203008 0.164999 0.017402 0.431298
4 1 0.207135 0.198331 0.192092 0.027647 0.374796
4 1 0.202402 0.142864 0.155519 0.053322 0.445892
4 1 0.257617 0.176005 0.185479 0.047312 0.333586
4 1 0.217544 0.139714 0.199272 0.104077 0.339393
4 1 0.261629 0.087714 0.121029 0.148815 0.380813
4 1 0.228130 0.081693 0.110985 0.137860 0.441332
4 2 0.197384 0.110235 0.155971 0.114333 0.422077
4 2 0.165772 0.114442 0.214318 0.180821 0.324647
2 2 0.095769 0.130897 0.310861 0.171439 0.291035
4 2 0.113712 0.127036 0.232973 0.129672 0.396606
2 2 0.054362 0.148948 0.522610 0.123507 0.150574
2 2 0.072562 0.181591 0.540674 0.088085 0.117088
2 2 0.124578 0.261785 0.403909 0.022927 0.186802
2 1 0.021557 0.104803 0.733451 0.108487 0.031703
2 2 0.022453 0.103742 0.716508 0.124939 0.032357
2 2 0.016813 0.071199 0.678139 0.214334 0.019514
2 2 0.021215 0.081823 0.658238 0.210219 0.028505
2 2 0.015318 0.061651 0.645900 0.261485 0.015645
2 2 0.021602 0.095240 0.702526 0.151194 0.029439
2 2 0.035243 0.105842 0.634865 0.185016 0.039035
2 2 0.076988 0.130224 0.561267 0.186594 0.044927
2 2 0.074855 0.113238 0.514924 0.253691 0.043291
2 2 0.158212 0.181112 0.492323 0.105014 0.063340
2 2 0.083838 0.177381 0.582842 0.083391 0.072548
2 1 0.111795 0.177975 0.586627 0.074479 0.049124
2 2 0.199991 0.213800 0.457029 0.054173 0.075007
2 2 0.110589 0.178705 0.561103 0.087047 0.062556
2 2 0.056752 0.164926 0.637952 0.074933 0.065438
2 2 0.025050 0.123182 0.733798 0.076597 0.041374
2 2 0.029939 0.119987 0.701553 0.107785 0.040736
2 2 0.039412 0.149235 0.664165 0.083040 0.064148
2 2 0.026522 0.095430 0.692208 0.159492 0.026349
2 2 0.047240 0.104596 0.587178 0.226755 0.034232
2 2 0.043549 0.148808 0.686120 0.071261 0.050262
2 2 0.034679 0.103439 0.687252 0.148908 0.025722
2 2 0.022244 0.074671 0.642087 0.242511 0.018488
2 2 0.017587 0.068087 0.663257 0.235577 0.015491
2 2 0.014885 0.061483 0.662885 0.246819 0.013929
2 2 0.015377 0.066634 0.692644 0.210991 0.014354
2 2 0.016984 0.065876 0.659865 0.241858 0.015417
2 2 0.015377 0.050406 0.553308 0.366654 0.014255
2 2 0.037129 0.075542 0.511936 0.348203 0.027190
2 2 0.030344 0.065360 0.489857 0.391534 0.022904
2 2 0.120227 0.142316 0.480226 0.205559 0.051672
2 2 0.180072 0.125465 0.348648 0.268438 0.077377
0 2 0.296384 0.133954 0.257016 0.194037 0.118609
0 2 0.386888 0.165615 0.179237 0.062338 0.205923
0 2 0.333295 0.248665 0.235408 0.020125 0.162507
0 2 0.345152 0.255218 0.220344 0.015190 0.164096
2 2 0.270013 0.263915 0.287359 0.018820 0.159893
2 2 0.249125 0.241995 0.370969 0.033233 0.104677
2 1 0.269638 0.230426 0.387306 0.034594 0.078036
2 1 0.252657 0.286930 0.288209 0.011344 0.160861
0 1 0.343287 0.230901 0.167968 0.012221 0.245623
0 1 0.357169 0.196046 0.204098 0.035511 0.207177
0 1 0.557007 0.142030 0.104415 0.028250 0.168298
0 0 0.636540 0.146569 0.091482 0.016186 0.109223
0 1 0.644208 0.158414 0.071200 0.006440 0.119739
0 1 0.570270 0.182225 0.069511 0.004031 0.173963
0 1 0.424526 0.197257 0.069632 0.003081 0.305503
0 1 0.467079 0.163108 0.066897 0.005546 0.297370
0 1 0.408582 0.143949 0.093380 0.020313 0.333776
0 1 0.424891 0.161385 0.094409 0.014310 0.305005
0 1 0.372150 0.215755 0.128526 0.010665 0.272903
0 1 0.522579 0.196138 0.108006 0.009882 0.163395
0 0 0.613584 0.155481 0.076510 0.008821 0.145605
0 1 0.626652 0.186284 0.087814 0.005012 0.094238
0 1 0.616970 0.184905 0.109189 0.007826 0.081109
0 1 0.634833 0.179565 0.094064 0.006548 0.084989
0 1 0.676124 0.165081 0.065631 0.004051 0.089113
0 1 0.548595 0.213514 0.111794 0.006097 0.120000
0 1 0.380473 0.266266 0.186462 0.007835 0.158964
0 1 0.542730 0.219723 0.097883 0.004128 0.135535
0 2 0.470752 0.216911 0.137122 0.011935 0.163280
0 2 0.650154 0.149860 0.065315 0.006288 0.128382
0 2 0.631809 0.148234 0.048693 0.003098 0.168167
0 1 0.521592 0.173768 0.067717 0.004607 0.232316
0 1 0.395608 0.247539 0.104933 0.003597 0.248324
0 1 0.449111 0.194914 0.067533 0.002998 0.285445
0 1 0.563568 0.190986 0.060135 0.002306 0.183005
0 1 0.521246 0.225795 0.067679 0.001737 0.183542
0 1 0.501228 0.230112 0.078735 0.002455 0.187469
0 1 0.508205 0.233500 0.094115 0.003127 0.161053
1 2 0.282585 0.296724 0.208590 0.005777 0.206324
2 2 0.156010 0.278566 0.377704 0.014579 0.173141
2 2 0.101510 0.225641 0.480492 0.044427 0.147931
2 2 0.081099 0.184152 0.544254 0.087231 0.103264
2 2 0.077466 0.159001 0.576835 0.118648 0.068049
2 2 0.061644 0.104295 0.525863 0.266838 0.041360
2 2 0.153643 0.182167 0.501205 0.099859 0.063126
0 1 0.421954 0.223705 0.203141 0.022996 0.128205
0 2 0.349295 0.265678 0.197756 0.010020 0.177250
1 2 0.181996 0.286791 0.261157 0.010156 0.259900
0 2 0.551987 0.212467 0.104375 0.005520 0.125651
0 0 0.752406 0.131485 0.053970 0.004399 0.057741
0 0 0.733492 0.145690 0.061891 0.003402 0.055525
0 1 0.620851 0.199387 0.077604 0.002497 0.099661
0 1 0.562960 0.201422 0.149260 0.010425 0.075933
0 1 0.552869 0.197801 0.164281 0.015821 0.069228
0 1 0.448380 0.205316 0.230777 0.035244 0.080283
0 1 0.573615 0.193514 0.141949 0.012246 0.078676
2 1 0.222087 0.237850 0.449022 0.025450 0.065592
2 2 0.256828 0.272488 0.397480 0.008118 0.065086
2 2 0.075139 0.192073 0.661785 0.025012 0.045991
2 2 0.007670 0.065648 0.852341 0.063896 0.010446
2 2 0.001226 0.023954 0.863562 0.109088 0.002169
2 2 0.000785 0.017067 0.809359 0.171430 0.001359
2 2 0.001724 0.022655 0.740608 0.232572 0.002440
2 2 0.001152 0.018993 0.758266 0.219819 0.001770
2 2 0.002414 0.027504 0.749565 0.217318 0.003199
2 2 0.002514 0.027254 0.731072 0.235927 0.003232
2 4 0.010974 0.054474 0.686464 0.237963 0.010125
2 4 0.065150 0.136916 0.643532 0.118919 0.035483
4 4 0.373696 0.129450 0.024373 0.000656 0.471826
4 4 0.380660 0.071559 0.022318 0.003820 0.521644
4 4 0.304240 0.083975 0.034165 0.006484 0.571135
4 4 0.353775 0.057937 0.024315 0.009405 0.554568
0 4 0.480592 0.045701 0.017951 0.010331 0.445425
4 4 0.366590 0.039918 0.019094 0.016583 0.557816
4 4 0.414926 0.042078 0.016078 0.009230 0.517688
4 4 0.423969 0.035067 0.013281 0.009907 0.517776
4 4 0.441226 0.033864 0.012686 0.009970 0.502255
4 4 0.285643 0.032487 0.012680 0.008617 0.660574
4 4 0.342626 0.030767 0.008591 0.003861 0.614155
4 4 0.328024 0.040132 0.011321 0.003424 0.617099
0 4 0.457182 0.064422 0.020438 0.004663 0.453296
4 4 0.297152 0.137638 0.051691 0.003888 0.509631
4 4 0.158372 0.109396 0.057933 0.007203 0.667096
4 4 0.137895 0.135253 0.080496 0.007929 0.638427
4 4 0.099862 0.117928 0.081491 0.009870 0.690849
4 4 0.105107 0.096382 0.084697 0.022487 0.691326
4 4 0.095308 0.109904 0.093868 0.017788 0.683133
4 4 0.133189 0.193478 0.154681 0.013827 0.504825
2 4 0.029255 0.147297 0.706134 0.056856 0.060458
2 2 0.014727 0.091993 0.781463 0.088133 0.023684
2 2 0.021075 0.112483 0.775691 0.061126 0.029625
2 2 0.011581 0.083464 0.804597 0.080919 0.019439
2 2 0.007441 0.054779 0.798121 0.130639 0.009020
2 2 0.016987 0.076242 0.733183 0.156858 0.016730
2 2 0.035162 0.101930 0.679417 0.158598 0.024893
2 2 0.103902 0.167193 0.596325 0.089676 0.042904
2 0 0.202756 0.200443 0.459595 0.074066 0.063140
2 0 0.266027 0.227457 0.394235 0.037800 0.074481
0 1 0.607801 0.185742 0.120956 0.009243 0.076257
0 1 0.535374 0.215944 0.145131 0.008377 0.095175
0 1 0.404229 0.268869 0.108151 0.002491 0.216259
4 1 0.332088 0.226507 0.091901 0.003651 0.345853
0 1 0.406558 0.201410 0.078150 0.003876 0.310007
0 0 0.519360 0.184000 0.091648 0.008384 0.196608
0 1 0.686599 0.157165 0.061328 0.004013 0.090895
0 1 0.611719 0.193031 0.062489 0.002290 0.130470
0 1 0.736028 0.143470 0.046587 0.002344 0.071572
0 1 0.504972 0.231105 0.102016 0.004091 0.157816
0 1 0.301896 0.274183 0.151855 0.005767 0.266298
1 1 0.269515 0.274630 0.215805 0.011063 0.228988
2 2 0.194563 0.251058 0.383135 0.031310 0.139934
2 1 0.173669 0.243365 0.418792 0.035371 0.128803
2 1 0.173412 0.235357 0.411574 0.043032 0.136625
2 1 0.161518 0.246323 0.403233 0.033492 0.155433
2 2 0.124484 0.228579 0.473897 0.043904 0.129135
2 2 0.043420 0.175933 0.650660 0.048104 0.081884
2 2 0.036693 0.162893 0.670172 0.055130 0.075113
2 2 0.038232 0.150201 0.678336 0.071337 0.061894
2 2 0.039685 0.125894 0.697554 0.098955 0.037912
2 2 0.014713 0.083771 0.813726 0.072963 0.014827
2 2 0.022094 0.105835 0.803969 0.049598 0.018504
2 2 0.050620 0.153819 0.730630 0.035514 0.029418
2 2 0.067568 0.173758 0.690178 0.031989 0.036507
2 2 0.045686 0.159117 0.737352 0.026214 0.031630
2 2 0.045543 0.145475 0.745239 0.037885 0.025858
2 1 0.046047 0.145999 0.746523 0.036680 0.024751
2 2 0.064959 0.167398 0.685587 0.044776 0.037281
2 2 0.022805 0.101550 0.792320 0.066307 0.017019
2 2 0.006859 0.049985 0.775613 0.159475 0.008067
2 2 0.008322 0.054674 0.772094 0.155973 0.008936
2 2 0.005124 0.043325 0.783163 0.162039 0.006350
2 2 0.006199 0.043413 0.727695 0.215805 0.006889
2 2 0.008617 0.053143 0.750917 0.178797 0.008527
2 2 0.021285 0.087159 0.754278 0.121242 0.016036
2 2 0.022556 0.094485 0.773866 0.092375 0.016718
2 1 0.030497 0.099901 0.718342 0.130460 0.020800
2 1 0.061130 0.138861 0.664656 0.100693 0.034660
2 2 0.019815 0.104135 0.741165 0.103162 0.031722
2 2 0.026526 0.134948 0.710606 0.074480 0.053441
2 2 0.017082 0.094238 0.749234 0.109510 0.029935
2 2 0.020429 0.096941 0.724140 0.125636 0.032854
2 2 0.010900 0.086032 0.816967 0.065140 0.020960
2 2 0.008617 0.067755 0.828758 0.082397 0.012473
2 2 0.004359 0.047982 0.864215 0.076898 0.006547
2 2 0.003502 0.040629 0.849039 0.101653 0.005177
2 2 0.003593 0.038926 0.824545 0.127906 0.005030
2 2 0.003805 0.037136 0.785497 0.168620 0.004942
2 2 0.006134 0.042969 0.724940 0.219155 0.006802
2 2 0.003074 0.026822 0.661398 0.305038 0.003668
2 2 0.002195 0.017158 0.509864 0.468054 0.002729
2 2 0.002317 0.018955 0.550773 0.425046 0.002909
3 2 0.002702 0.014614 0.388873 0.590378 0.003433
3 2 0.002919 0.013638 0.346981 0.632681 0.003782
3 2 0.002519 0.014496 0.406102 0.573501 0.003381
3 2 0.001447 0.012127 0.456038 0.528221 0.002167
2 2 0.002677 0.018274 0.497134 0.478529 0.003386
2 2 0.003228 0.020458 0.506135 0.466231 0.003948
2 2 0.004742 0.025851 0.519729 0.444481 0.005198
2 2 0.003874 0.022991 0.519923 0.448568 0.004644
3 2 0.003816 0.019517 0.446499 0.525399 0.004769
3 2 0.005183 0.021749 0.423716 0.543222 0.006130
3 2 0.006327 0.020487 0.353025 0.612961 0.007199
3 2 0.005166 0.019029 0.360855 0.609100 0.005850
2 2 0.005907 0.028595 0.516851 0.442257 0.006389
2 2 0.010322 0.044757 0.593076 0.342181 0.009665
2 2 0.008035 0.037371 0.568483 0.378182 0.007930
3 2 0.006595 0.027864 0.468844 0.490032 0.006665
3 3 0.003895 0.015344 0.323597 0.652913 0.004252
3 2 0.002750 0.008471 0.204285 0.780794 0.003701
3 2 0.001353 0.003426 0.100585 0.892636 0.002000
3 2 0.000911 0.002498 0.086444 0.908702 0.001445
3 2 0.001914 0.004737 0.118870 0.872015 0.002464
3 3 0.008235 0.017633 0.238746 0.727859 0.007527
2 2 0.062649 0.092581 0.487072 0.331492 0.026206
2 3 0.041577 0.080789 0.534813 0.326006 0.016814
2 2 0.021955 0.067726 0.613461 0.283351 0.013507
2 3 0.037146 0.083960 0.574610 0.284820 0.019464
3 3 0.039380 0.064136 0.426799 0.447995 0.021690
3 2 0.025396 0.037469 0.305493 0.613292 0.018350
3 2 0.011046 0.022410 0.269785 0.686747 0.010012
2 2 0.039993 0.088417 0.585039 0.266636 0.019914
2 2 0.142171 0.166712 0.513792 0.129420 0.047906
2 0 0.256303 0.192417 0.379037 0.097877 0.074365
0 1 0.344185 0.207085 0.303468 0.057789 0.087474
0 2 0.500064 0.190911 0.188140 0.035262 0.085624
0 1 0.592130 0.174665 0.127040 0.019265 0.086900
0 1 0.342502 0.157021 0.240896 0.119201 0.140381
0 1 0.469111 0.156799 0.126759 0.033519 0.213811
4 1 0.326244 0.210449 0.088307 0.004214 0.370787
4 1 0.210337 0.288285 0.142728 0.003195 0.355456
4 1 0.178480 0.213097 0.092357 0.003035 0.513030
4 1 0.165812 0.151514 0.063237 0.003192 0.616246
4 1 0.231197 0.181640 0.058707 0.001803 0.526652
0 1 0.458951 0.141553 0.044311 0.002883 0.352302
0 1 0.680198 0.135596 0.036744 0.001852 0.145610
0 1 0.638575 0.137477 0.099146 0.024286 0.100517
0 1 0.692622 0.120245 0.075842 0.018189 0.093103
0 0 0.661669 0.151213 0.091453 0.013252 0.082413
0 1 0.870871 0.061315 0.018222 0.002489 0.047103
0 1 0.895416 0.061492 0.012576 0.000702 0.029813
0 1 0.888828 0.067906 0.013726 0.000638 0.028902
0 0 0.814440 0.100423 0.033474 0.002697 0.048966
0 0 0.710351 0.142095 0.074756 0.008313 0.064485
0 0 0.855763 0.070368 0.022068 0.002751 0.049050
0 0 0.877845 0.072079 0.016304 0.000903 0.032868
0 0 0.925947 0.047270 0.006758 0.000238 0.019786
0 0 0.909475 0.061508 0.009051 0.000228 0.019739
0 0 0.881317 0.076646 0.014801 0.000508 0.026728
0 0 0.915119 0.043678 0.008946 0.000851 0.031406
0 0 0.934197 0.034532 0.005761 0.000476 0.025034
0 0 0.957505 0.022899 0.002682 0.000173 0.016741
0 0 0.961807 0.021292 0.002222 0.000120 0.014559
0 0 0.902824 0.065207 0.010302 0.000281 0.021385
0 0 0.800214 0.115488 0.037321 0.002021 0.044956
0 0 0.679413 0.179341 0.085447 0.002401 0.053398
0 0 0.552237 0.223773 0.154374 0.004500 0.065117
0 0 0.360571 0.290920 0.236841 0.004619 0.107049
1 0 0.284804 0.304526 0.275470 0.005416 0.129783
1 1 0.269272 0.299448 0.292546 0.006754 0.131980
2 1 0.224481 0.286136 0.319944 0.011669 0.157770
2 1 0.133059 0.268048 0.434782 0.016355 0.147756
2 1 0.155871 0.265631 0.384549 0.020288 0.173660
2 1 0.083957 0.197147 0.539943 0.065985 0.112968
2 2 0.062254 0.158765 0.601289 0.105173 0.072518
2 2 0.039818 0.105330 0.644449 0.178895 0.031509
2 2 0.030291 0.101423 0.716586 0.128223 0.023478
2 2 0.024691 0.095865 0.750955 0.109163 0.019325
2 2 0.013613 0.075004 0.798664 0.100398 0.012321
2 2 0.096341 0.198627 0.630029 0.028254 0.046750
2 2 0.069800 0.161580 0.683430 0.052044 0.033146
2 2 0.060566 0.155409 0.712155 0.044904 0.026967
2 2 0.071820 0.175113 0.688426 0.031852 0.032789
2 2 0.028137 0.113003 0.784209 0.055794 0.018856
2 1 0.024111 0.105655 0.793888 0.058560 0.017787
2 2 0.055464 0.154626 0.713384 0.044109 0.032418
2 2 0.098669 0.190363 0.628802 0.038382 0.043784
2 1 0.086585 0.180619 0.658157 0.038812 0.035827
2 1 0.092856 0.191321 0.650531 0.029443 0.035849
2 1 0.128239 0.218457 0.578122 0.023817 0.051365
2 1 0.151321 0.278852 0.422531 0.013453 0.133842
2 1 0.081583 0.230665 0.621218 0.010699 0.055835
2 1 0.082624 0.188591 0.656123 0.029479 0.043183
2 2 0.134817 0.222507 0.563327 0.023356 0.055993
2 2 0.073967 0.167765 0.663007 0.052651 0.042610
2 2 0.022974 0.108875 0.749832 0.087236 0.031084
2 2 0.006633 0.052320 0.806321 0.126443 0.008282
2 2 0.006667 0.063578 0.839728 0.077623 0.012404
2 2 0.006518 0.068411 0.862532 0.050162 0.012377
2 2 0.005979 0.054203 0.843647 0.087944 0.008227
2 2 0.005693 0.052657 0.843519 0.090265 0.007866
2 2 0.006456 0.056838 0.844372 0.083489 0.008845
2 2 0.007450 0.057611 0.819125 0.106373 0.009441
2 2 0.010022 0.064450 0.795079 0.118748 0.011701
2 2 0.008732 0.058907 0.791481 0.130784 0.010095
2 2 0.007011 0.051328 0.782921 0.150415 0.008325
2 2 0.006033 0.046542 0.774632 0.165585 0.007209
2 2 0.009482 0.056603 0.748299 0.175386 0.010230
2 2 0.008314 0.049491 0.714283 0.219152 0.008759
2 2 0.005010 0.032624 0.644281 0.312030 0.006055
2 2 0.004117 0.029701 0.643679 0.317531 0.004972
2 2 0.003046 0.026359 0.668549 0.298027 0.004019
2 2 0.003052 0.029676 0.721568 0.241945 0.003758
2 2 0.002567 0.026714 0.714889 0.252541 0.003290
2 2 0.002922 0.027056 0.690706 0.275533 0.003784
2 2 0.005104 0.037170 0.706208 0.245450 0.006068
2 2 0.005355 0.034401 0.651314 0.302659 0.006271
2 2 0.005008 0.037054 0.700896 0.251444 0.005598
2 2 0.005978 0.032176 0.571555 0.384033 0.006258
3 2 0.008431 0.023891 0.363969 0.593838 0.009871
3 2 0.003403 0.010443 0.232767 0.748905 0.004481
3 2 0.003670 0.010129 0.212653 0.768859 0.004688
3 2 0.003929 0.012923 0.269930 0.708522 0.004694
3 2 0.006281 0.015034 0.238033 0.734169 0.006483
3 2 0.004464 0.012726 0.238952 0.739033 0.004825
3 2 0.004777 0.010092 0.170139 0.810016 0.004976
3 3 0.005421 0.013441 0.225481 0.750064 0.005592
3 3 0.007813 0.015689 0.216160 0.752870 0.007467
3 3 0.006802 0.018038 0.285828 0.682145 0.007186
3 3 0.004431 0.013960 0.277483 0.698808 0.005318
3 3 0.004918 0.015830 0.304852 0.668467 0.005933
3 3 0.005672 0.012829 0.215236 0.759700 0.006563
3 3 0.004139 0.008443 0.153227 0.829359 0.004832
3 3 0.004000 0.006850 0.119286 0.865235 0.004628
3 3 0.002868 0.004550 0.088331 0.900605 0.003645
3 3 0.002532 0.003928 0.079429 0.910786 0.003325
3 2 0.002976 0.004373 0.082462 0.906350 0.003839
3 2 0.002983 0.005200 0.101374 0.886790 0.003654
3 2 0.006038 0.010796 0.161714 0.815152 0.006299
2 2 0.020234 0.058718 0.549084 0.355009 0.016956
2 2 0.021593 0.056071 0.504921 0.400085 0.017329
2 2 0.064886 0.113061 0.553876 0.234413 0.033765
2 2 0.133104 0.153871 0.492516 0.169813 0.050696
2 2 0.112741 0.158331 0.557947 0.127507 0.043474
2 2 0.093264 0.160052 0.611626 0.094935 0.040122
2 1 0.126119 0.193270 0.571588 0.055577 0.053445
2 1 0.107099 0.190386 0.600215 0.048602 0.053698
2 2 0.054316 0.162055 0.686459 0.049206 0.047964
2 2 0.051895 0.162866 0.696207 0.043016 0.046015
2 2 0.037874 0.136439 0.754305 0.042462 0.028920
2 2 0.063272 0.165001 0.677301 0.049685 0.044742
2 1 0.082722 0.167921 0.650572 0.060041 0.038743
2 1 0.077809 0.164084 0.655280 0.063185 0.039642
2 1 0.112137 0.238461 0.517496 0.028575 0.103331
2 1 0.121406 0.295391 0.472300 0.005865 0.105038
2 1 0.194618 0.294404 0.374930 0.008824 0.127224
2 2 0.256658 0.295347 0.344925 0.006550 0.096521
2 2 0.192567 0.299313 0.386873 0.007191 0.114056
2 2 0.036534 0.177426 0.697807 0.023826 0.064407
2 2 0.019632 0.098833 0.812802 0.052786 0.015947
2 2 0.032289 0.117508 0.767790 0.061815 0.020599
2 2 0.020445 0.096104 0.804239 0.064412 0.014800
2 2 0.038610 0.126536 0.747487 0.063005 0.024362
2 2 0.019249 0.089923 0.782929 0.090843 0.017056
2 2 0.027610 0.105310 0.757139 0.088165 0.021776
2 2 0.023059 0.087529 0.725549 0.145204 0.018658
2 2 0.015563 0.070318 0.729460 0.171343 0.013316
2 2 0.018426 0.077016 0.731561 0.158381 0.014616
2 2 0.010165 0.056370 0.726276 0.196768 0.010421
2 2 0.008774 0.050560 0.708771 0.222862 0.009033
2 2 0.007942 0.046241 0.689633 0.247961 0.008223
2 2 0.005182 0.031516 0.607890 0.349540 0.005872
2 2 0.007268 0.043425 0.677212 0.264705 0.007390
2 2 0.007985 0.042427 0.640042 0.301504 0.008041
2 2 0.009276 0.042508 0.591375 0.348258 0.008583
2 2 0.010535 0.050291 0.649221 0.280389 0.009564
2 2 0.011026 0.054752 0.687431 0.236550 0.010241
2 2 0.008601 0.048633 0.692023 0.242056 0.008687
2 2 0.007173 0.040577 0.639962 0.305259 0.007029
2 2 0.008791 0.049997 0.701600 0.230651 0.008961
2 2 0.010346 0.052399 0.677860 0.249408 0.009987
2 2 0.014885 0.065077 0.693418 0.213281 0.013339
2 2 0.015076 0.061266 0.650732 0.259597 0.013329
2 2 0.011013 0.052751 0.661849 0.264062 0.010325
2 2 0.011932 0.054140 0.651772 0.271238 0.010918
2 2 0.010164 0.049556 0.649733 0.281048 0.009499
2 2 0.009972 0.043638 0.588205 0.348868 0.009317
2 2 0.010473 0.049682 0.641572 0.288625 0.009648
2 2 0.013829 0.056370 0.631193 0.286869 0.011738
2 2 0.015185 0.049966 0.542679 0.379049 0.013122
3 2 0.008337 0.025137 0.372245 0.585812 0.008468
3 2 0.009350 0.022805 0.312493 0.645889 0.009463
3 2 0.011670 0.032646 0.404584 0.540490 0.010610
3 2 0.008069 0.029022 0.430306 0.525245 0.007359
2 2 0.007623 0.037383 0.570906 0.377528 0.006560
2 2 0.005032 0.031685 0.598433 0.359892 0.004958
2 2 0.007722 0.041494 0.631663 0.311968 0.007153
2 2 0.005515 0.034878 0.629607 0.324459 0.005541
2 2 0.004120 0.031052 0.653652 0.306665 0.004511
3 2 0.007328 0.024191 0.387850 0.572758 0.007873
3 2 0.006743 0.020175 0.327938 0.638006 0.007137
3 2 0.008499 0.022753 0.326083 0.634256 0.008409
3 2 0.006839 0.021903 0.358136 0.605867 0.007255
3 2 0.007601 0.024917 0.390241 0.569292 0.007950
3 2 0.013849 0.030583 0.349154 0.593107 0.013307
3 2 0.011353 0.020022 0.236626 0.721006 0.010994
3 2 0.009323 0.017657 0.229192 0.734520 0.009308
3 2 0.006168 0.012030 0.183653 0.791651 0.006499
3 2 0.005045 0.010593 0.178540 0.800253 0.005568
3 2 0.006781 0.015977 0.245619 0.724615 0.007008
3 2 0.007258 0.019465 0.298269 0.667637 0.007372
3 2 0.012667 0.029393 0.342753 0.603858 0.011330
3 2 0.015381 0.035164 0.370688 0.565963 0.012804
3 2 0.013447 0.034558 0.391992 0.548629 0.011373
3 2 0.014466 0.033693 0.363867 0.576059 0.011915
3 2 0.013969 0.025274 0.271721 0.677704 0.011332
3 2 0.010438 0.019901 0.240662 0.719612 0.009386
3 2 0.011741 0.023932 0.276801 0.677513 0.010013
3 2 0.010988 0.022967 0.274069 0.682535 0.009440
3 2 0.015251 0.025817 0.266338 0.678837 0.013757
3 2 0.013497 0.020735 0.219454 0.734015 0.012299
3 2 0.007873 0.012294 0.162373 0.809376 0.008084
3 2 0.008989 0.014301 0.180158 0.787578 0.008974
3 2 0.012701 0.019418 0.210686 0.745433 0.011762
3 2 0.011040 0.016218 0.185399 0.776636 0.010707
3 2 0.009954 0.015354 0.184326 0.780637 0.009729
3 2 0.008015 0.014194 0.189703 0.780221 0.007866
3 2 0.013412 0.021781 0.232634 0.720168 0.012006
3 2 0.015424 0.023298 0.232550 0.715040 0.013687
3 2 0.012984 0.021757 0.236423 0.717249 0.011587
3 2 0.013299 0.024655 0.268913 0.681598 0.011535
3 3 0.021357 0.043276 0.382831 0.536220 0.016316
2 2 0.029112 0.059052 0.455359 0.438107 0.018369
2 1 0.040148 0.087968 0.587026 0.266173 0.018685
2 2 0.185444 0.190450 0.493512 0.084062 0.046532
2 0 0.326720 0.222132 0.343442 0.039784 0.067922
0 1 0.447212 0.235059 0.185611 0.012493 0.119625
0 1 0.337074 0.310782 0.198471 0.002947 0.150726
1 2 0.256009 0.298068 0.294184 0.007565 0.144174
2 2 0.184487 0.274855 0.320031 0.016516 0.204112
4 2 0.214574 0.278766 0.207899 0.009240 0.289521
4 4 0.283878 0.249528 0.148185 0.008585 0.309825
4 4 0.231920 0.182085 0.085704 0.005171 0.495121
4 4 0.170866 0.098709 0.041989 0.004353 0.684082
4 4 0.163702 0.072498 0.044628 0.013950 0.705223
4 4 0.157306 0.054053 0.033473 0.015790 0.739377
4 4 0.181484 0.060651 0.030180 0.009063 0.718623
4 4 0.267861 0.099624 0.041600 0.005837 0.585078
4 4 0.236198 0.127449 0.052404 0.004456 0.579492
4 4 0.280491 0.184081 0.070538 0.003299 0.461591
4 4 0.124356 0.180507 0.079957 0.002676 0.612503
4 4 0.122744 0.105610 0.037101 0.001846 0.732699
4 4 0.151864 0.047376 0.018979 0.004722 0.777059
4 4 0.097979 0.020108 0.007559 0.003918 0.870436
4 4 0.114175 0.016048 0.006307 0.005610 0.857860
4 4 0.150277 0.024172 0.006985 0.002475 0.816091
4 4 0.179199 0.022273 0.006032 0.002471 0.790025
4 4 0.202562 0.030634 0.009234 0.003233 0.754337
4 4 0.245773 0.038447 0.010311 0.002441 0.703027
4 4 0.289772 0.160889 0.017453 0.000102 0.531783
4 4 0.346918 0.256361 0.026845 0.000076 0.369799
4 4 0.251193 0.288752 0.074054 0.000610 0.385392
1 4 0.189836 0.332046 0.147319 0.001166 0.329633
1 4 0.201427 0.324183 0.216220 0.003194 0.254977
2 4 0.134127 0.312799 0.381674 0.005592 0.165809
2 4 0.125964 0.309361 0.340195 0.006026 0.218455
2 4 0.239823 0.283602 0.286200 0.011964 0.178411
4 4 0.161498 0.296243 0.092598 0.000662 0.449000
4 4 0.185701 0.263874 0.041237 0.000153 0.509034
4 4 0.182129 0.197843 0.015931 0.000027 0.604069
4 4 0.100387 0.178991 0.029390 0.000134 0.691099
4 4 0.089051 0.159542 0.028450 0.000163 0.722795
4 4 0.050606 0.067672 0.013501 0.000205 0.868016
4 4 0.078037 0.072761 0.018207 0.000562 0.830432
4 4 0.169473 0.137217 0.035969 0.000919 0.656423
4 4 0.144902 0.196880 0.068942 0.001488 0.587787
4 4 0.122033 0.191110 0.043793 0.000395 0.642669
4 4 0.119037 0.203693 0.032647 0.000135 0.644488
4 4 0.221289 0.258303 0.025780 0.000050 0.494578
0 4 0.441743 0.205634 0.026727 0.000183 0.325713
0 4 0.457250 0.184588 0.020169 0.000122 0.337870
4 4 0.389310 0.140770 0.018532 0.000230 0.451158
4 4 0.387188 0.172328 0.025510 0.000284 0.414690
4 4 0.318709 0.152940 0.022908 0.000282 0.505160
4 4 0.407179 0.082979 0.012720 0.000485 0.496636
4 4 0.424884 0.059641 0.013120 0.001643 0.500712
4 4 0.410833 0.037219 0.007153 0.001365 0.543429
4 4 0.391314 0.025203 0.004971 0.001700 0.576812
4 4 0.358748 0.019262 0.004228 0.002454 0.615308
4 4 0.441173 0.014021 0.003372 0.004151 0.537283
4 4 0.460903 0.017386 0.003437 0.002211 0.516064
0 4 0.491803 0.015999 0.002945 0.001928 0.487326
0 4 0.524267 0.033700 0.010204 0.005897 0.425932
0 4 0.533612 0.041284 0.012716 0.005665 0.406723
0 4 0.523567 0.054419 0.019530 0.007592 0.394892
0 4 0.520540 0.097172 0.036548 0.006322 0.339418
0 4 0.578234 0.113651 0.050191 0.008966 0.248958
4 4 0.344687 0.225225 0.074845 0.002156 0.353087
4 4 0.178740 0.214147 0.052953 0.000626 0.553533
4 4 0.225996 0.066736 0.028339 0.006582 0.672346
4 4 0.241501 0.055034 0.024280 0.008462 0.670723
4 4 0.381732 0.035940 0.010961 0.004971 0.566396
4 4 0.474988 0.034449 0.005733 0.001012 0.483817
4 4 0.452415 0.045362 0.004253 0.000168 0.497803
4 4 0.354055 0.113681 0.009055 0.000058 0.523151
4 4 0.363099 0.150571 0.008751 0.000021 0.477558
4 4 0.377115 0.183502 0.009556 0.000014 0.429813
0 4 0.445389 0.149124 0.006660 0.000011 0.398816
0 4 0.450741 0.116752 0.010745 0.000099 0.421663
4 4 0.446802 0.076166 0.011055 0.000455 0.465521
4 4 0.433326 0.060262 0.013925 0.001902 0.490584
4 4 0.418017 0.072335 0.019499 0.002646 0.487503
0 4 0.558587 0.057387 0.014959 0.003038 0.366029
0 4 0.618879 0.078781 0.016385 0.001361 0.284594
0 4 0.454283 0.117202 0.020443 0.000616 0.407456
4 4 0.382908 0.121574 0.019725 0.000451 0.475343
4 4 0.237847 0.102065 0.015034 0.000270 0.644785
4 4 0.388750 0.133294 0.030835 0.001184 0.445937
4 4 0.193158 0.281233 0.080921 0.000687 0.444000
4 4 0.310429 0.055182 0.006346 0.000218 0.627827
4 4 0.364430 0.058319 0.006733 0.000239 0.570278
4 4 0.428504 0.084085 0.009115 0.000184 0.478112
0 4 0.533808 0.207099 0.031074 0.000279 0.227740
0 4 0.432521 0.250387 0.051485 0.000562 0.265045
0 4 0.342276 0.286690 0.091261 0.001185 0.278588
1 4 0.195055 0.339986 0.186811 0.001670 0.276478
4 4 0.252884 0.305494 0.100613 0.000956 0.340053
0 4 0.333925 0.268742 0.072169 0.001012 0.324152
4 4 0.256043 0.236369 0.066990 0.001120 0.439478
4 4 0.118634 0.194587 0.074837 0.001650 0.610291
4 4 0.096247 0.179016 0.075582 0.001886 0.647269
4 4 0.126938 0.157668 0.058707 0.001808 0.654877
4 4 0.135506 0.199077 0.096650 0.003492 0.565274
4 4 0.161672 0.240991 0.088571 0.001626 0.507139
4 4 0.120020 0.281346 0.160509 0.002919 0.435206
4 4 0.178296 0.246461 0.091423 0.001772 0.482048
4 4 0.142361 0.197777 0.114199 0.005909 0.539753
4 4 0.156105 0.172189 0.093786 0.005933 0.571986
4 4 0.185492 0.172359 0.086045 0.005205 0.550898
1 4 0.182333 0.353502 0.164751 0.000915 0.298500
1 4 0.176883 0.339739 0.196681 0.001763 0.284934
1 4 0.168268 0.346326 0.272265 0.002406 0.210735
1 4 0.203906 0.329420 0.282982 0.003797 0.179894
1 4 0.215550 0.337391 0.290271 0.002999 0.153788
0 4 0.330194 0.299622 0.194698 0.004128 0.171357
1 4 0.267072 0.298595 0.246054 0.006833 0.181446
0 4 0.446190 0.245187 0.107681 0.004153 0.196789
0 1 0.461778 0.239524 0.091059 0.003151 0.204488
0 1 0.391086 0.255421 0.104235 0.003507 0.245751
0 1 0.440897 0.214309 0.075445 0.002870 0.266480
0 1 0.343724 0.277198 0.110486 0.002452 0.266141
0 1 0.399857 0.237289 0.081431 0.002221 0.279203
0 1 0.384253 0.274973 0.136102 0.003570 0.201103
0 1 0.485132 0.234624 0.111394 0.004381 0.164469
0 1 0.602821 0.194140 0.073998 0.003539 0.125502
0 0 0.577438 0.206712 0.065915 0.002141 0.147793
0 1 0.493617 0.235403 0.050586 0.000678 0.219715
0 1 0.403448 0.251847 0.032709 0.000151 0.311845
0 0 0.473043 0.235715 0.026376 0.000109 0.264756
0 1 0.496621 0.122862 0.007618 0.000032 0.372867
0 1 0.506353 0.154365 0.012838 0.000065 0.326379
0 1 0.392547 0.239576 0.028963 0.000127 0.338787
4 1 0.365626 0.226148 0.034338 0.000246 0.373642
4 1 0.253566 0.271809 0.051891 0.000330 0.422403
4 1 0.327320 0.269303 0.065671 0.000766 0.336941
4 0 0.262120 0.275127 0.076334 0.000951 0.385468
4 0 0.293469 0.281448 0.069122 0.000640 0.355321
4 1 0.272122 0.301445 0.087819 0.000749 0.337865
1 1 0.151275 0.337113 0.190619 0.001561 0.319432
1 1 0.223707 0.321691 0.134452 0.001301 0.318849
4 1 0.314957 0.267538 0.046268 0.000289 0.370949
0 1 0.364754 0.244309 0.029241 0.000118 0.361578
4 1 0.317483 0.245106 0.030859 0.000126 0.406425
0 1 0.387385 0.240842 0.028556 0.000119 0.343098
0 0 0.473026 0.205508 0.017036 0.000052 0.304378
0 0 0.528173 0.206072 0.015707 0.000041 0.250006
0 0 0.557851 0.208324 0.015293 0.000036 0.218496
0 1 0.517806 0.221614 0.019561 0.000059 0.240961
0 1 0.539745 0.219585 0.027185 0.000153 0.213332
1 0 0.249836 0.336590 0.128648 0.000862 0.284065
0 0 0.390242 0.299266 0.098631 0.000912 0.210949
0 0 0.467526 0.270350 0.075185 0.000746 0.186193
0 1 0.346757 0.304852 0.119473 0.001413 0.227506
0 1 0.514516 0.237446 0.061020 0.000941 0.186077
0 1 0.405415 0.273260 0.092848 0.001529 0.226948
0 1 0.343440 0.288520 0.105261 0.001617 0.261162
0 1 0.354708 0.280673 0.090981 0.001351 0.272288
4 1 0.277604 0.291571 0.114151 0.001906 0.314768
0 1 0.329711 0.288200 0.146853 0.003554 0.231682
2 1 0.159358 0.327379 0.327730 0.004180 0.181353
2 1 0.212045 0.314817 0.347496 0.004995 0.120647
1 1 0.294162 0.300668 0.287714 0.005451 0.112006
2 1 0.258976 0.305698 0.313494 0.005600 0.116232
2 1 0.194855 0.311691 0.369433 0.005396 0.118625
2 2 0.109607 0.243549 0.537459 0.018059 0.091326
2 2 0.104074 0.234774 0.556433 0.020694 0.084026
2 1 0.123359 0.262501 0.451548 0.017643 0.144949
2 1 0.133815 0.276178 0.417042 0.013904 0.159062
2 1 0.238442 0.295990 0.296871 0.008629 0.160068
0 1 0.380204 0.242155 0.253001 0.017640 0.107001
0 1 0.452900 0.236632 0.184054 0.011200 0.115214
0 1 0.585405 0.209131 0.095181 0.003720 0.106564
0 0 0.581515 0.199386 0.127355 0.007979 0.083764
0 0 0.678693 0.167496 0.081431 0.004610 0.067770
0 1 0.451716 0.264995 0.171128 0.004153 0.108008
1 1 0.230642 0.316485 0.246101 0.004629 0.202143
1 1 0.223868 0.313127 0.278454 0.005589 0.178961
2 1 0.174610 0.297968 0.388766 0.008049 0.130607
2 1 0.162375 0.292137 0.420579 0.008358 0.116551
2 1 0.173451 0.287377 0.419233 0.009277 0.110663
2 1 0.149502 0.281509 0.446896 0.010122 0.111971
2 1 0.178769 0.285511 0.423515 0.009222 0.102983
2 1 0.195329 0.284644 0.400516 0.010158 0.109354
2 1 0.202347 0.269303 0.414577 0.014019 0.099753
2 1 0.157302 0.274569 0.449009 0.011951 0.107168
2 2 0.129936 0.263052 0.496171 0.012890 0.097950
2 2 0.090781 0.232883 0.594773 0.014005 0.067558
2 1 0.099757 0.227015 0.585228 0.019485 0.068516
2 2 0.086337 0.205529 0.633684 0.022714 0.051737
2 2 0.205474 0.300097 0.362702 0.007494 0.124233
2 1 0.178145 0.267788 0.445819 0.013421 0.094827
2 2 0.163465 0.263596 0.470751 0.013801 0.088387
2 2 0.172388 0.234547 0.511834 0.022064 0.059167
2 2 0.236810 0.251271 0.426073 0.016954 0.068892
0 2 0.370625 0.221258 0.275971 0.032668 0.099478
2 2 0.146205 0.305104 0.383135 0.006983 0.158573
2 0 0.169991 0.268232 0.483997 0.009040 0.068740
2 2 0.060476 0.266005 0.615285 0.002408 0.055826
2 2 0.035314 0.229593 0.670289 0.003430 0.061374
2 2 0.003567 0.108027 0.855021 0.003403 0.029982
2 2 0.001585 0.061018 0.919983 0.006535 0.010879
2 2 0.001302 0.050395 0.927218 0.010485 0.010600
2 2 0.003126 0.089934 0.866035 0.008939 0.031965
2 2 0.003316 0.103057 0.853067 0.006017 0.034544
2 2 0.003740 0.101269 0.852318 0.008391 0.034282
2 2 0.003244 0.092327 0.871089 0.008155 0.025185
2 2 0.002630 0.081469 0.888950 0.007714 0.019237
2 2 0.004836 0.115037 0.835997 0.006827 0.037305
2 2 0.005435 0.118734 0.829950 0.007036 0.038845
2 2 0.012782 0.170070 0.724762 0.008876 0.083511
2 2 0.008580 0.128646 0.804705 0.012431 0.045637
2 2 0.007588 0.131358 0.799544 0.011000 0.050510
2 2 0.006597 0.113781 0.827265 0.014567 0.037790
2 2 0.004526 0.081685 0.872499 0.021885 0.019406
2 2 0.007479 0.090561 0.844480 0.034452 0.023028
2 2 0.002754 0.047383 0.903557 0.039877 0.006430
2 2 0.001888 0.037871 0.916151 0.039880 0.004211
2 2 0.000535 0.019585 0.938733 0.039801 0.001345
2 2 0.000198 0.011284 0.934308 0.053647 0.000563
2 2 0.000309 0.013420 0.917264 0.068233 0.000773
2 2 0.000239 0.011652 0.914766 0.072724 0.000618
2 2 0.000806 0.021057 0.899377 0.077105 0.001655
2 2 0.000916 0.021326 0.879053 0.096952 0.001753
2 2 0.001657 0.025289 0.819437 0.150925 0.002692
2 2 0.003658 0.038705 0.817325 0.135272 0.005040
2 2 0.003522 0.036866 0.803234 0.151617 0.004761
2 2 0.002030 0.027231 0.796142 0.171645 0.002952
2 2 0.001131 0.017910 0.737763 0.241385 0.001811
2 2 0.001124 0.018614 0.755574 0.222940 0.001748
2 2 0.002754 0.030345 0.767413 0.195828 0.003660
2 2 0.002044 0.019560 0.612173 0.363426 0.002798
3 2 0.002055 0.014785 0.460900 0.519478 0.002782
3 2 0.001868 0.011245 0.361477 0.622771 0.002639
3 2 0.001422 0.006338 0.215766 0.774318 0.002155
3 3 0.001312 0.005414 0.186268 0.804995 0.002011
3 3 0.001836 0.005514 0.152814 0.837234 0.002601
3 3 0.003611 0.009579 0.198092 0.784255 0.004464
3 3 0.002989 0.008873 0.202581 0.781754 0.003802
3 3 0.002114 0.007854 0.214366 0.772893 0.002773
3 3 0.002355 0.009539 0.254386 0.730693 0.003027
3 3 0.002451 0.009742 0.254649 0.730033 0.003126
3 3 0.001956 0.007416 0.211459 0.776494 0.002675
3 3 0.001829 0.006035 0.170108 0.819511 0.002517
3 3 0.002102 0.005383 0.135151 0.854497 0.002867
3 3 0.002375 0.004427 0.095110 0.895097 0.002991
3 3 0.001375 0.002639 0.069589 0.924475 0.001923
3 3 0.001154 0.002156 0.060210 0.934795 0.001685
3 3 0.001319 0.002457 0.065377 0.928971 0.001876
3 3 0.001421 0.002575 0.066272 0.927725 0.002008
3 3 0.000918 0.001694 0.051182 0.944798 0.001409
3 3 0.001071 0.001838 0.051730 0.943734 0.001628
3 3 0.001370 0.002534 0.066403 0.927755 0.001938
3 3 0.001147 0.002228 0.062862 0.932104 0.001659
3 3 0.001113 0.002553 0.075427 0.919365 0.001542
3 3 0.000989 0.002320 0.071840 0.923455 0.001396
3 3 0.000685 0.001847 0.067225 0.929244 0.001000
3 3 0.000676 0.001779 0.064695 0.931853 0.000997
3 3 0.000449 0.001265 0.054031 0.943549 0.000706
3 3 0.000560 0.001887 0.080470 0.916188 0.000895
3 3 0.000677 0.001739 0.063750 0.932789 0.001045
3 3 0.000887 0.001723 0.053260 0.942778 0.001352
3 3 0.000800 0.001353 0.042086 0.954465 0.001296
3 3 0.000872 0.001511 0.045824 0.950414 0.001378
3 3 0.000758 0.001546 0.051099 0.945421 0.001175
3 3 0.000925 0.001983 0.061708 0.934026 0.001358
3 3 0.000741 0.001522 0.050785 0.945799 0.001153
3 3 0.000900 0.001773 0.054732 0.941234 0.001361
3 3 0.001162 0.002057 0.056615 0.938444 0.001722
3 3 0.001060 0.001881 0.053509 0.941950 0.001600
3 3 0.002751 0.004640 0.092592 0.896555 0.003462
3 3 0.001775 0.002948 0.068786 0.924034 0.002457
3 3 0.001493 0.002288 0.055834 0.938192 0.002192
3 3 0.001387 0.002189 0.055193 0.939182 0.002049
3 3 0.001226 0.001806 0.046835 0.948238 0.001895
3 3 0.001060 0.001313 0.034486 0.961368 0.001773
3 3 0.000920 0.001101 0.030159 0.966221 0.001599
3 3 0.000792 0.000978 0.028424 0.968403 0.001404
3 3 0.000840 0.001115 0.032265 0.964336 0.001443
3 3 0.001233 0.001659 0.042092 0.953061 0.001954
3 3 0.001208 0.001923 0.051016 0.944022 0.001831
3 3 0.001314 0.002066 0.053041 0.941614 0.001965
3 3 0.000936 0.001586 0.046701 0.949310 0.001467
3 3 0.001149 0.001772 0.047505 0.947799 0.001776
3 3 0.001194 0.001811 0.047729 0.947427 0.001839
3 3 0.001051 0.001383 0.036927 0.958908 0.001731
