1 0 0.240515 0.295286 0.207260 0.013991 0.242948
0 0 0.370605 0.214091 0.134635 0.015315 0.265355
0 0 0.316527 0.258987 0.149240 0.013167 0.262080
4 0 0.163689 0.151844 0.072687 0.003345 0.608436
0 0 0.441353 0.123198 0.072211 0.008547 0.354691
0 0 0.713445 0.087056 0.047850 0.008918 0.142732
0 0 0.731393 0.080742 0.021879 0.001549 0.164438
0 0 0.453014 0.092999 0.008527 0.000066 0.445394
4 0 0.301459 0.077287 0.010985 0.000090 0.610179
4 0 0.241548 0.108220 0.017125 0.000113 0.632994
4 0 0.189511 0.102879 0.025907 0.000321 0.681381
4 0 0.160332 0.112008 0.023704 0.000144 0.703813
4 0 0.253981 0.119959 0.017048 0.000097 0.608915
4 0 0.269569 0.096842 0.013275 0.000078 0.620236
4 0 0.257697 0.147498 0.025283 0.000234 0.569288
4 0 0.313840 0.109723 0.016524 0.000167 0.559746
4 0 0.209625 0.095980 0.026347 0.000484 0.667564
4 0 0.132034 0.084701 0.033791 0.000658 0.748816
4 0 0.082399 0.090586 0.046546 0.000750 0.779719
4 0 0.061021 0.065645 0.041947 0.000713 0.830674
4 0 0.003366 0.176994 0.292729 0.000811 0.526100
4 0 0.002589 0.164720 0.301307 0.000716 0.530668
4 0 0.002280 0.138557 0.261137 0.000494 0.597532
4 0 0.002021 0.091633 0.229515 0.000663 0.676168
4 1 0.002057 0.077987 0.192876 0.000528 0.726552
4 1 0.002375 0.073631 0.223642 0.001300 0.699052
4 1 0.001644 0.075034 0.249063 0.001069 0.673190
4 1 0.001605 0.080120 0.259534 0.001029 0.657712
4 1 0.001891 0.078495 0.354684 0.004767 0.560162
4 1 0.002334 0.103812 0.289270 0.001485 0.603100
4 0 0.002316 0.110294 0.265068 0.000907 0.621416
4 0 0.002925 0.109064 0.209732 0.000547 0.677733
4 1 0.005705 0.114040 0.235690 0.002089 0.642475
4 1 0.025750 0.168965 0.152897 0.001718 0.650669
4 0 0.034567 0.191387 0.124698 0.000994 0.648355
4 0 0.022554 0.187099 0.140440 0.000822 0.649085
4 1 0.018867 0.172972 0.115565 0.000372 0.692224
4 0 0.026289 0.193662 0.146981 0.001070 0.631998
4 0 0.024386 0.149768 0.134809 0.001321 0.689717
4 0 0.007355 0.079533 0.148523 0.001341 0.763248
4 0 0.010441 0.103728 0.329122 0.025222 0.531488
4 1 0.017715 0.101555 0.327019 0.063733 0.489977
4 1 0.053951 0.137321 0.313869 0.152498 0.342360
4 1 0.092059 0.135880 0.244042 0.126390 0.401628
4 1 0.218575 0.113904 0.183132 0.228507 0.255882
3 0 0.121866 0.039699 0.138805 0.661239 0.038391
3 0 0.132857 0.039987 0.131514 0.644849 0.050793
3 0 0.211514 0.044561 0.116911 0.521388 0.105626
4 0 0.206612 0.056592 0.087632 0.115058 0.534105
4 0 0.178093 0.065137 0.075044 0.033907 0.647819
4 0 0.097048 0.047997 0.050102 0.006013 0.798840
4 0 0.085118 0.084205 0.064754 0.002909 0.763013
4 0 0.123360 0.086514 0.055186 0.002937 0.732002
4 0 0.108920 0.126542 0.103376 0.008510 0.652651
4 0 0.085589 0.124008 0.135626 0.015756 0.639021
4 0 0.091447 0.151489 0.160580 0.019280 0.577205
4 0 0.116496 0.193019 0.270309 0.062164 0.358012
4 0 0.069087 0.151476 0.153990 0.010964 0.614484
4 0 0.080562 0.133566 0.140708 0.013646 0.631518
4 0 0.060460 0.106435 0.162017 0.024557 0.646531
4 1 0.142780 0.145689 0.117262 0.015724 0.578545
4 1 0.231301 0.128591 0.103309 0.023463 0.513336
4 0 0.217280 0.128652 0.116234 0.030436 0.507398
4 0 0.091764 0.138049 0.125962 0.010520 0.633705
4 0 0.068706 0.098920 0.102839 0.006925 0.722610
4 0 0.081074 0.078747 0.085505 0.008283 0.746391
4 0 0.120743 0.082659 0.074753 0.009023 0.712822
4 0 0.282168 0.064292 0.034114 0.004494 0.614932
4 0 0.399998 0.091759 0.054464 0.007360 0.446419
0 0 0.453649 0.087000 0.038592 0.003443 0.417317
0 0 0.558771 0.151200 0.056036 0.002517 0.231477
0 0 0.627623 0.159843 0.053611 0.002655 0.156269
0 0 0.667183 0.169220 0.059681 0.004407 0.099509
0 0 0.520612 0.234620 0.118733 0.011166 0.114870
0 0 0.451148 0.221075 0.161751 0.030685 0.135341
0 0 0.525876 0.168714 0.167144 0.069374 0.068892
0 0 0.453623 0.119523 0.183094 0.175318 0.068442
0 0 0.401072 0.116809 0.222070 0.223705 0.036344
3 0 0.280980 0.068788 0.214042 0.418528 0.017663
0 0 0.434552 0.110310 0.222508 0.207337 0.025293
4 0 0.067022 0.134815 0.045484 0.000193 0.752487
4 0 0.142864 0.163178 0.049086 0.000576 0.644296
4 0 0.204507 0.115159 0.034388 0.000738 0.645207
0 0 0.371408 0.192625 0.082511 0.004151 0.349305
0 0 0.477464 0.145272 0.073683 0.008779 0.294803
0 0 0.535853 0.139443 0.059287 0.005212 0.260204
0 0 0.639933 0.094182 0.048193 0.010221 0.207471
0 0 0.478928 0.111508 0.071723 0.015902 0.321940
4 0 0.129664 0.082783 0.073296 0.009431 0.704826
4 0 0.057006 0.046832 0.072972 0.009795 0.813394
4 0 0.063702 0.027092 0.048468 0.011450 0.849289
4 1 0.055003 0.034137 0.062512 0.012051 0.836296
4 1 0.038355 0.031580 0.111751 0.067075 0.751239
4 1 0.021977 0.027415 0.169209 0.262542 0.518857
3 2 0.010376 0.012456 0.122716 0.629200 0.225252
4 2 0.019789 0.030425 0.191400 0.359005 0.399382
3 2 0.012005 0.015224 0.135261 0.597488 0.240021
3 2 0.013120 0.026715 0.204444 0.423201 0.332520
3 2 0.012435 0.029387 0.223768 0.376782 0.357628
3 2 0.016656 0.029336 0.195800 0.444904 0.313304
2 2 0.031543 0.086817 0.348853 0.270870 0.261917
2 2 0.044959 0.112275 0.391466 0.288324 0.162976
3 2 0.062581 0.102120 0.330553 0.395993 0.108752
2 2 0.102231 0.146858 0.325019 0.243543 0.182348
3 3 0.069749 0.100240 0.324996 0.435865 0.069149
2 3 0.063146 0.133004 0.397833 0.286464 0.119553
2 3 0.085345 0.218080 0.409796 0.099274 0.187503
2 3 0.056579 0.228592 0.401951 0.060539 0.252339
2 3 0.039296 0.142842 0.440565 0.180728 0.196568
2 3 0.048095 0.165393 0.493852 0.187974 0.104686
2 2 0.051432 0.149793 0.502327 0.230064 0.066384
2 2 0.042892 0.083764 0.417492 0.412421 0.043430
2 2 0.037927 0.095860 0.471411 0.329547 0.065255
2 2 0.039796 0.087274 0.421254 0.381049 0.070627
2 3 0.039313 0.088884 0.421571 0.369729 0.080503
3 3 0.037584 0.067519 0.330241 0.463688 0.100968
2 3 0.043345 0.110415 0.394031 0.287542 0.164667
3 3 0.036286 0.055667 0.318136 0.531773 0.058137
3 3 0.050470 0.064303 0.257108 0.518991 0.109128
3 3 0.099760 0.044603 0.145052 0.664534 0.046051
4 3 0.412706 0.083959 0.055322 0.018593 0.429421
4 0 0.351249 0.112783 0.084557 0.021200 0.430210
0 0 0.390950 0.103136 0.084543 0.030563 0.390807
0 0 0.369486 0.163828 0.152854 0.058777 0.255054
0 1 0.525709 0.125827 0.119903 0.077303 0.151258
0 0 0.558578 0.173664 0.141594 0.045732 0.080431
0 0 0.529736 0.162686 0.178194 0.076737 0.052647
0 0 0.568950 0.188532 0.130959 0.031633 0.079926
0 0 0.465339 0.236776 0.128802 0.013093 0.155991
4 0 0.274684 0.285041 0.097300 0.001943 0.341031
4 0 0.202279 0.276891 0.070669 0.000732 0.449429
4 0 0.206817 0.204828 0.029565 0.000125 0.558664
4 0 0.208034 0.191160 0.023466 0.000067 0.577273
4 1 0.092143 0.228304 0.048499 0.000125 0.630929
4 1 0.047887 0.282829 0.147318 0.001365 0.520601
4 1 0.029474 0.288923 0.242724 0.004090 0.434789
4 0 0.024057 0.270256 0.170611 0.000860 0.534215
4 0 0.019259 0.243076 0.182413 0.000801 0.554451
4 0 0.012276 0.175226 0.210453 0.000713 0.601332
4 0 0.023115 0.072581 0.067315 0.000611 0.836379
4 0 0.052014 0.212347 0.147576 0.002791 0.585273
4 0 0.037907 0.161895 0.103571 0.000866 0.695761
4 1 0.041173 0.112822 0.077928 0.000851 0.767226
4 0 0.037254 0.090745 0.068437 0.000785 0.802779
4 0 0.075665 0.058541 0.030036 0.000433 0.835324
4 0 0.040951 0.069789 0.030723 0.000115 0.858422
4 0 0.044943 0.064073 0.023479 0.000067 0.867439
4 0 0.032948 0.062479 0.025954 0.000061 0.878558
4 1 0.040607 0.067957 0.030134 0.000113 0.861189
4 0 0.106564 0.087094 0.038575 0.000668 0.767099
4 0 0.073395 0.120533 0.109761 0.006064 0.690247
4 0 0.055056 0.077944 0.094386 0.006391 0.766224
4 0 0.039475 0.059420 0.111193 0.013135 0.776777
4 0 0.048572 0.062708 0.100131 0.011024 0.777564
4 0 0.052737 0.090591 0.117188 0.008867 0.730618
4 0 0.076494 0.148968 0.117088 0.004991 0.652459
4 0 0.143662 0.232059 0.073065 0.000904 0.550309
4 0 0.247271 0.293688 0.082352 0.001218 0.375471
4 0 0.223528 0.192848 0.024236 0.000085 0.559304
4 0 0.275072 0.198667 0.027756 0.000194 0.498311
4 1 0.134147 0.269610 0.084296 0.001165 0.510782
4 0 0.206238 0.295544 0.104134 0.003062 0.391023
0 1 0.326988 0.287365 0.097483 0.004791 0.283373
4 1 0.164163 0.267029 0.079691 0.001421 0.487696
4 0 0.120304 0.189848 0.052493 0.000383 0.636972
4 0 0.158452 0.123460 0.034577 0.000400 0.683111
4 0 0.321162 0.089105 0.018813 0.000443 0.570478
4 0 0.283118 0.086429 0.016704 0.000244 0.613505
4 0 0.309942 0.102356 0.018992 0.000305 0.568404
4 0 0.313749 0.139540 0.017030 0.000107 0.529574
0 0 0.439717 0.265716 0.069153 0.001823 0.223592
0 0 0.350110 0.300350 0.104710 0.004147 0.240684
4 0 0.302186 0.242192 0.051818 0.000972 0.402832
4 0 0.283059 0.296936 0.089151 0.001915 0.328938
4 0 0.161407 0.197707 0.054042 0.000655 0.586188
4 0 0.115869 0.135875 0.052301 0.000754 0.695202
4 0 0.194968 0.112267 0.018906 0.000096 0.673763
4 0 0.154514 0.124732 0.026054 0.000144 0.694557
4 0 0.098533 0.188864 0.066335 0.000614 0.645654
4 0 0.074259 0.148758 0.048834 0.000231 0.727919
4 0 0.090840 0.084663 0.021881 0.000082 0.802535
4 0 0.113170 0.094814 0.015385 0.000028 0.776603
4 0 0.078746 0.088800 0.016833 0.000024 0.815596
4 0 0.092635 0.116450 0.020550 0.000032 0.770332
4 0 0.074548 0.106125 0.029270 0.000091 0.789965
4 0 0.073333 0.105394 0.039900 0.000256 0.781117
4 0 0.059913 0.126200 0.063915 0.000599 0.749373
4 0 0.092007 0.171120 0.081868 0.001409 0.653596
4 0 0.126930 0.166911 0.060037 0.000885 0.645237
1 0 0.230016 0.325123 0.125154 0.003191 0.316516
0 0 0.347173 0.327655 0.137427 0.005070 0.182676
0 0 0.396204 0.324801 0.138035 0.004479 0.136481
0 0 0.590334 0.238060 0.068590 0.002190 0.100826
0 0 0.529242 0.255850 0.082142 0.003897 0.128869
0 0 0.548190 0.237344 0.062598 0.002374 0.149494
0 0 0.446108 0.217002 0.035642 0.000476 0.300771
0 0 0.428024 0.189087 0.050754 0.001188 0.330945
4 0 0.232168 0.096831 0.024353 0.000443 0.646206
4 0 0.164453 0.044273 0.017521 0.000523 0.773230
4 0 0.115701 0.037642 0.019060 0.000568 0.827029
4 0 0.007301 0.097126 0.156322 0.000983 0.738268
4 0 0.009727 0.093207 0.185064 0.003088 0.708914
4 1 0.011768 0.096841 0.177537 0.003237 0.710617
4 1 0.014181 0.090376 0.121996 0.001329 0.772119
4 1 0.021869 0.128470 0.114536 0.000895 0.734231
4 0 0.044885 0.209195 0.142868 0.001600 0.601451
1 0 0.203601 0.346132 0.197224 0.010691 0.242352
4 1 0.087389 0.272856 0.159963 0.005101 0.474692
4 0 0.092381 0.276650 0.207700 0.008635 0.414635
4 0 0.092630 0.181897 0.164796 0.012633 0.548043
4 0 0.195016 0.129955 0.154417 0.051050 0.469563
4 0 0.242772 0.131019 0.145866 0.043774 0.436569
0 0 0.413875 0.184038 0.164174 0.046410 0.191503
0 0 0.457769 0.185913 0.163120 0.043749 0.149449
0 0 0.634524 0.174585 0.086573 0.012340 0.091978
0 0 0.486093 0.231798 0.130962 0.019683 0.131463
1 0 0.212329 0.319420 0.166357 0.006736 0.295158
4 0 0.090417 0.306619 0.152637 0.002470 0.447857
4 0 0.083567 0.199704 0.089663 0.001173 0.625892
4 0 0.078663 0.248160 0.122812 0.002058 0.548308
4 0 0.032312 0.169565 0.238304 0.012931 0.546888
4 0 0.057696 0.150633 0.163722 0.010334 0.617614
4 1 0.124880 0.153872 0.123396 0.013069 0.584783
4 1 0.094284 0.146106 0.144738 0.016120 0.598752
2 0 0.052827 0.134054 0.352918 0.122220 0.337982
4 0 0.053325 0.127570 0.296078 0.083117 0.439910
4 1 0.025580 0.144434 0.227108 0.010593 0.592285
4 1 0.010985 0.191777 0.286659 0.003803 0.506775
4 1 0.004228 0.162578 0.302548 0.001572 0.529075
4 1 0.003711 0.130201 0.257082 0.001117 0.607890
4 1 0.002119 0.105644 0.207579 0.000349 0.684308
4 0 0.001574 0.094895 0.199894 0.000251 0.703387
4 1 0.001834 0.098756 0.193679 0.000256 0.705476
4 1 0.002214 0.103299 0.157013 0.000143 0.737331
4 1 0.003504 0.086799 0.083599 0.000048 0.826051
4 4 0.003453 0.072156 0.071630 0.000043 0.852718
4 4 0.004218 0.055676 0.051089 0.000035 0.888982
4 4 0.004982 0.039907 0.036845 0.000034 0.918231
4 4 0.008409 0.034233 0.024475 0.000028 0.932854
4 4 0.008034 0.045970 0.046242 0.000106 0.899647
4 4 0.006573 0.034496 0.096973 0.002010 0.859947
4 4 0.010265 0.043685 0.125773 0.005427 0.814850
4 4 0.014292 0.048964 0.169614 0.019974 0.747157
4 4 0.019175 0.063584 0.228466 0.052152 0.636623
4 1 0.019798 0.061802 0.283903 0.188920 0.445577
4 1 0.023295 0.077987 0.299661 0.163872 0.435185
4 1 0.027413 0.174225 0.329406 0.037033 0.431923
4 1 0.015692 0.151295 0.355520 0.028212 0.449281
4 1 0.011076 0.144160 0.398431 0.030431 0.415902
4 1 0.007155 0.116220 0.408492 0.027713 0.440420
4 1 0.003410 0.075489 0.414821 0.025957 0.480323
4 2 0.003821 0.097228 0.423447 0.018366 0.457136
4 2 0.003841 0.091369 0.420557 0.020851 0.463382
4 2 0.003708 0.092791 0.422436 0.019387 0.461677
4 2 0.004450 0.095771 0.417645 0.022769 0.459365
4 2 0.005014 0.113503 0.420276 0.018886 0.442321
4 2 0.005000 0.121891 0.422513 0.016325 0.434271
4 2 0.004881 0.122090 0.423326 0.015796 0.433907
4 2 0.003989 0.118763 0.428838 0.013023 0.435387
2 2 0.003576 0.131031 0.484029 0.009731 0.371634
2 2 0.003738 0.108417 0.479051 0.015172 0.393622
2 2 0.007238 0.114116 0.513686 0.031818 0.333142
2 2 0.020414 0.175552 0.400342 0.021581 0.382111
2 3 0.100487 0.292220 0.340127 0.009565 0.257601
0 3 0.434049 0.242913 0.202735 0.038454 0.081850
0 3 0.367511 0.181810 0.253241 0.151176 0.046262
0 0 0.382977 0.097831 0.174910 0.260695 0.083586
0 0 0.438942 0.064870 0.105346 0.220046 0.170797
4 0 0.145719 0.088764 0.104379 0.027099 0.634038
4 1 0.050743 0.097237 0.112586 0.006088 0.733346
4 1 0.031117 0.099871 0.143490 0.006251 0.719271
4 1 0.016333 0.145365 0.119391 0.000497 0.718413
4 1 0.017730 0.221922 0.157555 0.000596 0.602197
4 1 0.019484 0.242173 0.149594 0.000476 0.588273
4 1 0.028793 0.250219 0.146184 0.000751 0.574052
4 1 0.032155 0.252345 0.105492 0.000273 0.609734
4 1 0.028264 0.179214 0.065134 0.000088 0.727301
4 1 0.049062 0.132568 0.056891 0.000261 0.761218
4 0 0.087848 0.139522 0.047131 0.000313 0.725187
4 1 0.104494 0.172869 0.092598 0.002630 0.627410
2 1 0.015136 0.263705 0.406447 0.012172 0.302540
2 1 0.009521 0.234502 0.509653 0.009281 0.237043
2 1 0.005356 0.161879 0.567021 0.010493 0.255251
2 2 0.003258 0.122977 0.586039 0.010147 0.277580
2 2 0.002878 0.107901 0.519894 0.011285 0.358041
2 2 0.004149 0.096397 0.474664 0.021867 0.402923
2 2 0.006055 0.134548 0.493545 0.018033 0.347819
2 2 0.024985 0.217964 0.409849 0.015457 0.331746
4 2 0.088527 0.248236 0.291120 0.009111 0.363006
4 2 0.063786 0.234612 0.332692 0.011967 0.356944
2 2 0.035095 0.219488 0.382027 0.013543 0.349847
2 2 0.036457 0.251050 0.359404 0.014558 0.338532
4 2 0.025012 0.285944 0.302811 0.008139 0.378095
2 2 0.009018 0.255384 0.368437 0.004758 0.362403
2 3 0.006054 0.186271 0.419492 0.008503 0.379681
2 3 0.005593 0.123601 0.538673 0.019798 0.312335
2 3 0.006693 0.071879 0.662329 0.067414 0.191685
2 3 0.009869 0.061348 0.616014 0.134598 0.178171
2 3 0.010524 0.063189 0.585075 0.140038 0.201175
2 3 0.013380 0.057352 0.534228 0.203557 0.191482
3 3 0.010711 0.016126 0.291042 0.644847 0.037274
3 3 0.009920 0.010110 0.193280 0.772749 0.013942
3 3 0.011319 0.012395 0.200142 0.756809 0.019335
3 3 0.007467 0.004895 0.110254 0.873503 0.003881
3 3 0.010497 0.007676 0.134064 0.840903 0.006860
3 3 0.010292 0.006877 0.120876 0.855702 0.006254
3 3 0.008229 0.005181 0.104058 0.877240 0.005292
3 3 0.005262 0.002342 0.057179 0.932874 0.002344
3 3 0.004389 0.001480 0.034430 0.957671 0.002031
3 3 0.003531 0.000980 0.027843 0.966806 0.000840
3 3 0.002685 0.000577 0.017499 0.978546 0.000692
3 3 0.003273 0.000843 0.024725 0.970183 0.000975
3 3 0.008327 0.004127 0.060541 0.912763 0.014242
3 3 0.006902 0.003016 0.048886 0.931551 0.009645
3 3 0.005408 0.002194 0.043991 0.943594 0.004813
3 3 0.003947 0.001096 0.024669 0.968425 0.001863
3 3 0.003595 0.001079 0.027892 0.965918 0.001515
3 3 0.003222 0.000847 0.023338 0.971728 0.000865
3 3 0.002038 0.000397 0.013990 0.983215 0.000361
3 3 0.002845 0.000621 0.017380 0.978544 0.000610
3 3 0.004002 0.001373 0.043010 0.951021 0.000593
3 3 0.002462 0.000691 0.029211 0.967274 0.000361
3 3 0.002145 0.000456 0.018380 0.978715 0.000303
3 3 0.002789 0.000593 0.017479 0.978483 0.000657
3 3 0.002775 0.000575 0.014541 0.981090 0.001018
3 3 0.002865 0.000633 0.015318 0.979840 0.001344
3 3 0.012025 0.006603 0.071860 0.888536 0.020976
3 3 0.014427 0.006018 0.057668 0.908808 0.013078
3 3 0.027604 0.017301 0.119086 0.816353 0.019657
3 3 0.022608 0.014697 0.112499 0.825350 0.024845
3 3 0.041034 0.011813 0.068503 0.862174 0.016476
3 3 0.277941 0.068114 0.133669 0.369978 0.150298
3 3 0.243859 0.101793 0.197944 0.362883 0.093522
2 3 0.068881 0.158834 0.409421 0.193680 0.169184
2 3 0.040894 0.125371 0.454584 0.241936 0.137215
2 3 0.043737 0.155466 0.456393 0.180681 0.163724
4 3 0.022231 0.091891 0.328154 0.145072 0.412652
4 3 0.013933 0.075048 0.360642 0.130490 0.419887
2 2 0.008550 0.050256 0.461203 0.165681 0.314310
2 3 0.006072 0.040844 0.531055 0.164654 0.257375
2 3 0.004468 0.048745 0.433941 0.084338 0.428509
4 3 0.001810 0.054061 0.421917 0.022598 0.499614
4 3 0.001467 0.058298 0.428072 0.015052 0.497111
2 3 0.002255 0.077697 0.473764 0.010751 0.435532
4 3 0.004147 0.110395 0.410482 0.005493 0.469482
4 3 0.003923 0.129857 0.428747 0.002518 0.434954
4 2 0.004766 0.108516 0.306267 0.002546 0.577905
4 2 0.004265 0.089954 0.198749 0.000931 0.706100
4 2 0.003017 0.071988 0.201730 0.001345 0.721919
4 2 0.001548 0.067047 0.326373 0.003671 0.601360
4 2 0.001648 0.074923 0.372777 0.005328 0.545325
4 2 0.001986 0.092042 0.420367 0.007307 0.478300
4 2 0.001198 0.060117 0.435561 0.011047 0.492077
4 2 0.001351 0.081938 0.438638 0.006470 0.471603
4 2 0.002825 0.110113 0.317061 0.002486 0.567515
4 2 0.003237 0.114933 0.253466 0.001149 0.627215
4 2 0.003890 0.105434 0.257541 0.001973 0.631163
4 2 0.002043 0.057749 0.312607 0.006789 0.620813
4 2 0.006366 0.107302 0.270756 0.004852 0.610725
4 2 0.015260 0.107844 0.187214 0.004529 0.685152
0 2 0.488178 0.142190 0.191765 0.123784 0.054083
3 2 0.131223 0.087595 0.269017 0.467447 0.044717
3 0 0.071025 0.089082 0.331204 0.410543 0.098146
3 0 0.045445 0.070647 0.302466 0.376023 0.205419
3 0 0.026605 0.039154 0.216987 0.420251 0.297003
3 0 0.017108 0.022355 0.160312 0.559870 0.240354
3 1 0.015594 0.015403 0.119997 0.662214 0.186792
3 1 0.022882 0.018648 0.118893 0.676646 0.162932
3 1 0.053153 0.038394 0.152149 0.476135 0.280169
3 1 0.080027 0.087952 0.259196 0.311022 0.261803
4 1 0.058938 0.089161 0.281180 0.240600 0.330121
2 1 0.047549 0.092858 0.334744 0.292838 0.232012
3 1 0.032725 0.069163 0.322255 0.385089 0.190769
3 1 0.028552 0.052545 0.263236 0.392359 0.263309
4 1 0.039492 0.095278 0.243197 0.082981 0.539051
4 1 0.028412 0.110757 0.221571 0.021350 0.617910
4 1 0.019208 0.156834 0.223285 0.005247 0.595427
4 1 0.024766 0.140992 0.119306 0.001008 0.713928
4 0 0.033634 0.148260 0.104675 0.000911 0.712519
4 1 0.019506 0.084115 0.075118 0.000479 0.820782
4 1 0.031947 0.229033 0.190090 0.000819 0.548111
4 1 0.021044 0.197271 0.211501 0.001016 0.569168
4 1 0.012683 0.176740 0.174773 0.000518 0.635286
4 1 0.021527 0.213537 0.233403 0.002247 0.529285
4 1 0.020422 0.159148 0.125933 0.000687 0.693811
4 1 0.023089 0.184337 0.218027 0.003414 0.571132
4 1 0.016200 0.119755 0.237469 0.004489 0.622087
4 1 0.030929 0.169144 0.262542 0.003645 0.533740
4 1 0.049297 0.235721 0.243758 0.003705 0.467520
4 1 0.046221 0.196499 0.161421 0.002266 0.593593
4 0 0.027181 0.155839 0.139497 0.001612 0.675871
4 1 0.022267 0.097307 0.070069 0.000325 0.810032
4 1 0.014235 0.077868 0.069765 0.000277 0.837855
4 1 0.007701 0.087662 0.098163 0.000265 0.806208
4 1 0.002815 0.062015 0.123807 0.000305 0.811059
4 1 0.003356 0.095429 0.140722 0.000218 0.760274
4 0 0.005268 0.112538 0.145943 0.000331 0.735919
4 0 0.013633 0.173293 0.120801 0.000264 0.692009
4 0 0.029348 0.192942 0.147137 0.001368 0.629204
4 0 0.115036 0.237368 0.113043 0.003221 0.531332
0 0 0.516111 0.103170 0.111400 0.081624 0.187695
4 0 0.224518 0.065819 0.146632 0.253451 0.309581
4 0 0.132287 0.062353 0.146912 0.173076 0.485371
4 0 0.066552 0.054201 0.148466 0.130803 0.599979
4 0 0.067736 0.052748 0.130441 0.082130 0.666946
4 0 0.071758 0.036245 0.116013 0.183997 0.591987
4 0 0.096184 0.046374 0.121663 0.203203 0.532577
4 0 0.060502 0.075192 0.190208 0.124577 0.549521
4 0 0.036360 0.132785 0.231724 0.024703 0.574427
4 0 0.037875 0.126368 0.174239 0.009901 0.651617
4 0 0.052257 0.183129 0.206528 0.013669 0.544417
4 0 0.030815 0.208965 0.214152 0.005025 0.541044
4 0 0.020546 0.143329 0.195812 0.004176 0.636138
4 1 0.018364 0.112861 0.139443 0.001861 0.727471
4 1 0.007368 0.072732 0.115689 0.000693 0.803518
4 1 0.002877 0.048076 0.139958 0.000909 0.808180
4 1 0.001724 0.045367 0.164154 0.000857 0.787898
4 1 0.002033 0.048586 0.173083 0.001120 0.775177
4 1 0.001211 0.045714 0.301479 0.004742 0.646854
4 1 0.001077 0.047370 0.324366 0.004862 0.622325
4 1 0.000752 0.073560 0.457772 0.004171 0.463745
4 1 0.000717 0.065901 0.454103 0.004864 0.474416
4 1 0.000755 0.071662 0.456549 0.004413 0.466620
2 1 0.000909 0.071103 0.471241 0.005787 0.450960
2 2 0.001054 0.071416 0.463245 0.006876 0.457409
4 2 0.001121 0.073563 0.447419 0.006897 0.471000
2 2 0.002434 0.077809 0.490848 0.017336 0.411573
2 2 0.011109 0.174659 0.480351 0.009275 0.324606
2 2 0.070556 0.235836 0.366027 0.009447 0.318134
4 2 0.083998 0.250457 0.239462 0.005225 0.420858
4 0 0.071798 0.281673 0.300716 0.006674 0.339139
4 0 0.134526 0.282540 0.237728 0.007905 0.337302
0 0 0.338850 0.272029 0.109162 0.005874 0.274086
0 0 0.330520 0.272002 0.151902 0.009126 0.236450
1 0 0.169555 0.351249 0.294778 0.009543 0.174875
0 0 0.451603 0.251387 0.154717 0.023844 0.118449
0 0 0.540101 0.212608 0.125180 0.024743 0.097367
0 0 0.463737 0.205654 0.144995 0.034294 0.151320
1 0 0.163770 0.303745 0.297650 0.030191 0.204644
2 0 0.057172 0.238837 0.364386 0.028669 0.310936
4 1 0.108260 0.259942 0.160291 0.008812 0.462695
4 1 0.160782 0.192535 0.148008 0.019395 0.479280
4 1 0.165604 0.148322 0.195015 0.078736 0.412322
4 0 0.161934 0.180783 0.205421 0.051283 0.400578
4 0 0.069843 0.208141 0.177417 0.009402 0.535197
4 1 0.044475 0.195837 0.186256 0.006100 0.567332
4 1 0.030153 0.172229 0.223781 0.008732 0.565105
4 1 0.021663 0.141730 0.210118 0.006324 0.620165
4 1 0.028447 0.152771 0.235838 0.012790 0.570154
4 1 0.035669 0.127497 0.239006 0.029929 0.567899
4 1 0.043925 0.106873 0.186618 0.024439 0.638144
4 1 0.096023 0.094367 0.131466 0.033567 0.644577
4 1 0.125576 0.076778 0.107919 0.044132 0.645595
4 0 0.253906 0.084670 0.116124 0.102252 0.443049
4 0 0.083182 0.096241 0.151364 0.042527 0.626686
4 1 0.051509 0.175054 0.344140 0.059398 0.369899
4 1 0.126864 0.173966 0.287193 0.092788 0.319190
2 0 0.231695 0.255488 0.270777 0.080466 0.161575
0 0 0.290511 0.234041 0.162457 0.032309 0.280682
0 0 0.376759 0.208284 0.128500 0.027404 0.259053
0 0 0.861514 0.012329 0.000052 0.000000 0.126106
0 1 0.875550 0.012793 0.000066 0.000000 0.111590
0 1 0.763048 0.047040 0.001229 0.000004 0.188679
0 1 0.703284 0.070750 0.003114 0.000022 0.222830
0 1 0.760734 0.047883 0.001279 0.000004 0.190099
0 1 0.745476 0.044740 0.000953 0.000002 0.208828
0 2 0.634554 0.048648 0.000759 0.000000 0.316039
0 2 0.865765 0.015451 0.000103 0.000000 0.118682
0 2 0.913093 0.007081 0.000020 0.000000 0.079805
0 2 0.926956 0.005163 0.000010 0.000000 0.067871
0 2 0.895557 0.010203 0.000044 0.000000 0.094196
0 2 0.841901 0.015296 0.000080 0.000000 0.142723
0 2 0.910719 0.007574 0.000023 0.000000 0.081684
0 2 0.857573 0.011408 0.000040 0.000000 0.130979
0 2 0.640176 0.038078 0.000381 0.000000 0.321364
4 2 0.462772 0.065367 0.001171 0.000000 0.470690
0 2 0.522505 0.082618 0.002637 0.000003 0.392238
4 2 0.284820 0.120875 0.005767 0.000003 0.588534
4 2 0.236783 0.108102 0.004068 0.000001 0.651046
4 2 0.060909 0.111057 0.005914 0.000000 0.822120
4 3 0.187456 0.207071 0.030675 0.000115 0.574684
4 3 0.045697 0.159565 0.041647 0.000053 0.753038
4 3 0.077546 0.250595 0.071788 0.000297 0.599774
4 3 0.284547 0.151510 0.020791 0.000141 0.543011
4 3 0.315973 0.198506 0.029155 0.000315 0.456050
4 3 0.112207 0.273290 0.092207 0.001130 0.521166
1 3 0.056421 0.332037 0.312861 0.008157 0.290524
1 0 0.068599 0.348547 0.316075 0.010441 0.256338
4 0 0.061615 0.330531 0.263375 0.007683 0.336796
4 1 0.022811 0.222733 0.237419 0.004092 0.512945
4 1 0.016537 0.208743 0.287001 0.006048 0.481672
4 1 0.012074 0.205572 0.305668 0.004965 0.471719
4 2 0.013026 0.242374 0.210097 0.000904 0.533598
4 2 0.013395 0.263865 0.229578 0.001127 0.492035
4 2 0.016874 0.221112 0.197605 0.001286 0.563123
4 2 0.018014 0.244298 0.271036 0.003026 0.463626
4 2 0.023359 0.264901 0.155910 0.000613 0.555217
4 2 0.028364 0.284911 0.218219 0.002372 0.466134
4 3 0.038474 0.294659 0.232645 0.003999 0.430223
4 3 0.038844 0.295696 0.301504 0.007623 0.356334
0 3 0.471442 0.191185 0.134208 0.047095 0.156071
0 3 0.438854 0.123130 0.207892 0.185746 0.044377
0 3 0.483462 0.106288 0.195566 0.181172 0.033513
0 3 0.510077 0.110280 0.196013 0.155142 0.028488
0 3 0.611545 0.148442 0.142404 0.048589 0.049020
0 3 0.676596 0.151977 0.094436 0.017419 0.059572
0 2 0.715517 0.158904 0.072690 0.007052 0.045838
0 2 0.657811 0.166320 0.071747 0.009096 0.095026
0 1 0.427898 0.170668 0.021380 0.000329 0.379726
4 1 0.433254 0.115567 0.006051 0.000011 0.445117
0 1 0.708759 0.040296 0.000583 0.000000 0.250361
0 1 0.857540 0.018316 0.000155 0.000000 0.123989
0 1 0.883648 0.012514 0.000068 0.000000 0.103769
0 1 0.896774 0.009978 0.000042 0.000000 0.093205
0 1 0.844610 0.016819 0.000107 0.000000 0.138464
0 1 0.661070 0.032977 0.000271 0.000000 0.305682
0 1 0.706549 0.027095 0.000185 0.000000 0.266172
0 1 0.645133 0.029532 0.000188 0.000000 0.325147
0 1 0.704941 0.025491 0.000154 0.000000 0.269414
0 1 0.565440 0.035375 0.000251 0.000000 0.398934
0 1 0.881431 0.005355 0.000006 0.000000 0.113208
0 1 0.901958 0.005000 0.000006 0.000000 0.093035
0 1 0.945762 0.002915 0.000003 0.000000 0.051320
0 1 0.942471 0.003265 0.000004 0.000000 0.054260
0 1 0.926743 0.005192 0.000011 0.000000 0.068054
0 1 0.925299 0.005390 0.000011 0.000000 0.069300
0 1 0.915358 0.005646 0.000011 0.000000 0.078986
0 1 0.921346 0.005073 0.000009 0.000000 0.073572
0 1 0.874739 0.007410 0.000014 0.000000 0.117836
0 1 0.892325 0.007237 0.000016 0.000000 0.100423
0 1 0.913913 0.005228 0.000009 0.000000 0.080851
0 1 0.935556 0.004061 0.000006 0.000000 0.060376
0 1 0.932630 0.004422 0.000008 0.000000 0.062940
0 1 0.849458 0.020310 0.000193 0.000000 0.130038
0 1 0.724346 0.061951 0.002294 0.000012 0.211397
0 1 0.568083 0.136550 0.015202 0.000422 0.279743
0 1 0.460864 0.214276 0.051387 0.004017 0.269456
4 1 0.048485 0.312057 0.268433 0.007130 0.363895
4 1 0.031010 0.289172 0.230648 0.003607 0.445563
4 1 0.009985 0.222537 0.341045 0.005049 0.421385
4 1 0.005706 0.148632 0.330968 0.004362 0.510332
4 1 0.007199 0.161571 0.288453 0.002951 0.539826
4 1 0.003979 0.152847 0.412140 0.002895 0.428139
2 1 0.004697 0.140699 0.494627 0.009063 0.350913
2 1 0.007078 0.162947 0.478946 0.014512 0.336517
2 1 0.009925 0.161712 0.404667 0.021107 0.402590
2 1 0.004205 0.071302 0.540464 0.041721 0.342308
2 2 0.003937 0.058403 0.606531 0.056263 0.274867
2 2 0.004042 0.071664 0.577883 0.039634 0.306778
2 2 0.003444 0.082658 0.596519 0.024636 0.292743
2 2 0.002940 0.080053 0.651670 0.021181 0.244156
2 2 0.003014 0.086765 0.668895 0.018304 0.223022
2 2 0.002398 0.092757 0.647953 0.012172 0.244720
2 2 0.002905 0.080221 0.672656 0.020450 0.223768
2 2 0.004235 0.076124 0.651563 0.036401 0.231676
2 2 0.005925 0.071926 0.665526 0.058792 0.197831
2 2 0.006880 0.063935 0.689109 0.081982 0.158094
2 2 0.009143 0.059946 0.662275 0.122968 0.145668
2 2 0.009495 0.043329 0.634036 0.212752 0.100389
2 2 0.012500 0.041518 0.405099 0.296499 0.244384
3 2 0.009184 0.009912 0.225746 0.747550 0.007609
3 3 0.006882 0.005049 0.122205 0.860599 0.005266
3 3 0.006295 0.003503 0.087732 0.899958 0.002513
3 3 0.006387 0.003072 0.067596 0.919781 0.003165
3 3 0.005467 0.002168 0.052360 0.938193 0.001811
3 3 0.004192 0.001430 0.042154 0.951279 0.000945
3 3 0.003569 0.001052 0.033145 0.961549 0.000686
3 3 0.002866 0.000639 0.019828 0.976164 0.000503
3 3 0.003677 0.000858 0.020927 0.973779 0.000759
3 3 0.002820 0.000530 0.013971 0.982096 0.000584
3 3 0.003234 0.000615 0.014002 0.981253 0.000897
3 3 0.003325 0.000595 0.014080 0.981405 0.000595
3 3 0.004000 0.000892 0.020763 0.973557 0.000788
3 3 0.004448 0.001096 0.024201 0.969353 0.000902
3 3 0.004722 0.001198 0.023751 0.969076 0.001253
3 3 0.005231 0.001506 0.028634 0.962997 0.001632
3 3 0.006285 0.002255 0.040579 0.948335 0.002546
3 3 0.004700 0.001663 0.040702 0.951488 0.001448
3 3 0.003258 0.000879 0.026696 0.968511 0.000656
3 3 0.005365 0.001651 0.034456 0.957141 0.001388
3 3 0.004094 0.001133 0.024504 0.968620 0.001650
3 3 0.003558 0.000794 0.017158 0.977210 0.001281
3 3 0.004248 0.001087 0.021068 0.971269 0.002327
3 3 0.006286 0.002045 0.033022 0.955265 0.003382
3 3 0.006298 0.002273 0.037090 0.950237 0.004101
3 3 0.005583 0.001959 0.034289 0.954437 0.003732
3 3 0.005049 0.001629 0.029297 0.960142 0.003884
3 3 0.005646 0.001782 0.029823 0.958701 0.004048
3 3 0.005107 0.001365 0.023587 0.966830 0.003111
3 3 0.003025 0.000528 0.011958 0.983582 0.000907
3 3 0.003073 0.000616 0.014039 0.981031 0.001241
3 3 0.003434 0.000821 0.017650 0.975918 0.002177
3 3 0.003752 0.001054 0.021861 0.970126 0.003207
3 3 0.003065 0.000715 0.016156 0.977759 0.002306
3 3 0.002802 0.000574 0.013703 0.981544 0.001377
3 3 0.003409 0.000697 0.015076 0.979557 0.001260
3 3 0.003872 0.000839 0.016869 0.976857 0.001564
3 3 0.004450 0.001072 0.020536 0.972338 0.001605
3 3 0.004116 0.001028 0.020599 0.972471 0.001786
3 3 0.003691 0.000829 0.017445 0.976627 0.001409
3 3 0.002808 0.000604 0.017596 0.978450 0.000542
3 3 0.003460 0.000796 0.017720 0.976653 0.001372
3 3 0.003069 0.000660 0.016083 0.979090 0.001099
3 3 0.004297 0.001037 0.019679 0.972704 0.002282
3 3 0.004487 0.001012 0.018471 0.973876 0.002155
3 3 0.005413 0.001731 0.029646 0.958951 0.004259
3 3 0.004660 0.001551 0.028364 0.959496 0.005929
3 3 0.005373 0.002010 0.034841 0.951397 0.006380
3 3 0.006397 0.002804 0.044305 0.936760 0.009735
3 3 0.004728 0.001520 0.027877 0.961225 0.004650
3 3 0.005346 0.001762 0.030104 0.957549 0.005239
3 3 0.019266 0.011700 0.094017 0.840206 0.034811
3 3 0.029706 0.012101 0.075648 0.869392 0.013154
3 3 0.052740 0.029386 0.135937 0.767732 0.014204
3 3 0.092002 0.042930 0.164660 0.679317 0.021090
0 3 0.427742 0.127504 0.163823 0.157201 0.123730
4 3 0.194940 0.180504 0.212461 0.055022 0.357073
4 3 0.045676 0.172496 0.169289 0.005884 0.606654
4 3 0.028246 0.124090 0.110003 0.001250 0.736411
4 3 0.010480 0.085579 0.122568 0.000973 0.780399
4 2 0.008244 0.093087 0.325732 0.021540 0.551397
4 2 0.011366 0.109831 0.205924 0.002779 0.670100
4 2 0.013349 0.111589 0.227821 0.003731 0.643509
4 2 0.018478 0.115942 0.236882 0.003887 0.624811
4 2 0.020826 0.140220 0.231455 0.003687 0.603811
4 2 0.017141 0.125212 0.232605 0.005441 0.619601
4 2 0.012823 0.110588 0.159198 0.001812 0.715579
4 2 0.010437 0.084181 0.144180 0.001787 0.759415
4 2 0.006853 0.064978 0.181367 0.004053 0.742749
4 2 0.007401 0.070222 0.157464 0.002260 0.762654
4 2 0.005568 0.062596 0.148052 0.001564 0.782220
4 2 0.003564 0.065626 0.154738 0.000831 0.775242
4 2 0.003199 0.052697 0.128505 0.000629 0.814969
4 2 0.003897 0.061629 0.176805 0.001791 0.755879
4 2 0.003119 0.049657 0.172450 0.001995 0.772779
4 2 0.003072 0.038677 0.152380 0.002334 0.803538
4 2 0.003076 0.043294 0.169318 0.002573 0.781738
4 2 0.003762 0.035151 0.141907 0.003128 0.816053
4 2 0.002681 0.023236 0.104781 0.001841 0.867462
4 2 0.009550 0.036543 0.071493 0.001073 0.881341
4 2 0.016981 0.104280 0.279903 0.019931 0.578906
4 2 0.015707 0.106248 0.185090 0.004704 0.688251
4 2 0.013277 0.127759 0.220321 0.004505 0.634138
4 1 0.004490 0.074016 0.234434 0.004007 0.683053
4 1 0.005294 0.057342 0.259505 0.014292 0.663568
4 1 0.008711 0.068016 0.303292 0.038529 0.581452
4 1 0.004187 0.046177 0.295896 0.029132 0.624609
4 1 0.002406 0.028513 0.272030 0.030382 0.666669
4 1 0.003155 0.026344 0.139603 0.004684 0.826215
4 1 0.002968 0.011850 0.054428 0.001256 0.929497
4 1 0.002856 0.009994 0.034366 0.000388 0.952396
4 1 0.003748 0.011785 0.033255 0.000344 0.950868
4 1 0.002678 0.016471 0.046643 0.000277 0.933931
4 1 0.003041 0.022873 0.049335 0.000176 0.924575
4 1 0.001764 0.043156 0.092467 0.000135 0.862477
4 1 0.002188 0.082527 0.205555 0.000638 0.709091
4 1 0.000898 0.055979 0.340965 0.002988 0.599170
4 2 0.001119 0.049213 0.260048 0.001981 0.687638
4 2 0.001396 0.034187 0.172907 0.001524 0.789987
4 2 0.001421 0.037498 0.202066 0.002184 0.756832
4 2 0.002331 0.121731 0.331895 0.001777 0.542267
4 2 0.002477 0.129471 0.332159 0.001699 0.534194
4 2 0.003551 0.132166 0.292836 0.001680 0.569767
4 2 0.003401 0.117367 0.296055 0.002158 0.581020
4 2 0.004431 0.086032 0.245425 0.003244 0.660868
4 2 0.012286 0.087560 0.147212 0.002243 0.750700
4 2 0.012398 0.095729 0.097088 0.000425 0.794359
4 2 0.010117 0.103446 0.097800 0.000266 0.788371
4 2 0.005977 0.087561 0.100236 0.000195 0.806030
4 2 0.005708 0.111256 0.169006 0.000649 0.713380
4 2 0.002979 0.061086 0.171497 0.001093 0.763345
4 2 0.008288 0.068753 0.121035 0.001113 0.800811
4 2 0.024786 0.129273 0.098716 0.000636 0.746589
4 1 0.027854 0.169963 0.135789 0.001138 0.665256
4 1 0.014599 0.129344 0.138107 0.000919 0.717031
4 1 0.014092 0.142477 0.148667 0.000905 0.693858
4 1 0.021472 0.159997 0.113829 0.000513 0.704190
4 1 0.009264 0.131048 0.169919 0.000939 0.688830
4 1 0.003833 0.117060 0.183788 0.000276 0.695043
4 0 0.007718 0.078130 0.101559 0.000396 0.812197
2 0 0.098548 0.181293 0.326790 0.071805 0.321565
4 0 0.051387 0.190316 0.184988 0.006979 0.566330
4 0 0.024379 0.187042 0.243773 0.007269 0.537538
4 0 0.005291 0.080553 0.299538 0.010844 0.603775
4 1 0.002258 0.066011 0.371936 0.011644 0.548151
4 1 0.002147 0.082089 0.344436 0.004601 0.566727
4 1 0.009139 0.146308 0.333458 0.009637 0.501457
4 1 0.044113 0.293824 0.242110 0.005477 0.414476
1 1 0.118563 0.330012 0.259701 0.009038 0.282685
1 1 0.220807 0.330120 0.182569 0.009662 0.256842
4 1 0.150089 0.278396 0.228594 0.014039 0.328882
4 0 0.137150 0.062034 0.042478 0.003256 0.755082
4 0 0.104878 0.020516 0.014084 0.000809 0.859713
4 0 0.040270 0.012244 0.010267 0.000227 0.936992
4 0 0.041173 0.022511 0.016467 0.000243 0.919606
4 0 0.021395 0.050983 0.035204 0.000145 0.892274
4 0 0.016131 0.119581 0.101962 0.000443 0.761883
4 1 0.012653 0.169833 0.160949 0.000686 0.655878
4 1 0.006930 0.192477 0.355088 0.004571 0.440934
2 1 0.004248 0.137714 0.429862 0.010404 0.417773
4 1 0.130787 0.075949 0.051943 0.003624 0.737697
4 0 0.096381 0.036778 0.050727 0.012145 0.803970
4 0 0.038563 0.023507 0.038541 0.003397 0.895992
4 0 0.012495 0.019534 0.029996 0.000415 0.937560
4 0 0.006698 0.024396 0.051660 0.000575 0.916670
4 0 0.005339 0.039095 0.087385 0.000749 0.867432
4 0 0.008222 0.104907 0.170246 0.001331 0.715294
4 1 0.012675 0.128905 0.187248 0.002242 0.668932
4 1 0.010535 0.179648 0.232754 0.001026 0.576036
4 1 0.015309 0.171755 0.202246 0.001638 0.609052
4 1 0.015369 0.164669 0.140681 0.000610 0.678671
4 1 0.021097 0.186674 0.135441 0.000655 0.656133
4 0 0.015704 0.239246 0.178111 0.000665 0.566274
4 1 0.010596 0.247368 0.269418 0.001679 0.470939
4 1 0.017415 0.276312 0.289809 0.004005 0.412460
4 1 0.009018 0.175420 0.329776 0.006054 0.479732
4 1 0.022829 0.193865 0.229886 0.004826 0.548594
4 1 0.040125 0.184090 0.168093 0.004034 0.603658
4 1 0.028675 0.183221 0.121585 0.000747 0.665772
4 1 0.023632 0.236279 0.178779 0.001299 0.560010
4 1 0.004591 0.077376 0.210323 0.002480 0.705230
4 1 0.004908 0.072457 0.147348 0.000888 0.774400
4 1 0.006796 0.066782 0.107056 0.000577 0.818789
4 1 0.005941 0.091277 0.164442 0.001002 0.737338
4 1 0.007437 0.094040 0.176599 0.001695 0.720229
4 1 0.005935 0.093536 0.218634 0.002675 0.679221
4 1 0.005762 0.092734 0.241186 0.003778 0.656540
4 1 0.003421 0.076787 0.333215 0.009606 0.576971
4 1 0.002239 0.081115 0.345744 0.005125 0.565777
4 1 0.002756 0.106375 0.384304 0.005788 0.500777
4 1 0.002671 0.110705 0.438598 0.009112 0.438914
4 2 0.003112 0.109174 0.433861 0.011338 0.442514
2 2 0.003462 0.121448 0.433525 0.010439 0.431126
4 2 0.004041 0.115798 0.427768 0.013922 0.438471
4 2 0.004279 0.119035 0.426768 0.014134 0.435783
4 2 0.004140 0.089949 0.417230 0.023534 0.465147
4 2 0.004387 0.097147 0.418776 0.021769 0.457921
4 2 0.007787 0.102922 0.299684 0.010928 0.578680
4 2 0.010951 0.133296 0.258037 0.003907 0.593809
4 2 0.018301 0.165362 0.205344 0.003148 0.607845
2 2 0.004314 0.136344 0.478330 0.008872 0.372140
2 2 0.002967 0.106470 0.565170 0.012212 0.313181
2 2 0.001973 0.081608 0.580883 0.012574 0.322962
2 2 0.002233 0.096699 0.507122 0.010149 0.383796
2 2 0.003017 0.113761 0.516395 0.010722 0.356105
2 2 0.003879 0.099024 0.586501 0.019855 0.290741
2 2 0.002457 0.084819 0.693481 0.014521 0.204723
2 2 0.002511 0.086145 0.647882 0.015033 0.248429
2 2 0.002070 0.088261 0.666594 0.011073 0.232002
2 2 0.002765 0.093267 0.631593 0.014523 0.257852
2 2 0.002453 0.104300 0.605755 0.009989 0.277502
2 2 0.003494 0.119473 0.487253 0.011477 0.378302
2 2 0.004469 0.107163 0.443461 0.011605 0.433302
4 2 0.010234 0.119793 0.272882 0.003528 0.593564
4 2 0.010599 0.075936 0.151598 0.002812 0.759055
4 2 0.006559 0.069152 0.248931 0.007197 0.668160
4 2 0.005979 0.066188 0.291333 0.013113 0.623387
4 2 0.004880 0.093728 0.425566 0.017250 0.458576
4 2 0.004897 0.096215 0.414448 0.025341 0.459098
4 2 0.003101 0.098220 0.430442 0.013922 0.454316
2 2 0.003931 0.070254 0.707546 0.036724 0.181546
2 2 0.003713 0.071535 0.711889 0.032985 0.179877
2 2 0.003468 0.063548 0.730605 0.037169 0.165210
2 2 0.002893 0.079666 0.684739 0.020399 0.212304
2 2 0.003880 0.072338 0.665838 0.035827 0.222116
2 3 0.005729 0.072039 0.574790 0.059260 0.288183
2 3 0.006609 0.080694 0.468236 0.054577 0.389883
2 3 0.005851 0.072242 0.476402 0.058497 0.387009
2 3 0.005720 0.079114 0.555449 0.049595 0.310122
2 3 0.006338 0.079544 0.579604 0.055329 0.279185
2 3 0.005114 0.077615 0.681741 0.042440 0.193090
2 3 0.005561 0.089058 0.603096 0.037987 0.264297
2 3 0.010260 0.071209 0.565832 0.114236 0.238463
2 3 0.012541 0.092065 0.515519 0.091081 0.288794
2 3 0.010159 0.089784 0.535545 0.075734 0.288778
2 3 0.006980 0.094906 0.524794 0.034405 0.338914
2 3 0.008431 0.109067 0.433577 0.026989 0.421935
4 3 0.010248 0.130995 0.398651 0.033579 0.426528
4 3 0.007836 0.145386 0.412229 0.019772 0.414778
2 3 0.003497 0.061658 0.453332 0.041466 0.440048
4 3 0.002108 0.050819 0.406864 0.030195 0.510013
4 3 0.002979 0.055133 0.399313 0.039335 0.503240
4 3 0.004091 0.064660 0.397692 0.042877 0.490679
4 3 0.004382 0.062638 0.392309 0.049170 0.491500
4 3 0.006988 0.065453 0.372492 0.077154 0.477913
4 3 0.008370 0.070843 0.379450 0.083385 0.457951
2 3 0.007168 0.077615 0.436927 0.062914 0.415376
2 3 0.005743 0.076452 0.590216 0.053064 0.274526
2 3 0.005878 0.074870 0.651428 0.054864 0.212960
2 3 0.004944 0.064661 0.716965 0.054620 0.158810
2 3 0.004865 0.077200 0.643389 0.041939 0.232607
2 3 0.003965 0.073150 0.612606 0.037053 0.273226
2 3 0.006533 0.065133 0.575533 0.082467 0.270334
2 3 0.007717 0.060652 0.579922 0.110972 0.240738
2 3 0.007901 0.065153 0.572094 0.101167 0.253685
2 3 0.004147 0.043146 0.714870 0.090602 0.147234
2 3 0.004067 0.033800 0.729736 0.122615 0.109782
2 3 0.005419 0.033273 0.647962 0.180163 0.133184
2 3 0.008406 0.039014 0.475168 0.235408 0.242004
2 3 0.007762 0.034762 0.462208 0.255901 0.239367
4 3 0.015562 0.059259 0.349449 0.211917 0.363813
4 3 0.021194 0.055546 0.301002 0.290410 0.331847
3 3 0.024181 0.053655 0.358913 0.393463 0.169788
2 3 0.021725 0.068037 0.372284 0.239695 0.298259
2 3 0.022602 0.066603 0.427015 0.292233 0.191548
2 3 0.016532 0.074417 0.471967 0.170905 0.266178
2 3 0.014110 0.081915 0.564133 0.125888 0.213954
2 3 0.013275 0.073528 0.573376 0.140779 0.199041
2 3 0.014518 0.059855 0.547880 0.221211 0.156535
2 3 0.017036 0.049896 0.523501 0.331230 0.078336
2 3 0.016282 0.045822 0.495324 0.344937 0.097636
2 3 0.012791 0.029261 0.464862 0.450600 0.042486
3 3 0.013656 0.024878 0.381902 0.546793 0.032771
3 3 0.017349 0.033373 0.391949 0.506779 0.050549
3 3 0.015054 0.024904 0.308422 0.587065 0.064556
3 3 0.014702 0.034472 0.301239 0.392731 0.256856
