4 0 0.266283 0.212340 0.082166 0.009824 0.429387
4 0 0.234025 0.254368 0.129827 0.014243 0.367537
4 0 0.043705 0.257645 0.299347 0.005574 0.393730
4 1 0.015371 0.169150 0.183924 0.002150 0.629405
4 1 0.006607 0.122566 0.296814 0.006497 0.567515
4 1 0.003580 0.118162 0.433710 0.007391 0.437157
2 1 0.003143 0.125967 0.534203 0.004101 0.332587
2 1 0.005139 0.152200 0.451193 0.003288 0.388180
2 2 0.003909 0.139110 0.478071 0.002841 0.376069
2 2 0.005387 0.142586 0.519713 0.005568 0.326745
2 2 0.001621 0.069323 0.787911 0.012000 0.129145
2 2 0.000762 0.044190 0.871784 0.015110 0.068153
2 2 0.000887 0.054774 0.845002 0.012020 0.087317
2 2 0.000972 0.060786 0.839053 0.009863 0.089326
2 2 0.006198 0.117714 0.709855 0.011402 0.154832
2 2 0.055573 0.181354 0.560027 0.019522 0.183525
2 2 0.079108 0.178603 0.605073 0.050984 0.086232
2 2 0.027010 0.115697 0.740896 0.069832 0.046564
2 2 0.024912 0.118039 0.744909 0.066054 0.046086
0 2 0.310429 0.243084 0.241577 0.062346 0.142563
4 2 0.033957 0.199321 0.188920 0.003304 0.574497
2 2 0.011844 0.173430 0.562852 0.008288 0.243586
2 2 0.003699 0.081544 0.753465 0.019873 0.141420
2 2 0.001200 0.041824 0.893823 0.020192 0.042960
2 2 0.000471 0.021802 0.934170 0.021556 0.022001
2 2 0.000546 0.022622 0.930622 0.025197 0.021013
2 2 0.000520 0.020593 0.926389 0.030307 0.022190
2 2 0.000788 0.024828 0.924941 0.028193 0.021250
2 2 0.000398 0.016918 0.954679 0.019304 0.008702
2 2 0.000311 0.014867 0.961512 0.016647 0.006663
2 2 0.000409 0.015058 0.955060 0.023596 0.005876
2 2 0.001575 0.038842 0.902096 0.025869 0.031618
2 2 0.006533 0.093135 0.792523 0.020517 0.087292
2 2 0.012151 0.150048 0.640260 0.011839 0.185703
4 2 0.026132 0.204604 0.367575 0.007036 0.394653
4 2 0.051877 0.217810 0.268310 0.010838 0.451165
2 2 0.035178 0.199566 0.461530 0.009957 0.293769
2 2 0.045054 0.253855 0.379923 0.008685 0.312483
4 2 0.056719 0.167065 0.105380 0.003127 0.667709
4 1 0.090668 0.241324 0.164402 0.004916 0.498689
4 1 0.009939 0.100388 0.082387 0.001538 0.805748
4 1 0.015954 0.081441 0.043487 0.000373 0.858745
4 1 0.023662 0.045362 0.013103 0.000222 0.917652
4 1 0.019501 0.037817 0.010146 0.000143 0.932393
4 1 0.038619 0.075676 0.027908 0.000876 0.856921
4 1 0.030994 0.068399 0.025413 0.000777 0.874417
4 1 0.038079 0.092960 0.068388 0.002106 0.798466
4 1 0.079122 0.118515 0.045955 0.002185 0.754223
4 1 0.110250 0.163792 0.068048 0.002809 0.655101
4 1 0.116549 0.109248 0.028806 0.001135 0.744262
4 1 0.098965 0.092453 0.022172 0.000708 0.785702
4 1 0.037553 0.069973 0.024260 0.000649 0.867566
4 1 0.035690 0.075710 0.029039 0.001015 0.858547
4 1 0.027953 0.058387 0.019698 0.000498 0.893464
4 1 0.027262 0.051820 0.015813 0.000307 0.904798
4 1 0.058521 0.071303 0.018165 0.000450 0.851561
4 1 0.073039 0.080977 0.020515 0.000577 0.824891
4 1 0.102096 0.102586 0.027436 0.001008 0.766873
4 1 0.056147 0.080350 0.024483 0.000719 0.838300
4 1 0.090548 0.100306 0.028430 0.001033 0.779682
4 1 0.016154 0.038446 0.011501 0.000218 0.933682
4 1 0.045336 0.097548 0.042663 0.002079 0.812374
4 1 0.050029 0.120159 0.061924 0.004614 0.763274
4 1 0.139058 0.200625 0.099790 0.007326 0.553202
4 1 0.139991 0.207223 0.101719 0.006082 0.544984
4 1 0.120514 0.220114 0.126068 0.006975 0.526329
4 1 0.052815 0.203939 0.156332 0.003272 0.583642
4 1 0.119619 0.148306 0.051122 0.001837 0.679115
4 4 0.084681 0.106170 0.033970 0.001355 0.773824
4 4 0.041759 0.079169 0.029355 0.000931 0.848786
4 4 0.041710 0.077197 0.027948 0.000833 0.852312
4 4 0.035168 0.065801 0.022214 0.000556 0.876262
4 4 0.026638 0.050705 0.015333 0.000291 0.907032
4 4 0.027693 0.055504 0.017931 0.000404 0.898467
4 4 0.040770 0.083293 0.032834 0.001225 0.841878
4 4 0.024380 0.123979 0.082360 0.001361 0.767920
4 4 0.021684 0.126483 0.093017 0.002749 0.756067
4 4 0.029646 0.140096 0.097836 0.002432 0.729990
4 4 0.052797 0.126472 0.063879 0.002168 0.754685
4 4 0.059210 0.107026 0.045095 0.001964 0.786705
4 4 0.026026 0.076151 0.034355 0.001869 0.861600
4 4 0.027398 0.076957 0.039272 0.002254 0.854119
4 4 0.039687 0.084653 0.034570 0.001400 0.839690
4 4 0.062650 0.107518 0.043687 0.001891 0.784253
4 4 0.121531 0.126444 0.039108 0.001900 0.711018
4 4 0.120132 0.130351 0.042308 0.002156 0.705053
4 4 0.067969 0.121635 0.054642 0.002794 0.752960
4 4 0.045573 0.121822 0.063255 0.002115 0.767235
4 4 0.027083 0.076727 0.032949 0.000866 0.862375
4 4 0.034832 0.090108 0.039532 0.000907 0.834621
4 4 0.084836 0.103078 0.031419 0.001148 0.779519
4 4 0.107053 0.240233 0.139402 0.003537 0.509774
1 4 0.081068 0.323286 0.314574 0.005049 0.276022
2 4 0.056913 0.301002 0.423923 0.006183 0.211979
2 2 0.060785 0.298988 0.464067 0.005952 0.170207
2 2 0.019760 0.175229 0.699239 0.010662 0.095110
2 2 0.003058 0.072634 0.863036 0.016334 0.044938
2 2 0.001533 0.051030 0.903899 0.013390 0.030148
2 2 0.001734 0.047491 0.913975 0.011142 0.025658
2 2 0.003271 0.050858 0.898891 0.020450 0.026531
2 2 0.005221 0.083630 0.859803 0.017125 0.034220
2 2 0.004406 0.071401 0.871716 0.018023 0.034453
2 2 0.002438 0.035432 0.902805 0.043182 0.016143
2 2 0.002603 0.041319 0.891601 0.043218 0.021258
2 2 0.001463 0.022201 0.888136 0.081297 0.006903
2 2 0.002114 0.021943 0.835351 0.133372 0.007220
2 2 0.002576 0.018715 0.756896 0.216023 0.005789
2 2 0.003998 0.030164 0.824472 0.132919 0.008447
2 2 0.000831 0.010488 0.857043 0.129312 0.002326
2 2 0.000987 0.013562 0.889138 0.093544 0.002769
2 2 0.000782 0.009234 0.842931 0.145334 0.001719
2 2 0.000562 0.008112 0.843234 0.146621 0.001472
2 2 0.000179 0.004140 0.818520 0.176384 0.000778
2 2 0.000139 0.003029 0.716290 0.279899 0.000643
2 2 0.000093 0.001951 0.670210 0.327345 0.000400
2 2 0.000220 0.002979 0.680548 0.315685 0.000567
2 2 0.000743 0.005000 0.744773 0.248724 0.000760
2 2 0.002502 0.009427 0.718395 0.268189 0.001487
2 2 0.005032 0.013379 0.724308 0.255136 0.002145
2 2 0.008756 0.019189 0.672456 0.295516 0.004083
2 2 0.000548 0.005630 0.560843 0.431176 0.001804
3 2 0.001104 0.006641 0.445071 0.544776 0.002407
2 3 0.000700 0.005243 0.497824 0.494546 0.001687
2 3 0.001332 0.007889 0.527099 0.461223 0.002457
3 3 0.000915 0.006349 0.479003 0.511668 0.002065
3 3 0.001174 0.006068 0.369499 0.620897 0.002362
3 3 0.001219 0.006965 0.365173 0.623411 0.003232
2 3 0.001144 0.008935 0.573831 0.412940 0.003150
2 3 0.001518 0.011516 0.580257 0.402583 0.004125
2 3 0.003213 0.026645 0.698730 0.262838 0.008573
2 3 0.003360 0.029593 0.768373 0.189862 0.008812
2 3 0.005366 0.045111 0.791750 0.142871 0.014903
2 3 0.002894 0.029983 0.799469 0.159689 0.007965
2 3 0.004462 0.042986 0.793507 0.147283 0.011761
2 3 0.001939 0.022665 0.843099 0.126914 0.005382
2 3 0.001312 0.013866 0.769838 0.211280 0.003705
2 2 0.000890 0.008248 0.730929 0.257808 0.002124
2 2 0.000687 0.005467 0.621427 0.370858 0.001562
2 2 0.001003 0.006952 0.592486 0.397415 0.002144
3 2 0.001644 0.007260 0.469884 0.518880 0.002332
3 2 0.000942 0.005344 0.349877 0.641641 0.002196
3 2 0.003798 0.014943 0.483184 0.492906 0.005170
3 2 0.001716 0.007762 0.487532 0.500764 0.002227
2 2 0.006050 0.020496 0.664474 0.303539 0.005441
2 2 0.010150 0.028318 0.679582 0.275025 0.006926
2 2 0.006709 0.019665 0.632762 0.336286 0.004578
2 2 0.005009 0.014234 0.565092 0.412355 0.003310
3 2 0.006097 0.011681 0.464714 0.514483 0.003025
3 2 0.010689 0.017831 0.462817 0.503249 0.005414
3 2 0.004332 0.008646 0.370762 0.613428 0.002833
3 2 0.005002 0.010645 0.403055 0.577634 0.003663
3 2 0.001606 0.005593 0.435245 0.555841 0.001715
3 3 0.000621 0.004827 0.495803 0.497065 0.001684
2 3 0.000463 0.004662 0.568653 0.424746 0.001476
2 3 0.001923 0.013768 0.576776 0.402452 0.005080
2 2 0.003084 0.021268 0.655636 0.313133 0.006878
2 2 0.007574 0.042596 0.737475 0.199590 0.012766
2 2 0.003787 0.034398 0.799686 0.152627 0.009502
2 2 0.003637 0.029399 0.733015 0.224789 0.009160
2 2 0.002702 0.026028 0.792857 0.171578 0.006834
2 2 0.006237 0.018936 0.832554 0.139235 0.003038
2 2 0.002053 0.009870 0.864319 0.122464 0.001295
2 2 0.001562 0.008741 0.781882 0.206257 0.001558
2 2 0.001790 0.012826 0.792477 0.190066 0.002842
2 2 0.002354 0.020698 0.776946 0.194086 0.005915
2 2 0.002355 0.023313 0.816724 0.151518 0.006090
2 2 0.000601 0.008509 0.790548 0.198366 0.001975
2 2 0.001385 0.014131 0.841313 0.140055 0.003116
2 2 0.002325 0.020021 0.857277 0.115972 0.004405
2 2 0.003165 0.020159 0.861040 0.111846 0.003790
2 2 0.048297 0.059040 0.793802 0.090486 0.008374
2 2 0.276500 0.103252 0.513060 0.094489 0.012700
0 0 0.523851 0.113783 0.265629 0.079977 0.016760
0 0 0.421092 0.151516 0.294819 0.099188 0.033385
0 1 0.670304 0.111839 0.102658 0.080414 0.034785
3 1 0.295379 0.081944 0.241386 0.353872 0.027418
0 1 0.354321 0.145166 0.298578 0.153199 0.048736
2 1 0.048661 0.099020 0.678715 0.144013 0.029591
2 2 0.009737 0.079857 0.808258 0.050292 0.051855
2 2 0.000999 0.028602 0.929893 0.026957 0.013549
2 2 0.000375 0.007886 0.909030 0.081044 0.001665
2 2 0.000151 0.003741 0.832448 0.162977 0.000683
2 2 0.000128 0.002921 0.716427 0.279912 0.000611
2 2 0.000248 0.004560 0.627457 0.366596 0.001139
2 2 0.000249 0.004304 0.510614 0.483618 0.001215
3 2 0.000278 0.004370 0.380746 0.613096 0.001510
3 2 0.000252 0.003105 0.263310 0.732107 0.001225
3 2 0.000227 0.001820 0.131142 0.865825 0.000985
3 3 0.000381 0.002141 0.111076 0.885052 0.001349
3 3 0.000320 0.001617 0.083243 0.913699 0.001120
3 3 0.000258 0.001503 0.094757 0.902525 0.000958
3 3 0.000449 0.002962 0.136726 0.858060 0.001804
3 3 0.000845 0.005442 0.149522 0.840059 0.004132
3 3 0.000804 0.004869 0.121789 0.868506 0.004033
3 3 0.001280 0.006375 0.119150 0.867404 0.005791
3 3 0.001002 0.004501 0.106372 0.884477 0.003648
3 3 0.000985 0.004252 0.103183 0.888395 0.003185
3 3 0.001293 0.004626 0.114294 0.876420 0.003368
3 3 0.001613 0.005830 0.166419 0.822178 0.003960
3 2 0.001089 0.006521 0.348661 0.640706 0.003023
3 2 0.000443 0.003425 0.301435 0.693206 0.001491
3 2 0.001038 0.005080 0.276983 0.714229 0.002670
3 2 0.001328 0.005982 0.307308 0.682240 0.003142
3 2 0.003340 0.014222 0.399946 0.575255 0.007237
2 2 0.002787 0.016619 0.511446 0.461959 0.007190
2 2 0.001740 0.016328 0.683849 0.293034 0.005049
2 2 0.001869 0.018421 0.753822 0.220670 0.005218
2 2 0.001905 0.014554 0.640655 0.337913 0.004972
3 2 0.002204 0.011969 0.416838 0.563468 0.005521
3 2 0.001196 0.005968 0.241914 0.747635 0.003287
3 2 0.000598 0.003863 0.218457 0.775099 0.001983
3 2 0.001434 0.006976 0.174248 0.813024 0.004318
3 2 0.000584 0.003530 0.154525 0.839323 0.002039
3 2 0.000735 0.003348 0.117754 0.875893 0.002269
3 2 0.000797 0.003448 0.109820 0.883513 0.002423
3 3 0.000602 0.002741 0.092137 0.902555 0.001965
3 3 0.000723 0.003180 0.090820 0.902946 0.002332
3 3 0.000699 0.002821 0.086048 0.908407 0.002024
3 3 0.001563 0.004190 0.088176 0.903545 0.002526
3 3 0.031646 0.022381 0.225458 0.711801 0.008714
2 3 0.001035 0.014903 0.826835 0.153734 0.003494
2 3 0.000892 0.018456 0.906984 0.069598 0.004070
2 3 0.000864 0.015400 0.872587 0.108064 0.003086
2 3 0.001471 0.019218 0.830404 0.144404 0.004503
2 3 0.001660 0.018907 0.803835 0.170791 0.004806
2 3 0.002157 0.022611 0.787036 0.182132 0.006064
2 3 0.003178 0.029025 0.742230 0.215121 0.010447
2 3 0.003269 0.024773 0.620910 0.341313 0.009736
2 3 0.002202 0.016392 0.527419 0.447679 0.006308
2 3 0.001315 0.013395 0.518764 0.461760 0.004765
2 3 0.001892 0.016184 0.531444 0.444533 0.005947
2 3 0.002146 0.016503 0.537564 0.437554 0.006233
2 3 0.003156 0.014372 0.632709 0.345939 0.003823
2 3 0.010845 0.022841 0.663892 0.297303 0.005118
2 3 0.008422 0.016131 0.610153 0.362040 0.003254
2 3 0.026365 0.032624 0.583215 0.350379 0.007417
2 3 0.010160 0.020463 0.624537 0.340541 0.004300
2 1 0.003275 0.011881 0.557781 0.423762 0.003301
2 1 0.006521 0.018552 0.585419 0.383976 0.005531
2 1 0.012596 0.025475 0.516771 0.437213 0.007946
0 1 0.382876 0.103929 0.382683 0.114081 0.016431
2 2 0.282257 0.125241 0.441455 0.126241 0.024807
2 2 0.181143 0.151897 0.496072 0.129937 0.040950
2 2 0.201977 0.177733 0.404772 0.148119 0.067399
2 1 0.081811 0.157757 0.573725 0.128515 0.058192
2 2 0.021601 0.094670 0.680761 0.153889 0.049079
2 2 0.006514 0.049141 0.801098 0.105581 0.037665
2 2 0.004610 0.031345 0.783382 0.158831 0.021831
2 4 0.007432 0.042052 0.653808 0.233440 0.063268
2 4 0.029531 0.087535 0.362521 0.201744 0.318669
4 4 0.022520 0.085799 0.282717 0.126891 0.482073
4 4 0.024556 0.096558 0.196743 0.100762 0.581381
4 4 0.011942 0.083053 0.255248 0.215531 0.434226
4 4 0.005493 0.047145 0.262841 0.285230 0.399290
4 4 0.004145 0.038991 0.180117 0.112618 0.664128
4 4 0.004773 0.035134 0.144767 0.054384 0.760941
4 4 0.008379 0.044984 0.104015 0.021864 0.820759
4 4 0.012237 0.049381 0.067919 0.007782 0.862681
4 4 0.003587 0.021472 0.009966 0.000414 0.964561
4 4 0.002785 0.016975 0.005761 0.000165 0.974314
4 4 0.004854 0.024291 0.008669 0.000276 0.961909
4 4 0.004422 0.023107 0.013628 0.000612 0.958232
4 4 0.002131 0.017209 0.024142 0.002428 0.954090
4 4 0.000688 0.010881 0.020048 0.003412 0.964971
4 4 0.000916 0.014206 0.019209 0.003192 0.962477
4 4 0.001412 0.017811 0.027670 0.004873 0.948234
4 4 0.007051 0.032594 0.020693 0.001128 0.938535
4 4 0.027040 0.058263 0.035502 0.001384 0.877811
4 4 0.043477 0.078587 0.031828 0.001016 0.845092
4 4 0.150933 0.228796 0.121499 0.007870 0.490902
4 4 0.166520 0.301697 0.192481 0.007940 0.331362
2 4 0.084060 0.331391 0.370485 0.008604 0.205460
4 4 0.019553 0.234598 0.342226 0.002962 0.400661
2 4 0.012520 0.202744 0.474333 0.003937 0.306466
2 4 0.015567 0.209770 0.509418 0.005522 0.259722
2 4 0.022283 0.203080 0.488084 0.008991 0.277562
2 4 0.010738 0.125698 0.764015 0.016657 0.082892
2 4 0.005857 0.093262 0.840423 0.013683 0.046774
2 4 0.005109 0.069320 0.874840 0.022229 0.028501
2 4 0.000944 0.021543 0.941196 0.028990 0.007327
2 2 0.000438 0.010284 0.962210 0.025897 0.001172
2 2 0.000572 0.005956 0.951558 0.041361 0.000554
2 2 0.006087 0.019358 0.908680 0.063693 0.002183
2 2 0.008339 0.025242 0.841119 0.121445 0.003855
2 2 0.008671 0.034578 0.861266 0.089349 0.006137
2 2 0.013154 0.065124 0.860874 0.048908 0.011939
2 2 0.022662 0.091991 0.830147 0.041197 0.014003
2 2 0.017386 0.077203 0.868382 0.028479 0.008550
2 2 0.019331 0.070936 0.857374 0.042497 0.009862
2 2 0.053031 0.106521 0.775785 0.050725 0.013938
2 2 0.064271 0.146411 0.694616 0.065439 0.029263
2 2 0.044584 0.151688 0.677419 0.077811 0.048498
2 2 0.038597 0.097077 0.639100 0.187125 0.038100
2 2 0.022192 0.072694 0.681772 0.198085 0.025257
2 2 0.019363 0.076488 0.709636 0.167024 0.027490
2 2 0.017466 0.106654 0.766228 0.077282 0.032370
2 2 0.004497 0.043374 0.836882 0.104298 0.010949
2 2 0.048108 0.114958 0.758304 0.059160 0.019471
2 2 0.049886 0.072610 0.783089 0.083080 0.011335
2 2 0.046253 0.090248 0.770613 0.076677 0.016210
2 2 0.000016 0.003502 0.983136 0.011461 0.001884
2 2 0.000030 0.004770 0.982608 0.010047 0.002546
2 2 0.000100 0.008888 0.974405 0.012218 0.004389
2 2 0.000056 0.005371 0.976609 0.015282 0.002681
2 2 0.000021 0.002166 0.964553 0.032669 0.000590
2 2 0.000047 0.003579 0.950607 0.044599 0.001168
2 2 0.000047 0.003130 0.926853 0.069180 0.000790
2 2 0.000052 0.003410 0.901833 0.093702 0.001002
2 2 0.000037 0.002382 0.861161 0.135703 0.000717
2 2 0.000113 0.005259 0.881422 0.110734 0.002472
2 2 0.000336 0.011579 0.879812 0.100079 0.008194
2 2 0.000357 0.008948 0.794924 0.190130 0.005641
2 2 0.000363 0.007291 0.784890 0.204198 0.003258
2 2 0.000126 0.003169 0.792967 0.202701 0.001037
2 2 0.000086 0.002536 0.759078 0.237555 0.000746
2 2 0.000095 0.002788 0.734841 0.261471 0.000805
2 2 0.000268 0.004943 0.585737 0.406711 0.002341
2 2 0.000573 0.008996 0.585038 0.400345 0.005047
3 2 0.001650 0.012871 0.371567 0.602142 0.011769
3 2 0.001696 0.010651 0.281471 0.695054 0.011128
2 2 0.001374 0.035091 0.801012 0.102577 0.059946
2 2 0.002663 0.052751 0.737602 0.112971 0.094012
2 2 0.003868 0.057444 0.694118 0.133410 0.111160
2 2 0.005809 0.052248 0.598645 0.258534 0.084764
2 2 0.006429 0.039264 0.518645 0.381039 0.054623
3 2 0.003836 0.020546 0.461513 0.497041 0.017064
2 2 0.002053 0.014629 0.493018 0.478828 0.011471
2 2 0.001483 0.012537 0.510755 0.464982 0.010242
2 2 0.002230 0.021018 0.557099 0.391047 0.028606
2 2 0.002993 0.025885 0.514139 0.420679 0.036305
2 2 0.004231 0.038491 0.560117 0.343486 0.053675
2 2 0.004471 0.029810 0.493462 0.435531 0.036726
3 2 0.006739 0.027430 0.327202 0.597689 0.040941
3 2 0.004200 0.014818 0.267628 0.700424 0.012931
3 2 0.002113 0.007871 0.215083 0.768812 0.006121
3 2 0.004275 0.012714 0.214077 0.756367 0.012567
3 3 0.004114 0.014988 0.208118 0.755570 0.017209
3 3 0.002025 0.008310 0.145009 0.837251 0.007405
3 3 0.002654 0.011037 0.168643 0.806196 0.011470
3 3 0.000552 0.002743 0.089162 0.904946 0.002598
3 3 0.000713 0.003281 0.142405 0.851503 0.002098
3 3 0.001038 0.006020 0.217191 0.772471 0.003280
3 3 0.000891 0.006692 0.220154 0.768443 0.003820
3 3 0.001149 0.008709 0.244733 0.739945 0.005464
3 3 0.000723 0.005781 0.207035 0.782971 0.003489
3 3 0.000507 0.003307 0.103574 0.889895 0.002716
3 3 0.000500 0.002787 0.078261 0.916206 0.002246
3 3 0.000739 0.003926 0.092466 0.899621 0.003249
3 3 0.000612 0.003255 0.085349 0.908153 0.002631
3 3 0.000189 0.001074 0.051928 0.946013 0.000796
3 3 0.000183 0.000920 0.053726 0.944477 0.000694
3 3 0.000196 0.001026 0.061544 0.936490 0.000743
3 3 0.000404 0.002150 0.100248 0.895781 0.001417
3 3 0.000501 0.002378 0.089863 0.905576 0.001682
3 3 0.000872 0.004070 0.117436 0.874493 0.003129
3 3 0.000296 0.001143 0.059596 0.938176 0.000790
3 3 0.000102 0.000457 0.032825 0.966309 0.000307
3 3 0.000202 0.000737 0.033336 0.965301 0.000424
3 3 0.000378 0.001167 0.036526 0.961320 0.000609
3 3 0.000241 0.001016 0.039556 0.958572 0.000615
3 3 0.000285 0.001301 0.071816 0.925661 0.000937
3 3 0.000301 0.001208 0.076056 0.921618 0.000818
3 3 0.000944 0.002333 0.083626 0.911557 0.001540
3 3 0.000746 0.001452 0.054311 0.942690 0.000801
3 3 0.000847 0.001564 0.059665 0.937042 0.000882
3 3 0.000308 0.000857 0.048542 0.949745 0.000548
3 3 0.000273 0.000814 0.045614 0.952782 0.000517
3 3 0.000420 0.000925 0.049267 0.948834 0.000555
3 3 0.000940 0.001688 0.063775 0.932634 0.000963
3 3 0.004268 0.006617 0.136056 0.849022 0.004036
3 3 0.005792 0.009448 0.169814 0.808843 0.006104
3 3 0.008147 0.019206 0.311450 0.649139 0.012058
2 3 0.008260 0.032239 0.532508 0.410757 0.016236
2 2 0.004100 0.037464 0.816091 0.127708 0.014637
2 2 0.002194 0.033346 0.895427 0.058480 0.010552
2 2 0.001048 0.024812 0.925596 0.041541 0.007004
2 2 0.001072 0.026648 0.926551 0.038446 0.007283
2 2 0.000906 0.020968 0.920952 0.052506 0.004669
2 2 0.002008 0.032455 0.877240 0.080476 0.007821
2 2 0.000778 0.014407 0.843402 0.138461 0.002951
2 2 0.000617 0.022762 0.928343 0.035837 0.012441
2 2 0.001689 0.042854 0.872993 0.056781 0.025683
2 2 0.002143 0.047256 0.846601 0.072002 0.031998
2 2 0.002111 0.041770 0.847125 0.083789 0.025205
2 2 0.002935 0.041484 0.779580 0.149178 0.026823
2 2 0.005367 0.053509 0.685136 0.205159 0.050830
3 2 0.010217 0.052365 0.423786 0.435951 0.077680
3 2 0.006682 0.043648 0.381247 0.496313 0.072109
3 2 0.005274 0.033546 0.329120 0.588310 0.043751
2 2 0.011067 0.073958 0.399707 0.384564 0.130704
2 2 0.010883 0.080380 0.437743 0.338055 0.132939
3 2 0.015393 0.078900 0.308892 0.419861 0.176954
3 2 0.008318 0.037342 0.276343 0.614731 0.063266
3 2 0.004077 0.019434 0.211269 0.737718 0.027502
3 3 0.005493 0.023763 0.238255 0.697881 0.034608
3 3 0.002302 0.009766 0.171147 0.804748 0.012036
3 3 0.004966 0.016258 0.215429 0.746921 0.016426
3 3 0.003101 0.010780 0.190775 0.787186 0.008158
3 3 0.001828 0.008448 0.175857 0.808254 0.005613
3 3 0.001618 0.008373 0.169414 0.815413 0.005182
3 3 0.000605 0.004154 0.239147 0.754051 0.002043
3 3 0.001993 0.008553 0.264051 0.720513 0.004891
3 3 0.002379 0.009760 0.303298 0.679120 0.005443
3 3 0.004992 0.015273 0.374977 0.596834 0.007925
3 3 0.003471 0.012395 0.385018 0.592895 0.006220
3 3 0.004014 0.012474 0.326050 0.650835 0.006627
3 3 0.005786 0.017297 0.286171 0.679603 0.011143
3 3 0.002152 0.007181 0.169476 0.816161 0.005029
3 3 0.003498 0.011409 0.182092 0.793041 0.009959
3 3 0.002320 0.008389 0.153729 0.828379 0.007182
3 3 0.002995 0.011610 0.172030 0.802358 0.011006
3 3 0.003677 0.015233 0.202656 0.759131 0.019302
3 3 0.002897 0.012537 0.183981 0.785123 0.015462
3 3 0.004422 0.017623 0.208088 0.749807 0.020060
3 2 0.007114 0.025502 0.272186 0.663366 0.031832
3 2 0.008232 0.030612 0.369360 0.554674 0.037121
2 2 0.005081 0.025556 0.491339 0.459370 0.018654
2 2 0.004105 0.027597 0.693427 0.264696 0.010175
2 2 0.002170 0.018829 0.806749 0.167084 0.005168
2 2 0.003382 0.030401 0.834803 0.121530 0.009884
2 2 0.000844 0.025139 0.944885 0.024245 0.004887
2 2 0.000492 0.017078 0.939504 0.038435 0.004492
2 2 0.000363 0.013289 0.928959 0.053717 0.003673
2 2 0.000307 0.008497 0.866804 0.122176 0.002216
2 2 0.002897 0.039806 0.855865 0.073288 0.028144
2 1 0.019292 0.123848 0.585636 0.034081 0.237142
2 1 0.023006 0.116588 0.539944 0.054704 0.265758
2 1 0.029569 0.123102 0.413354 0.043979 0.389995
4 1 0.044932 0.093793 0.165249 0.021861 0.674166
4 1 0.042215 0.079553 0.058659 0.003008 0.816565
4 1 0.028330 0.080871 0.067417 0.003062 0.820320
4 4 0.032310 0.088142 0.085606 0.008591 0.785351
4 4 0.028469 0.078589 0.063183 0.004480 0.825280
4 4 0.045357 0.100290 0.057092 0.001677 0.795584
4 4 0.177105 0.205858 0.165692 0.010405 0.440940
2 4 0.149759 0.246164 0.301583 0.013666 0.288828
4 4 0.236389 0.278958 0.156656 0.015617 0.312380
4 4 0.095665 0.260974 0.226816 0.014853 0.401693
4 4 0.064117 0.161856 0.095319 0.003615 0.675093
4 4 0.090289 0.124494 0.046732 0.002331 0.736153
2 4 0.148933 0.289842 0.330150 0.050519 0.180556
1 4 0.189618 0.331582 0.270129 0.020276 0.188396
4 4 0.085251 0.266903 0.207946 0.005266 0.434634
4 4 0.071050 0.244770 0.176936 0.002884 0.504361
4 4 0.005068 0.141367 0.211360 0.001901 0.640304
4 4 0.007397 0.122744 0.137361 0.002180 0.730317
4 4 0.010838 0.096096 0.075078 0.002334 0.815653
4 4 0.014033 0.051570 0.021801 0.001031 0.911566
4 4 0.011767 0.049469 0.021963 0.001192 0.915609
4 4 0.006972 0.033512 0.013432 0.000571 0.945513
4 4 0.005176 0.031566 0.027313 0.002386 0.933559
4 4 0.003251 0.024064 0.024544 0.002362 0.945778
4 4 0.003580 0.023192 0.025554 0.002193 0.945481
4 4 0.002872 0.017962 0.014454 0.000791 0.963920
4 4 0.002027 0.013938 0.011117 0.000549 0.972368
4 4 0.003166 0.018887 0.017616 0.001554 0.958777
4 4 0.023966 0.055530 0.047793 0.007307 0.865404
4 4 0.065067 0.087351 0.068688 0.011141 0.767753
4 4 0.101308 0.116084 0.058753 0.004561 0.719294
4 4 0.098779 0.139407 0.081230 0.005687 0.674898
4 4 0.003479 0.033114 0.024636 0.003198 0.935573
4 4 0.002668 0.024806 0.012198 0.000930 0.959399
4 4 0.003157 0.031684 0.040178 0.007695 0.917285
4 4 0.003663 0.028402 0.030554 0.003653 0.933728
4 4 0.010438 0.039255 0.020107 0.000889 0.929311
4 4 0.013957 0.030016 0.007678 0.000097 0.948253
4 4 0.016665 0.027209 0.005536 0.000054 0.950537
4 4 0.020585 0.032915 0.007172 0.000084 0.939245
4 4 0.023059 0.044275 0.012662 0.000209 0.919795
4 4 0.017715 0.034550 0.008940 0.000115 0.938680
4 4 0.011635 0.035996 0.011930 0.000300 0.940139
4 4 0.014346 0.050437 0.020649 0.000896 0.913671
4 4 0.009369 0.122299 0.123321 0.002214 0.742797
4 4 0.004805 0.169519 0.321927 0.002342 0.501407
4 4 0.004843 0.165083 0.302064 0.002349 0.525660
4 4 0.003578 0.117925 0.406140 0.006396 0.465960
4 4 0.003845 0.102404 0.423416 0.009191 0.461144
4 4 0.004940 0.123111 0.234734 0.003519 0.633695
4 4 0.006153 0.066669 0.059347 0.002832 0.864999
4 4 0.006408 0.035686 0.015824 0.000881 0.941201
4 4 0.058577 0.105961 0.044429 0.001912 0.789121
4 4 0.067967 0.171570 0.106013 0.004355 0.650095
4 4 0.062022 0.145053 0.077994 0.002950 0.711981
4 4 0.167767 0.233024 0.126639 0.011385 0.461185
4 4 0.031285 0.225302 0.242879 0.003850 0.496683
2 4 0.003138 0.144427 0.597652 0.003686 0.251097
2 4 0.001379 0.083184 0.764179 0.006311 0.144948
2 4 0.000757 0.060343 0.847075 0.006598 0.085227
2 4 0.000340 0.037273 0.904762 0.007430 0.050195
2 4 0.000221 0.030793 0.909087 0.008477 0.051422
2 4 0.000588 0.058261 0.805296 0.008103 0.127753
2 2 0.000838 0.074814 0.739654 0.006534 0.178160
4 2 0.004099 0.113254 0.243160 0.004996 0.634491
4 2 0.007159 0.061578 0.051166 0.005189 0.874908
4 2 0.006574 0.049979 0.030077 0.003735 0.909634
4 2 0.007480 0.047013 0.024995 0.002227 0.918285
4 2 0.007986 0.046292 0.023430 0.001787 0.920505
4 2 0.008457 0.055087 0.032243 0.001768 0.902445
4 2 0.006896 0.100094 0.100311 0.002305 0.790394
4 2 0.003211 0.108977 0.377484 0.006363 0.503966
2 2 0.000259 0.023939 0.925681 0.012907 0.037215
2 2 0.000339 0.029381 0.914069 0.014960 0.041251
2 2 0.000432 0.035378 0.887878 0.016203 0.060108
2 2 0.000223 0.021652 0.930224 0.017042 0.030859
2 2 0.000451 0.033531 0.897768 0.015181 0.053069
2 2 0.000319 0.025792 0.920738 0.018209 0.034942
2 2 0.000283 0.026190 0.922639 0.016707 0.034180
2 2 0.000742 0.059742 0.833260 0.008950 0.097306
2 2 0.000715 0.057299 0.846539 0.009588 0.085858
2 2 0.000637 0.056158 0.837864 0.009232 0.096109
2 2 0.000231 0.028822 0.914068 0.012622 0.044257
2 2 0.000335 0.033084 0.907491 0.011133 0.047956
2 2 0.000596 0.041335 0.876257 0.012406 0.069406
2 2 0.000766 0.049124 0.851760 0.014301 0.084049
2 2 0.001604 0.071777 0.793221 0.012842 0.120556
2 2 0.002700 0.084136 0.763092 0.015852 0.134220
2 2 0.002292 0.064641 0.835517 0.023233 0.074316
2 2 0.002242 0.064022 0.836553 0.019753 0.077430
2 2 0.000853 0.034948 0.906336 0.019709 0.038154
2 2 0.000820 0.039745 0.886937 0.020610 0.051888
2 2 0.000360 0.020300 0.913319 0.037404 0.028618
2 2 0.000248 0.020899 0.932103 0.024863 0.021887
2 2 0.000279 0.026730 0.920769 0.020083 0.032139
2 2 0.000378 0.032455 0.887350 0.020531 0.059286
2 2 0.000148 0.016349 0.944106 0.018788 0.020610
2 2 0.000210 0.017979 0.937795 0.023474 0.020541
2 2 0.000101 0.010276 0.965803 0.016266 0.007553
2 2 0.000051 0.005857 0.977435 0.013715 0.002941
2 2 0.000063 0.008069 0.976287 0.010484 0.005097
2 2 0.000036 0.005917 0.982531 0.007721 0.003795
2 2 0.000031 0.006067 0.977910 0.010601 0.005390
2 2 0.000050 0.010140 0.970768 0.008620 0.010422
2 2 0.000031 0.006622 0.978018 0.010059 0.005270
2 2 0.000148 0.017363 0.954992 0.009844 0.017653
2 2 0.000177 0.015956 0.951686 0.015296 0.016886
2 2 0.000077 0.007948 0.953851 0.031052 0.007072
2 2 0.000200 0.018472 0.936781 0.023630 0.020916
2 2 0.000182 0.017187 0.930666 0.034176 0.017789
2 2 0.000470 0.040548 0.876789 0.024055 0.058138
2 2 0.000185 0.018611 0.919066 0.040174 0.021964
2 2 0.000124 0.007376 0.957602 0.029863 0.005034
2 2 0.000112 0.007116 0.952197 0.037323 0.003251
2 2 0.000061 0.006084 0.961986 0.028733 0.003136
2 2 0.000033 0.004528 0.958095 0.035160 0.002184
2 2 0.000019 0.003784 0.962423 0.031266 0.002508
2 2 0.000016 0.002352 0.905831 0.090262 0.001539
2 2 0.000037 0.003601 0.877392 0.116206 0.002764
2 2 0.000201 0.007631 0.758500 0.227792 0.005877
2 2 0.000485 0.011051 0.743995 0.235480 0.008989
2 2 0.000917 0.016793 0.741036 0.222687 0.018568
2 2 0.000571 0.010598 0.643739 0.335763 0.009329
2 2 0.000495 0.010048 0.620379 0.360686 0.008393
2 2 0.000659 0.011970 0.538298 0.440361 0.008711
2 2 0.000570 0.012000 0.573223 0.406764 0.007443
2 2 0.000264 0.007727 0.548184 0.439962 0.003863
3 2 0.000123 0.003735 0.419604 0.574908 0.001630
3 2 0.000068 0.002185 0.392421 0.604688 0.000639
3 2 0.000066 0.001768 0.336606 0.661071 0.000490
3 2 0.000135 0.002891 0.377230 0.618897 0.000846
3 2 0.000132 0.002513 0.408939 0.587683 0.000733
3 2 0.000319 0.005602 0.384384 0.607210 0.002485
3 2 0.000207 0.004659 0.453632 0.539651 0.001851
2 2 0.014339 0.035358 0.619596 0.321263 0.009445
2 2 0.078676 0.068025 0.518829 0.318837 0.015634
2 2 0.019618 0.040960 0.685561 0.245193 0.008668
2 2 0.021882 0.065672 0.749641 0.145281 0.017525
2 2 0.056874 0.148301 0.668535 0.084938 0.041352
2 2 0.100115 0.246504 0.532908 0.057586 0.062889
2 2 0.047975 0.168809 0.693696 0.052734 0.036786
2 2 0.057095 0.259353 0.570415 0.018815 0.094322
2 2 0.077986 0.289475 0.469920 0.016080 0.146539
2 2 0.009683 0.089701 0.850292 0.023211 0.027112
2 2 0.003489 0.047443 0.913235 0.026809 0.009024
2 2 0.002605 0.040263 0.934536 0.016098 0.006498
2 2 0.001513 0.037156 0.945241 0.009112 0.006978
2 2 0.000356 0.016392 0.963438 0.016280 0.003534
2 2 0.000418 0.021298 0.957551 0.015996 0.004737
2 2 0.000926 0.034101 0.939186 0.018039 0.007748
2 2 0.003927 0.102988 0.855571 0.008220 0.029293
2 2 0.002657 0.062352 0.898999 0.017781 0.018211
2 2 0.000286 0.007291 0.842118 0.148461 0.001845
2 2 0.000851 0.014019 0.795868 0.186052 0.003210
2 2 0.000324 0.006790 0.864695 0.126939 0.001252
2 2 0.000134 0.003753 0.888794 0.106754 0.000565
2 2 0.000088 0.002495 0.901695 0.095420 0.000302
2 2 0.000170 0.005338 0.892304 0.101373 0.000815
2 2 0.000720 0.014798 0.853869 0.126750 0.003862
2 2 0.002040 0.038675 0.848870 0.090219 0.020196
2 2 0.002466 0.047890 0.834264 0.080271 0.035109
2 2 0.035184 0.084517 0.731597 0.124709 0.023993
2 2 0.088425 0.106551 0.615025 0.159316 0.030682
2 2 0.022129 0.064554 0.701050 0.187885 0.024382
2 2 0.009805 0.045645 0.772547 0.156104 0.015899
2 2 0.012582 0.061725 0.803516 0.103914 0.018263
2 2 0.012742 0.067566 0.845019 0.061513 0.013159
2 2 0.000468 0.012335 0.939690 0.045754 0.001752
2 2 0.000345 0.014373 0.961261 0.022283 0.001739
2 2 0.000357 0.016271 0.966425 0.014883 0.002064
2 2 0.000333 0.018094 0.964995 0.014218 0.002359
2 2 0.000058 0.004650 0.979278 0.015690 0.000325
2 2 0.000070 0.003466 0.952979 0.043050 0.000435
2 2 0.000108 0.003894 0.953469 0.042123 0.000406
2 2 0.000149 0.004391 0.923813 0.071139 0.000508
2 2 0.000178 0.005041 0.915387 0.078726 0.000667
2 2 0.000348 0.009192 0.933174 0.055964 0.001323
2 2 0.009597 0.032111 0.913739 0.041296 0.003257
2 2 0.019203 0.038642 0.887310 0.050992 0.003854
2 2 0.024731 0.049726 0.840468 0.078014 0.007061
2 2 0.025095 0.067138 0.849106 0.049929 0.008733
2 2 0.060524 0.150442 0.722302 0.044560 0.022172
2 2 0.040751 0.121317 0.781275 0.040157 0.016499
2 2 0.010568 0.068321 0.881728 0.031032 0.008350
2 2 0.006160 0.066769 0.904015 0.016304 0.006753
2 2 0.001671 0.031006 0.954460 0.010460 0.002403
2 2 0.001436 0.027858 0.948505 0.019078 0.003123
2 2 0.000970 0.016466 0.941853 0.038787 0.001923
2 2 0.000424 0.010585 0.920868 0.066514 0.001610
2 2 0.000549 0.012183 0.895138 0.090012 0.002119
2 2 0.000543 0.012161 0.850332 0.134653 0.002311
2 2 0.000180 0.005918 0.860099 0.132849 0.000954
2 2 0.000973 0.022181 0.940048 0.030240 0.006558
2 2 0.000116 0.004209 0.909775 0.085321 0.000578
2 2 0.000689 0.014260 0.897757 0.084270 0.003024
2 2 0.000455 0.009090 0.869812 0.118938 0.001705
2 2 0.001023 0.014715 0.791319 0.189425 0.003518
2 2 0.001218 0.017656 0.698358 0.276784 0.005983
2 2 0.001601 0.022975 0.728685 0.238299 0.008440
2 2 0.015836 0.038945 0.721160 0.214689 0.009370
2 2 0.036250 0.043207 0.611830 0.296981 0.011732
2 2 0.027492 0.047289 0.649695 0.260000 0.015524
2 2 0.025806 0.050600 0.696696 0.212100 0.014798
2 1 0.011471 0.044122 0.719634 0.209085 0.015688
2 1 0.057158 0.183303 0.498543 0.051942 0.209055
4 1 0.028586 0.153026 0.369791 0.017725 0.430872
2 4 0.010642 0.144954 0.434520 0.006991 0.402893
4 4 0.010788 0.137775 0.214399 0.002322 0.634717
4 4 0.035417 0.154212 0.178704 0.004392 0.627275
4 4 0.041554 0.186723 0.209220 0.003778 0.558724
4 4 0.051768 0.215412 0.201704 0.004815 0.526301
4 4 0.042765 0.181407 0.136074 0.002314 0.637441
4 4 0.001237 0.014903 0.009321 0.000736 0.973803
4 4 0.005710 0.037259 0.048244 0.006852 0.901935
4 4 0.011828 0.040431 0.043698 0.002997 0.901046
4 4 0.010860 0.026046 0.022807 0.000657 0.939629
4 4 0.013465 0.027318 0.021709 0.000512 0.936995
4 4 0.018898 0.040961 0.021792 0.000581 0.917769
4 4 0.021688 0.056588 0.029027 0.001192 0.891505
4 4 0.007810 0.031862 0.019082 0.000863 0.940383
4 4 0.006275 0.029081 0.013950 0.000576 0.950117
4 4 0.004158 0.025085 0.026138 0.002135 0.942484
4 4 0.002045 0.018998 0.026875 0.003397 0.948685
4 4 0.001518 0.021533 0.058150 0.019990 0.898809
4 4 0.001606 0.019939 0.026740 0.004576 0.947138
4 4 0.002180 0.025001 0.059872 0.017089 0.895858
4 4 0.002810 0.022846 0.038794 0.005614 0.929937
4 4 0.003631 0.025580 0.056620 0.009345 0.904825
4 4 0.018799 0.054591 0.050785 0.005357 0.870468
4 4 0.077908 0.077205 0.019992 0.000551 0.824343
4 4 0.068587 0.090086 0.027315 0.000900 0.813111
4 4 0.056571 0.084775 0.027469 0.000867 0.830317
4 4 0.036748 0.094249 0.043378 0.001821 0.823803
4 4 0.090042 0.124066 0.047175 0.002359 0.736358
4 4 0.212617 0.172533 0.055751 0.004312 0.554786
4 4 0.128261 0.219040 0.137988 0.007821 0.506891
4 4 0.207574 0.259402 0.186630 0.022099 0.324295
2 1 0.132965 0.231109 0.461717 0.063638 0.110571
2 1 0.127459 0.142118 0.552274 0.135384 0.042764
2 1 0.082768 0.141630 0.608374 0.121709 0.045519
2 1 0.041868 0.120641 0.717444 0.086839 0.033208
2 1 0.094028 0.247053 0.502563 0.055753 0.100603
2 1 0.066852 0.220893 0.593162 0.058597 0.060496
2 1 0.040029 0.130033 0.747262 0.056638 0.026038
2 1 0.011844 0.081159 0.837304 0.049547 0.020145
2 1 0.002822 0.042993 0.904748 0.038043 0.011394
2 2 0.002666 0.062533 0.901012 0.011809 0.021979
2 2 0.001151 0.041898 0.932732 0.014394 0.009825
2 2 0.000950 0.037775 0.936267 0.016895 0.008112
2 2 0.001287 0.032667 0.936628 0.024123 0.005295
2 2 0.000873 0.024150 0.936032 0.034879 0.004067
2 2 0.000551 0.012232 0.940291 0.045381 0.001546
2 2 0.039132 0.229599 0.569102 0.023405 0.138762
2 2 0.050097 0.277662 0.361898 0.010036 0.300307
4 2 0.063819 0.257456 0.258932 0.009279 0.410515
4 1 0.041448 0.192911 0.155873 0.002452 0.607316
4 1 0.030371 0.246101 0.306424 0.002954 0.414150
2 1 0.025217 0.257905 0.389307 0.003126 0.324446
2 1 0.012263 0.236747 0.495860 0.003595 0.251535
2 1 0.003639 0.126539 0.712360 0.006603 0.150860
2 1 0.002136 0.088922 0.787890 0.007885 0.113166
2 1 0.000856 0.053554 0.878872 0.010382 0.056336
2 1 0.001288 0.079532 0.821661 0.006774 0.090745
2 1 0.001873 0.109506 0.737649 0.003286 0.147686
2 1 0.001599 0.079359 0.823067 0.006094 0.089880
2 1 0.001964 0.091494 0.786378 0.006993 0.113171
2 1 0.110702 0.203895 0.524595 0.026240 0.134568
2 1 0.205035 0.251432 0.413803 0.020900 0.108830
1 0 0.297814 0.313323 0.265159 0.021284 0.102421
2 0 0.267882 0.257857 0.413057 0.029985 0.031219
0 0 0.472027 0.252370 0.133874 0.047368 0.094361
0 0 0.882027 0.059051 0.025370 0.021139 0.012413
0 0 0.763767 0.033342 0.061083 0.135040 0.006769
0 0 0.597199 0.044159 0.086269 0.263003 0.009370
3 0 0.287582 0.039119 0.129577 0.533790 0.009932
0 0 0.564158 0.044118 0.056255 0.328368 0.007102
0 0 0.727811 0.061107 0.047897 0.152580 0.010605
0 0 0.674092 0.063331 0.087972 0.159390 0.015214
0 0 0.790094 0.093551 0.052222 0.039602 0.024531
0 0 0.814668 0.113640 0.028110 0.015777 0.027806
0 0 0.765731 0.138686 0.039985 0.020149 0.035449
0 0 0.519800 0.258505 0.133258 0.030264 0.058173
0 0 0.536586 0.245905 0.089418 0.011080 0.117011
0 0 0.677227 0.164782 0.041035 0.010041 0.106915
0 0 0.703313 0.160977 0.043932 0.014885 0.076893
0 0 0.670774 0.162557 0.038776 0.008894 0.118999
0 0 0.469323 0.177672 0.041631 0.004758 0.306616
0 0 0.397178 0.199093 0.058153 0.007260 0.338316
4 0 0.337893 0.184868 0.051074 0.004940 0.421225
0 0 0.541810 0.153312 0.028376 0.002911 0.273592
4 0 0.362319 0.159563 0.034470 0.002622 0.441026
0 1 0.490440 0.171806 0.037999 0.004269 0.295485
4 1 0.177759 0.175181 0.064993 0.005172 0.576895
4 1 0.121877 0.142321 0.051404 0.002999 0.681400
4 1 0.089768 0.126282 0.048508 0.002475 0.732967
4 1 0.058320 0.100292 0.039309 0.001563 0.800517
4 1 0.074186 0.125204 0.054744 0.002869 0.742996
4 1 0.124752 0.134017 0.043933 0.002324 0.694974
4 1 0.210020 0.154736 0.043290 0.002781 0.589173
0 1 0.493162 0.173672 0.039069 0.004527 0.289571
0 1 0.602609 0.187686 0.053133 0.012439 0.144134
0 1 0.609649 0.199558 0.076772 0.033552 0.080470
0 0 0.684698 0.171388 0.055191 0.023883 0.064841
0 0 0.442624 0.229172 0.086554 0.018482 0.223167
0 0 0.453948 0.248184 0.125692 0.044692 0.127483
4 0 0.318529 0.228712 0.092164 0.014099 0.346496
4 1 0.212818 0.231241 0.143033 0.026003 0.386905
4 1 0.099075 0.161688 0.091620 0.007338 0.640279
4 1 0.091519 0.140124 0.103986 0.008234 0.656136
4 1 0.157356 0.167361 0.067848 0.005211 0.602224
4 1 0.229040 0.196418 0.073352 0.007269 0.493921
4 1 0.332442 0.222705 0.083963 0.012226 0.348665
1 1 0.126859 0.321056 0.307180 0.017858 0.227047
2 1 0.110732 0.338798 0.340447 0.010667 0.199356
1 1 0.123105 0.329702 0.289857 0.009777 0.247559
1 1 0.136666 0.327644 0.258760 0.008346 0.268584
4 1 0.055100 0.292271 0.312020 0.004066 0.336543
2 1 0.069097 0.316345 0.325119 0.004480 0.284958
1 1 0.110240 0.354084 0.331036 0.005852 0.198788
1 1 0.157647 0.353408 0.282482 0.008065 0.198398
1 1 0.203837 0.362838 0.268373 0.008727 0.156226
1 1 0.242736 0.350598 0.226678 0.009021 0.170968
0 2 0.487341 0.268276 0.112068 0.013417 0.118899
1 2 0.252530 0.326030 0.201220 0.012593 0.207627
1 2 0.209014 0.343662 0.238456 0.010296 0.198572
1 2 0.191708 0.353669 0.250049 0.007629 0.196946
1 2 0.227889 0.347261 0.241129 0.011509 0.172212
2 2 0.111559 0.350908 0.392807 0.011728 0.132998
2 2 0.055143 0.308561 0.428827 0.008933 0.198535
2 2 0.053981 0.317663 0.476619 0.008243 0.143494
2 2 0.054150 0.316086 0.453641 0.005888 0.170235
2 2 0.122272 0.309799 0.461226 0.013830 0.092874
2 2 0.006060 0.074290 0.881709 0.017890 0.020052
2 2 0.007060 0.079873 0.888398 0.011516 0.013153
2 2 0.009581 0.075355 0.897908 0.010016 0.007140
2 2 0.086062 0.143310 0.719216 0.037051 0.014361
2 2 0.142535 0.285672 0.499708 0.026076 0.046009
2 2 0.115946 0.349861 0.386552 0.012740 0.134900
2 2 0.100125 0.346719 0.398156 0.010693 0.144307
2 2 0.079569 0.322951 0.365557 0.009161 0.222762
2 2 0.027021 0.224944 0.593136 0.008968 0.145930
2 2 0.001298 0.047424 0.896326 0.010733 0.044220
2 2 0.000708 0.032509 0.928858 0.009789 0.028136
2 2 0.001706 0.065345 0.842998 0.009312 0.080638
2 2 0.002665 0.091610 0.743371 0.008245 0.154110
2 2 0.002938 0.083157 0.778744 0.014287 0.120873
2 2 0.005898 0.122652 0.706881 0.011900 0.152669
2 2 0.003920 0.079508 0.861945 0.011390 0.043237
2 2 0.006637 0.111662 0.824114 0.009237 0.048351
2 2 0.007367 0.093789 0.867318 0.008507 0.023019
2 2 0.020953 0.072451 0.867335 0.030893 0.008368
2 2 0.129847 0.141219 0.623946 0.080753 0.024234
2 2 0.011797 0.201812 0.485676 0.003529 0.297187
2 2 0.010453 0.180724 0.534026 0.005848 0.268948
2 2 0.009494 0.196083 0.589382 0.003646 0.201395
2 2 0.019893 0.247333 0.437319 0.003109 0.292345
2 2 0.028561 0.270457 0.412743 0.003755 0.284484
2 2 0.136928 0.226442 0.522949 0.031852 0.081829
2 2 0.232237 0.262429 0.404074 0.044105 0.057155
1 2 0.300815 0.305214 0.295296 0.038728 0.059948
0 2 0.491727 0.276592 0.162764 0.023959 0.044958
0 2 0.416475 0.296165 0.213762 0.026665 0.046933
0 1 0.433017 0.306270 0.193047 0.022051 0.045615
0 1 0.573213 0.247211 0.117096 0.020942 0.041539
0 1 0.494468 0.267887 0.145860 0.031930 0.059855
0 1 0.335114 0.302617 0.209520 0.042941 0.109808
2 1 0.101816 0.300696 0.429657 0.021307 0.146523
2 1 0.042807 0.241731 0.437986 0.007630 0.269846
2 1 0.103733 0.308141 0.414008 0.015394 0.158724
2 1 0.032884 0.274089 0.442920 0.006889 0.243219
2 1 0.045870 0.295314 0.443275 0.009065 0.206476
2 1 0.035718 0.292984 0.458763 0.005054 0.207481
4 2 0.025418 0.056529 0.019386 0.000514 0.898153
4 2 0.041477 0.075697 0.026855 0.000780 0.855191
4 2 0.028217 0.055134 0.017536 0.000379 0.898734
4 2 0.037006 0.072604 0.026271 0.000786 0.863332
4 2 0.039060 0.093421 0.040316 0.000947 0.826256
4 2 0.037932 0.078389 0.029616 0.000731 0.853332
4 2 0.037627 0.070103 0.024325 0.000652 0.867294
4 2 0.047150 0.064085 0.016808 0.000379 0.871577
4 4 0.038745 0.068424 0.022538 0.000580 0.869713
4 4 0.073406 0.114041 0.044454 0.002027 0.766073
4 4 0.052277 0.095314 0.037993 0.001440 0.812976
4 4 0.043773 0.120640 0.061849 0.001402 0.772335
4 4 0.036501 0.068136 0.023351 0.000607 0.871405
4 4 0.062469 0.090814 0.029807 0.001014 0.815896
4 4 0.117654 0.124793 0.038821 0.001858 0.716874
4 4 0.031974 0.074215 0.029478 0.001136 0.863198
