4 0 0.063839 0.055061 0.004307 0.000001 0.876791
4 0 0.097372 0.064367 0.004293 0.000001 0.833968
4 0 0.061867 0.090609 0.010809 0.000008 0.836708
4 0 0.037363 0.039041 0.003475 0.000002 0.920119
4 0 0.081219 0.080649 0.008289 0.000005 0.829838
4 0 0.114801 0.081113 0.012458 0.000034 0.791595
4 0 0.176208 0.115921 0.019143 0.000061 0.688668
4 0 0.247208 0.185744 0.037041 0.000163 0.529844
4 0 0.231291 0.193883 0.037186 0.000133 0.537507
4 0 0.240422 0.182038 0.036628 0.000166 0.540746
4 0 0.241353 0.181695 0.037621 0.000187 0.539145
4 0 0.228209 0.124915 0.023871 0.000130 0.622875
4 0 0.152754 0.090646 0.016082 0.000074 0.740443
4 0 0.111213 0.053562 0.008451 0.000036 0.826737
4 0 0.126949 0.045631 0.007632 0.000050 0.819739
4 0 0.082683 0.041615 0.006789 0.000034 0.868879
4 0 0.073278 0.039316 0.007006 0.000045 0.880355
4 1 0.049203 0.043014 0.008266 0.000047 0.899470
4 1 0.047563 0.044958 0.010825 0.000115 0.896540
4 1 0.060613 0.076069 0.021509 0.000269 0.841540
4 1 0.036288 0.086502 0.027712 0.000318 0.849179
4 1 0.039517 0.094954 0.040067 0.001042 0.824419
4 1 0.036679 0.112986 0.096018 0.007250 0.747067
4 1 0.037814 0.152780 0.192621 0.011659 0.605126
2 1 0.040216 0.196588 0.370463 0.023572 0.369162
2 1 0.013139 0.128441 0.660310 0.040350 0.157759
2 1 0.013416 0.123646 0.671717 0.049893 0.141329
2 1 0.005669 0.086553 0.812333 0.039371 0.056074
2 1 0.001218 0.030528 0.871439 0.080948 0.015867
2 1 0.000041 0.003892 0.904532 0.090921 0.000614
2 1 0.000063 0.004946 0.902092 0.092096 0.000803
2 1 0.000070 0.006049 0.939750 0.053389 0.000742
2 2 0.000163 0.009750 0.932997 0.055810 0.001281
2 2 0.000064 0.004878 0.893289 0.100936 0.000833
2 2 0.000037 0.003695 0.909475 0.086230 0.000563
2 2 0.000078 0.004962 0.857035 0.136912 0.001014
2 2 0.000047 0.003727 0.860035 0.135450 0.000742
2 2 0.000054 0.003586 0.803018 0.192465 0.000878
2 2 0.000086 0.004771 0.811258 0.182726 0.001159
2 2 0.000336 0.010137 0.793161 0.193650 0.002717
3 2 0.000223 0.003914 0.459408 0.534520 0.001936
3 2 0.000107 0.002541 0.447291 0.548801 0.001260
3 2 0.000068 0.001620 0.388053 0.609432 0.000827
3 2 0.000043 0.001361 0.443024 0.554972 0.000600
3 2 0.000014 0.000774 0.486830 0.512085 0.000297
2 3 0.000010 0.000777 0.580425 0.418536 0.000252
3 3 0.000020 0.000850 0.451674 0.547114 0.000341
3 3 0.000020 0.000545 0.272929 0.726199 0.000307
3 3 0.000017 0.000246 0.113166 0.886352 0.000219
3 3 0.000038 0.000266 0.070755 0.928641 0.000299
3 3 0.000042 0.000324 0.090072 0.909248 0.000314
3 3 0.000041 0.000341 0.102835 0.896485 0.000298
3 3 0.000023 0.000257 0.102495 0.896994 0.000230
3 3 0.000033 0.000213 0.064852 0.934672 0.000230
3 3 0.000123 0.000332 0.045557 0.953560 0.000427
3 3 0.000071 0.000147 0.027020 0.972554 0.000208
3 3 0.000163 0.000252 0.030182 0.969055 0.000349
3 3 0.000115 0.000162 0.023292 0.976196 0.000235
3 3 0.000193 0.000308 0.037237 0.961892 0.000370
3 3 0.000177 0.000507 0.069525 0.929297 0.000494
3 3 0.000218 0.000241 0.024887 0.974308 0.000345
3 3 0.000277 0.000260 0.023659 0.975431 0.000374
3 3 0.000153 0.000162 0.020126 0.979317 0.000241
3 3 0.000217 0.000192 0.019910 0.979396 0.000285
3 3 0.000168 0.000140 0.016650 0.982827 0.000216
3 3 0.000281 0.000181 0.016423 0.982837 0.000278
3 3 0.000150 0.000138 0.017334 0.982168 0.000210
3 3 0.000150 0.000140 0.017570 0.981928 0.000213
3 3 0.000279 0.000174 0.015866 0.983412 0.000269
3 3 0.000269 0.000151 0.014091 0.985249 0.000239
3 3 0.000123 0.000092 0.012893 0.986742 0.000149
3 3 0.000121 0.000080 0.011351 0.988315 0.000133
3 3 0.000456 0.000213 0.015059 0.983941 0.000331
3 3 0.000214 0.000112 0.011725 0.987767 0.000182
3 3 0.000467 0.000216 0.015068 0.983914 0.000335
3 3 0.000268 0.000132 0.012320 0.987066 0.000213
3 3 0.000219 0.000149 0.015361 0.984040 0.000231
3 3 0.000302 0.000207 0.018087 0.981091 0.000312
3 3 0.000691 0.000407 0.023081 0.975237 0.000584
3 3 0.000585 0.000306 0.018965 0.979689 0.000455
3 3 0.000991 0.001168 0.053957 0.942451 0.001433
3 3 0.001023 0.001288 0.058366 0.937766 0.001557
3 3 0.000597 0.001199 0.071340 0.925461 0.001402
3 3 0.000729 0.001293 0.069465 0.926996 0.001518
3 3 0.000948 0.002202 0.109037 0.885624 0.002189
3 3 0.000335 0.001831 0.184304 0.812195 0.001336
3 3 0.001915 0.006342 0.249351 0.738201 0.004191
3 3 0.001626 0.006450 0.296426 0.691806 0.003692
3 3 0.002903 0.008613 0.316624 0.667477 0.004383
3 3 0.002727 0.008466 0.320109 0.664390 0.004308
3 3 0.001541 0.004721 0.257900 0.733338 0.002500
3 3 0.002145 0.008448 0.354165 0.631071 0.004170
3 3 0.000330 0.003792 0.449389 0.544948 0.001541
3 3 0.000092 0.001857 0.431299 0.565971 0.000782
3 3 0.000072 0.001335 0.346173 0.651764 0.000656
3 3 0.000083 0.000984 0.218693 0.779599 0.000642
3 3 0.000427 0.003656 0.332838 0.661048 0.002030
3 3 0.000432 0.004159 0.397161 0.596271 0.001976
3 3 0.000343 0.003629 0.395094 0.599218 0.001716
3 3 0.000293 0.003666 0.437515 0.556919 0.001607
3 3 0.000719 0.004867 0.325743 0.665856 0.002815
3 3 0.000728 0.003760 0.272829 0.720509 0.002174
3 3 0.000728 0.002484 0.186773 0.808410 0.001604
3 3 0.000342 0.003557 0.397137 0.597325 0.001640
3 3 0.000109 0.002138 0.440192 0.556649 0.000912
3 3 0.000092 0.002069 0.442862 0.554052 0.000925
3 3 0.000020 0.000582 0.249315 0.749689 0.000394
3 3 0.000017 0.000648 0.304270 0.694660 0.000406
3 3 0.000023 0.000830 0.350996 0.647700 0.000451
2 3 0.000121 0.002599 0.509598 0.486700 0.000982
3 3 0.000243 0.003218 0.461842 0.533453 0.001244
3 3 0.000683 0.004796 0.412238 0.580339 0.001944
3 3 0.002610 0.007650 0.300421 0.685218 0.004101
3 3 0.002297 0.002280 0.074275 0.918780 0.002369
3 3 0.003025 0.004919 0.138829 0.848893 0.004334
3 3 0.000911 0.001444 0.071766 0.924263 0.001617
3 3 0.000299 0.001146 0.114844 0.882687 0.001024
3 3 0.000246 0.000865 0.092043 0.905994 0.000853
3 3 0.000163 0.000811 0.105557 0.892684 0.000785
3 3 0.000350 0.002210 0.207785 0.788038 0.001617
3 3 0.000227 0.003490 0.420837 0.573671 0.001776
3 3 0.000285 0.003654 0.399864 0.594319 0.001878
3 3 0.000218 0.003281 0.409306 0.585515 0.001680
3 3 0.000723 0.007737 0.472356 0.515349 0.003836
2 3 0.001594 0.012460 0.510298 0.470030 0.005618
3 3 0.002971 0.014457 0.419113 0.555756 0.007704
3 3 0.001787 0.011153 0.440478 0.541029 0.005554
3 3 0.001190 0.009174 0.441607 0.543373 0.004655
2 3 0.000908 0.010244 0.566012 0.418660 0.004176
3 3 0.000493 0.004117 0.339514 0.653565 0.002311
3 3 0.000382 0.002679 0.240065 0.755017 0.001857
3 3 0.000372 0.002074 0.172257 0.823529 0.001767
3 3 0.000233 0.001154 0.109553 0.887808 0.001253
3 3 0.000434 0.003061 0.214181 0.779682 0.002642
3 3 0.000234 0.001669 0.156490 0.839951 0.001656
3 3 0.000103 0.001040 0.162477 0.835438 0.000943
3 3 0.000294 0.001814 0.159764 0.836440 0.001689
3 3 0.000953 0.002664 0.139434 0.854613 0.002336
3 3 0.001473 0.004695 0.211070 0.779431 0.003331
3 3 0.004773 0.016257 0.371617 0.598157 0.009196
2 1 0.034851 0.209346 0.545880 0.023416 0.186506
2 1 0.010006 0.098557 0.813884 0.056426 0.021127
2 1 0.002479 0.047264 0.868040 0.064080 0.018137
2 1 0.000176 0.010131 0.914064 0.072637 0.002992
2 2 0.000132 0.008761 0.923068 0.065729 0.002311
2 2 0.000325 0.015699 0.927675 0.052158 0.004143
2 2 0.000418 0.018268 0.916532 0.057396 0.007387
2 2 0.001767 0.048446 0.860598 0.038710 0.050479
2 2 0.002641 0.061781 0.787738 0.035740 0.112099
2 2 0.005961 0.091788 0.549187 0.023265 0.329798
4 4 0.009485 0.111101 0.338928 0.009644 0.530842
2 4 0.006077 0.108322 0.457835 0.008133 0.419632
4 4 0.008037 0.122520 0.396956 0.006022 0.466466
4 4 0.006176 0.096813 0.405489 0.010333 0.481189
4 4 0.007046 0.047097 0.066197 0.002999 0.876660
4 4 0.006162 0.038690 0.042140 0.001571 0.911437
4 4 0.005924 0.032611 0.028089 0.000910 0.932466
4 4 0.013712 0.031129 0.013669 0.000372 0.941118
4 4 0.049546 0.055758 0.018315 0.000426 0.875955
4 4 0.033899 0.045867 0.013782 0.000226 0.906226
4 4 0.035131 0.189326 0.210697 0.002320 0.562525
2 4 0.020877 0.173549 0.408940 0.006093 0.390541
4 4 0.011995 0.123114 0.337957 0.008046 0.518888
4 4 0.010097 0.119799 0.404052 0.010083 0.455969
2 4 0.005047 0.090876 0.552093 0.017109 0.334875
2 4 0.003490 0.078543 0.679489 0.020711 0.217766
2 4 0.005971 0.107065 0.590810 0.013959 0.282196
2 4 0.004159 0.103451 0.704614 0.009749 0.178028
2 4 0.002718 0.089045 0.761946 0.008027 0.138264
2 4 0.001196 0.055629 0.847024 0.010547 0.085604
2 4 0.000421 0.032885 0.920593 0.008858 0.037244
2 4 0.000438 0.029771 0.925906 0.013834 0.030051
2 4 0.000275 0.023875 0.943223 0.011528 0.021100
2 4 0.000108 0.012032 0.961754 0.018888 0.007217
2 4 0.000108 0.010286 0.948229 0.034377 0.007001
2 2 0.000164 0.012800 0.943797 0.035585 0.007653
2 2 0.000118 0.008685 0.916093 0.069931 0.005173
2 2 0.000056 0.005181 0.902923 0.089165 0.002676
2 2 0.000190 0.008818 0.869935 0.118981 0.002076
2 2 0.000475 0.022347 0.944567 0.028452 0.004159
4 2 0.094772 0.151503 0.055215 0.001040 0.697470
4 2 0.050259 0.095532 0.039432 0.001120 0.813656
4 2 0.036520 0.052936 0.017338 0.000341 0.892865
4 2 0.094655 0.073564 0.021367 0.000403 0.810011
4 2 0.042753 0.055412 0.014556 0.000155 0.887125
4 2 0.084700 0.072503 0.014891 0.000091 0.827816
4 2 0.113619 0.119800 0.022233 0.000074 0.744273
4 2 0.053278 0.111889 0.037531 0.000503 0.796800
4 2 0.058780 0.169213 0.109519 0.003037 0.659451
2 2 0.034764 0.200497 0.462660 0.025443 0.276635
2 2 0.009997 0.119714 0.748465 0.033421 0.088403
2 2 0.001816 0.043500 0.879571 0.051806 0.023307
2 2 0.000094 0.008685 0.951156 0.037259 0.002806
2 2 0.000048 0.006527 0.961142 0.029491 0.002792
2 2 0.000109 0.010906 0.957973 0.025725 0.005287
2 2 0.001704 0.047031 0.868503 0.039257 0.043506
2 2 0.004511 0.087793 0.697152 0.023144 0.187401
2 2 0.008730 0.114649 0.630079 0.026287 0.220255
2 2 0.013452 0.129468 0.539937 0.030029 0.287113
2 2 0.014024 0.125376 0.626247 0.047726 0.186627
2 2 0.000001 0.000562 0.967044 0.032351 0.000043
2 2 0.000001 0.000570 0.930568 0.068796 0.000065
2 2 0.000006 0.001333 0.916549 0.081932 0.000180
2 2 0.000011 0.002005 0.927964 0.069744 0.000275
2 2 0.000011 0.002195 0.952166 0.045314 0.000314
2 2 0.000016 0.002577 0.943781 0.053334 0.000293
2 2 0.000157 0.009100 0.922281 0.067149 0.001313
2 2 0.000594 0.018360 0.908395 0.069377 0.003275
2 2 0.000393 0.015443 0.926452 0.055344 0.002367
2 2 0.000414 0.015036 0.902299 0.079694 0.002558
2 2 0.000036 0.004219 0.945050 0.050210 0.000485
2 3 0.000023 0.003154 0.942936 0.053522 0.000365
2 3 0.000002 0.000677 0.940462 0.058787 0.000072
2 3 0.000003 0.000845 0.901397 0.097634 0.000121
2 3 0.000014 0.001802 0.841615 0.156206 0.000364
2 3 0.000025 0.002172 0.776562 0.220685 0.000556
2 3 0.000036 0.002441 0.735169 0.261667 0.000686
2 3 0.000263 0.006662 0.706745 0.284330 0.002001
2 3 0.000451 0.005818 0.529137 0.462331 0.002263
2 3 0.000247 0.004406 0.571279 0.422536 0.001532
2 3 0.000008 0.000846 0.642667 0.356217 0.000262
2 3 0.000006 0.000570 0.543758 0.455462 0.000204
3 3 0.000013 0.000635 0.391591 0.607462 0.000299
3 3 0.000053 0.000978 0.272791 0.725591 0.000586
3 3 0.000111 0.000896 0.157895 0.840396 0.000701
3 3 0.000096 0.000510 0.092650 0.906259 0.000485
3 3 0.000108 0.000511 0.082596 0.916260 0.000525
3 3 0.000066 0.000414 0.094281 0.904860 0.000379
3 3 0.000197 0.000962 0.130630 0.867447 0.000764
3 3 0.000090 0.000829 0.187167 0.811377 0.000537
3 3 0.000102 0.000685 0.143852 0.854876 0.000485
3 3 0.000106 0.001102 0.240550 0.757622 0.000620
3 3 0.000364 0.001595 0.175653 0.821353 0.001036
3 3 0.000703 0.002615 0.207407 0.787702 0.001574
3 3 0.001016 0.002272 0.140904 0.854182 0.001627
3 3 0.000543 0.001899 0.166613 0.829671 0.001274
3 3 0.000748 0.001286 0.084761 0.912042 0.001163
3 3 0.001244 0.001509 0.073455 0.922332 0.001459
3 3 0.000717 0.000551 0.030556 0.967424 0.000752
3 3 0.000839 0.000747 0.037971 0.959464 0.000978
3 3 0.000321 0.000334 0.028105 0.970776 0.000465
3 3 0.000218 0.000193 0.019926 0.979376 0.000287
3 3 0.000383 0.000267 0.020599 0.978359 0.000393
3 3 0.000354 0.000221 0.017750 0.981341 0.000333
3 3 0.000442 0.000191 0.013744 0.985320 0.000302
3 3 0.000501 0.000240 0.016156 0.982734 0.000368
3 3 0.000586 0.000251 0.015578 0.983198 0.000387
3 3 0.000897 0.000329 0.016344 0.981930 0.000500
3 3 0.000643 0.000255 0.015100 0.983608 0.000395
3 3 0.001040 0.000411 0.018906 0.979034 0.000609
3 3 0.000311 0.000156 0.013490 0.985794 0.000248
3 3 0.000397 0.000184 0.014020 0.985109 0.000290
3 3 0.000096 0.000074 0.011822 0.987885 0.000122
3 3 0.000136 0.000085 0.011331 0.988307 0.000141
3 3 0.000365 0.000233 0.018427 0.980625 0.000349
3 3 0.000738 0.000256 0.014112 0.984493 0.000401
3 3 0.001349 0.000396 0.015947 0.981704 0.000604
3 3 0.002092 0.000629 0.020084 0.976279 0.000916
3 3 0.002562 0.000623 0.017930 0.977961 0.000924
3 3 0.003501 0.000766 0.018726 0.975882 0.001124
3 3 0.001216 0.000280 0.011912 0.986142 0.000449
3 3 0.000355 0.000095 0.007686 0.991698 0.000166
3 3 0.000364 0.000106 0.008417 0.990931 0.000182
3 3 0.000525 0.000169 0.011119 0.987911 0.000276
3 3 0.000538 0.000153 0.009954 0.989099 0.000255
3 3 0.000538 0.000156 0.010162 0.988884 0.000260
3 3 0.000427 0.000133 0.009776 0.989442 0.000223
3 3 0.000938 0.000224 0.010927 0.987543 0.000366
3 3 0.000539 0.000166 0.010778 0.988244 0.000273
3 3 0.000424 0.000160 0.011782 0.987374 0.000260
3 3 0.000484 0.000228 0.015594 0.983343 0.000351
3 3 0.000214 0.000116 0.012196 0.987285 0.000189
3 3 0.000295 0.000160 0.014199 0.985094 0.000252
3 3 0.000237 0.000141 0.014045 0.985353 0.000224
3 3 0.000460 0.000201 0.014161 0.984862 0.000316
3 3 0.000491 0.000234 0.015892 0.983024 0.000359
3 3 0.000673 0.000200 0.011599 0.987204 0.000325
3 3 0.000942 0.000292 0.014146 0.984165 0.000455
3 3 0.000826 0.000240 0.012493 0.986056 0.000384
3 3 0.000598 0.000214 0.013152 0.985697 0.000339
3 3 0.002529 0.001105 0.034637 0.960393 0.001337
3 3 0.001942 0.000746 0.024862 0.971412 0.001039
3 3 0.001291 0.000450 0.018503 0.979087 0.000668
3 3 0.001602 0.000459 0.016872 0.980377 0.000691
3 3 0.000913 0.000243 0.011979 0.986476 0.000390
3 3 0.000525 0.000185 0.012153 0.986840 0.000297
3 3 0.000787 0.000174 0.009298 0.989448 0.000293
3 3 0.000874 0.000161 0.008164 0.990524 0.000277
3 3 0.001757 0.000347 0.012186 0.985158 0.000552
3 3 0.001351 0.000261 0.010503 0.987458 0.000427
3 3 0.001294 0.000237 0.009779 0.988296 0.000394
3 3 0.001109 0.000188 0.008425 0.989957 0.000321
3 3 0.000693 0.000174 0.009934 0.988910 0.000290
3 3 0.000286 0.000074 0.006711 0.992796 0.000133
3 3 0.000342 0.000090 0.007410 0.991999 0.000158
3 3 0.000295 0.000091 0.008102 0.991354 0.000158
3 3 0.000590 0.000212 0.013100 0.985762 0.000336
3 3 0.000332 0.000110 0.009207 0.990163 0.000187
3 3 0.000275 0.000104 0.009624 0.989821 0.000176
3 3 0.003677 0.000920 0.021874 0.972216 0.001313
3 3 0.011962 0.011448 0.166381 0.801368 0.008840
3 3 0.008352 0.015263 0.284087 0.683215 0.009082
3 3 0.005019 0.013974 0.348987 0.624665 0.007354
2 3 0.053721 0.070888 0.492809 0.351802 0.030780
2 3 0.092993 0.115634 0.544331 0.204652 0.042390
2 3 0.117332 0.158808 0.585204 0.094307 0.044349
2 3 0.030022 0.107228 0.764569 0.076741 0.021439
2 3 0.038203 0.129487 0.758803 0.048901 0.024605
2 2 0.110808 0.253284 0.574189 0.015831 0.045888
2 2 0.172859 0.259972 0.498692 0.016727 0.051750
0 2 0.365487 0.258911 0.299892 0.010200 0.065511
0 2 0.579935 0.188789 0.156250 0.009452 0.065573
0 2 0.739701 0.123350 0.076847 0.006586 0.053516
0 2 0.790879 0.102075 0.045992 0.004860 0.056194
0 1 0.732324 0.132296 0.063704 0.005219 0.066457
0 1 0.606768 0.207086 0.097130 0.003453 0.085562
0 1 0.527190 0.235763 0.148912 0.005186 0.082948
0 1 0.497665 0.256098 0.157188 0.004146 0.084902
0 1 0.828172 0.087129 0.033191 0.002837 0.048671
0 1 0.843397 0.075623 0.031769 0.004165 0.045047
2 1 0.015830 0.186514 0.781546 0.002673 0.013436
2 1 0.011049 0.163686 0.813021 0.002184 0.010060
2 1 0.001858 0.062401 0.909263 0.009066 0.017413
2 1 0.001640 0.056316 0.862496 0.018689 0.060859
2 1 0.004657 0.102864 0.692795 0.012501 0.187184
4 1 0.013411 0.086840 0.103978 0.002994 0.792778
4 1 0.006514 0.039881 0.041369 0.001488 0.910748
4 1 0.008176 0.028467 0.022793 0.001053 0.939512
4 4 0.020448 0.030158 0.017766 0.001204 0.930424
4 4 0.015296 0.024088 0.017137 0.001570 0.941909
4 4 0.019640 0.018277 0.007093 0.000418 0.954572
4 4 0.015919 0.019810 0.006249 0.000156 0.957866
4 4 0.016119 0.022823 0.008010 0.000223 0.952825
4 4 0.024736 0.029225 0.008421 0.000150 0.937469
4 4 0.021843 0.039689 0.014145 0.000334 0.923989
4 4 0.016531 0.049574 0.018394 0.000330 0.915171
4 4 0.009886 0.030525 0.012696 0.000359 0.946534
4 4 0.014443 0.032185 0.014420 0.000633 0.938319
4 4 0.010236 0.027181 0.011333 0.000368 0.950881
4 4 0.014846 0.029067 0.010598 0.000276 0.945213
4 4 0.047771 0.086682 0.024284 0.000222 0.841041
4 4 0.053121 0.091662 0.023077 0.000154 0.831986
4 4 0.041049 0.072056 0.016332 0.000083 0.870480
4 4 0.043376 0.095602 0.026189 0.000153 0.834680
4 4 0.036823 0.061188 0.012339 0.000048 0.889603
4 4 0.036423 0.045972 0.008486 0.000032 0.909086
4 4 0.030709 0.050052 0.010423 0.000048 0.908769
4 4 0.048385 0.067347 0.015700 0.000104 0.868463
4 4 0.028624 0.071233 0.023150 0.000285 0.876708
4 4 0.032058 0.081148 0.029693 0.000502 0.856599
4 4 0.031037 0.080552 0.032693 0.000749 0.854968
4 4 0.022914 0.067682 0.031957 0.001040 0.876407
4 4 0.012915 0.046569 0.022708 0.000718 0.917090
4 4 0.012238 0.043557 0.019429 0.000565 0.924211
4 4 0.011246 0.039377 0.017170 0.000483 0.931724
4 4 0.017749 0.036408 0.017066 0.000883 0.927895
4 4 0.021711 0.038139 0.018584 0.001191 0.920376
4 4 0.015697 0.032077 0.014575 0.000709 0.936941
4 4 0.016072 0.035907 0.012990 0.000286 0.934745
4 4 0.020796 0.049172 0.014380 0.000146 0.915506
4 4 0.034540 0.153827 0.135720 0.002415 0.673498
4 4 0.037627 0.203773 0.266771 0.003930 0.487900
4 4 0.047136 0.260259 0.292817 0.001776 0.398011
2 1 0.020208 0.201046 0.499450 0.004117 0.275179
2 1 0.004768 0.099959 0.741197 0.012371 0.141705
2 1 0.007440 0.118925 0.680621 0.014277 0.178738
2 2 0.008699 0.128553 0.675921 0.013711 0.173116
2 2 0.003594 0.082034 0.758495 0.020671 0.135207
2 2 0.001844 0.055686 0.804747 0.026373 0.111349
2 2 0.002203 0.065249 0.790333 0.019765 0.122451
2 2 0.002101 0.065426 0.820949 0.017656 0.093868
2 2 0.001459 0.054413 0.827188 0.017831 0.099110
2 2 0.001707 0.061261 0.784603 0.014998 0.137431
2 2 0.001505 0.057620 0.812628 0.015031 0.113215
2 2 0.001442 0.053149 0.818408 0.019245 0.107756
2 2 0.000639 0.035212 0.898619 0.017219 0.048311
2 2 0.001059 0.048373 0.877422 0.013968 0.059178
2 2 0.000641 0.033344 0.914823 0.019598 0.031594
2 2 0.000220 0.016454 0.944648 0.027251 0.011427
2 2 0.000565 0.029846 0.928249 0.021006 0.020333
2 2 0.006506 0.124412 0.613886 0.007266 0.247931
4 2 0.036619 0.159580 0.133398 0.002199 0.668202
4 2 0.058785 0.136906 0.057155 0.000906 0.746248
4 2 0.080845 0.103710 0.022867 0.000120 0.792458
4 2 0.134363 0.087129 0.016386 0.000087 0.762036
4 1 0.203628 0.086297 0.017164 0.000142 0.692769
0 1 0.449526 0.094282 0.019060 0.000236 0.436896
4 1 0.386668 0.107149 0.024851 0.000385 0.480948
4 1 0.323271 0.112710 0.023494 0.000227 0.540298
0 1 0.383258 0.184603 0.060766 0.001568 0.369805
4 1 0.159585 0.267010 0.123651 0.001850 0.447905
4 1 0.129257 0.287387 0.161336 0.001795 0.420224
2 1 0.055642 0.284526 0.337142 0.002994 0.319695
2 1 0.015202 0.161512 0.649640 0.017432 0.156214
2 1 0.012415 0.126023 0.634988 0.037172 0.189401
2 1 0.009528 0.123496 0.676092 0.025309 0.165575
2 1 0.008680 0.105677 0.636150 0.037070 0.212423
2 1 0.000605 0.024179 0.899147 0.055197 0.020872
2 2 0.000591 0.025185 0.906691 0.045822 0.021711
2 2 0.000369 0.020202 0.932061 0.035412 0.011956
2 2 0.000067 0.009465 0.973593 0.013652 0.003223
2 2 0.000031 0.006144 0.976209 0.014714 0.002902
2 2 0.000011 0.002724 0.962732 0.033446 0.001087
2 2 0.000022 0.004353 0.968871 0.024779 0.001975
2 2 0.000044 0.007060 0.972090 0.017989 0.002817
2 2 0.000021 0.004308 0.971754 0.022286 0.001631
2 2 0.000013 0.003086 0.962921 0.032362 0.001618
2 2 0.000010 0.002553 0.962284 0.034131 0.001022
2 2 0.000011 0.002714 0.971443 0.025156 0.000677
2 2 0.000005 0.001546 0.962899 0.035289 0.000262
2 2 0.000013 0.002809 0.968978 0.027801 0.000399
2 2 0.000012 0.002634 0.969235 0.027781 0.000338
2 2 0.000013 0.002609 0.954404 0.042459 0.000515
2 2 0.000022 0.003338 0.937442 0.058007 0.001191
2 2 0.000033 0.004485 0.940846 0.052628 0.002008
2 2 0.000079 0.008873 0.956009 0.029657 0.005382
2 2 0.000039 0.006209 0.965353 0.025018 0.003380
2 2 0.000018 0.003450 0.960125 0.035236 0.001171
2 2 0.000012 0.002695 0.964498 0.032159 0.000636
2 2 0.000092 0.006716 0.925947 0.066298 0.000948
2 2 0.002028 0.036604 0.847732 0.100641 0.012995
2 2 0.000060 0.004832 0.887873 0.105939 0.001296
2 2 0.000017 0.002722 0.935215 0.061551 0.000495
2 2 0.000021 0.003056 0.942691 0.053825 0.000407
2 2 0.000030 0.003058 0.886767 0.109620 0.000525
2 2 0.000031 0.002684 0.820496 0.176184 0.000605
2 2 0.000063 0.003385 0.717842 0.277651 0.001058
2 2 0.000042 0.002634 0.708781 0.287717 0.000826
2 2 0.000038 0.002672 0.748710 0.247826 0.000754
2 2 0.000050 0.003202 0.799755 0.196249 0.000744
2 2 0.000050 0.003952 0.871607 0.123652 0.000738
2 2 0.000084 0.005795 0.898066 0.095082 0.000972
2 2 0.000048 0.004319 0.907978 0.086984 0.000671
2 2 0.000066 0.005435 0.922208 0.071517 0.000774
2 2 0.000030 0.003392 0.913775 0.082216 0.000586
2 2 0.000038 0.003527 0.880417 0.115258 0.000760
2 2 0.000075 0.004482 0.818248 0.176137 0.001058
2 2 0.000343 0.012764 0.882578 0.101873 0.002441
2 2 0.000166 0.007896 0.864192 0.126141 0.001604
2 2 0.000154 0.007447 0.858124 0.132724 0.001550
2 2 0.000059 0.002927 0.650068 0.345877 0.001069
2 2 0.000072 0.003211 0.639912 0.355595 0.001211
2 2 0.000677 0.012818 0.686119 0.295616 0.004771
2 2 0.000824 0.016285 0.757344 0.220506 0.005041
2 2 0.000015 0.001682 0.795324 0.202581 0.000398
2 2 0.000008 0.001160 0.804654 0.193921 0.000258
2 2 0.000002 0.000573 0.854805 0.144521 0.000100
2 2 0.000002 0.000659 0.862626 0.136600 0.000112
2 2 0.000002 0.000582 0.829233 0.170071 0.000112
2 2 0.000003 0.000557 0.736201 0.263097 0.000143
2 2 0.000013 0.001377 0.718843 0.279368 0.000399
2 2 0.000029 0.002074 0.690370 0.306858 0.000668
2 2 0.000031 0.002036 0.655967 0.341253 0.000712
2 2 0.000038 0.002176 0.622580 0.374379 0.000827
2 2 0.000026 0.001837 0.661926 0.335583 0.000628
2 3 0.000021 0.001500 0.611392 0.386520 0.000567
2 3 0.000019 0.001348 0.576406 0.421682 0.000545
2 3 0.000047 0.002063 0.525269 0.471662 0.000959
2 3 0.000042 0.001894 0.505153 0.491990 0.000922
3 3 0.000225 0.004118 0.462558 0.530995 0.002104
2 3 0.003992 0.022364 0.594800 0.370623 0.008222
2 3 0.002925 0.020437 0.616067 0.353148 0.007423
2 3 0.001223 0.010423 0.516512 0.467398 0.004443
2 3 0.000527 0.008405 0.583688 0.403860 0.003520
2 3 0.000220 0.005567 0.597900 0.393975 0.002338
2 3 0.000100 0.004617 0.742733 0.251168 0.001382
2 3 0.000009 0.001354 0.827381 0.170973 0.000282
2 3 0.000003 0.000723 0.882947 0.116215 0.000113
2 3 0.000004 0.000872 0.836278 0.162676 0.000169
2 3 0.000010 0.001137 0.701803 0.296711 0.000338
2 3 0.000017 0.001235 0.567219 0.431024 0.000506
2 3 0.000020 0.001428 0.600398 0.397603 0.000551
2 3 0.000014 0.001165 0.593893 0.404480 0.000448
2 3 0.000008 0.000912 0.660081 0.338705 0.000295
2 3 0.000007 0.000780 0.630983 0.367966 0.000264
2 3 0.000016 0.001249 0.629351 0.368954 0.000430
2 3 0.000006 0.000630 0.535631 0.463487 0.000246
2 3 0.000021 0.001181 0.535422 0.462910 0.000466
2 3 0.000041 0.001743 0.551857 0.445693 0.000666
2 3 0.000092 0.002493 0.530454 0.465999 0.000962
2 3 0.000178 0.006477 0.745367 0.246005 0.001973
2 3 0.000067 0.003334 0.685764 0.309705 0.001130
2 3 0.000261 0.005395 0.530335 0.461429 0.002580
3 3 0.000486 0.007373 0.481052 0.506943 0.004147
3 3 0.000328 0.004772 0.406761 0.585262 0.002877
3 3 0.000220 0.003160 0.335315 0.659183 0.002123
3 3 0.000132 0.002148 0.320719 0.675623 0.001378
2 3 0.000137 0.003780 0.567914 0.426616 0.001554
2 3 0.000100 0.003165 0.594050 0.401511 0.001175
2 3 0.000032 0.002062 0.684519 0.312740 0.000647
2 3 0.000063 0.002887 0.677050 0.319090 0.000911
2 3 0.000025 0.002372 0.816844 0.180222 0.000536
2 3 0.000023 0.002073 0.778362 0.219018 0.000525
2 3 0.000011 0.001020 0.620233 0.378378 0.000357
3 3 0.000034 0.001519 0.482330 0.515394 0.000723
3 3 0.000088 0.002277 0.421530 0.574864 0.001241
3 3 0.000210 0.003556 0.396332 0.597786 0.002115
3 3 0.000072 0.001111 0.225701 0.772279 0.000837
3 3 0.000193 0.001662 0.188851 0.807874 0.001421
3 3 0.000873 0.005857 0.306233 0.683019 0.004018
2 3 0.000433 0.013524 0.852427 0.130662 0.002955
2 3 0.000189 0.008941 0.882531 0.106671 0.001667
2 3 0.000060 0.004851 0.904433 0.089880 0.000776
2 3 0.000232 0.010852 0.906286 0.080866 0.001764
2 3 0.000198 0.009309 0.887979 0.100828 0.001687
2 3 0.000556 0.016138 0.882499 0.097907 0.002899
2 3 0.000275 0.011876 0.902998 0.082878 0.001973
2 3 0.000251 0.010518 0.881162 0.106083 0.001986
2 3 0.000599 0.016009 0.842007 0.137714 0.003671
2 3 0.002466 0.029077 0.775043 0.184899 0.008515
2 3 0.001778 0.022899 0.742217 0.225876 0.007230
2 3 0.001359 0.017615 0.670016 0.304460 0.006549
2 3 0.003756 0.043640 0.797071 0.143774 0.011760
2 3 0.001945 0.041633 0.880626 0.061293 0.014502
2 3 0.001362 0.039000 0.906821 0.038939 0.013878
2 3 0.000459 0.022316 0.940170 0.030662 0.006393
2 3 0.002161 0.045311 0.899892 0.045107 0.007529
2 3 0.001839 0.039580 0.904070 0.048773 0.005738
2 3 0.000071 0.005896 0.932319 0.060939 0.000775
2 3 0.000046 0.003611 0.852346 0.143260 0.000736
2 2 0.001698 0.045745 0.901908 0.034070 0.016579
2 2 0.000307 0.014878 0.939365 0.043664 0.001786
2 2 0.000202 0.011835 0.953382 0.033206 0.001375
2 2 0.000262 0.014062 0.956205 0.027890 0.001582
2 2 0.000288 0.012834 0.921790 0.063139 0.001948
2 2 0.000015 0.002035 0.886178 0.111433 0.000340
2 2 0.000006 0.001105 0.840438 0.158236 0.000215
2 2 0.000007 0.001056 0.772859 0.225820 0.000257
2 2 0.000022 0.002037 0.783324 0.214109 0.000508
2 2 0.000018 0.001616 0.704711 0.293163 0.000492
2 2 0.000058 0.003072 0.686848 0.308990 0.001031
2 2 0.000302 0.007960 0.683145 0.305694 0.002898
2 2 0.000225 0.007630 0.760330 0.229564 0.002250
2 2 0.000260 0.009618 0.835883 0.152013 0.002226
2 2 0.000486 0.013488 0.821031 0.161644 0.003351
2 2 0.000237 0.008895 0.824422 0.164302 0.002144
2 2 0.000036 0.003292 0.874363 0.121705 0.000604
2 2 0.000005 0.001314 0.936160 0.062367 0.000153
2 2 0.000008 0.001862 0.960490 0.037470 0.000170
2 2 0.000016 0.003146 0.971841 0.024753 0.000243
2 2 0.000849 0.023420 0.899388 0.072472 0.003870
2 2 0.000086 0.005251 0.854175 0.139399 0.001090
2 2 0.000057 0.003814 0.817929 0.177309 0.000891
2 2 0.000157 0.007173 0.837830 0.153217 0.001622
2 2 0.000737 0.020747 0.890425 0.084407 0.003684
2 2 0.000892 0.023479 0.902044 0.069442 0.004142
2 2 0.001955 0.036032 0.904398 0.050543 0.007072
2 2 0.003543 0.052613 0.902828 0.031154 0.009863
2 2 0.001390 0.038207 0.945260 0.010826 0.004317
2 2 0.000261 0.015597 0.970263 0.012480 0.001399
2 2 0.000067 0.006477 0.956188 0.036612 0.000655
2 2 0.000104 0.008223 0.951604 0.039187 0.000881
2 2 0.000024 0.003244 0.939117 0.057224 0.000391
2 2 0.000030 0.003814 0.948033 0.047700 0.000423
2 2 0.001183 0.032199 0.926397 0.036038 0.004183
2 2 0.014434 0.127852 0.815996 0.021957 0.019761
2 2 0.032222 0.165304 0.727050 0.036980 0.038444
2 2 0.153260 0.290399 0.432326 0.024991 0.099023
0 2 0.349206 0.338019 0.188731 0.004313 0.119731
1 2 0.308953 0.362320 0.158703 0.001207 0.168818
2 2 0.000971 0.034282 0.922409 0.030653 0.011685
2 2 0.000744 0.034332 0.928332 0.019891 0.016701
2 2 0.000804 0.033719 0.914443 0.027706 0.023328
2 2 0.001810 0.063739 0.843934 0.014136 0.076380
2 2 0.002582 0.076015 0.804609 0.014464 0.102330
2 2 0.002448 0.070912 0.795525 0.017400 0.113715
2 2 0.007233 0.118367 0.583284 0.011445 0.279671
4 2 0.013521 0.125575 0.290674 0.007168 0.563063
4 2 0.007398 0.099518 0.415110 0.014406 0.463569
4 4 0.009967 0.070334 0.114386 0.004882 0.800430
4 4 0.012225 0.046738 0.024261 0.000657 0.916119
4 4 0.009388 0.035889 0.014741 0.000332 0.939649
4 4 0.008583 0.032582 0.010549 0.000117 0.948168
4 4 0.014380 0.045964 0.013892 0.000129 0.925636
4 4 0.026302 0.068099 0.020310 0.000189 0.885101
4 4 0.055852 0.085396 0.023569 0.000232 0.834952
4 4 0.044683 0.091078 0.023337 0.000148 0.840755
4 4 0.053046 0.105110 0.022770 0.000084 0.818991
4 4 0.055273 0.109483 0.026167 0.000129 0.808949
4 4 0.035032 0.075337 0.016812 0.000071 0.872747
4 4 0.020789 0.029956 0.010672 0.000317 0.938266
4 4 0.016518 0.021584 0.006444 0.000129 0.955326
4 4 0.015304 0.022208 0.007591 0.000213 0.954685
4 4 0.023483 0.017332 0.005637 0.000229 0.953318
4 4 0.016119 0.021675 0.008215 0.000335 0.953656
4 4 0.021324 0.031626 0.011213 0.000317 0.935520
4 4 0.016905 0.039282 0.010929 0.000102 0.932782
4 4 0.013941 0.037884 0.011454 0.000125 0.936596
4 4 0.013662 0.020545 0.004770 0.000040 0.960983
4 4 0.021384 0.025761 0.007036 0.000108 0.945711
4 4 0.026008 0.022585 0.005228 0.000062 0.946118
4 4 0.033765 0.029317 0.010436 0.000439 0.926044
4 4 0.027091 0.035398 0.017579 0.001490 0.918442
4 4 0.020521 0.032193 0.015326 0.001031 0.930928
4 4 0.017107 0.043166 0.020384 0.000897 0.918447
4 4 0.007509 0.023175 0.009059 0.000226 0.960030
4 4 0.006514 0.025163 0.007140 0.000056 0.961127
4 4 0.012909 0.042134 0.011638 0.000083 0.933236
4 4 0.028262 0.057448 0.013514 0.000074 0.900702
4 4 0.061577 0.086247 0.023081 0.000218 0.828877
4 4 0.024163 0.041995 0.008965 0.000044 0.924833
4 4 0.037209 0.077437 0.018089 0.000089 0.867176
4 4 0.073817 0.133513 0.035258 0.000237 0.757175
4 4 0.063330 0.123709 0.038330 0.000410 0.774221
4 4 0.088267 0.164555 0.056151 0.000606 0.690421
4 4 0.068200 0.197012 0.099092 0.000755 0.634942
4 4 0.048348 0.243355 0.343724 0.003445 0.361128
4 4 0.080099 0.263474 0.196668 0.001507 0.458253
4 4 0.038919 0.182527 0.149040 0.001272 0.628242
4 4 0.037738 0.151577 0.084347 0.000646 0.725692
4 4 0.024407 0.137042 0.108456 0.001038 0.729057
4 4 0.040964 0.166687 0.111495 0.001347 0.679507
4 4 0.026834 0.086775 0.041291 0.000799 0.844300
4 4 0.030006 0.132906 0.112028 0.002355 0.722704
4 4 0.023015 0.131495 0.250934 0.012480 0.582076
2 4 0.013978 0.138590 0.487537 0.012485 0.347410
2 4 0.014401 0.156958 0.579565 0.008735 0.240341
2 4 0.006744 0.128936 0.675585 0.006019 0.182715
2 4 0.007993 0.121207 0.599493 0.010877 0.260429
4 4 0.016781 0.134716 0.265387 0.005249 0.577867
0 4 0.514460 0.177069 0.046603 0.000706 0.261162
4 4 0.227767 0.225516 0.051332 0.000264 0.495122
4 4 0.130288 0.267104 0.117074 0.000877 0.484657
4 4 0.027567 0.232830 0.337579 0.002154 0.399870
2 4 0.006662 0.129763 0.676010 0.008936 0.178629
2 4 0.002264 0.068592 0.852371 0.016068 0.060706
2 4 0.002899 0.073040 0.829387 0.021252 0.073422
2 4 0.003627 0.079855 0.814897 0.023412 0.078209
2 4 0.008373 0.122800 0.732699 0.015727 0.120401
2 4 0.020261 0.173556 0.509295 0.011742 0.285146
2 4 0.015369 0.159421 0.545841 0.012438 0.266931
2 4 0.016934 0.181297 0.550034 0.009653 0.242082
2 4 0.002626 0.071772 0.835540 0.018571 0.071491
2 4 0.002431 0.075478 0.851611 0.012330 0.058150
2 4 0.001302 0.056210 0.890483 0.010666 0.041339
2 4 0.000154 0.015603 0.957693 0.015675 0.010875
2 4 0.000053 0.007458 0.964348 0.024011 0.004130
2 4 0.000250 0.020415 0.947029 0.016491 0.015815
2 4 0.000752 0.037328 0.906548 0.018034 0.037338
2 4 0.004297 0.093636 0.636074 0.013838 0.252155
0 4 0.472111 0.130849 0.030839 0.000449 0.365751
4 4 0.390413 0.161407 0.054081 0.001715 0.392385
0 4 0.527677 0.169020 0.058546 0.002165 0.242592
4 4 0.201020 0.278451 0.166183 0.004681 0.349665
2 4 0.081330 0.271331 0.492938 0.013764 0.140637
2 1 0.001169 0.035545 0.921776 0.032743 0.008767
2 1 0.000455 0.026012 0.947902 0.017528 0.008103
2 1 0.000221 0.016128 0.957442 0.021883 0.004326
2 1 0.000110 0.010653 0.966326 0.020842 0.002068
2 1 0.000125 0.010059 0.947353 0.039258 0.003205
2 1 0.000045 0.005471 0.946512 0.045969 0.002003
2 1 0.000093 0.008279 0.935819 0.051388 0.004421
2 2 0.000067 0.006517 0.929638 0.060258 0.003520
2 2 0.000030 0.004262 0.946258 0.048036 0.001414
2 2 0.000045 0.005553 0.948057 0.044228 0.002117
2 2 0.000048 0.006078 0.954211 0.037263 0.002400
2 2 0.000087 0.008831 0.952343 0.034432 0.004306
2 2 0.000018 0.003408 0.966053 0.029812 0.000710
2 2 0.000006 0.001751 0.955828 0.042039 0.000376
2 2 0.000006 0.001739 0.962163 0.035885 0.000207
2 2 0.000013 0.002608 0.959028 0.037885 0.000466
2 2 0.000011 0.001885 0.912245 0.085541 0.000318
2 2 0.000022 0.002669 0.899803 0.097065 0.000441
2 2 0.000059 0.004808 0.899801 0.094381 0.000951
2 2 0.000035 0.003465 0.898941 0.096998 0.000561
2 2 0.000006 0.001278 0.909507 0.089028 0.000180
2 2 0.000002 0.000832 0.934090 0.064981 0.000095
2 2 0.000001 0.000421 0.910278 0.089245 0.000054
2 2 0.000001 0.000398 0.898357 0.101190 0.000054
2 2 0.000001 0.000455 0.845230 0.154233 0.000081
2 2 0.000001 0.000354 0.750626 0.248935 0.000084
2 2 0.000003 0.000685 0.778924 0.220230 0.000158
2 2 0.000006 0.000900 0.751557 0.247307 0.000230
2 2 0.000006 0.000965 0.776924 0.221874 0.000231
2 2 0.000007 0.000953 0.733682 0.265101 0.000257
2 2 0.000015 0.001514 0.745461 0.252599 0.000412
2 3 0.000044 0.002345 0.662871 0.333968 0.000772
2 3 0.000030 0.001727 0.587026 0.410540 0.000676
3 3 0.000028 0.001345 0.466149 0.531813 0.000665
2 3 0.000040 0.001870 0.528146 0.469098 0.000846
3 3 0.000106 0.001781 0.312909 0.684099 0.001104
3 3 0.000177 0.002644 0.372544 0.623213 0.001422
3 3 0.000259 0.003275 0.370422 0.624249 0.001795
3 3 0.000242 0.002308 0.279240 0.716793 0.001417
3 3 0.000281 0.001699 0.175700 0.820977 0.001342
3 3 0.000240 0.000867 0.082828 0.915079 0.000986
3 3 0.000527 0.001490 0.097128 0.899276 0.001579
3 3 0.000384 0.001037 0.077410 0.919970 0.001199
3 3 0.000683 0.001477 0.081422 0.914735 0.001683
3 3 0.000696 0.001639 0.089129 0.906700 0.001836
3 3 0.000837 0.001283 0.064312 0.932043 0.001526
3 3 0.002094 0.001833 0.057235 0.936630 0.002209
3 3 0.001821 0.001206 0.040908 0.954516 0.001548
3 3 0.001277 0.001016 0.041417 0.954986 0.001305
3 3 0.001068 0.000782 0.035114 0.962000 0.001036
3 3 0.000747 0.000696 0.037613 0.960029 0.000915
3 3 0.001427 0.001141 0.043843 0.952140 0.001449
3 3 0.000635 0.000717 0.042016 0.955708 0.000924
3 3 0.000273 0.000391 0.035660 0.963153 0.000523
3 3 0.000346 0.000583 0.046677 0.951653 0.000741
3 3 0.000558 0.000708 0.044352 0.953477 0.000905
3 3 0.000386 0.000505 0.042484 0.956036 0.000588
3 3 0.000495 0.000625 0.046771 0.951404 0.000706
3 3 0.000783 0.000729 0.040858 0.956743 0.000886
3 3 0.001292 0.000757 0.030856 0.966070 0.001025
3 3 0.000717 0.000482 0.026773 0.971354 0.000674
3 3 0.000497 0.000425 0.028531 0.969958 0.000589
3 3 0.001639 0.000993 0.035696 0.960363 0.001308
3 3 0.001592 0.001063 0.038701 0.957264 0.001380
3 3 0.001901 0.001229 0.040757 0.954535 0.001578
3 3 0.001980 0.001083 0.035275 0.960235 0.001427
3 3 0.006964 0.005961 0.131136 0.851532 0.004407
3 3 0.058386 0.028945 0.257633 0.637910 0.017126
2 3 0.041446 0.073822 0.620496 0.238600 0.025636
2 3 0.032574 0.099415 0.719224 0.119311 0.029477
2 3 0.021467 0.116728 0.769529 0.062667 0.029608
2 3 0.005569 0.056158 0.802435 0.120855 0.014982
2 3 0.004110 0.044369 0.770339 0.167780 0.013401
2 3 0.000140 0.006423 0.816100 0.175772 0.001565
2 3 0.000023 0.002419 0.849355 0.147718 0.000485
2 3 0.000251 0.012713 0.906841 0.074732 0.005462
2 3 0.000097 0.006457 0.878644 0.112175 0.002627
2 2 0.000170 0.009463 0.884222 0.100827 0.005319
2 2 0.000409 0.015141 0.859747 0.114548 0.010156
2 2 0.001446 0.034902 0.844744 0.083214 0.035695
2 2 0.002875 0.053497 0.823202 0.067675 0.052751
2 2 0.002033 0.048123 0.859889 0.049862 0.040092
2 2 0.004587 0.077034 0.810837 0.042354 0.065189
2 2 0.000604 0.023809 0.908857 0.052471 0.014260
2 2 0.000256 0.012128 0.899592 0.083908 0.004117
2 2 0.000097 0.005798 0.856355 0.136213 0.001537
2 2 0.000340 0.014106 0.897078 0.084120 0.004357
2 2 0.000492 0.017606 0.897476 0.079337 0.005090
2 2 0.000272 0.012916 0.902809 0.079072 0.004932
2 2 0.000160 0.008492 0.878449 0.110040 0.002859
2 2 0.000222 0.012151 0.908631 0.072730 0.006265
2 2 0.000260 0.012598 0.901783 0.080247 0.005113
2 2 0.000281 0.013177 0.891824 0.087380 0.007339
2 2 0.000082 0.006355 0.915181 0.076821 0.001560
2 2 0.000055 0.004808 0.911007 0.083239 0.000891
2 2 0.000183 0.009577 0.902084 0.086024 0.002131
2 2 0.000315 0.013527 0.897550 0.084377 0.004231
2 2 0.000212 0.010065 0.897149 0.090707 0.001866
2 2 0.000117 0.008289 0.925650 0.063754 0.002189
2 2 0.000134 0.009684 0.937478 0.049969 0.002735
2 2 0.000183 0.011528 0.920950 0.061135 0.006203
2 2 0.000288 0.015773 0.924486 0.050669 0.008785
2 2 0.000210 0.011190 0.905361 0.078914 0.004324
2 2 0.000097 0.006780 0.913997 0.077842 0.001283
2 2 0.000068 0.004862 0.878488 0.115683 0.000898
2 2 0.000093 0.006366 0.909291 0.083251 0.001000
2 2 0.000196 0.009844 0.907634 0.080742 0.001584
2 2 0.000077 0.005725 0.910132 0.083176 0.000890
2 2 0.000055 0.004743 0.912659 0.081824 0.000718
2 2 0.000160 0.008635 0.904684 0.085109 0.001413
2 2 0.003264 0.050955 0.881441 0.055423 0.008917
2 2 0.002785 0.042172 0.848931 0.097312 0.008800
2 2 0.001996 0.032263 0.829119 0.128942 0.007680
2 2 0.001236 0.024113 0.830582 0.138279 0.005789
2 2 0.001532 0.024968 0.797700 0.169113 0.006687
2 2 0.000371 0.009277 0.703165 0.283945 0.003242
2 2 0.000098 0.005309 0.823647 0.169702 0.001244
2 2 0.000069 0.004361 0.827436 0.167140 0.000994
2 2 0.000012 0.001896 0.906405 0.091406 0.000281
2 2 0.000015 0.002252 0.920078 0.077347 0.000309
2 2 0.000034 0.003205 0.874866 0.121309 0.000586
2 2 0.000054 0.004101 0.865686 0.129364 0.000796
2 2 0.000355 0.008674 0.693266 0.294676 0.003028
2 2 0.001050 0.018603 0.760153 0.214537 0.005657
2 2 0.002594 0.038291 0.819814 0.127366 0.011935
2 2 0.002401 0.042919 0.854485 0.083507 0.016689
2 2 0.002544 0.057490 0.860496 0.038874 0.040596
2 2 0.003544 0.083189 0.786611 0.019133 0.107523
2 2 0.006388 0.106216 0.599756 0.017183 0.270456
2 4 0.003673 0.083203 0.640005 0.016468 0.256651
4 4 0.007091 0.075817 0.231030 0.010085 0.675977
4 4 0.010692 0.053696 0.055569 0.002735 0.877309
4 4 0.013226 0.056606 0.046337 0.002172 0.881660
4 4 0.018100 0.056564 0.024372 0.000651 0.900313
4 4 0.037072 0.075512 0.026506 0.000466 0.860444
4 4 0.046521 0.064263 0.021339 0.000430 0.867447
4 4 0.030604 0.056172 0.021293 0.000552 0.891380
4 4 0.016272 0.042488 0.025566 0.001171 0.914504
4 4 0.016153 0.037998 0.014019 0.000312 0.931518
4 4 0.033981 0.037505 0.014241 0.000583 0.913691
4 4 0.006747 0.014053 0.004286 0.000074 0.974841
4 4 0.008032 0.014041 0.003465 0.000035 0.974427
4 4 0.018165 0.031297 0.006523 0.000032 0.943983
4 4 0.025807 0.040574 0.009011 0.000054 0.924554
4 4 0.050071 0.066304 0.014859 0.000091 0.868676
4 4 0.036980 0.043307 0.009070 0.000055 0.910588
4 4 0.030290 0.043709 0.011302 0.000113 0.914585
4 4 0.049407 0.055048 0.012533 0.000095 0.882916
4 4 0.034397 0.026779 0.005896 0.000062 0.932866
4 4 0.017468 0.015200 0.002976 0.000023 0.964333
4 4 0.021540 0.020438 0.004374 0.000039 0.953608
4 4 0.019124 0.018969 0.003542 0.000021 0.958344
4 4 0.015389 0.016521 0.003436 0.000027 0.964626
4 4 0.020670 0.022825 0.004877 0.000038 0.951590
4 4 0.030581 0.035488 0.007872 0.000060 0.925999
4 4 0.103838 0.166568 0.048039 0.000426 0.681129
4 4 0.130051 0.188363 0.051911 0.000409 0.629266
4 4 0.153398 0.204843 0.050388 0.000286 0.591085
4 4 0.168692 0.254738 0.086648 0.000679 0.489244
4 4 0.109597 0.245143 0.106653 0.000756 0.537851
4 4 0.076101 0.255628 0.165448 0.001102 0.501720
4 4 0.039163 0.231952 0.244845 0.001357 0.482683
2 4 0.006033 0.118812 0.465608 0.004256 0.405291
4 4 0.008031 0.124448 0.370594 0.003864 0.493063
4 4 0.007319 0.124724 0.362592 0.003126 0.502239
4 4 0.007863 0.127321 0.398768 0.004196 0.461853
2 4 0.003784 0.093069 0.644802 0.011024 0.247321
2 4 0.004546 0.101300 0.616823 0.009245 0.268086
2 4 0.010821 0.158306 0.506137 0.003994 0.320741
2 4 0.012659 0.160170 0.429530 0.003630 0.394011
4 4 0.014449 0.160466 0.342576 0.002397 0.480113
