0 0 0.765351 0.098534 0.016405 0.001632 0.118078
0 0 0.741248 0.100819 0.016547 0.001364 0.140021
0 0 0.450386 0.131531 0.027752 0.001735 0.388597
0 0 0.593792 0.115048 0.020036 0.001109 0.270014
0 0 0.467582 0.124462 0.024395 0.001278 0.382282
0 0 0.731084 0.090065 0.012557 0.000550 0.165743
0 0 0.781247 0.092615 0.014818 0.001535 0.109785
0 0 0.905104 0.055146 0.007696 0.002020 0.030034
0 0 0.899033 0.057314 0.008182 0.002383 0.033089
0 0 0.875570 0.062977 0.008401 0.001141 0.051911
0 0 0.800756 0.081903 0.011648 0.000936 0.104757
0 0 0.617514 0.113006 0.019457 0.001178 0.248845
0 0 0.512051 0.117304 0.020883 0.000869 0.348893
0 0 0.753669 0.093589 0.014641 0.001387 0.136714
0 0 0.872174 0.068605 0.010338 0.002132 0.046751
0 0 0.893953 0.055586 0.006725 0.000649 0.043087
0 0 0.931287 0.043988 0.005681 0.001530 0.017514
0 1 0.884951 0.069781 0.012423 0.005196 0.027649
0 1 0.635902 0.170161 0.061491 0.054200 0.078246
4 1 0.241231 0.220284 0.103262 0.017389 0.417834
4 1 0.001757 0.025581 0.029417 0.003853 0.939392
4 1 0.002304 0.026130 0.027715 0.005264 0.938588
4 4 0.002140 0.022266 0.022155 0.004383 0.949057
4 4 0.002141 0.022832 0.023483 0.005480 0.946064
4 4 0.001921 0.019471 0.017835 0.002203 0.958570
4 4 0.003223 0.026592 0.023295 0.003071 0.943819
4 4 0.008131 0.046805 0.038569 0.006323 0.900172
4 4 0.007285 0.044122 0.037009 0.006224 0.905360
4 4 0.007751 0.046125 0.038892 0.006959 0.900273
4 4 0.005890 0.041495 0.038752 0.009888 0.903975
4 4 0.006047 0.048869 0.050485 0.013540 0.881059
4 4 0.005311 0.040943 0.041260 0.014548 0.897938
4 4 0.001844 0.019513 0.018589 0.002728 0.957326
4 4 0.001001 0.013206 0.012898 0.001533 0.971363
4 4 0.001158 0.014743 0.014634 0.002040 0.967425
4 4 0.001464 0.017722 0.018228 0.003448 0.959138
4 4 0.002890 0.027831 0.028581 0.007831 0.932867
4 4 0.002520 0.025036 0.025197 0.005780 0.941468
4 4 0.004200 0.030037 0.024482 0.002612 0.938669
4 4 0.005112 0.031539 0.023050 0.001595 0.938704
4 4 0.002881 0.023427 0.019152 0.001683 0.952858
4 4 0.003572 0.024955 0.018345 0.001071 0.952058
4 4 0.003381 0.024801 0.018982 0.001313 0.951523
4 4 0.008246 0.056407 0.047039 0.002802 0.885506
4 4 0.009399 0.098384 0.108005 0.004489 0.779723
4 4 0.016457 0.084749 0.068031 0.005361 0.825402
4 4 0.023543 0.105304 0.082730 0.005262 0.783162
4 4 0.060084 0.135381 0.097150 0.010225 0.697160
4 4 0.331617 0.192108 0.066828 0.008024 0.401422
0 0 0.480119 0.155137 0.038605 0.003904 0.322235
0 0 0.804424 0.087849 0.014645 0.002994 0.090088
0 0 0.890481 0.058462 0.008477 0.003426 0.039154
0 0 0.839262 0.078968 0.013800 0.006771 0.061200
0 0 0.804171 0.095658 0.018926 0.008419 0.072826
0 0 0.858308 0.079753 0.015314 0.008320 0.038304
0 0 0.939635 0.040705 0.006002 0.004058 0.009600
0 0 0.945466 0.035995 0.004177 0.001084 0.013277
0 0 0.941093 0.035896 0.003860 0.000844 0.018308
0 0 0.914671 0.044700 0.004948 0.000806 0.034874
0 0 0.931047 0.036139 0.003461 0.000482 0.028870
4 0 0.034729 0.063977 0.023885 0.000269 0.877140
4 0 0.183255 0.163755 0.061809 0.004012 0.587170
4 0 0.032041 0.080319 0.042423 0.002069 0.843148
4 1 0.014838 0.052381 0.029723 0.001131 0.901927
4 1 0.008914 0.040084 0.024676 0.000994 0.925331
4 1 0.010438 0.041235 0.022939 0.000610 0.924777
4 1 0.027252 0.068899 0.033020 0.000745 0.870085
4 1 0.033224 0.086462 0.047426 0.002314 0.830573
4 1 0.056187 0.129043 0.079187 0.009559 0.726024
4 1 0.027121 0.153103 0.155770 0.023058 0.640948
4 1 0.011918 0.107394 0.115325 0.006683 0.758680
4 1 0.010517 0.112835 0.168781 0.012257 0.695610
4 1 0.005596 0.056334 0.072513 0.006722 0.858835
4 1 0.008547 0.102561 0.225842 0.015548 0.647503
4 1 0.011364 0.109799 0.240840 0.019094 0.618903
2 1 0.009409 0.130529 0.547274 0.025491 0.287297
2 1 0.007791 0.107351 0.698806 0.028436 0.157615
2 2 0.007309 0.096178 0.734429 0.032671 0.129414
2 2 0.006708 0.089807 0.740612 0.038187 0.124685
2 2 0.006930 0.095350 0.712012 0.038109 0.147599
2 2 0.007324 0.068209 0.762039 0.120220 0.042208
2 2 0.007246 0.066996 0.758387 0.114377 0.052994
2 2 0.004277 0.045358 0.777738 0.147053 0.025574
2 2 0.002014 0.031619 0.823140 0.120557 0.022670
2 2 0.001131 0.018326 0.753076 0.216798 0.010669
2 2 0.001709 0.024742 0.791001 0.156498 0.026051
2 2 0.001803 0.023488 0.746369 0.199941 0.028400
2 3 0.002494 0.027982 0.694179 0.239280 0.036065
2 3 0.003438 0.031796 0.583446 0.342260 0.039061
2 3 0.007065 0.051729 0.554047 0.324072 0.063088
2 3 0.008034 0.053848 0.565406 0.323735 0.048976
2 3 0.008226 0.047177 0.458272 0.432647 0.053678
3 3 0.001057 0.007380 0.196395 0.788596 0.006572
3 3 0.000583 0.004662 0.165008 0.823829 0.005918
3 3 0.000686 0.006563 0.217337 0.763269 0.012144
3 3 0.000340 0.004199 0.196656 0.789668 0.009136
3 3 0.000348 0.004123 0.194029 0.792792 0.008708
3 3 0.000212 0.002330 0.123441 0.869838 0.004178
3 3 0.000394 0.002943 0.101177 0.891004 0.004481
3 3 0.000330 0.002159 0.060005 0.934521 0.002985
3 3 0.000337 0.002504 0.042153 0.950011 0.004996
3 3 0.000255 0.001592 0.033859 0.961927 0.002366
3 3 0.000289 0.001571 0.030819 0.965244 0.002077
3 3 0.000252 0.001432 0.025235 0.970975 0.002106
3 3 0.000265 0.001056 0.017557 0.980101 0.001020
3 3 0.000335 0.001153 0.017409 0.980078 0.001026
3 3 0.000480 0.001195 0.014228 0.983190 0.000908
3 3 0.000414 0.001026 0.009958 0.987734 0.000868
3 3 0.000248 0.000695 0.008653 0.989814 0.000590
3 3 0.000192 0.000554 0.006311 0.992430 0.000513
3 3 0.000276 0.000686 0.006631 0.991807 0.000599
3 3 0.000255 0.000722 0.006716 0.991593 0.000714
3 3 0.000202 0.000600 0.006132 0.992469 0.000598
3 3 0.000247 0.000636 0.005532 0.992978 0.000606
3 3 0.000155 0.000464 0.004690 0.994218 0.000473
3 3 0.000139 0.000448 0.005656 0.993319 0.000438
3 3 0.000209 0.000591 0.006615 0.992046 0.000539
3 3 0.000346 0.000774 0.006918 0.991325 0.000637
3 3 0.000217 0.000646 0.007202 0.991321 0.000613
3 3 0.000201 0.000577 0.008125 0.990619 0.000477
3 3 0.000242 0.000506 0.005559 0.993328 0.000365
3 3 0.000444 0.000614 0.004693 0.993880 0.000370
3 3 0.000269 0.000536 0.005241 0.993563 0.000391
3 3 0.000300 0.000439 0.004333 0.994678 0.000250
3 3 0.000596 0.000675 0.004561 0.993805 0.000363
3 3 0.000414 0.000573 0.004492 0.994179 0.000342
3 3 0.000539 0.000672 0.004537 0.993860 0.000392
3 3 0.000211 0.000325 0.002495 0.996746 0.000223
3 3 0.000097 0.000224 0.002602 0.996898 0.000179
3 3 0.000126 0.000280 0.003684 0.995707 0.000202
3 3 0.000130 0.000267 0.003314 0.996104 0.000186
3 3 0.000202 0.000324 0.003263 0.996009 0.000201
3 3 0.000205 0.000394 0.003538 0.995566 0.000297
3 3 0.000391 0.000637 0.004627 0.993894 0.000451
3 3 0.000363 0.000659 0.005728 0.992784 0.000466
3 3 0.000449 0.000735 0.007158 0.991211 0.000447
3 3 0.000503 0.000834 0.008236 0.989922 0.000505
3 3 0.000505 0.000761 0.006304 0.991964 0.000466
3 3 0.000850 0.001029 0.006223 0.991295 0.000602
3 3 0.000313 0.000493 0.004315 0.994566 0.000313
3 3 0.000337 0.000700 0.005375 0.993002 0.000587
3 3 0.000219 0.000435 0.003794 0.995213 0.000339
3 3 0.000077 0.000281 0.003813 0.995526 0.000302
3 3 0.000096 0.000264 0.003000 0.996393 0.000246
3 3 0.000075 0.000260 0.003104 0.996275 0.000286
3 3 0.000106 0.000242 0.002744 0.996713 0.000195
3 3 0.000086 0.000184 0.002779 0.996828 0.000123
3 3 0.000086 0.000185 0.002514 0.997084 0.000131
3 3 0.000155 0.000242 0.002631 0.996828 0.000144
3 3 0.000158 0.000291 0.002853 0.996491 0.000207
3 3 0.000113 0.000244 0.002735 0.996721 0.000187
3 3 0.000115 0.000307 0.003303 0.995990 0.000285
3 3 0.000139 0.000356 0.002880 0.996262 0.000362
3 3 0.000261 0.000620 0.005013 0.993534 0.000572
3 3 0.000236 0.000469 0.004582 0.994368 0.000346
3 3 0.000455 0.000606 0.005046 0.993554 0.000339
3 3 0.000482 0.000547 0.004290 0.994403 0.000278
3 3 0.000475 0.000536 0.005051 0.993690 0.000248
3 3 0.000330 0.000416 0.004117 0.994929 0.000208
3 3 0.000455 0.000513 0.004089 0.994685 0.000258
3 3 0.000328 0.000536 0.003691 0.995051 0.000394
3 3 0.000403 0.000478 0.002851 0.995978 0.000290
3 3 0.000179 0.000313 0.002549 0.996727 0.000233
3 3 0.000343 0.000519 0.004318 0.994494 0.000326
3 3 0.000329 0.000637 0.008630 0.990020 0.000383
3 3 0.000651 0.001096 0.013256 0.984400 0.000598
3 3 0.001391 0.002828 0.035451 0.958657 0.001672
3 3 0.001337 0.003157 0.057187 0.936569 0.001750
3 3 0.001923 0.005751 0.095857 0.892576 0.003893
3 3 0.004286 0.018090 0.236598 0.720335 0.020691
3 3 0.006828 0.038009 0.369299 0.504406 0.081458
2 3 0.009943 0.057031 0.472192 0.280612 0.180222
2 2 0.010678 0.058301 0.471710 0.292603 0.166708
4 2 0.010793 0.071733 0.292463 0.039531 0.585479
4 2 0.010529 0.074866 0.282995 0.047424 0.584186
4 2 0.004892 0.041433 0.089924 0.013094 0.850657
4 4 0.004063 0.042371 0.104989 0.018552 0.830024
4 4 0.003205 0.036183 0.082806 0.017262 0.860543
4 4 0.002983 0.035323 0.086906 0.021823 0.852966
4 4 0.004062 0.053698 0.180570 0.061703 0.699968
4 4 0.005822 0.086409 0.416317 0.061576 0.429876
4 4 0.004198 0.072354 0.346098 0.024931 0.552419
4 4 0.003064 0.054110 0.203691 0.015229 0.723906
4 4 0.002154 0.043130 0.170703 0.018837 0.765177
4 4 0.002780 0.049783 0.139467 0.018675 0.789295
4 2 0.002761 0.046612 0.090616 0.010388 0.849623
4 2 0.001845 0.033846 0.063759 0.007343 0.893206
4 2 0.001500 0.028066 0.068092 0.019776 0.882566
4 2 0.001993 0.028538 0.074522 0.024300 0.870648
4 2 0.003442 0.044055 0.135090 0.019666 0.797747
4 2 0.003681 0.055343 0.258117 0.023936 0.658923
4 2 0.004020 0.063692 0.400018 0.048962 0.483308
4 2 0.005845 0.074255 0.361473 0.030522 0.527905
2 2 0.006363 0.081571 0.468793 0.024974 0.418300
2 2 0.006782 0.086338 0.447706 0.013988 0.445186
2 2 0.008561 0.105645 0.627959 0.026117 0.231718
2 2 0.009226 0.114573 0.712432 0.025987 0.137781
2 2 0.011599 0.121823 0.733263 0.022134 0.111181
2 2 0.007199 0.070147 0.875938 0.027515 0.019201
2 2 0.042098 0.104758 0.778284 0.063421 0.011438
2 2 0.044196 0.223912 0.592747 0.026213 0.112931
2 2 0.027090 0.160922 0.646429 0.056689 0.108870
2 2 0.029294 0.151430 0.646316 0.098787 0.074173
2 2 0.025025 0.134674 0.692803 0.084526 0.062972
2 2 0.014302 0.084184 0.742898 0.129917 0.028698
2 2 0.020849 0.089342 0.770041 0.099357 0.020412
2 2 0.020896 0.087108 0.784952 0.091006 0.016038
2 2 0.012515 0.072417 0.831037 0.071871 0.012161
2 2 0.008059 0.066106 0.844343 0.068163 0.013329
2 2 0.010896 0.091321 0.843359 0.037123 0.017302
2 2 0.031315 0.181458 0.706569 0.036233 0.044425
2 2 0.044898 0.227038 0.597741 0.053670 0.076653
2 2 0.032142 0.202311 0.572630 0.102564 0.090353
2 2 0.040094 0.209871 0.467139 0.154908 0.127988
2 2 0.041332 0.211994 0.515599 0.103859 0.127216
2 2 0.051586 0.221968 0.523731 0.098812 0.103904
2 2 0.048597 0.200602 0.521786 0.127243 0.101772
2 2 0.045385 0.185916 0.547844 0.130339 0.090515
2 2 0.046169 0.182110 0.593536 0.102572 0.075613
2 2 0.032711 0.145013 0.629363 0.131772 0.061140
2 2 0.010112 0.097778 0.658807 0.112992 0.120311
2 2 0.009407 0.087194 0.722225 0.114577 0.066596
2 2 0.008150 0.074267 0.724896 0.144388 0.048300
2 2 0.009649 0.066716 0.772878 0.130099 0.020658
2 2 0.016172 0.082838 0.732503 0.140030 0.028458
2 2 0.017875 0.080664 0.704685 0.169402 0.027375
2 2 0.005076 0.035477 0.690918 0.255123 0.013406
2 2 0.008852 0.044645 0.688731 0.242642 0.015130
2 2 0.035786 0.089246 0.710846 0.146583 0.017539
2 2 0.024298 0.079028 0.747068 0.135433 0.014174
2 2 0.023165 0.106236 0.754198 0.093547 0.022853
2 2 0.021994 0.142603 0.725664 0.067613 0.042126
2 2 0.035560 0.198162 0.630616 0.066888 0.068774
2 2 0.013779 0.101949 0.639160 0.197723 0.047389
2 2 0.011067 0.086022 0.574847 0.246978 0.081086
2 2 0.007680 0.067898 0.641999 0.211919 0.070505
2 2 0.003964 0.042961 0.615639 0.304209 0.033227
2 2 0.005101 0.052926 0.637053 0.266033 0.038887
2 2 0.004827 0.054269 0.637471 0.255715 0.047719
2 2 0.009352 0.073822 0.588951 0.269714 0.058161
2 2 0.011467 0.059564 0.727276 0.180604 0.021089
2 2 0.009194 0.049040 0.635770 0.284134 0.021862
2 2 0.012723 0.060578 0.558880 0.334860 0.032960
2 2 0.020337 0.091975 0.568129 0.269571 0.049988
2 2 0.036639 0.118574 0.595735 0.202591 0.046461
2 2 0.021248 0.077528 0.664145 0.212235 0.024844
2 2 0.015289 0.064038 0.712976 0.189219 0.018478
2 2 0.017933 0.067417 0.766397 0.134144 0.014109
2 2 0.071825 0.147789 0.663319 0.090267 0.026800
2 2 0.058759 0.161328 0.678121 0.069169 0.032623
2 2 0.028151 0.098342 0.691821 0.155924 0.025762
2 2 0.024874 0.078835 0.716091 0.163024 0.017176
2 2 0.046886 0.106430 0.741637 0.091473 0.013573
2 2 0.080603 0.170895 0.650420 0.070114 0.027967
2 2 0.048120 0.197340 0.635036 0.061653 0.057853
2 2 0.065331 0.248124 0.514163 0.067129 0.105252
2 2 0.049398 0.247266 0.571169 0.048199 0.083968
2 2 0.041954 0.216571 0.587594 0.069023 0.084859
2 2 0.018614 0.148057 0.655629 0.102832 0.074869
2 2 0.017613 0.121628 0.608690 0.177649 0.074419
2 2 0.025409 0.142026 0.743946 0.051937 0.036683
2 2 0.036541 0.179891 0.705686 0.037112 0.040769
2 2 0.040575 0.175354 0.685269 0.051284 0.047518
2 2 0.036509 0.177174 0.690585 0.047278 0.048454
2 2 0.015326 0.104408 0.716297 0.126502 0.037467
2 2 0.009058 0.074533 0.676719 0.207966 0.031724
2 2 0.008154 0.077499 0.700824 0.169950 0.043573
2 2 0.009960 0.094860 0.653773 0.153672 0.087735
2 2 0.003867 0.053145 0.639768 0.253517 0.049702
2 2 0.002201 0.038205 0.716595 0.221012 0.021988
2 2 0.011903 0.104836 0.678525 0.118299 0.086437
2 2 0.012343 0.092018 0.764475 0.089239 0.041925
2 2 0.023976 0.124059 0.703922 0.093469 0.054574
2 2 0.012381 0.079622 0.733594 0.146510 0.027892
2 2 0.044886 0.164777 0.571452 0.141045 0.077839
2 2 0.215225 0.249257 0.319228 0.118808 0.097481
2 0 0.206381 0.225452 0.420662 0.098392 0.049113
0 0 0.417647 0.192227 0.234880 0.117851 0.037394
0 0 0.739365 0.109708 0.064159 0.070372 0.016395
0 0 0.766999 0.133749 0.053785 0.030030 0.015437
2 1 0.021824 0.145097 0.688435 0.080496 0.064147
2 1 0.009825 0.101909 0.612302 0.165566 0.110399
2 2 0.006749 0.091685 0.606929 0.143343 0.151293
2 2 0.005035 0.078877 0.588802 0.167441 0.159844
2 2 0.003577 0.065748 0.536009 0.230050 0.164615
2 2 0.004776 0.068968 0.427680 0.326289 0.172288
2 2 0.004162 0.069491 0.534042 0.256591 0.135714
2 2 0.006663 0.075062 0.528523 0.310256 0.079496
2 2 0.009908 0.085922 0.462107 0.338266 0.103798
2 2 0.009401 0.075038 0.457585 0.385911 0.072065
2 2 0.007416 0.063705 0.503837 0.364745 0.060297
2 2 0.010971 0.074371 0.478245 0.355370 0.081043
2 2 0.016771 0.085215 0.511272 0.333220 0.053523
2 2 0.036881 0.139286 0.511425 0.229191 0.083217
2 2 0.060591 0.165169 0.470567 0.202488 0.101185
2 0 0.087416 0.139871 0.338523 0.331283 0.102908
2 0 0.199543 0.178761 0.266033 0.241417 0.114247
0 1 0.260474 0.227088 0.207866 0.122113 0.182457
0 1 0.309798 0.245609 0.132492 0.066955 0.245147
1 2 0.190951 0.292819 0.212689 0.056875 0.246666
1 2 0.246876 0.369676 0.280235 0.023537 0.079677
1 2 0.156530 0.385707 0.365250 0.011873 0.080640
2 2 0.075889 0.364415 0.416877 0.008491 0.134328
2 2 0.046143 0.321869 0.399328 0.010340 0.222320
2 2 0.044227 0.306585 0.398983 0.019333 0.230872
4 2 0.038132 0.240930 0.297980 0.034412 0.388546
2 2 0.032383 0.215061 0.374518 0.048041 0.329996
2 2 0.064762 0.273098 0.367278 0.036914 0.257949
1 2 0.118474 0.308690 0.253760 0.019440 0.299636
1 2 0.317064 0.336570 0.199621 0.018917 0.127829
0 2 0.472715 0.252530 0.100408 0.012735 0.161612
0 0 0.621006 0.169195 0.049253 0.013111 0.147434
0 0 0.705070 0.146781 0.040847 0.016664 0.090637
0 0 0.685309 0.155460 0.049336 0.032770 0.077124
0 0 0.419705 0.295814 0.167743 0.042602 0.074135
1 1 0.186112 0.353670 0.297464 0.037618 0.125136
2 1 0.080494 0.361653 0.431906 0.018233 0.107715
2 1 0.080552 0.355874 0.425229 0.022357 0.115987
2 2 0.076082 0.343544 0.413179 0.028613 0.138582
2 2 0.083663 0.316004 0.363342 0.061340 0.175650
2 2 0.061668 0.249826 0.535513 0.058105 0.094888
2 2 0.069200 0.267114 0.535182 0.040183 0.088321
2 2 0.062969 0.208194 0.519009 0.110182 0.099646
2 2 0.174408 0.233428 0.253630 0.114557 0.223977
0 2 0.478779 0.208492 0.080332 0.033816 0.198581
0 2 0.729693 0.135038 0.033894 0.010679 0.090696
0 0 0.847678 0.086854 0.016838 0.005795 0.042835
0 0 0.895302 0.063389 0.010153 0.003156 0.027999
0 0 0.903918 0.060525 0.010596 0.006077 0.018884
0 0 0.934250 0.043841 0.006537 0.003845 0.011528
0 0 0.920350 0.051590 0.008625 0.006013 0.013421
0 0 0.953954 0.031475 0.004495 0.005033 0.005042
0 0 0.964397 0.023667 0.003252 0.006166 0.002519
0 0 0.929676 0.046204 0.007930 0.007812 0.008377
0 0 0.896995 0.061272 0.013182 0.018709 0.009842
0 0 0.742512 0.125719 0.056692 0.053367 0.021710
0 1 0.390169 0.259607 0.241314 0.061401 0.047509
2 2 0.148525 0.359643 0.383703 0.025569 0.082561
2 2 0.113003 0.351506 0.359760 0.031422 0.144309
1 2 0.130319 0.337258 0.320605 0.043740 0.168078
2 2 0.012124 0.088266 0.823579 0.056193 0.019838
2 2 0.010960 0.070185 0.835410 0.069854 0.013591
2 2 0.009045 0.058415 0.844646 0.078222 0.009673
2 2 0.012584 0.066326 0.828841 0.081548 0.010701
2 2 0.011454 0.055190 0.832865 0.092242 0.008248
2 2 0.024971 0.090659 0.797292 0.072971 0.014108
2 2 0.012755 0.052241 0.831973 0.095783 0.007247
2 2 0.007228 0.034024 0.835863 0.118656 0.004229
2 2 0.011503 0.044308 0.851948 0.087642 0.004599
2 2 0.009150 0.038920 0.872300 0.075785 0.003845
2 2 0.032151 0.069060 0.807963 0.084864 0.005962
2 2 0.016599 0.051371 0.835943 0.091155 0.004932
2 2 0.009741 0.044635 0.846955 0.093198 0.005470
2 2 0.026513 0.095860 0.812963 0.053508 0.011157
2 2 0.056963 0.168343 0.695756 0.051336 0.027603
2 2 0.024437 0.140864 0.752237 0.048566 0.033895
2 2 0.013923 0.093740 0.734695 0.125543 0.032099
2 2 0.019134 0.106416 0.636680 0.189256 0.048514
2 2 0.031451 0.144284 0.480000 0.249436 0.094830
2 2 0.035157 0.168151 0.495052 0.199047 0.102594
0 2 0.665648 0.166792 0.048699 0.013297 0.105564
0 2 0.810798 0.102118 0.021208 0.006317 0.059559
0 2 0.900085 0.061327 0.009803 0.003317 0.025468
0 0 0.939295 0.040366 0.005498 0.002689 0.012152
0 0 0.893372 0.066028 0.012031 0.006686 0.021884
0 0 0.676785 0.152572 0.053338 0.060258 0.057047
0 0 0.399368 0.233329 0.109748 0.056922 0.200633
2 2 0.102866 0.325165 0.373020 0.025616 0.173334
4 2 0.030682 0.218341 0.326469 0.037722 0.386787
2 2 0.004851 0.121043 0.586955 0.061394 0.225758
2 2 0.004736 0.120109 0.510302 0.065158 0.299694
2 2 0.006026 0.136243 0.493374 0.049270 0.315087
2 2 0.007925 0.143984 0.418840 0.054102 0.375149
4 2 0.007422 0.140554 0.389110 0.046101 0.416813
4 2 0.011087 0.157677 0.370488 0.063886 0.396862
4 2 0.012295 0.133949 0.185743 0.029602 0.638411
4 4 0.013511 0.128364 0.160163 0.020346 0.677616
4 4 0.010060 0.074956 0.081852 0.026000 0.807132
4 4 0.009698 0.066808 0.070462 0.028399 0.824633
4 4 0.012866 0.076843 0.078654 0.036096 0.795541
4 4 0.013593 0.067857 0.059195 0.017525 0.841830
4 4 0.016591 0.076273 0.065658 0.020525 0.820952
4 4 0.020450 0.080711 0.062137 0.012497 0.824205
4 4 0.030743 0.087565 0.052384 0.003774 0.825534
4 4 0.035451 0.080781 0.038085 0.000904 0.844779
4 4 0.047126 0.099786 0.049197 0.001742 0.802149
4 4 0.069122 0.134956 0.070975 0.003812 0.721134
4 4 0.031953 0.136785 0.111406 0.009661 0.710196
4 4 0.015746 0.133994 0.160979 0.021954 0.667326
4 4 0.004193 0.071020 0.111980 0.026444 0.786363
4 4 0.005499 0.098157 0.165420 0.030400 0.700523
4 4 0.005074 0.079520 0.122627 0.027455 0.765324
4 4 0.007112 0.084731 0.120851 0.041112 0.746194
4 4 0.015182 0.119402 0.153223 0.065855 0.646338
4 1 0.053000 0.198286 0.188968 0.051234 0.508512
4 1 0.140794 0.256339 0.164965 0.016165 0.421737
0 1 0.278935 0.249363 0.186693 0.047656 0.237352
0 1 0.486369 0.172735 0.141148 0.133019 0.066729
0 0 0.689120 0.137363 0.056989 0.075068 0.041460
0 0 0.686004 0.150423 0.051393 0.055028 0.057151
1 0 0.247867 0.322931 0.220371 0.040541 0.168290
0 0 0.296271 0.295305 0.168128 0.031452 0.208844
4 0 0.179689 0.225583 0.118380 0.013611 0.462737
0 0 0.456930 0.209585 0.076881 0.019302 0.237303
0 0 0.411247 0.213873 0.080940 0.017580 0.276361
4 0 0.333401 0.219157 0.089839 0.016716 0.340886
4 0 0.222780 0.221811 0.109151 0.019217 0.427041
4 1 0.159621 0.262880 0.154181 0.009783 0.413535
4 1 0.144851 0.274579 0.167786 0.007400 0.405384
4 1 0.149191 0.307400 0.205995 0.009371 0.328042
4 0 0.130059 0.302642 0.207277 0.007260 0.352762
4 1 0.248004 0.249229 0.123297 0.015623 0.363847
4 1 0.332116 0.216607 0.087268 0.015095 0.348915
0 1 0.510717 0.208240 0.080944 0.037052 0.163048
4 1 0.195145 0.226452 0.152080 0.040663 0.385660
4 1 0.234224 0.232698 0.134446 0.031929 0.366703
4 1 0.227147 0.252872 0.166246 0.051604 0.302131
1 1 0.189223 0.345013 0.284733 0.042835 0.138197
2 1 0.116003 0.365345 0.377554 0.024923 0.116175
2 1 0.075965 0.356593 0.449552 0.017413 0.100476
2 1 0.045359 0.189254 0.631540 0.069051 0.064796
2 1 0.042805 0.193032 0.645382 0.060942 0.057838
2 1 0.048795 0.194296 0.564347 0.106465 0.086096
2 2 0.026616 0.134935 0.601050 0.169692 0.067707
2 2 0.029361 0.154822 0.600303 0.137925 0.077589
2 2 0.038415 0.176539 0.543769 0.150279 0.090999
2 2 0.049406 0.218074 0.560579 0.081918 0.090024
2 2 0.042361 0.199608 0.615170 0.071110 0.071751
2 2 0.033299 0.161520 0.681067 0.072175 0.051940
2 2 0.043207 0.158496 0.710569 0.054233 0.033495
2 2 0.080763 0.172450 0.670992 0.054337 0.021459
2 2 0.091967 0.179288 0.663299 0.047292 0.018154
2 2 0.096375 0.156693 0.672909 0.059521 0.014503
0 2 0.654996 0.162836 0.104354 0.050763 0.027051
0 2 0.789559 0.112893 0.025923 0.009632 0.061992
0 1 0.814014 0.098805 0.019425 0.004734 0.063022
0 0 0.850310 0.084735 0.015797 0.004729 0.044428
0 0 0.861943 0.079179 0.014142 0.004121 0.040615
0 0 0.755881 0.120023 0.026083 0.005572 0.092442
0 1 0.594707 0.183625 0.061304 0.024846 0.135518
0 1 0.512440 0.204180 0.074585 0.025959 0.182835
0 1 0.737553 0.135847 0.038433 0.023340 0.064827
0 1 0.868205 0.078739 0.016019 0.009650 0.027387
0 0 0.906751 0.058171 0.009182 0.003373 0.022523
0 0 0.804958 0.099442 0.018774 0.003529 0.073297
0 0 0.585581 0.188554 0.068477 0.039174 0.118214
0 0 0.445148 0.241626 0.121910 0.078399 0.112918
1 1 0.146325 0.330227 0.295400 0.048660 0.179389
1 2 0.090941 0.289511 0.285640 0.055174 0.278735
4 2 0.047404 0.220537 0.248160 0.074610 0.409289
4 2 0.047687 0.221192 0.290054 0.092602 0.348465
2 2 0.050175 0.228034 0.387896 0.079363 0.254531
2 2 0.055458 0.216887 0.521250 0.079447 0.126959
2 2 0.051103 0.171829 0.621343 0.056655 0.099070
2 2 0.124508 0.153666 0.549447 0.141603 0.030775
0 2 0.351502 0.206498 0.281823 0.117353 0.042824
0 1 0.715501 0.139333 0.049498 0.041743 0.053925
0 0 0.593926 0.167834 0.046059 0.008179 0.184002
4 0 0.346972 0.190882 0.065171 0.008271 0.388704
4 1 0.300291 0.214430 0.088894 0.014989 0.381396
2 1 0.096258 0.225684 0.393124 0.040680 0.244255
2 1 0.054986 0.141580 0.489658 0.202550 0.111227
2 1 0.024194 0.080785 0.465451 0.374794 0.054776
2 2 0.021731 0.078593 0.456277 0.390152 0.053247
2 2 0.017245 0.086453 0.578571 0.271621 0.046109
2 2 0.028924 0.118359 0.673138 0.137527 0.042052
2 2 0.092353 0.176845 0.592097 0.097819 0.040885
2 2 0.149315 0.209941 0.467478 0.114062 0.059203
2 1 0.083432 0.160979 0.621742 0.100102 0.033744
2 1 0.048856 0.119220 0.622909 0.171899 0.037116
2 2 0.074615 0.140189 0.609853 0.137900 0.037443
2 2 0.051589 0.133786 0.601006 0.156369 0.057249
2 2 0.036361 0.097157 0.676916 0.162859 0.026706
2 2 0.004030 0.026381 0.846595 0.119312 0.003681
2 2 0.003253 0.024316 0.851788 0.116729 0.003915
2 2 0.012211 0.056630 0.874345 0.050641 0.006174
2 2 0.013536 0.069707 0.854809 0.051453 0.010494
2 2 0.006550 0.044390 0.910239 0.034839 0.003982
2 2 0.008373 0.051332 0.880239 0.053947 0.006110
2 2 0.010369 0.060295 0.837936 0.081218 0.010183
3 2 0.004667 0.029147 0.454877 0.493231 0.018078
3 2 0.005180 0.030465 0.467342 0.478541 0.018473
2 2 0.013477 0.061891 0.612812 0.282201 0.029619
2 2 0.004137 0.030617 0.755398 0.200779 0.009069
2 2 0.013706 0.046884 0.806350 0.126924 0.006136
2 2 0.042005 0.067516 0.781106 0.104445 0.004928
2 2 0.221780 0.159788 0.423345 0.167659 0.027429
0 2 0.435237 0.137332 0.141838 0.243754 0.041838
0 2 0.751633 0.115141 0.037599 0.060413 0.035214
0 0 0.816722 0.101548 0.024668 0.018683 0.038379
0 0 0.860522 0.080413 0.014720 0.004689 0.039655
0 0 0.923148 0.049500 0.008554 0.007940 0.010858
0 0 0.671180 0.160617 0.050672 0.028563 0.088969
2 0 0.222125 0.256804 0.358474 0.089178 0.073420
2 1 0.106221 0.347291 0.401129 0.028424 0.116935
2 2 0.104153 0.335520 0.399662 0.033287 0.127378
2 2 0.103276 0.287225 0.476251 0.045363 0.087885
2 2 0.099896 0.237121 0.542190 0.061027 0.059766
2 2 0.260146 0.267245 0.374826 0.056636 0.041147
2 1 0.186028 0.227729 0.500080 0.058816 0.027348
0 1 0.713294 0.138868 0.034610 0.009261 0.103968
0 1 0.830179 0.096702 0.021712 0.011894 0.039512
0 1 0.867794 0.078412 0.014996 0.006556 0.032241
0 0 0.838946 0.084411 0.014204 0.002404 0.060035
0 0 0.912716 0.054361 0.008003 0.002437 0.022483
0 0 0.843703 0.086992 0.016182 0.004400 0.048723
0 0 0.714333 0.140184 0.035881 0.010849 0.098752
0 0 0.489898 0.199528 0.067791 0.015186 0.227598
4 2 0.105177 0.166108 0.090812 0.012761 0.625142
4 2 0.031282 0.118193 0.104907 0.046654 0.698964
4 2 0.003896 0.036244 0.040938 0.021475 0.897447
4 4 0.002006 0.025670 0.032924 0.022410 0.916989
4 4 0.001398 0.019920 0.024998 0.012427 0.941257
4 4 0.000918 0.014226 0.016553 0.004471 0.963833
4 4 0.000826 0.011815 0.011814 0.001420 0.974124
4 4 0.000986 0.013059 0.012745 0.001496 0.971713
4 4 0.001279 0.013212 0.010406 0.000487 0.974616
4 4 0.001788 0.015499 0.011208 0.000413 0.971092
4 4 0.002578 0.018215 0.011794 0.000307 0.967106
4 4 0.006491 0.034559 0.023098 0.001172 0.934680
4 4 0.001575 0.017647 0.016918 0.002349 0.961510
4 4 0.000699 0.009647 0.008569 0.000524 0.980561
4 4 0.000522 0.007461 0.006134 0.000218 0.985664
4 4 0.000695 0.009321 0.007965 0.000401 0.981619
4 4 0.001088 0.013428 0.012460 0.001202 0.971821
4 4 0.001897 0.019262 0.017590 0.002125 0.959126
4 4 0.002671 0.021666 0.017079 0.001201 0.957382
4 4 0.006808 0.042607 0.036204 0.006250 0.908132
4 4 0.006946 0.043544 0.037442 0.006938 0.905130
4 4 0.006229 0.043679 0.041644 0.012179 0.896268
4 4 0.001581 0.016930 0.015315 0.001598 0.964577
4 4 0.001077 0.012786 0.011230 0.000820 0.974087
4 4 0.001678 0.016383 0.013470 0.000904 0.967565
4 4 0.001729 0.016640 0.013599 0.000901 0.967132
4 4 0.003283 0.025873 0.021500 0.002202 0.947141
4 4 0.008203 0.045360 0.035525 0.004536 0.906376
4 4 0.030605 0.138044 0.117577 0.011927 0.701847
4 4 0.017656 0.144112 0.333701 0.022781 0.481751
4 4 0.017314 0.111864 0.203094 0.011826 0.655902
4 4 0.018450 0.098441 0.112674 0.009263 0.761173
2 4 0.018108 0.217838 0.372897 0.029655 0.361502
2 4 0.014740 0.209579 0.431314 0.027850 0.316517
2 4 0.013372 0.205979 0.504961 0.042940 0.232748
2 4 0.011009 0.192435 0.510283 0.048395 0.237877
2 4 0.005937 0.147789 0.532490 0.034539 0.279245
2 4 0.006572 0.145856 0.500943 0.025322 0.321306
2 4 0.005824 0.132115 0.542980 0.027455 0.291625
2 2 0.004856 0.117439 0.557758 0.030714 0.289233
2 2 0.007778 0.132793 0.505918 0.042783 0.310728
2 2 0.014365 0.166473 0.563239 0.054434 0.201489
2 2 0.034381 0.190243 0.396926 0.083947 0.294502
4 2 0.076358 0.175588 0.135321 0.046689 0.566044
4 0 0.055530 0.131351 0.085612 0.015862 0.711645
4 0 0.310642 0.185112 0.065728 0.010500 0.428018
0 0 0.512770 0.141833 0.031879 0.003005 0.310513
0 0 0.609110 0.124824 0.024726 0.002701 0.238639
4 0 0.382345 0.128453 0.027754 0.001435 0.460013
4 2 0.090865 0.124955 0.055614 0.004563 0.724003
4 2 0.090923 0.138115 0.066980 0.005806 0.698176
4 2 0.047157 0.110466 0.063839 0.005511 0.773027
4 0 0.144341 0.194185 0.100460 0.010953 0.550060
4 0 0.204698 0.244926 0.151634 0.057570 0.341172
4 0 0.108853 0.231632 0.175010 0.046456 0.438049
2 1 0.036097 0.227093 0.356334 0.079183 0.301294
2 1 0.013814 0.140942 0.487507 0.105584 0.252152
2 1 0.022222 0.157947 0.477963 0.139672 0.202196
2 1 0.031122 0.177358 0.487060 0.145528 0.158932
2 1 0.026520 0.168508 0.635539 0.100879 0.068554
2 1 0.013704 0.116290 0.768269 0.069476 0.032262
2 2 0.012958 0.096364 0.761067 0.099937 0.029674
2 2 0.018266 0.105984 0.774166 0.072954 0.028630
2 2 0.011902 0.070559 0.795936 0.102108 0.019496
2 2 0.008631 0.052304 0.816360 0.109114 0.013591
2 2 0.006602 0.045916 0.771107 0.162135 0.014240
2 2 0.003779 0.035613 0.789887 0.160396 0.010326
2 2 0.002031 0.031199 0.893827 0.067178 0.005766
2 2 0.002681 0.040241 0.860079 0.087932 0.009067
2 2 0.003407 0.047222 0.853622 0.084836 0.010912
2 2 0.006008 0.065726 0.831204 0.080829 0.016234
2 2 0.008149 0.080535 0.820324 0.071098 0.019895
2 2 0.002902 0.027397 0.771920 0.189672 0.008109
2 2 0.001857 0.017776 0.622599 0.350725 0.007042
2 2 0.001879 0.016776 0.568446 0.405536 0.007364
3 2 0.001629 0.014527 0.394718 0.580043 0.009083
3 2 0.001125 0.010887 0.325478 0.654903 0.007608
3 2 0.002198 0.017124 0.362920 0.605841 0.011917
3 2 0.002099 0.016117 0.391170 0.580292 0.010323
3 2 0.003806 0.022903 0.399441 0.558517 0.015333
3 3 0.001553 0.010158 0.319380 0.662915 0.005994
3 3 0.004635 0.016776 0.361869 0.610579 0.006141
3 3 0.004412 0.012946 0.256378 0.721224 0.005039
3 3 0.003074 0.008820 0.213501 0.771552 0.003052
3 3 0.001550 0.005313 0.122462 0.867677 0.002998
3 3 0.000606 0.002786 0.073409 0.920936 0.002263
3 3 0.000431 0.002468 0.056290 0.938193 0.002617
3 3 0.000599 0.003776 0.066838 0.924007 0.004780
3 3 0.000594 0.003721 0.058615 0.932097 0.004973
3 3 0.000530 0.003482 0.060008 0.931324 0.004656
3 3 0.000491 0.003645 0.077009 0.913992 0.004863
3 3 0.000702 0.004726 0.091109 0.897490 0.005974
3 3 0.001214 0.001951 0.017322 0.978363 0.001150
3 3 0.000895 0.001535 0.015986 0.980687 0.000897
3 3 0.000770 0.001481 0.015249 0.981539 0.000961
3 3 0.000553 0.001362 0.016119 0.980944 0.001022
3 3 0.000471 0.001460 0.019185 0.977629 0.001256
3 3 0.000741 0.001967 0.019990 0.975648 0.001653
3 3 0.000803 0.001934 0.017558 0.978119 0.001586
3 3 0.000698 0.001634 0.016870 0.979557 0.001241
3 3 0.000923 0.001623 0.015794 0.980663 0.000998
3 3 0.001910 0.002661 0.020906 0.973075 0.001448
3 3 0.002603 0.003180 0.020590 0.971940 0.001687
3 3 0.001834 0.002197 0.016362 0.978512 0.001095
3 3 0.002018 0.002018 0.013475 0.981572 0.000917
3 3 0.001713 0.001551 0.010297 0.985779 0.000661
3 3 0.001076 0.001072 0.007815 0.989554 0.000484
3 3 0.000928 0.000962 0.007545 0.990130 0.000436
3 3 0.000481 0.000578 0.005753 0.992916 0.000272
3 3 0.000491 0.000660 0.006418 0.992088 0.000343
3 3 0.000258 0.000453 0.005684 0.993341 0.000265
3 3 0.000405 0.000751 0.010039 0.988372 0.000433
3 3 0.000872 0.001139 0.007091 0.990201 0.000696
3 3 0.001176 0.001120 0.006985 0.990194 0.000524
3 3 0.001121 0.000966 0.006681 0.990834 0.000398
3 3 0.000864 0.000778 0.005864 0.992170 0.000324
3 3 0.000851 0.000619 0.004430 0.993877 0.000224
3 3 0.000811 0.000805 0.005604 0.992404 0.000377
3 3 0.000891 0.000873 0.004897 0.992890 0.000449
3 3 0.000506 0.000575 0.004003 0.994608 0.000308
3 3 0.000821 0.000578 0.004294 0.994106 0.000201
3 3 0.000535 0.000409 0.003601 0.995312 0.000143
3 3 0.000591 0.000396 0.003558 0.995332 0.000123
3 3 0.000285 0.000259 0.002441 0.996911 0.000104
3 3 0.000314 0.000398 0.003706 0.995374 0.000208
3 3 0.000283 0.000389 0.003799 0.995317 0.000213
3 3 0.000368 0.000589 0.005076 0.993588 0.000379
3 3 0.000334 0.000583 0.005328 0.993364 0.000391
3 3 0.000361 0.000605 0.005768 0.992882 0.000384
3 3 0.000359 0.000738 0.008227 0.990167 0.000509
3 3 0.000222 0.000407 0.005840 0.993297 0.000234
3 3 0.000382 0.000495 0.005859 0.993034 0.000231
3 3 0.000278 0.000572 0.006001 0.992736 0.000413
3 3 0.000322 0.000581 0.005454 0.993246 0.000397
3 3 0.000304 0.000614 0.006314 0.992330 0.000439
3 3 0.000250 0.000481 0.005096 0.993841 0.000331
3 3 0.000393 0.000655 0.005608 0.992909 0.000435
3 3 0.000380 0.000509 0.004879 0.993962 0.000270
3 3 0.000697 0.000656 0.005455 0.992919 0.000273
3 3 0.000624 0.000582 0.005750 0.992823 0.000222
3 3 0.000669 0.000692 0.006047 0.992289 0.000303
3 3 0.000863 0.000785 0.004518 0.993457 0.000376
3 3 0.000550 0.000576 0.004088 0.994500 0.000286
3 3 0.000415 0.000461 0.003700 0.995195 0.000229
3 3 0.000446 0.000443 0.003285 0.995618 0.000209
3 3 0.000542 0.000504 0.003875 0.994861 0.000219
3 3 0.000736 0.000505 0.003247 0.995327 0.000185
3 3 0.000829 0.000493 0.003274 0.995246 0.000158
3 3 0.000764 0.000413 0.003526 0.995186 0.000110
3 3 0.000857 0.000550 0.004160 0.994258 0.000176
3 3 0.001138 0.000925 0.004812 0.992704 0.000420
3 3 0.001669 0.001390 0.004067 0.992040 0.000834
3 3 0.000322 0.000240 0.001845 0.997502 0.000091
3 3 0.000622 0.000316 0.002025 0.996944 0.000093
3 3 0.000675 0.000441 0.002809 0.995917 0.000158
3 3 0.000323 0.000288 0.002271 0.996993 0.000124
3 3 0.000257 0.000272 0.002395 0.996948 0.000128
3 3 0.000112 0.000142 0.001923 0.997756 0.000066
3 3 0.000367 0.000342 0.003277 0.995878 0.000137
3 3 0.000191 0.000176 0.002022 0.997544 0.000067
3 3 0.000424 0.000339 0.002364 0.996734 0.000139
3 3 0.000215 0.000223 0.001926 0.997531 0.000105
3 3 0.000377 0.000395 0.002652 0.996369 0.000207
3 3 0.000242 0.000298 0.002150 0.997134 0.000175
3 3 0.000242 0.000319 0.002492 0.996757 0.000190
3 3 0.000415 0.000393 0.002218 0.996769 0.000205
3 3 0.000281 0.000309 0.002113 0.997127 0.000169
3 3 0.000439 0.000346 0.001735 0.997314 0.000166
3 3 0.000806 0.000558 0.002393 0.995992 0.000251
3 3 0.001142 0.000825 0.003610 0.994050 0.000372
3 3 0.001067 0.000816 0.003931 0.993818 0.000368
3 3 0.000872 0.000735 0.003464 0.994561 0.000366
3 3 0.000692 0.000633 0.003605 0.994758 0.000311
3 3 0.000729 0.000629 0.003447 0.994896 0.000299
3 3 0.000523 0.000558 0.004115 0.994527 0.000276
3 3 0.000607 0.000681 0.005263 0.993109 0.000340
3 3 0.002075 0.002605 0.016432 0.977437 0.001451
3 3 0.006009 0.005113 0.030710 0.956156 0.002012
3 3 0.012528 0.013052 0.106408 0.863104 0.004908
3 3 0.008605 0.012671 0.212506 0.762410 0.003808
2 2 0.010711 0.029650 0.641013 0.313613 0.005012
2 2 0.015180 0.059800 0.725512 0.186200 0.013309
2 2 0.015132 0.073829 0.648473 0.233252 0.029315
2 2 0.022309 0.097096 0.494207 0.323291 0.063097
3 2 0.021330 0.080657 0.377606 0.452143 0.068264
3 2 0.033524 0.126510 0.308387 0.359225 0.172354
2 2 0.035407 0.170174 0.367061 0.138690 0.288668
4 2 0.013849 0.110955 0.260097 0.052151 0.562948
4 2 0.008765 0.091626 0.238647 0.067926 0.593036
4 2 0.002612 0.047697 0.139681 0.024828 0.785183
4 4 0.002600 0.051298 0.139845 0.023787 0.782470
4 4 0.001994 0.051341 0.177357 0.029094 0.740215
4 4 0.002346 0.029921 0.041480 0.046035 0.880219
4 4 0.002885 0.033839 0.046245 0.053982 0.863050
4 4 0.006648 0.052741 0.062934 0.060527 0.817150
4 4 0.009371 0.058088 0.057184 0.025052 0.850304
4 4 0.009473 0.056478 0.052778 0.017845 0.863426
4 4 0.008343 0.050950 0.046181 0.012409 0.882117
4 4 0.009723 0.057583 0.054029 0.018940 0.859725
4 4 0.004686 0.037755 0.038081 0.012547 0.906932
4 4 0.002338 0.023479 0.023179 0.004631 0.946374
4 4 0.001799 0.019910 0.019909 0.003668 0.954714
4 4 0.002018 0.022924 0.024996 0.007555 0.942508
4 4 0.001883 0.021493 0.022865 0.005879 0.947881
4 4 0.001528 0.021605 0.027979 0.017121 0.931767
4 4 0.000616 0.012831 0.018590 0.012013 0.955949
4 4 0.000700 0.013784 0.019615 0.012432 0.953468
4 4 0.000780 0.013650 0.017377 0.006712 0.961480
4 4 0.001185 0.014793 0.014456 0.001888 0.967678
4 4 0.001517 0.016640 0.015262 0.001667 0.964914
4 4 0.000948 0.011434 0.009700 0.000557 0.977360
4 4 0.000708 0.009709 0.008607 0.000524 0.980451
4 4 0.002490 0.025478 0.026536 0.007175 0.938321
4 4 0.001941 0.019566 0.017878 0.002193 0.958422
4 4 0.001820 0.020408 0.020882 0.004339 0.952551
4 4 0.002086 0.023468 0.025642 0.007975 0.940829
4 4 0.001538 0.019513 0.021852 0.006484 0.950613
4 4 0.001837 0.021440 0.023234 0.006462 0.947027
4 4 0.001383 0.017611 0.018900 0.004279 0.957826
4 4 0.001382 0.019327 0.023522 0.009964 0.945805
4 4 0.001839 0.021688 0.023857 0.007152 0.945465
4 4 0.002063 0.023117 0.024993 0.007330 0.942496
4 4 0.004164 0.028365 0.021581 0.001627 0.944263
4 4 0.008775 0.040690 0.025914 0.001225 0.923396
4 4 0.014275 0.051256 0.028964 0.000996 0.904509
4 4 0.030015 0.086646 0.052170 0.003826 0.827343
4 4 0.024615 0.090549 0.069615 0.015605 0.799617
4 4 0.033983 0.114991 0.094841 0.037813 0.718372
4 4 0.036139 0.106821 0.073723 0.012149 0.771166
4 1 0.043469 0.119669 0.082822 0.015632 0.738408
4 1 0.053457 0.116245 0.063825 0.004224 0.762249
4 1 0.044488 0.099876 0.051865 0.002302 0.801470
4 1 0.045659 0.144082 0.119159 0.042001 0.649098
4 2 0.032578 0.096360 0.062766 0.007210 0.801086
4 2 0.027017 0.084036 0.056909 0.010718 0.821321
4 2 0.046440 0.095711 0.051340 0.006311 0.800198
4 0 0.069789 0.118417 0.058120 0.004716 0.748957
4 0 0.068003 0.113001 0.051421 0.002304 0.765270
4 0 0.049003 0.111238 0.061885 0.004139 0.773735
4 0 0.035391 0.117034 0.095472 0.036940 0.715162
4 1 0.017998 0.153499 0.211144 0.066121 0.551239
4 1 0.019675 0.148648 0.193692 0.069956 0.568030
4 1 0.024221 0.160817 0.240804 0.120396 0.453762
2 1 0.038941 0.211556 0.318057 0.159529 0.271916
2 4 0.052177 0.252104 0.358360 0.138606 0.198754
2 4 0.086694 0.281513 0.304041 0.100073 0.227679
4 4 0.097253 0.254035 0.238979 0.104054 0.305680
4 4 0.053485 0.146213 0.116758 0.054290 0.629254
4 1 0.035283 0.109191 0.079705 0.017249 0.758573
4 1 0.041181 0.117963 0.083991 0.017704 0.739161
4 1 0.068100 0.143861 0.087733 0.011709 0.688597
4 1 0.070703 0.162437 0.118033 0.040747 0.608081
1 1 0.255353 0.342266 0.256477 0.021337 0.124567
2 1 0.073493 0.202108 0.610033 0.064439 0.049927
2 1 0.122953 0.258195 0.465670 0.070049 0.083134
2 1 0.110298 0.304437 0.397875 0.050618 0.136772
2 1 0.089160 0.235439 0.436870 0.109979 0.128552
2 1 0.071565 0.201194 0.440218 0.162858 0.124166
2 1 0.075406 0.193369 0.281149 0.258525 0.191551
4 1 0.078220 0.216742 0.225222 0.208130 0.271686
2 1 0.074526 0.272913 0.297506 0.082432 0.272623
4 1 0.088000 0.285552 0.269880 0.038706 0.317862
4 1 0.097975 0.293746 0.259909 0.027725 0.320644
4 1 0.101639 0.271564 0.229972 0.036980 0.359845
4 2 0.066257 0.242635 0.250487 0.074923 0.365698
4 2 0.045363 0.225180 0.279081 0.114565 0.335811
4 2 0.045777 0.224453 0.273947 0.108452 0.347371
4 2 0.046856 0.234916 0.293234 0.106747 0.318246
4 2 0.042966 0.222285 0.264817 0.077675 0.392257
4 2 0.042263 0.161468 0.159542 0.085261 0.551466
4 2 0.067485 0.204688 0.186288 0.074080 0.467459
4 2 0.096944 0.267641 0.229743 0.038036 0.367635
2 2 0.013025 0.133628 0.433509 0.128448 0.291390
2 2 0.009629 0.107347 0.509612 0.226266 0.147145
2 2 0.009746 0.102924 0.476054 0.277247 0.134029
2 2 0.008858 0.089560 0.559284 0.268799 0.073500
2 2 0.005812 0.057984 0.589369 0.316075 0.030760
2 2 0.004945 0.047133 0.618740 0.306668 0.022514
2 2 0.002008 0.023847 0.546014 0.416117 0.012014
2 2 0.009309 0.059900 0.775701 0.138819 0.016270
2 2 0.023213 0.083074 0.819574 0.062626 0.011513
2 2 0.019127 0.074610 0.848570 0.049428 0.008265
2 1 0.005837 0.041000 0.881459 0.065034 0.006671
2 1 0.011507 0.071586 0.831497 0.069693 0.015718
2 1 0.025026 0.132052 0.736638 0.068555 0.037729
2 1 0.020006 0.129084 0.665737 0.133028 0.052145
2 2 0.015504 0.099434 0.494074 0.324593 0.066395
2 2 0.012953 0.088565 0.594848 0.257299 0.046334
2 2 0.006907 0.054388 0.681762 0.234574 0.022368
2 2 0.002485 0.027375 0.742914 0.218350 0.008876
2 2 0.002783 0.030501 0.813932 0.144787 0.007997
2 2 0.005162 0.039230 0.852156 0.096393 0.007059
2 2 0.004610 0.044006 0.807292 0.131872 0.012221
2 2 0.004595 0.040035 0.761566 0.181761 0.012044
2 2 0.012066 0.063820 0.740934 0.165898 0.017282
2 2 0.034855 0.093239 0.684399 0.169212 0.018295
2 2 0.040159 0.092869 0.728045 0.123722 0.015205
2 2 0.024949 0.070158 0.816481 0.080015 0.008397
2 2 0.019039 0.055729 0.825497 0.093655 0.006081
2 2 0.024687 0.063236 0.806484 0.099174 0.006419
2 2 0.005417 0.026923 0.825311 0.139057 0.003293
2 2 0.005608 0.024587 0.725092 0.240914 0.003799
2 2 0.006307 0.027945 0.614657 0.343880 0.007210
2 2 0.011207 0.040913 0.583595 0.352698 0.011587
2 2 0.014809 0.053695 0.499663 0.406424 0.025409
2 2 0.017292 0.071618 0.621551 0.262577 0.026962
2 2 0.027227 0.111487 0.641507 0.173723 0.046056
2 2 0.012350 0.075882 0.729638 0.155599 0.026532
