3 3 0.001533 0.000922 0.037494 0.959506 0.000545
3 3 0.001428 0.000766 0.029532 0.967813 0.000461
3 3 0.002554 0.001452 0.038883 0.956178 0.000932
3 3 0.002673 0.001530 0.039897 0.954912 0.000987
3 3 0.002267 0.001266 0.036337 0.959328 0.000803
3 3 0.002965 0.001724 0.042304 0.951883 0.001123
3 3 0.003220 0.001896 0.044316 0.949323 0.001245
3 3 0.004250 0.002609 0.051806 0.939572 0.001763
3 3 0.004126 0.002522 0.050951 0.940703 0.001699
3 3 0.004339 0.002673 0.052413 0.938766 0.001810
3 3 0.005119 0.003234 0.057492 0.931928 0.002227
3 3 0.003864 0.002339 0.049111 0.943122 0.001565
3 3 0.002951 0.001715 0.042190 0.952028 0.001117
3 3 0.001944 0.001061 0.033304 0.963029 0.000663
3 3 0.001729 0.000928 0.031162 0.965608 0.000573
3 3 0.001318 0.000679 0.026696 0.970898 0.000408
3 3 0.001018 0.000505 0.023031 0.975151 0.000296
3 3 0.001278 0.000655 0.026231 0.971443 0.000393
3 3 0.001758 0.000945 0.031452 0.965261 0.000584
3 3 0.002303 0.001289 0.036667 0.958921 0.000819
3 3 0.003338 0.001976 0.045226 0.948157 0.001303
3 3 0.003945 0.002395 0.049687 0.942367 0.001606
3 3 0.002837 0.001639 0.041261 0.953200 0.001063
3 3 0.003754 0.002262 0.048317 0.944159 0.001509
3 3 0.003813 0.002303 0.048747 0.943597 0.001539
3 3 0.003358 0.001990 0.045381 0.947958 0.001313
3 3 0.004194 0.002570 0.051422 0.940079 0.001734
3 3 0.003707 0.002229 0.047978 0.944600 0.001486
3 3 0.004441 0.002745 0.053096 0.937856 0.001863
3 3 0.003125 0.001831 0.043573 0.950271 0.001200
3 3 0.004023 0.002450 0.050235 0.941647 0.001646
3 3 0.002760 0.001588 0.040625 0.954000 0.001027
3 3 0.004153 0.002541 0.051142 0.940450 0.001713
3 3 0.003197 0.001880 0.044143 0.949545 0.001235
3 3 0.002381 0.001340 0.037365 0.958061 0.000854
3 3 0.003925 0.002381 0.049542 0.942557 0.001596
3 3 0.002885 0.001671 0.041654 0.952704 0.001086
3 3 0.004203 0.002576 0.051482 0.940000 0.001739
3 3 0.002975 0.001731 0.042387 0.951778 0.001128
3 3 0.003032 0.001769 0.042839 0.951204 0.001155
3 3 0.002105 0.001163 0.034843 0.961158 0.000732
3 3 0.001816 0.000982 0.032045 0.964548 0.000609
3 3 0.002256 0.001259 0.036237 0.959451 0.000798
3 3 0.002793 0.001610 0.040898 0.953657 0.001042
3 3 0.002629 0.001502 0.039525 0.955377 0.000967
3 3 0.002573 0.001464 0.039041 0.955981 0.000941
3 3 0.003627 0.002174 0.047391 0.945363 0.001446
3 3 0.004314 0.002655 0.052243 0.938992 0.001797
3 3 0.002963 0.001723 0.042284 0.951908 0.001122
3 3 0.002417 0.001363 0.037684 0.957667 0.000870
3 3 0.002908 0.001686 0.041840 0.952470 0.001096
3 3 0.004640 0.002888 0.054421 0.936083 0.001969
3 3 0.004865 0.003049 0.055877 0.934121 0.002089
3 3 0.003653 0.002192 0.047581 0.945115 0.001459
3 3 0.004130 0.002525 0.050980 0.940664 0.001701
3 3 0.004663 0.002904 0.054571 0.935882 0.001981
3 3 0.003894 0.002359 0.049322 0.942845 0.001580
3 3 0.004041 0.002462 0.050358 0.941485 0.001655
3 3 0.004286 0.002635 0.052055 0.939241 0.001782
3 3 0.006514 0.004270 0.065743 0.920460 0.003014
2 3 0.131314 0.170034 0.525675 0.133609 0.039369
2 3 0.260173 0.238690 0.395516 0.074472 0.031148
2 0 0.222532 0.216974 0.440735 0.091920 0.027839
2 0 0.179082 0.257189 0.476829 0.053750 0.033150
1 0 0.146980 0.391129 0.370106 0.017935 0.073850
1 2 0.084463 0.465153 0.318338 0.006447 0.125598
1 1 0.050237 0.432641 0.338341 0.006378 0.172403
1 2 0.047386 0.419492 0.340939 0.007131 0.185051
1 1 0.042560 0.405807 0.372436 0.006005 0.173191
2 1 0.039021 0.365693 0.469745 0.007107 0.118434
2 1 0.037705 0.327111 0.516000 0.010778 0.108407
2 1 0.032829 0.321112 0.535261 0.009385 0.101413
1 2 0.047432 0.456029 0.347744 0.004225 0.144569
1 2 0.043555 0.441648 0.371483 0.004302 0.139012
2 2 0.033953 0.361749 0.458730 0.007322 0.138246
2 1 0.022364 0.322581 0.496147 0.007031 0.151877
2 2 0.018603 0.269463 0.567477 0.009475 0.134981
2 2 0.026830 0.327794 0.500160 0.007465 0.137751
2 2 0.025676 0.271044 0.583758 0.011713 0.107809
2 2 0.030651 0.319091 0.531825 0.008574 0.109858
2 2 0.017024 0.263289 0.611190 0.006148 0.102348
2 2 0.015807 0.224865 0.697248 0.005054 0.057026
2 1 0.011814 0.188375 0.758211 0.003998 0.037601
2 2 0.018582 0.240428 0.695027 0.003694 0.042269
2 2 0.020916 0.300247 0.610408 0.003039 0.065391
2 2 0.020162 0.345059 0.554775 0.002070 0.077935
2 2 0.018078 0.264885 0.643407 0.004830 0.068800
2 2 0.017551 0.271698 0.635757 0.004311 0.070682
2 1 0.024828 0.406620 0.424284 0.002597 0.141671
1 1 0.020393 0.392041 0.387468 0.001716 0.198383
1 2 0.034700 0.447538 0.299658 0.001585 0.216519
1 2 0.038270 0.457140 0.289848 0.001378 0.213364
1 1 0.038652 0.460574 0.296497 0.001519 0.202758
1 2 0.038653 0.429686 0.282679 0.001690 0.247291
1 2 0.035158 0.404969 0.248776 0.001019 0.310077
1 1 0.035407 0.427906 0.262168 0.001015 0.273504
1 2 0.025028 0.399326 0.285715 0.001369 0.288562
1 2 0.020278 0.389497 0.318484 0.002026 0.269715
1 2 0.018065 0.395504 0.335905 0.002088 0.248438
2 2 0.015365 0.409572 0.425971 0.001630 0.147461
4 1 0.046246 0.322468 0.193045 0.001379 0.436861
4 1 0.031804 0.337568 0.247693 0.002262 0.380672
1 1 0.025968 0.357118 0.277326 0.002237 0.337351
2 1 0.022306 0.348673 0.355189 0.007520 0.266313
2 2 0.019617 0.334730 0.355341 0.007723 0.282590
2 2 0.016482 0.294865 0.347941 0.010488 0.330225
2 2 0.015332 0.298431 0.451684 0.007348 0.227205
2 2 0.017336 0.316351 0.489232 0.005481 0.171600
2 2 0.028128 0.359997 0.394910 0.005910 0.211055
1 1 0.035700 0.361894 0.344549 0.005562 0.252296
1 1 0.044704 0.364554 0.274511 0.004296 0.311935
1 1 0.042938 0.391965 0.293235 0.003903 0.267960
1 1 0.124180 0.415233 0.213794 0.002748 0.244044
1 1 0.140815 0.429122 0.216633 0.003024 0.210407
1 0 0.190059 0.455692 0.199930 0.002355 0.151963
1 0 0.235352 0.439298 0.245270 0.005779 0.074301
1 0 0.320475 0.358417 0.252722 0.011324 0.057062
1 0 0.340870 0.350770 0.248764 0.011442 0.048155
1 0 0.187921 0.503172 0.220253 0.002401 0.086252
1 0 0.093088 0.495595 0.278301 0.002127 0.130890
2 0 0.201097 0.225723 0.494758 0.028607 0.049816
0 0 0.327070 0.287279 0.325041 0.017816 0.042794
0 0 0.328775 0.292219 0.288904 0.011123 0.078978
0 0 0.462882 0.266407 0.165569 0.004685 0.100458
0 0 0.345380 0.245620 0.083194 0.001672 0.324134
4 0 0.197389 0.180608 0.068990 0.001390 0.551623
4 0 0.231286 0.187480 0.071246 0.001712 0.508276
4 0 0.202022 0.214419 0.095722 0.002787 0.485051
4 0 0.298577 0.245962 0.087166 0.001669 0.366626
4 0 0.235695 0.285796 0.120815 0.002777 0.354917
4 0 0.202536 0.303781 0.129144 0.002229 0.362311
4 0 0.190421 0.261341 0.109648 0.001948 0.436643
4 0 0.140041 0.343357 0.155006 0.001685 0.359911
4 0 0.103032 0.277144 0.126493 0.001162 0.492168
4 0 0.085679 0.314741 0.152670 0.001174 0.445735
4 0 0.105159 0.276166 0.130444 0.001433 0.486797
1 0 0.123226 0.372031 0.161808 0.001128 0.341807
1 0 0.142217 0.421138 0.178336 0.001215 0.257094
1 0 0.248857 0.370248 0.121101 0.000771 0.259023
4 0 0.223238 0.186822 0.061445 0.000769 0.527727
4 0 0.277331 0.187409 0.066698 0.001619 0.466942
4 0 0.144637 0.163386 0.062711 0.000912 0.628354
4 0 0.170386 0.204985 0.068450 0.000535 0.555644
4 0 0.123823 0.213934 0.082311 0.000677 0.579255
4 0 0.131824 0.325355 0.125752 0.000691 0.416377
4 0 0.110122 0.355070 0.128460 0.000367 0.405981
4 0 0.113691 0.364693 0.129027 0.000342 0.392248
4 0 0.144976 0.320879 0.112851 0.000492 0.420802
4 0 0.157053 0.222340 0.081294 0.000739 0.538574
4 0 0.165529 0.242533 0.089366 0.000816 0.501756
4 0 0.171295 0.250655 0.090068 0.000749 0.487233
4 0 0.106616 0.226470 0.102350 0.001221 0.563343
4 0 0.101874 0.278067 0.135412 0.001597 0.483050
4 0 0.098603 0.326597 0.158061 0.001426 0.415313
1 0 0.096146 0.389255 0.181979 0.001119 0.331501
1 0 0.113561 0.387798 0.187919 0.001743 0.308979
4 0 0.178570 0.334944 0.147774 0.002188 0.336524
1 0 0.225813 0.403722 0.205517 0.004689 0.160259
1 0 0.200403 0.424494 0.204501 0.003802 0.166800
1 0 0.196858 0.488155 0.193250 0.001478 0.120260
1 0 0.211994 0.482773 0.160679 0.000661 0.143893
1 0 0.118170 0.537686 0.239224 0.001248 0.103671
1 0 0.155197 0.533025 0.187165 0.000541 0.124072
1 0 0.162464 0.501142 0.172595 0.000515 0.163283
1 0 0.249199 0.496843 0.157402 0.000685 0.095871
1 0 0.318350 0.466961 0.154650 0.001357 0.058682
0 0 0.545138 0.298483 0.124633 0.003431 0.028315
0 0 0.798610 0.142029 0.028249 0.000478 0.030634
0 0 0.717269 0.176929 0.040860 0.000668 0.064274
0 0 0.605068 0.213790 0.077775 0.002438 0.100929
0 0 0.706429 0.154832 0.066639 0.005620 0.066480
0 0 0.685383 0.153895 0.041039 0.001835 0.117848
0 0 0.642379 0.146183 0.036375 0.001123 0.173940
4 0 0.273696 0.235404 0.084231 0.001542 0.405126
4 0 0.181912 0.197587 0.071985 0.000937 0.547579
4 0 0.130557 0.143723 0.053938 0.000722 0.671061
4 0 0.119803 0.148228 0.059201 0.000866 0.671903
4 0 0.120815 0.165860 0.069076 0.001053 0.643195
4 0 0.102019 0.154016 0.069651 0.001275 0.673040
4 0 0.093678 0.197695 0.093424 0.001311 0.613892
4 0 0.084059 0.189876 0.078823 0.000577 0.646665
4 0 0.105061 0.260779 0.102172 0.000551 0.531438
4 0 0.077612 0.280297 0.126597 0.000716 0.514779
4 0 0.067361 0.275470 0.138356 0.001006 0.517808
4 0 0.094532 0.248827 0.111491 0.000951 0.544199
4 0 0.127745 0.321690 0.141626 0.001298 0.407641
1 0 0.152823 0.381945 0.157878 0.001204 0.306150
1 0 0.142489 0.354003 0.170817 0.002440 0.330252
1 0 0.161841 0.370704 0.203058 0.005771 0.258626
1 0 0.216620 0.351064 0.175502 0.005689 0.251126
1 0 0.158219 0.383536 0.193457 0.003605 0.261183
1 0 0.091460 0.449399 0.220445 0.001330 0.237366
4 0 0.075294 0.362049 0.174384 0.000909 0.387363
4 0 0.110928 0.314650 0.137614 0.001015 0.435792
4 0 0.157218 0.278852 0.100554 0.000652 0.462723
4 0 0.118479 0.275529 0.106507 0.000609 0.498876
4 0 0.128094 0.337831 0.135194 0.000787 0.398094
4 0 0.165806 0.349966 0.129716 0.000782 0.353729
4 0 0.178682 0.347842 0.121448 0.000645 0.351384
4 0 0.220104 0.303151 0.099780 0.000673 0.376291
1 0 0.311085 0.365887 0.115835 0.000943 0.206251
0 0 0.432064 0.312471 0.094636 0.001339 0.159489
0 0 0.543851 0.255237 0.099596 0.004593 0.096724
0 0 0.542910 0.275877 0.124940 0.005817 0.050457
0 0 0.388762 0.377563 0.134267 0.002633 0.096774
1 0 0.212464 0.430182 0.179264 0.002129 0.175960
1 0 0.151682 0.381576 0.170971 0.001813 0.293958
4 0 0.102194 0.322251 0.175145 0.002761 0.397648
1 0 0.134613 0.337072 0.189797 0.005037 0.333482
1 0 0.085908 0.374141 0.227323 0.003731 0.308897
4 0 0.098384 0.338882 0.181064 0.002366 0.379304
4 0 0.086825 0.323851 0.172006 0.001910 0.415409
4 0 0.075727 0.353573 0.198745 0.002060 0.369896
4 0 0.044942 0.333268 0.208403 0.001650 0.411737
4 0 0.040662 0.363379 0.227251 0.001404 0.367304
4 0 0.057075 0.323436 0.169018 0.000932 0.449538
1 0 0.151254 0.359556 0.146537 0.001107 0.341547
1 0 0.213782 0.361707 0.124561 0.000792 0.299159
4 0 0.299801 0.294869 0.095208 0.001002 0.309119
4 0 0.312789 0.224570 0.072981 0.001172 0.388489
4 0 0.149659 0.173906 0.069242 0.001140 0.606053
4 0 0.100533 0.161415 0.069087 0.000926 0.668039
4 0 0.088282 0.101069 0.039887 0.000578 0.770183
4 0 0.043983 0.064902 0.029848 0.000516 0.860751
4 0 0.036637 0.057734 0.027782 0.000516 0.877332
4 0 0.058774 0.073287 0.029219 0.000367 0.838352
4 0 0.059630 0.102252 0.040923 0.000344 0.796852
4 0 0.096008 0.116566 0.042263 0.000405 0.744758
4 0 0.166140 0.230050 0.078672 0.000565 0.524572
4 0 0.236504 0.264447 0.084532 0.000666 0.413851
4 0 0.228018 0.306830 0.101522 0.000730 0.362900
1 0 0.231103 0.332684 0.108794 0.000692 0.326727
4 0 0.173264 0.282270 0.096811 0.000583 0.447073
4 0 0.095753 0.249611 0.098350 0.000498 0.555788
4 0 0.057315 0.172170 0.088006 0.000977 0.681531
4 0 0.036448 0.118667 0.064474 0.000760 0.779651
4 0 0.021931 0.065732 0.036713 0.000496 0.875128
4 0 0.025837 0.051576 0.025013 0.000331 0.897243
4 0 0.029203 0.049355 0.023560 0.000372 0.897509
4 0 0.042240 0.036278 0.014433 0.000279 0.906770
4 0 0.144061 0.105470 0.037400 0.000688 0.712381
4 0 0.091473 0.064018 0.022686 0.000405 0.821418
4 0 0.086098 0.061193 0.022510 0.000455 0.829744
4 0 0.068398 0.043752 0.016039 0.000354 0.871457
4 0 0.082532 0.056757 0.021144 0.000467 0.839100
4 0 0.073396 0.081776 0.035267 0.000740 0.808821
4 0 0.078145 0.080469 0.034421 0.000784 0.806181
4 0 0.054414 0.079217 0.038310 0.000862 0.827197
4 0 0.044228 0.069568 0.035279 0.000842 0.850083
4 0 0.033933 0.083281 0.046401 0.000869 0.835516
4 0 0.035718 0.085610 0.045583 0.000736 0.832353
4 0 0.039566 0.098020 0.048027 0.000535 0.813851
4 0 0.047875 0.114150 0.057806 0.000804 0.779364
4 0 0.070330 0.144404 0.066202 0.000797 0.718267
4 0 0.114968 0.231833 0.096213 0.000876 0.556110
4 0 0.108676 0.173866 0.071570 0.000834 0.645054
4 0 0.088817 0.162666 0.071746 0.000895 0.675875
4 0 0.085739 0.147615 0.068555 0.001140 0.696951
4 0 0.121745 0.166638 0.071537 0.001244 0.638836
4 0 0.122923 0.174018 0.071481 0.000993 0.630585
4 0 0.352869 0.186070 0.056958 0.001092 0.403010
0 0 0.404941 0.189331 0.055171 0.001056 0.349502
0 0 0.530419 0.174234 0.047127 0.001162 0.247058
0 0 0.370466 0.226973 0.068133 0.001020 0.333409
4 0 0.328343 0.205289 0.058361 0.000648 0.407359
4 0 0.297649 0.209195 0.059931 0.000574 0.432651
4 0 0.234130 0.257135 0.081522 0.000632 0.426580
4 0 0.223391 0.297077 0.101156 0.000825 0.377551
4 0 0.169151 0.304383 0.110974 0.000759 0.414734
4 0 0.214332 0.292152 0.091509 0.000503 0.401504
4 0 0.242413 0.257190 0.071679 0.000343 0.428375
0 0 0.327638 0.284636 0.075257 0.000414 0.312055
0 0 0.495717 0.214639 0.051034 0.000507 0.238102
0 0 0.614882 0.169299 0.035894 0.000437 0.179487
0 0 0.646017 0.155869 0.033255 0.000506 0.164353
0 0 0.463321 0.280579 0.076298 0.000871 0.178932
0 0 0.364823 0.361430 0.117487 0.001432 0.154828
1 0 0.290106 0.337030 0.122515 0.001732 0.248618
1 0 0.202640 0.329971 0.138784 0.002084 0.326521
4 0 0.207110 0.239384 0.106905 0.003127 0.443474
4 0 0.141027 0.114587 0.040085 0.000605 0.703697
4 0 0.200975 0.170011 0.054523 0.000590 0.573901
4 0 0.301926 0.207526 0.061098 0.000677 0.428773
0 0 0.496198 0.266110 0.068845 0.000766 0.168081
0 0 0.580834 0.250145 0.072316 0.001241 0.095465
0 0 0.648239 0.199131 0.083452 0.002417 0.066761
0 0 0.725145 0.144808 0.070445 0.003043 0.056559
0 0 0.895788 0.049850 0.022464 0.001592 0.030306
0 0 0.902105 0.050052 0.020563 0.001228 0.026052
0 0 0.907225 0.040718 0.012712 0.000632 0.038712
0 0 0.857041 0.046002 0.015327 0.001121 0.080510
0 0 0.870818 0.051125 0.018288 0.001283 0.058486
0 0 0.849725 0.068794 0.025096 0.001789 0.054596
0 0 0.869154 0.060016 0.022224 0.001504 0.047102
0 0 0.832578 0.079685 0.033462 0.002794 0.051480
0 0 0.747498 0.122256 0.052207 0.004277 0.073762
0 0 0.545752 0.247279 0.129649 0.009873 0.067447
0 0 0.498472 0.259661 0.165019 0.012486 0.064362
0 0 0.392195 0.351232 0.158309 0.005838 0.092425
1 0 0.251760 0.386346 0.164925 0.003172 0.193797
4 0 0.131733 0.203664 0.079829 0.000829 0.583945
4 0 0.093828 0.271690 0.133830 0.001504 0.499148
4 0 0.090414 0.285244 0.144393 0.001621 0.478328
4 0 0.066883 0.323510 0.175154 0.001423 0.433030
4 0 0.092218 0.342166 0.182140 0.002100 0.381376
1 0 0.065670 0.415651 0.256150 0.002664 0.259866
1 0 0.048460 0.403596 0.270613 0.002623 0.274708
4 0 0.045139 0.365907 0.212400 0.001112 0.375442
4 0 0.053590 0.332646 0.195304 0.001547 0.416913
4 0 0.059371 0.272554 0.154628 0.001569 0.511878
4 0 0.074525 0.351105 0.190622 0.001679 0.382070
1 0 0.089782 0.358677 0.204247 0.002850 0.344445
1 0 0.089533 0.353284 0.209933 0.003554 0.343696
4 0 0.098606 0.313456 0.166846 0.002357 0.418736
4 0 0.109787 0.230241 0.090332 0.000612 0.569028
4 0 0.072794 0.156975 0.061275 0.000357 0.708599
4 0 0.049962 0.127462 0.052555 0.000287 0.769734
4 0 0.041636 0.095093 0.042555 0.000366 0.820350
4 0 0.037687 0.042981 0.016919 0.000211 0.902202
4 0 0.078515 0.099039 0.040687 0.000600 0.781159
0 0 0.498078 0.162123 0.096762 0.014289 0.228748
0 0 0.515071 0.181808 0.161460 0.051152 0.090509
0 0 0.335003 0.244248 0.209208 0.039916 0.171625
4 0 0.245691 0.229304 0.101598 0.003958 0.419449
4 0 0.108576 0.152071 0.073892 0.002037 0.663425
4 0 0.061698 0.105387 0.055362 0.001456 0.776098
4 0 0.065463 0.106600 0.061999 0.002679 0.763259
4 0 0.093154 0.152013 0.077372 0.002055 0.675407
4 0 0.144002 0.183460 0.085444 0.002380 0.584715
4 0 0.111369 0.158875 0.076432 0.001985 0.651339
4 0 0.215150 0.209045 0.098474 0.004517 0.472814
4 0 0.252189 0.210550 0.090417 0.003578 0.443266
4 0 0.221953 0.307947 0.132759 0.002763 0.334578
4 0 0.171292 0.239266 0.101837 0.001818 0.485786
4 0 0.143995 0.214414 0.087478 0.001152 0.552961
4 0 0.113160 0.149134 0.061240 0.000915 0.675551
4 0 0.261320 0.237994 0.081457 0.001136 0.418093
0 0 0.559348 0.222007 0.059299 0.001158 0.158189
0 0 0.485854 0.275279 0.074493 0.000929 0.163445
1 0 0.261507 0.352106 0.129981 0.001577 0.254828
4 0 0.107037 0.089574 0.030747 0.000391 0.772251
4 0 0.182931 0.145071 0.047778 0.000613 0.623607
4 0 0.170965 0.114476 0.037337 0.000565 0.676658
4 0 0.143142 0.156911 0.061588 0.001019 0.637340
4 0 0.152784 0.157789 0.064045 0.001336 0.624047
4 0 0.144317 0.177513 0.074704 0.001427 0.602040
1 0 0.275152 0.310680 0.113977 0.001680 0.298511
0 0 0.389781 0.264831 0.074681 0.000780 0.269927
1 0 0.310910 0.312478 0.099182 0.000965 0.276464
0 0 0.316293 0.286742 0.081780 0.000577 0.314608
1 0 0.274470 0.316617 0.094724 0.000579 0.313610
4 0 0.161786 0.287771 0.115850 0.001198 0.433395
4 0 0.191458 0.257789 0.093019 0.000902 0.456831
4 0 0.096611 0.232928 0.096764 0.000676 0.573021
4 0 0.150318 0.295594 0.100785 0.000450 0.452854
4 0 0.121963 0.341866 0.127761 0.000511 0.407898
4 0 0.226108 0.299548 0.096039 0.000614 0.377691
0 0 0.396841 0.346122 0.098092 0.000811 0.158135
0 0 0.537060 0.291076 0.087064 0.001316 0.083483
0 0 0.652776 0.162103 0.072291 0.003316 0.109514
0 0 0.743458 0.092540 0.073986 0.016095 0.073922
0 0 0.807811 0.094973 0.060617 0.006871 0.029727
0 0 0.820503 0.107625 0.042518 0.002607 0.026747
0 0 0.637585 0.249431 0.057607 0.000746 0.054631
4 0 0.312435 0.279402 0.087768 0.000938 0.319457
1 0 0.143317 0.414496 0.192666 0.002006 0.247515
4 0 0.108918 0.213703 0.098687 0.001431 0.577260
4 0 0.079716 0.162975 0.077226 0.001101 0.678982
4 0 0.085756 0.113975 0.043062 0.000426 0.756781
4 0 0.071526 0.072138 0.025105 0.000246 0.830985
4 0 0.063431 0.067916 0.027917 0.000493 0.840243
4 0 0.104937 0.114553 0.051307 0.001384 0.727820
4 0 0.118473 0.152108 0.069672 0.001713 0.658034
4 0 0.192386 0.207605 0.089590 0.002418 0.508001
4 0 0.254294 0.266645 0.116248 0.003724 0.359089
1 0 0.289080 0.298511 0.144934 0.006366 0.261109
4 0 0.270651 0.256100 0.111604 0.004135 0.357511
4 0 0.159862 0.216004 0.096598 0.002167 0.525369
4 0 0.111822 0.146396 0.065477 0.001404 0.674900
4 0 0.076979 0.136120 0.064877 0.001136 0.720888
4 0 0.102974 0.177088 0.083639 0.001555 0.634744
4 0 0.123511 0.164908 0.070775 0.001274 0.639532
4 0 0.138499 0.181575 0.075704 0.001270 0.602953
4 0 0.207482 0.218505 0.080090 0.001153 0.492770
4 0 0.198461 0.284544 0.101962 0.000901 0.414132
1 0 0.234402 0.359700 0.143643 0.001988 0.260268
0 0 0.315150 0.293176 0.105831 0.001943 0.283899
0 0 0.527026 0.232794 0.071436 0.002113 0.166631
0 0 0.522413 0.202039 0.056633 0.001322 0.217593
0 0 0.562428 0.213079 0.050799 0.000651 0.173043
0 0 0.526767 0.210080 0.059124 0.001362 0.202667
0 0 0.405938 0.220493 0.066894 0.001262 0.305413
4 0 0.356507 0.201953 0.072308 0.002448 0.366784
4 0 0.388965 0.136537 0.039928 0.001097 0.433474
4 0 0.144165 0.125410 0.043962 0.000615 0.685848
4 0 0.080568 0.084980 0.032061 0.000422 0.801970
4 0 0.081177 0.084167 0.032137 0.000456 0.802064
4 0 0.160327 0.124880 0.043779 0.000724 0.670290
4 0 0.306269 0.182071 0.054416 0.000775 0.456470
1 0 0.295204 0.336486 0.106481 0.000865 0.260964
0 0 0.520068 0.234421 0.052598 0.000405 0.192508
0 0 0.512216 0.281312 0.060803 0.000319 0.145349
0 0 0.498179 0.279423 0.061672 0.000337 0.160389
0 0 0.507128 0.273685 0.059294 0.000317 0.159576
0 0 0.464456 0.310875 0.074174 0.000442 0.150053
0 0 0.451076 0.323598 0.075729 0.000378 0.149219
0 0 0.470565 0.280184 0.063513 0.000348 0.185391
0 0 0.458109 0.255368 0.058201 0.000344 0.227979
0 0 0.531676 0.225374 0.048995 0.000360 0.193595
0 0 0.468521 0.279726 0.070807 0.000612 0.180334
0 0 0.499797 0.263685 0.065008 0.000605 0.170904
0 0 0.635866 0.219537 0.045044 0.000387 0.099165
0 0 0.709754 0.212819 0.039780 0.000329 0.037318
0 0 0.562177 0.304074 0.070845 0.000594 0.062311
0 0 0.539480 0.279626 0.066459 0.000583 0.113852
0 1 0.504271 0.260615 0.072986 0.001196 0.160932
1 1 0.359503 0.374591 0.147233 0.003837 0.114836
1 1 0.146747 0.441836 0.233914 0.004180 0.173324
1 1 0.047334 0.381636 0.330557 0.009881 0.230592
2 1 0.028331 0.313325 0.342035 0.015597 0.300713
4 1 0.013446 0.135564 0.116899 0.001794 0.732297
4 1 0.016755 0.176064 0.136931 0.001356 0.668894
4 1 0.022966 0.197706 0.147580 0.001700 0.630049
4 1 0.025499 0.242608 0.197990 0.003003 0.530900
4 1 0.026266 0.188887 0.138773 0.001936 0.644139
4 1 0.041130 0.242732 0.143300 0.001143 0.571695
4 4 0.054055 0.188875 0.100310 0.001063 0.655697
4 4 0.047363 0.149165 0.086466 0.001466 0.715540
4 4 0.036843 0.117593 0.071620 0.001396 0.772549
4 4 0.053439 0.100720 0.055611 0.001539 0.788691
4 4 0.043722 0.183556 0.153931 0.002610 0.616180
4 4 0.041031 0.128816 0.085867 0.002541 0.741744
4 4 0.026791 0.104233 0.077515 0.001717 0.789743
4 4 0.066096 0.140004 0.167399 0.010441 0.616062
4 4 0.048778 0.145083 0.176667 0.007880 0.621592
4 4 0.034941 0.144195 0.114111 0.004693 0.702061
4 4 0.040220 0.102756 0.066802 0.002322 0.787900
4 4 0.030583 0.049599 0.023597 0.000390 0.895830
4 4 0.030474 0.035063 0.014286 0.000196 0.919981
4 4 0.022736 0.029667 0.011637 0.000110 0.935849
