0 0 0.955486 0.018398 0.001568 0.000000 0.024548
0 0 0.939281 0.021211 0.001005 0.000000 0.038504
0 0 0.937852 0.018573 0.001420 0.000000 0.042155
0 0 0.954792 0.013072 0.001789 0.000002 0.030345
0 0 0.986269 0.005112 0.001223 0.000005 0.007391
0 0 0.987417 0.004858 0.001929 0.000024 0.005772
0 0 0.970762 0.013442 0.007091 0.000148 0.008557
0 0 0.984525 0.008296 0.003116 0.000028 0.004036
0 0 0.989196 0.006971 0.002431 0.000015 0.001387
0 0 0.989138 0.006899 0.002743 0.000022 0.001198
0 0 0.982301 0.011411 0.004129 0.000028 0.002132
0 0 0.950996 0.032538 0.012248 0.000085 0.004133
0 0 0.960782 0.027721 0.007694 0.000028 0.003776
0 0 0.953776 0.034221 0.009600 0.000030 0.002373
0 0 0.952583 0.036841 0.004799 0.000003 0.005773
0 0 0.925283 0.058938 0.005089 0.000001 0.010689
0 0 0.928461 0.059661 0.003435 0.000000 0.008443
0 0 0.902156 0.081035 0.005578 0.000001 0.011230
0 1 0.778687 0.173626 0.009099 0.000001 0.038587
0 1 0.558416 0.369307 0.023705 0.000002 0.048570
4 1 0.010471 0.337882 0.281745 0.000229 0.369674
4 4 0.012378 0.288460 0.241328 0.000253 0.457581
4 4 0.016868 0.280531 0.205338 0.000381 0.496882
4 4 0.014977 0.303703 0.153363 0.000273 0.527684
4 4 0.014555 0.329761 0.112943 0.000153 0.542589
4 4 0.014416 0.282303 0.078944 0.000159 0.624178
4 4 0.011807 0.169835 0.050341 0.000148 0.767869
4 4 0.007909 0.135747 0.038303 0.000098 0.817943
4 4 0.008516 0.160919 0.036020 0.000049 0.794495
4 4 0.011654 0.141365 0.031428 0.000047 0.815507
4 4 0.011455 0.136027 0.032206 0.000057 0.820256
4 4 0.013656 0.140417 0.033489 0.000062 0.812376
4 4 0.015833 0.077895 0.018755 0.000044 0.887473
4 4 0.013048 0.071932 0.016683 0.000035 0.898303
4 4 0.026832 0.070284 0.014313 0.000025 0.888546
4 4 0.029241 0.069498 0.013181 0.000020 0.888060
4 4 0.042954 0.081047 0.011599 0.000009 0.864392
4 4 0.068159 0.109993 0.014701 0.000009 0.807138
4 4 0.076617 0.131803 0.020804 0.000019 0.770756
4 4 0.052170 0.109779 0.016267 0.000013 0.821772
4 4 0.005893 0.283467 0.310411 0.000773 0.399456
2 4 0.005634 0.266769 0.371017 0.001159 0.355421
4 4 0.005723 0.235066 0.230715 0.001091 0.527405
4 4 0.004414 0.240907 0.316973 0.001543 0.436163
4 4 0.003014 0.204895 0.353549 0.001897 0.436645
2 4 0.003204 0.199532 0.407983 0.002398 0.386883
2 4 0.002908 0.188636 0.481182 0.002618 0.324656
2 4 0.003727 0.176614 0.542853 0.004305 0.272500
2 4 0.002721 0.145096 0.667501 0.004348 0.180335
2 4 0.002395 0.102519 0.793137 0.006426 0.095523
2 4 0.001492 0.074518 0.862512 0.005483 0.055994
2 4 0.001078 0.047978 0.917213 0.006365 0.027365
2 4 0.000789 0.036206 0.939322 0.006162 0.017520
2 4 0.000658 0.027160 0.954207 0.006862 0.011113
2 4 0.000763 0.016499 0.958382 0.019243 0.005113
2 2 0.000758 0.014607 0.961102 0.019679 0.003854
2 2 0.000804 0.013373 0.960436 0.022504 0.002883
2 2 0.000731 0.011705 0.958156 0.026808 0.002601
2 2 0.000883 0.009093 0.934898 0.052888 0.002239
2 2 0.000901 0.008182 0.924050 0.064919 0.001948
3 2 0.005947 0.010156 0.375047 0.604882 0.003969
3 2 0.010270 0.012099 0.303325 0.669974 0.004332
3 2 0.065512 0.042760 0.427134 0.451317 0.013277
2 3 0.083210 0.074404 0.547493 0.281109 0.013783
3 3 0.027477 0.033297 0.461207 0.471970 0.006049
3 3 0.016097 0.021777 0.407305 0.548400 0.006421
2 3 0.014815 0.025994 0.501386 0.449194 0.008611
3 3 0.006794 0.013563 0.452539 0.521517 0.005587
3 3 0.007217 0.009909 0.373634 0.604974 0.004266
3 3 0.006107 0.007240 0.242343 0.741312 0.002997
3 3 0.007463 0.008236 0.226845 0.753699 0.003757
3 3 0.006092 0.006230 0.195565 0.789459 0.002655
3 3 0.006209 0.006688 0.211045 0.773216 0.002842
3 3 0.004993 0.004851 0.196260 0.791993 0.001903
3 3 0.005307 0.005191 0.178150 0.809239 0.002112
3 3 0.007371 0.006326 0.158943 0.824330 0.003030
3 3 0.009208 0.006767 0.133172 0.847171 0.003683
3 3 0.010812 0.006216 0.095456 0.883662 0.003854
3 3 0.011202 0.005010 0.065179 0.915218 0.003390
3 3 0.011392 0.004886 0.061259 0.919092 0.003370
3 3 0.007244 0.002118 0.029573 0.959682 0.001383
3 3 0.005123 0.001296 0.021339 0.971465 0.000777
3 3 0.007570 0.002324 0.032376 0.956211 0.001519
3 3 0.004861 0.001422 0.026666 0.966255 0.000796
3 3 0.004690 0.001377 0.026589 0.966584 0.000760
3 3 0.005301 0.001360 0.022035 0.970482 0.000822
3 3 0.005510 0.001437 0.022853 0.969323 0.000877
3 3 0.006912 0.001955 0.028041 0.961826 0.001265
3 3 0.005622 0.001478 0.023292 0.968700 0.000907
3 3 0.007890 0.002175 0.030042 0.958418 0.001475
3 3 0.006361 0.001761 0.026166 0.964598 0.001114
3 3 0.007046 0.002020 0.028656 0.960966 0.001312
3 3 0.007024 0.002027 0.028726 0.960910 0.001314
3 3 0.005898 0.001582 0.024365 0.967173 0.000982
3 3 0.006717 0.001739 0.025903 0.964508 0.001132
3 3 0.005341 0.001375 0.022193 0.970259 0.000833
3 3 0.006904 0.001978 0.028266 0.961574 0.001277
3 3 0.006637 0.001871 0.027235 0.963062 0.001195
3 3 0.006476 0.001806 0.026610 0.963961 0.001147
3 3 0.006270 0.001726 0.025814 0.965102 0.001087
3 3 0.102184 0.050493 0.276900 0.552751 0.017672
2 3 0.051574 0.056452 0.453943 0.426084 0.011947
2 3 0.056903 0.077689 0.549314 0.300519 0.015574
2 3 0.049957 0.085035 0.620124 0.227805 0.017079
2 3 0.025821 0.040701 0.486852 0.430423 0.016203
3 3 0.017253 0.027323 0.404321 0.533892 0.017210
3 3 0.013347 0.022615 0.420154 0.531237 0.012648
2 3 0.010650 0.022988 0.514772 0.439936 0.011654
2 3 0.007580 0.018283 0.551984 0.414618 0.007535
2 2 0.049359 0.072659 0.738375 0.123041 0.016566
2 2 0.215598 0.148172 0.531087 0.078962 0.026180
0 0 0.494463 0.197236 0.233415 0.019761 0.055126
0 0 0.670377 0.157890 0.108892 0.003991 0.058849
0 1 0.520340 0.293170 0.100197 0.000670 0.085623
0 1 0.454096 0.348463 0.114331 0.000633 0.082477
1 1 0.154451 0.470399 0.261756 0.001636 0.111757
2 1 0.027681 0.219551 0.547930 0.025037 0.179801
2 2 0.012100 0.159494 0.589690 0.023212 0.215505
2 2 0.010354 0.121680 0.707019 0.032392 0.128555
2 2 0.007800 0.139509 0.670608 0.017382 0.164701
2 2 0.010047 0.113150 0.794197 0.007549 0.075057
2 2 0.010842 0.089581 0.867729 0.003872 0.027976
2 2 0.002246 0.038079 0.950417 0.003847 0.005411
2 2 0.001558 0.026562 0.963433 0.004724 0.003723
2 2 0.001558 0.035023 0.950880 0.005027 0.007511
2 2 0.000787 0.012414 0.956855 0.027081 0.002863
2 2 0.001435 0.030310 0.954570 0.006357 0.007328
2 2 0.001983 0.034992 0.952756 0.004664 0.005604
2 2 0.001614 0.026555 0.960584 0.006950 0.004297
2 2 0.001186 0.019611 0.964090 0.012715 0.002399
2 2 0.002137 0.022653 0.955239 0.015620 0.004351
2 2 0.002573 0.026592 0.958421 0.008850 0.003564
2 2 0.002632 0.021734 0.954513 0.017298 0.003822
2 2 0.001970 0.015819 0.920389 0.059411 0.002412
2 2 0.001962 0.013838 0.895331 0.086552 0.002317
2 2 0.001943 0.015363 0.921349 0.059315 0.002030
2 2 0.001231 0.007429 0.822069 0.167826 0.001445
2 2 0.000983 0.009131 0.925423 0.063224 0.001240
2 2 0.000902 0.008203 0.907373 0.082016 0.001506
2 2 0.000995 0.007920 0.898463 0.091505 0.001117
2 2 0.001787 0.006864 0.662888 0.326841 0.001621
3 2 0.002135 0.005007 0.445478 0.546144 0.001236
3 2 0.002621 0.005990 0.448503 0.541268 0.001618
3 2 0.003266 0.005984 0.365678 0.623274 0.001798
3 2 0.004244 0.007219 0.351763 0.634333 0.002442
3 3 0.004626 0.007487 0.336900 0.648346 0.002640
3 3 0.004538 0.006973 0.315151 0.670885 0.002454
3 3 0.004580 0.007703 0.367357 0.618076 0.002284
3 3 0.003705 0.004543 0.225538 0.764690 0.001524
3 3 0.005958 0.005005 0.146717 0.840108 0.002212
3 3 0.010557 0.006350 0.101721 0.877522 0.003851
3 3 0.018043 0.009076 0.087567 0.878141 0.007174
3 3 0.017567 0.007539 0.068023 0.900698 0.006174
3 3 0.011641 0.004167 0.046220 0.934906 0.003066
3 3 0.010267 0.004652 0.065108 0.916944 0.003029
3 3 0.008783 0.004747 0.082553 0.901159 0.002758
3 3 0.008578 0.003987 0.066027 0.919134 0.002274
3 3 0.005898 0.002069 0.037642 0.953214 0.001176
3 3 0.006656 0.002147 0.033926 0.955956 0.001314
3 3 0.009584 0.002569 0.034011 0.951977 0.001859
3 3 0.008062 0.002428 0.032359 0.955519 0.001633
3 3 0.019727 0.004141 0.045260 0.926905 0.003967
3 3 0.018039 0.003424 0.039902 0.935395 0.003239
3 3 0.015088 0.002930 0.036102 0.943275 0.002605
3 3 0.009143 0.001969 0.027952 0.959474 0.001462
3 3 0.008111 0.002201 0.030259 0.957919 0.001510
3 3 0.016118 0.004029 0.045717 0.931522 0.002613
3 3 0.007800 0.002167 0.030464 0.958390 0.001179
3 3 0.008049 0.002291 0.031112 0.956993 0.001555
3 3 0.010061 0.002667 0.034277 0.951026 0.001969
3 3 0.007160 0.001583 0.024245 0.965930 0.001081
3 3 0.010025 0.001878 0.026986 0.959640 0.001471
3 3 0.008997 0.001474 0.022932 0.965456 0.001141
3 3 0.008635 0.001489 0.023124 0.965624 0.001128
3 3 0.007801 0.001177 0.019845 0.970354 0.000823
3 3 0.006745 0.001039 0.018200 0.973274 0.000742
3 3 0.011981 0.002005 0.028065 0.956252 0.001696
3 3 0.016127 0.003194 0.038343 0.939586 0.002750
3 3 0.010707 0.002438 0.032184 0.952786 0.001886
3 3 0.009005 0.001869 0.026983 0.960754 0.001389
3 3 0.010113 0.001455 0.022656 0.964579 0.001197
3 3 0.024773 0.003684 0.041974 0.926118 0.003451
3 3 0.025718 0.004465 0.048181 0.917975 0.003662
3 3 0.017271 0.004004 0.045641 0.930563 0.002521
3 3 0.008561 0.001608 0.024378 0.964256 0.001197
3 3 0.013890 0.002488 0.032713 0.949006 0.001903
3 3 0.011517 0.001899 0.027083 0.957910 0.001591
3 3 0.006976 0.001121 0.019156 0.971944 0.000803
3 3 0.006979 0.000925 0.016821 0.974609 0.000666
3 3 0.005213 0.000638 0.013114 0.980597 0.000437
3 3 0.005978 0.000721 0.014207 0.978577 0.000517
3 3 0.004732 0.000667 0.013560 0.980608 0.000433
3 3 0.008171 0.001462 0.023854 0.965895 0.000618
3 3 0.011052 0.002023 0.029663 0.956382 0.000880
3 3 0.004268 0.001001 0.017962 0.976196 0.000574
3 3 0.003244 0.000679 0.013867 0.981845 0.000364
3 3 0.004203 0.000829 0.015791 0.978689 0.000488
3 3 0.003465 0.000705 0.014203 0.981239 0.000388
3 3 0.005429 0.000872 0.016236 0.976886 0.000577
3 3 0.011016 0.001881 0.027655 0.958358 0.001090
3 3 0.018853 0.002555 0.032654 0.943340 0.002598
3 3 0.018717 0.002255 0.030051 0.946702 0.002274
3 3 0.028037 0.003707 0.043082 0.922574 0.002600
3 3 0.042172 0.005774 0.058175 0.890177 0.003702
3 3 0.028655 0.005651 0.059711 0.903862 0.002121
3 3 0.008972 0.001721 0.026113 0.962251 0.000943
3 3 0.007588 0.001327 0.021493 0.968655 0.000938
3 3 0.011454 0.001568 0.023932 0.961816 0.001230
3 3 0.024503 0.003287 0.040182 0.930029 0.002000
3 3 0.022226 0.003367 0.041858 0.931088 0.001462
3 3 0.016708 0.002691 0.036478 0.943143 0.000980
3 3 0.033421 0.004808 0.054008 0.906109 0.001655
3 3 0.051368 0.006657 0.066924 0.872789 0.002261
3 3 0.023397 0.002997 0.038193 0.933838 0.001575
3 3 0.010144 0.001358 0.021614 0.965750 0.001133
3 3 0.008560 0.001312 0.021210 0.967906 0.001012
3 3 0.008825 0.001517 0.023409 0.965091 0.001158
3 3 0.008318 0.001738 0.025735 0.962950 0.001258
3 3 0.005738 0.001403 0.022459 0.969524 0.000877
3 3 0.006611 0.001397 0.022308 0.968746 0.000938
3 3 0.004551 0.000856 0.016109 0.977963 0.000521
3 3 0.004780 0.000840 0.015885 0.977970 0.000526
3 3 0.004133 0.000761 0.014899 0.979757 0.000451
3 3 0.005176 0.000856 0.016052 0.977361 0.000555
3 3 0.004965 0.000835 0.015795 0.977873 0.000533
3 3 0.009743 0.001858 0.027643 0.959801 0.000955
3 3 0.015346 0.003336 0.041999 0.938074 0.001245
3 3 0.015089 0.003632 0.045358 0.934892 0.001030
3 3 0.008134 0.001920 0.029265 0.960074 0.000606
3 3 0.006655 0.001690 0.025781 0.964969 0.000905
3 3 0.011538 0.002620 0.033842 0.950011 0.001989
3 3 0.009420 0.002051 0.028712 0.958283 0.001534
3 3 0.006350 0.001232 0.020492 0.971096 0.000829
3 3 0.007686 0.001502 0.023342 0.966397 0.001073
3 3 0.006419 0.001407 0.022429 0.968816 0.000929
3 3 0.006039 0.001314 0.021445 0.970349 0.000852
3 3 0.007343 0.001455 0.022864 0.967318 0.001021
3 3 0.008875 0.001658 0.025069 0.963278 0.001120
3 3 0.009673 0.002006 0.028740 0.958360 0.001220
3 3 0.011573 0.002277 0.031573 0.953330 0.001247
3 3 0.004186 0.000974 0.017637 0.976647 0.000556
3 3 0.004547 0.001094 0.019067 0.974654 0.000637
3 3 0.003183 0.000661 0.013620 0.982183 0.000353
3 3 0.003519 0.000715 0.014329 0.981042 0.000395
3 3 0.004212 0.000910 0.016835 0.977516 0.000527
3 3 0.004898 0.001108 0.019187 0.974139 0.000668
3 3 0.008207 0.002027 0.029714 0.959204 0.000849
3 3 0.010517 0.002851 0.037976 0.947680 0.000975
3 3 0.005699 0.001488 0.023465 0.968468 0.000881
3 3 0.009091 0.002665 0.034369 0.952003 0.001872
3 3 0.013088 0.003285 0.039193 0.941766 0.002668
3 3 0.009106 0.001953 0.027800 0.959692 0.001449
3 3 0.020044 0.002819 0.034837 0.939394 0.002906
3 3 0.083233 0.008502 0.070364 0.826371 0.011531
3 3 0.344572 0.048428 0.201679 0.386923 0.018398
0 3 0.501862 0.083406 0.233872 0.163349 0.017511
0 3 0.582241 0.126102 0.212191 0.049778 0.029687
0 3 0.623125 0.156734 0.150545 0.011479 0.058117
0 3 0.579290 0.196555 0.116525 0.003164 0.104466
0 0 0.510396 0.160457 0.175246 0.017722 0.136179
0 0 0.338138 0.331771 0.287555 0.013003 0.029533
2 0 0.241985 0.342000 0.383348 0.017152 0.015516
2 0 0.045787 0.240199 0.688877 0.008490 0.016646
2 1 0.014066 0.121971 0.816121 0.011614 0.036228
2 1 0.007076 0.094427 0.788754 0.027798 0.081945
2 1 0.007655 0.125729 0.710863 0.020146 0.135607
2 4 0.007200 0.181559 0.513672 0.009157 0.288412
2 4 0.007767 0.191539 0.459471 0.008591 0.332633
2 4 0.007233 0.199907 0.404050 0.006669 0.382142
4 4 0.007333 0.207806 0.314354 0.005199 0.465308
2 4 0.006437 0.198369 0.417026 0.005967 0.372201
4 4 0.005365 0.206260 0.341362 0.003793 0.443219
4 4 0.006715 0.208356 0.301042 0.004461 0.479425
4 4 0.005662 0.208493 0.252985 0.003079 0.529780
4 4 0.006991 0.201041 0.168742 0.002934 0.620292
4 4 0.006506 0.207654 0.230098 0.003393 0.552349
4 4 0.007568 0.215089 0.232657 0.003788 0.540898
4 4 0.010986 0.239013 0.274135 0.005291 0.470575
4 4 0.010872 0.189058 0.191247 0.003729 0.605095
4 4 0.011996 0.253623 0.212270 0.002280 0.519830
2 4 0.007047 0.088541 0.868596 0.007352 0.028465
2 4 0.005342 0.047887 0.913475 0.024969 0.008328
2 0 0.003922 0.046302 0.927993 0.014567 0.007215
2 1 0.002134 0.031791 0.951705 0.010653 0.003717
2 1 0.000631 0.015334 0.964858 0.014639 0.004538
2 1 0.001086 0.033882 0.939584 0.009801 0.015647
2 1 0.001226 0.058665 0.896423 0.005823 0.037863
2 1 0.001736 0.121680 0.765551 0.002974 0.108059
2 1 0.001977 0.136148 0.728493 0.002923 0.130459
2 1 0.002443 0.179458 0.698593 0.001749 0.117757
2 1 0.002898 0.167421 0.739296 0.002211 0.088174
2 1 0.003468 0.124947 0.815055 0.004223 0.052307
2 1 0.003899 0.123102 0.832077 0.003995 0.036926
2 1 0.003303 0.107848 0.854007 0.003973 0.030869
2 1 0.002461 0.079211 0.883097 0.005694 0.029538
2 1 0.002966 0.108420 0.815103 0.005887 0.067624
2 1 0.003107 0.110419 0.790994 0.007078 0.088401
2 1 0.002850 0.144172 0.725105 0.003908 0.123965
2 1 0.002450 0.155797 0.722517 0.002543 0.116693
2 2 0.002232 0.128422 0.782184 0.003068 0.084094
0 2 0.511031 0.209062 0.094524 0.001419 0.183964
0 2 0.499787 0.186872 0.157434 0.010044 0.145863
0 2 0.390910 0.266785 0.210023 0.010447 0.121836
0 0 0.458233 0.304863 0.185403 0.004320 0.047181
2 0 0.164954 0.349423 0.453457 0.010943 0.021224
2 1 0.035395 0.162772 0.766899 0.013664 0.021270
2 1 0.004619 0.053613 0.930910 0.006996 0.003863
2 2 0.001072 0.019772 0.972144 0.006062 0.000952
2 2 0.000792 0.015372 0.976210 0.006834 0.000791
2 2 0.001233 0.020158 0.973726 0.003689 0.001194
2 2 0.001069 0.023102 0.973511 0.001348 0.000970
2 2 0.001228 0.023072 0.972270 0.002300 0.001130
2 2 0.001208 0.021410 0.971666 0.003822 0.001895
2 2 0.002326 0.039431 0.945427 0.003858 0.008958
2 2 0.004336 0.058721 0.921420 0.002999 0.012523
2 2 0.007914 0.083430 0.889561 0.002638 0.016456
2 2 0.008960 0.118279 0.849768 0.001052 0.021942
2 2 0.005473 0.083954 0.898445 0.000840 0.011287
2 2 0.002605 0.051155 0.936438 0.001592 0.008210
2 2 0.002013 0.038967 0.948715 0.003338 0.006967
2 2 0.175866 0.229625 0.509147 0.011952 0.073411
0 2 0.494511 0.190820 0.105306 0.002583 0.206779
0 2 0.620424 0.166939 0.061975 0.000545 0.150117
0 0 0.754962 0.125133 0.023911 0.000040 0.095954
0 0 0.912763 0.028975 0.005752 0.000013 0.052497
0 0 0.986079 0.005299 0.001240 0.000004 0.007378
0 0 0.996358 0.001590 0.000679 0.000009 0.001363
0 0 0.997479 0.001497 0.000728 0.000009 0.000287
0 0 0.996266 0.002148 0.001038 0.000013 0.000535
0 0 0.994065 0.003353 0.001591 0.000021 0.000970
0 0 0.990875 0.005098 0.002489 0.000035 0.001503
0 0 0.984728 0.009759 0.003678 0.000027 0.001808
0 0 0.976134 0.016784 0.004543 0.000015 0.002523
0 0 0.875947 0.092129 0.026951 0.000090 0.004882
0 1 0.585301 0.321868 0.073723 0.000154 0.018954
1 1 0.302429 0.537549 0.137594 0.000288 0.022140
1 1 0.197356 0.528732 0.237702 0.000554 0.035656
1 1 0.127790 0.420417 0.416875 0.002171 0.032746
2 1 0.076260 0.344914 0.550083 0.003514 0.025229
2 1 0.042201 0.367660 0.569160 0.001858 0.019121
2 1 0.007924 0.090467 0.896367 0.001826 0.003415
2 1 0.012476 0.115446 0.866776 0.001256 0.004046
2 1 0.007368 0.083997 0.904495 0.001569 0.002571
2 1 0.007849 0.091545 0.895842 0.001488 0.003276
2 1 0.006119 0.073813 0.913146 0.003157 0.003766
2 2 0.005470 0.071886 0.911829 0.005534 0.005280
2 2 0.004012 0.060796 0.926569 0.004581 0.004042
2 2 0.002701 0.047823 0.942168 0.004125 0.003184
2 2 0.003751 0.061510 0.928273 0.003351 0.003115
2 2 0.002666 0.040049 0.950594 0.004986 0.001705
2 2 0.002768 0.043305 0.947520 0.004474 0.001933
2 2 0.002400 0.035082 0.956764 0.004713 0.001041
2 2 0.002959 0.032723 0.952687 0.010150 0.001482
2 2 0.002583 0.025141 0.952322 0.018528 0.001426
2 2 0.001887 0.020084 0.952290 0.023911 0.001827
2 2 0.001529 0.016331 0.948092 0.032064 0.001984
2 2 0.025514 0.078217 0.858701 0.024928 0.012639
2 2 0.104462 0.165845 0.687589 0.020907 0.021199
2 2 0.161132 0.221640 0.555955 0.021506 0.039767
2 2 0.081500 0.161844 0.668297 0.071738 0.016621
2 2 0.005689 0.037266 0.914740 0.038660 0.003646
2 2 0.003982 0.041862 0.940636 0.011129 0.002391
2 2 0.003821 0.045636 0.942152 0.006612 0.001778
2 2 0.000440 0.008383 0.982300 0.008587 0.000290
2 2 0.000490 0.008924 0.979882 0.010308 0.000397
2 2 0.000594 0.009781 0.972797 0.016067 0.000761
2 2 0.000490 0.008975 0.974279 0.015422 0.000835
2 2 0.000389 0.006843 0.969784 0.022212 0.000772
2 2 0.000670 0.010792 0.966439 0.020712 0.001386
2 2 0.000611 0.012586 0.972823 0.012254 0.001726
2 2 0.000373 0.010201 0.981447 0.006959 0.001019
2 2 0.000342 0.008696 0.982229 0.008012 0.000720
2 2 0.000300 0.007510 0.982823 0.008784 0.000583
2 2 0.000422 0.010589 0.983108 0.005354 0.000526
2 2 0.000426 0.009694 0.982790 0.006633 0.000456
2 2 0.000503 0.007508 0.970431 0.021059 0.000500
2 2 0.000990 0.009218 0.944236 0.044896 0.000661
2 2 0.001167 0.009991 0.912270 0.074974 0.001598
2 2 0.001898 0.011333 0.831157 0.152742 0.002869
2 2 0.001855 0.009893 0.791311 0.194367 0.002574
2 2 0.000906 0.012769 0.965393 0.019742 0.001191
2 2 0.000958 0.012271 0.960625 0.024935 0.001211
2 2 0.001019 0.010715 0.948204 0.039004 0.001058
2 2 0.001981 0.017046 0.941980 0.037563 0.001430
2 2 0.003206 0.018685 0.884733 0.090711 0.002664
2 2 0.002782 0.019685 0.916241 0.058874 0.002418
2 2 0.002483 0.016722 0.893222 0.084663 0.002910
2 2 0.002059 0.011773 0.855077 0.129225 0.001866
2 2 0.001803 0.010249 0.853571 0.132948 0.001429
2 2 0.001412 0.008213 0.811809 0.176763 0.001802
2 2 0.001078 0.006806 0.851963 0.139248 0.000905
2 2 0.000639 0.003960 0.789333 0.205427 0.000640
2 2 0.000458 0.002347 0.695635 0.301252 0.000308
2 2 0.000466 0.002895 0.773295 0.222943 0.000402
2 2 0.000753 0.004844 0.833221 0.160556 0.000626
2 2 0.001826 0.008092 0.772739 0.216177 0.001166
2 2 0.001739 0.007409 0.732729 0.256796 0.001328
2 2 0.003590 0.013314 0.780151 0.199579 0.003366
2 2 0.002687 0.011195 0.721274 0.261581 0.003263
2 2 0.009063 0.023571 0.709147 0.252566 0.005652
2 2 0.002075 0.014925 0.883419 0.095964 0.003618
2 2 0.001109 0.011008 0.925409 0.060357 0.002117
2 2 0.002120 0.024686 0.941488 0.026853 0.004853
2 2 0.001654 0.023671 0.952035 0.018287 0.004353
2 2 0.001060 0.016875 0.959000 0.019747 0.003317
2 2 0.000603 0.009070 0.965434 0.023917 0.000975
2 2 0.000858 0.012336 0.965923 0.019712 0.001171
2 2 0.001270 0.018937 0.967618 0.010963 0.001211
2 2 0.001350 0.015070 0.950000 0.031704 0.001877
2 2 0.001576 0.015905 0.936838 0.043008 0.002673
2 2 0.001172 0.011036 0.925675 0.060333 0.001784
2 2 0.000972 0.012196 0.948134 0.036465 0.002232
2 2 0.001008 0.014280 0.961792 0.021164 0.001755
2 2 0.001371 0.013288 0.919054 0.063050 0.003237
2 2 0.001755 0.013730 0.888840 0.092037 0.003638
2 2 0.002792 0.016515 0.833859 0.141374 0.005460
2 2 0.003152 0.014739 0.770232 0.207087 0.004790
2 2 0.006406 0.016149 0.641475 0.329201 0.006768
2 2 0.007302 0.018096 0.611003 0.357955 0.005644
2 2 0.008882 0.018739 0.560399 0.407232 0.004748
2 2 0.002470 0.029640 0.951112 0.014203 0.002576
2 2 0.002009 0.018846 0.944000 0.033241 0.001904
2 2 0.001783 0.011989 0.914966 0.070311 0.000951
2 2 0.003188 0.017780 0.887671 0.089364 0.001997
2 2 0.003290 0.015146 0.849184 0.130735 0.001644
2 2 0.003109 0.011747 0.711745 0.270507 0.002892
2 2 0.002891 0.008303 0.563134 0.423312 0.002360
2 2 0.002949 0.012045 0.718456 0.262895 0.003655
2 2 0.003329 0.013904 0.732922 0.245345 0.004500
2 2 0.004997 0.019669 0.738340 0.230103 0.006890
2 2 0.016045 0.057989 0.801438 0.110632 0.013896
2 2 0.018965 0.080243 0.807370 0.073511 0.019911
2 2 0.015772 0.057325 0.771213 0.136376 0.019313
2 2 0.017513 0.045394 0.727790 0.200500 0.008803
2 2 0.019052 0.045559 0.755006 0.175520 0.004863
2 2 0.018487 0.047655 0.767240 0.160976 0.005642
2 2 0.005871 0.015528 0.638229 0.337086 0.003286
2 2 0.003141 0.009806 0.650825 0.334281 0.001948
2 2 0.002330 0.009358 0.763813 0.223237 0.001262
2 2 0.001571 0.007699 0.790802 0.198751 0.001178
2 2 0.001260 0.013136 0.951559 0.032867 0.001179
2 2 0.002094 0.019506 0.946643 0.030083 0.001673
2 2 0.001449 0.015395 0.950118 0.031395 0.001644
2 2 0.001328 0.012229 0.919788 0.064295 0.002360
2 2 0.001607 0.008804 0.793721 0.193715 0.002152
2 2 0.002215 0.011532 0.790985 0.192017 0.003251
2 2 0.005686 0.019856 0.689126 0.277335 0.007997
2 2 0.031848 0.061780 0.721415 0.158945 0.026013
2 2 0.045127 0.137262 0.728011 0.056433 0.033167
2 2 0.027957 0.118809 0.798872 0.038427 0.015934
2 2 0.011112 0.080020 0.885972 0.016380 0.006515
2 2 0.008339 0.049460 0.903098 0.034880 0.004223
2 2 0.010709 0.079718 0.888028 0.015231 0.006314
2 2 0.003410 0.022186 0.870973 0.096915 0.006516
2 2 0.003829 0.014356 0.698375 0.278593 0.004847
3 2 0.003561 0.007020 0.403304 0.583937 0.002178
3 2 0.004286 0.007692 0.374941 0.610480 0.002601
2 2 0.005978 0.018279 0.637335 0.331060 0.007347
2 2 0.007725 0.036202 0.823959 0.121066 0.011048
2 1 0.003694 0.027013 0.903482 0.060039 0.005772
4 1 0.011757 0.158362 0.100667 0.000312 0.728902
4 4 0.021281 0.166114 0.096125 0.000610 0.715870
4 4 0.036232 0.197528 0.071658 0.000427 0.694155
4 4 0.042105 0.251543 0.078199 0.000298 0.627855
4 4 0.055807 0.210578 0.048203 0.000094 0.685319
4 4 0.067004 0.199977 0.044604 0.000086 0.688330
4 4 0.047287 0.139121 0.027618 0.000041 0.785932
4 4 0.041038 0.182821 0.033018 0.000034 0.743089
4 4 0.029220 0.187247 0.035535 0.000039 0.747960
4 4 0.026684 0.103880 0.025123 0.000061 0.844252
4 4 0.018834 0.160900 0.039012 0.000077 0.781177
4 4 0.017504 0.144907 0.031951 0.000050 0.805587
4 4 0.016605 0.125175 0.032828 0.000083 0.825309
4 4 0.019345 0.158988 0.043140 0.000115 0.778411
4 4 0.028694 0.133630 0.043890 0.000219 0.793566
4 4 0.023545 0.269404 0.080358 0.000238 0.626455
4 4 0.018044 0.238359 0.071483 0.000212 0.671903
4 4 0.017497 0.199766 0.064836 0.000248 0.717653
4 4 0.021275 0.157102 0.044426 0.000134 0.777062
4 4 0.022482 0.077320 0.020774 0.000070 0.879355
4 4 0.023913 0.190899 0.027565 0.000014 0.757609
4 4 0.014531 0.211992 0.035475 0.000023 0.737979
4 4 0.017221 0.243265 0.041527 0.000028 0.697959
4 4 0.023013 0.199069 0.038316 0.000041 0.739562
4 4 0.033631 0.182393 0.040595 0.000070 0.743312
4 4 0.024642 0.234581 0.054646 0.000091 0.686041
4 4 0.023013 0.257761 0.074955 0.000210 0.644061
4 4 0.027449 0.326741 0.097677 0.000263 0.547870
4 4 0.045274 0.367319 0.112189 0.000361 0.474856
1 4 0.074794 0.448153 0.107261 0.000189 0.369603
1 4 0.050656 0.621849 0.120523 0.000098 0.206874
1 4 0.039618 0.616227 0.175975 0.000362 0.167818
1 4 0.025230 0.476691 0.378140 0.001589 0.118350
2 4 0.019191 0.297809 0.565423 0.005497 0.112079
2 4 0.005634 0.163346 0.761007 0.004555 0.065458
2 2 0.001852 0.075796 0.867963 0.006244 0.048146
2 2 0.001600 0.057694 0.895927 0.008290 0.036490
2 2 0.001652 0.045249 0.916105 0.012232 0.024762
2 2 0.002327 0.037834 0.913194 0.027917 0.018728
2 2 0.001747 0.030377 0.928020 0.026577 0.013280
2 2 0.000560 0.014240 0.980819 0.002936 0.001444
2 2 0.000325 0.011082 0.983022 0.004377 0.001194
2 2 0.000366 0.016696 0.978574 0.002560 0.001804
2 2 0.000708 0.027037 0.964050 0.002751 0.005453
2 2 0.001009 0.036428 0.950804 0.002281 0.009478
2 2 0.001805 0.051564 0.927241 0.002247 0.017142
2 2 0.002965 0.061854 0.906490 0.002916 0.025776
2 2 0.011041 0.112871 0.811615 0.003720 0.060753
2 2 0.052743 0.300379 0.504284 0.002016 0.140578
2 2 0.166473 0.335244 0.365506 0.003214 0.129563
1 2 0.359979 0.364072 0.152937 0.001555 0.121457
0 0 0.380921 0.346947 0.159819 0.002099 0.110214
1 0 0.323026 0.376671 0.185598 0.002735 0.111971
1 0 0.223003 0.435333 0.248877 0.004661 0.088126
1 1 0.174733 0.431114 0.288446 0.004125 0.101582
2 1 0.043447 0.338502 0.524862 0.003108 0.090080
2 1 0.006838 0.140944 0.788511 0.001450 0.062257
2 2 0.005055 0.129061 0.807791 0.001475 0.056619
2 2 0.007336 0.191846 0.715201 0.000829 0.084788
2 2 0.010690 0.248587 0.653296 0.000479 0.086949
2 2 0.007032 0.138008 0.799550 0.001545 0.053865
2 2 0.017503 0.234093 0.678380 0.000578 0.069447
2 2 0.015022 0.224334 0.686507 0.000499 0.073638
2 2 0.017247 0.150576 0.798216 0.000662 0.033299
2 2 0.040908 0.193801 0.701655 0.001124 0.062512
2 2 0.223518 0.247722 0.468718 0.002972 0.057070
2 2 0.264103 0.267466 0.416649 0.006989 0.044793
2 2 0.189832 0.253197 0.476168 0.027787 0.053016
2 2 0.123510 0.249011 0.540993 0.032725 0.053760
2 2 0.066471 0.216626 0.669770 0.009524 0.037608
2 2 0.033767 0.142826 0.783733 0.009681 0.029993
2 2 0.003904 0.031511 0.948608 0.006809 0.009169
2 2 0.002956 0.036459 0.945117 0.004517 0.010952
2 2 0.001988 0.024574 0.957918 0.010169 0.005351
2 2 0.001661 0.023313 0.962822 0.008613 0.003592
2 2 0.000967 0.018336 0.969525 0.008768 0.002403
2 2 0.001037 0.016080 0.971573 0.009308 0.002003
2 2 0.001272 0.015664 0.963042 0.017048 0.002974
2 2 0.001838 0.021181 0.951378 0.017995 0.007608
2 2 0.001394 0.027235 0.946672 0.012059 0.012641
2 2 0.002640 0.044208 0.924320 0.014930 0.013902
2 2 0.001560 0.026501 0.946543 0.018086 0.007311
2 2 0.000896 0.011404 0.940403 0.044385 0.002912
2 2 0.000643 0.009737 0.952892 0.034456 0.002272
2 2 0.000567 0.010585 0.971146 0.016292 0.001411
2 2 0.000630 0.011239 0.977608 0.009358 0.001164
2 2 0.000711 0.012922 0.973800 0.010984 0.001582
2 2 0.000762 0.015552 0.972136 0.009757 0.001794
2 2 0.001006 0.015167 0.957146 0.023661 0.003019
2 2 0.001354 0.014658 0.925839 0.053847 0.004303
2 2 0.002222 0.014999 0.859406 0.118732 0.004641
2 2 0.002016 0.012902 0.845374 0.135985 0.003723
2 2 0.002613 0.013839 0.802433 0.176858 0.004258
2 2 0.003031 0.019126 0.849723 0.121361 0.006758
2 2 0.002066 0.017935 0.900763 0.073298 0.005938
2 2 0.000925 0.008919 0.909063 0.079052 0.002041
2 2 0.001132 0.009257 0.884657 0.102763 0.002192
2 2 0.001034 0.006505 0.817607 0.173518 0.001336
2 2 0.001909 0.010705 0.808080 0.176436 0.002870
2 2 0.001342 0.009439 0.856810 0.130113 0.002297
3 2 0.004423 0.004272 0.167821 0.821864 0.001620
3 2 0.005803 0.005630 0.179617 0.806571 0.002379
3 2 0.006023 0.005266 0.155947 0.830449 0.002315
3 2 0.005756 0.005776 0.188101 0.797952 0.002415
3 2 0.004770 0.003392 0.108469 0.881936 0.001433
3 2 0.006621 0.004733 0.118330 0.868042 0.002274
3 2 0.007063 0.003665 0.073460 0.913833 0.001979
3 2 0.006916 0.003092 0.057791 0.930468 0.001732
3 2 0.007691 0.003158 0.051834 0.935423 0.001893
3 2 0.007503 0.003197 0.054659 0.932764 0.001876
3 2 0.012623 0.008541 0.126555 0.846889 0.005392
3 3 0.012737 0.011642 0.195594 0.773152 0.006876
3 3 0.009026 0.011750 0.292134 0.681440 0.005650
3 3 0.007240 0.012735 0.400329 0.574283 0.005413
3 3 0.004975 0.008446 0.361114 0.622406 0.003059
3 3 0.005519 0.008715 0.337919 0.644525 0.003322
3 3 0.007723 0.010703 0.306753 0.670043 0.004778
3 2 0.008372 0.015243 0.424547 0.544937 0.006901
3 2 0.007044 0.010275 0.321162 0.657136 0.004383
3 0 0.015090 0.018481 0.388242 0.574156 0.004031
2 0 0.003968 0.036673 0.904265 0.042333 0.012761
2 1 0.002964 0.030975 0.911939 0.042351 0.011770
2 2 0.001597 0.024212 0.943068 0.023948 0.007175
2 2 0.000983 0.017576 0.959682 0.017754 0.004005
2 2 0.001003 0.022376 0.959851 0.011462 0.005308
2 2 0.000770 0.021546 0.963173 0.009173 0.005338
2 2 0.001031 0.024950 0.956728 0.011180 0.006111
2 2 0.004839 0.078543 0.890150 0.006358 0.020110
2 2 0.034600 0.178200 0.742384 0.006737 0.038080
2 2 0.024560 0.219054 0.694968 0.008055 0.053363
2 2 0.019574 0.183360 0.747321 0.011197 0.038548
2 2 0.014706 0.157855 0.779593 0.011211 0.036635
2 2 0.008701 0.098827 0.874727 0.007496 0.010250
2 2 0.001816 0.035166 0.953634 0.005751 0.003632
2 2 0.001023 0.027241 0.963544 0.003451 0.004741
2 2 0.000702 0.016399 0.971844 0.008379 0.002676
2 2 0.000786 0.019297 0.964285 0.010510 0.005123
2 2 0.000933 0.021118 0.963784 0.009557 0.004607
2 2 0.001443 0.029177 0.952855 0.007398 0.009127
2 2 0.002085 0.042870 0.941164 0.002634 0.011247
2 2 0.003492 0.054011 0.922663 0.006093 0.013740
2 2 0.002822 0.031640 0.933676 0.024210 0.007652
2 2 0.001474 0.019857 0.951431 0.023476 0.003762
2 2 0.001255 0.022333 0.963148 0.010398 0.002866
2 2 0.002037 0.031729 0.953329 0.007599 0.005306
2 2 0.001961 0.026464 0.948265 0.018087 0.005223
2 2 0.002122 0.027946 0.948315 0.017266 0.004352
2 2 0.002875 0.041494 0.937911 0.009927 0.007793
2 2 0.001074 0.017074 0.960701 0.018215 0.002936
2 2 0.008212 0.063854 0.912898 0.004831 0.010205
2 2 0.021049 0.092961 0.866490 0.008447 0.011053
2 2 0.016522 0.108080 0.854293 0.009226 0.011879
2 2 0.017371 0.136831 0.816634 0.011688 0.017476
2 2 0.017894 0.157205 0.792806 0.010064 0.022031
2 2 0.016703 0.123932 0.840852 0.009725 0.008788
2 2 0.006110 0.052960 0.921134 0.015722 0.004074
2 2 0.004221 0.044878 0.918523 0.023746 0.008633
2 2 0.006020 0.064405 0.897615 0.018660 0.013299
2 2 0.007618 0.093847 0.861235 0.013429 0.023871
2 2 0.004918 0.042526 0.920028 0.026374 0.006155
2 2 0.002118 0.033056 0.955630 0.006962 0.002235
2 2 0.004685 0.040861 0.928910 0.021558 0.003986
2 2 0.006765 0.035918 0.894319 0.059238 0.003759
2 2 0.003484 0.020915 0.919084 0.055097 0.001420
2 2 0.004044 0.021406 0.872984 0.098446 0.003120
2 2 0.004401 0.030883 0.886529 0.069107 0.009080
2 2 0.004114 0.049711 0.881015 0.036414 0.028745
2 2 0.004426 0.076865 0.840154 0.020539 0.058018
2 4 0.005080 0.127679 0.715547 0.011829 0.139864
2 4 0.005692 0.197189 0.571083 0.005187 0.220849
2 4 0.006162 0.183175 0.587260 0.007000 0.216403
2 4 0.007164 0.245694 0.450003 0.003796 0.293343
2 4 0.005830 0.269303 0.426288 0.002201 0.296378
2 4 0.005204 0.268537 0.395426 0.001881 0.328952
4 4 0.006102 0.238621 0.291714 0.001828 0.461735
4 4 0.007786 0.256187 0.289915 0.001834 0.444278
4 4 0.012754 0.210637 0.136468 0.000905 0.639235
4 4 0.017721 0.179603 0.080576 0.000611 0.721489
4 4 0.026006 0.145670 0.055171 0.000378 0.772775
4 4 0.030247 0.159924 0.049001 0.000195 0.760633
4 4 0.013200 0.247625 0.062777 0.000111 0.676285
4 4 0.014631 0.243303 0.054624 0.000073 0.687370
4 4 0.019571 0.304649 0.085633 0.000200 0.589947
4 4 0.025196 0.275794 0.076852 0.000192 0.621966
4 4 0.030604 0.282195 0.071325 0.000143 0.615732
4 4 0.038337 0.273207 0.056955 0.000074 0.631427
4 4 0.022961 0.247258 0.051679 0.000063 0.678039
4 4 0.021594 0.199342 0.033757 0.000025 0.745282
4 4 0.028241 0.190612 0.028944 0.000018 0.752185
4 4 0.036553 0.236021 0.036358 0.000023 0.691046
4 4 0.042968 0.219945 0.029656 0.000014 0.707417
4 4 0.030243 0.215410 0.038468 0.000035 0.715845
4 4 0.031268 0.129374 0.019511 0.000013 0.819833
4 4 0.027018 0.126518 0.015750 0.000006 0.830707
4 4 0.026273 0.197920 0.025135 0.000009 0.750663
4 4 0.038495 0.185660 0.021928 0.000008 0.753909
4 4 0.045607 0.261713 0.036612 0.000018 0.656051
4 4 0.055348 0.298514 0.040511 0.000018 0.605609
4 4 0.076718 0.339959 0.061619 0.000060 0.521643
4 4 0.059370 0.341474 0.079455 0.000138 0.519563
1 4 0.008921 0.355378 0.320384 0.000441 0.314876
1 4 0.010448 0.362118 0.331088 0.000615 0.295730
1 4 0.008548 0.362309 0.310798 0.000521 0.317824
4 4 0.011408 0.347475 0.287992 0.000675 0.352449
4 4 0.013049 0.312360 0.273159 0.001048 0.400384
4 4 0.019398 0.312536 0.204537 0.000924 0.462605
4 4 0.031920 0.344503 0.155459 0.000677 0.467441
4 4 0.046284 0.399348 0.127955 0.000411 0.426002
1 4 0.035373 0.436898 0.097938 0.000127 0.429664
1 4 0.073403 0.514364 0.127732 0.000231 0.284270
1 4 0.058267 0.465661 0.254196 0.000380 0.221496
1 4 0.051033 0.414902 0.387588 0.000662 0.145815
2 4 0.019289 0.255161 0.676095 0.000680 0.048775
2 4 0.016485 0.246762 0.540652 0.001809 0.194291
4 4 0.033359 0.318527 0.263104 0.002092 0.382918
4 4 0.009045 0.253884 0.199532 0.001094 0.536445
4 4 0.010842 0.158852 0.069693 0.000564 0.760050
4 4 0.013014 0.209138 0.079683 0.000426 0.697740
4 4 0.017893 0.179307 0.043242 0.000080 0.759478
4 4 0.027212 0.168426 0.027870 0.000022 0.776470
4 4 0.042645 0.084428 0.006417 0.000001 0.866509
4 4 0.032029 0.099697 0.009713 0.000002 0.858559
4 4 0.027739 0.068119 0.007878 0.000003 0.896261
4 4 0.043482 0.112293 0.012607 0.000005 0.831613
4 4 0.048368 0.052478 0.006806 0.000005 0.892343
4 4 0.028208 0.025490 0.003085 0.000002 0.943215
4 4 0.034781 0.024939 0.001926 0.000000 0.938353
4 4 0.070236 0.065416 0.004287 0.000001 0.860059
4 4 0.067077 0.106588 0.009918 0.000002 0.816415
4 4 0.058155 0.135625 0.014720 0.000005 0.791495
4 4 0.037352 0.164795 0.028988 0.000029 0.768836
4 4 0.039702 0.145102 0.024008 0.000021 0.791167
4 4 0.033188 0.189228 0.046860 0.000104 0.730620
4 4 0.040684 0.185190 0.041325 0.000074 0.732728
4 4 0.034247 0.158613 0.030054 0.000036 0.777050
4 4 0.038365 0.213225 0.048838 0.000088 0.699483
4 4 0.046546 0.235716 0.054237 0.000099 0.663402
4 4 0.042973 0.339640 0.082594 0.000151 0.534641
4 4 0.035696 0.366816 0.098400 0.000216 0.498872
4 4 0.023562 0.366489 0.093524 0.000166 0.516259
4 4 0.033850 0.128572 0.036390 0.000130 0.801059
4 4 0.036674 0.241138 0.102953 0.000480 0.618756
4 4 0.035787 0.347334 0.186041 0.000787 0.430051
2 4 0.011436 0.312962 0.459295 0.000994 0.215314
2 4 0.008740 0.325399 0.415324 0.000717 0.249820
2 4 0.005021 0.277346 0.510863 0.001219 0.205552
2 4 0.004954 0.210614 0.615224 0.003104 0.166104
2 4 0.003874 0.173312 0.697825 0.003518 0.121471
2 4 0.003690 0.146151 0.774341 0.003686 0.072132
2 4 0.002146 0.100153 0.851412 0.003480 0.042809
2 2 0.001498 0.078369 0.878938 0.003682 0.037513
2 2 0.001163 0.066887 0.891787 0.003841 0.036322
2 1 0.000920 0.048255 0.919796 0.004952 0.026077
2 1 0.001043 0.046970 0.920273 0.006120 0.025594
2 1 0.000806 0.040437 0.938295 0.004462 0.015999
2 2 0.000869 0.046378 0.936142 0.002223 0.014388
2 2 0.000793 0.036564 0.945024 0.002805 0.014814
2 2 0.001409 0.039315 0.934098 0.003112 0.022065
2 2 0.002421 0.057968 0.908207 0.001654 0.029749
2 2 0.002862 0.058017 0.915554 0.001624 0.021942
2 2 0.005022 0.138750 0.801598 0.000503 0.054126
2 2 0.004331 0.118066 0.826503 0.000712 0.050389
2 2 0.005699 0.130179 0.816514 0.000838 0.046770
2 2 0.005085 0.133632 0.815260 0.000925 0.045097
2 2 0.004481 0.131275 0.819625 0.000820 0.043798
2 2 0.003294 0.094515 0.870908 0.000914 0.030369
2 2 0.003236 0.081226 0.884232 0.000925 0.030381
2 2 0.002762 0.070383 0.905263 0.000679 0.020913
2 2 0.003601 0.081995 0.890921 0.000450 0.023033
2 2 0.003094 0.076005 0.895291 0.000565 0.025045
2 2 0.001701 0.050774 0.934048 0.000948 0.012530
2 2 0.002184 0.071113 0.905211 0.000885 0.020607
2 2 0.001543 0.064823 0.915096 0.001319 0.017218
2 2 0.001315 0.060458 0.922670 0.001283 0.014273
2 2 0.001704 0.070096 0.906806 0.001055 0.020340
2 2 0.000991 0.036871 0.953568 0.001781 0.006789
2 2 0.001676 0.040451 0.947509 0.002038 0.008326
2 2 0.002326 0.042439 0.946615 0.001998 0.006623
2 2 0.001985 0.040112 0.951577 0.001549 0.004778
2 2 0.001316 0.031277 0.962658 0.001585 0.003164
2 2 0.001702 0.034722 0.955822 0.002887 0.004868
2 2 0.000975 0.022245 0.970403 0.003418 0.002960
2 2 0.000945 0.018165 0.973996 0.004872 0.002023
2 2 0.000690 0.011637 0.971920 0.014716 0.001036
2 2 0.001619 0.018823 0.969155 0.008942 0.001461
2 2 0.000840 0.011400 0.975396 0.011678 0.000686
2 2 0.013341 0.033879 0.912326 0.035621 0.004834
2 2 0.127703 0.100267 0.707936 0.052528 0.011566
0 2 0.671728 0.136680 0.144796 0.012395 0.034401
0 0 0.813111 0.095284 0.064866 0.002064 0.024674
0 0 0.911396 0.044933 0.023403 0.000426 0.019842
0 0 0.953865 0.021081 0.006651 0.000040 0.018362
0 0 0.928775 0.018670 0.002573 0.000003 0.049980
0 0 0.916705 0.017711 0.001313 0.000000 0.064270
0 0 0.918160 0.033021 0.001999 0.000000 0.046819
0 0 0.887861 0.058589 0.001763 0.000000 0.051787
0 1 0.828115 0.058799 0.003361 0.000000 0.109725
0 0 0.587123 0.123767 0.008584 0.000001 0.280525
0 0 0.724734 0.081047 0.007959 0.000004 0.186256
0 0 0.742078 0.085844 0.011331 0.000011 0.160735
1 0 0.069805 0.736906 0.086678 0.000019 0.106592
1 0 0.072038 0.686857 0.129698 0.000097 0.111309
1 0 0.052813 0.548394 0.317918 0.000502 0.080374
1 0 0.047954 0.522840 0.348740 0.000628 0.079838
2 1 0.034999 0.414458 0.490332 0.000663 0.059549
2 1 0.041512 0.353613 0.556704 0.000368 0.047803
2 1 0.038338 0.298279 0.619886 0.000319 0.043178
2 2 0.036584 0.201906 0.737802 0.000467 0.023241
2 2 0.053953 0.310101 0.601268 0.000267 0.034410
2 2 0.054510 0.306231 0.599211 0.000452 0.039597
2 2 0.058145 0.330656 0.569199 0.000300 0.041701
2 2 0.040385 0.325188 0.586620 0.000352 0.047455
2 2 0.038135 0.277799 0.645967 0.000421 0.037678
2 2 0.032151 0.324032 0.594922 0.000359 0.048537
2 2 0.033477 0.303612 0.618225 0.000579 0.044106
2 2 0.017202 0.250412 0.692731 0.000869 0.038785
2 2 0.009926 0.205900 0.755476 0.001097 0.027601
2 2 0.005718 0.163158 0.809317 0.001013 0.020794
2 2 0.002626 0.093860 0.891815 0.001790 0.009908
2 2 0.002848 0.079408 0.902121 0.002385 0.013238
2 2 0.002499 0.086430 0.895215 0.001341 0.014515
2 2 0.001667 0.052911 0.932169 0.003093 0.010160
2 2 0.002595 0.045440 0.942331 0.003085 0.006548
2 2 0.003131 0.044275 0.944755 0.003122 0.004717
2 2 0.002425 0.037325 0.954235 0.002700 0.003314
2 2 0.001584 0.033367 0.958047 0.003962 0.003041
2 2 0.000753 0.015098 0.974130 0.008720 0.001300
2 2 0.001125 0.018971 0.966020 0.011739 0.002145
2 2 0.001050 0.016465 0.965184 0.015392 0.001908
2 2 0.001343 0.021481 0.955781 0.017354 0.004041
2 2 0.001319 0.018260 0.951760 0.024878 0.003783
2 2 0.001456 0.028530 0.952777 0.011529 0.005708
2 2 0.001598 0.049740 0.931401 0.005247 0.012013
2 2 0.002213 0.056209 0.918566 0.004294 0.018718
2 2 0.002865 0.063446 0.907497 0.003136 0.023056
2 2 0.003265 0.054764 0.914399 0.004444 0.023128
2 2 0.003745 0.074013 0.884385 0.003632 0.034225
2 2 0.003562 0.082105 0.872538 0.003989 0.037807
2 2 0.002548 0.065828 0.903413 0.003634 0.024578
2 2 0.002563 0.050212 0.925426 0.006023 0.015776
2 2 0.003312 0.068529 0.884178 0.002472 0.041509
2 2 0.002915 0.042822 0.918216 0.006521 0.029526
2 2 0.002650 0.039991 0.920419 0.009690 0.027250
2 2 0.002105 0.020512 0.942266 0.026262 0.008856
2 2 0.001185 0.017332 0.944799 0.031039 0.005645
2 2 0.000856 0.011184 0.942462 0.042675 0.002823
2 2 0.000598 0.007585 0.938285 0.051965 0.001567
2 2 0.000523 0.006585 0.936242 0.055385 0.001265
2 2 0.000474 0.005974 0.945775 0.047023 0.000754
2 2 0.000756 0.010636 0.969200 0.017545 0.001864
2 2 0.000873 0.010664 0.953763 0.031767 0.002933
2 2 0.000904 0.008802 0.910300 0.077997 0.001999
2 2 0.002111 0.013532 0.846876 0.133482 0.003999
2 2 0.005257 0.029729 0.834851 0.117877 0.012286
2 2 0.006837 0.033835 0.799542 0.143155 0.016631
2 2 0.004163 0.017243 0.739649 0.232732 0.006214
