0 0 0.900569 0.066226 0.008753 0.000978 0.023474
0 0 0.917291 0.057618 0.006573 0.000675 0.017843
0 0 0.884564 0.082453 0.012009 0.000842 0.020133
0 0 0.880066 0.085258 0.010891 0.000531 0.023254
0 0 0.841162 0.114068 0.016204 0.000463 0.028103
0 0 0.892384 0.077310 0.006956 0.000188 0.023161
0 0 0.909081 0.061902 0.004303 0.000119 0.024595
0 0 0.864349 0.087961 0.010545 0.000482 0.036663
0 0 0.758817 0.162824 0.036513 0.001189 0.040656
0 0 0.599746 0.229107 0.122499 0.008286 0.040362
0 0 0.724270 0.172465 0.051914 0.002976 0.048376
0 0 0.631393 0.228039 0.080353 0.002565 0.057649
0 0 0.705933 0.189259 0.048394 0.001434 0.054979
0 0 0.406302 0.319112 0.209370 0.004894 0.060321
0 1 0.332370 0.315794 0.284251 0.009504 0.058081
1 1 0.284559 0.341666 0.306884 0.005956 0.060935
2 1 0.173583 0.353064 0.419642 0.004503 0.049208
2 1 0.088144 0.313529 0.563396 0.004142 0.030788
2 1 0.052203 0.269824 0.653170 0.003930 0.020873
2 1 0.040289 0.252406 0.691465 0.003015 0.012825
1 1 0.114673 0.384380 0.361097 0.001506 0.138344
2 4 0.089213 0.370750 0.405535 0.001663 0.132839
2 4 0.076497 0.368684 0.436912 0.001504 0.116403
2 4 0.076600 0.357429 0.432381 0.001883 0.131707
2 4 0.064446 0.363759 0.467124 0.001353 0.103318
2 4 0.074021 0.364797 0.455509 0.001566 0.104106
2 4 0.073100 0.362850 0.426988 0.001584 0.135478
2 4 0.059065 0.352447 0.489901 0.001512 0.097075
2 4 0.079149 0.368945 0.414565 0.001520 0.135821
2 4 0.079106 0.377129 0.413570 0.001294 0.128901
1 4 0.082843 0.397742 0.387133 0.000879 0.131403
2 4 0.074717 0.372108 0.409746 0.001319 0.142110
2 4 0.067816 0.362322 0.462164 0.001487 0.106210
2 4 0.066198 0.354222 0.476706 0.001697 0.101177
2 4 0.049540 0.318411 0.570075 0.002031 0.059943
2 4 0.020904 0.254248 0.692527 0.001515 0.030806
2 4 0.019104 0.240987 0.710119 0.001698 0.028092
2 4 0.011622 0.197398 0.764600 0.002171 0.024209
2 4 0.011283 0.167762 0.804711 0.003221 0.013022
2 0 0.031210 0.211700 0.727893 0.006731 0.022467
2 0 0.056911 0.330898 0.593457 0.001076 0.017659
2 1 0.050915 0.303119 0.631704 0.001419 0.012843
2 1 0.042089 0.262931 0.680139 0.002454 0.012387
2 2 0.028734 0.215727 0.742656 0.003159 0.009723
2 2 0.036359 0.253445 0.697976 0.002085 0.010135
2 2 0.018708 0.183315 0.786559 0.003182 0.008236
2 2 0.008424 0.118157 0.864645 0.004563 0.004211
2 2 0.007482 0.099793 0.879579 0.008890 0.004256
2 2 0.009121 0.115471 0.865914 0.005986 0.003508
2 2 0.010587 0.113576 0.863191 0.008762 0.003885
2 2 0.004841 0.069935 0.909065 0.014039 0.002120
2 2 0.006964 0.092860 0.888504 0.008668 0.003004
2 2 0.004311 0.075403 0.910325 0.007817 0.002144
2 2 0.001854 0.048805 0.939639 0.008564 0.001138
2 2 0.004013 0.066264 0.913742 0.013696 0.002285
2 2 0.020511 0.124560 0.820594 0.027334 0.007002
2 2 0.048911 0.183944 0.729824 0.024166 0.013156
2 2 0.036477 0.170471 0.754546 0.021988 0.016518
2 2 0.036108 0.191136 0.737403 0.013222 0.022132
2 2 0.043705 0.232895 0.700691 0.006040 0.016670
2 2 0.002610 0.058162 0.927882 0.009411 0.001935
2 2 0.001147 0.024008 0.896532 0.076936 0.001376
2 2 0.000932 0.019569 0.870679 0.107497 0.001323
2 2 0.001036 0.019454 0.839738 0.137942 0.001830
2 2 0.001194 0.019337 0.804894 0.172522 0.002054
2 2 0.001550 0.020529 0.765813 0.209610 0.002498
2 2 0.000698 0.010673 0.647660 0.339410 0.001559
2 2 0.000487 0.006934 0.509030 0.482152 0.001397
3 2 0.000726 0.006848 0.389388 0.600998 0.002039
3 2 0.001375 0.009277 0.371805 0.614471 0.003074
3 2 0.001414 0.007260 0.269284 0.718976 0.003066
3 2 0.001478 0.008250 0.310608 0.676765 0.002899
3 3 0.002254 0.009549 0.281105 0.703345 0.003747
3 3 0.003472 0.010413 0.231593 0.749369 0.005152
3 3 0.003938 0.011213 0.236444 0.743347 0.005058
3 3 0.004556 0.011885 0.226180 0.750973 0.006407
3 3 0.007629 0.016932 0.247252 0.718501 0.009687
3 3 0.004756 0.010774 0.189281 0.787701 0.007488
3 3 0.007080 0.013657 0.197823 0.772734 0.008706
3 3 0.003685 0.006117 0.108311 0.876964 0.004922
3 3 0.015154 0.015739 0.137591 0.817733 0.013784
3 3 0.021477 0.018566 0.136502 0.808329 0.015125
3 3 0.007670 0.007271 0.082568 0.896647 0.005844
3 3 0.009752 0.008521 0.086365 0.888701 0.006661
3 3 0.007283 0.006635 0.076246 0.904627 0.005209
3 3 0.007901 0.007834 0.088744 0.889066 0.006455
3 3 0.007428 0.007230 0.083621 0.895842 0.005879
3 3 0.005101 0.005700 0.078889 0.905441 0.004869
3 3 0.007421 0.007990 0.094448 0.883297 0.006844
3 3 0.008467 0.008185 0.089706 0.886958 0.006684
3 3 0.011506 0.009693 0.091195 0.880097 0.007509
3 3 0.013362 0.011857 0.106061 0.859199 0.009521
3 3 0.010570 0.009196 0.090142 0.882886 0.007206
3 3 0.009167 0.008428 0.088519 0.887149 0.006738
3 3 0.006011 0.006104 0.077507 0.905369 0.005010
3 3 0.002937 0.003255 0.055782 0.935346 0.002680
3 3 0.003901 0.003689 0.054590 0.934974 0.002847
3 3 0.006427 0.005048 0.058926 0.925954 0.003645
3 3 0.006511 0.004751 0.054234 0.931199 0.003305
3 3 0.006704 0.005153 0.058871 0.925584 0.003688
3 3 0.003646 0.004122 0.065255 0.923504 0.003473
3 3 0.002751 0.002623 0.044501 0.948133 0.001993
3 3 0.002034 0.001903 0.036063 0.958593 0.001407
3 3 0.003451 0.003102 0.047554 0.943577 0.002316
3 3 0.004791 0.004013 0.053314 0.934937 0.002945
3 3 0.010219 0.007796 0.075303 0.900984 0.005697
3 3 0.018513 0.012418 0.091807 0.868464 0.008798
3 3 0.024582 0.015943 0.105380 0.842824 0.011271
3 3 0.035143 0.020903 0.118701 0.810844 0.014409
3 3 0.022796 0.014197 0.095763 0.857456 0.009788
3 3 0.012305 0.009452 0.084876 0.886358 0.007009
3 3 0.009832 0.007871 0.078024 0.898390 0.005883
3 3 0.009182 0.007722 0.079524 0.897675 0.005897
3 3 0.013713 0.010996 0.095346 0.871554 0.008391
3 3 0.012562 0.009235 0.081474 0.890026 0.006703
3 3 0.015321 0.010000 0.079387 0.888385 0.006907
3 3 0.032691 0.019556 0.114253 0.820033 0.013468
3 3 0.022174 0.014165 0.098055 0.855744 0.009862
3 3 0.043374 0.022849 0.116577 0.802232 0.014969
3 3 0.019740 0.011457 0.080327 0.880919 0.007557
3 3 0.018162 0.012001 0.089150 0.872258 0.008428
3 3 0.030058 0.015988 0.093654 0.849977 0.010323
3 3 0.021054 0.012000 0.082164 0.876920 0.007863
3 3 0.063516 0.030377 0.130321 0.756428 0.019359
3 3 0.024050 0.013507 0.087231 0.866357 0.008856
3 3 0.078028 0.032855 0.124382 0.744839 0.019896
3 3 0.280797 0.082755 0.152503 0.438140 0.045805
0 3 0.531067 0.115806 0.116726 0.177041 0.059360
0 3 0.737775 0.096727 0.055453 0.069295 0.040750
0 3 0.573750 0.075891 0.071782 0.248697 0.029880
0 3 0.808986 0.054130 0.026924 0.093834 0.016126
0 0 0.820274 0.055049 0.026046 0.082084 0.016547
0 0 0.870849 0.057243 0.020457 0.033749 0.017701
0 1 0.859070 0.068060 0.023787 0.025705 0.023377
0 1 0.714423 0.119447 0.071196 0.054914 0.040021
0 1 0.743782 0.111686 0.057472 0.041672 0.045389
0 1 0.490445 0.101082 0.116878 0.242379 0.049216
3 0 0.218042 0.064656 0.142566 0.539776 0.034960
3 0 0.198496 0.060120 0.139336 0.569396 0.032653
3 0 0.364016 0.084800 0.130726 0.378124 0.042333
0 0 0.410613 0.174150 0.240337 0.127170 0.047729
0 0 0.441889 0.195989 0.242301 0.082481 0.037341
2 0 0.325167 0.223181 0.336277 0.070363 0.045013
0 0 0.455303 0.213143 0.222471 0.052324 0.056759
2 0 0.154224 0.135876 0.420425 0.257295 0.032180
2 0 0.150265 0.132360 0.413357 0.268752 0.035266
0 0 0.463320 0.182462 0.211311 0.095008 0.047899
2 2 0.310123 0.190844 0.319786 0.128863 0.050385
0 2 0.433560 0.222319 0.230000 0.050640 0.063481
0 2 0.429304 0.209904 0.237858 0.068315 0.054618
0 2 0.704713 0.143317 0.075734 0.027910 0.048325
0 0 0.710028 0.156297 0.078910 0.018191 0.036574
0 0 0.516924 0.207257 0.190711 0.043969 0.041138
2 0 0.322362 0.241017 0.348264 0.050250 0.038107
2 0 0.151967 0.227872 0.538678 0.049271 0.032212
2 0 0.125753 0.234350 0.556265 0.037391 0.046242
2 0 0.235097 0.268307 0.416211 0.031627 0.048759
0 0 0.461721 0.235872 0.226553 0.032967 0.042887
0 0 0.709610 0.157610 0.083321 0.019207 0.030251
0 0 0.842762 0.097227 0.030439 0.008585 0.020987
2 0 0.089958 0.290302 0.573981 0.007101 0.038659
2 1 0.019867 0.146171 0.804892 0.014365 0.014705
2 1 0.008037 0.086779 0.877156 0.022399 0.005628
2 2 0.017665 0.111192 0.827312 0.036897 0.006934
2 2 0.023080 0.116598 0.807501 0.046124 0.006698
2 2 0.059300 0.212430 0.699461 0.016030 0.012779
2 2 0.124248 0.310424 0.522782 0.007678 0.034868
2 2 0.217472 0.363401 0.363548 0.003958 0.051621
2 2 0.139818 0.348985 0.469615 0.003854 0.037727
2 2 0.098907 0.299513 0.564426 0.006522 0.030632
2 2 0.028073 0.195586 0.757173 0.006111 0.013057
2 2 0.014538 0.134798 0.833476 0.009275 0.007913
2 2 0.033589 0.196198 0.751080 0.008128 0.011006
2 2 0.023978 0.161859 0.797022 0.009995 0.007146
2 2 0.160724 0.309044 0.494268 0.009956 0.026010
2 2 0.299893 0.319022 0.329633 0.010216 0.041236
0 2 0.451932 0.284593 0.204353 0.009458 0.049665
0 2 0.416450 0.286524 0.210017 0.010331 0.076679
0 2 0.445407 0.276444 0.161736 0.006864 0.109548
0 2 0.326169 0.317222 0.239225 0.006629 0.110755
2 2 0.017005 0.131272 0.829416 0.015396 0.006911
2 2 0.076493 0.203789 0.671031 0.033870 0.014817
2 2 0.258139 0.286142 0.399108 0.022958 0.033653
0 2 0.520284 0.259251 0.159997 0.009078 0.051390
0 0 0.552339 0.259840 0.131390 0.005121 0.051309
0 0 0.426109 0.280670 0.239790 0.014002 0.039430
0 0 0.338148 0.289980 0.323597 0.017094 0.031181
0 0 0.431607 0.289100 0.233622 0.010631 0.035040
0 1 0.469535 0.276542 0.213459 0.010865 0.029600
0 1 0.589948 0.235470 0.137651 0.008762 0.028169
0 1 0.651450 0.209661 0.092185 0.005866 0.040838
0 0 0.632894 0.235324 0.089250 0.002648 0.039884
0 0 0.642996 0.217179 0.094069 0.005077 0.040679
0 0 0.681275 0.202417 0.082800 0.004525 0.028983
0 0 0.582284 0.251978 0.133250 0.005236 0.027252
0 1 0.425198 0.314292 0.216081 0.005316 0.039112
0 1 0.353057 0.348389 0.253500 0.003685 0.041368
0 2 0.402500 0.356236 0.194901 0.001806 0.044557
0 2 0.389819 0.363100 0.204488 0.001728 0.040866
1 0 0.334582 0.365929 0.256530 0.002602 0.040356
0 0 0.678777 0.203390 0.071923 0.003216 0.042694
0 1 0.860004 0.094560 0.017877 0.001763 0.025796
0 1 0.875111 0.078922 0.012380 0.001443 0.032144
0 1 0.895547 0.068160 0.009045 0.000984 0.026264
0 0 0.933554 0.046079 0.005141 0.000859 0.014367
0 0 0.931482 0.047293 0.005397 0.000901 0.014927
0 0 0.894186 0.068618 0.009661 0.001196 0.026338
0 0 0.822528 0.107035 0.021305 0.002068 0.047064
0 0 0.682150 0.189159 0.064646 0.003858 0.060186
0 1 0.602980 0.239299 0.103747 0.004120 0.049855
0 1 0.559839 0.262198 0.114130 0.003321 0.060512
0 1 0.577105 0.253211 0.119062 0.004349 0.046273
0 0 0.727824 0.180986 0.045581 0.001415 0.044195
0 0 0.719508 0.204024 0.046378 0.000642 0.029448
0 0 0.731831 0.187995 0.054308 0.001625 0.024241
0 0 0.653102 0.207160 0.104302 0.008004 0.027433
0 0 0.533591 0.274488 0.148789 0.004785 0.038347
0 1 0.544127 0.293241 0.126173 0.001881 0.034577
0 1 0.649062 0.238689 0.078555 0.001496 0.032198
0 1 0.770166 0.157292 0.036542 0.001367 0.034633
0 1 0.916244 0.056588 0.005846 0.000543 0.020779
0 1 0.903990 0.063758 0.007584 0.000733 0.023935
0 0 0.928814 0.049406 0.004938 0.000544 0.016298
0 0 0.947690 0.037383 0.003716 0.000728 0.010484
0 0 0.917154 0.053445 0.009113 0.003106 0.017182
0 0 0.879266 0.071702 0.016473 0.006010 0.026548
0 0 0.874467 0.078549 0.018938 0.005550 0.022496
0 0 0.809432 0.114179 0.033996 0.006467 0.035927
0 0 0.730880 0.156878 0.061406 0.008454 0.042382
0 0 0.721190 0.170966 0.067156 0.006459 0.034229
0 0 0.855395 0.097382 0.020723 0.002429 0.024070
0 0 0.914783 0.056037 0.008425 0.001911 0.018845
0 0 0.909744 0.055542 0.011355 0.005508 0.017852
0 0 0.923467 0.046557 0.009592 0.006919 0.013465
0 0 0.950319 0.034561 0.004358 0.001796 0.008966
0 0 0.941171 0.040339 0.005334 0.001787 0.011369
0 0 0.897436 0.070699 0.013730 0.002739 0.015396
0 0 0.839602 0.105493 0.022683 0.002338 0.029884
0 0 0.831028 0.109335 0.018088 0.000990 0.040559
0 0 0.782348 0.137680 0.036148 0.002968 0.040857
0 0 0.938793 0.042716 0.004804 0.000961 0.012726
0 0 0.941888 0.040083 0.005122 0.001599 0.011308
0 0 0.923164 0.051487 0.007119 0.001582 0.016648
0 0 0.919582 0.054085 0.006973 0.001176 0.018183
0 0 0.866229 0.078859 0.011456 0.001544 0.041912
0 0 0.837772 0.094655 0.021592 0.004068 0.041912
0 0 0.789612 0.116753 0.030252 0.004582 0.058801
0 0 0.775080 0.119874 0.036872 0.007784 0.060390
0 0 0.773095 0.123204 0.034356 0.005375 0.063971
0 0 0.765194 0.122187 0.040808 0.009898 0.061913
0 0 0.781583 0.118939 0.038485 0.008940 0.052053
0 0 0.795273 0.118933 0.039974 0.008987 0.036834
0 0 0.838487 0.097415 0.025754 0.005772 0.032571
0 0 0.876147 0.076051 0.015975 0.004019 0.027808
0 0 0.930821 0.047924 0.005161 0.000728 0.015367
0 0 0.944821 0.039491 0.003608 0.000513 0.011567
0 0 0.956862 0.031069 0.003239 0.001047 0.007783
0 0 0.955189 0.030512 0.004214 0.002804 0.007280
0 0 0.948253 0.035670 0.004697 0.002014 0.009368
0 0 0.955393 0.031457 0.003834 0.001747 0.007568
0 0 0.913849 0.058593 0.005656 0.000395 0.021507
0 0 0.863103 0.083029 0.016489 0.003038 0.034341
0 0 0.841677 0.090604 0.023021 0.006216 0.038482
0 0 0.846082 0.090136 0.020710 0.004460 0.038612
0 0 0.852382 0.086092 0.020519 0.005371 0.035637
0 0 0.870327 0.075200 0.018684 0.007369 0.028419
0 0 0.870348 0.074374 0.019109 0.008363 0.027806
0 0 0.908265 0.058554 0.010284 0.003088 0.019808
0 0 0.918290 0.054827 0.007132 0.001193 0.018558
0 0 0.918181 0.055312 0.006586 0.000871 0.019050
0 0 0.909088 0.060549 0.007560 0.000922 0.021882
0 0 0.829910 0.119133 0.026992 0.001918 0.022047
0 0 0.876598 0.087612 0.014910 0.001269 0.019612
0 0 0.896525 0.072969 0.009727 0.000781 0.019997
0 1 0.854179 0.096965 0.013610 0.000672 0.034575
0 1 0.672431 0.215974 0.070911 0.002082 0.038602
0 1 0.761702 0.154381 0.053140 0.004784 0.025993
0 0 0.785357 0.140673 0.040286 0.003388 0.030296
0 0 0.847673 0.103555 0.020445 0.001726 0.026600
0 0 0.915297 0.057544 0.005952 0.000513 0.020694
0 0 0.905876 0.063312 0.006082 0.000355 0.024375
0 0 0.907707 0.062179 0.006125 0.000395 0.023594
0 0 0.824874 0.105432 0.015900 0.000851 0.052941
0 0 0.597729 0.189902 0.048733 0.001863 0.161772
4 4 0.297389 0.248764 0.106432 0.002501 0.344914
1 4 0.135767 0.329162 0.283592 0.003156 0.248322
1 4 0.144103 0.327892 0.258987 0.002791 0.266227
1 4 0.109792 0.331045 0.329505 0.003252 0.226406
1 4 0.158668 0.360364 0.286120 0.002198 0.192650
1 4 0.184722 0.339025 0.311416 0.004512 0.160326
1 4 0.187663 0.377992 0.318425 0.002304 0.113617
2 4 0.174530 0.354552 0.364268 0.003929 0.102721
1 4 0.198318 0.350721 0.309754 0.003825 0.137381
1 4 0.198579 0.340995 0.234190 0.002465 0.223770
1 4 0.200917 0.342197 0.248230 0.002799 0.205858
1 4 0.207005 0.349624 0.307745 0.004045 0.131581
1 4 0.189868 0.353565 0.315710 0.003570 0.137287
1 4 0.216270 0.372708 0.302815 0.002622 0.105585
1 4 0.191618 0.379811 0.344540 0.002444 0.081587
1 4 0.242858 0.374897 0.286761 0.002483 0.093002
2 4 0.022733 0.246375 0.708466 0.001584 0.020842
2 4 0.016617 0.188871 0.781276 0.002661 0.010574
2 4 0.012637 0.159603 0.815463 0.003587 0.008709
2 4 0.007985 0.123696 0.857541 0.004611 0.006167
2 4 0.005531 0.101929 0.883328 0.004835 0.004378
2 4 0.008498 0.120051 0.858433 0.006240 0.006776
2 4 0.020414 0.194777 0.770191 0.003497 0.011121
2 4 0.025514 0.202372 0.754176 0.004670 0.013268
2 4 0.070280 0.280526 0.625170 0.005062 0.018962
1 4 0.296014 0.349456 0.316306 0.004807 0.033418
0 4 0.611861 0.244787 0.097521 0.002829 0.043002
0 0 0.777285 0.151022 0.038416 0.001962 0.031316
0 0 0.779418 0.146154 0.040519 0.002817 0.031091
0 1 0.647420 0.206485 0.109557 0.009437 0.027101
0 1 0.594224 0.225416 0.135662 0.011514 0.033184
0 1 0.444806 0.289585 0.228328 0.009322 0.027960
0 1 0.388111 0.324333 0.238374 0.005480 0.043702
0 1 0.417024 0.327875 0.187604 0.003155 0.064342
0 0 0.457515 0.325421 0.161909 0.002188 0.052967
0 0 0.650838 0.223157 0.076246 0.002326 0.047434
0 1 0.459417 0.265735 0.213902 0.015767 0.045179
0 1 0.468880 0.255338 0.202598 0.017958 0.055227
0 1 0.654056 0.196399 0.077117 0.005644 0.066784
0 1 0.666468 0.186685 0.073882 0.006585 0.066380
0 1 0.596143 0.216797 0.112002 0.010036 0.065022
0 1 0.329600 0.291773 0.303646 0.016884 0.058098
1 4 0.288528 0.323531 0.311448 0.008878 0.067614
2 4 0.076012 0.255932 0.628582 0.010581 0.028893
2 4 0.065762 0.253606 0.648320 0.008182 0.024128
2 4 0.020964 0.178521 0.787829 0.004657 0.008030
2 4 0.010694 0.133333 0.847548 0.004410 0.004015
2 4 0.030968 0.196951 0.760679 0.005539 0.005862
2 4 0.042249 0.220417 0.724769 0.005852 0.006713
2 2 0.058346 0.277596 0.650960 0.003017 0.010081
2 2 0.030689 0.223669 0.735158 0.002723 0.007761
2 2 0.025265 0.210708 0.754938 0.002398 0.006690
2 2 0.016185 0.182380 0.794207 0.001994 0.005233
2 2 0.010693 0.147657 0.836119 0.002204 0.003327
2 2 0.011009 0.150541 0.832774 0.002405 0.003272
2 2 0.007246 0.116188 0.871050 0.003241 0.002275
2 2 0.000330 0.017613 0.962795 0.018866 0.000395
2 2 0.000331 0.017224 0.963127 0.019003 0.000316
2 2 0.000393 0.018535 0.959889 0.020806 0.000377
2 2 0.000424 0.019726 0.960204 0.019243 0.000403
2 2 0.000721 0.025139 0.952792 0.020785 0.000563
2 2 0.004229 0.057538 0.911173 0.025459 0.001602
2 2 0.012084 0.114717 0.858698 0.010830 0.003670
2 2 0.038079 0.208906 0.732690 0.007773 0.012553
2 2 0.069429 0.240352 0.652357 0.013111 0.024750
2 2 0.032332 0.156613 0.778121 0.023028 0.009906
2 2 0.008043 0.066173 0.850201 0.069761 0.005822
2 2 0.001382 0.027204 0.898878 0.070918 0.001617
2 2 0.005351 0.060086 0.877408 0.051929 0.005226
2 2 0.016695 0.116087 0.825405 0.029935 0.011878
2 2 0.023615 0.119834 0.790596 0.050731 0.015224
2 2 0.069975 0.187637 0.662917 0.047759 0.031712
2 2 0.239770 0.279179 0.393977 0.025131 0.061943
0 2 0.410272 0.284660 0.230240 0.012497 0.062330
2 2 0.195300 0.259959 0.455234 0.034045 0.055463
2 2 0.127577 0.241200 0.558657 0.033192 0.039373
0 2 0.634064 0.152689 0.091661 0.037682 0.083903
0 2 0.820454 0.096219 0.030201 0.011564 0.041562
0 2 0.746565 0.131638 0.058737 0.019311 0.043749
0 2 0.815204 0.097813 0.035932 0.017407 0.033643
0 2 0.532165 0.213693 0.170388 0.032713 0.051042
0 2 0.375358 0.245979 0.291822 0.043570 0.043271
0 2 0.330710 0.253572 0.319271 0.040461 0.055987
2 2 0.123408 0.234281 0.570075 0.035994 0.036242
2 2 0.095960 0.210167 0.611570 0.045528 0.036774
2 2 0.050756 0.167367 0.726629 0.039817 0.015431
2 2 0.052375 0.185888 0.722842 0.025839 0.013056
2 2 0.075263 0.229032 0.654669 0.018826 0.022210
2 2 0.053686 0.224774 0.697065 0.009963 0.014512
2 2 0.055629 0.206984 0.697748 0.018819 0.020820
2 2 0.026361 0.160068 0.791677 0.012890 0.009004
2 2 0.067388 0.190847 0.687784 0.035308 0.018674
2 2 0.138926 0.227794 0.552436 0.046798 0.034046
2 0 0.240961 0.273536 0.403941 0.029137 0.052425
0 0 0.483929 0.262416 0.182811 0.012334 0.058511
0 0 0.648565 0.195212 0.089474 0.008993 0.057755
2 0 0.038347 0.249238 0.685873 0.003484 0.023057
2 1 0.004805 0.082597 0.899456 0.008911 0.004230
2 1 0.000404 0.020536 0.964374 0.014257 0.000429
2 2 0.000157 0.010778 0.962016 0.026819 0.000230
2 2 0.000286 0.013885 0.951152 0.034335 0.000343
2 2 0.000204 0.010950 0.946907 0.041685 0.000254
2 2 0.000197 0.009855 0.930914 0.058758 0.000275
2 2 0.000234 0.011042 0.931932 0.056442 0.000350
2 2 0.000252 0.009990 0.893634 0.095675 0.000448
2 2 0.000500 0.013717 0.866248 0.118604 0.000931
2 2 0.000653 0.016463 0.871670 0.109886 0.001328
2 2 0.001075 0.023226 0.890908 0.083071 0.001721
2 2 0.001417 0.025603 0.880071 0.091222 0.001687
2 2 0.001466 0.026249 0.889297 0.081705 0.001284
2 2 0.000905 0.021315 0.908467 0.068461 0.000852
2 2 0.000562 0.018511 0.936139 0.044253 0.000535
2 2 0.001013 0.025256 0.928124 0.044680 0.000927
2 2 0.001408 0.029139 0.916501 0.051507 0.001445
2 2 0.002908 0.040637 0.890855 0.062811 0.002790
2 2 0.004137 0.043655 0.853200 0.095032 0.003976
2 2 0.006819 0.031620 0.575600 0.380540 0.005421
2 3 0.012067 0.040047 0.522067 0.416068 0.009750
2 3 0.002796 0.023144 0.678897 0.292532 0.002631
2 3 0.002385 0.021255 0.681750 0.292322 0.002289
2 3 0.001200 0.017028 0.764981 0.215460 0.001331
2 2 0.001055 0.018212 0.823386 0.156037 0.001310
2 2 0.000695 0.016619 0.875510 0.106231 0.000945
2 2 0.000650 0.015017 0.846167 0.137041 0.001125
2 2 0.000240 0.006869 0.729923 0.262315 0.000653
2 2 0.000168 0.006321 0.788982 0.204049 0.000480
2 2 0.000295 0.008396 0.773252 0.217263 0.000794
2 2 0.000522 0.011282 0.767041 0.220018 0.001137
2 2 0.000637 0.012537 0.770043 0.215594 0.001190
2 2 0.000887 0.015859 0.796081 0.185719 0.001452
2 2 0.001535 0.021575 0.797743 0.177026 0.002121
2 2 0.002583 0.027032 0.770853 0.196652 0.002881
2 2 0.013778 0.058879 0.689867 0.229034 0.008442
2 2 0.090465 0.165889 0.609940 0.108184 0.025522
2 2 0.211470 0.202187 0.421386 0.108539 0.056418
2 2 0.240522 0.223995 0.394381 0.073493 0.067609
2 2 0.032150 0.158855 0.760761 0.026530 0.021704
2 2 0.019334 0.107555 0.806167 0.053351 0.013594
2 2 0.004662 0.054419 0.888985 0.047941 0.003994
2 2 0.009938 0.091446 0.863176 0.027585 0.007855
2 2 0.005459 0.074545 0.897620 0.018458 0.003917
2 2 0.003293 0.055692 0.917723 0.020981 0.002312
2 2 0.000696 0.019475 0.919149 0.059889 0.000791
2 2 0.000502 0.017941 0.936392 0.044479 0.000686
2 2 0.001587 0.037829 0.936686 0.022463 0.001435
2 2 0.002001 0.038011 0.923304 0.035074 0.001610
2 2 0.001680 0.029041 0.898237 0.069664 0.001378
2 2 0.003603 0.043829 0.880774 0.068616 0.003178
2 2 0.003647 0.043579 0.876953 0.072478 0.003343
2 2 0.003722 0.043630 0.867504 0.081178 0.003967
2 2 0.001733 0.020988 0.744139 0.230298 0.002842
2 2 0.001102 0.012841 0.606222 0.377441 0.002394
2 2 0.001201 0.013969 0.626823 0.355445 0.002563
2 2 0.006630 0.035711 0.626735 0.322890 0.008034
2 2 0.014333 0.045871 0.544938 0.382786 0.012071
2 2 0.047381 0.091564 0.552124 0.282003 0.026928
2 2 0.085962 0.240098 0.595992 0.022161 0.055787
2 0 0.047796 0.162423 0.696896 0.053816 0.039068
2 0 0.060940 0.153494 0.654284 0.098870 0.032412
2 0 0.134557 0.193977 0.532947 0.100318 0.038201
2 0 0.325199 0.268154 0.339969 0.031446 0.035232
0 4 0.592003 0.223682 0.125027 0.010726 0.048562
0 4 0.770222 0.142400 0.033295 0.002022 0.052061
0 4 0.593915 0.245557 0.101774 0.003419 0.055335
0 1 0.377169 0.303296 0.260592 0.010510 0.048433
2 1 0.249824 0.317460 0.367900 0.011603 0.053213
2 4 0.082028 0.270387 0.612988 0.008874 0.025724
2 4 0.039895 0.229905 0.701688 0.006183 0.022329
2 4 0.003173 0.063435 0.918555 0.011912 0.002925
2 4 0.002625 0.055414 0.925516 0.013700 0.002745
2 4 0.003064 0.056928 0.920009 0.017135 0.002864
2 4 0.008110 0.085847 0.875508 0.024694 0.005840
2 4 0.033891 0.128845 0.750091 0.073169 0.014003
2 4 0.100190 0.181168 0.604742 0.092806 0.021093
2 0 0.263299 0.258814 0.391321 0.042408 0.044158
2 0 0.282541 0.305570 0.327446 0.014172 0.070271
2 0 0.005502 0.088009 0.890561 0.010556 0.005371
2 4 0.000881 0.026241 0.933288 0.038013 0.001577
2 4 0.000783 0.023764 0.933783 0.040502 0.001168
2 4 0.001152 0.029295 0.926270 0.041526 0.001757
2 4 0.001520 0.037672 0.935067 0.023965 0.001777
2 4 0.001013 0.026211 0.924163 0.047154 0.001460
2 2 0.001049 0.028671 0.932231 0.036524 0.001525
2 2 0.000701 0.023482 0.940135 0.034554 0.001128
2 2 0.002342 0.047442 0.924370 0.023231 0.002614
2 2 0.024047 0.156568 0.791595 0.015528 0.012261
2 2 0.108689 0.250905 0.584993 0.024039 0.031374
2 2 0.203208 0.286076 0.451454 0.021861 0.037401
2 0 0.216487 0.303731 0.413168 0.015647 0.050967
0 0 0.461998 0.295099 0.161554 0.004439 0.076910
0 1 0.483275 0.284894 0.156795 0.005076 0.069961
0 1 0.618073 0.201541 0.088785 0.007954 0.083647
0 1 0.514668 0.248108 0.121077 0.006047 0.110100
2 0 0.237329 0.275734 0.351279 0.023433 0.112225
2 0 0.183260 0.264617 0.425905 0.028597 0.097621
2 2 0.103001 0.244315 0.575426 0.025789 0.051470
2 2 0.008498 0.117679 0.859141 0.006629 0.008052
2 2 0.011747 0.133976 0.835939 0.007694 0.010645
2 2 0.005532 0.085446 0.890063 0.012644 0.006315
2 2 0.005980 0.071645 0.875301 0.038264 0.008810
2 2 0.051459 0.179361 0.692976 0.042834 0.033370
2 2 0.162205 0.263118 0.498779 0.030028 0.045870
0 2 0.340155 0.294550 0.283043 0.015127 0.067125
0 2 0.594736 0.235244 0.111362 0.005769 0.052888
0 2 0.835394 0.103314 0.023939 0.003322 0.034031
0 0 0.887281 0.072629 0.010094 0.001066 0.028930
0 0 0.824716 0.104778 0.021228 0.002296 0.046982
0 0 0.901706 0.063355 0.010136 0.002042 0.022761
0 0 0.918991 0.052662 0.008678 0.002811 0.016857
0 0 0.924613 0.051514 0.005946 0.000850 0.017077
0 0 0.916246 0.055628 0.007806 0.001521 0.018800
0 0 0.954925 0.032733 0.003079 0.000695 0.008569
0 0 0.966458 0.024257 0.002574 0.001445 0.005266
0 0 0.948180 0.036589 0.004123 0.001147 0.009961
0 1 0.938815 0.042426 0.005078 0.001200 0.012482
0 1 0.828987 0.106747 0.028028 0.004625 0.031614
4 4 0.102092 0.292871 0.208933 0.001826 0.394278
4 4 0.107368 0.303523 0.206848 0.001568 0.380693
4 4 0.140182 0.234739 0.112151 0.001454 0.511474
4 4 0.176757 0.188463 0.057293 0.000777 0.576710
4 4 0.246239 0.188555 0.039825 0.000447 0.524934
4 4 0.294514 0.205013 0.050288 0.000771 0.449414
4 4 0.348179 0.218470 0.056944 0.000960 0.375448
4 4 0.288487 0.218504 0.063580 0.001033 0.428396
4 4 0.314661 0.241691 0.088764 0.001800 0.353085
1 4 0.242354 0.311997 0.161919 0.001902 0.281827
1 4 0.229776 0.291453 0.230224 0.007107 0.241440
4 4 0.195327 0.274413 0.171820 0.003654 0.354787
4 4 0.163063 0.298473 0.172086 0.001822 0.364556
4 4 0.208416 0.271523 0.111513 0.001139 0.407409
4 4 0.216636 0.245338 0.099613 0.001458 0.436954
4 4 0.267557 0.236417 0.090118 0.001816 0.404092
4 4 0.285849 0.222286 0.078295 0.001809 0.411761
4 4 0.334950 0.227213 0.081155 0.002293 0.354389
0 4 0.439654 0.216624 0.059381 0.001497 0.282844
4 4 0.303122 0.223854 0.064899 0.001004 0.407121
1 4 0.252975 0.315763 0.165340 0.001974 0.263948
0 4 0.413759 0.236029 0.083127 0.002364 0.264720
1 4 0.297717 0.316442 0.168204 0.002509 0.215127
4 4 0.293415 0.286433 0.112472 0.001378 0.306301
1 4 0.248867 0.325543 0.182598 0.002161 0.240831
1 4 0.196411 0.331311 0.229473 0.002763 0.240041
4 4 0.159738 0.289779 0.247478 0.005768 0.297237
2 4 0.117722 0.317965 0.321927 0.004316 0.238069
4 4 0.133244 0.292299 0.249809 0.004445 0.320203
2 4 0.125036 0.292893 0.300010 0.006411 0.275651
4 4 0.179749 0.265407 0.184759 0.004874 0.365211
4 4 0.165746 0.274303 0.184873 0.003664 0.371414
4 4 0.176201 0.269025 0.131566 0.001598 0.421610
4 4 0.191882 0.232950 0.095811 0.001446 0.477911
4 4 0.160475 0.299395 0.168585 0.001650 0.369895
1 4 0.114715 0.342248 0.278994 0.001932 0.262111
2 4 0.063302 0.347111 0.424914 0.001769 0.162905
2 4 0.052491 0.346510 0.463287 0.001483 0.136228
2 4 0.060854 0.354685 0.443126 0.001503 0.139832
2 4 0.023833 0.261111 0.679783 0.001685 0.033588
1 4 0.252696 0.359176 0.330035 0.004274 0.053818
1 4 0.237070 0.384977 0.312431 0.002296 0.063226
0 2 0.457177 0.293408 0.159862 0.004521 0.085032
0 2 0.636850 0.200780 0.074911 0.004744 0.082715
0 2 0.690288 0.160196 0.044028 0.003167 0.102320
0 2 0.615260 0.195410 0.058316 0.002594 0.128420
0 2 0.507894 0.260028 0.115645 0.003946 0.112487
0 2 0.369565 0.318903 0.201663 0.004560 0.105308
2 2 0.094670 0.305018 0.541141 0.006329 0.052842
2 2 0.041510 0.256953 0.675112 0.003569 0.022857
2 2 0.007056 0.113818 0.868010 0.005067 0.006049
2 2 0.005832 0.097430 0.885217 0.006313 0.005207
2 2 0.006795 0.101165 0.878462 0.007971 0.005607
2 2 0.010202 0.123105 0.854783 0.006762 0.005147
2 2 0.003424 0.057758 0.916132 0.020047 0.002639
2 2 0.002530 0.048978 0.925252 0.021096 0.002144
2 2 0.008681 0.107564 0.869077 0.009401 0.005277
2 2 0.014799 0.152057 0.820101 0.005573 0.007469
2 3 0.031283 0.174753 0.764427 0.014076 0.015461
2 3 0.048629 0.191722 0.709254 0.022412 0.027983
2 3 0.027206 0.160818 0.782945 0.016128 0.012904
2 2 0.031433 0.174392 0.771152 0.013601 0.009422
2 2 0.106877 0.253491 0.599517 0.019779 0.020336
2 2 0.184929 0.298735 0.469997 0.014937 0.031402
2 2 0.237311 0.314149 0.392003 0.012470 0.044068
2 2 0.151472 0.331998 0.468976 0.006229 0.041326
2 2 0.151497 0.347188 0.450243 0.004523 0.046548
2 2 0.045771 0.268659 0.657190 0.003343 0.025037
2 2 0.007446 0.114536 0.865782 0.005472 0.006764
2 2 0.002766 0.068063 0.919440 0.006717 0.003013
2 2 0.000907 0.038253 0.952398 0.007301 0.001141
2 2 0.000301 0.021298 0.970046 0.007897 0.000458
2 2 0.000131 0.013648 0.978181 0.007796 0.000245
2 2 0.000161 0.015180 0.976398 0.007973 0.000288
2 2 0.000182 0.017023 0.976185 0.006324 0.000287
2 2 0.000154 0.014561 0.976231 0.008763 0.000291
2 2 0.000100 0.010870 0.977349 0.011447 0.000234
2 2 0.000260 0.017594 0.968282 0.013354 0.000509
2 2 0.000818 0.031871 0.951881 0.014181 0.001249
2 2 0.000484 0.020099 0.948626 0.029906 0.000885
2 2 0.000149 0.005887 0.754637 0.238472 0.000855
2 2 0.000203 0.006801 0.745123 0.246868 0.001005
2 2 0.000122 0.003852 0.572833 0.422344 0.000848
2 2 0.000250 0.005952 0.607200 0.385366 0.001233
2 2 0.000244 0.005134 0.534363 0.459113 0.001147
2 2 0.000381 0.006163 0.496202 0.495471 0.001784
2 2 0.000903 0.011770 0.606850 0.377891 0.002586
3 2 0.000375 0.005789 0.470109 0.522045 0.001682
2 2 0.000631 0.008797 0.548737 0.439654 0.002182
3 2 0.000756 0.008743 0.488574 0.499259 0.002668
3 2 0.000960 0.008746 0.421376 0.565665 0.003253
3 2 0.001682 0.010933 0.386407 0.596491 0.004486
3 2 0.001278 0.008008 0.318742 0.668443 0.003529
3 3 0.001342 0.008081 0.310730 0.676073 0.003774
3 3 0.001893 0.008928 0.281681 0.703144 0.004354
3 3 0.001847 0.007294 0.221254 0.765495 0.004110
3 3 0.004112 0.009631 0.178114 0.800489 0.007654
3 3 0.007548 0.011907 0.155822 0.815218 0.009505
3 3 0.010137 0.013075 0.140748 0.823502 0.012538
3 3 0.010701 0.014429 0.152929 0.807732 0.014209
3 3 0.002729 0.004697 0.091462 0.896281 0.004831
3 3 0.003350 0.005421 0.096019 0.889743 0.005468
3 3 0.005370 0.007115 0.100026 0.880834 0.006655
3 3 0.003749 0.005098 0.083191 0.903231 0.004731
3 3 0.001401 0.002696 0.069945 0.923132 0.002825
3 3 0.001093 0.002425 0.071577 0.922209 0.002695
3 3 0.001281 0.002907 0.081062 0.911450 0.003300
3 3 0.001554 0.002874 0.070986 0.921617 0.002969
3 3 0.001477 0.002578 0.064077 0.929292 0.002577
3 3 0.001734 0.002988 0.069588 0.922695 0.002995
3 3 0.003710 0.004780 0.077407 0.909790 0.004312
3 3 0.003352 0.004228 0.070912 0.917757 0.003750
3 3 0.003535 0.003982 0.063766 0.925374 0.003343
3 3 0.003774 0.004187 0.065127 0.923412 0.003501
3 3 0.003518 0.004096 0.066215 0.922674 0.003497
3 3 0.004866 0.005345 0.075078 0.910198 0.004512
3 3 0.004511 0.005008 0.072647 0.913602 0.004232
3 3 0.004481 0.005434 0.080604 0.904676 0.004805
3 3 0.007096 0.007865 0.095235 0.882984 0.006821
3 3 0.006388 0.007395 0.094263 0.885437 0.006518
3 3 0.007149 0.007283 0.086371 0.893147 0.006049
3 3 0.005307 0.004970 0.065106 0.920732 0.003885
3 3 0.003513 0.003574 0.056034 0.934032 0.002847
3 3 0.003158 0.003206 0.052362 0.938739 0.002536
3 3 0.002518 0.002749 0.049826 0.942680 0.002227
3 3 0.003728 0.003645 0.055319 0.934455 0.002854
3 3 0.002719 0.002703 0.046514 0.945968 0.002096
3 3 0.002654 0.002452 0.041845 0.951220 0.001829
3 3 0.007196 0.005704 0.063833 0.919103 0.004165
3 3 0.009916 0.007034 0.067665 0.910442 0.004943
3 3 0.018805 0.011103 0.079409 0.883311 0.007372
3 3 0.020550 0.011522 0.079020 0.881425 0.007482
3 3 0.020548 0.012103 0.084194 0.875098 0.008057
3 3 0.013794 0.010580 0.090687 0.877045 0.007893
3 3 0.010842 0.008948 0.085848 0.887529 0.006833
3 3 0.007178 0.006911 0.080845 0.899489 0.005577
3 3 0.003710 0.003654 0.055653 0.934113 0.002870
3 3 0.002373 0.002745 0.051593 0.941006 0.002282
3 3 0.002894 0.003478 0.061098 0.929546 0.002984
3 3 0.004480 0.004633 0.066326 0.920786 0.003774
3 3 0.002607 0.002925 0.052656 0.939403 0.002408
3 3 0.004526 0.003902 0.053349 0.935326 0.002897
3 3 0.008161 0.006673 0.071562 0.908617 0.004987
3 3 0.011799 0.008553 0.077141 0.896368 0.006140
3 3 0.023004 0.015105 0.103103 0.848089 0.010700
3 3 0.058246 0.034771 0.160903 0.721339 0.024741
3 3 0.079026 0.044110 0.177287 0.668701 0.030876
3 3 0.022926 0.018250 0.130081 0.814469 0.014273
3 3 0.009829 0.009427 0.097111 0.875897 0.007735
3 3 0.008383 0.007708 0.083919 0.893860 0.006130
3 3 0.011812 0.009416 0.086640 0.885031 0.007100
3 3 0.008302 0.006927 0.074119 0.905415 0.005237
3 3 0.004499 0.003867 0.052960 0.935808 0.002865
3 3 0.003829 0.003608 0.053731 0.936056 0.002776
3 3 0.004298 0.004141 0.059274 0.929043 0.003244
3 3 0.006105 0.005391 0.065945 0.918438 0.004121
3 3 0.006650 0.005622 0.065849 0.917655 0.004224
3 3 0.007667 0.006258 0.068769 0.912649 0.004656
3 3 0.016419 0.010515 0.080843 0.885002 0.007221
3 3 0.049166 0.023353 0.108034 0.804769 0.014677
3 3 0.003484 0.018560 0.443656 0.525781 0.008518
3 3 0.001052 0.008537 0.381180 0.605301 0.003930
3 2 0.000752 0.007820 0.415929 0.571647 0.003852
2 2 0.001616 0.014522 0.518710 0.458425 0.006726
2 2 0.001572 0.014345 0.526372 0.451836 0.005875
2 2 0.001680 0.020223 0.693097 0.278753 0.006247
2 2 0.002642 0.035970 0.839972 0.114377 0.007040
2 2 0.008247 0.077249 0.844653 0.057510 0.012341
2 2 0.005551 0.088170 0.874070 0.020381 0.011828
2 2 0.003430 0.068949 0.898658 0.020686 0.008277
2 2 0.002817 0.070061 0.909290 0.011341 0.006490
2 2 0.006297 0.109338 0.870434 0.006407 0.007524
2 2 0.008159 0.108453 0.865529 0.010253 0.007605
2 2 0.007286 0.102720 0.872836 0.010260 0.006898
2 2 0.011030 0.120306 0.845536 0.013273 0.009855
2 2 0.011185 0.125901 0.842736 0.010543 0.009635
2 2 0.008348 0.110314 0.863698 0.010269 0.007372
2 4 0.060345 0.242273 0.604211 0.016371 0.076799
2 4 0.054761 0.255079 0.563452 0.011960 0.114747
2 4 0.044996 0.257286 0.479676 0.007962 0.210080
2 4 0.082097 0.351528 0.466483 0.002303 0.097589
2 4 0.102248 0.345020 0.463450 0.003239 0.086042
2 4 0.044732 0.280729 0.627614 0.003332 0.043593
2 4 0.043046 0.264133 0.640992 0.004813 0.047015
2 4 0.022365 0.246079 0.687566 0.002510 0.041480
2 4 0.011680 0.202796 0.737997 0.002862 0.044665
2 4 0.008579 0.168729 0.789010 0.003705 0.029977
2 4 0.003154 0.081383 0.886490 0.013437 0.015536
2 4 0.004657 0.103029 0.860607 0.011222 0.020484
2 4 0.004079 0.094353 0.872432 0.012101 0.017035
2 4 0.004085 0.094002 0.875470 0.011501 0.014942
2 4 0.002625 0.071291 0.907968 0.011187 0.006929
2 4 0.003384 0.078841 0.902784 0.009289 0.005703
2 4 0.013298 0.136665 0.826219 0.011162 0.012656
2 4 0.033200 0.204568 0.727047 0.009778 0.025407
2 2 0.035564 0.206667 0.723348 0.009995 0.024426
2 2 0.042662 0.196100 0.719368 0.017489 0.024381
2 2 0.044756 0.201374 0.718804 0.014929 0.020137
2 2 0.067190 0.252730 0.647831 0.008817 0.023432
2 2 0.029844 0.191694 0.757430 0.007429 0.013603
2 2 0.003242 0.060090 0.921731 0.013046 0.001892
2 2 0.016624 0.134184 0.831378 0.011992 0.005822
2 2 0.097014 0.295664 0.578638 0.006539 0.022145
2 2 0.073317 0.261686 0.624142 0.009518 0.031337
2 2 0.134938 0.335363 0.471199 0.005245 0.053255
2 2 0.136819 0.315216 0.477259 0.008447 0.062259
2 2 0.035690 0.219919 0.726202 0.005243 0.012946
2 2 0.002634 0.043529 0.908323 0.042733 0.002781
2 2 0.000150 0.011675 0.966109 0.021693 0.000374
2 2 0.000331 0.019740 0.966088 0.013323 0.000518
2 2 0.000156 0.013057 0.972832 0.013673 0.000282
2 2 0.000132 0.011584 0.974183 0.013911 0.000190
2 2 0.000070 0.007639 0.972192 0.019957 0.000142
2 2 0.000149 0.012007 0.970488 0.017090 0.000266
2 2 0.000266 0.015658 0.963130 0.020527 0.000419
2 2 0.000217 0.012746 0.955715 0.030917 0.000404
2 2 0.000247 0.012464 0.944067 0.042791 0.000432
2 2 0.000274 0.011997 0.923835 0.063342 0.000552
2 2 0.001273 0.030768 0.929485 0.037164 0.001310
2 2 0.001080 0.026757 0.928775 0.042432 0.000957
2 2 0.101237 0.270260 0.555778 0.014360 0.058366
2 2 0.053372 0.217494 0.691065 0.013153 0.024916
2 2 0.038643 0.187474 0.714522 0.019579 0.039782
2 2 0.004195 0.073567 0.903704 0.013349 0.005184
2 2 0.001659 0.039721 0.927603 0.028108 0.002910
2 2 0.000565 0.019570 0.933525 0.045313 0.001027
2 2 0.000521 0.020727 0.948971 0.029001 0.000780
2 2 0.000532 0.023807 0.958142 0.016793 0.000727
2 2 0.000582 0.025981 0.958866 0.013863 0.000708
2 2 0.000574 0.024868 0.955723 0.017936 0.000898
2 2 0.000463 0.023059 0.960856 0.014922 0.000699
2 2 0.000772 0.025954 0.942928 0.029095 0.001250
2 2 0.000332 0.016434 0.951170 0.031295 0.000769
2 2 0.000372 0.017298 0.947292 0.034077 0.000962
2 2 0.000337 0.014214 0.923547 0.060823 0.001079
2 2 0.000249 0.011240 0.910668 0.077013 0.000830
2 2 0.000353 0.012908 0.898158 0.087605 0.000976
2 2 0.000272 0.010862 0.888358 0.099638 0.000869
2 2 0.000257 0.011006 0.902843 0.085112 0.000782
2 2 0.000655 0.017166 0.874853 0.105542 0.001784
2 2 0.315356 0.264582 0.345575 0.035179 0.039309
0 2 0.467788 0.245770 0.220161 0.025913 0.040368
2 2 0.250500 0.271628 0.389019 0.032953 0.055900
2 0 0.248625 0.271262 0.392957 0.033228 0.053927
2 0 0.160626 0.264975 0.517664 0.026930 0.029805
2 0 0.074227 0.216235 0.658334 0.025993 0.025211
2 2 0.002940 0.034893 0.849713 0.109135 0.003318
2 2 0.000441 0.012063 0.841099 0.145455 0.000943
2 2 0.000492 0.013681 0.861458 0.123237 0.001133
2 2 0.000589 0.014842 0.854201 0.129062 0.001306
2 2 0.000706 0.015773 0.842809 0.139362 0.001350
2 2 0.000497 0.014138 0.877997 0.106467 0.000901
2 2 0.000641 0.017255 0.899569 0.081661 0.000874
2 2 0.000521 0.015070 0.896009 0.087678 0.000722
2 2 0.029387 0.113678 0.752815 0.089528 0.014592
2 2 0.118026 0.202657 0.571247 0.072775 0.035295
2 2 0.076978 0.183446 0.634588 0.066577 0.038411
2 2 0.044906 0.147290 0.697064 0.073791 0.036948
2 2 0.020634 0.097773 0.769008 0.094679 0.017906
2 2 0.025683 0.111745 0.753671 0.086152 0.022749
0 2 0.471449 0.243169 0.181769 0.020186 0.083426
0 2 0.429507 0.252489 0.223698 0.025460 0.068846
2 0 0.253858 0.313300 0.369762 0.012767 0.050314
2 0 0.116119 0.287205 0.548398 0.011789 0.036488
2 2 0.052225 0.236088 0.690282 0.007623 0.013782
2 2 0.053242 0.240894 0.682179 0.007246 0.016438
2 4 0.032364 0.217553 0.733168 0.004536 0.012379
2 4 0.026892 0.217856 0.738613 0.003231 0.013408
2 4 0.011054 0.147795 0.832701 0.002887 0.005563
2 4 0.008693 0.103907 0.869926 0.011123 0.006352
2 4 0.002209 0.051666 0.931240 0.012698 0.002186
2 2 0.001480 0.035801 0.931173 0.029327 0.002219
2 2 0.000807 0.021419 0.905496 0.070498 0.001780
2 2 0.000800 0.018933 0.874045 0.104407 0.001815
2 2 0.002925 0.036977 0.855390 0.101147 0.003561
2 2 0.012976 0.069190 0.762133 0.146239 0.009462
2 2 0.084746 0.187078 0.643269 0.066112 0.018795
2 2 0.177428 0.240201 0.492754 0.053782 0.035834
2 2 0.250279 0.317490 0.375011 0.011565 0.045655
1 4 0.291503 0.344486 0.295770 0.005369 0.062872
2 4 0.002769 0.060487 0.921006 0.011921 0.003818
2 4 0.001883 0.048258 0.933189 0.014136 0.002534
2 4 0.000711 0.023969 0.939177 0.034805 0.001338
2 4 0.000345 0.015006 0.938619 0.045326 0.000704
2 4 0.000191 0.009878 0.919761 0.069605 0.000564
2 2 0.000261 0.012052 0.927121 0.059937 0.000629
2 2 0.000276 0.013458 0.945448 0.040345 0.000474
2 2 0.000307 0.015222 0.954681 0.029379 0.000411
2 2 0.001891 0.037086 0.921734 0.037846 0.001443
2 2 0.038725 0.160961 0.756379 0.032740 0.011195
2 2 0.165544 0.276035 0.507857 0.022100 0.028463
2 2 0.296634 0.323389 0.327242 0.009281 0.043454
2 2 0.240422 0.343264 0.369600 0.006289 0.040426
2 2 0.255570 0.329922 0.357017 0.008614 0.048877
2 2 0.072544 0.274904 0.622130 0.005638 0.024784
2 2 0.040024 0.229652 0.706050 0.005225 0.019048
2 2 0.016295 0.153942 0.814566 0.006221 0.008975
2 2 0.002530 0.056953 0.928057 0.010471 0.001989
2 2 0.000489 0.021270 0.958168 0.019538 0.000535
2 2 0.000433 0.018875 0.954611 0.025577 0.000503
2 2 0.006991 0.091268 0.888246 0.010574 0.002921
2 2 0.011279 0.114936 0.859643 0.010328 0.003813
2 2 0.043702 0.215712 0.720987 0.007928 0.011671
2 2 0.105069 0.274624 0.586838 0.011304 0.022165
2 2 0.285425 0.317279 0.344648 0.011057 0.041591
1 2 0.329613 0.342780 0.285806 0.004962 0.036838
2 2 0.163751 0.337654 0.457693 0.005759 0.035143
2 2 0.113895 0.343077 0.474188 0.003595 0.065245
2 2 0.060070 0.303334 0.596286 0.002807 0.037503
2 2 0.022915 0.164783 0.777816 0.013124 0.021361
2 2 0.004096 0.058729 0.891561 0.038778 0.006836
2 2 0.010343 0.091637 0.840670 0.043650 0.013700
2 2 0.070591 0.206650 0.651506 0.036378 0.034875
2 0 0.239658 0.276375 0.403605 0.029312 0.051050
0 0 0.403446 0.293691 0.231994 0.010674 0.060196
0 0 0.613169 0.223064 0.096386 0.005305 0.062076
