0 0 0.932900 0.035343 0.009931 0.000631 0.021195
0 0 0.908846 0.046453 0.014982 0.001291 0.028429
0 0 0.839344 0.075796 0.031766 0.004880 0.048214
0 0 0.768777 0.102001 0.051031 0.011592 0.066599
0 0 0.792746 0.093481 0.044298 0.008926 0.060550
0 0 0.817186 0.084393 0.037623 0.006625 0.054173
0 0 0.904024 0.048614 0.016050 0.001456 0.029855
0 0 0.901858 0.049579 0.016536 0.001534 0.030493
0 0 0.887492 0.055876 0.019836 0.002112 0.034683
0 0 0.874060 0.061611 0.023039 0.002752 0.038538
0 0 0.857445 0.069535 0.024086 0.002707 0.046227
0 0 0.903132 0.049012 0.016250 0.001488 0.030118
0 0 0.907902 0.046877 0.015190 0.001322 0.028709
0 0 0.923538 0.039733 0.011838 0.000856 0.024034
0 1 0.888169 0.055217 0.020207 0.002185 0.034222
0 1 0.766243 0.090225 0.066624 0.018949 0.057960
0 1 0.507316 0.110820 0.174214 0.134052 0.073599
3 1 0.188222 0.085076 0.230449 0.437121 0.059131
3 1 0.075414 0.049075 0.196776 0.643916 0.034819
3 1 0.031835 0.026643 0.151787 0.770590 0.019146
3 1 0.007927 0.007621 0.090307 0.888684 0.005461
3 2 0.004008 0.003996 0.068503 0.920641 0.002852
3 2 0.006930 0.006711 0.085578 0.895977 0.004805
3 2 0.009124 0.008705 0.095493 0.880435 0.006243
3 2 0.010979 0.012776 0.142481 0.826030 0.007734
3 2 0.013423 0.020908 0.241167 0.714627 0.009876
3 2 0.014506 0.019122 0.225531 0.731418 0.009423
3 2 0.013785 0.015275 0.179363 0.783153 0.008425
3 2 0.008704 0.009078 0.113765 0.862586 0.005866
3 2 0.006580 0.006389 0.083812 0.898647 0.004573
3 2 0.006725 0.006522 0.084551 0.897533 0.004669
3 2 0.004041 0.004027 0.068735 0.920322 0.002874
3 2 0.005788 0.005524 0.079472 0.905274 0.003942
3 2 0.005486 0.005303 0.077808 0.907617 0.003786
3 2 0.006278 0.005727 0.081928 0.901995 0.004073
3 2 0.004930 0.004818 0.074519 0.912292 0.003440
3 2 0.003530 0.003543 0.065016 0.925384 0.002527
3 2 0.003044 0.003080 0.061157 0.930524 0.002194
3 3 0.002549 0.002603 0.056810 0.936185 0.001853
3 3 0.001788 0.001859 0.048984 0.946048 0.001321
3 3 0.003062 0.003097 0.061306 0.930328 0.002207
3 3 0.002051 0.002119 0.051889 0.942435 0.001506
3 3 0.001997 0.002065 0.051305 0.943165 0.001468
3 3 0.002020 0.002088 0.051559 0.942848 0.001484
3 3 0.001289 0.001364 0.042693 0.953686 0.000967
3 3 0.001018 0.001090 0.038632 0.958489 0.000772
3 3 0.000858 0.000927 0.035943 0.961615 0.000656
3 3 0.000896 0.000966 0.036602 0.960853 0.000683
3 3 0.000931 0.001001 0.037195 0.960164 0.000709
3 3 0.000925 0.000995 0.037096 0.960280 0.000704
3 3 0.000923 0.000994 0.037066 0.960314 0.000703
3 3 0.001033 0.001106 0.038880 0.958198 0.000783
3 3 0.000752 0.000818 0.033985 0.963866 0.000578
3 3 0.000580 0.000639 0.030418 0.967912 0.000451
3 3 0.000731 0.000796 0.033574 0.964336 0.000563
3 3 0.000945 0.001016 0.037445 0.959874 0.000719
3 3 0.001305 0.001380 0.042911 0.953426 0.000978
3 3 0.000942 0.001013 0.037382 0.959947 0.000717
3 3 0.001098 0.001171 0.039889 0.957013 0.000830
3 3 0.001393 0.001467 0.044102 0.951997 0.001041
3 3 0.001551 0.001625 0.046144 0.949527 0.001153
3 3 0.001255 0.001330 0.042215 0.954257 0.000943
3 3 0.001359 0.001434 0.043652 0.952538 0.001017
3 3 0.001105 0.001179 0.040002 0.956880 0.000835
3 3 0.000843 0.000912 0.035666 0.961935 0.000645
3 3 0.000802 0.000870 0.034930 0.962783 0.000615
3 3 0.000882 0.000952 0.036367 0.961125 0.000674
3 3 0.001114 0.001187 0.040133 0.956725 0.000841
3 3 0.001092 0.001165 0.039804 0.957113 0.000826
3 3 0.000878 0.000947 0.036284 0.961221 0.000670
3 3 0.001118 0.001192 0.040204 0.956641 0.000844
3 3 0.000842 0.000911 0.035652 0.961951 0.000644
3 3 0.001033 0.001105 0.038876 0.958203 0.000783
3 3 0.001059 0.001132 0.039290 0.957717 0.000802
3 3 0.001795 0.001867 0.049070 0.945941 0.001326
3 3 0.001735 0.001808 0.048375 0.946798 0.001284
3 3 0.001891 0.001961 0.050151 0.944603 0.001394
3 3 0.001498 0.001573 0.045478 0.950336 0.001116
3 3 0.001462 0.001536 0.045010 0.950902 0.001090
3 3 0.001024 0.001097 0.038737 0.958366 0.000777
3 3 0.001082 0.001155 0.039642 0.957304 0.000818
3 3 0.000778 0.000845 0.034484 0.963295 0.000598
3 3 0.000688 0.000752 0.032722 0.965307 0.000531
3 3 0.000747 0.000813 0.033877 0.963990 0.000574
3 3 0.000991 0.001063 0.038201 0.958992 0.000753
3 3 0.000580 0.000640 0.030431 0.967897 0.000452
3 3 0.000671 0.000735 0.032379 0.965697 0.000519
3 3 0.000592 0.000652 0.030689 0.967607 0.000460
3 3 0.000448 0.000500 0.027248 0.971452 0.000353
3 3 0.000697 0.000762 0.032907 0.965096 0.000538
3 3 0.000517 0.000574 0.028973 0.969531 0.000405
3 3 0.000848 0.000916 0.035751 0.961837 0.000648
3 3 0.000756 0.000822 0.034050 0.963791 0.000581
3 3 0.000956 0.001027 0.037617 0.959674 0.000727
3 3 0.000683 0.000747 0.032615 0.965428 0.000527
3 3 0.000881 0.000951 0.036348 0.961147 0.000673
3 3 0.000860 0.000929 0.035972 0.961582 0.000657
3 3 0.001046 0.001118 0.039078 0.957966 0.000792
3 3 0.001568 0.001642 0.046359 0.949266 0.001166
3 3 0.002032 0.002099 0.051682 0.942694 0.001492
3 3 0.000935 0.001006 0.037274 0.960073 0.000712
3 3 0.000540 0.000598 0.029514 0.968927 0.000422
3 3 0.000497 0.000552 0.028478 0.970084 0.000389
3 3 0.000504 0.000560 0.028665 0.969876 0.000395
3 3 0.000646 0.000708 0.031850 0.966296 0.000500
3 3 0.000435 0.000487 0.026920 0.971814 0.000343
3 3 0.000438 0.000490 0.027002 0.971724 0.000346
3 3 0.000601 0.000661 0.030887 0.967384 0.000467
3 3 0.001076 0.001149 0.039547 0.957415 0.000814
3 3 0.001714 0.001787 0.048127 0.947104 0.001269
3 3 0.002888 0.002930 0.059836 0.932260 0.002087
3 3 0.006740 0.006537 0.084628 0.897416 0.004679
3 3 0.006646 0.006382 0.084099 0.898309 0.004564
3 3 0.004095 0.007747 0.189922 0.794961 0.003274
3 3 0.005793 0.010754 0.216040 0.762861 0.004552
3 3 0.008581 0.011474 0.162862 0.810951 0.006132
3 3 0.006279 0.006213 0.084435 0.898686 0.004387
3 3 0.003052 0.003086 0.061216 0.930447 0.002199
3 3 0.003147 0.003178 0.062003 0.929408 0.002265
3 2 0.002735 0.002782 0.058496 0.934006 0.001981
3 2 0.020122 0.020959 0.158245 0.786932 0.013742
3 2 0.056003 0.064464 0.273138 0.569724 0.036671
3 2 0.059270 0.085985 0.365958 0.439878 0.048910
2 2 0.070521 0.120922 0.485938 0.245538 0.077080
2 2 0.080160 0.144467 0.488136 0.163073 0.124164
2 2 0.217736 0.175516 0.328161 0.156912 0.121675
2 1 0.177958 0.123276 0.322317 0.309713 0.066736
2 1 0.273986 0.163357 0.285909 0.174072 0.102676
0 1 0.377023 0.227205 0.170010 0.047768 0.177994
0 1 0.399035 0.202166 0.201033 0.076557 0.121210
2 1 0.218153 0.265728 0.310620 0.034763 0.170736
1 1 0.237448 0.269374 0.249683 0.012866 0.230629
4 1 0.129647 0.213630 0.244217 0.001779 0.410726
4 1 0.142090 0.208463 0.144738 0.001423 0.503286
4 1 0.149926 0.201370 0.190688 0.005083 0.452934
4 1 0.116594 0.181056 0.141911 0.003000 0.557439
4 1 0.136595 0.239283 0.211908 0.006068 0.406146
4 4 0.080917 0.113550 0.078149 0.002243 0.725142
4 4 0.106790 0.132914 0.096260 0.004143 0.659893
4 4 0.059656 0.097090 0.065212 0.001367 0.776675
4 4 0.069380 0.195994 0.143121 0.001407 0.590099
4 4 0.141422 0.237236 0.128466 0.001553 0.491322
4 4 0.106482 0.220564 0.137859 0.002165 0.532931
4 4 0.162469 0.204687 0.088444 0.003047 0.541354
4 4 0.035334 0.123955 0.136496 0.005683 0.698532
4 4 0.015260 0.061491 0.075736 0.001922 0.845591
4 4 0.031330 0.072317 0.061528 0.001045 0.833780
4 4 0.049704 0.104776 0.154806 0.010631 0.680083
4 4 0.099015 0.137819 0.162743 0.014721 0.585703
4 4 0.159417 0.170477 0.214269 0.046862 0.408975
4 4 0.108135 0.140954 0.104331 0.005558 0.641021
4 4 0.131829 0.151739 0.120488 0.005373 0.590571
4 4 0.092468 0.156428 0.160816 0.004963 0.585325
4 4 0.095881 0.120864 0.081245 0.001519 0.700491
4 4 0.058382 0.088553 0.047277 0.000621 0.805167
4 4 0.088358 0.137532 0.085489 0.003874 0.684746
2 4 0.138476 0.152769 0.281041 0.199908 0.227807
4 4 0.126698 0.164960 0.269960 0.163149 0.275233
2 4 0.118161 0.165662 0.320768 0.200427 0.194983
2 4 0.203639 0.190010 0.302380 0.180081 0.123890
2 4 0.100570 0.230536 0.483303 0.100321 0.085270
2 2 0.087047 0.174528 0.539151 0.142131 0.057143
2 2 0.096467 0.140809 0.498045 0.214224 0.050455
2 2 0.104265 0.144683 0.521681 0.179670 0.049700
2 2 0.092315 0.133793 0.606651 0.130720 0.036521
2 2 0.127586 0.158679 0.585101 0.087052 0.041581
2 2 0.174353 0.145400 0.509691 0.123542 0.047014
2 2 0.114328 0.117322 0.507723 0.209859 0.050768
2 2 0.095848 0.091955 0.446074 0.320564 0.045559
3 2 0.055768 0.064528 0.398327 0.452313 0.029064
2 2 0.083384 0.090633 0.417268 0.369514 0.039202
2 2 0.041898 0.074562 0.473179 0.367249 0.043112
2 2 0.081187 0.117830 0.483477 0.260100 0.057406
2 2 0.064821 0.083636 0.413269 0.393492 0.044782
2 2 0.075934 0.083949 0.405338 0.397846 0.036933
2 2 0.091415 0.093405 0.423630 0.351485 0.040066
2 2 0.124244 0.120190 0.420084 0.283391 0.052091
2 2 0.119429 0.116050 0.448628 0.268638 0.047255
2 2 0.074827 0.111472 0.546825 0.230445 0.036431
2 2 0.075131 0.102138 0.537611 0.250918 0.034202
3 2 0.038620 0.061295 0.412263 0.463128 0.024694
2 2 0.076015 0.107502 0.501525 0.276119 0.038839
2 2 0.044348 0.089977 0.508198 0.326443 0.031034
2 2 0.059269 0.092810 0.476465 0.336601 0.034854
3 2 0.025818 0.041778 0.361822 0.553294 0.017288
3 2 0.038416 0.058383 0.389485 0.489203 0.024512
3 2 0.035567 0.050186 0.375349 0.517651 0.021248
3 2 0.024527 0.037573 0.368317 0.554488 0.015095
3 2 0.013688 0.022091 0.288871 0.666024 0.009325
3 2 0.018300 0.035649 0.444997 0.489169 0.011885
2 2 0.051912 0.065566 0.514042 0.346110 0.022370
2 2 0.096482 0.106495 0.587009 0.178272 0.031741
2 2 0.066257 0.078892 0.502253 0.324366 0.028231
2 2 0.110429 0.100374 0.426248 0.319862 0.043086
3 2 0.043717 0.063384 0.395853 0.470281 0.026764
3 2 0.025672 0.037385 0.284818 0.633980 0.018146
3 2 0.033967 0.053811 0.376290 0.513162 0.022771
3 2 0.012049 0.025860 0.358194 0.594496 0.009400
2 2 0.039005 0.059118 0.493283 0.388240 0.020353
2 2 0.046885 0.063454 0.511015 0.357084 0.021562
3 2 0.024100 0.033944 0.267426 0.657625 0.016906
3 2 0.009372 0.011368 0.141164 0.831402 0.006694
3 2 0.006518 0.007365 0.106302 0.875155 0.004660
3 2 0.010891 0.011281 0.118362 0.851952 0.007514
3 2 0.010463 0.010663 0.113211 0.858455 0.007208
3 2 0.032323 0.023096 0.151804 0.776421 0.016355
3 2 0.048380 0.030144 0.172976 0.727324 0.021177
3 2 0.035586 0.026991 0.157197 0.760983 0.019243
3 2 0.013036 0.012279 0.111035 0.854878 0.008772
3 2 0.029682 0.024647 0.164041 0.765023 0.016607
3 2 0.050595 0.055211 0.286008 0.578429 0.029757
3 2 0.039002 0.047189 0.314819 0.576149 0.022842
3 2 0.013611 0.020492 0.230983 0.724963 0.009950
3 2 0.013200 0.020605 0.240204 0.716268 0.009723
3 2 0.014176 0.021554 0.238370 0.715537 0.010363
3 2 0.011303 0.017471 0.221563 0.741297 0.008366
3 2 0.014206 0.018923 0.196567 0.760158 0.010146
3 2 0.009342 0.011502 0.144260 0.828205 0.006691
3 2 0.009565 0.011194 0.134806 0.837653 0.006782
3 2 0.018610 0.015565 0.125063 0.829649 0.011114
3 2 0.019293 0.028213 0.256140 0.682530 0.013823
3 2 0.017619 0.024457 0.229050 0.716313 0.012560
3 2 0.019102 0.027526 0.261210 0.678903 0.013259
3 2 0.011772 0.019936 0.261778 0.697782 0.008733
3 2 0.028182 0.034634 0.315213 0.606275 0.015695
3 2 0.020709 0.024933 0.246086 0.695801 0.012471
3 2 0.017860 0.014555 0.126338 0.831050 0.010197
3 2 0.009911 0.009413 0.098656 0.875267 0.006754
3 2 0.007551 0.007279 0.088574 0.891382 0.005214
3 2 0.006614 0.006420 0.083986 0.898384 0.004596
3 2 0.007946 0.007638 0.090393 0.888550 0.005473
3 2 0.007305 0.007054 0.087407 0.893181 0.005052
3 2 0.007530 0.007259 0.088473 0.891539 0.005200
3 2 0.005846 0.005713 0.079907 0.904448 0.004086
3 2 0.008092 0.007484 0.090857 0.888223 0.005345
3 3 0.026159 0.017975 0.140598 0.802619 0.012650
3 3 0.039355 0.026344 0.189388 0.728057 0.016856
3 3 0.024704 0.022427 0.197692 0.742150 0.013027
3 3 0.030360 0.023729 0.181425 0.749498 0.014988
3 3 0.038699 0.027757 0.166158 0.748030 0.019356
2 3 0.141447 0.153374 0.456586 0.189654 0.058939
2 2 0.110752 0.127809 0.479433 0.233764 0.048242
2 2 0.072429 0.095794 0.500999 0.296143 0.034634
2 2 0.107492 0.094244 0.380183 0.373408 0.044672
3 2 0.044380 0.049487 0.301441 0.579555 0.025137
3 2 0.047917 0.052046 0.315145 0.558971 0.025921
3 2 0.057985 0.058515 0.331608 0.523031 0.028862
3 2 0.051386 0.061594 0.422705 0.439354 0.024961
3 2 0.048942 0.067896 0.409796 0.445068 0.028297
3 2 0.035504 0.066373 0.431421 0.441013 0.025689
3 2 0.044004 0.073773 0.404144 0.447118 0.030961
3 2 0.056186 0.066670 0.283323 0.552426 0.041394
3 2 0.059428 0.067214 0.271879 0.562795 0.038685
3 2 0.058732 0.067618 0.277289 0.557994 0.038366
3 2 0.050574 0.057996 0.262875 0.595290 0.033264
3 2 0.043547 0.047186 0.230596 0.650098 0.028573
3 2 0.031912 0.044314 0.289471 0.612151 0.022153
3 2 0.030627 0.042294 0.283041 0.622755 0.021282
3 2 0.020189 0.038659 0.373302 0.552758 0.015092
3 2 0.011379 0.016952 0.210496 0.752807 0.008366
3 2 0.017164 0.014768 0.121467 0.836039 0.010563
3 2 0.023281 0.019360 0.135832 0.807675 0.013852
3 2 0.027529 0.023468 0.144384 0.787755 0.016864
3 2 0.019351 0.017710 0.127407 0.822774 0.012759
3 2 0.072463 0.052341 0.194609 0.643101 0.037485
3 2 0.108029 0.087108 0.262992 0.487416 0.054455
2 2 0.123841 0.117241 0.391229 0.313380 0.054310
2 2 0.060505 0.077269 0.441703 0.389555 0.030968
3 2 0.031137 0.052872 0.402099 0.492870 0.021022
3 2 0.025553 0.046973 0.384129 0.524584 0.018761
3 2 0.012013 0.019268 0.239994 0.719799 0.008926
3 2 0.010813 0.017194 0.226526 0.737409 0.008058
3 2 0.017750 0.029697 0.306516 0.633217 0.012821
3 2 0.014903 0.029922 0.383062 0.561339 0.010774
2 2 0.040603 0.055225 0.448281 0.435213 0.020679
3 2 0.024423 0.039976 0.442736 0.478896 0.013969
3 2 0.061027 0.052131 0.302786 0.556731 0.027325
3 2 0.035494 0.027555 0.178324 0.740425 0.018202
3 2 0.033736 0.025665 0.154381 0.767927 0.018291
3 2 0.029317 0.024195 0.147449 0.781693 0.017346
3 2 0.109270 0.072110 0.309635 0.469247 0.039739
3 2 0.031106 0.027455 0.227558 0.698587 0.015294
3 2 0.106066 0.057753 0.234671 0.563506 0.038004
3 2 0.091855 0.050392 0.209746 0.613057 0.034950
3 2 0.054707 0.039265 0.206846 0.673545 0.025638
3 2 0.120840 0.089209 0.346066 0.398119 0.045767
2 2 0.124825 0.106613 0.375667 0.341630 0.051265
2 2 0.282203 0.155949 0.329919 0.157785 0.074143
2 2 0.154962 0.137496 0.505278 0.155406 0.046858
2 2 0.137762 0.114020 0.484818 0.220858 0.042542
2 2 0.095862 0.102865 0.543553 0.223622 0.034099
2 2 0.078905 0.091772 0.509447 0.287149 0.032726
2 2 0.077172 0.113400 0.553044 0.219857 0.036527
2 2 0.086954 0.132307 0.558167 0.181168 0.041404
2 2 0.069646 0.106544 0.548711 0.240413 0.034686
2 2 0.079992 0.119389 0.577312 0.187149 0.036157
2 2 0.076818 0.129337 0.592467 0.164075 0.037303
2 2 0.089110 0.153944 0.593996 0.120843 0.042107
2 2 0.087582 0.143199 0.612161 0.119151 0.037907
2 2 0.106491 0.139542 0.553259 0.157300 0.043409
2 2 0.165074 0.208560 0.482446 0.079025 0.064895
2 1 0.144055 0.172823 0.524011 0.106545 0.052566
2 1 0.164293 0.190472 0.514594 0.076217 0.054423
2 1 0.193426 0.198766 0.483405 0.066505 0.057898
2 1 0.191134 0.203794 0.458841 0.081185 0.065045
2 1 0.193119 0.197321 0.455162 0.089442 0.064956
2 1 0.293206 0.200035 0.354133 0.076448 0.076178
0 1 0.493459 0.179795 0.191813 0.047306 0.087627
0 1 0.579261 0.156873 0.127165 0.043064 0.093637
0 1 0.627275 0.152549 0.095076 0.027360 0.097741
0 1 0.458185 0.210670 0.166529 0.043422 0.121195
0 1 0.324926 0.271827 0.237437 0.034158 0.131652
2 1 0.192633 0.287605 0.366585 0.044220 0.108957
2 1 0.178831 0.307434 0.378930 0.028846 0.105959
2 1 0.189900 0.327891 0.338859 0.021060 0.122290
2 1 0.166837 0.302772 0.420251 0.022764 0.087376
2 1 0.185779 0.287600 0.424672 0.023772 0.078177
2 1 0.171413 0.236280 0.482359 0.047313 0.062635
2 1 0.105462 0.247639 0.533482 0.047459 0.065957
2 1 0.082577 0.176724 0.613724 0.084081 0.042894
2 1 0.022747 0.113726 0.770688 0.073931 0.018908
2 2 0.022676 0.113399 0.773771 0.071623 0.018532
2 2 0.034481 0.139175 0.711259 0.087438 0.027647
2 2 0.031247 0.128905 0.754674 0.063395 0.021779
2 2 0.038989 0.128374 0.719972 0.087452 0.025214
2 2 0.060671 0.159285 0.690241 0.058932 0.030871
2 2 0.069088 0.153538 0.651794 0.090226 0.035354
2 2 0.081437 0.170128 0.610057 0.095591 0.042787
2 2 0.066731 0.199178 0.634719 0.049307 0.050065
2 2 0.050488 0.146798 0.618742 0.141311 0.042661
2 2 0.035709 0.116881 0.667425 0.152297 0.027688
2 2 0.045051 0.131694 0.632095 0.157218 0.033942
2 2 0.034524 0.122637 0.689099 0.126693 0.027047
2 2 0.031706 0.124241 0.713096 0.105732 0.025225
2 2 0.039836 0.144656 0.685308 0.099285 0.030914
2 2 0.014034 0.087329 0.818996 0.067286 0.012356
2 2 0.010373 0.063634 0.815605 0.098055 0.012333
2 2 0.011168 0.060884 0.790653 0.127409 0.009886
2 2 0.018699 0.071920 0.700968 0.192983 0.015430
2 2 0.020883 0.075479 0.684173 0.202476 0.016990
2 2 0.179287 0.218624 0.434490 0.088195 0.079405
0 2 0.339416 0.172977 0.332933 0.084473 0.070202
0 2 0.345677 0.151679 0.306027 0.125029 0.071589
0 2 0.418765 0.152894 0.238089 0.108700 0.081552
0 2 0.362518 0.164276 0.281025 0.112200 0.079982
0 2 0.530128 0.173571 0.167370 0.041097 0.087834
0 2 0.593593 0.177265 0.139681 0.015055 0.074405
0 2 0.330850 0.274836 0.242480 0.027850 0.123984
2 2 0.183590 0.276289 0.388641 0.051768 0.099713
2 2 0.092134 0.308636 0.467115 0.033814 0.098301
2 2 0.057203 0.258445 0.596924 0.029678 0.057750
2 2 0.060860 0.224411 0.602021 0.055274 0.057433
2 2 0.036951 0.113794 0.649239 0.171611 0.028405
2 2 0.025130 0.098578 0.718351 0.137589 0.020352
2 2 0.015628 0.077543 0.775192 0.118245 0.013391
2 2 0.020136 0.094628 0.763151 0.105233 0.016853
2 2 0.020464 0.098494 0.767638 0.096262 0.017142
2 2 0.024511 0.116449 0.758090 0.080726 0.020223
2 2 0.021211 0.118085 0.784462 0.058134 0.018109
2 2 0.013856 0.093757 0.826906 0.052004 0.013477
2 2 0.015111 0.063637 0.709449 0.185002 0.026801
2 2 0.011134 0.057225 0.757254 0.147691 0.026695
2 2 0.014247 0.063774 0.731915 0.168974 0.021090
2 2 0.025832 0.081136 0.634629 0.227623 0.030779
2 2 0.025908 0.080427 0.634014 0.234615 0.025036
2 2 0.040611 0.105436 0.587734 0.230298 0.035921
2 2 0.028410 0.087790 0.634545 0.217104 0.032151
2 2 0.018130 0.068243 0.672740 0.202719 0.038169
2 2 0.017985 0.074882 0.706251 0.159189 0.041693
2 2 0.016021 0.079053 0.735713 0.111917 0.057295
2 2 0.031124 0.126867 0.681934 0.097526 0.062548
2 2 0.030025 0.102145 0.650544 0.159328 0.057958
2 2 0.043022 0.102846 0.561092 0.261231 0.031809
2 2 0.031329 0.078593 0.558396 0.307901 0.023781
2 2 0.018185 0.045436 0.491172 0.430976 0.014231
3 2 0.013946 0.029946 0.378168 0.567133 0.010807
3 2 0.011733 0.025835 0.366535 0.586693 0.009203
3 2 0.010326 0.023764 0.366368 0.585277 0.014263
3 2 0.012731 0.030547 0.413872 0.521931 0.020919
3 2 0.010047 0.024299 0.385970 0.565114 0.014569
3 2 0.011753 0.028697 0.415045 0.532046 0.012459
3 2 0.008208 0.015970 0.267642 0.699258 0.008921
3 2 0.007459 0.015839 0.286078 0.673833 0.016791
3 2 0.008279 0.015990 0.262321 0.695047 0.018363
3 2 0.010850 0.014264 0.169201 0.792020 0.013664
3 2 0.010899 0.014775 0.178071 0.784229 0.012027
3 2 0.007373 0.009973 0.149306 0.827668 0.005680
3 2 0.005642 0.007952 0.140458 0.841724 0.004224
3 2 0.005423 0.007161 0.124494 0.858904 0.004018
3 2 0.004093 0.004802 0.090027 0.898077 0.003000
3 2 0.007155 0.009253 0.137410 0.840957 0.005225
3 2 0.004579 0.005741 0.105723 0.880574 0.003383
3 2 0.005706 0.006574 0.102815 0.880791 0.004115
3 2 0.006549 0.008405 0.130231 0.850022 0.004792
3 2 0.005891 0.007822 0.130630 0.851301 0.004356
3 2 0.008298 0.010680 0.146084 0.828591 0.006347
3 2 0.006516 0.006609 0.089473 0.892836 0.004567
3 2 0.005871 0.005735 0.080041 0.904250 0.004102
3 2 0.006644 0.006684 0.089007 0.892594 0.005071
3 2 0.004636 0.005230 0.089427 0.896084 0.004623
3 2 0.005426 0.005867 0.090325 0.893470 0.004912
3 2 0.004395 0.004998 0.088223 0.897931 0.004453
3 2 0.002054 0.002871 0.084106 0.907634 0.003336
3 2 0.001473 0.001929 0.064325 0.930318 0.001956
3 2 0.001362 0.001477 0.045666 0.950400 0.001095
3 2 0.001391 0.001466 0.044076 0.952028 0.001040
3 2 0.001484 0.001559 0.045297 0.950554 0.001106
3 2 0.002031 0.002098 0.051669 0.942711 0.001492
3 2 0.002211 0.002274 0.053537 0.940361 0.001617
3 2 0.001405 0.001480 0.044271 0.951794 0.001050
3 2 0.002049 0.002116 0.051863 0.942468 0.001504
3 3 0.001606 0.001680 0.046828 0.948694 0.001193
3 3 0.001402 0.001477 0.044223 0.951851 0.001047
3 3 0.001251 0.001398 0.045915 0.950357 0.001079
3 3 0.001250 0.001364 0.044188 0.952184 0.001014
3 3 0.001349 0.001424 0.043521 0.952695 0.001010
3 3 0.001160 0.001252 0.041767 0.954914 0.000907
3 3 0.001208 0.001382 0.046893 0.949410 0.001106
3 3 0.001342 0.001417 0.043415 0.952822 0.001005
3 3 0.001269 0.001375 0.044042 0.952302 0.001013
3 3 0.001176 0.001250 0.041064 0.955625 0.000886
3 3 0.001472 0.001546 0.045142 0.950743 0.001097
3 3 0.001073 0.001146 0.039506 0.957464 0.000812
3 3 0.000921 0.000991 0.037026 0.960361 0.000701
3 3 0.000917 0.000988 0.036972 0.960423 0.000699
3 3 0.001570 0.001644 0.046388 0.949231 0.001167
3 3 0.003300 0.003324 0.063230 0.927777 0.002370
3 3 0.003968 0.003958 0.068221 0.921029 0.002825
3 3 0.003560 0.003572 0.065242 0.925080 0.002547
3 3 0.004005 0.005475 0.113679 0.873819 0.003022
3 3 0.013067 0.016026 0.178108 0.783925 0.008875
3 3 0.020742 0.028163 0.237424 0.699044 0.014627
3 3 0.006777 0.009011 0.139865 0.839363 0.004985
3 2 0.010010 0.011198 0.128357 0.843409 0.007027
3 2 0.014623 0.013949 0.119421 0.842183 0.009823
3 2 0.015754 0.016862 0.147832 0.808778 0.010775
3 2 0.006604 0.009640 0.159637 0.819174 0.004945
3 2 0.004001 0.006675 0.155100 0.831094 0.003130
3 2 0.008103 0.012597 0.192882 0.780332 0.006086
3 2 0.021083 0.025185 0.197093 0.736730 0.019908
4 2 0.012834 0.062256 0.107473 0.004487 0.812949
4 4 0.017735 0.053236 0.060207 0.000832 0.867990
4 4 0.025783 0.054063 0.058625 0.000618 0.860912
4 4 0.047982 0.069105 0.057975 0.000633 0.824306
4 4 0.072928 0.058773 0.025091 0.000073 0.843134
4 4 0.048817 0.061444 0.037669 0.000220 0.851850
4 4 0.046690 0.052590 0.024487 0.000076 0.876158
4 4 0.017053 0.029521 0.016926 0.000027 0.936473
4 4 0.011794 0.028697 0.023819 0.000062 0.935628
4 4 0.022338 0.040962 0.030561 0.000119 0.906020
4 4 0.013244 0.028583 0.021534 0.000047 0.936592
4 4 0.030272 0.044880 0.030986 0.000117 0.893745
4 4 0.067634 0.062121 0.032447 0.000138 0.837660
4 4 0.264120 0.114832 0.028430 0.000218 0.592400
0 4 0.506731 0.139565 0.024059 0.000406 0.329239
0 4 0.517975 0.167900 0.020461 0.000452 0.293211
0 4 0.546826 0.191278 0.016107 0.000191 0.245597
0 4 0.379670 0.258575 0.036795 0.000236 0.324723
4 4 0.160643 0.179454 0.044673 0.000728 0.614501
4 4 0.194501 0.171107 0.045648 0.001354 0.587389
4 4 0.014161 0.038053 0.020800 0.000072 0.926915
4 4 0.013424 0.037117 0.023019 0.000086 0.926354
4 4 0.008606 0.029459 0.017469 0.000047 0.944420
4 4 0.013494 0.031585 0.012993 0.000022 0.941907
4 4 0.045660 0.052817 0.019658 0.000052 0.881813
4 4 0.121765 0.073538 0.018044 0.000047 0.786606
4 4 0.246524 0.089293 0.014634 0.000038 0.649511
4 4 0.324890 0.143403 0.028139 0.000368 0.503200
4 4 0.371166 0.171138 0.032477 0.000808 0.424411
4 4 0.388130 0.172936 0.029188 0.000704 0.409043
4 4 0.142654 0.129348 0.039268 0.000593 0.688137
4 4 0.024266 0.060571 0.037968 0.000357 0.876838
4 4 0.015690 0.048069 0.036234 0.000289 0.899718
4 4 0.020885 0.060551 0.044463 0.000535 0.873566
4 4 0.034249 0.085745 0.048175 0.000868 0.830962
4 4 0.017364 0.062364 0.031709 0.000347 0.888216
4 4 0.026375 0.094125 0.043926 0.000432 0.835142
4 4 0.035944 0.136259 0.068018 0.000828 0.758951
4 4 0.037684 0.197527 0.159884 0.001436 0.603469
4 4 0.023684 0.176003 0.203300 0.001929 0.595084
4 4 0.018160 0.126596 0.289220 0.005707 0.560318
4 4 0.018831 0.122107 0.249510 0.006011 0.603540
4 4 0.022165 0.156416 0.284431 0.005343 0.531644
4 4 0.027193 0.182568 0.282980 0.005377 0.501881
4 4 0.029871 0.191332 0.287038 0.005890 0.485869
4 4 0.029211 0.207492 0.318013 0.005299 0.439986
4 4 0.018269 0.161940 0.332003 0.004134 0.483654
4 4 0.015768 0.142904 0.266157 0.003045 0.572126
4 4 0.016728 0.113211 0.164049 0.003052 0.702961
4 4 0.015724 0.126246 0.218625 0.003116 0.636290
4 4 0.017845 0.131075 0.179428 0.001876 0.669776
4 4 0.011170 0.080474 0.126653 0.002199 0.779505
4 4 0.010037 0.045332 0.050928 0.000683 0.893020
4 4 0.013670 0.044777 0.049888 0.000507 0.891159
4 4 0.012785 0.031582 0.028132 0.000095 0.927406
4 4 0.013846 0.033794 0.025349 0.000084 0.926927
4 4 0.008211 0.029258 0.018322 0.000053 0.944157
4 4 0.007583 0.032419 0.024912 0.000119 0.934967
4 4 0.009011 0.033850 0.024255 0.000108 0.932776
4 4 0.010904 0.035196 0.026405 0.000117 0.927378
4 4 0.028957 0.043728 0.021777 0.000060 0.905477
4 4 0.025952 0.040541 0.020290 0.000050 0.913168
4 4 0.015954 0.035250 0.018818 0.000047 0.929930
4 4 0.009747 0.027906 0.015221 0.000030 0.947096
4 4 0.017017 0.044851 0.022308 0.000098 0.915726
4 4 0.024221 0.061884 0.025097 0.000174 0.888623
4 4 0.019315 0.068095 0.036004 0.000483 0.876103
4 4 0.017721 0.064446 0.032073 0.000373 0.885387
4 4 0.016131 0.059691 0.032140 0.000345 0.891693
4 4 0.026042 0.059000 0.030781 0.000219 0.883959
4 4 0.015831 0.038161 0.024616 0.000091 0.921301
4 4 0.021029 0.039940 0.023007 0.000071 0.915953
4 4 0.037361 0.049216 0.023382 0.000072 0.889970
4 4 0.064583 0.060591 0.011535 0.000021 0.863271
4 4 0.080771 0.101017 0.018203 0.000114 0.799895
4 4 0.040685 0.073866 0.020862 0.000122 0.864465
4 2 0.093532 0.096375 0.024275 0.000161 0.785657
4 2 0.179759 0.115303 0.022900 0.000156 0.681882
4 2 0.095335 0.102876 0.035645 0.000370 0.765774
4 2 0.097204 0.085244 0.020778 0.000092 0.796682
4 2 0.273586 0.209459 0.064653 0.004575 0.447727
4 2 0.169535 0.165818 0.079696 0.003905 0.581047
4 1 0.149207 0.131117 0.052183 0.001030 0.666463
4 1 0.118900 0.106407 0.041393 0.000468 0.732833
4 1 0.192596 0.130276 0.028829 0.000306 0.647993
4 1 0.220132 0.165984 0.036539 0.000810 0.576534
4 1 0.171108 0.268174 0.094166 0.001215 0.465336
4 1 0.121552 0.223443 0.077119 0.001021 0.576864
4 1 0.110980 0.269438 0.123239 0.001305 0.495039
4 1 0.139747 0.281199 0.132182 0.001424 0.445449
4 1 0.083757 0.308363 0.238001 0.002185 0.367695
1 1 0.085152 0.356061 0.239097 0.001507 0.318182
4 1 0.043623 0.273947 0.249701 0.002030 0.430700
2 1 0.033606 0.281736 0.340828 0.003497 0.340334
2 1 0.023467 0.261214 0.408463 0.002670 0.304186
2 1 0.020952 0.242411 0.487335 0.003336 0.245966
2 1 0.022108 0.234202 0.388028 0.002922 0.352740
4 1 0.042145 0.270798 0.284996 0.001324 0.400737
4 1 0.067478 0.275690 0.225729 0.000783 0.430320
4 2 0.086614 0.278409 0.219397 0.000724 0.414856
2 2 0.004940 0.079467 0.768773 0.007635 0.139185
2 2 0.003971 0.059210 0.799040 0.013086 0.124693
2 2 0.003843 0.057027 0.819395 0.014301 0.105434
2 2 0.008480 0.089669 0.646631 0.013319 0.241901
2 2 0.011294 0.109446 0.606201 0.011409 0.261649
4 2 0.016109 0.134418 0.399212 0.003772 0.446489
4 1 0.021397 0.152536 0.249913 0.000578 0.575577
4 1 0.038305 0.141117 0.078046 0.000038 0.742494
4 1 0.056594 0.155271 0.043849 0.000007 0.744278
4 1 0.124836 0.197710 0.031011 0.000002 0.646441
4 1 0.233944 0.162121 0.014447 0.000002 0.589487
4 1 0.393157 0.177003 0.012258 0.000002 0.417581
0 1 0.568348 0.129758 0.004366 0.000002 0.297527
0 0 0.839257 0.057384 0.002219 0.000006 0.101133
0 0 0.905331 0.044175 0.002941 0.000026 0.047527
0 0 0.910106 0.044792 0.004993 0.000092 0.040017
0 1 0.895312 0.052844 0.008566 0.000288 0.042990
0 1 0.761205 0.111936 0.029737 0.002815 0.094307
0 1 0.628303 0.164302 0.047129 0.006107 0.154159
1 1 0.232160 0.330358 0.180131 0.021902 0.235449
2 1 0.013891 0.155802 0.790610 0.009203 0.030495
2 2 0.015187 0.173778 0.750286 0.007897 0.052852
2 2 0.014885 0.169826 0.752913 0.008054 0.054322
2 2 0.013595 0.149391 0.777240 0.010374 0.049399
2 2 0.016003 0.178636 0.742723 0.007977 0.054662
2 2 0.011192 0.144253 0.795248 0.007568 0.041739
2 2 0.011745 0.171261 0.760374 0.004673 0.051947
2 2 0.009657 0.159018 0.779560 0.003927 0.047839
2 2 0.006730 0.125097 0.820975 0.004034 0.043164
2 2 0.006121 0.130559 0.817444 0.002893 0.042983
2 2 0.007533 0.142268 0.787900 0.003228 0.059071
2 2 0.006390 0.136364 0.793839 0.002604 0.060803
2 2 0.007706 0.140770 0.768785 0.003388 0.079351
2 2 0.005523 0.112023 0.809883 0.003538 0.069033
2 2 0.006642 0.125244 0.802835 0.003798 0.061481
2 2 0.005605 0.113593 0.829091 0.003717 0.047993
2 2 0.006673 0.099745 0.858831 0.008358 0.026393
2 2 0.009632 0.123082 0.829574 0.009049 0.028664
2 2 0.006704 0.091550 0.872380 0.011132 0.018235
2 2 0.005353 0.080471 0.885095 0.010512 0.018570
2 2 0.016715 0.162906 0.723402 0.011354 0.085623
2 2 0.012315 0.149697 0.758233 0.008254 0.071500
2 2 0.015423 0.199350 0.697969 0.004913 0.082346
2 2 0.007841 0.132967 0.776838 0.004409 0.077944
2 2 0.008399 0.156511 0.744822 0.002931 0.087337
2 2 0.008414 0.151518 0.752896 0.003250 0.083921
2 2 0.006940 0.122841 0.775793 0.004448 0.089978
2 2 0.009246 0.153576 0.741736 0.003884 0.091557
2 2 0.010614 0.164507 0.751796 0.004234 0.068849
2 2 0.006139 0.112714 0.832693 0.004763 0.043691
2 2 0.004456 0.067126 0.899114 0.013255 0.016049
2 2 0.008616 0.087173 0.859518 0.024077 0.020617
2 2 0.009324 0.093874 0.849794 0.021783 0.025225
2 2 0.010214 0.094303 0.841575 0.026222 0.027686
2 2 0.005631 0.073166 0.881960 0.016893 0.022350
2 2 0.006476 0.089990 0.866347 0.011721 0.025466
2 2 0.003744 0.062774 0.907894 0.011483 0.014106
2 2 0.003888 0.056644 0.914176 0.017478 0.007814
2 2 0.004285 0.045528 0.900558 0.045331 0.004298
2 2 0.003635 0.035385 0.886095 0.071220 0.003665
2 2 0.008839 0.083588 0.862139 0.028970 0.016463
2 2 0.004866 0.056115 0.895397 0.030107 0.013514
2 2 0.002447 0.040083 0.925256 0.020081 0.012133
2 2 0.001556 0.028005 0.940823 0.024133 0.005485
2 2 0.004831 0.053509 0.898587 0.034760 0.008312
2 2 0.017962 0.114405 0.806174 0.045924 0.015534
2 2 0.069348 0.160748 0.668581 0.067662 0.033660
2 2 0.150061 0.162166 0.478649 0.151580 0.057544
2 2 0.165807 0.152966 0.393525 0.219631 0.068070
0 2 0.291916 0.186056 0.287526 0.139863 0.094639
0 2 0.338775 0.246800 0.240459 0.052716 0.121251
1 2 0.232534 0.326479 0.270380 0.021178 0.149429
1 2 0.107118 0.376748 0.335597 0.016868 0.163668
2 2 0.082398 0.364173 0.416166 0.014747 0.122515
2 2 0.079713 0.345598 0.448820 0.017639 0.108230
2 2 0.066451 0.351904 0.470050 0.012374 0.099221
2 2 0.053968 0.263078 0.603437 0.024684 0.054833
2 2 0.037809 0.206141 0.694368 0.028196 0.033486
2 2 0.044228 0.179168 0.671666 0.058395 0.046543
2 2 0.076876 0.204339 0.601476 0.057062 0.060248
2 2 0.071624 0.268893 0.552703 0.037639 0.069142
2 2 0.035083 0.170082 0.699818 0.047922 0.047095
2 2 0.015140 0.101440 0.800486 0.047279 0.035655
2 2 0.005589 0.052714 0.866906 0.049735 0.025056
2 2 0.003936 0.050342 0.887197 0.026585 0.031940
2 2 0.002203 0.036712 0.920628 0.021276 0.019181
2 2 0.002388 0.040849 0.920039 0.017729 0.018995
2 2 0.001869 0.035489 0.928870 0.016403 0.017369
2 2 0.001786 0.031421 0.931165 0.022494 0.013134
2 2 0.001845 0.031139 0.925423 0.024933 0.016660
2 2 0.004813 0.058132 0.887774 0.025832 0.023449
2 2 0.004008 0.054806 0.896097 0.020883 0.024207
2 2 0.003412 0.052019 0.903893 0.017327 0.023350
2 2 0.003353 0.053236 0.904298 0.015342 0.023772
2 2 0.003218 0.059745 0.898455 0.009196 0.029387
2 2 0.004234 0.064397 0.888108 0.013347 0.029914
2 2 0.005066 0.066507 0.882612 0.018078 0.027736
2 2 0.011920 0.122749 0.810528 0.014681 0.040122
2 2 0.050114 0.238047 0.628343 0.013851 0.069645
2 1 0.163020 0.301509 0.420799 0.011675 0.102997
2 1 0.031831 0.304331 0.524147 0.004753 0.134938
2 1 0.034462 0.264218 0.575114 0.009275 0.116930
2 1 0.057968 0.289439 0.577463 0.004691 0.070440
2 1 0.095259 0.329265 0.462160 0.003481 0.109835
1 2 0.153088 0.406067 0.289407 0.002957 0.148481
1 2 0.167079 0.450044 0.191569 0.000986 0.190321
1 2 0.142252 0.470664 0.193100 0.000960 0.193024
1 2 0.132901 0.487627 0.196094 0.000633 0.182745
1 2 0.070119 0.427767 0.367698 0.002229 0.132187
2 2 0.056838 0.393060 0.438912 0.002948 0.108243
2 2 0.039281 0.363506 0.517218 0.003320 0.076675
2 2 0.039959 0.345588 0.544581 0.004254 0.065618
2 2 0.044182 0.338259 0.536824 0.004348 0.076388
2 2 0.028065 0.267115 0.656918 0.006517 0.041384
2 2 0.025142 0.240751 0.691510 0.007826 0.034771
2 2 0.025213 0.233139 0.699587 0.008699 0.033362
2 2 0.017874 0.208560 0.733555 0.006170 0.033841
2 2 0.017881 0.205974 0.713875 0.006237 0.056034
2 2 0.015502 0.156564 0.776834 0.011286 0.039815
2 2 0.021635 0.191936 0.728293 0.009567 0.048568
2 2 0.031132 0.255048 0.633224 0.009381 0.071215
2 2 0.033571 0.281495 0.619306 0.007932 0.057697
2 2 0.034607 0.273831 0.627318 0.008113 0.056131
2 2 0.013344 0.157509 0.789635 0.008738 0.030774
2 2 0.007269 0.086514 0.863552 0.016913 0.025752
2 2 0.006386 0.081054 0.867835 0.015512 0.029214
2 2 0.010255 0.124233 0.812357 0.009999 0.043156
2 2 0.012205 0.133678 0.806521 0.011592 0.036004
2 2 0.013649 0.156982 0.791406 0.009220 0.028743
2 2 0.023070 0.213858 0.726625 0.009672 0.026774
2 2 0.030383 0.245281 0.683918 0.007564 0.032855
2 2 0.029797 0.235804 0.701176 0.005694 0.027529
2 2 0.013115 0.145498 0.810194 0.010594 0.020598
2 2 0.011631 0.136558 0.817729 0.010262 0.023820
2 2 0.012942 0.159389 0.765061 0.007543 0.055066
2 2 0.013937 0.181216 0.749847 0.005677 0.049323
2 2 0.008237 0.105204 0.829476 0.011441 0.045643
2 2 0.008437 0.102352 0.844273 0.013030 0.031909
2 2 0.007826 0.093327 0.849934 0.015197 0.033715
2 2 0.006227 0.069986 0.881645 0.024451 0.017691
2 2 0.005173 0.074250 0.855587 0.013547 0.051443
2 2 0.005253 0.075434 0.858439 0.013289 0.047585
2 2 0.006815 0.080995 0.848113 0.018203 0.045874
2 2 0.005035 0.059936 0.887461 0.025794 0.021774
2 2 0.003517 0.052023 0.904062 0.018611 0.021787
2 2 0.004077 0.071944 0.878725 0.008707 0.036547
2 2 0.003126 0.059047 0.899801 0.009467 0.028559
2 2 0.003730 0.063647 0.889869 0.010736 0.032018
2 2 0.002483 0.037129 0.921301 0.026980 0.012107
2 2 0.009385 0.073764 0.840839 0.049899 0.026112
2 2 0.021634 0.096599 0.746791 0.112115 0.022861
2 2 0.111315 0.174290 0.565085 0.100836 0.048474
2 2 0.162126 0.137196 0.490538 0.161768 0.048372
2 2 0.209161 0.116287 0.423606 0.202826 0.048120
2 2 0.263429 0.152862 0.369134 0.148326 0.066251
2 2 0.234567 0.202298 0.379815 0.104058 0.079262
0 2 0.399786 0.244631 0.200229 0.032272 0.123082
0 2 0.465778 0.250197 0.093222 0.007161 0.183641
0 0 0.459959 0.192235 0.069071 0.005630 0.273105
0 0 0.483488 0.158860 0.072445 0.005080 0.280127
0 0 0.978397 0.012481 0.002125 0.000045 0.006952
0 0 0.968259 0.017843 0.003599 0.000110 0.010190
0 0 0.929119 0.037127 0.010692 0.000717 0.022345
0 0 0.911936 0.045056 0.014306 0.001191 0.027511
0 0 0.880985 0.058673 0.021375 0.002410 0.036558
0 0 0.789841 0.099901 0.027332 0.002559 0.080366
0 0 0.696498 0.142692 0.021799 0.000633 0.138378
0 0 0.407974 0.285318 0.061199 0.001562 0.243947
1 1 0.233125 0.334261 0.114810 0.002619 0.315185
1 1 0.095082 0.352978 0.285347 0.007446 0.259147
4 1 0.060561 0.302559 0.294321 0.007791 0.334769
2 1 0.046854 0.308629 0.330171 0.003584 0.310763
1 1 0.071019 0.362155 0.303518 0.001362 0.261947
1 1 0.095210 0.377767 0.200037 0.000354 0.326632
4 1 0.183929 0.317771 0.098152 0.000234 0.399914
4 1 0.186001 0.306393 0.083511 0.000181 0.423914
4 1 0.178603 0.349643 0.110256 0.000267 0.361231
1 1 0.156479 0.377642 0.142494 0.000368 0.323016
1 1 0.110658 0.394235 0.191360 0.000507 0.303240
4 1 0.071669 0.351264 0.208732 0.001091 0.367244
4 1 0.017956 0.040376 0.041235 0.000237 0.900196
4 1 0.027753 0.038562 0.022538 0.000052 0.911095
4 4 0.024521 0.031054 0.012386 0.000013 0.932026
4 4 0.042244 0.037079 0.009332 0.000007 0.911338
4 4 0.078312 0.066801 0.017457 0.000047 0.837383
4 4 0.144231 0.096156 0.031290 0.000206 0.728117
4 4 0.174738 0.090021 0.026322 0.000121 0.708799
4 4 0.066344 0.058016 0.025478 0.000078 0.850083
4 4 0.019726 0.029900 0.017179 0.000025 0.933170
4 4 0.019588 0.033780 0.021066 0.000046 0.925520
4 4 0.028875 0.038584 0.021115 0.000045 0.911381
4 4 0.049040 0.051399 0.024542 0.000070 0.874949
4 4 0.058800 0.056302 0.024048 0.000072 0.860779
4 4 0.027391 0.040948 0.021020 0.000052 0.910589
4 4 0.033597 0.041265 0.019929 0.000041 0.905168
4 4 0.093699 0.069300 0.031787 0.000135 0.805079
4 4 0.086194 0.068319 0.033270 0.000150 0.812067
4 4 0.056376 0.064599 0.043425 0.000288 0.835313
4 4 0.122037 0.102320 0.061258 0.000898 0.713487
0 4 0.573182 0.148037 0.058498 0.004297 0.215986
4 4 0.006853 0.018857 0.009581 0.000008 0.964700
4 4 0.007053 0.016776 0.007257 0.000004 0.968910
4 4 0.011823 0.023946 0.012374 0.000013 0.951843
4 4 0.013182 0.026348 0.013226 0.000017 0.947227
4 4 0.027452 0.038316 0.018477 0.000036 0.915720
4 4 0.053170 0.071616 0.045060 0.000394 0.829760
4 4 0.182453 0.122247 0.057193 0.000988 0.637119
4 4 0.320052 0.185248 0.074109 0.004708 0.415882
0 4 0.481950 0.155872 0.039173 0.001283 0.321722
0 4 0.436569 0.127096 0.021374 0.000205 0.414756
4 4 0.313261 0.113755 0.023469 0.000153 0.549363
4 4 0.117087 0.071810 0.029039 0.000109 0.781955
4 4 0.068071 0.051183 0.021568 0.000044 0.859133
4 4 0.099026 0.051406 0.015347 0.000019 0.834202
4 4 0.032644 0.034723 0.014670 0.000017 0.917946
4 4 0.011711 0.020539 0.010567 0.000008 0.957176
4 4 0.016214 0.031524 0.018205 0.000036 0.934021
4 4 0.014928 0.031799 0.022666 0.000058 0.930550
4 4 0.024238 0.045748 0.038969 0.000217 0.890829
4 4 0.041724 0.051399 0.025868 0.000087 0.880923
4 4 0.024520 0.051259 0.027092 0.000137 0.896992
4 4 0.021163 0.037002 0.013800 0.000024 0.928010
4 4 0.014510 0.032731 0.014983 0.000029 0.937747
4 4 0.011369 0.024863 0.010613 0.000011 0.953144
4 4 0.021501 0.035894 0.015001 0.000026 0.927578
4 4 0.077335 0.059100 0.019385 0.000045 0.844136
4 4 0.080530 0.067009 0.023655 0.000080 0.828725
4 4 0.292397 0.133872 0.035176 0.000464 0.538092
0 4 0.569449 0.166760 0.033581 0.001812 0.228398
0 4 0.702323 0.132998 0.021851 0.001132 0.141696
0 4 0.519397 0.234291 0.031215 0.000343 0.214754
0 4 0.738051 0.117308 0.011679 0.000206 0.132755
0 4 0.583527 0.175778 0.038709 0.000864 0.201122
0 4 0.780894 0.107964 0.013983 0.000237 0.096922
0 4 0.754386 0.131530 0.026000 0.000430 0.087654
0 1 0.882325 0.059056 0.010786 0.000451 0.047382
0 1 0.942038 0.030997 0.007960 0.000423 0.018582
0 1 0.872285 0.067188 0.017961 0.000796 0.041769
0 1 0.923916 0.039892 0.009391 0.000484 0.026316
0 1 0.800417 0.097822 0.034227 0.003118 0.064416
2 1 0.028832 0.202267 0.549072 0.012522 0.207307
2 1 0.017033 0.150878 0.626112 0.012226 0.193751
2 1 0.026386 0.193234 0.619258 0.014391 0.146731
2 1 0.020202 0.185707 0.658082 0.010143 0.125866
2 1 0.030176 0.240384 0.565828 0.008909 0.154703
2 1 0.016558 0.183159 0.668110 0.006936 0.125237
2 1 0.010530 0.126859 0.635867 0.007387 0.219358
2 2 0.013629 0.119628 0.641197 0.015366 0.210180
2 2 0.015501 0.099665 0.710710 0.043048 0.131076
2 2 0.015191 0.081960 0.689964 0.076021 0.136862
2 2 0.012547 0.076057 0.734818 0.070670 0.105909
2 2 0.012846 0.089181 0.713236 0.040525 0.144212
2 2 0.005485 0.075980 0.698316 0.009370 0.210849
2 2 0.012495 0.090689 0.612589 0.026606 0.257622
2 2 0.010429 0.082486 0.529166 0.019570 0.358348
2 2 0.023647 0.139590 0.476411 0.020540 0.339813
4 1 0.029227 0.159855 0.384439 0.008996 0.417483
2 1 0.051915 0.223585 0.356233 0.015480 0.352787
2 1 0.065709 0.233497 0.450114 0.035295 0.215385
2 1 0.021880 0.174849 0.445734 0.007581 0.349956
2 1 0.005514 0.080608 0.799276 0.010440 0.104161
2 1 0.004469 0.066104 0.801382 0.012356 0.115689
2 1 0.004807 0.073318 0.801015 0.010304 0.110557
2 1 0.002691 0.056652 0.825619 0.006639 0.108398
2 1 0.001959 0.044900 0.840972 0.007024 0.105145
2 2 0.002469 0.056810 0.795824 0.005341 0.139556
2 2 0.002137 0.051927 0.797213 0.005031 0.143691
2 2 0.004424 0.083202 0.746540 0.005109 0.160726
2 2 0.004365 0.069867 0.797023 0.009835 0.118911
2 2 0.004967 0.071023 0.811180 0.012703 0.100126
2 2 0.004847 0.072682 0.822372 0.011091 0.089008
2 2 0.004308 0.077577 0.806066 0.006792 0.105257
2 2 0.003820 0.075059 0.804655 0.005904 0.110562
2 3 0.003829 0.068108 0.798944 0.008319 0.120800
2 3 0.004008 0.065648 0.800315 0.010309 0.119720
2 3 0.004676 0.055344 0.844378 0.026577 0.069025
