0 0 0.773178 0.125284 0.050595 0.005171 0.045772
0 0 0.854757 0.085075 0.026567 0.001423 0.032178
0 0 0.874571 0.070353 0.018222 0.000932 0.035923
0 0 0.873241 0.068183 0.016261 0.000906 0.041409
0 0 0.886544 0.057898 0.015280 0.000864 0.039414
0 0 0.874576 0.067339 0.029939 0.001680 0.026466
0 0 0.894828 0.047678 0.009551 0.000528 0.047415
0 0 0.835079 0.094270 0.038802 0.001586 0.030263
0 0 0.708448 0.149648 0.108369 0.006184 0.027351
0 0 0.672400 0.170222 0.122763 0.011154 0.023460
0 0 0.796166 0.120828 0.055539 0.003174 0.024294
0 0 0.889048 0.042111 0.005969 0.000341 0.062531
0 0 0.772016 0.127852 0.043169 0.002418 0.054545
0 0 0.509431 0.255927 0.107937 0.003449 0.123256
0 0 0.477055 0.274968 0.127730 0.004616 0.115632
0 0 0.476460 0.279179 0.177299 0.008359 0.058702
0 0 0.494380 0.268300 0.171226 0.012012 0.054082
0 0 0.443652 0.291430 0.160879 0.012408 0.091632
0 0 0.680518 0.175611 0.111477 0.009044 0.023350
0 0 0.687410 0.157682 0.122093 0.010761 0.022055
0 0 0.782970 0.029111 0.011119 0.001500 0.175300
0 0 0.903495 0.032979 0.007414 0.000522 0.055590
0 0 0.895328 0.050669 0.012370 0.000681 0.040952
0 0 0.872344 0.071831 0.018883 0.000980 0.035962
0 1 0.613687 0.194904 0.065749 0.003780 0.121880
0 1 0.315851 0.304854 0.119983 0.005233 0.254079
4 1 0.106503 0.231892 0.068561 0.002370 0.590674
4 1 0.076217 0.239265 0.092418 0.001867 0.590232
4 0 0.199117 0.236939 0.127773 0.003750 0.432422
0 0 0.357159 0.230208 0.184456 0.007489 0.220689
0 0 0.436911 0.216098 0.194323 0.007733 0.144934
0 0 0.553608 0.163678 0.158516 0.006551 0.117646
0 0 0.787815 0.101847 0.046821 0.004779 0.058739
0 0 0.750470 0.095805 0.022105 0.001950 0.129670
0 0 0.798963 0.103692 0.027369 0.002063 0.067912
0 1 0.786304 0.095413 0.020117 0.000679 0.097486
0 1 0.838303 0.077109 0.016259 0.000709 0.067621
0 1 0.773117 0.085989 0.015282 0.000760 0.124852
0 1 0.538472 0.159164 0.034232 0.002015 0.266116
0 2 0.419083 0.215484 0.057311 0.002911 0.305211
2 2 0.016986 0.252785 0.556383 0.004464 0.169382
2 2 0.009348 0.180028 0.719601 0.003386 0.087636
2 2 0.015062 0.225872 0.659439 0.002753 0.096873
2 2 0.031913 0.274088 0.595582 0.004500 0.093918
2 2 0.019544 0.221877 0.695431 0.006418 0.056730
2 2 0.009586 0.146546 0.802558 0.008447 0.032862
2 2 0.005360 0.076680 0.888170 0.012582 0.017207
2 2 0.007951 0.094593 0.866590 0.014227 0.016639
2 2 0.002526 0.033438 0.950156 0.010170 0.003710
2 2 0.001267 0.014201 0.968628 0.014559 0.001345
2 2 0.000305 0.004157 0.983236 0.011864 0.000438
2 2 0.000264 0.003562 0.982012 0.013738 0.000425
2 2 0.000230 0.003366 0.980714 0.015217 0.000473
2 2 0.000187 0.002330 0.979492 0.017660 0.000331
2 0 0.000815 0.006964 0.965594 0.025701 0.000925
2 1 0.004080 0.020534 0.938222 0.034331 0.002833
2 2 0.006438 0.038584 0.916935 0.030338 0.007705
2 2 0.011348 0.115962 0.796325 0.013091 0.063275
2 2 0.013893 0.182309 0.707617 0.007888 0.088292
2 2 0.007102 0.190147 0.706269 0.004502 0.091980
2 2 0.002676 0.072876 0.873855 0.008349 0.042244
2 1 0.013391 0.180984 0.605350 0.007007 0.193268
2 2 0.017424 0.180570 0.633210 0.010961 0.157835
2 1 0.010757 0.153355 0.684437 0.008480 0.142972
2 2 0.009569 0.147270 0.709474 0.009257 0.124431
2 2 0.020145 0.176106 0.640322 0.010442 0.152984
2 2 0.026345 0.194248 0.386630 0.007275 0.385501
2 2 0.003015 0.057350 0.889519 0.007504 0.042611
2 2 0.002746 0.046516 0.921976 0.006508 0.022254
2 2 0.002426 0.047819 0.908740 0.012601 0.028413
2 2 0.003432 0.062294 0.863510 0.019084 0.051680
2 2 0.001904 0.043687 0.863647 0.030145 0.060617
2 2 0.001227 0.032386 0.884649 0.027793 0.053945
2 2 0.001021 0.034234 0.892204 0.018171 0.054369
2 2 0.001433 0.051132 0.843202 0.011038 0.093194
2 2 0.001807 0.047685 0.865021 0.020271 0.065217
2 1 0.001387 0.033424 0.908590 0.021701 0.034898
2 2 0.001715 0.042659 0.912304 0.012887 0.030435
2 2 0.001463 0.031413 0.929656 0.018211 0.019257
2 2 0.001723 0.031169 0.937002 0.017737 0.012369
2 2 0.000915 0.023893 0.939276 0.016401 0.019515
2 2 0.001067 0.027031 0.937262 0.014359 0.020281
2 2 0.000632 0.014338 0.964827 0.013141 0.007061
2 2 0.001243 0.019294 0.955124 0.017409 0.006931
2 2 0.002199 0.021862 0.936518 0.033428 0.005993
2 2 0.001737 0.011270 0.890579 0.092894 0.003520
2 2 0.001125 0.007682 0.896997 0.091863 0.002333
2 2 0.001607 0.008456 0.867367 0.119991 0.002579
2 2 0.002468 0.016608 0.884797 0.090537 0.005589
2 2 0.001531 0.011831 0.881654 0.100448 0.004536
2 2 0.000628 0.006046 0.903999 0.086639 0.002688
2 2 0.000311 0.005529 0.947944 0.042586 0.003629
2 2 0.000337 0.005643 0.958598 0.032599 0.002823
2 1 0.000260 0.006762 0.963119 0.023784 0.006075
2 2 0.000355 0.005880 0.953359 0.037113 0.003293
2 2 0.000468 0.006274 0.933677 0.056238 0.003343
2 2 0.000884 0.009931 0.943154 0.043006 0.003025
2 2 0.001404 0.012423 0.911049 0.071108 0.004015
2 2 0.001686 0.016220 0.915196 0.061188 0.005709
2 2 0.001891 0.013290 0.871216 0.108993 0.004610
2 1 0.001699 0.012377 0.918009 0.065079 0.002836
2 2 0.000622 0.005379 0.933962 0.058635 0.001402
2 2 0.000261 0.002453 0.917666 0.078673 0.000948
2 2 0.000210 0.001969 0.911140 0.085845 0.000836
2 2 0.000269 0.002874 0.932491 0.063352 0.001014
2 2 0.000337 0.003447 0.931539 0.063520 0.001157
2 2 0.000327 0.003160 0.936001 0.059550 0.000963
2 2 0.000127 0.001527 0.932057 0.065640 0.000649
2 2 0.000089 0.001076 0.940288 0.058119 0.000427
2 2 0.000163 0.001808 0.941820 0.055593 0.000615
2 2 0.000181 0.001865 0.927334 0.069899 0.000721
2 2 0.000116 0.001291 0.944577 0.053577 0.000439
2 2 0.000236 0.001983 0.918020 0.079050 0.000710
2 2 0.000451 0.003709 0.933054 0.061787 0.000999
2 2 0.000821 0.006270 0.934028 0.057391 0.001489
2 2 0.001241 0.007706 0.906334 0.082753 0.001967
2 2 0.001233 0.008036 0.902235 0.086286 0.002210
2 2 0.002122 0.013192 0.884117 0.096862 0.003706
2 2 0.001177 0.008317 0.904994 0.083144 0.002368
2 2 0.002285 0.013912 0.876828 0.102939 0.004036
2 2 0.000997 0.010435 0.967350 0.019934 0.001284
2 2 0.001548 0.016988 0.961077 0.017913 0.002474
2 2 0.000856 0.006826 0.949388 0.041710 0.001219
2 2 0.000962 0.006951 0.934716 0.055914 0.001456
2 2 0.002455 0.016634 0.931396 0.046868 0.002647
2 2 0.001740 0.012895 0.939946 0.043303 0.002116
2 2 0.002339 0.016031 0.929488 0.049438 0.002704
2 2 0.001894 0.013873 0.929812 0.051814 0.002607
2 2 0.002446 0.020556 0.943902 0.029724 0.003372
2 2 0.002661 0.019839 0.933148 0.041068 0.003284
2 2 0.003238 0.023181 0.908423 0.058936 0.006223
2 2 0.005316 0.035201 0.868488 0.079067 0.011929
2 2 0.004273 0.034461 0.851575 0.091946 0.017745
2 2 0.003656 0.027669 0.860849 0.096595 0.011231
2 2 0.002002 0.015045 0.910496 0.068798 0.003658
2 1 0.001526 0.014088 0.936197 0.044871 0.003317
2 2 0.000790 0.008658 0.968664 0.020529 0.001359
2 2 0.000745 0.011320 0.976153 0.009967 0.001815
2 2 0.001207 0.024293 0.963785 0.005850 0.004865
2 2 0.001440 0.040084 0.942724 0.003768 0.011984
2 2 0.004105 0.083960 0.872454 0.008935 0.030546
2 2 0.005153 0.076413 0.892835 0.009992 0.015607
2 2 0.018878 0.128625 0.817021 0.008044 0.027432
2 2 0.106604 0.209497 0.635013 0.010395 0.038492
2 2 0.177480 0.201006 0.560578 0.019499 0.041438
2 0 0.169710 0.293689 0.419071 0.013095 0.104435
1 1 0.290413 0.340632 0.224869 0.011466 0.132620
0 1 0.355256 0.325386 0.205055 0.021478 0.092825
2 1 0.117816 0.363161 0.382821 0.016972 0.119230
2 2 0.010666 0.204619 0.702094 0.005192 0.077429
2 0 0.013036 0.221937 0.653012 0.004549 0.107465
2 0 0.039149 0.210398 0.673494 0.007370 0.069589
2 0 0.112766 0.234767 0.593972 0.012839 0.045657
0 0 0.345638 0.304454 0.269364 0.011537 0.069007
0 1 0.375917 0.313828 0.216749 0.012136 0.081370
1 1 0.320679 0.343476 0.201737 0.010915 0.123193
1 0 0.316258 0.341089 0.195527 0.015584 0.131542
1 0 0.173352 0.392684 0.271905 0.012910 0.149149
1 1 0.128666 0.352062 0.167478 0.005307 0.346486
1 1 0.203342 0.339956 0.149629 0.005783 0.301289
2 1 0.017406 0.097071 0.859132 0.015458 0.010932
2 1 0.018753 0.100126 0.860904 0.013683 0.006534
2 1 0.041714 0.164456 0.765535 0.018401 0.009895
2 1 0.049781 0.214289 0.698958 0.017519 0.019452
2 1 0.049549 0.237039 0.660389 0.021919 0.031103
2 1 0.025126 0.178658 0.761034 0.013551 0.021631
2 1 0.027997 0.212846 0.708460 0.014576 0.036121
2 1 0.022664 0.174246 0.763074 0.015840 0.024176
2 2 0.026323 0.176183 0.764147 0.013775 0.019573
2 2 0.021864 0.152248 0.797768 0.013291 0.014829
2 1 0.019231 0.158290 0.796731 0.008908 0.016841
2 1 0.015522 0.126553 0.836540 0.010116 0.011269
2 0 0.029445 0.151102 0.797502 0.012295 0.009655
2 1 0.083360 0.214609 0.667250 0.019207 0.015574
2 0 0.106937 0.224621 0.619535 0.025086 0.023822
2 1 0.232171 0.298974 0.406819 0.014651 0.047384
2 1 0.046241 0.139956 0.767612 0.036643 0.009547
2 1 0.035782 0.103169 0.833382 0.023543 0.004124
2 1 0.047973 0.110283 0.801260 0.034808 0.005676
2 1 0.046875 0.126645 0.784742 0.029730 0.012008
0 1 0.618194 0.188806 0.161857 0.011649 0.019494
0 0 0.797406 0.104722 0.076600 0.004300 0.016972
0 0 0.864389 0.063067 0.043170 0.003337 0.026037
0 0 0.794134 0.093960 0.063566 0.008194 0.040146
0 0 0.780695 0.114319 0.040664 0.004901 0.059421
0 0 0.496313 0.260033 0.161479 0.025962 0.056213
0 0 0.747489 0.144904 0.063217 0.005908 0.038481
0 0 0.811662 0.112579 0.053427 0.002495 0.019836
0 0 0.859844 0.084537 0.029157 0.001300 0.025163
0 0 0.591918 0.222022 0.129667 0.011837 0.044557
0 0 0.735947 0.150973 0.068359 0.006602 0.038120
0 4 0.798243 0.117525 0.044521 0.003324 0.036387
0 4 0.627739 0.189381 0.063088 0.002704 0.117089
4 4 0.294496 0.205905 0.065165 0.000776 0.433658
4 4 0.118140 0.166891 0.111418 0.002354 0.601198
4 4 0.041564 0.053898 0.036153 0.000881 0.867503
4 4 0.042604 0.036309 0.020134 0.000405 0.900549
4 4 0.056617 0.062386 0.037733 0.001357 0.841907
4 4 0.055127 0.101651 0.061278 0.001613 0.780330
4 4 0.066538 0.180115 0.100379 0.003284 0.649683
4 4 0.044891 0.109074 0.030329 0.000396 0.815309
4 4 0.055797 0.070875 0.037985 0.001076 0.834268
4 4 0.074823 0.072293 0.048840 0.002913 0.801131
4 4 0.127377 0.102211 0.076890 0.011548 0.681974
4 4 0.188857 0.083048 0.057041 0.011657 0.659396
4 4 0.198787 0.089156 0.063206 0.015040 0.633812
4 4 0.224294 0.069987 0.039223 0.007263 0.659233
4 4 0.190038 0.091735 0.067411 0.016045 0.634772
4 4 0.359239 0.108844 0.046336 0.010241 0.475339
4 1 0.303140 0.067241 0.031615 0.007337 0.590667
4 4 0.422917 0.049104 0.016995 0.004371 0.506613
4 4 0.313111 0.059837 0.027251 0.006115 0.593685
4 4 0.214171 0.088520 0.046958 0.008401 0.641950
4 4 0.249866 0.102318 0.059973 0.016779 0.571065
4 4 0.154548 0.068253 0.029338 0.002319 0.745542
4 4 0.095024 0.059067 0.018308 0.000511 0.827091
4 4 0.068444 0.101598 0.026289 0.000487 0.803182
4 4 0.083748 0.209334 0.058861 0.001886 0.646170
4 4 0.117187 0.266025 0.088047 0.001749 0.526991
4 4 0.029805 0.281100 0.268939 0.001214 0.418942
4 4 0.010398 0.262601 0.272586 0.002979 0.451436
4 4 0.008397 0.255985 0.344094 0.003370 0.388155
2 4 0.006201 0.236858 0.427937 0.002885 0.326118
2 4 0.005709 0.221853 0.539309 0.003051 0.230077
2 2 0.003843 0.179166 0.663701 0.002865 0.150425
2 2 0.003304 0.171077 0.671850 0.002651 0.151118
2 1 0.001812 0.097096 0.841648 0.002398 0.057046
2 2 0.001442 0.082795 0.866931 0.001853 0.046979
2 2 0.007033 0.181508 0.722576 0.002764 0.086120
2 2 0.005671 0.129740 0.802298 0.004164 0.058126
2 2 0.008700 0.149922 0.795428 0.002882 0.043068
2 2 0.006409 0.112421 0.848231 0.006395 0.026544
2 2 0.010726 0.157806 0.794156 0.006057 0.031255
2 2 0.004706 0.105167 0.868993 0.003306 0.017829
2 2 0.004399 0.080191 0.900022 0.003998 0.011390
2 2 0.001778 0.032799 0.956617 0.004583 0.004222
2 2 0.001303 0.018987 0.971037 0.006853 0.001821
2 2 0.001012 0.012228 0.978343 0.007566 0.000852
2 2 0.001194 0.015024 0.973423 0.008960 0.001400
2 2 0.000939 0.013601 0.976246 0.007882 0.001333
2 1 0.001202 0.015830 0.970146 0.010838 0.001983
2 1 0.001384 0.017132 0.957695 0.020705 0.003084
2 2 0.002728 0.037290 0.935607 0.017347 0.007029
2 2 0.001903 0.040941 0.935399 0.011073 0.010684
2 2 0.000863 0.016513 0.967822 0.011407 0.003394
2 2 0.000440 0.009310 0.976702 0.010924 0.002625
2 2 0.000666 0.009618 0.975719 0.012186 0.001810
2 2 0.001763 0.019745 0.958324 0.015704 0.004464
2 1 0.001793 0.020907 0.954816 0.018179 0.004304
2 2 0.002596 0.020171 0.925292 0.047815 0.004125
2 2 0.002664 0.022935 0.928284 0.041363 0.004755
2 2 0.004686 0.047144 0.914000 0.025520 0.008650
2 2 0.003857 0.050146 0.924887 0.012844 0.008266
2 2 0.003357 0.036085 0.944107 0.012162 0.004288
2 2 0.004038 0.038468 0.939991 0.013156 0.004348
2 2 0.003107 0.036245 0.945141 0.010957 0.004550
2 1 0.002577 0.029491 0.953057 0.011689 0.003187
2 2 0.004639 0.037707 0.932548 0.020834 0.004272
2 2 0.005471 0.060599 0.910615 0.013935 0.009379
2 2 0.006152 0.060079 0.892171 0.027634 0.013964
2 2 0.003697 0.034389 0.941880 0.016348 0.003687
2 2 0.003225 0.031704 0.946315 0.015242 0.003514
2 2 0.001226 0.014385 0.970086 0.013011 0.001292
2 2 0.001118 0.013518 0.968424 0.015495 0.001445
2 2 0.000404 0.006045 0.972280 0.020237 0.001034
2 2 0.000390 0.005484 0.958455 0.034286 0.001385
2 2 0.000195 0.003226 0.967249 0.028441 0.000890
2 2 0.000311 0.004610 0.960901 0.032470 0.001708
2 2 0.001842 0.021706 0.919007 0.045396 0.012049
2 2 0.002560 0.029046 0.860615 0.080024 0.027756
2 2 0.002942 0.032710 0.846883 0.086144 0.031322
2 2 0.002807 0.021258 0.843075 0.120645 0.012215
2 2 0.002238 0.015055 0.821913 0.152896 0.007898
2 2 0.001425 0.010646 0.824639 0.156211 0.007079
2 0 0.001245 0.006479 0.825388 0.164213 0.002676
2 1 0.005164 0.017226 0.732319 0.238777 0.006514
2 1 0.007278 0.025527 0.720572 0.236850 0.009773
2 2 0.008730 0.035258 0.717867 0.221553 0.016593
2 0 0.012856 0.046762 0.735186 0.190178 0.015018
2 1 0.034269 0.091103 0.727960 0.131565 0.015104
2 2 0.027167 0.256515 0.612758 0.017960 0.085600
2 2 0.020227 0.146786 0.770960 0.030882 0.031145
2 1 0.030203 0.162632 0.740541 0.042021 0.024603
2 2 0.033410 0.132382 0.736020 0.078560 0.019628
2 1 0.027536 0.126010 0.782424 0.049904 0.014126
2 2 0.025331 0.112493 0.800024 0.048993 0.013160
2 1 0.023894 0.075644 0.832570 0.060614 0.007278
2 2 0.074839 0.111651 0.753158 0.049220 0.011131
2 1 0.094066 0.118853 0.732683 0.040174 0.014224
2 1 0.053163 0.103179 0.791911 0.041839 0.009908
2 2 0.029720 0.090702 0.826659 0.044336 0.008583
2 1 0.010534 0.049044 0.905760 0.030931 0.003730
2 1 0.003676 0.026532 0.951014 0.016923 0.001855
2 1 0.005271 0.030990 0.946436 0.015620 0.001682
2 1 0.009803 0.040550 0.927054 0.020181 0.002412
2 2 0.022771 0.094108 0.847242 0.023344 0.012534
2 1 0.011453 0.071840 0.857518 0.043476 0.015712
2 1 0.010170 0.065796 0.837123 0.069128 0.017783
2 2 0.009822 0.076609 0.809521 0.073697 0.030351
2 0 0.007207 0.094045 0.826894 0.032424 0.039430
2 1 0.062428 0.273629 0.600956 0.013910 0.049078
2 1 0.083288 0.295627 0.552669 0.015616 0.052800
2 1 0.086259 0.317831 0.491438 0.027449 0.077023
2 1 0.089558 0.315769 0.473557 0.049146 0.071969
2 1 0.084240 0.313869 0.474790 0.050310 0.076791
2 1 0.079992 0.308314 0.481260 0.052676 0.077757
2 1 0.045403 0.218219 0.656023 0.041827 0.038528
2 1 0.030260 0.178769 0.751453 0.019160 0.020357
2 1 0.032715 0.126956 0.784740 0.042016 0.013573
2 1 0.043126 0.155430 0.750280 0.029510 0.021654
2 2 0.044390 0.207747 0.674821 0.039533 0.033509
2 1 0.024455 0.208893 0.712175 0.014426 0.040050
2 1 0.020911 0.205888 0.716915 0.012487 0.043798
2 1 0.021960 0.211635 0.708779 0.012377 0.045249
2 1 0.015718 0.157876 0.790128 0.011908 0.024371
2 1 0.020525 0.161429 0.784119 0.009791 0.024136
2 1 0.029907 0.139805 0.793850 0.015141 0.021297
2 1 0.061463 0.173929 0.716866 0.022501 0.025241
2 1 0.033560 0.154074 0.747619 0.034946 0.029801
2 1 0.035746 0.166946 0.712128 0.051842 0.033338
2 1 0.073897 0.228728 0.637778 0.037898 0.021699
2 1 0.048802 0.140832 0.729109 0.067240 0.014016
2 2 0.050858 0.126471 0.770839 0.044174 0.007659
2 1 0.073583 0.141391 0.717192 0.057456 0.010378
2 0 0.098671 0.241144 0.591562 0.032910 0.035714
2 0 0.079941 0.252625 0.605922 0.024129 0.037383
2 1 0.046169 0.235546 0.673041 0.013338 0.031906
2 1 0.135438 0.306397 0.499841 0.009972 0.048352
2 1 0.072041 0.249895 0.633414 0.007459 0.037191
2 1 0.085820 0.240630 0.639866 0.008586 0.025098
2 0 0.129006 0.264774 0.563677 0.006652 0.035891
2 1 0.210445 0.329409 0.371653 0.006970 0.081524
2 1 0.123450 0.320413 0.461034 0.009356 0.085747
2 1 0.104675 0.297499 0.530841 0.010538 0.056447
2 1 0.049335 0.231778 0.671708 0.010346 0.036832
2 1 0.055183 0.259980 0.624034 0.009300 0.051504
2 1 0.064069 0.255101 0.626927 0.014002 0.039901
2 1 0.030240 0.186259 0.749211 0.014040 0.020250
2 1 0.026362 0.175333 0.766539 0.013010 0.018757
2 0 0.028887 0.161156 0.777293 0.018198 0.014466
0 0 0.827615 0.100814 0.060604 0.001548 0.009419
0 0 0.874165 0.073975 0.041744 0.000943 0.009173
0 0 0.867434 0.080407 0.041343 0.000945 0.009872
0 0 0.904895 0.060474 0.024802 0.000438 0.009391
0 0 0.836402 0.098366 0.050941 0.001568 0.012723
0 0 0.753566 0.134065 0.080628 0.006244 0.025497
0 0 0.594033 0.211166 0.143162 0.016640 0.034999
0 0 0.576886 0.227902 0.102649 0.007905 0.084658
0 1 0.523387 0.249622 0.143768 0.022628 0.060596
4 1 0.246600 0.265021 0.083847 0.007030 0.397501
1 1 0.127812 0.351822 0.263823 0.010089 0.246453
2 1 0.055430 0.232737 0.573684 0.048847 0.089302
2 1 0.030065 0.136991 0.683485 0.102679 0.046780
2 1 0.011618 0.055774 0.789491 0.125692 0.017425
2 2 0.011588 0.057483 0.817135 0.099360 0.014434
2 2 0.015608 0.063678 0.785835 0.118527 0.016352
2 2 0.011931 0.059454 0.814509 0.097651 0.016454
2 2 0.006779 0.045437 0.870840 0.064517 0.012427
2 2 0.002495 0.017517 0.926453 0.050486 0.003049
2 2 0.003368 0.020063 0.927397 0.046378 0.002793
2 2 0.003956 0.022037 0.910527 0.059908 0.003573
2 2 0.003306 0.018955 0.901792 0.072209 0.003739
2 2 0.001746 0.013688 0.943266 0.039143 0.002157
2 2 0.001386 0.012632 0.943604 0.040051 0.002327
2 2 0.000764 0.007513 0.953630 0.036660 0.001433
2 2 0.000480 0.004436 0.945132 0.048884 0.001067
2 2 0.000566 0.004525 0.944934 0.049013 0.000961
2 2 0.000741 0.005349 0.931793 0.060885 0.001232
2 2 0.000955 0.006869 0.923125 0.067369 0.001682
2 2 0.000396 0.003444 0.916452 0.078504 0.001204
2 2 0.000734 0.004987 0.893266 0.099337 0.001676
2 2 0.001000 0.006252 0.888419 0.102360 0.001970
2 2 0.002261 0.011117 0.832484 0.150289 0.003850
2 2 0.002360 0.010899 0.789614 0.192587 0.004540
2 3 0.002652 0.009329 0.583632 0.397464 0.006923
2 3 0.004665 0.012500 0.495020 0.478498 0.009317
2 3 0.003541 0.010770 0.551006 0.427007 0.007676
2 3 0.003284 0.009687 0.504509 0.474647 0.007872
2 3 0.002563 0.008278 0.559330 0.423571 0.006259
2 3 0.001843 0.006937 0.612083 0.373975 0.005162
2 3 0.001664 0.009268 0.774011 0.210044 0.005013
2 3 0.001624 0.008074 0.730454 0.254965 0.004884
2 3 0.000915 0.004596 0.724718 0.266691 0.003080
2 3 0.001562 0.005877 0.576924 0.410645 0.004993
3 3 0.002302 0.007027 0.466719 0.517091 0.006862
3 3 0.001519 0.003548 0.291034 0.698678 0.005220
3 3 0.001301 0.003345 0.304585 0.685645 0.005124
3 3 0.000906 0.002561 0.310099 0.682143 0.004292
3 3 0.000684 0.002075 0.298654 0.694659 0.003928
3 3 0.000873 0.002506 0.291514 0.700553 0.004555
3 3 0.000806 0.002283 0.283073 0.709570 0.004268
3 3 0.000918 0.002480 0.273429 0.718598 0.004575
3 3 0.000913 0.002057 0.217759 0.775145 0.004126
3 3 0.000979 0.002162 0.214779 0.777786 0.004294
3 3 0.002260 0.004060 0.190934 0.795696 0.007049
3 3 0.003281 0.005971 0.207594 0.773831 0.009323
3 3 0.003637 0.005167 0.152045 0.830431 0.008722
3 3 0.003502 0.004940 0.149516 0.833594 0.008448
3 3 0.004897 0.006263 0.156437 0.823176 0.009226
3 3 0.009913 0.013080 0.193448 0.768508 0.015050
3 3 0.002408 0.004688 0.214449 0.770729 0.007726
3 3 0.002434 0.003750 0.157515 0.829490 0.006811
3 3 0.002188 0.003231 0.145626 0.842810 0.006144
3 3 0.001677 0.002463 0.137233 0.853592 0.005035
3 3 0.001674 0.002022 0.104012 0.887820 0.004471
3 3 0.001778 0.002420 0.124811 0.865966 0.005025
3 3 0.001710 0.002261 0.118903 0.872327 0.004798
3 3 0.003336 0.004323 0.131728 0.852859 0.007754
3 3 0.005431 0.005538 0.103035 0.876388 0.009608
3 3 0.005766 0.004928 0.080735 0.899556 0.009014
3 3 0.005528 0.005572 0.101692 0.877543 0.009665
3 3 0.006818 0.007663 0.123495 0.849987 0.012038
3 3 0.007462 0.008782 0.133873 0.836666 0.013217
3 3 0.002860 0.004621 0.173123 0.811514 0.007881
3 3 0.001843 0.002726 0.141237 0.848773 0.005421
3 3 0.001380 0.001883 0.119007 0.873556 0.004174
3 3 0.001949 0.002395 0.109915 0.880685 0.005055
3 3 0.000844 0.001106 0.101748 0.893468 0.002834
3 3 0.001158 0.001669 0.124249 0.869133 0.003790
3 3 0.000920 0.001383 0.125920 0.868497 0.003280
3 3 0.002572 0.006670 0.412477 0.571553 0.006727
3 3 0.003229 0.005337 0.182456 0.800250 0.008727
3 3 0.003660 0.004965 0.142840 0.840007 0.008528
3 3 0.002757 0.003339 0.115337 0.872036 0.006531
3 3 0.002515 0.003500 0.137777 0.849635 0.006572
3 3 0.002544 0.002797 0.098828 0.890081 0.005751
3 3 0.004015 0.004263 0.102909 0.880930 0.007883
3 3 0.002409 0.001996 0.064517 0.926439 0.004639
3 3 0.002876 0.002093 0.055170 0.934985 0.004876
3 3 0.002879 0.002310 0.063831 0.925792 0.005188
3 3 0.001962 0.001747 0.068794 0.923331 0.004167
3 3 0.001227 0.001613 0.110307 0.883111 0.003742
3 3 0.002016 0.003254 0.161948 0.826687 0.006095
3 3 0.001052 0.002125 0.193755 0.798763 0.004304
3 3 0.001168 0.002415 0.203530 0.788179 0.004708
3 3 0.001743 0.003553 0.214967 0.773476 0.006260
3 3 0.002336 0.004745 0.225241 0.759942 0.007737
3 3 0.002417 0.004400 0.196672 0.789052 0.007459
3 3 0.002547 0.004083 0.167674 0.818488 0.007207
3 3 0.001957 0.002343 0.105990 0.884719 0.004991
3 3 0.006681 0.008121 0.137207 0.835567 0.012424
3 3 0.005057 0.005250 0.104274 0.876203 0.009216
3 3 0.004354 0.004171 0.090191 0.893424 0.007860
3 3 0.002751 0.002945 0.096602 0.891705 0.005995
3 3 0.001935 0.002118 0.092902 0.898359 0.004686
3 3 0.002997 0.003705 0.120729 0.865603 0.006966
3 3 0.002597 0.003206 0.117143 0.870790 0.006264
3 3 0.003099 0.003681 0.114874 0.871079 0.007267
3 3 0.002646 0.003703 0.140203 0.846603 0.006845
3 3 0.002894 0.003901 0.135403 0.850653 0.007149
3 3 0.005694 0.007288 0.143100 0.832524 0.011393
3 3 0.004349 0.006085 0.153902 0.825809 0.009855
3 3 0.005304 0.006441 0.131330 0.846439 0.010486
3 3 0.005334 0.007005 0.146502 0.830133 0.011027
3 3 0.003339 0.003779 0.108766 0.876961 0.007154
3 3 0.007058 0.006709 0.097990 0.877080 0.011163
3 3 0.006981 0.007282 0.111651 0.862372 0.011713
3 3 0.004946 0.004431 0.083909 0.898348 0.008365
3 3 0.005704 0.004722 0.076880 0.903928 0.008767
3 3 0.004060 0.004124 0.096790 0.887290 0.007736
3 3 0.001917 0.003472 0.187263 0.801070 0.006278
3 3 0.001925 0.003321 0.175774 0.812856 0.006124
3 3 0.001631 0.002663 0.157986 0.832469 0.005251
3 3 0.001224 0.002195 0.170024 0.822065 0.004492
3 3 0.001354 0.002256 0.156765 0.834990 0.004635
3 3 0.001518 0.002159 0.128709 0.863024 0.004590
3 3 0.002119 0.002398 0.099278 0.891091 0.005114
3 3 0.002657 0.001899 0.052812 0.938084 0.004547
3 3 0.009799 0.007909 0.082333 0.887104 0.012855
3 0 0.015047 0.009442 0.061693 0.898742 0.015075
3 0 0.033277 0.026954 0.121918 0.790792 0.027058
2 2 0.088099 0.117836 0.378198 0.376702 0.039165
2 2 0.091974 0.173555 0.583007 0.128317 0.023148
2 1 0.187251 0.283215 0.467891 0.028208 0.033434
2 1 0.099528 0.231369 0.619156 0.024280 0.025667
2 0 0.049415 0.293273 0.523911 0.013679 0.119722
2 0 0.079671 0.285838 0.545656 0.019720 0.069115
2 1 0.084751 0.313288 0.483703 0.010331 0.107928
1 1 0.118903 0.347176 0.264271 0.006628 0.263022
2 1 0.075251 0.344013 0.413576 0.013010 0.154150
2 1 0.018979 0.257832 0.612923 0.008415 0.101851
2 1 0.020142 0.247326 0.647989 0.008042 0.076501
2 1 0.014109 0.187560 0.755527 0.005592 0.037211
2 1 0.017504 0.191537 0.752041 0.004539 0.034379
2 1 0.017036 0.168608 0.785333 0.005017 0.024005
2 1 0.032269 0.192619 0.744991 0.005563 0.024559
2 1 0.042060 0.212032 0.709606 0.011311 0.024990
2 1 0.038466 0.196024 0.731393 0.011669 0.022448
2 1 0.064724 0.277884 0.592708 0.011181 0.053503
2 1 0.063189 0.266842 0.613958 0.010685 0.045327
2 2 0.136858 0.331100 0.450775 0.018205 0.063063
2 2 0.149735 0.352519 0.401713 0.016612 0.079422
1 2 0.275972 0.357201 0.262464 0.011921 0.092441
1 2 0.244220 0.361115 0.289252 0.010677 0.094735
2 2 0.104490 0.322870 0.495791 0.013422 0.063428
2 1 0.072489 0.274106 0.598299 0.009919 0.045187
2 1 0.074763 0.303480 0.546722 0.010864 0.064171
2 1 0.061745 0.240329 0.655177 0.011160 0.031589
2 1 0.130141 0.265971 0.554895 0.022745 0.026248
2 1 0.102390 0.202572 0.645617 0.034121 0.015300
2 1 0.099541 0.230926 0.636082 0.015113 0.018338
2 1 0.197064 0.329008 0.399324 0.021784 0.052821
2 1 0.155567 0.348814 0.400336 0.014045 0.081237
2 1 0.072266 0.275458 0.602662 0.016795 0.032819
2 1 0.103510 0.305212 0.534959 0.020931 0.035388
2 1 0.026935 0.168089 0.773075 0.015081 0.016820
2 1 0.022217 0.162837 0.782180 0.014076 0.018689
2 1 0.011762 0.119156 0.843777 0.011673 0.013632
2 1 0.009162 0.115713 0.851121 0.008831 0.015173
2 1 0.007699 0.105625 0.863307 0.009130 0.014239
2 1 0.007408 0.087182 0.884788 0.010654 0.009969
2 1 0.007056 0.091794 0.883995 0.007728 0.009427
2 1 0.007214 0.085306 0.890125 0.009056 0.008299
2 2 0.009178 0.085377 0.884634 0.012892 0.007920
2 1 0.016986 0.099136 0.845355 0.028007 0.010515
2 1 0.010836 0.067941 0.889864 0.024811 0.006548
2 1 0.010912 0.067438 0.883605 0.029893 0.008152
2 1 0.027101 0.096420 0.841120 0.026771 0.008587
2 1 0.057803 0.119202 0.778075 0.036701 0.008219
2 1 0.100469 0.225207 0.615080 0.034689 0.024555
2 1 0.023789 0.191359 0.733952 0.017742 0.033157
2 1 0.037044 0.243120 0.657280 0.017670 0.044886
2 1 0.042991 0.254526 0.635683 0.020041 0.046759
2 1 0.054152 0.251823 0.635701 0.020190 0.038133
2 1 0.078391 0.283572 0.575775 0.016429 0.045832
2 1 0.059259 0.269640 0.607481 0.022534 0.041086
2 1 0.064435 0.286839 0.580638 0.021671 0.046416
2 1 0.037777 0.230532 0.684946 0.014199 0.032545
2 1 0.025701 0.196182 0.743058 0.009734 0.025325
2 1 0.014946 0.152322 0.800065 0.010683 0.021985
2 1 0.016185 0.129444 0.836153 0.006303 0.011916
2 1 0.045871 0.202326 0.719337 0.006774 0.025693
2 1 0.076202 0.294588 0.546407 0.006391 0.076412
2 1 0.084245 0.314083 0.516643 0.013399 0.071630
2 1 0.111967 0.312468 0.507690 0.011150 0.056725
2 1 0.232086 0.332583 0.352562 0.010414 0.072354
2 1 0.075675 0.249846 0.633412 0.012189 0.028878
2 1 0.070498 0.287387 0.576977 0.014427 0.050710
2 1 0.145361 0.325885 0.454010 0.012789 0.061956
2 0 0.246017 0.313160 0.378158 0.009633 0.053032
2 1 0.030262 0.216225 0.695083 0.019263 0.039167
2 1 0.014087 0.137079 0.806906 0.017491 0.024437
2 2 0.010678 0.121756 0.807319 0.021069 0.039178
2 2 0.004149 0.039634 0.898578 0.044900 0.012739
2 2 0.003724 0.042227 0.904187 0.035845 0.014018
2 2 0.005360 0.076053 0.772179 0.053985 0.092423
2 4 0.006301 0.102170 0.604603 0.011021 0.275906
4 4 0.008714 0.099862 0.230044 0.001617 0.659763
4 4 0.020399 0.050216 0.023658 0.000154 0.905573
4 4 0.038128 0.025203 0.006796 0.000046 0.929828
4 4 0.059178 0.018669 0.007176 0.000113 0.914865
4 4 0.083032 0.019212 0.010397 0.000362 0.886998
4 4 0.115252 0.029175 0.020387 0.001573 0.833614
4 4 0.121157 0.020616 0.012430 0.000779 0.845019
4 4 0.158577 0.030234 0.016442 0.001396 0.793351
4 4 0.087027 0.019623 0.014490 0.000778 0.878083
4 4 0.074469 0.026603 0.028946 0.002260 0.867722
4 4 0.078154 0.050983 0.044955 0.003481 0.822428
4 4 0.064415 0.049017 0.036320 0.001793 0.848455
4 4 0.089763 0.084733 0.044891 0.002583 0.778030
4 4 0.066753 0.026278 0.033842 0.002870 0.870257
4 4 0.063378 0.026130 0.035217 0.002977 0.872297
4 4 0.059030 0.020621 0.028092 0.002084 0.890173
4 4 0.068553 0.018507 0.023636 0.001860 0.887445
4 4 0.092296 0.019455 0.021969 0.002112 0.864168
4 4 0.121654 0.032668 0.025549 0.002492 0.817637
4 4 0.099693 0.028827 0.020574 0.001368 0.849538
4 4 0.182622 0.038800 0.012457 0.000717 0.765405
4 4 0.129398 0.058192 0.031304 0.002476 0.778629
4 4 0.085537 0.061349 0.055609 0.005295 0.792209
4 4 0.085201 0.053753 0.077196 0.012739 0.771111
4 4 0.092307 0.075074 0.104973 0.021646 0.706000
4 4 0.098299 0.083229 0.059360 0.005528 0.753583
4 4 0.085994 0.063622 0.046130 0.003367 0.800887
4 4 0.085723 0.045484 0.029022 0.001608 0.838164
4 4 0.047744 0.046838 0.036461 0.001355 0.867602
4 4 0.022912 0.058419 0.050112 0.000681 0.867877
4 4 0.023167 0.026189 0.010965 0.000075 0.939604
4 4 0.021546 0.024307 0.008136 0.000039 0.945973
4 4 0.022652 0.025217 0.008750 0.000046 0.943334
4 4 0.107420 0.052139 0.034222 0.002670 0.803549
4 4 0.123053 0.079821 0.028166 0.001388 0.767572
4 4 0.112777 0.141644 0.026770 0.000697 0.718113
4 4 0.042691 0.111166 0.021033 0.000163 0.824947
4 4 0.021491 0.120562 0.031302 0.000142 0.826503
4 4 0.027171 0.122216 0.027665 0.000171 0.822777
4 2 0.059711 0.128793 0.025494 0.000322 0.785680
4 2 0.039863 0.226842 0.102066 0.001052 0.630177
4 2 0.080394 0.196834 0.052322 0.000966 0.669483
4 2 0.074766 0.265823 0.119924 0.001291 0.538196
4 2 0.033759 0.251571 0.169265 0.000997 0.544407
4 2 0.019933 0.280468 0.308112 0.001941 0.389546
2 2 0.004634 0.213648 0.498923 0.001619 0.281177
2 2 0.004355 0.217613 0.470224 0.001881 0.305927
2 2 0.001629 0.159766 0.600489 0.001032 0.237084
2 2 0.001698 0.152131 0.647654 0.001360 0.197157
2 2 0.000869 0.094023 0.790272 0.001468 0.113368
2 2 0.000872 0.087713 0.809486 0.001763 0.100165
2 2 0.001104 0.086810 0.806716 0.002640 0.102730
2 2 0.000912 0.063351 0.852347 0.003649 0.079742
2 2 0.000181 0.013121 0.978185 0.001980 0.006532
2 2 0.000369 0.022800 0.967881 0.001602 0.007347
2 2 0.000262 0.015924 0.974648 0.002324 0.006843
2 2 0.000140 0.009769 0.981558 0.002885 0.005647
2 2 0.000192 0.016135 0.971887 0.001828 0.009958
2 2 0.000332 0.026411 0.958833 0.001311 0.013113
2 2 0.000222 0.018940 0.969581 0.001182 0.010075
2 2 0.000640 0.039665 0.942964 0.001287 0.015444
2 2 0.000691 0.042310 0.932685 0.001559 0.022756
2 2 0.002008 0.104466 0.849163 0.001096 0.043267
2 2 0.001173 0.063938 0.908827 0.001399 0.024663
2 2 0.001080 0.065845 0.897512 0.000952 0.034610
2 2 0.002046 0.084829 0.861074 0.001453 0.050598
2 2 0.000920 0.048243 0.922632 0.002087 0.026118
2 2 0.000733 0.036244 0.947486 0.001927 0.013609
2 2 0.000450 0.022152 0.967850 0.002095 0.007453
2 2 0.000584 0.021472 0.968854 0.002400 0.006690
2 2 0.001875 0.039175 0.939562 0.003167 0.016221
2 2 0.002896 0.042352 0.933341 0.004667 0.016744
2 2 0.011088 0.185165 0.726319 0.001960 0.075468
2 2 0.016356 0.106945 0.845096 0.019381 0.012222
2 2 0.079088 0.210970 0.670188 0.018866 0.020888
2 2 0.201558 0.261535 0.491455 0.026296 0.019156
2 2 0.271306 0.309393 0.357587 0.026613 0.035101
1 0 0.281243 0.336422 0.256551 0.018631 0.107154
0 2 0.404187 0.294448 0.133327 0.012594 0.155444
0 0 0.408273 0.294222 0.140737 0.018893 0.137874
1 1 0.273538 0.347471 0.208623 0.034373 0.135995
2 1 0.082020 0.334112 0.465731 0.031321 0.086815
2 1 0.072395 0.306921 0.532281 0.025408 0.062995
2 1 0.038575 0.275010 0.596841 0.014264 0.075310
2 1 0.027966 0.168931 0.743778 0.025905 0.033419
2 1 0.030722 0.158846 0.774914 0.015180 0.020338
2 1 0.027653 0.146730 0.800739 0.014106 0.010772
2 1 0.029098 0.112980 0.830533 0.020876 0.006514
2 1 0.020700 0.104211 0.848116 0.019273 0.007701
2 2 0.072070 0.278740 0.590150 0.008579 0.050460
2 0 0.067905 0.304972 0.541453 0.012598 0.073073
2 1 0.082329 0.323640 0.492554 0.011953 0.089524
2 1 0.085141 0.342945 0.446030 0.017294 0.108591
2 1 0.035865 0.244046 0.657493 0.003445 0.059152
1 1 0.183511 0.346650 0.323844 0.004888 0.141106
2 1 0.127769 0.342519 0.381329 0.007175 0.141208
1 1 0.124082 0.348482 0.272274 0.007219 0.247944
2 1 0.045355 0.279313 0.598134 0.017700 0.059498
2 2 0.062045 0.263028 0.608451 0.027646 0.038830
2 1 0.035659 0.219819 0.696315 0.016642 0.031565
2 1 0.133419 0.316051 0.476728 0.011896 0.061906
2 0 0.289467 0.292107 0.312120 0.021919 0.084388
0 0 0.323419 0.297581 0.136495 0.010065 0.232440
4 1 0.196763 0.323156 0.133883 0.011709 0.334489
1 2 0.093158 0.371506 0.277293 0.028542 0.229501
1 2 0.067716 0.378816 0.331975 0.021991 0.199503
2 2 0.035290 0.344022 0.377122 0.012206 0.231359
2 2 0.010593 0.259893 0.481487 0.005308 0.242719
2 2 0.008257 0.198780 0.698146 0.004737 0.090080
2 2 0.003876 0.112180 0.855092 0.002804 0.026047
2 2 0.003487 0.096682 0.876669 0.002937 0.020225
2 2 0.006141 0.116981 0.838607 0.006471 0.031800
2 2 0.003895 0.070929 0.902865 0.006927 0.015384
2 2 0.004512 0.063447 0.919832 0.006260 0.005950
2 2 0.004561 0.051609 0.924447 0.013297 0.006087
2 2 0.004617 0.056636 0.919971 0.011596 0.007181
2 2 0.003494 0.052261 0.930181 0.007937 0.006126
2 2 0.004343 0.057838 0.922969 0.008256 0.006593
2 2 0.004341 0.056093 0.926987 0.006962 0.005617
2 1 0.004116 0.045372 0.940348 0.006687 0.003477
2 1 0.004734 0.055486 0.931517 0.004729 0.003534
2 1 0.012938 0.114226 0.860186 0.005055 0.007595
2 2 0.014780 0.120725 0.850021 0.006221 0.008253
2 2 0.018969 0.132273 0.830283 0.009016 0.009460
2 2 0.025022 0.160607 0.789143 0.011247 0.013982
2 2 0.023948 0.164208 0.783904 0.011733 0.016207
2 2 0.029333 0.204646 0.724863 0.013027 0.028130
2 2 0.021718 0.186354 0.751826 0.011725 0.028377
2 2 0.022604 0.192543 0.745703 0.010406 0.028744
2 2 0.020081 0.181980 0.761498 0.009741 0.026700
2 1 0.017945 0.166709 0.786527 0.007922 0.020897
2 1 0.014111 0.122142 0.846692 0.007340 0.009716
2 2 0.009003 0.102865 0.874544 0.005116 0.008473
2 2 0.016876 0.132101 0.831201 0.008947 0.010875
2 2 0.023159 0.136753 0.808120 0.018121 0.013847
2 2 0.024687 0.179245 0.762220 0.012343 0.021505
2 2 0.015036 0.141710 0.818647 0.008813 0.015793
2 2 0.010617 0.105150 0.870443 0.005946 0.007845
2 2 0.010528 0.092795 0.882708 0.007325 0.006644
2 2 0.011289 0.086185 0.886119 0.010003 0.006405
2 2 0.011682 0.098891 0.872413 0.009177 0.007837
2 1 0.010505 0.091830 0.882916 0.008048 0.006701
2 2 0.013295 0.126509 0.844013 0.005626 0.010558
2 2 0.016177 0.143603 0.820217 0.006618 0.013385
2 2 0.051850 0.183254 0.745102 0.006497 0.013297
2 0 0.090393 0.220675 0.660858 0.013237 0.014837
2 0 0.224635 0.317261 0.396514 0.021973 0.039616
2 1 0.121133 0.334009 0.459067 0.022303 0.063488
2 0 0.146112 0.337902 0.426760 0.037333 0.051893
0 1 0.365522 0.321897 0.207695 0.020057 0.084828
1 0 0.275945 0.344859 0.196412 0.008836 0.173949
4 1 0.262060 0.294837 0.107309 0.006380 0.329414
1 1 0.258454 0.332725 0.148173 0.009652 0.250995
1 1 0.135475 0.345162 0.308782 0.007090 0.203491
2 1 0.152245 0.332889 0.410833 0.014994 0.089039
2 1 0.053035 0.242263 0.651447 0.022129 0.031125
2 1 0.024964 0.177620 0.768608 0.008839 0.019969
2 1 0.019809 0.208993 0.716368 0.005909 0.048922
2 1 0.026623 0.231659 0.668537 0.006120 0.067061
2 1 0.020350 0.218582 0.697245 0.009460 0.054363
2 1 0.015030 0.188183 0.746771 0.008537 0.041479
2 1 0.048418 0.300970 0.549424 0.011198 0.089991
2 1 0.059061 0.296902 0.546114 0.015798 0.082125
2 1 0.055727 0.281924 0.565644 0.019233 0.077473
2 1 0.024939 0.206853 0.716288 0.014346 0.037574
2 1 0.015698 0.159978 0.789843 0.010377 0.024105
2 1 0.020507 0.182574 0.763482 0.008550 0.024887
2 1 0.028360 0.230335 0.686290 0.011768 0.043247
2 1 0.031286 0.224446 0.696449 0.006588 0.041231
2 4 0.072911 0.299163 0.547936 0.011171 0.068819
2 1 0.055969 0.275276 0.590179 0.017844 0.060732
2 1 0.070075 0.306104 0.525895 0.018403 0.079522
2 1 0.058526 0.276271 0.595728 0.018399 0.051076
2 1 0.134931 0.263993 0.483967 0.046999 0.070110
2 1 0.290792 0.284923 0.342561 0.044253 0.037470
2 1 0.220791 0.295756 0.367520 0.020661 0.095272
2 1 0.086782 0.275999 0.574850 0.018659 0.043709
2 1 0.144099 0.255366 0.547433 0.025818 0.027283
0 1 0.375845 0.296374 0.257076 0.018374 0.052331
1 1 0.294648 0.324376 0.263478 0.013076 0.104422
1 1 0.301020 0.321445 0.282724 0.013429 0.081382
1 1 0.247115 0.344371 0.302584 0.017467 0.088463
2 1 0.316983 0.301669 0.317181 0.008910 0.055256
1 1 0.258518 0.359716 0.264268 0.009234 0.108264
1 1 0.146851 0.350503 0.312105 0.008585 0.181956
1 1 0.082759 0.357307 0.353605 0.013507 0.192822
2 1 0.033445 0.268215 0.608284 0.016464 0.073592
2 0 0.036348 0.190368 0.727463 0.024082 0.021739
2 0 0.016108 0.131755 0.831360 0.005868 0.014909
2 1 0.079741 0.218001 0.675039 0.005180 0.022038
0 1 0.561098 0.236844 0.153840 0.005472 0.042745
0 1 0.376674 0.313385 0.252180 0.010763 0.046999
0 1 0.430344 0.295648 0.213041 0.009843 0.051125
2 1 0.036905 0.245701 0.657707 0.015477 0.044209
2 1 0.052122 0.314401 0.541504 0.011918 0.080054
2 1 0.058661 0.269321 0.613456 0.004583 0.053978
1 1 0.210651 0.348249 0.329251 0.007504 0.104345
1 1 0.215900 0.352629 0.200709 0.006460 0.224302
1 1 0.176556 0.359911 0.210701 0.009012 0.243820
1 1 0.328929 0.339026 0.186730 0.008496 0.136819
1 1 0.245406 0.352632 0.232146 0.008065 0.161752
1 1 0.231743 0.337290 0.252977 0.008129 0.169861
4 1 0.157138 0.315827 0.197025 0.007511 0.322497
2 1 0.092263 0.325106 0.432719 0.013739 0.136174
2 1 0.040182 0.218365 0.681976 0.026709 0.032768
2 2 0.024340 0.173766 0.761966 0.017246 0.022683
2 2 0.027754 0.190009 0.733481 0.020491 0.028264
2 2 0.011810 0.148083 0.800946 0.011376 0.027786
2 2 0.011741 0.128706 0.824532 0.013047 0.021974
2 2 0.008492 0.112707 0.847470 0.010577 0.020753
2 2 0.007190 0.132389 0.829797 0.004971 0.025654
2 2 0.007328 0.128561 0.834246 0.005766 0.024100
2 2 0.005431 0.103536 0.869046 0.005286 0.016701
2 2 0.011139 0.103921 0.857895 0.014251 0.012795
2 2 0.013825 0.083301 0.857338 0.033801 0.011735
2 2 0.015316 0.079682 0.833490 0.056263 0.015249
2 2 0.013852 0.074535 0.807995 0.081534 0.022083
2 2 0.038407 0.130484 0.695446 0.089532 0.046130
2 2 0.067487 0.125832 0.474236 0.269359 0.063086
3 1 0.148802 0.138673 0.310185 0.346817 0.055523
3 2 0.064793 0.054079 0.147606 0.692534 0.040987
3 2 0.055940 0.046784 0.119568 0.729728 0.047980
3 2 0.078977 0.065241 0.133364 0.657645 0.064773
3 1 0.059056 0.053682 0.125776 0.711282 0.050204
3 2 0.051160 0.044542 0.117588 0.742378 0.044331
3 2 0.031827 0.024248 0.092610 0.822056 0.029259
3 2 0.056063 0.039055 0.158736 0.720581 0.025565
3 1 0.054771 0.033153 0.179646 0.714688 0.017742
3 2 0.025588 0.021579 0.191664 0.745361 0.015809
3 2 0.123080 0.096485 0.306756 0.446308 0.027371
3 2 0.153310 0.118938 0.268606 0.420952 0.038193
3 2 0.103348 0.088161 0.283251 0.490732 0.034508
0 2 0.401169 0.169818 0.230497 0.141229 0.057287
3 2 0.026061 0.013440 0.145099 0.806670 0.008731
3 2 0.039880 0.018223 0.169771 0.762406 0.009721
3 2 0.136045 0.054799 0.305991 0.485717 0.017449
3 2 0.109789 0.067383 0.387258 0.416891 0.018680
2 2 0.116399 0.098538 0.537711 0.230175 0.017177
2 2 0.201422 0.158382 0.545434 0.079487 0.015275
2 2 0.204655 0.185476 0.491242 0.097402 0.021225
2 2 0.069487 0.111261 0.701099 0.105177 0.012975
2 2 0.080101 0.116881 0.604213 0.179645 0.019161
2 2 0.041720 0.053491 0.445879 0.440333 0.018578
3 2 0.023584 0.021148 0.212679 0.727683 0.014907
3 2 0.006397 0.011675 0.320015 0.649547 0.012367
3 2 0.013641 0.020114 0.398002 0.556944 0.011298
3 2 0.023229 0.030901 0.419470 0.512644 0.013755
3 2 0.049771 0.053656 0.346015 0.528313 0.022246
3 2 0.039816 0.050896 0.369810 0.514724 0.024754
2 2 0.095143 0.093370 0.477744 0.303102 0.030641
2 2 0.299059 0.142584 0.328524 0.194175 0.035657
2 2 0.320562 0.175306 0.334610 0.144081 0.025441
2 0 0.278973 0.188325 0.330796 0.173290 0.028615
2 0 0.238090 0.187183 0.368310 0.184793 0.021624
2 0 0.216853 0.205206 0.264252 0.261431 0.052259
3 0 0.101291 0.097075 0.179073 0.564473 0.058088
3 0 0.053649 0.047371 0.120275 0.732507 0.046198
3 1 0.031765 0.024188 0.092516 0.822322 0.029209
3 1 0.036458 0.028824 0.099361 0.802386 0.032970
3 1 0.025456 0.026383 0.137022 0.773007 0.038132
3 1 0.032650 0.049061 0.223549 0.633911 0.060829
3 1 0.035917 0.052784 0.258420 0.610765 0.042114
2 1 0.044240 0.093784 0.555874 0.277896 0.028206
2 1 0.045636 0.136713 0.668734 0.121578 0.027339
2 2 0.032477 0.156066 0.707377 0.068248 0.035831
2 1 0.033566 0.170246 0.729491 0.040887 0.025810
2 0 0.044738 0.146121 0.708885 0.080913 0.019342
2 1 0.037075 0.122532 0.688536 0.127090 0.024767
2 1 0.027511 0.095240 0.708501 0.146532 0.022216
