0 0 0.488956 0.197203 0.229258 0.031027 0.053557
0 0 0.786191 0.129850 0.039793 0.003282 0.040884
0 0 0.843018 0.100537 0.021437 0.001438 0.033571
0 0 0.812706 0.098321 0.025678 0.004588 0.058706
0 0 0.819684 0.087039 0.023044 0.006405 0.063828
0 0 0.803671 0.089368 0.023723 0.009744 0.073494
0 0 0.885693 0.048501 0.009129 0.005830 0.050847
0 0 0.912281 0.040911 0.006575 0.003127 0.037107
0 0 0.907261 0.036446 0.006003 0.005248 0.045042
0 0 0.924950 0.028315 0.004067 0.003435 0.039232
0 0 0.874563 0.064721 0.013823 0.003952 0.042943
0 0 0.925245 0.042703 0.006108 0.001049 0.024895
0 0 0.894161 0.065815 0.011294 0.001104 0.027625
0 0 0.864529 0.073511 0.019072 0.003618 0.039270
0 0 0.771032 0.114278 0.053899 0.009795 0.050996
0 0 0.680514 0.136802 0.104873 0.020775 0.057037
0 0 0.739115 0.128164 0.073078 0.009617 0.050026
0 0 0.884976 0.059429 0.017000 0.003038 0.035556
0 0 0.758344 0.107524 0.067585 0.012333 0.054214
0 0 0.806816 0.099311 0.040058 0.006656 0.047159
0 0 0.892895 0.046522 0.008365 0.003815 0.048403
0 0 0.809104 0.088907 0.022973 0.006167 0.072849
0 0 0.735659 0.125090 0.044474 0.010300 0.084477
0 0 0.667737 0.128181 0.063281 0.027981 0.112820
0 0 0.615991 0.087902 0.033104 0.041809 0.221194
0 0 0.550677 0.116060 0.041115 0.022170 0.269978
0 0 0.457701 0.128079 0.038611 0.005623 0.369986
0 0 0.440461 0.128041 0.031232 0.001586 0.398680
4 0 0.300872 0.119974 0.033172 0.001942 0.544041
0 0 0.478889 0.119174 0.032437 0.003519 0.365980
0 0 0.609873 0.132259 0.038950 0.005372 0.213547
0 0 0.759065 0.106394 0.027900 0.004395 0.102245
0 0 0.803489 0.098241 0.026003 0.004601 0.067666
0 0 0.864312 0.068255 0.014052 0.002654 0.050727
0 0 0.864498 0.070631 0.014535 0.002602 0.047735
0 0 0.908409 0.051160 0.008182 0.001060 0.031189
0 0 0.852329 0.079184 0.017109 0.002649 0.048730
0 0 0.887281 0.060391 0.011048 0.001809 0.039471
0 0 0.919797 0.046535 0.006826 0.000747 0.026095
0 0 0.873630 0.077286 0.014668 0.001153 0.033263
0 0 0.625292 0.152638 0.110387 0.023670 0.088013
0 0 0.423376 0.169813 0.283045 0.055353 0.068413
0 0 0.506053 0.148842 0.202476 0.068291 0.074337
0 0 0.535733 0.158782 0.194778 0.048036 0.062671
0 0 0.848847 0.070389 0.018967 0.006717 0.055081
0 0 0.879338 0.061070 0.015702 0.004039 0.039851
0 0 0.820910 0.078595 0.031563 0.011363 0.057569
0 0 0.879295 0.060139 0.014737 0.004163 0.041666
0 0 0.900102 0.054675 0.009363 0.001918 0.033942
0 0 0.914444 0.046372 0.007240 0.001544 0.030400
0 0 0.901623 0.048864 0.008373 0.002671 0.038469
0 0 0.864570 0.066951 0.013969 0.004416 0.050094
0 0 0.828765 0.078967 0.022622 0.008192 0.061455
0 0 0.762262 0.124888 0.050245 0.006894 0.055711
0 0 0.658085 0.194140 0.086322 0.005965 0.055489
0 0 0.623006 0.231317 0.087406 0.003872 0.054399
0 4 0.607451 0.236349 0.092997 0.004289 0.058914
0 4 0.627443 0.238783 0.086060 0.002515 0.045199
1 4 0.341106 0.359164 0.180238 0.003223 0.116270
1 4 0.188328 0.406477 0.230818 0.001739 0.172639
4 4 0.132606 0.171103 0.061530 0.000542 0.634219
4 4 0.228516 0.155576 0.050430 0.001136 0.564341
4 4 0.235047 0.211916 0.083682 0.001924 0.467431
0 4 0.359375 0.231561 0.090621 0.003112 0.315331
0 4 0.472614 0.251025 0.086493 0.001963 0.187905
1 4 0.275724 0.375934 0.206060 0.003306 0.138977
1 4 0.241217 0.403029 0.241252 0.003197 0.111305
1 4 0.204284 0.365139 0.343120 0.008610 0.078847
1 4 0.180330 0.372889 0.346134 0.006130 0.094518
2 4 0.122097 0.330574 0.469574 0.007365 0.070389
1 4 0.264110 0.353856 0.278938 0.006600 0.096496
1 4 0.273007 0.343501 0.284916 0.006949 0.091626
0 4 0.413774 0.333062 0.144405 0.002429 0.106330
1 4 0.197989 0.409298 0.244702 0.002315 0.145697
1 4 0.227869 0.407951 0.221037 0.001840 0.141303
1 4 0.234790 0.407258 0.207394 0.001455 0.149103
1 4 0.225490 0.396139 0.193524 0.001236 0.183611
1 4 0.270255 0.326126 0.140591 0.001508 0.261520
4 4 0.237855 0.294452 0.114543 0.000906 0.352244
0 4 0.392346 0.204391 0.058190 0.000892 0.344182
1 4 0.061177 0.365369 0.303436 0.001733 0.268286
4 4 0.131552 0.288797 0.147436 0.001226 0.430989
4 4 0.226986 0.288070 0.122579 0.001378 0.360987
1 4 0.289491 0.344772 0.148421 0.001449 0.215866
1 4 0.177052 0.372010 0.215015 0.002220 0.233703
1 4 0.195162 0.388795 0.211950 0.001748 0.202344
1 4 0.197973 0.343828 0.167083 0.001415 0.289701
1 4 0.232120 0.367523 0.179598 0.001611 0.219149
1 4 0.169186 0.385366 0.220541 0.001772 0.223135
0 4 0.341356 0.288677 0.118492 0.002266 0.249210
0 4 0.380992 0.288156 0.110610 0.001894 0.218348
1 4 0.298172 0.317543 0.135175 0.001766 0.247345
1 4 0.219912 0.378178 0.203936 0.002187 0.195787
1 4 0.082902 0.383542 0.284371 0.001618 0.247566
2 4 0.034599 0.345563 0.397012 0.002848 0.219978
2 4 0.016207 0.340794 0.473894 0.001288 0.167817
2 4 0.012511 0.325591 0.502969 0.000974 0.157955
2 4 0.013287 0.256721 0.584923 0.002440 0.142629
2 4 0.011366 0.197198 0.715190 0.004101 0.072145
2 2 0.006591 0.111036 0.853879 0.006406 0.022087
2 2 0.000034 0.001187 0.988506 0.010257 0.000016
2 2 0.000022 0.000952 0.992228 0.006790 0.000009
2 2 0.000024 0.000992 0.991242 0.007732 0.000010
2 2 0.000058 0.001762 0.990713 0.007448 0.000020
2 2 0.000075 0.001783 0.986442 0.011671 0.000029
2 2 0.000173 0.003272 0.979813 0.016666 0.000076
2 2 0.000076 0.001962 0.986462 0.011469 0.000031
2 2 0.000058 0.001445 0.982600 0.015871 0.000027
2 2 0.000048 0.001204 0.986538 0.012191 0.000019
2 2 0.000073 0.001594 0.984529 0.013776 0.000028
2 2 0.000047 0.001235 0.985118 0.013580 0.000020
2 2 0.000022 0.000658 0.984595 0.014714 0.000010
2 2 0.000037 0.000844 0.974324 0.024776 0.000020
2 2 0.000035 0.000748 0.973328 0.025871 0.000018
2 2 0.000176 0.001743 0.965197 0.032818 0.000065
2 2 0.000160 0.001681 0.950593 0.047486 0.000080
2 3 0.000110 0.001278 0.902822 0.095697 0.000093
2 3 0.000177 0.001594 0.858986 0.139077 0.000167
2 3 0.000177 0.001666 0.872687 0.125310 0.000160
2 3 0.000148 0.001233 0.820555 0.177912 0.000153
2 3 0.000060 0.000389 0.560078 0.439387 0.000086
3 3 0.000117 0.000552 0.419034 0.580120 0.000177
2 3 0.000173 0.000852 0.511052 0.487679 0.000244
3 3 0.000165 0.000793 0.491793 0.507013 0.000237
3 3 0.000201 0.000878 0.448032 0.550595 0.000294
3 3 0.000301 0.001133 0.398263 0.599856 0.000448
3 3 0.000425 0.001500 0.438433 0.559051 0.000591
3 3 0.000335 0.001361 0.468912 0.528932 0.000460
2 3 0.000271 0.001235 0.502410 0.495713 0.000370
3 3 0.000343 0.001294 0.417504 0.580356 0.000503
3 3 0.000573 0.001743 0.417851 0.579105 0.000728
3 3 0.000378 0.001282 0.401514 0.596307 0.000519
3 3 0.000218 0.000752 0.276808 0.721875 0.000346
3 3 0.000252 0.000787 0.234098 0.764456 0.000408
3 3 0.000230 0.000677 0.190753 0.807956 0.000384
3 3 0.000273 0.000778 0.192640 0.805856 0.000453
3 3 0.000317 0.000928 0.225407 0.772836 0.000513
3 3 0.000380 0.001024 0.201754 0.796222 0.000620
3 3 0.000535 0.001501 0.267746 0.729382 0.000836
3 3 0.000366 0.001075 0.244390 0.753584 0.000585
3 3 0.000688 0.001645 0.205719 0.790842 0.001106
3 3 0.000722 0.001700 0.203506 0.792913 0.001159
3 3 0.001166 0.002581 0.225776 0.768650 0.001827
3 3 0.000602 0.001566 0.236461 0.760417 0.000954
3 3 0.000246 0.000670 0.162574 0.836092 0.000417
3 3 0.000170 0.000503 0.163850 0.835187 0.000290
3 3 0.000213 0.000601 0.163560 0.835264 0.000363
3 3 0.000344 0.000809 0.133771 0.864483 0.000592
3 3 0.000861 0.001635 0.128706 0.867346 0.001453
3 3 0.004035 0.004508 0.136079 0.850450 0.004929
3 3 0.011127 0.011390 0.233275 0.733045 0.011163
3 2 0.014698 0.019810 0.395528 0.555802 0.014162
2 2 0.046041 0.064390 0.614565 0.244792 0.030212
2 2 0.013506 0.049399 0.808347 0.119095 0.009653
2 2 0.017596 0.085096 0.826457 0.056337 0.014514
2 2 0.016870 0.132408 0.809393 0.020428 0.020902
2 2 0.015906 0.169555 0.774885 0.009981 0.029674
2 2 0.014772 0.195210 0.760669 0.005588 0.023762
2 2 0.005714 0.127926 0.852321 0.002879 0.011159
2 2 0.005833 0.117106 0.865167 0.003558 0.008336
2 2 0.001729 0.031201 0.954758 0.009865 0.002447
2 2 0.000734 0.014362 0.972448 0.011678 0.000779
2 2 0.000780 0.013006 0.968121 0.017218 0.000874
2 2 0.000505 0.008545 0.970419 0.020024 0.000507
2 2 0.000675 0.009862 0.966069 0.022924 0.000470
2 2 0.000787 0.010870 0.966080 0.021879 0.000384
2 2 0.000449 0.006910 0.972948 0.019488 0.000206
2 2 0.000196 0.004296 0.981698 0.013721 0.000089
2 2 0.000052 0.001493 0.985259 0.013172 0.000024
2 2 0.000048 0.001384 0.984734 0.013811 0.000023
2 2 0.000050 0.001321 0.981415 0.017188 0.000026
2 2 0.000091 0.001783 0.972973 0.025104 0.000049
2 2 0.000378 0.005304 0.974498 0.019660 0.000160
2 2 0.001195 0.014987 0.971219 0.012080 0.000519
2 2 0.001900 0.029408 0.958515 0.008919 0.001258
2 2 0.001276 0.019416 0.964687 0.013955 0.000665
2 2 0.001111 0.022031 0.967825 0.008242 0.000792
2 2 0.001157 0.021134 0.967948 0.009170 0.000591
2 2 0.000741 0.011435 0.970296 0.017189 0.000340
2 2 0.000690 0.009047 0.964368 0.025547 0.000348
2 2 0.007680 0.078268 0.905763 0.005487 0.002802
2 2 0.003724 0.046801 0.943068 0.005169 0.001239
2 2 0.004130 0.043290 0.945114 0.006541 0.000926
2 2 0.002285 0.036575 0.954420 0.005720 0.000999
2 2 0.003818 0.063056 0.927156 0.004262 0.001708
2 2 0.003100 0.046018 0.943979 0.005498 0.001405
2 2 0.001453 0.023527 0.968022 0.006488 0.000510
2 2 0.000683 0.010842 0.977326 0.010912 0.000236
2 2 0.000383 0.006946 0.979372 0.013143 0.000155
2 2 0.000558 0.007340 0.982772 0.009190 0.000140
2 2 0.000234 0.003637 0.985152 0.010909 0.000067
2 2 0.000316 0.004213 0.983631 0.011755 0.000086
2 2 0.000191 0.002976 0.978585 0.018174 0.000075
2 2 0.000241 0.003514 0.966500 0.029618 0.000126
2 2 0.000549 0.005791 0.962306 0.031107 0.000247
2 2 0.000507 0.004637 0.951633 0.042978 0.000245
2 2 0.001052 0.007718 0.958710 0.032141 0.000379
2 1 0.003562 0.017086 0.955071 0.023442 0.000839
2 1 0.008023 0.034275 0.940456 0.015752 0.001495
2 2 0.011907 0.062379 0.908758 0.014217 0.002740
2 2 0.000135 0.003631 0.986610 0.009569 0.000055
2 2 0.000104 0.002515 0.985636 0.011703 0.000042
2 2 0.000134 0.002960 0.984825 0.012029 0.000053
2 2 0.000269 0.005053 0.987070 0.007534 0.000074
2 2 0.000248 0.004537 0.986201 0.008941 0.000074
2 2 0.000250 0.004787 0.985793 0.009091 0.000079
2 2 0.000306 0.006052 0.987022 0.006538 0.000083
2 2 0.000314 0.005799 0.985127 0.008665 0.000096
2 2 0.000305 0.005574 0.984911 0.009115 0.000095
2 2 0.000247 0.004567 0.985794 0.009316 0.000076
2 2 0.000310 0.005246 0.984706 0.009645 0.000093
2 2 0.002620 0.015285 0.970416 0.011241 0.000438
2 0 0.011413 0.040393 0.932790 0.013683 0.001722
2 0 0.055245 0.091971 0.820217 0.024345 0.008222
2 0 0.089902 0.133302 0.739402 0.023677 0.013717
2 1 0.056425 0.127103 0.761864 0.038633 0.015974
2 1 0.036158 0.155260 0.756866 0.035042 0.016675
2 2 0.029435 0.187647 0.752296 0.018050 0.012572
2 2 0.013808 0.166442 0.801472 0.006693 0.011584
2 2 0.001517 0.039565 0.953101 0.003940 0.001877
2 1 0.096892 0.359074 0.458271 0.004767 0.080996
2 1 0.050472 0.357777 0.498550 0.002838 0.090363
1 1 0.075002 0.412402 0.372315 0.002499 0.137782
1 1 0.082947 0.419483 0.383930 0.002920 0.110719
2 1 0.078153 0.419049 0.424914 0.003666 0.074217
2 1 0.060607 0.368747 0.531164 0.005355 0.034128
2 1 0.008504 0.134766 0.844350 0.004652 0.007728
2 1 0.006643 0.102457 0.879874 0.005472 0.005554
2 1 0.002444 0.064722 0.924918 0.003100 0.004816
2 2 0.000618 0.022474 0.973024 0.002888 0.000996
2 2 0.000367 0.011489 0.982674 0.005065 0.000404
2 2 0.000256 0.007565 0.985591 0.006393 0.000196
2 2 0.000207 0.007120 0.987830 0.004700 0.000143
2 2 0.000163 0.005526 0.988879 0.005333 0.000099
2 2 0.000124 0.003958 0.989446 0.006421 0.000051
2 2 0.000097 0.003887 0.991523 0.004438 0.000054
2 2 0.000158 0.004749 0.988850 0.006178 0.000066
2 2 0.000095 0.002668 0.986712 0.010481 0.000044
2 2 0.000239 0.005120 0.981493 0.013042 0.000105
2 0 0.000257 0.005141 0.981627 0.012868 0.000106
2 0 0.218386 0.297579 0.388129 0.016646 0.079260
0 1 0.353536 0.263833 0.273464 0.020322 0.088844
2 0 0.142158 0.266512 0.487156 0.014770 0.089403
0 1 0.400743 0.276029 0.136207 0.005093 0.181927
0 0 0.449636 0.270585 0.162075 0.005640 0.112063
0 1 0.545519 0.252993 0.095595 0.003215 0.102678
0 1 0.417665 0.321840 0.150267 0.003863 0.106365
0 0 0.377350 0.353952 0.163533 0.002494 0.102670
1 1 0.350283 0.390564 0.157057 0.000872 0.101224
1 1 0.116948 0.462694 0.326134 0.001206 0.093019
2 1 0.044503 0.433070 0.444770 0.001147 0.076510
2 1 0.033615 0.394572 0.483538 0.001967 0.086308
2 2 0.020654 0.343214 0.563109 0.001831 0.071192
2 2 0.010335 0.256478 0.704747 0.001339 0.027101
2 2 0.006647 0.200472 0.776821 0.001123 0.014937
2 2 0.005418 0.129577 0.857091 0.002154 0.005760
2 2 0.002436 0.054011 0.937370 0.004164 0.002020
2 2 0.001376 0.026540 0.964088 0.007287 0.000709
2 2 0.000557 0.012981 0.980953 0.005287 0.000221
2 2 0.000448 0.011646 0.983440 0.004289 0.000178
2 2 0.000309 0.007987 0.984845 0.006748 0.000110
2 2 0.000231 0.005894 0.985560 0.008226 0.000089
2 2 0.000356 0.007157 0.979868 0.012467 0.000152
2 2 0.000815 0.014308 0.973100 0.011448 0.000329
2 2 0.001144 0.020410 0.968976 0.009044 0.000425
2 2 0.001083 0.016966 0.967920 0.013549 0.000482
2 2 0.001213 0.016560 0.965315 0.016394 0.000518
2 2 0.000797 0.014520 0.972455 0.011736 0.000492
2 2 0.000341 0.006696 0.979836 0.012981 0.000145
2 2 0.000314 0.005972 0.983030 0.010571 0.000112
2 2 0.000343 0.006173 0.980638 0.012712 0.000133
2 2 0.000438 0.007204 0.984280 0.007959 0.000119
2 2 0.000631 0.009499 0.983127 0.006596 0.000148
2 2 0.001097 0.014985 0.977005 0.006657 0.000257
2 1 0.001357 0.022054 0.971148 0.005034 0.000406
2 2 0.000527 0.012448 0.981358 0.005461 0.000207
2 2 0.000154 0.004703 0.988791 0.006297 0.000055
2 2 0.000159 0.004514 0.987704 0.007563 0.000060
2 2 0.000090 0.002779 0.989000 0.008095 0.000036
2 2 0.000108 0.003385 0.989276 0.007188 0.000043
2 2 0.000112 0.002187 0.980913 0.016740 0.000048
2 2 0.000088 0.001788 0.977535 0.020547 0.000043
2 2 0.000115 0.001772 0.951685 0.046351 0.000077
2 2 0.000128 0.001858 0.947206 0.050720 0.000087
2 2 0.000798 0.006074 0.954106 0.038699 0.000323
2 2 0.004813 0.017922 0.935583 0.040340 0.001342
2 0 0.024397 0.049348 0.861389 0.058333 0.006532
2 0 0.040580 0.087656 0.803076 0.055891 0.012797
2 0 0.041094 0.132825 0.773304 0.028731 0.024047
2 1 0.050826 0.189695 0.713369 0.014314 0.031796
2 0 0.069536 0.254376 0.611259 0.016040 0.048790
2 1 0.034438 0.252310 0.661937 0.010687 0.040628
2 1 0.037061 0.357873 0.551780 0.004658 0.048628
2 2 0.022126 0.310699 0.634663 0.002852 0.029661
2 2 0.005948 0.111985 0.872216 0.003848 0.006003
2 2 0.001815 0.034289 0.954346 0.007778 0.001772
2 2 0.001437 0.027499 0.961982 0.008000 0.001083
2 2 0.000422 0.009535 0.980534 0.009259 0.000249
2 2 0.000609 0.010830 0.975208 0.013089 0.000265
2 2 0.000345 0.005596 0.971056 0.022824 0.000178
2 2 0.000277 0.004137 0.963597 0.031830 0.000159
2 2 0.000286 0.003790 0.952671 0.043071 0.000181
2 2 0.000676 0.006640 0.954655 0.037695 0.000334
2 2 0.000892 0.006709 0.955589 0.036462 0.000349
2 2 0.000437 0.004130 0.937744 0.057430 0.000260
2 2 0.000307 0.002547 0.865916 0.130953 0.000277
2 2 0.000234 0.002283 0.895751 0.101538 0.000195
2 2 0.000104 0.001127 0.881780 0.116894 0.000095
2 2 0.000117 0.001244 0.883562 0.114972 0.000105
2 2 0.000131 0.001375 0.885742 0.112635 0.000116
2 2 0.000156 0.001763 0.911086 0.086869 0.000126
2 2 0.000155 0.001447 0.861602 0.136650 0.000146
2 2 0.000149 0.001283 0.833800 0.164618 0.000149
2 2 0.000249 0.001557 0.743358 0.254549 0.000288
2 2 0.000117 0.001022 0.822184 0.176555 0.000121
2 2 0.000101 0.001160 0.896461 0.102191 0.000087
2 0 0.000136 0.001926 0.945178 0.052666 0.000094
2 0 0.000140 0.002222 0.961864 0.035692 0.000083
2 2 0.000323 0.004823 0.965264 0.029410 0.000180
2 2 0.000408 0.006358 0.969799 0.023225 0.000210
2 2 0.001997 0.024765 0.954262 0.018048 0.000928
2 2 0.003317 0.031494 0.946286 0.017522 0.001382
2 2 0.008994 0.096480 0.884575 0.005618 0.004331
2 2 0.015766 0.106207 0.858736 0.014268 0.005023
2 0 0.031547 0.244068 0.703489 0.006381 0.014515
2 1 0.062406 0.370955 0.546998 0.004653 0.014988
2 2 0.045162 0.288865 0.637978 0.010966 0.017029
2 0 0.019116 0.174857 0.790317 0.009045 0.006665
2 1 0.015029 0.141969 0.827462 0.010130 0.005411
2 2 0.007617 0.079961 0.897074 0.012413 0.002935
2 2 0.001810 0.020556 0.952705 0.024039 0.000889
2 2 0.000392 0.005901 0.967468 0.026029 0.000209
2 2 0.000169 0.002757 0.964153 0.032820 0.000100
2 2 0.000103 0.001672 0.955074 0.043084 0.000068
2 2 0.000178 0.002726 0.959273 0.037713 0.000110
2 2 0.000188 0.002709 0.953999 0.042983 0.000121
2 2 0.000089 0.001581 0.961814 0.036460 0.000056
2 2 0.000071 0.001411 0.967641 0.030834 0.000043
2 2 0.000032 0.000720 0.966206 0.033022 0.000020
2 2 0.000045 0.000928 0.964088 0.034910 0.000029
2 2 0.031664 0.165002 0.784582 0.009700 0.009052
2 1 0.053690 0.220934 0.708029 0.007482 0.009865
2 0 0.032998 0.174667 0.775513 0.009202 0.007620
2 0 0.053833 0.333703 0.598292 0.003657 0.010515
2 0 0.057516 0.395664 0.521886 0.003344 0.021589
2 1 0.051883 0.430770 0.491018 0.001630 0.024700
2 1 0.009986 0.246512 0.726894 0.001261 0.015348
2 1 0.009245 0.214314 0.761084 0.001634 0.013723
2 1 0.006627 0.121112 0.863486 0.003626 0.005149
2 2 0.004068 0.080322 0.908009 0.004169 0.003433
2 2 0.003451 0.065373 0.924156 0.004810 0.002210
2 2 0.001661 0.026077 0.959784 0.011518 0.000960
2 2 0.002790 0.034925 0.946331 0.014683 0.001270
2 2 0.001456 0.021658 0.963282 0.013006 0.000598
2 2 0.002176 0.032496 0.954178 0.010293 0.000857
2 2 0.001181 0.017377 0.965843 0.015088 0.000511
2 1 0.000984 0.014492 0.967389 0.016692 0.000442
2 2 0.000498 0.008740 0.975474 0.015065 0.000223
2 2 0.000475 0.008597 0.976524 0.014196 0.000209
2 2 0.000501 0.009079 0.976444 0.013758 0.000218
2 2 0.000560 0.011644 0.978718 0.008867 0.000212
2 1 0.000370 0.008775 0.982942 0.007775 0.000137
2 2 0.000243 0.005225 0.981578 0.012847 0.000107
2 2 0.000170 0.003631 0.980218 0.015900 0.000081
2 2 0.000356 0.005786 0.971461 0.022216 0.000181
2 2 0.000253 0.003876 0.964443 0.031283 0.000145
2 2 0.000632 0.007481 0.953333 0.038182 0.000373
2 2 0.000569 0.007263 0.958865 0.032983 0.000321
2 2 0.000602 0.007257 0.954479 0.037309 0.000353
2 2 0.000476 0.005013 0.934409 0.059775 0.000326
2 2 0.000692 0.006191 0.918209 0.074407 0.000501
2 2 0.000659 0.005383 0.898254 0.095186 0.000518
2 2 0.000436 0.003688 0.888787 0.106727 0.000362
2 2 0.000495 0.004307 0.900959 0.093847 0.000392
2 2 0.000486 0.004175 0.897245 0.097704 0.000390
2 2 0.000348 0.003278 0.904085 0.092011 0.000278
2 2 0.000246 0.002191 0.874743 0.122601 0.000218
2 2 0.000196 0.001760 0.864508 0.133356 0.000181
2 2 0.000208 0.001586 0.812523 0.185468 0.000215
2 3 0.000320 0.002156 0.796258 0.200930 0.000335
2 2 0.000126 0.001019 0.797178 0.201540 0.000137
2 2 0.000090 0.000578 0.626803 0.372408 0.000121
2 2 0.000285 0.001597 0.703018 0.294752 0.000348
2 2 0.000650 0.003193 0.716947 0.278459 0.000749
2 2 0.001434 0.006658 0.791144 0.199450 0.001313
2 2 0.001876 0.009313 0.805738 0.181309 0.001764
2 2 0.003551 0.019025 0.860179 0.114460 0.002785
2 2 0.006133 0.039172 0.895529 0.055425 0.003741
2 2 0.010435 0.084477 0.879555 0.020868 0.004665
2 2 0.011047 0.115490 0.859941 0.009599 0.003923
2 2 0.015445 0.176931 0.796240 0.005768 0.005616
2 2 0.012706 0.144881 0.832528 0.005553 0.004333
2 0 0.022988 0.233186 0.730726 0.003513 0.009587
2 0 0.028643 0.243917 0.715481 0.003597 0.008362
2 0 0.068406 0.365608 0.552375 0.002793 0.010818
1 0 0.243078 0.448353 0.285901 0.001749 0.020919
0 0 0.387872 0.386522 0.194224 0.001991 0.029390
0 1 0.424600 0.362852 0.165497 0.001956 0.045095
1 1 0.225845 0.428099 0.314513 0.003417 0.028126
2 1 0.085683 0.417986 0.473380 0.004199 0.018752
2 1 0.001647 0.041145 0.952008 0.003820 0.001381
2 2 0.000823 0.016495 0.974210 0.008138 0.000335
2 2 0.000508 0.011662 0.979496 0.008042 0.000293
2 2 0.000488 0.009831 0.978877 0.010596 0.000207
2 2 0.000599 0.012715 0.978220 0.008228 0.000238
2 2 0.000539 0.011949 0.979746 0.007572 0.000195
2 2 0.000382 0.007265 0.984189 0.008046 0.000118
2 2 0.000270 0.005513 0.987373 0.006769 0.000076
2 2 0.000223 0.004506 0.989309 0.005907 0.000055
2 2 0.000202 0.004893 0.989507 0.005344 0.000055
2 2 0.000268 0.005801 0.988681 0.005184 0.000067
2 2 0.000240 0.005572 0.989544 0.004586 0.000058
2 2 0.000314 0.006367 0.988123 0.005122 0.000075
2 2 0.000240 0.004891 0.986423 0.008370 0.000076
2 2 0.000162 0.004144 0.986457 0.009173 0.000063
2 2 0.000306 0.006482 0.983685 0.009415 0.000112
2 2 0.001192 0.015355 0.973483 0.009630 0.000339
2 1 0.003829 0.033929 0.953184 0.008225 0.000833
2 1 0.004717 0.052582 0.936243 0.005025 0.001432
2 0 0.064742 0.182016 0.737869 0.007270 0.008103
1 0 0.077721 0.448547 0.445469 0.001799 0.026465
2 0 0.074794 0.435214 0.447052 0.001765 0.041175
2 0 0.080589 0.378153 0.491099 0.002252 0.047907
2 0 0.087429 0.336623 0.527879 0.003860 0.044209
2 0 0.043887 0.254185 0.670319 0.004790 0.026819
2 0 0.024346 0.216593 0.738835 0.005169 0.015057
2 0 0.006470 0.156080 0.824364 0.002055 0.011032
2 0 0.003696 0.090618 0.899342 0.002593 0.003751
2 1 0.001256 0.032332 0.961537 0.003959 0.000916
2 1 0.000719 0.016324 0.976045 0.006575 0.000337
2 1 0.001912 0.032942 0.959454 0.004991 0.000701
2 1 0.003211 0.051196 0.941184 0.003297 0.001113
2 1 0.007235 0.077358 0.908787 0.004278 0.002342
2 1 0.003508 0.070458 0.919331 0.003159 0.003544
2 1 0.009372 0.130700 0.845359 0.004333 0.010236
2 1 0.019760 0.168043 0.792878 0.005501 0.013818
2 1 0.025976 0.170868 0.775776 0.008030 0.019350
2 1 0.038724 0.208540 0.721214 0.008593 0.022929
2 1 0.029013 0.206071 0.736809 0.006581 0.021525
2 4 0.146536 0.344287 0.444059 0.009757 0.055361
4 4 0.098700 0.329250 0.237036 0.002930 0.332084
1 4 0.228563 0.326333 0.169193 0.002848 0.273063
1 4 0.223920 0.341042 0.182389 0.002872 0.249777
1 4 0.304018 0.307324 0.142511 0.003016 0.243131
1 4 0.276781 0.320060 0.168656 0.004427 0.230076
1 4 0.282146 0.321574 0.154856 0.002897 0.238528
0 4 0.368080 0.318758 0.154382 0.004335 0.154445
1 4 0.161350 0.369415 0.198484 0.001343 0.269407
1 4 0.142884 0.363297 0.198488 0.001213 0.294118
1 4 0.077559 0.428328 0.300880 0.000789 0.192444
1 4 0.154166 0.435475 0.257210 0.001183 0.151966
1 4 0.202243 0.399966 0.199500 0.001116 0.197176
1 4 0.253035 0.346463 0.149838 0.001186 0.249478
1 0 0.230582 0.352839 0.160140 0.001233 0.255206
1 0 0.154791 0.426571 0.271695 0.001794 0.145149
1 1 0.124116 0.444587 0.323072 0.001822 0.106404
1 1 0.180418 0.405467 0.280185 0.003921 0.130009
1 0 0.192112 0.390070 0.253053 0.003775 0.160990
1 0 0.296922 0.326400 0.184674 0.006543 0.185462
1 0 0.320466 0.331874 0.175499 0.004999 0.167162
0 0 0.660759 0.202705 0.057919 0.001378 0.077240
0 0 0.787851 0.123255 0.024484 0.000594 0.063816
0 0 0.814034 0.117149 0.021260 0.000372 0.047185
0 0 0.765849 0.128106 0.023917 0.000426 0.081702
0 0 0.683720 0.194453 0.042305 0.000381 0.079141
0 0 0.715163 0.183112 0.042866 0.000588 0.058270
0 0 0.684984 0.200916 0.055534 0.001103 0.057464
0 0 0.797845 0.126179 0.031338 0.001583 0.043054
0 0 0.815864 0.115600 0.027088 0.001358 0.040090
0 0 0.725786 0.164301 0.050699 0.003001 0.056212
0 0 0.762791 0.140154 0.037056 0.001948 0.058050
0 1 0.568041 0.221789 0.081856 0.004167 0.124147
0 1 0.587743 0.224111 0.085905 0.004800 0.097441
0 1 0.712874 0.159830 0.049774 0.003632 0.073890
0 1 0.489613 0.278695 0.109332 0.002870 0.119491
1 1 0.266640 0.374740 0.230257 0.005332 0.123030
1 1 0.153591 0.425509 0.308032 0.003049 0.109819
1 1 0.087145 0.438178 0.394896 0.002359 0.077422
1 0 0.155900 0.445859 0.336300 0.002716 0.059225
1 0 0.229359 0.394663 0.305798 0.005228 0.064952
0 0 0.618085 0.246395 0.065920 0.000589 0.069010
0 0 0.546802 0.299412 0.088128 0.000537 0.065121
1 0 0.290468 0.421261 0.210580 0.001433 0.076258
1 0 0.156153 0.472676 0.317737 0.001277 0.052157
1 0 0.182768 0.458982 0.321837 0.001920 0.034493
1 0 0.120329 0.446295 0.413275 0.002606 0.017495
1 0 0.142830 0.450830 0.385082 0.002490 0.018768
1 0 0.109572 0.437547 0.431392 0.003137 0.018351
2 0 0.085664 0.430051 0.461995 0.003074 0.019216
2 0 0.072646 0.412025 0.493027 0.004001 0.018300
2 0 0.053617 0.377022 0.550858 0.003673 0.014831
2 0 0.091661 0.396205 0.487671 0.004921 0.019541
2 0 0.091936 0.400558 0.480685 0.003771 0.023051
2 0 0.059485 0.381615 0.526840 0.003195 0.028866
1 0 0.087042 0.442755 0.426376 0.002447 0.041381
1 0 0.109047 0.457329 0.384364 0.001948 0.047312
1 0 0.220705 0.423118 0.240626 0.001891 0.113660
1 0 0.236504 0.436663 0.208602 0.000845 0.117385
1 0 0.330729 0.372531 0.164151 0.001521 0.131068
0 0 0.402351 0.330575 0.125841 0.001328 0.139905
2 0 0.038248 0.443114 0.465672 0.000757 0.052209
1 0 0.171783 0.465966 0.273647 0.001001 0.087603
1 0 0.262119 0.449814 0.202067 0.000624 0.085375
1 0 0.389046 0.396940 0.146169 0.000552 0.067293
0 0 0.398317 0.383589 0.166604 0.001272 0.050218
1 0 0.252735 0.436394 0.262184 0.002108 0.046578
0 0 0.367932 0.366234 0.212819 0.005232 0.047784
0 0 0.383744 0.351722 0.199645 0.005946 0.058943
1 0 0.296526 0.340478 0.306959 0.006794 0.049243
0 0 0.384353 0.335693 0.227392 0.005994 0.046567
1 0 0.337289 0.368473 0.250616 0.004723 0.038898
1 1 0.277751 0.417973 0.269158 0.003321 0.031798
1 1 0.152856 0.429288 0.385145 0.004842 0.027870
2 1 0.071842 0.420909 0.482155 0.003262 0.021831
2 1 0.048498 0.377080 0.551754 0.003750 0.018918
2 1 0.034745 0.327457 0.621589 0.003210 0.012999
2 0 0.029558 0.336223 0.619435 0.001813 0.012971
2 1 0.033473 0.345408 0.608854 0.001531 0.010734
2 0 0.128105 0.415045 0.422641 0.003495 0.030714
2 0 0.136543 0.407747 0.427436 0.002496 0.025777
2 1 0.040985 0.278418 0.587913 0.013268 0.079416
2 1 0.027055 0.253277 0.617955 0.008925 0.092788
2 1 0.018125 0.209432 0.719045 0.007364 0.046034
2 1 0.012393 0.221253 0.704078 0.003314 0.058962
2 2 0.009191 0.174870 0.784477 0.003422 0.028040
2 1 0.008958 0.166265 0.793877 0.003753 0.027146
2 2 0.050044 0.235482 0.665269 0.010847 0.038358
2 2 0.157556 0.320360 0.468744 0.008465 0.044875
1 1 0.187889 0.393965 0.324053 0.004296 0.089798
1 0 0.171912 0.434375 0.328416 0.003594 0.061704
1 1 0.155301 0.446158 0.324529 0.002430 0.071582
1 1 0.224676 0.439264 0.257706 0.001811 0.076542
1 1 0.133893 0.434789 0.271492 0.001203 0.158623
2 0 0.077781 0.395382 0.437849 0.002264 0.086723
2 1 0.065720 0.381538 0.489259 0.004027 0.059456
2 1 0.049859 0.359811 0.539634 0.007287 0.043409
2 1 0.084364 0.373802 0.491370 0.014429 0.036035
2 1 0.062815 0.380358 0.518638 0.008347 0.029842
2 2 0.028231 0.257539 0.691211 0.006969 0.016049
2 2 0.021582 0.169711 0.787048 0.012952 0.008708
2 2 0.007910 0.086065 0.891496 0.011234 0.003295
2 2 0.000937 0.018381 0.972556 0.007791 0.000335
2 2 0.000915 0.017647 0.972835 0.008270 0.000333
2 2 0.000661 0.013294 0.976942 0.008854 0.000249
2 2 0.000387 0.008762 0.982086 0.008618 0.000148
2 2 0.000243 0.005279 0.981888 0.012484 0.000106
2 2 0.000284 0.006173 0.982049 0.011376 0.000119
2 2 0.000147 0.003731 0.985345 0.010714 0.000062
2 2 0.000160 0.003731 0.983123 0.012914 0.000071
2 2 0.000128 0.002957 0.981892 0.014962 0.000060
2 2 0.000275 0.004746 0.973080 0.021759 0.000141
2 2 0.000915 0.011124 0.962775 0.024748 0.000439
2 2 0.003575 0.029106 0.939655 0.026155 0.001509
2 2 0.005282 0.047298 0.920360 0.024540 0.002520
2 2 0.002616 0.027227 0.944198 0.024681 0.001278
2 2 0.002288 0.025425 0.948880 0.022318 0.001089
2 2 0.001800 0.024913 0.958492 0.014044 0.000751
2 2 0.001000 0.014089 0.965798 0.018648 0.000464
2 2 0.000555 0.009389 0.974139 0.015667 0.000250
2 2 0.000527 0.009414 0.975933 0.013897 0.000229
2 2 0.000517 0.006652 0.958472 0.034062 0.000296
2 2 0.000425 0.005849 0.961888 0.031598 0.000240
2 2 0.000298 0.004131 0.958100 0.037293 0.000179
2 2 0.000435 0.005448 0.953894 0.039960 0.000264
2 2 0.000350 0.003974 0.937853 0.057583 0.000240
2 2 0.000459 0.004769 0.931533 0.062919 0.000320
2 2 0.000533 0.005315 0.929121 0.064658 0.000373
2 2 0.000599 0.006011 0.932850 0.060131 0.000408
2 2 0.000586 0.005972 0.934687 0.058360 0.000395
2 2 0.000443 0.004027 0.906122 0.089062 0.000346
2 2 0.000347 0.003344 0.909225 0.086813 0.000271
2 2 0.000341 0.003231 0.904865 0.091292 0.000271
2 2 0.000170 0.001591 0.867667 0.130414 0.000157
2 2 0.000298 0.002226 0.830668 0.166516 0.000292
2 2 0.000332 0.002203 0.790631 0.206485 0.000349
2 2 0.000446 0.002250 0.673559 0.323211 0.000535
3 2 0.000894 0.002906 0.459558 0.535398 0.001243
3 2 0.000895 0.002604 0.378163 0.617027 0.001311
3 2 0.001733 0.004328 0.369555 0.621881 0.002504
3 2 0.001593 0.004030 0.365308 0.626758 0.002311
3 3 0.000753 0.002311 0.369155 0.626693 0.001088
3 3 0.000444 0.001607 0.419756 0.577555 0.000638
3 3 0.000350 0.001138 0.306248 0.691722 0.000542
3 3 0.000356 0.001078 0.259520 0.738481 0.000565
3 3 0.000820 0.001859 0.197974 0.798029 0.001318
3 3 0.000758 0.001831 0.223003 0.773206 0.001202
3 3 0.000875 0.001868 0.176121 0.819712 0.001424
3 3 0.000521 0.001064 0.116712 0.880802 0.000901
3 3 0.000325 0.000725 0.112621 0.885759 0.000570
3 3 0.000365 0.000792 0.112117 0.886089 0.000638
3 3 0.000274 0.000682 0.137280 0.861293 0.000472
3 3 0.000264 0.000729 0.175687 0.822878 0.000442
3 3 0.000409 0.001035 0.178598 0.819282 0.000677
3 3 0.000875 0.002036 0.219114 0.776588 0.001386
3 3 0.001513 0.003536 0.295815 0.696865 0.002271
3 3 0.001826 0.004141 0.303462 0.687854 0.002716
3 3 0.000700 0.001766 0.237445 0.758984 0.001104
3 3 0.000700 0.001754 0.233595 0.762844 0.001107
3 3 0.000741 0.001986 0.284477 0.711658 0.001138
3 3 0.000646 0.001753 0.272769 0.723831 0.001001
3 3 0.000495 0.001185 0.172174 0.825325 0.000820
3 3 0.000564 0.001178 0.129736 0.867559 0.000962
3 3 0.000458 0.000945 0.111715 0.886085 0.000797
3 3 0.000805 0.001494 0.116560 0.879766 0.001375
3 3 0.000721 0.001282 0.097593 0.899145 0.001259
3 3 0.000360 0.000639 0.064967 0.933366 0.000667
3 3 0.000232 0.000388 0.042391 0.956536 0.000454
3 3 0.000262 0.000449 0.048858 0.949928 0.000503
3 3 0.000295 0.000464 0.041611 0.957057 0.000574
3 3 0.000244 0.000437 0.052781 0.946072 0.000466
3 3 0.000169 0.000329 0.053175 0.946001 0.000326
3 3 0.000338 0.000637 0.073669 0.924737 0.000619
3 3 0.000388 0.000821 0.108425 0.889684 0.000681
3 3 0.000897 0.001555 0.103431 0.892569 0.001549
3 3 0.000651 0.001291 0.122864 0.874080 0.001113
3 3 0.000575 0.001102 0.104439 0.892880 0.001004
3 3 0.000424 0.000794 0.082426 0.915592 0.000764
3 3 0.000426 0.000746 0.068968 0.929077 0.000782
3 3 0.000766 0.001291 0.087612 0.908980 0.001351
3 3 0.000495 0.000981 0.104849 0.892809 0.000866
3 3 0.000194 0.000471 0.105709 0.893280 0.000346
3 3 0.000330 0.000715 0.105044 0.893327 0.000584
3 3 0.000255 0.000586 0.106344 0.892362 0.000453
3 3 0.000302 0.000681 0.111140 0.887344 0.000532
3 3 0.000258 0.000560 0.091675 0.907041 0.000466
3 3 0.000448 0.000923 0.109869 0.887977 0.000782
3 3 0.000700 0.001345 0.117871 0.878884 0.001199
3 3 0.000644 0.001106 0.083346 0.913757 0.001147
3 3 0.000609 0.000978 0.067226 0.930077 0.001110
3 3 0.000549 0.000886 0.064157 0.933401 0.001008
3 3 0.000864 0.001390 0.082662 0.913555 0.001530
3 3 0.000673 0.001040 0.064182 0.932874 0.001231
3 3 0.000620 0.001202 0.112718 0.884391 0.001070
3 3 0.000647 0.001281 0.121947 0.875017 0.001107
3 3 0.001035 0.002046 0.158615 0.836608 0.001697
3 3 0.000641 0.001433 0.167041 0.829828 0.001057
3 3 0.000520 0.001081 0.122392 0.875112 0.000894
3 3 0.000540 0.001126 0.125871 0.871538 0.000925
3 3 0.000891 0.001498 0.095068 0.900991 0.001552
3 3 0.000664 0.001085 0.074063 0.922990 0.001197
3 3 0.000452 0.000769 0.065884 0.932061 0.000833
3 3 0.000381 0.000604 0.049137 0.949152 0.000726
3 3 0.000251 0.000395 0.037894 0.960966 0.000495
3 3 0.000343 0.000551 0.047997 0.950452 0.000656
3 3 0.000248 0.000434 0.050143 0.948699 0.000476
3 3 0.000274 0.000580 0.089041 0.909611 0.000495
3 3 0.000169 0.000378 0.077673 0.921465 0.000314
3 3 0.000163 0.000407 0.102191 0.896945 0.000294
3 3 0.000425 0.000954 0.133823 0.864073 0.000726
3 3 0.000593 0.001214 0.126895 0.870286 0.001012
3 3 0.000417 0.000786 0.083035 0.915013 0.000751
3 3 0.000389 0.000639 0.054758 0.943481 0.000733
3 3 0.001210 0.001949 0.101015 0.893748 0.002078
3 3 0.003280 0.005557 0.201696 0.784391 0.005076
3 0 0.006035 0.009669 0.326000 0.650927 0.007369
2 0 0.008410 0.027118 0.830648 0.128700 0.005124
2 0 0.026340 0.077658 0.838092 0.048648 0.009262
2 1 0.066537 0.214079 0.688454 0.014983 0.015947
2 2 0.037102 0.183976 0.745693 0.019538 0.013691
2 1 0.056549 0.328436 0.589975 0.007821 0.017218
2 2 0.019061 0.214158 0.729363 0.007000 0.030418
2 2 0.011023 0.167512 0.793907 0.005110 0.022448
2 2 0.014413 0.216678 0.734498 0.004129 0.030282
2 2 0.014213 0.113459 0.836269 0.021347 0.014712
2 2 0.009195 0.090238 0.873329 0.016963 0.010275
2 2 0.008101 0.076369 0.895307 0.015509 0.004714
2 2 0.006452 0.056034 0.910690 0.023721 0.003103
2 0 0.004104 0.044292 0.932714 0.017122 0.001769
2 0 0.011377 0.096635 0.870071 0.017128 0.004789
2 1 0.022456 0.183357 0.766970 0.012551 0.014666
2 1 0.038023 0.224578 0.688703 0.019671 0.029026
2 4 0.027753 0.153545 0.755549 0.033901 0.029252
2 4 0.033623 0.240922 0.634456 0.014882 0.076117
2 4 0.029996 0.240691 0.396465 0.008705 0.324142
4 4 0.016174 0.220233 0.266123 0.002190 0.495279
4 4 0.011375 0.191668 0.231224 0.001384 0.564348
4 0 0.020066 0.282979 0.313773 0.001326 0.381856
4 4 0.063426 0.320072 0.236922 0.001479 0.378101
4 1 0.080922 0.337889 0.239143 0.001708 0.340339
1 1 0.048237 0.342584 0.315667 0.001512 0.292000
4 4 0.035118 0.284587 0.302491 0.003406 0.374398
4 4 0.033799 0.318505 0.292620 0.001189 0.353886
4 4 0.043154 0.314689 0.277673 0.001662 0.362822
4 4 0.042407 0.218297 0.184297 0.002759 0.552240
4 4 0.025633 0.114234 0.072733 0.000975 0.786426
4 4 0.015956 0.094768 0.066219 0.000988 0.822069
4 4 0.014863 0.109043 0.091107 0.001415 0.783572
4 4 0.012478 0.102229 0.098178 0.002641 0.784474
4 4 0.027125 0.090768 0.046214 0.000689 0.835204
4 4 0.043836 0.118793 0.064746 0.001346 0.771279
4 4 0.052727 0.158732 0.096343 0.001726 0.690471
4 4 0.076746 0.177956 0.089064 0.001119 0.655115
4 4 0.096686 0.165044 0.070756 0.000943 0.666571
4 4 0.192745 0.227091 0.084526 0.000837 0.494800
4 4 0.136231 0.283363 0.125528 0.000661 0.454217
4 4 0.120057 0.323851 0.163305 0.000756 0.392031
4 4 0.116117 0.337946 0.172212 0.000680 0.373046
1 4 0.107822 0.394260 0.237941 0.000934 0.259042
4 4 0.075078 0.351693 0.215820 0.000660 0.356750
1 4 0.075474 0.359587 0.218772 0.000607 0.345560
2 4 0.030173 0.301165 0.370816 0.004369 0.293477
2 4 0.045186 0.351217 0.383034 0.003688 0.216875
1 4 0.099607 0.360828 0.297521 0.004509 0.237534
1 4 0.195036 0.386465 0.217282 0.002058 0.199159
1 4 0.268118 0.341137 0.172943 0.002956 0.214846
1 4 0.241408 0.315678 0.142134 0.001674 0.299106
4 4 0.116123 0.339053 0.181780 0.000871 0.362173
4 4 0.067010 0.292469 0.163709 0.000491 0.476321
4 4 0.054637 0.271719 0.162433 0.000523 0.510689
4 4 0.085857 0.233859 0.100212 0.000318 0.579754
4 4 0.063593 0.238189 0.097633 0.000132 0.600453
4 4 0.052268 0.270409 0.141193 0.000241 0.535890
4 4 0.032394 0.287066 0.195297 0.000306 0.484937
4 4 0.021422 0.267239 0.237111 0.000571 0.473657
4 4 0.014318 0.274108 0.309468 0.000769 0.401337
2 4 0.016021 0.302602 0.392690 0.001483 0.287205
2 4 0.030506 0.315560 0.374615 0.003330 0.275990
1 4 0.091486 0.369719 0.281165 0.002449 0.255181
1 4 0.129462 0.383389 0.246211 0.001920 0.239018
0 0 0.413140 0.314443 0.127321 0.002126 0.142971
2 1 0.053511 0.390172 0.393592 0.002570 0.160155
1 1 0.041923 0.390070 0.355232 0.001021 0.211754
2 1 0.028733 0.372294 0.386104 0.000980 0.211890
1 1 0.038083 0.382041 0.380734 0.001340 0.197802
2 1 0.037155 0.375557 0.386697 0.001556 0.199035
2 1 0.031568 0.393728 0.463234 0.001562 0.109908
2 1 0.020587 0.371516 0.520040 0.001544 0.086313
2 1 0.025279 0.379215 0.514737 0.001882 0.078887
2 1 0.063753 0.401406 0.407890 0.003276 0.123674
2 1 0.033863 0.343327 0.493143 0.002488 0.127179
2 1 0.026721 0.303783 0.565429 0.002799 0.101268
1 1 0.063633 0.397899 0.368189 0.002334 0.167946
1 1 0.154534 0.407628 0.294372 0.003655 0.139811
1 1 0.340316 0.359255 0.168041 0.002334 0.130053
1 0 0.169383 0.420794 0.245039 0.001463 0.163322
1 1 0.206477 0.423338 0.190096 0.000587 0.179502
1 1 0.183874 0.413734 0.202715 0.000790 0.198887
1 4 0.130352 0.463698 0.241953 0.000405 0.163593
1 4 0.123056 0.444273 0.300905 0.001360 0.130406
1 1 0.074983 0.413137 0.408463 0.003457 0.099958
2 1 0.039681 0.354925 0.449564 0.005107 0.150723
2 1 0.022267 0.237787 0.678451 0.007381 0.054114
2 1 0.012330 0.190757 0.744177 0.004944 0.047792
2 1 0.007466 0.148219 0.799439 0.004061 0.040815
2 1 0.006508 0.118167 0.843823 0.005470 0.026032
2 1 0.006740 0.124336 0.831739 0.005274 0.031912
2 1 0.004987 0.093663 0.880313 0.005697 0.015340
2 1 0.007284 0.146438 0.819269 0.003604 0.023405
2 1 0.008215 0.155193 0.809546 0.003788 0.023258
2 4 0.010876 0.195027 0.767363 0.002640 0.024094
2 4 0.031236 0.259225 0.658125 0.004014 0.047400
2 4 0.089593 0.347288 0.478949 0.004345 0.079824
1 0 0.138006 0.427157 0.332405 0.002261 0.100171
1 1 0.125349 0.433992 0.334983 0.002615 0.103061
2 1 0.066083 0.432288 0.451223 0.002325 0.048082
1 4 0.077788 0.446374 0.405398 0.001773 0.068666
1 4 0.047829 0.453424 0.436117 0.000796 0.061834
2 4 0.030654 0.419045 0.456269 0.000819 0.093213
2 4 0.022819 0.395773 0.542232 0.001058 0.038119
2 4 0.026955 0.381902 0.567367 0.001881 0.021895
2 4 0.051511 0.375513 0.550878 0.005654 0.016443
2 4 0.048786 0.353999 0.570232 0.006628 0.020355
2 4 0.056422 0.381648 0.524788 0.006953 0.030189
2 4 0.040389 0.383483 0.543834 0.003888 0.028406
2 4 0.033276 0.383392 0.551076 0.002818 0.029438
2 1 0.034697 0.382903 0.557519 0.002881 0.022001
2 1 0.041986 0.353330 0.568586 0.005602 0.030496
2 1 0.018660 0.148618 0.811318 0.014023 0.007380
2 2 0.002654 0.035828 0.948498 0.011979 0.001042
2 2 0.000697 0.011041 0.971366 0.016578 0.000317
2 2 0.000321 0.006904 0.981618 0.011024 0.000133
2 2 0.001600 0.019685 0.968104 0.010138 0.000473
2 2 0.016940 0.094318 0.874804 0.010297 0.003642
2 2 0.089727 0.189192 0.688993 0.016239 0.015849
2 0 0.203241 0.280137 0.475637 0.011683 0.029302
1 1 0.264793 0.369486 0.306999 0.004581 0.054140
1 1 0.260496 0.423195 0.256503 0.002719 0.057086
1 1 0.100404 0.438727 0.420533 0.003118 0.037218
2 1 0.057241 0.406528 0.492490 0.003797 0.039944
2 1 0.011827 0.252060 0.699249 0.001887 0.034977
2 1 0.000197 0.006687 0.985958 0.006719 0.000438
2 1 0.000283 0.010990 0.983368 0.004408 0.000951
2 1 0.000399 0.013806 0.980057 0.004683 0.001054
2 1 0.000679 0.024357 0.969920 0.003236 0.001808
2 1 0.001962 0.049086 0.940642 0.004306 0.004005
2 1 0.013271 0.123979 0.836698 0.007578 0.018474
2 1 0.089795 0.333507 0.364845 0.004955 0.206898
1 1 0.111893 0.374922 0.260741 0.002270 0.250174
1 0 0.126281 0.373413 0.244837 0.002177 0.253293
1 1 0.113456 0.386922 0.278254 0.002492 0.218877
1 1 0.126007 0.370023 0.286325 0.004845 0.212799
1 1 0.109874 0.362350 0.307178 0.005106 0.215492
2 1 0.032120 0.270723 0.594501 0.004314 0.098342
1 1 0.139262 0.358019 0.260228 0.003735 0.238755
2 1 0.116495 0.339283 0.364530 0.006282 0.173411
2 1 0.077618 0.319403 0.503409 0.006416 0.093154
2 1 0.056794 0.290958 0.520491 0.009232 0.122524
2 1 0.051211 0.297075 0.509134 0.006837 0.135743
2 1 0.075805 0.345228 0.408179 0.005564 0.165224
2 1 0.056161 0.284513 0.547781 0.009706 0.101840
1 1 0.085114 0.363135 0.284313 0.002565 0.264873
1 1 0.116215 0.364898 0.331768 0.004905 0.182215
2 1 0.082019 0.306629 0.448745 0.009534 0.153073
2 1 0.087834 0.278438 0.521307 0.016081 0.096341
2 1 0.172866 0.291830 0.442398 0.017619 0.075287
2 1 0.106335 0.305693 0.526924 0.008298 0.052749
2 1 0.069179 0.284123 0.603263 0.006855 0.036579
2 4 0.039809 0.269936 0.651104 0.005818 0.033334
2 4 0.029157 0.293701 0.637692 0.003634 0.035815
2 4 0.028604 0.332450 0.578086 0.003128 0.057732
2 4 0.018176 0.294760 0.613888 0.002534 0.070642
2 4 0.026468 0.318700 0.524143 0.003073 0.127616
2 4 0.020987 0.309062 0.531118 0.002297 0.136537
2 4 0.032151 0.354590 0.448988 0.001939 0.162332
2 4 0.017570 0.267476 0.649073 0.003070 0.062811
2 1 0.014384 0.226499 0.710857 0.003857 0.044402
