0 0 0.913273 0.022984 0.003129 0.000329 0.060285
0 0 0.944285 0.015594 0.001464 0.000078 0.038579
0 0 0.954610 0.008044 0.000520 0.000037 0.036789
0 0 0.946704 0.006898 0.000443 0.000053 0.045902
0 0 0.901306 0.006284 0.000497 0.000252 0.091661
0 0 0.886810 0.005548 0.000437 0.000327 0.106879
0 0 0.912668 0.003983 0.000237 0.000127 0.082984
0 0 0.936629 0.004163 0.000224 0.000059 0.058926
0 0 0.968761 0.003820 0.000150 0.000009 0.027261
0 0 0.981095 0.003766 0.000121 0.000002 0.015016
0 0 0.985235 0.003212 0.000087 0.000001 0.011465
0 0 0.984760 0.003460 0.000098 0.000001 0.011681
0 0 0.983489 0.003680 0.000110 0.000002 0.012719
0 0 0.980370 0.004842 0.000176 0.000003 0.014609
0 0 0.976072 0.005679 0.000240 0.000005 0.018004
0 0 0.976295 0.005314 0.000217 0.000005 0.018169
0 0 0.969043 0.006728 0.000342 0.000011 0.023875
0 0 0.967404 0.006396 0.000325 0.000013 0.025863
0 0 0.968609 0.006939 0.000359 0.000012 0.024081
0 0 0.966756 0.007026 0.000375 0.000014 0.025829
0 0 0.942915 0.015825 0.001512 0.000085 0.039664
0 0 0.971193 0.007992 0.000422 0.000009 0.020382
0 0 0.974997 0.006796 0.000316 0.000006 0.017885
0 0 0.974871 0.007204 0.000343 0.000006 0.017576
0 0 0.961832 0.013294 0.000973 0.000022 0.023878
0 0 0.944762 0.020386 0.002094 0.000070 0.032689
0 0 0.923926 0.032454 0.004412 0.000138 0.039070
0 0 0.922922 0.038177 0.005070 0.000083 0.033747
0 0 0.939997 0.024928 0.002739 0.000068 0.032269
0 0 0.936571 0.027540 0.003163 0.000071 0.032654
0 0 0.942284 0.022200 0.002369 0.000073 0.033073
0 0 0.948134 0.018547 0.001785 0.000058 0.031476
0 0 0.957635 0.016965 0.001362 0.000023 0.024015
0 0 0.973520 0.009913 0.000520 0.000005 0.016042
0 0 0.954189 0.020765 0.001763 0.000021 0.023262
0 0 0.951702 0.018567 0.001684 0.000040 0.028008
0 0 0.922335 0.032433 0.004507 0.000158 0.040567
0 0 0.929846 0.025652 0.003237 0.000149 0.041116
0 0 0.913209 0.030300 0.004549 0.000302 0.051640
0 0 0.921832 0.025910 0.003486 0.000223 0.048550
0 0 0.958456 0.013289 0.000989 0.000026 0.027241
0 0 0.965861 0.015045 0.000983 0.000008 0.018102
0 0 0.956674 0.021498 0.001701 0.000012 0.020115
0 0 0.955370 0.022827 0.001838 0.000012 0.019953
0 0 0.946794 0.030187 0.002726 0.000013 0.020280
0 0 0.906295 0.063817 0.008091 0.000019 0.021777
0 0 0.920537 0.051762 0.006001 0.000018 0.021681
0 0 0.910628 0.051820 0.007288 0.000059 0.030205
0 0 0.883910 0.053382 0.010494 0.000414 0.051800
0 0 0.874943 0.050389 0.010908 0.000835 0.062924
0 0 0.794011 0.083832 0.028761 0.003683 0.089712
0 0 0.828689 0.069836 0.020189 0.002135 0.079151
0 0 0.781763 0.098421 0.034552 0.002857 0.082407
0 0 0.744290 0.118810 0.047551 0.003704 0.085644
0 0 0.839890 0.074827 0.019583 0.001024 0.064676
0 0 0.870223 0.053665 0.011970 0.000864 0.063278
0 0 0.864703 0.058522 0.013438 0.000842 0.062495
0 0 0.875295 0.054156 0.011530 0.000643 0.058376
0 0 0.838348 0.070432 0.019004 0.001408 0.070807
0 0 0.867683 0.054224 0.012333 0.000946 0.064815
0 0 0.765154 0.038408 0.006254 0.000737 0.189447
0 0 0.914955 0.027507 0.003957 0.000295 0.053286
0 0 0.922854 0.028922 0.003997 0.000198 0.044029
0 0 0.930001 0.026674 0.003400 0.000144 0.039781
0 0 0.917793 0.031927 0.004713 0.000235 0.045332
0 0 0.948934 0.018630 0.001781 0.000055 0.030601
0 0 0.947478 0.019242 0.001887 0.000060 0.031334
0 0 0.947024 0.019432 0.001921 0.000061 0.031561
0 0 0.936256 0.023997 0.002809 0.000108 0.036829
0 0 0.851100 0.043616 0.010121 0.001861 0.093302
0 0 0.880340 0.031582 0.005757 0.000939 0.081382
0 0 0.888519 0.041513 0.007947 0.000636 0.061385
0 0 0.814301 0.075713 0.023585 0.002711 0.083689
0 1 0.823425 0.084953 0.024008 0.001183 0.066431
0 2 0.730619 0.140693 0.055011 0.002086 0.071591
0 2 0.407676 0.305467 0.170763 0.002019 0.114075
2 2 0.120534 0.361537 0.361895 0.004291 0.151743
2 2 0.077144 0.303958 0.389630 0.011376 0.217893
2 1 0.044284 0.200613 0.365810 0.039560 0.349733
2 1 0.056252 0.227618 0.417951 0.026112 0.272067
2 4 0.058351 0.299330 0.523071 0.015596 0.103653
2 0 0.036008 0.232124 0.544034 0.022903 0.164932
2 4 0.027246 0.163174 0.666468 0.037933 0.105179
2 1 0.028657 0.208850 0.575818 0.022981 0.163694
2 3 0.029615 0.248477 0.436886 0.014056 0.270965
2 -1 0.027906 0.239438 0.362130 0.012672 0.357854
2 0 0.025253 0.225633 0.372941 0.013811 0.362362
4 0 0.020077 0.216688 0.333196 0.010965 0.419074
4 2 0.019420 0.201028 0.319181 0.014047 0.446325
4 2 0.018029 0.192160 0.331427 0.015345 0.443039
4 2 0.019153 0.180112 0.379995 0.023347 0.397393
2 2 0.022367 0.171838 0.503652 0.038896 0.263248
2 2 0.025347 0.159183 0.583617 0.052917 0.178937
2 2 0.022381 0.144047 0.602847 0.057899 0.172826
2 4 0.020837 0.141852 0.542509 0.057955 0.236846
2 2 0.015733 0.125624 0.479941 0.065223 0.313479
4 2 0.016668 0.137270 0.339030 0.045000 0.462032
4 2 0.030457 0.147083 0.175871 0.016461 0.630128
4 1 0.024208 0.139063 0.155233 0.009841 0.671655
4 2 0.053022 0.176142 0.155791 0.007636 0.607408
4 2 0.032156 0.213665 0.294491 0.011118 0.448570
2 2 0.033537 0.222080 0.390332 0.018722 0.335328
2 2 0.050074 0.257184 0.339999 0.014483 0.338261
2 2 0.048384 0.255903 0.360361 0.017293 0.318060
2 1 0.033148 0.215300 0.500878 0.026007 0.224667
2 2 0.054548 0.276390 0.456777 0.017807 0.194478
2 2 0.177220 0.348888 0.363494 0.006736 0.103661
0 0 0.586685 0.239606 0.117990 0.001393 0.054325
0 0 0.702907 0.177044 0.065958 0.000825 0.053266
0 1 0.688602 0.177388 0.072229 0.001347 0.060435
0 1 0.417974 0.276248 0.225778 0.008471 0.071529
2 2 0.210699 0.325055 0.408177 0.010088 0.045981
2 2 0.062481 0.294388 0.555489 0.017099 0.070544
2 2 0.045425 0.268343 0.533408 0.019311 0.133514
2 3 0.029284 0.180040 0.589212 0.042671 0.158794
2 3 0.022078 0.139981 0.697963 0.045932 0.094045
2 3 0.021767 0.127125 0.691593 0.062102 0.097413
2 3 0.018841 0.096132 0.728435 0.092869 0.063723
2 2 0.013898 0.058350 0.742628 0.154973 0.030151
2 3 0.014356 0.050394 0.749265 0.167899 0.018086
3 3 0.001425 0.002981 0.263055 0.730773 0.001767
3 3 0.001284 0.002548 0.216463 0.777932 0.001773
3 3 0.001699 0.003484 0.276928 0.715864 0.002024
3 3 0.003212 0.006107 0.312134 0.675031 0.003517
3 3 0.002838 0.005135 0.254050 0.734442 0.003536
3 3 0.001806 0.003203 0.187279 0.805023 0.002689
3 3 0.000987 0.001808 0.144964 0.850538 0.001703
3 3 0.000901 0.001611 0.133369 0.862525 0.001594
3 3 0.000533 0.000919 0.096581 0.900896 0.001071
3 3 0.000486 0.000754 0.071958 0.925719 0.001082
3 3 0.000521 0.000714 0.053783 0.943688 0.001294
3 3 0.000769 0.000932 0.048240 0.948097 0.001962
3 3 0.001409 0.001665 0.061658 0.932038 0.003230
3 3 0.001551 0.001927 0.069131 0.923883 0.003507
3 3 0.001606 0.002116 0.079302 0.913477 0.003499
3 3 0.000913 0.001243 0.065912 0.929787 0.002145
3 3 0.000746 0.000945 0.052871 0.943592 0.001846
3 3 0.000804 0.000852 0.034091 0.961905 0.002347
3 3 0.000878 0.000834 0.027231 0.968306 0.002750
3 3 0.001492 0.001424 0.035287 0.957541 0.004256
3 1 0.005022 0.005355 0.111780 0.869918 0.007924
3 3 0.005272 0.006466 0.140715 0.839406 0.008141
3 3 0.001737 0.002228 0.083683 0.908803 0.003548
3 3 0.001050 0.001581 0.097811 0.897512 0.002046
3 3 0.001435 0.002169 0.115116 0.878676 0.002604
3 3 0.001184 0.001857 0.113096 0.881672 0.002191
3 3 0.001045 0.001527 0.084114 0.911077 0.002237
3 3 0.000656 0.000805 0.041684 0.954996 0.001859
3 3 0.000614 0.000693 0.032115 0.964658 0.001920
3 3 0.000255 0.000282 0.019769 0.978737 0.000957
3 3 0.000532 0.000510 0.022202 0.974972 0.001784
3 3 0.000664 0.000623 0.023161 0.973350 0.002202
3 3 0.001077 0.001002 0.030283 0.964492 0.003145
3 3 0.001633 0.001500 0.037101 0.955428 0.004338
3 3 0.000943 0.000858 0.024993 0.970154 0.003052
3 3 0.001338 0.001221 0.031633 0.961952 0.003856
3 3 0.002415 0.002303 0.050214 0.939397 0.005671
3 3 0.003241 0.003266 0.068080 0.918709 0.006703
3 3 0.004776 0.005126 0.096842 0.884710 0.008546
3 3 0.002246 0.002089 0.044017 0.946020 0.005628
3 3 0.002035 0.002020 0.054109 0.937296 0.004540
3 3 0.001238 0.001168 0.035289 0.958968 0.003336
3 3 0.001563 0.001365 0.028445 0.963799 0.004828
3 3 0.000851 0.000743 0.019200 0.976018 0.003188
3 3 0.000805 0.000691 0.017110 0.978186 0.003208
3 3 0.000831 0.000740 0.020756 0.974700 0.002973
3 3 0.000726 0.000730 0.028300 0.967981 0.002264
3 3 0.000774 0.000860 0.038181 0.958025 0.002160
3 3 0.000980 0.001041 0.041714 0.953739 0.002526
3 3 0.000996 0.000944 0.031388 0.963834 0.002838
3 3 0.001365 0.001271 0.035329 0.958340 0.003694
3 3 0.002135 0.001955 0.043306 0.947348 0.005256
3 3 0.003243 0.002896 0.050106 0.936262 0.007493
3 3 0.002555 0.002333 0.047909 0.941217 0.005986
3 3 0.001361 0.001367 0.043501 0.950376 0.003396
3 3 0.000833 0.000897 0.040395 0.955708 0.002165
3 3 0.000532 0.000561 0.030801 0.966576 0.001531
3 3 0.000783 0.000794 0.034754 0.961556 0.002112
3 3 0.000752 0.000727 0.028850 0.967459 0.002213
3 3 0.000930 0.000873 0.028727 0.966692 0.002778
3 3 0.001007 0.000970 0.034120 0.961169 0.002734
3 3 0.001028 0.000970 0.031419 0.963651 0.002932
3 3 0.001259 0.001239 0.043539 0.950958 0.003005
3 3 0.023178 0.019309 0.180816 0.751728 0.024969
3 3 0.144910 0.091554 0.344401 0.345962 0.073172
2 0 0.126071 0.096980 0.369144 0.340256 0.067548
2 2 0.062431 0.082343 0.496677 0.321538 0.037010
2 2 0.090548 0.178550 0.527776 0.124287 0.078839
2 2 0.101875 0.251213 0.448127 0.065029 0.133756
2 2 0.048698 0.116671 0.548524 0.204034 0.082074
2 2 0.026331 0.063961 0.463501 0.374943 0.071264
3 2 0.019357 0.046314 0.435284 0.446491 0.052553
2 2 0.016610 0.053742 0.476999 0.373757 0.078892
2 2 0.015553 0.050468 0.476012 0.382677 0.075290
2 2 0.014779 0.050706 0.549862 0.324284 0.060369
2 0 0.030010 0.116759 0.736079 0.071620 0.045531
2 2 0.090014 0.205377 0.629516 0.022271 0.052822
1 2 0.249891 0.342847 0.325107 0.005696 0.076459
2 1 0.250841 0.342436 0.344012 0.005562 0.057150
1 2 0.313063 0.317660 0.299368 0.007246 0.062664
2 2 0.036437 0.225716 0.572424 0.024546 0.140877
2 2 0.040338 0.214517 0.587220 0.031588 0.126337
2 2 0.043029 0.215383 0.585179 0.033675 0.122733
2 2 0.041564 0.190883 0.578016 0.053579 0.135958
2 2 0.036396 0.153486 0.563236 0.097470 0.149412
2 2 0.028416 0.136756 0.544183 0.110993 0.179653
2 2 0.021602 0.090031 0.585769 0.189164 0.113434
2 2 0.017715 0.067826 0.568840 0.255084 0.090534
2 2 0.020886 0.068242 0.555412 0.277506 0.077954
2 2 0.022393 0.070582 0.517983 0.297080 0.091962
2 2 0.033075 0.119499 0.588906 0.144418 0.114101
2 1 0.036024 0.132854 0.585263 0.127148 0.118711
2 1 0.049221 0.159593 0.594072 0.097673 0.099441
2 1 0.036116 0.173535 0.668344 0.042109 0.079896
2 2 0.034695 0.203854 0.609318 0.029716 0.122416
2 0 0.049877 0.245097 0.532029 0.019972 0.153024
2 1 0.067354 0.272723 0.498524 0.015455 0.145943
2 2 0.063075 0.350232 0.415305 0.003905 0.167482
2 2 0.076030 0.354732 0.391477 0.003845 0.173915
2 2 0.065932 0.361110 0.440581 0.003490 0.128887
2 1 0.084053 0.311708 0.451996 0.014701 0.137542
2 2 0.080063 0.285667 0.509477 0.024288 0.100504
2 2 0.087837 0.284324 0.493585 0.030824 0.103429
2 2 0.059045 0.252124 0.500451 0.033208 0.155172
2 2 0.054124 0.256521 0.515896 0.027235 0.146224
2 2 0.051860 0.225698 0.536136 0.037419 0.148887
2 2 0.051190 0.184006 0.604528 0.056596 0.103679
2 2 0.176324 0.297868 0.357577 0.017352 0.150878
0 0 0.377971 0.275479 0.275320 0.008723 0.062507
0 0 0.395967 0.286490 0.246068 0.007140 0.064334
2 2 0.311472 0.307469 0.325483 0.006076 0.049500
2 1 0.276499 0.318821 0.341261 0.009125 0.054294
1 1 0.259976 0.357977 0.320186 0.003336 0.058525
0 1 0.436853 0.319730 0.199248 0.001283 0.042886
0 1 0.518563 0.262375 0.156843 0.002620 0.059599
0 2 0.547160 0.278890 0.124721 0.000574 0.048655
1 2 0.261946 0.349148 0.324030 0.004286 0.060589
2 2 0.172485 0.341306 0.381854 0.008510 0.095845
2 1 0.084188 0.301134 0.436237 0.018150 0.160291
2 1 0.053309 0.276681 0.382115 0.014051 0.273843
2 2 0.069296 0.304698 0.405687 0.011742 0.208579
2 2 0.095111 0.277624 0.366343 0.024039 0.236883
2 2 0.079832 0.265234 0.393611 0.032184 0.229139
2 2 0.056128 0.237391 0.392289 0.041554 0.272639
2 2 0.049936 0.177419 0.363387 0.097584 0.311674
2 2 0.044732 0.159764 0.437845 0.120884 0.236776
2 2 0.046133 0.211661 0.501811 0.041642 0.198754
2 2 0.069941 0.293046 0.465693 0.015223 0.156096
2 2 0.069550 0.319650 0.458151 0.010414 0.142234
2 2 0.059398 0.322667 0.512400 0.008678 0.096857
2 2 0.043708 0.297954 0.565293 0.011439 0.081606
2 2 0.060811 0.291782 0.558659 0.017840 0.070908
2 2 0.069006 0.184054 0.625429 0.068225 0.053285
2 2 0.036184 0.090695 0.628018 0.197366 0.047737
2 2 0.031147 0.072478 0.551959 0.291432 0.052985
2 2 0.026956 0.051138 0.467177 0.414713 0.040015
2 1 0.028903 0.049654 0.452688 0.431796 0.036958
2 2 0.048531 0.104012 0.558750 0.217463 0.071243
2 2 0.070914 0.154995 0.531892 0.122600 0.119599
2 2 0.062860 0.134472 0.559127 0.165418 0.078124
2 2 0.053545 0.172315 0.618652 0.074580 0.080909
2 2 0.052089 0.155964 0.628850 0.090541 0.072556
2 2 0.057830 0.172011 0.631856 0.071811 0.066491
2 2 0.063324 0.219740 0.566845 0.041983 0.108108
2 4 0.071825 0.235647 0.454120 0.042907 0.195502
2 4 0.063037 0.255267 0.360263 0.024335 0.297099
4 4 0.070993 0.240400 0.277246 0.016971 0.394390
4 4 0.057911 0.200201 0.219111 0.014753 0.508024
4 4 0.063391 0.186604 0.210004 0.023081 0.516921
4 4 0.072144 0.189903 0.201725 0.021176 0.515051
4 4 0.075168 0.186291 0.167717 0.012013 0.558811
4 4 0.085192 0.220150 0.214857 0.014037 0.465764
1 1 0.145094 0.302288 0.277595 0.008976 0.266047
0 4 0.318463 0.272490 0.162241 0.004630 0.242176
0 4 0.454750 0.235443 0.083703 0.000925 0.225180
0 4 0.355053 0.219146 0.091991 0.002125 0.331685
4 4 0.356152 0.093596 0.030482 0.003444 0.516327
4 4 0.365960 0.045789 0.013557 0.006822 0.567872
4 4 0.228976 0.030854 0.008143 0.004334 0.727693
4 4 0.236534 0.044834 0.014247 0.005947 0.698438
4 4 0.206740 0.078309 0.027197 0.003287 0.684467
4 4 0.237208 0.082353 0.025295 0.002112 0.653031
4 4 0.232489 0.072022 0.020783 0.001921 0.672785
4 4 0.286840 0.079655 0.022348 0.001862 0.609295
4 4 0.260192 0.080840 0.022515 0.001582 0.634871
4 4 0.260684 0.081000 0.022421 0.001539 0.634356
4 4 0.230150 0.090972 0.033309 0.003750 0.641820
4 4 0.134179 0.154142 0.094104 0.007303 0.610272
4 4 0.064513 0.145617 0.160794 0.034553 0.594522
4 4 0.081363 0.194219 0.186193 0.015843 0.522382
4 4 0.092921 0.212063 0.213927 0.019257 0.461833
4 4 0.134471 0.232071 0.193097 0.011968 0.428392
4 1 0.153456 0.220406 0.181135 0.014897 0.430106
4 4 0.201156 0.243008 0.190101 0.013269 0.352466
0 4 0.301315 0.254610 0.151483 0.005575 0.287016
4 4 0.303933 0.241744 0.131500 0.004539 0.318284
4 4 0.275953 0.200552 0.111101 0.006897 0.405497
4 4 0.325225 0.183100 0.114669 0.015499 0.361507
4 4 0.194097 0.191154 0.163628 0.030229 0.420892
4 4 0.260130 0.195526 0.133998 0.016209 0.394137
2 4 0.096113 0.205467 0.461598 0.065683 0.171138
2 4 0.148470 0.172502 0.481729 0.103434 0.093865
2 4 0.228269 0.268660 0.360665 0.029795 0.112611
2 4 0.175082 0.301937 0.367789 0.021511 0.133681
2 4 0.200576 0.281022 0.332132 0.030238 0.156032
0 2 0.326579 0.248744 0.301826 0.028581 0.094270
0 2 0.373608 0.277409 0.275431 0.009398 0.064153
0 0 0.495781 0.269624 0.170934 0.003100 0.060561
0 0 0.446680 0.295069 0.200625 0.002842 0.054785
1 1 0.314209 0.317960 0.305678 0.007003 0.055149
2 1 0.174168 0.329696 0.448637 0.008860 0.038639
2 1 0.245573 0.305438 0.374189 0.016090 0.058710
2 1 0.114661 0.294941 0.419175 0.025273 0.145950
2 2 0.077076 0.229893 0.493363 0.061824 0.137844
2 2 0.089672 0.240528 0.493673 0.059632 0.116494
2 2 0.083459 0.191832 0.568917 0.085032 0.070760
2 2 0.071233 0.165905 0.598040 0.102857 0.061964
2 2 0.061537 0.153547 0.582757 0.123548 0.078611
2 2 0.052245 0.121169 0.539709 0.195530 0.091347
2 2 0.051073 0.122485 0.555910 0.183222 0.087310
2 2 0.167982 0.188455 0.540696 0.055670 0.047196
2 2 0.167336 0.215030 0.534150 0.038401 0.045082
2 0 0.201341 0.266996 0.458359 0.022849 0.050455
2 0 0.253074 0.249942 0.404076 0.029818 0.063090
2 2 0.239401 0.272115 0.392650 0.029721 0.066113
2 2 0.155199 0.194513 0.548080 0.056007 0.046201
2 2 0.113571 0.159676 0.576099 0.107264 0.043389
2 2 0.165744 0.190670 0.492725 0.091596 0.059266
2 2 0.133308 0.167297 0.539990 0.109288 0.050116
2 2 0.063659 0.097305 0.615116 0.194945 0.028975
3 2 0.033295 0.043772 0.427811 0.470941 0.024182
3 2 0.027316 0.033957 0.348821 0.566563 0.023343
3 2 0.020808 0.022902 0.245090 0.689663 0.021537
3 2 0.017737 0.020165 0.238754 0.704255 0.019089
2 2 0.046025 0.057718 0.449348 0.416660 0.030250
2 2 0.039804 0.055737 0.499207 0.379980 0.025273
2 2 0.020506 0.038803 0.601530 0.326307 0.012854
2 3 0.031412 0.048052 0.525145 0.374480 0.020911
2 3 0.052970 0.076671 0.578658 0.262214 0.029487
2 3 0.066513 0.090705 0.625050 0.188341 0.029391
2 3 0.053571 0.081789 0.603494 0.234095 0.027051
2 3 0.034918 0.052556 0.526666 0.363565 0.022295
3 3 0.037077 0.043120 0.335890 0.552196 0.031717
3 3 0.054860 0.047082 0.241623 0.606546 0.049888
3 3 0.062697 0.052471 0.275275 0.559158 0.050399
3 3 0.034125 0.037718 0.331913 0.568669 0.027575
2 3 0.033674 0.045257 0.464537 0.434096 0.022436
2 2 0.042812 0.053936 0.447124 0.427734 0.028393
2 3 0.079780 0.086924 0.457815 0.330656 0.044826
3 3 0.040252 0.043259 0.347888 0.537324 0.031276
3 3 0.037343 0.040436 0.341749 0.550654 0.029818
3 3 0.027835 0.028386 0.234639 0.680403 0.028736
3 3 0.036187 0.039273 0.292570 0.598809 0.033161
3 3 0.019802 0.020768 0.212284 0.725034 0.022111
3 3 0.010886 0.012376 0.192205 0.771300 0.013232
3 3 0.022028 0.026852 0.319911 0.611563 0.019646
3 0 0.051356 0.044702 0.307451 0.557257 0.039234
0 0 0.340002 0.151198 0.322964 0.096306 0.089530
0 2 0.402820 0.140660 0.259985 0.094436 0.102099
2 2 0.289173 0.142168 0.352045 0.131095 0.085518
2 2 0.049575 0.076324 0.551913 0.292755 0.029433
2 2 0.018203 0.029240 0.474680 0.464351 0.013527
3 2 0.016365 0.023033 0.363705 0.582587 0.014310
3 2 0.019293 0.026200 0.355751 0.581723 0.017033
3 3 0.018997 0.024687 0.310341 0.627466 0.018509
3 3 0.025215 0.035623 0.407894 0.510696 0.020571
3 2 0.017113 0.027108 0.438876 0.503113 0.013789
2 3 0.021824 0.034885 0.468196 0.458230 0.016864
3 2 0.012236 0.019116 0.355088 0.601663 0.011896
3 2 0.008521 0.010574 0.170772 0.797807 0.012327
3 2 0.012369 0.014954 0.192263 0.763761 0.016653
3 2 0.022155 0.025773 0.242169 0.684782 0.025122
3 2 0.034214 0.042422 0.355958 0.538138 0.029268
2 2 0.251266 0.181944 0.408430 0.084062 0.074298
2 1 0.303369 0.198466 0.394499 0.038147 0.065520
0 2 0.409833 0.206512 0.262505 0.032293 0.088857
2 2 0.282939 0.178521 0.387131 0.074988 0.076420
2 3 0.255611 0.215763 0.371303 0.073789 0.083535
2 3 0.204289 0.226775 0.371980 0.107910 0.089046
2 3 0.242437 0.260946 0.365304 0.050453 0.080859
2 3 0.066296 0.303083 0.428063 0.013090 0.189469
2 3 0.083229 0.246666 0.549456 0.025355 0.095295
2 3 0.084296 0.227301 0.569997 0.033133 0.085273
2 2 0.089475 0.166182 0.579938 0.104165 0.060240
2 2 0.114453 0.220299 0.508039 0.082903 0.074306
2 2 0.136019 0.254318 0.459090 0.053297 0.097276
2 2 0.078068 0.275169 0.494518 0.021097 0.131148
2 2 0.143667 0.311069 0.446476 0.009916 0.088872
0 2 0.453821 0.292894 0.195787 0.002729 0.054769
0 1 0.730038 0.164240 0.055443 0.000588 0.049690
0 1 0.763919 0.143696 0.043710 0.000472 0.048203
0 2 0.510904 0.242404 0.163851 0.006441 0.076400
0 2 0.311609 0.264154 0.305733 0.032898 0.085605
2 2 0.284764 0.250909 0.320934 0.051889 0.091504
2 2 0.081814 0.170423 0.559019 0.114070 0.074673
2 2 0.066270 0.168041 0.543307 0.098296 0.124086
2 1 0.117092 0.224015 0.518653 0.039458 0.100781
2 2 0.106696 0.244070 0.534166 0.019096 0.095972
2 2 0.070701 0.263268 0.569015 0.011755 0.085262
2 2 0.044104 0.216947 0.659564 0.019247 0.060138
2 2 0.030113 0.117667 0.731136 0.076761 0.044323
2 2 0.025953 0.105380 0.749671 0.080718 0.038278
2 2 0.024863 0.100484 0.739810 0.093240 0.041603
2 2 0.019838 0.083053 0.751585 0.109237 0.036286
2 2 0.031534 0.133879 0.706726 0.066811 0.061050
2 2 0.025566 0.089471 0.740078 0.109019 0.035866
2 2 0.023885 0.076660 0.690948 0.167914 0.040593
2 2 0.023569 0.086223 0.696977 0.144093 0.049137
2 2 0.019519 0.072458 0.681568 0.179620 0.046835
2 2 0.022901 0.079045 0.619474 0.211695 0.066886
2 3 0.021832 0.061701 0.585801 0.282249 0.048416
2 3 0.027033 0.068362 0.525107 0.315322 0.064176
2 3 0.034818 0.079502 0.520379 0.296576 0.068725
2 3 0.039462 0.074715 0.475761 0.348324 0.061738
2 3 0.047342 0.096164 0.519434 0.266005 0.071055
2 3 0.039799 0.085988 0.594346 0.234036 0.045831
2 3 0.036427 0.061966 0.515543 0.351832 0.034232
2 3 0.035226 0.060354 0.535954 0.338758 0.029708
2 3 0.045033 0.096591 0.611428 0.201887 0.045061
2 3 0.039198 0.080060 0.643508 0.208510 0.028724
2 3 0.028406 0.107263 0.659223 0.130299 0.074809
2 3 0.025439 0.084912 0.687958 0.157324 0.044367
2 3 0.028253 0.064295 0.620675 0.258366 0.028411
2 3 0.025606 0.051992 0.597362 0.303815 0.021225
2 3 0.016709 0.037826 0.539223 0.383095 0.023147
3 3 0.012294 0.022446 0.453598 0.499810 0.011852
2 3 0.017166 0.032614 0.479596 0.451733 0.018891
3 3 0.013015 0.023511 0.404891 0.542946 0.015637
3 3 0.011627 0.020186 0.344986 0.607603 0.015599
3 3 0.010828 0.015765 0.280328 0.680828 0.012250
3 3 0.007482 0.010316 0.202866 0.769139 0.010197
3 3 0.007457 0.011135 0.209352 0.759681 0.012376
3 3 0.010288 0.016253 0.290475 0.668959 0.014025
3 3 0.007369 0.011194 0.228799 0.741127 0.011511
3 3 0.025263 0.038889 0.386630 0.520549 0.028669
3 3 0.020848 0.029265 0.309148 0.615023 0.025716
3 3 0.019580 0.029545 0.308306 0.614466 0.028104
3 3 0.010273 0.013877 0.192375 0.766355 0.017121
3 3 0.006356 0.008962 0.167904 0.805830 0.010949
3 3 0.003293 0.005221 0.171447 0.814753 0.005286
3 3 0.004547 0.005637 0.119716 0.862106 0.007994
3 3 0.001883 0.002305 0.073619 0.918063 0.004130
3 3 0.001475 0.001870 0.070508 0.922822 0.003325
3 3 0.001826 0.002456 0.091808 0.900217 0.003693
3 3 0.002153 0.002733 0.087826 0.902925 0.004364
3 3 0.001506 0.001823 0.065111 0.928114 0.003446
3 3 0.001875 0.002260 0.075176 0.916733 0.003956
3 3 0.003831 0.004272 0.095916 0.889063 0.006918
3 3 0.007371 0.007354 0.112424 0.861307 0.011544
3 3 0.005098 0.004777 0.081193 0.899833 0.009099
3 3 0.007993 0.007843 0.107201 0.863951 0.013012
3 3 0.008372 0.008835 0.123316 0.846179 0.013299
3 3 0.006570 0.007500 0.123422 0.851560 0.010948
3 3 0.006844 0.008019 0.142400 0.832308 0.010428
3 3 0.002906 0.003360 0.085161 0.902828 0.005745
3 3 0.004683 0.005468 0.117520 0.864522 0.007807
3 3 0.002527 0.002915 0.081435 0.908100 0.005023
3 3 0.001864 0.002238 0.075564 0.916443 0.003891
3 3 0.002260 0.003232 0.138791 0.852151 0.003567
3 3 0.001439 0.002098 0.119924 0.874135 0.002404
3 3 0.000510 0.000495 0.022347 0.974937 0.001711
3 3 0.000260 0.000242 0.012343 0.985985 0.001170
3 3 0.000800 0.000708 0.019701 0.975850 0.002941
3 3 0.000715 0.000635 0.018626 0.977328 0.002697
3 3 0.003887 0.003502 0.058540 0.925801 0.008269
3 3 0.043181 0.029201 0.199957 0.687340 0.040320
2 3 0.267190 0.122369 0.306009 0.203994 0.100438
0 1 0.354711 0.154785 0.278851 0.107872 0.103781
2 2 0.245658 0.176757 0.403130 0.097749 0.076706
2 2 0.255796 0.262765 0.353644 0.045980 0.081815
2 2 0.194955 0.255505 0.426587 0.054369 0.068585
2 3 0.042155 0.079395 0.667373 0.190461 0.020615
2 2 0.062013 0.099444 0.686878 0.127459 0.024206
2 2 0.057651 0.113601 0.709578 0.091252 0.027918
2 4 0.083870 0.233518 0.571508 0.026184 0.084919
2 4 0.131999 0.296732 0.427930 0.017595 0.125744
4 4 0.059970 0.216049 0.311883 0.016236 0.395862
4 4 0.042064 0.150874 0.219997 0.018140 0.568925
4 4 0.029948 0.087460 0.122132 0.023780 0.736680
4 4 0.066179 0.139713 0.132756 0.012758 0.648594
4 4 0.127458 0.064867 0.025835 0.004188 0.777652
4 4 0.156517 0.075810 0.028245 0.003278 0.736149
4 4 0.217063 0.095603 0.030913 0.001892 0.654528
4 1 0.189781 0.088443 0.024341 0.000895 0.696540
4 1 0.189690 0.113710 0.031622 0.000637 0.664341
4 4 0.143359 0.082400 0.023002 0.000735 0.750505
4 4 0.140781 0.055438 0.014254 0.000895 0.788631
4 4 0.134862 0.040219 0.010236 0.001279 0.813405
4 4 0.163134 0.032850 0.006153 0.000575 0.797289
4 4 0.152384 0.042046 0.009428 0.000813 0.795328
4 4 0.168132 0.035852 0.006659 0.000510 0.788847
4 4 0.214494 0.062892 0.016947 0.001579 0.704087
4 4 0.184950 0.075459 0.019302 0.000799 0.719492
4 4 0.196526 0.077744 0.020284 0.000900 0.704546
4 4 0.238253 0.100180 0.024684 0.000605 0.636278
4 4 0.255779 0.124881 0.036486 0.000973 0.581882
4 4 0.230540 0.210728 0.083565 0.001300 0.473868
4 4 0.216016 0.171059 0.056394 0.000801 0.555731
4 4 0.217440 0.157826 0.050187 0.000792 0.573754
4 4 0.354018 0.147332 0.037895 0.000590 0.460165
4 4 0.081631 0.043310 0.014903 0.002137 0.858020
4 4 0.124057 0.022192 0.005150 0.001758 0.846843
4 4 0.230884 0.016461 0.002890 0.001776 0.747990
4 4 0.424850 0.012920 0.001742 0.001509 0.558979
0 4 0.540540 0.021501 0.003377 0.001690 0.432892
0 4 0.539197 0.034173 0.005963 0.001379 0.419288
0 4 0.539723 0.041501 0.007053 0.000926 0.410798
0 4 0.568765 0.071636 0.013123 0.000568 0.345908
0 4 0.562207 0.079998 0.011353 0.000157 0.346285
4 4 0.225366 0.209282 0.060077 0.000321 0.504955
4 2 0.119010 0.195268 0.065520 0.000324 0.619879
4 2 0.082280 0.233407 0.124425 0.001015 0.558873
4 2 0.115065 0.291839 0.212222 0.003292 0.377581
1 1 0.194273 0.333097 0.235114 0.003278 0.234238
1 1 0.163627 0.379712 0.321444 0.002628 0.132589
1 1 0.208188 0.398398 0.264822 0.001150 0.127442
1 1 0.236053 0.359608 0.261762 0.002700 0.139877
1 2 0.244276 0.341826 0.212549 0.002161 0.199188
4 1 0.147033 0.273866 0.148831 0.001629 0.428640
4 2 0.069781 0.246403 0.175292 0.002395 0.506130
2 2 0.024220 0.222232 0.399617 0.013853 0.340078
2 2 0.024871 0.186370 0.556614 0.027288 0.204857
2 2 0.024628 0.187090 0.575339 0.026096 0.186846
2 2 0.021106 0.164009 0.648929 0.028696 0.137260
2 2 0.017017 0.142559 0.692151 0.029835 0.118438
2 2 0.017971 0.166041 0.598711 0.023828 0.193448
2 2 0.014865 0.139950 0.667856 0.027812 0.149517
2 2 0.018358 0.174916 0.566382 0.021410 0.218935
2 2 0.019736 0.182653 0.569960 0.020873 0.206778
2 2 0.023335 0.212612 0.482193 0.016613 0.265248
2 2 0.019278 0.183696 0.581052 0.019812 0.196163
2 2 0.016477 0.160126 0.644683 0.022528 0.156186
2 2 0.018569 0.169374 0.638532 0.022593 0.150932
2 2 0.017201 0.152885 0.694782 0.024565 0.110568
2 2 0.018161 0.164719 0.648189 0.023448 0.145484
2 2 0.016686 0.152189 0.656905 0.025992 0.148228
2 2 0.015345 0.151861 0.637925 0.024027 0.170842
2 2 0.014308 0.141109 0.668847 0.025833 0.149902
2 2 0.014792 0.125997 0.720453 0.033173 0.105585
2 2 0.015019 0.135014 0.699054 0.029268 0.121646
2 2 0.019241 0.176770 0.556169 0.022167 0.225654
2 2 0.019490 0.192827 0.534964 0.017589 0.235130
2 2 0.019212 0.184415 0.530349 0.020377 0.245647
2 2 0.020011 0.185036 0.585135 0.020356 0.189462
2 2 0.023519 0.185820 0.618548 0.024027 0.148087
2 2 0.023474 0.158370 0.685945 0.033149 0.099061
2 2 0.015229 0.086134 0.785898 0.070773 0.041966
2 2 0.014529 0.064095 0.756032 0.131539 0.033805
2 2 0.015904 0.066298 0.710819 0.162158 0.044821
2 2 0.017339 0.077065 0.674869 0.160113 0.070612
2 2 0.018716 0.099634 0.648940 0.112845 0.119865
2 2 0.016579 0.080839 0.682155 0.139534 0.080893
2 2 0.022667 0.128185 0.693560 0.061671 0.093917
2 2 0.035714 0.207034 0.621490 0.025741 0.110020
2 1 0.068332 0.244631 0.599500 0.012030 0.075507
2 1 0.103029 0.261287 0.566329 0.009793 0.059561
2 2 0.085721 0.259691 0.592408 0.010452 0.051728
2 2 0.077012 0.354530 0.484256 0.004681 0.079521
2 2 0.062490 0.308528 0.515839 0.013097 0.100046
2 2 0.056454 0.288986 0.515284 0.019751 0.119525
2 2 0.016554 0.187210 0.568013 0.015294 0.212929
2 2 0.016633 0.170421 0.624594 0.019531 0.168822
2 2 0.016093 0.164238 0.636662 0.020514 0.162493
2 2 0.018018 0.161878 0.664336 0.023706 0.132062
2 2 0.022922 0.177316 0.662033 0.024529 0.113201
2 2 0.032966 0.222894 0.602234 0.021440 0.120465
2 3 0.033775 0.220533 0.607474 0.022572 0.115646
2 2 0.031001 0.207727 0.628308 0.023482 0.109481
2 2 0.069858 0.300745 0.466562 0.016874 0.145960
2 2 0.079847 0.349876 0.432267 0.005367 0.132642
2 1 0.065794 0.380999 0.438310 0.002151 0.112747
2 2 0.065102 0.369385 0.449882 0.002868 0.112763
2 2 0.065287 0.352701 0.491742 0.004329 0.085941
2 2 0.071085 0.347161 0.504025 0.005129 0.072600
2 2 0.061895 0.336798 0.516991 0.006009 0.078306
2 2 0.049658 0.291589 0.500569 0.016016 0.142169
2 2 0.042368 0.304087 0.495072 0.009681 0.148792
2 2 0.030179 0.285783 0.483273 0.009600 0.191165
2 2 0.023032 0.256031 0.598944 0.008511 0.113482
2 2 0.024923 0.267237 0.570590 0.008621 0.128629
2 2 0.308751 0.284911 0.355864 0.005931 0.044543
0 0 0.608656 0.239756 0.104577 0.000728 0.046283
0 0 0.703430 0.189731 0.063919 0.000377 0.042543
0 1 0.523859 0.263028 0.152121 0.002253 0.058740
1 2 0.156425 0.369519 0.331297 0.003476 0.139283
2 2 0.069299 0.319875 0.363991 0.006205 0.240630
2 2 0.038369 0.266968 0.428460 0.016009 0.250194
2 2 0.031116 0.226795 0.476943 0.021581 0.243565
2 2 0.021496 0.178053 0.621075 0.024191 0.155184
2 2 0.019115 0.163281 0.640242 0.026003 0.151360
2 2 0.015749 0.148813 0.662779 0.025457 0.147202
2 2 0.015891 0.157506 0.647176 0.022442 0.156985
2 2 0.020115 0.194059 0.581987 0.017866 0.185974
2 2 0.025524 0.226689 0.566953 0.015490 0.165344
2 2 0.027579 0.215878 0.606315 0.018922 0.131306
2 2 0.026050 0.195699 0.638615 0.022435 0.117200
2 3 0.021232 0.164546 0.701178 0.024810 0.088234
2 2 0.021740 0.149146 0.701428 0.034066 0.093620
2 2 0.018212 0.138861 0.723532 0.031565 0.087829
2 2 0.020973 0.198762 0.617460 0.016920 0.145885
2 2 0.092469 0.258736 0.482216 0.017076 0.149503
2 2 0.152394 0.303851 0.335753 0.008422 0.199581
1 0 0.139869 0.352386 0.348969 0.005414 0.153362
2 1 0.141758 0.334786 0.389246 0.009968 0.124243
2 2 0.099751 0.329153 0.445366 0.010851 0.114880
2 2 0.044963 0.295302 0.537894 0.013406 0.108434
2 2 0.022031 0.167404 0.684418 0.026086 0.100062
2 2 0.013481 0.086688 0.824302 0.043866 0.031663
2 2 0.017362 0.121137 0.777855 0.033256 0.050389
2 2 0.013416 0.088007 0.824678 0.042080 0.031819
2 2 0.012020 0.099549 0.814321 0.030818 0.043292
2 2 0.016251 0.144184 0.736043 0.023532 0.079990
2 2 0.038071 0.238587 0.592067 0.016375 0.114901
2 2 0.134316 0.321708 0.451843 0.008100 0.084034
2 1 0.226554 0.335432 0.387758 0.003888 0.046367
2 2 0.215962 0.343940 0.381561 0.004285 0.054252
2 2 0.148066 0.345527 0.449371 0.006770 0.050265
2 2 0.166305 0.317267 0.462125 0.012772 0.041531
2 2 0.122107 0.304140 0.495065 0.019748 0.058939
2 2 0.051199 0.242467 0.592789 0.026924 0.086621
2 2 0.025799 0.138877 0.705863 0.051400 0.078060
2 2 0.033614 0.184705 0.675042 0.031637 0.075001
2 2 0.036848 0.183269 0.687197 0.033162 0.059524
2 2 0.045221 0.267336 0.584113 0.017104 0.086225
2 2 0.039259 0.298447 0.553098 0.010514 0.098683
2 1 0.042641 0.316672 0.547538 0.006972 0.086177
2 2 0.051934 0.309672 0.483310 0.010378 0.144707
2 2 0.050070 0.281707 0.511541 0.013550 0.143132
2 2 0.082360 0.343559 0.424296 0.006256 0.143529
2 2 0.105274 0.335671 0.393932 0.008243 0.156879
2 2 0.082300 0.344144 0.446759 0.006535 0.120261
2 2 0.056075 0.314210 0.521752 0.010202 0.097761
2 2 0.049386 0.238362 0.633555 0.022725 0.055972
2 2 0.033903 0.208744 0.686115 0.019439 0.051800
2 2 0.031030 0.165327 0.697525 0.037070 0.069047
2 2 0.019278 0.106521 0.773028 0.052267 0.048906
2 2 0.037224 0.205786 0.631155 0.029480 0.096354
2 1 0.066343 0.323654 0.464494 0.009156 0.136352
2 2 0.104693 0.363930 0.437157 0.004577 0.089642
2 2 0.109003 0.383547 0.432980 0.002721 0.071749
2 2 0.038723 0.188331 0.628565 0.039098 0.105283
2 2 0.101705 0.228640 0.566100 0.026573 0.076983
0 2 0.326942 0.288697 0.310404 0.010110 0.063848
0 1 0.645703 0.221638 0.087448 0.000554 0.044657
0 0 0.771492 0.152019 0.039986 0.000172 0.036330
0 0 0.894017 0.062722 0.010081 0.000085 0.033095
0 0 0.904608 0.048310 0.007705 0.000148 0.039228
0 0 0.947442 0.022570 0.002189 0.000039 0.027760
0 0 0.960283 0.012593 0.000923 0.000026 0.026175
0 0 0.967673 0.005878 0.000286 0.000012 0.026151
0 0 0.973638 0.005790 0.000257 0.000007 0.020307
0 0 0.980903 0.002681 0.000074 0.000002 0.016340
0 0 0.978465 0.001793 0.000042 0.000002 0.019698
0 0 0.958819 0.002062 0.000066 0.000011 0.039041
0 0 0.929890 0.002775 0.000111 0.000032 0.067192
0 0 0.941195 0.004272 0.000226 0.000049 0.054258
0 0 0.903874 0.009069 0.000851 0.000307 0.085900
0 0 0.936440 0.014900 0.001463 0.000119 0.047078
0 0 0.863602 0.078635 0.015998 0.000205 0.041561
0 0 0.745368 0.139524 0.027680 0.000126 0.087302
4 0 0.298364 0.170664 0.035291 0.000153 0.495528
4 0 0.350789 0.145182 0.023887 0.000087 0.480055
4 0 0.303935 0.116068 0.016994 0.000065 0.562938
4 0 0.227903 0.132926 0.024625 0.000107 0.614439
4 0 0.204277 0.102576 0.018280 0.000118 0.674749
4 0 0.203985 0.092910 0.015856 0.000113 0.687136
4 0 0.248111 0.149898 0.036512 0.000318 0.565161
4 0 0.280252 0.190110 0.050672 0.000354 0.478611
4 0 0.336968 0.221543 0.072114 0.000703 0.368671
0 0 0.464803 0.268593 0.069014 0.000159 0.197431
0 0 0.385190 0.240811 0.068295 0.000339 0.305365
0 0 0.480810 0.132161 0.035463 0.001016 0.350550
4 0 0.356916 0.069070 0.015182 0.000998 0.557834
4 0 0.260863 0.031340 0.006204 0.001414 0.700178
4 0 0.357862 0.024700 0.004696 0.002342 0.610399
4 0 0.361680 0.018981 0.004206 0.006659 0.608474
0 0 0.564754 0.024115 0.004245 0.002400 0.404486
4 0 0.244505 0.037396 0.009806 0.003477 0.704816
4 0 0.199093 0.035576 0.008356 0.001790 0.755185
4 0 0.199601 0.041038 0.008655 0.000916 0.749790
0 0 0.340280 0.240499 0.084860 0.000817 0.333543
0 0 0.656932 0.193828 0.067712 0.000733 0.080794
0 0 0.786575 0.124408 0.036036 0.000539 0.052442
0 1 0.759174 0.142122 0.024190 0.000054 0.074459
0 0 0.713338 0.167850 0.045438 0.000299 0.073074
0 1 0.435055 0.267051 0.097192 0.000701 0.200001
1 1 0.286528 0.327839 0.146813 0.000807 0.238012
4 1 0.129594 0.240308 0.125830 0.001628 0.502640
4 1 0.108082 0.248075 0.154586 0.002475 0.486782
4 1 0.096628 0.247969 0.159449 0.002431 0.493522
4 1 0.083620 0.268390 0.193469 0.002630 0.451890
1 1 0.075740 0.355932 0.299509 0.001727 0.267092
1 1 0.125746 0.355196 0.267568 0.002157 0.249333
1 1 0.190088 0.402094 0.261674 0.001019 0.145125
1 1 0.125179 0.390105 0.356637 0.002232 0.125846
2 1 0.064665 0.324636 0.396278 0.006455 0.207966
2 2 0.040005 0.285709 0.395061 0.008518 0.270707
4 2 0.023692 0.235121 0.320939 0.007362 0.412886
4 2 0.019505 0.229897 0.342825 0.008122 0.399650
4 2 0.020777 0.231310 0.345539 0.008807 0.393567
2 2 0.030039 0.241535 0.366655 0.013853 0.347919
2 2 0.032322 0.239074 0.364622 0.015731 0.348250
2 2 0.024242 0.222383 0.428604 0.014520 0.310251
4 2 0.024188 0.235000 0.342327 0.009597 0.388889
2 2 0.023392 0.242219 0.368567 0.009687 0.356135
2 2 0.024445 0.250707 0.387603 0.009713 0.327533
2 2 0.023089 0.215357 0.523902 0.016069 0.221584
2 2 0.020983 0.192947 0.606071 0.018823 0.161176
2 2 0.021454 0.199821 0.588878 0.017759 0.172088
2 2 0.019311 0.179490 0.612421 0.020750 0.168027
2 2 0.016621 0.163849 0.640768 0.021443 0.157319
2 2 0.017563 0.167391 0.627653 0.022041 0.165352
2 2 0.017912 0.171408 0.598314 0.022980 0.189386
2 2 0.014344 0.137391 0.633670 0.036893 0.177701
2 2 0.013155 0.096016 0.713343 0.077720 0.099767
2 2 0.012597 0.088578 0.731151 0.085610 0.082064
2 2 0.017381 0.081140 0.737278 0.114313 0.049888
2 2 0.021609 0.100442 0.723805 0.092007 0.062137
2 2 0.022873 0.082889 0.700439 0.144245 0.049554
2 2 0.023619 0.080921 0.693883 0.156629 0.044948
2 3 0.042474 0.118995 0.672292 0.120347 0.045893
2 3 0.024427 0.043813 0.550638 0.364019 0.017103
2 3 0.027872 0.046233 0.476480 0.425931 0.023484
3 3 0.019459 0.027522 0.321124 0.611549 0.020345
3 3 0.007804 0.011922 0.250023 0.720350 0.009902
3 3 0.004914 0.007968 0.252017 0.729048 0.006052
3 3 0.007162 0.011399 0.296006 0.677563 0.007869
3 3 0.007061 0.010258 0.239130 0.734932 0.008620
3 3 0.004902 0.007420 0.218413 0.762873 0.006392
3 3 0.006678 0.009160 0.203735 0.771636 0.008792
3 3 0.008745 0.010966 0.197997 0.771114 0.011179
3 3 0.010542 0.012338 0.190507 0.773294 0.013319
3 3 0.009102 0.010696 0.180148 0.788214 0.011840
3 3 0.013710 0.013530 0.154244 0.800525 0.017991
3 3 0.011996 0.011814 0.136721 0.822371 0.017098
3 3 0.006937 0.007840 0.143079 0.832064 0.010081
3 3 0.006851 0.008443 0.173691 0.801778 0.009237
3 3 0.014218 0.013560 0.145501 0.807719 0.019002
3 3 0.006015 0.005631 0.085757 0.892006 0.010591
3 3 0.004266 0.004899 0.119100 0.864995 0.006741
3 3 0.009859 0.009013 0.111446 0.854878 0.014804
3 3 0.010866 0.009485 0.095512 0.866123 0.018014
3 3 0.011587 0.010470 0.116453 0.844461 0.017029
3 3 0.005722 0.005380 0.090826 0.888547 0.009526
3 3 0.017608 0.017013 0.211879 0.735937 0.017564
0 3 0.301745 0.116148 0.298267 0.182762 0.101078
0 1 0.347573 0.136530 0.299863 0.120717 0.095317
2 1 0.309606 0.183928 0.338367 0.079463 0.088635
2 2 0.240955 0.243016 0.390909 0.050557 0.074563
0 2 0.384059 0.277438 0.237082 0.011352 0.090068
0 1 0.379807 0.275877 0.254560 0.013462 0.076294
1 2 0.197578 0.344610 0.326616 0.006394 0.124801
2 2 0.151961 0.338780 0.404917 0.009427 0.094914
2 2 0.075289 0.291497 0.527876 0.022596 0.082742
2 2 0.084714 0.278476 0.500438 0.034592 0.101781
2 2 0.046988 0.197043 0.592265 0.051997 0.111707
2 2 0.042110 0.169989 0.641014 0.061445 0.085442
2 1 0.036422 0.155166 0.658647 0.062318 0.087447
2 1 0.067878 0.201127 0.609812 0.040202 0.080981
2 1 0.141470 0.280349 0.477325 0.015491 0.085365
2 2 0.056649 0.278914 0.425397 0.019126 0.219915
2 2 0.054780 0.262304 0.459057 0.026941 0.196918
2 2 0.054654 0.267581 0.493099 0.025344 0.159323
2 2 0.041225 0.258937 0.523603 0.019544 0.156691
2 2 0.032447 0.241407 0.586993 0.016676 0.122478
2 2 0.046612 0.286885 0.519556 0.012723 0.134224
2 2 0.048575 0.296275 0.465622 0.012635 0.176892
2 2 0.032114 0.238211 0.595766 0.016893 0.117015
2 2 0.047027 0.309546 0.505568 0.009675 0.128185
2 2 0.167868 0.361348 0.367020 0.004987 0.098777
0 1 0.534492 0.263137 0.145986 0.001791 0.054594
0 2 0.536387 0.248103 0.147621 0.003200 0.064690
0 2 0.429801 0.296840 0.212907 0.003505 0.056947
2 2 0.143968 0.316154 0.455719 0.016062 0.068096
2 2 0.089345 0.324083 0.499737 0.011114 0.075722
2 2 0.037759 0.196320 0.661985 0.030890 0.073046
2 2 0.031191 0.193127 0.667853 0.026185 0.081643
2 2 0.029840 0.183907 0.682685 0.026108 0.077460
2 2 0.047315 0.275235 0.512141 0.015015 0.150294
2 2 0.052119 0.330677 0.468062 0.006013 0.143129
2 2 0.048246 0.292156 0.379824 0.008360 0.271414
2 2 0.046148 0.304826 0.431575 0.008263 0.209188
2 2 0.036886 0.289051 0.471777 0.010984 0.191302
2 2 0.028117 0.289944 0.497750 0.008284 0.175904
2 2 0.029729 0.283622 0.474607 0.009587 0.202454
2 2 0.039952 0.300221 0.442034 0.008088 0.209705
2 2 0.055699 0.326147 0.419217 0.005952 0.192985
2 2 0.054886 0.323447 0.427137 0.006484 0.188046
2 2 0.043640 0.298652 0.505676 0.011722 0.140310
2 2 0.039905 0.291457 0.510086 0.012773 0.145780
2 2 0.041266 0.285877 0.487963 0.014482 0.170412
2 2 0.039114 0.283631 0.463281 0.013053 0.200922
2 2 0.044048 0.274229 0.474166 0.018081 0.189475
2 2 0.041769 0.278438 0.489607 0.015950 0.174236
2 2 0.042607 0.246177 0.511592 0.024081 0.175543
2 2 0.046425 0.267031 0.465722 0.019783 0.201038
2 2 0.047345 0.279171 0.430013 0.015663 0.227808
2 2 0.056473 0.285742 0.423000 0.015956 0.218830
2 1 0.059559 0.325796 0.464256 0.007769 0.142620
2 1 0.142948 0.363365 0.390954 0.004943 0.097790
2 2 0.048021 0.173710 0.550772 0.089505 0.137992
2 2 0.039280 0.117360 0.641564 0.138398 0.063399
2 2 0.039274 0.103043 0.638239 0.166821 0.052624
2 2 0.033046 0.136347 0.650651 0.091647 0.088309
2 2 0.034466 0.180741 0.675454 0.029864 0.079475
2 2 0.048613 0.188430 0.671295 0.028031 0.063631
2 2 0.049969 0.213821 0.607368 0.025088 0.103754
2 2 0.054863 0.252805 0.544391 0.016867 0.131075
2 4 0.051312 0.231726 0.470413 0.024450 0.222100
2 4 0.066309 0.249419 0.340721 0.017127 0.326425
4 4 0.063867 0.232194 0.275075 0.014020 0.414845
4 4 0.117225 0.261714 0.194102 0.004898 0.422061
4 4 0.194750 0.271545 0.146907 0.002243 0.384554
1 4 0.240542 0.333357 0.157349 0.000855 0.267897
0 0 0.585002 0.231914 0.083062 0.000638 0.099384
0 1 0.787858 0.122474 0.036100 0.000604 0.052963
