0 0 0.885937 0.013668 0.001272 0.001364 0.097759
0 0 0.935507 0.014157 0.001048 0.000540 0.048749
0 0 0.962323 0.007531 0.000456 0.000398 0.029291
0 0 0.960407 0.009701 0.000735 0.000634 0.028522
0 1 0.974272 0.007411 0.000516 0.000495 0.017306
0 1 0.956650 0.017676 0.001603 0.000634 0.023437
0 4 0.953963 0.020515 0.002221 0.000939 0.022361
0 4 0.934178 0.030875 0.004089 0.001380 0.029478
0 4 0.847280 0.093796 0.016440 0.001409 0.041076
0 4 0.654518 0.233489 0.062854 0.001276 0.047864
0 4 0.439370 0.329076 0.164428 0.002857 0.064268
2 4 0.221783 0.345605 0.357429 0.005853 0.069329
2 1 0.080385 0.244440 0.598492 0.015926 0.060758
2 1 0.058974 0.205223 0.667187 0.020100 0.048515
2 2 0.026504 0.123613 0.791350 0.032859 0.025674
2 2 0.020779 0.089783 0.819360 0.053447 0.016631
2 2 0.023002 0.081506 0.801384 0.078942 0.015166
2 2 0.028713 0.082901 0.756158 0.114170 0.018057
2 2 0.045040 0.103203 0.712076 0.115376 0.024305
2 2 0.025473 0.062210 0.666149 0.228854 0.017314
2 2 0.039721 0.084603 0.568537 0.261270 0.045868
2 2 0.029397 0.053235 0.444827 0.435608 0.036933
2 3 0.020997 0.056946 0.567189 0.325312 0.029556
2 3 0.023096 0.073227 0.606548 0.250569 0.046560
2 3 0.025677 0.092765 0.651301 0.170512 0.059745
2 3 0.023061 0.073507 0.603384 0.251640 0.048407
2 3 0.028969 0.087206 0.587178 0.232506 0.064140
2 2 0.027125 0.098293 0.612471 0.177345 0.084767
2 2 0.023364 0.090623 0.646162 0.172208 0.067643
2 2 0.025796 0.102901 0.642736 0.145836 0.082731
2 1 0.034407 0.132539 0.571132 0.112187 0.149735
2 1 0.031909 0.182914 0.438559 0.028290 0.318328
2 1 0.026989 0.175059 0.432043 0.023809 0.342099
2 1 0.037194 0.168057 0.427398 0.039796 0.327556
2 1 0.040641 0.153262 0.381658 0.056521 0.367917
2 1 0.035552 0.162223 0.408200 0.041558 0.352467
2 1 0.034943 0.157207 0.402287 0.046330 0.359233
2 1 0.043644 0.161704 0.384768 0.059181 0.350703
2 1 0.042484 0.173148 0.412271 0.053251 0.318846
2 1 0.042249 0.164568 0.468515 0.071092 0.253575
2 1 0.035172 0.104006 0.685595 0.136043 0.039184
2 1 0.036609 0.109789 0.723886 0.097869 0.031847
2 2 0.044816 0.120243 0.710429 0.091263 0.033249
2 2 0.043262 0.119400 0.706105 0.095853 0.035380
2 2 0.042788 0.123320 0.709773 0.087409 0.036710
2 2 0.037069 0.106701 0.709736 0.113427 0.033067
2 2 0.035281 0.086333 0.634214 0.210000 0.034172
2 2 0.030627 0.071842 0.617632 0.252885 0.027014
2 3 0.024218 0.044245 0.481419 0.429559 0.020560
3 3 0.036024 0.044372 0.390879 0.502841 0.025884
3 3 0.014383 0.014702 0.209510 0.750101 0.011303
3 3 0.008344 0.008085 0.154822 0.822277 0.006471
3 3 0.006750 0.007061 0.151500 0.829236 0.005454
3 3 0.005399 0.013161 0.385781 0.590872 0.004787
3 3 0.005977 0.010828 0.296905 0.681754 0.004536
3 3 0.008372 0.012514 0.285786 0.687863 0.005465
3 3 0.015581 0.014975 0.240627 0.720528 0.008289
3 3 0.016518 0.013600 0.212889 0.748868 0.008126
3 3 0.010022 0.009660 0.207013 0.768391 0.004915
3 3 0.004247 0.003962 0.117903 0.871175 0.002714
3 3 0.004988 0.001143 0.022198 0.969127 0.002544
3 3 0.006187 0.000941 0.014896 0.975093 0.002884
3 3 0.004405 0.000532 0.009624 0.983579 0.001861
3 3 0.003555 0.000440 0.009002 0.985523 0.001480
3 3 0.003208 0.000602 0.014259 0.980450 0.001481
3 3 0.003172 0.000599 0.014288 0.980476 0.001465
3 3 0.003981 0.000766 0.016206 0.977156 0.001891
3 3 0.005696 0.000954 0.016116 0.974532 0.002702
3 3 0.006194 0.000785 0.011926 0.978349 0.002746
3 3 0.006519 0.000573 0.007808 0.982472 0.002628
3 3 0.006230 0.000527 0.007304 0.983465 0.002474
3 3 0.005425 0.000544 0.008438 0.983367 0.002225
3 3 0.004301 0.000559 0.010418 0.982872 0.001850
3 3 0.004809 0.000639 0.011268 0.981178 0.002105
3 3 0.005510 0.000815 0.013654 0.977503 0.002518
3 3 0.006313 0.000724 0.010658 0.979576 0.002729
3 3 0.007117 0.000677 0.008956 0.980292 0.002959
3 3 0.005961 0.000469 0.006551 0.984709 0.002310
3 3 0.006402 0.000563 0.007746 0.982713 0.002576
3 3 0.006094 0.000527 0.007425 0.983525 0.002429
3 3 0.005719 0.000330 0.004402 0.987520 0.002028
3 3 0.005826 0.000328 0.004308 0.987481 0.002056
3 3 0.005882 0.000306 0.003919 0.987860 0.002033
3 3 0.006763 0.000348 0.004121 0.986405 0.002364
3 3 0.006826 0.000315 0.003631 0.986909 0.002319
3 3 0.005772 0.000258 0.003238 0.988820 0.001912
3 3 0.004045 0.000256 0.004208 0.990071 0.001420
3 3 0.002531 0.000224 0.005106 0.991210 0.000929
3 3 0.002709 0.000202 0.004261 0.991875 0.000954
3 3 0.002697 0.000214 0.004591 0.991532 0.000966
3 3 0.003348 0.000177 0.003093 0.992284 0.001098
3 3 0.004091 0.000216 0.003388 0.990936 0.001369
3 3 0.004266 0.000181 0.002639 0.991564 0.001350
3 3 0.003915 0.000240 0.003985 0.990501 0.001358
3 3 0.004742 0.000238 0.003407 0.990024 0.001589
3 3 0.005913 0.000263 0.003245 0.988620 0.001959
3 3 0.004869 0.000199 0.002674 0.990712 0.001546
3 3 0.006170 0.000220 0.002523 0.989154 0.001933
3 3 0.007367 0.000194 0.001887 0.988389 0.002163
3 3 0.007616 0.000164 0.001504 0.988589 0.002127
3 3 0.006741 0.000183 0.001885 0.989212 0.001979
3 3 0.007386 0.000197 0.001924 0.988313 0.002179
3 3 0.011902 0.000298 0.002345 0.982230 0.003226
3 3 0.029951 0.000816 0.004681 0.958017 0.006534
3 3 0.030561 0.001092 0.006691 0.954692 0.006963
3 3 0.027703 0.001405 0.009755 0.954162 0.006975
3 3 0.020314 0.001139 0.008727 0.963684 0.006136
3 3 0.012020 0.000859 0.008563 0.974274 0.004285
3 3 0.012504 0.001239 0.013118 0.968345 0.004795
3 3 0.017792 0.002644 0.026538 0.945928 0.007099
3 3 0.013171 0.002480 0.030265 0.948421 0.005664
3 3 0.023711 0.004585 0.043143 0.918950 0.009611
3 3 0.023715 0.005122 0.048888 0.912229 0.010047
3 3 0.021369 0.005030 0.052779 0.911987 0.008835
3 3 0.008073 0.002174 0.035209 0.950439 0.004106
3 3 0.006369 0.002455 0.050700 0.937253 0.003223
3 3 0.006359 0.002625 0.054240 0.933409 0.003367
3 3 0.008284 0.004361 0.081166 0.901369 0.004821
3 3 0.016461 0.008969 0.112859 0.851282 0.010429
3 3 0.015765 0.007817 0.092297 0.872856 0.011265
3 3 0.017480 0.016082 0.211945 0.742271 0.012222
3 3 0.011264 0.006270 0.095611 0.879504 0.007350
3 3 0.016551 0.010692 0.140624 0.821675 0.010458
3 3 0.030362 0.022472 0.240887 0.691175 0.015103
3 3 0.026884 0.017389 0.201079 0.742078 0.012569
3 3 0.021129 0.026876 0.398291 0.543298 0.010405
3 3 0.015655 0.014818 0.224109 0.736007 0.009411
3 3 0.024311 0.020775 0.230029 0.709002 0.015884
3 3 0.027435 0.014870 0.149221 0.792931 0.015543
3 3 0.017015 0.009019 0.114418 0.849482 0.010065
3 3 0.026494 0.013977 0.151867 0.794597 0.013065
3 3 0.017249 0.007824 0.099257 0.866488 0.009182
3 3 0.020649 0.013672 0.176354 0.778678 0.010646
3 3 0.010862 0.010776 0.194646 0.776621 0.007095
3 3 0.022800 0.017372 0.201221 0.744621 0.013987
3 3 0.020049 0.011061 0.128171 0.828539 0.012179
3 3 0.022464 0.007391 0.074578 0.883780 0.011787
3 3 0.023604 0.006427 0.059816 0.897891 0.012262
3 3 0.013658 0.002913 0.031971 0.943875 0.007584
3 3 0.016430 0.002746 0.025865 0.946262 0.008696
3 3 0.041312 0.030884 0.308100 0.604010 0.015693
3 3 0.049495 0.025590 0.187244 0.711707 0.025964
3 3 0.034889 0.012220 0.088834 0.841238 0.022820
3 3 0.055734 0.016390 0.088732 0.803971 0.035173
3 3 0.032949 0.008931 0.061965 0.874643 0.021512
3 3 0.027618 0.010365 0.087193 0.856709 0.018116
3 3 0.016141 0.009571 0.114413 0.847701 0.012174
3 3 0.011454 0.009789 0.150833 0.818767 0.009157
3 3 0.014277 0.014386 0.204555 0.755477 0.011306
3 3 0.010376 0.010081 0.181758 0.790669 0.007116
3 3 0.007147 0.007866 0.170977 0.808604 0.005405
3 3 0.016516 0.012979 0.182083 0.778341 0.010081
3 3 0.011359 0.009218 0.151035 0.820543 0.007845
3 3 0.018374 0.012533 0.163057 0.795203 0.010833
3 3 0.014465 0.008307 0.111762 0.855981 0.009485
3 3 0.022544 0.013255 0.159622 0.793147 0.011433
3 3 0.013445 0.010309 0.156012 0.811448 0.008786
3 3 0.011302 0.012156 0.219522 0.749727 0.007293
3 3 0.014565 0.016080 0.257023 0.703328 0.009003
3 3 0.035371 0.027180 0.257348 0.660999 0.019101
3 3 0.015849 0.010835 0.136885 0.824650 0.011781
3 3 0.019722 0.015331 0.174860 0.775038 0.015049
3 3 0.059608 0.042361 0.256595 0.600895 0.040542
3 3 0.102702 0.079967 0.319688 0.425295 0.072348
2 3 0.145683 0.143601 0.409803 0.204755 0.096158
2 3 0.116945 0.147490 0.478163 0.171547 0.085855
2 3 0.167714 0.171888 0.418716 0.138301 0.103381
2 3 0.131482 0.124900 0.398764 0.255709 0.089145
2 3 0.110537 0.100565 0.393457 0.327053 0.068388
3 3 0.073919 0.064113 0.355273 0.462687 0.044009
3 3 0.061610 0.048655 0.303795 0.548068 0.037871
3 3 0.055071 0.064750 0.382272 0.451479 0.046428
2 3 0.086854 0.122045 0.489840 0.230678 0.070583
2 3 0.078521 0.148696 0.580359 0.129290 0.063134
2 2 0.093800 0.182453 0.600118 0.066296 0.057333
2 2 0.081920 0.184010 0.634411 0.049409 0.050250
2 2 0.123594 0.247481 0.543024 0.023790 0.062112
2 2 0.097043 0.221468 0.598519 0.028185 0.054785
2 2 0.090691 0.223330 0.611400 0.023438 0.051141
2 2 0.090399 0.241984 0.614030 0.012334 0.041252
2 2 0.166618 0.261923 0.462162 0.028695 0.080602
2 2 0.148688 0.233602 0.490990 0.045907 0.080813
2 2 0.174032 0.275289 0.453479 0.021601 0.075599
2 2 0.172394 0.260966 0.453151 0.030505 0.082983
2 2 0.171647 0.276490 0.453923 0.021235 0.076705
2 2 0.164135 0.291371 0.452055 0.015678 0.076761
2 2 0.171649 0.299656 0.438577 0.013733 0.076384
2 2 0.174778 0.334128 0.402382 0.007361 0.081352
2 2 0.162876 0.307856 0.419513 0.012719 0.097036
2 2 0.130771 0.296836 0.440444 0.014372 0.117576
2 2 0.136990 0.296268 0.410694 0.016122 0.139925
2 2 0.185541 0.305901 0.367958 0.015929 0.124670
2 2 0.162175 0.273963 0.459763 0.022707 0.081392
2 2 0.145792 0.273284 0.481359 0.020809 0.078755
2 2 0.149686 0.277254 0.472458 0.020077 0.080526
2 2 0.143905 0.245945 0.476809 0.039157 0.094185
2 2 0.115766 0.194040 0.502143 0.092145 0.095907
2 2 0.113046 0.154839 0.436080 0.180917 0.115118
2 2 0.072987 0.131584 0.502289 0.206892 0.086248
2 2 0.097941 0.137748 0.460891 0.215215 0.088205
1 2 0.183499 0.349975 0.349714 0.006184 0.110627
1 2 0.195008 0.336419 0.334454 0.008712 0.125408
2 2 0.157419 0.310579 0.357867 0.013891 0.160244
2 2 0.101366 0.217448 0.494533 0.058374 0.128279
2 2 0.102235 0.155957 0.446776 0.165792 0.129239
2 2 0.085569 0.098987 0.370402 0.343534 0.101508
2 3 0.048288 0.092055 0.491143 0.301272 0.067242
2 3 0.039221 0.086775 0.543648 0.280776 0.049580
2 3 0.053595 0.091197 0.480675 0.316126 0.058408
2 3 0.095637 0.163186 0.549796 0.120536 0.070846
2 2 0.159846 0.226991 0.469730 0.057165 0.086268
2 2 0.093002 0.196605 0.597639 0.051490 0.061264
2 2 0.122595 0.245190 0.546464 0.024406 0.061344
2 2 0.099524 0.201658 0.589084 0.048915 0.060819
2 3 0.067505 0.132779 0.606862 0.141115 0.051739
2 3 0.035299 0.080937 0.600758 0.248384 0.034622
2 3 0.037260 0.079292 0.603829 0.249173 0.030446
2 1 0.078097 0.142124 0.612625 0.119545 0.047610
2 1 0.148635 0.235696 0.513869 0.036521 0.065280
2 1 0.216015 0.325538 0.358373 0.010033 0.090041
2 1 0.128681 0.324686 0.408428 0.008441 0.129764
2 1 0.112091 0.295995 0.449423 0.013411 0.129081
2 1 0.106749 0.292129 0.452365 0.013958 0.134799
2 2 0.099201 0.288376 0.481234 0.013133 0.118056
2 2 0.109881 0.300409 0.460153 0.011503 0.118054
2 2 0.175277 0.316357 0.391674 0.012020 0.104672
2 2 0.202702 0.329715 0.353107 0.009813 0.104663
2 2 0.185334 0.342163 0.370874 0.006952 0.094676
1 2 0.187946 0.363885 0.356202 0.004253 0.087713
1 2 0.241434 0.381709 0.283303 0.002955 0.090599
1 2 0.265876 0.393845 0.258237 0.002017 0.080025
1 2 0.251057 0.381772 0.293853 0.002635 0.070683
1 2 0.231296 0.381705 0.297245 0.002959 0.086795
1 2 0.296796 0.371873 0.253684 0.002939 0.074709
1 2 0.305859 0.358867 0.265139 0.003689 0.066446
1 2 0.217458 0.358046 0.357070 0.004201 0.063225
2 2 0.157878 0.339691 0.434625 0.005060 0.062746
2 2 0.134123 0.319502 0.462283 0.007441 0.076652
2 2 0.084935 0.264483 0.563549 0.012492 0.074541
2 2 0.085641 0.223920 0.584538 0.030669 0.075232
3 3 0.032797 0.035861 0.298746 0.603802 0.028794
2 3 0.045038 0.063892 0.500851 0.363447 0.026772
3 3 0.041904 0.053265 0.420909 0.456226 0.027695
2 3 0.050432 0.079705 0.537041 0.301515 0.031307
2 3 0.071728 0.097753 0.453507 0.317011 0.060001
2 3 0.067846 0.121470 0.537248 0.208941 0.064496
2 3 0.108677 0.144142 0.434128 0.207700 0.105353
2 3 0.122255 0.228198 0.505791 0.048613 0.095143
2 3 0.185958 0.281871 0.418866 0.022464 0.090841
2 2 0.240758 0.323892 0.331305 0.010674 0.093372
1 2 0.318795 0.352565 0.230452 0.004418 0.093770
1 2 0.317072 0.370087 0.208580 0.002818 0.101442
1 2 0.224092 0.390274 0.285070 0.002546 0.098018
1 2 0.299547 0.378941 0.229173 0.002531 0.089808
1 2 0.269705 0.343709 0.257267 0.006809 0.122510
2 2 0.216694 0.273281 0.346494 0.032128 0.131403
2 3 0.106771 0.114390 0.386556 0.296526 0.095757
3 3 0.034264 0.036739 0.281927 0.613045 0.034024
3 3 0.014139 0.016553 0.228509 0.727937 0.012861
3 3 0.007060 0.013477 0.291283 0.681295 0.006886
3 3 0.024698 0.039176 0.452472 0.467746 0.015907
3 3 0.027710 0.035404 0.400336 0.521215 0.015333
3 3 0.037887 0.042451 0.384883 0.513254 0.021525
2 3 0.039518 0.061761 0.531626 0.343894 0.023200
2 3 0.056002 0.075718 0.519362 0.319138 0.029779
2 3 0.099324 0.108708 0.466989 0.270840 0.054140
2 3 0.112989 0.135613 0.465464 0.211529 0.074405
2 3 0.133093 0.177869 0.480184 0.124631 0.084222
2 2 0.144038 0.191893 0.471798 0.104447 0.087825
2 2 0.212521 0.271825 0.404694 0.027174 0.083786
2 2 0.204141 0.309065 0.406154 0.011350 0.069291
2 2 0.198684 0.318200 0.406557 0.009245 0.067314
2 2 0.156634 0.301591 0.461776 0.011226 0.068774
2 2 0.135285 0.286986 0.481978 0.014840 0.080911
2 2 0.161632 0.314322 0.423336 0.010855 0.089855
2 2 0.090485 0.244518 0.542828 0.024821 0.097348
2 3 0.081234 0.223395 0.530301 0.038990 0.126080
2 3 0.036695 0.128063 0.616439 0.121604 0.097199
2 3 0.070039 0.138545 0.417522 0.179274 0.194619
2 2 0.082714 0.130415 0.365790 0.203902 0.217178
2 2 0.026921 0.152957 0.468389 0.047080 0.304653
4 2 0.035051 0.162536 0.266378 0.022445 0.513589
4 2 0.032011 0.170335 0.234147 0.013546 0.549961
4 4 0.043652 0.184917 0.288342 0.024022 0.459067
4 4 0.070425 0.185757 0.183028 0.016031 0.544759
4 4 0.085923 0.186912 0.186594 0.021154 0.519417
4 4 0.101648 0.179223 0.194636 0.034178 0.490316
4 4 0.069048 0.150073 0.166038 0.026683 0.588158
4 4 0.039615 0.123393 0.127368 0.012930 0.696694
4 4 0.039080 0.123620 0.127578 0.012678 0.697045
4 4 0.031636 0.121582 0.122968 0.009237 0.714577
4 4 0.046994 0.153526 0.165811 0.014999 0.618671
4 4 0.033174 0.180156 0.234082 0.010957 0.541631
4 4 0.038987 0.207749 0.320563 0.015148 0.417554
2 2 0.056186 0.215526 0.391320 0.031349 0.305620
2 2 0.049579 0.191121 0.516656 0.050724 0.191920
2 2 0.057843 0.185919 0.552937 0.063828 0.139473
2 2 0.074785 0.233132 0.499713 0.032262 0.160108
2 2 0.076821 0.235996 0.467647 0.031875 0.187662
2 2 0.068739 0.224481 0.469619 0.036178 0.200983
2 3 0.031654 0.066383 0.522748 0.341653 0.037562
2 3 0.046960 0.075751 0.445353 0.377081 0.054856
2 3 0.061243 0.117933 0.508346 0.225767 0.086711
2 3 0.111200 0.185540 0.449424 0.110097 0.143738
2 3 0.226747 0.296746 0.332806 0.019819 0.123881
0 2 0.466602 0.293151 0.129217 0.004481 0.106548
0 1 0.556959 0.255836 0.072956 0.002056 0.112194
0 1 0.523259 0.260647 0.074133 0.001828 0.140133
0 4 0.513330 0.274017 0.091452 0.002307 0.118894
0 4 0.374981 0.359625 0.172293 0.002299 0.090802
1 4 0.272171 0.394834 0.243358 0.001962 0.087674
1 4 0.183719 0.370181 0.304295 0.004062 0.137743
2 2 0.108397 0.312825 0.416033 0.009332 0.153413
2 2 0.077923 0.210128 0.501867 0.055254 0.154828
2 3 0.083481 0.134129 0.405508 0.222248 0.154635
3 3 0.077601 0.090292 0.345083 0.373230 0.113794
3 2 0.064143 0.066787 0.311056 0.468436 0.089578
3 2 0.083488 0.078479 0.294236 0.425248 0.118548
3 2 0.070570 0.080435 0.344823 0.418325 0.085847
2 2 0.067408 0.131452 0.560556 0.173797 0.066787
2 1 0.108716 0.306376 0.468415 0.009535 0.106957
2 1 0.093958 0.247544 0.542788 0.024219 0.091490
2 1 0.098348 0.205681 0.560479 0.056475 0.079017
2 1 0.091952 0.185644 0.568323 0.077932 0.076150
2 1 0.110678 0.203557 0.527352 0.070315 0.088098
2 1 0.128830 0.222308 0.502325 0.055508 0.091029
2 2 0.133474 0.213018 0.440850 0.080613 0.132046
2 2 0.130496 0.200204 0.422009 0.100107 0.147184
2 3 0.104521 0.184951 0.515977 0.098757 0.095794
2 3 0.076480 0.152654 0.579154 0.123215 0.068498
2 3 0.061909 0.140852 0.591927 0.135081 0.070231
2 3 0.057503 0.139311 0.590097 0.137296 0.075794
2 3 0.035813 0.092280 0.613863 0.213815 0.044229
2 3 0.027496 0.065532 0.553807 0.320510 0.032656
2 3 0.057351 0.113043 0.564477 0.208824 0.056306
2 2 0.077602 0.137919 0.545707 0.170208 0.068564
2 2 0.096193 0.174517 0.576522 0.088657 0.064111
2 2 0.173152 0.246497 0.461318 0.038990 0.080044
1 2 0.333300 0.344166 0.229469 0.004998 0.088066
1 2 0.299039 0.380102 0.255482 0.002229 0.063148
1 2 0.347785 0.357179 0.158046 0.002555 0.134434
0 2 0.607701 0.229756 0.075246 0.003191 0.084105
0 2 0.679473 0.197794 0.057890 0.002665 0.062179
0 0 0.792017 0.124546 0.027040 0.002218 0.054179
0 0 0.841707 0.087004 0.017172 0.002318 0.051799
0 0 0.941533 0.026839 0.003336 0.001237 0.027055
0 0 0.978532 0.007576 0.000555 0.000504 0.012833
0 0 0.974968 0.009853 0.000763 0.000502 0.013914
0 0 0.964721 0.013788 0.001224 0.000671 0.019595
0 0 0.911255 0.040368 0.004960 0.001020 0.042397
0 0 0.776963 0.090489 0.017009 0.002432 0.113108
0 0 0.702521 0.124051 0.028600 0.003398 0.141430
0 0 0.654372 0.157204 0.040877 0.003739 0.143808
1 1 0.320392 0.351346 0.199936 0.004218 0.124108
1 1 0.271857 0.356829 0.247057 0.004934 0.119323
1 1 0.153837 0.331381 0.312131 0.008126 0.194526
2 1 0.090410 0.255995 0.426859 0.025805 0.200930
2 1 0.045494 0.166265 0.561372 0.075073 0.151797
2 1 0.031765 0.129537 0.643653 0.097553 0.097492
2 1 0.028070 0.128241 0.691533 0.075911 0.076244
1 2 0.154448 0.367707 0.298424 0.003761 0.175659
1 2 0.161760 0.357655 0.340772 0.005064 0.134749
2 2 0.163583 0.364987 0.366377 0.004077 0.100975
2 4 0.160777 0.331358 0.363170 0.008929 0.135766
2 4 0.154259 0.290669 0.388531 0.020435 0.146107
2 2 0.084731 0.177252 0.484284 0.109572 0.144162
2 2 0.053518 0.090509 0.436565 0.326392 0.093015
3 3 0.057269 0.055690 0.289007 0.524684 0.073350
3 3 0.031844 0.025696 0.207497 0.706469 0.028495
3 3 0.029843 0.032479 0.274341 0.634241 0.029097
2 3 0.027798 0.050200 0.453551 0.437630 0.030821
3 3 0.016315 0.034330 0.447464 0.484150 0.017741
2 3 0.011299 0.032928 0.565430 0.379172 0.011172
2 3 0.005731 0.018159 0.489021 0.481427 0.005662
2 3 0.009775 0.029091 0.601485 0.352038 0.007611
2 3 0.024692 0.060473 0.665304 0.232876 0.016654
2 3 0.033494 0.075700 0.667467 0.201868 0.021471
2 3 0.034936 0.097686 0.740603 0.103401 0.023373
2 2 0.060025 0.172494 0.695094 0.034334 0.038054
2 2 0.081794 0.242070 0.609310 0.014260 0.052566
2 2 0.145149 0.330136 0.439123 0.006700 0.078892
2 2 0.179031 0.361614 0.379038 0.004033 0.076284
1 2 0.188877 0.396837 0.335946 0.001982 0.076358
2 2 0.153042 0.376089 0.387153 0.002761 0.080955
1 2 0.177487 0.365272 0.344432 0.004355 0.108454
2 2 0.180674 0.342244 0.358156 0.007272 0.111654
2 2 0.179077 0.338181 0.352290 0.008076 0.122375
2 2 0.190605 0.320109 0.327816 0.012426 0.149045
2 2 0.161749 0.307405 0.350594 0.015094 0.165157
2 2 0.163518 0.320252 0.359423 0.011549 0.145258
2 2 0.160907 0.340922 0.398864 0.006440 0.092867
2 2 0.151554 0.333398 0.426768 0.006664 0.081617
2 2 0.128014 0.279323 0.483531 0.017899 0.091233
2 2 0.101722 0.238919 0.532586 0.032664 0.094109
2 2 0.061729 0.184274 0.619487 0.053144 0.081366
2 2 0.056206 0.174377 0.637369 0.056230 0.075818
2 2 0.064017 0.179835 0.594602 0.067185 0.094360
2 2 0.079295 0.189018 0.566338 0.070597 0.094753
2 2 0.072764 0.169180 0.607756 0.082087 0.068213
2 2 0.078363 0.184190 0.615504 0.058838 0.063106
1 2 0.272142 0.338362 0.292188 0.007472 0.089836
2 2 0.188856 0.336442 0.342293 0.008601 0.123807
2 2 0.150422 0.299621 0.393990 0.016244 0.139722
2 2 0.123069 0.246408 0.440184 0.040023 0.150316
2 2 0.114441 0.249543 0.476232 0.033780 0.126004
2 2 0.112267 0.296519 0.460030 0.012763 0.118422
2 2 0.147704 0.336064 0.380524 0.007500 0.128208
2 2 0.162214 0.322211 0.357889 0.011013 0.146673
1 1 0.164450 0.324980 0.280002 0.008766 0.221802
1 1 0.177251 0.328199 0.260525 0.008044 0.225981
1 1 0.156476 0.343168 0.255058 0.005067 0.240230
1 1 0.129137 0.330054 0.284838 0.006068 0.249904
2 1 0.115512 0.357501 0.367910 0.003834 0.155243
1 1 0.142749 0.377243 0.364593 0.002949 0.112465
1 4 0.178135 0.381792 0.327139 0.003070 0.109864
1 4 0.170955 0.357440 0.297129 0.005027 0.169449
1 4 0.206521 0.337081 0.265016 0.007804 0.183578
1 2 0.221224 0.344665 0.275555 0.007107 0.151449
1 3 0.202349 0.272859 0.267212 0.022972 0.234608
2 3 0.190988 0.182693 0.288286 0.112291 0.225742
2 3 0.063210 0.192611 0.635515 0.038220 0.070444
2 3 0.090939 0.200824 0.610860 0.041774 0.055603
2 3 0.232395 0.315559 0.356672 0.011991 0.083382
2 3 0.234324 0.334401 0.339153 0.008322 0.083800
1 3 0.302291 0.353594 0.270709 0.004320 0.069085
1 3 0.281887 0.350521 0.277052 0.005393 0.085147
2 2 0.131649 0.333590 0.443635 0.005847 0.085280
2 2 0.129104 0.345480 0.455405 0.003796 0.066215
2 2 0.100312 0.274671 0.539072 0.012642 0.073303
2 2 0.104235 0.234454 0.535945 0.035770 0.089596
2 2 0.026124 0.082700 0.672816 0.184221 0.034139
2 3 0.009360 0.036504 0.668699 0.274223 0.011213
2 3 0.006991 0.028351 0.646831 0.309677 0.008151
2 3 0.004472 0.018441 0.582004 0.390118 0.004965
2 3 0.003136 0.013393 0.540068 0.440031 0.003372
2 3 0.002843 0.011983 0.514687 0.467470 0.003017
2 3 0.003418 0.014094 0.534423 0.444381 0.003684
2 3 0.009572 0.027206 0.525720 0.427546 0.009956
3 3 0.005908 0.017537 0.458446 0.511910 0.006199
3 3 0.006171 0.014279 0.363754 0.609715 0.006082
3 3 0.006947 0.007191 0.158043 0.822682 0.005137
3 3 0.013975 0.009084 0.134796 0.833804 0.008341
3 3 0.017481 0.009302 0.119886 0.843593 0.009739
3 3 0.007341 0.004966 0.098216 0.884480 0.004998
3 3 0.005427 0.002806 0.061212 0.927055 0.003501
3 3 0.007981 0.002683 0.043498 0.941086 0.004753
3 3 0.009347 0.002516 0.035752 0.947064 0.005321
3 3 0.009454 0.002755 0.039522 0.942761 0.005508
3 3 0.008085 0.002067 0.031500 0.953880 0.004469
3 3 0.009187 0.001925 0.026236 0.957782 0.004870
3 3 0.007391 0.001415 0.021342 0.966114 0.003737
3 3 0.005417 0.001246 0.023154 0.967393 0.002790
3 3 0.004738 0.001100 0.022040 0.969709 0.002413
3 3 0.004608 0.000934 0.018466 0.973738 0.002254
3 3 0.004597 0.000975 0.019485 0.972666 0.002277
3 3 0.004054 0.000705 0.014454 0.978911 0.001877
3 3 0.004666 0.000550 0.009600 0.983212 0.001970
3 3 0.006765 0.000591 0.007886 0.982025 0.002733
3 3 0.006561 0.000568 0.007684 0.982553 0.002635
3 3 0.007314 0.000487 0.005871 0.983562 0.002766
3 3 0.006250 0.000716 0.011047 0.979505 0.002482
3 3 0.012093 0.001166 0.013166 0.969424 0.004151
3 3 0.014038 0.000950 0.009227 0.971420 0.004366
3 3 0.007200 0.000445 0.005310 0.984383 0.002663
3 3 0.007948 0.000391 0.004201 0.984671 0.002790
3 3 0.006099 0.000254 0.003034 0.988622 0.001991
3 3 0.005652 0.000259 0.003305 0.988903 0.001881
3 3 0.004475 0.000184 0.002592 0.991339 0.001411
3 3 0.004017 0.000242 0.003950 0.990400 0.001391
3 3 0.004308 0.000241 0.003714 0.990266 0.001471
3 3 0.004114 0.000203 0.003126 0.991204 0.001352
3 3 0.004956 0.000219 0.002979 0.990235 0.001611
3 3 0.007096 0.000214 0.002188 0.988349 0.002154
3 3 0.007901 0.000233 0.002246 0.987207 0.002412
3 3 0.008219 0.000211 0.001930 0.987214 0.002426
3 3 0.007702 0.000265 0.002680 0.986907 0.002446
3 3 0.007029 0.000348 0.004006 0.986177 0.002441
3 3 0.006155 0.000406 0.005501 0.985764 0.002173
3 3 0.008613 0.000519 0.006329 0.982003 0.002535
3 3 0.004349 0.000268 0.004351 0.989597 0.001435
3 3 0.007967 0.000235 0.002255 0.987108 0.002435
3 3 0.010538 0.000275 0.002203 0.983780 0.003204
3 3 0.007783 0.000246 0.002422 0.987133 0.002416
3 3 0.005681 0.000229 0.002828 0.989435 0.001826
3 3 0.005100 0.000242 0.003282 0.989681 0.001694
3 3 0.006757 0.000371 0.004583 0.986008 0.002281
3 3 0.008513 0.000406 0.004424 0.983979 0.002678
3 3 0.009846 0.000359 0.003370 0.983452 0.002973
3 3 0.007761 0.000201 0.001951 0.987934 0.002153
3 3 0.005395 0.000118 0.001303 0.991725 0.001459
3 3 0.005910 0.000102 0.001011 0.991466 0.001511
3 3 0.005556 0.000102 0.001071 0.991831 0.001439
3 3 0.004905 0.000118 0.001406 0.992222 0.001349
3 3 0.006219 0.000157 0.001666 0.990182 0.001776
3 3 0.008096 0.000239 0.002264 0.986925 0.002476
3 3 0.006347 0.000220 0.002468 0.988987 0.001979
3 3 0.004503 0.000209 0.003022 0.990796 0.001469
3 3 0.004663 0.000217 0.003160 0.990503 0.001457
3 3 0.007164 0.000493 0.007079 0.983255 0.002009
3 3 0.006896 0.000459 0.006645 0.984071 0.001930
3 3 0.010671 0.000127 0.000846 0.985735 0.002622
3 3 0.012701 0.000117 0.000669 0.983550 0.002963
3 3 0.009406 0.000086 0.000582 0.987800 0.002127
3 3 0.006692 0.000080 0.000689 0.990967 0.001571
3 3 0.003781 0.000081 0.001077 0.994081 0.000981
3 3 0.003232 0.000105 0.001667 0.994072 0.000924
3 3 0.004678 0.000120 0.001488 0.992410 0.001303
3 3 0.006414 0.000138 0.001381 0.990310 0.001757
3 3 0.007976 0.000206 0.001913 0.987555 0.002350
3 3 0.008605 0.000253 0.002317 0.986180 0.002645
3 3 0.008396 0.000338 0.003372 0.985089 0.002806
3 3 0.006664 0.000367 0.004453 0.986147 0.002370
3 3 0.009138 0.000411 0.004014 0.983263 0.003175
3 3 0.009272 0.000319 0.002914 0.984495 0.003000
3 3 0.008023 0.000281 0.002788 0.986337 0.002570
3 3 0.007084 0.000190 0.001899 0.988743 0.002084
3 3 0.003775 0.000143 0.002172 0.992765 0.001144
3 3 0.004987 0.000150 0.001865 0.991538 0.001461
3 3 0.003910 0.000120 0.001706 0.993141 0.001123
3 3 0.003643 0.000121 0.001816 0.993359 0.001061
3 3 0.008587 0.000197 0.001713 0.987035 0.002468
3 3 0.010298 0.000238 0.001874 0.984570 0.003020
3 3 0.006965 0.000190 0.001926 0.988863 0.002055
3 3 0.004595 0.000161 0.002163 0.991689 0.001391
3 3 0.006175 0.000155 0.001648 0.990261 0.001760
3 3 0.004146 0.000112 0.001495 0.993091 0.001156
3 3 0.004172 0.000156 0.002237 0.992163 0.001273
3 3 0.006124 0.000220 0.002537 0.989198 0.001921
3 3 0.007477 0.000310 0.003318 0.986406 0.002490
3 3 0.013302 0.000363 0.002653 0.979702 0.003981
3 3 0.010830 0.000250 0.001914 0.983814 0.003192
3 3 0.008399 0.000201 0.001789 0.987173 0.002438
3 3 0.006585 0.000199 0.002119 0.989113 0.001984
3 3 0.004552 0.000222 0.003220 0.990501 0.001506
3 3 0.005551 0.000265 0.003621 0.988878 0.001685
3 3 0.012377 0.000623 0.006327 0.977437 0.003235
3 3 0.019153 0.000802 0.006263 0.968976 0.004806
3 3 0.019797 0.000851 0.006883 0.967889 0.004580
3 3 0.028644 0.001365 0.008888 0.953528 0.007575
3 3 0.008213 0.000629 0.007461 0.980533 0.003164
3 3 0.010738 0.002942 0.042075 0.938924 0.005322
3 3 0.009950 0.001830 0.025904 0.958168 0.004148
3 3 0.011428 0.001736 0.023423 0.959406 0.004008
3 3 0.017550 0.001831 0.018625 0.956564 0.005429
3 3 0.014143 0.001320 0.013321 0.966147 0.005069
3 3 0.020796 0.002133 0.018552 0.951222 0.007297
3 3 0.024786 0.003089 0.027448 0.936659 0.008018
3 3 0.065313 0.007433 0.041611 0.867488 0.018156
3 3 0.086695 0.012335 0.065507 0.812899 0.022564
3 3 0.111411 0.013047 0.057569 0.790162 0.027811
3 3 0.096425 0.008780 0.038810 0.831887 0.024098
3 3 0.061126 0.004801 0.024101 0.892366 0.017606
3 3 0.151091 0.015839 0.053442 0.738302 0.041325
3 3 0.168022 0.013780 0.039919 0.731747 0.046532
3 3 0.063191 0.008071 0.043468 0.864137 0.021133
3 3 0.037787 0.007970 0.055940 0.880462 0.017841
3 3 0.027790 0.013340 0.115591 0.823621 0.019658
3 1 0.042059 0.026724 0.177515 0.717491 0.036211
3 1 0.050232 0.038108 0.224377 0.637890 0.049393
3 1 0.049821 0.062007 0.336180 0.458350 0.093641
2 1 0.072759 0.128619 0.347380 0.164355 0.286887
4 1 0.066418 0.131137 0.317258 0.119451 0.365736
4 1 0.059555 0.135034 0.275555 0.075165 0.454691
4 1 0.057502 0.152011 0.284834 0.057781 0.447872
4 1 0.052407 0.153077 0.230813 0.034222 0.529480
4 1 0.077598 0.177303 0.202287 0.028213 0.514599
4 4 0.129644 0.239016 0.208301 0.017367 0.405672
4 4 0.135903 0.188045 0.151970 0.020317 0.503765
4 4 0.166274 0.180538 0.115639 0.013908 0.523641
4 4 0.164647 0.171616 0.109631 0.014323 0.539783
4 4 0.137133 0.166064 0.129709 0.021073 0.546021
4 4 0.094368 0.118058 0.105884 0.026981 0.654708
4 4 0.080389 0.153274 0.187457 0.038608 0.540271
4 4 0.074976 0.179412 0.278860 0.045748 0.421004
4 4 0.058610 0.161058 0.236974 0.037066 0.506292
4 4 0.053441 0.096109 0.092252 0.019091 0.739107
4 4 0.053250 0.131058 0.141790 0.020466 0.653435
4 4 0.057823 0.143787 0.165194 0.024440 0.608756
4 4 0.062050 0.121605 0.129238 0.025250 0.661857
4 4 0.070139 0.132834 0.153485 0.033327 0.610215
2 4 0.112808 0.242957 0.445762 0.040816 0.157657
2 4 0.147560 0.256176 0.424639 0.038025 0.133599
2 4 0.141976 0.243030 0.430726 0.048426 0.135842
2 4 0.110353 0.202416 0.480475 0.084195 0.122561
2 4 0.097908 0.190762 0.471391 0.099896 0.140043
2 4 0.053427 0.130006 0.536135 0.177935 0.102497
2 2 0.047680 0.124832 0.553410 0.175657 0.098421
2 2 0.044564 0.130575 0.549516 0.153227 0.122118
2 2 0.044778 0.131816 0.549027 0.144849 0.129530
2 2 0.045676 0.163695 0.551287 0.078591 0.160750
2 2 0.073333 0.241072 0.425062 0.027453 0.233080
4 2 0.150533 0.232699 0.241183 0.028306 0.347279
4 2 0.150197 0.233413 0.225409 0.025279 0.365702
4 4 0.136009 0.190570 0.200377 0.041315 0.431729
4 2 0.132336 0.208409 0.246586 0.046730 0.365939
4 2 0.145638 0.223141 0.255005 0.041447 0.334768
2 2 0.092351 0.188536 0.414489 0.095401 0.209223
2 2 0.076604 0.192465 0.499487 0.078190 0.153254
2 2 0.155254 0.216718 0.385789 0.079886 0.162353
2 2 0.159215 0.247605 0.438763 0.043771 0.110646
2 2 0.075265 0.154547 0.570418 0.124926 0.074844
2 2 0.055206 0.131968 0.625245 0.130746 0.056834
2 2 0.051856 0.134104 0.653265 0.108778 0.051997
2 2 0.049892 0.151666 0.696185 0.057293 0.044964
2 2 0.079500 0.207783 0.625846 0.031202 0.055668
2 2 0.097775 0.280225 0.512700 0.013273 0.096026
2 2 0.105823 0.315309 0.430763 0.008443 0.139661
2 2 0.099068 0.314680 0.480405 0.006790 0.099058
2 2 0.125424 0.308240 0.479878 0.008963 0.077495
2 2 0.133338 0.278934 0.491781 0.017432 0.078515
2 2 0.067301 0.172001 0.621701 0.070430 0.068568
2 2 0.043821 0.118850 0.624249 0.152320 0.060762
2 2 0.028276 0.075915 0.608037 0.251989 0.035783
2 2 0.025975 0.070575 0.606409 0.264458 0.032583
2 2 0.035225 0.086030 0.581034 0.252795 0.044916
2 2 0.025084 0.065822 0.586061 0.291977 0.031056
2 2 0.029240 0.072285 0.571886 0.290150 0.036439
2 2 0.024021 0.065588 0.601260 0.279281 0.029850
2 2 0.034489 0.074251 0.519952 0.328729 0.042578
2 2 0.045308 0.091304 0.510860 0.295333 0.057194
2 2 0.015131 0.051323 0.658399 0.256505 0.018642
2 2 0.008885 0.036478 0.688466 0.255462 0.010708
2 2 0.008912 0.041797 0.755355 0.183016 0.010920
2 2 0.010426 0.051559 0.816660 0.110611 0.010744
2 2 0.010952 0.046105 0.795335 0.138734 0.008874
2 2 0.014483 0.054474 0.789866 0.130559 0.010618
2 2 0.015289 0.052350 0.759064 0.162226 0.011071
2 2 0.020222 0.076089 0.787609 0.098996 0.017084
2 2 0.015858 0.059783 0.760920 0.148460 0.014979
2 2 0.023223 0.080584 0.773859 0.103646 0.018689
2 2 0.059662 0.132060 0.685046 0.089170 0.034062
2 2 0.067099 0.143711 0.656023 0.090733 0.042435
2 2 0.050420 0.131333 0.695332 0.085032 0.037883
2 2 0.064417 0.149573 0.646664 0.088729 0.050616
2 2 0.131350 0.230378 0.524171 0.041021 0.073080
2 2 0.123061 0.218655 0.523294 0.053201 0.081789
2 2 0.134605 0.244963 0.494265 0.036367 0.089800
2 2 0.122691 0.204544 0.513641 0.073498 0.085626
2 2 0.095919 0.156269 0.548959 0.132554 0.066300
2 2 0.035082 0.072386 0.570863 0.291452 0.030217
2 2 0.024234 0.088660 0.759692 0.102826 0.024587
2 2 0.017104 0.069170 0.774839 0.120784 0.018103
2 2 0.027589 0.094308 0.766042 0.089072 0.022990
2 2 0.036969 0.096329 0.688040 0.147834 0.030828
2 2 0.042373 0.095856 0.654555 0.175043 0.032173
2 2 0.030255 0.067998 0.591621 0.283163 0.026962
2 2 0.028922 0.059058 0.527323 0.358288 0.026409
2 2 0.060907 0.098122 0.537736 0.259932 0.043304
2 3 0.048939 0.078497 0.518327 0.317733 0.036503
2 3 0.109328 0.096338 0.373688 0.349605 0.071042
2 3 0.083505 0.095390 0.428537 0.328406 0.064162
2 3 0.078002 0.108742 0.482454 0.265424 0.065378
2 3 0.040173 0.082270 0.580085 0.261766 0.035706
2 3 0.038258 0.084113 0.605144 0.238239 0.034246
2 3 0.059431 0.111635 0.571249 0.206952 0.050733
2 3 0.014008 0.043857 0.635395 0.292182 0.014558
2 3 0.007721 0.027918 0.597193 0.358288 0.008879
2 3 0.007085 0.024610 0.559586 0.400719 0.008000
2 3 0.010138 0.034156 0.599952 0.343897 0.011857
2 3 0.011599 0.035533 0.566788 0.372574 0.013505
2 3 0.051268 0.118898 0.648900 0.137504 0.043431
2 3 0.034844 0.087932 0.651436 0.192844 0.032944
2 3 0.026297 0.068598 0.590047 0.282688 0.032370
3 3 0.018129 0.038254 0.461524 0.462086 0.020008
3 3 0.013455 0.021166 0.302007 0.650022 0.013350
3 3 0.016626 0.022883 0.304652 0.641944 0.013895
3 2 0.017882 0.025418 0.340752 0.602669 0.013279
2 2 0.028754 0.050166 0.550267 0.355166 0.015648
2 2 0.040428 0.065376 0.591732 0.284440 0.018023
2 2 0.048094 0.076294 0.610101 0.245590 0.019921
2 2 0.037576 0.074586 0.662960 0.206279 0.018599
2 2 0.015559 0.040817 0.632830 0.300112 0.010682
2 2 0.017429 0.046912 0.663721 0.259875 0.012063
2 2 0.013169 0.039892 0.631949 0.302951 0.012038
2 3 0.025633 0.071956 0.706386 0.175838 0.020188
2 3 0.027460 0.083507 0.747688 0.120773 0.020572
2 3 0.029566 0.080641 0.739933 0.131426 0.018434
2 3 0.028982 0.080112 0.764956 0.110540 0.015409
2 3 0.047838 0.097837 0.677106 0.151635 0.025583
2 3 0.033154 0.068662 0.641019 0.237809 0.019356
2 3 0.064972 0.125875 0.653734 0.119630 0.035788
2 3 0.035069 0.064232 0.557699 0.318630 0.024370
2 3 0.027270 0.055792 0.578568 0.318977 0.019392
3 3 0.022175 0.040022 0.458459 0.460695 0.018650
3 3 0.031479 0.041613 0.383868 0.519606 0.023433
2 3 0.083280 0.095663 0.487690 0.288490 0.044876
2 3 0.101680 0.104695 0.481012 0.265169 0.047444
2 3 0.059856 0.078482 0.496287 0.327943 0.037432
2 3 0.042418 0.065535 0.506440 0.354966 0.030641
2 3 0.061177 0.075218 0.454777 0.365923 0.042905
2 3 0.071632 0.084507 0.462036 0.333762 0.048063
3 3 0.032055 0.029334 0.262092 0.652730 0.023789
3 3 0.034109 0.030832 0.265603 0.644359 0.025098
2 3 0.036785 0.053623 0.470443 0.414343 0.024806
2 3 0.036285 0.078313 0.634285 0.225320 0.025797
2 3 0.019313 0.054848 0.666597 0.242721 0.016521
2 3 0.023447 0.057921 0.628281 0.271374 0.018976
2 3 0.061149 0.111276 0.619586 0.171012 0.036977
2 3 0.072934 0.130353 0.645232 0.116253 0.035228
2 3 0.053162 0.115027 0.680466 0.119842 0.031504
2 2 0.089441 0.169117 0.568460 0.101786 0.071196
2 2 0.063154 0.132012 0.621161 0.133275 0.050399
2 2 0.039358 0.077590 0.539152 0.305146 0.038755
2 2 0.042167 0.088036 0.580859 0.249609 0.039329
2 2 0.067982 0.115376 0.534392 0.223862 0.058388
2 2 0.048086 0.098885 0.590051 0.219620 0.043358
2 3 0.033313 0.079283 0.596485 0.255215 0.035704
2 3 0.036048 0.093181 0.612344 0.213091 0.045335
2 3 0.053611 0.126316 0.618546 0.145239 0.056288
2 3 0.046955 0.110300 0.598617 0.189420 0.054708
2 3 0.046574 0.109178 0.613018 0.181439 0.049791
2 3 0.101357 0.163496 0.559761 0.113310 0.062076
2 3 0.131185 0.207347 0.555905 0.050273 0.055289
2 0 0.167613 0.259001 0.477852 0.026504 0.069030
2 1 0.175757 0.288651 0.457041 0.014451 0.064100
2 1 0.202139 0.323472 0.406820 0.007542 0.060027
1 1 0.284233 0.360948 0.288111 0.003691 0.063017
1 1 0.251643 0.336716 0.323375 0.007703 0.080562
2 1 0.179207 0.276857 0.438560 0.022853 0.082522
2 1 0.127113 0.235937 0.496495 0.043200 0.097255
2 1 0.144018 0.324183 0.442082 0.007723 0.081995
2 1 0.140497 0.304201 0.458760 0.011748 0.084793
2 1 0.066915 0.216807 0.608672 0.027867 0.079739
2 1 0.036414 0.171601 0.677342 0.034721 0.079922
2 1 0.025837 0.156400 0.708568 0.030897 0.078297
2 1 0.031466 0.160634 0.646518 0.046223 0.115159
2 1 0.031428 0.157014 0.621050 0.053880 0.136628
2 2 0.044584 0.185308 0.407476 0.043021 0.319612
4 2 0.034665 0.187630 0.317597 0.018963 0.441144
4 2 0.038116 0.195107 0.322390 0.019366 0.425020
4 4 0.053381 0.176148 0.176560 0.012504 0.581407
4 4 0.061042 0.119683 0.106213 0.014950 0.698113
4 4 0.103281 0.111826 0.074852 0.013593 0.696447
4 4 0.170835 0.127496 0.074193 0.014978 0.612498
4 4 0.301322 0.125296 0.052961 0.011473 0.508949
0 4 0.646110 0.090250 0.021969 0.005617 0.236053
0 4 0.762288 0.073720 0.016361 0.004991 0.142639
0 4 0.772263 0.110927 0.026782 0.003897 0.086131
0 4 0.596070 0.233622 0.075631 0.002954 0.091724
1 4 0.260961 0.385267 0.250752 0.002618 0.100401
1 4 0.133717 0.331247 0.305573 0.006810 0.222653
2 4 0.102764 0.331620 0.358079 0.005630 0.201907
1 4 0.120479 0.337111 0.314997 0.005504 0.221909
4 4 0.123093 0.291485 0.227132 0.008076 0.350215
4 4 0.043990 0.185584 0.287168 0.025615 0.457643
4 4 0.039977 0.152473 0.218781 0.021714 0.567054
4 4 0.035112 0.130438 0.148116 0.012759 0.673575
4 4 0.033974 0.136723 0.145686 0.010596 0.673020
4 4 0.043137 0.120235 0.123570 0.014578 0.698481
4 4 0.068105 0.160397 0.158744 0.017981 0.594772
4 4 0.069099 0.181098 0.187885 0.018556 0.543363
4 4 0.057087 0.216940 0.263104 0.015964 0.446906
4 4 0.050804 0.187511 0.242101 0.022207 0.497378
4 4 0.041672 0.175283 0.213379 0.015809 0.553858
4 4 0.053595 0.192299 0.300090 0.032288 0.421729
4 4 0.093877 0.216366 0.223628 0.020503 0.445625
4 4 0.114054 0.186777 0.172709 0.024157 0.502303
4 4 0.122463 0.114892 0.095971 0.031051 0.635624
4 4 0.175781 0.177924 0.126065 0.020044 0.500186
4 4 0.216938 0.220922 0.134359 0.013219 0.414562
4 4 0.037726 0.160891 0.261908 0.024620 0.514855
4 4 0.056659 0.112703 0.136535 0.029538 0.664565
4 4 0.066949 0.079524 0.081679 0.032122 0.739726
4 4 0.083908 0.070608 0.063365 0.035811 0.746308
4 4 0.068058 0.083401 0.077663 0.026755 0.744123
4 4 0.071005 0.093537 0.078086 0.018713 0.738659
4 4 0.067075 0.096935 0.071105 0.011595 0.753290
4 4 0.114039 0.156342 0.100331 0.010144 0.619144
4 4 0.141253 0.182780 0.125903 0.013930 0.536134
4 4 0.122686 0.212895 0.159368 0.012514 0.492537
4 4 0.183926 0.203030 0.124368 0.011631 0.477044
4 4 0.191299 0.194981 0.117774 0.012279 0.483666
4 4 0.344253 0.162772 0.077201 0.014367 0.401406
4 4 0.234084 0.179993 0.092093 0.010848 0.482982
4 4 0.188930 0.193732 0.089811 0.005958 0.521570
4 4 0.239039 0.198727 0.090931 0.007306 0.463998
4 4 0.138113 0.281734 0.166195 0.003815 0.410144
4 4 0.107238 0.278174 0.261689 0.007893 0.345006
1 4 0.110837 0.314799 0.310089 0.006843 0.257430
1 4 0.167186 0.292788 0.251646 0.011343 0.277038
4 4 0.049378 0.189411 0.272412 0.017658 0.471141
4 4 0.054446 0.207311 0.302641 0.020887 0.414715
4 4 0.051276 0.178381 0.240977 0.023968 0.505398
4 4 0.048247 0.151086 0.244033 0.034953 0.521681
4 4 0.073995 0.126140 0.205554 0.069143 0.525168
4 1 0.072931 0.152072 0.333064 0.104550 0.337383
2 1 0.089179 0.219353 0.408990 0.052462 0.230017
2 1 0.164518 0.300531 0.325419 0.016973 0.192559
1 1 0.225352 0.333662 0.276113 0.009044 0.155829
1 1 0.272544 0.340124 0.279175 0.007348 0.100809
1 1 0.240075 0.360561 0.320583 0.004397 0.074383
1 1 0.254306 0.349491 0.308967 0.005788 0.081448
2 1 0.199556 0.335754 0.353807 0.008500 0.102384
1 1 0.215769 0.337965 0.323290 0.008469 0.114507
2 1 0.132327 0.309147 0.398865 0.012428 0.147233
2 1 0.144307 0.311752 0.329565 0.011955 0.202421
2 1 0.115306 0.308421 0.339885 0.010085 0.226303
2 1 0.106589 0.335075 0.347022 0.005375 0.205940
2 1 0.112019 0.326435 0.372821 0.007162 0.181563
2 1 0.078957 0.263994 0.460411 0.017505 0.179132
2 2 0.062661 0.154445 0.471754 0.137842 0.173297
2 2 0.072388 0.167681 0.417422 0.119713 0.222797
2 2 0.080524 0.195422 0.423431 0.078346 0.222277
2 2 0.130725 0.259111 0.353053 0.032794 0.224317
2 2 0.140183 0.285764 0.329940 0.019841 0.224273
2 2 0.132686 0.306258 0.317926 0.011712 0.231417
2 2 0.112072 0.318657 0.326870 0.007546 0.234855
1 2 0.119608 0.351449 0.319412 0.004168 0.205363
1 2 0.151749 0.357617 0.345533 0.004871 0.140230
1 2 0.183445 0.353332 0.340743 0.005822 0.116658
2 2 0.148180 0.321854 0.393275 0.010168 0.126523
2 2 0.091872 0.235251 0.508852 0.036627 0.127399
2 2 0.054847 0.156297 0.568911 0.107530 0.112415
2 2 0.040995 0.125500 0.619355 0.135862 0.078288
2 2 0.029862 0.105472 0.662088 0.141615 0.060963
2 2 0.026561 0.101662 0.709586 0.117315 0.044876
