0 4 0.524130 0.152970 0.039507 0.000164 0.283230
0 4 0.537959 0.204812 0.067746 0.000643 0.188839
0 4 0.553995 0.224094 0.079786 0.000974 0.141150
0 4 0.588801 0.205784 0.058689 0.000365 0.146361
0 4 0.644015 0.177154 0.040150 0.000121 0.138560
0 4 0.557754 0.243384 0.047796 0.000116 0.150950
1 4 0.299940 0.379569 0.095796 0.000684 0.224011
1 4 0.301913 0.344725 0.077653 0.000383 0.275326
4 4 0.247761 0.317978 0.080740 0.000564 0.352956
1 4 0.255712 0.333311 0.087679 0.000686 0.322612
1 4 0.261419 0.364027 0.110217 0.001329 0.263008
1 4 0.252390 0.377001 0.131760 0.002445 0.236405
1 4 0.235355 0.419573 0.185136 0.003395 0.156541
1 4 0.236732 0.441158 0.222603 0.004398 0.095110
1 4 0.216349 0.422979 0.296732 0.006655 0.057285
0 4 0.402740 0.343445 0.207853 0.008807 0.037155
0 4 0.420155 0.310092 0.214161 0.010946 0.044646
0 4 0.608854 0.231606 0.117012 0.004029 0.038499
0 0 0.792139 0.125781 0.060297 0.001314 0.020469
0 1 0.799647 0.121413 0.053886 0.000921 0.024133
0 1 0.470701 0.324365 0.073666 0.000325 0.130944
0 1 0.572254 0.281161 0.078120 0.000551 0.067914
0 1 0.431008 0.351280 0.122542 0.001931 0.093238
0 1 0.395263 0.344407 0.172748 0.004627 0.082955
0 2 0.418882 0.277910 0.239313 0.008783 0.055112
0 2 0.570030 0.199684 0.176535 0.008332 0.045418
0 2 0.776631 0.107330 0.082097 0.005162 0.028780
0 2 0.720860 0.128020 0.102894 0.005504 0.042722
0 2 0.630363 0.169644 0.146544 0.005755 0.047694
0 2 0.404434 0.208790 0.311769 0.014943 0.060063
2 2 0.324976 0.244963 0.334828 0.015826 0.079408
2 2 0.139455 0.207513 0.592584 0.025135 0.035313
2 2 0.054441 0.174059 0.721140 0.022872 0.027487
2 2 0.012506 0.076656 0.866966 0.034848 0.009024
2 2 0.007533 0.046427 0.912954 0.029442 0.003645
2 2 0.006439 0.039201 0.926018 0.025805 0.002538
2 2 0.003234 0.019112 0.944035 0.032643 0.000975
2 2 0.002528 0.015331 0.939531 0.041763 0.000847
2 3 0.003208 0.013564 0.890463 0.091798 0.000967
2 2 0.003999 0.014946 0.877768 0.102195 0.001091
2 3 0.001375 0.006611 0.871935 0.119557 0.000522
2 3 0.002469 0.007135 0.795151 0.194637 0.000608
2 3 0.002677 0.007847 0.793279 0.195493 0.000703
2 3 0.004169 0.009095 0.719981 0.265831 0.000923
2 3 0.005241 0.009077 0.680044 0.304771 0.000868
2 3 0.003184 0.005725 0.642623 0.347907 0.000561
2 3 0.002866 0.004773 0.608582 0.383304 0.000475
2 3 0.002862 0.004657 0.586764 0.405219 0.000498
3 3 0.002762 0.003304 0.421434 0.572009 0.000492
3 3 0.003257 0.002733 0.314043 0.679509 0.000458
3 3 0.003611 0.003224 0.341724 0.650915 0.000526
3 3 0.004547 0.003271 0.293325 0.698294 0.000563
3 3 0.003746 0.002756 0.275104 0.717884 0.000510
3 3 0.003604 0.002962 0.290616 0.702240 0.000578
3 3 0.005108 0.004582 0.350518 0.638970 0.000823
3 3 0.005096 0.004700 0.335955 0.653295 0.000954
3 3 0.004620 0.003944 0.324766 0.665939 0.000731
3 3 0.006580 0.006311 0.356910 0.628864 0.001334
3 3 0.005088 0.004350 0.299389 0.690195 0.000978
3 3 0.006048 0.003324 0.198841 0.790949 0.000838
3 3 0.001827 0.001644 0.200874 0.795124 0.000531
3 3 0.002445 0.001140 0.105412 0.890576 0.000427
3 3 0.003853 0.001553 0.102747 0.891264 0.000583
3 3 0.003663 0.001187 0.072858 0.921765 0.000527
3 3 0.006199 0.002363 0.103997 0.886474 0.000968
3 3 0.008211 0.003935 0.156733 0.829778 0.001343
3 3 0.007702 0.003818 0.163240 0.823987 0.001252
3 3 0.006028 0.004183 0.236826 0.751848 0.001115
3 3 0.002300 0.001616 0.176745 0.818852 0.000487
3 3 0.001705 0.001598 0.258347 0.738003 0.000347
3 3 0.001444 0.001025 0.162660 0.834574 0.000297
3 3 0.001552 0.001070 0.163023 0.834050 0.000304
3 3 0.001736 0.001098 0.143956 0.852860 0.000350
3 3 0.001691 0.000871 0.098940 0.898139 0.000359
3 3 0.001802 0.000958 0.112658 0.884234 0.000349
3 3 0.002535 0.001458 0.139536 0.855977 0.000493
3 3 0.001890 0.001061 0.140340 0.856405 0.000304
3 3 0.002084 0.001104 0.121507 0.874927 0.000378
3 3 0.002337 0.001081 0.093243 0.902865 0.000473
3 3 0.003147 0.001473 0.099670 0.895041 0.000669
3 3 0.003316 0.001628 0.110678 0.883685 0.000692
3 3 0.006658 0.002266 0.106579 0.883721 0.000775
3 3 0.007684 0.002928 0.112816 0.875420 0.001153
3 3 0.007088 0.003028 0.120585 0.868061 0.001238
3 3 0.008831 0.003306 0.093954 0.892138 0.001771
3 3 0.010528 0.004804 0.123396 0.858826 0.002445
3 3 0.013458 0.006376 0.146482 0.830799 0.002884
3 2 0.017700 0.008778 0.198142 0.772490 0.002890
3 3 0.030294 0.014654 0.253347 0.697774 0.003931
3 3 0.035418 0.019682 0.271805 0.666867 0.006228
3 3 0.047888 0.026194 0.307293 0.609871 0.008754
2 3 0.094294 0.073422 0.485772 0.318396 0.028115
2 2 0.059309 0.073508 0.606729 0.240162 0.020292
2 2 0.190347 0.126063 0.549254 0.101281 0.033056
2 2 0.166327 0.102762 0.594932 0.118510 0.017468
2 2 0.153612 0.121703 0.633419 0.072577 0.018689
2 2 0.054547 0.089054 0.717814 0.127137 0.011447
2 2 0.052525 0.104062 0.746960 0.084181 0.012273
2 2 0.070482 0.143675 0.690807 0.074598 0.020439
2 2 0.081416 0.135220 0.719595 0.051788 0.011980
2 2 0.206392 0.144698 0.584377 0.052391 0.012143
2 2 0.332428 0.174004 0.451532 0.026293 0.015743
2 2 0.180273 0.169166 0.601006 0.035343 0.014212
2 2 0.251925 0.178501 0.519493 0.027930 0.022150
2 2 0.254495 0.176190 0.514789 0.025659 0.028867
2 2 0.271043 0.169593 0.474189 0.045116 0.040059
2 2 0.143810 0.161865 0.579559 0.073962 0.040805
2 2 0.183852 0.221075 0.480072 0.038711 0.076290
2 2 0.251889 0.211412 0.405454 0.037510 0.093734
2 2 0.250111 0.197224 0.433328 0.047569 0.071769
2 2 0.274755 0.183285 0.444079 0.049285 0.048596
2 2 0.251479 0.181919 0.481322 0.058101 0.027178
0 2 0.594168 0.143656 0.216980 0.021665 0.023530
0 2 0.563324 0.157718 0.238972 0.023144 0.016842
2 2 0.357433 0.170266 0.416167 0.041211 0.014922
2 2 0.163449 0.145929 0.630234 0.050923 0.009465
2 2 0.222093 0.144713 0.572201 0.050912 0.010081
2 2 0.193410 0.158853 0.585840 0.050972 0.010925
2 2 0.161214 0.142457 0.633269 0.053729 0.009331
2 2 0.135777 0.151739 0.663160 0.039715 0.009609
0 2 0.411788 0.152943 0.368711 0.042478 0.024079
2 2 0.203110 0.151455 0.565902 0.067143 0.012389
2 2 0.355467 0.170226 0.418330 0.037924 0.018054
0 2 0.410412 0.157996 0.386026 0.034143 0.011423
0 2 0.480004 0.152043 0.323344 0.034175 0.010435
0 2 0.439107 0.185042 0.334617 0.024460 0.016774
0 2 0.547293 0.208545 0.213576 0.008517 0.022069
0 2 0.786181 0.119145 0.073734 0.002773 0.018167
0 2 0.724105 0.144898 0.100162 0.004243 0.026593
0 2 0.573651 0.172059 0.217381 0.012209 0.024700
2 2 0.220670 0.243560 0.488415 0.023849 0.023507
2 2 0.311142 0.263032 0.368319 0.018626 0.038881
2 2 0.147784 0.273955 0.520298 0.024760 0.033203
0 2 0.395174 0.268376 0.277652 0.018708 0.040091
0 2 0.377044 0.273714 0.290182 0.020920 0.038141
2 2 0.303279 0.281546 0.366919 0.019119 0.029138
2 2 0.245258 0.273659 0.428044 0.025068 0.027970
2 2 0.251471 0.294927 0.408520 0.017729 0.027352
1 2 0.252978 0.376653 0.317090 0.009940 0.043340
1 2 0.211405 0.422612 0.310443 0.006285 0.049255
0 2 0.430515 0.323825 0.220753 0.005107 0.019800
2 2 0.321083 0.297111 0.357407 0.008210 0.016190
2 2 0.230212 0.296645 0.450595 0.007435 0.015113
2 2 0.291443 0.293443 0.392460 0.007834 0.014820
0 2 0.339040 0.307077 0.330211 0.007075 0.016598
0 2 0.358036 0.328879 0.287327 0.006072 0.019686
2 2 0.217337 0.334114 0.418943 0.007329 0.022276
2 2 0.140874 0.305242 0.525507 0.007807 0.020570
2 2 0.102056 0.279907 0.590266 0.008146 0.019625
2 2 0.119713 0.250699 0.607358 0.008652 0.013579
2 2 0.232636 0.219065 0.523737 0.014670 0.009892
2 2 0.278342 0.224900 0.469665 0.016123 0.010969
2 2 0.293095 0.239136 0.443938 0.012753 0.011078
2 2 0.346068 0.257304 0.375467 0.009615 0.011546
0 2 0.377410 0.288864 0.311213 0.007614 0.014898
0 2 0.474838 0.263812 0.243528 0.006168 0.011655
0 2 0.400213 0.281365 0.296952 0.007489 0.013982
0 2 0.342338 0.302280 0.332776 0.006984 0.015623
0 2 0.434338 0.288850 0.256282 0.006117 0.014413
2 2 0.268167 0.345582 0.365815 0.004112 0.016324
2 2 0.075616 0.203710 0.693804 0.013137 0.013733
2 2 0.057238 0.126036 0.790090 0.020088 0.006549
2 2 0.049492 0.083962 0.827701 0.034875 0.003970
2 2 0.088732 0.091326 0.764106 0.051551 0.004285
2 2 0.084367 0.101235 0.758374 0.050426 0.005598
2 2 0.078107 0.128984 0.755723 0.029834 0.007351
2 2 0.054362 0.136508 0.781056 0.019857 0.008217
2 2 0.031725 0.114695 0.838542 0.010034 0.005005
2 2 0.059650 0.119227 0.803769 0.013185 0.004170
2 2 0.106290 0.130764 0.735202 0.022614 0.005130
2 2 0.139564 0.150720 0.678569 0.024547 0.006600
2 2 0.121134 0.164670 0.676518 0.027857 0.009822
2 2 0.085655 0.187414 0.694714 0.019093 0.013125
2 2 0.131700 0.225499 0.610229 0.017179 0.015393
2 2 0.215778 0.191820 0.552182 0.028531 0.011689
2 2 0.336698 0.182595 0.442669 0.025183 0.012854
2 2 0.256085 0.160690 0.531278 0.038923 0.013023
2 2 0.119290 0.161839 0.654670 0.049433 0.014769
2 2 0.141918 0.178712 0.600741 0.057546 0.021084
2 2 0.159938 0.207031 0.561436 0.038491 0.033104
2 2 0.051812 0.110261 0.814767 0.018391 0.004769
2 2 0.052271 0.087930 0.823504 0.032258 0.004037
2 2 0.079971 0.124935 0.734329 0.050946 0.009820
2 2 0.193249 0.216121 0.539035 0.022954 0.028641
0 2 0.685665 0.153349 0.103387 0.006217 0.051382
0 2 0.671161 0.166492 0.105368 0.005554 0.051425
0 2 0.552453 0.224162 0.142000 0.008927 0.072458
0 2 0.423944 0.262255 0.205519 0.012176 0.096107
0 2 0.466733 0.251406 0.216169 0.016140 0.049551
0 2 0.343070 0.324017 0.258139 0.013250 0.061525
0 2 0.413854 0.327401 0.208227 0.011846 0.038672
1 2 0.355182 0.370665 0.216665 0.009538 0.047950
0 4 0.468881 0.338841 0.139384 0.003457 0.049436
0 4 0.518950 0.306993 0.121490 0.002501 0.050067
0 4 0.569135 0.275301 0.098675 0.001416 0.055472
0 4 0.593309 0.264205 0.088747 0.001034 0.052705
0 4 0.524001 0.311861 0.104388 0.001343 0.058406
0 4 0.667215 0.227998 0.066527 0.000484 0.037776
0 4 0.601079 0.281848 0.079147 0.000589 0.037337
0 4 0.567066 0.310619 0.081158 0.000524 0.040634
0 4 0.448033 0.396997 0.107321 0.000912 0.046737
0 4 0.563928 0.328464 0.076961 0.000385 0.030262
0 0 0.481680 0.394565 0.090356 0.000483 0.032916
0 4 0.481177 0.383291 0.096513 0.000656 0.038363
0 4 0.501350 0.360018 0.097854 0.000786 0.039992
0 4 0.519361 0.340234 0.099434 0.000940 0.040030
0 4 0.769765 0.162428 0.037550 0.000120 0.030137
0 4 0.796635 0.139217 0.035090 0.000132 0.028927
0 4 0.851147 0.101151 0.026227 0.000093 0.021382
0 4 0.795259 0.129810 0.039502 0.000239 0.035189
0 4 0.761732 0.158148 0.050108 0.000379 0.029633
0 4 0.663391 0.221564 0.081673 0.001134 0.032238
0 4 0.547905 0.306613 0.119576 0.002441 0.023465
0 1 0.727630 0.185983 0.071015 0.001032 0.014340
0 0 0.748677 0.167995 0.065911 0.000969 0.016448
0 1 0.747114 0.171984 0.062200 0.000734 0.017969
0 1 0.699923 0.197841 0.081528 0.001492 0.019215
0 1 0.487016 0.301043 0.186356 0.005166 0.020419
0 1 0.454296 0.304837 0.213628 0.006191 0.021048
0 0 0.608218 0.193172 0.176879 0.006435 0.015296
0 1 0.637269 0.200938 0.119248 0.003841 0.038703
0 1 0.726475 0.140749 0.102898 0.003915 0.025964
0 1 0.813309 0.106453 0.056903 0.001538 0.021797
0 1 0.842505 0.096996 0.043749 0.000717 0.016032
0 1 0.851963 0.101895 0.032029 0.000199 0.013914
0 1 0.744288 0.186907 0.050827 0.000283 0.017694
0 1 0.661167 0.247493 0.066615 0.000416 0.024310
0 1 0.478401 0.393767 0.094222 0.000570 0.033041
1 0 0.378220 0.464047 0.121058 0.001079 0.035596
1 1 0.345262 0.465707 0.148589 0.001562 0.038880
0 1 0.425440 0.346395 0.199621 0.004503 0.024042
2 1 0.276280 0.295175 0.400774 0.009929 0.017843
2 4 0.247453 0.216049 0.506881 0.018571 0.011046
2 2 0.207762 0.158833 0.598821 0.027793 0.006791
2 2 0.279040 0.144646 0.528809 0.041043 0.006461
2 2 0.363622 0.140679 0.442735 0.044761 0.008202
2 2 0.143279 0.161800 0.648508 0.036137 0.010276
2 2 0.089032 0.177597 0.705103 0.017713 0.010555
2 2 0.109887 0.184765 0.680520 0.015491 0.009337
2 2 0.220397 0.218627 0.532049 0.017576 0.011351
2 2 0.293189 0.179163 0.485588 0.026547 0.015513
2 2 0.178291 0.150354 0.623343 0.039802 0.008209
2 2 0.120035 0.138166 0.702552 0.032244 0.007003
2 2 0.254218 0.170508 0.541051 0.023543 0.010680
2 2 0.172523 0.156348 0.624336 0.037939 0.008854
2 2 0.102876 0.131769 0.725818 0.032640 0.006897
2 2 0.125951 0.143804 0.681644 0.039836 0.008765
2 2 0.113374 0.145996 0.687859 0.042586 0.010184
2 2 0.069051 0.149255 0.734950 0.034062 0.012683
2 2 0.077152 0.127658 0.727552 0.056212 0.011426
2 2 0.107778 0.126156 0.700194 0.056871 0.009002
2 2 0.147434 0.133334 0.636104 0.072695 0.010433
2 2 0.183113 0.127892 0.596452 0.083147 0.009397
2 2 0.153308 0.132937 0.637326 0.066926 0.009503
0 2 0.521747 0.151535 0.287082 0.022362 0.017274
0 2 0.715086 0.112360 0.142266 0.011420 0.018868
0 2 0.505536 0.127102 0.327552 0.030317 0.009493
0 2 0.607911 0.139915 0.219760 0.019123 0.013290
2 2 0.380231 0.180964 0.389835 0.037038 0.011932
0 2 0.518996 0.212353 0.232492 0.012408 0.023752
2 2 0.094711 0.188993 0.671128 0.028494 0.016675
2 2 0.055242 0.166555 0.742650 0.021398 0.014156
2 2 0.087176 0.168971 0.693665 0.034989 0.015200
2 2 0.118192 0.174181 0.656875 0.036690 0.014063
2 2 0.127607 0.175065 0.644379 0.038763 0.014186
2 2 0.071000 0.143491 0.742583 0.032127 0.010799
2 2 0.092816 0.155910 0.716310 0.025498 0.009466
2 2 0.133905 0.191691 0.641023 0.021779 0.011603
2 2 0.226926 0.230900 0.508504 0.019522 0.014149
2 2 0.224718 0.280790 0.463445 0.012542 0.018506
0 2 0.481900 0.273783 0.214229 0.007760 0.022328
0 2 0.664605 0.218037 0.092382 0.001914 0.023061
0 1 0.627207 0.246870 0.098373 0.001839 0.025711
0 1 0.451824 0.342841 0.173836 0.004671 0.026827
1 2 0.245457 0.359570 0.359036 0.007368 0.028569
2 2 0.166017 0.309992 0.493169 0.008905 0.021917
2 2 0.152614 0.225717 0.595451 0.013905 0.012313
2 2 0.261592 0.181629 0.523923 0.023421 0.009434
2 2 0.292986 0.155881 0.507174 0.036768 0.007191
2 2 0.390058 0.141470 0.423389 0.039190 0.005894
0 2 0.602239 0.123226 0.246766 0.020590 0.007178
0 2 0.886535 0.065478 0.040463 0.001404 0.006120
0 1 0.908696 0.062016 0.022902 0.000185 0.006200
0 0 0.833415 0.119633 0.036577 0.000232 0.010143
0 1 0.733336 0.203129 0.050108 0.000227 0.013200
0 1 0.762940 0.170154 0.048753 0.000299 0.017855
0 1 0.726882 0.181275 0.066748 0.000837 0.024258
0 1 0.831256 0.109087 0.043744 0.000549 0.015364
0 1 0.810084 0.118567 0.053368 0.000957 0.017024
0 1 0.860495 0.084794 0.042554 0.000899 0.011257
0 1 0.864748 0.077317 0.045543 0.001440 0.010951
0 1 0.612340 0.173313 0.190198 0.008149 0.016001
0 1 0.597351 0.198180 0.177567 0.006279 0.020623
0 1 0.397664 0.223700 0.351259 0.013606 0.013771
0 2 0.535955 0.208198 0.228486 0.009383 0.017978
0 2 0.631679 0.181584 0.162271 0.008513 0.015952
2 2 0.276194 0.305192 0.384732 0.011590 0.022293
2 2 0.294499 0.314075 0.359834 0.009765 0.021828
2 2 0.271945 0.323683 0.367360 0.010903 0.026110
2 2 0.346301 0.255282 0.357765 0.020851 0.019801
2 2 0.055259 0.148780 0.744885 0.035814 0.015263
2 2 0.144442 0.198046 0.620491 0.024009 0.013012
2 2 0.180420 0.194557 0.583311 0.028990 0.012722
2 2 0.200691 0.223130 0.541163 0.020947 0.014068
2 2 0.108059 0.205068 0.656427 0.017124 0.013322
2 2 0.063685 0.213539 0.691682 0.013355 0.017738
2 2 0.024907 0.125143 0.825899 0.014513 0.009538
2 2 0.020481 0.092008 0.865711 0.016168 0.005633
2 2 0.023552 0.091927 0.864738 0.014982 0.004800
2 2 0.016247 0.087864 0.877751 0.012950 0.005187
2 2 0.059134 0.157553 0.761300 0.013490 0.008523
2 2 0.114348 0.254372 0.609474 0.008016 0.013790
2 2 0.270786 0.288575 0.417304 0.008483 0.014852
2 2 0.340474 0.258476 0.375729 0.011819 0.013502
0 2 0.467357 0.209852 0.292194 0.014125 0.016472
0 2 0.682636 0.158408 0.136604 0.006166 0.016186
0 2 0.798883 0.083666 0.105473 0.005880 0.006098
0 0 0.797040 0.080268 0.108406 0.006251 0.008035
0 0 0.945331 0.027450 0.022122 0.001108 0.003989
0 0 0.972453 0.015374 0.009968 0.000222 0.001982
0 0 0.980813 0.011985 0.005772 0.000052 0.001378
0 0 0.981575 0.011372 0.005962 0.000068 0.001024
0 0 0.969585 0.018764 0.009629 0.000123 0.001899
0 0 0.969030 0.019550 0.009493 0.000106 0.001821
0 0 0.955276 0.026796 0.014420 0.000237 0.003272
0 0 0.931475 0.041638 0.020031 0.000280 0.006575
0 0 0.883894 0.069717 0.032844 0.000526 0.013019
0 0 0.802333 0.116869 0.060509 0.001583 0.018706
0 4 0.791181 0.127537 0.049344 0.000581 0.031356
0 4 0.719208 0.149775 0.056014 0.000628 0.074376
0 4 0.601143 0.175242 0.057186 0.000474 0.165954
0 4 0.648754 0.148459 0.043827 0.000251 0.158709
0 4 0.485676 0.191055 0.055185 0.000354 0.267730
0 4 0.452662 0.164270 0.047965 0.000300 0.334803
4 4 0.387301 0.163281 0.045047 0.000251 0.404120
0 4 0.461895 0.144287 0.035856 0.000134 0.357828
0 4 0.486699 0.119078 0.035854 0.000211 0.358158
0 4 0.421008 0.172768 0.051301 0.000353 0.354570
0 4 0.481115 0.128283 0.054416 0.000872 0.335314
0 4 0.562421 0.137369 0.048883 0.000478 0.250849
0 4 0.892975 0.021603 0.007893 0.000038 0.077491
0 4 0.957223 0.011837 0.005206 0.000034 0.025700
0 4 0.935075 0.015403 0.006924 0.000053 0.042544
0 4 0.913644 0.018951 0.007269 0.000039 0.060096
0 4 0.856714 0.030165 0.011354 0.000070 0.101697
0 4 0.859069 0.033580 0.012283 0.000072 0.094995
0 4 0.829362 0.051469 0.016369 0.000075 0.102725
0 4 0.850027 0.043219 0.012837 0.000044 0.093873
0 4 0.749885 0.077525 0.021682 0.000080 0.150828
0 4 0.787707 0.076792 0.022585 0.000095 0.112821
0 4 0.527390 0.221886 0.051868 0.000198 0.198659
0 4 0.661667 0.108626 0.025654 0.000071 0.203982
0 4 0.690208 0.090468 0.020403 0.000045 0.198876
0 4 0.697771 0.111586 0.028284 0.000094 0.162266
0 4 0.638871 0.112975 0.041417 0.000389 0.206347
0 4 0.625521 0.107470 0.049973 0.000894 0.216142
0 4 0.722134 0.100157 0.048811 0.000943 0.127956
0 4 0.721262 0.132169 0.050378 0.000554 0.095637
0 4 0.770152 0.086984 0.033587 0.000322 0.108956
0 4 0.863290 0.045228 0.014669 0.000066 0.076747
0 4 0.856962 0.016980 0.008133 0.000080 0.117845
0 4 0.862458 0.016368 0.006192 0.000032 0.114951
0 4 0.834098 0.023786 0.009407 0.000064 0.132645
0 4 0.759101 0.063859 0.018487 0.000074 0.158479
0 4 0.734213 0.090290 0.022771 0.000067 0.152659
0 4 0.631865 0.148887 0.044873 0.000273 0.174103
0 4 0.509349 0.203167 0.081043 0.001305 0.205136
0 4 0.596992 0.181718 0.070153 0.000949 0.150188
0 4 0.595190 0.193438 0.076888 0.001169 0.133314
0 4 0.721516 0.119597 0.057306 0.001162 0.100419
0 4 0.875835 0.045087 0.021693 0.000290 0.057095
0 4 0.854689 0.040376 0.024594 0.000617 0.079724
0 4 0.915780 0.025486 0.012428 0.000142 0.046164
0 4 0.943809 0.015257 0.008133 0.000101 0.032700
0 4 0.944640 0.016102 0.006430 0.000037 0.032791
0 4 0.887088 0.030107 0.009579 0.000037 0.073189
0 4 0.809377 0.071408 0.014926 0.000025 0.104265
0 4 0.681232 0.142259 0.018173 0.000010 0.158326
0 4 0.623582 0.174751 0.021885 0.000013 0.179770
0 4 0.473731 0.273420 0.042301 0.000058 0.210490
2 4 0.082172 0.364864 0.393427 0.000720 0.158817
2 4 0.084324 0.367709 0.405496 0.001072 0.141399
1 4 0.147330 0.419216 0.287259 0.001368 0.144827
1 4 0.213666 0.457095 0.233060 0.001877 0.094302
1 4 0.377715 0.396469 0.150893 0.003216 0.071707
1 4 0.360989 0.383729 0.166187 0.004014 0.085082
1 1 0.355383 0.394682 0.164873 0.003491 0.081571
1 4 0.207414 0.415672 0.300735 0.005507 0.070672
1 4 0.125653 0.419012 0.387676 0.003756 0.063903
2 4 0.050271 0.310565 0.596636 0.003408 0.039121
2 4 0.029449 0.247972 0.665019 0.002391 0.055168
2 4 0.006136 0.116584 0.862875 0.002224 0.012181
2 4 0.002344 0.069654 0.917485 0.002448 0.008069
2 4 0.002304 0.070098 0.916090 0.001820 0.009688
2 4 0.004056 0.094877 0.887608 0.001779 0.011680
2 4 0.012302 0.167255 0.800842 0.001960 0.017641
2 4 0.035999 0.274240 0.664861 0.002656 0.022244
2 4 0.096817 0.369162 0.467201 0.003431 0.063390
1 4 0.155966 0.398732 0.374626 0.003430 0.067246
0 4 0.381009 0.344193 0.159253 0.002175 0.113370
1 4 0.147285 0.416095 0.298197 0.002220 0.136203
1 4 0.173626 0.443461 0.261631 0.001101 0.120180
1 4 0.206764 0.457950 0.233573 0.001308 0.100404
1 4 0.237020 0.450173 0.196774 0.001608 0.114426
1 4 0.312812 0.419151 0.120602 0.001310 0.146126
0 4 0.490679 0.333058 0.101718 0.001053 0.073492
0 4 0.595556 0.252439 0.098564 0.001707 0.051734
0 4 0.585608 0.250209 0.107157 0.002392 0.054634
0 0 0.438585 0.348613 0.146824 0.003967 0.062011
1 4 0.373145 0.402086 0.147243 0.003007 0.074519
1 4 0.398102 0.426637 0.119283 0.001184 0.054795
0 4 0.461552 0.338252 0.103739 0.001098 0.095358
0 4 0.444530 0.309917 0.111307 0.001739 0.132507
0 4 0.448435 0.297448 0.121511 0.002657 0.129948
0 4 0.371127 0.356123 0.183286 0.005428 0.084036
1 4 0.239074 0.379097 0.314749 0.006830 0.060250
0 4 0.494511 0.283291 0.152360 0.003588 0.066250
0 4 0.705574 0.167714 0.079085 0.001837 0.045790
0 1 0.669094 0.187093 0.082680 0.001684 0.059449
0 1 0.396838 0.338930 0.194035 0.004133 0.066063
0 1 0.630837 0.194815 0.095208 0.002615 0.076525
0 2 0.634120 0.181728 0.076266 0.001302 0.106584
0 2 0.747624 0.136190 0.047589 0.000421 0.068176
0 4 0.684367 0.181905 0.072436 0.001084 0.060209
0 4 0.617735 0.231484 0.094773 0.001773 0.054235
0 0 0.574815 0.243159 0.136735 0.006595 0.038696
2 1 0.346072 0.224696 0.389119 0.024953 0.015160
0 2 0.400095 0.228534 0.338000 0.016972 0.016400
2 2 0.322023 0.265712 0.367310 0.014964 0.029992
2 1 0.232123 0.294444 0.430555 0.016638 0.026239
2 2 0.320947 0.300431 0.328660 0.017715 0.032246
2 2 0.183590 0.294828 0.469880 0.019707 0.031996
2 2 0.238251 0.288517 0.421236 0.020761 0.031234
2 2 0.096725 0.288478 0.565823 0.014912 0.034062
2 2 0.168718 0.349726 0.404154 0.013131 0.064272
2 2 0.038573 0.266871 0.652062 0.008296 0.034197
2 2 0.050960 0.274824 0.619605 0.012982 0.041629
2 2 0.063643 0.223780 0.672280 0.016715 0.023582
2 1 0.104950 0.151087 0.708227 0.027267 0.008469
2 2 0.190706 0.150429 0.608510 0.042097 0.008259
2 2 0.001408 0.024459 0.962293 0.010323 0.001517
2 2 0.002593 0.035521 0.942396 0.016456 0.003034
2 2 0.002735 0.034621 0.943506 0.016402 0.002736
2 2 0.008306 0.045657 0.913181 0.029596 0.003260
2 2 0.014408 0.061457 0.893544 0.026622 0.003969
2 2 0.020099 0.086907 0.865399 0.021539 0.006056
2 2 0.044272 0.114040 0.797118 0.035427 0.009144
2 2 0.132058 0.138091 0.644958 0.071236 0.013656
2 2 0.162922 0.190970 0.586351 0.035269 0.024489
2 2 0.092075 0.166544 0.677460 0.043981 0.019939
2 2 0.100983 0.157256 0.675791 0.047665 0.018306
2 2 0.258770 0.224997 0.445958 0.034521 0.035754
2 2 0.295717 0.258635 0.377658 0.025941 0.042049
2 2 0.213407 0.287918 0.441510 0.022440 0.034726
2 2 0.246531 0.335266 0.357035 0.007735 0.053434
0 2 0.566794 0.202936 0.192112 0.007345 0.030812
0 2 0.643550 0.181161 0.144780 0.006330 0.024178
0 2 0.394729 0.210214 0.357308 0.016769 0.020979
2 2 0.245385 0.303609 0.391919 0.012480 0.046607
2 2 0.083889 0.212708 0.657644 0.023884 0.021876
2 2 0.159006 0.103781 0.662685 0.069367 0.005160
2 2 0.315249 0.128480 0.498897 0.049938 0.007435
2 2 0.372597 0.133522 0.450005 0.036168 0.007709
0 2 0.738813 0.117562 0.124056 0.005082 0.014487
0 2 0.478787 0.194342 0.286814 0.012177 0.027880
2 2 0.139456 0.143943 0.640475 0.064254 0.011872
2 2 0.048411 0.125208 0.747737 0.062299 0.016345
2 2 0.028922 0.104117 0.796741 0.056187 0.014034
2 2 0.011980 0.072312 0.867761 0.039137 0.008809
2 2 0.013721 0.051582 0.860369 0.068955 0.005373
2 2 0.010684 0.035274 0.874183 0.076945 0.002914
2 2 0.017711 0.048084 0.870397 0.060413 0.003396
2 2 0.008848 0.031812 0.891593 0.065394 0.002353
2 2 0.007389 0.028720 0.872366 0.088712 0.002812
2 2 0.013108 0.035133 0.845763 0.102911 0.003084
2 2 0.025138 0.044508 0.770751 0.155020 0.004583
2 2 0.009204 0.023965 0.790797 0.173338 0.002696
2 2 0.007279 0.020638 0.788689 0.180943 0.002450
2 2 0.005014 0.017179 0.776947 0.198509 0.002351
2 2 0.005031 0.022104 0.885776 0.085168 0.001921
2 2 0.001588 0.008052 0.848265 0.141264 0.000831
2 2 0.001898 0.011332 0.867011 0.118497 0.001262
2 2 0.002235 0.012465 0.872868 0.111123 0.001309
2 2 0.000936 0.008241 0.922990 0.067140 0.000694
2 2 0.001538 0.011325 0.922570 0.063663 0.000905
2 2 0.001382 0.010312 0.881737 0.105317 0.001252
2 2 0.001828 0.010480 0.870820 0.115742 0.001129
2 2 0.001814 0.009482 0.813522 0.173851 0.001331
2 2 0.002181 0.009312 0.805196 0.182207 0.001103
2 2 0.003577 0.009058 0.720747 0.265602 0.001016
2 3 0.012337 0.017438 0.600636 0.367154 0.002436
2 3 0.030251 0.033634 0.637488 0.294554 0.004073
2 2 0.028131 0.038803 0.703776 0.224927 0.004363
2 2 0.033861 0.050711 0.774392 0.136569 0.004466
2 2 0.013144 0.037330 0.871051 0.075678 0.002797
2 2 0.023713 0.059055 0.845194 0.067268 0.004770
2 2 0.015343 0.047550 0.873008 0.060406 0.003693
2 2 0.007850 0.036990 0.914057 0.038593 0.002510
2 2 0.009188 0.039881 0.888620 0.058741 0.003569
2 2 0.007378 0.036876 0.907859 0.044974 0.002913
2 2 0.011526 0.039050 0.853887 0.091561 0.003976
2 2 0.007301 0.023529 0.830909 0.135856 0.002406
2 2 0.007252 0.023845 0.823231 0.143004 0.002668
2 2 0.010791 0.033779 0.804529 0.146525 0.004377
2 2 0.010454 0.033766 0.804205 0.147000 0.004575
2 2 0.014004 0.040466 0.801125 0.139186 0.005220
2 2 0.008741 0.029405 0.835878 0.122740 0.003236
2 2 0.006837 0.028794 0.854119 0.106930 0.003321
2 2 0.007631 0.027609 0.844543 0.117238 0.002978
2 2 0.006939 0.023597 0.825621 0.141198 0.002644
2 2 0.004090 0.015898 0.832924 0.145345 0.001744
2 2 0.002332 0.009277 0.818355 0.169050 0.000987
2 2 0.001342 0.006351 0.916523 0.075456 0.000327
2 2 0.002979 0.011532 0.932129 0.052885 0.000474
2 2 0.001933 0.008560 0.934898 0.054261 0.000348
2 2 0.006429 0.019538 0.908302 0.064757 0.000974
2 2 0.007975 0.023142 0.889350 0.078135 0.001397
2 2 0.007278 0.025920 0.900956 0.064163 0.001683
2 2 0.002557 0.011536 0.867872 0.116979 0.001056
2 2 0.003379 0.012783 0.877959 0.104926 0.000953
2 2 0.005154 0.017743 0.878168 0.097671 0.001264
2 2 0.005576 0.014227 0.766095 0.212582 0.001520
2 3 0.004149 0.012547 0.738288 0.243284 0.001733
2 3 0.005991 0.018548 0.734099 0.238314 0.003047
2 2 0.006970 0.025656 0.758377 0.204225 0.004771
2 2 0.017235 0.068528 0.794972 0.106833 0.012431
2 2 0.016296 0.067946 0.794813 0.108102 0.012842
2 2 0.011113 0.061384 0.843635 0.073816 0.010052
2 2 0.006734 0.041367 0.893627 0.053636 0.004636
2 2 0.004222 0.025202 0.931174 0.037749 0.001653
2 2 0.009021 0.029544 0.925357 0.034831 0.001248
2 2 0.010648 0.031966 0.932046 0.024313 0.001028
2 2 0.039709 0.082620 0.841756 0.031719 0.004197
2 2 0.038940 0.127666 0.799155 0.024100 0.010139
2 2 0.074561 0.160881 0.726428 0.026076 0.012055
2 2 0.151345 0.171726 0.619960 0.043580 0.013389
2 2 0.129750 0.133732 0.668392 0.055277 0.012848
2 2 0.062784 0.089232 0.762570 0.078366 0.007048
2 2 0.020190 0.051848 0.857427 0.066597 0.003939
2 2 0.035341 0.058197 0.791609 0.109857 0.004996
2 2 0.051386 0.168255 0.737185 0.025740 0.017434
2 2 0.051977 0.175867 0.729504 0.024122 0.018530
2 2 0.028884 0.203450 0.720976 0.015543 0.031147
2 1 0.056732 0.251466 0.629197 0.020815 0.041790
2 2 0.091517 0.262962 0.581924 0.022585 0.041012
2 2 0.053245 0.211664 0.682529 0.023350 0.029212
2 2 0.121403 0.219816 0.602052 0.031275 0.025454
2 1 0.186269 0.305001 0.448772 0.016359 0.043599
0 1 0.505375 0.313922 0.119645 0.002237 0.058821
0 4 0.482951 0.351119 0.106469 0.001130 0.058332
0 4 0.427234 0.393110 0.123234 0.001579 0.054844
0 4 0.431457 0.376607 0.137448 0.002632 0.051856
1 4 0.325140 0.415365 0.198696 0.006074 0.054725
1 1 0.316682 0.402269 0.221911 0.007330 0.051808
1 1 0.220625 0.403388 0.323696 0.007286 0.045004
1 2 0.181007 0.393016 0.379863 0.006753 0.039360
2 4 0.262894 0.345309 0.353082 0.009344 0.029372
2 4 0.216801 0.340024 0.403683 0.009950 0.029543
1 4 0.209924 0.368584 0.368125 0.010794 0.042574
2 4 0.211360 0.369656 0.370477 0.009516 0.038990
2 1 0.236312 0.359604 0.367264 0.007583 0.029238
2 1 0.243697 0.347604 0.367215 0.009950 0.031535
0 1 0.391874 0.341035 0.226873 0.007034 0.033185
1 1 0.331724 0.368366 0.247465 0.008448 0.043997
0 4 0.537511 0.283082 0.129580 0.003825 0.046002
0 4 0.371401 0.318995 0.251242 0.009188 0.049174
2 2 0.248750 0.267249 0.415841 0.016861 0.051299
2 4 0.110427 0.204995 0.620035 0.036574 0.027968
2 2 0.039522 0.152709 0.775823 0.018739 0.013207
2 2 0.101427 0.303248 0.547506 0.012976 0.034844
2 2 0.038554 0.203432 0.730030 0.009823 0.018161
2 2 0.122009 0.226528 0.609515 0.022334 0.019613
2 2 0.244408 0.240021 0.474212 0.023545 0.017814
2 2 0.191059 0.250519 0.515836 0.021916 0.020669
2 2 0.151968 0.258538 0.551085 0.017281 0.021128
2 2 0.102739 0.319545 0.542814 0.007482 0.027420
2 2 0.156111 0.376081 0.432243 0.005459 0.030106
2 2 0.118078 0.361870 0.495629 0.003282 0.021141
2 2 0.190170 0.299210 0.483944 0.008566 0.018110
2 2 0.212743 0.260498 0.495996 0.014314 0.016448
2 2 0.182169 0.311503 0.465281 0.012962 0.028085
2 2 0.039261 0.202346 0.748165 0.002735 0.007493
2 2 0.037024 0.206928 0.744197 0.003011 0.008840
2 2 0.028293 0.140701 0.822884 0.003576 0.004546
2 2 0.054454 0.143352 0.789562 0.007727 0.004904
2 2 0.064905 0.162802 0.758224 0.007977 0.006092
2 2 0.049356 0.189428 0.741543 0.008390 0.011284
2 2 0.020109 0.147111 0.815439 0.007030 0.010311
2 2 0.012139 0.129127 0.845873 0.004580 0.008282
2 2 0.084288 0.175920 0.723253 0.009534 0.007005
2 2 0.172467 0.185830 0.624841 0.011006 0.005855
2 0 0.271659 0.246249 0.460170 0.010977 0.010946
1 1 0.186290 0.394982 0.392319 0.003220 0.023188
1 2 0.219690 0.471925 0.256851 0.003136 0.048399
1 1 0.276586 0.470774 0.195591 0.003075 0.053975
1 2 0.133990 0.406434 0.376808 0.010490 0.072278
2 2 0.107686 0.376063 0.422516 0.013252 0.080482
2 2 0.069104 0.249492 0.586661 0.029418 0.065324
2 2 0.069377 0.273583 0.559620 0.024379 0.073041
2 2 0.040325 0.226724 0.684290 0.015806 0.032855
1 1 0.176063 0.428193 0.278732 0.004517 0.112496
2 2 0.111656 0.411711 0.433617 0.003982 0.039035
2 2 0.040081 0.289658 0.650429 0.002322 0.017511
2 2 0.042518 0.296384 0.640135 0.002441 0.018522
2 2 0.055561 0.309175 0.613970 0.002718 0.018575
2 2 0.082807 0.313308 0.582406 0.003612 0.017867
2 2 0.100057 0.280671 0.600091 0.004947 0.014233
2 2 0.085815 0.239004 0.657351 0.006189 0.011640
2 2 0.045161 0.172325 0.769688 0.005616 0.007211
2 2 0.067632 0.165493 0.749282 0.010278 0.007315
2 2 0.093307 0.186855 0.698781 0.012070 0.008987
2 2 0.128469 0.270559 0.575408 0.008959 0.016605
2 2 0.057104 0.272050 0.638896 0.007279 0.024671
2 2 0.052824 0.286359 0.626788 0.006385 0.027645
2 2 0.112623 0.346020 0.510806 0.005085 0.025465
2 1 0.180964 0.365549 0.412952 0.007630 0.032904
2 1 0.135758 0.352694 0.464250 0.009333 0.037966
2 2 0.147657 0.356994 0.447828 0.009371 0.038150
2 2 0.136798 0.327935 0.486288 0.012419 0.036560
2 2 0.150782 0.269096 0.543647 0.014956 0.021519
2 2 0.115023 0.325782 0.518355 0.009214 0.031625
2 2 0.141503 0.293306 0.536849 0.008712 0.019630
2 2 0.101829 0.220040 0.657504 0.009490 0.011137
2 2 0.117399 0.174021 0.685818 0.015189 0.007574
2 2 0.128787 0.153210 0.693995 0.018161 0.005848
2 2 0.158757 0.206403 0.613809 0.012324 0.008707
2 2 0.225460 0.246689 0.503180 0.012293 0.012378
2 2 0.116509 0.275741 0.585964 0.006662 0.015124
2 2 0.145522 0.310840 0.518690 0.006370 0.018579
2 2 0.267210 0.327598 0.377718 0.007251 0.020223
2 2 0.213317 0.352687 0.405084 0.005888 0.023023
1 4 0.324762 0.353892 0.283096 0.007920 0.030330
2 4 0.222703 0.351581 0.381476 0.010274 0.033966
1 4 0.380426 0.397748 0.184894 0.003213 0.033719
0 4 0.510370 0.336999 0.118527 0.001858 0.032245
0 4 0.618189 0.244199 0.116777 0.002502 0.018333
0 4 0.447068 0.296802 0.230968 0.004938 0.020223
1 4 0.300449 0.353420 0.318507 0.005480 0.022143
2 4 0.151542 0.391141 0.429154 0.003366 0.024798
1 4 0.169925 0.430944 0.363978 0.003075 0.032077
0 4 0.827368 0.130182 0.021797 0.000026 0.020627
0 4 0.712284 0.215330 0.047086 0.000151 0.025148
1 4 0.337987 0.459261 0.140480 0.001943 0.060329
1 4 0.317883 0.460090 0.159534 0.003195 0.059298
1 4 0.249538 0.455282 0.218423 0.005651 0.071106
1 4 0.300943 0.439792 0.193572 0.005070 0.060624
1 4 0.193115 0.375730 0.375706 0.010051 0.045397
2 4 0.217622 0.352864 0.372184 0.011668 0.045663
1 4 0.260158 0.357782 0.327906 0.012341 0.041814
0 4 0.334397 0.326371 0.283127 0.016440 0.039665
1 4 0.177430 0.407396 0.359701 0.007233 0.048240
1 4 0.200545 0.456498 0.278877 0.004953 0.059128
1 4 0.190658 0.459048 0.293797 0.004148 0.052348
1 4 0.165989 0.451029 0.331195 0.003996 0.047791
2 4 0.056350 0.322220 0.586346 0.004709 0.030376
2 4 0.010507 0.151150 0.824592 0.003120 0.010631
2 4 0.009084 0.139355 0.837259 0.003603 0.010699
2 4 0.015074 0.177853 0.786907 0.004462 0.015704
2 4 0.083278 0.337192 0.527248 0.007381 0.044901
2 4 0.098787 0.373841 0.479403 0.005275 0.042695
0 4 0.585077 0.075387 0.035320 0.000595 0.303621
0 4 0.675568 0.104107 0.033586 0.000218 0.186521
0 4 0.663891 0.109077 0.034158 0.000207 0.192666
0 4 0.521053 0.136095 0.033693 0.000121 0.309039
0 4 0.378665 0.204475 0.046521 0.000170 0.370170
0 4 0.368373 0.219495 0.052420 0.000229 0.359485
0 4 0.438314 0.244025 0.074357 0.000642 0.242661
0 4 0.643026 0.177594 0.054216 0.000375 0.124789
0 4 0.605880 0.200149 0.068439 0.000696 0.124836
0 4 0.720138 0.159754 0.046620 0.000271 0.073216
0 4 0.822843 0.097306 0.024219 0.000071 0.055561
0 4 0.841481 0.075647 0.016135 0.000028 0.066709
0 4 0.789211 0.077443 0.018316 0.000042 0.114989
0 4 0.748485 0.077135 0.023514 0.000111 0.150755
0 4 0.838358 0.053262 0.021206 0.000180 0.086994
0 4 0.837155 0.052327 0.023317 0.000273 0.086929
0 4 0.779091 0.074147 0.032212 0.000412 0.114139
0 4 0.838257 0.043485 0.019171 0.000204 0.098882
0 4 0.837351 0.046368 0.018874 0.000163 0.097244
0 4 0.831946 0.053708 0.017505 0.000085 0.096755
0 4 0.513779 0.060736 0.025529 0.000296 0.399660
0 4 0.721882 0.090246 0.033837 0.000305 0.153730
0 4 0.597721 0.099688 0.049722 0.001103 0.251766
0 4 0.706515 0.074629 0.038330 0.000796 0.179730
0 4 0.653537 0.097613 0.048669 0.001056 0.199125
0 4 0.682097 0.124297 0.044358 0.000414 0.148835
0 4 0.650689 0.152940 0.046496 0.000303 0.149572
0 4 0.804060 0.095329 0.027628 0.000124 0.072860
0 4 0.877876 0.067124 0.019223 0.000072 0.035705
0 4 0.917281 0.048413 0.013569 0.000042 0.020695
0 4 0.893052 0.060720 0.016816 0.000055 0.029356
0 4 0.918099 0.035162 0.011474 0.000049 0.035216
0 4 0.942647 0.019657 0.006461 0.000023 0.031211
0 4 0.947244 0.015389 0.004713 0.000013 0.032641
0 4 0.959178 0.008882 0.003224 0.000012 0.028705
0 4 0.946240 0.012750 0.004698 0.000020 0.036292
0 4 0.881390 0.038369 0.012648 0.000058 0.067535
0 4 0.536724 0.250844 0.046984 0.000102 0.165345
0 4 0.529505 0.228169 0.037248 0.000053 0.205025
4 4 0.310736 0.305919 0.055190 0.000137 0.328018
0 4 0.561614 0.190814 0.051120 0.000258 0.196194
0 4 0.806525 0.116536 0.039407 0.000302 0.037229
0 4 0.668955 0.202607 0.069837 0.000742 0.057859
0 4 0.419459 0.366823 0.115766 0.001420 0.096532
1 4 0.302962 0.450460 0.157158 0.002608 0.086812
1 4 0.326276 0.457159 0.142374 0.001685 0.072507
1 4 0.230039 0.477745 0.245009 0.002583 0.044624
1 4 0.153056 0.449243 0.352969 0.003219 0.041513
1 4 0.185905 0.412190 0.357164 0.005319 0.039422
1 4 0.172955 0.425510 0.335928 0.007183 0.058424
1 4 0.368859 0.385670 0.165977 0.004480 0.075014
0 4 0.418687 0.360798 0.150999 0.004122 0.065394
0 4 0.516695 0.307613 0.125853 0.002859 0.046979
0 4 0.551234 0.296721 0.118423 0.002487 0.031136
1 4 0.290846 0.412771 0.248202 0.005460 0.042721
0 4 0.589821 0.255396 0.129617 0.004985 0.020182
0 4 0.502960 0.254050 0.208978 0.010321 0.023690
0 4 0.441226 0.238985 0.276682 0.014602 0.028505
0 4 0.430825 0.233819 0.294841 0.016953 0.023562
0 4 0.623733 0.183711 0.164179 0.008808 0.019569
1 4 0.295638 0.453501 0.175220 0.004767 0.070873
1 0 0.307378 0.455921 0.165110 0.003724 0.067867
1 4 0.300004 0.454995 0.172115 0.004410 0.068476
1 4 0.250624 0.407452 0.170877 0.005573 0.165475
1 4 0.323378 0.381183 0.163382 0.005111 0.126946
1 4 0.330344 0.402898 0.165995 0.004824 0.095938
0 4 0.537621 0.284386 0.110081 0.001998 0.065913
0 4 0.560733 0.272109 0.109909 0.002196 0.055052
0 4 0.588381 0.251559 0.096706 0.001589 0.061765
0 4 0.468444 0.334964 0.119568 0.001938 0.075085
1 0 0.379842 0.383011 0.137208 0.002519 0.097421
0 4 0.518441 0.302993 0.094605 0.000972 0.082989
0 4 0.543359 0.284578 0.094077 0.001089 0.076897
0 4 0.677260 0.213661 0.076023 0.000936 0.032120
0 4 0.676255 0.202838 0.061672 0.000462 0.058773
0 4 0.687210 0.185805 0.047639 0.000209 0.079137
0 4 0.756463 0.154560 0.035625 0.000107 0.053244
0 4 0.769920 0.147832 0.035314 0.000115 0.046819
0 4 0.794794 0.131491 0.030936 0.000091 0.042688
0 4 0.656283 0.209246 0.044615 0.000125 0.089730
1 4 0.336938 0.402874 0.162095 0.003651 0.094442
1 4 0.290334 0.434146 0.206772 0.004706 0.064042
1 4 0.224992 0.452045 0.254821 0.005501 0.062642
1 4 0.384491 0.392478 0.133520 0.002155 0.087357
1 4 0.369723 0.374723 0.155449 0.004286 0.095818
0 2 0.410003 0.342486 0.146248 0.004046 0.097218
1 4 0.358461 0.364356 0.192487 0.006993 0.077704
0 2 0.362117 0.330049 0.210460 0.007239 0.090135
0 2 0.551459 0.237143 0.130300 0.005034 0.076064
0 2 0.566156 0.218249 0.163491 0.006752 0.045352
0 2 0.461470 0.264375 0.202069 0.006335 0.065751
2 1 0.212562 0.305783 0.401936 0.012958 0.066760
0 2 0.364203 0.295735 0.249105 0.009778 0.081180
1 2 0.237470 0.340581 0.324315 0.009223 0.088411
2 2 0.100054 0.248858 0.612924 0.012999 0.025164
2 2 0.017238 0.113792 0.847016 0.012772 0.009181
2 2 0.022423 0.100560 0.857493 0.013699 0.005824
2 2 0.037258 0.139700 0.792174 0.018658 0.012211
2 2 0.045294 0.163567 0.759321 0.017985 0.013832
2 1 0.186884 0.245540 0.527829 0.017618 0.022129
2 2 0.006871 0.062314 0.903401 0.021178 0.006237
2 2 0.001148 0.023811 0.964067 0.009400 0.001574
2 2 0.001149 0.022217 0.966474 0.008870 0.001291
2 2 0.000574 0.017444 0.972230 0.008508 0.001244
2 2 0.000178 0.007693 0.985256 0.006452 0.000421
2 2 0.000401 0.009779 0.983056 0.006399 0.000365
2 2 0.001622 0.022808 0.967394 0.007259 0.000916
2 2 0.002466 0.032893 0.953624 0.009221 0.001796
2 1 0.003312 0.032436 0.946419 0.015854 0.001980
2 2 0.006628 0.047160 0.913320 0.028779 0.004113
2 2 0.013643 0.058689 0.889422 0.033859 0.004386
2 2 0.007662 0.051020 0.914225 0.023275 0.003817
2 2 0.001046 0.013075 0.967485 0.017692 0.000703
2 2 0.000691 0.010435 0.975088 0.013301 0.000485
2 2 0.000419 0.007778 0.979730 0.011737 0.000336
2 2 0.000200 0.005103 0.985755 0.008750 0.000192
2 2 0.000137 0.003801 0.985614 0.010295 0.000153
2 3 0.000177 0.003267 0.961675 0.034663 0.000218
2 2 0.000365 0.005425 0.957326 0.036499 0.000385
2 2 0.000276 0.004719 0.963815 0.030876 0.000314
2 2 0.026056 0.114804 0.813253 0.032798 0.013089
2 1 0.015121 0.056547 0.822755 0.097500 0.008077
2 2 0.002007 0.015625 0.935458 0.045778 0.001131
2 2 0.000871 0.014863 0.964530 0.018686 0.001049
2 2 0.000838 0.015679 0.967999 0.014454 0.001030
2 2 0.000730 0.012181 0.975293 0.011250 0.000545
2 2 0.000599 0.009459 0.974080 0.015421 0.000441
2 3 0.000416 0.007406 0.981673 0.010249 0.000256
2 2 0.000758 0.009038 0.957555 0.032089 0.000561
2 3 0.001610 0.012986 0.936178 0.048307 0.000919
2 3 0.002740 0.020571 0.935486 0.039697 0.001506
2 2 0.001784 0.016472 0.924780 0.055310 0.001653
2 2 0.001873 0.017689 0.928039 0.050639 0.001759
2 2 0.003326 0.023860 0.931967 0.039049 0.001798
2 2 0.004713 0.029695 0.935935 0.027862 0.001794
2 2 0.004526 0.032373 0.944995 0.016519 0.001586
2 2 0.005899 0.034019 0.936467 0.021867 0.001748
2 2 0.002955 0.022763 0.950253 0.022806 0.001223
2 2 0.002295 0.018368 0.950729 0.027571 0.001037
2 2 0.001279 0.012344 0.953956 0.031683 0.000737
2 3 0.000740 0.008639 0.972674 0.017611 0.000337
2 2 0.002046 0.019120 0.952832 0.024843 0.001159
2 3 0.003422 0.028757 0.935774 0.029806 0.002242
2 2 0.001466 0.023483 0.954543 0.018504 0.002005
2 2 0.001237 0.026424 0.954281 0.015434 0.002624
2 2 0.000805 0.014811 0.957943 0.025042 0.001398
2 2 0.001243 0.016134 0.953174 0.028183 0.001266
2 2 0.000750 0.008131 0.933957 0.056478 0.000685
2 2 0.000848 0.006929 0.917327 0.074352 0.000543
2 2 0.000754 0.007062 0.953009 0.038794 0.000380
2 2 0.000526 0.004975 0.933128 0.061030 0.000340
2 2 0.000613 0.006552 0.968806 0.023764 0.000265
2 2 0.000913 0.008009 0.962793 0.027954 0.000331
2 2 0.001395 0.010985 0.960327 0.026829 0.000465
2 3 0.001130 0.008333 0.938703 0.051339 0.000495
2 2 0.001006 0.006000 0.889640 0.102896 0.000458
