0 0 0.777170 0.117021 0.027223 0.003981 0.074605
0 0 0.779143 0.126468 0.037408 0.006169 0.050813
0 0 0.557685 0.200789 0.078365 0.007705 0.155456
0 0 0.372457 0.264827 0.127495 0.005625 0.229596
0 0 0.332934 0.232013 0.106276 0.005921 0.322856
4 0 0.119623 0.148016 0.073382 0.002246 0.656733
4 0 0.137434 0.152364 0.070974 0.002166 0.637063
4 0 0.202772 0.172376 0.090792 0.004683 0.529377
4 0 0.069332 0.107729 0.084471 0.002385 0.736083
4 0 0.151394 0.148645 0.070062 0.002085 0.627815
4 0 0.298648 0.180438 0.045920 0.001265 0.473728
4 0 0.350289 0.184614 0.047613 0.001616 0.415868
0 0 0.422665 0.187168 0.051643 0.002526 0.335998
4 0 0.361390 0.181538 0.042465 0.001265 0.413342
0 0 0.708467 0.134926 0.023813 0.001472 0.131323
0 0 0.544438 0.174753 0.045072 0.002957 0.232779
0 0 0.524799 0.207967 0.069798 0.004431 0.193006
0 0 0.690904 0.145489 0.041749 0.005931 0.115927
0 0 0.829979 0.096447 0.021474 0.004062 0.048038
0 0 0.916701 0.055223 0.009304 0.002423 0.016349
0 0 0.881601 0.071779 0.017168 0.006008 0.023443
0 0 0.921261 0.050874 0.010915 0.005157 0.011793
0 0 0.928632 0.048657 0.007639 0.002081 0.012992
0 0 0.943977 0.039421 0.006072 0.002153 0.008377
0 0 0.947801 0.036852 0.005817 0.002382 0.007148
0 0 0.943978 0.038895 0.006583 0.002866 0.007678
0 0 0.921761 0.051513 0.010025 0.003841 0.012861
0 0 0.897086 0.065479 0.012081 0.002919 0.022435
0 0 0.864094 0.081548 0.014509 0.002318 0.037531
0 0 0.809708 0.103956 0.018959 0.002113 0.065265
0 0 0.805647 0.104921 0.017840 0.001697 0.069894
0 0 0.874355 0.076665 0.012103 0.001681 0.035196
0 0 0.885030 0.071661 0.012849 0.002556 0.027904
0 0 0.913569 0.056446 0.010644 0.003352 0.015988
0 0 0.908171 0.059626 0.010843 0.002931 0.018428
0 0 0.931895 0.046956 0.006853 0.001701 0.012595
0 0 0.951389 0.035208 0.004726 0.001498 0.007179
0 0 0.954149 0.033473 0.004407 0.001443 0.006529
0 0 0.962210 0.028369 0.003376 0.001139 0.004905
0 0 0.974977 0.019217 0.002302 0.001345 0.002160
0 0 0.948490 0.035926 0.006111 0.003006 0.006466
0 0 0.962248 0.028237 0.003493 0.001281 0.004741
0 0 0.951208 0.034484 0.005568 0.002617 0.006123
0 0 0.935781 0.043915 0.007587 0.002895 0.009822
0 0 0.938998 0.042014 0.007149 0.002819 0.009021
0 0 0.919516 0.051838 0.011198 0.005218 0.012230
0 0 0.945434 0.038237 0.006189 0.002528 0.007612
0 0 0.940066 0.041347 0.007032 0.002834 0.008720
0 0 0.949746 0.035795 0.005429 0.002140 0.006890
0 0 0.964623 0.026424 0.003433 0.001520 0.003999
0 0 0.965279 0.026389 0.002977 0.000999 0.004356
0 0 0.972450 0.021500 0.002224 0.000833 0.002993
0 0 0.936171 0.044107 0.007026 0.002269 0.010427
0 0 0.893189 0.066872 0.014000 0.004204 0.021734
0 1 0.827953 0.097323 0.021002 0.003677 0.050045
0 1 0.379273 0.188301 0.052912 0.002305 0.377208
4 4 0.059064 0.097696 0.085796 0.002321 0.755123
4 4 0.012606 0.037268 0.118308 0.003148 0.828669
4 4 0.009825 0.031953 0.136785 0.004189 0.817249
4 4 0.011507 0.035184 0.121688 0.003294 0.828327
4 4 0.027882 0.062638 0.142638 0.005991 0.760851
4 4 0.054990 0.094454 0.102506 0.003414 0.744635
4 4 0.083423 0.119901 0.077275 0.002105 0.717296
4 4 0.135769 0.158613 0.078897 0.002833 0.623888
4 4 0.099901 0.213721 0.273979 0.010060 0.402339
4 4 0.119215 0.220427 0.238289 0.009251 0.412818
0 4 0.419335 0.269086 0.213375 0.018875 0.079329
0 4 0.581626 0.210039 0.119245 0.016800 0.072290
0 4 0.670300 0.151403 0.054812 0.011256 0.112229
4 4 0.227187 0.183640 0.097096 0.006169 0.485908
4 4 0.054478 0.094438 0.113888 0.004357 0.732839
4 4 0.037449 0.075143 0.128258 0.005078 0.754071
4 4 0.019157 0.048752 0.115318 0.003276 0.813497
4 4 0.024172 0.056112 0.099728 0.002483 0.817505
4 4 0.039854 0.077836 0.118286 0.004276 0.759748
4 4 0.056277 0.092923 0.063649 0.001156 0.785995
4 4 0.231938 0.178429 0.055639 0.001665 0.532329
4 4 0.178371 0.175552 0.072161 0.002695 0.571222
4 4 0.138721 0.159250 0.060695 0.001590 0.639745
4 4 0.153184 0.172164 0.089274 0.004170 0.581208
4 4 0.020603 0.050049 0.083059 0.001568 0.844721
4 4 0.041792 0.079948 0.111563 0.003784 0.762913
4 4 0.087182 0.185110 0.241336 0.008819 0.477553
0 4 0.549131 0.219479 0.122438 0.015491 0.093460
0 4 0.804954 0.104988 0.041375 0.017398 0.031286
0 4 0.862105 0.081061 0.020447 0.006567 0.029820
0 4 0.877300 0.071877 0.019981 0.009348 0.021494
0 4 0.896155 0.064635 0.014604 0.005362 0.019244
0 4 0.787986 0.113111 0.028623 0.005272 0.065009
0 4 0.524739 0.184278 0.068804 0.008354 0.213825
4 4 0.080381 0.120877 0.143360 0.008946 0.646436
4 4 0.037063 0.075649 0.213177 0.017952 0.656159
4 4 0.016651 0.045548 0.237458 0.018798 0.681545
4 4 0.007493 0.026712 0.348411 0.046927 0.570458
4 4 0.008497 0.029344 0.299398 0.030333 0.632428
4 4 0.008750 0.030055 0.263458 0.021260 0.676477
4 4 0.010393 0.033631 0.216586 0.013139 0.726250
4 4 0.009645 0.032052 0.237127 0.016367 0.704810
4 4 0.007657 0.027548 0.196636 0.009597 0.758562
4 4 0.004573 0.019478 0.145577 0.004147 0.826224
4 4 0.007424 0.025674 0.076099 0.001024 0.889779
4 4 0.008640 0.028865 0.099634 0.001949 0.860912
4 4 0.009193 0.030592 0.135793 0.004058 0.820363
4 4 0.014318 0.041291 0.194928 0.010835 0.738628
4 4 0.014343 0.041353 0.253958 0.021689 0.668657
4 4 0.012207 0.036441 0.352071 0.055431 0.543850
4 4 0.012059 0.035801 0.372763 0.067628 0.511749
2 4 0.011298 0.032299 0.438496 0.140610 0.377297
2 4 0.010694 0.030795 0.447739 0.159140 0.351632
2 4 0.014052 0.039172 0.436306 0.142918 0.367552
2 4 0.011161 0.033970 0.457109 0.174290 0.323470
2 4 0.009026 0.029479 0.469526 0.266152 0.225817
2 4 0.008765 0.026761 0.465226 0.266319 0.232929
2 4 0.011808 0.033330 0.435536 0.137454 0.381871
2 4 0.012853 0.035048 0.435298 0.143382 0.373419
4 2 0.016431 0.042850 0.392776 0.092759 0.455185
4 2 0.015846 0.043799 0.405187 0.100207 0.434962
2 2 0.012765 0.041360 0.447879 0.139967 0.358029
2 2 0.010271 0.036297 0.472810 0.189141 0.291480
2 2 0.009389 0.033510 0.477566 0.222899 0.256637
3 3 0.001952 0.013626 0.435452 0.470994 0.077976
3 3 0.000842 0.007470 0.346076 0.610059 0.035553
3 3 0.000713 0.006523 0.327437 0.634806 0.030521
3 3 0.001830 0.012545 0.408258 0.512649 0.064717
3 3 0.001582 0.010906 0.365062 0.575370 0.047080
2 3 0.003514 0.019707 0.451196 0.423638 0.101946
2 3 0.003801 0.023690 0.496687 0.335257 0.140564
3 3 0.002028 0.014627 0.436743 0.470071 0.076530
2 3 0.003006 0.019120 0.446338 0.442513 0.089024
3 3 0.002549 0.016609 0.380649 0.549068 0.051124
3 3 0.004921 0.021506 0.346901 0.583312 0.043360
3 3 0.003962 0.014602 0.272736 0.685633 0.023067
3 3 0.009090 0.029816 0.382244 0.516359 0.062491
3 3 0.003256 0.015476 0.305273 0.647335 0.028659
3 3 0.002968 0.016428 0.327049 0.622352 0.031203
2 3 0.012415 0.040701 0.441459 0.401295 0.104129
2 3 0.019863 0.045675 0.418833 0.411824 0.103805
2 3 0.030382 0.061847 0.420614 0.359710 0.127447
3 3 0.025766 0.050212 0.369554 0.478565 0.075902
2 3 0.018005 0.052839 0.450153 0.345028 0.133975
3 3 0.005919 0.014083 0.202380 0.764188 0.013430
3 3 0.010821 0.017026 0.180917 0.780194 0.011042
3 3 0.013549 0.023387 0.230361 0.713940 0.018764
3 3 0.011728 0.024677 0.265184 0.673310 0.025101
3 3 0.041647 0.060494 0.355148 0.470421 0.072290
3 3 0.007940 0.017682 0.211243 0.749172 0.013963
3 3 0.006363 0.012622 0.152935 0.821221 0.006859
3 3 0.003079 0.008359 0.157126 0.824719 0.006717
3 3 0.003284 0.007930 0.147778 0.834849 0.006159
3 3 0.006228 0.014831 0.220826 0.742176 0.015938
3 3 0.007024 0.015995 0.209831 0.753170 0.013979
3 3 0.016360 0.029533 0.255764 0.673555 0.024788
3 3 0.012115 0.032936 0.349743 0.554927 0.050279
3 3 0.007023 0.018968 0.251922 0.701461 0.020627
3 3 0.015318 0.029909 0.298696 0.621037 0.035039
3 3 0.011648 0.021587 0.225998 0.724058 0.016709
3 3 0.004755 0.011797 0.184415 0.789621 0.009412
3 3 0.003037 0.008799 0.177814 0.802154 0.008196
3 3 0.002277 0.006965 0.159323 0.824885 0.006550
3 3 0.002624 0.007806 0.166433 0.815894 0.007243
3 3 0.003583 0.010311 0.186021 0.790655 0.009429
3 3 0.006354 0.015099 0.206359 0.760121 0.012067
3 3 0.008942 0.022675 0.295594 0.644177 0.028612
3 3 0.004075 0.010435 0.184160 0.792142 0.009188
3 3 0.002467 0.006515 0.143142 0.842627 0.005250
3 3 0.001601 0.004344 0.103119 0.888392 0.002544
3 3 0.001756 0.004341 0.094212 0.897563 0.002128
3 3 0.002621 0.005212 0.104403 0.884834 0.002930
3 3 0.004561 0.006894 0.106575 0.878589 0.003382
3 3 0.003309 0.006597 0.126413 0.859150 0.004532
3 3 0.005974 0.009837 0.139622 0.838680 0.005887
3 3 0.004840 0.008997 0.144698 0.835433 0.006032
3 3 0.004277 0.010001 0.174071 0.803194 0.008457
3 3 0.001255 0.003646 0.108439 0.883840 0.002820
3 3 0.001668 0.004427 0.121613 0.868596 0.003696
3 3 0.002238 0.004675 0.102616 0.887732 0.002740
3 3 0.003050 0.006295 0.115292 0.871794 0.003569
3 3 0.012179 0.017873 0.170778 0.789555 0.009615
3 3 0.013581 0.020626 0.197496 0.754945 0.013352
3 3 0.006091 0.010828 0.137575 0.839997 0.005509
3 3 0.004957 0.012255 0.165030 0.810646 0.007112
3 3 0.003089 0.007340 0.119516 0.866653 0.003402
3 3 0.004637 0.010204 0.139550 0.840857 0.004752
3 3 0.015745 0.026892 0.227421 0.713941 0.016001
3 3 0.018007 0.029185 0.216084 0.721781 0.014942
3 3 0.027561 0.033854 0.197595 0.727132 0.013857
3 3 0.020346 0.023867 0.168125 0.777971 0.009691
3 3 0.014012 0.016365 0.126323 0.838098 0.005203
3 3 0.022433 0.021660 0.151054 0.796691 0.008162
3 3 0.010850 0.014959 0.138171 0.830357 0.005663
3 3 0.005193 0.007766 0.100830 0.883488 0.002723
3 3 0.012055 0.014597 0.138373 0.829056 0.005920
3 3 0.012578 0.015121 0.134776 0.832041 0.005484
3 3 0.010222 0.014745 0.137630 0.832017 0.005386
3 3 0.010931 0.012876 0.122602 0.849162 0.004429
3 3 0.029037 0.027312 0.177138 0.755547 0.010965
3 3 0.010385 0.015905 0.154444 0.812405 0.006862
3 3 0.011291 0.020631 0.204792 0.750612 0.012674
3 3 0.002877 0.007166 0.124794 0.861410 0.003753
3 3 0.004630 0.009164 0.127803 0.854294 0.004108
3 3 0.004181 0.011417 0.170356 0.806761 0.007285
3 3 0.006412 0.013863 0.181012 0.789777 0.008936
3 3 0.037375 0.045273 0.263512 0.625488 0.028352
3 3 0.030760 0.031431 0.171697 0.755617 0.010496
3 3 0.071373 0.051587 0.185465 0.677027 0.014548
3 3 0.116909 0.066203 0.191085 0.607485 0.018317
3 3 0.047940 0.029565 0.142569 0.771740 0.008185
3 3 0.030639 0.022646 0.130643 0.809490 0.006581
3 3 0.018094 0.013525 0.099137 0.865730 0.003514
3 3 0.036593 0.024514 0.132503 0.799675 0.006714
3 3 0.027210 0.022900 0.144556 0.798000 0.007333
3 3 0.026640 0.025336 0.154604 0.785429 0.007991
3 3 0.013740 0.018422 0.150771 0.810275 0.006792
3 3 0.007478 0.012524 0.137292 0.837475 0.005232
3 3 0.009835 0.015608 0.163677 0.802848 0.008032
3 3 0.011069 0.013819 0.152907 0.814422 0.007782
3 3 0.026191 0.027179 0.194293 0.737526 0.014811
3 3 0.023994 0.032762 0.225819 0.699216 0.018209
3 3 0.031166 0.036127 0.199457 0.719447 0.013802
3 3 0.026460 0.032436 0.201601 0.726217 0.013287
3 3 0.041274 0.034496 0.164407 0.749232 0.010591
3 3 0.022072 0.021880 0.134864 0.814920 0.006264
3 3 0.048427 0.040437 0.168124 0.732020 0.010992
3 3 0.044415 0.034560 0.160250 0.750892 0.009882
3 3 0.058966 0.049286 0.209584 0.664330 0.017834
3 3 0.021658 0.023170 0.156881 0.790482 0.007809
3 3 0.016210 0.023585 0.202464 0.745177 0.012564
3 3 0.005118 0.009059 0.126449 0.855263 0.004110
3 3 0.004189 0.006725 0.099288 0.887183 0.002615
3 3 0.008315 0.012576 0.138468 0.834791 0.005850
3 3 0.003098 0.005943 0.097149 0.891323 0.002487
3 3 0.011973 0.015565 0.144164 0.821717 0.006581
3 3 0.006976 0.007743 0.083926 0.899197 0.002157
3 3 0.039513 0.031351 0.162008 0.756550 0.010578
3 3 0.069812 0.043458 0.153528 0.722753 0.010448
3 3 0.127280 0.061219 0.161710 0.635158 0.014632
3 3 0.185129 0.084419 0.197840 0.504350 0.028262
3 3 0.068973 0.057172 0.226665 0.621429 0.025761
3 3 0.031446 0.038894 0.229901 0.678061 0.021698
3 3 0.022624 0.047214 0.360576 0.507066 0.062521
2 3 0.016517 0.049757 0.455710 0.194011 0.284006
2 1 0.012173 0.038365 0.464885 0.253705 0.230872
2 1 0.020284 0.054902 0.466875 0.140414 0.317524
2 1 0.022683 0.069512 0.536316 0.091823 0.279667
2 1 0.023810 0.075389 0.538116 0.076971 0.285714
2 1 0.023969 0.078621 0.578609 0.086555 0.232246
2 1 0.026176 0.075113 0.521414 0.092825 0.284472
4 1 0.026996 0.064641 0.311056 0.038104 0.559203
4 1 0.022472 0.054146 0.324287 0.051031 0.548065
4 1 0.022478 0.054464 0.307813 0.043187 0.572059
4 1 0.035571 0.072993 0.283812 0.039600 0.568023
4 1 0.046171 0.086506 0.238621 0.026490 0.602212
4 4 0.041245 0.080850 0.215167 0.019118 0.643620
4 4 0.031539 0.068083 0.261421 0.029732 0.609225
4 4 0.027105 0.068195 0.267179 0.020805 0.616717
4 4 0.032235 0.069237 0.237077 0.022783 0.638668
4 4 0.023290 0.056435 0.210046 0.014918 0.695310
4 4 0.015437 0.043323 0.191537 0.010561 0.739143
4 4 0.022532 0.055082 0.174768 0.009270 0.738349
4 4 0.016689 0.045535 0.188520 0.010348 0.738907
4 4 0.026688 0.061514 0.229373 0.019599 0.662825
4 4 0.018469 0.048670 0.236617 0.019147 0.677097
4 4 0.019461 0.050187 0.265195 0.026585 0.638572
4 4 0.019557 0.050294 0.271931 0.028589 0.629629
4 4 0.031330 0.067505 0.293682 0.041816 0.565668
4 4 0.029222 0.065071 0.333855 0.060958 0.510894
4 4 0.028482 0.061839 0.351664 0.074257 0.483758
2 4 0.014502 0.040689 0.455608 0.223349 0.265852
2 4 0.010525 0.034292 0.479246 0.251685 0.224251
2 4 0.009660 0.036247 0.517878 0.267017 0.169199
2 4 0.014182 0.043375 0.489190 0.194968 0.258285
2 4 0.011576 0.045795 0.586325 0.190187 0.166117
2 4 0.013558 0.051329 0.567655 0.175087 0.192370
2 4 0.018989 0.064551 0.534059 0.127365 0.255036
2 2 0.012648 0.043136 0.509177 0.213342 0.221696
2 2 0.012749 0.040590 0.487296 0.225988 0.233377
2 2 0.006628 0.027966 0.510688 0.332053 0.122666
2 2 0.010055 0.037985 0.527493 0.264586 0.159881
2 2 0.019515 0.068231 0.551768 0.191444 0.169042
2 2 0.042058 0.116139 0.518552 0.140183 0.183067
4 2 0.030490 0.072751 0.395220 0.067181 0.434358
2 2 0.020195 0.055478 0.473557 0.107505 0.343265
2 2 0.011864 0.043485 0.559208 0.196388 0.189054
2 2 0.006135 0.025451 0.490110 0.369292 0.109012
2 2 0.007558 0.029510 0.507172 0.336780 0.118980
2 2 0.007978 0.031281 0.491181 0.355863 0.113697
2 2 0.012574 0.046707 0.527246 0.265526 0.147947
2 2 0.013575 0.047848 0.502855 0.290424 0.145298
2 2 0.028873 0.068383 0.419488 0.159748 0.323509
2 2 0.025058 0.064160 0.437703 0.216010 0.257069
3 3 0.006358 0.027772 0.410177 0.468591 0.087102
2 3 0.010793 0.041651 0.438968 0.384510 0.124077
3 3 0.012709 0.037250 0.383827 0.487946 0.078268
2 3 0.044924 0.085556 0.417133 0.236192 0.216195
2 3 0.062543 0.105220 0.400034 0.241603 0.190600
2 3 0.147252 0.126505 0.330497 0.195898 0.199848
0 3 0.409784 0.151466 0.186426 0.118532 0.133792
0 3 0.448801 0.167328 0.163805 0.103884 0.116181
0 3 0.395333 0.181629 0.183210 0.118366 0.121461
2 3 0.127316 0.125313 0.327196 0.289592 0.130583
0 3 0.443235 0.197144 0.109568 0.021418 0.228635
2 3 0.235928 0.194488 0.318472 0.105576 0.145535
2 3 0.051915 0.103960 0.415334 0.164024 0.264766
2 3 0.016064 0.053540 0.461389 0.380546 0.088461
2 3 0.011708 0.043856 0.475079 0.329824 0.139533
2 3 0.009639 0.034030 0.453958 0.345149 0.157224
3 3 0.005715 0.024235 0.428913 0.436543 0.104595
2 3 0.010362 0.036858 0.454955 0.339323 0.158502
2 3 0.006324 0.026545 0.432308 0.426513 0.108310
3 3 0.009010 0.033758 0.415476 0.439496 0.102260
3 3 0.005129 0.024286 0.398145 0.497551 0.074890
3 3 0.017449 0.044487 0.394527 0.439640 0.103897
3 3 0.028611 0.057884 0.393996 0.408121 0.111388
2 3 0.036736 0.076187 0.412558 0.334340 0.140178
2 3 0.017972 0.057124 0.443344 0.345082 0.136477
3 3 0.012333 0.042012 0.411074 0.443709 0.090871
3 3 0.022126 0.045831 0.347220 0.521993 0.062831
3 3 0.041456 0.061154 0.316442 0.519556 0.061393
3 3 0.067452 0.093177 0.338073 0.410979 0.090319
2 3 0.120912 0.135560 0.336290 0.264580 0.142658
2 3 0.040220 0.081856 0.402232 0.346280 0.129412
3 3 0.028118 0.062921 0.389501 0.427244 0.092217
3 3 0.017812 0.038525 0.318780 0.578457 0.046427
3 3 0.017278 0.032674 0.290303 0.621153 0.038592
2 3 0.041141 0.078275 0.396285 0.364173 0.120126
3 3 0.070387 0.090950 0.350842 0.390993 0.096828
2 3 0.146340 0.132315 0.320367 0.282923 0.118055
2 3 0.151757 0.122426 0.312983 0.312181 0.100653
2 3 0.167802 0.147125 0.318254 0.226338 0.140481
3 3 0.059352 0.064605 0.274011 0.563006 0.039026
3 3 0.093191 0.100785 0.344305 0.365125 0.096595
3 3 0.016813 0.027547 0.228725 0.706845 0.020070
3 3 0.022624 0.046011 0.334129 0.546531 0.050705
3 3 0.012254 0.033231 0.305864 0.613854 0.034797
3 3 0.022545 0.039585 0.297988 0.602164 0.037718
3 3 0.030402 0.056877 0.361402 0.483243 0.068077
3 3 0.019691 0.048229 0.397013 0.449007 0.086060
2 3 0.010047 0.037788 0.436177 0.416825 0.099164
2 3 0.076772 0.098131 0.397418 0.209574 0.218105
0 3 0.460438 0.146337 0.166335 0.089400 0.137490
3 3 0.005807 0.028967 0.432229 0.441560 0.091437
2 3 0.004365 0.024699 0.451935 0.418095 0.100907
3 3 0.006046 0.029366 0.419683 0.458172 0.086734
2 3 0.045008 0.091939 0.417248 0.203244 0.242561
0 3 0.384468 0.176005 0.174371 0.066648 0.198509
0 3 0.539553 0.146633 0.127126 0.105234 0.081454
0 3 0.539554 0.146975 0.124546 0.126220 0.062706
0 3 0.466855 0.179934 0.177489 0.119680 0.056043
0 3 0.399871 0.169912 0.187490 0.140579 0.102148
2 3 0.181377 0.135905 0.292130 0.291408 0.099180
3 3 0.040835 0.068815 0.378873 0.411898 0.099579
2 3 0.015990 0.051451 0.440026 0.367019 0.125515
2 3 0.016974 0.062285 0.468315 0.211203 0.241224
2 3 0.019142 0.062273 0.446899 0.150578 0.321108
2 3 0.008652 0.037418 0.455867 0.366633 0.131429
3 3 0.006863 0.028112 0.390214 0.501336 0.073475
3 3 0.018800 0.040651 0.341438 0.540217 0.058894
2 3 0.057129 0.090089 0.395107 0.297927 0.159749
3 3 0.046390 0.078134 0.368347 0.403988 0.103140
3 3 0.034167 0.060557 0.327536 0.515489 0.062251
2 3 0.053455 0.146281 0.493849 0.045123 0.261292
2 3 0.035366 0.109586 0.528762 0.079871 0.246415
2 3 0.060448 0.150434 0.410623 0.057893 0.320601
4 3 0.048571 0.105025 0.327591 0.064890 0.453923
4 3 0.053843 0.113004 0.304838 0.053346 0.474969
2 3 0.013735 0.050987 0.469613 0.267796 0.197868
2 3 0.014035 0.048889 0.469542 0.206365 0.261168
2 3 0.009394 0.034887 0.477818 0.261899 0.216003
2 3 0.009737 0.034930 0.466681 0.305362 0.183290
2 3 0.013848 0.044025 0.460993 0.270697 0.210437
2 3 0.011404 0.037858 0.440269 0.366189 0.144280
2 3 0.016639 0.056612 0.496633 0.281518 0.148598
2 3 0.007280 0.033293 0.452890 0.422625 0.083912
2 3 0.015509 0.051359 0.451414 0.309807 0.171911
2 3 0.009008 0.036112 0.434988 0.404822 0.115070
2 3 0.017286 0.054739 0.444452 0.316336 0.167187
2 3 0.046046 0.094662 0.393352 0.137226 0.328714
2 3 0.038467 0.082117 0.417155 0.284231 0.178030
2 3 0.116457 0.128317 0.350390 0.213824 0.191011
2 3 0.202763 0.147582 0.290806 0.159697 0.199152
3 3 0.005179 0.025569 0.391188 0.509374 0.068690
3 3 0.005002 0.018609 0.298556 0.645516 0.032317
3 3 0.007984 0.018596 0.221815 0.734483 0.017122
3 3 0.007070 0.017491 0.196238 0.767073 0.012128
3 3 0.007634 0.016174 0.167439 0.800120 0.008634
3 3 0.017078 0.027488 0.208593 0.729910 0.016931
3 3 0.070958 0.063980 0.256122 0.568054 0.040887
3 3 0.100378 0.096034 0.308619 0.415521 0.079448
3 3 0.214596 0.137856 0.269098 0.279630 0.098820
3 3 0.114103 0.084664 0.256375 0.499397 0.045461
3 3 0.120264 0.089515 0.257126 0.488464 0.044631
3 3 0.175871 0.107212 0.262489 0.392389 0.062039
3 3 0.053890 0.062694 0.309804 0.518633 0.054979
3 3 0.028392 0.041657 0.273801 0.621532 0.034618
3 3 0.008551 0.015268 0.175514 0.790227 0.010440
3 3 0.006860 0.015941 0.204110 0.759433 0.013656
3 3 0.009406 0.024097 0.275670 0.661930 0.028897
3 3 0.011124 0.024772 0.285762 0.645123 0.033220
3 3 0.054038 0.065358 0.336820 0.471384 0.072401
3 3 0.042193 0.038406 0.199213 0.701868 0.018319
0 3 0.648593 0.131454 0.090627 0.061358 0.067968
0 3 0.749808 0.116840 0.053871 0.029302 0.050180
0 3 0.682644 0.147512 0.073121 0.026177 0.070545
0 3 0.394210 0.224554 0.198038 0.039638 0.143560
0 3 0.271118 0.198069 0.222220 0.048449 0.260144
2 3 0.261276 0.215112 0.308384 0.072414 0.142814
2 3 0.158942 0.189910 0.352816 0.053753 0.244580
2 3 0.246693 0.248585 0.358833 0.049471 0.096418
0 3 0.464873 0.236753 0.207292 0.032954 0.058128
0 0 0.489429 0.246216 0.188343 0.020882 0.055130
0 0 0.482246 0.221767 0.234115 0.039689 0.022183
0 0 0.690184 0.161181 0.083183 0.019831 0.045621
0 0 0.786543 0.112715 0.033941 0.008851 0.057950
0 0 0.729443 0.133268 0.033372 0.004368 0.099549
0 0 0.595404 0.166632 0.043205 0.003438 0.191322
0 0 0.594686 0.164169 0.037478 0.002358 0.201309
0 0 0.495384 0.175618 0.038238 0.001570 0.289190
4 1 0.261025 0.170679 0.038070 0.000727 0.529498
4 1 0.217894 0.185986 0.077809 0.003636 0.514674
4 4 0.090395 0.128824 0.120071 0.006151 0.654559
4 4 0.026013 0.060371 0.175977 0.009819 0.727820
4 4 0.027390 0.062028 0.148041 0.006520 0.756020
4 4 0.036926 0.074658 0.135159 0.005730 0.747527
4 4 0.036762 0.074801 0.152131 0.007617 0.728688
4 4 0.046972 0.086850 0.136552 0.006366 0.723260
4 4 0.074560 0.127586 0.175548 0.010110 0.612196
4 4 0.095867 0.134922 0.152213 0.011211 0.605787
4 4 0.071850 0.132881 0.229847 0.016013 0.549410
4 4 0.064552 0.106135 0.156073 0.009995 0.663245
4 4 0.057715 0.098240 0.123174 0.005364 0.715507
4 4 0.040715 0.079365 0.134259 0.005820 0.739840
4 4 0.028648 0.063545 0.133742 0.005175 0.768890
4 4 0.026488 0.060643 0.143591 0.006000 0.763278
4 4 0.045405 0.084955 0.133683 0.005977 0.729981
4 4 0.027131 0.061274 0.128860 0.004664 0.778070
4 4 0.023378 0.055748 0.130237 0.004592 0.786045
4 4 0.022321 0.053588 0.108409 0.002950 0.812732
4 4 0.023989 0.056978 0.146472 0.006123 0.766438
4 4 0.023290 0.056068 0.157346 0.007225 0.756071
4 4 0.016942 0.045757 0.160430 0.006971 0.769900
4 4 0.024312 0.057757 0.168498 0.008648 0.740785
4 4 0.020476 0.051696 0.162547 0.007556 0.757725
4 4 0.023160 0.056238 0.212896 0.015426 0.692280
4 4 0.024171 0.057789 0.215808 0.016184 0.686049
4 4 0.037019 0.075584 0.199053 0.014994 0.673350
4 4 0.029327 0.065249 0.190581 0.012438 0.702405
4 4 0.026730 0.061422 0.175838 0.009877 0.726134
4 4 0.017196 0.046249 0.165590 0.007560 0.763405
4 4 0.020602 0.052001 0.172787 0.008796 0.745815
4 4 0.025027 0.058526 0.145778 0.006124 0.764545
4 4 0.017275 0.046358 0.162900 0.007271 0.766196
4 4 0.025706 0.058985 0.119953 0.003880 0.791477
4 4 0.031490 0.066579 0.103701 0.002925 0.795304
4 4 0.045831 0.085275 0.127596 0.005363 0.735935
4 4 0.049941 0.090690 0.158221 0.009330 0.691819
4 4 0.048306 0.088819 0.157078 0.009051 0.696745
4 4 0.048750 0.089229 0.151745 0.008340 0.701936
4 4 0.033848 0.070823 0.142280 0.006308 0.746741
4 4 0.055607 0.095490 0.110346 0.004075 0.734482
4 4 0.043765 0.082472 0.116157 0.004225 0.753381
4 4 0.027989 0.063381 0.231569 0.020409 0.656652
4 4 0.021170 0.052838 0.277085 0.030896 0.618010
4 4 0.024588 0.061352 0.334465 0.055361 0.524235
4 4 0.025457 0.059207 0.288269 0.036812 0.590255
4 4 0.031157 0.067379 0.275556 0.034505 0.591403
4 4 0.025158 0.058297 0.315190 0.048383 0.552973
4 4 0.028487 0.071175 0.341730 0.039735 0.518873
4 4 0.032105 0.085005 0.326590 0.024761 0.531539
4 4 0.049865 0.120899 0.304516 0.018047 0.506673
2 4 0.040101 0.133051 0.458981 0.022654 0.345213
4 4 0.042343 0.117079 0.336835 0.017244 0.486500
4 4 0.040975 0.086925 0.268143 0.025749 0.578208
4 4 0.043582 0.084961 0.235091 0.023296 0.613070
4 4 0.039930 0.090204 0.316741 0.032936 0.520189
4 4 0.052903 0.093922 0.243420 0.029693 0.580062
4 4 0.073749 0.122824 0.248567 0.028467 0.526393
4 4 0.199208 0.189801 0.216916 0.034038 0.360036
0 4 0.390114 0.201743 0.099226 0.012452 0.296464
0 1 0.376536 0.202957 0.105317 0.013913 0.301276
4 1 0.139989 0.161642 0.153009 0.014319 0.531042
4 1 0.041266 0.098659 0.349705 0.033910 0.476461
4 1 0.059677 0.125650 0.242507 0.013740 0.558425
4 1 0.053950 0.108013 0.215904 0.013479 0.608654
4 1 0.079481 0.130349 0.148006 0.007127 0.635038
4 1 0.115591 0.153230 0.123690 0.006678 0.600811
0 0 0.370993 0.200544 0.087763 0.008233 0.332466
0 0 0.555690 0.179227 0.070178 0.010488 0.184417
0 0 0.433839 0.191632 0.063032 0.004386 0.307111
0 0 0.442628 0.190473 0.061120 0.004192 0.301587
4 1 0.096777 0.129923 0.067341 0.001648 0.704312
4 1 0.031620 0.066238 0.091356 0.002186 0.808600
4 1 0.015315 0.041775 0.097360 0.002098 0.843452
4 1 0.010858 0.033427 0.096977 0.001924 0.856815
4 1 0.010878 0.033649 0.105757 0.002348 0.847368
4 1 0.027114 0.061875 0.165527 0.008538 0.736947
4 1 0.027587 0.062804 0.232392 0.020512 0.656705
4 1 0.025642 0.059644 0.275649 0.032322 0.606743
4 1 0.025217 0.058847 0.288918 0.036945 0.590072
4 1 0.025572 0.059735 0.255975 0.026130 0.632588
4 1 0.048114 0.094468 0.254573 0.025314 0.577529
4 1 0.186790 0.240377 0.152675 0.006188 0.413969
4 1 0.212733 0.181840 0.121438 0.010265 0.473723
4 1 0.282250 0.187882 0.114681 0.011038 0.404149
0 1 0.626167 0.163126 0.053371 0.007414 0.149922
0 0 0.705915 0.140801 0.037895 0.005094 0.110295
0 0 0.882314 0.072916 0.013668 0.002890 0.028212
0 0 0.915146 0.054458 0.011716 0.005039 0.013641
0 0 0.942345 0.039412 0.007163 0.003523 0.007557
0 0 0.949541 0.035455 0.005842 0.002749 0.006413
0 0 0.945216 0.036782 0.007222 0.004557 0.006223
0 0 0.929871 0.047316 0.008434 0.003074 0.011305
0 0 0.834241 0.093498 0.025221 0.007328 0.039712
0 0 0.681584 0.148405 0.045788 0.007186 0.117037
0 0 0.570268 0.174660 0.055936 0.006006 0.193131
0 0 0.493336 0.183300 0.073833 0.008205 0.241326
0 0 0.513957 0.183525 0.058905 0.005180 0.238433
0 0 0.618528 0.165137 0.065364 0.012832 0.138139
0 0 0.750723 0.122864 0.047294 0.016837 0.062282
0 1 0.617099 0.165634 0.058826 0.009245 0.149196
0 1 0.683540 0.147771 0.044363 0.006657 0.117669
4 1 0.314962 0.197230 0.079172 0.005145 0.403490
0 1 0.410534 0.209162 0.075290 0.004532 0.300483
4 1 0.187762 0.177060 0.070513 0.002615 0.562050
4 1 0.136056 0.156781 0.082558 0.003128 0.621478
4 1 0.322735 0.194740 0.070793 0.003969 0.407763
0 1 0.447356 0.191422 0.064704 0.004958 0.291560
0 0 0.568217 0.171149 0.044026 0.003127 0.213480
0 0 0.771678 0.118881 0.027104 0.003694 0.078642
0 0 0.720853 0.135542 0.037779 0.005671 0.100156
0 0 0.739284 0.130268 0.033492 0.004847 0.092109
0 0 0.657555 0.152990 0.038429 0.003670 0.147357
0 0 0.570111 0.173345 0.050822 0.004623 0.201098
0 0 0.426904 0.186179 0.049988 0.002363 0.334566
4 0 0.224948 0.174203 0.050322 0.001282 0.549245
0 0 0.430544 0.185503 0.048945 0.002272 0.332735
0 0 0.737023 0.131030 0.033951 0.004932 0.093065
0 0 0.857743 0.084263 0.018038 0.003945 0.036011
0 0 0.886310 0.070861 0.013598 0.003147 0.026084
0 0 0.910334 0.058799 0.009623 0.002156 0.019088
0 0 0.948483 0.036210 0.005911 0.002650 0.006745
0 0 0.939415 0.042439 0.006236 0.001814 0.010096
0 0 0.938926 0.042557 0.006569 0.002098 0.009850
0 0 0.936643 0.043357 0.007522 0.002947 0.009532
0 0 0.948986 0.036631 0.005109 0.001651 0.007624
0 0 0.977806 0.016751 0.002152 0.001739 0.001553
0 0 0.980237 0.015367 0.001748 0.001248 0.001400
0 0 0.987677 0.009619 0.001005 0.001141 0.000559
0 0 0.975996 0.018950 0.001910 0.000807 0.002337
0 0 0.971893 0.022051 0.002085 0.000632 0.003339
0 0 0.952074 0.034406 0.005073 0.001999 0.006448
0 0 0.951758 0.034483 0.005224 0.002165 0.006370
0 0 0.955952 0.031962 0.004578 0.001889 0.005618
0 0 0.971396 0.021808 0.002660 0.001355 0.002781
0 0 0.974986 0.018744 0.002494 0.001855 0.001920
0 0 0.976923 0.017722 0.002133 0.001403 0.001819
0 0 0.978015 0.016631 0.002118 0.001699 0.001538
0 0 0.972180 0.019559 0.003157 0.003243 0.001862
0 0 0.972377 0.019742 0.003062 0.002873 0.001945
0 0 0.973795 0.020098 0.002410 0.001327 0.002370
0 0 0.968452 0.023917 0.002937 0.001335 0.003361
0 0 0.953655 0.032892 0.005275 0.002614 0.005564
0 0 0.971983 0.021855 0.002240 0.000805 0.003116
0 0 0.973549 0.020853 0.001982 0.000654 0.002962
0 0 0.968653 0.023792 0.002904 0.001314 0.003337
0 0 0.955041 0.032273 0.004911 0.002253 0.005522
0 0 0.913622 0.054453 0.012614 0.006272 0.013040
0 0 0.737341 0.131042 0.038367 0.007107 0.086142
4 0 0.367626 0.192539 0.062011 0.003299 0.374524
4 0 0.265706 0.195402 0.085890 0.005398 0.447603
4 1 0.098100 0.131079 0.068108 0.001702 0.701010
4 1 0.071690 0.111374 0.105736 0.004079 0.707121
4 1 0.029003 0.064807 0.193737 0.012926 0.699527
4 1 0.036256 0.074555 0.187428 0.012755 0.689006
4 1 0.027724 0.062728 0.163227 0.008302 0.738018
4 4 0.039941 0.078802 0.152215 0.007838 0.721204
4 4 0.025910 0.059536 0.130416 0.004738 0.779401
4 4 0.024195 0.056393 0.107294 0.002942 0.809177
4 4 0.019183 0.048297 0.097200 0.002206 0.833114
4 4 0.013017 0.036437 0.062178 0.000734 0.887634
4 4 0.008492 0.027688 0.064682 0.000732 0.898407
4 4 0.011727 0.035322 0.105424 0.002370 0.845156
4 4 0.011543 0.034287 0.078565 0.001208 0.874397
4 4 0.010796 0.032444 0.066758 0.000826 0.889176
4 4 0.010502 0.031479 0.056820 0.000573 0.900625
4 4 0.010409 0.031060 0.051557 0.000461 0.906513
4 4 0.008712 0.027725 0.053054 0.000473 0.910036
4 4 0.010002 0.031263 0.079327 0.001197 0.878210
4 4 0.010976 0.033670 0.097328 0.001944 0.856082
4 4 0.016136 0.043376 0.103632 0.002452 0.834405
4 4 0.019391 0.048600 0.096144 0.002157 0.833708
4 4 0.024075 0.055345 0.083813 0.001666 0.835100
4 4 0.022347 0.052626 0.080663 0.001498 0.842866
4 4 0.015837 0.042899 0.105358 0.002536 0.833370
4 4 0.020118 0.048937 0.074945 0.001235 0.854764
4 4 0.008198 0.027911 0.100581 0.001970 0.861341
4 4 0.006512 0.023401 0.068924 0.000799 0.900365
4 4 0.010844 0.033488 0.101089 0.002115 0.852464
4 4 0.008530 0.028624 0.099550 0.001940 0.861356
4 4 0.011315 0.034514 0.105468 0.002354 0.846348
4 4 0.012296 0.036423 0.105331 0.002391 0.843559
4 4 0.009635 0.031262 0.115352 0.002797 0.840954
4 4 0.007182 0.025803 0.113797 0.002548 0.850670
4 4 0.009821 0.031504 0.106587 0.002339 0.849750
4 4 0.012824 0.038105 0.147467 0.005320 0.796284
4 4 0.016139 0.044366 0.162147 0.007069 0.770279
4 4 0.018584 0.048806 0.192038 0.011147 0.729426
4 4 0.021067 0.052668 0.277822 0.031089 0.617353
4 4 0.018636 0.048678 0.283424 0.031770 0.617491
4 4 0.013555 0.039362 0.323213 0.043166 0.580704
4 4 0.012115 0.036865 0.299046 0.033031 0.618943
4 4 0.012922 0.038629 0.265983 0.023996 0.658470
4 4 0.013422 0.039670 0.223345 0.015127 0.708436
4 4 0.016689 0.045627 0.225038 0.016308 0.696338
4 2 0.019680 0.050686 0.234710 0.019067 0.675856
4 2 0.026913 0.061861 0.217224 0.017002 0.676999
4 2 0.032591 0.069796 0.212213 0.016985 0.668415
4 2 0.036271 0.074542 0.235589 0.023328 0.630269
4 2 0.039236 0.090220 0.271217 0.020529 0.578798
4 2 0.033442 0.077554 0.231358 0.015395 0.642252
4 2 0.028847 0.064529 0.183881 0.011302 0.711441
4 2 0.041750 0.080825 0.142563 0.006783 0.728079
4 2 0.057657 0.098914 0.148891 0.008488 0.686050
4 2 0.039023 0.076511 0.109951 0.003577 0.770938
4 2 0.034229 0.070912 0.125099 0.004654 0.765106
4 2 0.039786 0.076483 0.088966 0.002204 0.792561
4 2 0.233319 0.172305 0.054776 0.001555 0.538045
0 2 0.458089 0.183028 0.046571 0.002223 0.310089
0 2 0.606794 0.157095 0.028987 0.001301 0.205822
0 2 0.614317 0.164740 0.048131 0.005138 0.167674
4 2 0.273062 0.242035 0.105503 0.003444 0.375955
4 2 0.066647 0.149475 0.258789 0.011619 0.513470
4 2 0.038497 0.090678 0.286955 0.022290 0.561580
4 2 0.031078 0.067266 0.300850 0.044831 0.555975
4 2 0.026853 0.065846 0.385714 0.064516 0.457072
4 2 0.019757 0.049247 0.355890 0.067235 0.507872
4 2 0.018129 0.046917 0.345266 0.058613 0.531075
4 2 0.015350 0.041384 0.383211 0.081523 0.478533
4 2 0.016808 0.043844 0.381232 0.082529 0.475588
4 2 0.017804 0.044823 0.397726 0.101419 0.438228
4 2 0.018742 0.045799 0.406043 0.115024 0.414392
2 2 0.023637 0.075744 0.515338 0.063747 0.321534
2 3 0.014748 0.052771 0.560471 0.105699 0.266311
2 3 0.015827 0.048573 0.478362 0.093039 0.364198
2 3 0.011757 0.039555 0.496053 0.179935 0.272700
4 3 0.014947 0.042561 0.409072 0.101303 0.432117
4 3 0.017003 0.044993 0.348798 0.059449 0.529757
4 3 0.017116 0.044982 0.357803 0.065212 0.514886
2 3 0.011689 0.036421 0.445209 0.139784 0.366897
2 3 0.004865 0.020897 0.465399 0.362616 0.146223
2 3 0.004373 0.019815 0.462422 0.378270 0.135119
3 3 0.002755 0.013956 0.402707 0.504351 0.076231
3 3 0.002520 0.012928 0.402703 0.505901 0.075948
3 3 0.001529 0.009681 0.378718 0.554282 0.055790
3 3 0.002045 0.011432 0.393504 0.525856 0.067163
2 3 0.004207 0.018309 0.447470 0.407988 0.122025
2 3 0.003423 0.015995 0.440497 0.431053 0.109031
3 3 0.002748 0.014455 0.416016 0.484659 0.082123
3 3 0.002316 0.013403 0.384980 0.538545 0.060756
3 3 0.003366 0.016990 0.398732 0.507731 0.073180
2 3 0.004183 0.019019 0.437338 0.432052 0.107408
2 3 0.006754 0.032743 0.458023 0.381835 0.120645
3 3 0.003776 0.022238 0.424463 0.470695 0.078827
3 3 0.002285 0.015231 0.381475 0.547744 0.053265
2 3 0.005645 0.028096 0.469999 0.364018 0.132242
3 3 0.002864 0.017577 0.418713 0.486760 0.074086
3 3 0.001266 0.009691 0.348475 0.601480 0.039087
3 3 0.001241 0.009518 0.365109 0.579782 0.044348
3 3 0.001362 0.010943 0.380937 0.558890 0.047869
3 3 0.001098 0.010163 0.363052 0.587310 0.038377
3 3 0.001272 0.011826 0.379738 0.564331 0.042832
2 3 0.003080 0.022576 0.488385 0.374007 0.111952
3 3 0.002281 0.017297 0.440998 0.464016 0.075409
3 3 0.003071 0.019098 0.410616 0.501726 0.065489
3 3 0.002255 0.012689 0.329921 0.618185 0.036951
3 3 0.001309 0.009366 0.294606 0.670417 0.024302
3 3 0.001765 0.010253 0.264396 0.704176 0.019410
3 3 0.005486 0.024057 0.379190 0.537301 0.053967
3 3 0.006829 0.025453 0.344781 0.581746 0.041192
3 3 0.004394 0.022287 0.377637 0.547832 0.047849
2 3 0.003889 0.024511 0.453722 0.434241 0.083636
3 3 0.007237 0.026425 0.352938 0.566620 0.046781
3 3 0.006283 0.020025 0.285678 0.660848 0.027165
3 3 0.008498 0.023060 0.268111 0.676232 0.024099
3 3 0.008932 0.022866 0.268899 0.674638 0.024664
3 3 0.016951 0.039435 0.331741 0.566141 0.045731
3 3 0.017492 0.037176 0.301586 0.607576 0.036171
3 3 0.015496 0.034432 0.310384 0.602410 0.037277
3 3 0.010610 0.029038 0.337755 0.579017 0.043580
3 3 0.013227 0.038780 0.388615 0.492801 0.066577
3 3 0.017078 0.045428 0.404605 0.452942 0.079948
3 3 0.009249 0.026312 0.311286 0.618932 0.034220
3 3 0.003433 0.013796 0.263724 0.699448 0.019600
3 3 0.013050 0.034707 0.351969 0.549274 0.051000
3 3 0.004734 0.016089 0.263346 0.694440 0.021392
3 3 0.012106 0.030727 0.323953 0.593091 0.040123
3 3 0.004495 0.017241 0.289076 0.663943 0.025244
3 3 0.003568 0.009929 0.163905 0.815354 0.007244
3 3 0.013751 0.028153 0.270342 0.660859 0.026894
3 3 0.015698 0.041009 0.356072 0.533718 0.053503
3 3 0.020476 0.043727 0.322803 0.570075 0.042919
2 3 0.014833 0.045717 0.425624 0.422714 0.091112
3 3 0.009332 0.024367 0.315143 0.614492 0.036666
3 3 0.012162 0.031652 0.381648 0.507121 0.067417
3 3 0.009732 0.029736 0.408056 0.471667 0.080810
2 3 0.014999 0.041118 0.429217 0.414276 0.100391
3 3 0.010370 0.030348 0.364813 0.542146 0.052323
3 3 0.008684 0.032517 0.395085 0.502827 0.060887
3 3 0.009650 0.031312 0.378973 0.524219 0.055846
2 3 0.036093 0.066859 0.402033 0.394343 0.100672
3 3 0.012034 0.026452 0.282549 0.650267 0.028698
3 3 0.020858 0.039952 0.323716 0.570887 0.044588
3 3 0.009916 0.021615 0.254273 0.692048 0.022148
3 3 0.011874 0.028807 0.313853 0.608101 0.037365
3 3 0.008176 0.026358 0.344063 0.578569 0.042834
3 3 0.001871 0.009115 0.222359 0.754687 0.011968
3 3 0.003067 0.011288 0.224237 0.748358 0.013050
3 3 0.004893 0.013496 0.225849 0.740908 0.014854
3 3 0.010916 0.022499 0.228787 0.721227 0.016572
3 3 0.012934 0.024137 0.216885 0.730699 0.015345
3 3 0.004760 0.009713 0.123913 0.857486 0.004127
3 3 0.005375 0.014783 0.245277 0.715212 0.019352
3 3 0.021373 0.033612 0.277216 0.636827 0.030972
3 3 0.019366 0.030697 0.271661 0.649951 0.028326
3 3 0.022659 0.034232 0.266527 0.649019 0.027563
3 3 0.013138 0.022024 0.206647 0.744493 0.013698
3 3 0.010166 0.018054 0.178376 0.784196 0.009208
3 3 0.018323 0.024920 0.198588 0.745105 0.013065
3 3 0.016264 0.024358 0.207482 0.737330 0.014566
3 3 0.032877 0.046048 0.291198 0.594228 0.035650
3 3 0.026937 0.040991 0.295096 0.600967 0.036009
3 3 0.009712 0.020822 0.226812 0.726512 0.016142
3 3 0.009727 0.016665 0.179727 0.784058 0.009823
3 3 0.009620 0.021240 0.247233 0.702698 0.019209
3 3 0.008712 0.017058 0.193394 0.769902 0.010933
3 3 0.005814 0.013922 0.186704 0.784161 0.009400
3 3 0.007836 0.014735 0.162067 0.807978 0.007384
3 3 0.009385 0.016250 0.171744 0.793910 0.008711
3 3 0.010478 0.019878 0.209558 0.746775 0.013312
3 3 0.006762 0.013459 0.175956 0.795246 0.008578
3 3 0.003398 0.010223 0.190309 0.787027 0.009043
3 3 0.013383 0.025314 0.241485 0.701132 0.018686
3 3 0.017846 0.030157 0.251365 0.679109 0.021522
3 3 0.010281 0.022187 0.247509 0.700775 0.019248
3 3 0.016386 0.032271 0.287409 0.633858 0.030076
3 3 0.011141 0.028709 0.291600 0.640019 0.028532
3 3 0.012748 0.038638 0.360463 0.538786 0.049365
3 3 0.011069 0.035105 0.370195 0.529301 0.054329
2 3 0.036654 0.059984 0.403147 0.389299 0.110917
3 3 0.052416 0.058184 0.342642 0.467682 0.079076
3 3 0.118411 0.091016 0.283954 0.443087 0.063531
0 3 0.534616 0.147573 0.126055 0.141140 0.050616
0 3 0.785894 0.105308 0.043869 0.023838 0.041091
0 1 0.749731 0.108841 0.057134 0.053945 0.030349
0 1 0.623326 0.159534 0.114212 0.061758 0.041170
0 1 0.447950 0.228454 0.209238 0.056100 0.058258
0 1 0.267466 0.244068 0.208456 0.023835 0.256175
4 1 0.048095 0.093893 0.321453 0.064607 0.471952
4 1 0.023821 0.055769 0.339919 0.061104 0.519387
4 1 0.026327 0.060327 0.296984 0.040760 0.575602
4 1 0.026617 0.061216 0.261213 0.028023 0.622930
4 1 0.027690 0.062568 0.155036 0.007316 0.747390
4 1 0.029709 0.065536 0.162789 0.008418 0.733547
4 1 0.039800 0.078197 0.132611 0.005608 0.743784
4 1 0.036212 0.074485 0.185294 0.012383 0.691625
4 1 0.039082 0.078118 0.183608 0.012414 0.686778
4 1 0.038447 0.083846 0.308721 0.036477 0.532508
4 1 0.035005 0.083951 0.299871 0.025951 0.555222
4 1 0.039473 0.078638 0.224754 0.021152 0.635982
4 1 0.046378 0.086775 0.169459 0.010772 0.686616
4 1 0.035573 0.073450 0.164155 0.009087 0.717735
4 1 0.052827 0.092506 0.110487 0.004010 0.740169
4 1 0.050125 0.089594 0.111923 0.004057 0.744301
4 1 0.028071 0.063492 0.195757 0.013143 0.699537
4 1 0.024367 0.058077 0.208156 0.014764 0.694635
4 1 0.025216 0.059319 0.237301 0.021111 0.657053
4 1 0.024371 0.057966 0.253609 0.025081 0.638973
4 1 0.023604 0.056064 0.312964 0.046261 0.561107
4 1 0.028804 0.063708 0.301922 0.044292 0.561274
4 1 0.030934 0.067208 0.279066 0.035360 0.587432
4 1 0.028992 0.066391 0.286964 0.033504 0.584149
4 1 0.031815 0.068294 0.358071 0.072457 0.469363
4 1 0.021942 0.053268 0.397233 0.106590 0.420967
4 1 0.027369 0.063229 0.389738 0.105429 0.414235
4 1 0.033516 0.082474 0.335338 0.033581 0.515091
4 1 0.044109 0.090858 0.280903 0.030218 0.553912
4 1 0.058530 0.132457 0.343783 0.027930 0.437300
4 1 0.106303 0.173484 0.297672 0.026510 0.396030
0 1 0.410461 0.194105 0.101082 0.013567 0.280785
0 1 0.639363 0.159945 0.052863 0.007908 0.139921
0 0 0.819319 0.097929 0.031105 0.011480 0.040167
0 0 0.865743 0.077021 0.022479 0.010384 0.024372
0 0 0.961790 0.027632 0.004204 0.002393 0.003981
0 0 0.975409 0.019045 0.002184 0.001184 0.002179
0 0 0.972289 0.021543 0.002304 0.000919 0.002944
0 0 0.957233 0.031250 0.004324 0.001719 0.005474
0 1 0.847178 0.099470 0.030372 0.005942 0.017037
0 1 0.413930 0.290486 0.190011 0.009785 0.095788
4 1 0.059599 0.160409 0.339583 0.023363 0.417045
4 1 0.030490 0.066648 0.262398 0.029702 0.610762
4 1 0.022267 0.054474 0.284344 0.033846 0.605069
4 1 0.018288 0.047866 0.145009 0.005566 0.783270
4 1 0.011198 0.034534 0.119477 0.003137 0.831655
4 1 0.009355 0.030265 0.093250 0.001703 0.865427
4 4 0.006457 0.023292 0.069823 0.000821 0.899607
4 4 0.007163 0.025342 0.088124 0.001417 0.877954
4 4 0.006933 0.024473 0.072755 0.000913 0.894927
4 4 0.012168 0.034971 0.064412 0.000782 0.887667
4 4 0.025680 0.054883 0.043126 0.000384 0.875927
4 4 0.255090 0.150810 0.036073 0.000566 0.557460
0 4 0.530836 0.171951 0.037222 0.001704 0.258287
4 4 0.375871 0.185403 0.047869 0.001778 0.389079
4 4 0.323294 0.189394 0.062406 0.002861 0.422045
4 4 0.062007 0.103425 0.148957 0.008753 0.676858
4 4 0.019857 0.050991 0.219707 0.016042 0.693404
4 4 0.010183 0.033177 0.209472 0.012002 0.735165
4 4 0.008826 0.030160 0.281914 0.025737 0.653364
