0 0 0.704657 0.132870 0.047205 0.004775 0.110493
0 0 0.770567 0.087407 0.026301 0.003658 0.112067
0 0 0.764143 0.059677 0.015167 0.002825 0.158189
0 0 0.677763 0.086713 0.020879 0.001842 0.212802
0 0 0.566980 0.124988 0.028430 0.001103 0.278499
0 0 0.636854 0.121195 0.029739 0.001502 0.210710
0 0 0.463952 0.105204 0.023719 0.001119 0.406007
0 0 0.514748 0.074676 0.013808 0.000725 0.396043
0 0 0.484258 0.100178 0.019502 0.000688 0.395374
0 0 0.568877 0.138568 0.034138 0.001355 0.257062
0 0 0.548626 0.152466 0.041183 0.001733 0.255991
0 0 0.515410 0.139702 0.049352 0.004949 0.290586
0 0 0.688067 0.088812 0.035902 0.011880 0.175338
0 0 0.801783 0.079297 0.033973 0.012551 0.072396
0 0 0.834649 0.078437 0.028091 0.005838 0.052984
0 0 0.825341 0.070697 0.029319 0.011541 0.063101
0 0 0.875113 0.059199 0.019084 0.004420 0.042185
0 0 0.882778 0.056976 0.012384 0.001086 0.046776
0 0 0.885466 0.052403 0.016862 0.004699 0.040570
0 0 0.833939 0.071773 0.027842 0.008646 0.057799
0 0 0.718145 0.109721 0.037850 0.005258 0.129026
0 0 0.782064 0.088726 0.033091 0.007430 0.088689
0 0 0.557669 0.135454 0.043826 0.003760 0.259291
4 0 0.300670 0.172615 0.042437 0.000762 0.483516
4 0 0.156300 0.145579 0.028328 0.000193 0.669600
4 0 0.093997 0.118415 0.022616 0.000121 0.764850
4 1 0.098957 0.163817 0.045099 0.000400 0.691728
4 0 0.124852 0.142991 0.027306 0.000144 0.704707
4 0 0.178807 0.138293 0.024610 0.000164 0.658126
4 0 0.176820 0.155730 0.026472 0.000126 0.640852
4 1 0.113369 0.173782 0.036216 0.000153 0.676481
4 1 0.126095 0.190021 0.028899 0.000045 0.654940
4 1 0.043186 0.199649 0.035985 0.000020 0.721161
4 1 0.018728 0.071038 0.009588 0.000008 0.900638
4 1 0.006758 0.066628 0.012645 0.000007 0.913961
4 1 0.007812 0.047043 0.006241 0.000003 0.938901
4 1 0.010251 0.072563 0.014820 0.000016 0.902350
4 1 0.012975 0.069983 0.017899 0.000056 0.899087
4 4 0.018875 0.079444 0.016971 0.000040 0.884671
4 4 0.027220 0.091014 0.017053 0.000034 0.864679
4 4 0.023363 0.064875 0.028598 0.000883 0.882280
4 4 0.024914 0.045265 0.016950 0.000648 0.912223
4 4 0.050255 0.046120 0.014333 0.000698 0.888594
4 4 0.053098 0.065618 0.021205 0.000687 0.859392
4 4 0.062889 0.097331 0.024906 0.000267 0.814607
4 4 0.024743 0.059712 0.012937 0.000069 0.902539
4 4 0.021105 0.078188 0.012522 0.000016 0.888169
4 4 0.013669 0.089784 0.016187 0.000011 0.880349
4 4 0.010819 0.096740 0.020514 0.000014 0.871913
4 4 0.005916 0.064367 0.013756 0.000010 0.915951
4 4 0.002620 0.077163 0.027327 0.000018 0.892872
4 4 0.002707 0.089673 0.036897 0.000029 0.870694
4 4 0.002977 0.118771 0.050750 0.000026 0.827475
4 4 0.003145 0.119050 0.055588 0.000040 0.822177
4 4 0.004683 0.111375 0.050522 0.000068 0.833351
4 4 0.006266 0.070237 0.028907 0.000128 0.894463
4 4 0.010593 0.081777 0.037673 0.000342 0.869614
4 4 0.007662 0.078221 0.034211 0.000187 0.879718
4 4 0.011553 0.110445 0.050328 0.000252 0.827423
4 4 0.016807 0.118558 0.039738 0.000118 0.824779
4 4 0.003593 0.185141 0.140428 0.000088 0.670750
4 4 0.003714 0.121172 0.058023 0.000054 0.817036
4 4 0.004641 0.113401 0.054151 0.000080 0.827727
4 4 0.006248 0.126036 0.064935 0.000142 0.802639
4 4 0.008474 0.110727 0.055941 0.000241 0.824617
4 4 0.012007 0.102201 0.051993 0.000450 0.833348
4 4 0.017771 0.137515 0.070144 0.000530 0.774040
4 4 0.023045 0.169243 0.084828 0.000534 0.722350
4 4 0.032511 0.194651 0.083346 0.000385 0.689107
4 4 0.040290 0.247843 0.110481 0.000416 0.600970
4 4 0.035414 0.164024 0.039696 0.000061 0.760805
4 1 0.024740 0.129474 0.026678 0.000027 0.819081
4 1 0.016809 0.072151 0.012749 0.000018 0.898272
4 1 0.020214 0.074145 0.010336 0.000009 0.895296
4 1 0.018718 0.061891 0.013918 0.000057 0.905417
4 1 0.015122 0.050322 0.012363 0.000071 0.922123
4 1 0.073682 0.146129 0.038511 0.000268 0.741411
4 0 0.054350 0.119009 0.033392 0.000280 0.792970
4 0 0.111046 0.144261 0.038253 0.000431 0.706009
4 0 0.201307 0.090752 0.015364 0.000205 0.692372
0 0 0.997370 0.001332 0.000092 0.000029 0.001177
0 0 0.997660 0.001354 0.000078 0.000013 0.000895
0 0 0.990053 0.004281 0.000572 0.000327 0.004767
0 0 0.986921 0.005969 0.000849 0.000373 0.005888
0 0 0.927332 0.035447 0.009105 0.002183 0.025934
0 0 0.935539 0.044018 0.006979 0.000222 0.013241
0 0 0.490180 0.373440 0.088198 0.000112 0.048070
1 0 0.302050 0.323910 0.089870 0.000473 0.283697
1 0 0.262678 0.344479 0.110539 0.000634 0.281671
4 0 0.174473 0.345850 0.117353 0.000530 0.361794
4 0 0.136229 0.299816 0.098109 0.000412 0.465435
4 0 0.079848 0.287345 0.298784 0.002166 0.331858
4 0 0.235623 0.242363 0.163896 0.003967 0.354150
4 0 0.266425 0.230111 0.079278 0.001101 0.423085
0 0 0.358966 0.249919 0.083604 0.001798 0.305712
0 0 0.442896 0.265478 0.086334 0.001492 0.203800
0 0 0.610473 0.188597 0.065911 0.003350 0.131670
0 0 0.645842 0.178123 0.056164 0.002382 0.117489
0 0 0.594871 0.192501 0.074400 0.004723 0.133506
0 0 0.587301 0.180444 0.137496 0.015587 0.079172
0 0 0.796170 0.055278 0.013197 0.002262 0.133094
0 0 0.926674 0.024882 0.007506 0.005684 0.035254
0 0 0.857288 0.038971 0.013103 0.008801 0.081838
0 0 0.890783 0.053689 0.014795 0.002532 0.038201
0 0 0.816835 0.096983 0.021143 0.000846 0.064192
0 0 0.730458 0.107350 0.019903 0.000548 0.141740
0 0 0.792430 0.096310 0.020734 0.000912 0.089614
0 0 0.716159 0.109340 0.015610 0.000209 0.158683
0 0 0.644701 0.130644 0.022892 0.000402 0.201360
0 0 0.578763 0.134497 0.021270 0.000269 0.265201
0 0 0.547514 0.124080 0.020701 0.000347 0.307358
0 1 0.450047 0.164870 0.023033 0.000129 0.361921
4 1 0.359226 0.169769 0.020378 0.000061 0.450566
4 1 0.225354 0.177477 0.019381 0.000028 0.577760
4 0 0.134673 0.120890 0.018675 0.000079 0.725682
4 0 0.207609 0.130631 0.026376 0.000319 0.635065
4 0 0.117938 0.108691 0.026017 0.000382 0.746972
4 0 0.224386 0.124720 0.038146 0.001679 0.611070
4 0 0.274094 0.137632 0.045960 0.002614 0.539700
0 0 0.453684 0.161427 0.056427 0.003968 0.324494
4 1 0.089211 0.195037 0.145096 0.003271 0.567385
4 4 0.184758 0.159713 0.108484 0.005384 0.541663
0 4 0.421113 0.158460 0.132387 0.020074 0.267966
0 4 0.382879 0.151582 0.335477 0.060993 0.069069
0 0 0.660682 0.158772 0.050996 0.002905 0.126644
0 0 0.596085 0.175705 0.048031 0.001552 0.178626
0 0 0.512458 0.135705 0.025709 0.000505 0.325623
4 0 0.374965 0.078044 0.017681 0.001206 0.528104
0 0 0.493589 0.081398 0.022682 0.003083 0.399248
0 0 0.602915 0.119447 0.035019 0.002949 0.239670
0 0 0.650795 0.093356 0.027029 0.003458 0.225362
0 0 0.675794 0.062712 0.015175 0.002417 0.243903
0 0 0.762678 0.054777 0.010551 0.001083 0.170911
0 0 0.737553 0.087051 0.010529 0.000135 0.164732
0 0 0.717437 0.118294 0.010784 0.000036 0.153449
0 4 0.599000 0.128970 0.007808 0.000008 0.264215
0 4 0.636320 0.152216 0.010395 0.000010 0.201059
4 4 0.395688 0.177762 0.011808 0.000007 0.414734
4 4 0.128142 0.239526 0.028532 0.000013 0.603787
4 4 0.025640 0.214475 0.055453 0.000035 0.704397
4 4 0.004019 0.218432 0.160457 0.000091 0.617002
4 2 0.002979 0.229116 0.196242 0.000073 0.571590
4 2 0.003678 0.202515 0.123117 0.000064 0.670626
4 2 0.003005 0.186752 0.106303 0.000043 0.703897
4 2 0.003503 0.129911 0.063630 0.000050 0.802907
4 2 0.003220 0.079759 0.032010 0.000038 0.884973
4 2 0.003610 0.116997 0.059089 0.000057 0.820247
4 2 0.004427 0.134341 0.098977 0.000132 0.762123
4 2 0.004233 0.116749 0.071075 0.000097 0.807846
4 2 0.009052 0.087215 0.064791 0.000540 0.838401
4 2 0.014003 0.088136 0.092424 0.002093 0.803343
4 2 0.022809 0.122236 0.217884 0.006658 0.630413
4 2 0.021265 0.137578 0.192369 0.004048 0.644739
4 2 0.022788 0.087805 0.081328 0.003433 0.804646
4 2 0.007371 0.034343 0.017002 0.000553 0.940731
4 2 0.005200 0.023090 0.010291 0.000321 0.961097
4 2 0.005952 0.058542 0.029367 0.000224 0.905915
4 2 0.005646 0.058752 0.028515 0.000187 0.906900
4 2 0.005436 0.048357 0.020841 0.000163 0.925202
4 2 0.005445 0.048361 0.024592 0.000203 0.921400
4 1 0.061056 0.252249 0.148359 0.001995 0.536341
4 1 0.017670 0.222150 0.240907 0.001734 0.517538
2 2 0.006085 0.195078 0.588402 0.002053 0.208381
2 1 0.003233 0.148444 0.735384 0.001914 0.111026
2 2 0.007185 0.170888 0.626888 0.003296 0.191743
2 2 0.011500 0.133957 0.699851 0.010720 0.143972
2 2 0.016037 0.150677 0.640257 0.010368 0.182662
2 2 0.033323 0.194091 0.483538 0.008853 0.280194
4 2 0.091672 0.204033 0.285169 0.009035 0.410091
2 2 0.245724 0.211280 0.356095 0.032935 0.153967
4 1 0.226412 0.224794 0.255321 0.015271 0.278202
4 1 0.270291 0.179655 0.084186 0.007287 0.458581
0 4 0.426136 0.148848 0.057596 0.005974 0.361447
0 0 0.613826 0.122248 0.044531 0.006367 0.213027
0 0 0.760086 0.095219 0.039731 0.010812 0.094152
0 0 0.787812 0.073820 0.030169 0.012234 0.095966
0 0 0.782924 0.063831 0.031160 0.025891 0.096194
0 0 0.817862 0.059393 0.028197 0.022419 0.072129
0 0 0.675395 0.085994 0.081009 0.066889 0.090714
0 0 0.796296 0.076343 0.056904 0.018731 0.051726
0 0 0.496874 0.216080 0.082772 0.004180 0.200094
0 0 0.487772 0.209818 0.045811 0.000562 0.256036
4 1 0.353184 0.211138 0.036370 0.000195 0.399112
4 1 0.253834 0.188396 0.021907 0.000037 0.535826
4 1 0.097737 0.145263 0.020156 0.000033 0.736811
4 1 0.072488 0.129856 0.018438 0.000028 0.779190
4 1 0.021138 0.108766 0.020099 0.000018 0.849979
4 1 0.019551 0.201042 0.070645 0.000085 0.708677
4 1 0.012752 0.255606 0.124271 0.000111 0.607259
4 1 0.005482 0.203530 0.129916 0.000135 0.660937
4 2 0.003598 0.175702 0.193656 0.000156 0.626888
4 2 0.002046 0.181296 0.344843 0.000141 0.471675
4 2 0.002540 0.164824 0.205493 0.000107 0.627036
4 2 0.002225 0.168085 0.269541 0.000125 0.560024
4 2 0.002861 0.168872 0.257901 0.000177 0.570188
4 2 0.003959 0.163869 0.274972 0.000355 0.556844
4 2 0.004080 0.178099 0.354486 0.000484 0.462851
4 2 0.005394 0.188003 0.170045 0.000225 0.636332
4 2 0.004367 0.191333 0.284179 0.000337 0.519785
4 2 0.004260 0.134195 0.109391 0.000143 0.752011
4 2 0.008264 0.209554 0.352320 0.001189 0.428674
4 2 0.026792 0.217094 0.245396 0.003057 0.507661
4 2 0.031149 0.221515 0.115093 0.000622 0.631621
4 2 0.027031 0.257350 0.299673 0.002762 0.413185
2 2 0.018453 0.233991 0.467897 0.006294 0.273364
2 1 0.011221 0.224654 0.386407 0.002067 0.375651
2 2 0.006431 0.181117 0.635623 0.003027 0.173803
2 2 0.001232 0.098619 0.833123 0.001106 0.065921
2 2 0.000424 0.038300 0.946555 0.001957 0.012764
2 2 0.000811 0.044045 0.932258 0.003953 0.018933
2 2 0.002367 0.060264 0.890557 0.010512 0.036300
2 2 0.002173 0.043302 0.913970 0.020292 0.020262
2 2 0.005226 0.069982 0.841614 0.024387 0.058791
2 2 0.004608 0.064286 0.865385 0.026892 0.038829
2 2 0.009940 0.078963 0.800836 0.054240 0.056021
2 2 0.017801 0.113995 0.725159 0.053898 0.089148
2 2 0.011770 0.087704 0.790482 0.060260 0.049783
2 2 0.009666 0.099187 0.786966 0.030923 0.073258
2 2 0.007707 0.082824 0.818104 0.033098 0.058267
2 2 0.008484 0.077714 0.813169 0.043536 0.057098
3 2 0.001588 0.004954 0.396950 0.594129 0.002379
3 3 0.003330 0.007224 0.330517 0.653291 0.005637
3 3 0.002911 0.004983 0.228871 0.758720 0.004515
3 2 0.004209 0.006672 0.252443 0.730752 0.005923
3 2 0.003116 0.004502 0.166899 0.819774 0.005709
3 3 0.003907 0.004859 0.153519 0.831154 0.006561
3 3 0.004158 0.003884 0.105096 0.879989 0.006873
3 3 0.002271 0.001874 0.064039 0.928399 0.003417
3 3 0.004207 0.002877 0.083269 0.904992 0.004656
3 3 0.005043 0.003160 0.082854 0.903704 0.005239
3 3 0.003732 0.002708 0.074378 0.914390 0.004793
3 3 0.004343 0.002861 0.069629 0.917760 0.005407
3 3 0.003113 0.001951 0.048686 0.941386 0.004864
3 3 0.002340 0.001361 0.040148 0.952902 0.003248
3 3 0.003695 0.001617 0.036661 0.953756 0.004272
3 3 0.019873 0.006067 0.058720 0.899945 0.015395
3 2 0.019324 0.011863 0.146399 0.804890 0.017525
3 3 0.012548 0.013257 0.245738 0.715424 0.013032
3 3 0.018812 0.019798 0.298305 0.645282 0.017803
3 3 0.011521 0.010709 0.183243 0.781494 0.013033
3 3 0.008738 0.009685 0.228804 0.743410 0.009364
3 3 0.009068 0.008704 0.198289 0.774707 0.009232
3 3 0.006326 0.004929 0.119193 0.862622 0.006931
3 3 0.003073 0.001890 0.049502 0.941335 0.004199
3 3 0.003484 0.001625 0.034533 0.955791 0.004567
3 3 0.003451 0.001404 0.028359 0.962386 0.004400
3 3 0.003901 0.001460 0.026627 0.963164 0.004848
3 3 0.003574 0.001215 0.021332 0.969320 0.004558
3 3 0.002618 0.000946 0.020372 0.972636 0.003429
3 3 0.002663 0.000975 0.021248 0.971669 0.003446
3 3 0.001923 0.000758 0.019725 0.974938 0.002656
3 3 0.002778 0.000937 0.019855 0.972997 0.003432
3 3 0.002588 0.000827 0.017144 0.976156 0.003285
3 3 0.004802 0.001310 0.019252 0.969277 0.005360
3 3 0.040511 0.008273 0.047792 0.877286 0.026138
3 2 0.215133 0.040070 0.112455 0.553136 0.079206
3 1 0.146356 0.078290 0.297877 0.398013 0.079464
2 2 0.042074 0.088018 0.645457 0.187296 0.037154
2 2 0.032808 0.118907 0.670723 0.090329 0.087232
2 1 0.044397 0.189596 0.491628 0.021812 0.252567
0 1 0.367142 0.282085 0.152990 0.007479 0.190304
0 0 0.313070 0.305889 0.125157 0.002235 0.253650
4 1 0.156859 0.237180 0.079989 0.000914 0.525058
4 1 0.157838 0.288556 0.085436 0.000404 0.467766
4 1 0.191740 0.273151 0.091178 0.000872 0.443060
4 1 0.114492 0.273336 0.116723 0.001192 0.494256
4 1 0.099165 0.248716 0.101120 0.000970 0.550028
4 1 0.133419 0.208544 0.061346 0.000544 0.596147
4 1 0.123687 0.173215 0.037003 0.000189 0.665906
4 1 0.099395 0.154263 0.026786 0.000075 0.719482
4 1 0.054903 0.143613 0.028785 0.000065 0.772633
4 1 0.067034 0.141391 0.034166 0.000179 0.757230
4 1 0.079725 0.112574 0.024855 0.000180 0.782666
4 0 0.133742 0.179086 0.059523 0.001038 0.626611
4 0 0.123685 0.217251 0.092570 0.001905 0.564589
4 0 0.101966 0.156915 0.067409 0.002235 0.671475
4 1 0.091304 0.177718 0.077662 0.001924 0.651392
4 1 0.064165 0.127780 0.043078 0.000635 0.764342
4 1 0.031682 0.119923 0.038901 0.000249 0.809244
4 1 0.010600 0.077216 0.017933 0.000026 0.894224
4 1 0.041008 0.228616 0.068326 0.000105 0.661945
4 1 0.021495 0.167524 0.043359 0.000039 0.767583
4 1 0.009929 0.112570 0.035447 0.000047 0.842006
4 1 0.003688 0.100707 0.042994 0.000044 0.852567
4 1 0.003437 0.143827 0.073449 0.000049 0.779238
4 4 0.002577 0.127949 0.060236 0.000028 0.809210
4 4 0.002962 0.060924 0.022013 0.000032 0.914070
4 4 0.003373 0.059232 0.021486 0.000040 0.915869
4 4 0.002794 0.066769 0.024520 0.000028 0.905890
4 4 0.003404 0.082529 0.032145 0.000035 0.881887
4 4 0.004624 0.111338 0.039306 0.000025 0.844706
4 4 0.006374 0.126847 0.043372 0.000030 0.823378
4 4 0.007045 0.152357 0.050538 0.000024 0.790037
4 4 0.008307 0.122376 0.041693 0.000045 0.827579
4 4 0.011106 0.115125 0.042899 0.000103 0.830766
4 4 0.006985 0.131474 0.069819 0.000177 0.791545
4 4 0.013839 0.126191 0.049509 0.000152 0.810309
4 4 0.013316 0.114251 0.035194 0.000065 0.837174
4 4 0.020334 0.142973 0.038947 0.000054 0.797692
4 4 0.015626 0.115721 0.031240 0.000048 0.837365
4 4 0.192744 0.148779 0.064942 0.004764 0.588771
4 4 0.225029 0.215660 0.083322 0.002602 0.473386
4 4 0.180093 0.184365 0.064768 0.001687 0.569087
4 4 0.131071 0.133163 0.061645 0.004343 0.669779
4 4 0.041178 0.114089 0.045175 0.000767 0.798791
4 4 0.022155 0.132675 0.053289 0.000302 0.791579
4 4 0.014150 0.128136 0.042978 0.000084 0.814652
4 4 0.022720 0.123909 0.035408 0.000092 0.817871
4 4 0.033204 0.114493 0.026942 0.000081 0.825281
4 4 0.059628 0.146951 0.036202 0.000156 0.757063
4 0 0.117065 0.164921 0.043621 0.000410 0.673983
4 0 0.211442 0.115883 0.030341 0.000934 0.641400
4 0 0.373027 0.119308 0.030176 0.001342 0.476148
0 0 0.676529 0.061930 0.012319 0.001175 0.248047
0 0 0.823554 0.025282 0.004184 0.000985 0.145994
0 0 0.880000 0.025723 0.004254 0.000837 0.089186
0 0 0.804710 0.078898 0.016675 0.001020 0.098697
0 0 0.813787 0.080955 0.013838 0.000441 0.090980
0 1 0.819963 0.073818 0.007272 0.000061 0.098886
0 1 0.512803 0.179494 0.015033 0.000019 0.292651
4 0 0.003398 0.199207 0.101529 0.000030 0.695836
4 1 0.001372 0.171730 0.086019 0.000010 0.740869
4 1 0.001584 0.215908 0.191524 0.000027 0.590957
4 2 0.002191 0.212777 0.250481 0.000072 0.534479
4 2 0.002178 0.201783 0.364879 0.000143 0.431016
4 2 0.002934 0.194554 0.396432 0.000274 0.405807
2 2 0.003132 0.227023 0.518526 0.000270 0.251049
2 2 0.002524 0.188636 0.598759 0.000511 0.209569
2 2 0.001783 0.189994 0.568961 0.000253 0.239009
2 2 0.001190 0.170636 0.568382 0.000153 0.259639
2 2 0.002028 0.179393 0.460768 0.000231 0.357580
2 2 0.001362 0.155663 0.650011 0.000297 0.192667
2 2 0.001144 0.170369 0.617212 0.000171 0.211104
2 2 0.000773 0.146318 0.667060 0.000135 0.185714
2 2 0.000456 0.095167 0.807298 0.000192 0.096888
2 2 0.000997 0.117682 0.692806 0.000324 0.188191
2 2 0.000368 0.083241 0.826487 0.000181 0.089723
2 2 0.000330 0.096845 0.822040 0.000117 0.080667
2 2 0.000290 0.112964 0.798551 0.000067 0.088128
2 2 0.000437 0.117816 0.783746 0.000116 0.097885
1 0 0.154029 0.340517 0.165983 0.001772 0.337698
4 1 0.029658 0.293059 0.263266 0.001974 0.412042
4 2 0.017659 0.190647 0.231431 0.002578 0.557686
4 2 0.013155 0.209289 0.317889 0.002203 0.457465
4 2 0.007835 0.229521 0.321070 0.000800 0.440773
4 2 0.012557 0.196660 0.126287 0.000407 0.664090
4 2 0.006725 0.118904 0.079989 0.000242 0.794141
4 2 0.005152 0.114780 0.090996 0.000199 0.788873
4 2 0.006107 0.169885 0.288358 0.000743 0.534906
4 2 0.008323 0.151875 0.181608 0.000749 0.657445
4 2 0.035528 0.239541 0.240028 0.003100 0.481803
4 2 0.031762 0.187217 0.171529 0.001767 0.607725
4 1 0.048951 0.224053 0.314771 0.005713 0.406512
4 2 0.061471 0.228775 0.228638 0.004211 0.476905
2 1 0.018048 0.234150 0.421655 0.003420 0.322727
2 2 0.019119 0.273321 0.466389 0.003825 0.237346
2 2 0.006337 0.186182 0.475546 0.001557 0.330378
2 2 0.008973 0.190191 0.425951 0.002218 0.372667
2 2 0.006749 0.184502 0.534908 0.002195 0.271647
2 2 0.004381 0.165262 0.642861 0.001877 0.185620
2 2 0.001675 0.092513 0.814681 0.001854 0.089277
2 2 0.002813 0.124358 0.709218 0.001794 0.161816
2 2 0.003642 0.142224 0.700987 0.002170 0.150977
2 2 0.008588 0.163779 0.510687 0.003679 0.313267
2 2 0.014042 0.173544 0.476647 0.006746 0.329021
2 2 0.008098 0.157932 0.602701 0.004932 0.226337
2 1 0.005583 0.136826 0.692933 0.004612 0.160046
2 2 0.006570 0.153589 0.618423 0.003833 0.217585
2 2 0.014819 0.148137 0.580635 0.014205 0.242204
2 2 0.026216 0.150663 0.512818 0.021995 0.288308
2 0 0.063468 0.181369 0.468646 0.031420 0.255098
2 1 0.053650 0.182313 0.544567 0.036315 0.183156
4 2 0.038942 0.194685 0.361728 0.017076 0.387570
4 2 0.025495 0.172339 0.298983 0.008538 0.494644
4 2 0.011072 0.152659 0.269383 0.002189 0.564697
4 2 0.012904 0.161917 0.292391 0.002906 0.529882
4 2 0.009327 0.124092 0.186276 0.001347 0.678959
4 2 0.006993 0.155182 0.177713 0.000521 0.659591
4 2 0.007728 0.195083 0.370642 0.001304 0.425243
2 2 0.002081 0.116458 0.793045 0.001698 0.086719
4 2 0.078641 0.266835 0.152750 0.002282 0.499492
4 1 0.084045 0.193862 0.081327 0.001150 0.639616
4 2 0.116315 0.244237 0.200437 0.006109 0.432902
4 2 0.078722 0.279415 0.213034 0.004721 0.424108
4 1 0.084328 0.273162 0.184397 0.004347 0.453767
4 1 0.076590 0.314135 0.248996 0.005025 0.355253
4 2 0.034408 0.229919 0.135030 0.001065 0.599578
4 2 0.031696 0.195405 0.118997 0.001407 0.652494
4 2 0.119634 0.276244 0.154766 0.003255 0.446101
2 1 0.201438 0.272050 0.343453 0.018632 0.164428
2 0 0.275460 0.265797 0.284102 0.016603 0.158039
0 0 0.348828 0.290415 0.152309 0.006172 0.202276
1 0 0.292234 0.307624 0.174565 0.006486 0.219092
0 1 0.393171 0.293572 0.119135 0.002543 0.191579
4 1 0.137764 0.335611 0.150139 0.001190 0.375296
4 1 0.085664 0.336161 0.116462 0.000260 0.461454
4 1 0.043742 0.247533 0.091844 0.000233 0.616648
4 1 0.065764 0.243106 0.095556 0.000517 0.595057
4 1 0.028387 0.193718 0.082818 0.000319 0.694758
4 2 0.029903 0.213144 0.106946 0.000547 0.649459
2 2 0.003579 0.162966 0.688332 0.001623 0.143500
2 2 0.002581 0.146574 0.711900 0.001209 0.137736
2 1 0.003223 0.167344 0.609618 0.000972 0.218842
2 2 0.003598 0.165034 0.619062 0.001238 0.211068
2 2 0.004121 0.147948 0.688116 0.002390 0.157425
2 2 0.001308 0.074730 0.892278 0.002803 0.028881
2 2 0.000727 0.049106 0.930180 0.002759 0.017228
2 2 0.000390 0.034574 0.954569 0.002356 0.008112
2 2 0.000414 0.027401 0.961406 0.004262 0.006517
2 2 0.000420 0.025732 0.963056 0.005107 0.005685
2 2 0.000287 0.014756 0.972982 0.009356 0.002619
2 2 0.000338 0.016342 0.970344 0.009164 0.003812
2 2 0.000304 0.011257 0.968616 0.017675 0.002148
2 2 0.000420 0.012298 0.960020 0.024922 0.002340
2 2 0.000485 0.013031 0.957567 0.026813 0.002105
2 2 0.001011 0.023609 0.947406 0.023807 0.004167
2 2 0.001142 0.029465 0.942848 0.019419 0.007126
2 2 0.001482 0.040241 0.929595 0.013551 0.015131
2 2 0.003029 0.071321 0.856361 0.009642 0.059648
2 2 0.002453 0.070572 0.859698 0.006920 0.060357
2 2 0.007395 0.056614 0.830858 0.077998 0.027135
2 2 0.003804 0.043674 0.884154 0.050046 0.018323
2 2 0.002268 0.025780 0.891931 0.073222 0.006800
2 2 0.001259 0.019353 0.921050 0.053741 0.004597
2 2 0.001115 0.014440 0.901313 0.080089 0.003043
2 2 0.001334 0.015524 0.906213 0.073640 0.003290
2 2 0.001165 0.019847 0.944702 0.030752 0.003534
2 2 0.001051 0.017720 0.951359 0.027663 0.002207
2 2 0.001497 0.026634 0.947483 0.019779 0.004607
2 2 0.002565 0.034187 0.926810 0.028285 0.008154
2 2 0.002206 0.035812 0.925732 0.025414 0.010836
2 2 0.003187 0.040664 0.900078 0.040674 0.015396
2 2 0.002542 0.027001 0.886584 0.074929 0.008944
2 2 0.002222 0.024517 0.896384 0.068972 0.007906
2 2 0.003376 0.031982 0.897336 0.055703 0.011604
2 2 0.002473 0.020003 0.863906 0.107253 0.006365
2 2 0.003234 0.022648 0.837405 0.128876 0.007837
2 2 0.003020 0.028233 0.869691 0.084446 0.014609
2 2 0.002428 0.026221 0.889411 0.070014 0.011926
2 2 0.004476 0.031573 0.825333 0.117572 0.021047
2 2 0.004598 0.039043 0.856731 0.083335 0.016293
2 3 0.003971 0.044932 0.879206 0.046163 0.025727
2 2 0.008778 0.062986 0.812681 0.073521 0.042034
2 2 0.064209 0.161541 0.600822 0.034935 0.138494
2 2 0.157663 0.178583 0.477536 0.057091 0.129127
2 2 0.089864 0.192224 0.568413 0.041731 0.107769
2 0 0.034042 0.167615 0.688214 0.031145 0.078983
2 1 0.052320 0.277570 0.478193 0.012439 0.179478
2 2 0.009947 0.158643 0.727262 0.009875 0.094273
2 1 0.006273 0.114900 0.769871 0.010231 0.098724
2 2 0.003939 0.091704 0.816465 0.008165 0.079727
2 2 0.019189 0.117478 0.782283 0.022504 0.058546
2 2 0.053723 0.167255 0.624023 0.023932 0.131066
4 1 0.088074 0.216132 0.303104 0.013208 0.379482
4 1 0.143504 0.252407 0.101402 0.001434 0.501252
4 1 0.080835 0.314922 0.216859 0.003307 0.384076
4 2 0.056528 0.282012 0.196124 0.002706 0.462629
4 1 0.014210 0.190140 0.236959 0.001862 0.556829
4 1 0.013198 0.194736 0.165409 0.000719 0.625937
4 1 0.013718 0.227045 0.151244 0.000485 0.607507
2 2 0.001572 0.103587 0.811633 0.001381 0.081828
2 2 0.001061 0.091008 0.828904 0.000944 0.078083
2 2 0.000991 0.085907 0.856597 0.001078 0.055427
2 1 0.001296 0.132028 0.756517 0.000536 0.109623
2 2 0.003116 0.222024 0.524195 0.000426 0.250239
2 2 0.004133 0.216269 0.441555 0.000518 0.337525
4 2 0.009042 0.206335 0.190521 0.000528 0.593574
4 2 0.009257 0.238549 0.250118 0.000667 0.501409
2 2 0.006965 0.287992 0.412245 0.000527 0.292270
2 2 0.004415 0.225910 0.454341 0.000567 0.314766
2 2 0.003261 0.178394 0.592867 0.000842 0.224635
2 2 0.001212 0.126728 0.733438 0.000463 0.138158
2 2 0.000619 0.095298 0.835124 0.000369 0.068590
2 2 0.000974 0.130207 0.752274 0.000332 0.116212
2 2 0.000765 0.128966 0.776989 0.000251 0.093029
2 2 0.000885 0.130631 0.802553 0.000350 0.065580
2 2 0.000760 0.105052 0.859617 0.000435 0.034137
2 2 0.001908 0.149450 0.785004 0.000745 0.062894
2 2 0.004921 0.184959 0.723069 0.001318 0.085732
2 2 0.015112 0.244481 0.461882 0.001653 0.276873
2 2 0.003069 0.141224 0.762399 0.001968 0.091341
2 2 0.003884 0.140091 0.678501 0.002276 0.175247
2 2 0.005394 0.185636 0.428841 0.000993 0.379135
4 2 0.009653 0.168039 0.207725 0.000821 0.613762
4 2 0.015434 0.206443 0.213088 0.001234 0.563802
4 1 0.023572 0.270223 0.199883 0.001118 0.505203
4 1 0.045335 0.288231 0.182833 0.001389 0.482212
4 1 0.034732 0.237009 0.145241 0.001203 0.581816
4 1 0.018462 0.210284 0.139991 0.000828 0.630435
4 1 0.014615 0.197323 0.129527 0.000626 0.657909
4 1 0.007256 0.190298 0.113736 0.000173 0.688538
4 2 0.009484 0.201161 0.093932 0.000091 0.695332
4 2 0.013663 0.177793 0.069590 0.000093 0.738860
4 1 0.019297 0.171681 0.062682 0.000121 0.746218
4 1 0.019965 0.254084 0.105373 0.000115 0.620464
4 2 0.009110 0.267237 0.150051 0.000107 0.573494
4 2 0.011309 0.241311 0.101100 0.000059 0.646221
4 2 0.006951 0.223331 0.151333 0.000102 0.618282
4 2 0.005441 0.223503 0.291593 0.000279 0.479184
4 1 0.009825 0.234125 0.354449 0.000667 0.400933
2 2 0.003946 0.194378 0.468785 0.000637 0.332255
4 2 0.004261 0.132789 0.345028 0.000831 0.517091
4 2 0.008140 0.140797 0.285714 0.001046 0.564304
4 2 0.033606 0.140837 0.114543 0.001134 0.709880
4 2 0.091668 0.204211 0.102272 0.001999 0.599849
4 0 0.099952 0.257220 0.128335 0.001993 0.512501
4 4 0.106097 0.256204 0.072185 0.000251 0.565263
4 4 0.038158 0.242766 0.065795 0.000060 0.653221
4 4 0.008876 0.176385 0.063567 0.000037 0.751134
4 4 0.003653 0.145131 0.059502 0.000023 0.791692
4 4 0.003856 0.171801 0.081792 0.000035 0.742516
4 4 0.005454 0.139158 0.058715 0.000048 0.796625
4 4 0.009387 0.137703 0.057195 0.000098 0.795617
4 4 0.010974 0.139449 0.047321 0.000055 0.802201
4 4 0.015900 0.127229 0.040840 0.000084 0.815947
4 4 0.026540 0.122817 0.037663 0.000152 0.812828
4 4 0.046980 0.115974 0.039707 0.000510 0.796828
4 4 0.091266 0.159188 0.055079 0.000878 0.693589
4 4 0.094836 0.207174 0.089344 0.001502 0.607144
4 4 0.104107 0.185273 0.078170 0.001795 0.630654
4 4 0.064074 0.102708 0.027841 0.000326 0.805051
4 4 0.025776 0.062599 0.018084 0.000207 0.893334
4 4 0.039187 0.064591 0.022547 0.000660 0.873015
4 4 0.045562 0.068069 0.017655 0.000248 0.868467
4 4 0.040696 0.062300 0.020123 0.000527 0.876354
4 4 0.070295 0.077839 0.025710 0.000909 0.825248
4 4 0.058165 0.103932 0.033565 0.000560 0.803778
4 4 0.052066 0.152578 0.045550 0.000253 0.749553
4 4 0.074482 0.181433 0.062585 0.000577 0.680923
4 4 0.032980 0.111067 0.043064 0.000553 0.812336
4 4 0.021838 0.119253 0.050954 0.000433 0.807522
4 4 0.012760 0.083124 0.032014 0.000217 0.871884
4 4 0.013630 0.075566 0.024341 0.000134 0.886328
4 4 0.010743 0.090332 0.033063 0.000126 0.865736
4 4 0.005854 0.047853 0.011803 0.000025 0.934464
4 4 0.014248 0.074693 0.020988 0.000085 0.889986
4 4 0.041983 0.088018 0.031890 0.000670 0.837440
4 4 0.049963 0.081696 0.030439 0.000948 0.836953
4 4 0.061560 0.050501 0.016407 0.000975 0.870556
4 4 0.096991 0.054208 0.016511 0.001205 0.831085
4 4 0.047079 0.111792 0.018097 0.000032 0.823001
4 4 0.034115 0.100489 0.012232 0.000008 0.853156
4 4 0.024063 0.077506 0.009348 0.000006 0.889076
4 4 0.049460 0.198001 0.049052 0.000082 0.703405
4 4 0.052356 0.163787 0.041942 0.000131 0.741784
4 4 0.130965 0.189932 0.052565 0.000483 0.626055
4 4 0.166269 0.192003 0.043005 0.000283 0.598440
4 4 0.150259 0.194740 0.055737 0.000629 0.598635
4 1 0.224257 0.219912 0.079104 0.001960 0.474767
0 4 0.718141 0.114476 0.030006 0.001865 0.135512
0 4 0.907321 0.033657 0.011651 0.008161 0.039211
0 0 0.982615 0.004323 0.000921 0.002572 0.009568
0 0 0.963159 0.001592 0.000506 0.022757 0.011986
0 0 0.993524 0.000690 0.000117 0.002114 0.003555
0 0 0.992457 0.003290 0.000391 0.000218 0.003645
0 0 0.964209 0.019224 0.003452 0.000612 0.012503
0 0 0.946671 0.030834 0.003993 0.000157 0.018345
4 0 0.291564 0.105030 0.009742 0.000028 0.593637
4 4 0.119054 0.145797 0.014823 0.000013 0.720313
4 4 0.174920 0.188501 0.035440 0.000157 0.600983
4 4 0.147814 0.240151 0.089813 0.001234 0.520988
4 0 0.119591 0.295385 0.111323 0.000687 0.473013
4 1 0.055574 0.275473 0.089219 0.000162 0.579572
4 1 0.018032 0.183880 0.070258 0.000119 0.727711
4 1 0.005814 0.124265 0.057651 0.000088 0.812182
4 1 0.004764 0.107758 0.045934 0.000057 0.841486
4 1 0.025931 0.197115 0.072158 0.000152 0.704643
4 1 0.099251 0.172177 0.046135 0.000343 0.682094
4 1 0.130699 0.192781 0.066886 0.001122 0.608512
4 0 0.154803 0.242546 0.086185 0.001057 0.515409
4 1 0.099450 0.234448 0.100139 0.001291 0.564671
4 1 0.061311 0.219549 0.101242 0.001012 0.616886
4 1 0.012128 0.122031 0.045796 0.000111 0.819933
4 1 0.004069 0.142435 0.073781 0.000067 0.779648
4 2 0.003943 0.157501 0.078875 0.000049 0.759632
4 2 0.004628 0.125257 0.062281 0.000082 0.807752
4 2 0.005968 0.184854 0.132605 0.000190 0.676383
4 2 0.004553 0.219085 0.218304 0.000190 0.557868
4 2 0.004142 0.204870 0.324341 0.000338 0.466309
4 2 0.003832 0.172774 0.299418 0.000350 0.523625
2 1 0.003190 0.229689 0.559556 0.000383 0.207182
2 1 0.000588 0.107620 0.814028 0.000252 0.077512
2 2 0.000635 0.098550 0.840645 0.000380 0.059789
2 1 0.000232 0.056326 0.923852 0.000305 0.019284
2 2 0.000378 0.084867 0.865182 0.000229 0.049343
2 2 0.000175 0.046143 0.933202 0.000274 0.020205
2 2 0.000177 0.052130 0.918558 0.000197 0.028938
2 2 0.000415 0.081628 0.856587 0.000268 0.061102
2 2 0.000357 0.071369 0.884809 0.000307 0.043158
2 1 0.000764 0.099788 0.805369 0.000421 0.093658
2 2 0.000688 0.078996 0.868880 0.000713 0.050723
2 2 0.000772 0.076390 0.863272 0.000874 0.058692
2 2 0.000868 0.069655 0.867955 0.001261 0.060261
2 2 0.001884 0.091938 0.818269 0.002188 0.085721
2 1 0.002106 0.110986 0.788816 0.001824 0.096268
2 2 0.001981 0.121430 0.774392 0.001344 0.100853
2 2 0.001605 0.137483 0.755899 0.000721 0.104292
2 2 0.000803 0.097892 0.844443 0.000583 0.056279
2 2 0.000808 0.089694 0.849245 0.000685 0.059568
2 1 0.001245 0.076728 0.858384 0.001889 0.061755
1 2 0.172219 0.356453 0.208805 0.003312 0.259211
4 0 0.171829 0.305676 0.111331 0.000869 0.410295
4 1 0.042225 0.262453 0.113252 0.000357 0.581714
4 1 0.007299 0.193174 0.108019 0.000133 0.691376
4 1 0.003172 0.234516 0.221711 0.000094 0.540507
4 1 0.003374 0.201774 0.148247 0.000074 0.646531
4 1 0.003185 0.221806 0.244823 0.000122 0.530065
2 2 0.002253 0.218050 0.538680 0.000269 0.240749
2 2 0.001125 0.134850 0.777164 0.000451 0.086411
2 2 0.000824 0.110439 0.828958 0.000468 0.059310
2 2 0.000267 0.052615 0.927924 0.000442 0.018751
2 2 0.000129 0.030834 0.958062 0.000423 0.010553
2 2 0.000042 0.013469 0.983406 0.000438 0.002646
2 2 0.000057 0.020421 0.974486 0.000288 0.004749
2 2 0.000083 0.028413 0.963083 0.000253 0.008169
2 2 0.000051 0.022560 0.971412 0.000191 0.005785
2 2 0.000089 0.029230 0.959144 0.000248 0.011289
2 2 0.000084 0.026178 0.964628 0.000296 0.008815
2 2 0.000131 0.037044 0.950029 0.000296 0.012499
2 2 0.000203 0.046158 0.933963 0.000356 0.019320
2 2 0.000158 0.035068 0.952771 0.000458 0.011546
2 2 0.000094 0.022053 0.970410 0.000525 0.006918
2 2 0.000079 0.014718 0.980506 0.000991 0.003706
2 2 0.000089 0.011815 0.983294 0.001967 0.002835
2 2 0.000085 0.009945 0.985143 0.002677 0.002150
2 2 0.000053 0.007495 0.988837 0.002455 0.001160
2 2 0.000051 0.006816 0.989319 0.002811 0.001002
2 2 0.000080 0.007665 0.986455 0.004497 0.001303
2 2 0.000086 0.006720 0.985423 0.006661 0.001110
2 2 0.000129 0.006970 0.979672 0.012030 0.001199
2 2 0.000320 0.010348 0.964843 0.022337 0.002152
2 2 0.000419 0.014168 0.964593 0.017300 0.003520
2 2 0.000278 0.011423 0.971403 0.014552 0.002343
2 2 0.000192 0.009720 0.976519 0.012147 0.001422
2 2 0.000314 0.016555 0.971383 0.007935 0.003813
2 2 0.000343 0.019551 0.969108 0.006418 0.004581
2 2 0.000671 0.028416 0.957116 0.006888 0.006909
2 2 0.000490 0.023664 0.962052 0.007456 0.006339
2 2 0.000497 0.032726 0.952670 0.003625 0.010482
2 2 0.000164 0.017434 0.975136 0.002272 0.004993
2 2 0.000848 0.012939 0.931325 0.051765 0.003124
2 2 0.001453 0.016353 0.900747 0.077353 0.004094
2 2 0.009493 0.046833 0.882896 0.051151 0.009627
2 2 0.017705 0.100178 0.803734 0.028289 0.050094
2 2 0.008263 0.078223 0.852530 0.024552 0.036433
2 2 0.002505 0.041280 0.931537 0.016659 0.008019
2 1 0.000928 0.027679 0.954157 0.013257 0.003980
2 2 0.000779 0.030783 0.957542 0.007388 0.003509
2 2 0.000460 0.023614 0.963344 0.006996 0.005586
2 2 0.000516 0.021919 0.961646 0.009185 0.006735
2 2 0.000390 0.023574 0.962775 0.004721 0.008541
2 2 0.000397 0.031403 0.950873 0.002438 0.014889
2 2 0.000346 0.037888 0.940195 0.001237 0.020334
2 2 0.000165 0.026860 0.960893 0.000817 0.011265
2 2 0.000130 0.023676 0.966496 0.000742 0.008956
2 2 0.000212 0.027684 0.960037 0.001184 0.010883
2 2 0.000125 0.017815 0.976153 0.001427 0.004480
2 2 0.000140 0.016009 0.978064 0.002238 0.003550
2 2 0.000166 0.012223 0.979777 0.005515 0.002318
2 3 0.000253 0.011864 0.973929 0.011560 0.002395
2 2 0.001490 0.026919 0.957503 0.010058 0.004031
2 2 0.009395 0.072839 0.891919 0.009280 0.016567
2 2 0.010269 0.083850 0.871796 0.011093 0.022991
2 2 0.014886 0.110381 0.836865 0.010622 0.027246
2 1 0.019550 0.170545 0.741365 0.007347 0.061192
2 1 0.017228 0.184889 0.689683 0.007106 0.101095
2 2 0.003626 0.116008 0.826412 0.002713 0.051241
2 2 0.006674 0.122578 0.795438 0.005601 0.069708
2 2 0.015380 0.170686 0.640199 0.006705 0.167030
2 1 0.030666 0.227109 0.412374 0.005018 0.324833
2 1 0.033086 0.255453 0.502133 0.004797 0.204531
2 1 0.025740 0.259809 0.518661 0.003425 0.192366
2 2 0.020114 0.291823 0.392707 0.001137 0.294219
2 2 0.006357 0.251413 0.503257 0.000397 0.238576
2 1 0.001009 0.097013 0.857451 0.000743 0.043784
2 2 0.000673 0.064067 0.910617 0.001317 0.023326
2 2 0.000191 0.031767 0.961246 0.000913 0.005883
2 2 0.000431 0.040130 0.944313 0.001823 0.013304
2 0 0.003526 0.048425 0.916792 0.015176 0.016081
2 0 0.030598 0.086446 0.810876 0.046283 0.025796
4 1 0.010667 0.227419 0.199752 0.000370 0.561792
4 1 0.006705 0.205426 0.275694 0.000462 0.511714
4 1 0.004790 0.234886 0.309266 0.000269 0.450788
4 1 0.004407 0.242073 0.318178 0.000274 0.435067
2 1 0.001912 0.219107 0.577229 0.000234 0.201518
2 1 0.002943 0.176447 0.551656 0.000605 0.268349
2 2 0.004298 0.136274 0.550144 0.001803 0.307480
2 2 0.009980 0.154076 0.439663 0.002919 0.393361
4 1 0.011948 0.203692 0.357132 0.001890 0.425338
2 1 0.005973 0.231389 0.460159 0.000928 0.301552
4 2 0.005847 0.215354 0.256507 0.000382 0.521910
4 2 0.005309 0.134035 0.129407 0.000266 0.730983
4 4 0.006108 0.065630 0.059693 0.000430 0.868139
4 4 0.015971 0.056250 0.072090 0.007956 0.847733
4 4 0.019536 0.033635 0.017116 0.001874 0.927838
4 4 0.042276 0.042203 0.015640 0.001178 0.898703
4 4 0.055407 0.064957 0.017738 0.000385 0.861513
4 4 0.083854 0.070516 0.017789 0.000428 0.827412
4 4 0.105259 0.076853 0.019152 0.000495 0.798241
4 4 0.049686 0.098575 0.028839 0.000336 0.822564
4 4 0.049108 0.189512 0.077459 0.000591 0.683330
4 4 0.065555 0.188238 0.069515 0.000598 0.676094
4 4 0.198498 0.210326 0.060893 0.000814 0.529469
0 4 0.357206 0.261493 0.071918 0.000793 0.308591
1 4 0.229337 0.326044 0.129498 0.001393 0.313728
1 0 0.084321 0.345810 0.235045 0.002683 0.332140
4 4 0.023847 0.267713 0.183264 0.000873 0.524303
4 4 0.003777 0.157335 0.164444 0.000161 0.674283
4 4 0.004292 0.142298 0.090250 0.000099 0.763061
4 4 0.005147 0.136637 0.071324 0.000102 0.786790
4 4 0.005146 0.112954 0.054460 0.000097 0.827344
4 4 0.007827 0.094565 0.044513 0.000202 0.852893
4 4 0.007090 0.073749 0.031305 0.000161 0.887696
4 4 0.007755 0.053986 0.022950 0.000249 0.915060
4 4 0.007489 0.054272 0.017622 0.000087 0.920530
4 4 0.008224 0.048022 0.015817 0.000110 0.927827
4 4 0.025528 0.075121 0.024366 0.000281 0.874704
4 4 0.039330 0.090605 0.027581 0.000318 0.842166
4 4 0.097800 0.083320 0.017233 0.000216 0.801432
4 4 0.150861 0.086628 0.022044 0.000726 0.739742
4 4 0.148500 0.102622 0.035673 0.002046 0.711159
4 4 0.149531 0.085765 0.026453 0.001488 0.736764
4 4 0.188056 0.109910 0.031901 0.001267 0.668866
4 4 0.194508 0.163940 0.048968 0.001092 0.591492
4 4 0.158737 0.122123 0.030350 0.000554 0.688236
4 4 0.102749 0.092178 0.019434 0.000229 0.785410
4 4 0.058016 0.089474 0.021026 0.000187 0.831296
4 4 0.042946 0.089226 0.021897 0.000158 0.845774
4 4 0.058945 0.074901 0.017881 0.000227 0.848045
4 4 0.083943 0.099337 0.033220 0.000984 0.782516
4 4 0.108267 0.114050 0.037996 0.001162 0.738524
4 4 0.147075 0.122013 0.042511 0.001811 0.686589
4 4 0.176563 0.109618 0.038469 0.002421 0.672929
4 4 0.236826 0.081597 0.026637 0.003029 0.651911
4 4 0.375528 0.131363 0.034426 0.001433 0.457250
4 4 0.225831 0.145967 0.038162 0.000839 0.589202
4 4 0.119096 0.165527 0.049943 0.000680 0.664753
4 4 0.036536 0.106594 0.022583 0.000068 0.834220
4 4 0.028529 0.102327 0.023321 0.000067 0.845756
4 4 0.006966 0.142896 0.062570 0.000075 0.787493
4 4 0.011875 0.222011 0.163882 0.000601 0.601630
4 4 0.011783 0.203191 0.141933 0.000558 0.642534
4 2 0.008889 0.184346 0.117975 0.000314 0.688476
4 2 0.010184 0.183949 0.119484 0.000403 0.685980
4 2 0.006414 0.185187 0.114379 0.000172 0.693848
4 2 0.008592 0.231334 0.168458 0.000339 0.591277
4 2 0.011627 0.247043 0.195899 0.000633 0.544798
4 2 0.012647 0.246121 0.267041 0.001186 0.473007
4 2 0.014031 0.219578 0.264558 0.001689 0.500144
4 2 0.014236 0.200057 0.304522 0.002537 0.478647
4 2 0.017781 0.195655 0.217468 0.002266 0.566831
4 2 0.028894 0.200786 0.163079 0.001816 0.605424
4 2 0.027407 0.144435 0.027490 0.000020 0.800648
4 0 0.048831 0.123756 0.021261 0.000037 0.806115
1 0 0.109948 0.422796 0.091583 0.000039 0.375635
1 1 0.082785 0.482519 0.185913 0.000155 0.248628
4 1 0.063513 0.399569 0.101008 0.000039 0.435870
4 1 0.029725 0.346644 0.116592 0.000053 0.506985
4 1 0.006714 0.263926 0.152779 0.000082 0.576500
4 1 0.004631 0.213874 0.137718 0.000102 0.643676
2 2 0.008646 0.174895 0.673626 0.000921 0.141913
4 2 0.050572 0.190878 0.083127 0.000202 0.675221
4 2 0.045225 0.206571 0.048059 0.000053 0.700092
4 0 0.038516 0.234599 0.051400 0.000028 0.675457
1 1 0.036804 0.447392 0.102186 0.000010 0.413608
4 1 0.008150 0.385314 0.099161 0.000003 0.507372
1 1 0.004508 0.377838 0.373478 0.000024 0.244153
2 2 0.000740 0.135297 0.786870 0.000117 0.076975
2 2 0.000375 0.076336 0.887073 0.000234 0.035983
2 2 0.000252 0.064852 0.902689 0.000228 0.031979
2 2 0.000120 0.039228 0.945834 0.000219 0.014599
2 2 0.000186 0.053743 0.919333 0.000207 0.026531
2 2 0.000393 0.083535 0.859068 0.000182 0.056822
2 1 0.000780 0.110846 0.825218 0.000154 0.063002
2 2 0.007249 0.222095 0.551082 0.000207 0.219367
2 1 0.006325 0.206931 0.582947 0.000265 0.203532
2 2 0.014130 0.272676 0.407678 0.000247 0.305269
2 2 0.009395 0.254385 0.617421 0.000351 0.118449
2 2 0.005693 0.210945 0.714326 0.000458 0.068578
2 2 0.001351 0.101757 0.876368 0.000436 0.020088
2 2 0.000215 0.031648 0.962003 0.000590 0.005545
2 2 0.000052 0.013583 0.983491 0.000667 0.002206
2 2 0.000026 0.008981 0.989249 0.000513 0.001232
2 2 0.000034 0.009283 0.988545 0.000722 0.001417
2 2 0.000027 0.007517 0.990758 0.000861 0.000837
2 2 0.000065 0.020041 0.974956 0.000383 0.004554
2 2 0.000115 0.030964 0.959408 0.000363 0.009149
2 2 0.000265 0.057663 0.911798 0.000317 0.029956
2 2 0.000393 0.072726 0.880775 0.000340 0.045767
2 2 0.000475 0.067780 0.902184 0.000568 0.028993
2 2 0.005569 0.136478 0.776494 0.001505 0.079954
2 0 0.010921 0.125688 0.748935 0.008244 0.106212
2 1 0.030167 0.197633 0.625031 0.011776 0.135393
2 2 0.037473 0.252200 0.518310 0.010209 0.181809
2 2 0.017202 0.178414 0.714346 0.012938 0.077099
2 2 0.001923 0.066905 0.910484 0.005556 0.015130
2 2 0.000108 0.015219 0.980062 0.001671 0.002940
2 2 0.000060 0.009886 0.986930 0.001670 0.001454
2 2 0.000376 0.015997 0.968335 0.010147 0.005145
2 2 0.000602 0.013054 0.958376 0.025131 0.002836
2 2 0.000055 0.003331 0.981073 0.015170 0.000372
2 2 0.000063 0.004084 0.983215 0.012121 0.000517
2 2 0.000069 0.004175 0.981357 0.013911 0.000487
2 2 0.000096 0.004786 0.977420 0.017026 0.000672
2 2 0.000132 0.004189 0.958585 0.036629 0.000464
2 2 0.000405 0.006998 0.918715 0.072585 0.001297
2 2 0.000450 0.006442 0.891120 0.100884 0.001104
2 2 0.000482 0.005077 0.837042 0.156678 0.000722
2 3 0.004018 0.014253 0.815579 0.163484 0.002665
2 3 0.007761 0.024952 0.776820 0.184037 0.006431
2 0 0.013448 0.043336 0.786593 0.143412 0.013212
2 2 0.012685 0.088475 0.818141 0.034117 0.046583
2 2 0.003912 0.060495 0.898359 0.018953 0.018280
2 2 0.000378 0.021532 0.968639 0.005340 0.004111
2 2 0.000517 0.035795 0.947502 0.003076 0.013110
2 2 0.000243 0.024131 0.966197 0.002154 0.007276
