0 0 0.985996 0.001229 0.004170 0.008412 0.000193
0 0 0.987469 0.000863 0.003120 0.008427 0.000121
0 0 0.987335 0.000882 0.003178 0.008480 0.000124
0 0 0.987357 0.000884 0.003201 0.008434 0.000125
0 0 0.981843 0.001522 0.004735 0.011640 0.000260
0 0 0.969386 0.005436 0.011409 0.012623 0.001147
0 0 0.910343 0.029021 0.044239 0.009505 0.006892
0 0 0.725244 0.107896 0.126089 0.007626 0.033144
0 1 0.698989 0.140292 0.055647 0.006203 0.098869
4 1 0.300820 0.188368 0.083969 0.014810 0.412033
4 1 0.090754 0.109537 0.101221 0.060126 0.638362
4 1 0.090024 0.109064 0.101205 0.060534 0.639173
4 1 0.090024 0.109064 0.101205 0.060534 0.639173
4 1 0.077801 0.125225 0.121031 0.051817 0.624125
4 1 0.061204 0.151664 0.155936 0.040175 0.591021
4 1 0.062138 0.150017 0.153668 0.040823 0.593354
4 4 0.073225 0.131951 0.129613 0.048584 0.616628
4 4 0.095323 0.134148 0.117310 0.045682 0.607537
4 4 0.185698 0.151850 0.099151 0.033289 0.530013
0 0 0.458110 0.156808 0.098032 0.019924 0.267126
0 0 0.805291 0.073835 0.071337 0.009460 0.040077
0 0 0.717767 0.106378 0.073087 0.016260 0.086507
0 0 0.541123 0.176395 0.101439 0.017057 0.163987
2 0 0.308786 0.223180 0.339553 0.022787 0.105694
0 0 0.345052 0.270810 0.241332 0.016164 0.126642
1 0 0.261277 0.314050 0.280077 0.013879 0.130718
1 0 0.124373 0.451705 0.253309 0.004644 0.165969
1 0 0.136915 0.439702 0.225710 0.004232 0.193442
2 0 0.043506 0.389702 0.424957 0.008329 0.133506
2 0 0.028534 0.306693 0.509929 0.018335 0.136509
2 1 0.009851 0.176332 0.674076 0.068074 0.071667
2 1 0.012601 0.188285 0.679708 0.054874 0.064532
2 1 0.011209 0.098178 0.788770 0.079312 0.022532
2 1 0.007044 0.032232 0.813583 0.142051 0.005090
2 2 0.011212 0.032005 0.835117 0.116586 0.005079
2 2 0.015813 0.038971 0.849433 0.091674 0.004109
2 2 0.021667 0.057132 0.862380 0.051495 0.007327
2 2 0.018618 0.072802 0.852902 0.047641 0.008037
2 2 0.020589 0.047197 0.823172 0.102225 0.006817
2 2 0.016458 0.039535 0.815799 0.122074 0.006134
2 2 0.010811 0.040693 0.807737 0.134555 0.006204
2 2 0.010553 0.036411 0.760564 0.187345 0.005127
2 2 0.008192 0.033659 0.797962 0.155807 0.004379
2 2 0.003333 0.013258 0.811027 0.170753 0.001628
2 2 0.000732 0.003462 0.841141 0.154313 0.000352
2 2 0.000672 0.002859 0.843648 0.152474 0.000346
2 2 0.000548 0.003623 0.894337 0.100951 0.000542
2 2 0.000265 0.001836 0.781533 0.216089 0.000278
2 2 0.000359 0.001735 0.762104 0.235568 0.000234
2 2 0.000725 0.003852 0.813899 0.180962 0.000561
2 2 0.003057 0.011218 0.846349 0.137113 0.002263
2 2 0.007644 0.025839 0.847683 0.112622 0.006212
2 2 0.004413 0.023352 0.832051 0.136104 0.004080
2 2 0.009270 0.032964 0.856218 0.095796 0.005752
2 2 0.018787 0.069635 0.845980 0.050860 0.014737
2 2 0.003998 0.024122 0.922275 0.044957 0.004648
2 2 0.003504 0.034552 0.923401 0.029612 0.008932
2 2 0.001168 0.017542 0.882244 0.093322 0.005724
2 2 0.000712 0.011339 0.786309 0.199217 0.002423
2 2 0.000388 0.004243 0.761681 0.232992 0.000695
2 2 0.000349 0.001808 0.652043 0.345492 0.000308
3 2 0.000282 0.001075 0.457038 0.541456 0.000149
3 2 0.000404 0.001579 0.406178 0.591580 0.000259
2 2 0.001884 0.002635 0.519627 0.475261 0.000593
2 2 0.004771 0.004762 0.522388 0.466908 0.001170
2 2 0.004246 0.008484 0.712635 0.273253 0.001382
2 2 0.005129 0.008629 0.552466 0.432261 0.001515
2 2 0.005003 0.011996 0.587295 0.394034 0.001673
2 2 0.010315 0.013375 0.553602 0.420297 0.002411
2 2 0.004885 0.013633 0.834617 0.145227 0.001639
2 2 0.006663 0.016966 0.888722 0.085763 0.001886
2 2 0.005315 0.017284 0.894566 0.080107 0.002728
2 2 0.009304 0.017571 0.885814 0.084490 0.002821
2 2 0.031089 0.031786 0.860273 0.071216 0.005636
2 2 0.038729 0.032085 0.833151 0.090426 0.005609
2 0 0.054095 0.051190 0.789462 0.095314 0.009938
2 2 0.073569 0.071198 0.757623 0.083254 0.014356
2 2 0.128716 0.093839 0.705412 0.054785 0.017248
2 2 0.077671 0.097712 0.753362 0.054592 0.016663
2 2 0.027971 0.103943 0.824821 0.023412 0.019852
2 2 0.041508 0.103433 0.822261 0.011428 0.021369
2 2 0.086403 0.142228 0.726939 0.013458 0.030972
2 2 0.153484 0.211823 0.560207 0.015407 0.059078
2 0 0.139784 0.256237 0.522120 0.012149 0.069710
2 0 0.253516 0.315844 0.349870 0.008594 0.072176
2 0 0.249196 0.249786 0.404393 0.014633 0.081992
2 0 0.269989 0.260106 0.362849 0.012902 0.094153
0 0 0.429298 0.233230 0.105019 0.008131 0.224322
4 1 0.269552 0.258637 0.117929 0.009355 0.344527
4 1 0.326163 0.199863 0.082628 0.011926 0.379421
4 0 0.245058 0.262880 0.118127 0.008905 0.365030
1 1 0.178462 0.355844 0.162771 0.004736 0.298188
1 1 0.109496 0.396323 0.228677 0.005497 0.260007
1 1 0.055243 0.417302 0.318357 0.005882 0.203217
1 1 0.050337 0.436661 0.312562 0.003621 0.196819
1 0 0.100188 0.429103 0.223972 0.002842 0.243894
0 0 0.349205 0.335364 0.117314 0.002250 0.195867
0 0 0.682302 0.142606 0.045753 0.005070 0.124270
0 0 0.664361 0.142367 0.050376 0.006614 0.136281
0 0 0.649492 0.151004 0.049965 0.005781 0.143759
0 0 0.583846 0.184504 0.049546 0.003846 0.178258
0 0 0.683484 0.150371 0.041917 0.003608 0.120620
0 0 0.611782 0.186729 0.042961 0.002550 0.155978
0 0 0.516620 0.203235 0.054056 0.004034 0.222055
0 0 0.538419 0.201882 0.050907 0.003476 0.205316
0 0 0.519809 0.218189 0.055333 0.003201 0.203468
0 0 0.506761 0.203676 0.055479 0.004308 0.229776
0 0 0.530823 0.202413 0.052005 0.003663 0.211097
0 0 0.427445 0.275534 0.076994 0.003005 0.217022
1 0 0.336199 0.339842 0.103689 0.002564 0.217707
1 0 0.290357 0.305748 0.113259 0.004809 0.285826
4 0 0.213719 0.221105 0.115286 0.014681 0.435209
4 1 0.047508 0.245088 0.239707 0.016037 0.451660
4 1 0.029487 0.222964 0.268994 0.018642 0.459914
4 1 0.025308 0.235203 0.292274 0.015889 0.431325
4 1 0.025456 0.234755 0.291393 0.015986 0.432409
4 4 0.043557 0.187196 0.208274 0.028065 0.532907
4 4 0.048713 0.175874 0.190851 0.031573 0.552989
4 4 0.090024 0.109064 0.101205 0.060534 0.639173
4 4 0.090024 0.109064 0.101205 0.060534 0.639173
4 4 0.090024 0.109064 0.101205 0.060534 0.639173
4 4 0.096105 0.112934 0.101305 0.057270 0.632387
4 4 0.287249 0.182938 0.086957 0.017141 0.425714
0 4 0.680019 0.125735 0.054367 0.010312 0.129566
0 4 0.855900 0.070599 0.027492 0.004716 0.041294
0 0 0.924958 0.036577 0.017509 0.004660 0.016296
0 0 0.915237 0.037713 0.020753 0.007027 0.019269
0 0 0.936856 0.029245 0.015914 0.005438 0.012547
0 0 0.948449 0.026311 0.012460 0.003375 0.009404
0 0 0.877023 0.059936 0.024995 0.004932 0.033115
0 0 0.523284 0.172977 0.066085 0.009493 0.228161
4 0 0.299524 0.188115 0.084133 0.014920 0.413307
4 0 0.203051 0.162516 0.095152 0.026429 0.512852
4 0 0.171236 0.150665 0.097998 0.032433 0.547668
4 0 0.202965 0.162487 0.095161 0.026443 0.512945
4 0 0.117865 0.193555 0.141501 0.024479 0.522599
4 0 0.084406 0.184222 0.157998 0.028371 0.545004
4 1 0.056594 0.160112 0.167778 0.036983 0.578532
4 1 0.027168 0.229655 0.281530 0.017111 0.444536
4 1 0.021638 0.246657 0.315612 0.013491 0.402602
4 1 0.022702 0.243267 0.308528 0.014184 0.411319
4 1 0.022359 0.244352 0.310778 0.013961 0.408550
4 1 0.024760 0.236871 0.295570 0.015530 0.427269
4 1 0.020594 0.250039 0.322844 0.012814 0.393710
4 1 0.021292 0.247771 0.317976 0.013267 0.399694
4 1 0.020396 0.250688 0.324252 0.012685 0.391979
4 1 0.018767 0.256098 0.336253 0.011631 0.377252
4 1 0.016495 0.263872 0.354444 0.010168 0.355022
4 1 0.017323 0.261006 0.347596 0.010700 0.363375
4 1 0.025822 0.233652 0.289237 0.016226 0.435062
4 1 0.038730 0.198607 0.226636 0.024807 0.511220
4 1 0.042515 0.189589 0.212056 0.027360 0.528480
4 1 0.038915 0.198154 0.225891 0.024932 0.512109
4 1 0.022936 0.242527 0.307002 0.014337 0.413198
4 1 0.022150 0.245017 0.312164 0.013825 0.406844
4 1 0.021409 0.227851 0.362442 0.013615 0.374683
2 1 0.017978 0.241885 0.378398 0.011299 0.350439
4 2 0.018453 0.256426 0.340250 0.011436 0.373435
2 2 0.015114 0.268721 0.366462 0.009284 0.340418
4 2 0.033318 0.268783 0.285782 0.012005 0.400112
1 0 0.158459 0.408579 0.179408 0.003025 0.250529
1 0 0.252850 0.436807 0.133455 0.001387 0.175501
1 0 0.208796 0.487739 0.149972 0.000974 0.152519
1 0 0.258026 0.358827 0.129832 0.003259 0.250057
0 0 0.494426 0.160793 0.127129 0.009860 0.207793
0 0 0.658832 0.111217 0.093192 0.015077 0.121682
0 0 0.581733 0.176139 0.081632 0.009565 0.150932
0 0 0.519500 0.228249 0.100476 0.006321 0.145454
0 0 0.551094 0.192455 0.067133 0.006085 0.183234
1 0 0.201724 0.390341 0.155341 0.003070 0.249524
1 0 0.056321 0.440022 0.288521 0.002898 0.212239
2 0 0.013773 0.327347 0.553264 0.004855 0.100760
2 1 0.019735 0.377259 0.476594 0.003940 0.122472
2 1 0.041798 0.310261 0.575635 0.004426 0.067879
2 0 0.069906 0.227180 0.628705 0.007030 0.067179
2 0 0.098757 0.274810 0.476056 0.015937 0.134439
2 0 0.063900 0.303476 0.527210 0.015893 0.089521
2 1 0.043104 0.337827 0.534047 0.009821 0.075201
2 1 0.024594 0.270212 0.616701 0.013261 0.075232
2 1 0.005578 0.120612 0.792253 0.023601 0.057956
0 0 0.682215 0.129870 0.062349 0.013503 0.112063
0 0 0.472948 0.218751 0.139734 0.025722 0.142844
1 0 0.154553 0.368451 0.214096 0.011240 0.251660
2 0 0.030740 0.290854 0.358993 0.021139 0.298274
4 0 0.051703 0.234282 0.274779 0.027558 0.411679
2 1 0.065964 0.170134 0.505624 0.032600 0.225679
2 2 0.188103 0.186961 0.389470 0.021750 0.213717
0 0 0.472225 0.138964 0.156203 0.019269 0.213339
0 0 0.649362 0.135148 0.057500 0.010471 0.147519
0 0 0.862402 0.064251 0.028260 0.006069 0.039018
0 0 0.792630 0.101125 0.033925 0.004279 0.068041
0 0 0.659872 0.138620 0.053264 0.008101 0.140144
0 0 0.695873 0.118859 0.053536 0.011000 0.120732
0 0 0.833348 0.074337 0.033565 0.007409 0.051341
0 0 0.840491 0.066866 0.034626 0.009842 0.048175
0 0 0.756134 0.101115 0.045182 0.009390 0.088180
0 0 0.633309 0.137686 0.076163 0.020564 0.132278
1 1 0.287918 0.330682 0.221262 0.016411 0.143726
1 2 0.070661 0.361460 0.334831 0.023880 0.209168
2 2 0.016436 0.209099 0.497214 0.029215 0.248035
0 2 0.849590 0.065066 0.032370 0.008609 0.044366
0 0 0.753615 0.111049 0.041106 0.006073 0.088157
0 0 0.493728 0.193295 0.061912 0.006409 0.244656
0 0 0.432614 0.211391 0.067515 0.006279 0.282201
0 2 0.401576 0.208556 0.102510 0.007180 0.280178
0 2 0.574774 0.130344 0.142573 0.010207 0.142102
0 0 0.792286 0.069634 0.068224 0.013656 0.056200
0 0 0.903814 0.035186 0.025407 0.013955 0.021638
0 0 0.888764 0.048713 0.025866 0.007986 0.028672
0 0 0.732627 0.106055 0.049611 0.011084 0.100622
1 0 0.244608 0.287758 0.187190 0.019461 0.260983
4 0 0.155164 0.309047 0.194496 0.017140 0.324153
4 2 0.060410 0.307648 0.294764 0.020200 0.316977
2 2 0.011686 0.158787 0.656372 0.027380 0.145775
2 2 0.003988 0.068648 0.850281 0.028980 0.048103
2 2 0.001193 0.024645 0.943566 0.020170 0.010426
2 2 0.002071 0.036959 0.933310 0.012437 0.015222
2 2 0.002436 0.041874 0.930318 0.008642 0.016730
2 2 0.001298 0.024547 0.958459 0.009016 0.006680
2 2 0.002251 0.031814 0.939865 0.012786 0.013284
2 2 0.000353 0.005643 0.962681 0.029794 0.001529
2 2 0.000283 0.004245 0.953078 0.041489 0.000905
2 2 0.000366 0.004315 0.936924 0.057452 0.000943
2 2 0.000297 0.007082 0.967666 0.023604 0.001350
2 2 0.000218 0.005640 0.967345 0.025787 0.001009
2 2 0.000146 0.003874 0.969590 0.025792 0.000599
2 2 0.000098 0.002170 0.962862 0.034594 0.000277
2 2 0.000104 0.002242 0.971732 0.025598 0.000324
2 2 0.000081 0.001928 0.976800 0.020922 0.000269
2 2 0.000176 0.001862 0.963696 0.034017 0.000249
2 2 0.000242 0.001930 0.949269 0.048274 0.000286
2 2 0.000258 0.001935 0.895594 0.101888 0.000326
2 2 0.000150 0.001556 0.878090 0.119999 0.000204
2 2 0.000147 0.001511 0.839206 0.158949 0.000188
2 2 0.000380 0.002915 0.807346 0.188808 0.000552
2 2 0.000544 0.003889 0.824110 0.170563 0.000894
2 2 0.000982 0.005425 0.793291 0.198736 0.001567
2 2 0.004798 0.008178 0.765599 0.218391 0.003034
2 2 0.019841 0.017282 0.798764 0.158872 0.005241
2 2 0.070849 0.037194 0.711027 0.167754 0.013177
0 0 0.681474 0.089855 0.069556 0.038054 0.121062
0 0 0.383689 0.127460 0.232574 0.081238 0.175039
2 0 0.178850 0.214265 0.376259 0.043791 0.186835
2 0 0.063930 0.233669 0.548026 0.031974 0.122401
1 0 0.211597 0.380246 0.216360 0.007607 0.184190
0 0 0.532296 0.197090 0.094640 0.011908 0.164066
0 2 0.526429 0.209844 0.105188 0.003712 0.154828
0 2 0.478075 0.153735 0.158614 0.011524 0.198052
1 0 0.255682 0.312221 0.204684 0.017691 0.209722
1 0 0.188557 0.359572 0.326055 0.019912 0.105904
2 0 0.086996 0.345830 0.495140 0.020008 0.052026
2 2 0.013215 0.149355 0.761271 0.045234 0.030925
2 2 0.003545 0.050319 0.907466 0.030791 0.007879
2 2 0.000621 0.009372 0.962189 0.026025 0.001793
2 2 0.000673 0.006521 0.972420 0.019407 0.000979
2 2 0.001233 0.011702 0.973169 0.012168 0.001728
2 2 0.001908 0.017129 0.963044 0.015144 0.002775
2 2 0.002984 0.024679 0.954785 0.013357 0.004195
2 2 0.002016 0.016675 0.962795 0.016350 0.002165
2 2 0.000596 0.004476 0.960700 0.033844 0.000384
2 2 0.078195 0.056453 0.819890 0.029503 0.015958
2 2 0.381189 0.100252 0.454894 0.027656 0.036009
0 2 0.700761 0.070118 0.160171 0.016899 0.052051
0 2 0.745292 0.084820 0.061740 0.020507 0.087640
0 0 0.695475 0.109010 0.058311 0.016358 0.120847
0 0 0.558270 0.201612 0.091257 0.007618 0.141243
0 0 0.663377 0.130298 0.056387 0.010644 0.139293
0 2 0.630203 0.115376 0.092931 0.019270 0.142221
0 2 0.557896 0.106206 0.212980 0.017527 0.105392
0 2 0.819765 0.050281 0.081828 0.013506 0.034620
0 0 0.938974 0.018658 0.017263 0.015724 0.009381
0 0 0.966324 0.007056 0.008851 0.015274 0.002495
0 0 0.978915 0.004651 0.005635 0.009561 0.001238
0 0 0.970521 0.007315 0.008197 0.011560 0.002407
0 0 0.967823 0.011039 0.009448 0.007948 0.003742
0 0 0.969622 0.012537 0.008794 0.005146 0.003901
0 0 0.934420 0.024224 0.018171 0.011132 0.012052
0 1 0.848219 0.066878 0.039060 0.009368 0.036475
0 2 0.528321 0.227829 0.135198 0.007799 0.100853
1 2 0.122897 0.478554 0.322978 0.004103 0.071467
1 2 0.138796 0.376235 0.284576 0.013953 0.186440
1 0 0.115444 0.450513 0.261456 0.005163 0.167424
2 0 0.015711 0.257975 0.573141 0.020396 0.132777
2 2 0.006285 0.134805 0.733963 0.023516 0.101432
2 2 0.006614 0.119616 0.755149 0.013922 0.104700
2 2 0.011959 0.166208 0.606804 0.009482 0.205548
4 2 0.024902 0.236437 0.294709 0.015623 0.428329
4 2 0.038350 0.199541 0.228177 0.024552 0.509380
4 4 0.068966 0.138580 0.138266 0.045590 0.608598
4 4 0.090024 0.109064 0.101205 0.060534 0.639173
4 4 0.090024 0.109064 0.101205 0.060534 0.639173
4 4 0.090024 0.109064 0.101205 0.060534 0.639173
4 4 0.090024 0.109064 0.101205 0.060534 0.639173
4 4 0.090024 0.109064 0.101205 0.060534 0.639173
4 4 0.090024 0.109064 0.101205 0.060534 0.639173
4 4 0.090024 0.109064 0.101205 0.060534 0.639173
4 4 0.090024 0.109064 0.101205 0.060534 0.639173
4 4 0.090024 0.109064 0.101205 0.060534 0.639173
4 4 0.090024 0.109064 0.101205 0.060534 0.639173
4 4 0.090024 0.109064 0.101205 0.060534 0.639173
4 4 0.098113 0.107579 0.105159 0.069644 0.619504
4 4 0.090024 0.109064 0.101205 0.060534 0.639173
4 4 0.090024 0.109064 0.101205 0.060534 0.639173
4 4 0.090024 0.109064 0.101205 0.060534 0.639173
4 4 0.090024 0.109064 0.101205 0.060534 0.639173
4 4 0.090024 0.109064 0.101205 0.060534 0.639173
4 4 0.090024 0.109064 0.101205 0.060534 0.639173
4 4 0.090024 0.109064 0.101205 0.060534 0.639173
4 4 0.090024 0.109064 0.101205 0.060534 0.639173
4 4 0.090024 0.109064 0.101205 0.060534 0.639173
4 4 0.090338 0.108238 0.110215 0.061209 0.629999
4 4 0.086191 0.113869 0.106984 0.057788 0.635168
4 4 0.090024 0.109064 0.101205 0.060534 0.639173
4 4 0.079668 0.122594 0.117727 0.053140 0.626871
4 4 0.060238 0.153390 0.158328 0.039504 0.588539
4 4 0.032588 0.214396 0.253548 0.020699 0.478769
4 4 0.025778 0.233785 0.289496 0.016197 0.434744
4 2 0.027722 0.228034 0.278452 0.017476 0.448317
4 2 0.025346 0.235088 0.292048 0.015914 0.431604
4 2 0.020619 0.249958 0.322668 0.012830 0.393926
4 2 0.027417 0.228922 0.280135 0.017275 0.446250
4 2 0.024659 0.237179 0.296183 0.015464 0.426515
4 2 0.030351 0.220534 0.264547 0.019214 0.465355
4 2 0.026215 0.232478 0.286955 0.016484 0.437868
4 2 0.028492 0.225804 0.274262 0.017984 0.453458
4 2 0.025751 0.251042 0.300903 0.013519 0.408786
4 2 0.065056 0.267477 0.223672 0.013256 0.430540
4 2 0.140582 0.223060 0.143818 0.017758 0.474781
4 0 0.178896 0.153702 0.097365 0.030835 0.539202
4 0 0.338835 0.168125 0.091911 0.023776 0.377353
0 0 0.630473 0.119869 0.069232 0.021786 0.158640
0 0 0.723513 0.098665 0.055571 0.017317 0.104934
0 0 0.698507 0.091802 0.064841 0.030204 0.114647
0 0 0.747169 0.063415 0.060761 0.050635 0.078021
0 1 0.875415 0.033747 0.033131 0.031271 0.026436
0 0 0.757066 0.092175 0.049111 0.014044 0.087603
0 0 0.480445 0.184370 0.067944 0.009021 0.258221
1 1 0.271772 0.326511 0.121736 0.004257 0.275724
1 1 0.131187 0.393391 0.195731 0.003817 0.275874
1 1 0.049325 0.361592 0.299939 0.007099 0.282045
2 1 0.009147 0.141097 0.687512 0.009838 0.152405
2 1 0.005296 0.082086 0.827741 0.011457 0.073421
2 2 0.002946 0.050588 0.896496 0.014215 0.035756
2 2 0.001081 0.030162 0.944348 0.010641 0.013768
2 2 0.000678 0.021510 0.959448 0.010097 0.008268
2 2 0.000563 0.020944 0.962924 0.008211 0.007359
2 2 0.000572 0.015787 0.966957 0.011039 0.005646
2 2 0.000657 0.018285 0.960979 0.013682 0.006396
2 2 0.000490 0.014061 0.963918 0.017724 0.003806
2 2 0.000408 0.012465 0.965460 0.018657 0.003009
2 2 0.000527 0.014254 0.965875 0.014989 0.004355
2 2 0.000749 0.018309 0.963135 0.012184 0.005622
2 2 0.000378 0.006984 0.976448 0.014877 0.001313
2 2 0.000424 0.006856 0.975222 0.016622 0.000877
2 2 0.000638 0.006857 0.947577 0.043577 0.001351
2 2 0.000360 0.005006 0.903339 0.090331 0.000965
2 2 0.000481 0.004564 0.840175 0.153797 0.000982
2 2 0.000291 0.002879 0.791987 0.204382 0.000461
2 2 0.000208 0.001257 0.608244 0.390126 0.000164
2 2 0.000191 0.001287 0.632494 0.365879 0.000150
3 2 0.000241 0.000627 0.321317 0.677719 0.000096
3 2 0.000246 0.000531 0.196304 0.802834 0.000085
3 2 0.000322 0.000579 0.150089 0.848899 0.000112
3 2 0.000258 0.000448 0.105620 0.893595 0.000078
3 2 0.000239 0.000329 0.072029 0.927346 0.000056
3 2 0.000417 0.000421 0.051091 0.947980 0.000092
3 2 0.000323 0.000417 0.051066 0.948113 0.000082
3 3 0.000394 0.000493 0.050403 0.948605 0.000105
3 3 0.000385 0.000475 0.047406 0.951634 0.000100
3 3 0.000320 0.000429 0.043905 0.955262 0.000084
3 3 0.000310 0.000383 0.032260 0.966972 0.000075
3 3 0.000252 0.000301 0.031459 0.967934 0.000054
3 3 0.000256 0.000269 0.025065 0.974361 0.000049
3 3 0.000317 0.000275 0.023327 0.976026 0.000055
3 3 0.000388 0.000296 0.018834 0.980416 0.000065
3 3 0.000477 0.000381 0.020267 0.978785 0.000091
3 3 0.000442 0.000452 0.021900 0.977102 0.000104
3 3 0.000286 0.000238 0.010291 0.989138 0.000047
3 3 0.000172 0.000140 0.008161 0.991505 0.000023
3 3 0.000077 0.000066 0.007872 0.991977 0.000008
3 3 0.000246 0.000124 0.005225 0.994380 0.000024
3 3 0.000096 0.000058 0.004012 0.995826 0.000008
3 3 0.000057 0.000034 0.003081 0.996825 0.000004
3 3 0.000040 0.000018 0.002115 0.997826 0.000002
3 3 0.000044 0.000019 0.002550 0.997385 0.000002
3 3 0.000056 0.000026 0.002975 0.996940 0.000003
3 3 0.000069 0.000039 0.003275 0.996613 0.000004
3 3 0.000059 0.000036 0.002669 0.997232 0.000004
3 3 0.000096 0.000077 0.004793 0.995023 0.000010
3 3 0.000082 0.000068 0.004849 0.994992 0.000008
3 3 0.000120 0.000082 0.004734 0.995052 0.000012
3 3 0.000140 0.000075 0.004375 0.995398 0.000011
3 3 0.000236 0.000108 0.005509 0.994128 0.000020
3 3 0.000355 0.000160 0.006002 0.993446 0.000036
3 3 0.000302 0.000167 0.007592 0.991905 0.000034
3 3 0.000336 0.000251 0.013711 0.985649 0.000053
3 3 0.000417 0.000333 0.020342 0.978832 0.000075
3 2 0.000300 0.000350 0.036343 0.962940 0.000067
3 2 0.000192 0.000446 0.098621 0.900679 0.000063
3 2 0.000264 0.001090 0.336897 0.661589 0.000159
0 2 0.316034 0.047252 0.303396 0.309593 0.023726
2 2 0.132715 0.050437 0.483666 0.322242 0.010939
2 0 0.044124 0.048327 0.628484 0.270751 0.008315
2 0 0.027957 0.053112 0.683865 0.223645 0.011422
2 2 0.008324 0.026769 0.701240 0.257830 0.005838
2 2 0.004459 0.012094 0.809088 0.172148 0.002212
2 2 0.001542 0.007549 0.884024 0.105678 0.001206
2 2 0.000717 0.007300 0.940740 0.050180 0.001063
2 2 0.001683 0.019058 0.946302 0.029024 0.003933
2 2 0.022895 0.055680 0.869102 0.033385 0.018939
2 2 0.061218 0.111984 0.781379 0.014527 0.030891
2 2 0.081133 0.131314 0.724588 0.027125 0.035840
2 2 0.042190 0.118562 0.773873 0.038317 0.027058
2 2 0.033478 0.094665 0.772098 0.078758 0.021001
2 2 0.015692 0.045357 0.807819 0.123173 0.007960
2 2 0.000817 0.003077 0.855908 0.139721 0.000477
2 2 0.001012 0.001936 0.825547 0.171183 0.000321
2 2 0.001059 0.002243 0.792265 0.203930 0.000502
2 2 0.004442 0.015795 0.871767 0.102001 0.005995
2 2 0.011065 0.061407 0.796242 0.075757 0.055529
4 2 0.033028 0.213214 0.251468 0.020992 0.481299
4 2 0.056229 0.160805 0.168765 0.036731 0.577470
4 2 0.064526 0.145898 0.148051 0.042486 0.599040
4 2 0.072020 0.133788 0.131991 0.047736 0.614464
4 4 0.090024 0.109064 0.101205 0.060534 0.639173
4 4 0.090024 0.109064 0.101205 0.060534 0.639173
4 4 0.090024 0.109064 0.101205 0.060534 0.639173
4 4 0.090024 0.109064 0.101205 0.060534 0.639173
4 4 0.090024 0.109064 0.101205 0.060534 0.639173
4 4 0.090024 0.109064 0.101205 0.060534 0.639173
4 4 0.059835 0.154117 0.159339 0.039225 0.587483
4 4 0.045622 0.182559 0.201047 0.029467 0.541306
4 4 0.045903 0.181938 0.200089 0.029658 0.542412
4 4 0.033752 0.211288 0.248100 0.021474 0.485387
4 4 0.030116 0.221192 0.265746 0.019058 0.463889
1 4 0.082280 0.352664 0.248622 0.008484 0.307950
1 0 0.169983 0.290663 0.261155 0.019082 0.259118
2 0 0.200637 0.266738 0.354819 0.018649 0.159157
2 0 0.216512 0.210608 0.436106 0.036527 0.100247
0 0 0.612053 0.095111 0.143409 0.058688 0.090739
0 0 0.450583 0.204179 0.063544 0.006160 0.275534
0 0 0.355000 0.247119 0.087797 0.006410 0.303675
1 0 0.289510 0.320022 0.115429 0.004167 0.270873
4 0 0.257489 0.296044 0.121493 0.006161 0.318812
4 0 0.123600 0.312448 0.196192 0.010858 0.356901
4 2 0.142699 0.234676 0.149507 0.016910 0.456208
0 2 0.368499 0.173433 0.099238 0.018033 0.340798
0 2 0.380164 0.188829 0.078492 0.012539 0.339976
4 2 0.277220 0.219194 0.099227 0.012192 0.392167
4 0 0.265487 0.287941 0.125392 0.007099 0.314082
4 0 0.206410 0.255734 0.128658 0.010928 0.398271
4 0 0.118311 0.271400 0.197759 0.021250 0.391280
2 0 0.128216 0.298392 0.360405 0.009051 0.203936
1 0 0.234394 0.335864 0.210843 0.005818 0.213082
1 0 0.269643 0.323528 0.122030 0.004434 0.280364
1 0 0.213445 0.338583 0.144420 0.004898 0.298654
0 0 0.327621 0.314252 0.108710 0.003850 0.245567
0 0 0.351064 0.258491 0.090633 0.005796 0.294017
4 0 0.334522 0.209577 0.083631 0.010423 0.361847
1 2 0.129757 0.341144 0.198727 0.008151 0.322221
2 2 0.034641 0.236776 0.580650 0.005223 0.142709
2 2 0.035420 0.199640 0.659044 0.005363 0.100533
2 2 0.022468 0.125530 0.797788 0.007669 0.046545
2 2 0.020094 0.159700 0.748120 0.005513 0.066574
2 2 0.023646 0.204337 0.689945 0.003526 0.078546
2 2 0.033509 0.267099 0.557916 0.002912 0.138564
2 2 0.042355 0.266525 0.551076 0.002435 0.137609
2 2 0.019487 0.185036 0.731681 0.002222 0.061574
2 2 0.017170 0.193580 0.730831 0.001934 0.056484
2 2 0.007961 0.139995 0.814799 0.002640 0.034603
2 2 0.005551 0.125992 0.818923 0.004307 0.045227
2 2 0.002347 0.084091 0.869036 0.008230 0.036296
2 2 0.002058 0.067916 0.885019 0.010539 0.034468
2 2 0.001631 0.054531 0.906977 0.011268 0.025593
2 2 0.001099 0.036103 0.937880 0.009153 0.015765
2 2 0.001402 0.035247 0.933546 0.012072 0.017733
2 2 0.000887 0.020522 0.958451 0.011153 0.008986
2 2 0.002624 0.044224 0.918940 0.010519 0.023693
2 2 0.001255 0.028883 0.944160 0.010855 0.014847
2 2 0.002103 0.055643 0.901040 0.009774 0.031441
2 2 0.000159 0.004134 0.969610 0.025403 0.000694
2 2 0.000193 0.004402 0.974724 0.019780 0.000901
2 2 0.000196 0.005807 0.978704 0.014074 0.001219
2 2 0.000227 0.006635 0.977832 0.013823 0.001483
2 2 0.000341 0.008764 0.972731 0.015819 0.002346
2 2 0.000410 0.010319 0.967947 0.018440 0.002883
2 2 0.000213 0.004687 0.975454 0.018620 0.001026
2 2 0.000380 0.006721 0.963659 0.027472 0.001768
2 2 0.000340 0.005872 0.954475 0.037999 0.001314
2 2 0.000428 0.013198 0.962322 0.020546 0.003506
2 2 0.000568 0.014695 0.956052 0.024430 0.004255
2 2 0.000464 0.011073 0.955993 0.029655 0.002814
2 2 0.000903 0.018925 0.941824 0.031732 0.006616
2 2 0.000589 0.006435 0.919762 0.071458 0.001756
2 2 0.000561 0.005328 0.899140 0.093597 0.001375
2 2 0.000181 0.001782 0.864916 0.132872 0.000249
2 2 0.000270 0.002026 0.857901 0.139449 0.000354
2 2 0.000264 0.002022 0.837606 0.159756 0.000351
2 2 0.000270 0.001675 0.786575 0.211198 0.000283
2 2 0.000330 0.002999 0.828310 0.167816 0.000545
2 2 0.000913 0.005085 0.818780 0.173498 0.001725
2 2 0.001331 0.007237 0.780981 0.207761 0.002690
2 2 0.001709 0.013064 0.879988 0.100840 0.004399
2 2 0.001343 0.008446 0.776560 0.210733 0.002917
2 2 0.001747 0.016073 0.786318 0.189839 0.006022
2 2 0.000951 0.006169 0.702403 0.288777 0.001701
2 2 0.001204 0.007449 0.683299 0.305707 0.002341
2 2 0.000551 0.002096 0.615002 0.381857 0.000495
3 2 0.000635 0.001519 0.478973 0.518486 0.000387
2 2 0.000902 0.002607 0.606689 0.389035 0.000768
2 2 0.000596 0.002205 0.628725 0.367976 0.000498
2 2 0.000546 0.003065 0.735971 0.259738 0.000679
2 2 0.000536 0.003355 0.694744 0.300660 0.000705
2 2 0.001431 0.004967 0.530243 0.461691 0.001667
2 2 0.001341 0.004725 0.522917 0.469460 0.001557
3 2 0.001187 0.004196 0.460958 0.532404 0.001255
2 2 0.001136 0.005504 0.578515 0.413232 0.001613
2 2 0.000701 0.003294 0.570775 0.424469 0.000760
3 2 0.001949 0.003500 0.482130 0.510925 0.001496
2 2 0.003806 0.005529 0.594580 0.394023 0.002062
2 2 0.000439 0.001990 0.712923 0.284228 0.000421
2 2 0.000369 0.001536 0.671343 0.326472 0.000280
2 2 0.000393 0.002195 0.823088 0.173955 0.000368
2 2 0.000427 0.002495 0.845721 0.151023 0.000333
2 2 0.000757 0.003209 0.857804 0.137793 0.000437
2 2 0.000757 0.003639 0.907584 0.087584 0.000436
2 2 0.000465 0.002938 0.908491 0.087782 0.000324
2 2 0.000579 0.003987 0.950508 0.044516 0.000411
2 2 0.001707 0.006917 0.868629 0.121589 0.001158
2 2 0.000886 0.006145 0.746940 0.244822 0.001206
2 2 0.000700 0.005237 0.755663 0.237185 0.001216
2 2 0.000701 0.004487 0.749829 0.243920 0.001062
2 2 0.002992 0.017222 0.829815 0.140720 0.009252
2 2 0.007757 0.033889 0.848667 0.088523 0.021164
2 2 0.021598 0.088922 0.775905 0.051920 0.061655
2 2 0.042652 0.113445 0.787007 0.021501 0.035395
2 2 0.032145 0.174317 0.713752 0.020642 0.059145
2 2 0.008135 0.186614 0.773686 0.008458 0.023107
2 2 0.007659 0.093311 0.852570 0.029520 0.016940
2 2 0.013372 0.100328 0.823807 0.040715 0.021778
2 2 0.000525 0.004677 0.908306 0.085714 0.000778
2 2 0.000630 0.003607 0.947784 0.047648 0.000331
2 2 0.000651 0.004528 0.973541 0.020883 0.000398
2 2 0.000936 0.006405 0.956369 0.035432 0.000859
2 2 0.000797 0.005577 0.917075 0.075671 0.000880
2 2 0.001022 0.014777 0.909093 0.072076 0.003032
2 2 0.001666 0.026423 0.863042 0.099431 0.009439
2 2 0.003440 0.063751 0.808857 0.091582 0.032370
2 2 0.007294 0.125659 0.689503 0.085744 0.091800
2 2 0.012398 0.185229 0.571055 0.049373 0.181945
4 4 0.031613 0.213121 0.296234 0.042931 0.416101
4 4 0.053667 0.166441 0.183940 0.042390 0.553563
4 4 0.064027 0.146747 0.149202 0.042138 0.597885
4 4 0.083448 0.117450 0.111354 0.055830 0.631918
4 4 0.090024 0.109064 0.101205 0.060534 0.639173
4 4 0.090024 0.109064 0.101205 0.060534 0.639173
4 4 0.077703 0.125365 0.121207 0.051748 0.623976
4 4 0.043573 0.187159 0.208217 0.028076 0.532975
4 4 0.075783 0.249735 0.202411 0.015586 0.456485
4 4 0.066457 0.280264 0.227480 0.011784 0.414015
4 4 0.091826 0.142179 0.124968 0.042334 0.598692
4 4 0.105380 0.174926 0.138151 0.029905 0.551638
4 4 0.100575 0.145176 0.122102 0.040390 0.591757
4 4 0.067534 0.140892 0.141332 0.044588 0.605655
4 4 0.061657 0.150863 0.154831 0.040489 0.592160
4 4 0.046610 0.180390 0.197711 0.030139 0.545151
4 4 0.058746 0.156102 0.162114 0.038471 0.584568
4 4 0.081843 0.119604 0.114008 0.054687 0.629858
4 4 0.076582 0.126978 0.123249 0.050954 0.622237
4 4 0.090024 0.109064 0.101205 0.060534 0.639173
4 4 0.085070 0.115317 0.108745 0.056987 0.633881
4 4 0.090024 0.109064 0.101205 0.060534 0.639173
4 4 0.090024 0.109064 0.101205 0.060534 0.639173
4 4 0.096421 0.113130 0.101308 0.057108 0.632033
4 4 0.126822 0.130350 0.100764 0.044460 0.597604
4 4 0.150107 0.141614 0.099531 0.037477 0.571270
4 4 0.151448 0.142219 0.099445 0.037126 0.569763
4 4 0.090024 0.109064 0.101205 0.060534 0.639173
4 4 0.090024 0.109064 0.101205 0.060534 0.639173
4 4 0.050754 0.171623 0.184497 0.032968 0.560159
4 1 0.037892 0.200673 0.230053 0.024244 0.507137
4 1 0.028296 0.226368 0.275315 0.017855 0.452166
4 2 0.031580 0.217135 0.258416 0.020029 0.472840
4 2 0.033797 0.211167 0.247888 0.021504 0.485643
4 2 0.040530 0.194254 0.219532 0.026019 0.519664
4 2 0.041673 0.194030 0.217079 0.026132 0.521085
4 2 0.041365 0.223170 0.327176 0.030064 0.378225
4 0 0.040778 0.218029 0.295690 0.029698 0.415805
4 0 0.126214 0.190176 0.170032 0.041475 0.472103
4 0 0.122698 0.160382 0.147813 0.067747 0.501360
4 0 0.089007 0.184742 0.205057 0.049392 0.471801
4 0 0.064322 0.169066 0.174960 0.043262 0.548390
4 2 0.078483 0.157946 0.145169 0.036932 0.581470
4 2 0.121199 0.183861 0.134605 0.026607 0.533729
4 2 0.032861 0.213661 0.252253 0.020881 0.480345
4 2 0.074609 0.150454 0.142797 0.040037 0.592104
4 0 0.218238 0.167509 0.093618 0.024065 0.496570
0 0 0.389334 0.189191 0.077424 0.012061 0.331991
0 0 0.589110 0.145131 0.066422 0.013515 0.185821
0 0 0.660730 0.129696 0.057335 0.011237 0.141001
4 0 0.029837 0.221976 0.267179 0.018873 0.462135
4 0 0.052275 0.168534 0.179942 0.034011 0.565239
4 0 0.069255 0.168680 0.160767 0.033601 0.567697
4 0 0.096108 0.112936 0.101305 0.057268 0.632383
4 0 0.090024 0.109064 0.101205 0.060534 0.639173
4 0 0.090024 0.109064 0.101205 0.060534 0.639173
4 0 0.103545 0.117462 0.101320 0.053661 0.624012
4 1 0.187749 0.157064 0.096590 0.029116 0.529481
4 1 0.308636 0.189159 0.083299 0.014412 0.404494
4 0 0.334069 0.180245 0.086244 0.017496 0.381945
0 0 0.420440 0.183560 0.084222 0.015907 0.295871
0 0 0.322891 0.240379 0.106329 0.009857 0.320544
4 1 0.123971 0.298388 0.188770 0.011465 0.377405
4 1 0.023764 0.239908 0.302208 0.015005 0.419115
2 1 0.015543 0.266109 0.369057 0.010639 0.338653
4 1 0.019487 0.251086 0.348340 0.016157 0.364931
2 1 0.042073 0.214797 0.379580 0.027200 0.336350
2 0 0.119352 0.258818 0.326813 0.016752 0.278265
4 1 0.183588 0.284839 0.193407 0.010755 0.327411
1 1 0.076667 0.356302 0.308838 0.012292 0.245902
4 1 0.211054 0.227068 0.147192 0.027936 0.386749
4 0 0.237607 0.262577 0.184632 0.024322 0.290864
0 0 0.331226 0.238447 0.120128 0.012040 0.298159
4 0 0.115944 0.229929 0.160383 0.017629 0.476115
4 4 0.046227 0.181227 0.198995 0.029878 0.543673
4 4 0.037049 0.202780 0.233569 0.023679 0.502924
4 2 0.031865 0.215381 0.278393 0.030446 0.443915
2 2 0.021720 0.238433 0.376790 0.038064 0.324993
2 2 0.018329 0.198982 0.478552 0.052263 0.251874
2 2 0.016112 0.239399 0.435508 0.041928 0.267053
2 2 0.020968 0.235950 0.377630 0.038744 0.326708
4 2 0.024617 0.234951 0.319924 0.023544 0.396964
2 2 0.019462 0.244207 0.378228 0.028381 0.329721
4 2 0.088951 0.126547 0.129737 0.053728 0.601037
4 2 0.130293 0.130597 0.111557 0.044021 0.583532
4 2 0.114549 0.196682 0.160196 0.038545 0.490028
4 2 0.141301 0.226358 0.222639 0.038607 0.371095
4 0 0.203005 0.238778 0.169192 0.038576 0.350448
4 0 0.236193 0.193737 0.115023 0.030520 0.424527
0 0 0.411590 0.124359 0.242330 0.031639 0.190082
4 0 0.257793 0.178742 0.089228 0.019003 0.455235
4 0 0.223614 0.199515 0.104849 0.017405 0.454617
4 0 0.145143 0.276212 0.161382 0.010895 0.406368
4 0 0.155171 0.313404 0.166505 0.007579 0.357341
1 0 0.057457 0.347266 0.263879 0.006196 0.325201
4 0 0.017079 0.261370 0.352892 0.011144 0.357516
2 1 0.012606 0.267947 0.427623 0.014503 0.277321
2 1 0.009430 0.261977 0.498103 0.020760 0.209729
2 1 0.010607 0.261202 0.479631 0.021550 0.227010
2 2 0.005940 0.160481 0.699381 0.028310 0.105888
2 2 0.001465 0.060422 0.892207 0.022882 0.023025
2 2 0.001174 0.031478 0.929615 0.024304 0.013428
2 2 0.001283 0.022447 0.937078 0.028955 0.010236
2 2 0.002239 0.036703 0.916598 0.021146 0.023314
2 2 0.003632 0.067986 0.857156 0.025701 0.045525
2 2 0.009277 0.130976 0.701815 0.031955 0.125977
2 2 0.012467 0.208910 0.537819 0.024025 0.216778
2 2 0.006588 0.156760 0.694075 0.032140 0.110437
2 2 0.005741 0.119140 0.762177 0.025526 0.087416
2 2 0.003849 0.093186 0.827421 0.013480 0.062065
4 2 0.244151 0.234285 0.110692 0.011701 0.399171
0 0 0.347116 0.258873 0.091552 0.005891 0.296569
4 0 0.293659 0.212876 0.092616 0.011933 0.388916
1 2 0.231801 0.383574 0.141726 0.002863 0.240036
0 2 0.513184 0.201986 0.058181 0.004174 0.222475
0 2 0.422247 0.260732 0.111953 0.012382 0.192686
1 0 0.125506 0.416041 0.333041 0.015759 0.109653
1 0 0.129465 0.434540 0.284485 0.008343 0.143167
1 0 0.094171 0.364186 0.256216 0.010848 0.274579
4 1 0.032842 0.221472 0.287613 0.023200 0.434873
4 1 0.063859 0.187566 0.182973 0.027943 0.537659
4 1 0.086233 0.221710 0.294901 0.030790 0.366367
2 1 0.094224 0.241439 0.416111 0.028121 0.220105
2 0 0.200242 0.182243 0.311128 0.036068 0.270319
0 0 0.332352 0.167625 0.138653 0.031374 0.329996
4 0 0.325699 0.175085 0.089273 0.020261 0.389682
4 2 0.178497 0.259301 0.140312 0.011557 0.410333
4 2 0.106907 0.140874 0.116009 0.041657 0.594553
4 2 0.055341 0.162982 0.189978 0.058647 0.533052
2 2 0.018563 0.230642 0.415564 0.056466 0.278766
2 2 0.000807 0.019186 0.962568 0.010472 0.006967
2 2 0.000512 0.011010 0.973094 0.012751 0.002633
2 2 0.000375 0.008380 0.981219 0.008752 0.001274
2 2 0.000521 0.008659 0.972809 0.016486 0.001526
2 2 0.000492 0.008089 0.964554 0.025343 0.001522
2 2 0.000655 0.013938 0.948777 0.032247 0.004383
2 2 0.000582 0.010374 0.954831 0.030956 0.003257
2 2 0.000440 0.005268 0.926524 0.066438 0.001331
2 2 0.000409 0.004045 0.895112 0.099459 0.000976
2 2 0.000184 0.001490 0.866662 0.131410 0.000254
2 2 0.000251 0.001766 0.853144 0.144495 0.000344
2 2 0.000401 0.003251 0.767792 0.227927 0.000629
2 2 0.000560 0.005695 0.764223 0.228368 0.001153
2 2 0.001893 0.030471 0.867282 0.088637 0.011716
2 2 0.002034 0.033751 0.904439 0.043265 0.016512
2 2 0.001748 0.036317 0.923310 0.018786 0.019839
2 2 0.001042 0.020346 0.953110 0.015730 0.009772
2 2 0.000894 0.022792 0.955907 0.010055 0.010352
2 2 0.000779 0.022696 0.961096 0.008753 0.006676
2 2 0.000570 0.017412 0.963692 0.013204 0.005122
2 2 0.000321 0.003884 0.959850 0.034932 0.001013
2 2 0.000278 0.004613 0.959285 0.034816 0.001008
2 2 0.000293 0.005714 0.965847 0.026847 0.001299
2 2 0.000257 0.004502 0.963734 0.030562 0.000946
2 2 0.000447 0.008111 0.965816 0.023315 0.002311
2 2 0.000425 0.012207 0.967515 0.016431 0.003424
2 2 0.000479 0.015502 0.964604 0.014741 0.004674
2 2 0.000474 0.015931 0.961473 0.017752 0.004371
2 2 0.000237 0.008510 0.963788 0.025951 0.001514
2 2 0.000224 0.006116 0.959207 0.033388 0.001064
2 2 0.000219 0.004350 0.951048 0.043628 0.000754
2 2 0.000187 0.002496 0.903126 0.093832 0.000359
2 2 0.000605 0.007463 0.920953 0.069277 0.001703
2 2 0.000793 0.008443 0.858171 0.130693 0.001899
2 2 0.001965 0.019481 0.870129 0.102910 0.005515
2 2 0.001194 0.010842 0.802802 0.181981 0.003181
2 2 0.000984 0.007878 0.740467 0.248630 0.002041
2 2 0.000517 0.005552 0.832680 0.160097 0.001154
2 2 0.000627 0.004697 0.746983 0.246643 0.001052
2 2 0.000460 0.003580 0.760214 0.235022 0.000724
3 2 0.000682 0.001706 0.235522 0.761668 0.000421
3 2 0.000452 0.001167 0.196206 0.801946 0.000229
3 2 0.000670 0.001480 0.194018 0.803456 0.000376
3 2 0.000414 0.000778 0.150601 0.848039 0.000167
3 2 0.000342 0.000691 0.153176 0.845655 0.000137
3 2 0.000306 0.000497 0.097035 0.902068 0.000094
3 3 0.000291 0.000403 0.047621 0.951609 0.000076
3 3 0.000254 0.000387 0.032060 0.967230 0.000069
3 3 0.000171 0.000244 0.024049 0.975498 0.000037
3 3 0.000177 0.000227 0.017043 0.982518 0.000036
3 3 0.000165 0.000199 0.014224 0.985381 0.000031
3 3 0.000174 0.000202 0.013833 0.985759 0.000032
3 3 0.000334 0.000283 0.011687 0.987636 0.000060
3 3 0.000357 0.000228 0.008829 0.990536 0.000050
3 3 0.000359 0.000260 0.010986 0.988338 0.000057
3 3 0.000363 0.000260 0.010041 0.989279 0.000057
3 3 0.000306 0.000218 0.008588 0.990843 0.000045
3 3 0.000248 0.000245 0.012860 0.986602 0.000045
3 3 0.000192 0.000196 0.014631 0.984949 0.000032
3 3 0.000181 0.000166 0.013628 0.985999 0.000027
3 3 0.000151 0.000064 0.003844 0.995932 0.000010
3 3 0.000136 0.000054 0.003110 0.996692 0.000008
3 3 0.000102 0.000049 0.003001 0.996841 0.000007
3 3 0.000098 0.000061 0.003762 0.996072 0.000008
3 3 0.000127 0.000105 0.005905 0.993847 0.000015
3 3 0.000076 0.000063 0.005915 0.993939 0.000007
3 3 0.000060 0.000054 0.007288 0.992592 0.000006
3 3 0.000041 0.000038 0.006116 0.993802 0.000003
3 3 0.000037 0.000030 0.005425 0.994505 0.000003
3 3 0.000069 0.000040 0.003831 0.996056 0.000004
3 3 0.000075 0.000037 0.002633 0.997250 0.000004
3 3 0.000112 0.000052 0.003077 0.996753 0.000007
3 3 0.000112 0.000046 0.002822 0.997014 0.000006
3 3 0.000110 0.000031 0.002180 0.997674 0.000004
3 3 0.000089 0.000035 0.002395 0.997477 0.000005
3 3 0.000068 0.000035 0.002457 0.997437 0.000004
3 3 0.000050 0.000020 0.001721 0.998206 0.000002
3 3 0.000024 0.000011 0.001290 0.998674 0.000001
3 3 0.000012 0.000006 0.000852 0.999130 0.000000
3 3 0.000017 0.000007 0.000897 0.999079 0.000000
3 3 0.000099 0.000037 0.002457 0.997402 0.000005
3 3 0.000072 0.000018 0.001517 0.998392 0.000002
3 3 0.000041 0.000015 0.001470 0.998472 0.000001
3 3 0.000030 0.000015 0.001599 0.998355 0.000001
3 3 0.000050 0.000020 0.001746 0.998182 0.000002
3 3 0.000105 0.000042 0.002682 0.997165 0.000006
3 3 0.000159 0.000058 0.003205 0.996569 0.000009
3 3 0.000196 0.000074 0.003722 0.995995 0.000013
3 3 0.000160 0.000045 0.002673 0.997114 0.000007
3 3 0.000127 0.000036 0.002378 0.997453 0.000006
3 3 0.000138 0.000036 0.002345 0.997475 0.000006
3 3 0.000070 0.000024 0.001876 0.998028 0.000003
3 3 0.000060 0.000027 0.002066 0.997844 0.000003
3 3 0.000064 0.000028 0.002146 0.997759 0.000003
3 3 0.000079 0.000027 0.002008 0.997883 0.000003
3 3 0.000083 0.000028 0.002088 0.997797 0.000004
3 3 0.000102 0.000046 0.002880 0.996965 0.000006
3 3 0.000087 0.000052 0.003186 0.996667 0.000007
3 3 0.000117 0.000063 0.003534 0.996277 0.000009
3 3 0.000071 0.000027 0.002033 0.997866 0.000003
3 3 0.000036 0.000017 0.001627 0.998318 0.000002
3 3 0.000041 0.000018 0.001672 0.998267 0.000002
3 3 0.000056 0.000023 0.001881 0.998038 0.000002
3 3 0.000045 0.000019 0.001677 0.998258 0.000002
3 3 0.000065 0.000023 0.001855 0.998055 0.000003
3 3 0.000039 0.000015 0.001437 0.998508 0.000001
3 3 0.000033 0.000010 0.001148 0.998808 0.000001
3 3 0.000097 0.000030 0.002160 0.997709 0.000004
3 3 0.000239 0.000114 0.004933 0.994693 0.000022
3 3 0.000751 0.000467 0.014064 0.984580 0.000138
3 3 0.001857 0.001406 0.039605 0.956547 0.000586
3 3 0.006065 0.005258 0.086524 0.898583 0.003570
3 3 0.017280 0.017827 0.194764 0.751204 0.018926
3 3 0.051216 0.052991 0.228001 0.577715 0.090077
2 3 0.071625 0.162348 0.340951 0.218279 0.206797
2 2 0.019485 0.189400 0.565286 0.104835 0.120994
2 2 0.009480 0.201181 0.591053 0.066176 0.132111
2 2 0.021987 0.273748 0.539827 0.033303 0.131136
2 2 0.066822 0.300636 0.484341 0.015949 0.132252
2 2 0.066686 0.241996 0.532376 0.020836 0.138106
4 2 0.061763 0.150676 0.154574 0.040563 0.592425
4 2 0.074656 0.130496 0.137931 0.072054 0.584864
4 2 0.086021 0.114658 0.112861 0.071702 0.614758
4 2 0.087467 0.112700 0.108635 0.067556 0.623642
4 4 0.086311 0.114271 0.112012 0.070861 0.616544
4 4 0.094339 0.108297 0.103357 0.065318 0.628689
4 4 0.109929 0.105068 0.110333 0.084071 0.590598
4 4 0.090024 0.109064 0.101205 0.060534 0.639173
4 4 0.084063 0.117197 0.118605 0.077521 0.602614
4 4 0.091801 0.116069 0.128125 0.097474 0.566531
4 4 0.101366 0.113186 0.149342 0.152085 0.484021
4 4 0.127339 0.100674 0.116718 0.107950 0.547319
4 4 0.138187 0.097527 0.119968 0.124590 0.519728
4 4 0.127782 0.100552 0.116862 0.108602 0.546202
4 4 0.148101 0.094370 0.122441 0.141145 0.493944
4 4 0.153313 0.092598 0.123545 0.150421 0.480123
