1 0 0.000007 0.999547 0.000172 0.000000 0.000274
4 0 0.000000 0.196601 0.001382 0.000000 0.802017
0 0 0.972031 0.007431 0.018171 0.000002 0.002365
0 0 0.766997 0.061901 0.145599 0.015594 0.009909
0 0 0.943352 0.051824 0.003069 0.000000 0.001756
0 0 0.964342 0.004778 0.001024 0.000000 0.029856
0 0 0.846612 0.081034 0.007111 0.000004 0.065240
0 0 0.961073 0.028209 0.001925 0.000001 0.008792
0 0 0.965087 0.023530 0.001858 0.000001 0.009524
0 0 0.663433 0.279282 0.014589 0.000011 0.042684
1 0 0.071713 0.636605 0.255087 0.000060 0.036536
1 0 0.057354 0.670735 0.143027 0.000148 0.128737
1 0 0.046158 0.866647 0.068031 0.000004 0.019161
1 0 0.094216 0.613719 0.091276 0.000460 0.200329
1 0 0.019455 0.555566 0.142127 0.001282 0.281570
1 0 0.013275 0.624821 0.175234 0.002311 0.184358
4 1 0.082953 0.349105 0.097256 0.000548 0.470139
4 1 0.029523 0.272244 0.287083 0.002026 0.409124
2 1 0.007323 0.402932 0.445821 0.000013 0.143911
1 1 0.013229 0.409920 0.356926 0.000013 0.219911
4 1 0.005474 0.313269 0.077948 0.005210 0.598099
4 1 0.064272 0.325119 0.084356 0.004103 0.522150
4 2 0.022489 0.355330 0.032675 0.001981 0.587525
1 2 0.021029 0.683757 0.137614 0.001812 0.155788
1 2 0.011057 0.324749 0.265643 0.096501 0.302050
2 2 0.002966 0.051897 0.746128 0.081668 0.117341
2 2 0.002532 0.028622 0.924613 0.011716 0.032517
2 2 0.000027 0.002377 0.990669 0.006696 0.000232
4 2 0.007581 0.210938 0.385882 0.000813 0.394785
1 1 0.014512 0.578316 0.240940 0.001014 0.165218
1 0 0.099171 0.628675 0.171232 0.005863 0.095059
1 1 0.017467 0.544576 0.293807 0.007140 0.137011
1 1 0.039161 0.666616 0.215910 0.001096 0.077218
1 1 0.010042 0.427039 0.358550 0.000375 0.203993
1 2 0.028380 0.513338 0.137791 0.018857 0.301634
1 2 0.011635 0.390629 0.236427 0.013537 0.347773
2 2 0.011483 0.084131 0.626185 0.006375 0.271826
2 2 0.015460 0.108815 0.667329 0.066871 0.141525
2 2 0.002552 0.026434 0.805519 0.000073 0.165422
2 2 0.006256 0.062128 0.915507 0.000584 0.015526
2 1 0.053693 0.362793 0.534364 0.000268 0.048882
2 1 0.097214 0.335831 0.346113 0.000770 0.220072
4 1 0.002212 0.241124 0.353177 0.000573 0.402914
2 2 0.001734 0.153475 0.728983 0.001042 0.114766
2 2 0.078436 0.208193 0.616581 0.054985 0.041804
1 2 0.009181 0.529310 0.246387 0.014232 0.200890
2 2 0.000006 0.003222 0.978025 0.018378 0.000369
2 2 0.000002 0.000996 0.989373 0.009590 0.000040
2 2 0.000000 0.000069 0.999885 0.000030 0.000016
2 2 0.000002 0.000014 0.998650 0.001333 0.000001
2 2 0.000000 0.000002 0.999751 0.000247 0.000000
2 2 0.000011 0.000289 0.999509 0.000157 0.000033
2 2 0.000298 0.000815 0.997470 0.001388 0.000030
2 2 0.000099 0.010513 0.989169 0.000192 0.000026
2 2 0.000019 0.006549 0.973111 0.019733 0.000588
2 2 0.000002 0.001550 0.998260 0.000152 0.000036
2 2 0.000000 0.000051 0.998561 0.001388 0.000000
2 2 0.000000 0.000000 0.999837 0.000162 0.000000
2 2 0.000006 0.002475 0.996477 0.000884 0.000158
2 2 0.000015 0.002350 0.942788 0.054468 0.000380
2 2 0.000000 0.000143 0.999653 0.000197 0.000006
2 2 0.000011 0.000304 0.996741 0.002930 0.000014
2 2 0.000006 0.001652 0.922470 0.075815 0.000057
2 2 0.000001 0.000884 0.956328 0.042786 0.000001
2 2 0.000053 0.005629 0.954986 0.038874 0.000458
2 3 0.000046 0.002655 0.550430 0.446609 0.000260
2 3 0.000000 0.000226 0.884557 0.115216 0.000001
2 3 0.000127 0.001127 0.695361 0.302961 0.000424
2 3 0.000003 0.000760 0.783461 0.215562 0.000214
2 3 0.000008 0.006321 0.963276 0.029984 0.000411
3 3 0.000000 0.000084 0.061996 0.937909 0.000012
3 3 0.000002 0.000596 0.089902 0.909430 0.000071
3 3 0.000003 0.001316 0.250849 0.747764 0.000068
3 3 0.000000 0.000594 0.299115 0.700249 0.000042
3 3 0.000001 0.000290 0.168050 0.831613 0.000045
3 3 0.000132 0.002116 0.432713 0.564708 0.000332
3 3 0.000000 0.000132 0.186821 0.813043 0.000004
2 3 0.000001 0.001077 0.596465 0.402445 0.000013
2 3 0.000016 0.002880 0.629729 0.367146 0.000228
3 3 0.000014 0.000589 0.049966 0.949357 0.000075
3 3 0.000000 0.000025 0.149143 0.850831 0.000001
3 3 0.000003 0.001935 0.381614 0.616261 0.000187
3 3 0.000006 0.000339 0.073831 0.925816 0.000008
3 3 0.000000 0.000109 0.081331 0.918553 0.000006
3 3 0.000000 0.000001 0.002940 0.997060 0.000000
3 3 0.000001 0.000132 0.069641 0.930220 0.000007
3 3 0.000001 0.001590 0.167426 0.830692 0.000290
3 3 0.000001 0.000045 0.014591 0.985359 0.000004
2 3 0.000002 0.001830 0.838988 0.159090 0.000090
2 3 0.000003 0.000926 0.529813 0.469061 0.000198
3 3 0.000001 0.001544 0.338188 0.660095 0.000172
3 3 0.000031 0.001895 0.075448 0.922269 0.000357
3 3 0.000000 0.000073 0.062207 0.937715 0.000005
3 3 0.000004 0.000245 0.010209 0.989473 0.000068
3 3 0.000051 0.017325 0.200595 0.774921 0.007107
3 3 0.000017 0.003742 0.085033 0.909991 0.001217
3 3 0.000481 0.014555 0.120760 0.859339 0.004865
3 3 0.000063 0.007664 0.353228 0.635071 0.003975
2 3 0.000020 0.013124 0.883129 0.102908 0.000818
2 2 0.000313 0.176563 0.675609 0.040222 0.107292
2 2 0.001638 0.131702 0.786491 0.060590 0.019579
2 2 0.000140 0.056354 0.882026 0.056567 0.004912
2 2 0.000747 0.071003 0.847552 0.018173 0.062525
2 2 0.000033 0.014363 0.976593 0.008008 0.001003
2 2 0.004179 0.114475 0.585054 0.001140 0.295153
2 2 0.000350 0.023507 0.911848 0.000596 0.063699
2 2 0.000813 0.307403 0.444323 0.014945 0.232517
2 2 0.001297 0.115868 0.566267 0.006662 0.309906
4 2 0.002483 0.062958 0.311863 0.000456 0.622239
4 2 0.004789 0.109411 0.306600 0.002202 0.576998
2 2 0.012950 0.052892 0.560366 0.026771 0.347021
2 2 0.003586 0.087773 0.650750 0.013355 0.244536
2 1 0.008458 0.310674 0.471235 0.000179 0.209454
4 1 0.004729 0.187918 0.318471 0.000895 0.487987
2 2 0.003585 0.180554 0.494803 0.010983 0.310074
2 2 0.001257 0.139326 0.648635 0.076759 0.134023
2 2 0.000014 0.005881 0.981544 0.011454 0.001107
2 2 0.000057 0.009282 0.986489 0.003973 0.000199
2 2 0.000477 0.006064 0.975708 0.012087 0.005665
2 2 0.000136 0.003458 0.965009 0.030683 0.000714
2 2 0.000138 0.001852 0.985569 0.006950 0.005490
2 2 0.000056 0.001106 0.998095 0.000592 0.000151
2 2 0.000014 0.000245 0.996052 0.003544 0.000145
2 2 0.001298 0.003638 0.985939 0.008122 0.001003
2 2 0.000006 0.000094 0.998567 0.001276 0.000056
2 2 0.000070 0.005113 0.987490 0.006517 0.000810
2 2 0.000028 0.001778 0.988200 0.000997 0.008997
2 2 0.000033 0.003169 0.993151 0.001957 0.001690
2 2 0.000000 0.000114 0.983807 0.016064 0.000015
2 2 0.000014 0.000255 0.991496 0.008098 0.000137
2 2 0.000059 0.001710 0.990711 0.006270 0.001249
2 2 0.000753 0.003923 0.993455 0.000042 0.001827
2 2 0.000000 0.000798 0.992272 0.006905 0.000025
2 2 0.000008 0.001084 0.978220 0.019981 0.000707
2 2 0.000003 0.001091 0.994492 0.003168 0.001246
2 2 0.000022 0.000781 0.960598 0.038355 0.000243
2 2 0.000161 0.038634 0.901789 0.031087 0.028329
2 2 0.000005 0.001783 0.985991 0.011393 0.000828
2 2 0.000001 0.000314 0.993070 0.006460 0.000155
2 2 0.000004 0.000319 0.999270 0.000384 0.000024
2 2 0.000004 0.004614 0.521948 0.471443 0.001991
2 2 0.000068 0.001759 0.913428 0.084708 0.000038
2 2 0.000001 0.000138 0.958862 0.040719 0.000280
2 2 0.000004 0.001613 0.963682 0.033912 0.000788
2 2 0.000000 0.000203 0.928233 0.071526 0.000038
2 2 0.000010 0.000620 0.824075 0.175266 0.000029
2 2 0.000001 0.000530 0.991761 0.007515 0.000193
2 2 0.000004 0.000766 0.976076 0.023146 0.000009
2 2 0.000000 0.000012 0.999626 0.000361 0.000001
2 2 0.000000 0.000090 0.983527 0.016383 0.000000
2 3 0.000003 0.001210 0.876403 0.121807 0.000577
2 3 0.000000 0.000945 0.852443 0.146553 0.000060
2 3 0.000003 0.004494 0.828861 0.165672 0.000970
2 3 0.000105 0.029763 0.915657 0.053729 0.000746
2 3 0.000043 0.052221 0.869168 0.074893 0.003675
2 3 0.000001 0.007938 0.676574 0.314130 0.001356
3 3 0.000025 0.011640 0.281136 0.704047 0.003152
2 3 0.000003 0.015358 0.786826 0.195022 0.002791
3 3 0.000017 0.002251 0.141981 0.855602 0.000150
3 3 0.000022 0.002501 0.057989 0.938727 0.000760
3 3 0.000003 0.001273 0.181579 0.817002 0.000143
3 3 0.000043 0.007846 0.310879 0.680814 0.000417
3 3 0.000001 0.000237 0.102775 0.896970 0.000017
3 3 0.000007 0.006232 0.198435 0.793490 0.001836
3 3 0.000007 0.002993 0.127962 0.868309 0.000730
3 3 0.000007 0.000536 0.048009 0.951383 0.000064
3 3 0.000005 0.000292 0.048195 0.951479 0.000028
3 3 0.000033 0.020227 0.316063 0.656629 0.007049
3 3 0.000015 0.003269 0.184648 0.811528 0.000540
3 3 0.000550 0.020684 0.128189 0.842250 0.008328
3 3 0.000002 0.001266 0.105299 0.893177 0.000257
3 3 0.000011 0.002867 0.126239 0.870285 0.000598
3 3 0.000000 0.000048 0.009551 0.990393 0.000007
3 3 0.000388 0.081275 0.239179 0.621428 0.057729
2 3 0.000487 0.062566 0.725581 0.206877 0.004489
3 3 0.000105 0.004935 0.178994 0.815558 0.000409
2 3 0.000228 0.069715 0.491505 0.412165 0.026387
2 3 0.000197 0.140111 0.698757 0.084447 0.076487
3 3 0.000457 0.013069 0.107863 0.874160 0.004451
3 3 0.000628 0.010309 0.162790 0.819656 0.006617
3 3 0.000220 0.004155 0.035796 0.958197 0.001633
3 3 0.000102 0.021986 0.146491 0.819493 0.011927
3 3 0.001562 0.053635 0.330378 0.534554 0.079872
3 3 0.001395 0.027944 0.158520 0.792940 0.019203
3 3 0.004023 0.067321 0.436790 0.476696 0.015170
3 3 0.002032 0.022249 0.081273 0.884263 0.010183
3 3 0.002829 0.042861 0.110317 0.820597 0.023394
3 3 0.000051 0.003593 0.093172 0.902349 0.000834
3 3 0.006783 0.091205 0.153201 0.693915 0.054896
3 3 0.002117 0.020205 0.077511 0.891314 0.008852
3 3 0.001470 0.050465 0.119307 0.795229 0.033528
3 3 0.000110 0.005408 0.041296 0.950494 0.002692
3 3 0.000674 0.012188 0.062916 0.918732 0.005490
3 3 0.002061 0.100104 0.155854 0.660619 0.081362
3 3 0.000207 0.041719 0.460978 0.485182 0.011914
2 3 0.000339 0.109930 0.517813 0.322821 0.049098
3 3 0.000426 0.004068 0.035150 0.958970 0.001387
3 3 0.000611 0.041790 0.293337 0.650085 0.014177
3 3 0.000081 0.013277 0.202843 0.779775 0.004024
3 3 0.000047 0.004636 0.092029 0.901954 0.001333
3 3 0.000194 0.007336 0.075981 0.913936 0.002553
3 3 0.000050 0.014075 0.465081 0.518772 0.002022
2 3 0.003169 0.085183 0.768686 0.098923 0.044039
2 2 0.000045 0.042450 0.868738 0.070594 0.018172
2 2 0.000013 0.013529 0.947569 0.021387 0.017501
2 2 0.000439 0.008319 0.915431 0.061821 0.013990
2 2 0.000158 0.007052 0.986963 0.000466 0.005361
2 2 0.000308 0.008618 0.977333 0.003331 0.010409
2 2 0.001850 0.014880 0.972041 0.002252 0.008977
2 0 0.002453 0.007989 0.838349 0.140532 0.010677
1 0 0.077252 0.440284 0.109719 0.009549 0.363196
1 1 0.083516 0.532995 0.243283 0.011828 0.128378
1 1 0.250511 0.371622 0.145668 0.007814 0.224384
1 1 0.181339 0.559894 0.129305 0.000961 0.128502
0 0 0.967778 0.016430 0.008975 0.000061 0.006756
0 0 0.875338 0.021294 0.081568 0.001225 0.020575
0 0 0.961700 0.011000 0.009721 0.000004 0.017576
0 0 0.969527 0.010901 0.013367 0.000128 0.006077
0 0 0.906374 0.015364 0.007156 0.000032 0.071073
0 0 0.698671 0.134710 0.016113 0.000059 0.150447
0 0 0.941182 0.002346 0.029886 0.000975 0.025611
0 0 0.970463 0.008519 0.007623 0.000056 0.013339
0 0 0.974676 0.018705 0.002402 0.000004 0.004213
0 0 0.997680 0.002250 0.000034 0.000000 0.000036
0 0 0.976580 0.017251 0.001278 0.000001 0.004890
0 0 0.948626 0.044375 0.004393 0.000001 0.002605
0 0 0.541329 0.240359 0.036399 0.000008 0.181905
0 0 0.701408 0.088466 0.014191 0.000045 0.195890
0 0 0.804717 0.047654 0.042192 0.000215 0.105223
0 0 0.954654 0.023296 0.006219 0.000039 0.015792
0 0 0.989043 0.002551 0.001162 0.000001 0.007244
0 0 0.982520 0.006266 0.000811 0.000000 0.010404
0 0 0.957813 0.032882 0.003922 0.000001 0.005382
0 0 0.394210 0.227397 0.031255 0.000047 0.347091
0 0 0.964378 0.023460 0.001050 0.000000 0.011112
0 0 0.954590 0.037558 0.001423 0.000000 0.006428
0 0 0.584027 0.160441 0.169745 0.000037 0.085750
1 0 0.274270 0.589955 0.117799 0.000016 0.017960
0 0 0.964447 0.016916 0.000524 0.000000 0.018112
0 0 0.521193 0.355093 0.028856 0.000000 0.094857
0 0 0.886059 0.081934 0.016578 0.000001 0.015429
1 1 0.418841 0.432732 0.056560 0.000260 0.091606
4 1 0.094018 0.394043 0.046093 0.000137 0.465710
4 1 0.241519 0.246072 0.077875 0.001635 0.432898
4 1 0.016694 0.254365 0.200283 0.000013 0.528645
4 0 0.127072 0.085375 0.036495 0.000238 0.750821
0 0 0.947392 0.010407 0.005141 0.000022 0.037038
0 0 0.894609 0.052130 0.006106 0.000004 0.047151
0 0 0.680229 0.297629 0.017622 0.000022 0.004498
0 0 0.681820 0.054190 0.194690 0.000363 0.068937
4 0 0.243429 0.037020 0.027679 0.000260 0.691611
0 0 0.583959 0.066015 0.039939 0.000072 0.310016
4 0 0.100373 0.051406 0.211421 0.111161 0.525640
4 0 0.379807 0.033328 0.122253 0.036805 0.427808
0 0 0.558710 0.148856 0.045086 0.000222 0.247126
0 0 0.924594 0.015882 0.009694 0.000111 0.049720
0 0 0.898992 0.054242 0.011104 0.000003 0.035659
0 0 0.986068 0.006390 0.001727 0.000001 0.005813
1 0 0.420943 0.483523 0.040566 0.000006 0.054963
1 0 0.247119 0.552792 0.146572 0.000012 0.053505
0 0 0.531243 0.282786 0.053642 0.000088 0.132241
1 1 0.044720 0.604312 0.191482 0.008236 0.151249
1 1 0.154799 0.699070 0.076550 0.000001 0.069580
0 0 0.839502 0.096340 0.033627 0.000000 0.030530
2 0 0.190763 0.150382 0.600323 0.000001 0.058531
2 0 0.172007 0.004506 0.820060 0.000849 0.002579
0 0 0.995836 0.001767 0.000486 0.000000 0.001910
0 0 0.963328 0.028895 0.002768 0.000005 0.005004
2 0 0.372777 0.005010 0.614464 0.000103 0.007646
0 0 0.993008 0.001319 0.001054 0.000001 0.004618
0 0 0.948678 0.027700 0.001882 0.000000 0.021740
0 0 0.982266 0.008455 0.000767 0.000000 0.008512
0 0 0.979691 0.018351 0.001494 0.000000 0.000464
0 0 0.984681 0.014193 0.000480 0.000000 0.000646
0 0 0.993179 0.005638 0.000211 0.000000 0.000971
1 0 0.400820 0.557354 0.016862 0.000117 0.024845
0 0 0.718073 0.241809 0.029736 0.000001 0.010381
1 0 0.348062 0.609201 0.028266 0.000008 0.014462
0 0 0.689656 0.153783 0.030812 0.000003 0.125746
0 0 0.776130 0.116346 0.022221 0.000000 0.085303
1 1 0.139967 0.675304 0.075927 0.000246 0.108556
1 1 0.003022 0.458469 0.123964 0.001279 0.413266
1 0 0.153273 0.423677 0.087982 0.000680 0.334388
1 1 0.060364 0.529755 0.211199 0.009330 0.189353
4 1 0.058805 0.112934 0.054553 0.001883 0.771826
4 1 0.039187 0.283922 0.124583 0.032308 0.520000
4 1 0.008985 0.317965 0.174885 0.006779 0.491386
4 1 0.010432 0.329296 0.153590 0.008025 0.498657
2 1 0.002818 0.303852 0.336019 0.026069 0.331241
2 1 0.003881 0.328702 0.385855 0.061531 0.220032
1 1 0.099721 0.348118 0.140901 0.140897 0.270363
1 1 0.016572 0.380263 0.208546 0.017638 0.376981
1 1 0.046706 0.411354 0.170839 0.077758 0.293343
2 1 0.002441 0.203776 0.561198 0.026771 0.205813
1 0 0.002036 0.629175 0.311867 0.000037 0.056886
1 1 0.046083 0.536392 0.142462 0.000413 0.274650
2 1 0.016461 0.360791 0.407456 0.003048 0.212244
2 1 0.021501 0.202055 0.549840 0.000069 0.226536
2 1 0.018768 0.323801 0.349704 0.000021 0.307705
2 0 0.080225 0.233152 0.682466 0.000673 0.003483
1 0 0.197673 0.490947 0.080335 0.000274 0.230771
1 1 0.357053 0.452188 0.104488 0.000061 0.086210
0 0 0.783853 0.069732 0.039286 0.002478 0.104650
4 0 0.271349 0.066642 0.077399 0.006437 0.578173
1 0 0.053391 0.515162 0.163917 0.000002 0.267528
1 0 0.198421 0.608255 0.117978 0.000002 0.075344
4 1 0.007697 0.346486 0.089992 0.008556 0.547269
2 1 0.007113 0.255097 0.455436 0.010801 0.271553
4 1 0.023772 0.285393 0.183502 0.031607 0.475727
1 1 0.025293 0.346268 0.297877 0.110806 0.219756
2 1 0.014207 0.199718 0.424080 0.076349 0.285647
4 0 0.024088 0.095860 0.092331 0.001010 0.786712
1 1 0.085268 0.366366 0.135742 0.132233 0.280391
4 1 0.057144 0.288313 0.133168 0.089369 0.432005
4 0 0.257158 0.173755 0.011745 0.000015 0.557328
0 0 0.765356 0.078164 0.007770 0.000000 0.148710
4 1 0.013247 0.097291 0.040489 0.001427 0.847547
4 1 0.010609 0.230304 0.209225 0.026870 0.522992
4 1 0.050119 0.331940 0.171886 0.000007 0.446049
4 0 0.129749 0.317140 0.110666 0.000000 0.442446
4 1 0.009261 0.440271 0.109111 0.000201 0.441155
1 1 0.072937 0.532979 0.101569 0.000004 0.292511
1 1 0.024135 0.460096 0.211988 0.000849 0.302933
2 1 0.197161 0.263845 0.308017 0.000047 0.230930
1 1 0.393640 0.422117 0.077129 0.000000 0.107114
1 0 0.158736 0.509859 0.185671 0.000001 0.145734
1 0 0.040082 0.665667 0.116018 0.000001 0.178233
0 0 0.845266 0.105205 0.029649 0.000003 0.019876
4 1 0.036780 0.399273 0.103148 0.058383 0.402416
4 1 0.009136 0.268745 0.158988 0.006899 0.556232
2 1 0.002267 0.230045 0.504445 0.158738 0.104506
2 2 0.004471 0.045232 0.622494 0.297570 0.030234
2 2 0.004858 0.255684 0.432361 0.113767 0.193330
2 2 0.000127 0.020271 0.927640 0.043872 0.008090
2 2 0.000014 0.000521 0.998985 0.000076 0.000405
2 2 0.000218 0.003650 0.995102 0.000448 0.000582
2 2 0.001552 0.080379 0.818414 0.030693 0.068962
2 2 0.002886 0.086945 0.718417 0.059762 0.131990
2 2 0.002372 0.104395 0.722404 0.046975 0.123855
2 2 0.002912 0.093624 0.643360 0.010862 0.249242
4 4 0.006833 0.066965 0.458658 0.002944 0.464600
4 4 0.010550 0.054858 0.219740 0.001787 0.713065
4 4 0.002993 0.166405 0.300824 0.003593 0.526185
4 4 0.023247 0.133240 0.080844 0.011757 0.750912
4 4 0.012621 0.255654 0.043049 0.009798 0.678878
4 4 0.057978 0.141101 0.055715 0.010172 0.735034
4 4 0.015398 0.225603 0.059197 0.014410 0.685392
4 4 0.029258 0.157662 0.063952 0.014838 0.734291
4 4 0.007219 0.029284 0.040309 0.000294 0.922895
4 4 0.009927 0.017781 0.122027 0.000423 0.849842
2 4 0.028199 0.079817 0.451077 0.000608 0.440298
2 4 0.004408 0.030743 0.497308 0.000838 0.466704
0 4 0.444635 0.175002 0.081618 0.000001 0.298745
4 1 0.029819 0.311635 0.128734 0.000014 0.529798
4 1 0.012232 0.362900 0.195742 0.008976 0.420150
4 4 0.032748 0.294059 0.147964 0.018488 0.506741
4 4 0.029979 0.132690 0.057253 0.004639 0.775440
4 4 0.033797 0.125881 0.077337 0.003953 0.759033
4 4 0.012083 0.167761 0.127517 0.002176 0.690463
4 4 0.013988 0.034853 0.011654 0.000460 0.939046
4 4 0.021450 0.187066 0.139810 0.001765 0.649909
4 4 0.014905 0.066948 0.383888 0.003568 0.530691
4 4 0.023823 0.053260 0.019505 0.001209 0.902203
4 4 0.079141 0.084669 0.075795 0.014987 0.745408
4 4 0.005818 0.116231 0.065488 0.000720 0.811742
4 4 0.087708 0.175228 0.060115 0.003076 0.673872
2 4 0.004574 0.028549 0.909337 0.002082 0.055458
2 1 0.004280 0.038533 0.876615 0.000003 0.080568
2 1 0.007678 0.146356 0.522496 0.050009 0.273461
4 1 0.004084 0.142208 0.399024 0.005975 0.448709
4 1 0.007870 0.149774 0.088751 0.001342 0.752262
4 1 0.018188 0.077732 0.049594 0.001097 0.853390
4 1 0.001598 0.205636 0.124237 0.000010 0.668519
4 1 0.003618 0.031813 0.009447 0.000021 0.955101
4 1 0.038197 0.044621 0.022324 0.000074 0.894784
4 4 0.016048 0.017012 0.011615 0.000138 0.955188
1 4 0.104799 0.447990 0.359278 0.000666 0.087266
1 4 0.022281 0.418158 0.210776 0.000340 0.348444
4 4 0.004385 0.102767 0.118883 0.001364 0.772601
4 4 0.009695 0.034628 0.086784 0.000775 0.868118
4 4 0.004864 0.048385 0.140054 0.001166 0.805531
4 4 0.006570 0.128796 0.258921 0.000280 0.605432
4 4 0.029045 0.112338 0.120186 0.002172 0.736258
4 4 0.043161 0.131216 0.059286 0.006315 0.760022
4 4 0.008650 0.218574 0.073746 0.004562 0.694468
4 4 0.004594 0.197536 0.023157 0.003187 0.771526
4 4 0.016506 0.138222 0.139906 0.000257 0.705109
4 4 0.071782 0.032062 0.028201 0.001064 0.866891
4 4 0.015540 0.015770 0.007196 0.000158 0.961337
4 4 0.244531 0.048197 0.018471 0.000186 0.688615
4 4 0.034645 0.080393 0.044144 0.002297 0.838522
4 4 0.003061 0.065853 0.059360 0.000507 0.871219
4 4 0.012709 0.206287 0.037165 0.006696 0.737143
4 4 0.017550 0.095117 0.025213 0.002365 0.859755
4 4 0.071158 0.050163 0.030272 0.002350 0.846057
4 4 0.022660 0.040921 0.016000 0.000794 0.919626
4 4 0.036100 0.188640 0.101983 0.008492 0.664785
4 4 0.040277 0.082767 0.033001 0.003345 0.840610
4 4 0.025382 0.298553 0.163892 0.014402 0.497771
4 4 0.022743 0.121474 0.114060 0.002068 0.739655
4 4 0.004204 0.169285 0.199215 0.000687 0.626608
4 4 0.030240 0.093435 0.035493 0.003085 0.837747
4 4 0.030077 0.107025 0.054827 0.003100 0.804971
4 4 0.071996 0.118061 0.039435 0.002543 0.767965
4 4 0.017090 0.232609 0.125765 0.000622 0.623913
4 4 0.050470 0.112335 0.058706 0.000332 0.778157
4 4 0.007864 0.091449 0.292049 0.000328 0.608311
4 4 0.010037 0.160866 0.357584 0.000123 0.471391
4 4 0.027792 0.052241 0.020593 0.001302 0.898073
4 4 0.011267 0.052531 0.046453 0.000531 0.889218
4 4 0.003076 0.050801 0.024354 0.000147 0.921622
4 4 0.014034 0.077852 0.075017 0.001084 0.832012
4 4 0.009536 0.104440 0.078373 0.000829 0.806823
4 4 0.007692 0.099950 0.149499 0.000453 0.742405
4 4 0.020361 0.246637 0.034187 0.000003 0.698813
4 4 0.058498 0.095482 0.323347 0.006311 0.516362
4 4 0.008481 0.134432 0.040940 0.001787 0.814360
4 4 0.006990 0.358824 0.152537 0.001505 0.480144
4 4 0.050051 0.113918 0.173418 0.012884 0.649730
2 1 0.000681 0.012851 0.956409 0.003286 0.026773
2 1 0.002816 0.046301 0.777941 0.015004 0.157938
2 1 0.009012 0.083801 0.596942 0.015400 0.294845
4 1 0.011553 0.248335 0.276288 0.075771 0.388054
2 1 0.004440 0.109696 0.633389 0.022234 0.230242
4 1 0.022184 0.217208 0.298117 0.117232 0.345258
2 1 0.007792 0.126317 0.495143 0.083299 0.287450
4 1 0.015864 0.310448 0.213391 0.032729 0.427568
4 2 0.003300 0.346117 0.085348 0.003997 0.561238
2 2 0.000493 0.071044 0.797347 0.014872 0.116243
2 2 0.000337 0.018587 0.921571 0.011333 0.048173
2 2 0.004476 0.171695 0.414997 0.031450 0.377383
2 2 0.001293 0.077464 0.723460 0.021989 0.175794
2 2 0.005310 0.112101 0.467992 0.004576 0.410021
2 2 0.021209 0.083849 0.619044 0.000069 0.275830
2 2 0.017095 0.121607 0.634882 0.045929 0.180487
2 2 0.001651 0.059650 0.743496 0.006915 0.188288
2 2 0.000124 0.005305 0.980037 0.001314 0.013220
2 2 0.000235 0.004934 0.972392 0.010481 0.011958
2 2 0.000000 0.000258 0.999285 0.000398 0.000058
2 2 0.000065 0.002686 0.994111 0.001189 0.001950
2 2 0.000149 0.001889 0.992569 0.000267 0.005127
2 2 0.035055 0.061554 0.800948 0.000011 0.102431
2 2 0.001006 0.026909 0.648893 0.027692 0.295501
2 2 0.001791 0.071565 0.712853 0.009167 0.204624
2 2 0.000003 0.001553 0.843863 0.154556 0.000025
2 2 0.000015 0.009446 0.967849 0.021482 0.001208
2 2 0.006446 0.017281 0.857327 0.000349 0.118598
2 2 0.051632 0.126018 0.747492 0.000278 0.074580
2 2 0.046881 0.075037 0.776244 0.023429 0.078409
0 0 0.471885 0.048266 0.434394 0.008096 0.037359
2 0 0.166114 0.186311 0.546066 0.067863 0.033645
0 0 0.961837 0.024018 0.003428 0.000007 0.010710
1 0 0.364899 0.528158 0.038419 0.001074 0.067450
0 0 0.913034 0.081271 0.002804 0.000003 0.002888
0 0 0.985935 0.006684 0.000451 0.000000 0.006930
0 0 0.966597 0.022810 0.001421 0.000000 0.009172
4 0 0.148801 0.141776 0.062866 0.007611 0.638945
4 1 0.034112 0.351703 0.209312 0.029442 0.375430
1 1 0.004893 0.457810 0.242644 0.010108 0.284545
4 1 0.024537 0.237270 0.084142 0.010700 0.643351
2 1 0.005834 0.336758 0.437190 0.060996 0.159222
2 1 0.009446 0.104579 0.602759 0.055534 0.227682
2 2 0.005584 0.238594 0.476081 0.050641 0.229099
2 2 0.002012 0.208461 0.374581 0.045757 0.369189
2 2 0.002495 0.079252 0.699451 0.133508 0.085294
2 2 0.002945 0.029161 0.827255 0.014436 0.126203
2 2 0.000255 0.023012 0.964132 0.000659 0.011942
2 2 0.000364 0.021153 0.936822 0.013088 0.028574
2 2 0.000215 0.060314 0.842384 0.003818 0.093269
2 2 0.015356 0.125915 0.677626 0.041978 0.139125
2 2 0.000228 0.006248 0.962804 0.003613 0.027107
2 2 0.000093 0.001327 0.995186 0.002932 0.000463
2 2 0.000062 0.005196 0.982871 0.007639 0.004231
2 2 0.000018 0.001742 0.997493 0.000591 0.000156
2 2 0.000065 0.002618 0.990661 0.004910 0.001746
2 2 0.002177 0.015352 0.965429 0.010475 0.006567
2 2 0.000031 0.007067 0.989415 0.000437 0.003050
2 2 0.000188 0.001789 0.997324 0.000593 0.000106
2 2 0.000037 0.000609 0.998926 0.000174 0.000254
2 2 0.000005 0.000380 0.999353 0.000023 0.000240
2 2 0.000004 0.001738 0.993684 0.003361 0.001214
2 2 0.000000 0.000407 0.998633 0.000386 0.000574
2 2 0.000076 0.005245 0.871020 0.118053 0.005606
2 2 0.000370 0.005440 0.896892 0.095515 0.001783
2 2 0.000002 0.000040 0.998521 0.001431 0.000006
2 2 0.000010 0.000417 0.993817 0.005474 0.000282
2 2 0.000063 0.005204 0.988111 0.003720 0.002901
2 2 0.000060 0.000462 0.990508 0.008773 0.000196
2 2 0.000001 0.001104 0.991391 0.007384 0.000120
2 2 0.000000 0.000063 0.999158 0.000779 0.000000
2 2 0.000073 0.012619 0.961818 0.010383 0.015106
2 2 0.000251 0.084529 0.652608 0.236607 0.026005
2 2 0.000014 0.004276 0.955862 0.020283 0.019566
2 2 0.000021 0.022926 0.938597 0.027330 0.011126
2 2 0.000490 0.130101 0.603196 0.006551 0.259661
2 2 0.000016 0.015651 0.879643 0.102390 0.002300
2 2 0.008711 0.074820 0.739897 0.038260 0.138311
2 2 0.001126 0.056022 0.885434 0.009189 0.048229
2 2 0.000171 0.004914 0.569421 0.423311 0.002182
2 2 0.000104 0.017565 0.642475 0.338672 0.001184
2 2 0.002039 0.095386 0.757205 0.130906 0.014463
3 3 0.000303 0.005885 0.068171 0.924105 0.001536
3 3 0.000335 0.115900 0.320952 0.478707 0.084106
2 3 0.000035 0.023633 0.485577 0.484560 0.006195
2 3 0.000806 0.068938 0.749271 0.125263 0.055722
2 3 0.000164 0.064786 0.890729 0.038518 0.005802
3 3 0.000263 0.024002 0.101422 0.859178 0.015135
3 3 0.000701 0.022161 0.374589 0.601031 0.001519
2 3 0.001377 0.132196 0.725014 0.110675 0.030738
2 3 0.000072 0.013121 0.650360 0.335038 0.001408
4 3 0.005123 0.159691 0.392244 0.041249 0.401693
3 3 0.000073 0.015683 0.475423 0.505403 0.003418
2 3 0.000043 0.059404 0.661784 0.258123 0.020646
3 3 0.000106 0.050419 0.417711 0.510927 0.020837
3 3 0.000150 0.023966 0.307727 0.661159 0.006998
3 3 0.000552 0.035862 0.143990 0.799839 0.019758
2 3 0.001213 0.087259 0.716996 0.097946 0.096585
2 3 0.000055 0.076228 0.612833 0.278345 0.032538
3 3 0.001230 0.017111 0.110699 0.865310 0.005651
3 3 0.000135 0.003027 0.145760 0.850724 0.000354
3 3 0.000321 0.017411 0.261742 0.716619 0.003908
3 3 0.000124 0.005412 0.129055 0.864869 0.000540
2 3 0.003378 0.136806 0.443932 0.365062 0.050821
3 3 0.000398 0.022967 0.117145 0.849892 0.009599
3 3 0.006656 0.027362 0.088554 0.866824 0.010604
3 3 0.000849 0.009873 0.060634 0.924921 0.003722
3 3 0.001448 0.019527 0.150264 0.784714 0.044047
3 3 0.000331 0.021928 0.173202 0.797650 0.006889
3 3 0.001168 0.028357 0.091839 0.862735 0.015901
3 3 0.000029 0.001267 0.023000 0.975264 0.000439
3 3 0.001838 0.010479 0.204660 0.773823 0.009199
2 3 0.001179 0.044291 0.763241 0.175396 0.015893
3 3 0.000079 0.007692 0.049592 0.937982 0.004656
3 3 0.000359 0.010333 0.075680 0.909542 0.004086
3 3 0.007112 0.093065 0.172250 0.646661 0.080913
3 3 0.011912 0.041413 0.202791 0.711229 0.032654
3 3 0.004376 0.150903 0.174727 0.544810 0.125183
3 3 0.009711 0.132307 0.344642 0.488861 0.024479
3 3 0.000041 0.003392 0.032851 0.961971 0.001745
3 3 0.000857 0.036751 0.103955 0.834246 0.024191
3 3 0.000275 0.017207 0.152411 0.823992 0.006114
3 3 0.002111 0.083227 0.244809 0.628535 0.041317
3 3 0.000101 0.001599 0.031733 0.966170 0.000398
3 3 0.000008 0.002682 0.167117 0.829727 0.000465
3 3 0.000344 0.063625 0.378603 0.538707 0.018721
3 3 0.000124 0.002259 0.110517 0.886937 0.000164
3 3 0.000437 0.029496 0.163487 0.776655 0.029925
3 2 0.002430 0.066760 0.133834 0.752411 0.044565
2 2 0.001089 0.226557 0.545047 0.121315 0.105991
2 2 0.000019 0.103719 0.890614 0.001764 0.003883
2 2 0.000191 0.035262 0.848098 0.093481 0.022967
2 2 0.000872 0.043546 0.927144 0.002653 0.025784
2 2 0.001441 0.104363 0.814248 0.073428 0.006521
2 2 0.161354 0.252017 0.491540 0.048097 0.046992
2 2 0.022090 0.078758 0.846206 0.017464 0.035482
2 2 0.000044 0.057672 0.938328 0.002377 0.001579
2 2 0.000215 0.204423 0.675791 0.036934 0.082638
2 2 0.001933 0.185874 0.755490 0.013473 0.043230
2 2 0.000006 0.015621 0.963473 0.018498 0.002402
2 2 0.000012 0.010729 0.944467 0.036645 0.008147
2 2 0.004737 0.054354 0.533058 0.008439 0.399413
2 2 0.007796 0.320357 0.640541 0.001255 0.030052
2 2 0.000704 0.018477 0.928612 0.046348 0.005859
2 2 0.001354 0.109581 0.522426 0.330352 0.036288
2 2 0.000154 0.041122 0.942345 0.007932 0.008447
2 2 0.000726 0.033807 0.943721 0.002369 0.019377
2 2 0.002485 0.236010 0.420519 0.001893 0.339093
4 2 0.018990 0.084263 0.331187 0.006416 0.559143
2 2 0.012568 0.267626 0.702163 0.000053 0.017591
2 2 0.005915 0.031576 0.937453 0.022654 0.002403
2 2 0.003247 0.031162 0.551785 0.051738 0.362068
2 2 0.001625 0.025955 0.833477 0.063122 0.075821
2 2 0.003751 0.028928 0.856706 0.011894 0.098721
2 2 0.000774 0.017393 0.901927 0.001357 0.078549
2 2 0.000409 0.061862 0.703004 0.180780 0.053945
2 2 0.010307 0.245633 0.515817 0.001954 0.226290
2 2 0.006143 0.015626 0.785521 0.150144 0.042565
2 2 0.000713 0.033232 0.888153 0.023280 0.054622
1 2 0.011545 0.658281 0.179945 0.000569 0.149660
2 2 0.010884 0.194518 0.451404 0.001768 0.341425
2 2 0.001967 0.053793 0.547946 0.007550 0.388743
4 2 0.021798 0.158456 0.175755 0.017799 0.626192
4 4 0.020302 0.338573 0.147958 0.029115 0.464053
4 4 0.008879 0.369567 0.238396 0.000241 0.382918
4 4 0.004238 0.136701 0.097093 0.000604 0.761365
4 4 0.009522 0.374532 0.117799 0.002547 0.495600
4 4 0.120810 0.298326 0.063354 0.005447 0.512064
4 4 0.043723 0.220766 0.040245 0.000424 0.694843
2 4 0.018084 0.154848 0.424309 0.002309 0.400450
2 4 0.002432 0.229865 0.467211 0.003001 0.297491
4 4 0.011386 0.214975 0.366938 0.003466 0.403234
4 1 0.003433 0.366106 0.260328 0.000282 0.369851
4 1 0.066646 0.305074 0.166010 0.042870 0.419401
4 1 0.015229 0.163648 0.349990 0.010779 0.460354
2 2 0.000344 0.048989 0.918343 0.000235 0.032088
2 2 0.004882 0.202851 0.688919 0.018065 0.085284
4 4 0.004850 0.121808 0.252063 0.000154 0.621124
4 4 0.010863 0.231960 0.230818 0.004561 0.521798
4 4 0.065661 0.252907 0.073912 0.017002 0.590518
4 4 0.004338 0.180328 0.158395 0.000876 0.656063
4 4 0.012181 0.128866 0.301089 0.041477 0.516386
4 4 0.014691 0.336671 0.209015 0.011711 0.427912
4 4 0.061940 0.020279 0.003858 0.000005 0.913917
4 4 0.012199 0.134278 0.011943 0.000193 0.841387
4 4 0.138585 0.178473 0.066005 0.008117 0.608819
4 4 0.018780 0.402488 0.058997 0.017176 0.502558
4 4 0.036867 0.050377 0.028147 0.001307 0.883302
4 4 0.020509 0.014018 0.003916 0.000018 0.961540
4 4 0.001563 0.055776 0.056886 0.000271 0.885504
4 4 0.001844 0.161557 0.258218 0.000276 0.578105
1 4 0.029287 0.355041 0.296796 0.000130 0.318746
4 4 0.011496 0.127621 0.076446 0.000519 0.783918
4 4 0.014015 0.249363 0.048651 0.009512 0.678459
4 4 0.034552 0.119708 0.039621 0.005358 0.800761
4 4 0.011678 0.048759 0.023979 0.000001 0.915583
4 1 0.010894 0.131466 0.037587 0.000029 0.820024
1 2 0.008626 0.346362 0.321144 0.019707 0.304161
2 2 0.004578 0.244087 0.567516 0.024606 0.159214
4 2 0.021729 0.076281 0.364708 0.029255 0.508027
2 2 0.006187 0.109530 0.855469 0.002704 0.026111
4 2 0.020670 0.089907 0.128704 0.000143 0.760575
4 2 0.013631 0.065209 0.110761 0.001751 0.808649
2 2 0.001313 0.013620 0.837310 0.000051 0.147707
4 2 0.063208 0.040569 0.086995 0.000186 0.809043
2 2 0.003782 0.041349 0.704012 0.016360 0.234496
2 2 0.000314 0.101622 0.778427 0.024012 0.095624
2 2 0.004291 0.068635 0.618314 0.000355 0.308406
2 2 0.004733 0.039674 0.710021 0.000646 0.244927
2 2 0.000590 0.055372 0.902814 0.004286 0.036938
2 2 0.001752 0.055401 0.890167 0.009932 0.042748
2 2 0.000105 0.042384 0.899432 0.015599 0.042480
2 2 0.001953 0.025024 0.627639 0.002584 0.342801
2 2 0.000006 0.000239 0.999685 0.000001 0.000069
2 2 0.000618 0.009300 0.986919 0.000003 0.003160
2 2 0.000421 0.010145 0.967345 0.000114 0.021974
2 2 0.000273 0.001705 0.995407 0.000063 0.002552
2 2 0.000070 0.002257 0.987365 0.009497 0.000811
2 2 0.007114 0.037881 0.825616 0.000279 0.129110
2 2 0.010430 0.020858 0.899601 0.057441 0.011670
2 2 0.026703 0.040173 0.862608 0.000365 0.070151
4 2 0.001968 0.243293 0.287746 0.000018 0.466974
2 2 0.010401 0.117858 0.739203 0.000050 0.132487
2 2 0.003950 0.005784 0.924658 0.001447 0.064162
2 2 0.006697 0.081796 0.479354 0.187784 0.244369
2 2 0.000001 0.001483 0.997661 0.000494 0.000361
2 2 0.000006 0.002548 0.973486 0.022895 0.001065
2 2 0.000125 0.001738 0.995567 0.000055 0.002515
2 2 0.001714 0.028625 0.945690 0.000019 0.023952
2 2 0.000001 0.001226 0.995840 0.002787 0.000147
2 2 0.000002 0.000340 0.992769 0.006529 0.000361
2 2 0.000026 0.022280 0.969350 0.004069 0.004275
2 2 0.000047 0.001904 0.995681 0.001621 0.000746
3 2 0.000079 0.003932 0.442429 0.548864 0.004695
2 2 0.000028 0.000895 0.964671 0.033219 0.001187
2 2 0.000063 0.015090 0.979545 0.001753 0.003550
2 2 0.000180 0.002373 0.992604 0.000776 0.004067
2 2 0.000436 0.047435 0.909603 0.001446 0.041080
2 2 0.004284 0.045587 0.790704 0.008813 0.150612
2 2 0.001531 0.011085 0.873104 0.002595 0.111685
2 2 0.007839 0.075294 0.740227 0.110784 0.065857
4 2 0.015747 0.121608 0.134914 0.002947 0.724784
2 2 0.010349 0.108019 0.699541 0.085470 0.096622
2 2 0.001699 0.074447 0.662625 0.106416 0.154813
2 2 0.000555 0.044480 0.902958 0.008557 0.043449
2 2 0.000032 0.002781 0.971640 0.023264 0.002282
2 2 0.003034 0.005909 0.983403 0.000761 0.006893
2 2 0.000278 0.008475 0.954050 0.000528 0.036669
2 2 0.000971 0.010149 0.978836 0.001349 0.008695
2 2 0.000020 0.001187 0.994721 0.001641 0.002431
2 2 0.000038 0.004872 0.969732 0.023425 0.001933
2 2 0.000889 0.003393 0.975727 0.010263 0.009728
2 2 0.007931 0.041936 0.926925 0.001497 0.021710
2 2 0.000008 0.000467 0.994443 0.005045 0.000036
2 2 0.000097 0.004373 0.993628 0.001864 0.000038
2 2 0.000001 0.000124 0.999797 0.000041 0.000037
2 2 0.000003 0.000155 0.999269 0.000554 0.000019
2 2 0.000000 0.000209 0.992526 0.007237 0.000028
2 2 0.000001 0.000889 0.967322 0.031736 0.000053
2 2 0.000650 0.004378 0.986620 0.000210 0.008142
2 2 0.003198 0.037520 0.878396 0.002673 0.078214
2 2 0.000004 0.001509 0.979845 0.017639 0.001003
2 2 0.000112 0.020090 0.966031 0.005505 0.008263
2 2 0.000042 0.004794 0.943009 0.047366 0.004788
2 2 0.000016 0.004791 0.874110 0.118761 0.002323
2 2 0.000036 0.007125 0.978598 0.008913 0.005328
2 2 0.000053 0.001007 0.995876 0.002227 0.000837
2 2 0.000020 0.001131 0.998119 0.000495 0.000234
2 2 0.000008 0.000921 0.998388 0.000527 0.000156
2 2 0.000026 0.003344 0.954570 0.040035 0.002025
2 2 0.000224 0.008361 0.982287 0.007766 0.001362
2 2 0.000005 0.000675 0.995241 0.003446 0.000634
2 2 0.000000 0.000045 0.974223 0.025725 0.000006
2 2 0.000066 0.008160 0.979863 0.011052 0.000858
2 2 0.000107 0.002408 0.997160 0.000302 0.000023
2 2 0.009494 0.063475 0.654870 0.112945 0.159216
2 2 0.000348 0.076154 0.880108 0.018572 0.024818
2 2 0.000056 0.021920 0.824290 0.146077 0.007657
2 2 0.001726 0.049210 0.613707 0.037473 0.297884
2 2 0.000520 0.091920 0.721820 0.053935 0.131804
2 2 0.001993 0.016045 0.534963 0.442130 0.004870
2 2 0.000211 0.006686 0.988534 0.003167 0.001402
2 2 0.000011 0.002882 0.950164 0.046538 0.000404
2 2 0.000182 0.034992 0.718402 0.243385 0.003038
2 2 0.000482 0.072627 0.890001 0.030591 0.006299
2 2 0.000329 0.143804 0.738302 0.099096 0.018468
2 2 0.000234 0.049996 0.925890 0.018487 0.005394
2 2 0.006490 0.086898 0.901786 0.002124 0.002703
2 2 0.001460 0.130935 0.762361 0.009151 0.096093
2 2 0.000325 0.098063 0.768656 0.081987 0.050969
2 2 0.001265 0.105171 0.622533 0.205188 0.065843
2 2 0.002061 0.298392 0.653225 0.002679 0.043643
2 2 0.000909 0.037330 0.747640 0.013283 0.200838
2 2 0.009917 0.179588 0.575772 0.005748 0.228975
2 2 0.005891 0.109103 0.870490 0.002616 0.011899
2 2 0.001525 0.101436 0.820883 0.054240 0.021915
2 2 0.001993 0.049826 0.905854 0.022939 0.019388
2 2 0.000604 0.028658 0.958945 0.002878 0.008915
2 2 0.001847 0.035722 0.942259 0.009478 0.010694
2 2 0.001749 0.014628 0.973992 0.000086 0.009546
1 0 0.045839 0.724159 0.222063 0.000070 0.007868
4 0 0.199362 0.250614 0.170671 0.127747 0.251605
2 1 0.049147 0.191755 0.451246 0.144477 0.163375
1 0 0.013963 0.533442 0.439107 0.000414 0.013075
4 0 0.103974 0.281232 0.239550 0.000014 0.375230
1 0 0.209252 0.386487 0.072041 0.000095 0.332125
0 0 0.874182 0.060046 0.037397 0.000286 0.028088
4 1 0.022319 0.359003 0.200457 0.020095 0.398127
2 1 0.010912 0.177752 0.503340 0.014560 0.293436
2 1 0.001066 0.203712 0.664807 0.063977 0.066438
2 1 0.005670 0.144551 0.660269 0.022253 0.167258
2 1 0.003482 0.049793 0.803393 0.000176 0.143156
2 1 0.004098 0.010492 0.918030 0.001325 0.066054
2 2 0.000463 0.097801 0.723246 0.016892 0.161597
2 2 0.001114 0.166994 0.663835 0.038004 0.130053
4 2 0.004764 0.186822 0.302785 0.022380 0.483249
2 2 0.002093 0.040469 0.823532 0.013347 0.120559
2 2 0.019428 0.127289 0.624839 0.025716 0.202727
2 2 0.006792 0.117344 0.459204 0.016539 0.400120
2 4 0.007924 0.121227 0.462526 0.023449 0.384874
2 4 0.017575 0.096053 0.465882 0.004384 0.416107
4 4 0.041072 0.053484 0.024910 0.001751 0.878783
4 4 0.033862 0.086277 0.038743 0.002788 0.838330
0 4 0.716293 0.066298 0.075607 0.000082 0.141720
0 1 0.655731 0.126570 0.149256 0.000004 0.068439
2 4 0.012443 0.105024 0.502491 0.026907 0.353134
2 4 0.015008 0.074958 0.612041 0.012992 0.285002
2 4 0.027943 0.164897 0.525933 0.000072 0.281155
4 1 0.116152 0.192140 0.256184 0.000021 0.435502
4 1 0.001549 0.094429 0.196502 0.000486 0.707035
4 1 0.000384 0.029525 0.127148 0.000019 0.842923
4 4 0.006299 0.156958 0.177930 0.002398 0.656415
4 4 0.044133 0.089678 0.038155 0.000318 0.827715
2 4 0.019092 0.048725 0.577949 0.014272 0.339962
4 4 0.138648 0.044125 0.055972 0.002058 0.759197
0 4 0.723584 0.082753 0.181187 0.000502 0.011975
0 0 0.449889 0.254827 0.254097 0.000175 0.041012
4 1 0.015117 0.244590 0.258779 0.000329 0.481185
4 1 0.008334 0.111335 0.396000 0.001840 0.482490
4 1 0.009214 0.164455 0.204955 0.001290 0.620086
4 1 0.012710 0.121357 0.315371 0.000181 0.550381
4 1 0.202608 0.208146 0.052348 0.000003 0.536894
0 0 0.990725 0.006486 0.000740 0.000000 0.002049
0 0 0.930245 0.020542 0.002655 0.000000 0.046558
0 0 0.947388 0.009097 0.004947 0.000000 0.038568
0 0 0.708895 0.061034 0.010071 0.000000 0.219999
1 0 0.305543 0.361441 0.099675 0.000010 0.233331
0 0 0.875730 0.020782 0.016345 0.000000 0.087143
0 0 0.559901 0.106792 0.018843 0.000001 0.314463
0 0 0.779091 0.067886 0.013561 0.000000 0.139462
0 0 0.992227 0.002196 0.001193 0.000000 0.004384
0 0 0.988230 0.009587 0.000295 0.000000 0.001888
0 0 0.993710 0.003282 0.000603 0.000000 0.002405
4 0 0.370890 0.088436 0.020427 0.000063 0.520184
4 0 0.189560 0.259128 0.217486 0.000054 0.333771
0 0 0.992168 0.004544 0.001474 0.000000 0.001814
0 0 0.997500 0.001242 0.000266 0.000000 0.000992
0 0 0.842766 0.055934 0.016100 0.000001 0.085199
0 0 0.697946 0.226246 0.048670 0.000000 0.027137
0 0 0.761093 0.106855 0.008153 0.000000 0.123898
0 0 0.929883 0.036682 0.004402 0.000000 0.029033
0 0 0.953237 0.009746 0.010547 0.000000 0.026470
0 0 0.981043 0.006450 0.000774 0.000000 0.011732
0 0 0.892443 0.047239 0.032312 0.001038 0.026968
0 0 0.910919 0.009871 0.042648 0.001991 0.034571
0 0 0.481548 0.099090 0.100199 0.016281 0.302881
0 0 0.497021 0.089402 0.032856 0.000650 0.380071
1 0 0.099589 0.450214 0.218040 0.000705 0.231452
0 0 0.768531 0.030998 0.014732 0.000120 0.185618
4 0 0.318936 0.086724 0.130137 0.028949 0.435254
4 0 0.090313 0.019608 0.017959 0.000710 0.871411
0 0 0.803023 0.023149 0.010157 0.000041 0.163630
0 0 0.909488 0.023503 0.007951 0.000036 0.059021
0 0 0.772619 0.026148 0.047659 0.003105 0.150468
0 0 0.910507 0.020173 0.011287 0.000114 0.057919
0 0 0.530883 0.036683 0.087297 0.015561 0.329576
4 0 0.148536 0.081892 0.159255 0.067356 0.542961
0 0 0.792850 0.069516 0.048882 0.003489 0.085263
4 0 0.160752 0.094433 0.066988 0.012121 0.665706
0 0 0.783011 0.006148 0.057747 0.006396 0.146699
0 0 0.838801 0.011896 0.009966 0.000082 0.139255
0 0 0.843366 0.024949 0.009547 0.000041 0.122096
0 0 0.996260 0.001382 0.000363 0.000000 0.001994
0 0 0.773328 0.154751 0.068240 0.000000 0.003681
0 0 0.979582 0.012812 0.004979 0.000000 0.002626
0 0 0.812160 0.052750 0.016548 0.000008 0.118534
0 0 0.774905 0.142298 0.057209 0.000000 0.025587
0 0 0.952661 0.027646 0.002873 0.000000 0.016820
0 0 0.889528 0.078389 0.018980 0.000000 0.013102
0 0 0.975841 0.007479 0.001886 0.000002 0.014792
0 0 0.982359 0.004322 0.002047 0.000005 0.011268
0 0 0.823668 0.070654 0.007176 0.000008 0.098494
0 0 0.967997 0.011321 0.002237 0.000002 0.018443
0 0 0.994690 0.002288 0.000276 0.000000 0.002746
0 0 0.828344 0.062887 0.083894 0.000006 0.024869
0 0 0.441107 0.320107 0.095383 0.000001 0.143401
1 1 0.063380 0.336382 0.265340 0.000250 0.334647
