0 0 1.000000 0.000000 0.000000 0.000000 0.000000
0 0 0.977040 0.020335 0.002399 0.000012 0.000215
0 0 0.932799 0.044401 0.009776 0.000015 0.013008
0 0 0.971499 0.020386 0.003063 0.000001 0.005052
0 0 0.993415 0.005642 0.000434 0.000000 0.000508
0 0 0.886721 0.097900 0.010778 0.000003 0.004599
0 0 0.984275 0.010950 0.003571 0.000000 0.001204
0 0 0.984342 0.010507 0.004329 0.000053 0.000768
0 0 0.985180 0.007870 0.006603 0.000177 0.000171
0 0 0.959650 0.017472 0.020077 0.001710 0.001091
0 0 0.970890 0.021455 0.006193 0.000030 0.001432
0 0 0.992159 0.005529 0.002154 0.000028 0.000130
0 0 0.977040 0.016437 0.004328 0.000013 0.002182
0 0 0.986753 0.009894 0.002136 0.000009 0.001208
0 0 0.987303 0.009152 0.002839 0.000366 0.000339
0 0 0.982535 0.010097 0.006033 0.000197 0.001138
0 0 0.962545 0.021216 0.004841 0.000018 0.011379
0 0 0.977026 0.014821 0.003063 0.000002 0.005087
0 0 0.992904 0.005616 0.000679 0.000002 0.000800
0 0 0.999020 0.000891 0.000079 0.000000 0.000010
0 0 0.706933 0.172754 0.078747 0.000100 0.041466
0 0 0.931917 0.055861 0.012028 0.000004 0.000190
0 0 0.997403 0.002115 0.000475 0.000005 0.000002
0 0 0.993121 0.006155 0.000715 0.000000 0.000009
0 0 0.358643 0.236497 0.056910 0.000120 0.347829
0 0 0.955251 0.033418 0.008554 0.000003 0.002774
0 1 0.707270 0.176533 0.033591 0.000616 0.081990
0 1 0.701058 0.189898 0.092892 0.005158 0.010994
2 1 0.033457 0.116607 0.832355 0.010907 0.006673
2 2 0.010947 0.152907 0.819164 0.000032 0.016950
2 2 0.003185 0.067782 0.922981 0.003902 0.002151
2 2 0.006825 0.043549 0.936140 0.001576 0.011911
0 2 0.345033 0.220893 0.267169 0.000587 0.166319
0 1 0.388034 0.138712 0.204413 0.004378 0.264464
2 2 0.005072 0.079305 0.848598 0.057774 0.009250
2 2 0.015022 0.063652 0.905251 0.001489 0.014587
2 2 0.067054 0.100122 0.794138 0.000234 0.038452
2 2 0.281512 0.259898 0.367956 0.000032 0.090602
2 2 0.021274 0.302342 0.593834 0.000498 0.082051
2 2 0.001199 0.039269 0.948618 0.000186 0.010727
1 2 0.153847 0.530793 0.197224 0.000107 0.118029
2 2 0.019643 0.113873 0.840108 0.000275 0.026102
2 2 0.209869 0.172864 0.447193 0.000249 0.169825
2 2 0.000091 0.000493 0.998244 0.001169 0.000003
2 2 0.000005 0.000054 0.999099 0.000840 0.000001
2 2 0.000727 0.004768 0.991608 0.002723 0.000174
2 2 0.000600 0.002547 0.996720 0.000061 0.000071
2 2 0.000240 0.000271 0.955996 0.043492 0.000001
2 2 0.001175 0.001668 0.996701 0.000449 0.000008
2 2 0.000060 0.000047 0.998811 0.001081 0.000000
2 2 0.000599 0.001697 0.997151 0.000531 0.000021
2 2 0.000064 0.000258 0.993276 0.006400 0.000002
2 2 0.001635 0.001645 0.988427 0.008283 0.000010
2 2 0.000555 0.001504 0.997796 0.000019 0.000126
2 2 0.000005 0.000013 0.997019 0.002963 0.000000
2 2 0.000001 0.000010 0.996394 0.003594 0.000000
2 2 0.000101 0.000235 0.983619 0.016043 0.000002
2 2 0.000057 0.000059 0.911050 0.088833 0.000000
2 2 0.000004 0.000013 0.928664 0.071318 0.000000
2 2 0.000010 0.000045 0.982559 0.017386 0.000000
2 2 0.000000 0.000003 0.949660 0.050336 0.000000
2 2 0.000690 0.001326 0.990420 0.007535 0.000029
2 2 0.000000 0.000006 0.726306 0.273688 0.000000
2 3 0.000001 0.000020 0.807086 0.192893 0.000000
2 3 0.000190 0.000039 0.822184 0.177587 0.000000
2 3 0.000008 0.000019 0.955933 0.044039 0.000000
2 3 0.000278 0.000797 0.881398 0.117512 0.000015
2 3 0.000067 0.000038 0.809051 0.190844 0.000000
2 3 0.001399 0.001695 0.756196 0.240571 0.000139
2 3 0.000073 0.000226 0.953028 0.046669 0.000004
3 3 0.000004 0.000031 0.182409 0.817552 0.000004
3 3 0.000133 0.000295 0.465968 0.533569 0.000034
2 3 0.000210 0.000405 0.878091 0.121260 0.000034
2 3 0.000553 0.000750 0.527840 0.470797 0.000060
3 3 0.000002 0.000011 0.065455 0.934529 0.000003
2 3 0.000001 0.000030 0.734407 0.265561 0.000001
3 3 0.000000 0.000000 0.077329 0.922671 0.000000
2 3 0.000219 0.000459 0.930119 0.069178 0.000025
2 3 0.000012 0.000022 0.616596 0.383370 0.000001
3 3 0.000006 0.000028 0.284091 0.715870 0.000005
3 3 0.000328 0.000402 0.102239 0.897002 0.000029
3 3 0.000017 0.000044 0.014010 0.985916 0.000013
3 3 0.000047 0.000113 0.031111 0.968697 0.000031
2 3 0.005750 0.004522 0.665197 0.324217 0.000313
3 3 0.000004 0.000003 0.017512 0.982481 0.000000
3 3 0.000013 0.000025 0.186671 0.813290 0.000001
3 3 0.001291 0.001663 0.216599 0.780205 0.000241
2 2 0.005579 0.035526 0.593399 0.365404 0.000092
2 2 0.005256 0.091762 0.593356 0.032026 0.277601
2 2 0.004746 0.049845 0.853335 0.041442 0.050631
3 2 0.119545 0.081638 0.213731 0.508058 0.077027
2 2 0.000258 0.013053 0.970387 0.006198 0.010104
2 2 0.005448 0.103299 0.816207 0.033199 0.041846
2 2 0.002842 0.033361 0.953960 0.002576 0.007261
0 0 0.955961 0.031069 0.011370 0.001296 0.000305
0 0 0.853568 0.122173 0.018263 0.000002 0.005994
1 0 0.389184 0.402726 0.191382 0.000735 0.015974
0 0 0.944519 0.033309 0.018775 0.002837 0.000560
0 1 0.814902 0.139111 0.042525 0.000354 0.003108
2 1 0.083199 0.100940 0.760087 0.049720 0.006055
2 2 0.000260 0.009794 0.619037 0.370374 0.000535
2 2 0.003487 0.036479 0.949636 0.006818 0.003580
1 2 0.110240 0.437640 0.142473 0.000014 0.309634
2 2 0.018476 0.209173 0.698405 0.000174 0.073773
2 2 0.002339 0.068948 0.851249 0.003454 0.074011
2 2 0.039935 0.173274 0.698340 0.000211 0.088241
2 2 0.033288 0.239024 0.702113 0.000177 0.025398
2 2 0.000030 0.002917 0.983939 0.012774 0.000340
2 2 0.050566 0.178684 0.662112 0.001376 0.107261
2 1 0.107995 0.333896 0.477269 0.031303 0.049536
0 1 0.967986 0.024257 0.006991 0.000033 0.000734
0 1 0.883926 0.076388 0.038415 0.000974 0.000297
2 2 0.003191 0.038632 0.941878 0.003280 0.013019
2 1 0.004396 0.042308 0.952451 0.000087 0.000758
2 2 0.001027 0.120073 0.842074 0.000024 0.036803
2 2 0.017016 0.036099 0.940013 0.000279 0.006593
2 2 0.000053 0.009755 0.989319 0.000218 0.000656
2 2 0.000014 0.001632 0.996922 0.000365 0.001067
2 2 0.000091 0.012381 0.987149 0.000274 0.000105
2 2 0.000002 0.000552 0.997321 0.002114 0.000010
2 2 0.000054 0.004893 0.994325 0.000097 0.000630
2 2 0.000099 0.004532 0.995287 0.000071 0.000011
2 2 0.000006 0.001072 0.998761 0.000095 0.000067
2 2 0.000004 0.000135 0.994719 0.005142 0.000000
2 2 0.000053 0.008098 0.956826 0.034841 0.000182
2 2 0.000010 0.000727 0.998738 0.000520 0.000006
2 2 0.000005 0.000185 0.783234 0.216572 0.000004
2 1 0.000052 0.002007 0.995913 0.001971 0.000057
0 1 0.760574 0.189624 0.048297 0.000021 0.001483
2 2 0.020994 0.210358 0.766051 0.000075 0.002522
2 2 0.001959 0.032694 0.937335 0.024631 0.003380
2 2 0.099948 0.430662 0.433239 0.000718 0.035432
2 2 0.055196 0.150553 0.793484 0.000357 0.000410
2 2 0.000122 0.009658 0.990156 0.000021 0.000043
2 2 0.000273 0.004768 0.988670 0.006154 0.000135
2 2 0.003006 0.035287 0.949906 0.011746 0.000055
2 2 0.015300 0.306750 0.666361 0.000070 0.011519
2 2 0.014997 0.097763 0.877424 0.000209 0.009607
2 2 0.007641 0.089158 0.881227 0.000178 0.021796
2 2 0.000041 0.003591 0.992843 0.002797 0.000729
2 2 0.000004 0.001348 0.998416 0.000196 0.000037
2 2 0.000003 0.001168 0.998388 0.000433 0.000008
2 2 0.000000 0.000017 0.999604 0.000379 0.000000
2 2 0.000000 0.000003 0.999967 0.000030 0.000000
2 2 0.000016 0.000029 0.997497 0.002458 0.000000
2 2 0.000001 0.000081 0.999549 0.000368 0.000000
2 2 0.000039 0.000145 0.915903 0.083909 0.000004
2 2 0.000016 0.000495 0.992235 0.007254 0.000001
2 2 0.000023 0.000054 0.985948 0.013975 0.000000
2 2 0.000001 0.000001 0.850098 0.149900 0.000000
3 2 0.000000 0.000002 0.420760 0.579238 0.000000
2 2 0.000000 0.000003 0.996222 0.003775 0.000000
2 2 0.000000 0.000000 0.998857 0.001142 0.000000
2 2 0.000000 0.000000 0.987904 0.012096 0.000000
2 2 0.000438 0.001277 0.978534 0.019746 0.000005
2 2 0.000044 0.000016 0.916001 0.083938 0.000000
2 2 0.000000 0.000000 0.999858 0.000142 0.000000
2 2 0.000000 0.000000 0.995292 0.004708 0.000000
2 2 0.000001 0.000010 0.967664 0.032325 0.000000
2 2 0.000000 0.000000 0.823698 0.176303 0.000000
2 2 0.003358 0.001938 0.977480 0.017173 0.000051
2 2 0.000001 0.000002 0.779658 0.220340 0.000000
3 3 0.000003 0.000016 0.072337 0.927643 0.000000
2 3 0.000008 0.000117 0.964850 0.035025 0.000001
2 3 0.000050 0.000073 0.774705 0.225170 0.000001
3 3 0.000535 0.000199 0.060663 0.938601 0.000003
2 3 0.000110 0.000465 0.656838 0.342438 0.000149
2 3 0.000028 0.000087 0.785401 0.214480 0.000004
3 3 0.000005 0.000017 0.029410 0.970563 0.000003
3 3 0.001471 0.000918 0.343839 0.653743 0.000030
2 3 0.001117 0.000856 0.534978 0.463018 0.000031
3 3 0.000000 0.000000 0.466556 0.533444 0.000000
3 3 0.000087 0.000016 0.002747 0.997150 0.000000
3 3 0.000002 0.000017 0.172694 0.827285 0.000001
3 3 0.000114 0.000162 0.056230 0.943475 0.000018
3 3 0.000008 0.000159 0.223688 0.776134 0.000011
3 3 0.000001 0.000002 0.020174 0.979823 0.000000
3 3 0.000000 0.000000 0.001811 0.998189 0.000000
3 3 0.000019 0.000034 0.103043 0.896902 0.000002
3 3 0.000251 0.000341 0.032217 0.967128 0.000063
3 3 0.000115 0.000569 0.393437 0.605850 0.000030
3 3 0.000012 0.000027 0.187080 0.812880 0.000002
3 3 0.000000 0.000000 0.003151 0.996849 0.000000
3 3 0.000003 0.000011 0.001913 0.998065 0.000008
3 3 0.000081 0.000256 0.181497 0.818095 0.000071
3 3 0.000201 0.000310 0.300152 0.699311 0.000026
3 3 0.029209 0.002339 0.006237 0.962181 0.000033
3 3 0.020619 0.011211 0.064273 0.902139 0.001759
2 3 0.075307 0.127841 0.692121 0.045517 0.059214
2 2 0.009367 0.023857 0.961395 0.003148 0.002232
2 2 0.004530 0.026590 0.751271 0.216476 0.001133
2 2 0.001325 0.024180 0.966859 0.003752 0.003884
3 2 0.005493 0.015721 0.277481 0.699748 0.001557
2 2 0.058246 0.186119 0.682133 0.014566 0.058936
2 2 0.008334 0.009006 0.979670 0.001966 0.001024
2 2 0.000073 0.001316 0.900719 0.097401 0.000491
2 2 0.003406 0.009205 0.973572 0.006987 0.006830
2 2 0.000113 0.000235 0.967709 0.031940 0.000003
2 2 0.000001 0.000055 0.986716 0.013225 0.000003
2 2 0.000000 0.000017 0.995662 0.004321 0.000001
2 2 0.000027 0.000518 0.998108 0.001342 0.000003
2 2 0.001545 0.016328 0.914654 0.066493 0.000980
2 2 0.000333 0.003223 0.876056 0.120274 0.000114
2 2 0.000015 0.000585 0.979654 0.019691 0.000055
2 2 0.000193 0.000752 0.993280 0.005772 0.000003
2 2 0.000050 0.000968 0.996883 0.002091 0.000008
2 2 0.000063 0.001801 0.981558 0.016560 0.000019
2 2 0.000002 0.000179 0.963960 0.035855 0.000003
2 2 0.000295 0.000391 0.901253 0.098056 0.000006
2 3 0.000154 0.000082 0.945181 0.054584 0.000000
2 3 0.000009 0.000159 0.996843 0.002987 0.000002
2 3 0.000001 0.000004 0.965116 0.034878 0.000000
2 3 0.000000 0.000000 0.987924 0.012076 0.000000
2 3 0.000000 0.000026 0.991920 0.008054 0.000000
2 3 0.000001 0.000021 0.935566 0.064412 0.000000
3 3 0.000000 0.000011 0.397602 0.602385 0.000001
3 3 0.000001 0.000014 0.177013 0.822970 0.000001
3 3 0.000000 0.000000 0.004882 0.995118 0.000000
2 3 0.000071 0.000675 0.854403 0.144833 0.000018
2 3 0.000085 0.000548 0.813261 0.186088 0.000018
3 3 0.000016 0.000040 0.068472 0.931467 0.000005
2 3 0.000000 0.000009 0.571877 0.428113 0.000001
3 3 0.000003 0.000021 0.094478 0.905496 0.000001
2 3 0.002175 0.000372 0.557207 0.440245 0.000001
3 3 0.000165 0.001768 0.358339 0.634624 0.005104
3 3 0.000000 0.000002 0.004489 0.995508 0.000001
3 3 0.000029 0.000146 0.038801 0.960903 0.000121
3 3 0.000141 0.000096 0.237344 0.762417 0.000002
3 3 0.002427 0.005753 0.155999 0.835531 0.000290
3 3 0.136819 0.126054 0.237514 0.491405 0.008208
3 2 0.006377 0.006099 0.248618 0.737464 0.001443
3 2 0.000012 0.003640 0.474245 0.521973 0.000130
2 2 0.000362 0.000520 0.975707 0.023409 0.000002
2 2 0.000159 0.000230 0.970610 0.029000 0.000001
2 2 0.000016 0.000028 0.965306 0.034650 0.000000
2 2 0.000005 0.000018 0.996179 0.003797 0.000000
2 2 0.002615 0.003584 0.907439 0.085909 0.000454
2 2 0.000139 0.001442 0.856016 0.142282 0.000121
2 2 0.000001 0.000016 0.930778 0.069205 0.000000
2 2 0.000000 0.000001 0.906817 0.093182 0.000000
2 2 0.000003 0.000007 0.850596 0.149394 0.000000
2 2 0.000003 0.000017 0.998813 0.001168 0.000000
2 2 0.000021 0.000048 0.937362 0.062568 0.000000
2 2 0.000000 0.000005 0.950449 0.049546 0.000000
2 2 0.000001 0.000079 0.993821 0.006099 0.000000
2 2 0.000000 0.000004 0.988138 0.011858 0.000000
2 2 0.000387 0.000217 0.900888 0.098506 0.000002
2 2 0.000009 0.000004 0.954588 0.045398 0.000000
2 2 0.000021 0.000222 0.997418 0.002337 0.000003
2 2 0.000014 0.000022 0.996316 0.003648 0.000000
2 2 0.000000 0.000000 0.968616 0.031384 0.000000
2 2 0.000001 0.000003 0.991061 0.008936 0.000000
2 2 0.001548 0.001963 0.994372 0.001818 0.000300
2 2 0.000565 0.002893 0.995085 0.000433 0.001024
2 2 0.002520 0.045809 0.860951 0.000705 0.090016
2 2 0.000056 0.015137 0.930867 0.000638 0.053303
2 2 0.018325 0.243591 0.586077 0.000057 0.151950
2 2 0.012206 0.128415 0.785303 0.000065 0.074010
2 2 0.007503 0.089298 0.604786 0.000522 0.297891
4 4 0.016348 0.059537 0.241891 0.005442 0.676782
4 4 0.067209 0.060709 0.043639 0.002944 0.825499
4 4 0.190626 0.096347 0.053118 0.001306 0.658603
4 4 0.016042 0.067495 0.102729 0.000756 0.812979
4 4 0.022474 0.148321 0.367350 0.000670 0.461186
2 4 0.004930 0.181795 0.739665 0.000026 0.073584
2 2 0.000204 0.019169 0.958809 0.000160 0.021657
2 2 0.000000 0.000133 0.986557 0.013298 0.000011
2 2 0.000000 0.000151 0.999404 0.000413 0.000032
2 2 0.002440 0.140391 0.564105 0.003042 0.290022
4 2 0.009443 0.206486 0.343869 0.015186 0.425016
4 4 0.030288 0.012096 0.003652 0.000005 0.953958
4 4 0.030271 0.011683 0.003451 0.000004 0.954591
4 4 0.057487 0.129363 0.231433 0.000354 0.581363
4 4 0.254312 0.150122 0.247795 0.000257 0.347514
4 4 0.007126 0.035824 0.211116 0.000565 0.745369
2 2 0.047458 0.389822 0.534977 0.000045 0.027698
2 2 0.002197 0.073301 0.916816 0.000024 0.007662
2 2 0.000001 0.000496 0.996905 0.002307 0.000290
2 2 0.000000 0.000003 0.999811 0.000186 0.000000
2 2 0.000000 0.000558 0.999009 0.000428 0.000004
2 2 0.000000 0.000003 0.999320 0.000677 0.000000
2 2 0.000000 0.000076 0.999426 0.000490 0.000008
2 2 0.000005 0.000061 0.994929 0.004988 0.000017
2 2 0.000000 0.000000 0.997991 0.002009 0.000000
2 2 0.000000 0.000005 0.993863 0.006132 0.000000
2 2 0.000000 0.000001 0.997494 0.002506 0.000000
2 2 0.000000 0.000004 0.995226 0.004770 0.000000
2 2 0.000004 0.000146 0.998536 0.001314 0.000001
2 2 0.000000 0.000022 0.998174 0.001804 0.000000
2 2 0.000005 0.000214 0.999598 0.000171 0.000013
2 2 0.000000 0.000020 0.996464 0.003516 0.000000
2 2 0.000000 0.000001 0.948565 0.051434 0.000000
2 2 0.000000 0.000003 0.965305 0.034692 0.000000
2 2 0.000000 0.000002 0.926025 0.073973 0.000000
2 2 0.000001 0.000009 0.979187 0.020802 0.000002
2 2 0.000000 0.000011 0.959131 0.040857 0.000001
2 2 0.000000 0.000005 0.944414 0.055581 0.000000
2 2 0.000000 0.000000 0.938911 0.061088 0.000000
2 2 0.000000 0.000001 0.977304 0.022695 0.000000
2 2 0.000000 0.000007 0.769851 0.230141 0.000001
2 2 0.000377 0.000209 0.829641 0.169772 0.000002
2 2 0.000023 0.000097 0.905241 0.094633 0.000006
2 2 0.000294 0.000114 0.992122 0.007470 0.000000
2 2 0.000057 0.000064 0.988195 0.011683 0.000001
2 2 0.000001 0.000015 0.877056 0.122920 0.000008
2 2 0.000001 0.000005 0.946341 0.053653 0.000000
2 2 0.000000 0.000000 0.997422 0.002578 0.000000
2 2 0.000000 0.000000 0.997868 0.002132 0.000000
2 2 0.000212 0.000322 0.560783 0.438662 0.000021
2 2 0.005277 0.006989 0.926440 0.060184 0.001110
3 2 0.000001 0.000011 0.245725 0.754260 0.000004
2 2 0.000000 0.000013 0.976158 0.023828 0.000001
2 3 0.000217 0.000652 0.876161 0.122917 0.000054
2 3 0.000003 0.000166 0.845268 0.154554 0.000009
3 3 0.000001 0.000027 0.278129 0.721841 0.000003
3 3 0.000210 0.000555 0.206202 0.792973 0.000059
3 3 0.000006 0.000025 0.015547 0.984409 0.000013
3 3 0.000025 0.000045 0.301791 0.698136 0.000002
3 3 0.000000 0.000001 0.063713 0.936285 0.000000
3 3 0.000001 0.000009 0.051476 0.948499 0.000015
3 3 0.000000 0.000001 0.001450 0.998549 0.000000
3 3 0.000642 0.000101 0.002825 0.996430 0.000001
3 3 0.000010 0.000147 0.041940 0.957884 0.000019
3 3 0.000001 0.000003 0.008098 0.991898 0.000000
3 3 0.000011 0.000043 0.014078 0.985845 0.000022
3 3 0.000006 0.000024 0.012902 0.987056 0.000012
3 3 0.000000 0.000000 0.000028 0.999971 0.000000
3 3 0.000010 0.000028 0.001940 0.998003 0.000018
3 3 0.000002 0.000005 0.003478 0.996515 0.000000
3 3 0.000000 0.000000 0.040114 0.959885 0.000000
3 3 0.000000 0.000002 0.006417 0.993578 0.000002
3 3 0.000000 0.000000 0.000408 0.999592 0.000000
3 3 0.000001 0.000001 0.000007 0.999991 0.000000
3 2 0.000433 0.000300 0.000381 0.998761 0.000125
2 2 0.000098 0.001615 0.636564 0.361543 0.000179
2 2 0.000083 0.000133 0.883674 0.116104 0.000006
2 2 0.000020 0.000869 0.993487 0.005595 0.000029
2 2 0.000000 0.000005 0.777450 0.222545 0.000001
2 2 0.005709 0.007719 0.948220 0.032379 0.005973
3 2 0.001340 0.002141 0.396638 0.599498 0.000383
2 2 0.000028 0.000114 0.734923 0.264916 0.000018
2 2 0.001090 0.000589 0.713732 0.284580 0.000010
2 3 0.000001 0.000217 0.779843 0.219898 0.000041
3 3 0.000000 0.000014 0.051732 0.948246 0.000007
2 3 0.000048 0.000178 0.733555 0.266188 0.000030
2 3 0.000323 0.001232 0.955772 0.042508 0.000166
2 3 0.000764 0.000949 0.531465 0.466801 0.000021
2 3 0.000050 0.000140 0.578636 0.421172 0.000001
2 3 0.001636 0.017601 0.598778 0.379977 0.002009
2 3 0.000009 0.000198 0.884066 0.115710 0.000017
2 3 0.000025 0.000237 0.756709 0.242854 0.000175
3 3 0.000002 0.000009 0.050265 0.949722 0.000002
2 3 0.000118 0.000710 0.503895 0.495225 0.000053
3 3 0.000000 0.000000 0.004125 0.995875 0.000000
2 3 0.000000 0.000004 0.679623 0.320371 0.000001
3 3 0.000003 0.000018 0.473439 0.526540 0.000001
2 3 0.000007 0.000282 0.579236 0.420462 0.000013
3 3 0.000001 0.000106 0.253961 0.745910 0.000022
3 3 0.000002 0.000024 0.063940 0.936007 0.000027
3 3 0.000457 0.001962 0.247501 0.748298 0.001782
2 3 0.000041 0.000097 0.722079 0.277777 0.000006
3 3 0.000006 0.000016 0.498837 0.501140 0.000001
3 3 0.000000 0.000000 0.000139 0.999861 0.000000
3 3 0.000006 0.000020 0.007702 0.992263 0.000009
3 3 0.000000 0.000000 0.003058 0.996942 0.000000
3 3 0.000003 0.000017 0.004225 0.995740 0.000015
3 3 0.000008 0.000042 0.021981 0.977942 0.000028
3 3 0.001747 0.001790 0.047345 0.948698 0.000420
3 3 0.000000 0.000000 0.000240 0.999759 0.000000
3 3 0.000006 0.000021 0.002011 0.997947 0.000015
3 3 0.000094 0.000059 0.001526 0.998315 0.000006
3 3 0.000022 0.000043 0.001697 0.998217 0.000020
3 3 0.003416 0.000925 0.004026 0.991562 0.000071
3 3 0.000011 0.000243 0.167260 0.832480 0.000005
3 3 0.002261 0.009404 0.282539 0.702905 0.002891
2 3 0.000312 0.000406 0.908582 0.090681 0.000019
3 3 0.018735 0.019678 0.264192 0.689932 0.007462
2 3 0.273275 0.114855 0.502527 0.025846 0.083497
2 3 0.000003 0.000006 0.793617 0.206374 0.000000
2 3 0.000000 0.000000 0.956424 0.043575 0.000000
2 3 0.000002 0.000035 0.942377 0.057587 0.000000
2 2 0.000000 0.000011 0.982700 0.017289 0.000000
2 2 0.000004 0.000033 0.898910 0.101052 0.000001
2 2 0.000000 0.000003 0.842488 0.157508 0.000000
2 2 0.000051 0.000175 0.954965 0.044808 0.000000
2 2 0.001880 0.001554 0.582296 0.414238 0.000033
2 2 0.000040 0.000030 0.962661 0.037269 0.000000
2 2 0.002414 0.001628 0.992760 0.003196 0.000002
3 2 0.000001 0.000056 0.470739 0.529201 0.000002
2 3 0.000001 0.000038 0.567657 0.432304 0.000001
3 3 0.000012 0.000106 0.248235 0.751645 0.000002
2 3 0.000129 0.004602 0.987276 0.007988 0.000006
2 3 0.000000 0.000001 0.834732 0.165267 0.000000
2 3 0.000118 0.000076 0.635096 0.364708 0.000001
2 3 0.005721 0.049424 0.849603 0.092180 0.003073
2 3 0.000201 0.000449 0.509282 0.490066 0.000002
3 3 0.000001 0.000008 0.135994 0.863995 0.000002
2 3 0.001236 0.000272 0.724947 0.273543 0.000001
3 3 0.000003 0.000011 0.037950 0.962036 0.000000
2 3 0.000346 0.000785 0.672895 0.325945 0.000030
3 2 0.030558 0.079949 0.432585 0.454457 0.002450
3 2 0.000253 0.002488 0.054143 0.942985 0.000130
2 2 0.000128 0.000639 0.986318 0.012900 0.000015
2 2 0.000534 0.000746 0.847415 0.151280 0.000026
2 2 0.000003 0.000005 0.935343 0.064649 0.000000
2 2 0.000000 0.000034 0.980263 0.019701 0.000002
3 3 0.000008 0.000012 0.161667 0.838313 0.000000
2 3 0.000218 0.000435 0.852171 0.147174 0.000003
2 3 0.000014 0.000089 0.951470 0.048423 0.000003
2 3 0.000010 0.000029 0.981414 0.018548 0.000000
3 3 0.000089 0.002003 0.309498 0.687912 0.000499
3 3 0.000010 0.000165 0.214630 0.785168 0.000027
2 3 0.000012 0.000198 0.671635 0.328087 0.000068
3 3 0.000031 0.000160 0.447616 0.552141 0.000051
2 3 0.000089 0.000577 0.628098 0.371206 0.000029
2 3 0.000041 0.000132 0.788967 0.210855 0.000005
3 3 0.000000 0.000033 0.412268 0.587677 0.000021
3 3 0.000001 0.000009 0.460849 0.539139 0.000002
3 3 0.000431 0.002907 0.451350 0.540561 0.004751
2 3 0.000018 0.000065 0.751507 0.248405 0.000005
3 3 0.000002 0.000058 0.064254 0.935637 0.000050
3 3 0.000002 0.000026 0.273663 0.726295 0.000014
3 3 0.000151 0.000073 0.169117 0.830658 0.000001
3 3 0.000052 0.000031 0.062352 0.937565 0.000000
3 3 0.000001 0.000004 0.004287 0.995704 0.000004
3 3 0.000000 0.000010 0.096240 0.903744 0.000005
3 3 0.000000 0.000004 0.122828 0.877168 0.000001
3 3 0.000000 0.000000 0.000830 0.999170 0.000000
3 3 0.000145 0.000125 0.013486 0.986233 0.000011
0 2 0.668199 0.071450 0.218371 0.040635 0.001345
2 2 0.040481 0.015849 0.567674 0.375418 0.000578
3 1 0.206034 0.062949 0.356316 0.370193 0.004509
2 2 0.014352 0.013611 0.964791 0.003428 0.003819
2 2 0.001309 0.000814 0.997726 0.000137 0.000014
3 2 0.000019 0.000032 0.331964 0.667984 0.000001
2 2 0.000000 0.000001 0.685819 0.314180 0.000000
2 2 0.000362 0.001409 0.990946 0.007013 0.000269
2 2 0.000000 0.000085 0.995872 0.004042 0.000001
2 2 0.009242 0.043657 0.885404 0.001204 0.060493
2 2 0.000213 0.026901 0.960463 0.003304 0.009120
4 2 0.010983 0.036187 0.235209 0.001821 0.715799
2 2 0.007062 0.032588 0.607359 0.037368 0.315624
2 2 0.000461 0.023583 0.873261 0.008389 0.094305
2 2 0.026877 0.101553 0.477451 0.022037 0.372083
4 4 0.035136 0.051921 0.115649 0.004603 0.792690
4 4 0.026213 0.036844 0.055858 0.000527 0.880558
4 4 0.003693 0.039615 0.070901 0.000015 0.885776
4 4 0.007008 0.066612 0.372486 0.000156 0.553739
2 4 0.002547 0.088635 0.675173 0.006859 0.226786
2 4 0.002440 0.046964 0.676632 0.009245 0.264718
2 4 0.001098 0.072492 0.593950 0.000841 0.331619
4 4 0.001533 0.051936 0.291805 0.000068 0.654658
4 4 0.008398 0.050743 0.285320 0.002013 0.653526
2 4 0.049872 0.097108 0.626819 0.000493 0.225708
4 4 0.004668 0.020040 0.438978 0.001921 0.534393
2 4 0.000944 0.015805 0.793697 0.004086 0.185468
2 4 0.000006 0.003235 0.992501 0.001427 0.002831
2 2 0.000078 0.024615 0.937057 0.000467 0.037784
2 2 0.000886 0.123511 0.488331 0.000276 0.386997
2 2 0.004327 0.088916 0.666127 0.001077 0.239553
2 2 0.000756 0.063947 0.904875 0.001044 0.029379
2 2 0.000162 0.032880 0.963894 0.000054 0.003011
2 2 0.003550 0.132515 0.607966 0.000771 0.255198
4 2 0.013797 0.050071 0.279413 0.000081 0.656637
2 2 0.000519 0.063011 0.918129 0.000192 0.018150
2 2 0.000003 0.009433 0.986928 0.001721 0.001915
2 2 0.001028 0.024600 0.839982 0.040990 0.093400
2 2 0.000150 0.004483 0.982829 0.002268 0.010271
2 2 0.000200 0.008895 0.932809 0.009363 0.048732
2 2 0.003071 0.088690 0.723579 0.000308 0.184353
2 2 0.000994 0.024911 0.877231 0.000841 0.096023
2 2 0.000332 0.018993 0.964869 0.000306 0.015501
2 2 0.006103 0.093776 0.649297 0.000675 0.250148
2 2 0.004946 0.100728 0.757693 0.000085 0.136547
2 2 0.000076 0.018735 0.944656 0.000340 0.036192
2 2 0.000004 0.001091 0.991574 0.005647 0.001684
2 2 0.000894 0.028672 0.929054 0.000333 0.041047
2 2 0.000746 0.053148 0.913530 0.000165 0.032412
2 2 0.000024 0.001863 0.992517 0.005346 0.000251
2 2 0.000017 0.013138 0.961261 0.022095 0.003489
2 2 0.000016 0.001515 0.997653 0.000768 0.000048
2 2 0.000554 0.015663 0.979150 0.000343 0.004290
2 2 0.000005 0.000091 0.999132 0.000732 0.000039
2 2 0.000001 0.000258 0.999212 0.000528 0.000002
2 2 0.000004 0.000189 0.999582 0.000210 0.000015
2 2 0.000000 0.000002 0.986652 0.013346 0.000000
2 2 0.007680 0.055425 0.888071 0.046512 0.002313
2 2 0.000121 0.009710 0.987070 0.000041 0.003058
2 2 0.000961 0.000909 0.997333 0.000730 0.000066
2 2 0.000007 0.000237 0.999392 0.000329 0.000035
2 2 0.000104 0.000530 0.998729 0.000635 0.000001
2 2 0.000001 0.000035 0.999913 0.000051 0.000000
2 2 0.001149 0.001368 0.936882 0.060396 0.000205
2 2 0.000000 0.000000 0.999696 0.000303 0.000000
2 2 0.000000 0.000014 0.999103 0.000883 0.000000
2 2 0.000000 0.000000 0.999812 0.000188 0.000000
2 2 0.000190 0.000259 0.995614 0.003936 0.000002
2 2 0.000000 0.000002 0.939874 0.060124 0.000000
2 2 0.000145 0.001746 0.995899 0.002190 0.000019
2 2 0.000007 0.000050 0.988671 0.011272 0.000000
2 2 0.000002 0.000185 0.981098 0.018710 0.000005
2 2 0.000000 0.000000 0.959809 0.040191 0.000000
2 2 0.000048 0.000661 0.998713 0.000563 0.000015
2 2 0.000002 0.000119 0.995438 0.004440 0.000001
2 2 0.000001 0.000003 0.562136 0.437861 0.000000
2 2 0.000000 0.000003 0.958073 0.041923 0.000000
2 2 0.000001 0.000066 0.994252 0.005679 0.000002
2 2 0.000000 0.000000 0.993281 0.006719 0.000000
2 2 0.000026 0.000184 0.911744 0.088046 0.000001
2 2 0.000002 0.000011 0.580119 0.419867 0.000000
2 2 0.027713 0.003409 0.961473 0.007394 0.000011
2 2 0.003420 0.015946 0.975984 0.003671 0.000978
2 2 0.000136 0.003180 0.974937 0.021679 0.000069
2 2 0.013003 0.057847 0.795928 0.104935 0.028287
2 2 0.000000 0.000003 0.985790 0.014206 0.000000
2 2 0.000005 0.000008 0.985382 0.014606 0.000000
2 2 0.000118 0.000721 0.997267 0.001888 0.000006
2 2 0.000002 0.000468 0.999236 0.000270 0.000024
2 2 0.000085 0.000095 0.994878 0.004940 0.000003
2 2 0.000000 0.000001 0.997754 0.002245 0.000000
2 2 0.000000 0.000002 0.878142 0.121856 0.000000
2 2 0.000000 0.000001 0.653257 0.346742 0.000000
2 2 0.001849 0.001346 0.974601 0.022120 0.000084
2 2 0.006300 0.004700 0.965212 0.022725 0.001063
2 2 0.000000 0.000001 0.991388 0.008611 0.000000
2 2 0.000000 0.000000 0.812536 0.187464 0.000000
2 2 0.000004 0.000015 0.976805 0.023175 0.000001
2 2 0.000010 0.000023 0.893170 0.106796 0.000001
2 2 0.000001 0.000029 0.958634 0.041335 0.000001
2 2 0.000333 0.000235 0.550129 0.449299 0.000004
2 3 0.000292 0.000798 0.752013 0.246895 0.000003
2 3 0.000016 0.000189 0.997706 0.002087 0.000002
2 3 0.000040 0.000037 0.962207 0.037715 0.000000
2 3 0.000000 0.000001 0.973946 0.026053 0.000000
2 3 0.000002 0.000050 0.729378 0.270553 0.000018
2 3 0.000187 0.000378 0.574224 0.425171 0.000039
3 3 0.000020 0.000108 0.429948 0.569907 0.000018
3 3 0.000010 0.000025 0.149814 0.850149 0.000002
3 3 0.000000 0.000000 0.004248 0.995751 0.000000
3 3 0.000000 0.000000 0.005176 0.994824 0.000000
3 3 0.000000 0.000010 0.206900 0.793088 0.000002
2 3 0.000401 0.003627 0.773721 0.220674 0.001577
3 3 0.000001 0.000007 0.232279 0.767713 0.000001
3 3 0.000010 0.000048 0.006929 0.992968 0.000046
3 3 0.000002 0.000005 0.046851 0.953142 0.000000
3 3 0.000105 0.000353 0.031472 0.967815 0.000256
3 3 0.000001 0.000006 0.001780 0.998209 0.000004
3 3 0.000000 0.000011 0.007025 0.992960 0.000004
3 3 0.009527 0.007119 0.334312 0.648303 0.000739
3 3 0.000017 0.000037 0.014691 0.985248 0.000007
3 3 0.000004 0.000003 0.001487 0.998507 0.000000
3 3 0.000087 0.000052 0.024303 0.975556 0.000001
3 3 0.000009 0.000007 0.000618 0.999364 0.000001
3 3 0.000082 0.000036 0.007767 0.992115 0.000001
3 3 0.000003 0.000003 0.000055 0.999939 0.000001
3 3 0.000000 0.000000 0.000022 0.999978 0.000000
3 3 0.000054 0.000145 0.007658 0.992138 0.000004
3 3 0.119866 0.004897 0.008051 0.867144 0.000042
3 2 0.047183 0.072979 0.313863 0.541761 0.024214
2 2 0.074982 0.120293 0.685049 0.019903 0.099773
2 2 0.000027 0.001536 0.894783 0.102017 0.001637
2 2 0.000120 0.002288 0.961344 0.035746 0.000503
2 2 0.000157 0.000183 0.864572 0.135083 0.000005
2 2 0.011737 0.009013 0.917800 0.061364 0.000086
2 2 0.000060 0.001760 0.997825 0.000287 0.000067
2 2 0.000018 0.000950 0.981242 0.017784 0.000005
2 2 0.000000 0.000132 0.977999 0.021844 0.000025
2 2 0.000000 0.000015 0.962483 0.037501 0.000000
2 2 0.000002 0.000168 0.557304 0.442495 0.000031
2 2 0.000000 0.000022 0.992983 0.006995 0.000000
2 2 0.000041 0.002958 0.966539 0.029949 0.000512
2 2 0.000001 0.000257 0.994483 0.005249 0.000010
2 2 0.000051 0.000785 0.977276 0.021817 0.000071
2 2 0.000001 0.000008 0.968556 0.031435 0.000000
2 2 0.000004 0.000044 0.975341 0.024611 0.000000
2 2 0.000000 0.000091 0.977187 0.022721 0.000001
3 2 0.000022 0.000588 0.417796 0.581549 0.000044
2 2 0.000000 0.000022 0.529529 0.470447 0.000002
3 2 0.000001 0.000005 0.445503 0.554490 0.000001
2 2 0.000000 0.000011 0.779961 0.220028 0.000000
3 2 0.000000 0.000000 0.062190 0.937810 0.000000
3 2 0.000000 0.000000 0.050859 0.949141 0.000000
2 2 0.000055 0.000150 0.953551 0.046235 0.000010
2 1 0.010128 0.001248 0.863611 0.125011 0.000003
2 1 0.170075 0.066516 0.445717 0.317350 0.000342
2 1 0.000911 0.021874 0.977133 0.000044 0.000038
2 2 0.034290 0.040787 0.763370 0.160789 0.000763
2 2 0.000772 0.007621 0.986759 0.003646 0.001201
2 2 0.000132 0.002187 0.962124 0.035468 0.000089
2 2 0.001633 0.007743 0.958883 0.031608 0.000133
2 2 0.000181 0.000101 0.985977 0.013740 0.000001
2 2 0.000000 0.000003 0.974710 0.025287 0.000000
2 2 0.000007 0.000188 0.981231 0.018573 0.000000
2 2 0.000001 0.000018 0.999768 0.000213 0.000000
2 2 0.000000 0.000005 0.998884 0.001111 0.000000
2 2 0.000000 0.000005 0.998454 0.001541 0.000000
2 2 0.000000 0.000007 0.999412 0.000581 0.000000
2 2 0.000002 0.000067 0.998792 0.001139 0.000000
2 2 0.000000 0.000000 0.608297 0.391703 0.000000
2 2 0.000000 0.000001 0.956026 0.043973 0.000000
2 2 0.000000 0.000010 0.983645 0.016345 0.000000
2 2 0.000000 0.000007 0.993964 0.006028 0.000000
2 2 0.003070 0.025749 0.937076 0.023102 0.011004
2 2 0.000000 0.000033 0.998690 0.001277 0.000000
2 2 0.000000 0.000001 0.995395 0.004603 0.000000
2 2 0.000000 0.000000 0.958209 0.041790 0.000000
2 2 0.001624 0.002457 0.903511 0.092337 0.000070
2 2 0.000792 0.015460 0.970957 0.012724 0.000066
2 2 0.044313 0.008818 0.945579 0.000694 0.000597
2 0 0.066553 0.017000 0.914128 0.002216 0.000103
2 1 0.024874 0.235312 0.736381 0.000036 0.003397
2 2 0.000357 0.027849 0.971547 0.000030 0.000217
2 2 0.000019 0.000185 0.978410 0.021383 0.000003
2 2 0.000048 0.000227 0.999366 0.000356 0.000002
2 2 0.044423 0.015781 0.939631 0.000158 0.000007
2 2 0.000613 0.003585 0.995206 0.000586 0.000010
2 2 0.000065 0.000438 0.993491 0.006003 0.000002
2 2 0.000050 0.000245 0.999450 0.000254 0.000000
2 2 0.003072 0.014256 0.953338 0.028810 0.000524
2 2 0.051518 0.072008 0.874982 0.001040 0.000451
2 2 0.000044 0.000836 0.998857 0.000262 0.000001
2 2 0.000000 0.000023 0.999888 0.000088 0.000000
2 2 0.000000 0.000000 0.996131 0.003869 0.000000
2 2 0.005026 0.000831 0.986576 0.007565 0.000003
0 0 0.982066 0.014768 0.002474 0.000018 0.000675
0 0 0.987922 0.008798 0.002096 0.000512 0.000673
0 0 0.817238 0.126084 0.051288 0.000463 0.004928
0 1 0.661263 0.277746 0.052256 0.000022 0.008712
0 1 0.991202 0.006933 0.001436 0.000014 0.000415
0 1 0.773178 0.120641 0.098486 0.000021 0.007674
0 0 0.974987 0.015806 0.008790 0.000002 0.000415
0 0 0.973957 0.016905 0.009080 0.000003 0.000056
1 1 0.323854 0.441280 0.050266 0.000002 0.184598
1 1 0.047524 0.559037 0.322441 0.000000 0.070997
0 0 0.952725 0.030938 0.008454 0.000002 0.007881
0 0 0.987820 0.009224 0.002756 0.000021 0.000178
0 0 0.933419 0.050721 0.014531 0.001228 0.000101
1 1 0.297800 0.376288 0.321174 0.004053 0.000685
2 1 0.001291 0.014914 0.926973 0.055823 0.000999
2 1 0.050975 0.309824 0.586607 0.030700 0.021894
2 2 0.000892 0.011456 0.982235 0.002554 0.002863
2 2 0.000363 0.016810 0.973186 0.003931 0.005710
2 2 0.000127 0.009270 0.962031 0.003124 0.025448
2 2 0.000029 0.001220 0.979344 0.004947 0.014460
4 2 0.005072 0.066942 0.339049 0.001382 0.587555
4 2 0.002162 0.071528 0.454164 0.000754 0.471392
4 2 0.003748 0.048641 0.366827 0.000842 0.579941
4 4 0.019753 0.039365 0.349777 0.022082 0.569023
4 4 0.020661 0.022858 0.113409 0.000040 0.843032
4 4 0.026808 0.025935 0.017594 0.000064 0.929599
4 4 0.065618 0.046025 0.024280 0.000880 0.863197
4 4 0.146498 0.071415 0.035855 0.000943 0.745289
0 4 0.616952 0.081462 0.028426 0.000174 0.272986
0 4 0.506270 0.092258 0.014265 0.000000 0.387208
4 4 0.125724 0.011065 0.001828 0.000028 0.861355
4 4 0.028048 0.010038 0.002774 0.000002 0.959138
4 4 0.011338 0.026832 0.040085 0.000046 0.921699
4 4 0.002853 0.096381 0.232073 0.000169 0.668524
2 4 0.324592 0.122561 0.398006 0.008091 0.146750
4 4 0.051699 0.075106 0.203689 0.000937 0.668569
4 4 0.077328 0.031019 0.011888 0.000313 0.879453
4 4 0.026245 0.032833 0.013244 0.000040 0.927637
0 4 0.429666 0.163934 0.106961 0.001918 0.297522
4 4 0.024165 0.040108 0.178272 0.004956 0.752500
4 4 0.352292 0.061541 0.017665 0.000114 0.568388
4 4 0.038672 0.030053 0.021001 0.000197 0.910077
4 4 0.044901 0.023189 0.009092 0.000059 0.922759
4 4 0.321144 0.025701 0.004723 0.000001 0.648431
4 4 0.060420 0.035251 0.029549 0.000857 0.873923
4 4 0.033745 0.045209 0.093908 0.002613 0.824524
4 4 0.046731 0.038723 0.110335 0.000591 0.803621
4 4 0.072218 0.045168 0.170271 0.000429 0.711913
4 4 0.006036 0.115565 0.303379 0.001922 0.573098
2 4 0.000599 0.042209 0.799079 0.003276 0.154836
4 4 0.085720 0.056777 0.120268 0.000635 0.736602
4 4 0.082363 0.059083 0.056801 0.000072 0.801681
4 4 0.012500 0.036897 0.102789 0.000366 0.847448
4 4 0.010531 0.014542 0.038513 0.000024 0.936390
2 4 0.001463 0.091194 0.664453 0.004854 0.238037
4 4 0.015259 0.177250 0.148000 0.002735 0.656755
4 4 0.001300 0.193362 0.302328 0.000137 0.502873
4 4 0.009102 0.063575 0.419453 0.010229 0.497641
2 4 0.080437 0.092839 0.564425 0.003691 0.258608
0 4 0.372405 0.120524 0.252030 0.000488 0.254553
4 4 0.017934 0.125431 0.251050 0.001123 0.604461
4 4 0.019081 0.074797 0.039194 0.000062 0.866866
4 4 0.050814 0.050729 0.035386 0.001047 0.862025
4 4 0.064501 0.032730 0.008066 0.000002 0.894701
4 4 0.273782 0.039177 0.009987 0.000004 0.677050
0 4 0.466979 0.094344 0.068106 0.000173 0.370397
4 4 0.162275 0.015993 0.002860 0.000002 0.818871
4 4 0.095615 0.062826 0.111360 0.000717 0.729482
4 4 0.250242 0.083192 0.058145 0.000150 0.608271
4 4 0.328720 0.091118 0.039016 0.000194 0.540951
4 4 0.014177 0.037164 0.142129 0.000940 0.805591
4 4 0.379258 0.091241 0.034950 0.000054 0.494496
4 4 0.079401 0.049951 0.023934 0.000064 0.846649
4 4 0.219356 0.089567 0.235270 0.002148 0.453659
4 4 0.013196 0.034802 0.047202 0.000091 0.904709
4 4 0.044476 0.059858 0.065011 0.000742 0.829912
2 4 0.001125 0.038266 0.615012 0.000750 0.344847
2 4 0.000218 0.027210 0.953855 0.000079 0.018637
2 2 0.000096 0.009546 0.947930 0.019293 0.023136
2 2 0.000030 0.016489 0.960836 0.003469 0.019176
2 2 0.000163 0.029204 0.928781 0.003618 0.038234
2 2 0.000000 0.000335 0.992100 0.007178 0.000387
2 2 0.000003 0.001106 0.982136 0.015886 0.000869
2 2 0.000001 0.000508 0.979649 0.019309 0.000534
2 2 0.000384 0.007658 0.976753 0.001787 0.013418
2 2 0.000013 0.010180 0.974077 0.007711 0.008020
2 2 0.000004 0.000698 0.990050 0.008527 0.000721
2 2 0.000012 0.002182 0.989044 0.001898 0.006864
2 2 0.000228 0.009241 0.933113 0.019626 0.037793
2 2 0.000000 0.000085 0.997528 0.002379 0.000008
2 2 0.000000 0.000008 0.985325 0.014666 0.000001
2 2 0.000000 0.000124 0.999762 0.000109 0.000004
2 2 0.000059 0.001172 0.956549 0.029601 0.012619
2 2 0.000806 0.012671 0.869864 0.025304 0.091355
2 2 0.000000 0.000132 0.987357 0.012498 0.000013
2 2 0.000000 0.000001 0.998808 0.001191 0.000000
2 2 0.000010 0.000747 0.992025 0.006412 0.000806
2 2 0.000001 0.000003 0.975229 0.024767 0.000000
2 2 0.000000 0.000000 0.999601 0.000399 0.000000
2 2 0.000000 0.000000 0.999977 0.000023 0.000000
2 2 0.000123 0.000427 0.999151 0.000254 0.000045
2 2 0.000000 0.000002 0.999448 0.000550 0.000000
2 2 0.000000 0.000000 0.994770 0.005229 0.000000
2 2 0.000000 0.000003 0.997537 0.002460 0.000000
2 2 0.000000 0.000027 0.992931 0.007041 0.000001
2 2 0.000002 0.000079 0.987489 0.012351 0.000079
2 2 0.000000 0.000000 0.998683 0.001317 0.000000
2 2 0.000000 0.000000 0.954405 0.045595 0.000000
2 2 0.000000 0.000002 0.988283 0.011715 0.000000
2 2 0.000000 0.000000 0.995563 0.004437 0.000000
2 2 0.000000 0.000000 0.998579 0.001421 0.000000
2 2 0.000000 0.000000 0.996520 0.003480 0.000000
2 2 0.000000 0.000000 0.995481 0.004519 0.000000
2 2 0.000000 0.000000 0.986045 0.013955 0.000000
2 2 0.000000 0.000002 0.999597 0.000401 0.000000
2 2 0.000000 0.000001 0.987246 0.012754 0.000000
2 2 0.000000 0.000005 0.968136 0.031858 0.000001
2 2 0.000000 0.000024 0.960164 0.039805 0.000006
2 2 0.000000 0.000002 0.991791 0.008207 0.000000
2 2 0.000000 0.000001 0.996051 0.003949 0.000000
2 2 0.000000 0.000000 0.995704 0.004296 0.000000
2 2 0.000000 0.000000 0.999237 0.000763 0.000000
2 2 0.000000 0.000003 0.972381 0.027616 0.000000
2 2 0.000000 0.000005 0.971212 0.028782 0.000000
2 2 0.000048 0.000322 0.829405 0.170069 0.000156
2 2 0.000000 0.000001 0.863943 0.136056 0.000000
2 2 0.000006 0.000028 0.954129 0.045834 0.000003
2 2 0.000001 0.000010 0.995464 0.004525 0.000000
2 2 0.000026 0.000044 0.877475 0.122453 0.000001
2 2 0.000034 0.000060 0.985572 0.014331 0.000002
3 2 0.000000 0.000000 0.069493 0.930507 0.000000
2 2 0.000000 0.000000 0.636224 0.363776 0.000000
2 2 0.000000 0.000000 0.550947 0.449053 0.000000
3 2 0.000000 0.000001 0.093012 0.906986 0.000001
2 2 0.000001 0.000052 0.792386 0.207555 0.000007
2 3 0.000000 0.000001 0.920823 0.079177 0.000000
2 3 0.000025 0.000169 0.968022 0.031767 0.000016
2 3 0.000000 0.000000 0.995198 0.004802 0.000000
2 3 0.000000 0.000005 0.735325 0.264670 0.000000
2 3 0.000001 0.000022 0.915801 0.084176 0.000001
2 3 0.000000 0.000000 0.882588 0.117411 0.000000
2 3 0.000018 0.000014 0.835377 0.164590 0.000000
3 3 0.000045 0.000300 0.472159 0.527316 0.000180
3 3 0.000371 0.000587 0.228331 0.770637 0.000075
3 3 0.000000 0.000002 0.052826 0.947171 0.000001
3 3 0.000001 0.000005 0.150703 0.849290 0.000000
3 3 0.000003 0.000033 0.399094 0.600852 0.000018
3 3 0.000001 0.000029 0.366875 0.633091 0.000005
3 3 0.000001 0.000023 0.069093 0.930881 0.000002
3 3 0.000000 0.000001 0.345440 0.654559 0.000000
3 3 0.000000 0.000000 0.224684 0.775316 0.000000
3 3 0.000000 0.000001 0.302494 0.697505 0.000000
3 3 0.000026 0.000063 0.404416 0.595491 0.000004
3 3 0.000004 0.000011 0.422401 0.577584 0.000000
3 3 0.000015 0.000036 0.018378 0.981563 0.000007
3 3 0.000021 0.000052 0.028092 0.971824 0.000011
3 3 0.000000 0.000001 0.016324 0.983674 0.000000
3 3 0.000056 0.000344 0.064963 0.934192 0.000444
3 3 0.000000 0.000002 0.006347 0.993649 0.000002
3 3 0.000002 0.000007 0.001504 0.998483 0.000004
3 3 0.000000 0.000001 0.001006 0.998992 0.000000
3 3 0.000000 0.000000 0.000290 0.999709 0.000000
3 3 0.000001 0.000004 0.000723 0.999270 0.000002
3 3 0.000003 0.000005 0.010176 0.989816 0.000000
3 3 0.000009 0.000029 0.005391 0.994565 0.000006
3 3 0.104005 0.076279 0.383543 0.435081 0.001092
3 3 0.003906 0.000585 0.110602 0.884904 0.000003
3 3 0.007332 0.003041 0.032114 0.957268 0.000245
3 3 0.000000 0.000001 0.002624 0.997373 0.000001
3 3 0.000147 0.000789 0.111504 0.886618 0.000942
3 3 0.000005 0.000009 0.000301 0.999682 0.000004
3 3 0.000002 0.000004 0.000440 0.999552 0.000002
3 3 0.000000 0.000000 0.002368 0.997632 0.000000
3 3 0.000014 0.000067 0.009119 0.990732 0.000068
3 3 0.000006 0.000058 0.032477 0.967374 0.000084
3 3 0.000059 0.000117 0.007432 0.992348 0.000044
3 3 0.001126 0.000917 0.042972 0.954813 0.000172
3 2 0.193020 0.021437 0.105736 0.679620 0.000188
3 2 0.008388 0.012108 0.132281 0.846189 0.001033
2 2 0.002493 0.034729 0.802701 0.131691 0.028387
2 2 0.000101 0.002098 0.980313 0.017471 0.000017
2 2 0.000006 0.000119 0.966416 0.033458 0.000001
2 2 0.000039 0.001227 0.992436 0.005778 0.000520
2 2 0.000016 0.000261 0.958686 0.040999 0.000038
2 2 0.000002 0.000427 0.995607 0.003952 0.000012
2 2 0.000000 0.000279 0.913863 0.085783 0.000075
2 2 0.002394 0.003002 0.988587 0.001336 0.004680
2 2 0.000005 0.000037 0.994321 0.005636 0.000000
2 2 0.000000 0.000015 0.959042 0.040941 0.000002
2 2 0.000004 0.000150 0.985219 0.014552 0.000075
2 2 0.000000 0.000006 0.985540 0.014453 0.000001
2 2 0.000001 0.000006 0.903499 0.096494 0.000000
