0 0 0.993975 0.004647 0.001189 0.000143 0.000045
0 0 0.957171 0.034660 0.007128 0.000008 0.001033
0 0 0.957898 0.023192 0.008140 0.000072 0.010699
0 0 0.935361 0.038012 0.018192 0.004688 0.003747
0 0 0.957649 0.013900 0.003638 0.000001 0.024812
0 0 0.765301 0.017804 0.003710 0.000001 0.213184
0 0 0.931670 0.022748 0.006482 0.000013 0.039087
0 0 0.978119 0.010683 0.002119 0.000004 0.009075
0 0 0.935476 0.015483 0.006281 0.000001 0.042759
0 0 0.918609 0.033062 0.012599 0.000067 0.035663
0 0 0.961428 0.013083 0.001539 0.000020 0.023930
0 0 0.883935 0.028123 0.002673 0.000889 0.084381
0 0 0.976598 0.014898 0.004440 0.000041 0.004023
0 0 0.868434 0.096631 0.026255 0.000033 0.008646
0 0 0.974516 0.010627 0.014215 0.000288 0.000355
0 0 0.983255 0.009835 0.006137 0.000152 0.000620
0 0 0.993098 0.005234 0.001180 0.000006 0.000482
0 0 0.991996 0.006686 0.001123 0.000001 0.000193
0 0 0.976464 0.019084 0.003527 0.000002 0.000923
0 0 0.958682 0.036010 0.004208 0.000000 0.001100
0 0 0.985784 0.008323 0.001972 0.000002 0.003919
0 0 0.979402 0.013489 0.005063 0.000010 0.002036
0 0 0.876054 0.094513 0.021725 0.000016 0.007693
0 0 0.950862 0.027623 0.011537 0.000195 0.009783
1 0 0.302397 0.448357 0.149204 0.000035 0.100007
0 0 0.991764 0.007096 0.000962 0.000000 0.000178
0 0 0.946173 0.030706 0.012291 0.000304 0.010525
0 0 0.975705 0.015434 0.003363 0.000001 0.005496
0 0 0.983841 0.010190 0.002676 0.000007 0.003286
0 0 0.882555 0.076316 0.014264 0.000001 0.026865
0 0 0.743110 0.208752 0.039794 0.000003 0.008341
0 0 0.823712 0.140954 0.017843 0.000000 0.017491
1 0 0.195163 0.678145 0.122916 0.000003 0.003772
0 0 0.478422 0.432066 0.084144 0.000007 0.005362
0 0 0.738523 0.195849 0.035662 0.000001 0.029965
1 0 0.406366 0.508527 0.076199 0.000000 0.008908
0 0 0.686216 0.220166 0.058595 0.000014 0.035009
0 0 0.798123 0.161992 0.031650 0.000003 0.008232
0 0 0.732101 0.205249 0.043564 0.000003 0.019083
0 0 0.562118 0.377340 0.055351 0.000001 0.005191
1 0 0.375152 0.494064 0.106792 0.000004 0.023988
0 0 0.610701 0.338993 0.044275 0.000000 0.006030
1 0 0.262811 0.606367 0.101971 0.000000 0.028851
0 0 0.467080 0.367767 0.068851 0.000000 0.096302
0 0 0.996350 0.002170 0.000262 0.000000 0.001218
4 0 0.306802 0.022372 0.004764 0.000000 0.666063
1 1 0.022843 0.774442 0.179926 0.000001 0.022789
1 1 0.316628 0.569286 0.102803 0.000002 0.011282
1 1 0.072090 0.734497 0.153269 0.000045 0.040099
1 2 0.249056 0.626748 0.100771 0.000000 0.023425
1 2 0.103641 0.497708 0.224267 0.000126 0.174259
2 2 0.004448 0.315349 0.650463 0.000472 0.029267
2 2 0.004745 0.239475 0.745002 0.000708 0.010070
2 2 0.019030 0.365123 0.595463 0.000364 0.020020
2 2 0.007508 0.231429 0.713649 0.012225 0.035188
2 2 0.000695 0.169065 0.762920 0.000526 0.066794
2 2 0.000859 0.041203 0.914671 0.000414 0.042852
2 2 0.000085 0.025872 0.893657 0.079798 0.000588
2 2 0.000022 0.002410 0.947575 0.049767 0.000227
2 2 0.000128 0.022216 0.964454 0.012779 0.000423
2 2 0.000087 0.046632 0.951290 0.000702 0.001289
2 2 0.002652 0.030317 0.885375 0.035419 0.046237
2 2 0.001546 0.047100 0.916748 0.011428 0.023177
2 2 0.000105 0.002033 0.981277 0.016475 0.000110
2 2 0.001182 0.012137 0.896072 0.014000 0.076609
2 2 0.000082 0.002607 0.995753 0.000991 0.000567
2 2 0.000000 0.000483 0.990909 0.008544 0.000064
2 2 0.000041 0.002014 0.995015 0.001428 0.001503
2 2 0.000000 0.000008 0.970719 0.029273 0.000000
2 2 0.000000 0.000204 0.998808 0.000985 0.000002
2 2 0.000000 0.000018 0.649830 0.350144 0.000008
2 2 0.000105 0.000387 0.965216 0.034153 0.000139
2 2 0.000177 0.001086 0.921827 0.075714 0.001196
2 2 0.000150 0.003311 0.892037 0.099937 0.004565
2 2 0.001297 0.013844 0.911634 0.044243 0.028982
3 2 0.000000 0.000038 0.403408 0.596537 0.000017
2 3 0.000000 0.000001 0.566782 0.433217 0.000000
2 3 0.000000 0.000001 0.629113 0.370886 0.000000
3 3 0.000006 0.000191 0.339320 0.660091 0.000392
2 3 0.000000 0.000000 0.799431 0.200569 0.000000
2 3 0.000000 0.000001 0.835123 0.164875 0.000001
3 3 0.000132 0.001295 0.154296 0.842593 0.001684
3 3 0.000006 0.000156 0.147327 0.852286 0.000225
3 3 0.000004 0.000181 0.158941 0.840598 0.000275
3 3 0.000000 0.000028 0.118044 0.881905 0.000023
3 3 0.000000 0.000001 0.090272 0.909727 0.000000
3 3 0.000000 0.000000 0.033038 0.966962 0.000000
3 3 0.000010 0.000178 0.042027 0.957573 0.000212
2 3 0.000273 0.006565 0.695108 0.290997 0.007056
2 3 0.000377 0.017377 0.625959 0.335426 0.020861
2 3 0.000019 0.000815 0.499019 0.498887 0.001259
3 3 0.000043 0.000563 0.082341 0.916016 0.001038
2 3 0.000183 0.002330 0.520836 0.469688 0.006964
3 3 0.000062 0.003328 0.489500 0.504314 0.002796
3 3 0.000128 0.001121 0.072197 0.925017 0.001536
3 3 0.000119 0.001102 0.055496 0.939945 0.003339
3 3 0.000111 0.001356 0.243540 0.750802 0.004191
3 3 0.000047 0.000571 0.053176 0.944912 0.001294
3 3 0.000005 0.000150 0.102674 0.896741 0.000429
3 3 0.000000 0.000000 0.000947 0.999053 0.000000
3 3 0.000061 0.000859 0.133002 0.864381 0.001697
3 3 0.000007 0.000185 0.244302 0.755275 0.000231
3 3 0.000006 0.000098 0.012961 0.986806 0.000130
3 3 0.000018 0.000240 0.023308 0.976114 0.000321
3 3 0.000024 0.000363 0.044476 0.953955 0.001182
3 3 0.000679 0.004625 0.244635 0.733784 0.016278
3 3 0.000514 0.003691 0.209274 0.775482 0.011039
3 3 0.000001 0.000031 0.038409 0.961508 0.000052
3 3 0.001190 0.005743 0.097512 0.877496 0.018059
3 3 0.000047 0.000530 0.032778 0.965236 0.001409
3 3 0.000162 0.001352 0.067979 0.927728 0.002779
3 3 0.000512 0.003887 0.304825 0.678893 0.011882
3 3 0.000049 0.000559 0.049356 0.949069 0.000967
3 3 0.000069 0.000619 0.026794 0.971637 0.000882
3 3 0.000014 0.000265 0.069906 0.929144 0.000671
3 3 0.000216 0.001351 0.034151 0.961809 0.002474
3 3 0.000091 0.000654 0.009947 0.987682 0.001626
3 3 0.000006 0.000152 0.008374 0.991305 0.000162
3 3 0.001739 0.008603 0.171792 0.769877 0.047990
3 3 0.000007 0.000119 0.013787 0.985933 0.000153
3 3 0.000001 0.000042 0.044792 0.955084 0.000082
3 3 0.000000 0.000031 0.028900 0.971042 0.000027
3 3 0.004175 0.016300 0.419956 0.509812 0.049757
3 3 0.001204 0.006164 0.142188 0.831262 0.019182
3 3 0.000123 0.000765 0.009836 0.988039 0.001237
3 3 0.000974 0.001694 0.022419 0.974336 0.000576
3 3 0.000064 0.000550 0.017979 0.980599 0.000807
3 3 0.000193 0.001356 0.038623 0.957359 0.002468
3 3 0.000554 0.003579 0.114043 0.869083 0.012741
3 3 0.000186 0.001019 0.009123 0.987649 0.002023
3 3 0.002171 0.009920 0.315547 0.650997 0.021365
3 3 0.001063 0.005564 0.121563 0.853233 0.018577
3 3 0.000670 0.002674 0.013864 0.976104 0.006688
3 3 0.000170 0.000978 0.011303 0.985949 0.001600
3 3 0.000021 0.002204 0.355299 0.640230 0.002247
3 3 0.000029 0.000329 0.018779 0.980288 0.000575
3 3 0.000096 0.000497 0.002265 0.996248 0.000894
3 3 0.000001 0.000037 0.002514 0.997407 0.000041
3 3 0.000011 0.000155 0.010940 0.988684 0.000209
3 3 0.000525 0.003331 0.111438 0.876027 0.008679
3 3 0.000032 0.001722 0.040177 0.956876 0.001192
3 3 0.000001 0.000029 0.029850 0.970083 0.000038
3 3 0.000030 0.000382 0.043412 0.955683 0.000493
3 3 0.000392 0.002621 0.085390 0.904579 0.007017
3 3 0.000029 0.000383 0.035191 0.963485 0.000911
3 3 0.000066 0.001131 0.069513 0.927052 0.002238
3 3 0.000113 0.001044 0.042447 0.953597 0.002800
3 3 0.000002 0.000040 0.003830 0.996075 0.000053
3 3 0.000113 0.000812 0.018950 0.978891 0.001235
3 3 0.001996 0.006475 0.091475 0.892400 0.007654
3 3 0.002886 0.022971 0.084455 0.796759 0.092928
3 3 0.000019 0.002041 0.093386 0.903479 0.001074
3 3 0.000023 0.000216 0.004782 0.994651 0.000329
3 3 0.000002 0.000032 0.003257 0.996668 0.000041
3 3 0.000001 0.000311 0.023315 0.976238 0.000135
3 3 0.000015 0.000257 0.005128 0.994288 0.000311
3 3 0.000004 0.000043 0.000688 0.999191 0.000074
3 3 0.000003 0.000048 0.005073 0.994814 0.000063
4 3 0.044984 0.058654 0.126373 0.096860 0.673129
3 3 0.000001 0.000063 0.011815 0.988077 0.000044
3 3 0.000039 0.000243 0.001328 0.997962 0.000429
3 3 0.000000 0.000018 0.009435 0.990533 0.000014
3 3 0.000001 0.000023 0.030947 0.969001 0.000028
3 3 0.000293 0.000949 0.009987 0.988051 0.000721
3 3 0.001292 0.017188 0.048187 0.903646 0.029688
3 3 0.000022 0.000168 0.001368 0.998157 0.000284
3 3 0.004333 0.008995 0.008378 0.938750 0.039545
3 3 0.000526 0.002833 0.011691 0.980813 0.004137
3 3 0.000177 0.001337 0.053757 0.942606 0.002124
3 3 0.000302 0.001894 0.044330 0.948342 0.005131
3 3 0.000009 0.000374 0.006892 0.992412 0.000314
3 3 0.000020 0.000385 0.009440 0.989718 0.000435
3 3 0.000046 0.000883 0.015861 0.982361 0.000848
3 3 0.000238 0.001116 0.010369 0.986641 0.001636
3 3 0.000080 0.000789 0.031950 0.964911 0.002271
3 3 0.000054 0.000472 0.010460 0.987634 0.001381
3 3 0.008739 0.069808 0.391205 0.506813 0.023435
3 3 0.002107 0.001197 0.002639 0.993839 0.000218
3 3 0.000003 0.000045 0.001271 0.998614 0.000067
3 3 0.000039 0.000488 0.045030 0.953204 0.001240
3 3 0.001581 0.016735 0.099727 0.842166 0.039792
4 3 0.025004 0.057998 0.071911 0.017601 0.827486
2 2 0.001342 0.099615 0.582030 0.003932 0.313081
2 2 0.005660 0.184511 0.630276 0.025507 0.154046
1 1 0.003995 0.759319 0.230190 0.000006 0.006490
4 2 0.153751 0.220556 0.090673 0.248523 0.286497
2 2 0.000925 0.060774 0.870731 0.013710 0.053859
4 2 0.051247 0.202008 0.182313 0.000418 0.564015
4 2 0.015510 0.112569 0.113055 0.013742 0.745124
4 2 0.001270 0.256415 0.309581 0.022474 0.410260
2 2 0.000449 0.355201 0.559578 0.008967 0.075804
4 2 0.004646 0.174566 0.152983 0.000128 0.667676
4 2 0.040389 0.304050 0.076995 0.000207 0.578358
1 2 0.052531 0.528760 0.154383 0.000272 0.264054
4 2 0.005511 0.195545 0.274688 0.000151 0.524104
4 2 0.000726 0.194866 0.238009 0.000025 0.566374
2 2 0.001285 0.118047 0.665781 0.035900 0.178986
2 2 0.000027 0.072995 0.826580 0.009089 0.091308
2 2 0.000132 0.014068 0.885967 0.071840 0.027993
2 2 0.000547 0.028558 0.762162 0.020739 0.187994
2 2 0.000383 0.035901 0.750604 0.156038 0.057074
2 2 0.000292 0.037263 0.718593 0.133242 0.110611
2 2 0.001492 0.335834 0.566888 0.045018 0.050767
2 2 0.019991 0.093179 0.813534 0.064153 0.009143
2 2 0.000145 0.063016 0.687398 0.223942 0.025499
2 2 0.003332 0.283450 0.579392 0.005791 0.128036
2 2 0.058295 0.111378 0.429966 0.012518 0.387843
3 2 0.000047 0.006042 0.378008 0.612826 0.003077
2 2 0.001093 0.154534 0.540888 0.149717 0.153768
2 2 0.002845 0.066164 0.872222 0.033116 0.025652
2 2 0.001784 0.082841 0.726055 0.050245 0.139076
2 2 0.009253 0.044871 0.586182 0.002774 0.356921
0 0 0.952186 0.028913 0.009501 0.000577 0.008823
0 1 0.687051 0.226025 0.081540 0.001646 0.003738
1 1 0.008868 0.713630 0.259870 0.002153 0.015480
2 2 0.003641 0.171979 0.788282 0.004616 0.031482
1 1 0.201778 0.523692 0.264637 0.000068 0.009825
2 2 0.030326 0.347522 0.570249 0.000264 0.051640
4 2 0.009374 0.073934 0.425695 0.003063 0.487935
2 2 0.003374 0.072367 0.831915 0.071518 0.020826
4 1 0.101330 0.350781 0.154115 0.000033 0.393742
1 1 0.101660 0.661584 0.175780 0.000004 0.060972
2 2 0.000105 0.032985 0.894953 0.063994 0.007964
2 2 0.000059 0.016394 0.957116 0.022458 0.003972
2 2 0.000704 0.035163 0.921099 0.012518 0.030516
2 2 0.016878 0.081021 0.882901 0.009901 0.009300
2 2 0.010404 0.186425 0.523571 0.000865 0.278736
2 2 0.000486 0.074869 0.778974 0.039010 0.106661
2 2 0.001252 0.018445 0.973315 0.005887 0.001101
2 2 0.000411 0.031239 0.956715 0.005389 0.006246
2 2 0.000437 0.040458 0.920016 0.028654 0.010436
2 2 0.004004 0.063648 0.885960 0.007827 0.038560
2 2 0.000369 0.021130 0.620455 0.335743 0.022303
2 2 0.000196 0.018005 0.721779 0.253430 0.006590
2 2 0.017018 0.118606 0.812448 0.014385 0.037542
2 2 0.242419 0.060109 0.648353 0.045891 0.003228
2 2 0.000198 0.058425 0.875678 0.030741 0.034959
2 2 0.000004 0.005140 0.986072 0.006237 0.002546
2 2 0.000003 0.013199 0.979681 0.000298 0.006819
2 2 0.000024 0.041056 0.939944 0.000088 0.018889
2 2 0.000002 0.001542 0.995801 0.001685 0.000970
2 2 0.000079 0.024892 0.929946 0.003069 0.042014
2 2 0.000002 0.004906 0.989105 0.004208 0.001778
2 2 0.000029 0.012733 0.983406 0.002197 0.001635
2 2 0.000055 0.012393 0.911461 0.068272 0.007818
2 2 0.000002 0.000735 0.698874 0.300138 0.000251
2 2 0.001486 0.035827 0.895699 0.003340 0.063648
2 2 0.000275 0.090478 0.795884 0.094408 0.018955
2 2 0.000300 0.016439 0.828715 0.136081 0.018466
2 2 0.001048 0.044336 0.940976 0.004330 0.009311
2 2 0.000088 0.017605 0.973072 0.005293 0.003942
2 2 0.000020 0.004616 0.868020 0.124970 0.002374
2 2 0.000291 0.007942 0.983464 0.004582 0.003722
2 2 0.000016 0.024094 0.973354 0.001837 0.000700
2 2 0.012553 0.034612 0.787033 0.163193 0.002608
2 1 0.254911 0.189475 0.490079 0.031900 0.033635
2 2 0.002556 0.239649 0.656762 0.001232 0.099802
2 2 0.000135 0.094704 0.889506 0.000469 0.015186
2 2 0.000046 0.004291 0.985505 0.009416 0.000741
2 2 0.000056 0.010443 0.967412 0.021679 0.000411
2 2 0.019227 0.042880 0.888996 0.019597 0.029300
2 2 0.193443 0.179674 0.524515 0.000849 0.101519
1 1 0.034689 0.750111 0.212910 0.000062 0.002228
1 2 0.028496 0.599214 0.362185 0.001193 0.008911
2 2 0.004127 0.235825 0.420818 0.001438 0.337793
2 2 0.000069 0.017762 0.977790 0.001484 0.002896
2 2 0.009097 0.171015 0.639526 0.002951 0.177411
2 2 0.002459 0.203390 0.611192 0.014055 0.168904
2 2 0.022232 0.101180 0.849211 0.007645 0.019732
2 2 0.006786 0.090866 0.563966 0.000234 0.338149
2 2 0.005251 0.089877 0.861380 0.005246 0.038246
2 2 0.169197 0.171241 0.540447 0.022228 0.096886
2 2 0.238992 0.321763 0.409702 0.025305 0.004237
1 2 0.147930 0.707413 0.135079 0.000267 0.009312
2 2 0.002472 0.170499 0.774873 0.002074 0.050082
2 2 0.001192 0.031174 0.877745 0.087567 0.002322
2 2 0.002247 0.134294 0.854802 0.002675 0.005982
2 2 0.000456 0.066491 0.926815 0.000084 0.006154
2 2 0.006282 0.044529 0.941427 0.004699 0.003063
2 2 0.000226 0.017789 0.968958 0.010506 0.002521
2 2 0.005514 0.041482 0.887248 0.003164 0.062592
2 2 0.001354 0.015210 0.635683 0.344383 0.003371
2 2 0.003718 0.037738 0.929840 0.025859 0.002844
2 2 0.107580 0.318500 0.423278 0.003638 0.147004
2 2 0.000079 0.028258 0.952650 0.008104 0.010909
2 2 0.000015 0.039035 0.944827 0.008707 0.007416
2 2 0.051327 0.041799 0.866000 0.031540 0.009335
2 2 0.066629 0.050142 0.797967 0.083722 0.001540
2 2 0.000040 0.002224 0.610191 0.386939 0.000606
2 2 0.000688 0.006779 0.974230 0.017562 0.000741
4 2 0.222706 0.220732 0.087460 0.000267 0.468836
1 2 0.001099 0.868554 0.121320 0.002629 0.006399
2 2 0.001308 0.121571 0.830172 0.010480 0.036469
2 2 0.000044 0.054224 0.926686 0.003789 0.015257
2 2 0.000008 0.003339 0.981728 0.014797 0.000129
2 2 0.000507 0.111697 0.866529 0.002957 0.018310
2 2 0.000157 0.011896 0.774578 0.198577 0.014793
2 2 0.000513 0.010468 0.884404 0.074393 0.030223
2 2 0.000001 0.001343 0.707873 0.290461 0.000321
2 2 0.000000 0.000107 0.807371 0.192498 0.000024
2 2 0.000000 0.000087 0.845428 0.154376 0.000108
2 2 0.000080 0.001861 0.675870 0.318664 0.003525
2 2 0.000497 0.002053 0.854696 0.140018 0.002737
2 2 0.000003 0.000225 0.987427 0.012322 0.000024
2 2 0.000000 0.000011 0.760517 0.239471 0.000001
2 2 0.000005 0.000397 0.881785 0.115961 0.001852
2 2 0.001467 0.019896 0.823865 0.024878 0.129894
2 2 0.000011 0.007604 0.985416 0.006035 0.000934
2 2 0.000003 0.000118 0.579376 0.420489 0.000013
2 2 0.001119 0.002503 0.902254 0.093835 0.000289
2 2 0.000003 0.000725 0.908404 0.090488 0.000381
2 2 0.000000 0.000011 0.685888 0.314098 0.000003
2 2 0.000014 0.000838 0.991574 0.005258 0.002316
2 2 0.000000 0.000016 0.992277 0.007693 0.000013
2 2 0.000047 0.002235 0.985896 0.010696 0.001126
2 2 0.000036 0.001257 0.960494 0.037730 0.000483
2 2 0.000187 0.011077 0.922715 0.061360 0.004660
2 2 0.000011 0.003109 0.994645 0.001865 0.000370
2 2 0.000000 0.000193 0.932614 0.067111 0.000081
2 2 0.000000 0.000073 0.906898 0.093028 0.000001
2 2 0.001110 0.028547 0.897400 0.022023 0.050920
3 2 0.000004 0.000293 0.163750 0.835746 0.000207
2 2 0.000266 0.004325 0.991354 0.002315 0.001740
2 2 0.000005 0.000498 0.995930 0.003554 0.000012
2 2 0.000030 0.000803 0.971966 0.026778 0.000424
2 2 0.000176 0.001212 0.776276 0.221573 0.000763
2 2 0.000009 0.007438 0.934849 0.056077 0.001628
2 2 0.000005 0.001965 0.921708 0.076253 0.000069
2 2 0.000000 0.000017 0.804624 0.195356 0.000003
2 2 0.000000 0.000189 0.988183 0.011607 0.000020
2 2 0.000001 0.000321 0.888680 0.110971 0.000028
2 2 0.000017 0.002442 0.892974 0.104189 0.000377
2 3 0.000005 0.001311 0.794822 0.203008 0.000854
3 3 0.000530 0.013747 0.365227 0.606975 0.013521
3 3 0.000000 0.000012 0.471431 0.528542 0.000015
2 3 0.000001 0.000039 0.943169 0.056785 0.000006
2 3 0.000004 0.000225 0.725988 0.273410 0.000374
3 3 0.000000 0.000072 0.192500 0.807419 0.000009
2 3 0.012119 0.145861 0.572287 0.010571 0.259162
2 3 0.036333 0.261012 0.586750 0.013800 0.102105
2 3 0.000009 0.002291 0.988405 0.006798 0.002497
2 3 0.000055 0.005016 0.970441 0.017323 0.007165
2 3 0.000050 0.001568 0.730196 0.267448 0.000738
2 2 0.000342 0.003899 0.932866 0.061503 0.001390
2 2 0.000000 0.000020 0.996301 0.003660 0.000019
3 2 0.000000 0.000053 0.492196 0.507733 0.000018
2 2 0.000000 0.000018 0.808671 0.191282 0.000028
2 2 0.000003 0.000903 0.986159 0.012260 0.000675
2 3 0.000668 0.002237 0.990530 0.000509 0.006056
2 3 0.000046 0.001980 0.962503 0.035108 0.000362
2 3 0.000001 0.000412 0.995021 0.004162 0.000403
2 3 0.000004 0.000393 0.637787 0.361734 0.000082
2 3 0.000025 0.002373 0.938481 0.057914 0.001207
2 3 0.000000 0.000214 0.995020 0.004748 0.000018
2 3 0.000390 0.021649 0.935538 0.031604 0.010819
2 3 0.000031 0.003706 0.932715 0.062742 0.000807
2 3 0.000224 0.009943 0.790191 0.179854 0.019788
2 3 0.002950 0.022020 0.855435 0.067638 0.051958
2 3 0.000668 0.023394 0.830402 0.096791 0.048746
2 3 0.000000 0.000076 0.820141 0.179774 0.000008
2 3 0.000019 0.002839 0.924421 0.072251 0.000470
2 3 0.000001 0.000209 0.965331 0.034426 0.000033
0 3 0.622942 0.070434 0.274569 0.028566 0.003489
1 1 0.091740 0.529566 0.191951 0.000173 0.186569
2 2 0.011748 0.147943 0.631850 0.031815 0.176643
2 2 0.000226 0.020393 0.955985 0.010364 0.013031
2 2 0.002796 0.042511 0.932426 0.001819 0.020448
2 2 0.002483 0.017741 0.830060 0.003943 0.145773
2 2 0.000027 0.013455 0.937844 0.035179 0.013494
2 2 0.000150 0.030261 0.889387 0.058964 0.021238
2 2 0.002794 0.119597 0.634776 0.000914 0.241919
2 2 0.000101 0.014785 0.963034 0.004854 0.017226
2 2 0.000474 0.015211 0.937203 0.002874 0.044238
2 2 0.000429 0.013744 0.756180 0.181779 0.047869
4 4 0.002256 0.117271 0.420291 0.037594 0.422588
4 4 0.002742 0.049567 0.152392 0.009040 0.786259
4 4 0.026957 0.156760 0.047335 0.000011 0.768938
4 4 0.074042 0.110173 0.048160 0.000588 0.767038
4 4 0.004291 0.048178 0.055912 0.002431 0.889188
4 4 0.015653 0.033200 0.007386 0.000029 0.943732
4 4 0.011013 0.003295 0.000532 0.000003 0.985157
4 4 0.008417 0.006699 0.001035 0.000108 0.983741
4 4 0.031464 0.170766 0.082931 0.010707 0.704133
4 4 0.002782 0.065534 0.023528 0.001954 0.906202
4 4 0.046140 0.015658 0.004894 0.000149 0.933159
4 4 0.024142 0.073444 0.025056 0.016744 0.860613
4 4 0.028397 0.019047 0.007609 0.000101 0.944846
4 4 0.034964 0.049673 0.018278 0.000633 0.896451
4 4 0.106377 0.086438 0.024652 0.000004 0.782529
4 4 0.279536 0.025782 0.005735 0.000004 0.688942
4 4 0.006774 0.097778 0.031501 0.000011 0.863936
4 4 0.011464 0.005672 0.001591 0.000176 0.981097
4 4 0.027312 0.007615 0.001822 0.000023 0.963228
4 4 0.017471 0.002637 0.000508 0.000000 0.979384
4 4 0.010817 0.056789 0.015719 0.000293 0.916382
4 4 0.212202 0.161265 0.033147 0.004272 0.589114
0 0 0.944191 0.037428 0.014848 0.001946 0.001586
0 0 0.974157 0.017342 0.006536 0.001259 0.000706
0 0 0.662523 0.277423 0.057592 0.000021 0.002442
1 0 0.049866 0.740495 0.201023 0.000017 0.008600
0 0 0.655306 0.264447 0.068892 0.000037 0.011318
1 0 0.029190 0.836491 0.119705 0.000002 0.014611
1 1 0.056927 0.551255 0.171144 0.000002 0.220671
1 1 0.030043 0.670039 0.256281 0.000044 0.043592
1 1 0.362581 0.420032 0.134298 0.000033 0.083056
1 1 0.236209 0.401113 0.115166 0.000003 0.247508
4 1 0.135279 0.201002 0.070765 0.000515 0.592439
4 1 0.057471 0.204461 0.268631 0.000011 0.469427
1 1 0.102005 0.520892 0.110624 0.000104 0.266376
1 1 0.134501 0.643263 0.143133 0.000107 0.078996
0 0 0.729152 0.237574 0.031611 0.000001 0.001663
0 0 0.725421 0.235441 0.025711 0.000001 0.013426
0 0 0.815147 0.095149 0.011263 0.000000 0.078441
0 1 0.471713 0.438917 0.041717 0.000000 0.047653
0 1 0.723946 0.140842 0.031810 0.000001 0.103401
4 1 0.237211 0.316716 0.097589 0.000003 0.348481
1 2 0.005477 0.412277 0.185009 0.005280 0.391958
1 2 0.049407 0.464258 0.166563 0.000572 0.319200
4 2 0.005431 0.319513 0.123491 0.000230 0.551336
1 2 0.003751 0.480992 0.128469 0.000006 0.386782
1 2 0.028742 0.582985 0.164323 0.001587 0.222363
4 2 0.012146 0.336704 0.112677 0.003964 0.534509
2 2 0.000944 0.200066 0.583508 0.069151 0.146332
2 2 0.001400 0.193605 0.534405 0.025287 0.245303
1 2 0.000931 0.405697 0.230938 0.003258 0.359177
2 2 0.000309 0.087372 0.665993 0.038144 0.208182
3 2 0.000266 0.024949 0.466407 0.468858 0.039521
2 2 0.000273 0.100863 0.722940 0.030075 0.145849
2 2 0.000053 0.007607 0.965042 0.007672 0.019626
2 2 0.000106 0.015428 0.762571 0.194990 0.026905
2 2 0.000006 0.005184 0.986425 0.000871 0.007514
2 2 0.000083 0.043669 0.897082 0.005722 0.053445
2 2 0.000698 0.038166 0.776054 0.010025 0.175057
2 2 0.000052 0.026280 0.936031 0.000750 0.036887
2 2 0.000614 0.028312 0.768265 0.057912 0.144898
2 2 0.000531 0.028779 0.873846 0.012410 0.084435
2 2 0.000003 0.002932 0.994823 0.000327 0.001916
2 2 0.000016 0.012511 0.962660 0.001280 0.023533
2 2 0.000001 0.000449 0.993387 0.005581 0.000582
2 2 0.000251 0.020851 0.906576 0.001426 0.070897
2 2 0.000001 0.000354 0.989431 0.009851 0.000363
2 2 0.000015 0.000425 0.977155 0.021969 0.000436
2 2 0.000011 0.001367 0.910092 0.087356 0.001173
2 2 0.000001 0.000967 0.997246 0.000740 0.001046
2 2 0.000003 0.000552 0.997210 0.001032 0.001203
2 2 0.000001 0.000198 0.994137 0.005402 0.000263
2 2 0.000001 0.000686 0.970628 0.027919 0.000766
2 2 0.000002 0.001929 0.965680 0.028546 0.003843
2 2 0.000036 0.005969 0.970586 0.015262 0.008147
2 2 0.000002 0.000705 0.995439 0.002066 0.001788
2 2 0.000018 0.001134 0.974387 0.017774 0.006687
2 2 0.000047 0.012429 0.917196 0.019754 0.050574
2 2 0.000000 0.000015 0.926078 0.073904 0.000002
2 2 0.000000 0.000007 0.952870 0.047119 0.000004
2 2 0.000217 0.024350 0.931443 0.000257 0.043733
2 2 0.000000 0.000096 0.995146 0.004682 0.000076
2 2 0.000000 0.000039 0.956413 0.043504 0.000044
2 2 0.000000 0.000015 0.864430 0.135544 0.000010
2 2 0.000000 0.000027 0.993538 0.006160 0.000275
2 2 0.000035 0.001066 0.987883 0.007102 0.003914
2 2 0.000000 0.000070 0.998776 0.001133 0.000021
2 2 0.000000 0.000053 0.998871 0.001056 0.000019
2 2 0.000002 0.001343 0.991469 0.006687 0.000499
2 3 0.000009 0.006393 0.804179 0.188017 0.001401
2 3 0.000000 0.000083 0.620065 0.379846 0.000006
2 3 0.000000 0.000000 0.859616 0.140383 0.000000
2 3 0.000314 0.002738 0.914149 0.060136 0.022663
2 3 0.000020 0.000327 0.891336 0.107439 0.000878
3 3 0.000124 0.004362 0.296061 0.694567 0.004886
3 3 0.000009 0.000175 0.039427 0.960123 0.000265
3 3 0.000000 0.000000 0.033153 0.966847 0.000000
3 3 0.000020 0.000130 0.107876 0.891949 0.000025
2 3 0.000022 0.000562 0.645643 0.352156 0.001617
3 3 0.002502 0.010129 0.466378 0.498572 0.022420
2 3 0.000001 0.000490 0.809353 0.189792 0.000364
2 3 0.000000 0.000048 0.650202 0.349730 0.000020
2 3 0.000000 0.000051 0.660146 0.339779 0.000024
2 3 0.000000 0.000000 0.521777 0.478223 0.000000
2 3 0.012122 0.023730 0.745783 0.163419 0.054946
3 3 0.000000 0.000033 0.320269 0.679682 0.000016
2 3 0.001564 0.009386 0.639125 0.255280 0.094645
2 3 0.000003 0.000122 0.586266 0.413066 0.000543
3 3 0.001833 0.008954 0.253320 0.707124 0.028768
3 3 0.000188 0.002099 0.469580 0.520869 0.007264
2 3 0.000970 0.005928 0.866643 0.090363 0.036097
2 3 0.000008 0.000158 0.726090 0.273608 0.000136
3 3 0.000004 0.000260 0.375772 0.623618 0.000346
3 3 0.000000 0.000005 0.155452 0.844541 0.000002
3 3 0.000000 0.000000 0.019884 0.980116 0.000000
3 3 0.000000 0.000005 0.016417 0.983567 0.000010
3 3 0.000000 0.000009 0.129517 0.870465 0.000009
3 3 0.000029 0.000436 0.087711 0.911009 0.000816
2 3 0.000096 0.004423 0.962924 0.026405 0.006151
2 3 0.000009 0.002361 0.938768 0.058053 0.000809
2 3 0.000004 0.002094 0.953380 0.042727 0.001794
2 3 0.000008 0.002100 0.983600 0.011852 0.002440
2 2 0.000212 0.013906 0.913200 0.053447 0.019235
2 2 0.000298 0.038057 0.772876 0.039447 0.149322
2 2 0.000001 0.002805 0.979766 0.015834 0.001594
2 2 0.000005 0.002221 0.818013 0.177702 0.002058
2 2 0.000030 0.010552 0.970211 0.003320 0.015887
2 2 0.000010 0.007847 0.986982 0.002568 0.002593
2 2 0.000000 0.000631 0.885976 0.113150 0.000243
2 2 0.000003 0.000981 0.815891 0.182363 0.000762
2 2 0.000003 0.002692 0.991137 0.004993 0.001176
2 2 0.000054 0.001953 0.958760 0.032518 0.006715
2 2 0.000001 0.000608 0.994761 0.003191 0.001439
2 2 0.000001 0.000643 0.998304 0.000138 0.000914
2 2 0.000087 0.024718 0.817048 0.127360 0.030787
2 2 0.000207 0.017545 0.914931 0.025587 0.041730
2 2 0.000663 0.025638 0.799008 0.056553 0.118139
2 2 0.000026 0.048399 0.884786 0.006586 0.060203
4 2 0.003680 0.072655 0.188577 0.000890 0.734198
4 2 0.013677 0.235686 0.119480 0.000008 0.631148
4 1 0.137581 0.351608 0.115798 0.000006 0.395007
4 1 0.012419 0.309140 0.074785 0.000240 0.603416
4 2 0.003081 0.395943 0.150159 0.022586 0.428231
4 2 0.002100 0.398569 0.144425 0.012195 0.442711
4 4 0.005305 0.035507 0.007254 0.000128 0.951805
4 4 0.003538 0.034112 0.006200 0.000096 0.956054
4 4 0.019092 0.004873 0.000975 0.000009 0.975052
4 4 0.016325 0.004627 0.000856 0.000014 0.978177
4 4 0.012173 0.058204 0.070133 0.001555 0.857934
4 4 0.015895 0.010362 0.002060 0.000315 0.971367
4 4 0.024147 0.021058 0.006069 0.000051 0.948675
4 4 0.026760 0.025108 0.006673 0.003246 0.938213
4 4 0.018643 0.005418 0.001070 0.000020 0.974850
4 4 0.016259 0.002543 0.000472 0.000000 0.980726
4 4 0.246837 0.008610 0.001884 0.000000 0.742669
4 4 0.007995 0.018807 0.003332 0.000001 0.969865
4 4 0.005694 0.242317 0.098407 0.000075 0.653508
4 4 0.023402 0.101391 0.035634 0.000000 0.839573
4 4 0.021465 0.004477 0.000723 0.000007 0.973328
4 4 0.006088 0.018063 0.001966 0.000041 0.973843
4 4 0.039202 0.054195 0.023414 0.000046 0.883142
4 4 0.097466 0.056360 0.008924 0.000014 0.837236
4 4 0.014959 0.012218 0.002695 0.000038 0.970090
4 4 0.024821 0.007458 0.001699 0.000034 0.965988
4 4 0.002701 0.037817 0.007586 0.000002 0.951894
4 4 0.058285 0.053127 0.011289 0.000756 0.876543
4 4 0.004300 0.173750 0.068682 0.022129 0.731138
4 4 0.002217 0.088298 0.070054 0.017776 0.821656
4 4 0.010670 0.092495 0.022506 0.001439 0.872890
4 4 0.015564 0.012261 0.002625 0.000115 0.969435
4 4 0.003249 0.092878 0.023431 0.000015 0.880426
4 4 0.067480 0.010487 0.004256 0.000000 0.917777
4 4 0.040400 0.007963 0.001917 0.000007 0.949712
4 4 0.039312 0.016327 0.005178 0.000026 0.939156
4 4 0.015335 0.011018 0.002108 0.000980 0.970559
4 4 0.012849 0.003922 0.000644 0.000018 0.982567
4 4 0.019825 0.005048 0.001029 0.000009 0.974089
4 4 0.011428 0.007092 0.001118 0.000000 0.980361
4 4 0.029405 0.100696 0.028627 0.001665 0.839607
4 4 0.019755 0.018068 0.004796 0.000033 0.957348
4 4 0.041845 0.007200 0.002148 0.000001 0.948805
0 4 0.549863 0.012387 0.002114 0.000000 0.435635
4 4 0.010731 0.002809 0.000423 0.000005 0.986032
4 4 0.006477 0.001738 0.000204 0.000004 0.991577
4 4 0.180675 0.083856 0.029826 0.078603 0.627039
3 4 0.359913 0.094762 0.024301 0.434218 0.086806
4 4 0.008989 0.018255 0.003576 0.000240 0.968940
4 4 0.022271 0.005469 0.001182 0.000008 0.971070
4 4 0.023746 0.013685 0.004029 0.000001 0.958538
4 4 0.037059 0.198285 0.072951 0.008417 0.683288
4 4 0.041790 0.099093 0.046999 0.000874 0.811243
4 4 0.006800 0.015248 0.002654 0.000193 0.975105
4 4 0.007483 0.020134 0.004084 0.000045 0.968253
4 4 0.002976 0.023037 0.003617 0.000085 0.970286
4 4 0.051556 0.009947 0.003301 0.000004 0.935192
4 4 0.020695 0.006252 0.001300 0.000029 0.971725
4 4 0.062221 0.018091 0.006621 0.000074 0.912993
4 1 0.037928 0.006227 0.001028 0.000002 0.954816
4 2 0.004130 0.133780 0.034116 0.001552 0.826422
4 1 0.007633 0.307748 0.171593 0.000017 0.513009
4 2 0.050937 0.293027 0.136155 0.000146 0.519735
4 2 0.002734 0.416818 0.119218 0.000242 0.460988
2 2 0.002585 0.095344 0.440882 0.112073 0.349115
3 2 0.000757 0.088470 0.161203 0.401627 0.347943
4 2 0.000507 0.321188 0.176219 0.002016 0.500070
4 2 0.001447 0.233240 0.053748 0.002010 0.709554
4 4 0.002145 0.037183 0.006317 0.000023 0.954331
4 4 0.002000 0.068201 0.011105 0.003334 0.915360
4 4 0.021701 0.007234 0.001539 0.000058 0.969468
4 4 0.018091 0.004168 0.000813 0.000004 0.976924
4 4 0.009453 0.036578 0.008490 0.000453 0.945026
0 4 0.459811 0.085630 0.034363 0.000014 0.420182
4 4 0.051182 0.034453 0.007974 0.000005 0.906386
4 4 0.003140 0.010033 0.001409 0.000010 0.985407
4 4 0.005354 0.121744 0.073192 0.008175 0.791535
4 4 0.006621 0.149363 0.115976 0.011816 0.716223
4 4 0.025681 0.009507 0.002355 0.000024 0.962433
4 4 0.017964 0.009417 0.001469 0.000013 0.971139
4 4 0.004511 0.111455 0.040225 0.000223 0.843585
4 4 0.003484 0.053692 0.081428 0.006323 0.855073
4 4 0.015849 0.127398 0.045649 0.005046 0.806059
4 4 0.007073 0.128150 0.034828 0.015128 0.814822
4 4 0.010537 0.288072 0.129248 0.011900 0.560242
4 4 0.005819 0.130806 0.087247 0.046394 0.729735
4 4 0.009324 0.013986 0.002745 0.000052 0.973893
4 4 0.001214 0.137906 0.025146 0.001126 0.834608
4 4 0.014940 0.007596 0.001646 0.000003 0.975815
4 4 0.041816 0.010734 0.003684 0.000017 0.943749
4 4 0.033659 0.009500 0.002561 0.000022 0.954259
4 4 0.401902 0.027877 0.013971 0.000002 0.556247
2 4 0.036329 0.061598 0.504442 0.004526 0.393105
4 4 0.004463 0.152273 0.087118 0.045945 0.710200
4 4 0.014389 0.094380 0.030824 0.001861 0.858546
4 4 0.003712 0.069285 0.022770 0.055319 0.848913
2 2 0.000328 0.059937 0.594979 0.110381 0.234374
4 2 0.000678 0.129429 0.372739 0.050862 0.446292
4 2 0.002017 0.384497 0.122905 0.053950 0.436631
4 2 0.008899 0.260687 0.101392 0.053098 0.575924
4 4 0.020199 0.031851 0.131637 0.030507 0.785805
4 4 0.020718 0.011858 0.002459 0.002009 0.962957
4 4 0.019490 0.036474 0.030781 0.000052 0.913202
4 4 0.024256 0.010946 0.005196 0.000176 0.959426
4 4 0.001450 0.048266 0.007136 0.000288 0.942860
4 4 0.002752 0.242748 0.065327 0.009540 0.679632
4 4 0.004122 0.155199 0.041387 0.001916 0.797376
4 4 0.000945 0.187529 0.143930 0.206563 0.461032
4 4 0.001329 0.295277 0.297389 0.037319 0.368687
1 4 0.003361 0.399711 0.187463 0.042094 0.367371
2 2 0.000157 0.087419 0.465566 0.302573 0.144286
4 2 0.000857 0.060969 0.420108 0.060964 0.457103
4 2 0.000755 0.137112 0.044073 0.001349 0.816711
4 2 0.001008 0.117305 0.099583 0.005313 0.776792
2 2 0.002324 0.066532 0.577909 0.050544 0.302691
4 4 0.011862 0.009520 0.015378 0.000424 0.962817
4 4 0.017625 0.015904 0.012410 0.005075 0.948986
4 4 0.023349 0.011078 0.002570 0.000612 0.962390
4 4 0.022002 0.005625 0.001208 0.000010 0.971154
4 4 0.014994 0.005325 0.000942 0.000059 0.978680
4 4 0.028331 0.003529 0.000867 0.000000 0.967273
4 4 0.029168 0.009926 0.002451 0.000092 0.958363
4 4 0.044040 0.012363 0.003774 0.000040 0.939782
4 4 0.074553 0.021347 0.008612 0.000081 0.895407
4 4 0.024014 0.006390 0.005690 0.000002 0.963905
4 4 0.175367 0.051023 0.022041 0.000004 0.751566
4 4 0.003462 0.367370 0.139218 0.007440 0.482511
1 4 0.000881 0.488113 0.155079 0.012372 0.343555
4 4 0.002179 0.078171 0.198961 0.272519 0.448170
2 2 0.000716 0.184880 0.385918 0.091564 0.336923
4 2 0.004679 0.002851 0.000369 0.000001 0.992101
4 4 0.007817 0.001025 0.000133 0.000000 0.991025
4 4 0.018267 0.006714 0.001310 0.000092 0.973617
4 4 0.025195 0.007194 0.001652 0.000024 0.965935
4 4 0.001701 0.287141 0.073194 0.008240 0.629723
4 4 0.003393 0.097389 0.044251 0.155218 0.699748
4 4 0.018015 0.018355 0.004484 0.000159 0.958988
4 4 0.015729 0.006141 0.001112 0.000117 0.976901
1 4 0.209513 0.431029 0.150741 0.000019 0.208699
3 4 0.000802 0.019052 0.068660 0.845236 0.066250
4 2 0.024423 0.129350 0.050155 0.000001 0.796072
1 2 0.005103 0.473326 0.135961 0.000000 0.385610
2 2 0.001453 0.151281 0.388844 0.288662 0.169760
4 2 0.001841 0.082369 0.282898 0.262872 0.370021
2 2 0.000166 0.070656 0.775767 0.022971 0.130439
2 2 0.000273 0.110129 0.680764 0.027437 0.181398
4 2 0.000848 0.193804 0.312263 0.110250 0.382835
2 2 0.000122 0.054346 0.695933 0.161479 0.088120
2 2 0.000558 0.085808 0.507232 0.164085 0.242317
4 2 0.002253 0.085652 0.203033 0.146503 0.562559
2 2 0.001047 0.114459 0.641563 0.029915 0.213017
2 2 0.000595 0.176327 0.484177 0.040338 0.298564
4 2 0.001740 0.066005 0.036549 0.000388 0.895317
4 2 0.004796 0.116301 0.030816 0.000153 0.847933
2 2 0.001408 0.153482 0.516513 0.007678 0.320920
2 2 0.000328 0.115678 0.529598 0.015434 0.338962
4 2 0.001823 0.404200 0.153510 0.000340 0.440127
4 2 0.000833 0.117469 0.334617 0.003892 0.543189
1 2 0.001069 0.359670 0.344519 0.036868 0.257874
2 2 0.000025 0.024331 0.854449 0.104067 0.017128
4 2 0.001220 0.147511 0.280166 0.003388 0.567714
2 2 0.000701 0.138265 0.546749 0.038768 0.275517
2 2 0.000069 0.007295 0.606719 0.372575 0.013343
2 2 0.000633 0.091770 0.618691 0.058170 0.230736
2 2 0.000014 0.010973 0.979426 0.000344 0.009243
2 2 0.000008 0.004681 0.990262 0.001469 0.003581
2 2 0.001778 0.035918 0.661478 0.029656 0.271169
2 2 0.000688 0.012938 0.703274 0.084084 0.199017
2 2 0.000020 0.000849 0.997960 0.000318 0.000853
2 2 0.000095 0.001118 0.992675 0.000828 0.005283
2 2 0.001117 0.019553 0.721479 0.007394 0.250457
2 2 0.000186 0.006878 0.903830 0.037489 0.051618
2 2 0.000003 0.001491 0.995356 0.000824 0.002325
2 2 0.000002 0.000797 0.994932 0.002437 0.001832
2 2 0.000591 0.022245 0.809901 0.005544 0.161720
2 2 0.000110 0.007742 0.951715 0.015131 0.025302
2 2 0.000003 0.000681 0.996233 0.000055 0.003028
2 2 0.000002 0.001237 0.996438 0.000408 0.001915
2 2 0.000000 0.000118 0.995135 0.004626 0.000121
2 2 0.000000 0.000025 0.970382 0.029526 0.000066
2 2 0.000005 0.000477 0.742617 0.255317 0.001583
2 2 0.000000 0.000004 0.871391 0.128604 0.000002
2 2 0.001446 0.021997 0.809156 0.013350 0.154051
2 2 0.000050 0.002698 0.950182 0.007008 0.040062
2 2 0.000005 0.000741 0.990587 0.006106 0.002561
2 2 0.000038 0.002408 0.946432 0.048661 0.002462
2 2 0.000022 0.013071 0.963928 0.010521 0.012458
2 2 0.000040 0.026983 0.944886 0.000641 0.027449
2 2 0.000000 0.000008 0.884059 0.115923 0.000010
3 3 0.000065 0.001088 0.475610 0.516563 0.006675
2 3 0.000050 0.001490 0.974250 0.012840 0.011369
2 3 0.000069 0.001127 0.672149 0.320290 0.006365
2 3 0.000330 0.010189 0.840946 0.128812 0.019723
2 3 0.000002 0.000797 0.589036 0.409822 0.000343
2 3 0.000801 0.011710 0.635650 0.326215 0.025624
2 3 0.000026 0.000755 0.949305 0.041041 0.008873
2 3 0.000723 0.005441 0.785371 0.148251 0.060215
2 3 0.000001 0.000053 0.990484 0.009287 0.000175
2 3 0.000014 0.001417 0.752465 0.243484 0.002620
3 3 0.000000 0.000057 0.212549 0.787375 0.000020
2 3 0.000338 0.006489 0.785206 0.185908 0.022058
2 3 0.000074 0.001160 0.855640 0.131473 0.011654
2 3 0.000023 0.000815 0.627595 0.369435 0.002132
2 3 0.000891 0.007482 0.597590 0.369308 0.024728
3 3 0.000000 0.000001 0.066073 0.933925 0.000001
3 3 0.000004 0.000125 0.130259 0.869457 0.000155
2 3 0.000004 0.000850 0.895584 0.103197 0.000365
2 3 0.000024 0.001374 0.891403 0.103208 0.003991
3 3 0.000021 0.000979 0.323528 0.674679 0.000795
2 3 0.000065 0.003735 0.662995 0.327524 0.005682
3 3 0.000006 0.000233 0.035338 0.964177 0.000246
3 3 0.001890 0.008317 0.120756 0.835779 0.033257
3 3 0.000676 0.006995 0.193901 0.781990 0.016438
3 3 0.001068 0.005619 0.129711 0.845625 0.017977
3 3 0.000208 0.001593 0.038108 0.951368 0.008722
3 3 0.000010 0.000184 0.057420 0.942174 0.000213
2 3 0.000356 0.003344 0.616077 0.364461 0.015762
3 3 0.000224 0.001994 0.194386 0.799598 0.003799
3 3 0.000279 0.001689 0.034220 0.960875 0.002939
3 3 0.000082 0.000862 0.075116 0.922306 0.001634
3 3 0.000107 0.001269 0.204892 0.790325 0.003408
3 3 0.000095 0.001285 0.340026 0.654175 0.004418
2 3 0.000010 0.000401 0.748472 0.249601 0.001516
2 3 0.000006 0.000137 0.821221 0.178562 0.000074
3 3 0.000001 0.000075 0.382263 0.617387 0.000273
3 3 0.000023 0.000570 0.089642 0.908449 0.001316
3 3 0.000205 0.002382 0.024578 0.968690 0.004145
3 3 0.000080 0.000797 0.030913 0.964423 0.003788
3 3 0.000000 0.000012 0.017927 0.982039 0.000021
3 3 0.000000 0.000009 0.152822 0.847151 0.000018
3 3 0.000080 0.001966 0.488939 0.502589 0.006425
2 3 0.011239 0.032138 0.498950 0.263731 0.193942
3 3 0.000320 0.002386 0.089541 0.898762 0.008992
3 3 0.000010 0.000200 0.056842 0.942641 0.000306
3 3 0.000594 0.003306 0.074735 0.914318 0.007048
3 3 0.002371 0.010084 0.149410 0.794985 0.043150
3 3 0.000412 0.003592 0.299650 0.674738 0.021608
3 3 0.000000 0.000012 0.208936 0.791027 0.000024
3 3 0.000210 0.002232 0.293320 0.693446 0.010792
3 3 0.000050 0.001053 0.054247 0.943202 0.001448
2 3 0.002852 0.013470 0.493313 0.414490 0.075875
3 3 0.000611 0.004832 0.357668 0.627368 0.009522
2 3 0.000210 0.005680 0.644674 0.331942 0.017494
2 3 0.000015 0.000832 0.588348 0.408903 0.001902
3 3 0.000207 0.002001 0.215582 0.776617 0.005593
3 3 0.000094 0.000851 0.039385 0.957870 0.001799
2 3 0.000006 0.000630 0.699737 0.298602 0.001026
3 3 0.000008 0.000258 0.407753 0.590872 0.001109
3 3 0.000191 0.002015 0.120765 0.873560 0.003470
3 3 0.000285 0.002595 0.292884 0.696874 0.007362
2 3 0.000064 0.001039 0.593083 0.401844 0.003969
3 3 0.000015 0.000320 0.157156 0.841683 0.000826
0 1 0.481851 0.343037 0.125380 0.001318 0.048414
1 2 0.078588 0.547079 0.178782 0.000079 0.195473
2 2 0.096380 0.053401 0.750235 0.079825 0.020160
2 2 0.005375 0.049825 0.928311 0.005432 0.011057
2 2 0.158963 0.122855 0.380923 0.000039 0.337220
1 1 0.031865 0.436823 0.111628 0.000000 0.419684
1 2 0.002939 0.415207 0.306487 0.000368 0.274999
1 2 0.015186 0.504011 0.205555 0.013074 0.262173
2 2 0.003722 0.019800 0.815767 0.036011 0.124700
4 2 0.002638 0.011017 0.092791 0.000410 0.893144
2 2 0.000392 0.194879 0.536133 0.071527 0.197069
2 2 0.000835 0.223692 0.435107 0.050189 0.290178
3 2 0.000876 0.087709 0.246903 0.435508 0.229004
4 2 0.012876 0.269170 0.120428 0.047105 0.550421
4 1 0.009231 0.241420 0.124764 0.000009 0.624575
4 2 0.001811 0.186235 0.141469 0.017339 0.653147
4 2 0.000795 0.078420 0.310449 0.105290 0.505047
3 2 0.000270 0.064711 0.239335 0.579543 0.116141
4 2 0.002275 0.192328 0.315074 0.164492 0.325830
3 2 0.000362 0.037982 0.432495 0.445323 0.083838
4 4 0.011797 0.034615 0.009296 0.000037 0.944255
4 4 0.005332 0.033534 0.006654 0.000192 0.954288
4 4 0.012899 0.202394 0.192449 0.046199 0.546059
4 4 0.002614 0.109083 0.149629 0.140934 0.597741
4 4 0.002203 0.167890 0.129187 0.090844 0.609875
4 4 0.003397 0.002814 0.000334 0.000000 0.993454
4 4 0.006184 0.001505 0.000173 0.000002 0.992136
4 4 0.006092 0.000897 0.000081 0.000000 0.992930
4 4 0.005547 0.024795 0.004854 0.000048 0.964757
4 4 0.004690 0.206862 0.058558 0.050695 0.679196
2 4 0.000806 0.092437 0.568549 0.140846 0.197362
4 4 0.001806 0.081441 0.127663 0.026381 0.762709
0 4 0.436698 0.145952 0.051364 0.000008 0.365978
0 1 0.718557 0.176473 0.085384 0.005296 0.014289
4 1 0.023708 0.115153 0.058723 0.000006 0.802410
4 2 0.001200 0.095480 0.214411 0.186088 0.502820
2 2 0.000467 0.148146 0.550466 0.136907 0.164015
4 2 0.001885 0.250527 0.196766 0.047402 0.503420
4 2 0.002327 0.259025 0.208774 0.007936 0.521939
4 2 0.004324 0.089386 0.270150 0.177499 0.458640
2 2 0.001166 0.138149 0.499825 0.005506 0.355353
2 2 0.000924 0.094900 0.558522 0.137642 0.208013
3 2 0.001231 0.068478 0.340802 0.360726 0.228763
4 2 0.001205 0.022456 0.078115 0.020862 0.877362
4 2 0.006425 0.204178 0.166704 0.001213 0.621479
4 4 0.002447 0.046128 0.037027 0.000153 0.914245
4 4 0.005532 0.017292 0.003382 0.000004 0.973789
4 4 0.007629 0.081836 0.019450 0.023761 0.867324
4 4 0.002189 0.329445 0.142922 0.005745 0.519699
4 4 0.001518 0.296149 0.146269 0.005644 0.550420
4 4 0.004961 0.058593 0.284159 0.060608 0.591680
4 2 0.012293 0.097438 0.125463 0.032539 0.732266
