0 0 0.985376 0.006362 0.001578 0.000003 0.006681
0 0 0.977848 0.013811 0.006388 0.001477 0.000476
0 0 0.510134 0.042409 0.143640 0.303365 0.000451
0 0 0.890234 0.087869 0.019058 0.000795 0.002043
0 0 0.991325 0.006857 0.001348 0.000203 0.000268
0 0 0.989112 0.008710 0.001394 0.000740 0.000044
0 0 0.998264 0.001454 0.000195 0.000077 0.000010
0 0 0.971559 0.008455 0.012843 0.007121 0.000022
0 0 0.989643 0.008356 0.001551 0.000256 0.000195
0 0 0.993266 0.003588 0.001323 0.001816 0.000007
0 0 0.999413 0.000513 0.000056 0.000016 0.000002
0 0 0.998169 0.001579 0.000215 0.000013 0.000024
0 0 0.701243 0.127055 0.143603 0.027321 0.000779
0 0 0.552045 0.133746 0.275996 0.037137 0.001076
0 0 0.998702 0.001079 0.000127 0.000089 0.000003
0 0 0.962669 0.033133 0.003905 0.000264 0.000029
0 0 0.703594 0.128981 0.045493 0.000185 0.121747
4 0 0.304169 0.279279 0.103588 0.000435 0.312528
0 0 0.868990 0.055879 0.055299 0.000090 0.019743
0 0 0.965510 0.027397 0.005593 0.000095 0.001404
0 0 0.650958 0.227848 0.071209 0.000455 0.049531
0 0 0.742849 0.141845 0.076504 0.001648 0.037153
1 0 0.152384 0.330292 0.305034 0.000716 0.211574
0 0 0.552737 0.319000 0.098277 0.000558 0.029428
0 0 0.490167 0.265245 0.109355 0.000346 0.134887
1 1 0.172512 0.350497 0.187481 0.000511 0.288998
1 1 0.206611 0.363108 0.141798 0.000424 0.288058
1 1 0.062884 0.439546 0.188966 0.002502 0.306103
2 1 0.033071 0.401505 0.514849 0.020390 0.030185
2 1 0.004516 0.113818 0.810103 0.043994 0.027570
2 2 0.024087 0.121667 0.606052 0.135603 0.112591
2 2 0.020502 0.263615 0.632332 0.015549 0.068002
3 2 0.001136 0.026040 0.301761 0.606195 0.064867
2 2 0.003071 0.090941 0.412009 0.165612 0.328367
2 2 0.000713 0.039672 0.956597 0.002623 0.000396
1 2 0.084175 0.439759 0.418377 0.000079 0.057610
2 2 0.047573 0.184099 0.471173 0.048774 0.248382
2 2 0.005298 0.143020 0.634806 0.020353 0.196522
4 2 0.102509 0.289431 0.122337 0.011422 0.474300
0 2 0.362363 0.225059 0.144467 0.064590 0.203521
3 2 0.075200 0.074368 0.211747 0.614597 0.024088
2 2 0.011710 0.027501 0.647469 0.305483 0.007837
2 2 0.164149 0.215199 0.403421 0.076182 0.141049
2 2 0.102734 0.187364 0.482114 0.074543 0.153244
3 2 0.000367 0.002126 0.462019 0.534769 0.000719
2 2 0.001293 0.006567 0.761524 0.226309 0.004306
2 2 0.011867 0.021325 0.637269 0.321995 0.007543
2 2 0.000774 0.006101 0.548672 0.444184 0.000270
2 2 0.057945 0.094222 0.761512 0.054130 0.032190
2 2 0.052852 0.062200 0.462964 0.413522 0.008461
3 2 0.000134 0.001778 0.148511 0.849531 0.000046
3 2 0.000269 0.001845 0.082863 0.914799 0.000224
3 3 0.000731 0.021906 0.251714 0.715929 0.009721
3 3 0.000189 0.001509 0.033384 0.964682 0.000237
3 3 0.003786 0.015572 0.094825 0.883337 0.002480
3 3 0.000014 0.000273 0.017014 0.982649 0.000049
3 3 0.003639 0.008307 0.036544 0.950203 0.001307
3 3 0.000157 0.002012 0.074110 0.923517 0.000204
3 3 0.000795 0.001558 0.019031 0.978467 0.000148
3 3 0.000007 0.000089 0.012995 0.986897 0.000012
3 3 0.000044 0.000798 0.217053 0.782023 0.000081
3 3 0.000102 0.000481 0.012925 0.986445 0.000047
3 3 0.000149 0.002873 0.086546 0.909982 0.000450
3 3 0.000114 0.000755 0.014405 0.984605 0.000121
3 3 0.000005 0.000022 0.001093 0.998879 0.000001
3 3 0.000240 0.000700 0.012320 0.986687 0.000054
3 3 0.000001 0.000021 0.000560 0.999410 0.000009
3 3 0.000280 0.000738 0.006061 0.992880 0.000041
3 3 0.000001 0.000026 0.009360 0.990612 0.000002
3 3 0.000092 0.001185 0.046337 0.952339 0.000046
3 3 0.001676 0.007322 0.025403 0.965420 0.000179
3 3 0.000012 0.000579 0.054129 0.945219 0.000061
3 3 0.000119 0.000533 0.050400 0.948922 0.000025
3 3 0.014238 0.037562 0.030399 0.896037 0.021764
3 3 0.000039 0.000111 0.009010 0.990837 0.000002
3 3 0.000005 0.000070 0.013924 0.985991 0.000010
3 3 0.000103 0.000993 0.073920 0.924926 0.000058
3 3 0.000862 0.007696 0.198324 0.792791 0.000327
3 3 0.000000 0.000004 0.008218 0.991778 0.000000
3 3 0.000001 0.000024 0.002373 0.997595 0.000008
3 3 0.000880 0.001974 0.013981 0.982743 0.000422
3 3 0.000028 0.000107 0.001588 0.998267 0.000010
3 3 0.001235 0.004483 0.015385 0.977458 0.001440
3 3 0.000069 0.000246 0.001468 0.998139 0.000079
3 3 0.000001 0.000024 0.007394 0.992577 0.000004
3 3 0.000101 0.000580 0.005658 0.993600 0.000061
3 3 0.010210 0.024613 0.101867 0.848344 0.014967
3 3 0.043606 0.061453 0.031143 0.835266 0.028533
3 3 0.000228 0.000962 0.011996 0.986760 0.000054
3 3 0.000276 0.004288 0.068727 0.926000 0.000710
3 3 0.000023 0.000198 0.005462 0.994271 0.000045
3 3 0.000123 0.004490 0.051787 0.940917 0.002683
3 3 0.000384 0.001696 0.010428 0.987026 0.000467
3 3 0.002099 0.005754 0.022803 0.968147 0.001196
3 3 0.000267 0.000485 0.014411 0.984823 0.000014
3 3 0.000160 0.001092 0.040713 0.957912 0.000122
3 3 0.000994 0.001772 0.058614 0.938552 0.000068
3 3 0.000004 0.000048 0.009795 0.990149 0.000004
3 3 0.000190 0.000705 0.015407 0.983503 0.000195
3 3 0.000004 0.000053 0.009679 0.990256 0.000007
3 3 0.000036 0.000085 0.007120 0.992758 0.000001
3 3 0.000231 0.001288 0.038107 0.960262 0.000113
3 3 0.000002 0.000011 0.002122 0.997866 0.000000
3 3 0.000018 0.000164 0.010215 0.989585 0.000018
3 3 0.000176 0.000811 0.005752 0.993063 0.000199
3 3 0.000073 0.001419 0.047986 0.950378 0.000144
3 3 0.003572 0.014163 0.057078 0.922239 0.002948
3 3 0.000241 0.001832 0.023072 0.974371 0.000485
3 3 0.000550 0.001799 0.012899 0.984217 0.000534
3 3 0.000034 0.000345 0.016224 0.983309 0.000088
3 3 0.000001 0.000015 0.002241 0.997741 0.000002
3 3 0.000002 0.000016 0.003403 0.996579 0.000001
3 3 0.000943 0.002481 0.009863 0.986134 0.000579
3 3 0.000019 0.000392 0.032088 0.967402 0.000099
3 3 0.013876 0.025186 0.079907 0.867394 0.013638
3 3 0.001129 0.022301 0.038236 0.931029 0.007305
3 3 0.000016 0.000080 0.008258 0.991642 0.000004
3 3 0.000120 0.000258 0.013483 0.986134 0.000005
3 3 0.001343 0.004013 0.023708 0.966447 0.004488
3 3 0.000194 0.000987 0.002562 0.995777 0.000480
3 3 0.000001 0.000029 0.002926 0.997032 0.000011
3 3 0.000154 0.001497 0.009362 0.987837 0.001149
3 3 0.000101 0.000723 0.003601 0.995080 0.000495
3 3 0.000208 0.000644 0.003392 0.995655 0.000102
3 3 0.000002 0.000014 0.000728 0.999254 0.000001
3 3 0.000034 0.000184 0.002153 0.997594 0.000036
2 3 0.018093 0.116951 0.780976 0.072015 0.011965
2 2 0.008002 0.046711 0.688048 0.256735 0.000504
2 2 0.001812 0.052915 0.861440 0.081757 0.002076
2 2 0.001735 0.034298 0.519254 0.442271 0.002442
2 2 0.000875 0.041384 0.828429 0.128654 0.000658
2 2 0.000012 0.001588 0.821330 0.177042 0.000028
2 2 0.000080 0.002114 0.771627 0.226170 0.000009
2 2 0.000075 0.001935 0.875496 0.122486 0.000007
2 2 0.001384 0.009677 0.610319 0.378533 0.000087
2 2 0.000406 0.009313 0.770660 0.219511 0.000109
2 2 0.008605 0.028672 0.844801 0.117740 0.000183
2 2 0.000539 0.017634 0.944500 0.036995 0.000332
2 2 0.000152 0.001778 0.983887 0.014165 0.000019
2 2 0.001131 0.026958 0.601793 0.368663 0.001454
3 2 0.000047 0.001225 0.360935 0.637779 0.000014
2 2 0.000085 0.004461 0.959727 0.035453 0.000275
2 2 0.000730 0.005289 0.634829 0.359010 0.000142
3 2 0.000891 0.004029 0.210652 0.784300 0.000128
3 1 0.000162 0.001766 0.475067 0.522920 0.000085
2 1 0.010911 0.061631 0.603814 0.321258 0.002386
2 2 0.000182 0.017592 0.938525 0.036454 0.007246
2 2 0.000255 0.005711 0.755567 0.236956 0.001511
2 2 0.000005 0.000474 0.948718 0.050603 0.000201
2 2 0.000066 0.003350 0.514287 0.481945 0.000351
2 2 0.000041 0.002115 0.889001 0.108470 0.000373
2 2 0.000423 0.017799 0.963584 0.014058 0.004136
2 2 0.000263 0.017265 0.863293 0.115204 0.003975
3 2 0.000003 0.000452 0.371716 0.627751 0.000078
2 2 0.000074 0.024011 0.961848 0.010302 0.003764
2 2 0.000116 0.002807 0.869911 0.126767 0.000399
2 2 0.000365 0.039822 0.927932 0.026019 0.005862
2 2 0.000490 0.023317 0.973966 0.001451 0.000776
2 2 0.001281 0.047737 0.775341 0.151217 0.024424
3 2 0.000182 0.002713 0.141755 0.854711 0.000639
2 2 0.001695 0.049394 0.920763 0.003012 0.025135
2 2 0.141289 0.248912 0.502486 0.004710 0.102603
2 2 0.006587 0.074751 0.575012 0.267443 0.076207
2 2 0.143193 0.059600 0.477528 0.312271 0.007408
2 2 0.011435 0.096634 0.879125 0.009611 0.003196
2 2 0.006701 0.154906 0.766366 0.045267 0.026759
2 2 0.040385 0.125946 0.762882 0.001592 0.069195
2 2 0.009093 0.275586 0.468855 0.012871 0.233594
2 2 0.005706 0.087698 0.888706 0.001244 0.016646
2 2 0.000004 0.007088 0.986417 0.004252 0.002239
2 2 0.006438 0.083214 0.888471 0.005941 0.015936
2 2 0.006678 0.100026 0.830618 0.046811 0.015867
2 2 0.000003 0.000967 0.998178 0.000834 0.000018
2 2 0.000000 0.002936 0.996950 0.000038 0.000075
2 2 0.003711 0.031870 0.954768 0.009034 0.000618
2 2 0.000375 0.089103 0.908543 0.000711 0.001267
3 2 0.000041 0.004507 0.480417 0.514487 0.000547
2 2 0.000344 0.012319 0.775910 0.210199 0.001229
2 2 0.000015 0.002913 0.541491 0.455252 0.000329
2 2 0.000043 0.004654 0.873421 0.121666 0.000217
2 2 0.113544 0.124978 0.644116 0.098302 0.019060
2 1 0.001069 0.063285 0.926958 0.007266 0.001423
2 0 0.079461 0.155852 0.684784 0.054999 0.024904
0 0 0.620970 0.260577 0.083554 0.006853 0.028045
2 1 0.063518 0.414783 0.443903 0.001390 0.076406
2 2 0.011132 0.355317 0.590394 0.005321 0.037836
2 2 0.003129 0.131257 0.839084 0.018762 0.007769
2 2 0.000742 0.043099 0.886739 0.062974 0.006445
2 2 0.000154 0.005056 0.945919 0.048858 0.000013
2 2 0.000001 0.002429 0.997334 0.000229 0.000008
2 2 0.002316 0.042952 0.906329 0.047363 0.001040
2 2 0.000538 0.010239 0.806201 0.182770 0.000252
2 2 0.000020 0.015758 0.984133 0.000017 0.000072
2 2 0.000040 0.007264 0.991966 0.000713 0.000016
2 2 0.009311 0.108725 0.861298 0.015260 0.005406
2 2 0.001813 0.026987 0.967537 0.003227 0.000437
2 2 0.000999 0.023922 0.932925 0.041865 0.000289
2 2 0.000449 0.014859 0.711253 0.272967 0.000473
2 2 0.007870 0.045417 0.918517 0.027508 0.000688
2 2 0.313241 0.130863 0.528490 0.023651 0.003754
2 2 0.001009 0.009069 0.699775 0.290099 0.000048
2 2 0.000710 0.028884 0.871567 0.098755 0.000083
0 0 0.777611 0.070137 0.133696 0.001839 0.016716
0 1 0.609132 0.161299 0.208614 0.010649 0.010306
2 1 0.006547 0.101923 0.855364 0.033298 0.002868
2 2 0.001095 0.151591 0.842968 0.001134 0.003212
0 2 0.744767 0.091350 0.160933 0.002153 0.000796
0 0 0.418446 0.154980 0.403047 0.023104 0.000422
0 0 0.404892 0.082842 0.331498 0.180386 0.000383
3 0 0.016855 0.001052 0.120258 0.861834 0.000001
2 0 0.100434 0.203922 0.661549 0.026151 0.007944
2 1 0.341289 0.242824 0.351905 0.034331 0.029652
2 1 0.011310 0.184284 0.783469 0.012213 0.008723
2 1 0.000103 0.015713 0.977965 0.005609 0.000610
2 1 0.000010 0.008520 0.990656 0.000613 0.000202
2 2 0.001281 0.028066 0.961272 0.009224 0.000157
2 2 0.007095 0.093607 0.885081 0.012384 0.001833
2 2 0.001513 0.006279 0.989884 0.002020 0.000305
2 2 0.000000 0.000051 0.990608 0.009341 0.000000
2 2 0.000000 0.000001 0.834490 0.165509 0.000000
2 2 0.000016 0.001786 0.970181 0.027986 0.000031
2 2 0.000001 0.000179 0.968422 0.031397 0.000000
2 2 0.000000 0.000043 0.955010 0.044947 0.000000
2 2 0.000037 0.004026 0.701870 0.293963 0.000104
3 2 0.000244 0.001374 0.295163 0.703199 0.000020
2 2 0.000003 0.000113 0.774728 0.225156 0.000000
3 2 0.000002 0.000034 0.397901 0.602064 0.000000
3 2 0.000006 0.000088 0.488141 0.511765 0.000000
2 2 0.000026 0.000536 0.987001 0.012436 0.000001
2 2 0.000005 0.000429 0.930925 0.068639 0.000003
2 2 0.000002 0.000069 0.761871 0.238058 0.000000
2 2 0.000086 0.001202 0.549655 0.449045 0.000013
2 2 0.000139 0.008361 0.955129 0.036298 0.000073
2 2 0.000015 0.000550 0.872602 0.126832 0.000001
2 2 0.000276 0.003772 0.910106 0.085794 0.000053
2 2 0.000005 0.000242 0.635860 0.363891 0.000001
3 2 0.000000 0.000000 0.153645 0.846355 0.000000
2 2 0.000032 0.000851 0.804077 0.195037 0.000003
3 2 0.000190 0.003009 0.343850 0.652866 0.000084
3 2 0.000042 0.000850 0.133459 0.865619 0.000031
2 2 0.000361 0.005693 0.836612 0.157263 0.000070
3 2 0.000271 0.000966 0.369524 0.629238 0.000002
3 2 0.000006 0.000378 0.447367 0.552235 0.000014
3 2 0.000039 0.000679 0.365302 0.633972 0.000009
3 2 0.000002 0.000086 0.192102 0.807809 0.000001
3 2 0.000027 0.000356 0.416082 0.583534 0.000001
3 2 0.000158 0.001354 0.450042 0.548415 0.000032
3 2 0.000028 0.000075 0.280023 0.719873 0.000001
2 2 0.000065 0.001476 0.739129 0.259307 0.000023
3 2 0.000001 0.000015 0.032362 0.967621 0.000001
2 2 0.005847 0.009275 0.818140 0.165868 0.000870
2 2 0.000110 0.003309 0.670569 0.325864 0.000148
3 2 0.000000 0.000009 0.107777 0.892215 0.000000
3 2 0.000019 0.000100 0.075282 0.924598 0.000000
2 2 0.000000 0.000165 0.967977 0.031856 0.000003
2 2 0.000001 0.000595 0.956779 0.042617 0.000008
2 2 0.000002 0.000266 0.770769 0.228960 0.000002
3 2 0.000026 0.000398 0.240753 0.758821 0.000003
3 2 0.000016 0.000114 0.048266 0.951598 0.000005
3 2 0.000000 0.000028 0.143570 0.856401 0.000001
2 2 0.000019 0.000782 0.981321 0.017875 0.000003
2 2 0.001415 0.013658 0.916854 0.067925 0.000148
3 2 0.000000 0.000003 0.036297 0.963700 0.000000
3 2 0.000000 0.000001 0.047893 0.952106 0.000000
3 2 0.000018 0.000809 0.356666 0.642502 0.000005
3 2 0.000000 0.000001 0.113513 0.886486 0.000000
3 2 0.000000 0.000000 0.036337 0.963663 0.000000
3 2 0.000000 0.000002 0.233941 0.766057 0.000000
2 2 0.014362 0.016201 0.818611 0.149735 0.001092
3 2 0.000810 0.002941 0.251460 0.744672 0.000116
3 2 0.000003 0.000021 0.058685 0.941291 0.000000
3 2 0.000023 0.000184 0.059254 0.940536 0.000002
3 2 0.004282 0.009159 0.049860 0.936424 0.000276
3 3 0.002098 0.004413 0.162674 0.830765 0.000050
3 3 0.000003 0.000050 0.070879 0.929067 0.000001
3 3 0.000018 0.000342 0.179529 0.820105 0.000006
3 3 0.007663 0.007971 0.121356 0.862654 0.000356
3 3 0.001022 0.001200 0.108418 0.889342 0.000018
3 3 0.001810 0.013361 0.252273 0.731538 0.001018
3 3 0.002173 0.010221 0.086058 0.901094 0.000455
3 3 0.001653 0.001297 0.130277 0.866729 0.000044
3 3 0.022396 0.010315 0.071454 0.895477 0.000358
3 3 0.000431 0.003842 0.271389 0.724080 0.000257
3 3 0.000386 0.001325 0.109467 0.888796 0.000026
3 3 0.000001 0.000026 0.030922 0.969050 0.000001
3 3 0.000012 0.000082 0.045144 0.954760 0.000002
3 3 0.003786 0.024464 0.213320 0.757506 0.000925
3 3 0.002313 0.007401 0.204592 0.785653 0.000041
3 3 0.000045 0.000181 0.028828 0.970940 0.000006
3 3 0.000776 0.003166 0.096319 0.899607 0.000132
3 3 0.007683 0.005518 0.260443 0.726169 0.000188
3 3 0.000987 0.004908 0.126662 0.867162 0.000282
3 3 0.000168 0.001091 0.040579 0.958056 0.000107
3 3 0.000531 0.002712 0.013306 0.982353 0.001098
3 3 0.000816 0.002297 0.012458 0.984243 0.000186
3 3 0.000311 0.003653 0.083723 0.911849 0.000464
3 3 0.000707 0.000835 0.007671 0.990749 0.000039
3 3 0.000028 0.000123 0.008079 0.991765 0.000005
3 3 0.007020 0.018085 0.093367 0.880929 0.000599
3 3 0.000432 0.000818 0.037526 0.961188 0.000036
3 3 0.002600 0.019014 0.045007 0.929739 0.003639
3 3 0.000107 0.000640 0.005557 0.993497 0.000199
3 3 0.001453 0.020562 0.035510 0.930846 0.011630
3 3 0.000124 0.001135 0.025454 0.972850 0.000437
3 3 0.000003 0.000050 0.008480 0.991458 0.000009
3 3 0.001313 0.016080 0.082753 0.891042 0.008812
3 3 0.000042 0.000495 0.029539 0.969861 0.000064
3 3 0.000292 0.001671 0.013703 0.983721 0.000613
4 2 0.151513 0.173354 0.157042 0.035185 0.482906
2 2 0.182901 0.165444 0.340205 0.004587 0.306864
2 2 0.008094 0.067426 0.820820 0.049190 0.054470
3 2 0.023507 0.067902 0.410563 0.482400 0.015627
2 1 0.054919 0.049192 0.817109 0.077640 0.001140
2 1 0.030647 0.290643 0.664721 0.001482 0.012506
2 1 0.004478 0.166578 0.765234 0.021821 0.041889
2 2 0.000167 0.077432 0.898632 0.013493 0.010276
2 2 0.000155 0.026067 0.967635 0.002825 0.003318
2 2 0.000097 0.024080 0.966550 0.007217 0.002057
2 2 0.000477 0.034671 0.959233 0.003883 0.001736
2 2 0.000320 0.014052 0.959467 0.025625 0.000536
2 1 0.007915 0.139894 0.803536 0.043631 0.005024
2 1 0.006030 0.053561 0.818008 0.119638 0.002763
2 1 0.001073 0.117922 0.832002 0.035937 0.013066
2 2 0.000249 0.023786 0.958626 0.016456 0.000883
2 2 0.000087 0.015981 0.975231 0.008271 0.000430
2 2 0.005924 0.160413 0.822908 0.001103 0.009652
2 2 0.001209 0.021207 0.968360 0.008062 0.001162
2 2 0.000207 0.015045 0.971405 0.013236 0.000107
2 1 0.082477 0.352636 0.504079 0.045734 0.015072
2 2 0.012666 0.157729 0.812335 0.010751 0.006519
2 2 0.000771 0.005276 0.960951 0.032915 0.000087
2 2 0.000209 0.027742 0.874787 0.094178 0.003083
2 2 0.021616 0.346038 0.604443 0.000659 0.027245
2 2 0.021604 0.377323 0.575638 0.000421 0.025014
2 2 0.000014 0.001127 0.812099 0.186747 0.000013
2 2 0.000026 0.002813 0.909175 0.087924 0.000062
2 2 0.000079 0.003840 0.957279 0.038785 0.000017
2 2 0.000081 0.007237 0.980254 0.012407 0.000021
2 2 0.000030 0.001683 0.983244 0.014992 0.000052
2 2 0.000266 0.005924 0.920730 0.073043 0.000037
2 2 0.000071 0.006680 0.984639 0.008331 0.000280
2 2 0.002413 0.108213 0.883717 0.002109 0.003548
2 2 0.000000 0.000113 0.892061 0.107823 0.000003
2 2 0.000019 0.003599 0.989630 0.006728 0.000025
2 2 0.003382 0.261271 0.631733 0.026498 0.077116
2 2 0.009590 0.091137 0.840422 0.035853 0.022998
2 2 0.001181 0.002848 0.969548 0.026396 0.000027
2 2 0.000000 0.000022 0.888711 0.111266 0.000000
2 2 0.000000 0.000030 0.998172 0.001798 0.000000
2 2 0.000004 0.001553 0.964984 0.033346 0.000113
2 2 0.000113 0.017530 0.976745 0.004995 0.000618
2 2 0.000009 0.007015 0.991119 0.001520 0.000337
2 2 0.030189 0.052501 0.755709 0.158307 0.003294
2 2 0.004419 0.056463 0.859692 0.076289 0.003137
2 2 0.000020 0.001429 0.964094 0.034410 0.000048
2 2 0.000003 0.001092 0.917764 0.081104 0.000037
2 2 0.000023 0.013159 0.985943 0.000730 0.000144
2 2 0.000733 0.014349 0.946739 0.038042 0.000136
2 2 0.000001 0.000126 0.992017 0.007857 0.000000
2 1 0.000041 0.014088 0.980705 0.004952 0.000214
2 1 0.000024 0.006833 0.982336 0.010676 0.000131
2 2 0.000086 0.004831 0.799221 0.195744 0.000118
0 0 0.594039 0.050510 0.338371 0.014387 0.002693
2 1 0.029658 0.448825 0.513269 0.003999 0.004250
2 1 0.000008 0.000933 0.823476 0.175519 0.000064
3 2 0.000000 0.000006 0.448386 0.551608 0.000000
2 2 0.000007 0.007259 0.954639 0.031505 0.006590
2 2 0.000036 0.019864 0.932375 0.006816 0.040909
2 4 0.000185 0.034751 0.942259 0.001497 0.021308
4 4 0.005645 0.032588 0.014953 0.004417 0.942397
4 4 0.003590 0.002951 0.001273 0.000203 0.991983
4 4 0.026723 0.017237 0.018752 0.000929 0.936358
4 4 0.007372 0.031850 0.028685 0.002631 0.929461
4 4 0.024581 0.021139 0.009884 0.001600 0.942795
4 4 0.038442 0.176383 0.247011 0.110100 0.428064
4 4 0.004376 0.137423 0.170189 0.142250 0.545762
4 4 0.073274 0.051941 0.032636 0.000732 0.841418
4 4 0.215311 0.059940 0.024879 0.001303 0.698567
4 4 0.015759 0.053804 0.024033 0.002009 0.904396
4 4 0.026118 0.320318 0.143795 0.003419 0.506350
0 4 0.664735 0.090499 0.107819 0.109816 0.027130
0 4 0.524115 0.325273 0.100345 0.000491 0.049776
4 4 0.216858 0.058769 0.044330 0.000307 0.679736
4 4 0.149709 0.110801 0.048544 0.025848 0.665098
2 4 0.000986 0.012841 0.959712 0.026145 0.000316
2 4 0.002422 0.471838 0.485815 0.000042 0.039883
2 4 0.001117 0.103259 0.699464 0.000814 0.195345
2 4 0.001940 0.204312 0.745253 0.000773 0.047722
2 4 0.000163 0.058942 0.933345 0.000571 0.006979
2 4 0.001709 0.077460 0.814403 0.011863 0.094565
2 4 0.005028 0.418236 0.511527 0.000516 0.064693
2 4 0.006696 0.247209 0.638347 0.001898 0.105849
2 4 0.000663 0.346358 0.498144 0.010217 0.144618
2 2 0.000056 0.006043 0.510770 0.479592 0.003539
3 2 0.000520 0.023209 0.342716 0.613312 0.020243
2 2 0.012365 0.282681 0.560932 0.006599 0.137423
2 2 0.001945 0.086427 0.896530 0.006049 0.009048
2 2 0.000157 0.003923 0.864310 0.131529 0.000082
2 2 0.006409 0.252458 0.685109 0.001073 0.054950
2 2 0.000591 0.098076 0.891810 0.004821 0.004702
2 2 0.000464 0.017519 0.981227 0.000585 0.000205
2 2 0.009052 0.024840 0.931280 0.033945 0.000882
2 2 0.002161 0.087145 0.767852 0.122073 0.020769
2 2 0.000066 0.007303 0.913769 0.078554 0.000308
2 2 0.000001 0.000164 0.995974 0.003862 0.000000
2 2 0.000032 0.001487 0.989896 0.008562 0.000023
2 2 0.001271 0.074887 0.899612 0.019306 0.004925
2 2 0.000751 0.025803 0.917308 0.055887 0.000251
2 2 0.000017 0.005717 0.926741 0.067360 0.000165
2 2 0.000042 0.013813 0.974743 0.007096 0.004306
2 2 0.000005 0.001670 0.958182 0.040113 0.000030
2 2 0.000000 0.000014 0.993776 0.006210 0.000000
2 2 0.000073 0.003514 0.937750 0.058591 0.000072
2 2 0.000004 0.001158 0.870728 0.128071 0.000039
2 2 0.000012 0.003496 0.985497 0.010886 0.000109
2 2 0.000008 0.002676 0.966739 0.030316 0.000262
2 2 0.000037 0.003066 0.987103 0.009630 0.000164
2 2 0.000000 0.000177 0.841272 0.158539 0.000011
2 2 0.000066 0.013550 0.965922 0.019850 0.000611
3 2 0.000214 0.003968 0.460718 0.534889 0.000211
2 2 0.000133 0.013811 0.981051 0.004836 0.000170
2 2 0.000006 0.000214 0.992806 0.006974 0.000000
2 2 0.000009 0.003230 0.987990 0.008698 0.000074
2 2 0.000070 0.011340 0.896107 0.091853 0.000631
2 2 0.000198 0.003675 0.938906 0.056833 0.000389
2 2 0.000071 0.005875 0.898349 0.095545 0.000159
2 2 0.001415 0.024240 0.698804 0.275278 0.000263
2 2 0.000774 0.008894 0.812267 0.178026 0.000038
2 2 0.000314 0.129706 0.868355 0.000327 0.001299
2 2 0.001685 0.036729 0.955117 0.006323 0.000146
2 2 0.000583 0.009051 0.938067 0.051875 0.000424
2 2 0.000021 0.000497 0.667066 0.332393 0.000023
2 2 0.000719 0.013607 0.977068 0.008202 0.000405
2 2 0.002282 0.023745 0.924356 0.049529 0.000088
2 0 0.075120 0.070068 0.762331 0.079286 0.013195
2 1 0.008024 0.304895 0.678745 0.002943 0.005392
2 1 0.000006 0.006564 0.992800 0.000539 0.000090
2 2 0.000007 0.003063 0.986211 0.010441 0.000278
2 2 0.000024 0.000125 0.846695 0.153156 0.000000
2 2 0.000003 0.000028 0.995963 0.004005 0.000000
2 2 0.000000 0.000306 0.959917 0.039768 0.000009
2 2 0.000021 0.001876 0.976301 0.021796 0.000007
2 2 0.000886 0.011932 0.884506 0.102627 0.000049
2 2 0.000069 0.004838 0.973088 0.021977 0.000029
2 2 0.000000 0.000001 0.860132 0.139867 0.000000
3 2 0.000000 0.000001 0.369411 0.630587 0.000000
2 2 0.000000 0.000035 0.890947 0.109017 0.000000
2 2 0.000205 0.014829 0.897933 0.086717 0.000317
2 2 0.000001 0.000146 0.946036 0.053817 0.000000
2 2 0.000003 0.000075 0.994277 0.005645 0.000000
2 2 0.000000 0.000097 0.989258 0.010645 0.000001
2 2 0.000000 0.000052 0.813584 0.186362 0.000001
2 2 0.000001 0.000031 0.686017 0.313951 0.000000
3 2 0.000003 0.000035 0.365138 0.634824 0.000000
3 2 0.000079 0.002133 0.426977 0.570750 0.000062
2 2 0.000024 0.001801 0.809580 0.188587 0.000007
2 2 0.000077 0.000884 0.562752 0.436280 0.000008
2 2 0.000035 0.000637 0.814293 0.185030 0.000005
3 2 0.000000 0.000000 0.329551 0.670449 0.000000
2 2 0.000000 0.000014 0.602335 0.397651 0.000000
3 2 0.000000 0.000007 0.462235 0.537758 0.000000
2 2 0.000000 0.000008 0.933464 0.066528 0.000000
3 2 0.000000 0.000001 0.160886 0.839113 0.000000
3 2 0.000006 0.000043 0.257755 0.742196 0.000000
2 2 0.000008 0.001092 0.973364 0.025523 0.000013
2 2 0.000001 0.000113 0.902330 0.097556 0.000000
3 2 0.000003 0.000245 0.420601 0.579147 0.000004
2 2 0.000000 0.000003 0.708399 0.291598 0.000000
2 2 0.000044 0.001555 0.782180 0.216167 0.000054
3 3 0.000079 0.000295 0.039908 0.959700 0.000018
3 3 0.000001 0.000045 0.143394 0.856559 0.000002
3 3 0.000145 0.000326 0.028525 0.970995 0.000008
3 3 0.000000 0.000010 0.096793 0.903197 0.000000
3 3 0.000038 0.000125 0.074997 0.924839 0.000001
2 3 0.000016 0.000384 0.503054 0.496544 0.000003
3 3 0.000097 0.000228 0.063164 0.936508 0.000003
2 3 0.000001 0.000040 0.533713 0.466246 0.000000
3 3 0.000167 0.001363 0.262163 0.736296 0.000011
3 3 0.000012 0.000836 0.236344 0.762777 0.000031
3 3 0.000066 0.004484 0.160780 0.831208 0.003462
3 3 0.001642 0.004653 0.121118 0.871923 0.000664
3 3 0.000425 0.001255 0.030587 0.967597 0.000135
3 3 0.000011 0.000136 0.059376 0.940465 0.000011
3 3 0.000003 0.000034 0.009917 0.990042 0.000004
3 3 0.000002 0.000017 0.060062 0.939919 0.000000
3 3 0.000005 0.000031 0.283060 0.716902 0.000000
2 3 0.004105 0.013966 0.553964 0.425659 0.002307
3 3 0.002706 0.009850 0.246185 0.738700 0.002559
3 3 0.000011 0.000082 0.025282 0.974623 0.000002
3 3 0.000160 0.001422 0.043660 0.954644 0.000113
3 3 0.000001 0.000008 0.030349 0.969643 0.000000
3 3 0.000000 0.000002 0.013321 0.986677 0.000000
3 3 0.000053 0.000362 0.039699 0.959876 0.000010
3 3 0.000001 0.000009 0.012337 0.987654 0.000000
3 3 0.000000 0.000004 0.254628 0.745368 0.000000
3 3 0.000015 0.000289 0.088717 0.910974 0.000005
3 3 0.000047 0.000707 0.123380 0.875844 0.000024
3 3 0.000168 0.000697 0.056478 0.942632 0.000025
3 3 0.000200 0.000758 0.177892 0.821135 0.000015
3 3 0.000064 0.000544 0.028720 0.970432 0.000241
3 3 0.000000 0.000014 0.104549 0.895436 0.000001
3 3 0.000000 0.000012 0.116635 0.883353 0.000000
3 3 0.000902 0.003899 0.044658 0.950160 0.000380
2 3 0.000108 0.003188 0.499011 0.497650 0.000043
3 3 0.012086 0.011003 0.045568 0.930692 0.000652
3 3 0.001323 0.003963 0.032208 0.962270 0.000237
3 3 0.000006 0.000131 0.035198 0.964651 0.000013
3 3 0.000004 0.000046 0.097585 0.902363 0.000001
3 3 0.000143 0.000309 0.020621 0.978921 0.000007
3 3 0.000384 0.001932 0.072680 0.924774 0.000230
3 3 0.000006 0.000020 0.008560 0.991414 0.000000
3 3 0.000026 0.000104 0.015266 0.984602 0.000002
3 3 0.000017 0.000585 0.095872 0.903502 0.000023
3 3 0.001589 0.005583 0.239629 0.752851 0.000348
3 3 0.000000 0.000009 0.046288 0.953702 0.000000
3 3 0.000000 0.000048 0.157479 0.842470 0.000003
3 3 0.000258 0.004366 0.090584 0.904053 0.000739
3 3 0.002100 0.004847 0.043197 0.949521 0.000334
3 3 0.000000 0.000009 0.156625 0.843366 0.000000
3 3 0.000013 0.000161 0.114678 0.885145 0.000002
3 3 0.004401 0.014471 0.155915 0.821124 0.004089
3 3 0.004162 0.008372 0.083048 0.902721 0.001697
3 3 0.002147 0.009140 0.034929 0.950565 0.003220
3 3 0.014010 0.027619 0.150118 0.804508 0.003745
3 3 0.008557 0.024259 0.055745 0.862075 0.049364
3 2 0.000400 0.001920 0.023947 0.973460 0.000273
2 2 0.000910 0.017475 0.626930 0.351450 0.003234
2 2 0.014377 0.197376 0.588463 0.123448 0.076336
4 4 0.026248 0.061945 0.060690 0.044828 0.806289
4 4 0.087511 0.110180 0.052496 0.018815 0.730999
4 4 0.085154 0.062704 0.029810 0.004327 0.818004
0 4 0.417317 0.180767 0.075128 0.007432 0.319355
2 4 0.037697 0.238798 0.465540 0.027898 0.230067
2 4 0.016390 0.262083 0.613375 0.006018 0.102134
2 1 0.083949 0.267263 0.614055 0.033528 0.001206
2 1 0.004751 0.008989 0.820872 0.164418 0.000970
2 4 0.000349 0.041903 0.722722 0.003896 0.231130
4 4 0.040571 0.080579 0.215039 0.017157 0.646655
4 4 0.046474 0.090152 0.038000 0.000185 0.825188
4 4 0.251088 0.106159 0.048157 0.003784 0.590812
2 4 0.000668 0.074951 0.913645 0.000111 0.010626
2 4 0.019611 0.107321 0.523497 0.011239 0.338332
0 4 0.651281 0.151375 0.058697 0.001631 0.137015
2 4 0.057014 0.242913 0.609518 0.002197 0.088359
2 1 0.000707 0.036065 0.939924 0.019330 0.003973
2 2 0.000370 0.023534 0.966658 0.000863 0.008574
2 2 0.000514 0.243484 0.746817 0.000132 0.009053
2 2 0.000062 0.020250 0.974935 0.003828 0.000925
2 2 0.008980 0.160908 0.799027 0.021831 0.009254
2 2 0.000571 0.022286 0.780230 0.192199 0.004713
2 2 0.023805 0.405535 0.547347 0.000799 0.022514
2 2 0.003347 0.099415 0.877993 0.013315 0.005931
2 2 0.000024 0.002432 0.990377 0.007033 0.000133
2 2 0.000000 0.000364 0.998239 0.001394 0.000003
2 2 0.001534 0.029417 0.926566 0.001554 0.040929
2 2 0.000107 0.041879 0.947463 0.005825 0.004727
2 2 0.000938 0.057708 0.864774 0.002408 0.074172
2 2 0.006153 0.156937 0.748949 0.001133 0.086828
2 2 0.122954 0.172671 0.351440 0.215336 0.137599
2 2 0.021384 0.265901 0.624346 0.001392 0.086978
4 4 0.012302 0.114076 0.048188 0.000672 0.824761
4 4 0.044026 0.063457 0.028595 0.000855 0.863067
1 4 0.204809 0.358551 0.343597 0.022847 0.070196
2 4 0.012173 0.141595 0.742582 0.031526 0.072124
1 4 0.001354 0.505224 0.389969 0.000246 0.103207
2 4 0.001773 0.263099 0.481985 0.000719 0.252424
4 4 0.089061 0.154248 0.061884 0.000040 0.694766
2 4 0.008110 0.325802 0.478981 0.000063 0.187044
4 4 0.013769 0.340127 0.131080 0.000086 0.514938
4 4 0.142501 0.216476 0.084897 0.000185 0.555941
0 1 0.481377 0.218553 0.095952 0.030278 0.173839
4 4 0.015238 0.153937 0.236492 0.008146 0.586186
2 4 0.000050 0.013867 0.983170 0.001825 0.001089
2 4 0.000260 0.141120 0.844759 0.000203 0.013658
2 4 0.001904 0.307252 0.501321 0.004043 0.185480
2 1 0.000171 0.023256 0.903075 0.058326 0.015171
2 2 0.001533 0.140349 0.798170 0.008392 0.051557
2 2 0.000134 0.076648 0.903181 0.000557 0.019479
2 2 0.000693 0.026891 0.936835 0.027736 0.007845
2 2 0.000053 0.013526 0.944998 0.040479 0.000944
2 2 0.000034 0.006014 0.978977 0.012005 0.002971
2 2 0.000021 0.005044 0.944781 0.049832 0.000322
2 2 0.000012 0.015679 0.979616 0.000393 0.004300
2 2 0.000027 0.007538 0.982416 0.002012 0.008007
2 2 0.002960 0.448558 0.503437 0.000060 0.044986
2 2 0.000098 0.033891 0.950731 0.000205 0.015075
2 2 0.002446 0.055598 0.875847 0.028528 0.037581
2 2 0.000222 0.057913 0.861232 0.039304 0.041328
2 2 0.003939 0.120704 0.772212 0.002193 0.100953
2 2 0.000038 0.034203 0.942930 0.011858 0.010971
2 2 0.000005 0.001503 0.992500 0.005990 0.000002
2 2 0.000013 0.048043 0.948462 0.000449 0.003033
2 2 0.000001 0.000986 0.998758 0.000223 0.000033
2 2 0.000743 0.079555 0.876094 0.002515 0.041094
2 2 0.000141 0.059189 0.937748 0.000394 0.002527
2 2 0.000049 0.013706 0.985405 0.000485 0.000354
2 1 0.000604 0.011757 0.641179 0.346156 0.000305
2 2 0.007416 0.091722 0.785743 0.111217 0.003901
2 2 0.000015 0.005134 0.980745 0.011816 0.002290
2 2 0.000004 0.002234 0.949235 0.048231 0.000295
2 2 0.000000 0.000048 0.915153 0.084793 0.000007
2 2 0.000040 0.001672 0.788396 0.209080 0.000812
2 2 0.000001 0.003609 0.993215 0.002241 0.000935
2 2 0.000005 0.001457 0.944050 0.054380 0.000109
2 2 0.000003 0.002069 0.992037 0.005530 0.000361
2 2 0.000020 0.000547 0.994198 0.005226 0.000008
2 2 0.000000 0.000061 0.986849 0.013089 0.000000
2 2 0.000000 0.000006 0.999579 0.000415 0.000000
2 2 0.000002 0.002328 0.996269 0.001325 0.000075
2 2 0.000000 0.000401 0.999141 0.000418 0.000039
2 2 0.000000 0.000085 0.997479 0.002398 0.000037
2 2 0.000012 0.002667 0.597530 0.397757 0.002034
2 2 0.000820 0.070001 0.903090 0.010714 0.015375
2 2 0.000094 0.012975 0.871838 0.113016 0.002077
2 2 0.000019 0.001639 0.971147 0.026932 0.000264
2 2 0.000006 0.000388 0.958026 0.041569 0.000011
2 2 0.000002 0.000138 0.905566 0.094294 0.000000
2 2 0.000008 0.001757 0.983696 0.014466 0.000073
2 2 0.004992 0.017567 0.967049 0.009850 0.000542
2 2 0.000005 0.000644 0.991834 0.007511 0.000006
2 2 0.000016 0.001862 0.931754 0.066342 0.000025
2 2 0.000001 0.000133 0.878673 0.121192 0.000001
2 2 0.000000 0.000676 0.995229 0.003985 0.000109
2 2 0.000001 0.000412 0.991520 0.008057 0.000011
2 2 0.000110 0.002506 0.726908 0.270418 0.000059
3 2 0.000016 0.004347 0.443250 0.550756 0.001630
2 2 0.000008 0.000440 0.998389 0.001153 0.000009
2 2 0.000000 0.000183 0.863966 0.135846 0.000004
2 2 0.000000 0.000066 0.737403 0.262529 0.000002
2 2 0.000014 0.002674 0.977130 0.020002 0.000180
2 2 0.000000 0.000000 0.977544 0.022456 0.000000
2 2 0.000044 0.004491 0.994127 0.001284 0.000055
2 2 0.000018 0.000779 0.909290 0.089842 0.000071
2 2 0.000000 0.000036 0.536767 0.463194 0.000002
2 2 0.000000 0.000263 0.947410 0.052299 0.000028
2 2 0.000000 0.000053 0.897312 0.102630 0.000004
2 2 0.000000 0.000028 0.988502 0.011470 0.000000
2 2 0.000001 0.000115 0.998881 0.001002 0.000001
2 2 0.000159 0.000533 0.909068 0.090208 0.000033
2 2 0.000001 0.000050 0.820897 0.179051 0.000001
2 2 0.000002 0.000424 0.944315 0.055246 0.000013
2 2 0.000037 0.001017 0.932240 0.066668 0.000037
2 2 0.000013 0.000394 0.873900 0.125691 0.000001
2 2 0.000001 0.000091 0.855536 0.144369 0.000002
2 2 0.000083 0.001128 0.866675 0.132104 0.000010
2 2 0.000116 0.002781 0.935286 0.061780 0.000037
2 2 0.000000 0.000005 0.953242 0.046752 0.000000
2 2 0.000452 0.001673 0.926254 0.071598 0.000024
2 2 0.000008 0.013993 0.985141 0.000370 0.000488
2 2 0.000004 0.003698 0.995209 0.001031 0.000058
2 2 0.000000 0.000002 0.984834 0.015164 0.000000
2 2 0.000000 0.000008 0.969875 0.030116 0.000000
2 2 0.000054 0.011740 0.983268 0.004705 0.000234
2 2 0.000000 0.000025 0.962730 0.037245 0.000000
2 2 0.000001 0.000301 0.903114 0.096573 0.000011
3 2 0.000000 0.000025 0.463587 0.536387 0.000001
2 2 0.000060 0.006184 0.787246 0.206030 0.000480
2 2 0.000006 0.000172 0.832203 0.167614 0.000005
2 2 0.000304 0.005545 0.888087 0.106034 0.000029
3 2 0.002793 0.006434 0.349222 0.641395 0.000156
2 2 0.000000 0.000000 0.930103 0.069897 0.000000
2 2 0.000008 0.002175 0.736871 0.260476 0.000471
3 2 0.000049 0.001526 0.294902 0.703468 0.000055
2 2 0.000013 0.000600 0.830380 0.169004 0.000003
2 2 0.000337 0.009216 0.941035 0.048886 0.000526
2 2 0.000097 0.006379 0.880397 0.112887 0.000240
2 2 0.000165 0.004113 0.902196 0.093502 0.000024
2 2 0.000011 0.001448 0.762079 0.236381 0.000082
2 2 0.000062 0.002528 0.928368 0.069024 0.000018
2 2 0.000002 0.000299 0.866237 0.133459 0.000003
2 2 0.000000 0.000009 0.732783 0.267208 0.000000
2 2 0.000000 0.000000 0.619471 0.380528 0.000000
2 2 0.000087 0.008238 0.907495 0.083806 0.000373
2 2 0.000000 0.000072 0.869524 0.130402 0.000001
2 2 0.000000 0.000051 0.811938 0.188001 0.000009
2 2 0.000006 0.000209 0.678434 0.321351 0.000001
2 2 0.000001 0.000060 0.694593 0.305346 0.000001
3 2 0.000002 0.000016 0.222305 0.777677 0.000000
2 2 0.000001 0.000312 0.925724 0.073944 0.000019
2 2 0.000022 0.000650 0.856077 0.143246 0.000004
2 2 0.000025 0.000328 0.777182 0.222456 0.000008
2 2 0.000006 0.000562 0.862844 0.136576 0.000012
2 2 0.000004 0.003593 0.989242 0.006977 0.000185
3 2 0.000026 0.001493 0.450211 0.546336 0.001934
2 2 0.000001 0.000092 0.525315 0.474590 0.000002
2 2 0.000004 0.000351 0.547415 0.452205 0.000026
2 2 0.000153 0.003939 0.995275 0.000564 0.000069
2 2 0.000012 0.000731 0.958304 0.040947 0.000006
2 2 0.000010 0.002629 0.972418 0.024902 0.000041
2 2 0.000032 0.002578 0.927861 0.069504 0.000025
2 2 0.000008 0.001489 0.898588 0.099853 0.000062
2 2 0.000554 0.010208 0.717447 0.266997 0.004794
2 1 0.000019 0.005553 0.979552 0.014782 0.000094
2 2 0.000835 0.015075 0.904431 0.079473 0.000186
2 2 0.000368 0.047713 0.944501 0.002855 0.004563
2 1 0.013900 0.016424 0.949720 0.019922 0.000033
1 1 0.228910 0.429098 0.297241 0.013431 0.031320
2 1 0.000578 0.120638 0.850343 0.004538 0.023904
1 1 0.136667 0.370906 0.368931 0.000855 0.122642
2 1 0.038737 0.213825 0.739552 0.003901 0.003986
2 1 0.008542 0.467067 0.515380 0.000000 0.009010
2 1 0.010997 0.261970 0.717768 0.003098 0.006167
2 1 0.000289 0.021689 0.974161 0.003752 0.000108
2 1 0.000267 0.017853 0.980356 0.001398 0.000126
0 0 0.738868 0.146299 0.105534 0.002462 0.006838
2 1 0.302000 0.195243 0.370243 0.010542 0.121972
2 1 0.022283 0.333026 0.530735 0.000086 0.113871
2 1 0.141039 0.140076 0.598135 0.004931 0.115819
2 1 0.027399 0.385184 0.446388 0.029138 0.111892
2 1 0.000246 0.098707 0.887917 0.002616 0.010514
2 2 0.000304 0.111506 0.873968 0.001743 0.012479
2 2 0.000316 0.137691 0.843108 0.002123 0.016762
2 2 0.001784 0.054921 0.810466 0.117274 0.015555
2 2 0.005134 0.030853 0.482181 0.282549 0.199283
4 4 0.045805 0.138002 0.088249 0.001474 0.726471
2 4 0.003855 0.228910 0.672561 0.000216 0.094458
2 1 0.044847 0.230254 0.692190 0.015791 0.016918
2 1 0.162318 0.275484 0.466674 0.085987 0.009536
2 2 0.026073 0.377678 0.553805 0.005223 0.037222
2 2 0.008784 0.260855 0.704947 0.001299 0.024115
2 1 0.057459 0.123234 0.656826 0.158424 0.004057
2 1 0.000104 0.006622 0.987660 0.005544 0.000070
2 1 0.017070 0.162738 0.771563 0.043596 0.005033
2 1 0.133199 0.298003 0.497666 0.039398 0.031735
2 1 0.000990 0.154472 0.818206 0.009455 0.016877
2 1 0.001666 0.059743 0.901824 0.014878 0.021890
2 2 0.008687 0.123765 0.843996 0.019660 0.003892
2 2 0.004054 0.156385 0.804416 0.007496 0.027649
2 2 0.008880 0.105277 0.829241 0.051807 0.004795
2 2 0.003081 0.101402 0.885142 0.009417 0.000959
1 1 0.124889 0.427581 0.402916 0.033927 0.010687
2 1 0.002232 0.079783 0.737898 0.171761 0.008327
2 1 0.003466 0.203786 0.773305 0.001035 0.018408
2 2 0.002369 0.288339 0.682172 0.002210 0.024911
2 2 0.016792 0.348191 0.604543 0.000106 0.030368
2 2 0.000627 0.152562 0.824195 0.003360 0.019257
2 2 0.087207 0.416800 0.471288 0.009218 0.015487
2 2 0.003414 0.034800 0.960771 0.000395 0.000619
2 2 0.001195 0.079812 0.900307 0.009326 0.009360
2 2 0.000225 0.033104 0.956017 0.008397 0.002257
1 2 0.031361 0.439871 0.168653 0.000256 0.359859
2 2 0.007997 0.366731 0.434172 0.012172 0.178927
2 2 0.000076 0.027548 0.966655 0.003535 0.002185
2 2 0.000033 0.003496 0.962574 0.033806 0.000091
2 2 0.003880 0.297227 0.657594 0.000365 0.040934
2 2 0.026363 0.413498 0.536639 0.007120 0.016380
2 2 0.000018 0.019011 0.975075 0.004278 0.001617
2 2 0.000020 0.001564 0.936871 0.061524 0.000022
2 2 0.000007 0.003733 0.994167 0.001784 0.000309
2 2 0.000004 0.009660 0.989250 0.000252 0.000834
2 2 0.046405 0.205538 0.412225 0.003928 0.331903
1 2 0.020797 0.438788 0.271238 0.000142 0.269034
1 2 0.122963 0.608362 0.214582 0.001366 0.052726
1 2 0.407040 0.428373 0.132471 0.002051 0.030065
2 4 0.000586 0.034392 0.945300 0.016542 0.003181
2 4 0.000502 0.060862 0.889468 0.035806 0.013362
2 4 0.001308 0.347283 0.537713 0.000251 0.113445
2 4 0.004669 0.106030 0.608104 0.008206 0.272991
4 4 0.060190 0.067456 0.031545 0.002676 0.838133
4 4 0.367698 0.110125 0.044865 0.005424 0.471888
2 4 0.219332 0.203751 0.358696 0.001007 0.217214
2 4 0.000239 0.102600 0.842302 0.001172 0.053687
4 4 0.036692 0.228347 0.098033 0.000075 0.636853
4 4 0.005580 0.087441 0.035056 0.000279 0.871644
4 4 0.034479 0.047616 0.041364 0.001493 0.875048
4 4 0.017128 0.007014 0.003017 0.000107 0.972735
0 1 0.427230 0.309469 0.201589 0.009595 0.052118
4 4 0.130745 0.077289 0.031867 0.015395 0.744704
4 4 0.059601 0.044053 0.020994 0.002157 0.873194
4 4 0.205537 0.110709 0.051814 0.005434 0.626506
4 4 0.427219 0.037489 0.012733 0.000278 0.522280
4 4 0.081677 0.016186 0.005406 0.000755 0.895975
4 4 0.019851 0.009350 0.004099 0.000192 0.966508
4 4 0.018587 0.024639 0.009604 0.000021 0.947150
4 4 0.206976 0.069245 0.116029 0.001413 0.606337
4 4 0.126461 0.125734 0.050576 0.000111 0.697118
4 4 0.056749 0.098271 0.047018 0.004269 0.793693
2 1 0.189310 0.206036 0.559334 0.025248 0.020072
4 1 0.035934 0.111057 0.046257 0.000193 0.806560
4 4 0.016736 0.053425 0.024344 0.002227 0.903268
4 4 0.045110 0.208888 0.086295 0.000176 0.659531
4 4 0.043212 0.081534 0.038538 0.003499 0.833216
4 4 0.038196 0.155707 0.088713 0.000173 0.717212
4 4 0.053041 0.191693 0.076205 0.000055 0.679006
4 1 0.098260 0.271119 0.302775 0.007146 0.320700
4 4 0.038956 0.101980 0.091411 0.036325 0.731329
4 4 0.331306 0.164925 0.069417 0.001229 0.433124
4 4 0.013958 0.163828 0.096695 0.002477 0.723042
4 4 0.020004 0.114440 0.062721 0.003228 0.799608
4 4 0.103058 0.251890 0.103799 0.008750 0.532502
4 4 0.077068 0.050832 0.021704 0.007481 0.842914
4 4 0.120044 0.059229 0.024227 0.006844 0.789656
4 4 0.026483 0.011953 0.004687 0.000810 0.956067
4 4 0.019007 0.011833 0.004958 0.000939 0.963263
4 4 0.289867 0.179644 0.119744 0.049082 0.361663
4 4 0.032810 0.021003 0.009326 0.000333 0.936529
4 4 0.071181 0.018239 0.006819 0.000535 0.903227
0 4 0.672038 0.054115 0.013914 0.010114 0.249819
0 4 0.517256 0.133136 0.085436 0.008359 0.255813
4 4 0.144751 0.055659 0.023643 0.002123 0.773824
4 4 0.047969 0.064877 0.025402 0.215108 0.646644
4 4 0.019305 0.012217 0.005498 0.000476 0.962505
4 4 0.204314 0.076294 0.026712 0.026225 0.666455
4 4 0.046603 0.011226 0.004250 0.000195 0.937726
4 4 0.057582 0.028718 0.010898 0.005385 0.897418
4 4 0.287932 0.025955 0.007844 0.000562 0.677706
2 4 0.001407 0.014103 0.518033 0.461073 0.005384
3 4 0.013931 0.063523 0.371095 0.502470 0.048981
4 4 0.021912 0.016548 0.007609 0.000946 0.952986
0 4 0.486976 0.113653 0.043222 0.006819 0.349330
4 4 0.037864 0.030528 0.011335 0.027779 0.892494
4 4 0.005612 0.005654 0.002421 0.000967 0.985347
0 4 0.565916 0.109443 0.035868 0.021477 0.267296
4 4 0.044757 0.051178 0.021445 0.041833 0.840787
4 4 0.137251 0.053362 0.021237 0.004141 0.784009
0 1 0.326794 0.289824 0.267756 0.014061 0.101565
