1 0 0.180481 0.632091 0.168512 0.000000 0.018916
4 0 0.309868 0.018341 0.032544 0.000210 0.639037
0 0 0.995802 0.000367 0.000442 0.000013 0.003376
0 0 0.995070 0.000423 0.000742 0.000038 0.003728
0 0 0.999564 0.000004 0.000007 0.000001 0.000425
0 0 0.998663 0.000019 0.000039 0.000022 0.001257
0 0 0.553203 0.071315 0.073708 0.008835 0.292939
0 0 0.636129 0.227853 0.067399 0.000615 0.068003
0 0 0.867994 0.070194 0.017085 0.000172 0.044554
0 0 0.879016 0.076894 0.033960 0.000000 0.010130
1 0 0.234239 0.490670 0.126681 0.000273 0.148137
0 1 0.426330 0.155565 0.078198 0.020019 0.319888
0 1 0.935459 0.016956 0.009935 0.002431 0.035219
0 1 0.948197 0.017115 0.006236 0.000130 0.028322
1 1 0.348435 0.400673 0.061117 0.000133 0.189642
0 1 0.490592 0.193910 0.064215 0.002676 0.248606
1 1 0.117713 0.462006 0.119170 0.005425 0.295686
4 1 0.026170 0.403037 0.149370 0.000396 0.421027
1 1 0.181047 0.507775 0.104601 0.000035 0.206543
0 1 0.368736 0.313695 0.077151 0.001361 0.239058
1 1 0.067348 0.606994 0.248937 0.000957 0.075765
1 1 0.045698 0.611583 0.269782 0.000076 0.072861
4 1 0.039802 0.344633 0.105839 0.003251 0.506474
4 1 0.033749 0.403795 0.135578 0.000351 0.426528
1 2 0.127918 0.545775 0.213522 0.001942 0.110843
2 2 0.035128 0.348054 0.557850 0.021151 0.037817
1 2 0.019066 0.452752 0.413791 0.002243 0.112149
2 2 0.002544 0.112459 0.844103 0.022244 0.018650
4 2 0.005027 0.199452 0.184538 0.021799 0.589184
2 2 0.016857 0.112298 0.548442 0.097587 0.224815
2 2 0.000023 0.004364 0.991772 0.002650 0.001191
2 2 0.014361 0.024811 0.950188 0.008791 0.001849
2 2 0.000855 0.009484 0.872314 0.115145 0.002202
2 2 0.000201 0.007630 0.947776 0.038953 0.005440
2 2 0.034113 0.443915 0.504125 0.000306 0.017540
2 2 0.014607 0.109115 0.558644 0.111559 0.206075
2 2 0.000014 0.001925 0.846110 0.149864 0.002087
2 2 0.000021 0.007100 0.912315 0.079187 0.001377
2 2 0.000076 0.009438 0.981762 0.000394 0.008330
2 2 0.000004 0.000404 0.860539 0.138838 0.000216
2 2 0.000037 0.002367 0.887572 0.107384 0.002640
2 3 0.000001 0.000116 0.976295 0.023556 0.000032
2 3 0.000001 0.000478 0.901757 0.097464 0.000301
2 3 0.000001 0.000076 0.534347 0.465498 0.000079
3 3 0.000000 0.000029 0.156723 0.843241 0.000007
3 3 0.000006 0.000223 0.094373 0.904951 0.000447
2 3 0.000000 0.000088 0.913350 0.086551 0.000011
3 3 0.000000 0.000000 0.050703 0.949296 0.000000
2 3 0.000000 0.000147 0.938846 0.060975 0.000032
3 3 0.000002 0.000045 0.235331 0.764593 0.000029
3 3 0.000000 0.000019 0.301588 0.698385 0.000007
3 3 0.000000 0.000032 0.273084 0.726877 0.000007
3 3 0.000001 0.000055 0.132953 0.866900 0.000091
3 3 0.000000 0.000002 0.020434 0.979562 0.000003
3 3 0.000025 0.000179 0.285407 0.714357 0.000034
3 3 0.000000 0.000000 0.018744 0.981256 0.000000
3 3 0.000000 0.000000 0.021579 0.978421 0.000000
3 3 0.000000 0.000000 0.035936 0.964064 0.000000
3 3 0.000000 0.000003 0.147831 0.852166 0.000000
3 3 0.000003 0.000065 0.066486 0.933408 0.000038
3 3 0.000000 0.000000 0.017885 0.982114 0.000000
3 3 0.000000 0.000000 0.004532 0.995468 0.000000
3 3 0.000000 0.000002 0.003463 0.996535 0.000000
3 3 0.000000 0.000000 0.000551 0.999449 0.000000
3 3 0.000000 0.000000 0.001120 0.998880 0.000000
3 3 0.000000 0.000000 0.000820 0.999180 0.000000
3 3 0.003571 0.001489 0.312570 0.681927 0.000443
1 2 0.349487 0.368475 0.265765 0.000004 0.016269
2 2 0.000000 0.000002 0.539554 0.460443 0.000000
3 3 0.000000 0.000000 0.078886 0.921114 0.000000
3 3 0.000000 0.000019 0.044488 0.955434 0.000059
3 3 0.000000 0.000004 0.030559 0.969435 0.000001
3 3 0.000000 0.000001 0.154127 0.845872 0.000000
3 3 0.000000 0.000000 0.031893 0.968107 0.000000
2 3 0.000000 0.000001 0.595271 0.404728 0.000000
3 3 0.000000 0.000000 0.187995 0.812005 0.000000
3 3 0.000000 0.000001 0.002115 0.997882 0.000001
3 3 0.000002 0.000009 0.006600 0.993386 0.000003
3 3 0.000000 0.000002 0.003709 0.996289 0.000000
3 3 0.000000 0.000000 0.000863 0.999137 0.000000
3 3 0.000000 0.000002 0.055168 0.944829 0.000000
3 3 0.000000 0.000000 0.004040 0.995960 0.000000
3 3 0.000000 0.000000 0.009046 0.990954 0.000000
3 3 0.000000 0.000000 0.003246 0.996754 0.000000
3 3 0.000000 0.000000 0.000477 0.999523 0.000000
3 3 0.000000 0.000000 0.003467 0.996533 0.000000
3 3 0.000008 0.000016 0.004212 0.995727 0.000036
3 3 0.000000 0.000001 0.007527 0.992471 0.000000
3 3 0.000000 0.000001 0.033501 0.966498 0.000000
3 3 0.000000 0.000000 0.030151 0.969849 0.000000
3 3 0.000000 0.000000 0.012757 0.987243 0.000000
3 3 0.000000 0.000001 0.009087 0.990912 0.000001
3 3 0.000000 0.000000 0.000993 0.999007 0.000000
3 3 0.000000 0.000000 0.000954 0.999046 0.000000
3 3 0.000000 0.000001 0.002939 0.997058 0.000002
3 3 0.000000 0.000002 0.006079 0.993917 0.000002
3 3 0.000000 0.000000 0.001843 0.998157 0.000000
3 3 0.000000 0.000000 0.000165 0.999835 0.000000
3 3 0.000000 0.000000 0.000256 0.999744 0.000000
3 3 0.000000 0.000004 0.016102 0.983894 0.000000
3 3 0.000040 0.000049 0.011185 0.988705 0.000021
3 3 0.000012 0.000047 0.009382 0.990533 0.000026
3 3 0.000002 0.000011 0.013282 0.986694 0.000011
3 3 0.000000 0.000000 0.000124 0.999876 0.000000
3 3 0.000001 0.000007 0.005910 0.994078 0.000005
3 3 0.000129 0.000037 0.002177 0.997354 0.000303
3 3 0.008927 0.004435 0.024710 0.954616 0.007312
3 3 0.000000 0.000000 0.000386 0.999613 0.000000
3 3 0.000766 0.000038 0.018875 0.980266 0.000055
2 3 0.000011 0.002319 0.988975 0.008683 0.000011
3 3 0.000000 0.000068 0.317672 0.682258 0.000002
3 3 0.000006 0.000171 0.082171 0.917601 0.000051
2 3 0.000068 0.004085 0.533411 0.462251 0.000184
3 3 0.000008 0.000051 0.015825 0.984083 0.000033
3 3 0.000760 0.002454 0.160064 0.834572 0.002150
3 3 0.000007 0.000261 0.148699 0.850692 0.000341
3 3 0.000067 0.000779 0.156869 0.842218 0.000066
3 3 0.000016 0.000047 0.009460 0.990461 0.000015
3 3 0.000020 0.000020 0.003041 0.996909 0.000010
3 3 0.000579 0.000107 0.013608 0.985530 0.000175
3 3 0.001972 0.004132 0.049348 0.941303 0.003245
3 3 0.000020 0.000040 0.006028 0.993757 0.000155
3 3 0.011972 0.006766 0.071918 0.872243 0.037100
3 3 0.000050 0.000029 0.002748 0.997129 0.000044
3 3 0.000059 0.000023 0.002597 0.997301 0.000020
3 3 0.001857 0.006174 0.073584 0.917085 0.001300
3 3 0.000047 0.000195 0.044199 0.954488 0.001071
3 3 0.000103 0.000055 0.003558 0.996163 0.000121
3 3 0.000246 0.000126 0.035692 0.963861 0.000075
3 3 0.083100 0.006383 0.067177 0.834324 0.009016
3 3 0.000007 0.000004 0.001177 0.998808 0.000003
3 3 0.000001 0.000001 0.001781 0.998216 0.000001
3 3 0.000247 0.000121 0.004916 0.994079 0.000637
3 3 0.000000 0.000000 0.000053 0.999946 0.000000
3 3 0.000008 0.000021 0.005896 0.994069 0.000006
3 3 0.000000 0.000001 0.001781 0.998218 0.000000
3 3 0.000100 0.000048 0.003185 0.996628 0.000038
3 3 0.000002 0.000001 0.000794 0.999202 0.000001
3 3 0.000027 0.000051 0.015501 0.984408 0.000013
3 3 0.000074 0.000040 0.005011 0.994849 0.000026
3 3 0.000002 0.000001 0.000768 0.999226 0.000002
3 3 0.000007 0.000006 0.001693 0.998285 0.000009
3 3 0.000058 0.000015 0.002055 0.997857 0.000016
3 3 0.000004 0.000001 0.000858 0.999136 0.000001
3 3 0.000168 0.000061 0.004846 0.994830 0.000094
3 3 0.000000 0.000000 0.000427 0.999573 0.000000
3 3 0.000008 0.000002 0.000557 0.999431 0.000003
3 3 0.000000 0.000000 0.000010 0.999990 0.000000
3 3 0.000002 0.000004 0.002556 0.997436 0.000001
3 3 0.000002 0.000000 0.000296 0.999702 0.000000
3 3 0.000001 0.000000 0.000114 0.999885 0.000000
3 3 0.000019 0.000004 0.000692 0.999277 0.000008
3 3 0.000000 0.000001 0.002325 0.997674 0.000000
3 3 0.000022 0.000004 0.000720 0.999242 0.000012
3 3 0.000012 0.000009 0.001839 0.998129 0.000012
3 3 0.000000 0.000000 0.000394 0.999605 0.000000
3 3 0.000140 0.000248 0.015737 0.983798 0.000077
3 3 0.000004 0.000004 0.002918 0.997071 0.000002
3 3 0.000000 0.000000 0.000055 0.999945 0.000000
3 3 0.000000 0.000000 0.001367 0.998633 0.000000
3 3 0.000180 0.000010 0.000504 0.999275 0.000032
3 3 0.000025 0.000010 0.001449 0.998506 0.000009
3 3 0.000000 0.000000 0.048436 0.951564 0.000000
3 3 0.000000 0.000000 0.000663 0.999337 0.000000
3 3 0.000042 0.000006 0.000682 0.999186 0.000084
3 3 0.000002 0.000000 0.000149 0.999848 0.000000
3 3 0.000000 0.000000 0.000959 0.999040 0.000001
3 3 0.000003 0.000001 0.000324 0.999672 0.000001
2 2 0.104771 0.277331 0.577054 0.003354 0.037490
2 2 0.000532 0.007979 0.895702 0.090014 0.005773
2 2 0.000002 0.001087 0.879640 0.117659 0.001612
2 2 0.000004 0.002181 0.954748 0.042052 0.001015
2 2 0.000038 0.011370 0.863443 0.079189 0.045960
2 2 0.000432 0.017634 0.489265 0.402648 0.090021
2 2 0.000112 0.043410 0.936314 0.005201 0.014963
2 2 0.000013 0.007038 0.932775 0.057169 0.003005
2 2 0.000012 0.010392 0.976851 0.001344 0.011401
2 2 0.000421 0.133944 0.627828 0.005427 0.232379
2 2 0.000070 0.070695 0.645742 0.002333 0.281159
4 2 0.001158 0.086417 0.211738 0.003719 0.696968
4 2 0.000195 0.049657 0.116022 0.000871 0.833256
4 2 0.000471 0.087509 0.062507 0.000252 0.849261
4 2 0.004032 0.313111 0.210123 0.001261 0.471473
2 2 0.000239 0.136687 0.478658 0.000807 0.383609
4 2 0.000347 0.105312 0.366908 0.000021 0.527412
4 2 0.011551 0.248269 0.181433 0.000004 0.558743
2 2 0.000081 0.106475 0.470006 0.000202 0.423236
4 2 0.000055 0.072650 0.244114 0.000100 0.683082
4 2 0.000044 0.023976 0.020490 0.000027 0.955462
4 2 0.000655 0.141193 0.113535 0.000225 0.744392
2 2 0.000320 0.138651 0.680458 0.002220 0.178350
4 2 0.000190 0.073108 0.264635 0.000386 0.661681
4 2 0.000382 0.110535 0.184327 0.000262 0.704495
4 2 0.000473 0.102356 0.176225 0.000709 0.720237
4 2 0.000278 0.022461 0.014449 0.000138 0.962674
4 2 0.000065 0.042356 0.373577 0.000953 0.583049
4 2 0.000394 0.109139 0.354148 0.003513 0.532807
2 2 0.000140 0.111333 0.610211 0.000955 0.277360
4 2 0.002757 0.149183 0.086317 0.000188 0.761554
4 2 0.000444 0.058219 0.326246 0.010493 0.604598
2 2 0.000018 0.033856 0.852401 0.000610 0.113115
2 2 0.002591 0.046973 0.857300 0.000008 0.093127
4 2 0.042844 0.137990 0.222654 0.003769 0.592743
2 2 0.002858 0.284249 0.420036 0.004441 0.288417
2 2 0.000003 0.008824 0.983213 0.003998 0.003961
2 2 0.000141 0.060759 0.896467 0.011318 0.031315
2 2 0.000001 0.000391 0.998514 0.000857 0.000236
2 2 0.000000 0.001213 0.998689 0.000014 0.000084
2 2 0.182012 0.132955 0.382137 0.008352 0.294544
2 2 0.018599 0.474103 0.482215 0.000057 0.025025
2 2 0.000012 0.007783 0.962960 0.028923 0.000321
2 2 0.000009 0.007780 0.989409 0.001879 0.000923
1 2 0.222042 0.405257 0.071729 0.000005 0.300967
4 2 0.006329 0.340741 0.221465 0.000226 0.431239
2 2 0.000006 0.002804 0.996572 0.000150 0.000469
2 2 0.000012 0.006664 0.983291 0.009457 0.000576
2 2 0.000000 0.000142 0.967871 0.031981 0.000006
2 2 0.000001 0.000930 0.991246 0.007745 0.000078
2 2 0.000000 0.000195 0.839793 0.160005 0.000007
2 2 0.000000 0.000079 0.895074 0.104836 0.000011
3 2 0.000100 0.007609 0.393768 0.581658 0.016866
2 2 0.001054 0.026251 0.862384 0.103927 0.006384
2 2 0.000025 0.003982 0.981097 0.014644 0.000252
2 2 0.000004 0.002904 0.942670 0.054288 0.000133
2 2 0.000000 0.000730 0.978675 0.020577 0.000019
2 2 0.001380 0.027565 0.713031 0.231355 0.026669
2 2 0.000797 0.026093 0.934970 0.037146 0.000994
2 2 0.000000 0.000726 0.996564 0.002695 0.000015
2 2 0.000020 0.004453 0.922353 0.072338 0.000837
2 2 0.000010 0.001320 0.835107 0.163273 0.000290
2 2 0.000041 0.013509 0.963879 0.021754 0.000817
2 2 0.000001 0.000549 0.537111 0.462243 0.000096
2 2 0.001130 0.049337 0.748204 0.162756 0.038572
3 2 0.000211 0.003663 0.215935 0.777041 0.003150
2 2 0.000041 0.007836 0.826619 0.164297 0.001207
2 2 0.000065 0.002003 0.572009 0.425574 0.000348
3 2 0.000054 0.001616 0.154503 0.842967 0.000861
2 2 0.001708 0.060168 0.773195 0.127315 0.037614
2 2 0.000383 0.001206 0.884693 0.112981 0.000736
0 1 0.974063 0.004840 0.008383 0.000346 0.012368
3 2 0.000016 0.000679 0.114255 0.884715 0.000334
2 2 0.000016 0.001430 0.610751 0.375695 0.012107
2 2 0.000001 0.001869 0.964110 0.033311 0.000708
2 2 0.000000 0.000003 0.999696 0.000300 0.000000
2 2 0.000006 0.006515 0.893401 0.095662 0.004417
2 2 0.000011 0.007741 0.899379 0.075621 0.017248
2 2 0.000001 0.001029 0.886586 0.111655 0.000729
3 2 0.000031 0.001749 0.167100 0.823456 0.007664
3 2 0.000017 0.001008 0.237173 0.758776 0.003025
3 2 0.000005 0.000232 0.187174 0.812143 0.000446
2 2 0.000007 0.005186 0.880697 0.103251 0.010859
2 2 0.000002 0.001210 0.858531 0.136025 0.004232
2 2 0.000003 0.001531 0.929037 0.068194 0.001235
3 2 0.000009 0.001714 0.486372 0.503689 0.008217
3 2 0.000000 0.000007 0.249012 0.750976 0.000005
2 2 0.000017 0.001900 0.804513 0.171627 0.021944
2 2 0.000000 0.000573 0.938951 0.060311 0.000165
2 2 0.000000 0.000040 0.784914 0.214993 0.000053
3 2 0.000002 0.000442 0.249082 0.745756 0.004718
3 2 0.000000 0.000002 0.293392 0.706589 0.000017
3 3 0.000000 0.000005 0.434390 0.565604 0.000001
3 3 0.000000 0.000011 0.321727 0.678261 0.000002
3 3 0.000000 0.000003 0.170773 0.829211 0.000013
2 3 0.000000 0.000029 0.939271 0.060696 0.000003
3 3 0.000000 0.000004 0.100296 0.899680 0.000019
3 3 0.000000 0.000025 0.230145 0.769723 0.000108
2 3 0.000001 0.001524 0.908829 0.088560 0.001086
2 3 0.000002 0.000908 0.691633 0.303999 0.003459
3 3 0.000124 0.000304 0.059289 0.939410 0.000873
3 3 0.000004 0.000059 0.019708 0.978800 0.001429
3 3 0.000291 0.009224 0.446976 0.528064 0.015444
3 3 0.000019 0.001024 0.153924 0.840972 0.004060
3 3 0.000266 0.001863 0.111750 0.872585 0.013536
3 3 0.000005 0.000071 0.020360 0.978259 0.001305
3 3 0.000591 0.002150 0.049027 0.935659 0.012574
3 3 0.012498 0.004247 0.316403 0.638538 0.028314
3 3 0.000001 0.000014 0.015042 0.984781 0.000163
3 3 0.000020 0.000050 0.007619 0.991839 0.000473
3 3 0.000000 0.000007 0.015245 0.984633 0.000115
3 3 0.000001 0.000003 0.002251 0.997729 0.000016
3 3 0.000010 0.000040 0.010836 0.988872 0.000243
3 3 0.000027 0.000003 0.000459 0.999490 0.000020
3 3 0.000000 0.000027 0.067261 0.932697 0.000014
3 3 0.000000 0.000018 0.052808 0.947161 0.000012
3 3 0.000098 0.003948 0.365790 0.628001 0.002163
3 3 0.000004 0.000570 0.241177 0.757745 0.000503
3 3 0.000148 0.006785 0.417587 0.570962 0.004517
3 3 0.000002 0.000101 0.058930 0.940221 0.000745
3 3 0.000004 0.000016 0.008318 0.991612 0.000049
3 3 0.000006 0.000257 0.063457 0.934522 0.001758
3 3 0.000003 0.000003 0.001113 0.998877 0.000004
3 3 0.000009 0.000015 0.003590 0.996296 0.000090
3 3 0.000000 0.000001 0.027990 0.972003 0.000006
3 3 0.000610 0.004584 0.354899 0.613654 0.026253
3 3 0.000041 0.000221 0.022833 0.976630 0.000275
3 3 0.000004 0.000003 0.001154 0.998838 0.000002
3 3 0.000320 0.001554 0.048777 0.947183 0.002165
3 3 0.000015 0.000037 0.006625 0.993298 0.000025
3 3 0.000425 0.000214 0.006451 0.990827 0.002084
3 3 0.000001 0.000000 0.000464 0.999533 0.000002
3 3 0.011516 0.001530 0.007887 0.976466 0.002601
3 3 0.001284 0.000572 0.009425 0.985021 0.003698
3 3 0.000163 0.001948 0.140655 0.851344 0.005890
3 3 0.000004 0.000006 0.003594 0.996389 0.000006
3 3 0.000000 0.000015 0.021921 0.977247 0.000817
3 3 0.000015 0.000003 0.000579 0.999361 0.000043
3 3 0.000002 0.000002 0.001268 0.998676 0.000052
3 3 0.000000 0.000000 0.005018 0.994982 0.000000
3 3 0.000001 0.000042 0.047145 0.951553 0.001259
3 3 0.000004 0.000004 0.001792 0.998115 0.000084
3 3 0.000000 0.000003 0.010089 0.989907 0.000001
3 3 0.000007 0.000012 0.003795 0.996154 0.000032
3 3 0.000010 0.000008 0.001727 0.998039 0.000216
3 3 0.000435 0.000227 0.007254 0.989643 0.002442
2 2 0.014927 0.021333 0.961145 0.001457 0.001138
2 2 0.000983 0.063623 0.799660 0.129602 0.006132
2 2 0.000006 0.004207 0.987970 0.006773 0.001043
3 2 0.000023 0.001621 0.307395 0.689492 0.001468
2 2 0.000000 0.000031 0.582064 0.417900 0.000006
2 2 0.000001 0.000459 0.786697 0.212803 0.000040
3 2 0.000005 0.000678 0.232966 0.765609 0.000742
3 2 0.000000 0.000016 0.044761 0.955194 0.000028
4 2 0.001303 0.027215 0.161128 0.198568 0.611786
2 4 0.000681 0.032481 0.500577 0.256607 0.209653
2 4 0.000008 0.023342 0.925299 0.002467 0.048884
2 4 0.000032 0.018923 0.796691 0.000320 0.184035
4 4 0.000958 0.055378 0.070112 0.006262 0.867290
4 4 0.008777 0.040487 0.144691 0.054671 0.751373
4 4 0.001317 0.159266 0.171478 0.002158 0.665782
4 4 0.000739 0.117220 0.405027 0.008663 0.468352
4 4 0.000037 0.006432 0.031960 0.001615 0.959956
4 4 0.000098 0.017918 0.215789 0.002452 0.763743
4 4 0.000618 0.084417 0.312448 0.000561 0.601956
4 4 0.000181 0.007533 0.019043 0.000460 0.972783
4 4 0.000462 0.033433 0.018647 0.000013 0.947445
4 4 0.020022 0.106772 0.106478 0.000010 0.766718
2 4 0.007830 0.385416 0.595557 0.000218 0.010980
4 4 0.003500 0.097759 0.080062 0.002344 0.816335
4 4 0.002729 0.203778 0.123369 0.001369 0.668754
4 4 0.003156 0.244985 0.155515 0.001300 0.595044
4 4 0.000278 0.018744 0.069622 0.007223 0.904134
4 4 0.000374 0.098412 0.129249 0.000211 0.771754
4 4 0.000301 0.046294 0.041970 0.000537 0.910897
4 4 0.000538 0.012415 0.014037 0.000072 0.972938
4 4 0.001250 0.019285 0.016080 0.000027 0.963357
4 4 0.007622 0.024620 0.017268 0.001788 0.948701
4 4 0.000347 0.010831 0.008666 0.001386 0.978771
4 4 0.000338 0.016126 0.048695 0.004778 0.930063
4 4 0.001128 0.049800 0.032080 0.000854 0.916137
4 4 0.006433 0.037535 0.032374 0.000958 0.922701
4 1 0.016485 0.113624 0.245894 0.004302 0.619696
4 1 0.001208 0.040740 0.115522 0.004757 0.837773
4 1 0.000987 0.086997 0.068176 0.001149 0.842691
4 1 0.001015 0.127047 0.127774 0.001045 0.743118
2 1 0.000691 0.266032 0.503012 0.000232 0.230033
4 1 0.003230 0.342122 0.265693 0.000741 0.388215
4 1 0.007385 0.108415 0.413482 0.008534 0.462184
4 1 0.002276 0.043252 0.429834 0.000139 0.524500
1 1 0.345124 0.420656 0.068717 0.000283 0.165221
4 1 0.012942 0.272971 0.108655 0.001585 0.603846
4 1 0.006946 0.137771 0.071027 0.000948 0.783308
4 2 0.004504 0.020560 0.012153 0.000414 0.962369
4 2 0.000257 0.109310 0.142555 0.000069 0.747809
4 2 0.000203 0.016282 0.015850 0.000105 0.967560
2 2 0.001185 0.022357 0.901050 0.004877 0.070532
2 2 0.000114 0.073433 0.853891 0.004118 0.068444
4 2 0.000180 0.119769 0.407452 0.000597 0.472002
2 2 0.000038 0.060519 0.726583 0.001237 0.211623
2 2 0.000117 0.086346 0.609334 0.000344 0.303859
2 2 0.007814 0.110128 0.543361 0.003919 0.334779
2 2 0.000553 0.227280 0.676311 0.000334 0.095522
2 2 0.000022 0.015224 0.980763 0.000351 0.003641
2 2 0.000017 0.009132 0.988516 0.000583 0.001752
2 2 0.000016 0.043877 0.842918 0.000628 0.112561
2 2 0.002382 0.193901 0.763173 0.000259 0.040286
2 2 0.000887 0.154920 0.765902 0.009731 0.068559
2 2 0.000065 0.007247 0.940113 0.020887 0.031689
2 2 0.000690 0.117950 0.638037 0.008168 0.235155
2 2 0.000041 0.037501 0.945185 0.002421 0.014852
2 2 0.000016 0.015610 0.960116 0.016230 0.008028
2 2 0.000213 0.113224 0.830976 0.001430 0.054157
1 2 0.016608 0.489607 0.350859 0.000013 0.142913
0 1 0.801768 0.123674 0.048667 0.000010 0.025881
4 1 0.056448 0.397205 0.113300 0.000003 0.433044
2 2 0.000972 0.119495 0.863878 0.000703 0.014953
2 2 0.000497 0.112089 0.873385 0.003434 0.010595
2 2 0.000021 0.004309 0.990956 0.002149 0.002565
2 2 0.000019 0.010422 0.985130 0.000011 0.004418
2 2 0.000187 0.094380 0.782960 0.000173 0.122300
2 2 0.000687 0.171547 0.711568 0.003671 0.112527
2 2 0.000022 0.011116 0.986241 0.001499 0.001122
2 2 0.007390 0.017181 0.933537 0.025412 0.016480
0 0 0.965009 0.013095 0.005886 0.000026 0.015984
0 0 0.625162 0.284753 0.033602 0.000036 0.056447
1 1 0.024158 0.473308 0.214183 0.001548 0.286803
1 1 0.218910 0.521729 0.192579 0.000137 0.066643
2 1 0.013403 0.352245 0.435185 0.017133 0.182034
1 1 0.038606 0.595091 0.270981 0.000135 0.095186
1 1 0.045737 0.477549 0.190008 0.027250 0.259455
2 2 0.006150 0.287504 0.545103 0.031147 0.130096
0 1 0.921271 0.007718 0.063124 0.000278 0.007610
0 1 0.845847 0.104461 0.013529 0.000008 0.036154
0 1 0.537472 0.334823 0.056086 0.000303 0.071316
1 1 0.066307 0.561306 0.323610 0.001073 0.047704
4 1 0.009373 0.246386 0.106242 0.002634 0.635365
1 1 0.148093 0.504293 0.158820 0.094808 0.093986
1 1 0.143342 0.466464 0.111945 0.003508 0.274740
4 2 0.005537 0.246255 0.157423 0.002960 0.587825
2 2 0.000025 0.014085 0.978244 0.006785 0.000861
2 2 0.001918 0.166854 0.595025 0.030157 0.206046
2 2 0.000164 0.020664 0.977107 0.000179 0.001885
2 2 0.002289 0.124782 0.863720 0.000147 0.009062
2 2 0.000190 0.063080 0.878045 0.015592 0.043094
2 2 0.000163 0.085384 0.831411 0.001976 0.081066
2 2 0.000027 0.022177 0.970994 0.000499 0.006303
2 2 0.000010 0.002951 0.995425 0.000963 0.000651
2 2 0.008776 0.309400 0.532911 0.001440 0.147473
1 2 0.016094 0.432421 0.371923 0.011045 0.168517
2 2 0.000457 0.083454 0.876553 0.022121 0.017415
2 2 0.000078 0.016625 0.965652 0.016953 0.000692
2 2 0.002298 0.225559 0.641491 0.000473 0.130180
2 2 0.000065 0.067439 0.884624 0.000452 0.047419
4 2 0.040625 0.304857 0.200409 0.069363 0.384746
1 2 0.020498 0.468579 0.319883 0.012893 0.178147
2 2 0.001680 0.041984 0.519802 0.407050 0.029483
2 2 0.000194 0.016140 0.827331 0.152156 0.004178
2 2 0.000003 0.004911 0.983064 0.010047 0.001975
2 2 0.000005 0.001113 0.997610 0.000886 0.000386
2 2 0.000782 0.055160 0.916785 0.025945 0.001327
2 2 0.002679 0.068796 0.593313 0.327391 0.007821
2 2 0.002450 0.068072 0.616887 0.304192 0.008399
3 2 0.000913 0.004648 0.273113 0.720264 0.001062
2 2 0.000343 0.046746 0.857721 0.084384 0.010807
2 2 0.000240 0.006726 0.780980 0.201486 0.010568
2 2 0.002725 0.082993 0.628369 0.276139 0.009774
2 2 0.001467 0.057056 0.911174 0.016071 0.014231
3 2 0.000681 0.013843 0.262497 0.715064 0.007916
2 2 0.000189 0.019087 0.838463 0.140180 0.002080
3 2 0.000012 0.001127 0.299750 0.698643 0.000468
2 2 0.002507 0.051002 0.765115 0.174621 0.006755
2 2 0.003933 0.052847 0.803257 0.130383 0.009580
2 2 0.000879 0.109491 0.793255 0.044284 0.052091
2 2 0.000024 0.010679 0.983240 0.004774 0.001283
2 2 0.000782 0.011129 0.953496 0.033148 0.001444
2 2 0.003425 0.150602 0.811405 0.017670 0.016898
3 2 0.002292 0.007088 0.149594 0.837779 0.003247
2 2 0.001060 0.027883 0.805443 0.164706 0.000908
2 2 0.011706 0.181395 0.747738 0.043636 0.015525
2 2 0.000030 0.002328 0.573003 0.424206 0.000433
3 2 0.000004 0.000467 0.484911 0.514417 0.000202
3 2 0.002553 0.014324 0.134606 0.843476 0.005041
3 2 0.001443 0.028129 0.293785 0.625206 0.051437
3 2 0.002170 0.049452 0.426757 0.514686 0.006935
3 2 0.000438 0.001164 0.031791 0.965724 0.000884
2 2 0.011423 0.118820 0.525768 0.320771 0.023218
2 2 0.000513 0.020017 0.889239 0.082765 0.007465
2 2 0.077613 0.105154 0.733868 0.007379 0.075986
2 0 0.021771 0.024307 0.925939 0.023751 0.004233
2 1 0.004806 0.266366 0.661874 0.009452 0.057502
2 2 0.000050 0.003834 0.970870 0.020290 0.004957
2 2 0.001950 0.021428 0.761055 0.001486 0.214081
2 2 0.000231 0.009359 0.904114 0.082332 0.003965
2 2 0.000219 0.035826 0.957774 0.000790 0.005391
2 2 0.005721 0.121223 0.735687 0.094333 0.043037
2 2 0.000141 0.008678 0.756084 0.232858 0.002239
2 2 0.000013 0.003790 0.801485 0.194455 0.000257
2 2 0.000599 0.036982 0.865021 0.087749 0.009649
2 2 0.000081 0.004334 0.973593 0.021772 0.000220
2 2 0.000096 0.010325 0.953748 0.034481 0.001349
2 0 0.000009 0.000437 0.695295 0.304252 0.000007
0 0 0.800325 0.094345 0.033857 0.003053 0.068420
0 0 0.983843 0.002252 0.001658 0.000262 0.011984
3 0 0.255416 0.003731 0.030581 0.693512 0.016760
0 0 0.543293 0.038696 0.400702 0.002718 0.014591
0 0 0.929733 0.018783 0.015179 0.002628 0.033678
0 0 0.799681 0.092516 0.052220 0.001618 0.053965
0 0 0.678870 0.020168 0.119453 0.148218 0.033291
0 0 0.918147 0.018180 0.033766 0.003427 0.026481
2 0 0.308807 0.155579 0.467771 0.028905 0.038939
0 0 0.569567 0.048206 0.210081 0.128874 0.043272
0 0 0.587470 0.155099 0.205881 0.002447 0.049103
0 0 0.975004 0.004687 0.015997 0.000005 0.004307
1 0 0.351444 0.397144 0.059832 0.000118 0.191461
4 1 0.031557 0.386630 0.126461 0.000175 0.455177
4 1 0.039278 0.329489 0.100451 0.005087 0.525695
1 1 0.072632 0.580758 0.244113 0.000006 0.102491
1 1 0.058423 0.606643 0.305055 0.001744 0.028135
1 1 0.067743 0.508190 0.152734 0.000171 0.271162
1 1 0.096974 0.558937 0.178492 0.001093 0.164504
1 1 0.008974 0.493633 0.359648 0.001147 0.136598
1 1 0.209641 0.546625 0.149733 0.011398 0.082603
2 1 0.013367 0.302765 0.598215 0.005731 0.079922
2 2 0.001953 0.226881 0.707797 0.006130 0.057239
2 2 0.000671 0.121594 0.848898 0.003339 0.025498
2 2 0.000021 0.016910 0.954995 0.022846 0.005227
2 2 0.000377 0.154007 0.539918 0.001552 0.304146
2 2 0.000001 0.003317 0.990728 0.005798 0.000156
2 2 0.000008 0.011942 0.985453 0.002000 0.000596
2 2 0.000063 0.020848 0.973440 0.004177 0.001473
2 2 0.000000 0.000784 0.996199 0.002972 0.000045
2 2 0.000000 0.000135 0.999279 0.000584 0.000002
2 2 0.000000 0.000397 0.999129 0.000466 0.000009
2 2 0.000010 0.004547 0.991910 0.002291 0.001242
2 2 0.000000 0.000424 0.998734 0.000820 0.000021
2 2 0.000000 0.000041 0.999359 0.000599 0.000000
2 2 0.000001 0.002888 0.990081 0.006153 0.000877
2 2 0.000009 0.010054 0.989013 0.000274 0.000650
2 2 0.000007 0.002301 0.995866 0.001779 0.000047
2 2 0.000009 0.008673 0.978615 0.011994 0.000709
2 2 0.000002 0.003176 0.982978 0.013633 0.000210
2 2 0.000000 0.000277 0.999648 0.000069 0.000006
2 2 0.000000 0.000132 0.999611 0.000249 0.000008
2 2 0.000000 0.000011 0.999859 0.000130 0.000000
2 2 0.000000 0.000023 0.993558 0.006419 0.000000
2 2 0.000000 0.000015 0.995819 0.004166 0.000001
2 2 0.000000 0.000019 0.998869 0.001112 0.000001
2 2 0.000105 0.016429 0.980586 0.001199 0.001681
2 2 0.000000 0.000670 0.997037 0.002270 0.000023
2 2 0.000000 0.000000 0.998040 0.001960 0.000000
2 2 0.000000 0.000001 0.997584 0.002416 0.000000
2 2 0.000003 0.000442 0.998589 0.000941 0.000026
2 2 0.000000 0.000073 0.994378 0.005549 0.000000
1 2 0.033003 0.601495 0.363416 0.000000 0.002086
1 1 0.103410 0.645633 0.243313 0.000000 0.007643
2 2 0.000043 0.019335 0.974940 0.003331 0.002350
2 2 0.000014 0.003900 0.984689 0.011359 0.000037
2 2 0.000003 0.006491 0.988266 0.004766 0.000473
2 2 0.002700 0.170806 0.794207 0.000089 0.032197
2 2 0.001251 0.134207 0.830300 0.000078 0.034163
2 2 0.000065 0.009205 0.707744 0.281391 0.001595
2 2 0.000001 0.004361 0.994817 0.000526 0.000295
2 2 0.000002 0.002716 0.973874 0.023363 0.000045
2 2 0.000000 0.000086 0.999296 0.000615 0.000003
2 2 0.000001 0.001090 0.998811 0.000016 0.000082
2 2 0.002964 0.030926 0.937708 0.009470 0.018933
2 2 0.011652 0.100439 0.866512 0.000178 0.021218
2 2 0.000004 0.003727 0.980313 0.012847 0.003109
2 2 0.000344 0.041877 0.889610 0.055141 0.013028
2 2 0.000000 0.000178 0.999817 0.000003 0.000003
2 2 0.000000 0.000056 0.999296 0.000647 0.000002
2 2 0.000000 0.000246 0.999384 0.000361 0.000009
2 2 0.000000 0.000231 0.999507 0.000249 0.000012
2 2 0.000003 0.002748 0.971991 0.025192 0.000067
2 2 0.000119 0.022322 0.969795 0.001055 0.006709
2 2 0.000033 0.016446 0.981641 0.000581 0.001299
2 2 0.000000 0.000151 0.998891 0.000952 0.000006
2 2 0.000001 0.000040 0.998465 0.001456 0.000039
2 2 0.000001 0.001038 0.998389 0.000355 0.000217
2 2 0.000003 0.001459 0.981168 0.017320 0.000050
2 2 0.000001 0.002732 0.996456 0.000556 0.000255
2 2 0.000000 0.000138 0.775012 0.224844 0.000006
2 2 0.000000 0.000046 0.522558 0.477393 0.000003
2 2 0.000211 0.012658 0.982121 0.000091 0.004919
2 2 0.000006 0.008096 0.982166 0.001572 0.008161
2 2 0.000000 0.000105 0.999324 0.000569 0.000003
2 2 0.000002 0.000430 0.852631 0.146669 0.000268
2 2 0.000000 0.000164 0.994035 0.005793 0.000008
2 2 0.000000 0.000244 0.999565 0.000050 0.000141
2 2 0.000000 0.000120 0.999318 0.000559 0.000002
2 2 0.000000 0.000089 0.994916 0.004991 0.000004
2 2 0.000000 0.000483 0.989456 0.009937 0.000124
2 2 0.000002 0.000502 0.967570 0.031870 0.000057
2 2 0.000004 0.000967 0.599764 0.399180 0.000085
2 2 0.000001 0.000334 0.520902 0.478634 0.000129
2 3 0.000010 0.002108 0.864426 0.132826 0.000630
2 3 0.000001 0.000234 0.773560 0.226194 0.000011
3 3 0.000009 0.000941 0.187037 0.811672 0.000341
3 3 0.000004 0.000657 0.203056 0.795121 0.001161
3 3 0.000000 0.000001 0.058136 0.941863 0.000000
3 3 0.000178 0.003781 0.222589 0.771684 0.001767
3 3 0.000040 0.000860 0.078830 0.916718 0.003553
3 3 0.000021 0.000076 0.023216 0.976197 0.000490
3 3 0.000024 0.001162 0.221558 0.776389 0.000867
3 3 0.000583 0.004966 0.127974 0.860417 0.006060
3 3 0.000330 0.004266 0.177709 0.812544 0.005151
2 3 0.003907 0.057257 0.473850 0.438506 0.026479
2 3 0.000215 0.002752 0.939885 0.053778 0.003370
3 3 0.000028 0.001010 0.455570 0.543291 0.000102
3 3 0.002597 0.031935 0.391785 0.541111 0.032573
3 3 0.000001 0.000018 0.021341 0.978631 0.000009
2 3 0.000003 0.000926 0.805894 0.193171 0.000006
3 3 0.000009 0.000611 0.149589 0.849572 0.000219
3 3 0.004977 0.007495 0.205782 0.779311 0.002435
3 3 0.000405 0.002410 0.117542 0.878039 0.001604
3 3 0.000066 0.000045 0.007408 0.992429 0.000053
3 3 0.000005 0.000009 0.004444 0.995538 0.000005
3 3 0.000086 0.000687 0.069541 0.929369 0.000317
3 3 0.000015 0.000423 0.090863 0.908272 0.000428
3 3 0.000190 0.001240 0.072205 0.925930 0.000435
3 3 0.000088 0.000052 0.008132 0.991656 0.000072
3 3 0.000678 0.001764 0.085042 0.911535 0.000981
3 3 0.000746 0.002072 0.124127 0.869181 0.003873
3 3 0.000012 0.000375 0.180249 0.818442 0.000923
2 3 0.004486 0.037990 0.829461 0.125172 0.002892
3 3 0.000039 0.000645 0.108326 0.890949 0.000041
3 3 0.000000 0.000001 0.009018 0.990982 0.000000
3 3 0.000636 0.001423 0.031923 0.963264 0.002754
3 3 0.000236 0.000439 0.021882 0.975732 0.001710
3 3 0.000001 0.000002 0.001499 0.998496 0.000002
3 3 0.000008 0.000094 0.027656 0.972221 0.000020
2 3 0.001137 0.002024 0.503578 0.492994 0.000267
2 2 0.000524 0.008618 0.978675 0.011467 0.000716
1 2 0.034955 0.591824 0.365279 0.000018 0.007924
2 2 0.000135 0.015057 0.942063 0.042584 0.000162
2 2 0.000002 0.002065 0.996098 0.001474 0.000361
2 2 0.000061 0.010797 0.729601 0.228212 0.031328
2 4 0.002368 0.062092 0.328177 0.299688 0.307675
4 4 0.000876 0.124283 0.122588 0.000654 0.751599
4 4 0.046483 0.242126 0.077619 0.000000 0.633773
2 4 0.000869 0.269303 0.406502 0.000284 0.323042
1 4 0.133735 0.673254 0.180671 0.000000 0.012340
4 4 0.086247 0.127767 0.021151 0.000000 0.764835
4 4 0.000986 0.170318 0.314891 0.003417 0.510389
4 4 0.000637 0.041567 0.077685 0.003297 0.876814
4 4 0.003236 0.221722 0.125451 0.000291 0.649300
4 4 0.001152 0.161842 0.141862 0.000455 0.694689
4 4 0.007761 0.055804 0.022585 0.000349 0.913500
4 4 0.013129 0.089703 0.039231 0.001772 0.856165
4 4 0.117221 0.073744 0.067980 0.008413 0.732642
4 4 0.003366 0.104957 0.083716 0.000617 0.807344
1 4 0.007647 0.341320 0.323960 0.010252 0.316821
4 4 0.001146 0.155976 0.121512 0.000652 0.720714
4 4 0.002880 0.014290 0.013413 0.000650 0.968767
4 4 0.000360 0.026269 0.029842 0.000664 0.942865
1 4 0.000887 0.525278 0.470866 0.000000 0.002968
1 4 0.003265 0.495461 0.355193 0.000000 0.146081
4 4 0.001136 0.129520 0.102184 0.000198 0.766963
4 4 0.004207 0.035679 0.032643 0.004585 0.922886
4 4 0.088521 0.111987 0.111405 0.001824 0.686262
4 4 0.002892 0.081868 0.036806 0.000195 0.878239
4 4 0.047157 0.011977 0.009583 0.000423 0.930860
4 4 0.044455 0.002939 0.006049 0.007571 0.938986
4 4 0.000619 0.017451 0.021950 0.001674 0.958306
4 4 0.001131 0.033108 0.030381 0.002197 0.933183
1 4 0.030989 0.474849 0.174194 0.000055 0.319913
4 4 0.036814 0.106593 0.089865 0.002445 0.764283
4 4 0.001327 0.031173 0.025103 0.000058 0.942339
4 4 0.042335 0.068262 0.040081 0.000451 0.848872
4 4 0.060262 0.030726 0.015735 0.000212 0.893064
4 4 0.021951 0.024623 0.014610 0.000424 0.938391
4 4 0.006942 0.240408 0.316102 0.000006 0.436542
0 4 0.376084 0.187950 0.068121 0.001071 0.366774
4 4 0.000828 0.066300 0.028751 0.000002 0.904118
4 4 0.009017 0.046947 0.027703 0.000020 0.916313
4 4 0.003487 0.010804 0.043174 0.001464 0.941072
4 4 0.003747 0.051460 0.093957 0.001076 0.849760
4 4 0.001709 0.111577 0.081370 0.001291 0.804053
4 4 0.003628 0.067460 0.038604 0.007637 0.882671
4 4 0.013554 0.176581 0.069998 0.002085 0.737782
4 4 0.005179 0.255546 0.140707 0.002563 0.596005
4 4 0.047128 0.113312 0.027947 0.000048 0.811566
4 4 0.017467 0.013202 0.009723 0.000403 0.959205
4 4 0.060465 0.029491 0.022085 0.002521 0.885437
4 4 0.012619 0.055249 0.024422 0.000537 0.907173
4 4 0.080341 0.181407 0.069097 0.000181 0.668974
4 4 0.062820 0.206365 0.083258 0.007200 0.640357
4 4 0.017193 0.032813 0.029140 0.000717 0.920137
4 4 0.041357 0.015259 0.022613 0.002184 0.918587
4 4 0.001144 0.056547 0.080994 0.000059 0.861255
4 4 0.000283 0.035492 0.026975 0.000020 0.937230
4 4 0.175558 0.230044 0.147393 0.000000 0.447005
1 1 0.025230 0.573317 0.369766 0.000170 0.031517
4 4 0.000431 0.120851 0.103301 0.000141 0.775276
1 4 0.005639 0.375637 0.252561 0.001506 0.364656
4 4 0.000803 0.015747 0.012945 0.001524 0.968981
4 4 0.002094 0.026838 0.017991 0.002415 0.950661
4 4 0.000310 0.092978 0.090909 0.000181 0.815622
4 4 0.000680 0.095354 0.081605 0.000178 0.822182
4 4 0.001362 0.020182 0.017638 0.001174 0.959644
4 4 0.000383 0.043772 0.088534 0.000428 0.866884
4 4 0.003536 0.016835 0.019150 0.023284 0.937195
4 4 0.001921 0.008732 0.007571 0.000825 0.980950
4 4 0.000946 0.133906 0.100525 0.000551 0.764072
4 4 0.000079 0.062232 0.067716 0.000021 0.869951
4 4 0.005724 0.168688 0.368760 0.002866 0.453962
2 4 0.000465 0.080663 0.472398 0.005762 0.440712
4 4 0.001090 0.073940 0.135608 0.008134 0.781228
4 4 0.002894 0.113787 0.099403 0.004861 0.779056
1 4 0.405456 0.407505 0.087760 0.000044 0.099236
4 1 0.228976 0.242389 0.116919 0.000043 0.411673
4 1 0.001972 0.184915 0.114815 0.000342 0.697957
4 1 0.000723 0.046381 0.035094 0.000696 0.917105
2 1 0.002761 0.222200 0.636599 0.023200 0.115240
4 4 0.000826 0.132782 0.155133 0.001388 0.709871
4 4 0.000132 0.040277 0.133109 0.000218 0.826264
4 4 0.000893 0.119563 0.080341 0.000471 0.798733
4 4 0.004458 0.035331 0.025851 0.003726 0.930634
4 4 0.003808 0.110620 0.209558 0.028978 0.647037
4 4 0.005966 0.218987 0.106649 0.004418 0.663980
1 4 0.030867 0.484217 0.149509 0.000000 0.335406
4 4 0.000181 0.146566 0.329584 0.000117 0.523553
4 4 0.000601 0.153607 0.377910 0.001743 0.466139
4 4 0.000156 0.048190 0.035661 0.000019 0.915974
4 4 0.000375 0.014359 0.015071 0.000342 0.969853
4 4 0.000292 0.047137 0.128096 0.000524 0.823950
4 4 0.000328 0.127728 0.122579 0.000083 0.749283
4 4 0.000250 0.130337 0.133657 0.000020 0.735737
4 4 0.000511 0.120095 0.098275 0.000196 0.780923
4 4 0.000222 0.066840 0.053759 0.000105 0.879073
4 4 0.004540 0.305100 0.193822 0.001620 0.494918
4 4 0.000287 0.033733 0.236568 0.002119 0.727293
4 4 0.000465 0.142741 0.154703 0.000210 0.701882
4 4 0.001052 0.014175 0.007781 0.000080 0.976912
4 4 0.000275 0.067530 0.049265 0.000051 0.882878
4 4 0.000422 0.103282 0.082529 0.000169 0.813598
4 4 0.000954 0.118799 0.086452 0.000506 0.793289
4 4 0.008755 0.087623 0.035016 0.001012 0.867594
4 4 0.001340 0.053315 0.180668 0.048451 0.716226
4 4 0.001502 0.049570 0.034186 0.002478 0.912264
4 4 0.000524 0.017068 0.015477 0.001524 0.965407
4 4 0.015107 0.003039 0.004898 0.002100 0.974856
4 4 0.002208 0.006394 0.005237 0.000246 0.985915
0 4 0.816359 0.099528 0.041941 0.000005 0.042167
1 4 0.282855 0.417302 0.272846 0.000009 0.026988
4 4 0.001689 0.092998 0.054603 0.000111 0.850599
4 4 0.000145 0.014287 0.010143 0.000298 0.975127
4 4 0.009990 0.097948 0.078716 0.000672 0.812674
4 4 0.000160 0.047258 0.060970 0.000060 0.891551
4 4 0.002272 0.057763 0.079665 0.001392 0.858908
4 4 0.001884 0.068394 0.103207 0.001176 0.825339
4 4 0.000610 0.087817 0.073834 0.000777 0.836963
4 4 0.002551 0.054668 0.038683 0.000046 0.904052
4 4 0.001295 0.153445 0.155117 0.000509 0.689634
2 4 0.000566 0.085685 0.484551 0.011832 0.417365
4 4 0.000513 0.151261 0.136217 0.000136 0.711873
4 4 0.001318 0.241476 0.260887 0.000592 0.495727
4 4 0.000537 0.123261 0.387334 0.007089 0.481779
4 4 0.000624 0.185256 0.291853 0.000543 0.521723
4 2 0.000258 0.014957 0.071617 0.002953 0.910215
4 2 0.000285 0.023532 0.070034 0.003214 0.902935
2 2 0.001055 0.104194 0.729279 0.054475 0.110998
2 2 0.000056 0.030590 0.646949 0.003375 0.319030
4 2 0.000871 0.171536 0.193492 0.000683 0.633418
4 2 0.000813 0.085829 0.328096 0.011232 0.574029
2 2 0.001133 0.052666 0.399207 0.149091 0.397902
2 2 0.000043 0.006775 0.639781 0.272081 0.081321
2 2 0.000036 0.039921 0.928880 0.003319 0.027844
2 2 0.000003 0.008958 0.968712 0.008169 0.014159
2 2 0.000299 0.096585 0.673077 0.015439 0.214600
2 2 0.000056 0.022308 0.834322 0.020522 0.122792
2 2 0.000203 0.110848 0.648526 0.002653 0.237770
2 2 0.000161 0.035167 0.793940 0.038218 0.132515
2 2 0.000005 0.016451 0.908217 0.000097 0.075230
2 2 0.000003 0.004666 0.948920 0.045090 0.001320
2 2 0.000265 0.061594 0.897072 0.014239 0.026830
2 2 0.000004 0.008378 0.981198 0.005664 0.004756
2 2 0.000001 0.005891 0.989643 0.000613 0.003852
2 2 0.000005 0.003821 0.992536 0.001357 0.002281
2 2 0.000070 0.064858 0.513931 0.000745 0.420396
2 2 0.000020 0.030524 0.895171 0.001288 0.072998
2 2 0.000046 0.023523 0.953423 0.000328 0.022680
2 2 0.000097 0.004113 0.981104 0.000449 0.014237
2 2 0.000007 0.009490 0.976264 0.000618 0.013622
2 2 0.000029 0.022206 0.814758 0.009891 0.153115
2 2 0.000003 0.002721 0.994248 0.000274 0.002754
2 2 0.000001 0.002521 0.964310 0.031460 0.001707
2 2 0.000000 0.002795 0.995434 0.000582 0.001190
2 2 0.000000 0.000282 0.992193 0.007309 0.000216
2 1 0.238903 0.179545 0.464936 0.073589 0.043026
2 2 0.039213 0.414280 0.521251 0.000194 0.025061
4 2 0.000606 0.139060 0.340497 0.000023 0.519815
2 2 0.002347 0.023094 0.949783 0.000002 0.024773
2 2 0.000002 0.003346 0.995467 0.000207 0.000978
2 2 0.000081 0.040069 0.955038 0.000000 0.004811
2 2 0.000006 0.010134 0.988026 0.000303 0.001531
2 2 0.000001 0.006239 0.993005 0.000390 0.000365
2 2 0.000001 0.004157 0.993745 0.000132 0.001965
2 2 0.000004 0.001920 0.996764 0.000224 0.001087
2 2 0.000006 0.009890 0.962471 0.020941 0.006692
2 2 0.000006 0.014891 0.959415 0.002094 0.023594
2 2 0.000003 0.005489 0.993654 0.000297 0.000557
2 2 0.000021 0.000782 0.985457 0.013632 0.000109
2 2 0.000009 0.009573 0.988935 0.000531 0.000952
2 2 0.000110 0.048682 0.940057 0.000627 0.010524
2 2 0.000000 0.000037 0.979970 0.019990 0.000003
2 2 0.000009 0.004049 0.989936 0.005274 0.000731
2 2 0.000090 0.050113 0.936489 0.000602 0.012706
2 2 0.000000 0.000319 0.998991 0.000681 0.000009
2 2 0.000009 0.002062 0.991476 0.006413 0.000041
2 2 0.000041 0.004495 0.948505 0.046555 0.000404
2 2 0.000000 0.000523 0.991233 0.008182 0.000061
2 2 0.000002 0.001317 0.796261 0.202198 0.000222
2 2 0.000000 0.000047 0.907540 0.092412 0.000001
2 2 0.000002 0.000516 0.968980 0.030442 0.000061
2 2 0.000001 0.000522 0.997429 0.002009 0.000039
2 2 0.000002 0.000629 0.999056 0.000300 0.000013
2 2 0.000000 0.000219 0.960787 0.038985 0.000009
3 2 0.000000 0.000022 0.233416 0.766562 0.000001
2 2 0.000001 0.001395 0.971424 0.027136 0.000044
2 2 0.000001 0.000302 0.640658 0.359025 0.000013
2 2 0.000000 0.000170 0.896313 0.103517 0.000000
2 2 0.000000 0.000114 0.851624 0.148254 0.000008
2 2 0.000001 0.001169 0.955743 0.043063 0.000024
2 2 0.000000 0.000745 0.944865 0.054276 0.000114
2 2 0.000000 0.000011 0.909005 0.090983 0.000001
2 2 0.000000 0.000049 0.630129 0.369821 0.000002
2 2 0.000000 0.000227 0.965313 0.034457 0.000003
2 2 0.000000 0.000226 0.995815 0.003958 0.000001
2 2 0.000002 0.001590 0.792582 0.205633 0.000193
2 2 0.000000 0.000011 0.790878 0.209110 0.000001
2 2 0.000026 0.006150 0.898889 0.094722 0.000213
2 2 0.000000 0.000116 0.685454 0.314423 0.000007
2 2 0.000000 0.000196 0.947147 0.052625 0.000032
2 2 0.000004 0.001198 0.867494 0.131211 0.000093
2 2 0.000000 0.000001 0.931596 0.068403 0.000000
3 2 0.000000 0.000020 0.367167 0.632812 0.000000
3 2 0.000001 0.000031 0.045750 0.954217 0.000001
3 3 0.000013 0.000151 0.027288 0.972333 0.000215
3 3 0.000004 0.000390 0.201778 0.797742 0.000086
2 3 0.000033 0.002605 0.783682 0.212691 0.000989
2 3 0.000036 0.001673 0.776085 0.220998 0.001207
2 2 0.000221 0.004535 0.791996 0.202222 0.001027
2 2 0.000002 0.000810 0.971160 0.027071 0.000957
3 2 0.000001 0.000066 0.154486 0.845336 0.000111
2 2 0.000000 0.000134 0.894187 0.105679 0.000000
2 2 0.000001 0.000952 0.982816 0.016225 0.000006
