0 0 0.979478 0.009438 0.009044 0.000204 0.001837
0 0 0.675436 0.005594 0.003720 0.000011 0.315239
0 0 0.992305 0.003895 0.003534 0.000047 0.000218
0 0 0.997588 0.001621 0.000764 0.000002 0.000025
0 0 0.664890 0.102659 0.118627 0.021943 0.091881
0 0 0.973320 0.010474 0.009503 0.000162 0.006542
0 0 0.506710 0.417388 0.058334 0.000011 0.017556
0 0 0.998398 0.000894 0.000653 0.000002 0.000053
0 0 0.988790 0.005126 0.004995 0.000061 0.001028
0 0 0.992166 0.003893 0.003328 0.000032 0.000582
0 0 0.995314 0.002254 0.001699 0.000007 0.000727
0 0 0.993485 0.003147 0.001946 0.000006 0.001416
0 0 0.984505 0.007411 0.005026 0.000038 0.003020
0 0 0.970217 0.017050 0.010450 0.000001 0.002282
0 0 0.989370 0.004821 0.004828 0.000031 0.000950
0 0 0.994338 0.002937 0.001933 0.000002 0.000790
0 0 0.998091 0.000897 0.000576 0.000001 0.000435
0 0 0.994114 0.002371 0.003148 0.000023 0.000344
0 0 0.991819 0.002202 0.005844 0.000055 0.000080
0 0 0.891094 0.015744 0.085395 0.000050 0.007716
0 0 0.913427 0.018578 0.066720 0.000309 0.000966
0 0 0.994408 0.001959 0.003287 0.000021 0.000325
0 0 0.992988 0.002392 0.004222 0.000034 0.000364
2 0 0.248565 0.075495 0.640332 0.000013 0.035595
0 0 0.544346 0.395086 0.054894 0.000000 0.005674
0 0 0.671902 0.323740 0.004032 0.000000 0.000326
0 0 0.994815 0.002652 0.002155 0.000014 0.000363
0 0 0.998372 0.000848 0.000575 0.000001 0.000204
0 0 0.946705 0.011852 0.037879 0.003161 0.000403
0 0 0.995654 0.002493 0.001434 0.000004 0.000415
0 0 0.998491 0.000775 0.000640 0.000001 0.000092
0 0 0.997610 0.000836 0.001513 0.000007 0.000035
0 0 0.980072 0.007593 0.009477 0.000160 0.002699
1 0 0.324392 0.363239 0.241543 0.000308 0.070518
0 0 0.996764 0.001733 0.001396 0.000008 0.000099
0 0 0.994560 0.002435 0.001491 0.000004 0.001511
0 0 0.985609 0.004332 0.009248 0.000003 0.000807
0 0 0.994293 0.003811 0.001369 0.000000 0.000527
0 0 0.994890 0.002971 0.001808 0.000007 0.000324
0 0 0.979021 0.012494 0.005559 0.000027 0.002899
0 0 0.988911 0.008752 0.001611 0.000001 0.000726
0 1 0.963828 0.024937 0.009344 0.000004 0.001887
0 1 0.909059 0.017968 0.016143 0.000301 0.056528
0 1 0.636502 0.100324 0.049280 0.001152 0.212741
4 1 0.203861 0.320418 0.134953 0.000163 0.340605
0 1 0.887776 0.055386 0.019298 0.000136 0.037404
4 1 0.207710 0.155138 0.043799 0.000679 0.592674
4 1 0.149290 0.400755 0.020408 0.000001 0.429546
4 2 0.011607 0.068299 0.292981 0.005814 0.621299
4 2 0.015479 0.181630 0.237407 0.000530 0.564954
4 2 0.042851 0.192358 0.245043 0.003760 0.515987
4 2 0.002861 0.255811 0.240875 0.000549 0.499904
0 2 0.889133 0.036790 0.059759 0.000000 0.014318
0 1 0.768316 0.078114 0.100543 0.020440 0.032586
1 1 0.212235 0.337039 0.331308 0.000009 0.119409
0 1 0.413127 0.096120 0.138569 0.000081 0.352103
0 1 0.847599 0.049562 0.064084 0.000554 0.038201
0 1 0.702072 0.065446 0.075045 0.007846 0.149591
0 1 0.695946 0.153278 0.061835 0.000021 0.088919
0 1 0.356634 0.222470 0.227578 0.000652 0.192666
4 1 0.078241 0.160221 0.344656 0.001237 0.415645
4 2 0.058007 0.248264 0.071693 0.000116 0.621921
2 2 0.000136 0.107422 0.825537 0.002483 0.064423
2 2 0.170975 0.322890 0.390512 0.004007 0.111616
2 2 0.006619 0.070651 0.879186 0.005666 0.037878
2 2 0.000371 0.002672 0.960281 0.034089 0.002587
2 2 0.000230 0.007829 0.966770 0.022262 0.002909
1 1 0.154351 0.385565 0.286207 0.000822 0.173056
2 2 0.002706 0.252128 0.671802 0.002186 0.071177
2 2 0.047014 0.224044 0.664330 0.000359 0.064253
2 2 0.147263 0.266331 0.347984 0.004368 0.234054
2 2 0.061390 0.297829 0.539435 0.001078 0.100268
2 2 0.000132 0.008510 0.988651 0.001358 0.001350
0 0 0.668152 0.243147 0.064259 0.001292 0.023150
0 0 0.987947 0.010567 0.001431 0.000001 0.000054
0 0 0.936912 0.019891 0.010611 0.000074 0.032512
0 0 0.910613 0.025599 0.033722 0.000466 0.029600
0 0 0.986171 0.007026 0.006186 0.000114 0.000503
0 0 0.997313 0.001344 0.001212 0.000001 0.000130
0 0 0.988368 0.004763 0.005970 0.000025 0.000874
0 0 0.953999 0.035381 0.010066 0.000009 0.000544
0 0 0.392494 0.173561 0.330024 0.028705 0.075216
0 0 0.979486 0.010673 0.009402 0.000037 0.000403
0 0 0.915068 0.074784 0.008907 0.000015 0.001227
0 0 0.930139 0.015472 0.053701 0.000037 0.000651
0 0 0.992891 0.003503 0.003458 0.000018 0.000130
0 0 0.942584 0.016502 0.039710 0.000097 0.001107
0 0 0.949598 0.008630 0.038977 0.002113 0.000682
0 0 0.991028 0.004104 0.004513 0.000045 0.000311
0 0 0.978682 0.013510 0.006078 0.000023 0.001708
2 0 0.398625 0.089476 0.479992 0.001796 0.030111
0 0 0.993699 0.002354 0.003767 0.000038 0.000142
0 0 0.989436 0.004418 0.004316 0.000018 0.001811
0 0 0.989905 0.002359 0.001577 0.000000 0.006159
0 0 0.894619 0.028148 0.060049 0.000241 0.016943
0 0 0.907977 0.039960 0.034078 0.001517 0.016467
0 0 0.965342 0.021131 0.011910 0.000184 0.001433
0 0 0.996587 0.002683 0.000571 0.000000 0.000158
0 0 0.839481 0.131004 0.027471 0.000005 0.002039
0 0 0.747176 0.154969 0.087074 0.000119 0.010663
0 0 0.704135 0.010335 0.284046 0.001334 0.000149
0 0 0.991791 0.005299 0.002784 0.000007 0.000119
2 0 0.141485 0.097839 0.756578 0.000631 0.003467
2 0 0.164184 0.312060 0.516708 0.000942 0.006105
0 0 0.997394 0.001345 0.001173 0.000003 0.000085
0 0 0.979800 0.006866 0.013047 0.000154 0.000133
2 0 0.307791 0.189019 0.499565 0.000012 0.003614
0 0 0.763841 0.212024 0.020269 0.000033 0.003833
2 0 0.129222 0.082945 0.771587 0.001886 0.014360
0 0 0.683794 0.104719 0.200846 0.000035 0.010606
0 0 0.976034 0.019783 0.003733 0.000001 0.000449
0 0 0.838803 0.139058 0.016406 0.000037 0.005697
0 0 0.877955 0.087717 0.023197 0.000009 0.011121
0 0 0.993069 0.005918 0.000886 0.000000 0.000126
0 0 0.994779 0.003276 0.000751 0.000000 0.001194
0 0 0.890587 0.070432 0.021478 0.000000 0.017503
0 0 0.955856 0.031523 0.010965 0.000001 0.001655
0 0 0.989534 0.007425 0.002260 0.000004 0.000776
0 0 0.912991 0.025446 0.059807 0.000194 0.001563
0 0 0.846978 0.042183 0.100129 0.000035 0.010675
0 0 0.999953 0.000030 0.000016 0.000000 0.000000
0 0 0.999530 0.000277 0.000189 0.000000 0.000003
0 0 0.793558 0.140096 0.050796 0.001210 0.014340
0 0 0.958962 0.029911 0.009182 0.000048 0.001897
0 0 0.777558 0.170312 0.048577 0.000055 0.003497
0 0 0.935722 0.038730 0.009309 0.000023 0.016216
2 0 0.190758 0.070596 0.728117 0.000458 0.010072
0 0 0.986874 0.004169 0.008446 0.000060 0.000452
0 0 0.978450 0.007678 0.013489 0.000029 0.000354
0 0 0.998414 0.000867 0.000599 0.000001 0.000119
0 0 0.991600 0.003624 0.002840 0.000017 0.001920
0 0 0.969177 0.015492 0.012762 0.000313 0.002256
0 0 0.993010 0.004548 0.001284 0.000001 0.001158
0 0 0.960992 0.014308 0.021824 0.000015 0.002861
0 0 0.992953 0.005426 0.001465 0.000001 0.000155
0 0 0.858490 0.090229 0.044635 0.000003 0.006642
0 0 0.994599 0.003101 0.002006 0.000010 0.000285
0 0 0.998551 0.000809 0.000570 0.000001 0.000068
0 0 0.879453 0.014110 0.102957 0.000059 0.003420
0 0 0.965864 0.009410 0.023068 0.001304 0.000354
0 0 0.994907 0.004250 0.000506 0.000000 0.000337
0 0 0.762275 0.081297 0.030664 0.000013 0.125752
0 0 0.934358 0.038864 0.022166 0.000247 0.004366
2 0 0.447933 0.024626 0.525928 0.000242 0.001270
0 0 0.770459 0.007565 0.220268 0.000768 0.000941
0 0 0.821721 0.024181 0.152058 0.001698 0.000342
0 0 0.990719 0.004526 0.004106 0.000003 0.000647
0 0 0.986739 0.006474 0.004479 0.000007 0.002301
0 0 0.923862 0.028171 0.039369 0.000209 0.008389
0 0 0.920606 0.068642 0.010298 0.000001 0.000452
0 0 0.840010 0.093370 0.065398 0.000001 0.001221
0 0 0.982887 0.009853 0.007239 0.000000 0.000021
0 0 0.940515 0.011007 0.048119 0.000143 0.000215
0 0 0.993149 0.002418 0.004370 0.000044 0.000019
0 0 0.776977 0.198119 0.018114 0.000033 0.006757
0 0 0.926830 0.067846 0.004790 0.000003 0.000531
0 0 0.974322 0.017761 0.007013 0.000046 0.000858
0 0 0.988148 0.005713 0.005141 0.000072 0.000926
0 0 0.939825 0.024802 0.024872 0.000384 0.010118
0 0 0.871498 0.080924 0.041384 0.000063 0.006131
2 0 0.076565 0.025402 0.866344 0.030835 0.000854
0 0 0.937281 0.025868 0.025409 0.000015 0.011428
0 0 0.681417 0.166460 0.113111 0.005772 0.033240
0 0 0.919170 0.057704 0.019596 0.000215 0.003315
0 0 0.868895 0.115517 0.014712 0.000004 0.000872
0 0 0.949566 0.034209 0.011689 0.000044 0.004492
0 0 0.474644 0.392040 0.129503 0.000026 0.003787
1 0 0.201443 0.578298 0.209610 0.000002 0.010647
0 0 0.998606 0.000761 0.000579 0.000001 0.000053
0 0 0.993316 0.005181 0.001306 0.000001 0.000196
0 0 0.859227 0.085343 0.052389 0.000212 0.002828
0 0 0.952397 0.035994 0.010357 0.000057 0.001194
0 0 0.862689 0.105717 0.027458 0.000008 0.004129
0 0 0.910176 0.069146 0.018402 0.000022 0.002255
0 0 0.989951 0.007013 0.002442 0.000001 0.000592
0 0 0.941523 0.020953 0.020870 0.000710 0.015944
1 0 0.378311 0.589833 0.030686 0.000000 0.001169
1 0 0.146923 0.586497 0.244182 0.001263 0.021135
0 0 0.988898 0.004858 0.005383 0.000026 0.000835
2 0 0.376047 0.011660 0.601460 0.000007 0.010825
0 0 0.810961 0.138581 0.047267 0.000003 0.003188
0 0 0.957997 0.024850 0.015959 0.000004 0.001190
0 0 0.623100 0.245959 0.036507 0.000139 0.094297
0 0 0.919885 0.062133 0.010040 0.000019 0.007923
0 0 0.785803 0.183834 0.024502 0.000097 0.005764
0 1 0.937007 0.041526 0.016161 0.000036 0.005270
1 1 0.327881 0.339454 0.236652 0.000289 0.095723
0 1 0.744697 0.128402 0.089364 0.000056 0.037481
0 1 0.553612 0.189102 0.144390 0.002374 0.110522
2 1 0.050332 0.295806 0.351985 0.001679 0.300199
2 1 0.108788 0.195197 0.630916 0.000006 0.065093
2 1 0.165814 0.150680 0.559091 0.000787 0.123629
1 1 0.106415 0.489082 0.116964 0.004794 0.282745
2 1 0.060006 0.291491 0.545386 0.000539 0.102578
2 1 0.305050 0.236460 0.386076 0.000000 0.072414
0 1 0.727200 0.031036 0.032402 0.000368 0.208994
1 1 0.171363 0.388606 0.248948 0.000634 0.190449
1 2 0.017550 0.402475 0.323844 0.008289 0.247842
2 2 0.103915 0.205769 0.450959 0.003203 0.236154
2 2 0.277771 0.140245 0.386831 0.013766 0.181387
1 2 0.000665 0.522622 0.350804 0.000013 0.125895
1 2 0.009880 0.446269 0.297797 0.001757 0.244297
2 2 0.000105 0.222185 0.762521 0.002229 0.012961
2 2 0.010812 0.045601 0.703316 0.009806 0.230465
2 2 0.000171 0.000664 0.728311 0.270758 0.000095
2 2 0.000010 0.000799 0.711455 0.287638 0.000098
2 2 0.000022 0.003916 0.808525 0.185654 0.001882
2 2 0.003665 0.005667 0.978880 0.011460 0.000329
2 2 0.000228 0.002805 0.833069 0.163611 0.000287
2 2 0.000031 0.003842 0.992826 0.003005 0.000296
2 2 0.007520 0.063106 0.863179 0.051955 0.014240
2 2 0.000192 0.036142 0.956492 0.001976 0.005199
2 2 0.000002 0.000145 0.958436 0.041395 0.000021
2 2 0.000380 0.001576 0.500762 0.496939 0.000342
2 2 0.000060 0.004732 0.748680 0.244078 0.002450
2 2 0.000076 0.002009 0.857698 0.139920 0.000297
2 2 0.000001 0.000271 0.973098 0.026591 0.000038
2 2 0.000043 0.000248 0.888637 0.111037 0.000035
2 3 0.000001 0.000469 0.883933 0.115552 0.000045
3 3 0.000003 0.000103 0.059476 0.940325 0.000093
2 3 0.000018 0.001208 0.751706 0.247048 0.000021
3 3 0.000019 0.000375 0.489382 0.510201 0.000023
3 3 0.000001 0.000125 0.349557 0.650310 0.000007
3 3 0.000005 0.000126 0.078850 0.920986 0.000034
3 3 0.000004 0.000257 0.499165 0.499507 0.001067
3 3 0.000011 0.000220 0.107122 0.892617 0.000030
3 3 0.000002 0.000736 0.143932 0.854828 0.000503
3 3 0.000053 0.000947 0.136167 0.860762 0.002072
3 3 0.000019 0.000501 0.381534 0.617880 0.000066
3 3 0.000002 0.000109 0.119412 0.880392 0.000085
3 3 0.000066 0.000623 0.058001 0.940685 0.000625
3 3 0.000003 0.000195 0.056303 0.943430 0.000070
3 3 0.000015 0.000176 0.022674 0.976637 0.000498
3 3 0.000022 0.000430 0.076705 0.919770 0.003073
3 3 0.000006 0.000146 0.125923 0.873799 0.000125
3 3 0.000005 0.000172 0.023482 0.976189 0.000152
3 3 0.000000 0.000009 0.005137 0.994853 0.000001
3 3 0.000058 0.000428 0.024473 0.974682 0.000359
3 3 0.000000 0.000020 0.016112 0.983831 0.000037
3 3 0.000000 0.000002 0.001567 0.998431 0.000000
3 3 0.000000 0.000007 0.030919 0.969072 0.000002
3 3 0.000086 0.000360 0.038229 0.959933 0.001392
3 3 0.000048 0.000315 0.020525 0.978788 0.000324
3 3 0.000624 0.002247 0.061227 0.931589 0.004313
3 3 0.000076 0.000579 0.033501 0.961605 0.004239
3 3 0.000011 0.000148 0.011977 0.987517 0.000346
3 3 0.000000 0.000012 0.012325 0.987662 0.000001
3 3 0.000010 0.000085 0.010451 0.989447 0.000008
3 3 0.000005 0.000072 0.006100 0.993800 0.000022
3 3 0.000000 0.000091 0.055627 0.944149 0.000132
3 3 0.000000 0.000017 0.006450 0.993530 0.000002
3 3 0.000002 0.000017 0.006648 0.993330 0.000003
3 3 0.000000 0.000009 0.003887 0.996101 0.000003
3 3 0.000003 0.000078 0.012667 0.987180 0.000071
3 3 0.000000 0.000004 0.017240 0.982755 0.000000
3 3 0.000000 0.000006 0.069027 0.930966 0.000001
3 3 0.001687 0.002543 0.069900 0.925480 0.000390
3 3 0.000017 0.000182 0.012237 0.987401 0.000163
3 3 0.000000 0.000038 0.029593 0.970358 0.000011
3 3 0.000000 0.000000 0.000124 0.999876 0.000000
3 3 0.000140 0.000539 0.155537 0.843325 0.000459
3 3 0.005091 0.013172 0.139036 0.782987 0.059714
3 3 0.000290 0.000669 0.042504 0.956254 0.000283
3 3 0.000002 0.000053 0.003895 0.996034 0.000015
3 3 0.000001 0.000018 0.002916 0.997056 0.000008
3 3 0.000000 0.000004 0.003144 0.996851 0.000001
3 3 0.000004 0.000053 0.008133 0.991716 0.000095
3 3 0.000036 0.000371 0.017394 0.981614 0.000584
3 3 0.000004 0.000027 0.008786 0.991164 0.000019
3 3 0.000001 0.000008 0.003908 0.996077 0.000006
3 3 0.000016 0.000206 0.013104 0.986342 0.000331
3 3 0.000009 0.000205 0.038461 0.961248 0.000077
3 3 0.000000 0.000000 0.000874 0.999126 0.000000
3 3 0.000009 0.000109 0.020849 0.975651 0.003382
3 3 0.000046 0.000287 0.019618 0.979812 0.000237
3 3 0.000001 0.000043 0.012061 0.987824 0.000071
3 3 0.000000 0.000026 0.028332 0.971617 0.000025
3 3 0.000799 0.003281 0.082488 0.887578 0.025855
3 3 0.000000 0.000010 0.001575 0.998412 0.000003
3 3 0.004444 0.012252 0.125821 0.815890 0.041592
3 3 0.000000 0.000001 0.006340 0.993658 0.000000
3 3 0.000000 0.000003 0.002658 0.997339 0.000001
3 3 0.000551 0.002705 0.045637 0.948462 0.002645
3 3 0.000955 0.002518 0.069593 0.925453 0.001481
3 3 0.000022 0.000116 0.010503 0.989348 0.000011
3 3 0.000002 0.000103 0.042409 0.957238 0.000249
3 3 0.000003 0.000112 0.018544 0.981224 0.000116
2 2 0.010258 0.070785 0.830802 0.023992 0.064163
0 2 0.445892 0.175568 0.304813 0.024607 0.049121
2 2 0.090528 0.129375 0.587013 0.088310 0.104774
1 2 0.006735 0.846976 0.114983 0.000062 0.031243
2 2 0.007736 0.364727 0.592788 0.002642 0.032106
2 2 0.000012 0.001000 0.971611 0.026849 0.000528
2 2 0.000033 0.005448 0.917145 0.077049 0.000325
2 2 0.000493 0.010938 0.913607 0.070819 0.004142
2 2 0.038208 0.152862 0.682970 0.008567 0.117393
2 2 0.003757 0.081310 0.890124 0.022149 0.002659
2 2 0.032489 0.155988 0.793302 0.013771 0.004450
2 2 0.019132 0.015395 0.949642 0.011331 0.004500
2 2 0.000556 0.021063 0.961134 0.011489 0.005758
2 2 0.000001 0.000138 0.922727 0.077120 0.000014
2 2 0.000000 0.000783 0.986134 0.013074 0.000009
2 2 0.000007 0.000520 0.839250 0.159871 0.000352
2 2 0.000096 0.008903 0.967377 0.006361 0.017263
2 2 0.000061 0.003618 0.957806 0.034718 0.003797
2 2 0.003402 0.022706 0.915613 0.041629 0.016650
2 2 0.001046 0.005569 0.771743 0.184852 0.036790
2 2 0.005693 0.018448 0.883346 0.013167 0.079346
4 2 0.037638 0.124020 0.234615 0.022595 0.581133
2 2 0.048771 0.037733 0.764792 0.067024 0.081680
4 4 0.008304 0.052116 0.028561 0.000314 0.910705
4 4 0.055636 0.057523 0.035767 0.000081 0.850993
1 4 0.025805 0.544231 0.285775 0.000064 0.144125
4 4 0.057485 0.139361 0.369091 0.015725 0.418338
4 4 0.130501 0.075322 0.084038 0.023207 0.686932
4 4 0.071241 0.062236 0.050238 0.004500 0.811785
4 4 0.094788 0.164434 0.048137 0.001737 0.690905
4 4 0.005035 0.137128 0.370483 0.001926 0.485428
4 4 0.041224 0.019342 0.030822 0.001632 0.906980
4 4 0.050711 0.029839 0.060784 0.003362 0.855304
1 4 0.034036 0.450747 0.175951 0.000725 0.338541
4 4 0.063911 0.239005 0.082035 0.000386 0.614661
4 4 0.060965 0.074860 0.064966 0.009876 0.789333
4 4 0.049474 0.058794 0.234267 0.002293 0.655172
2 4 0.013338 0.184445 0.493785 0.019855 0.288577
2 4 0.000385 0.372126 0.468105 0.000431 0.158954
2 2 0.000339 0.003070 0.930131 0.002726 0.063734
2 2 0.000992 0.006885 0.894534 0.013476 0.084113
2 2 0.000203 0.022541 0.957765 0.000217 0.019274
4 2 0.012321 0.179927 0.315211 0.007704 0.484837
2 2 0.002177 0.030677 0.769556 0.005600 0.191991
2 4 0.016082 0.076131 0.517296 0.000698 0.389793
4 4 0.123131 0.133424 0.124194 0.000576 0.618674
4 4 0.025142 0.149300 0.267511 0.020819 0.537228
2 4 0.000672 0.104484 0.789457 0.040284 0.065103
4 4 0.034017 0.068288 0.187171 0.024740 0.685784
4 4 0.040770 0.052546 0.019184 0.000690 0.886810
4 4 0.033894 0.185445 0.031375 0.000768 0.748517
4 4 0.056631 0.051275 0.139936 0.007592 0.744566
0 4 0.507501 0.032721 0.042516 0.000596 0.416665
2 4 0.049519 0.287143 0.383737 0.000018 0.279583
4 4 0.010144 0.141771 0.335588 0.000416 0.512081
2 4 0.197642 0.160215 0.465151 0.009620 0.167371
2 4 0.038500 0.078534 0.731207 0.012194 0.139566
2 2 0.000402 0.024607 0.969288 0.003377 0.002326
2 2 0.000276 0.008079 0.956064 0.030169 0.005412
2 2 0.000533 0.004669 0.982478 0.009721 0.002599
2 2 0.000030 0.010631 0.976775 0.011931 0.000633
2 2 0.002508 0.002652 0.988256 0.003380 0.003202
2 2 0.001119 0.003524 0.985616 0.006246 0.003495
2 2 0.022304 0.083579 0.870556 0.008800 0.014761
2 2 0.000663 0.265246 0.568458 0.001190 0.164443
2 2 0.000037 0.002183 0.799746 0.197759 0.000274
2 2 0.000001 0.000060 0.916414 0.083519 0.000004
2 2 0.000001 0.000127 0.971519 0.028351 0.000002
2 2 0.000000 0.000113 0.996357 0.003528 0.000002
2 2 0.000975 0.029422 0.964188 0.002100 0.003315
2 2 0.000001 0.000906 0.998177 0.000879 0.000037
3 2 0.000237 0.001362 0.386571 0.611057 0.000772
2 2 0.002510 0.006192 0.948259 0.040893 0.002145
2 2 0.000000 0.000004 0.744053 0.255943 0.000000
2 2 0.000000 0.000027 0.937388 0.062584 0.000000
3 2 0.000000 0.000028 0.462279 0.537667 0.000025
2 2 0.000001 0.002095 0.678981 0.318728 0.000194
2 2 0.000002 0.000067 0.952105 0.047815 0.000011
2 2 0.000002 0.000066 0.912216 0.087714 0.000002
2 2 0.000028 0.000421 0.807570 0.191813 0.000167
2 2 0.001346 0.002818 0.665582 0.326153 0.004101
2 2 0.000210 0.000647 0.882714 0.116312 0.000117
2 2 0.000008 0.000139 0.619787 0.380061 0.000004
2 2 0.000003 0.001892 0.786628 0.211327 0.000150
2 2 0.000030 0.000426 0.508289 0.491240 0.000015
2 2 0.000168 0.000510 0.993944 0.005294 0.000085
2 2 0.000804 0.001436 0.938231 0.059004 0.000525
2 2 0.000002 0.000279 0.753781 0.244264 0.001674
3 2 0.000819 0.003677 0.329354 0.569620 0.096531
2 2 0.000009 0.000198 0.586501 0.413279 0.000012
2 2 0.000006 0.000883 0.519143 0.478879 0.001089
3 2 0.000011 0.000204 0.310210 0.689535 0.000041
2 2 0.000115 0.001549 0.649850 0.347540 0.000946
2 2 0.000097 0.001355 0.818294 0.176446 0.003807
3 2 0.000006 0.000314 0.317301 0.682092 0.000287
2 2 0.201119 0.166941 0.229441 0.196556 0.205944
0 2 0.883335 0.111501 0.004605 0.000001 0.000558
2 2 0.113035 0.393268 0.493618 0.000001 0.000078
2 2 0.000035 0.002668 0.995608 0.001678 0.000012
2 2 0.000005 0.000206 0.878655 0.121038 0.000096
2 2 0.000000 0.000748 0.993904 0.005280 0.000068
2 2 0.000001 0.000121 0.819591 0.180252 0.000036
2 2 0.000001 0.000063 0.598010 0.401920 0.000006
2 2 0.000004 0.000346 0.808422 0.191144 0.000084
3 2 0.000001 0.000177 0.449698 0.550120 0.000005
2 2 0.000009 0.000378 0.713785 0.285732 0.000097
2 2 0.000003 0.003839 0.563628 0.431583 0.000947
3 2 0.000000 0.000024 0.257523 0.742444 0.000009
3 3 0.000081 0.000810 0.244567 0.750033 0.004509
3 3 0.000000 0.000247 0.257415 0.741771 0.000566
3 3 0.000107 0.000592 0.087817 0.910694 0.000791
3 3 0.000066 0.000268 0.021801 0.977762 0.000102
3 3 0.000000 0.000007 0.005003 0.994988 0.000002
3 3 0.000000 0.000012 0.003519 0.996429 0.000039
3 3 0.000001 0.000030 0.006567 0.993236 0.000167
3 3 0.000001 0.000068 0.320097 0.679804 0.000030
3 3 0.000000 0.000007 0.064281 0.935712 0.000000
3 3 0.000016 0.000183 0.017377 0.981421 0.001003
3 3 0.000002 0.000035 0.004946 0.994965 0.000052
3 3 0.000000 0.000015 0.067117 0.932865 0.000004
3 3 0.000001 0.000084 0.026645 0.973172 0.000098
3 3 0.000242 0.000505 0.080532 0.918228 0.000493
3 3 0.000928 0.002203 0.076479 0.917007 0.003384
3 3 0.005137 0.008786 0.117756 0.861858 0.006461
3 3 0.000001 0.000012 0.003013 0.996974 0.000001
3 3 0.000061 0.000485 0.033569 0.964995 0.000889
3 3 0.000002 0.000056 0.006109 0.993819 0.000015
3 3 0.022225 0.022920 0.243088 0.648235 0.063532
3 3 0.000001 0.000020 0.004964 0.994974 0.000042
3 3 0.000084 0.000386 0.032126 0.967219 0.000184
3 3 0.000000 0.000007 0.002678 0.997296 0.000018
3 3 0.000000 0.000003 0.004319 0.995678 0.000000
3 3 0.000077 0.000650 0.022825 0.975501 0.000947
3 3 0.000045 0.000850 0.084733 0.911708 0.002665
3 3 0.000070 0.000593 0.024163 0.973911 0.001263
3 3 0.000000 0.000005 0.004166 0.995828 0.000001
3 3 0.000011 0.000117 0.011445 0.988296 0.000131
3 3 0.000016 0.000167 0.014926 0.984463 0.000428
3 3 0.000000 0.000040 0.017830 0.982120 0.000009
3 3 0.000001 0.000049 0.090938 0.908959 0.000053
3 3 0.000001 0.000034 0.009377 0.990569 0.000019
3 3 0.000032 0.000123 0.012157 0.987680 0.000008
3 3 0.000002 0.000027 0.003944 0.996022 0.000005
3 3 0.000001 0.000019 0.003417 0.996540 0.000024
3 3 0.000205 0.001085 0.040900 0.955082 0.002728
3 3 0.000010 0.000133 0.013039 0.986300 0.000518
3 3 0.000010 0.000102 0.011170 0.988593 0.000125
3 3 0.000003 0.000029 0.006686 0.993264 0.000018
3 3 0.000000 0.000002 0.001478 0.998520 0.000000
3 3 0.000009 0.000095 0.013233 0.986353 0.000310
3 3 0.000002 0.000047 0.005013 0.994895 0.000042
3 3 0.000030 0.000738 0.062264 0.936279 0.000689
3 3 0.000024 0.000243 0.020931 0.977135 0.001668
3 3 0.000003 0.000057 0.006398 0.993471 0.000071
3 3 0.000004 0.000073 0.012372 0.987478 0.000074
3 3 0.000000 0.000020 0.006718 0.993257 0.000005
3 3 0.000001 0.000017 0.002228 0.997749 0.000006
3 3 0.000029 0.000326 0.014313 0.985006 0.000325
3 3 0.000008 0.000164 0.018286 0.981257 0.000285
3 3 0.000000 0.000011 0.263298 0.736684 0.000006
3 3 0.000000 0.000008 0.005523 0.994467 0.000002
3 3 0.000289 0.001694 0.032489 0.964431 0.001097
3 3 0.000235 0.001024 0.044140 0.952439 0.002161
3 3 0.000002 0.000041 0.004223 0.995721 0.000012
3 3 0.002214 0.004975 0.081758 0.908064 0.002989
3 3 0.000147 0.000960 0.035974 0.959886 0.003034
3 3 0.000070 0.000614 0.021645 0.976848 0.000823
3 3 0.000058 0.000489 0.026469 0.970895 0.002090
3 3 0.000023 0.001311 0.384441 0.608548 0.005677
3 3 0.000000 0.000014 0.011254 0.988720 0.000012
3 3 0.000021 0.000207 0.014837 0.984639 0.000295
3 3 0.000000 0.000002 0.010541 0.989457 0.000000
3 3 0.000003 0.000017 0.006846 0.993132 0.000002
3 3 0.000139 0.001019 0.028209 0.969266 0.001366
3 3 0.000011 0.000161 0.008626 0.991103 0.000099
3 3 0.000006 0.000029 0.007091 0.992872 0.000002
3 3 0.011716 0.010257 0.205089 0.758923 0.014015
3 3 0.000604 0.002860 0.060308 0.927364 0.008863
3 3 0.000027 0.000284 0.018530 0.980226 0.000934
1 2 0.005976 0.882052 0.091351 0.000018 0.020603
1 2 0.045733 0.696878 0.212628 0.000354 0.044406
2 2 0.043624 0.126686 0.732558 0.007088 0.090043
4 2 0.014061 0.035431 0.297917 0.077496 0.575096
2 2 0.000292 0.012326 0.770551 0.133039 0.083792
2 2 0.000970 0.006642 0.876556 0.090220 0.025612
2 2 0.245211 0.096864 0.531920 0.001970 0.124036
2 2 0.013038 0.033062 0.916379 0.003594 0.033927
2 2 0.001172 0.011592 0.957433 0.022637 0.007166
2 2 0.000454 0.009597 0.895558 0.089108 0.005283
2 2 0.002056 0.027210 0.920011 0.036022 0.014701
2 2 0.000057 0.001106 0.948983 0.049545 0.000309
2 2 0.000155 0.001229 0.928419 0.069281 0.000917
2 2 0.000135 0.005493 0.984755 0.005949 0.003667
2 2 0.000048 0.001527 0.955302 0.028526 0.014597
2 2 0.000822 0.005172 0.758625 0.183101 0.052280
2 2 0.001425 0.004702 0.975630 0.010180 0.008063
2 2 0.000044 0.000953 0.832033 0.166541 0.000429
2 2 0.000027 0.001881 0.971878 0.025310 0.000905
2 2 0.000192 0.005870 0.872730 0.112153 0.009055
2 2 0.000005 0.000940 0.996117 0.002635 0.000302
2 2 0.000014 0.000398 0.988755 0.010664 0.000169
2 2 0.000009 0.007575 0.941692 0.035519 0.015205
2 2 0.000000 0.000305 0.940068 0.059445 0.000182
2 2 0.000076 0.020022 0.932528 0.001476 0.045898
2 2 0.010070 0.025689 0.751551 0.097270 0.115419
2 2 0.000783 0.007488 0.851926 0.139663 0.000140
2 2 0.004486 0.094953 0.846277 0.032540 0.021745
2 2 0.000308 0.000995 0.568207 0.429932 0.000559
2 2 0.018117 0.030557 0.652547 0.185902 0.112878
2 2 0.000001 0.000074 0.931208 0.068663 0.000053
2 2 0.000004 0.000612 0.907198 0.091480 0.000706
2 2 0.001839 0.031701 0.936704 0.017961 0.011796
2 2 0.000067 0.003048 0.967933 0.028311 0.000641
2 2 0.000396 0.004465 0.990402 0.004569 0.000168
2 2 0.004538 0.025906 0.845652 0.029490 0.094414
2 2 0.000000 0.000016 0.994343 0.005641 0.000000
2 2 0.000007 0.001508 0.985518 0.012858 0.000108
2 2 0.000004 0.000215 0.929668 0.069908 0.000204
2 2 0.000097 0.000677 0.912486 0.086045 0.000695
2 2 0.000373 0.001815 0.896454 0.097281 0.004076
2 2 0.000005 0.000132 0.842562 0.157268 0.000032
2 2 0.000006 0.001703 0.977142 0.020839 0.000310
2 2 0.000000 0.000044 0.891340 0.108600 0.000014
2 2 0.000055 0.000683 0.720263 0.278784 0.000215
2 2 0.000008 0.000161 0.601485 0.398335 0.000010
2 2 0.000010 0.000286 0.965778 0.033835 0.000091
2 2 0.000007 0.000179 0.644025 0.355745 0.000044
2 2 0.000002 0.000172 0.873578 0.126066 0.000182
2 2 0.000045 0.000391 0.793354 0.206029 0.000180
2 2 0.000125 0.001045 0.969979 0.028330 0.000521
2 2 0.000187 0.001767 0.745166 0.252409 0.000470
2 2 0.000434 0.002037 0.827734 0.168783 0.001012
2 2 0.001935 0.004659 0.638353 0.350975 0.004078
2 2 0.000001 0.000285 0.966466 0.033233 0.000015
2 2 0.000003 0.000678 0.927493 0.071702 0.000124
2 2 0.000003 0.000280 0.647296 0.351679 0.000741
2 2 0.000001 0.000229 0.576743 0.422947 0.000079
2 2 0.000000 0.000014 0.976061 0.023924 0.000001
2 2 0.000001 0.000141 0.995643 0.004192 0.000023
2 2 0.000001 0.000099 0.888754 0.111126 0.000021
2 2 0.000003 0.000170 0.982064 0.017691 0.000072
2 2 0.000009 0.000217 0.992106 0.007621 0.000046
2 2 0.000006 0.001017 0.910471 0.086704 0.001803
2 2 0.000019 0.000496 0.964114 0.034985 0.000387
2 2 0.000001 0.000041 0.642587 0.357368 0.000003
2 2 0.000028 0.002268 0.896779 0.100596 0.000329
2 2 0.000339 0.005554 0.793458 0.199635 0.001012
2 2 0.001715 0.005211 0.730373 0.260865 0.001836
2 2 0.000711 0.017562 0.921309 0.044784 0.015634
2 2 0.000004 0.000719 0.636914 0.361797 0.000566
2 2 0.010353 0.209587 0.665643 0.006254 0.108163
4 4 0.217652 0.147908 0.298946 0.008006 0.327488
2 4 0.009377 0.139570 0.577651 0.000559 0.272843
4 4 0.008142 0.039109 0.186709 0.007620 0.758420
2 4 0.001875 0.340919 0.428036 0.000776 0.228394
4 4 0.232590 0.125434 0.153503 0.000542 0.487931
2 4 0.036135 0.385993 0.392709 0.000622 0.184541
2 4 0.001435 0.064616 0.859287 0.000066 0.074596
4 4 0.009934 0.188002 0.082978 0.000087 0.719000
4 4 0.094862 0.114429 0.239361 0.000452 0.550896
0 4 0.762072 0.044980 0.043853 0.000123 0.148971
0 0 0.794989 0.184484 0.017776 0.000019 0.002733
1 1 0.287179 0.568883 0.098304 0.000123 0.045511
0 1 0.727471 0.057115 0.039485 0.000183 0.175747
0 2 0.450913 0.290170 0.074638 0.001370 0.182910
4 2 0.233157 0.179486 0.117489 0.000330 0.469538
4 2 0.002358 0.222307 0.320431 0.000074 0.454830
2 2 0.003204 0.293698 0.611725 0.002540 0.088833
2 4 0.000626 0.070202 0.803873 0.001070 0.124229
4 4 0.006492 0.013226 0.034497 0.000028 0.945758
4 4 0.039561 0.014827 0.009963 0.000440 0.935209
4 4 0.014851 0.046712 0.034633 0.000120 0.903684
4 4 0.012994 0.010817 0.006702 0.000051 0.969437
4 4 0.031664 0.004945 0.004670 0.000187 0.958534
4 4 0.044112 0.006944 0.006708 0.000305 0.941930
4 4 0.118054 0.001391 0.000841 0.000002 0.879713
4 4 0.373106 0.008041 0.006031 0.000042 0.612780
4 4 0.050655 0.113413 0.061987 0.000080 0.773866
4 4 0.014617 0.075734 0.017715 0.000005 0.891929
4 4 0.010501 0.036507 0.036838 0.000143 0.916012
4 4 0.013853 0.035711 0.008819 0.000058 0.941559
4 4 0.033094 0.163327 0.041053 0.000950 0.761576
4 4 0.039406 0.054686 0.021335 0.000717 0.883856
4 4 0.073185 0.073031 0.037845 0.002128 0.813812
4 4 0.063824 0.131370 0.050627 0.003585 0.750593
4 4 0.027207 0.021166 0.008026 0.000179 0.943422
4 4 0.074551 0.069526 0.059358 0.005710 0.790855
4 4 0.018761 0.002133 0.001826 0.000039 0.977241
4 4 0.043181 0.003217 0.002661 0.000043 0.950898
4 4 0.095135 0.012234 0.010098 0.000318 0.882216
4 4 0.103067 0.036691 0.043441 0.008088 0.808712
4 4 0.055890 0.012488 0.013172 0.001062 0.917389
4 4 0.021989 0.128892 0.039217 0.000454 0.809448
4 4 0.010601 0.015453 0.016456 0.000078 0.957411
4 4 0.022681 0.135080 0.023223 0.000288 0.818728
4 4 0.071118 0.041753 0.059846 0.005443 0.821840
4 4 0.082045 0.023779 0.027180 0.003646 0.863350
4 4 0.172274 0.011391 0.010096 0.000231 0.806007
4 4 0.045630 0.008950 0.009068 0.000566 0.935786
4 4 0.142194 0.035498 0.019916 0.000309 0.802083
4 4 0.101191 0.027837 0.022381 0.001367 0.847223
4 4 0.075900 0.032678 0.029263 0.003233 0.858926
4 4 0.032362 0.018914 0.009096 0.000275 0.939353
4 4 0.111475 0.028796 0.024185 0.001572 0.833971
4 4 0.347735 0.055966 0.026136 0.000403 0.569759
0 4 0.601103 0.017311 0.021618 0.000075 0.359893
4 4 0.349603 0.018440 0.016553 0.000386 0.615018
4 4 0.052891 0.044559 0.308445 0.001452 0.592654
4 4 0.046241 0.030073 0.051923 0.000500 0.871264
4 4 0.023246 0.035519 0.034892 0.000506 0.905837
4 4 0.019354 0.145225 0.015126 0.000147 0.820148
4 4 0.018016 0.025739 0.041570 0.000349 0.914326
4 4 0.008477 0.119082 0.110156 0.000155 0.762131
4 4 0.010712 0.149748 0.068526 0.000140 0.770874
4 4 0.011903 0.090921 0.286348 0.009021 0.601807
4 4 0.005773 0.079214 0.032407 0.000036 0.882570
4 4 0.005097 0.207484 0.102282 0.000030 0.685108
4 4 0.062294 0.253776 0.324561 0.001008 0.358361
4 4 0.020258 0.126201 0.200445 0.003355 0.649740
4 4 0.040420 0.084588 0.053711 0.001757 0.819523
4 4 0.011773 0.020750 0.015493 0.000081 0.951902
4 4 0.087071 0.035693 0.035529 0.004910 0.836796
4 4 0.014548 0.117524 0.010193 0.000063 0.857672
4 4 0.007342 0.265593 0.129737 0.000293 0.597035
2 4 0.006525 0.309979 0.430325 0.004247 0.248924
4 4 0.029471 0.187644 0.080783 0.001435 0.700668
4 4 0.065815 0.193862 0.038423 0.000385 0.701515
4 4 0.006079 0.402957 0.087885 0.000173 0.502906
4 4 0.022718 0.137565 0.036173 0.000195 0.803349
4 4 0.028339 0.007812 0.005180 0.000155 0.958514
4 4 0.028686 0.004217 0.003908 0.000139 0.963050
4 4 0.006490 0.069380 0.049075 0.000053 0.875002
4 4 0.010038 0.022022 0.026269 0.000216 0.941455
4 4 0.045722 0.024100 0.018703 0.000054 0.911421
4 4 0.048381 0.043044 0.040279 0.002382 0.865914
4 4 0.014373 0.143019 0.072988 0.000420 0.769200
4 4 0.020913 0.048728 0.307505 0.039214 0.583640
4 4 0.013870 0.086692 0.386199 0.000863 0.512377
2 2 0.082330 0.102856 0.539202 0.002702 0.272910
2 2 0.003094 0.230787 0.477786 0.002032 0.286301
2 2 0.000916 0.021814 0.945574 0.002090 0.029606
2 2 0.001704 0.063545 0.734006 0.000427 0.200317
2 2 0.023422 0.293410 0.568325 0.000753 0.114090
2 2 0.003685 0.012402 0.946750 0.000162 0.037000
2 2 0.000354 0.003696 0.983070 0.004946 0.007933
2 2 0.000039 0.001019 0.995795 0.002950 0.000197
2 2 0.001083 0.004801 0.989181 0.002214 0.002721
2 2 0.003068 0.003821 0.950562 0.005719 0.036830
2 2 0.019025 0.015429 0.817381 0.010356 0.137809
2 2 0.003906 0.002841 0.991458 0.000498 0.001297
2 2 0.000275 0.003475 0.988926 0.006109 0.001216
2 2 0.001597 0.023225 0.964165 0.000528 0.010485
2 2 0.000002 0.000227 0.997174 0.002391 0.000205
2 2 0.000051 0.003574 0.991218 0.000810 0.004348
2 2 0.000026 0.000396 0.997899 0.000989 0.000690
2 2 0.001051 0.002872 0.985552 0.008460 0.002065
2 2 0.000002 0.000458 0.997986 0.000908 0.000646
2 2 0.000063 0.003569 0.993299 0.001825 0.001245
2 2 0.000014 0.002110 0.995201 0.002630 0.000045
2 2 0.000031 0.000547 0.892105 0.107053 0.000263
2 2 0.000031 0.000515 0.764571 0.234579 0.000305
2 2 0.000757 0.001947 0.983707 0.005355 0.008234
2 2 0.000243 0.006883 0.982851 0.002793 0.007230
2 2 0.000066 0.000689 0.956251 0.042085 0.000908
2 2 0.000023 0.000244 0.997256 0.002183 0.000293
2 2 0.000000 0.000160 0.952697 0.047134 0.000009
2 2 0.000538 0.001239 0.785215 0.212506 0.000503
2 2 0.000931 0.007012 0.982236 0.004878 0.004942
2 2 0.000463 0.005118 0.989070 0.001807 0.003542
2 2 0.000021 0.001209 0.992899 0.004663 0.001207
2 2 0.000067 0.001502 0.986623 0.009841 0.001967
2 2 0.017071 0.111882 0.854723 0.000666 0.015658
2 2 0.001941 0.295174 0.677611 0.000627 0.024648
2 2 0.000006 0.001176 0.951307 0.046952 0.000558
2 2 0.000057 0.000544 0.982718 0.016057 0.000624
2 2 0.000005 0.000267 0.998433 0.001268 0.000027
2 2 0.000609 0.025552 0.959716 0.000241 0.013882
2 2 0.000548 0.010665 0.986415 0.000070 0.002302
2 2 0.000113 0.058988 0.934593 0.000014 0.006292
2 2 0.000002 0.000117 0.996267 0.003530 0.000084
2 2 0.000001 0.002002 0.997372 0.000572 0.000053
2 2 0.000279 0.001284 0.980808 0.013659 0.003970
2 2 0.000662 0.010063 0.974802 0.007304 0.007169
2 2 0.000129 0.001653 0.990859 0.005157 0.002202
2 2 0.000114 0.024511 0.928147 0.029893 0.017335
2 2 0.000028 0.001396 0.990977 0.006979 0.000620
2 2 0.000000 0.000103 0.986893 0.012958 0.000046
2 2 0.000000 0.000572 0.998352 0.001012 0.000064
2 2 0.000002 0.000037 0.932230 0.067731 0.000001
2 2 0.000003 0.001641 0.995949 0.001259 0.001148
2 2 0.000004 0.000749 0.996627 0.002412 0.000208
2 2 0.000053 0.000567 0.969764 0.029318 0.000299
2 2 0.000076 0.000425 0.774482 0.224953 0.000064
2 2 0.000023 0.000704 0.935558 0.063316 0.000398
2 2 0.000062 0.000794 0.911514 0.085987 0.001643
2 2 0.000019 0.000259 0.860149 0.139055 0.000517
2 2 0.000002 0.000091 0.928514 0.071325 0.000067
2 2 0.011691 0.018806 0.592341 0.325134 0.052027
2 2 0.001819 0.003960 0.552230 0.432006 0.009985
2 2 0.000523 0.005701 0.963089 0.015584 0.015103
2 2 0.000024 0.001314 0.580121 0.416783 0.001757
2 2 0.000006 0.000216 0.646648 0.352964 0.000167
2 3 0.000216 0.009569 0.794151 0.182241 0.013824
2 3 0.000000 0.000027 0.595238 0.404733 0.000002
3 3 0.000010 0.000465 0.373751 0.625244 0.000530
3 3 0.000003 0.000183 0.259075 0.739690 0.001049
3 3 0.000006 0.000315 0.423065 0.575649 0.000964
3 3 0.000004 0.000098 0.044269 0.955624 0.000005
3 3 0.001032 0.000789 0.077771 0.920261 0.000147
2 3 0.000461 0.004585 0.588937 0.379521 0.026496
3 3 0.000189 0.001953 0.456007 0.534500 0.007351
2 3 0.001616 0.009678 0.583659 0.362104 0.042943
3 3 0.001857 0.037953 0.307878 0.622317 0.029996
3 3 0.000155 0.004134 0.179096 0.814365 0.002250
3 3 0.000517 0.003177 0.483446 0.510358 0.002502
2 3 0.000071 0.001330 0.608138 0.389873 0.000588
3 3 0.000013 0.000442 0.223693 0.775716 0.000136
2 3 0.000124 0.001295 0.809558 0.182874 0.006151
2 3 0.004762 0.007268 0.809890 0.167355 0.010725
3 3 0.000003 0.001070 0.254687 0.744048 0.000192
3 3 0.000001 0.000093 0.435076 0.564773 0.000057
3 3 0.000236 0.001459 0.052997 0.941517 0.003791
3 3 0.000011 0.000149 0.012887 0.986504 0.000450
2 3 0.013370 0.079828 0.789439 0.109830 0.007534
2 3 0.014558 0.012201 0.920992 0.047723 0.004527
3 3 0.000000 0.000038 0.079776 0.919972 0.000214
3 3 0.000165 0.002515 0.337128 0.603940 0.056252
2 3 0.000225 0.003574 0.930276 0.063753 0.002172
3 3 0.000657 0.002855 0.310692 0.684730 0.001066
3 3 0.004689 0.010255 0.312385 0.661312 0.011359
3 2 0.000175 0.001284 0.067020 0.930642 0.000880
2 2 0.000000 0.000014 0.758895 0.241088 0.000002
2 2 0.000003 0.001701 0.950117 0.046260 0.001919
2 2 0.000013 0.002159 0.990198 0.007486 0.000144
2 2 0.051140 0.023659 0.860808 0.043776 0.020617
2 2 0.000049 0.000496 0.990403 0.006917 0.002135
2 2 0.000233 0.020008 0.823487 0.031920 0.124352
2 2 0.000004 0.006579 0.927296 0.038610 0.027510
2 2 0.000409 0.035172 0.594942 0.008735 0.360742
4 1 0.157301 0.121568 0.216143 0.102126 0.402862
4 2 0.008506 0.145566 0.395619 0.003084 0.447224
2 2 0.000302 0.031805 0.865812 0.012672 0.089410
2 2 0.000776 0.012908 0.798995 0.082060 0.105260
4 4 0.035696 0.065046 0.190947 0.000099 0.708212
4 4 0.004800 0.313476 0.252953 0.000406 0.428365
4 4 0.013140 0.162337 0.091257 0.000072 0.733194
4 4 0.031952 0.094674 0.043846 0.000319 0.829210
4 4 0.065861 0.148246 0.120451 0.000211 0.665230
4 4 0.050448 0.059544 0.086852 0.001567 0.801588
4 4 0.012665 0.018842 0.040668 0.000249 0.927576
4 4 0.011530 0.054422 0.073883 0.000296 0.859870
4 4 0.048054 0.025013 0.042153 0.000548 0.884232
4 4 0.113844 0.019557 0.010947 0.000197 0.855455
4 4 0.044648 0.202151 0.044464 0.001756 0.706981
4 4 0.004184 0.080869 0.100491 0.000196 0.814260
4 4 0.034716 0.169872 0.151604 0.000848 0.642960
4 4 0.071747 0.149087 0.089286 0.008080 0.681800
4 4 0.133869 0.079348 0.035590 0.000371 0.750822
4 4 0.046271 0.033341 0.027078 0.001273 0.892037
4 4 0.015563 0.173769 0.233938 0.002133 0.574596
4 4 0.055889 0.139888 0.173498 0.002315 0.628410
4 4 0.206767 0.046549 0.062425 0.001855 0.682404
4 4 0.036606 0.121856 0.026694 0.000734 0.814110
0 4 0.539069 0.022031 0.019720 0.000427 0.418754
4 4 0.055502 0.232596 0.054226 0.002410 0.655266
4 4 0.262133 0.165092 0.099662 0.000200 0.472913
4 4 0.041415 0.348331 0.122465 0.000189 0.487600
4 4 0.062145 0.094083 0.027573 0.000107 0.816093
4 4 0.057365 0.338534 0.087846 0.000501 0.515754
4 4 0.290713 0.040971 0.031991 0.001297 0.635028
4 4 0.032233 0.120097 0.044461 0.000975 0.802234
1 4 0.118896 0.381230 0.153224 0.006259 0.340391
4 4 0.428858 0.060468 0.025161 0.000286 0.485227
2 1 0.000262 0.127241 0.854327 0.000657 0.017513
4 2 0.021065 0.373587 0.176118 0.000041 0.429189
4 4 0.037056 0.043643 0.071123 0.002012 0.846166
4 4 0.042901 0.075955 0.045128 0.001649 0.834367
4 4 0.033683 0.004835 0.004505 0.000164 0.956812
4 4 0.091732 0.029429 0.034954 0.005474 0.838411
4 4 0.108950 0.097080 0.198868 0.000306 0.594797
4 4 0.174707 0.228535 0.106264 0.004433 0.486061
4 4 0.050318 0.026303 0.062114 0.000473 0.860792
4 4 0.092912 0.015412 0.015816 0.001020 0.874841
4 4 0.112861 0.006439 0.005370 0.000085 0.875245
4 4 0.454156 0.006386 0.004477 0.000019 0.534962
4 4 0.061791 0.080194 0.034708 0.002030 0.821277
4 4 0.029140 0.008261 0.005476 0.000169 0.956954
4 4 0.135608 0.283824 0.034425 0.000033 0.546110
1 4 0.083826 0.615432 0.009968 0.000002 0.290772
4 4 0.100453 0.033828 0.040501 0.007289 0.817928
4 4 0.044699 0.051645 0.020950 0.000879 0.881827
4 4 0.058509 0.018228 0.016611 0.001329 0.905323
4 4 0.058321 0.013399 0.014255 0.001213 0.912812
4 4 0.065788 0.012282 0.012617 0.000841 0.908472
4 4 0.164267 0.008882 0.007524 0.000128 0.819199
4 4 0.043476 0.013207 0.010397 0.000549 0.932372
0 4 0.517350 0.024007 0.017445 0.000262 0.440936
4 4 0.020618 0.002481 0.002161 0.000052 0.974689
4 4 0.044859 0.009177 0.006305 0.000171 0.939487
4 4 0.068357 0.011099 0.015130 0.000269 0.905144
4 4 0.055487 0.018335 0.014662 0.000915 0.910601
2 4 0.024153 0.182333 0.396488 0.003635 0.393390
4 4 0.020552 0.071307 0.056876 0.000269 0.850996
4 4 0.146456 0.009695 0.008492 0.000182 0.835174
0 4 0.865681 0.007784 0.005664 0.000027 0.120844
4 4 0.056985 0.012895 0.013655 0.001128 0.915337
4 4 0.094754 0.012339 0.013003 0.000456 0.879448
4 4 0.073605 0.045696 0.018023 0.000445 0.862231
4 4 0.136357 0.030563 0.080358 0.000379 0.752343
4 4 0.125650 0.013856 0.013342 0.000548 0.846605
4 4 0.152630 0.015432 0.014803 0.000583 0.816552
4 4 0.001984 0.001975 0.011799 0.000006 0.984236
4 4 0.039503 0.003793 0.003286 0.000072 0.953346
4 4 0.046789 0.020494 0.013094 0.000619 0.919004
4 4 0.037620 0.033895 0.014158 0.000483 0.913844
4 4 0.003713 0.240538 0.113410 0.000079 0.642260
4 4 0.194238 0.231905 0.030677 0.000014 0.543166
4 4 0.088064 0.163399 0.066892 0.005369 0.676276
4 4 0.034483 0.168210 0.030138 0.000753 0.766416
4 4 0.020733 0.059756 0.021344 0.000242 0.897925
4 4 0.169191 0.025105 0.023163 0.001228 0.781314
4 4 0.071651 0.371917 0.140150 0.001002 0.415280
4 1 0.017408 0.184129 0.111010 0.000030 0.687423
4 1 0.121650 0.091030 0.064696 0.000050 0.722573
4 4 0.016252 0.050994 0.056123 0.000131 0.876501
4 4 0.059628 0.144338 0.049637 0.003129 0.743268
4 4 0.068189 0.098179 0.046190 0.003687 0.783755
4 4 0.031869 0.041107 0.089820 0.007988 0.829215
4 4 0.006727 0.025715 0.072094 0.001143 0.894321
