0 0 0.992222 0.001061 0.006183 0.000105 0.000430
0 0 0.946124 0.006219 0.008940 0.000837 0.037879
0 0 0.999524 0.000113 0.000221 0.000001 0.000141
0 0 0.999496 0.000092 0.000177 0.000001 0.000234
0 0 0.998376 0.000401 0.000648 0.000001 0.000574
0 0 0.995240 0.001425 0.002105 0.000033 0.001198
0 0 0.997436 0.000530 0.000822 0.000004 0.001208
0 0 0.988033 0.001248 0.001113 0.000001 0.009606
0 0 0.974155 0.003498 0.003754 0.000345 0.018249
1 0 0.328083 0.365155 0.119174 0.000013 0.187574
0 0 0.999332 0.000151 0.000474 0.000004 0.000039
0 0 0.999656 0.000024 0.000048 0.000000 0.000272
0 0 0.999633 0.000080 0.000231 0.000002 0.000054
0 0 0.995589 0.000486 0.000629 0.000018 0.003279
0 0 0.978404 0.007954 0.008892 0.000059 0.004691
0 0 0.989102 0.003637 0.003144 0.000010 0.004107
0 0 0.983616 0.006294 0.009510 0.000062 0.000518
0 0 0.999153 0.000125 0.000466 0.000068 0.000189
0 0 0.982694 0.000615 0.000978 0.000001 0.015713
0 0 0.989955 0.003370 0.002581 0.000007 0.004086
0 0 0.995482 0.000378 0.001040 0.000039 0.003060
0 0 0.974642 0.007164 0.014515 0.000000 0.003678
0 0 0.997596 0.000349 0.000801 0.000034 0.001220
0 0 0.998501 0.000454 0.000615 0.000001 0.000428
0 0 0.996026 0.001121 0.001830 0.000015 0.001008
0 0 0.980221 0.003768 0.013346 0.000369 0.002297
0 0 0.989803 0.003569 0.000800 0.000000 0.005828
0 0 0.990470 0.004338 0.001068 0.000000 0.004124
0 0 0.982127 0.008419 0.007818 0.000019 0.001617
0 0 0.995021 0.002677 0.000792 0.000000 0.001509
0 0 0.998788 0.000118 0.000117 0.000000 0.000976
0 0 0.997971 0.000382 0.000446 0.000002 0.001199
0 0 0.988475 0.003471 0.003054 0.000022 0.004977
0 0 0.993284 0.001786 0.001639 0.000008 0.003283
0 0 0.988012 0.007233 0.003574 0.000000 0.001180
0 0 0.991937 0.001919 0.001145 0.000001 0.004998
0 0 0.962384 0.005456 0.002847 0.000001 0.029312
0 0 0.964451 0.005426 0.001838 0.000001 0.028284
0 0 0.961309 0.003974 0.001808 0.000005 0.032904
0 0 0.976203 0.006977 0.001510 0.000000 0.015309
0 0 0.833589 0.026924 0.006909 0.000002 0.132576
0 0 0.962444 0.011882 0.002882 0.000000 0.022791
0 0 0.815729 0.078393 0.018045 0.000000 0.087834
0 0 0.941874 0.011107 0.002253 0.000000 0.044765
0 0 0.959356 0.020607 0.004413 0.000000 0.015623
0 0 0.916452 0.024222 0.003610 0.000000 0.055716
0 0 0.985698 0.006196 0.001062 0.000000 0.007044
0 0 0.956329 0.017795 0.002615 0.000000 0.023261
0 0 0.940277 0.034179 0.006963 0.000000 0.018580
0 0 0.970565 0.029085 0.000350 0.000000 0.000000
1 0 0.274305 0.636455 0.087419 0.000000 0.001821
0 0 0.903383 0.060302 0.008403 0.000000 0.027913
0 0 0.550654 0.336434 0.065271 0.000010 0.047630
0 0 0.554859 0.345121 0.063901 0.000006 0.036113
1 0 0.165112 0.391437 0.125154 0.000004 0.318293
1 1 0.182079 0.504445 0.147485 0.000007 0.165984
1 1 0.235640 0.528395 0.139452 0.000035 0.096479
1 1 0.165198 0.669633 0.149963 0.000062 0.015144
0 0 0.906302 0.038384 0.049192 0.000014 0.006108
0 0 0.949034 0.035981 0.006676 0.000000 0.008308
1 1 0.363776 0.501475 0.103148 0.000024 0.031577
1 2 0.114108 0.673045 0.181734 0.000165 0.030947
2 2 0.000304 0.118249 0.877766 0.000130 0.003551
2 2 0.008474 0.110885 0.866017 0.000409 0.014215
2 2 0.019832 0.212982 0.729624 0.015363 0.022198
2 2 0.004043 0.247815 0.744343 0.000120 0.003679
2 2 0.000747 0.002628 0.995988 0.000162 0.000474
2 2 0.007569 0.009524 0.922249 0.002952 0.057706
2 2 0.000336 0.002765 0.991247 0.005347 0.000306
2 2 0.000322 0.000463 0.998113 0.000801 0.000300
2 2 0.007179 0.006275 0.950269 0.029219 0.007057
2 2 0.000165 0.001404 0.988017 0.009995 0.000419
2 2 0.000617 0.000395 0.927844 0.070779 0.000365
2 2 0.000041 0.000068 0.947022 0.052866 0.000003
2 2 0.000043 0.000732 0.667744 0.331324 0.000157
2 3 0.000053 0.001061 0.748236 0.250480 0.000169
2 3 0.000022 0.000240 0.799589 0.200122 0.000028
2 3 0.000002 0.000017 0.509120 0.490855 0.000006
3 3 0.000709 0.000373 0.079773 0.919076 0.000068
3 3 0.000127 0.000561 0.121997 0.877226 0.000090
2 3 0.016400 0.029859 0.747016 0.204663 0.002061
2 0 0.099968 0.025911 0.790244 0.081887 0.001990
0 0 0.811089 0.105407 0.021640 0.000002 0.061861
0 0 0.474370 0.290237 0.066238 0.000001 0.169153
0 0 0.895798 0.045580 0.006839 0.000000 0.051783
0 0 0.430707 0.337936 0.081324 0.000018 0.150015
0 0 0.550203 0.131232 0.029950 0.000001 0.288614
0 1 0.535043 0.208033 0.046514 0.000000 0.210409
0 1 0.472156 0.135959 0.033280 0.000001 0.358604
4 1 0.245119 0.248391 0.077614 0.000062 0.428813
1 2 0.094437 0.588596 0.195296 0.000061 0.121610
1 1 0.018595 0.435165 0.348981 0.000000 0.197258
1 2 0.012218 0.436388 0.331675 0.000010 0.219709
2 2 0.039898 0.118430 0.422804 0.000729 0.418139
2 2 0.002116 0.049517 0.944509 0.000113 0.003745
2 2 0.002101 0.020952 0.959046 0.002184 0.015717
2 2 0.000213 0.003583 0.992513 0.002495 0.001196
2 2 0.000301 0.002842 0.994161 0.002323 0.000373
2 2 0.001012 0.000952 0.950085 0.042909 0.005042
2 2 0.000020 0.000129 0.973921 0.025914 0.000015
2 2 0.002194 0.015118 0.941426 0.038387 0.002874
2 2 0.002001 0.013609 0.957790 0.025528 0.001072
3 2 0.000307 0.000784 0.453147 0.545659 0.000103
3 2 0.000000 0.000021 0.237131 0.762847 0.000001
3 2 0.000010 0.000140 0.075669 0.924163 0.000018
2 2 0.002198 0.015622 0.887312 0.092346 0.002522
3 2 0.000000 0.000001 0.259918 0.740081 0.000000
3 3 0.000000 0.000012 0.038485 0.961502 0.000000
3 3 0.000000 0.000005 0.054258 0.945737 0.000000
3 3 0.000001 0.000055 0.040457 0.959480 0.000007
3 3 0.000005 0.000261 0.383818 0.615911 0.000005
2 3 0.003406 0.023860 0.917277 0.055106 0.000352
3 3 0.000067 0.000149 0.009950 0.989786 0.000048
3 3 0.001880 0.001683 0.018630 0.976979 0.000827
3 3 0.000016 0.000097 0.012971 0.986888 0.000027
3 3 0.000011 0.000035 0.006403 0.993543 0.000009
3 3 0.000000 0.000000 0.002167 0.997833 0.000000
3 3 0.000000 0.000001 0.018995 0.981004 0.000000
3 3 0.000000 0.000004 0.008386 0.991608 0.000001
3 3 0.000000 0.000001 0.001706 0.998293 0.000000
3 3 0.000057 0.000172 0.025112 0.974637 0.000022
3 3 0.000013 0.000013 0.003068 0.996904 0.000002
3 3 0.000033 0.000054 0.014656 0.985252 0.000004
3 3 0.000014 0.000044 0.006868 0.993062 0.000011
3 3 0.000001 0.000015 0.007577 0.992404 0.000003
3 3 0.000000 0.000015 0.022859 0.977123 0.000003
3 3 0.000008 0.000304 0.066772 0.932823 0.000094
3 3 0.000034 0.000145 0.020633 0.979163 0.000026
3 3 0.000000 0.000016 0.020535 0.979447 0.000002
3 3 0.000005 0.000010 0.003035 0.996947 0.000002
3 3 0.000000 0.000001 0.005892 0.994107 0.000000
3 3 0.000004 0.000011 0.003719 0.996264 0.000002
3 3 0.000000 0.000005 0.014874 0.985121 0.000000
3 3 0.000002 0.000017 0.018152 0.981828 0.000001
3 2 0.000274 0.000207 0.037315 0.962195 0.000009
3 2 0.035867 0.044297 0.399170 0.515269 0.005398
2 2 0.019788 0.239625 0.357853 0.187285 0.195449
2 2 0.000245 0.023900 0.918016 0.055978 0.001862
2 2 0.000056 0.053357 0.925653 0.005415 0.015519
2 2 0.000041 0.000654 0.600911 0.398206 0.000187
2 2 0.024202 0.042742 0.682833 0.243668 0.006554
2 2 0.000007 0.000832 0.912235 0.086876 0.000050
3 3 0.000001 0.000104 0.286583 0.713306 0.000006
3 3 0.000000 0.000016 0.323859 0.676125 0.000001
3 3 0.000011 0.000807 0.309539 0.689472 0.000171
3 3 0.000009 0.000034 0.017664 0.982275 0.000018
3 3 0.001329 0.002702 0.116460 0.875191 0.004318
3 3 0.002406 0.000914 0.158695 0.832023 0.005961
3 3 0.000000 0.000036 0.176612 0.823349 0.000002
3 3 0.000000 0.000001 0.252848 0.747151 0.000000
3 3 0.000000 0.000002 0.066197 0.933800 0.000001
3 3 0.000000 0.000001 0.003389 0.996610 0.000000
3 3 0.000000 0.000012 0.036705 0.963282 0.000001
3 3 0.000004 0.000035 0.010930 0.989023 0.000008
3 3 0.000000 0.000001 0.001567 0.998432 0.000000
3 3 0.000000 0.000002 0.007035 0.992963 0.000000
3 3 0.000002 0.000000 0.000145 0.999853 0.000000
3 3 0.000000 0.000000 0.000562 0.999437 0.000000
3 3 0.000064 0.000075 0.005566 0.994272 0.000023
3 3 0.000000 0.000001 0.001528 0.998470 0.000000
3 3 0.000000 0.000001 0.002604 0.997395 0.000000
3 3 0.000001 0.000006 0.003443 0.996549 0.000001
3 3 0.000000 0.000000 0.000878 0.999122 0.000000
3 3 0.000007 0.000005 0.001345 0.998642 0.000001
3 3 0.000001 0.000004 0.002594 0.997399 0.000001
3 3 0.000000 0.000003 0.004732 0.995264 0.000001
3 3 0.000003 0.000014 0.005104 0.994877 0.000003
3 3 0.000367 0.000355 0.009933 0.989209 0.000137
3 3 0.000008 0.000020 0.005563 0.994406 0.000004
3 3 0.000049 0.000031 0.002864 0.997047 0.000008
3 3 0.000000 0.000002 0.005113 0.994884 0.000000
3 3 0.000000 0.000000 0.002696 0.997304 0.000000
3 3 0.000002 0.000004 0.003902 0.996091 0.000000
3 3 0.000015 0.000051 0.009578 0.990345 0.000011
3 3 0.000019 0.000015 0.005880 0.994085 0.000001
3 3 0.000202 0.000030 0.001444 0.998315 0.000009
3 3 0.000000 0.000003 0.008405 0.991592 0.000000
3 3 0.000013 0.000098 0.014309 0.985553 0.000027
3 3 0.000076 0.000017 0.001348 0.998555 0.000004
3 3 0.000021 0.000027 0.003744 0.996201 0.000007
3 3 0.000001 0.000001 0.001404 0.998594 0.000000
3 3 0.000000 0.000000 0.000663 0.999337 0.000000
3 3 0.000000 0.000000 0.002976 0.997024 0.000000
3 3 0.000000 0.000000 0.006075 0.993925 0.000000
3 3 0.016486 0.000757 0.003403 0.978960 0.000394
3 3 0.000023 0.000095 0.010879 0.988974 0.000028
3 3 0.000197 0.000386 0.022616 0.976720 0.000081
3 3 0.000014 0.000020 0.005820 0.994144 0.000002
3 3 0.000000 0.000000 0.001525 0.998474 0.000000
3 3 0.000000 0.000001 0.003658 0.996341 0.000000
3 3 0.000000 0.000000 0.002395 0.997605 0.000000
3 3 0.000000 0.000000 0.000623 0.999377 0.000000
3 3 0.000000 0.000002 0.006774 0.993224 0.000000
3 3 0.000001 0.000002 0.001136 0.998861 0.000000
3 3 0.007435 0.004456 0.081217 0.906357 0.000535
3 3 0.001424 0.000455 0.006672 0.991255 0.000194
3 3 0.000000 0.000000 0.000255 0.999745 0.000000
3 3 0.000007 0.000005 0.001398 0.998589 0.000001
3 3 0.000014 0.000007 0.001681 0.998297 0.000002
3 3 0.000000 0.000000 0.001260 0.998740 0.000000
3 3 0.000000 0.000001 0.011192 0.988808 0.000000
3 3 0.000000 0.000001 0.008660 0.991339 0.000000
3 3 0.000000 0.000001 0.001446 0.998554 0.000000
3 3 0.000000 0.000000 0.000689 0.999311 0.000000
3 3 0.000000 0.000000 0.000909 0.999090 0.000000
3 3 0.000000 0.000000 0.000236 0.999764 0.000000
3 3 0.000000 0.000003 0.006606 0.993391 0.000000
3 3 0.000034 0.000087 0.008497 0.991357 0.000025
3 3 0.000001 0.000001 0.001084 0.998913 0.000000
3 3 0.000002 0.000012 0.005943 0.994041 0.000002
3 3 0.001352 0.000369 0.005675 0.992450 0.000154
3 3 0.001192 0.000190 0.005046 0.993461 0.000111
3 3 0.000000 0.000000 0.000745 0.999255 0.000000
3 3 0.000034 0.000004 0.000597 0.999364 0.000001
3 3 0.000002 0.000002 0.001140 0.998856 0.000000
3 3 0.000000 0.000000 0.001073 0.998926 0.000000
3 3 0.000000 0.000001 0.001792 0.998207 0.000000
3 3 0.000000 0.000000 0.001471 0.998529 0.000000
3 3 0.000114 0.000038 0.002342 0.997495 0.000011
3 3 0.000000 0.000000 0.000870 0.999130 0.000000
3 3 0.006865 0.000564 0.003934 0.988366 0.000271
3 3 0.000238 0.000097 0.003856 0.995776 0.000032
3 3 0.000407 0.000205 0.005842 0.993470 0.000076
3 3 0.000001 0.000006 0.004106 0.995886 0.000001
3 3 0.000000 0.000000 0.000856 0.999144 0.000000
3 3 0.000000 0.000003 0.006827 0.993170 0.000001
3 3 0.000000 0.000001 0.001438 0.998561 0.000000
3 3 0.000001 0.000002 0.002047 0.997950 0.000000
3 3 0.000003 0.000004 0.002200 0.997792 0.000001
3 3 0.000077 0.000008 0.001288 0.998623 0.000004
3 3 0.000199 0.000047 0.009865 0.989827 0.000062
3 3 0.000361 0.000184 0.005603 0.993785 0.000067
3 3 0.000000 0.000000 0.001327 0.998673 0.000000
3 3 0.000001 0.000002 0.001232 0.998765 0.000000
3 3 0.000064 0.000044 0.005580 0.994292 0.000020
3 3 0.000078 0.000280 0.016272 0.983275 0.000096
3 3 0.000000 0.000000 0.000515 0.999485 0.000000
3 3 0.000000 0.000000 0.000039 0.999961 0.000000
3 3 0.000005 0.000002 0.000843 0.999150 0.000000
3 3 0.000000 0.000005 0.019193 0.980801 0.000001
3 3 0.000006 0.000001 0.000415 0.999577 0.000000
3 3 0.000199 0.000084 0.007106 0.992598 0.000012
3 3 0.000034 0.000021 0.002382 0.997558 0.000005
3 3 0.000012 0.000008 0.001717 0.998261 0.000002
3 3 0.000000 0.000001 0.001064 0.998935 0.000000
3 3 0.000059 0.000359 0.022861 0.976597 0.000124
3 3 0.000000 0.000003 0.010863 0.989134 0.000000
3 3 0.000001 0.000005 0.003603 0.996390 0.000001
3 3 0.000000 0.000000 0.000847 0.999153 0.000000
3 3 0.000000 0.000000 0.000322 0.999678 0.000000
3 3 0.002780 0.000241 0.049107 0.947672 0.000200
0 1 0.574681 0.253310 0.150524 0.002265 0.019220
2 2 0.001188 0.016446 0.504639 0.475459 0.002267
3 2 0.000184 0.007119 0.385838 0.605153 0.001706
3 2 0.000025 0.000331 0.087141 0.912467 0.000037
3 2 0.000000 0.000015 0.016950 0.983031 0.000003
3 2 0.001530 0.005241 0.421108 0.571890 0.000231
3 2 0.000005 0.000103 0.063400 0.936478 0.000015
2 2 0.000024 0.012565 0.851831 0.127444 0.008136
2 2 0.000063 0.007943 0.885773 0.086093 0.020128
2 2 0.001014 0.049962 0.648847 0.016228 0.283949
4 2 0.007723 0.124934 0.218675 0.000828 0.647840
2 2 0.002091 0.079207 0.633073 0.006692 0.278937
4 2 0.022135 0.071250 0.083519 0.000095 0.823000
4 2 0.048234 0.172860 0.079356 0.000109 0.699441
4 2 0.023944 0.148581 0.078937 0.000137 0.748400
2 2 0.000355 0.105365 0.848813 0.001054 0.044413
2 2 0.000092 0.026028 0.935766 0.002496 0.035618
4 2 0.047718 0.038187 0.017266 0.000535 0.896294
4 2 0.004986 0.085327 0.163351 0.002272 0.744064
4 2 0.005525 0.161028 0.118611 0.001556 0.713280
2 2 0.000068 0.096648 0.856888 0.000185 0.046211
2 2 0.000089 0.046956 0.758889 0.003219 0.190847
4 2 0.002405 0.067798 0.365697 0.003363 0.560737
1 2 0.043329 0.470911 0.198800 0.000012 0.286949
4 2 0.042540 0.162945 0.076043 0.000055 0.718417
4 2 0.007486 0.060777 0.091296 0.001090 0.839351
4 2 0.005344 0.033628 0.076005 0.000479 0.884545
2 2 0.000448 0.112535 0.766362 0.000300 0.120355
4 2 0.005632 0.078126 0.215624 0.001246 0.699371
0 4 0.555209 0.003337 0.002658 0.000461 0.438336
4 4 0.028223 0.005784 0.002525 0.000009 0.963459
2 2 0.000203 0.033915 0.883464 0.049965 0.032453
2 2 0.000045 0.007277 0.945648 0.039626 0.007404
2 2 0.000439 0.072136 0.783872 0.072217 0.071336
4 2 0.007459 0.081060 0.238182 0.006936 0.666363
2 2 0.001036 0.070260 0.518790 0.007354 0.402560
2 2 0.000048 0.047640 0.586285 0.000265 0.365762
4 2 0.002172 0.096442 0.109216 0.000348 0.791822
2 2 0.000012 0.020487 0.805943 0.000334 0.173223
4 2 0.052400 0.078607 0.265655 0.003408 0.599930
4 2 0.008735 0.044884 0.027269 0.000009 0.919103
2 2 0.000038 0.007427 0.983972 0.001765 0.006798
2 2 0.000038 0.002041 0.993379 0.000021 0.004520
2 2 0.000066 0.013630 0.916964 0.000205 0.069135
2 2 0.001393 0.047706 0.737603 0.001343 0.211954
2 2 0.000159 0.007224 0.989847 0.000620 0.002150
2 2 0.000002 0.000274 0.994237 0.005419 0.000068
2 2 0.000011 0.003513 0.963177 0.019827 0.013472
2 2 0.001187 0.008406 0.962441 0.002664 0.025301
1 1 0.195682 0.437986 0.323754 0.000096 0.042482
2 2 0.000205 0.037339 0.949655 0.000612 0.012189
2 2 0.305285 0.020174 0.645058 0.001522 0.027961
2 2 0.369162 0.028474 0.552308 0.000446 0.049610
2 2 0.000056 0.002636 0.991268 0.001074 0.004966
2 2 0.000677 0.002635 0.991014 0.001002 0.004671
2 2 0.000005 0.001183 0.944070 0.054702 0.000040
2 2 0.000002 0.000101 0.997969 0.001926 0.000002
2 2 0.000886 0.008693 0.792168 0.181881 0.016371
2 2 0.000002 0.000501 0.977719 0.021673 0.000104
2 2 0.000000 0.000031 0.965780 0.034187 0.000002
2 2 0.000001 0.000021 0.986037 0.013937 0.000004
2 2 0.000567 0.008949 0.989668 0.000387 0.000428
2 2 0.000043 0.001214 0.996429 0.002191 0.000124
2 2 0.000000 0.000019 0.853824 0.146156 0.000001
2 2 0.000002 0.000123 0.991251 0.008622 0.000002
2 2 0.000011 0.001777 0.996830 0.001308 0.000073
2 2 0.000112 0.003950 0.953296 0.042097 0.000546
2 2 0.000112 0.002232 0.986368 0.010978 0.000309
2 2 0.000003 0.000046 0.972725 0.027221 0.000004
2 2 0.000000 0.000085 0.991255 0.008656 0.000003
2 2 0.000160 0.000786 0.995138 0.003747 0.000169
3 2 0.000000 0.000032 0.330684 0.669283 0.000001
3 2 0.000034 0.001574 0.406901 0.591249 0.000242
2 2 0.000000 0.000011 0.883512 0.116477 0.000000
3 2 0.000000 0.000000 0.283259 0.716741 0.000000
2 2 0.000000 0.000041 0.959341 0.040614 0.000003
2 2 0.000003 0.000106 0.802235 0.197627 0.000028
2 1 0.000058 0.003267 0.969095 0.027311 0.000269
2 2 0.000001 0.000412 0.958275 0.041305 0.000007
2 2 0.000028 0.000435 0.992383 0.007116 0.000039
2 2 0.000000 0.000003 0.995386 0.004611 0.000000
2 2 0.000001 0.000691 0.976362 0.022936 0.000010
2 2 0.000000 0.000599 0.986053 0.013339 0.000008
2 2 0.000004 0.000511 0.994491 0.004957 0.000037
2 2 0.000053 0.000894 0.997269 0.001372 0.000413
0 1 0.989676 0.000931 0.006143 0.001129 0.002122
0 1 0.950391 0.026521 0.018414 0.000043 0.004631
2 1 0.000488 0.012401 0.833526 0.135066 0.018519
2 2 0.000474 0.009997 0.729961 0.253980 0.005588
2 2 0.000278 0.017110 0.963905 0.000112 0.018595
2 2 0.000001 0.002650 0.995736 0.000812 0.000802
2 2 0.001078 0.004077 0.989188 0.001482 0.004175
2 2 0.000014 0.000389 0.995590 0.003827 0.000180
2 2 0.000098 0.003434 0.991924 0.002423 0.002122
2 2 0.000007 0.003446 0.993177 0.000041 0.003329
2 2 0.000000 0.000008 0.934378 0.065613 0.000001
2 2 0.000000 0.000028 0.989760 0.010199 0.000012
2 2 0.000000 0.000033 0.992352 0.007614 0.000001
2 2 0.000000 0.000173 0.959846 0.039973 0.000007
2 2 0.003750 0.006898 0.876384 0.095329 0.017638
2 2 0.000000 0.000018 0.994281 0.005694 0.000007
2 2 0.000007 0.000888 0.682779 0.315404 0.000921
2 2 0.000007 0.000185 0.757783 0.241970 0.000055
2 2 0.000000 0.000053 0.568340 0.431606 0.000001
3 2 0.000001 0.000152 0.206924 0.792901 0.000022
2 2 0.000011 0.001560 0.988533 0.009787 0.000108
2 2 0.000017 0.002985 0.936153 0.060686 0.000159
2 2 0.000000 0.000113 0.932637 0.067244 0.000007
2 2 0.000145 0.003396 0.953369 0.033168 0.009923
2 2 0.029176 0.012494 0.953864 0.003728 0.000737
0 0 0.975611 0.006992 0.007792 0.000246 0.009358
2 1 0.000680 0.107458 0.869122 0.000224 0.022517
2 2 0.000333 0.024366 0.967617 0.000418 0.007266
2 2 0.000006 0.004731 0.993019 0.000996 0.001247
2 2 0.000123 0.001577 0.993795 0.003028 0.001477
2 0 0.211327 0.201986 0.403775 0.067291 0.115620
2 1 0.048838 0.427870 0.475034 0.000487 0.047771
2 2 0.016603 0.109067 0.869716 0.001322 0.003292
2 2 0.000037 0.004457 0.990255 0.005213 0.000037
2 2 0.000001 0.000061 0.981067 0.018870 0.000001
2 2 0.000014 0.000485 0.997988 0.001499 0.000015
2 2 0.000021 0.001073 0.998645 0.000258 0.000004
2 2 0.001751 0.002604 0.995136 0.000451 0.000059
2 2 0.000103 0.001408 0.998001 0.000395 0.000093
2 2 0.000000 0.000040 0.998084 0.001874 0.000001
2 2 0.000001 0.002697 0.990530 0.006573 0.000200
2 2 0.000215 0.001028 0.966972 0.031770 0.000015
2 2 0.104172 0.085550 0.753984 0.033625 0.022669
2 0 0.285273 0.087124 0.609773 0.014195 0.003634
0 0 0.955295 0.023612 0.011626 0.000012 0.009455
0 1 0.755728 0.165933 0.062687 0.000003 0.015649
2 1 0.037549 0.409143 0.530596 0.000020 0.022693
2 2 0.037245 0.219092 0.731606 0.000001 0.012057
2 2 0.000860 0.025874 0.973066 0.000019 0.000181
2 2 0.000110 0.012561 0.985488 0.001738 0.000103
2 2 0.000020 0.011714 0.986649 0.001269 0.000348
2 2 0.000002 0.003192 0.996663 0.000112 0.000031
2 2 0.000000 0.000032 0.973064 0.026904 0.000000
2 2 0.000000 0.000027 0.999115 0.000857 0.000000
2 2 0.000023 0.000956 0.994557 0.004414 0.000051
2 2 0.000015 0.000204 0.751279 0.248451 0.000051
2 2 0.000000 0.000219 0.998786 0.000957 0.000038
2 2 0.000002 0.000732 0.995901 0.003326 0.000039
2 2 0.000002 0.000809 0.998588 0.000576 0.000025
2 2 0.001044 0.003722 0.995105 0.000012 0.000118
2 2 0.000523 0.028966 0.966823 0.001664 0.002023
2 2 0.002465 0.022318 0.973332 0.000019 0.001866
2 2 0.000204 0.001721 0.950176 0.047164 0.000736
2 2 0.002802 0.016801 0.953815 0.021450 0.005132
2 2 0.000004 0.000230 0.999701 0.000062 0.000003
2 2 0.000030 0.000188 0.999772 0.000007 0.000003
2 2 0.000002 0.009357 0.989333 0.000691 0.000618
2 2 0.000029 0.000864 0.997733 0.001161 0.000212
2 2 0.000142 0.003956 0.995432 0.000195 0.000275
2 2 0.000371 0.003362 0.996087 0.000024 0.000156
2 2 0.000007 0.001863 0.989786 0.008249 0.000096
2 2 0.000013 0.000928 0.998948 0.000101 0.000010
2 2 0.000247 0.029849 0.960719 0.000605 0.008579
2 2 0.000370 0.038955 0.943694 0.011118 0.005864
2 2 0.000001 0.000286 0.782699 0.217007 0.000007
2 2 0.000076 0.002257 0.955366 0.040980 0.001321
2 2 0.000000 0.000081 0.943453 0.056459 0.000007
2 2 0.000006 0.000741 0.995455 0.003171 0.000627
2 2 0.000000 0.000000 0.815307 0.184693 0.000000
2 2 0.000000 0.000002 0.980300 0.019698 0.000000
2 2 0.005207 0.068948 0.902975 0.004665 0.018204
2 2 0.000023 0.006366 0.972182 0.021084 0.000344
2 2 0.000001 0.000273 0.991342 0.008379 0.000005
2 2 0.000002 0.000173 0.984421 0.015402 0.000002
2 2 0.000375 0.000983 0.929942 0.068692 0.000007
3 2 0.000000 0.000019 0.454484 0.545497 0.000000
2 2 0.000011 0.001096 0.989228 0.009637 0.000028
2 2 0.000000 0.000071 0.997156 0.002772 0.000001
2 2 0.000000 0.000025 0.935242 0.064731 0.000001
2 2 0.000000 0.000060 0.968527 0.031412 0.000001
2 2 0.000000 0.000004 0.783402 0.216592 0.000001
2 2 0.000000 0.000013 0.846451 0.153536 0.000001
0 0 0.560179 0.359838 0.068352 0.000002 0.011630
0 0 0.840665 0.102204 0.056523 0.000004 0.000605
0 0 0.567815 0.289381 0.078812 0.000007 0.063985
0 1 0.797770 0.113276 0.045671 0.000163 0.043120
1 1 0.054416 0.512663 0.424645 0.000005 0.008271
0 1 0.522385 0.383841 0.074301 0.000001 0.019472
2 2 0.000001 0.001917 0.995699 0.002337 0.000046
2 2 0.000864 0.055676 0.943336 0.000017 0.000108
2 2 0.006269 0.072880 0.909968 0.006837 0.004045
2 2 0.019992 0.333709 0.639724 0.000349 0.006227
2 2 0.000027 0.004247 0.995405 0.000125 0.000196
2 2 0.000598 0.004088 0.994764 0.000474 0.000076
2 2 0.001028 0.069198 0.920925 0.004890 0.003961
2 2 0.000028 0.017732 0.977807 0.000037 0.004397
2 2 0.000038 0.004204 0.995537 0.000002 0.000219
2 2 0.000130 0.011955 0.985698 0.000022 0.002196
2 2 0.000014 0.000926 0.989610 0.008522 0.000928
2 2 0.000505 0.003178 0.982849 0.009321 0.004147
2 2 0.023286 0.010664 0.911359 0.042651 0.012039
2 0 0.002515 0.007473 0.987811 0.001875 0.000326
0 0 0.998961 0.000337 0.000668 0.000000 0.000034
0 0 0.855836 0.107118 0.019744 0.000000 0.017301
1 0 0.105928 0.580702 0.257353 0.001119 0.054897
2 1 0.006927 0.166298 0.808339 0.006450 0.011986
2 1 0.076251 0.266325 0.632241 0.002968 0.022214
1 1 0.206439 0.474632 0.243694 0.000365 0.074870
2 2 0.000589 0.059563 0.931479 0.005762 0.002607
2 2 0.000073 0.022282 0.970561 0.001162 0.005922
2 2 0.000246 0.025500 0.969991 0.001210 0.003053
2 2 0.000022 0.004283 0.995477 0.000057 0.000162
2 2 0.000114 0.015217 0.979312 0.004793 0.000564
2 2 0.000000 0.000020 0.995756 0.004224 0.000000
2 2 0.000058 0.000718 0.997621 0.001471 0.000131
2 2 0.000000 0.000026 0.999963 0.000009 0.000002
2 2 0.000368 0.032727 0.962692 0.000003 0.004209
2 2 0.004279 0.114655 0.582998 0.000043 0.298025
2 2 0.000075 0.002520 0.996951 0.000226 0.000228
2 2 0.000104 0.013415 0.984293 0.000138 0.002049
2 2 0.000000 0.000008 0.813258 0.186732 0.000002
2 2 0.000000 0.000014 0.863280 0.136705 0.000001
2 2 0.011322 0.009325 0.948684 0.008199 0.022470
2 2 0.000000 0.000010 0.999921 0.000069 0.000001
2 2 0.000000 0.000002 0.952773 0.047225 0.000000
2 2 0.000001 0.000165 0.972479 0.027342 0.000014
2 2 0.000016 0.007853 0.987867 0.003482 0.000784
2 2 0.000002 0.001389 0.997962 0.000370 0.000277
2 2 0.000000 0.000214 0.999525 0.000233 0.000028
2 2 0.000052 0.001644 0.995801 0.001561 0.000943
2 2 0.000075 0.002508 0.948023 0.048877 0.000518
2 2 0.001768 0.007096 0.970920 0.018257 0.001959
0 1 0.652290 0.105839 0.237752 0.002398 0.001721
2 1 0.000638 0.024842 0.961872 0.012304 0.000344
2 2 0.000437 0.008762 0.987830 0.002948 0.000023
2 2 0.000077 0.001344 0.990318 0.008257 0.000004
2 2 0.000094 0.005392 0.992160 0.002331 0.000023
2 2 0.003037 0.045408 0.934974 0.009555 0.007026
2 2 0.000000 0.000077 0.999228 0.000695 0.000000
2 2 0.000175 0.001520 0.997777 0.000497 0.000032
2 2 0.000011 0.000563 0.999130 0.000276 0.000020
2 2 0.000001 0.000125 0.999826 0.000048 0.000001
2 2 0.000001 0.000359 0.926168 0.073465 0.000007
2 2 0.000096 0.001097 0.994063 0.004729 0.000015
2 2 0.000002 0.000295 0.999444 0.000251 0.000007
2 2 0.000218 0.001302 0.991066 0.007282 0.000133
3 2 0.000005 0.000153 0.495118 0.504717 0.000007
2 2 0.000000 0.000027 0.985777 0.014195 0.000000
2 2 0.000015 0.000998 0.971691 0.027292 0.000005
2 2 0.000000 0.000004 0.983378 0.016618 0.000000
2 2 0.011950 0.025293 0.909443 0.050531 0.002782
2 2 0.018891 0.057648 0.886854 0.005798 0.030809
2 2 0.000000 0.000116 0.932562 0.067321 0.000000
2 2 0.000000 0.000012 0.996271 0.003717 0.000000
2 2 0.000006 0.000088 0.998202 0.001690 0.000014
2 2 0.000000 0.000134 0.991991 0.007873 0.000001
2 2 0.000087 0.000805 0.891669 0.107434 0.000005
2 2 0.000006 0.000392 0.794815 0.204784 0.000003
2 2 0.093660 0.167407 0.354308 0.244312 0.140313
0 1 0.737429 0.143593 0.089818 0.001912 0.027247
4 1 0.029908 0.150648 0.138564 0.000283 0.680598
1 1 0.228149 0.514549 0.140499 0.000042 0.116761
2 2 0.001986 0.031367 0.965153 0.000030 0.001462
2 2 0.000343 0.003197 0.993869 0.000518 0.002073
2 2 0.000000 0.000284 0.998247 0.001466 0.000002
2 2 0.000878 0.000391 0.998157 0.000529 0.000046
2 2 0.003445 0.016901 0.965052 0.005544 0.009058
2 2 0.001547 0.048348 0.946465 0.000056 0.003583
2 2 0.000000 0.000003 0.971457 0.028540 0.000000
2 2 0.000000 0.000010 0.996751 0.003239 0.000000
2 2 0.000156 0.000459 0.994571 0.004727 0.000087
2 2 0.000012 0.000865 0.999025 0.000078 0.000019
2 2 0.000001 0.000613 0.998495 0.000689 0.000202
2 2 0.000001 0.000289 0.999575 0.000114 0.000021
2 2 0.002279 0.001514 0.995078 0.000374 0.000755
2 2 0.000013 0.000642 0.997225 0.002029 0.000091
2 2 0.011180 0.020720 0.949744 0.016460 0.001896
2 2 0.000006 0.000958 0.984062 0.014950 0.000024
2 2 0.000000 0.000029 0.995995 0.003976 0.000001
2 2 0.000002 0.000302 0.997737 0.001927 0.000032
2 2 0.000021 0.000133 0.996061 0.003757 0.000029
2 2 0.000000 0.000046 0.995119 0.004834 0.000001
2 2 0.000013 0.001196 0.950957 0.047710 0.000125
2 2 0.000000 0.000183 0.861678 0.138103 0.000035
2 2 0.000000 0.000013 0.934041 0.065945 0.000001
2 2 0.000000 0.000003 0.862460 0.137537 0.000000
2 2 0.000154 0.001279 0.992605 0.005798 0.000164
2 2 0.000180 0.003317 0.898693 0.097571 0.000240
2 2 0.000000 0.000017 0.806117 0.193865 0.000000
2 2 0.000006 0.000076 0.636569 0.363348 0.000001
2 3 0.000000 0.000018 0.568526 0.431454 0.000002
3 3 0.000001 0.000064 0.215118 0.784775 0.000042
2 3 0.000000 0.000010 0.910057 0.089932 0.000001
2 3 0.000000 0.000030 0.991594 0.008364 0.000011
2 3 0.001757 0.007205 0.928149 0.054443 0.008445
2 2 0.000733 0.017995 0.924373 0.018581 0.038318
2 2 0.000000 0.000031 0.861779 0.138188 0.000002
3 2 0.000005 0.000040 0.459985 0.539876 0.000093
2 2 0.000009 0.000094 0.634688 0.364721 0.000488
3 2 0.000002 0.000021 0.183976 0.815978 0.000023
3 2 0.000000 0.000008 0.213780 0.786212 0.000000
3 2 0.000058 0.000319 0.498066 0.501527 0.000030
2 2 0.008177 0.012095 0.508870 0.397143 0.073715
2 2 0.000494 0.001282 0.842885 0.153851 0.001488
2 2 0.003767 0.006103 0.535214 0.437424 0.017492
2 2 0.001865 0.057900 0.658220 0.050917 0.231098
4 2 0.029754 0.049272 0.024817 0.000554 0.895603
4 4 0.009474 0.027963 0.016842 0.000062 0.945660
2 4 0.009031 0.071816 0.766311 0.057535 0.095308
4 4 0.431496 0.027384 0.072665 0.002801 0.465655
4 4 0.038785 0.021157 0.010917 0.000138 0.929003
4 4 0.045633 0.027438 0.012035 0.000086 0.914807
4 4 0.021052 0.003710 0.001657 0.000003 0.973578
4 4 0.003471 0.053588 0.130173 0.000089 0.812679
4 4 0.004742 0.005470 0.003335 0.000001 0.986451
4 4 0.030854 0.002151 0.000858 0.000002 0.966136
4 4 0.107217 0.005085 0.002554 0.000036 0.885108
4 4 0.037643 0.002229 0.000850 0.000001 0.959276
4 4 0.045503 0.022643 0.009584 0.000012 0.922257
4 4 0.068248 0.004964 0.003893 0.000027 0.922868
4 4 0.320325 0.001686 0.001023 0.000029 0.676938
4 4 0.162711 0.004148 0.002536 0.000004 0.830601
4 4 0.180153 0.001176 0.000484 0.000005 0.818183
4 4 0.142673 0.001552 0.000657 0.000006 0.855113
4 4 0.087930 0.005041 0.003398 0.000009 0.903623
4 4 0.063126 0.005013 0.001688 0.000000 0.930173
4 4 0.033334 0.018497 0.008517 0.000093 0.939559
4 4 0.009042 0.004514 0.002402 0.000002 0.984041
4 4 0.030266 0.004919 0.001990 0.000000 0.962825
4 4 0.054457 0.001227 0.000479 0.000001 0.943836
4 4 0.041817 0.043485 0.020347 0.000605 0.893746
4 4 0.046800 0.017958 0.007661 0.000065 0.927516
4 4 0.032183 0.040508 0.018291 0.000001 0.909016
4 4 0.004488 0.039376 0.056754 0.000018 0.899364
4 4 0.041192 0.013270 0.005936 0.000063 0.939539
4 4 0.055366 0.019342 0.007873 0.000022 0.917396
4 4 0.023002 0.080829 0.043063 0.000219 0.852887
4 4 0.060341 0.098836 0.042810 0.000083 0.797930
4 4 0.020240 0.010560 0.005135 0.000020 0.964045
4 4 0.017676 0.032931 0.017826 0.000152 0.931416
4 4 0.044398 0.134242 0.068593 0.000019 0.752748
4 4 0.011358 0.252205 0.181134 0.000013 0.555290
4 4 0.064442 0.048266 0.045192 0.000010 0.842090
4 4 0.059446 0.031077 0.012696 0.000019 0.896762
4 4 0.040815 0.069642 0.032810 0.000206 0.856527
4 4 0.161857 0.094114 0.032541 0.000046 0.711443
4 4 0.073057 0.006840 0.002515 0.000032 0.917556
4 4 0.043205 0.003366 0.001301 0.000005 0.952123
4 4 0.055198 0.002863 0.001042 0.000005 0.940892
4 4 0.015926 0.033364 0.018091 0.000037 0.932582
0 1 0.873465 0.068806 0.027553 0.000017 0.030158
1 1 0.210062 0.608087 0.171954 0.000064 0.009833
4 2 0.139145 0.095464 0.045443 0.000109 0.719840
4 2 0.040803 0.171937 0.083277 0.000429 0.703554
2 2 0.044909 0.361236 0.388997 0.001724 0.203134
1 1 0.047750 0.597920 0.317782 0.000020 0.036527
4 1 0.149051 0.276485 0.152304 0.000012 0.422148
4 2 0.021794 0.137872 0.073033 0.000030 0.767271
2 2 0.000134 0.010575 0.889648 0.081974 0.017670
2 2 0.000880 0.013353 0.921493 0.041521 0.022754
2 2 0.000138 0.052373 0.828510 0.016396 0.102583
4 2 0.001103 0.093340 0.376063 0.002914 0.526580
2 2 0.000678 0.210040 0.497368 0.000626 0.291288
2 2 0.000228 0.136913 0.657955 0.007273 0.197631
2 2 0.000023 0.014668 0.928758 0.002681 0.053869
4 2 0.003219 0.047511 0.162907 0.000176 0.786188
2 2 0.000153 0.117814 0.623008 0.002410 0.256616
2 2 0.000018 0.018153 0.916418 0.004064 0.061347
2 2 0.000291 0.083288 0.671743 0.006006 0.238672
2 2 0.000190 0.059518 0.763760 0.011091 0.165441
2 2 0.000486 0.036031 0.677460 0.258535 0.027487
2 2 0.000640 0.051181 0.756351 0.032220 0.159608
2 2 0.000004 0.020847 0.933304 0.001975 0.043870
2 2 0.000250 0.125524 0.662986 0.007851 0.203389
2 2 0.000999 0.167260 0.574878 0.021528 0.235335
2 2 0.000366 0.108802 0.734459 0.017782 0.138591
2 2 0.000004 0.013307 0.958927 0.008611 0.019151
2 2 0.000084 0.040126 0.880440 0.053694 0.025657
2 2 0.000037 0.016203 0.976655 0.000425 0.006680
2 2 0.000004 0.001442 0.988646 0.002284 0.007625
2 2 0.000047 0.015844 0.975918 0.000354 0.007837
2 2 0.000007 0.025822 0.972908 0.000002 0.001262
2 2 0.000010 0.001508 0.993203 0.001185 0.004094
2 2 0.000007 0.000584 0.998843 0.000008 0.000559
2 2 0.000068 0.005373 0.990420 0.000669 0.003470
2 2 0.000130 0.023159 0.946521 0.000698 0.029491
2 2 0.000012 0.008013 0.973584 0.000357 0.018033
2 2 0.001728 0.014182 0.964585 0.001622 0.017883
2 2 0.000004 0.000337 0.999629 0.000003 0.000028
2 2 0.000033 0.000602 0.999186 0.000015 0.000164
2 2 0.000026 0.006656 0.992949 0.000003 0.000365
2 2 0.000000 0.000123 0.999866 0.000001 0.000009
2 2 0.000010 0.000271 0.999466 0.000133 0.000121
2 2 0.000001 0.000046 0.987849 0.012093 0.000011
2 2 0.000000 0.000062 0.651965 0.347968 0.000005
2 2 0.000017 0.000507 0.988019 0.011379 0.000077
2 2 0.000004 0.000132 0.978359 0.021460 0.000045
2 2 0.000000 0.000009 0.994300 0.005689 0.000002
2 2 0.000002 0.001089 0.998245 0.000330 0.000334
2 2 0.000001 0.000201 0.997236 0.002497 0.000065
2 2 0.001504 0.028658 0.891953 0.023481 0.054403
2 2 0.000326 0.001804 0.866411 0.130830 0.000629
2 2 0.000065 0.001951 0.772868 0.224275 0.000841
2 2 0.000014 0.007200 0.985550 0.003426 0.003810
2 2 0.000002 0.001034 0.970555 0.028333 0.000076
2 2 0.000001 0.000454 0.717011 0.282498 0.000036
3 3 0.000021 0.000833 0.306052 0.692361 0.000732
2 3 0.000191 0.002628 0.862858 0.133864 0.000459
3 3 0.003591 0.011673 0.201313 0.781379 0.002044
2 3 0.000110 0.013848 0.655176 0.325587 0.005278
2 3 0.000000 0.000035 0.789194 0.210770 0.000000
3 3 0.000000 0.000005 0.100640 0.899354 0.000000
3 3 0.000001 0.000032 0.039001 0.960964 0.000003
3 3 0.000000 0.000019 0.245071 0.754908 0.000002
3 3 0.000204 0.000733 0.036462 0.962304 0.000297
3 3 0.000000 0.000002 0.035574 0.964424 0.000000
3 3 0.000002 0.000445 0.340139 0.659194 0.000220
3 3 0.000002 0.000059 0.035819 0.964106 0.000014
3 3 0.000292 0.000461 0.018338 0.980765 0.000144
3 3 0.000002 0.000074 0.324525 0.675398 0.000001
3 3 0.001041 0.000380 0.257712 0.740638 0.000229
3 3 0.000002 0.000096 0.334370 0.665516 0.000016
3 3 0.000038 0.000093 0.035466 0.964325 0.000079
3 3 0.000001 0.000021 0.033857 0.966118 0.000004
3 3 0.003802 0.002000 0.020887 0.971934 0.001377
3 3 0.000091 0.000468 0.023816 0.975455 0.000170
3 3 0.000013 0.000130 0.025550 0.974282 0.000025
3 3 0.000000 0.000025 0.110994 0.888980 0.000001
3 3 0.000000 0.000005 0.020128 0.979866 0.000001
3 3 0.000008 0.000143 0.074715 0.925121 0.000013
3 3 0.000008 0.000372 0.127393 0.872069 0.000158
3 3 0.000828 0.004643 0.250698 0.737078 0.006753
3 3 0.000000 0.000000 0.014015 0.985985 0.000000
3 3 0.000003 0.000088 0.124891 0.875007 0.000010
3 3 0.000006 0.000125 0.333060 0.666793 0.000016
3 3 0.000114 0.000182 0.013594 0.986072 0.000039
3 3 0.000011 0.000046 0.024354 0.975562 0.000028
3 3 0.000003 0.000069 0.023439 0.976471 0.000017
3 3 0.000036 0.000535 0.080105 0.919246 0.000077
3 3 0.000357 0.003996 0.442808 0.552258 0.000582
3 3 0.000937 0.003357 0.056040 0.937960 0.001706
2 3 0.000007 0.000570 0.651997 0.347388 0.000038
3 3 0.000819 0.009821 0.259607 0.722022 0.007731
2 3 0.002648 0.010862 0.650743 0.332368 0.003379
2 3 0.000079 0.002278 0.601029 0.395754 0.000860
3 3 0.000022 0.000246 0.230246 0.769481 0.000005
2 3 0.000145 0.004825 0.842382 0.151865 0.000783
2 3 0.000022 0.001988 0.806908 0.191006 0.000076
3 3 0.000020 0.000458 0.212460 0.787008 0.000054
2 3 0.000025 0.001553 0.873865 0.124485 0.000072
3 3 0.000365 0.001066 0.157675 0.840766 0.000128
2 3 0.000441 0.000604 0.560361 0.438488 0.000106
3 3 0.000022 0.000316 0.405685 0.593725 0.000252
2 3 0.000012 0.000273 0.507219 0.492458 0.000039
2 3 0.001878 0.011211 0.745428 0.238206 0.003277
3 3 0.000768 0.002865 0.482544 0.513142 0.000681
2 3 0.000161 0.003656 0.753579 0.241898 0.000707
2 3 0.000458 0.006906 0.502044 0.488269 0.002323
2 3 0.000001 0.000058 0.776507 0.223397 0.000039
2 3 0.000206 0.001292 0.837829 0.158186 0.002487
3 3 0.003375 0.003970 0.170767 0.820822 0.001066
3 3 0.000115 0.003170 0.388438 0.608036 0.000240
3 2 0.000043 0.000213 0.148137 0.851604 0.000004
2 2 0.015692 0.166339 0.726991 0.074118 0.016860
2 2 0.000456 0.040427 0.628935 0.006415 0.323767
2 2 0.000354 0.007804 0.943397 0.005936 0.042509
2 2 0.001080 0.011393 0.797543 0.015652 0.174332
2 2 0.000735 0.009143 0.936702 0.002172 0.051247
2 2 0.000009 0.000613 0.958574 0.039480 0.001324
2 2 0.000000 0.000161 0.999253 0.000562 0.000023
2 2 0.000255 0.011790 0.986327 0.001050 0.000577
2 1 0.020722 0.004543 0.785757 0.184251 0.004726
2 1 0.004988 0.195946 0.791195 0.001342 0.006529
2 2 0.000140 0.111900 0.883142 0.000057 0.004761
2 2 0.000051 0.024346 0.967232 0.000071 0.008300
2 2 0.000513 0.047748 0.907431 0.000017 0.044291
2 2 0.000181 0.015824 0.928094 0.049307 0.006594
2 2 0.000284 0.014954 0.981739 0.000948 0.002076
2 2 0.000022 0.006785 0.986614 0.000093 0.006487
2 2 0.001452 0.002204 0.933305 0.062908 0.000131
0 1 0.669167 0.232091 0.084648 0.000055 0.014038
2 2 0.049584 0.348831 0.479693 0.000011 0.121880
2 2 0.000015 0.007323 0.988306 0.003964 0.000391
2 2 0.000080 0.003963 0.975899 0.019757 0.000302
2 2 0.001946 0.009941 0.976833 0.000078 0.011203
2 2 0.000332 0.014260 0.940777 0.010134 0.034497
2 2 0.000376 0.015446 0.938996 0.000864 0.044317
2 2 0.000118 0.011233 0.968439 0.000097 0.020113
2 2 0.000087 0.004341 0.983329 0.002855 0.009388
2 2 0.000052 0.002790 0.990717 0.001359 0.005082
2 2 0.001692 0.008381 0.777524 0.155824 0.056580
2 2 0.000059 0.002016 0.993811 0.002854 0.001260
2 2 0.000275 0.007690 0.971483 0.002319 0.018234
2 2 0.306216 0.019106 0.603667 0.000094 0.070917
2 2 0.000019 0.001819 0.877536 0.114422 0.006204
2 2 0.000777 0.008589 0.966123 0.002929 0.021582
2 2 0.000004 0.000630 0.995804 0.003253 0.000309
2 2 0.000001 0.000272 0.999211 0.000479 0.000037
2 2 0.017697 0.009348 0.824537 0.137808 0.010610
4 2 0.120120 0.085954 0.183249 0.000218 0.610460
2 2 0.000142 0.002531 0.983562 0.012107 0.001659
2 2 0.000153 0.002739 0.995639 0.001009 0.000460
2 2 0.000335 0.011731 0.975464 0.001884 0.010586
2 2 0.000049 0.001491 0.995438 0.002678 0.000344
2 2 0.002306 0.036278 0.925390 0.002349 0.033677
2 2 0.000172 0.005014 0.978263 0.015028 0.001524
2 2 0.000909 0.030753 0.952213 0.002256 0.013869
2 2 0.000278 0.008938 0.965094 0.021601 0.004088
2 2 0.000121 0.001253 0.989307 0.008310 0.001008
2 2 0.000046 0.002656 0.992252 0.003602 0.001443
2 2 0.000015 0.001060 0.993228 0.005155 0.000543
2 2 0.000040 0.000624 0.995075 0.003929 0.000333
2 2 0.000534 0.002667 0.899720 0.090408 0.006672
2 2 0.000000 0.000008 0.908931 0.091056 0.000005
2 2 0.001486 0.013702 0.944134 0.021019 0.019659
2 2 0.000739 0.007552 0.968100 0.010355 0.013254
2 2 0.000173 0.008625 0.894826 0.093656 0.002719
2 2 0.000632 0.012329 0.735728 0.218613 0.032698
2 2 0.000470 0.003140 0.980384 0.010270 0.005736
2 2 0.000040 0.001133 0.893204 0.103709 0.001913
2 2 0.000004 0.000164 0.983766 0.015441 0.000626
2 2 0.000000 0.000085 0.997538 0.002371 0.000005
2 2 0.000006 0.000961 0.971027 0.026510 0.001496
2 2 0.000061 0.003537 0.993496 0.001207 0.001699
2 2 0.000004 0.000177 0.844513 0.155284 0.000023
2 2 0.000006 0.001422 0.922662 0.075778 0.000132
2 2 0.001009 0.016888 0.767935 0.147172 0.066996
2 2 0.000475 0.001646 0.727684 0.261148 0.009047
2 2 0.000030 0.017477 0.982032 0.000000 0.000460
0 1 0.558907 0.346138 0.092975 0.000001 0.001979
1 2 0.166833 0.564522 0.157954 0.000003 0.110688
1 2 0.020349 0.652869 0.264063 0.000011 0.062708
4 2 0.042101 0.051010 0.023860 0.000422 0.882607
4 4 0.091634 0.039237 0.015635 0.001123 0.852370
4 4 0.104900 0.273568 0.102874 0.000019 0.518638
1 4 0.052361 0.437125 0.180863 0.000014 0.329637
4 4 0.025989 0.019714 0.009564 0.000082 0.944651
4 4 0.129931 0.009969 0.003357 0.000123 0.856620
4 4 0.054016 0.043045 0.018027 0.000010 0.884901
4 4 0.019095 0.022612 0.011314 0.000006 0.946973
4 4 0.009789 0.112530 0.096857 0.000069 0.780754
4 4 0.078592 0.078773 0.031414 0.000019 0.811201
4 4 0.072606 0.029368 0.020508 0.000001 0.877517
4 4 0.170410 0.161162 0.055783 0.000000 0.612646
0 4 0.650908 0.030302 0.012738 0.000190 0.305861
4 4 0.223689 0.014527 0.004258 0.000014 0.757513
4 4 0.032139 0.056114 0.027592 0.000220 0.883935
4 4 0.013514 0.046200 0.025630 0.000007 0.914649
0 4 0.506932 0.001489 0.001204 0.000081 0.490294
0 4 0.541957 0.000295 0.000096 0.000003 0.457649
4 4 0.009462 0.005283 0.002820 0.000003 0.982432
4 4 0.018389 0.002842 0.001277 0.000002 0.977490
4 4 0.115161 0.046869 0.016963 0.000025 0.820981
4 4 0.163035 0.162619 0.055237 0.000008 0.619101
4 4 0.075313 0.053394 0.021646 0.000083 0.849564
4 4 0.128515 0.017845 0.006251 0.000251 0.847137
4 4 0.283022 0.003941 0.002199 0.000082 0.710756
4 4 0.036807 0.000927 0.000335 0.000000 0.961930
4 4 0.085277 0.003976 0.001356 0.000010 0.909382
4 4 0.068397 0.015781 0.006241 0.000129 0.909451
4 4 0.020547 0.008948 0.004286 0.000015 0.966204
4 4 0.452189 0.000780 0.000442 0.000015 0.546573
4 4 0.118944 0.001981 0.001743 0.000011 0.877321
4 4 0.254348 0.002863 0.002046 0.000055 0.740687
4 4 0.016099 0.001049 0.000592 0.000000 0.982260
4 4 0.061715 0.002389 0.001804 0.000006 0.934086
0 4 0.653181 0.000774 0.000488 0.000053 0.345505
0 4 0.917939 0.000822 0.001059 0.002028 0.078151
4 4 0.058395 0.013180 0.005288 0.000061 0.923077
4 4 0.069380 0.005922 0.002062 0.000001 0.922636
