0 0 0.999992 0.000007 0.000001 0.000000 0.000000
0 0 0.886010 0.008727 0.003669 0.000002 0.101591
0 0 0.996096 0.001481 0.002053 0.000009 0.000360
0 0 0.961988 0.018363 0.011140 0.000200 0.008309
0 0 0.983121 0.007621 0.004886 0.000051 0.004321
0 0 0.998261 0.000793 0.000502 0.000000 0.000444
0 0 0.996397 0.001161 0.000894 0.000008 0.001540
0 0 0.982110 0.007191 0.004805 0.000108 0.005786
0 0 0.950137 0.026965 0.016150 0.000141 0.006607
0 0 0.965938 0.007259 0.011378 0.009048 0.006376
0 0 0.983334 0.007186 0.006803 0.000121 0.002556
0 0 0.907056 0.025155 0.064388 0.000769 0.002632
0 0 0.999434 0.000014 0.000100 0.000354 0.000097
0 0 0.925558 0.041045 0.032824 0.000006 0.000567
0 0 0.977219 0.009279 0.011300 0.000239 0.001962
0 0 0.994116 0.000867 0.000916 0.000001 0.004100
0 0 0.816613 0.002874 0.001832 0.000017 0.178664
0 0 0.831178 0.023053 0.002283 0.000009 0.143477
0 0 0.985515 0.004218 0.001551 0.000010 0.008706
0 0 0.976696 0.014769 0.003189 0.000000 0.005345
4 0 0.083930 0.014876 0.001444 0.000001 0.899749
4 0 0.013102 0.005117 0.001468 0.000000 0.980313
4 0 0.331739 0.000950 0.000754 0.000021 0.666536
4 0 0.141718 0.004333 0.002229 0.000032 0.851688
4 0 0.061189 0.006805 0.001728 0.000005 0.930273
4 0 0.286156 0.003526 0.001063 0.000017 0.709238
4 0 0.269693 0.008708 0.001995 0.000042 0.719563
4 0 0.013846 0.009754 0.002445 0.000002 0.973953
4 0 0.065724 0.003139 0.001494 0.000006 0.929637
4 0 0.086980 0.003917 0.003626 0.000060 0.905417
4 0 0.189798 0.023695 0.003015 0.000038 0.783453
4 0 0.047251 0.004319 0.001716 0.000005 0.946710
0 0 0.778955 0.063971 0.025317 0.000050 0.131707
0 0 0.835419 0.016053 0.008132 0.000001 0.140394
4 0 0.031657 0.030076 0.008926 0.000002 0.929338
4 0 0.370826 0.018340 0.007208 0.001007 0.602620
4 1 0.068549 0.025520 0.005814 0.000031 0.900087
4 1 0.184355 0.023731 0.004066 0.000011 0.787838
4 2 0.007935 0.006000 0.004918 0.000008 0.981139
4 2 0.098306 0.083178 0.014519 0.000369 0.803628
2 2 0.020402 0.168491 0.454280 0.029521 0.327306
4 2 0.217394 0.104258 0.253045 0.000527 0.424776
4 2 0.026480 0.227745 0.263955 0.000212 0.481607
2 2 0.027100 0.036356 0.928469 0.000482 0.007594
2 2 0.009218 0.307157 0.612791 0.000030 0.070804
2 2 0.230732 0.197577 0.316117 0.000037 0.255537
2 2 0.003288 0.055284 0.937883 0.000461 0.003083
4 2 0.288605 0.052928 0.029325 0.000025 0.629117
2 2 0.009357 0.092425 0.893889 0.000322 0.004007
2 2 0.000001 0.004655 0.995284 0.000004 0.000056
1 2 0.008341 0.390847 0.306923 0.000000 0.293888
2 2 0.225565 0.036757 0.652385 0.012726 0.072567
2 2 0.003236 0.035621 0.960837 0.000003 0.000303
2 2 0.002833 0.003067 0.993994 0.000022 0.000084
2 2 0.000043 0.000484 0.999459 0.000003 0.000012
2 2 0.000011 0.000121 0.999775 0.000083 0.000010
2 2 0.000000 0.000002 0.999868 0.000130 0.000000
2 2 0.000000 0.000001 0.999313 0.000685 0.000000
2 2 0.029328 0.054793 0.494590 0.057160 0.364129
2 2 0.001832 0.036105 0.958407 0.000465 0.003192
2 2 0.001440 0.010532 0.974902 0.000002 0.013124
2 1 0.000002 0.004806 0.995077 0.000000 0.000115
2 2 0.000161 0.057950 0.937688 0.000451 0.003749
2 2 0.000159 0.047284 0.952292 0.000021 0.000243
2 2 0.008230 0.005370 0.983513 0.000175 0.002713
2 2 0.000119 0.000171 0.999206 0.000491 0.000013
2 2 0.000003 0.000110 0.998692 0.001187 0.000008
2 2 0.000012 0.000307 0.941690 0.057988 0.000003
2 2 0.000142 0.009695 0.987626 0.000428 0.002109
2 2 0.000008 0.000057 0.998971 0.000950 0.000014
2 2 0.000000 0.000002 0.999118 0.000880 0.000000
2 2 0.000000 0.000003 0.991179 0.008818 0.000000
2 2 0.000000 0.000000 0.998329 0.001671 0.000000
2 2 0.000000 0.000001 0.997031 0.002969 0.000000
2 3 0.000000 0.000002 0.911156 0.088842 0.000000
2 3 0.000000 0.000003 0.938162 0.061836 0.000000
2 3 0.000108 0.000354 0.812619 0.186914 0.000004
2 3 0.000001 0.000032 0.916106 0.083861 0.000000
2 3 0.000004 0.000165 0.898247 0.101572 0.000012
2 3 0.000000 0.000003 0.983292 0.016705 0.000000
3 3 0.000002 0.000014 0.156497 0.843485 0.000002
2 3 0.000008 0.000066 0.582161 0.417765 0.000001
3 3 0.000000 0.000005 0.338189 0.661806 0.000000
3 3 0.000000 0.000005 0.052846 0.947147 0.000001
3 3 0.000000 0.000001 0.036171 0.963828 0.000000
2 3 0.000000 0.000006 0.629889 0.370105 0.000000
3 3 0.000000 0.000016 0.294219 0.705764 0.000000
2 3 0.000004 0.000462 0.919573 0.079953 0.000008
2 3 0.000299 0.008445 0.786477 0.201925 0.002854
2 3 0.001203 0.020630 0.961193 0.007978 0.008996
2 3 0.000678 0.012437 0.967879 0.011711 0.007295
2 3 0.000000 0.000009 0.999777 0.000213 0.000000
2 3 0.000003 0.000270 0.870574 0.129113 0.000040
2 3 0.000003 0.000199 0.931553 0.068210 0.000036
2 3 0.000004 0.000040 0.840536 0.159418 0.000001
2 3 0.000016 0.000240 0.830057 0.169680 0.000008
2 3 0.000000 0.000006 0.967145 0.032848 0.000000
2 3 0.000466 0.000231 0.607319 0.391976 0.000008
3 3 0.000617 0.000411 0.405989 0.592965 0.000017
2 3 0.000003 0.000115 0.724381 0.275489 0.000013
3 3 0.000000 0.000002 0.080478 0.919519 0.000000
3 3 0.000227 0.000316 0.119223 0.880095 0.000138
2 3 0.000186 0.000267 0.655405 0.344132 0.000010
3 3 0.000002 0.000051 0.233552 0.766392 0.000003
2 3 0.000000 0.000024 0.664415 0.335560 0.000001
3 3 0.000000 0.000026 0.105993 0.893977 0.000003
3 3 0.000011 0.000023 0.047771 0.952193 0.000003
3 3 0.000000 0.000000 0.007334 0.992666 0.000000
3 3 0.000607 0.000507 0.030729 0.967887 0.000270
3 3 0.000371 0.008939 0.213337 0.771127 0.006226
2 2 0.000003 0.000279 0.996125 0.003572 0.000021
2 2 0.000008 0.002479 0.983466 0.013816 0.000231
2 2 0.000000 0.000036 0.983440 0.016519 0.000005
2 2 0.000000 0.000049 0.997646 0.002304 0.000001
2 2 0.000000 0.000173 0.988211 0.011606 0.000009
2 2 0.000001 0.001231 0.998537 0.000060 0.000171
2 2 0.000003 0.000216 0.997113 0.002661 0.000006
2 2 0.000016 0.000135 0.999671 0.000165 0.000014
2 2 0.003794 0.038565 0.951768 0.001607 0.004266
2 2 0.000012 0.000776 0.990469 0.008737 0.000007
2 2 0.000000 0.000027 0.999930 0.000041 0.000001
2 2 0.000203 0.051176 0.946225 0.000444 0.001952
2 2 0.000317 0.043389 0.925672 0.000241 0.030381
2 2 0.000006 0.002835 0.996729 0.000322 0.000107
2 2 0.000000 0.000024 0.999414 0.000562 0.000000
2 2 0.000008 0.002718 0.997232 0.000005 0.000037
4 2 0.120010 0.117840 0.135869 0.002452 0.623829
2 2 0.000259 0.023638 0.964344 0.001576 0.010183
2 2 0.000006 0.001183 0.985121 0.013644 0.000046
2 2 0.000001 0.002669 0.997189 0.000015 0.000127
2 2 0.000000 0.000083 0.999905 0.000011 0.000001
2 2 0.000002 0.000423 0.999556 0.000011 0.000008
2 2 0.000000 0.000085 0.997809 0.002101 0.000006
2 2 0.000001 0.000111 0.999493 0.000390 0.000005
2 2 0.000000 0.000016 0.997481 0.002502 0.000001
2 2 0.000000 0.000504 0.995792 0.003684 0.000020
2 2 0.000000 0.000077 0.994507 0.005408 0.000008
2 2 0.007419 0.014079 0.818204 0.158874 0.001423
2 2 0.000023 0.001819 0.985330 0.012615 0.000213
2 2 0.000009 0.000562 0.998014 0.001404 0.000011
2 2 0.000000 0.000082 0.999509 0.000407 0.000002
2 2 0.000015 0.000664 0.999240 0.000033 0.000047
2 2 0.003514 0.063859 0.923436 0.000999 0.008192
2 2 0.000274 0.002611 0.996597 0.000255 0.000264
2 2 0.000000 0.000211 0.993680 0.005920 0.000189
2 2 0.000002 0.000082 0.980174 0.019713 0.000030
2 2 0.000020 0.002601 0.977730 0.019161 0.000488
2 2 0.000001 0.000140 0.998967 0.000835 0.000057
2 2 0.011130 0.066005 0.892732 0.006317 0.023815
2 2 0.000025 0.002217 0.997382 0.000311 0.000065
2 2 0.000000 0.000085 0.999365 0.000548 0.000001
2 2 0.000000 0.000045 0.999415 0.000538 0.000002
2 2 0.000000 0.000138 0.862046 0.137804 0.000011
2 2 0.000000 0.000039 0.990131 0.009828 0.000002
2 2 0.000000 0.000013 0.999889 0.000098 0.000000
2 2 0.000002 0.000064 0.999866 0.000067 0.000001
2 2 0.000005 0.000186 0.997459 0.002341 0.000010
2 2 0.000001 0.000044 0.999884 0.000070 0.000001
2 2 0.000000 0.000415 0.999308 0.000240 0.000036
2 2 0.000003 0.000647 0.999065 0.000222 0.000064
3 2 0.000000 0.000004 0.430248 0.569748 0.000000
3 2 0.000000 0.000001 0.154204 0.845795 0.000000
2 2 0.000002 0.000054 0.817339 0.182601 0.000004
2 2 0.000032 0.000367 0.957503 0.042059 0.000039
2 2 0.000059 0.001102 0.910244 0.088545 0.000049
2 2 0.000001 0.000028 0.967979 0.031992 0.000000
2 2 0.000000 0.000003 0.994495 0.005503 0.000000
2 3 0.000004 0.000048 0.891116 0.108829 0.000002
2 3 0.000000 0.000078 0.753145 0.246775 0.000002
3 3 0.000001 0.000019 0.227219 0.772760 0.000001
3 3 0.000001 0.000060 0.333364 0.666568 0.000007
2 3 0.000003 0.000184 0.654221 0.345589 0.000002
3 3 0.000021 0.000026 0.045959 0.953970 0.000023
3 3 0.001241 0.000363 0.041106 0.957147 0.000144
3 3 0.000518 0.004463 0.252665 0.741649 0.000706
3 3 0.000004 0.000251 0.178849 0.820841 0.000055
3 3 0.000006 0.000010 0.021266 0.978716 0.000002
3 3 0.000002 0.000017 0.010238 0.989738 0.000006
3 3 0.000025 0.000029 0.004324 0.995593 0.000029
3 3 0.000000 0.000001 0.003533 0.996465 0.000000
3 3 0.000003 0.000072 0.471911 0.528011 0.000003
3 3 0.000000 0.000013 0.069928 0.930055 0.000004
3 3 0.000005 0.000012 0.007369 0.992590 0.000024
3 3 0.000037 0.000229 0.037655 0.961711 0.000367
3 3 0.000002 0.000004 0.014917 0.985077 0.000001
3 3 0.000463 0.000436 0.118155 0.880883 0.000063
3 3 0.000002 0.000139 0.428197 0.571659 0.000002
3 3 0.000147 0.002030 0.237810 0.759775 0.000237
3 3 0.000399 0.000121 0.052170 0.947284 0.000027
3 3 0.000019 0.000081 0.250021 0.749872 0.000006
3 3 0.000052 0.000038 0.016230 0.983654 0.000026
3 3 0.000263 0.000057 0.009459 0.990167 0.000054
3 3 0.000433 0.000048 0.003752 0.995668 0.000100
3 3 0.000055 0.000225 0.015260 0.984311 0.000149
3 3 0.000003 0.000022 0.017193 0.982739 0.000043
3 3 0.000065 0.000942 0.059469 0.939166 0.000358
3 3 0.000001 0.000001 0.003583 0.996414 0.000001
3 3 0.000159 0.000177 0.010692 0.988821 0.000152
3 3 0.000111 0.000149 0.026835 0.972809 0.000095
3 3 0.000254 0.001369 0.072700 0.925313 0.000364
3 3 0.000002 0.000016 0.033363 0.966617 0.000002
3 3 0.000001 0.000002 0.003481 0.996515 0.000001
3 3 0.000000 0.000001 0.026510 0.973488 0.000000
3 3 0.000001 0.000011 0.033818 0.966169 0.000002
3 3 0.000006 0.000013 0.009036 0.990940 0.000005
3 3 0.000016 0.000091 0.011248 0.988596 0.000050
3 3 0.000000 0.000001 0.001783 0.998215 0.000001
3 3 0.000006 0.000054 0.042480 0.957411 0.000050
3 3 0.000038 0.000104 0.015892 0.983862 0.000104
3 3 0.000034 0.000084 0.015661 0.984183 0.000038
3 3 0.000012 0.000166 0.292147 0.707366 0.000309
3 3 0.000001 0.000072 0.171327 0.828593 0.000008
3 3 0.000084 0.000070 0.021693 0.978063 0.000089
3 3 0.000010 0.000019 0.035745 0.964223 0.000003
3 3 0.000002 0.000012 0.015685 0.984295 0.000006
3 3 0.000003 0.000020 0.006512 0.993454 0.000011
3 3 0.000004 0.000055 0.026404 0.973490 0.000047
3 3 0.000002 0.000060 0.016641 0.983280 0.000017
3 3 0.000000 0.000019 0.109730 0.890249 0.000001
3 3 0.000000 0.000070 0.211289 0.788638 0.000002
3 3 0.000060 0.000178 0.013007 0.986616 0.000139
3 3 0.000000 0.000021 0.047687 0.952283 0.000009
3 3 0.000146 0.000671 0.065530 0.933489 0.000165
3 3 0.000001 0.000005 0.021606 0.978378 0.000010
3 3 0.000004 0.000011 0.012092 0.987890 0.000003
3 3 0.000006 0.000029 0.007086 0.992860 0.000019
3 3 0.000023 0.000409 0.161461 0.838076 0.000031
3 3 0.000000 0.000002 0.016707 0.983290 0.000000
3 3 0.000007 0.000368 0.149941 0.849645 0.000039
3 3 0.000028 0.000199 0.037025 0.962679 0.000069
3 3 0.000006 0.000089 0.023448 0.976414 0.000043
3 3 0.000002 0.000037 0.011673 0.988276 0.000013
3 3 0.000053 0.000015 0.004760 0.995160 0.000013
3 3 0.000001 0.000002 0.006545 0.993450 0.000001
3 3 0.000000 0.000001 0.005186 0.994813 0.000000
3 3 0.000000 0.000007 0.020855 0.979137 0.000001
3 3 0.000017 0.000045 0.048649 0.951282 0.000006
3 3 0.000000 0.000002 0.010637 0.989361 0.000001
3 3 0.000047 0.001044 0.348143 0.650718 0.000048
3 3 0.000011 0.000028 0.005408 0.994532 0.000021
3 3 0.000001 0.000010 0.012487 0.987494 0.000008
3 3 0.000003 0.000007 0.023000 0.976961 0.000029
3 3 0.000019 0.000064 0.044886 0.955020 0.000010
3 3 0.000001 0.000002 0.008692 0.991304 0.000001
3 3 0.000000 0.000001 0.011501 0.988498 0.000000
3 3 0.000000 0.000000 0.003385 0.996612 0.000002
3 3 0.000294 0.000675 0.087199 0.911690 0.000142
3 3 0.000097 0.000478 0.119378 0.879600 0.000447
3 3 0.000001 0.000003 0.003231 0.996762 0.000003
3 3 0.000010 0.000009 0.006726 0.993250 0.000004
3 3 0.000000 0.000001 0.022207 0.977790 0.000001
3 3 0.000001 0.000005 0.004056 0.995934 0.000004
2 3 0.003102 0.018595 0.539451 0.437458 0.001394
3 3 0.001425 0.002836 0.349338 0.646166 0.000234
2 3 0.001057 0.099208 0.850076 0.045476 0.004182
2 3 0.000946 0.033265 0.720304 0.244064 0.001421
0 2 0.884985 0.076055 0.024708 0.000050 0.014201
0 2 0.976204 0.003193 0.020446 0.000026 0.000131
0 2 0.538758 0.231443 0.034425 0.000540 0.194834
0 1 0.664616 0.119680 0.026983 0.000197 0.188524
1 0 0.308837 0.455904 0.097310 0.000956 0.136993
0 0 0.722055 0.020043 0.001848 0.000018 0.256036
0 1 0.699991 0.172545 0.031185 0.000222 0.096058
0 0 0.943829 0.015744 0.003743 0.000035 0.036649
0 0 0.813908 0.022053 0.009891 0.002614 0.151534
0 1 0.691506 0.042157 0.013241 0.000020 0.253076
1 1 0.157891 0.401640 0.119158 0.000167 0.321144
2 2 0.000903 0.042879 0.944862 0.009311 0.002044
2 2 0.000000 0.000371 0.999597 0.000013 0.000019
2 2 0.001133 0.078454 0.910360 0.000121 0.009932
2 2 0.000001 0.000171 0.994258 0.005569 0.000002
2 2 0.000001 0.000639 0.999125 0.000198 0.000037
2 2 0.000014 0.005687 0.993554 0.000465 0.000280
2 2 0.000002 0.000854 0.994653 0.004443 0.000048
1 2 0.118126 0.450501 0.107024 0.000161 0.324190
2 2 0.001394 0.188348 0.749825 0.000028 0.060405
2 2 0.000970 0.007323 0.984025 0.003414 0.004268
2 2 0.000000 0.000770 0.998997 0.000214 0.000019
2 2 0.000000 0.000045 0.995808 0.004145 0.000002
2 2 0.000000 0.000223 0.999606 0.000039 0.000132
2 2 0.000000 0.000064 0.983079 0.016855 0.000003
2 2 0.000051 0.004361 0.993060 0.000644 0.001884
2 2 0.000971 0.056902 0.941020 0.000036 0.001070
2 2 0.001619 0.028914 0.966788 0.000021 0.002657
2 2 0.010663 0.069419 0.867852 0.015503 0.036563
2 2 0.000605 0.004176 0.980498 0.002915 0.011807
2 2 0.000004 0.000990 0.997557 0.001351 0.000098
2 2 0.000000 0.000909 0.998792 0.000131 0.000168
2 2 0.000019 0.006183 0.992094 0.000892 0.000812
2 2 0.034447 0.034189 0.874808 0.001491 0.055064
2 2 0.001763 0.022472 0.922077 0.013564 0.040124
2 2 0.004625 0.010906 0.956722 0.018342 0.009405
2 2 0.000178 0.013863 0.928654 0.000044 0.057261
4 2 0.000633 0.045154 0.164283 0.000161 0.789769
4 2 0.021036 0.015500 0.027714 0.000087 0.935663
4 4 0.047521 0.089860 0.035517 0.000107 0.826996
4 4 0.025181 0.016943 0.012833 0.000139 0.944904
4 4 0.048604 0.102678 0.123204 0.000050 0.725464
2 4 0.014611 0.030619 0.789640 0.010071 0.155059
4 4 0.003023 0.112803 0.100833 0.000008 0.783334
4 2 0.008172 0.079415 0.108254 0.000002 0.804157
4 2 0.022143 0.062966 0.010902 0.000004 0.903986
4 4 0.102180 0.048402 0.005505 0.000003 0.843910
4 4 0.007776 0.053102 0.012026 0.000002 0.927094
4 4 0.014951 0.069768 0.032396 0.000057 0.882828
4 4 0.003295 0.052397 0.027043 0.000062 0.917204
2 4 0.002593 0.210127 0.724547 0.000864 0.061870
2 4 0.002562 0.229610 0.683306 0.000150 0.084371
4 4 0.018943 0.122884 0.384278 0.000092 0.473802
4 4 0.000701 0.074986 0.209977 0.000056 0.714281
4 4 0.002413 0.013899 0.018919 0.000016 0.964754
2 2 0.000204 0.052679 0.927570 0.000003 0.019543
2 2 0.001081 0.086402 0.854986 0.000007 0.057525
2 2 0.000576 0.092113 0.893296 0.000124 0.013891
2 2 0.000002 0.000200 0.999748 0.000016 0.000034
2 2 0.000002 0.000741 0.998025 0.000214 0.001018
2 2 0.000002 0.000093 0.999811 0.000000 0.000094
2 2 0.000002 0.000403 0.999326 0.000001 0.000269
2 2 0.000119 0.000960 0.998689 0.000034 0.000198
2 2 0.001635 0.002612 0.985292 0.000027 0.010435
2 2 0.000049 0.005593 0.984575 0.000045 0.009738
2 2 0.000135 0.002345 0.995236 0.000005 0.002278
2 2 0.000059 0.017766 0.979888 0.001066 0.001221
2 2 0.000019 0.013963 0.984287 0.000163 0.001568
2 2 0.000003 0.000852 0.998983 0.000006 0.000156
2 2 0.000294 0.004791 0.993792 0.000027 0.001096
2 2 0.043274 0.048351 0.868394 0.000030 0.039951
2 1 0.000003 0.002392 0.995308 0.002182 0.000115
1 2 0.047893 0.520413 0.373003 0.000017 0.058673
2 2 0.003839 0.022408 0.964310 0.000005 0.009438
2 2 0.000980 0.004123 0.994484 0.000025 0.000388
2 2 0.000146 0.027232 0.972185 0.000000 0.000437
2 2 0.000022 0.003383 0.995948 0.000004 0.000644
2 2 0.000220 0.000913 0.997096 0.000006 0.001765
2 2 0.000309 0.000778 0.998528 0.000254 0.000132
2 2 0.001318 0.009366 0.986750 0.000701 0.001864
2 2 0.000000 0.000039 0.999926 0.000033 0.000001
2 2 0.000021 0.000038 0.999034 0.000906 0.000001
2 2 0.000039 0.000585 0.980988 0.017225 0.001163
2 2 0.000000 0.000026 0.999931 0.000042 0.000001
2 2 0.000005 0.002187 0.996953 0.000790 0.000066
2 2 0.000665 0.001735 0.997146 0.000030 0.000425
2 2 0.004502 0.016295 0.976759 0.000007 0.002437
2 2 0.000558 0.010745 0.978523 0.009489 0.000686
0 2 0.945071 0.007838 0.046565 0.000000 0.000526
1 1 0.035026 0.661255 0.293494 0.000007 0.010218
2 1 0.006697 0.008533 0.956078 0.024601 0.004091
2 2 0.000004 0.000701 0.995179 0.003500 0.000616
2 2 0.013799 0.026904 0.958286 0.000146 0.000864
2 2 0.000025 0.000262 0.997846 0.001832 0.000035
2 2 0.000002 0.000123 0.999604 0.000266 0.000005
2 2 0.000009 0.001041 0.997627 0.001174 0.000148
2 2 0.000000 0.000007 0.999969 0.000025 0.000000
2 2 0.000000 0.000099 0.997994 0.001904 0.000002
2 2 0.000138 0.001664 0.997919 0.000006 0.000273
2 2 0.000024 0.013101 0.986319 0.000002 0.000553
2 2 0.000000 0.000024 0.999717 0.000258 0.000001
2 2 0.000000 0.000031 0.999907 0.000062 0.000000
2 2 0.000000 0.000024 0.999851 0.000124 0.000001
2 2 0.000000 0.000000 0.999595 0.000405 0.000000
2 2 0.000001 0.000018 0.998967 0.000994 0.000021
2 2 0.000000 0.000001 0.999811 0.000188 0.000000
2 2 0.001213 0.001660 0.995674 0.000005 0.001449
2 2 0.000138 0.001430 0.998119 0.000075 0.000238
2 2 0.000129 0.004542 0.988079 0.001557 0.005693
2 2 0.000006 0.000172 0.999757 0.000008 0.000057
2 2 0.000000 0.000023 0.999277 0.000695 0.000005
2 2 0.000004 0.000143 0.999808 0.000016 0.000029
2 2 0.000000 0.000043 0.999314 0.000641 0.000001
2 2 0.000001 0.000056 0.999937 0.000001 0.000005
2 2 0.000002 0.000104 0.999032 0.000860 0.000002
2 2 0.000000 0.000027 0.999966 0.000003 0.000004
2 2 0.000001 0.000205 0.999778 0.000013 0.000004
2 2 0.000001 0.000086 0.999896 0.000007 0.000011
2 2 0.000000 0.000001 0.999927 0.000072 0.000000
2 2 0.000000 0.000001 0.976128 0.023871 0.000000
2 2 0.000000 0.000001 0.999475 0.000524 0.000000
2 2 0.000000 0.000001 0.999572 0.000426 0.000000
2 2 0.000000 0.000214 0.854827 0.144935 0.000023
2 2 0.000000 0.000006 0.985101 0.014894 0.000000
2 2 0.000000 0.000021 0.987323 0.012655 0.000001
2 2 0.000000 0.000002 0.998969 0.001028 0.000000
2 2 0.000000 0.000014 0.999730 0.000256 0.000000
2 2 0.000000 0.000057 0.998921 0.001018 0.000004
2 2 0.000000 0.000020 0.863802 0.136176 0.000001
2 2 0.000000 0.000162 0.988585 0.011251 0.000002
2 2 0.000000 0.000016 0.996276 0.003708 0.000000
2 2 0.000000 0.000018 0.996116 0.003866 0.000000
2 2 0.000000 0.000017 0.977770 0.022211 0.000002
2 2 0.000000 0.000010 0.995415 0.004575 0.000000
2 2 0.000000 0.000009 0.897273 0.102718 0.000000
3 2 0.000000 0.000010 0.462495 0.537492 0.000003
2 2 0.000000 0.000004 0.942951 0.057045 0.000000
2 2 0.000000 0.000001 0.994602 0.005397 0.000000
2 2 0.000000 0.000002 0.977758 0.022240 0.000000
2 2 0.000000 0.000021 0.980017 0.019961 0.000001
2 3 0.000002 0.000705 0.538344 0.460860 0.000089
2 3 0.000000 0.000043 0.855596 0.144357 0.000004
2 3 0.000000 0.000002 0.968440 0.031557 0.000000
3 3 0.000002 0.000013 0.321261 0.678717 0.000006
2 3 0.000000 0.000015 0.638277 0.361706 0.000001
2 3 0.000000 0.000010 0.913089 0.086900 0.000001
2 3 0.000000 0.000009 0.914333 0.085658 0.000000
2 3 0.000000 0.000114 0.997904 0.001980 0.000001
2 3 0.000000 0.000020 0.864624 0.135355 0.000001
2 3 0.000000 0.000053 0.976702 0.023244 0.000000
3 3 0.000000 0.000015 0.245626 0.754359 0.000001
3 3 0.000000 0.000061 0.135880 0.864051 0.000008
2 3 0.000000 0.000009 0.990956 0.009035 0.000000
2 3 0.000000 0.000018 0.994659 0.005323 0.000000
2 3 0.000000 0.000014 0.824592 0.175393 0.000001
2 3 0.000001 0.000139 0.945638 0.054208 0.000015
2 3 0.000053 0.016622 0.853742 0.129307 0.000277
2 3 0.000105 0.036981 0.934310 0.024928 0.003676
2 3 0.000001 0.000660 0.998943 0.000374 0.000022
2 2 0.000005 0.011406 0.988220 0.000101 0.000268
2 2 0.000000 0.000002 0.997075 0.002923 0.000000
2 2 0.000000 0.000011 0.999845 0.000144 0.000001
0 2 0.448234 0.254980 0.236214 0.000211 0.060361
0 1 0.940707 0.002560 0.003969 0.000001 0.052763
4 2 0.092075 0.268701 0.228232 0.000046 0.410945
2 2 0.006582 0.239577 0.752488 0.000006 0.001347
2 2 0.006933 0.050831 0.933111 0.000018 0.009107
2 2 0.000654 0.028351 0.963580 0.000606 0.006809
2 2 0.000020 0.000886 0.997880 0.001119 0.000096
2 2 0.000838 0.003018 0.993839 0.000748 0.001557
2 2 0.000016 0.000333 0.999542 0.000093 0.000016
2 2 0.000000 0.000027 0.999965 0.000007 0.000001
2 2 0.000065 0.012768 0.982056 0.003517 0.001593
2 2 0.000043 0.004073 0.994420 0.000005 0.001459
2 2 0.000000 0.000018 0.995954 0.004027 0.000001
2 2 0.000382 0.008542 0.974111 0.014088 0.002878
2 2 0.000000 0.000013 0.999959 0.000028 0.000000
2 2 0.000006 0.000326 0.999663 0.000004 0.000001
2 2 0.000237 0.012357 0.985304 0.000310 0.001791
2 2 0.000836 0.005972 0.991552 0.000360 0.001280
2 2 0.000000 0.000050 0.999739 0.000199 0.000012
2 2 0.000000 0.000036 0.999589 0.000370 0.000006
2 2 0.000019 0.012319 0.986101 0.000043 0.001517
2 2 0.000033 0.029168 0.969966 0.000015 0.000819
2 2 0.000000 0.000080 0.999914 0.000003 0.000003
2 2 0.000000 0.000062 0.999310 0.000621 0.000006
2 2 0.000000 0.000136 0.999821 0.000022 0.000021
2 2 0.000283 0.012512 0.985813 0.000012 0.001380
2 2 0.000782 0.001143 0.997784 0.000197 0.000094
2 2 0.000001 0.000057 0.999619 0.000314 0.000008
2 2 0.000286 0.009917 0.988225 0.000913 0.000659
2 2 0.000125 0.002013 0.996942 0.000676 0.000245
2 2 0.000004 0.000591 0.998550 0.000241 0.000613
2 2 0.000004 0.000662 0.998962 0.000199 0.000172
2 2 0.000000 0.000015 0.999972 0.000011 0.000001
2 2 0.000000 0.000038 0.999770 0.000191 0.000000
2 2 0.000010 0.000252 0.999719 0.000003 0.000017
2 2 0.000018 0.000292 0.998352 0.001302 0.000037
2 2 0.000000 0.000022 0.999719 0.000258 0.000000
2 2 0.000001 0.000050 0.999743 0.000198 0.000008
2 2 0.000001 0.000007 0.999051 0.000941 0.000000
2 2 0.000000 0.000062 0.999933 0.000002 0.000002
2 2 0.000001 0.000276 0.962158 0.037563 0.000002
2 2 0.000002 0.000062 0.983900 0.016033 0.000004
2 2 0.000001 0.000007 0.999365 0.000627 0.000000
2 2 0.000000 0.000023 0.982468 0.017508 0.000001
2 2 0.000000 0.000072 0.999877 0.000035 0.000016
2 2 0.000000 0.000043 0.999802 0.000152 0.000003
2 2 0.015561 0.033650 0.949651 0.000161 0.000977
2 2 0.000001 0.000439 0.999425 0.000127 0.000007
2 2 0.000017 0.000319 0.999620 0.000033 0.000012
2 2 0.000055 0.000545 0.999352 0.000033 0.000015
2 2 0.000879 0.002294 0.991425 0.002043 0.003359
2 2 0.000038 0.000616 0.997931 0.001238 0.000177
2 2 0.000000 0.000079 0.813702 0.186215 0.000005
2 2 0.000000 0.000014 0.985111 0.014874 0.000000
2 2 0.000000 0.000039 0.999911 0.000049 0.000001
2 2 0.000053 0.000599 0.998154 0.001112 0.000082
2 2 0.000000 0.000003 0.999832 0.000166 0.000000
2 2 0.000016 0.000073 0.999889 0.000013 0.000009
2 2 0.000002 0.000081 0.993327 0.006589 0.000002
2 2 0.000000 0.000053 0.909931 0.090013 0.000002
2 2 0.000044 0.004378 0.977691 0.017809 0.000078
2 2 0.000006 0.000248 0.999585 0.000155 0.000005
2 2 0.003486 0.007416 0.984940 0.003581 0.000577
2 1 0.000138 0.054755 0.944492 0.000139 0.000477
2 2 0.015348 0.030337 0.934174 0.019201 0.000941
2 2 0.002355 0.018848 0.977833 0.000396 0.000568
2 2 0.000887 0.006227 0.992775 0.000021 0.000090
2 2 0.000180 0.001511 0.998221 0.000079 0.000009
2 2 0.001606 0.019702 0.940426 0.037711 0.000555
2 2 0.001472 0.007906 0.989161 0.001267 0.000194
2 2 0.000003 0.000825 0.999037 0.000077 0.000058
2 2 0.000049 0.000307 0.999546 0.000059 0.000038
2 2 0.004336 0.233003 0.656366 0.000851 0.105445
2 2 0.003437 0.068649 0.906571 0.016600 0.004742
0 2 0.878484 0.014198 0.006065 0.000298 0.100955
2 2 0.008876 0.340761 0.622363 0.000043 0.027956
2 2 0.120651 0.163587 0.633152 0.007002 0.075607
2 2 0.000087 0.025162 0.974485 0.000003 0.000262
2 2 0.000001 0.000262 0.999631 0.000088 0.000018
2 2 0.000000 0.000043 0.999917 0.000039 0.000001
2 2 0.000000 0.000096 0.999848 0.000055 0.000001
2 2 0.000073 0.025701 0.964388 0.000048 0.009790
2 2 0.000000 0.000014 0.999729 0.000256 0.000000
2 2 0.000000 0.000002 0.996348 0.003650 0.000000
2 2 0.000003 0.000099 0.999452 0.000445 0.000002
2 2 0.001379 0.000423 0.997830 0.000334 0.000035
2 2 0.000005 0.001207 0.998650 0.000000 0.000138
2 2 0.000035 0.003415 0.995889 0.000003 0.000659
2 2 0.003253 0.215670 0.773220 0.000469 0.007387
2 2 0.000221 0.004656 0.994655 0.000014 0.000453
2 2 0.000002 0.000080 0.999877 0.000040 0.000001
2 2 0.000013 0.000775 0.991479 0.007729 0.000003
0 1 0.496445 0.386302 0.039760 0.000000 0.077493
0 1 0.503487 0.089544 0.010152 0.000001 0.396816
2 2 0.000910 0.039789 0.952162 0.001984 0.005155
2 2 0.001412 0.029100 0.968732 0.000076 0.000681
2 2 0.000004 0.000646 0.998997 0.000346 0.000008
2 2 0.000566 0.013580 0.985641 0.000153 0.000059
2 2 0.001155 0.011767 0.983266 0.000686 0.003126
2 2 0.000009 0.014317 0.985109 0.000073 0.000493
2 2 0.000000 0.000005 0.999991 0.000004 0.000000
2 2 0.000000 0.000254 0.999739 0.000006 0.000001
2 2 0.000447 0.008011 0.990708 0.000668 0.000165
2 2 0.000001 0.000007 0.996921 0.003070 0.000001
2 2 0.000000 0.000023 0.998402 0.001574 0.000002
2 2 0.000001 0.000093 0.999711 0.000180 0.000014
2 2 0.000000 0.000003 0.999981 0.000016 0.000000
2 2 0.000000 0.000019 0.999967 0.000014 0.000000
2 2 0.000222 0.008737 0.952214 0.036397 0.002431
2 2 0.000016 0.009414 0.982223 0.007727 0.000620
2 2 0.000000 0.000004 0.999969 0.000028 0.000000
2 2 0.000002 0.000158 0.999639 0.000200 0.000001
2 2 0.022557 0.038983 0.911087 0.002713 0.024660
2 2 0.002373 0.171304 0.815023 0.006644 0.004656
2 2 0.003736 0.003699 0.978155 0.012867 0.001544
2 2 0.000002 0.000125 0.999826 0.000044 0.000002
2 2 0.086919 0.057708 0.661667 0.182657 0.011049
2 2 0.000676 0.016799 0.979222 0.000039 0.003265
2 2 0.000000 0.000326 0.999655 0.000017 0.000001
2 2 0.000006 0.000335 0.999590 0.000067 0.000002
2 2 0.000055 0.010375 0.669507 0.319577 0.000485
2 2 0.000000 0.000033 0.999812 0.000154 0.000000
2 2 0.000000 0.000013 0.999977 0.000008 0.000002
2 2 0.000000 0.000004 0.999908 0.000088 0.000000
2 2 0.000689 0.025090 0.974038 0.000014 0.000169
2 0 0.026425 0.108569 0.845027 0.018066 0.001914
0 0 0.956792 0.023449 0.005833 0.000007 0.013919
0 0 0.970253 0.027405 0.002037 0.000000 0.000305
0 0 0.981946 0.004688 0.002472 0.000000 0.010893
0 0 0.476018 0.089187 0.022713 0.000001 0.412082
0 0 0.679160 0.102626 0.008127 0.000003 0.210084
0 0 0.937442 0.026813 0.004625 0.000000 0.031121
0 0 0.720590 0.198526 0.023321 0.000009 0.057554
4 0 0.402816 0.030340 0.012634 0.000016 0.554194
0 0 0.890440 0.058952 0.044872 0.000439 0.005297
0 0 0.825967 0.060686 0.015256 0.000004 0.098087
4 0 0.255756 0.098259 0.017232 0.000007 0.628746
1 0 0.150003 0.567565 0.080971 0.000001 0.201459
1 0 0.252594 0.434266 0.040621 0.000003 0.272516
0 0 0.673990 0.072375 0.011600 0.000088 0.241946
0 0 0.527843 0.037313 0.011075 0.000037 0.423731
4 0 0.034526 0.167888 0.028871 0.000001 0.768714
4 0 0.461223 0.014223 0.003861 0.000243 0.520450
0 0 0.701264 0.007186 0.002583 0.000001 0.288966
4 0 0.448811 0.064212 0.008499 0.000212 0.478266
4 0 0.064727 0.081573 0.022564 0.000005 0.831131
0 0 0.996106 0.001535 0.000547 0.000000 0.001811
0 0 0.909418 0.005400 0.001772 0.000374 0.083037
4 1 0.188883 0.298438 0.033770 0.000139 0.478770
4 1 0.054029 0.043744 0.011748 0.000153 0.890326
4 1 0.070014 0.106796 0.016858 0.000053 0.806278
1 1 0.134002 0.373778 0.130925 0.009039 0.352255
1 1 0.220448 0.526258 0.064809 0.000011 0.188473
1 2 0.099506 0.533357 0.104623 0.000008 0.262505
4 2 0.005914 0.195121 0.124240 0.000018 0.674707
2 2 0.002063 0.178442 0.410300 0.000411 0.408784
2 2 0.000145 0.058491 0.844434 0.001426 0.095504
2 2 0.000077 0.020477 0.957781 0.000291 0.021375
2 2 0.000000 0.000326 0.999579 0.000087 0.000009
2 2 0.000000 0.000012 0.999972 0.000015 0.000000
2 2 0.000000 0.000076 0.999769 0.000153 0.000001
2 2 0.000000 0.000278 0.999659 0.000017 0.000045
2 2 0.000000 0.000094 0.991254 0.008615 0.000037
2 2 0.000000 0.000009 0.999869 0.000120 0.000002
2 2 0.000002 0.004831 0.994251 0.000242 0.000674
2 2 0.000002 0.001136 0.998299 0.000279 0.000284
2 2 0.000000 0.000047 0.999951 0.000000 0.000001
2 2 0.000000 0.000035 0.999964 0.000000 0.000000
2 2 0.000000 0.000035 0.999757 0.000206 0.000001
2 2 0.000000 0.000005 0.999724 0.000269 0.000002
2 2 0.000000 0.000041 0.997281 0.002677 0.000001
2 2 0.000000 0.000081 0.999916 0.000002 0.000001
2 2 0.001530 0.048992 0.937314 0.000027 0.012137
2 2 0.000006 0.000164 0.999811 0.000007 0.000011
2 2 0.000000 0.000037 0.999952 0.000001 0.000010
2 2 0.000000 0.000005 0.999982 0.000012 0.000000
2 2 0.000002 0.000083 0.999847 0.000009 0.000058
2 2 0.000004 0.000075 0.999896 0.000018 0.000007
2 2 0.000000 0.000017 0.999102 0.000878 0.000002
2 2 0.000028 0.001303 0.997512 0.000981 0.000176
2 2 0.000000 0.000133 0.999864 0.000000 0.000003
2 2 0.000000 0.000017 0.999971 0.000010 0.000002
2 2 0.000000 0.000019 0.999980 0.000001 0.000000
2 2 0.000000 0.000000 0.999935 0.000065 0.000000
2 2 0.000000 0.000121 0.999860 0.000002 0.000017
2 2 0.000000 0.000024 0.999956 0.000008 0.000013
2 2 0.000000 0.000008 0.999979 0.000012 0.000000
2 2 0.000000 0.000002 0.999996 0.000002 0.000000
2 2 0.000000 0.000005 0.998955 0.001040 0.000000
2 2 0.000000 0.000005 0.998540 0.001455 0.000000
2 2 0.000035 0.000417 0.999539 0.000001 0.000009
2 2 0.000000 0.000073 0.999920 0.000006 0.000000
2 2 0.000000 0.000008 0.990655 0.009337 0.000000
2 2 0.000001 0.000055 0.980569 0.019371 0.000004
2 2 0.000000 0.000000 0.991138 0.008862 0.000000
3 2 0.000000 0.000001 0.438682 0.561317 0.000000
2 2 0.000000 0.000000 0.996946 0.003053 0.000000
2 2 0.000000 0.000006 0.976274 0.023719 0.000000
2 2 0.000000 0.000001 0.996020 0.003980 0.000000
2 2 0.000000 0.000001 0.993989 0.006011 0.000000
2 2 0.000000 0.000000 0.999968 0.000032 0.000000
2 2 0.000000 0.000001 0.991413 0.008586 0.000000
2 2 0.000000 0.000001 0.994516 0.005483 0.000000
2 2 0.000000 0.000002 0.997360 0.002638 0.000000
2 2 0.000000 0.000001 0.947361 0.052639 0.000000
2 2 0.000004 0.000036 0.912591 0.087368 0.000001
2 2 0.000000 0.000009 0.999866 0.000125 0.000000
2 2 0.000001 0.000014 0.980625 0.019360 0.000000
2 3 0.000000 0.000005 0.782157 0.217837 0.000000
2 3 0.000000 0.000018 0.990644 0.009337 0.000000
2 3 0.000000 0.000001 0.997538 0.002461 0.000000
2 3 0.000001 0.000032 0.997076 0.002890 0.000001
2 3 0.000000 0.000000 0.760266 0.239733 0.000000
2 3 0.000000 0.000011 0.920720 0.079269 0.000000
2 3 0.000001 0.000002 0.931247 0.068750 0.000000
2 3 0.000030 0.000100 0.592716 0.407138 0.000016
2 3 0.000004 0.000073 0.993358 0.006563 0.000001
2 3 0.000001 0.000009 0.836068 0.163922 0.000000
2 3 0.000000 0.000014 0.825025 0.174961 0.000000
2 3 0.000000 0.000002 0.978546 0.021451 0.000000
2 3 0.000005 0.000184 0.932061 0.067736 0.000014
2 3 0.000014 0.000858 0.986132 0.012986 0.000010
2 3 0.000001 0.000114 0.963744 0.036127 0.000015
2 3 0.000013 0.000152 0.742135 0.257698 0.000003
2 3 0.000000 0.000006 0.830631 0.169363 0.000000
2 3 0.000000 0.000014 0.685385 0.314600 0.000000
2 3 0.000001 0.000020 0.829691 0.170287 0.000002
2 3 0.000000 0.000000 0.711084 0.288916 0.000000
2 3 0.000030 0.000314 0.674626 0.325007 0.000024
2 3 0.000011 0.000434 0.934552 0.064988 0.000016
2 3 0.000004 0.000300 0.902938 0.096757 0.000001
2 3 0.000000 0.000014 0.998872 0.001113 0.000000
2 3 0.000000 0.000003 0.761638 0.238358 0.000000
3 3 0.000000 0.000010 0.381101 0.618889 0.000000
2 3 0.000007 0.000316 0.944293 0.055378 0.000006
2 3 0.000267 0.000420 0.924088 0.075220 0.000005
3 3 0.000015 0.000283 0.420749 0.578857 0.000097
3 3 0.000005 0.000039 0.143865 0.856089 0.000002
2 3 0.000003 0.000108 0.996926 0.002961 0.000003
2 3 0.000000 0.000004 0.996803 0.003193 0.000000
2 3 0.000000 0.000013 0.551472 0.448515 0.000000
3 3 0.000000 0.000000 0.314908 0.685092 0.000000
2 3 0.000002 0.000041 0.761985 0.237970 0.000002
3 3 0.000000 0.000012 0.345248 0.654740 0.000000
2 3 0.000041 0.000400 0.752380 0.247168 0.000010
3 3 0.000011 0.000198 0.392596 0.607129 0.000066
2 3 0.000001 0.000052 0.920590 0.079356 0.000000
2 3 0.000001 0.000038 0.973403 0.026558 0.000000
2 3 0.000000 0.000008 0.950684 0.049308 0.000000
2 3 0.000006 0.000045 0.824293 0.175654 0.000002
2 3 0.000018 0.000265 0.699375 0.300336 0.000006
2 3 0.000033 0.000497 0.566072 0.433371 0.000027
2 3 0.000026 0.000492 0.822448 0.177024 0.000010
2 3 0.000035 0.000235 0.747463 0.252240 0.000027
2 3 0.000000 0.000092 0.975883 0.024023 0.000001
2 3 0.000000 0.000007 0.972036 0.027956 0.000000
2 3 0.000014 0.000758 0.872583 0.125743 0.000903
2 3 0.000013 0.001567 0.887216 0.110301 0.000903
2 3 0.000008 0.000141 0.597000 0.402840 0.000010
2 3 0.000006 0.000098 0.732597 0.267259 0.000040
2 3 0.000000 0.000017 0.918487 0.081496 0.000000
2 3 0.000057 0.000049 0.665322 0.334569 0.000002
3 3 0.000026 0.000467 0.471090 0.528405 0.000012
3 3 0.000001 0.000150 0.379592 0.620246 0.000011
3 3 0.000178 0.000735 0.243824 0.755170 0.000093
3 3 0.000017 0.000397 0.071404 0.927890 0.000292
2 3 0.013051 0.006757 0.967534 0.011364 0.001295
2 3 0.013300 0.022196 0.522795 0.439619 0.002090
2 2 0.000483 0.001565 0.988736 0.008545 0.000671
2 2 0.000005 0.000435 0.998886 0.000632 0.000042
2 2 0.000032 0.000449 0.999412 0.000043 0.000063
2 2 0.000019 0.010076 0.989444 0.000042 0.000418
2 2 0.000000 0.000002 0.976250 0.023748 0.000000
2 2 0.000000 0.000001 0.999171 0.000828 0.000000
2 2 0.002331 0.018119 0.970759 0.000037 0.008755
2 2 0.000841 0.134005 0.835153 0.000200 0.029801
2 2 0.000152 0.028115 0.922465 0.001232 0.048036
4 2 0.048353 0.294003 0.217857 0.000067 0.439720
2 2 0.000535 0.110641 0.867186 0.000169 0.021469
2 2 0.004543 0.102808 0.699918 0.005562 0.187169
4 2 0.095893 0.090426 0.031214 0.000645 0.781823
4 2 0.048109 0.087408 0.124801 0.006628 0.733054
4 4 0.016847 0.016573 0.019390 0.000249 0.946940
4 4 0.023283 0.009706 0.003959 0.000011 0.963040
4 4 0.013350 0.009658 0.005628 0.000014 0.971350
4 4 0.042601 0.005892 0.003164 0.000016 0.948327
0 4 0.595277 0.002025 0.000685 0.000046 0.401967
4 4 0.007022 0.013796 0.004214 0.000003 0.974965
4 4 0.040337 0.006072 0.003536 0.000019 0.950035
4 4 0.019939 0.001529 0.000849 0.000001 0.977683
4 4 0.198613 0.006822 0.003271 0.000096 0.791199
4 4 0.055037 0.004878 0.003193 0.000000 0.936893
4 4 0.005001 0.000763 0.002047 0.000002 0.992187
4 4 0.039135 0.024205 0.012136 0.000158 0.924366
4 4 0.267692 0.007423 0.003812 0.000204 0.720869
4 4 0.018631 0.031495 0.007420 0.000020 0.942434
0 4 0.536395 0.000294 0.000435 0.000009 0.462867
4 4 0.144220 0.224784 0.113536 0.000059 0.517401
4 4 0.147613 0.027859 0.010204 0.000437 0.813887
4 4 0.289047 0.005459 0.004339 0.000372 0.700784
0 4 0.387479 0.288547 0.019546 0.000045 0.304383
4 4 0.338296 0.180874 0.006510 0.000000 0.474320
4 4 0.023191 0.141394 0.027402 0.000001 0.808012
4 4 0.015781 0.128285 0.039753 0.000113 0.816068
4 4 0.079340 0.002546 0.001015 0.000003 0.917095
4 4 0.016017 0.004376 0.001351 0.000001 0.978255
4 4 0.003631 0.003408 0.003113 0.000002 0.989846
4 4 0.009684 0.000901 0.003650 0.000015 0.985750
4 4 0.211180 0.000450 0.000748 0.000015 0.787607
4 4 0.078313 0.034405 0.018705 0.000246 0.868331
4 4 0.102575 0.000686 0.000347 0.000001 0.896392
4 4 0.040308 0.000784 0.000366 0.000000 0.958542
4 4 0.001888 0.008287 0.001318 0.000000 0.988507
4 4 0.068580 0.001414 0.000506 0.000001 0.929500
4 4 0.012126 0.006244 0.004730 0.000011 0.976888
4 4 0.053410 0.006680 0.002577 0.000012 0.937321
4 4 0.152602 0.025634 0.008144 0.000189 0.813431
4 4 0.098423 0.018079 0.010621 0.000368 0.872509
4 4 0.169378 0.115303 0.025799 0.000009 0.689511
4 1 0.393808 0.061508 0.041332 0.000002 0.503350
4 1 0.012653 0.069516 0.033006 0.000326 0.884500
4 2 0.004617 0.115996 0.086652 0.000167 0.792568
4 2 0.005834 0.024880 0.005727 0.000004 0.963555
4 4 0.338402 0.003240 0.001717 0.000005 0.656636
4 4 0.009868 0.211303 0.130164 0.000897 0.647769
4 4 0.003493 0.042684 0.016073 0.000021 0.937729
4 4 0.014374 0.001213 0.000728 0.000000 0.983684
4 4 0.004406 0.032543 0.008567 0.000007 0.954477
4 4 0.000564 0.006255 0.002028 0.000000 0.991153
4 4 0.138378 0.030205 0.015130 0.000980 0.815307
4 4 0.036643 0.005240 0.002009 0.000005 0.956103
4 4 0.270290 0.007933 0.003317 0.000144 0.718316
4 4 0.016661 0.001825 0.000494 0.000000 0.981019
4 4 0.072424 0.011992 0.003875 0.000031 0.911677
4 4 0.017606 0.008113 0.003637 0.000008 0.970637
4 4 0.342090 0.006750 0.002306 0.000006 0.648849
4 4 0.001640 0.004731 0.001207 0.000000 0.992422
4 4 0.000366 0.009605 0.007951 0.000000 0.982078
4 4 0.104606 0.010994 0.004945 0.000086 0.879370
4 4 0.272165 0.002947 0.001232 0.000025 0.723631
4 4 0.012506 0.015538 0.006630 0.000015 0.965311
4 4 0.009472 0.127278 0.060202 0.000842 0.802206
4 2 0.006275 0.141182 0.103152 0.000708 0.748683
4 2 0.006853 0.087271 0.033706 0.000036 0.872133
1 2 0.189842 0.515941 0.154171 0.000571 0.139476
4 2 0.271686 0.313291 0.075464 0.000007 0.339552
2 2 0.003132 0.218757 0.510442 0.001248 0.266420
4 2 0.022869 0.293335 0.110911 0.000055 0.572829
4 2 0.006570 0.265867 0.307893 0.000554 0.419116
4 2 0.001348 0.063631 0.099052 0.000146 0.835824
2 2 0.000514 0.122747 0.680166 0.002288 0.194285
2 2 0.000633 0.144765 0.611403 0.000044 0.243155
4 2 0.008162 0.258780 0.280105 0.001854 0.451100
2 2 0.001676 0.201386 0.582155 0.000354 0.214430
2 2 0.000443 0.114655 0.760823 0.001172 0.122908
2 2 0.000050 0.041815 0.670933 0.000260 0.286944
2 2 0.000059 0.042661 0.687610 0.000867 0.268803
4 2 0.001128 0.095533 0.150885 0.000109 0.752344
4 2 0.029409 0.328355 0.130914 0.000587 0.510734
4 2 0.010413 0.249028 0.164362 0.001032 0.575165
4 2 0.001668 0.110029 0.160124 0.001630 0.726549
4 2 0.001034 0.080733 0.109394 0.000513 0.808327
4 2 0.004058 0.106700 0.083240 0.000738 0.805263
4 2 0.003397 0.069343 0.038862 0.000134 0.888264
2 2 0.000411 0.097492 0.801998 0.001589 0.098510
2 2 0.000078 0.035700 0.938330 0.001559 0.024333
2 2 0.000158 0.065236 0.769110 0.000025 0.165471
2 2 0.000002 0.008787 0.991190 0.000000 0.000021
1 2 0.255791 0.480522 0.232459 0.000094 0.031134
2 2 0.029236 0.316186 0.590635 0.000000 0.063942
2 2 0.000121 0.009806 0.988650 0.000869 0.000554
2 2 0.000465 0.007170 0.988739 0.000000 0.003626
2 2 0.000447 0.003503 0.995644 0.000000 0.000405
2 2 0.020090 0.001842 0.977667 0.000000 0.000401
2 2 0.000019 0.002022 0.991494 0.000004 0.006462
2 2 0.000011 0.001138 0.995551 0.000052 0.003248
2 2 0.000000 0.000133 0.999851 0.000005 0.000011
2 2 0.000000 0.000118 0.999878 0.000002 0.000002
2 2 0.000843 0.001572 0.994762 0.000000 0.002822
2 2 0.000176 0.004641 0.994189 0.000000 0.000993
2 2 0.001051 0.002356 0.993336 0.000003 0.003255
2 2 0.000000 0.000377 0.999518 0.000003 0.000102
2 2 0.000004 0.000090 0.999870 0.000000 0.000036
2 2 0.000004 0.000023 0.999943 0.000000 0.000029
2 2 0.000003 0.000122 0.999819 0.000001 0.000054
2 2 0.000000 0.000017 0.999928 0.000044 0.000010
2 2 0.000000 0.000149 0.999843 0.000000 0.000008
2 2 0.000009 0.000442 0.999478 0.000001 0.000071
2 2 0.000029 0.000687 0.999213 0.000004 0.000066
2 2 0.000001 0.000142 0.999082 0.000216 0.000560
2 2 0.000004 0.000568 0.999327 0.000000 0.000100
2 2 0.000020 0.000355 0.999606 0.000000 0.000019
2 2 0.000297 0.001348 0.998269 0.000000 0.000086
2 2 0.000014 0.000573 0.999382 0.000000 0.000031
2 2 0.000024 0.000056 0.999919 0.000000 0.000001
2 2 0.000013 0.000499 0.999440 0.000000 0.000048
2 2 0.000000 0.000006 0.998897 0.001096 0.000000
2 2 0.000046 0.000601 0.999069 0.000001 0.000283
