4 0 0.090546 0.052784 0.143340 0.000753 0.712577
0 0 0.386408 0.241578 0.160520 0.000028 0.211466
4 0 0.084224 0.021255 0.019259 0.000032 0.875230
0 0 0.959957 0.011841 0.009298 0.000002 0.018902
0 0 0.893898 0.014180 0.016044 0.000001 0.075877
0 0 0.889755 0.053981 0.051651 0.000002 0.004610
2 0 0.031875 0.066315 0.504245 0.000659 0.396906
4 0 0.084209 0.105657 0.128189 0.000003 0.681942
1 0 0.045432 0.544983 0.256431 0.000004 0.153150
0 0 0.356895 0.218968 0.331263 0.000232 0.092643
4 0 0.085966 0.133881 0.145622 0.001026 0.633506
0 0 0.888667 0.041089 0.038197 0.001565 0.030482
4 0 0.182565 0.253356 0.149054 0.000890 0.414135
0 0 0.568775 0.065617 0.071470 0.008474 0.285665
0 0 0.556970 0.027272 0.042108 0.000143 0.373506
0 0 0.993239 0.003287 0.002328 0.000009 0.001137
0 0 0.933668 0.025874 0.037286 0.000240 0.002933
4 0 0.096025 0.060135 0.049751 0.000007 0.794082
4 0 0.065078 0.020213 0.076679 0.000250 0.837781
4 0 0.237994 0.026754 0.029229 0.001075 0.704947
4 0 0.087317 0.097619 0.404106 0.000991 0.409967
0 0 0.449757 0.050371 0.123634 0.000537 0.375700
2 0 0.230671 0.236773 0.297647 0.000868 0.234041
0 0 0.818454 0.069281 0.083146 0.000031 0.029088
4 0 0.292241 0.090754 0.229545 0.000414 0.387046
1 0 0.107203 0.416683 0.247770 0.000262 0.228082
0 0 0.466151 0.036778 0.037475 0.001458 0.458138
0 0 0.486228 0.044245 0.024451 0.000249 0.444827
2 0 0.235058 0.199246 0.412956 0.000179 0.152560
4 0 0.405787 0.052629 0.130305 0.000483 0.410796
0 0 0.633806 0.036180 0.044516 0.000031 0.285467
2 0 0.163936 0.263619 0.441996 0.000052 0.130397
2 0 0.326507 0.282544 0.339483 0.000040 0.051426
0 0 0.711694 0.027354 0.049810 0.000085 0.211056
0 0 0.407385 0.134714 0.366680 0.000235 0.090986
0 0 0.427640 0.238734 0.198203 0.000262 0.135161
4 0 0.164827 0.228800 0.162851 0.000776 0.442745
4 0 0.231232 0.101143 0.027950 0.000191 0.639485
0 0 0.518425 0.049600 0.088938 0.000936 0.342101
0 0 0.771183 0.039095 0.036478 0.001764 0.151480
2 0 0.018899 0.270477 0.520045 0.000135 0.190443
0 0 0.606676 0.308802 0.024684 0.000072 0.059765
2 0 0.018476 0.040705 0.892731 0.033685 0.014403
0 0 0.628958 0.088041 0.253216 0.005695 0.024091
0 0 0.963624 0.009669 0.005244 0.000029 0.021434
0 0 0.969122 0.013905 0.008909 0.000235 0.007828
4 0 0.148841 0.113170 0.348719 0.002612 0.386659
2 0 0.113638 0.270210 0.456836 0.003386 0.155931
4 0 0.237248 0.052826 0.185378 0.001624 0.522924
4 0 0.277392 0.050883 0.177833 0.000461 0.493432
1 0 0.222728 0.279196 0.268765 0.000017 0.229294
4 0 0.050779 0.154605 0.281804 0.001434 0.511378
4 0 0.229199 0.069828 0.105368 0.000090 0.595514
0 0 0.480273 0.108575 0.130157 0.000056 0.280939
0 0 0.486351 0.046728 0.109070 0.000421 0.357430
4 0 0.163969 0.116320 0.313613 0.009508 0.396590
0 0 0.718115 0.071435 0.120728 0.000291 0.089430
4 0 0.058466 0.027958 0.366187 0.000335 0.547053
0 0 0.993106 0.002758 0.003232 0.000003 0.000901
0 0 0.925597 0.020391 0.047421 0.001848 0.004742
0 0 0.839979 0.013460 0.010162 0.000069 0.136330
0 0 0.526294 0.257108 0.036490 0.000199 0.179909
0 0 0.944657 0.015199 0.031992 0.000660 0.007492
0 0 0.954790 0.024519 0.017439 0.000008 0.003244
0 0 0.933985 0.046136 0.010235 0.000040 0.009603
0 0 0.951542 0.026574 0.013448 0.000008 0.008427
0 0 0.798577 0.058300 0.105174 0.007633 0.030315
0 0 0.933767 0.036246 0.010863 0.000084 0.019039
0 0 0.976564 0.016314 0.004046 0.000003 0.003073
0 0 0.977823 0.011745 0.002237 0.000001 0.008194
0 0 0.998110 0.001063 0.000475 0.000001 0.000351
0 0 0.655942 0.206240 0.102256 0.000368 0.035194
0 0 0.853441 0.047231 0.038561 0.002951 0.057817
0 0 0.917147 0.036189 0.023216 0.001173 0.022274
0 0 0.943489 0.022001 0.018798 0.001101 0.014611
2 0 0.273049 0.096846 0.363070 0.219736 0.047299
0 0 0.549581 0.087158 0.199175 0.115405 0.048682
0 0 0.495206 0.108208 0.301072 0.035860 0.059654
0 0 0.588683 0.076488 0.198175 0.062918 0.073735
0 0 0.989475 0.006811 0.002143 0.000004 0.001567
0 0 0.592786 0.183813 0.113458 0.008427 0.101516
0 0 0.514315 0.109587 0.205997 0.104865 0.065236
0 0 0.967331 0.013716 0.009998 0.000340 0.008615
0 0 0.966031 0.014193 0.010415 0.000367 0.008993
0 0 0.857246 0.043956 0.064852 0.010506 0.023441
0 0 0.820740 0.061415 0.055619 0.008523 0.053703
0 0 0.931158 0.015882 0.050281 0.000028 0.002651
0 0 0.985860 0.006685 0.003200 0.000022 0.004233
0 0 0.994222 0.003823 0.001035 0.000002 0.000917
0 0 0.995192 0.004332 0.000223 0.000000 0.000253
1 0 0.137347 0.861375 0.000231 0.000000 0.001047
0 0 0.887291 0.039056 0.041154 0.004842 0.027658
0 0 0.959915 0.017273 0.012798 0.000346 0.009668
0 0 0.870961 0.062281 0.031938 0.001499 0.033321
0 0 0.998132 0.001052 0.000469 0.000001 0.000346
0 0 0.976755 0.010167 0.006991 0.000173 0.005913
0 0 0.963762 0.012536 0.019653 0.000608 0.003440
0 0 0.878746 0.053797 0.048773 0.000669 0.018015
0 0 0.953339 0.023547 0.011687 0.000260 0.011167
0 0 0.919104 0.038068 0.021177 0.000827 0.020824
0 0 0.918677 0.022923 0.028624 0.000258 0.029518
0 0 0.581693 0.127212 0.145363 0.003019 0.142714
4 0 0.023787 0.023979 0.074566 0.002004 0.875664
4 0 0.425926 0.025067 0.027229 0.000356 0.521422
4 0 0.278823 0.147603 0.139666 0.004164 0.429745
0 0 0.685813 0.053744 0.040082 0.001426 0.218935
0 0 0.997784 0.000434 0.000166 0.000000 0.001616
0 0 0.999124 0.000525 0.000205 0.000000 0.000145
0 0 0.991323 0.003386 0.001893 0.000009 0.003389
0 0 0.997051 0.001594 0.000770 0.000003 0.000582
0 0 0.999883 0.000074 0.000040 0.000000 0.000003
0 0 0.738496 0.029201 0.190681 0.036162 0.005461
0 0 0.999888 0.000078 0.000021 0.000000 0.000013
0 0 0.999793 0.000138 0.000042 0.000000 0.000027
0 0 0.943141 0.039284 0.010589 0.000023 0.006962
0 0 0.764605 0.195975 0.020491 0.000024 0.018906
0 0 0.986668 0.005698 0.005869 0.000017 0.001748
0 0 0.830139 0.108692 0.027383 0.000448 0.033338
0 0 0.999183 0.000492 0.000190 0.000000 0.000134
0 0 0.998144 0.000991 0.000193 0.000000 0.000672
0 0 0.984381 0.010423 0.002622 0.000009 0.002565
0 0 0.640437 0.057359 0.212215 0.053019 0.036970
0 0 0.997874 0.001184 0.000540 0.000001 0.000401
0 0 0.903383 0.026287 0.043883 0.000217 0.026230
0 0 0.975757 0.010552 0.007308 0.000188 0.006195
0 0 0.557933 0.022041 0.019759 0.000268 0.399999
0 0 0.739027 0.005703 0.003778 0.000004 0.251488
4 0 0.317763 0.042092 0.099096 0.000488 0.540561
0 0 0.898385 0.054934 0.015814 0.000146 0.030721
0 0 0.994266 0.003045 0.001491 0.000008 0.001190
0 0 0.993073 0.004461 0.001235 0.000003 0.001229
0 0 0.989261 0.005828 0.000872 0.000000 0.004039
0 0 0.938244 0.022058 0.033660 0.001543 0.004495
0 0 0.990515 0.006961 0.001025 0.000001 0.001499
0 0 0.992895 0.003642 0.001913 0.000014 0.001536
0 0 0.968226 0.019386 0.006612 0.000042 0.005734
0 0 0.943026 0.022849 0.005640 0.000011 0.028474
0 0 0.963146 0.026536 0.004878 0.000016 0.005424
0 0 0.963050 0.022334 0.005343 0.000019 0.009254
0 0 0.970290 0.018152 0.002129 0.000001 0.009428
0 0 0.923011 0.028086 0.034060 0.000049 0.014793
0 0 0.673315 0.063317 0.183800 0.000957 0.078611
0 1 0.910806 0.054527 0.016325 0.000230 0.018112
0 1 0.840803 0.107115 0.023111 0.000271 0.028699
1 1 0.308642 0.389410 0.049296 0.000070 0.252583
0 1 0.427768 0.265815 0.167677 0.000140 0.138600
0 0 0.944494 0.024282 0.015918 0.000639 0.014667
0 1 0.724978 0.178172 0.057832 0.000424 0.038593
0 1 0.505207 0.313236 0.043897 0.000003 0.137657
4 2 0.125806 0.219093 0.160609 0.000369 0.494123
2 2 0.019743 0.089803 0.464584 0.002331 0.423539
2 2 0.000068 0.075489 0.907313 0.000042 0.017087
2 2 0.001896 0.187206 0.654909 0.001373 0.154616
2 2 0.000029 0.008045 0.985790 0.000148 0.005988
2 2 0.000008 0.002217 0.976386 0.012546 0.008843
2 2 0.000001 0.002557 0.912971 0.083501 0.000970
2 2 0.000005 0.004230 0.989491 0.001371 0.004903
2 2 0.008686 0.031751 0.805962 0.000194 0.153407
2 2 0.000000 0.000009 0.999592 0.000398 0.000001
2 2 0.000000 0.000039 0.998199 0.001752 0.000010
2 2 0.000000 0.000128 0.994409 0.005257 0.000206
2 2 0.000002 0.000212 0.993764 0.005622 0.000400
2 2 0.000000 0.001123 0.994056 0.004758 0.000062
2 2 0.000000 0.000368 0.942655 0.056854 0.000123
2 2 0.000002 0.001284 0.984770 0.013880 0.000064
2 2 0.000007 0.000549 0.950657 0.048725 0.000063
2 2 0.000009 0.001286 0.966425 0.032090 0.000190
2 3 0.000037 0.000836 0.649582 0.348234 0.001310
2 3 0.000000 0.000080 0.926843 0.072962 0.000115
2 3 0.000001 0.000157 0.949473 0.050311 0.000058
2 3 0.000013 0.001034 0.896334 0.095275 0.007344
2 3 0.000002 0.000234 0.760155 0.239412 0.000197
2 3 0.000000 0.000018 0.757829 0.242147 0.000006
3 3 0.000001 0.000104 0.434756 0.565113 0.000026
2 3 0.000001 0.000171 0.959254 0.040458 0.000117
2 3 0.000005 0.000535 0.955091 0.042879 0.001490
2 3 0.000001 0.000843 0.509725 0.489237 0.000194
3 3 0.000000 0.000007 0.027421 0.972571 0.000001
3 3 0.000000 0.000003 0.123560 0.876437 0.000000
2 3 0.000007 0.000406 0.519958 0.479589 0.000039
2 3 0.000000 0.000115 0.510415 0.489385 0.000084
3 3 0.000000 0.000011 0.031793 0.968194 0.000001
3 3 0.000000 0.000050 0.336376 0.663565 0.000009
3 3 0.000000 0.000033 0.138507 0.861447 0.000013
3 3 0.000002 0.000158 0.329551 0.670255 0.000035
3 3 0.000000 0.000007 0.099046 0.900946 0.000001
2 3 0.000000 0.000003 0.530500 0.469497 0.000000
3 3 0.000000 0.000006 0.244740 0.755254 0.000001
2 2 0.002898 0.122684 0.800826 0.064133 0.009460
2 2 0.000414 0.455582 0.501833 0.035335 0.006836
2 2 0.006425 0.017353 0.928531 0.032263 0.015428
2 2 0.022932 0.053947 0.866519 0.013399 0.043204
2 2 0.004250 0.057985 0.540713 0.000736 0.396316
2 2 0.303301 0.030458 0.600850 0.000012 0.065379
4 1 0.000075 0.480941 0.007599 0.000000 0.511385
1 2 0.017751 0.382885 0.323717 0.002503 0.273144
2 2 0.001705 0.251952 0.611671 0.003089 0.131584
2 2 0.000270 0.035070 0.927135 0.009395 0.028129
2 2 0.000061 0.087462 0.896586 0.010769 0.005122
2 2 0.000071 0.010962 0.890202 0.098253 0.000511
2 2 0.002010 0.082650 0.900540 0.000054 0.014746
2 2 0.000136 0.005356 0.993167 0.001098 0.000243
2 2 0.000252 0.007637 0.970669 0.012191 0.009252
2 2 0.000004 0.001328 0.970846 0.026677 0.001145
2 2 0.000254 0.002150 0.978225 0.000745 0.018626
2 2 0.000009 0.001578 0.998151 0.000112 0.000150
2 2 0.000000 0.000038 0.977179 0.022776 0.000007
2 2 0.000000 0.000032 0.982799 0.017158 0.000010
2 3 0.000000 0.000014 0.699488 0.300498 0.000000
3 3 0.000000 0.000073 0.436556 0.563366 0.000004
2 3 0.004717 0.009815 0.948463 0.030823 0.006183
2 3 0.000003 0.001527 0.991068 0.006567 0.000836
3 3 0.000000 0.000018 0.338000 0.661979 0.000003
2 3 0.000000 0.000025 0.525248 0.474726 0.000001
2 3 0.000005 0.000372 0.860967 0.138368 0.000288
2 3 0.000006 0.000288 0.570357 0.429280 0.000069
3 3 0.000046 0.000983 0.490216 0.508056 0.000699
3 3 0.000001 0.000114 0.050127 0.949644 0.000114
3 3 0.000000 0.000012 0.164814 0.835174 0.000001
3 3 0.000000 0.000042 0.459630 0.540325 0.000004
3 3 0.000003 0.000505 0.342651 0.656544 0.000298
3 3 0.000018 0.000557 0.155196 0.844056 0.000173
3 3 0.000018 0.000981 0.194216 0.799121 0.005664
3 3 0.000000 0.000059 0.028129 0.971801 0.000011
3 3 0.000000 0.000112 0.126036 0.873786 0.000065
3 3 0.000001 0.000249 0.440828 0.558878 0.000045
3 3 0.000002 0.000198 0.088338 0.911361 0.000102
3 3 0.000022 0.001175 0.301308 0.696099 0.001397
3 3 0.000000 0.000014 0.044810 0.955087 0.000088
3 3 0.000000 0.000020 0.013341 0.986631 0.000008
2 2 0.000340 0.005741 0.753631 0.239762 0.000526
2 2 0.000179 0.004199 0.831668 0.155976 0.007978
2 2 0.000001 0.000217 0.843255 0.156316 0.000210
3 3 0.000001 0.000211 0.158096 0.841408 0.000284
2 3 0.000225 0.009480 0.774817 0.208419 0.007058
2 3 0.000277 0.005121 0.922338 0.071953 0.000310
3 3 0.000013 0.002415 0.316468 0.676479 0.004626
2 3 0.000004 0.000671 0.585537 0.413624 0.000164
3 3 0.000018 0.000678 0.242388 0.756781 0.000135
3 3 0.001092 0.006269 0.419442 0.536547 0.036650
3 3 0.000000 0.000008 0.034924 0.965068 0.000001
3 3 0.000003 0.000048 0.004478 0.995467 0.000006
3 3 0.000035 0.000532 0.027724 0.970520 0.001189
3 3 0.000002 0.000097 0.019612 0.980272 0.000017
3 3 0.000003 0.000233 0.056893 0.942117 0.000754
3 3 0.000001 0.000118 0.032978 0.966801 0.000102
3 3 0.000006 0.000427 0.125305 0.874095 0.000167
3 3 0.000000 0.000005 0.012383 0.987612 0.000000
3 3 0.000000 0.000050 0.046364 0.953577 0.000009
3 3 0.000003 0.000110 0.026507 0.973348 0.000032
3 3 0.000000 0.000004 0.008723 0.991273 0.000000
3 3 0.000000 0.000005 0.018172 0.981822 0.000000
3 3 0.000000 0.000001 0.004203 0.995796 0.000000
3 3 0.000000 0.000099 0.180505 0.819381 0.000015
3 3 0.000000 0.000021 0.023133 0.976843 0.000003
3 3 0.000000 0.000009 0.015689 0.984301 0.000001
3 3 0.000000 0.000019 0.022681 0.977289 0.000012
3 3 0.000000 0.000003 0.005815 0.994181 0.000001
3 3 0.000019 0.000394 0.027064 0.972091 0.000432
3 3 0.000000 0.000005 0.002945 0.997049 0.000001
3 3 0.000002 0.000228 0.117148 0.882537 0.000086
3 3 0.000000 0.000017 0.021040 0.978935 0.000009
3 3 0.000000 0.000002 0.013933 0.986065 0.000000
3 3 0.000029 0.000501 0.028244 0.970973 0.000252
3 3 0.000000 0.000057 0.077565 0.922371 0.000007
3 3 0.000044 0.000634 0.030877 0.967586 0.000859
3 3 0.000000 0.000017 0.015928 0.984052 0.000003
3 3 0.000000 0.000011 0.002261 0.997722 0.000006
3 3 0.000289 0.002099 0.051291 0.941866 0.004455
3 3 0.000001 0.000065 0.011655 0.987952 0.000326
3 3 0.000019 0.000317 0.017896 0.981490 0.000279
3 3 0.000000 0.000033 0.033002 0.966961 0.000004
3 3 0.000001 0.000103 0.024112 0.975765 0.000019
3 3 0.000000 0.000026 0.007998 0.991970 0.000006
3 3 0.001777 0.006620 0.081257 0.900265 0.010081
3 2 0.007150 0.014640 0.121592 0.840320 0.016297
2 2 0.065216 0.117743 0.593559 0.200416 0.023066
2 1 0.363686 0.076883 0.554574 0.000270 0.004586
1 2 0.006919 0.577447 0.356956 0.000491 0.058187
1 2 0.005734 0.540568 0.414824 0.001458 0.037416
0 2 0.637522 0.201513 0.074594 0.000917 0.085454
0 2 0.669705 0.184650 0.081152 0.000306 0.064187
1 2 0.092497 0.507898 0.174348 0.000813 0.224445
1 2 0.203963 0.562270 0.139021 0.001403 0.093343
2 2 0.008347 0.262538 0.364326 0.022797 0.341992
4 2 0.031372 0.301929 0.255036 0.087940 0.323723
2 2 0.003726 0.147359 0.578667 0.007396 0.262852
4 2 0.097537 0.131119 0.088219 0.003714 0.679411
2 2 0.001438 0.083470 0.899425 0.008214 0.007454
2 2 0.000117 0.032639 0.925672 0.037065 0.004506
2 2 0.000029 0.027764 0.968024 0.001323 0.002859
2 2 0.000012 0.013442 0.949943 0.036327 0.000276
2 2 0.001317 0.030274 0.940478 0.020645 0.007285
2 2 0.006418 0.043277 0.861498 0.007087 0.081720
2 2 0.000656 0.040171 0.817549 0.117924 0.023700
2 2 0.056808 0.138574 0.762615 0.011514 0.030490
2 2 0.000718 0.093712 0.887026 0.003976 0.014568
2 2 0.089312 0.072459 0.751087 0.002475 0.084667
2 2 0.027270 0.405511 0.418705 0.000994 0.147520
2 2 0.000020 0.006830 0.984097 0.007189 0.001865
2 2 0.002606 0.297317 0.620967 0.017658 0.061452
2 2 0.000094 0.036301 0.898501 0.028520 0.036583
2 2 0.000047 0.001627 0.918829 0.077176 0.002321
2 2 0.000047 0.003066 0.982095 0.010969 0.003824
1 2 0.027030 0.558417 0.174975 0.000534 0.239043
2 2 0.000119 0.094964 0.552437 0.000254 0.352225
2 2 0.000073 0.013949 0.851206 0.002815 0.131956
4 2 0.001566 0.096560 0.291490 0.000045 0.610339
2 2 0.000018 0.076590 0.874688 0.000367 0.048336
4 2 0.000575 0.143639 0.383862 0.002139 0.469784
2 2 0.000689 0.090574 0.486565 0.000905 0.421266
4 2 0.000900 0.101847 0.158156 0.000369 0.738728
4 2 0.001151 0.110039 0.226639 0.002342 0.659829
4 4 0.001472 0.029255 0.081754 0.000437 0.887082
2 4 0.001023 0.052336 0.904696 0.000008 0.041936
4 4 0.019860 0.086527 0.209967 0.000010 0.683637
4 4 0.001186 0.029113 0.092353 0.000355 0.876994
4 4 0.004402 0.058455 0.139417 0.004322 0.793405
4 4 0.010818 0.013836 0.017989 0.000002 0.957356
4 4 0.004761 0.039637 0.029741 0.000001 0.925860
4 4 0.003714 0.043809 0.029510 0.000486 0.922481
4 4 0.002965 0.053754 0.010240 0.000000 0.933040
4 4 0.006007 0.064215 0.164315 0.000190 0.765274
4 4 0.001383 0.040855 0.101245 0.000089 0.856427
4 4 0.003555 0.028224 0.041755 0.000296 0.926169
4 4 0.000527 0.101361 0.409702 0.000401 0.488008
4 4 0.000244 0.016009 0.189244 0.000101 0.794401
4 4 0.012140 0.011972 0.126967 0.000262 0.848659
4 4 0.000549 0.046739 0.436519 0.003370 0.512824
2 4 0.003454 0.067561 0.521703 0.061940 0.345342
4 4 0.003420 0.128802 0.398079 0.001430 0.468268
2 4 0.001447 0.086933 0.677225 0.001263 0.233133
4 4 0.002649 0.109328 0.229207 0.001193 0.657622
4 4 0.002208 0.044236 0.047451 0.000474 0.905631
4 4 0.012376 0.124006 0.037670 0.001299 0.824650
4 4 0.017896 0.072955 0.022322 0.000617 0.886209
4 4 0.001949 0.055581 0.230422 0.000495 0.711552
4 4 0.001041 0.130013 0.103768 0.000005 0.765172
4 4 0.011904 0.169080 0.399716 0.000000 0.419299
2 4 0.135989 0.199345 0.403672 0.000330 0.260664
4 4 0.000964 0.111404 0.108773 0.001261 0.777597
4 4 0.002230 0.076523 0.217763 0.006133 0.697352
1 4 0.005224 0.389660 0.377549 0.013966 0.213602
4 4 0.009825 0.156828 0.403065 0.025653 0.404629
2 2 0.040122 0.141354 0.548271 0.007830 0.262424
2 2 0.061540 0.156173 0.609415 0.018203 0.154668
2 2 0.000602 0.009572 0.961877 0.000089 0.027860
2 2 0.005242 0.045671 0.866924 0.000576 0.081587
4 2 0.000708 0.064538 0.346287 0.000712 0.587754
2 2 0.000717 0.034831 0.880925 0.003100 0.080427
2 2 0.000769 0.031762 0.905368 0.012173 0.049928
2 2 0.002059 0.043004 0.749767 0.008715 0.196455
4 2 0.048313 0.068141 0.101540 0.002473 0.779533
4 2 0.013201 0.051375 0.155771 0.000535 0.779118
2 2 0.002687 0.108423 0.774089 0.085812 0.028988
2 2 0.013678 0.077237 0.648165 0.037243 0.223677
2 2 0.000005 0.005031 0.992855 0.001029 0.001079
2 2 0.003391 0.010001 0.929108 0.007809 0.049692
2 2 0.011412 0.052927 0.757668 0.073668 0.104325
2 2 0.025801 0.113375 0.754238 0.012242 0.094344
2 2 0.000124 0.064362 0.928149 0.000123 0.007242
2 2 0.002198 0.100854 0.559818 0.038085 0.299045
2 2 0.022939 0.039209 0.409685 0.296196 0.231971
2 2 0.034882 0.071192 0.404511 0.122287 0.367128
2 2 0.003168 0.018387 0.771031 0.203688 0.003726
2 2 0.068419 0.115786 0.648345 0.003335 0.164115
2 2 0.000290 0.004587 0.981855 0.006266 0.007003
2 2 0.001600 0.021773 0.843284 0.081081 0.052262
2 2 0.007512 0.019417 0.589038 0.354034 0.029999
3 2 0.000398 0.003674 0.455457 0.539967 0.000504
4 2 0.011069 0.048837 0.183277 0.018931 0.737885
2 3 0.022229 0.180454 0.397682 0.018527 0.381108
2 3 0.000056 0.019861 0.956836 0.019482 0.003765
2 3 0.004253 0.024851 0.949116 0.006208 0.015573
2 3 0.000679 0.028643 0.623354 0.331001 0.016323
2 3 0.000407 0.021651 0.875283 0.079308 0.023351
2 3 0.027882 0.025215 0.908615 0.010315 0.027974
2 3 0.008678 0.049229 0.764832 0.113579 0.063683
2 3 0.017559 0.065163 0.445899 0.030001 0.441378
3 3 0.000002 0.000396 0.190705 0.808399 0.000499
3 3 0.003629 0.009922 0.088034 0.888021 0.010394
3 3 0.002205 0.023881 0.200471 0.768148 0.005295
2 3 0.004291 0.013624 0.829073 0.145958 0.007055
2 3 0.002813 0.032851 0.886811 0.072239 0.005286
2 3 0.002707 0.055701 0.835442 0.086554 0.019596
2 3 0.076555 0.077785 0.590751 0.174489 0.080420
2 3 0.000874 0.006566 0.843545 0.144853 0.004162
2 3 0.008609 0.015824 0.950908 0.020720 0.003940
3 3 0.000569 0.004960 0.496236 0.496465 0.001770
2 3 0.000875 0.009213 0.735389 0.244868 0.009655
3 3 0.000136 0.006232 0.448849 0.513168 0.031615
2 3 0.000169 0.005481 0.566286 0.413384 0.014679
3 3 0.000545 0.005822 0.353372 0.637774 0.002487
3 3 0.000150 0.005550 0.414284 0.578087 0.001929
3 3 0.000869 0.006512 0.376577 0.609555 0.006486
2 3 0.020146 0.015691 0.824745 0.134081 0.005338
2 3 0.000101 0.003455 0.740720 0.253689 0.002035
3 3 0.070757 0.026806 0.418417 0.480621 0.003399
3 3 0.000022 0.001295 0.268943 0.725441 0.004298
3 3 0.000003 0.000656 0.214252 0.784717 0.000372
2 3 0.000728 0.004549 0.604691 0.388545 0.001487
2 3 0.000419 0.007187 0.526747 0.465026 0.000622
2 3 0.046578 0.068572 0.836513 0.044852 0.003484
3 3 0.000665 0.007317 0.443769 0.543785 0.004464
3 3 0.014911 0.018047 0.158229 0.796773 0.012040
3 3 0.000185 0.001673 0.041536 0.956015 0.000591
3 3 0.000031 0.000368 0.014281 0.985098 0.000222
3 3 0.000470 0.002196 0.188007 0.808995 0.000331
3 3 0.000122 0.002778 0.190232 0.804455 0.002413
3 3 0.000001 0.000105 0.048621 0.951265 0.000009
2 3 0.001159 0.036326 0.636053 0.324364 0.002098
3 3 0.000007 0.003413 0.381353 0.615052 0.000176
3 3 0.000033 0.000402 0.018995 0.980210 0.000361
3 3 0.000006 0.000081 0.016742 0.983167 0.000004
3 3 0.000020 0.000649 0.074650 0.923447 0.001235
3 3 0.000000 0.000011 0.118597 0.881391 0.000000
0 1 0.467950 0.045515 0.293313 0.186204 0.007018
0 2 0.892687 0.026645 0.065656 0.008480 0.006532
2 2 0.010547 0.072953 0.900509 0.000152 0.015839
3 1 0.012570 0.023153 0.457464 0.496805 0.010007
0 1 0.666678 0.085584 0.071473 0.003595 0.172670
2 2 0.008947 0.140722 0.600970 0.042498 0.206864
4 2 0.024136 0.050360 0.052656 0.002277 0.870571
2 2 0.024541 0.017173 0.944372 0.011803 0.002111
4 2 0.099406 0.151227 0.273844 0.008851 0.466671
2 2 0.304141 0.217839 0.347745 0.003745 0.126530
2 2 0.003876 0.046721 0.900049 0.001580 0.047774
2 2 0.000501 0.012590 0.952625 0.024627 0.009657
2 2 0.002071 0.088643 0.796291 0.049012 0.063982
2 2 0.000145 0.023844 0.902121 0.034922 0.038967
2 2 0.000022 0.020673 0.884199 0.000247 0.094860
4 2 0.000664 0.172987 0.333297 0.000006 0.493046
2 2 0.001077 0.065558 0.874557 0.000064 0.058744
2 2 0.000030 0.025425 0.967308 0.003343 0.003894
2 2 0.000042 0.004732 0.969643 0.016363 0.009219
2 2 0.000010 0.010884 0.978855 0.005202 0.005049
2 2 0.000069 0.004242 0.963652 0.023922 0.008114
2 2 0.000022 0.003234 0.983439 0.002542 0.010763
2 2 0.000002 0.000078 0.999481 0.000437 0.000002
2 2 0.000021 0.006688 0.992697 0.000498 0.000097
2 2 0.000262 0.038191 0.904365 0.000549 0.056632
2 2 0.000084 0.005199 0.981573 0.001723 0.011421
2 2 0.000022 0.000627 0.998128 0.000697 0.000525
2 2 0.001168 0.009033 0.985531 0.002034 0.002234
2 2 0.000001 0.000351 0.995835 0.003701 0.000112
2 2 0.000050 0.001349 0.995309 0.002403 0.000889
2 2 0.000000 0.000040 0.999557 0.000400 0.000003
2 2 0.047631 0.011941 0.928231 0.000014 0.012182
1 2 0.343557 0.376475 0.182394 0.000039 0.097535
2 2 0.000057 0.071742 0.927392 0.000006 0.000804
2 2 0.000200 0.000548 0.998105 0.000262 0.000884
2 2 0.000006 0.002366 0.989716 0.004410 0.003502
0 2 0.863011 0.073766 0.043539 0.000012 0.019671
0 1 0.925978 0.030964 0.032756 0.001599 0.008703
2 2 0.037537 0.182181 0.570838 0.000128 0.209315
2 2 0.021442 0.185803 0.504847 0.003467 0.284440
2 2 0.001392 0.107982 0.845514 0.001265 0.043847
2 2 0.000325 0.006282 0.972546 0.018893 0.001954
2 2 0.000001 0.000803 0.998122 0.000988 0.000086
2 2 0.000254 0.001465 0.986071 0.011822 0.000389
2 2 0.009468 0.054800 0.620666 0.000459 0.314608
4 2 0.018054 0.151749 0.298228 0.000015 0.531954
2 2 0.000001 0.000078 0.999642 0.000076 0.000204
2 2 0.000115 0.003122 0.991346 0.005226 0.000192
2 2 0.000234 0.005371 0.969971 0.015787 0.008637
2 2 0.000074 0.005072 0.969214 0.017625 0.008015
2 2 0.000009 0.002256 0.981673 0.007201 0.008861
2 2 0.000002 0.000739 0.997606 0.000028 0.001625
2 2 0.000011 0.012128 0.984607 0.000012 0.003241
1 2 0.098376 0.637549 0.258601 0.000002 0.005471
2 2 0.003105 0.168435 0.700709 0.000301 0.127450
2 2 0.000115 0.004490 0.976815 0.010121 0.008459
2 2 0.013348 0.091607 0.872446 0.000505 0.022095
2 2 0.000237 0.010439 0.899435 0.000902 0.088987
2 2 0.000001 0.000297 0.998246 0.001319 0.000138
2 2 0.000001 0.000079 0.999511 0.000381 0.000029
2 2 0.001421 0.285988 0.429782 0.000301 0.282508
2 2 0.001715 0.071282 0.883577 0.000711 0.042715
2 2 0.000004 0.000223 0.987340 0.012277 0.000156
2 2 0.001026 0.024249 0.941739 0.007128 0.025859
4 2 0.092224 0.114029 0.218151 0.003524 0.572071
2 2 0.016470 0.131003 0.702078 0.000136 0.150313
2 2 0.000112 0.013375 0.976563 0.004475 0.005474
2 2 0.000001 0.000170 0.997344 0.002482 0.000003
2 2 0.001345 0.225971 0.712093 0.012675 0.047916
2 2 0.007136 0.126560 0.551585 0.000494 0.314225
2 2 0.005416 0.016565 0.884386 0.000478 0.093155
2 2 0.000294 0.027785 0.947231 0.003779 0.020910
2 2 0.002037 0.235846 0.719087 0.000000 0.043029
1 2 0.028721 0.525161 0.146234 0.000021 0.299863
0 1 0.808141 0.102726 0.080822 0.000101 0.008210
1 2 0.136540 0.664791 0.152144 0.000178 0.046346
4 2 0.012891 0.080762 0.204873 0.000839 0.700635
2 2 0.001415 0.150447 0.753684 0.034511 0.059944
2 2 0.002611 0.054679 0.840453 0.032026 0.070230
2 2 0.011248 0.086613 0.818520 0.049088 0.034531
2 2 0.000081 0.005148 0.992528 0.000053 0.002189
2 2 0.000036 0.000877 0.995309 0.003708 0.000070
2 2 0.000813 0.061367 0.795927 0.000082 0.141810
4 2 0.005349 0.056921 0.436311 0.000856 0.500563
2 2 0.000000 0.000063 0.981631 0.018163 0.000143
2 2 0.000007 0.000736 0.994692 0.001819 0.002746
2 2 0.000002 0.000995 0.996318 0.000429 0.002257
2 2 0.000042 0.008316 0.956995 0.000011 0.034637
2 2 0.000197 0.006361 0.927259 0.014408 0.051775
2 2 0.000350 0.011628 0.935493 0.000096 0.052433
2 2 0.000028 0.000956 0.992823 0.000208 0.005985
2 2 0.000001 0.000182 0.999258 0.000061 0.000499
2 2 0.000053 0.004663 0.982122 0.007507 0.005655
2 2 0.000379 0.022227 0.841166 0.001352 0.134877
2 2 0.000000 0.000111 0.999273 0.000613 0.000003
2 2 0.000007 0.001928 0.997741 0.000245 0.000080
2 2 0.001420 0.005239 0.967907 0.002433 0.023001
2 2 0.000677 0.069792 0.884852 0.001341 0.043338
2 2 0.006232 0.030805 0.826837 0.041287 0.094840
2 2 0.001017 0.038060 0.951917 0.005426 0.003579
2 2 0.000025 0.023505 0.974527 0.000115 0.001828
2 2 0.000039 0.006518 0.989375 0.003116 0.000951
2 2 0.000000 0.000596 0.998264 0.000945 0.000195
2 2 0.000161 0.007111 0.973804 0.001796 0.017129
2 2 0.000714 0.004254 0.952305 0.001387 0.041340
2 2 0.000367 0.014673 0.980954 0.000259 0.003747
2 2 0.017420 0.099712 0.783292 0.001126 0.098449
2 2 0.000032 0.004448 0.992577 0.001519 0.001424
2 2 0.000003 0.004402 0.993526 0.000466 0.001602
2 2 0.000001 0.002783 0.992644 0.004482 0.000089
2 2 0.000204 0.002552 0.967565 0.025658 0.004020
2 2 0.000006 0.001121 0.812884 0.184955 0.001035
2 2 0.000058 0.001011 0.988971 0.009674 0.000287
2 2 0.000265 0.011397 0.951482 0.016204 0.020651
2 2 0.000053 0.001608 0.823592 0.171941 0.002807
2 2 0.000000 0.000050 0.972198 0.027703 0.000049
2 2 0.000556 0.012067 0.878171 0.088614 0.020592
2 2 0.000949 0.013340 0.963204 0.008454 0.014053
2 2 0.000006 0.004653 0.953186 0.041714 0.000442
2 2 0.000000 0.000191 0.947181 0.052624 0.000003
2 3 0.000197 0.074944 0.876586 0.009085 0.039188
2 3 0.004142 0.020301 0.945457 0.022116 0.007983
2 3 0.000430 0.002576 0.938379 0.058051 0.000564
2 3 0.000712 0.005040 0.964565 0.027910 0.001773
2 3 0.000257 0.007106 0.927821 0.061788 0.003028
2 3 0.000393 0.007280 0.678466 0.308545 0.005316
2 3 0.000049 0.001598 0.740468 0.253905 0.003980
2 3 0.000220 0.002085 0.910721 0.086076 0.000897
2 3 0.000522 0.002936 0.711662 0.284701 0.000180
2 3 0.000013 0.000532 0.773556 0.225882 0.000017
2 3 0.000096 0.004180 0.839202 0.153677 0.002844
2 3 0.000002 0.000670 0.744894 0.254378 0.000056
2 3 0.000158 0.001480 0.801045 0.196267 0.001049
2 3 0.000001 0.000253 0.519702 0.479864 0.000181
2 3 0.000016 0.000712 0.961626 0.037248 0.000398
2 3 0.000009 0.000323 0.944303 0.055096 0.000268
3 3 0.000001 0.000135 0.484590 0.515260 0.000014
3 3 0.000000 0.000127 0.119938 0.879926 0.000009
3 3 0.000000 0.000118 0.301632 0.698229 0.000021
3 3 0.000218 0.001320 0.047009 0.950995 0.000458
3 3 0.000044 0.000575 0.028512 0.970773 0.000096
3 3 0.001044 0.003137 0.433397 0.562323 0.000099
2 0 0.006359 0.119622 0.866686 0.002648 0.004686
2 0 0.309954 0.209643 0.462815 0.000434 0.017153
0 0 0.374753 0.339529 0.250015 0.000497 0.035206
1 0 0.336386 0.491154 0.124581 0.000218 0.047661
0 0 0.999479 0.000232 0.000049 0.000000 0.000239
0 0 0.780806 0.069753 0.030673 0.000538 0.118230
0 0 0.934802 0.014812 0.010601 0.000146 0.039638
0 0 0.858742 0.103536 0.016418 0.000100 0.021204
0 0 0.776590 0.043911 0.091967 0.000451 0.087081
0 0 0.629309 0.133415 0.131576 0.002076 0.103624
4 0 0.302289 0.144291 0.120794 0.000065 0.432561
0 1 0.398287 0.384176 0.067866 0.000321 0.149350
4 1 0.016822 0.245427 0.249611 0.000216 0.487923
2 1 0.003998 0.085560 0.563125 0.003066 0.344251
0 0 0.859656 0.074926 0.022069 0.000027 0.043323
2 0 0.151152 0.292249 0.296867 0.004102 0.255630
0 0 0.855770 0.014950 0.011458 0.000101 0.117722
0 0 0.719541 0.104821 0.075332 0.000018 0.100289
0 0 0.998461 0.001061 0.000186 0.000000 0.000292
1 0 0.321724 0.651145 0.013066 0.000001 0.014064
0 0 0.920885 0.055104 0.011449 0.000063 0.012498
0 0 0.818726 0.094874 0.032403 0.000723 0.053274
0 0 0.713413 0.115072 0.118511 0.000064 0.052940
0 0 0.670830 0.202556 0.095565 0.000056 0.030992
0 0 0.655638 0.285720 0.022560 0.000076 0.036006
0 0 0.586691 0.328028 0.065720 0.000022 0.019539
1 0 0.282585 0.572274 0.022032 0.000024 0.123085
0 0 0.952912 0.022296 0.004963 0.000005 0.019824
0 0 0.918756 0.052941 0.015099 0.000001 0.013203
0 0 0.762716 0.211854 0.009552 0.000003 0.015875
1 0 0.390308 0.409687 0.115964 0.000014 0.084027
0 1 0.930104 0.038858 0.024494 0.000034 0.006510
1 1 0.217714 0.454920 0.215699 0.000888 0.110779
2 1 0.235465 0.245193 0.343089 0.038108 0.138145
1 1 0.214238 0.524166 0.096922 0.005514 0.159161
1 1 0.062365 0.674224 0.142798 0.000037 0.120577
4 2 0.194643 0.330304 0.047393 0.000017 0.427643
1 1 0.321177 0.536751 0.067492 0.000172 0.074408
1 1 0.242602 0.581480 0.071624 0.000619 0.103675
1 1 0.361590 0.468231 0.070102 0.000179 0.099898
0 1 0.714135 0.131269 0.093417 0.001273 0.059906
0 1 0.881670 0.066812 0.037751 0.000121 0.013646
0 1 0.603889 0.287923 0.064305 0.000101 0.043782
1 1 0.311495 0.494424 0.076892 0.001880 0.115308
1 1 0.108641 0.606128 0.130883 0.000542 0.153806
1 2 0.011913 0.612808 0.343088 0.008796 0.023394
2 2 0.000437 0.056774 0.859489 0.012566 0.070734
2 2 0.000029 0.011108 0.884850 0.091358 0.012655
2 2 0.000805 0.082844 0.847579 0.001410 0.067362
2 2 0.000199 0.025771 0.951353 0.001810 0.020867
2 2 0.000011 0.028956 0.948479 0.001645 0.020909
2 2 0.001030 0.081930 0.581748 0.001696 0.333596
2 2 0.001228 0.118797 0.797677 0.000222 0.082077
2 2 0.000022 0.025991 0.969125 0.002442 0.002421
2 2 0.000004 0.000963 0.901841 0.095480 0.001712
2 2 0.000025 0.002784 0.984214 0.008312 0.004665
2 2 0.000008 0.013002 0.977098 0.006552 0.003339
2 2 0.000046 0.014962 0.978210 0.001178 0.005605
2 2 0.000002 0.000146 0.999511 0.000312 0.000029
2 2 0.000325 0.002257 0.994111 0.001613 0.001693
2 2 0.001264 0.058823 0.834087 0.002278 0.103548
4 2 0.021692 0.186941 0.062438 0.000639 0.728289
2 2 0.000665 0.022386 0.942801 0.002429 0.031719
2 2 0.007739 0.084984 0.753432 0.001137 0.152708
2 2 0.001099 0.056456 0.889414 0.000057 0.052974
2 2 0.022460 0.252165 0.410465 0.000681 0.314229
2 2 0.000101 0.009892 0.963156 0.000113 0.026739
2 2 0.000269 0.014480 0.972170 0.001230 0.011850
2 2 0.000981 0.027447 0.934798 0.002238 0.034536
2 2 0.000008 0.003689 0.994600 0.000829 0.000874
2 2 0.000002 0.001225 0.998084 0.000452 0.000238
2 2 0.000000 0.000024 0.995655 0.004321 0.000000
2 2 0.000001 0.000612 0.997195 0.001791 0.000402
2 2 0.000091 0.010102 0.988049 0.000006 0.001752
2 2 0.000000 0.000002 0.995006 0.004991 0.000000
2 2 0.000001 0.000268 0.999345 0.000315 0.000071
2 2 0.000003 0.000883 0.998182 0.000126 0.000806
2 2 0.000011 0.000656 0.988367 0.010583 0.000382
2 2 0.033782 0.024238 0.860980 0.006485 0.074516
2 2 0.002182 0.044010 0.743040 0.000472 0.210296
2 2 0.000001 0.000181 0.999297 0.000461 0.000060
2 2 0.000007 0.000434 0.998866 0.000595 0.000099
2 2 0.000318 0.010902 0.981184 0.000084 0.007512
2 2 0.000334 0.014193 0.974286 0.001059 0.010129
2 2 0.000020 0.001367 0.996368 0.001025 0.001220
2 2 0.000001 0.000296 0.990555 0.008975 0.000173
2 2 0.000009 0.000134 0.996912 0.002869 0.000076
2 2 0.000016 0.000777 0.993185 0.004635 0.001387
2 2 0.000001 0.000535 0.997455 0.001247 0.000763
2 2 0.011392 0.020257 0.923333 0.000236 0.044782
2 2 0.001606 0.134075 0.762316 0.000004 0.101999
2 2 0.000608 0.052281 0.786512 0.000729 0.159870
2 2 0.001261 0.042337 0.782174 0.000019 0.174209
2 2 0.001052 0.004265 0.990687 0.000038 0.003958
2 2 0.001109 0.003991 0.988222 0.000003 0.006675
2 2 0.002156 0.138043 0.715609 0.001039 0.143153
2 2 0.001662 0.093766 0.896652 0.001727 0.006192
2 2 0.009828 0.086895 0.855853 0.000210 0.047214
2 2 0.000324 0.050654 0.927199 0.001128 0.020695
2 2 0.000061 0.104118 0.859800 0.000170 0.035851
4 2 0.048962 0.238853 0.061058 0.000075 0.651051
4 2 0.043377 0.082302 0.040734 0.000023 0.833563
0 1 0.553575 0.216789 0.026302 0.000032 0.203302
0 1 0.604932 0.196079 0.055975 0.000055 0.142959
4 1 0.122118 0.325867 0.112442 0.002084 0.437489
4 1 0.030203 0.243111 0.068780 0.001531 0.656375
4 1 0.037157 0.125611 0.323395 0.008820 0.505016
2 2 0.000387 0.049921 0.789285 0.004992 0.155416
4 2 0.009354 0.216826 0.095260 0.000104 0.678456
4 1 0.039513 0.163168 0.020953 0.000028 0.776339
0 1 0.970922 0.002780 0.002240 0.000000 0.024058
0 0 0.993663 0.003596 0.000502 0.000000 0.002239
0 0 0.943471 0.009415 0.002711 0.000001 0.044402
0 0 0.983504 0.008318 0.000707 0.000000 0.007471
0 0 0.954960 0.008802 0.003756 0.000001 0.032480
0 0 0.995323 0.003107 0.000271 0.000000 0.001299
0 0 0.843732 0.092913 0.014103 0.000009 0.049243
0 0 0.986364 0.005235 0.001704 0.000000 0.006697
0 0 0.996744 0.001811 0.000593 0.000001 0.000852
0 0 0.981690 0.011860 0.003255 0.000014 0.003181
1 1 0.094813 0.485874 0.295452 0.002653 0.121208
1 1 0.087498 0.474004 0.253382 0.000186 0.184929
1 1 0.288619 0.488612 0.183515 0.000174 0.039081
1 1 0.024770 0.609967 0.313758 0.000859 0.050647
2 2 0.170318 0.212834 0.354647 0.000259 0.261943
0 2 0.764250 0.049019 0.106960 0.000189 0.079582
1 2 0.236260 0.430758 0.038096 0.000013 0.294873
1 2 0.166655 0.409290 0.037058 0.000044 0.386953
2 2 0.006271 0.158733 0.730071 0.043131 0.061793
2 2 0.000120 0.016440 0.897144 0.016297 0.070000
2 2 0.000036 0.017902 0.801522 0.007626 0.172914
2 2 0.000016 0.026430 0.960938 0.003035 0.009581
2 2 0.001390 0.074886 0.722760 0.006329 0.194635
4 2 0.008659 0.073319 0.272406 0.000997 0.644618
2 2 0.002539 0.076580 0.791579 0.001285 0.128016
2 2 0.000955 0.019738 0.951317 0.001358 0.026632
2 2 0.000283 0.005043 0.980015 0.000180 0.014480
2 2 0.000084 0.024919 0.909750 0.000058 0.065191
2 2 0.000011 0.001685 0.994490 0.000924 0.002890
2 2 0.000011 0.000414 0.994089 0.005317 0.000169
2 2 0.000260 0.022696 0.789354 0.000011 0.187678
2 2 0.001757 0.031216 0.775897 0.000022 0.191107
2 2 0.000088 0.006044 0.990302 0.000508 0.003058
2 2 0.000009 0.003998 0.992865 0.001544 0.001584
2 2 0.000002 0.018783 0.979572 0.000016 0.001626
2 2 0.000027 0.015850 0.961291 0.000053 0.022779
2 2 0.000002 0.004862 0.979325 0.012103 0.003707
2 2 0.000770 0.032170 0.723045 0.032026 0.211988
0 1 0.979897 0.005466 0.002734 0.000000 0.011903
0 2 0.418012 0.373759 0.063806 0.000023 0.144400
4 2 0.190206 0.125305 0.076395 0.000017 0.608077
4 2 0.315416 0.122734 0.031165 0.000003 0.530682
0 1 0.821691 0.033520 0.001865 0.000000 0.142924
4 1 0.132665 0.336655 0.012960 0.000005 0.517715
1 2 0.059513 0.461551 0.192904 0.000034 0.285997
1 2 0.024760 0.615404 0.192617 0.000035 0.167184
2 2 0.000049 0.008541 0.989479 0.000195 0.001736
2 2 0.000067 0.045685 0.921817 0.011065 0.021366
2 2 0.000075 0.003722 0.971837 0.020882 0.003484
2 2 0.000102 0.003855 0.993343 0.000096 0.002603
2 2 0.000183 0.029843 0.959604 0.003735 0.006636
2 2 0.013625 0.219135 0.477416 0.000020 0.289804
2 2 0.000633 0.011257 0.980267 0.000439 0.007404
2 2 0.000050 0.015840 0.974681 0.003110 0.006319
2 2 0.000411 0.003233 0.983463 0.000007 0.012885
2 2 0.002648 0.014374 0.953636 0.000035 0.029307
2 2 0.000000 0.001070 0.997900 0.000797 0.000233
2 2 0.000660 0.011485 0.965035 0.000999 0.021821
2 2 0.000000 0.000012 0.999851 0.000134 0.000003
2 2 0.000000 0.000029 0.999226 0.000738 0.000007
2 2 0.000003 0.000371 0.997685 0.001704 0.000237
2 2 0.000009 0.003807 0.991623 0.004171 0.000390
2 2 0.000214 0.082558 0.840449 0.000033 0.076747
2 2 0.000081 0.002698 0.976166 0.000069 0.020986
2 2 0.000005 0.000312 0.980564 0.018742 0.000378
2 2 0.000105 0.005053 0.993052 0.000095 0.001695
2 2 0.000000 0.000388 0.997496 0.002100 0.000016
2 2 0.000001 0.000622 0.997157 0.002062 0.000157
2 2 0.000000 0.000168 0.564220 0.435602 0.000010
2 2 0.000001 0.000108 0.852941 0.146916 0.000034
2 2 0.000003 0.000438 0.944611 0.053971 0.000978
2 2 0.000000 0.000078 0.994469 0.005405 0.000047
2 2 0.000337 0.003983 0.959456 0.011489 0.024735
4 2 0.000753 0.024345 0.458845 0.015982 0.500075
4 4 0.001979 0.086430 0.089359 0.002571 0.819660
4 4 0.003846 0.093444 0.047245 0.000243 0.855222
4 4 0.006440 0.015157 0.046247 0.000700 0.931456
4 4 0.000970 0.183237 0.082224 0.000001 0.733568
4 4 0.000358 0.025528 0.038084 0.000087 0.935943
4 4 0.000832 0.012289 0.018997 0.000084 0.967798
4 4 0.004344 0.009689 0.004257 0.000050 0.981659
4 4 0.014113 0.019157 0.019069 0.001103 0.946558
4 4 0.002254 0.009317 0.011595 0.000090 0.976744
4 4 0.011680 0.006380 0.001948 0.000003 0.979990
4 1 0.075779 0.001925 0.001418 0.000001 0.920877
4 1 0.056917 0.083295 0.110778 0.001139 0.747871
4 2 0.000125 0.017342 0.084066 0.000048 0.898419
4 2 0.000520 0.029537 0.091240 0.000181 0.878522
4 4 0.004489 0.012328 0.007906 0.000070 0.975208
4 4 0.002397 0.029654 0.018836 0.000004 0.949109
4 4 0.005404 0.014324 0.005653 0.000074 0.974547
4 4 0.003734 0.020211 0.009504 0.000170 0.966382
4 4 0.038883 0.015513 0.021569 0.002114 0.921921
4 4 0.003882 0.015044 0.006010 0.000071 0.974994
4 4 0.000217 0.002305 0.003584 0.000001 0.993893
4 4 0.000411 0.001230 0.001482 0.000002 0.996875
4 4 0.001771 0.003060 0.001559 0.000011 0.993600
4 4 0.016260 0.009528 0.010166 0.000467 0.963579
4 4 0.014892 0.005121 0.006143 0.000175 0.973669
4 4 0.085725 0.004931 0.003228 0.000006 0.906110
4 4 0.018453 0.013184 0.012407 0.000586 0.955371
4 4 0.001770 0.000648 0.000899 0.000010 0.996673
4 4 0.000886 0.005128 0.001183 0.000003 0.992799
4 4 0.002575 0.004083 0.001616 0.000007 0.991720
4 4 0.000633 0.003062 0.012102 0.000020 0.984183
4 4 0.000800 0.003432 0.011261 0.000070 0.984437
4 4 0.001395 0.075456 0.107292 0.000027 0.815830
4 4 0.002466 0.009886 0.138357 0.001130 0.848160
4 4 0.016693 0.008522 0.009944 0.000486 0.964354
4 4 0.001119 0.025827 0.006396 0.000046 0.966612
4 4 0.011384 0.006155 0.006871 0.000251 0.975339
4 4 0.173983 0.033465 0.022873 0.000398 0.769281
4 4 0.037204 0.014824 0.020610 0.001955 0.925406
4 4 0.059209 0.007234 0.014886 0.000025 0.918646
4 4 0.009991 0.001680 0.000912 0.000001 0.987416
4 4 0.042509 0.017685 0.025564 0.002870 0.911372
4 4 0.001507 0.000549 0.000762 0.000008 0.997174
4 4 0.007102 0.002076 0.003339 0.000030 0.987453
4 4 0.002510 0.022537 0.021350 0.000589 0.953015
4 4 0.003647 0.004138 0.004558 0.000047 0.987611
4 4 0.163644 0.031132 0.037527 0.002684 0.765013
4 4 0.001957 0.002393 0.003214 0.000005 0.992431
4 4 0.004420 0.015983 0.005143 0.000053 0.974401
4 4 0.020682 0.030046 0.030980 0.000011 0.918281
4 4 0.007797 0.003609 0.006085 0.000183 0.982326
4 4 0.019064 0.002118 0.002338 0.000014 0.976466
4 4 0.058380 0.013120 0.016392 0.000739 0.911369
4 4 0.005509 0.012336 0.002016 0.000002 0.980138
4 4 0.003778 0.005357 0.027890 0.005293 0.957682
4 4 0.006713 0.025273 0.028783 0.001961 0.937269
4 4 0.004177 0.003850 0.007707 0.000355 0.983911
4 4 0.019866 0.040249 0.052986 0.004383 0.882516
4 4 0.012769 0.001996 0.002350 0.000020 0.982865
4 4 0.001886 0.000484 0.000629 0.000004 0.996998
4 4 0.014336 0.005558 0.007724 0.000370 0.972012
4 4 0.009080 0.003476 0.004829 0.000168 0.982447
3 4 0.019471 0.035692 0.219188 0.561125 0.164525
4 4 0.004742 0.017058 0.068478 0.017900 0.891822
4 4 0.021152 0.017719 0.015087 0.000749 0.945294
4 4 0.000920 0.000331 0.000459 0.000003 0.998286
4 4 0.006736 0.008259 0.004586 0.000059 0.980360
4 4 0.021238 0.005491 0.007072 0.000209 0.965989
4 4 0.001284 0.028144 0.129822 0.000075 0.840674
4 4 0.022320 0.052834 0.067205 0.000004 0.857637
4 4 0.005896 0.010634 0.070238 0.000941 0.912291
4 4 0.000644 0.039079 0.070770 0.000339 0.889167
4 4 0.004270 0.071555 0.140685 0.001678 0.781812
4 4 0.002090 0.027288 0.063696 0.000527 0.906399
