0 0 0.893578 0.031747 0.048434 0.000196 0.026046
0 0 0.970526 0.006685 0.018642 0.000008 0.004139
0 0 0.999446 0.000050 0.000070 0.000000 0.000433
0 0 0.999733 0.000089 0.000037 0.000000 0.000140
0 0 0.998240 0.000377 0.000688 0.000000 0.000695
0 0 0.993413 0.000415 0.001426 0.000004 0.004742
0 0 0.877473 0.016384 0.026120 0.000316 0.079707
0 0 0.999965 0.000017 0.000007 0.000000 0.000011
0 0 0.998411 0.001581 0.000001 0.000000 0.000007
0 0 0.962264 0.004296 0.029110 0.000524 0.003806
0 0 0.995197 0.000239 0.001096 0.000003 0.003466
0 0 0.965240 0.024606 0.007247 0.000003 0.002904
0 0 0.939935 0.006858 0.051279 0.000585 0.001342
0 0 0.850638 0.058045 0.039627 0.001034 0.050657
0 0 0.733161 0.029915 0.009191 0.000002 0.227732
0 0 0.969620 0.015426 0.010501 0.000017 0.004436
0 0 0.892316 0.016544 0.005064 0.000002 0.086074
0 0 0.863137 0.011724 0.013581 0.000019 0.111538
0 0 0.510438 0.011112 0.052588 0.000139 0.425724
0 0 0.905074 0.019290 0.017604 0.000077 0.057957
0 0 0.712120 0.073468 0.011733 0.000002 0.202676
0 0 0.461616 0.235213 0.023215 0.000005 0.279951
0 0 0.540028 0.048764 0.018347 0.000001 0.392860
4 0 0.186632 0.038163 0.016095 0.000026 0.759084
0 0 0.592707 0.070088 0.014885 0.000005 0.322314
4 0 0.465130 0.048450 0.015644 0.000001 0.470774
0 0 0.602381 0.041599 0.017866 0.000014 0.338140
0 0 0.902790 0.043764 0.007244 0.000003 0.046200
0 0 0.643524 0.038238 0.019706 0.000080 0.298451
0 0 0.916694 0.018877 0.011792 0.000149 0.052488
0 0 0.999916 0.000001 0.000001 0.000000 0.000082
0 0 0.988596 0.000737 0.009485 0.000063 0.001119
0 0 0.815275 0.074558 0.012959 0.000007 0.097201
0 0 0.940575 0.029666 0.005365 0.000003 0.024391
0 0 0.974973 0.010548 0.002393 0.000001 0.012086
0 0 0.834567 0.048219 0.100045 0.000603 0.016565
0 0 0.926921 0.034592 0.004001 0.000000 0.034486
0 0 0.935544 0.040442 0.007253 0.000009 0.016752
0 0 0.753240 0.153649 0.017502 0.000010 0.075599
0 0 0.685207 0.050975 0.038051 0.000021 0.225746
1 0 0.277448 0.593285 0.078582 0.000013 0.050672
0 0 0.580837 0.246535 0.035886 0.000008 0.136734
0 0 0.482871 0.100073 0.066747 0.000007 0.350301
1 0 0.198676 0.348105 0.297408 0.000534 0.155277
2 0 0.344177 0.124335 0.404801 0.000005 0.126682
0 0 0.777349 0.085391 0.035545 0.000002 0.101713
0 0 0.615125 0.107004 0.032018 0.000066 0.245787
4 0 0.308475 0.243317 0.060078 0.000054 0.388076
0 0 0.744022 0.155105 0.029570 0.000000 0.071303
1 0 0.238960 0.539548 0.058264 0.000003 0.163225
0 0 0.511122 0.250271 0.077910 0.000046 0.160651
4 0 0.150691 0.185956 0.055066 0.000017 0.608270
0 0 0.795640 0.019293 0.007818 0.000005 0.177244
0 0 0.807862 0.025881 0.010695 0.000015 0.155547
4 0 0.350240 0.257035 0.030762 0.000003 0.361960
0 0 0.378762 0.334436 0.056927 0.000018 0.229857
4 0 0.413719 0.043575 0.024119 0.000127 0.518461
0 0 0.511427 0.026908 0.011237 0.000008 0.450421
0 0 0.929312 0.019609 0.004478 0.000001 0.046600
0 0 0.719659 0.014713 0.011559 0.000046 0.254024
4 0 0.197651 0.127297 0.019029 0.000005 0.656017
0 0 0.652449 0.017450 0.005026 0.000000 0.325076
4 0 0.391138 0.091152 0.020403 0.000013 0.497295
4 0 0.154888 0.052633 0.013006 0.000005 0.779468
0 0 0.475583 0.041192 0.013824 0.000001 0.469400
0 0 0.608295 0.044907 0.010278 0.000002 0.336518
4 0 0.218593 0.074011 0.023786 0.000046 0.683564
4 0 0.270638 0.134688 0.018168 0.000003 0.576503
0 0 0.824411 0.099606 0.034132 0.000092 0.041759
0 0 0.769536 0.110579 0.020580 0.000032 0.099273
0 0 0.584904 0.039508 0.038168 0.000020 0.337399
4 0 0.105580 0.085301 0.091044 0.000099 0.717976
0 0 0.813166 0.167149 0.006418 0.000000 0.013266
0 0 0.799126 0.113141 0.011193 0.000002 0.076539
0 0 0.877054 0.039498 0.004452 0.000000 0.078997
0 0 0.968694 0.018618 0.003297 0.000002 0.009390
0 0 0.909618 0.068733 0.008015 0.000006 0.013627
0 0 0.651391 0.233566 0.047860 0.000827 0.066356
0 0 0.973675 0.022135 0.001450 0.000000 0.002739
0 0 0.941386 0.045825 0.004564 0.000002 0.008223
0 0 0.986442 0.002844 0.001372 0.000001 0.009341
0 0 0.929446 0.031851 0.004642 0.000001 0.034060
0 0 0.887793 0.007495 0.002757 0.000000 0.101954
0 0 0.753402 0.030182 0.010071 0.000006 0.206338
0 0 0.891809 0.016910 0.009643 0.000042 0.081595
0 0 0.962193 0.013140 0.002350 0.000000 0.022316
4 0 0.194508 0.088788 0.017381 0.000007 0.699316
4 0 0.075762 0.168920 0.054576 0.000016 0.700725
0 0 0.615106 0.055018 0.016124 0.000009 0.313743
0 0 0.749242 0.133455 0.026010 0.000001 0.091291
4 0 0.207391 0.065653 0.012642 0.000002 0.714312
4 1 0.231045 0.274102 0.022061 0.000003 0.472789
1 1 0.139539 0.522653 0.293309 0.000182 0.044316
0 2 0.578875 0.210183 0.136777 0.000488 0.073677
1 2 0.005962 0.420431 0.327612 0.007535 0.238461
1 2 0.088512 0.662941 0.195887 0.001308 0.051352
4 2 0.014393 0.194545 0.223535 0.043789 0.523737
4 2 0.015077 0.125319 0.079638 0.003618 0.776348
2 2 0.000032 0.031792 0.942915 0.019010 0.006251
4 2 0.006966 0.140875 0.356235 0.043429 0.452494
2 2 0.000001 0.000068 0.967630 0.031784 0.000517
2 2 0.000420 0.006815 0.899897 0.032289 0.060578
2 2 0.000005 0.000272 0.799761 0.199429 0.000533
2 2 0.000109 0.001021 0.927524 0.057003 0.014343
3 2 0.000002 0.000009 0.493732 0.506236 0.000021
2 2 0.000049 0.000276 0.974085 0.024709 0.000882
2 2 0.000018 0.000014 0.528054 0.471870 0.000045
2 2 0.000018 0.000416 0.739720 0.259732 0.000114
2 2 0.000002 0.000046 0.882653 0.117263 0.000036
2 2 0.000026 0.000130 0.929318 0.070455 0.000070
2 2 0.000002 0.000014 0.970991 0.028665 0.000328
2 2 0.000102 0.000168 0.915363 0.084275 0.000092
2 2 0.000001 0.000008 0.903900 0.096071 0.000021
2 2 0.000003 0.000012 0.958284 0.041674 0.000028
3 2 0.000000 0.000001 0.060784 0.939216 0.000000
3 2 0.000000 0.000347 0.417276 0.582329 0.000047
3 2 0.000000 0.000002 0.463110 0.536885 0.000004
3 2 0.000000 0.000000 0.050167 0.949832 0.000000
3 2 0.000000 0.000001 0.227439 0.772560 0.000000
3 3 0.000000 0.000003 0.388743 0.611252 0.000002
3 3 0.000003 0.000000 0.060654 0.939342 0.000001
3 3 0.000069 0.000014 0.017174 0.982738 0.000005
3 3 0.001874 0.000124 0.076684 0.921105 0.000213
3 3 0.000776 0.000008 0.137333 0.861832 0.000051
2 3 0.000000 0.000005 0.616360 0.383628 0.000007
3 3 0.000001 0.000021 0.218558 0.781405 0.000015
3 3 0.000000 0.000001 0.399844 0.600151 0.000004
3 3 0.000009 0.000001 0.005302 0.994687 0.000001
2 3 0.000000 0.000009 0.592633 0.407353 0.000004
3 3 0.000001 0.000019 0.085309 0.914664 0.000007
3 3 0.000005 0.000000 0.001204 0.998790 0.000000
3 3 0.000020 0.000010 0.016704 0.983256 0.000010
2 3 0.000290 0.000135 0.830936 0.168635 0.000005
2 2 0.000018 0.000507 0.990277 0.009197 0.000000
2 2 0.000006 0.000419 0.780754 0.218335 0.000486
3 2 0.000000 0.000002 0.131740 0.868258 0.000001
2 2 0.000043 0.000486 0.893495 0.103169 0.002806
2 2 0.000003 0.000621 0.987839 0.006148 0.005389
3 2 0.000001 0.000003 0.372891 0.627097 0.000009
2 2 0.000002 0.000137 0.758986 0.240858 0.000017
2 2 0.000007 0.000005 0.998838 0.001149 0.000001
3 2 0.000060 0.000147 0.202142 0.797432 0.000220
3 2 0.000437 0.000003 0.013339 0.986166 0.000056
3 3 0.000453 0.000181 0.112445 0.885960 0.000962
3 3 0.000085 0.000018 0.176672 0.823156 0.000069
3 3 0.000002 0.000041 0.276790 0.723145 0.000022
3 3 0.000003 0.000009 0.024138 0.975828 0.000022
3 3 0.000001 0.000000 0.060406 0.939592 0.000001
3 3 0.000028 0.000000 0.001317 0.998654 0.000001
3 3 0.000326 0.000014 0.030040 0.969553 0.000068
3 3 0.000057 0.000001 0.004577 0.995357 0.000007
3 3 0.000006 0.000000 0.000760 0.999234 0.000000
3 3 0.001042 0.000045 0.041808 0.956455 0.000649
3 3 0.004592 0.000164 0.037784 0.956474 0.000986
3 3 0.000000 0.000000 0.001355 0.998644 0.000000
3 3 0.000004 0.000001 0.001652 0.998342 0.000001
2 3 0.000109 0.000060 0.673082 0.326643 0.000105
3 3 0.000105 0.000540 0.051347 0.947972 0.000036
3 3 0.000008 0.000008 0.002218 0.997763 0.000003
3 3 0.000000 0.000000 0.003524 0.996475 0.000000
3 3 0.000048 0.000132 0.022566 0.977069 0.000184
3 3 0.000005 0.000001 0.002426 0.997567 0.000002
3 3 0.000045 0.000003 0.002339 0.997610 0.000003
3 3 0.000001 0.000000 0.000803 0.999196 0.000000
3 3 0.000070 0.000006 0.003759 0.996157 0.000008
3 3 0.000000 0.000000 0.000332 0.999667 0.000000
3 3 0.000002 0.000000 0.000864 0.999134 0.000000
3 3 0.000063 0.000002 0.016146 0.983742 0.000048
3 3 0.000000 0.000000 0.000147 0.999853 0.000000
3 3 0.000002 0.000000 0.000443 0.999556 0.000000
3 3 0.000013 0.000010 0.003630 0.996341 0.000006
3 3 0.000164 0.000025 0.005738 0.994050 0.000023
3 3 0.000018 0.000000 0.000869 0.999113 0.000000
3 3 0.000016 0.000001 0.001448 0.998533 0.000001
3 3 0.000003 0.000000 0.000572 0.999424 0.000000
3 3 0.000003 0.000004 0.001039 0.998953 0.000001
3 3 0.000004 0.000003 0.001969 0.998023 0.000001
3 3 0.000000 0.000000 0.000263 0.999736 0.000000
3 3 0.000000 0.000000 0.000078 0.999922 0.000000
3 3 0.000000 0.000000 0.000150 0.999849 0.000000
3 3 0.000000 0.000000 0.000181 0.999818 0.000000
3 3 0.000028 0.000004 0.002124 0.997842 0.000003
3 3 0.000014 0.000002 0.002110 0.997872 0.000002
3 3 0.000005 0.000000 0.000535 0.999460 0.000000
3 3 0.000027 0.000001 0.002787 0.997182 0.000003
3 3 0.000329 0.000039 0.020414 0.979041 0.000177
3 3 0.008680 0.006060 0.335363 0.563365 0.086533
3 3 0.000046 0.000016 0.007110 0.992806 0.000022
3 2 0.000199 0.000073 0.084182 0.915504 0.000041
3 2 0.000072 0.000890 0.189061 0.809608 0.000369
2 2 0.000017 0.000013 0.851326 0.148489 0.000155
2 2 0.000017 0.000130 0.676550 0.322801 0.000503
3 2 0.000000 0.000001 0.026016 0.973983 0.000000
3 2 0.000000 0.000005 0.093432 0.906560 0.000003
3 2 0.000014 0.000001 0.007986 0.991988 0.000012
3 3 0.000002 0.000000 0.007152 0.992845 0.000001
2 3 0.000014 0.000005 0.881609 0.118158 0.000214
3 3 0.000253 0.000015 0.034346 0.965317 0.000069
3 3 0.001934 0.004421 0.085642 0.902244 0.005758
3 3 0.000335 0.001547 0.166592 0.829470 0.002055
3 3 0.000029 0.000012 0.141971 0.857987 0.000002
3 3 0.000009 0.000158 0.126051 0.873622 0.000160
2 2 0.000009 0.000119 0.945695 0.053945 0.000233
2 2 0.000005 0.000045 0.869532 0.130342 0.000076
2 2 0.000028 0.000558 0.962324 0.036141 0.000948
2 2 0.000059 0.002188 0.620165 0.375953 0.001635
2 2 0.000038 0.003488 0.983428 0.007221 0.005824
2 2 0.000007 0.000302 0.943554 0.055273 0.000864
2 2 0.000028 0.010747 0.913642 0.000259 0.075323
2 2 0.000005 0.000046 0.983716 0.016026 0.000208
4 2 0.000885 0.029453 0.262824 0.000621 0.706216
4 2 0.003525 0.017521 0.231697 0.001002 0.746256
2 2 0.000147 0.036153 0.879332 0.006705 0.077664
2 2 0.000014 0.000812 0.991707 0.002813 0.004654
2 2 0.001079 0.044489 0.723321 0.018713 0.212399
2 2 0.000003 0.002395 0.986983 0.000791 0.009827
2 2 0.000001 0.000087 0.998609 0.000570 0.000734
2 2 0.000025 0.038164 0.953990 0.000246 0.007575
2 2 0.000358 0.000979 0.995000 0.000884 0.002779
2 2 0.128061 0.012393 0.854629 0.001591 0.003326
1 2 0.305052 0.582497 0.096357 0.000202 0.015892
2 2 0.020890 0.357550 0.564692 0.019365 0.037503
2 2 0.000001 0.000246 0.998701 0.001028 0.000024
2 2 0.000001 0.000136 0.994118 0.005713 0.000031
2 2 0.000243 0.000970 0.947815 0.050939 0.000033
2 2 0.021887 0.128243 0.741460 0.060406 0.048003
2 2 0.000038 0.000411 0.994912 0.004240 0.000399
2 2 0.000000 0.000027 0.953525 0.046419 0.000028
2 2 0.000012 0.000135 0.611456 0.388103 0.000294
2 2 0.000084 0.001890 0.939879 0.053985 0.004162
2 2 0.000013 0.000071 0.729205 0.270673 0.000038
2 2 0.000014 0.000202 0.944322 0.054991 0.000471
3 2 0.000000 0.000001 0.360282 0.639716 0.000001
2 2 0.000000 0.000003 0.517713 0.482282 0.000002
2 2 0.000001 0.000002 0.895878 0.104069 0.000049
2 2 0.000000 0.000000 0.810563 0.189432 0.000005
2 2 0.000000 0.000011 0.530128 0.469858 0.000003
2 2 0.000000 0.000001 0.945634 0.054365 0.000000
3 3 0.000000 0.000000 0.105413 0.894586 0.000000
3 3 0.000001 0.000000 0.272610 0.727388 0.000000
3 3 0.000077 0.000003 0.066903 0.932792 0.000225
3 3 0.000051 0.000001 0.008994 0.990937 0.000017
3 3 0.000075 0.000003 0.070616 0.929304 0.000002
3 3 0.000001 0.000001 0.102827 0.897170 0.000001
3 3 0.000000 0.000000 0.011636 0.988364 0.000000
3 3 0.000002 0.000002 0.044865 0.955128 0.000003
3 3 0.000000 0.000000 0.028496 0.971503 0.000000
3 3 0.000058 0.000001 0.012490 0.987444 0.000008
3 3 0.000016 0.000002 0.015045 0.984920 0.000018
3 3 0.000050 0.000003 0.011957 0.987980 0.000011
3 3 0.000000 0.000000 0.000881 0.999119 0.000000
3 3 0.000000 0.000000 0.000063 0.999937 0.000000
3 3 0.000001 0.000000 0.098984 0.901014 0.000000
3 3 0.000002 0.000001 0.019857 0.980138 0.000002
3 3 0.000002 0.000000 0.003308 0.996689 0.000001
3 3 0.000055 0.000012 0.009404 0.990497 0.000032
3 3 0.000081 0.000000 0.002619 0.997298 0.000002
3 3 0.000012 0.000000 0.001828 0.998159 0.000001
3 3 0.000009 0.000006 0.001924 0.998060 0.000002
3 3 0.000006 0.000003 0.001386 0.998603 0.000001
2 2 0.007681 0.000886 0.899510 0.091590 0.000333
2 2 0.195054 0.346926 0.433700 0.005043 0.019277
2 2 0.002956 0.451187 0.531863 0.000117 0.013877
2 2 0.000811 0.121887 0.871878 0.001741 0.003683
3 2 0.000016 0.000235 0.373401 0.626257 0.000090
2 2 0.000001 0.000486 0.924230 0.075180 0.000103
3 2 0.000000 0.000000 0.362088 0.637911 0.000001
3 2 0.000007 0.000046 0.341920 0.657975 0.000052
3 2 0.000000 0.000000 0.311720 0.688280 0.000000
3 2 0.000000 0.000000 0.284312 0.715688 0.000000
2 2 0.000000 0.000002 0.844031 0.155965 0.000002
2 2 0.000000 0.000028 0.903802 0.096162 0.000008
2 2 0.000000 0.000001 0.993901 0.006095 0.000003
2 2 0.000000 0.000001 0.751824 0.248172 0.000003
3 2 0.000025 0.000004 0.152413 0.847557 0.000001
3 2 0.000101 0.000006 0.061043 0.938797 0.000053
3 2 0.000014 0.000000 0.010014 0.989969 0.000003
3 2 0.000000 0.000000 0.112767 0.887232 0.000000
3 2 0.000000 0.000000 0.007790 0.992210 0.000000
3 2 0.000009 0.000000 0.000424 0.999567 0.000000
2 2 0.000000 0.000000 0.918992 0.081004 0.000004
2 2 0.000007 0.000059 0.904791 0.094352 0.000791
3 2 0.000001 0.000001 0.070400 0.929597 0.000001
3 3 0.000005 0.000005 0.023525 0.976457 0.000008
3 3 0.000000 0.000000 0.001102 0.998898 0.000000
3 3 0.000004 0.000002 0.000971 0.999022 0.000000
3 3 0.000000 0.000000 0.001548 0.998452 0.000000
3 3 0.000004 0.000000 0.001640 0.998355 0.000001
3 3 0.000049 0.000021 0.084201 0.915685 0.000044
3 3 0.000029 0.000002 0.003188 0.996776 0.000004
3 3 0.000540 0.000043 0.009603 0.989747 0.000067
3 3 0.000187 0.000002 0.003422 0.996385 0.000005
3 3 0.000001 0.000002 0.018096 0.981899 0.000002
3 3 0.000007 0.000008 0.005620 0.994358 0.000007
3 3 0.000277 0.000013 0.015132 0.984491 0.000088
3 3 0.001269 0.000700 0.033949 0.963185 0.000897
3 2 0.000018 0.000004 0.003219 0.996758 0.000001
3 2 0.001173 0.000168 0.014950 0.983512 0.000197
2 2 0.001697 0.000024 0.724251 0.273818 0.000210
2 2 0.000027 0.000659 0.798793 0.198557 0.001964
3 2 0.000007 0.000010 0.346876 0.653092 0.000014
3 2 0.000037 0.000065 0.250129 0.749723 0.000046
3 2 0.000000 0.000001 0.352133 0.647866 0.000000
3 2 0.000000 0.000000 0.059799 0.940201 0.000000
2 2 0.000000 0.000000 0.908165 0.091834 0.000001
3 2 0.000000 0.000001 0.233533 0.766466 0.000001
2 2 0.000040 0.000613 0.922669 0.076446 0.000232
3 2 0.000048 0.000109 0.437791 0.561803 0.000249
3 2 0.000004 0.000002 0.056379 0.943613 0.000003
3 2 0.000001 0.000002 0.039915 0.960080 0.000001
3 2 0.000001 0.000003 0.345019 0.654975 0.000002
3 2 0.000011 0.000303 0.149956 0.849668 0.000063
3 2 0.000000 0.000000 0.102627 0.897372 0.000000
2 2 0.000000 0.000068 0.847724 0.152175 0.000032
2 2 0.000001 0.000007 0.542739 0.457232 0.000022
2 2 0.000000 0.000005 0.544879 0.455112 0.000004
2 2 0.000004 0.000009 0.678969 0.320914 0.000104
3 2 0.000004 0.000006 0.246923 0.753045 0.000022
2 2 0.000000 0.000000 0.768061 0.231939 0.000000
2 2 0.000000 0.000011 0.810507 0.189472 0.000011
3 2 0.000000 0.000000 0.050812 0.949188 0.000000
3 2 0.000000 0.000000 0.041535 0.958465 0.000000
2 2 0.000000 0.000002 0.828089 0.171907 0.000002
2 2 0.000067 0.000043 0.584799 0.414335 0.000756
2 2 0.000000 0.000001 0.768216 0.231782 0.000000
3 2 0.000000 0.000004 0.420888 0.579106 0.000002
3 2 0.000002 0.000001 0.056081 0.943911 0.000006
3 2 0.000034 0.000107 0.129247 0.870302 0.000310
3 2 0.000158 0.000003 0.045825 0.954010 0.000005
3 2 0.000201 0.000573 0.292288 0.706810 0.000128
3 2 0.000000 0.000000 0.074670 0.925330 0.000000
3 2 0.000000 0.000000 0.016083 0.983917 0.000000
3 2 0.000000 0.000000 0.006689 0.993311 0.000000
3 2 0.000003 0.000001 0.027710 0.972283 0.000001
3 2 0.000001 0.000000 0.006040 0.993960 0.000000
3 2 0.000005 0.000000 0.000964 0.999030 0.000000
3 2 0.000022 0.000056 0.219926 0.779763 0.000233
2 2 0.000113 0.000061 0.530109 0.469560 0.000157
2 2 0.251303 0.261742 0.426815 0.013921 0.046218
3 2 0.000416 0.006017 0.192731 0.799817 0.001020
2 2 0.000247 0.001297 0.690831 0.304459 0.003167
3 2 0.000000 0.000002 0.088573 0.911424 0.000000
2 2 0.000002 0.000076 0.807513 0.192330 0.000078
2 2 0.000056 0.000471 0.922958 0.076434 0.000081
2 2 0.000009 0.001206 0.802446 0.196250 0.000089
2 2 0.000000 0.000007 0.886573 0.113407 0.000013
2 2 0.000000 0.000001 0.633688 0.366311 0.000000
3 2 0.000000 0.000011 0.428939 0.571049 0.000001
3 2 0.000000 0.000000 0.041789 0.958211 0.000000
2 2 0.000000 0.000006 0.563250 0.436741 0.000003
2 2 0.000029 0.000003 0.791374 0.208591 0.000004
2 2 0.000005 0.000009 0.803340 0.196643 0.000004
3 2 0.000001 0.000046 0.118176 0.881761 0.000016
2 2 0.000000 0.000001 0.637936 0.362061 0.000002
2 2 0.000001 0.000000 0.823700 0.176299 0.000000
2 2 0.000002 0.000018 0.937697 0.062280 0.000002
3 2 0.000024 0.000378 0.415764 0.583275 0.000560
2 2 0.001791 0.001751 0.758385 0.174126 0.063947
3 2 0.000000 0.000000 0.012144 0.987855 0.000000
3 2 0.000003 0.000006 0.056207 0.943778 0.000008
3 2 0.000053 0.000059 0.052912 0.946887 0.000090
3 3 0.000158 0.000078 0.048777 0.950729 0.000258
3 3 0.000000 0.000000 0.016003 0.983997 0.000000
3 3 0.000000 0.000000 0.002146 0.997854 0.000000
3 3 0.000000 0.000000 0.022095 0.977905 0.000000
3 3 0.000000 0.000000 0.001108 0.998891 0.000000
3 3 0.000348 0.000070 0.066022 0.932706 0.000853
3 3 0.000057 0.000766 0.115329 0.882964 0.000884
3 3 0.000000 0.000000 0.002862 0.997138 0.000000
3 3 0.000001 0.000001 0.005551 0.994447 0.000000
3 3 0.000287 0.000011 0.097791 0.901047 0.000863
2 3 0.000585 0.001062 0.504614 0.475652 0.018086
3 3 0.000006 0.000002 0.010767 0.989219 0.000006
3 3 0.000019 0.000011 0.024552 0.975403 0.000015
3 3 0.000123 0.000001 0.009884 0.989969 0.000023
3 3 0.000001 0.000000 0.000364 0.999635 0.000000
3 3 0.000003 0.000003 0.062917 0.937075 0.000002
3 3 0.000034 0.000002 0.003201 0.996760 0.000004
2 3 0.000317 0.001379 0.851942 0.139658 0.006704
2 3 0.000006 0.000429 0.744022 0.255182 0.000362
4 4 0.024586 0.013708 0.109042 0.004608 0.848057
2 4 0.000103 0.011620 0.946058 0.019624 0.022595
2 4 0.000549 0.036746 0.679295 0.000032 0.283378
2 4 0.006119 0.301397 0.511721 0.000082 0.180681
2 4 0.006711 0.090168 0.648798 0.001113 0.253210
4 4 0.016100 0.046143 0.302024 0.004440 0.631293
2 4 0.002299 0.036720 0.802420 0.003306 0.155255
2 4 0.004642 0.032990 0.652925 0.004261 0.305182
4 4 0.000233 0.083632 0.138701 0.000045 0.777389
4 4 0.001879 0.044670 0.064751 0.000030 0.888669
4 4 0.004631 0.019193 0.140981 0.000186 0.835008
4 4 0.002442 0.058411 0.151064 0.000243 0.787839
4 4 0.011437 0.056685 0.364875 0.002600 0.564403
4 4 0.030944 0.042141 0.174782 0.001100 0.751033
4 4 0.156419 0.009200 0.005917 0.000004 0.828460
4 4 0.168026 0.006554 0.009073 0.000061 0.816287
2 4 0.001194 0.164071 0.659204 0.007610 0.167921
4 4 0.001083 0.050831 0.375892 0.000771 0.571424
4 4 0.002167 0.108318 0.134314 0.000620 0.754580
4 4 0.000297 0.056537 0.160759 0.000045 0.782362
4 4 0.014920 0.004637 0.004606 0.000022 0.975814
4 4 0.036404 0.117475 0.010847 0.000001 0.835274
4 4 0.005057 0.067209 0.180059 0.000029 0.747647
2 4 0.001187 0.054479 0.491772 0.000833 0.451730
4 4 0.002733 0.021331 0.039849 0.000053 0.936036
4 4 0.000312 0.052838 0.075041 0.000040 0.871769
4 4 0.008671 0.009854 0.013766 0.000157 0.967552
4 4 0.005575 0.014823 0.007849 0.000060 0.971693
4 4 0.000431 0.014942 0.070652 0.000007 0.913968
4 4 0.006365 0.016146 0.346097 0.001039 0.630352
4 4 0.000234 0.055690 0.449249 0.000039 0.494787
4 4 0.000612 0.091302 0.108961 0.000008 0.799117
4 4 0.001659 0.076536 0.233424 0.000307 0.688074
4 4 0.001447 0.056980 0.194151 0.000094 0.747328
4 4 0.001659 0.066283 0.394598 0.000838 0.536622
4 4 0.003300 0.031118 0.124478 0.000345 0.840759
4 4 0.000418 0.012638 0.192869 0.000010 0.794064
4 4 0.001657 0.010066 0.014441 0.000012 0.973824
4 4 0.003115 0.009295 0.012383 0.000009 0.975198
4 4 0.008146 0.041870 0.099357 0.000049 0.850578
2 4 0.007571 0.073735 0.525630 0.000037 0.393027
2 4 0.007099 0.025783 0.766219 0.016258 0.184641
4 4 0.001567 0.054217 0.456030 0.000702 0.487485
4 4 0.001124 0.021740 0.069584 0.000026 0.907525
4 4 0.068966 0.022536 0.023030 0.000088 0.885380
4 4 0.000960 0.088055 0.343282 0.000184 0.567520
4 4 0.009038 0.005946 0.004728 0.000022 0.980266
4 4 0.002821 0.032996 0.050140 0.000106 0.913936
4 4 0.006942 0.020295 0.155058 0.000560 0.817146
4 4 0.000932 0.075679 0.146288 0.000176 0.776926
2 4 0.003021 0.036883 0.638989 0.007893 0.313214
4 4 0.007783 0.038111 0.048145 0.000298 0.905663
4 4 0.002162 0.051400 0.240657 0.000022 0.705758
2 4 0.000078 0.064141 0.688593 0.000093 0.247095
4 4 0.008998 0.082220 0.140284 0.000380 0.768117
2 4 0.000654 0.015288 0.839946 0.000646 0.143465
2 4 0.000196 0.007256 0.962953 0.004038 0.025557
2 4 0.003841 0.028264 0.638726 0.001421 0.327748
4 4 0.001459 0.067210 0.464530 0.000984 0.465817
4 4 0.000204 0.069778 0.411499 0.000506 0.518013
2 4 0.000272 0.034543 0.644477 0.000027 0.320681
4 4 0.004563 0.047876 0.080214 0.000360 0.866986
4 4 0.000667 0.168776 0.307670 0.000577 0.522310
2 4 0.000144 0.051757 0.835399 0.001040 0.111659
2 4 0.005969 0.060655 0.841923 0.015324 0.076129
4 4 0.003349 0.056645 0.273937 0.001934 0.664135
4 4 0.001119 0.194778 0.228004 0.001210 0.574889
4 4 0.000641 0.038493 0.229507 0.000070 0.731290
2 4 0.001960 0.051775 0.714122 0.002008 0.230136
2 4 0.000209 0.008789 0.950980 0.010991 0.029032
2 4 0.000058 0.002339 0.985491 0.007273 0.004839
2 2 0.000082 0.003621 0.964219 0.023984 0.008094
2 2 0.000883 0.091751 0.593300 0.003337 0.310729
2 2 0.000456 0.015604 0.904150 0.039779 0.040012
2 2 0.000090 0.010093 0.969023 0.002771 0.018022
2 2 0.000153 0.000935 0.995949 0.000592 0.002370
2 2 0.000060 0.027016 0.962336 0.000103 0.010486
2 2 0.000009 0.004686 0.981101 0.010154 0.004049
2 2 0.000006 0.000063 0.998775 0.001046 0.000110
2 2 0.000014 0.000115 0.999372 0.000224 0.000276
2 2 0.000174 0.001380 0.967690 0.002395 0.028361
2 2 0.000029 0.000943 0.991511 0.000481 0.007037
2 2 0.000003 0.000051 0.914291 0.085501 0.000154
2 2 0.000000 0.000003 0.841270 0.158718 0.000009
2 2 0.000001 0.000025 0.999807 0.000049 0.000118
2 2 0.000026 0.001615 0.996175 0.000148 0.002037
2 2 0.000002 0.000064 0.996157 0.003642 0.000136
2 2 0.000000 0.000032 0.993924 0.005805 0.000239
2 2 0.000000 0.000098 0.989960 0.009875 0.000067
2 2 0.000005 0.000576 0.920899 0.077891 0.000629
2 2 0.000001 0.000001 0.937808 0.062187 0.000004
2 2 0.000000 0.000001 0.672423 0.327576 0.000000
2 2 0.000047 0.000215 0.948324 0.049755 0.001659
2 2 0.000007 0.000093 0.949247 0.050309 0.000344
2 2 0.000000 0.000010 0.979865 0.020100 0.000024
2 2 0.000005 0.000044 0.791049 0.208721 0.000182
2 2 0.000003 0.000031 0.986960 0.012987 0.000019
2 2 0.000000 0.000000 0.982939 0.017060 0.000000
2 2 0.000000 0.000030 0.706187 0.293779 0.000004
3 2 0.000000 0.000000 0.408039 0.591961 0.000000
2 2 0.000628 0.000813 0.994739 0.001986 0.001834
2 2 0.000045 0.000566 0.995605 0.003009 0.000774
2 2 0.000012 0.000170 0.973348 0.026059 0.000410
2 2 0.000002 0.000015 0.981756 0.018174 0.000053
2 2 0.000000 0.000000 0.994799 0.005200 0.000000
2 2 0.000005 0.000001 0.991949 0.008044 0.000000
2 2 0.000004 0.000009 0.715182 0.284727 0.000079
3 2 0.000100 0.000052 0.368882 0.630848 0.000117
2 2 0.000003 0.000018 0.948486 0.051465 0.000028
2 2 0.000000 0.000003 0.994898 0.005091 0.000007
2 2 0.000000 0.000030 0.855677 0.144198 0.000095
2 2 0.000006 0.000065 0.973968 0.025863 0.000098
2 2 0.000011 0.000639 0.997336 0.002012 0.000002
2 2 0.000248 0.015520 0.968194 0.015917 0.000121
2 2 0.000171 0.003230 0.935241 0.058492 0.002865
2 2 0.009286 0.012179 0.889602 0.000338 0.088595
2 2 0.000002 0.000232 0.996030 0.003698 0.000038
2 2 0.000000 0.000025 0.939982 0.059950 0.000042
2 2 0.000145 0.000031 0.988009 0.011595 0.000220
2 2 0.000011 0.000372 0.977731 0.021863 0.000023
2 2 0.000000 0.000006 0.926516 0.073463 0.000015
2 2 0.000001 0.000050 0.979119 0.020786 0.000043
2 2 0.000086 0.000058 0.672072 0.327276 0.000508
2 2 0.000116 0.000162 0.955228 0.044258 0.000235
2 2 0.000000 0.000001 0.667300 0.332698 0.000001
2 2 0.000000 0.000000 0.932296 0.067704 0.000000
3 2 0.000000 0.000001 0.492067 0.507929 0.000003
3 2 0.000003 0.000007 0.310319 0.689656 0.000015
2 2 0.000001 0.000006 0.966104 0.033878 0.000012
2 2 0.000004 0.000055 0.822144 0.177735 0.000061
2 2 0.000000 0.000001 0.650685 0.349314 0.000000
3 2 0.000000 0.000000 0.141781 0.858219 0.000000
2 2 0.000016 0.000024 0.908581 0.091325 0.000054
2 2 0.000001 0.000039 0.828561 0.171308 0.000090
2 2 0.000522 0.000343 0.951942 0.046514 0.000679
2 2 0.000005 0.000053 0.802793 0.197137 0.000011
2 2 0.000003 0.000007 0.952468 0.047393 0.000128
2 2 0.000000 0.000000 0.567392 0.432608 0.000000
2 2 0.000000 0.000046 0.850535 0.149363 0.000055
3 2 0.000005 0.000027 0.263865 0.736049 0.000055
2 2 0.000233 0.000009 0.695875 0.303787 0.000096
2 2 0.000000 0.000003 0.896757 0.103237 0.000003
3 2 0.000000 0.000009 0.339318 0.660673 0.000000
3 2 0.000000 0.000000 0.452879 0.547121 0.000000
3 2 0.000000 0.000000 0.134611 0.865389 0.000000
2 2 0.000000 0.000000 0.899734 0.100266 0.000000
3 2 0.000002 0.000002 0.240771 0.759225 0.000000
3 2 0.000066 0.000020 0.140128 0.859778 0.000008
2 2 0.000000 0.000009 0.986207 0.013780 0.000003
3 2 0.000001 0.000007 0.112053 0.887935 0.000004
3 2 0.000000 0.000081 0.486732 0.513180 0.000007
3 2 0.000000 0.000013 0.423401 0.576584 0.000002
3 2 0.000002 0.000001 0.384035 0.615959 0.000003
2 2 0.000113 0.000405 0.721579 0.274223 0.003680
2 2 0.000060 0.000005 0.708162 0.291757 0.000016
3 2 0.000017 0.000019 0.027691 0.972265 0.000008
3 2 0.001116 0.001123 0.213800 0.783812 0.000148
3 2 0.001602 0.000200 0.323940 0.674040 0.000219
3 3 0.000009 0.000020 0.044925 0.954964 0.000082
3 3 0.000004 0.000022 0.030187 0.969773 0.000014
3 3 0.000013 0.000013 0.028625 0.971342 0.000008
3 3 0.000009 0.000193 0.107132 0.892538 0.000129
3 3 0.000023 0.000005 0.030577 0.969388 0.000007
3 3 0.000382 0.000392 0.033932 0.964905 0.000389
3 3 0.000003 0.000000 0.000682 0.999314 0.000000
3 3 0.000031 0.000194 0.055807 0.943885 0.000084
3 3 0.000000 0.000001 0.001399 0.998600 0.000000
3 3 0.000000 0.000000 0.001909 0.998090 0.000000
3 3 0.000105 0.000253 0.023358 0.976128 0.000155
3 3 0.004033 0.001757 0.140598 0.841880 0.011732
3 3 0.000052 0.000015 0.003494 0.996432 0.000007
3 3 0.000630 0.000038 0.017771 0.981399 0.000162
3 3 0.041152 0.007224 0.169343 0.780112 0.002169
3 3 0.005022 0.002469 0.129526 0.851386 0.011597
3 3 0.000444 0.001624 0.065901 0.930772 0.001258
3 3 0.000299 0.001032 0.040646 0.957063 0.000961
3 3 0.000104 0.000071 0.005808 0.993990 0.000026
3 3 0.001114 0.003465 0.045620 0.947889 0.001911
3 3 0.000448 0.000982 0.037428 0.960231 0.000911
3 3 0.000170 0.000091 0.016468 0.983135 0.000137
3 3 0.000555 0.000118 0.021930 0.977122 0.000275
3 3 0.000016 0.000154 0.011509 0.988262 0.000058
3 3 0.000042 0.000315 0.024434 0.975150 0.000060
3 3 0.000000 0.000002 0.004063 0.995934 0.000000
3 3 0.000003 0.000031 0.019580 0.980381 0.000005
3 3 0.000019 0.000310 0.038463 0.961024 0.000185
3 3 0.000003 0.000001 0.003307 0.996685 0.000003
3 3 0.000002 0.000001 0.002287 0.997708 0.000001
3 3 0.000017 0.000022 0.335363 0.664408 0.000189
3 3 0.000009 0.000002 0.120665 0.879311 0.000013
3 3 0.000624 0.000047 0.010426 0.988832 0.000070
3 3 0.000013 0.000005 0.001722 0.998259 0.000002
3 3 0.000003 0.000038 0.010539 0.989392 0.000027
3 3 0.000107 0.000960 0.048530 0.949395 0.001008
3 3 0.000474 0.000325 0.035532 0.962998 0.000672
3 3 0.000795 0.001570 0.073917 0.920626 0.003092
3 3 0.000004 0.000000 0.002034 0.997961 0.000001
3 3 0.000003 0.000000 0.000999 0.998998 0.000000
3 3 0.000000 0.000000 0.000176 0.999824 0.000000
3 3 0.000045 0.000002 0.020450 0.979494 0.000008
3 3 0.000003 0.000003 0.022094 0.977898 0.000002
3 3 0.000995 0.000286 0.083173 0.914781 0.000764
3 3 0.000161 0.000023 0.010381 0.989385 0.000052
3 3 0.000194 0.000349 0.009737 0.989633 0.000088
2 3 0.000478 0.000149 0.649442 0.349449 0.000481
3 3 0.000002 0.000025 0.316346 0.683615 0.000012
3 3 0.000055 0.000003 0.052476 0.947463 0.000003
3 3 0.000495 0.000630 0.120626 0.877489 0.000760
3 3 0.000608 0.000487 0.210686 0.785531 0.002688
3 3 0.000110 0.000187 0.023342 0.976119 0.000243
3 3 0.000421 0.000719 0.147625 0.848649 0.002586
3 3 0.000053 0.000419 0.190576 0.808532 0.000420
3 3 0.001178 0.000231 0.211376 0.785852 0.001363
3 3 0.008974 0.029642 0.308616 0.540023 0.112745
3 3 0.000143 0.000357 0.447898 0.547900 0.003702
3 3 0.003504 0.003691 0.100749 0.884083 0.007974
3 3 0.000358 0.001123 0.194509 0.800340 0.003670
3 3 0.000369 0.000180 0.043646 0.955692 0.000113
3 3 0.000305 0.000183 0.083745 0.915534 0.000234
3 3 0.002966 0.000019 0.020998 0.975973 0.000044
3 3 0.004193 0.003032 0.149678 0.828356 0.014741
3 3 0.000070 0.000103 0.044201 0.955452 0.000174
3 3 0.000653 0.001361 0.105318 0.891764 0.000905
3 3 0.000161 0.000118 0.017028 0.982581 0.000111
3 3 0.000148 0.000003 0.007771 0.992069 0.000008
3 2 0.000025 0.000025 0.113526 0.886360 0.000064
3 2 0.000516 0.001079 0.243750 0.751769 0.002886
3 2 0.000200 0.000357 0.112754 0.885575 0.001114
3 2 0.000009 0.000318 0.083128 0.916512 0.000032
3 2 0.000002 0.000052 0.292059 0.707879 0.000007
3 2 0.000115 0.000310 0.295303 0.702014 0.002258
3 2 0.000154 0.000162 0.327513 0.671348 0.000823
3 2 0.000007 0.000078 0.104593 0.895303 0.000018
3 2 0.000078 0.000501 0.293384 0.705471 0.000567
3 2 0.006725 0.000470 0.131065 0.861282 0.000458
3 2 0.000221 0.000011 0.008565 0.991199 0.000005
2 2 0.000080 0.002562 0.981809 0.014530 0.001020
2 2 0.003143 0.155369 0.791594 0.032614 0.017280
3 2 0.000458 0.000196 0.029572 0.969600 0.000174
2 2 0.000008 0.000919 0.791552 0.206389 0.001133
2 2 0.000001 0.000004 0.603279 0.396712 0.000004
3 2 0.000000 0.000001 0.063914 0.936085 0.000000
2 2 0.000000 0.000001 0.996010 0.003985 0.000004
2 2 0.000000 0.000000 0.976137 0.023862 0.000001
2 2 0.000000 0.000002 0.702241 0.297755 0.000002
2 2 0.000003 0.000013 0.813530 0.186403 0.000051
2 2 0.000000 0.000000 0.889452 0.110547 0.000001
2 2 0.000032 0.000011 0.995532 0.004381 0.000044
2 2 0.000000 0.000275 0.869537 0.130174 0.000014
2 2 0.000746 0.004054 0.987023 0.003905 0.004272
2 2 0.000000 0.000000 0.725151 0.274847 0.000001
2 2 0.000010 0.000013 0.597265 0.402591 0.000122
2 2 0.000068 0.000496 0.943651 0.048307 0.007478
2 2 0.000072 0.002842 0.939108 0.052227 0.005751
2 2 0.000008 0.002209 0.953454 0.043182 0.001146
2 4 0.000069 0.020354 0.922019 0.004152 0.053405
2 4 0.022971 0.039648 0.540899 0.012883 0.383599
2 4 0.009858 0.085723 0.509695 0.000498 0.394226
2 4 0.000864 0.245078 0.738782 0.000157 0.015118
2 4 0.000239 0.006558 0.937671 0.015256 0.040276
2 4 0.003453 0.054663 0.555908 0.002139 0.383836
4 4 0.009088 0.047885 0.133173 0.000161 0.809693
4 4 0.002723 0.007562 0.008344 0.000012 0.981359
4 4 0.005988 0.019310 0.017960 0.000089 0.956653
4 4 0.005480 0.016419 0.008400 0.000069 0.969632
4 4 0.020827 0.018682 0.025909 0.000342 0.934239
4 4 0.000950 0.154801 0.229730 0.000150 0.614369
4 4 0.002285 0.011675 0.043360 0.000018 0.942663
4 4 0.001040 0.003564 0.025129 0.000012 0.970255
4 4 0.022402 0.018123 0.022593 0.000224 0.936658
4 4 0.001805 0.040525 0.421560 0.001246 0.534863
2 4 0.000087 0.043115 0.692340 0.000085 0.264373
4 4 0.000844 0.063356 0.271043 0.000171 0.664586
4 4 0.002808 0.047399 0.219873 0.000451 0.729469
4 4 0.000527 0.065002 0.254093 0.000098 0.680280
4 4 0.004883 0.067027 0.180721 0.000006 0.747362
2 4 0.000315 0.083168 0.482542 0.000196 0.433779
2 4 0.000125 0.033766 0.922836 0.005896 0.037376
4 4 0.006713 0.023526 0.031086 0.000126 0.938549
4 4 0.017942 0.015395 0.012765 0.000153 0.953745
4 4 0.009127 0.088571 0.201291 0.001451 0.699560
4 4 0.002204 0.049231 0.308866 0.000168 0.639531
4 4 0.001982 0.082279 0.077268 0.000170 0.838301
4 4 0.000565 0.036736 0.048413 0.000036 0.914251
2 4 0.117189 0.006046 0.776409 0.000147 0.100209
2 1 0.012721 0.248362 0.618657 0.000000 0.120261
2 1 0.001916 0.068492 0.663795 0.000202 0.265594
2 1 0.000108 0.008316 0.964319 0.001218 0.026039
2 2 0.000059 0.000063 0.978195 0.020488 0.001195
2 2 0.000007 0.000024 0.992721 0.006670 0.000578
2 2 0.000001 0.000286 0.990506 0.008937 0.000271
2 2 0.000002 0.000349 0.973216 0.025971 0.000462
2 2 0.000200 0.004793 0.959770 0.012975 0.022262
2 2 0.000145 0.001843 0.902351 0.090986 0.004675
2 2 0.002321 0.057237 0.736405 0.025317 0.178719
2 2 0.000039 0.000988 0.967221 0.030205 0.001547
2 2 0.000011 0.000027 0.730017 0.269788 0.000157
2 2 0.000010 0.000091 0.989333 0.010040 0.000526
2 2 0.000142 0.003293 0.932870 0.050400 0.013295
3 2 0.000064 0.000327 0.488203 0.510576 0.000830
2 2 0.000150 0.008515 0.910719 0.002796 0.077820
2 2 0.000028 0.004697 0.978408 0.003099 0.013768
2 2 0.000060 0.001162 0.986343 0.000374 0.012061
2 2 0.000628 0.004190 0.928383 0.046770 0.020029
2 2 0.000300 0.025920 0.887729 0.004980 0.081072
2 2 0.000123 0.021390 0.936157 0.013656 0.028674
2 2 0.000220 0.005799 0.934019 0.006231 0.053731
2 2 0.001138 0.010416 0.774794 0.012279 0.201372
2 2 0.000668 0.004335 0.904378 0.008024 0.082595
2 4 0.000583 0.010556 0.697126 0.000513 0.291223
4 4 0.005342 0.038918 0.208171 0.000173 0.747397
2 4 0.000349 0.008631 0.899104 0.000819 0.091097
2 4 0.000079 0.003768 0.977911 0.000488 0.017754
2 4 0.001824 0.014181 0.771012 0.000191 0.212792
4 4 0.003827 0.030881 0.043096 0.000123 0.922074
4 4 0.006963 0.042733 0.109760 0.000325 0.840220
2 4 0.000471 0.050042 0.815205 0.003636 0.130647
2 2 0.000041 0.012193 0.970482 0.006619 0.010665
4 2 0.003216 0.033442 0.338542 0.000514 0.624286
2 2 0.002692 0.019326 0.798619 0.006634 0.172729
2 2 0.000096 0.001067 0.966877 0.030454 0.001505
2 2 0.000057 0.000233 0.984438 0.013986 0.001285
2 2 0.000295 0.058401 0.665313 0.001889 0.274102
2 2 0.000175 0.039569 0.603825 0.001710 0.354720
4 2 0.000625 0.035941 0.200435 0.000018 0.762981
2 2 0.000098 0.005852 0.858238 0.000089 0.135724
2 2 0.000665 0.027139 0.655865 0.000376 0.315955
2 2 0.000018 0.007288 0.974638 0.001564 0.016492
2 2 0.003015 0.012188 0.826677 0.001021 0.157099
2 2 0.000056 0.008060 0.976281 0.001905 0.013699
2 2 0.000004 0.000289 0.995292 0.002590 0.001825
2 2 0.000034 0.000823 0.992701 0.001962 0.004481
2 2 0.000004 0.000013 0.968884 0.031071 0.000028
2 2 0.000002 0.000015 0.996621 0.003305 0.000057
2 2 0.000113 0.000090 0.914314 0.084725 0.000757
2 2 0.000001 0.000018 0.988005 0.011904 0.000073
2 2 0.000004 0.000366 0.998178 0.000644 0.000808
2 2 0.000028 0.000468 0.992893 0.003897 0.002715
2 2 0.000034 0.000109 0.989087 0.004768 0.006002
2 2 0.000018 0.002821 0.948187 0.000754 0.048220
2 2 0.000521 0.000459 0.982536 0.015013 0.001471
2 2 0.000001 0.000164 0.944763 0.055025 0.000047
2 2 0.000002 0.000065 0.971609 0.028119 0.000204
2 2 0.000012 0.000442 0.995831 0.001348 0.002366
2 2 0.000041 0.004377 0.968785 0.021704 0.005094
2 2 0.000007 0.000081 0.961560 0.037869 0.000484
2 2 0.000011 0.000183 0.928293 0.071063 0.000450
2 2 0.000114 0.003735 0.950019 0.040622 0.005511
2 2 0.000096 0.000092 0.789694 0.209551 0.000566
2 2 0.000004 0.000027 0.970224 0.029664 0.000081
2 2 0.000000 0.000041 0.993333 0.006580 0.000046
2 2 0.000001 0.000034 0.999758 0.000176 0.000031
2 2 0.000000 0.000010 0.972151 0.027836 0.000002
2 2 0.000000 0.000001 0.660985 0.339014 0.000000
2 2 0.000000 0.000005 0.855462 0.144525 0.000008
2 2 0.000000 0.000005 0.972102 0.027872 0.000020
2 2 0.000003 0.000125 0.992064 0.007584 0.000224
2 2 0.000082 0.000636 0.979222 0.016723 0.003338
2 2 0.000006 0.000109 0.982155 0.017666 0.000063
2 2 0.000044 0.000120 0.983836 0.015857 0.000144
2 2 0.000025 0.000042 0.903392 0.096028 0.000514
2 2 0.000000 0.000004 0.986498 0.013485 0.000012
3 2 0.000028 0.000009 0.424125 0.575811 0.000027
2 2 0.000007 0.000266 0.999291 0.000089 0.000347
2 2 0.000000 0.000047 0.999385 0.000203 0.000365
2 2 0.000001 0.000110 0.999570 0.000299 0.000021
2 2 0.000000 0.000115 0.998199 0.001656 0.000030
2 2 0.000025 0.000076 0.993534 0.006185 0.000180
2 2 0.000000 0.000060 0.945993 0.053864 0.000083
2 2 0.000003 0.000325 0.993006 0.004947 0.001719
2 2 0.000001 0.000006 0.997129 0.002840 0.000025
2 2 0.000000 0.000003 0.996383 0.003613 0.000001
2 2 0.000000 0.000007 0.676532 0.323456 0.000004
2 2 0.000001 0.000025 0.760285 0.239644 0.000045
2 2 0.000126 0.000140 0.991895 0.006845 0.000994
2 2 0.000170 0.000216 0.951665 0.047479 0.000470
2 2 0.000000 0.000004 0.961862 0.038129 0.000004
2 2 0.000000 0.000001 0.794267 0.205732 0.000001
2 2 0.000000 0.000000 0.995570 0.004430 0.000000
2 2 0.000000 0.000048 0.992715 0.007118 0.000119
0 1 0.532700 0.414705 0.047863 0.000003 0.004729
1 1 0.176659 0.481462 0.329336 0.000395 0.012148
2 2 0.006304 0.180601 0.803271 0.000017 0.009807
2 2 0.005127 0.162278 0.665261 0.000265 0.167069
0 0 0.987798 0.001192 0.002832 0.000002 0.008176
0 0 0.992846 0.004095 0.000409 0.000000 0.002650
0 0 0.773031 0.139552 0.018494 0.000017 0.068906
0 0 0.738188 0.149399 0.025088 0.000029 0.087296
4 0 0.043407 0.136973 0.031911 0.000005 0.787704
4 0 0.102391 0.378224 0.052974 0.000002 0.466409
1 0 0.226160 0.451672 0.205140 0.000004 0.117023
1 0 0.247253 0.483777 0.067630 0.000033 0.201306
0 0 0.804537 0.091016 0.009292 0.000001 0.095155
0 0 0.781551 0.118397 0.007927 0.000000 0.092125
0 0 0.753610 0.179901 0.022744 0.000000 0.043745
0 1 0.423684 0.411080 0.104567 0.000006 0.060663
2 1 0.004192 0.347481 0.526384 0.000017 0.121925
4 1 0.011694 0.189411 0.370795 0.000159 0.427942
1 2 0.007155 0.537420 0.352522 0.001204 0.101699
2 2 0.001755 0.459599 0.475069 0.000358 0.063218
1 2 0.024765 0.445699 0.282128 0.000020 0.247388
4 2 0.063881 0.378190 0.162010 0.000017 0.395903
2 2 0.002028 0.339169 0.543376 0.000013 0.115414
1 1 0.155410 0.549630 0.111565 0.000014 0.183381
4 1 0.001965 0.240079 0.267385 0.000087 0.490483
4 1 0.000345 0.048073 0.061642 0.000038 0.889903
4 1 0.003109 0.076140 0.172643 0.000590 0.747518
2 1 0.000276 0.013833 0.803973 0.001671 0.180246
2 2 0.000755 0.009920 0.894531 0.044496 0.050298
2 2 0.000114 0.004605 0.992452 0.000239 0.002590
2 2 0.000007 0.000259 0.999053 0.000332 0.000349
2 2 0.000004 0.000669 0.996329 0.001064 0.001933
2 2 0.000000 0.000020 0.999246 0.000690 0.000045
2 2 0.000000 0.000007 0.998761 0.001202 0.000030
2 2 0.000007 0.000054 0.998685 0.001218 0.000037
2 2 0.000000 0.000002 0.999527 0.000468 0.000003
2 2 0.000002 0.000056 0.997248 0.000517 0.002177
2 2 0.000009 0.000615 0.989483 0.002877 0.007016
2 2 0.000001 0.000024 0.999000 0.000919 0.000056
2 2 0.000009 0.000234 0.944729 0.054307 0.000721
2 2 0.000015 0.000146 0.867730 0.131244 0.000864
2 2 0.000028 0.000979 0.983040 0.011304 0.004649
2 2 0.001146 0.046205 0.740934 0.008383 0.203332
2 2 0.001247 0.029454 0.712474 0.002366 0.254461
2 2 0.000005 0.001008 0.993276 0.003430 0.002282
2 2 0.000002 0.000289 0.934245 0.064719 0.000744
2 2 0.004043 0.035171 0.716139 0.000259 0.244388
2 2 0.002001 0.033872 0.737402 0.003177 0.223548
4 2 0.001434 0.171604 0.369251 0.000246 0.457464
4 2 0.000147 0.022378 0.131845 0.000006 0.845624
0 0 0.518159 0.021537 0.279816 0.000127 0.180360
0 0 0.940338 0.009725 0.043211 0.000396 0.006330
