0 0 0.992414 0.005606 0.000699 0.000001 0.001282
0 0 0.998574 0.001180 0.000040 0.000000 0.000206
0 0 0.996753 0.002210 0.001009 0.000001 0.000027
0 0 0.998875 0.000491 0.000623 0.000000 0.000010
0 0 0.929343 0.054081 0.012968 0.000203 0.003406
0 0 0.936668 0.050833 0.007458 0.000072 0.004969
0 0 0.999817 0.000109 0.000071 0.000000 0.000003
0 0 0.999263 0.000228 0.000431 0.000000 0.000078
0 0 0.999629 0.000310 0.000055 0.000000 0.000006
0 0 0.998251 0.001005 0.000728 0.000000 0.000016
0 0 0.953358 0.030750 0.013477 0.000163 0.002253
0 0 0.992598 0.006478 0.000653 0.000001 0.000269
0 0 0.985457 0.011342 0.000413 0.000000 0.002788
0 0 0.880458 0.091084 0.007813 0.000086 0.020559
0 0 0.986766 0.007988 0.004100 0.000011 0.001134
0 0 0.990531 0.008178 0.000528 0.000000 0.000762
0 0 0.866820 0.019172 0.101938 0.011775 0.000295
0 0 0.960701 0.025972 0.012736 0.000227 0.000365
0 0 0.974402 0.011160 0.011751 0.000066 0.002621
0 0 0.826830 0.045326 0.120540 0.001041 0.006263
0 0 0.996606 0.002519 0.000415 0.000000 0.000459
0 0 0.999535 0.000334 0.000094 0.000000 0.000037
0 0 0.968784 0.013553 0.014479 0.000083 0.003102
0 0 0.974981 0.019240 0.004778 0.000027 0.000974
0 0 0.995717 0.002664 0.000851 0.000000 0.000766
0 0 0.996239 0.001733 0.000733 0.000000 0.001294
0 0 0.988624 0.005239 0.005624 0.000024 0.000489
0 0 0.985947 0.010239 0.002210 0.000005 0.001600
0 0 0.981399 0.010583 0.003226 0.000007 0.004785
0 0 0.995284 0.003222 0.001013 0.000001 0.000480
0 0 0.998678 0.000465 0.000837 0.000000 0.000019
0 0 0.988833 0.002843 0.008058 0.000026 0.000241
0 0 0.970648 0.014815 0.011604 0.000076 0.002857
0 0 0.727331 0.027944 0.015025 0.000086 0.229614
0 0 0.991097 0.003946 0.004851 0.000017 0.000088
0 0 0.981526 0.014895 0.003293 0.000016 0.000269
0 0 0.998114 0.000713 0.000401 0.000000 0.000772
0 0 0.999462 0.000388 0.000131 0.000000 0.000019
0 0 0.981588 0.013474 0.003608 0.000013 0.001318
0 0 0.988950 0.006974 0.003715 0.000012 0.000350
0 0 0.983591 0.007268 0.006287 0.000018 0.002836
0 0 0.973570 0.008840 0.016936 0.000156 0.000498
0 0 0.985033 0.012017 0.002773 0.000012 0.000165
0 0 0.988221 0.009380 0.001098 0.000001 0.001299
0 0 0.924992 0.042930 0.000707 0.000001 0.031369
0 0 0.720595 0.271651 0.003006 0.000001 0.004747
2 0 0.331478 0.213281 0.431473 0.003940 0.019828
2 0 0.259366 0.314054 0.357203 0.005105 0.064273
0 1 0.548649 0.197111 0.228262 0.001802 0.024176
4 1 0.241320 0.214396 0.136117 0.000202 0.407965
2 1 0.044673 0.232383 0.597853 0.002374 0.122718
2 1 0.047377 0.108412 0.747825 0.000132 0.096253
2 1 0.023958 0.053584 0.851585 0.051888 0.018985
2 2 0.001765 0.016837 0.832880 0.148034 0.000484
2 2 0.033873 0.031125 0.932496 0.000295 0.002211
2 2 0.017587 0.004496 0.974030 0.002842 0.001045
2 2 0.000902 0.000733 0.997323 0.001001 0.000040
2 2 0.007896 0.007590 0.980622 0.003286 0.000606
2 2 0.012937 0.000106 0.985619 0.001212 0.000126
2 2 0.031061 0.000215 0.961327 0.007340 0.000057
2 2 0.001916 0.001627 0.957391 0.038652 0.000414
2 2 0.010384 0.006195 0.946533 0.034752 0.002136
2 2 0.000012 0.002571 0.967410 0.029316 0.000691
2 2 0.000399 0.000462 0.508841 0.489993 0.000305
2 2 0.000115 0.000204 0.584904 0.413700 0.001077
2 2 0.001457 0.000181 0.844786 0.153449 0.000126
2 2 0.000329 0.001930 0.608817 0.384998 0.003926
3 3 0.000175 0.002440 0.456866 0.536647 0.003872
3 3 0.000000 0.000001 0.005960 0.994039 0.000000
3 3 0.000003 0.000161 0.037658 0.962158 0.000020
3 3 0.000101 0.000176 0.013500 0.986205 0.000019
3 3 0.001207 0.001512 0.132378 0.864673 0.000231
3 3 0.000189 0.000217 0.049927 0.949194 0.000474
3 3 0.000018 0.000472 0.097670 0.901616 0.000224
3 3 0.000121 0.000376 0.163101 0.836008 0.000395
3 3 0.000206 0.000019 0.021437 0.978338 0.000001
3 3 0.000000 0.000000 0.001763 0.998236 0.000001
3 3 0.000000 0.000009 0.006262 0.993728 0.000001
3 3 0.000002 0.000002 0.001433 0.998563 0.000000
3 3 0.000022 0.000008 0.007128 0.992824 0.000018
3 3 0.000208 0.000079 0.028982 0.969700 0.001032
3 3 0.000040 0.000077 0.009482 0.990268 0.000133
3 3 0.000007 0.000005 0.004529 0.995443 0.000016
3 3 0.000003 0.000000 0.003466 0.996531 0.000000
3 3 0.000000 0.000000 0.000987 0.999012 0.000000
3 3 0.000000 0.000000 0.000652 0.999347 0.000000
3 3 0.000013 0.000005 0.006165 0.993803 0.000015
3 3 0.000016 0.000026 0.005079 0.994845 0.000033
3 3 0.000005 0.000005 0.003661 0.996329 0.000001
3 3 0.000489 0.000554 0.020950 0.977874 0.000133
3 3 0.000001 0.000001 0.001158 0.998841 0.000000
3 3 0.000005 0.000003 0.002661 0.997331 0.000000
3 3 0.000001 0.000000 0.001747 0.998251 0.000000
3 3 0.000009 0.000017 0.004356 0.995593 0.000025
3 3 0.000001 0.000001 0.001632 0.998362 0.000003
3 3 0.000004 0.000003 0.002341 0.997652 0.000000
3 3 0.000002 0.000005 0.001809 0.998180 0.000003
3 3 0.000512 0.000032 0.038243 0.961193 0.000021
3 3 0.000001 0.000002 0.001479 0.998517 0.000001
3 3 0.000000 0.000001 0.000620 0.999378 0.000000
3 3 0.000000 0.000000 0.000766 0.999233 0.000000
3 3 0.000000 0.000000 0.000791 0.999209 0.000000
3 3 0.000006 0.000029 0.002692 0.997267 0.000007
3 3 0.000001 0.000002 0.001551 0.998443 0.000003
3 3 0.000000 0.000000 0.000326 0.999674 0.000000
3 3 0.000000 0.000000 0.000945 0.999054 0.000000
3 3 0.000001 0.000001 0.001223 0.998775 0.000000
3 3 0.000010 0.000004 0.003381 0.996604 0.000000
3 3 0.000553 0.000365 0.101780 0.897292 0.000009
3 3 0.000666 0.000158 0.056245 0.942921 0.000010
2 3 0.000367 0.004025 0.941296 0.054261 0.000051
3 3 0.000015 0.000204 0.105624 0.894153 0.000004
3 3 0.000002 0.000007 0.001651 0.998339 0.000001
3 3 0.000004 0.000009 0.038183 0.961803 0.000000
3 3 0.000014 0.000002 0.006224 0.993759 0.000001
3 3 0.000001 0.000000 0.000949 0.999049 0.000000
3 3 0.000005 0.000008 0.003495 0.996475 0.000017
3 3 0.000002 0.000004 0.008082 0.991912 0.000000
3 3 0.000059 0.000032 0.008794 0.991088 0.000028
3 3 0.000001 0.000002 0.001244 0.998752 0.000001
3 3 0.000001 0.000001 0.001203 0.998795 0.000000
3 3 0.000007 0.000004 0.003249 0.996740 0.000001
3 3 0.000016 0.000002 0.004752 0.995229 0.000000
3 3 0.000001 0.000003 0.001282 0.998712 0.000002
3 3 0.000001 0.000004 0.000881 0.999114 0.000001
3 3 0.000000 0.000000 0.000271 0.999729 0.000000
3 3 0.000000 0.000001 0.001069 0.998928 0.000001
3 3 0.000000 0.000000 0.000361 0.999638 0.000000
3 3 0.000000 0.000000 0.000065 0.999935 0.000000
3 3 0.000000 0.000000 0.000097 0.999903 0.000000
3 3 0.000003 0.000003 0.002311 0.997681 0.000001
3 3 0.000013 0.000014 0.004452 0.995519 0.000002
3 3 0.000000 0.000000 0.000412 0.999587 0.000000
3 3 0.000000 0.000000 0.000124 0.999876 0.000000
3 3 0.000000 0.000000 0.000520 0.999479 0.000000
3 3 0.000001 0.000003 0.000787 0.999209 0.000000
3 3 0.000000 0.000001 0.000542 0.999456 0.000000
3 3 0.000002 0.000006 0.001568 0.998421 0.000002
3 3 0.000005 0.000001 0.003493 0.996499 0.000002
3 3 0.000000 0.000001 0.000353 0.999646 0.000000
3 3 0.000009 0.000025 0.003913 0.996036 0.000018
3 3 0.000003 0.000004 0.002331 0.997655 0.000007
3 3 0.000003 0.000007 0.002090 0.997897 0.000003
3 3 0.000028 0.000036 0.007442 0.992412 0.000083
3 3 0.000000 0.000000 0.000500 0.999499 0.000000
3 3 0.000007 0.000013 0.003284 0.996688 0.000008
3 3 0.000005 0.000005 0.003235 0.996740 0.000015
3 3 0.000000 0.000001 0.000696 0.999302 0.000000
3 3 0.000003 0.000008 0.001973 0.998014 0.000002
3 3 0.000000 0.000000 0.000641 0.999358 0.000000
3 3 0.001022 0.000328 0.063270 0.935320 0.000060
2 2 0.000683 0.026241 0.615479 0.356508 0.001089
2 2 0.030876 0.011987 0.949339 0.007789 0.000009
0 2 0.816624 0.015929 0.163393 0.003941 0.000113
2 2 0.001028 0.009727 0.724809 0.264172 0.000263
2 2 0.042154 0.112331 0.734614 0.107002 0.003899
2 2 0.035710 0.013373 0.932170 0.018735 0.000012
2 2 0.007711 0.012066 0.979170 0.001048 0.000005
2 2 0.001942 0.023124 0.974820 0.000109 0.000004
2 2 0.006444 0.002743 0.984818 0.005993 0.000002
2 2 0.009975 0.001888 0.957638 0.030496 0.000002
2 2 0.000529 0.002305 0.992627 0.004537 0.000001
2 2 0.002461 0.000449 0.984111 0.012978 0.000001
2 2 0.001929 0.001189 0.981465 0.015406 0.000011
2 2 0.000475 0.000379 0.976344 0.022801 0.000001
2 2 0.000238 0.000897 0.981297 0.017554 0.000014
2 2 0.000710 0.023882 0.969048 0.006227 0.000133
2 2 0.002110 0.014990 0.926878 0.055931 0.000091
1 2 0.316895 0.473053 0.166248 0.000018 0.043786
2 2 0.144072 0.021121 0.786735 0.046676 0.001396
2 2 0.036559 0.082143 0.843757 0.035913 0.001627
2 2 0.022450 0.007415 0.939470 0.030648 0.000017
3 2 0.000162 0.000032 0.464181 0.535622 0.000004
2 2 0.000167 0.000007 0.942712 0.057113 0.000000
1 0 0.331180 0.342235 0.317138 0.001665 0.007781
1 0 0.282892 0.578201 0.127789 0.000076 0.011041
0 1 0.897590 0.027986 0.070118 0.002524 0.001784
2 2 0.313364 0.080642 0.580282 0.004811 0.020900
2 2 0.004594 0.031097 0.963149 0.001101 0.000060
2 2 0.045399 0.020364 0.875462 0.058509 0.000266
2 1 0.295575 0.036513 0.662095 0.005214 0.000602
0 1 0.745673 0.164248 0.089370 0.000024 0.000684
2 1 0.006618 0.046160 0.932413 0.009174 0.005634
2 2 0.013000 0.014061 0.628962 0.340591 0.003387
2 2 0.000428 0.000102 0.995640 0.003830 0.000000
2 2 0.000422 0.002472 0.996817 0.000287 0.000000
2 2 0.000293 0.000643 0.990964 0.008100 0.000001
2 2 0.000007 0.000078 0.987909 0.012006 0.000000
2 2 0.000006 0.000000 0.999841 0.000153 0.000000
2 2 0.000059 0.000006 0.999926 0.000008 0.000000
2 2 0.000087 0.000481 0.995777 0.002304 0.001351
2 2 0.000858 0.028374 0.826334 0.053654 0.090781
2 2 0.000259 0.000119 0.960392 0.039214 0.000017
2 2 0.001417 0.006228 0.866308 0.061571 0.064476
2 2 0.003230 0.005969 0.987363 0.000531 0.002907
4 2 0.005300 0.010714 0.365977 0.050077 0.567932
4 2 0.005078 0.059762 0.453520 0.001390 0.480251
2 2 0.006779 0.049946 0.563480 0.000100 0.379695
2 2 0.000852 0.023095 0.923624 0.000605 0.051825
2 2 0.001757 0.096359 0.583131 0.004166 0.314587
2 2 0.001328 0.098059 0.785322 0.000018 0.115273
2 2 0.003610 0.068938 0.885499 0.000115 0.041839
2 2 0.000007 0.001366 0.986525 0.007674 0.004429
2 2 0.008937 0.102544 0.847283 0.013889 0.027346
2 2 0.001024 0.001252 0.991036 0.002896 0.003792
2 2 0.004834 0.000128 0.992707 0.002278 0.000054
2 2 0.000068 0.002295 0.992466 0.003592 0.001578
2 2 0.000026 0.000248 0.975227 0.024491 0.000007
2 2 0.006183 0.010044 0.970511 0.005287 0.007975
2 2 0.002454 0.015909 0.958038 0.011512 0.012087
2 2 0.002263 0.000428 0.988457 0.007746 0.001106
2 2 0.002004 0.000962 0.979922 0.015938 0.001174
2 2 0.002661 0.009765 0.971891 0.011195 0.004488
2 2 0.010947 0.020719 0.953960 0.005110 0.009264
2 2 0.008351 0.052834 0.934915 0.000297 0.003604
2 2 0.001230 0.006303 0.897904 0.004841 0.089721
2 2 0.000155 0.001442 0.997679 0.000164 0.000560
2 2 0.000223 0.003539 0.993721 0.001671 0.000846
2 2 0.000192 0.004256 0.974713 0.020674 0.000166
2 2 0.000379 0.006618 0.936166 0.049130 0.007706
3 2 0.000096 0.002912 0.468318 0.527929 0.000746
2 2 0.010025 0.021674 0.766655 0.143945 0.057700
2 2 0.000843 0.001248 0.941294 0.056600 0.000015
1 0 0.176906 0.538074 0.262187 0.001118 0.021715
2 1 0.065502 0.045767 0.750416 0.136673 0.001643
2 2 0.014463 0.068929 0.912790 0.001747 0.002070
2 2 0.030805 0.003788 0.959741 0.005440 0.000226
2 2 0.000156 0.000999 0.936226 0.062610 0.000009
2 2 0.005817 0.006130 0.963070 0.024852 0.000131
2 2 0.003821 0.002537 0.988052 0.005510 0.000080
2 2 0.003796 0.001788 0.942199 0.052123 0.000095
2 2 0.042346 0.027101 0.559314 0.370813 0.000426
2 2 0.012424 0.003334 0.896250 0.087784 0.000208
3 2 0.026583 0.009140 0.175611 0.787642 0.001025
2 2 0.000288 0.000087 0.999182 0.000443 0.000001
2 2 0.001293 0.000102 0.650371 0.348228 0.000005
2 2 0.000280 0.000192 0.890601 0.108617 0.000311
3 2 0.020333 0.000589 0.458951 0.520021 0.000107
3 2 0.001147 0.001726 0.244212 0.752878 0.000036
2 2 0.109020 0.011372 0.792717 0.086406 0.000485
3 2 0.001407 0.000738 0.308021 0.689644 0.000190
3 2 0.000172 0.005401 0.279527 0.714178 0.000722
3 2 0.000110 0.000037 0.146957 0.852883 0.000013
3 2 0.005183 0.000759 0.349802 0.644254 0.000003
2 2 0.001555 0.000175 0.960042 0.038228 0.000000
2 2 0.005038 0.001672 0.987168 0.006085 0.000037
2 2 0.000793 0.000140 0.981209 0.017844 0.000014
2 1 0.042588 0.009131 0.920266 0.028000 0.000016
2 2 0.000181 0.000593 0.982019 0.017207 0.000000
2 2 0.000184 0.002971 0.992516 0.004324 0.000005
2 2 0.005538 0.002125 0.988514 0.003818 0.000005
2 2 0.005017 0.005394 0.970501 0.019056 0.000031
2 2 0.012321 0.001592 0.962946 0.023110 0.000032
2 2 0.000143 0.000307 0.993135 0.006414 0.000000
2 2 0.000609 0.002007 0.990095 0.007235 0.000053
2 2 0.003078 0.001128 0.745020 0.250750 0.000023
2 2 0.000094 0.000108 0.792565 0.207233 0.000000
2 2 0.000419 0.000348 0.986407 0.012825 0.000001
2 2 0.001075 0.000612 0.573660 0.424587 0.000066
3 2 0.000281 0.001918 0.261730 0.735909 0.000162
2 2 0.000090 0.000590 0.710887 0.288428 0.000004
3 2 0.000003 0.000107 0.374259 0.625631 0.000000
3 2 0.000016 0.000022 0.034529 0.965432 0.000001
2 2 0.000004 0.000108 0.979037 0.020851 0.000000
3 2 0.000004 0.000007 0.058201 0.941787 0.000000
3 2 0.000074 0.000034 0.087507 0.912383 0.000002
3 2 0.000438 0.001109 0.094352 0.903951 0.000150
2 2 0.000466 0.000566 0.711395 0.287565 0.000008
3 3 0.000960 0.001140 0.060458 0.929629 0.007813
3 3 0.000016 0.000138 0.047568 0.952270 0.000008
3 3 0.000125 0.000732 0.068733 0.929315 0.001095
3 3 0.000003 0.000066 0.176339 0.823588 0.000004
3 3 0.000020 0.000054 0.034827 0.965097 0.000002
3 3 0.002838 0.001577 0.181665 0.812891 0.001029
3 3 0.000000 0.000000 0.000776 0.999223 0.000000
3 3 0.000031 0.000032 0.033711 0.966225 0.000002
3 3 0.000000 0.000004 0.014132 0.985864 0.000000
2 3 0.000572 0.000069 0.541560 0.457790 0.000009
3 3 0.000059 0.000002 0.013054 0.986885 0.000001
3 3 0.000015 0.000122 0.251943 0.747920 0.000001
3 3 0.000645 0.000747 0.039378 0.956068 0.003162
3 3 0.000007 0.000039 0.003167 0.996778 0.000009
3 3 0.000000 0.000000 0.000383 0.999617 0.000000
3 3 0.000000 0.000004 0.002064 0.997931 0.000000
3 3 0.000023 0.000024 0.004671 0.995274 0.000008
3 3 0.000102 0.000485 0.017224 0.982166 0.000023
3 3 0.000002 0.000007 0.001580 0.998409 0.000002
3 3 0.000000 0.000001 0.000461 0.999537 0.000000
3 3 0.000000 0.000002 0.000665 0.999332 0.000000
3 3 0.000007 0.000024 0.003507 0.996448 0.000014
3 3 0.000368 0.001499 0.021503 0.976186 0.000445
3 3 0.000943 0.001699 0.038283 0.958768 0.000306
2 3 0.007743 0.070362 0.653072 0.260433 0.008390
2 3 0.000697 0.005456 0.880047 0.113755 0.000045
3 3 0.003459 0.000945 0.095741 0.899805 0.000050
2 3 0.011156 0.003231 0.512568 0.473040 0.000005
2 3 0.011353 0.003250 0.895007 0.090269 0.000121
3 3 0.000759 0.014353 0.208211 0.774382 0.002295
3 3 0.000287 0.000768 0.155369 0.843558 0.000018
3 3 0.003821 0.002509 0.191500 0.802119 0.000051
3 3 0.103960 0.000961 0.253212 0.641858 0.000009
3 3 0.000060 0.000041 0.010166 0.989725 0.000009
3 3 0.000323 0.001288 0.053863 0.942661 0.001866
3 3 0.000090 0.000164 0.014715 0.984682 0.000350
3 3 0.000099 0.000131 0.016647 0.982620 0.000502
3 3 0.000028 0.000018 0.008695 0.991211 0.000048
3 3 0.000000 0.000001 0.000843 0.999155 0.000001
3 3 0.000026 0.000089 0.031023 0.968616 0.000246
3 3 0.000002 0.000004 0.001649 0.998343 0.000003
3 3 0.000007 0.000039 0.003121 0.996824 0.000009
3 3 0.000007 0.000008 0.003189 0.996795 0.000001
3 3 0.000000 0.000001 0.001832 0.998167 0.000000
3 3 0.000001 0.000002 0.001198 0.998799 0.000000
3 3 0.000001 0.000002 0.001284 0.998712 0.000002
3 3 0.000000 0.000001 0.000404 0.999595 0.000000
3 3 0.000038 0.000197 0.007498 0.992207 0.000061
3 3 0.000005 0.000008 0.002733 0.997252 0.000002
3 3 0.000003 0.000002 0.001649 0.998346 0.000000
3 3 0.000026 0.000038 0.006275 0.993654 0.000007
3 3 0.000000 0.000000 0.000456 0.999544 0.000000
3 3 0.000000 0.000000 0.000645 0.999354 0.000000
3 3 0.000000 0.000000 0.000217 0.999783 0.000000
3 3 0.000017 0.000015 0.007329 0.992541 0.000097
3 3 0.000002 0.000005 0.001427 0.998566 0.000001
3 3 0.000004 0.000010 0.002607 0.997372 0.000006
3 3 0.000009 0.000044 0.002995 0.996944 0.000008
3 3 0.050262 0.013261 0.235635 0.671424 0.029418
2 2 0.020614 0.018692 0.750770 0.209737 0.000187
2 2 0.031172 0.180505 0.742608 0.030206 0.015509
2 2 0.006954 0.012175 0.714222 0.266390 0.000259
2 2 0.002999 0.118027 0.877818 0.000592 0.000565
2 2 0.000197 0.007040 0.990611 0.002134 0.000017
2 2 0.000226 0.011052 0.983669 0.005017 0.000036
2 2 0.017776 0.002231 0.976538 0.003423 0.000031
2 2 0.000996 0.008814 0.977526 0.012640 0.000023
2 2 0.000152 0.000082 0.998471 0.001295 0.000000
2 2 0.001787 0.003212 0.990031 0.004968 0.000002
2 2 0.000393 0.002899 0.989265 0.007440 0.000002
0 2 0.506651 0.007571 0.432333 0.053323 0.000122
2 2 0.311948 0.026819 0.641698 0.019434 0.000101
2 2 0.022565 0.003954 0.971590 0.001874 0.000018
2 2 0.003189 0.000744 0.990403 0.005615 0.000049
2 2 0.005696 0.032835 0.959731 0.001608 0.000130
2 2 0.008187 0.078185 0.902368 0.000466 0.010794
2 2 0.000263 0.000123 0.998579 0.001034 0.000000
2 2 0.004476 0.022378 0.967829 0.005264 0.000052
2 2 0.002259 0.002244 0.934118 0.061100 0.000280
2 2 0.055168 0.003823 0.842019 0.098482 0.000509
2 2 0.002520 0.000257 0.892250 0.104971 0.000001
2 2 0.000293 0.000222 0.602806 0.396678 0.000001
2 2 0.000026 0.000575 0.976060 0.023108 0.000231
2 2 0.017873 0.001541 0.978249 0.002295 0.000043
2 2 0.003548 0.082984 0.885981 0.001993 0.025493
2 2 0.035358 0.005504 0.953530 0.003707 0.001900
2 2 0.000030 0.000022 0.998634 0.001282 0.000031
2 2 0.000099 0.000040 0.994155 0.005701 0.000004
2 2 0.007132 0.004015 0.943684 0.045162 0.000007
2 2 0.045402 0.046710 0.904052 0.002108 0.001728
2 2 0.013475 0.020683 0.964953 0.000573 0.000317
2 1 0.016733 0.290370 0.684343 0.002893 0.005662
2 2 0.000006 0.000136 0.815454 0.184404 0.000000
2 2 0.000060 0.000253 0.934205 0.065478 0.000003
3 2 0.000044 0.000870 0.410072 0.589003 0.000011
2 2 0.001088 0.002291 0.971420 0.025076 0.000124
2 2 0.002543 0.000514 0.993263 0.003677 0.000002
2 2 0.000887 0.000245 0.988168 0.010698 0.000001
2 2 0.000079 0.001323 0.997521 0.001075 0.000002
2 2 0.000127 0.001658 0.998165 0.000049 0.000001
2 2 0.000902 0.000274 0.958716 0.040108 0.000001
2 2 0.001041 0.000089 0.998131 0.000728 0.000010
2 2 0.000449 0.001586 0.986175 0.011783 0.000007
2 1 0.034773 0.093286 0.868482 0.002556 0.000904
2 1 0.283782 0.009420 0.698969 0.007723 0.000105
2 2 0.000224 0.001037 0.927919 0.070818 0.000002
2 2 0.004012 0.000058 0.968654 0.027269 0.000006
2 2 0.000062 0.000137 0.999283 0.000456 0.000061
2 4 0.003079 0.006833 0.920999 0.002465 0.066625
4 4 0.004669 0.006769 0.027745 0.000341 0.960476
4 4 0.048011 0.009350 0.032703 0.002427 0.907508
4 4 0.013833 0.004043 0.003997 0.000124 0.978003
4 4 0.033009 0.025135 0.022538 0.002670 0.916647
4 4 0.028323 0.018677 0.019595 0.002119 0.931286
4 4 0.014663 0.005367 0.006770 0.000328 0.972871
4 4 0.014320 0.002892 0.021137 0.002835 0.958815
4 4 0.007158 0.011753 0.015817 0.000115 0.965156
4 4 0.098078 0.101025 0.113307 0.000064 0.687527
4 4 0.036749 0.003715 0.007799 0.000130 0.951606
4 4 0.037166 0.006645 0.002771 0.000025 0.953393
4 4 0.015457 0.050698 0.009400 0.000013 0.924431
4 4 0.009794 0.009563 0.014984 0.000364 0.965296
4 4 0.012682 0.011147 0.010177 0.000174 0.965820
4 4 0.024359 0.015282 0.017777 0.001809 0.940773
4 4 0.032314 0.065715 0.203593 0.004171 0.694207
4 4 0.002617 0.061671 0.061429 0.000008 0.874276
4 4 0.001837 0.015595 0.030119 0.000023 0.952426
4 4 0.024380 0.024333 0.007932 0.000090 0.943265
4 4 0.000979 0.026700 0.088632 0.000040 0.883649
4 4 0.003845 0.074622 0.167028 0.000810 0.753695
4 4 0.027976 0.006377 0.001252 0.000012 0.964384
4 1 0.084499 0.032561 0.002397 0.000032 0.880512
2 1 0.001920 0.056680 0.934001 0.006077 0.001323
2 1 0.065874 0.268770 0.649145 0.001040 0.015171
2 2 0.000702 0.010749 0.983618 0.001895 0.003037
2 2 0.017757 0.004381 0.971783 0.001020 0.005058
2 2 0.000060 0.000068 0.997835 0.002035 0.000002
2 2 0.002349 0.000236 0.991774 0.005615 0.000026
2 2 0.000051 0.002148 0.996487 0.000176 0.001138
2 2 0.001658 0.003321 0.994136 0.000596 0.000289
2 2 0.007794 0.012056 0.968242 0.000855 0.011054
2 2 0.000412 0.002785 0.995530 0.000026 0.001248
2 2 0.000952 0.002962 0.993257 0.002598 0.000231
2 2 0.004781 0.003251 0.975389 0.016160 0.000420
2 2 0.000161 0.002505 0.993461 0.003791 0.000083
2 2 0.000308 0.000262 0.997765 0.001551 0.000114
2 2 0.013577 0.003217 0.979223 0.000728 0.003255
2 2 0.001276 0.000725 0.996432 0.001367 0.000199
2 2 0.001746 0.004232 0.986578 0.004483 0.002961
2 2 0.007296 0.023913 0.938755 0.005929 0.024107
2 2 0.000242 0.001774 0.996947 0.000378 0.000660
2 2 0.002427 0.007646 0.876644 0.001129 0.112155
2 2 0.000351 0.004796 0.992714 0.000945 0.001195
2 2 0.004116 0.001539 0.980665 0.006304 0.007377
2 2 0.002342 0.001768 0.990326 0.002275 0.003288
2 2 0.000190 0.000798 0.997938 0.000277 0.000797
2 2 0.000652 0.007140 0.960473 0.000107 0.031628
2 2 0.000839 0.001746 0.993176 0.003202 0.001036
2 2 0.000567 0.000987 0.994467 0.003654 0.000325
2 2 0.000104 0.000208 0.994736 0.004884 0.000069
2 2 0.002702 0.004679 0.899125 0.088181 0.005313
2 2 0.000259 0.006021 0.980438 0.012104 0.001179
2 2 0.015063 0.005435 0.757134 0.176541 0.045826
2 2 0.000481 0.004127 0.951262 0.028924 0.015206
2 2 0.000030 0.000304 0.998429 0.000289 0.000948
2 2 0.000005 0.000044 0.998432 0.001514 0.000006
2 2 0.002832 0.000475 0.981845 0.014780 0.000069
2 2 0.012681 0.010210 0.966414 0.010222 0.000473
2 2 0.000035 0.000105 0.999187 0.000671 0.000003
2 2 0.000048 0.000208 0.997369 0.002370 0.000005
2 2 0.000656 0.006613 0.991588 0.000558 0.000585
2 2 0.019543 0.018095 0.950244 0.002970 0.009147
2 2 0.000135 0.000971 0.909362 0.089483 0.000049
2 2 0.000002 0.000285 0.985703 0.014006 0.000005
2 2 0.000205 0.000268 0.943967 0.055442 0.000118
2 2 0.000004 0.000010 0.531102 0.468884 0.000000
2 2 0.000664 0.005175 0.926778 0.054354 0.013029
2 2 0.004288 0.000986 0.974895 0.018430 0.001402
2 2 0.002195 0.009551 0.971760 0.014647 0.001847
2 2 0.017114 0.001478 0.600361 0.380254 0.000793
2 2 0.000981 0.003818 0.948355 0.046487 0.000359
2 2 0.000017 0.000772 0.990187 0.009021 0.000002
2 2 0.000001 0.000025 0.986845 0.013128 0.000000
2 2 0.000141 0.000293 0.987833 0.011551 0.000181
2 2 0.000014 0.000499 0.993630 0.005844 0.000012
2 2 0.000220 0.000057 0.999063 0.000658 0.000002
2 2 0.000347 0.006489 0.978883 0.013834 0.000447
2 2 0.001062 0.000287 0.992379 0.006256 0.000016
2 2 0.000030 0.003941 0.967371 0.027287 0.001371
2 2 0.007075 0.002246 0.762738 0.227647 0.000294
3 2 0.000054 0.000960 0.308981 0.689820 0.000185
2 2 0.000136 0.000160 0.875077 0.124407 0.000219
2 2 0.002187 0.009308 0.977425 0.009378 0.001702
2 2 0.046752 0.003441 0.862282 0.085068 0.002456
3 2 0.000525 0.000108 0.386767 0.612543 0.000058
2 2 0.000375 0.000056 0.734139 0.265428 0.000001
2 2 0.000499 0.001108 0.851285 0.146015 0.001093
2 2 0.004512 0.004070 0.947125 0.043752 0.000541
2 2 0.000389 0.000279 0.995037 0.004266 0.000028
2 2 0.000548 0.001870 0.977976 0.019220 0.000386
2 2 0.000001 0.000518 0.983258 0.016207 0.000015
2 2 0.000156 0.004556 0.950838 0.044252 0.000198
2 2 0.002468 0.000849 0.987158 0.009379 0.000146
3 2 0.000355 0.001024 0.379611 0.618604 0.000406
2 2 0.000215 0.000085 0.819180 0.180492 0.000028
2 2 0.004445 0.002184 0.898568 0.094146 0.000657
2 2 0.001366 0.004082 0.643316 0.350214 0.001022
2 2 0.002386 0.001409 0.926953 0.068827 0.000425
2 2 0.003113 0.001785 0.910404 0.084399 0.000298
3 2 0.000049 0.000216 0.241717 0.757779 0.000238
2 2 0.000182 0.000980 0.915911 0.082519 0.000407
3 2 0.000019 0.000082 0.435854 0.564017 0.000028
2 2 0.000051 0.000002 0.991139 0.008809 0.000000
2 2 0.000721 0.000280 0.890584 0.108402 0.000013
2 2 0.000004 0.000025 0.775279 0.224657 0.000035
2 2 0.002738 0.016126 0.677652 0.299703 0.003780
3 2 0.001252 0.009221 0.322762 0.644081 0.022683
2 2 0.002976 0.001508 0.499545 0.486903 0.009068
2 2 0.003822 0.000050 0.993605 0.002522 0.000000
2 2 0.000379 0.001414 0.993692 0.004515 0.000001
2 2 0.078297 0.029267 0.887896 0.004257 0.000283
2 2 0.213730 0.229890 0.548352 0.000272 0.007755
2 2 0.004616 0.004425 0.973796 0.017080 0.000084
2 2 0.025816 0.028519 0.919766 0.025810 0.000089
2 2 0.012398 0.008270 0.978120 0.001207 0.000004
2 2 0.000037 0.004852 0.983266 0.011827 0.000017
2 2 0.040597 0.048481 0.909183 0.000169 0.001570
2 2 0.016548 0.013272 0.960716 0.009306 0.000157
2 2 0.000026 0.000825 0.533136 0.466005 0.000008
2 2 0.008012 0.001137 0.967089 0.023760 0.000001
2 2 0.000679 0.028148 0.969172 0.001609 0.000392
2 2 0.043469 0.012668 0.942026 0.001648 0.000189
2 2 0.000304 0.005648 0.988284 0.005757 0.000007
2 2 0.008271 0.008081 0.979908 0.003459 0.000282
0 0 0.887164 0.032562 0.079663 0.000489 0.000122
2 1 0.151375 0.104527 0.614832 0.111083 0.018182
2 1 0.001842 0.006057 0.914028 0.077987 0.000086
2 2 0.001062 0.000316 0.821463 0.177115 0.000044
2 2 0.000601 0.032317 0.961261 0.001247 0.004573
2 2 0.000280 0.004770 0.991116 0.000285 0.003549
2 2 0.001499 0.007461 0.990109 0.000461 0.000470
2 2 0.024295 0.018962 0.930821 0.005300 0.020622
2 2 0.000176 0.000629 0.994379 0.004320 0.000496
2 2 0.000433 0.000397 0.999044 0.000089 0.000037
2 2 0.000053 0.004612 0.995262 0.000022 0.000052
2 1 0.017449 0.323893 0.648425 0.000007 0.010226
2 1 0.034237 0.028408 0.921364 0.015532 0.000459
2 2 0.000219 0.000875 0.998852 0.000035 0.000019
2 2 0.014239 0.012436 0.972452 0.000246 0.000627
2 2 0.019880 0.025887 0.950809 0.003395 0.000029
2 2 0.002767 0.004329 0.992635 0.000253 0.000017
2 2 0.000089 0.000329 0.992924 0.006645 0.000012
2 2 0.001630 0.000899 0.984752 0.012327 0.000391
2 2 0.000704 0.000862 0.997190 0.001001 0.000242
2 2 0.025453 0.008329 0.950312 0.015898 0.000006
2 2 0.001628 0.018082 0.978040 0.001988 0.000262
2 2 0.000244 0.005211 0.992033 0.000240 0.002272
2 2 0.000030 0.002537 0.997298 0.000066 0.000070
0 2 0.895366 0.005092 0.093677 0.005616 0.000249
2 0 0.053211 0.027914 0.911547 0.007245 0.000083
0 0 0.983276 0.000527 0.016114 0.000049 0.000035
0 0 0.904154 0.010166 0.082461 0.001854 0.001364
0 0 0.991136 0.000917 0.007836 0.000015 0.000096
0 0 0.999071 0.000718 0.000177 0.000000 0.000034
0 0 0.997273 0.002225 0.000221 0.000000 0.000281
0 0 0.976976 0.018488 0.003112 0.000012 0.001413
0 0 0.982118 0.007736 0.005078 0.000002 0.005066
0 0 0.693567 0.068596 0.228607 0.000929 0.008301
1 0 0.040249 0.810251 0.091622 0.000087 0.057790
0 0 0.769235 0.213857 0.011250 0.000015 0.005642
0 0 0.832360 0.103412 0.007580 0.000003 0.056645
0 0 0.988179 0.007798 0.001301 0.000000 0.002721
0 0 0.832788 0.144854 0.004043 0.000043 0.018273
0 0 0.956593 0.040465 0.002094 0.000012 0.000836
1 0 0.137355 0.769750 0.082748 0.000008 0.010139
1 1 0.069621 0.642450 0.265204 0.000230 0.022496
0 0 0.983098 0.012954 0.003440 0.000001 0.000506
0 0 0.984321 0.014112 0.000802 0.000001 0.000764
0 0 0.985363 0.008692 0.005630 0.000028 0.000288
0 0 0.945766 0.041636 0.010098 0.000122 0.002377
0 0 0.788439 0.195548 0.009334 0.000013 0.006666
0 0 0.858859 0.136443 0.002889 0.000002 0.001807
0 0 0.568804 0.350147 0.024157 0.001053 0.055839
0 0 0.863518 0.125665 0.004635 0.000044 0.006138
0 1 0.634492 0.099532 0.220682 0.038169 0.007127
0 1 0.676390 0.165459 0.142070 0.008398 0.007683
1 1 0.057180 0.760591 0.053452 0.000099 0.128678
1 1 0.066691 0.578440 0.025705 0.000062 0.329101
3 1 0.037261 0.070792 0.414251 0.465584 0.012112
2 1 0.058292 0.027225 0.561405 0.313573 0.039506
0 2 0.624745 0.091892 0.280088 0.001327 0.001948
2 2 0.005761 0.256424 0.736340 0.000035 0.001441
2 2 0.013911 0.122314 0.844734 0.003669 0.015372
2 2 0.026981 0.013895 0.956924 0.000637 0.001562
2 2 0.003956 0.019292 0.965759 0.001468 0.009524
2 2 0.050692 0.097388 0.843062 0.001394 0.007464
1 2 0.166610 0.685758 0.034668 0.000120 0.112845
0 0 0.852100 0.086929 0.056586 0.000097 0.004288
1 1 0.078747 0.489731 0.418236 0.000411 0.012875
0 1 0.962211 0.016364 0.018655 0.000212 0.002558
0 2 0.955954 0.035265 0.006548 0.000019 0.002215
2 2 0.105079 0.376065 0.395474 0.001387 0.121995
2 2 0.000004 0.000122 0.994315 0.005559 0.000000
2 2 0.003036 0.002125 0.993335 0.001494 0.000010
2 2 0.000003 0.000327 0.998284 0.001385 0.000000
2 2 0.000118 0.000112 0.999693 0.000076 0.000000
2 2 0.057402 0.079506 0.862085 0.000202 0.000805
2 2 0.000123 0.010366 0.963267 0.026090 0.000155
2 2 0.000842 0.014988 0.982636 0.001480 0.000055
2 2 0.000347 0.005131 0.994429 0.000090 0.000002
2 2 0.000172 0.002006 0.993188 0.004626 0.000009
2 2 0.003753 0.003639 0.992404 0.000123 0.000082
2 2 0.003179 0.008321 0.980008 0.008477 0.000015
2 2 0.000869 0.000520 0.997425 0.001183 0.000004
2 2 0.018520 0.027358 0.953175 0.000684 0.000263
2 2 0.003462 0.004248 0.967695 0.024176 0.000419
2 2 0.020396 0.005551 0.937000 0.036796 0.000257
2 2 0.008925 0.012239 0.851028 0.127521 0.000287
2 2 0.000038 0.001755 0.998116 0.000090 0.000001
2 2 0.000032 0.000568 0.998408 0.000989 0.000003
2 2 0.000034 0.000090 0.997447 0.002428 0.000000
2 2 0.000508 0.000281 0.997858 0.001351 0.000002
2 2 0.000018 0.000078 0.969314 0.030589 0.000000
2 2 0.033183 0.014239 0.925712 0.026575 0.000292
2 2 0.000006 0.000017 0.907167 0.092810 0.000000
2 2 0.001706 0.000325 0.991411 0.006548 0.000010
2 2 0.000059 0.000044 0.979342 0.020555 0.000000
2 2 0.000085 0.000012 0.950684 0.049219 0.000000
2 2 0.002147 0.000820 0.984043 0.012968 0.000022
2 2 0.002358 0.000212 0.995282 0.001910 0.000238
2 2 0.000010 0.000034 0.998187 0.001769 0.000000
2 2 0.000062 0.000117 0.999689 0.000119 0.000014
2 2 0.000005 0.000224 0.999747 0.000022 0.000002
2 2 0.000073 0.000705 0.992978 0.006041 0.000203
4 4 0.051039 0.026722 0.033819 0.005752 0.882668
4 4 0.017152 0.026458 0.038145 0.001590 0.916655
4 4 0.015333 0.005908 0.009451 0.000615 0.968693
4 4 0.011181 0.003272 0.004682 0.000175 0.980691
4 4 0.003120 0.010732 0.015131 0.000024 0.970992
4 4 0.002210 0.013209 0.005827 0.000001 0.978753
4 4 0.023571 0.003618 0.000520 0.000002 0.972288
4 4 0.010073 0.008487 0.013229 0.000349 0.967862
4 4 0.032137 0.056732 0.047582 0.000090 0.863458
4 4 0.025715 0.013996 0.050451 0.013969 0.895869
4 4 0.006416 0.029515 0.076016 0.001018 0.887034
4 4 0.010912 0.003116 0.004480 0.000162 0.981330
4 4 0.007602 0.001243 0.004239 0.000167 0.986749
4 4 0.022303 0.002762 0.006607 0.000166 0.968162
4 4 0.007749 0.001576 0.002418 0.000055 0.988203
4 4 0.014070 0.001047 0.002213 0.000020 0.982650
4 4 0.023191 0.001689 0.003249 0.000031 0.971840
4 4 0.012246 0.001793 0.000749 0.000006 0.985206
4 4 0.092048 0.018769 0.000352 0.000001 0.888830
4 4 0.025754 0.005152 0.005927 0.000145 0.963021
4 4 0.047294 0.151714 0.135703 0.001089 0.664199
4 4 0.050749 0.055792 0.043813 0.000034 0.849612
4 4 0.040164 0.024535 0.039309 0.000517 0.895475
4 4 0.029211 0.005061 0.017048 0.000170 0.948510
4 4 0.010210 0.074530 0.047579 0.000199 0.867483
4 4 0.127825 0.154067 0.270962 0.000069 0.447077
0 4 0.263881 0.247188 0.234477 0.000001 0.254454
4 4 0.032533 0.050111 0.029965 0.000003 0.887388
4 4 0.006945 0.008422 0.012188 0.000125 0.972320
4 4 0.080753 0.046189 0.021311 0.000003 0.851745
4 4 0.198893 0.025644 0.061466 0.003429 0.710568
4 4 0.371709 0.013582 0.042597 0.000082 0.572030
4 4 0.034613 0.002363 0.005491 0.000059 0.957475
4 4 0.048414 0.008650 0.035909 0.002850 0.904177
4 4 0.012566 0.003406 0.003539 0.000101 0.980388
4 4 0.003070 0.003265 0.006934 0.000028 0.986703
4 4 0.006420 0.005308 0.004150 0.000015 0.984108
4 4 0.088370 0.006901 0.000756 0.000001 0.903972
4 4 0.015126 0.005732 0.009299 0.000599 0.969244
4 4 0.029697 0.011835 0.018394 0.001973 0.938102
4 4 0.020778 0.020474 0.089034 0.000131 0.869582
0 4 0.776447 0.007516 0.180329 0.000175 0.035533
4 4 0.029358 0.001446 0.005848 0.000070 0.963277
4 4 0.023653 0.004457 0.007627 0.000219 0.964045
4 4 0.041319 0.033778 0.022354 0.002524 0.900025
4 4 0.050888 0.045038 0.102874 0.000057 0.801143
4 4 0.046325 0.011043 0.002283 0.000027 0.940322
4 4 0.017782 0.006637 0.006168 0.000264 0.969149
0 4 0.845395 0.002896 0.011784 0.000022 0.139903
4 4 0.446781 0.022063 0.019333 0.000206 0.511618
4 4 0.028864 0.002072 0.000778 0.000003 0.968284
0 4 0.584348 0.018180 0.003854 0.000008 0.393610
4 4 0.015358 0.004639 0.004023 0.000123 0.975857
4 4 0.040723 0.012897 0.002152 0.000031 0.944197
4 4 0.007484 0.008882 0.017014 0.000290 0.966331
4 4 0.003634 0.000287 0.001132 0.000017 0.994930
4 4 0.005758 0.005209 0.001668 0.000001 0.987364
4 4 0.012342 0.003986 0.005597 0.000239 0.977836
4 4 0.273685 0.045012 0.005116 0.000042 0.676144
4 4 0.048494 0.002334 0.006392 0.000054 0.942725
4 4 0.345630 0.001150 0.003959 0.000003 0.649258
4 4 0.025055 0.000372 0.001394 0.000003 0.973176
4 4 0.440099 0.034091 0.068816 0.000704 0.456290
4 4 0.016797 0.010392 0.004799 0.000052 0.967961
4 4 0.003581 0.003433 0.002926 0.000004 0.990056
4 4 0.009645 0.012204 0.004790 0.000011 0.973350
4 4 0.043658 0.011566 0.012218 0.000457 0.932101
4 4 0.021158 0.004847 0.002516 0.000049 0.971430
4 4 0.022051 0.011731 0.021987 0.002832 0.941399
4 4 0.041674 0.048070 0.127915 0.082068 0.700272
4 4 0.004127 0.036129 0.025976 0.000019 0.933749
4 4 0.046827 0.229296 0.280441 0.000080 0.443356
4 4 0.010532 0.006546 0.003306 0.000017 0.979600
4 4 0.000841 0.014308 0.044338 0.000014 0.940499
4 4 0.141034 0.164638 0.082655 0.000141 0.611532
4 4 0.002530 0.042924 0.192890 0.000458 0.761198
4 4 0.003216 0.104442 0.252606 0.000918 0.638818
4 4 0.001064 0.019787 0.063441 0.000033 0.915675
4 4 0.001446 0.017263 0.037475 0.000020 0.943796
4 4 0.009412 0.003394 0.005131 0.000141 0.981921
4 4 0.005190 0.000451 0.000367 0.000002 0.993991
4 4 0.049332 0.032198 0.011204 0.000663 0.906603
4 4 0.000380 0.020066 0.087529 0.000008 0.892017
4 4 0.003998 0.010120 0.029986 0.000203 0.955694
4 4 0.006143 0.064611 0.141003 0.001583 0.786661
2 4 0.040987 0.151791 0.545813 0.000908 0.260501
4 4 0.002906 0.100392 0.063343 0.000016 0.833343
4 4 0.010393 0.124666 0.069031 0.000243 0.795667
4 4 0.073303 0.362626 0.076542 0.000010 0.487519
4 1 0.084691 0.265195 0.026269 0.000139 0.623706
2 1 0.058983 0.132329 0.404976 0.000224 0.403488
4 1 0.130253 0.200234 0.303097 0.009311 0.357105
2 1 0.007864 0.081383 0.587535 0.000468 0.322750
2 1 0.004074 0.106516 0.565780 0.023126 0.300503
2 1 0.000793 0.039913 0.693814 0.001845 0.263634
2 1 0.015367 0.044156 0.660726 0.001518 0.278233
2 1 0.005578 0.042350 0.797269 0.005518 0.149285
4 1 0.002160 0.033293 0.235801 0.001045 0.727701
4 1 0.007738 0.029817 0.019165 0.000049 0.943230
4 1 0.006549 0.009700 0.007731 0.000025 0.975996
2 1 0.000544 0.054585 0.818821 0.004601 0.121448
4 1 0.001087 0.032996 0.321675 0.000584 0.643657
2 1 0.006919 0.027182 0.893781 0.000181 0.071937
2 1 0.014063 0.034287 0.641230 0.000026 0.310393
2 1 0.016660 0.032848 0.536686 0.002867 0.410940
2 1 0.000679 0.040814 0.633547 0.001915 0.323044
2 1 0.000585 0.064154 0.844301 0.000278 0.090682
2 2 0.031702 0.181750 0.575004 0.000773 0.210771
4 2 0.001381 0.051180 0.148243 0.000075 0.799121
2 2 0.000703 0.041671 0.569357 0.001244 0.387025
2 2 0.000066 0.032341 0.747534 0.000042 0.220018
2 2 0.000251 0.018729 0.665802 0.000655 0.314563
2 2 0.001009 0.012372 0.923350 0.001056 0.062212
2 2 0.000168 0.023412 0.833721 0.001377 0.141322
2 2 0.000899 0.000306 0.997591 0.000954 0.000251
2 2 0.000492 0.000749 0.993311 0.004377 0.001072
2 2 0.000176 0.006970 0.985651 0.000217 0.006985
2 2 0.000006 0.000328 0.999514 0.000026 0.000127
2 2 0.000015 0.003671 0.977924 0.004730 0.013660
2 2 0.000074 0.002067 0.990466 0.004787 0.002606
2 2 0.000042 0.000424 0.998626 0.000502 0.000406
2 2 0.000091 0.011703 0.963790 0.000253 0.024163
2 2 0.000001 0.000034 0.999293 0.000619 0.000052
2 2 0.000040 0.000204 0.997792 0.001941 0.000023
2 2 0.000125 0.004176 0.960606 0.021751 0.013342
2 2 0.013517 0.001418 0.980947 0.000296 0.003822
2 2 0.000045 0.002098 0.961851 0.031711 0.004295
2 2 0.000326 0.002187 0.995612 0.001360 0.000515
2 2 0.000375 0.012779 0.947667 0.021420 0.017760
2 2 0.000769 0.007848 0.988768 0.000582 0.002033
2 2 0.000286 0.002685 0.995402 0.001210 0.000418
2 2 0.000116 0.000389 0.972112 0.027191 0.000193
2 2 0.000226 0.006060 0.968603 0.019729 0.005382
2 2 0.000733 0.002418 0.982926 0.010982 0.002941
2 2 0.000073 0.004195 0.983582 0.011516 0.000634
2 2 0.000727 0.000454 0.993829 0.004890 0.000101
2 2 0.000007 0.000082 0.994298 0.005609 0.000004
2 2 0.000013 0.002358 0.863774 0.133743 0.000112
2 2 0.000258 0.001891 0.992822 0.004561 0.000468
2 2 0.000012 0.000205 0.997249 0.002303 0.000230
2 2 0.000008 0.000917 0.996136 0.002714 0.000225
2 2 0.000518 0.003110 0.789078 0.201354 0.005941
2 2 0.000006 0.000295 0.978247 0.021425 0.000027
2 2 0.000382 0.001518 0.929726 0.064190 0.004183
2 2 0.000757 0.010542 0.973079 0.010316 0.005306
3 2 0.001888 0.005201 0.477987 0.513143 0.001780
2 2 0.000645 0.023412 0.907306 0.048226 0.020411
3 2 0.000186 0.002615 0.372963 0.623473 0.000764
2 2 0.000148 0.003208 0.840622 0.132731 0.023290
2 2 0.000251 0.001833 0.547739 0.448849 0.001328
3 2 0.000493 0.006208 0.198715 0.792454 0.002129
3 2 0.000304 0.001328 0.255754 0.742406 0.000209
3 2 0.000000 0.000001 0.020637 0.979362 0.000000
3 2 0.000001 0.000003 0.026094 0.973902 0.000000
3 2 0.000160 0.000701 0.453546 0.537722 0.007871
3 2 0.000026 0.000648 0.403434 0.595499 0.000394
2 2 0.202661 0.066035 0.714394 0.016610 0.000299
0 0 0.828651 0.055423 0.105959 0.007974 0.001992
2 1 0.002236 0.029816 0.651792 0.313646 0.002510
2 1 0.000100 0.015328 0.976561 0.007802 0.000209
2 2 0.000044 0.000951 0.994163 0.003763 0.001079
2 2 0.000001 0.001634 0.998189 0.000087 0.000089
2 2 0.000133 0.001771 0.971938 0.025969 0.000188
2 2 0.000184 0.000121 0.999363 0.000300 0.000031
2 2 0.001585 0.001154 0.987877 0.009216 0.000169
2 2 0.000153 0.000235 0.982434 0.017165 0.000013
2 2 0.000531 0.013737 0.949913 0.032206 0.003613
2 2 0.001723 0.009203 0.977093 0.006264 0.005718
2 2 0.000511 0.002426 0.772714 0.216618 0.007731
2 2 0.000004 0.000228 0.953521 0.046240 0.000007
2 2 0.000109 0.000073 0.999326 0.000483 0.000008
2 2 0.000007 0.000465 0.998493 0.000886 0.000149
2 2 0.000030 0.000243 0.999416 0.000099 0.000212
2 2 0.000106 0.000246 0.998062 0.001030 0.000555
2 2 0.000002 0.000032 0.988821 0.011135 0.000010
2 2 0.000045 0.000789 0.985231 0.009446 0.004488
2 2 0.000014 0.000032 0.808708 0.191221 0.000024
2 2 0.000253 0.000126 0.977417 0.022159 0.000045
2 2 0.000008 0.000200 0.969322 0.030447 0.000022
2 2 0.003548 0.012746 0.976189 0.004684 0.002833
2 2 0.000576 0.003813 0.856463 0.073847 0.065300
2 2 0.001853 0.025567 0.924276 0.001456 0.046849
2 2 0.000138 0.000641 0.917439 0.076490 0.005292
2 2 0.000625 0.001543 0.992589 0.002964 0.002279
2 2 0.000296 0.000485 0.998768 0.000054 0.000397
2 2 0.000107 0.000978 0.986379 0.011104 0.001432
2 2 0.000018 0.000084 0.999486 0.000110 0.000302
2 2 0.000060 0.003864 0.983664 0.002031 0.010382
2 2 0.000328 0.000190 0.997687 0.001686 0.000110
2 2 0.000306 0.000556 0.965435 0.033423 0.000279
2 2 0.000015 0.000066 0.986026 0.013863 0.000030
2 2 0.000123 0.002063 0.863335 0.134446 0.000033
2 2 0.000936 0.018167 0.785813 0.000125 0.194958
2 2 0.000796 0.010693 0.923877 0.000309 0.064325
2 2 0.000960 0.000409 0.996811 0.001351 0.000468
2 2 0.000064 0.000076 0.998373 0.001470 0.000017
2 2 0.000103 0.007849 0.972131 0.000490 0.019428
2 2 0.000026 0.000343 0.992780 0.001909 0.004943
2 2 0.000295 0.000717 0.965449 0.000382 0.033157
2 2 0.001085 0.004150 0.978038 0.003922 0.012805
