0 0 0.988066 0.004823 0.005053 0.000241 0.001817
0 0 0.993189 0.002852 0.003612 0.000010 0.000337
0 0 0.997258 0.001754 0.000878 0.000085 0.000025
0 0 0.949873 0.045049 0.004433 0.000019 0.000626
0 0 0.965302 0.002024 0.006037 0.026229 0.000409
0 0 0.949088 0.029007 0.020490 0.000552 0.000864
0 0 0.994807 0.002746 0.001820 0.000287 0.000341
0 0 0.909943 0.011945 0.002140 0.000015 0.075958
0 0 0.998710 0.000603 0.000520 0.000164 0.000002
0 0 0.992559 0.006563 0.000835 0.000005 0.000038
0 0 0.921386 0.011959 0.039285 0.026945 0.000426
0 0 0.975934 0.010734 0.012300 0.000586 0.000446
0 0 0.996526 0.001599 0.001795 0.000029 0.000051
0 0 0.980240 0.002107 0.015322 0.002160 0.000171
0 0 0.991357 0.003324 0.005084 0.000176 0.000058
0 0 0.846826 0.060635 0.091890 0.000159 0.000491
0 0 0.984783 0.005973 0.009032 0.000016 0.000196
0 0 0.990894 0.001650 0.007029 0.000113 0.000314
0 0 0.987537 0.001942 0.009208 0.000415 0.000898
0 0 0.996160 0.002045 0.001565 0.000152 0.000078
0 0 0.891500 0.031979 0.074161 0.000101 0.002258
0 0 0.916380 0.018271 0.051811 0.001561 0.011977
0 0 0.995621 0.002667 0.001020 0.000033 0.000660
0 0 0.962968 0.022595 0.010732 0.000038 0.003667
0 0 0.999398 0.000510 0.000073 0.000000 0.000019
0 0 0.998643 0.000514 0.000802 0.000012 0.000030
0 0 0.933292 0.026209 0.033273 0.000638 0.006589
0 0 0.974462 0.010391 0.015011 0.000021 0.000115
0 0 0.997513 0.001329 0.001127 0.000013 0.000019
0 0 0.994830 0.004494 0.000629 0.000004 0.000043
0 0 0.998906 0.000372 0.000456 0.000194 0.000072
0 0 0.987475 0.004739 0.006079 0.000296 0.001412
0 0 0.990901 0.003673 0.001037 0.000012 0.004376
0 0 0.997330 0.001004 0.001178 0.000036 0.000452
0 0 0.998402 0.000655 0.000900 0.000030 0.000013
0 0 0.997330 0.001961 0.000678 0.000027 0.000004
0 0 0.990102 0.003036 0.005796 0.000878 0.000187
0 0 0.990808 0.001559 0.007077 0.000531 0.000026
0 0 0.996595 0.001279 0.001395 0.000231 0.000500
0 0 0.996202 0.002446 0.001106 0.000015 0.000231
0 0 0.994755 0.001079 0.002140 0.001335 0.000691
0 0 0.995915 0.002254 0.001317 0.000053 0.000461
0 0 0.998928 0.000323 0.000449 0.000276 0.000024
0 0 0.993210 0.003819 0.002554 0.000032 0.000385
0 0 0.997095 0.001554 0.001055 0.000165 0.000131
0 0 0.993631 0.001375 0.003830 0.000107 0.001056
0 0 0.999691 0.000151 0.000128 0.000023 0.000007
0 0 0.995709 0.002963 0.001232 0.000039 0.000058
0 0 0.998598 0.000422 0.000581 0.000372 0.000027
0 0 0.987901 0.004431 0.007319 0.000102 0.000247
0 0 0.939329 0.049386 0.010989 0.000003 0.000293
0 0 0.996260 0.002341 0.001318 0.000042 0.000039
0 0 0.983685 0.006537 0.008477 0.000414 0.000887
2 0 0.330725 0.084547 0.558211 0.024887 0.001631
0 0 0.952229 0.035603 0.008448 0.000209 0.003511
0 0 0.945359 0.033672 0.015686 0.000091 0.005191
1 0 0.396705 0.418707 0.164953 0.000008 0.019626
0 0 0.871752 0.102909 0.016151 0.000017 0.009171
0 0 0.855212 0.123596 0.020070 0.000357 0.000764
0 0 0.934965 0.048091 0.012834 0.000452 0.003658
0 0 0.983460 0.003815 0.010545 0.000410 0.001770
0 0 0.975431 0.001888 0.004678 0.000956 0.017048
0 0 0.943048 0.008493 0.010698 0.002963 0.034798
0 0 0.950731 0.028148 0.019444 0.000164 0.001513
0 0 0.984639 0.003116 0.011069 0.000139 0.001036
0 0 0.950326 0.033997 0.009889 0.000362 0.005425
0 0 0.946395 0.021792 0.030289 0.000548 0.000976
0 0 0.997276 0.000631 0.001684 0.000184 0.000225
0 0 0.998279 0.000986 0.000663 0.000026 0.000045
0 0 0.990795 0.006496 0.002462 0.000005 0.000242
0 0 0.993719 0.003654 0.002200 0.000020 0.000406
0 0 0.973526 0.016966 0.009172 0.000005 0.000331
0 0 0.868317 0.064946 0.058714 0.000345 0.007679
0 0 0.955721 0.011456 0.027797 0.000417 0.004609
0 0 0.996854 0.001065 0.001289 0.000171 0.000622
0 0 0.998860 0.000859 0.000223 0.000004 0.000055
0 0 0.996937 0.001231 0.001457 0.000093 0.000282
0 0 0.985834 0.005797 0.007600 0.000187 0.000582
0 0 0.846229 0.021325 0.088232 0.003223 0.040990
0 0 0.976530 0.006399 0.003555 0.000022 0.013495
0 0 0.794468 0.022181 0.162746 0.004125 0.016480
0 0 0.867339 0.075297 0.051961 0.003249 0.002154
2 0 0.107394 0.181441 0.710814 0.000065 0.000285
0 0 0.805268 0.139585 0.054272 0.000092 0.000783
0 0 0.829872 0.127551 0.037205 0.000063 0.005309
0 0 0.827999 0.160151 0.009838 0.000019 0.001993
2 0 0.183399 0.164139 0.651530 0.000342 0.000590
0 0 0.691812 0.100296 0.206625 0.000615 0.000651
0 0 0.728014 0.203193 0.064969 0.000007 0.003817
0 0 0.856949 0.124773 0.014331 0.000022 0.003926
0 0 0.572452 0.245348 0.158629 0.000082 0.023489
0 0 0.936146 0.057710 0.005744 0.000009 0.000390
1 0 0.067061 0.465606 0.461702 0.000063 0.005568
0 0 0.480613 0.161458 0.329355 0.000956 0.027619
0 0 0.920337 0.056020 0.020064 0.001534 0.002045
0 0 0.936609 0.030461 0.027491 0.003576 0.001863
1 0 0.295786 0.556296 0.125257 0.000040 0.022620
1 0 0.135699 0.573783 0.178249 0.000009 0.112260
0 0 0.823464 0.135148 0.040240 0.001057 0.000092
0 0 0.990280 0.007301 0.002236 0.000093 0.000090
0 0 0.987712 0.005479 0.006398 0.000267 0.000144
0 0 0.966855 0.003751 0.025807 0.003394 0.000194
0 0 0.980978 0.012799 0.004012 0.000148 0.002062
0 0 0.887179 0.048992 0.061826 0.000451 0.001552
0 0 0.935418 0.028318 0.034994 0.000075 0.001195
0 0 0.940468 0.018166 0.039414 0.000019 0.001933
0 0 0.853917 0.067537 0.070589 0.000017 0.007941
0 0 0.987282 0.008861 0.003678 0.000035 0.000145
0 0 0.977110 0.008031 0.011643 0.000024 0.003191
0 0 0.777781 0.103702 0.096751 0.000194 0.021572
0 0 0.981729 0.006917 0.011153 0.000027 0.000175
0 0 0.965604 0.028699 0.005259 0.000022 0.000417
0 0 0.971215 0.025932 0.002735 0.000014 0.000104
0 0 0.754890 0.110736 0.132134 0.000110 0.002130
0 0 0.914882 0.031687 0.034699 0.004234 0.014498
0 0 0.984079 0.009610 0.004654 0.000449 0.001208
0 0 0.975658 0.013568 0.003496 0.000019 0.007259
0 0 0.991425 0.002226 0.002248 0.000682 0.003418
0 0 0.967803 0.011348 0.018897 0.001628 0.000324
0 0 0.994427 0.001904 0.003122 0.000248 0.000300
0 0 0.978897 0.007728 0.009248 0.003309 0.000818
0 0 0.992488 0.003883 0.003201 0.000157 0.000271
0 0 0.950304 0.041212 0.006924 0.000090 0.001470
0 0 0.997438 0.000877 0.001444 0.000230 0.000011
0 0 0.997539 0.001465 0.000702 0.000035 0.000259
0 0 0.994968 0.004627 0.000320 0.000000 0.000084
0 0 0.999204 0.000411 0.000277 0.000031 0.000077
0 0 0.986890 0.005621 0.006695 0.000098 0.000696
0 0 0.997136 0.001106 0.001628 0.000042 0.000089
0 0 0.993001 0.004309 0.002591 0.000028 0.000070
0 0 0.991802 0.000596 0.003536 0.003441 0.000625
0 0 0.998353 0.000356 0.000623 0.000577 0.000091
0 0 0.990226 0.006871 0.002719 0.000112 0.000072
0 0 0.929229 0.024221 0.038880 0.000085 0.007584
0 0 0.996697 0.001460 0.001420 0.000189 0.000234
0 0 0.995408 0.002809 0.001235 0.000074 0.000473
0 0 0.982564 0.014157 0.002752 0.000005 0.000522
0 0 0.999512 0.000303 0.000167 0.000016 0.000002
0 0 0.999321 0.000279 0.000347 0.000042 0.000012
0 0 0.994507 0.003314 0.001802 0.000118 0.000259
0 0 0.989411 0.005918 0.004199 0.000352 0.000119
0 0 0.989365 0.006657 0.003846 0.000015 0.000117
1 0 0.238163 0.477866 0.166520 0.000001 0.117449
0 0 0.566656 0.255506 0.165249 0.000080 0.012509
0 0 0.873578 0.098998 0.021680 0.000067 0.005676
0 0 0.914139 0.076857 0.008728 0.000068 0.000208
0 0 0.975629 0.017570 0.006414 0.000261 0.000127
0 0 0.986579 0.010665 0.002573 0.000067 0.000116
0 0 0.955186 0.039169 0.005553 0.000087 0.000005
0 0 0.971473 0.020461 0.007351 0.000551 0.000164
0 0 0.716039 0.232374 0.048152 0.000010 0.003425
0 0 0.925820 0.047486 0.013872 0.000296 0.012526
0 0 0.788722 0.156920 0.050865 0.000043 0.003451
0 0 0.770849 0.139143 0.089677 0.000098 0.000233
1 0 0.200376 0.566399 0.228739 0.000004 0.004483
1 1 0.375256 0.494612 0.129461 0.000006 0.000664
0 1 0.819717 0.162461 0.015852 0.000088 0.001882
0 1 0.480766 0.474770 0.036427 0.000012 0.008025
1 1 0.125338 0.582142 0.245890 0.000095 0.046535
1 1 0.073528 0.661299 0.181911 0.000004 0.083259
1 2 0.069339 0.520509 0.398169 0.000148 0.011836
0 2 0.508703 0.385828 0.102102 0.000132 0.003235
2 2 0.003565 0.147079 0.846693 0.000256 0.002407
2 2 0.022239 0.154212 0.810885 0.004014 0.008650
2 2 0.059325 0.134498 0.798482 0.006753 0.000941
2 2 0.007754 0.090746 0.900399 0.001029 0.000072
2 2 0.017499 0.147520 0.833902 0.000705 0.000374
2 2 0.024188 0.055342 0.914014 0.002416 0.004039
2 2 0.005269 0.017712 0.921408 0.055534 0.000077
2 2 0.000156 0.013317 0.986322 0.000187 0.000018
0 1 0.552486 0.377180 0.068350 0.000009 0.001975
1 1 0.237776 0.409368 0.352212 0.000038 0.000607
1 0 0.407645 0.474782 0.114630 0.000055 0.002888
1 0 0.142770 0.646128 0.201492 0.000001 0.009609
2 0 0.215293 0.358735 0.424329 0.000048 0.001594
1 0 0.420771 0.436488 0.127912 0.000204 0.014625
1 0 0.115560 0.570490 0.310737 0.000152 0.003061
1 1 0.181947 0.475806 0.329725 0.000150 0.012371
0 1 0.408856 0.393288 0.195020 0.001424 0.001413
0 1 0.897577 0.034788 0.063339 0.001030 0.003267
2 1 0.139903 0.349267 0.509356 0.000644 0.000830
2 1 0.026893 0.413918 0.548765 0.000552 0.009872
1 2 0.224049 0.402871 0.266503 0.001933 0.104643
2 2 0.015378 0.089524 0.869857 0.016811 0.008429
2 2 0.055869 0.234023 0.707492 0.000583 0.002033
1 2 0.325006 0.366155 0.293042 0.000749 0.015047
2 2 0.001850 0.065771 0.925969 0.006141 0.000269
2 2 0.006184 0.033431 0.956140 0.004077 0.000169
2 2 0.001894 0.007219 0.988996 0.001885 0.000006
2 2 0.000000 0.000103 0.969345 0.030551 0.000000
2 2 0.001223 0.010717 0.978300 0.009746 0.000014
2 2 0.000136 0.003025 0.977138 0.019699 0.000001
3 2 0.000013 0.000398 0.224399 0.775190 0.000000
2 2 0.004250 0.002514 0.553454 0.439780 0.000002
2 2 0.000006 0.000440 0.993196 0.006358 0.000000
2 2 0.001061 0.016015 0.974070 0.008851 0.000004
2 2 0.000000 0.000070 0.972103 0.027827 0.000000
3 2 0.000000 0.000069 0.425614 0.574318 0.000000
2 3 0.000011 0.000040 0.878875 0.121074 0.000000
2 3 0.000005 0.000024 0.942001 0.057970 0.000000
3 3 0.000000 0.000015 0.211848 0.788137 0.000000
3 3 0.000001 0.000053 0.472735 0.527211 0.000000
3 3 0.000004 0.000040 0.074917 0.925039 0.000000
3 3 0.000005 0.000026 0.086336 0.913633 0.000000
2 3 0.023044 0.020241 0.863029 0.093635 0.000050
0 2 0.508617 0.163297 0.283931 0.031798 0.012358
2 2 0.087182 0.047407 0.809018 0.007477 0.048916
2 0 0.024128 0.051312 0.645270 0.020184 0.259108
2 0 0.133945 0.268362 0.548134 0.003597 0.045962
0 0 0.545876 0.202108 0.233165 0.000766 0.018086
1 0 0.272416 0.591538 0.122225 0.000049 0.013770
0 0 0.843400 0.136754 0.017555 0.000170 0.002121
1 0 0.110352 0.750991 0.083004 0.000001 0.055652
0 0 0.657973 0.279616 0.058014 0.000174 0.004223
0 0 0.934477 0.059145 0.005847 0.000028 0.000503
0 0 0.957358 0.020900 0.020061 0.000040 0.001640
0 0 0.868470 0.114989 0.015089 0.000102 0.001350
0 0 0.959271 0.037940 0.002578 0.000005 0.000206
0 0 0.967440 0.011996 0.011499 0.004900 0.004165
0 0 0.945772 0.023212 0.019400 0.007294 0.004322
0 0 0.635420 0.222386 0.126185 0.000013 0.015996
0 0 0.496922 0.433543 0.065880 0.000169 0.003487
0 0 0.417010 0.196224 0.350378 0.001547 0.034841
0 1 0.391252 0.085687 0.299236 0.019075 0.204750
0 1 0.398639 0.232898 0.360435 0.001047 0.006981
0 1 0.864521 0.042488 0.091918 0.000079 0.000995
0 1 0.908363 0.062317 0.028025 0.000045 0.001250
0 1 0.831811 0.081640 0.063152 0.000378 0.023019
0 1 0.630376 0.275532 0.088315 0.000091 0.005687
2 1 0.034545 0.384424 0.569904 0.000008 0.011120
1 1 0.200772 0.628289 0.166672 0.000006 0.004261
0 1 0.616297 0.326232 0.044547 0.000003 0.012921
2 1 0.082697 0.260497 0.643348 0.000480 0.012978
0 1 0.548059 0.226167 0.071595 0.000814 0.153365
0 1 0.885136 0.071885 0.042286 0.000008 0.000685
0 1 0.870379 0.121699 0.007537 0.000002 0.000383
0 1 0.576213 0.351724 0.071037 0.000037 0.000989
1 1 0.182777 0.565130 0.243190 0.000013 0.008890
2 1 0.132724 0.243381 0.621061 0.000101 0.002733
0 1 0.781732 0.102150 0.114323 0.000029 0.001766
0 1 0.543638 0.290787 0.164420 0.000077 0.001079
2 1 0.020030 0.251497 0.727487 0.000052 0.000934
0 1 0.696262 0.223200 0.079401 0.000003 0.001134
1 1 0.255899 0.460379 0.276104 0.003011 0.004608
2 1 0.022093 0.339651 0.620752 0.000238 0.017267
2 1 0.004528 0.166911 0.806107 0.000583 0.021871
2 2 0.000630 0.040312 0.958219 0.000416 0.000423
3 2 0.000142 0.000514 0.426121 0.573215 0.000008
2 0 0.148865 0.257680 0.592766 0.000026 0.000663
0 0 0.807040 0.065902 0.126549 0.000497 0.000013
0 0 0.924178 0.039800 0.022906 0.001199 0.011917
0 0 0.616875 0.204461 0.155812 0.001359 0.021494
0 0 0.957433 0.029771 0.011052 0.000829 0.000915
0 0 0.878251 0.045983 0.069872 0.001793 0.004101
0 0 0.857455 0.050301 0.082374 0.001607 0.008264
0 0 0.970119 0.024311 0.004898 0.000014 0.000657
1 0 0.222261 0.546613 0.228165 0.000099 0.002862
1 1 0.260281 0.408120 0.330723 0.000086 0.000790
2 1 0.057618 0.270279 0.669064 0.001800 0.001240
2 1 0.018238 0.329405 0.649959 0.000544 0.001854
2 2 0.002440 0.044942 0.951877 0.000720 0.000020
2 2 0.006082 0.252457 0.731919 0.000035 0.009507
2 2 0.000010 0.000389 0.896681 0.102919 0.000001
2 2 0.000067 0.001091 0.966322 0.032520 0.000000
2 2 0.015856 0.114398 0.869379 0.000334 0.000033
2 2 0.000433 0.005405 0.984061 0.010096 0.000004
2 2 0.000001 0.000435 0.993190 0.006374 0.000001
2 2 0.000000 0.000051 0.982680 0.017269 0.000000
2 2 0.009689 0.168414 0.818957 0.001612 0.001327
2 2 0.000039 0.002678 0.996845 0.000436 0.000002
2 2 0.014798 0.031197 0.907779 0.044700 0.001525
2 2 0.000001 0.000313 0.992751 0.006933 0.000002
2 2 0.000004 0.000078 0.708443 0.291476 0.000000
2 2 0.000000 0.000024 0.915687 0.084289 0.000000
2 2 0.006131 0.052110 0.931784 0.009915 0.000060
2 2 0.016751 0.071739 0.909245 0.001988 0.000277
2 2 0.000003 0.000591 0.993240 0.006166 0.000001
2 2 0.000190 0.002027 0.948332 0.049449 0.000001
2 2 0.000022 0.000373 0.624810 0.374795 0.000000
2 2 0.000002 0.000114 0.518176 0.481707 0.000000
3 2 0.000000 0.000045 0.478754 0.521201 0.000000
2 2 0.000193 0.000300 0.653740 0.345767 0.000000
2 3 0.000001 0.000021 0.837274 0.162704 0.000000
2 3 0.000023 0.000065 0.878112 0.121800 0.000000
3 3 0.000034 0.000109 0.210595 0.789261 0.000000
3 3 0.001957 0.001416 0.459257 0.537353 0.000017
2 3 0.000003 0.000082 0.839246 0.160668 0.000001
2 3 0.000189 0.001481 0.726978 0.271352 0.000000
3 3 0.000040 0.000133 0.064317 0.935503 0.000007
3 3 0.000115 0.000010 0.012514 0.987361 0.000000
3 3 0.000000 0.000001 0.318434 0.681565 0.000000
3 3 0.000000 0.000012 0.325340 0.674648 0.000000
3 3 0.000001 0.000007 0.017674 0.982318 0.000000
3 3 0.000000 0.000000 0.008091 0.991909 0.000000
3 3 0.000580 0.000229 0.030051 0.969140 0.000000
3 3 0.000257 0.000124 0.028610 0.970958 0.000051
3 3 0.000038 0.000041 0.154112 0.845805 0.000003
3 3 0.000012 0.000044 0.053116 0.946822 0.000006
3 3 0.000194 0.000027 0.004333 0.995445 0.000000
3 3 0.000025 0.000002 0.000820 0.999153 0.000000
3 3 0.000001 0.000002 0.001237 0.998759 0.000000
3 3 0.000178 0.000010 0.002061 0.997751 0.000000
3 3 0.000501 0.000044 0.019404 0.979332 0.000719
3 3 0.000032 0.000006 0.001945 0.998003 0.000014
3 3 0.014517 0.004507 0.063394 0.917580 0.000002
3 3 0.000011 0.000016 0.018026 0.981947 0.000000
3 3 0.000000 0.000008 0.002943 0.997049 0.000000
3 3 0.000001 0.000003 0.023123 0.976873 0.000000
3 3 0.000160 0.000004 0.003003 0.996827 0.000005
3 3 0.000000 0.000000 0.001700 0.998299 0.000000
3 3 0.000089 0.000015 0.004394 0.995502 0.000000
3 3 0.000001 0.000000 0.000148 0.999851 0.000000
3 3 0.000002 0.000001 0.000566 0.999432 0.000000
3 3 0.000001 0.000012 0.097554 0.902434 0.000000
3 3 0.000046 0.000017 0.003025 0.996911 0.000000
3 3 0.000298 0.000006 0.001403 0.998293 0.000000
3 3 0.000008 0.000001 0.000562 0.999429 0.000000
3 3 0.000001 0.000002 0.001247 0.998750 0.000000
3 3 0.000000 0.000000 0.000128 0.999872 0.000000
3 3 0.000156 0.000002 0.000783 0.999059 0.000000
3 3 0.000136 0.000009 0.003972 0.995882 0.000000
3 3 0.002632 0.000018 0.002463 0.994886 0.000001
3 3 0.000001 0.000003 0.002269 0.997728 0.000000
3 3 0.000004 0.000001 0.000710 0.999286 0.000000
3 3 0.000027 0.000011 0.002341 0.997621 0.000000
3 3 0.000424 0.000029 0.003611 0.995936 0.000000
3 3 0.000000 0.000001 0.000713 0.999285 0.000000
3 3 0.000005 0.000007 0.003206 0.996783 0.000000
3 3 0.000016 0.000005 0.001654 0.998325 0.000000
3 3 0.000277 0.000001 0.000679 0.999030 0.000012
3 3 0.002382 0.000088 0.006270 0.991258 0.000002
3 3 0.002940 0.000029 0.003140 0.993890 0.000000
3 3 0.000000 0.000000 0.000001 0.999999 0.000000
3 3 0.000000 0.000000 0.000037 0.999963 0.000000
3 3 0.000178 0.000001 0.000677 0.999144 0.000000
3 3 0.000039 0.000007 0.001770 0.998184 0.000000
3 3 0.000022 0.000003 0.001156 0.998819 0.000000
3 3 0.000239 0.000006 0.001611 0.998143 0.000001
3 3 0.065913 0.000623 0.023320 0.909816 0.000328
3 3 0.010441 0.000177 0.020604 0.968777 0.000001
3 3 0.000096 0.000029 0.004307 0.995562 0.000005
3 3 0.002096 0.000110 0.007126 0.990666 0.000001
3 3 0.000706 0.000039 0.004070 0.995185 0.000000
3 3 0.000419 0.000010 0.002073 0.997495 0.000003
3 3 0.011124 0.001150 0.035852 0.951871 0.000002
3 3 0.000017 0.000003 0.001284 0.998695 0.000001
3 3 0.000539 0.000036 0.004313 0.995099 0.000014
3 3 0.000444 0.000016 0.002783 0.996731 0.000026
3 3 0.005871 0.000115 0.007129 0.986865 0.000020
3 3 0.000110 0.000045 0.006316 0.993529 0.000000
3 3 0.000018 0.000021 0.003801 0.996160 0.000000
3 3 0.000021 0.000005 0.001700 0.998273 0.000000
3 3 0.000270 0.000057 0.005778 0.993892 0.000004
3 3 0.007984 0.000951 0.024284 0.966345 0.000436
3 3 0.000017 0.000006 0.001721 0.998256 0.000000
3 3 0.004140 0.000055 0.004767 0.991021 0.000017
3 3 0.000000 0.000000 0.001078 0.998921 0.000000
3 3 0.000007 0.000000 0.000352 0.999641 0.000000
3 3 0.000023 0.000001 0.000724 0.999247 0.000005
3 3 0.005878 0.000478 0.017162 0.975252 0.001230
3 3 0.000046 0.000013 0.002858 0.997079 0.000004
3 3 0.000889 0.000165 0.010699 0.987524 0.000723
3 3 0.009095 0.001038 0.074552 0.915306 0.000009
3 3 0.008292 0.001424 0.052182 0.937662 0.000439
3 3 0.000000 0.000001 0.000690 0.999309 0.000000
3 3 0.000006 0.000004 0.001628 0.998361 0.000000
3 3 0.000001 0.000001 0.000972 0.999027 0.000000
3 3 0.000001 0.000017 0.022829 0.977151 0.000003
3 3 0.000015 0.000002 0.001040 0.998943 0.000000
3 3 0.000049 0.000017 0.016409 0.983523 0.000002
3 3 0.000196 0.000004 0.001357 0.998440 0.000002
3 3 0.000138 0.000003 0.001129 0.998729 0.000001
3 3 0.001534 0.000156 0.009722 0.988411 0.000177
3 3 0.000552 0.000590 0.034748 0.961230 0.002880
3 3 0.000012 0.000009 0.002489 0.997487 0.000003
3 3 0.000027 0.000007 0.003199 0.996766 0.000000
3 3 0.000011 0.000003 0.001393 0.998590 0.000002
3 3 0.000000 0.000000 0.001192 0.998808 0.000000
0 0 0.852715 0.088699 0.045218 0.013323 0.000044
0 0 0.942016 0.028265 0.018908 0.010809 0.000001
2 1 0.000680 0.002623 0.970724 0.024826 0.001147
2 1 0.090192 0.046157 0.825705 0.021545 0.016401
2 1 0.000102 0.002913 0.989120 0.007862 0.000004
2 2 0.000009 0.001930 0.996684 0.001358 0.000020
2 2 0.000000 0.000011 0.890105 0.109884 0.000000
2 2 0.000007 0.000111 0.901074 0.098804 0.000003
2 2 0.000405 0.009999 0.861248 0.039382 0.088966
2 2 0.000001 0.000769 0.873658 0.125513 0.000059
2 2 0.000980 0.060163 0.848592 0.000693 0.089573
2 2 0.000010 0.008931 0.981760 0.000492 0.008807
2 2 0.000969 0.009648 0.893569 0.056369 0.039445
2 2 0.004082 0.018133 0.524281 0.269603 0.183901
2 2 0.000680 0.018447 0.976937 0.001827 0.002109
2 2 0.000073 0.012132 0.980605 0.000667 0.006523
2 2 0.000562 0.045180 0.778601 0.001701 0.173956
2 2 0.000080 0.005137 0.990477 0.003383 0.000924
2 2 0.000466 0.032273 0.903941 0.009296 0.054025
2 2 0.000291 0.019501 0.957086 0.001461 0.021661
2 2 0.000219 0.004456 0.988914 0.002797 0.003614
2 2 0.000130 0.008019 0.973983 0.017074 0.000794
2 2 0.034528 0.073719 0.524215 0.002141 0.365397
2 2 0.000134 0.017518 0.967554 0.001874 0.012921
4 2 0.004451 0.041348 0.442413 0.003314 0.508474
2 2 0.000591 0.019529 0.954241 0.001184 0.024455
2 2 0.000770 0.058910 0.927479 0.000443 0.012398
2 2 0.000186 0.030019 0.965427 0.000372 0.003997
4 2 0.004681 0.055426 0.336679 0.001735 0.601479
2 2 0.001748 0.027132 0.739311 0.004160 0.227649
2 2 0.000091 0.015477 0.940196 0.005376 0.038859
2 2 0.000004 0.002044 0.993585 0.001030 0.003337
2 2 0.000036 0.021377 0.974838 0.002460 0.001289
2 2 0.000015 0.003401 0.993851 0.002061 0.000673
2 2 0.001396 0.016251 0.519801 0.001489 0.461062
2 2 0.003284 0.025465 0.919025 0.011802 0.040424
2 2 0.000083 0.001627 0.995735 0.002495 0.000061
2 2 0.000010 0.000233 0.993861 0.005872 0.000024
2 2 0.011042 0.023209 0.961369 0.003439 0.000940
2 2 0.000524 0.003538 0.964737 0.031037 0.000165
2 2 0.000171 0.000950 0.958106 0.040304 0.000469
2 2 0.000083 0.001921 0.985360 0.011163 0.001473
2 2 0.000001 0.000082 0.658678 0.341239 0.000001
2 2 0.000005 0.000463 0.559515 0.440013 0.000004
2 2 0.000000 0.000046 0.990111 0.009843 0.000000
2 2 0.000000 0.000219 0.973118 0.026663 0.000001
2 2 0.000000 0.000065 0.939578 0.060357 0.000001
2 2 0.000000 0.000236 0.869565 0.130199 0.000000
2 2 0.030000 0.018918 0.913799 0.034454 0.002829
2 2 0.001014 0.013874 0.964342 0.019797 0.000973
2 2 0.000000 0.000007 0.613935 0.386058 0.000000
2 2 0.000049 0.000235 0.769747 0.229965 0.000004
2 2 0.000081 0.002627 0.985435 0.011834 0.000022
2 2 0.000052 0.002922 0.940556 0.056441 0.000030
2 2 0.000006 0.000102 0.692258 0.307634 0.000000
2 2 0.000044 0.000202 0.885724 0.114029 0.000001
3 2 0.000002 0.000049 0.384705 0.615244 0.000000
2 2 0.000000 0.000027 0.602707 0.397265 0.000000
2 2 0.001570 0.002661 0.949718 0.045727 0.000324
3 2 0.000011 0.000164 0.331823 0.668001 0.000001
2 2 0.000001 0.000546 0.980482 0.018964 0.000007
2 2 0.005125 0.028704 0.944011 0.017532 0.004627
2 2 0.000000 0.000016 0.983866 0.016118 0.000000
2 0 0.001941 0.011226 0.986767 0.000006 0.000060
1 0 0.282787 0.501283 0.093671 0.000096 0.122163
2 2 0.058184 0.282588 0.649006 0.004428 0.005794
2 2 0.010344 0.061298 0.858737 0.069605 0.000016
2 2 0.046773 0.096481 0.849564 0.006853 0.000329
2 2 0.000831 0.007706 0.983440 0.007907 0.000116
2 2 0.000042 0.001367 0.923644 0.074944 0.000004
2 2 0.000003 0.000116 0.998978 0.000903 0.000000
2 2 0.000005 0.000351 0.972372 0.027272 0.000000
2 2 0.001536 0.021646 0.975784 0.000705 0.000330
0 2 0.465790 0.142876 0.364096 0.002648 0.024590
2 2 0.014830 0.043103 0.894192 0.043774 0.004101
2 2 0.053100 0.067985 0.873916 0.003838 0.001161
2 2 0.000000 0.000231 0.981911 0.017854 0.000004
2 2 0.000001 0.000224 0.984152 0.015616 0.000007
2 2 0.000002 0.000407 0.781513 0.218077 0.000001
2 2 0.000010 0.000662 0.891709 0.107619 0.000000
2 2 0.000159 0.001653 0.970840 0.027336 0.000011
2 2 0.007938 0.002692 0.644743 0.344616 0.000010
2 2 0.032788 0.023403 0.935019 0.008682 0.000108
2 2 0.000592 0.012277 0.986484 0.000641 0.000006
2 2 0.013512 0.040492 0.941562 0.004383 0.000052
2 2 0.000000 0.000067 0.850469 0.149463 0.000000
0 0 0.865093 0.119221 0.012716 0.000075 0.002896
1 0 0.364170 0.604762 0.017136 0.000008 0.013924
2 2 0.221007 0.045300 0.717293 0.007740 0.008660
2 2 0.240024 0.085872 0.669372 0.003525 0.001206
2 2 0.001262 0.028340 0.969229 0.001070 0.000100
2 2 0.020338 0.017037 0.944474 0.018122 0.000029
2 2 0.048874 0.172114 0.761316 0.015886 0.001809
2 2 0.013954 0.009220 0.855534 0.121283 0.000008
0 0 0.856314 0.121630 0.020510 0.000379 0.001167
0 0 0.548043 0.377080 0.037089 0.000208 0.037580
0 0 0.469936 0.090765 0.408937 0.026125 0.004238
0 0 0.838065 0.081007 0.033472 0.000138 0.047318
0 0 0.820395 0.120674 0.057939 0.000182 0.000810
0 0 0.935308 0.032583 0.031584 0.000387 0.000138
2 0 0.053022 0.269345 0.676559 0.000008 0.001066
2 0 0.133194 0.180802 0.683936 0.001831 0.000237
2 0 0.219873 0.316699 0.425696 0.000156 0.037576
0 0 0.549766 0.185408 0.238267 0.002309 0.024249
2 0 0.196043 0.127611 0.641795 0.029760 0.004790
0 0 0.779520 0.030334 0.184011 0.000813 0.005322
0 0 0.955115 0.024618 0.012345 0.001414 0.006507
0 0 0.524770 0.320598 0.130232 0.000112 0.024288
1 0 0.369873 0.489400 0.082601 0.000049 0.058077
0 0 0.793301 0.154955 0.037121 0.000130 0.014493
1 0 0.298293 0.422798 0.196886 0.000130 0.081893
1 0 0.292042 0.506817 0.121324 0.000041 0.079774
1 0 0.312797 0.574811 0.080100 0.000025 0.032266
1 0 0.285564 0.440984 0.245896 0.000106 0.027450
1 0 0.121785 0.654775 0.079538 0.000006 0.143897
1 0 0.123375 0.632578 0.149842 0.000017 0.094187
1 1 0.326067 0.533277 0.114027 0.000096 0.026533
0 1 0.419018 0.357698 0.159014 0.000083 0.064186
1 1 0.042801 0.450029 0.423415 0.000444 0.083311
2 1 0.003476 0.128537 0.863843 0.000688 0.003456
1 1 0.245297 0.663858 0.068799 0.000014 0.022031
2 1 0.017294 0.308203 0.621812 0.000298 0.052393
2 1 0.127723 0.402415 0.422098 0.002099 0.045665
1 1 0.046180 0.540145 0.341377 0.000151 0.072148
2 1 0.047284 0.316402 0.626175 0.000176 0.009963
0 1 0.784269 0.155422 0.055160 0.001006 0.004143
1 0 0.268878 0.519206 0.206806 0.000034 0.005077
1 0 0.410147 0.433973 0.090926 0.001882 0.063071
0 0 0.857117 0.115640 0.017017 0.000141 0.010086
1 1 0.294334 0.626937 0.036043 0.000074 0.042611
1 1 0.219195 0.525595 0.238082 0.000026 0.017103
1 1 0.077185 0.514205 0.334549 0.000152 0.073909
0 0 0.408558 0.290775 0.295977 0.001908 0.002783
0 0 0.851728 0.058138 0.069477 0.008339 0.012318
2 0 0.265256 0.217433 0.499564 0.006811 0.010935
2 0 0.053482 0.148489 0.514347 0.278390 0.005292
0 0 0.388628 0.313730 0.296680 0.000040 0.000921
1 0 0.263292 0.605590 0.117030 0.000035 0.014054
0 0 0.784513 0.117942 0.090637 0.000220 0.006688
0 0 0.959848 0.028051 0.010847 0.000433 0.000821
1 0 0.131605 0.625869 0.168074 0.000050 0.074402
1 0 0.149953 0.411211 0.374517 0.000079 0.064239
0 0 0.363135 0.351477 0.255412 0.004905 0.025072
1 0 0.240452 0.485632 0.167440 0.000061 0.106415
0 0 0.625177 0.214044 0.136746 0.000585 0.023448
1 0 0.242494 0.679847 0.052227 0.000010 0.025422
1 0 0.389640 0.471255 0.127237 0.000151 0.011716
0 1 0.521303 0.316001 0.153581 0.000051 0.009064
2 1 0.087534 0.428749 0.481336 0.000065 0.002316
1 1 0.264327 0.616259 0.109420 0.000091 0.009903
0 1 0.709464 0.187386 0.101024 0.000505 0.001621
2 1 0.040975 0.418332 0.522303 0.000055 0.018335
2 0 0.337976 0.247043 0.408278 0.005183 0.001519
1 0 0.280003 0.642729 0.054088 0.000026 0.023154
2 0 0.341991 0.240464 0.416833 0.000044 0.000669
0 0 0.570811 0.281967 0.145055 0.000548 0.001619
0 0 0.662655 0.038590 0.291809 0.006674 0.000273
2 0 0.034528 0.140295 0.820418 0.000232 0.004526
1 0 0.248430 0.638192 0.079523 0.000062 0.033793
1 0 0.111464 0.571044 0.257443 0.000070 0.059980
0 0 0.787907 0.137306 0.073685 0.000002 0.001100
0 0 0.883385 0.096284 0.017663 0.000009 0.002660
1 0 0.304138 0.579489 0.111158 0.000289 0.004928
2 0 0.025721 0.217250 0.755435 0.000805 0.000788
1 0 0.082515 0.512540 0.332901 0.000083 0.071961
2 0 0.032567 0.286597 0.525524 0.000788 0.154524
0 0 0.772296 0.067149 0.147311 0.004044 0.009199
0 0 0.637690 0.265519 0.088027 0.000018 0.008746
1 0 0.225003 0.335802 0.335445 0.002372 0.101378
0 0 0.616600 0.324365 0.046603 0.000188 0.012244
2 0 0.098651 0.429854 0.434520 0.000009 0.036965
1 0 0.308377 0.566682 0.119518 0.000016 0.005408
0 0 0.434532 0.399281 0.154996 0.000810 0.010381
1 0 0.157746 0.490438 0.349778 0.000918 0.001121
1 0 0.044422 0.472138 0.319254 0.000045 0.164142
0 0 0.437707 0.428038 0.116113 0.004429 0.013713
0 0 0.968909 0.023872 0.006964 0.000043 0.000212
0 0 0.888892 0.073730 0.034119 0.002566 0.000693
0 0 0.958761 0.026465 0.014510 0.000092 0.000173
2 0 0.068373 0.171537 0.742994 0.011664 0.005432
0 0 0.429917 0.395846 0.143264 0.000015 0.030959
0 0 0.537344 0.236359 0.225517 0.000341 0.000437
0 0 0.984698 0.010860 0.004066 0.000363 0.000013
0 0 0.823422 0.151063 0.023210 0.000352 0.001953
0 0 0.780581 0.175356 0.007648 0.000005 0.036410
0 0 0.901262 0.093568 0.004487 0.000005 0.000679
1 0 0.220429 0.705192 0.066740 0.000001 0.007638
1 0 0.390455 0.553667 0.053139 0.000004 0.002734
0 0 0.650688 0.259243 0.089405 0.000261 0.000403
1 0 0.396338 0.492787 0.109638 0.000045 0.001192
2 0 0.276302 0.112242 0.605054 0.001614 0.004787
1 0 0.218456 0.479998 0.291725 0.000102 0.009720
1 0 0.017695 0.442762 0.341907 0.000002 0.197635
4 0 0.016560 0.109698 0.031752 0.000001 0.841990
0 0 0.829388 0.110872 0.049507 0.007470 0.002763
0 0 0.925998 0.051657 0.015722 0.000725 0.005898
1 1 0.080886 0.526655 0.377771 0.000056 0.014632
2 1 0.012663 0.228459 0.755440 0.000260 0.003178
2 1 0.024291 0.323119 0.651524 0.000141 0.000925
1 1 0.075828 0.718884 0.170802 0.000000 0.034485
2 1 0.000962 0.014677 0.981602 0.002747 0.000012
2 2 0.003209 0.014347 0.979892 0.002549 0.000003
2 2 0.000192 0.002010 0.994622 0.003176 0.000000
2 2 0.000000 0.000012 0.961816 0.038171 0.000000
2 2 0.000001 0.000139 0.998335 0.001525 0.000000
2 2 0.000082 0.003501 0.976824 0.019593 0.000001
2 2 0.000005 0.000677 0.989632 0.009686 0.000000
2 2 0.000000 0.000055 0.973525 0.026419 0.000000
2 2 0.000055 0.001224 0.998167 0.000554 0.000000
2 2 0.000068 0.006006 0.993531 0.000378 0.000018
2 2 0.000591 0.015480 0.983156 0.000711 0.000062
2 2 0.000534 0.033327 0.960655 0.005455 0.000028
2 2 0.000055 0.002620 0.997050 0.000275 0.000000
2 2 0.000057 0.003032 0.996164 0.000746 0.000000
2 2 0.000002 0.000547 0.999229 0.000223 0.000000
2 2 0.000069 0.007214 0.992345 0.000362 0.000010
2 2 0.000052 0.000596 0.942630 0.056717 0.000005
2 2 0.000000 0.000109 0.995955 0.003936 0.000000
2 2 0.011843 0.109346 0.870214 0.008485 0.000112
2 2 0.002383 0.006192 0.962175 0.029244 0.000006
2 2 0.000026 0.000193 0.926646 0.073135 0.000000
2 2 0.003306 0.004701 0.989058 0.002854 0.000081
2 2 0.000000 0.000006 0.623437 0.376556 0.000000
2 2 0.000000 0.000010 0.974326 0.025663 0.000000
2 2 0.000005 0.000078 0.922311 0.077606 0.000000
2 2 0.000000 0.000101 0.965257 0.034642 0.000000
2 2 0.000001 0.000153 0.973942 0.025903 0.000000
2 2 0.000001 0.000147 0.889650 0.110203 0.000000
2 2 0.000000 0.000020 0.938160 0.061820 0.000000
2 2 0.000001 0.000081 0.989552 0.010366 0.000000
3 2 0.000005 0.000021 0.370170 0.629805 0.000000
2 2 0.000002 0.000058 0.525736 0.474204 0.000000
2 2 0.000002 0.000068 0.957942 0.041987 0.000000
2 2 0.000002 0.000153 0.823375 0.176470 0.000000
2 2 0.000000 0.000023 0.862445 0.137532 0.000000
2 2 0.000001 0.000048 0.527688 0.472263 0.000000
2 2 0.000004 0.000052 0.637687 0.362257 0.000000
3 3 0.000005 0.000063 0.397043 0.602890 0.000000
2 3 0.000000 0.000023 0.890246 0.109731 0.000000
3 3 0.000000 0.000003 0.320575 0.679422 0.000000
3 3 0.000002 0.000019 0.223398 0.776581 0.000000
2 3 0.000000 0.000002 0.659627 0.340371 0.000000
3 3 0.000000 0.000002 0.404938 0.595061 0.000000
2 3 0.000000 0.000002 0.649583 0.350415 0.000000
3 3 0.000000 0.000004 0.118116 0.881880 0.000000
3 3 0.000000 0.000004 0.224074 0.775922 0.000000
3 3 0.000056 0.000022 0.079742 0.920179 0.000000
3 3 0.000543 0.000038 0.070562 0.928857 0.000000
3 3 0.000001 0.000022 0.113980 0.885997 0.000000
3 3 0.000000 0.000006 0.250873 0.749121 0.000000
3 3 0.000002 0.000003 0.053949 0.946046 0.000000
3 3 0.000001 0.000011 0.130777 0.869211 0.000000
3 3 0.000000 0.000006 0.441039 0.558954 0.000001
2 3 0.000000 0.000006 0.607788 0.392206 0.000000
2 3 0.000007 0.000080 0.618858 0.381055 0.000000
3 3 0.000000 0.000009 0.205203 0.794788 0.000000
3 3 0.000440 0.000101 0.076573 0.922810 0.000076
3 3 0.002640 0.000130 0.030117 0.967072 0.000039
3 3 0.000024 0.000434 0.279339 0.720189 0.000012
3 3 0.000000 0.000008 0.031673 0.968319 0.000000
3 3 0.000001 0.000014 0.053058 0.946926 0.000000
3 3 0.000000 0.000001 0.007399 0.992600 0.000000
3 3 0.000000 0.000001 0.035069 0.964930 0.000000
3 3 0.000003 0.000023 0.125999 0.873975 0.000000
3 3 0.000034 0.000113 0.069406 0.930446 0.000001
2 3 0.000269 0.003659 0.672475 0.323586 0.000012
3 3 0.000016 0.000167 0.034633 0.965184 0.000000
3 3 0.000001 0.000009 0.010160 0.989829 0.000000
3 3 0.001436 0.000099 0.007808 0.990656 0.000000
3 3 0.017452 0.000109 0.011995 0.970443 0.000001
3 3 0.000000 0.000001 0.001876 0.998123 0.000000
3 3 0.000000 0.000001 0.006399 0.993600 0.000000
3 3 0.000585 0.001581 0.243682 0.754137 0.000016
3 3 0.000002 0.000010 0.068770 0.931218 0.000000
2 2 0.000233 0.005154 0.977911 0.015954 0.000748
2 2 0.005858 0.016622 0.944499 0.032219 0.000802
2 2 0.004407 0.082976 0.912298 0.000195 0.000123
2 2 0.000976 0.002358 0.969775 0.026870 0.000021
2 2 0.000281 0.001078 0.987492 0.011147 0.000002
2 2 0.000000 0.000054 0.977714 0.022232 0.000000
2 2 0.000004 0.000034 0.919698 0.080263 0.000000
2 2 0.000001 0.000039 0.592670 0.407290 0.000000
2 2 0.000003 0.000226 0.973039 0.026731 0.000000
2 2 0.000001 0.000015 0.550628 0.449356 0.000000
2 2 0.000602 0.005065 0.965011 0.029311 0.000011
2 2 0.000000 0.000010 0.856335 0.143655 0.000000
2 2 0.000003 0.000288 0.923742 0.075967 0.000000
2 2 0.009964 0.216059 0.764912 0.000099 0.008966
2 2 0.009437 0.061311 0.928447 0.000676 0.000129
2 2 0.057220 0.012540 0.866951 0.063282 0.000006
2 2 0.000097 0.001983 0.995238 0.002665 0.000017
2 2 0.000001 0.000508 0.951970 0.047498 0.000022
2 2 0.009748 0.043253 0.808046 0.019943 0.119010
2 2 0.006817 0.045195 0.921657 0.015943 0.010388
2 2 0.000812 0.043691 0.912463 0.000350 0.042684
4 4 0.116761 0.081395 0.148231 0.001673 0.651940
2 4 0.000928 0.107924 0.812728 0.000420 0.078000
2 4 0.000754 0.194378 0.627991 0.000141 0.176736
4 4 0.025639 0.051294 0.164698 0.002084 0.756285
4 4 0.018282 0.076616 0.117059 0.002372 0.785671
4 4 0.027123 0.042818 0.199732 0.001112 0.729214
2 4 0.001364 0.089731 0.708925 0.000642 0.199339
4 4 0.018392 0.070761 0.154518 0.000417 0.755911
1 4 0.299627 0.624669 0.044468 0.000025 0.031211
2 4 0.033796 0.190288 0.660032 0.001373 0.114511
4 4 0.064602 0.279061 0.276267 0.000232 0.379838
4 4 0.047413 0.013158 0.022008 0.000131 0.917290
4 4 0.027839 0.021102 0.006021 0.000008 0.945030
4 4 0.075463 0.043123 0.112644 0.000868 0.767902
4 4 0.004058 0.077063 0.290471 0.000174 0.628235
4 4 0.004547 0.210325 0.299928 0.000024 0.485177
2 4 0.072627 0.254976 0.356319 0.000887 0.315191
2 4 0.038866 0.128849 0.747669 0.000666 0.083950
2 4 0.006004 0.140410 0.799485 0.000024 0.054078
4 4 0.071091 0.031218 0.052412 0.001628 0.843651
4 4 0.174440 0.031257 0.108479 0.022403 0.663420
4 4 0.052338 0.002361 0.001305 0.000003 0.943993
4 4 0.087216 0.001877 0.000642 0.000014 0.910251
4 4 0.116814 0.025827 0.008577 0.000311 0.848472
0 4 0.788909 0.001923 0.003735 0.003254 0.202179
4 4 0.071738 0.013085 0.021870 0.000058 0.893250
4 4 0.137239 0.015403 0.006241 0.000325 0.840792
4 4 0.109839 0.005299 0.001970 0.000065 0.882827
4 4 0.152725 0.006010 0.037071 0.000489 0.803704
4 4 0.029512 0.044625 0.213143 0.000801 0.711919
0 4 0.456467 0.088883 0.194022 0.000615 0.260013
4 4 0.052107 0.273186 0.174480 0.000058 0.500169
4 4 0.087724 0.184056 0.043926 0.000015 0.684280
4 4 0.066615 0.043694 0.077125 0.000130 0.812437
4 4 0.297510 0.146161 0.221381 0.000327 0.334621
2 4 0.141786 0.130450 0.646000 0.006027 0.075736
4 4 0.232360 0.149958 0.171004 0.000185 0.446493
2 4 0.075384 0.135127 0.742715 0.000235 0.046539
2 4 0.150086 0.311265 0.441949 0.000098 0.096602
2 4 0.076377 0.163466 0.457969 0.001363 0.300825
2 4 0.010232 0.149050 0.741943 0.000944 0.097831
4 4 0.033434 0.023268 0.198218 0.000069 0.745011
4 4 0.022034 0.131777 0.385239 0.000126 0.460824
2 4 0.098003 0.125436 0.673163 0.000886 0.102512
2 4 0.204314 0.064082 0.687026 0.023594 0.020984
4 4 0.029129 0.077350 0.140431 0.000708 0.752382
4 4 0.038513 0.018358 0.008182 0.000058 0.934889
4 4 0.051402 0.022674 0.070038 0.000041 0.855845
4 4 0.059574 0.002681 0.000805 0.000004 0.936936
0 4 0.629893 0.038900 0.066766 0.002327 0.262114
4 4 0.017313 0.111803 0.387547 0.001469 0.481870
4 4 0.021952 0.088114 0.122909 0.000787 0.766239
2 4 0.260532 0.224129 0.321719 0.000384 0.193236
2 4 0.001667 0.226607 0.650301 0.000005 0.121419
1 4 0.014032 0.405069 0.224922 0.000094 0.355883
2 4 0.053506 0.146986 0.581161 0.000471 0.217876
4 4 0.113653 0.064967 0.179981 0.002084 0.639315
4 4 0.003748 0.063989 0.180024 0.000005 0.752234
4 4 0.336374 0.077746 0.105787 0.000213 0.479880
4 4 0.015720 0.027533 0.194444 0.000028 0.762274
4 4 0.011004 0.125751 0.306582 0.000079 0.556585
4 4 0.006910 0.042384 0.076266 0.000014 0.874426
4 4 0.034315 0.027528 0.020684 0.000055 0.917418
4 4 0.039720 0.103068 0.256847 0.002569 0.597796
4 4 0.008576 0.079234 0.450878 0.000190 0.461121
4 4 0.098284 0.015373 0.026069 0.000430 0.859845
4 4 0.055669 0.025376 0.007740 0.000045 0.911171
2 4 0.001017 0.037480 0.874422 0.001399 0.085683
2 4 0.001697 0.070692 0.852927 0.000229 0.074455
2 4 0.006318 0.263940 0.454743 0.000023 0.274975
2 4 0.004459 0.057398 0.836861 0.000365 0.100917
2 4 0.004701 0.108615 0.781177 0.001931 0.103576
4 4 0.004698 0.035905 0.223811 0.000191 0.735395
2 4 0.001824 0.090729 0.894916 0.000172 0.012359
2 4 0.005597 0.083955 0.899561 0.000567 0.010320
2 2 0.000809 0.103966 0.648998 0.000077 0.246149
4 2 0.005572 0.062670 0.184229 0.000017 0.747511
2 2 0.000395 0.068272 0.840243 0.000116 0.090974
2 2 0.000286 0.046415 0.902889 0.000065 0.050344
2 2 0.003819 0.060120 0.843311 0.001957 0.090792
2 2 0.008768 0.120234 0.680791 0.000589 0.189617
2 2 0.013244 0.121172 0.855761 0.000366 0.009457
2 2 0.003397 0.163539 0.797633 0.000903 0.034529
2 2 0.003199 0.099476 0.823289 0.001030 0.073007
2 2 0.004055 0.081977 0.855963 0.000109 0.057896
2 2 0.026194 0.211024 0.628816 0.006293 0.127672
4 2 0.032182 0.173042 0.359993 0.000866 0.433916
2 2 0.054363 0.135524 0.748356 0.007494 0.054263
2 2 0.199469 0.184715 0.591946 0.002330 0.021540
2 2 0.007396 0.074010 0.911980 0.001412 0.005202
2 2 0.026179 0.353420 0.593559 0.000176 0.026667
2 2 0.003071 0.167127 0.599220 0.000190 0.230392
2 2 0.000260 0.082424 0.861514 0.001534 0.054267
2 2 0.000530 0.058294 0.930162 0.001299 0.009715
4 2 0.004380 0.265210 0.350501 0.000138 0.379772
2 2 0.004552 0.030287 0.950175 0.010305 0.004681
2 2 0.014939 0.128535 0.851990 0.000385 0.004150
2 2 0.000358 0.041282 0.950353 0.000433 0.007574
2 2 0.000043 0.009371 0.986911 0.003435 0.000241
2 2 0.012395 0.024102 0.960669 0.001563 0.001271
2 2 0.001270 0.021570 0.955361 0.014442 0.007357
2 2 0.000064 0.001686 0.974037 0.024171 0.000041
2 2 0.009456 0.022790 0.965778 0.001909 0.000067
2 2 0.003486 0.026753 0.955589 0.001407 0.012765
2 2 0.000164 0.001765 0.682070 0.315992 0.000009
2 2 0.000488 0.007043 0.981698 0.010688 0.000084
2 2 0.009618 0.170106 0.807500 0.001902 0.010874
2 2 0.000000 0.000046 0.939550 0.060403 0.000000
2 2 0.000000 0.000010 0.966356 0.033634 0.000000
2 2 0.000002 0.000236 0.994496 0.005266 0.000001
2 2 0.000000 0.000085 0.930241 0.069673 0.000001
2 2 0.000000 0.000011 0.856318 0.143671 0.000000
2 2 0.000001 0.000119 0.962776 0.037105 0.000000
2 2 0.000000 0.000014 0.997292 0.002694 0.000000
2 2 0.009903 0.025416 0.964666 0.000013 0.000003
2 2 0.000109 0.008918 0.968475 0.022099 0.000400
2 2 0.000106 0.003804 0.995168 0.000888 0.000035
2 2 0.000414 0.004190 0.982673 0.012721 0.000002
2 2 0.000001 0.000134 0.989646 0.010219 0.000000
2 2 0.000213 0.000383 0.849815 0.149589 0.000000
2 2 0.005628 0.001408 0.683653 0.309308 0.000002
2 2 0.000007 0.000454 0.997621 0.001917 0.000001
2 2 0.000000 0.000173 0.999764 0.000063 0.000000
2 2 0.000063 0.001491 0.997817 0.000628 0.000001
2 2 0.009202 0.027740 0.961051 0.001693 0.000313
2 2 0.005495 0.022426 0.952217 0.019785 0.000077
2 2 0.068620 0.077156 0.685557 0.168442 0.000225
2 2 0.000002 0.000505 0.975166 0.024327 0.000001
2 2 0.000000 0.000144 0.857881 0.141975 0.000000
2 2 0.000004 0.000496 0.728796 0.270704 0.000000
2 2 0.000000 0.000054 0.977955 0.021990 0.000000
2 2 0.000000 0.000018 0.775088 0.224893 0.000000
2 2 0.000002 0.000191 0.891973 0.107835 0.000000
2 3 0.000012 0.000575 0.668533 0.330880 0.000000
2 3 0.000013 0.001146 0.502510 0.496323 0.000008
3 3 0.001723 0.002019 0.259840 0.736390 0.000028
2 3 0.003335 0.006487 0.984023 0.005696 0.000458
2 3 0.010053 0.006865 0.519565 0.463137 0.000380
2 3 0.000333 0.000739 0.900173 0.098732 0.000023
3 3 0.000769 0.002036 0.476195 0.520415 0.000584
3 3 0.001786 0.000988 0.353455 0.643580 0.000192
3 3 0.000032 0.000235 0.143982 0.855750 0.000002
3 3 0.000462 0.000295 0.195964 0.803269 0.000009
