0 0 0.999995 0.000005 0.000000 0.000000 0.000000
0 0 0.999990 0.000007 0.000000 0.000000 0.000003
0 0 0.989398 0.002977 0.003718 0.000780 0.003127
0 0 0.982665 0.011819 0.002124 0.000009 0.003383
0 0 0.994327 0.004431 0.000585 0.000000 0.000657
0 0 0.994323 0.004206 0.001121 0.000001 0.000349
0 0 0.985019 0.009303 0.001271 0.000011 0.004395
0 0 0.988279 0.002693 0.001611 0.000636 0.006781
0 0 0.990483 0.005635 0.000461 0.000002 0.003420
0 0 0.992982 0.004265 0.000337 0.000002 0.002415
0 0 0.805822 0.083665 0.074372 0.000100 0.036041
0 0 0.952033 0.033056 0.004542 0.000002 0.010367
0 0 0.957643 0.036967 0.003462 0.000000 0.001927
0 0 0.996379 0.002465 0.000183 0.000000 0.000972
0 0 0.994556 0.003231 0.000250 0.000001 0.001962
0 0 0.714086 0.241222 0.027923 0.000023 0.016746
0 0 0.922014 0.065782 0.006597 0.000003 0.005603
1 0 0.442919 0.480765 0.061390 0.000019 0.014907
0 0 0.998682 0.000518 0.000168 0.000000 0.000632
0 0 0.997560 0.000902 0.000063 0.000001 0.001474
0 0 0.903453 0.010493 0.001578 0.001949 0.082527
0 0 0.906880 0.034402 0.052142 0.000013 0.006564
0 0 0.999161 0.000364 0.000023 0.000000 0.000452
0 0 0.997530 0.001883 0.000502 0.000000 0.000085
0 0 0.687600 0.164109 0.044566 0.000021 0.103703
0 0 0.998741 0.000504 0.000047 0.000000 0.000708
0 0 0.998089 0.001011 0.000070 0.000000 0.000829
1 0 0.172671 0.658875 0.153424 0.000002 0.015028
0 0 0.998102 0.000941 0.000065 0.000000 0.000892
0 0 0.996953 0.001324 0.000106 0.000001 0.001616
0 0 0.997900 0.001474 0.000104 0.000000 0.000523
0 0 0.985762 0.012021 0.001154 0.000000 0.001062
0 0 0.989470 0.004578 0.000371 0.000007 0.005575
0 0 0.994972 0.004204 0.000322 0.000000 0.000503
0 0 0.981597 0.016188 0.001379 0.000000 0.000836
0 0 0.997548 0.001991 0.000142 0.000000 0.000319
0 0 0.960116 0.014600 0.001332 0.000078 0.023874
0 0 0.974512 0.011179 0.000986 0.000028 0.013295
0 0 0.997150 0.002402 0.000174 0.000000 0.000274
0 0 0.998855 0.000793 0.000066 0.000000 0.000286
0 0 0.996840 0.000649 0.000088 0.000007 0.002415
0 0 0.993912 0.004446 0.000348 0.000001 0.001293
0 0 0.913239 0.076419 0.007619 0.000001 0.002722
0 0 0.998227 0.001154 0.000080 0.000000 0.000539
0 0 0.984714 0.004022 0.000710 0.000000 0.010553
0 0 0.918729 0.046207 0.005774 0.000025 0.029265
0 0 0.988830 0.009510 0.001514 0.000000 0.000146
0 0 0.998813 0.000874 0.000058 0.000000 0.000255
0 0 0.999706 0.000024 0.000002 0.000000 0.000268
0 0 0.915015 0.006255 0.001935 0.000001 0.076794
4 0 0.156494 0.083002 0.057856 0.000018 0.702629
0 0 0.950359 0.014461 0.003462 0.000001 0.031717
1 1 0.142730 0.651708 0.152347 0.000038 0.053177
0 1 0.768084 0.198666 0.022196 0.000014 0.011040
1 1 0.213263 0.658571 0.093942 0.000133 0.034092
1 1 0.235054 0.618606 0.111251 0.000037 0.035051
1 1 0.298134 0.598194 0.100971 0.000000 0.002702
1 2 0.047920 0.804506 0.133587 0.000035 0.013952
1 2 0.250155 0.582644 0.132773 0.000010 0.034418
1 2 0.023148 0.545951 0.394435 0.000014 0.036453
2 2 0.002181 0.282306 0.713489 0.000264 0.001760
2 2 0.013455 0.453760 0.526427 0.000007 0.006351
2 2 0.003991 0.318102 0.556587 0.000129 0.121190
4 2 0.019727 0.234183 0.250351 0.000125 0.495616
2 2 0.000445 0.073056 0.921627 0.000492 0.004381
2 2 0.000573 0.087178 0.883444 0.000371 0.028434
2 2 0.002267 0.055334 0.940731 0.000019 0.001650
2 2 0.000145 0.009140 0.990155 0.000095 0.000465
2 2 0.000998 0.198591 0.789955 0.002481 0.007975
2 2 0.000141 0.007875 0.976698 0.008806 0.006481
2 2 0.019323 0.077490 0.845705 0.030439 0.027043
2 2 0.192004 0.042971 0.739227 0.009182 0.016616
2 2 0.000268 0.019967 0.975412 0.000798 0.003556
2 2 0.000188 0.028298 0.970428 0.000176 0.000909
2 2 0.000001 0.003808 0.995935 0.000044 0.000211
2 2 0.000008 0.004775 0.994072 0.000893 0.000253
3 2 0.000801 0.033244 0.425633 0.535132 0.005189
2 2 0.000115 0.000518 0.545655 0.453643 0.000069
2 2 0.000000 0.000005 0.971293 0.028702 0.000000
2 2 0.000001 0.000004 0.559966 0.440030 0.000000
3 2 0.000006 0.000051 0.428378 0.571553 0.000012
2 3 0.000003 0.000105 0.546558 0.453325 0.000010
3 3 0.000013 0.000545 0.498660 0.500771 0.000012
3 3 0.000057 0.000194 0.332550 0.667152 0.000046
3 3 0.000021 0.000067 0.137913 0.861995 0.000004
2 3 0.000087 0.000548 0.818244 0.180959 0.000163
2 3 0.000086 0.000015 0.761630 0.238256 0.000014
2 3 0.000740 0.000315 0.842362 0.156209 0.000373
2 3 0.000000 0.000005 0.897733 0.102262 0.000000
2 3 0.000000 0.000000 0.991242 0.008758 0.000000
3 3 0.000003 0.000007 0.006919 0.993070 0.000002
3 3 0.000101 0.000065 0.021711 0.978113 0.000010
3 3 0.000004 0.000096 0.139388 0.860430 0.000082
3 3 0.000048 0.000213 0.151289 0.848303 0.000147
3 3 0.000003 0.000001 0.005513 0.994480 0.000004
3 3 0.000003 0.000006 0.013942 0.986043 0.000005
3 3 0.000000 0.000000 0.001931 0.998069 0.000000
3 3 0.000735 0.000068 0.038956 0.960152 0.000090
3 3 0.000026 0.000162 0.073935 0.924355 0.001522
3 3 0.000001 0.000002 0.060789 0.939205 0.000003
3 3 0.000000 0.000000 0.029369 0.970631 0.000000
3 3 0.000001 0.000005 0.041338 0.958656 0.000000
3 3 0.000000 0.000007 0.089060 0.910927 0.000007
3 3 0.000000 0.000000 0.001232 0.998768 0.000000
3 3 0.000004 0.000008 0.003706 0.996265 0.000017
3 3 0.000093 0.000029 0.010392 0.989419 0.000066
3 3 0.000000 0.000000 0.001691 0.998308 0.000000
3 3 0.000000 0.000000 0.001323 0.998676 0.000001
3 3 0.000000 0.000000 0.000342 0.999658 0.000000
3 3 0.000003 0.000001 0.000638 0.999351 0.000007
3 3 0.000001 0.000003 0.214731 0.785253 0.000013
3 3 0.000079 0.000065 0.023361 0.976436 0.000059
3 2 0.000611 0.005792 0.248911 0.744265 0.000422
2 2 0.031361 0.133781 0.788911 0.016758 0.029190
2 2 0.000008 0.000729 0.659263 0.339962 0.000038
2 2 0.000095 0.000533 0.840903 0.158441 0.000028
3 3 0.000000 0.000002 0.021838 0.978160 0.000000
3 3 0.000000 0.000000 0.002578 0.997422 0.000000
3 3 0.000000 0.000000 0.002832 0.997168 0.000000
3 3 0.000000 0.000000 0.000149 0.999851 0.000000
3 3 0.000000 0.000000 0.000575 0.999424 0.000000
3 3 0.000002 0.000011 0.014789 0.985198 0.000001
3 3 0.000000 0.000000 0.000393 0.999606 0.000000
3 3 0.000000 0.000000 0.000556 0.999444 0.000000
3 3 0.000063 0.000040 0.009847 0.989998 0.000052
3 3 0.000009 0.000013 0.003593 0.996349 0.000036
3 3 0.000000 0.000000 0.000130 0.999870 0.000000
3 3 0.000002 0.000001 0.001551 0.998446 0.000000
3 3 0.000011 0.000011 0.250808 0.749168 0.000003
2 3 0.001131 0.000231 0.523168 0.475309 0.000161
3 3 0.000219 0.000314 0.112859 0.886556 0.000052
3 3 0.000073 0.000014 0.008344 0.991544 0.000025
3 3 0.000160 0.000024 0.072343 0.927426 0.000046
3 3 0.000001 0.000000 0.002006 0.997991 0.000001
3 3 0.000000 0.000000 0.011705 0.988295 0.000000
3 3 0.000077 0.000009 0.001785 0.998116 0.000013
3 3 0.000000 0.000000 0.001566 0.998434 0.000000
3 3 0.000000 0.000000 0.013382 0.986617 0.000001
3 3 0.000000 0.000000 0.000567 0.999432 0.000000
3 3 0.000000 0.000001 0.000926 0.999072 0.000000
3 3 0.000000 0.000000 0.001726 0.998273 0.000000
3 3 0.000324 0.000039 0.005068 0.994526 0.000042
3 3 0.000000 0.000000 0.004198 0.995801 0.000001
3 3 0.000000 0.000000 0.002528 0.997472 0.000000
3 3 0.000012 0.000002 0.001987 0.997973 0.000025
3 3 0.000000 0.000000 0.000670 0.999330 0.000000
3 3 0.000008 0.000003 0.007370 0.992617 0.000002
3 3 0.000005 0.000002 0.016042 0.983951 0.000000
3 3 0.000000 0.000000 0.000559 0.999441 0.000000
3 3 0.000000 0.000000 0.000322 0.999677 0.000000
3 3 0.000004 0.000003 0.001846 0.998140 0.000008
3 3 0.000006 0.000004 0.001175 0.998808 0.000007
3 3 0.000002 0.000004 0.003372 0.996612 0.000010
3 3 0.000001 0.000007 0.013107 0.986865 0.000020
3 3 0.000002 0.000001 0.000935 0.999051 0.000011
3 3 0.000289 0.000137 0.029100 0.970274 0.000201
3 3 0.000000 0.000000 0.000162 0.999838 0.000000
3 3 0.000010 0.000002 0.000477 0.999500 0.000010
3 3 0.000003 0.000006 0.008405 0.991585 0.000001
3 3 0.000000 0.000000 0.000126 0.999874 0.000000
3 3 0.000747 0.000260 0.070956 0.927202 0.000836
3 3 0.000002 0.000007 0.006984 0.992998 0.000010
3 3 0.000000 0.000000 0.000063 0.999937 0.000000
3 3 0.000001 0.000007 0.002800 0.997190 0.000002
3 3 0.000014 0.000002 0.000940 0.999041 0.000003
3 3 0.000003 0.000003 0.002289 0.997685 0.000020
3 3 0.000005 0.000007 0.004341 0.995643 0.000003
3 3 0.000012 0.000005 0.001141 0.998818 0.000024
3 3 0.000040 0.000011 0.000886 0.999026 0.000037
3 3 0.000001 0.000001 0.000984 0.999013 0.000001
3 3 0.001095 0.000422 0.073663 0.923925 0.000896
3 3 0.000007 0.000021 0.026995 0.972950 0.000027
3 3 0.000000 0.000000 0.000265 0.999735 0.000000
3 3 0.000000 0.000000 0.000694 0.999305 0.000001
3 3 0.000001 0.000009 0.038903 0.961063 0.000023
3 3 0.000004 0.000002 0.000814 0.999172 0.000008
3 3 0.000089 0.000029 0.006670 0.993185 0.000027
3 3 0.000000 0.000000 0.000139 0.999861 0.000000
3 3 0.000000 0.000001 0.004356 0.995643 0.000001
3 3 0.000000 0.000001 0.006047 0.993951 0.000000
3 3 0.000018 0.000002 0.001216 0.998763 0.000002
3 3 0.000000 0.000000 0.000702 0.999298 0.000000
3 3 0.000000 0.000000 0.001408 0.998591 0.000000
3 3 0.000001 0.000001 0.001744 0.998251 0.000003
3 3 0.000000 0.000000 0.000212 0.999788 0.000000
3 3 0.000111 0.000010 0.000622 0.999149 0.000108
3 3 0.000000 0.000000 0.000447 0.999552 0.000000
3 3 0.000000 0.000000 0.000853 0.999146 0.000000
3 3 0.000001 0.000001 0.002366 0.997632 0.000001
3 3 0.000016 0.000016 0.004143 0.995814 0.000011
3 3 0.000000 0.000000 0.000085 0.999915 0.000000
3 3 0.000008 0.000018 0.010029 0.989835 0.000111
3 3 0.000010 0.000004 0.004012 0.995942 0.000031
3 3 0.000005 0.000004 0.001619 0.998357 0.000015
3 3 0.000000 0.000000 0.000219 0.999781 0.000000
3 3 0.000001 0.000000 0.000493 0.999501 0.000005
3 3 0.000053 0.000018 0.120670 0.879163 0.000096
3 3 0.000000 0.000002 0.021810 0.978187 0.000000
3 3 0.000000 0.000000 0.000037 0.999963 0.000000
3 3 0.000000 0.000000 0.000237 0.999763 0.000000
3 3 0.000009 0.000000 0.001653 0.998299 0.000039
3 3 0.000019 0.000004 0.000851 0.999085 0.000042
3 3 0.000000 0.000000 0.001418 0.998582 0.000000
3 2 0.000001 0.000020 0.037660 0.962303 0.000016
2 2 0.000035 0.000164 0.923435 0.076016 0.000351
2 2 0.000024 0.000178 0.943612 0.054776 0.001410
2 2 0.000109 0.058760 0.874021 0.014949 0.052162
2 2 0.002897 0.165483 0.550740 0.020022 0.260858
2 2 0.000179 0.017083 0.814251 0.052476 0.116011
2 2 0.000039 0.024839 0.920027 0.011901 0.043193
2 2 0.000051 0.080870 0.887979 0.007794 0.023306
2 2 0.000009 0.010411 0.966990 0.012783 0.009807
2 2 0.000956 0.039179 0.947843 0.002855 0.009167
2 2 0.001156 0.096655 0.607122 0.003501 0.291566
2 2 0.001257 0.207168 0.609414 0.023036 0.159125
2 2 0.003697 0.192730 0.449151 0.037196 0.317227
4 2 0.002925 0.170530 0.387888 0.017719 0.420938
2 2 0.000447 0.108260 0.736078 0.008248 0.146967
2 2 0.000005 0.005981 0.970051 0.016436 0.007528
2 2 0.000030 0.021436 0.896894 0.001761 0.079879
2 2 0.001889 0.078973 0.784314 0.018865 0.115959
2 2 0.000298 0.024500 0.885954 0.066024 0.023224
2 2 0.001150 0.174718 0.593267 0.017473 0.213392
2 2 0.000399 0.062233 0.860926 0.017411 0.059031
2 2 0.005453 0.204707 0.415935 0.000861 0.373044
2 2 0.000334 0.087591 0.630092 0.005285 0.276698
2 2 0.000872 0.094750 0.474192 0.008128 0.422058
2 2 0.000314 0.038988 0.529091 0.005956 0.425651
2 2 0.000016 0.018385 0.952846 0.015593 0.013159
2 2 0.000001 0.001842 0.978143 0.013945 0.006069
2 2 0.000514 0.057763 0.814926 0.038883 0.087913
2 2 0.000013 0.009073 0.952167 0.004614 0.034133
2 2 0.000048 0.011939 0.942507 0.008459 0.037048
2 2 0.000463 0.038132 0.890907 0.002169 0.068329
2 2 0.000001 0.000609 0.990257 0.008868 0.000265
2 2 0.000000 0.000633 0.997301 0.001721 0.000345
2 2 0.000000 0.000002 0.999984 0.000013 0.000000
2 2 0.000000 0.000009 0.999888 0.000101 0.000001
2 2 0.000144 0.032615 0.922986 0.002209 0.042046
2 2 0.000018 0.002384 0.995595 0.000329 0.001675
2 2 0.000009 0.011230 0.963606 0.015686 0.009469
2 2 0.000001 0.002295 0.975361 0.021183 0.001161
2 2 0.008171 0.002433 0.982857 0.003266 0.003273
2 2 0.000442 0.039832 0.890211 0.000761 0.068754
2 2 0.000013 0.004158 0.928714 0.010262 0.056853
2 2 0.000004 0.003496 0.981071 0.006280 0.009149
2 2 0.000009 0.001637 0.965299 0.026628 0.006427
2 2 0.000014 0.003360 0.988577 0.003974 0.004075
2 2 0.000006 0.006417 0.985566 0.005787 0.002223
2 2 0.000021 0.000693 0.998177 0.000721 0.000388
2 2 0.000000 0.000001 0.993719 0.006280 0.000000
2 2 0.000000 0.000001 0.911016 0.088984 0.000000
2 2 0.000002 0.002968 0.927460 0.068600 0.000971
2 2 0.000000 0.000009 0.991768 0.008222 0.000001
2 2 0.000027 0.001647 0.953398 0.043341 0.001586
2 2 0.000001 0.000604 0.717816 0.281097 0.000482
2 2 0.000000 0.000722 0.991146 0.007904 0.000229
2 2 0.000001 0.002183 0.967371 0.030082 0.000363
2 2 0.000025 0.003632 0.993316 0.000683 0.002344
2 2 0.000041 0.001429 0.905831 0.092151 0.000548
2 2 0.001205 0.027896 0.715685 0.179751 0.075462
2 2 0.000521 0.012808 0.756680 0.195153 0.034837
2 2 0.000074 0.002624 0.944211 0.050076 0.003015
2 2 0.008993 0.007378 0.937146 0.014189 0.032294
2 2 0.000000 0.000006 0.972898 0.027096 0.000001
2 2 0.000002 0.000069 0.770976 0.228921 0.000033
2 2 0.000000 0.000498 0.863805 0.135632 0.000064
2 2 0.000000 0.000017 0.966833 0.033129 0.000020
2 2 0.000001 0.000044 0.997644 0.002311 0.000001
2 1 0.004830 0.214355 0.710306 0.000037 0.070471
2 2 0.000426 0.077819 0.881586 0.003726 0.036444
2 2 0.004748 0.074176 0.907180 0.000006 0.013891
2 2 0.000001 0.000810 0.990240 0.008764 0.000184
2 2 0.000761 0.015699 0.965918 0.001317 0.016305
2 2 0.008423 0.120762 0.628953 0.198772 0.043091
2 2 0.059703 0.253314 0.616952 0.013515 0.056515
3 2 0.000003 0.000520 0.462502 0.536472 0.000502
2 2 0.000000 0.000002 0.650885 0.349113 0.000000
3 2 0.001269 0.004853 0.292624 0.700437 0.000816
3 2 0.058871 0.011400 0.181735 0.734143 0.013851
2 2 0.000196 0.001666 0.988182 0.000538 0.009418
2 2 0.011149 0.026685 0.914765 0.005844 0.041558
2 2 0.000019 0.000613 0.789671 0.209584 0.000113
2 2 0.002790 0.000264 0.730851 0.265750 0.000345
3 2 0.000001 0.000006 0.463410 0.536581 0.000001
2 2 0.000045 0.001141 0.796703 0.201982 0.000129
1 2 0.025675 0.586193 0.368929 0.001844 0.017359
2 1 0.002115 0.271979 0.663845 0.003919 0.058142
2 2 0.000145 0.014279 0.784919 0.169894 0.030763
2 2 0.000017 0.000740 0.836830 0.161672 0.000741
2 2 0.000000 0.000026 0.661124 0.338830 0.000020
2 2 0.000266 0.010517 0.896574 0.066741 0.025903
2 2 0.000000 0.000003 0.995062 0.004934 0.000000
2 2 0.000037 0.000267 0.998114 0.001576 0.000006
2 2 0.000027 0.001230 0.844143 0.154286 0.000314
2 2 0.001562 0.003601 0.981215 0.012278 0.001343
2 2 0.000047 0.000310 0.734976 0.264491 0.000176
2 2 0.000000 0.000020 0.868351 0.131626 0.000002
2 3 0.000120 0.001163 0.778050 0.218852 0.001815
3 3 0.000002 0.000048 0.498138 0.501773 0.000040
2 3 0.000021 0.000493 0.766146 0.231698 0.001642
3 3 0.000001 0.000073 0.160322 0.839553 0.000051
3 3 0.000002 0.000022 0.184537 0.815413 0.000026
2 1 0.065578 0.057293 0.757564 0.109381 0.010184
2 2 0.000569 0.000622 0.969210 0.028988 0.000610
2 2 0.008504 0.065455 0.893838 0.021792 0.010412
2 2 0.000128 0.044370 0.892535 0.042135 0.020832
2 2 0.025303 0.066855 0.757032 0.140313 0.010497
2 2 0.000106 0.004174 0.726170 0.264457 0.005094
2 2 0.034976 0.017766 0.783689 0.143196 0.020373
3 2 0.000034 0.000003 0.096326 0.903635 0.000002
3 2 0.000017 0.000001 0.227506 0.772476 0.000001
3 2 0.000256 0.000092 0.229826 0.769789 0.000038
2 2 0.000034 0.000020 0.729836 0.270108 0.000002
2 2 0.000656 0.000226 0.591529 0.407485 0.000103
2 2 0.000021 0.000064 0.967998 0.031909 0.000009
2 1 0.144942 0.003947 0.786194 0.049220 0.015698
2 2 0.000511 0.001472 0.959338 0.031953 0.006727
3 2 0.000665 0.000401 0.094740 0.904129 0.000065
3 2 0.000006 0.000030 0.136898 0.863065 0.000001
2 2 0.014232 0.030217 0.924545 0.030261 0.000745
2 2 0.001549 0.002541 0.645233 0.350455 0.000223
2 2 0.000018 0.000404 0.942859 0.056694 0.000025
2 2 0.000009 0.000414 0.980570 0.018922 0.000084
2 1 0.094412 0.053120 0.617895 0.169061 0.065513
2 2 0.004692 0.005419 0.870818 0.117896 0.001175
2 2 0.000000 0.000005 0.995361 0.004634 0.000000
2 2 0.000103 0.002387 0.746430 0.251049 0.000031
2 2 0.000278 0.001643 0.987292 0.010780 0.000008
2 2 0.000000 0.000024 0.905736 0.094239 0.000000
2 1 0.000120 0.027948 0.951188 0.018052 0.002693
2 2 0.000020 0.006410 0.985844 0.007709 0.000016
0 1 0.720848 0.212617 0.047475 0.000001 0.019059
2 1 0.045294 0.295232 0.622043 0.000028 0.037403
2 1 0.206068 0.340430 0.446903 0.000003 0.006596
2 2 0.026416 0.147677 0.822465 0.000042 0.003399
2 2 0.026022 0.135008 0.838448 0.000129 0.000393
2 2 0.177552 0.246601 0.575499 0.000010 0.000339
2 1 0.017663 0.071007 0.901422 0.002274 0.007634
1 2 0.124141 0.515182 0.356488 0.000018 0.004170
0 2 0.621334 0.296063 0.056844 0.000217 0.025541
0 1 0.438161 0.430952 0.074163 0.000079 0.056645
1 2 0.043564 0.672170 0.161401 0.000693 0.122172
1 1 0.026788 0.697693 0.125320 0.007556 0.142643
1 1 0.005845 0.704106 0.277646 0.000043 0.012360
1 1 0.028591 0.759866 0.205225 0.000004 0.006313
1 1 0.002918 0.619636 0.358270 0.000002 0.019175
2 2 0.000085 0.140251 0.859102 0.000022 0.000541
2 2 0.000373 0.189601 0.794875 0.006178 0.008973
2 2 0.000120 0.050416 0.947206 0.000264 0.001995
1 2 0.086748 0.767421 0.120685 0.000095 0.025050
2 2 0.011636 0.149566 0.834867 0.000150 0.003782
2 2 0.000554 0.035122 0.963923 0.000062 0.000339
2 2 0.013270 0.205245 0.771607 0.004635 0.005243
2 2 0.000005 0.000453 0.999532 0.000003 0.000007
2 2 0.002336 0.171130 0.809702 0.000009 0.016822
1 2 0.013381 0.794124 0.186870 0.000016 0.005609
1 2 0.241557 0.658863 0.093919 0.000002 0.005659
2 2 0.001066 0.074867 0.922793 0.000237 0.001037
2 2 0.000175 0.018318 0.981126 0.000258 0.000123
2 2 0.005454 0.293214 0.700288 0.000008 0.001036
2 2 0.000013 0.013597 0.986320 0.000003 0.000068
2 2 0.001247 0.157961 0.838762 0.000109 0.001921
2 2 0.010199 0.070599 0.918784 0.000108 0.000311
2 2 0.000872 0.096480 0.899530 0.002612 0.000507
2 2 0.000023 0.005121 0.989198 0.005640 0.000017
2 2 0.001492 0.214300 0.736458 0.040844 0.006906
2 2 0.031023 0.034845 0.930235 0.002647 0.001250
1 2 0.102866 0.620983 0.233587 0.000112 0.042451
1 1 0.026053 0.527125 0.432328 0.000018 0.014475
1 1 0.037296 0.582872 0.340674 0.000001 0.039157
1 2 0.034815 0.735037 0.211961 0.000005 0.018182
1 2 0.051371 0.696090 0.233306 0.000005 0.019227
0 0 0.448360 0.282090 0.245233 0.003590 0.020728
1 1 0.058999 0.799353 0.129672 0.000023 0.011953
1 2 0.007255 0.819334 0.163444 0.000041 0.009926
2 2 0.004192 0.101682 0.888574 0.002394 0.003157
2 2 0.001042 0.087427 0.910593 0.000495 0.000443
1 2 0.004792 0.556082 0.437098 0.000039 0.001988
2 2 0.002512 0.099740 0.893169 0.000063 0.004516
1 1 0.017506 0.475124 0.455318 0.000005 0.052048
1 2 0.007045 0.580673 0.383015 0.001681 0.027586
2 2 0.000064 0.100581 0.865475 0.026719 0.007160
2 2 0.000446 0.051436 0.945121 0.001046 0.001950
0 0 0.506500 0.338241 0.094429 0.000006 0.060824
0 0 0.972629 0.023833 0.002745 0.000000 0.000794
1 1 0.042350 0.774631 0.132181 0.000598 0.050241
1 2 0.113942 0.562052 0.296196 0.000443 0.027366
0 2 0.826480 0.141060 0.015294 0.000044 0.017122
0 0 0.952091 0.038341 0.004489 0.000002 0.005078
1 1 0.263483 0.644306 0.087374 0.000002 0.004835
1 2 0.030245 0.797137 0.159586 0.000017 0.013014
1 2 0.123211 0.703910 0.107584 0.000655 0.064640
1 1 0.301478 0.553298 0.124877 0.000003 0.020344
2 2 0.000001 0.000888 0.998884 0.000221 0.000006
2 2 0.000144 0.004102 0.995665 0.000045 0.000044
2 2 0.000151 0.011567 0.983518 0.004462 0.000302
2 2 0.000001 0.000259 0.982595 0.017144 0.000001
2 2 0.000009 0.000859 0.999111 0.000016 0.000006
2 2 0.000003 0.000868 0.998271 0.000839 0.000018
2 2 0.002917 0.048658 0.871833 0.004581 0.072010
2 2 0.001556 0.221094 0.464317 0.002275 0.310757
4 2 0.001033 0.196380 0.354824 0.002578 0.445185
4 4 0.001481 0.148541 0.153198 0.000935 0.695845
4 4 0.002586 0.150822 0.120873 0.001361 0.724357
4 4 0.001152 0.110013 0.242386 0.002154 0.644296
4 4 0.000638 0.077312 0.441764 0.005087 0.475199
2 4 0.002885 0.122897 0.623078 0.018428 0.232712
4 4 0.001443 0.006286 0.011900 0.000039 0.980332
4 4 0.001185 0.063480 0.078312 0.000473 0.856550
2 4 0.000689 0.095691 0.619273 0.002011 0.282336
4 4 0.002593 0.051519 0.047080 0.000777 0.898031
4 4 0.001492 0.197215 0.276378 0.002472 0.522442
4 4 0.000456 0.081079 0.358875 0.001742 0.557848
2 4 0.001177 0.037680 0.583861 0.018450 0.358831
4 4 0.003572 0.030470 0.049922 0.002517 0.913519
4 4 0.004132 0.093140 0.068458 0.001299 0.832970
4 4 0.000929 0.094825 0.118047 0.000450 0.785749
4 4 0.013615 0.225906 0.103063 0.008601 0.648815
4 4 0.010024 0.036922 0.020952 0.002106 0.929997
4 4 0.000608 0.049405 0.111826 0.000439 0.837723
4 4 0.001647 0.072572 0.461917 0.001657 0.462207
4 4 0.007103 0.210551 0.114412 0.004142 0.663792
4 4 0.007400 0.134171 0.074043 0.003012 0.781373
4 4 0.001406 0.056375 0.115883 0.000039 0.826297
2 4 0.002806 0.113215 0.618817 0.000175 0.264986
2 4 0.001184 0.165651 0.437181 0.006287 0.389698
4 4 0.005810 0.278528 0.309086 0.002026 0.404549
4 4 0.003488 0.035497 0.029903 0.000834 0.930278
4 4 0.038547 0.018111 0.007073 0.002421 0.933849
4 4 0.013188 0.016189 0.009735 0.001037 0.959851
4 4 0.002759 0.036739 0.033167 0.000675 0.926660
4 4 0.002917 0.148627 0.142382 0.000349 0.705724
4 4 0.006038 0.151117 0.090866 0.002871 0.749108
4 4 0.002738 0.180582 0.135204 0.001547 0.679929
4 4 0.003079 0.025228 0.022373 0.000617 0.948702
4 4 0.026859 0.067212 0.071691 0.000414 0.833824
2 4 0.003723 0.073863 0.737115 0.000276 0.185024
4 4 0.001280 0.108876 0.421741 0.009155 0.458949
4 4 0.013169 0.043506 0.022158 0.002912 0.918254
4 4 0.005170 0.102483 0.065206 0.001836 0.825305
4 4 0.019181 0.055040 0.067476 0.000013 0.858290
4 4 0.016792 0.024737 0.011784 0.002691 0.943996
4 4 0.003991 0.018401 0.018386 0.000246 0.958977
4 4 0.001540 0.109581 0.105621 0.000666 0.782592
4 4 0.000966 0.022632 0.045536 0.000407 0.930459
2 4 0.004260 0.098081 0.642339 0.054606 0.200714
2 4 0.002371 0.131843 0.519405 0.010010 0.336371
4 4 0.006279 0.114687 0.177659 0.014268 0.687107
4 4 0.001791 0.017929 0.020531 0.000352 0.959398
4 4 0.000568 0.095059 0.425415 0.003144 0.475814
4 4 0.001257 0.085236 0.215306 0.002510 0.695692
2 4 0.002419 0.116645 0.580556 0.078946 0.221434
2 4 0.003933 0.045999 0.542315 0.006464 0.401289
4 4 0.017339 0.000441 0.000443 0.000021 0.981757
4 4 0.032399 0.004583 0.005271 0.000011 0.957736
4 4 0.039917 0.018403 0.007959 0.001421 0.932301
4 4 0.083958 0.055726 0.012797 0.014957 0.832562
1 1 0.230419 0.445802 0.193794 0.000007 0.129978
2 2 0.016758 0.304534 0.661260 0.000011 0.017437
2 2 0.001171 0.047856 0.944243 0.001294 0.005437
2 2 0.002639 0.060884 0.894710 0.001289 0.040478
2 2 0.000137 0.015930 0.882278 0.056146 0.045509
2 2 0.000006 0.012438 0.963518 0.004069 0.019969
4 2 0.008214 0.218101 0.328095 0.001268 0.444323
2 2 0.000239 0.108069 0.763669 0.007017 0.121006
2 2 0.000682 0.074932 0.853259 0.006121 0.065006
2 2 0.002399 0.136498 0.768086 0.007801 0.085216
2 1 0.029495 0.385974 0.550174 0.000024 0.034333
2 2 0.002454 0.087266 0.905103 0.000065 0.005112
2 2 0.000005 0.003818 0.987386 0.006241 0.002551
2 2 0.019857 0.122143 0.744887 0.001697 0.111417
2 2 0.000000 0.000024 0.998879 0.001095 0.000003
2 2 0.000001 0.000225 0.996618 0.001589 0.001566
2 2 0.000018 0.015763 0.947205 0.026040 0.010975
2 2 0.000012 0.008343 0.935399 0.053762 0.002483
2 2 0.000055 0.004146 0.994818 0.000316 0.000666
2 2 0.000224 0.002665 0.996894 0.000148 0.000069
2 2 0.000008 0.009685 0.984225 0.001285 0.004798
2 2 0.000016 0.000561 0.998043 0.001259 0.000121
2 2 0.000035 0.007182 0.958814 0.001973 0.031997
2 2 0.000581 0.005001 0.971119 0.013461 0.009839
2 2 0.000000 0.000007 0.999173 0.000818 0.000001
2 2 0.000081 0.000088 0.997430 0.002313 0.000088
2 2 0.000009 0.005601 0.985036 0.000208 0.009145
2 2 0.000103 0.006722 0.940174 0.001638 0.051363
2 2 0.000628 0.014467 0.819806 0.100846 0.064253
2 2 0.000000 0.000051 0.991715 0.008171 0.000063
2 2 0.002975 0.008080 0.932956 0.034093 0.021897
2 2 0.045956 0.025872 0.861194 0.010903 0.056075
2 2 0.000002 0.000859 0.914353 0.084050 0.000735
2 2 0.000119 0.005731 0.820435 0.152123 0.021592
2 2 0.000009 0.007187 0.926724 0.062158 0.003922
2 2 0.000012 0.006655 0.981984 0.006278 0.005071
2 2 0.000003 0.000160 0.773708 0.225836 0.000293
2 2 0.000018 0.000805 0.592796 0.405234 0.001147
2 2 0.000280 0.001201 0.516468 0.481402 0.000650
2 2 0.000159 0.002624 0.530545 0.456352 0.010321
3 2 0.000000 0.000014 0.186373 0.813591 0.000023
2 2 0.000036 0.000788 0.543119 0.455756 0.000301
2 2 0.000018 0.001764 0.996464 0.001274 0.000480
3 2 0.000001 0.000013 0.311169 0.688816 0.000002
3 2 0.000146 0.000509 0.110064 0.878563 0.010718
3 2 0.000157 0.000423 0.109188 0.887217 0.003016
3 3 0.000000 0.000000 0.353073 0.646927 0.000000
3 3 0.000000 0.000000 0.068206 0.931793 0.000000
3 3 0.000000 0.000000 0.003256 0.996744 0.000000
2 3 0.000013 0.000300 0.584648 0.414018 0.001021
3 3 0.000001 0.000003 0.026679 0.973296 0.000022
3 3 0.000034 0.000003 0.087349 0.912614 0.000000
3 3 0.000000 0.000000 0.009055 0.990945 0.000000
3 3 0.000004 0.000004 0.005966 0.994017 0.000008
3 3 0.000001 0.000009 0.445878 0.554103 0.000010
3 3 0.000005 0.000002 0.082681 0.917313 0.000000
3 3 0.000178 0.000144 0.068422 0.930680 0.000577
3 3 0.000030 0.000025 0.067360 0.932577 0.000008
3 3 0.000000 0.000001 0.118687 0.881306 0.000006
3 3 0.000004 0.000033 0.060460 0.939265 0.000238
3 3 0.000000 0.000002 0.075685 0.924310 0.000002
3 3 0.000000 0.000007 0.038669 0.961323 0.000002
3 3 0.000000 0.000001 0.040541 0.959454 0.000003
3 3 0.000005 0.000029 0.259561 0.740248 0.000156
3 3 0.000019 0.000010 0.011893 0.988046 0.000033
3 3 0.000003 0.000002 0.015354 0.984586 0.000056
3 3 0.000000 0.000002 0.003063 0.996931 0.000004
3 3 0.000001 0.000002 0.016597 0.983387 0.000013
3 3 0.000000 0.000000 0.000376 0.999624 0.000000
3 3 0.000000 0.000000 0.023422 0.976576 0.000002
3 3 0.000000 0.000000 0.000151 0.999849 0.000000
3 3 0.040421 0.001395 0.119685 0.837976 0.000522
3 3 0.000000 0.000000 0.000233 0.999767 0.000000
3 3 0.000000 0.000000 0.000373 0.999627 0.000000
3 3 0.000006 0.000002 0.023577 0.976382 0.000033
3 3 0.000013 0.000020 0.071266 0.927405 0.001297
3 3 0.000000 0.000000 0.083915 0.916084 0.000001
3 3 0.000043 0.000007 0.047339 0.952565 0.000046
3 3 0.000000 0.000000 0.001505 0.998494 0.000001
3 3 0.000000 0.000000 0.014944 0.985056 0.000000
3 3 0.000000 0.000014 0.060721 0.939255 0.000010
3 3 0.000003 0.000053 0.078482 0.921212 0.000250
3 3 0.000078 0.000196 0.088384 0.910803 0.000538
3 3 0.001591 0.000153 0.028149 0.970056 0.000050
2 3 0.000018 0.000232 0.898719 0.100735 0.000296
3 3 0.000004 0.000016 0.014076 0.985829 0.000075
3 3 0.000001 0.000000 0.001227 0.998770 0.000002
3 3 0.000172 0.000002 0.004483 0.995341 0.000003
3 3 0.000338 0.000168 0.022840 0.968034 0.008621
3 3 0.000655 0.000027 0.005555 0.993656 0.000107
3 3 0.000005 0.000010 0.012166 0.987815 0.000004
3 3 0.000000 0.000001 0.007693 0.992297 0.000008
3 3 0.000000 0.000002 0.037724 0.962274 0.000000
3 3 0.000017 0.000009 0.122021 0.877948 0.000005
3 3 0.000162 0.000040 0.004811 0.994879 0.000109
3 3 0.000047 0.000013 0.019406 0.980497 0.000037
3 3 0.000000 0.000000 0.031553 0.968446 0.000000
3 3 0.000000 0.000000 0.002882 0.997117 0.000000
3 3 0.000001 0.000000 0.000209 0.999789 0.000001
3 3 0.000000 0.000000 0.000913 0.999087 0.000000
3 3 0.000005 0.000008 0.006389 0.993571 0.000027
3 3 0.000022 0.000048 0.019357 0.980068 0.000504
3 3 0.000003 0.000016 0.012553 0.987381 0.000047
3 3 0.033857 0.006007 0.064653 0.889495 0.005987
3 3 0.000011 0.000005 0.002927 0.997046 0.000011
3 3 0.000000 0.000000 0.000065 0.999935 0.000000
3 3 0.000006 0.000003 0.003852 0.996138 0.000001
3 3 0.000009 0.000022 0.016804 0.982964 0.000200
3 3 0.001328 0.000429 0.011372 0.986210 0.000660
3 3 0.015903 0.022727 0.246556 0.686391 0.028423
2 3 0.000053 0.001121 0.996624 0.002124 0.000079
2 3 0.001505 0.004872 0.907633 0.083416 0.002574
2 3 0.001261 0.022843 0.965781 0.009162 0.000953
2 3 0.000543 0.017988 0.977992 0.003282 0.000196
3 3 0.000000 0.000014 0.325148 0.674837 0.000000
2 3 0.000037 0.000047 0.961901 0.037973 0.000043
2 3 0.000042 0.000765 0.973160 0.026011 0.000021
2 3 0.000670 0.009246 0.972745 0.015419 0.001919
2 3 0.000052 0.008662 0.941440 0.049208 0.000638
2 2 0.002401 0.011089 0.952485 0.022892 0.011133
2 2 0.000040 0.001159 0.629502 0.369160 0.000140
2 2 0.000137 0.000238 0.916643 0.082687 0.000296
2 2 0.000000 0.000096 0.997535 0.002357 0.000011
2 2 0.000004 0.000238 0.992060 0.007689 0.000010
2 2 0.000021 0.000673 0.999171 0.000070 0.000064
3 2 0.004809 0.000458 0.479399 0.515181 0.000153
2 2 0.000001 0.000054 0.871816 0.128122 0.000007
2 2 0.000110 0.000158 0.943552 0.056169 0.000011
2 2 0.000003 0.000381 0.993937 0.005654 0.000025
2 2 0.004393 0.004962 0.929298 0.060359 0.000987
3 2 0.008495 0.004279 0.378769 0.607669 0.000787
2 2 0.000178 0.001430 0.667993 0.330352 0.000047
2 2 0.009380 0.005746 0.558760 0.400803 0.025311
3 2 0.001642 0.004111 0.368219 0.625440 0.000588
2 2 0.000001 0.000015 0.985048 0.014926 0.000009
2 2 0.000008 0.000051 0.924879 0.075032 0.000030
2 2 0.000429 0.047781 0.936858 0.010942 0.003990
2 2 0.007592 0.004462 0.869817 0.113008 0.005121
0 0 0.955504 0.024137 0.014015 0.000324 0.006021
0 1 0.523018 0.216358 0.128847 0.000453 0.131324
2 2 0.000016 0.003854 0.986942 0.008450 0.000738
2 2 0.000001 0.000194 0.999571 0.000228 0.000005
2 2 0.000054 0.002566 0.996778 0.000228 0.000373
2 2 0.000792 0.011153 0.984120 0.000057 0.003878
2 2 0.000167 0.008014 0.914017 0.068183 0.009620
2 2 0.000123 0.004944 0.969848 0.002037 0.023049
2 2 0.014101 0.036628 0.933070 0.002695 0.013506
2 2 0.000000 0.000095 0.996556 0.003343 0.000006
2 2 0.000002 0.000478 0.998835 0.000369 0.000316
2 2 0.000001 0.000313 0.998738 0.000518 0.000430
2 2 0.000006 0.004033 0.991721 0.001179 0.003062
2 2 0.000028 0.005309 0.985674 0.006370 0.002620
2 2 0.000003 0.000427 0.987802 0.011748 0.000020
2 2 0.000007 0.002060 0.996304 0.000641 0.000988
2 2 0.000020 0.016307 0.932159 0.044550 0.006964
2 2 0.000144 0.010726 0.903446 0.064231 0.021452
2 2 0.000977 0.042624 0.563848 0.015692 0.376858
2 2 0.000942 0.095146 0.470179 0.008878 0.424856
2 2 0.000559 0.072784 0.706304 0.024401 0.195951
2 2 0.000192 0.052376 0.725729 0.006938 0.214766
2 2 0.000142 0.049462 0.728369 0.002632 0.219394
4 2 0.001038 0.053630 0.293492 0.003396 0.648445
4 2 0.003026 0.121832 0.177156 0.004418 0.693567
2 2 0.001458 0.080273 0.587349 0.045303 0.285617
2 2 0.000303 0.028632 0.595292 0.011618 0.364155
2 2 0.000441 0.072530 0.771036 0.031641 0.124353
1 1 0.053362 0.606216 0.237889 0.000028 0.102504
4 2 0.001255 0.207544 0.262475 0.001633 0.527093
2 2 0.002513 0.211072 0.550262 0.015307 0.220847
2 2 0.000430 0.074264 0.870405 0.004007 0.050894
2 2 0.000405 0.046044 0.921619 0.000379 0.031553
4 2 0.001258 0.129359 0.349753 0.004500 0.515129
4 2 0.003907 0.174397 0.214510 0.006800 0.600386
2 2 0.001202 0.136483 0.633732 0.006644 0.221938
2 2 0.000145 0.100267 0.619437 0.001249 0.278902
4 2 0.000592 0.151017 0.400984 0.001876 0.445532
2 2 0.002041 0.090509 0.526224 0.046018 0.335208
4 2 0.002322 0.090595 0.147104 0.002812 0.757167
2 2 0.000048 0.016672 0.872054 0.101180 0.010045
2 2 0.000029 0.009955 0.910083 0.065417 0.014516
4 2 0.001621 0.102204 0.356795 0.007157 0.532223
2 2 0.000140 0.028856 0.867878 0.058822 0.044304
2 2 0.000113 0.071560 0.849416 0.008800 0.070111
2 2 0.000118 0.047204 0.876690 0.020827 0.055161
2 2 0.000001 0.000620 0.983272 0.014643 0.001464
2 2 0.000006 0.001892 0.945613 0.047176 0.005313
4 2 0.000369 0.012885 0.039436 0.000021 0.947288
0 1 0.985871 0.011697 0.001618 0.000000 0.000814
2 2 0.000640 0.067240 0.916930 0.000874 0.014316
2 2 0.000176 0.021869 0.976626 0.000200 0.001129
2 2 0.000146 0.006832 0.992461 0.000038 0.000523
2 2 0.000247 0.056278 0.937033 0.002501 0.003942
2 2 0.000082 0.017931 0.840526 0.138952 0.002509
2 2 0.000376 0.008071 0.983739 0.007779 0.000035
2 2 0.000848 0.015317 0.983224 0.000343 0.000268
2 2 0.000018 0.002379 0.995615 0.001904 0.000085
2 2 0.000663 0.063018 0.901247 0.001136 0.033936
2 2 0.000212 0.009550 0.987283 0.002157 0.000798
2 2 0.022385 0.149761 0.767848 0.000046 0.059960
2 2 0.000335 0.021849 0.956537 0.011025 0.010254
2 2 0.000021 0.014242 0.981025 0.000768 0.003943
2 2 0.001596 0.081487 0.910000 0.001337 0.005580
2 2 0.001746 0.213303 0.721800 0.001284 0.061867
2 2 0.000054 0.006397 0.990801 0.002263 0.000485
2 2 0.000482 0.047311 0.945948 0.000055 0.006204
2 1 0.001916 0.130963 0.835355 0.000176 0.031589
2 2 0.062169 0.067120 0.863456 0.000189 0.007066
2 2 0.012890 0.010182 0.972509 0.001655 0.002764
2 2 0.000028 0.005793 0.985964 0.006358 0.001857
2 2 0.000520 0.045273 0.940457 0.002806 0.010945
2 2 0.000008 0.000684 0.995244 0.004052 0.000012
0 2 0.564229 0.172620 0.260198 0.000111 0.002842
2 2 0.000008 0.002434 0.997049 0.000033 0.000475
2 2 0.000476 0.019139 0.976490 0.000062 0.003833
2 2 0.000061 0.007841 0.990412 0.001487 0.000199
2 2 0.000019 0.006327 0.990771 0.002807 0.000076
2 2 0.004229 0.042288 0.952126 0.000022 0.001335
2 2 0.000256 0.018251 0.979589 0.001022 0.000882
2 2 0.000003 0.000750 0.999034 0.000197 0.000016
2 2 0.000052 0.007037 0.992395 0.000219 0.000296
2 2 0.000001 0.000255 0.998618 0.001104 0.000023
2 1 0.241993 0.077054 0.678858 0.000550 0.001544
0 2 0.600174 0.201432 0.129861 0.000008 0.068525
0 1 0.668577 0.047383 0.014899 0.000036 0.269105
2 2 0.001160 0.022747 0.974606 0.000959 0.000528
2 2 0.000012 0.000491 0.999410 0.000086 0.000001
2 2 0.006097 0.217382 0.768050 0.000029 0.008442
1 2 0.005951 0.512226 0.454026 0.000076 0.027721
2 2 0.000007 0.001676 0.998155 0.000118 0.000044
2 2 0.002192 0.053056 0.933255 0.006719 0.004777
2 2 0.000373 0.037113 0.961727 0.000126 0.000661
2 2 0.000017 0.017088 0.981971 0.000519 0.000405
2 2 0.001020 0.007659 0.991208 0.000016 0.000097
2 2 0.000016 0.003082 0.996345 0.000284 0.000273
2 2 0.002467 0.052748 0.939480 0.000380 0.004925
2 2 0.000004 0.000406 0.998579 0.000939 0.000073
2 2 0.000008 0.001232 0.998279 0.000475 0.000005
2 2 0.000095 0.001473 0.989965 0.008406 0.000062
2 2 0.000009 0.006054 0.987531 0.005953 0.000453
2 2 0.000088 0.026203 0.967310 0.005686 0.000713
2 2 0.000009 0.000351 0.999332 0.000297 0.000010
2 2 0.000015 0.000100 0.999338 0.000510 0.000036
2 2 0.013999 0.024015 0.874424 0.083769 0.003792
2 2 0.010273 0.015589 0.955720 0.015282 0.003136
2 2 0.021093 0.048006 0.866518 0.045648 0.018734
2 2 0.000364 0.009129 0.921879 0.064054 0.004574
2 2 0.000026 0.003735 0.988522 0.007523 0.000193
2 2 0.000028 0.009007 0.978164 0.012693 0.000109
2 2 0.000017 0.002805 0.984673 0.012278 0.000226
2 2 0.004363 0.030447 0.891663 0.040496 0.033030
2 2 0.000001 0.000167 0.999813 0.000008 0.000012
2 2 0.000742 0.000107 0.990908 0.008238 0.000006
2 2 0.000000 0.000011 0.998535 0.001453 0.000001
2 2 0.000016 0.001008 0.998101 0.000872 0.000003
1 1 0.175686 0.441006 0.347349 0.001532 0.034427
2 2 0.056118 0.367909 0.513332 0.000098 0.062543
2 2 0.000201 0.008646 0.985964 0.000232 0.004956
2 2 0.003952 0.073690 0.874100 0.018292 0.029965
2 2 0.000009 0.000906 0.983828 0.014885 0.000372
2 2 0.000002 0.001095 0.994830 0.002310 0.001763
2 2 0.000002 0.000572 0.997068 0.002353 0.000005
2 2 0.000009 0.000183 0.981830 0.017972 0.000006
2 2 0.000009 0.000061 0.939898 0.060016 0.000015
2 2 0.000139 0.000818 0.970462 0.028369 0.000212
2 2 0.000031 0.000974 0.992080 0.006882 0.000034
2 2 0.000000 0.000017 0.995199 0.004782 0.000001
2 2 0.000627 0.007366 0.965152 0.017077 0.009778
2 2 0.000477 0.013367 0.981487 0.003895 0.000774
2 2 0.000000 0.000050 0.988668 0.011278 0.000004
2 2 0.000000 0.000006 0.947449 0.052544 0.000001
2 2 0.000016 0.000481 0.994137 0.004848 0.000517
2 2 0.000005 0.000268 0.995729 0.003969 0.000030
2 2 0.000022 0.000219 0.921696 0.077840 0.000223
2 2 0.000049 0.000128 0.968305 0.031375 0.000143
2 2 0.002231 0.002330 0.936302 0.052845 0.006292
2 2 0.000004 0.002118 0.952740 0.045015 0.000122
2 2 0.000000 0.000223 0.994895 0.004881 0.000002
2 2 0.000028 0.000660 0.995094 0.004206 0.000012
2 2 0.000052 0.008622 0.936322 0.041570 0.013433
2 2 0.000137 0.001760 0.992518 0.005326 0.000258
2 2 0.000000 0.000385 0.973088 0.026512 0.000015
2 2 0.000025 0.000391 0.935523 0.063873 0.000188
2 2 0.000002 0.000219 0.999033 0.000675 0.000072
2 2 0.000032 0.000160 0.999559 0.000218 0.000031
2 2 0.009828 0.002634 0.968679 0.017496 0.001364
2 2 0.000135 0.001169 0.993591 0.003146 0.001959
1 2 0.357881 0.401673 0.144248 0.000006 0.096191
1 2 0.243160 0.628460 0.118636 0.000002 0.009742
2 2 0.000010 0.004913 0.989407 0.005646 0.000024
2 2 0.000044 0.000279 0.996574 0.003093 0.000010
2 2 0.000050 0.003294 0.979830 0.009260 0.007566
2 2 0.000074 0.025170 0.879396 0.014821 0.080540
2 2 0.000376 0.107251 0.805298 0.033173 0.053901
2 2 0.000432 0.073086 0.870457 0.006378 0.049647
2 2 0.000100 0.031076 0.843230 0.113206 0.012387
2 2 0.000012 0.003006 0.986914 0.007255 0.002813
2 2 0.000455 0.095577 0.451681 0.002630 0.449657
4 4 0.001266 0.099035 0.346349 0.006059 0.547291
2 4 0.001408 0.199141 0.442208 0.007468 0.349775
4 4 0.000811 0.213844 0.366754 0.001836 0.416755
2 4 0.000138 0.016273 0.688842 0.000616 0.294131
4 4 0.000315 0.081258 0.425558 0.001513 0.491356
4 4 0.000700 0.035562 0.055431 0.000222 0.908085
4 4 0.000395 0.019092 0.152157 0.000433 0.827922
2 4 0.000454 0.035575 0.744273 0.016336 0.203361
2 4 0.000408 0.011830 0.707402 0.018359 0.262001
4 4 0.017704 0.010206 0.228270 0.001213 0.742607
4 2 0.004211 0.003146 0.061693 0.000081 0.930868
4 2 0.012723 0.010189 0.010010 0.000088 0.966991
4 2 0.021782 0.004001 0.004388 0.000021 0.969809
4 2 0.001225 0.000847 0.001570 0.000029 0.996329
4 2 0.005280 0.004314 0.004741 0.000104 0.985560
4 2 0.004332 0.001664 0.001530 0.000249 0.992226
4 2 0.002703 0.004382 0.015365 0.001732 0.975819
0 1 0.549402 0.095209 0.024018 0.000239 0.331133
4 1 0.001413 0.048057 0.059116 0.000510 0.890904
2 2 0.000686 0.041488 0.745328 0.062674 0.149824
2 2 0.000424 0.053608 0.851122 0.022773 0.072072
4 2 0.001981 0.033399 0.210661 0.011620 0.742339
4 4 0.003115 0.001579 0.002438 0.000028 0.992839
4 4 0.001414 0.009192 0.012439 0.000227 0.976728
4 4 0.000512 0.042634 0.112893 0.000407 0.843554
2 4 0.000212 0.091573 0.704633 0.004281 0.199300
4 4 0.001236 0.024071 0.146255 0.004649 0.823789
4 4 0.018723 0.141860 0.234323 0.000044 0.605050
4 4 0.012217 0.300265 0.135979 0.002813 0.548726
2 4 0.001622 0.116066 0.665059 0.002917 0.214337
2 4 0.000246 0.077385 0.831146 0.027330 0.063894
2 4 0.000268 0.028118 0.799949 0.049228 0.122437
4 4 0.003903 0.285028 0.203229 0.004157 0.503684
4 4 0.004270 0.017698 0.014918 0.000758 0.962355
4 4 0.007397 0.110237 0.116377 0.008421 0.757568
4 4 0.000399 0.111304 0.340683 0.000917 0.546697
4 4 0.000939 0.119224 0.363416 0.001807 0.514614
4 4 0.002270 0.059772 0.143395 0.000006 0.794556
2 1 0.001173 0.262043 0.466466 0.000033 0.270285
4 1 0.226599 0.274715 0.202702 0.000135 0.295849
4 1 0.000135 0.007766 0.027032 0.000032 0.965036
4 4 0.006836 0.036149 0.063044 0.003135 0.890836
4 4 0.002070 0.024104 0.027529 0.000293 0.946003
4 4 0.015231 0.109057 0.074249 0.000317 0.801146
4 4 0.040971 0.014454 0.014855 0.000018 0.929702
4 4 0.003518 0.263937 0.160279 0.002299 0.569967
4 4 0.005006 0.103919 0.067612 0.001842 0.821622
4 4 0.000634 0.131072 0.278882 0.001000 0.588412
4 4 0.003345 0.114925 0.117317 0.000233 0.764180
4 4 0.006601 0.009646 0.006933 0.000790 0.976029
4 4 0.004478 0.049697 0.036092 0.001148 0.908586
4 4 0.004030 0.042433 0.046739 0.001851 0.904947
4 4 0.001867 0.202598 0.308184 0.004361 0.482991
4 4 0.004531 0.111990 0.224348 0.014234 0.644897
4 4 0.002532 0.246365 0.170559 0.001668 0.578877
4 4 0.018158 0.264087 0.086370 0.008458 0.622927
4 4 0.001164 0.110311 0.323432 0.004097 0.560995
4 4 0.002244 0.059446 0.061446 0.000826 0.876039
4 4 0.004847 0.074679 0.052495 0.001598 0.866380
4 4 0.013264 0.002714 0.003428 0.000017 0.980578
4 4 0.007619 0.047098 0.052300 0.000117 0.892866
