1 0 0.000003 0.999825 0.000172 0.000000 0.000000
1 1 0.000035 0.932562 0.020049 0.000000 0.047353
4 1 0.016256 0.179940 0.253943 0.000012 0.549849
4 4 0.016972 0.114434 0.138520 0.000016 0.730058
4 4 0.299538 0.108788 0.186871 0.000351 0.404452
4 4 0.110669 0.226495 0.058300 0.000011 0.604524
1 4 0.002637 0.451527 0.240696 0.000060 0.305080
1 4 0.013631 0.484680 0.079078 0.000001 0.422609
4 4 0.005219 0.077535 0.128173 0.001236 0.787837
4 4 0.009593 0.142717 0.264328 0.000214 0.583148
2 4 0.025782 0.286291 0.390372 0.000392 0.297162
4 4 0.015226 0.025924 0.008796 0.000006 0.950048
4 4 0.001455 0.009328 0.012815 0.000034 0.976368
4 4 0.006821 0.018560 0.016962 0.000038 0.957619
4 4 0.000955 0.044919 0.088777 0.000026 0.865322
4 4 0.001337 0.205737 0.331173 0.000031 0.461722
4 4 0.000407 0.045112 0.208838 0.000556 0.745088
4 4 0.004003 0.123614 0.275132 0.000753 0.596498
4 4 0.016080 0.018162 0.018454 0.000220 0.947084
4 4 0.067247 0.008564 0.003429 0.000012 0.920749
4 4 0.030317 0.003077 0.001620 0.000000 0.964986
4 4 0.087584 0.012646 0.010272 0.000032 0.889466
4 4 0.025717 0.203511 0.285813 0.001516 0.483444
4 4 0.003729 0.025576 0.029859 0.000049 0.940787
2 4 0.006864 0.183064 0.655763 0.014985 0.139324
2 1 0.038095 0.227241 0.586590 0.001767 0.146307
1 1 0.065468 0.388123 0.234327 0.000267 0.311814
4 1 0.039260 0.339275 0.222794 0.000038 0.398633
1 1 0.075256 0.430697 0.184530 0.000009 0.309509
1 1 0.019931 0.441689 0.319874 0.000089 0.218417
2 1 0.006607 0.216538 0.503802 0.000695 0.272357
4 1 0.011944 0.125604 0.230349 0.000772 0.631330
4 4 0.044527 0.018907 0.011612 0.000198 0.924756
4 4 0.026004 0.053128 0.083038 0.000254 0.837577
4 4 0.381782 0.049983 0.032890 0.001036 0.534309
4 4 0.054121 0.096558 0.151822 0.000829 0.696670
1 4 0.003623 0.564338 0.329442 0.000014 0.102584
1 1 0.037584 0.453314 0.442132 0.000952 0.066019
2 1 0.003328 0.083081 0.842595 0.043468 0.027528
2 1 0.000226 0.015297 0.609390 0.370959 0.004128
2 1 0.001764 0.031691 0.611943 0.216516 0.138087
4 1 0.036576 0.058555 0.308490 0.092572 0.503808
4 1 0.060275 0.078781 0.360745 0.109735 0.390464
4 2 0.003576 0.030532 0.249685 0.004325 0.711881
4 2 0.018688 0.102631 0.267474 0.001985 0.609221
0 0 0.891657 0.013421 0.007079 0.000021 0.087822
0 0 0.487030 0.053387 0.044281 0.001139 0.414163
4 1 0.091431 0.085375 0.042710 0.000059 0.780425
2 1 0.007410 0.139187 0.429343 0.039231 0.384829
2 2 0.142409 0.089343 0.388783 0.013231 0.366234
2 2 0.000765 0.055551 0.805867 0.005355 0.132463
2 2 0.002241 0.043528 0.929451 0.015293 0.009486
2 2 0.005072 0.055197 0.876278 0.025227 0.038226
2 2 0.014458 0.144490 0.630458 0.077714 0.132880
2 2 0.000780 0.049776 0.923042 0.000702 0.025701
2 2 0.005210 0.071439 0.839386 0.000283 0.083683
2 2 0.000801 0.033984 0.960362 0.003741 0.001111
2 2 0.000497 0.017148 0.980567 0.000124 0.001664
2 2 0.007039 0.040048 0.804545 0.009499 0.138869
2 2 0.034997 0.219895 0.577214 0.019479 0.148414
2 2 0.001155 0.076487 0.912109 0.000482 0.009767
2 2 0.005213 0.102835 0.832049 0.045092 0.014811
2 2 0.000208 0.029852 0.957142 0.009278 0.003520
2 2 0.000244 0.051666 0.944980 0.000172 0.002937
2 2 0.000033 0.014141 0.981584 0.001519 0.002723
2 2 0.000015 0.004559 0.990949 0.003880 0.000597
2 2 0.003491 0.018818 0.947371 0.019042 0.011277
2 2 0.000317 0.002280 0.975158 0.020943 0.001303
2 2 0.005589 0.055916 0.894663 0.022182 0.021650
2 2 0.007779 0.021536 0.728725 0.233246 0.008714
2 2 0.003045 0.039981 0.923646 0.027953 0.005375
2 2 0.000089 0.008805 0.944026 0.046254 0.000826
2 2 0.000001 0.002995 0.984496 0.012473 0.000035
2 2 0.000480 0.011582 0.907910 0.079800 0.000228
2 2 0.001170 0.011295 0.851810 0.131713 0.004011
2 2 0.013985 0.035394 0.920008 0.020402 0.010212
2 2 0.000167 0.004273 0.947384 0.047622 0.000554
2 2 0.000479 0.016717 0.955658 0.017750 0.009397
2 2 0.057290 0.051437 0.648717 0.118941 0.123615
2 2 0.006654 0.012679 0.876769 0.102758 0.001140
2 2 0.014557 0.133720 0.823389 0.004905 0.023428
2 2 0.023973 0.039774 0.909553 0.018456 0.008244
2 2 0.001423 0.034767 0.849034 0.093752 0.021024
2 2 0.001722 0.010160 0.825182 0.160762 0.002175
2 2 0.000410 0.002147 0.958620 0.038658 0.000164
2 2 0.001845 0.017851 0.962613 0.011526 0.006165
2 2 0.204273 0.105495 0.554128 0.075564 0.060540
2 2 0.004628 0.044481 0.797664 0.147010 0.006217
2 2 0.000952 0.013288 0.843762 0.138543 0.003455
2 2 0.000360 0.030445 0.943927 0.003135 0.022133
2 2 0.000175 0.012575 0.952534 0.034576 0.000140
2 2 0.000542 0.008384 0.924133 0.066770 0.000171
2 2 0.000064 0.008305 0.979333 0.009703 0.002595
2 2 0.002521 0.021934 0.962155 0.008479 0.004911
2 2 0.000002 0.002301 0.976796 0.020801 0.000100
2 2 0.000093 0.004454 0.961129 0.034171 0.000153
2 2 0.000034 0.013782 0.853898 0.131908 0.000378
2 2 0.001496 0.013000 0.919601 0.064916 0.000986
2 2 0.000471 0.004848 0.790490 0.202168 0.002023
3 3 0.000102 0.000481 0.187295 0.812055 0.000067
2 3 0.000010 0.002145 0.810145 0.187679 0.000021
2 3 0.000160 0.008468 0.857419 0.133795 0.000158
2 3 0.026092 0.100907 0.705789 0.138846 0.028367
2 3 0.006302 0.029711 0.732182 0.230556 0.001249
3 3 0.000204 0.000435 0.470493 0.528814 0.000054
3 3 0.000018 0.000240 0.058841 0.940870 0.000031
3 3 0.000002 0.000149 0.397479 0.602351 0.000019
2 3 0.000000 0.000115 0.504014 0.495855 0.000017
3 3 0.000030 0.007260 0.288739 0.701884 0.002088
3 3 0.000128 0.000947 0.055292 0.943407 0.000226
2 3 0.005376 0.048028 0.897311 0.023686 0.025600
2 3 0.015867 0.080677 0.682331 0.173655 0.047470
2 2 0.015278 0.024186 0.942173 0.013178 0.005186
0 1 0.952488 0.018643 0.012981 0.000368 0.015520
4 1 0.094120 0.016182 0.007301 0.000067 0.882330
4 1 0.413700 0.073396 0.028098 0.000219 0.484587
0 1 0.639230 0.128797 0.054173 0.001453 0.176347
2 2 0.067907 0.115762 0.451859 0.008740 0.355732
2 2 0.000570 0.015263 0.977174 0.000801 0.006192
2 2 0.000597 0.025821 0.969261 0.000314 0.004007
2 2 0.000145 0.003445 0.993794 0.001457 0.001159
2 2 0.000096 0.008095 0.991037 0.000504 0.000268
2 2 0.000212 0.005339 0.992949 0.000870 0.000630
2 2 0.000021 0.007536 0.969595 0.021028 0.001821
2 2 0.000308 0.102976 0.870797 0.003408 0.022511
2 2 0.000055 0.009944 0.893915 0.090339 0.005747
2 2 0.000036 0.004463 0.822955 0.171442 0.001104
2 2 0.003118 0.024994 0.814327 0.153456 0.004105
2 2 0.000001 0.000593 0.989477 0.009788 0.000141
2 2 0.000026 0.001800 0.982699 0.014851 0.000624
2 2 0.000158 0.015726 0.972900 0.007223 0.003994
2 2 0.000114 0.017237 0.973699 0.008129 0.000821
3 2 0.000104 0.004113 0.328921 0.666455 0.000407
2 2 0.000161 0.004104 0.872293 0.121542 0.001900
2 2 0.000003 0.000656 0.601810 0.397463 0.000068
3 3 0.000019 0.000302 0.200031 0.799609 0.000040
2 3 0.000700 0.014846 0.958937 0.004373 0.021144
2 3 0.008112 0.070067 0.888676 0.011265 0.021880
2 2 0.000198 0.007418 0.968889 0.022280 0.001215
2 2 0.000033 0.012682 0.978314 0.008791 0.000181
3 2 0.000011 0.000928 0.494054 0.504024 0.000983
2 2 0.000318 0.004118 0.543993 0.449795 0.001775
3 2 0.000000 0.000143 0.398181 0.601648 0.000028
2 2 0.000013 0.003351 0.845167 0.151281 0.000189
2 2 0.002004 0.033641 0.962640 0.000615 0.001100
2 2 0.000328 0.006577 0.947723 0.043666 0.001706
2 2 0.000116 0.006428 0.931194 0.056734 0.005529
2 2 0.000072 0.017945 0.952667 0.024450 0.004866
2 2 0.000005 0.001225 0.973526 0.023566 0.001677
2 2 0.000234 0.003832 0.868669 0.122459 0.004806
2 2 0.000044 0.004485 0.928652 0.066266 0.000552
3 2 0.000003 0.000236 0.473508 0.526237 0.000015
3 2 0.000073 0.001705 0.156722 0.840847 0.000654
2 2 0.002011 0.009961 0.731138 0.248772 0.008119
2 3 0.000038 0.000874 0.575900 0.423077 0.000111
2 3 0.000009 0.001815 0.781314 0.216275 0.000587
2 3 0.000034 0.001706 0.655279 0.342401 0.000580
3 3 0.000009 0.002028 0.494355 0.502811 0.000798
2 3 0.000149 0.013828 0.933270 0.051608 0.001145
3 3 0.000487 0.001487 0.337366 0.660213 0.000447
2 3 0.008648 0.025328 0.930761 0.002669 0.032595
2 2 0.015491 0.044958 0.854323 0.019226 0.066002
2 2 0.000705 0.019931 0.946098 0.024008 0.009259
2 2 0.000031 0.002040 0.951823 0.045456 0.000650
2 2 0.000008 0.000606 0.631238 0.368115 0.000032
2 2 0.000002 0.001782 0.989155 0.008979 0.000082
2 2 0.000013 0.003334 0.981659 0.014735 0.000260
2 2 0.000002 0.000536 0.885620 0.113832 0.000011
2 2 0.000028 0.005135 0.859466 0.131724 0.003647
2 2 0.000031 0.001521 0.963871 0.034413 0.000165
2 2 0.264842 0.223735 0.311780 0.040905 0.158738
4 2 0.024961 0.157268 0.081318 0.000510 0.735944
2 2 0.009743 0.028645 0.623052 0.263895 0.074666
2 2 0.001663 0.013799 0.889314 0.078558 0.016666
2 2 0.005171 0.013989 0.972582 0.004030 0.004228
2 2 0.000493 0.008641 0.963546 0.005891 0.021429
4 2 0.033157 0.093969 0.295390 0.027167 0.550318
0 2 0.472691 0.052244 0.028262 0.000867 0.445935
4 2 0.063893 0.167129 0.304342 0.000386 0.464250
4 2 0.137661 0.126261 0.212593 0.004934 0.518551
2 2 0.000643 0.049135 0.942246 0.002601 0.005375
2 2 0.025735 0.145433 0.797253 0.014713 0.016867
2 2 0.210089 0.120324 0.570786 0.000199 0.098602
2 2 0.030567 0.035847 0.819897 0.097545 0.016144
2 2 0.000001 0.000651 0.999213 0.000094 0.000041
2 2 0.000084 0.003151 0.995840 0.000672 0.000252
2 2 0.000265 0.014224 0.974702 0.003580 0.007229
2 2 0.000886 0.054160 0.936829 0.000751 0.007374
2 2 0.000500 0.003441 0.986156 0.009504 0.000398
2 2 0.000016 0.006477 0.991621 0.001360 0.000527
2 2 0.000002 0.003303 0.983578 0.012501 0.000616
2 2 0.000056 0.004298 0.984395 0.009957 0.001294
2 2 0.000001 0.000362 0.976552 0.023001 0.000084
2 2 0.000076 0.001656 0.919346 0.078161 0.000761
2 2 0.000011 0.002007 0.974504 0.023123 0.000356
2 2 0.000006 0.001093 0.954203 0.044617 0.000082
2 2 0.000472 0.031591 0.959476 0.006113 0.002348
2 2 0.010807 0.109402 0.864982 0.000605 0.014203
4 2 0.019573 0.107654 0.297903 0.000225 0.574645
2 2 0.004368 0.034478 0.923740 0.003669 0.033746
2 2 0.000042 0.009707 0.977827 0.010053 0.002371
2 2 0.003014 0.117881 0.792435 0.000012 0.086659
2 2 0.003470 0.015713 0.978922 0.001531 0.000364
2 2 0.000075 0.002276 0.984820 0.012727 0.000101
2 2 0.000197 0.011630 0.908861 0.077597 0.001715
2 2 0.001592 0.043030 0.902566 0.049737 0.003075
2 2 0.001334 0.056261 0.906853 0.019410 0.016142
2 2 0.000291 0.014715 0.961064 0.022444 0.001486
2 2 0.000001 0.000274 0.980545 0.019128 0.000052
2 2 0.001855 0.009108 0.932883 0.051188 0.004965
2 2 0.000008 0.005082 0.991872 0.000350 0.002688
2 2 0.000002 0.001031 0.997996 0.000857 0.000114
4 4 0.016832 0.046948 0.132194 0.003789 0.800236
4 4 0.021846 0.027003 0.048464 0.000996 0.901691
2 4 0.017772 0.068922 0.766026 0.008411 0.138869
2 2 0.001598 0.025970 0.837112 0.086742 0.048579
2 2 0.000081 0.004913 0.968408 0.026127 0.000471
2 2 0.027689 0.113187 0.833694 0.020021 0.005409
2 2 0.003710 0.118160 0.872855 0.000054 0.005221
2 2 0.018683 0.266295 0.587855 0.000421 0.126746
2 2 0.159679 0.148031 0.541990 0.001827 0.148473
4 2 0.023844 0.072917 0.405462 0.001743 0.496033
4 2 0.032143 0.088468 0.329300 0.026057 0.524031
4 2 0.027374 0.156821 0.177263 0.007133 0.631409
4 2 0.022671 0.150107 0.369694 0.001609 0.455919
4 2 0.051237 0.045043 0.024210 0.000203 0.879308
2 2 0.243136 0.227775 0.274425 0.000287 0.254376
2 2 0.024598 0.122735 0.782656 0.001343 0.068669
4 2 0.055554 0.320276 0.217012 0.001246 0.405912
4 2 0.117901 0.174184 0.117196 0.002151 0.588567
4 2 0.049734 0.241930 0.156817 0.000055 0.551463
4 2 0.011483 0.064521 0.049827 0.001815 0.872354
2 2 0.000338 0.009814 0.819563 0.164771 0.005513
2 2 0.001336 0.022871 0.971777 0.001986 0.002029
1 2 0.084808 0.400839 0.176882 0.000010 0.337461
4 2 0.287663 0.047093 0.047394 0.000804 0.617046
2 2 0.000433 0.044769 0.848565 0.006761 0.099472
2 2 0.000363 0.018336 0.968408 0.007054 0.005840
2 2 0.032509 0.100315 0.651332 0.007598 0.208246
2 2 0.057387 0.118873 0.673847 0.027970 0.121923
2 2 0.015593 0.018407 0.958002 0.003675 0.004322
2 2 0.027875 0.088120 0.755872 0.002242 0.125893
2 2 0.001035 0.137283 0.841493 0.001828 0.018361
2 2 0.001527 0.124938 0.825760 0.001366 0.046408
2 2 0.002781 0.027764 0.959331 0.008279 0.001844
2 2 0.000573 0.024565 0.968079 0.005382 0.001401
2 2 0.039158 0.141854 0.761632 0.002560 0.054796
4 2 0.020699 0.244801 0.261855 0.000140 0.472504
2 2 0.002121 0.057872 0.885695 0.005659 0.048652
4 2 0.039088 0.129946 0.330510 0.000862 0.499593
2 2 0.002626 0.113404 0.819139 0.027058 0.037773
2 2 0.005934 0.059450 0.879090 0.029648 0.025878
2 2 0.018149 0.184634 0.764126 0.012686 0.020405
2 2 0.018109 0.056991 0.796884 0.051092 0.076925
2 2 0.003998 0.083738 0.775070 0.000611 0.136582
2 2 0.024168 0.231796 0.505763 0.005217 0.233056
2 2 0.053666 0.231821 0.369964 0.072122 0.272428
2 2 0.021790 0.142514 0.532606 0.026494 0.276595
4 2 0.053989 0.393036 0.096696 0.000034 0.456245
4 4 0.063159 0.047411 0.015944 0.000023 0.873461
4 4 0.353521 0.009909 0.002969 0.000003 0.633598
4 4 0.138373 0.038926 0.011385 0.000008 0.811308
0 0 0.833113 0.006928 0.001727 0.000001 0.158230
0 0 0.851101 0.001585 0.000255 0.000000 0.147060
4 0 0.084413 0.000259 0.000035 0.000000 0.915294
4 0 0.044426 0.001133 0.000271 0.000000 0.954170
0 0 0.616851 0.007114 0.001783 0.000001 0.374251
4 0 0.289206 0.003380 0.004357 0.000000 0.703057
0 1 0.493747 0.022883 0.006893 0.000010 0.476467
4 1 0.055689 0.053412 0.018945 0.000016 0.871938
4 4 0.079886 0.005307 0.001776 0.000002 0.913029
4 4 0.035782 0.009952 0.004771 0.000045 0.949450
0 4 0.420418 0.140316 0.150543 0.000536 0.288187
4 4 0.084792 0.139904 0.105104 0.000141 0.670059
2 4 0.000548 0.158103 0.735781 0.004926 0.100642
2 1 0.000984 0.282286 0.431114 0.002738 0.282877
2 1 0.000698 0.133555 0.651486 0.019718 0.194544
4 1 0.021223 0.167643 0.254601 0.159293 0.397240
2 1 0.004123 0.214192 0.541027 0.011087 0.229571
2 1 0.003209 0.082551 0.715895 0.024465 0.173880
4 1 0.009570 0.091042 0.138690 0.017454 0.743244
4 1 0.002352 0.124838 0.121890 0.000102 0.750818
2 1 0.010285 0.147282 0.704031 0.018708 0.119695
2 1 0.005227 0.182008 0.739737 0.005121 0.067907
2 2 0.000722 0.037485 0.942072 0.006521 0.013200
2 2 0.007054 0.099203 0.602726 0.027861 0.263156
4 2 0.061206 0.305629 0.223090 0.000499 0.409576
4 2 0.161897 0.269820 0.093421 0.000374 0.474489
4 2 0.143808 0.233155 0.157914 0.011141 0.453982
4 2 0.175980 0.124627 0.070504 0.005635 0.623254
4 2 0.179547 0.220670 0.071386 0.000173 0.528224
4 2 0.306266 0.251767 0.059949 0.000026 0.381993
4 2 0.201661 0.102525 0.064084 0.003047 0.628683
4 2 0.012971 0.080773 0.046231 0.000511 0.859514
1 2 0.106437 0.444479 0.199668 0.000047 0.249369
4 2 0.083733 0.217564 0.070820 0.000063 0.627820
4 2 0.015264 0.289210 0.315504 0.000168 0.379854
4 2 0.087939 0.365909 0.158436 0.001757 0.385959
4 2 0.102597 0.111157 0.127385 0.052950 0.605911
4 2 0.055419 0.066144 0.054140 0.005393 0.818904
2 2 0.007902 0.088632 0.829786 0.011644 0.062036
2 2 0.084391 0.130567 0.444384 0.004900 0.335758
2 2 0.000008 0.014653 0.982702 0.001450 0.001187
2 2 0.000499 0.008031 0.748345 0.014863 0.228262
2 2 0.143111 0.224994 0.470121 0.000250 0.161524
4 2 0.022153 0.159224 0.379056 0.000321 0.439247
2 2 0.010842 0.066932 0.905184 0.000129 0.016913
2 2 0.010976 0.176894 0.635530 0.000454 0.176145
2 2 0.015570 0.191418 0.596384 0.000417 0.196211
2 2 0.000993 0.048514 0.917647 0.001301 0.031545
2 2 0.000098 0.014435 0.951401 0.031885 0.002181
2 2 0.000024 0.006894 0.988286 0.003508 0.001288
2 2 0.002449 0.158293 0.781737 0.000047 0.057473
2 2 0.005416 0.080318 0.910842 0.000307 0.003118
2 2 0.007028 0.063925 0.884130 0.005386 0.039531
2 2 0.000628 0.029492 0.965045 0.002377 0.002459
2 2 0.000009 0.004434 0.663456 0.327664 0.004437
2 2 0.000019 0.000478 0.814757 0.184698 0.000047
2 2 0.000006 0.002872 0.987847 0.009185 0.000091
2 2 0.000116 0.005728 0.925772 0.067453 0.000931
2 2 0.000000 0.000323 0.970833 0.028735 0.000108
2 2 0.000000 0.000231 0.978041 0.021706 0.000022
3 2 0.000021 0.002309 0.436487 0.559803 0.001379
2 2 0.000038 0.004731 0.808240 0.186504 0.000488
2 2 0.000008 0.002250 0.670667 0.326490 0.000584
3 2 0.001607 0.003695 0.347032 0.645267 0.002399
2 2 0.000357 0.004723 0.645522 0.349075 0.000322
2 2 0.000012 0.004179 0.860388 0.135303 0.000117
2 2 0.055548 0.111925 0.710288 0.029768 0.092471
2 2 0.021617 0.173209 0.600899 0.004375 0.199899
2 2 0.000038 0.002217 0.828471 0.167333 0.001941
2 2 0.000082 0.004086 0.915781 0.077423 0.002628
2 2 0.000062 0.009886 0.978365 0.009295 0.002392
2 2 0.017682 0.111653 0.694350 0.004331 0.171984
2 2 0.000004 0.001468 0.982450 0.016067 0.000011
2 2 0.000003 0.001296 0.997373 0.001318 0.000010
2 2 0.000001 0.001201 0.901816 0.096527 0.000455
3 2 0.000002 0.001214 0.359853 0.638551 0.000379
2 2 0.000025 0.004215 0.809000 0.186122 0.000637
2 2 0.003121 0.033260 0.827443 0.129360 0.006817
2 2 0.000333 0.013078 0.915506 0.063716 0.007366
2 2 0.000092 0.025927 0.924420 0.048525 0.001035
2 2 0.000001 0.001320 0.988049 0.010616 0.000014
2 2 0.000007 0.001244 0.983418 0.015154 0.000176
2 2 0.007488 0.028112 0.916493 0.031381 0.016525
2 2 0.001536 0.043459 0.928707 0.022666 0.003633
2 2 0.000303 0.013095 0.838054 0.146332 0.002216
2 2 0.000004 0.000655 0.507269 0.491966 0.000106
3 2 0.000007 0.000974 0.332588 0.665601 0.000830
2 2 0.000153 0.008685 0.979700 0.009231 0.002231
2 2 0.000016 0.005636 0.933512 0.060727 0.000109
2 2 0.000561 0.016113 0.884096 0.098171 0.001058
2 2 0.001010 0.065125 0.902952 0.007873 0.023040
2 2 0.004414 0.180616 0.800057 0.003559 0.011355
2 2 0.261769 0.246118 0.376049 0.006073 0.109991
0 0 0.515596 0.275244 0.148057 0.000144 0.060960
4 1 0.062128 0.277405 0.206340 0.001574 0.452553
4 1 0.008876 0.349227 0.162929 0.000977 0.477991
2 2 0.000049 0.005922 0.976793 0.015689 0.001547
2 2 0.000024 0.006665 0.934316 0.058333 0.000661
2 2 0.000919 0.019322 0.942559 0.032316 0.004885
2 2 0.000040 0.004337 0.916774 0.077134 0.001716
2 2 0.000002 0.000626 0.999041 0.000311 0.000021
2 2 0.000035 0.002523 0.996749 0.000633 0.000060
2 2 0.000001 0.000539 0.976849 0.022603 0.000009
2 2 0.000003 0.001771 0.970652 0.027526 0.000048
2 2 0.000091 0.007671 0.986082 0.004231 0.001924
2 2 0.000003 0.000250 0.697904 0.301829 0.000014
2 2 0.000000 0.000015 0.951830 0.048154 0.000001
2 2 0.000000 0.000003 0.957647 0.042350 0.000000
2 3 0.000000 0.000044 0.540458 0.459494 0.000004
3 3 0.000003 0.000154 0.119469 0.880372 0.000003
2 3 0.000000 0.000474 0.662643 0.336329 0.000554
3 3 0.000001 0.000083 0.353419 0.646489 0.000008
3 3 0.000001 0.000888 0.483933 0.514715 0.000463
3 3 0.000001 0.000137 0.150123 0.849727 0.000012
3 3 0.000000 0.000004 0.007564 0.992430 0.000002
3 3 0.000001 0.000029 0.004516 0.995451 0.000004
3 3 0.000000 0.000001 0.004788 0.995211 0.000000
3 3 0.000000 0.000000 0.001716 0.998284 0.000000
3 3 0.000037 0.002189 0.034716 0.960471 0.002587
3 3 0.000000 0.000011 0.002061 0.997926 0.000002
3 3 0.000000 0.000001 0.002135 0.997863 0.000000
3 3 0.000000 0.000001 0.000427 0.999573 0.000000
3 3 0.000000 0.000038 0.001769 0.998169 0.000023
3 3 0.000003 0.000130 0.014797 0.984944 0.000125
3 3 0.000039 0.000917 0.016105 0.981869 0.001069
3 3 0.000043 0.000501 0.002603 0.996783 0.000069
3 3 0.000000 0.000011 0.033312 0.966673 0.000005
3 3 0.000008 0.001044 0.096612 0.902081 0.000256
3 3 0.000013 0.000371 0.031701 0.967483 0.000431
3 3 0.000000 0.000013 0.002973 0.997012 0.000001
3 3 0.000015 0.000321 0.005988 0.993552 0.000124
3 3 0.002559 0.018078 0.111667 0.813260 0.054436
3 3 0.000000 0.000001 0.002013 0.997987 0.000000
3 3 0.000000 0.000000 0.000109 0.999890 0.000000
3 3 0.000000 0.000002 0.000638 0.999359 0.000000
3 3 0.000001 0.000026 0.000568 0.999404 0.000002
3 3 0.000000 0.000015 0.000603 0.999380 0.000001
3 3 0.000000 0.000011 0.000218 0.999769 0.000001
3 3 0.000000 0.000003 0.000390 0.999606 0.000001
3 3 0.000000 0.000000 0.000028 0.999972 0.000000
3 3 0.000001 0.000052 0.006242 0.993676 0.000028
3 3 0.000105 0.001281 0.009530 0.988521 0.000564
3 3 0.000000 0.000002 0.003559 0.996438 0.000001
3 3 0.000000 0.000000 0.001246 0.998754 0.000000
3 3 0.000000 0.000014 0.012662 0.987320 0.000004
3 3 0.000006 0.000201 0.016090 0.983551 0.000152
3 3 0.000001 0.000030 0.002299 0.997666 0.000005
3 3 0.000000 0.000014 0.000568 0.999417 0.000001
3 3 0.000000 0.000008 0.001892 0.998099 0.000001
3 3 0.000000 0.000008 0.001410 0.998581 0.000001
3 3 0.000102 0.001787 0.009915 0.986508 0.001688
3 3 0.000001 0.000066 0.043744 0.956039 0.000151
3 3 0.000000 0.000006 0.000639 0.999353 0.000001
3 3 0.000005 0.000121 0.000977 0.998881 0.000015
3 3 0.000000 0.000001 0.000391 0.999608 0.000000
3 3 0.000002 0.000051 0.005536 0.994404 0.000007
3 3 0.000012 0.000227 0.005067 0.994622 0.000073
3 3 0.000000 0.000018 0.004825 0.995145 0.000012
3 3 0.000002 0.000013 0.018267 0.981718 0.000000
3 3 0.000000 0.000003 0.000571 0.999426 0.000000
3 3 0.000000 0.000000 0.000037 0.999963 0.000000
3 3 0.000026 0.000349 0.001982 0.997600 0.000043
3 3 0.000003 0.000079 0.000709 0.999201 0.000009
3 3 0.000000 0.000000 0.000141 0.999859 0.000000
3 3 0.000000 0.000010 0.001759 0.998230 0.000001
3 3 0.000008 0.000149 0.001218 0.998610 0.000015
3 3 0.000055 0.000786 0.005000 0.993885 0.000274
3 3 0.000040 0.000556 0.027019 0.972106 0.000280
3 3 0.003375 0.012484 0.041224 0.936818 0.006099
0 1 0.658169 0.115234 0.084858 0.041949 0.099790
4 1 0.016802 0.060757 0.110823 0.174419 0.637198
4 1 0.201203 0.082682 0.063209 0.010417 0.642489
4 1 0.029027 0.075702 0.150417 0.201508 0.543347
2 1 0.000798 0.091143 0.681230 0.020823 0.206005
3 2 0.000558 0.009785 0.483979 0.502613 0.003065
2 2 0.000165 0.012875 0.816859 0.169694 0.000407
2 2 0.000019 0.011941 0.778986 0.208657 0.000397
2 2 0.000057 0.000946 0.744112 0.254612 0.000272
2 2 0.000010 0.000940 0.904677 0.094047 0.000326
2 2 0.000022 0.001170 0.901738 0.096899 0.000171
2 2 0.000021 0.002002 0.640400 0.357281 0.000296
3 2 0.000012 0.002256 0.365253 0.631852 0.000627
2 2 0.000000 0.000077 0.961011 0.038911 0.000001
2 2 0.000000 0.000245 0.915306 0.084435 0.000014
2 2 0.000002 0.000312 0.846933 0.152747 0.000007
2 2 0.000005 0.000457 0.746391 0.253108 0.000039
2 2 0.000903 0.034823 0.933509 0.013198 0.017567
2 2 0.005650 0.114321 0.831342 0.039493 0.009195
2 2 0.000157 0.003072 0.903670 0.092789 0.000312
2 2 0.000049 0.013578 0.982207 0.003754 0.000413
2 2 0.000102 0.003659 0.966309 0.029121 0.000809
2 2 0.000512 0.005725 0.893831 0.099591 0.000341
2 2 0.000002 0.000398 0.995841 0.003749 0.000010
2 2 0.000000 0.000114 0.924883 0.075001 0.000001
2 2 0.000000 0.000646 0.989679 0.009651 0.000024
2 2 0.000020 0.000929 0.933402 0.065633 0.000016
2 2 0.000028 0.004103 0.947821 0.046465 0.001583
2 2 0.000065 0.002759 0.903301 0.092329 0.001546
2 2 0.000001 0.001248 0.996931 0.001457 0.000363
2 2 0.000005 0.005580 0.967340 0.026137 0.000937
2 2 0.000000 0.000214 0.959132 0.040620 0.000034
2 2 0.000000 0.000618 0.994589 0.004742 0.000051
2 2 0.000000 0.000112 0.689033 0.310820 0.000036
3 2 0.000003 0.000391 0.146303 0.853040 0.000264
2 2 0.000001 0.000069 0.846598 0.153331 0.000001
2 2 0.000118 0.003029 0.965630 0.030921 0.000302
2 2 0.000002 0.000510 0.741784 0.257671 0.000034
2 2 0.000006 0.001891 0.967266 0.030726 0.000111
3 2 0.000019 0.001521 0.403852 0.590995 0.003613
3 2 0.000000 0.000446 0.353419 0.646114 0.000020
2 2 0.000016 0.001791 0.954769 0.042995 0.000429
2 3 0.000480 0.004082 0.889225 0.105944 0.000269
2 3 0.000235 0.011558 0.979361 0.001785 0.007062
2 3 0.000069 0.006907 0.884007 0.103462 0.005555
2 3 0.000004 0.000338 0.987149 0.012504 0.000005
2 2 0.000003 0.001011 0.997533 0.001443 0.000010
2 2 0.000008 0.002187 0.831153 0.166587 0.000065
2 2 0.000031 0.001213 0.533203 0.465492 0.000060
2 2 0.000000 0.000400 0.874192 0.125371 0.000038
2 2 0.000001 0.000468 0.931465 0.068029 0.000037
2 2 0.000048 0.001694 0.794069 0.204093 0.000097
2 2 0.001142 0.020672 0.929180 0.046935 0.002071
2 2 0.000000 0.000441 0.799830 0.199500 0.000229
2 2 0.000005 0.001127 0.808624 0.190071 0.000173
2 2 0.003323 0.009984 0.793731 0.192694 0.000268
2 2 0.000796 0.012936 0.711021 0.274842 0.000405
2 2 0.000008 0.003716 0.995875 0.000221 0.000179
2 2 0.000002 0.000181 0.999262 0.000551 0.000005
2 2 0.000000 0.000850 0.986605 0.011810 0.000735
2 2 0.000001 0.000266 0.978366 0.021331 0.000036
2 2 0.000948 0.014447 0.951136 0.032185 0.001284
2 2 0.000037 0.003210 0.995730 0.000488 0.000535
2 2 0.000044 0.018955 0.958515 0.013023 0.009462
2 2 0.000010 0.000526 0.881171 0.118043 0.000250
2 2 0.000006 0.001231 0.989054 0.009359 0.000350
2 2 0.000001 0.003624 0.951484 0.044768 0.000122
2 2 0.000001 0.000157 0.976092 0.023749 0.000001
2 2 0.000018 0.001699 0.932232 0.064551 0.001500
2 2 0.000073 0.002365 0.933726 0.063182 0.000654
2 2 0.000448 0.002438 0.980176 0.016363 0.000574
2 2 0.000835 0.029165 0.967446 0.001953 0.000601
2 2 0.000006 0.000946 0.993734 0.005279 0.000035
2 2 0.000085 0.005695 0.836578 0.157198 0.000445
2 2 0.001659 0.018951 0.974589 0.004048 0.000753
2 2 0.000001 0.011174 0.984690 0.003015 0.001120
2 2 0.000037 0.003861 0.981319 0.014735 0.000048
2 2 0.000044 0.003334 0.995036 0.001316 0.000269
2 2 0.001151 0.030969 0.949803 0.006986 0.011091
2 2 0.000137 0.010284 0.986129 0.000617 0.002832
2 2 0.000002 0.000399 0.999425 0.000172 0.000002
2 2 0.000001 0.000918 0.994975 0.003659 0.000446
2 2 0.001019 0.006048 0.947430 0.045233 0.000271
2 2 0.000005 0.005690 0.991423 0.002397 0.000485
2 2 0.000009 0.003136 0.991967 0.004070 0.000818
2 2 0.000001 0.000627 0.994654 0.004704 0.000015
2 2 0.000034 0.000958 0.701121 0.297880 0.000008
2 2 0.000007 0.002738 0.952153 0.044777 0.000326
2 2 0.000074 0.004197 0.905890 0.089775 0.000064
2 2 0.000009 0.002074 0.975982 0.021670 0.000265
2 2 0.000000 0.000110 0.992539 0.007349 0.000002
2 2 0.000052 0.003802 0.900388 0.093226 0.002532
2 2 0.004035 0.186881 0.804764 0.001080 0.003240
2 2 0.000049 0.005912 0.991351 0.001697 0.000991
2 2 0.000015 0.002807 0.988303 0.008693 0.000183
2 2 0.000080 0.005138 0.974916 0.019213 0.000653
2 2 0.000001 0.000508 0.960498 0.038971 0.000023
2 2 0.000014 0.001524 0.997460 0.000768 0.000233
2 2 0.000098 0.001218 0.728759 0.269746 0.000179
2 2 0.005616 0.125368 0.746345 0.003086 0.119586
2 2 0.000134 0.032429 0.923268 0.005583 0.038585
2 2 0.000000 0.000719 0.998308 0.000890 0.000082
2 2 0.000003 0.002306 0.985505 0.011421 0.000765
2 2 0.000159 0.005380 0.977301 0.008030 0.009131
2 2 0.111033 0.120630 0.513296 0.005836 0.249205
2 2 0.001141 0.017247 0.969223 0.000254 0.012135
2 2 0.000037 0.005352 0.990113 0.003870 0.000628
2 2 0.000027 0.022784 0.976190 0.000104 0.000894
2 2 0.000018 0.005567 0.993143 0.001256 0.000016
2 2 0.073900 0.262877 0.394072 0.000192 0.268958
2 2 0.023934 0.259434 0.596071 0.000992 0.119568
4 2 0.021216 0.073271 0.130393 0.004293 0.770827
2 2 0.010929 0.202711 0.428556 0.000812 0.356991
2 2 0.000071 0.015132 0.976330 0.001643 0.006825
2 2 0.002508 0.024788 0.945335 0.009206 0.018163
4 2 0.078823 0.262516 0.197351 0.001568 0.459742
4 4 0.414278 0.071240 0.027391 0.000218 0.486874
4 4 0.296072 0.112671 0.015052 0.000000 0.576205
0 4 0.903811 0.035707 0.007369 0.000003 0.053111
4 4 0.020858 0.200907 0.151146 0.006519 0.620570
2 4 0.006888 0.313382 0.520222 0.000848 0.158660
1 1 0.023268 0.448560 0.201104 0.000092 0.326976
4 1 0.006110 0.231508 0.373192 0.000152 0.389038
2 1 0.000989 0.313094 0.572693 0.002634 0.110589
2 2 0.005869 0.157882 0.466931 0.002354 0.366963
2 2 0.002167 0.265582 0.460870 0.009570 0.261811
4 2 0.027059 0.238943 0.155675 0.007965 0.570359
1 2 0.006133 0.486660 0.246684 0.001451 0.259072
1 2 0.003829 0.528674 0.302288 0.001206 0.164002
2 2 0.000214 0.175294 0.718548 0.003219 0.102725
2 2 0.000424 0.341848 0.377075 0.001009 0.279642
2 2 0.001149 0.309488 0.639688 0.005883 0.043792
2 2 0.000591 0.015141 0.884934 0.082391 0.016943
4 2 0.021943 0.232011 0.225157 0.006446 0.514442
2 2 0.000209 0.086348 0.810964 0.048678 0.053800
2 2 0.002134 0.073044 0.604097 0.046757 0.273968
2 2 0.000744 0.023297 0.870666 0.054553 0.050740
2 2 0.001158 0.209427 0.626867 0.001981 0.160567
4 2 0.006918 0.178402 0.217659 0.001097 0.595925
2 2 0.000010 0.023552 0.959129 0.001274 0.016035
2 2 0.000465 0.076111 0.760300 0.011093 0.152031
2 2 0.002721 0.299518 0.467009 0.057068 0.173684
4 2 0.006046 0.137413 0.162869 0.013357 0.680316
4 1 0.014816 0.029593 0.032439 0.006949 0.916203
4 1 0.012476 0.021132 0.016182 0.000885 0.949326
4 1 0.039751 0.033368 0.030673 0.002287 0.893921
4 4 0.057255 0.082448 0.061893 0.000695 0.797709
4 4 0.006530 0.240281 0.314884 0.000292 0.438012
4 4 0.047198 0.110820 0.026739 0.000005 0.815238
4 0 0.080379 0.210990 0.075041 0.000252 0.633338
4 1 0.057464 0.350021 0.076114 0.000011 0.516389
2 1 0.000814 0.133421 0.626950 0.017595 0.221220
2 1 0.000723 0.061423 0.828991 0.022151 0.086712
2 1 0.000201 0.138715 0.717767 0.005230 0.138087
2 1 0.008669 0.111768 0.462618 0.014049 0.402896
2 1 0.000724 0.160933 0.442004 0.000573 0.395766
4 1 0.007159 0.272628 0.110112 0.000241 0.609859
4 1 0.020970 0.238510 0.127273 0.002194 0.611053
4 4 0.072585 0.203689 0.100933 0.001203 0.621590
4 4 0.004524 0.243192 0.247080 0.015043 0.490161
1 4 0.006987 0.415224 0.238381 0.000648 0.338761
4 4 0.015183 0.263908 0.295288 0.001505 0.424116
2 2 0.007929 0.256779 0.408291 0.007148 0.319853
2 2 0.002583 0.194403 0.762871 0.001592 0.038551
2 2 0.003196 0.104861 0.726778 0.006812 0.158353
4 2 0.011954 0.148028 0.232162 0.003349 0.604507
4 2 0.034459 0.081741 0.031099 0.000097 0.852604
2 2 0.000341 0.064729 0.822011 0.014629 0.098290
4 1 0.008189 0.063232 0.416192 0.047290 0.465097
4 1 0.434862 0.031567 0.012969 0.000136 0.520466
0 4 0.518500 0.010447 0.002996 0.000003 0.468054
4 4 0.038656 0.048660 0.020873 0.000132 0.891679
4 4 0.094915 0.104031 0.061394 0.001466 0.738194
4 4 0.017687 0.203633 0.131106 0.000676 0.646898
4 4 0.137517 0.072290 0.015621 0.000002 0.774570
4 4 0.109297 0.015260 0.006556 0.000045 0.868842
4 4 0.027678 0.009013 0.004434 0.000046 0.958830
4 4 0.167733 0.021292 0.009257 0.000085 0.801633
4 4 0.201602 0.014961 0.005638 0.000020 0.777778
4 4 0.059417 0.039683 0.030344 0.001348 0.869208
4 4 0.015884 0.117231 0.050358 0.000310 0.816217
4 4 0.025685 0.146822 0.255790 0.006454 0.565249
2 4 0.003876 0.126185 0.460991 0.032242 0.376705
4 4 0.072275 0.038291 0.021613 0.000023 0.867798
4 4 0.047569 0.099318 0.038004 0.000142 0.814968
4 4 0.076071 0.051383 0.016690 0.000021 0.855835
4 4 0.139187 0.004873 0.001415 0.000001 0.854524
4 4 0.116874 0.009776 0.003610 0.000009 0.869731
4 4 0.302941 0.017926 0.006311 0.000018 0.672805
4 4 0.037341 0.280362 0.066419 0.000013 0.615865
4 4 0.086664 0.098844 0.033223 0.000063 0.781206
0 0 0.765198 0.017052 0.003649 0.000001 0.214100
0 1 0.842074 0.078006 0.029296 0.000660 0.049965
1 1 0.028313 0.511364 0.186966 0.000010 0.273347
4 1 0.008856 0.195905 0.151282 0.000212 0.643746
4 1 0.029161 0.154667 0.138919 0.001173 0.676080
2 1 0.013446 0.223948 0.483965 0.002053 0.276589
2 1 0.000542 0.080237 0.851181 0.001503 0.066537
2 1 0.000090 0.014303 0.956208 0.001394 0.028004
4 1 0.050948 0.134826 0.128153 0.000170 0.685903
4 1 0.007134 0.068823 0.277669 0.001226 0.645148
2 1 0.003668 0.134475 0.578951 0.019641 0.263265
2 4 0.010596 0.164047 0.318545 0.282510 0.224302
4 4 0.013013 0.250457 0.193701 0.010224 0.532604
1 4 0.027772 0.401095 0.250520 0.006195 0.314418
4 4 0.101631 0.050851 0.019903 0.000093 0.827522
4 4 0.059359 0.135489 0.042388 0.000048 0.762716
4 4 0.075178 0.130870 0.079645 0.000129 0.714178
4 4 0.017463 0.097099 0.247145 0.000964 0.637329
4 4 0.105121 0.017133 0.007683 0.000071 0.869991
0 4 0.530401 0.018729 0.006386 0.000020 0.444464
4 4 0.051999 0.033265 0.014762 0.000118 0.899857
4 4 0.023526 0.061290 0.016662 0.000005 0.898517
4 4 0.084975 0.057738 0.245111 0.002958 0.609219
4 4 0.102913 0.115581 0.037818 0.000066 0.743622
4 4 0.183241 0.035543 0.054147 0.000787 0.726282
4 4 0.128141 0.017802 0.007749 0.000063 0.846244
4 4 0.062402 0.032650 0.013612 0.000055 0.891281
4 4 0.238018 0.044768 0.093501 0.001619 0.622094
4 4 0.196127 0.012814 0.003869 0.000003 0.787187
4 4 0.097189 0.015261 0.003911 0.000001 0.883639
4 1 0.021095 0.138780 0.076120 0.001403 0.762602
4 1 0.022128 0.183338 0.107686 0.000922 0.685926
1 1 0.021166 0.480465 0.144437 0.000169 0.353762
4 4 0.049151 0.305028 0.117628 0.000664 0.527528
4 4 0.018948 0.017773 0.013043 0.000898 0.949338
4 4 0.014818 0.029719 0.029670 0.000451 0.925343
1 4 0.010427 0.434555 0.188468 0.000046 0.366503
1 4 0.136278 0.350393 0.161451 0.004854 0.347023
2 4 0.002595 0.255179 0.393238 0.003249 0.345740
4 4 0.025267 0.045091 0.022396 0.000326 0.906919
4 4 0.038901 0.273524 0.071217 0.000027 0.616331
4 4 0.015193 0.016153 0.005852 0.000008 0.962794
4 4 0.048728 0.140583 0.107433 0.000527 0.702729
4 4 0.139042 0.047836 0.027628 0.001820 0.783674
4 4 0.013374 0.044341 0.066288 0.002937 0.873060
4 4 0.104668 0.060776 0.040200 0.000199 0.794156
4 4 0.165002 0.014176 0.005642 0.000022 0.815159
4 4 0.044943 0.017722 0.009617 0.000245 0.927473
4 4 0.337783 0.013079 0.008141 0.000010 0.640987
0 4 0.485180 0.065744 0.033417 0.001839 0.413820
2 4 0.001343 0.075214 0.739413 0.005081 0.178949
4 4 0.018779 0.068480 0.284745 0.000601 0.627395
4 4 0.006841 0.022592 0.017121 0.000539 0.952907
4 4 0.023308 0.234980 0.171484 0.004651 0.565577
4 4 0.004288 0.199821 0.337167 0.018750 0.439974
2 4 0.015773 0.025917 0.483039 0.017997 0.457274
4 4 0.014446 0.131472 0.095111 0.003917 0.755055
4 4 0.035127 0.064643 0.030549 0.000379 0.869302
4 4 0.060336 0.003304 0.001019 0.000001 0.935341
4 0 0.434559 0.030676 0.012495 0.000123 0.522148
4 1 0.078935 0.189352 0.050478 0.000024 0.681211
4 1 0.060757 0.131529 0.089617 0.000269 0.717828
4 1 0.006106 0.031079 0.016995 0.000038 0.945782
4 1 0.005733 0.246690 0.068933 0.000024 0.678620
4 1 0.001333 0.258395 0.248336 0.000030 0.491906
4 1 0.008291 0.280384 0.148941 0.000040 0.562345
4 1 0.004308 0.220703 0.319876 0.017899 0.437214
4 1 0.090120 0.181756 0.246057 0.081087 0.400980
4 1 0.015913 0.165653 0.168395 0.026977 0.623063
4 1 0.012279 0.056659 0.027925 0.000272 0.902865
4 1 0.069246 0.089628 0.092144 0.035388 0.713595
4 1 0.019624 0.081121 0.037759 0.000202 0.861294
4 1 0.163023 0.081512 0.035055 0.000395 0.720014
4 1 0.110495 0.018172 0.006966 0.000024 0.864343
3 1 0.002246 0.013981 0.443072 0.523509 0.017191
3 1 0.000181 0.009836 0.309866 0.673674 0.006443
2 2 0.005130 0.173256 0.717201 0.007277 0.097135
4 2 0.003109 0.216001 0.289005 0.001184 0.490701
4 2 0.007046 0.118252 0.128139 0.003723 0.742841
4 2 0.007921 0.240998 0.182738 0.005793 0.562550
4 2 0.059248 0.256980 0.096391 0.000455 0.586926
4 2 0.055512 0.279431 0.107777 0.000623 0.556656
4 2 0.010046 0.061811 0.420833 0.040333 0.466977
4 2 0.010167 0.085371 0.323828 0.045779 0.534856
2 2 0.000039 0.022487 0.826525 0.141350 0.009599
4 2 0.010167 0.083518 0.223087 0.008577 0.674651
4 2 0.020150 0.040305 0.038084 0.005967 0.895494
4 2 0.020766 0.125814 0.308491 0.020680 0.524250
2 2 0.006424 0.043396 0.534837 0.219123 0.196219
2 2 0.000798 0.085091 0.762593 0.010776 0.140743
4 2 0.004379 0.216768 0.337757 0.022499 0.418597
1 2 0.004561 0.427212 0.349439 0.010017 0.208771
2 2 0.015769 0.179965 0.460404 0.021791 0.322071
4 2 0.099576 0.146356 0.068955 0.001411 0.683702
2 2 0.000749 0.126913 0.641308 0.122251 0.108779
2 2 0.001224 0.055055 0.671914 0.001844 0.269963
2 2 0.067892 0.237988 0.421767 0.006413 0.265940
4 2 0.053823 0.121537 0.207476 0.059231 0.557933
0 2 0.823139 0.040520 0.015634 0.000254 0.120454
4 2 0.036376 0.049849 0.023592 0.000282 0.889901
2 2 0.007001 0.226479 0.371273 0.364340 0.030907
2 2 0.121864 0.073701 0.759415 0.001911 0.043109
4 2 0.011094 0.033553 0.071299 0.000221 0.883833
2 2 0.016941 0.157885 0.551980 0.000456 0.272738
4 2 0.006272 0.132778 0.331371 0.013714 0.515865
2 2 0.022296 0.220166 0.391530 0.112525 0.253483
2 2 0.000009 0.034189 0.949995 0.000303 0.015505
2 2 0.000063 0.020490 0.955727 0.010783 0.012936
2 2 0.061960 0.130245 0.496983 0.002277 0.308536
2 2 0.006642 0.161529 0.493982 0.001368 0.336479
2 2 0.000235 0.038793 0.948006 0.008377 0.004589
2 2 0.000404 0.013006 0.972429 0.001315 0.012845
2 2 0.000060 0.004558 0.977590 0.016353 0.001439
2 2 0.000186 0.079655 0.903956 0.004653 0.011550
2 2 0.000285 0.023120 0.972593 0.000365 0.003637
2 2 0.000026 0.046292 0.952280 0.000027 0.001374
2 2 0.000000 0.000468 0.999363 0.000164 0.000004
2 2 0.000001 0.001533 0.998301 0.000117 0.000048
2 2 0.000001 0.000195 0.997366 0.002429 0.000009
2 2 0.000004 0.000753 0.996953 0.002285 0.000007
2 2 0.000002 0.000614 0.998398 0.000954 0.000031
2 2 0.000000 0.000108 0.994912 0.004972 0.000008
2 2 0.000000 0.000022 0.988123 0.011852 0.000003
2 2 0.000001 0.000028 0.765925 0.234037 0.000009
2 2 0.000001 0.001426 0.987020 0.011429 0.000124
2 2 0.000009 0.001836 0.996981 0.000993 0.000180
2 2 0.000076 0.006875 0.943458 0.048486 0.001105
2 2 0.000000 0.000146 0.995823 0.004023 0.000007
2 2 0.000001 0.000805 0.973890 0.025239 0.000066
2 2 0.000001 0.000733 0.988660 0.010518 0.000087
2 2 0.000001 0.000698 0.938123 0.061158 0.000021
2 2 0.000007 0.005274 0.864310 0.130197 0.000212
2 2 0.001992 0.010647 0.839462 0.144076 0.003821
2 3 0.000007 0.001283 0.937370 0.061186 0.000155
3 3 0.000000 0.000003 0.032274 0.967720 0.000003
2 3 0.000012 0.000474 0.896032 0.103100 0.000383
2 3 0.000000 0.000036 0.512864 0.487098 0.000002
3 3 0.000000 0.000000 0.227605 0.772395 0.000000
2 3 0.001679 0.010045 0.667082 0.318785 0.002409
2 3 0.000068 0.011589 0.612033 0.368489 0.007822
3 3 0.000000 0.000006 0.010610 0.989381 0.000003
3 3 0.000000 0.000001 0.026577 0.973423 0.000000
3 3 0.000000 0.000010 0.205665 0.794322 0.000003
3 3 0.000001 0.000422 0.244767 0.754589 0.000221
3 3 0.000063 0.000681 0.115503 0.883444 0.000309
3 3 0.000001 0.000455 0.089312 0.910222 0.000010
3 3 0.000169 0.001376 0.006386 0.991751 0.000319
3 3 0.000008 0.000100 0.066838 0.933028 0.000026
3 3 0.000029 0.000956 0.070303 0.924904 0.003808
3 3 0.000000 0.000009 0.009869 0.990120 0.000001
3 3 0.000007 0.000260 0.032463 0.966870 0.000401
3 3 0.000003 0.000080 0.009388 0.990511 0.000019
3 3 0.000044 0.000968 0.040066 0.957379 0.001542
3 3 0.000001 0.000052 0.051193 0.948659 0.000095
3 3 0.000000 0.000001 0.000137 0.999862 0.000000
3 3 0.000000 0.000013 0.000335 0.999650 0.000001
3 3 0.000001 0.000086 0.112266 0.886863 0.000785
3 3 0.000186 0.001314 0.044527 0.953430 0.000543
3 3 0.000000 0.000011 0.005329 0.994655 0.000003
3 3 0.000001 0.000029 0.007492 0.992466 0.000013
3 3 0.000001 0.000037 0.002382 0.997572 0.000008
3 3 0.000001 0.000032 0.010740 0.989221 0.000006
3 3 0.000004 0.000723 0.092727 0.906141 0.000405
3 3 0.000001 0.000129 0.124388 0.875459 0.000022
3 3 0.000016 0.000510 0.014120 0.984740 0.000614
3 3 0.000000 0.000001 0.000218 0.999781 0.000000
3 3 0.000000 0.000010 0.000294 0.999695 0.000001
3 3 0.000033 0.000450 0.002814 0.996626 0.000077
3 3 0.000000 0.000004 0.004279 0.995716 0.000001
3 3 0.000000 0.000008 0.007055 0.992936 0.000001
3 3 0.000000 0.000003 0.002278 0.997719 0.000000
3 3 0.000000 0.000001 0.003468 0.996531 0.000000
3 3 0.000000 0.000002 0.002538 0.997460 0.000000
3 3 0.000000 0.000002 0.000382 0.999616 0.000000
3 3 0.000000 0.000014 0.001882 0.998100 0.000004
3 3 0.000000 0.000013 0.002943 0.997038 0.000005
3 3 0.000000 0.000008 0.002112 0.997879 0.000002
3 3 0.000000 0.000000 0.000613 0.999386 0.000000
3 3 0.000122 0.001571 0.014756 0.982544 0.001007
3 3 0.000000 0.000009 0.010894 0.989094 0.000002
3 3 0.000031 0.000520 0.005964 0.993307 0.000178
3 3 0.000000 0.000040 0.010805 0.989144 0.000011
3 3 0.000000 0.000006 0.000805 0.999189 0.000000
3 3 0.000000 0.000000 0.000378 0.999622 0.000000
3 3 0.000001 0.000020 0.000234 0.999744 0.000001
3 3 0.000000 0.000005 0.000284 0.999710 0.000000
3 3 0.000001 0.000066 0.002801 0.997102 0.000030
3 3 0.000000 0.000015 0.003028 0.996955 0.000002
3 3 0.000000 0.000003 0.003591 0.996405 0.000000
3 3 0.000001 0.000020 0.006415 0.993562 0.000003
3 3 0.000004 0.000113 0.009194 0.990648 0.000040
3 3 0.000006 0.000133 0.018595 0.981220 0.000046
3 3 0.000001 0.000032 0.000449 0.999514 0.000004
3 3 0.000002 0.002069 0.016481 0.981426 0.000021
