0 0 0.986808 0.001288 0.000367 0.000256 0.011281
0 0 0.977834 0.001166 0.000258 0.000087 0.020654
0 0 0.506284 0.030764 0.008122 0.000109 0.454721
0 0 0.811583 0.001028 0.000227 0.000741 0.186422
0 0 0.993995 0.000002 0.000000 0.000000 0.006003
0 0 0.729815 0.002031 0.000278 0.000049 0.267828
0 0 0.984506 0.010933 0.004187 0.000070 0.000304
0 0 0.968469 0.019411 0.005838 0.000280 0.006002
0 0 0.999587 0.000348 0.000061 0.000000 0.000005
0 0 0.986708 0.011283 0.001802 0.000000 0.000207
0 0 0.999989 0.000008 0.000002 0.000000 0.000000
0 0 0.986917 0.008620 0.004423 0.000025 0.000015
0 0 0.944312 0.042506 0.002968 0.000000 0.010214
0 0 0.929805 0.039509 0.005012 0.000004 0.025671
0 0 0.763423 0.176414 0.015379 0.000001 0.044783
0 0 0.614018 0.342739 0.028673 0.000000 0.014569
0 0 0.953542 0.040881 0.003521 0.000000 0.002057
0 0 0.790149 0.175640 0.012698 0.000000 0.021513
4 1 0.027846 0.305840 0.092057 0.000000 0.574257
4 1 0.012506 0.308459 0.139684 0.000000 0.539350
4 1 0.001174 0.019156 0.014650 0.000001 0.965019
4 4 0.002496 0.065133 0.048095 0.000002 0.884274
4 4 0.001541 0.126342 0.125223 0.000014 0.746880
4 4 0.002300 0.050832 0.035963 0.000001 0.910904
4 4 0.000597 0.041546 0.044451 0.000001 0.913405
4 4 0.003602 0.072268 0.052723 0.000024 0.871383
4 4 0.009198 0.033433 0.017356 0.000110 0.939902
4 4 0.004845 0.072811 0.043992 0.000002 0.878350
4 4 0.001666 0.003170 0.001735 0.000001 0.993428
4 4 0.006585 0.058863 0.036307 0.000090 0.898156
4 4 0.007328 0.057803 0.034608 0.000107 0.900154
4 4 0.015294 0.027263 0.012048 0.000238 0.945157
4 4 0.000784 0.004689 0.003307 0.000000 0.991219
4 4 0.001839 0.014284 0.009726 0.000004 0.974148
4 4 0.033028 0.019150 0.005799 0.000026 0.941995
4 4 0.001674 0.000517 0.000210 0.000000 0.997599
4 4 0.048496 0.008243 0.001877 0.000008 0.941375
4 4 0.025333 0.005157 0.001439 0.000040 0.968031
4 4 0.008028 0.001137 0.000351 0.000009 0.990475
4 4 0.003726 0.000965 0.000339 0.000001 0.994969
4 4 0.004592 0.118091 0.081099 0.000008 0.796209
4 4 0.001999 0.056974 0.047209 0.000011 0.893808
4 4 0.002632 0.202339 0.160106 0.000001 0.634922
4 4 0.007339 0.056280 0.033546 0.000105 0.902730
4 4 0.003841 0.259083 0.221709 0.000172 0.515195
4 4 0.003767 0.297394 0.257922 0.000222 0.440695
4 4 0.017202 0.350804 0.196248 0.000419 0.435327
4 4 0.006877 0.296993 0.222624 0.000584 0.472923
4 4 0.005862 0.337726 0.260663 0.000338 0.395412
2 4 0.000187 0.079426 0.845795 0.000534 0.074059
2 4 0.001910 0.121896 0.581812 0.002910 0.291472
2 4 0.001100 0.067584 0.761312 0.044268 0.125735
2 4 0.001596 0.055483 0.713096 0.000122 0.229703
2 4 0.000132 0.041451 0.906194 0.024499 0.027725
2 4 0.001781 0.040699 0.855276 0.002402 0.099842
2 2 0.001684 0.035711 0.929634 0.020898 0.012073
2 2 0.009394 0.032948 0.875452 0.016381 0.065826
2 2 0.000583 0.006114 0.958668 0.030591 0.004043
2 2 0.000001 0.000746 0.999147 0.000092 0.000014
3 2 0.003435 0.002289 0.448072 0.545075 0.001128
2 2 0.000673 0.001929 0.846034 0.150208 0.001156
3 2 0.000032 0.000247 0.257467 0.740829 0.001424
2 2 0.006260 0.011902 0.567426 0.406689 0.007724
2 3 0.023071 0.017152 0.773841 0.183848 0.002087
3 3 0.025620 0.002074 0.140479 0.821205 0.010622
2 3 0.000243 0.003266 0.743368 0.253105 0.000018
2 3 0.004460 0.128276 0.753461 0.028974 0.084830
3 3 0.013380 0.038772 0.239364 0.670881 0.037604
2 3 0.000102 0.007943 0.747854 0.241934 0.002167
3 3 0.000001 0.000469 0.466822 0.532688 0.000020
3 3 0.000017 0.000025 0.033740 0.966065 0.000152
3 3 0.000024 0.000244 0.053326 0.946209 0.000197
3 3 0.009737 0.003154 0.474900 0.503788 0.008422
3 3 0.021223 0.002145 0.093189 0.880956 0.002488
2 3 0.012260 0.032617 0.740541 0.153398 0.061184
3 3 0.072993 0.003858 0.072949 0.579653 0.270548
3 3 0.000140 0.000024 0.010653 0.989052 0.000131
3 3 0.000187 0.000022 0.004486 0.995294 0.000011
3 3 0.000342 0.000031 0.004721 0.994384 0.000523
3 3 0.000055 0.000022 0.010948 0.988679 0.000297
3 3 0.001666 0.000442 0.085099 0.890141 0.022652
3 3 0.000016 0.000045 0.019126 0.980790 0.000023
3 3 0.006577 0.000672 0.011046 0.980908 0.000797
3 3 0.000085 0.000010 0.002562 0.997304 0.000040
3 3 0.007372 0.000341 0.047240 0.942781 0.002265
3 3 0.009771 0.001638 0.076716 0.907789 0.004086
3 3 0.001618 0.002065 0.074111 0.919647 0.002559
3 3 0.000508 0.000932 0.038421 0.955299 0.004839
3 3 0.003490 0.000428 0.028044 0.954232 0.013806
3 3 0.000047 0.000002 0.002600 0.997316 0.000035
3 3 0.000595 0.000166 0.010464 0.988556 0.000219
3 3 0.000012 0.000101 0.015063 0.984817 0.000007
3 3 0.001390 0.000304 0.028548 0.968281 0.001478
3 3 0.000001 0.000004 0.004415 0.995579 0.000001
3 3 0.005056 0.000025 0.003378 0.988626 0.002915
3 3 0.003341 0.000046 0.002304 0.993345 0.000965
3 3 0.009258 0.004194 0.068146 0.906349 0.012054
3 3 0.000117 0.000026 0.010267 0.989021 0.000570
3 3 0.008795 0.000439 0.017469 0.966330 0.006966
3 3 0.003449 0.000196 0.024382 0.971471 0.000501
3 3 0.000135 0.000150 0.028373 0.971211 0.000131
3 3 0.009344 0.000687 0.016786 0.971705 0.001478
3 3 0.001374 0.003461 0.048469 0.946323 0.000374
3 3 0.040383 0.024529 0.088951 0.720768 0.125370
3 3 0.011007 0.061485 0.418754 0.433970 0.074784
2 3 0.000287 0.014196 0.788545 0.188682 0.008290
3 3 0.000336 0.002472 0.474433 0.509970 0.012790
2 3 0.000106 0.015144 0.924059 0.059464 0.001227
2 3 0.000450 0.027809 0.968492 0.001814 0.001434
2 2 0.002323 0.108662 0.858823 0.007697 0.022495
0 2 0.369099 0.087743 0.116511 0.229599 0.197048
4 0 0.213547 0.047077 0.009984 0.001345 0.728047
1 0 0.166563 0.647228 0.134004 0.000084 0.052120
1 1 0.022205 0.432226 0.194551 0.000011 0.351006
2 1 0.001715 0.188393 0.700018 0.003541 0.106334
1 1 0.043715 0.407165 0.272600 0.032854 0.243666
2 1 0.001292 0.123702 0.801494 0.025956 0.047556
2 2 0.000061 0.029287 0.938471 0.013375 0.018807
4 2 0.080316 0.293824 0.101732 0.000549 0.523578
1 2 0.009670 0.362901 0.344386 0.002567 0.280476
1 2 0.025178 0.495758 0.213923 0.000018 0.265123
1 2 0.012075 0.515938 0.415553 0.000007 0.056428
2 2 0.000656 0.109503 0.825533 0.007776 0.056532
2 2 0.006854 0.251104 0.551125 0.001527 0.189390
2 2 0.000004 0.001953 0.824636 0.171971 0.001437
2 2 0.000659 0.073785 0.900425 0.002621 0.022510
2 2 0.000100 0.025212 0.957491 0.014529 0.002668
2 2 0.000622 0.124365 0.860803 0.000057 0.014153
2 2 0.001316 0.056034 0.940614 0.000391 0.001645
2 2 0.000684 0.031920 0.963122 0.000485 0.003789
2 2 0.000058 0.008178 0.950811 0.034991 0.005962
2 2 0.000788 0.009741 0.937953 0.046116 0.005402
2 2 0.000008 0.012689 0.986567 0.000014 0.000722
2 2 0.000129 0.030800 0.931077 0.031582 0.006412
2 2 0.000296 0.023719 0.917245 0.055487 0.003253
3 2 0.011549 0.082647 0.334507 0.541471 0.029825
2 2 0.007058 0.040852 0.751417 0.112396 0.088277
3 2 0.001073 0.007597 0.360411 0.612496 0.018423
2 2 0.026867 0.107187 0.764971 0.013344 0.087631
2 2 0.002444 0.016037 0.827247 0.146121 0.008151
2 2 0.000028 0.002373 0.723307 0.273985 0.000307
2 2 0.000846 0.025147 0.820514 0.152444 0.001049
2 2 0.006867 0.095814 0.811966 0.057318 0.028035
2 2 0.000011 0.005002 0.776464 0.217412 0.001111
2 2 0.007313 0.007786 0.621069 0.362734 0.001097
3 3 0.000553 0.004205 0.354339 0.640576 0.000326
3 3 0.000647 0.000426 0.047719 0.947068 0.004140
3 3 0.000467 0.000045 0.020380 0.978966 0.000142
3 3 0.001401 0.002483 0.162757 0.832045 0.001315
3 3 0.003472 0.003916 0.353461 0.634791 0.004360
3 3 0.000034 0.000169 0.025088 0.974642 0.000068
3 3 0.002131 0.000153 0.013422 0.978333 0.005961
3 3 0.001098 0.002910 0.056161 0.939463 0.000368
3 3 0.001800 0.000123 0.009635 0.985808 0.002635
3 3 0.000910 0.001620 0.050952 0.943953 0.002565
3 3 0.000394 0.003195 0.096579 0.899263 0.000570
3 3 0.179996 0.007770 0.084187 0.720118 0.007929
3 3 0.004812 0.000346 0.021678 0.972865 0.000300
3 3 0.000649 0.000510 0.048814 0.946835 0.003193
3 3 0.000018 0.000033 0.018888 0.980872 0.000189
3 3 0.002260 0.000096 0.004354 0.991255 0.002034
3 3 0.000023 0.000171 0.023237 0.976474 0.000095
3 3 0.166088 0.008823 0.066329 0.493154 0.265607
3 3 0.000121 0.000144 0.012255 0.986997 0.000483
3 3 0.002020 0.000887 0.032748 0.962210 0.002135
3 3 0.312959 0.001644 0.006733 0.637896 0.040769
3 3 0.000223 0.000363 0.069757 0.928431 0.001226
3 3 0.000458 0.000101 0.009270 0.989973 0.000198
3 3 0.000184 0.000010 0.001962 0.997808 0.000037
3 3 0.000987 0.000043 0.005005 0.993694 0.000272
3 3 0.002059 0.000461 0.014490 0.981922 0.001069
3 3 0.000276 0.000013 0.001951 0.997437 0.000324
3 3 0.000088 0.000008 0.001806 0.997970 0.000128
3 3 0.005849 0.000041 0.001896 0.990197 0.002016
3 3 0.000055 0.000006 0.001484 0.998437 0.000018
3 3 0.000025 0.000004 0.001364 0.998601 0.000005
3 3 0.022830 0.000104 0.005350 0.944004 0.027712
3 3 0.000010 0.000001 0.005373 0.994456 0.000160
3 3 0.012478 0.000248 0.011802 0.972149 0.003322
3 3 0.120944 0.000673 0.011921 0.823408 0.043054
3 3 0.000413 0.000034 0.007849 0.991512 0.000192
3 3 0.001211 0.000110 0.014195 0.983836 0.000648
3 3 0.000002 0.000001 0.000951 0.999046 0.000000
3 3 0.000019 0.000011 0.004661 0.995308 0.000000
3 3 0.000058 0.000013 0.003587 0.996308 0.000034
3 3 0.000030 0.000062 0.008978 0.990902 0.000029
3 3 0.000326 0.000148 0.020678 0.978836 0.000011
3 3 0.000054 0.000025 0.007096 0.992757 0.000068
3 3 0.000002 0.000002 0.001626 0.998369 0.000002
3 3 0.005806 0.001735 0.021702 0.969705 0.001052
3 3 0.000647 0.000010 0.001242 0.997957 0.000143
3 3 0.000055 0.000015 0.002801 0.997120 0.000009
3 3 0.000112 0.000004 0.002372 0.997482 0.000030
3 3 0.000187 0.000512 0.268450 0.730757 0.000094
3 3 0.004377 0.010229 0.084122 0.886365 0.014908
3 3 0.012239 0.003490 0.038807 0.915724 0.029740
3 3 0.017305 0.001737 0.019375 0.954322 0.007262
0 3 0.531847 0.003372 0.027184 0.409735 0.027862
2 3 0.047826 0.001896 0.719722 0.229145 0.001412
3 3 0.001433 0.000065 0.003768 0.994688 0.000047
3 3 0.000000 0.000000 0.000807 0.999193 0.000000
3 3 0.000000 0.000001 0.002887 0.997112 0.000000
3 3 0.000080 0.000034 0.015229 0.984574 0.000082
3 3 0.000000 0.000000 0.000483 0.999516 0.000000
3 3 0.003466 0.000334 0.008066 0.987731 0.000403
3 3 0.001184 0.000325 0.011421 0.985924 0.001147
3 3 0.000176 0.000010 0.001851 0.997624 0.000339
3 3 0.000484 0.000014 0.001522 0.997930 0.000051
3 3 0.000003 0.000000 0.000803 0.999189 0.000005
3 3 0.000166 0.000014 0.002070 0.997722 0.000028
3 3 0.000448 0.000000 0.000556 0.998994 0.000001
3 3 0.004111 0.000047 0.002147 0.993068 0.000627
3 3 0.001666 0.000400 0.023763 0.971843 0.002328
3 3 0.000167 0.000685 0.148182 0.848893 0.002072
3 3 0.004339 0.000480 0.010013 0.984317 0.000851
3 3 0.000825 0.000451 0.023396 0.974491 0.000836
3 3 0.000034 0.000206 0.018338 0.981408 0.000014
3 3 0.000605 0.000026 0.004151 0.995177 0.000040
3 3 0.001698 0.000140 0.006062 0.990142 0.001958
3 3 0.000099 0.000008 0.001761 0.998052 0.000079
3 3 0.000413 0.000000 0.000292 0.998553 0.000741
3 3 0.000009 0.000000 0.000325 0.999655 0.000012
3 3 0.001881 0.000244 0.008079 0.989065 0.000731
3 3 0.000548 0.000033 0.003112 0.995385 0.000922
3 3 0.000385 0.000025 0.002641 0.996691 0.000258
3 3 0.025600 0.000794 0.008792 0.962307 0.002507
3 3 0.000401 0.000007 0.002534 0.994723 0.002334
3 3 0.034054 0.001141 0.010957 0.944503 0.009344
3 3 0.000045 0.000006 0.001947 0.997961 0.000041
3 3 0.000299 0.000020 0.004787 0.994641 0.000252
3 3 0.004642 0.000144 0.004602 0.988911 0.001701
3 3 0.000012 0.000004 0.002408 0.997558 0.000017
3 3 0.000236 0.000240 0.013967 0.985186 0.000371
3 3 0.099195 0.000173 0.002298 0.877722 0.020614
3 3 0.003705 0.000001 0.000338 0.995687 0.000269
3 3 0.000066 0.000009 0.005104 0.994213 0.000607
3 3 0.000084 0.000024 0.007828 0.991955 0.000110
3 3 0.000200 0.000101 0.008394 0.990782 0.000524
3 3 0.004459 0.000049 0.002719 0.992724 0.000048
3 3 0.000004 0.000001 0.000906 0.999087 0.000002
3 3 0.000590 0.001004 0.063683 0.933808 0.000914
3 3 0.000009 0.000019 0.007224 0.992742 0.000006
3 3 0.001585 0.000030 0.001968 0.996181 0.000236
3 3 0.000062 0.000001 0.001804 0.998029 0.000104
3 3 0.000112 0.000013 0.002180 0.997653 0.000043
3 3 0.000012 0.000061 0.024669 0.975185 0.000073
3 3 0.000040 0.000003 0.001269 0.998658 0.000030
3 3 0.000543 0.000121 0.043219 0.952837 0.003279
3 3 0.000003 0.000026 0.020015 0.979925 0.000032
3 3 0.000031 0.000003 0.001507 0.998431 0.000028
3 3 0.000423 0.000349 0.016643 0.980379 0.002206
3 3 0.001258 0.000204 0.012103 0.984535 0.001900
3 3 0.001864 0.000122 0.012345 0.985562 0.000107
3 3 0.118360 0.002252 0.011010 0.863667 0.004711
0 3 0.854746 0.058426 0.018491 0.003555 0.064782
0 3 0.772466 0.139186 0.055584 0.001184 0.031580
2 3 0.198782 0.124547 0.427951 0.160736 0.087983
2 3 0.044073 0.361493 0.479685 0.046741 0.068008
4 3 0.268487 0.014324 0.002296 0.000506 0.714387
4 0 0.271771 0.009211 0.001350 0.000266 0.717402
0 0 0.810631 0.123901 0.051290 0.000490 0.013687
0 0 0.987635 0.004585 0.001437 0.000308 0.006035
0 0 0.819181 0.135820 0.034748 0.000207 0.010043
2 1 0.039275 0.299229 0.654132 0.002163 0.005202
2 1 0.004721 0.264192 0.695141 0.000525 0.035421
2 1 0.000435 0.091837 0.857281 0.005517 0.044930
4 4 0.001137 0.009846 0.007128 0.000001 0.981887
4 4 0.003681 0.043404 0.028676 0.000011 0.924228
4 4 0.005317 0.180658 0.170447 0.000335 0.643243
4 4 0.006527 0.266874 0.201078 0.000435 0.525086
4 4 0.014143 0.190831 0.114623 0.000993 0.679410
4 4 0.012199 0.065293 0.035016 0.000288 0.887204
4 4 0.004501 0.219701 0.178202 0.000170 0.597426
4 4 0.007116 0.055893 0.033540 0.000099 0.903352
4 4 0.002009 0.047133 0.037889 0.000010 0.912959
4 4 0.003327 0.113153 0.091191 0.000047 0.792282
4 4 0.028154 0.346288 0.184960 0.008660 0.431938
4 4 0.036880 0.375245 0.187657 0.017156 0.383062
4 4 0.013822 0.051305 0.025690 0.000302 0.908880
4 4 0.006012 0.214247 0.161364 0.000267 0.618111
2 4 0.007446 0.342543 0.565469 0.000812 0.083730
2 4 0.001475 0.202637 0.582678 0.001786 0.211425
1 0 0.088633 0.681374 0.171967 0.000043 0.057983
2 1 0.001657 0.201108 0.684902 0.001468 0.110865
2 1 0.000273 0.025116 0.901051 0.070915 0.002645
2 1 0.008180 0.332328 0.479604 0.004915 0.174972
2 1 0.000449 0.116324 0.819645 0.000866 0.062716
2 1 0.000834 0.209405 0.677429 0.000039 0.112293
2 1 0.008765 0.299978 0.552263 0.017016 0.121978
2 1 0.000057 0.037800 0.929451 0.004110 0.028582
2 1 0.000928 0.313880 0.397986 0.000001 0.287206
2 1 0.000220 0.132156 0.824918 0.000003 0.042703
2 1 0.000400 0.086327 0.848476 0.011044 0.053754
2 1 0.000078 0.039437 0.951723 0.000526 0.008236
2 1 0.000578 0.191917 0.735112 0.000009 0.072384
4 1 0.002204 0.048122 0.036357 0.000004 0.913313
1 1 0.004640 0.448133 0.302628 0.000003 0.244597
2 1 0.000599 0.158403 0.646863 0.000568 0.193567
2 1 0.000225 0.101144 0.865828 0.000044 0.032759
2 2 0.000103 0.077992 0.821758 0.000261 0.099885
1 2 0.003167 0.435935 0.316145 0.000001 0.244752
2 2 0.005947 0.296971 0.458284 0.000672 0.238127
0 2 0.630013 0.002132 0.000177 0.000000 0.367678
0 0 0.969088 0.000835 0.000098 0.000002 0.029977
4 0 0.136294 0.311392 0.094877 0.002199 0.455238
2 1 0.001486 0.179407 0.747273 0.001536 0.070298
2 1 0.000735 0.162445 0.826858 0.000002 0.009959
2 2 0.000405 0.051001 0.935182 0.001176 0.012236
2 2 0.002243 0.403436 0.501568 0.000000 0.092753
2 2 0.000969 0.279402 0.656065 0.000001 0.063563
2 2 0.003062 0.050390 0.918127 0.000306 0.028115
2 2 0.000538 0.105303 0.859412 0.000035 0.034712
2 2 0.002227 0.099423 0.789919 0.002624 0.105807
2 2 0.000077 0.030360 0.946634 0.000270 0.022660
2 2 0.002292 0.107410 0.705036 0.001938 0.183323
2 2 0.005213 0.245587 0.690970 0.005267 0.052962
2 2 0.000005 0.006300 0.992954 0.000387 0.000354
2 2 0.000221 0.065271 0.878347 0.011581 0.044580
2 2 0.000258 0.115920 0.859795 0.000008 0.024019
2 2 0.002709 0.227918 0.754161 0.000040 0.015173
2 2 0.000559 0.067327 0.921044 0.004056 0.007015
2 2 0.000532 0.015108 0.844270 0.138769 0.001320
2 2 0.000311 0.073477 0.861569 0.016643 0.047999
4 0 0.445882 0.006818 0.001159 0.000497 0.545644
4 0 0.078227 0.043455 0.013604 0.006304 0.858410
4 0 0.102924 0.000092 0.000013 0.000139 0.896833
0 0 1.000000 0.000000 0.000000 0.000000 0.000000
0 0 0.999998 0.000001 0.000001 0.000000 0.000000
0 0 0.999828 0.000048 0.000005 0.000000 0.000119
0 0 0.990104 0.000133 0.000020 0.000002 0.009741
0 0 0.995394 0.002059 0.000162 0.000000 0.002386
0 0 0.987970 0.008701 0.001255 0.000001 0.002073
1 0 0.381495 0.536623 0.070333 0.000004 0.011546
1 0 0.306730 0.459804 0.083582 0.000033 0.149851
1 1 0.038978 0.501208 0.427533 0.000563 0.031719
2 1 0.008393 0.329300 0.588871 0.000537 0.072899
2 1 0.013663 0.258527 0.702274 0.010960 0.014577
2 1 0.045280 0.398136 0.491152 0.004196 0.061235
2 1 0.029241 0.448221 0.483455 0.001441 0.037642
2 1 0.006125 0.291547 0.661633 0.000669 0.040025
2 1 0.003535 0.217080 0.768693 0.000049 0.010642
2 1 0.003019 0.121749 0.855551 0.000863 0.018818
2 1 0.004202 0.244881 0.712223 0.000998 0.037696
2 1 0.004768 0.282196 0.648888 0.000862 0.063286
2 1 0.000437 0.090918 0.899107 0.000159 0.009379
2 2 0.001031 0.068772 0.907739 0.015357 0.007102
2 2 0.015066 0.337844 0.616746 0.000022 0.030322
2 2 0.009350 0.367638 0.567001 0.000324 0.055687
2 2 0.004358 0.267044 0.675149 0.000803 0.052646
2 2 0.008541 0.301714 0.514017 0.000744 0.174984
2 2 0.014815 0.352480 0.580882 0.003988 0.047835
2 2 0.004996 0.222245 0.736832 0.004754 0.031173
2 2 0.000329 0.043625 0.951383 0.002477 0.002186
2 2 0.002567 0.113208 0.873515 0.003044 0.007666
2 2 0.003738 0.128035 0.784328 0.052822 0.031076
2 2 0.000215 0.019590 0.928892 0.050173 0.001130
1 2 0.053209 0.432952 0.397543 0.003470 0.112826
1 2 0.374721 0.546832 0.074217 0.000002 0.004228
0 2 0.566289 0.042873 0.017113 0.089056 0.284670
2 2 0.026049 0.264319 0.688447 0.011641 0.009545
2 2 0.002118 0.019037 0.599163 0.373177 0.006504
1 2 0.170385 0.618013 0.117791 0.000001 0.093809
2 2 0.001691 0.082777 0.910206 0.001976 0.003350
2 2 0.000437 0.037713 0.927017 0.005175 0.029659
2 2 0.000025 0.007999 0.967938 0.022971 0.001067
2 2 0.000377 0.088267 0.897465 0.000281 0.013610
2 2 0.000337 0.063535 0.925600 0.002169 0.008359
2 2 0.014113 0.130942 0.843477 0.001862 0.009606
2 2 0.000323 0.059979 0.916489 0.009221 0.013988
2 2 0.000135 0.020077 0.969628 0.008761 0.001400
2 2 0.000248 0.054950 0.920303 0.010010 0.014489
2 2 0.000173 0.053799 0.938153 0.000375 0.007500
2 2 0.000075 0.030787 0.961907 0.002164 0.005067
2 2 0.000200 0.062312 0.913840 0.002331 0.021318
2 2 0.000158 0.015777 0.643075 0.338759 0.002231
2 2 0.000042 0.012240 0.739250 0.245650 0.002819
2 2 0.053610 0.111057 0.563867 0.238245 0.033221
3 2 0.006782 0.016374 0.189855 0.783702 0.003286
2 2 0.000236 0.035803 0.812792 0.142338 0.008831
2 2 0.000038 0.007303 0.855473 0.136523 0.000663
2 2 0.000070 0.026320 0.947792 0.018709 0.007109
2 2 0.000675 0.064736 0.898334 0.015514 0.020741
2 2 0.000451 0.024997 0.940074 0.030550 0.003928
2 2 0.009217 0.119723 0.808338 0.046398 0.016323
2 2 0.000170 0.056167 0.930415 0.000968 0.012279
2 2 0.001601 0.027106 0.963254 0.002604 0.005435
2 2 0.000153 0.019130 0.522746 0.452519 0.005453
2 2 0.000706 0.061917 0.861386 0.026391 0.049599
2 2 0.000291 0.072283 0.883233 0.001326 0.042867
2 2 0.000656 0.061307 0.909254 0.020289 0.008494
2 2 0.000280 0.044603 0.867663 0.075796 0.011659
2 2 0.000014 0.013225 0.967131 0.013925 0.005706
3 2 0.000517 0.019993 0.383741 0.574553 0.021196
2 2 0.023887 0.056252 0.496513 0.382873 0.040475
2 2 0.000140 0.018387 0.942449 0.032561 0.006463
3 2 0.024202 0.028409 0.453044 0.463353 0.030992
2 2 0.003772 0.016521 0.538664 0.091709 0.349334
2 2 0.002953 0.066970 0.877159 0.042182 0.010736
2 2 0.000993 0.044920 0.953214 0.000385 0.000489
2 2 0.007505 0.208085 0.775007 0.002150 0.007254
2 2 0.001522 0.097295 0.885720 0.002659 0.012804
2 2 0.000038 0.003309 0.771920 0.224668 0.000066
2 2 0.000041 0.029792 0.960383 0.000823 0.008961
2 2 0.000078 0.043208 0.934807 0.001686 0.020221
2 2 0.000041 0.011638 0.863016 0.120636 0.004669
2 2 0.002343 0.092364 0.680179 0.107884 0.117229
2 2 0.000072 0.021359 0.953932 0.010074 0.014564
2 2 0.000293 0.034835 0.958399 0.001380 0.005094
2 2 0.002628 0.030504 0.574431 0.373520 0.018916
2 2 0.001189 0.011305 0.972336 0.010718 0.004452
2 2 0.000483 0.095642 0.881949 0.000513 0.021413
2 2 0.009839 0.395635 0.565334 0.000043 0.029149
2 2 0.001366 0.100996 0.783608 0.007427 0.106603
2 2 0.000228 0.075985 0.889545 0.001269 0.032972
3 2 0.000148 0.009831 0.374237 0.614093 0.001691
3 2 0.001779 0.005808 0.107433 0.883632 0.001348
2 2 0.000118 0.004471 0.716329 0.278157 0.000924
2 2 0.001643 0.013210 0.530601 0.449560 0.004986
2 2 0.001538 0.074547 0.873454 0.040724 0.009737
2 2 0.000548 0.031024 0.688569 0.271506 0.008353
2 2 0.000155 0.023431 0.962503 0.011644 0.002268
2 2 0.000032 0.006061 0.865936 0.126488 0.001483
2 2 0.000010 0.007878 0.930970 0.059148 0.001993
2 2 0.001635 0.087793 0.661561 0.183783 0.065228
2 2 0.003698 0.202581 0.723965 0.003239 0.066517
2 2 0.003570 0.032245 0.849339 0.104636 0.010211
2 2 0.000898 0.082140 0.873953 0.027943 0.015066
2 2 0.000218 0.040726 0.939270 0.013198 0.006588
2 2 0.001299 0.089915 0.869592 0.002214 0.036980
2 2 0.000519 0.104788 0.870302 0.000639 0.023751
2 2 0.035163 0.160812 0.674005 0.035582 0.094438
2 2 0.029308 0.225815 0.704612 0.029445 0.010820
2 2 0.023570 0.318707 0.484473 0.048031 0.125219
2 2 0.017648 0.175622 0.737422 0.061648 0.007659
2 2 0.000077 0.011803 0.938501 0.048980 0.000639
2 2 0.000106 0.018032 0.962501 0.017639 0.001722
2 2 0.000003 0.002261 0.507910 0.489323 0.000502
2 2 0.000167 0.019112 0.972951 0.004442 0.003327
2 2 0.000035 0.019281 0.979172 0.000318 0.001195
2 2 0.000241 0.024904 0.971141 0.002739 0.000975
2 2 0.006533 0.228004 0.684959 0.029516 0.050988
2 2 0.003079 0.271181 0.607632 0.000605 0.117504
2 2 0.000031 0.022885 0.973941 0.000241 0.002903
2 2 0.001490 0.106973 0.843762 0.014409 0.033366
2 2 0.000301 0.045340 0.767051 0.168146 0.019163
2 2 0.000270 0.067036 0.919029 0.001144 0.012520
2 2 0.000728 0.065635 0.836773 0.000892 0.095973
2 2 0.000433 0.022565 0.702546 0.272048 0.002407
2 2 0.011112 0.151506 0.518131 0.055785 0.263465
1 2 0.241700 0.367084 0.347351 0.009409 0.034456
2 2 0.006462 0.309851 0.623106 0.000554 0.060026
2 2 0.003194 0.260376 0.691792 0.000130 0.044508
2 2 0.000643 0.010266 0.767529 0.204345 0.017217
2 2 0.005029 0.102392 0.782951 0.081438 0.028190
2 2 0.000917 0.071139 0.691268 0.197971 0.038705
2 2 0.002840 0.066056 0.635172 0.175984 0.119949
2 2 0.000745 0.064422 0.704023 0.208874 0.021936
2 2 0.006880 0.200645 0.454354 0.002509 0.335611
2 2 0.003578 0.248116 0.529569 0.007142 0.211595
2 1 0.010867 0.252886 0.457500 0.146479 0.132268
1 1 0.005710 0.384976 0.264826 0.000015 0.344474
4 4 0.007649 0.166638 0.133786 0.000004 0.691923
4 4 0.003853 0.105352 0.081029 0.000056 0.809710
4 4 0.028536 0.202561 0.102677 0.003665 0.662562
4 4 0.051161 0.040228 0.013155 0.000625 0.894831
4 4 0.061812 0.012676 0.003424 0.001317 0.920771
4 4 0.003178 0.028989 0.018385 0.000005 0.949443
4 4 0.021935 0.011094 0.003579 0.000032 0.963361
4 4 0.003739 0.006759 0.003409 0.000008 0.986084
4 4 0.008304 0.037402 0.019986 0.000067 0.934242
4 4 0.007161 0.031661 0.017361 0.000068 0.943749
4 4 0.004601 0.014954 0.008137 0.000019 0.972289
4 4 0.003531 0.014677 0.008202 0.000004 0.973586
4 4 0.004951 0.178239 0.131656 0.000041 0.685113
4 4 0.011900 0.083619 0.044223 0.000071 0.860187
4 4 0.017988 0.113425 0.050748 0.000011 0.817828
4 4 0.017373 0.040615 0.017454 0.000081 0.924478
4 4 0.006355 0.084863 0.055796 0.000112 0.852874
4 4 0.001119 0.002184 0.001244 0.000001 0.995453
4 4 0.014385 0.004135 0.001370 0.000068 0.980042
4 4 0.002004 0.069241 0.054721 0.000002 0.874032
4 4 0.003771 0.120929 0.095318 0.000062 0.779920
4 4 0.006452 0.006048 0.002610 0.000021 0.984869
4 4 0.005818 0.002066 0.000769 0.000009 0.991338
4 4 0.005138 0.006533 0.002626 0.000000 0.985702
4 4 0.009968 0.006699 0.002633 0.000047 0.980652
4 4 0.029296 0.006087 0.001660 0.000040 0.962918
4 4 0.068852 0.004893 0.001116 0.001292 0.923848
4 4 0.004928 0.191498 0.149656 0.000163 0.653755
4 4 0.001428 0.125469 0.126620 0.000012 0.746471
1 4 0.003811 0.533782 0.316162 0.000000 0.146245
1 4 0.018141 0.389507 0.232758 0.005575 0.354019
4 4 0.003189 0.140780 0.106091 0.000003 0.749936
4 4 0.006417 0.230867 0.158340 0.000031 0.604345
2 4 0.000699 0.136227 0.683788 0.000003 0.179282
2 2 0.000061 0.040878 0.933554 0.001579 0.023928
4 2 0.005932 0.113163 0.103863 0.000217 0.776825
2 2 0.000425 0.107059 0.844528 0.000954 0.047033
2 2 0.000227 0.068156 0.890408 0.005170 0.036039
2 2 0.003000 0.216147 0.607681 0.014030 0.159141
2 2 0.000038 0.029393 0.964135 0.000117 0.006317
2 2 0.000030 0.028814 0.958554 0.000426 0.012176
2 2 0.000159 0.049683 0.921350 0.008879 0.019929
2 2 0.000957 0.139874 0.826114 0.000740 0.032315
2 2 0.000437 0.159617 0.792249 0.000010 0.047687
2 2 0.000137 0.103988 0.845552 0.000008 0.050314
4 2 0.002081 0.046324 0.059886 0.000003 0.891705
4 2 0.002435 0.029111 0.021712 0.000011 0.946732
2 2 0.001099 0.090957 0.892729 0.001666 0.013550
2 2 0.000200 0.058757 0.902593 0.009326 0.029124
1 2 0.068138 0.404322 0.124608 0.000005 0.402927
0 0 0.438279 0.395562 0.055828 0.000004 0.110326
4 0 0.439557 0.065820 0.010476 0.000382 0.483765
4 0 0.017626 0.162715 0.074894 0.000007 0.744758
2 1 0.000180 0.032497 0.962789 0.000127 0.004407
2 1 0.000227 0.098348 0.798557 0.000216 0.102652
2 1 0.001225 0.093731 0.513022 0.000078 0.391944
2 2 0.000310 0.044932 0.786023 0.005153 0.163582
4 2 0.006485 0.172316 0.119852 0.000002 0.701344
1 2 0.018068 0.395758 0.190526 0.000009 0.395639
2 2 0.000422 0.064236 0.907760 0.005101 0.022481
4 2 0.006930 0.128910 0.123453 0.000044 0.740663
2 2 0.002798 0.187437 0.701465 0.001520 0.106779
2 2 0.019032 0.271474 0.438204 0.002138 0.269152
4 2 0.001792 0.097409 0.110561 0.000004 0.790234
1 2 0.024787 0.491075 0.338457 0.000039 0.145642
2 2 0.000494 0.075076 0.913777 0.000203 0.010451
2 2 0.000327 0.058475 0.938908 0.000165 0.002126
3 2 0.003266 0.051650 0.232941 0.699154 0.012990
2 2 0.000154 0.056959 0.923211 0.001343 0.018334
2 2 0.002039 0.160362 0.494548 0.000002 0.343050
2 2 0.000084 0.049339 0.910163 0.000120 0.040294
4 2 0.003427 0.090758 0.238989 0.000484 0.666341
2 2 0.000818 0.171559 0.762691 0.000145 0.064787
2 2 0.005822 0.136163 0.727537 0.000412 0.130066
2 2 0.002059 0.095891 0.877861 0.001831 0.022358
2 2 0.000245 0.058446 0.916842 0.001991 0.022477
3 2 0.000068 0.005590 0.363734 0.630033 0.000574
2 2 0.000847 0.159024 0.764659 0.000570 0.074900
2 2 0.000044 0.025139 0.963383 0.004183 0.007252
2 2 0.001731 0.135345 0.619970 0.007523 0.235432
2 2 0.002649 0.235478 0.635552 0.002062 0.124259
2 2 0.000077 0.032696 0.939906 0.013563 0.013757
2 2 0.000078 0.017318 0.966446 0.005363 0.010794
2 2 0.000101 0.030299 0.962043 0.000271 0.007286
2 2 0.001058 0.060010 0.901102 0.004720 0.033110
2 2 0.000547 0.090919 0.823623 0.000044 0.084868
2 2 0.000720 0.102890 0.848262 0.005835 0.042293
2 2 0.000996 0.030988 0.648492 0.307549 0.011975
2 2 0.000171 0.038850 0.850351 0.092832 0.017797
2 2 0.000008 0.003190 0.958503 0.038123 0.000175
2 2 0.000034 0.008259 0.935233 0.056023 0.000451
2 2 0.000027 0.013731 0.978283 0.006286 0.001674
2 2 0.001957 0.031722 0.960786 0.003142 0.002393
2 2 0.000375 0.026945 0.585127 0.381164 0.006389
2 2 0.000139 0.025926 0.831644 0.122037 0.020254
2 2 0.000074 0.015302 0.604242 0.375549 0.004832
2 2 0.000033 0.019228 0.934519 0.036809 0.009410
2 2 0.002554 0.037857 0.504968 0.311707 0.142914
2 2 0.002403 0.117132 0.558847 0.001308 0.320310
2 2 0.007134 0.060910 0.560526 0.156977 0.214453
3 2 0.000660 0.022639 0.461963 0.500495 0.014243
3 2 0.010607 0.043513 0.387001 0.517257 0.041623
3 2 0.000004 0.000024 0.045194 0.954641 0.000137
3 2 0.001642 0.003498 0.192673 0.790721 0.011466
2 2 0.001727 0.029179 0.734796 0.101780 0.132517
3 2 0.002177 0.009394 0.252268 0.728982 0.007178
3 2 0.097492 0.009460 0.052857 0.820522 0.019668
3 2 0.000598 0.001153 0.043438 0.953904 0.000907
3 2 0.000400 0.000885 0.046322 0.951517 0.000876
3 2 0.000934 0.002405 0.062415 0.933090 0.001156
3 3 0.000151 0.002890 0.248610 0.744146 0.004204
2 3 0.001145 0.056834 0.642148 0.260641 0.039233
3 3 0.000085 0.002071 0.379066 0.617298 0.001481
2 3 0.001282 0.015810 0.631927 0.339542 0.011439
2 3 0.210290 0.165737 0.529723 0.074434 0.019816
3 3 0.005414 0.013421 0.174902 0.768967 0.037296
2 2 0.012215 0.079718 0.501795 0.244687 0.161585
3 2 0.001855 0.007604 0.463231 0.522036 0.005274
3 0 0.168754 0.019108 0.144049 0.652346 0.015744
2 0 0.006119 0.102341 0.593883 0.276745 0.020912
2 1 0.000181 0.042255 0.927009 0.019984 0.010572
2 2 0.000842 0.061839 0.798937 0.126564 0.011818
2 2 0.002665 0.181301 0.694212 0.028595 0.093227
2 2 0.000037 0.023591 0.961643 0.006007 0.008722
2 2 0.000291 0.036418 0.935640 0.001311 0.026339
2 2 0.000229 0.103038 0.854410 0.000068 0.042256
2 2 0.001938 0.139607 0.547238 0.000118 0.311099
2 2 0.000007 0.012551 0.980450 0.001142 0.005850
2 2 0.000737 0.127138 0.782208 0.000243 0.089674
4 2 0.123352 0.186386 0.050924 0.000100 0.639238
4 2 0.014980 0.108923 0.070752 0.000092 0.805253
2 2 0.000041 0.053019 0.933758 0.000003 0.013179
2 2 0.000074 0.033037 0.951887 0.000012 0.014989
2 2 0.002305 0.096018 0.559479 0.001815 0.340382
2 2 0.001342 0.230816 0.473301 0.000225 0.294316
2 2 0.000078 0.025250 0.930233 0.021921 0.022518
2 2 0.000080 0.027227 0.913931 0.008741 0.050021
2 2 0.000181 0.040881 0.955927 0.000097 0.002915
2 2 0.000038 0.016915 0.978584 0.000409 0.004054
2 2 0.002751 0.124159 0.436575 0.000187 0.436327
4 2 0.001495 0.084379 0.246782 0.000023 0.667321
2 2 0.000066 0.017475 0.833990 0.144690 0.003780
2 2 0.001626 0.228911 0.586056 0.000292 0.183115
2 2 0.008832 0.139687 0.815031 0.016178 0.020271
2 2 0.000342 0.094503 0.878704 0.000383 0.026069
2 2 0.001576 0.147713 0.749258 0.001159 0.100294
2 2 0.000609 0.107533 0.725279 0.000448 0.166131
2 2 0.000020 0.003837 0.613317 0.382397 0.000429
2 2 0.000046 0.013767 0.903857 0.079035 0.003295
2 2 0.000875 0.069450 0.503643 0.000002 0.426029
1 2 0.217438 0.661688 0.102562 0.000016 0.018295
1 2 0.024400 0.552141 0.246871 0.000109 0.176479
2 2 0.000346 0.051127 0.937503 0.004898 0.006126
2 2 0.000371 0.090131 0.833666 0.007998 0.067834
2 2 0.000031 0.017877 0.965815 0.009118 0.007160
4 2 0.018116 0.055643 0.023820 0.000035 0.902387
4 2 0.022805 0.207650 0.092932 0.000017 0.676597
2 2 0.000889 0.050733 0.935940 0.004691 0.007746
2 2 0.004805 0.223483 0.729267 0.005449 0.036997
2 2 0.000038 0.015808 0.935868 0.044957 0.003330
2 2 0.000874 0.085818 0.862030 0.025959 0.025320
2 2 0.000936 0.132693 0.798969 0.005211 0.062191
2 2 0.000495 0.071471 0.893665 0.001740 0.032629
2 2 0.000002 0.001884 0.847722 0.150086 0.000306
2 2 0.000614 0.008421 0.714495 0.254504 0.021965
2 2 0.000248 0.079548 0.867561 0.000477 0.052166
2 2 0.003955 0.241071 0.556859 0.014084 0.184030
4 4 0.013206 0.143294 0.084411 0.000643 0.758446
4 4 0.005540 0.220521 0.169988 0.000242 0.603709
4 4 0.005764 0.129093 0.092320 0.000137 0.772686
4 4 0.008025 0.109252 0.070258 0.000208 0.812257
2 4 0.002075 0.196472 0.597027 0.005253 0.199174
4 4 0.006753 0.163287 0.115748 0.000230 0.713981
4 4 0.001419 0.061309 0.053823 0.000002 0.883447
4 4 0.006129 0.024172 0.013209 0.000044 0.956446
4 4 0.004800 0.043432 0.027683 0.000042 0.924043
4 4 0.010734 0.127184 0.077657 0.000398 0.784026
4 4 0.025095 0.055661 0.018290 0.000000 0.900953
4 4 0.002085 0.006845 0.004010 0.000003 0.987056
4 4 0.007001 0.022316 0.011557 0.000043 0.959083
4 4 0.006774 0.165846 0.111549 0.000054 0.715777
4 4 0.009655 0.019743 0.009311 0.000086 0.961206
4 4 0.018380 0.012438 0.004570 0.000147 0.964465
4 4 0.001993 0.086099 0.073590 0.000007 0.838311
4 4 0.005168 0.043816 0.027450 0.000048 0.923517
4 4 0.017640 0.166492 0.082155 0.000043 0.733670
4 4 0.003650 0.013163 0.007439 0.000012 0.975735
4 4 0.006321 0.010422 0.004883 0.000020 0.978353
4 4 0.015394 0.052117 0.023299 0.000034 0.909156
4 4 0.049767 0.082609 0.023122 0.000001 0.844501
4 4 0.002279 0.002378 0.001147 0.000002 0.994194
4 4 0.001750 0.005338 0.003140 0.000002 0.989770
4 4 0.001283 0.000456 0.000195 0.000000 0.998066
4 4 0.021952 0.009456 0.003217 0.000237 0.965138
4 4 0.050261 0.058503 0.021513 0.003388 0.866336
4 4 0.011440 0.047017 0.022218 0.000017 0.919308
4 4 0.001169 0.028115 0.021462 0.000000 0.949254
4 4 0.004339 0.094251 0.058706 0.000001 0.842703
4 4 0.001415 0.036485 0.029229 0.000001 0.932871
4 4 0.004304 0.162697 0.124415 0.000040 0.708544
4 4 0.001636 0.131777 0.129389 0.000016 0.737181
4 4 0.001902 0.109019 0.100524 0.000017 0.788538
4 4 0.000998 0.100358 0.107468 0.000005 0.791171
4 4 0.008785 0.085143 0.047653 0.000023 0.858396
4 4 0.002613 0.277099 0.261478 0.000106 0.458703
4 4 0.007454 0.049028 0.028496 0.000098 0.914923
4 4 0.002472 0.060793 0.048224 0.000017 0.888496
4 4 0.012004 0.066384 0.028503 0.000001 0.893109
4 4 0.039175 0.376187 0.138049 0.000004 0.446585
4 4 0.001719 0.267392 0.272836 0.000028 0.458025
4 4 0.015924 0.226479 0.108328 0.000004 0.649266
4 4 0.003087 0.224157 0.183830 0.000009 0.588917
2 4 0.001425 0.223776 0.481585 0.000451 0.292763
4 4 0.024697 0.022268 0.008436 0.000494 0.944106
4 4 0.020114 0.017763 0.006838 0.000297 0.954987
4 4 0.002536 0.079761 0.061437 0.000004 0.856262
4 4 0.004782 0.061031 0.039090 0.000014 0.895083
4 4 0.003532 0.000581 0.000199 0.000002 0.995686
4 4 0.004951 0.002264 0.000826 0.000001 0.991958
4 4 0.031245 0.001757 0.000371 0.000008 0.966619
4 4 0.009097 0.046705 0.023910 0.000021 0.920266
4 4 0.053057 0.002478 0.000486 0.000030 0.943949
4 4 0.003123 0.009123 0.005055 0.000007 0.982692
4 4 0.006447 0.005453 0.002315 0.000019 0.985766
4 4 0.012813 0.015305 0.006070 0.000024 0.965788
4 4 0.013181 0.008760 0.003351 0.000091 0.974617
4 4 0.025836 0.017132 0.006153 0.000455 0.950424
4 4 0.036747 0.015380 0.004962 0.000806 0.942106
4 4 0.011903 0.019932 0.008929 0.000125 0.959110
4 4 0.001753 0.022310 0.016508 0.000005 0.959424
4 4 0.002818 0.214509 0.178757 0.000007 0.603910
4 4 0.029463 0.010117 0.003169 0.000255 0.956996
4 4 0.140635 0.000627 0.000128 0.000494 0.858117
4 4 0.004567 0.026186 0.015610 0.000027 0.953610
4 4 0.007090 0.029296 0.015908 0.000064 0.947643
4 4 0.007516 0.076440 0.047438 0.000138 0.868468
4 4 0.001602 0.022140 0.016739 0.000004 0.959516
4 4 0.006996 0.064904 0.040017 0.000107 0.887976
4 4 0.010304 0.024658 0.011853 0.000111 0.953074
4 4 0.003923 0.011499 0.006244 0.000013 0.978321
4 4 0.021245 0.006392 0.002058 0.000177 0.970128
4 4 0.007250 0.158448 0.106182 0.000098 0.728022
4 4 0.002293 0.270046 0.262588 0.000082 0.464991
4 4 0.005175 0.177392 0.128329 0.000035 0.689069
1 4 0.007317 0.414629 0.296458 0.000079 0.281517
4 4 0.012602 0.197853 0.122850 0.000850 0.665845
4 4 0.005206 0.025483 0.014634 0.000034 0.954643
4 4 0.006748 0.347948 0.248643 0.000148 0.396513
4 4 0.001318 0.122813 0.170798 0.000026 0.705046
2 2 0.000225 0.083221 0.875893 0.000648 0.040014
2 2 0.001032 0.155428 0.544111 0.000710 0.298719
2 1 0.000247 0.108225 0.713985 0.000007 0.177536
2 1 0.011487 0.381468 0.475468 0.000009 0.131568
2 1 0.000031 0.024742 0.951619 0.007453 0.016155
2 2 0.000172 0.106011 0.830159 0.000032 0.063626
2 2 0.000285 0.119062 0.704427 0.000003 0.176223
4 2 0.000606 0.118603 0.127745 0.000000 0.753046
2 2 0.000089 0.045901 0.795501 0.000220 0.158289
2 2 0.000290 0.078164 0.892933 0.000004 0.028609
2 2 0.002214 0.185680 0.449101 0.000023 0.362981
2 2 0.000365 0.081448 0.680545 0.000791 0.236850
4 2 0.001938 0.167722 0.253179 0.000021 0.577140
2 2 0.000212 0.112258 0.470762 0.000001 0.416767
2 2 0.001235 0.282443 0.435462 0.000006 0.280854
2 2 0.000481 0.160402 0.749336 0.000054 0.089727
2 2 0.008129 0.177633 0.770536 0.000025 0.043677
4 2 0.118027 0.144885 0.291551 0.000177 0.445360
2 2 0.000059 0.044755 0.918369 0.000042 0.036775
2 2 0.000019 0.017645 0.917630 0.000188 0.064518
4 2 0.000158 0.023727 0.485276 0.000030 0.490808
2 2 0.004368 0.071614 0.463678 0.000667 0.459672
2 2 0.001230 0.234732 0.574238 0.000006 0.189794
4 2 0.002334 0.200119 0.394402 0.000100 0.403046
2 2 0.000638 0.049714 0.848434 0.000510 0.100704
2 2 0.000073 0.048466 0.916942 0.000038 0.034481
2 2 0.000015 0.009637 0.977515 0.010735 0.002098
2 2 0.000083 0.023054 0.952870 0.021034 0.002959
4 2 0.002407 0.132016 0.325195 0.000002 0.540379
2 2 0.000064 0.031021 0.960278 0.000994 0.007643
2 2 0.000013 0.015712 0.976163 0.002077 0.006035
2 2 0.000000 0.003673 0.995979 0.000002 0.000345
2 2 0.000366 0.009029 0.988711 0.001057 0.000837
2 2 0.000028 0.022292 0.966571 0.002854 0.008254
2 2 0.000013 0.015919 0.982482 0.000056 0.001530
2 2 0.000004 0.009632 0.986908 0.000260 0.003196
2 2 0.001016 0.021208 0.963591 0.007189 0.006996
2 2 0.002927 0.060077 0.929542 0.001628 0.005825
2 2 0.008645 0.146272 0.723331 0.073426 0.048326
0 0 0.627990 0.288534 0.058209 0.000119 0.025147
4 0 0.123694 0.014493 0.003378 0.007590 0.850845
0 0 0.732772 0.018330 0.002970 0.000180 0.245748
0 0 0.889779 0.074463 0.008043 0.000002 0.027713
0 0 0.610730 0.300277 0.033551 0.000005 0.055436
4 0 0.036892 0.018193 0.004767 0.000002 0.940146
4 0 0.325460 0.051476 0.009388 0.001174 0.612502
4 1 0.005093 0.000867 0.000290 0.000004 0.993746
4 0 0.059910 0.212909 0.070753 0.000022 0.656406
0 0 0.969126 0.011117 0.002244 0.000054 0.017459
0 0 0.814429 0.063768 0.010996 0.000145 0.110663
4 0 0.089142 0.059969 0.013374 0.000001 0.837514
4 0 0.066661 0.258296 0.072638 0.000000 0.602406
1 0 0.013103 0.619422 0.246501 0.000000 0.120973
1 0 0.051439 0.677939 0.192057 0.000003 0.078562
1 1 0.010197 0.472578 0.405808 0.000040 0.111378
2 1 0.002055 0.177846 0.506762 0.002092 0.311246
2 1 0.003375 0.303748 0.622584 0.000082 0.070211
2 2 0.006579 0.312471 0.633899 0.000164 0.046887
2 2 0.001465 0.235442 0.655215 0.000109 0.107769
1 2 0.013840 0.485085 0.406734 0.000013 0.094328
1 2 0.072262 0.507829 0.163408 0.000058 0.256443
1 2 0.043375 0.576957 0.227823 0.000010 0.151836
2 2 0.003192 0.279371 0.673833 0.000036 0.043569
2 2 0.000995 0.116766 0.837063 0.000045 0.045131
4 2 0.012547 0.237038 0.276147 0.000152 0.474116
2 2 0.008491 0.318145 0.635229 0.000793 0.037342
2 2 0.000726 0.109752 0.800023 0.000715 0.088784
2 2 0.010993 0.267264 0.534409 0.000185 0.187148
2 2 0.001993 0.268334 0.680749 0.000018 0.048906
2 2 0.000019 0.030906 0.950409 0.000080 0.018586
2 2 0.000131 0.051088 0.938107 0.000526 0.010149
2 2 0.000472 0.031766 0.957784 0.001690 0.008288
2 2 0.000336 0.051963 0.936386 0.004168 0.007148
2 2 0.005485 0.212703 0.681482 0.000125 0.100205
2 2 0.002201 0.275849 0.591183 0.000121 0.130646
2 2 0.000243 0.059622 0.886463 0.000520 0.053152
2 2 0.000136 0.053964 0.776547 0.000382 0.168971
2 2 0.000233 0.064445 0.709369 0.000285 0.225668
2 2 0.000170 0.023997 0.973979 0.001056 0.000797
2 2 0.002712 0.178911 0.796276 0.001597 0.020505
2 2 0.000112 0.017579 0.976177 0.005015 0.001117
2 2 0.000740 0.047592 0.919303 0.011702 0.020663
2 2 0.000189 0.051615 0.939732 0.001139 0.007325
2 2 0.000143 0.065688 0.925402 0.000018 0.008748
2 2 0.000157 0.059759 0.917184 0.001284 0.021616
2 2 0.000306 0.089066 0.851042 0.000789 0.058797
2 2 0.000125 0.081513 0.847397 0.000196 0.070770
2 2 0.000134 0.094606 0.826345 0.000058 0.078857
2 2 0.000529 0.089584 0.883516 0.002998 0.023374
2 2 0.000212 0.032694 0.933675 0.027965 0.005455
2 2 0.001952 0.239101 0.667107 0.000014 0.091826
2 2 0.000103 0.056554 0.897932 0.000511 0.044900
2 2 0.000193 0.023920 0.963180 0.003715 0.008991
2 2 0.000173 0.021042 0.946053 0.016583 0.016149
2 2 0.000190 0.069545 0.902600 0.000925 0.026740
2 2 0.000210 0.046459 0.873009 0.002740 0.077582
2 2 0.000296 0.025019 0.880793 0.076924 0.016968
2 2 0.000121 0.047329 0.916133 0.009079 0.027337
2 2 0.000672 0.031800 0.800592 0.115850 0.051086
2 2 0.001598 0.021558 0.587540 0.379867 0.009437
2 2 0.000303 0.008050 0.595156 0.376232 0.020260
2 2 0.000160 0.018637 0.929503 0.013481 0.038218
2 2 0.000598 0.006499 0.894107 0.097225 0.001572
2 2 0.002986 0.029072 0.880125 0.077258 0.010559
4 2 0.047030 0.142936 0.260477 0.060013 0.489543
2 2 0.004114 0.049637 0.738242 0.147249 0.060758
