0 0 0.884523 0.062641 0.051657 0.000836 0.000343
2 0 0.132914 0.115939 0.552675 0.195443 0.003029
1 0 0.142125 0.639799 0.072693 0.000337 0.145046
2 0 0.355176 0.250455 0.387910 0.000359 0.006100
2 0 0.013685 0.277210 0.668742 0.034774 0.005589
2 0 0.243187 0.219512 0.523298 0.013174 0.000828
2 0 0.059909 0.133917 0.792531 0.013593 0.000050
0 0 0.547541 0.422450 0.026627 0.000004 0.003378
0 0 0.493089 0.349563 0.115515 0.000637 0.041195
2 0 0.013367 0.031887 0.826200 0.126467 0.002080
2 0 0.018407 0.141057 0.832820 0.000305 0.007410
1 0 0.233168 0.402016 0.309766 0.000469 0.054581
2 0 0.008080 0.182748 0.804695 0.002751 0.001726
2 0 0.004217 0.107528 0.886946 0.000525 0.000782
2 0 0.001915 0.152580 0.843608 0.000001 0.001896
1 0 0.220379 0.462040 0.305980 0.000054 0.011547
0 0 0.973542 0.016303 0.009316 0.000400 0.000439
0 0 0.978456 0.015453 0.005772 0.000080 0.000240
0 0 0.701018 0.147298 0.148925 0.000017 0.002742
0 0 0.985604 0.010276 0.004008 0.000040 0.000071
0 0 0.967924 0.015103 0.014257 0.001986 0.000730
0 0 0.970766 0.013258 0.011915 0.002911 0.001149
0 0 0.990830 0.004752 0.003925 0.000019 0.000474
0 0 0.938973 0.019572 0.011035 0.000669 0.029751
0 0 0.995108 0.003375 0.001391 0.000010 0.000116
0 0 0.932827 0.015732 0.047539 0.000032 0.003870
0 0 0.999995 0.000003 0.000000 0.000000 0.000001
0 0 0.962984 0.011839 0.006625 0.004567 0.013985
0 0 0.997730 0.001482 0.000638 0.000011 0.000139
0 0 0.986021 0.004272 0.003089 0.000777 0.005840
0 0 0.993834 0.002568 0.002282 0.001101 0.000216
0 0 0.996376 0.000443 0.000165 0.000668 0.002348
2 0 0.122862 0.114473 0.652301 0.108260 0.002104
0 0 0.574241 0.027061 0.398620 0.000066 0.000012
0 0 0.901727 0.038873 0.012414 0.000917 0.046069
0 0 0.574783 0.319102 0.062831 0.000690 0.042594
0 0 0.943998 0.012806 0.012096 0.004200 0.026901
0 0 0.959793 0.017148 0.012801 0.001437 0.008820
1 0 0.237269 0.636210 0.104051 0.000002 0.022468
0 0 0.469037 0.039469 0.056594 0.000406 0.434494
4 0 0.260261 0.029199 0.007238 0.010854 0.692448
0 0 0.390722 0.072848 0.313801 0.000010 0.222620
0 0 0.995044 0.004018 0.000901 0.000006 0.000032
0 0 0.939058 0.029814 0.028899 0.001735 0.000493
0 0 0.993968 0.004300 0.001341 0.000071 0.000321
0 0 0.984424 0.012265 0.003230 0.000013 0.000069
4 0 0.015943 0.114532 0.037357 0.000020 0.832149
4 0 0.174156 0.121848 0.025404 0.005485 0.673107
2 0 0.000241 0.104709 0.893541 0.000254 0.001255
2 0 0.219014 0.198963 0.302806 0.169301 0.109916
2 0 0.155511 0.309387 0.523145 0.000039 0.011918
0 0 0.649076 0.213581 0.133972 0.000015 0.003357
0 0 0.882632 0.004683 0.006558 0.010851 0.095275
4 0 0.044794 0.052490 0.007672 0.000889 0.894156
0 0 0.995891 0.000130 0.000048 0.000903 0.003028
0 0 0.993420 0.000383 0.000156 0.001417 0.004624
0 0 0.996679 0.001429 0.001094 0.000039 0.000759
0 0 0.981546 0.003922 0.001229 0.001321 0.011983
0 0 0.971006 0.007571 0.003441 0.003215 0.014767
0 0 0.994321 0.003123 0.000915 0.000214 0.001428
0 0 0.999141 0.000333 0.000234 0.000011 0.000281
0 0 0.994403 0.001209 0.002769 0.000013 0.001605
0 0 0.997781 0.001617 0.000553 0.000004 0.000046
0 0 0.999513 0.000210 0.000215 0.000001 0.000062
0 0 0.992519 0.003630 0.002187 0.000589 0.001074
0 0 0.962904 0.018712 0.011421 0.002654 0.004308
0 0 0.945532 0.026196 0.017921 0.001599 0.008752
0 0 0.992404 0.001494 0.002427 0.000050 0.003627
0 0 0.999426 0.000448 0.000121 0.000000 0.000004
0 0 0.999918 0.000070 0.000011 0.000000 0.000001
0 0 0.993360 0.004478 0.001503 0.000125 0.000534
0 0 0.994067 0.004333 0.001301 0.000053 0.000245
2 0 0.001903 0.011887 0.979193 0.007010 0.000007
0 0 0.658099 0.078324 0.263274 0.000290 0.000013
0 0 0.990343 0.006090 0.002397 0.000211 0.000958
0 0 0.999601 0.000305 0.000060 0.000005 0.000029
0 0 0.998652 0.000066 0.000010 0.000077 0.001194
0 0 0.999842 0.000010 0.000002 0.000029 0.000117
0 0 0.958903 0.024070 0.016883 0.000110 0.000034
0 0 0.750825 0.111191 0.136373 0.001398 0.000214
0 0 0.990725 0.004241 0.004008 0.000040 0.000987
0 1 0.991907 0.002499 0.001067 0.001014 0.003514
4 1 0.170766 0.276149 0.032902 0.001209 0.518975
1 1 0.002135 0.540213 0.136220 0.002187 0.319245
2 2 0.000765 0.117563 0.842537 0.008250 0.030886
1 2 0.004968 0.538131 0.134853 0.000743 0.321304
2 2 0.003495 0.329609 0.338901 0.019592 0.308403
4 2 0.022435 0.326717 0.224937 0.012948 0.412963
1 2 0.035088 0.660090 0.144182 0.000399 0.160241
1 2 0.014343 0.478891 0.369416 0.000100 0.137249
2 2 0.000367 0.033082 0.959689 0.001307 0.005555
2 2 0.000959 0.156313 0.761434 0.009155 0.072139
2 2 0.000005 0.005610 0.981442 0.012058 0.000885
2 2 0.000477 0.030893 0.804284 0.145119 0.019227
2 2 0.000071 0.060516 0.893989 0.008437 0.036986
2 2 0.000140 0.047393 0.934895 0.006186 0.011386
2 3 0.000031 0.004222 0.594626 0.400171 0.000950
3 3 0.000787 0.018038 0.215579 0.756763 0.008833
3 3 0.000000 0.000014 0.489823 0.510163 0.000000
2 3 0.000000 0.000009 0.500308 0.499683 0.000001
2 3 0.000580 0.060328 0.583372 0.292402 0.063319
3 3 0.000380 0.006711 0.073871 0.910560 0.008478
3 3 0.000079 0.000676 0.019920 0.978607 0.000718
3 3 0.000010 0.001611 0.389962 0.607720 0.000697
3 3 0.000000 0.000046 0.036197 0.963726 0.000030
3 3 0.000590 0.003788 0.049113 0.941072 0.005436
3 3 0.000042 0.003346 0.282372 0.713258 0.000982
2 3 0.000219 0.012378 0.677172 0.300728 0.009503
3 3 0.000151 0.004212 0.059455 0.931467 0.004716
3 3 0.000001 0.000061 0.010658 0.989259 0.000022
3 3 0.000001 0.000506 0.062844 0.936510 0.000140
3 3 0.000035 0.001677 0.043088 0.954059 0.001141
3 3 0.000018 0.002205 0.057482 0.939127 0.001167
3 3 0.000006 0.000457 0.027771 0.971619 0.000147
3 3 0.000000 0.000235 0.056671 0.943070 0.000024
3 3 0.000002 0.000319 0.069114 0.930497 0.000068
3 3 0.000000 0.000007 0.001774 0.998216 0.000003
3 3 0.000017 0.002579 0.072024 0.924356 0.001024
3 3 0.000002 0.000190 0.016260 0.983487 0.000061
3 3 0.000054 0.000697 0.014276 0.983365 0.001608
3 3 0.000000 0.000007 0.009380 0.990607 0.000005
3 3 0.000000 0.000037 0.023108 0.976848 0.000007
3 3 0.000000 0.000007 0.001741 0.998249 0.000003
3 3 0.000002 0.000054 0.005391 0.994518 0.000035
3 3 0.000002 0.000533 0.028279 0.970979 0.000208
3 3 0.000019 0.000311 0.014814 0.984616 0.000239
3 3 0.000002 0.000070 0.005769 0.994103 0.000056
3 3 0.000064 0.000576 0.018103 0.980648 0.000609
3 3 0.000000 0.000027 0.004422 0.995539 0.000012
3 3 0.000002 0.000032 0.002982 0.996948 0.000036
3 3 0.000002 0.000331 0.031277 0.968303 0.000087
3 3 0.000057 0.000569 0.018607 0.980208 0.000559
3 3 0.001331 0.005013 0.049515 0.934060 0.010081
3 3 0.000757 0.021768 0.162561 0.789096 0.025817
3 3 0.000022 0.000912 0.069745 0.928817 0.000504
3 3 0.000004 0.000932 0.282232 0.716549 0.000283
3 3 0.000003 0.000097 0.008056 0.991788 0.000057
3 3 0.000005 0.000601 0.030805 0.968366 0.000223
3 3 0.000001 0.001736 0.106287 0.891739 0.000237
3 3 0.000003 0.000189 0.016155 0.983592 0.000061
3 0 0.000258 0.001177 0.024374 0.972635 0.001556
3 3 0.006631 0.030534 0.392120 0.510658 0.060057
3 3 0.000105 0.014198 0.367517 0.617667 0.000513
3 3 0.000201 0.006839 0.432213 0.560507 0.000239
3 3 0.000002 0.000498 0.055801 0.943667 0.000032
2 3 0.000304 0.014454 0.522624 0.462528 0.000090
2 3 0.000001 0.016858 0.675929 0.307117 0.000095
3 3 0.000000 0.000006 0.022595 0.977399 0.000000
3 3 0.000000 0.000033 0.023458 0.976509 0.000000
3 3 0.001196 0.013199 0.370919 0.614532 0.000154
3 3 0.000002 0.000130 0.016323 0.983530 0.000015
2 3 0.000013 0.002447 0.588136 0.409395 0.000008
3 3 0.000000 0.000251 0.047442 0.952298 0.000009
3 3 0.000027 0.001247 0.078404 0.920251 0.000071
3 3 0.000000 0.000000 0.001557 0.998443 0.000000
3 3 0.000000 0.000002 0.003914 0.996083 0.000000
3 3 0.000000 0.000003 0.016143 0.983855 0.000000
3 3 0.000000 0.000013 0.438338 0.561649 0.000000
3 3 0.000114 0.003170 0.053790 0.939885 0.003041
3 3 0.000142 0.001000 0.051901 0.945214 0.001743
3 3 0.000000 0.000010 0.011994 0.987994 0.000002
3 3 0.000000 0.000062 0.030996 0.968931 0.000011
3 3 0.000001 0.000096 0.011265 0.988613 0.000025
3 3 0.000000 0.000004 0.002308 0.997687 0.000001
3 3 0.000003 0.000052 0.004374 0.995520 0.000051
3 3 0.000000 0.000002 0.001410 0.998588 0.000000
3 3 0.000000 0.000005 0.002863 0.997131 0.000001
3 3 0.000000 0.000013 0.002841 0.997141 0.000005
3 3 0.000310 0.002435 0.035155 0.958018 0.004081
3 3 0.000019 0.000589 0.023719 0.975307 0.000366
3 -1 0.000000 0.000009 0.004409 0.995580 0.000002
3 0 0.004497 0.013209 0.055896 0.857666 0.068732
2 0 0.000509 0.312709 0.685342 0.000026 0.001413
2 0 0.000000 0.000374 0.933707 0.065919 0.000000
0 0 0.964882 0.029685 0.005104 0.000015 0.000313
0 0 0.627409 0.165802 0.205905 0.000777 0.000107
2 1 0.000576 0.208315 0.788232 0.000181 0.002696
2 1 0.000617 0.066730 0.928502 0.000656 0.003496
2 1 0.000252 0.037018 0.960527 0.000017 0.002186
2 1 0.000175 0.042611 0.952365 0.001586 0.003264
2 1 0.001070 0.213177 0.783916 0.000049 0.001788
2 0 0.001367 0.243497 0.746976 0.000042 0.008118
1 1 0.256363 0.560500 0.174639 0.000567 0.007930
0 2 0.533198 0.272503 0.178050 0.000182 0.016067
2 2 0.005794 0.126451 0.794400 0.000660 0.072695
1 2 0.045362 0.416386 0.123258 0.000405 0.414589
2 2 0.000008 0.005162 0.994155 0.000057 0.000618
2 2 0.000156 0.007600 0.990779 0.000592 0.000872
2 2 0.005340 0.225514 0.661134 0.000078 0.107934
2 2 0.039747 0.290066 0.626293 0.000029 0.043865
2 2 0.002857 0.109632 0.884395 0.000237 0.002879
2 2 0.000379 0.013610 0.984040 0.000996 0.000975
2 2 0.000110 0.012586 0.985987 0.001041 0.000276
2 2 0.000026 0.001375 0.998311 0.000209 0.000079
2 2 0.001432 0.052633 0.942128 0.003418 0.000389
2 2 0.004009 0.026986 0.966681 0.001579 0.000746
2 3 0.000017 0.016502 0.957378 0.024794 0.001309
2 3 0.002420 0.019374 0.861026 0.113174 0.004005
2 3 0.000433 0.007343 0.793291 0.192067 0.006866
2 2 0.008489 0.034732 0.812640 0.000042 0.144097
2 2 0.000047 0.018711 0.974769 0.005669 0.000805
2 2 0.000044 0.003184 0.982652 0.013831 0.000289
2 3 0.000059 0.008202 0.982834 0.008381 0.000524
2 2 0.000191 0.010372 0.850564 0.134027 0.004846
2 2 0.000070 0.019787 0.949714 0.024464 0.005965
2 4 0.000394 0.020054 0.944888 0.021015 0.013648
2 4 0.001490 0.150283 0.764266 0.004305 0.079656
4 4 0.029053 0.146717 0.186810 0.001436 0.635985
4 4 0.051313 0.136443 0.170766 0.002022 0.639456
1 4 0.148154 0.312719 0.248426 0.000675 0.290026
2 4 0.006578 0.199676 0.609872 0.000071 0.183802
2 4 0.001923 0.079822 0.750062 0.000058 0.168135
2 4 0.013677 0.345864 0.505535 0.000018 0.134906
2 4 0.000481 0.126281 0.698842 0.000043 0.174353
2 4 0.056930 0.431121 0.455786 0.000000 0.056164
2 4 0.005652 0.128684 0.824672 0.000004 0.040988
2 4 0.048696 0.252113 0.625427 0.000005 0.073759
2 4 0.058153 0.276236 0.604589 0.005802 0.055220
4 4 0.013870 0.268584 0.221127 0.000490 0.495928
4 4 0.005918 0.253556 0.060072 0.000045 0.680409
4 4 0.010963 0.189283 0.052170 0.000243 0.747341
1 4 0.141975 0.435425 0.166516 0.002684 0.253400
4 4 0.033957 0.345733 0.100743 0.001101 0.518466
4 4 0.044993 0.386985 0.120642 0.000828 0.446553
4 4 0.043200 0.088292 0.014866 0.002807 0.850836
2 4 0.003462 0.093574 0.648477 0.000717 0.253770
4 4 0.063314 0.091558 0.045215 0.004715 0.795199
4 4 0.078758 0.416881 0.054621 0.000051 0.449690
1 4 0.048576 0.667509 0.123097 0.000003 0.160815
2 4 0.012764 0.234871 0.555300 0.000002 0.197064
1 4 0.021154 0.692020 0.077511 0.000001 0.209314
1 4 0.058792 0.500418 0.244132 0.000013 0.196644
1 1 0.130020 0.517090 0.299121 0.000002 0.053767
1 4 0.024967 0.662254 0.143746 0.000000 0.169033
4 4 0.019602 0.429395 0.101325 0.000160 0.449518
1 4 0.122608 0.466724 0.155227 0.001338 0.254102
1 4 0.028041 0.643475 0.040362 0.000026 0.288096
4 4 0.008529 0.385160 0.069271 0.000010 0.537031
1 4 0.031550 0.429822 0.138052 0.000079 0.400497
4 4 0.001787 0.219248 0.081754 0.000051 0.697160
2 4 0.001995 0.124557 0.707825 0.007647 0.157976
4 4 0.013194 0.239220 0.296311 0.005066 0.446209
1 4 0.008199 0.421865 0.207792 0.000316 0.361828
4 4 0.031812 0.292742 0.298533 0.000441 0.376472
2 4 0.027415 0.178365 0.628072 0.037408 0.128740
1 4 0.183619 0.373203 0.162107 0.004627 0.276444
2 4 0.004734 0.178594 0.594217 0.006649 0.215807
2 4 0.000152 0.040990 0.919839 0.000872 0.038147
2 4 0.007266 0.236558 0.551791 0.006704 0.197680
1 1 0.055593 0.538583 0.148437 0.000046 0.257341
1 1 0.108326 0.799763 0.069179 0.000000 0.022732
1 1 0.122510 0.677727 0.166815 0.000000 0.032948
2 2 0.022892 0.200841 0.682335 0.025773 0.068159
2 2 0.001030 0.027787 0.923860 0.029743 0.017581
4 2 0.128986 0.309541 0.210974 0.014046 0.336453
2 2 0.054813 0.183438 0.721866 0.002363 0.037519
2 1 0.046706 0.403040 0.544056 0.000017 0.006182
0 1 0.597737 0.339083 0.054491 0.000125 0.008564
2 1 0.001982 0.178789 0.815025 0.000063 0.004140
2 1 0.001173 0.069727 0.927689 0.000027 0.001384
2 1 0.002470 0.129047 0.867240 0.000016 0.001227
2 1 0.000327 0.030279 0.967266 0.000568 0.001560
2 2 0.000015 0.003805 0.996176 0.000001 0.000004
2 2 0.000037 0.001396 0.998551 0.000012 0.000004
2 2 0.000028 0.055197 0.944100 0.000002 0.000673
2 2 0.015278 0.047865 0.935539 0.001290 0.000028
1 2 0.025768 0.405492 0.307832 0.000003 0.260906
2 1 0.001746 0.199352 0.567197 0.000035 0.231671
2 1 0.000210 0.179963 0.632540 0.000013 0.187274
2 1 0.004409 0.292152 0.596648 0.000054 0.106737
2 2 0.000004 0.009707 0.988835 0.000363 0.001091
2 2 0.001562 0.026372 0.943112 0.008119 0.020835
2 2 0.000027 0.012111 0.984516 0.000662 0.002685
2 1 0.000382 0.020892 0.975907 0.000222 0.002597
2 1 0.000111 0.031583 0.932711 0.000259 0.035336
2 2 0.005696 0.085904 0.886504 0.000081 0.021815
2 2 0.000016 0.005259 0.983969 0.007706 0.003050
2 2 0.000925 0.015308 0.839258 0.127500 0.017009
2 2 0.001767 0.135274 0.792334 0.000038 0.070588
2 2 0.007576 0.168545 0.654781 0.018313 0.150786
2 2 0.000030 0.022707 0.957768 0.000641 0.018854
2 2 0.000079 0.013535 0.971987 0.005136 0.009263
2 3 0.000086 0.034512 0.899124 0.051417 0.014862
2 2 0.000024 0.007293 0.987068 0.002564 0.003051
2 2 0.000199 0.092936 0.875671 0.000584 0.030610
2 3 0.001315 0.036345 0.917455 0.035955 0.008931
2 2 0.000354 0.018472 0.972217 0.003510 0.005447
2 2 0.000302 0.030757 0.952055 0.000807 0.016078
2 2 0.000095 0.019755 0.908888 0.059187 0.012076
2 2 0.000152 0.010295 0.757871 0.227759 0.003923
2 2 0.000025 0.014050 0.929764 0.051181 0.004980
2 3 0.000051 0.027017 0.961519 0.005602 0.005812
2 2 0.000063 0.005697 0.968732 0.025446 0.000063
2 2 0.002521 0.032116 0.643792 0.310853 0.010718
2 2 0.000000 0.001551 0.998307 0.000096 0.000046
2 2 0.000000 0.000377 0.937263 0.062356 0.000004
2 2 0.000116 0.016255 0.954092 0.027391 0.002146
2 2 0.000258 0.029491 0.895011 0.058895 0.016345
2 2 0.000000 0.000930 0.592248 0.406753 0.000068
3 3 0.000000 0.000032 0.296139 0.703827 0.000002
2 2 0.000133 0.028229 0.904195 0.063573 0.003870
2 2 0.000255 0.009854 0.935251 0.048110 0.006530
2 2 0.000095 0.058854 0.863213 0.053764 0.024074
2 2 0.001988 0.135852 0.819287 0.016869 0.026004
2 2 0.000013 0.003142 0.844839 0.151965 0.000040
2 2 0.000000 0.000229 0.801123 0.198642 0.000005
2 2 0.000006 0.001196 0.861968 0.136810 0.000020
2 2 0.000084 0.005871 0.960796 0.033136 0.000113
2 2 0.000098 0.020707 0.911068 0.067716 0.000412
3 3 0.000084 0.003032 0.113389 0.883101 0.000394
3 3 0.000094 0.005822 0.454406 0.539597 0.000082
3 2 0.000276 0.012509 0.414636 0.572369 0.000210
2 3 0.000017 0.008590 0.951676 0.039506 0.000211
3 3 0.000000 0.000125 0.169567 0.830307 0.000001
3 3 0.000321 0.010990 0.198371 0.788797 0.001521
2 3 0.000334 0.006810 0.565813 0.426714 0.000329
2 3 0.000000 0.001656 0.534137 0.464191 0.000016
3 3 0.000014 0.002415 0.413361 0.583883 0.000326
3 3 0.000001 0.000706 0.443148 0.556145 0.000001
2 3 0.000073 0.006777 0.809573 0.183353 0.000225
3 3 0.000010 0.001476 0.226961 0.771471 0.000083
3 3 0.000001 0.000493 0.247872 0.751592 0.000043
2 3 0.000001 0.000595 0.627939 0.371462 0.000003
3 3 0.000000 0.000051 0.034523 0.965425 0.000001
3 3 0.000001 0.000463 0.373890 0.625635 0.000011
3 3 0.000000 0.000015 0.037433 0.962552 0.000000
2 3 0.000052 0.003883 0.677543 0.318411 0.000110
3 3 0.000001 0.000232 0.069738 0.930022 0.000007
3 3 0.000001 0.000702 0.229973 0.769322 0.000002
3 3 0.000068 0.003123 0.108916 0.887469 0.000424
2 3 0.000015 0.009488 0.920474 0.069925 0.000098
2 3 0.000002 0.000709 0.614243 0.385031 0.000015
3 3 0.000000 0.000033 0.021659 0.978307 0.000002
2 3 0.000026 0.002733 0.567634 0.429154 0.000454
3 3 0.000000 0.000015 0.009055 0.990930 0.000000
3 3 0.000000 0.000021 0.004489 0.995484 0.000005
3 3 0.000001 0.000584 0.198758 0.800636 0.000020
3 3 0.000003 0.000504 0.081401 0.918018 0.000074
3 3 0.000004 0.002251 0.239570 0.758121 0.000055
3 3 0.000000 0.000149 0.026577 0.973265 0.000008
3 3 0.000001 0.000043 0.005816 0.994122 0.000018
3 3 0.010662 0.002734 0.016130 0.944022 0.026452
3 3 0.000001 0.000210 0.025142 0.974595 0.000052
3 3 0.000009 0.000186 0.011539 0.988134 0.000132
3 3 0.000000 0.000029 0.012525 0.987444 0.000001
3 3 0.000000 0.000015 0.005144 0.994839 0.000002
3 3 0.000140 0.001167 0.028472 0.969047 0.001173
3 3 0.000033 0.000816 0.028947 0.969700 0.000504
3 3 0.000014 0.001462 0.090093 0.908063 0.000369
3 3 0.000020 0.000918 0.033751 0.964832 0.000479
3 3 0.000048 0.001797 0.060852 0.936681 0.000622
3 3 0.000003 0.000042 0.003518 0.996387 0.000049
3 3 0.000010 0.000450 0.024140 0.975210 0.000190
3 3 0.000015 0.000753 0.049799 0.949151 0.000282
3 3 0.000537 0.001156 0.015759 0.978514 0.004035
3 3 0.003552 0.015203 0.094516 0.855937 0.030792
3 3 0.000018 0.004857 0.147787 0.846544 0.000794
3 3 0.001208 0.007008 0.086395 0.898031 0.007359
3 3 0.000000 0.000010 0.002480 0.997505 0.000004
3 3 0.000046 0.002057 0.051781 0.944892 0.001224
3 3 0.000000 0.000008 0.013253 0.986738 0.000000
3 3 0.000000 0.000006 0.002267 0.997725 0.000002
3 3 0.000174 0.007361 0.086105 0.898748 0.007613
3 3 0.001298 0.004345 0.045068 0.940407 0.008882
3 3 0.000000 0.000047 0.011934 0.988014 0.000005
3 3 0.000001 0.000123 0.013950 0.985894 0.000031
3 3 0.000040 0.000781 0.022688 0.975722 0.000770
3 3 0.006545 0.017466 0.064137 0.817970 0.093882
3 3 0.000000 0.000010 0.003779 0.996209 0.000002
3 3 0.000002 0.000176 0.016042 0.983727 0.000052
3 3 0.000033 0.000462 0.018029 0.981105 0.000371
3 3 0.003788 0.032271 0.171101 0.748143 0.044696
3 3 0.000000 0.000022 0.003197 0.996767 0.000014
3 3 0.000000 0.000008 0.004142 0.995849 0.000001
3 3 0.000001 0.000357 0.030800 0.968775 0.000068
3 3 0.000003 0.000545 0.043781 0.955588 0.000083
3 3 0.000229 0.001236 0.025722 0.971156 0.001657
3 3 0.000004 0.000060 0.004787 0.995092 0.000058
3 3 0.000032 0.000526 0.017175 0.981706 0.000561
3 3 0.000220 0.001351 0.028494 0.968299 0.001636
3 3 0.000003 0.000011 0.001001 0.998952 0.000033
3 3 0.000185 0.001019 0.016147 0.979729 0.002920
3 3 0.000002 0.000097 0.009578 0.990284 0.000039
3 3 0.002641 0.004529 0.038119 0.940857 0.013855
3 3 0.000000 0.000044 0.008497 0.991451 0.000008
3 3 0.000006 0.000215 0.014179 0.985512 0.000088
3 3 0.000001 0.000037 0.004285 0.995652 0.000024
3 3 0.000018 0.000601 0.028341 0.970780 0.000260
3 3 0.000526 0.005640 0.088295 0.901770 0.003769
3 3 0.000000 0.000010 0.004978 0.995010 0.000001
3 3 0.000000 0.000006 0.005279 0.994714 0.000000
3 3 0.000002 0.000116 0.011221 0.988619 0.000043
3 3 0.000002 0.000325 0.025032 0.974556 0.000084
3 3 0.000001 0.000188 0.031433 0.968330 0.000047
2 3 0.000431 0.012449 0.953713 0.030252 0.003155
2 2 0.004436 0.149496 0.789754 0.049361 0.006952
2 3 0.000091 0.053020 0.928518 0.018134 0.000236
2 3 0.005055 0.087732 0.829500 0.077472 0.000241
2 3 0.000072 0.025138 0.974646 0.000034 0.000109
2 2 0.002498 0.025956 0.966142 0.005265 0.000140
2 2 0.000205 0.036212 0.961692 0.001615 0.000276
2 2 0.006441 0.159665 0.794713 0.002003 0.037178
1 3 0.039032 0.458637 0.364965 0.023097 0.114269
2 2 0.000594 0.145040 0.697596 0.083926 0.072844
2 3 0.000125 0.074532 0.920022 0.000213 0.005108
2 2 0.002762 0.018368 0.902500 0.075195 0.001175
2 2 0.000528 0.080864 0.916175 0.000031 0.002402
2 2 0.003963 0.121500 0.871207 0.000021 0.003309
2 2 0.029744 0.222580 0.740983 0.005566 0.001127
2 2 0.002227 0.098189 0.884004 0.000045 0.015534
2 2 0.002426 0.094248 0.879848 0.003348 0.020130
2 2 0.003367 0.102963 0.888999 0.000201 0.004471
2 2 0.000016 0.035153 0.899109 0.055704 0.010019
2 2 0.000251 0.012105 0.706238 0.276575 0.004831
2 2 0.000664 0.012742 0.985890 0.000562 0.000142
2 2 0.004083 0.043717 0.941264 0.005452 0.005483
2 2 0.000006 0.012154 0.985290 0.002006 0.000544
2 2 0.000035 0.003798 0.952261 0.043342 0.000564
4 4 0.018857 0.250995 0.110391 0.012349 0.607408
4 4 0.098364 0.277008 0.166586 0.004921 0.453121
2 4 0.188975 0.295941 0.483632 0.000059 0.031393
0 4 0.424626 0.413094 0.152336 0.000007 0.009938
4 4 0.017162 0.181283 0.126716 0.000424 0.674415
4 4 0.077033 0.079870 0.019752 0.007521 0.815823
1 4 0.089662 0.430579 0.216299 0.000380 0.263080
2 4 0.026176 0.309834 0.338693 0.000016 0.325281
2 4 0.017739 0.343248 0.382140 0.000016 0.256856
2 4 0.036227 0.139938 0.779750 0.000129 0.043955
2 4 0.040397 0.389513 0.545249 0.000011 0.024830
2 4 0.074717 0.279431 0.526397 0.000057 0.119398
1 4 0.050178 0.554194 0.073756 0.000207 0.321665
1 1 0.059673 0.606862 0.072690 0.000132 0.260642
2 4 0.012744 0.068590 0.900887 0.000106 0.017673
2 4 0.050092 0.222432 0.365589 0.000893 0.360994
1 4 0.037277 0.501045 0.106352 0.000080 0.355247
4 4 0.223158 0.278704 0.193405 0.003182 0.301551
4 4 0.077836 0.209424 0.063260 0.008576 0.640906
1 4 0.079579 0.517353 0.096849 0.000770 0.305448
1 4 0.126277 0.472902 0.221897 0.000226 0.178698
4 4 0.038785 0.388140 0.170222 0.000066 0.402786
1 4 0.331563 0.479184 0.053635 0.000234 0.135384
1 4 0.144092 0.451819 0.108045 0.000034 0.296011
4 4 0.009780 0.254953 0.050825 0.000377 0.684066
4 4 0.021416 0.228298 0.219321 0.000333 0.530632
4 4 0.035733 0.247537 0.115903 0.000296 0.600531
4 4 0.032758 0.209994 0.321212 0.000695 0.435342
4 4 0.085230 0.287725 0.054148 0.001810 0.571086
4 4 0.028521 0.366775 0.126678 0.000229 0.477797
4 4 0.105271 0.228164 0.070794 0.002867 0.592905
4 4 0.185705 0.296869 0.079412 0.000107 0.437906
1 4 0.073336 0.455895 0.091278 0.001797 0.377693
1 4 0.151863 0.588921 0.128400 0.000157 0.130658
4 4 0.022569 0.385562 0.093794 0.000155 0.497920
1 4 0.019961 0.551249 0.039919 0.000042 0.388829
1 4 0.073086 0.625698 0.224524 0.000001 0.076692
2 4 0.154817 0.348522 0.472178 0.000001 0.024482
1 4 0.086166 0.353211 0.216413 0.001872 0.342338
4 4 0.053914 0.414497 0.083977 0.002237 0.445375
4 4 0.068610 0.139457 0.040094 0.008740 0.743099
4 4 0.018402 0.011165 0.001590 0.000173 0.968670
1 4 0.052406 0.820147 0.022209 0.000008 0.105230
1 4 0.020334 0.576882 0.037545 0.000033 0.365206
4 4 0.050347 0.162889 0.009186 0.000242 0.777336
4 4 0.032550 0.048379 0.009744 0.000316 0.909011
4 4 0.014829 0.015319 0.000740 0.000185 0.968927
4 4 0.094677 0.068686 0.018837 0.010112 0.807688
4 4 0.093017 0.163306 0.024806 0.002320 0.716551
1 4 0.061884 0.522034 0.015416 0.000033 0.400632
4 4 0.107432 0.206939 0.050490 0.002656 0.632483
4 4 0.026490 0.120374 0.022620 0.000258 0.830259
4 4 0.009084 0.065407 0.011552 0.000114 0.913843
4 4 0.004345 0.002737 0.000105 0.000008 0.992806
4 4 0.039472 0.084782 0.018475 0.002136 0.855135
4 4 0.056652 0.226611 0.054054 0.001544 0.661139
4 4 0.037951 0.307639 0.053006 0.000019 0.601385
4 4 0.017522 0.109815 0.035493 0.000253 0.836917
4 4 0.010342 0.220702 0.040106 0.000288 0.728563
4 4 0.014628 0.407963 0.087530 0.000027 0.489851
1 4 0.034209 0.481634 0.073018 0.000220 0.410919
1 4 0.091846 0.679821 0.088178 0.000034 0.140121
1 4 0.029793 0.463632 0.126156 0.000046 0.380373
4 4 0.004443 0.278062 0.105978 0.000003 0.611515
1 4 0.120051 0.401966 0.216997 0.001397 0.259589
1 4 0.052441 0.382218 0.286991 0.000066 0.278284
1 4 0.032197 0.819451 0.027442 0.000002 0.120909
1 4 0.054496 0.681898 0.093319 0.000009 0.170278
1 4 0.085946 0.677376 0.099765 0.000020 0.136892
1 4 0.127370 0.680820 0.099006 0.000022 0.092782
1 4 0.160556 0.398445 0.156992 0.008984 0.275023
4 4 0.016714 0.210604 0.141911 0.000737 0.630034
4 4 0.045187 0.289381 0.147748 0.003291 0.514393
4 4 0.047863 0.435654 0.073574 0.001438 0.441471
4 4 0.173438 0.335957 0.034740 0.000788 0.455077
4 4 0.108974 0.367967 0.069167 0.002429 0.451463
4 4 0.007426 0.276664 0.046460 0.000106 0.669344
4 4 0.025932 0.429495 0.081531 0.000162 0.462881
1 4 0.165943 0.666975 0.087719 0.000046 0.079317
1 4 0.178228 0.723436 0.054201 0.000013 0.044123
4 4 0.011758 0.388484 0.127463 0.000074 0.472221
2 4 0.000345 0.074730 0.820649 0.001382 0.102894
1 4 0.120444 0.458822 0.357862 0.000003 0.062870
1 2 0.155672 0.514538 0.258785 0.000011 0.070995
1 2 0.037167 0.679284 0.104991 0.000002 0.178556
1 2 0.355121 0.465856 0.147053 0.000061 0.031908
2 2 0.000291 0.023210 0.964251 0.007166 0.005082
2 2 0.001880 0.019357 0.970690 0.005544 0.002529
2 2 0.000910 0.062069 0.931637 0.000066 0.005318
2 2 0.144377 0.308618 0.409389 0.000316 0.137301
2 2 0.005634 0.095621 0.846418 0.002138 0.050190
2 2 0.000638 0.012342 0.982971 0.001280 0.002769
2 2 0.001048 0.036036 0.952075 0.000032 0.010810
2 2 0.026809 0.226851 0.725271 0.000145 0.020924
2 2 0.000343 0.012705 0.983894 0.000900 0.002158
2 2 0.002138 0.032293 0.951255 0.000177 0.014137
2 2 0.000477 0.111467 0.746692 0.002218 0.139145
2 2 0.000333 0.032740 0.898567 0.000403 0.067957
2 2 0.001352 0.160433 0.801161 0.000001 0.037054
2 2 0.001886 0.029329 0.965599 0.000016 0.003169
2 2 0.003360 0.084523 0.843811 0.014523 0.053782
2 2 0.004092 0.240304 0.529921 0.000673 0.225009
2 2 0.003799 0.162914 0.572076 0.001129 0.260081
2 2 0.000252 0.020199 0.950962 0.002565 0.026022
2 2 0.002209 0.147125 0.779756 0.004218 0.066691
2 2 0.000378 0.028353 0.949340 0.006173 0.015757
2 2 0.010993 0.137299 0.810564 0.003010 0.038133
2 2 0.007978 0.037522 0.937748 0.004893 0.011859
2 2 0.000321 0.056238 0.842167 0.000059 0.101216
1 2 0.019800 0.419248 0.299974 0.000004 0.260974
2 2 0.035377 0.361508 0.577245 0.000072 0.025798
2 2 0.065180 0.166349 0.751089 0.000039 0.017344
2 2 0.000582 0.045692 0.951358 0.000111 0.002257
2 2 0.001682 0.060781 0.926026 0.000014 0.011497
2 2 0.002106 0.039063 0.955767 0.000323 0.002741
2 2 0.007471 0.047871 0.941638 0.000045 0.002975
2 2 0.000046 0.028815 0.969624 0.000076 0.001440
2 2 0.000080 0.015692 0.983173 0.000074 0.000981
2 2 0.023623 0.172859 0.799159 0.000703 0.003655
1 2 0.129826 0.554381 0.304920 0.000015 0.010859
2 2 0.000102 0.024770 0.973605 0.000004 0.001519
2 2 0.000387 0.016882 0.982077 0.000015 0.000639
2 2 0.020628 0.234826 0.723205 0.000008 0.021333
2 2 0.054724 0.286918 0.608676 0.000471 0.049211
1 2 0.029861 0.635700 0.243547 0.000070 0.090822
2 2 0.000297 0.089868 0.895138 0.000207 0.014489
1 4 0.008957 0.449035 0.437258 0.000004 0.104746
2 2 0.000387 0.026932 0.970731 0.000027 0.001923
2 2 0.028933 0.368625 0.538584 0.004112 0.059745
2 2 0.000035 0.003667 0.995288 0.000801 0.000210
2 2 0.001884 0.081941 0.902453 0.000055 0.013667
2 2 0.000087 0.023859 0.971091 0.000016 0.004947
2 2 0.001262 0.021559 0.976000 0.000546 0.000633
2 2 0.015097 0.091004 0.892968 0.000042 0.000889
2 2 0.000167 0.060722 0.932714 0.000472 0.005925
2 2 0.000311 0.013014 0.985972 0.000004 0.000698
2 2 0.004329 0.131487 0.861594 0.000002 0.002589
2 2 0.002792 0.138825 0.832833 0.000001 0.025549
2 2 0.084072 0.200899 0.703947 0.002571 0.008511
2 2 0.004337 0.046350 0.947776 0.000472 0.001065
2 2 0.003408 0.215011 0.764057 0.000688 0.016837
2 2 0.008173 0.063578 0.926515 0.001411 0.000323
2 2 0.000177 0.059355 0.938114 0.000342 0.002012
2 2 0.000256 0.005961 0.992871 0.000904 0.000008
2 2 0.000089 0.030066 0.968727 0.000008 0.001110
2 2 0.000331 0.034737 0.964750 0.000004 0.000178
2 2 0.009500 0.191885 0.792635 0.000000 0.005980
2 2 0.000048 0.016219 0.983113 0.000058 0.000562
2 3 0.000038 0.014151 0.984833 0.000919 0.000059
2 2 0.000056 0.004514 0.995230 0.000030 0.000169
2 3 0.001375 0.103684 0.701633 0.000098 0.193210
2 3 0.000333 0.057663 0.913739 0.002159 0.026106
2 3 0.002198 0.154028 0.841904 0.000039 0.001830
2 3 0.002692 0.094803 0.898496 0.000034 0.003974
2 3 0.000022 0.015402 0.984183 0.000004 0.000390
2 2 0.000218 0.020430 0.978505 0.000024 0.000823
2 2 0.000834 0.113262 0.882852 0.000058 0.002993
2 2 0.000362 0.012136 0.986600 0.000811 0.000091
2 2 0.000015 0.014272 0.985086 0.000127 0.000500
2 2 0.000206 0.012613 0.986115 0.000075 0.000991
2 2 0.003196 0.097605 0.898671 0.000011 0.000517
2 2 0.000987 0.054527 0.943361 0.000068 0.001057
2 2 0.000978 0.067488 0.902348 0.004737 0.024450
2 2 0.032062 0.180737 0.497926 0.218633 0.070643
2 2 0.000814 0.076586 0.875276 0.002463 0.044860
2 2 0.000724 0.041651 0.936825 0.008595 0.012206
2 2 0.000027 0.007447 0.989852 0.002017 0.000657
2 2 0.000500 0.013019 0.961819 0.016271 0.008392
2 2 0.010775 0.258472 0.544523 0.000864 0.185367
2 1 0.000142 0.015272 0.969328 0.000522 0.014736
2 2 0.000286 0.018586 0.979931 0.001128 0.000070
2 2 0.002122 0.096926 0.900439 0.000039 0.000475
2 2 0.000458 0.018409 0.979993 0.000079 0.001061
2 2 0.004274 0.157398 0.744077 0.000051 0.094200
2 2 0.000056 0.020180 0.968258 0.000157 0.011349
2 2 0.000454 0.139140 0.744193 0.017726 0.098488
2 2 0.005377 0.121608 0.815857 0.000572 0.056587
2 2 0.002041 0.091308 0.855666 0.001172 0.049814
2 2 0.001283 0.053604 0.837449 0.058017 0.049648
2 2 0.003601 0.042524 0.914189 0.004595 0.035091
2 2 0.001020 0.098963 0.866826 0.000412 0.032779
2 2 0.009061 0.119355 0.852964 0.000046 0.018574
2 2 0.000058 0.013535 0.975833 0.005890 0.004684
2 2 0.000273 0.018751 0.956429 0.012589 0.011957
2 2 0.000011 0.008352 0.990835 0.000230 0.000573
2 2 0.000911 0.039246 0.895605 0.030266 0.033973
2 2 0.001580 0.102296 0.860128 0.005192 0.030804
2 2 0.000469 0.019496 0.803287 0.175982 0.000765
2 2 0.000486 0.064112 0.895987 0.034568 0.004846
2 2 0.001040 0.018721 0.954235 0.024653 0.001352
2 2 0.001277 0.069455 0.910823 0.015333 0.003112
2 2 0.000566 0.045513 0.948857 0.002954 0.002110
2 2 0.000118 0.028655 0.965509 0.000223 0.005495
2 2 0.001860 0.029893 0.962438 0.001264 0.004545
2 2 0.000982 0.035512 0.746539 0.210174 0.006793
3 2 0.004228 0.023041 0.241024 0.708258 0.023449
2 2 0.000742 0.065269 0.917276 0.009706 0.007006
2 2 0.000825 0.045771 0.910623 0.013750 0.029032
2 2 0.000021 0.007208 0.972581 0.019232 0.000959
2 2 0.000288 0.011482 0.891694 0.090010 0.006527
2 3 0.001180 0.141658 0.721011 0.123404 0.012747
2 3 0.000152 0.040881 0.702450 0.243550 0.012967
3 3 0.000101 0.006429 0.358615 0.631315 0.003541
2 3 0.000048 0.017886 0.953636 0.019961 0.008469
3 3 0.000182 0.001829 0.039815 0.956568 0.001606
2 3 0.001395 0.023089 0.934082 0.039192 0.002242
2 2 0.001264 0.038681 0.959729 0.000227 0.000099
2 2 0.006578 0.055788 0.936254 0.000126 0.001254
2 2 0.000000 0.001274 0.998628 0.000090 0.000007
2 2 0.000003 0.001541 0.998434 0.000016 0.000005
2 2 0.000487 0.031960 0.967265 0.000003 0.000285
2 2 0.000276 0.013073 0.986370 0.000042 0.000239
2 2 0.000018 0.019200 0.980360 0.000110 0.000312
2 2 0.000811 0.101292 0.894220 0.000677 0.002999
2 2 0.000006 0.001960 0.997976 0.000047 0.000011
2 2 0.000002 0.000838 0.998989 0.000166 0.000005
2 2 0.000029 0.015094 0.980589 0.004133 0.000155
2 2 0.000002 0.000808 0.998109 0.001080 0.000001
2 2 0.000066 0.003049 0.996872 0.000011 0.000002
2 2 0.000137 0.017859 0.981921 0.000034 0.000048
2 2 0.000010 0.002566 0.866298 0.131114 0.000011
2 2 0.002085 0.023235 0.971455 0.003175 0.000050
2 2 0.000010 0.001772 0.989113 0.009105 0.000001
2 2 0.000029 0.003274 0.988622 0.008060 0.000015
2 2 0.000222 0.044776 0.925203 0.029526 0.000274
2 2 0.000034 0.006747 0.987953 0.005148 0.000118
2 2 0.000323 0.014114 0.985223 0.000328 0.000012
2 2 0.000615 0.070331 0.928361 0.000067 0.000626
2 2 0.000007 0.002486 0.996630 0.000870 0.000008
2 2 0.000128 0.012998 0.986576 0.000218 0.000080
2 2 0.000017 0.002112 0.992171 0.005696 0.000004
2 2 0.000075 0.008707 0.986942 0.004258 0.000018
2 2 0.000015 0.015871 0.971136 0.012905 0.000072
2 2 0.000005 0.001146 0.997511 0.001338 0.000000
2 3 0.001097 0.027395 0.969634 0.001822 0.000052
2 2 0.000012 0.002444 0.957155 0.040387 0.000002
2 2 0.002387 0.035783 0.957701 0.004095 0.000035
2 3 0.000346 0.015946 0.787389 0.196302 0.000017
2 3 0.000010 0.003183 0.993751 0.003053 0.000003
2 2 0.000409 0.006184 0.993189 0.000217 0.000001
2 2 0.000009 0.006233 0.992425 0.001309 0.000023
2 2 0.000008 0.002361 0.985087 0.012540 0.000003
2 3 0.000056 0.009172 0.983933 0.006815 0.000024
2 2 0.000008 0.002132 0.922628 0.075214 0.000018
2 2 0.002949 0.174052 0.771717 0.000327 0.050956
2 2 0.014895 0.141739 0.816427 0.001993 0.024947
2 2 0.003437 0.128830 0.701890 0.019524 0.146319
2 2 0.033071 0.341952 0.545049 0.004033 0.075895
1 2 0.009229 0.492142 0.407571 0.000099 0.090958
2 2 0.002563 0.105765 0.867655 0.001283 0.022734
2 2 0.000102 0.012644 0.985111 0.001155 0.000988
2 2 0.000098 0.006449 0.944562 0.048083 0.000808
2 2 0.000511 0.025481 0.967430 0.000544 0.006034
2 2 0.000260 0.012109 0.982928 0.001273 0.003429
2 2 0.001650 0.165125 0.815535 0.000662 0.017028
2 2 0.001565 0.042313 0.948880 0.002390 0.004852
2 3 0.000233 0.050501 0.946623 0.000686 0.001956
2 2 0.000103 0.007404 0.985974 0.004332 0.002187
2 2 0.008386 0.122288 0.818503 0.001397 0.049426
2 2 0.013770 0.121151 0.842870 0.000940 0.021269
2 2 0.000726 0.087780 0.897592 0.000712 0.013191
2 2 0.009518 0.100922 0.859622 0.005411 0.024527
2 4 0.002219 0.230877 0.660764 0.000273 0.105867
2 4 0.005568 0.096436 0.875990 0.001610 0.020397
4 4 0.008611 0.335261 0.104426 0.000004 0.551697
4 4 0.012996 0.364521 0.219861 0.000003 0.402619
4 4 0.011690 0.416087 0.130072 0.000004 0.442147
4 4 0.037651 0.302136 0.116461 0.000366 0.543386
4 1 0.157807 0.298596 0.044275 0.001635 0.497688
0 4 0.621407 0.103593 0.028103 0.004328 0.242568
4 4 0.009722 0.246122 0.221705 0.000013 0.522439
1 4 0.087507 0.317337 0.292251 0.001198 0.301707
2 4 0.058723 0.288197 0.548501 0.006906 0.097674
1 4 0.065516 0.432935 0.158015 0.000509 0.343025
2 4 0.004355 0.225733 0.611831 0.002067 0.156014
1 4 0.142437 0.452763 0.239205 0.000192 0.165404
1 4 0.085158 0.364940 0.283444 0.000411 0.266047
4 4 0.065002 0.089480 0.020341 0.005894 0.819283
4 4 0.047338 0.033117 0.004328 0.001979 0.913237
4 4 0.004900 0.252088 0.022505 0.000120 0.720387
4 4 0.050262 0.275809 0.044032 0.000123 0.629774
4 4 0.012345 0.165718 0.029927 0.000176 0.791834
4 4 0.019094 0.277481 0.161970 0.000174 0.541282
4 4 0.011942 0.048330 0.035644 0.000109 0.903975
4 4 0.027243 0.380046 0.040215 0.000536 0.551960
4 4 0.022987 0.308674 0.026243 0.000323 0.641773
1 4 0.034373 0.432919 0.277862 0.000007 0.254839
4 4 0.120212 0.312246 0.054189 0.000069 0.513284
4 4 0.123547 0.124668 0.011353 0.000891 0.739541
4 4 0.049828 0.291796 0.027752 0.000531 0.630093
4 4 0.205803 0.191444 0.019820 0.001082 0.581851
4 4 0.064981 0.391212 0.031167 0.000216 0.512424
4 4 0.062175 0.182560 0.229860 0.008146 0.517260
4 4 0.062125 0.258195 0.161938 0.013530 0.504212
4 4 0.028669 0.005526 0.002589 0.000116 0.963100
4 4 0.199822 0.024053 0.003023 0.000220 0.772883
1 4 0.101410 0.471251 0.334600 0.000005 0.092734
0 4 0.356824 0.271475 0.343303 0.000093 0.028305
1 4 0.074366 0.416025 0.201932 0.000426 0.307250
4 4 0.008697 0.421787 0.059240 0.000008 0.510267
2 4 0.004936 0.189101 0.678775 0.000125 0.127063
2 4 0.052113 0.231334 0.471565 0.000149 0.244840
4 4 0.022196 0.078377 0.034233 0.000557 0.864637
4 4 0.028240 0.080552 0.025812 0.000974 0.864421
4 4 0.079130 0.045796 0.024353 0.004534 0.846187
4 4 0.007683 0.018248 0.012321 0.000027 0.961721
4 4 0.149191 0.093476 0.012375 0.000441 0.744517
4 4 0.035940 0.063620 0.006904 0.000308 0.893228
4 4 0.037612 0.265451 0.044523 0.000210 0.652205
4 4 0.011546 0.194425 0.056339 0.000362 0.737328
1 4 0.037588 0.803074 0.020367 0.000008 0.138962
1 4 0.019009 0.501490 0.031589 0.000128 0.447784
4 4 0.012539 0.438773 0.036364 0.000062 0.512263
4 4 0.231476 0.235648 0.147591 0.000337 0.384948
1 1 0.027255 0.347344 0.305579 0.000016 0.319807
0 1 0.497772 0.370693 0.128066 0.000000 0.003469
2 1 0.015351 0.281554 0.694798 0.000001 0.008295
2 1 0.008766 0.099427 0.879254 0.000017 0.012537
2 1 0.000195 0.195715 0.795458 0.000005 0.008628
2 1 0.011604 0.209720 0.774346 0.000083 0.004247
2 1 0.000516 0.039614 0.958422 0.000035 0.001413
2 1 0.012843 0.149616 0.834876 0.000012 0.002653
1 1 0.027730 0.721080 0.153162 0.000000 0.098029
1 1 0.016570 0.410096 0.311017 0.000001 0.262317
2 1 0.008454 0.247935 0.669823 0.008271 0.065518
2 1 0.129640 0.381223 0.428970 0.001358 0.058809
1 1 0.026141 0.519577 0.056431 0.000084 0.397767
2 1 0.002875 0.325811 0.625603 0.000001 0.045710
2 1 0.002051 0.258546 0.726939 0.000001 0.012463
2 1 0.006410 0.198196 0.773812 0.000000 0.021581
2 2 0.052913 0.330461 0.611824 0.000001 0.004801
2 1 0.010263 0.108034 0.878841 0.000002 0.002860
2 2 0.001028 0.098304 0.897066 0.000024 0.003578
2 2 0.016434 0.088974 0.890345 0.000136 0.004111
2 2 0.000116 0.036869 0.957914 0.000035 0.005066
2 2 0.000189 0.010705 0.983223 0.000077 0.005806
2 2 0.023017 0.311829 0.571019 0.000153 0.093982
2 2 0.002783 0.073329 0.921479 0.000002 0.002407
2 2 0.000002 0.000514 0.999438 0.000045 0.000000
2 2 0.000413 0.013419 0.986072 0.000040 0.000056
2 2 0.001269 0.420785 0.566983 0.000001 0.010962
2 2 0.022733 0.395296 0.574226 0.000000 0.007745
2 2 0.000319 0.049740 0.948827 0.000002 0.001112
2 2 0.001418 0.070681 0.926355 0.000018 0.001528
2 2 0.000763 0.098593 0.899397 0.000009 0.001238
2 2 0.002256 0.061818 0.935826 0.000025 0.000074
2 1 0.002935 0.094249 0.901771 0.000012 0.001033
0 1 0.557661 0.331881 0.108539 0.000000 0.001918
2 2 0.006380 0.221313 0.771812 0.000003 0.000493
2 2 0.001390 0.042596 0.955662 0.000002 0.000351
2 1 0.014680 0.165568 0.815838 0.000075 0.003840
2 2 0.003439 0.076961 0.918507 0.000009 0.001084
2 1 0.000340 0.056224 0.943027 0.000001 0.000408
2 0 0.038061 0.349897 0.597708 0.000462 0.013872
1 1 0.004747 0.688235 0.006362 0.000001 0.300655
0 1 0.358725 0.275768 0.217078 0.027616 0.120813
4 1 0.033543 0.390317 0.149021 0.000162 0.426957
4 2 0.013027 0.214872 0.139139 0.000607 0.632354
2 2 0.001077 0.125194 0.845423 0.000401 0.027905
2 2 0.018047 0.167114 0.733364 0.006038 0.075437
2 2 0.001576 0.248350 0.538421 0.000624 0.211030
2 2 0.001403 0.119279 0.732953 0.001820 0.144545
2 2 0.003530 0.076316 0.833798 0.041089 0.045267
2 2 0.000172 0.027788 0.936888 0.002091 0.033060
2 2 0.000708 0.032844 0.948142 0.002460 0.015846
2 2 0.002395 0.051533 0.930238 0.003520 0.012313
2 2 0.000870 0.031633 0.958578 0.004196 0.004723
2 2 0.000959 0.064019 0.872995 0.005904 0.056123
2 2 0.000631 0.056219 0.866747 0.001307 0.075096
2 2 0.000740 0.043507 0.935900 0.002069 0.017784
2 2 0.001107 0.274257 0.465505 0.009097 0.250034
2 2 0.001971 0.126489 0.690160 0.005126 0.176254
2 2 0.005620 0.300705 0.392136 0.001275 0.300264
2 2 0.000771 0.070389 0.818744 0.002004 0.108092
2 2 0.006432 0.326605 0.386928 0.000930 0.279105
2 2 0.000125 0.049166 0.881106 0.000603 0.069000
2 2 0.000119 0.026850 0.966439 0.001688 0.004904
2 2 0.000251 0.035532 0.912477 0.001330 0.050409
2 2 0.005249 0.155366 0.648647 0.005847 0.184892
2 2 0.006585 0.103498 0.714511 0.002098 0.173307
2 2 0.000268 0.051385 0.917466 0.015338 0.015543
2 2 0.000088 0.026005 0.947260 0.007512 0.019134
2 2 0.000169 0.032249 0.963549 0.000696 0.003336
2 2 0.000324 0.035846 0.918579 0.003782 0.041469
2 2 0.000006 0.009898 0.986237 0.000975 0.002884
2 2 0.000209 0.055424 0.900472 0.008387 0.035508
2 2 0.005919 0.132445 0.759007 0.000758 0.101871
2 2 0.000699 0.070536 0.892484 0.000533 0.035748
2 2 0.001193 0.096910 0.876113 0.002640 0.023143
2 2 0.005306 0.101146 0.868117 0.005568 0.019862
2 2 0.000012 0.006561 0.982052 0.008849 0.002525
2 2 0.000108 0.064532 0.877400 0.003379 0.054581
2 2 0.000045 0.032402 0.955179 0.003269 0.009105
2 2 0.000346 0.021071 0.968595 0.005679 0.004309
2 2 0.000247 0.125984 0.774381 0.032400 0.066988
2 2 0.000738 0.099465 0.717658 0.133063 0.049076
3 2 0.000002 0.002451 0.476116 0.521374 0.000056
2 2 0.000302 0.020691 0.837676 0.137477 0.003853
