0 0 0.544625 0.110781 0.221745 0.084518 0.038332
2 0 0.215108 0.360207 0.403190 0.000471 0.021024
0 0 0.563204 0.157566 0.222028 0.005897 0.051305
0 0 0.612494 0.068664 0.258143 0.007685 0.053013
2 0 0.110765 0.185857 0.415559 0.209424 0.078395
0 0 0.749878 0.137483 0.059524 0.000644 0.052471
0 0 0.806111 0.136442 0.034325 0.000008 0.023114
1 0 0.288498 0.499673 0.149384 0.000076 0.062370
0 0 0.849182 0.076082 0.046394 0.000861 0.027482
0 0 0.765158 0.036777 0.028725 0.010808 0.158531
0 0 0.541565 0.059530 0.045009 0.007255 0.346640
0 0 0.707654 0.074277 0.047671 0.007556 0.162842
0 0 0.717803 0.160171 0.089292 0.001377 0.031358
1 0 0.342838 0.463443 0.171152 0.000032 0.022535
0 0 0.678423 0.186196 0.080243 0.000147 0.054991
0 0 0.936527 0.027608 0.019255 0.000334 0.016276
0 0 0.503360 0.171574 0.111579 0.003063 0.210425
0 0 0.569658 0.181734 0.110203 0.000267 0.138138
4 0 0.029343 0.132420 0.183267 0.000329 0.654641
4 0 0.028456 0.059544 0.019892 0.000011 0.892098
4 0 0.002024 0.006953 0.004816 0.000000 0.986207
4 0 0.022042 0.014349 0.004455 0.000002 0.959151
4 0 0.015282 0.175691 0.205920 0.003670 0.599436
4 0 0.023214 0.232375 0.209836 0.000836 0.533738
4 1 0.004955 0.151589 0.154034 0.000230 0.689192
4 1 0.004580 0.293745 0.224364 0.000083 0.477228
4 1 0.004358 0.036396 0.014102 0.000015 0.945129
4 1 0.012646 0.074220 0.029544 0.000122 0.883469
4 1 0.018655 0.041722 0.013323 0.000002 0.926298
4 1 0.090196 0.099456 0.036473 0.000419 0.773456
0 0 0.487077 0.246757 0.068325 0.000023 0.197819
4 0 0.026017 0.099377 0.035947 0.000048 0.838611
4 1 0.051341 0.057179 0.024431 0.000244 0.866804
4 1 0.020840 0.107638 0.212929 0.031076 0.627517
0 0 0.420352 0.354176 0.120305 0.000016 0.105150
2 0 0.071292 0.192344 0.408178 0.015358 0.312829
4 1 0.035119 0.097859 0.037526 0.000255 0.829241
2 0 0.015110 0.303195 0.599886 0.000640 0.081168
4 0 0.243873 0.260845 0.091323 0.000132 0.403826
4 0 0.007087 0.097449 0.041624 0.000221 0.853619
4 0 0.013242 0.095021 0.034131 0.000015 0.857590
1 1 0.033478 0.577141 0.202246 0.000054 0.187080
2 1 0.057544 0.361678 0.442987 0.001567 0.136224
2 1 0.001018 0.156690 0.493977 0.002592 0.345722
0 1 0.354023 0.244010 0.266225 0.011243 0.124499
2 0 0.311201 0.134557 0.368679 0.150501 0.035063
0 0 0.461534 0.104568 0.238429 0.152206 0.043263
0 0 0.474390 0.099107 0.292115 0.104759 0.029629
0 0 0.350972 0.187287 0.339162 0.070671 0.051907
0 0 0.959264 0.009319 0.011054 0.000591 0.019772
2 0 0.065893 0.154068 0.529857 0.002830 0.247352
4 0 0.016828 0.066593 0.071966 0.000496 0.844117
4 0 0.199840 0.111225 0.289096 0.000113 0.399726
0 0 0.749528 0.033748 0.072726 0.038637 0.105361
0 0 0.808799 0.028859 0.025124 0.003293 0.133925
0 0 0.814124 0.043351 0.027272 0.000205 0.115048
0 0 0.577006 0.088337 0.196074 0.011353 0.127231
4 0 0.118383 0.040362 0.233842 0.281048 0.326364
4 0 0.408128 0.096859 0.064752 0.003007 0.427253
2 0 0.008566 0.111909 0.741394 0.130361 0.007770
4 1 0.022629 0.239743 0.153712 0.005175 0.578741
2 1 0.011766 0.284048 0.658418 0.010967 0.034801
0 0 0.868895 0.038105 0.031483 0.007966 0.053550
0 0 0.866662 0.015024 0.013550 0.010893 0.093871
0 0 0.452782 0.079621 0.192985 0.074773 0.199837
0 0 0.747355 0.060209 0.069690 0.028180 0.094565
0 0 0.877546 0.029826 0.022518 0.000506 0.069604
0 0 0.762766 0.056118 0.065735 0.069246 0.046136
0 0 0.987642 0.003224 0.002638 0.000037 0.006459
0 0 0.978830 0.004143 0.005327 0.001206 0.010494
0 0 0.669817 0.194124 0.082865 0.000882 0.052312
0 0 0.860873 0.064647 0.044473 0.001557 0.028450
0 0 0.703968 0.152430 0.103728 0.004927 0.034947
0 0 0.498605 0.058653 0.102870 0.297759 0.042113
0 0 0.489154 0.052455 0.255654 0.186089 0.016647
3 0 0.145219 0.108766 0.236392 0.485412 0.024210
2 0 0.062860 0.112527 0.559214 0.255753 0.009647
0 0 0.581798 0.181550 0.193415 0.026689 0.016549
0 0 0.402888 0.038401 0.179127 0.362487 0.017096
0 0 0.357063 0.096463 0.246986 0.262296 0.037192
0 0 0.890556 0.047181 0.028505 0.000728 0.033031
0 0 0.922467 0.038930 0.015394 0.000032 0.023177
4 0 0.066951 0.242830 0.214880 0.000022 0.475316
0 0 0.817188 0.032925 0.038377 0.001949 0.109560
0 0 0.929849 0.020698 0.011346 0.000273 0.037834
0 0 0.824847 0.070083 0.041936 0.002659 0.060475
0 0 0.570555 0.123220 0.045373 0.000095 0.260757
0 0 0.535987 0.109330 0.112700 0.000953 0.241029
2 0 0.035510 0.043813 0.585489 0.073952 0.261237
4 0 0.027442 0.016774 0.463317 0.013104 0.479363
4 0 0.283906 0.096788 0.073967 0.003713 0.541626
0 1 0.387860 0.246991 0.262334 0.032827 0.069987
1 1 0.265461 0.373345 0.319637 0.011203 0.030354
2 1 0.036752 0.220593 0.677044 0.045336 0.020275
0 2 0.292381 0.268299 0.176575 0.015846 0.246899
0 2 0.501956 0.200983 0.091510 0.002875 0.202677
2 2 0.012370 0.310498 0.568290 0.039594 0.069247
3 2 0.086936 0.294551 0.187419 0.300262 0.130833
2 2 0.004628 0.182385 0.644188 0.078851 0.089948
2 2 0.004823 0.059379 0.839137 0.070729 0.025931
1 2 0.117693 0.576413 0.272090 0.004344 0.029460
2 2 0.023145 0.161446 0.738718 0.068454 0.008238
2 2 0.035594 0.372628 0.569316 0.008707 0.013755
2 2 0.091386 0.356907 0.494738 0.018405 0.038564
2 3 0.091291 0.305243 0.422995 0.024731 0.155739
2 3 0.091658 0.214958 0.647268 0.010393 0.035722
3 3 0.112924 0.180352 0.225884 0.379909 0.100931
2 3 0.020703 0.169076 0.680755 0.116595 0.012871
2 3 0.047118 0.360487 0.416377 0.088534 0.087484
3 3 0.022403 0.160759 0.319230 0.434676 0.062931
2 2 0.013639 0.338974 0.635793 0.001611 0.009983
2 2 0.003942 0.034970 0.525240 0.432404 0.003444
2 2 0.004173 0.161795 0.814773 0.011426 0.007834
2 2 0.025737 0.272403 0.600637 0.025036 0.076188
2 3 0.004830 0.188540 0.693476 0.073192 0.039962
2 3 0.001664 0.086263 0.837227 0.064585 0.010262
2 3 0.035465 0.100941 0.483187 0.367914 0.012492
2 3 0.185844 0.224574 0.434039 0.089721 0.065822
2 3 0.072622 0.102065 0.438417 0.374655 0.012241
0 3 0.801820 0.081214 0.068362 0.010070 0.038534
0 3 0.625925 0.081939 0.247556 0.024670 0.019910
0 0 0.557246 0.070256 0.129452 0.196154 0.046893
2 0 0.093475 0.303442 0.306385 0.003304 0.293393
4 0 0.256739 0.154243 0.100115 0.003341 0.485562
0 1 0.816864 0.048750 0.080395 0.009563 0.044428
0 0 0.969459 0.011677 0.010850 0.000168 0.007847
0 0 0.612250 0.244325 0.099666 0.000669 0.043090
0 0 0.887785 0.036003 0.017394 0.000427 0.058392
0 0 0.826882 0.111673 0.036865 0.000032 0.024548
0 0 0.616494 0.070962 0.128904 0.012226 0.171415
0 0 0.901363 0.035507 0.013185 0.000074 0.049871
0 0 0.954257 0.016610 0.003517 0.000001 0.025615
0 0 0.491987 0.290370 0.080602 0.000028 0.137014
0 1 0.691284 0.088076 0.024480 0.000046 0.196114
4 1 0.041732 0.370120 0.146537 0.000719 0.440892
4 1 0.063925 0.370192 0.127100 0.000070 0.438713
4 0 0.164961 0.189412 0.226720 0.000139 0.418766
0 0 0.664345 0.104794 0.051574 0.001560 0.177727
2 0 0.099582 0.189947 0.390919 0.006151 0.313401
4 0 0.050954 0.008695 0.008687 0.000188 0.931475
0 0 0.662214 0.049476 0.038301 0.002722 0.247287
4 0 0.326224 0.051162 0.024497 0.000157 0.597960
4 1 0.221510 0.315774 0.119840 0.004006 0.338869
4 0 0.217964 0.199331 0.121389 0.002434 0.458882
0 0 0.792151 0.031058 0.046057 0.025679 0.105054
0 0 0.899919 0.023257 0.008119 0.000044 0.068661
0 0 0.767402 0.088959 0.038282 0.000316 0.105042
4 0 0.085195 0.023878 0.014333 0.000156 0.876438
4 1 0.280058 0.064437 0.240211 0.001309 0.413986
0 0 0.500643 0.026259 0.092006 0.002393 0.378698
4 0 0.246959 0.188860 0.064669 0.000463 0.499049
0 0 0.532515 0.258590 0.075917 0.000103 0.132876
0 0 0.806980 0.079974 0.053792 0.004884 0.054370
0 0 0.744022 0.015076 0.014096 0.017213 0.209593
0 0 0.703832 0.075199 0.070423 0.000390 0.150156
0 0 0.907472 0.046818 0.014351 0.000015 0.031344
0 0 0.550272 0.239170 0.060912 0.000005 0.149641
0 0 0.702164 0.056566 0.015893 0.000059 0.225318
4 0 0.458411 0.031789 0.014986 0.000077 0.494737
0 0 0.693731 0.017635 0.013566 0.003080 0.271988
0 1 0.469014 0.149359 0.058605 0.001637 0.321384
2 0 0.212817 0.095544 0.643265 0.013579 0.034795
0 1 0.604552 0.267372 0.075599 0.000081 0.052396
1 1 0.298996 0.510282 0.140723 0.000016 0.049984
0 0 0.596020 0.284772 0.077743 0.000042 0.041423
0 0 0.833334 0.048049 0.018683 0.000398 0.099536
0 0 0.707740 0.126854 0.039640 0.000002 0.125764
0 0 0.890395 0.022092 0.034150 0.006351 0.047012
0 0 0.983250 0.002721 0.001826 0.000011 0.012191
0 0 0.391489 0.152142 0.101471 0.000207 0.354690
0 0 0.564563 0.239857 0.078036 0.001011 0.116533
0 0 0.783762 0.127113 0.054145 0.000272 0.034708
0 0 0.613806 0.199152 0.140017 0.001212 0.045813
0 0 0.862752 0.043597 0.026666 0.001977 0.065008
0 0 0.827506 0.030725 0.024819 0.001640 0.115310
0 0 0.810486 0.011521 0.009363 0.000366 0.168264
0 0 0.828557 0.035901 0.010244 0.000083 0.125215
0 0 0.906371 0.019655 0.011054 0.000693 0.062227
0 0 0.670167 0.197577 0.091871 0.000919 0.039466
4 0 0.205192 0.222175 0.075698 0.000056 0.496880
0 0 0.766597 0.096394 0.071132 0.001511 0.064367
0 0 0.813748 0.022897 0.018170 0.000357 0.144828
0 0 0.670390 0.032927 0.021593 0.000517 0.274574
0 0 0.978127 0.008502 0.003672 0.000004 0.009696
0 0 0.658610 0.014586 0.010433 0.000648 0.315723
0 0 0.911969 0.027926 0.015874 0.000026 0.044205
0 0 0.790947 0.014930 0.012957 0.013420 0.167746
0 0 0.840471 0.027105 0.018189 0.006218 0.108017
0 0 0.882386 0.075092 0.023612 0.000011 0.018899
0 0 0.958708 0.010426 0.006123 0.000118 0.024624
0 0 0.883738 0.022632 0.015816 0.003532 0.074283
0 0 0.880238 0.059342 0.029349 0.000256 0.030814
0 0 0.712586 0.191114 0.051920 0.000050 0.044331
0 0 0.529317 0.199690 0.080871 0.000313 0.189809
0 0 0.910573 0.029181 0.041042 0.001055 0.018150
0 0 0.820362 0.073127 0.045052 0.000612 0.060848
0 0 0.883748 0.013942 0.008199 0.000035 0.094076
4 0 0.242927 0.011737 0.026439 0.350585 0.368313
4 0 0.044216 0.005020 0.005108 0.000209 0.945447
4 0 0.137601 0.039019 0.020243 0.000176 0.802962
0 0 0.527244 0.227303 0.068743 0.000171 0.176539
0 0 0.760220 0.112705 0.029164 0.000015 0.097895
1 1 0.060341 0.563003 0.236139 0.006304 0.134214
1 1 0.074518 0.513471 0.196222 0.001043 0.214747
1 1 0.337051 0.368378 0.124791 0.000316 0.169464
0 0 0.519114 0.269934 0.125493 0.004999 0.080461
4 0 0.125116 0.149111 0.073046 0.000068 0.652659
1 1 0.267681 0.308246 0.193814 0.000808 0.229451
0 0 0.796157 0.064881 0.059803 0.024786 0.054372
0 0 0.550058 0.005277 0.008337 0.015993 0.420335
0 0 0.877452 0.051841 0.023823 0.000298 0.046586
0 0 0.834536 0.052400 0.033353 0.004257 0.075454
0 0 0.936693 0.015725 0.010010 0.000243 0.037330
0 0 0.919533 0.031694 0.025297 0.001312 0.022163
0 0 0.667960 0.237922 0.089120 0.000001 0.004997
0 0 0.932362 0.046703 0.014715 0.000001 0.006218
0 0 0.475774 0.203294 0.069627 0.000337 0.250968
2 0 0.194650 0.181614 0.361027 0.013276 0.249432
4 0 0.101271 0.051913 0.127459 0.165489 0.553867
0 0 0.484776 0.102429 0.048950 0.001187 0.362657
0 0 0.563784 0.306489 0.088341 0.000118 0.041268
1 0 0.338911 0.365534 0.234378 0.001370 0.059808
4 1 0.021442 0.240298 0.090034 0.000076 0.648149
2 1 0.008457 0.395648 0.460527 0.000972 0.134397
4 0 0.154423 0.258995 0.234266 0.012112 0.340204
0 0 0.511593 0.122833 0.203391 0.005312 0.156870
0 1 0.393356 0.373688 0.130431 0.002597 0.099928
1 1 0.186643 0.453404 0.159991 0.000808 0.199154
4 1 0.005794 0.036361 0.013847 0.000016 0.943982
4 1 0.006850 0.032808 0.012210 0.000013 0.948119
4 1 0.019775 0.073472 0.028441 0.000133 0.878180
4 0 0.007781 0.023057 0.008149 0.000005 0.961008
4 1 0.009869 0.044075 0.034239 0.000021 0.911796
4 1 0.039894 0.095213 0.062817 0.000022 0.802054
4 1 0.000578 0.011859 0.004516 0.000001 0.983047
4 4 0.003773 0.037585 0.014750 0.000016 0.943877
4 4 0.019464 0.054788 0.020441 0.000061 0.905246
4 4 0.013394 0.042112 0.015362 0.000022 0.929109
4 4 0.009576 0.020759 0.009273 0.000017 0.960375
4 4 0.013818 0.084066 0.041193 0.000199 0.860724
4 4 0.144621 0.188443 0.084843 0.000005 0.582088
4 4 0.031911 0.056027 0.115291 0.004543 0.792228
4 4 0.040428 0.073815 0.036450 0.000062 0.849245
4 4 0.027767 0.068387 0.038163 0.000992 0.864691
1 1 0.061878 0.447117 0.443739 0.018191 0.029076
2 1 0.014267 0.172392 0.796604 0.010224 0.006513
1 1 0.239900 0.463981 0.253444 0.011253 0.031422
1 1 0.058536 0.466503 0.461014 0.002643 0.011304
1 1 0.055198 0.387229 0.183791 0.053809 0.319973
1 1 0.048977 0.537576 0.218501 0.002096 0.192850
4 1 0.001399 0.160268 0.285803 0.001007 0.551523
2 2 0.004124 0.359570 0.446493 0.006250 0.183563
2 2 0.000839 0.116675 0.703901 0.000246 0.178339
2 2 0.006509 0.291056 0.490620 0.010609 0.201206
1 2 0.129259 0.419933 0.156969 0.001350 0.292489
1 2 0.326861 0.332234 0.189240 0.000673 0.150991
2 2 0.001444 0.150900 0.779303 0.003483 0.064869
2 2 0.003005 0.114845 0.726142 0.133431 0.022577
2 2 0.001125 0.336377 0.593630 0.000060 0.068809
2 2 0.005276 0.196195 0.493824 0.001094 0.303611
2 2 0.012992 0.137461 0.825083 0.000678 0.023786
2 2 0.061948 0.268136 0.422966 0.002146 0.244804
2 2 0.002507 0.351726 0.423448 0.000201 0.222119
2 3 0.000063 0.021338 0.970373 0.003744 0.004481
2 3 0.002142 0.100891 0.869977 0.000014 0.026976
2 3 0.302748 0.060869 0.520206 0.066210 0.049967
2 0 0.169589 0.114462 0.656104 0.056595 0.003250
0 0 0.348773 0.306405 0.227809 0.057161 0.059852
0 0 0.870545 0.067960 0.021937 0.000039 0.039519
0 1 0.583600 0.133130 0.166814 0.012508 0.103948
1 1 0.070635 0.527079 0.191297 0.000330 0.210658
2 1 0.007065 0.320897 0.655631 0.001287 0.015120
0 1 0.537965 0.278786 0.081698 0.000111 0.101440
4 1 0.034979 0.195314 0.067754 0.000031 0.701922
0 1 0.823412 0.108697 0.029806 0.000002 0.038083
0 1 0.814844 0.133906 0.027942 0.000000 0.023309
1 1 0.031936 0.616313 0.220207 0.000051 0.131493
0 1 0.599511 0.178085 0.100530 0.000063 0.121812
1 0 0.246072 0.369837 0.229012 0.000984 0.154096
1 1 0.068650 0.556875 0.324546 0.005795 0.044134
0 1 0.351062 0.348730 0.127595 0.004823 0.167789
1 1 0.046432 0.409485 0.200342 0.084506 0.259235
2 1 0.008294 0.282574 0.534771 0.000213 0.174148
2 2 0.001485 0.177349 0.673603 0.000230 0.147333
2 2 0.000276 0.025148 0.950038 0.013108 0.011430
1 2 0.028144 0.468983 0.355172 0.020143 0.127560
2 2 0.003729 0.192277 0.500561 0.000425 0.303008
4 2 0.011975 0.234672 0.336880 0.000128 0.416344
2 2 0.199435 0.364908 0.396393 0.000255 0.039009
2 2 0.160799 0.074085 0.626992 0.108017 0.030106
0 2 0.390094 0.373755 0.168832 0.000112 0.067207
2 2 0.035511 0.165475 0.610280 0.149265 0.039469
2 2 0.004195 0.215386 0.641278 0.011602 0.127539
2 2 0.000255 0.062820 0.836894 0.001980 0.098051
2 3 0.000026 0.024159 0.972429 0.000064 0.003322
2 3 0.000003 0.016706 0.978144 0.000992 0.004155
2 3 0.000008 0.070843 0.908703 0.000025 0.020421
2 3 0.000004 0.002247 0.935208 0.062442 0.000099
2 3 0.000746 0.065002 0.882339 0.041417 0.010496
2 3 0.000109 0.016435 0.872758 0.107452 0.003246
2 3 0.001276 0.046533 0.491384 0.438053 0.022755
2 3 0.000034 0.002595 0.612560 0.384060 0.000752
3 3 0.000011 0.002625 0.494517 0.501111 0.001737
3 3 0.000130 0.002564 0.121842 0.874300 0.001165
3 3 0.000043 0.003448 0.417494 0.578565 0.000450
3 3 0.021664 0.044137 0.084834 0.818479 0.030885
3 3 0.000026 0.001013 0.118235 0.880008 0.000719
3 3 0.000001 0.000276 0.268378 0.731212 0.000133
2 3 0.003060 0.098608 0.503510 0.321773 0.073049
3 3 0.000118 0.001850 0.086729 0.910184 0.001118
3 3 0.000026 0.000908 0.135820 0.863105 0.000142
2 3 0.000007 0.003082 0.651011 0.343918 0.001982
3 3 0.000001 0.000041 0.028163 0.971781 0.000015
3 3 0.000001 0.000097 0.068782 0.931085 0.000034
3 3 0.000031 0.000739 0.076307 0.922464 0.000459
3 3 0.000001 0.000048 0.032969 0.966969 0.000012
3 3 0.001531 0.026557 0.288970 0.671204 0.011738
3 3 0.004149 0.018148 0.082237 0.861881 0.033585
3 3 0.000275 0.006265 0.156750 0.826229 0.010481
3 3 0.000005 0.000379 0.107851 0.891305 0.000460
3 3 0.000004 0.000320 0.102839 0.896283 0.000555
3 3 0.000030 0.001903 0.155627 0.834514 0.007925
3 3 0.000207 0.003051 0.105885 0.889240 0.001617
3 3 0.000235 0.002143 0.100395 0.896496 0.000731
3 3 0.000043 0.006107 0.470752 0.516816 0.006282
3 3 0.000000 0.000009 0.039998 0.959987 0.000006
3 3 0.000020 0.000507 0.067814 0.931349 0.000310
3 3 0.000108 0.000634 0.029332 0.969658 0.000267
3 3 0.032840 0.014718 0.124871 0.805607 0.021963
3 3 0.025334 0.020612 0.125812 0.821259 0.006983
3 3 0.000489 0.013026 0.327488 0.652190 0.006807
3 3 0.005352 0.006656 0.090733 0.884070 0.013190
0 3 0.486133 0.212579 0.124215 0.000709 0.176365
4 3 0.225241 0.235225 0.245432 0.032177 0.261925
3 3 0.001663 0.056996 0.382223 0.423418 0.135699
2 3 0.002847 0.084865 0.580498 0.187017 0.144772
2 3 0.000165 0.075667 0.782424 0.036239 0.105506
2 3 0.000068 0.010987 0.936294 0.005772 0.046879
2 2 0.000018 0.005212 0.650872 0.341330 0.002568
3 3 0.000041 0.005457 0.472877 0.518546 0.003079
2 3 0.000462 0.075743 0.714096 0.031781 0.177918
2 3 0.002982 0.124639 0.541247 0.224694 0.106438
2 3 0.000040 0.017459 0.814788 0.145312 0.022401
2 3 0.000364 0.032107 0.872593 0.013916 0.081020
4 3 0.000754 0.120685 0.346415 0.000109 0.532037
4 3 0.003746 0.071214 0.110229 0.000213 0.814598
4 2 0.000741 0.067334 0.195817 0.000000 0.736108
4 2 0.005347 0.071650 0.230252 0.000043 0.692708
4 2 0.003316 0.079302 0.064169 0.000165 0.853048
4 2 0.000328 0.101462 0.381380 0.000955 0.515875
4 2 0.016116 0.137592 0.377090 0.073528 0.395674
2 2 0.001217 0.098832 0.707183 0.010392 0.182376
4 2 0.067694 0.193107 0.079520 0.003059 0.656620
4 2 0.024669 0.218186 0.096941 0.003284 0.656920
4 2 0.052906 0.121715 0.073243 0.000971 0.751164
1 2 0.101220 0.353764 0.287597 0.002308 0.255111
4 2 0.000701 0.040749 0.052582 0.000027 0.905942
2 2 0.000297 0.093429 0.620297 0.002910 0.283067
2 2 0.022315 0.286176 0.478990 0.000279 0.212240
2 2 0.018459 0.249948 0.706380 0.000446 0.024768
2 2 0.141382 0.068950 0.764983 0.020960 0.003725
0 2 0.533756 0.143563 0.263253 0.033641 0.025787
0 0 0.918589 0.029566 0.020069 0.000859 0.030917
0 0 0.915474 0.006757 0.006122 0.002402 0.069245
1 0 0.202326 0.523958 0.243290 0.004558 0.025869
2 0 0.103990 0.309063 0.445655 0.105825 0.035467
1 1 0.124778 0.426004 0.355763 0.046660 0.046796
1 1 0.188876 0.446760 0.241837 0.051797 0.070730
2 1 0.045134 0.215096 0.533465 0.168604 0.037701
2 1 0.085446 0.171984 0.608508 0.088229 0.045833
1 1 0.249243 0.502678 0.198655 0.003417 0.046007
1 1 0.199997 0.503569 0.246860 0.011333 0.038242
3 1 0.043032 0.174640 0.197707 0.474428 0.110192
1 1 0.094510 0.434837 0.372035 0.048619 0.049999
3 1 0.139871 0.037310 0.041132 0.708671 0.073016
3 1 0.087398 0.102590 0.272007 0.279512 0.258493
4 1 0.080356 0.182182 0.064568 0.000172 0.672721
4 1 0.066463 0.098839 0.037091 0.000426 0.797181
4 0 0.335537 0.050430 0.045874 0.001689 0.566470
4 1 0.055264 0.017679 0.011706 0.000287 0.915064
4 1 0.010856 0.214487 0.324719 0.010513 0.439424
4 1 0.025767 0.243241 0.106329 0.002522 0.622142
0 1 0.934687 0.027431 0.019277 0.000036 0.018569
0 1 0.661137 0.112461 0.096768 0.005143 0.124491
4 1 0.054346 0.086780 0.028718 0.000019 0.830136
4 1 0.028609 0.239289 0.098406 0.000821 0.632875
2 1 0.033115 0.291561 0.477557 0.000215 0.197553
2 1 0.035578 0.269343 0.361237 0.000027 0.333815
0 1 0.419152 0.198180 0.061209 0.000041 0.321419
4 1 0.222665 0.323733 0.126702 0.000657 0.326243
4 0 0.107206 0.094075 0.040506 0.000466 0.757746
1 1 0.031757 0.384757 0.347784 0.005867 0.229836
4 1 0.172661 0.287279 0.088867 0.000035 0.451157
4 1 0.034081 0.110874 0.043890 0.000472 0.810683
4 1 0.063488 0.201729 0.089262 0.001229 0.644291
4 1 0.053899 0.180019 0.076441 0.002306 0.687335
0 0 0.566723 0.041896 0.025636 0.000204 0.365541
0 0 0.721622 0.027412 0.025967 0.037698 0.187301
0 0 0.947182 0.019537 0.012373 0.000219 0.020689
0 0 0.940848 0.020726 0.022116 0.002285 0.014025
0 0 0.926032 0.026581 0.023966 0.001126 0.022295
0 0 0.988038 0.005132 0.003546 0.000007 0.003277
0 0 0.860099 0.019337 0.016293 0.012890 0.091380
4 0 0.402081 0.001153 0.002116 0.000834 0.593816
0 0 0.673038 0.182108 0.083327 0.000109 0.061417
0 0 0.733419 0.084922 0.030239 0.000840 0.150580
0 0 0.311694 0.244900 0.131103 0.052907 0.259395
0 0 0.633256 0.158794 0.073060 0.005279 0.129612
0 0 0.593649 0.091136 0.229329 0.035704 0.050181
0 0 0.728837 0.066599 0.021119 0.000026 0.183418
2 0 0.065384 0.392581 0.473572 0.000201 0.068262
0 0 0.554191 0.225933 0.093188 0.001518 0.125171
4 0 0.171621 0.112863 0.053854 0.003738 0.657924
4 1 0.027448 0.290421 0.134421 0.009480 0.538231
4 1 0.110501 0.237754 0.126949 0.001708 0.523088
4 1 0.004953 0.093220 0.079602 0.000274 0.821951
4 1 0.002044 0.081959 0.139154 0.000290 0.776553
4 1 0.010811 0.047366 0.017966 0.000036 0.923822
4 1 0.025294 0.188698 0.073952 0.000245 0.711811
4 1 0.017257 0.149944 0.060855 0.000285 0.771659
4 1 0.014463 0.156332 0.138185 0.001830 0.689190
2 1 0.002254 0.119350 0.682469 0.017216 0.178710
2 1 0.000516 0.150903 0.628005 0.013112 0.207464
2 1 0.000148 0.067526 0.769514 0.004047 0.158764
4 2 0.001054 0.061690 0.464637 0.000176 0.472443
4 2 0.002347 0.064799 0.161461 0.000221 0.771172
2 2 0.000238 0.073195 0.845398 0.000620 0.080549
2 2 0.000022 0.023439 0.945542 0.003589 0.027408
2 2 0.000160 0.046753 0.687882 0.000001 0.265205
2 2 0.032244 0.104665 0.778289 0.000937 0.083865
0 0 0.400255 0.137585 0.362407 0.063924 0.035828
2 0 0.257168 0.196008 0.446668 0.028177 0.071978
2 0 0.026865 0.091893 0.879372 0.000027 0.001843
0 0 0.709932 0.108720 0.111139 0.005251 0.064959
0 0 0.772814 0.140627 0.048367 0.000105 0.038088
0 0 0.940875 0.031546 0.014342 0.000024 0.013213
0 0 0.589063 0.094033 0.189748 0.007988 0.119168
0 0 0.440339 0.152090 0.193086 0.005920 0.208564
1 0 0.084827 0.582850 0.218606 0.001086 0.112631
1 0 0.110565 0.499267 0.215077 0.026321 0.148770
1 1 0.266895 0.369414 0.138478 0.004755 0.220458
1 1 0.171287 0.371851 0.143404 0.003892 0.309566
4 1 0.102168 0.159310 0.150837 0.004027 0.583658
2 0 0.081533 0.221861 0.413111 0.031670 0.251825
3 0 0.107670 0.042115 0.063406 0.662310 0.124499
4 1 0.031079 0.139270 0.342635 0.068140 0.418877
1 1 0.291631 0.376724 0.125340 0.000463 0.205843
4 1 0.150847 0.186063 0.109393 0.040595 0.513101
0 1 0.524974 0.254462 0.098886 0.003211 0.118466
0 1 0.550112 0.232684 0.118486 0.008320 0.090398
0 1 0.592382 0.223540 0.134237 0.001916 0.047925
2 1 0.136464 0.056947 0.737665 0.055588 0.013336
0 1 0.522117 0.252196 0.130407 0.001048 0.094233
0 0 0.961424 0.012636 0.014061 0.001260 0.010619
2 0 0.014987 0.354677 0.556327 0.004027 0.069982
1 1 0.041218 0.540895 0.232589 0.001731 0.183567
0 1 0.678652 0.123813 0.079200 0.005994 0.112342
0 0 0.974827 0.002732 0.009767 0.001622 0.011052
0 0 0.687634 0.111915 0.198893 0.000125 0.001433
0 0 0.927350 0.038349 0.029810 0.000025 0.004466
0 0 0.735998 0.187561 0.048814 0.000017 0.027609
1 1 0.259215 0.500239 0.145079 0.000029 0.095438
1 1 0.163080 0.674406 0.148053 0.000000 0.014460
1 1 0.071099 0.715344 0.192761 0.000002 0.020795
1 1 0.049297 0.709152 0.219115 0.000016 0.022421
1 1 0.316262 0.337959 0.307959 0.000003 0.037818
2 2 0.029252 0.458687 0.502553 0.000016 0.009493
1 2 0.306648 0.448350 0.123964 0.000013 0.121025
1 2 0.074597 0.433818 0.140625 0.000028 0.350932
1 2 0.046587 0.627653 0.222275 0.000138 0.103348
1 2 0.230902 0.588592 0.152420 0.000004 0.028083
1 2 0.044716 0.673788 0.201770 0.000004 0.079722
1 2 0.013200 0.581110 0.383079 0.000004 0.022607
1 2 0.394817 0.465448 0.118852 0.000006 0.020877
0 2 0.779963 0.162403 0.055779 0.000001 0.001854
0 2 0.709809 0.196253 0.089503 0.000023 0.004412
1 2 0.074288 0.695833 0.200519 0.000006 0.029354
1 2 0.390309 0.473534 0.134894 0.000001 0.001262
0 2 0.644620 0.241222 0.109299 0.000027 0.004831
1 2 0.022618 0.676657 0.263601 0.000084 0.037040
1 3 0.060145 0.603047 0.199754 0.000045 0.137008
0 3 0.430761 0.253692 0.123537 0.000073 0.191937
0 3 0.929430 0.034161 0.030262 0.000049 0.006098
2 3 0.044678 0.240232 0.714125 0.000001 0.000964
1 3 0.001467 0.534187 0.428166 0.000004 0.036176
2 3 0.146306 0.227333 0.625017 0.000091 0.001254
1 3 0.280164 0.506997 0.211298 0.000018 0.001524
1 0 0.083871 0.406567 0.191657 0.100531 0.217374
0 0 0.374276 0.276246 0.118119 0.002554 0.228805
1 1 0.245274 0.489893 0.203277 0.006058 0.055497
1 1 0.272607 0.457397 0.168239 0.004446 0.097311
1 1 0.060498 0.435473 0.391020 0.001498 0.111512
1 2 0.065248 0.607498 0.220752 0.000387 0.106116
1 2 0.157054 0.522155 0.172194 0.000169 0.148429
1 2 0.198517 0.554921 0.224958 0.000083 0.021521
2 2 0.001701 0.049211 0.932650 0.015687 0.000752
1 2 0.315291 0.435879 0.140338 0.000332 0.108160
1 2 0.168031 0.423139 0.157769 0.002011 0.249050
1 3 0.291248 0.370368 0.293378 0.005142 0.039864
2 3 0.052648 0.142580 0.747433 0.046996 0.010343
0 3 0.577613 0.282408 0.096253 0.000074 0.043651
2 3 0.259888 0.094943 0.471328 0.063481 0.110361
2 3 0.007449 0.116253 0.862158 0.010258 0.003882
2 3 0.024186 0.127784 0.836925 0.004132 0.006973
3 3 0.309493 0.028668 0.240332 0.415679 0.005828
2 3 0.032844 0.016588 0.657457 0.292098 0.001012
0 2 0.531551 0.257526 0.124699 0.005866 0.080359
0 2 0.673208 0.187625 0.123176 0.001259 0.014732
0 1 0.880657 0.031102 0.082471 0.000216 0.005554
0 1 0.952728 0.014335 0.025152 0.000294 0.007491
0 1 0.547694 0.336769 0.068743 0.000000 0.046793
0 1 0.640075 0.299558 0.057453 0.000000 0.002914
0 1 0.863447 0.081881 0.051259 0.000016 0.003397
0 1 0.624085 0.184857 0.185092 0.000401 0.005565
1 1 0.178268 0.590950 0.155295 0.000002 0.075485
0 1 0.741568 0.213894 0.042530 0.000000 0.002007
0 1 0.717285 0.212667 0.068861 0.000000 0.001187
1 1 0.098091 0.701705 0.193085 0.000006 0.007113
1 1 0.011671 0.673561 0.189535 0.000000 0.125233
1 1 0.136842 0.662576 0.174607 0.000002 0.025972
1 1 0.127371 0.662156 0.184184 0.000007 0.026282
1 1 0.087891 0.532353 0.168053 0.000025 0.211678
1 1 0.042654 0.650397 0.200720 0.000007 0.106222
1 1 0.205052 0.432562 0.113467 0.000002 0.248916
1 1 0.261332 0.613162 0.121519 0.000000 0.003987
0 1 0.637209 0.278670 0.083539 0.000000 0.000583
1 1 0.337684 0.429374 0.107758 0.000002 0.125182
1 1 0.209207 0.542886 0.157126 0.000021 0.090760
1 1 0.323031 0.529270 0.138576 0.000012 0.009112
1 1 0.086352 0.629911 0.188583 0.000011 0.095144
1 1 0.348492 0.409767 0.102296 0.000002 0.139443
1 1 0.194284 0.469493 0.120243 0.000001 0.215979
0 1 0.812085 0.144710 0.041974 0.000000 0.001231
1 1 0.231299 0.625967 0.141408 0.000001 0.001326
2 1 0.241234 0.052400 0.701385 0.003051 0.001929
2 1 0.050157 0.081455 0.847491 0.014875 0.006023
4 1 0.079555 0.153146 0.056547 0.000397 0.710355
4 1 0.010302 0.290244 0.238817 0.014203 0.446435
2 1 0.007132 0.192750 0.721854 0.004352 0.073912
2 1 0.001553 0.239214 0.452699 0.018783 0.287752
2 1 0.001767 0.152861 0.676017 0.044853 0.124502
2 1 0.002840 0.110603 0.740070 0.000973 0.145514
1 1 0.045894 0.379014 0.216161 0.002626 0.356306
4 1 0.116102 0.288215 0.106887 0.000830 0.487966
1 1 0.135271 0.361406 0.180490 0.000082 0.322751
4 1 0.056316 0.303132 0.257248 0.038317 0.344987
2 1 0.003298 0.104974 0.823321 0.005149 0.063258
2 2 0.000561 0.099930 0.808741 0.049654 0.041114
2 2 0.000166 0.069960 0.907684 0.007144 0.015046
2 2 0.003760 0.185243 0.538060 0.020936 0.252000
2 2 0.000597 0.080369 0.827772 0.023216 0.068046
2 2 0.000429 0.100708 0.857190 0.000880 0.040793
2 2 0.000011 0.018117 0.977277 0.001455 0.003141
2 2 0.000190 0.031794 0.842353 0.107892 0.017771
2 2 0.000108 0.059022 0.881892 0.025855 0.033124
2 2 0.000108 0.027393 0.855689 0.102982 0.013828
2 2 0.000814 0.068115 0.695054 0.203340 0.032677
2 2 0.000356 0.011345 0.947383 0.037061 0.003856
3 2 0.000033 0.002789 0.332532 0.663904 0.000742
3 2 0.000291 0.005950 0.302989 0.685980 0.004790
2 2 0.000075 0.016415 0.732247 0.241161 0.010102
3 3 0.000303 0.007186 0.439619 0.552308 0.000583
3 3 0.000000 0.000114 0.341624 0.658232 0.000029
3 3 0.000000 0.000015 0.082545 0.917438 0.000002
3 3 0.000002 0.000164 0.090304 0.909491 0.000039
3 3 0.000001 0.000072 0.066912 0.932991 0.000024
2 3 0.000003 0.001586 0.612286 0.385451 0.000673
3 3 0.000016 0.000686 0.105681 0.893179 0.000438
3 3 0.000000 0.000046 0.124948 0.874993 0.000014
3 3 0.000000 0.000019 0.190763 0.809215 0.000004
3 3 0.000526 0.007054 0.125485 0.858889 0.008047
3 3 0.000011 0.000224 0.037365 0.962196 0.000205
3 3 0.000192 0.002478 0.073463 0.919969 0.003898
3 3 0.000000 0.000192 0.308468 0.691024 0.000316
3 3 0.000001 0.000128 0.146229 0.853578 0.000065
3 3 0.000000 0.000020 0.090727 0.909250 0.000003
3 3 0.000008 0.000763 0.225164 0.773841 0.000224
3 3 0.000870 0.019541 0.235405 0.705807 0.038376
3 3 0.000003 0.000103 0.042271 0.957470 0.000154
3 3 0.000011 0.000668 0.137577 0.861305 0.000439
3 3 0.000015 0.000068 0.007498 0.992346 0.000074
3 3 0.000010 0.000681 0.112293 0.885223 0.001793
3 3 0.000313 0.010386 0.254301 0.722487 0.012513
3 3 0.000000 0.000179 0.216030 0.783598 0.000193
3 3 0.000471 0.007978 0.159680 0.824717 0.007155
3 3 0.000209 0.003632 0.130011 0.864462 0.001686
3 3 0.000000 0.000003 0.080766 0.919230 0.000001
3 3 0.000000 0.000005 0.402590 0.597404 0.000001
3 3 0.000345 0.006274 0.125113 0.851340 0.016928
3 3 0.000002 0.000017 0.007856 0.992114 0.000011
3 3 0.000000 0.000002 0.015534 0.984463 0.000001
3 3 0.000000 0.000007 0.017091 0.982899 0.000003
3 3 0.000021 0.000445 0.052297 0.946854 0.000384
3 3 0.000012 0.001571 0.298336 0.699048 0.001032
3 3 0.000001 0.000014 0.010568 0.989410 0.000007
3 3 0.000005 0.000286 0.107306 0.892330 0.000074
3 3 0.000151 0.000666 0.023856 0.974984 0.000343
3 3 0.002906 0.001864 0.008316 0.983999 0.002915
3 3 0.000000 0.000005 0.071161 0.928832 0.000001
3 3 0.000001 0.000094 0.073906 0.925960 0.000039
3 3 0.000001 0.000019 0.012330 0.987646 0.000004
3 3 0.000098 0.000770 0.040399 0.958463 0.000270
3 3 0.000891 0.002851 0.033221 0.960259 0.002778
3 3 0.000003 0.000048 0.016220 0.983704 0.000025
3 3 0.000000 0.000042 0.127625 0.872300 0.000034
3 3 0.000000 0.000091 0.192639 0.807244 0.000026
3 3 0.000811 0.003726 0.055901 0.938048 0.001514
3 3 0.000000 0.000004 0.015074 0.984921 0.000001
3 3 0.000000 0.000007 0.188994 0.810994 0.000005
3 3 0.000001 0.000057 0.043656 0.956267 0.000018
2 3 0.000111 0.012349 0.549522 0.430673 0.007345
3 3 0.000037 0.001996 0.175823 0.819662 0.002482
3 3 0.010960 0.013577 0.079798 0.860726 0.034939
3 3 0.005557 0.001685 0.004588 0.985074 0.003096
2 3 0.144755 0.177463 0.408491 0.051161 0.218130
1 3 0.209201 0.307549 0.221868 0.011964 0.249418
2 3 0.025394 0.106752 0.794756 0.032228 0.040870
2 3 0.002651 0.159332 0.510516 0.014999 0.312502
4 3 0.033627 0.278394 0.126411 0.008548 0.553021
2 3 0.035763 0.326575 0.354220 0.015504 0.267938
4 2 0.017073 0.147557 0.302249 0.004335 0.528785
4 2 0.030629 0.130993 0.053377 0.000733 0.784268
2 2 0.012168 0.118830 0.766230 0.004919 0.097853
4 2 0.093975 0.252691 0.144758 0.000134 0.508443
2 2 0.012763 0.301297 0.630288 0.000311 0.055340
1 2 0.259599 0.341618 0.205309 0.021004 0.172470
2 2 0.003153 0.125448 0.642702 0.014718 0.213980
2 2 0.000104 0.034019 0.874854 0.003161 0.087862
4 2 0.027737 0.221555 0.186696 0.006846 0.557166
4 2 0.042457 0.218361 0.113862 0.004601 0.620719
4 2 0.045610 0.074362 0.027457 0.000174 0.852398
4 2 0.071011 0.065549 0.048445 0.007425 0.807571
4 2 0.011501 0.152957 0.067491 0.000892 0.767160
4 2 0.003884 0.034868 0.303270 0.002462 0.655516
4 2 0.026428 0.036425 0.040787 0.001067 0.895293
4 2 0.051734 0.011087 0.018667 0.002511 0.916001
2 2 0.003264 0.132776 0.503449 0.006166 0.354345
2 2 0.025832 0.124625 0.355073 0.243188 0.251281
4 2 0.108171 0.120196 0.108709 0.001134 0.661790
0 2 0.744152 0.099357 0.109482 0.009602 0.037407
0 2 0.330161 0.262457 0.176221 0.043937 0.187223
4 2 0.177181 0.136477 0.082917 0.025657 0.577768
2 2 0.011201 0.187685 0.444754 0.077018 0.279342
4 1 0.035322 0.064033 0.035416 0.000959 0.864271
4 1 0.029954 0.069125 0.243102 0.001423 0.656397
4 1 0.011809 0.105122 0.042079 0.000045 0.840944
4 1 0.001854 0.178326 0.097754 0.001006 0.721059
4 1 0.061535 0.120214 0.063868 0.001342 0.753042
4 1 0.001590 0.061516 0.080563 0.000117 0.856214
4 1 0.010228 0.030829 0.019212 0.000219 0.939513
4 1 0.031200 0.099427 0.257422 0.044687 0.567263
2 1 0.104624 0.195450 0.333591 0.066619 0.299716
4 1 0.116855 0.062724 0.040641 0.004745 0.775035
4 1 0.018093 0.130041 0.054602 0.000623 0.796641
4 1 0.002573 0.146154 0.248781 0.001863 0.600629
4 1 0.015624 0.104828 0.043122 0.000327 0.836099
4 1 0.007423 0.186398 0.158110 0.002531 0.645537
4 2 0.012267 0.255196 0.121166 0.004708 0.606662
4 2 0.019596 0.146174 0.062085 0.000892 0.771253
1 2 0.039147 0.418197 0.186155 0.008140 0.348362
4 2 0.015869 0.058947 0.022470 0.000070 0.902644
4 2 0.001318 0.074704 0.095607 0.000157 0.828214
2 2 0.002167 0.133532 0.854287 0.004828 0.005186
2 2 0.003168 0.112289 0.775085 0.031825 0.077633
4 2 0.016263 0.113644 0.063683 0.000516 0.805894
4 2 0.002487 0.062460 0.098070 0.000135 0.836848
4 2 0.037456 0.089722 0.034340 0.000271 0.838210
3 2 0.129568 0.252027 0.163806 0.315818 0.138781
2 2 0.001026 0.057870 0.835229 0.001317 0.104558
4 2 0.001078 0.033259 0.045935 0.000016 0.919710
4 2 0.001190 0.094401 0.060502 0.000168 0.843738
4 2 0.001983 0.181557 0.370468 0.005419 0.440573
4 2 0.279200 0.267941 0.115208 0.000816 0.336834
4 1 0.398670 0.096812 0.036136 0.001503 0.466878
4 1 0.064268 0.304672 0.129798 0.006135 0.495127
4 1 0.182288 0.290686 0.122648 0.026360 0.378019
4 1 0.017345 0.048364 0.192406 0.000053 0.741832
1 1 0.015446 0.633430 0.243143 0.000141 0.107840
1 1 0.010276 0.424246 0.393283 0.001138 0.171057
4 0 0.302920 0.107666 0.166129 0.060949 0.362336
0 0 0.332091 0.233645 0.165622 0.005088 0.263554
0 0 0.944873 0.021720 0.020453 0.000917 0.012037
4 0 0.220605 0.038123 0.038176 0.005173 0.697923
4 0 0.013275 0.051567 0.136458 0.019209 0.779491
4 1 0.003277 0.246266 0.181952 0.004532 0.563973
2 1 0.000407 0.082061 0.743050 0.006639 0.167843
4 1 0.004344 0.256268 0.217723 0.005108 0.516557
4 1 0.032106 0.208877 0.350973 0.004805 0.403239
4 1 0.106141 0.136758 0.060511 0.000361 0.696229
0 1 0.560706 0.092945 0.091432 0.001737 0.253180
0 1 0.749472 0.051568 0.049419 0.002305 0.147237
4 0 0.059446 0.165108 0.311107 0.002662 0.461677
0 0 0.731204 0.055066 0.057372 0.034029 0.122329
0 0 0.790479 0.033741 0.048400 0.002340 0.125039
4 0 0.171717 0.011549 0.014123 0.007648 0.794964
4 0 0.037783 0.030696 0.011511 0.000031 0.919978
4 0 0.039292 0.255353 0.107121 0.002026 0.596208
2 1 0.019157 0.355471 0.379737 0.052002 0.193632
2 1 0.000024 0.033830 0.930382 0.002516 0.033248
2 1 0.000292 0.117219 0.817662 0.000432 0.064395
1 1 0.112932 0.597426 0.245042 0.001247 0.043353
2 0 0.215423 0.241154 0.305012 0.088133 0.150279
4 0 0.247923 0.104922 0.139267 0.014874 0.493013
0 0 0.506863 0.068744 0.332851 0.001500 0.090042
4 0 0.267675 0.040373 0.083440 0.004412 0.604100
2 0 0.000886 0.054092 0.917202 0.000803 0.027018
4 0 0.020419 0.058564 0.021975 0.000074 0.898969
4 1 0.058957 0.269655 0.128669 0.004476 0.538243
4 1 0.023200 0.403147 0.153112 0.000004 0.420537
0 1 0.956240 0.002667 0.001046 0.000000 0.040046
0 1 0.367553 0.210908 0.077317 0.004294 0.339928
0 1 0.435382 0.332835 0.090667 0.000015 0.141100
4 0 0.035686 0.283992 0.332060 0.000456 0.347805
4 1 0.095977 0.337303 0.192005 0.001377 0.373337
2 1 0.044550 0.337136 0.443622 0.010537 0.164155
4 1 0.397035 0.062844 0.031873 0.000483 0.507764
0 1 0.495455 0.307584 0.088899 0.000024 0.108039
0 1 0.663881 0.128148 0.161200 0.005904 0.040868
4 1 0.144384 0.266905 0.095115 0.000502 0.493095
4 1 0.079429 0.256998 0.139492 0.011204 0.512877
1 1 0.049226 0.409327 0.199920 0.089984 0.251543
4 1 0.050461 0.371823 0.164452 0.009925 0.403338
1 1 0.007574 0.389503 0.305542 0.002130 0.295251
4 1 0.003227 0.078063 0.033957 0.000101 0.884652
4 1 0.215205 0.170752 0.059959 0.000668 0.553416
2 1 0.009746 0.249060 0.442804 0.000709 0.297681
4 1 0.010288 0.061189 0.031383 0.000083 0.897056
4 1 0.069108 0.101495 0.038140 0.000464 0.790793
4 1 0.023717 0.157663 0.105616 0.000010 0.712995
2 1 0.001443 0.184720 0.544713 0.016219 0.252906
4 1 0.083612 0.307411 0.135339 0.018574 0.455064
1 2 0.106126 0.463807 0.190486 0.001005 0.238576
4 2 0.038499 0.206321 0.132330 0.004483 0.618367
2 2 0.004017 0.327152 0.495798 0.003358 0.169676
2 2 0.026262 0.361878 0.559365 0.000771 0.051724
2 2 0.007163 0.126097 0.773077 0.004596 0.089067
4 2 0.006410 0.104915 0.204391 0.000023 0.684260
4 2 0.032077 0.397294 0.149255 0.000165 0.421209
4 2 0.098302 0.150878 0.086601 0.000907 0.663311
2 2 0.014712 0.227161 0.436706 0.000766 0.320656
1 2 0.026152 0.501869 0.233443 0.000022 0.238514
2 2 0.005039 0.115689 0.579758 0.005777 0.293737
2 2 0.009907 0.177257 0.708085 0.029284 0.075466
2 2 0.039491 0.253513 0.458779 0.001871 0.246346
2 2 0.001960 0.149411 0.720141 0.026140 0.102347
2 2 0.000014 0.030417 0.957303 0.001254 0.011012
2 2 0.005340 0.302039 0.580549 0.002694 0.109378
2 2 0.000455 0.122904 0.775484 0.000465 0.100693
2 2 0.003270 0.098325 0.841013 0.000235 0.057157
2 2 0.001400 0.083204 0.772456 0.000766 0.142174
2 2 0.000566 0.072968 0.805919 0.000445 0.120101
2 2 0.000141 0.021243 0.967544 0.000993 0.010079
2 2 0.002861 0.055696 0.853186 0.000649 0.087608
2 2 0.004287 0.113546 0.822420 0.000084 0.059662
1 2 0.001204 0.665026 0.239917 0.000001 0.093851
2 2 0.029221 0.316424 0.350844 0.100843 0.202668
4 2 0.006015 0.305268 0.252170 0.000562 0.435985
1 2 0.013236 0.455424 0.299171 0.007752 0.224417
2 2 0.002288 0.197206 0.613439 0.019321 0.167745
2 2 0.002591 0.243499 0.629551 0.008226 0.116133
2 2 0.000366 0.069610 0.900516 0.019027 0.010482
2 2 0.000357 0.064844 0.905024 0.020244 0.009532
2 2 0.005341 0.183860 0.758741 0.014317 0.037741
2 2 0.003254 0.204875 0.715475 0.000128 0.076268
2 2 0.000022 0.024314 0.972379 0.000229 0.003057
2 3 0.000583 0.049522 0.927819 0.003670 0.018406
2 3 0.000313 0.034253 0.941067 0.021355 0.003012
2 3 0.000017 0.029243 0.965779 0.000964 0.003997
2 3 0.000138 0.104955 0.832819 0.004284 0.057803
2 3 0.000376 0.081554 0.893612 0.010708 0.013750
2 3 0.000871 0.266293 0.690009 0.000006 0.042821
2 3 0.002363 0.114936 0.867239 0.001485 0.013977
2 3 0.000312 0.071287 0.812172 0.075298 0.040931
2 3 0.008812 0.185863 0.408208 0.163086 0.234031
1 3 0.002463 0.439061 0.388663 0.000425 0.169388
2 3 0.007135 0.222744 0.622763 0.089955 0.057403
4 3 0.018226 0.130077 0.092128 0.000935 0.758634
2 3 0.001439 0.095008 0.840388 0.013200 0.049965
2 3 0.000113 0.084011 0.892834 0.002009 0.021033
2 3 0.001365 0.107286 0.707870 0.142335 0.041143
4 3 0.000788 0.096054 0.297290 0.000720 0.605147
4 3 0.000130 0.111510 0.331328 0.000033 0.556999
2 3 0.001712 0.148200 0.543615 0.008808 0.297666
2 3 0.012867 0.204248 0.555389 0.018649 0.208847
2 3 0.000322 0.022994 0.805920 0.137923 0.032841
2 3 0.003078 0.243658 0.625271 0.008302 0.119691
2 3 0.000252 0.059207 0.820288 0.023889 0.096364
2 3 0.002375 0.080480 0.470251 0.359747 0.087147
2 3 0.000084 0.011545 0.867104 0.089043 0.032224
2 3 0.000894 0.150903 0.688564 0.039071 0.120567
2 3 0.000003 0.002157 0.984352 0.012855 0.000634
2 3 0.000757 0.048531 0.730927 0.062676 0.157109
2 3 0.000206 0.075852 0.844246 0.013347 0.066349
2 3 0.000106 0.056823 0.892991 0.023470 0.026610
2 3 0.000023 0.005666 0.939887 0.052189 0.002234
2 3 0.000006 0.009293 0.974663 0.011077 0.004961
2 3 0.000061 0.016806 0.952624 0.012590 0.017919
2 3 0.000036 0.005576 0.956949 0.016115 0.021325
2 3 0.003781 0.115453 0.532798 0.291214 0.056753
2 3 0.000044 0.009347 0.655046 0.330205 0.005357
2 3 0.000282 0.090014 0.846375 0.023446 0.039884
2 3 0.000814 0.188918 0.423238 0.000982 0.386048
2 3 0.000751 0.055166 0.836630 0.095898 0.011556
2 3 0.000422 0.013017 0.602967 0.382391 0.001203
2 3 0.004709 0.103704 0.529874 0.327715 0.033999
3 3 0.000736 0.027426 0.418022 0.537130 0.016687
2 3 0.000139 0.016036 0.620470 0.357124 0.006231
3 3 0.000870 0.013070 0.311454 0.672000 0.002606
2 3 0.006778 0.140177 0.587189 0.194536 0.071321
2 3 0.000167 0.007555 0.777774 0.209366 0.005138
2 3 0.000007 0.007913 0.949445 0.039980 0.002654
2 3 0.000031 0.006666 0.651101 0.340299 0.001902
2 3 0.009959 0.094547 0.437681 0.427387 0.030426
2 3 0.000162 0.025482 0.691482 0.259388 0.023487
2 3 0.000948 0.090594 0.698371 0.150030 0.060057
2 3 0.000001 0.003985 0.945687 0.045329 0.004998
