0 0 0.996473 0.002153 0.000857 0.000030 0.000487
0 0 0.998899 0.000262 0.000190 0.000073 0.000576
0 0 0.993513 0.004754 0.001549 0.000017 0.000167
0 0 0.998919 0.000719 0.000289 0.000008 0.000065
0 0 0.999897 0.000011 0.000011 0.000007 0.000074
0 0 0.998722 0.000254 0.000086 0.000002 0.000936
0 0 0.984134 0.006568 0.004442 0.000843 0.004013
0 0 0.994132 0.001905 0.001265 0.000603 0.002095
0 0 0.988204 0.003666 0.003569 0.000253 0.004308
0 0 0.994574 0.002377 0.001354 0.000331 0.001364
0 0 0.980326 0.009304 0.004759 0.001214 0.004398
0 0 0.998192 0.000217 0.000220 0.000345 0.001026
0 0 0.989672 0.001979 0.001570 0.001841 0.004938
0 0 0.967111 0.020818 0.008970 0.000438 0.002663
0 0 0.980348 0.004814 0.006303 0.000945 0.007590
0 0 0.994203 0.001471 0.000654 0.000015 0.003657
0 0 0.978578 0.001304 0.005857 0.002676 0.011585
0 0 0.990846 0.000682 0.001410 0.000991 0.006071
0 0 0.986656 0.007143 0.002689 0.000192 0.003320
0 0 0.929132 0.030326 0.007094 0.000179 0.033269
0 0 0.956397 0.015313 0.007400 0.000012 0.020877
0 0 0.523307 0.190411 0.024061 0.000148 0.262072
0 0 0.974076 0.006934 0.003740 0.000012 0.015238
0 0 0.989496 0.002419 0.001267 0.000004 0.006813
0 0 0.981619 0.007125 0.002228 0.000101 0.008926
0 0 0.971302 0.014784 0.005553 0.000534 0.007827
0 0 0.999867 0.000019 0.000011 0.000001 0.000102
0 0 0.951226 0.001846 0.002889 0.000032 0.044008
0 0 0.932191 0.027372 0.008796 0.000116 0.031525
0 0 0.992407 0.001592 0.001241 0.000011 0.004749
0 0 0.944380 0.000929 0.001132 0.000030 0.053529
0 0 0.860834 0.030326 0.008496 0.000578 0.099765
0 0 0.641000 0.221574 0.044674 0.000376 0.092375
0 0 0.971848 0.010277 0.004110 0.000550 0.013216
0 0 0.643636 0.056867 0.039685 0.000029 0.259783
0 0 0.934963 0.037207 0.009642 0.000103 0.018084
0 0 0.990601 0.000733 0.000463 0.000144 0.008058
0 0 0.914265 0.039065 0.009272 0.000262 0.037135
0 0 0.715992 0.105977 0.052537 0.002914 0.122581
0 0 0.842516 0.036311 0.013081 0.002417 0.105675
0 0 0.996333 0.000953 0.000376 0.000022 0.002316
0 0 0.879589 0.033839 0.007331 0.000177 0.079063
1 0 0.132505 0.605177 0.168809 0.003480 0.090029
0 0 0.851976 0.091766 0.036493 0.001124 0.018640
0 0 0.622580 0.186747 0.083206 0.000094 0.107373
0 0 0.892657 0.002677 0.001064 0.000209 0.103392
0 0 0.938309 0.022898 0.008819 0.000842 0.029132
0 0 0.968181 0.011625 0.001992 0.000011 0.018191
0 0 0.899371 0.005874 0.001739 0.000118 0.092898
0 0 0.956703 0.003529 0.002225 0.001942 0.035601
0 0 0.895081 0.093748 0.009885 0.000001 0.001286
0 0 0.998093 0.001355 0.000207 0.000000 0.000345
0 0 0.996861 0.001864 0.000555 0.000009 0.000711
0 0 0.980244 0.014565 0.004128 0.000080 0.000982
0 0 0.969452 0.020061 0.005082 0.000102 0.005302
0 0 0.999715 0.000169 0.000070 0.000002 0.000044
1 0 0.126754 0.683783 0.042673 0.000030 0.146761
1 0 0.179180 0.686983 0.055640 0.000079 0.078118
1 0 0.236366 0.503915 0.046599 0.000123 0.212997
1 1 0.184157 0.681740 0.059478 0.000109 0.074516
1 1 0.167992 0.725971 0.043940 0.000007 0.062090
1 0 0.365937 0.575695 0.049406 0.000038 0.008924
0 1 0.669413 0.286000 0.029415 0.000038 0.015134
0 1 0.684946 0.287247 0.025477 0.000012 0.002319
0 1 0.637994 0.301467 0.024729 0.000017 0.035793
0 0 0.945745 0.038976 0.009010 0.000144 0.006125
0 0 0.998166 0.000862 0.000316 0.000011 0.000645
0 0 0.970899 0.023736 0.004139 0.000014 0.001212
0 0 0.721702 0.240667 0.017411 0.000006 0.020214
0 0 0.698878 0.284355 0.014673 0.000001 0.002092
0 0 0.610774 0.258193 0.022123 0.000024 0.108885
0 0 0.457018 0.454242 0.041192 0.000054 0.047495
0 0 0.970604 0.025072 0.003761 0.000006 0.000558
0 0 0.993476 0.003263 0.000696 0.000005 0.002560
0 0 0.997364 0.001371 0.000453 0.000011 0.000801
0 0 0.999572 0.000208 0.000046 0.000000 0.000174
0 0 0.995983 0.001434 0.000684 0.000086 0.001813
0 0 0.981781 0.007268 0.004652 0.000107 0.006192
0 0 0.935729 0.000233 0.000213 0.000665 0.063159
0 0 0.927702 0.027880 0.006982 0.000232 0.037205
0 0 0.999880 0.000061 0.000036 0.000002 0.000021
0 0 0.998649 0.000702 0.000376 0.000040 0.000233
0 0 0.959153 0.018067 0.015581 0.000096 0.007102
0 0 0.997173 0.000872 0.000355 0.000001 0.001599
0 0 0.987866 0.005241 0.004684 0.000204 0.002004
0 0 0.968890 0.022262 0.006484 0.000004 0.002360
0 0 0.962698 0.024320 0.008151 0.000051 0.004780
0 0 0.965545 0.024605 0.003961 0.000015 0.005874
0 0 0.991188 0.007234 0.001152 0.000002 0.000424
0 0 0.989306 0.008589 0.001288 0.000002 0.000815
0 0 0.974795 0.006912 0.001246 0.000008 0.017039
0 0 0.952883 0.035902 0.008387 0.000112 0.002716
0 0 0.994735 0.004180 0.000882 0.000000 0.000203
0 0 0.990571 0.007610 0.001196 0.000002 0.000620
0 0 0.991220 0.004421 0.001312 0.000003 0.003045
0 0 0.987398 0.006160 0.001911 0.000069 0.004462
0 0 0.997897 0.000969 0.000558 0.000098 0.000478
0 0 0.846830 0.075564 0.027994 0.004997 0.044614
0 0 0.780102 0.081259 0.017785 0.000178 0.120678
0 0 0.995157 0.003407 0.000799 0.000006 0.000631
0 0 0.880543 0.105188 0.012068 0.000012 0.002189
0 0 0.934503 0.024455 0.008197 0.000208 0.032637
0 0 0.949812 0.039156 0.006448 0.000026 0.004557
1 0 0.425588 0.460660 0.092272 0.000036 0.021444
0 0 0.959941 0.032099 0.006185 0.000035 0.001740
1 0 0.243158 0.678188 0.045017 0.000021 0.033616
0 0 0.974273 0.011623 0.004255 0.000033 0.009815
0 0 0.999487 0.000169 0.000113 0.000024 0.000208
0 0 0.999109 0.000565 0.000247 0.000009 0.000071
0 0 0.999697 0.000069 0.000062 0.000031 0.000141
0 0 0.985083 0.010603 0.002867 0.000049 0.001398
0 0 0.759574 0.065079 0.136750 0.013367 0.025231
0 0 0.956609 0.014556 0.007186 0.000025 0.021624
0 0 0.998406 0.000942 0.000307 0.000004 0.000341
0 0 0.999690 0.000194 0.000080 0.000002 0.000035
0 0 0.999967 0.000016 0.000011 0.000001 0.000006
0 0 0.818561 0.069753 0.047551 0.000008 0.064128
0 0 0.984849 0.009879 0.003407 0.000018 0.001847
0 0 0.998580 0.000523 0.000189 0.000006 0.000702
0 0 0.996475 0.002344 0.000585 0.000005 0.000591
0 0 0.999227 0.000203 0.000100 0.000008 0.000461
0 0 0.984118 0.013503 0.001832 0.000002 0.000546
0 0 0.781804 0.167983 0.012531 0.000005 0.037677
0 1 0.914449 0.078034 0.005945 0.000001 0.001572
1 1 0.175712 0.590558 0.141123 0.000023 0.092584
1 0 0.026940 0.558510 0.343936 0.000023 0.070591
1 1 0.299712 0.539952 0.076308 0.000224 0.083803
1 2 0.068951 0.640711 0.175673 0.000097 0.114568
1 2 0.026838 0.476597 0.106188 0.000077 0.390299
1 2 0.040677 0.582358 0.185054 0.000072 0.191838
1 2 0.094612 0.661013 0.217791 0.000098 0.026486
0 0 0.372187 0.214057 0.351331 0.001897 0.060527
0 0 0.998324 0.000949 0.000274 0.000003 0.000450
0 0 0.996791 0.001870 0.000821 0.000015 0.000503
0 0 0.998920 0.000570 0.000227 0.000008 0.000276
0 4 0.924205 0.057369 0.008251 0.000026 0.010149
1 4 0.099874 0.726339 0.116447 0.000007 0.057334
1 4 0.026921 0.608512 0.203832 0.000006 0.160730
1 4 0.045186 0.615248 0.300426 0.000169 0.038970
2 2 0.000974 0.131780 0.863626 0.000036 0.003584
2 2 0.003191 0.215011 0.758003 0.000242 0.023552
2 2 0.012465 0.265811 0.717734 0.000675 0.003315
2 2 0.000064 0.011819 0.964680 0.022730 0.000707
2 2 0.000086 0.017018 0.940024 0.042708 0.000165
2 2 0.000211 0.036777 0.943206 0.016151 0.003656
2 2 0.000125 0.033174 0.966247 0.000092 0.000363
2 2 0.005701 0.073789 0.916903 0.003221 0.000386
2 2 0.000062 0.009938 0.983674 0.006302 0.000023
2 2 0.000085 0.042825 0.953617 0.000530 0.002943
2 2 0.000073 0.016635 0.958675 0.024385 0.000233
2 2 0.000002 0.002402 0.984665 0.012905 0.000025
2 2 0.000010 0.009071 0.989420 0.001305 0.000194
2 2 0.000009 0.005376 0.891737 0.102765 0.000113
2 2 0.000017 0.005506 0.574665 0.418202 0.001610
2 2 0.000039 0.005045 0.878653 0.116228 0.000035
2 2 0.000000 0.000035 0.842208 0.157757 0.000000
2 2 0.000005 0.004330 0.981625 0.014011 0.000030
2 2 0.000001 0.001043 0.549497 0.449449 0.000010
0 2 0.504419 0.403734 0.084045 0.001120 0.006683
2 2 0.114847 0.250755 0.624358 0.007775 0.002266
2 2 0.008400 0.308045 0.659754 0.001502 0.022300
2 2 0.003867 0.176750 0.813734 0.000916 0.004734
2 2 0.006293 0.315748 0.617481 0.000414 0.060064
2 2 0.035087 0.380663 0.556436 0.015531 0.012283
2 2 0.121843 0.312941 0.523261 0.010767 0.031188
2 2 0.000548 0.050380 0.947619 0.000979 0.000474
2 2 0.000040 0.012619 0.907924 0.079016 0.000402
2 2 0.000712 0.008729 0.795692 0.194734 0.000133
2 2 0.000019 0.000919 0.533939 0.465084 0.000040
2 3 0.000007 0.003544 0.848481 0.147894 0.000074
2 0 0.000432 0.010689 0.955643 0.032422 0.000815
2 0 0.008863 0.065897 0.919556 0.002696 0.002987
0 0 0.998946 0.000463 0.000199 0.000001 0.000391
0 1 0.998109 0.001737 0.000144 0.000000 0.000011
1 1 0.119830 0.487185 0.179354 0.000246 0.213385
1 1 0.178045 0.531790 0.138351 0.000618 0.151196
1 1 0.281056 0.620920 0.082305 0.000195 0.015525
1 1 0.178692 0.588141 0.200377 0.003542 0.029248
2 2 0.001525 0.073859 0.844116 0.077612 0.002888
2 2 0.000017 0.004881 0.985440 0.009649 0.000014
2 2 0.000051 0.007880 0.991177 0.000884 0.000008
2 2 0.000495 0.036459 0.960699 0.002139 0.000208
2 2 0.001829 0.128049 0.866896 0.000304 0.002922
2 2 0.001620 0.083886 0.907857 0.005323 0.001313
2 2 0.000074 0.010629 0.984127 0.005147 0.000022
2 2 0.000008 0.002283 0.994341 0.003368 0.000000
2 2 0.002236 0.085260 0.823274 0.087132 0.002098
2 2 0.003471 0.102520 0.862459 0.030171 0.001380
2 2 0.000659 0.026532 0.890878 0.081318 0.000613
2 2 0.000023 0.004906 0.696365 0.298641 0.000064
2 2 0.002812 0.056961 0.931833 0.008298 0.000095
2 2 0.000066 0.007372 0.961038 0.031506 0.000018
2 2 0.000006 0.003273 0.713024 0.283614 0.000083
2 3 0.000000 0.000369 0.930411 0.069219 0.000001
3 3 0.000001 0.000094 0.074827 0.925074 0.000004
3 3 0.000000 0.000073 0.287545 0.712380 0.000001
2 3 0.000002 0.000125 0.584948 0.414923 0.000002
3 3 0.000002 0.000527 0.350569 0.648878 0.000025
2 3 0.000001 0.000283 0.931533 0.068170 0.000012
2 3 0.000015 0.001059 0.606115 0.392796 0.000016
2 3 0.000006 0.002973 0.524813 0.472031 0.000178
3 3 0.000000 0.000570 0.324845 0.674547 0.000038
2 3 0.000174 0.014063 0.828585 0.156501 0.000677
2 3 0.000003 0.001818 0.967815 0.030362 0.000002
2 3 0.000032 0.005491 0.814487 0.179951 0.000039
2 3 0.000005 0.001238 0.946193 0.052562 0.000003
2 3 0.000000 0.000096 0.770987 0.228917 0.000000
3 3 0.000000 0.000001 0.046072 0.953927 0.000000
3 3 0.000000 0.000001 0.034890 0.965109 0.000000
3 3 0.000000 0.000123 0.109764 0.890106 0.000007
3 3 0.000000 0.000003 0.016492 0.983503 0.000001
3 3 0.000000 0.000001 0.058762 0.941237 0.000000
3 3 0.000000 0.000000 0.007767 0.992233 0.000000
3 3 0.000032 0.000178 0.054027 0.944502 0.001262
3 3 0.000982 0.002619 0.175070 0.819656 0.001672
3 3 0.000000 0.000037 0.052127 0.947819 0.000018
3 3 0.000000 0.000017 0.137426 0.862554 0.000002
3 3 0.000010 0.000409 0.224647 0.774754 0.000181
2 2 0.001177 0.065793 0.910702 0.019859 0.002469
2 2 0.037953 0.345017 0.604810 0.003593 0.008626
3 3 0.000010 0.002892 0.347124 0.649916 0.000058
2 3 0.000001 0.000655 0.980260 0.019083 0.000001
2 3 0.000049 0.008971 0.524463 0.466261 0.000255
2 3 0.000001 0.001147 0.948891 0.049956 0.000006
2 3 0.000000 0.000882 0.876447 0.122654 0.000016
2 3 0.000000 0.000215 0.547243 0.452533 0.000009
2 3 0.000004 0.001873 0.740839 0.257194 0.000089
3 3 0.000000 0.000120 0.280910 0.718965 0.000005
2 3 0.000007 0.000576 0.775307 0.224100 0.000009
3 3 0.000000 0.000067 0.172517 0.827412 0.000003
3 3 0.000000 0.000017 0.147160 0.852821 0.000003
3 3 0.000000 0.000203 0.452967 0.546783 0.000046
3 3 0.000002 0.000442 0.146773 0.852720 0.000063
3 3 0.000000 0.000014 0.092026 0.907959 0.000001
3 3 0.000025 0.000242 0.030721 0.968721 0.000292
3 3 0.000000 0.000005 0.023796 0.976198 0.000000
3 3 0.000000 0.000000 0.000725 0.999274 0.000000
3 3 0.000000 0.000145 0.382942 0.616907 0.000005
3 3 0.000000 0.000011 0.245276 0.754713 0.000000
3 3 0.000000 0.000106 0.103568 0.896318 0.000007
3 3 0.000000 0.000001 0.008857 0.991141 0.000000
3 3 0.000000 0.000014 0.075695 0.924290 0.000000
3 3 0.000000 0.000000 0.010303 0.989697 0.000000
3 3 0.000000 0.000055 0.062871 0.937049 0.000025
3 3 0.000004 0.000156 0.117900 0.881921 0.000018
3 3 0.000000 0.000015 0.017065 0.982917 0.000004
3 3 0.000000 0.000000 0.000525 0.999475 0.000000
3 3 0.000000 0.000003 0.018922 0.981073 0.000001
3 3 0.000000 0.000000 0.027585 0.972415 0.000000
3 3 0.000000 0.000001 0.014550 0.985448 0.000000
3 3 0.000000 0.000001 0.008995 0.991003 0.000000
3 3 0.000000 0.000000 0.004179 0.995821 0.000000
3 3 0.000002 0.000054 0.019656 0.980257 0.000031
3 3 0.000000 0.000024 0.020109 0.979856 0.000011
3 3 0.000008 0.000107 0.022202 0.977587 0.000096
3 3 0.000000 0.000003 0.018982 0.981013 0.000001
3 3 0.000000 0.000010 0.217437 0.782552 0.000000
3 3 0.000000 0.000050 0.348077 0.651871 0.000001
3 3 0.000000 0.000000 0.013362 0.986638 0.000000
3 3 0.000001 0.000018 0.053131 0.946831 0.000019
3 3 0.000000 0.000000 0.018420 0.981580 0.000000
3 3 0.000000 0.000022 0.153419 0.846557 0.000002
3 3 0.000000 0.000004 0.028859 0.971135 0.000002
3 3 0.000000 0.000000 0.001765 0.998235 0.000000
3 3 0.000000 0.000029 0.171277 0.828689 0.000005
3 3 0.000001 0.000007 0.003696 0.996290 0.000006
3 3 0.000012 0.000036 0.007174 0.992696 0.000081
3 2 0.000000 0.000000 0.001742 0.998258 0.000000
2 2 0.000849 0.037123 0.961597 0.000359 0.000072
1 2 0.133583 0.523792 0.333924 0.000163 0.008538
1 3 0.050304 0.556863 0.332442 0.001820 0.058570
2 2 0.007005 0.232758 0.750811 0.001259 0.008167
2 2 0.006493 0.210255 0.781492 0.000230 0.001530
2 2 0.000490 0.055921 0.936272 0.004532 0.002785
2 2 0.001061 0.051966 0.943059 0.003516 0.000398
2 2 0.000169 0.018800 0.960144 0.020771 0.000116
2 2 0.005860 0.363789 0.427186 0.000377 0.202787
2 2 0.000800 0.093949 0.903311 0.000375 0.001565
2 2 0.003906 0.164024 0.820073 0.005679 0.006317
2 4 0.006170 0.232404 0.745562 0.001652 0.014213
4 4 0.022056 0.353168 0.084353 0.000005 0.540418
1 4 0.013385 0.481633 0.385950 0.000063 0.118969
1 4 0.056712 0.584702 0.331102 0.001272 0.026212
2 4 0.003510 0.132313 0.854578 0.000519 0.009079
1 2 0.048634 0.393685 0.188005 0.000178 0.369498
1 0 0.068939 0.491016 0.094908 0.000032 0.345105
1 0 0.086315 0.454434 0.055220 0.000053 0.403977
1 4 0.004900 0.404945 0.353181 0.000197 0.236777
1 4 0.011212 0.458360 0.404577 0.000149 0.125702
1 4 0.042041 0.696358 0.155813 0.000001 0.105787
1 4 0.305320 0.578922 0.065048 0.000231 0.050479
1 4 0.053435 0.541947 0.262316 0.008222 0.134080
4 4 0.069322 0.090489 0.015557 0.000124 0.824507
4 4 0.097651 0.250315 0.061330 0.003849 0.586854
4 0 0.046057 0.024727 0.009888 0.000004 0.919325
4 0 0.023216 0.032351 0.008260 0.000186 0.935987
1 1 0.116076 0.701264 0.113869 0.000038 0.068753
1 1 0.161691 0.636144 0.187467 0.000001 0.014697
2 1 0.001453 0.167262 0.824084 0.000050 0.007152
2 2 0.003839 0.160717 0.834136 0.000159 0.001149
2 2 0.015401 0.407878 0.568892 0.000090 0.007740
2 2 0.002763 0.224620 0.763968 0.000007 0.008642
2 2 0.009388 0.328381 0.653356 0.000031 0.008844
2 2 0.003018 0.109005 0.882012 0.000661 0.005303
2 2 0.036088 0.366479 0.594161 0.000250 0.003021
2 2 0.003165 0.156409 0.837950 0.000065 0.002411
2 2 0.004683 0.137698 0.856037 0.000990 0.000592
2 2 0.004719 0.106548 0.886686 0.001645 0.000401
1 2 0.129145 0.623341 0.207297 0.000381 0.039836
1 2 0.252325 0.613237 0.126618 0.000034 0.007786
2 -1 0.043359 0.272243 0.671282 0.002725 0.010391
2 1 0.004163 0.167105 0.824959 0.000809 0.002963
1 0 0.133666 0.683438 0.151616 0.000027 0.031253
0 0 0.412184 0.325304 0.056697 0.001159 0.204657
0 0 0.485849 0.134529 0.356761 0.013879 0.008982
0 0 0.875512 0.104065 0.015682 0.000053 0.004688
1 1 0.286125 0.462936 0.139212 0.000042 0.111685
2 1 0.028781 0.401711 0.554738 0.000012 0.014757
1 2 0.126371 0.684933 0.115535 0.000101 0.073060
2 0 0.039084 0.364854 0.579270 0.001553 0.015239
0 0 0.988856 0.005154 0.004205 0.000027 0.001757
0 0 0.744627 0.203947 0.037023 0.000380 0.014022
1 1 0.029424 0.581506 0.076965 0.000003 0.312102
1 1 0.103561 0.698046 0.106720 0.000039 0.091635
1 2 0.157246 0.739225 0.076794 0.000002 0.026733
1 1 0.029532 0.525975 0.420893 0.000035 0.023566
1 1 0.077085 0.538045 0.377795 0.000176 0.006899
1 2 0.064108 0.524881 0.395693 0.000254 0.015064
1 2 0.135558 0.572233 0.131766 0.000107 0.160336
1 0 0.123823 0.610928 0.249234 0.000461 0.015555
0 0 0.935361 0.044311 0.012207 0.000410 0.007710
1 0 0.217692 0.650721 0.078901 0.000433 0.052253
0 0 0.979213 0.008483 0.002983 0.000002 0.009318
0 0 0.931279 0.011571 0.008323 0.000073 0.048754
0 0 0.696572 0.263307 0.020978 0.000011 0.019133
0 0 0.996518 0.000711 0.000228 0.000006 0.002537
0 0 0.494442 0.296732 0.051573 0.001002 0.156252
1 0 0.168107 0.536495 0.121731 0.000626 0.173041
0 0 0.424580 0.291711 0.065729 0.000064 0.217916
0 0 0.689484 0.196796 0.056426 0.000340 0.056953
1 1 0.066878 0.532752 0.350929 0.000513 0.048926
2 1 0.013458 0.289883 0.661346 0.004091 0.031221
1 1 0.092402 0.623855 0.185337 0.000537 0.097869
1 2 0.086832 0.651990 0.107997 0.000142 0.153039
2 2 0.066999 0.427878 0.495774 0.001589 0.007760
2 2 0.011972 0.198645 0.765973 0.019660 0.003751
2 1 0.004400 0.170147 0.810810 0.005788 0.008856
2 2 0.007439 0.161140 0.822132 0.005646 0.003643
2 2 0.013726 0.268496 0.712738 0.000354 0.004686
2 1 0.014209 0.241958 0.740770 0.000483 0.002580
2 1 0.007445 0.157017 0.799436 0.033053 0.003048
2 1 0.016289 0.239984 0.717878 0.020551 0.005298
1 1 0.181900 0.587094 0.226175 0.000017 0.004815
2 1 0.001563 0.111647 0.882866 0.000168 0.003756
2 2 0.013497 0.158728 0.673730 0.145968 0.008075
2 2 0.011285 0.214625 0.551401 0.194954 0.027735
2 2 0.002395 0.084440 0.888360 0.022025 0.002780
2 2 0.000009 0.005113 0.991111 0.003610 0.000156
2 2 0.000442 0.040079 0.958904 0.000426 0.000149
2 2 0.000004 0.002336 0.989799 0.007847 0.000015
2 2 0.000526 0.079577 0.916263 0.000876 0.002759
2 0 0.000009 0.007954 0.991956 0.000007 0.000074
2 0 0.008114 0.099501 0.889700 0.000174 0.002510
0 0 0.450172 0.416675 0.131058 0.000001 0.002094
0 0 0.708237 0.212237 0.019236 0.000021 0.060270
4 1 0.018565 0.381467 0.046295 0.000019 0.553653
1 1 0.143733 0.695804 0.124360 0.000028 0.036074
1 1 0.144253 0.699473 0.105590 0.000043 0.050640
1 2 0.085719 0.523231 0.372486 0.000812 0.017752
1 0 0.035879 0.653839 0.225160 0.000002 0.085120
1 1 0.128716 0.750692 0.103733 0.000000 0.016859
1 0 0.353082 0.598800 0.042730 0.000003 0.005385
0 1 0.599617 0.366707 0.033044 0.000010 0.000622
0 1 0.457412 0.423096 0.099911 0.003729 0.015852
1 2 0.267136 0.548210 0.095617 0.000288 0.088748
1 2 0.334289 0.586146 0.069053 0.000089 0.010423
2 2 0.018421 0.356796 0.604217 0.001553 0.019013
1 2 0.035033 0.505935 0.386015 0.001215 0.071802
1 1 0.059738 0.642300 0.102633 0.000033 0.195296
1 2 0.089085 0.640544 0.184818 0.000648 0.084905
1 1 0.124215 0.536934 0.333414 0.000210 0.005227
0 2 0.439044 0.242053 0.052552 0.002780 0.263572
1 2 0.426178 0.487766 0.082474 0.000324 0.003259
1 0 0.202198 0.626589 0.163476 0.000023 0.007714
0 0 0.833793 0.133036 0.020120 0.000093 0.012959
1 0 0.327381 0.535855 0.126933 0.000565 0.009266
1 0 0.186944 0.475240 0.283004 0.000024 0.054789
1 0 0.362539 0.393367 0.064375 0.000011 0.179708
1 0 0.129570 0.646589 0.160169 0.000015 0.063658
0 1 0.716998 0.240908 0.030568 0.000016 0.011510
1 2 0.027068 0.518489 0.260943 0.000446 0.193053
2 2 0.000032 0.018825 0.975904 0.002772 0.002467
2 2 0.000296 0.022404 0.973172 0.004083 0.000046
2 2 0.000983 0.054746 0.938528 0.004907 0.000836
2 1 0.015345 0.245987 0.737366 0.000104 0.001199
2 1 0.000299 0.023948 0.975567 0.000133 0.000053
2 1 0.009326 0.249101 0.734704 0.001585 0.005284
2 2 0.000794 0.054124 0.929731 0.014080 0.001272
2 2 0.005172 0.136338 0.857139 0.000372 0.000979
2 1 0.001033 0.046318 0.950869 0.001629 0.000152
2 1 0.003231 0.091675 0.903626 0.001249 0.000219
2 1 0.003544 0.106792 0.887888 0.000755 0.001021
2 1 0.000507 0.048569 0.944134 0.002266 0.004524
2 1 0.014296 0.357415 0.612906 0.000070 0.015312
2 1 0.002317 0.104387 0.725734 0.148613 0.018949
2 1 0.011868 0.260468 0.714118 0.001540 0.012006
2 1 0.000819 0.060581 0.937696 0.000499 0.000405
2 2 0.000589 0.038915 0.959840 0.000513 0.000142
2 2 0.000003 0.002009 0.973295 0.024686 0.000008
2 2 0.000456 0.033861 0.900523 0.064780 0.000379
2 2 0.000936 0.075773 0.891929 0.020523 0.010839
2 2 0.005195 0.164658 0.816911 0.004737 0.008499
2 2 0.004588 0.120492 0.863132 0.010580 0.001209
1 2 0.029346 0.498525 0.423483 0.000202 0.048444
2 2 0.000644 0.050306 0.948514 0.000347 0.000189
2 2 0.000159 0.018931 0.969181 0.011573 0.000156
2 2 0.000062 0.011255 0.536782 0.451151 0.000749
2 2 0.000033 0.007215 0.862896 0.129821 0.000035
2 2 0.000599 0.038628 0.956886 0.003784 0.000102
2 2 0.001277 0.034978 0.908411 0.055169 0.000166
2 2 0.000885 0.086461 0.908506 0.001884 0.002265
2 2 0.000082 0.014068 0.977200 0.008561 0.000087
2 2 0.003014 0.099880 0.886827 0.008376 0.001903
2 2 0.000077 0.012614 0.927115 0.060085 0.000109
2 0 0.017018 0.238044 0.738898 0.001961 0.004079
2 0 0.001089 0.067224 0.931369 0.000079 0.000240
0 0 0.918200 0.030616 0.011558 0.000012 0.039613
0 4 0.762269 0.145898 0.035382 0.000075 0.056376
2 2 0.008134 0.301572 0.662715 0.001480 0.026099
2 0 0.008399 0.243072 0.742388 0.000968 0.005174
0 0 0.720379 0.238911 0.021846 0.000018 0.018847
0 0 0.861122 0.101607 0.022043 0.000398 0.014831
1 1 0.251939 0.687263 0.037088 0.000004 0.023706
1 1 0.147093 0.644186 0.081719 0.000768 0.126235
1 2 0.314795 0.476107 0.061691 0.000384 0.147023
1 2 0.291538 0.618441 0.068403 0.000183 0.021436
1 2 0.088139 0.635131 0.257232 0.000045 0.019453
1 2 0.169790 0.647838 0.153436 0.000169 0.028768
1 2 0.180703 0.677200 0.109067 0.000071 0.032959
1 2 0.097176 0.701093 0.159473 0.000011 0.042248
1 2 0.051497 0.591860 0.304777 0.001031 0.050835
1 2 0.080017 0.652774 0.193153 0.000461 0.073595
0 2 0.669034 0.288493 0.034758 0.000023 0.007691
1 2 0.160482 0.676045 0.123740 0.000096 0.039637
1 2 0.045101 0.504245 0.402273 0.005488 0.042892
2 2 0.002701 0.104316 0.891198 0.001296 0.000489
1 2 0.116354 0.729211 0.097117 0.000030 0.057290
1 2 0.426808 0.487423 0.055402 0.000157 0.030210
2 2 0.002375 0.164366 0.813692 0.002605 0.016962
2 2 0.042041 0.445835 0.503461 0.000314 0.008350
1 2 0.072471 0.616971 0.251333 0.000597 0.058628
1 2 0.164480 0.713487 0.077091 0.000037 0.044905
1 2 0.069858 0.616746 0.256792 0.000089 0.056516
2 2 0.040026 0.447704 0.482444 0.001822 0.028004
2 2 0.062841 0.289061 0.640062 0.001481 0.006555
2 2 0.100464 0.126873 0.757038 0.014148 0.001477
2 2 0.018308 0.284483 0.683104 0.007120 0.006986
2 2 0.065981 0.406585 0.523986 0.000846 0.002601
2 2 0.020845 0.350729 0.611250 0.001519 0.015658
2 2 0.005797 0.076341 0.831918 0.085173 0.000770
2 2 0.003430 0.109806 0.875910 0.009586 0.001268
2 2 0.004886 0.192957 0.783564 0.007248 0.011344
2 2 0.003368 0.092477 0.812585 0.083649 0.007920
2 2 0.002123 0.070769 0.918410 0.008394 0.000304
2 2 0.000321 0.023927 0.975059 0.000633 0.000060
2 2 0.001948 0.040797 0.956830 0.000276 0.000148
2 2 0.000022 0.006195 0.983243 0.010504 0.000036
2 2 0.000247 0.009056 0.858020 0.132434 0.000244
2 2 0.000741 0.059674 0.932269 0.005985 0.001331
2 2 0.026894 0.223018 0.714792 0.027898 0.007397
2 2 0.000327 0.061385 0.930031 0.002204 0.006053
2 2 0.000185 0.021719 0.972297 0.005576 0.000224
1 0 0.118506 0.514321 0.359749 0.001523 0.005900
0 0 0.996385 0.002053 0.000497 0.000004 0.001061
0 0 0.552136 0.043193 0.036326 0.000018 0.368326
0 0 0.842484 0.077132 0.016351 0.000073 0.063959
0 0 0.894221 0.019914 0.002977 0.000017 0.082871
0 0 0.986223 0.009746 0.001641 0.000005 0.002385
0 0 0.999705 0.000141 0.000086 0.000009 0.000059
0 0 0.997356 0.001661 0.000564 0.000014 0.000405
0 0 0.987068 0.005097 0.001448 0.000040 0.006348
0 0 0.991215 0.004549 0.001373 0.000039 0.002825
0 0 0.939762 0.015514 0.002385 0.000012 0.042326
0 0 0.992675 0.002313 0.000690 0.000019 0.004302
0 0 0.681678 0.009579 0.010840 0.000038 0.297865
0 0 0.999463 0.000195 0.000109 0.000012 0.000221
0 0 0.927596 0.028957 0.008396 0.000481 0.034571
0 0 0.685050 0.271947 0.036092 0.000100 0.006811
0 0 0.950429 0.046692 0.002778 0.000000 0.000101
0 0 0.993724 0.004959 0.001132 0.000005 0.000180
0 0 0.999919 0.000003 0.000003 0.000002 0.000073
0 0 0.994905 0.001069 0.000852 0.000789 0.002384
0 0 0.995291 0.002470 0.000782 0.000021 0.001436
0 0 0.988116 0.008435 0.002151 0.000028 0.001271
0 0 0.991733 0.000331 0.000122 0.000007 0.007806
0 0 0.931305 0.007476 0.001558 0.000025 0.059636
0 0 0.986942 0.008262 0.000718 0.000000 0.004077
0 0 0.997030 0.000974 0.000099 0.000000 0.001898
0 0 0.942867 0.051295 0.003884 0.000001 0.001953
0 0 0.997452 0.001403 0.000542 0.000023 0.000579
0 0 0.587181 0.088624 0.014455 0.000216 0.309524
1 0 0.075133 0.644693 0.045285 0.000014 0.234875
0 0 0.916307 0.006715 0.001096 0.000007 0.075874
0 0 0.897092 0.007582 0.001390 0.000016 0.093921
0 0 0.651053 0.018999 0.003500 0.000069 0.326379
0 0 0.725403 0.049610 0.009697 0.000229 0.215061
0 0 0.606070 0.277796 0.023745 0.000025 0.092364
0 0 0.513365 0.331849 0.023503 0.000014 0.131269
4 0 0.119903 0.344147 0.019837 0.000013 0.516099
4 0 0.254653 0.335828 0.051941 0.000019 0.357558
4 4 0.403905 0.160363 0.022638 0.000257 0.412838
4 4 0.313427 0.161010 0.024925 0.000463 0.500175
4 4 0.364435 0.043380 0.020178 0.000609 0.571399
0 4 0.465641 0.131965 0.037947 0.000371 0.364076
4 4 0.218661 0.003239 0.001280 0.000701 0.776118
4 4 0.109184 0.002359 0.000820 0.000280 0.887357
4 4 0.278837 0.056946 0.029361 0.000065 0.634790
0 4 0.615947 0.104446 0.031250 0.003157 0.245201
4 4 0.019977 0.071724 0.030557 0.000757 0.876985
4 0 0.015859 0.031850 0.010951 0.000113 0.941227
4 0 0.319100 0.153697 0.015816 0.000041 0.511347
0 4 0.531850 0.122530 0.017902 0.000192 0.327527
4 4 0.086849 0.262580 0.124727 0.000228 0.525616
4 4 0.069076 0.020809 0.005183 0.000948 0.903984
0 4 0.988538 0.000925 0.000464 0.000104 0.009969
0 4 0.851372 0.005151 0.001905 0.000337 0.141235
4 4 0.134003 0.014225 0.003310 0.000347 0.848114
4 4 0.023612 0.083191 0.034687 0.000045 0.858465
4 4 0.185634 0.049671 0.007731 0.000173 0.756790
0 0 0.499184 0.151059 0.023720 0.000349 0.325688
4 4 0.142410 0.311257 0.044648 0.000083 0.501603
0 0 0.533064 0.059293 0.018024 0.001033 0.388586
0 4 0.503708 0.156655 0.032170 0.001297 0.306171
1 0 0.089928 0.577222 0.069648 0.000770 0.262431
0 0 0.791014 0.091930 0.010224 0.000010 0.106822
0 0 0.996031 0.000761 0.000198 0.000003 0.003008
0 0 0.820504 0.130566 0.025834 0.000383 0.022713
1 0 0.284492 0.630518 0.061969 0.000112 0.022909
0 0 0.857961 0.124659 0.012543 0.000009 0.004828
0 0 0.936539 0.022605 0.007620 0.000740 0.032495
1 0 0.066518 0.533314 0.042590 0.000117 0.357461
1 0 0.132883 0.644312 0.072822 0.000478 0.149505
1 0 0.133453 0.629640 0.069739 0.000035 0.167134
1 1 0.128107 0.505106 0.052699 0.000304 0.313784
1 1 0.106828 0.651416 0.045479 0.000055 0.196222
1 1 0.066460 0.593631 0.033296 0.000013 0.306599
1 1 0.145569 0.700007 0.041644 0.000022 0.112759
1 1 0.234581 0.672794 0.053430 0.000053 0.039142
1 1 0.052999 0.587325 0.098498 0.000093 0.261085
1 2 0.058357 0.589301 0.115063 0.000197 0.237082
1 2 0.017045 0.544109 0.189944 0.000002 0.248900
1 2 0.150551 0.431983 0.080096 0.003881 0.333489
1 2 0.069970 0.717563 0.116344 0.000005 0.096119
1 2 0.086900 0.742966 0.105530 0.000002 0.064601
1 2 0.063990 0.630717 0.212586 0.000217 0.092491
1 2 0.033034 0.497487 0.441577 0.000069 0.027832
0 2 0.674075 0.266276 0.055460 0.000040 0.004149
1 2 0.177330 0.659459 0.151582 0.000073 0.011557
2 2 0.005084 0.193619 0.798365 0.000295 0.002637
1 2 0.160836 0.663007 0.111875 0.000705 0.063577
0 0 0.514595 0.403689 0.080995 0.000001 0.000720
0 0 0.794972 0.057694 0.141335 0.002716 0.003284
0 0 0.928707 0.000891 0.000713 0.001575 0.068114
0 0 0.988655 0.001426 0.000765 0.000228 0.008926
0 1 0.977170 0.007936 0.001693 0.000020 0.013181
0 1 0.464980 0.277318 0.020425 0.000017 0.237260
1 1 0.081264 0.690271 0.127549 0.000051 0.100865
1 1 0.025253 0.482310 0.457648 0.000410 0.034379
1 1 0.061733 0.671384 0.172728 0.000016 0.094139
1 1 0.049740 0.598683 0.332820 0.000016 0.018741
1 1 0.162982 0.665394 0.154261 0.000073 0.017290
1 4 0.064103 0.611833 0.286864 0.000053 0.037147
2 4 0.076140 0.406441 0.509735 0.000238 0.007447
1 2 0.058125 0.462950 0.459719 0.000031 0.019175
2 4 0.005684 0.309264 0.618803 0.000142 0.066108
1 0 0.041866 0.627728 0.274197 0.000010 0.056199
1 1 0.194738 0.646408 0.143466 0.000047 0.015339
1 1 0.119511 0.538429 0.323670 0.000510 0.017881
1 1 0.033506 0.590477 0.271722 0.000014 0.104280
2 2 0.002981 0.212887 0.768136 0.000021 0.015974
2 2 0.000237 0.049155 0.948321 0.000425 0.001861
2 2 0.000103 0.018709 0.979683 0.001303 0.000203
2 2 0.001274 0.084635 0.897893 0.001587 0.014610
2 2 0.004029 0.213930 0.778577 0.000040 0.003424
2 2 0.004505 0.256032 0.687210 0.001852 0.050401
2 2 0.000364 0.065570 0.931602 0.000073 0.002391
2 2 0.003444 0.218734 0.770965 0.000037 0.006819
2 2 0.000438 0.070589 0.926444 0.000067 0.002463
2 2 0.000294 0.035210 0.964342 0.000014 0.000140
2 2 0.000182 0.032909 0.966603 0.000148 0.000157
2 2 0.003349 0.218561 0.771046 0.000036 0.007009
2 2 0.000926 0.089413 0.904293 0.001173 0.004195
2 2 0.000032 0.021586 0.975953 0.001045 0.001384
2 2 0.000050 0.015937 0.982875 0.000889 0.000249
2 2 0.000964 0.138940 0.822003 0.004074 0.034019
2 2 0.000348 0.043478 0.929948 0.023938 0.002288
2 2 0.025001 0.336974 0.633930 0.000095 0.004000
2 2 0.001812 0.081649 0.916111 0.000094 0.000334
2 2 0.000163 0.029045 0.951708 0.017959 0.001124
2 2 0.000742 0.046076 0.930298 0.022218 0.000666
2 2 0.022338 0.345750 0.627684 0.000200 0.004028
2 2 0.002295 0.110544 0.884422 0.000869 0.001870
2 2 0.000727 0.065140 0.929648 0.002872 0.001613
2 2 0.002606 0.113493 0.879634 0.001276 0.002991
2 2 0.004318 0.105362 0.889346 0.000563 0.000412
2 2 0.007147 0.240802 0.745529 0.000192 0.006330
2 2 0.001779 0.170632 0.790242 0.001321 0.036026
2 2 0.000834 0.125324 0.866084 0.000122 0.007636
2 2 0.002390 0.117243 0.855602 0.000502 0.024263
2 2 0.004108 0.232972 0.756429 0.000073 0.006417
2 2 0.000133 0.027750 0.886255 0.083691 0.002171
2 2 0.000439 0.063256 0.913577 0.013994 0.008735
2 2 0.000252 0.047577 0.948817 0.001160 0.002194
2 2 0.001952 0.142520 0.843460 0.000888 0.011180
2 2 0.001032 0.128720 0.849352 0.003473 0.017424
2 2 0.000506 0.088058 0.893272 0.004364 0.013800
2 2 0.000287 0.031321 0.937192 0.030254 0.000946
2 2 0.000281 0.028389 0.935456 0.035599 0.000275
2 2 0.000011 0.007476 0.985666 0.006691 0.000155
2 2 0.000177 0.052115 0.937073 0.002003 0.008631
2 2 0.000079 0.047086 0.907176 0.021594 0.024064
2 2 0.000000 0.000184 0.992583 0.007231 0.000002
2 2 0.000520 0.032529 0.919957 0.046043 0.000951
2 2 0.000054 0.021851 0.975420 0.001874 0.000802
2 2 0.000702 0.109082 0.813405 0.021991 0.054820
2 2 0.000023 0.012009 0.883269 0.104024 0.000675
2 2 0.000048 0.013792 0.973829 0.007249 0.005081
2 2 0.000013 0.007197 0.975380 0.017172 0.000239
2 2 0.000019 0.004014 0.980483 0.015377 0.000107
2 2 0.000053 0.010078 0.600283 0.389223 0.000363
2 2 0.000115 0.030219 0.964402 0.003663 0.001602
2 2 0.000112 0.027576 0.958145 0.012941 0.001226
2 2 0.000055 0.021596 0.886389 0.090156 0.001804
2 2 0.000011 0.005800 0.899799 0.094212 0.000179
2 1 0.000008 0.002600 0.962060 0.035294 0.000038
2 1 0.004091 0.139281 0.833638 0.007041 0.015949
1 0 0.137009 0.451863 0.393489 0.000111 0.017529
0 0 0.956973 0.020764 0.004023 0.000031 0.018209
0 0 0.975458 0.008153 0.002523 0.000125 0.013740
0 0 0.735588 0.037146 0.007860 0.000243 0.219163
0 0 0.978915 0.010611 0.001954 0.000012 0.008508
0 0 0.964343 0.030251 0.003854 0.000004 0.001548
1 1 0.106206 0.635503 0.054087 0.000141 0.204063
4 0 0.168739 0.365526 0.044399 0.000190 0.421145
1 0 0.240556 0.381776 0.179335 0.000369 0.197963
0 0 0.571222 0.265228 0.040290 0.000413 0.122846
0 0 0.776017 0.016099 0.003589 0.000010 0.204285
0 0 0.954986 0.007473 0.001399 0.000013 0.036129
0 0 0.980662 0.011212 0.004310 0.000355 0.003460
0 0 0.759000 0.107495 0.020135 0.000367 0.113003
1 1 0.273745 0.668950 0.035527 0.000006 0.021772
1 2 0.293193 0.628144 0.058127 0.000080 0.020455
1 2 0.023374 0.551619 0.113730 0.000004 0.311272
1 2 0.158578 0.650545 0.090141 0.000740 0.099996
1 2 0.144203 0.693075 0.103659 0.000070 0.058993
1 2 0.050488 0.574003 0.265587 0.003925 0.105998
1 2 0.026561 0.556040 0.167692 0.000025 0.249683
1 2 0.074510 0.617211 0.100081 0.000207 0.207992
1 2 0.054299 0.570789 0.086441 0.000077 0.288395
1 2 0.067066 0.599469 0.063040 0.000072 0.270353
1 2 0.140620 0.741840 0.083011 0.000003 0.034527
1 2 0.072976 0.639128 0.107923 0.000104 0.179870
1 2 0.106048 0.772524 0.078306 0.000001 0.043122
1 2 0.138132 0.671421 0.102398 0.000244 0.087805
2 2 0.013012 0.448642 0.497202 0.000009 0.041135
1 1 0.097281 0.638029 0.256086 0.000008 0.008596
1 1 0.395957 0.524937 0.071725 0.000293 0.007088
1 1 0.280669 0.601997 0.104083 0.000185 0.013065
2 1 0.015690 0.355716 0.588770 0.003069 0.036755
1 1 0.031576 0.553357 0.372402 0.000045 0.042619
1 1 0.071022 0.652711 0.169581 0.000123 0.106563
2 1 0.011148 0.342945 0.601997 0.000162 0.043749
0 1 0.500872 0.291175 0.045520 0.000029 0.162404
1 1 0.123703 0.578528 0.160510 0.000087 0.137172
2 1 0.005315 0.341843 0.571564 0.000015 0.081262
2 1 0.008432 0.287496 0.432481 0.000226 0.271365
2 2 0.003969 0.193474 0.782079 0.001330 0.019148
2 2 0.004936 0.220358 0.771810 0.000057 0.002839
1 2 0.021981 0.536206 0.406208 0.000047 0.035558
1 2 0.024061 0.529884 0.374367 0.000303 0.071385
2 1 0.022722 0.221739 0.694934 0.000751 0.059854
2 1 0.004400 0.182194 0.802949 0.002323 0.008134
1 2 0.052338 0.488736 0.453466 0.000019 0.005441
2 2 0.002739 0.140618 0.853446 0.000268 0.002929
2 2 0.001029 0.114154 0.875432 0.000677 0.008708
2 2 0.004429 0.275972 0.669330 0.000484 0.049785
2 2 0.001294 0.097942 0.896225 0.001720 0.002819
2 2 0.000212 0.021422 0.977734 0.000599 0.000033
1 2 0.023173 0.492728 0.350532 0.000129 0.133438
1 2 0.039631 0.534010 0.358226 0.000314 0.067820
2 2 0.020638 0.405824 0.560644 0.000200 0.012695
1 2 0.067443 0.529200 0.398069 0.000108 0.005180
2 2 0.007087 0.219574 0.762523 0.001981 0.008835
2 2 0.006611 0.191231 0.792565 0.002299 0.007294
2 2 0.007548 0.167317 0.824223 0.000359 0.000552
2 2 0.000810 0.066909 0.929380 0.001717 0.001184
2 2 0.030765 0.440420 0.524827 0.000029 0.003960
2 2 0.012495 0.302414 0.677977 0.000322 0.006792
1 2 0.032305 0.551146 0.369588 0.000165 0.046796
1 2 0.028431 0.487992 0.441909 0.000242 0.041425
2 2 0.012271 0.271243 0.698543 0.000474 0.017469
2 1 0.000516 0.087442 0.905822 0.000934 0.005286
2 2 0.002653 0.167661 0.826320 0.000187 0.003179
2 2 0.001135 0.091460 0.906236 0.000065 0.001104
2 2 0.003738 0.205297 0.785835 0.000021 0.005109
2 2 0.000461 0.091343 0.906087 0.000002 0.002106
2 2 0.003658 0.177124 0.807631 0.001524 0.010063
2 2 0.000294 0.074110 0.921326 0.001137 0.003133
2 2 0.000045 0.015315 0.982996 0.001388 0.000256
2 2 0.001390 0.094274 0.890493 0.011785 0.002058
2 2 0.000126 0.048182 0.944877 0.001353 0.005462
2 2 0.000093 0.025479 0.973844 0.000265 0.000319
2 2 0.002053 0.138267 0.854286 0.000761 0.004633
2 2 0.002181 0.175554 0.810961 0.000067 0.011238
2 2 0.001475 0.145016 0.846537 0.000444 0.006528
2 2 0.001003 0.102243 0.894520 0.000048 0.002187
2 2 0.002803 0.137430 0.857365 0.000509 0.001893
2 2 0.003353 0.161281 0.830301 0.001651 0.003415
2 2 0.000403 0.038497 0.959690 0.001185 0.000225
2 2 0.005907 0.205568 0.786871 0.000165 0.001489
2 1 0.015271 0.428301 0.502860 0.000253 0.053315
2 2 0.001053 0.141316 0.807395 0.005557 0.044678
2 2 0.000361 0.069191 0.920045 0.001618 0.008786
2 1 0.000112 0.026473 0.972809 0.000294 0.000313
2 2 0.013040 0.256054 0.729467 0.000053 0.001386
2 2 0.002603 0.171191 0.824708 0.000004 0.001495
2 2 0.005467 0.260834 0.519357 0.014598 0.199745
2 2 0.013955 0.376905 0.563375 0.003312 0.042453
2 2 0.000355 0.043769 0.955074 0.000267 0.000535
2 0 0.000285 0.026884 0.967644 0.004887 0.000300
0 0 0.971686 0.019794 0.006633 0.000285 0.001602
0 0 0.982511 0.006920 0.003953 0.001540 0.005075
0 0 0.963059 0.026243 0.004210 0.000016 0.006472
0 0 0.675279 0.259624 0.051550 0.000774 0.012772
1 1 0.167771 0.672379 0.065915 0.000206 0.093728
1 4 0.064690 0.554444 0.170854 0.001057 0.208955
1 4 0.135733 0.719178 0.113220 0.000007 0.031862
1 4 0.060731 0.628616 0.270163 0.000011 0.040478
4 4 0.216715 0.051198 0.019224 0.000932 0.711932
0 4 0.769579 0.030175 0.011172 0.000996 0.188078
0 0 0.727637 0.033842 0.007263 0.000238 0.231019
1 4 0.309327 0.534391 0.028616 0.000008 0.127659
4 4 0.019954 0.046771 0.017834 0.000271 0.915170
4 4 0.114060 0.012523 0.004265 0.000208 0.868944
0 4 0.619857 0.099248 0.012259 0.000061 0.268574
4 4 0.244132 0.156862 0.040741 0.006078 0.552186
4 4 0.375299 0.012025 0.030891 0.000006 0.581780
4 4 0.215531 0.000665 0.000395 0.000866 0.782543
4 4 0.144546 0.002066 0.002228 0.000423 0.850736
0 4 0.822900 0.002334 0.000728 0.000066 0.173972
4 4 0.124163 0.020915 0.007242 0.000272 0.847409
0 4 0.600938 0.062992 0.014462 0.000766 0.320842
1 4 0.098733 0.462580 0.026253 0.000017 0.412416
4 4 0.236297 0.059254 0.005609 0.000017 0.698824
4 4 0.433252 0.090312 0.011721 0.000091 0.464624
0 4 0.500774 0.130145 0.051095 0.000182 0.317804
4 4 0.159140 0.012540 0.004111 0.000296 0.823913
0 4 0.515817 0.036722 0.010146 0.000109 0.437206
4 4 0.208925 0.197165 0.047083 0.000619 0.546207
4 4 0.204331 0.100947 0.022022 0.001806 0.670894
4 4 0.055730 0.314552 0.134687 0.000056 0.494974
4 4 0.320805 0.002829 0.001956 0.000799 0.673610
4 4 0.101524 0.060876 0.013737 0.001647 0.822217
0 4 0.719097 0.025176 0.008449 0.001503 0.245774
4 4 0.045474 0.089764 0.096284 0.000154 0.768324
4 4 0.022082 0.343676 0.180844 0.000019 0.453378
4 4 0.038571 0.131218 0.010942 0.000026 0.819244
4 4 0.425787 0.058212 0.055159 0.000325 0.460517
4 4 0.127403 0.126744 0.028711 0.000129 0.717013
4 4 0.178916 0.332178 0.044845 0.000637 0.443424
4 4 0.033609 0.100583 0.018642 0.000008 0.847157
0 4 0.591423 0.174410 0.030479 0.000049 0.203639
4 4 0.108936 0.402010 0.050000 0.000015 0.439039
4 4 0.032982 0.159525 0.013678 0.000008 0.793807
4 4 0.157736 0.036077 0.013724 0.001645 0.790819
4 4 0.122069 0.002541 0.002000 0.001021 0.872369
0 4 0.496959 0.027128 0.004935 0.000116 0.470862
0 4 0.506191 0.074229 0.012968 0.000279 0.406333
1 4 0.252195 0.677201 0.041207 0.000013 0.029383
1 4 0.187591 0.615624 0.091059 0.001146 0.104579
4 4 0.187306 0.236112 0.062915 0.000074 0.513593
4 4 0.291141 0.096431 0.029545 0.000263 0.582620
0 4 0.520678 0.159264 0.048274 0.000825 0.270959
4 0 0.348925 0.048654 0.014565 0.002924 0.584932
1 4 0.096229 0.461256 0.073473 0.000027 0.369015
4 4 0.034857 0.174536 0.019424 0.000206 0.770978
4 4 0.022198 0.306963 0.021523 0.000033 0.649283
4 4 0.011116 0.039403 0.018582 0.000003 0.930896
4 4 0.435157 0.076732 0.014135 0.000098 0.473879
0 4 0.430772 0.231556 0.029876 0.000227 0.307569
0 4 0.602509 0.133922 0.028507 0.000407 0.234655
4 4 0.319064 0.012821 0.005795 0.005136 0.657185
4 4 0.108604 0.099895 0.087261 0.001681 0.702559
4 4 0.007021 0.012535 0.011308 0.000022 0.969115
1 4 0.063113 0.515913 0.051981 0.000354 0.368638
4 4 0.015744 0.362684 0.081974 0.000080 0.539518
0 4 0.450004 0.174023 0.030127 0.000689 0.345158
4 4 0.226662 0.050852 0.011302 0.000902 0.710282
4 4 0.174287 0.088129 0.087412 0.001895 0.648277
4 4 0.081328 0.048568 0.023160 0.001232 0.845712
4 4 0.228258 0.009698 0.026622 0.000137 0.735285
4 4 0.277099 0.118841 0.039864 0.014577 0.549619
4 4 0.066904 0.045261 0.027550 0.000032 0.860253
0 4 0.523580 0.021539 0.007535 0.000800 0.446545
4 4 0.015497 0.044574 0.004015 0.000015 0.935900
4 4 0.009103 0.082260 0.008042 0.000004 0.900590
4 4 0.030709 0.295870 0.033469 0.000005 0.639947
4 4 0.289892 0.271597 0.028416 0.000123 0.409973
4 4 0.274005 0.021968 0.005154 0.000428 0.698445
4 4 0.336100 0.266359 0.028322 0.000120 0.369099
4 4 0.216186 0.100166 0.006479 0.000005 0.677163
4 4 0.123173 0.229563 0.012347 0.000006 0.634911
4 4 0.180904 0.116781 0.021841 0.000008 0.680465
4 4 0.295404 0.101576 0.017376 0.000477 0.585167
1 4 0.293566 0.543548 0.053412 0.000140 0.109334
1 4 0.317346 0.382540 0.073258 0.002729 0.224127
