0 0 0.973470 0.014066 0.004544 0.000005 0.007914
0 0 0.995739 0.003129 0.000640 0.000000 0.000492
0 0 0.994184 0.004224 0.001416 0.000011 0.000164
0 0 0.995118 0.003876 0.000288 0.000000 0.000718
0 0 0.861469 0.025754 0.078376 0.034085 0.000315
0 0 0.982251 0.010146 0.007325 0.000105 0.000173
0 0 0.999345 0.000479 0.000035 0.000000 0.000141
0 0 0.998906 0.000866 0.000094 0.000000 0.000134
0 0 0.976601 0.017658 0.005280 0.000004 0.000457
0 0 0.906008 0.050101 0.037350 0.000745 0.005796
0 0 0.795609 0.162776 0.015548 0.000000 0.026066
0 0 0.783902 0.116899 0.017678 0.000000 0.081520
2 1 0.367569 0.108397 0.488532 0.000054 0.035449
4 0 0.092432 0.179182 0.269412 0.000004 0.458971
2 0 0.004353 0.186209 0.611878 0.000004 0.197556
2 0 0.012471 0.289421 0.445252 0.000002 0.252855
4 1 0.086555 0.143806 0.204177 0.000002 0.565459
2 0 0.026515 0.051452 0.865779 0.000003 0.056251
2 0 0.152500 0.124738 0.636054 0.051874 0.034834
2 0 0.003669 0.203305 0.708166 0.000358 0.084502
0 0 0.967765 0.018993 0.010404 0.000441 0.002397
0 0 0.954873 0.021943 0.009464 0.000318 0.013401
0 0 0.870388 0.039420 0.018903 0.001045 0.070243
0 0 0.953920 0.016028 0.004282 0.000001 0.025768
0 0 0.887620 0.043240 0.063953 0.001187 0.004000
2 0 0.070062 0.107378 0.818124 0.002841 0.001595
0 0 0.997004 0.002314 0.000639 0.000000 0.000042
0 0 0.998457 0.001274 0.000222 0.000000 0.000048
0 0 0.907651 0.032806 0.031688 0.026478 0.001378
0 0 0.984965 0.013910 0.000951 0.000000 0.000174
0 0 0.969293 0.017590 0.007638 0.000121 0.005357
0 0 0.843045 0.058248 0.088550 0.000996 0.009161
0 0 0.974392 0.017736 0.003900 0.000001 0.003971
1 0 0.050061 0.748559 0.152850 0.000006 0.048524
0 4 0.654586 0.035396 0.244216 0.000002 0.065800
0 4 0.779710 0.025731 0.190687 0.000035 0.003837
2 4 0.076052 0.136364 0.425416 0.000037 0.362131
4 4 0.149600 0.063016 0.076707 0.000660 0.710018
4 4 0.094059 0.196810 0.100918 0.000522 0.607691
4 4 0.052485 0.095939 0.049627 0.000000 0.801948
4 4 0.025907 0.133798 0.268683 0.001842 0.569770
4 4 0.019145 0.097534 0.090687 0.000071 0.792563
4 4 0.094912 0.227664 0.217193 0.001238 0.458993
1 4 0.177648 0.297500 0.235238 0.000006 0.289607
1 4 0.001638 0.380971 0.345123 0.000004 0.272265
4 4 0.028240 0.171080 0.130394 0.000024 0.670262
4 4 0.030132 0.051622 0.119304 0.000288 0.798655
4 4 0.038384 0.162559 0.113759 0.000010 0.685287
2 4 0.002700 0.113741 0.663230 0.000099 0.220231
2 4 0.000270 0.093993 0.864280 0.000075 0.041382
2 4 0.000104 0.167299 0.752140 0.000480 0.079977
2 4 0.000052 0.076201 0.910512 0.000060 0.013174
2 4 0.001903 0.168863 0.732042 0.000010 0.097181
2 4 0.001033 0.068316 0.908042 0.000196 0.022414
2 4 0.003628 0.149820 0.615370 0.000064 0.231117
4 4 0.006868 0.202192 0.375248 0.000026 0.415666
2 4 0.003340 0.154009 0.723798 0.000036 0.118818
2 4 0.000074 0.035388 0.960272 0.000103 0.004164
2 4 0.000177 0.088140 0.907820 0.000004 0.003859
2 1 0.000475 0.227217 0.709524 0.000006 0.062777
2 1 0.001839 0.126713 0.727924 0.000497 0.143026
2 1 0.002551 0.142944 0.765909 0.000090 0.088505
2 1 0.001268 0.288346 0.572622 0.000233 0.137531
2 1 0.000072 0.015842 0.971405 0.000987 0.011694
2 2 0.000090 0.036203 0.940854 0.000183 0.022669
2 2 0.000417 0.080901 0.844006 0.000449 0.074228
2 2 0.000175 0.038304 0.906110 0.029487 0.025925
2 2 0.000107 0.040167 0.940490 0.000892 0.018344
2 2 0.000003 0.000092 0.977448 0.022442 0.000016
2 2 0.000000 0.000037 0.996500 0.003463 0.000000
2 2 0.000000 0.000004 0.981009 0.018987 0.000000
2 2 0.000000 0.000301 0.998765 0.000928 0.000006
2 2 0.000001 0.000089 0.878675 0.121232 0.000004
2 2 0.000167 0.002195 0.916658 0.080589 0.000391
2 2 0.000000 0.000048 0.945577 0.054372 0.000003
2 2 0.000065 0.000386 0.825788 0.173684 0.000078
2 3 0.000000 0.000020 0.516700 0.483278 0.000001
3 2 0.000069 0.000404 0.367187 0.632261 0.000079
3 3 0.000001 0.000037 0.280961 0.718992 0.000009
3 2 0.000000 0.000048 0.166887 0.833062 0.000004
3 2 0.000000 0.000001 0.435877 0.564122 0.000000
3 3 0.000000 0.000000 0.005991 0.994009 0.000000
3 2 0.000001 0.000096 0.035528 0.964371 0.000003
3 3 0.000051 0.000905 0.030267 0.968637 0.000141
3 3 0.000103 0.000870 0.208971 0.789917 0.000139
3 3 0.000016 0.000216 0.183470 0.816291 0.000007
3 3 0.000000 0.000006 0.065201 0.934792 0.000001
3 3 0.000000 0.000007 0.099188 0.900803 0.000001
2 3 0.000002 0.000065 0.622832 0.377095 0.000007
3 3 0.000009 0.000058 0.026432 0.973486 0.000015
3 3 0.000000 0.000000 0.398463 0.601537 0.000000
3 3 0.000000 0.000000 0.316480 0.683519 0.000000
3 3 0.000050 0.000120 0.109682 0.890146 0.000002
3 3 0.000041 0.000117 0.051713 0.948120 0.000008
3 3 0.000006 0.000042 0.088554 0.911392 0.000006
3 3 0.000056 0.000166 0.070659 0.929105 0.000013
3 3 0.000008 0.000068 0.084775 0.915136 0.000013
3 3 0.000248 0.001934 0.069385 0.928111 0.000322
3 3 0.000016 0.000112 0.027365 0.972452 0.000055
3 3 0.008888 0.011702 0.032323 0.934350 0.012737
3 3 0.000013 0.000105 0.032760 0.967061 0.000060
3 3 0.000030 0.000109 0.101109 0.898744 0.000007
3 3 0.000000 0.000003 0.003362 0.996635 0.000000
3 3 0.000373 0.000781 0.033830 0.964926 0.000091
3 3 0.000058 0.000084 0.007308 0.992547 0.000004
3 3 0.000007 0.000040 0.005148 0.994786 0.000019
3 3 0.000000 0.000004 0.015646 0.984350 0.000000
3 3 0.000044 0.000281 0.022078 0.977569 0.000028
3 3 0.000063 0.000245 0.009455 0.990199 0.000038
3 3 0.000240 0.000355 0.005287 0.994056 0.000063
3 3 0.000047 0.000121 0.009228 0.990585 0.000019
3 3 0.000028 0.000129 0.096540 0.903287 0.000016
3 3 0.000002 0.000011 0.002009 0.997973 0.000005
3 3 0.000067 0.000343 0.043835 0.955567 0.000188
3 3 0.000002 0.000011 0.005536 0.994450 0.000001
3 3 0.001905 0.036693 0.295732 0.657986 0.007684
3 3 0.000004 0.000020 0.000795 0.999172 0.000009
3 3 0.000000 0.000001 0.001551 0.998448 0.000000
3 3 0.000329 0.002076 0.061355 0.936069 0.000171
3 3 0.000404 0.000593 0.022953 0.975945 0.000105
3 3 0.000155 0.000287 0.008939 0.990570 0.000049
3 3 0.000029 0.000108 0.002124 0.997665 0.000075
3 3 0.000001 0.000005 0.001057 0.998935 0.000002
3 3 0.000326 0.000799 0.002313 0.992204 0.004358
3 3 0.000032 0.000129 0.034252 0.965564 0.000023
3 3 0.000141 0.000479 0.043511 0.955729 0.000140
3 3 0.000264 0.000295 0.008664 0.990757 0.000020
3 3 0.000001 0.000008 0.002986 0.997003 0.000002
3 3 0.000038 0.000195 0.006784 0.992777 0.000206
3 3 0.000047 0.000232 0.043665 0.955970 0.000086
3 3 0.000000 0.000001 0.013653 0.986345 0.000000
3 3 0.000032 0.000118 0.061188 0.938650 0.000012
3 3 0.000001 0.000020 0.001229 0.998739 0.000011
3 3 0.000008 0.000021 0.000710 0.999256 0.000004
3 3 0.000136 0.006005 0.193399 0.800209 0.000251
3 3 0.004160 0.005588 0.015459 0.974125 0.000669
3 3 0.000004 0.000190 0.076146 0.923653 0.000007
3 3 0.000031 0.000168 0.122586 0.877214 0.000001
2 1 0.001074 0.006053 0.910015 0.082846 0.000011
0 1 0.953725 0.014995 0.030994 0.000208 0.000079
2 1 0.341829 0.244340 0.400170 0.000091 0.013571
2 1 0.091868 0.304947 0.392580 0.012332 0.198273
2 1 0.086844 0.045788 0.866088 0.001193 0.000087
2 0 0.003341 0.379073 0.615751 0.000015 0.001820
1 1 0.010388 0.603362 0.286652 0.000002 0.099596
1 1 0.006915 0.693871 0.213508 0.000001 0.085705
2 2 0.002064 0.011175 0.983512 0.002880 0.000369
2 1 0.019583 0.023576 0.943727 0.012244 0.000871
0 0 0.797189 0.157284 0.028842 0.000003 0.016682
0 1 0.867179 0.064337 0.016386 0.000011 0.052087
0 0 0.983892 0.008817 0.001088 0.000000 0.006202
0 0 0.999067 0.000785 0.000090 0.000000 0.000059
0 0 0.972028 0.018124 0.002740 0.000000 0.007107
0 0 0.952483 0.024158 0.002714 0.000000 0.020645
0 0 0.996974 0.002371 0.000538 0.000000 0.000116
0 0 0.994107 0.004228 0.001556 0.000011 0.000099
0 0 0.991970 0.005011 0.001063 0.000000 0.001955
0 0 0.996775 0.002482 0.000548 0.000001 0.000194
0 0 0.996258 0.002875 0.000752 0.000001 0.000114
0 0 0.999797 0.000184 0.000017 0.000000 0.000002
0 0 0.997498 0.001978 0.000344 0.000000 0.000180
0 0 0.998767 0.001061 0.000150 0.000000 0.000022
0 0 0.986882 0.008715 0.003088 0.000020 0.001295
0 0 0.994982 0.001926 0.000181 0.000000 0.002912
0 0 0.998816 0.000999 0.000070 0.000000 0.000115
0 0 0.993838 0.002012 0.000197 0.000000 0.003952
0 0 0.999992 0.000008 0.000000 0.000000 0.000000
0 0 0.999919 0.000076 0.000004 0.000000 0.000001
0 0 0.997750 0.002113 0.000083 0.000000 0.000054
0 0 0.964032 0.031281 0.004629 0.000000 0.000057
0 0 0.995726 0.003031 0.001064 0.000000 0.000178
0 0 0.990300 0.006833 0.002141 0.000001 0.000725
0 0 0.990441 0.005338 0.002556 0.001555 0.000111
0 0 0.985542 0.007537 0.001854 0.000007 0.005059
0 0 0.999229 0.000649 0.000117 0.000000 0.000005
0 0 0.988051 0.008048 0.002474 0.000004 0.001424
0 0 0.998252 0.001404 0.000324 0.000000 0.000019
0 0 0.998485 0.001236 0.000261 0.000000 0.000019
0 0 0.996357 0.002824 0.000659 0.000000 0.000160
0 0 0.987198 0.007201 0.005465 0.000048 0.000089
0 0 0.861243 0.015201 0.122317 0.000023 0.001216
0 0 0.996633 0.002541 0.000791 0.000001 0.000034
1 0 0.104997 0.711590 0.159038 0.000057 0.024318
1 1 0.001691 0.767249 0.106920 0.000000 0.124140
0 1 0.382623 0.293178 0.151583 0.000005 0.172611
1 1 0.066787 0.553515 0.349150 0.000001 0.030547
1 1 0.080293 0.816289 0.063235 0.000000 0.040183
0 0 0.686280 0.109484 0.026772 0.000001 0.177463
0 0 0.988182 0.008053 0.002614 0.000002 0.001148
0 0 0.938578 0.038580 0.018614 0.000064 0.004165
1 1 0.216257 0.429789 0.326838 0.000000 0.027116
0 1 0.548689 0.146417 0.226263 0.000000 0.078631
1 1 0.044624 0.604886 0.237279 0.000000 0.113211
2 1 0.008222 0.242250 0.727209 0.000076 0.022243
2 1 0.000053 0.052561 0.924556 0.001793 0.021038
2 1 0.001748 0.057024 0.925394 0.000129 0.015704
2 1 0.000140 0.043982 0.953999 0.000206 0.001673
2 1 0.000010 0.011012 0.986693 0.001734 0.000551
2 2 0.250115 0.076976 0.666950 0.000128 0.005831
2 1 0.013138 0.070233 0.914371 0.000018 0.002240
0 1 0.986016 0.006917 0.006928 0.000030 0.000107
0 0 0.993642 0.004659 0.001491 0.000002 0.000207
1 0 0.046601 0.785539 0.012881 0.000000 0.154979
1 1 0.123547 0.755287 0.078621 0.000000 0.042544
0 1 0.567437 0.393248 0.018510 0.000000 0.020806
1 1 0.011063 0.904849 0.063297 0.000000 0.020791
1 1 0.013392 0.649195 0.251953 0.000008 0.085452
1 1 0.040103 0.707559 0.054101 0.000000 0.198237
2 1 0.077708 0.233384 0.673167 0.000066 0.015674
2 2 0.023667 0.330349 0.614098 0.000035 0.031851
2 2 0.008138 0.049888 0.935881 0.000008 0.006084
2 2 0.031089 0.049949 0.914948 0.001280 0.002733
2 2 0.000566 0.335071 0.662927 0.000000 0.001436
2 2 0.034566 0.231747 0.729770 0.000007 0.003911
2 1 0.069704 0.128009 0.800988 0.000664 0.000636
2 1 0.074811 0.304452 0.620528 0.000010 0.000199
0 1 0.723480 0.228182 0.034010 0.000000 0.014328
0 1 0.632784 0.263182 0.048406 0.000000 0.055627
1 1 0.006448 0.590699 0.237814 0.000001 0.165038
2 1 0.011905 0.445452 0.507249 0.000008 0.035384
2 2 0.005235 0.321775 0.629993 0.000003 0.042994
2 2 0.003850 0.383801 0.575898 0.000009 0.036442
1 1 0.182619 0.698985 0.085867 0.000000 0.032528
0 2 0.746161 0.205218 0.033940 0.000000 0.014680
1 1 0.235892 0.475256 0.282277 0.000000 0.006575
0 1 0.460228 0.230027 0.291167 0.000167 0.018411
2 1 0.000738 0.409403 0.588303 0.000004 0.001551
2 1 0.000431 0.049144 0.949547 0.000815 0.000063
2 2 0.000029 0.102415 0.897152 0.000001 0.000403
2 2 0.000899 0.013589 0.985448 0.000011 0.000053
2 2 0.000032 0.000702 0.999080 0.000186 0.000000
2 2 0.000211 0.003578 0.995549 0.000625 0.000037
2 2 0.000317 0.036749 0.961389 0.000011 0.001535
2 1 0.001327 0.080685 0.916011 0.000035 0.001942
0 1 0.760594 0.120659 0.107654 0.000005 0.011089
2 2 0.050852 0.183567 0.750114 0.000005 0.015462
2 2 0.000435 0.002046 0.995495 0.002010 0.000014
2 2 0.103929 0.089431 0.802652 0.000795 0.003194
2 2 0.000352 0.022274 0.977147 0.000029 0.000198
2 2 0.000001 0.016122 0.983772 0.000003 0.000101
0 2 0.912234 0.064258 0.023397 0.000000 0.000111
1 1 0.306834 0.385705 0.268643 0.000008 0.038811
2 1 0.004693 0.222664 0.771503 0.000105 0.001035
2 1 0.042608 0.281180 0.668607 0.000036 0.007569
1 1 0.404020 0.453188 0.121734 0.000025 0.021033
2 1 0.001231 0.255727 0.732880 0.000005 0.010157
1 2 0.173744 0.488766 0.327472 0.000001 0.010018
2 2 0.012472 0.211241 0.769458 0.000113 0.006716
2 2 0.279266 0.025491 0.692105 0.003037 0.000102
2 2 0.237163 0.011532 0.725678 0.025594 0.000033
2 2 0.002298 0.031832 0.964945 0.000564 0.000360
2 2 0.124906 0.103615 0.767384 0.000861 0.003235
2 2 0.064869 0.161497 0.769712 0.000075 0.003846
2 2 0.001885 0.033015 0.964432 0.000088 0.000580
2 2 0.011151 0.178195 0.800623 0.000012 0.010020
2 2 0.081690 0.096444 0.813850 0.001333 0.006683
2 2 0.004322 0.028403 0.964688 0.002113 0.000474
2 2 0.065849 0.165009 0.758543 0.007111 0.003488
2 2 0.005199 0.090618 0.902753 0.000824 0.000606
2 2 0.000152 0.006526 0.989451 0.003858 0.000013
2 2 0.027250 0.024796 0.884819 0.062963 0.000172
2 1 0.172275 0.016178 0.790625 0.020826 0.000095
2 1 0.000467 0.406067 0.581498 0.000001 0.011967
2 2 0.000028 0.018972 0.977100 0.000002 0.003899
2 2 0.000004 0.000499 0.996046 0.003411 0.000040
2 2 0.000623 0.002730 0.996220 0.000272 0.000156
2 1 0.053415 0.026877 0.918003 0.000715 0.000990
2 1 0.107013 0.335433 0.551275 0.000031 0.006248
2 1 0.011037 0.221389 0.762580 0.000001 0.004993
2 2 0.000030 0.036476 0.961722 0.000004 0.001767
2 2 0.011266 0.014118 0.973646 0.000513 0.000457
2 2 0.001429 0.037014 0.948108 0.013290 0.000159
2 2 0.000272 0.006896 0.990641 0.002141 0.000051
2 2 0.005206 0.054278 0.935127 0.002128 0.003260
2 2 0.000043 0.007472 0.992297 0.000043 0.000145
2 2 0.000001 0.000923 0.997829 0.001246 0.000001
2 2 0.000005 0.010877 0.988656 0.000001 0.000461
2 2 0.000009 0.002548 0.997371 0.000038 0.000034
2 2 0.000002 0.001377 0.998566 0.000022 0.000032
2 2 0.000001 0.000730 0.998993 0.000275 0.000001
2 2 0.000052 0.000641 0.959835 0.039472 0.000000
2 2 0.002504 0.006622 0.982314 0.008529 0.000030
2 2 0.000248 0.008922 0.986015 0.004786 0.000029
2 1 0.040777 0.029578 0.924465 0.004173 0.001007
2 1 0.000039 0.006519 0.991994 0.001266 0.000182
2 2 0.000317 0.002892 0.995300 0.001393 0.000098
2 2 0.000126 0.018018 0.980979 0.000574 0.000303
2 2 0.000000 0.000132 0.999146 0.000723 0.000000
2 2 0.001719 0.042592 0.954753 0.000856 0.000080
2 2 0.000007 0.002094 0.995006 0.002882 0.000011
2 2 0.000001 0.000197 0.997162 0.002640 0.000001
2 1 0.000000 0.000454 0.999301 0.000244 0.000001
2 1 0.000229 0.017405 0.973022 0.008304 0.001041
2 1 0.069055 0.058352 0.860730 0.009882 0.001982
2 1 0.000155 0.005768 0.985309 0.008662 0.000106
2 2 0.000012 0.000975 0.988283 0.010713 0.000018
2 2 0.000017 0.002125 0.996894 0.000958 0.000006
2 2 0.000026 0.017825 0.981805 0.000002 0.000342
2 2 0.000011 0.000347 0.995257 0.004382 0.000003
2 2 0.000120 0.006419 0.975393 0.018059 0.000010
2 2 0.000001 0.000401 0.997790 0.001807 0.000000
2 2 0.000000 0.000148 0.999731 0.000120 0.000000
2 2 0.000031 0.013256 0.983182 0.003492 0.000040
2 2 0.000004 0.000386 0.997407 0.002202 0.000002
2 2 0.000000 0.000012 0.999100 0.000888 0.000000
2 2 0.000003 0.000416 0.994977 0.004604 0.000001
2 2 0.000006 0.000095 0.979768 0.020131 0.000000
2 2 0.000001 0.000285 0.997609 0.002105 0.000001
2 2 0.000026 0.001150 0.994120 0.004699 0.000006
2 2 0.000193 0.005884 0.974889 0.019009 0.000026
2 2 0.000015 0.000135 0.962329 0.037522 0.000000
2 2 0.000000 0.000002 0.991164 0.008834 0.000000
2 2 0.000004 0.000026 0.852826 0.147143 0.000001
2 3 0.000287 0.000256 0.802116 0.197341 0.000001
2 2 0.000000 0.000035 0.998666 0.001299 0.000000
2 2 0.000007 0.000087 0.808440 0.191466 0.000000
2 1 0.000244 0.028415 0.970610 0.000430 0.000301
2 1 0.035709 0.151655 0.808877 0.003179 0.000581
1 1 0.175428 0.745129 0.070688 0.000000 0.008755
1 1 0.323763 0.480718 0.188377 0.000076 0.007065
2 1 0.021747 0.484077 0.488879 0.000006 0.005292
2 1 0.003860 0.053350 0.941922 0.000016 0.000853
2 2 0.000110 0.029117 0.969884 0.000517 0.000373
2 2 0.000211 0.031565 0.967995 0.000102 0.000127
2 2 0.000011 0.003792 0.996173 0.000022 0.000002
2 2 0.000032 0.008701 0.991220 0.000013 0.000034
2 2 0.000008 0.001131 0.982613 0.016246 0.000001
2 2 0.000027 0.000756 0.985812 0.013403 0.000001
2 2 0.000002 0.000639 0.996840 0.002518 0.000001
2 2 0.000002 0.001708 0.996945 0.001344 0.000001
2 2 0.000007 0.001156 0.997976 0.000859 0.000002
2 2 0.000000 0.000061 0.999533 0.000406 0.000000
2 2 0.003477 0.105775 0.890100 0.000250 0.000398
2 1 0.000083 0.038104 0.958828 0.002677 0.000308
2 2 0.000062 0.013192 0.985680 0.000711 0.000356
2 1 0.000004 0.002983 0.996969 0.000003 0.000040
2 2 0.000214 0.016485 0.982230 0.000435 0.000636
2 2 0.000120 0.001315 0.959323 0.039235 0.000007
2 2 0.000002 0.006354 0.992984 0.000646 0.000013
2 2 0.009158 0.031905 0.955595 0.003034 0.000307
0 1 0.513697 0.312452 0.168625 0.000009 0.005216
1 1 0.038339 0.609840 0.299077 0.000038 0.052705
2 2 0.000201 0.010230 0.985646 0.003857 0.000065
2 2 0.000010 0.000063 0.916745 0.083181 0.000001
2 2 0.000003 0.000502 0.996087 0.003407 0.000000
2 2 0.003290 0.048158 0.945423 0.003095 0.000034
2 2 0.017028 0.107967 0.866457 0.000997 0.007551
2 1 0.239006 0.122429 0.632890 0.000059 0.005615
2 1 0.014184 0.383014 0.596344 0.000002 0.006456
1 1 0.178615 0.481097 0.327720 0.000011 0.012557
2 1 0.000148 0.311753 0.683032 0.000001 0.005066
2 2 0.000079 0.007869 0.992008 0.000022 0.000023
2 1 0.001385 0.053205 0.944006 0.000074 0.001329
2 2 0.000354 0.022227 0.940863 0.036247 0.000309
2 1 0.000540 0.326006 0.669545 0.000011 0.003897
2 2 0.000055 0.008967 0.990648 0.000265 0.000065
2 2 0.007362 0.042205 0.947577 0.001799 0.001058
1 2 0.240125 0.407941 0.346419 0.000007 0.005507
2 2 0.000517 0.017049 0.968288 0.014049 0.000097
2 2 0.000086 0.004828 0.993426 0.001653 0.000008
2 2 0.004157 0.021877 0.973107 0.000790 0.000069
2 2 0.296111 0.120276 0.580939 0.001889 0.000786
1 0 0.013226 0.672531 0.299993 0.000002 0.014248
2 1 0.001528 0.249567 0.744759 0.000009 0.004137
2 2 0.000029 0.110599 0.888485 0.000011 0.000876
2 2 0.000018 0.005936 0.993632 0.000162 0.000252
2 2 0.000004 0.002950 0.993280 0.003741 0.000025
2 2 0.000000 0.000116 0.994453 0.005427 0.000003
2 2 0.000220 0.002096 0.964543 0.033128 0.000013
2 2 0.000089 0.024021 0.974339 0.000105 0.001446
2 2 0.000035 0.000692 0.979383 0.019883 0.000007
2 2 0.000093 0.001642 0.764030 0.234207 0.000027
2 2 0.000014 0.003139 0.996043 0.000796 0.000008
2 2 0.000000 0.000303 0.999466 0.000227 0.000005
2 2 0.000008 0.000287 0.987936 0.011768 0.000001
2 2 0.002723 0.034030 0.959393 0.000230 0.003623
2 4 0.004346 0.024904 0.916634 0.000394 0.053722
2 4 0.032587 0.042443 0.491272 0.000583 0.433114
4 4 0.147356 0.023185 0.009973 0.000042 0.819444
4 4 0.017066 0.005449 0.002491 0.000078 0.974915
4 4 0.054100 0.043677 0.020642 0.000100 0.881480
4 4 0.123319 0.132441 0.046192 0.000028 0.698020
4 4 0.136769 0.048832 0.036367 0.000579 0.777454
4 4 0.214798 0.179827 0.062941 0.000039 0.542396
4 4 0.108653 0.051532 0.030831 0.000170 0.808815
4 4 0.141726 0.133437 0.074115 0.000852 0.649870
4 4 0.085165 0.065814 0.033315 0.000057 0.815648
4 4 0.200599 0.061554 0.021535 0.000014 0.716298
4 4 0.055358 0.290183 0.270350 0.000002 0.384107
2 4 0.000937 0.201555 0.688364 0.000000 0.109143
4 4 0.005155 0.302112 0.314285 0.000000 0.378448
4 4 0.020509 0.124403 0.065685 0.000103 0.789300
4 4 0.003988 0.106499 0.434220 0.001368 0.453925
4 4 0.041555 0.092998 0.086578 0.000099 0.778769
4 4 0.134787 0.018520 0.006696 0.000003 0.839994
0 4 0.500146 0.147870 0.016804 0.000000 0.335179
2 4 0.001047 0.082087 0.522148 0.000426 0.394292
2 4 0.004362 0.171231 0.471464 0.000052 0.352891
4 4 0.379264 0.006847 0.000854 0.000000 0.613036
4 4 0.023567 0.001975 0.000353 0.000000 0.974105
4 4 0.073963 0.026527 0.006545 0.000000 0.892966
4 4 0.074963 0.045001 0.009224 0.000000 0.870812
4 4 0.018174 0.059666 0.062742 0.000015 0.859403
4 4 0.019631 0.016293 0.008015 0.000084 0.955976
4 4 0.017380 0.156870 0.037323 0.000000 0.788426
4 1 0.011065 0.143447 0.101173 0.000003 0.744313
4 1 0.026846 0.104389 0.049688 0.000000 0.819077
4 1 0.014295 0.194812 0.095820 0.000000 0.695073
0 0 0.880027 0.045286 0.031088 0.000004 0.043595
1 1 0.200101 0.461775 0.327111 0.000007 0.011007
0 0 0.996809 0.001911 0.001248 0.000000 0.000032
0 0 0.975482 0.008684 0.015489 0.000013 0.000332
1 1 0.082804 0.755710 0.084481 0.000000 0.077005
1 1 0.078321 0.531656 0.278441 0.000000 0.111581
1 1 0.013076 0.740447 0.206741 0.000000 0.039736
1 1 0.003798 0.586810 0.362579 0.000001 0.046812
0 1 0.462127 0.461013 0.063070 0.000000 0.013790
1 1 0.020898 0.503192 0.456725 0.000003 0.019183
0 1 0.709302 0.254307 0.026768 0.000000 0.009623
1 1 0.343640 0.507335 0.099909 0.000001 0.049116
1 1 0.016928 0.524595 0.087825 0.000001 0.370651
1 1 0.097232 0.732981 0.091259 0.000000 0.078529
2 1 0.125532 0.216439 0.641656 0.000480 0.015894
2 1 0.148505 0.370040 0.461341 0.000004 0.020110
1 1 0.233305 0.482662 0.137166 0.000019 0.146848
1 1 0.090879 0.649891 0.218847 0.000006 0.040377
2 1 0.030663 0.328513 0.597479 0.000001 0.043344
2 1 0.010600 0.128405 0.844144 0.000037 0.016815
2 1 0.003130 0.167431 0.817899 0.000001 0.011539
0 0 0.396167 0.296556 0.290302 0.000068 0.016907
1 1 0.037343 0.464198 0.454044 0.000005 0.044410
2 1 0.007560 0.431590 0.482365 0.000004 0.078482
1 1 0.027733 0.851393 0.105431 0.000000 0.015443
2 1 0.068218 0.289786 0.619434 0.000003 0.022560
2 1 0.000049 0.065052 0.933328 0.000002 0.001570
2 1 0.004365 0.087535 0.904243 0.000038 0.003820
2 2 0.000004 0.004777 0.994500 0.000009 0.000710
2 2 0.000248 0.044503 0.949564 0.000037 0.005648
2 2 0.000005 0.001872 0.997969 0.000099 0.000056
2 2 0.000002 0.001754 0.997612 0.000554 0.000078
2 2 0.000013 0.009240 0.990520 0.000014 0.000212
2 2 0.000302 0.053166 0.942995 0.000002 0.003535
2 2 0.000000 0.000665 0.999305 0.000027 0.000001
2 2 0.000000 0.000415 0.999510 0.000073 0.000001
2 2 0.000153 0.012825 0.986203 0.000490 0.000329
2 2 0.003416 0.043731 0.947039 0.004331 0.001484
2 2 0.000001 0.000996 0.998979 0.000009 0.000015
2 2 0.000000 0.000199 0.999793 0.000005 0.000003
2 2 0.000000 0.000007 0.999910 0.000083 0.000000
2 2 0.000000 0.000529 0.999349 0.000119 0.000003
2 2 0.000049 0.010983 0.988320 0.000244 0.000404
2 2 0.001293 0.006762 0.988598 0.002911 0.000435
2 0 0.024518 0.130028 0.844350 0.000331 0.000773
0 0 0.369087 0.291339 0.334900 0.000021 0.004653
2 1 0.079843 0.336468 0.579702 0.000402 0.003585
2 1 0.004733 0.389314 0.601723 0.000004 0.004226
2 1 0.109961 0.218773 0.664473 0.000152 0.006640
2 2 0.000078 0.014720 0.984993 0.000088 0.000120
2 2 0.004611 0.093763 0.896889 0.000027 0.004711
2 2 0.001443 0.002285 0.996077 0.000158 0.000036
2 1 0.000472 0.008546 0.740809 0.250145 0.000028
2 0 0.000349 0.079517 0.918964 0.000676 0.000494
2 1 0.010732 0.341811 0.631536 0.000015 0.015906
2 1 0.000337 0.010066 0.989274 0.000020 0.000303
2 2 0.000100 0.005457 0.994249 0.000067 0.000126
2 2 0.000000 0.000087 0.999506 0.000406 0.000000
2 2 0.000001 0.009437 0.990485 0.000072 0.000005
2 2 0.000003 0.003925 0.995914 0.000011 0.000146
2 2 0.000000 0.000140 0.999134 0.000725 0.000000
2 2 0.000002 0.001378 0.995867 0.002732 0.000022
2 2 0.000005 0.005473 0.993791 0.000680 0.000051
2 2 0.000049 0.027303 0.971544 0.000153 0.000951
2 2 0.000060 0.004401 0.984734 0.010778 0.000028
2 2 0.000022 0.001185 0.990002 0.008758 0.000032
2 2 0.000018 0.000622 0.992901 0.006456 0.000002
2 2 0.000002 0.000132 0.993245 0.006621 0.000000
2 2 0.000041 0.001897 0.987210 0.010795 0.000056
2 2 0.000141 0.011468 0.977795 0.010358 0.000237
2 2 0.000003 0.000052 0.984360 0.015584 0.000000
2 2 0.003000 0.010289 0.956584 0.029265 0.000863
2 2 0.000000 0.000001 0.996332 0.003667 0.000000
2 2 0.000001 0.000007 0.964760 0.035231 0.000000
2 2 0.000000 0.000374 0.999393 0.000232 0.000001
2 2 0.000003 0.000893 0.991904 0.007194 0.000005
3 2 0.000089 0.000172 0.190781 0.808954 0.000004
3 2 0.000000 0.000000 0.054666 0.945333 0.000000
2 2 0.000012 0.000501 0.821757 0.177730 0.000001
3 2 0.000045 0.000134 0.312492 0.687328 0.000001
2 2 0.000005 0.015280 0.943099 0.041445 0.000171
2 2 0.000011 0.016632 0.973177 0.009957 0.000223
2 2 0.000005 0.000810 0.995098 0.004085 0.000003
2 2 0.000086 0.000440 0.959988 0.039439 0.000047
3 2 0.000098 0.000955 0.360288 0.638651 0.000009
3 2 0.000141 0.002274 0.234038 0.763418 0.000130
3 2 0.000031 0.000407 0.434933 0.564612 0.000017
2 2 0.000010 0.001519 0.765513 0.232931 0.000026
2 2 0.000072 0.002991 0.588456 0.408458 0.000024
3 3 0.001019 0.002896 0.482820 0.512919 0.000346
3 2 0.000002 0.000024 0.045479 0.954495 0.000000
3 2 0.001189 0.005995 0.420676 0.571761 0.000380
3 2 0.000622 0.003401 0.097216 0.896972 0.001789
3 2 0.003386 0.013387 0.218934 0.761302 0.002991
3 2 0.000000 0.000004 0.071830 0.928166 0.000000
3 3 0.000247 0.001803 0.234928 0.762905 0.000117
3 3 0.000025 0.000294 0.020784 0.978802 0.000096
3 2 0.000190 0.002318 0.175771 0.821567 0.000155
3 3 0.000000 0.000024 0.007140 0.992832 0.000003
3 3 0.000001 0.000382 0.477128 0.522469 0.000019
3 3 0.000047 0.000282 0.008322 0.991341 0.000009
2 3 0.000013 0.000306 0.548827 0.450851 0.000003
3 3 0.000121 0.005485 0.192216 0.802041 0.000137
3 3 0.005357 0.013805 0.123651 0.856602 0.000586
3 3 0.001073 0.015022 0.046279 0.936480 0.001146
3 3 0.000832 0.007068 0.264190 0.726598 0.001313
2 3 0.000091 0.014751 0.737305 0.247463 0.000391
3 3 0.001048 0.015688 0.074445 0.907978 0.000841
3 3 0.000031 0.000103 0.010509 0.989335 0.000022
3 3 0.000035 0.000091 0.001505 0.998334 0.000036
3 3 0.000065 0.000894 0.147345 0.851607 0.000089
3 3 0.000604 0.012652 0.339156 0.646969 0.000619
3 3 0.000006 0.000031 0.127508 0.872453 0.000001
3 3 0.000000 0.000001 0.006554 0.993445 0.000000
3 3 0.002134 0.014534 0.080128 0.902314 0.000890
3 3 0.000313 0.001176 0.047736 0.950567 0.000207
3 3 0.000795 0.002772 0.032184 0.963785 0.000464
3 3 0.000044 0.001375 0.233450 0.764934 0.000197
3 3 0.000001 0.000047 0.203614 0.796330 0.000008
3 3 0.000100 0.000303 0.208489 0.791090 0.000019
3 3 0.000022 0.000429 0.126681 0.872855 0.000014
3 3 0.000019 0.000409 0.338802 0.660765 0.000006
3 3 0.001989 0.004975 0.053728 0.937083 0.002224
3 3 0.000199 0.000404 0.017103 0.982221 0.000074
3 3 0.000000 0.000003 0.001182 0.998813 0.000002
3 3 0.000000 0.000002 0.043910 0.956087 0.000000
3 3 0.000004 0.000091 0.019248 0.980653 0.000004
3 3 0.000009 0.000050 0.027720 0.972212 0.000008
3 3 0.000000 0.000002 0.001110 0.998887 0.000000
3 3 0.000010 0.000032 0.007911 0.992045 0.000003
3 3 0.000014 0.000072 0.002537 0.997350 0.000027
3 3 0.000000 0.000004 0.000707 0.999286 0.000002
3 3 0.000004 0.000044 0.004287 0.995656 0.000009
3 3 0.000002 0.000009 0.000425 0.999560 0.000005
3 3 0.000000 0.000021 0.126513 0.873465 0.000001
3 3 0.000083 0.000884 0.012915 0.985736 0.000382
3 3 0.000041 0.002408 0.176140 0.821000 0.000411
3 3 0.000137 0.003104 0.241067 0.755185 0.000507
3 3 0.000013 0.000621 0.048481 0.950746 0.000139
3 3 0.000010 0.000061 0.005199 0.994725 0.000005
3 3 0.000000 0.000000 0.018558 0.981441 0.000000
3 3 0.000001 0.000011 0.048926 0.951061 0.000002
3 3 0.000019 0.000215 0.051758 0.947989 0.000020
2 3 0.000072 0.009269 0.500064 0.489271 0.001324
3 3 0.000008 0.000053 0.008755 0.991183 0.000001
3 3 0.000121 0.000524 0.007511 0.991600 0.000245
3 3 0.000001 0.000022 0.082434 0.917534 0.000008
3 3 0.000694 0.001328 0.115800 0.882034 0.000144
3 3 0.000007 0.000162 0.038767 0.961055 0.000009
3 3 0.000078 0.003073 0.087515 0.908704 0.000631
3 3 0.000000 0.000028 0.191899 0.808072 0.000001
3 3 0.000007 0.000055 0.011518 0.988413 0.000006
3 3 0.000309 0.001099 0.149843 0.848374 0.000375
3 3 0.027257 0.054916 0.259793 0.649002 0.009032
2 3 0.000020 0.004031 0.652182 0.343487 0.000280
3 3 0.000011 0.000099 0.072679 0.927202 0.000009
2 3 0.000028 0.003714 0.932804 0.063440 0.000014
2 2 0.000021 0.000323 0.739279 0.260376 0.000001
2 1 0.000351 0.014441 0.958356 0.026838 0.000013
2 1 0.143390 0.210118 0.642144 0.000692 0.003656
1 1 0.364504 0.523698 0.106780 0.000012 0.005006
2 1 0.002828 0.099573 0.896694 0.000192 0.000713
1 1 0.234155 0.425800 0.308721 0.000337 0.030987
2 1 0.214757 0.148750 0.629609 0.000161 0.006723
2 1 0.000108 0.003039 0.996425 0.000395 0.000031
2 1 0.000500 0.007193 0.992169 0.000003 0.000134
2 2 0.099808 0.078325 0.816678 0.001954 0.003236
2 2 0.005483 0.055788 0.932533 0.004980 0.001217
2 0 0.119168 0.122508 0.718395 0.000086 0.039843
2 1 0.012706 0.092523 0.883206 0.000729 0.010836
2 2 0.000005 0.004106 0.994534 0.001314 0.000041
2 1 0.000340 0.040894 0.955748 0.000102 0.002916
2 1 0.007000 0.013799 0.969633 0.008813 0.000754
2 1 0.000497 0.054208 0.944552 0.000652 0.000092
2 1 0.000205 0.019373 0.978916 0.001054 0.000452
2 2 0.000035 0.042012 0.953916 0.003378 0.000658
0 1 0.411746 0.269920 0.310186 0.000492 0.007656
2 1 0.023605 0.096821 0.877571 0.000384 0.001619
2 1 0.000023 0.011468 0.988235 0.000242 0.000032
2 2 0.000050 0.005993 0.993728 0.000174 0.000055
2 2 0.000134 0.063295 0.936255 0.000061 0.000255
2 2 0.000005 0.008312 0.991637 0.000011 0.000035
2 2 0.001980 0.126173 0.869673 0.000001 0.002172
2 1 0.000009 0.007427 0.992545 0.000003 0.000017
2 1 0.000147 0.054845 0.944282 0.000000 0.000725
2 2 0.000093 0.026720 0.973006 0.000130 0.000051
1 1 0.334296 0.493890 0.146797 0.000044 0.024973
1 1 0.064725 0.762444 0.136464 0.000000 0.036367
2 1 0.007370 0.296955 0.691830 0.000045 0.003800
2 1 0.001266 0.061303 0.937052 0.000021 0.000359
2 1 0.031589 0.163449 0.787395 0.000375 0.017191
2 1 0.008539 0.440019 0.530778 0.000001 0.020663
1 1 0.051613 0.866630 0.048829 0.000000 0.032928
2 1 0.028561 0.465767 0.470843 0.000000 0.034828
2 1 0.042194 0.186321 0.768427 0.000083 0.002974
0 1 0.473203 0.111220 0.411312 0.000140 0.004126
0 1 0.394166 0.369571 0.233489 0.000187 0.002587
0 0 0.973811 0.011602 0.014256 0.000101 0.000230
0 1 0.406762 0.303905 0.281383 0.000009 0.007942
2 1 0.001613 0.082815 0.908399 0.000086 0.007086
1 1 0.018412 0.483514 0.476411 0.000002 0.021661
1 1 0.099961 0.626639 0.143603 0.000000 0.129797
2 1 0.000488 0.204917 0.788868 0.000012 0.005716
2 1 0.000649 0.215696 0.760298 0.000007 0.023349
0 1 0.414702 0.342971 0.212974 0.000003 0.029349
1 1 0.310760 0.539954 0.142218 0.000003 0.007065
1 0 0.031397 0.858194 0.019079 0.000000 0.091330
1 1 0.203110 0.493503 0.266821 0.000003 0.036562
1 1 0.168307 0.393324 0.351321 0.000009 0.087040
1 1 0.159555 0.604097 0.194274 0.000000 0.042074
1 1 0.004897 0.502353 0.455043 0.000000 0.037706
1 1 0.091525 0.721795 0.174815 0.000001 0.011864
1 1 0.405978 0.468004 0.047668 0.000000 0.078350
1 1 0.117438 0.729675 0.102722 0.000000 0.050165
2 1 0.000712 0.219855 0.759453 0.000001 0.019980
2 1 0.001127 0.441531 0.546549 0.000001 0.010793
0 1 0.694175 0.232345 0.056420 0.000000 0.017059
1 1 0.123471 0.713693 0.148033 0.000011 0.014792
1 1 0.011548 0.545712 0.436861 0.000003 0.005876
0 1 0.809558 0.137738 0.046107 0.000001 0.006596
2 0 0.032627 0.099460 0.860047 0.000018 0.007848
1 0 0.044679 0.823829 0.124110 0.000003 0.007379
1 0 0.342268 0.431107 0.155079 0.000001 0.071545
0 1 0.976809 0.012110 0.009589 0.000003 0.001490
0 1 0.493110 0.466284 0.028947 0.000000 0.011659
0 1 0.526871 0.407070 0.058789 0.000000 0.007270
0 1 0.592485 0.369374 0.031920 0.000000 0.006221
0 1 0.832025 0.135467 0.019465 0.000000 0.013043
0 1 0.515322 0.434084 0.026012 0.000000 0.024581
1 1 0.037779 0.698037 0.228185 0.000000 0.035998
1 1 0.351485 0.520324 0.044425 0.000000 0.083766
1 1 0.169041 0.762134 0.043521 0.000000 0.025304
2 1 0.015648 0.481007 0.496620 0.000001 0.006725
0 0 0.929433 0.052225 0.018188 0.000076 0.000078
1 0 0.174945 0.650352 0.096456 0.000001 0.078246
1 1 0.243685 0.548512 0.075497 0.000000 0.132305
2 1 0.034836 0.220170 0.736790 0.000044 0.008159
0 0 0.982188 0.011631 0.005451 0.000021 0.000710
0 0 0.935349 0.044947 0.005076 0.000000 0.014628
0 0 0.998188 0.001477 0.000280 0.000000 0.000054
0 0 0.994801 0.003886 0.001117 0.000001 0.000195
0 0 0.997232 0.002177 0.000534 0.000000 0.000057
0 0 0.999685 0.000281 0.000029 0.000000 0.000005
0 0 0.998584 0.001145 0.000260 0.000000 0.000011
0 0 0.961096 0.020949 0.010178 0.000801 0.006976
0 0 0.747767 0.213988 0.030265 0.000000 0.007980
0 0 0.996986 0.002284 0.000376 0.000000 0.000354
0 0 0.997496 0.001976 0.000486 0.000000 0.000042
0 0 0.989689 0.008216 0.002086 0.000004 0.000005
0 0 0.999624 0.000364 0.000010 0.000000 0.000002
0 0 0.997428 0.001957 0.000309 0.000000 0.000306
0 0 0.998742 0.001042 0.000137 0.000000 0.000078
0 0 0.994984 0.004102 0.000867 0.000000 0.000047
0 0 0.932535 0.055042 0.012388 0.000013 0.000022
0 0 0.994954 0.003031 0.000089 0.000000 0.001925
0 0 0.994904 0.003810 0.000939 0.000000 0.000347
0 0 0.994565 0.002385 0.000268 0.000000 0.002783
0 0 0.995645 0.003299 0.000740 0.000000 0.000315
0 0 0.998019 0.001564 0.000390 0.000002 0.000026
0 0 0.970143 0.015734 0.004900 0.000002 0.009220
0 0 0.980919 0.010976 0.006544 0.000003 0.001558
0 0 0.752786 0.080585 0.163639 0.000254 0.002737
2 0 0.279616 0.188916 0.525925 0.000004 0.005539
2 0 0.143207 0.198002 0.644831 0.000018 0.013943
0 0 0.998940 0.000892 0.000153 0.000000 0.000016
0 0 0.988455 0.007790 0.002608 0.000012 0.001136
0 0 0.999598 0.000285 0.000013 0.000000 0.000104
0 0 0.997989 0.001658 0.000290 0.000000 0.000063
0 0 0.990270 0.006277 0.001587 0.000001 0.001865
0 0 0.989509 0.006960 0.002096 0.000012 0.001422
0 0 0.985358 0.008256 0.002014 0.000000 0.004372
0 0 0.994188 0.004300 0.001118 0.000000 0.000393
0 0 0.986451 0.009036 0.003889 0.000046 0.000578
0 0 0.999000 0.000845 0.000118 0.000000 0.000036
0 0 0.979252 0.012602 0.007251 0.000404 0.000491
0 0 0.996958 0.002291 0.000721 0.000003 0.000027
0 0 0.962148 0.020625 0.012626 0.002341 0.002259
0 0 0.991477 0.005986 0.001742 0.000002 0.000792
0 0 0.999109 0.000752 0.000085 0.000000 0.000055
0 0 0.981463 0.014728 0.001926 0.000000 0.001883
0 0 0.992583 0.005352 0.001710 0.000003 0.000353
0 0 0.999652 0.000307 0.000024 0.000000 0.000017
0 0 0.994764 0.002746 0.000384 0.000000 0.002106
0 0 0.999020 0.000715 0.000057 0.000000 0.000207
0 0 0.991553 0.005880 0.002380 0.000014 0.000172
0 0 0.986794 0.008547 0.004439 0.000045 0.000175
0 0 0.946833 0.029291 0.017291 0.000348 0.006237
0 0 0.995466 0.003360 0.001101 0.000002 0.000070
0 0 0.998072 0.001493 0.000217 0.000000 0.000218
0 0 0.997986 0.001462 0.000200 0.000000 0.000353
0 0 0.999687 0.000281 0.000026 0.000000 0.000006
0 0 0.998234 0.001441 0.000288 0.000000 0.000038
0 0 0.998767 0.001034 0.000168 0.000000 0.000032
0 0 0.996936 0.002588 0.000349 0.000000 0.000128
0 0 0.998829 0.000981 0.000142 0.000000 0.000048
0 0 0.995730 0.003343 0.000889 0.000001 0.000037
0 0 0.990112 0.006567 0.001704 0.000001 0.001617
0 0 0.971132 0.018786 0.005201 0.000001 0.004880
0 0 0.979167 0.011065 0.003247 0.000007 0.006513
0 0 0.992496 0.005370 0.001563 0.000002 0.000569
0 0 0.980649 0.008488 0.001832 0.000000 0.009031
0 0 0.998461 0.001250 0.000273 0.000000 0.000017
0 0 0.995519 0.003336 0.000898 0.000008 0.000240
0 0 0.999280 0.000619 0.000075 0.000000 0.000026
0 0 0.998677 0.001080 0.000226 0.000000 0.000016
0 0 0.998528 0.001220 0.000197 0.000000 0.000054
0 0 0.983948 0.010426 0.003943 0.000025 0.001658
0 0 0.963050 0.010462 0.002288 0.000003 0.024197
0 0 0.994913 0.003735 0.001057 0.000012 0.000282
0 0 0.997640 0.001831 0.000501 0.000002 0.000027
0 0 0.977427 0.020222 0.002266 0.000000 0.000085
0 0 0.991137 0.006164 0.002505 0.000010 0.000184
0 0 0.997785 0.001765 0.000343 0.000000 0.000106
0 0 0.997951 0.001633 0.000267 0.000000 0.000149
0 0 0.938186 0.041817 0.005491 0.000000 0.014506
0 0 0.954204 0.033330 0.010899 0.000187 0.001379
0 0 0.990514 0.006600 0.001940 0.000001 0.000944
0 0 0.996863 0.002227 0.000347 0.000000 0.000563
0 0 0.999578 0.000370 0.000046 0.000000 0.000006
0 0 0.999724 0.000241 0.000034 0.000000 0.000001
0 0 0.998874 0.000947 0.000133 0.000000 0.000046
0 0 0.994005 0.004347 0.000907 0.000000 0.000741
0 0 0.939371 0.024570 0.005957 0.000000 0.030101
0 0 0.974644 0.020340 0.003229 0.000000 0.001787
0 0 0.995471 0.003432 0.000838 0.000000 0.000259
0 0 0.998830 0.000954 0.000112 0.000000 0.000104
0 0 0.996982 0.002064 0.000280 0.000000 0.000674
0 0 0.976592 0.008959 0.001947 0.000001 0.012501
0 0 0.967402 0.026102 0.005031 0.000001 0.001464
0 0 0.994512 0.004640 0.000574 0.000000 0.000274
0 0 0.967613 0.027844 0.002036 0.000000 0.002508
0 1 0.662048 0.297768 0.031026 0.000000 0.009157
1 1 0.290891 0.404966 0.216950 0.000003 0.087190
1 0 0.100846 0.685589 0.199868 0.000001 0.013697
0 0 0.996132 0.002975 0.000776 0.000000 0.000117
0 0 0.997401 0.002068 0.000451 0.000000 0.000079
0 0 0.999118 0.000752 0.000095 0.000000 0.000034
0 0 0.998605 0.001062 0.000115 0.000000 0.000218
0 0 0.992361 0.005339 0.002117 0.000026 0.000157
0 0 0.998630 0.001138 0.000202 0.000000 0.000030
0 0 0.996304 0.002863 0.000668 0.000000 0.000165
0 0 0.987645 0.007513 0.000972 0.000000 0.003870
0 1 0.617682 0.260093 0.051978 0.000003 0.070244
1 1 0.055531 0.579710 0.062264 0.000000 0.302495
1 1 0.009632 0.587537 0.381437 0.000001 0.021393
2 1 0.009168 0.140242 0.843850 0.000145 0.006596
0 1 0.966469 0.024874 0.007742 0.000023 0.000892
0 0 0.489540 0.438935 0.063637 0.000001 0.007887
0 1 0.778516 0.180878 0.026853 0.000000 0.013752
0 0 0.992391 0.005806 0.000948 0.000000 0.000855
0 0 0.998738 0.001046 0.000147 0.000000 0.000068
0 0 0.990760 0.006145 0.001512 0.000000 0.001583
0 0 0.996846 0.002140 0.000317 0.000000 0.000697
0 0 0.994959 0.003582 0.000766 0.000001 0.000693
0 0 0.995230 0.003552 0.000841 0.000001 0.000376
0 0 0.995717 0.002916 0.000479 0.000000 0.000887
0 0 0.978556 0.011859 0.003639 0.000005 0.005942
0 0 0.992291 0.003717 0.000577 0.000000 0.003414
0 0 0.994009 0.003532 0.000654 0.000002 0.001803
0 0 0.997707 0.001806 0.000452 0.000001 0.000034
0 0 0.994330 0.003924 0.000833 0.000000 0.000913
0 0 0.991414 0.003267 0.000414 0.000000 0.004905
0 0 0.997379 0.002043 0.000486 0.000003 0.000088
0 0 0.995210 0.003601 0.000992 0.000001 0.000196
0 0 0.919902 0.068394 0.010032 0.000000 0.001671
0 0 0.992034 0.005743 0.001769 0.000001 0.000453
0 0 0.999932 0.000063 0.000006 0.000000 0.000000
0 0 0.999795 0.000181 0.000024 0.000000 0.000000
0 0 0.999926 0.000068 0.000006 0.000000 0.000000
0 0 0.998716 0.001226 0.000050 0.000000 0.000008
0 0 0.996092 0.003564 0.000279 0.000000 0.000065
0 0 0.999246 0.000676 0.000074 0.000000 0.000004
0 0 0.999371 0.000530 0.000047 0.000000 0.000051
0 0 0.999005 0.000834 0.000102 0.000000 0.000058
0 0 0.997275 0.002086 0.000589 0.000008 0.000043
0 0 0.999825 0.000152 0.000022 0.000000 0.000000
0 0 0.992273 0.005533 0.001678 0.000003 0.000513
0 0 0.995998 0.002634 0.000378 0.000000 0.000990
0 0 0.900529 0.056414 0.027631 0.000248 0.015178
0 0 0.970094 0.012318 0.003196 0.000002 0.014391
0 0 0.996036 0.002905 0.000585 0.000000 0.000473
0 0 0.996597 0.002920 0.000395 0.000000 0.000087
0 0 0.996080 0.003321 0.000222 0.000000 0.000378
0 0 0.991538 0.006037 0.001879 0.000002 0.000544
0 0 0.985470 0.010435 0.002346 0.000000 0.001750
0 0 0.994559 0.003993 0.000896 0.000000 0.000551
0 0 0.998564 0.001169 0.000180 0.000000 0.000088
0 0 0.986087 0.007998 0.002141 0.000007 0.003768
0 0 0.993489 0.004707 0.001143 0.000000 0.000660
0 0 0.996920 0.002420 0.000548 0.000000 0.000111
0 0 0.997461 0.002024 0.000433 0.000000 0.000081
0 0 0.994169 0.004476 0.001088 0.000000 0.000267
0 0 0.997698 0.001836 0.000381 0.000000 0.000086
0 0 0.999018 0.000828 0.000140 0.000000 0.000014
0 0 0.996762 0.002440 0.000768 0.000001 0.000029
0 0 0.997688 0.001847 0.000327 0.000000 0.000139
0 0 0.991915 0.005021 0.000973 0.000000 0.002092
0 0 0.986191 0.008703 0.002433 0.000001 0.002672
0 0 0.997895 0.001754 0.000287 0.000000 0.000064
0 0 0.997104 0.002233 0.000627 0.000001 0.000035
0 0 0.995572 0.003744 0.000664 0.000000 0.000020
0 0 0.999058 0.000799 0.000113 0.000000 0.000030
0 0 0.976495 0.020090 0.003029 0.000000 0.000385
0 0 0.998946 0.000870 0.000086 0.000000 0.000097
0 0 0.993383 0.004735 0.001173 0.000000 0.000709
0 0 0.834404 0.036582 0.005256 0.000000 0.123757
0 0 0.983512 0.011797 0.001021 0.000000 0.003669
0 0 0.995602 0.003326 0.000369 0.000000 0.000703
