4 0 0.099475 0.330254 0.101996 0.000145 0.468130
1 0 0.089145 0.425929 0.143782 0.000038 0.341106
4 0 0.149887 0.285098 0.072737 0.000176 0.492101
0 0 0.436582 0.379649 0.073789 0.000167 0.109813
4 0 0.327278 0.151588 0.064092 0.001795 0.455248
0 0 0.538189 0.063638 0.051936 0.001963 0.344275
0 0 0.785803 0.081868 0.031649 0.000029 0.100651
0 0 0.955872 0.028530 0.008443 0.000024 0.007131
0 0 0.592899 0.259197 0.051063 0.000085 0.096757
0 0 0.565121 0.230724 0.063468 0.000671 0.140017
0 0 0.938589 0.045985 0.009060 0.000024 0.006342
0 0 0.924146 0.049504 0.013702 0.000137 0.012511
0 0 0.420844 0.387509 0.075543 0.000114 0.115990
0 0 0.876681 0.097443 0.016338 0.000031 0.009508
0 0 0.617285 0.146182 0.089034 0.001081 0.146418
0 0 0.744265 0.058198 0.033838 0.002225 0.161474
4 0 0.046133 0.177326 0.061378 0.000627 0.714536
4 0 0.064385 0.278652 0.119553 0.023976 0.513435
4 0 0.063332 0.275432 0.118044 0.022614 0.520579
4 0 0.064407 0.278719 0.119584 0.024005 0.513285
4 0 0.063332 0.275432 0.118044 0.022614 0.520579
4 0 0.064407 0.278719 0.119584 0.024005 0.513285
4 0 0.063332 0.275432 0.118044 0.022614 0.520579
4 0 0.064407 0.278719 0.119584 0.024005 0.513285
4 0 0.063332 0.275432 0.118044 0.022614 0.520579
4 0 0.064407 0.278719 0.119584 0.024005 0.513285
4 0 0.063332 0.275431 0.118044 0.022613 0.520579
4 0 0.064407 0.278719 0.119584 0.024005 0.513285
4 0 0.063333 0.275432 0.118044 0.022614 0.520578
4 0 0.064407 0.278719 0.119584 0.024005 0.513285
4 0 0.063332 0.275432 0.118044 0.022614 0.520578
4 0 0.064407 0.278719 0.119584 0.024005 0.513285
4 0 0.063333 0.275432 0.118044 0.022614 0.520578
4 0 0.064407 0.278719 0.119584 0.024005 0.513284
4 0 0.063332 0.275432 0.118044 0.022614 0.520578
4 0 0.064407 0.278719 0.119584 0.024005 0.513285
4 0 0.063332 0.275432 0.118044 0.022614 0.520579
4 0 0.064407 0.278719 0.119584 0.024005 0.513284
4 0 0.063332 0.275432 0.118044 0.022614 0.520579
4 0 0.064407 0.278719 0.119584 0.024005 0.513284
4 0 0.063332 0.275432 0.118044 0.022614 0.520579
4 0 0.064407 0.278719 0.119584 0.024005 0.513285
4 0 0.063332 0.275432 0.118044 0.022614 0.520579
4 0 0.064407 0.278719 0.119584 0.024005 0.513285
0 0 0.596559 0.062958 0.040273 0.007344 0.292865
0 0 0.855490 0.088285 0.026508 0.000657 0.029061
0 0 0.841525 0.069595 0.030708 0.004290 0.053883
0 0 0.746214 0.165059 0.062473 0.000352 0.025903
0 0 0.978545 0.007279 0.005987 0.000688 0.007501
0 0 0.984528 0.008684 0.002937 0.000040 0.003811
0 0 0.736200 0.202063 0.033719 0.000043 0.027974
0 0 0.676326 0.265252 0.041589 0.000055 0.016778
0 0 0.508810 0.408436 0.073966 0.000010 0.008777
0 0 0.687942 0.259162 0.037216 0.000045 0.015634
0 0 0.733808 0.195644 0.035788 0.000081 0.034680
0 0 0.520675 0.386046 0.074955 0.000062 0.018263
1 0 0.262077 0.553081 0.158783 0.000177 0.025881
0 0 0.758325 0.212185 0.024790 0.000003 0.004697
0 0 0.609441 0.119004 0.220602 0.013978 0.036976
2 0 0.019768 0.267545 0.703851 0.000198 0.008639
4 0 0.278147 0.141472 0.035145 0.000010 0.545226
4 0 0.326745 0.047938 0.024020 0.000159 0.601137
4 0 0.137355 0.023176 0.011427 0.000014 0.828029
4 0 0.092595 0.042527 0.020215 0.000075 0.844587
0 0 0.540054 0.299010 0.041447 0.000004 0.119485
0 0 0.427794 0.399573 0.083207 0.000365 0.089061
0 0 0.618641 0.216870 0.042358 0.000031 0.122100
0 0 0.437203 0.358167 0.065013 0.000072 0.139546
0 0 0.400265 0.337727 0.058003 0.000021 0.203984
0 0 0.626884 0.292621 0.044183 0.000051 0.036261
4 0 0.394642 0.096198 0.037161 0.000173 0.471825
0 0 0.830184 0.039225 0.019795 0.000821 0.109975
0 0 0.994330 0.001925 0.001095 0.000078 0.002573
0 0 0.929310 0.040902 0.013212 0.000324 0.016252
0 0 0.550872 0.151630 0.088622 0.048424 0.160452
0 0 0.955114 0.033743 0.006578 0.000014 0.004550
0 0 0.993836 0.003653 0.001144 0.000007 0.001360
0 0 0.831155 0.024280 0.019862 0.013973 0.110729
0 0 0.966431 0.025465 0.004841 0.000008 0.003255
0 0 0.780912 0.146814 0.030985 0.000091 0.041197
0 0 0.414504 0.341950 0.058968 0.000026 0.184552
0 0 0.939029 0.022593 0.011104 0.001061 0.026214
0 0 0.581679 0.249083 0.083652 0.003922 0.081664
4 0 0.387863 0.069881 0.021794 0.000008 0.520454
4 0 0.093510 0.235907 0.066371 0.000217 0.603996
4 0 0.026613 0.119865 0.042255 0.000241 0.811027
4 0 0.210327 0.215954 0.066480 0.000327 0.506912
0 0 0.697142 0.070500 0.067337 0.003205 0.161815
2 0 0.003862 0.148883 0.722478 0.063828 0.060949
4 0 0.029918 0.304439 0.152052 0.000451 0.513140
4 0 0.290870 0.281217 0.046082 0.000004 0.381828
4 0 0.140835 0.209149 0.040194 0.000004 0.609818
4 0 0.085845 0.150019 0.029446 0.000002 0.734689
4 0 0.224884 0.280885 0.053399 0.000012 0.440820
1 1 0.178585 0.407764 0.107851 0.000087 0.305712
4 1 0.180628 0.367336 0.079876 0.000003 0.372157
4 1 0.060520 0.214739 0.067034 0.000121 0.657585
4 1 0.012696 0.206528 0.120685 0.000290 0.659802
4 2 0.064387 0.348084 0.137654 0.000535 0.449340
4 2 0.021188 0.299719 0.172966 0.000655 0.505473
4 2 0.002791 0.181172 0.211184 0.000346 0.604506
4 2 0.006970 0.222396 0.178781 0.001015 0.590837
4 2 0.015151 0.167455 0.089703 0.001199 0.726492
4 2 0.010030 0.152424 0.089637 0.000616 0.747293
4 2 0.007364 0.302331 0.284488 0.003137 0.402680
4 2 0.006478 0.165465 0.201961 0.001677 0.624419
2 2 0.001035 0.102373 0.703804 0.006780 0.186008
2 2 0.002035 0.163410 0.497380 0.003082 0.334094
2 2 0.003057 0.218779 0.720580 0.013650 0.043935
2 2 0.000441 0.124303 0.789800 0.005213 0.080243
2 2 0.001294 0.148719 0.777943 0.018611 0.053432
2 2 0.001376 0.177917 0.486117 0.001241 0.333349
2 2 0.000427 0.112472 0.820341 0.010093 0.056667
2 2 0.000333 0.078703 0.853434 0.045836 0.021694
2 2 0.003010 0.214571 0.622551 0.023367 0.136502
2 2 0.002814 0.241990 0.561147 0.008989 0.185059
2 2 0.000678 0.095329 0.815579 0.046134 0.042280
2 2 0.001759 0.143399 0.725667 0.040210 0.088965
2 2 0.002146 0.144624 0.638042 0.183159 0.032030
2 3 0.007167 0.311891 0.468639 0.023134 0.189169
2 3 0.002430 0.160926 0.611608 0.194886 0.030150
2 3 0.001247 0.097066 0.676033 0.200978 0.024676
2 3 0.000349 0.033489 0.485065 0.476265 0.004832
2 3 0.002543 0.135714 0.634863 0.184214 0.042667
2 3 0.013736 0.285612 0.426775 0.169811 0.104066
2 3 0.006015 0.216271 0.549832 0.154415 0.073468
2 3 0.010411 0.236888 0.444471 0.233333 0.074897
3 3 0.001995 0.078046 0.449045 0.453010 0.017903
2 3 0.000950 0.058262 0.489292 0.440833 0.010663
3 3 0.001049 0.057270 0.465023 0.465597 0.011060
2 3 0.003059 0.129373 0.605936 0.213197 0.048434
2 3 0.000774 0.103606 0.699305 0.182672 0.013643
3 3 0.011667 0.133068 0.314391 0.483954 0.056919
3 3 0.004675 0.070242 0.282445 0.617395 0.025243
3 3 0.001198 0.030903 0.272353 0.687082 0.008465
2 3 0.001419 0.071862 0.484698 0.427482 0.014539
2 3 0.000624 0.066655 0.614605 0.308636 0.009480
3 3 0.001665 0.057232 0.383158 0.544197 0.013748
2 3 0.001298 0.145907 0.686316 0.145176 0.021303
2 3 0.000550 0.050240 0.542301 0.399340 0.007568
3 3 0.000230 0.015891 0.327038 0.654192 0.002649
2 3 0.001964 0.098172 0.523979 0.355567 0.020318
3 3 0.003772 0.047044 0.262904 0.666421 0.019859
2 3 0.002514 0.135796 0.570113 0.263939 0.027637
3 3 0.004276 0.054698 0.263876 0.654974 0.022177
2 3 0.002258 0.095959 0.501608 0.378469 0.021705
3 3 0.001539 0.046250 0.414107 0.523060 0.015045
3 3 0.003040 0.051529 0.289086 0.638319 0.018026
3 3 0.001025 0.039877 0.352750 0.597461 0.008887
2 3 0.001255 0.083548 0.556759 0.343448 0.014990
3 3 0.004968 0.085083 0.358134 0.516092 0.035723
3 3 0.001328 0.040914 0.320029 0.627528 0.010201
3 3 0.000935 0.049191 0.435090 0.505187 0.009597
2 3 0.000339 0.041905 0.585134 0.366847 0.005775
2 3 0.003057 0.097750 0.442346 0.431902 0.024946
3 3 0.001020 0.046168 0.399042 0.544128 0.009641
3 3 0.001084 0.015025 0.188738 0.789027 0.006127
2 3 0.009257 0.168872 0.399513 0.364469 0.057889
3 3 0.001816 0.061743 0.391865 0.529614 0.014962
2 3 0.006246 0.162959 0.457302 0.326391 0.047103
3 3 0.000546 0.032836 0.396653 0.564063 0.005903
3 3 0.000517 0.035498 0.432150 0.525817 0.006017
3 3 0.000316 0.023021 0.374805 0.598136 0.003722
3 3 0.003733 0.028764 0.189531 0.762008 0.015963
3 3 0.002697 0.067526 0.353443 0.557338 0.018997
3 3 0.000387 0.014700 0.238925 0.742715 0.003272
3 3 0.000580 0.041105 0.461583 0.489823 0.006908
3 3 0.001126 0.046468 0.391942 0.550207 0.010255
3 3 0.000275 0.020290 0.358161 0.618035 0.003240
2 3 0.002358 0.110988 0.611453 0.237105 0.038096
3 3 0.004536 0.059278 0.247416 0.666121 0.022649
3 3 0.001811 0.054762 0.355993 0.573481 0.013953
3 3 0.001044 0.054889 0.463644 0.469485 0.010938
2 3 0.000254 0.024493 0.619235 0.349306 0.006712
3 3 0.003301 0.035504 0.212493 0.732920 0.015782
3 3 0.001964 0.074474 0.437001 0.469266 0.017296
3 3 0.000392 0.022152 0.328589 0.644835 0.004033
3 3 0.010307 0.150172 0.354680 0.427980 0.056861
3 3 0.000064 0.009271 0.350634 0.638995 0.001038
3 3 0.000971 0.041314 0.372379 0.576498 0.008839
2 3 0.002183 0.085326 0.460948 0.431873 0.019670
2 3 0.000501 0.049795 0.557343 0.385155 0.007206
2 3 0.018003 0.247630 0.364848 0.269990 0.099529
3 3 0.004634 0.085100 0.344383 0.537341 0.028541
3 3 0.004823 0.097792 0.366961 0.499377 0.031047
3 3 0.002527 0.081532 0.420713 0.474702 0.020527
3 3 0.003740 0.091327 0.387441 0.491115 0.026378
2 3 0.009356 0.166238 0.394139 0.372621 0.057645
3 3 0.000414 0.034924 0.467518 0.491777 0.005367
2 3 0.001985 0.098785 0.523912 0.354823 0.020495
3 3 0.000422 0.015410 0.239562 0.741106 0.003500
3 3 0.000779 0.030549 0.328672 0.633172 0.006828
2 3 0.002703 0.104665 0.484970 0.383160 0.024502
3 3 0.011375 0.081160 0.253967 0.607074 0.046424
2 3 0.001867 0.085130 0.488755 0.405994 0.018254
2 3 0.004088 0.146290 0.504183 0.309211 0.036228
3 3 0.000127 0.005761 0.193014 0.799888 0.001210
2 1 0.008851 0.276946 0.482287 0.155440 0.076476
2 2 0.009414 0.383162 0.552364 0.014871 0.040188
1 2 0.047223 0.542512 0.325657 0.002755 0.081853
0 1 0.424267 0.312899 0.132673 0.000566 0.129596
0 1 0.857092 0.066377 0.023186 0.000472 0.052872
4 1 0.082157 0.372953 0.112945 0.000006 0.431938
4 1 0.083463 0.212848 0.058603 0.000125 0.644962
1 1 0.037390 0.578236 0.363480 0.000210 0.020684
1 0 0.038260 0.506579 0.256164 0.000033 0.198963
0 0 0.964642 0.010121 0.005861 0.000661 0.018715
1 1 0.269957 0.462740 0.207844 0.001720 0.057739
4 0 0.180204 0.283671 0.055127 0.000003 0.480995
0 0 0.418019 0.207277 0.060448 0.000268 0.313987
1 1 0.289826 0.510921 0.144366 0.001012 0.053877
1 0 0.330353 0.534568 0.118449 0.000004 0.016626
0 0 0.479417 0.391466 0.081013 0.000626 0.047479
0 0 0.482838 0.410705 0.082044 0.000121 0.024293
0 0 0.612375 0.073281 0.028381 0.000136 0.285826
0 0 0.778872 0.123125 0.033864 0.000048 0.064092
0 0 0.849339 0.033701 0.023626 0.016880 0.076454
3 0 0.092335 0.002787 0.032885 0.859015 0.012978
2 0 0.147115 0.318810 0.368036 0.011273 0.154766
1 0 0.237612 0.380398 0.075187 0.000003 0.306800
1 0 0.259022 0.482500 0.187135 0.000126 0.071217
0 0 0.849699 0.113645 0.026976 0.000035 0.009645
0 0 0.753666 0.054852 0.027483 0.001217 0.162783
0 0 0.627542 0.055774 0.025978 0.000065 0.290641
0 1 0.549012 0.228246 0.022771 0.000000 0.199971
4 0 0.174836 0.245203 0.047688 0.000008 0.532265
1 0 0.109077 0.453700 0.164690 0.000550 0.271983
4 0 0.113868 0.200286 0.042452 0.000009 0.643386
0 0 0.689662 0.153045 0.125548 0.002522 0.029223
3 0 0.185104 0.072969 0.153600 0.481193 0.107133
0 0 0.853133 0.067134 0.023487 0.000457 0.055789
3 0 0.250623 0.025143 0.062924 0.570598 0.090712
0 0 0.349886 0.313523 0.121766 0.030455 0.184369
2 0 0.111157 0.063822 0.341458 0.286961 0.196601
1 0 0.067001 0.570592 0.287198 0.000668 0.074542
1 0 0.112509 0.471801 0.172619 0.000566 0.242504
1 1 0.193150 0.458221 0.129178 0.000209 0.219243
1 1 0.370108 0.471041 0.088909 0.000002 0.069939
4 0 0.420732 0.055842 0.046035 0.029995 0.447396
0 0 0.786242 0.042989 0.030806 0.023115 0.116848
4 1 0.283588 0.292550 0.103464 0.005143 0.315255
4 0 0.041117 0.169467 0.060826 0.000776 0.727813
4 0 0.027536 0.320011 0.196858 0.013780 0.441815
0 0 0.813578 0.066666 0.026027 0.000547 0.093182
3 0 0.022350 0.000059 0.000996 0.973111 0.003485
3 0 0.268092 0.023833 0.029764 0.507279 0.171031
0 0 0.738928 0.047010 0.029144 0.004365 0.180554
1 1 0.163102 0.438972 0.141444 0.000279 0.256204
1 0 0.054379 0.483502 0.425376 0.000255 0.036488
3 0 0.021939 0.109011 0.313050 0.493546 0.062454
0 0 0.340886 0.121564 0.085014 0.200627 0.251910
4 0 0.184574 0.044983 0.043018 0.045238 0.682187
0 0 0.991953 0.003896 0.001318 0.000006 0.002828
0 0 0.998932 0.000627 0.000199 0.000001 0.000241
2 0 0.035494 0.306303 0.456666 0.114842 0.086695
1 0 0.063781 0.431962 0.373386 0.039200 0.091670
4 0 0.166820 0.212361 0.121955 0.023497 0.475367
3 0 0.006968 0.002055 0.022039 0.961843 0.007095
3 1 0.229742 0.046184 0.049366 0.470451 0.204257
4 0 0.143525 0.347938 0.157772 0.000510 0.350256
1 0 0.373329 0.454117 0.106484 0.000095 0.065975
4 0 0.199611 0.140227 0.113843 0.010997 0.535322
0 0 0.656176 0.073823 0.181212 0.035609 0.053179
2 0 0.027355 0.187359 0.475331 0.266024 0.043931
0 0 0.378053 0.188639 0.060218 0.000363 0.372728
4 0 0.215938 0.112364 0.026547 0.000003 0.645149
2 0 0.036000 0.038043 0.550829 0.362953 0.012175
3 0 0.000088 0.001985 0.226294 0.770503 0.001130
3 0 0.349176 0.001182 0.003463 0.593414 0.052765
3 0 0.002161 0.000328 0.045747 0.951467 0.000297
0 0 0.844924 0.075211 0.016850 0.000010 0.063005
0 0 0.721324 0.199516 0.056006 0.000178 0.022977
2 0 0.217140 0.064539 0.441037 0.237706 0.039578
0 0 0.963485 0.012886 0.015546 0.001036 0.007047
2 0 0.079657 0.329311 0.376384 0.122330 0.092318
2 0 0.040068 0.060361 0.763332 0.124978 0.011262
3 0 0.000006 0.000000 0.000309 0.999682 0.000003
3 0 0.405156 0.000396 0.001735 0.528897 0.063817
4 0 0.304079 0.281404 0.045026 0.000003 0.369488
4 0 0.151272 0.109290 0.027532 0.000005 0.711902
0 0 0.309829 0.240836 0.120021 0.087797 0.241517
1 1 0.153398 0.398092 0.122835 0.000950 0.324726
0 0 0.434924 0.368127 0.069751 0.000132 0.127065
4 0 0.150150 0.241312 0.195470 0.001112 0.411956
0 0 0.583089 0.040684 0.141152 0.187175 0.047900
0 0 0.666820 0.134556 0.097045 0.012732 0.088849
0 0 0.993481 0.001892 0.001551 0.000184 0.002892
0 0 0.958785 0.028567 0.009072 0.000014 0.003562
0 0 0.980672 0.010981 0.003650 0.000052 0.004645
0 0 0.991975 0.003847 0.001580 0.000036 0.002562
4 0 0.009265 0.035904 0.009052 0.000000 0.945779
4 0 0.091107 0.184730 0.042092 0.000013 0.682058
4 0 0.104092 0.173664 0.034259 0.000003 0.687982
4 0 0.238416 0.191338 0.024330 0.000000 0.545916
0 0 0.357336 0.262766 0.034473 0.000000 0.345425
0 0 0.760882 0.062206 0.019236 0.000025 0.157650
4 0 0.238786 0.065876 0.038479 0.001673 0.655185
4 0 0.005429 0.158622 0.292530 0.000087 0.543333
0 0 0.495667 0.300920 0.138092 0.000973 0.064347
0 0 0.441186 0.249138 0.077511 0.000328 0.231837
1 0 0.055324 0.523564 0.278148 0.000849 0.142115
1 0 0.304005 0.464706 0.132174 0.000081 0.099035
0 0 0.729527 0.171963 0.039492 0.000187 0.058831
1 0 0.312262 0.519186 0.130389 0.000092 0.038071
0 0 0.924093 0.029630 0.014678 0.002190 0.029409
2 0 0.205962 0.322666 0.388595 0.019592 0.063184
0 0 0.795474 0.018228 0.010580 0.000136 0.175582
0 0 0.967214 0.015626 0.005996 0.000144 0.011019
0 0 0.784287 0.090930 0.065308 0.008740 0.050735
0 0 0.918456 0.033559 0.020792 0.000172 0.027021
0 0 0.820678 0.052062 0.021793 0.000396 0.105071
4 0 0.146219 0.247997 0.075699 0.000001 0.530085
0 0 0.587352 0.344854 0.052472 0.000005 0.015318
1 1 0.045579 0.494121 0.195753 0.000001 0.264546
0 0 0.614834 0.133151 0.035341 0.000023 0.216651
0 0 0.629918 0.028925 0.018749 0.000650 0.321759
4 0 0.339649 0.043058 0.021830 0.000127 0.595336
4 0 0.255828 0.263530 0.066543 0.000040 0.414060
2 0 0.095296 0.081553 0.754493 0.046200 0.022457
0 1 0.743777 0.107237 0.074043 0.001316 0.073627
2 0 0.293940 0.194559 0.457994 0.001311 0.052195
1 0 0.180877 0.570677 0.199462 0.000728 0.048256
3 0 0.000764 0.001274 0.103065 0.894297 0.000599
2 0 0.000061 0.006403 0.719479 0.272783 0.001274
2 1 0.229330 0.128153 0.352492 0.227316 0.062709
2 1 0.001757 0.039656 0.786171 0.169093 0.003323
2 1 0.075186 0.337341 0.462100 0.056298 0.069074
2 1 0.027426 0.418016 0.519016 0.000489 0.035053
2 1 0.002228 0.045956 0.882251 0.067340 0.002225
1 1 0.172622 0.425887 0.321886 0.000134 0.079471
2 1 0.043743 0.257567 0.660484 0.019003 0.019202
2 1 0.043197 0.102417 0.724929 0.001684 0.127772
0 1 0.844733 0.062393 0.073963 0.002917 0.015994
2 0 0.009959 0.219023 0.724635 0.030606 0.015777
3 0 0.000007 0.000007 0.320389 0.679597 0.000000
0 1 0.676234 0.010411 0.286289 0.025399 0.001667
2 1 0.083664 0.020134 0.860559 0.034699 0.000944
2 1 0.007595 0.228437 0.736344 0.015049 0.012575
4 1 0.112073 0.260039 0.071295 0.000241 0.556352
4 1 0.078501 0.262701 0.092243 0.002632 0.563923
4 1 0.061617 0.270106 0.115557 0.020542 0.532178
1 1 0.039745 0.386484 0.226987 0.019008 0.327776
1 1 0.263586 0.374016 0.077880 0.000023 0.284495
4 1 0.044499 0.199177 0.078750 0.003260 0.674315
4 1 0.083351 0.329065 0.144092 0.068683 0.374809
4 1 0.077146 0.314465 0.136724 0.048217 0.423448
4 1 0.063912 0.277210 0.118877 0.023355 0.516645
4 1 0.062449 0.272701 0.116767 0.021524 0.526559
4 1 0.060865 0.267742 0.114457 0.019688 0.537247
4 1 0.057782 0.257870 0.109885 0.016503 0.557961
4 1 0.045457 0.215552 0.090624 0.007685 0.640681
4 1 0.074188 0.111862 0.049228 0.000937 0.763784
3 0 0.040871 0.021180 0.318205 0.610375 0.009370
0 0 0.484572 0.107856 0.368689 0.022422 0.016461
3 0 0.013939 0.013365 0.066117 0.882628 0.023951
0 0 0.641884 0.167382 0.103697 0.011848 0.075190
1 1 0.073060 0.587450 0.259362 0.000062 0.080066
1 1 0.023300 0.515385 0.344796 0.000139 0.116380
1 1 0.039703 0.396876 0.169406 0.000014 0.394001
4 1 0.053951 0.338489 0.147788 0.001369 0.458404
4 1 0.028944 0.315383 0.185700 0.009282 0.460691
1 1 0.041856 0.469161 0.266590 0.002048 0.220345
4 2 0.016822 0.288177 0.197011 0.005415 0.492575
1 2 0.029689 0.422980 0.263820 0.002437 0.281074
4 2 0.017709 0.231454 0.138261 0.003054 0.609523
1 2 0.019437 0.392414 0.257245 0.000404 0.330499
4 2 0.044607 0.212466 0.089238 0.007256 0.646432
4 2 0.024056 0.130666 0.053304 0.001257 0.790717
4 2 0.011375 0.130168 0.068075 0.000520 0.789863
4 2 0.006004 0.070459 0.032742 0.000028 0.890767
4 2 0.004434 0.139417 0.103444 0.000206 0.752500
4 2 0.001731 0.122546 0.117506 0.000056 0.758161
4 2 0.011015 0.259007 0.184029 0.000872 0.545077
4 2 0.010476 0.247082 0.144202 0.000011 0.598230
4 2 0.003383 0.091465 0.059446 0.000014 0.845693
4 2 0.007472 0.185069 0.176945 0.001381 0.629134
4 2 0.016897 0.189041 0.103583 0.001771 0.688708
4 2 0.015991 0.208108 0.116530 0.000769 0.658602
4 2 0.011217 0.203957 0.146183 0.001673 0.636969
4 2 0.005605 0.115387 0.072316 0.000184 0.806508
4 2 0.017477 0.316816 0.269367 0.000496 0.395844
4 2 0.008756 0.228012 0.230667 0.000141 0.532424
4 2 0.003944 0.195943 0.242726 0.000644 0.556743
4 2 0.010216 0.254416 0.173430 0.000213 0.561724
2 2 0.002867 0.170356 0.437051 0.003418 0.386310
4 2 0.013989 0.208916 0.128251 0.001813 0.647031
4 2 0.005709 0.143216 0.136761 0.000110 0.714203
4 2 0.006083 0.197865 0.135348 0.000024 0.660680
2 2 0.000935 0.240179 0.526401 0.000246 0.232239
4 -1 0.002086 0.252369 0.333366 0.000531 0.411648
2 2 0.000067 0.034307 0.942761 0.002195 0.020670
2 2 0.001676 0.161253 0.635930 0.001974 0.199167
2 2 0.000129 0.042310 0.890397 0.004368 0.062797
4 2 0.006077 0.241364 0.288224 0.002644 0.461691
2 2 0.005219 0.277089 0.497566 0.015629 0.204497
2 2 0.001920 0.216336 0.616575 0.008008 0.157162
2 2 0.004451 0.287000 0.389095 0.003094 0.316359
2 2 0.005351 0.298738 0.491459 0.015893 0.188559
2 2 0.000560 0.066872 0.725000 0.192941 0.014628
2 2 0.000196 0.067597 0.887177 0.014721 0.030309
2 2 0.000395 0.061782 0.758329 0.167644 0.011850
2 2 0.004509 0.305464 0.561538 0.050454 0.078035
2 2 0.001568 0.133504 0.738688 0.038143 0.088097
1 2 0.024180 0.405411 0.316753 0.067324 0.186332
2 2 0.001301 0.170641 0.730110 0.061575 0.036372
2 2 0.000426 0.090898 0.810747 0.082250 0.015679
2 2 0.001670 0.187313 0.689806 0.088876 0.032334
2 2 0.005775 0.302136 0.539744 0.055613 0.096732
2 2 0.003439 0.137671 0.518967 0.307686 0.032237
2 2 0.005440 0.204038 0.525274 0.214699 0.050550
1 2 0.029180 0.341391 0.314184 0.162738 0.152508
2 2 0.002614 0.172318 0.611785 0.180776 0.032507
1 2 0.014092 0.402191 0.391412 0.067933 0.124372
2 2 0.011482 0.332534 0.444104 0.115016 0.096865
2 2 0.006938 0.214805 0.527518 0.173114 0.077624
2 3 0.001273 0.100960 0.659790 0.215741 0.022236
2 3 0.017711 0.366896 0.379040 0.110089 0.126264
2 3 0.005906 0.286868 0.534655 0.107666 0.064905
2 3 0.000852 0.053483 0.555058 0.376909 0.013698
3 3 0.003721 0.084486 0.365910 0.520722 0.025162
2 3 0.001830 0.143454 0.634229 0.195814 0.024673
2 3 0.003352 0.217763 0.614127 0.116745 0.048013
3 3 0.000245 0.019460 0.363774 0.613523 0.002997
2 3 0.000523 0.044990 0.512948 0.434607 0.006932
2 3 0.001059 0.123188 0.687562 0.170697 0.017495
2 3 0.000713 0.067868 0.595618 0.325611 0.010191
2 2 0.003873 0.127635 0.477665 0.358241 0.032586
2 2 0.005355 0.240440 0.545532 0.153151 0.055522
2 2 0.004890 0.349138 0.559928 0.011979 0.074064
2 2 0.011648 0.464450 0.492158 0.001463 0.030280
2 1 0.004097 0.367901 0.548618 0.024875 0.054508
1 1 0.022833 0.511679 0.377613 0.000898 0.086978
1 1 0.023493 0.549747 0.412566 0.000227 0.013967
2 1 0.010580 0.435436 0.438421 0.005674 0.109888
4 1 0.052150 0.279490 0.184084 0.013161 0.471115
4 1 0.014210 0.209244 0.126859 0.001551 0.648135
4 1 0.015759 0.261401 0.163682 0.001074 0.558085
4 1 0.043381 0.339536 0.145931 0.000145 0.471007
1 1 0.091832 0.490468 0.240035 0.000068 0.177597
2 1 0.021521 0.440133 0.513161 0.000562 0.024623
1 1 0.028472 0.441849 0.309085 0.012241 0.208353
1 1 0.104265 0.501760 0.212426 0.003636 0.177913
2 1 0.010738 0.216476 0.665384 0.067343 0.040059
1 1 0.083993 0.531148 0.272073 0.002459 0.110327
1 1 0.042989 0.394384 0.249138 0.111888 0.201601
4 2 0.018006 0.271098 0.175198 0.004895 0.530802
1 2 0.010685 0.344167 0.297940 0.003612 0.343595
1 2 0.023721 0.509749 0.383821 0.001913 0.080796
2 2 0.006208 0.244903 0.689010 0.034145 0.025734
2 1 0.002315 0.130151 0.824050 0.024729 0.018755
3 2 0.025875 0.021175 0.134917 0.724488 0.093545
1 2 0.146051 0.489278 0.331115 0.002108 0.031448
2 2 0.012966 0.336766 0.634927 0.001304 0.014038
1 2 0.149788 0.556077 0.217955 0.003170 0.073010
2 1 0.111866 0.282949 0.554413 0.020976 0.029796
0 1 0.924030 0.034140 0.023820 0.001106 0.016905
4 1 0.016100 0.273310 0.152079 0.000063 0.558448
4 1 0.015924 0.345196 0.219788 0.000132 0.418959
1 2 0.140500 0.481005 0.148284 0.000068 0.230144
4 2 0.006083 0.330454 0.321755 0.000537 0.341171
4 2 0.009162 0.212877 0.152330 0.001201 0.624430
4 2 0.007006 0.174435 0.123660 0.000554 0.694345
4 2 0.022426 0.193043 0.088319 0.000304 0.695907
4 2 0.055966 0.334296 0.147580 0.002681 0.459478
2 2 0.003146 0.320193 0.400649 0.000548 0.275463
4 2 0.002340 0.197294 0.216884 0.000242 0.583239
2 2 0.003367 0.233055 0.483933 0.000930 0.278715
1 2 0.020787 0.428956 0.282866 0.000332 0.267059
2 2 0.002108 0.176948 0.657372 0.016349 0.147223
4 2 0.010109 0.277965 0.213700 0.001250 0.496977
2 2 0.001844 0.199800 0.623865 0.007952 0.166539
2 2 0.005081 0.216314 0.530098 0.018872 0.229635
4 1 0.049464 0.323868 0.144845 0.001663 0.480160
1 1 0.093822 0.504091 0.205804 0.000668 0.195616
1 1 0.056617 0.555576 0.259677 0.000056 0.128074
1 0 0.259389 0.491928 0.149734 0.004339 0.094610
0 0 0.618788 0.297824 0.045774 0.000060 0.037554
0 0 0.900694 0.048664 0.015727 0.000172 0.034742
1 0 0.333624 0.498377 0.128575 0.000428 0.038996
1 0 0.197207 0.574331 0.181019 0.000141 0.047302
0 0 0.647126 0.294635 0.046426 0.000022 0.011790
1 0 0.280047 0.489082 0.207693 0.000178 0.023000
0 0 0.984981 0.006471 0.005520 0.000138 0.002890
0 1 0.528267 0.192064 0.234192 0.008772 0.036705
0 1 0.827858 0.015958 0.022260 0.069645 0.064280
3 1 0.112663 0.040761 0.067318 0.651151 0.128106
4 4 0.041423 0.124571 0.033704 0.000021 0.800280
4 4 0.025717 0.136058 0.055008 0.001293 0.781924
4 4 0.015475 0.091380 0.036593 0.000393 0.856160
4 4 0.013929 0.058211 0.025728 0.000233 0.901900
4 4 0.051848 0.180473 0.058669 0.000362 0.708648
4 4 0.021793 0.120672 0.049017 0.000965 0.807553
4 4 0.020017 0.105885 0.040555 0.000381 0.833162
1 4 0.136910 0.445428 0.160658 0.003774 0.253231
4 4 0.058217 0.297046 0.104699 0.000074 0.539963
4 4 0.042114 0.203291 0.085131 0.006103 0.663361
4 4 0.018661 0.106427 0.042948 0.000640 0.831325
4 4 0.026740 0.142227 0.058291 0.001676 0.771065
4 4 0.041413 0.090138 0.032482 0.000094 0.835873
4 4 0.046010 0.031076 0.017547 0.000170 0.905198
4 4 0.012662 0.092037 0.039536 0.000314 0.855451
4 4 0.023322 0.068368 0.033228 0.000721 0.874361
4 4 0.058864 0.171940 0.049091 0.000090 0.720015
4 4 0.017516 0.101089 0.040687 0.000542 0.840166
4 4 0.010686 0.056940 0.019395 0.000024 0.912955
4 4 0.029984 0.155808 0.064188 0.002298 0.747721
4 4 0.011203 0.070113 0.027716 0.000172 0.890796
4 4 0.015972 0.093765 0.037596 0.000426 0.852240
4 4 0.026872 0.142786 0.058533 0.001698 0.770111
4 4 0.028723 0.150574 0.061911 0.002040 0.756752
4 4 0.040935 0.145554 0.045632 0.000135 0.767745
4 4 0.044884 0.015090 0.013400 0.001040 0.925587
4 4 0.022859 0.093280 0.029197 0.000039 0.854626
4 4 0.019297 0.109361 0.044194 0.000699 0.826449
4 4 0.040396 0.050406 0.030972 0.001761 0.876464
4 4 0.091170 0.080384 0.053967 0.013462 0.761017
4 4 0.080559 0.062817 0.043729 0.008552 0.804343
4 4 0.072809 0.178651 0.106116 0.022297 0.620127
4 4 0.032199 0.009366 0.008692 0.000408 0.949336
4 4 0.013487 0.007999 0.006128 0.000067 0.972320
4 4 0.032348 0.115038 0.034263 0.000042 0.818309
4 4 0.022753 0.116236 0.044340 0.000473 0.816197
4 4 0.014507 0.122138 0.054170 0.000185 0.809000
4 4 0.022135 0.052530 0.025254 0.000246 0.899835
4 4 0.071045 0.050240 0.028485 0.000678 0.849552
4 4 0.031084 0.073434 0.023436 0.000018 0.872027
4 4 0.027536 0.145595 0.059750 0.001816 0.765303
4 4 0.037906 0.187371 0.078053 0.004475 0.692194
4 4 0.021731 0.112111 0.042726 0.000424 0.823008
4 4 0.039930 0.166052 0.059671 0.000739 0.733608
1 0 0.086509 0.588310 0.219509 0.000007 0.105664
1 1 0.183982 0.591361 0.161675 0.000003 0.062980
1 1 0.227900 0.537112 0.138426 0.000016 0.096545
1 1 0.121068 0.546778 0.202392 0.000248 0.129515
1 1 0.114436 0.603697 0.253808 0.000355 0.027703
1 1 0.123958 0.585650 0.222867 0.000193 0.067332
1 1 0.357725 0.367689 0.073423 0.000113 0.201050
4 1 0.244308 0.322552 0.067323 0.000054 0.365764
4 1 0.015506 0.280891 0.171244 0.000270 0.532089
1 1 0.027513 0.376725 0.232095 0.003068 0.360598
1 1 0.019104 0.371681 0.287356 0.020711 0.301147
1 1 0.026751 0.371511 0.241947 0.009195 0.350596
1 2 0.133250 0.486367 0.174997 0.001144 0.204243
4 2 0.046039 0.369644 0.179151 0.001558 0.403608
4 2 0.037766 0.317472 0.150264 0.000693 0.493806
4 2 0.029501 0.173883 0.072516 0.001016 0.723084
1 2 0.018323 0.374549 0.358260 0.001683 0.247186
4 2 0.005236 0.222216 0.311877 0.002715 0.457957
4 2 0.016987 0.257178 0.158664 0.001708 0.565463
4 2 0.017464 0.205096 0.104363 0.000222 0.672855
4 2 0.013436 0.272518 0.195260 0.003672 0.515114
4 2 0.021527 0.343010 0.209842 0.000782 0.424839
2 2 0.005138 0.285537 0.610148 0.000443 0.098733
2 2 0.012684 0.375416 0.542317 0.000364 0.069220
1 2 0.023441 0.483642 0.343445 0.000073 0.149399
1 2 0.028620 0.514799 0.312632 0.000112 0.143838
1 2 0.147718 0.503765 0.309695 0.000370 0.038452
1 2 0.065348 0.514690 0.251241 0.001195 0.167525
1 2 0.041088 0.486246 0.353645 0.000029 0.118993
1 2 0.136807 0.517813 0.252322 0.000049 0.093009
1 2 0.105111 0.512763 0.262595 0.004836 0.114695
2 2 0.010600 0.359326 0.607244 0.001343 0.021488
2 2 0.029993 0.350228 0.534571 0.004955 0.080253
2 2 0.012037 0.278713 0.684377 0.002060 0.022813
1 2 0.127513 0.520211 0.185011 0.000293 0.166972
1 1 0.143136 0.583777 0.202257 0.000087 0.070742
4 1 0.051486 0.383308 0.168580 0.000338 0.396289
4 1 0.017641 0.317512 0.201715 0.000665 0.462468
1 1 0.022411 0.459919 0.279512 0.000052 0.238106
1 1 0.100639 0.596578 0.249379 0.000187 0.053218
2 1 0.006807 0.238829 0.743350 0.003743 0.007270
2 2 0.012877 0.211707 0.773282 0.000342 0.001791
2 2 0.024511 0.412752 0.538972 0.003098 0.020666
1 2 0.063655 0.560133 0.342368 0.001180 0.032665
2 2 0.012830 0.344946 0.636144 0.000427 0.005652
2 2 0.007685 0.317225 0.657649 0.001513 0.015928
2 2 0.022390 0.347876 0.627205 0.000072 0.002456
2 2 0.001436 0.133984 0.863349 0.000318 0.000913
2 2 0.047456 0.274360 0.641967 0.012414 0.023803
2 2 0.008768 0.246716 0.731769 0.004505 0.008241
2 2 0.015108 0.365067 0.611305 0.000677 0.007843
2 2 0.006348 0.207089 0.783829 0.000513 0.002221
2 2 0.010770 0.262445 0.724073 0.000249 0.002464
2 2 0.003905 0.273196 0.718611 0.000432 0.003856
2 2 0.000565 0.104656 0.852093 0.036972 0.005715
2 2 0.005478 0.240338 0.737132 0.006982 0.010070
2 2 0.000217 0.043948 0.951551 0.003823 0.000461
2 2 0.000928 0.078606 0.919447 0.000558 0.000461
2 2 0.000293 0.060511 0.929401 0.008653 0.001142
2 2 0.000064 0.027482 0.963256 0.008856 0.000342
2 2 0.000960 0.064897 0.844359 0.085611 0.004173
2 2 0.000315 0.051882 0.912932 0.033252 0.001618
2 2 0.000642 0.098081 0.839887 0.055271 0.006118
2 2 0.001511 0.084741 0.895982 0.015503 0.002263
2 2 0.000312 0.040267 0.955851 0.003221 0.000349
2 2 0.004546 0.187490 0.798371 0.003755 0.005839
2 2 0.002044 0.116506 0.566500 0.292038 0.022912
2 2 0.000030 0.015571 0.680691 0.302722 0.000987
2 2 0.007285 0.322525 0.627188 0.010064 0.032938
2 2 0.000345 0.087031 0.785645 0.117847 0.009132
2 2 0.000365 0.068062 0.718079 0.205873 0.007620
2 2 0.005978 0.220954 0.521671 0.195954 0.055445
2 2 0.000506 0.116104 0.770879 0.100451 0.012061
2 2 0.005344 0.262362 0.548695 0.125013 0.058586
2 2 0.003752 0.296388 0.582532 0.052815 0.064513
2 2 0.001913 0.179617 0.696291 0.076150 0.046029
2 2 0.001382 0.130230 0.658578 0.189364 0.020446
2 2 0.002008 0.147794 0.625564 0.198416 0.026218
2 2 0.000206 0.054441 0.747047 0.193266 0.005040
2 3 0.001151 0.106831 0.673793 0.198232 0.019993
2 3 0.000143 0.044579 0.750790 0.200714 0.003775
2 3 0.000139 0.028461 0.605277 0.363265 0.002858
2 3 0.000965 0.065160 0.524386 0.398025 0.011463
2 3 0.000709 0.078457 0.641997 0.267753 0.011084
2 3 0.009657 0.172778 0.397759 0.359949 0.059857
3 3 0.005190 0.092477 0.338148 0.533151 0.031035
2 3 0.005448 0.283064 0.544736 0.104731 0.062021
2 3 0.003681 0.189655 0.574718 0.191588 0.040357
3 3 0.000264 0.009201 0.214996 0.773287 0.002252
2 3 0.001306 0.077732 0.526020 0.380304 0.014639
2 3 0.004661 0.122111 0.432833 0.405755 0.034640
2 3 0.002820 0.102497 0.471027 0.398965 0.024691
3 3 0.002605 0.087691 0.437708 0.450274 0.021721
2 3 0.000841 0.075193 0.597809 0.314464 0.011693
2 3 0.003532 0.179355 0.572282 0.206564 0.038267
2 3 0.001113 0.079062 0.561550 0.344553 0.013721
3 3 0.025350 0.211221 0.289226 0.367689 0.106514
1 3 0.048521 0.352483 0.241033 0.159351 0.198612
2 3 0.000162 0.024023 0.512433 0.460605 0.002777
2 3 0.001920 0.118121 0.581369 0.276156 0.022434
3 3 0.010043 0.150836 0.359819 0.422990 0.056312
2 3 0.003434 0.140754 0.524917 0.298256 0.032640
3 3 0.001387 0.065396 0.457891 0.461709 0.013618
2 3 0.001782 0.076461 0.462973 0.442009 0.016775
2 3 0.002628 0.119317 0.528209 0.323727 0.026119
2 3 0.019588 0.241149 0.348220 0.289102 0.101941
2 3 0.020984 0.293061 0.358602 0.208766 0.118586
2 3 0.009065 0.201884 0.440734 0.284583 0.063734
3 3 0.000427 0.028142 0.406389 0.560108 0.004934
3 3 0.000623 0.031118 0.357447 0.604715 0.006097
2 3 0.000585 0.089316 0.708747 0.190383 0.010969
2 3 0.002207 0.143543 0.604695 0.222653 0.026902
3 3 0.001275 0.051817 0.397483 0.537979 0.011445
2 3 0.000311 0.032100 0.491652 0.471469 0.004468
3 3 0.000299 0.028645 0.458815 0.508138 0.004104
3 3 0.002118 0.063242 0.388572 0.529387 0.016680
2 3 0.001582 0.072247 0.466432 0.444392 0.015347
3 3 0.001125 0.046886 0.387270 0.554533 0.010186
3 3 0.000605 0.037057 0.418539 0.537158 0.006641
3 3 0.004009 0.102602 0.409391 0.454843 0.029155
2 3 0.000445 0.052404 0.597716 0.342402 0.007032
2 3 0.001783 0.106269 0.565144 0.306446 0.020357
3 3 0.001555 0.031976 0.262371 0.694042 0.010055
3 3 0.001130 0.046363 0.382904 0.559458 0.010145
2 3 0.003043 0.156672 0.570513 0.236862 0.032909
2 3 0.002204 0.100551 0.510072 0.365422 0.021750
2 3 0.000491 0.063155 0.641847 0.286295 0.008212
2 3 0.004831 0.143525 0.470160 0.342751 0.038733
3 3 0.001300 0.058317 0.432061 0.495958 0.012364
2 3 0.011984 0.226605 0.420942 0.259207 0.081261
1 3 0.030277 0.343776 0.308755 0.161296 0.155896
2 3 0.005807 0.185673 0.498109 0.261194 0.049216
3 3 0.002331 0.038538 0.276438 0.668616 0.014076
3 3 0.000519 0.021449 0.279336 0.694172 0.004524
3 3 0.002503 0.086410 0.440251 0.449699 0.021136
3 3 0.001682 0.061752 0.408714 0.513348 0.014505
3 3 0.001283 0.052271 0.399095 0.535812 0.011539
2 3 0.002190 0.132132 0.587114 0.253063 0.025501
2 3 0.001707 0.093708 0.535473 0.350592 0.018519
2 3 0.002406 0.101701 0.497485 0.375594 0.022813
2 3 0.002076 0.139713 0.608784 0.223692 0.025734
3 3 0.001802 0.067657 0.421851 0.492978 0.015712
2 3 0.001209 0.088269 0.580730 0.314569 0.015223
2 3 0.000975 0.055887 0.470433 0.462173 0.010533
3 1 0.001987 0.034952 0.277606 0.672743 0.012713
2 1 0.027038 0.182009 0.325780 0.314689 0.150484
2 1 0.023857 0.313181 0.636787 0.002850 0.023325
2 2 0.013186 0.407774 0.550326 0.004216 0.024497
1 2 0.008714 0.410281 0.407949 0.001847 0.171209
2 2 0.002690 0.336168 0.578353 0.032403 0.050385
2 2 0.004379 0.208182 0.738549 0.032764 0.016126
2 2 0.003506 0.257343 0.685347 0.003177 0.050627
1 2 0.082406 0.509790 0.239504 0.004029 0.164270
1 2 0.029465 0.541541 0.386957 0.001375 0.040661
2 2 0.006376 0.299808 0.683936 0.000177 0.009702
2 2 0.004396 0.249001 0.738067 0.000044 0.008492
2 2 0.012071 0.218872 0.761789 0.002493 0.004776
2 2 0.027502 0.411011 0.551047 0.000068 0.010372
2 2 0.007131 0.418975 0.550376 0.001734 0.021784
2 2 0.003056 0.362300 0.583867 0.010175 0.040602
2 2 0.000406 0.101619 0.889864 0.005766 0.002345
2 2 0.000978 0.092995 0.903502 0.000622 0.001903
1 2 0.088662 0.565741 0.332635 0.000144 0.012817
1 2 0.060984 0.616431 0.309020 0.000038 0.013527
2 2 0.002739 0.290664 0.625433 0.019223 0.061940
1 2 0.071670 0.573140 0.330207 0.000313 0.024670
2 2 0.003178 0.171631 0.820000 0.001864 0.003327
2 2 0.000140 0.049070 0.947970 0.000727 0.002093
2 2 0.001569 0.165248 0.425131 0.000200 0.407851
4 2 0.001794 0.149840 0.230134 0.000236 0.617996
4 2 0.016467 0.175090 0.093203 0.001451 0.713789
4 2 0.013998 0.181646 0.103974 0.001308 0.699074
4 2 0.016531 0.136551 0.064450 0.000879 0.781589
4 2 0.018461 0.137752 0.062921 0.001017 0.779849
4 2 0.009707 0.265642 0.206901 0.001775 0.515975
4 2 0.020523 0.343431 0.213814 0.000753 0.421478
4 2 0.038571 0.189923 0.079183 0.004708 0.687615
4 2 0.047316 0.222223 0.093628 0.008692 0.628141
4 2 0.032238 0.165011 0.068208 0.002815 0.731728
4 2 0.035856 0.158373 0.058629 0.000856 0.746287
4 2 0.039381 0.365808 0.153905 0.000020 0.440887
4 2 0.036055 0.173784 0.064435 0.000416 0.725311
4 2 0.085593 0.265383 0.088792 0.001717 0.558516
4 2 0.058451 0.287491 0.104582 0.000208 0.549269
4 2 0.113227 0.318994 0.102127 0.001329 0.464323
4 2 0.085054 0.299889 0.109739 0.003987 0.501331
4 2 0.033162 0.168730 0.069838 0.003049 0.725221
4 2 0.046430 0.219056 0.092200 0.008200 0.634115
1 2 0.069108 0.553724 0.299267 0.005426 0.072475
1 2 0.033668 0.545576 0.379072 0.002141 0.039544
1 2 0.111867 0.602789 0.222575 0.000030 0.062739
1 2 0.102351 0.512889 0.208985 0.001076 0.174699
1 2 0.024884 0.520216 0.406875 0.003624 0.044401
1 2 0.215860 0.576065 0.181923 0.000199 0.025953
4 2 0.028132 0.256596 0.120690 0.000325 0.594256
4 2 0.033430 0.181997 0.071812 0.000583 0.712177
4 2 0.039400 0.185918 0.074867 0.003139 0.696675
4 2 0.040172 0.186440 0.062700 0.000065 0.710623
1 4 0.131585 0.459128 0.156968 0.000622 0.251697
4 4 0.075836 0.211405 0.058568 0.000067 0.654124
4 4 0.028819 0.150978 0.062086 0.002059 0.756058
4 4 0.021561 0.119633 0.048573 0.000937 0.809295
4 4 0.026062 0.139336 0.057041 0.001562 0.775998
4 4 0.053554 0.243861 0.103452 0.012853 0.586280
4 4 0.052362 0.191016 0.065011 0.000670 0.690940
4 4 0.052247 0.184323 0.060783 0.000443 0.702203
4 1 0.079649 0.363397 0.140046 0.001240 0.415668
4 1 0.069559 0.205236 0.061684 0.000255 0.663266
1 1 0.024872 0.525784 0.408448 0.002534 0.038362
1 1 0.111855 0.557308 0.247752 0.004427 0.078658
1 1 0.083613 0.544939 0.274572 0.007845 0.089031
1 1 0.113046 0.559196 0.230517 0.001012 0.096230
1 1 0.066858 0.581159 0.310290 0.001320 0.040373
1 1 0.226884 0.578483 0.175306 0.000093 0.019234
1 1 0.034884 0.509579 0.441654 0.000281 0.013602
2 1 0.020666 0.350131 0.615210 0.002186 0.011807
1 2 0.135794 0.591047 0.263684 0.000034 0.009442
1 2 0.057183 0.532067 0.397560 0.000015 0.013175
1 2 0.087606 0.628105 0.275412 0.000027 0.008851
2 0 0.004537 0.254430 0.739148 0.000112 0.001774
1 0 0.262494 0.400691 0.304237 0.001427 0.031152
0 1 0.585058 0.291079 0.082541 0.000475 0.040847
4 1 0.055869 0.174871 0.052516 0.000154 0.716591
4 1 0.026088 0.217828 0.110728 0.004060 0.641296
4 2 0.022609 0.124300 0.050571 0.001064 0.801456
4 2 0.008645 0.141940 0.084806 0.000451 0.764158
4 2 0.013460 0.203590 0.118945 0.000542 0.663463
4 2 0.011042 0.167968 0.090568 0.000088 0.730334
4 2 0.015365 0.208140 0.123553 0.001994 0.650948
4 2 0.006517 0.171564 0.119968 0.000252 0.701699
4 2 0.013462 0.110853 0.048383 0.000155 0.827146
4 2 0.007328 0.219650 0.172430 0.001033 0.599559
4 2 0.024386 0.273089 0.134614 0.000154 0.567756
1 2 0.051637 0.497455 0.228776 0.000068 0.222065
1 2 0.037441 0.561642 0.346386 0.000369 0.054163
1 2 0.010511 0.471157 0.419417 0.000161 0.098754
1 2 0.035386 0.428530 0.256857 0.004026 0.275201
1 2 0.014223 0.457003 0.380789 0.000877 0.147108
1 1 0.053342 0.512619 0.267723 0.000961 0.165355
1 1 0.036802 0.543505 0.326462 0.000350 0.092881
1 2 0.019964 0.518602 0.408597 0.000736 0.052101
1 2 0.050975 0.538051 0.259134 0.000066 0.151774
1 2 0.088248 0.580659 0.234279 0.000054 0.096760
2 2 0.012065 0.439508 0.511558 0.000044 0.036824
1 2 0.011622 0.449489 0.398130 0.000666 0.140093
2 2 0.029748 0.463263 0.471287 0.003970 0.031732
2 2 0.001704 0.106798 0.873163 0.014970 0.003365
2 1 0.008282 0.284436 0.698734 0.001583 0.006965
2 1 0.003855 0.238828 0.745611 0.003848 0.007858
1 1 0.062620 0.586293 0.317683 0.000822 0.032582
1 2 0.086480 0.610784 0.258352 0.000047 0.044337
1 2 0.110104 0.592894 0.237008 0.000172 0.059823
1 2 0.032127 0.515547 0.372077 0.008489 0.071760
2 2 0.000808 0.152110 0.833533 0.000738 0.012811
1 2 0.297153 0.522976 0.140685 0.000267 0.038919
1 2 0.290699 0.537634 0.145627 0.000150 0.025890
1 1 0.251683 0.519502 0.209712 0.000213 0.018890
0 1 0.355800 0.243525 0.125571 0.000139 0.274964
1 1 0.048573 0.429894 0.206047 0.000448 0.315038
4 2 0.040295 0.289409 0.124409 0.000330 0.545557
1 2 0.018069 0.450406 0.377988 0.009111 0.144426
2 2 0.008519 0.368978 0.383545 0.001052 0.237906
1 2 0.107905 0.583820 0.220354 0.000061 0.087860
1 2 0.011404 0.522724 0.444700 0.000015 0.021156
1 2 0.043667 0.580909 0.353694 0.000388 0.021342
1 2 0.038165 0.578581 0.351777 0.000162 0.031314
2 2 0.026872 0.391300 0.562385 0.001522 0.017921
1 1 0.059950 0.481998 0.445401 0.000430 0.012221
4 1 0.049099 0.348093 0.152943 0.000543 0.449322
4 1 0.016229 0.327576 0.207637 0.000230 0.448328
4 1 0.054544 0.322990 0.125681 0.000179 0.496605
1 1 0.241691 0.471253 0.136404 0.001547 0.149105
0 1 0.540646 0.248819 0.115701 0.005914 0.088920
0 2 0.647154 0.242657 0.061656 0.000919 0.047615
2 2 0.013656 0.265175 0.710778 0.002901 0.007490
2 2 0.034015 0.404452 0.552682 0.000514 0.008338
2 2 0.013606 0.273810 0.700673 0.003343 0.008568
2 1 0.002805 0.175365 0.815593 0.002590 0.003648
1 1 0.035794 0.412069 0.411308 0.049769 0.091059
1 1 0.125825 0.582047 0.242036 0.001322 0.048770
2 2 0.312349 0.288415 0.313727 0.005757 0.079751
1 2 0.240076 0.541569 0.144006 0.000040 0.074309
1 2 0.063332 0.575997 0.305142 0.000941 0.054587
1 2 0.024436 0.506322 0.403393 0.007271 0.058578
1 1 0.087052 0.596361 0.283284 0.000646 0.032657
1 1 0.171826 0.424397 0.334750 0.000960 0.068068
