0 0 0.998469 0.000936 0.000400 0.000033 0.000162
0 0 0.771599 0.041624 0.023217 0.000202 0.163358
0 0 0.961434 0.004637 0.001978 0.000172 0.031779
0 0 0.937410 0.013228 0.003680 0.000006 0.045675
4 0 0.115370 0.035992 0.036942 0.001051 0.810645
0 0 0.811003 0.058570 0.035763 0.004130 0.090534
0 0 0.815555 0.008034 0.007103 0.001791 0.167517
0 0 0.950213 0.001378 0.000739 0.000072 0.047598
0 0 0.862358 0.004094 0.002629 0.000521 0.130398
0 0 0.607767 0.045954 0.022980 0.005107 0.318193
4 0 0.157403 0.070274 0.038391 0.002424 0.731509
4 0 0.149015 0.213988 0.073494 0.001859 0.561644
4 0 0.134352 0.246548 0.074641 0.001811 0.542648
0 0 0.414218 0.167447 0.095069 0.001648 0.321618
0 0 0.870162 0.062256 0.019898 0.001717 0.045967
4 0 0.296532 0.015260 0.015004 0.051904 0.621299
1 0 0.178016 0.513443 0.193792 0.000881 0.113868
4 0 0.135359 0.078140 0.031014 0.001225 0.754262
4 0 0.038600 0.040556 0.030184 0.000757 0.889903
0 0 0.521023 0.127864 0.050701 0.001514 0.298898
4 0 0.218591 0.143265 0.059777 0.000420 0.577946
4 0 0.145642 0.089684 0.057885 0.000287 0.706502
4 0 0.322774 0.088576 0.149875 0.089224 0.349550
1 0 0.149281 0.462227 0.220257 0.000318 0.167917
1 1 0.275044 0.395858 0.167728 0.001869 0.159500
1 1 0.144078 0.598520 0.190786 0.000235 0.066380
1 1 0.059724 0.563089 0.173262 0.000073 0.203851
4 1 0.035817 0.164976 0.065381 0.000076 0.733749
4 1 0.131598 0.134590 0.074688 0.001711 0.657413
1 4 0.123353 0.481932 0.248089 0.001082 0.145543
4 4 0.149207 0.266949 0.090960 0.002887 0.489997
4 4 0.038939 0.328985 0.130899 0.000158 0.501019
4 4 0.126323 0.280902 0.110412 0.007810 0.474553
4 4 0.320971 0.185418 0.063300 0.003161 0.427151
4 4 0.178474 0.002041 0.003119 0.000076 0.816290
0 4 0.532949 0.033393 0.013711 0.000556 0.419391
4 4 0.294963 0.140178 0.120517 0.000586 0.443755
0 4 0.325350 0.259419 0.141167 0.000882 0.273182
1 4 0.034782 0.413195 0.171891 0.000003 0.380129
1 4 0.048893 0.415767 0.154796 0.000162 0.380382
4 4 0.274121 0.058155 0.026305 0.002127 0.639293
4 4 0.290829 0.082059 0.050368 0.002744 0.573999
0 4 0.933671 0.004194 0.002294 0.000516 0.059325
0 4 0.745906 0.074510 0.027790 0.002756 0.149039
4 4 0.081302 0.236157 0.087221 0.000400 0.594920
1 4 0.293044 0.358866 0.177426 0.001530 0.169133
4 4 0.037418 0.383960 0.112716 0.001358 0.464549
0 0 0.903421 0.085752 0.009550 0.000030 0.001248
0 0 0.785819 0.039751 0.015527 0.001185 0.157718
0 0 0.924729 0.033325 0.007414 0.000052 0.034480
4 0 0.044305 0.026791 0.051743 0.000759 0.876403
0 0 0.709771 0.059259 0.029145 0.000775 0.201049
4 0 0.432862 0.029918 0.013994 0.000970 0.522256
0 0 0.924323 0.010938 0.004864 0.000656 0.059220
4 0 0.295823 0.071817 0.031613 0.002703 0.598044
4 1 0.181278 0.268357 0.104547 0.002027 0.443791
1 1 0.026361 0.564909 0.384192 0.000010 0.024528
1 1 0.029932 0.548780 0.354507 0.000570 0.066211
4 4 0.191728 0.307094 0.089321 0.002549 0.409308
0 4 0.643259 0.163847 0.056119 0.002727 0.134047
1 4 0.151692 0.495919 0.153155 0.000904 0.198330
1 4 0.114341 0.480907 0.210534 0.005290 0.188927
4 4 0.141298 0.195843 0.089636 0.000865 0.572358
0 4 0.677057 0.162129 0.044222 0.001453 0.115139
0 4 0.433444 0.195598 0.116479 0.001552 0.252927
1 4 0.061616 0.550459 0.298681 0.000700 0.088544
0 4 0.749816 0.117256 0.037629 0.003131 0.092167
0 4 0.735819 0.114609 0.041254 0.002998 0.105320
0 4 0.551764 0.288788 0.084997 0.000097 0.074354
4 4 0.171002 0.249329 0.115970 0.000177 0.463523
1 4 0.039870 0.502445 0.172686 0.000268 0.284731
4 4 0.040619 0.319615 0.241088 0.000543 0.398135
0 4 0.898509 0.017347 0.006305 0.000141 0.077698
0 4 0.684417 0.130997 0.023072 0.000013 0.161501
4 4 0.196769 0.191671 0.113891 0.011479 0.486190
0 4 0.518489 0.159455 0.067202 0.017792 0.237062
0 4 0.649055 0.264147 0.071544 0.000556 0.014697
0 4 0.656880 0.261304 0.066848 0.000027 0.014941
0 4 0.660266 0.191113 0.070242 0.000586 0.077792
0 4 0.616012 0.179117 0.070795 0.000560 0.133516
1 4 0.144718 0.440088 0.171046 0.000714 0.243434
4 1 0.215962 0.288307 0.100470 0.000087 0.395174
0 0 0.980127 0.012197 0.003135 0.000129 0.004412
0 0 0.890170 0.033976 0.013526 0.000477 0.061850
0 0 0.941775 0.027309 0.011614 0.000026 0.019276
0 0 0.908000 0.007125 0.004726 0.000212 0.079937
0 0 0.632295 0.007775 0.004790 0.000479 0.354661
0 0 0.844911 0.007898 0.003561 0.000196 0.143433
0 0 0.903330 0.005522 0.002566 0.000114 0.088469
0 0 0.867853 0.042558 0.017643 0.000395 0.071551
0 1 0.331462 0.296024 0.203044 0.000645 0.168825
1 1 0.139725 0.388728 0.169087 0.000364 0.302097
4 4 0.117832 0.036576 0.016975 0.000889 0.827728
4 4 0.098374 0.229079 0.172291 0.002488 0.497768
4 4 0.016620 0.006200 0.005533 0.000073 0.971575
4 4 0.244652 0.173274 0.051784 0.000900 0.529391
0 4 0.436217 0.236359 0.181489 0.016870 0.129065
4 4 0.178443 0.314909 0.166826 0.000321 0.339502
0 4 0.669013 0.074182 0.027820 0.001842 0.227143
0 4 0.869375 0.085066 0.028756 0.001640 0.015163
1 4 0.248808 0.367113 0.240156 0.000129 0.143793
4 4 0.047451 0.153311 0.084185 0.002350 0.712703
4 4 0.458167 0.019967 0.014200 0.004176 0.503491
0 4 0.622564 0.047367 0.041288 0.000940 0.287841
4 4 0.256483 0.255990 0.089165 0.001631 0.396732
0 4 0.703194 0.180359 0.074325 0.000887 0.041235
0 0 0.873700 0.062990 0.033679 0.000389 0.029242
0 1 0.603765 0.132517 0.070705 0.004630 0.188383
0 4 0.703733 0.205709 0.064801 0.000161 0.025596
0 0 0.953646 0.008465 0.003809 0.000718 0.033362
0 0 0.891078 0.027782 0.011167 0.001509 0.068465
0 1 0.978257 0.010809 0.002855 0.000078 0.008001
1 1 0.032068 0.419223 0.253779 0.000100 0.294829
4 1 0.064427 0.349631 0.081303 0.000139 0.504500
4 1 0.004953 0.247011 0.185236 0.000136 0.562664
1 1 0.014734 0.404712 0.238937 0.001255 0.340361
4 1 0.013298 0.102022 0.133014 0.002383 0.749284
4 4 0.010715 0.009065 0.016627 0.000407 0.963186
4 4 0.042899 0.009219 0.008257 0.000560 0.939065
4 4 0.040780 0.008888 0.012822 0.002883 0.934627
4 4 0.020132 0.004538 0.010991 0.001218 0.963120
4 4 0.036359 0.016398 0.007754 0.000213 0.939275
4 4 0.022843 0.155781 0.053104 0.000191 0.768082
4 4 0.076780 0.008885 0.006579 0.001845 0.905912
0 4 0.566398 0.021990 0.017379 0.001513 0.392720
4 4 0.061332 0.018447 0.010562 0.001077 0.908582
4 4 0.048650 0.001320 0.001241 0.000317 0.948472
4 4 0.022587 0.161999 0.049817 0.000167 0.765431
4 4 0.037287 0.002606 0.001882 0.000160 0.958066
4 4 0.050639 0.015914 0.008691 0.000578 0.924179
4 4 0.020968 0.026149 0.068191 0.005767 0.878926
4 4 0.088114 0.080258 0.045911 0.002511 0.783207
4 4 0.045984 0.079282 0.040832 0.001641 0.832262
4 4 0.156329 0.049104 0.034996 0.032385 0.727186
4 4 0.107416 0.276759 0.156821 0.000488 0.458516
4 4 0.050373 0.029918 0.046046 0.014456 0.859207
4 4 0.159289 0.199403 0.079077 0.003146 0.559085
4 4 0.068799 0.223198 0.095387 0.006637 0.605979
1 4 0.017631 0.451037 0.237010 0.001813 0.292510
4 4 0.034885 0.129404 0.064605 0.001474 0.769633
2 4 0.006763 0.222929 0.509808 0.018179 0.242321
2 4 0.008925 0.321504 0.495526 0.023698 0.150348
2 4 0.000246 0.112579 0.874960 0.000173 0.012041
2 1 0.031407 0.263081 0.661786 0.032211 0.011515
2 1 0.002016 0.221593 0.400455 0.000290 0.375645
1 1 0.003114 0.352434 0.341365 0.000098 0.302989
4 1 0.005084 0.308134 0.268007 0.000253 0.418523
2 1 0.001564 0.239986 0.539009 0.000430 0.219011
2 1 0.008713 0.297585 0.502943 0.030806 0.159953
2 1 0.011635 0.339329 0.442201 0.023370 0.183465
2 1 0.002527 0.223036 0.638786 0.007398 0.128254
4 1 0.021663 0.374111 0.160220 0.001394 0.442613
2 1 0.001254 0.183861 0.622467 0.001334 0.191083
2 1 0.004425 0.197961 0.620573 0.044692 0.132349
2 1 0.015890 0.298724 0.426550 0.126113 0.132723
2 1 0.002078 0.212488 0.687059 0.009174 0.089200
2 1 0.003805 0.169980 0.645436 0.034908 0.145872
2 1 0.001170 0.125146 0.824188 0.012504 0.036992
2 1 0.001059 0.068795 0.598094 0.301206 0.030847
2 1 0.000598 0.076006 0.783204 0.117508 0.022684
0 1 0.795098 0.080142 0.029803 0.004629 0.090329
4 1 0.037522 0.256916 0.090362 0.001255 0.613945
2 2 0.000439 0.103185 0.842590 0.007595 0.046191
2 2 0.000034 0.004542 0.995046 0.000223 0.000155
2 2 0.000014 0.010090 0.986289 0.002127 0.001480
2 2 0.000096 0.009441 0.985797 0.000672 0.003995
2 2 0.000086 0.033401 0.960074 0.000821 0.005618
2 2 0.000000 0.003610 0.995388 0.000749 0.000253
2 2 0.000005 0.004256 0.995559 0.000035 0.000145
2 2 0.000001 0.000523 0.997550 0.001898 0.000028
2 2 0.000095 0.015834 0.976555 0.004411 0.003105
2 2 0.000002 0.004088 0.995570 0.000194 0.000146
2 2 0.000003 0.006298 0.991799 0.000980 0.000920
2 2 0.000002 0.002057 0.997287 0.000541 0.000113
2 2 0.000007 0.003971 0.990047 0.005903 0.000073
2 2 0.003826 0.024793 0.836041 0.133869 0.001471
2 2 0.000012 0.008459 0.748385 0.241990 0.001154
2 2 0.000010 0.001111 0.977224 0.021596 0.000061
2 2 0.000000 0.000245 0.871757 0.127936 0.000061
2 2 0.000000 0.000061 0.877683 0.122248 0.000008
2 2 0.000002 0.000598 0.931764 0.067574 0.000062
2 2 0.000006 0.004017 0.942783 0.051720 0.001474
2 2 0.000001 0.002632 0.973894 0.023372 0.000101
2 2 0.000389 0.031024 0.951950 0.016029 0.000607
3 2 0.000206 0.001280 0.224556 0.773404 0.000553
2 2 0.000025 0.005906 0.633324 0.358817 0.001928
2 2 0.000007 0.006125 0.768524 0.224083 0.001261
3 2 0.000038 0.001416 0.149910 0.846129 0.002507
2 2 0.000001 0.000486 0.859705 0.139798 0.000009
3 2 0.000000 0.000143 0.297838 0.701980 0.000039
3 2 0.000009 0.001356 0.290189 0.708147 0.000299
3 2 0.000002 0.000345 0.084593 0.914911 0.000149
3 3 0.000000 0.000013 0.128782 0.871148 0.000057
3 3 0.000000 0.000001 0.010454 0.989537 0.000008
3 3 0.000000 0.000016 0.030373 0.969595 0.000016
3 3 0.000000 0.000007 0.019361 0.980625 0.000006
3 3 0.000000 0.000014 0.029641 0.970328 0.000017
3 3 0.000001 0.000016 0.027336 0.972557 0.000091
3 3 0.000000 0.000000 0.002663 0.997336 0.000001
3 3 0.000000 0.000000 0.000619 0.999366 0.000015
3 3 0.000001 0.000037 0.057465 0.942198 0.000298
3 3 0.000068 0.000033 0.055300 0.944550 0.000049
3 3 0.000000 0.000001 0.004662 0.995328 0.000009
3 3 0.000000 0.000000 0.000807 0.999193 0.000000
3 3 0.000004 0.000007 0.005334 0.994634 0.000022
3 3 0.000003 0.000002 0.005749 0.994246 0.000001
3 3 0.000981 0.013330 0.119081 0.858565 0.008043
3 3 0.000223 0.001069 0.027259 0.969272 0.002177
2 3 0.013738 0.168492 0.609075 0.196503 0.012191
2 3 0.000429 0.057305 0.714298 0.216784 0.011184
2 2 0.000734 0.031041 0.926000 0.041203 0.001022
2 2 0.005424 0.068998 0.636273 0.283665 0.005639
4 2 0.129451 0.193988 0.148759 0.232614 0.295188
0 2 0.813834 0.129422 0.037728 0.009835 0.009182
3 2 0.209323 0.219809 0.138908 0.262993 0.168967
2 2 0.003679 0.221915 0.660532 0.064708 0.049166
2 2 0.007543 0.220751 0.668054 0.048870 0.054782
2 2 0.000718 0.019438 0.689065 0.289205 0.001574
2 2 0.000009 0.004181 0.930347 0.065146 0.000317
2 2 0.000012 0.001849 0.995963 0.002140 0.000038
2 2 0.000222 0.051649 0.928572 0.014376 0.005181
2 2 0.000037 0.012463 0.903901 0.081846 0.001752
2 2 0.000000 0.000468 0.810464 0.189040 0.000028
2 2 0.000015 0.000254 0.519863 0.479746 0.000122
3 2 0.000002 0.000037 0.010563 0.989319 0.000079
3 2 0.000194 0.009469 0.282272 0.702178 0.005888
2 2 0.000000 0.000210 0.700494 0.299236 0.000061
3 2 0.000001 0.000190 0.300757 0.698926 0.000126
2 2 0.000246 0.043604 0.748338 0.198933 0.008879
3 2 0.000007 0.004163 0.478985 0.516240 0.000605
2 2 0.000025 0.015054 0.877763 0.103897 0.003260
2 2 0.000047 0.030715 0.949537 0.014951 0.004751
3 2 0.000000 0.000086 0.399276 0.600620 0.000018
3 2 0.000000 0.000026 0.083960 0.916008 0.000006
3 2 0.000002 0.000312 0.184856 0.814636 0.000194
2 2 0.000001 0.001061 0.676466 0.322234 0.000239
3 2 0.000002 0.000686 0.239862 0.759159 0.000291
2 2 0.000007 0.005548 0.755922 0.237361 0.001163
2 2 0.000006 0.000960 0.550122 0.447020 0.001891
2 2 0.000006 0.007539 0.975680 0.012688 0.004087
3 2 0.000000 0.000158 0.308838 0.690879 0.000124
2 2 0.000074 0.020340 0.746414 0.227085 0.006087
3 2 0.000225 0.004795 0.120431 0.870058 0.004491
3 2 0.000001 0.000049 0.029360 0.970485 0.000105
3 2 0.000007 0.000352 0.223291 0.773945 0.002406
2 2 0.000012 0.005071 0.811001 0.182156 0.001760
3 2 0.000000 0.000024 0.046418 0.953509 0.000049
3 2 0.000000 0.000056 0.343522 0.656385 0.000037
3 2 0.000041 0.000699 0.049097 0.949122 0.001041
3 2 0.000052 0.002884 0.259316 0.734282 0.003466
2 2 0.000000 0.000227 0.636864 0.362900 0.000009
2 3 0.000001 0.000781 0.756169 0.242781 0.000267
3 3 0.000065 0.003496 0.358235 0.637424 0.000780
2 3 0.000278 0.038643 0.824955 0.132587 0.003538
2 3 0.000580 0.040229 0.813655 0.143385 0.002151
2 3 0.036948 0.392093 0.549756 0.006215 0.014988
0 2 0.655487 0.194827 0.054861 0.002100 0.092725
1 1 0.038899 0.547145 0.295402 0.001988 0.116567
2 1 0.004070 0.127684 0.446164 0.388543 0.033539
2 1 0.000649 0.042095 0.548406 0.403063 0.005788
2 1 0.000809 0.097212 0.772026 0.111169 0.018785
2 1 0.002036 0.216365 0.770290 0.000391 0.010918
2 1 0.000187 0.034411 0.849516 0.111677 0.004209
2 2 0.000006 0.004762 0.740011 0.254630 0.000592
2 2 0.000040 0.002796 0.740724 0.256404 0.000036
2 2 0.000657 0.026769 0.947551 0.024784 0.000238
2 2 0.000000 0.000459 0.984551 0.014986 0.000004
2 2 0.000016 0.000944 0.978392 0.020646 0.000001
2 2 0.000074 0.003659 0.977020 0.019238 0.000009
2 2 0.000002 0.000981 0.983460 0.015554 0.000003
2 2 0.000017 0.004841 0.954909 0.040172 0.000060
2 2 0.008013 0.093177 0.897547 0.000673 0.000590
2 2 0.000203 0.012068 0.975338 0.012340 0.000052
1 2 0.325224 0.408860 0.263727 0.000319 0.001871
2 2 0.000087 0.016586 0.921614 0.061140 0.000574
2 2 0.000028 0.010666 0.620438 0.367214 0.001654
2 2 0.000004 0.000122 0.690584 0.309280 0.000010
3 2 0.000002 0.000154 0.425648 0.574194 0.000003
2 2 0.000093 0.018884 0.974348 0.006006 0.000669
2 2 0.000001 0.000870 0.967119 0.032004 0.000006
2 2 0.000000 0.000058 0.996977 0.002964 0.000000
2 2 0.000000 0.000839 0.923548 0.075593 0.000020
2 2 0.000001 0.002245 0.978099 0.019581 0.000075
2 2 0.000198 0.005942 0.866617 0.127185 0.000057
2 2 0.000038 0.009871 0.975787 0.014165 0.000139
2 2 0.000035 0.006666 0.945809 0.047405 0.000086
2 2 0.009662 0.205035 0.746059 0.029198 0.010046
2 2 0.023651 0.380917 0.420966 0.086212 0.088254
1 2 0.196708 0.419729 0.251691 0.032938 0.098934
0 2 0.687054 0.110869 0.063526 0.003550 0.135000
1 2 0.055373 0.472753 0.229148 0.065750 0.176977
1 1 0.030746 0.480833 0.311057 0.036074 0.141290
2 1 0.000064 0.039633 0.936275 0.018737 0.005291
2 2 0.000006 0.006394 0.990105 0.003384 0.000111
2 2 0.006836 0.108608 0.859540 0.002948 0.022068
2 2 0.000059 0.011911 0.978816 0.009059 0.000155
2 2 0.000001 0.001009 0.997187 0.001799 0.000005
2 2 0.000111 0.007710 0.988173 0.003307 0.000699
2 2 0.000007 0.006173 0.881976 0.111042 0.000801
2 2 0.000283 0.042887 0.902835 0.010481 0.043514
2 2 0.000000 0.000503 0.950731 0.048719 0.000046
2 2 0.000049 0.010704 0.961457 0.027603 0.000187
2 2 0.000050 0.043888 0.945110 0.005620 0.005333
2 2 0.002579 0.157692 0.772131 0.027710 0.039888
0 0 0.296171 0.263501 0.205460 0.005102 0.229767
4 1 0.016314 0.378451 0.145962 0.000399 0.458874
2 1 0.013687 0.382184 0.459270 0.045516 0.099343
2 2 0.000810 0.084294 0.717208 0.180756 0.016932
2 2 0.000002 0.000726 0.813332 0.185901 0.000039
3 2 0.000002 0.000149 0.494997 0.504848 0.000004
2 2 0.000011 0.004847 0.985966 0.009094 0.000083
2 2 0.000345 0.038375 0.925669 0.033689 0.001923
2 2 0.000030 0.022301 0.965724 0.009269 0.002677
2 2 0.052878 0.394632 0.402043 0.097474 0.052973
1 2 0.034381 0.462004 0.362327 0.030061 0.111227
2 4 0.015867 0.306234 0.468310 0.137913 0.071676
0 4 0.763792 0.155567 0.046643 0.000438 0.033560
1 4 0.082469 0.451274 0.244934 0.006218 0.215105
0 4 0.717240 0.071234 0.047088 0.014050 0.150388
1 4 0.171402 0.445620 0.218148 0.010963 0.153867
3 4 0.000128 0.007983 0.225667 0.763301 0.002921
2 4 0.000143 0.042922 0.862981 0.087128 0.006826
3 2 0.000010 0.001743 0.293388 0.704292 0.000566
2 2 0.000599 0.008348 0.927756 0.062814 0.000483
2 2 0.003521 0.093888 0.865232 0.033123 0.004235
1 2 0.156315 0.472835 0.359161 0.002805 0.008886
1 2 0.057565 0.456183 0.185200 0.001086 0.299966
2 2 0.008142 0.250594 0.614268 0.030779 0.096217
3 2 0.000182 0.005225 0.099536 0.892686 0.002370
3 2 0.000000 0.000293 0.249665 0.749995 0.000046
2 2 0.000001 0.000491 0.992122 0.007217 0.000168
2 2 0.000026 0.019175 0.973848 0.004305 0.002646
2 2 0.000000 0.000185 0.999193 0.000566 0.000056
2 2 0.000000 0.000975 0.989933 0.008883 0.000209
2 2 0.000718 0.101081 0.843003 0.000546 0.054652
2 2 0.000242 0.061255 0.884744 0.022034 0.031725
2 2 0.000000 0.000600 0.968930 0.029117 0.001353
2 2 0.000006 0.001033 0.500440 0.495941 0.002580
2 2 0.000031 0.021343 0.949237 0.025276 0.004113
2 2 0.001631 0.081225 0.836590 0.040282 0.040273
2 2 0.004463 0.357100 0.550247 0.002359 0.085831
3 2 0.000239 0.021464 0.384353 0.589328 0.004617
2 2 0.000005 0.003736 0.754806 0.241190 0.000263
2 2 0.000000 0.000251 0.962964 0.036784 0.000001
2 2 0.000002 0.001615 0.994680 0.003692 0.000012
2 2 0.000000 0.000376 0.999483 0.000140 0.000000
2 2 0.008548 0.109906 0.865417 0.014942 0.001187
2 2 0.000020 0.001946 0.978280 0.019750 0.000004
2 2 0.000000 0.000135 0.989088 0.010776 0.000000
2 2 0.000024 0.005823 0.988629 0.005493 0.000031
2 2 0.000155 0.060784 0.920848 0.011484 0.006730
2 2 0.001192 0.059751 0.928001 0.010096 0.000960
4 2 0.240873 0.066398 0.041861 0.007069 0.643800
2 2 0.000374 0.041714 0.577656 0.371767 0.008489
3 2 0.000004 0.000588 0.339850 0.658306 0.001252
2 2 0.000234 0.003993 0.861491 0.131007 0.003274
2 2 0.000436 0.118997 0.761828 0.001198 0.117542
1 2 0.009311 0.417312 0.333048 0.001432 0.238897
2 2 0.000903 0.169276 0.755031 0.003487 0.071303
2 2 0.000771 0.187289 0.736016 0.000955 0.074970
4 4 0.029210 0.150933 0.040845 0.000244 0.778768
4 4 0.070055 0.124693 0.058266 0.004822 0.742164
4 4 0.036328 0.014604 0.048680 0.031913 0.868476
4 4 0.038015 0.015128 0.033092 0.008960 0.904805
4 4 0.011917 0.028390 0.074956 0.003379 0.881358
4 4 0.038704 0.185151 0.054363 0.000677 0.721105
4 4 0.006401 0.177557 0.352374 0.002460 0.461210
2 4 0.006439 0.172363 0.421101 0.006079 0.394019
4 4 0.045175 0.155886 0.246745 0.153741 0.398454
1 4 0.032835 0.355065 0.306814 0.135276 0.170011
2 4 0.004585 0.115175 0.585155 0.114774 0.180311
2 4 0.005917 0.069612 0.493540 0.203541 0.227390
4 4 0.049570 0.004256 0.003096 0.000415 0.942662
4 4 0.027744 0.005209 0.002849 0.000075 0.964123
4 4 0.018092 0.000475 0.011438 0.100152 0.869843
4 4 0.017552 0.014266 0.013602 0.000206 0.954374
4 4 0.128069 0.057832 0.053889 0.011562 0.748648
4 4 0.017946 0.124475 0.144251 0.001682 0.711646
4 4 0.088957 0.295189 0.177498 0.000221 0.438134
1 4 0.035692 0.487782 0.206041 0.000085 0.270399
1 4 0.040773 0.419007 0.226483 0.021232 0.292505
1 4 0.189361 0.400711 0.227781 0.008213 0.173934
2 4 0.004785 0.224656 0.457753 0.000599 0.312206
1 4 0.006822 0.393397 0.225398 0.000128 0.374255
4 4 0.007953 0.062592 0.068847 0.000124 0.860483
4 4 0.053561 0.030308 0.038009 0.009568 0.868554
4 4 0.179320 0.273449 0.118167 0.006130 0.422934
4 4 0.016919 0.224790 0.160570 0.001720 0.596000
4 4 0.013370 0.331922 0.276339 0.001660 0.376708
1 4 0.023831 0.432185 0.183606 0.001891 0.358488
2 1 0.000596 0.108767 0.829977 0.014818 0.045844
2 1 0.000115 0.032300 0.858435 0.097954 0.011196
1 1 0.021553 0.408581 0.344398 0.026009 0.199458
2 1 0.005242 0.268576 0.437090 0.003806 0.285286
2 1 0.002975 0.109696 0.510129 0.328535 0.048666
2 1 0.000170 0.024521 0.539219 0.430480 0.005609
2 1 0.000048 0.010376 0.779215 0.202221 0.008140
2 1 0.000004 0.004468 0.966284 0.025006 0.004238
3 2 0.001455 0.029718 0.451656 0.463488 0.053683
2 2 0.001716 0.126418 0.689865 0.153478 0.028523
1 2 0.403891 0.417709 0.095111 0.002903 0.080387
2 2 0.006451 0.303004 0.644946 0.008396 0.037204
2 2 0.001135 0.100152 0.701027 0.176867 0.020819
2 2 0.001538 0.157544 0.802590 0.009944 0.028384
2 2 0.000003 0.007422 0.990105 0.001267 0.001203
2 2 0.000084 0.009618 0.989977 0.000166 0.000155
2 2 0.000000 0.000509 0.980705 0.018775 0.000011
2 2 0.001190 0.096202 0.899070 0.000379 0.003158
2 2 0.002057 0.121972 0.866473 0.001592 0.007906
2 2 0.005416 0.055830 0.925214 0.010160 0.003380
2 2 0.000040 0.006619 0.993226 0.000098 0.000017
2 2 0.005845 0.113721 0.859738 0.018660 0.002036
2 2 0.000004 0.000983 0.950336 0.048669 0.000008
2 2 0.000001 0.000423 0.996392 0.003184 0.000000
2 2 0.000090 0.010074 0.970446 0.019312 0.000078
2 2 0.000000 0.000373 0.992359 0.007267 0.000001
3 2 0.000045 0.003082 0.144442 0.851234 0.001196
2 0 0.000471 0.032389 0.626169 0.338114 0.002858
0 0 0.532910 0.255816 0.102688 0.051887 0.056698
0 1 0.996960 0.002025 0.000695 0.000070 0.000250
1 1 0.055721 0.536441 0.316319 0.014973 0.076545
0 1 0.505700 0.376161 0.107013 0.002819 0.008307
1 1 0.098101 0.410815 0.254198 0.004241 0.232644
2 1 0.024869 0.304637 0.432989 0.094804 0.142701
0 1 0.662363 0.095891 0.125087 0.096195 0.020463
3 1 0.314604 0.087833 0.225506 0.359884 0.012173
2 1 0.009699 0.183010 0.487652 0.072272 0.247367
2 1 0.007779 0.191014 0.523120 0.051859 0.226228
2 1 0.000095 0.007200 0.988487 0.003235 0.000984
2 1 0.000001 0.000635 0.969399 0.029934 0.000031
2 2 0.000118 0.050781 0.934587 0.001786 0.012729
2 2 0.000033 0.016792 0.982729 0.000078 0.000368
2 2 0.000201 0.015578 0.983503 0.000533 0.000185
2 2 0.000000 0.000609 0.986405 0.012982 0.000004
2 2 0.000001 0.000949 0.988049 0.010986 0.000015
2 2 0.003631 0.046317 0.932261 0.017550 0.000241
2 2 0.001859 0.098685 0.863525 0.031229 0.004702
2 2 0.000058 0.017802 0.807541 0.172751 0.001849
2 2 0.001557 0.149633 0.776606 0.013221 0.058983
2 2 0.001731 0.069942 0.918793 0.008204 0.001330
2 2 0.026141 0.270000 0.549457 0.047634 0.106768
2 2 0.000466 0.049261 0.725943 0.209617 0.014714
2 2 0.002672 0.141913 0.726304 0.034378 0.094733
2 2 0.001003 0.068592 0.824622 0.079012 0.026771
2 2 0.000003 0.001479 0.913811 0.084319 0.000388
2 2 0.000029 0.009174 0.984110 0.002344 0.004342
2 2 0.000007 0.002205 0.996410 0.000773 0.000605
2 2 0.000001 0.001160 0.937913 0.059547 0.001379
2 2 0.000000 0.000432 0.989156 0.010334 0.000077
2 2 0.000000 0.000169 0.841520 0.158261 0.000050
2 2 0.000000 0.000007 0.951269 0.048722 0.000003
3 2 0.000000 0.000037 0.276655 0.723301 0.000007
3 2 0.000101 0.002676 0.257354 0.731157 0.008712
2 2 0.000003 0.000784 0.671964 0.325949 0.001299
2 2 0.000001 0.000221 0.985183 0.014582 0.000013
2 2 0.000000 0.000174 0.675916 0.323847 0.000063
3 2 0.000000 0.000029 0.384395 0.615470 0.000105
2 2 0.000012 0.000415 0.563603 0.435847 0.000124
3 2 0.000001 0.000121 0.145039 0.854662 0.000178
3 3 0.000000 0.000033 0.069374 0.930453 0.000139
3 3 0.000000 0.000000 0.001141 0.998859 0.000000
3 3 0.000000 0.000000 0.010650 0.989340 0.000009
3 3 0.000000 0.000005 0.051111 0.948867 0.000018
3 3 0.000000 0.000000 0.001148 0.998852 0.000000
3 3 0.000006 0.000002 0.001428 0.998550 0.000015
3 3 0.000000 0.000000 0.000066 0.999934 0.000000
3 3 0.000011 0.000023 0.006336 0.993303 0.000326
3 3 0.000000 0.000000 0.000870 0.999130 0.000000
3 3 0.000000 0.000000 0.000462 0.999534 0.000003
3 3 0.000000 0.000000 0.000178 0.999812 0.000010
3 3 0.000000 0.000000 0.000043 0.999955 0.000001
3 3 0.000000 0.000000 0.000092 0.999907 0.000001
3 3 0.000000 0.000001 0.002068 0.997919 0.000011
3 3 0.000000 0.000000 0.000181 0.999818 0.000001
3 3 0.000013 0.000000 0.000107 0.999693 0.000186
3 3 0.000001 0.000002 0.002481 0.997501 0.000015
3 3 0.000003 0.000001 0.000553 0.999385 0.000059
3 3 0.000001 0.000000 0.000210 0.999771 0.000018
3 3 0.000008 0.000008 0.001599 0.998262 0.000124
3 3 0.000005 0.000000 0.000053 0.999895 0.000047
3 3 0.000000 0.000000 0.000029 0.999970 0.000001
3 3 0.000000 0.000000 0.000038 0.999962 0.000000
3 3 0.000001 0.000016 0.013504 0.986435 0.000044
3 3 0.000060 0.000040 0.003047 0.996278 0.000575
3 3 0.000000 0.000000 0.000318 0.999675 0.000007
3 3 0.000062 0.000039 0.004141 0.995496 0.000263
3 3 0.000000 0.000000 0.000257 0.999735 0.000007
3 3 0.000057 0.000009 0.001136 0.998488 0.000310
3 3 0.001041 0.002026 0.029842 0.961731 0.005360
3 3 0.000271 0.000094 0.016048 0.983368 0.000219
3 3 0.004465 0.008057 0.056226 0.915527 0.015725
3 3 0.003979 0.061129 0.351621 0.570622 0.012650
3 2 0.003603 0.011142 0.082698 0.890534 0.012023
3 2 0.014921 0.074830 0.431344 0.442778 0.036126
2 2 0.005894 0.096265 0.712363 0.174688 0.010790
2 2 0.002827 0.106329 0.530464 0.328517 0.031863
3 2 0.000040 0.000613 0.139280 0.856912 0.003155
3 2 0.000034 0.000201 0.104650 0.884808 0.010306
2 2 0.000000 0.000136 0.594238 0.405612 0.000013
3 2 0.000000 0.000148 0.252545 0.747287 0.000020
3 2 0.000000 0.000082 0.208374 0.791447 0.000097
2 2 0.000000 0.000076 0.952141 0.047745 0.000038
3 2 0.000000 0.000067 0.435070 0.564790 0.000072
3 2 0.000001 0.000199 0.148889 0.850736 0.000176
3 2 0.000491 0.004831 0.421570 0.567840 0.005268
3 2 0.000234 0.001625 0.459357 0.538331 0.000453
2 2 0.000000 0.000012 0.535641 0.464342 0.000005
2 2 0.000000 0.000018 0.668099 0.331878 0.000005
2 2 0.000013 0.003253 0.636674 0.356803 0.003257
2 2 0.000203 0.033546 0.825299 0.003272 0.137679
2 2 0.000129 0.022434 0.897965 0.047237 0.032235
2 2 0.000225 0.012479 0.614543 0.358809 0.013944
2 2 0.169137 0.338221 0.491181 0.000290 0.001171
0 2 0.615812 0.210640 0.079048 0.049147 0.045353
1 0 0.192328 0.432398 0.295336 0.000756 0.079181
0 0 0.994192 0.002426 0.002424 0.000035 0.000923
1 1 0.034693 0.524475 0.309117 0.005902 0.125813
1 1 0.305396 0.364016 0.234418 0.000835 0.095335
0 1 0.422054 0.293374 0.102254 0.007226 0.175093
1 1 0.051581 0.372638 0.243856 0.051789 0.280136
2 1 0.016347 0.282715 0.399564 0.217983 0.083390
2 1 0.000161 0.032903 0.797439 0.159452 0.010045
2 2 0.000031 0.017806 0.869844 0.109832 0.002487
2 2 0.000158 0.022142 0.829978 0.133851 0.013872
2 2 0.000146 0.057115 0.903194 0.006917 0.032628
2 2 0.000001 0.003143 0.995814 0.000523 0.000519
2 2 0.000030 0.007636 0.817651 0.171930 0.002753
2 2 0.000042 0.018584 0.962973 0.010399 0.008001
2 2 0.000006 0.008393 0.963593 0.024735 0.003272
2 2 0.000030 0.019700 0.965058 0.006598 0.008614
2 2 0.000000 0.000289 0.952301 0.047373 0.000037
2 2 0.002159 0.026418 0.957392 0.008395 0.005636
2 2 0.000016 0.012502 0.982026 0.004567 0.000889
2 2 0.000028 0.012118 0.953445 0.009769 0.024639
2 2 0.000008 0.003662 0.720635 0.273264 0.002431
3 2 0.000000 0.000453 0.421973 0.577526 0.000048
2 2 0.000014 0.002892 0.880955 0.115119 0.001021
2 2 0.000112 0.025418 0.950406 0.021728 0.002336
3 2 0.000000 0.000165 0.096753 0.903020 0.000061
2 2 0.000001 0.000669 0.613125 0.385358 0.000847
2 2 0.000009 0.002050 0.665091 0.329004 0.003845
2 2 0.000645 0.036876 0.929562 0.011784 0.021132
2 2 0.000033 0.016336 0.816661 0.164566 0.002404
3 2 0.000023 0.004570 0.421530 0.572070 0.001807
3 2 0.000348 0.013408 0.466037 0.502840 0.017367
3 2 0.001046 0.006603 0.252841 0.730433 0.009077
2 2 0.001591 0.026549 0.616570 0.346252 0.009038
2 2 0.000008 0.001190 0.716360 0.282411 0.000031
2 2 0.001963 0.096719 0.846665 0.049398 0.005255
2 2 0.001136 0.084258 0.784113 0.121132 0.009361
3 2 0.000009 0.000626 0.077724 0.921292 0.000350
2 2 0.000076 0.023482 0.759005 0.213665 0.003772
2 2 0.000000 0.000971 0.756462 0.242458 0.000108
2 2 0.000005 0.004923 0.757499 0.236771 0.000802
2 2 0.006751 0.120844 0.827453 0.000864 0.044087
1 2 0.110134 0.558855 0.244968 0.000700 0.085344
3 2 0.000002 0.000593 0.085524 0.913780 0.000102
3 2 0.000152 0.002992 0.095038 0.898719 0.003099
2 2 0.000079 0.011832 0.776838 0.209154 0.002096
3 2 0.000249 0.013960 0.438390 0.535778 0.011624
2 2 0.000001 0.001219 0.674504 0.324002 0.000274
3 2 0.000000 0.000239 0.196697 0.803022 0.000041
2 2 0.000003 0.003355 0.818176 0.177202 0.001264
2 2 0.000400 0.017081 0.912811 0.054146 0.015562
0 2 0.831561 0.115061 0.038895 0.001440 0.013044
0 2 0.347813 0.242737 0.346834 0.052519 0.010097
2 1 0.004978 0.347352 0.583378 0.005922 0.058368
2 1 0.002393 0.279447 0.686397 0.001821 0.029941
2 1 0.000010 0.005782 0.713360 0.280320 0.000529
3 1 0.000072 0.010042 0.400885 0.587709 0.001293
2 2 0.000872 0.085930 0.891698 0.016849 0.004651
2 2 0.004799 0.248836 0.626436 0.061406 0.058523
1 2 0.155030 0.516818 0.193051 0.041718 0.093384
1 2 0.061428 0.547039 0.332528 0.007379 0.051625
1 2 0.049862 0.550981 0.284756 0.000955 0.113446
1 2 0.058852 0.530331 0.316312 0.002806 0.091700
1 2 0.018919 0.491468 0.321770 0.000427 0.167417
1 4 0.025000 0.495410 0.315653 0.008983 0.154954
1 4 0.015191 0.469979 0.344685 0.005882 0.164262
2 4 0.005922 0.414309 0.490622 0.003695 0.085452
2 4 0.010605 0.392384 0.479283 0.022640 0.095089
2 4 0.012764 0.260755 0.508912 0.118876 0.098692
0 4 0.832358 0.095280 0.064958 0.001289 0.006115
0 4 0.993461 0.002321 0.000913 0.000182 0.003123
4 4 0.070281 0.274318 0.157619 0.009353 0.488428
4 4 0.176028 0.285342 0.109825 0.013144 0.415661
1 4 0.172138 0.336127 0.230138 0.008312 0.253286
0 4 0.485003 0.237154 0.107607 0.026823 0.143413
1 4 0.019772 0.407838 0.381454 0.036308 0.154629
2 4 0.008337 0.264454 0.534129 0.125208 0.067872
2 4 0.003145 0.222710 0.638730 0.015279 0.120137
2 4 0.003842 0.354292 0.465167 0.000852 0.175847
2 4 0.018147 0.362080 0.418239 0.006275 0.195259
4 4 0.004367 0.303419 0.337782 0.000438 0.353994
4 4 0.005083 0.256633 0.356483 0.001628 0.380173
4 4 0.002301 0.232489 0.203391 0.000024 0.561794
4 4 0.022801 0.012574 0.044473 0.012766 0.907386
4 4 0.041047 0.005149 0.004812 0.000398 0.948594
4 4 0.027931 0.080384 0.186859 0.043501 0.661325
4 4 0.016086 0.128692 0.264323 0.020222 0.570678
4 4 0.027910 0.017642 0.007360 0.000098 0.946990
4 4 0.111647 0.017430 0.013857 0.002716 0.854349
4 4 0.097282 0.003546 0.003568 0.003249 0.892355
0 4 0.587472 0.002844 0.002760 0.003291 0.403634
4 4 0.066256 0.007975 0.005686 0.001141 0.918942
4 4 0.035683 0.010702 0.005523 0.000184 0.947907
4 4 0.208161 0.114604 0.048517 0.004553 0.624165
4 4 0.065489 0.032578 0.015289 0.000101 0.886542
4 4 0.015246 0.045389 0.078231 0.000609 0.860524
4 4 0.436477 0.066842 0.024404 0.000756 0.471522
4 4 0.025940 0.028640 0.159607 0.163419 0.622394
4 4 0.027559 0.097057 0.067204 0.001402 0.806778
4 4 0.059458 0.195902 0.124726 0.010219 0.609696
2 4 0.004047 0.289579 0.518672 0.003368 0.184333
4 4 0.047953 0.141347 0.090349 0.004471 0.715880
4 4 0.017168 0.290549 0.182501 0.000836 0.508946
4 4 0.014800 0.289875 0.256495 0.002627 0.436203
2 4 0.006102 0.321076 0.338232 0.000989 0.333600
4 4 0.026226 0.038279 0.102064 0.022454 0.810977
4 4 0.022550 0.065743 0.043820 0.000666 0.867222
4 4 0.036537 0.250281 0.130392 0.004705 0.578084
4 4 0.116808 0.095692 0.058667 0.018933 0.709900
4 4 0.035448 0.094246 0.045592 0.000601 0.824114
4 4 0.006845 0.034204 0.123717 0.000861 0.834373
4 4 0.047646 0.137767 0.195717 0.069433 0.549437
4 4 0.030287 0.383461 0.123979 0.001386 0.460887
4 4 0.075492 0.008888 0.008635 0.003583 0.903402
4 4 0.042107 0.010793 0.005954 0.000304 0.940843
1 4 0.012380 0.456367 0.225934 0.000098 0.305221
2 4 0.002967 0.282483 0.446335 0.000627 0.267589
4 4 0.017731 0.012644 0.004717 0.000024 0.964884
4 4 0.031459 0.026529 0.010625 0.000154 0.931232
4 4 0.130619 0.128130 0.096525 0.086205 0.558521
4 4 0.103751 0.033570 0.026707 0.012399 0.823573
1 4 0.014418 0.432498 0.328066 0.004665 0.220352
2 4 0.000412 0.137459 0.728783 0.000409 0.132937
4 4 0.020701 0.369151 0.127324 0.000548 0.482276
1 1 0.010889 0.413339 0.213589 0.000361 0.361822
4 1 0.017568 0.264852 0.116143 0.000702 0.600736
4 1 0.010601 0.362060 0.151101 0.000144 0.476094
1 1 0.013399 0.386287 0.283704 0.002711 0.313900
2 1 0.011452 0.196900 0.387127 0.025620 0.378901
4 1 0.015155 0.316506 0.196806 0.001892 0.469641
4 1 0.011128 0.335164 0.141112 0.000174 0.512423
2 1 0.002282 0.121157 0.634827 0.190817 0.050917
2 1 0.007579 0.333647 0.395925 0.003451 0.259398
1 1 0.030443 0.463286 0.212618 0.005850 0.287803
2 1 0.015008 0.385896 0.419837 0.028713 0.150547
4 1 0.023356 0.336060 0.145275 0.001824 0.493484
4 1 0.025387 0.297737 0.086249 0.000584 0.590044
2 1 0.018727 0.268922 0.368621 0.226790 0.116940
4 1 0.017550 0.360711 0.197884 0.001825 0.422028
0 1 0.599891 0.322823 0.068754 0.000453 0.008080
0 1 0.412405 0.400247 0.107479 0.000859 0.079010
2 1 0.001641 0.242080 0.684442 0.003201 0.068636
2 1 0.005244 0.377961 0.471465 0.002069 0.143262
2 1 0.011049 0.309198 0.637427 0.007062 0.035264
1 1 0.034393 0.546316 0.375032 0.000161 0.044098
4 1 0.033804 0.179020 0.049944 0.000433 0.736799
2 1 0.000903 0.153907 0.693435 0.000156 0.151599
0 0 0.898748 0.025099 0.014171 0.022698 0.039284
0 0 0.506954 0.201861 0.096201 0.025050 0.169934
0 0 0.884399 0.007836 0.003520 0.000244 0.104001
4 0 0.205054 0.029526 0.028305 0.010453 0.726662
0 0 0.734839 0.086473 0.019499 0.000052 0.159136
4 0 0.250616 0.100997 0.057358 0.000703 0.590326
0 0 0.430754 0.140361 0.049593 0.002727 0.376564
0 0 0.693814 0.161690 0.059598 0.015181 0.069717
4 1 0.235317 0.087218 0.041718 0.001373 0.634374
4 1 0.236704 0.223830 0.098016 0.001940 0.439510
2 1 0.018158 0.323358 0.374656 0.029544 0.254285
2 1 0.007522 0.330971 0.480225 0.009909 0.171373
1 1 0.035256 0.406153 0.162849 0.003676 0.392066
1 1 0.028001 0.473065 0.239978 0.007075 0.251881
1 1 0.031289 0.498227 0.243317 0.003380 0.223788
1 1 0.204352 0.516788 0.186089 0.000876 0.091895
4 1 0.249785 0.083176 0.052111 0.009257 0.605671
1 1 0.016362 0.446667 0.206360 0.000335 0.330276
1 1 0.089201 0.434537 0.137940 0.002874 0.335448
4 4 0.074434 0.269530 0.099527 0.008719 0.547789
4 4 0.055760 0.211848 0.129099 0.000388 0.602905
4 4 0.044574 0.044700 0.029806 0.000558 0.880363
2 4 0.006443 0.123705 0.472316 0.312635 0.084901
1 4 0.019936 0.418607 0.184617 0.001170 0.375671
4 4 0.063649 0.090373 0.131293 0.071657 0.643028
0 4 0.542389 0.058564 0.086809 0.011869 0.300369
1 4 0.234548 0.479082 0.157875 0.059394 0.069101
1 4 0.064429 0.420561 0.225278 0.026485 0.263246
3 4 0.019432 0.119931 0.295664 0.463497 0.101476
3 4 0.014126 0.038790 0.141625 0.735105 0.070354
2 2 0.000444 0.089566 0.898303 0.003414 0.008273
2 2 0.001523 0.066180 0.928651 0.002463 0.001182
2 2 0.000030 0.012501 0.987256 0.000015 0.000199
2 2 0.000019 0.012359 0.984973 0.001925 0.000724
2 2 0.002439 0.175480 0.798742 0.005485 0.017853
2 2 0.000887 0.193971 0.769106 0.000762 0.035274
2 2 0.000000 0.000539 0.999196 0.000263 0.000002
2 2 0.000001 0.001879 0.998035 0.000025 0.000060
2 2 0.000001 0.002612 0.996873 0.000443 0.000071
2 2 0.000089 0.033285 0.965173 0.000002 0.001451
2 2 0.000000 0.000496 0.999365 0.000138 0.000001
2 2 0.000001 0.001210 0.998320 0.000465 0.000004
2 2 0.000001 0.003043 0.996754 0.000142 0.000061
2 2 0.000001 0.001970 0.997919 0.000084 0.000026
2 2 0.000028 0.005531 0.916499 0.076314 0.001628
2 2 0.000009 0.003172 0.965174 0.031612 0.000033
2 2 0.000004 0.001687 0.837380 0.160899 0.000030
2 2 0.000008 0.003728 0.919106 0.077072 0.000087
2 2 0.000000 0.000103 0.998725 0.001170 0.000001
2 2 0.000002 0.001013 0.996929 0.002042 0.000014
2 2 0.000000 0.000567 0.722817 0.276564 0.000051
2 2 0.000030 0.005156 0.992592 0.002028 0.000194
2 2 0.000064 0.013913 0.706052 0.275387 0.004584
2 2 0.000006 0.004489 0.801724 0.192188 0.001593
2 2 0.000000 0.000576 0.890351 0.108972 0.000101
2 2 0.000001 0.000107 0.709840 0.290050 0.000002
3 2 0.000000 0.000094 0.184363 0.815511 0.000032
3 2 0.000001 0.000156 0.293671 0.706120 0.000053
3 2 0.000000 0.000060 0.084325 0.915605 0.000011
3 2 0.000000 0.000010 0.105270 0.894714 0.000006
2 2 0.000000 0.000293 0.636666 0.363030 0.000011
3 2 0.000013 0.000002 0.014979 0.985005 0.000002
3 3 0.000075 0.000272 0.013704 0.985007 0.000943
3 3 0.000013 0.000320 0.057778 0.941303 0.000586
3 3 0.000001 0.000053 0.024454 0.975399 0.000093
3 3 0.000000 0.000000 0.000630 0.999370 0.000000
3 3 0.000009 0.000101 0.017511 0.982061 0.000319
3 3 0.000054 0.000811 0.055624 0.943251 0.000258
3 3 0.000025 0.000168 0.012783 0.986621 0.000402
3 3 0.000092 0.000015 0.006315 0.993564 0.000013
3 3 0.000075 0.000253 0.020754 0.978280 0.000639
3 3 0.002364 0.000670 0.015066 0.979250 0.002650
3 3 0.000000 0.000000 0.000122 0.999878 0.000000
3 3 0.000000 0.000000 0.000067 0.999933 0.000000
3 3 0.000001 0.000002 0.000894 0.999075 0.000029
3 3 0.000000 0.000000 0.000869 0.999130 0.000000
3 3 0.000000 0.000000 0.000183 0.999817 0.000000
3 3 0.000000 0.000000 0.001617 0.998376 0.000007
3 3 0.000003 0.000003 0.001135 0.998809 0.000050
3 3 0.000007 0.000001 0.000549 0.999419 0.000024
3 3 0.000000 0.000000 0.000112 0.999885 0.000002
3 3 0.000000 0.000000 0.000026 0.999974 0.000001
3 3 0.000000 0.000000 0.000003 0.999997 0.000000
3 3 0.000000 0.000000 0.000916 0.999084 0.000000
3 3 0.000000 0.000000 0.001974 0.998022 0.000004
3 3 0.000000 0.000000 0.000373 0.999620 0.000007
3 3 0.000000 0.000000 0.000696 0.999302 0.000002
3 3 0.000000 0.000000 0.000167 0.999830 0.000002
3 3 0.000000 0.000000 0.000144 0.999855 0.000001
3 3 0.000001 0.000001 0.000734 0.999256 0.000008
3 3 0.000000 0.000000 0.000057 0.999941 0.000001
3 3 0.000002 0.000000 0.000865 0.999122 0.000011
3 3 0.000010 0.000001 0.000189 0.999712 0.000088
3 3 0.000000 0.000000 0.000119 0.999881 0.000001
3 3 0.000001 0.000001 0.000471 0.999507 0.000020
3 3 0.000002 0.000021 0.005668 0.994257 0.000052
3 3 0.000000 0.000003 0.004894 0.995093 0.000010
3 3 0.000003 0.000001 0.003872 0.996123 0.000001
3 3 0.000004 0.000011 0.003941 0.995891 0.000154
3 3 0.000017 0.000027 0.003362 0.996357 0.000238
3 3 0.000000 0.000000 0.000031 0.999969 0.000000
3 3 0.000000 0.000000 0.000007 0.999993 0.000000
3 3 0.000001 0.000003 0.001578 0.998386 0.000032
3 3 0.000000 0.000000 0.000086 0.999914 0.000001
3 3 0.000008 0.000002 0.000746 0.999086 0.000158
3 3 0.000000 0.000000 0.000375 0.999624 0.000001
3 3 0.000015 0.000001 0.000357 0.999603 0.000025
3 3 0.000139 0.000004 0.000938 0.998838 0.000081
0 0 0.361300 0.090753 0.063539 0.292904 0.191503
2 0 0.054544 0.219505 0.473341 0.241188 0.011422
3 1 0.000008 0.000693 0.073598 0.925418 0.000283
2 1 0.005692 0.181117 0.562307 0.161837 0.089047
3 1 0.003658 0.045039 0.280655 0.649024 0.021624
2 1 0.000849 0.095399 0.754995 0.130009 0.018748
0 1 0.974483 0.006246 0.003573 0.010360 0.005338
1 1 0.335119 0.457337 0.131927 0.029130 0.046487
2 1 0.023099 0.223725 0.367432 0.279923 0.105822
4 1 0.199149 0.206933 0.224634 0.017875 0.351409
4 1 0.038981 0.217478 0.271434 0.078372 0.393735
3 1 0.012658 0.144605 0.365017 0.370630 0.107089
3 1 0.001292 0.049996 0.331453 0.601803 0.015456
3 1 0.000766 0.020170 0.173016 0.798888 0.007160
1 1 0.026552 0.359600 0.349048 0.143928 0.120873
2 1 0.012710 0.272397 0.448696 0.086495 0.179702
2 1 0.001873 0.123797 0.702206 0.050226 0.121898
2 1 0.013337 0.314391 0.456508 0.067075 0.148689
2 1 0.000536 0.068209 0.801247 0.093060 0.036948
2 1 0.001577 0.129903 0.663519 0.015535 0.189466
2 1 0.001171 0.094212 0.715612 0.009194 0.179811
4 1 0.003789 0.216810 0.355424 0.001275 0.422703
2 1 0.000692 0.089134 0.800122 0.083602 0.026450
4 1 0.015659 0.308439 0.223676 0.003765 0.448460
2 1 0.003332 0.111240 0.452031 0.398841 0.034556
2 1 0.000391 0.069780 0.852435 0.037000 0.040393
2 1 0.007139 0.173284 0.463725 0.277405 0.078447
2 1 0.018294 0.303325 0.395580 0.107137 0.175664
2 1 0.000106 0.033705 0.897264 0.053249 0.015677
2 1 0.001014 0.097304 0.722407 0.007538 0.171737
4 1 0.005428 0.344155 0.167780 0.000034 0.482603
2 1 0.006037 0.369190 0.391710 0.001192 0.231871
1 1 0.011807 0.363629 0.362120 0.006696 0.255748
4 1 0.011583 0.261738 0.132520 0.000220 0.593938
4 4 0.043754 0.013003 0.008152 0.000435 0.934656
4 4 0.059080 0.003927 0.003129 0.000699 0.933165
4 4 0.055103 0.068282 0.028178 0.001143 0.847294
4 4 0.047466 0.076478 0.047413 0.002753 0.825890
4 4 0.048827 0.053889 0.055850 0.008141 0.833292
4 4 0.051145 0.051852 0.046017 0.005685 0.845300
1 4 0.139975 0.448319 0.117852 0.003204 0.290649
4 4 0.047939 0.291301 0.126459 0.004150 0.530151
2 4 0.001712 0.106847 0.642308 0.215400 0.033734
2 4 0.001524 0.119612 0.733855 0.087997 0.057012
2 4 0.011290 0.113884 0.834991 0.004063 0.035772
1 4 0.011855 0.431761 0.304177 0.001793 0.250415
4 4 0.014549 0.240874 0.137761 0.000882 0.605934
4 4 0.023830 0.363710 0.179098 0.001496 0.431865
