2 0 0.000000 0.004095 0.995863 0.000000 0.000042
1 0 0.011699 0.955243 0.033059 0.000000 0.000000
0 0 0.999731 0.000001 0.000000 0.000000 0.000268
0 0 0.939959 0.014703 0.003109 0.000004 0.042225
4 1 0.001990 0.232580 0.209121 0.000007 0.556302
1 1 0.073664 0.595066 0.193581 0.000001 0.137689
0 1 0.753225 0.184625 0.056370 0.000000 0.005780
0 0 0.991742 0.004030 0.003773 0.000001 0.000455
0 0 0.998468 0.000113 0.000060 0.000000 0.001358
0 0 0.984522 0.006454 0.006492 0.000002 0.002530
0 0 0.868778 0.000167 0.000044 0.000000 0.131012
0 0 0.697270 0.005266 0.001503 0.000000 0.295961
1 0 0.406213 0.417768 0.068449 0.000001 0.107570
1 0 0.379275 0.493483 0.077279 0.000000 0.049964
0 0 0.380423 0.324961 0.054615 0.000006 0.239993
1 1 0.253505 0.417384 0.078297 0.000002 0.250812
4 1 0.039223 0.350871 0.131231 0.000014 0.478661
1 1 0.196035 0.567023 0.126706 0.000000 0.110235
1 1 0.047310 0.575198 0.223609 0.000001 0.153882
1 1 0.100145 0.524004 0.147019 0.000001 0.228830
4 1 0.008037 0.209213 0.093935 0.000000 0.688815
1 1 0.125574 0.528241 0.145191 0.000003 0.200991
4 1 0.108340 0.364225 0.072719 0.000000 0.454715
1 1 0.099891 0.424184 0.120917 0.000010 0.354998
1 1 0.174471 0.443274 0.105790 0.000009 0.276457
1 1 0.228702 0.463504 0.101367 0.000006 0.206421
4 4 0.199370 0.218199 0.052520 0.000003 0.529908
4 4 0.031979 0.234460 0.115779 0.000005 0.617777
1 4 0.055824 0.406667 0.161197 0.000135 0.376177
1 4 0.337843 0.444365 0.080878 0.000002 0.136912
4 4 0.163112 0.233670 0.073076 0.000066 0.530076
0 4 0.366490 0.281626 0.096698 0.000082 0.255104
4 4 0.341499 0.158518 0.053438 0.003421 0.443125
4 4 0.075241 0.087832 0.124362 0.000808 0.711757
2 4 0.000948 0.065301 0.903332 0.002879 0.027540
2 4 0.006015 0.135469 0.777451 0.001075 0.079991
2 4 0.012277 0.204785 0.713639 0.001897 0.067402
2 4 0.034280 0.311407 0.552342 0.002298 0.099674
2 2 0.003862 0.018941 0.915815 0.019341 0.042041
2 2 0.004525 0.027004 0.935210 0.022768 0.010493
1 2 0.181615 0.491262 0.268378 0.000539 0.058206
0 2 0.370849 0.357225 0.128030 0.000101 0.143796
0 2 0.676082 0.016879 0.010324 0.000218 0.296497
0 4 0.838069 0.029999 0.013762 0.003229 0.114941
2 4 0.032282 0.218373 0.724724 0.009593 0.015029
2 4 0.000868 0.030886 0.952760 0.015010 0.000477
2 2 0.043335 0.143929 0.727893 0.012516 0.072328
2 2 0.022330 0.031996 0.676731 0.259252 0.009691
0 2 0.466223 0.096703 0.181762 0.008988 0.246323
2 2 0.342157 0.195319 0.346921 0.044776 0.070827
2 2 0.001694 0.021155 0.671111 0.301891 0.004148
2 2 0.007004 0.019489 0.856851 0.115338 0.001318
2 2 0.000285 0.012299 0.853509 0.122697 0.011210
2 2 0.000376 0.012511 0.730733 0.254016 0.002363
2 2 0.000257 0.010811 0.953944 0.034825 0.000163
2 2 0.000089 0.002349 0.813524 0.183985 0.000053
3 2 0.000142 0.000941 0.088173 0.910546 0.000198
3 2 0.000057 0.001255 0.323724 0.674805 0.000158
2 2 0.000065 0.002944 0.627402 0.369307 0.000282
2 2 0.001770 0.015980 0.857942 0.123624 0.000684
2 2 0.000761 0.006964 0.589694 0.402109 0.000470
2 2 0.012840 0.069133 0.824335 0.089134 0.004558
2 2 0.000083 0.004289 0.890295 0.105257 0.000076
2 2 0.003717 0.012328 0.502799 0.479690 0.001466
2 2 0.003500 0.019701 0.946636 0.029661 0.000502
3 2 0.000051 0.001143 0.414225 0.584515 0.000065
2 2 0.000173 0.002752 0.767558 0.229435 0.000082
2 2 0.001278 0.007619 0.883865 0.106987 0.000251
2 2 0.000426 0.005664 0.904239 0.089538 0.000133
2 2 0.003549 0.009017 0.964674 0.022575 0.000185
3 2 0.000003 0.000214 0.213749 0.786024 0.000009
2 2 0.000082 0.003149 0.831422 0.165279 0.000068
3 2 0.000091 0.000309 0.090511 0.909038 0.000051
3 2 0.000020 0.000041 0.012456 0.987466 0.000017
3 2 0.002858 0.001203 0.054650 0.940619 0.000670
3 2 0.010051 0.020202 0.246874 0.713877 0.008996
3 2 0.000013 0.000503 0.456712 0.542757 0.000015
2 2 0.001047 0.001720 0.680770 0.316377 0.000086
3 2 0.000368 0.003289 0.176189 0.819592 0.000562
3 2 0.007877 0.004762 0.336383 0.650094 0.000885
2 2 0.000018 0.000544 0.856144 0.143288 0.000007
3 2 0.000004 0.000073 0.203619 0.796302 0.000003
3 2 0.000102 0.000130 0.075056 0.924690 0.000023
3 2 0.018789 0.010866 0.202080 0.764188 0.004077
2 2 0.112625 0.114490 0.706552 0.054693 0.011639
3 2 0.011933 0.011964 0.314722 0.658541 0.002841
3 2 0.000757 0.006157 0.456404 0.536129 0.000553
3 2 0.002198 0.006547 0.487848 0.502728 0.000678
2 2 0.008760 0.056948 0.771610 0.158178 0.004505
2 2 0.014426 0.054617 0.778526 0.147596 0.004834
2 2 0.003466 0.019096 0.861412 0.115128 0.000897
2 2 0.000012 0.000651 0.521682 0.477637 0.000017
3 2 0.000055 0.001277 0.394217 0.604385 0.000066
3 2 0.000011 0.000518 0.388036 0.611418 0.000018
2 2 0.000304 0.005723 0.617543 0.376133 0.000297
2 2 0.010957 0.027422 0.822633 0.137118 0.001871
2 2 0.012941 0.020182 0.603798 0.360541 0.002537
3 2 0.000467 0.002350 0.139099 0.857595 0.000488
2 2 0.005053 0.056528 0.910171 0.026435 0.001812
3 2 0.002744 0.010517 0.283588 0.701111 0.002039
3 2 0.000227 0.005888 0.361751 0.631608 0.000525
2 2 0.002544 0.032427 0.874103 0.089340 0.001586
3 2 0.000184 0.002778 0.420163 0.576688 0.000188
3 2 0.014745 0.010822 0.121597 0.841446 0.011390
2 2 0.003599 0.022907 0.634636 0.335576 0.003282
2 2 0.010547 0.036016 0.880957 0.070034 0.002445
2 2 0.004712 0.019945 0.555472 0.417555 0.002315
2 2 0.043887 0.158514 0.673971 0.094769 0.028859
2 2 0.002659 0.005631 0.621156 0.370112 0.000441
2 2 0.000788 0.005822 0.498739 0.493976 0.000676
2 2 0.017350 0.020663 0.724284 0.232300 0.005403
2 2 0.036481 0.086574 0.852319 0.020532 0.004094
2 2 0.004776 0.028498 0.549029 0.414217 0.003480
2 2 0.002018 0.029627 0.894290 0.072997 0.001068
2 2 0.005784 0.038671 0.686026 0.265837 0.003683
2 2 0.003050 0.054193 0.936139 0.005444 0.001174
2 2 0.001257 0.011101 0.742876 0.244162 0.000605
2 2 0.003048 0.021303 0.726914 0.247212 0.001524
3 2 0.005742 0.010685 0.239460 0.741247 0.002866
3 2 0.005867 0.004599 0.083968 0.903069 0.002498
2 2 0.007565 0.075716 0.794720 0.116787 0.005212
2 2 0.000638 0.007891 0.654696 0.336325 0.000451
3 2 0.004265 0.009287 0.284895 0.699627 0.001926
3 2 0.006829 0.015432 0.224279 0.748904 0.004556
2 2 0.031651 0.308557 0.652018 0.000933 0.006841
2 2 0.012223 0.085411 0.883401 0.014403 0.004561
2 2 0.000507 0.005521 0.593450 0.400189 0.000333
2 2 0.049720 0.150945 0.788440 0.003301 0.007594
2 2 0.010694 0.069798 0.691395 0.218654 0.009458
2 2 0.007068 0.037642 0.699092 0.251388 0.004811
0 2 0.444539 0.336940 0.205819 0.000207 0.012495
0 2 0.913399 0.003333 0.000785 0.000037 0.082445
0 0 0.986026 0.004597 0.001219 0.000000 0.008158
0 0 0.999961 0.000029 0.000005 0.000000 0.000005
0 0 0.868732 0.072015 0.033440 0.000109 0.025704
0 0 0.928383 0.043820 0.012947 0.000002 0.014848
0 0 0.748124 0.042360 0.178404 0.001958 0.029155
2 0 0.130638 0.336231 0.512847 0.000433 0.019850
0 0 0.946564 0.012937 0.003419 0.000010 0.037070
1 0 0.319303 0.493222 0.130370 0.000083 0.057022
0 0 0.379210 0.319997 0.273630 0.000126 0.027038
0 0 0.392747 0.367017 0.221854 0.000034 0.018347
0 0 0.978740 0.010438 0.004452 0.000003 0.006368
0 0 0.785715 0.114424 0.028940 0.000039 0.070882
0 0 0.472191 0.383428 0.060681 0.000003 0.083697
0 0 0.804130 0.130552 0.022227 0.000001 0.043090
0 0 0.835318 0.123105 0.031226 0.000000 0.010350
0 0 0.764535 0.095203 0.091491 0.014326 0.034445
0 0 0.886043 0.008135 0.002180 0.000000 0.103642
0 0 0.992359 0.000921 0.000291 0.000001 0.006428
0 0 0.978000 0.010268 0.004546 0.000005 0.007182
0 0 0.926949 0.023336 0.013909 0.000157 0.035650
0 0 0.903683 0.037356 0.032825 0.000141 0.025996
0 0 0.975828 0.011396 0.003631 0.000001 0.009144
0 0 0.779999 0.058118 0.073911 0.010535 0.077436
0 0 0.906874 0.059024 0.018167 0.000004 0.015932
0 0 0.984610 0.002005 0.000630 0.000003 0.012752
0 0 0.949710 0.012902 0.003339 0.000008 0.034042
0 0 0.896301 0.050578 0.017045 0.000038 0.036039
0 0 0.967578 0.011865 0.002150 0.000000 0.018407
0 0 0.880828 0.040229 0.025549 0.000008 0.053385
0 1 0.746286 0.163274 0.028780 0.000000 0.061660
0 0 0.944943 0.024191 0.005552 0.000002 0.025312
2 0 0.287767 0.191029 0.467503 0.011382 0.042319
2 0 0.070554 0.077778 0.798313 0.041869 0.011486
1 0 0.232773 0.368246 0.364914 0.000945 0.033122
0 0 0.592026 0.307831 0.064149 0.000004 0.035990
0 0 0.848356 0.101234 0.036826 0.000007 0.013577
0 0 0.951606 0.008667 0.003589 0.000123 0.036016
4 0 0.380267 0.011830 0.005295 0.000001 0.602607
0 0 0.962556 0.003058 0.000950 0.000002 0.033435
0 0 0.984232 0.002764 0.000918 0.000003 0.012084
0 1 0.660902 0.014543 0.006328 0.000005 0.318222
0 1 0.994856 0.001782 0.000744 0.000000 0.002618
0 0 0.992343 0.004700 0.002354 0.000000 0.000603
0 0 0.997243 0.000394 0.000112 0.000000 0.002251
0 0 0.887034 0.013477 0.003166 0.000049 0.096273
0 0 0.427148 0.335494 0.211656 0.001181 0.024521
0 0 0.976821 0.013178 0.006526 0.000002 0.003473
0 0 0.869861 0.053608 0.016837 0.000082 0.059612
1 0 0.318104 0.357746 0.059712 0.000002 0.264436
1 0 0.272501 0.544463 0.132566 0.000014 0.050456
1 4 0.066136 0.430373 0.130330 0.000002 0.373160
1 4 0.075661 0.504744 0.162738 0.000004 0.256853
4 4 0.105349 0.378756 0.095338 0.000003 0.420554
1 4 0.085930 0.588860 0.214374 0.000014 0.110822
4 4 0.010795 0.138932 0.044604 0.000000 0.805668
4 4 0.020453 0.348018 0.129972 0.000000 0.501557
4 4 0.010835 0.291463 0.163559 0.000019 0.534123
4 4 0.015653 0.331751 0.168166 0.000013 0.484417
4 4 0.045849 0.196889 0.048367 0.000001 0.708894
1 4 0.027607 0.412398 0.207653 0.000091 0.352250
4 4 0.008665 0.229092 0.171262 0.000028 0.590953
4 4 0.021761 0.097985 0.046909 0.000000 0.833345
4 4 0.132011 0.078636 0.018932 0.000030 0.770392
4 4 0.008681 0.003545 0.001436 0.000000 0.986337
0 4 0.633684 0.024262 0.006018 0.000005 0.336030
4 4 0.004029 0.019896 0.017334 0.000000 0.958741
0 4 0.761971 0.004608 0.002487 0.000001 0.230933
0 4 0.739239 0.111457 0.035020 0.000000 0.114284
4 4 0.078966 0.008455 0.007352 0.000020 0.905207
4 4 0.469982 0.008722 0.007230 0.002118 0.511948
0 4 0.504801 0.067562 0.014793 0.000001 0.412842
4 4 0.199635 0.101889 0.026668 0.000008 0.671800
0 4 0.932044 0.005016 0.000728 0.000001 0.062212
0 4 0.764343 0.004286 0.000550 0.000000 0.230820
4 4 0.225640 0.002486 0.001908 0.000042 0.769925
0 4 0.583980 0.002068 0.001292 0.000082 0.412578
4 4 0.148439 0.216926 0.062770 0.000000 0.571864
4 4 0.264652 0.272365 0.056643 0.000001 0.406339
1 4 0.102967 0.603162 0.144729 0.000000 0.149143
1 4 0.118801 0.495267 0.113980 0.000000 0.271952
0 4 0.836774 0.049817 0.010930 0.000000 0.102478
0 4 0.877129 0.058380 0.018286 0.000007 0.046198
1 4 0.106754 0.541342 0.202849 0.000231 0.148824
1 4 0.135533 0.541821 0.170565 0.000008 0.152073
1 4 0.363671 0.399121 0.084907 0.000000 0.152302
0 0 0.993669 0.001055 0.000199 0.000000 0.005077
0 0 0.836743 0.106068 0.026140 0.000005 0.031044
0 0 0.985052 0.002995 0.000705 0.000000 0.011248
0 0 0.645211 0.251397 0.055318 0.000009 0.048065
0 0 0.952592 0.027165 0.008823 0.000002 0.011417
0 0 0.995329 0.000737 0.000363 0.000002 0.003569
0 0 0.994875 0.000770 0.000460 0.000007 0.003888
0 0 0.983353 0.006322 0.001519 0.000000 0.008806
0 0 0.697756 0.095581 0.022054 0.000002 0.184607
0 0 0.970109 0.009291 0.001259 0.000000 0.019340
0 0 0.887524 0.072206 0.017999 0.000002 0.022269
0 0 0.947477 0.009759 0.002765 0.000012 0.039987
0 0 0.718685 0.128257 0.038419 0.000239 0.114401
0 0 0.777185 0.085592 0.021319 0.000002 0.115902
0 0 0.820355 0.073404 0.018561 0.000010 0.087669
0 0 0.908317 0.046039 0.007262 0.000000 0.038382
1 0 0.320546 0.341501 0.217964 0.000049 0.119940
0 0 0.978077 0.012482 0.003595 0.000000 0.005846
0 0 0.995708 0.001251 0.000448 0.000000 0.002592
0 0 0.970687 0.011024 0.009584 0.000115 0.008590
0 0 0.995553 0.001300 0.000718 0.000002 0.002428
0 0 0.912784 0.043454 0.017705 0.000032 0.026025
0 0 0.893370 0.050219 0.013131 0.000014 0.043267
0 0 0.680669 0.198740 0.050246 0.000044 0.070301
1 0 0.051496 0.606102 0.287780 0.000028 0.054594
1 0 0.078744 0.375681 0.367059 0.083532 0.094983
1 1 0.037179 0.563211 0.368477 0.000167 0.030966
1 4 0.232143 0.528714 0.160646 0.000532 0.077965
1 4 0.232689 0.478649 0.178682 0.000989 0.108991
1 4 0.040508 0.493200 0.330056 0.000783 0.135453
2 4 0.005450 0.102041 0.789492 0.096664 0.006353
2 4 0.019429 0.178665 0.686705 0.098216 0.016986
2 2 0.002927 0.066483 0.887793 0.040548 0.002248
2 2 0.077168 0.223533 0.681087 0.002084 0.016127
0 2 0.477772 0.365119 0.155667 0.000000 0.001442
0 2 0.717387 0.153740 0.063341 0.000542 0.064990
1 2 0.242343 0.548957 0.158419 0.000140 0.050140
1 2 0.174450 0.464020 0.142532 0.000591 0.218407
4 2 0.047367 0.364230 0.129999 0.000016 0.458388
4 2 0.127974 0.287065 0.230227 0.006464 0.348271
1 2 0.270517 0.513662 0.139902 0.000225 0.075694
0 2 0.900411 0.038302 0.009090 0.000001 0.052197
0 2 0.907910 0.066966 0.014710 0.000000 0.010414
0 2 0.905033 0.064160 0.019123 0.000001 0.011683
0 2 0.869844 0.075871 0.036806 0.000058 0.017422
0 2 0.914326 0.060772 0.016896 0.000000 0.008006
0 2 0.981662 0.010418 0.001817 0.000000 0.006104
0 2 0.793949 0.140043 0.036928 0.000000 0.029080
0 0 0.991888 0.002691 0.000607 0.000000 0.004814
0 0 0.683112 0.185508 0.042843 0.000005 0.088532
4 0 0.118632 0.362268 0.098465 0.000043 0.420593
2 1 0.006790 0.171453 0.790995 0.010843 0.019919
2 1 0.268452 0.267944 0.335453 0.000809 0.127343
1 2 0.091601 0.556089 0.229008 0.000125 0.123177
3 2 0.000911 0.009088 0.346577 0.640820 0.002604
0 2 0.964372 0.020226 0.004150 0.000000 0.011252
0 2 0.919367 0.053102 0.019919 0.000002 0.007610
1 2 0.119336 0.510896 0.318555 0.002305 0.048908
1 2 0.079195 0.484226 0.380743 0.002785 0.053051
0 2 0.570694 0.088666 0.221034 0.024213 0.095393
0 2 0.454288 0.382889 0.088590 0.000047 0.074186
2 2 0.027340 0.140570 0.775690 0.026351 0.030049
2 2 0.000251 0.017104 0.909291 0.072757 0.000597
2 2 0.030396 0.146951 0.810102 0.006505 0.006046
0 2 0.392856 0.311401 0.267500 0.000496 0.027747
2 2 0.001339 0.043222 0.916650 0.037659 0.001129
2 2 0.002601 0.023024 0.603242 0.368964 0.002169
2 2 0.000010 0.001906 0.753505 0.244389 0.000191
2 2 0.002443 0.008673 0.977765 0.010997 0.000122
2 2 0.000451 0.039392 0.853005 0.101342 0.005810
2 2 0.001428 0.056590 0.917747 0.022236 0.001999
2 2 0.000008 0.000971 0.971138 0.027878 0.000005
2 2 0.000130 0.006393 0.968921 0.024488 0.000068
2 2 0.000717 0.020377 0.915249 0.063125 0.000532
2 2 0.000312 0.017222 0.971192 0.011096 0.000177
2 2 0.029386 0.239210 0.702022 0.007160 0.022221
2 2 0.001357 0.037282 0.952348 0.008502 0.000510
2 2 0.000305 0.029424 0.964485 0.005026 0.000761
2 2 0.000120 0.010304 0.980759 0.008613 0.000204
2 2 0.010896 0.137678 0.836946 0.006009 0.008471
2 2 0.002332 0.062393 0.901308 0.032164 0.001803
2 2 0.182212 0.163450 0.626600 0.002971 0.024768
2 2 0.027216 0.080441 0.858533 0.028069 0.005742
2 2 0.047526 0.130253 0.815863 0.000813 0.005545
2 2 0.002632 0.094333 0.897880 0.001681 0.003474
2 2 0.017160 0.059751 0.503285 0.405988 0.013816
2 2 0.007542 0.048456 0.939608 0.002026 0.002367
2 2 0.000548 0.026238 0.926441 0.046049 0.000723
2 2 0.000016 0.001473 0.949422 0.049077 0.000012
2 2 0.000641 0.017007 0.945878 0.036144 0.000331
2 2 0.000298 0.005611 0.783426 0.210339 0.000326
2 2 0.001873 0.008083 0.742484 0.244393 0.003167
2 2 0.000538 0.009548 0.771213 0.218194 0.000508
2 2 0.000130 0.004653 0.617502 0.377361 0.000354
3 2 0.000096 0.001273 0.112319 0.885984 0.000327
2 2 0.001757 0.011528 0.926707 0.059683 0.000324
1 2 0.207387 0.480625 0.295553 0.000395 0.016040
2 2 0.000129 0.007453 0.750848 0.241325 0.000245
2 2 0.000031 0.002326 0.911444 0.086171 0.000029
2 2 0.111315 0.130388 0.707619 0.037568 0.013110
2 4 0.085420 0.385832 0.514039 0.001349 0.013361
2 4 0.003433 0.024202 0.563307 0.406413 0.002646
2 4 0.004206 0.023394 0.891944 0.079475 0.000981
2 4 0.000037 0.002434 0.965622 0.031887 0.000020
2 4 0.000152 0.001607 0.722822 0.275369 0.000049
2 4 0.001356 0.027315 0.947110 0.023671 0.000548
2 2 0.004097 0.012181 0.939000 0.044364 0.000358
2 2 0.023945 0.129344 0.835472 0.007475 0.003764
2 2 0.000803 0.013728 0.901143 0.083929 0.000396
2 2 0.000094 0.002439 0.831337 0.166059 0.000072
2 2 0.000022 0.000874 0.788646 0.210442 0.000017
2 2 0.002084 0.051548 0.860777 0.083423 0.002168
2 2 0.024630 0.088159 0.846032 0.036522 0.004656
0 2 0.642260 0.283253 0.068038 0.000000 0.006448
1 2 0.226201 0.401991 0.338373 0.003631 0.029803
2 2 0.143581 0.220159 0.477665 0.083616 0.074980
2 2 0.031887 0.370665 0.537026 0.018964 0.041458
2 2 0.096505 0.152444 0.642940 0.080205 0.027906
2 0 0.301205 0.269282 0.419437 0.000686 0.009390
0 0 0.866204 0.104410 0.016520 0.000000 0.012867
0 0 0.783237 0.128330 0.035690 0.000034 0.052709
2 1 0.012987 0.238474 0.733829 0.001788 0.012922
2 1 0.004233 0.107235 0.881115 0.005135 0.002281
2 2 0.000022 0.007112 0.956676 0.035702 0.000488
2 2 0.000217 0.006626 0.983281 0.009824 0.000053
2 2 0.000127 0.009336 0.972391 0.018055 0.000091
2 2 0.000064 0.021948 0.970180 0.005624 0.002185
2 2 0.000792 0.037529 0.957932 0.003312 0.000435
2 2 0.000349 0.020135 0.976063 0.003306 0.000147
2 2 0.003689 0.027969 0.764659 0.201778 0.001905
3 2 0.005517 0.015434 0.212453 0.762020 0.004576
2 2 0.042661 0.090475 0.858794 0.000263 0.007808
0 2 0.902995 0.040447 0.041458 0.000021 0.015079
2 2 0.023617 0.295193 0.678049 0.000272 0.002869
2 2 0.000187 0.008264 0.835775 0.155545 0.000229
2 2 0.001672 0.029932 0.951682 0.016175 0.000540
2 2 0.009257 0.067388 0.793698 0.124764 0.004893
2 2 0.000253 0.007323 0.885761 0.106489 0.000174
2 2 0.000001 0.000290 0.972995 0.026714 0.000001
2 2 0.000181 0.001606 0.550732 0.447406 0.000075
2 2 0.006142 0.010313 0.763721 0.219111 0.000713
0 2 0.609755 0.263409 0.098487 0.000057 0.028291
1 2 0.091962 0.545791 0.349154 0.000236 0.012857
2 2 0.009982 0.035196 0.881012 0.070353 0.003457
2 2 0.000685 0.007814 0.805374 0.185821 0.000306
2 2 0.001370 0.013651 0.788824 0.195476 0.000678
0 2 0.535026 0.145491 0.290839 0.003324 0.025319
2 2 0.012063 0.107984 0.875598 0.002477 0.001878
2 2 0.008432 0.101612 0.886080 0.002450 0.001427
2 2 0.002266 0.029540 0.932064 0.035343 0.000787
2 2 0.001144 0.020581 0.958575 0.019347 0.000353
2 2 0.004415 0.032133 0.826268 0.135331 0.001854
2 2 0.016954 0.232808 0.712197 0.023753 0.014287
2 2 0.000434 0.032362 0.935868 0.029760 0.001576
2 2 0.001456 0.022881 0.921937 0.053082 0.000645
2 2 0.000174 0.011420 0.964128 0.024141 0.000137
2 2 0.005685 0.088945 0.862843 0.038458 0.004069
2 2 0.000226 0.005934 0.895794 0.097916 0.000129
3 2 0.001171 0.001221 0.159609 0.837708 0.000291
3 2 0.008404 0.025963 0.426315 0.534655 0.004662
2 2 0.018965 0.075612 0.656120 0.235373 0.013929
2 2 0.035889 0.043891 0.682343 0.220804 0.017073
3 2 0.002608 0.016929 0.287454 0.688697 0.004312
3 2 0.001422 0.010064 0.320562 0.655252 0.012700
2 2 0.005780 0.019795 0.801695 0.146630 0.026100
2 2 0.000274 0.004608 0.714927 0.279911 0.000280
2 2 0.000006 0.000686 0.777565 0.221709 0.000034
2 2 0.007281 0.069783 0.882616 0.037557 0.002763
2 2 0.001525 0.038375 0.950195 0.009344 0.000561
2 2 0.005057 0.045572 0.948609 0.000499 0.000263
2 2 0.398612 0.078829 0.519061 0.001082 0.002415
2 2 0.022819 0.274280 0.650627 0.030555 0.021719
2 2 0.052218 0.301102 0.606513 0.019270 0.020897
2 2 0.000043 0.004141 0.849258 0.146481 0.000076
2 2 0.003045 0.064458 0.886704 0.043538 0.002255
3 2 0.000142 0.001031 0.214036 0.784683 0.000109
3 2 0.000128 0.000908 0.250500 0.748383 0.000081
2 2 0.000084 0.014850 0.935151 0.048718 0.001197
3 2 0.003789 0.009637 0.491262 0.494097 0.001214
2 2 0.000086 0.018438 0.965614 0.014562 0.001300
2 2 0.000099 0.012836 0.905024 0.081240 0.000801
2 2 0.000079 0.001506 0.965520 0.032881 0.000014
3 2 0.000028 0.000516 0.375962 0.623472 0.000022
3 2 0.002547 0.016452 0.353502 0.624799 0.002699
3 2 0.000139 0.001319 0.162958 0.835406 0.000178
2 2 0.006301 0.024883 0.722540 0.244187 0.002090
3 2 0.016362 0.007738 0.181491 0.791435 0.002974
2 2 0.000036 0.000330 0.893206 0.106424 0.000004
2 2 0.001642 0.008062 0.763747 0.226126 0.000423
3 2 0.000455 0.004817 0.460589 0.533762 0.000377
2 2 0.001789 0.040253 0.954339 0.003223 0.000396
0 2 0.886142 0.042606 0.063242 0.000014 0.007995
0 2 0.990714 0.002349 0.000873 0.000001 0.006063
2 2 0.127664 0.309224 0.516328 0.003258 0.043527
2 2 0.002984 0.017705 0.745926 0.232205 0.001180
2 2 0.001140 0.040446 0.946713 0.011096 0.000605
2 2 0.000938 0.024109 0.913068 0.061216 0.000669
2 2 0.000371 0.014211 0.900724 0.083388 0.001306
2 2 0.001673 0.030324 0.940312 0.024142 0.003549
2 2 0.001249 0.028225 0.725852 0.242931 0.001743
2 2 0.031580 0.064321 0.887629 0.012469 0.004000
2 2 0.012638 0.096550 0.848201 0.034778 0.007834
2 2 0.000321 0.030759 0.966425 0.001959 0.000535
2 2 0.000000 0.000202 0.783056 0.216734 0.000007
2 2 0.000020 0.001350 0.895619 0.102948 0.000062
2 2 0.000307 0.004668 0.878286 0.116624 0.000114
2 2 0.000143 0.009778 0.869599 0.119765 0.000715
3 2 0.000001 0.000293 0.410828 0.588818 0.000059
2 2 0.000003 0.001889 0.980441 0.017453 0.000214
2 2 0.000179 0.006876 0.903934 0.088417 0.000594
2 2 0.000280 0.015795 0.966082 0.017653 0.000191
2 2 0.000000 0.000055 0.887274 0.112670 0.000001
3 2 0.000005 0.000135 0.163879 0.835974 0.000007
2 2 0.000134 0.008164 0.912765 0.078787 0.000151
2 2 0.000814 0.004851 0.553342 0.440647 0.000345
3 2 0.000064 0.000342 0.109840 0.889708 0.000046
3 2 0.000000 0.000010 0.120051 0.879937 0.000001
3 2 0.000005 0.000483 0.452724 0.546763 0.000025
3 2 0.000004 0.000207 0.258200 0.741581 0.000008
3 2 0.000001 0.000006 0.007802 0.992189 0.000002
3 2 0.000594 0.000850 0.030460 0.967425 0.000670
3 2 0.000000 0.000015 0.306474 0.693510 0.000000
3 2 0.000000 0.000005 0.133950 0.866045 0.000000
3 2 0.000139 0.000429 0.103145 0.896216 0.000072
3 3 0.000000 0.000006 0.159445 0.840548 0.000000
3 3 0.000287 0.002906 0.449553 0.547053 0.000201
3 3 0.003202 0.010219 0.241362 0.742877 0.002340
3 3 0.000000 0.000000 0.037545 0.962455 0.000000
3 3 0.000009 0.000161 0.061057 0.938753 0.000021
3 3 0.000001 0.000008 0.016462 0.983528 0.000001
3 3 0.000563 0.001035 0.103607 0.894542 0.000254
2 3 0.041352 0.040001 0.478433 0.431494 0.008721
3 3 0.000447 0.000731 0.194201 0.804520 0.000100
3 3 0.000001 0.000046 0.212207 0.787745 0.000001
3 3 0.000003 0.000196 0.167958 0.831833 0.000010
3 3 0.000003 0.000030 0.027959 0.972003 0.000005
3 3 0.000141 0.000487 0.073841 0.925423 0.000108
3 3 0.000026 0.000906 0.174393 0.824596 0.000079
3 3 0.000271 0.001672 0.112976 0.884728 0.000353
3 3 0.002117 0.003642 0.220337 0.773167 0.000738
2 3 0.003873 0.029633 0.637543 0.326108 0.002843
2 3 0.000167 0.003475 0.519545 0.476624 0.000188
3 3 0.000494 0.001942 0.152140 0.845051 0.000371
3 3 0.001188 0.000474 0.044048 0.953925 0.000365
3 3 0.000723 0.000849 0.031975 0.965826 0.000627
3 3 0.000272 0.003074 0.480152 0.516304 0.000197
3 3 0.003034 0.007444 0.333868 0.654271 0.001382
3 3 0.003234 0.007254 0.175995 0.810790 0.002727
3 3 0.000561 0.000697 0.032148 0.966095 0.000498
3 3 0.000482 0.001253 0.109357 0.888616 0.000293
3 3 0.000916 0.001004 0.038587 0.958926 0.000567
2 3 0.001510 0.009331 0.577941 0.408708 0.002510
2 3 0.015638 0.036671 0.607432 0.329040 0.011219
2 3 0.001412 0.010476 0.581059 0.406202 0.000851
3 3 0.000580 0.000857 0.027653 0.970354 0.000555
2 3 0.100342 0.117559 0.701150 0.061425 0.019525
0 3 0.930561 0.033356 0.020704 0.000126 0.015254
2 0 0.241136 0.273242 0.442924 0.007123 0.035575
1 2 0.253841 0.357486 0.327674 0.005358 0.055641
2 2 0.005206 0.036714 0.814983 0.140816 0.002282
2 2 0.010550 0.028152 0.717942 0.240705 0.002651
2 2 0.000504 0.023241 0.955800 0.020104 0.000350
2 2 0.017170 0.053114 0.901085 0.026569 0.002062
2 2 0.023131 0.170964 0.788961 0.010769 0.006175
2 2 0.301729 0.248769 0.434754 0.000262 0.014486
2 2 0.001350 0.021073 0.511446 0.462733 0.003399
2 2 0.000625 0.043456 0.911300 0.033266 0.011353
2 1 0.001059 0.047627 0.949702 0.001201 0.000411
2 4 0.005603 0.123746 0.869691 0.000274 0.000685
2 4 0.006503 0.152145 0.809296 0.019571 0.012486
2 4 0.011997 0.141845 0.780437 0.007087 0.058634
4 4 0.115045 0.330757 0.103340 0.000916 0.449941
0 4 0.602892 0.155874 0.035267 0.000307 0.205660
4 4 0.017569 0.052667 0.018731 0.000003 0.911029
0 4 0.901801 0.006317 0.001654 0.000003 0.090225
4 4 0.173008 0.342736 0.081976 0.000067 0.402213
0 4 0.493180 0.018536 0.004731 0.000027 0.483526
4 4 0.186566 0.027416 0.015748 0.000503 0.769766
0 4 0.587474 0.004461 0.001847 0.000004 0.406213
4 4 0.216885 0.106327 0.040263 0.000205 0.636319
4 4 0.116322 0.222204 0.053319 0.000129 0.608026
4 4 0.364486 0.094584 0.017795 0.000042 0.523093
4 4 0.096636 0.388046 0.103314 0.000005 0.411999
4 4 0.030797 0.238968 0.067667 0.000000 0.662567
4 4 0.268456 0.187440 0.049335 0.000025 0.494745
4 4 0.343674 0.052021 0.026972 0.000051 0.577282
4 4 0.466833 0.022112 0.006204 0.000052 0.504799
4 4 0.016314 0.128322 0.045784 0.000021 0.809559
4 4 0.008277 0.028595 0.009907 0.000001 0.953220
4 4 0.046098 0.159969 0.044855 0.000028 0.749050
1 4 0.048423 0.426609 0.158836 0.000011 0.366120
0 4 0.436392 0.308348 0.049854 0.000000 0.205406
0 4 0.944753 0.017672 0.004313 0.000005 0.033258
1 4 0.049936 0.484254 0.241784 0.000937 0.223090
4 4 0.087347 0.319777 0.117726 0.004087 0.471063
4 4 0.017370 0.349344 0.186991 0.000048 0.446246
4 4 0.026460 0.106091 0.029493 0.000018 0.837938
4 4 0.069145 0.036138 0.015299 0.000054 0.879364
4 4 0.016435 0.034786 0.017789 0.000028 0.930962
4 4 0.004565 0.173911 0.132022 0.000374 0.689127
1 4 0.208207 0.410381 0.105681 0.000199 0.275532
4 4 0.129586 0.096855 0.117194 0.000074 0.656291
4 4 0.071784 0.089488 0.063924 0.000100 0.774703
4 4 0.009281 0.208540 0.128290 0.000425 0.653464
4 4 0.177552 0.150751 0.042568 0.000380 0.628750
4 4 0.027741 0.110498 0.038234 0.000000 0.823526
0 4 0.919423 0.024013 0.003253 0.000001 0.053311
4 4 0.067047 0.227699 0.061626 0.000028 0.643600
4 4 0.008494 0.217226 0.139487 0.000389 0.634405
4 4 0.031158 0.241064 0.100976 0.000098 0.626705
4 4 0.003610 0.075412 0.041776 0.000038 0.879164
4 4 0.081702 0.293413 0.087381 0.000098 0.537406
1 4 0.334542 0.367449 0.072668 0.000058 0.225283
4 4 0.138694 0.355356 0.090291 0.000038 0.415620
4 4 0.035419 0.278413 0.106003 0.000055 0.580109
4 4 0.011575 0.223692 0.141741 0.001946 0.621045
4 4 0.089711 0.377667 0.126690 0.000248 0.405684
4 4 0.008894 0.152189 0.082451 0.000272 0.756195
1 4 0.044299 0.444388 0.210795 0.000373 0.300145
0 0 0.586638 0.056207 0.013521 0.000066 0.343568
0 0 0.716838 0.196135 0.037936 0.000004 0.049087
1 0 0.266092 0.303494 0.153159 0.000343 0.276911
1 0 0.100876 0.501515 0.229167 0.000338 0.168104
2 0 0.031910 0.433390 0.451812 0.001186 0.081702
2 0 0.001560 0.140212 0.833747 0.004410 0.020070
1 0 0.118829 0.639565 0.180066 0.000000 0.061540
2 0 0.002483 0.223973 0.755186 0.000023 0.018334
1 0 0.115744 0.626473 0.249880 0.000032 0.007871
0 0 0.466900 0.455557 0.068181 0.000000 0.009362
0 0 0.839999 0.069197 0.007040 0.000000 0.083764
1 0 0.271862 0.545038 0.123405 0.000004 0.059692
0 0 0.491456 0.246876 0.116694 0.000050 0.144925
2 0 0.123432 0.141787 0.705096 0.013566 0.016119
0 0 0.903866 0.037265 0.012998 0.000079 0.045791
0 0 0.717582 0.197484 0.049461 0.000008 0.035464
1 0 0.098088 0.558583 0.225880 0.000356 0.117093
1 0 0.186058 0.483957 0.236378 0.011278 0.082329
0 0 0.660096 0.130898 0.028105 0.000036 0.180866
0 0 0.800628 0.046836 0.016465 0.001074 0.134996
0 0 0.992422 0.003481 0.000897 0.000000 0.003200
0 0 0.720369 0.154758 0.097529 0.000002 0.027342
0 0 0.854236 0.016679 0.008892 0.000003 0.120189
0 0 0.783154 0.107351 0.043359 0.000003 0.066132
0 0 0.725919 0.152587 0.021804 0.000004 0.099685
1 0 0.321223 0.438074 0.084841 0.000007 0.155854
1 0 0.120167 0.447965 0.098105 0.000000 0.333762
0 0 0.770735 0.135927 0.021862 0.000003 0.071473
0 0 0.819522 0.066405 0.006095 0.000000 0.107977
1 0 0.070689 0.415984 0.141756 0.000033 0.371538
0 0 0.873294 0.114641 0.005400 0.000000 0.006664
0 0 0.466661 0.423304 0.056894 0.000000 0.053140
0 0 0.858566 0.101917 0.009081 0.000000 0.030437
0 0 0.798735 0.080221 0.027685 0.000007 0.093352
0 0 0.946449 0.003567 0.002229 0.000004 0.047752
0 0 0.858935 0.035934 0.005960 0.000001 0.099170
0 0 0.849958 0.101455 0.011598 0.000000 0.036990
0 0 0.671549 0.182953 0.019680 0.000000 0.125817
1 0 0.184671 0.359808 0.144071 0.000257 0.311192
0 0 0.735477 0.138290 0.026570 0.000005 0.099658
0 1 0.764057 0.083228 0.030839 0.000000 0.121875
1 1 0.337331 0.445112 0.096849 0.000001 0.120707
1 1 0.157865 0.528075 0.223605 0.000600 0.089855
1 1 0.018338 0.582555 0.354685 0.000003 0.044419
2 1 0.002029 0.097373 0.805886 0.077927 0.016786
2 1 0.045300 0.376005 0.542508 0.011848 0.024339
1 1 0.044874 0.463860 0.263453 0.006751 0.221062
2 1 0.007382 0.369933 0.571882 0.000618 0.050184
1 4 0.198457 0.476363 0.118532 0.000022 0.206626
0 4 0.424823 0.377070 0.077250 0.000073 0.120784
4 4 0.014983 0.291343 0.284953 0.000610 0.408110
2 4 0.016174 0.338775 0.529220 0.002686 0.113145
2 4 0.006842 0.255362 0.699827 0.000388 0.037580
2 4 0.004968 0.248781 0.716170 0.000187 0.029895
2 2 0.002371 0.175787 0.803466 0.000205 0.018171
2 2 0.001022 0.116231 0.869900 0.001073 0.011774
2 2 0.005933 0.183226 0.767356 0.011486 0.031998
2 2 0.006838 0.336720 0.506368 0.006563 0.143512
2 2 0.000020 0.031909 0.954666 0.000363 0.013042
2 2 0.000028 0.009282 0.988111 0.002079 0.000500
2 2 0.003206 0.203010 0.700421 0.000780 0.092583
2 2 0.000538 0.060274 0.934419 0.000044 0.004724
2 2 0.000044 0.024374 0.947210 0.019262 0.009110
2 2 0.000005 0.004514 0.961825 0.033027 0.000628
2 2 0.009564 0.198534 0.741907 0.006449 0.043546
2 2 0.001773 0.129368 0.861599 0.000582 0.006678
2 2 0.000667 0.135093 0.823479 0.002010 0.038751
2 2 0.002447 0.173599 0.732675 0.013933 0.077346
2 2 0.000104 0.028899 0.970692 0.000001 0.000303
2 2 0.000291 0.025979 0.972702 0.000085 0.000943
2 2 0.000761 0.068318 0.912164 0.000199 0.018558
2 2 0.000014 0.009131 0.982897 0.005413 0.002545
2 2 0.000007 0.016445 0.969068 0.000634 0.013847
2 2 0.036961 0.176397 0.447620 0.000802 0.338220
2 2 0.000059 0.024492 0.971150 0.000043 0.004256
2 2 0.000284 0.005293 0.990355 0.003377 0.000691
4 2 0.002615 0.141634 0.351541 0.001207 0.503002
1 2 0.074272 0.434349 0.164238 0.000019 0.327122
1 2 0.023489 0.440925 0.303089 0.000249 0.232248
2 2 0.002459 0.199192 0.556092 0.002786 0.239470
2 2 0.000303 0.067588 0.916933 0.000915 0.014261
2 2 0.000142 0.046677 0.949682 0.000426 0.003073
2 2 0.002543 0.236015 0.656943 0.000039 0.104459
2 2 0.000218 0.069035 0.896588 0.001255 0.032903
2 2 0.000558 0.016529 0.981296 0.000506 0.001111
2 2 0.020869 0.392399 0.512910 0.000043 0.073779
2 2 0.005786 0.240825 0.719950 0.000052 0.033386
2 2 0.001734 0.182660 0.504830 0.008262 0.302514
0 0 0.879475 0.033049 0.009058 0.000005 0.078413
0 0 0.914083 0.024410 0.008363 0.000006 0.053138
0 0 0.985763 0.001404 0.000262 0.000000 0.012571
0 0 0.569072 0.370288 0.046305 0.000000 0.014335
1 0 0.103211 0.448164 0.433884 0.000048 0.014693
1 0 0.079473 0.543023 0.161301 0.000001 0.216202
0 0 0.564231 0.245128 0.049292 0.000004 0.141346
0 0 0.431292 0.278340 0.045557 0.000001 0.244809
4 0 0.479488 0.032271 0.007821 0.000001 0.480420
0 0 0.870938 0.025816 0.005393 0.000005 0.097848
1 0 0.354692 0.489855 0.106047 0.000017 0.049388
1 0 0.292063 0.533289 0.114665 0.000003 0.059981
1 0 0.021831 0.410852 0.351908 0.000163 0.215246
1 1 0.081599 0.460784 0.166459 0.000104 0.291055
1 1 0.337385 0.477314 0.109710 0.000067 0.075524
1 1 0.166223 0.491567 0.129155 0.000015 0.213039
4 1 0.075043 0.374969 0.128981 0.000095 0.420912
2 1 0.005095 0.285190 0.366633 0.000050 0.343032
1 1 0.137740 0.637663 0.176376 0.000001 0.048220
2 2 0.019630 0.354344 0.539983 0.000077 0.085965
2 2 0.005264 0.186559 0.762813 0.000797 0.044566
1 2 0.140850 0.557182 0.169388 0.000022 0.132557
2 2 0.000003 0.007319 0.989606 0.000186 0.002885
2 2 0.006625 0.327556 0.629228 0.000001 0.036589
2 2 0.010755 0.251525 0.679660 0.002495 0.055565
1 4 0.039130 0.368625 0.357509 0.012861 0.221874
4 4 0.206063 0.238982 0.051377 0.000055 0.503523
1 4 0.056287 0.470029 0.248342 0.000009 0.225333
2 2 0.000744 0.049242 0.926373 0.017229 0.006411
2 2 0.051504 0.372456 0.556137 0.000421 0.019481
1 2 0.157523 0.459619 0.115901 0.000009 0.266948
1 2 0.033648 0.461933 0.243060 0.000281 0.261078
2 4 0.085294 0.420509 0.452099 0.003331 0.038767
2 4 0.058597 0.133141 0.754057 0.001212 0.052994
2 4 0.010828 0.304828 0.671727 0.000019 0.012599
2 2 0.247857 0.266163 0.430152 0.001226 0.054602
2 2 0.141443 0.353314 0.401744 0.000115 0.103384
2 2 0.001662 0.056535 0.937201 0.002217 0.002385
2 2 0.001462 0.076171 0.893898 0.004997 0.023472
2 2 0.051778 0.423237 0.445582 0.001576 0.077828
2 2 0.000465 0.023932 0.952567 0.022170 0.000866
2 2 0.023726 0.255591 0.669808 0.006274 0.044602
2 2 0.000092 0.016180 0.976154 0.002397 0.005177
2 2 0.000910 0.077103 0.911927 0.004066 0.005993
2 2 0.007629 0.230395 0.718867 0.000028 0.043081
2 2 0.000495 0.038089 0.948682 0.001409 0.011326
1 2 0.163689 0.339523 0.286095 0.000148 0.210546
2 2 0.042892 0.199774 0.732269 0.000546 0.024520
2 2 0.001058 0.053831 0.939654 0.000166 0.005292
2 2 0.001391 0.023721 0.973070 0.001434 0.000384
2 2 0.040157 0.351608 0.555652 0.024745 0.027838
2 2 0.014565 0.426512 0.463985 0.000115 0.094822
2 2 0.025767 0.095252 0.874867 0.000870 0.003243
2 2 0.005658 0.139041 0.837349 0.009003 0.008950
0 4 0.495317 0.344040 0.063257 0.000022 0.097364
0 0 0.908834 0.056861 0.009184 0.000000 0.025122
0 0 0.990485 0.006503 0.000825 0.000000 0.002188
0 0 0.840371 0.060692 0.010900 0.000001 0.088036
1 0 0.271942 0.520476 0.090481 0.000000 0.117102
1 1 0.132580 0.642970 0.164995 0.000000 0.059455
4 1 0.009343 0.244213 0.140643 0.000042 0.605759
1 1 0.015195 0.434118 0.274284 0.000050 0.276353
2 2 0.010546 0.282661 0.526108 0.000195 0.180491
2 2 0.008501 0.314255 0.526584 0.000506 0.150154
2 2 0.001271 0.119475 0.872854 0.000099 0.006300
2 2 0.018405 0.068661 0.883014 0.001705 0.028215
2 2 0.009473 0.185918 0.780568 0.000573 0.023468
2 2 0.004596 0.230533 0.757359 0.000194 0.007318
2 2 0.000162 0.017335 0.978713 0.003363 0.000427
2 2 0.000329 0.024896 0.963389 0.010822 0.000564
2 2 0.012478 0.194867 0.756777 0.022513 0.013365
2 2 0.000540 0.062924 0.917422 0.011781 0.007333
2 2 0.000012 0.007607 0.989312 0.002711 0.000359
2 2 0.000004 0.004493 0.994465 0.000881 0.000157
2 2 0.000006 0.003707 0.986623 0.009347 0.000317
2 2 0.000003 0.000892 0.934866 0.064184 0.000054
2 2 0.000079 0.023879 0.970219 0.000250 0.005573
2 2 0.000004 0.004339 0.994587 0.000887 0.000183
2 2 0.000032 0.021266 0.969116 0.005004 0.004582
2 2 0.000096 0.021352 0.931799 0.043520 0.003233
2 2 0.000012 0.009326 0.988841 0.000643 0.001178
2 2 0.006368 0.160818 0.797522 0.001152 0.034140
2 2 0.000051 0.010459 0.986837 0.001156 0.001496
2 2 0.000008 0.001650 0.995237 0.003024 0.000081
2 2 0.000056 0.013497 0.980460 0.005485 0.000503
2 2 0.000283 0.046746 0.950444 0.000806 0.001722
2 2 0.001453 0.067864 0.925796 0.000263 0.004624
2 2 0.000822 0.083328 0.906769 0.000262 0.008818
2 2 0.005896 0.167567 0.791163 0.000138 0.035236
2 2 0.000304 0.030490 0.964630 0.001611 0.002964
2 2 0.000219 0.040922 0.937045 0.010615 0.011199
2 2 0.000003 0.001877 0.971969 0.025019 0.001132
2 2 0.000056 0.024456 0.958000 0.012100 0.005389
2 2 0.000181 0.017289 0.817668 0.161724 0.003138
2 2 0.000009 0.000211 0.819200 0.180576 0.000004
2 2 0.000781 0.043295 0.953207 0.001973 0.000745
2 2 0.004486 0.049535 0.831771 0.059836 0.054373
2 2 0.020437 0.107141 0.743071 0.008171 0.121181
2 2 0.028664 0.395427 0.500923 0.015456 0.059531
2 2 0.003667 0.108206 0.833459 0.037544 0.017125
2 2 0.000269 0.037668 0.946697 0.005798 0.009568
2 2 0.001932 0.086083 0.811741 0.083038 0.017207
2 2 0.000004 0.003320 0.982786 0.013681 0.000210
2 2 0.000116 0.015687 0.960287 0.023259 0.000651
2 2 0.000007 0.006121 0.985269 0.007414 0.001189
2 2 0.000013 0.006167 0.989454 0.004154 0.000212
2 2 0.000014 0.005911 0.911726 0.081608 0.000741
2 2 0.000546 0.014666 0.852308 0.131165 0.001315
2 2 0.000294 0.007278 0.780066 0.212104 0.000259
2 2 0.000124 0.005608 0.588728 0.404738 0.000801
2 2 0.000114 0.010887 0.886963 0.100751 0.001286
2 2 0.000094 0.007531 0.935206 0.055840 0.001330
2 2 0.000127 0.032347 0.957940 0.004670 0.004916
2 2 0.000053 0.015853 0.979172 0.000390 0.004531
2 2 0.002392 0.030438 0.950426 0.002634 0.014111
2 2 0.000115 0.019321 0.937754 0.037052 0.005758
2 2 0.000012 0.009110 0.986964 0.002884 0.001030
2 2 0.000032 0.004723 0.972354 0.022705 0.000185
2 2 0.000021 0.009102 0.981717 0.008575 0.000586
2 2 0.000002 0.001640 0.997761 0.000523 0.000074
2 2 0.004838 0.150950 0.822054 0.003829 0.018329
2 2 0.000156 0.007371 0.980602 0.011102 0.000770
2 2 0.093451 0.358533 0.536378 0.000021 0.011617
2 2 0.103570 0.409392 0.475909 0.000008 0.011122
2 2 0.012736 0.205848 0.779978 0.000162 0.001276
2 2 0.000116 0.015689 0.980484 0.002760 0.000951
1 2 0.030086 0.419843 0.325600 0.001414 0.223057
2 2 0.037752 0.396880 0.430173 0.012587 0.122607
2 2 0.000474 0.013851 0.981880 0.000675 0.003120
2 2 0.000372 0.063510 0.826649 0.003042 0.106427
2 2 0.004057 0.391243 0.503557 0.000070 0.101073
2 2 0.001624 0.092451 0.886988 0.011200 0.007738
2 2 0.000697 0.067341 0.928841 0.000039 0.003082
2 2 0.004017 0.131575 0.858086 0.002634 0.003688
2 2 0.000320 0.028585 0.872642 0.092585 0.005868
2 2 0.090389 0.366295 0.503141 0.002042 0.038133
2 2 0.026679 0.037062 0.870231 0.055816 0.010211
2 2 0.003090 0.120933 0.867003 0.001362 0.007610
4 2 0.118951 0.324417 0.078459 0.000004 0.478168
4 2 0.076098 0.149903 0.032222 0.000016 0.741761
4 2 0.011367 0.263830 0.320116 0.000059 0.404628
2 2 0.024145 0.365096 0.560157 0.000550 0.050053
2 2 0.003136 0.186931 0.606978 0.000760 0.202194
1 2 0.204693 0.510077 0.136362 0.000048 0.148821
1 2 0.171794 0.487389 0.139160 0.000011 0.201646
0 0 0.775934 0.145355 0.053083 0.000031 0.025597
1 0 0.061891 0.547400 0.195713 0.000003 0.194993
1 0 0.012982 0.402222 0.222541 0.000004 0.362252
2 1 0.002646 0.218069 0.735590 0.002390 0.041306
1 1 0.014562 0.465538 0.454619 0.000628 0.064653
4 1 0.055374 0.352919 0.126737 0.000062 0.464908
1 1 0.066921 0.449637 0.152369 0.000011 0.331063
4 2 0.006673 0.290389 0.239073 0.000890 0.462975
1 2 0.071298 0.540234 0.275992 0.003901 0.108574
1 2 0.014961 0.400912 0.270313 0.000051 0.313763
1 2 0.029882 0.499926 0.295958 0.000470 0.173764
2 2 0.001866 0.105358 0.883182 0.000687 0.008907
2 2 0.001543 0.141118 0.825783 0.001019 0.030538
4 2 0.369176 0.087491 0.025462 0.000052 0.517819
0 2 0.757921 0.103303 0.020848 0.000014 0.117915
0 0 0.464444 0.281440 0.037268 0.000002 0.216846
4 0 0.118453 0.317460 0.063631 0.000000 0.500456
0 0 0.950317 0.016513 0.003220 0.000001 0.029949
0 0 0.956895 0.003485 0.000826 0.000007 0.038787
4 0 0.036863 0.198215 0.063153 0.000029 0.701740
4 0 0.091524 0.184128 0.044476 0.000113 0.679759
4 0 0.054417 0.209893 0.055534 0.000008 0.680148
4 0 0.054861 0.249226 0.083017 0.000185 0.612711
4 1 0.026034 0.320285 0.128864 0.000007 0.524809
4 1 0.182437 0.163950 0.063072 0.001681 0.588861
4 1 0.006358 0.217516 0.131083 0.000017 0.645026
4 4 0.047123 0.297364 0.122430 0.000964 0.532120
0 4 0.747513 0.049190 0.017030 0.000548 0.185718
4 4 0.374545 0.031612 0.008716 0.000055 0.585072
4 4 0.260999 0.029706 0.017715 0.001163 0.690416
4 4 0.377242 0.076655 0.035771 0.000011 0.510320
0 4 0.831466 0.022307 0.005074 0.000002 0.141151
4 4 0.044742 0.061883 0.018862 0.000001 0.874512
4 4 0.021630 0.051406 0.009867 0.000001 0.917097
4 4 0.002080 0.092278 0.051597 0.000001 0.854045
4 4 0.077646 0.124236 0.041170 0.000039 0.756910
4 4 0.169014 0.099365 0.029072 0.000065 0.702483
4 4 0.006321 0.267797 0.268320 0.000545 0.457017
4 4 0.033847 0.298866 0.139858 0.001108 0.526320
4 4 0.004831 0.127367 0.065285 0.000006 0.802512
4 4 0.013202 0.108329 0.033102 0.000001 0.845367
4 4 0.324598 0.046097 0.013400 0.000014 0.615891
1 4 0.259661 0.457027 0.113434 0.000061 0.169816
4 4 0.034326 0.282948 0.112648 0.000091 0.569987
4 4 0.050472 0.291650 0.110538 0.000378 0.546963
4 4 0.124601 0.078322 0.023266 0.000008 0.773803
4 4 0.095109 0.047785 0.011273 0.000007 0.845826
