0 0 0.703370 0.100138 0.179119 0.000679 0.016694
0 0 0.912342 0.029630 0.044551 0.001480 0.011997
0 0 0.949354 0.041471 0.001192 0.000000 0.007983
0 0 0.980402 0.016456 0.002196 0.000000 0.000945
0 0 0.982709 0.002511 0.010711 0.000424 0.003645
0 0 0.978437 0.006080 0.004719 0.000044 0.010719
0 0 0.962061 0.018084 0.013432 0.000069 0.006353
0 0 0.892853 0.058787 0.013174 0.000044 0.035142
0 0 0.611358 0.206291 0.134271 0.002707 0.045373
1 0 0.074244 0.547022 0.348063 0.000582 0.030089
0 0 0.513892 0.210690 0.071843 0.000586 0.202989
0 0 0.494913 0.384644 0.047745 0.000001 0.072697
0 0 0.982761 0.010017 0.005962 0.000004 0.001255
0 0 0.987171 0.010571 0.000116 0.000000 0.002141
0 0 0.981260 0.012856 0.004647 0.000001 0.001235
0 0 0.630753 0.220780 0.097087 0.000205 0.051175
0 0 0.974765 0.013526 0.009740 0.000015 0.001953
0 0 0.993593 0.002080 0.003048 0.000012 0.001267
0 0 0.548351 0.352531 0.017976 0.000004 0.081137
1 0 0.272304 0.622203 0.010908 0.000000 0.094584
0 0 0.377865 0.198839 0.064607 0.000042 0.358647
0 0 0.356570 0.282941 0.250711 0.012025 0.097753
0 1 0.497398 0.262237 0.064738 0.000215 0.175413
1 1 0.052449 0.717271 0.179884 0.000009 0.050388
2 0 0.097780 0.439209 0.450690 0.000288 0.012032
1 0 0.046622 0.548634 0.341073 0.000062 0.063608
1 0 0.346022 0.452605 0.183752 0.000033 0.017588
1 1 0.426728 0.454786 0.091647 0.000018 0.026820
1 1 0.046196 0.697650 0.171233 0.000055 0.084867
1 1 0.287216 0.506553 0.103063 0.000061 0.103106
2 1 0.005540 0.395575 0.590101 0.000701 0.008083
2 1 0.005855 0.223750 0.763548 0.003251 0.003596
2 0 0.045363 0.243166 0.704106 0.002150 0.005214
1 0 0.040170 0.531113 0.414357 0.000176 0.014183
1 0 0.026236 0.637547 0.325959 0.000001 0.010258
1 1 0.016447 0.722620 0.254624 0.000001 0.006308
1 0 0.204758 0.635949 0.142814 0.000004 0.016476
1 0 0.041819 0.607513 0.346107 0.000002 0.004559
1 0 0.306089 0.602057 0.038055 0.000000 0.053798
1 0 0.228385 0.598136 0.030889 0.000008 0.142581
0 0 0.963504 0.011895 0.022731 0.000027 0.001844
0 0 0.994534 0.000552 0.003959 0.000168 0.000787
0 0 0.990372 0.002480 0.004952 0.000055 0.002141
0 0 0.710589 0.202977 0.055714 0.000080 0.030641
1 0 0.113414 0.434202 0.431932 0.000570 0.019882
0 0 0.724174 0.156079 0.053634 0.000325 0.065788
0 0 0.847465 0.092179 0.014095 0.000032 0.046229
0 0 0.723866 0.192051 0.001640 0.000000 0.082442
0 0 0.567614 0.257505 0.093132 0.002172 0.079577
0 0 0.587937 0.260825 0.066556 0.000502 0.084180
0 0 0.872070 0.028554 0.028803 0.001400 0.069174
0 0 0.961385 0.008369 0.010261 0.000390 0.019595
0 0 0.935471 0.027586 0.010599 0.000032 0.026312
0 0 0.991262 0.004541 0.002507 0.000000 0.001689
0 0 0.963757 0.009153 0.000528 0.000000 0.026562
0 0 0.973330 0.005770 0.000994 0.000000 0.019906
0 0 0.979749 0.015018 0.003199 0.000001 0.002033
0 0 0.933335 0.053200 0.001256 0.000000 0.012209
0 0 0.996143 0.001303 0.001349 0.000003 0.001203
0 0 0.996782 0.000543 0.001164 0.000011 0.001499
0 0 0.993534 0.003052 0.002798 0.000001 0.000614
0 0 0.999711 0.000233 0.000044 0.000000 0.000013
0 0 0.995021 0.003738 0.000495 0.000000 0.000745
0 0 0.995689 0.001729 0.001370 0.000002 0.001210
0 0 0.999362 0.000174 0.000444 0.000000 0.000021
0 0 0.993623 0.003914 0.002342 0.000000 0.000121
0 0 0.986562 0.006829 0.001475 0.000001 0.005133
0 0 0.691320 0.091515 0.069420 0.008865 0.138880
0 0 0.557643 0.091502 0.020657 0.000010 0.330187
0 0 0.712955 0.186135 0.065741 0.000037 0.035131
0 0 0.792638 0.025331 0.102535 0.012463 0.067033
0 0 0.850125 0.093508 0.021415 0.000038 0.034913
0 0 0.918290 0.040485 0.007966 0.000008 0.033251
0 0 0.895274 0.052992 0.022967 0.000198 0.028568
0 1 0.933853 0.051841 0.009357 0.000002 0.004947
1 0 0.410321 0.418916 0.134974 0.000063 0.035725
1 1 0.220436 0.581416 0.141841 0.000007 0.056300
2 1 0.008389 0.435750 0.542381 0.001071 0.012409
1 1 0.049704 0.587807 0.327060 0.000737 0.034692
2 1 0.002711 0.420962 0.572172 0.000067 0.004088
2 1 0.017903 0.477802 0.492975 0.000336 0.010984
2 2 0.010773 0.272663 0.699705 0.006838 0.010021
2 2 0.005049 0.100966 0.871036 0.020112 0.002837
2 2 0.024472 0.131142 0.840866 0.001656 0.001865
2 2 0.005850 0.161278 0.821627 0.008355 0.002890
2 2 0.046546 0.104563 0.822146 0.022314 0.004431
2 2 0.000927 0.083915 0.908492 0.005599 0.001067
2 2 0.008418 0.084826 0.896944 0.007942 0.001870
2 2 0.062716 0.321740 0.609076 0.000150 0.006318
2 2 0.001845 0.111836 0.877365 0.007787 0.001167
2 2 0.000026 0.004190 0.958219 0.037543 0.000022
2 2 0.001968 0.008786 0.941809 0.047326 0.000111
2 3 0.002368 0.007005 0.915630 0.074873 0.000125
2 3 0.000386 0.003270 0.982623 0.013700 0.000022
3 3 0.000079 0.000888 0.334038 0.664876 0.000119
3 3 0.000436 0.000376 0.271212 0.727953 0.000022
2 3 0.000743 0.003681 0.819618 0.175883 0.000076
2 3 0.000223 0.000952 0.834444 0.164369 0.000011
3 2 0.003622 0.001851 0.365278 0.629097 0.000151
2 0 0.000288 0.012918 0.841058 0.145462 0.000274
0 1 0.404827 0.210883 0.374015 0.000946 0.009329
2 1 0.262915 0.303736 0.394367 0.006352 0.032630
1 0 0.125861 0.635379 0.111032 0.000002 0.127726
0 0 0.700849 0.253018 0.009706 0.000000 0.036427
2 2 0.014880 0.430557 0.545970 0.000107 0.008487
2 0 0.029154 0.164770 0.804636 0.000177 0.001263
0 0 0.537784 0.415310 0.009110 0.000000 0.037796
1 2 0.200126 0.706094 0.049826 0.000001 0.043953
2 1 0.031389 0.254231 0.687620 0.015666 0.011095
2 1 0.007338 0.288854 0.701313 0.000184 0.002312
2 2 0.013177 0.360994 0.573308 0.000467 0.052054
2 2 0.010372 0.048540 0.797428 0.141153 0.002508
2 2 0.001146 0.020860 0.948099 0.028962 0.000932
2 3 0.001400 0.006616 0.723976 0.267485 0.000521
2 3 0.001761 0.045129 0.929717 0.022106 0.001288
2 3 0.003898 0.056122 0.843109 0.089402 0.007469
3 3 0.000205 0.000608 0.331828 0.667325 0.000033
2 3 0.000235 0.001925 0.596510 0.401274 0.000056
3 3 0.000762 0.001453 0.173598 0.823950 0.000238
3 3 0.040341 0.012875 0.449561 0.495519 0.001704
2 3 0.000837 0.003376 0.818847 0.176866 0.000073
2 3 0.000177 0.003339 0.701707 0.294665 0.000112
2 3 0.000930 0.006983 0.946518 0.045496 0.000073
2 3 0.001656 0.008346 0.959696 0.030222 0.000079
3 3 0.001157 0.004710 0.200385 0.792950 0.000799
3 3 0.000023 0.000686 0.435942 0.563331 0.000018
3 3 0.000362 0.008579 0.199086 0.790513 0.001461
2 3 0.080725 0.047034 0.442205 0.421216 0.008820
2 3 0.006801 0.055564 0.913396 0.008719 0.015520
3 3 0.000557 0.015589 0.485578 0.497116 0.001160
3 3 0.000932 0.006792 0.298413 0.692986 0.000876
2 3 0.000460 0.007206 0.765200 0.226481 0.000653
3 3 0.000254 0.004932 0.333236 0.661175 0.000402
3 3 0.001203 0.002115 0.240511 0.755846 0.000325
3 3 0.000586 0.002235 0.341797 0.655220 0.000162
3 3 0.076562 0.029888 0.359178 0.493145 0.041228
3 3 0.000266 0.001097 0.121608 0.876768 0.000261
3 3 0.000289 0.003442 0.257388 0.738533 0.000347
2 3 0.004487 0.008704 0.603837 0.382099 0.000873
3 3 0.001157 0.003983 0.058467 0.934274 0.002119
3 3 0.001138 0.001930 0.225600 0.771090 0.000241
3 3 0.001054 0.001882 0.168761 0.828005 0.000298
3 3 0.000976 0.001043 0.375822 0.622099 0.000060
3 3 0.003823 0.001329 0.308334 0.686393 0.000121
3 3 0.000003 0.000005 0.002379 0.997609 0.000004
3 3 0.001332 0.003213 0.230080 0.764938 0.000437
2 3 0.011299 0.044426 0.742308 0.198975 0.002992
2 3 0.119675 0.180525 0.354874 0.294243 0.050684
2 3 0.009721 0.019981 0.668999 0.299347 0.001952
2 2 0.023730 0.050110 0.596644 0.324071 0.005446
2 2 0.001651 0.030065 0.960911 0.007069 0.000303
2 3 0.012079 0.093163 0.879025 0.013075 0.002659
2 2 0.000565 0.046132 0.891977 0.060383 0.000944
2 2 0.004696 0.085546 0.908269 0.001114 0.000375
2 2 0.092532 0.119033 0.785255 0.001498 0.001681
2 1 0.000075 0.015339 0.976149 0.008379 0.000058
2 2 0.060771 0.110259 0.822231 0.004443 0.002296
3 2 0.000595 0.003447 0.360097 0.635588 0.000273
2 2 0.031674 0.084233 0.839394 0.041260 0.003439
2 2 0.002259 0.057568 0.940006 0.000088 0.000078
2 3 0.007682 0.033889 0.891900 0.065603 0.000925
2 2 0.005850 0.033642 0.938223 0.021823 0.000462
2 2 0.064995 0.094423 0.618303 0.211590 0.010689
2 3 0.003779 0.017474 0.902408 0.075753 0.000587
2 3 0.001454 0.008654 0.768349 0.220577 0.000966
3 2 0.040550 0.059639 0.253248 0.511847 0.134717
2 2 0.012407 0.122139 0.756215 0.098651 0.010588
2 2 0.002682 0.030291 0.901397 0.064845 0.000786
2 2 0.004378 0.036852 0.867293 0.090370 0.001107
2 2 0.003276 0.014091 0.813777 0.168390 0.000466
2 2 0.000078 0.003920 0.934792 0.061057 0.000153
3 2 0.002145 0.027496 0.437294 0.529873 0.003191
2 2 0.003903 0.014717 0.966604 0.014624 0.000152
2 2 0.000302 0.004149 0.991292 0.004229 0.000029
2 2 0.031476 0.053370 0.846700 0.066469 0.001986
3 2 0.005321 0.011859 0.351229 0.629926 0.001665
2 2 0.014401 0.111324 0.708930 0.156208 0.009137
2 2 0.001460 0.058482 0.810984 0.126912 0.002162
2 3 0.000002 0.000369 0.756276 0.243339 0.000014
3 2 0.000077 0.000165 0.036491 0.963188 0.000079
2 3 0.001538 0.028412 0.828974 0.139267 0.001810
2 2 0.008550 0.024109 0.809830 0.154465 0.003047
2 3 0.027745 0.089280 0.581660 0.287929 0.013386
3 3 0.000163 0.000132 0.012419 0.987191 0.000095
2 2 0.000607 0.007011 0.964981 0.027269 0.000132
2 3 0.005205 0.013674 0.511168 0.468516 0.001438
2 3 0.000001 0.000491 0.867515 0.131992 0.000002
3 3 0.000040 0.002730 0.439358 0.557729 0.000143
3 2 0.000084 0.000534 0.344321 0.655040 0.000021
2 2 0.000021 0.004634 0.500779 0.494342 0.000224
2 3 0.000487 0.006980 0.547706 0.444474 0.000353
2 3 0.000000 0.000033 0.515590 0.484377 0.000000
2 0 0.001397 0.004020 0.981541 0.012424 0.000617
2 0 0.046663 0.084299 0.716475 0.146123 0.006441
2 0 0.172700 0.358803 0.425114 0.000002 0.043381
0 0 0.423046 0.377113 0.177121 0.000263 0.022458
1 0 0.304007 0.562910 0.099563 0.000007 0.033513
0 0 0.679942 0.237589 0.073202 0.000012 0.009256
0 0 0.569638 0.383449 0.017397 0.000000 0.029516
1 0 0.251702 0.500849 0.237203 0.000017 0.010228
1 1 0.040854 0.484632 0.463164 0.000256 0.011093
2 1 0.000721 0.143853 0.854801 0.000153 0.000472
1 1 0.023946 0.630307 0.312830 0.000065 0.032851
1 2 0.020051 0.534513 0.435828 0.000071 0.009537
2 2 0.028240 0.288423 0.664272 0.001479 0.017585
1 2 0.232439 0.423258 0.323866 0.000493 0.019944
1 2 0.039495 0.493858 0.408763 0.009806 0.048078
2 2 0.016093 0.209359 0.759846 0.009066 0.005637
2 2 0.007877 0.079216 0.912189 0.000466 0.000252
2 2 0.038367 0.146673 0.812748 0.000820 0.001392
2 2 0.012196 0.166756 0.807148 0.010879 0.003021
2 2 0.002427 0.036394 0.906019 0.054410 0.000749
2 2 0.020342 0.020216 0.875946 0.082892 0.000604
2 2 0.003180 0.010726 0.961347 0.024641 0.000106
1 2 0.109612 0.513778 0.363119 0.000139 0.013352
2 1 0.008605 0.118678 0.868197 0.003475 0.001045
2 2 0.006136 0.171962 0.819845 0.000661 0.001396
2 2 0.001787 0.025496 0.963211 0.009310 0.000196
2 3 0.000028 0.010876 0.981770 0.007073 0.000253
2 2 0.001198 0.010929 0.872755 0.114889 0.000230
2 2 0.002684 0.037751 0.895661 0.063039 0.000865
2 3 0.025579 0.080412 0.842837 0.048414 0.002758
2 2 0.002903 0.043144 0.782982 0.168820 0.002151
2 2 0.001407 0.045627 0.915675 0.036543 0.000748
2 2 0.006477 0.015376 0.880667 0.097081 0.000399
2 0 0.120665 0.084781 0.780320 0.011125 0.003109
1 1 0.282327 0.632976 0.033200 0.000000 0.051498
0 1 0.699239 0.229546 0.021167 0.000006 0.050042
1 2 0.126511 0.516694 0.304305 0.001936 0.050553
2 2 0.000847 0.290805 0.692917 0.006981 0.008451
2 2 0.070353 0.121971 0.798533 0.006093 0.003050
2 2 0.002038 0.279517 0.714791 0.000424 0.003231
2 2 0.006550 0.034718 0.917575 0.040475 0.000682
2 2 0.001817 0.062861 0.930602 0.004253 0.000468
2 2 0.002275 0.029886 0.967058 0.000685 0.000097
2 2 0.000471 0.009181 0.938618 0.051628 0.000102
2 2 0.000340 0.008275 0.976731 0.014611 0.000043
2 2 0.002275 0.067077 0.924064 0.006073 0.000510
2 2 0.148062 0.035136 0.749832 0.064274 0.002695
2 0 0.027545 0.037807 0.808773 0.124057 0.001818
0 0 0.862822 0.034293 0.034622 0.001002 0.067260
0 0 0.799264 0.065779 0.091245 0.008076 0.035637
0 0 0.720393 0.206695 0.012064 0.000004 0.060844
0 0 0.867378 0.101259 0.005352 0.000000 0.026012
0 1 0.557471 0.351526 0.027452 0.000013 0.063538
1 1 0.296336 0.560490 0.121472 0.000003 0.021699
0 1 0.473958 0.448305 0.029718 0.000002 0.048017
0 0 0.600078 0.306871 0.027838 0.000030 0.065182
1 0 0.012925 0.686649 0.280414 0.000000 0.020011
1 1 0.026904 0.694718 0.262611 0.000016 0.015751
1 1 0.010060 0.478791 0.478147 0.004520 0.028482
1 2 0.048147 0.504748 0.434413 0.000232 0.012460
1 2 0.098041 0.561400 0.313717 0.000373 0.026469
1 2 0.162602 0.630906 0.168422 0.000069 0.038002
2 2 0.050438 0.121741 0.824420 0.001630 0.001771
2 2 0.006435 0.023420 0.962640 0.007317 0.000188
0 0 0.790665 0.155543 0.047589 0.000008 0.006195
0 0 0.761200 0.205534 0.011634 0.000001 0.021632
0 0 0.620205 0.328267 0.024457 0.000001 0.027070
0 0 0.874438 0.092508 0.011809 0.000006 0.021239
0 0 0.742543 0.136944 0.117212 0.000052 0.003249
1 0 0.423736 0.489103 0.070407 0.000001 0.016753
0 0 0.753660 0.143806 0.083768 0.000075 0.018690
0 0 0.887909 0.079317 0.022422 0.000009 0.010343
1 0 0.169748 0.602007 0.027454 0.000001 0.200789
1 0 0.299580 0.553256 0.119154 0.000018 0.027991
0 0 0.670812 0.283145 0.022810 0.000000 0.023233
1 0 0.126110 0.771654 0.074172 0.000001 0.028063
0 0 0.848277 0.102310 0.032649 0.000008 0.016757
0 0 0.484830 0.340553 0.079691 0.000070 0.094857
1 0 0.133351 0.436814 0.420481 0.000182 0.009172
0 0 0.771808 0.134804 0.035901 0.000020 0.057467
0 0 0.772020 0.038781 0.019651 0.000043 0.169505
0 0 0.685685 0.026483 0.007559 0.000004 0.280269
0 0 0.871301 0.037388 0.018322 0.000040 0.072949
0 0 0.909166 0.054710 0.014762 0.000013 0.021349
0 0 0.963421 0.025098 0.002132 0.000000 0.009348
0 0 0.960214 0.016672 0.015416 0.000054 0.007644
0 0 0.947802 0.034172 0.008219 0.000001 0.009806
0 0 0.845823 0.088310 0.016877 0.000005 0.048985
2 0 0.214152 0.230909 0.535788 0.001057 0.018094
0 0 0.631022 0.175779 0.017143 0.000003 0.176053
0 0 0.977543 0.004805 0.006944 0.000141 0.010567
0 0 0.980394 0.004558 0.003322 0.000032 0.011694
0 0 0.967649 0.016726 0.004669 0.000007 0.010950
0 0 0.964641 0.018939 0.014656 0.000004 0.001760
0 0 0.875413 0.105187 0.005275 0.000000 0.014125
0 0 0.934857 0.055049 0.003846 0.000000 0.006247
0 0 0.612707 0.179267 0.115341 0.000540 0.092145
0 0 0.552410 0.053567 0.007976 0.000015 0.386032
0 0 0.932671 0.012917 0.017613 0.001426 0.035372
0 0 0.990892 0.004680 0.002839 0.000003 0.001587
0 0 0.933348 0.026760 0.015677 0.000193 0.024022
0 0 0.988352 0.004940 0.002039 0.000003 0.004666
0 0 0.994058 0.003084 0.001082 0.000000 0.001776
0 0 0.889282 0.087610 0.012432 0.000001 0.010675
0 0 0.908793 0.067490 0.006702 0.000003 0.017012
0 0 0.811304 0.105057 0.015931 0.000028 0.067680
0 0 0.933275 0.015953 0.021635 0.001360 0.027778
0 0 0.547423 0.112127 0.104493 0.033480 0.202477
0 0 0.947621 0.006551 0.036607 0.004805 0.004416
0 0 0.538695 0.043827 0.171851 0.032339 0.213287
0 0 0.807551 0.049880 0.039706 0.000220 0.102643
0 0 0.678885 0.133338 0.019983 0.000002 0.167793
0 0 0.934093 0.040319 0.011231 0.000001 0.014356
1 1 0.388918 0.501175 0.098534 0.000001 0.011372
2 1 0.001228 0.159809 0.830458 0.006090 0.002415
2 1 0.009060 0.332907 0.653319 0.000404 0.004310
1 1 0.033489 0.708428 0.216573 0.000115 0.041395
2 1 0.003664 0.350755 0.642271 0.000125 0.003184
2 1 0.128440 0.400814 0.442427 0.001632 0.026688
2 1 0.051464 0.409531 0.533241 0.000143 0.005621
0 1 0.720767 0.211961 0.058275 0.000009 0.008988
2 1 0.016428 0.302802 0.678547 0.000100 0.002123
2 1 0.011092 0.260285 0.726240 0.000273 0.002110
1 1 0.171669 0.440820 0.371495 0.000368 0.015649
1 2 0.058935 0.743205 0.067675 0.000045 0.130139
2 2 0.016409 0.451288 0.520012 0.000640 0.011651
1 2 0.060583 0.631560 0.295196 0.000020 0.012641
2 1 0.019972 0.179948 0.798224 0.000322 0.001534
1 1 0.168597 0.547437 0.251754 0.000340 0.031873
0 0 0.810685 0.153770 0.030762 0.000001 0.004781
1 0 0.095613 0.637234 0.241773 0.000047 0.025333
0 0 0.764255 0.199198 0.026899 0.000001 0.009646
0 0 0.904252 0.079828 0.002182 0.000000 0.013738
1 1 0.420801 0.451143 0.105597 0.000018 0.022442
0 1 0.652800 0.282843 0.053343 0.000003 0.011011
1 1 0.312580 0.487381 0.186008 0.000022 0.014010
1 1 0.169512 0.475504 0.325750 0.000928 0.028307
1 2 0.393259 0.490112 0.092010 0.000010 0.024609
2 2 0.014449 0.445041 0.535370 0.000072 0.005068
2 2 0.011447 0.259931 0.725380 0.000547 0.002695
2 2 0.007590 0.263799 0.717961 0.003880 0.006770
2 2 0.089611 0.226528 0.663911 0.005557 0.014393
2 2 0.032557 0.098636 0.864841 0.002164 0.001802
2 2 0.004509 0.012025 0.834582 0.148519 0.000365
2 2 0.096064 0.112229 0.788625 0.001196 0.001886
2 2 0.003078 0.022089 0.924665 0.049780 0.000388
2 2 0.012206 0.013259 0.967507 0.006942 0.000086
2 2 0.009814 0.020206 0.954222 0.015542 0.000216
2 2 0.011004 0.145667 0.836768 0.003631 0.002931
2 2 0.001149 0.019234 0.972645 0.006872 0.000099
2 2 0.226107 0.080485 0.686577 0.003773 0.003058
2 2 0.013673 0.182661 0.801185 0.000710 0.001771
2 2 0.012527 0.015657 0.920701 0.050809 0.000307
2 2 0.024314 0.043556 0.920839 0.010748 0.000543
2 2 0.000239 0.045572 0.950585 0.003362 0.000242
2 2 0.014840 0.130456 0.790105 0.059074 0.005525
2 2 0.000056 0.024223 0.952416 0.023119 0.000185
2 2 0.001272 0.006340 0.599598 0.392484 0.000307
2 2 0.002531 0.032032 0.950532 0.014559 0.000346
2 2 0.004063 0.087436 0.893184 0.012791 0.002527
2 2 0.010691 0.041295 0.943259 0.004470 0.000285
2 2 0.070693 0.201735 0.715002 0.005475 0.007095
0 2 0.450548 0.135103 0.410929 0.000786 0.002634
2 2 0.076571 0.175978 0.670139 0.058892 0.018419
2 2 0.000948 0.027872 0.906697 0.063967 0.000515
2 3 0.002561 0.028473 0.913007 0.055351 0.000607
2 3 0.011698 0.016580 0.896854 0.074364 0.000504
2 3 0.002643 0.020188 0.962811 0.014186 0.000172
2 3 0.001199 0.005900 0.828669 0.164098 0.000133
3 2 0.000258 0.000644 0.418280 0.580794 0.000024
2 3 0.000428 0.006766 0.988236 0.004528 0.000042
2 3 0.004750 0.040009 0.806616 0.145805 0.002820
2 3 0.006381 0.085832 0.862979 0.038284 0.006524
2 3 0.020187 0.136971 0.556125 0.248074 0.038643
2 3 0.012647 0.014796 0.515175 0.455904 0.001479
2 3 0.002375 0.005159 0.586150 0.405282 0.001034
3 3 0.000303 0.002105 0.340153 0.657300 0.000138
3 3 0.002192 0.003269 0.268311 0.725519 0.000708
2 3 0.009871 0.008927 0.544935 0.435236 0.001030
3 3 0.000490 0.002238 0.396182 0.600224 0.000867
2 3 0.003205 0.013293 0.773320 0.209665 0.000517
3 3 0.000692 0.005865 0.391170 0.601804 0.000469
3 3 0.000137 0.000482 0.494554 0.504815 0.000012
2 3 0.000041 0.004171 0.673327 0.322366 0.000095
3 3 0.000658 0.001197 0.151285 0.846683 0.000177
2 3 0.000017 0.000344 0.702700 0.296935 0.000003
3 3 0.000800 0.002751 0.138547 0.857340 0.000562
2 3 0.013168 0.018492 0.487257 0.478962 0.002120
3 3 0.000785 0.002807 0.382252 0.613960 0.000196
3 3 0.000258 0.002142 0.444763 0.552738 0.000100
3 3 0.001366 0.000760 0.011278 0.985379 0.001217
3 3 0.000327 0.002751 0.348018 0.648714 0.000190
3 3 0.000160 0.001946 0.203833 0.793859 0.000201
2 3 0.072434 0.007708 0.653696 0.265660 0.000503
2 3 0.009158 0.004184 0.507352 0.479004 0.000303
3 3 0.001284 0.001530 0.266238 0.730800 0.000147
3 3 0.000262 0.004471 0.131056 0.863270 0.000941
3 3 0.000702 0.000877 0.066797 0.931358 0.000267
3 3 0.000356 0.000905 0.342457 0.656233 0.000049
3 3 0.000140 0.001268 0.103189 0.895176 0.000226
3 3 0.000024 0.000326 0.036999 0.962566 0.000085
3 3 0.000042 0.001768 0.133810 0.864152 0.000228
3 3 0.000103 0.000407 0.327173 0.672286 0.000031
3 3 0.000001 0.000012 0.010726 0.989259 0.000003
3 3 0.000009 0.000073 0.014202 0.985688 0.000028
3 3 0.000001 0.000015 0.010613 0.989368 0.000004
3 3 0.000026 0.000146 0.191240 0.808544 0.000044
3 3 0.000006 0.000002 0.008358 0.991633 0.000001
3 3 0.000004 0.000003 0.001622 0.998369 0.000003
3 3 0.000004 0.000010 0.003373 0.996605 0.000008
3 3 0.002617 0.008483 0.203601 0.783482 0.001818
3 3 0.005641 0.004578 0.042267 0.941301 0.006213
3 3 0.000004 0.000009 0.007603 0.992373 0.000012
3 3 0.000017 0.000039 0.006167 0.993744 0.000034
3 3 0.015525 0.008728 0.206912 0.765160 0.003675
3 3 0.002449 0.001659 0.094032 0.901360 0.000501
3 3 0.008529 0.015951 0.159170 0.810422 0.005928
3 3 0.000686 0.001076 0.039939 0.957751 0.000548
3 3 0.008664 0.023164 0.351650 0.608874 0.007648
3 3 0.000478 0.002876 0.093141 0.902690 0.000814
3 3 0.000752 0.001841 0.204245 0.792933 0.000229
3 3 0.000128 0.000360 0.045357 0.954055 0.000099
3 3 0.000052 0.003135 0.271023 0.725556 0.000234
3 3 0.000109 0.000982 0.050430 0.948169 0.000310
3 3 0.000582 0.003548 0.358799 0.636799 0.000272
3 3 0.001303 0.001877 0.121870 0.874529 0.000420
3 3 0.004655 0.005440 0.323416 0.665709 0.000780
3 3 0.001201 0.001318 0.043152 0.953565 0.000764
2 3 0.000173 0.006183 0.751431 0.242066 0.000147
2 3 0.000309 0.005096 0.894744 0.099783 0.000067
3 3 0.000021 0.000076 0.099427 0.900470 0.000005
3 3 0.000013 0.000181 0.055336 0.944444 0.000026
3 3 0.000029 0.000067 0.044782 0.955113 0.000010
3 3 0.005377 0.027110 0.158186 0.798505 0.010823
3 3 0.000015 0.000434 0.145941 0.853578 0.000032
3 3 0.000031 0.000535 0.218390 0.781013 0.000030
3 3 0.000016 0.000896 0.334116 0.664939 0.000033
3 3 0.000141 0.001407 0.061356 0.936676 0.000420
3 3 0.000058 0.000365 0.176727 0.822824 0.000025
3 3 0.001010 0.002928 0.244616 0.751094 0.000352
3 3 0.000273 0.000428 0.052245 0.946935 0.000120
3 3 0.000033 0.000159 0.015897 0.983834 0.000078
3 3 0.000516 0.000216 0.009551 0.989458 0.000258
3 3 0.000083 0.000076 0.005068 0.994673 0.000099
3 3 0.000916 0.002075 0.167858 0.828818 0.000333
3 3 0.000106 0.000329 0.090231 0.909199 0.000135
3 3 0.000011 0.000085 0.015507 0.984365 0.000032
3 3 0.000007 0.000031 0.012748 0.987203 0.000010
3 3 0.000002 0.000018 0.007892 0.992081 0.000007
3 3 0.000012 0.000036 0.008965 0.990969 0.000018
3 3 0.000001 0.000000 0.000183 0.999814 0.000001
3 3 0.000004 0.000005 0.001685 0.998300 0.000006
3 3 0.001184 0.002940 0.060155 0.933586 0.002135
3 3 0.003097 0.004872 0.043771 0.944223 0.004038
3 3 0.000006 0.000240 0.059042 0.940680 0.000032
3 3 0.000004 0.000533 0.139124 0.860303 0.000036
3 3 0.000007 0.000109 0.024547 0.975311 0.000027
3 3 0.000059 0.000270 0.029666 0.969817 0.000188
3 3 0.000515 0.000242 0.041859 0.957305 0.000078
3 3 0.000008 0.000008 0.001802 0.998170 0.000011
3 3 0.000027 0.000670 0.067637 0.931543 0.000123
3 3 0.000079 0.000229 0.014708 0.984837 0.000147
3 3 0.000079 0.001611 0.122424 0.875626 0.000260
3 3 0.000129 0.000366 0.047488 0.951913 0.000104
3 3 0.000021 0.000104 0.013228 0.986594 0.000051
3 3 0.000004 0.000013 0.005833 0.994134 0.000016
3 3 0.000013 0.000208 0.076489 0.923267 0.000023
3 0 0.000085 0.001288 0.071764 0.926558 0.000304
0 0 0.843844 0.053502 0.091876 0.000757 0.010021
0 0 0.456806 0.250210 0.170615 0.011400 0.110970
1 1 0.253821 0.475559 0.261759 0.000021 0.008839
2 1 0.032824 0.352705 0.610603 0.000153 0.003715
2 2 0.060721 0.419215 0.505023 0.000651 0.014390
2 2 0.011980 0.217462 0.765553 0.000687 0.004318
2 2 0.040805 0.094352 0.861299 0.001097 0.002447
2 2 0.000323 0.040430 0.943233 0.015594 0.000420
2 2 0.096794 0.106258 0.772526 0.016406 0.008016
2 2 0.010429 0.113995 0.862518 0.010828 0.002229
2 2 0.045936 0.258752 0.689579 0.001161 0.004572
2 2 0.000388 0.067387 0.931956 0.000153 0.000115
2 2 0.041227 0.430698 0.516459 0.000660 0.010955
2 0 0.006581 0.065940 0.920054 0.006553 0.000872
1 1 0.258799 0.549978 0.142603 0.000159 0.048461
1 2 0.069794 0.624038 0.287975 0.000055 0.018137
2 2 0.003429 0.143750 0.849567 0.001455 0.001799
2 2 0.030408 0.430443 0.535184 0.000014 0.003951
1 2 0.124688 0.522523 0.058251 0.000014 0.294525
1 2 0.057281 0.705735 0.147775 0.000043 0.089166
2 1 0.001128 0.028709 0.969165 0.000819 0.000179
2 1 0.008234 0.330559 0.657856 0.000154 0.003195
2 1 0.008637 0.298010 0.682647 0.000105 0.010602
2 2 0.010528 0.406035 0.545618 0.000008 0.037811
2 2 0.002637 0.187547 0.805760 0.000011 0.004045
2 2 0.000877 0.167676 0.829654 0.000013 0.001780
2 2 0.006242 0.401755 0.582219 0.000082 0.009702
1 2 0.049426 0.571856 0.373456 0.000001 0.005261
1 2 0.107141 0.483206 0.392545 0.000464 0.016644
2 2 0.000781 0.033013 0.964054 0.002044 0.000108
2 2 0.001333 0.087221 0.908307 0.001729 0.001410
2 2 0.209643 0.093428 0.691847 0.002561 0.002521
2 2 0.035180 0.208377 0.745426 0.002343 0.008674
2 2 0.007253 0.230416 0.755257 0.001688 0.005387
1 2 0.093251 0.624164 0.212588 0.000882 0.069114
1 2 0.112657 0.493821 0.303822 0.004001 0.085698
1 2 0.090307 0.707920 0.153420 0.000055 0.048297
1 2 0.296330 0.376185 0.299395 0.001161 0.026929
1 2 0.028581 0.585100 0.331150 0.000026 0.055143
1 2 0.074414 0.642097 0.133433 0.000186 0.149869
1 2 0.012611 0.745131 0.189191 0.000039 0.053028
1 2 0.032816 0.564744 0.362920 0.000368 0.039153
2 2 0.045642 0.151165 0.796260 0.000774 0.006159
2 2 0.022491 0.472233 0.500769 0.000029 0.004478
2 2 0.000476 0.344395 0.649177 0.000631 0.005321
2 2 0.075790 0.387012 0.530499 0.000122 0.006578
2 2 0.000516 0.044737 0.953771 0.000868 0.000108
2 2 0.000569 0.130184 0.868302 0.000274 0.000671
1 2 0.027040 0.594059 0.365467 0.000009 0.013424
1 2 0.174873 0.417078 0.376181 0.000050 0.031818
1 2 0.011070 0.676855 0.212291 0.000417 0.099367
1 2 0.006268 0.489410 0.452019 0.000034 0.052269
2 2 0.043844 0.250900 0.700817 0.000730 0.003708
2 2 0.123263 0.169849 0.706363 0.000035 0.000491
2 2 0.129672 0.397710 0.461507 0.000598 0.010514
2 2 0.002215 0.028095 0.954881 0.014496 0.000314
2 2 0.000769 0.020363 0.978169 0.000668 0.000031
2 2 0.023627 0.031372 0.944117 0.000780 0.000103
2 2 0.137242 0.210259 0.651301 0.000089 0.001110
2 2 0.000354 0.018979 0.976158 0.004439 0.000069
2 2 0.001702 0.109278 0.860691 0.018346 0.009984
2 2 0.001929 0.168564 0.807516 0.010721 0.011270
2 2 0.000657 0.024729 0.974083 0.000341 0.000190
2 2 0.000017 0.004430 0.995484 0.000052 0.000017
2 2 0.000024 0.001861 0.997276 0.000838 0.000002
2 2 0.000179 0.003066 0.995096 0.001655 0.000004
2 2 0.004013 0.023649 0.970535 0.001595 0.000207
2 2 0.082358 0.111665 0.804139 0.000870 0.000968
2 2 0.008742 0.229918 0.745568 0.000940 0.014833
2 2 0.077606 0.059206 0.775818 0.082515 0.004855
2 2 0.000700 0.017614 0.977914 0.002803 0.000968
2 2 0.000674 0.023994 0.949999 0.024391 0.000942
2 2 0.000016 0.002679 0.988860 0.008414 0.000031
2 2 0.001517 0.026573 0.855493 0.115676 0.000741
2 0 0.134404 0.138341 0.714443 0.005869 0.006943
1 1 0.206471 0.668945 0.094374 0.000004 0.030207
0 1 0.491226 0.364696 0.084802 0.000033 0.059243
2 1 0.024771 0.435506 0.531952 0.000114 0.007656
2 2 0.003353 0.150320 0.843547 0.000835 0.001945
2 2 0.001351 0.024782 0.941218 0.030442 0.002207
2 2 0.000639 0.034323 0.960151 0.004305 0.000582
2 2 0.002211 0.073395 0.880435 0.029695 0.014264
2 2 0.004311 0.057658 0.920834 0.016430 0.000766
2 2 0.001430 0.055871 0.934815 0.007256 0.000629
2 0 0.063826 0.038833 0.884665 0.011934 0.000742
1 0 0.258499 0.399288 0.299725 0.002655 0.039833
0 0 0.763330 0.202970 0.016817 0.000001 0.016882
1 1 0.350796 0.560417 0.053790 0.000002 0.034995
1 2 0.146832 0.579001 0.251088 0.000028 0.023051
1 2 0.251340 0.540452 0.190520 0.000026 0.017662
1 2 0.189519 0.550399 0.178614 0.001414 0.080054
2 2 0.010874 0.046346 0.936546 0.005613 0.000622
2 2 0.004560 0.043398 0.950471 0.001351 0.000222
2 2 0.009702 0.028024 0.705530 0.254590 0.002154
2 2 0.020266 0.146925 0.825155 0.004796 0.002858
2 2 0.043867 0.351188 0.597517 0.000762 0.006667
2 2 0.001958 0.024492 0.961405 0.011951 0.000193
2 2 0.009616 0.020187 0.937537 0.032311 0.000349
2 2 0.002639 0.089970 0.904769 0.001937 0.000685
2 2 0.006616 0.094360 0.892630 0.004738 0.001656
2 2 0.001140 0.033509 0.937705 0.027191 0.000456
2 2 0.003239 0.089180 0.897630 0.008453 0.001497
2 2 0.008127 0.012621 0.973311 0.005844 0.000098
2 2 0.058150 0.097773 0.825340 0.016304 0.002434
2 2 0.114196 0.413767 0.467371 0.000049 0.004617
2 1 0.055855 0.046634 0.894658 0.002530 0.000323
2 1 0.011953 0.063952 0.897675 0.025091 0.001329
2 1 0.004231 0.363390 0.630380 0.000019 0.001979
2 2 0.008266 0.211164 0.773143 0.002539 0.004889
2 1 0.032614 0.332952 0.625206 0.001676 0.007551
2 2 0.004112 0.293799 0.697290 0.000793 0.004006
2 2 0.013980 0.052675 0.930959 0.002110 0.000276
2 2 0.000265 0.033460 0.963849 0.002308 0.000118
2 2 0.003821 0.046259 0.945527 0.004021 0.000372
2 2 0.020902 0.074829 0.898462 0.004542 0.001265
2 2 0.253176 0.153332 0.560612 0.023422 0.009457
1 2 0.087891 0.601797 0.253836 0.001039 0.055438
2 2 0.001802 0.197479 0.792870 0.004744 0.003105
2 2 0.018658 0.042294 0.910397 0.026435 0.002216
2 0 0.002468 0.027932 0.945349 0.023742 0.000508
1 2 0.011082 0.535710 0.447205 0.000024 0.005980
2 2 0.068986 0.452636 0.466531 0.000406 0.011441
2 2 0.008906 0.421322 0.537328 0.008233 0.024211
2 2 0.014395 0.363814 0.605082 0.004104 0.012605
2 2 0.158505 0.332938 0.499439 0.000636 0.008482
2 0 0.007102 0.101758 0.887854 0.002320 0.000966
0 0 0.944741 0.040807 0.006509 0.000003 0.007941
0 1 0.698925 0.189707 0.075287 0.000154 0.035927
1 1 0.082578 0.749241 0.083853 0.000002 0.084326
1 1 0.017323 0.732844 0.210686 0.000002 0.039144
1 2 0.025668 0.700062 0.223054 0.000019 0.051197
1 2 0.015724 0.564643 0.388719 0.000006 0.030909
2 2 0.009915 0.330100 0.653951 0.000148 0.005887
2 2 0.015319 0.042281 0.939028 0.002915 0.000458
2 2 0.015838 0.108644 0.857964 0.014942 0.002611
1 2 0.168502 0.664353 0.155024 0.000002 0.012119
2 2 0.165267 0.163409 0.666234 0.001473 0.003617
2 2 0.084123 0.342272 0.570064 0.000077 0.003465
2 2 0.000490 0.027580 0.957901 0.013782 0.000246
2 2 0.015414 0.189695 0.783824 0.006824 0.004244
1 0 0.229928 0.390803 0.355674 0.000951 0.022643
0 0 0.679701 0.166792 0.011824 0.000022 0.141660
0 0 0.546303 0.331942 0.092698 0.000117 0.028940
1 0 0.172821 0.685520 0.109252 0.000007 0.032399
0 0 0.768507 0.039025 0.033347 0.002073 0.157047
0 0 0.946042 0.011144 0.004231 0.000001 0.038582
0 0 0.527800 0.064013 0.063431 0.000045 0.344711
0 0 0.558041 0.245377 0.122956 0.000053 0.073573
0 0 0.575354 0.160738 0.113497 0.000206 0.150205
0 0 0.868115 0.040923 0.023191 0.000541 0.067230
0 0 0.996468 0.001529 0.000624 0.000000 0.001379
0 0 0.904800 0.018772 0.018962 0.000496 0.056970
0 0 0.462216 0.273311 0.006983 0.000006 0.257483
0 0 0.890029 0.010577 0.001943 0.000006 0.097445
0 0 0.997100 0.000536 0.001272 0.000011 0.001081
0 0 0.990019 0.004122 0.002790 0.000006 0.003063
0 0 0.575746 0.227102 0.079870 0.002505 0.114776
0 0 0.685035 0.188929 0.073019 0.001089 0.051929
0 0 0.893621 0.076058 0.010978 0.000008 0.019334
0 0 0.532180 0.254133 0.007727 0.000001 0.205960
0 0 0.990655 0.003682 0.002740 0.000007 0.002916
0 0 0.935910 0.026492 0.025238 0.000372 0.011988
0 0 0.927862 0.060463 0.005770 0.000001 0.005904
0 0 0.976722 0.021487 0.000457 0.000000 0.001335
0 0 0.980768 0.016850 0.001372 0.000000 0.001010
0 0 0.952057 0.039268 0.006047 0.000001 0.002627
0 0 0.953148 0.028747 0.013847 0.000022 0.004235
0 0 0.962279 0.021310 0.012787 0.000006 0.003619
0 0 0.578742 0.309599 0.031544 0.000079 0.080035
0 0 0.948188 0.044633 0.003029 0.000000 0.004151
0 0 0.716085 0.113487 0.003061 0.000000 0.167367
0 0 0.927978 0.045042 0.017198 0.000012 0.009769
0 0 0.943413 0.048733 0.001313 0.000000 0.006541
1 0 0.320482 0.594390 0.034075 0.000000 0.051053
0 0 0.796800 0.150530 0.022522 0.000012 0.030136
0 0 0.615874 0.307519 0.036195 0.000019 0.040394
0 0 0.996426 0.002319 0.000881 0.000000 0.000374
0 0 0.995885 0.003815 0.000079 0.000000 0.000221
0 0 0.978332 0.015636 0.004182 0.000001 0.001849
0 0 0.935135 0.037023 0.010813 0.000028 0.017002
0 0 0.896839 0.072569 0.022584 0.000012 0.007996
1 0 0.248667 0.490423 0.258029 0.000001 0.002880
0 0 0.625152 0.286736 0.069625 0.000027 0.018461
1 0 0.318982 0.459729 0.194098 0.000216 0.026976
0 0 0.864465 0.112580 0.019758 0.000000 0.003196
0 0 0.732646 0.196135 0.057225 0.000023 0.013971
0 0 0.928431 0.054847 0.001228 0.000000 0.015494
0 0 0.906582 0.059215 0.003571 0.000001 0.030631
0 0 0.978330 0.010252 0.006807 0.000022 0.004590
0 0 0.708982 0.179193 0.033987 0.000210 0.077628
0 0 0.896844 0.069116 0.000990 0.000000 0.033051
0 0 0.883579 0.095581 0.016291 0.000001 0.004548
0 0 0.922220 0.062543 0.009115 0.000003 0.006119
0 0 0.655598 0.306358 0.028318 0.000000 0.009726
0 0 0.901696 0.085926 0.002361 0.000000 0.010017
0 0 0.763355 0.198543 0.014657 0.000001 0.023444
1 0 0.284921 0.652376 0.028725 0.000000 0.033978
1 0 0.048047 0.844848 0.079461 0.000000 0.027644
0 0 0.970414 0.025931 0.001808 0.000000 0.001847
0 0 0.976487 0.020672 0.000181 0.000000 0.002661
0 0 0.795359 0.176011 0.011944 0.000001 0.016685
1 0 0.208240 0.668149 0.036271 0.000003 0.087337
1 0 0.364806 0.578615 0.017279 0.000000 0.039301
1 0 0.333031 0.592666 0.065715 0.000000 0.008587
1 0 0.298354 0.470561 0.155302 0.001594 0.074189
0 0 0.822340 0.098151 0.004776 0.000000 0.074732
0 0 0.657808 0.287820 0.046855 0.000001 0.007517
0 0 0.934148 0.050404 0.011487 0.000001 0.003960
1 0 0.287713 0.399147 0.303642 0.000102 0.009396
0 0 0.668926 0.286219 0.021238 0.000001 0.023615
1 0 0.376410 0.526452 0.042424 0.000001 0.054713
0 0 0.802189 0.175774 0.007545 0.000000 0.014492
0 0 0.605225 0.306736 0.074740 0.000009 0.013290
1 0 0.439848 0.493982 0.030984 0.000001 0.035186
0 0 0.508748 0.406261 0.020266 0.000002 0.064723
0 0 0.486987 0.428320 0.073369 0.000001 0.011323
0 0 0.859917 0.111684 0.022882 0.000003 0.005514
0 0 0.959925 0.033899 0.001685 0.000000 0.004490
0 0 0.975479 0.020547 0.000673 0.000000 0.003300
0 0 0.915067 0.071750 0.004042 0.000000 0.009140
1 0 0.286054 0.591380 0.091232 0.000007 0.031327
0 0 0.520651 0.410555 0.046075 0.000002 0.022717
0 0 0.768593 0.199634 0.017871 0.000001 0.013901
0 0 0.640623 0.293591 0.047792 0.000006 0.017988
0 0 0.381592 0.357220 0.240932 0.000669 0.019586
1 0 0.134682 0.681936 0.149730 0.000022 0.033630
0 0 0.623077 0.316924 0.050446 0.000001 0.009552
0 0 0.689720 0.268454 0.017083 0.000001 0.024743
0 0 0.954605 0.030052 0.012667 0.000010 0.002666
0 0 0.916823 0.067822 0.008261 0.000002 0.007091
0 0 0.671822 0.241974 0.075894 0.000016 0.010293
0 0 0.371689 0.362088 0.264106 0.000002 0.002115
0 0 0.944667 0.048866 0.005246 0.000000 0.001221
0 0 0.787869 0.191539 0.011472 0.000000 0.009120
0 0 0.910058 0.073148 0.012195 0.000000 0.004597
0 0 0.805696 0.171416 0.004085 0.000000 0.018803
0 0 0.754405 0.223671 0.002753 0.000000 0.019172
1 0 0.373439 0.541048 0.003131 0.000000 0.082382
0 0 0.883712 0.095430 0.001770 0.000000 0.019088
0 1 0.882881 0.099935 0.005446 0.000000 0.011737
1 1 0.070099 0.763524 0.106079 0.000003 0.060295
1 1 0.343061 0.551353 0.082360 0.000003 0.023223
1 1 0.199715 0.674341 0.042026 0.000004 0.083913
1 1 0.296625 0.622495 0.066441 0.000000 0.014439
1 0 0.067975 0.773094 0.076168 0.000004 0.082759
1 0 0.167356 0.723577 0.063904 0.000000 0.045162
1 0 0.399659 0.480168 0.081541 0.000025 0.038606
0 0 0.716526 0.212960 0.059417 0.000007 0.011090
0 0 0.956141 0.014440 0.013014 0.000078 0.016328
0 1 0.723970 0.086844 0.071700 0.000488 0.117000
1 1 0.137256 0.522405 0.140372 0.000020 0.199947
1 0 0.050919 0.632376 0.297298 0.000008 0.019398
0 0 0.529844 0.299202 0.055944 0.000073 0.114936
1 0 0.372798 0.434049 0.077571 0.000007 0.115576
0 0 0.663050 0.263014 0.056586 0.000017 0.017333
0 0 0.613810 0.290769 0.084941 0.000000 0.010480
0 0 0.456990 0.386880 0.120026 0.000033 0.036071
0 0 0.696934 0.207947 0.079157 0.000004 0.015958
0 0 0.625841 0.298791 0.067562 0.000000 0.007806
0 0 0.508803 0.371393 0.107528 0.000000 0.012276
1 0 0.055548 0.509018 0.429187 0.000001 0.006246
0 0 0.459955 0.363804 0.170606 0.000002 0.005632
1 0 0.108382 0.532494 0.349456 0.000003 0.009664
1 0 0.307650 0.524390 0.139980 0.000001 0.027979
0 0 0.766203 0.203673 0.024207 0.000000 0.005917
0 0 0.497872 0.374252 0.112257 0.000003 0.015616
0 0 0.949012 0.037452 0.003339 0.000000 0.010197
0 0 0.852648 0.102823 0.035254 0.000003 0.009272
0 0 0.733684 0.220945 0.020384 0.000001 0.024987
0 0 0.839988 0.110247 0.033571 0.000002 0.016192
0 0 0.763984 0.132511 0.017391 0.000016 0.086097
0 0 0.760342 0.167423 0.050325 0.000026 0.021884
0 0 0.700550 0.161826 0.082686 0.000009 0.054929
0 0 0.738976 0.174743 0.023347 0.000002 0.062932
0 0 0.430099 0.412199 0.129171 0.000001 0.028530
1 0 0.184313 0.497456 0.303202 0.000002 0.015027
0 0 0.504168 0.442018 0.041926 0.000000 0.011889
0 0 0.559349 0.378171 0.032271 0.000000 0.030209
1 0 0.214015 0.586384 0.190878 0.000002 0.008721
0 0 0.858039 0.129096 0.006581 0.000000 0.006283
1 0 0.201331 0.647531 0.125511 0.000000 0.025627
1 0 0.057550 0.821081 0.082299 0.000001 0.039069
1 0 0.025290 0.688574 0.247999 0.000005 0.038133
1 0 0.124182 0.681825 0.059099 0.000000 0.134894
1 1 0.205871 0.675495 0.052982 0.000001 0.065652
1 1 0.089619 0.747470 0.098237 0.000007 0.064666
1 1 0.039295 0.806710 0.112215 0.000003 0.041777
1 0 0.023572 0.803362 0.155491 0.000002 0.017574
1 0 0.075779 0.846812 0.046652 0.000000 0.030757
1 0 0.070189 0.653298 0.271413 0.000001 0.005098
1 1 0.223690 0.563102 0.195185 0.000024 0.017999
2 1 0.010884 0.453147 0.530078 0.000093 0.005798
0 0 0.660048 0.283420 0.016605 0.000002 0.039926
1 0 0.147016 0.651202 0.187791 0.000005 0.013986
2 0 0.171516 0.381186 0.435096 0.000771 0.011431
1 0 0.423869 0.426817 0.116349 0.000098 0.032866
1 0 0.241099 0.543207 0.060365 0.000075 0.155254
0 0 0.906067 0.043566 0.011270 0.000031 0.039066
0 0 0.744543 0.072890 0.070013 0.001511 0.111043
0 4 0.444583 0.233213 0.101103 0.000523 0.220578
1 4 0.024470 0.705591 0.246234 0.000037 0.023668
1 4 0.163762 0.752827 0.072966 0.000000 0.010445
0 4 0.561434 0.390375 0.042406 0.000000 0.005785
1 4 0.267385 0.651772 0.069316 0.000000 0.011527
1 4 0.133506 0.727415 0.070499 0.000009 0.068571
1 4 0.011938 0.724154 0.186335 0.000369 0.077204
2 4 0.012203 0.475741 0.505895 0.000071 0.006090
1 4 0.212678 0.543288 0.236914 0.000004 0.007116
1 4 0.033999 0.510055 0.450020 0.000030 0.005896
2 1 0.076656 0.376605 0.542384 0.000105 0.004249
1 0 0.061008 0.715389 0.140219 0.000181 0.083203
1 0 0.043118 0.621395 0.318194 0.000069 0.017224
0 4 0.857447 0.106961 0.001460 0.000000 0.034131
0 4 0.691580 0.278210 0.003097 0.000000 0.027113
1 4 0.089587 0.739667 0.124847 0.000019 0.045881
1 4 0.318721 0.585277 0.073398 0.000001 0.022602
1 4 0.055757 0.603862 0.306316 0.000468 0.033598
1 4 0.060114 0.549080 0.370202 0.000345 0.020258
1 4 0.026373 0.868516 0.080926 0.000000 0.024185
1 4 0.172298 0.763429 0.012928 0.000000 0.051345
1 4 0.369501 0.554746 0.054762 0.000001 0.020991
1 4 0.207431 0.707316 0.062750 0.000000 0.022503
1 4 0.069103 0.734330 0.175116 0.000007 0.021445
1 4 0.046098 0.814053 0.115943 0.000001 0.023905
1 4 0.404357 0.544380 0.041760 0.000000 0.009502
1 0 0.475583 0.486286 0.029897 0.000000 0.008235
1 1 0.125653 0.726468 0.136309 0.000001 0.011570
0 1 0.534774 0.431638 0.002354 0.000000 0.031235
0 0 0.950347 0.033889 0.014343 0.000001 0.001420
0 0 0.903909 0.040827 0.009861 0.000013 0.045391
0 0 0.623267 0.322947 0.038271 0.000001 0.015513
1 0 0.146586 0.781256 0.019078 0.000000 0.053080
0 0 0.946664 0.044933 0.000850 0.000000 0.007554
0 0 0.950882 0.029565 0.001221 0.000000 0.018332
0 0 0.872282 0.043002 0.026940 0.000884 0.056891
0 0 0.759503 0.135546 0.002095 0.000000 0.102856
0 0 0.571047 0.395501 0.023139 0.000000 0.010313
0 0 0.934229 0.054405 0.002540 0.000000 0.008826
0 0 0.896771 0.055061 0.027157 0.000064 0.020946
0 0 0.696833 0.095033 0.019877 0.000032 0.188226
1 0 0.254461 0.631037 0.076417 0.000005 0.038080
0 0 0.870025 0.110928 0.004684 0.000000 0.014362
0 0 0.985232 0.005006 0.007000 0.000036 0.002725
0 0 0.823982 0.141667 0.010518 0.000004 0.023829
0 0 0.884414 0.048221 0.029995 0.000628 0.036743
0 0 0.904200 0.043606 0.042393 0.000384 0.009416
0 0 0.970395 0.003768 0.005848 0.000221 0.019768
0 0 0.784996 0.067853 0.064873 0.006298 0.075980
0 0 0.743395 0.065210 0.153236 0.019504 0.018655
0 0 0.913133 0.033413 0.023252 0.000478 0.029723
0 0 0.813322 0.098222 0.039895 0.000106 0.048455
0 1 0.632939 0.252558 0.019084 0.000001 0.095418
1 1 0.107600 0.479683 0.380986 0.002217 0.029514
1 1 0.030404 0.490769 0.465301 0.000396 0.013130
0 1 0.458292 0.398998 0.118624 0.000061 0.024026
1 1 0.078615 0.628277 0.264104 0.000149 0.028854
