4 0 0.343105 0.062035 0.016242 0.000000 0.578618
2 0 0.000100 0.015105 0.978768 0.004929 0.001098
2 0 0.025469 0.211271 0.757047 0.000378 0.005834
0 0 0.571167 0.366004 0.010208 0.000000 0.052620
2 0 0.000002 0.001150 0.935100 0.063395 0.000353
1 0 0.054515 0.563813 0.128892 0.000006 0.252775
0 0 0.610391 0.121758 0.002306 0.000000 0.265545
4 0 0.152366 0.010733 0.004375 0.000001 0.832525
4 1 0.002520 0.251784 0.356087 0.001873 0.387736
4 1 0.038328 0.081357 0.066363 0.002978 0.810973
4 1 0.001866 0.108626 0.374273 0.003191 0.512044
2 1 0.000472 0.172090 0.427716 0.000886 0.398837
4 1 0.087020 0.374670 0.099473 0.000202 0.438636
4 1 0.011374 0.165295 0.099321 0.000356 0.723653
4 1 0.018094 0.304930 0.249194 0.002296 0.425486
1 1 0.098453 0.352168 0.239767 0.000333 0.309279
4 4 0.030454 0.138443 0.138149 0.001312 0.691642
4 4 0.093055 0.200601 0.175589 0.001197 0.529558
2 4 0.043916 0.090463 0.674494 0.105351 0.085776
2 0 0.058120 0.269315 0.640181 0.000010 0.032373
0 0 0.594702 0.074194 0.002277 0.000001 0.328826
4 0 0.379889 0.199321 0.019298 0.000022 0.401470
0 0 0.448516 0.113819 0.160142 0.008744 0.268779
0 0 0.872577 0.046376 0.066268 0.003385 0.011395
0 0 0.934110 0.053702 0.009529 0.000008 0.002650
0 0 0.573242 0.250080 0.053913 0.000026 0.122738
0 0 0.983118 0.013550 0.002889 0.000004 0.000439
0 0 0.878986 0.089589 0.029053 0.000005 0.002367
2 0 0.018785 0.085577 0.880259 0.007987 0.007392
2 0 0.025860 0.199011 0.762692 0.000318 0.012118
2 1 0.042442 0.262717 0.607147 0.051988 0.035705
2 1 0.011026 0.135992 0.815452 0.022810 0.014720
2 1 0.004325 0.044905 0.930523 0.019990 0.000258
2 1 0.002227 0.061295 0.929755 0.006161 0.000563
2 2 0.000318 0.001985 0.986321 0.011370 0.000006
2 2 0.000513 0.001795 0.944748 0.052934 0.000010
2 2 0.001750 0.003125 0.980711 0.014407 0.000007
2 2 0.000070 0.001490 0.966406 0.032030 0.000004
2 2 0.000081 0.000559 0.883594 0.115764 0.000002
2 2 0.000204 0.000213 0.867370 0.132213 0.000001
2 2 0.000053 0.005312 0.972223 0.022371 0.000040
2 2 0.000143 0.002150 0.987489 0.010211 0.000007
2 2 0.000773 0.007861 0.973420 0.017914 0.000031
2 2 0.000033 0.002320 0.988577 0.009058 0.000011
2 2 0.000449 0.001086 0.986371 0.012093 0.000001
2 2 0.000006 0.000246 0.994590 0.005157 0.000001
2 2 0.000023 0.000136 0.809168 0.190672 0.000000
2 2 0.000135 0.001932 0.921161 0.076757 0.000015
2 2 0.000283 0.000822 0.951690 0.047204 0.000001
2 2 0.000012 0.001180 0.987381 0.011416 0.000011
2 2 0.000001 0.000061 0.963875 0.036064 0.000000
2 2 0.000101 0.001331 0.857030 0.141504 0.000033
2 2 0.000044 0.022200 0.968068 0.009253 0.000435
2 2 0.000325 0.020712 0.976787 0.002009 0.000166
2 2 0.000007 0.000663 0.998497 0.000833 0.000000
2 2 0.000003 0.000947 0.997729 0.001320 0.000002
2 2 0.000001 0.000260 0.997399 0.002340 0.000001
2 2 0.000004 0.000602 0.993524 0.005868 0.000002
2 2 0.000000 0.000124 0.992519 0.007357 0.000000
2 2 0.000001 0.000006 0.919359 0.080633 0.000000
2 2 0.000004 0.000195 0.963877 0.035923 0.000001
2 2 0.000038 0.000326 0.926473 0.073161 0.000003
2 2 0.000016 0.000383 0.981133 0.018467 0.000002
2 2 0.000004 0.000010 0.984707 0.015279 0.000000
2 2 0.000413 0.000946 0.541452 0.457167 0.000021
2 2 0.000002 0.000041 0.885595 0.114362 0.000001
2 2 0.031464 0.034874 0.825822 0.107359 0.000480
2 2 0.000031 0.001901 0.977695 0.020360 0.000013
2 2 0.000204 0.002643 0.902074 0.095061 0.000019
2 2 0.000015 0.001163 0.986916 0.011901 0.000005
2 2 0.000002 0.000255 0.989619 0.010124 0.000001
2 2 0.000000 0.000052 0.992150 0.007797 0.000000
3 2 0.000027 0.000390 0.316715 0.682846 0.000021
2 2 0.000002 0.001000 0.916167 0.082778 0.000053
2 2 0.127025 0.149751 0.709496 0.011461 0.002267
2 0 0.097914 0.071629 0.828605 0.000759 0.001093
2 2 0.002767 0.005731 0.937036 0.054244 0.000222
2 2 0.002021 0.008616 0.765818 0.223202 0.000343
2 2 0.004378 0.142448 0.851631 0.000184 0.001359
2 2 0.000020 0.027959 0.971155 0.000508 0.000359
2 2 0.000022 0.001173 0.992939 0.005864 0.000003
2 2 0.000169 0.002758 0.986118 0.010829 0.000127
2 2 0.000402 0.032573 0.964951 0.001968 0.000107
2 0 0.002500 0.007147 0.866646 0.123639 0.000069
2 0 0.188749 0.196079 0.601992 0.001176 0.012004
2 0 0.076207 0.102728 0.811576 0.002356 0.007134
2 0 0.006590 0.141659 0.827345 0.000199 0.024207
0 0 0.594580 0.148387 0.119724 0.001371 0.135939
2 1 0.106768 0.149563 0.714819 0.015061 0.013789
2 1 0.036205 0.118400 0.823709 0.011910 0.009775
0 0 0.742380 0.176554 0.025065 0.000030 0.055971
4 1 0.099701 0.267828 0.090201 0.001460 0.540810
2 1 0.000137 0.041627 0.952785 0.003953 0.001498
2 1 0.000357 0.012728 0.877851 0.105418 0.003646
2 1 0.224946 0.350699 0.405001 0.003312 0.016042
2 0 0.144869 0.321320 0.465178 0.000320 0.068313
1 0 0.238317 0.468291 0.275185 0.000006 0.018202
0 0 0.910393 0.057214 0.025887 0.000317 0.006189
1 0 0.069928 0.701045 0.208588 0.000177 0.020262
1 0 0.038479 0.558319 0.338611 0.001905 0.062687
0 0 0.551004 0.282943 0.133718 0.000107 0.032228
0 0 0.710242 0.060246 0.194509 0.003120 0.031883
0 0 0.925862 0.026316 0.021624 0.000795 0.025403
0 0 0.941159 0.041403 0.010883 0.000075 0.006481
0 0 0.735035 0.182101 0.042554 0.000028 0.040282
0 0 0.382185 0.210792 0.076823 0.000080 0.330119
1 0 0.292573 0.434598 0.059708 0.000062 0.213060
1 0 0.032583 0.594709 0.202795 0.000012 0.169900
2 0 0.078647 0.241702 0.601018 0.003060 0.075573
0 0 0.657713 0.255742 0.075106 0.000188 0.011250
4 0 0.142631 0.250875 0.074276 0.000038 0.532179
2 0 0.010503 0.299401 0.591019 0.000030 0.099046
4 1 0.008434 0.221842 0.168149 0.000169 0.601406
4 1 0.005681 0.121104 0.063946 0.000013 0.809255
2 1 0.000285 0.036825 0.886082 0.004014 0.072794
2 1 0.002497 0.087371 0.699816 0.003620 0.206697
4 4 0.001126 0.085491 0.158057 0.001430 0.753896
4 4 0.072355 0.127416 0.178666 0.011835 0.609728
4 4 0.025711 0.064162 0.035826 0.001464 0.872837
4 4 0.004202 0.055115 0.032676 0.000184 0.907823
4 4 0.014038 0.116157 0.110847 0.009902 0.749055
4 4 0.018028 0.077182 0.034658 0.006951 0.863181
4 4 0.060694 0.059030 0.099033 0.027304 0.753939
4 4 0.225785 0.146796 0.193729 0.133297 0.300394
0 4 0.955624 0.011231 0.024260 0.001231 0.007654
0 0 0.846278 0.057483 0.017275 0.000211 0.078754
0 0 0.964496 0.011361 0.022066 0.001385 0.000691
0 0 0.989610 0.002524 0.004120 0.000027 0.003719
0 0 0.823242 0.140353 0.009161 0.000029 0.027215
0 0 0.949640 0.022660 0.025185 0.001048 0.001468
0 0 0.598119 0.191180 0.132945 0.000331 0.077425
4 0 0.320854 0.151021 0.063374 0.000055 0.464696
2 0 0.169059 0.346989 0.425839 0.000971 0.057141
0 0 0.515909 0.115782 0.250305 0.002897 0.115108
1 0 0.033984 0.357983 0.347676 0.000133 0.260225
1 0 0.060170 0.370870 0.274597 0.000062 0.294301
4 0 0.019140 0.327695 0.198772 0.000817 0.453577
2 1 0.003158 0.235281 0.409722 0.001470 0.350369
2 1 0.002141 0.221466 0.390816 0.001862 0.383716
4 1 0.009888 0.221589 0.378093 0.002841 0.387590
4 1 0.027437 0.222397 0.220109 0.006145 0.523911
4 1 0.001093 0.092828 0.107351 0.000321 0.798406
4 1 0.014181 0.288010 0.212289 0.000835 0.484686
4 1 0.010245 0.261969 0.274765 0.000862 0.452160
2 1 0.002719 0.278054 0.604311 0.000194 0.114723
2 1 0.008143 0.188442 0.633556 0.000873 0.168986
4 1 0.007850 0.260588 0.332999 0.002711 0.395853
2 1 0.002713 0.277765 0.399587 0.000241 0.319695
2 1 0.003012 0.242011 0.392579 0.002054 0.360345
2 1 0.000565 0.173597 0.523874 0.003729 0.298235
4 1 0.213383 0.319169 0.038761 0.000038 0.428650
0 1 0.354048 0.154308 0.182770 0.012369 0.296504
2 1 0.002590 0.131908 0.556220 0.031471 0.277812
2 1 0.001627 0.108772 0.584716 0.003822 0.301062
4 1 0.021060 0.305857 0.098668 0.000039 0.574375
2 1 0.039017 0.332535 0.579342 0.001548 0.047558
2 1 0.000521 0.068923 0.837330 0.002223 0.091004
4 2 0.006826 0.114924 0.089246 0.000787 0.788217
2 2 0.021331 0.372775 0.510473 0.000621 0.094800
2 2 0.284017 0.348383 0.355214 0.000030 0.012355
0 0 0.576117 0.316746 0.094466 0.000105 0.012566
0 0 0.809297 0.066392 0.121709 0.000497 0.002105
1 0 0.048958 0.642772 0.203873 0.000037 0.104359
4 0 0.025935 0.348952 0.148927 0.000047 0.476140
1 0 0.031412 0.423028 0.422303 0.000092 0.123164
1 0 0.103448 0.448425 0.169906 0.000189 0.278032
0 0 0.766786 0.027209 0.044481 0.001390 0.160134
0 0 0.649438 0.066480 0.037937 0.002927 0.243218
1 0 0.052411 0.479212 0.263383 0.000111 0.204882
2 0 0.131332 0.378536 0.431620 0.000734 0.057778
2 0 0.000666 0.041911 0.949697 0.006972 0.000753
2 0 0.001696 0.069104 0.906443 0.015916 0.006841
2 1 0.004838 0.106787 0.769330 0.099633 0.019412
2 1 0.000177 0.050392 0.937574 0.008569 0.003288
0 0 0.628328 0.230821 0.119667 0.000011 0.021173
2 0 0.071455 0.352468 0.562064 0.003508 0.010506
2 0 0.003476 0.374458 0.508788 0.000255 0.113023
2 1 0.003194 0.070405 0.919363 0.004917 0.002121
2 1 0.000615 0.003132 0.976905 0.019325 0.000023
2 1 0.000713 0.131316 0.864125 0.000152 0.003693
2 0 0.335317 0.088230 0.560131 0.010671 0.005650
0 0 0.532141 0.056670 0.117059 0.002031 0.292098
0 0 0.854737 0.079382 0.021700 0.000453 0.043729
2 0 0.005177 0.423055 0.529906 0.001017 0.040846
2 0 0.000182 0.026196 0.966069 0.001146 0.006407
2 1 0.000078 0.052597 0.936421 0.003357 0.007546
2 2 0.004728 0.096566 0.875800 0.006407 0.016500
2 0 0.290257 0.309161 0.352412 0.000584 0.047586
0 0 0.713598 0.057524 0.061744 0.009080 0.158054
0 0 0.758584 0.076722 0.036683 0.002370 0.125641
0 0 0.870054 0.091144 0.009958 0.000009 0.028835
0 0 0.939617 0.012869 0.028631 0.002689 0.016194
0 0 0.561921 0.047394 0.013906 0.000285 0.376495
0 0 0.939679 0.026999 0.021698 0.000783 0.010841
0 0 0.430240 0.197583 0.322833 0.038883 0.010461
0 0 0.790584 0.069113 0.081634 0.002267 0.056402
1 0 0.073860 0.524044 0.248530 0.000401 0.153166
4 1 0.022871 0.175564 0.373596 0.007961 0.420008
2 2 0.001088 0.018002 0.978596 0.001376 0.000939
2 2 0.000316 0.014885 0.983488 0.000501 0.000810
0 2 0.889627 0.046860 0.057579 0.002910 0.003024
0 0 0.905230 0.042300 0.047842 0.002036 0.002593
0 0 0.636907 0.105900 0.047159 0.004940 0.205093
2 0 0.115312 0.133938 0.464409 0.100131 0.186210
2 2 0.001891 0.052288 0.893776 0.039537 0.012507
2 2 0.032330 0.095760 0.841159 0.004495 0.026257
0 0 0.989943 0.004971 0.003948 0.000016 0.001122
0 0 0.991159 0.002508 0.005837 0.000075 0.000421
4 0 0.360917 0.064628 0.101815 0.019717 0.452922
0 0 0.529190 0.218358 0.109857 0.002907 0.139688
2 0 0.000543 0.176192 0.792746 0.000958 0.029561
2 0 0.001619 0.028602 0.957592 0.006141 0.006047
2 2 0.000004 0.001040 0.962451 0.036426 0.000078
2 2 0.000015 0.006117 0.993610 0.000146 0.000112
2 2 0.000231 0.007420 0.983597 0.008444 0.000309
2 2 0.001432 0.013529 0.977701 0.002404 0.004934
2 2 0.000146 0.004712 0.993679 0.001369 0.000095
2 2 0.000406 0.005019 0.986997 0.007435 0.000143
2 2 0.000000 0.000771 0.998927 0.000298 0.000003
2 2 0.000001 0.000073 0.995492 0.004433 0.000000
2 2 0.000003 0.002316 0.994904 0.002745 0.000033
2 2 0.000003 0.000342 0.997811 0.001842 0.000002
2 2 0.001512 0.009214 0.987437 0.001737 0.000100
2 2 0.000024 0.001133 0.996826 0.002015 0.000001
2 2 0.000000 0.002594 0.997254 0.000132 0.000020
2 2 0.000005 0.010810 0.989044 0.000035 0.000106
2 2 0.000081 0.001030 0.990366 0.008503 0.000020
2 2 0.000014 0.000228 0.983311 0.016444 0.000002
2 2 0.000001 0.000207 0.991628 0.008161 0.000003
2 2 0.000002 0.000021 0.969762 0.030214 0.000000
2 2 0.000001 0.000562 0.996623 0.002809 0.000005
2 2 0.000000 0.000023 0.815837 0.184139 0.000000
2 2 0.000003 0.000159 0.867142 0.132693 0.000003
2 2 0.000000 0.000104 0.994848 0.005047 0.000001
2 2 0.000028 0.000559 0.933931 0.065473 0.000010
2 2 0.000007 0.000116 0.998667 0.001209 0.000001
2 2 0.000002 0.000445 0.854416 0.145125 0.000012
2 2 0.001197 0.003056 0.988118 0.007601 0.000027
0 2 0.771078 0.047230 0.147975 0.023831 0.009885
2 2 0.069441 0.320267 0.370767 0.010083 0.229442
2 0 0.011984 0.216546 0.544596 0.006652 0.220222
2 0 0.027544 0.258529 0.592923 0.002136 0.118868
2 0 0.188388 0.305480 0.490083 0.003259 0.012789
0 0 0.957304 0.026013 0.012815 0.000176 0.003692
0 0 0.856489 0.064096 0.051294 0.001655 0.026467
0 0 0.485082 0.206301 0.231311 0.003431 0.073875
2 2 0.000003 0.004234 0.968208 0.027214 0.000341
2 2 0.004389 0.045835 0.925491 0.001339 0.022946
0 0 0.785245 0.150088 0.044646 0.000394 0.019626
0 0 0.863081 0.080872 0.051002 0.000083 0.004963
2 0 0.000048 0.010791 0.982422 0.006557 0.000182
2 2 0.004522 0.008141 0.968883 0.017014 0.001440
2 2 0.000001 0.004758 0.971542 0.023162 0.000537
2 2 0.000106 0.000914 0.972345 0.026609 0.000026
2 2 0.000012 0.010320 0.986520 0.003069 0.000080
2 2 0.000153 0.006022 0.993711 0.000064 0.000051
2 2 0.000001 0.000425 0.993937 0.005636 0.000002
2 2 0.000026 0.000467 0.991046 0.008458 0.000002
2 2 0.000001 0.000022 0.992690 0.007288 0.000000
2 2 0.000004 0.000101 0.996335 0.003560 0.000000
2 2 0.000460 0.005393 0.989969 0.003982 0.000196
2 2 0.000006 0.000078 0.983783 0.016132 0.000001
2 2 0.000068 0.004889 0.951366 0.043353 0.000323
2 2 0.032101 0.023938 0.797664 0.145425 0.000871
0 0 0.972438 0.015594 0.011147 0.000161 0.000660
0 0 0.986070 0.005552 0.007194 0.000084 0.001100
2 0 0.004887 0.393990 0.567890 0.001068 0.032164
2 2 0.000072 0.004609 0.992253 0.002415 0.000652
2 2 0.004998 0.021841 0.954266 0.018761 0.000134
2 2 0.077729 0.304739 0.612180 0.001580 0.003772
0 0 0.980321 0.006780 0.012354 0.000359 0.000186
0 0 0.970223 0.008454 0.012955 0.000349 0.008019
0 0 0.886411 0.054755 0.033299 0.001852 0.023683
0 0 0.908590 0.045859 0.024073 0.000793 0.020685
0 0 0.890871 0.039720 0.013883 0.000182 0.055344
0 0 0.914917 0.049536 0.025019 0.000845 0.009683
0 0 0.614617 0.125924 0.134980 0.093723 0.030757
2 1 0.051657 0.178707 0.737757 0.008152 0.023727
2 2 0.000177 0.009469 0.966037 0.023543 0.000774
2 2 0.000903 0.013212 0.962155 0.021494 0.002235
2 2 0.227968 0.132804 0.631925 0.005046 0.002258
0 0 0.636860 0.157817 0.195686 0.002209 0.007428
2 0 0.221266 0.224042 0.472454 0.015119 0.067119
2 2 0.005046 0.069353 0.735534 0.173804 0.016263
2 2 0.000057 0.020344 0.973021 0.000439 0.006139
2 2 0.000119 0.002897 0.991406 0.004978 0.000600
2 2 0.007133 0.088554 0.469858 0.377098 0.057358
2 2 0.000362 0.050263 0.881608 0.025104 0.042663
4 4 0.026824 0.170847 0.379793 0.012634 0.409902
2 4 0.028931 0.199352 0.469548 0.030038 0.272131
4 4 0.030096 0.146077 0.140643 0.007739 0.675445
4 4 0.021311 0.098221 0.032395 0.000610 0.847463
2 4 0.014331 0.076916 0.609441 0.051855 0.247457
4 4 0.106977 0.057816 0.027519 0.002095 0.805593
4 4 0.002109 0.098533 0.364331 0.038652 0.496374
4 4 0.005788 0.052353 0.056456 0.007627 0.877775
4 4 0.009465 0.022031 0.012531 0.000684 0.955290
4 4 0.057059 0.053874 0.028902 0.002658 0.857507
4 4 0.092082 0.026144 0.001647 0.000009 0.880118
4 4 0.137771 0.030876 0.001417 0.000003 0.829932
4 4 0.011592 0.055304 0.018333 0.002120 0.912651
0 4 0.622079 0.112508 0.062820 0.003375 0.199218
0 4 0.405587 0.222844 0.161345 0.029193 0.181031
4 4 0.360447 0.040141 0.035651 0.002361 0.561401
4 4 0.009020 0.063760 0.051360 0.016616 0.859244
4 4 0.006240 0.044264 0.025453 0.004264 0.919779
4 4 0.050455 0.072165 0.061498 0.013251 0.802630
4 4 0.006012 0.037404 0.046440 0.009763 0.900382
4 4 0.006717 0.043203 0.096608 0.016327 0.837145
4 4 0.026573 0.051310 0.066761 0.015749 0.839607
0 4 0.764520 0.044328 0.040205 0.004236 0.146711
2 4 0.044212 0.110707 0.369374 0.246328 0.229380
4 4 0.000814 0.063455 0.134172 0.005402 0.796157
2 4 0.005902 0.069123 0.508760 0.033415 0.382800
2 4 0.048492 0.236616 0.503259 0.003120 0.208512
2 4 0.080089 0.096456 0.422118 0.041070 0.360267
4 4 0.001475 0.157470 0.240569 0.000960 0.599526
4 2 0.000375 0.143870 0.344635 0.000096 0.511024
2 2 0.006969 0.062359 0.703864 0.153196 0.073613
2 2 0.002056 0.198820 0.440800 0.001925 0.356399
2 2 0.000104 0.052022 0.882008 0.001481 0.064385
2 2 0.003636 0.141959 0.490937 0.005382 0.358086
4 2 0.008388 0.218224 0.243980 0.001369 0.528039
4 2 0.054213 0.274618 0.072975 0.000146 0.598047
2 2 0.001715 0.183937 0.692793 0.003279 0.118275
4 2 0.007013 0.212416 0.202350 0.001390 0.576831
2 2 0.006963 0.290318 0.435764 0.017963 0.248992
2 2 0.000599 0.032449 0.901322 0.051415 0.014215
2 0 0.112121 0.236645 0.443070 0.004001 0.204163
0 0 0.442625 0.357084 0.177673 0.000287 0.022331
4 0 0.255991 0.103801 0.018626 0.000618 0.620964
4 0 0.046927 0.190227 0.242165 0.001347 0.519334
0 0 0.375563 0.308476 0.072460 0.000055 0.243446
4 0 0.054728 0.039731 0.003213 0.000002 0.902326
4 1 0.034107 0.131223 0.129746 0.004977 0.699947
0 0 0.795211 0.088149 0.001015 0.000000 0.115624
2 0 0.006219 0.296742 0.411520 0.001617 0.283903
2 1 0.005460 0.186744 0.740063 0.001830 0.065904
2 1 0.025654 0.401979 0.414401 0.008183 0.149783
2 1 0.000023 0.010943 0.976495 0.010757 0.001783
2 1 0.000691 0.084518 0.727360 0.091513 0.095918
4 1 0.001817 0.184982 0.339805 0.010934 0.462462
2 2 0.000133 0.007973 0.991294 0.000259 0.000342
2 2 0.001380 0.064475 0.928903 0.000096 0.005147
2 2 0.000013 0.005055 0.993539 0.000390 0.001003
2 2 0.000000 0.000997 0.998329 0.000628 0.000046
2 2 0.000002 0.001220 0.998698 0.000076 0.000004
2 2 0.000001 0.000114 0.958714 0.041171 0.000001
2 2 0.001471 0.006234 0.992109 0.000102 0.000084
2 2 0.009910 0.074433 0.904976 0.003909 0.006771
2 2 0.000000 0.000019 0.946824 0.053156 0.000000
2 2 0.000000 0.000029 0.977666 0.022304 0.000000
2 2 0.000000 0.000098 0.998995 0.000907 0.000000
2 2 0.000000 0.000083 0.995034 0.004882 0.000001
2 2 0.000000 0.000025 0.994375 0.005600 0.000000
2 2 0.000003 0.000268 0.925464 0.074255 0.000009
2 2 0.000001 0.000010 0.767514 0.232474 0.000000
2 2 0.000025 0.000298 0.951117 0.048559 0.000001
2 2 0.000016 0.000064 0.621547 0.378370 0.000003
2 2 0.000009 0.000978 0.870320 0.128630 0.000064
2 2 0.000269 0.001860 0.859616 0.138202 0.000055
2 2 0.000073 0.002307 0.864509 0.133017 0.000095
2 2 0.000001 0.000049 0.901599 0.098350 0.000000
2 2 0.000033 0.000378 0.959979 0.039597 0.000012
2 2 0.000029 0.000127 0.670901 0.328940 0.000003
3 2 0.000100 0.000006 0.023025 0.976868 0.000001
3 2 0.000001 0.000085 0.145978 0.853898 0.000037
3 3 0.000000 0.000079 0.142388 0.857480 0.000052
3 3 0.000026 0.000777 0.411592 0.587435 0.000170
2 3 0.000031 0.000681 0.638103 0.361116 0.000069
2 3 0.000445 0.001420 0.578813 0.419260 0.000062
2 3 0.000070 0.000092 0.548690 0.451145 0.000003
3 3 0.015116 0.000697 0.164298 0.819357 0.000533
3 3 0.000273 0.000094 0.073176 0.926437 0.000020
3 3 0.000014 0.000004 0.003375 0.996604 0.000003
3 3 0.000250 0.000016 0.028961 0.970770 0.000003
3 3 0.000001 0.000002 0.006999 0.992997 0.000001
3 3 0.000000 0.000000 0.000739 0.999261 0.000000
3 3 0.000009 0.000005 0.029507 0.970479 0.000000
3 3 0.000015 0.000001 0.003459 0.996524 0.000000
3 3 0.000002 0.000001 0.001824 0.998173 0.000000
3 3 0.000002 0.000000 0.001173 0.998825 0.000000
3 3 0.000001 0.000003 0.155035 0.844960 0.000000
3 3 0.000017 0.000000 0.007538 0.992445 0.000000
3 3 0.000003 0.000001 0.008888 0.991108 0.000000
3 3 0.000019 0.000004 0.058785 0.941191 0.000001
3 3 0.000006 0.000002 0.003359 0.996633 0.000000
3 3 0.000000 0.000000 0.000828 0.999171 0.000000
3 3 0.000012 0.000006 0.003679 0.996298 0.000005
3 3 0.000026 0.000015 0.023376 0.976579 0.000003
3 3 0.000006 0.000003 0.052476 0.947515 0.000001
3 3 0.000001 0.000001 0.021541 0.978457 0.000000
3 3 0.000001 0.000014 0.361466 0.638519 0.000001
3 3 0.000007 0.000003 0.060342 0.939648 0.000000
3 3 0.000002 0.000005 0.027295 0.972697 0.000002
3 3 0.000090 0.000027 0.121966 0.877914 0.000002
3 3 0.000001 0.000013 0.137636 0.862349 0.000001
3 2 0.000010 0.000029 0.404119 0.595839 0.000003
2 2 0.000020 0.002817 0.989330 0.007735 0.000098
2 2 0.000160 0.027653 0.967888 0.003344 0.000955
2 2 0.000349 0.003210 0.920348 0.076079 0.000015
2 2 0.003527 0.044617 0.943027 0.008411 0.000417
2 0 0.007398 0.015465 0.947818 0.029177 0.000141
3 0 0.111038 0.008177 0.410289 0.470386 0.000111
2 2 0.000055 0.002048 0.606152 0.391366 0.000380
2 2 0.000170 0.000848 0.870208 0.128762 0.000012
2 2 0.000008 0.000915 0.993113 0.005960 0.000004
2 2 0.000096 0.000506 0.925889 0.073503 0.000005
2 2 0.000158 0.005559 0.988198 0.005867 0.000218
2 2 0.000013 0.001056 0.997773 0.001119 0.000039
2 2 0.004310 0.171696 0.816760 0.000553 0.006682
0 2 0.543220 0.192748 0.252766 0.001008 0.010258
2 2 0.001088 0.030144 0.957825 0.010443 0.000499
2 2 0.000269 0.006096 0.990700 0.002906 0.000029
2 2 0.000003 0.000378 0.968485 0.031129 0.000005
2 2 0.000043 0.000354 0.901128 0.098469 0.000006
2 2 0.000003 0.000019 0.715175 0.284803 0.000000
2 2 0.000016 0.000065 0.862836 0.137083 0.000000
2 2 0.000047 0.043332 0.866939 0.004146 0.085536
2 2 0.000344 0.120119 0.676340 0.022690 0.180506
2 2 0.001782 0.216848 0.456249 0.006687 0.318435
2 2 0.000154 0.037284 0.878948 0.030711 0.052903
2 2 0.005619 0.119222 0.589840 0.087817 0.197502
4 2 0.001684 0.165613 0.390171 0.024871 0.417662
4 4 0.004722 0.065225 0.039496 0.013345 0.877212
4 4 0.010266 0.123436 0.180356 0.011553 0.674390
4 4 0.077284 0.144864 0.188804 0.019723 0.569325
2 4 0.008074 0.092574 0.652264 0.030877 0.216212
4 4 0.005404 0.241974 0.285847 0.001628 0.465147
4 4 0.005998 0.078765 0.039202 0.000439 0.875596
4 4 0.032848 0.148386 0.059414 0.006075 0.753278
4 4 0.006397 0.224962 0.277026 0.025111 0.466504
2 4 0.011664 0.105505 0.692145 0.083459 0.107227
4 4 0.035241 0.225846 0.349786 0.012064 0.377062
2 4 0.003305 0.258754 0.531275 0.002969 0.203697
2 4 0.008559 0.085964 0.827445 0.034181 0.043850
0 0 0.776845 0.202830 0.020228 0.000026 0.000070
0 0 0.734877 0.165737 0.090139 0.006390 0.002857
0 0 0.710672 0.150896 0.040515 0.000014 0.097903
0 0 0.598442 0.297063 0.045745 0.000303 0.058447
0 0 0.329656 0.286332 0.062105 0.000347 0.321560
1 0 0.016217 0.606883 0.269379 0.000015 0.107506
0 0 0.906540 0.047056 0.030930 0.001033 0.014441
0 0 0.677509 0.180235 0.104938 0.000123 0.037196
4 0 0.002029 0.169618 0.386082 0.000440 0.441831
4 2 0.026240 0.359646 0.218746 0.000724 0.394645
2 2 0.002039 0.095610 0.892094 0.000968 0.009290
1 2 0.153073 0.339408 0.305462 0.000366 0.201691
0 2 0.669669 0.216093 0.061301 0.000454 0.052483
1 0 0.163592 0.421011 0.066049 0.000062 0.349285
2 0 0.001319 0.056764 0.820367 0.008072 0.113479
2 0 0.000164 0.027030 0.962442 0.002625 0.007740
2 0 0.016165 0.058393 0.881942 0.040099 0.003401
0 0 0.730593 0.148024 0.094893 0.008307 0.018183
1 0 0.125092 0.327418 0.259943 0.000622 0.286925
4 0 0.037457 0.204951 0.082682 0.000335 0.674575
4 0 0.170395 0.179798 0.311790 0.002963 0.335055
0 0 0.867232 0.038335 0.014528 0.000218 0.079687
2 0 0.008188 0.397334 0.427679 0.000281 0.166519
1 2 0.026481 0.451849 0.275171 0.000425 0.246074
2 2 0.006221 0.359751 0.554096 0.008896 0.071037
2 2 0.000335 0.039701 0.886535 0.052920 0.020509
2 2 0.002174 0.007183 0.990400 0.000210 0.000032
2 2 0.000041 0.002800 0.996938 0.000213 0.000008
2 2 0.000003 0.000326 0.996008 0.003651 0.000011
2 2 0.000042 0.003006 0.996727 0.000072 0.000153
2 2 0.000052 0.003132 0.996723 0.000076 0.000017
2 2 0.000483 0.007857 0.990276 0.000034 0.001350
2 2 0.000023 0.000883 0.999011 0.000065 0.000019
2 2 0.000023 0.001263 0.995410 0.003276 0.000029
2 2 0.000051 0.005876 0.993554 0.000318 0.000201
2 2 0.000663 0.008155 0.988751 0.001649 0.000782
2 2 0.000383 0.008211 0.987163 0.001202 0.003042
2 2 0.008606 0.054548 0.933055 0.000108 0.003683
2 2 0.000001 0.000289 0.999446 0.000259 0.000005
2 2 0.000018 0.000347 0.973610 0.026018 0.000007
2 2 0.000329 0.004937 0.991410 0.003195 0.000129
2 2 0.000504 0.020899 0.974378 0.000419 0.003799
2 2 0.000015 0.002657 0.997095 0.000117 0.000116
2 2 0.000052 0.006786 0.989646 0.003113 0.000403
2 2 0.000022 0.001440 0.996909 0.001604 0.000024
2 2 0.000018 0.000717 0.991942 0.007307 0.000016
2 2 0.000002 0.000443 0.997524 0.002018 0.000014
2 2 0.000013 0.001371 0.998026 0.000197 0.000394
2 2 0.000005 0.001924 0.997576 0.000485 0.000012
2 2 0.000013 0.001141 0.998108 0.000718 0.000021
2 2 0.000037 0.000932 0.981850 0.016988 0.000193
2 2 0.000859 0.010041 0.957386 0.031266 0.000448
2 2 0.000078 0.000284 0.985792 0.013842 0.000004
2 2 0.000049 0.000742 0.846227 0.152968 0.000014
2 2 0.000001 0.002447 0.996923 0.000561 0.000068
2 2 0.000023 0.001116 0.980016 0.018821 0.000023
2 2 0.000003 0.000450 0.941111 0.058305 0.000130
2 2 0.000027 0.000193 0.868656 0.131121 0.000003
2 2 0.000054 0.001474 0.995135 0.003192 0.000145
2 2 0.000532 0.015714 0.972319 0.010478 0.000958
2 2 0.000029 0.000877 0.990082 0.008982 0.000029
2 2 0.000045 0.011582 0.973813 0.014114 0.000446
2 2 0.000049 0.002377 0.992796 0.004734 0.000043
2 2 0.004782 0.020684 0.971675 0.002270 0.000588
2 2 0.000000 0.000015 0.943011 0.056974 0.000000
2 2 0.000022 0.001685 0.899085 0.099107 0.000101
2 2 0.000442 0.010671 0.940018 0.048715 0.000154
2 2 0.000022 0.000279 0.941206 0.058486 0.000006
2 2 0.000015 0.000115 0.789519 0.210344 0.000007
2 2 0.000018 0.000131 0.554524 0.445324 0.000003
2 2 0.003001 0.027322 0.931554 0.034656 0.003467
2 2 0.001406 0.051194 0.867717 0.056851 0.022832
2 2 0.000231 0.000567 0.940618 0.058582 0.000002
2 2 0.000131 0.002054 0.913274 0.084505 0.000037
2 2 0.000016 0.000112 0.997927 0.001937 0.000008
2 2 0.000005 0.000049 0.950846 0.049100 0.000000
3 2 0.000177 0.000520 0.259529 0.739716 0.000057
3 2 0.000018 0.000450 0.444327 0.555104 0.000101
2 2 0.000082 0.001310 0.885458 0.113136 0.000014
2 2 0.000016 0.000840 0.922984 0.076112 0.000047
3 2 0.003598 0.008258 0.295636 0.691676 0.000832
2 2 0.000175 0.001229 0.818236 0.180205 0.000155
3 2 0.000682 0.000291 0.490222 0.508803 0.000001
2 2 0.003206 0.033621 0.798510 0.164207 0.000456
2 2 0.002354 0.014068 0.940190 0.043005 0.000384
2 2 0.000003 0.000884 0.977419 0.021675 0.000019
2 2 0.003554 0.015707 0.892613 0.087603 0.000523
2 2 0.000421 0.012349 0.881119 0.103780 0.002331
2 2 0.000001 0.000046 0.729659 0.270294 0.000001
2 2 0.000006 0.000165 0.954059 0.045769 0.000001
2 2 0.000023 0.000410 0.996575 0.002992 0.000001
2 2 0.000092 0.001677 0.929514 0.068699 0.000018
2 2 0.000012 0.001092 0.991389 0.007493 0.000013
2 2 0.000000 0.000382 0.994818 0.004789 0.000011
2 2 0.000183 0.011334 0.873259 0.114575 0.000650
2 2 0.000151 0.015430 0.975410 0.007034 0.001974
2 2 0.000001 0.000239 0.985440 0.014313 0.000006
2 2 0.000075 0.006352 0.990474 0.002978 0.000120
1 2 0.151532 0.430434 0.406357 0.000967 0.010710
2 2 0.007109 0.169381 0.815101 0.006552 0.001856
1 2 0.084966 0.518143 0.340451 0.003923 0.052517
2 2 0.032355 0.161456 0.695326 0.088863 0.022000
2 2 0.001988 0.013214 0.971289 0.013315 0.000194
2 2 0.001110 0.004557 0.973492 0.020750 0.000090
2 2 0.000002 0.000183 0.961771 0.038043 0.000001
2 2 0.000001 0.000196 0.948574 0.051224 0.000005
2 2 0.000022 0.002505 0.920516 0.076855 0.000102
2 2 0.000033 0.001255 0.971184 0.027516 0.000012
2 2 0.000001 0.000030 0.664690 0.335278 0.000000
2 2 0.000510 0.002272 0.952797 0.044354 0.000067
2 2 0.000024 0.001620 0.748852 0.249327 0.000178
3 2 0.000048 0.000583 0.321783 0.677424 0.000163
2 2 0.000181 0.020120 0.773727 0.194093 0.011878
2 2 0.000806 0.084318 0.884199 0.014010 0.016668
2 4 0.000400 0.021616 0.726948 0.233607 0.017428
2 4 0.004962 0.204884 0.560644 0.061503 0.168007
4 4 0.011714 0.230068 0.219936 0.032970 0.505311
4 4 0.018529 0.148615 0.080015 0.012025 0.740815
4 4 0.005317 0.255862 0.356292 0.007470 0.375060
4 4 0.037806 0.273620 0.156383 0.007242 0.524948
4 4 0.009897 0.268619 0.194821 0.001270 0.525393
4 4 0.061892 0.385880 0.143196 0.000218 0.408814
4 4 0.036633 0.125094 0.172851 0.003223 0.662199
2 4 0.060986 0.107745 0.456860 0.109295 0.265114
4 4 0.221447 0.158050 0.064938 0.007339 0.548226
0 4 0.778141 0.054723 0.070381 0.018193 0.078563
4 4 0.001985 0.197273 0.358486 0.007880 0.434376
2 4 0.034843 0.111889 0.736403 0.002494 0.114372
2 4 0.004469 0.312724 0.372189 0.000391 0.310228
1 4 0.008305 0.422639 0.383322 0.000611 0.185123
4 4 0.031897 0.128317 0.337859 0.017134 0.484793
2 4 0.016752 0.092959 0.469894 0.008702 0.411693
4 4 0.133301 0.081008 0.081401 0.018306 0.685983
4 4 0.029634 0.171026 0.248824 0.006963 0.543554
4 4 0.065017 0.205994 0.072194 0.002985 0.653809
1 4 0.051278 0.437348 0.132273 0.000044 0.379056
0 4 0.489505 0.243867 0.020439 0.000322 0.245868
1 4 0.339492 0.353858 0.091603 0.000122 0.214925
4 4 0.159870 0.173167 0.166485 0.132960 0.367518
4 4 0.071774 0.189344 0.167092 0.046783 0.525008
2 4 0.050749 0.272390 0.423653 0.044418 0.208790
2 4 0.005444 0.291140 0.509161 0.008660 0.185595
2 4 0.014230 0.187057 0.669510 0.005610 0.123593
4 4 0.022302 0.243305 0.140189 0.000771 0.593432
1 1 0.145611 0.559330 0.183301 0.000201 0.111557
0 1 0.427882 0.194056 0.276516 0.003646 0.097901
1 2 0.054600 0.486861 0.262455 0.002778 0.193305
1 2 0.277566 0.374103 0.161764 0.000868 0.185700
2 2 0.005758 0.165826 0.448747 0.009527 0.370143
2 2 0.034632 0.132570 0.512426 0.013762 0.306610
2 2 0.033653 0.212899 0.414159 0.010398 0.328891
1 0 0.242134 0.330027 0.309935 0.009655 0.108248
1 0 0.064030 0.422292 0.193449 0.000087 0.320142
2 0 0.010601 0.329991 0.607699 0.000059 0.051651
0 0 0.730774 0.022898 0.128679 0.086705 0.030943
2 0 0.254994 0.225801 0.400097 0.020055 0.099053
2 2 0.004165 0.278231 0.516053 0.007006 0.194544
2 2 0.009453 0.244670 0.396614 0.008067 0.341195
1 2 0.022412 0.487523 0.175490 0.000040 0.314535
4 2 0.090876 0.277995 0.150682 0.000629 0.479819
0 0 0.967327 0.015503 0.006353 0.000004 0.010813
0 0 0.998925 0.000222 0.000777 0.000001 0.000074
0 0 0.325184 0.252324 0.266511 0.000591 0.155390
1 0 0.044291 0.436101 0.283823 0.000322 0.235462
1 0 0.016875 0.415390 0.316330 0.001032 0.250373
2 0 0.104731 0.191635 0.584333 0.014834 0.104468
2 0 0.056401 0.113582 0.481199 0.041021 0.307798
0 0 0.588021 0.139091 0.143700 0.004105 0.125083
1 0 0.277970 0.427609 0.108696 0.000128 0.185597
4 0 0.016350 0.317228 0.189610 0.000089 0.476723
3 0 0.072980 0.129523 0.237098 0.360042 0.200357
4 1 0.186432 0.182968 0.088241 0.004113 0.538246
4 1 0.142127 0.156535 0.030329 0.000280 0.670729
0 0 0.931585 0.022793 0.018596 0.000059 0.026967
0 0 0.463132 0.373420 0.104107 0.000100 0.059241
2 0 0.069989 0.177625 0.715170 0.016890 0.020327
2 1 0.004160 0.269695 0.434298 0.003765 0.288082
2 1 0.004418 0.283795 0.507935 0.007026 0.196827
2 1 0.043003 0.062795 0.737848 0.104056 0.052298
4 1 0.046704 0.205896 0.226506 0.025314 0.495579
0 1 0.927846 0.027568 0.035271 0.000958 0.008356
0 0 0.921615 0.045548 0.017873 0.000335 0.014629
4 1 0.000611 0.161922 0.408450 0.001796 0.427221
2 1 0.000826 0.191057 0.529493 0.004718 0.273906
4 1 0.080285 0.347837 0.151520 0.011500 0.408857
2 0 0.066876 0.318173 0.384167 0.006479 0.224305
0 0 0.864429 0.048359 0.064345 0.013659 0.009209
0 0 0.751071 0.035981 0.055729 0.010582 0.146637
4 4 0.077601 0.257499 0.106615 0.013548 0.544736
4 4 0.283980 0.172919 0.099680 0.015370 0.428050
2 2 0.001623 0.225617 0.576213 0.011954 0.184593
2 2 0.016288 0.419519 0.420259 0.027974 0.115960
2 2 0.035040 0.310275 0.586183 0.009472 0.059029
2 2 0.084801 0.161153 0.662899 0.074032 0.017115
1 2 0.012172 0.418217 0.353518 0.000991 0.215101
2 2 0.130782 0.244417 0.471969 0.003418 0.149414
2 2 0.018734 0.258834 0.637321 0.039364 0.045747
2 2 0.075064 0.298974 0.546103 0.002140 0.077719
2 2 0.123071 0.209594 0.409825 0.010116 0.247394
1 2 0.118021 0.403941 0.257813 0.003090 0.217135
1 2 0.074976 0.446181 0.152931 0.000581 0.325331
1 0 0.228972 0.590520 0.111236 0.000060 0.069211
0 0 0.973204 0.006156 0.018368 0.001167 0.001105
0 0 0.860923 0.027989 0.009324 0.000075 0.101690
2 0 0.076594 0.344704 0.401267 0.001021 0.176414
1 0 0.160453 0.324495 0.198687 0.000294 0.316071
2 0 0.135040 0.157628 0.652110 0.002041 0.053181
0 0 0.835816 0.058054 0.096248 0.000595 0.009287
4 0 0.039534 0.346308 0.104336 0.000033 0.509790
1 0 0.022073 0.415851 0.173740 0.000015 0.388321
2 1 0.008732 0.367870 0.479664 0.003022 0.140712
2 1 0.011269 0.324797 0.407827 0.010454 0.245653
2 1 0.000627 0.032568 0.922028 0.039870 0.004906
2 2 0.000119 0.006398 0.939024 0.053997 0.000463
2 2 0.000138 0.015121 0.979509 0.001767 0.003464
2 2 0.000002 0.001086 0.997272 0.001634 0.000006
2 2 0.000456 0.017133 0.973263 0.008798 0.000351
2 2 0.003589 0.046740 0.874048 0.044994 0.030629
2 2 0.000573 0.003547 0.543416 0.452154 0.000311
2 2 0.000237 0.026742 0.959041 0.010914 0.003066
2 2 0.000088 0.011392 0.977360 0.010608 0.000553
2 2 0.000296 0.003502 0.993207 0.002959 0.000036
2 2 0.001120 0.193671 0.766678 0.014406 0.024126
2 2 0.016028 0.100242 0.868283 0.006714 0.008732
1 2 0.186495 0.554511 0.088480 0.000036 0.170479
0 0 0.833966 0.082735 0.037635 0.002194 0.043469
4 0 0.010951 0.127430 0.074573 0.004790 0.782257
1 2 0.017790 0.442120 0.420717 0.000394 0.118978
2 2 0.001456 0.225006 0.509848 0.001963 0.261727
2 2 0.003158 0.183845 0.659557 0.012485 0.140955
0 0 0.957917 0.023447 0.017747 0.000488 0.000401
0 0 0.940479 0.016046 0.035699 0.004501 0.003275
2 0 0.002879 0.170926 0.737660 0.001075 0.087459
2 1 0.003590 0.076082 0.825604 0.016499 0.078225
2 1 0.002462 0.047379 0.825266 0.106809 0.018084
2 1 0.001333 0.022854 0.894927 0.074372 0.006515
2 1 0.012315 0.305298 0.649500 0.000117 0.032771
0 0 0.511682 0.274037 0.101970 0.000270 0.112041
4 0 0.094066 0.230398 0.288993 0.005912 0.380630
4 0 0.070101 0.322612 0.135095 0.002459 0.469733
2 2 0.001104 0.180482 0.407412 0.007166 0.403836
2 2 0.001339 0.155554 0.669852 0.048897 0.124358
2 2 0.000023 0.000549 0.744552 0.254851 0.000025
2 2 0.000058 0.003990 0.663089 0.332127 0.000735
2 2 0.000000 0.000194 0.999082 0.000723 0.000001
2 2 0.000005 0.000144 0.863342 0.136506 0.000002
2 2 0.000027 0.002642 0.990714 0.006554 0.000064
2 2 0.000010 0.000137 0.999638 0.000215 0.000000
2 2 0.000006 0.001135 0.996863 0.001993 0.000003
2 2 0.000320 0.005381 0.993990 0.000210 0.000099
2 2 0.000000 0.000148 0.998000 0.001851 0.000001
2 2 0.000011 0.002463 0.988868 0.008496 0.000162
2 2 0.000002 0.001225 0.994793 0.003925 0.000054
2 2 0.000027 0.005027 0.993513 0.001218 0.000215
2 2 0.000020 0.000518 0.911958 0.087474 0.000030
2 2 0.000048 0.006023 0.871996 0.120403 0.001530
2 2 0.001365 0.041352 0.787886 0.151414 0.017983
2 2 0.000298 0.015794 0.935151 0.045261 0.003497
2 2 0.000000 0.000483 0.999430 0.000068 0.000019
2 2 0.000644 0.006732 0.972770 0.019327 0.000527
2 2 0.000011 0.003835 0.994853 0.001099 0.000201
2 2 0.000019 0.002671 0.996124 0.001051 0.000135
2 2 0.000000 0.000015 0.981252 0.018733 0.000000
2 2 0.000000 0.000454 0.993731 0.005800 0.000016
2 2 0.000001 0.000143 0.995574 0.004281 0.000001
2 2 0.000018 0.001946 0.997907 0.000053 0.000075
2 2 0.000000 0.000086 0.995850 0.004063 0.000000
2 2 0.000002 0.000104 0.995869 0.004022 0.000003
2 2 0.000058 0.002330 0.992212 0.004939 0.000460
2 2 0.000073 0.001940 0.974145 0.023609 0.000233
2 2 0.000005 0.000625 0.994349 0.005020 0.000002
2 2 0.000006 0.000365 0.997775 0.001849 0.000005
2 2 0.000000 0.000031 0.965689 0.034280 0.000000
2 2 0.000014 0.000325 0.935733 0.063923 0.000004
2 2 0.000008 0.000160 0.905179 0.094653 0.000001
2 2 0.000003 0.000308 0.978718 0.020960 0.000010
2 2 0.000011 0.000379 0.984837 0.014769 0.000003
2 2 0.000663 0.003257 0.726609 0.269137 0.000335
2 2 0.000002 0.000045 0.845056 0.154897 0.000000
2 2 0.000043 0.000456 0.984282 0.015217 0.000001
2 2 0.000012 0.004738 0.982895 0.012043 0.000312
2 2 0.000011 0.002211 0.881979 0.115156 0.000643
2 2 0.000003 0.000593 0.998077 0.001324 0.000003
2 2 0.000019 0.000436 0.609698 0.389753 0.000093
2 2 0.000003 0.000008 0.796062 0.203924 0.000002
2 2 0.000015 0.000101 0.515321 0.484556 0.000007
2 2 0.000000 0.000039 0.827991 0.171968 0.000002
2 2 0.000011 0.000353 0.927464 0.072150 0.000022
2 2 0.000010 0.000182 0.563341 0.436455 0.000011
3 2 0.000032 0.000118 0.142394 0.857436 0.000021
3 3 0.000001 0.000051 0.250596 0.749343 0.000009
3 3 0.000002 0.000001 0.003994 0.996003 0.000001
3 3 0.000000 0.000000 0.001548 0.998452 0.000000
3 3 0.000002 0.000001 0.017128 0.982869 0.000000
3 3 0.000016 0.000030 0.200049 0.799903 0.000002
3 3 0.002620 0.000570 0.035894 0.960738 0.000179
3 3 0.000004 0.000027 0.039683 0.960271 0.000015
3 3 0.000000 0.000010 0.075158 0.924826 0.000005
3 3 0.000018 0.000003 0.008309 0.991669 0.000001
3 3 0.000026 0.000010 0.004865 0.995094 0.000006
3 3 0.000000 0.000000 0.015608 0.984391 0.000000
3 3 0.000004 0.000186 0.437472 0.562295 0.000043
3 3 0.000001 0.000009 0.030466 0.969519 0.000005
2 3 0.000580 0.000846 0.577758 0.420723 0.000093
3 3 0.000000 0.000002 0.038509 0.961489 0.000001
3 3 0.000062 0.000030 0.013965 0.985926 0.000018
3 3 0.000001 0.000000 0.003524 0.996475 0.000000
3 3 0.000000 0.000000 0.014267 0.985733 0.000000
3 3 0.000004 0.000010 0.038484 0.961500 0.000003
3 3 0.000000 0.000000 0.003780 0.996220 0.000000
3 3 0.000000 0.000000 0.007468 0.992531 0.000000
3 3 0.000007 0.000000 0.002451 0.997542 0.000000
3 3 0.000000 0.000000 0.000535 0.999465 0.000000
3 3 0.000019 0.000002 0.007026 0.992951 0.000001
3 3 0.000001 0.000000 0.005220 0.994779 0.000000
3 3 0.000000 0.000000 0.000671 0.999328 0.000000
3 3 0.000080 0.000096 0.094272 0.905542 0.000011
3 3 0.000008 0.000001 0.001655 0.998336 0.000000
3 3 0.000000 0.000000 0.005764 0.994235 0.000000
3 3 0.000004 0.000002 0.026608 0.973386 0.000001
3 3 0.000001 0.000000 0.000529 0.999470 0.000000
3 3 0.000000 0.000000 0.000896 0.999103 0.000000
3 3 0.000008 0.000002 0.002315 0.997675 0.000001
3 3 0.000073 0.000037 0.017512 0.982366 0.000012
3 3 0.000074 0.000000 0.002479 0.997446 0.000000
3 3 0.000023 0.000005 0.003856 0.996113 0.000004
3 3 0.000001 0.000001 0.007897 0.992101 0.000000
3 3 0.000004 0.000005 0.003083 0.996903 0.000005
3 3 0.000004 0.000005 0.012417 0.987572 0.000002
3 3 0.000013 0.000011 0.006971 0.992997 0.000008
3 3 0.000004 0.000005 0.007023 0.992964 0.000004
3 3 0.000003 0.000005 0.002896 0.997092 0.000005
3 3 0.000922 0.000230 0.072067 0.926733 0.000048
3 3 0.000007 0.000055 0.200217 0.799712 0.000008
3 3 0.000001 0.000001 0.005000 0.994998 0.000000
3 3 0.000674 0.000108 0.088526 0.910686 0.000006
3 3 0.000214 0.000001 0.007316 0.992469 0.000000
3 3 0.000028 0.000011 0.028337 0.971623 0.000001
3 3 0.000388 0.000011 0.011974 0.987625 0.000002
3 3 0.000091 0.000002 0.004596 0.995311 0.000000
3 3 0.000107 0.000045 0.024261 0.975573 0.000014
3 3 0.000077 0.000016 0.006225 0.993672 0.000010
3 3 0.000015 0.000002 0.002815 0.997166 0.000001
3 3 0.000016 0.000013 0.005770 0.994190 0.000010
3 3 0.000003 0.000001 0.008212 0.991783 0.000000
3 3 0.000010 0.000000 0.002929 0.997061 0.000000
3 3 0.000004 0.000002 0.002514 0.997478 0.000002
3 3 0.000001 0.000000 0.000749 0.999249 0.000000
3 3 0.000008 0.000000 0.001555 0.998437 0.000000
3 3 0.000001 0.000000 0.002553 0.997446 0.000000
3 3 0.000000 0.000000 0.000027 0.999973 0.000000
3 3 0.000002 0.000000 0.000227 0.999771 0.000000
3 3 0.000349 0.000048 0.012456 0.987118 0.000028
3 3 0.006180 0.001875 0.075818 0.915870 0.000257
2 3 0.001812 0.020981 0.961937 0.014647 0.000623
2 3 0.001719 0.018759 0.907990 0.066547 0.004984
2 3 0.004614 0.026368 0.732697 0.232544 0.003778
2 3 0.000872 0.090954 0.857724 0.043338 0.007113
2 3 0.033276 0.346924 0.490837 0.071655 0.057309
2 2 0.000423 0.191058 0.522546 0.000414 0.285559
2 2 0.020680 0.233362 0.627990 0.085283 0.032684
2 2 0.001004 0.172556 0.821062 0.000243 0.005135
1 2 0.022605 0.582472 0.356537 0.000289 0.038096
2 2 0.001728 0.245534 0.654389 0.015346 0.083003
4 2 0.080749 0.097997 0.076548 0.021067 0.723638
4 2 0.032558 0.108912 0.186801 0.009654 0.662075
4 2 0.021014 0.114951 0.230996 0.120817 0.512221
2 2 0.023705 0.121225 0.514206 0.027125 0.313740
2 4 0.023953 0.058368 0.497438 0.142114 0.278127
0 4 0.503174 0.107886 0.226909 0.052889 0.109142
4 4 0.015349 0.069679 0.046007 0.003555 0.865410
4 4 0.007231 0.064679 0.062087 0.026111 0.839893
4 4 0.097019 0.041304 0.212852 0.097222 0.551604
0 4 0.742848 0.071837 0.046877 0.001587 0.136851
4 4 0.018944 0.056529 0.087051 0.031505 0.805971
4 4 0.001128 0.023924 0.013660 0.001910 0.959377
4 4 0.119223 0.048017 0.115916 0.026909 0.689934
4 4 0.004879 0.069688 0.039903 0.003467 0.882062
4 4 0.019962 0.034584 0.092524 0.025798 0.827132
4 4 0.008374 0.014559 0.020899 0.001425 0.954743
