3 3 0.000000 0.000002 0.007991 0.992007 0.000001
3 3 0.000000 0.000000 0.000379 0.999621 0.000000
3 3 0.000000 0.000011 0.022382 0.977605 0.000002
3 3 0.000001 0.000027 0.023430 0.976539 0.000002
3 3 0.000000 0.000011 0.061847 0.938142 0.000000
3 3 0.000000 0.000004 0.031618 0.968378 0.000000
3 3 0.000000 0.000000 0.000274 0.999726 0.000000
3 3 0.000014 0.000073 0.018579 0.981316 0.000019
3 3 0.000001 0.000008 0.007153 0.992837 0.000001
3 3 0.000000 0.000001 0.001568 0.998432 0.000000
3 3 0.000932 0.002310 0.052086 0.943842 0.000830
3 3 0.000007 0.000075 0.034497 0.965414 0.000007
3 3 0.000000 0.000002 0.002638 0.997360 0.000000
3 3 0.000065 0.000259 0.021196 0.978290 0.000190
3 3 0.000000 0.000010 0.010035 0.989954 0.000001
3 3 0.000028 0.000070 0.014670 0.985202 0.000029
3 3 0.000001 0.000042 0.066645 0.933311 0.000002
3 3 0.000000 0.000000 0.008413 0.991587 0.000000
3 3 0.001751 0.000798 0.056646 0.940321 0.000484
3 3 0.000072 0.000211 0.013519 0.986104 0.000094
3 3 0.001899 0.012218 0.163598 0.819310 0.002976
3 3 0.000073 0.001060 0.137552 0.861216 0.000098
3 3 0.000001 0.000007 0.003833 0.996157 0.000002
3 3 0.000002 0.000050 0.024497 0.975447 0.000005
3 3 0.000002 0.000003 0.001633 0.998360 0.000002
3 3 0.000000 0.000001 0.001854 0.998145 0.000000
3 3 0.000000 0.000001 0.008229 0.991771 0.000000
3 3 0.000010 0.000018 0.004092 0.995871 0.000009
3 3 0.000019 0.000312 0.056592 0.943038 0.000039
3 3 0.000001 0.000011 0.007102 0.992879 0.000006
3 3 0.000000 0.000001 0.002132 0.997867 0.000000
3 3 0.000200 0.000749 0.029982 0.968618 0.000450
3 3 0.000018 0.000017 0.003196 0.996756 0.000013
3 3 0.000000 0.000001 0.001763 0.998235 0.000000
3 3 0.000000 0.000004 0.015502 0.984494 0.000000
3 3 0.000002 0.000075 0.033058 0.966860 0.000005
3 3 0.000009 0.000005 0.001659 0.998321 0.000006
3 3 0.000013 0.000022 0.004719 0.995234 0.000012
3 3 0.000023 0.000030 0.004404 0.995523 0.000019
3 3 0.000039 0.000124 0.010242 0.989550 0.000045
3 3 0.000124 0.003160 0.337071 0.659461 0.000183
3 3 0.000002 0.000037 0.015760 0.984198 0.000004
3 3 0.000034 0.000141 0.011552 0.988231 0.000043
3 3 0.000800 0.008791 0.114298 0.874611 0.001499
3 3 0.000152 0.000111 0.006857 0.992774 0.000106
3 3 0.000070 0.000016 0.002206 0.997676 0.000032
3 3 0.000000 0.000001 0.001257 0.998742 0.000000
3 3 0.000000 0.000001 0.001901 0.998097 0.000000
3 3 0.000000 0.000070 0.046389 0.953538 0.000002
3 3 0.000004 0.000005 0.002017 0.997971 0.000003
3 3 0.000001 0.000132 0.112939 0.886918 0.000010
3 3 0.000901 0.003529 0.060564 0.933834 0.001173
3 3 0.000011 0.000483 0.057521 0.941953 0.000032
3 3 0.000003 0.000459 0.228913 0.770568 0.000058
3 3 0.000393 0.000312 0.011515 0.987491 0.000288
3 3 0.000002 0.000012 0.007581 0.992403 0.000003
3 3 0.000012 0.000088 0.027171 0.972710 0.000018
3 3 0.000011 0.000516 0.098143 0.901294 0.000036
3 3 0.000009 0.003186 0.435353 0.561399 0.000053
2 3 0.000097 0.023390 0.665488 0.310498 0.000527
2 3 0.002308 0.055127 0.702686 0.236846 0.003033
2 3 0.004223 0.249824 0.665024 0.067079 0.013850
3 0 0.189907 0.020485 0.137341 0.627944 0.024323
0 0 0.826633 0.055527 0.078581 0.009320 0.029939
0 0 0.673719 0.222203 0.054483 0.000631 0.048963
1 2 0.231025 0.445020 0.178860 0.022222 0.122873
2 1 0.021093 0.425005 0.534234 0.003562 0.016105
1 2 0.035896 0.566369 0.283510 0.029268 0.084957
1 1 0.019241 0.489376 0.444296 0.009005 0.038081
2 1 0.005817 0.169558 0.618905 0.194089 0.011631
0 1 0.700922 0.091110 0.045410 0.037459 0.125100
2 1 0.313067 0.272379 0.380124 0.005061 0.029369
1 2 0.032731 0.513805 0.427927 0.002324 0.023212
1 2 0.019258 0.574238 0.344456 0.009304 0.052744
1 2 0.309486 0.413796 0.140091 0.018033 0.118595
1 1 0.221232 0.551929 0.162684 0.001975 0.062180
2 2 0.013967 0.293683 0.668407 0.012825 0.011118
2 2 0.011398 0.391843 0.545529 0.002019 0.049210
1 2 0.060544 0.536768 0.346433 0.009189 0.047066
1 2 0.101785 0.592717 0.270003 0.000975 0.034520
2 2 0.001022 0.057652 0.509056 0.429072 0.003199
2 2 0.013632 0.309849 0.505176 0.002091 0.169252
2 1 0.011596 0.235648 0.617229 0.118567 0.016960
2 2 0.013315 0.275209 0.705669 0.001210 0.004596
2 2 0.001947 0.127719 0.844321 0.019981 0.006033
2 2 0.002492 0.126597 0.835831 0.031921 0.003159
2 2 0.015948 0.448103 0.476146 0.024925 0.034879
2 2 0.004732 0.235220 0.712817 0.010737 0.036493
2 1 0.003970 0.195928 0.796464 0.001263 0.002374
1 1 0.026117 0.479351 0.471203 0.001149 0.022179
1 2 0.051115 0.502444 0.427639 0.001026 0.017776
1 2 0.065923 0.544833 0.310156 0.000867 0.078221
1 1 0.064395 0.605572 0.252851 0.007477 0.069705
1 2 0.010426 0.533362 0.359339 0.003848 0.093024
2 2 0.007751 0.378026 0.398448 0.000902 0.214873
1 1 0.052854 0.647375 0.269467 0.000078 0.030228
1 2 0.062235 0.596360 0.219101 0.000095 0.122209
1 2 0.014451 0.350426 0.342635 0.002027 0.290460
2 2 0.001799 0.143762 0.851558 0.000855 0.002026
2 2 0.028009 0.363569 0.590931 0.004644 0.012847
1 1 0.018258 0.557921 0.283820 0.000050 0.139952
2 1 0.004804 0.380031 0.601170 0.000635 0.013360
4 1 0.162923 0.312330 0.070255 0.000770 0.453722
4 1 0.054519 0.279298 0.175493 0.006127 0.484562
1 2 0.011207 0.566177 0.391846 0.002013 0.028756
1 2 0.010102 0.574438 0.401910 0.000230 0.013320
1 2 0.017051 0.569474 0.391736 0.000870 0.020870
2 2 0.000558 0.115975 0.882846 0.000154 0.000466
2 2 0.002849 0.323691 0.657600 0.000135 0.015725
2 1 0.007033 0.272247 0.706029 0.007083 0.007607
1 1 0.100770 0.618714 0.222267 0.002189 0.056061
1 1 0.012667 0.563287 0.381290 0.005640 0.037116
2 1 0.012158 0.410189 0.574865 0.000020 0.002768
1 1 0.118374 0.563206 0.309176 0.000015 0.009229
0 0 0.884843 0.068343 0.018025 0.000322 0.028467
0 0 0.903616 0.041450 0.017629 0.001203 0.036102
0 0 0.642189 0.077251 0.045775 0.086674 0.148111
0 0 0.968348 0.014044 0.005754 0.000100 0.011754
4 0 0.223950 0.184464 0.131128 0.025682 0.434776
0 0 0.442229 0.193991 0.116617 0.003011 0.244151
0 0 0.906575 0.057769 0.019920 0.000051 0.015685
0 0 0.974210 0.014377 0.005103 0.000012 0.006297
0 0 0.995109 0.001228 0.000732 0.000018 0.002914
0 0 0.953832 0.025169 0.007399 0.000083 0.013518
0 0 0.791944 0.089853 0.042511 0.003078 0.072614
0 0 0.509489 0.278839 0.144159 0.002668 0.064845
0 0 0.847794 0.017858 0.010976 0.000753 0.122620
0 0 0.593517 0.127355 0.062400 0.007869 0.208859
0 0 0.761066 0.081483 0.045668 0.008788 0.102994
0 0 0.799360 0.055995 0.030364 0.021482 0.092798
0 0 0.900250 0.029669 0.015830 0.004981 0.049270
0 0 0.562604 0.239391 0.133518 0.001454 0.063033
0 0 0.753011 0.119056 0.041183 0.006066 0.080683
0 0 0.782842 0.052234 0.029591 0.017501 0.117831
0 0 0.882620 0.035031 0.018574 0.006762 0.057014
0 0 0.469323 0.197853 0.086974 0.026648 0.219202
0 0 0.428919 0.112660 0.045235 0.002365 0.410822
0 0 0.563401 0.204028 0.062283 0.004197 0.166090
0 0 0.774559 0.062913 0.040310 0.003150 0.119068
0 0 0.863315 0.014659 0.010109 0.001281 0.110637
0 0 0.890546 0.040548 0.027382 0.001639 0.039885
0 0 0.910416 0.030707 0.014711 0.002694 0.041471
4 0 0.132259 0.290265 0.075289 0.002296 0.499891
4 0 0.061294 0.110858 0.050921 0.016359 0.760568
0 0 0.962540 0.006987 0.004608 0.000623 0.025242
1 0 0.128386 0.459775 0.130443 0.000288 0.281109
0 0 0.845171 0.077192 0.029507 0.001444 0.046687
0 0 0.858831 0.050475 0.018476 0.000544 0.071674
0 0 0.898351 0.035178 0.024900 0.001888 0.039683
0 0 0.609191 0.132612 0.065977 0.004175 0.188045
0 0 0.790640 0.041520 0.026684 0.026133 0.115022
0 0 0.454222 0.321901 0.074552 0.002820 0.146505
0 0 0.480674 0.360370 0.090543 0.000264 0.068148
1 0 0.127463 0.541004 0.160619 0.000575 0.170340
0 0 0.890007 0.043852 0.018415 0.002437 0.045290
0 0 0.698770 0.250601 0.043991 0.000001 0.006637
0 0 0.921865 0.026076 0.015391 0.001772 0.034896
0 0 0.731359 0.164694 0.058266 0.000545 0.045137
1 0 0.204899 0.512272 0.154582 0.000224 0.128023
1 0 0.328540 0.516012 0.120925 0.000018 0.034505
0 0 0.964401 0.013172 0.005890 0.000315 0.016222
0 0 0.584437 0.210138 0.070891 0.000159 0.134374
0 0 0.803717 0.149451 0.023837 0.000071 0.022924
0 0 0.604881 0.147855 0.047000 0.001664 0.198601
0 0 0.882074 0.054709 0.022646 0.001179 0.039392
0 0 0.939441 0.023905 0.010534 0.000088 0.026032
0 0 0.955666 0.019856 0.007381 0.000225 0.016871
0 0 0.855272 0.096304 0.027628 0.000075 0.020721
0 0 0.991378 0.001778 0.001232 0.000092 0.005520
0 0 0.955994 0.012947 0.007016 0.001017 0.023025
0 0 0.988643 0.003629 0.001815 0.000049 0.005864
0 0 0.994758 0.000937 0.000710 0.000046 0.003549
0 0 0.955728 0.005861 0.004269 0.000538 0.033604
4 0 0.441852 0.026801 0.016207 0.000470 0.514671
0 0 0.730533 0.041539 0.022773 0.002543 0.202612
0 0 0.554957 0.161512 0.064255 0.019736 0.199540
0 0 0.687185 0.030163 0.024607 0.029225 0.228819
0 0 0.541586 0.064362 0.034448 0.004986 0.354617
4 0 0.344946 0.055228 0.029482 0.001977 0.568367
1 0 0.143679 0.474009 0.161471 0.002166 0.218675
0 0 0.626701 0.107593 0.045917 0.001367 0.218422
0 0 0.935082 0.006183 0.004456 0.000278 0.054001
4 0 0.083684 0.204890 0.046951 0.000203 0.664271
0 0 0.586888 0.125620 0.048589 0.004601 0.234303
0 0 0.599279 0.033894 0.017509 0.000353 0.348964
0 0 0.752919 0.072084 0.032032 0.004484 0.138481
0 0 0.374582 0.310973 0.106404 0.043579 0.164463
4 0 0.386377 0.121372 0.062591 0.037594 0.392066
1 0 0.144707 0.645503 0.195756 0.000014 0.014019
1 0 0.328524 0.462280 0.170088 0.000248 0.038860
4 0 0.275503 0.160860 0.069253 0.000520 0.493865
0 0 0.676410 0.028535 0.020320 0.005262 0.269473
0 0 0.822570 0.062625 0.027314 0.004914 0.082578
1 0 0.244049 0.497813 0.217470 0.000347 0.040321
4 0 0.304150 0.061882 0.047837 0.180409 0.405722
4 0 0.121473 0.061350 0.041842 0.037407 0.737929
0 0 0.515241 0.141241 0.055861 0.001449 0.286208
0 0 0.864938 0.058467 0.020768 0.000117 0.055709
0 0 0.924225 0.025888 0.033285 0.000563 0.016039
0 0 0.645114 0.211625 0.078414 0.001562 0.063286
4 0 0.296156 0.061979 0.035585 0.006133 0.600148
4 0 0.125246 0.165017 0.055964 0.002655 0.651118
0 0 0.706398 0.162989 0.027606 0.000017 0.102991
0 0 0.806158 0.097531 0.035611 0.001610 0.059090
0 0 0.788414 0.121099 0.050044 0.000525 0.039918
1 0 0.362437 0.378379 0.127336 0.012279 0.119570
0 0 0.431141 0.139314 0.056674 0.006763 0.366108
0 0 0.909673 0.014668 0.011388 0.012824 0.051447
0 0 0.426545 0.327574 0.131547 0.008053 0.106280
0 0 0.520382 0.329930 0.114741 0.000157 0.034789
0 0 0.560416 0.252355 0.102507 0.003357 0.081365
1 0 0.355835 0.424876 0.190025 0.000130 0.029134
1 0 0.068426 0.501011 0.178975 0.002494 0.249094
4 0 0.108827 0.124605 0.084470 0.027233 0.654865
0 0 0.766582 0.127331 0.058432 0.000854 0.046801
0 0 0.698297 0.169563 0.081823 0.000798 0.049518
0 0 0.946328 0.021006 0.011589 0.000395 0.020681
0 0 0.989073 0.003104 0.001707 0.000065 0.006050
0 0 0.818568 0.033397 0.018942 0.003171 0.125923
0 0 0.521289 0.166711 0.054066 0.002319 0.255614
0 0 0.931856 0.022782 0.011155 0.001679 0.032528
0 0 0.777437 0.023564 0.014852 0.001426 0.182721
4 0 0.280979 0.131114 0.049485 0.002141 0.536281
0 0 0.445496 0.118115 0.055704 0.001084 0.379602
4 0 0.036721 0.281439 0.101609 0.010898 0.569334
4 0 0.209863 0.094969 0.053145 0.028352 0.613671
4 0 0.298587 0.043228 0.029050 0.007034 0.622101
0 0 0.752094 0.048180 0.019431 0.000288 0.180007
1 0 0.197446 0.584141 0.174256 0.000101 0.044056
1 0 0.146376 0.612952 0.188228 0.000197 0.052247
4 0 0.339839 0.089161 0.046856 0.010991 0.513152
4 0 0.173167 0.018136 0.020160 0.044265 0.744272
0 0 0.902146 0.030847 0.014425 0.001573 0.051010
0 0 0.934217 0.006799 0.006012 0.002963 0.050010
4 0 0.050006 0.385497 0.144376 0.020856 0.399265
4 0 0.074891 0.135349 0.067700 0.022827 0.699233
4 0 0.227205 0.186104 0.079493 0.003934 0.503265
4 0 0.115805 0.060473 0.032241 0.004190 0.787291
4 0 0.275184 0.134554 0.059648 0.011292 0.519322
4 0 0.348709 0.117899 0.046537 0.002176 0.484679
0 0 0.698868 0.035498 0.020847 0.001276 0.243510
1 0 0.176420 0.552914 0.162266 0.002051 0.106350
0 0 0.895940 0.023375 0.010914 0.000333 0.069438
0 0 0.922280 0.017722 0.009643 0.000953 0.049403
0 0 0.870521 0.028180 0.014844 0.001572 0.084884
0 0 0.963401 0.004607 0.004273 0.003787 0.023931
0 0 0.852518 0.005129 0.005257 0.000932 0.136164
0 0 0.532222 0.264344 0.074099 0.000588 0.128746
0 0 0.438699 0.152969 0.056438 0.004039 0.347855
4 0 0.030636 0.087545 0.044800 0.005642 0.831377
4 0 0.015935 0.048061 0.041480 0.000124 0.894400
4 0 0.421587 0.099519 0.041155 0.001859 0.435880
4 0 0.081909 0.117246 0.056242 0.025233 0.719370
4 0 0.105178 0.137949 0.063891 0.000417 0.692565
4 0 0.189767 0.256880 0.108566 0.024181 0.420606
4 0 0.191873 0.267979 0.106700 0.007312 0.426136
4 0 0.027544 0.272081 0.098908 0.000794 0.600673
4 0 0.062019 0.097529 0.045238 0.010751 0.784463
0 0 0.858493 0.035243 0.017871 0.002397 0.085996
0 0 0.793781 0.036930 0.022053 0.006248 0.140987
0 0 0.991422 0.001651 0.001198 0.000107 0.005622
0 0 0.991541 0.001379 0.001115 0.000147 0.005819
0 0 0.966777 0.005636 0.004430 0.001999 0.021158
0 0 0.979839 0.006376 0.003243 0.000167 0.010375
0 0 0.984624 0.004961 0.002473 0.000089 0.007853
0 0 0.989101 0.001504 0.001350 0.000334 0.007711
0 0 0.561534 0.298383 0.117410 0.000038 0.022635
0 0 0.940862 0.018597 0.010560 0.001362 0.028620
1 0 0.249397 0.547534 0.135353 0.000243 0.067473
1 0 0.366060 0.513125 0.107655 0.000006 0.013155
0 0 0.708207 0.139704 0.048529 0.009041 0.094518
0 0 0.658760 0.182218 0.101817 0.001153 0.056052
0 0 0.980258 0.003830 0.002780 0.000563 0.012568
0 0 0.952954 0.004156 0.004542 0.008696 0.029653
0 0 0.790210 0.088940 0.035044 0.007357 0.078449
0 0 0.978742 0.008277 0.003506 0.000089 0.009386
0 0 0.979011 0.004027 0.002944 0.000650 0.013367
0 0 0.965855 0.008554 0.005219 0.000935 0.019436
0 0 0.628721 0.054454 0.029662 0.001030 0.286133
0 0 0.600357 0.064288 0.077066 0.012969 0.245320
0 0 0.847618 0.007004 0.006999 0.002209 0.136170
0 0 0.421892 0.102016 0.055331 0.030450 0.390311
0 0 0.444608 0.105644 0.064408 0.001928 0.383411
4 0 0.248252 0.021237 0.017912 0.004610 0.707989
4 0 0.372405 0.038541 0.030501 0.022610 0.535942
0 0 0.879125 0.033806 0.021433 0.007418 0.058219
0 0 0.980782 0.006287 0.003107 0.000135 0.009688
0 0 0.999832 0.000016 0.000017 0.000000 0.000136
0 0 0.986422 0.001166 0.001362 0.001051 0.010000
0 0 0.992190 0.001122 0.000981 0.000160 0.005547
0 0 0.966275 0.013911 0.005608 0.000183 0.014023
0 0 0.993418 0.002704 0.001357 0.000004 0.002517
0 0 0.951927 0.008627 0.006504 0.003606 0.029335
0 0 0.981472 0.005403 0.002817 0.000121 0.010187
0 0 0.996869 0.000184 0.000230 0.000025 0.002692
0 0 0.970220 0.007622 0.007250 0.000381 0.014528
0 0 0.939385 0.019832 0.009884 0.001418 0.029480
0 0 0.992587 0.000849 0.000850 0.000214 0.005500
0 0 0.489737 0.092407 0.042708 0.004602 0.370546
0 0 0.412192 0.190630 0.058671 0.001797 0.336710
0 0 0.769950 0.069284 0.076959 0.021569 0.062237
0 0 0.677005 0.029535 0.024534 0.002210 0.266715
0 0 0.603947 0.148630 0.062124 0.033924 0.151375
0 0 0.712118 0.143369 0.055643 0.006174 0.082696
1 0 0.043841 0.475745 0.254377 0.046187 0.179849
1 0 0.257783 0.520928 0.130689 0.001812 0.088789
0 0 0.386736 0.225843 0.071949 0.005443 0.310029
0 0 0.630077 0.087713 0.133605 0.052279 0.096326
1 0 0.090104 0.549246 0.184897 0.001153 0.174600
1 0 0.365042 0.482728 0.105223 0.000413 0.046593
0 0 0.397794 0.217774 0.088965 0.103408 0.192059
0 0 0.976927 0.009053 0.003811 0.000102 0.010106
4 0 0.015462 0.022137 0.013294 0.001660 0.947446
4 0 0.050841 0.060132 0.033240 0.010689 0.845099
4 0 0.015030 0.040932 0.019552 0.001820 0.922666
4 0 0.047552 0.134926 0.071463 0.000839 0.745219
4 0 0.127270 0.092731 0.047479 0.013748 0.718772
4 0 0.157729 0.175031 0.055134 0.000089 0.612017
4 0 0.071959 0.018478 0.016463 0.009937 0.883163
0 0 0.862999 0.006145 0.006434 0.002542 0.121880
0 0 0.575526 0.029933 0.025437 0.025189 0.343915
0 0 0.571605 0.020986 0.022234 0.063523 0.321652
0 0 0.722997 0.122608 0.106360 0.004505 0.043530
0 0 0.935296 0.029236 0.010886 0.000471 0.024111
1 0 0.308068 0.397488 0.201949 0.004659 0.087837
0 0 0.406077 0.206810 0.151806 0.002670 0.232637
4 0 0.156571 0.210643 0.114103 0.003312 0.515372
1 0 0.206176 0.495827 0.183089 0.010368 0.104539
4 0 0.268622 0.035640 0.028162 0.016521 0.651055
0 0 0.445511 0.204728 0.080699 0.040702 0.228360
0 0 0.843443 0.059286 0.032460 0.004476 0.060335
0 0 0.946875 0.020026 0.008837 0.000672 0.023591
0 0 0.749779 0.010316 0.010134 0.003597 0.226174
0 0 0.777596 0.033623 0.020450 0.004246 0.164085
0 0 0.498543 0.133363 0.061548 0.002019 0.304527
4 0 0.330344 0.102567 0.069902 0.003815 0.493371
0 0 0.882561 0.038338 0.015611 0.000664 0.062826
0 0 0.486912 0.308792 0.072888 0.003404 0.128005
4 0 0.069156 0.070038 0.062343 0.040734 0.757728
4 0 0.217560 0.036972 0.023834 0.002891 0.718743
4 0 0.205556 0.059792 0.042042 0.003871 0.688740
0 0 0.769730 0.105214 0.028106 0.000258 0.096693
0 0 0.631788 0.013492 0.009475 0.000237 0.345009
4 0 0.157942 0.028053 0.014186 0.000127 0.799692
0 0 0.810966 0.053614 0.023129 0.001618 0.110673
0 0 0.913022 0.017292 0.012024 0.008875 0.048787
4 0 0.100271 0.051112 0.043634 0.040952 0.764032
4 0 0.187605 0.114210 0.059162 0.029462 0.609561
0 0 0.883215 0.066543 0.018168 0.000340 0.031735
0 0 0.757370 0.161183 0.043217 0.000345 0.037885
0 0 0.702742 0.055763 0.018181 0.000050 0.223264
0 0 0.632194 0.214131 0.061263 0.000198 0.092214
0 0 0.446237 0.118881 0.038809 0.000425 0.395648
0 0 0.759913 0.056653 0.030307 0.007265 0.145863
0 0 0.943163 0.021095 0.008786 0.000389 0.026566
0 0 0.851789 0.027926 0.013784 0.000591 0.105909
0 0 0.970024 0.018783 0.004440 0.000012 0.006741
0 0 0.872622 0.057003 0.021394 0.002063 0.046919
0 0 0.999402 0.000017 0.000036 0.000010 0.000535
0 0 0.995267 0.000805 0.000629 0.000041 0.003258
0 0 0.998285 0.000250 0.000212 0.000007 0.001247
0 0 0.996817 0.000159 0.000250 0.000136 0.002638
0 0 0.999664 0.000031 0.000034 0.000001 0.000271
0 0 0.985159 0.003160 0.002153 0.000259 0.009269
0 0 0.783359 0.071903 0.031804 0.006276 0.106659
1 0 0.086373 0.526096 0.166981 0.000169 0.220381
0 0 0.946545 0.009009 0.005482 0.000366 0.038598
4 0 0.145003 0.064356 0.075929 0.016408 0.698304
4 0 0.116883 0.061856 0.035698 0.009651 0.775913
4 0 0.154030 0.194249 0.091222 0.001190 0.559309
0 0 0.920833 0.024480 0.011088 0.000674 0.042925
4 0 0.274090 0.062790 0.028710 0.000753 0.633657
0 0 0.972370 0.005135 0.003826 0.001186 0.017482
0 0 0.967539 0.010951 0.005305 0.000360 0.015845
0 0 0.964851 0.009507 0.005487 0.000815 0.019339
0 0 0.937612 0.019185 0.010041 0.001806 0.031356
0 0 0.710652 0.193613 0.047935 0.000622 0.047178
0 0 0.915690 0.020457 0.010753 0.001057 0.052042
0 0 0.468658 0.242712 0.048168 0.000108 0.240355
0 0 0.942320 0.025084 0.013202 0.000237 0.019157
0 0 0.927576 0.038534 0.011779 0.000251 0.021860
0 0 0.457278 0.199517 0.055727 0.001010 0.286468
0 0 0.966529 0.003972 0.003483 0.001258 0.024758
0 0 0.480628 0.192760 0.066575 0.007624 0.252412
0 0 0.470045 0.171385 0.061698 0.003085 0.293787
4 0 0.428256 0.034328 0.025888 0.009420 0.502109
0 0 0.874488 0.056296 0.020779 0.000571 0.047867
1 0 0.222648 0.523575 0.130557 0.000394 0.122826
0 0 0.711767 0.145862 0.043643 0.002528 0.096200
0 0 0.907900 0.040685 0.015458 0.001106 0.034851
0 0 0.925636 0.059211 0.008082 0.000004 0.007068
0 0 0.981057 0.003249 0.002551 0.000664 0.012478
0 0 0.695908 0.036592 0.033104 0.002933 0.231461
0 0 0.934430 0.016111 0.008599 0.000791 0.040069
0 0 0.500912 0.030733 0.020740 0.002394 0.445221
0 0 0.913241 0.016284 0.008723 0.000435 0.061319
0 0 0.808756 0.063223 0.030508 0.012680 0.084833
1 0 0.244548 0.570277 0.147132 0.000255 0.037789
0 0 0.869337 0.067720 0.021549 0.001038 0.040357
1 0 0.074235 0.507196 0.159012 0.000035 0.259521
0 0 0.937175 0.017135 0.010646 0.002333 0.032711
0 0 0.930749 0.011273 0.008111 0.002834 0.047032
0 0 0.981030 0.004198 0.002790 0.000388 0.011594
0 0 0.981763 0.008232 0.002993 0.000034 0.006978
0 0 0.909110 0.033937 0.016632 0.001851 0.038470
0 0 0.863535 0.080663 0.031228 0.000153 0.024420
0 0 0.666285 0.153375 0.039396 0.000416 0.140528
0 0 0.657470 0.102260 0.050969 0.049979 0.139322
0 0 0.971467 0.013233 0.004705 0.000076 0.010519
0 0 0.913270 0.016017 0.008731 0.000481 0.061501
0 0 0.687346 0.192194 0.048507 0.002376 0.069577
0 0 0.664623 0.143803 0.045053 0.002030 0.144491
0 0 0.835288 0.130791 0.022670 0.000007 0.011243
0 0 0.995807 0.002848 0.000561 0.000000 0.000784
0 0 0.951221 0.040575 0.003953 0.000000 0.004250
0 1 0.673830 0.245917 0.033153 0.000015 0.047084
1 1 0.019258 0.553347 0.318722 0.008116 0.100557
1 1 0.001808 0.394684 0.351206 0.000044 0.252258
2 1 0.001315 0.163107 0.783886 0.015909 0.035784
2 1 0.001261 0.160295 0.805793 0.016009 0.016642
4 1 0.013456 0.265371 0.098670 0.000001 0.622502
1 1 0.013020 0.417481 0.210789 0.000106 0.358605
2 1 0.001590 0.202057 0.514310 0.000327 0.281716
2 1 0.003780 0.276803 0.549610 0.000935 0.168873
4 1 0.013226 0.010123 0.006935 0.000402 0.969314
4 1 0.044073 0.229725 0.073684 0.013191 0.639328
4 4 0.014060 0.275257 0.126940 0.002689 0.581054
4 4 0.020650 0.168995 0.059582 0.003989 0.746784
4 4 0.092112 0.085504 0.016776 0.000001 0.805607
4 4 0.034863 0.056493 0.009183 0.000000 0.899461
4 4 0.012136 0.086192 0.049443 0.000051 0.852178
0 4 0.806333 0.045761 0.021667 0.000569 0.125670
4 4 0.227039 0.161914 0.112606 0.005500 0.492941
4 4 0.120130 0.208500 0.055074 0.000667 0.615630
4 4 0.048801 0.135479 0.030790 0.000054 0.784876
4 4 0.019345 0.263173 0.097611 0.000043 0.619828
4 4 0.019342 0.117782 0.036592 0.001290 0.824994
4 4 0.021118 0.016206 0.011725 0.002386 0.948565
4 4 0.031211 0.004040 0.004347 0.000509 0.959893
4 4 0.035673 0.007096 0.006694 0.000974 0.949563
4 4 0.038191 0.248277 0.086401 0.000014 0.627117
4 4 0.017787 0.041729 0.033913 0.000955 0.905617
4 4 0.023780 0.001348 0.001663 0.000048 0.973162
0 4 0.786807 0.034387 0.019607 0.002687 0.156512
4 4 0.027002 0.075406 0.053257 0.001455 0.842879
4 4 0.037039 0.026285 0.018243 0.005713 0.912720
4 4 0.142887 0.046539 0.069978 0.016842 0.723754
0 4 0.716229 0.031370 0.017829 0.001073 0.233499
