0 0 0.922308 0.034012 0.034753 0.000760 0.008167
0 0 0.846057 0.064158 0.065860 0.000005 0.023920
0 0 0.919201 0.036470 0.016729 0.003254 0.024346
0 0 0.794491 0.077213 0.026012 0.001437 0.100846
0 0 0.924383 0.037826 0.018350 0.009362 0.010078
0 0 0.883663 0.058850 0.027204 0.016515 0.013767
0 0 0.937900 0.026594 0.016870 0.001080 0.017556
0 0 0.999464 0.000138 0.000173 0.000065 0.000159
0 0 0.995825 0.001770 0.001078 0.000115 0.001212
0 0 0.551032 0.296854 0.056844 0.002037 0.093233
1 0 0.074501 0.577928 0.253162 0.000366 0.094044
0 0 0.932894 0.037324 0.011580 0.000541 0.017661
1 0 0.193775 0.446036 0.289436 0.001068 0.069684
2 0 0.053778 0.217387 0.709474 0.006829 0.012531
1 1 0.023167 0.571300 0.328830 0.000031 0.076672
1 1 0.014537 0.516128 0.436235 0.000071 0.033029
2 1 0.003823 0.189522 0.799130 0.000084 0.007442
2 1 0.000041 0.034330 0.964654 0.000415 0.000560
2 1 0.000769 0.157282 0.817109 0.000395 0.024446
2 1 0.000296 0.102010 0.835059 0.000177 0.062457
4 1 0.070644 0.224745 0.084612 0.000048 0.619951
4 4 0.044472 0.310144 0.072917 0.000062 0.572406
4 4 0.018825 0.275205 0.106679 0.000012 0.599280
4 4 0.010384 0.113198 0.039126 0.000015 0.837277
1 4 0.030312 0.537428 0.238893 0.000029 0.193339
4 4 0.084934 0.339376 0.072277 0.004188 0.499225
2 4 0.005661 0.297817 0.379412 0.000037 0.317073
1 4 0.034323 0.461014 0.167801 0.000031 0.336831
1 4 0.015575 0.398638 0.237000 0.000012 0.348774
4 4 0.010939 0.327618 0.211777 0.000005 0.449661
4 4 0.005223 0.168041 0.149422 0.000028 0.677286
1 4 0.019092 0.465372 0.204459 0.000001 0.311076
4 4 0.012302 0.134671 0.043765 0.000009 0.809253
4 4 0.041582 0.196401 0.033970 0.000044 0.728002
2 4 0.001915 0.209085 0.641852 0.000400 0.146748
2 4 0.000798 0.182265 0.790933 0.000026 0.025978
2 4 0.003043 0.286081 0.622007 0.000073 0.088797
1 4 0.017945 0.502731 0.300021 0.000009 0.179294
1 4 0.130041 0.565862 0.161375 0.000468 0.142254
1 0 0.222304 0.493252 0.162077 0.000053 0.122313
1 0 0.024564 0.567397 0.354336 0.000146 0.053557
1 1 0.130033 0.581890 0.210244 0.001832 0.076001
1 1 0.031584 0.560086 0.367207 0.002976 0.038147
1 2 0.125131 0.483048 0.345295 0.001667 0.044858
2 2 0.000063 0.056399 0.942748 0.000103 0.000687
2 2 0.003891 0.293169 0.690127 0.002507 0.010306
2 2 0.000058 0.043906 0.949704 0.005814 0.000518
2 2 0.007802 0.286473 0.544164 0.126921 0.034640
2 2 0.000280 0.034586 0.927247 0.037334 0.000553
2 2 0.003102 0.070289 0.870830 0.053812 0.001968
2 2 0.001064 0.086195 0.909980 0.000821 0.001941
2 2 0.000002 0.009399 0.990116 0.000436 0.000047
2 2 0.013198 0.017127 0.944772 0.024252 0.000652
2 2 0.000000 0.000541 0.805036 0.194421 0.000001
2 2 0.011414 0.232150 0.704861 0.036407 0.015168
2 2 0.002603 0.243779 0.741542 0.004443 0.007633
2 2 0.053997 0.441283 0.454285 0.013932 0.036502
2 2 0.000005 0.010710 0.988602 0.000617 0.000066
2 2 0.000142 0.068240 0.926960 0.003653 0.001004
2 2 0.000002 0.008275 0.970128 0.021518 0.000077
2 2 0.000005 0.001463 0.979106 0.019406 0.000020
2 2 0.000000 0.000136 0.996427 0.003437 0.000000
2 2 0.000001 0.002848 0.984537 0.012602 0.000012
2 2 0.000016 0.000172 0.822891 0.176920 0.000001
2 2 0.000000 0.000011 0.771459 0.228530 0.000000
2 2 0.000000 0.000025 0.757894 0.242082 0.000000
2 2 0.000178 0.006049 0.742153 0.251539 0.000081
3 2 0.000002 0.000208 0.234426 0.765360 0.000003
3 2 0.000000 0.000005 0.050372 0.949623 0.000000
3 2 0.000000 0.000018 0.257018 0.742964 0.000000
3 2 0.000014 0.000210 0.188657 0.811113 0.000007
3 2 0.000000 0.000023 0.376975 0.623002 0.000000
3 3 0.000000 0.000000 0.013523 0.986477 0.000000
3 3 0.000000 0.000002 0.120373 0.879625 0.000000
3 3 0.000001 0.000182 0.050875 0.948892 0.000050
3 3 0.002054 0.000949 0.060949 0.935674 0.000373
3 3 0.000006 0.000050 0.018493 0.981430 0.000021
3 3 0.000000 0.000002 0.220227 0.779772 0.000000
3 3 0.000003 0.000197 0.056574 0.943203 0.000024
3 3 0.000023 0.000798 0.067190 0.931848 0.000142
3 3 0.000000 0.000002 0.016735 0.983263 0.000000
3 3 0.000001 0.000004 0.033589 0.966407 0.000000
3 3 0.000000 0.000000 0.001021 0.998979 0.000000
3 3 0.000000 0.000000 0.001053 0.998947 0.000000
3 3 0.000000 0.000000 0.002436 0.997564 0.000000
3 3 0.000000 0.000000 0.004306 0.995694 0.000000
3 3 0.000000 0.000000 0.002771 0.997229 0.000000
3 3 0.000000 0.000000 0.001655 0.998345 0.000000
3 3 0.000000 0.000008 0.007439 0.992550 0.000003
3 3 0.000000 0.000001 0.006660 0.993339 0.000000
3 3 0.000000 0.000000 0.000163 0.999837 0.000000
3 3 0.000000 0.000000 0.001310 0.998690 0.000000
3 3 0.000006 0.000002 0.013617 0.986374 0.000000
3 3 0.000129 0.000228 0.030075 0.969495 0.000073
3 3 0.000000 0.000000 0.002615 0.997385 0.000000
3 3 0.000000 0.000000 0.002853 0.997147 0.000000
3 3 0.000002 0.000003 0.011254 0.988740 0.000001
3 3 0.000000 0.000000 0.003063 0.996937 0.000000
3 3 0.000000 0.000000 0.003789 0.996211 0.000000
3 3 0.000005 0.000001 0.008417 0.991578 0.000000
3 3 0.000000 0.000004 0.008619 0.991376 0.000001
3 3 0.000000 0.000000 0.000713 0.999287 0.000000
3 3 0.000002 0.000004 0.007134 0.992858 0.000001
3 3 0.000000 0.000001 0.001742 0.998256 0.000001
3 3 0.000460 0.000223 0.013490 0.985356 0.000471
3 3 0.003147 0.001600 0.038657 0.954955 0.001641
3 3 0.000002 0.000022 0.015862 0.984109 0.000005
3 3 0.000005 0.000005 0.008668 0.991322 0.000001
3 3 0.000000 0.000000 0.003585 0.996414 0.000000
3 3 0.000001 0.000002 0.005765 0.994232 0.000000
3 3 0.000000 0.000000 0.000113 0.999887 0.000000
3 3 0.000000 0.000000 0.005608 0.994392 0.000000
3 3 0.000001 0.000000 0.002745 0.997253 0.000000
3 3 0.000005 0.000006 0.004854 0.995130 0.000005
3 3 0.000000 0.000000 0.002656 0.997344 0.000000
3 3 0.000177 0.000685 0.025058 0.973318 0.000762
3 3 0.000000 0.000001 0.003981 0.996017 0.000000
3 3 0.000000 0.000000 0.002835 0.997165 0.000000
3 3 0.000030 0.000054 0.006566 0.993196 0.000154
3 3 0.000106 0.000001 0.005885 0.994008 0.000000
3 3 0.000011 0.000009 0.008807 0.991170 0.000003
3 3 0.003903 0.000123 0.013574 0.982200 0.000201
3 3 0.000000 0.000000 0.022948 0.977051 0.000000
3 3 0.000000 0.000000 0.000745 0.999255 0.000000
3 3 0.000000 0.000000 0.001594 0.998406 0.000000
3 3 0.000000 0.000001 0.011892 0.988107 0.000000
3 3 0.000000 0.000000 0.001112 0.998888 0.000000
3 3 0.000000 0.000001 0.004337 0.995662 0.000000
3 3 0.000019 0.000039 0.106987 0.892954 0.000000
3 3 0.000001 0.000001 0.005854 0.994144 0.000000
3 3 0.029040 0.000678 0.021169 0.947419 0.001694
3 0 0.010186 0.001103 0.035568 0.951994 0.001149
0 0 0.891447 0.002167 0.053425 0.052510 0.000452
2 1 0.212546 0.147718 0.547957 0.080037 0.011742
3 1 0.014291 0.003661 0.351446 0.588935 0.041667
4 1 0.002805 0.007922 0.381407 0.127757 0.480108
3 1 0.002503 0.000644 0.042168 0.887740 0.066945
0 0 0.656696 0.001510 0.054570 0.275690 0.011533
3 0 0.004463 0.001894 0.060593 0.905618 0.027431
4 0 0.203754 0.003934 0.026084 0.040788 0.725440
3 0 0.000106 0.001472 0.150829 0.846254 0.001339
3 0 0.002195 0.008887 0.052354 0.920404 0.016161
3 0 0.000005 0.000118 0.014627 0.985166 0.000085
3 0 0.003406 0.017200 0.115434 0.856002 0.007960
3 0 0.000101 0.000843 0.027138 0.971050 0.000867
3 0 0.000509 0.000429 0.011261 0.985595 0.002206
4 0 0.083559 0.046270 0.125609 0.191459 0.553102
2 2 0.006450 0.010170 0.858203 0.122164 0.003013
0 2 0.887094 0.055817 0.026511 0.017547 0.013032
2 2 0.087948 0.238257 0.619538 0.038324 0.015933
0 2 0.857682 0.042199 0.059331 0.016304 0.024483
0 0 0.967501 0.009853 0.018186 0.000548 0.003912
3 0 0.005158 0.001305 0.067358 0.925838 0.000341
3 0 0.002913 0.014565 0.157088 0.821847 0.003588
2 0 0.013704 0.167126 0.806633 0.001919 0.010617
2 0 0.000247 0.077254 0.915308 0.005834 0.001356
0 0 0.568287 0.060469 0.353010 0.000420 0.017814
0 0 0.989646 0.001515 0.004154 0.001765 0.002919
0 0 0.957492 0.012259 0.006206 0.000460 0.023583
0 0 0.976071 0.004190 0.001040 0.000001 0.018698
0 0 0.495017 0.194555 0.073799 0.011137 0.225491
2 1 0.008610 0.336815 0.588941 0.039959 0.025676
2 1 0.000466 0.109185 0.874249 0.013328 0.002772
2 2 0.000443 0.106951 0.876515 0.013998 0.002093
2 2 0.001993 0.090008 0.895031 0.010326 0.002643
2 2 0.000135 0.058508 0.906882 0.033624 0.000850
2 2 0.002090 0.178416 0.809637 0.004781 0.005077
1 2 0.328135 0.389242 0.211646 0.000285 0.070692
1 2 0.028812 0.534795 0.390701 0.005777 0.039916
2 2 0.003272 0.241671 0.712510 0.020058 0.022489
2 2 0.000880 0.139576 0.829962 0.025812 0.003770
2 2 0.000550 0.125603 0.866919 0.004323 0.002604
2 2 0.000021 0.029170 0.968950 0.001590 0.000269
2 2 0.137649 0.179899 0.657641 0.012207 0.012604
1 2 0.109299 0.555602 0.273220 0.009277 0.052601
0 2 0.970084 0.013077 0.010022 0.000825 0.005992
0 2 0.377453 0.325944 0.253558 0.002960 0.040085
2 2 0.056210 0.224516 0.706258 0.000036 0.012980
1 2 0.054651 0.609690 0.276221 0.004179 0.055258
2 2 0.007430 0.354833 0.615385 0.007408 0.014944
2 2 0.000499 0.118541 0.872877 0.005688 0.002395
2 2 0.000003 0.007246 0.990527 0.002185 0.000039
2 2 0.000005 0.001960 0.980226 0.017798 0.000011
2 2 0.000751 0.032454 0.942646 0.023524 0.000625
0 0 0.547536 0.206935 0.216380 0.002611 0.026537
0 0 0.771593 0.133546 0.047809 0.017377 0.029675
2 0 0.010752 0.451337 0.512385 0.000316 0.025209
1 0 0.029692 0.576864 0.343495 0.000449 0.049499
2 1 0.000000 0.000198 0.893829 0.105973 0.000000
2 1 0.000251 0.038778 0.934285 0.026075 0.000611
0 1 0.927031 0.035700 0.023620 0.004918 0.008732
0 0 0.727448 0.141903 0.099945 0.007372 0.023333
0 0 0.818688 0.110085 0.030719 0.002331 0.038176
0 0 0.918765 0.045438 0.017636 0.003257 0.014904
1 0 0.220317 0.519937 0.176385 0.019407 0.063954
1 1 0.038301 0.552136 0.354606 0.015624 0.039333
2 1 0.000739 0.128870 0.839488 0.028026 0.002877
1 2 0.051171 0.523418 0.296178 0.087674 0.041559
1 2 0.082619 0.628887 0.219170 0.008727 0.060597
1 0 0.063969 0.635467 0.228304 0.001016 0.071243
0 0 0.514189 0.313351 0.086076 0.000957 0.085427
1 1 0.223501 0.509571 0.191717 0.012407 0.062804
1 1 0.078840 0.545215 0.199411 0.021914 0.154620
1 1 0.107614 0.444124 0.394558 0.000695 0.053009
0 0 0.997343 0.001060 0.000607 0.000030 0.000959
0 0 0.994480 0.002404 0.001443 0.000187 0.001485
0 0 0.980774 0.002913 0.001123 0.000005 0.015186
0 0 0.947734 0.007655 0.003530 0.000063 0.041017
0 0 0.437576 0.353274 0.102676 0.010013 0.096462
0 1 0.298304 0.291304 0.119683 0.000116 0.290593
1 1 0.081996 0.635187 0.210623 0.004306 0.067888
2 1 0.005696 0.288779 0.642147 0.039376 0.024001
0 0 0.844050 0.092436 0.022260 0.000659 0.040595
1 0 0.328428 0.460315 0.120171 0.011149 0.079937
1 0 0.065974 0.602718 0.261909 0.016774 0.052625
1 0 0.250077 0.465500 0.219709 0.003762 0.060951
0 0 0.948549 0.026762 0.014150 0.000631 0.009908
0 1 0.923398 0.039432 0.018985 0.007439 0.010746
0 1 0.946329 0.024262 0.017236 0.006180 0.005993
0 1 0.950206 0.026258 0.011740 0.002747 0.009050
0 1 0.746393 0.058155 0.021972 0.000977 0.172503
0 1 0.831738 0.046216 0.020455 0.001871 0.099720
0 0 0.922791 0.008244 0.004786 0.000050 0.064130
0 0 0.998669 0.000348 0.000308 0.000031 0.000644
0 0 0.998610 0.000134 0.000272 0.000284 0.000699
0 0 0.848746 0.026381 0.023298 0.025450 0.076124
0 0 0.975782 0.005336 0.002851 0.000117 0.015914
0 0 0.975345 0.011591 0.003343 0.000036 0.009685
0 0 0.337150 0.248125 0.221248 0.000186 0.193292
4 0 0.193778 0.334321 0.048184 0.000367 0.423349
0 0 0.601396 0.091281 0.292067 0.004466 0.010790
0 0 0.971921 0.002928 0.008876 0.015539 0.000736
0 0 0.974711 0.003084 0.003060 0.000843 0.018302
0 0 0.980664 0.002449 0.003440 0.006303 0.007143
4 0 0.366008 0.205404 0.059912 0.001046 0.367630
0 0 0.428081 0.149305 0.047609 0.001397 0.373607
0 0 0.949800 0.003387 0.002148 0.000050 0.044614
0 0 0.971389 0.001098 0.001513 0.000356 0.025644
0 0 0.994839 0.002221 0.001387 0.000207 0.001347
0 0 0.999222 0.000260 0.000251 0.000056 0.000212
0 0 0.990268 0.001211 0.001070 0.000098 0.007353
0 0 0.758758 0.023800 0.012033 0.000520 0.204890
0 0 0.972778 0.013559 0.004406 0.000104 0.009154
0 0 0.441531 0.095124 0.072489 0.001260 0.389596
0 0 0.987259 0.005403 0.002893 0.000293 0.004151
0 0 0.621664 0.105728 0.195173 0.019069 0.058366
0 0 0.982992 0.002811 0.001567 0.000039 0.012591
0 0 0.841307 0.030222 0.017565 0.002852 0.108053
0 0 0.862376 0.030710 0.015000 0.001294 0.090620
3 0 0.038977 0.057523 0.129438 0.686343 0.087719
0 0 0.990406 0.003666 0.003631 0.000428 0.001869
0 0 0.992451 0.002465 0.004033 0.000065 0.000986
0 0 0.873074 0.053210 0.019834 0.001584 0.052298
0 0 0.671929 0.208487 0.061939 0.004333 0.053312
0 0 0.931000 0.035617 0.021358 0.001406 0.010619
0 0 0.938963 0.020316 0.033814 0.000008 0.006899
0 0 0.998374 0.000593 0.000543 0.000074 0.000415
0 0 0.997981 0.000788 0.000538 0.000051 0.000642
0 0 0.793896 0.125667 0.035588 0.001272 0.043577
2 0 0.203369 0.271850 0.494394 0.002463 0.027924
0 0 0.905377 0.051217 0.026529 0.001171 0.015706
0 0 0.791143 0.109630 0.061663 0.000065 0.037499
0 0 0.992425 0.003156 0.001599 0.000070 0.002751
0 0 0.887449 0.043261 0.014183 0.000161 0.054946
0 0 0.904457 0.033884 0.018352 0.000689 0.042618
0 0 0.633386 0.108857 0.048770 0.010469 0.198517
0 0 0.989809 0.004526 0.001703 0.000033 0.003929
0 0 0.998541 0.000342 0.000229 0.000005 0.000882
0 0 0.872776 0.046977 0.068556 0.000054 0.011637
0 0 0.971018 0.011539 0.007576 0.006461 0.003406
0 0 0.923216 0.042543 0.016977 0.003413 0.013852
0 0 0.956561 0.002543 0.001434 0.000015 0.039446
0 0 0.780544 0.037516 0.059100 0.081709 0.041131
0 0 0.962490 0.015531 0.016974 0.000900 0.004105
1 1 0.106168 0.637178 0.168933 0.003960 0.083761
1 1 0.017669 0.506280 0.444639 0.000757 0.030656
0 1 0.571101 0.160537 0.077533 0.003418 0.187411
0 0 0.713322 0.169575 0.044088 0.003049 0.069967
0 0 0.998713 0.000474 0.000331 0.000023 0.000459
0 0 0.994110 0.002357 0.001404 0.000007 0.002123
0 0 0.600721 0.060336 0.017686 0.000197 0.321059
0 0 0.526577 0.031558 0.013209 0.000265 0.428391
0 0 0.481777 0.036464 0.013869 0.000160 0.467730
4 0 0.003151 0.001781 0.000723 0.000001 0.994344
4 4 0.024119 0.319604 0.188899 0.000013 0.467365
4 4 0.050370 0.135657 0.049138 0.000265 0.764570
4 4 0.006428 0.096658 0.049905 0.000043 0.846966
4 4 0.019131 0.129838 0.042346 0.000094 0.808590
4 4 0.165657 0.083426 0.043920 0.000286 0.706711
4 4 0.016743 0.192016 0.079533 0.000130 0.711579
1 4 0.191016 0.357157 0.171258 0.002688 0.277881
4 4 0.033662 0.350467 0.133923 0.000330 0.481618
4 4 0.002577 0.030339 0.016883 0.000006 0.950195
4 4 0.009271 0.063685 0.019179 0.000108 0.907756
4 4 0.015193 0.197822 0.100951 0.000385 0.685649
4 4 0.014040 0.185585 0.080001 0.000051 0.720323
4 4 0.013193 0.183661 0.092034 0.000155 0.710957
2 4 0.004054 0.262316 0.628883 0.005326 0.099422
1 4 0.030549 0.554035 0.251599 0.000032 0.163784
4 4 0.016166 0.267005 0.117565 0.000014 0.599250
1 4 0.013721 0.401801 0.377678 0.000534 0.206266
2 4 0.001801 0.221573 0.764955 0.001107 0.010564
2 4 0.001208 0.206097 0.786951 0.000178 0.005566
1 4 0.016779 0.504589 0.399710 0.000122 0.078800
1 4 0.019427 0.386499 0.303223 0.002356 0.288495
1 4 0.028524 0.481137 0.306641 0.001780 0.181917
2 4 0.006530 0.332282 0.635719 0.010890 0.014580
2 4 0.007207 0.377990 0.597571 0.001245 0.015988
2 4 0.002708 0.264689 0.720985 0.000944 0.010675
2 4 0.001973 0.226664 0.762865 0.001890 0.006608
0 4 0.953117 0.023878 0.013862 0.000934 0.008209
0 0 0.995039 0.001380 0.001380 0.001645 0.000556
0 0 0.982888 0.002122 0.002053 0.000403 0.012534
0 1 0.473380 0.113704 0.040816 0.002673 0.369427
1 1 0.012653 0.487740 0.465711 0.000112 0.033785
2 1 0.000501 0.118110 0.872742 0.006260 0.002387
1 1 0.031655 0.597525 0.315874 0.000168 0.054778
1 1 0.035876 0.557171 0.352329 0.000061 0.054562
0 0 0.812312 0.106713 0.046267 0.000441 0.034267
1 0 0.149805 0.601792 0.139005 0.035032 0.074366
3 1 0.008172 0.001855 0.023395 0.959531 0.007047
0 1 0.881970 0.037258 0.038094 0.035159 0.007520
1 1 0.321336 0.443548 0.128318 0.000399 0.106399
2 1 0.005736 0.066022 0.911426 0.014768 0.002048
0 1 0.857385 0.079920 0.028396 0.000170 0.034129
0 1 0.416843 0.318827 0.195978 0.000128 0.068224
2 4 0.073540 0.422454 0.457877 0.000572 0.045557
2 4 0.006713 0.267702 0.554553 0.136255 0.034777
2 4 0.003335 0.261692 0.718233 0.007987 0.008753
2 4 0.003159 0.221607 0.692408 0.075489 0.007337
2 4 0.000281 0.027207 0.767645 0.204415 0.000452
2 4 0.002464 0.162300 0.823454 0.007066 0.004716
2 4 0.002270 0.256125 0.732252 0.000425 0.008928
1 2 0.049183 0.602321 0.287246 0.002975 0.058274
2 2 0.000003 0.012084 0.987485 0.000359 0.000069
2 2 0.000311 0.053542 0.944315 0.000936 0.000896
2 2 0.000020 0.007288 0.990918 0.001715 0.000059
2 2 0.000080 0.009272 0.989812 0.000736 0.000100
2 2 0.000002 0.010432 0.989364 0.000148 0.000054
2 2 0.002822 0.054267 0.920388 0.021090 0.001433
2 2 0.004596 0.233941 0.734118 0.019118 0.008227
2 2 0.000361 0.021783 0.968452 0.009056 0.000347
2 2 0.000000 0.002295 0.975054 0.022643 0.000008
2 2 0.000002 0.008419 0.989613 0.001925 0.000042
2 2 0.000345 0.089697 0.871658 0.036650 0.001650
2 2 0.001233 0.090459 0.903361 0.002831 0.002117
2 2 0.000001 0.001713 0.993424 0.004856 0.000006
2 2 0.000000 0.000047 0.969595 0.030358 0.000000
2 2 0.000494 0.121064 0.872470 0.003410 0.002562
2 2 0.000000 0.001993 0.997378 0.000623 0.000006
2 2 0.000030 0.033485 0.963586 0.002563 0.000336
2 2 0.000000 0.001012 0.948877 0.050108 0.000003
2 2 0.000002 0.006642 0.841962 0.151359 0.000035
2 2 0.000001 0.005689 0.924689 0.069595 0.000026
2 2 0.018491 0.390309 0.434105 0.083026 0.074068
2 2 0.040980 0.095556 0.457455 0.391670 0.014340
4 2 0.184127 0.143234 0.218666 0.133500 0.320472
1 2 0.029967 0.468398 0.230434 0.000199 0.271002
2 2 0.000213 0.018249 0.859219 0.122052 0.000268
2 2 0.000381 0.050304 0.652428 0.291039 0.005847
3 2 0.000097 0.001293 0.345887 0.651496 0.001227
3 2 0.044541 0.002991 0.025890 0.906280 0.020298
0 2 0.937954 0.008610 0.016656 0.030080 0.006700
3 2 0.019504 0.004654 0.127131 0.846053 0.002658
3 2 0.043778 0.025602 0.281965 0.638484 0.010170
3 2 0.226746 0.155633 0.264183 0.324894 0.028544
1 2 0.109958 0.507422 0.293799 0.009563 0.079258
2 2 0.006317 0.270073 0.578405 0.127231 0.017974
2 2 0.000324 0.074961 0.778531 0.143273 0.002911
2 2 0.000127 0.012788 0.590249 0.396653 0.000183
2 2 0.000076 0.044903 0.938036 0.009639 0.007347
2 2 0.000509 0.104938 0.889100 0.003283 0.002170
2 2 0.002896 0.225959 0.707909 0.016908 0.046328
1 2 0.062603 0.513526 0.334151 0.010499 0.079222
2 2 0.000900 0.131621 0.802685 0.059553 0.005241
2 2 0.000614 0.034618 0.567680 0.396339 0.000749
0 2 0.697827 0.099627 0.076601 0.060672 0.065273
0 0 0.313007 0.253315 0.160422 0.107600 0.165656
0 0 0.684284 0.081183 0.113172 0.109163 0.012198
0 0 0.816337 0.045356 0.077440 0.053384 0.007482
1 0 0.152158 0.587627 0.120510 0.011800 0.127905
1 1 0.029956 0.492688 0.397351 0.047909 0.032096
2 1 0.000013 0.017185 0.864339 0.118320 0.000143
2 2 0.000001 0.003470 0.940208 0.056290 0.000031
2 2 0.000103 0.021349 0.861275 0.116999 0.000274
2 2 0.000001 0.000357 0.996366 0.003275 0.000001
2 2 0.000000 0.000437 0.966669 0.032892 0.000001
2 2 0.000000 0.000693 0.992812 0.006492 0.000002
2 2 0.000000 0.000243 0.983456 0.016301 0.000000
2 2 0.000363 0.019043 0.794134 0.186142 0.000320
2 2 0.000014 0.010616 0.942870 0.046415 0.000084
2 2 0.000056 0.015230 0.971761 0.012791 0.000162
2 2 0.000000 0.000751 0.996611 0.002636 0.000002
2 2 0.000236 0.040624 0.949668 0.008842 0.000630
2 2 0.000007 0.008127 0.959246 0.032567 0.000054
2 2 0.000008 0.001221 0.836179 0.162585 0.000007
2 2 0.000000 0.001404 0.975237 0.023354 0.000005
2 2 0.000001 0.002891 0.872808 0.124289 0.000011
2 2 0.000002 0.003497 0.988756 0.007726 0.000018
2 2 0.000016 0.002838 0.855835 0.141265 0.000047
2 2 0.000000 0.000064 0.616781 0.383149 0.000006
2 3 0.000000 0.000278 0.988082 0.011640 0.000001
2 3 0.000094 0.003527 0.589822 0.404561 0.001997
3 3 0.000002 0.000335 0.216399 0.783256 0.000008
2 3 0.000000 0.000073 0.926403 0.073524 0.000000
2 2 0.000000 0.000729 0.997205 0.002064 0.000001
2 2 0.000000 0.000034 0.705914 0.294052 0.000000
2 2 0.000000 0.001358 0.818447 0.180179 0.000016
2 2 0.000000 0.000100 0.711833 0.288067 0.000000
2 2 0.000003 0.000832 0.532890 0.466269 0.000007
3 2 0.000012 0.002009 0.363772 0.634145 0.000062
2 2 0.000000 0.002278 0.886630 0.111084 0.000007
2 2 0.000249 0.010817 0.804029 0.184743 0.000162
3 2 0.000001 0.000215 0.123978 0.875805 0.000002
3 2 0.000000 0.000027 0.071469 0.928503 0.000001
3 2 0.000002 0.000105 0.044774 0.955114 0.000005
2 2 0.004273 0.059104 0.781223 0.150016 0.005384
3 2 0.004180 0.004092 0.039595 0.944089 0.008043
2 2 0.001041 0.090799 0.460129 0.432613 0.015417
2 2 0.000078 0.034676 0.724905 0.238334 0.002006
2 2 0.000987 0.136610 0.793316 0.064462 0.004624
1 2 0.038045 0.537628 0.385813 0.001432 0.037081
2 2 0.000008 0.002795 0.945469 0.051711 0.000018
2 2 0.012036 0.082943 0.834903 0.066989 0.003129
2 2 0.000020 0.007578 0.732515 0.259819 0.000068
2 2 0.000000 0.000236 0.974673 0.025090 0.000001
2 2 0.000139 0.005641 0.546656 0.447405 0.000158
3 2 0.002820 0.128228 0.358400 0.496547 0.014004
2 2 0.000000 0.002085 0.581948 0.415914 0.000053
2 2 0.000177 0.053969 0.763288 0.178904 0.003662
2 2 0.000005 0.008987 0.738542 0.252399 0.000067
2 2 0.000009 0.012939 0.750217 0.236731 0.000103
2 2 0.000048 0.001859 0.788113 0.209946 0.000033
2 2 0.000014 0.000113 0.540314 0.459558 0.000001
2 2 0.000017 0.011230 0.943171 0.045490 0.000093
2 2 0.000030 0.002618 0.909871 0.087459 0.000022
2 2 0.000001 0.000054 0.679886 0.320059 0.000000
2 2 0.004138 0.016360 0.708267 0.270712 0.000524
3 2 0.000000 0.000015 0.141603 0.858376 0.000005
2 2 0.000023 0.021794 0.840298 0.137428 0.000456
0 2 0.953671 0.005734 0.007236 0.011644 0.021715
2 0 0.074572 0.296822 0.581421 0.002739 0.044446
2 0 0.000664 0.017052 0.580019 0.400749 0.001517
3 0 0.000041 0.009023 0.445442 0.544949 0.000545
2 0 0.038918 0.151159 0.795644 0.006617 0.007662
1 4 0.342327 0.362061 0.182032 0.036870 0.076709
0 4 0.905088 0.032013 0.032742 0.014733 0.015424
0 4 0.998518 0.000189 0.000329 0.000809 0.000156
1 1 0.331446 0.333989 0.112460 0.000707 0.221397
1 1 0.105748 0.415425 0.090518 0.008794 0.379515
2 4 0.004059 0.270340 0.697162 0.018912 0.009527
2 4 0.003453 0.239414 0.702648 0.046404 0.008081
2 4 0.000786 0.133050 0.837112 0.026035 0.003017
2 4 0.000242 0.073657 0.868544 0.056314 0.001243
2 4 0.000000 0.000175 0.514629 0.485196 0.000000
2 4 0.000093 0.015758 0.808809 0.175143 0.000197
1 4 0.031764 0.541968 0.379397 0.008114 0.038757
0 4 0.862034 0.070484 0.031721 0.020024 0.015737
0 0 0.455019 0.327775 0.157919 0.003279 0.056008
1 0 0.186113 0.464678 0.292351 0.009578 0.047280
1 0 0.045253 0.536430 0.297627 0.014216 0.106474
2 4 0.014400 0.421981 0.515458 0.015776 0.032385
2 4 0.000375 0.102837 0.887602 0.007249 0.001937
2 4 0.000829 0.150410 0.840399 0.004108 0.004255
2 4 0.000009 0.012614 0.781956 0.204882 0.000540
2 4 0.000018 0.022699 0.942404 0.034676 0.000203
2 2 0.002488 0.264469 0.715607 0.000353 0.017083
2 2 0.005789 0.278688 0.625030 0.065519 0.024973
2 2 0.000046 0.030776 0.834512 0.134270 0.000395
2 2 0.000060 0.010715 0.774037 0.214864 0.000324
1 2 0.027852 0.564577 0.369545 0.000870 0.037155
0 2 0.559237 0.201602 0.161986 0.000285 0.076890
0 0 0.927493 0.027028 0.012090 0.001203 0.032186
0 0 0.376243 0.323917 0.072829 0.000802 0.226209
1 1 0.066274 0.472029 0.152612 0.003077 0.306008
4 1 0.419023 0.090951 0.025569 0.000389 0.464068
4 1 0.090904 0.035173 0.023533 0.007576 0.842813
0 0 0.524047 0.154468 0.056431 0.007279 0.257775
2 0 0.000518 0.108995 0.856756 0.031511 0.002221
2 2 0.000046 0.037643 0.950859 0.011035 0.000417
2 2 0.013067 0.067426 0.905200 0.011833 0.002474
2 2 0.007721 0.396593 0.573927 0.000583 0.021177
2 2 0.003072 0.232279 0.719817 0.028976 0.015855
2 2 0.009775 0.387316 0.576544 0.008670 0.017695
2 2 0.000000 0.000979 0.997876 0.001143 0.000002
2 2 0.000759 0.024390 0.971332 0.003066 0.000454
2 2 0.013104 0.047526 0.900776 0.030517 0.008078
0 2 0.850750 0.039628 0.100745 0.002868 0.006009
0 2 0.415056 0.351012 0.163446 0.017388 0.053098
0 0 0.865939 0.060612 0.058842 0.003444 0.011162
0 0 0.971207 0.014811 0.005424 0.000261 0.008297
0 0 0.997921 0.000717 0.000319 0.000003 0.001040
0 0 0.997805 0.000500 0.000610 0.000852 0.000233
0 0 0.998088 0.000100 0.000178 0.000039 0.001594
0 0 0.781004 0.011600 0.065166 0.140238 0.001992
0 0 0.980107 0.006402 0.004258 0.000928 0.008304
0 0 0.881437 0.015697 0.013732 0.006702 0.082433
0 0 0.508578 0.186618 0.073352 0.000559 0.230893
1 1 0.018400 0.499047 0.449109 0.001580 0.031864
2 1 0.002621 0.262850 0.668775 0.000205 0.065549
4 4 0.015348 0.145746 0.043929 0.000017 0.794960
4 4 0.053100 0.253731 0.045256 0.000053 0.647860
4 4 0.003674 0.066845 0.047010 0.000120 0.882351
4 4 0.017094 0.243348 0.099835 0.000023 0.639700
4 4 0.061104 0.104902 0.040622 0.000859 0.792512
4 4 0.142764 0.232372 0.058230 0.000033 0.566601
4 4 0.024434 0.221695 0.096313 0.002259 0.655299
4 4 0.007784 0.083268 0.031866 0.000034 0.877048
4 4 0.121179 0.122736 0.035456 0.000271 0.720358
4 4 0.330779 0.143725 0.094315 0.000394 0.430787
4 4 0.005310 0.053453 0.025995 0.000408 0.914834
4 4 0.004911 0.009231 0.004260 0.000238 0.981360
4 4 0.283726 0.073156 0.033046 0.000773 0.609299
4 4 0.039443 0.278319 0.074248 0.000181 0.607809
4 4 0.010160 0.101396 0.040087 0.000117 0.848239
4 4 0.110909 0.075296 0.031514 0.001204 0.781077
4 4 0.016763 0.107931 0.060022 0.030843 0.784441
4 4 0.040940 0.073358 0.046901 0.024958 0.813844
4 4 0.036304 0.245662 0.072106 0.000606 0.645321
4 4 0.033508 0.239380 0.081129 0.001628 0.644355
4 4 0.009135 0.146652 0.118975 0.005074 0.720164
4 4 0.010254 0.111642 0.059562 0.001429 0.817113
2 4 0.003806 0.235350 0.572359 0.006822 0.181663
4 4 0.019128 0.052642 0.052402 0.000715 0.875112
4 4 0.034562 0.181615 0.053706 0.004324 0.725793
4 4 0.023837 0.017723 0.009851 0.000418 0.948172
1 4 0.073709 0.581111 0.181419 0.001331 0.162431
2 4 0.010224 0.348946 0.453404 0.003478 0.183949
4 4 0.056933 0.142254 0.034470 0.000378 0.765965
4 4 0.066347 0.139424 0.037715 0.000203 0.756312
4 4 0.014997 0.049177 0.022322 0.000587 0.912917
4 4 0.024559 0.173813 0.063307 0.002403 0.735918
4 4 0.004607 0.070990 0.050961 0.000747 0.872694
4 4 0.004173 0.103547 0.078573 0.000028 0.813678
1 4 0.034809 0.467976 0.186097 0.000080 0.311038
4 4 0.026356 0.336011 0.173799 0.001207 0.462627
2 4 0.004729 0.292738 0.442477 0.000053 0.260003
2 4 0.001927 0.201725 0.721881 0.003535 0.070932
1 4 0.016885 0.512651 0.423912 0.000210 0.046342
2 4 0.001372 0.208273 0.764525 0.000219 0.025611
2 4 0.016277 0.466114 0.487840 0.004663 0.025106
1 4 0.050731 0.636407 0.224116 0.000091 0.088654
1 2 0.012545 0.478579 0.471057 0.000162 0.037656
1 2 0.063348 0.628602 0.244670 0.002470 0.060909
1 2 0.189490 0.364615 0.137054 0.024588 0.284253
1 2 0.086724 0.567037 0.154006 0.001566 0.190667
0 2 0.775027 0.027730 0.013730 0.000709 0.182805
1 2 0.127087 0.629954 0.132227 0.001765 0.108966
1 2 0.022006 0.528066 0.371741 0.000294 0.077892
2 2 0.005394 0.291830 0.657514 0.027986 0.017276
1 2 0.035867 0.574100 0.346197 0.003181 0.040654
2 2 0.076802 0.404049 0.463870 0.025420 0.029859
2 2 0.004214 0.279951 0.692919 0.012936 0.009980
2 2 0.003657 0.170489 0.819058 0.001419 0.005376
2 2 0.009021 0.401135 0.568265 0.001803 0.019774
2 2 0.000409 0.108989 0.883425 0.005085 0.002093
1 2 0.042976 0.593841 0.315056 0.003198 0.044928
2 2 0.009827 0.396185 0.570490 0.005306 0.018193
1 3 0.025486 0.353597 0.305962 0.243157 0.071798
3 3 0.024725 0.109554 0.137150 0.622512 0.106060
1 3 0.042926 0.600070 0.309237 0.002129 0.045637
2 2 0.008874 0.429457 0.541331 0.000259 0.020079
2 2 0.000137 0.060568 0.916231 0.022181 0.000882
2 2 0.000626 0.131024 0.859761 0.005784 0.002805
2 2 0.005410 0.301505 0.660018 0.016649 0.016417
1 2 0.011605 0.407645 0.381736 0.000099 0.198914
4 2 0.031272 0.390720 0.155434 0.000114 0.422460
2 2 0.001919 0.179913 0.701126 0.018777 0.098265
2 2 0.001901 0.209475 0.758972 0.003618 0.026034
2 2 0.001407 0.175262 0.798146 0.013137 0.012048
2 2 0.000000 0.000581 0.998853 0.000563 0.000003
2 2 0.000000 0.001388 0.998040 0.000567 0.000005
2 2 0.000000 0.000214 0.995282 0.004491 0.000013
2 2 0.000001 0.006792 0.991367 0.001766 0.000074
2 2 0.000009 0.004332 0.990074 0.005478 0.000107
2 2 0.000024 0.001574 0.951190 0.047185 0.000027
2 2 0.000000 0.000535 0.918454 0.080999 0.000012
2 2 0.000000 0.000935 0.678482 0.320559 0.000024
3 2 0.000000 0.000341 0.314321 0.685328 0.000009
2 2 0.000000 0.003251 0.931643 0.065085 0.000021
2 2 0.000000 0.001806 0.984044 0.014144 0.000006
2 2 0.000000 0.000012 0.867960 0.132028 0.000000
3 2 0.000116 0.026760 0.359041 0.611564 0.002519
3 2 0.000001 0.001403 0.175596 0.822955 0.000044
3 2 0.000000 0.000010 0.199852 0.800137 0.000000
2 2 0.000000 0.000174 0.602167 0.397654 0.000004
3 2 0.000000 0.000664 0.402207 0.597071 0.000058
3 2 0.000002 0.000207 0.064669 0.935038 0.000084
2 2 0.000002 0.002229 0.878977 0.118759 0.000034
2 2 0.000000 0.000205 0.740329 0.259464 0.000002
3 2 0.000000 0.000078 0.287189 0.712730 0.000003
3 2 0.000000 0.000002 0.114116 0.885882 0.000000
3 2 0.000000 0.000010 0.018182 0.981798 0.000009
3 3 0.000000 0.000000 0.007729 0.992270 0.000000
3 3 0.000000 0.000006 0.038048 0.961944 0.000002
3 3 0.000001 0.000036 0.037057 0.962881 0.000026
3 3 0.000000 0.000001 0.032734 0.967265 0.000000
3 3 0.000000 0.000000 0.030604 0.969396 0.000000
3 3 0.000001 0.000005 0.018092 0.981884 0.000019
3 3 0.000000 0.000000 0.001726 0.998273 0.000001
3 3 0.000140 0.000020 0.007787 0.992033 0.000021
3 3 0.000001 0.000004 0.004221 0.995770 0.000003
3 3 0.000007 0.000244 0.016167 0.983332 0.000249
3 3 0.000000 0.000001 0.001864 0.998135 0.000000
3 3 0.000000 0.000001 0.112173 0.887825 0.000000
3 3 0.000008 0.000028 0.227454 0.772507 0.000003
3 3 0.000000 0.000001 0.004898 0.995101 0.000000
3 3 0.000000 0.000002 0.003987 0.996011 0.000001
3 3 0.000000 0.000000 0.000543 0.999457 0.000000
3 3 0.000000 0.000000 0.000916 0.999084 0.000000
3 3 0.000000 0.000000 0.000797 0.999203 0.000000
3 3 0.000000 0.000001 0.006847 0.993152 0.000000
3 3 0.000009 0.000015 0.009875 0.990095 0.000006
3 3 0.000000 0.000000 0.001024 0.998976 0.000000
3 3 0.000216 0.001044 0.036340 0.961699 0.000701
3 3 0.003068 0.005669 0.065298 0.920653 0.005313
3 3 0.000000 0.000000 0.002171 0.997829 0.000000
3 3 0.000000 0.000001 0.008307 0.991692 0.000000
3 3 0.000013 0.000024 0.029344 0.970614 0.000005
3 3 0.000615 0.000108 0.015440 0.983735 0.000102
3 3 0.001251 0.000268 0.012183 0.985405 0.000893
3 3 0.000027 0.000005 0.001725 0.998192 0.000051
3 3 0.000006 0.000020 0.053598 0.946372 0.000003
3 3 0.000000 0.000001 0.004465 0.995534 0.000000
3 3 0.000000 0.000001 0.000930 0.999066 0.000003
3 3 0.000000 0.000001 0.003093 0.996905 0.000001
3 3 0.000000 0.000000 0.001316 0.998684 0.000000
3 3 0.000000 0.000000 0.002005 0.997994 0.000000
3 3 0.000000 0.000000 0.001013 0.998987 0.000000
3 3 0.000004 0.000038 0.004712 0.995107 0.000139
3 3 0.000008 0.000014 0.002640 0.997248 0.000091
3 3 0.000000 0.000000 0.000177 0.999823 0.000000
3 3 0.000000 0.000000 0.001264 0.998736 0.000000
3 3 0.000001 0.000009 0.004528 0.995451 0.000011
3 3 0.000000 0.000002 0.001425 0.998566 0.000006
3 3 0.000001 0.000001 0.003396 0.996601 0.000001
3 3 0.000003 0.000017 0.003564 0.996351 0.000064
3 3 0.000000 0.000001 0.002340 0.997658 0.000001
3 3 0.000012 0.000024 0.024611 0.975322 0.000030
3 3 0.000000 0.000000 0.001451 0.998548 0.000000
3 3 0.000000 0.000000 0.001396 0.998604 0.000000
3 3 0.000001 0.000003 0.001105 0.998859 0.000032
3 3 0.000000 0.000000 0.001664 0.998335 0.000000
3 3 0.000000 0.000003 0.006772 0.993225 0.000000
3 3 0.000000 0.000000 0.004290 0.995710 0.000000
3 3 0.000000 0.000001 0.018766 0.981233 0.000000
3 3 0.000001 0.000001 0.000666 0.999316 0.000016
3 3 0.000009 0.000002 0.002358 0.997627 0.000004
3 3 0.000000 0.000000 0.000138 0.999862 0.000000
3 3 0.000055 0.000018 0.002398 0.997306 0.000223
3 3 0.000000 0.000000 0.001082 0.998918 0.000000
3 3 0.000000 0.000000 0.000548 0.999451 0.000000
3 3 0.000001 0.000003 0.001660 0.998305 0.000031
3 3 0.000003 0.000010 0.002200 0.997720 0.000068
3 3 0.000000 0.000000 0.001493 0.998507 0.000000
3 3 0.000002 0.000015 0.005334 0.994628 0.000021
3 3 0.000000 0.000000 0.000165 0.999835 0.000000
3 3 0.000000 0.000000 0.002033 0.997967 0.000000
3 3 0.002379 0.003482 0.098267 0.892365 0.003507
3 3 0.000454 0.002287 0.085627 0.910117 0.001515
3 3 0.000000 0.000004 0.042281 0.957714 0.000001
3 3 0.000025 0.000623 0.075425 0.923687 0.000240
2 2 0.000334 0.032720 0.829993 0.109484 0.027470
2 2 0.000007 0.009480 0.932916 0.057203 0.000395
2 2 0.000008 0.001422 0.991523 0.006674 0.000373
3 2 0.000001 0.003569 0.478813 0.516728 0.000889
2 2 0.000396 0.095036 0.847899 0.003241 0.053428
2 2 0.000085 0.045575 0.918184 0.031878 0.004278
2 2 0.000857 0.111512 0.685492 0.055524 0.146614
2 2 0.007405 0.272670 0.393198 0.003160 0.323566
2 2 0.003776 0.227192 0.609612 0.025998 0.133422
2 2 0.000020 0.009669 0.662186 0.323615 0.004511
2 2 0.012311 0.356957 0.514631 0.075771 0.040330
2 2 0.003550 0.227593 0.672583 0.083864 0.012409
4 2 0.012556 0.091508 0.127371 0.003660 0.764905
2 2 0.007859 0.331113 0.517287 0.003534 0.140207
2 2 0.003506 0.251532 0.691797 0.010814 0.042351
4 4 0.020584 0.337137 0.192586 0.000352 0.449340
2 4 0.003179 0.229393 0.574178 0.002150 0.191100
4 4 0.018885 0.297472 0.180803 0.000797 0.502042
2 4 0.000509 0.109826 0.854302 0.010846 0.024516
2 4 0.001387 0.165652 0.763132 0.012527 0.057303
2 4 0.002596 0.228764 0.697516 0.003752 0.067371
4 4 0.003175 0.159920 0.306830 0.001611 0.528464
1 4 0.040845 0.513130 0.304928 0.015314 0.125783
1 4 0.023541 0.509105 0.341212 0.000375 0.125767
2 4 0.001314 0.168884 0.801844 0.014020 0.013938
2 4 0.000145 0.053715 0.861045 0.064487 0.020608
1 4 0.075459 0.597765 0.229501 0.014334 0.082941
1 4 0.018906 0.428541 0.409743 0.008228 0.134581
2 4 0.000318 0.087550 0.865983 0.009751 0.036398
2 4 0.000205 0.075424 0.910598 0.008007 0.005767
2 4 0.015067 0.418107 0.498064 0.017019 0.051743
2 4 0.003478 0.274362 0.696759 0.002701 0.022700
2 4 0.001762 0.218793 0.746768 0.000630 0.032048
2 2 0.002419 0.177635 0.635905 0.066484 0.117556
2 2 0.000283 0.083846 0.888664 0.025632 0.001575
2 2 0.004142 0.266885 0.692504 0.027011 0.009458
2 2 0.000002 0.005129 0.992967 0.001877 0.000025
2 2 0.000050 0.024975 0.971693 0.003012 0.000270
2 2 0.000001 0.002810 0.989794 0.007383 0.000012
2 2 0.000103 0.019761 0.976305 0.003589 0.000242
2 2 0.000105 0.061744 0.935635 0.001671 0.000844
2 2 0.000029 0.034342 0.964249 0.001039 0.000341
1 2 0.028016 0.531114 0.322108 0.000469 0.118293
0 2 0.900346 0.048997 0.025746 0.013559 0.011352
2 2 0.003016 0.230657 0.722693 0.033533 0.010101
2 2 0.000257 0.076933 0.883146 0.034679 0.004985
2 2 0.000149 0.075498 0.922411 0.000813 0.001130
2 2 0.000025 0.026010 0.972076 0.001645 0.000245
2 2 0.000001 0.007162 0.989436 0.003368 0.000033
2 2 0.000014 0.019319 0.935575 0.044932 0.000160
2 2 0.000004 0.011040 0.978077 0.010815 0.000065
2 2 0.000013 0.010663 0.981920 0.007323 0.000082
2 2 0.000021 0.023633 0.923815 0.052311 0.000219
2 2 0.003908 0.025857 0.956950 0.012608 0.000676
2 2 0.000002 0.006348 0.770337 0.223278 0.000035
2 2 0.000028 0.011180 0.909656 0.078994 0.000141
2 2 0.002087 0.205557 0.765632 0.020692 0.006032
2 2 0.004914 0.060210 0.909730 0.023348 0.001799
2 2 0.008517 0.397319 0.565171 0.001071 0.027922
1 2 0.064514 0.409683 0.302614 0.001062 0.222126
1 2 0.142287 0.597228 0.123907 0.006322 0.130255
1 2 0.025629 0.535777 0.402127 0.002698 0.033769
3 2 0.000000 0.000068 0.444765 0.555166 0.000001
2 2 0.000036 0.003357 0.715617 0.280523 0.000468
2 2 0.000000 0.000957 0.967080 0.031949 0.000013
2 2 0.000004 0.003275 0.907085 0.089532 0.000105
2 2 0.000031 0.017783 0.942102 0.039851 0.000234
2 2 0.000046 0.014326 0.839107 0.146048 0.000474
2 2 0.000051 0.043228 0.953887 0.002341 0.000494
2 2 0.000009 0.020270 0.978580 0.000988 0.000154
2 2 0.000032 0.020981 0.915062 0.063588 0.000337
2 2 0.000000 0.000912 0.903353 0.095730 0.000005
2 2 0.000005 0.011830 0.955350 0.032741 0.000075
2 2 0.000316 0.078639 0.831405 0.085617 0.004023
2 2 0.000000 0.000110 0.815123 0.184765 0.000001
2 2 0.000000 0.000721 0.598227 0.401033 0.000018
2 2 0.000021 0.006486 0.868997 0.123949 0.000546
2 2 0.000000 0.000150 0.921232 0.078618 0.000000
2 2 0.000009 0.003970 0.912358 0.083410 0.000253
2 2 0.000043 0.037664 0.955590 0.005741 0.000961
2 2 0.000086 0.043768 0.885112 0.068874 0.002160
0 0 0.507380 0.301891 0.120871 0.023132 0.046725
2 0 0.014003 0.425414 0.472171 0.003127 0.085286
2 0 0.000362 0.086812 0.849028 0.059654 0.004144
2 2 0.000430 0.103152 0.874119 0.020270 0.002029
2 2 0.000063 0.011572 0.963386 0.024618 0.000361
2 2 0.000154 0.001815 0.848624 0.149349 0.000057
3 2 0.000012 0.000066 0.451902 0.548020 0.000000
2 2 0.000024 0.013721 0.894273 0.091856 0.000125
2 2 0.000128 0.021730 0.861834 0.116017 0.000292
2 2 0.000103 0.015975 0.611939 0.371762 0.000221
2 2 0.000054 0.015870 0.940770 0.043135 0.000170
2 2 0.018458 0.166416 0.743928 0.051490 0.019709
0 2 0.582937 0.191374 0.159692 0.015578 0.050420
2 2 0.003585 0.269990 0.708245 0.007057 0.011123
2 2 0.007429 0.023440 0.925646 0.042785 0.000700
2 2 0.000001 0.000104 0.641500 0.358394 0.000002
2 2 0.000000 0.000690 0.873747 0.125554 0.000009
3 2 0.038681 0.035056 0.308082 0.601309 0.016873
0 2 0.404055 0.174345 0.098454 0.193330 0.129816
0 0 0.884707 0.005798 0.018279 0.086143 0.005074
0 0 0.813633 0.030523 0.071650 0.079216 0.004979
1 2 0.140354 0.465170 0.268781 0.051929 0.073766
2 2 0.012512 0.293941 0.403041 0.259558 0.030948
2 4 0.001759 0.221825 0.769043 0.001086 0.006287
2 4 0.006713 0.415491 0.552219 0.000042 0.025534
1 4 0.062454 0.628813 0.244697 0.002148 0.061888
1 4 0.024294 0.523894 0.415879 0.003621 0.032311
2 4 0.000405 0.107421 0.883951 0.006167 0.002057
2 2 0.000049 0.030107 0.944322 0.025190 0.000333
2 2 0.000000 0.000704 0.981256 0.018038 0.000002
2 2 0.000025 0.001890 0.956618 0.041452 0.000014
2 2 0.000004 0.006957 0.879428 0.113570 0.000042
2 2 0.009893 0.202488 0.737988 0.041431 0.008201
1 2 0.177606 0.461471 0.290629 0.000106 0.070188
0 2 0.408076 0.339973 0.116483 0.001473 0.133995
1 2 0.107046 0.626198 0.184218 0.015688 0.066850
1 4 0.068192 0.627927 0.240637 0.004188 0.059055
2 4 0.000178 0.072424 0.918192 0.007432 0.001774
2 4 0.000273 0.081530 0.903644 0.013151 0.001402
2 4 0.000131 0.056927 0.901203 0.040915 0.000823
2 4 0.000003 0.009142 0.951488 0.039258 0.000108
2 4 0.000072 0.038584 0.839765 0.121090 0.000489
2 2 0.000020 0.023419 0.941184 0.035009 0.000368
2 2 0.000000 0.001148 0.995477 0.003372 0.000003
2 2 0.000000 0.000412 0.997969 0.001618 0.000001
2 2 0.000341 0.037396 0.924820 0.036816 0.000626
2 2 0.000177 0.075637 0.919439 0.003571 0.001176
2 2 0.003527 0.325676 0.659393 0.000027 0.011377
1 2 0.157786 0.542201 0.222142 0.000881 0.076989
1 2 0.089878 0.630328 0.191538 0.000852 0.087404
1 2 0.205991 0.521902 0.197723 0.004557 0.069827
2 2 0.000075 0.053243 0.944609 0.001403 0.000670
2 2 0.000078 0.051588 0.944120 0.003561 0.000654
2 2 0.000056 0.045460 0.951958 0.001995 0.000531
2 2 0.000240 0.075564 0.883823 0.039103 0.001269
2 2 0.000151 0.046328 0.879675 0.073164 0.000682
2 2 0.002606 0.235925 0.745318 0.008784 0.007367
2 2 0.000002 0.004071 0.904823 0.091062 0.000041
2 2 0.000005 0.013122 0.980020 0.006769 0.000084
2 2 0.000255 0.070809 0.822640 0.104996 0.001301
2 2 0.000007 0.014772 0.969565 0.015553 0.000103
2 2 0.003251 0.151347 0.806133 0.031700 0.007570
2 2 0.003706 0.266563 0.707902 0.012663 0.009166
1 2 0.060529 0.635377 0.216609 0.000333 0.087151
1 2 0.022925 0.476425 0.443157 0.023981 0.033512
2 2 0.000914 0.169511 0.824625 0.000915 0.004036
2 2 0.000053 0.047000 0.951414 0.000526 0.001008
2 2 0.000041 0.024364 0.677134 0.297735 0.000726
2 2 0.000827 0.138765 0.841674 0.004553 0.014181
2 2 0.314220 0.083908 0.406583 0.187787 0.007502
0 0 0.811326 0.082723 0.089802 0.001341 0.014808
4 0 0.155337 0.170824 0.034797 0.000426 0.638617
1 0 0.035871 0.534796 0.352670 0.012486 0.064176
