4 0 0.393452 0.057571 0.014200 0.000002 0.534775
0 0 0.794973 0.062586 0.012566 0.000017 0.129859
2 0 0.044357 0.101643 0.754517 0.041309 0.058174
0 0 0.969158 0.022428 0.005361 0.000046 0.003008
0 0 0.733031 0.213853 0.044796 0.000038 0.008283
0 0 0.965229 0.027124 0.006987 0.000264 0.000396
0 0 0.925732 0.061916 0.006508 0.000000 0.005844
0 0 0.917906 0.059846 0.008969 0.000004 0.013276
0 0 0.893301 0.095046 0.008527 0.000000 0.003126
0 0 0.969190 0.026278 0.004247 0.000000 0.000284
0 0 0.931634 0.058686 0.009647 0.000004 0.000030
0 0 0.989598 0.009724 0.000675 0.000000 0.000003
0 0 0.951742 0.037629 0.009905 0.000109 0.000615
0 0 0.947676 0.041840 0.009066 0.000013 0.001404
1 1 0.019849 0.527795 0.252960 0.000020 0.199376
1 1 0.055862 0.417910 0.343711 0.000123 0.182394
4 1 0.007979 0.366701 0.246827 0.000002 0.378490
4 1 0.004915 0.336037 0.157667 0.000018 0.501363
4 1 0.013509 0.222268 0.170447 0.000026 0.593749
1 1 0.129011 0.430035 0.102854 0.000006 0.338094
0 1 0.648777 0.283983 0.055840 0.000072 0.011327
1 1 0.333279 0.462586 0.142987 0.000036 0.061113
1 1 0.052377 0.478740 0.210041 0.000071 0.258771
1 1 0.039520 0.456436 0.360140 0.000320 0.143584
1 1 0.043027 0.509416 0.363480 0.000022 0.084055
2 1 0.128546 0.387130 0.459391 0.000052 0.024882
2 1 0.000187 0.093262 0.814083 0.000023 0.092445
4 1 0.010707 0.079903 0.027854 0.000002 0.881533
1 4 0.070158 0.445838 0.381778 0.000005 0.102221
2 4 0.006583 0.304767 0.496031 0.000007 0.192612
2 4 0.016068 0.107116 0.707689 0.004931 0.164196
0 4 0.576655 0.208266 0.104798 0.000308 0.109973
4 4 0.088616 0.062166 0.023387 0.000182 0.825649
4 4 0.235673 0.073993 0.029538 0.000247 0.660549
4 4 0.245551 0.310534 0.111357 0.000252 0.332307
0 4 0.837052 0.095148 0.023766 0.000285 0.043750
1 4 0.111030 0.626013 0.167607 0.000008 0.095342
2 4 0.025219 0.391426 0.478928 0.000127 0.104301
4 4 0.019647 0.094727 0.123515 0.000051 0.762062
1 4 0.021118 0.382077 0.334029 0.000180 0.262595
4 4 0.033174 0.251633 0.167753 0.000004 0.547436
4 4 0.012630 0.090842 0.020291 0.000000 0.876237
4 4 0.026972 0.337128 0.079855 0.000002 0.556043
1 4 0.080867 0.630868 0.158736 0.000001 0.129528
1 4 0.154658 0.540972 0.254857 0.000050 0.049463
4 4 0.209239 0.145419 0.101012 0.000464 0.543866
1 4 0.173256 0.562504 0.104090 0.000001 0.160148
0 4 0.599806 0.254699 0.033767 0.000004 0.111723
1 4 0.011938 0.414746 0.232565 0.001665 0.339087
1 4 0.332277 0.476825 0.081829 0.000009 0.109060
1 4 0.034259 0.508074 0.340446 0.000002 0.117219
0 4 0.464904 0.382009 0.087975 0.000003 0.065109
2 4 0.001461 0.112462 0.557765 0.000047 0.328265
4 4 0.093611 0.225893 0.080105 0.000012 0.600380
4 4 0.009457 0.062155 0.142637 0.000137 0.785613
2 4 0.002388 0.224786 0.423586 0.000009 0.349231
2 4 0.030839 0.388504 0.498147 0.000115 0.082395
4 4 0.032313 0.165608 0.049442 0.000038 0.752599
1 4 0.205334 0.579494 0.158138 0.000081 0.056952
1 4 0.273791 0.358156 0.091231 0.000137 0.276684
4 4 0.015588 0.362193 0.108854 0.000004 0.513361
1 4 0.107924 0.427866 0.105554 0.000001 0.358655
4 4 0.023980 0.179445 0.100373 0.000030 0.696171
4 4 0.010052 0.209223 0.080905 0.000009 0.699810
0 4 0.778354 0.186210 0.023470 0.000010 0.011957
1 4 0.319513 0.514792 0.154740 0.000163 0.010791
1 4 0.125242 0.588952 0.123234 0.000002 0.162570
1 4 0.078364 0.408171 0.182874 0.000110 0.330481
2 4 0.000405 0.076271 0.908189 0.000053 0.015082
2 4 0.040672 0.408267 0.451559 0.000071 0.099431
2 4 0.035562 0.346368 0.573844 0.001742 0.042485
0 4 0.376849 0.338567 0.172720 0.000377 0.111487
1 4 0.375849 0.439721 0.054449 0.000000 0.129980
1 4 0.310944 0.508618 0.146125 0.000035 0.034279
2 4 0.012510 0.096052 0.864144 0.021769 0.005525
1 4 0.412922 0.434737 0.065219 0.000004 0.087118
2 4 0.000811 0.053332 0.935807 0.000836 0.009214
0 4 0.509652 0.289569 0.186556 0.000041 0.014183
2 4 0.000069 0.018516 0.974559 0.005185 0.001671
2 4 0.000199 0.020622 0.935590 0.041621 0.001967
1 4 0.221192 0.504024 0.252211 0.000038 0.022534
0 2 0.524509 0.191959 0.273704 0.004197 0.005631
1 2 0.288290 0.355066 0.352475 0.000103 0.004065
2 2 0.186876 0.370985 0.427935 0.000655 0.013549
0 2 0.584105 0.276108 0.135968 0.000333 0.003487
2 2 0.327420 0.328826 0.337428 0.000885 0.005441
2 2 0.003711 0.107156 0.884809 0.000832 0.003492
2 2 0.024773 0.241850 0.727065 0.001421 0.004891
1 2 0.154173 0.475328 0.305385 0.000162 0.064952
2 2 0.230343 0.167284 0.580229 0.004674 0.017470
2 2 0.000433 0.067352 0.924161 0.000943 0.007110
2 2 0.001933 0.128748 0.850944 0.000760 0.017615
2 2 0.064388 0.252282 0.680039 0.000781 0.002510
2 2 0.000323 0.029695 0.968947 0.000632 0.000402
2 2 0.000343 0.002747 0.679367 0.317442 0.000100
2 2 0.000032 0.002923 0.884062 0.111982 0.001001
2 2 0.000152 0.009734 0.977503 0.012423 0.000188
2 2 0.000864 0.020048 0.973598 0.005327 0.000163
2 2 0.000011 0.003591 0.987460 0.008730 0.000208
2 2 0.000005 0.000774 0.990798 0.008421 0.000002
2 2 0.000557 0.033953 0.961648 0.002655 0.001187
2 2 0.000198 0.011376 0.979682 0.008612 0.000131
2 2 0.010037 0.111620 0.870096 0.005515 0.002732
2 2 0.000760 0.023085 0.973914 0.002099 0.000141
2 2 0.000003 0.000504 0.788427 0.211060 0.000006
2 2 0.000082 0.001444 0.830870 0.167602 0.000001
2 2 0.000255 0.011335 0.964379 0.020405 0.003626
2 2 0.000004 0.000640 0.931360 0.067991 0.000006
2 2 0.000003 0.000328 0.700611 0.299056 0.000003
2 2 0.000041 0.002287 0.712262 0.285363 0.000048
3 2 0.000052 0.002360 0.405537 0.589442 0.002608
2 2 0.004461 0.044644 0.667846 0.227725 0.055324
2 2 0.000001 0.000277 0.858133 0.141587 0.000001
2 2 0.000005 0.000786 0.830777 0.168422 0.000010
2 2 0.002151 0.020347 0.662112 0.314038 0.001352
2 2 0.000168 0.004015 0.562642 0.432200 0.000975
2 2 0.011511 0.119188 0.811700 0.050334 0.007266
2 2 0.000622 0.021813 0.862911 0.113803 0.000851
2 2 0.000140 0.018536 0.980669 0.000274 0.000382
2 2 0.000014 0.001205 0.977621 0.021155 0.000004
2 2 0.000043 0.005732 0.986713 0.007060 0.000452
2 2 0.000196 0.021302 0.917622 0.059623 0.001256
2 2 0.000757 0.014159 0.943858 0.041120 0.000106
2 2 0.000372 0.003225 0.634153 0.362218 0.000032
2 2 0.000045 0.003641 0.973526 0.022397 0.000391
2 2 0.000220 0.004990 0.561031 0.433543 0.000217
2 2 0.000009 0.003699 0.994285 0.001975 0.000032
2 2 0.000011 0.000632 0.809633 0.189724 0.000001
2 2 0.000001 0.000319 0.831536 0.168140 0.000004
2 2 0.000000 0.000084 0.702776 0.297139 0.000001
2 2 0.000003 0.001174 0.936363 0.062331 0.000130
2 2 0.000025 0.001400 0.809240 0.189228 0.000107
2 2 0.000382 0.004378 0.532324 0.462482 0.000434
2 2 0.000238 0.016245 0.912358 0.070790 0.000368
2 2 0.000053 0.002057 0.689173 0.308242 0.000475
2 2 0.000047 0.002333 0.889803 0.107783 0.000034
2 2 0.000015 0.002165 0.986079 0.011734 0.000008
2 2 0.000008 0.000340 0.713600 0.286048 0.000004
2 2 0.000158 0.001123 0.641603 0.357064 0.000053
3 2 0.000212 0.002596 0.382803 0.613800 0.000589
2 2 0.000007 0.001572 0.816395 0.181918 0.000108
3 2 0.000049 0.000508 0.202543 0.796891 0.000008
3 2 0.000000 0.000047 0.088545 0.911334 0.000074
3 2 0.000000 0.000003 0.006456 0.993540 0.000001
2 2 0.000004 0.000551 0.632129 0.367300 0.000014
2 2 0.000225 0.005839 0.799943 0.193819 0.000175
3 2 0.000008 0.000029 0.021469 0.978493 0.000001
2 2 0.000129 0.003075 0.709171 0.287583 0.000042
3 2 0.003760 0.003887 0.134455 0.857836 0.000063
3 3 0.000006 0.000023 0.017847 0.982121 0.000002
2 3 0.000311 0.012562 0.782505 0.182926 0.021696
2 2 0.032011 0.128720 0.827603 0.006949 0.004717
2 2 0.010988 0.119898 0.862928 0.001588 0.004597
2 1 0.005860 0.215852 0.728937 0.000199 0.049151
2 1 0.016009 0.236057 0.737769 0.001578 0.008587
2 1 0.000157 0.018182 0.971576 0.009291 0.000794
2 1 0.000929 0.059038 0.934138 0.001274 0.004621
2 1 0.000421 0.058978 0.929308 0.004397 0.006895
2 1 0.008121 0.106081 0.870152 0.008550 0.007094
2 1 0.096754 0.380990 0.506231 0.000966 0.015058
2 1 0.000904 0.035826 0.959153 0.001917 0.002200
2 1 0.000761 0.024173 0.965430 0.007969 0.001667
2 1 0.000842 0.050340 0.942714 0.000481 0.005624
2 1 0.000154 0.016595 0.981271 0.001852 0.000128
2 1 0.005500 0.176853 0.724574 0.007422 0.085651
2 1 0.117878 0.275682 0.546844 0.013108 0.046487
2 1 0.014083 0.249694 0.720358 0.000961 0.014903
2 1 0.000184 0.017574 0.976046 0.003467 0.002729
2 1 0.000771 0.042957 0.947837 0.002997 0.005437
2 1 0.001246 0.063736 0.901556 0.027424 0.006038
2 1 0.023677 0.161442 0.806004 0.001051 0.007826
2 1 0.019466 0.265147 0.612696 0.000236 0.102455
2 1 0.010040 0.290472 0.653411 0.001478 0.044599
2 1 0.000057 0.018169 0.979572 0.000740 0.001462
2 1 0.007319 0.213063 0.703011 0.000739 0.075868
2 1 0.002218 0.109776 0.780740 0.005891 0.101376
2 1 0.001318 0.106796 0.879596 0.000185 0.012105
2 1 0.004017 0.415952 0.558912 0.000012 0.021106
2 1 0.009394 0.064966 0.920360 0.001886 0.003393
2 1 0.074185 0.390510 0.493777 0.000194 0.041333
2 1 0.001734 0.113234 0.647489 0.000452 0.237091
2 1 0.026764 0.349135 0.557303 0.000292 0.066505
0 0 0.637806 0.183605 0.149061 0.000470 0.029059
0 0 0.899651 0.076853 0.021340 0.000085 0.002071
2 0 0.093294 0.387921 0.510949 0.000942 0.006894
2 0 0.065280 0.323878 0.596426 0.000177 0.014240
2 0 0.220652 0.308055 0.470468 0.000012 0.000813
2 0 0.019051 0.209375 0.766567 0.000039 0.004969
1 0 0.136697 0.673978 0.144529 0.000000 0.044796
0 0 0.753694 0.213791 0.030267 0.000001 0.002248
0 0 0.769040 0.122462 0.108310 0.000081 0.000107
0 0 0.660617 0.232119 0.107042 0.000002 0.000219
0 0 0.896541 0.027616 0.075776 0.000024 0.000043
0 0 0.620049 0.202337 0.176963 0.000345 0.000305
1 0 0.046780 0.666278 0.214459 0.000001 0.072482
0 0 0.706623 0.251226 0.039646 0.000002 0.002503
0 0 0.989731 0.008628 0.001493 0.000003 0.000146
0 0 0.990585 0.007239 0.001848 0.000026 0.000303
1 0 0.223782 0.603807 0.146340 0.000004 0.026067
0 0 0.791863 0.125371 0.051575 0.000188 0.031003
2 0 0.182531 0.213341 0.595249 0.000493 0.008386
0 0 0.824727 0.080524 0.093678 0.000054 0.001017
0 0 0.598309 0.306396 0.085932 0.000021 0.009343
2 0 0.406936 0.167569 0.419044 0.000444 0.006007
0 0 0.801130 0.172206 0.017312 0.000000 0.009352
0 0 0.695290 0.256926 0.044115 0.000000 0.003669
4 0 0.255207 0.189547 0.052153 0.000015 0.503077
0 0 0.694824 0.263607 0.032251 0.000000 0.009318
0 0 0.446872 0.270817 0.278527 0.000014 0.003770
1 0 0.135767 0.515796 0.289967 0.000001 0.058469
0 0 0.932685 0.052871 0.014132 0.000161 0.000151
0 0 0.499936 0.395034 0.101918 0.000017 0.003095
0 0 0.997388 0.002211 0.000377 0.000000 0.000023
0 0 0.990747 0.006998 0.001786 0.000021 0.000449
0 0 0.973785 0.020301 0.005208 0.000130 0.000576
0 0 0.630940 0.305970 0.046328 0.000002 0.016760
0 0 0.750677 0.142172 0.098576 0.002704 0.005872
0 0 0.929437 0.056554 0.012785 0.000006 0.001219
0 0 0.999795 0.000182 0.000022 0.000000 0.000000
0 0 0.988213 0.009887 0.001798 0.000006 0.000097
0 0 0.938497 0.050884 0.009166 0.000032 0.001420
0 0 0.736345 0.210082 0.040107 0.000009 0.013456
1 0 0.334636 0.538427 0.111712 0.000002 0.015222
1 0 0.086392 0.552312 0.336082 0.000004 0.025211
1 0 0.116111 0.481488 0.203517 0.000017 0.198868
2 0 0.093701 0.304179 0.594838 0.000034 0.007248
4 1 0.033157 0.348311 0.141311 0.000002 0.477219
2 1 0.022378 0.290681 0.590781 0.000109 0.096051
4 1 0.007811 0.103875 0.136605 0.000066 0.751643
4 1 0.015073 0.229997 0.113032 0.000108 0.641790
4 1 0.113673 0.402019 0.069644 0.000003 0.414661
1 1 0.079955 0.492687 0.089396 0.000000 0.337961
0 1 0.367133 0.360238 0.087549 0.000039 0.185041
1 1 0.079818 0.379183 0.216824 0.000235 0.323941
2 1 0.040607 0.289395 0.418808 0.002509 0.248681
1 1 0.255043 0.330472 0.132633 0.000618 0.281234
1 1 0.344237 0.443358 0.104667 0.000056 0.107682
1 1 0.125058 0.433262 0.077347 0.000004 0.364330
4 1 0.005969 0.233316 0.108151 0.000002 0.652562
2 1 0.010375 0.378407 0.494972 0.000201 0.116044
4 1 0.048936 0.307875 0.054667 0.000001 0.588521
4 1 0.021261 0.341586 0.089428 0.000001 0.547724
1 1 0.171512 0.415898 0.062439 0.000002 0.350150
1 1 0.241783 0.544761 0.103576 0.000002 0.109878
2 1 0.007877 0.196562 0.727883 0.000488 0.067189
1 1 0.028510 0.546207 0.296319 0.000241 0.128723
4 1 0.122486 0.387390 0.093682 0.000045 0.396397
4 1 0.036152 0.221362 0.063514 0.000003 0.678970
4 1 0.105472 0.369033 0.066096 0.000007 0.459392
1 1 0.023927 0.423864 0.156294 0.000018 0.395898
2 1 0.001008 0.211199 0.691680 0.000007 0.096106
2 1 0.008990 0.377893 0.424031 0.000042 0.189044
1 1 0.225062 0.423142 0.104268 0.000014 0.247514
0 1 0.750153 0.148498 0.026266 0.000036 0.075047
1 1 0.016928 0.480244 0.201353 0.000046 0.301429
1 1 0.022107 0.532454 0.291239 0.000033 0.154166
2 1 0.000487 0.159347 0.490290 0.000000 0.349876
4 1 0.004889 0.186309 0.274410 0.000143 0.534248
4 1 0.012642 0.395846 0.155638 0.000018 0.435857
1 1 0.158416 0.468669 0.102125 0.000068 0.270722
1 1 0.163353 0.545389 0.243732 0.000053 0.047473
0 1 0.768325 0.196242 0.030748 0.000024 0.004662
2 1 0.006295 0.263644 0.534917 0.000161 0.194982
4 1 0.005143 0.113819 0.330595 0.000123 0.550319
1 1 0.110201 0.437862 0.275523 0.003424 0.172990
1 1 0.147286 0.365288 0.219993 0.000283 0.267151
4 1 0.004028 0.223168 0.132971 0.000001 0.639833
2 1 0.073537 0.323933 0.464266 0.000668 0.137595
2 1 0.000989 0.137902 0.792182 0.001040 0.067887
2 1 0.000516 0.041902 0.945256 0.003114 0.009212
1 1 0.055682 0.480652 0.380701 0.000194 0.082771
0 1 0.374439 0.331705 0.264497 0.001476 0.027882
2 1 0.034022 0.271120 0.690405 0.000209 0.004244
2 0 0.026080 0.064137 0.902191 0.006491 0.001100
0 0 0.605935 0.298587 0.085863 0.000005 0.009611
1 1 0.171325 0.649424 0.162608 0.000001 0.016642
2 1 0.053599 0.151270 0.710251 0.001211 0.083669
1 1 0.315957 0.518381 0.109299 0.000010 0.056353
0 0 0.767434 0.059130 0.134831 0.025318 0.013288
0 0 0.830509 0.104927 0.059185 0.002850 0.002529
0 0 0.937767 0.055609 0.006331 0.000002 0.000292
0 0 0.715623 0.246284 0.037078 0.000000 0.001015
0 0 0.891352 0.060421 0.029678 0.000572 0.017977
0 0 0.761859 0.050459 0.015936 0.000025 0.171720
0 0 0.958657 0.033200 0.006834 0.000043 0.001265
0 0 0.975887 0.017615 0.004813 0.000048 0.001637
0 0 0.934128 0.059341 0.006400 0.000000 0.000131
0 0 0.758630 0.203103 0.037860 0.000002 0.000405
0 0 0.789922 0.150722 0.057407 0.000250 0.001700
0 0 0.668634 0.218857 0.104172 0.000076 0.008261
0 0 0.995312 0.003060 0.001044 0.000040 0.000544
0 0 0.698974 0.134250 0.162597 0.000182 0.003998
0 0 0.786928 0.115746 0.034265 0.000008 0.063054
0 0 0.929685 0.027440 0.008297 0.000076 0.034502
0 0 0.931616 0.047027 0.011389 0.000075 0.009894
0 0 0.993747 0.004564 0.001441 0.000072 0.000176
0 0 0.938004 0.036558 0.022611 0.000255 0.002573
0 0 0.917460 0.068832 0.012168 0.000013 0.001527
0 0 0.977482 0.018381 0.003420 0.000009 0.000709
0 0 0.534070 0.293655 0.161471 0.001109 0.009695
0 0 0.938134 0.047215 0.008545 0.000016 0.006090
0 0 0.977309 0.020073 0.002494 0.000001 0.000124
0 0 0.884754 0.092433 0.013734 0.000001 0.009078
0 0 0.882560 0.099674 0.011606 0.000000 0.006160
0 0 0.441276 0.342355 0.088669 0.000002 0.127698
0 0 0.796217 0.165607 0.033494 0.000002 0.004679
0 0 0.610897 0.272996 0.114817 0.000260 0.001030
1 0 0.320743 0.534446 0.138020 0.000007 0.006784
0 0 0.598906 0.331869 0.059585 0.000004 0.009636
0 0 0.963701 0.029988 0.005058 0.000002 0.001251
0 0 0.747971 0.133154 0.033908 0.000032 0.084935
0 0 0.678258 0.261779 0.042697 0.000003 0.017262
1 0 0.285317 0.554615 0.141433 0.000019 0.018616
1 0 0.319525 0.512355 0.154511 0.000018 0.013592
2 0 0.069438 0.188855 0.734349 0.000461 0.006896
0 0 0.984288 0.006568 0.007135 0.000749 0.001260
0 0 0.630479 0.293123 0.069732 0.000015 0.006652
0 0 0.709411 0.234123 0.045781 0.000027 0.010659
2 0 0.063761 0.221435 0.686859 0.000073 0.027872
0 0 0.850863 0.111686 0.035637 0.000041 0.001772
0 0 0.481172 0.146107 0.365967 0.000440 0.006315
0 0 0.521713 0.144952 0.319040 0.005818 0.008476
0 0 0.974593 0.018997 0.003608 0.000006 0.002796
0 0 0.923802 0.064446 0.010023 0.000015 0.001714
0 0 0.900260 0.086095 0.010561 0.000002 0.003081
0 0 0.871791 0.107915 0.016701 0.000004 0.003590
0 0 0.754778 0.115079 0.023137 0.000008 0.106997
0 1 0.860477 0.110534 0.018868 0.000003 0.010118
1 1 0.257252 0.471932 0.236845 0.000031 0.033941
2 1 0.062672 0.406510 0.485146 0.001612 0.044060
2 1 0.008053 0.116354 0.829337 0.000440 0.045816
2 1 0.004718 0.285030 0.650800 0.000021 0.059430
2 1 0.011799 0.406192 0.481526 0.000251 0.100232
1 1 0.030360 0.426559 0.346395 0.000085 0.196600
1 1 0.173324 0.459415 0.356667 0.001018 0.009576
2 1 0.092205 0.426945 0.467466 0.000148 0.013236
1 1 0.078841 0.650261 0.196254 0.000005 0.074639
2 1 0.004080 0.078613 0.906558 0.005954 0.004794
2 1 0.001120 0.044328 0.947777 0.006043 0.000731
2 1 0.000532 0.015109 0.982196 0.002097 0.000066
2 1 0.012515 0.134207 0.840429 0.008446 0.004403
2 1 0.008956 0.193645 0.787874 0.003805 0.005720
2 1 0.001959 0.069574 0.923728 0.002630 0.002109
2 1 0.000543 0.032204 0.959032 0.007555 0.000666
2 1 0.000002 0.001259 0.996063 0.002674 0.000002
2 1 0.000317 0.009682 0.968120 0.021843 0.000038
2 1 0.004123 0.036364 0.947902 0.008894 0.002717
1 1 0.039732 0.539737 0.332782 0.000066 0.087683
2 1 0.005882 0.109179 0.879540 0.000216 0.005183
2 1 0.120614 0.336424 0.530517 0.005149 0.007296
2 1 0.000197 0.023391 0.952034 0.020017 0.004361
2 1 0.000106 0.020522 0.976889 0.000518 0.001964
2 1 0.005848 0.143466 0.840115 0.001007 0.009564
2 1 0.011953 0.128646 0.825411 0.001643 0.032347
2 1 0.000102 0.010734 0.984100 0.004978 0.000087
2 1 0.000076 0.010285 0.987152 0.002226 0.000261
2 1 0.000809 0.050792 0.939192 0.005850 0.003358
2 1 0.000342 0.033636 0.961841 0.001084 0.003098
2 1 0.000164 0.016789 0.966794 0.016071 0.000181
2 1 0.000276 0.023927 0.966421 0.007981 0.001397
2 1 0.004380 0.168322 0.815753 0.000077 0.011468
2 1 0.000020 0.009885 0.989105 0.000801 0.000189
2 1 0.000006 0.002942 0.993245 0.003729 0.000078
2 1 0.000009 0.002011 0.974745 0.023039 0.000196
2 1 0.000209 0.019859 0.977488 0.000719 0.001725
2 1 0.001374 0.033358 0.959254 0.004963 0.001050
2 1 0.000844 0.012178 0.959271 0.027508 0.000200
2 1 0.016007 0.122460 0.857715 0.002669 0.001148
1 1 0.244761 0.546776 0.186665 0.000812 0.020987
2 1 0.037563 0.208184 0.734419 0.005918 0.013916
1 1 0.053748 0.474179 0.461898 0.000150 0.010026
2 1 0.002065 0.039300 0.958266 0.000333 0.000035
2 1 0.013693 0.092509 0.812747 0.067024 0.014027
2 1 0.034223 0.184113 0.760296 0.002587 0.018781
2 1 0.046701 0.210420 0.735824 0.003164 0.003890
2 1 0.042201 0.358848 0.585850 0.000459 0.012643
2 1 0.011183 0.321922 0.660014 0.000047 0.006834
1 1 0.022654 0.509884 0.431009 0.000010 0.036443
2 1 0.034501 0.099076 0.741681 0.050339 0.074403
1 1 0.159470 0.486338 0.311617 0.000074 0.042502
2 1 0.027747 0.389388 0.439197 0.000175 0.143493
2 1 0.065624 0.385877 0.479900 0.000185 0.068414
0 1 0.413076 0.350406 0.234500 0.000190 0.001828
2 1 0.047156 0.364174 0.573889 0.007173 0.007608
1 1 0.021700 0.475500 0.305171 0.000093 0.197536
2 1 0.001236 0.105401 0.884765 0.000182 0.008415
1 1 0.074959 0.565950 0.335644 0.000234 0.023212
2 1 0.056927 0.390333 0.525381 0.001615 0.025744
0 1 0.899761 0.078862 0.018522 0.000262 0.002593
0 0 0.673663 0.057838 0.007883 0.000001 0.260615
0 0 0.817596 0.104791 0.071800 0.001676 0.004137
0 0 0.970275 0.021147 0.007229 0.000189 0.001160
0 0 0.995725 0.003307 0.000766 0.000003 0.000199
0 0 0.977194 0.020871 0.001907 0.000000 0.000027
0 0 0.985070 0.012344 0.002497 0.000008 0.000082
0 0 0.984926 0.010822 0.002680 0.000022 0.001550
0 0 0.981586 0.013600 0.004330 0.000348 0.000137
0 0 0.883224 0.065862 0.047563 0.001812 0.001540
0 0 0.926238 0.033009 0.018484 0.000269 0.022000
0 0 0.993059 0.005748 0.001109 0.000004 0.000079
0 0 0.620274 0.254651 0.087522 0.000050 0.037503
0 0 0.959926 0.036405 0.003548 0.000000 0.000121
1 0 0.139855 0.607387 0.149137 0.000009 0.103612
0 0 0.728066 0.239585 0.028130 0.000000 0.004219
0 0 0.861403 0.053173 0.017928 0.000062 0.067434
0 1 0.525846 0.354334 0.087553 0.000022 0.032245
2 1 0.060343 0.254175 0.604002 0.002835 0.078645
4 1 0.007557 0.033730 0.354625 0.007149 0.596940
4 1 0.084747 0.320098 0.049960 0.000001 0.545193
4 1 0.041050 0.280710 0.098496 0.000029 0.579715
4 1 0.005901 0.271724 0.256406 0.000026 0.465943
4 1 0.018756 0.206316 0.357622 0.000380 0.416927
4 1 0.003504 0.184598 0.245706 0.000043 0.566148
4 1 0.019797 0.085610 0.051692 0.000157 0.842743
4 4 0.007011 0.117875 0.384930 0.003589 0.486595
4 4 0.018531 0.167201 0.079454 0.000227 0.734587
4 4 0.297053 0.073333 0.021795 0.000320 0.607499
0 4 0.834552 0.117109 0.021850 0.000043 0.026446
4 4 0.394386 0.088499 0.022247 0.000125 0.494743
0 4 0.538593 0.280015 0.028605 0.000002 0.152786
4 4 0.031936 0.015181 0.012278 0.000699 0.939906
4 4 0.021998 0.072342 0.033858 0.000088 0.871715
1 4 0.013047 0.449733 0.423717 0.000015 0.113488
1 4 0.220071 0.465448 0.079076 0.000007 0.235398
4 4 0.020549 0.173143 0.135742 0.000427 0.670139
2 4 0.036729 0.230156 0.403649 0.003377 0.326088
1 4 0.025214 0.473217 0.194116 0.000214 0.307238
1 4 0.038811 0.560115 0.182610 0.000012 0.218452
4 4 0.112267 0.151108 0.044442 0.000088 0.692094
4 4 0.279021 0.007424 0.003515 0.000177 0.709864
4 4 0.043370 0.054620 0.017197 0.000010 0.884802
4 4 0.256641 0.162264 0.048940 0.000084 0.532071
2 4 0.017423 0.208134 0.425900 0.000612 0.347931
2 4 0.037983 0.172730 0.580623 0.007540 0.201124
0 4 0.489311 0.092656 0.031098 0.000779 0.386157
4 4 0.265066 0.228541 0.085104 0.002850 0.418439
4 4 0.082447 0.246336 0.083614 0.000008 0.587595
0 4 0.418325 0.273014 0.116630 0.000817 0.191214
4 4 0.191512 0.270407 0.040873 0.000002 0.497206
1 4 0.039319 0.478711 0.115157 0.000001 0.366812
1 4 0.014297 0.409597 0.396188 0.000233 0.179686
1 4 0.217059 0.465462 0.227706 0.000441 0.089332
4 4 0.072836 0.233113 0.168680 0.000841 0.524530
4 4 0.007210 0.243604 0.136129 0.000002 0.613055
2 4 0.019896 0.219961 0.651715 0.000171 0.108257
2 4 0.047715 0.195792 0.632609 0.000684 0.123200
4 4 0.011337 0.396110 0.172734 0.000001 0.419818
4 4 0.022873 0.268366 0.133096 0.000008 0.575656
2 4 0.019626 0.384959 0.549173 0.002111 0.044131
4 4 0.026070 0.173169 0.144672 0.000198 0.655891
1 4 0.021217 0.557935 0.221730 0.000012 0.199107
2 4 0.014968 0.260479 0.618041 0.008375 0.098138
4 4 0.029390 0.042408 0.057390 0.000892 0.869920
4 4 0.043225 0.094296 0.036807 0.000141 0.825531
1 4 0.015234 0.506510 0.203104 0.000010 0.275143
1 4 0.137072 0.632345 0.192973 0.000019 0.037590
4 4 0.208278 0.058396 0.051394 0.003257 0.678674
0 4 0.621364 0.032144 0.012381 0.000517 0.333593
4 4 0.187370 0.081612 0.032256 0.000246 0.698517
0 4 0.744223 0.024510 0.009130 0.000277 0.221860
4 4 0.365263 0.130099 0.010891 0.000000 0.493747
1 4 0.162871 0.617280 0.122672 0.000001 0.097176
1 4 0.181054 0.389089 0.202935 0.000236 0.226686
1 4 0.099199 0.470424 0.234746 0.000287 0.195344
1 4 0.158604 0.580505 0.160630 0.000095 0.100166
1 4 0.084453 0.446284 0.413346 0.000366 0.055550
1 4 0.058857 0.659331 0.192495 0.000001 0.089316
1 4 0.258062 0.568476 0.131708 0.000013 0.041741
2 4 0.008557 0.272078 0.698132 0.000285 0.020948
2 4 0.006056 0.211638 0.739953 0.001775 0.040578
1 4 0.152611 0.506050 0.263814 0.000048 0.077478
1 4 0.081092 0.501807 0.141030 0.000098 0.275972
2 4 0.011442 0.313452 0.583198 0.000138 0.091770
2 4 0.021832 0.251511 0.710740 0.000919 0.014998
1 4 0.143460 0.628035 0.209853 0.000023 0.018629
1 4 0.213514 0.549066 0.201089 0.000160 0.036172
0 4 0.708071 0.207556 0.074064 0.000091 0.010217
1 4 0.255503 0.367439 0.354537 0.001434 0.021088
2 4 0.096688 0.433907 0.439580 0.000214 0.029610
2 4 0.018511 0.273473 0.689859 0.000872 0.017286
0 4 0.461506 0.276935 0.084915 0.000001 0.176644
0 4 0.965055 0.030978 0.003927 0.000004 0.000035
0 4 0.861369 0.080997 0.040546 0.000296 0.016791
0 4 0.855637 0.096293 0.043588 0.000015 0.004466
0 4 0.938582 0.029638 0.004972 0.000002 0.026806
0 4 0.982698 0.009328 0.001964 0.000003 0.006007
0 4 0.822715 0.061084 0.011055 0.000008 0.105139
0 4 0.447048 0.381557 0.048197 0.000002 0.123195
4 4 0.041439 0.340659 0.064996 0.000001 0.552905
4 4 0.019871 0.164464 0.160977 0.000004 0.654685
4 4 0.025624 0.261537 0.063004 0.000012 0.649823
1 4 0.207544 0.515338 0.100625 0.000012 0.176481
4 4 0.042764 0.303707 0.156886 0.000002 0.496641
4 4 0.026092 0.116523 0.114937 0.000003 0.742445
4 4 0.008034 0.288134 0.093295 0.000003 0.610535
1 4 0.184132 0.445634 0.099615 0.000245 0.270375
2 1 0.044659 0.415077 0.458150 0.000056 0.082058
2 1 0.006751 0.153715 0.779117 0.000058 0.060359
1 1 0.295303 0.510872 0.079111 0.000001 0.114713
2 2 0.000459 0.049964 0.946518 0.000114 0.002945
2 2 0.034970 0.410893 0.501278 0.000080 0.052779
2 2 0.034002 0.272913 0.681815 0.000238 0.011032
2 2 0.003220 0.164203 0.786053 0.002915 0.043609
2 1 0.013012 0.268660 0.560131 0.000776 0.157420
4 1 0.034246 0.340091 0.097591 0.000066 0.528006
2 1 0.005466 0.093137 0.890034 0.004630 0.006732
2 1 0.012997 0.270836 0.694534 0.000224 0.021408
2 1 0.000788 0.108006 0.878882 0.000588 0.011735
2 1 0.000057 0.024982 0.972994 0.001125 0.000843
2 2 0.000219 0.005920 0.990465 0.003313 0.000084
2 2 0.000489 0.036137 0.939227 0.008739 0.015409
2 2 0.000509 0.024708 0.841177 0.129263 0.004343
2 2 0.000049 0.010897 0.984287 0.001633 0.003133
2 2 0.001421 0.034562 0.962543 0.000880 0.000594
1 2 0.013088 0.501720 0.444170 0.000042 0.040981
1 2 0.066684 0.629997 0.158637 0.000001 0.144680
1 2 0.038896 0.568445 0.317574 0.000020 0.075065
1 2 0.094768 0.444738 0.421995 0.000346 0.038154
2 2 0.096223 0.220335 0.679340 0.002253 0.001848
2 1 0.005816 0.102542 0.882803 0.004248 0.004591
4 1 0.087943 0.277947 0.145500 0.000054 0.488556
2 1 0.012799 0.317338 0.486651 0.000069 0.183143
0 0 0.584896 0.352207 0.060140 0.000000 0.002756
1 1 0.017559 0.622614 0.337532 0.000003 0.022292
4 1 0.222546 0.299724 0.071237 0.000011 0.406482
1 1 0.079611 0.451853 0.397936 0.000609 0.069991
2 1 0.001938 0.148399 0.696527 0.000476 0.152659
2 1 0.002740 0.078535 0.903790 0.000361 0.014574
2 1 0.088881 0.279502 0.430416 0.005639 0.195562
1 1 0.064210 0.446214 0.323377 0.000597 0.165602
2 1 0.000355 0.061154 0.934747 0.000197 0.003547
1 1 0.095617 0.545571 0.307054 0.000016 0.051743
2 1 0.003138 0.148958 0.837471 0.002193 0.008240
2 1 0.057701 0.401515 0.473269 0.002597 0.064918
1 1 0.161545 0.501109 0.329417 0.000078 0.007851
2 1 0.009559 0.133502 0.844645 0.001895 0.010400
1 1 0.118307 0.511799 0.310919 0.002056 0.056919
1 0 0.117409 0.546454 0.123664 0.000009 0.212463
1 1 0.145919 0.623932 0.140853 0.000002 0.089294
1 1 0.247361 0.529874 0.104567 0.000012 0.118185
1 1 0.056062 0.577617 0.196109 0.000053 0.170158
2 1 0.005099 0.223291 0.679490 0.000310 0.091810
2 1 0.031736 0.354063 0.587896 0.000009 0.026296
1 0 0.176000 0.523878 0.173412 0.000001 0.126709
0 1 0.352507 0.308744 0.047081 0.000002 0.291667
2 1 0.187683 0.300087 0.435917 0.001061 0.075252
1 1 0.152976 0.496784 0.309738 0.000017 0.040485
0 0 0.712802 0.232462 0.037546 0.000000 0.017189
1 0 0.346791 0.528892 0.106933 0.000001 0.017383
1 0 0.443941 0.477508 0.060951 0.000000 0.017600
0 0 0.882753 0.099963 0.013699 0.000002 0.003582
0 0 0.545728 0.308363 0.136418 0.000002 0.009489
0 0 0.467478 0.388004 0.071561 0.000006 0.072952
0 0 0.981811 0.014979 0.002400 0.000002 0.000808
0 0 0.867143 0.104337 0.020915 0.000015 0.007591
0 0 0.838101 0.138009 0.023695 0.000002 0.000193
0 0 0.991108 0.007335 0.001523 0.000023 0.000010
0 0 0.969193 0.023520 0.006534 0.000660 0.000094
0 0 0.575580 0.163954 0.209574 0.002342 0.048549
0 0 0.941359 0.041724 0.011530 0.000153 0.005234
0 0 0.941786 0.042499 0.007699 0.000012 0.008004
0 0 0.991678 0.006717 0.001251 0.000000 0.000353
0 0 0.965863 0.024771 0.007808 0.000772 0.000786
0 0 0.996009 0.002836 0.000942 0.000046 0.000167
0 0 0.940090 0.044031 0.010558 0.000125 0.005197
0 0 0.564827 0.289018 0.074744 0.000017 0.071393
0 0 0.955267 0.034797 0.007428 0.000047 0.002462
0 0 0.989736 0.009548 0.000712 0.000000 0.000004
0 0 0.995930 0.002366 0.000933 0.000067 0.000704
0 0 0.952034 0.029280 0.005742 0.000009 0.012935
0 0 0.983962 0.011787 0.002916 0.000027 0.001308
0 0 0.936358 0.045155 0.012561 0.000390 0.005537
0 0 0.994699 0.004084 0.001076 0.000018 0.000123
0 0 0.926742 0.057741 0.014368 0.000003 0.001145
0 0 0.934792 0.039550 0.015730 0.004661 0.005268
0 0 0.965210 0.024232 0.007958 0.000699 0.001900
0 0 0.879500 0.101027 0.017431 0.000070 0.001972
0 0 0.545751 0.364839 0.078035 0.000092 0.011283
0 0 0.934649 0.050412 0.013168 0.000046 0.001724
0 0 0.925189 0.032034 0.011235 0.000595 0.030946
0 0 0.944529 0.023003 0.025905 0.006378 0.000186
0 0 0.833610 0.140543 0.023768 0.000110 0.001970
0 0 0.518890 0.239177 0.073253 0.000144 0.168536
0 0 0.549844 0.322612 0.102895 0.000105 0.024544
0 0 0.764216 0.164499 0.067592 0.000216 0.003478
1 0 0.280088 0.542028 0.175335 0.000012 0.002537
1 0 0.136691 0.632682 0.202502 0.000021 0.028103
1 0 0.186209 0.572047 0.152727 0.000013 0.089004
0 0 0.769794 0.161059 0.033865 0.000010 0.035273
0 0 0.951937 0.039511 0.006625 0.000000 0.001926
0 0 0.920510 0.024162 0.007531 0.000124 0.047673
0 0 0.693229 0.208520 0.050856 0.000024 0.047371
0 0 0.788068 0.067577 0.109976 0.025672 0.008707
0 0 0.615610 0.248519 0.105208 0.000238 0.030424
0 0 0.960452 0.029483 0.006407 0.000034 0.003625
0 0 0.974911 0.018323 0.004745 0.000043 0.001977
0 0 0.569169 0.307170 0.120442 0.000064 0.003156
1 1 0.106682 0.627745 0.181837 0.000015 0.083721
1 1 0.035087 0.508943 0.206039 0.000008 0.249923
1 1 0.058531 0.413944 0.205377 0.000005 0.322143
4 1 0.114357 0.335477 0.097422 0.000003 0.452742
1 1 0.126653 0.418496 0.328978 0.000021 0.125852
0 1 0.628437 0.239230 0.029518 0.000006 0.102810
4 1 0.134454 0.091252 0.017955 0.000025 0.756313
4 4 0.004940 0.052287 0.061322 0.000090 0.881361
4 4 0.228187 0.035338 0.014366 0.000951 0.721158
4 4 0.168699 0.021868 0.009297 0.000606 0.799530
0 4 0.519150 0.075023 0.023172 0.000443 0.382211
4 4 0.075901 0.007627 0.002831 0.000042 0.913599
4 4 0.070287 0.099298 0.379426 0.005103 0.445886
4 4 0.105573 0.060067 0.097805 0.016891 0.719663
4 4 0.031597 0.017839 0.011788 0.001030 0.937745
4 4 0.169049 0.025698 0.009159 0.000214 0.795880
0 4 0.493235 0.062612 0.014744 0.000035 0.429375
4 4 0.149891 0.155454 0.058441 0.000125 0.636088
4 4 0.088633 0.065433 0.042357 0.000145 0.803431
4 4 0.023640 0.262431 0.097891 0.000022 0.616017
4 4 0.050190 0.278758 0.072889 0.000184 0.597978
4 4 0.135964 0.242461 0.119082 0.000905 0.501588
4 4 0.016315 0.122193 0.112511 0.001207 0.747775
4 4 0.063979 0.079856 0.042045 0.000298 0.813821
0 4 0.595714 0.054885 0.015443 0.000127 0.333831
1 4 0.022974 0.440288 0.181386 0.000294 0.355058
4 4 0.195653 0.226080 0.083448 0.000333 0.494486
1 4 0.025567 0.355128 0.308004 0.000265 0.311036
4 4 0.012900 0.387206 0.128360 0.000004 0.471530
4 4 0.010070 0.310119 0.090960 0.000001 0.588850
1 4 0.031457 0.477932 0.212956 0.000016 0.277639
4 4 0.043586 0.025519 0.003326 0.000000 0.927569
0 4 0.405486 0.285917 0.042505 0.000004 0.266087
2 4 0.004878 0.105949 0.547040 0.012744 0.329389
4 4 0.033357 0.171209 0.173129 0.002336 0.619969
0 4 0.470145 0.054010 0.031388 0.029051 0.415406
4 4 0.098777 0.018666 0.010097 0.003286 0.869174
4 4 0.051458 0.281509 0.227925 0.001610 0.437498
4 4 0.067522 0.331904 0.103729 0.000524 0.496321
4 4 0.006709 0.133342 0.123118 0.000073 0.736757
4 4 0.028090 0.160145 0.072349 0.000196 0.739220
0 4 0.492584 0.059122 0.034195 0.007136 0.406963
4 4 0.320342 0.147955 0.149821 0.000841 0.381042
2 4 0.011746 0.315272 0.620259 0.000298 0.052425
4 4 0.005795 0.158490 0.139544 0.000019 0.696152
4 4 0.051719 0.234913 0.073671 0.000161 0.639536
4 4 0.029793 0.127382 0.046056 0.000103 0.796666
4 4 0.041771 0.202586 0.194103 0.000497 0.561043
4 4 0.005741 0.235084 0.156359 0.000008 0.602808
4 4 0.010599 0.335176 0.109695 0.000004 0.544526
1 4 0.055673 0.468168 0.195342 0.000135 0.280682
4 4 0.013661 0.016416 0.015284 0.000307 0.954331
4 4 0.154009 0.025392 0.009389 0.000284 0.810927
4 4 0.031617 0.091297 0.038331 0.000156 0.838599
4 4 0.088248 0.140836 0.030757 0.000016 0.740144
2 4 0.000449 0.045236 0.899070 0.001415 0.053830
4 4 0.016531 0.046366 0.268691 0.012388 0.656024
4 4 0.140459 0.337023 0.055545 0.000013 0.466961
4 4 0.017162 0.282438 0.128319 0.000013 0.572069
4 1 0.014631 0.171771 0.104878 0.000058 0.708661
4 1 0.004416 0.294297 0.305071 0.000073 0.396142
2 1 0.002833 0.238851 0.556077 0.000038 0.202201
2 1 0.007059 0.261057 0.444410 0.000541 0.286933
2 1 0.008312 0.248216 0.654996 0.000164 0.088312
2 1 0.005339 0.175704 0.619207 0.000080 0.199670
4 1 0.023322 0.044737 0.014128 0.000008 0.917805
4 1 0.037414 0.234751 0.034653 0.000000 0.693182
4 1 0.013350 0.293410 0.098800 0.000003 0.594437
2 1 0.000832 0.185449 0.745882 0.000271 0.067565
4 1 0.129075 0.367542 0.081814 0.000003 0.421566
2 1 0.000827 0.202325 0.600027 0.000025 0.196795
2 1 0.006886 0.330721 0.501083 0.000133 0.161177
2 1 0.001496 0.233269 0.670065 0.000054 0.095115
1 1 0.069301 0.537742 0.342554 0.000040 0.050364
1 1 0.100113 0.576510 0.142189 0.000008 0.181180
2 1 0.000570 0.145813 0.815953 0.000046 0.037618
2 1 0.000142 0.091842 0.864585 0.000009 0.043422
2 1 0.002284 0.152264 0.754757 0.000370 0.090325
2 2 0.004112 0.102545 0.835169 0.006541 0.051633
2 2 0.003814 0.458765 0.517762 0.000521 0.019138
1 2 0.227849 0.536285 0.140008 0.000279 0.095578
1 2 0.300532 0.421558 0.134263 0.000216 0.143430
1 2 0.110714 0.582914 0.179633 0.000140 0.126598
4 2 0.032049 0.104150 0.257984 0.000013 0.605804
1 2 0.346498 0.374234 0.068492 0.000020 0.210756
4 2 0.147048 0.308521 0.099677 0.000041 0.444714
1 1 0.350121 0.481251 0.108036 0.000157 0.060435
1 1 0.043339 0.458909 0.317977 0.000088 0.179687
1 1 0.036581 0.548798 0.221729 0.000033 0.192859
1 1 0.035045 0.489807 0.152908 0.000017 0.322222
1 1 0.028338 0.556852 0.215305 0.000028 0.199476
0 0 0.881250 0.099888 0.015263 0.000021 0.003577
0 0 0.949860 0.042642 0.007457 0.000022 0.000019
0 1 0.403255 0.201615 0.026015 0.000004 0.369112
4 1 0.036784 0.147698 0.042182 0.000005 0.773330
2 1 0.001583 0.174482 0.665433 0.000376 0.158126
2 1 0.001827 0.134090 0.823962 0.000151 0.039970
1 2 0.087890 0.508803 0.160028 0.000154 0.243125
2 2 0.027717 0.399375 0.469321 0.000563 0.103024
2 2 0.000129 0.030095 0.964913 0.002218 0.002646
2 2 0.000106 0.008600 0.990601 0.000572 0.000121
4 2 0.185781 0.363630 0.056113 0.000008 0.394468
2 2 0.005707 0.322093 0.486319 0.000130 0.185752
4 2 0.008937 0.175834 0.326624 0.000860 0.487746
2 2 0.000907 0.110950 0.844303 0.000423 0.043417
2 2 0.000012 0.005757 0.974450 0.017048 0.002734
2 2 0.018017 0.076209 0.777340 0.017397 0.111038
2 2 0.000014 0.006070 0.991940 0.000404 0.001572
2 2 0.000358 0.058067 0.915583 0.000877 0.025115
2 2 0.000000 0.000301 0.974035 0.025627 0.000036
2 2 0.000003 0.000813 0.950233 0.048911 0.000040
2 2 0.000026 0.002127 0.854780 0.142737 0.000330
2 2 0.000023 0.002840 0.896394 0.100087 0.000655
2 2 0.001709 0.045692 0.944568 0.006762 0.001270
2 2 0.001823 0.014185 0.621171 0.362255 0.000566
2 2 0.001484 0.052195 0.929754 0.010275 0.006291
2 2 0.002201 0.022555 0.630589 0.343203 0.001453
2 2 0.000221 0.002583 0.695880 0.301264 0.000052
2 2 0.000810 0.007398 0.837001 0.154540 0.000250
2 2 0.000105 0.002264 0.761699 0.235778 0.000153
2 2 0.000000 0.000042 0.688613 0.311345 0.000000
3 2 0.002279 0.010256 0.443472 0.543337 0.000655
3 2 0.000038 0.000196 0.060682 0.939075 0.000009
2 2 0.000044 0.002358 0.716700 0.280780 0.000118
2 2 0.000133 0.002358 0.604500 0.392800 0.000210
2 2 0.000812 0.019318 0.819090 0.144834 0.015945
2 2 0.002816 0.036351 0.953740 0.006603 0.000489
0 0 0.569944 0.220907 0.195311 0.010873 0.002965
2 1 0.001425 0.057125 0.920982 0.019717 0.000751
1 1 0.114511 0.529058 0.318925 0.000063 0.037443
1 1 0.418971 0.424281 0.145006 0.000830 0.010911
2 1 0.006626 0.297390 0.562093 0.000038 0.133852
2 1 0.003649 0.243538 0.725615 0.000065 0.027133
2 1 0.018105 0.215655 0.622305 0.002439 0.141497
2 1 0.019915 0.316951 0.417510 0.000390 0.245233
1 1 0.096460 0.439624 0.153316 0.000069 0.310531
2 1 0.004014 0.165939 0.731748 0.003136 0.095163
1 1 0.056958 0.447883 0.338876 0.001996 0.154287
2 1 0.000586 0.208537 0.696066 0.000029 0.094783
4 1 0.014147 0.347466 0.217248 0.000025 0.421115
1 1 0.144901 0.562881 0.141445 0.000043 0.150731
4 1 0.031170 0.318397 0.125573 0.000007 0.524852
1 1 0.008928 0.382387 0.249771 0.000021 0.358894
2 1 0.020182 0.455487 0.480574 0.000165 0.043592
2 1 0.001277 0.211355 0.732518 0.000036 0.054815
2 1 0.002074 0.012815 0.959894 0.025131 0.000086
1 1 0.106165 0.518508 0.360060 0.001315 0.013952
1 1 0.078299 0.458219 0.418534 0.000220 0.044728
2 1 0.007527 0.228465 0.746292 0.000036 0.017680
1 1 0.102285 0.630041 0.200990 0.000015 0.066669
1 1 0.122420 0.634297 0.170328 0.000007 0.072948
4 1 0.039929 0.271992 0.041785 0.000000 0.646294
1 1 0.119844 0.606093 0.161492 0.000017 0.112555
1 1 0.109828 0.593613 0.131544 0.000002 0.165012
1 1 0.168096 0.506694 0.100856 0.000011 0.224342
1 1 0.041047 0.484125 0.161752 0.000090 0.312986
1 1 0.019574 0.536553 0.246122 0.000076 0.197675
2 1 0.021331 0.400789 0.510222 0.000401 0.067256
2 1 0.004405 0.266027 0.706511 0.000181 0.022876
1 1 0.096035 0.434706 0.076211 0.000001 0.393047
4 1 0.082703 0.338491 0.051750 0.000001 0.527056
4 1 0.005014 0.320987 0.270798 0.000008 0.403194
1 1 0.009202 0.519053 0.319942 0.000038 0.151766
2 1 0.011124 0.374087 0.507999 0.000285 0.106505
2 1 0.009960 0.261813 0.697477 0.002231 0.028518
2 1 0.000847 0.139699 0.847429 0.000143 0.011883
2 1 0.001123 0.092729 0.837948 0.001208 0.066992
2 1 0.030900 0.459646 0.477931 0.000228 0.031294
2 1 0.000105 0.023051 0.968945 0.001647 0.006252
1 2 0.049879 0.605862 0.326101 0.000023 0.018134
2 2 0.042482 0.417555 0.489282 0.001310 0.049371
2 2 0.002838 0.122608 0.863205 0.000089 0.011260
2 2 0.000577 0.081024 0.913703 0.000021 0.004674
2 2 0.005658 0.220868 0.763221 0.000479 0.009774
2 2 0.023872 0.362839 0.568982 0.000854 0.043453
2 2 0.002493 0.051638 0.881889 0.057657 0.006323
2 2 0.012845 0.298443 0.615188 0.000399 0.073125
2 2 0.000160 0.020963 0.954229 0.014012 0.010636
2 2 0.005916 0.161856 0.819020 0.000445 0.012762
2 2 0.022635 0.417824 0.546341 0.000029 0.013171
2 2 0.010875 0.410092 0.548052 0.000107 0.030874
1 2 0.032212 0.478903 0.387003 0.000230 0.101651
2 2 0.020767 0.251979 0.670894 0.003714 0.052647
1 2 0.020855 0.559750 0.307844 0.000033 0.111518
1 2 0.215519 0.571443 0.196322 0.000254 0.016463
2 2 0.012890 0.376779 0.533119 0.000054 0.077158
1 2 0.040682 0.475616 0.412951 0.000015 0.070736
1 2 0.215941 0.517583 0.110553 0.000040 0.155882
1 2 0.048388 0.459872 0.212330 0.000062 0.279348
2 2 0.021256 0.353083 0.560738 0.000131 0.064793
1 2 0.058462 0.625576 0.212971 0.000017 0.102975
1 2 0.240727 0.468677 0.185223 0.000207 0.105167
1 1 0.104908 0.450786 0.387749 0.000244 0.056313
2 1 0.017606 0.317504 0.645132 0.000048 0.019710
1 0 0.208966 0.517810 0.111941 0.000044 0.161239
0 0 0.915155 0.070393 0.005841 0.000000 0.008612
0 0 0.277038 0.175136 0.275050 0.000153 0.272622
0 0 0.980795 0.016480 0.002523 0.000003 0.000199
0 0 0.732100 0.230869 0.033990 0.000001 0.003039
4 0 0.300841 0.293099 0.032710 0.000002 0.373348
0 0 0.361441 0.340121 0.036759 0.000001 0.261679
0 0 0.513820 0.243410 0.015416 0.000000 0.227354
0 0 0.477444 0.421878 0.057004 0.000000 0.043674
0 0 0.533684 0.202332 0.033285 0.000004 0.230695
4 0 0.196017 0.175539 0.020805 0.000002 0.607638
1 0 0.037235 0.541703 0.262464 0.000010 0.158588
4 1 0.008257 0.296306 0.147422 0.000002 0.548013
4 1 0.005317 0.224846 0.083783 0.000000 0.686054
4 1 0.001369 0.288293 0.142922 0.000000 0.567415
4 1 0.001588 0.192009 0.319189 0.000016 0.487198
4 1 0.005964 0.128167 0.037437 0.000000 0.828431
1 1 0.191980 0.408059 0.048686 0.000000 0.351275
1 1 0.137607 0.537262 0.123073 0.000020 0.202038
4 4 0.002045 0.082113 0.411282 0.000189 0.504371
4 4 0.009162 0.179739 0.075301 0.000013 0.735785
4 4 0.013941 0.061207 0.199196 0.001856 0.723799
4 4 0.013481 0.014000 0.011935 0.000256 0.960329
1 4 0.074130 0.499909 0.127028 0.000019 0.298914
2 4 0.027525 0.404218 0.451711 0.000083 0.116463
