0 0 0.991555 0.000695 0.000326 0.000055 0.007369
0 0 0.923997 0.031561 0.009239 0.000515 0.034688
0 0 0.434822 0.327218 0.169463 0.004135 0.064361
0 0 0.934446 0.049024 0.005797 0.000001 0.010732
1 0 0.118374 0.492308 0.354211 0.001815 0.033292
0 0 0.827834 0.073241 0.086526 0.000059 0.012340
0 0 0.555897 0.170497 0.209842 0.000240 0.063524
0 0 0.997252 0.001477 0.000088 0.000000 0.001182
0 0 0.990790 0.003392 0.000564 0.000002 0.005253
0 0 0.969489 0.020527 0.002244 0.000001 0.007739
0 0 0.998771 0.000070 0.000017 0.000000 0.001142
0 0 0.997156 0.000199 0.000058 0.000003 0.002583
0 0 0.987002 0.002293 0.000697 0.000057 0.009951
0 0 0.983825 0.001090 0.000646 0.000605 0.013834
0 0 0.933651 0.001555 0.000526 0.000008 0.064260
0 0 0.886172 0.003049 0.001896 0.000709 0.108174
0 0 0.972365 0.006688 0.002131 0.000239 0.018577
0 0 0.995981 0.000314 0.000099 0.000008 0.003598
0 0 0.992394 0.001602 0.000352 0.000007 0.005644
0 0 0.996248 0.000785 0.000133 0.000001 0.002834
0 0 0.981159 0.009623 0.001409 0.000003 0.007806
0 0 0.997434 0.000400 0.000087 0.000000 0.002079
0 0 0.928352 0.032027 0.010152 0.000164 0.029306
0 0 0.933062 0.019522 0.008713 0.001082 0.037621
0 0 0.899340 0.064735 0.009952 0.000067 0.025905
0 0 0.955390 0.022535 0.005876 0.000013 0.016185
0 0 0.986346 0.003660 0.000834 0.000022 0.009139
0 0 0.928633 0.007947 0.005194 0.012045 0.046181
0 0 0.998370 0.000103 0.000059 0.000000 0.001468
0 0 0.990780 0.004242 0.000382 0.000000 0.004595
0 0 0.999082 0.000085 0.000023 0.000000 0.000810
0 0 0.999779 0.000010 0.000001 0.000000 0.000210
0 0 0.981912 0.001735 0.000848 0.000494 0.015010
0 0 0.985905 0.002653 0.000605 0.000011 0.010827
0 0 0.992328 0.000389 0.000197 0.000114 0.006973
0 0 0.981098 0.010503 0.001203 0.000002 0.007194
0 0 0.994159 0.000451 0.000166 0.000025 0.005199
0 0 0.990252 0.001413 0.000438 0.000037 0.007859
0 0 0.991026 0.000196 0.000161 0.000507 0.008110
0 0 0.898180 0.052557 0.019814 0.000051 0.029397
0 0 0.982370 0.004472 0.001169 0.000055 0.011933
0 0 0.998565 0.000050 0.000016 0.000001 0.001368
0 0 0.989969 0.000401 0.000266 0.000318 0.009047
0 0 0.992048 0.001435 0.000528 0.000006 0.005983
0 0 0.983855 0.000932 0.000569 0.000796 0.013848
0 0 0.949409 0.015745 0.009373 0.000102 0.025371
0 0 0.998540 0.000246 0.000033 0.000000 0.001180
0 0 0.985945 0.003964 0.000875 0.000020 0.009196
0 0 0.975051 0.008313 0.002154 0.000049 0.014432
0 0 0.898470 0.063587 0.023951 0.000024 0.013968
0 0 0.989774 0.000435 0.000265 0.000338 0.009188
0 0 0.995199 0.000220 0.000121 0.000023 0.004437
0 0 0.995852 0.000255 0.000110 0.000010 0.003773
0 0 0.982459 0.009522 0.001102 0.000002 0.006915
0 0 0.960057 0.004446 0.003614 0.002002 0.029881
0 0 0.984148 0.001181 0.000661 0.000493 0.013518
0 0 0.752288 0.154334 0.042188 0.000379 0.050811
0 0 0.987947 0.003172 0.001181 0.000005 0.007696
0 0 0.950418 0.033407 0.004990 0.000002 0.011182
0 0 0.801723 0.156006 0.016602 0.000026 0.025643
0 0 0.882335 0.080044 0.014299 0.000020 0.023302
0 0 0.988619 0.004529 0.000915 0.000001 0.005935
0 0 0.995074 0.000402 0.000189 0.000007 0.004327
0 0 0.992963 0.000485 0.000353 0.000020 0.006179
0 0 0.994594 0.002167 0.000277 0.000000 0.002962
0 0 0.944508 0.017683 0.007696 0.000342 0.029772
0 0 0.973591 0.007016 0.001827 0.000005 0.017561
0 0 0.998252 0.000189 0.000040 0.000000 0.001519
0 0 0.962959 0.031111 0.001607 0.000000 0.004322
0 0 0.947913 0.040051 0.004495 0.000000 0.007541
0 0 0.960267 0.027126 0.003232 0.000001 0.009373
0 0 0.989219 0.006396 0.000698 0.000000 0.003687
0 0 0.987661 0.003910 0.000744 0.000009 0.007677
0 0 0.899692 0.063848 0.010886 0.000053 0.025520
0 0 0.974545 0.015773 0.001650 0.000002 0.008030
0 0 0.990633 0.003573 0.000514 0.000002 0.005279
0 0 0.764178 0.113533 0.094544 0.000842 0.026903
0 0 0.788906 0.085108 0.047866 0.003688 0.074431
0 0 0.813548 0.094909 0.026927 0.002468 0.062148
0 0 0.638607 0.274512 0.048993 0.000067 0.037820
0 0 0.961388 0.018532 0.004273 0.000021 0.015788
0 0 0.972824 0.017445 0.001934 0.000001 0.007795
1 1 0.340404 0.512716 0.086224 0.000174 0.060482
2 1 0.003080 0.364833 0.399517 0.000004 0.232566
4 0 0.296522 0.027304 0.011714 0.000073 0.664388
4 1 0.277072 0.070280 0.024018 0.000085 0.628546
0 4 0.473537 0.224282 0.037015 0.000018 0.265148
0 4 0.494375 0.049377 0.013390 0.000065 0.442794
4 4 0.002589 0.039565 0.098134 0.000015 0.859696
4 4 0.020257 0.056335 0.021727 0.000106 0.901575
4 4 0.062829 0.009618 0.005346 0.000088 0.922118
4 4 0.034653 0.001910 0.001594 0.000061 0.961782
4 4 0.147414 0.043185 0.014427 0.000067 0.794908
4 4 0.116749 0.189180 0.041085 0.000055 0.652931
4 4 0.044681 0.183281 0.047977 0.000108 0.723954
4 4 0.260582 0.153896 0.038267 0.000137 0.547119
4 4 0.273259 0.145721 0.050542 0.001254 0.529224
4 4 0.158340 0.295949 0.068836 0.000284 0.476591
4 4 0.054046 0.279503 0.033916 0.000002 0.632533
4 4 0.136343 0.011479 0.004314 0.000014 0.847850
4 4 0.225180 0.115729 0.044932 0.000406 0.613753
4 4 0.158658 0.025241 0.012171 0.000291 0.803638
4 4 0.289825 0.037088 0.021205 0.002613 0.649269
4 4 0.206815 0.106386 0.104499 0.010284 0.572016
4 4 0.069026 0.196908 0.040316 0.000010 0.693740
1 4 0.077902 0.440948 0.183514 0.000006 0.297630
4 4 0.015029 0.055264 0.067141 0.000139 0.862427
4 4 0.033983 0.064359 0.010289 0.000001 0.891369
4 4 0.019382 0.055474 0.043592 0.001044 0.880508
4 4 0.029990 0.049183 0.017616 0.000061 0.903150
4 4 0.224761 0.175528 0.028427 0.000011 0.571273
4 4 0.189132 0.309473 0.055315 0.000065 0.446015
4 4 0.002579 0.161427 0.118762 0.000001 0.717231
2 4 0.001229 0.095688 0.748879 0.000042 0.154162
4 4 0.013816 0.031967 0.007018 0.000001 0.947198
4 4 0.013371 0.000506 0.000394 0.000003 0.985727
4 4 0.204681 0.046270 0.019918 0.000473 0.728658
1 4 0.173790 0.394309 0.115884 0.000068 0.315949
4 4 0.304451 0.013066 0.009389 0.001958 0.671136
4 4 0.251339 0.054741 0.018378 0.000149 0.675393
4 4 0.011508 0.004291 0.004248 0.000452 0.979501
4 4 0.168172 0.039370 0.021841 0.001612 0.769005
4 4 0.017610 0.068782 0.025700 0.000090 0.887817
4 4 0.046442 0.059690 0.019711 0.000061 0.874096
4 4 0.091255 0.013541 0.008222 0.000330 0.886653
4 4 0.259361 0.036187 0.016496 0.000528 0.687428
4 4 0.379111 0.138255 0.042766 0.000762 0.439106
4 4 0.214128 0.010186 0.005864 0.000235 0.769587
4 4 0.013860 0.118167 0.045432 0.000001 0.822540
4 4 0.006318 0.080210 0.034170 0.000003 0.879300
4 4 0.056806 0.360439 0.054447 0.000001 0.528307
4 4 0.005591 0.138850 0.032360 0.000001 0.823199
4 4 0.029413 0.028692 0.012523 0.000085 0.929288
4 4 0.010040 0.032690 0.016140 0.000002 0.941128
4 4 0.018767 0.203677 0.024472 0.000000 0.753084
1 0 0.269408 0.450947 0.040251 0.000003 0.239392
4 1 0.020599 0.176486 0.022988 0.000001 0.779927
4 2 0.024141 0.077949 0.015708 0.000001 0.882200
2 2 0.000363 0.106839 0.659577 0.000111 0.233109
4 2 0.002671 0.199223 0.128207 0.000005 0.669894
2 2 0.000323 0.129872 0.720824 0.000001 0.148980
4 1 0.000190 0.076157 0.180302 0.000000 0.743350
4 1 0.001590 0.272757 0.248615 0.000001 0.477037
4 1 0.007208 0.336930 0.190748 0.000000 0.465114
2 1 0.000006 0.022115 0.962633 0.000000 0.015246
2 1 0.000688 0.136471 0.678717 0.000005 0.184119
2 1 0.002084 0.186045 0.731511 0.000090 0.080270
2 1 0.000117 0.033753 0.962398 0.000018 0.003713
2 2 0.000030 0.032306 0.960457 0.000002 0.007205
2 2 0.000006 0.010539 0.987364 0.000001 0.002091
2 2 0.000043 0.036190 0.894883 0.001475 0.067408
2 2 0.000009 0.020624 0.952665 0.000112 0.026590
2 2 0.000106 0.078161 0.834695 0.000010 0.087028
2 2 0.000246 0.089996 0.862182 0.000049 0.047527
2 2 0.000000 0.001324 0.997824 0.000706 0.000146
2 2 0.000024 0.016365 0.978927 0.000174 0.004509
2 2 0.000012 0.009316 0.986828 0.000276 0.003569
2 2 0.000030 0.030997 0.920682 0.000009 0.048282
2 2 0.000001 0.001199 0.997643 0.000361 0.000796
2 2 0.000000 0.000566 0.997129 0.001644 0.000661
2 2 0.000160 0.017403 0.889631 0.003804 0.089001
2 2 0.000001 0.000719 0.998006 0.001138 0.000136
2 2 0.000007 0.000847 0.983572 0.014586 0.000989
2 2 0.000006 0.003620 0.995146 0.000959 0.000269
2 2 0.000020 0.002845 0.994134 0.002046 0.000955
2 2 0.000000 0.000188 0.999433 0.000377 0.000002
2 2 0.000000 0.000181 0.984901 0.014911 0.000006
2 3 0.000048 0.002249 0.912089 0.084152 0.001463
2 3 0.000000 0.000240 0.998340 0.001401 0.000019
2 3 0.000001 0.000478 0.982626 0.016740 0.000155
2 3 0.000002 0.000294 0.758476 0.241056 0.000172
3 3 0.000037 0.000214 0.083698 0.915729 0.000321
3 3 0.000004 0.000046 0.063586 0.936310 0.000055
3 3 0.000000 0.000000 0.003653 0.996347 0.000000
3 3 0.000014 0.000044 0.026278 0.973552 0.000111
3 3 0.000000 0.000010 0.044740 0.955249 0.000000
3 3 0.000001 0.000227 0.301357 0.698404 0.000011
3 3 0.000001 0.000021 0.015993 0.983979 0.000006
3 3 0.000013 0.000087 0.068496 0.931357 0.000047
2 3 0.000004 0.000461 0.658117 0.341407 0.000011
3 3 0.000001 0.000086 0.297351 0.702558 0.000004
3 3 0.000003 0.000022 0.041066 0.958879 0.000030
3 3 0.000224 0.000736 0.043689 0.955169 0.000183
3 3 0.000000 0.000000 0.007396 0.992603 0.000000
3 3 0.000000 0.000000 0.004292 0.995708 0.000000
3 3 0.000000 0.000003 0.073453 0.926542 0.000001
3 3 0.000000 0.000000 0.017918 0.982082 0.000000
3 3 0.000000 0.000005 0.025476 0.974515 0.000003
3 3 0.000007 0.000015 0.004570 0.995402 0.000006
3 3 0.000000 0.000014 0.096892 0.903093 0.000001
3 3 0.000001 0.000007 0.009014 0.990967 0.000011
3 3 0.000001 0.000018 0.037880 0.962089 0.000012
3 3 0.000004 0.000009 0.017782 0.982010 0.000195
3 3 0.000000 0.000000 0.000304 0.999696 0.000000
3 3 0.000172 0.000625 0.095286 0.902714 0.001203
3 3 0.000000 0.000000 0.003660 0.996330 0.000009
3 3 0.000021 0.000099 0.076353 0.923439 0.000088
3 3 0.000000 0.000001 0.008381 0.991618 0.000000
3 3 0.000211 0.000936 0.055126 0.943379 0.000349
3 3 0.000001 0.000001 0.002974 0.996990 0.000034
3 3 0.000106 0.000772 0.118448 0.880560 0.000114
3 3 0.001303 0.000664 0.020354 0.977015 0.000664
2 3 0.000001 0.000136 0.515688 0.484019 0.000155
3 3 0.000000 0.000002 0.013400 0.986597 0.000000
3 3 0.000003 0.000033 0.056128 0.943831 0.000004
3 3 0.000000 0.000010 0.070454 0.929533 0.000002
3 3 0.000000 0.000004 0.015115 0.984878 0.000003
3 3 0.000000 0.000007 0.185635 0.814356 0.000002
3 3 0.000021 0.000006 0.001477 0.998487 0.000009
3 3 0.000003 0.000006 0.004247 0.995742 0.000002
3 3 0.000004 0.000113 0.036624 0.963251 0.000008
3 3 0.000000 0.000002 0.013440 0.986557 0.000001
3 3 0.000000 0.000001 0.013196 0.986802 0.000000
3 3 0.000000 0.000000 0.018957 0.981043 0.000000
3 3 0.000001 0.000001 0.004535 0.995458 0.000005
3 3 0.000000 0.000000 0.000730 0.999270 0.000000
2 3 0.075407 0.107178 0.587774 0.205293 0.024348
3 2 0.001469 0.004411 0.246091 0.747123 0.000906
2 3 0.000022 0.003693 0.916616 0.076000 0.003668
2 3 0.000003 0.002679 0.980900 0.013468 0.002951
2 2 0.000004 0.001048 0.957624 0.040985 0.000338
2 2 0.000252 0.055559 0.909505 0.015410 0.019274
2 2 0.000095 0.019211 0.945714 0.024565 0.010415
2 2 0.000558 0.002461 0.922931 0.073631 0.000419
2 2 0.009414 0.092859 0.681866 0.129509 0.086352
2 2 0.003663 0.050582 0.894324 0.035647 0.015783
2 2 0.000001 0.001486 0.997889 0.000137 0.000487
2 2 0.000101 0.001199 0.663983 0.330838 0.003879
2 2 0.000420 0.003724 0.949948 0.044911 0.000998
2 2 0.005375 0.044230 0.915775 0.015944 0.018676
2 2 0.006710 0.092516 0.711471 0.051291 0.138012
2 2 0.000006 0.002517 0.990255 0.002978 0.004244
2 2 0.000000 0.000004 0.778246 0.221749 0.000001
2 3 0.000000 0.000131 0.658336 0.341485 0.000047
2 2 0.000000 0.000015 0.528410 0.471574 0.000001
3 2 0.000108 0.001402 0.413804 0.579908 0.004779
2 2 0.001325 0.006934 0.631226 0.308692 0.051823
3 3 0.000002 0.000345 0.391309 0.608172 0.000171
3 2 0.000007 0.000186 0.271376 0.728376 0.000055
2 3 0.000747 0.009123 0.703144 0.280672 0.006314
2 3 0.000000 0.000286 0.833299 0.166220 0.000194
2 2 0.000016 0.001605 0.810276 0.186352 0.001750
2 2 0.002666 0.015081 0.800066 0.181397 0.000789
2 2 0.003188 0.102003 0.885045 0.002195 0.007568
2 2 0.000000 0.000297 0.921646 0.078052 0.000005
2 2 0.000006 0.003142 0.981667 0.015024 0.000161
2 3 0.000002 0.002882 0.980794 0.016092 0.000229
2 2 0.000002 0.001914 0.994491 0.002539 0.001055
2 2 0.000117 0.002785 0.647490 0.348034 0.001574
2 2 0.000017 0.001445 0.945977 0.052463 0.000098
2 2 0.000000 0.000597 0.940940 0.058444 0.000018
2 2 0.000001 0.001805 0.994456 0.003585 0.000153
2 2 0.000026 0.004206 0.917399 0.077232 0.001137
2 2 0.000008 0.000932 0.759460 0.238656 0.000943
2 2 0.000002 0.002996 0.937731 0.058658 0.000612
2 2 0.000000 0.000226 0.978254 0.021429 0.000091
2 2 0.000007 0.003505 0.987780 0.008507 0.000201
2 2 0.000000 0.000159 0.987337 0.012503 0.000001
2 3 0.000028 0.004663 0.863783 0.130785 0.000741
2 3 0.000036 0.003171 0.985617 0.010832 0.000344
2 3 0.000018 0.000949 0.965287 0.032571 0.001175
3 3 0.000024 0.001744 0.246370 0.751001 0.000861
3 3 0.000001 0.000132 0.404314 0.595530 0.000024
2 0 0.000231 0.004278 0.984038 0.011345 0.000108
2 2 0.085983 0.172348 0.737095 0.000090 0.004484
2 2 0.000382 0.007583 0.929366 0.060588 0.002082
2 2 0.000000 0.000158 0.871272 0.128559 0.000011
2 2 0.000009 0.001226 0.607472 0.390552 0.000742
2 2 0.000000 0.000114 0.998563 0.001314 0.000009
2 2 0.000000 0.000340 0.999402 0.000244 0.000014
2 2 0.000049 0.019156 0.973594 0.002853 0.004347
2 2 0.001515 0.014712 0.936736 0.006175 0.040861
2 3 0.001532 0.012923 0.835092 0.144863 0.005589
2 2 0.001620 0.005339 0.898881 0.090640 0.003519
2 2 0.000007 0.003177 0.990897 0.003046 0.002873
2 2 0.000001 0.001079 0.987646 0.006748 0.004527
2 3 0.000000 0.000366 0.991879 0.007742 0.000013
2 2 0.000001 0.000180 0.999164 0.000648 0.000007
2 3 0.000068 0.007602 0.966472 0.019306 0.006552
2 2 0.000001 0.000447 0.679097 0.320388 0.000067
2 3 0.000084 0.003116 0.952795 0.042950 0.001055
3 3 0.000934 0.000590 0.027046 0.968953 0.002476
2 2 0.000154 0.003703 0.698868 0.294369 0.002906
2 3 0.001311 0.012344 0.930060 0.049340 0.006946
2 2 0.000001 0.002224 0.957219 0.040271 0.000284
2 0 0.005358 0.030471 0.871010 0.053539 0.039623
2 2 0.001022 0.004850 0.907741 0.085395 0.000992
2 2 0.000030 0.006990 0.980999 0.011498 0.000484
2 2 0.000179 0.012119 0.985280 0.001328 0.001094
2 2 0.000022 0.001446 0.981542 0.016513 0.000478
2 2 0.000203 0.010566 0.928124 0.060029 0.001077
2 2 0.000970 0.033053 0.881799 0.067162 0.017016
3 2 0.000007 0.000247 0.150485 0.849088 0.000172
3 2 0.000000 0.000003 0.175064 0.824934 0.000000
2 2 0.000005 0.000947 0.943707 0.054936 0.000405
2 2 0.000052 0.008905 0.964693 0.023948 0.002401
2 2 0.000001 0.000793 0.754838 0.244362 0.000006
2 2 0.000009 0.001596 0.997139 0.001202 0.000053
2 2 0.000002 0.002799 0.984359 0.012505 0.000335
2 2 0.000029 0.000849 0.882880 0.115415 0.000827
2 2 0.000001 0.000556 0.952434 0.046802 0.000208
2 3 0.000000 0.000082 0.998174 0.001742 0.000002
2 2 0.000007 0.003681 0.991231 0.003731 0.001350
3 3 0.000024 0.001393 0.437524 0.557277 0.003782
3 3 0.000270 0.002488 0.244977 0.746563 0.005700
3 3 0.001145 0.003125 0.213209 0.741662 0.040858
3 3 0.000001 0.000058 0.453096 0.546844 0.000001
3 3 0.000000 0.000001 0.171474 0.828525 0.000000
2 0 0.000244 0.029769 0.969348 0.000271 0.000368
3 3 0.000009 0.000050 0.040419 0.959509 0.000014
3 2 0.000060 0.000344 0.085031 0.910644 0.003921
2 2 0.000805 0.016529 0.875077 0.103448 0.004140
3 2 0.000000 0.000008 0.136709 0.863283 0.000000
2 2 0.000000 0.000037 0.546402 0.453547 0.000015
2 3 0.000860 0.012726 0.872843 0.109571 0.004001
3 3 0.000084 0.001132 0.354239 0.643166 0.001379
2 3 0.000000 0.000396 0.915777 0.083824 0.000003
2 2 0.000000 0.000025 0.750531 0.249441 0.000003
2 2 0.000596 0.015654 0.917388 0.049338 0.017024
2 2 0.001838 0.031532 0.948897 0.001163 0.016570
2 3 0.000018 0.004116 0.883312 0.111803 0.000751
2 3 0.000915 0.024368 0.928214 0.031823 0.014680
3 0 0.000002 0.000079 0.193568 0.806329 0.000022
2 2 0.000117 0.009305 0.928929 0.061337 0.000312
2 2 0.000349 0.036903 0.924488 0.028766 0.009494
2 2 0.004093 0.069788 0.848883 0.052901 0.024335
2 2 0.000000 0.000204 0.563229 0.436554 0.000012
2 2 0.000010 0.000531 0.804178 0.194860 0.000421
2 2 0.000024 0.004878 0.884928 0.103849 0.006320
2 2 0.000003 0.001016 0.998481 0.000367 0.000133
2 2 0.000000 0.000051 0.907814 0.092128 0.000006
2 2 0.000000 0.000253 0.995871 0.003830 0.000046
2 2 0.000108 0.003032 0.930278 0.065187 0.001395
2 2 0.000077 0.018094 0.977541 0.000350 0.003938
2 2 0.001069 0.094068 0.832716 0.000131 0.072016
2 2 0.000441 0.003937 0.990308 0.003512 0.001801
2 2 0.000038 0.014827 0.981747 0.000306 0.003082
2 2 0.002573 0.064414 0.897713 0.000118 0.035183
2 2 0.001143 0.178489 0.535830 0.000034 0.284504
2 1 0.002424 0.079806 0.857839 0.004797 0.055135
2 1 0.000702 0.115471 0.845545 0.000015 0.038266
2 1 0.000022 0.009210 0.989643 0.000045 0.001080
2 0 0.022988 0.333045 0.584111 0.000301 0.059554
2 1 0.000659 0.039023 0.957578 0.000012 0.002728
2 0 0.000382 0.022632 0.951074 0.000091 0.025821
4 4 0.008738 0.051809 0.128469 0.000083 0.810902
4 4 0.003647 0.081067 0.412657 0.003352 0.499276
4 4 0.004251 0.065899 0.182275 0.004128 0.743447
4 4 0.011601 0.015824 0.061374 0.000861 0.910340
4 4 0.438318 0.033789 0.045282 0.000943 0.481667
4 4 0.004548 0.081070 0.017896 0.000003 0.896483
4 4 0.002766 0.067716 0.012043 0.000000 0.917476
2 0 0.137441 0.324216 0.431167 0.000509 0.106667
2 0 0.037347 0.147112 0.804761 0.000046 0.010734
4 0 0.039284 0.376344 0.086784 0.000000 0.497588
4 0 0.022238 0.337889 0.065434 0.000000 0.574438
4 1 0.007488 0.293347 0.143283 0.000024 0.555858
1 1 0.010435 0.515036 0.355595 0.000001 0.118933
4 1 0.004354 0.182246 0.328526 0.000022 0.484852
2 1 0.003137 0.099336 0.825093 0.001648 0.070786
2 2 0.000107 0.041070 0.938886 0.000322 0.019615
2 2 0.000000 0.001311 0.998587 0.000001 0.000101
2 2 0.000036 0.025582 0.957962 0.000027 0.016392
2 2 0.000084 0.025735 0.970585 0.000614 0.002982
2 2 0.000002 0.002807 0.996847 0.000132 0.000212
2 2 0.000053 0.008777 0.981861 0.000438 0.008870
2 2 0.000003 0.003858 0.978508 0.017201 0.000430
2 2 0.000009 0.004495 0.993530 0.000312 0.001653
2 2 0.000048 0.010307 0.983402 0.000545 0.005698
2 2 0.000451 0.030418 0.954474 0.001597 0.013060
2 2 0.000115 0.023532 0.972065 0.000799 0.003489
2 2 0.002265 0.140467 0.827009 0.000706 0.029553
2 2 0.000017 0.008998 0.979499 0.011072 0.000414
2 2 0.000004 0.004457 0.995302 0.000059 0.000177
2 2 0.000000 0.001300 0.998302 0.000312 0.000086
2 2 0.000000 0.000052 0.998753 0.001192 0.000003
2 2 0.000013 0.002630 0.996873 0.000352 0.000131
2 2 0.000002 0.001397 0.996921 0.001537 0.000142
2 2 0.000246 0.002482 0.968241 0.028157 0.000874
2 2 0.000086 0.008150 0.979901 0.010258 0.001605
2 2 0.006221 0.040821 0.933329 0.009786 0.009843
2 2 0.006284 0.277591 0.680559 0.000034 0.035531
2 2 0.000003 0.004058 0.993754 0.001043 0.001142
2 2 0.000003 0.002392 0.996502 0.000097 0.001006
2 2 0.000003 0.001804 0.992486 0.004237 0.001470
2 2 0.000000 0.000576 0.987930 0.011250 0.000244
2 2 0.000012 0.005365 0.994368 0.000096 0.000159
2 2 0.000007 0.003494 0.985302 0.010401 0.000795
2 2 0.000008 0.000535 0.851184 0.147968 0.000304
2 2 0.000559 0.020782 0.958364 0.012685 0.007611
2 0 0.000461 0.028514 0.960282 0.000074 0.010670
2 1 0.017680 0.152902 0.716337 0.000002 0.113079
2 2 0.000330 0.037420 0.956200 0.004097 0.001953
2 2 0.000008 0.001864 0.997775 0.000206 0.000147
2 2 0.000014 0.004760 0.926304 0.068418 0.000503
2 2 0.000033 0.005250 0.985913 0.007961 0.000844
2 2 0.000001 0.000661 0.998758 0.000552 0.000028
2 2 0.000014 0.003931 0.977440 0.013386 0.005230
2 2 0.000001 0.002107 0.996736 0.000807 0.000349
2 2 0.000000 0.000051 0.999651 0.000297 0.000001
2 2 0.000000 0.001477 0.998343 0.000028 0.000152
2 2 0.000021 0.015371 0.976327 0.000039 0.008242
2 2 0.000000 0.000118 0.976865 0.023016 0.000001
2 2 0.000016 0.002962 0.978949 0.014831 0.003242
2 2 0.000000 0.001341 0.996578 0.001871 0.000210
2 2 0.000000 0.000195 0.989354 0.010443 0.000008
2 2 0.000002 0.000744 0.919186 0.080035 0.000034
2 2 0.000026 0.000939 0.991809 0.006570 0.000656
2 3 0.000000 0.000040 0.998043 0.001914 0.000003
2 2 0.000046 0.000838 0.998604 0.000451 0.000062
2 2 0.000001 0.000516 0.750716 0.248744 0.000022
2 2 0.000000 0.000047 0.697870 0.302078 0.000005
2 2 0.000001 0.000361 0.785456 0.214126 0.000057
2 2 0.000112 0.001131 0.907644 0.090506 0.000607
3 2 0.000002 0.000429 0.478741 0.520499 0.000328
2 2 0.000006 0.001038 0.830172 0.167372 0.001412
3 2 0.000016 0.000382 0.140723 0.858659 0.000220
2 2 0.000989 0.005269 0.640907 0.347910 0.004925
2 3 0.000060 0.003480 0.974798 0.021635 0.000027
2 3 0.000002 0.000119 0.540687 0.459186 0.000007
2 2 0.000000 0.000023 0.788182 0.211794 0.000001
2 2 0.000000 0.000059 0.601696 0.398238 0.000008
2 3 0.000000 0.000134 0.998722 0.001138 0.000005
2 3 0.000248 0.003212 0.984197 0.008552 0.003791
2 3 0.000020 0.000517 0.775691 0.223714 0.000058
2 3 0.000029 0.001313 0.806042 0.192228 0.000389
2 3 0.000050 0.006283 0.818163 0.171144 0.004359
2 3 0.000293 0.004658 0.797204 0.196835 0.001009
3 3 0.000004 0.000028 0.033366 0.966594 0.000008
3 3 0.000001 0.000028 0.223927 0.776042 0.000001
3 3 0.000004 0.000269 0.253086 0.746499 0.000142
3 3 0.000016 0.000461 0.445689 0.552765 0.001069
3 3 0.000003 0.000244 0.452145 0.547534 0.000074
2 3 0.000000 0.000060 0.726532 0.273408 0.000001
3 3 0.000565 0.002141 0.074541 0.920054 0.002698
3 3 0.001310 0.003647 0.163492 0.827971 0.003580
3 3 0.000000 0.000010 0.121867 0.878116 0.000007
2 3 0.000004 0.000307 0.627744 0.371887 0.000059
3 3 0.000000 0.000007 0.041760 0.958233 0.000001
2 3 0.000000 0.000018 0.911235 0.088746 0.000000
3 3 0.000046 0.000319 0.170142 0.828379 0.001114
3 3 0.000003 0.000249 0.388740 0.610918 0.000090
3 3 0.000000 0.000000 0.004925 0.995075 0.000000
3 3 0.000000 0.000000 0.001435 0.998565 0.000000
3 3 0.000005 0.000260 0.103003 0.896723 0.000010
3 3 0.000000 0.000000 0.002381 0.997619 0.000000
3 3 0.000432 0.000232 0.028023 0.970836 0.000478
2 3 0.000000 0.000113 0.765718 0.234163 0.000006
2 3 0.000001 0.000214 0.734883 0.264830 0.000071
3 3 0.000932 0.001429 0.180593 0.815544 0.001502
2 3 0.000000 0.000027 0.507711 0.492262 0.000000
2 3 0.000078 0.006745 0.977227 0.015882 0.000068
2 3 0.000016 0.001603 0.850792 0.146915 0.000675
2 3 0.000026 0.005968 0.992745 0.000641 0.000620
2 3 0.000000 0.000058 0.813576 0.186349 0.000017
2 3 0.000000 0.000015 0.973461 0.026523 0.000000
2 3 0.000000 0.000189 0.845879 0.153927 0.000005
3 3 0.000000 0.000000 0.255194 0.744806 0.000000
3 3 0.000764 0.008069 0.298046 0.690761 0.002359
3 3 0.000003 0.000122 0.121629 0.878045 0.000201
2 3 0.000002 0.000565 0.622665 0.376739 0.000029
2 3 0.000000 0.000101 0.933987 0.065911 0.000000
3 3 0.000261 0.003923 0.249183 0.745686 0.000947
3 3 0.000031 0.000179 0.031496 0.968263 0.000032
3 3 0.000000 0.000016 0.076228 0.923751 0.000004
3 3 0.000000 0.000002 0.024379 0.975619 0.000000
3 3 0.000067 0.000224 0.070300 0.928641 0.000768
3 3 0.000000 0.000005 0.019811 0.980182 0.000002
3 3 0.000009 0.000162 0.114744 0.885075 0.000010
3 3 0.000016 0.000045 0.020996 0.978929 0.000014
3 3 0.000000 0.000004 0.021279 0.978709 0.000008
3 3 0.000174 0.000207 0.033656 0.965817 0.000146
3 3 0.000000 0.000000 0.004938 0.995062 0.000000
3 3 0.000000 0.000001 0.102635 0.897365 0.000000
3 3 0.000000 0.000007 0.097673 0.902319 0.000001
3 3 0.000000 0.000002 0.013963 0.986034 0.000000
3 3 0.000009 0.000291 0.219943 0.779741 0.000015
2 3 0.001537 0.002584 0.643140 0.352367 0.000372
3 3 0.000000 0.000000 0.000514 0.999486 0.000000
3 3 0.000005 0.000007 0.004976 0.994984 0.000027
3 3 0.000000 0.000010 0.064221 0.935767 0.000001
3 3 0.000001 0.000008 0.017364 0.982626 0.000002
3 3 0.000007 0.000002 0.001906 0.998081 0.000003
3 3 0.000000 0.000000 0.003753 0.996246 0.000000
3 3 0.000001 0.000018 0.039798 0.960175 0.000008
3 3 0.000001 0.000005 0.030580 0.969413 0.000001
3 3 0.000003 0.000038 0.057460 0.942495 0.000004
3 3 0.000066 0.000687 0.044528 0.954631 0.000087
3 0 0.000005 0.000051 0.036614 0.963317 0.000013
2 0 0.000140 0.001414 0.886825 0.111578 0.000042
2 2 0.023490 0.275766 0.618148 0.061101 0.021495
2 2 0.002724 0.016932 0.752817 0.216748 0.010779
3 3 0.000246 0.002149 0.485882 0.511177 0.000546
2 3 0.000052 0.002170 0.875530 0.122037 0.000211
2 3 0.001233 0.006946 0.915155 0.073720 0.002946
2 2 0.000701 0.003109 0.923439 0.071345 0.001406
2 2 0.000019 0.002387 0.956605 0.040491 0.000497
2 4 0.000034 0.001609 0.973506 0.024503 0.000348
2 4 0.000167 0.005783 0.962973 0.019097 0.011981
2 4 0.011691 0.171797 0.740695 0.000193 0.075624
4 4 0.061025 0.037261 0.023451 0.000016 0.878246
4 4 0.006104 0.024924 0.176262 0.000966 0.791744
2 4 0.033425 0.314075 0.477334 0.000007 0.175159
4 4 0.247991 0.098958 0.099568 0.003697 0.549787
1 4 0.040227 0.532854 0.330051 0.000000 0.096867
4 4 0.067170 0.054716 0.098046 0.001744 0.778325
4 4 0.032829 0.035211 0.076348 0.000323 0.855288
4 4 0.056756 0.011669 0.011185 0.000323 0.920067
4 4 0.013942 0.037485 0.046415 0.000029 0.902129
4 4 0.019947 0.010152 0.007089 0.000150 0.962663
4 4 0.192884 0.062818 0.022767 0.000258 0.721273
4 4 0.116562 0.022942 0.010983 0.000199 0.849314
4 4 0.162640 0.370913 0.063849 0.000010 0.402588
1 4 0.147196 0.476251 0.062448 0.000006 0.314099
4 4 0.175161 0.130426 0.066266 0.000214 0.627932
4 4 0.002226 0.188204 0.369108 0.000003 0.440460
4 4 0.056952 0.178288 0.039424 0.000038 0.725297
4 4 0.058799 0.098546 0.043144 0.000140 0.799372
4 4 0.184851 0.052672 0.018169 0.000133 0.744175
4 4 0.335260 0.066659 0.020683 0.000164 0.577234
4 4 0.133334 0.221693 0.047619 0.000078 0.597276
4 0 0.371043 0.198083 0.046908 0.000285 0.383681
0 4 0.425791 0.274529 0.039162 0.000014 0.260503
4 4 0.201086 0.306028 0.179410 0.000148 0.313328
4 4 0.008327 0.067372 0.138617 0.000087 0.785596
4 4 0.003813 0.214008 0.205907 0.000019 0.576253
2 4 0.001108 0.167408 0.546614 0.000032 0.284839
2 4 0.004367 0.320740 0.390280 0.000000 0.284613
2 4 0.037336 0.157668 0.717635 0.000102 0.087259
4 4 0.128668 0.288743 0.079237 0.000004 0.503348
4 4 0.002417 0.192375 0.314234 0.000083 0.490890
4 4 0.013094 0.269658 0.149454 0.000046 0.567748
1 4 0.256829 0.259276 0.250640 0.000105 0.233149
2 4 0.036522 0.383261 0.519179 0.000005 0.061033
4 4 0.013568 0.040179 0.014204 0.000004 0.932045
4 4 0.032757 0.063377 0.039683 0.000096 0.864088
4 4 0.047703 0.038816 0.016354 0.000140 0.896987
4 4 0.049967 0.164115 0.056102 0.000515 0.729301
4 4 0.021763 0.045496 0.166311 0.000176 0.766255
4 4 0.031682 0.024533 0.013584 0.000011 0.930190
4 4 0.036217 0.102448 0.015781 0.000001 0.845553
4 4 0.017027 0.027499 0.013683 0.000028 0.941762
4 4 0.054311 0.160058 0.047158 0.000005 0.738468
0 4 0.730127 0.077824 0.015654 0.000001 0.176393
4 4 0.064166 0.075785 0.017117 0.000005 0.842927
4 4 0.016095 0.138076 0.069989 0.000009 0.775831
1 4 0.143823 0.377952 0.102015 0.000000 0.376210
4 4 0.208588 0.049076 0.025028 0.000006 0.717302
4 4 0.051904 0.327002 0.059943 0.000040 0.561111
4 4 0.012910 0.320774 0.106590 0.000000 0.559726
2 4 0.013896 0.121625 0.620608 0.000794 0.243076
4 4 0.120333 0.080452 0.016587 0.000001 0.782627
4 4 0.005557 0.090760 0.014488 0.000000 0.889194
4 4 0.007503 0.276729 0.097447 0.000000 0.618321
4 4 0.004986 0.288180 0.324888 0.000000 0.381946
4 0 0.059255 0.434676 0.064364 0.000000 0.441704
2 0 0.045503 0.353421 0.504622 0.000002 0.096451
0 0 0.750895 0.034463 0.046227 0.000003 0.168413
2 0 0.092607 0.097514 0.791128 0.000297 0.018454
2 0 0.155415 0.365620 0.431884 0.000956 0.046126
4 0 0.021165 0.183326 0.170922 0.000063 0.624523
4 1 0.022574 0.283563 0.198041 0.000009 0.495813
4 1 0.010048 0.212534 0.181096 0.000025 0.596297
4 1 0.010847 0.084376 0.023865 0.000009 0.880903
4 1 0.054789 0.308083 0.034850 0.000000 0.602277
4 0 0.016935 0.251239 0.049317 0.000001 0.682508
0 1 0.473088 0.163089 0.093836 0.000001 0.269987
4 1 0.080979 0.364077 0.050906 0.000009 0.504029
1 0 0.254336 0.450753 0.042662 0.000004 0.252245
4 0 0.170757 0.157468 0.044575 0.000008 0.627192
0 0 0.575560 0.087705 0.310269 0.001062 0.025403
0 0 0.906050 0.045540 0.032231 0.000003 0.016175
0 0 0.687221 0.182100 0.016028 0.000001 0.114650
0 0 0.874124 0.040929 0.036022 0.000004 0.048921
0 0 0.766336 0.011520 0.021561 0.000461 0.200123
0 0 0.923536 0.009770 0.009579 0.000662 0.056453
0 0 0.926580 0.005985 0.003854 0.000005 0.063575
0 0 0.846897 0.053664 0.015029 0.000000 0.084411
0 0 0.727637 0.011774 0.010370 0.000481 0.249739
0 0 0.913917 0.011109 0.002464 0.000013 0.072497
4 0 0.131135 0.025232 0.019236 0.000022 0.824375
0 0 0.862189 0.030168 0.005328 0.000011 0.102305
0 0 0.978160 0.011995 0.001473 0.000003 0.008369
0 0 0.996558 0.001208 0.000130 0.000000 0.002104
0 0 0.711206 0.008918 0.004012 0.000182 0.275682
4 0 0.259104 0.000989 0.000894 0.000098 0.738914
0 0 0.891372 0.000141 0.000112 0.000020 0.108355
4 0 0.471004 0.000337 0.000562 0.001494 0.526603
0 0 0.713927 0.022855 0.006241 0.000038 0.256939
0 0 0.783983 0.042567 0.009215 0.000012 0.164223
0 0 0.486852 0.113990 0.026727 0.000015 0.372415
4 0 0.148037 0.088625 0.172716 0.004692 0.585929
0 0 0.727741 0.130626 0.040200 0.004235 0.097198
0 0 0.739625 0.124341 0.042329 0.008634 0.085071
0 0 0.890530 0.001496 0.001137 0.000025 0.106812
0 0 0.939348 0.022716 0.015010 0.000371 0.022555
0 0 0.952957 0.015619 0.004592 0.000401 0.026431
0 0 0.960233 0.019087 0.003518 0.000044 0.017118
0 0 0.861228 0.000724 0.000410 0.000027 0.137611
4 0 0.434354 0.004122 0.003446 0.001057 0.557021
0 0 0.621925 0.020063 0.007873 0.000216 0.349924
4 0 0.220874 0.122018 0.049637 0.000934 0.606537
0 1 0.332364 0.290183 0.064128 0.000411 0.312912
1 1 0.105407 0.617482 0.151468 0.000008 0.125635
1 0 0.096718 0.529718 0.134731 0.000185 0.238648
4 1 0.157443 0.244917 0.061643 0.000304 0.535694
2 1 0.006506 0.323860 0.634948 0.000025 0.034662
1 1 0.117052 0.634625 0.206341 0.000014 0.041969
1 1 0.012875 0.399928 0.265502 0.000561 0.321134
2 1 0.005082 0.400893 0.440887 0.000033 0.153105
2 2 0.000136 0.052278 0.929011 0.002468 0.016107
2 1 0.000250 0.076559 0.899133 0.000491 0.023568
1 1 0.021124 0.514274 0.396249 0.000001 0.068352
1 1 0.006760 0.489612 0.340530 0.000000 0.163097
1 1 0.073320 0.528047 0.357070 0.000204 0.041359
2 1 0.021019 0.330221 0.434739 0.017030 0.196991
1 1 0.109061 0.483560 0.117083 0.000922 0.289375
1 1 0.153626 0.512649 0.090768 0.000077 0.242880
1 1 0.170131 0.510564 0.088399 0.000106 0.230800
2 2 0.005414 0.287460 0.642670 0.000005 0.064451
2 2 0.006847 0.284319 0.565481 0.001421 0.141931
2 2 0.001107 0.168013 0.543999 0.000360 0.286521
2 2 0.000603 0.054764 0.926824 0.000127 0.017682
2 2 0.001282 0.192079 0.723938 0.000044 0.082657
1 1 0.089023 0.576645 0.217967 0.000001 0.116365
1 1 0.032284 0.444696 0.097057 0.000000 0.425963
2 1 0.001048 0.214307 0.717345 0.000000 0.067300
2 1 0.002828 0.251937 0.678677 0.000068 0.066491
2 1 0.001162 0.171707 0.802016 0.000001 0.025115
2 2 0.000184 0.020002 0.955121 0.000062 0.024631
2 2 0.000013 0.023984 0.951395 0.000136 0.024472
2 2 0.000003 0.008799 0.983221 0.000050 0.007926
2 2 0.000009 0.014076 0.983460 0.000011 0.002445
2 2 0.001160 0.178098 0.747794 0.000001 0.072946
2 2 0.000884 0.106409 0.875278 0.000094 0.017335
2 2 0.000051 0.016689 0.976528 0.000145 0.006587
2 1 0.001308 0.184946 0.788020 0.000000 0.025726
2 1 0.000652 0.102147 0.875182 0.000017 0.022001
1 1 0.047106 0.514448 0.234847 0.000020 0.203579
1 1 0.018473 0.442000 0.263037 0.000052 0.276438
2 2 0.000291 0.066069 0.927184 0.000068 0.006389
2 2 0.000933 0.079163 0.914058 0.001043 0.004803
1 2 0.025868 0.461433 0.216762 0.000011 0.295928
2 0 0.123659 0.121277 0.555529 0.000041 0.199494
1 1 0.022809 0.404376 0.219338 0.000005 0.353473
4 2 0.004445 0.359473 0.193256 0.000000 0.442826
2 2 0.000004 0.005401 0.994165 0.000012 0.000418
2 2 0.000282 0.053700 0.940277 0.000032 0.005708
2 2 0.004586 0.244432 0.664848 0.000482 0.085652
2 2 0.004072 0.222535 0.740366 0.000029 0.032998
2 2 0.000001 0.002202 0.997738 0.000040 0.000017
2 2 0.000001 0.000840 0.996176 0.002956 0.000028
2 2 0.000855 0.104531 0.883340 0.000003 0.011272
2 2 0.000116 0.030253 0.962488 0.001111 0.006031
2 2 0.000954 0.093203 0.823344 0.002532 0.079966
2 2 0.000158 0.023255 0.944486 0.005178 0.026924
2 2 0.000031 0.023633 0.973203 0.000001 0.003133
2 2 0.000687 0.103927 0.880130 0.000008 0.015248
2 2 0.000081 0.019186 0.956914 0.022118 0.001701
2 2 0.000010 0.006399 0.992881 0.000041 0.000670
2 2 0.000001 0.002980 0.996899 0.000007 0.000112
2 2 0.000234 0.017342 0.972257 0.000221 0.009946
2 2 0.000004 0.005926 0.991905 0.001410 0.000754
2 1 0.000210 0.030843 0.947265 0.000652 0.021031
2 1 0.000002 0.004890 0.993845 0.000086 0.001176
2 1 0.001160 0.022103 0.963646 0.001055 0.012036
2 2 0.005358 0.212932 0.755459 0.000005 0.026247
2 0 0.004123 0.197316 0.772388 0.000091 0.026082
1 0 0.040389 0.507576 0.442285 0.000001 0.009749
0 1 0.594768 0.323810 0.033204 0.000009 0.048209
2 2 0.001567 0.149594 0.824801 0.000100 0.023937
2 2 0.005649 0.283550 0.663583 0.000047 0.047170
2 2 0.000180 0.007303 0.985820 0.005653 0.001045
2 2 0.000037 0.001064 0.955566 0.042876 0.000458
2 2 0.000016 0.011590 0.984627 0.002026 0.001741
2 2 0.000034 0.003715 0.994583 0.000112 0.001556
2 2 0.000000 0.000443 0.999031 0.000515 0.000011
2 2 0.000025 0.012489 0.984202 0.001646 0.001637
2 2 0.000141 0.020147 0.972961 0.000874 0.005876
2 2 0.000132 0.007877 0.988586 0.001790 0.001614
2 2 0.000009 0.001986 0.994918 0.002260 0.000828
2 2 0.000281 0.014195 0.956715 0.003043 0.025767
2 2 0.000029 0.006532 0.991859 0.001064 0.000516
2 2 0.000001 0.002066 0.991122 0.006640 0.000171
2 2 0.000000 0.000046 0.997173 0.002777 0.000004
2 2 0.000000 0.000053 0.994354 0.005590 0.000003
2 2 0.000003 0.004237 0.995221 0.000123 0.000417
2 2 0.000033 0.006018 0.991118 0.000009 0.002822
2 2 0.000003 0.000931 0.998907 0.000036 0.000124
2 2 0.000023 0.001317 0.998351 0.000281 0.000028
2 2 0.000004 0.000539 0.910040 0.089364 0.000052
2 2 0.000833 0.011265 0.918780 0.009639 0.059483
2 2 0.000001 0.001289 0.997481 0.000953 0.000276
2 2 0.000061 0.001919 0.896334 0.100798 0.000889
2 2 0.000000 0.000534 0.986912 0.012535 0.000019
2 2 0.000001 0.000967 0.997017 0.001991 0.000025
2 2 0.000001 0.000346 0.923968 0.075681 0.000004
2 2 0.000090 0.002446 0.845275 0.151655 0.000534
2 2 0.001092 0.018570 0.959719 0.016751 0.003868
2 2 0.000580 0.006520 0.979626 0.008516 0.004759
2 2 0.000002 0.000526 0.921517 0.077880 0.000075
2 3 0.000035 0.007025 0.989555 0.002282 0.001103
2 2 0.000043 0.002008 0.694120 0.302950 0.000880
2 3 0.000021 0.001128 0.845520 0.153061 0.000270
2 3 0.000023 0.001397 0.839578 0.158785 0.000217
3 3 0.000009 0.000386 0.319885 0.679537 0.000183
2 3 0.000003 0.000262 0.673327 0.326085 0.000324
2 3 0.000113 0.006115 0.699026 0.287382 0.007364
3 3 0.000015 0.000778 0.215871 0.783303 0.000034
3 3 0.000036 0.001671 0.497243 0.500279 0.000771
2 3 0.000002 0.001417 0.963778 0.034397 0.000406
2 3 0.000002 0.000512 0.706280 0.293122 0.000084
3 3 0.000000 0.000005 0.024583 0.975411 0.000000
3 3 0.000000 0.000005 0.193566 0.806427 0.000001
3 3 0.000099 0.002102 0.241032 0.756499 0.000267
3 3 0.000001 0.000040 0.048892 0.951060 0.000008
3 3 0.000003 0.000469 0.352350 0.647142 0.000035
3 3 0.000704 0.004301 0.252191 0.716351 0.026453
3 3 0.000000 0.000000 0.005898 0.994102 0.000000
3 3 0.000000 0.000000 0.011098 0.988902 0.000000
3 3 0.000011 0.000155 0.141904 0.857890 0.000040
2 3 0.000116 0.000592 0.572216 0.426324 0.000751
3 3 0.000000 0.000015 0.045017 0.954949 0.000018
3 3 0.000001 0.000006 0.015828 0.984160 0.000006
3 3 0.000001 0.000021 0.028643 0.971331 0.000004
3 3 0.000001 0.000004 0.018373 0.981621 0.000001
3 3 0.000008 0.000039 0.014593 0.985347 0.000014
3 3 0.000000 0.000007 0.018937 0.981049 0.000007
3 3 0.001394 0.011462 0.445191 0.540823 0.001130
3 3 0.000013 0.000178 0.042588 0.957203 0.000017
3 3 0.000119 0.000031 0.002940 0.996858 0.000052
3 3 0.000082 0.000032 0.003441 0.996406 0.000040
3 3 0.000000 0.000000 0.002480 0.997520 0.000000
3 3 0.000000 0.000000 0.013892 0.986108 0.000000
3 3 0.000097 0.000891 0.155463 0.842517 0.001031
2 3 0.000064 0.002869 0.521841 0.474950 0.000276
3 3 0.000000 0.000002 0.043270 0.956728 0.000001
3 3 0.000000 0.000004 0.021068 0.978928 0.000000
3 3 0.000003 0.000357 0.255767 0.743866 0.000007
3 3 0.000009 0.000080 0.030352 0.969529 0.000031
3 3 0.000077 0.000305 0.079614 0.919661 0.000343
3 3 0.000005 0.000010 0.009187 0.990793 0.000006
2 0 0.000252 0.001751 0.995972 0.001227 0.000797
2 1 0.001205 0.054939 0.942445 0.000143 0.001269
2 2 0.007980 0.154225 0.790613 0.000241 0.046941
2 2 0.003608 0.057883 0.928025 0.003128 0.007357
2 2 0.000132 0.022438 0.968867 0.000242 0.008321
2 1 0.000155 0.017184 0.979019 0.001463 0.002179
2 1 0.003381 0.086575 0.847557 0.000366 0.062121
4 1 0.011005 0.053225 0.184486 0.000494 0.750790
1 1 0.020314 0.423618 0.413841 0.000066 0.142160
4 4 0.035946 0.173274 0.206721 0.000730 0.583329
2 4 0.005236 0.223967 0.669377 0.000726 0.100693
4 4 0.007405 0.100520 0.187417 0.000213 0.704445
2 4 0.010362 0.347781 0.375649 0.000004 0.266204
4 4 0.034827 0.020781 0.174278 0.016009 0.754105
4 0 0.380920 0.067691 0.064608 0.000360 0.486420
0 0 0.489407 0.083368 0.026610 0.000025 0.400589
4 4 0.291909 0.293555 0.079782 0.000002 0.334752
4 4 0.069782 0.376707 0.067055 0.000012 0.486443
4 4 0.161344 0.008476 0.007344 0.000053 0.822783
4 4 0.043986 0.010177 0.007271 0.000413 0.938153
4 4 0.042393 0.022866 0.026081 0.000092 0.908567
2 4 0.009633 0.326014 0.629882 0.000000 0.034470
4 4 0.007643 0.248916 0.278035 0.000022 0.465384
4 4 0.016909 0.176490 0.292995 0.000191 0.513415
4 4 0.006375 0.091219 0.117365 0.000553 0.784487
4 4 0.001488 0.024878 0.028422 0.000022 0.945189
4 4 0.090363 0.077147 0.118052 0.024349 0.690089
4 4 0.169341 0.058625 0.027555 0.001123 0.743357
4 4 0.243088 0.055150 0.021636 0.000402 0.679724
4 4 0.033619 0.187793 0.043728 0.000004 0.734855
0 0 0.993648 0.002870 0.000296 0.000000 0.003186
0 0 0.803183 0.184012 0.007327 0.000000 0.005477
2 4 0.056939 0.274244 0.489101 0.000125 0.179591
4 4 0.097240 0.085761 0.193450 0.000741 0.622808
4 4 0.015903 0.271116 0.141737 0.000279 0.570965
4 4 0.004162 0.156018 0.105677 0.000056 0.734087
4 4 0.007510 0.226931 0.122708 0.000101 0.642750
1 4 0.032791 0.503719 0.199044 0.000003 0.264442
4 4 0.055990 0.064614 0.036353 0.000009 0.843035
4 4 0.063226 0.164069 0.062850 0.000009 0.709846
4 4 0.008417 0.007896 0.005756 0.000155 0.977776
4 4 0.059493 0.049214 0.023640 0.000547 0.867107
4 4 0.192633 0.282548 0.068149 0.000012 0.456658
0 4 0.643709 0.040673 0.012883 0.000210 0.302525
4 4 0.309706 0.054186 0.016471 0.000092 0.619545
4 4 0.104115 0.047213 0.019736 0.000272 0.828664
4 4 0.330965 0.007110 0.005226 0.000869 0.655830
4 4 0.325342 0.020189 0.009209 0.000234 0.645025
4 4 0.119572 0.047403 0.017589 0.000137 0.815299
4 4 0.351488 0.059514 0.017965 0.000118 0.570915
4 4 0.058781 0.398442 0.071055 0.000007 0.471716
4 4 0.016222 0.179656 0.033161 0.000007 0.770954
1 4 0.305561 0.482695 0.033176 0.000000 0.178568
4 4 0.184662 0.367146 0.042957 0.000006 0.405229
4 4 0.016298 0.178413 0.032290 0.000006 0.772992
4 4 0.013215 0.200142 0.194753 0.000022 0.591869
4 4 0.000610 0.009359 0.027248 0.000204 0.962579
4 4 0.012017 0.078197 0.026481 0.000002 0.883303
4 4 0.005045 0.024397 0.015409 0.000055 0.955094
4 4 0.024800 0.283609 0.087890 0.000636 0.603066
4 4 0.184174 0.063378 0.037713 0.000058 0.714678
4 4 0.312753 0.063966 0.011518 0.000004 0.611759
4 4 0.048515 0.327559 0.045291 0.000001 0.578634
0 0 0.445185 0.205082 0.080776 0.000040 0.268917
0 0 0.688391 0.238479 0.023935 0.000002 0.049193
4 1 0.244940 0.081064 0.048213 0.000112 0.625671
1 1 0.017420 0.427959 0.218222 0.000001 0.336398
4 1 0.047671 0.199172 0.116504 0.000012 0.636640
4 1 0.003445 0.225916 0.349796 0.000007 0.420836
2 2 0.003798 0.286968 0.496146 0.000002 0.213086
4 2 0.002430 0.219766 0.343463 0.000262 0.434080
4 2 0.003274 0.213306 0.194617 0.000001 0.588802
4 2 0.005967 0.172408 0.042733 0.000000 0.778892
4 1 0.029476 0.315582 0.085810 0.000006 0.569127
