0 0 0.984702 0.009860 0.001142 0.000006 0.004291
0 0 0.997016 0.000684 0.000320 0.000000 0.001980
0 0 0.976541 0.009001 0.003285 0.000041 0.011132
0 0 0.926660 0.020206 0.011482 0.000067 0.041585
0 0 0.944202 0.002247 0.001826 0.000001 0.051723
0 0 0.690088 0.021466 0.009132 0.000020 0.279293
0 1 0.990058 0.002947 0.000547 0.000000 0.006448
4 1 0.136417 0.301825 0.106264 0.000363 0.455131
1 1 0.150406 0.712242 0.054239 0.000007 0.083106
0 1 0.563075 0.212602 0.130598 0.000010 0.093715
0 4 0.687177 0.256783 0.021721 0.000130 0.034189
0 1 0.884404 0.086339 0.011079 0.000181 0.017997
1 1 0.015626 0.749181 0.136189 0.000017 0.098986
1 4 0.069610 0.560485 0.223807 0.000180 0.145917
1 4 0.076676 0.502275 0.223957 0.000021 0.197071
4 4 0.084801 0.180067 0.278969 0.000005 0.456158
4 4 0.025502 0.171486 0.091863 0.000028 0.711121
4 4 0.062111 0.322066 0.110810 0.000284 0.504728
4 4 0.176694 0.168507 0.077145 0.000012 0.577641
4 4 0.034261 0.261700 0.173666 0.000049 0.530324
4 4 0.174233 0.009731 0.007321 0.000007 0.808709
0 4 0.859822 0.012418 0.004338 0.000005 0.123416
4 4 0.202336 0.147303 0.033364 0.000746 0.616252
0 4 0.853692 0.046113 0.003965 0.000004 0.096226
1 4 0.238555 0.367349 0.031270 0.000022 0.362804
4 4 0.024911 0.211643 0.045909 0.000042 0.717496
4 4 0.058108 0.028329 0.021292 0.000115 0.892156
4 4 0.088478 0.078196 0.023622 0.000127 0.809577
4 4 0.004574 0.076255 0.013448 0.000052 0.905671
4 4 0.217589 0.078179 0.057199 0.000034 0.646999
4 4 0.176956 0.011351 0.021355 0.000145 0.790194
0 4 0.757791 0.003338 0.007673 0.000014 0.231184
0 4 0.397373 0.183957 0.140051 0.000398 0.278221
2 4 0.134843 0.192364 0.540367 0.000035 0.132391
2 4 0.001191 0.258603 0.701037 0.001927 0.037242
2 1 0.004354 0.224359 0.762193 0.000035 0.009058
2 1 0.039594 0.242662 0.665516 0.000037 0.052191
0 1 0.547049 0.112508 0.114771 0.000437 0.225235
1 1 0.032281 0.718599 0.242119 0.000023 0.006978
2 1 0.001351 0.370032 0.614421 0.000019 0.014177
2 2 0.006752 0.026497 0.963031 0.000435 0.003285
2 2 0.030689 0.049429 0.901627 0.002249 0.016007
2 2 0.000337 0.023555 0.972744 0.000128 0.003236
2 2 0.000864 0.006790 0.991614 0.000294 0.000438
2 2 0.000153 0.005867 0.983365 0.010190 0.000425
2 2 0.000043 0.001851 0.953059 0.044876 0.000172
2 3 0.000016 0.002449 0.865554 0.131945 0.000035
2 3 0.000041 0.002611 0.739279 0.257989 0.000079
2 3 0.000010 0.002466 0.930812 0.066625 0.000087
2 3 0.000024 0.002527 0.985373 0.011744 0.000331
2 3 0.019978 0.049458 0.880399 0.007458 0.042707
2 3 0.000641 0.013857 0.888765 0.091580 0.005157
2 3 0.000028 0.005874 0.741516 0.251659 0.000923
2 3 0.000005 0.003165 0.648160 0.348405 0.000266
2 3 0.000194 0.004038 0.928991 0.066391 0.000386
2 3 0.000022 0.012030 0.631017 0.352159 0.004772
3 3 0.000025 0.000626 0.051467 0.947837 0.000045
2 3 0.000021 0.001774 0.770179 0.227993 0.000033
3 3 0.000061 0.000956 0.059211 0.939684 0.000088
3 3 0.000000 0.000027 0.051880 0.948093 0.000001
3 3 0.000002 0.000861 0.258254 0.740795 0.000088
2 3 0.000007 0.010598 0.591327 0.390526 0.007542
2 3 0.000066 0.003813 0.548813 0.446990 0.000318
3 3 0.000579 0.011068 0.365640 0.622406 0.000308
3 3 0.000001 0.000332 0.416296 0.583368 0.000002
3 3 0.000000 0.000170 0.483907 0.515922 0.000002
2 3 0.000013 0.004957 0.562893 0.431789 0.000348
3 3 0.000034 0.001205 0.117240 0.881434 0.000087
3 3 0.000000 0.000027 0.068931 0.931041 0.000000
3 3 0.000018 0.001166 0.198898 0.799864 0.000054
3 3 0.000137 0.000183 0.024184 0.975443 0.000054
3 3 0.000005 0.000149 0.018223 0.981603 0.000021
3 3 0.000757 0.002986 0.037671 0.958259 0.000326
3 3 0.000130 0.000684 0.016885 0.982172 0.000129
3 3 0.000028 0.000416 0.032651 0.966867 0.000038
3 3 0.000001 0.000111 0.113101 0.886786 0.000001
3 3 0.000042 0.001488 0.172411 0.826004 0.000055
3 3 0.000036 0.003357 0.245546 0.750528 0.000533
3 3 0.000011 0.000450 0.070135 0.929374 0.000030
3 3 0.000001 0.000010 0.009018 0.990971 0.000001
3 3 0.000000 0.000009 0.015795 0.984195 0.000001
3 3 0.000486 0.002913 0.081289 0.915199 0.000113
3 3 0.000003 0.000054 0.011830 0.988110 0.000004
3 3 0.000001 0.000091 0.042469 0.957436 0.000003
3 3 0.000021 0.000489 0.054934 0.944523 0.000033
3 3 0.000010 0.000088 0.007013 0.992878 0.000012
3 3 0.000000 0.000020 0.013085 0.986894 0.000000
3 3 0.000000 0.000010 0.004558 0.995431 0.000001
3 3 0.003224 0.019202 0.193604 0.783037 0.000932
3 3 0.000002 0.000018 0.003117 0.996862 0.000002
3 3 0.000000 0.000005 0.001745 0.998249 0.000000
3 3 0.000028 0.000298 0.012714 0.986894 0.000067
3 3 0.000136 0.000712 0.017074 0.981935 0.000142
3 3 0.000020 0.000147 0.008246 0.991565 0.000022
3 3 0.000032 0.001148 0.031391 0.966762 0.000668
3 3 0.000000 0.000002 0.002044 0.997954 0.000000
3 3 0.000016 0.000489 0.025538 0.973822 0.000135
3 3 0.003398 0.020938 0.107570 0.853173 0.014922
3 3 0.000002 0.000029 0.004404 0.995561 0.000005
3 3 0.000009 0.000072 0.006201 0.993711 0.000007
3 3 0.000014 0.000107 0.007138 0.992726 0.000015
3 3 0.000003 0.000033 0.004135 0.995825 0.000004
3 3 0.000002 0.000140 0.016887 0.982929 0.000042
3 3 0.000025 0.000510 0.038022 0.961397 0.000045
3 3 0.000001 0.000016 0.004515 0.995467 0.000001
3 3 0.000003 0.000051 0.007838 0.992102 0.000006
3 3 0.000000 0.000003 0.001410 0.998586 0.000000
3 3 0.000049 0.000304 0.011542 0.988053 0.000052
3 3 0.000011 0.000149 0.015502 0.984324 0.000014
3 3 0.000003 0.000068 0.015337 0.984588 0.000005
3 3 0.000000 0.000003 0.007528 0.992468 0.000000
3 3 0.000003 0.000218 0.026296 0.973434 0.000048
3 3 0.000000 0.000004 0.001487 0.998509 0.000000
3 3 0.000003 0.000098 0.009341 0.990528 0.000030
3 3 0.000002 0.000074 0.008100 0.991803 0.000021
3 3 0.000000 0.000004 0.002419 0.997576 0.000000
3 3 0.000000 0.000001 0.000684 0.999315 0.000000
3 3 0.000008 0.000068 0.005794 0.994121 0.000009
3 3 0.000000 0.000002 0.001528 0.998469 0.000000
3 3 0.000000 0.000037 0.050790 0.949168 0.000005
3 3 0.000000 0.000008 0.005396 0.994595 0.000001
3 3 0.000002 0.000163 0.034962 0.964850 0.000023
3 3 0.000009 0.000016 0.008146 0.991825 0.000005
3 3 0.000000 0.000003 0.001353 0.998644 0.000000
3 3 0.000097 0.008729 0.398320 0.592145 0.000708
2 3 0.006583 0.077887 0.823781 0.089768 0.001981
3 3 0.007619 0.012578 0.196821 0.781653 0.001328
2 3 0.000777 0.008710 0.624742 0.365549 0.000222
2 3 0.008855 0.045616 0.842004 0.093517 0.010009
2 3 0.003106 0.004378 0.760254 0.228114 0.004148
2 3 0.029022 0.009226 0.580627 0.361746 0.019380
3 3 0.093217 0.022852 0.297924 0.578645 0.007362
3 3 0.030023 0.006909 0.266979 0.689395 0.006693
3 3 0.000020 0.000773 0.099132 0.899886 0.000189
3 3 0.004087 0.017139 0.321737 0.634014 0.023022
2 3 0.211512 0.044983 0.556411 0.173089 0.014005
2 3 0.002150 0.006626 0.885721 0.100500 0.005003
2 3 0.253205 0.098003 0.520743 0.072291 0.055759
2 3 0.011016 0.048726 0.548631 0.002726 0.388901
2 3 0.045338 0.026228 0.713950 0.169716 0.044768
2 2 0.001270 0.092293 0.711114 0.095463 0.099859
2 2 0.000359 0.049960 0.775149 0.136577 0.037955
2 2 0.017043 0.109847 0.532947 0.000438 0.339726
2 2 0.002404 0.209715 0.675169 0.002972 0.109740
2 2 0.042050 0.083480 0.742051 0.005133 0.127285
2 2 0.010506 0.119359 0.562751 0.041301 0.266084
1 2 0.010794 0.436437 0.167088 0.000082 0.385601
4 1 0.035439 0.341119 0.032602 0.000001 0.590838
2 1 0.018989 0.085399 0.819369 0.009153 0.067090
2 1 0.000985 0.151742 0.551938 0.000300 0.295035
2 1 0.098544 0.076902 0.754694 0.007290 0.062570
2 2 0.008527 0.061216 0.642102 0.036261 0.251894
4 2 0.078531 0.147472 0.359806 0.000184 0.414006
4 2 0.148811 0.158223 0.169481 0.000224 0.523262
2 2 0.181981 0.130792 0.657077 0.000003 0.030147
2 2 0.000650 0.019192 0.978736 0.000262 0.001160
2 2 0.000880 0.118564 0.869980 0.000318 0.010258
2 2 0.013031 0.026886 0.957963 0.000339 0.001781
2 2 0.000166 0.004616 0.992033 0.002695 0.000490
2 2 0.010671 0.024799 0.930101 0.033385 0.001044
2 2 0.033960 0.015048 0.865732 0.080213 0.005048
2 2 0.121979 0.051127 0.773775 0.014590 0.038529
0 2 0.565547 0.100896 0.308958 0.000107 0.024493
0 2 0.423562 0.233771 0.323004 0.000214 0.019450
2 2 0.068656 0.325767 0.495762 0.092695 0.017119
0 2 0.821727 0.088101 0.044452 0.004158 0.041562
2 2 0.001751 0.234951 0.733918 0.005127 0.024254
2 2 0.008840 0.389259 0.552889 0.001204 0.047808
1 2 0.109434 0.532275 0.345937 0.000258 0.012096
2 2 0.026746 0.176059 0.784987 0.001360 0.010849
2 2 0.015063 0.044120 0.923188 0.001881 0.015747
2 2 0.000813 0.027207 0.970328 0.000717 0.000935
2 2 0.000345 0.004524 0.994558 0.000420 0.000153
2 2 0.011467 0.430221 0.516411 0.002126 0.039775
2 2 0.058814 0.135342 0.737468 0.012221 0.056154
2 2 0.000717 0.090093 0.905789 0.000895 0.002506
1 2 0.002478 0.498164 0.403030 0.000004 0.096325
2 2 0.007318 0.420357 0.539485 0.000051 0.032789
2 2 0.118984 0.385326 0.413723 0.036380 0.045586
1 2 0.067415 0.525454 0.371938 0.005007 0.030186
1 1 0.084494 0.520010 0.363005 0.000003 0.032487
0 1 0.916322 0.020627 0.053625 0.000000 0.009426
1 1 0.219455 0.479821 0.109181 0.000634 0.190910
1 1 0.255891 0.505344 0.206767 0.000071 0.031927
0 1 0.741538 0.152787 0.060694 0.000640 0.044341
1 1 0.111766 0.569639 0.299905 0.000118 0.018571
2 1 0.000549 0.102175 0.896160 0.000027 0.001090
2 2 0.001395 0.012326 0.984977 0.000942 0.000360
4 2 0.160246 0.266245 0.179869 0.002033 0.391607
0 2 0.711065 0.213519 0.032726 0.002030 0.040660
2 2 0.058276 0.282308 0.538292 0.000021 0.121102
0 2 0.522916 0.298648 0.119407 0.000114 0.058915
0 1 0.380697 0.333916 0.209357 0.000008 0.076022
1 1 0.010721 0.532612 0.421514 0.000592 0.034561
2 1 0.034330 0.370253 0.388554 0.009149 0.197714
0 1 0.401175 0.195125 0.348682 0.006712 0.048305
1 1 0.020771 0.745113 0.133716 0.000001 0.100399
1 1 0.017270 0.519100 0.418355 0.000997 0.044278
2 1 0.218335 0.214984 0.474521 0.000559 0.091600
2 1 0.226824 0.145067 0.531107 0.000147 0.096856
2 1 0.005626 0.127698 0.856976 0.006035 0.003664
3 1 0.004257 0.040701 0.383266 0.567843 0.003933
2 1 0.017751 0.335343 0.520504 0.000034 0.126367
1 1 0.123083 0.473800 0.181157 0.000014 0.221946
2 1 0.049203 0.190566 0.525069 0.000015 0.235147
2 1 0.127755 0.217249 0.507685 0.000036 0.147274
1 1 0.076196 0.632467 0.215700 0.001815 0.073821
2 2 0.001172 0.113347 0.856575 0.009568 0.019338
1 2 0.016967 0.720686 0.181794 0.000002 0.080551
1 2 0.013729 0.630093 0.239031 0.000000 0.117147
0 2 0.483659 0.454437 0.038193 0.000008 0.023702
1 2 0.011437 0.668250 0.248068 0.000175 0.072070
1 2 0.288784 0.406904 0.265792 0.000987 0.037533
1 2 0.075026 0.455566 0.396180 0.019436 0.053792
2 2 0.000656 0.068950 0.900159 0.003378 0.026856
2 2 0.000965 0.005986 0.987672 0.003218 0.002160
2 2 0.192406 0.239408 0.480195 0.000001 0.087990
0 2 0.687823 0.122924 0.085154 0.000010 0.104090
1 2 0.022956 0.498721 0.051125 0.000024 0.427175
0 2 0.561503 0.363418 0.049017 0.000304 0.025758
1 1 0.305365 0.426120 0.067364 0.000020 0.201131
1 1 0.026945 0.758728 0.189461 0.000014 0.024851
4 1 0.020575 0.232392 0.084067 0.000174 0.662792
1 1 0.067118 0.400723 0.150160 0.000258 0.381740
2 1 0.029861 0.406653 0.488300 0.000355 0.074831
0 1 0.749500 0.133294 0.083609 0.000079 0.033518
1 1 0.166914 0.537016 0.139547 0.000258 0.156265
2 1 0.069114 0.365598 0.529632 0.021270 0.014387
2 1 0.039921 0.116667 0.818152 0.012069 0.013192
2 2 0.001159 0.107165 0.889996 0.000611 0.001070
2 2 0.009298 0.472496 0.504443 0.000107 0.013657
1 2 0.290016 0.436464 0.234743 0.000013 0.038763
2 2 0.001658 0.236792 0.746204 0.000071 0.015275
2 2 0.001014 0.070298 0.918208 0.000224 0.010256
2 2 0.000787 0.070836 0.924599 0.002461 0.001316
2 1 0.003582 0.147678 0.836790 0.003917 0.008032
1 1 0.285563 0.620032 0.066895 0.000053 0.027458
1 1 0.287151 0.351701 0.328975 0.000070 0.032102
0 1 0.617907 0.334265 0.024196 0.000038 0.023593
1 1 0.031348 0.743679 0.210926 0.000040 0.014007
0 1 0.509586 0.358410 0.063362 0.000384 0.068257
1 1 0.098069 0.696272 0.048931 0.000538 0.156191
1 1 0.009768 0.506114 0.478882 0.000000 0.005236
0 1 0.613872 0.220504 0.126783 0.000079 0.038762
2 1 0.020781 0.168270 0.602768 0.000775 0.207406
2 1 0.010493 0.398310 0.532636 0.002837 0.055724
2 1 0.004388 0.057095 0.930270 0.006593 0.001654
2 1 0.009605 0.212797 0.765603 0.000012 0.011983
2 1 0.001263 0.130786 0.832064 0.000014 0.035874
2 1 0.114094 0.270055 0.492999 0.000027 0.122826
4 1 0.001624 0.294776 0.261285 0.001885 0.440430
2 1 0.003385 0.076732 0.911432 0.000328 0.008123
1 2 0.280765 0.472363 0.227213 0.000021 0.019638
2 2 0.059899 0.042231 0.885758 0.000509 0.011603
2 2 0.022883 0.295968 0.632504 0.000065 0.048580
2 2 0.001565 0.088785 0.899931 0.004596 0.005123
2 2 0.076522 0.158728 0.745362 0.002521 0.016867
1 2 0.028074 0.573612 0.392819 0.000224 0.005270
2 2 0.002767 0.104941 0.885127 0.000033 0.007131
2 2 0.013231 0.057741 0.902703 0.000034 0.026291
2 2 0.000352 0.012129 0.986796 0.000264 0.000458
2 2 0.005549 0.064319 0.927493 0.000234 0.002406
2 2 0.002702 0.003765 0.989136 0.002924 0.001473
2 2 0.087286 0.041403 0.865957 0.001028 0.004326
0 2 0.720785 0.105356 0.136203 0.000064 0.037591
0 2 0.949176 0.030457 0.014476 0.000005 0.005886
2 2 0.138362 0.223274 0.583944 0.000479 0.053941
1 2 0.038612 0.487268 0.304567 0.000077 0.169476
1 2 0.178505 0.656603 0.091896 0.000282 0.072714
0 2 0.598382 0.320212 0.040220 0.001515 0.039670
0 2 0.526866 0.180189 0.043885 0.000855 0.248205
1 2 0.248894 0.419941 0.090770 0.048239 0.192156
4 2 0.027845 0.314074 0.277739 0.000280 0.380062
1 2 0.053582 0.505048 0.257728 0.000730 0.182912
1 2 0.190603 0.551912 0.232405 0.000002 0.025078
2 2 0.041592 0.254517 0.599311 0.000004 0.104577
2 1 0.030070 0.307454 0.520664 0.000860 0.140952
0 1 0.345198 0.317674 0.199247 0.000008 0.137873
1 1 0.013831 0.509910 0.278245 0.000022 0.197992
1 1 0.032995 0.532214 0.353349 0.000290 0.081151
4 1 0.021711 0.318942 0.313147 0.000309 0.345891
2 1 0.000355 0.042398 0.940703 0.001143 0.015401
1 1 0.005406 0.349040 0.302387 0.000023 0.343144
1 1 0.003032 0.379134 0.313749 0.000197 0.303888
2 1 0.000300 0.131986 0.849805 0.002243 0.015667
2 1 0.000539 0.214044 0.774225 0.000974 0.010218
4 1 0.003346 0.215098 0.136805 0.000855 0.643896
4 1 0.063066 0.204743 0.197827 0.000184 0.534179
0 0 0.957283 0.029113 0.006072 0.000006 0.007527
0 0 0.974072 0.014733 0.003500 0.000011 0.007684
0 0 0.670244 0.194661 0.087114 0.000571 0.047411
1 0 0.140261 0.362844 0.263011 0.002329 0.231554
0 1 0.676454 0.185610 0.038150 0.004688 0.095098
1 1 0.361432 0.405802 0.153279 0.000466 0.079021
1 1 0.411386 0.471130 0.057911 0.000059 0.059514
1 1 0.107336 0.611809 0.129220 0.004911 0.146724
0 1 0.406074 0.405201 0.034572 0.002853 0.151300
1 1 0.100572 0.584636 0.180631 0.007733 0.126428
1 1 0.237228 0.609777 0.125274 0.000017 0.027704
0 1 0.627123 0.254415 0.091148 0.000068 0.027246
2 1 0.001738 0.171486 0.799404 0.008884 0.018487
1 1 0.073485 0.634719 0.270491 0.000760 0.020546
1 1 0.092202 0.759092 0.136293 0.000068 0.012345
1 1 0.029157 0.713354 0.227874 0.000134 0.029481
1 1 0.035396 0.730926 0.167792 0.000282 0.065603
0 1 0.536988 0.160661 0.066615 0.007294 0.228442
4 1 0.012455 0.311709 0.240091 0.001182 0.434563
0 1 0.599090 0.113981 0.105207 0.001332 0.180389
1 1 0.047512 0.659287 0.235218 0.000001 0.057982
1 1 0.266138 0.363695 0.316039 0.000178 0.053951
4 4 0.245019 0.229807 0.072329 0.009129 0.443717
4 4 0.358472 0.120426 0.047889 0.001986 0.471227
4 1 0.412173 0.067930 0.058549 0.000041 0.461306
0 1 0.775361 0.108627 0.025454 0.000012 0.090546
0 1 0.884638 0.041680 0.004116 0.000009 0.069558
4 1 0.041184 0.313591 0.045995 0.001048 0.598183
1 1 0.027243 0.645411 0.302424 0.000048 0.024874
1 1 0.206398 0.622857 0.148357 0.000113 0.022275
4 4 0.007263 0.034969 0.053970 0.000007 0.903792
0 4 0.768829 0.022028 0.002730 0.000001 0.206413
1 4 0.366953 0.395102 0.082748 0.000518 0.154679
1 4 0.055497 0.677535 0.085198 0.000097 0.181673
1 4 0.099106 0.400228 0.284595 0.001367 0.214703
0 4 0.789112 0.045007 0.018245 0.000023 0.147613
0 4 0.981871 0.013681 0.001298 0.000002 0.003148
0 4 0.829847 0.107055 0.008146 0.000092 0.054860
4 4 0.315912 0.259698 0.083694 0.000049 0.340648
0 4 0.972187 0.002470 0.005230 0.000076 0.020036
4 0 0.414096 0.023818 0.035113 0.000100 0.526874
0 0 0.979051 0.001562 0.000393 0.000000 0.018994
0 0 0.996643 0.001656 0.000257 0.000000 0.001444
0 0 0.979552 0.010617 0.002295 0.000018 0.007518
0 0 0.789676 0.084619 0.014266 0.000012 0.111427
4 0 0.396051 0.102551 0.097389 0.000013 0.403997
1 1 0.147141 0.714537 0.110381 0.000131 0.027811
1 1 0.102308 0.623678 0.109425 0.003630 0.160960
0 1 0.905085 0.052826 0.023846 0.000004 0.018239
0 4 0.528604 0.166401 0.072813 0.000345 0.231837
1 4 0.272152 0.360673 0.177670 0.001732 0.187774
1 4 0.049804 0.678292 0.197192 0.000934 0.073779
2 4 0.046093 0.154196 0.414207 0.000251 0.385253
2 4 0.000639 0.216307 0.742909 0.001157 0.038989
1 4 0.003024 0.593438 0.189576 0.000010 0.213953
2 4 0.004344 0.058285 0.811033 0.000472 0.125866
4 4 0.038495 0.458515 0.025564 0.000040 0.477386
4 4 0.035860 0.333276 0.118491 0.002657 0.509716
1 4 0.013846 0.559462 0.074703 0.000015 0.351973
2 4 0.006936 0.364575 0.488395 0.007929 0.132164
4 4 0.112027 0.190464 0.023484 0.000027 0.673998
4 4 0.023249 0.059944 0.018922 0.000336 0.897549
4 4 0.037495 0.054462 0.030600 0.000040 0.877403
4 4 0.153416 0.056698 0.016573 0.000041 0.773271
4 4 0.064471 0.045527 0.010666 0.000039 0.879297
4 4 0.149343 0.010601 0.007663 0.000009 0.832384
0 4 0.477267 0.329124 0.107893 0.000001 0.085714
1 4 0.183098 0.638333 0.102703 0.000003 0.075862
4 4 0.050442 0.320711 0.227798 0.000225 0.400823
2 4 0.004003 0.227744 0.511140 0.000140 0.256973
1 1 0.056508 0.475294 0.276245 0.000020 0.191933
1 1 0.385681 0.513330 0.054058 0.000069 0.046862
1 1 0.006439 0.360142 0.358459 0.000000 0.274960
4 1 0.035993 0.324561 0.183930 0.000328 0.455188
4 1 0.081330 0.274380 0.187926 0.000015 0.456351
4 1 0.015124 0.256226 0.086311 0.000056 0.642282
1 1 0.178792 0.358162 0.296265 0.000031 0.166750
1 1 0.113355 0.544340 0.124989 0.000039 0.217277
2 0 0.077650 0.148205 0.404365 0.000329 0.369451
2 1 0.053260 0.332087 0.477269 0.000026 0.137359
2 1 0.039230 0.404321 0.513650 0.001833 0.040967
1 1 0.036878 0.503366 0.338836 0.013553 0.107366
1 1 0.014107 0.481869 0.271954 0.000041 0.232030
1 1 0.173015 0.696001 0.105742 0.000379 0.024864
1 1 0.013141 0.646673 0.229808 0.000072 0.110306
1 1 0.038961 0.769982 0.111892 0.000155 0.079010
0 1 0.595474 0.194182 0.051631 0.000003 0.158709
0 1 0.709820 0.242980 0.026010 0.000210 0.020981
0 0 0.481188 0.294446 0.191322 0.000120 0.032923
2 0 0.053665 0.466323 0.467994 0.000016 0.012002
0 1 0.678949 0.263750 0.035048 0.000166 0.022086
0 0 0.980424 0.005395 0.003210 0.000027 0.010944
0 0 0.547346 0.258341 0.133693 0.001175 0.059445
0 0 0.849888 0.122208 0.009108 0.000053 0.018743
0 0 0.442279 0.430071 0.110325 0.000020 0.017305
0 1 0.678525 0.260676 0.034795 0.000320 0.025684
0 0 0.839353 0.128072 0.010591 0.000002 0.021983
0 0 0.940448 0.051124 0.002424 0.000021 0.005983
0 0 0.983236 0.003583 0.002669 0.000024 0.010488
0 0 0.924691 0.049198 0.012000 0.000050 0.014062
2 0 0.219425 0.356048 0.377202 0.000418 0.046907
0 1 0.482207 0.350260 0.077652 0.015163 0.074718
0 1 0.877285 0.047070 0.020580 0.000183 0.054882
0 0 0.868752 0.043298 0.027287 0.002718 0.057945
1 0 0.154181 0.362762 0.343188 0.000332 0.139537
1 0 0.164816 0.504078 0.310286 0.000044 0.020776
0 1 0.401202 0.308985 0.236581 0.000030 0.053201
2 1 0.061990 0.137642 0.755164 0.000369 0.044835
2 1 0.019516 0.265395 0.657651 0.011172 0.046266
1 1 0.028613 0.610142 0.302194 0.000944 0.058107
1 1 0.011907 0.596591 0.306407 0.000502 0.084593
0 1 0.478211 0.320030 0.125386 0.000324 0.076049
1 1 0.218371 0.369415 0.328931 0.001112 0.082171
1 1 0.017333 0.820411 0.117798 0.000021 0.044437
1 1 0.026743 0.525189 0.259014 0.000025 0.189029
1 1 0.046204 0.712458 0.143695 0.000464 0.097179
1 1 0.048129 0.677509 0.152082 0.000050 0.122230
2 1 0.001945 0.421147 0.530099 0.000063 0.046747
1 2 0.084993 0.395135 0.209105 0.000018 0.310749
1 2 0.059407 0.628364 0.088716 0.000003 0.223509
1 2 0.004747 0.620394 0.167325 0.000001 0.207533
0 2 0.540533 0.276218 0.090077 0.000073 0.093100
2 2 0.008558 0.060247 0.922673 0.000171 0.008351
2 2 0.116258 0.157044 0.705459 0.002693 0.018547
2 2 0.000021 0.013189 0.986200 0.000241 0.000348
2 2 0.000058 0.026811 0.970514 0.000064 0.002553
2 2 0.000175 0.067094 0.929922 0.000028 0.002781
2 2 0.000657 0.028116 0.956402 0.000093 0.014733
2 2 0.000849 0.055692 0.942046 0.000039 0.001374
2 2 0.000128 0.020103 0.978299 0.000489 0.000981
2 2 0.000991 0.042861 0.954749 0.000059 0.001339
2 2 0.023040 0.226415 0.740691 0.000040 0.009814
2 2 0.000069 0.011918 0.987401 0.000598 0.000013
2 2 0.000025 0.004108 0.994228 0.001537 0.000102
2 2 0.001636 0.160617 0.805043 0.000466 0.032238
2 2 0.002232 0.226118 0.759603 0.001904 0.010143
2 2 0.001652 0.021523 0.965244 0.004120 0.007461
2 2 0.000559 0.014325 0.982551 0.001032 0.001533
2 2 0.000041 0.013386 0.984329 0.000069 0.002175
2 2 0.000079 0.017701 0.967748 0.012434 0.002037
2 2 0.001146 0.013906 0.647212 0.335992 0.001743
2 2 0.000157 0.025190 0.905744 0.067960 0.000949
2 2 0.000159 0.010901 0.930707 0.056766 0.001467
3 2 0.000001 0.000789 0.411309 0.587863 0.000038
3 2 0.000435 0.007414 0.075881 0.912142 0.004129
2 2 0.000093 0.023396 0.949431 0.026589 0.000491
2 2 0.000498 0.049132 0.890182 0.057970 0.002218
3 2 0.000749 0.022537 0.363475 0.608865 0.004373
2 3 0.000003 0.001329 0.917363 0.081225 0.000081
2 3 0.000006 0.001739 0.799450 0.198761 0.000043
3 3 0.002154 0.028981 0.426054 0.531756 0.011054
3 3 0.004751 0.015389 0.253933 0.713311 0.012617
2 3 0.016034 0.042259 0.599873 0.334446 0.007387
3 3 0.000076 0.007287 0.412545 0.579239 0.000854
3 3 0.001182 0.004338 0.280266 0.714088 0.000127
3 3 0.000015 0.001601 0.090021 0.907941 0.000423
3 3 0.000395 0.003129 0.115912 0.880332 0.000231
3 3 0.000015 0.000129 0.008732 0.991107 0.000018
3 3 0.001516 0.014321 0.200287 0.781871 0.002005
3 3 0.000021 0.000129 0.041463 0.958369 0.000017
3 3 0.000006 0.000467 0.048457 0.950975 0.000094
3 3 0.000004 0.001036 0.277657 0.721226 0.000077
3 3 0.000030 0.000521 0.043631 0.955776 0.000043
3 3 0.000111 0.006991 0.456409 0.536030 0.000459
2 3 0.000003 0.001988 0.626053 0.371685 0.000271
3 3 0.000525 0.005773 0.132064 0.860932 0.000706
3 3 0.000114 0.001730 0.083119 0.914874 0.000162
3 3 0.000037 0.001226 0.041742 0.956547 0.000448
3 3 0.000006 0.000420 0.022973 0.976363 0.000239
3 3 0.000079 0.000496 0.014750 0.984578 0.000098
3 3 0.000001 0.000014 0.002745 0.997239 0.000001
3 3 0.000000 0.000002 0.001287 0.998711 0.000000
3 3 0.000000 0.000021 0.008576 0.991400 0.000003
3 3 0.000002 0.000124 0.017710 0.982137 0.000026
3 3 0.002185 0.021127 0.099100 0.863043 0.014545
3 3 0.000857 0.009763 0.071357 0.912190 0.005833
3 3 0.000208 0.003183 0.123139 0.873168 0.000302
3 3 0.000000 0.000062 0.021106 0.978823 0.000008
3 3 0.001807 0.006096 0.045251 0.945080 0.001765
3 3 0.000031 0.000206 0.009641 0.990090 0.000033
3 3 0.000005 0.000117 0.015444 0.984421 0.000013
3 3 0.000093 0.000520 0.014777 0.984511 0.000098
3 3 0.000184 0.003581 0.048673 0.945464 0.002098
3 3 0.000009 0.000287 0.015749 0.983853 0.000102
3 3 0.000003 0.000592 0.037448 0.961475 0.000482
3 3 0.000001 0.000048 0.006859 0.993078 0.000014
3 3 0.000040 0.000870 0.024753 0.973973 0.000364
3 3 0.000023 0.000206 0.010191 0.989541 0.000038
3 3 0.002340 0.007550 0.049769 0.938070 0.002270
3 3 0.000319 0.003092 0.056840 0.939052 0.000697
3 3 0.000001 0.000013 0.003678 0.996307 0.000001
3 3 0.000000 0.000002 0.006846 0.993152 0.000000
3 3 0.000979 0.008987 0.065889 0.919426 0.004720
3 3 0.000014 0.001992 0.210147 0.787567 0.000279
3 3 0.000010 0.000312 0.015868 0.983693 0.000117
3 3 0.001613 0.005600 0.043664 0.947518 0.001606
3 3 0.000000 0.000055 0.009383 0.990532 0.000030
3 3 0.000008 0.000180 0.011422 0.988340 0.000051
3 3 0.000004 0.000267 0.023028 0.976644 0.000056
3 3 0.000001 0.000047 0.007292 0.992650 0.000010
3 3 0.000000 0.000000 0.000841 0.999159 0.000000
3 3 0.000000 0.000002 0.001968 0.998029 0.000000
3 3 0.000001 0.000027 0.008469 0.991500 0.000003
3 3 0.000002 0.000069 0.007726 0.992185 0.000019
3 3 0.000007 0.000059 0.005405 0.994522 0.000008
3 3 0.000085 0.000959 0.022958 0.975697 0.000301
3 3 0.000346 0.001545 0.024329 0.973429 0.000352
3 3 0.000072 0.000418 0.013366 0.986068 0.000076
3 3 0.000037 0.000427 0.015419 0.984008 0.000109
3 3 0.000000 0.000001 0.000890 0.999109 0.000000
3 3 0.000010 0.000249 0.013609 0.986052 0.000079
3 3 0.004449 0.012839 0.062838 0.915630 0.004243
3 3 0.000008 0.000065 0.005666 0.994252 0.000009
3 3 0.000764 0.006239 0.089973 0.901796 0.001228
3 3 0.000000 0.000000 0.000378 0.999622 0.000000
3 3 0.000937 0.003535 0.035432 0.959165 0.000930
3 3 0.000001 0.000126 0.014443 0.985383 0.000047
3 3 0.000002 0.000111 0.011328 0.988527 0.000031
3 3 0.000001 0.000019 0.003426 0.996551 0.000002
3 3 0.000001 0.000043 0.006389 0.993555 0.000012
3 3 0.014100 0.041898 0.133962 0.796047 0.013993
3 3 0.000053 0.002908 0.288159 0.708758 0.000123
2 3 0.000012 0.000757 0.635578 0.363649 0.000004
2 3 0.000163 0.006597 0.692147 0.301007 0.000086
2 3 0.010126 0.079409 0.857226 0.009948 0.043291
2 2 0.018796 0.073477 0.893957 0.003565 0.010205
2 2 0.005364 0.085073 0.847273 0.059299 0.002991
2 2 0.004748 0.010115 0.935712 0.048208 0.001217
1 2 0.040719 0.471018 0.376947 0.001207 0.110109
4 2 0.032594 0.143369 0.383208 0.000905 0.439925
4 1 0.025742 0.043259 0.112554 0.000287 0.818157
4 1 0.051741 0.160623 0.045793 0.000209 0.741634
2 1 0.063696 0.160403 0.530080 0.016739 0.229083
2 1 0.001002 0.019431 0.940070 0.003446 0.036052
4 1 0.004865 0.198138 0.106950 0.000413 0.689634
2 1 0.000535 0.073619 0.798087 0.000114 0.127646
4 1 0.020312 0.180387 0.070478 0.000313 0.728510
4 1 0.010051 0.217600 0.091606 0.010310 0.670433
2 1 0.016337 0.066565 0.814243 0.002312 0.100542
2 1 0.000377 0.046167 0.902920 0.001545 0.048991
2 1 0.002044 0.299543 0.554546 0.001679 0.142188
2 1 0.017104 0.312651 0.369026 0.001682 0.299536
2 1 0.064351 0.375730 0.443017 0.006260 0.110642
2 1 0.018318 0.269870 0.666805 0.024482 0.020526
4 1 0.254074 0.249622 0.117437 0.000022 0.378845
4 1 0.004864 0.066961 0.449820 0.000606 0.477750
4 1 0.061126 0.037985 0.082488 0.001766 0.816636
4 4 0.030263 0.003714 0.011137 0.000065 0.954821
4 4 0.092193 0.079399 0.091882 0.000164 0.736362
4 4 0.419470 0.006057 0.014327 0.000019 0.560128
4 4 0.241470 0.029178 0.026319 0.000281 0.702751
4 4 0.041584 0.012838 0.024465 0.000539 0.920575
4 4 0.027982 0.002337 0.008401 0.000030 0.961250
4 4 0.103104 0.002513 0.013138 0.000050 0.881195
4 4 0.003730 0.003080 0.004745 0.000022 0.988423
4 4 0.115488 0.063803 0.247160 0.000081 0.573468
4 4 0.353296 0.003886 0.022680 0.000162 0.619976
4 4 0.361390 0.046573 0.037480 0.000795 0.553762
4 4 0.093664 0.002420 0.005276 0.000004 0.898636
4 4 0.031157 0.018294 0.011551 0.000074 0.938924
4 4 0.019002 0.119981 0.036308 0.000107 0.824602
4 4 0.063069 0.068397 0.209417 0.000078 0.659039
4 4 0.048211 0.012993 0.009957 0.000036 0.928803
4 4 0.016204 0.040018 0.009843 0.000005 0.933931
4 4 0.265902 0.009625 0.011112 0.000021 0.713340
4 4 0.138685 0.054179 0.018142 0.000122 0.788872
4 4 0.055468 0.154780 0.047682 0.000058 0.742013
4 4 0.154806 0.189379 0.061805 0.000159 0.593852
4 4 0.006860 0.011472 0.015285 0.000002 0.966381
4 4 0.009224 0.043593 0.041061 0.000010 0.906112
0 4 0.665442 0.218831 0.022277 0.000120 0.093330
0 4 0.854689 0.085310 0.031842 0.000091 0.028067
0 4 0.899051 0.051472 0.009013 0.000169 0.040296
0 4 0.749407 0.065223 0.026815 0.000484 0.158071
4 4 0.035370 0.288400 0.049158 0.007132 0.619940
4 4 0.018072 0.214090 0.085419 0.056992 0.625427
1 4 0.022877 0.594281 0.170288 0.000483 0.212070
1 1 0.012915 0.596763 0.199483 0.000333 0.190506
0 1 0.572724 0.104355 0.202034 0.003638 0.117248
4 1 0.296361 0.179330 0.053900 0.000143 0.470265
1 1 0.020837 0.499355 0.145765 0.000089 0.333955
4 1 0.001939 0.155703 0.312001 0.000071 0.530287
2 1 0.005230 0.233577 0.697651 0.003237 0.060305
2 1 0.011096 0.305197 0.540118 0.000983 0.142606
1 1 0.005400 0.474431 0.255738 0.000033 0.264397
4 1 0.001606 0.257567 0.284279 0.000004 0.456544
2 1 0.005752 0.358390 0.506645 0.000001 0.129212
1 1 0.050842 0.670503 0.148709 0.000000 0.129946
2 1 0.001446 0.071676 0.912948 0.000297 0.013634
2 1 0.004420 0.062849 0.880092 0.028591 0.024049
2 1 0.022866 0.194757 0.743753 0.000073 0.038551
2 1 0.000116 0.143211 0.826655 0.000266 0.029752
2 1 0.006236 0.174244 0.601732 0.000078 0.217710
2 1 0.005572 0.109531 0.849801 0.013027 0.022068
2 1 0.003257 0.376501 0.560106 0.001507 0.058629
2 1 0.005390 0.377574 0.394302 0.007320 0.215413
2 1 0.002132 0.072580 0.872230 0.034837 0.018222
2 1 0.000389 0.040020 0.932342 0.014837 0.012412
2 1 0.017666 0.149702 0.572654 0.000014 0.259965
0 1 0.410924 0.313989 0.153103 0.000338 0.121645
1 1 0.022810 0.502698 0.382934 0.000778 0.090780
1 1 0.038552 0.622138 0.200258 0.000066 0.138986
1 1 0.008216 0.429347 0.413378 0.000092 0.148968
4 1 0.009835 0.233020 0.299870 0.043631 0.413644
4 1 0.138347 0.224936 0.206027 0.000033 0.430656
1 1 0.039594 0.517913 0.118666 0.000070 0.323757
2 1 0.057516 0.308026 0.461800 0.000022 0.172636
1 1 0.275315 0.297385 0.251711 0.000005 0.175584
2 1 0.094627 0.124438 0.700706 0.000045 0.080184
2 1 0.000079 0.008793 0.976435 0.000069 0.014624
2 1 0.027942 0.142657 0.743631 0.000037 0.085733
2 1 0.009703 0.273735 0.648752 0.000160 0.067650
2 1 0.003950 0.082820 0.895406 0.000013 0.017812
2 1 0.001813 0.053525 0.938209 0.000002 0.006451
2 2 0.004414 0.003468 0.983602 0.001460 0.007056
2 2 0.021864 0.075106 0.638218 0.003577 0.261235
2 2 0.106372 0.141969 0.619616 0.000370 0.131674
2 2 0.001849 0.082229 0.732931 0.000458 0.182533
1 2 0.011555 0.487775 0.439959 0.000021 0.060690
2 2 0.009049 0.291003 0.645414 0.000074 0.054460
2 2 0.000992 0.041429 0.949880 0.000046 0.007653
2 2 0.000143 0.042750 0.912754 0.000010 0.044344
2 2 0.011931 0.019898 0.958145 0.000009 0.010017
2 2 0.007805 0.104535 0.766777 0.000044 0.120838
2 2 0.001209 0.041535 0.587256 0.000780 0.369220
2 2 0.044522 0.243271 0.557288 0.001306 0.153613
2 2 0.000238 0.008797 0.976735 0.007540 0.006690
2 2 0.010868 0.014615 0.952925 0.001819 0.019772
2 2 0.064582 0.277069 0.579612 0.000102 0.078636
2 2 0.004907 0.023601 0.959777 0.000075 0.011640
2 2 0.004402 0.081940 0.817237 0.000212 0.096208
2 2 0.004117 0.052605 0.924980 0.000556 0.017743
2 2 0.000857 0.005461 0.991669 0.001813 0.000199
2 2 0.029439 0.088544 0.843849 0.000599 0.037569
2 2 0.002790 0.064838 0.871311 0.001085 0.059977
2 2 0.002756 0.048375 0.926170 0.015426 0.007274
4 2 0.007510 0.124065 0.177311 0.000166 0.690949
2 2 0.030029 0.189524 0.709756 0.051607 0.019083
2 2 0.050992 0.049198 0.892346 0.000306 0.007158
2 2 0.069375 0.066195 0.849149 0.007545 0.007736
2 2 0.007724 0.026309 0.965342 0.000403 0.000221
2 2 0.046118 0.120570 0.814695 0.003962 0.014654
2 2 0.004611 0.045881 0.916577 0.022946 0.009985
2 2 0.002533 0.066531 0.920668 0.005783 0.004485
2 2 0.047244 0.061221 0.856537 0.001050 0.033948
2 2 0.009981 0.167579 0.796047 0.001300 0.025093
2 2 0.037903 0.045617 0.895990 0.000025 0.020466
2 2 0.001403 0.073057 0.922348 0.000328 0.002863
0 2 0.738896 0.172927 0.077208 0.000001 0.010968
1 2 0.007530 0.866720 0.118528 0.000000 0.007222
1 2 0.315376 0.331504 0.308460 0.001614 0.043046
4 0 0.198749 0.221588 0.187041 0.000090 0.392532
1 1 0.077913 0.501391 0.391676 0.000478 0.028543
0 1 0.767786 0.045804 0.090425 0.001169 0.094816
1 1 0.014380 0.402846 0.219493 0.002733 0.360549
2 1 0.038469 0.270867 0.419375 0.011327 0.259962
2 1 0.012104 0.181335 0.547367 0.000199 0.258995
4 1 0.394255 0.025750 0.068483 0.000497 0.511014
0 1 0.607671 0.042118 0.031868 0.000103 0.318239
0 1 0.678570 0.151566 0.030701 0.000015 0.139147
1 1 0.193558 0.534087 0.147332 0.000455 0.124568
4 1 0.110891 0.161900 0.145473 0.000273 0.581463
1 1 0.005162 0.483399 0.350450 0.000609 0.160380
1 1 0.312085 0.322596 0.218339 0.040559 0.106421
2 1 0.023056 0.438008 0.532191 0.000074 0.006672
2 1 0.001762 0.178168 0.813807 0.000128 0.006134
2 1 0.006405 0.058711 0.915155 0.013104 0.006626
2 2 0.000610 0.094633 0.876533 0.003770 0.024455
0 2 0.869344 0.098673 0.023100 0.000002 0.008880
0 2 0.889385 0.084519 0.011898 0.000054 0.014144
1 1 0.160624 0.309187 0.240396 0.000049 0.289745
1 1 0.182556 0.697386 0.041944 0.000018 0.078096
1 1 0.084969 0.404246 0.346268 0.000694 0.163822
2 1 0.038395 0.252928 0.675111 0.000251 0.033315
2 1 0.048069 0.352155 0.403243 0.000003 0.196530
0 1 0.517052 0.195011 0.171337 0.000013 0.116587
0 1 0.655646 0.157492 0.058284 0.000055 0.128523
1 1 0.110488 0.548643 0.237756 0.000028 0.103086
1 1 0.048435 0.652198 0.151512 0.000196 0.147660
1 1 0.016482 0.427595 0.140677 0.005755 0.409491
4 1 0.201423 0.274165 0.078658 0.000070 0.445684
0 1 0.546056 0.215812 0.066195 0.000028 0.171908
1 1 0.380393 0.441112 0.108878 0.000191 0.069425
1 1 0.030501 0.679288 0.135964 0.000128 0.154120
4 1 0.009671 0.176670 0.034617 0.000244 0.778798
4 1 0.245928 0.250008 0.116963 0.000036 0.387065
2 1 0.046971 0.356416 0.473412 0.000207 0.122995
2 1 0.001045 0.250466 0.678937 0.001304 0.068248
0 1 0.717179 0.220614 0.022223 0.002983 0.037002
0 1 0.805328 0.107727 0.014905 0.000388 0.071652
2 1 0.002309 0.043499 0.874093 0.003133 0.076965
2 1 0.045214 0.191506 0.673802 0.000537 0.088941
1 1 0.283836 0.643986 0.054766 0.000001 0.017409
4 1 0.057381 0.131713 0.096704 0.000138 0.714064
4 1 0.032393 0.182302 0.112163 0.000049 0.673094
4 1 0.048591 0.174317 0.106638 0.026516 0.643938
4 1 0.209533 0.275104 0.233528 0.000052 0.281782
4 1 0.063832 0.088964 0.220589 0.000307 0.626308
4 1 0.078328 0.184943 0.168716 0.000007 0.568006
4 1 0.019400 0.056433 0.085919 0.000004 0.838244
4 4 0.000911 0.035480 0.006866 0.000000 0.956743
4 4 0.012160 0.024064 0.062732 0.000003 0.901041
0 4 0.815702 0.058268 0.008090 0.000036 0.117904
4 4 0.212081 0.296420 0.062084 0.000586 0.428829
4 4 0.441397 0.062566 0.026857 0.000325 0.468855
0 4 0.911678 0.008210 0.004845 0.000013 0.075254
4 4 0.274737 0.006458 0.026853 0.000276 0.691677
4 4 0.037762 0.007891 0.018133 0.000237 0.935978
0 4 0.993831 0.003196 0.000515 0.000001 0.002458
0 4 0.960512 0.001947 0.003284 0.000010 0.034247
0 4 0.740731 0.099932 0.023689 0.000726 0.134922
0 4 0.740756 0.051472 0.015707 0.000144 0.191921
0 4 0.911845 0.019460 0.013029 0.000048 0.055617
0 4 0.617087 0.028550 0.014910 0.000070 0.339383
4 4 0.038930 0.015910 0.009040 0.000031 0.936088
4 4 0.273586 0.018375 0.014355 0.000046 0.693639
4 4 0.342230 0.042039 0.032343 0.000506 0.582882
4 4 0.094133 0.016808 0.036563 0.001087 0.851409
4 4 0.046289 0.027075 0.005175 0.000006 0.921456
4 4 0.043663 0.003886 0.003713 0.000002 0.948736
4 4 0.007641 0.000761 0.002980 0.000004 0.988614
4 4 0.128314 0.013540 0.020097 0.000159 0.837890
4 4 0.017517 0.008173 0.014503 0.000203 0.959604
4 4 0.003069 0.015577 0.007255 0.000088 0.974010
4 4 0.032259 0.015653 0.026888 0.000585 0.924614
4 4 0.352733 0.013316 0.024533 0.000210 0.609208
4 4 0.369570 0.001820 0.007245 0.000006 0.621359
0 4 0.483202 0.030544 0.029068 0.000395 0.456791
1 4 0.192400 0.428097 0.015329 0.000046 0.364128
4 4 0.030979 0.271107 0.248202 0.000420 0.449291
1 4 0.005404 0.541846 0.341690 0.000401 0.110658
2 4 0.099018 0.267653 0.321087 0.007031 0.305211
4 4 0.162573 0.217928 0.161696 0.000102 0.457701
4 4 0.119642 0.024328 0.026272 0.000009 0.829749
0 4 0.502160 0.053721 0.043962 0.000603 0.399553
0 4 0.693211 0.229392 0.039773 0.000683 0.036941
1 4 0.310158 0.476992 0.076671 0.000007 0.136172
0 4 0.430039 0.409676 0.111664 0.000431 0.048190
2 4 0.200137 0.097493 0.598480 0.006260 0.097630
4 4 0.214588 0.223023 0.233957 0.000219 0.328214
4 4 0.017500 0.434743 0.108133 0.000051 0.439573
4 4 0.011964 0.233532 0.244072 0.000232 0.510201
2 4 0.002470 0.248103 0.591977 0.000775 0.156675
1 1 0.002657 0.414186 0.215984 0.001401 0.365772
1 1 0.034464 0.432963 0.206713 0.000089 0.325772
1 1 0.024136 0.462984 0.171244 0.000113 0.341524
4 1 0.033866 0.178053 0.113757 0.000125 0.674199
4 1 0.031223 0.251350 0.220661 0.000074 0.496691
2 1 0.004029 0.176959 0.645337 0.000367 0.173307
1 1 0.008390 0.477655 0.286494 0.000368 0.227093
0 1 0.448913 0.267361 0.041988 0.001106 0.240633
1 1 0.050514 0.443046 0.113621 0.002300 0.390519
2 1 0.000861 0.019746 0.975248 0.000394 0.003751
2 2 0.000134 0.013248 0.984510 0.000882 0.001226
1 2 0.002904 0.417059 0.415307 0.000155 0.164574
2 2 0.010576 0.202926 0.514054 0.000099 0.272345
2 2 0.000428 0.018172 0.950443 0.006204 0.024753
2 2 0.006267 0.266610 0.633683 0.000640 0.092800
2 2 0.001280 0.010392 0.978848 0.005011 0.004469
2 2 0.001717 0.037963 0.858983 0.038774 0.062563
2 2 0.000030 0.017887 0.964341 0.000288 0.017454
2 2 0.000067 0.060341 0.928327 0.001567 0.009697
2 2 0.014624 0.159052 0.736214 0.000135 0.089975
2 2 0.000050 0.011980 0.983158 0.002307 0.002505
2 2 0.000542 0.073966 0.897527 0.000005 0.027959
2 2 0.000817 0.107344 0.829351 0.000315 0.062173
2 2 0.008053 0.048745 0.915823 0.000104 0.027275
2 2 0.004439 0.092046 0.895287 0.000097 0.008131
2 2 0.000077 0.021852 0.974949 0.000253 0.002869
2 2 0.000122 0.022106 0.971082 0.000484 0.006205
2 2 0.000013 0.011506 0.984762 0.000973 0.002748
2 2 0.000373 0.013130 0.965808 0.007152 0.013536
2 2 0.000803 0.012097 0.961408 0.018322 0.007369
2 2 0.004642 0.364729 0.522709 0.000445 0.107475
2 2 0.003165 0.096957 0.794199 0.000941 0.104738
2 2 0.008186 0.045940 0.864578 0.005399 0.075898
2 2 0.029811 0.111981 0.627103 0.000401 0.230704
2 2 0.005563 0.107074 0.814766 0.001309 0.071288
2 2 0.000887 0.011066 0.984216 0.000305 0.003527
2 2 0.007223 0.062695 0.906084 0.009699 0.014299
2 2 0.000097 0.024750 0.973262 0.000209 0.001681
2 2 0.000098 0.005995 0.991042 0.001931 0.000934
2 2 0.000675 0.009315 0.940259 0.048123 0.001627
2 2 0.000162 0.075301 0.855675 0.047552 0.021310
2 2 0.000020 0.003063 0.976693 0.019870 0.000354
2 3 0.000070 0.005916 0.947639 0.046098 0.000276
2 3 0.000431 0.051418 0.492590 0.419322 0.036240
3 3 0.000024 0.007664 0.294866 0.692861 0.004586
3 3 0.000086 0.017081 0.344492 0.626215 0.012127
2 3 0.001056 0.118566 0.645911 0.158300 0.076168
3 3 0.000000 0.000613 0.402915 0.596411 0.000060
2 3 0.000084 0.004462 0.501871 0.490819 0.002765
2 3 0.019671 0.132987 0.823466 0.015904 0.007971
2 3 0.000720 0.102826 0.881776 0.012463 0.002215
2 3 0.000015 0.011103 0.985431 0.002166 0.001285
2 3 0.000137 0.020027 0.973909 0.005343 0.000583
2 2 0.003399 0.018429 0.977046 0.000436 0.000691
2 2 0.000876 0.010809 0.978502 0.000074 0.009739
2 2 0.000014 0.007363 0.990355 0.002257 0.000012
2 2 0.000150 0.008901 0.984048 0.006383 0.000518
3 2 0.000087 0.006666 0.430452 0.562248 0.000548
2 2 0.000094 0.009181 0.514481 0.475355 0.000889
2 2 0.000000 0.001390 0.992132 0.006397 0.000081
2 2 0.000000 0.001902 0.988245 0.009803 0.000049
2 3 0.008353 0.010454 0.971516 0.000333 0.009344
2 3 0.012019 0.281980 0.624070 0.026195 0.055736
2 3 0.000281 0.072535 0.918334 0.007055 0.001795
3 3 0.000036 0.002848 0.276748 0.720152 0.000215
2 3 0.002129 0.309028 0.650201 0.000695 0.037947
2 3 0.000565 0.036801 0.840822 0.119283 0.002529
2 3 0.000704 0.024474 0.790169 0.160350 0.024303
3 3 0.000571 0.013671 0.274828 0.708738 0.002191
2 3 0.000012 0.005425 0.769615 0.224577 0.000373
3 3 0.000200 0.005195 0.239884 0.754315 0.000406
2 3 0.000007 0.007076 0.636421 0.355096 0.001400
2 3 0.000634 0.057109 0.707720 0.219962 0.014575
3 3 0.000194 0.003550 0.271928 0.722880 0.001448
3 3 0.022133 0.067594 0.398746 0.504423 0.007104
3 3 0.000000 0.000495 0.365258 0.634195 0.000051
3 3 0.000008 0.001646 0.226205 0.771956 0.000185
3 3 0.000002 0.000127 0.041028 0.958835 0.000008
3 3 0.000000 0.000297 0.295334 0.704355 0.000013
3 3 0.000156 0.010366 0.253106 0.733160 0.003213
3 3 0.000005 0.001464 0.319110 0.679305 0.000115
3 3 0.000001 0.000263 0.131107 0.868612 0.000017
3 3 0.000005 0.000288 0.078012 0.921681 0.000014
2 3 0.000144 0.035385 0.594414 0.360267 0.009790
3 3 0.000114 0.004683 0.265869 0.729017 0.000317
