0 0 0.965881 0.022602 0.009004 0.000082 0.002431
1 0 0.080128 0.725096 0.166380 0.000003 0.028393
0 0 0.951791 0.037950 0.002319 0.000000 0.007941
0 0 0.752073 0.123610 0.024704 0.000363 0.099250
0 0 0.926239 0.020330 0.003058 0.000127 0.050246
0 0 0.975837 0.006164 0.000897 0.000024 0.017078
0 0 0.935758 0.017316 0.001982 0.000017 0.044927
0 0 0.957294 0.021371 0.004129 0.000054 0.017152
0 0 0.853496 0.003433 0.000130 0.000000 0.142940
0 0 0.700492 0.007357 0.000288 0.000000 0.291863
0 0 0.841993 0.060489 0.006395 0.000009 0.091114
1 0 0.341497 0.479767 0.042535 0.000000 0.136200
0 0 0.492332 0.100042 0.012139 0.000025 0.395463
0 0 0.479293 0.257195 0.018279 0.000001 0.245232
0 0 0.346608 0.282320 0.044303 0.000326 0.326442
0 0 0.411979 0.209736 0.015119 0.000002 0.363163
0 0 0.958240 0.030678 0.010441 0.000001 0.000641
0 0 0.998671 0.000560 0.000208 0.000002 0.000560
0 0 0.980648 0.008203 0.001044 0.000003 0.010102
0 0 0.956219 0.003416 0.000193 0.000000 0.040171
4 0 0.155990 0.011692 0.000697 0.000000 0.831620
0 0 0.526995 0.070653 0.006407 0.000011 0.395934
0 0 0.826008 0.041624 0.006096 0.000097 0.126175
0 0 0.931602 0.040297 0.005583 0.000004 0.022515
0 1 0.832176 0.096276 0.011391 0.000004 0.060154
0 1 0.509298 0.231626 0.021184 0.000001 0.237891
4 1 0.255648 0.168095 0.017684 0.000012 0.558560
4 1 0.153011 0.193658 0.025924 0.000007 0.627400
1 0 0.015746 0.394551 0.269332 0.000081 0.320289
4 0 0.056505 0.133793 0.022416 0.000002 0.787284
0 0 0.909169 0.054403 0.010369 0.000016 0.026043
0 0 0.810922 0.110697 0.028855 0.000058 0.049468
0 0 0.856783 0.014332 0.001333 0.000007 0.127546
1 0 0.427145 0.456645 0.017249 0.000000 0.098960
0 0 0.731046 0.069453 0.006299 0.000014 0.193188
1 1 0.335920 0.370820 0.057759 0.000010 0.235491
1 1 0.185950 0.653244 0.079686 0.000001 0.081120
0 1 0.344885 0.341922 0.042001 0.000027 0.271165
1 1 0.087202 0.617203 0.190135 0.000053 0.105407
4 2 0.024256 0.362047 0.121127 0.000002 0.492569
1 2 0.032571 0.576505 0.321572 0.000174 0.069178
1 2 0.027036 0.555116 0.338281 0.000179 0.079388
1 2 0.138532 0.450815 0.102854 0.000049 0.307749
1 2 0.133722 0.600830 0.174649 0.000075 0.090724
1 2 0.070996 0.427238 0.129755 0.000037 0.371974
1 2 0.091315 0.473856 0.198710 0.001249 0.234870
1 2 0.083146 0.604613 0.215443 0.000156 0.096643
1 2 0.118893 0.460685 0.373773 0.003126 0.043522
2 2 0.000538 0.098181 0.891898 0.008131 0.001252
2 2 0.011353 0.268783 0.695115 0.007088 0.017661
2 2 0.002036 0.236832 0.749195 0.000091 0.011846
2 2 0.000370 0.066619 0.929562 0.002183 0.001267
2 2 0.004307 0.312146 0.663563 0.000024 0.019960
2 2 0.000635 0.129746 0.863410 0.001275 0.004934
4 0 0.043858 0.317776 0.197247 0.000189 0.440930
0 1 0.529878 0.239943 0.046457 0.000452 0.183270
2 2 0.008441 0.425360 0.455770 0.000302 0.110128
4 2 0.033979 0.280669 0.307306 0.004120 0.373925
1 2 0.014045 0.409350 0.381477 0.000038 0.195090
2 2 0.002330 0.232603 0.710302 0.000877 0.053887
2 2 0.007461 0.402119 0.516837 0.000074 0.073509
4 1 0.008599 0.276919 0.341759 0.000062 0.372661
4 2 0.023183 0.276232 0.240784 0.001605 0.458196
2 1 0.070978 0.375163 0.481641 0.009032 0.063186
4 2 0.015805 0.123843 0.035912 0.000001 0.824439
4 2 0.009279 0.085136 0.043759 0.000044 0.861782
4 2 0.006328 0.184798 0.283939 0.000268 0.524667
2 2 0.015831 0.420893 0.469918 0.001197 0.092162
1 2 0.009780 0.390717 0.377185 0.000104 0.222214
2 2 0.001689 0.147506 0.798029 0.001545 0.051231
2 2 0.006516 0.136315 0.702397 0.114566 0.040206
1 2 0.069308 0.380054 0.320444 0.007041 0.223153
2 2 0.006779 0.148687 0.593645 0.052617 0.198272
2 2 0.006220 0.139747 0.598788 0.014742 0.240503
2 2 0.033585 0.429659 0.480354 0.004358 0.052044
2 2 0.006956 0.193702 0.774696 0.013654 0.010992
1 1 0.151010 0.569252 0.174075 0.000274 0.105388
1 2 0.069996 0.389428 0.318778 0.003214 0.218584
2 2 0.004703 0.271155 0.657999 0.002997 0.063146
2 2 0.000642 0.115731 0.876491 0.001571 0.005565
1 2 0.185492 0.357957 0.327823 0.007907 0.120820
1 2 0.048371 0.425561 0.191571 0.000103 0.334395
4 2 0.032086 0.290510 0.309617 0.002791 0.364996
4 2 0.013569 0.254516 0.355225 0.002049 0.374641
1 2 0.060955 0.711024 0.207065 0.000009 0.020946
2 2 0.022058 0.172419 0.764297 0.033254 0.007972
2 2 0.008524 0.083566 0.553090 0.312010 0.042809
2 2 0.005602 0.221435 0.603589 0.003806 0.165568
2 2 0.016309 0.090501 0.776447 0.109277 0.007465
2 2 0.000934 0.033498 0.743393 0.221049 0.001126
2 2 0.021407 0.427512 0.490155 0.005458 0.055467
2 2 0.002926 0.258300 0.678700 0.002886 0.057188
2 2 0.000880 0.084475 0.842840 0.042922 0.028883
2 1 0.008624 0.159343 0.703545 0.110855 0.017633
2 2 0.024193 0.114441 0.511989 0.266071 0.083305
2 2 0.036866 0.252836 0.481799 0.094514 0.133985
2 2 0.025598 0.346698 0.476229 0.005600 0.145876
2 2 0.131949 0.339247 0.419766 0.027076 0.081962
2 2 0.020561 0.342182 0.574017 0.016584 0.046655
2 2 0.000104 0.042303 0.948016 0.007271 0.002306
2 1 0.003231 0.084685 0.894491 0.014506 0.003087
2 2 0.279322 0.310354 0.315555 0.041495 0.053274
2 2 0.007440 0.121078 0.739153 0.120664 0.011665
2 2 0.000045 0.035855 0.961111 0.001993 0.000996
2 2 0.005137 0.086433 0.853269 0.048030 0.007131
2 2 0.006711 0.063325 0.889656 0.036794 0.003514
2 2 0.000138 0.030956 0.870777 0.096933 0.001196
2 2 0.000571 0.087347 0.904014 0.005808 0.002260
2 2 0.000061 0.020621 0.882915 0.095697 0.000706
2 2 0.000078 0.020577 0.826819 0.151540 0.000986
2 2 0.000014 0.008240 0.821364 0.170043 0.000339
2 2 0.000484 0.021122 0.744491 0.233120 0.000783
2 2 0.000702 0.021069 0.758052 0.219177 0.000999
2 2 0.004994 0.119685 0.831440 0.029763 0.014118
2 2 0.002032 0.098914 0.807826 0.063393 0.027835
2 2 0.003015 0.103281 0.801357 0.067219 0.025127
2 2 0.006411 0.108723 0.454187 0.406548 0.024129
2 2 0.030636 0.350140 0.500218 0.082716 0.036289
2 2 0.001908 0.181225 0.806220 0.008087 0.002560
2 2 0.003238 0.212080 0.776440 0.001553 0.006689
1 2 0.167574 0.457823 0.300520 0.001298 0.072785
1 2 0.035102 0.531941 0.311833 0.000028 0.121096
2 2 0.000955 0.061241 0.813973 0.114809 0.009022
2 2 0.007918 0.155726 0.786155 0.032411 0.017789
2 2 0.003804 0.174428 0.790145 0.021215 0.010407
2 2 0.001945 0.119057 0.872097 0.004457 0.002444
2 2 0.014935 0.287392 0.646327 0.020414 0.030931
2 2 0.013512 0.359919 0.481634 0.000278 0.144657
2 2 0.000113 0.048192 0.942867 0.007884 0.000943
2 2 0.022316 0.413601 0.530913 0.000815 0.032355
2 2 0.005801 0.335435 0.617176 0.000102 0.041485
4 2 0.136906 0.100731 0.020935 0.000389 0.741040
2 2 0.017040 0.404792 0.554823 0.011436 0.011909
2 2 0.047748 0.420562 0.452339 0.013206 0.066145
1 2 0.033004 0.496437 0.417358 0.000909 0.052292
2 1 0.025710 0.346438 0.546852 0.004249 0.076751
1 2 0.027394 0.522491 0.334053 0.000114 0.115948
2 2 0.001011 0.124148 0.851962 0.000834 0.022045
2 2 0.006155 0.350174 0.574484 0.000402 0.068784
2 2 0.011181 0.283164 0.665420 0.003929 0.036306
1 2 0.040445 0.590090 0.292449 0.000144 0.076871
1 2 0.052702 0.622173 0.238016 0.000042 0.087068
2 2 0.047074 0.327327 0.583990 0.017425 0.024183
2 2 0.036414 0.260752 0.594250 0.018115 0.090469
1 2 0.062012 0.520336 0.231198 0.000263 0.186191
1 0 0.035882 0.413828 0.297717 0.000154 0.252419
0 1 0.900610 0.053172 0.014515 0.000711 0.030991
1 1 0.212700 0.490224 0.095347 0.000068 0.201661
1 1 0.178534 0.396940 0.089591 0.000171 0.334764
1 2 0.052277 0.519857 0.333109 0.000461 0.094296
1 0 0.231232 0.496668 0.166376 0.000355 0.105369
1 0 0.110228 0.434612 0.275676 0.000574 0.178911
0 0 0.882265 0.026412 0.003302 0.000088 0.087933
0 0 0.986835 0.006434 0.001609 0.000102 0.005019
1 1 0.316246 0.350272 0.025241 0.000000 0.308241
4 1 0.103097 0.345191 0.039159 0.000000 0.512553
1 0 0.035606 0.584929 0.180318 0.000001 0.199146
1 0 0.034191 0.679059 0.191608 0.000000 0.095141
1 1 0.048387 0.842543 0.099151 0.000000 0.009919
1 1 0.122030 0.606981 0.204769 0.000528 0.065692
2 1 0.026680 0.429341 0.493484 0.006719 0.043776
2 1 0.001104 0.161862 0.828993 0.004065 0.003975
1 1 0.242169 0.533225 0.088352 0.000023 0.136231
0 1 0.445864 0.392341 0.069820 0.000024 0.091951
1 1 0.051218 0.656513 0.271202 0.000064 0.021002
2 1 0.002756 0.310405 0.683798 0.000014 0.003028
1 1 0.055448 0.584271 0.324904 0.001787 0.033589
1 1 0.021941 0.629960 0.341817 0.000049 0.006233
1 2 0.028547 0.629923 0.332362 0.000099 0.009069
1 2 0.061075 0.607192 0.287296 0.000582 0.043855
1 1 0.033056 0.595559 0.354656 0.000180 0.016550
2 1 0.008980 0.273668 0.693952 0.002671 0.020729
1 0 0.095653 0.645145 0.214554 0.000169 0.044479
1 1 0.123965 0.664725 0.154973 0.000023 0.056313
0 0 0.814476 0.133029 0.042238 0.000038 0.010219
1 1 0.293178 0.442188 0.244561 0.001459 0.018615
1 1 0.017837 0.550031 0.405962 0.000130 0.026040
1 1 0.032848 0.500311 0.368530 0.000135 0.098176
1 1 0.027383 0.577843 0.329633 0.000105 0.065036
1 1 0.072110 0.697651 0.192930 0.000010 0.037299
1 1 0.125111 0.677872 0.142539 0.000010 0.054468
1 0 0.188332 0.498999 0.160879 0.001635 0.150156
0 0 0.903289 0.055304 0.024656 0.003142 0.013609
0 0 0.992523 0.003575 0.001842 0.000591 0.001470
0 0 0.969344 0.004132 0.000559 0.000004 0.025961
0 0 0.998701 0.000641 0.000200 0.000037 0.000421
0 0 0.977024 0.004111 0.000386 0.000004 0.018475
0 0 0.525535 0.130869 0.011720 0.000019 0.331857
0 0 0.925858 0.006502 0.003340 0.000023 0.064278
0 0 0.998740 0.000761 0.000246 0.000001 0.000252
0 0 0.785453 0.064652 0.007719 0.000055 0.142121
0 4 0.887963 0.039966 0.005217 0.000034 0.066820
4 4 0.037642 0.005286 0.000202 0.000000 0.956870
4 4 0.231818 0.027565 0.001529 0.000002 0.739086
4 4 0.104926 0.081425 0.010539 0.000012 0.803099
4 4 0.063373 0.061041 0.002965 0.000000 0.872621
4 4 0.019250 0.139231 0.035617 0.000001 0.805900
4 4 0.010145 0.021854 0.004779 0.000002 0.963220
4 4 0.037264 0.124424 0.059361 0.002442 0.776509
4 4 0.118528 0.342205 0.153089 0.012668 0.373510
4 4 0.046317 0.153663 0.024344 0.000000 0.775675
4 4 0.051204 0.089564 0.015992 0.000007 0.843233
4 4 0.041752 0.014090 0.001099 0.000001 0.943057
4 4 0.031717 0.005579 0.000247 0.000000 0.962457
4 4 0.043460 0.032082 0.004701 0.000011 0.919745
4 4 0.014949 0.041549 0.012382 0.000024 0.931096
4 4 0.012611 0.026466 0.005358 0.000000 0.955564
4 4 0.012773 0.007882 0.000809 0.000000 0.978536
4 4 0.203639 0.063448 0.009237 0.000070 0.723606
4 1 0.244009 0.097845 0.012634 0.000215 0.645298
4 4 0.018844 0.015279 0.002081 0.000002 0.963794
4 4 0.364235 0.034920 0.002191 0.000005 0.598649
4 4 0.076125 0.020386 0.001475 0.000001 0.902013
4 4 0.004633 0.013307 0.003374 0.000001 0.978685
4 4 0.017896 0.008027 0.000667 0.000000 0.973410
4 4 0.174128 0.225114 0.019125 0.000000 0.581633
4 4 0.330556 0.119664 0.006548 0.000000 0.543232
4 4 0.052967 0.099994 0.008875 0.000000 0.838164
4 4 0.044255 0.076925 0.016256 0.000022 0.862542
4 4 0.120455 0.196447 0.032640 0.000015 0.650443
4 4 0.011953 0.177789 0.101149 0.000040 0.709069
1 4 0.044707 0.455155 0.159501 0.000016 0.340621
4 4 0.011023 0.271160 0.152974 0.000009 0.564834
4 4 0.025291 0.199927 0.079495 0.000033 0.695255
1 2 0.037171 0.600922 0.285022 0.000068 0.076816
1 2 0.037138 0.554562 0.308030 0.000264 0.100006
1 1 0.044075 0.562856 0.224450 0.000021 0.168598
1 2 0.073424 0.674615 0.222416 0.000055 0.029490
1 2 0.097512 0.654390 0.168524 0.000018 0.079556
1 2 0.071611 0.582073 0.275225 0.000687 0.070405
1 2 0.065713 0.590227 0.239662 0.000182 0.104215
1 2 0.040585 0.403604 0.258576 0.000337 0.296898
1 2 0.069864 0.593302 0.249688 0.000327 0.086818
4 2 0.179664 0.306160 0.093428 0.003897 0.416852
2 2 0.001860 0.258758 0.735708 0.000260 0.003413
1 2 0.039189 0.542257 0.406136 0.000060 0.012358
2 2 0.011759 0.454592 0.495382 0.000402 0.037866
1 2 0.097684 0.548959 0.157915 0.000015 0.195428
1 2 0.069561 0.464469 0.210742 0.000814 0.254414
1 2 0.036136 0.419670 0.415138 0.002756 0.126301
2 1 0.000363 0.218506 0.770222 0.000001 0.010907
2 1 0.000289 0.093679 0.902885 0.000280 0.002867
2 2 0.007467 0.142770 0.657462 0.102553 0.089748
2 2 0.009805 0.253463 0.532924 0.001473 0.202334
2 2 0.012415 0.256340 0.618059 0.082410 0.030776
2 2 0.007487 0.271875 0.675264 0.004931 0.040443
1 2 0.041464 0.602566 0.281569 0.000043 0.074358
2 2 0.006319 0.299950 0.629873 0.000764 0.063094
2 1 0.009549 0.321843 0.614824 0.003254 0.050531
2 2 0.014768 0.378328 0.525683 0.000892 0.080329
2 2 0.013123 0.346536 0.618062 0.007615 0.014664
1 2 0.081447 0.615838 0.261450 0.000759 0.040506
2 2 0.007153 0.372425 0.614230 0.000330 0.005862
2 2 0.002155 0.146059 0.844918 0.001457 0.005411
2 2 0.006043 0.221609 0.746327 0.012103 0.013917
2 2 0.000313 0.093928 0.902302 0.002910 0.000548
2 1 0.001093 0.135053 0.851442 0.003925 0.008487
1 2 0.026535 0.451338 0.442400 0.000231 0.079496
2 2 0.006770 0.247766 0.726254 0.002632 0.016577
1 2 0.080908 0.476006 0.340525 0.005603 0.096957
2 2 0.002807 0.188194 0.793050 0.011098 0.004851
1 2 0.062617 0.636342 0.272446 0.000238 0.028356
2 2 0.002431 0.206976 0.785271 0.001172 0.004150
2 2 0.011222 0.416564 0.562858 0.000423 0.008932
2 2 0.017227 0.340608 0.606316 0.003195 0.032654
2 2 0.000840 0.091553 0.747913 0.007555 0.152139
2 2 0.028939 0.336549 0.528065 0.042807 0.063640
2 2 0.003971 0.186203 0.774591 0.006158 0.029078
2 2 0.000419 0.078065 0.895898 0.019213 0.006404
2 2 0.001672 0.098167 0.818912 0.073068 0.008181
2 2 0.044484 0.395721 0.467359 0.008340 0.084096
1 2 0.075603 0.336124 0.274008 0.001968 0.312296
2 2 0.000493 0.060611 0.868900 0.067447 0.002550
2 2 0.006599 0.073955 0.531725 0.381176 0.006546
3 0 0.001604 0.021208 0.372683 0.597906 0.006598
2 1 0.069204 0.064071 0.851764 0.014380 0.000581
2 1 0.026867 0.329819 0.516725 0.021272 0.105317
2 2 0.000790 0.114601 0.865141 0.002045 0.017424
2 0 0.089798 0.201349 0.643637 0.028962 0.036254
2 1 0.235793 0.365426 0.379924 0.000376 0.018480
1 2 0.132577 0.594992 0.147933 0.000052 0.124446
1 2 0.045744 0.599447 0.282720 0.000155 0.071933
4 1 0.033514 0.163554 0.152688 0.002586 0.647659
1 2 0.041866 0.455844 0.203846 0.000013 0.298431
1 1 0.117871 0.431063 0.279218 0.023596 0.148252
1 2 0.086816 0.517192 0.266369 0.001164 0.128459
1 1 0.048086 0.496025 0.417654 0.004594 0.033641
1 2 0.076048 0.642666 0.272259 0.000021 0.009008
1 1 0.183493 0.426319 0.351407 0.000514 0.038267
2 1 0.014556 0.157237 0.752442 0.060255 0.015510
1 2 0.066344 0.662960 0.243923 0.000096 0.026677
1 1 0.028478 0.517927 0.405098 0.000888 0.047610
1 1 0.139039 0.558018 0.271406 0.000283 0.031254
1 1 0.013071 0.519218 0.441375 0.000034 0.026302
0 1 0.395551 0.360732 0.180810 0.004820 0.058087
1 2 0.081319 0.519043 0.389852 0.000464 0.009321
1 1 0.072530 0.575346 0.209713 0.000073 0.142338
2 1 0.025628 0.380358 0.547732 0.005111 0.041170
1 2 0.064326 0.498155 0.266156 0.002133 0.169230
2 0 0.010890 0.414511 0.556765 0.001418 0.016416
1 1 0.274200 0.502681 0.144037 0.000188 0.078894
1 1 0.131101 0.552734 0.199164 0.000219 0.116782
1 1 0.048583 0.512742 0.392975 0.001507 0.044194
1 1 0.026296 0.478175 0.364513 0.000095 0.130920
2 1 0.007872 0.452602 0.536274 0.000627 0.002625
1 1 0.222278 0.449214 0.143873 0.006382 0.178254
1 1 0.109365 0.572316 0.251491 0.003496 0.063332
1 1 0.164150 0.404404 0.207897 0.031855 0.191694
2 1 0.008084 0.246528 0.718496 0.007126 0.019765
1 1 0.146688 0.409028 0.407337 0.000583 0.036364
1 2 0.242783 0.496696 0.098111 0.000137 0.162274
1 1 0.069604 0.628101 0.270735 0.000471 0.031089
1 1 0.080521 0.634136 0.221269 0.000116 0.063958
1 1 0.032675 0.581240 0.351563 0.000422 0.034100
1 1 0.194588 0.552929 0.132430 0.000224 0.119829
0 1 0.478942 0.338736 0.069614 0.000136 0.112572
1 1 0.034914 0.506879 0.432425 0.004464 0.021318
2 1 0.010211 0.341223 0.632598 0.006358 0.009609
1 1 0.078854 0.587895 0.209023 0.000123 0.124105
1 1 0.216328 0.489437 0.083406 0.000025 0.210804
1 1 0.247731 0.435872 0.219421 0.002677 0.094299
1 1 0.138382 0.422088 0.250593 0.001548 0.187389
2 2 0.001465 0.109122 0.862399 0.020616 0.006398
2 1 0.001466 0.109556 0.839081 0.044823 0.005074
1 0 0.066685 0.558497 0.299879 0.000071 0.074868
2 0 0.080194 0.331294 0.562151 0.003784 0.022577
1 1 0.032117 0.636877 0.316607 0.000082 0.014317
1 1 0.019811 0.481837 0.373927 0.000466 0.123959
2 1 0.025687 0.296659 0.473826 0.006895 0.196933
0 1 0.437528 0.269540 0.057852 0.001495 0.233586
1 0 0.190570 0.593476 0.130934 0.000049 0.084971
1 1 0.334436 0.350097 0.301933 0.002614 0.010920
1 1 0.042668 0.535816 0.219057 0.000035 0.202423
1 1 0.117520 0.547767 0.240515 0.003661 0.090537
1 1 0.024809 0.564350 0.312706 0.000052 0.098084
1 1 0.059345 0.670565 0.183957 0.000004 0.086129
1 1 0.031452 0.576663 0.304840 0.000090 0.086954
1 1 0.024005 0.607800 0.252884 0.000003 0.115308
1 1 0.171235 0.626170 0.116922 0.000014 0.085658
1 0 0.142819 0.565898 0.212824 0.001859 0.076599
1 0 0.151610 0.678561 0.105284 0.000002 0.064543
0 0 0.500357 0.340808 0.049348 0.000010 0.109478
0 0 0.958362 0.020504 0.004486 0.000128 0.016520
0 0 0.977079 0.015379 0.004676 0.000030 0.002836
0 0 0.800484 0.138785 0.042003 0.000108 0.018619
0 0 0.981030 0.010869 0.003314 0.000163 0.004624
0 0 0.948561 0.035809 0.006443 0.000003 0.009184
0 0 0.969221 0.008697 0.001288 0.000047 0.020748
4 1 0.198345 0.118682 0.013221 0.000011 0.669741
0 1 0.718977 0.087807 0.013009 0.000290 0.179917
2 1 0.027525 0.358757 0.464185 0.041012 0.108521
1 1 0.046945 0.461798 0.232697 0.000395 0.258165
1 1 0.050721 0.565922 0.288500 0.000476 0.094382
1 1 0.048890 0.524076 0.288060 0.000825 0.138149
1 2 0.018258 0.491317 0.360801 0.000059 0.129565
1 2 0.125175 0.603188 0.169387 0.000066 0.102184
2 2 0.007759 0.389439 0.597202 0.000762 0.004838
2 2 0.003762 0.168317 0.772140 0.046527 0.009253
2 2 0.003961 0.137615 0.823689 0.020426 0.014309
2 2 0.003752 0.143890 0.790370 0.045754 0.016235
2 2 0.004157 0.278403 0.711817 0.000933 0.004690
2 2 0.003077 0.263783 0.728109 0.000209 0.004822
2 2 0.028186 0.354424 0.544258 0.030358 0.042774
1 2 0.089298 0.529565 0.286387 0.000710 0.094040
2 2 0.005298 0.204641 0.768172 0.004552 0.017336
2 2 0.042647 0.219129 0.700878 0.029615 0.007730
2 2 0.011815 0.307145 0.653423 0.001714 0.025902
2 2 0.006111 0.185950 0.774614 0.006872 0.026452
2 2 0.001494 0.080005 0.842307 0.063153 0.013041
2 2 0.000024 0.013978 0.915788 0.069863 0.000347
2 2 0.000831 0.094492 0.882136 0.019538 0.003003
2 2 0.000345 0.044371 0.913872 0.038455 0.002957
2 2 0.007018 0.157282 0.732918 0.079664 0.023118
2 2 0.000183 0.022818 0.771554 0.204370 0.001074
2 3 0.000042 0.017164 0.930998 0.051114 0.000683
2 3 0.000151 0.035269 0.909837 0.053518 0.001224
2 3 0.000642 0.094547 0.884793 0.018295 0.001724
2 3 0.002049 0.140600 0.839610 0.013606 0.004135
2 3 0.036635 0.195751 0.507225 0.236201 0.024188
2 3 0.000537 0.067104 0.897113 0.033896 0.001350
2 3 0.000229 0.038971 0.852950 0.106134 0.001716
2 3 0.002623 0.102809 0.679021 0.205056 0.010490
2 3 0.001023 0.078301 0.830030 0.087302 0.003345
2 3 0.004588 0.092823 0.572877 0.312814 0.016898
2 3 0.000176 0.011388 0.551610 0.436172 0.000654
3 3 0.019667 0.029988 0.348049 0.601263 0.001034
2 3 0.000031 0.011530 0.773307 0.214506 0.000626
2 3 0.002465 0.066903 0.713579 0.213506 0.003548
3 3 0.000057 0.006054 0.267064 0.725358 0.001466
3 3 0.000325 0.002212 0.094026 0.903159 0.000278
3 3 0.001265 0.010443 0.146088 0.839703 0.002502
2 3 0.010853 0.053198 0.552966 0.381029 0.001955
2 3 0.001636 0.065325 0.841247 0.088919 0.002872
2 3 0.003171 0.060772 0.539615 0.390070 0.006372
3 3 0.000137 0.001332 0.069421 0.928875 0.000234
3 3 0.000058 0.000823 0.062910 0.936063 0.000145
2 3 0.008961 0.083731 0.510511 0.388798 0.007999
3 3 0.002800 0.005354 0.090611 0.900557 0.000679
3 3 0.000190 0.001529 0.069646 0.928368 0.000267
3 3 0.001209 0.015273 0.289331 0.692424 0.001764
3 3 0.001318 0.012884 0.258681 0.725744 0.001374
2 3 0.000791 0.025705 0.621658 0.350551 0.001295
2 3 0.005798 0.101234 0.559594 0.321025 0.012350
3 3 0.000697 0.020951 0.426754 0.549257 0.002341
3 3 0.000288 0.001611 0.088278 0.909670 0.000153
3 3 0.000069 0.003562 0.242149 0.753797 0.000424
3 3 0.000382 0.002086 0.047188 0.949610 0.000734
3 3 0.004491 0.007720 0.066270 0.919346 0.002172
3 3 0.000105 0.005367 0.147636 0.844589 0.002304
3 3 0.000007 0.000281 0.028563 0.970999 0.000149
3 3 0.000013 0.000260 0.035268 0.964401 0.000058
2 3 0.000046 0.004289 0.594742 0.400813 0.000110
3 3 0.000037 0.000906 0.117820 0.881156 0.000080
3 3 0.000491 0.001530 0.128891 0.869040 0.000048
3 3 0.001622 0.020936 0.315427 0.659355 0.002660
3 3 0.000668 0.009602 0.287705 0.701200 0.000825
3 3 0.002616 0.012193 0.356648 0.628148 0.000395
3 3 0.000042 0.000309 0.029175 0.970414 0.000060
3 3 0.003071 0.024386 0.270846 0.698175 0.003523
3 3 0.000152 0.001477 0.045150 0.952618 0.000603
2 3 0.000044 0.006140 0.735676 0.258007 0.000133
2 3 0.000127 0.017747 0.746346 0.234918 0.000862
2 3 0.001422 0.026246 0.642468 0.329024 0.000840
3 3 0.001013 0.008012 0.332945 0.657733 0.000297
3 3 0.029922 0.066714 0.309915 0.586497 0.006953
3 3 0.000346 0.002646 0.077096 0.919315 0.000597
3 3 0.000006 0.000140 0.137781 0.862071 0.000002
3 3 0.000510 0.002272 0.228038 0.769137 0.000043
3 3 0.001986 0.034438 0.365935 0.591900 0.005742
3 3 0.001584 0.004076 0.066386 0.927093 0.000862
3 3 0.007660 0.008232 0.065427 0.916833 0.001848
3 3 0.000230 0.004212 0.129404 0.865182 0.000972
3 3 0.012229 0.023564 0.240293 0.722229 0.001685
3 3 0.000139 0.006456 0.187448 0.804006 0.001952
3 3 0.001425 0.006845 0.080768 0.908357 0.002604
3 3 0.000719 0.007090 0.093828 0.895297 0.003067
3 3 0.001477 0.006000 0.140975 0.850938 0.000610
2 3 0.001079 0.021765 0.512779 0.463145 0.001232
3 3 0.000457 0.004266 0.141600 0.853129 0.000548
3 3 0.001360 0.019862 0.293169 0.682563 0.003046
3 3 0.000450 0.001534 0.068517 0.929339 0.000159
3 3 0.002093 0.009108 0.219599 0.768603 0.000596
3 3 0.000192 0.000225 0.013938 0.985609 0.000036
3 3 0.002312 0.007050 0.070577 0.917687 0.002375
3 3 0.000316 0.013149 0.370417 0.614420 0.001696
3 3 0.008787 0.011312 0.111994 0.866479 0.001427
3 3 0.001173 0.002924 0.047345 0.947733 0.000825
3 3 0.000662 0.002783 0.060927 0.934951 0.000677
3 3 0.000177 0.003985 0.147807 0.847248 0.000783
3 3 0.010597 0.041573 0.236037 0.704095 0.007698
3 3 0.000195 0.003634 0.231429 0.764492 0.000250
3 3 0.005714 0.008924 0.069113 0.913772 0.002477
3 3 0.003654 0.026807 0.422107 0.545911 0.001521
3 3 0.007794 0.008563 0.063871 0.917669 0.002103
3 3 0.000077 0.000976 0.102350 0.896357 0.000241
3 3 0.000601 0.003024 0.152270 0.843935 0.000170
3 3 0.002207 0.004682 0.055987 0.935796 0.001328
3 3 0.002318 0.009956 0.127468 0.858321 0.001937
3 3 0.003635 0.005840 0.058412 0.930562 0.001551
3 3 0.000285 0.001692 0.096254 0.901620 0.000149
2 3 0.000578 0.030441 0.670629 0.296509 0.001843
2 3 0.010116 0.076062 0.720528 0.191518 0.001776
3 3 0.000193 0.000837 0.060978 0.937918 0.000074
3 3 0.000775 0.002646 0.106656 0.889724 0.000199
3 3 0.002674 0.017314 0.133227 0.840370 0.006416
2 3 0.000061 0.007881 0.600066 0.391586 0.000408
3 3 0.000095 0.002332 0.316451 0.681052 0.000069
3 3 0.000060 0.000715 0.064997 0.934134 0.000095
3 3 0.019456 0.008866 0.055227 0.914818 0.001632
3 0 0.005241 0.005382 0.061828 0.926082 0.001467
4 0 0.139339 0.229617 0.153701 0.002522 0.474821
0 2 0.651841 0.220163 0.049660 0.000209 0.078126
4 2 0.141462 0.107541 0.020416 0.000437 0.730144
0 1 0.414163 0.285254 0.085318 0.001999 0.213266
1 1 0.030228 0.485034 0.267918 0.000131 0.216689
4 0 0.202789 0.301743 0.089708 0.000980 0.404780
1 0 0.205160 0.371553 0.121582 0.000679 0.301026
0 1 0.437646 0.310253 0.126105 0.000855 0.125141
4 1 0.014756 0.242063 0.116927 0.000011 0.626242
4 1 0.030395 0.262965 0.103809 0.000032 0.602799
4 1 0.106236 0.242130 0.074144 0.000814 0.576675
4 1 0.027812 0.315769 0.152814 0.000077 0.503527
4 1 0.130234 0.307613 0.060435 0.000027 0.501691
1 1 0.189624 0.434095 0.086331 0.000064 0.289886
1 1 0.047312 0.591588 0.241659 0.000048 0.119393
1 1 0.039174 0.617589 0.246323 0.000018 0.096897
1 1 0.284177 0.368095 0.090450 0.003020 0.254258
1 1 0.054636 0.488277 0.398403 0.004646 0.054037
1 1 0.072574 0.647364 0.240658 0.000142 0.039262
1 1 0.226308 0.582432 0.074958 0.000002 0.116300
1 2 0.084952 0.685454 0.195215 0.000027 0.034352
1 2 0.025765 0.642323 0.321884 0.000040 0.009988
1 2 0.082738 0.668582 0.213739 0.000067 0.034875
1 2 0.078266 0.546718 0.318577 0.006094 0.050345
1 2 0.072749 0.629599 0.264392 0.000444 0.032816
1 1 0.123323 0.629094 0.196738 0.000017 0.050829
1 1 0.095505 0.625715 0.219958 0.000262 0.058560
1 1 0.087996 0.571395 0.193042 0.000129 0.147438
1 1 0.182997 0.557508 0.146313 0.000368 0.112814
1 1 0.232537 0.485344 0.087828 0.000057 0.194235
1 1 0.096410 0.528344 0.319917 0.000791 0.054537
1 1 0.124561 0.604113 0.171839 0.000126 0.099362
1 1 0.056849 0.542071 0.354937 0.008915 0.037228
1 1 0.337844 0.412601 0.139273 0.003153 0.107129
1 1 0.074752 0.606995 0.281079 0.001181 0.035993
1 1 0.051180 0.649522 0.279646 0.000143 0.019509
1 1 0.082810 0.592069 0.184977 0.000049 0.140095
1 1 0.074287 0.640700 0.194344 0.000023 0.090646
1 1 0.037545 0.593423 0.353656 0.000820 0.014556
1 1 0.020229 0.641277 0.333068 0.000024 0.005402
2 1 0.013355 0.310506 0.648763 0.018948 0.008428
1 1 0.088784 0.605418 0.259551 0.001179 0.045068
1 1 0.022973 0.591017 0.343974 0.000066 0.041969
1 2 0.148935 0.465372 0.106529 0.000064 0.279100
2 1 0.008253 0.273510 0.554757 0.003224 0.160255
1 1 0.299025 0.371980 0.099654 0.004141 0.225201
1 1 0.052520 0.623315 0.294036 0.000323 0.029806
1 1 0.054920 0.641032 0.300060 0.000001 0.003987
1 1 0.040300 0.630146 0.314632 0.000047 0.014875
1 1 0.147988 0.588714 0.146776 0.000087 0.116435
1 1 0.123912 0.616482 0.151314 0.000034 0.108258
1 1 0.200945 0.554537 0.122576 0.000131 0.121811
1 1 0.024462 0.552472 0.408980 0.001075 0.013010
1 1 0.036166 0.655132 0.296733 0.000061 0.011908
1 1 0.255491 0.465241 0.095915 0.000275 0.183078
1 1 0.121570 0.621141 0.106659 0.000001 0.150629
1 1 0.104497 0.496900 0.338125 0.007020 0.053458
1 1 0.061246 0.477750 0.327274 0.016887 0.116843
1 1 0.137790 0.487412 0.147797 0.000436 0.226565
1 1 0.042267 0.458083 0.236110 0.000023 0.263517
1 1 0.130260 0.599338 0.182442 0.000279 0.087680
2 1 0.011959 0.468917 0.506877 0.000138 0.012109
1 1 0.159634 0.675969 0.153421 0.000000 0.010977
2 1 0.004293 0.197000 0.774968 0.017452 0.006287
1 1 0.043376 0.629596 0.255478 0.000032 0.071517
1 1 0.130364 0.704649 0.113446 0.000001 0.051540
1 1 0.062941 0.630499 0.279110 0.000403 0.027046
1 1 0.123449 0.625788 0.187489 0.000196 0.063080
1 1 0.280382 0.476645 0.064799 0.000013 0.178162
1 0 0.272305 0.516866 0.057768 0.000002 0.153060
1 1 0.098404 0.699823 0.174582 0.000006 0.027186
1 1 0.283553 0.476262 0.207173 0.000868 0.032144
2 2 0.023090 0.456562 0.488153 0.001083 0.031112
1 2 0.049837 0.490294 0.281256 0.001397 0.177217
1 2 0.093925 0.571608 0.277354 0.004530 0.052583
2 2 0.032979 0.386234 0.491317 0.056462 0.033009
1 4 0.031083 0.517585 0.222339 0.000015 0.228977
1 4 0.013128 0.501966 0.363077 0.000045 0.121784
4 4 0.010280 0.048353 0.015350 0.000006 0.926011
4 4 0.015557 0.026336 0.006235 0.000015 0.951857
4 4 0.212510 0.022193 0.000923 0.000001 0.764374
4 4 0.301427 0.009294 0.000229 0.000000 0.689049
0 4 0.563225 0.069013 0.010629 0.000215 0.356917
4 4 0.085404 0.028888 0.002572 0.000004 0.883132
4 4 0.037550 0.025205 0.003170 0.000003 0.934071
4 4 0.028125 0.012109 0.001069 0.000000 0.958696
4 4 0.133530 0.042592 0.005116 0.000017 0.818745
4 4 0.258829 0.019157 0.001473 0.000001 0.720539
4 4 0.176038 0.036209 0.004197 0.000010 0.783546
4 4 0.236778 0.080623 0.008953 0.000098 0.673547
4 4 0.046837 0.016420 0.001348 0.000001 0.935395
4 4 0.033197 0.017668 0.001901 0.000001 0.947232
4 4 0.292392 0.105172 0.020426 0.000219 0.581791
4 4 0.161442 0.367670 0.076552 0.000069 0.394267
4 4 0.049604 0.076285 0.020690 0.000281 0.853139
4 4 0.114132 0.047680 0.007215 0.000032 0.830942
4 4 0.216754 0.143340 0.092415 0.007751 0.539739
4 4 0.325185 0.185111 0.025434 0.000239 0.464032
4 4 0.002375 0.003763 0.000613 0.000000 0.993249
4 4 0.003829 0.005155 0.000800 0.000000 0.990216
4 4 0.297504 0.019664 0.000618 0.000000 0.682214
4 4 0.198275 0.033513 0.001380 0.000000 0.766832
4 4 0.080812 0.048908 0.006865 0.000031 0.863384
4 4 0.044743 0.240661 0.103300 0.000388 0.610908
4 4 0.007807 0.004849 0.000460 0.000000 0.986884
4 4 0.062918 0.027236 0.002789 0.000004 0.907053
4 4 0.004043 0.266842 0.301478 0.000054 0.427582
4 4 0.011877 0.044510 0.015351 0.000026 0.928235
4 4 0.015020 0.021778 0.005943 0.000011 0.957248
4 4 0.182687 0.042494 0.003267 0.000009 0.771543
4 4 0.236587 0.034943 0.004452 0.000011 0.724006
4 4 0.105399 0.017389 0.001164 0.000001 0.876047
4 4 0.060951 0.035000 0.004465 0.000011 0.899573
4 4 0.018913 0.103266 0.023964 0.000001 0.853857
4 4 0.022186 0.149076 0.038146 0.000001 0.790591
4 4 0.010445 0.060613 0.019563 0.000004 0.909375
4 2 0.009208 0.015396 0.002399 0.000000 0.972997
4 2 0.022768 0.046390 0.006523 0.000000 0.924320
1 2 0.132326 0.517424 0.097595 0.000006 0.252649
4 2 0.186584 0.367888 0.048751 0.000003 0.396774
4 2 0.145542 0.366625 0.068107 0.000018 0.419710
1 2 0.161125 0.418916 0.092850 0.000085 0.327024
4 2 0.021690 0.282537 0.143268 0.000054 0.552451
4 2 0.020168 0.366507 0.163933 0.000008 0.449384
1 2 0.033184 0.524857 0.268823 0.000089 0.173047
1 2 0.088289 0.492033 0.245784 0.004581 0.169313
1 2 0.049761 0.430334 0.342239 0.030418 0.147249
2 2 0.009890 0.278757 0.578429 0.017984 0.114940
1 2 0.027748 0.579342 0.299299 0.000043 0.093567
1 2 0.120194 0.597249 0.215341 0.000891 0.066325
2 2 0.000747 0.344581 0.626883 0.000003 0.027785
1 2 0.005265 0.513586 0.417823 0.000003 0.063323
1 2 0.066884 0.536565 0.290944 0.000082 0.105525
2 2 0.002647 0.143482 0.843869 0.001167 0.008835
2 2 0.000417 0.206287 0.787238 0.000026 0.006031
2 2 0.000478 0.107873 0.854445 0.000192 0.037012
2 2 0.007376 0.268560 0.579058 0.000360 0.144646
2 2 0.121258 0.312249 0.438518 0.002197 0.125778
2 2 0.000704 0.194037 0.776088 0.000010 0.029162
2 2 0.003237 0.158368 0.832284 0.000086 0.006025
4 2 0.009181 0.097657 0.175686 0.000583 0.716893
2 2 0.008648 0.421402 0.463244 0.000307 0.106399
1 2 0.078864 0.409811 0.202166 0.000056 0.309103
2 2 0.018449 0.277597 0.606928 0.000048 0.096978
2 2 0.000944 0.141241 0.722153 0.000131 0.135531
2 2 0.010795 0.310765 0.588364 0.000104 0.089972
1 2 0.214118 0.486603 0.227314 0.000011 0.071954
1 2 0.095964 0.531749 0.129508 0.000013 0.242766
1 2 0.058759 0.571236 0.228086 0.000100 0.141820
2 2 0.003151 0.289421 0.655999 0.000182 0.051246
1 2 0.116784 0.653074 0.175306 0.000059 0.054776
1 2 0.218838 0.535001 0.109584 0.000105 0.136472
1 2 0.127675 0.589779 0.209116 0.000997 0.072432
1 2 0.020930 0.483459 0.428775 0.000173 0.066663
1 0 0.051000 0.604500 0.331278 0.000331 0.012891
1 2 0.404904 0.526121 0.036541 0.000000 0.032434
4 0 0.089611 0.116545 0.031139 0.000892 0.761813
4 1 0.065384 0.108513 0.022011 0.000031 0.804061
1 1 0.094682 0.481102 0.107807 0.000007 0.316402
1 1 0.049867 0.710048 0.213766 0.000005 0.026314
1 1 0.023837 0.563902 0.399058 0.000641 0.012562
1 1 0.039401 0.716731 0.238615 0.000001 0.005252
1 1 0.027393 0.434311 0.237142 0.000097 0.301058
4 1 0.034919 0.278752 0.084320 0.000005 0.602003
1 1 0.052305 0.595281 0.281931 0.000283 0.070200
1 1 0.153501 0.546770 0.140263 0.000141 0.159324
1 2 0.045478 0.550684 0.376859 0.005996 0.020983
1 0 0.180537 0.504576 0.154928 0.001476 0.158483
1 1 0.063770 0.612483 0.258425 0.000233 0.065089
1 1 0.093152 0.685031 0.178578 0.000018 0.043220
1 1 0.105341 0.567518 0.211989 0.000104 0.115047
1 1 0.260432 0.507526 0.125892 0.000246 0.105904
1 1 0.052081 0.616368 0.272518 0.000153 0.058880
1 1 0.196425 0.362887 0.084879 0.000422 0.355387
1 1 0.054692 0.641698 0.259389 0.000088 0.044132
1 2 0.087128 0.611073 0.151898 0.000008 0.149894
1 1 0.069984 0.484996 0.145881 0.000024 0.299114
1 1 0.133510 0.418895 0.097295 0.000057 0.350244
0 0 0.550227 0.297032 0.038504 0.000006 0.114230
0 0 0.480011 0.298033 0.060959 0.000017 0.160979
1 1 0.359229 0.426244 0.096271 0.000213 0.118043
1 2 0.062642 0.406779 0.161002 0.000221 0.369357
4 2 0.135922 0.370896 0.117432 0.001047 0.374702
4 2 0.071605 0.225177 0.089619 0.001681 0.611918
1 2 0.074956 0.427367 0.149612 0.000149 0.347915
1 2 0.037525 0.553256 0.273875 0.000104 0.135239
1 2 0.073106 0.509031 0.128866 0.000006 0.288990
1 2 0.017707 0.505181 0.414509 0.000082 0.062522
1 2 0.079902 0.517142 0.203065 0.000354 0.199538
1 2 0.077282 0.533704 0.285839 0.004523 0.098652
2 2 0.008366 0.422059 0.542415 0.000442 0.026719
2 2 0.016194 0.450666 0.518558 0.000745 0.013837
2 2 0.023300 0.422166 0.526724 0.006846 0.020965
1 2 0.113954 0.605715 0.213443 0.000376 0.066512
1 2 0.037411 0.554869 0.387058 0.000797 0.019865
1 2 0.052288 0.468809 0.406429 0.001811 0.070663
1 1 0.032394 0.651166 0.277330 0.000016 0.039093
1 1 0.032637 0.614170 0.340875 0.000230 0.012088
1 1 0.122187 0.670018 0.153229 0.000018 0.054548
1 2 0.015114 0.539301 0.439453 0.000131 0.006002
1 2 0.157983 0.542889 0.193408 0.002740 0.102981
1 2 0.057533 0.618967 0.297530 0.000512 0.025459
1 2 0.247770 0.470394 0.103256 0.000398 0.178182
1 2 0.198151 0.562711 0.121513 0.000099 0.117527
2 2 0.003884 0.304510 0.665165 0.000717 0.025724
2 2 0.001420 0.176494 0.815604 0.001528 0.004954
1 2 0.052320 0.644752 0.282403 0.000181 0.020344
1 1 0.245318 0.519712 0.084607 0.000027 0.150336
1 1 0.100393 0.668420 0.186962 0.000045 0.044180
1 2 0.214222 0.488320 0.123354 0.000635 0.173470
2 2 0.004421 0.482884 0.501062 0.000001 0.011632
2 2 0.009551 0.350752 0.610678 0.000549 0.028470
1 2 0.097628 0.616316 0.177607 0.000048 0.108401
1 2 0.141723 0.636271 0.151511 0.000048 0.070448
1 2 0.043990 0.519601 0.374437 0.004069 0.057903
2 2 0.005752 0.275115 0.708584 0.002521 0.008027
1 2 0.136147 0.438694 0.119229 0.000205 0.305725
1 2 0.232197 0.470813 0.123072 0.001286 0.172632
1 1 0.076094 0.600482 0.221402 0.000144 0.101878
2 2 0.004930 0.412775 0.550749 0.000045 0.031501
1 2 0.061437 0.599860 0.271620 0.000354 0.066729
1 2 0.029691 0.657108 0.197804 0.000000 0.115397
0 0 0.926400 0.038396 0.011476 0.001034 0.022693
0 0 0.913144 0.070871 0.012612 0.000000 0.003373
1 1 0.267848 0.500459 0.127120 0.000287 0.104286
2 0 0.011229 0.365816 0.521744 0.000292 0.100919
1 1 0.373029 0.400508 0.062121 0.000035 0.164308
1 0 0.159543 0.468396 0.099038 0.000043 0.272980
0 1 0.421371 0.361504 0.087945 0.000570 0.128609
0 1 0.678806 0.176884 0.035556 0.000277 0.108475
1 1 0.169288 0.492253 0.153616 0.000126 0.184718
0 1 0.371356 0.352382 0.159074 0.020156 0.097032
1 1 0.317696 0.436432 0.150498 0.000025 0.095348
4 1 0.076367 0.193888 0.053882 0.000014 0.675849
1 1 0.013868 0.499748 0.352568 0.000045 0.133771
1 1 0.021158 0.505285 0.366378 0.000322 0.106857
1 1 0.231449 0.575698 0.124649 0.000001 0.068203
1 1 0.068067 0.531066 0.121646 0.000002 0.279219
1 1 0.032245 0.575782 0.336084 0.000261 0.055628
1 1 0.052195 0.676593 0.196471 0.000004 0.074737
0 1 0.531438 0.236737 0.037793 0.000139 0.193893
1 1 0.316938 0.355077 0.054034 0.000100 0.273851
1 1 0.072785 0.605560 0.235645 0.000193 0.085817
1 1 0.029611 0.716094 0.238635 0.000002 0.015659
1 1 0.183837 0.477976 0.143827 0.001463 0.192897
1 1 0.101581 0.642866 0.173729 0.000033 0.081792
1 4 0.296825 0.340448 0.081277 0.003416 0.278034
1 1 0.060378 0.580555 0.324879 0.002762 0.031426
1 1 0.192948 0.522721 0.152536 0.001234 0.130562
1 1 0.125125 0.661530 0.155883 0.000026 0.057437
1 1 0.028534 0.627938 0.334314 0.000107 0.009106
1 1 0.181955 0.512396 0.174180 0.003603 0.127866
1 1 0.051520 0.604169 0.262588 0.000121 0.081603
0 1 0.617861 0.179618 0.038799 0.001197 0.162525
1 1 0.123435 0.571809 0.229073 0.002560 0.073123
1 1 0.176288 0.538158 0.168338 0.001452 0.115764
1 1 0.267343 0.494442 0.232754 0.000020 0.005442
1 1 0.185023 0.543425 0.262292 0.000073 0.009187
4 1 0.033620 0.318358 0.164408 0.000280 0.483334
1 1 0.207370 0.396059 0.085109 0.000149 0.311312
1 1 0.093350 0.644232 0.171513 0.000020 0.090885
1 1 0.137627 0.678999 0.168147 0.000001 0.015225
2 1 0.017599 0.454596 0.508530 0.002811 0.016464
1 1 0.038336 0.533957 0.305580 0.000425 0.121702
1 0 0.136518 0.589129 0.145324 0.000056 0.128973
1 0 0.211485 0.577118 0.120006 0.000040 0.091352
0 1 0.482905 0.398808 0.068067 0.000004 0.050216
1 1 0.237631 0.610078 0.120472 0.000002 0.031817
1 1 0.114420 0.495826 0.147283 0.000162 0.242310
4 1 0.170726 0.341580 0.049514 0.000005 0.438175
0 1 0.529412 0.275262 0.100405 0.006389 0.088533
1 1 0.229620 0.430484 0.321957 0.005230 0.012709
1 1 0.074613 0.597293 0.254966 0.000500 0.072628
1 1 0.148977 0.550585 0.202640 0.002786 0.095012
1 1 0.326694 0.443821 0.115928 0.000511 0.113046
1 1 0.150668 0.582915 0.201589 0.000639 0.064189
1 1 0.091515 0.670597 0.123861 0.000001 0.114027
1 1 0.056510 0.678365 0.229853 0.000022 0.035249
1 1 0.281024 0.513951 0.118572 0.000040 0.086413
1 1 0.020593 0.617953 0.312175 0.000011 0.049268
1 1 0.140342 0.463477 0.370629 0.010738 0.014814
1 1 0.155183 0.626752 0.139071 0.000039 0.078955
1 2 0.057229 0.565867 0.318750 0.002081 0.056073
1 2 0.016210 0.602986 0.346283 0.000015 0.034507
1 2 0.033498 0.512310 0.367014 0.001944 0.085234
1 2 0.027037 0.398859 0.259394 0.000157 0.314553
1 2 0.032834 0.554142 0.306817 0.000164 0.106043
1 2 0.021544 0.533061 0.431798 0.000331 0.013266
1 2 0.067405 0.562563 0.311689 0.000347 0.057996
1 2 0.088736 0.564676 0.194342 0.000158 0.152088
1 2 0.054958 0.689749 0.235457 0.000024 0.019811
1 2 0.046280 0.606244 0.327836 0.000748 0.018893
1 2 0.030857 0.622417 0.336253 0.000163 0.010308
1 2 0.041801 0.614524 0.315699 0.000023 0.027952
1 2 0.153577 0.378515 0.205121 0.009797 0.252991
1 2 0.162472 0.533984 0.213478 0.004157 0.085909
2 1 0.015905 0.073648 0.574338 0.286556 0.049553
2 2 0.044571 0.173475 0.638050 0.121112 0.022793
1 2 0.069709 0.558958 0.327068 0.007492 0.036773
0 2 0.417853 0.318297 0.248825 0.004910 0.010116
3 1 0.350871 0.018097 0.167060 0.463129 0.000843
3 2 0.038675 0.024658 0.094725 0.836850 0.005092
0 2 0.670385 0.163458 0.117313 0.032139 0.016705
0 2 0.658552 0.168976 0.103115 0.039280 0.030077
1 1 0.052706 0.456525 0.424002 0.012741 0.054026
1 2 0.270633 0.443131 0.201949 0.010053 0.074233
2 2 0.338247 0.261549 0.339249 0.055730 0.005224
1 2 0.057660 0.501491 0.428621 0.003809 0.008419
2 2 0.050065 0.072221 0.830478 0.046704 0.000532
3 2 0.130070 0.119582 0.193904 0.529833 0.026611
3 2 0.091136 0.022230 0.400717 0.485502 0.000415
0 2 0.814233 0.049764 0.095742 0.031080 0.009182
3 2 0.115731 0.029607 0.394575 0.459231 0.000856
0 2 0.908547 0.017034 0.050793 0.022657 0.000968
2 2 0.066660 0.172746 0.749876 0.008288 0.002429
0 2 0.770292 0.129445 0.084193 0.006244 0.009825
3 2 0.105926 0.090292 0.302205 0.445555 0.056021
2 2 0.020807 0.282766 0.655498 0.024678 0.016251
0 2 0.749570 0.078522 0.105148 0.035537 0.031223
2 2 0.123991 0.181356 0.543665 0.128306 0.022682
0 2 0.639581 0.224043 0.075821 0.001885 0.058669
0 2 0.741050 0.168449 0.047599 0.000363 0.042540
2 2 0.009768 0.327759 0.656942 0.001748 0.003782
2 2 0.211750 0.307628 0.355170 0.058056 0.067396
1 2 0.187781 0.514559 0.240890 0.001967 0.054803
0 2 0.534269 0.270368 0.187748 0.001207 0.006408
1 2 0.156159 0.506047 0.307823 0.004549 0.025422
1 2 0.217665 0.554064 0.183246 0.000214 0.044811
2 2 0.033813 0.122084 0.756187 0.083534 0.004382
0 0 0.617146 0.137523 0.207155 0.024809 0.013368
4 0 0.373923 0.209328 0.026917 0.000185 0.389646
0 0 0.924246 0.049226 0.025113 0.000040 0.001376
0 0 0.806719 0.085376 0.031485 0.015606 0.060813
0 0 0.680284 0.099579 0.024081 0.002508 0.193548
0 1 0.463973 0.100026 0.032865 0.001434 0.401702
0 1 0.786139 0.127489 0.033233 0.000510 0.052629
0 1 0.312325 0.207360 0.168891 0.128796 0.182628
3 1 0.261252 0.039072 0.160938 0.521628 0.017110
2 1 0.040713 0.306756 0.504934 0.015205 0.132392
2 1 0.014168 0.090090 0.522804 0.344509 0.028430
1 1 0.150128 0.395740 0.173689 0.005677 0.274767
1 2 0.281179 0.420312 0.096560 0.000874 0.201075
1 1 0.150695 0.518969 0.170578 0.001149 0.158609
1 0 0.198774 0.468698 0.247316 0.005830 0.079382
0 1 0.645866 0.216515 0.063970 0.000879 0.072770
0 1 0.786599 0.097035 0.025422 0.001395 0.089549
