0 0 0.878723 0.040888 0.037017 0.005002 0.038370
0 0 0.991801 0.003875 0.002332 0.000041 0.001951
0 0 0.990283 0.004060 0.002261 0.000029 0.003367
0 0 0.993873 0.002872 0.001585 0.000019 0.001651
0 0 0.893237 0.036900 0.032884 0.004093 0.032887
0 0 0.992382 0.003627 0.002159 0.000036 0.001797
0 0 0.983801 0.004598 0.001784 0.000007 0.009810
0 0 0.906317 0.031086 0.025604 0.002240 0.034753
0 0 0.994145 0.002860 0.001636 0.000022 0.001337
0 0 0.947672 0.020035 0.015971 0.001139 0.015183
0 0 0.945376 0.020639 0.016427 0.001169 0.016389
4 0 0.309254 0.084744 0.086410 0.016030 0.503562
0 0 0.999911 0.000060 0.000018 0.000000 0.000011
0 0 0.976541 0.011578 0.005508 0.000069 0.006303
0 0 0.929186 0.026018 0.021733 0.001958 0.021105
0 0 0.997174 0.001477 0.000756 0.000006 0.000588
0 0 0.961435 0.015354 0.011680 0.000660 0.010871
4 1 0.046799 0.072675 0.028368 0.000653 0.851505
4 1 0.008808 0.381190 0.053798 0.000274 0.555929
4 1 0.007651 0.107119 0.023364 0.000160 0.861705
4 1 0.009389 0.150883 0.082945 0.001800 0.754983
4 1 0.002615 0.052483 0.017132 0.000111 0.927659
4 4 0.044372 0.154537 0.071666 0.004470 0.724955
4 4 0.052675 0.034761 0.030695 0.005463 0.876406
4 4 0.005678 0.066397 0.040005 0.001513 0.886406
4 4 0.017783 0.071110 0.058013 0.003399 0.849696
4 4 0.004976 0.030039 0.024015 0.000073 0.940897
4 4 0.013197 0.146486 0.070717 0.000657 0.768943
4 4 0.093515 0.054710 0.041982 0.005145 0.804648
4 4 0.017199 0.092960 0.032565 0.000812 0.856464
4 4 0.014796 0.048479 0.018716 0.000500 0.917509
4 4 0.008599 0.019746 0.007985 0.000181 0.963490
4 4 0.033263 0.022255 0.018051 0.002265 0.924167
4 4 0.007590 0.010554 0.005077 0.000144 0.976635
4 4 0.010828 0.012141 0.006717 0.000278 0.970035
4 4 0.015695 0.018295 0.006303 0.000067 0.959639
4 4 0.026719 0.017990 0.014033 0.001499 0.939759
4 4 0.019795 0.013442 0.009949 0.000856 0.955958
4 4 0.015698 0.066077 0.051242 0.003361 0.863622
4 4 0.001075 0.084579 0.057132 0.000044 0.857171
4 4 0.027659 0.181668 0.061136 0.001854 0.727682
4 4 0.010285 0.074074 0.194207 0.005644 0.715791
4 4 0.025915 0.077750 0.034225 0.001465 0.860645
4 4 0.005283 0.318978 0.193546 0.000290 0.481903
4 4 0.002195 0.357143 0.028638 0.000031 0.611992
2 4 0.000842 0.333950 0.337042 0.000221 0.327944
1 4 0.007635 0.448745 0.436022 0.005869 0.101730
2 4 0.012181 0.249200 0.554062 0.004201 0.180356
0 4 0.573795 0.070782 0.060719 0.007545 0.287159
0 0 0.991471 0.004015 0.002431 0.000044 0.002039
0 0 0.976651 0.009869 0.006957 0.000269 0.006255
0 0 0.999611 0.000233 0.000085 0.000000 0.000072
0 0 0.994873 0.002536 0.001422 0.000017 0.001152
0 0 0.970525 0.012124 0.008854 0.000408 0.008089
0 0 0.972125 0.011542 0.008358 0.000369 0.007606
0 0 0.999886 0.000076 0.000024 0.000000 0.000015
0 0 0.999270 0.000426 0.000177 0.000000 0.000126
0 0 0.996187 0.001506 0.000648 0.000002 0.001657
0 0 0.998994 0.000573 0.000251 0.000001 0.000181
0 0 0.621531 0.056325 0.043852 0.003491 0.274800
4 0 0.093858 0.177310 0.121090 0.021130 0.586612
1 0 0.074114 0.396886 0.191924 0.022281 0.314795
4 0 0.293153 0.030767 0.019050 0.000600 0.656430
4 1 0.337308 0.064632 0.050700 0.004907 0.542453
4 1 0.033536 0.214044 0.075955 0.002807 0.673658
1 1 0.123681 0.461921 0.214767 0.022204 0.177427
0 1 0.531346 0.083346 0.029874 0.000276 0.355157
4 1 0.026878 0.134513 0.049481 0.001661 0.787467
3 1 0.153475 0.163356 0.231322 0.255553 0.196294
1 1 0.011451 0.520635 0.304668 0.005380 0.157866
2 1 0.008695 0.215172 0.657755 0.045046 0.073333
2 1 0.010590 0.222926 0.518104 0.027814 0.220566
2 1 0.001402 0.362651 0.437614 0.001687 0.196646
2 1 0.001117 0.090470 0.809589 0.005485 0.093339
2 1 0.000005 0.002523 0.984048 0.013310 0.000115
2 1 0.000009 0.004051 0.986869 0.008980 0.000091
2 1 0.000665 0.037490 0.937102 0.003914 0.020829
2 2 0.000075 0.001367 0.968868 0.029482 0.000209
2 2 0.007879 0.313139 0.630989 0.002215 0.045778
2 2 0.002404 0.174841 0.807595 0.002374 0.012787
2 2 0.000220 0.052819 0.925035 0.017878 0.004048
2 2 0.000545 0.024991 0.919923 0.052613 0.001927
2 2 0.000002 0.001927 0.800113 0.197936 0.000022
3 2 0.000003 0.001243 0.424382 0.574335 0.000038
2 2 0.000438 0.213665 0.737108 0.019903 0.028886
2 2 0.000037 0.010810 0.936319 0.052289 0.000545
2 2 0.000001 0.002088 0.902310 0.095554 0.000047
2 3 0.000000 0.000774 0.769306 0.229916 0.000003
2 3 0.000000 0.000669 0.908022 0.091294 0.000015
2 3 0.000130 0.019064 0.828084 0.151228 0.001494
3 3 0.000000 0.000262 0.054744 0.944946 0.000047
3 3 0.000015 0.005452 0.286514 0.707225 0.000794
3 3 0.000019 0.000898 0.078403 0.919633 0.001047
3 3 0.000023 0.001051 0.122721 0.876034 0.000171
3 3 0.000002 0.000301 0.087968 0.911708 0.000020
3 3 0.000010 0.002667 0.144759 0.852458 0.000106
3 3 0.000000 0.000101 0.117663 0.882234 0.000002
3 3 0.000006 0.000169 0.034438 0.965349 0.000038
2 3 0.000010 0.018702 0.623188 0.352809 0.005289
3 3 0.000032 0.000507 0.033441 0.965909 0.000111
3 3 0.000006 0.000194 0.010642 0.989045 0.000112
3 3 0.000187 0.001907 0.032996 0.963160 0.001750
3 3 0.000000 0.000011 0.006213 0.993775 0.000001
3 3 0.000001 0.000052 0.007594 0.992349 0.000004
3 3 0.000000 0.000032 0.021105 0.978862 0.000001
3 3 0.000000 0.000024 0.008959 0.991014 0.000002
3 3 0.000023 0.000278 0.008688 0.990958 0.000053
3 3 0.000000 0.000089 0.014880 0.985021 0.000010
3 3 0.000001 0.000111 0.005971 0.993899 0.000017
3 3 0.000001 0.000217 0.008458 0.991319 0.000005
3 3 0.000000 0.000001 0.002354 0.997644 0.000000
3 3 0.000000 0.000004 0.002161 0.997835 0.000000
3 3 0.000000 0.000013 0.004588 0.995394 0.000005
3 3 0.000000 0.000008 0.002853 0.997139 0.000000
3 3 0.000000 0.000012 0.001254 0.998733 0.000001
3 3 0.000000 0.000017 0.001677 0.998305 0.000001
3 3 0.000000 0.000039 0.016440 0.983517 0.000004
3 3 0.000003 0.000039 0.003577 0.996378 0.000002
3 3 0.000000 0.000522 0.074937 0.924519 0.000022
3 3 0.000000 0.000000 0.000852 0.999148 0.000000
3 3 0.000001 0.000035 0.002735 0.997222 0.000007
3 3 0.000006 0.000072 0.005364 0.994552 0.000006
3 3 0.000000 0.000043 0.002869 0.997086 0.000002
3 3 0.000001 0.000022 0.002273 0.997703 0.000002
3 3 0.000001 0.000027 0.002248 0.997721 0.000004
3 3 0.000003 0.000075 0.004318 0.995593 0.000010
3 3 0.000003 0.000138 0.006140 0.993702 0.000017
3 3 0.000002 0.000074 0.004672 0.995225 0.000027
3 3 0.000000 0.000056 0.010628 0.989303 0.000013
3 3 0.000000 0.000007 0.001331 0.998662 0.000000
3 3 0.000000 0.000002 0.003484 0.996515 0.000000
3 3 0.000000 0.000007 0.000946 0.999046 0.000001
3 3 0.000000 0.000012 0.001929 0.998059 0.000001
3 3 0.000000 0.000000 0.000123 0.999877 0.000000
3 3 0.000000 0.000006 0.000862 0.999133 0.000000
3 3 0.000000 0.000001 0.000585 0.999415 0.000000
3 3 0.000000 0.000018 0.002252 0.997729 0.000000
3 3 0.000001 0.000039 0.002882 0.997071 0.000008
3 3 0.000000 0.000011 0.001582 0.998404 0.000003
3 3 0.000005 0.000299 0.010281 0.989377 0.000038
3 3 0.000000 0.000006 0.001630 0.998364 0.000000
3 3 0.000000 0.000014 0.002691 0.997295 0.000001
3 3 0.000000 0.000004 0.002975 0.997021 0.000000
3 3 0.000000 0.000022 0.002255 0.997721 0.000003
3 3 0.000000 0.000003 0.000493 0.999504 0.000000
3 3 0.000000 0.000000 0.000995 0.999005 0.000000
3 3 0.000000 0.000000 0.000162 0.999838 0.000000
3 3 0.000000 0.000004 0.001419 0.998577 0.000000
3 3 0.000000 0.000000 0.001766 0.998234 0.000000
3 3 0.000000 0.000014 0.011706 0.988278 0.000001
3 3 0.000000 0.000018 0.001943 0.998039 0.000000
3 3 0.000090 0.000775 0.015238 0.983693 0.000204
3 3 0.000001 0.000025 0.001962 0.998010 0.000002
3 3 0.000002 0.001125 0.026143 0.972702 0.000028
3 3 0.000000 0.000001 0.000211 0.999789 0.000000
3 3 0.000000 0.000011 0.001172 0.998817 0.000001
3 3 0.000000 0.000011 0.001420 0.998567 0.000001
3 3 0.000000 0.000009 0.002128 0.997862 0.000000
3 3 0.000000 0.000004 0.000610 0.999386 0.000000
3 3 0.000000 0.000000 0.000259 0.999741 0.000000
3 3 0.000000 0.000029 0.002854 0.997113 0.000004
3 3 0.000000 0.000007 0.000979 0.999013 0.000000
3 3 0.000000 0.000005 0.000777 0.999217 0.000000
3 3 0.000005 0.000145 0.005777 0.994057 0.000016
3 3 0.000000 0.000000 0.000251 0.999749 0.000000
3 3 0.000000 0.000002 0.000452 0.999546 0.000000
2 3 0.000275 0.050247 0.611925 0.336416 0.001138
2 3 0.007245 0.038528 0.498067 0.445631 0.010529
3 3 0.000953 0.006568 0.134489 0.851396 0.006594
3 3 0.000006 0.000491 0.103659 0.895533 0.000312
3 3 0.015773 0.072494 0.255174 0.532104 0.124455
2 3 0.000196 0.100833 0.750644 0.130668 0.017659
3 2 0.000002 0.000970 0.249644 0.748327 0.001057
4 2 0.002756 0.063611 0.249612 0.155636 0.528386
2 2 0.000255 0.087113 0.528518 0.060765 0.323348
2 2 0.000004 0.001333 0.669469 0.328444 0.000749
4 4 0.001952 0.262522 0.091158 0.001026 0.643341
2 4 0.001551 0.084118 0.670926 0.050782 0.192622
4 4 0.001187 0.041068 0.180304 0.011213 0.766227
4 4 0.002476 0.090651 0.416330 0.016118 0.474426
2 4 0.001326 0.115949 0.624965 0.024721 0.233038
2 4 0.001725 0.217026 0.667741 0.003407 0.110102
2 4 0.000713 0.047260 0.643662 0.239185 0.069180
2 4 0.000807 0.079214 0.561933 0.093967 0.264078
2 4 0.000155 0.086019 0.857259 0.009801 0.046765
2 2 0.001175 0.048057 0.585678 0.177993 0.187097
2 2 0.000096 0.073505 0.875501 0.010242 0.040657
2 2 0.002925 0.044825 0.692509 0.180796 0.078945
4 2 0.005548 0.121104 0.295902 0.147298 0.430148
2 2 0.006411 0.094822 0.466409 0.202932 0.229426
2 2 0.002017 0.142048 0.463652 0.170314 0.221969
2 2 0.001483 0.201028 0.442296 0.001850 0.353343
2 2 0.000007 0.005276 0.870576 0.120801 0.003340
2 2 0.000340 0.168931 0.705725 0.035204 0.089800
2 2 0.000263 0.026254 0.840640 0.109071 0.023772
2 2 0.000268 0.076240 0.897851 0.012522 0.013119
2 2 0.019631 0.254253 0.643948 0.000023 0.082145
2 2 0.000412 0.004552 0.993499 0.000638 0.000899
2 2 0.000078 0.020859 0.925636 0.052040 0.001387
1 2 0.095204 0.540196 0.262786 0.016846 0.084968
2 2 0.003209 0.186822 0.701896 0.084807 0.023266
2 2 0.005822 0.195396 0.725320 0.007075 0.066388
2 2 0.000329 0.072290 0.895000 0.023085 0.009296
2 2 0.000776 0.264557 0.642200 0.006083 0.086385
2 2 0.000003 0.031839 0.967476 0.000472 0.000209
2 2 0.001959 0.182067 0.778304 0.017231 0.020439
1 2 0.000764 0.482416 0.479901 0.001137 0.035782
2 2 0.000055 0.141360 0.857533 0.000298 0.000754
1 2 0.079302 0.745521 0.112877 0.000700 0.061600
2 2 0.001416 0.454006 0.510858 0.014897 0.018823
2 2 0.004746 0.408070 0.533785 0.011002 0.042397
2 2 0.000205 0.134514 0.838188 0.002444 0.024650
2 2 0.008666 0.356135 0.563273 0.007778 0.064147
2 2 0.000756 0.367230 0.594503 0.000859 0.036652
2 2 0.052139 0.198077 0.527977 0.042888 0.178919
2 2 0.008134 0.251860 0.648017 0.009470 0.082519
1 2 0.006656 0.592672 0.331228 0.019239 0.050206
1 2 0.015180 0.736206 0.139942 0.002869 0.105803
2 2 0.000005 0.010401 0.980421 0.009011 0.000162
2 2 0.000001 0.000797 0.831704 0.167448 0.000051
2 2 0.000012 0.018321 0.891690 0.089612 0.000366
2 2 0.000200 0.031010 0.870794 0.095226 0.002769
2 2 0.000136 0.023625 0.771445 0.203737 0.001057
2 2 0.000031 0.006435 0.901381 0.091609 0.000544
2 2 0.000003 0.003992 0.846936 0.148980 0.000090
2 2 0.000013 0.015973 0.971467 0.012081 0.000466
2 2 0.001232 0.036770 0.815941 0.142805 0.003252
1 2 0.113352 0.520353 0.330627 0.000189 0.035479
2 2 0.005259 0.426694 0.519804 0.016019 0.032225
2 2 0.001143 0.095171 0.890489 0.004976 0.008221
2 2 0.000153 0.065429 0.925993 0.004782 0.003643
2 2 0.000165 0.057688 0.921582 0.017635 0.002929
2 2 0.000193 0.159608 0.827782 0.006105 0.006312
2 2 0.000003 0.011003 0.984320 0.004325 0.000349
2 2 0.000027 0.016227 0.926575 0.056521 0.000649
2 2 0.000607 0.016632 0.954111 0.026264 0.002386
3 2 0.000249 0.030507 0.167331 0.800292 0.001621
2 2 0.009832 0.263163 0.468211 0.215628 0.043166
2 2 0.000003 0.002552 0.843168 0.154181 0.000096
2 2 0.000004 0.009603 0.895088 0.095146 0.000158
2 2 0.003962 0.188789 0.677270 0.079120 0.050860
2 2 0.003669 0.116137 0.758927 0.024186 0.097081
2 2 0.000130 0.009510 0.575560 0.413648 0.001152
2 2 0.001163 0.150284 0.803280 0.032215 0.013057
2 2 0.000074 0.057537 0.909531 0.031074 0.001783
2 2 0.000010 0.054595 0.942285 0.002562 0.000548
2 2 0.015686 0.043706 0.849839 0.027955 0.062814
2 2 0.000177 0.115330 0.870725 0.009527 0.004241
2 2 0.000075 0.025194 0.935422 0.035614 0.003695
2 2 0.000155 0.009031 0.965158 0.023180 0.002475
1 2 0.014652 0.596586 0.216923 0.002614 0.169225
2 2 0.034164 0.261923 0.345105 0.019203 0.339606
1 2 0.025334 0.451379 0.379760 0.038711 0.104816
2 2 0.008200 0.119808 0.746401 0.086240 0.039350
2 2 0.000859 0.162308 0.792307 0.006575 0.037951
2 2 0.003132 0.241006 0.616299 0.106277 0.033286
2 2 0.003861 0.432944 0.467381 0.004089 0.091724
2 2 0.000091 0.044321 0.938320 0.013688 0.003581
2 2 0.000118 0.274919 0.718063 0.002587 0.004312
2 2 0.001273 0.106836 0.857185 0.021084 0.013623
2 2 0.003213 0.293274 0.597507 0.001306 0.104700
2 2 0.009624 0.337863 0.576020 0.005297 0.071197
1 2 0.010765 0.464543 0.434484 0.025112 0.065097
2 2 0.008418 0.374560 0.517698 0.048293 0.051031
2 2 0.002278 0.342904 0.615960 0.013426 0.025432
2 2 0.001206 0.109863 0.860571 0.014560 0.013800
2 2 0.000001 0.003077 0.960649 0.036213 0.000060
2 2 0.000006 0.001724 0.680046 0.318148 0.000077
2 2 0.000794 0.246554 0.732530 0.004648 0.015474
2 2 0.024914 0.259204 0.563927 0.055604 0.096351
2 2 0.000023 0.010287 0.978016 0.010341 0.001332
2 2 0.000521 0.074823 0.917515 0.004731 0.002411
2 2 0.005503 0.416856 0.571690 0.000460 0.005491
2 2 0.010247 0.214401 0.744454 0.011425 0.019474
2 2 0.019202 0.394819 0.466811 0.025243 0.093924
2 2 0.037934 0.236476 0.538808 0.066795 0.119987
1 0 0.189964 0.710433 0.068427 0.000085 0.031090
0 0 0.725880 0.190242 0.040798 0.000164 0.042917
2 0 0.012282 0.413325 0.568465 0.000100 0.005829
1 0 0.107565 0.521304 0.344959 0.000061 0.026112
2 1 0.010229 0.388864 0.553974 0.007821 0.039113
1 1 0.007826 0.483674 0.439526 0.009353 0.059621
2 2 0.001832 0.150893 0.779197 0.050868 0.017210
2 2 0.001402 0.196367 0.738125 0.006302 0.057804
2 2 0.001623 0.254499 0.610234 0.099187 0.034457
2 2 0.000931 0.123720 0.836699 0.022615 0.016035
2 2 0.004861 0.188660 0.649453 0.111633 0.045393
2 2 0.006486 0.108936 0.713088 0.128860 0.042629
2 2 0.001577 0.222223 0.733739 0.024883 0.017578
2 2 0.001146 0.120859 0.841864 0.022003 0.014128
2 2 0.002186 0.238068 0.719810 0.007580 0.032356
2 2 0.000734 0.145753 0.833596 0.006387 0.013529
2 2 0.015825 0.230190 0.698826 0.021400 0.033758
2 2 0.001688 0.152380 0.819672 0.006042 0.020218
0 2 0.864540 0.053432 0.040327 0.003646 0.038054
0 0 0.799747 0.085231 0.057712 0.004692 0.052617
1 0 0.064754 0.501209 0.223635 0.026860 0.183542
1 1 0.030115 0.590517 0.238124 0.021030 0.120214
4 1 0.033484 0.319052 0.103668 0.003627 0.540169
2 2 0.007447 0.140318 0.689129 0.133156 0.029949
1 2 0.060206 0.524194 0.301059 0.005657 0.108885
1 2 0.090476 0.418218 0.236569 0.044996 0.209741
1 2 0.033758 0.491222 0.141593 0.005010 0.328417
1 2 0.028045 0.598556 0.315307 0.000778 0.057314
1 2 0.013546 0.525073 0.362854 0.023094 0.075433
2 2 0.010583 0.323661 0.560066 0.005868 0.099823
2 2 0.008518 0.331409 0.446620 0.002271 0.211182
4 2 0.036676 0.152878 0.063935 0.003081 0.743430
1 2 0.011346 0.491258 0.352750 0.002776 0.141871
1 2 0.008801 0.569146 0.269733 0.001470 0.150850
1 2 0.017866 0.587316 0.336851 0.001119 0.056848
0 0 0.747668 0.145952 0.092797 0.000045 0.013538
0 0 0.810479 0.131475 0.035159 0.000245 0.022642
1 0 0.033815 0.575030 0.241532 0.011998 0.137625
4 0 0.067062 0.255024 0.161938 0.014443 0.501533
1 1 0.005243 0.532962 0.176553 0.000335 0.284906
1 1 0.013629 0.665580 0.228895 0.003740 0.088156
2 1 0.033270 0.349339 0.464268 0.020295 0.132828
1 2 0.064119 0.494350 0.133061 0.000012 0.308458
2 2 0.028575 0.240449 0.570788 0.019565 0.140623
2 2 0.003763 0.413622 0.537720 0.004730 0.040165
2 2 0.008748 0.356940 0.488586 0.098514 0.047212
2 2 0.012304 0.126981 0.691563 0.119836 0.049316
1 2 0.006150 0.600111 0.332874 0.002362 0.058503
2 2 0.041280 0.296790 0.564734 0.007582 0.089613
1 2 0.127941 0.596155 0.062877 0.000076 0.212951
0 0 0.958733 0.019728 0.011499 0.000337 0.009703
0 0 0.854168 0.053767 0.044077 0.005059 0.042929
0 0 0.535475 0.322124 0.092415 0.000299 0.049688
0 0 0.995736 0.002086 0.001099 0.000010 0.001069
0 0 0.761693 0.150506 0.050816 0.000732 0.036254
0 0 0.704461 0.142665 0.066702 0.002224 0.083948
1 0 0.228359 0.414633 0.280656 0.001743 0.074608
0 0 0.779816 0.099199 0.088603 0.000849 0.031533
1 0 0.033048 0.552061 0.234618 0.009879 0.170393
1 0 0.042281 0.523836 0.173567 0.009452 0.250863
1 1 0.024113 0.631045 0.203068 0.006328 0.135446
2 2 0.015982 0.328190 0.484548 0.005768 0.165512
2 2 0.003919 0.310200 0.619641 0.034208 0.032032
1 2 0.037766 0.575022 0.229339 0.013370 0.144502
2 2 0.000195 0.063379 0.933994 0.001014 0.001418
2 2 0.004051 0.320114 0.650581 0.004842 0.020413
2 2 0.014216 0.079280 0.869005 0.028031 0.009468
2 2 0.008603 0.111144 0.628138 0.217461 0.034654
2 2 0.001470 0.137097 0.759887 0.093450 0.008097
2 2 0.000869 0.229317 0.745735 0.010905 0.013174
2 2 0.000803 0.041779 0.872185 0.080676 0.004557
2 2 0.000442 0.097878 0.780396 0.115870 0.005414
2 2 0.000108 0.060692 0.914607 0.022195 0.002398
2 2 0.000067 0.049939 0.943638 0.004627 0.001730
2 2 0.003905 0.400909 0.488747 0.077079 0.029359
1 2 0.027711 0.526558 0.363284 0.010930 0.071517
2 2 0.045692 0.313450 0.608785 0.001415 0.030658
1 2 0.013428 0.471884 0.466470 0.013065 0.035153
1 2 0.016052 0.740700 0.148073 0.003578 0.091597
1 2 0.043340 0.441214 0.419779 0.012938 0.082729
2 2 0.000010 0.045460 0.946747 0.006171 0.001611
2 2 0.000267 0.023660 0.941363 0.031327 0.003383
1 2 0.013865 0.545399 0.347977 0.007601 0.085159
0 2 0.370052 0.281578 0.199511 0.026660 0.122199
1 2 0.024022 0.448356 0.325962 0.006994 0.194665
1 2 0.022383 0.762750 0.165302 0.000515 0.049051
0 2 0.896569 0.044724 0.035851 0.000971 0.021884
0 0 0.891201 0.037492 0.033512 0.004234 0.033561
0 0 0.840605 0.051482 0.048985 0.008458 0.050471
0 0 0.997534 0.001304 0.000654 0.000005 0.000504
0 0 0.441254 0.340300 0.117684 0.002907 0.097854
1 2 0.036284 0.397935 0.362443 0.015027 0.188311
4 2 0.017487 0.218519 0.322492 0.010354 0.431148
2 2 0.002355 0.258180 0.619658 0.008310 0.111497
1 2 0.014524 0.488607 0.320921 0.006682 0.169266
2 2 0.006028 0.193534 0.701499 0.028205 0.070734
2 2 0.003102 0.336866 0.355901 0.000516 0.303614
4 2 0.001371 0.189561 0.368187 0.000109 0.440772
4 2 0.044552 0.177788 0.365226 0.000596 0.411838
4 2 0.210200 0.076414 0.308466 0.005804 0.399117
4 4 0.008449 0.034706 0.036198 0.000622 0.920025
4 4 0.013776 0.085231 0.091580 0.000940 0.808474
4 4 0.020641 0.043394 0.020976 0.000930 0.914059
4 4 0.038729 0.093958 0.048209 0.003198 0.815906
4 4 0.127372 0.087315 0.091055 0.034350 0.659908
4 4 0.028135 0.028487 0.019168 0.001654 0.922557
4 4 0.080153 0.148624 0.097981 0.014421 0.658821
4 4 0.055408 0.097909 0.060499 0.006423 0.779761
1 4 0.227826 0.369899 0.170667 0.011695 0.219913
4 4 0.027449 0.203404 0.069526 0.001945 0.697676
1 4 0.023475 0.426710 0.372278 0.008168 0.169368
4 4 0.013774 0.078380 0.027785 0.000638 0.879423
4 4 0.004706 0.310706 0.171234 0.003558 0.509796
4 4 0.005684 0.129418 0.033065 0.000116 0.831716
2 4 0.007647 0.262465 0.507318 0.030522 0.192048
2 4 0.001341 0.048183 0.852605 0.079157 0.018715
4 4 0.035705 0.192765 0.129416 0.004444 0.637669
4 4 0.018309 0.320993 0.163979 0.001796 0.494922
4 1 0.156102 0.107705 0.072175 0.007320 0.656699
0 1 0.621580 0.097747 0.106218 0.036352 0.138104
0 1 0.372694 0.108373 0.114909 0.038788 0.365236
2 1 0.124373 0.263090 0.336844 0.070185 0.205508
0 0 0.982038 0.007819 0.005298 0.000168 0.004678
0 0 0.701246 0.181594 0.066880 0.001360 0.048921
0 0 0.682610 0.120758 0.060180 0.000556 0.135897
0 0 0.468348 0.279522 0.082937 0.000145 0.169047
1 0 0.409969 0.494881 0.064976 0.000003 0.030171
2 0 0.049199 0.422615 0.427103 0.005429 0.095654
0 0 0.889195 0.049535 0.029698 0.001313 0.030259
0 0 0.447848 0.210674 0.117775 0.008337 0.215367
4 0 0.132253 0.262463 0.295479 0.000912 0.308892
1 1 0.010492 0.727307 0.184028 0.002401 0.075771
1 1 0.002381 0.438915 0.208037 0.000099 0.350568
4 1 0.034469 0.282085 0.105089 0.003553 0.574804
1 0 0.119064 0.545789 0.229833 0.003629 0.101685
1 1 0.016529 0.702447 0.215505 0.001330 0.064189
1 1 0.006627 0.778616 0.156382 0.001836 0.056540
4 1 0.070178 0.344157 0.164213 0.016447 0.405006
0 1 0.452858 0.302216 0.133134 0.006318 0.105474
2 1 0.062333 0.240940 0.662042 0.000944 0.033741
1 1 0.020746 0.728826 0.139132 0.001711 0.109585
1 1 0.007314 0.479848 0.444858 0.002840 0.065140
1 1 0.009660 0.884543 0.091159 0.000019 0.014618
2 1 0.010777 0.365580 0.557048 0.003286 0.063309
1 1 0.020945 0.590440 0.271450 0.007078 0.110088
1 1 0.037963 0.610459 0.196054 0.012211 0.143313
2 1 0.002694 0.409025 0.563001 0.008704 0.016576
2 2 0.000157 0.108911 0.886098 0.001198 0.003636
2 2 0.000192 0.067054 0.896786 0.028884 0.007083
2 2 0.016492 0.439347 0.439519 0.012809 0.091834
2 2 0.000073 0.065551 0.917935 0.014841 0.001601
2 2 0.000549 0.124924 0.854137 0.011711 0.008679
2 2 0.008140 0.388894 0.548343 0.003859 0.050765
2 2 0.017337 0.286551 0.651050 0.012203 0.032858
2 2 0.000573 0.144425 0.830244 0.018103 0.006655
2 2 0.010820 0.425559 0.504078 0.002766 0.056778
1 2 0.122180 0.432544 0.396378 0.000716 0.048182
1 2 0.165684 0.497938 0.198487 0.010579 0.127312
0 2 0.969027 0.012665 0.009319 0.000445 0.008543
0 1 0.903651 0.033836 0.029664 0.003402 0.029447
0 0 0.703021 0.161528 0.074032 0.002662 0.058756
0 0 0.714050 0.189036 0.057299 0.000680 0.038935
2 0 0.006383 0.443329 0.526717 0.001459 0.022112
1 1 0.004101 0.484013 0.463412 0.002271 0.046205
1 1 0.034716 0.626422 0.191023 0.010728 0.137111
1 1 0.046710 0.500948 0.233113 0.011687 0.207542
0 1 0.848796 0.052873 0.045108 0.005700 0.047523
0 0 0.891436 0.037424 0.033440 0.004218 0.033483
0 0 0.953052 0.014661 0.018301 0.000316 0.013671
0 0 0.952402 0.036102 0.007317 0.000014 0.004165
2 0 0.016135 0.405951 0.449990 0.006562 0.121362
4 1 0.054190 0.255990 0.144092 0.009256 0.536471
4 2 0.014542 0.231440 0.144747 0.001132 0.608139
2 2 0.001632 0.290474 0.661296 0.001815 0.044782
2 2 0.000754 0.188538 0.784024 0.009980 0.016704
2 2 0.007000 0.387847 0.485582 0.009233 0.110338
2 2 0.004992 0.322882 0.664646 0.000444 0.007035
2 2 0.010730 0.381098 0.573111 0.020263 0.014798
1 2 0.036610 0.849709 0.079344 0.000167 0.034169
1 2 0.275098 0.468375 0.164083 0.001406 0.091039
0 1 0.808408 0.073222 0.057082 0.006496 0.054792
0 0 0.982600 0.009289 0.004522 0.000060 0.003529
2 0 0.019922 0.300751 0.599372 0.005538 0.074417
1 1 0.014516 0.483487 0.388359 0.005259 0.108379
4 1 0.013174 0.266043 0.092472 0.000711 0.627600
2 1 0.005714 0.230409 0.421321 0.003906 0.338651
2 1 0.000286 0.111024 0.855621 0.028071 0.004998
2 2 0.000112 0.044304 0.927547 0.026638 0.001399
2 2 0.001604 0.422478 0.549372 0.003976 0.022570
2 2 0.023868 0.478394 0.479977 0.001327 0.016434
2 2 0.007696 0.131013 0.755872 0.065594 0.039825
2 2 0.027499 0.346599 0.488270 0.016652 0.120979
2 1 0.124691 0.287943 0.463596 0.010854 0.112916
1 1 0.120179 0.564189 0.179696 0.006983 0.128953
2 2 0.000001 0.005496 0.963769 0.030659 0.000075
2 2 0.000010 0.005087 0.956998 0.037720 0.000185
2 2 0.007527 0.275962 0.677367 0.008648 0.030495
2 2 0.008512 0.224066 0.737855 0.014264 0.015304
2 2 0.000343 0.042795 0.942325 0.013455 0.001082
2 2 0.000871 0.063052 0.871741 0.055855 0.008482
2 2 0.000463 0.188087 0.787072 0.016314 0.008064
2 2 0.000138 0.039028 0.938017 0.020230 0.002588
2 2 0.000967 0.223874 0.751697 0.009103 0.014359
2 2 0.000057 0.033257 0.940197 0.025121 0.001368
2 2 0.000090 0.026403 0.927389 0.045060 0.001057
2 2 0.002718 0.068249 0.664110 0.250412 0.014511
2 2 0.000230 0.049658 0.857133 0.089809 0.003169
2 2 0.001521 0.394233 0.575873 0.007059 0.021314
2 2 0.012956 0.405764 0.550085 0.004654 0.026542
2 2 0.000888 0.300695 0.675123 0.009110 0.014184
2 2 0.006081 0.355198 0.569574 0.039145 0.030002
2 2 0.007117 0.130458 0.826670 0.023112 0.012644
0 2 0.778415 0.100333 0.062140 0.004215 0.054896
0 0 0.996857 0.001694 0.000819 0.000006 0.000624
1 0 0.140234 0.357287 0.232199 0.053467 0.216814
1 0 0.130658 0.283048 0.264383 0.090195 0.231716
1 0 0.047312 0.769677 0.117408 0.000908 0.064695
1 0 0.018061 0.540600 0.374434 0.001818 0.065088
2 1 0.006453 0.405078 0.525755 0.002888 0.059826
1 2 0.008509 0.499321 0.405235 0.006638 0.080297
1 2 0.038526 0.431277 0.338319 0.020175 0.171703
1 2 0.241200 0.466270 0.164726 0.006198 0.121606
0 2 0.443048 0.045245 0.110697 0.000786 0.400225
1 1 0.239137 0.436770 0.143924 0.003431 0.176738
1 1 0.145244 0.551349 0.203803 0.002943 0.096661
1 1 0.090593 0.386185 0.367140 0.080197 0.075885
0 1 0.647981 0.107675 0.075744 0.000277 0.168323
0 0 0.955443 0.011308 0.006541 0.000114 0.026594
0 0 0.896548 0.019977 0.012267 0.000299 0.070909
0 0 0.446613 0.120250 0.138780 0.065795 0.228562
0 0 0.997986 0.001083 0.000527 0.000003 0.000400
0 0 0.810429 0.059322 0.056963 0.010648 0.062639
4 2 0.077364 0.207921 0.174048 0.002068 0.538599
4 2 0.017925 0.086785 0.145416 0.001907 0.747966
4 2 0.020621 0.021710 0.013664 0.000922 0.943083
4 4 0.009632 0.018716 0.008220 0.000223 0.963209
4 4 0.043620 0.126019 0.062171 0.004171 0.764019
4 4 0.074206 0.048435 0.045763 0.010759 0.820837
4 4 0.170276 0.025333 0.009012 0.000055 0.795324
4 4 0.014807 0.037776 0.016040 0.000498 0.930879
0 4 0.562769 0.048400 0.032978 0.001585 0.354268
4 4 0.035644 0.074843 0.039869 0.002677 0.846967
4 4 0.236258 0.097597 0.085946 0.016868 0.563332
4 4 0.037619 0.065783 0.037882 0.002942 0.855774
4 4 0.032923 0.179900 0.066959 0.002588 0.717631
4 4 0.044541 0.029544 0.025277 0.003951 0.896687
4 4 0.022963 0.015529 0.011794 0.001129 0.948585
4 4 0.012971 0.010952 0.006960 0.000390 0.968727
4 4 0.183369 0.035480 0.024978 0.001461 0.754712
4 4 0.017066 0.011637 0.008395 0.000650 0.962252
4 4 0.059034 0.136116 0.077550 0.007644 0.719656
4 4 0.054201 0.201984 0.095936 0.007107 0.640773
4 4 0.028762 0.049153 0.027212 0.001744 0.893128
4 4 0.064362 0.062057 0.088122 0.023611 0.761847
4 4 0.042843 0.033449 0.043350 0.004832 0.875527
4 4 0.023093 0.043855 0.022459 0.001149 0.909444
4 4 0.054041 0.019882 0.013986 0.000894 0.911197
4 4 0.013931 0.051193 0.018731 0.000448 0.915696
4 4 0.018685 0.098688 0.091048 0.004366 0.787215
4 4 0.120624 0.099664 0.096010 0.031247 0.652455
2 4 0.016286 0.212691 0.442243 0.033798 0.294982
2 4 0.014278 0.235093 0.394172 0.017220 0.339238
4 4 0.002495 0.104531 0.118140 0.000072 0.774762
4 4 0.003979 0.102766 0.074786 0.000273 0.818196
4 4 0.005785 0.316703 0.321147 0.004181 0.352184
4 4 0.011298 0.250450 0.349964 0.002182 0.386107
2 4 0.110614 0.255748 0.329914 0.107822 0.195902
2 4 0.004963 0.114017 0.613801 0.003335 0.263884
2 4 0.000972 0.325446 0.528798 0.001352 0.143433
2 4 0.004536 0.299885 0.568518 0.009264 0.117796
1 4 0.000567 0.430737 0.305495 0.000275 0.262927
1 2 0.007677 0.475925 0.363830 0.009659 0.142909
2 2 0.000233 0.440111 0.527801 0.000176 0.031679
2 2 0.000377 0.175454 0.778338 0.000578 0.045253
2 2 0.003538 0.208310 0.652618 0.013857 0.121677
1 2 0.002035 0.623035 0.118216 0.000108 0.256606
0 0 0.625496 0.052624 0.027704 0.000630 0.293546
0 0 0.529726 0.049220 0.035474 0.002059 0.383521
0 0 0.890290 0.033212 0.045240 0.001081 0.030177
0 0 0.944314 0.021146 0.017018 0.001273 0.016249
1 0 0.080747 0.407091 0.267763 0.000923 0.243476
4 2 0.011330 0.135365 0.324438 0.000098 0.528769
1 2 0.011870 0.756090 0.150675 0.002504 0.078861
1 2 0.047526 0.586119 0.272475 0.003150 0.090730
0 0 0.737965 0.033450 0.021621 0.000722 0.206242
0 0 0.911935 0.028565 0.022703 0.001692 0.035105
2 0 0.067546 0.291041 0.344187 0.033486 0.263740
2 1 0.005694 0.338311 0.591482 0.002632 0.061882
2 1 0.024884 0.360485 0.405248 0.014937 0.194445
1 1 0.029433 0.422583 0.225777 0.009528 0.312678
1 1 0.010341 0.535541 0.197659 0.001110 0.255349
1 1 0.018429 0.505160 0.365140 0.007500 0.103771
2 1 0.002764 0.073192 0.831438 0.074668 0.017937
2 2 0.000024 0.009225 0.970540 0.019623 0.000589
2 2 0.000628 0.143675 0.841012 0.003570 0.011115
1 2 0.001377 0.484265 0.484166 0.011038 0.019154
2 2 0.001734 0.048584 0.901810 0.042608 0.005264
2 2 0.000371 0.019981 0.917144 0.060315 0.002189
2 2 0.000137 0.049365 0.931648 0.016585 0.002265
2 2 0.004144 0.216177 0.765640 0.002986 0.011054
2 2 0.000001 0.004078 0.992745 0.003125 0.000051
2 2 0.000052 0.005611 0.919272 0.074312 0.000753
2 2 0.000299 0.102085 0.895365 0.000684 0.001566
2 2 0.000884 0.089931 0.868988 0.030260 0.009937
2 2 0.001978 0.195541 0.720497 0.064225 0.017760
2 2 0.000205 0.028534 0.937089 0.031199 0.002972
2 2 0.009360 0.048737 0.601073 0.333727 0.007103
2 2 0.003783 0.165155 0.537710 0.272504 0.020848
2 2 0.000037 0.060344 0.912508 0.026123 0.000988
2 2 0.000006 0.025380 0.935779 0.038554 0.000281
3 2 0.000000 0.000355 0.381839 0.617794 0.000012
2 2 0.000027 0.002336 0.602758 0.394580 0.000299
3 3 0.000028 0.001759 0.436473 0.561691 0.000049
2 3 0.000010 0.000906 0.601972 0.396984 0.000128
2 3 0.000011 0.001755 0.975658 0.022562 0.000015
2 3 0.001821 0.019473 0.878210 0.099543 0.000953
3 3 0.000137 0.006555 0.388336 0.604557 0.000414
2 3 0.000049 0.026106 0.727973 0.245016 0.000856
3 3 0.000070 0.007271 0.151071 0.841094 0.000493
3 3 0.000058 0.017556 0.216179 0.765620 0.000587
3 3 0.000176 0.007527 0.077608 0.913403 0.001286
3 3 0.000000 0.000051 0.028289 0.971651 0.000008
3 3 0.000002 0.003976 0.376208 0.619757 0.000057
3 3 0.000020 0.002661 0.111566 0.885721 0.000032
3 3 0.000000 0.000001 0.000672 0.999327 0.000000
3 3 0.000000 0.000017 0.001689 0.998293 0.000001
3 3 0.000009 0.011568 0.180736 0.807547 0.000140
3 3 0.000001 0.000040 0.002703 0.997254 0.000002
3 3 0.000090 0.051717 0.235646 0.711515 0.001031
3 3 0.000009 0.000634 0.016339 0.982984 0.000034
3 3 0.000013 0.000211 0.007023 0.992718 0.000036
3 3 0.000005 0.000127 0.010381 0.989466 0.000021
3 3 0.000000 0.000004 0.001473 0.998522 0.000000
3 3 0.000001 0.000135 0.014334 0.985522 0.000008
3 3 0.000000 0.001182 0.034146 0.964637 0.000035
3 3 0.000002 0.000068 0.003654 0.996269 0.000006
3 3 0.000000 0.000007 0.003584 0.996409 0.000000
3 3 0.000044 0.001510 0.024888 0.973392 0.000166
3 3 0.000006 0.000804 0.022687 0.976364 0.000139
3 3 0.000000 0.000062 0.006614 0.993321 0.000002
3 3 0.000000 0.000119 0.014447 0.985432 0.000002
3 3 0.000001 0.000067 0.004179 0.995744 0.000009
3 3 0.000000 0.000017 0.001697 0.998284 0.000002
3 3 0.000004 0.000054 0.003891 0.996048 0.000004
3 3 0.000000 0.000001 0.000444 0.999555 0.000000
3 3 0.000002 0.000476 0.013629 0.985879 0.000014
3 3 0.000017 0.000440 0.085409 0.914047 0.000088
3 3 0.000017 0.000434 0.079862 0.919601 0.000087
3 3 0.000000 0.000014 0.001799 0.998187 0.000000
3 3 0.000000 0.000029 0.003335 0.996635 0.000000
3 3 0.000000 0.000003 0.001715 0.998282 0.000000
3 3 0.000009 0.000143 0.005536 0.994288 0.000023
3 3 0.000000 0.000023 0.002046 0.997929 0.000001
3 3 0.000000 0.000029 0.003000 0.996963 0.000009
3 3 0.000000 0.000012 0.010471 0.989516 0.000000
3 3 0.000000 0.000005 0.000871 0.999124 0.000000
3 3 0.000003 0.000029 0.003510 0.996457 0.000001
3 3 0.000007 0.000125 0.005095 0.994753 0.000020
3 3 0.000036 0.000405 0.010325 0.989145 0.000089
3 3 0.000061 0.001842 0.027932 0.969943 0.000222
3 3 0.000000 0.000022 0.004266 0.995710 0.000001
3 3 0.000000 0.000064 0.006340 0.993595 0.000001
3 3 0.000000 0.000008 0.001254 0.998738 0.000000
3 3 0.000000 0.000013 0.001415 0.998571 0.000000
3 3 0.000000 0.000065 0.004960 0.994974 0.000001
3 3 0.000000 0.000001 0.000282 0.999717 0.000000
3 3 0.000000 0.000034 0.002565 0.997400 0.000001
3 3 0.000000 0.000077 0.004415 0.995505 0.000002
3 3 0.000001 0.000047 0.002957 0.996991 0.000004
3 3 0.000000 0.000019 0.001627 0.998352 0.000002
3 3 0.000004 0.000116 0.004992 0.994874 0.000014
3 3 0.000001 0.000123 0.033274 0.966590 0.000012
3 3 0.000001 0.000032 0.002230 0.997734 0.000003
3 3 0.000000 0.000002 0.000524 0.999474 0.000000
3 3 0.000203 0.003629 0.041191 0.954355 0.000622
3 3 0.000000 0.000010 0.001697 0.998289 0.000004
3 3 0.000000 0.000002 0.000364 0.999634 0.000000
3 3 0.000000 0.000000 0.000143 0.999857 0.000000
3 3 0.000000 0.000030 0.002257 0.997710 0.000002
3 3 0.000138 0.001383 0.025839 0.971692 0.000948
3 3 0.000001 0.000038 0.002493 0.997463 0.000004
3 3 0.000001 0.000024 0.001910 0.998063 0.000002
3 3 0.000001 0.000046 0.003086 0.996864 0.000003
3 3 0.000000 0.000002 0.000735 0.999262 0.000000
3 3 0.000000 0.000029 0.002259 0.997711 0.000001
3 3 0.000000 0.000003 0.000497 0.999501 0.000000
3 3 0.000000 0.000007 0.001025 0.998968 0.000000
3 3 0.000000 0.000007 0.001200 0.998793 0.000000
3 3 0.000000 0.000009 0.001068 0.998922 0.000001
3 3 0.000193 0.001333 0.021076 0.976987 0.000410
3 3 0.000000 0.000002 0.000755 0.999243 0.000000
3 3 0.000028 0.000337 0.009247 0.990318 0.000070
3 3 0.000000 0.000697 0.028629 0.970666 0.000008
3 3 0.000846 0.018725 0.112027 0.865475 0.002927
3 3 0.000000 0.000013 0.001619 0.998368 0.000000
3 3 0.000001 0.000045 0.003167 0.996783 0.000005
3 3 0.000000 0.000006 0.001076 0.998917 0.000000
3 3 0.000006 0.000188 0.008563 0.991233 0.000009
3 3 0.000000 0.000001 0.000412 0.999588 0.000000
3 3 0.000000 0.000000 0.000030 0.999970 0.000000
3 3 0.000000 0.000019 0.001628 0.998351 0.000002
3 3 0.000000 0.000000 0.000344 0.999655 0.000000
3 3 0.000000 0.000000 0.000065 0.999935 0.000000
3 3 0.000000 0.000008 0.000938 0.999054 0.000001
3 3 0.000000 0.000006 0.001355 0.998639 0.000000
3 3 0.000001 0.000173 0.009106 0.990719 0.000002
3 3 0.000001 0.000542 0.018914 0.980507 0.000036
3 3 0.000000 0.000002 0.000386 0.999612 0.000000
3 3 0.000001 0.000032 0.002452 0.997510 0.000005
3 3 0.000004 0.000088 0.004129 0.995767 0.000013
2 3 0.001629 0.045908 0.476862 0.467396 0.008205
2 3 0.041438 0.288668 0.345850 0.218441 0.105604
4 2 0.276979 0.102520 0.290190 0.029040 0.301271
2 2 0.009902 0.189114 0.640521 0.096827 0.063636
4 2 0.109423 0.238524 0.199891 0.061339 0.390823
2 2 0.024009 0.060842 0.471159 0.412219 0.031770
2 2 0.010281 0.251890 0.438835 0.071353 0.227640
2 2 0.000531 0.232722 0.704793 0.027657 0.034298
2 2 0.000433 0.082208 0.739900 0.170999 0.006460
2 2 0.001303 0.258174 0.662995 0.038810 0.038718
4 2 0.004410 0.306954 0.173578 0.006688 0.508370
1 2 0.003155 0.396582 0.318675 0.010379 0.271208
2 4 0.004920 0.207432 0.399392 0.031239 0.357016
4 4 0.006259 0.280095 0.150209 0.000807 0.562631
4 4 0.011252 0.048117 0.139441 0.020530 0.780660
4 4 0.035449 0.166460 0.318686 0.113465 0.365940
4 4 0.008675 0.171567 0.378440 0.011104 0.430214
4 4 0.026994 0.039162 0.023673 0.001695 0.908475
4 4 0.046214 0.080906 0.048400 0.004431 0.820049
4 4 0.041750 0.037248 0.028151 0.003508 0.889344
4 4 0.144898 0.092172 0.102075 0.046125 0.614730
4 4 0.025672 0.044344 0.028204 0.001536 0.900245
4 4 0.006164 0.048103 0.024129 0.000689 0.920915
4 4 0.017150 0.011693 0.008442 0.000656 0.962059
4 4 0.038060 0.177098 0.223347 0.075081 0.486414
4 4 0.076577 0.052768 0.058086 0.012690 0.799879
4 4 0.006826 0.067732 0.122887 0.001349 0.801205
4 4 0.010742 0.033116 0.013549 0.000345 0.942247
4 4 0.017756 0.012095 0.008784 0.000700 0.960666
4 4 0.027480 0.018488 0.014493 0.001580 0.937959
4 4 0.016171 0.011044 0.007893 0.000588 0.964304
4 4 0.024258 0.016379 0.012560 0.001251 0.945552
4 4 0.016408 0.020734 0.011717 0.000601 0.950539
4 4 0.012341 0.008492 0.005794 0.000357 0.973016
4 4 0.006901 0.126354 0.382910 0.021843 0.461993
4 4 0.016102 0.029145 0.095931 0.002011 0.856811
4 4 0.039750 0.026456 0.022164 0.003177 0.908453
4 4 0.103745 0.058313 0.055818 0.013556 0.768569
4 4 0.011385 0.007851 0.005284 0.000308 0.975172
4 4 0.030858 0.020691 0.016558 0.001966 0.929927
4 4 0.058330 0.038370 0.034554 0.006667 0.862079
4 4 0.015801 0.010798 0.007687 0.000564 0.965150
4 4 0.024312 0.018046 0.017691 0.001465 0.938487
4 4 0.011981 0.008251 0.005602 0.000338 0.973828
4 4 0.035720 0.039516 0.122895 0.006428 0.795440
4 4 0.018908 0.048024 0.042348 0.001163 0.889557
2 4 0.008261 0.227562 0.527084 0.036476 0.200618
4 4 0.022243 0.251369 0.270540 0.028706 0.427143
1 4 0.009222 0.399913 0.330677 0.000386 0.259801
1 4 0.002161 0.453182 0.196066 0.000082 0.348509
0 4 0.830845 0.024375 0.014765 0.000354 0.129660
0 1 0.438560 0.212806 0.045051 0.000154 0.303430
4 1 0.016083 0.251516 0.151371 0.001365 0.579665
2 1 0.020849 0.047416 0.597493 0.281124 0.053117
2 1 0.007432 0.348506 0.382687 0.001083 0.260292
4 2 0.033194 0.289563 0.159600 0.004512 0.513131
2 2 0.004627 0.189402 0.693917 0.037003 0.075051
2 2 0.010330 0.026129 0.958958 0.000432 0.004151
0 0 0.949491 0.018391 0.013824 0.000764 0.017531
0 0 0.993544 0.003058 0.001730 0.000023 0.001646
1 0 0.023937 0.575802 0.172226 0.005468 0.222566
1 0 0.004904 0.503787 0.093530 0.000300 0.397478
1 1 0.061644 0.450142 0.190962 0.017405 0.279848
1 1 0.030253 0.440084 0.240927 0.006522 0.282213
2 1 0.063359 0.350973 0.367597 0.039115 0.178956
1 1 0.039174 0.456809 0.337690 0.018567 0.147761
1 4 0.015554 0.622676 0.261999 0.004784 0.094986
2 4 0.043711 0.170820 0.688258 0.020538 0.076672
1 4 0.177846 0.404345 0.221261 0.010199 0.186349
0 4 0.457618 0.240462 0.120404 0.006751 0.174764
4 1 0.052806 0.263598 0.113570 0.007483 0.562543
2 1 0.018550 0.200543 0.502965 0.006124 0.271819
2 1 0.181960 0.173810 0.240441 0.168639 0.235150
4 1 0.165019 0.239286 0.225570 0.119232 0.250893
2 1 0.002082 0.390574 0.511319 0.000351 0.095674
2 1 0.080396 0.265595 0.495421 0.029578 0.129011
1 1 0.100343 0.677750 0.173754 0.000063 0.048090
2 1 0.029457 0.240734 0.497122 0.033887 0.198800
1 1 0.057079 0.440798 0.293612 0.042816 0.165695
2 1 0.016708 0.276544 0.526354 0.112161 0.068233
1 1 0.022007 0.373922 0.361176 0.005946 0.236949
1 1 0.213678 0.293451 0.200304 0.040020 0.252546
1 1 0.004151 0.499735 0.445741 0.001434 0.048939
1 1 0.249059 0.438604 0.171997 0.008384 0.131955
2 1 0.002690 0.238838 0.651890 0.001288 0.105293
1 1 0.010313 0.528956 0.376360 0.003658 0.080713
1 2 0.120035 0.334351 0.233580 0.066936 0.245099
2 2 0.006483 0.334508 0.512837 0.016131 0.130041
2 2 0.029863 0.214488 0.529960 0.133108 0.092581
2 2 0.001114 0.286446 0.689509 0.004220 0.018711
2 2 0.010954 0.250466 0.623023 0.015410 0.100146
2 2 0.017145 0.368445 0.457174 0.006413 0.150823
4 2 0.039592 0.319968 0.168008 0.000290 0.472142
2 2 0.009633 0.313907 0.629361 0.004484 0.042615
2 2 0.000715 0.305031 0.668795 0.011425 0.014034
2 2 0.006203 0.462412 0.470825 0.003956 0.056604
2 2 0.000289 0.249035 0.739205 0.003383 0.008087
2 2 0.000606 0.073484 0.901829 0.016072 0.008009
2 2 0.001409 0.181208 0.753963 0.048873 0.014548
2 2 0.004495 0.081102 0.667144 0.225999 0.021261
2 2 0.000094 0.030111 0.932813 0.034990 0.001991
2 2 0.000358 0.079255 0.892789 0.022037 0.005561
2 2 0.001185 0.146842 0.687145 0.154156 0.010672
2 2 0.009284 0.072586 0.497867 0.391928 0.028335
2 1 0.024219 0.303156 0.658180 0.003841 0.010605
2 1 0.000737 0.127021 0.851707 0.009764 0.010771
1 1 0.009939 0.457868 0.453573 0.007024 0.071596
2 1 0.001297 0.186023 0.723860 0.075735 0.013086
2 2 0.000179 0.196003 0.784547 0.014861 0.004410
2 2 0.000168 0.031395 0.673582 0.292924 0.001931
2 2 0.000564 0.081702 0.908554 0.005837 0.003343
2 2 0.000948 0.093120 0.854900 0.040922 0.010109
2 2 0.000011 0.019630 0.976287 0.003865 0.000207
2 2 0.000124 0.023625 0.957075 0.016974 0.002202
2 2 0.000695 0.125229 0.855922 0.013758 0.004396
2 2 0.001420 0.123440 0.864350 0.003662 0.007127
2 2 0.000447 0.044400 0.746649 0.204276 0.004228
2 2 0.000013 0.007732 0.884065 0.107883 0.000308
2 2 0.000400 0.026031 0.924300 0.044951 0.004318
2 2 0.000509 0.059923 0.920820 0.011642 0.007105
2 2 0.002765 0.352251 0.637747 0.000572 0.006664
2 2 0.001297 0.342744 0.633344 0.001131 0.021483
2 2 0.000007 0.004680 0.886700 0.108428 0.000185
2 2 0.000193 0.046796 0.940463 0.010978 0.001571
2 2 0.000097 0.017010 0.951587 0.030286 0.001021
2 2 0.005216 0.157240 0.773652 0.028406 0.035487
2 2 0.000451 0.099730 0.883501 0.008782 0.007535
2 2 0.003512 0.352298 0.601446 0.005129 0.037614
2 2 0.002485 0.434705 0.525255 0.008816 0.028738
2 2 0.008561 0.097518 0.875388 0.010859 0.007674
