0 0 0.998022 0.000690 0.000300 0.000001 0.000986
0 0 0.994203 0.002082 0.000994 0.000009 0.002713
0 0 0.977408 0.010381 0.002802 0.000005 0.009405
0 0 0.922521 0.010137 0.004636 0.000035 0.062670
0 0 0.993663 0.002856 0.001014 0.000003 0.002464
0 0 0.947231 0.035489 0.007312 0.000014 0.009954
0 0 0.987671 0.004498 0.002292 0.000042 0.005497
0 0 0.970403 0.012616 0.005743 0.000130 0.011107
0 0 0.678507 0.203922 0.033338 0.000053 0.084180
0 0 0.870985 0.063501 0.019964 0.000041 0.045509
0 0 0.994713 0.002650 0.000781 0.000001 0.001855
0 0 0.976493 0.015434 0.002877 0.000002 0.005195
0 0 0.980334 0.007228 0.003836 0.000113 0.008488
0 0 0.990599 0.003412 0.001698 0.000024 0.004267
2 1 0.020890 0.387499 0.444834 0.007283 0.139495
2 2 0.064638 0.245819 0.564089 0.000436 0.125018
2 2 0.000087 0.008181 0.991683 0.000033 0.000017
1 2 0.001370 0.522281 0.416403 0.000001 0.059945
2 2 0.000041 0.029678 0.967997 0.000854 0.001430
2 2 0.000010 0.025267 0.972378 0.000475 0.001869
2 2 0.000024 0.014450 0.984474 0.000028 0.001024
2 2 0.001380 0.005982 0.991819 0.000074 0.000746
2 2 0.000039 0.006989 0.992187 0.000429 0.000356
2 2 0.000395 0.368536 0.608760 0.000035 0.022274
2 2 0.000013 0.007938 0.991906 0.000035 0.000108
2 2 0.002752 0.026661 0.967594 0.000023 0.002970
2 2 0.000000 0.001139 0.996270 0.002584 0.000007
2 2 0.000005 0.002184 0.993863 0.003858 0.000089
1 2 0.015232 0.569606 0.321356 0.000859 0.092947
2 2 0.004372 0.005847 0.701175 0.288305 0.000301
1 1 0.054210 0.682606 0.207221 0.000595 0.055368
1 0 0.304105 0.463503 0.138456 0.003136 0.090800
2 0 0.322521 0.084194 0.419805 0.156440 0.017039
0 0 0.356203 0.235582 0.321988 0.000513 0.085714
1 0 0.122366 0.753936 0.098131 0.000048 0.025519
1 1 0.025078 0.649915 0.304920 0.000163 0.019924
2 2 0.000504 0.130876 0.862165 0.002740 0.003715
2 2 0.000720 0.018889 0.975815 0.004332 0.000243
1 4 0.128469 0.432882 0.288643 0.000268 0.149737
4 4 0.041526 0.068873 0.027290 0.001050 0.861261
4 4 0.000404 0.231383 0.034691 0.000012 0.733510
4 4 0.001988 0.277535 0.081959 0.000019 0.638498
4 4 0.004973 0.270238 0.069694 0.000033 0.655061
4 4 0.004861 0.352932 0.045140 0.000081 0.596985
4 4 0.035867 0.276566 0.061465 0.000907 0.625195
4 4 0.042036 0.107527 0.028504 0.000280 0.821653
4 4 0.020916 0.393951 0.079728 0.000006 0.505400
4 4 0.022430 0.297263 0.289340 0.000134 0.390833
1 4 0.016118 0.867603 0.065730 0.000011 0.050538
1 4 0.035908 0.580680 0.092585 0.000047 0.290781
4 4 0.189273 0.347548 0.080858 0.001010 0.381312
1 4 0.011232 0.625650 0.143880 0.000176 0.219064
4 4 0.034940 0.269904 0.023994 0.000005 0.671157
4 4 0.003364 0.111029 0.018469 0.000081 0.867057
4 4 0.021953 0.365272 0.054447 0.000196 0.558132
4 4 0.035755 0.341621 0.093434 0.000475 0.528715
4 4 0.063893 0.242260 0.063317 0.000350 0.630180
1 4 0.006497 0.801102 0.069945 0.000009 0.122447
1 4 0.019633 0.709623 0.049168 0.000017 0.221559
4 4 0.009627 0.372100 0.028557 0.000005 0.589712
4 4 0.015386 0.082218 0.027544 0.000987 0.873865
4 4 0.012441 0.211087 0.037468 0.000237 0.738768
4 4 0.002884 0.280851 0.070224 0.000026 0.646015
4 4 0.009771 0.260937 0.083262 0.000025 0.646005
1 4 0.007941 0.624141 0.046366 0.000002 0.321550
1 4 0.002421 0.606323 0.139850 0.000000 0.251406
4 4 0.017529 0.131216 0.032139 0.000429 0.818686
4 4 0.072797 0.342043 0.054671 0.000166 0.530323
1 4 0.254979 0.426843 0.114413 0.000165 0.203599
1 4 0.022781 0.547913 0.048158 0.000033 0.381114
1 4 0.003794 0.549813 0.119003 0.000214 0.327177
1 4 0.012254 0.478005 0.176579 0.000051 0.333112
4 4 0.276628 0.168059 0.058780 0.001598 0.494935
4 4 0.048884 0.166928 0.054388 0.000388 0.729412
1 4 0.020524 0.666226 0.044568 0.000003 0.268679
1 4 0.000487 0.827985 0.071033 0.000000 0.100494
4 4 0.070735 0.337958 0.113218 0.000083 0.478005
1 4 0.132322 0.478978 0.068142 0.000163 0.320394
4 4 0.013753 0.335675 0.095057 0.000052 0.555463
4 4 0.018598 0.209238 0.049238 0.000925 0.722000
1 4 0.035745 0.809995 0.052556 0.000005 0.101698
4 4 0.006784 0.293774 0.031412 0.000001 0.668030
4 4 0.000558 0.346359 0.196182 0.000029 0.456871
1 4 0.002332 0.535993 0.089717 0.000001 0.371957
1 4 0.005346 0.720029 0.044467 0.000004 0.230154
1 4 0.003089 0.691897 0.043342 0.000000 0.261672
1 4 0.038604 0.585562 0.347942 0.000002 0.027890
2 2 0.001877 0.458512 0.482503 0.000006 0.057102
2 2 0.000007 0.101345 0.893554 0.000009 0.005084
2 2 0.020808 0.167369 0.771908 0.000075 0.039839
2 2 0.010369 0.269944 0.546685 0.000001 0.173001
2 2 0.022212 0.224052 0.423825 0.000006 0.329906
2 2 0.032573 0.041637 0.918961 0.000008 0.006822
2 2 0.003437 0.005622 0.990712 0.000071 0.000158
2 2 0.000132 0.016285 0.983179 0.000086 0.000318
2 2 0.001794 0.006890 0.985350 0.005173 0.000794
2 2 0.002496 0.040193 0.937714 0.000789 0.018808
2 2 0.000282 0.011741 0.987740 0.000117 0.000120
2 2 0.000017 0.001024 0.967518 0.031412 0.000029
2 2 0.000086 0.002179 0.762350 0.233694 0.001691
2 2 0.000007 0.000177 0.870302 0.129510 0.000005
2 2 0.000002 0.000059 0.781310 0.218629 0.000001
2 2 0.000001 0.002826 0.995629 0.001367 0.000176
2 2 0.000006 0.001515 0.871411 0.126703 0.000366
2 2 0.000082 0.008860 0.793487 0.197347 0.000224
2 3 0.001016 0.004367 0.889179 0.104991 0.000446
2 3 0.000000 0.000433 0.990775 0.008782 0.000009
2 3 0.000010 0.004711 0.991998 0.003196 0.000085
2 3 0.000187 0.001889 0.848160 0.149654 0.000110
2 3 0.000009 0.005178 0.986689 0.008061 0.000063
2 3 0.000393 0.010953 0.717302 0.270292 0.001060
2 3 0.000017 0.002388 0.951137 0.046423 0.000034
3 3 0.000001 0.000507 0.394712 0.604738 0.000041
3 3 0.000002 0.000325 0.265028 0.734630 0.000016
2 3 0.000004 0.000560 0.811572 0.187859 0.000004
2 3 0.000001 0.000239 0.528899 0.470850 0.000010
2 3 0.000000 0.000070 0.664606 0.335324 0.000001
3 3 0.000000 0.000005 0.090160 0.909835 0.000000
3 3 0.000112 0.002451 0.414267 0.583015 0.000155
2 3 0.001427 0.014449 0.945027 0.038765 0.000332
2 3 0.001054 0.021988 0.953274 0.023251 0.000433
3 3 0.000000 0.000043 0.286506 0.713451 0.000000
2 3 0.000003 0.000575 0.919259 0.080162 0.000001
2 3 0.000000 0.000359 0.999047 0.000593 0.000000
2 3 0.000015 0.003394 0.722316 0.274258 0.000017
2 3 0.000000 0.000062 0.679380 0.320557 0.000000
2 3 0.000001 0.000083 0.870043 0.129873 0.000000
2 3 0.000000 0.000017 0.610057 0.389926 0.000000
3 3 0.000000 0.000000 0.356200 0.643799 0.000000
3 3 0.000000 0.000001 0.463709 0.536290 0.000000
3 3 0.000000 0.000339 0.440194 0.559465 0.000001
2 3 0.000001 0.000054 0.602318 0.397627 0.000000
3 3 0.000000 0.000006 0.127472 0.872521 0.000000
3 3 0.000000 0.000004 0.051735 0.948261 0.000000
3 3 0.000002 0.000991 0.383071 0.615930 0.000007
3 3 0.000000 0.000001 0.012583 0.987416 0.000000
2 3 0.000000 0.000198 0.658174 0.341628 0.000000
3 3 0.000000 0.000013 0.463922 0.536064 0.000000
3 3 0.000000 0.000035 0.145609 0.854356 0.000000
3 3 0.000000 0.000005 0.093336 0.906659 0.000000
2 3 0.000000 0.000052 0.919624 0.080324 0.000000
2 3 0.000001 0.000220 0.758193 0.241585 0.000000
3 3 0.000000 0.000035 0.049571 0.950393 0.000001
3 3 0.000039 0.001429 0.185675 0.812822 0.000035
3 3 0.000000 0.000001 0.173805 0.826194 0.000000
2 3 0.000000 0.000023 0.526774 0.473203 0.000000
3 3 0.000000 0.000002 0.080855 0.919143 0.000000
2 3 0.000025 0.000039 0.514954 0.484982 0.000001
3 3 0.000003 0.000613 0.307558 0.691817 0.000009
3 3 0.000000 0.000003 0.019184 0.980813 0.000000
2 3 0.000004 0.002728 0.742175 0.255074 0.000019
2 3 0.000000 0.000233 0.615295 0.384468 0.000003
3 3 0.000000 0.000020 0.112703 0.887276 0.000000
3 3 0.000004 0.000216 0.336674 0.663104 0.000002
3 3 0.000000 0.000009 0.158152 0.841838 0.000000
3 3 0.000000 0.000002 0.032017 0.967981 0.000000
3 3 0.000000 0.000003 0.015764 0.984233 0.000000
3 3 0.000000 0.000000 0.034865 0.965134 0.000000
3 3 0.000018 0.000725 0.142821 0.856414 0.000022
3 3 0.000000 0.000011 0.035960 0.964028 0.000000
2 3 0.000003 0.000580 0.574171 0.425243 0.000003
3 3 0.000000 0.000008 0.125496 0.874496 0.000000
3 3 0.000006 0.000671 0.427837 0.571483 0.000004
3 3 0.000002 0.000404 0.256076 0.743517 0.000001
2 3 0.000030 0.000376 0.649573 0.350008 0.000013
3 3 0.000023 0.002434 0.273557 0.723942 0.000044
3 3 0.000076 0.009841 0.288759 0.701115 0.000209
2 3 0.000680 0.041899 0.576292 0.380063 0.001067
3 3 0.000001 0.000259 0.208083 0.791654 0.000003
3 3 0.000000 0.000002 0.007806 0.992191 0.000000
2 3 0.000000 0.000608 0.547316 0.452074 0.000001
3 3 0.000000 0.000020 0.044394 0.955585 0.000000
2 3 0.000005 0.001007 0.609345 0.389626 0.000016
3 3 0.000001 0.000281 0.358740 0.640976 0.000002
3 3 0.000000 0.000003 0.006914 0.993083 0.000000
3 3 0.000000 0.000035 0.089581 0.910383 0.000000
3 3 0.000004 0.000395 0.305039 0.694557 0.000006
3 3 0.000000 0.000026 0.055669 0.944304 0.000001
3 3 0.000002 0.000382 0.482899 0.516713 0.000004
2 3 0.000003 0.000321 0.685823 0.313852 0.000002
2 3 0.000002 0.000075 0.619027 0.380896 0.000000
3 3 0.000000 0.000008 0.042818 0.957174 0.000000
3 3 0.000000 0.000004 0.070726 0.929270 0.000000
3 3 0.000000 0.000000 0.092876 0.907124 0.000000
3 3 0.000042 0.001937 0.222416 0.775536 0.000069
3 3 0.000202 0.001908 0.273297 0.724558 0.000035
2 3 0.000000 0.000807 0.758282 0.240903 0.000007
2 3 0.000000 0.000120 0.906828 0.093051 0.000000
3 3 0.000001 0.000130 0.030828 0.969039 0.000002
3 3 0.000000 0.000000 0.008147 0.991852 0.000000
2 3 0.000009 0.001197 0.727680 0.271057 0.000057
2 2 0.006290 0.035684 0.919402 0.037651 0.000973
1 1 0.018762 0.866411 0.074815 0.000011 0.040001
1 2 0.083366 0.562768 0.220973 0.000140 0.132752
1 2 0.329994 0.390044 0.127343 0.000110 0.152509
2 2 0.023139 0.203832 0.680673 0.000697 0.091659
0 0 0.603001 0.196225 0.139303 0.013812 0.047660
0 0 0.905233 0.064910 0.013490 0.000039 0.016327
0 0 0.770348 0.025172 0.012214 0.000195 0.192071
0 0 0.709458 0.211628 0.041016 0.000219 0.037679
1 1 0.004744 0.440115 0.357493 0.000041 0.197606
2 2 0.000061 0.085684 0.900844 0.002189 0.011222
2 2 0.000395 0.019974 0.977638 0.000177 0.001815
2 2 0.009000 0.008345 0.960200 0.005351 0.017104
4 2 0.120090 0.052273 0.073463 0.006039 0.748136
4 2 0.307069 0.049513 0.036836 0.001477 0.605105
1 2 0.007764 0.521948 0.304316 0.000073 0.165899
1 2 0.052590 0.626357 0.214985 0.000141 0.105927
2 2 0.000845 0.448631 0.489756 0.000003 0.060765
2 2 0.000213 0.072617 0.904437 0.000066 0.022667
2 2 0.002172 0.274218 0.631529 0.000104 0.091977
1 2 0.004223 0.796083 0.120915 0.000002 0.078777
1 2 0.007935 0.593962 0.124748 0.000000 0.273355
1 2 0.003108 0.930045 0.028048 0.000000 0.038799
1 2 0.113246 0.395394 0.103669 0.000006 0.387685
4 2 0.006462 0.243250 0.138934 0.000006 0.611348
4 2 0.070523 0.346203 0.225034 0.000038 0.358202
1 2 0.000746 0.733311 0.184925 0.000000 0.081018
1 2 0.006160 0.542616 0.283808 0.000005 0.167411
4 4 0.044485 0.359737 0.168301 0.000026 0.427451
0 4 0.528961 0.068153 0.032650 0.001213 0.369024
0 4 0.597224 0.039667 0.020033 0.000524 0.342552
1 4 0.010853 0.531277 0.408230 0.000033 0.049607
2 0 0.097471 0.289124 0.611180 0.000032 0.002194
0 0 0.920313 0.000329 0.073391 0.005955 0.000012
0 0 0.927300 0.072163 0.000361 0.000000 0.000176
1 0 0.029379 0.905210 0.060907 0.000000 0.004503
0 0 0.961271 0.038284 0.000264 0.000000 0.000182
0 0 0.692633 0.251509 0.055164 0.000000 0.000693
0 0 0.937337 0.009621 0.050731 0.001268 0.001044
0 0 0.387204 0.337777 0.094714 0.002776 0.177530
0 0 0.978041 0.009608 0.002360 0.000002 0.009988
0 0 0.690203 0.202062 0.061039 0.000551 0.046145
1 0 0.327390 0.437680 0.055703 0.000061 0.179167
1 0 0.043211 0.626883 0.209711 0.000057 0.120138
1 1 0.018245 0.704290 0.053494 0.000009 0.223962
2 1 0.003555 0.224697 0.736394 0.000328 0.035025
2 2 0.004023 0.103817 0.886792 0.002045 0.003323
2 2 0.000478 0.081190 0.891290 0.000235 0.026807
2 2 0.005771 0.203430 0.679401 0.000042 0.111355
2 2 0.002579 0.332637 0.628080 0.000007 0.036697
2 2 0.003005 0.358530 0.480859 0.000006 0.157600
1 2 0.003715 0.581828 0.338999 0.000004 0.075454
2 2 0.014684 0.100780 0.805208 0.000098 0.079230
1 2 0.015334 0.411743 0.313854 0.000001 0.259067
2 2 0.131956 0.189602 0.459967 0.000217 0.218257
1 2 0.237083 0.465614 0.243372 0.000371 0.053560
1 2 0.021476 0.553341 0.325630 0.000141 0.099412
1 2 0.052974 0.577970 0.249637 0.000000 0.119418
2 2 0.039253 0.294888 0.607996 0.000016 0.057846
2 2 0.000281 0.019009 0.978648 0.000001 0.002062
2 2 0.016773 0.142904 0.801911 0.000000 0.038412
2 2 0.001657 0.156964 0.766008 0.000030 0.075341
2 2 0.005898 0.256613 0.639720 0.000080 0.097689
1 2 0.009642 0.544863 0.413155 0.000077 0.032262
1 2 0.009415 0.857834 0.076214 0.000000 0.056537
2 2 0.000438 0.088987 0.907380 0.000104 0.003092
2 2 0.012523 0.122083 0.829004 0.000257 0.036133
0 2 0.469459 0.273186 0.079215 0.000050 0.178090
0 0 0.976082 0.014919 0.003409 0.000005 0.005584
0 0 0.862637 0.036276 0.015720 0.000316 0.085051
1 1 0.138606 0.448841 0.073898 0.000308 0.338347
2 2 0.000311 0.091030 0.903157 0.000013 0.005489
2 2 0.000097 0.041816 0.955233 0.000026 0.002827
2 2 0.000855 0.010884 0.967059 0.020452 0.000751
2 2 0.000433 0.049644 0.946403 0.000360 0.003160
2 2 0.002041 0.076746 0.906464 0.000070 0.014679
2 2 0.000625 0.303106 0.631791 0.000003 0.064475
2 2 0.001521 0.007188 0.990298 0.000037 0.000956
2 2 0.004031 0.019291 0.974212 0.000588 0.001878
2 2 0.006366 0.042177 0.948951 0.000196 0.002310
2 2 0.000308 0.001476 0.997948 0.000220 0.000048
2 2 0.000099 0.003971 0.995789 0.000028 0.000114
2 2 0.000183 0.011352 0.988074 0.000017 0.000373
2 2 0.000380 0.019984 0.975347 0.003844 0.000445
2 2 0.003652 0.095696 0.883230 0.000108 0.017315
2 2 0.000151 0.240002 0.751822 0.000013 0.008012
2 2 0.001347 0.049510 0.931587 0.004096 0.013460
2 2 0.002248 0.098395 0.896698 0.000403 0.002256
0 2 0.575752 0.349555 0.048323 0.000057 0.026314
1 2 0.067474 0.468594 0.206985 0.000766 0.256181
1 2 0.054515 0.695709 0.127490 0.000007 0.122278
1 2 0.131594 0.618812 0.135661 0.000015 0.113918
0 2 0.402917 0.181633 0.118865 0.000026 0.296559
2 2 0.003251 0.227324 0.696054 0.000148 0.073223
2 2 0.007964 0.085201 0.877675 0.000287 0.028874
2 2 0.000071 0.010539 0.989287 0.000001 0.000102
2 2 0.003905 0.018964 0.976129 0.000034 0.000967
2 2 0.000372 0.058241 0.934922 0.000039 0.006426
2 2 0.005078 0.216912 0.748535 0.000122 0.029353
2 2 0.000073 0.000461 0.998756 0.000692 0.000018
2 2 0.201805 0.024766 0.767809 0.004153 0.001465
2 2 0.000027 0.002927 0.996285 0.000698 0.000063
2 2 0.001083 0.013997 0.983908 0.000546 0.000466
2 2 0.000289 0.002398 0.994124 0.003009 0.000180
2 2 0.000452 0.014136 0.975004 0.009786 0.000622
2 2 0.000009 0.000240 0.999154 0.000592 0.000005
2 2 0.001383 0.020309 0.969728 0.001393 0.007187
2 2 0.001218 0.063513 0.917719 0.000073 0.017477
2 2 0.000465 0.057688 0.906496 0.004862 0.030489
2 2 0.000002 0.004231 0.995734 0.000001 0.000033
2 2 0.000041 0.001830 0.997885 0.000241 0.000004
2 2 0.000001 0.000289 0.996501 0.003188 0.000021
2 3 0.000112 0.000297 0.927268 0.072277 0.000046
2 2 0.002283 0.037360 0.948510 0.003716 0.008131
2 2 0.000151 0.004378 0.995358 0.000046 0.000067
1 2 0.055351 0.477350 0.390313 0.054515 0.022471
0 2 0.623609 0.094299 0.033427 0.000357 0.248308
1 1 0.008681 0.753537 0.145266 0.000023 0.092493
1 2 0.014440 0.505369 0.168073 0.000000 0.312118
2 2 0.000066 0.053517 0.898061 0.000026 0.048329
2 2 0.000109 0.025118 0.973133 0.000016 0.001625
2 2 0.007110 0.018682 0.928374 0.019995 0.025840
0 0 0.995732 0.001205 0.000524 0.000002 0.002536
0 0 0.976539 0.016327 0.002824 0.000002 0.004308
0 0 0.970801 0.014180 0.005303 0.000059 0.009657
0 0 0.682188 0.252208 0.027713 0.000013 0.037878
1 0 0.179631 0.339009 0.149162 0.000021 0.332177
2 2 0.000151 0.050410 0.933114 0.007491 0.008835
2 2 0.000931 0.123319 0.851664 0.015922 0.008165
2 2 0.020720 0.021688 0.933680 0.008923 0.014989
2 2 0.001433 0.088209 0.845930 0.000162 0.064266
4 1 0.093919 0.219438 0.037604 0.000003 0.649037
1 1 0.028457 0.461704 0.063557 0.000002 0.446280
4 1 0.233904 0.033930 0.015214 0.000217 0.716735
4 1 0.171598 0.333513 0.029764 0.000004 0.465121
0 1 0.484389 0.081573 0.019604 0.000036 0.414398
0 1 0.517012 0.020723 0.005865 0.000005 0.456396
0 0 0.424858 0.242346 0.043697 0.000087 0.289012
1 0 0.289922 0.466844 0.035673 0.000004 0.207557
1 0 0.309118 0.396106 0.029321 0.000002 0.265453
4 1 0.066016 0.184573 0.022125 0.000008 0.727278
4 4 0.021249 0.020302 0.007213 0.000063 0.951173
4 4 0.002002 0.176638 0.028923 0.000050 0.792388
4 4 0.004605 0.449312 0.079479 0.000001 0.466603
4 4 0.008550 0.228384 0.095184 0.000002 0.667880
4 4 0.076358 0.263987 0.019964 0.000001 0.639690
4 4 0.088569 0.304926 0.041906 0.000049 0.564550
4 4 0.377190 0.153032 0.021191 0.000007 0.448581
4 4 0.100269 0.118625 0.064848 0.000406 0.715852
0 4 0.437711 0.359275 0.057521 0.000141 0.145351
1 4 0.081173 0.645540 0.038359 0.000003 0.234924
4 4 0.097764 0.027908 0.012198 0.000181 0.861949
4 4 0.169172 0.025474 0.011917 0.000172 0.793265
4 4 0.036078 0.020500 0.010173 0.000319 0.932930
4 4 0.182108 0.016999 0.006526 0.000024 0.794343
4 4 0.009833 0.352324 0.028207 0.000003 0.609633
4 4 0.177423 0.215342 0.062385 0.000449 0.544401
1 4 0.015372 0.505020 0.064203 0.000019 0.415385
4 4 0.008173 0.099044 0.028580 0.000880 0.863324
4 4 0.005796 0.445372 0.040604 0.000009 0.508219
1 4 0.005999 0.554849 0.165531 0.000003 0.273618
4 4 0.014068 0.040049 0.017164 0.000913 0.927805
4 4 0.009899 0.022036 0.006730 0.000047 0.961287
1 4 0.020849 0.728383 0.065938 0.000000 0.184831
1 4 0.012342 0.617972 0.088231 0.000016 0.281440
1 4 0.117672 0.816372 0.017982 0.000000 0.047975
1 4 0.048685 0.772424 0.076284 0.000012 0.102595
1 4 0.078950 0.655328 0.064125 0.000004 0.201594
4 4 0.100649 0.249240 0.146125 0.000072 0.503915
1 2 0.001205 0.632377 0.095937 0.000030 0.270451
4 2 0.003899 0.384784 0.218161 0.000135 0.393021
2 2 0.000567 0.376231 0.556948 0.000038 0.066216
2 2 0.000024 0.023036 0.957700 0.000954 0.018287
2 2 0.000328 0.440969 0.493752 0.000006 0.064944
2 2 0.007168 0.267778 0.658186 0.000623 0.066245
2 2 0.000314 0.025059 0.971568 0.000001 0.003059
2 2 0.006199 0.065410 0.896167 0.000054 0.032170
2 2 0.000091 0.344660 0.620817 0.000001 0.034431
2 2 0.000216 0.011007 0.986055 0.000217 0.002504
4 2 0.062433 0.201346 0.079435 0.000000 0.656785
4 2 0.004127 0.240581 0.097814 0.000003 0.657476
2 2 0.000040 0.068694 0.922403 0.000002 0.008861
1 2 0.029157 0.477877 0.436922 0.000018 0.056026
2 2 0.000414 0.133743 0.856192 0.000000 0.009651
2 2 0.004763 0.099348 0.852585 0.000013 0.043292
2 2 0.002399 0.140373 0.854629 0.000000 0.002599
2 2 0.020112 0.197980 0.749727 0.000100 0.032080
2 2 0.002124 0.109411 0.723082 0.000001 0.165382
2 2 0.000905 0.017302 0.972199 0.000065 0.009529
2 2 0.000142 0.002651 0.997078 0.000091 0.000038
2 2 0.001685 0.009738 0.987247 0.000137 0.001194
2 2 0.023153 0.100197 0.684840 0.000084 0.191727
2 2 0.000087 0.034775 0.963349 0.000011 0.001779
2 2 0.000192 0.013939 0.985789 0.000008 0.000072
0 2 0.648194 0.301976 0.045533 0.000000 0.004296
1 2 0.059256 0.476520 0.384207 0.000044 0.079973
1 2 0.039372 0.772143 0.154434 0.000012 0.034039
0 2 0.643007 0.111130 0.025302 0.000001 0.220560
2 2 0.008852 0.184883 0.610055 0.000079 0.196131
2 2 0.000014 0.005518 0.994257 0.000003 0.000208
2 2 0.000038 0.008429 0.990556 0.000072 0.000904
2 2 0.001320 0.070819 0.868364 0.000004 0.059494
2 2 0.000312 0.009833 0.988268 0.000006 0.001580
2 2 0.000000 0.002763 0.997116 0.000008 0.000113
2 2 0.000075 0.005697 0.993757 0.000036 0.000436
2 2 0.000570 0.037427 0.959819 0.000059 0.002125
2 2 0.005691 0.024048 0.969751 0.000106 0.000404
2 2 0.014083 0.035478 0.945532 0.000237 0.004670
2 2 0.062868 0.080938 0.751687 0.014493 0.090013
2 2 0.000187 0.036878 0.961263 0.000057 0.001614
2 2 0.000021 0.001936 0.997891 0.000135 0.000016
2 2 0.014144 0.203922 0.750860 0.003276 0.027798
2 2 0.000472 0.023607 0.974523 0.000129 0.001269
2 2 0.001574 0.019308 0.977255 0.000766 0.001096
2 2 0.000463 0.001706 0.996573 0.001248 0.000010
2 2 0.000868 0.045472 0.953107 0.000023 0.000530
2 2 0.000651 0.008453 0.968011 0.022814 0.000071
2 2 0.000047 0.003794 0.995327 0.000759 0.000074
2 2 0.000226 0.006166 0.991500 0.001713 0.000395
2 2 0.000041 0.026803 0.972589 0.000170 0.000397
2 2 0.000008 0.000890 0.988920 0.010170 0.000012
2 2 0.000073 0.001874 0.988416 0.009624 0.000013
2 2 0.003006 0.019750 0.971246 0.003685 0.002314
2 2 0.000142 0.004861 0.994916 0.000049 0.000032
2 2 0.001183 0.013633 0.978374 0.006362 0.000449
2 2 0.000000 0.000432 0.999307 0.000258 0.000002
2 2 0.000003 0.000062 0.980707 0.019228 0.000000
2 2 0.000000 0.000076 0.969866 0.030058 0.000000
2 2 0.000001 0.000002 0.564472 0.435525 0.000000
2 2 0.000145 0.009607 0.989472 0.000731 0.000045
2 2 0.000479 0.004049 0.987088 0.008340 0.000044
2 2 0.000000 0.000051 0.966177 0.033772 0.000000
3 2 0.000000 0.000037 0.459622 0.540341 0.000000
2 2 0.000028 0.000372 0.796232 0.203364 0.000004
2 3 0.000011 0.000169 0.561473 0.438346 0.000001
2 3 0.000027 0.002796 0.718699 0.278378 0.000100
3 3 0.001366 0.001891 0.215212 0.781322 0.000209
2 3 0.000002 0.000309 0.589059 0.410627 0.000002
3 3 0.000000 0.000016 0.083768 0.916215 0.000001
2 3 0.000001 0.001321 0.965976 0.032674 0.000029
2 3 0.000000 0.000417 0.574259 0.425322 0.000002
2 3 0.000000 0.000132 0.558793 0.441074 0.000001
3 3 0.000012 0.000262 0.325702 0.674007 0.000018
3 3 0.000000 0.000049 0.336274 0.663677 0.000000
2 3 0.000025 0.004019 0.599741 0.396153 0.000063
3 3 0.000000 0.000136 0.359631 0.640232 0.000001
2 3 0.000005 0.000334 0.615022 0.384637 0.000002
2 3 0.000000 0.000001 0.955236 0.044763 0.000000
2 3 0.000004 0.000202 0.864010 0.135783 0.000001
2 3 0.000026 0.002768 0.850259 0.146920 0.000026
3 3 0.000000 0.000008 0.351784 0.648208 0.000000
2 3 0.000055 0.002702 0.944162 0.052983 0.000098
3 3 0.000000 0.000181 0.312442 0.687372 0.000004
3 3 0.000000 0.000024 0.151471 0.848505 0.000000
3 3 0.000000 0.000002 0.028265 0.971732 0.000000
3 3 0.000000 0.000042 0.235694 0.764264 0.000000
2 3 0.000000 0.000049 0.800220 0.199732 0.000000
3 3 0.000000 0.000103 0.354490 0.645406 0.000001
2 3 0.000000 0.000008 0.651554 0.348439 0.000000
3 3 0.000000 0.000026 0.087338 0.912635 0.000000
3 3 0.000000 0.000006 0.233524 0.766470 0.000000
3 3 0.000295 0.001420 0.442214 0.556037 0.000034
3 3 0.000001 0.000191 0.496221 0.503586 0.000000
3 3 0.000001 0.000099 0.084910 0.914990 0.000001
3 3 0.000004 0.000055 0.006521 0.993417 0.000003
3 3 0.000008 0.000721 0.137751 0.861505 0.000015
3 3 0.000003 0.000479 0.096519 0.902996 0.000005
3 3 0.000022 0.000490 0.265026 0.734458 0.000004
3 3 0.000001 0.000071 0.064244 0.935684 0.000000
2 3 0.000000 0.000943 0.770963 0.228094 0.000001
2 3 0.000013 0.000412 0.963225 0.036349 0.000001
3 3 0.000000 0.000242 0.216209 0.783548 0.000001
3 3 0.000000 0.000018 0.143898 0.856083 0.000000
3 3 0.000000 0.000000 0.070236 0.929764 0.000000
3 3 0.000051 0.000118 0.372392 0.627437 0.000001
3 3 0.000009 0.000046 0.058931 0.941012 0.000001
3 3 0.000003 0.000131 0.069372 0.930492 0.000002
3 3 0.000000 0.000003 0.066420 0.933576 0.000000
3 3 0.000000 0.000003 0.016903 0.983093 0.000000
3 3 0.000000 0.000062 0.382812 0.617126 0.000000
3 3 0.000009 0.000190 0.197553 0.802243 0.000005
3 3 0.000004 0.000744 0.327158 0.672084 0.000010
3 3 0.000003 0.000153 0.459726 0.540118 0.000001
3 3 0.000035 0.000228 0.452679 0.547054 0.000005
2 3 0.000175 0.002799 0.558671 0.438297 0.000059
3 3 0.000001 0.000281 0.242320 0.757392 0.000005
3 3 0.000141 0.002280 0.339614 0.657749 0.000216
3 3 0.000000 0.000016 0.077590 0.922394 0.000000
3 3 0.000000 0.000006 0.158062 0.841932 0.000000
3 3 0.000000 0.000044 0.022855 0.977100 0.000001
3 3 0.001319 0.001921 0.076376 0.919978 0.000407
3 3 0.000000 0.000098 0.043896 0.955998 0.000008
3 3 0.000001 0.000066 0.073085 0.926845 0.000003
4 0 0.431901 0.070394 0.026459 0.000326 0.470920
0 0 0.800910 0.094938 0.069404 0.001331 0.033416
1 0 0.367448 0.505491 0.074537 0.000337 0.052188
1 0 0.152600 0.682473 0.120479 0.000017 0.044432
2 1 0.002655 0.256549 0.706541 0.001172 0.033082
2 2 0.014371 0.344934 0.441165 0.000339 0.199192
2 2 0.000036 0.037850 0.960698 0.001020 0.000396
2 2 0.000068 0.012958 0.985155 0.000035 0.001784
1 2 0.331764 0.377578 0.179274 0.000268 0.111116
0 1 0.879392 0.059083 0.019038 0.000233 0.042255
2 1 0.083806 0.366238 0.476387 0.006239 0.067330
2 1 0.000226 0.088304 0.896442 0.000149 0.014879
2 2 0.000026 0.008902 0.989828 0.000675 0.000570
2 2 0.009049 0.044557 0.862777 0.005990 0.077627
4 4 0.026015 0.217675 0.023528 0.000011 0.732772
4 4 0.031228 0.241245 0.147705 0.000138 0.579683
4 4 0.004908 0.145768 0.016197 0.000012 0.833115
1 4 0.003489 0.474535 0.049241 0.000004 0.472731
4 4 0.006663 0.343955 0.203505 0.000189 0.445688
4 4 0.004548 0.074627 0.033025 0.000017 0.887782
4 4 0.207213 0.279719 0.054815 0.000214 0.458040
1 4 0.255054 0.469761 0.060691 0.000009 0.214484
4 4 0.000770 0.395432 0.101887 0.000029 0.501881
1 4 0.013388 0.489109 0.069467 0.000010 0.428026
4 4 0.098022 0.070093 0.023462 0.000278 0.808146
4 4 0.018995 0.154010 0.079621 0.000908 0.746465
4 4 0.262930 0.110623 0.030017 0.000152 0.596277
4 4 0.043951 0.345413 0.057326 0.000267 0.553043
4 4 0.029274 0.039945 0.013055 0.000136 0.917590
4 4 0.195288 0.208152 0.063177 0.001294 0.532089
1 4 0.072972 0.711975 0.046744 0.000009 0.168300
0 4 0.400104 0.230605 0.096988 0.000252 0.272050
4 4 0.286142 0.207125 0.035064 0.000042 0.471626
4 4 0.100167 0.114425 0.029816 0.000191 0.755401
4 4 0.103879 0.109957 0.029410 0.000199 0.756554
4 4 0.095491 0.361185 0.046506 0.000049 0.496769
4 4 0.009520 0.058046 0.012537 0.000052 0.919845
4 4 0.188112 0.150970 0.032493 0.000091 0.628335
0 4 0.491306 0.156717 0.032172 0.000065 0.319740
1 4 0.325476 0.464567 0.100880 0.000046 0.109032
1 4 0.001259 0.901922 0.062601 0.000000 0.034218
4 4 0.004883 0.311279 0.080965 0.000008 0.602866
4 4 0.025441 0.160557 0.029414 0.000107 0.784480
4 4 0.028221 0.203634 0.056996 0.000095 0.711053
4 4 0.003283 0.238166 0.110050 0.000210 0.648292
4 4 0.005516 0.191210 0.124251 0.000008 0.679015
1 4 0.047144 0.728912 0.069917 0.000001 0.154027
1 4 0.001096 0.508246 0.158986 0.000002 0.331670
1 4 0.122046 0.433803 0.043144 0.000006 0.401002
1 4 0.000647 0.592667 0.104129 0.000000 0.302556
1 4 0.007905 0.641936 0.198750 0.000003 0.151406
1 4 0.091478 0.329746 0.253601 0.000137 0.325038
1 4 0.003391 0.597171 0.127399 0.000013 0.272027
4 4 0.050255 0.241786 0.087933 0.000671 0.619355
4 4 0.044074 0.370291 0.154535 0.000201 0.430899
4 4 0.082731 0.264540 0.134211 0.000116 0.518403
4 4 0.000249 0.349371 0.117664 0.000001 0.532715
4 4 0.018243 0.425542 0.129731 0.000050 0.426433
2 4 0.002325 0.327404 0.380578 0.000081 0.289611
2 2 0.008365 0.196992 0.696610 0.006670 0.091363
1 2 0.016379 0.672539 0.098396 0.000004 0.212682
2 2 0.000470 0.100466 0.852561 0.000019 0.046484
1 2 0.005201 0.609592 0.270499 0.000008 0.114699
2 2 0.006723 0.236562 0.723035 0.000168 0.033513
2 2 0.000085 0.002211 0.996230 0.001429 0.000045
2 2 0.003041 0.028505 0.958245 0.006895 0.003314
2 2 0.001309 0.110524 0.883324 0.000122 0.004722
2 2 0.359420 0.059233 0.576682 0.000148 0.004517
0 0 0.661751 0.062528 0.267342 0.000873 0.007506
0 0 0.995996 0.001419 0.001303 0.000012 0.001270
1 0 0.436131 0.449510 0.060241 0.000139 0.053979
0 0 0.968588 0.010648 0.009169 0.000174 0.011420
0 0 0.726200 0.163974 0.052308 0.001710 0.055809
1 0 0.297274 0.501502 0.167596 0.000081 0.033548
1 0 0.441635 0.485123 0.040519 0.000008 0.032714
1 0 0.020721 0.903777 0.068778 0.000001 0.006722
0 0 0.952332 0.036342 0.005024 0.000002 0.006300
4 0 0.062917 0.286983 0.116175 0.000587 0.533338
2 0 0.111457 0.192353 0.679789 0.008879 0.007522
0 0 0.758824 0.058553 0.177313 0.000083 0.005227
1 0 0.433181 0.512728 0.034278 0.000006 0.019807
0 0 0.908252 0.046893 0.012251 0.000050 0.032554
0 0 0.926379 0.035677 0.009888 0.000043 0.028014
4 0 0.348330 0.130172 0.036055 0.000132 0.485312
1 1 0.004651 0.742594 0.218819 0.000000 0.033936
2 2 0.000749 0.253838 0.738979 0.000004 0.006430
2 2 0.011059 0.325525 0.559871 0.000006 0.103538
2 2 0.012370 0.161467 0.786088 0.000609 0.039466
1 2 0.110971 0.702695 0.077026 0.000071 0.109237
4 2 0.030898 0.228993 0.025918 0.000014 0.714177
2 2 0.018118 0.427479 0.447659 0.000002 0.106741
2 2 0.000368 0.184375 0.782527 0.000221 0.032508
2 2 0.000015 0.004796 0.991024 0.000255 0.003909
2 2 0.000371 0.120318 0.863119 0.000002 0.016190
2 2 0.031592 0.097192 0.628405 0.000158 0.242654
2 2 0.002480 0.018701 0.930882 0.000084 0.047853
2 2 0.034191 0.395223 0.434554 0.000004 0.136028
2 2 0.002859 0.210365 0.658396 0.000188 0.128192
2 2 0.000003 0.097660 0.902149 0.000008 0.000179
2 2 0.000382 0.056822 0.941674 0.000024 0.001098
2 2 0.000975 0.049657 0.908116 0.000065 0.041187
2 2 0.001997 0.062686 0.869427 0.002285 0.063605
2 2 0.000905 0.054304 0.912608 0.000188 0.031996
2 2 0.000565 0.129705 0.845409 0.000005 0.024316
2 2 0.011761 0.236751 0.574199 0.000297 0.176991
2 2 0.000781 0.201998 0.763365 0.000031 0.033825
2 2 0.000234 0.146371 0.845243 0.000029 0.008124
2 2 0.000809 0.012473 0.986365 0.000077 0.000277
2 2 0.001668 0.334952 0.660577 0.000034 0.002769
2 2 0.006661 0.252040 0.733561 0.000055 0.007683
2 2 0.000990 0.034392 0.961362 0.000491 0.002765
2 2 0.000134 0.049600 0.947156 0.000173 0.002935
2 2 0.000030 0.020124 0.978284 0.000002 0.001561
2 2 0.000259 0.014062 0.985351 0.000041 0.000288
2 2 0.003654 0.066831 0.929092 0.000011 0.000412
2 2 0.001001 0.057638 0.935012 0.000326 0.006022
2 2 0.001553 0.036990 0.957817 0.000142 0.003498
2 2 0.000500 0.003030 0.995989 0.000444 0.000037
2 2 0.000458 0.036945 0.961050 0.000082 0.001465
2 2 0.034623 0.036528 0.927220 0.000168 0.001461
2 2 0.026198 0.241360 0.724337 0.003345 0.004760
0 2 0.758898 0.078595 0.088818 0.003302 0.070387
1 2 0.179930 0.612189 0.077515 0.000013 0.130354
1 0 0.143179 0.345532 0.204224 0.000801 0.306264
1 0 0.170669 0.705480 0.017635 0.000000 0.106216
0 0 0.894524 0.078508 0.012768 0.000016 0.014185
1 1 0.012294 0.501331 0.133244 0.000036 0.353096
1 2 0.000078 0.500899 0.380624 0.000007 0.118393
2 2 0.000331 0.232091 0.728233 0.000001 0.039344
2 2 0.003867 0.197444 0.703004 0.000019 0.095667
1 2 0.004179 0.796207 0.132146 0.000000 0.067468
0 2 0.652803 0.280193 0.041885 0.000026 0.025093
0 0 0.997059 0.001038 0.000467 0.000002 0.001434
0 0 0.976839 0.008666 0.004575 0.000147 0.009773
0 0 0.834060 0.068965 0.028677 0.001078 0.067220
0 0 0.997079 0.001531 0.000391 0.000000 0.000999
0 0 0.995890 0.001463 0.000678 0.000004 0.001964
0 0 0.995393 0.001645 0.000770 0.000005 0.002187
0 0 0.982370 0.006483 0.004451 0.000139 0.006558
0 0 0.934444 0.042958 0.009669 0.000029 0.012899
0 0 0.913355 0.075782 0.006192 0.000000 0.004671
0 0 0.576097 0.284076 0.137897 0.000013 0.001918
0 0 0.792511 0.104711 0.031925 0.000069 0.070785
0 0 0.936808 0.045068 0.008006 0.000010 0.010108
0 0 0.962506 0.028717 0.003814 0.000001 0.004963
0 0 0.969081 0.021558 0.003814 0.000003 0.005544
0 0 0.830817 0.091798 0.033810 0.001254 0.042321
0 0 0.561299 0.194529 0.034526 0.000052 0.209594
0 0 0.909485 0.030365 0.012354 0.000203 0.047593
0 0 0.951959 0.017779 0.010204 0.000730 0.019329
0 0 0.709546 0.208346 0.049538 0.000114 0.032456
0 0 0.489500 0.438804 0.028139 0.000002 0.043555
0 0 0.988424 0.004218 0.002138 0.000037 0.005183
0 0 0.750464 0.190272 0.030923 0.000074 0.028267
0 0 0.984527 0.005667 0.002946 0.000068 0.006793
0 0 0.779551 0.181656 0.020781 0.000012 0.018000
0 0 0.942197 0.021381 0.012474 0.001075 0.022872
0 0 0.948397 0.018445 0.006281 0.000036 0.026842
0 0 0.899098 0.042992 0.012119 0.000054 0.045736
0 0 0.766815 0.157770 0.030354 0.000101 0.044960
0 0 0.800547 0.115706 0.019358 0.000020 0.064370
2 0 0.323002 0.252208 0.402273 0.000035 0.022481
0 0 0.946193 0.023893 0.010890 0.000376 0.018647
0 0 0.984843 0.005549 0.002879 0.000065 0.006663
0 0 0.961582 0.018573 0.006651 0.000069 0.013124
0 0 0.925065 0.009946 0.004549 0.000035 0.060405
0 0 0.960524 0.014730 0.003673 0.000004 0.021069
0 0 0.997470 0.000889 0.000395 0.000002 0.001244
0 0 0.988245 0.004017 0.002797 0.000030 0.004911
0 0 0.999086 0.000311 0.000127 0.000000 0.000476
0 0 0.995752 0.001514 0.000703 0.000005 0.002026
0 0 0.971586 0.011531 0.005592 0.000154 0.011137
0 0 0.954340 0.008300 0.003906 0.000038 0.033417
0 0 0.905216 0.016822 0.008359 0.000152 0.069451
0 0 0.866292 0.029209 0.015700 0.000664 0.088134
0 0 0.988296 0.004265 0.002164 0.000038 0.005236
0 0 0.974764 0.017721 0.003010 0.000002 0.004504
0 0 0.988535 0.004581 0.002009 0.000020 0.004854
0 0 0.966848 0.018606 0.005081 0.000018 0.009448
0 0 0.959832 0.022668 0.007267 0.000032 0.010200
0 0 0.951094 0.018099 0.010404 0.000758 0.019646
0 0 0.963853 0.013367 0.007482 0.000402 0.014896
0 0 0.950858 0.013896 0.007335 0.000228 0.027684
0 0 0.927017 0.045609 0.011621 0.000060 0.015693
0 0 0.849121 0.057415 0.057941 0.001023 0.034500
0 0 0.573319 0.162258 0.078759 0.010979 0.174685
0 0 0.971795 0.007598 0.003784 0.000061 0.016761
0 0 0.989016 0.003998 0.002017 0.000033 0.004935
0 0 0.992465 0.002722 0.001329 0.000015 0.003469
0 0 0.938161 0.013761 0.006958 0.000144 0.040976
0 0 0.957052 0.010171 0.004506 0.000044 0.028227
0 0 0.952244 0.015057 0.008183 0.000340 0.024176
0 0 0.927024 0.007653 0.003327 0.000015 0.061981
0 0 0.913431 0.006439 0.002650 0.000007 0.077473
0 0 0.963204 0.012512 0.004967 0.000045 0.019272
0 0 0.964494 0.010734 0.003551 0.000011 0.021210
0 0 0.774494 0.018984 0.008717 0.000079 0.197726
0 0 0.903275 0.027086 0.015101 0.000886 0.053653
0 0 0.969215 0.008333 0.004185 0.000075 0.018193
0 0 0.944784 0.020890 0.006047 0.000018 0.028261
0 0 0.802092 0.020706 0.006557 0.000012 0.170632
0 0 0.845803 0.066989 0.008878 0.000002 0.078328
0 0 0.981577 0.008113 0.003161 0.000028 0.007122
0 0 0.936091 0.021616 0.008740 0.000116 0.033438
0 0 0.886775 0.021897 0.006814 0.000017 0.084496
0 0 0.955646 0.010453 0.003655 0.000012 0.030234
0 0 0.690042 0.187323 0.092820 0.001680 0.028136
0 0 0.994943 0.001810 0.000854 0.000007 0.002387
0 0 0.787167 0.025621 0.012582 0.000225 0.174405
1 0 0.278591 0.420456 0.074386 0.000068 0.226498
0 0 0.992420 0.002738 0.001338 0.000015 0.003489
0 0 0.801482 0.070481 0.046086 0.014567 0.067385
0 0 0.957975 0.027671 0.005461 0.000007 0.008885
1 0 0.410776 0.476015 0.042479 0.000014 0.070715
0 0 0.794747 0.160000 0.021200 0.000017 0.024036
0 0 0.859612 0.083250 0.018768 0.000068 0.038302
0 0 0.774356 0.050529 0.007788 0.000001 0.167326
0 0 0.574866 0.244954 0.042999 0.000096 0.137085
1 1 0.140320 0.399696 0.061088 0.000146 0.398749
1 1 0.033467 0.521260 0.072265 0.000321 0.372687
4 1 0.041673 0.295938 0.048695 0.000121 0.613572
4 1 0.006673 0.392490 0.099978 0.000039 0.500820
4 1 0.004300 0.248237 0.122603 0.000223 0.624638
1 1 0.048560 0.404417 0.277451 0.000070 0.269502
4 1 0.285473 0.069083 0.012659 0.000006 0.632780
4 1 0.034022 0.162128 0.037127 0.000028 0.766695
2 1 0.000426 0.253583 0.388787 0.000043 0.357161
2 1 0.001796 0.322698 0.438895 0.000638 0.235973
4 1 0.007240 0.278354 0.076993 0.000014 0.637400
4 1 0.013161 0.194979 0.023736 0.000004 0.768120
0 1 0.930933 0.052671 0.005880 0.000001 0.010515
1 0 0.454197 0.475321 0.062678 0.000007 0.007797
1 0 0.444688 0.478099 0.029898 0.000002 0.047312
1 0 0.056089 0.851579 0.055161 0.000031 0.037139
4 0 0.096036 0.361037 0.101984 0.000041 0.440902
4 1 0.303854 0.143338 0.045458 0.000010 0.507339
1 2 0.036492 0.567209 0.151953 0.000035 0.244310
1 2 0.009977 0.778405 0.152343 0.000003 0.059271
1 2 0.003265 0.844872 0.088198 0.000000 0.063664
1 2 0.148229 0.431775 0.184706 0.000242 0.235048
2 2 0.000550 0.269151 0.548522 0.000007 0.181769
2 2 0.000080 0.073231 0.919624 0.001913 0.005152
2 2 0.000049 0.057088 0.825277 0.000050 0.117536
2 2 0.003329 0.112649 0.461169 0.000539 0.422314
2 2 0.001633 0.335759 0.415745 0.000008 0.246855
1 2 0.008496 0.450360 0.283598 0.000032 0.257514
1 2 0.002728 0.550593 0.346951 0.000001 0.099727
4 2 0.001823 0.288499 0.137335 0.000001 0.572342
1 2 0.033293 0.700767 0.087161 0.000006 0.178773
1 2 0.000672 0.636958 0.294485 0.000003 0.067882
2 2 0.053665 0.390731 0.425991 0.000563 0.129050
4 2 0.013107 0.209911 0.225690 0.000223 0.551069
1 2 0.091852 0.555353 0.053243 0.000010 0.299543
1 2 0.335989 0.433872 0.100732 0.000258 0.129149
1 2 0.006476 0.563209 0.216998 0.000019 0.213298
1 2 0.001621 0.678299 0.295868 0.000003 0.024209
2 2 0.001112 0.359869 0.607101 0.001012 0.030906
2 2 0.008283 0.221253 0.695400 0.000266 0.074797
1 2 0.113076 0.573378 0.220422 0.000080 0.093044
1 2 0.026279 0.570007 0.194543 0.000015 0.209154
1 2 0.010447 0.637800 0.136309 0.000001 0.215442
1 2 0.010958 0.626052 0.139542 0.000008 0.223440
2 2 0.000963 0.064331 0.912615 0.000048 0.022042
2 2 0.003190 0.016999 0.975958 0.000059 0.003795
4 2 0.032876 0.405239 0.147935 0.000000 0.413949
2 2 0.000755 0.141032 0.819473 0.000012 0.038728
2 2 0.036188 0.076720 0.869685 0.000175 0.017233
2 2 0.005407 0.018957 0.973998 0.000080 0.001558
1 2 0.260471 0.404087 0.253623 0.000000 0.081820
2 2 0.024176 0.194582 0.665439 0.000002 0.115801
2 2 0.000171 0.080114 0.918492 0.000001 0.001222
2 2 0.060717 0.118523 0.813825 0.000120 0.006814
0 0 0.753307 0.181093 0.033614 0.000132 0.031855
0 0 0.808628 0.112957 0.038631 0.000637 0.039147
0 0 0.752158 0.111969 0.104512 0.000224 0.031138
0 0 0.465822 0.320500 0.107476 0.000456 0.105747
4 1 0.042789 0.290199 0.062249 0.000050 0.604713
1 1 0.026519 0.696457 0.103309 0.000032 0.173683
4 1 0.069018 0.341287 0.212396 0.000003 0.377297
1 1 0.006256 0.457682 0.377887 0.000002 0.158172
2 2 0.005094 0.182999 0.676940 0.000570 0.134398
4 2 0.148939 0.208219 0.143804 0.000214 0.498823
2 2 0.000254 0.407520 0.579535 0.000000 0.012691
2 2 0.012740 0.064445 0.849228 0.000031 0.073557
2 2 0.000767 0.415123 0.557564 0.000001 0.026545
2 2 0.000109 0.325713 0.578346 0.000001 0.095832
0 2 0.529669 0.449139 0.013875 0.000000 0.007318
0 0 0.932754 0.061491 0.003193 0.000000 0.002562
1 0 0.069480 0.852718 0.062359 0.000008 0.015435
1 1 0.202252 0.696586 0.045082 0.000008 0.056071
1 1 0.006739 0.660710 0.233771 0.000007 0.098774
1 1 0.066759 0.695049 0.069463 0.000026 0.168703
0 1 0.436027 0.390540 0.109820 0.001133 0.062481
1 1 0.161100 0.667667 0.093217 0.000552 0.077465
2 1 0.015407 0.353912 0.469942 0.000017 0.160723
2 2 0.000524 0.144230 0.802773 0.000004 0.052469
2 2 0.000002 0.000493 0.999460 0.000034 0.000010
2 2 0.004151 0.006673 0.987070 0.000489 0.001617
2 2 0.000140 0.070146 0.927053 0.000011 0.002650
2 2 0.003002 0.081146 0.879783 0.000003 0.036066
2 2 0.009268 0.020157 0.969362 0.000054 0.001159
2 2 0.000103 0.001830 0.998010 0.000003 0.000054
2 2 0.010316 0.038619 0.945024 0.000469 0.005573
2 2 0.000023 0.003986 0.995894 0.000003 0.000094
2 2 0.000439 0.007803 0.991021 0.000001 0.000736
2 2 0.000014 0.000803 0.999067 0.000032 0.000083
2 2 0.001870 0.019040 0.978864 0.000006 0.000220
2 2 0.000051 0.066410 0.931541 0.000024 0.001973
2 2 0.000143 0.005263 0.993973 0.000072 0.000549
2 2 0.000554 0.114067 0.880958 0.000085 0.004336
2 2 0.132131 0.330100 0.440201 0.000162 0.097406
0 1 0.725059 0.227038 0.026277 0.000019 0.021607
1 1 0.367285 0.419813 0.063303 0.000150 0.149448
1 1 0.012338 0.703358 0.050687 0.000001 0.233617
1 1 0.001903 0.581509 0.102304 0.000001 0.314284
4 2 0.012020 0.356160 0.249708 0.000076 0.382035
1 2 0.003593 0.578966 0.271808 0.000002 0.145631
1 2 0.004290 0.673070 0.105157 0.000023 0.217461
4 2 0.200498 0.286044 0.034579 0.000000 0.478879
4 2 0.048164 0.281889 0.091433 0.000011 0.578503
0 2 0.675497 0.285295 0.037916 0.000000 0.001291
1 2 0.195143 0.760799 0.031006 0.000002 0.013051
1 2 0.259549 0.403211 0.124090 0.007698 0.205451
2 2 0.020872 0.263850 0.671258 0.000004 0.044017
2 2 0.000302 0.018792 0.979345 0.000639 0.000922
2 2 0.002888 0.072769 0.923336 0.000063 0.000945
2 2 0.000006 0.008157 0.991774 0.000033 0.000029
2 2 0.000013 0.027525 0.972186 0.000008 0.000269
2 2 0.000138 0.097698 0.898802 0.000000 0.003362
2 2 0.001624 0.033688 0.961177 0.000006 0.003505
2 2 0.013770 0.022637 0.953086 0.000133 0.010374
2 2 0.003285 0.037113 0.956472 0.000803 0.002327
