4 0 0.252091 0.016814 0.001667 0.000001 0.729428
0 0 0.734818 0.148999 0.034456 0.000010 0.081717
0 0 0.999618 0.000135 0.000134 0.000002 0.000110
0 0 0.996073 0.002333 0.000513 0.000000 0.001081
0 0 0.999993 0.000002 0.000002 0.000000 0.000003
0 0 0.985352 0.010650 0.003950 0.000000 0.000048
0 0 0.931033 0.034597 0.012977 0.000148 0.021244
0 0 0.991009 0.000555 0.000147 0.000001 0.008288
0 0 0.978324 0.004002 0.000620 0.000000 0.017054
0 0 0.824650 0.050365 0.021040 0.003228 0.100716
0 0 0.884389 0.013699 0.002374 0.000004 0.099534
0 1 0.447128 0.387207 0.062644 0.000012 0.103008
1 1 0.041039 0.683659 0.213093 0.000014 0.062195
1 1 0.032415 0.678375 0.244575 0.000062 0.044572
4 1 0.008847 0.112921 0.184478 0.007195 0.686559
2 1 0.022372 0.280745 0.365493 0.013719 0.317671
1 1 0.022383 0.535196 0.338507 0.001533 0.102381
1 1 0.088681 0.452475 0.154146 0.000646 0.304053
2 1 0.006596 0.239758 0.677702 0.000027 0.075917
2 1 0.004080 0.130640 0.518872 0.013646 0.332761
4 1 0.011786 0.131463 0.193112 0.036826 0.626813
4 1 0.006023 0.114730 0.301722 0.006843 0.570682
2 1 0.002000 0.221022 0.666854 0.001006 0.109119
2 1 0.000553 0.124973 0.826441 0.001021 0.047012
2 1 0.003948 0.224696 0.562974 0.001373 0.207010
2 1 0.011595 0.320429 0.462846 0.008686 0.196444
2 1 0.004635 0.135763 0.458101 0.016388 0.385114
4 1 0.011517 0.164299 0.182914 0.001146 0.640123
2 1 0.000354 0.134644 0.831302 0.000166 0.033533
2 1 0.000888 0.194313 0.721748 0.000151 0.082901
4 1 0.011828 0.216308 0.284010 0.007690 0.480164
4 1 0.009235 0.084472 0.091682 0.001272 0.813339
4 1 0.008420 0.251548 0.291921 0.000179 0.447932
4 1 0.014798 0.199368 0.215417 0.000553 0.569865
1 1 0.070761 0.511532 0.177144 0.000160 0.240403
2 1 0.001748 0.133723 0.742100 0.076193 0.046235
2 1 0.011302 0.317510 0.455986 0.010270 0.204932
1 1 0.012786 0.487523 0.429841 0.001246 0.068604
2 1 0.008366 0.271848 0.496888 0.001424 0.221473
2 1 0.002595 0.149272 0.683525 0.115874 0.048734
2 2 0.000051 0.025817 0.923496 0.039407 0.011228
2 2 0.000044 0.024858 0.936557 0.026279 0.012263
2 2 0.000352 0.014376 0.634735 0.345250 0.005286
2 2 0.000419 0.042474 0.869105 0.081509 0.006493
2 2 0.004861 0.198181 0.625304 0.085475 0.086179
2 2 0.001147 0.060607 0.505509 0.295850 0.136887
2 2 0.000475 0.041450 0.565035 0.318191 0.074850
2 3 0.001827 0.097219 0.605716 0.152456 0.142783
2 3 0.000224 0.011592 0.831779 0.154891 0.001514
2 3 0.000149 0.041626 0.883928 0.052763 0.021533
3 3 0.000022 0.000785 0.114186 0.884862 0.000145
3 3 0.000000 0.000085 0.090894 0.908984 0.000037
3 3 0.000000 0.000003 0.034591 0.965406 0.000000
3 3 0.000000 0.000004 0.035825 0.964171 0.000000
3 3 0.002846 0.014538 0.123211 0.852817 0.006588
2 3 0.004483 0.097099 0.476095 0.369209 0.053114
3 3 0.000001 0.000492 0.387591 0.611755 0.000161
3 3 0.000522 0.011612 0.276245 0.706404 0.005217
3 3 0.000133 0.004059 0.095519 0.897952 0.002336
3 3 0.001042 0.029633 0.332343 0.618998 0.017984
3 3 0.000000 0.000007 0.024417 0.975572 0.000002
3 3 0.000000 0.000001 0.021320 0.978679 0.000000
3 3 0.000005 0.000143 0.142519 0.857266 0.000068
3 3 0.000030 0.000242 0.038561 0.961108 0.000059
3 3 0.000003 0.000235 0.058833 0.940864 0.000065
3 3 0.000357 0.008713 0.279602 0.700926 0.010402
3 3 0.000000 0.000001 0.018802 0.981197 0.000000
3 3 0.000002 0.000033 0.058446 0.941503 0.000016
3 3 0.000002 0.000073 0.056354 0.943540 0.000031
3 3 0.000005 0.000130 0.046488 0.953323 0.000053
3 3 0.000018 0.000667 0.106105 0.892864 0.000347
3 3 0.000000 0.000016 0.032731 0.967250 0.000002
3 3 0.000000 0.000006 0.010781 0.989212 0.000001
3 3 0.000191 0.000760 0.027687 0.971068 0.000293
3 3 0.000003 0.000018 0.006558 0.993417 0.000003
3 3 0.000206 0.001184 0.036376 0.961731 0.000502
3 3 0.000000 0.000000 0.001233 0.998767 0.000000
3 3 0.000001 0.000064 0.017106 0.982815 0.000014
3 3 0.003228 0.035923 0.361591 0.537165 0.062093
3 3 0.000179 0.001417 0.069636 0.928179 0.000589
3 3 0.000006 0.000047 0.018082 0.981851 0.000013
3 3 0.000006 0.000053 0.012502 0.987426 0.000012
3 3 0.000000 0.000009 0.046934 0.953055 0.000002
3 3 0.000003 0.000014 0.015359 0.984619 0.000004
3 3 0.000000 0.000006 0.022899 0.977092 0.000002
3 3 0.000014 0.000064 0.021415 0.978485 0.000022
3 3 0.000680 0.000931 0.020641 0.977394 0.000354
3 3 0.001106 0.001690 0.026879 0.969598 0.000728
2 3 0.006350 0.173615 0.741698 0.060196 0.018141
2 3 0.057192 0.158466 0.678695 0.082164 0.023484
3 3 0.003614 0.082845 0.286518 0.585968 0.041055
3 3 0.010130 0.121861 0.233456 0.546359 0.088193
4 3 0.141931 0.081289 0.011666 0.000002 0.765112
0 3 0.478631 0.137253 0.114400 0.000288 0.269428
1 3 0.079653 0.584181 0.233120 0.002463 0.100583
2 3 0.009753 0.286194 0.583843 0.080002 0.040208
2 3 0.000987 0.076524 0.631535 0.260456 0.030498
2 3 0.000131 0.029772 0.736919 0.220492 0.012686
4 3 0.014774 0.107308 0.180526 0.006630 0.690762
3 3 0.007493 0.103201 0.295091 0.439796 0.154418
3 3 0.004727 0.083928 0.278402 0.532190 0.100754
2 3 0.000395 0.060619 0.776850 0.147825 0.014310
2 2 0.000208 0.039390 0.717436 0.237216 0.005749
2 2 0.000001 0.004211 0.972936 0.022772 0.000081
1 2 0.046617 0.314050 0.308076 0.091401 0.239857
2 2 0.008605 0.111766 0.588955 0.243809 0.046865
2 2 0.002634 0.095464 0.457255 0.380738 0.063908
3 2 0.002345 0.049833 0.294220 0.635700 0.017901
1 2 0.038615 0.551224 0.335923 0.019302 0.054935
2 2 0.008384 0.402804 0.567449 0.008336 0.013028
2 2 0.000149 0.021655 0.545378 0.394301 0.038517
2 2 0.015472 0.209214 0.528652 0.014332 0.232329
3 2 0.000912 0.024611 0.411135 0.559646 0.003695
2 2 0.002225 0.101694 0.521464 0.337753 0.036863
2 2 0.000070 0.012742 0.790622 0.190342 0.006224
3 2 0.002044 0.052645 0.232408 0.683191 0.029712
2 2 0.004372 0.096422 0.455638 0.414203 0.029365
2 2 0.010101 0.217331 0.465836 0.132834 0.173897
2 2 0.018433 0.294192 0.409715 0.091707 0.185952
3 2 0.000954 0.016372 0.167391 0.800879 0.014404
3 2 0.000333 0.022769 0.284981 0.676135 0.015781
2 2 0.000462 0.049015 0.665528 0.228805 0.056190
2 2 0.000009 0.001382 0.834784 0.163250 0.000575
2 2 0.000071 0.016784 0.648163 0.330196 0.004787
3 2 0.003961 0.080086 0.257908 0.612532 0.045513
3 3 0.002024 0.061254 0.285566 0.623684 0.027472
3 3 0.000000 0.000310 0.253275 0.746343 0.000071
3 3 0.000016 0.000634 0.142893 0.856357 0.000101
3 3 0.000824 0.003664 0.047173 0.946498 0.001841
3 3 0.000011 0.000193 0.034589 0.965140 0.000068
3 3 0.000002 0.000124 0.035839 0.964005 0.000030
3 3 0.000009 0.000316 0.079823 0.919764 0.000089
3 3 0.000041 0.000772 0.036312 0.962598 0.000278
3 3 0.000001 0.000174 0.158063 0.841742 0.000020
3 3 0.000185 0.000576 0.020848 0.978194 0.000198
3 3 0.000020 0.000515 0.033318 0.965977 0.000170
3 3 0.000001 0.000106 0.344128 0.655762 0.000002
2 3 0.000026 0.006782 0.610316 0.382543 0.000333
3 3 0.000009 0.001203 0.159317 0.838697 0.000775
3 3 0.000018 0.000477 0.103168 0.896253 0.000084
3 3 0.000499 0.006704 0.292282 0.699182 0.001334
3 3 0.000245 0.005113 0.255157 0.738938 0.000547
2 3 0.004638 0.132252 0.678706 0.175514 0.008889
2 3 0.002313 0.164134 0.719934 0.095160 0.018459
2 3 0.001025 0.060757 0.732445 0.194425 0.011348
2 3 0.000926 0.124550 0.823055 0.018798 0.032672
3 3 0.000028 0.000203 0.049426 0.950334 0.000008
3 3 0.000243 0.016342 0.446653 0.526613 0.010149
3 3 0.000175 0.011536 0.159267 0.823125 0.005897
3 3 0.000062 0.003781 0.179015 0.816333 0.000809
2 3 0.000186 0.023051 0.695999 0.275762 0.005001
2 3 0.000268 0.007516 0.525589 0.463098 0.003530
2 3 0.003990 0.136552 0.502141 0.309335 0.047982
2 3 0.001469 0.135348 0.773697 0.037389 0.052096
3 3 0.000027 0.005185 0.441849 0.546132 0.006808
3 3 0.000466 0.004937 0.176856 0.816115 0.001626
3 3 0.000599 0.003150 0.100673 0.893175 0.002403
3 3 0.000013 0.001481 0.185486 0.811933 0.001087
3 3 0.000968 0.003431 0.101866 0.891315 0.002420
1 3 0.229820 0.338958 0.317584 0.012591 0.101048
3 3 0.000898 0.018492 0.163536 0.809294 0.007780
3 3 0.000014 0.000112 0.013701 0.986146 0.000027
2 3 0.000084 0.025126 0.880106 0.079670 0.015015
2 3 0.001633 0.086189 0.537916 0.333418 0.040844
2 3 0.000006 0.005675 0.955704 0.038090 0.000524
2 2 0.028475 0.190997 0.328101 0.214301 0.238125
2 2 0.017830 0.317732 0.450189 0.121587 0.092662
2 4 0.032944 0.264610 0.387587 0.197457 0.117401
1 4 0.023997 0.407019 0.308615 0.004088 0.256281
4 4 0.034893 0.250390 0.171445 0.010155 0.533116
1 4 0.103171 0.450928 0.124280 0.000071 0.321549
1 4 0.097227 0.419803 0.149670 0.000172 0.333128
2 4 0.002617 0.142608 0.578961 0.002710 0.273104
4 4 0.006161 0.118784 0.268073 0.013932 0.593050
1 4 0.026041 0.410895 0.304474 0.006168 0.252423
1 4 0.058351 0.430281 0.166278 0.000074 0.345016
1 4 0.033163 0.371161 0.289285 0.000752 0.305639
4 4 0.011971 0.240258 0.365020 0.001038 0.381713
4 4 0.015923 0.119011 0.093574 0.000331 0.771161
4 4 0.009869 0.081298 0.116292 0.001343 0.791198
4 4 0.079598 0.150342 0.026767 0.000000 0.743294
4 4 0.015516 0.267230 0.203758 0.000027 0.513468
4 4 0.042418 0.245771 0.111265 0.000055 0.600492
1 4 0.057315 0.610518 0.175183 0.000003 0.156981
4 4 0.067167 0.087883 0.018539 0.000000 0.826411
4 4 0.060604 0.329733 0.133577 0.000187 0.475899
4 4 0.047666 0.145448 0.072380 0.002999 0.731507
4 4 0.037777 0.317079 0.167041 0.000183 0.477921
2 4 0.007666 0.359716 0.426887 0.000566 0.205166
2 4 0.002508 0.127980 0.568823 0.034937 0.265752
2 4 0.012045 0.355425 0.523156 0.021926 0.087449
2 4 0.008796 0.314823 0.542611 0.013293 0.120478
2 4 0.003564 0.220822 0.683891 0.017967 0.073755
2 4 0.002187 0.152490 0.731124 0.037711 0.076487
2 4 0.000386 0.122562 0.848388 0.000588 0.028076
2 4 0.000990 0.149191 0.817940 0.008130 0.023749
2 2 0.000834 0.049822 0.504348 0.406481 0.038514
2 2 0.010692 0.358820 0.546536 0.019204 0.064748
2 2 0.004555 0.285375 0.587435 0.000734 0.121900
2 2 0.013107 0.373881 0.418366 0.001757 0.192890
2 2 0.000057 0.018423 0.768511 0.205427 0.007581
2 2 0.000386 0.082913 0.884635 0.026338 0.005727
0 2 0.937860 0.040632 0.021189 0.000005 0.000314
0 0 0.998782 0.000873 0.000336 0.000000 0.000009
0 0 0.993474 0.001809 0.000363 0.000000 0.004354
0 0 0.921401 0.064226 0.006376 0.000000 0.007997
0 0 0.999578 0.000050 0.000073 0.000055 0.000244
0 0 0.980672 0.002158 0.001495 0.000047 0.015629
0 0 0.997247 0.001566 0.001170 0.000000 0.000017
0 0 0.983217 0.009653 0.006493 0.000037 0.000600
0 0 0.988048 0.001829 0.000564 0.000004 0.009555
0 0 0.995974 0.000770 0.000169 0.000000 0.003087
0 0 0.755009 0.046613 0.005044 0.000000 0.193334
4 0 0.245725 0.072109 0.006431 0.000000 0.675735
0 0 0.953916 0.008798 0.002421 0.000001 0.034864
0 0 0.992031 0.004462 0.000549 0.000000 0.002958
0 0 0.847982 0.016896 0.003854 0.000002 0.131267
0 0 0.970005 0.007820 0.003476 0.000200 0.018498
0 0 0.486685 0.394924 0.028579 0.000000 0.089813
0 0 0.996117 0.001601 0.000869 0.000012 0.001401
1 0 0.124425 0.651835 0.122316 0.000019 0.101404
1 0 0.028571 0.507798 0.301385 0.000164 0.162082
2 1 0.011369 0.431140 0.488026 0.003620 0.065845
2 1 0.002809 0.206998 0.707773 0.013094 0.069326
2 1 0.000458 0.085266 0.847423 0.003705 0.063148
2 1 0.000510 0.077632 0.873992 0.016236 0.031630
2 2 0.001906 0.195801 0.767188 0.014003 0.021102
2 2 0.000208 0.051296 0.867884 0.069307 0.011304
2 2 0.002717 0.192881 0.711028 0.018485 0.074890
3 2 0.009944 0.055618 0.328582 0.580857 0.024999
2 2 0.000037 0.031518 0.957577 0.003741 0.007128
2 2 0.004301 0.252425 0.675937 0.019425 0.047911
2 2 0.000011 0.016857 0.975146 0.003913 0.004073
2 2 0.000000 0.002819 0.995080 0.001789 0.000312
1 2 0.047017 0.340867 0.258717 0.183033 0.170367
1 2 0.032011 0.378098 0.355505 0.089820 0.144567
2 2 0.000028 0.020328 0.923653 0.053316 0.002675
2 2 0.000675 0.114038 0.848025 0.014292 0.022970
2 2 0.002017 0.156705 0.805896 0.029225 0.006157
2 2 0.000337 0.078407 0.885700 0.019179 0.016377
2 2 0.000106 0.032540 0.849492 0.106827 0.011034
2 2 0.000030 0.031201 0.962477 0.003360 0.002933
2 2 0.000807 0.024451 0.613325 0.360396 0.001021
2 2 0.002063 0.066577 0.829802 0.096599 0.004958
2 2 0.000028 0.020041 0.905596 0.072576 0.001759
2 2 0.000093 0.028837 0.798620 0.165947 0.006502
2 2 0.000072 0.022236 0.891098 0.076219 0.010376
2 2 0.001940 0.111604 0.713351 0.134083 0.039022
3 3 0.000023 0.002619 0.343461 0.653748 0.000148
3 3 0.001201 0.046144 0.398993 0.502252 0.051409
3 3 0.000271 0.006274 0.329151 0.662398 0.001905
3 3 0.000011 0.000257 0.064218 0.935467 0.000047
3 3 0.000116 0.005383 0.470035 0.523098 0.001368
3 3 0.000190 0.007577 0.437066 0.553979 0.001188
3 3 0.000000 0.000021 0.065321 0.934653 0.000004
3 3 0.000002 0.000024 0.021618 0.978349 0.000007
2 3 0.000294 0.036524 0.578652 0.367339 0.017190
2 3 0.000165 0.021786 0.503451 0.469085 0.005514
3 3 0.000152 0.010375 0.158608 0.823628 0.007237
3 3 0.000627 0.008351 0.174101 0.814153 0.002768
3 3 0.000003 0.001936 0.254665 0.741997 0.001398
3 3 0.000019 0.002278 0.428019 0.566579 0.003105
3 3 0.000263 0.001499 0.097063 0.900060 0.001115
3 3 0.000377 0.009824 0.408675 0.565184 0.015940
3 3 0.000360 0.002624 0.047938 0.947831 0.001246
3 3 0.000143 0.001621 0.146217 0.851830 0.000188
3 3 0.000000 0.000006 0.067786 0.932206 0.000002
3 3 0.000000 0.000002 0.054411 0.945587 0.000000
3 3 0.000003 0.000154 0.053272 0.946510 0.000061
3 3 0.000012 0.000445 0.084362 0.914945 0.000236
3 3 0.000191 0.000181 0.009793 0.989786 0.000049
3 3 0.000032 0.000248 0.042383 0.957224 0.000112
3 3 0.000008 0.000020 0.005443 0.994526 0.000004
3 3 0.000270 0.000203 0.009679 0.989791 0.000057
3 3 0.008582 0.030459 0.097883 0.838823 0.024253
3 3 0.012833 0.063977 0.317114 0.594960 0.011115
3 3 0.006598 0.040739 0.303156 0.582971 0.066536
3 3 0.000844 0.032062 0.336276 0.608693 0.022125
3 3 0.000036 0.001603 0.095350 0.902127 0.000883
3 3 0.000011 0.000943 0.129377 0.869525 0.000143
3 3 0.000008 0.000023 0.008586 0.991378 0.000005
3 3 0.000222 0.001491 0.146105 0.850791 0.001391
3 3 0.000166 0.000525 0.071424 0.927819 0.000065
3 3 0.000078 0.001425 0.406280 0.591855 0.000362
3 3 0.000001 0.000003 0.003451 0.996545 0.000000
3 3 0.000003 0.000121 0.092024 0.907840 0.000012
3 3 0.000168 0.004499 0.191524 0.799739 0.004071
3 3 0.000008 0.000126 0.036886 0.962940 0.000040
3 3 0.000013 0.000149 0.026265 0.973524 0.000049
3 3 0.000050 0.000111 0.009909 0.989903 0.000027
3 3 0.000004 0.000060 0.023926 0.975991 0.000019
3 3 0.000001 0.000031 0.023409 0.976551 0.000008
3 3 0.000002 0.000032 0.021979 0.977978 0.000009
3 3 0.000000 0.000001 0.011849 0.988150 0.000000
3 3 0.000086 0.000030 0.003713 0.996165 0.000006
3 3 0.000491 0.000545 0.015840 0.982938 0.000186
3 3 0.000076 0.000248 0.015455 0.984149 0.000073
3 3 0.000000 0.000012 0.008694 0.991292 0.000002
3 3 0.000000 0.000004 0.004135 0.995861 0.000000
3 3 0.000003 0.000046 0.011865 0.988077 0.000010
3 3 0.000008 0.001790 0.230377 0.766454 0.001371
3 3 0.000002 0.000013 0.011311 0.988671 0.000003
3 3 0.000000 0.000001 0.006400 0.993598 0.000000
3 3 0.000006 0.000006 0.002401 0.997587 0.000001
3 3 0.000001 0.000109 0.133008 0.866813 0.000068
3 3 0.000000 0.000010 0.036481 0.963506 0.000003
3 3 0.000037 0.001150 0.101613 0.896505 0.000695
3 3 0.000085 0.000114 0.008835 0.990937 0.000028
3 3 0.000000 0.000005 0.006016 0.993978 0.000001
3 3 0.000000 0.000003 0.002859 0.997138 0.000000
3 3 0.000000 0.000007 0.009953 0.990038 0.000001
3 3 0.000653 0.000934 0.039760 0.958145 0.000508
3 3 0.000059 0.000087 0.008587 0.991247 0.000021
3 3 0.009826 0.001160 0.014333 0.974176 0.000506
2 3 0.049170 0.085261 0.534183 0.294587 0.036799
2 3 0.007776 0.065312 0.921551 0.005165 0.000196
2 3 0.001096 0.089417 0.709156 0.166155 0.034176
3 3 0.000145 0.005000 0.088407 0.903894 0.002555
3 2 0.000050 0.000891 0.171960 0.826684 0.000415
2 2 0.000088 0.006961 0.633068 0.359237 0.000647
3 2 0.029871 0.106960 0.206593 0.601427 0.055149
2 2 0.000474 0.009572 0.600629 0.388769 0.000556
3 2 0.000043 0.000137 0.062224 0.937586 0.000009
3 2 0.000000 0.000110 0.037565 0.962298 0.000026
2 2 0.003681 0.237903 0.701042 0.039646 0.017727
2 2 0.001435 0.134744 0.746181 0.108320 0.009320
2 2 0.000093 0.011941 0.951820 0.033702 0.002444
2 2 0.000225 0.035643 0.848592 0.104688 0.010852
2 2 0.000525 0.062085 0.742553 0.156383 0.038453
2 2 0.005965 0.206047 0.686916 0.071648 0.029424
2 4 0.004047 0.259773 0.641704 0.005883 0.088594
4 4 0.052347 0.285879 0.173287 0.075448 0.413039
4 4 0.014650 0.282858 0.247844 0.000194 0.454454
1 4 0.010227 0.393564 0.388788 0.000285 0.207135
2 4 0.016673 0.282509 0.377298 0.009866 0.313654
4 4 0.006442 0.154752 0.347602 0.009237 0.481968
4 4 0.018843 0.148900 0.104055 0.000117 0.728085
2 4 0.006664 0.321839 0.461404 0.001029 0.209064
4 4 0.024196 0.175099 0.135635 0.004658 0.660412
4 4 0.012894 0.040494 0.026580 0.000119 0.919914
4 4 0.026077 0.146060 0.093023 0.000564 0.734276
4 4 0.028862 0.185253 0.109754 0.000233 0.675898
1 4 0.028003 0.372022 0.278730 0.000609 0.320636
4 4 0.018266 0.178712 0.180232 0.003295 0.619494
4 4 0.003252 0.113738 0.311588 0.000395 0.571028
4 4 0.021082 0.146359 0.102449 0.000012 0.730097
4 4 0.037602 0.257511 0.119032 0.000023 0.585833
4 4 0.068461 0.249687 0.086635 0.000063 0.595155
4 4 0.017029 0.260693 0.262797 0.001401 0.458079
4 4 0.037753 0.223001 0.125471 0.000837 0.612938
2 4 0.011350 0.392502 0.452907 0.002804 0.140437
2 4 0.009294 0.211856 0.397940 0.030468 0.350442
1 4 0.018092 0.464404 0.327507 0.000181 0.189815
1 4 0.021719 0.441185 0.334545 0.003206 0.199345
2 4 0.003402 0.257788 0.678822 0.005707 0.054282
2 4 0.003736 0.051998 0.641201 0.276153 0.026912
2 4 0.015444 0.330767 0.368505 0.005819 0.279465
4 4 0.013118 0.254683 0.277425 0.003653 0.451122
2 4 0.002770 0.213296 0.717593 0.012894 0.053447
2 4 0.001197 0.109202 0.754192 0.106910 0.028500
1 4 0.030408 0.347797 0.264863 0.016427 0.340505
2 4 0.008633 0.272269 0.570735 0.056878 0.091485
2 4 0.004836 0.241934 0.643338 0.021547 0.088345
2 4 0.000952 0.127214 0.824650 0.030388 0.016796
2 4 0.001229 0.133841 0.775785 0.013158 0.075987
2 2 0.000137 0.074118 0.914278 0.001051 0.010417
2 2 0.000033 0.021873 0.941625 0.012380 0.024088
2 2 0.000743 0.132105 0.835288 0.006157 0.025707
2 2 0.002579 0.153740 0.697145 0.073442 0.073095
2 2 0.007322 0.312153 0.592592 0.005327 0.082605
2 2 0.000001 0.004465 0.993647 0.001676 0.000212
2 2 0.001384 0.053047 0.914917 0.019673 0.010980
2 2 0.007781 0.370462 0.551370 0.004031 0.066356
2 2 0.000681 0.132581 0.846216 0.007383 0.013138
2 2 0.006887 0.342851 0.607165 0.000939 0.042158
1 2 0.017605 0.554474 0.382301 0.001126 0.044494
2 2 0.005312 0.343218 0.619529 0.004126 0.027814
2 2 0.004720 0.149477 0.525857 0.174217 0.145729
2 2 0.000051 0.025684 0.924510 0.018631 0.031123
2 2 0.003530 0.229412 0.693578 0.017089 0.056391
1 2 0.124066 0.691227 0.124950 0.000070 0.059687
1 2 0.037427 0.576671 0.268569 0.000165 0.117168
2 2 0.000659 0.076006 0.790610 0.125087 0.007639
2 2 0.003258 0.212362 0.713310 0.046544 0.024526
2 2 0.004992 0.205442 0.624839 0.119699 0.045028
2 2 0.000252 0.074183 0.893086 0.006178 0.026300
2 2 0.000073 0.032813 0.926695 0.018634 0.021784
2 2 0.008630 0.077592 0.571996 0.320164 0.021618
2 2 0.001023 0.121237 0.812007 0.042172 0.023562
2 2 0.000100 0.007979 0.547194 0.441033 0.003694
2 2 0.002370 0.303363 0.662940 0.000504 0.030824
1 2 0.025780 0.542868 0.415921 0.000125 0.015306
2 2 0.007980 0.371611 0.596623 0.000363 0.023423
2 2 0.001211 0.111433 0.854869 0.025467 0.007021
2 2 0.005338 0.217072 0.626836 0.103275 0.047479
2 2 0.007609 0.288359 0.585424 0.019648 0.098960
2 2 0.000079 0.012478 0.685357 0.294528 0.007559
2 2 0.000525 0.109469 0.860800 0.007475 0.021731
2 2 0.000850 0.107053 0.819977 0.040321 0.031798
2 2 0.007268 0.230629 0.462559 0.000874 0.298670
2 2 0.000237 0.027560 0.678153 0.281405 0.012644
3 2 0.003350 0.033738 0.300715 0.649600 0.012597
2 2 0.005098 0.303514 0.619880 0.005210 0.066298
2 2 0.007281 0.270330 0.608958 0.062228 0.051203
2 2 0.000020 0.015160 0.929889 0.045404 0.009526
2 2 0.000503 0.045477 0.532154 0.400931 0.020935
2 0 0.041088 0.351598 0.584806 0.007947 0.014561
2 2 0.000169 0.080992 0.912397 0.003127 0.003316
2 2 0.002184 0.136606 0.699494 0.014959 0.146757
2 2 0.000088 0.057985 0.935193 0.001983 0.004752
2 2 0.005315 0.219572 0.626810 0.110343 0.037961
2 2 0.001966 0.144966 0.739095 0.068167 0.045806
2 2 0.016605 0.369726 0.491475 0.073568 0.048627
2 2 0.001293 0.104616 0.876054 0.010446 0.007591
2 2 0.000055 0.017792 0.683683 0.292088 0.006382
2 2 0.000258 0.053718 0.859613 0.058296 0.028115
3 2 0.000991 0.037679 0.242978 0.700882 0.017469
2 2 0.000770 0.035625 0.659754 0.301873 0.001977
2 2 0.001955 0.100440 0.522815 0.355577 0.019212
2 2 0.005934 0.359427 0.613278 0.011350 0.010011
2 2 0.004042 0.202428 0.726849 0.044502 0.022178
2 2 0.000631 0.152197 0.838602 0.004434 0.004135
2 2 0.000595 0.096463 0.849495 0.035952 0.017495
2 2 0.000054 0.027507 0.916118 0.054517 0.001804
2 2 0.002323 0.187996 0.747323 0.045328 0.017029
2 2 0.008419 0.285061 0.586451 0.083444 0.036625
2 2 0.000033 0.016273 0.874979 0.107350 0.001365
2 2 0.000679 0.034879 0.874681 0.083325 0.006436
1 2 0.057268 0.425427 0.264830 0.100089 0.152387
2 2 0.004424 0.173415 0.593223 0.178399 0.050539
1 2 0.168993 0.616743 0.188763 0.000026 0.025475
0 2 0.862418 0.102520 0.034748 0.000000 0.000314
0 0 0.999644 0.000092 0.000017 0.000000 0.000247
0 0 0.944502 0.034787 0.004030 0.000000 0.016682
0 0 0.853801 0.007504 0.000695 0.000000 0.138000
0 0 0.955442 0.024337 0.013612 0.000369 0.006240
0 0 0.886396 0.002858 0.000762 0.000002 0.109982
0 0 0.945216 0.010041 0.001696 0.000001 0.043046
0 0 0.915713 0.043432 0.005734 0.000000 0.035121
0 0 0.987954 0.005950 0.002722 0.000022 0.003352
4 0 0.131091 0.020637 0.002248 0.000002 0.846023
4 0 0.134157 0.197788 0.043952 0.000056 0.624047
1 0 0.018551 0.451490 0.437979 0.010255 0.081725
1 1 0.047194 0.541801 0.275384 0.010332 0.125289
2 2 0.000286 0.033502 0.582428 0.345580 0.038205
2 2 0.000066 0.040817 0.942799 0.013816 0.002502
1 2 0.035021 0.609430 0.277333 0.000898 0.077318
2 2 0.000075 0.053312 0.940850 0.003366 0.002396
1 2 0.052904 0.475234 0.292461 0.062960 0.116441
1 2 0.014076 0.501673 0.446061 0.003023 0.035166
2 2 0.006414 0.198553 0.715567 0.062459 0.017007
2 2 0.001017 0.199000 0.791752 0.001219 0.007011
2 2 0.000007 0.011564 0.972099 0.014137 0.002193
2 2 0.000158 0.047158 0.929816 0.018738 0.004130
2 2 0.000157 0.072351 0.917917 0.007246 0.002329
2 2 0.000000 0.000622 0.967753 0.031558 0.000068
0 2 0.601416 0.183948 0.065460 0.000198 0.148977
1 2 0.041060 0.626362 0.307389 0.000270 0.024919
2 2 0.000199 0.019116 0.558794 0.416566 0.005325
2 2 0.000092 0.013966 0.664234 0.317113 0.004594
2 2 0.000000 0.000655 0.971905 0.027350 0.000090
2 2 0.000005 0.008138 0.973683 0.011551 0.006623
2 2 0.000201 0.026006 0.965823 0.007635 0.000336
2 2 0.000574 0.083185 0.803897 0.101546 0.010798
2 2 0.005498 0.205983 0.584743 0.173785 0.029992
2 2 0.037905 0.206369 0.739190 0.000954 0.015581
2 2 0.002435 0.227112 0.676307 0.002319 0.091827
2 2 0.000556 0.167735 0.823899 0.000768 0.007041
2 2 0.001568 0.241736 0.745683 0.002162 0.008851
2 2 0.000460 0.122302 0.858466 0.002288 0.016483
1 2 0.020169 0.570114 0.387232 0.004483 0.018002
0 2 0.699658 0.147382 0.128710 0.013326 0.010923
0 0 0.962750 0.018002 0.008457 0.000068 0.010723
0 0 0.979531 0.011853 0.007958 0.000041 0.000617
0 0 0.870605 0.012694 0.002556 0.000000 0.114145
0 0 0.954054 0.003432 0.000597 0.000000 0.041917
4 0 0.451528 0.027049 0.005025 0.000001 0.516396
0 0 0.666143 0.038205 0.003769 0.000001 0.291882
4 0 0.014667 0.282640 0.228539 0.000046 0.474108
1 0 0.011981 0.422920 0.396262 0.000919 0.167918
2 4 0.010249 0.333649 0.550713 0.023984 0.081405
2 4 0.003238 0.225224 0.710241 0.018997 0.042299
2 4 0.002603 0.208921 0.681675 0.002022 0.104779
1 4 0.014514 0.333595 0.333125 0.003166 0.315601
2 4 0.004282 0.284017 0.666349 0.009196 0.036157
2 4 0.004175 0.186616 0.624083 0.048914 0.136211
1 4 0.064216 0.639177 0.214434 0.001275 0.080898
4 4 0.036595 0.143324 0.067999 0.000114 0.751967
4 4 0.029201 0.352186 0.184934 0.000015 0.433663
4 4 0.011429 0.080831 0.063811 0.000058 0.843871
4 4 0.029315 0.245872 0.230857 0.001697 0.492259
4 4 0.016887 0.153618 0.125824 0.000546 0.703125
4 4 0.018367 0.087101 0.067490 0.002799 0.824243
2 4 0.013576 0.123923 0.504761 0.313772 0.043968
4 4 0.068552 0.030847 0.005966 0.000001 0.894634
4 4 0.035504 0.127104 0.040532 0.000000 0.796859
4 4 0.156645 0.150205 0.041934 0.000014 0.651202
1 4 0.061999 0.685677 0.187799 0.000067 0.064458
4 4 0.058095 0.117928 0.027787 0.000000 0.796189
1 4 0.129849 0.460472 0.097558 0.000009 0.312112
4 4 0.061919 0.114271 0.032326 0.000008 0.791475
4 4 0.041249 0.032969 0.007740 0.000001 0.918040
1 4 0.044867 0.590795 0.211918 0.000014 0.152406
1 4 0.073863 0.647644 0.188895 0.000314 0.089285
0 4 0.748565 0.136732 0.028899 0.000023 0.085781
4 4 0.069352 0.173651 0.051162 0.000012 0.705823
4 4 0.065559 0.320857 0.115320 0.000053 0.498211
4 4 0.031327 0.186251 0.100669 0.000108 0.681644
4 4 0.122727 0.132614 0.020803 0.000000 0.723857
4 4 0.052698 0.176218 0.064553 0.000029 0.706502
4 4 0.027057 0.020852 0.004886 0.000000 0.947205
4 4 0.125552 0.064120 0.007424 0.000000 0.802903
4 4 0.060591 0.219480 0.084208 0.000134 0.635588
1 4 0.028972 0.417021 0.263896 0.000712 0.289399
4 4 0.021448 0.224866 0.180229 0.001646 0.571810
1 4 0.069678 0.431390 0.139206 0.000018 0.359708
2 4 0.008158 0.248083 0.437455 0.006989 0.299315
4 4 0.083250 0.230934 0.075553 0.000189 0.610074
2 4 0.002323 0.171301 0.593360 0.000640 0.232376
4 4 0.017241 0.212616 0.172323 0.000275 0.597545
2 4 0.002981 0.198183 0.674294 0.004295 0.120249
1 4 0.086035 0.399147 0.122322 0.000054 0.392442
4 4 0.167892 0.325716 0.057189 0.000005 0.449198
4 4 0.050837 0.070267 0.024732 0.000049 0.854115
1 4 0.063260 0.537095 0.236427 0.000034 0.163184
1 4 0.049700 0.534752 0.201838 0.000023 0.213687
4 4 0.026485 0.150775 0.097271 0.000239 0.725230
4 4 0.097654 0.332504 0.119414 0.001848 0.448580
1 4 0.014688 0.418882 0.312438 0.000030 0.253962
4 4 0.329672 0.159101 0.050334 0.000025 0.460868
4 4 0.009881 0.129523 0.157735 0.000109 0.702752
2 4 0.011747 0.393251 0.487865 0.000752 0.106385
1 4 0.030206 0.453215 0.411955 0.004321 0.100303
2 4 0.004015 0.263287 0.679207 0.006354 0.047137
2 4 0.008563 0.400290 0.567659 0.001433 0.022055
2 4 0.004137 0.358540 0.626079 0.003296 0.007947
2 4 0.003325 0.239880 0.706423 0.005688 0.044684
1 4 0.038756 0.425503 0.263988 0.010766 0.260986
1 4 0.119088 0.557801 0.180644 0.005545 0.136922
1 4 0.023195 0.531190 0.366681 0.002872 0.076063
0 4 0.780666 0.133099 0.037708 0.000004 0.048523
0 4 0.645743 0.204595 0.109343 0.008272 0.032047
1 4 0.047107 0.697751 0.222032 0.000897 0.032214
1 4 0.032784 0.657213 0.263591 0.000384 0.046028
1 4 0.049907 0.689332 0.197087 0.000018 0.063656
1 4 0.020411 0.479636 0.348143 0.002005 0.149805
2 4 0.007928 0.383681 0.500261 0.001202 0.106928
1 4 0.019162 0.416542 0.362052 0.004274 0.197971
0 4 0.583079 0.156532 0.081139 0.004209 0.175041
1 4 0.048321 0.756450 0.179833 0.000157 0.015239
2 4 0.001469 0.139410 0.741359 0.014440 0.103323
4 4 0.012230 0.216184 0.347964 0.040638 0.382985
2 4 0.003085 0.298850 0.674129 0.000880 0.023056
2 4 0.006860 0.382232 0.580900 0.005101 0.024907
2 4 0.002159 0.154814 0.736024 0.061706 0.045297
2 2 0.002926 0.140620 0.689837 0.138474 0.028143
2 2 0.000521 0.086294 0.886027 0.003406 0.023753
2 2 0.000264 0.056322 0.899005 0.021584 0.022824
2 2 0.000125 0.054445 0.928113 0.010120 0.007196
2 2 0.000046 0.012776 0.972190 0.014463 0.000524
2 2 0.000952 0.088304 0.853618 0.018607 0.038519
2 2 0.003065 0.182075 0.692830 0.038233 0.083797
2 2 0.000238 0.078997 0.903422 0.003190 0.014154
2 2 0.000574 0.110697 0.859794 0.012121 0.016814
2 2 0.009707 0.405205 0.525226 0.000912 0.058950
1 2 0.166125 0.476176 0.107888 0.000569 0.249242
1 2 0.070849 0.412608 0.176292 0.002941 0.337310
1 2 0.092377 0.548687 0.193477 0.011530 0.153929
0 2 0.464174 0.442947 0.079134 0.000003 0.013742
0 2 0.960385 0.022972 0.016120 0.000027 0.000497
1 2 0.158343 0.551848 0.100251 0.000017 0.189541
2 2 0.008854 0.286351 0.452836 0.006595 0.245363
1 2 0.103660 0.593164 0.179593 0.006342 0.117241
2 2 0.012759 0.379253 0.487537 0.008529 0.111923
1 2 0.043944 0.590396 0.287052 0.001298 0.077309
2 2 0.001138 0.238609 0.746675 0.000455 0.013124
2 2 0.000007 0.002800 0.955361 0.041631 0.000201
2 2 0.002989 0.028676 0.921458 0.044945 0.001932
2 2 0.000042 0.018614 0.815090 0.160012 0.006242
2 2 0.000678 0.048657 0.903797 0.042865 0.004004
2 2 0.000046 0.028972 0.959529 0.005166 0.006287
2 2 0.000069 0.023772 0.960488 0.003121 0.012550
2 2 0.000074 0.009755 0.896685 0.093231 0.000255
2 2 0.000075 0.042006 0.942275 0.007477 0.008167
2 2 0.000005 0.004505 0.861677 0.133032 0.000781
2 2 0.000020 0.005858 0.939709 0.054226 0.000188
3 2 0.001572 0.028166 0.308115 0.653890 0.008257
2 2 0.007334 0.197082 0.718847 0.056334 0.020403
2 2 0.000031 0.007337 0.962866 0.028736 0.001030
2 2 0.000135 0.014163 0.905777 0.078626 0.001299
2 2 0.000023 0.009106 0.962538 0.026611 0.001723
2 2 0.000009 0.007442 0.852496 0.139093 0.000960
2 2 0.000039 0.018879 0.946831 0.031371 0.002880
2 2 0.000263 0.029689 0.943631 0.025198 0.001218
3 2 0.000723 0.021412 0.388987 0.572529 0.016350
2 3 0.001550 0.042592 0.723374 0.222683 0.009802
3 3 0.000378 0.011633 0.180228 0.802454 0.005306
2 3 0.000148 0.013339 0.705947 0.276640 0.003926
3 3 0.003870 0.013475 0.357570 0.624235 0.000849
2 3 0.001841 0.037929 0.763949 0.183499 0.012781
3 3 0.000059 0.001842 0.225903 0.772085 0.000111
3 3 0.000376 0.017741 0.361883 0.617709 0.002291
2 3 0.003953 0.341296 0.643317 0.005859 0.005575
3 3 0.002080 0.015507 0.339381 0.642204 0.000829
2 3 0.000234 0.012292 0.649726 0.335761 0.001986
2 3 0.006163 0.071160 0.894647 0.016638 0.011392
2 3 0.000012 0.005312 0.747223 0.244085 0.003367
3 3 0.000000 0.000012 0.094919 0.905069 0.000001
3 3 0.000003 0.001116 0.218716 0.779907 0.000258
2 3 0.000024 0.005853 0.522765 0.469685 0.001673
3 3 0.000002 0.000613 0.238212 0.761112 0.000060
3 3 0.000024 0.002946 0.258887 0.737646 0.000496
2 3 0.000338 0.009747 0.494766 0.493593 0.001556
2 3 0.000002 0.003235 0.842076 0.154396 0.000291
3 3 0.000042 0.002896 0.420845 0.575540 0.000677
3 3 0.000100 0.000255 0.019849 0.979707 0.000089
3 3 0.000000 0.000031 0.033953 0.966012 0.000004
3 3 0.000006 0.001002 0.368148 0.630798 0.000046
3 3 0.001087 0.004875 0.203366 0.790101 0.000571
3 3 0.000004 0.000079 0.404107 0.595809 0.000001
2 3 0.014404 0.029208 0.757892 0.197916 0.000580
3 3 0.000210 0.002163 0.272518 0.725048 0.000061
3 3 0.000000 0.000104 0.160874 0.839014 0.000007
3 3 0.000001 0.000073 0.313910 0.686014 0.000001
3 3 0.000000 0.000216 0.123409 0.876274 0.000101
3 3 0.000096 0.000942 0.045413 0.953129 0.000421
3 3 0.000012 0.000086 0.032146 0.967723 0.000034
3 3 0.000800 0.002021 0.136045 0.859470 0.001664
3 3 0.000023 0.001294 0.309605 0.688850 0.000227
3 3 0.000001 0.000009 0.007779 0.992210 0.000001
3 3 0.000005 0.000182 0.045550 0.954193 0.000070
3 3 0.000388 0.003085 0.073498 0.921186 0.001844
3 3 0.000017 0.000074 0.019553 0.980347 0.000009
3 3 0.000100 0.000820 0.127701 0.871301 0.000079
3 3 0.000008 0.000508 0.172056 0.827230 0.000198
3 3 0.000443 0.007395 0.374118 0.615732 0.002313
3 3 0.000033 0.000855 0.267734 0.731312 0.000066
2 3 0.000002 0.000242 0.865334 0.134410 0.000011
3 3 0.000032 0.000555 0.156336 0.842982 0.000095
3 3 0.001047 0.002585 0.066911 0.929064 0.000393
3 3 0.000134 0.000361 0.025943 0.973511 0.000052
3 3 0.000004 0.000011 0.004895 0.995088 0.000002
3 3 0.000079 0.000991 0.036280 0.962274 0.000377
3 3 0.000013 0.000075 0.016510 0.983388 0.000014
3 3 0.000022 0.000192 0.051355 0.948334 0.000096
3 3 0.000030 0.000221 0.083008 0.916601 0.000141
3 3 0.000006 0.000319 0.039968 0.959600 0.000107
3 3 0.000126 0.000349 0.025399 0.973990 0.000137
3 3 0.000035 0.000117 0.015856 0.983961 0.000032
3 3 0.000397 0.001802 0.075584 0.922008 0.000209
3 3 0.000027 0.000108 0.013071 0.986773 0.000020
3 3 0.000430 0.000715 0.023726 0.974842 0.000287
3 3 0.000000 0.000000 0.002523 0.997476 0.000000
3 3 0.000025 0.000161 0.025835 0.973921 0.000057
3 3 0.004304 0.024778 0.102249 0.849879 0.018791
3 3 0.009041 0.106831 0.232302 0.565944 0.085882
1 3 0.084364 0.379966 0.222931 0.024284 0.288454
2 3 0.004197 0.193745 0.630939 0.146393 0.024726
3 2 0.000044 0.003593 0.370475 0.625384 0.000505
2 2 0.000011 0.005650 0.901815 0.089757 0.002766
3 2 0.000037 0.003587 0.185023 0.808911 0.002442
3 2 0.001136 0.026155 0.308416 0.659894 0.004399
2 2 0.000009 0.003575 0.902773 0.087307 0.006335
2 2 0.000026 0.005118 0.582771 0.409360 0.002726
2 2 0.000461 0.029565 0.520899 0.431915 0.017160
2 2 0.000168 0.032887 0.812161 0.126248 0.028536
2 2 0.003647 0.169276 0.645680 0.093326 0.088071
2 2 0.000030 0.010229 0.935438 0.051046 0.003258
2 2 0.000016 0.009654 0.840001 0.145673 0.004656
2 2 0.000288 0.013136 0.658053 0.324532 0.003990
3 2 0.012114 0.130252 0.228071 0.512458 0.117105
2 2 0.001503 0.096268 0.633277 0.227291 0.041661
2 2 0.000066 0.027188 0.883420 0.014812 0.074514
2 2 0.000040 0.025742 0.932716 0.006371 0.035131
4 4 0.004946 0.193008 0.391764 0.003448 0.406834
4 4 0.026520 0.339546 0.243216 0.001635 0.389083
4 4 0.029681 0.136195 0.072928 0.000135 0.761061
4 4 0.071289 0.103265 0.037116 0.002150 0.786180
2 4 0.007193 0.295988 0.501585 0.001059 0.194174
4 4 0.025642 0.280155 0.233935 0.007276 0.452992
4 4 0.008160 0.143551 0.173366 0.000185 0.674738
4 4 0.023459 0.059254 0.032630 0.000432 0.884225
2 4 0.015764 0.338669 0.346851 0.005183 0.293534
1 4 0.042618 0.423994 0.255395 0.016225 0.261768
4 4 0.020729 0.354631 0.238288 0.000051 0.386301
4 4 0.073656 0.370524 0.106753 0.000004 0.449063
4 4 0.055771 0.328787 0.178643 0.000017 0.436783
4 4 0.087976 0.065786 0.020816 0.000062 0.825359
4 4 0.009157 0.105121 0.100688 0.000073 0.784962
4 4 0.018847 0.239697 0.185724 0.000248 0.555485
1 4 0.070671 0.476724 0.156787 0.000040 0.295778
1 4 0.037412 0.551120 0.246891 0.000092 0.164485
4 4 0.057714 0.381960 0.165179 0.000390 0.394757
1 4 0.154904 0.693083 0.095418 0.000009 0.056586
4 4 0.017251 0.252894 0.251582 0.009538 0.468735
4 4 0.047731 0.132786 0.069274 0.009011 0.741198
2 4 0.005985 0.216240 0.558418 0.012964 0.206393
2 4 0.001836 0.203735 0.721442 0.002628 0.070361
2 4 0.002369 0.260225 0.677837 0.000210 0.059360
2 4 0.008730 0.315656 0.485707 0.000220 0.189686
1 4 0.116598 0.676191 0.149628 0.000006 0.057576
4 4 0.044972 0.259303 0.098229 0.000004 0.597491
4 4 0.161018 0.212906 0.036102 0.000004 0.589970
1 4 0.019717 0.636717 0.310934 0.000392 0.032240
1 4 0.044754 0.678480 0.238728 0.001992 0.036045
1 4 0.065385 0.537359 0.233147 0.017119 0.146990
2 4 0.000526 0.069502 0.783317 0.041388 0.105266
2 4 0.008041 0.179496 0.460462 0.096703 0.255298
1 4 0.032685 0.474813 0.402994 0.027377 0.062131
2 4 0.005910 0.208073 0.593797 0.104617 0.087603
2 4 0.018763 0.127311 0.593147 0.002155 0.258623
4 4 0.035553 0.342868 0.224943 0.000094 0.396542
1 4 0.378124 0.413228 0.093798 0.000269 0.114581
1 4 0.231113 0.431626 0.214943 0.012200 0.110118
1 4 0.037775 0.550493 0.258644 0.000292 0.152796
1 4 0.111311 0.579301 0.135979 0.000047 0.173361
4 4 0.021333 0.259746 0.232089 0.010205 0.476627
2 4 0.010776 0.290702 0.367733 0.003271 0.327517
2 4 0.011553 0.335819 0.541322 0.005271 0.106035
1 4 0.030741 0.541439 0.370089 0.005452 0.052279
1 4 0.046734 0.657423 0.256192 0.004347 0.035304
1 4 0.091515 0.697795 0.159969 0.000360 0.050361
1 4 0.158633 0.456039 0.103217 0.000266 0.281846
2 4 0.008567 0.287667 0.614795 0.031559 0.057412
1 0 0.060286 0.650963 0.254833 0.001175 0.032743
2 0 0.002304 0.311280 0.643626 0.000056 0.042734
1 4 0.027721 0.478450 0.315885 0.004148 0.173796
2 4 0.012134 0.260168 0.408294 0.026883 0.292522
1 4 0.040375 0.342320 0.271788 0.085942 0.259574
1 4 0.072109 0.561493 0.223801 0.017300 0.125297
2 4 0.003232 0.297148 0.678794 0.003885 0.016941
2 4 0.003384 0.218603 0.708660 0.029649 0.039704
2 2 0.002844 0.237576 0.664317 0.000896 0.094367
2 2 0.003567 0.237059 0.650360 0.006483 0.102531
2 2 0.000011 0.013148 0.963334 0.015687 0.007820
2 2 0.000013 0.003070 0.994184 0.002157 0.000576
2 2 0.000033 0.013818 0.805207 0.153587 0.027355
2 2 0.000018 0.012688 0.922350 0.061758 0.003185
2 2 0.000646 0.035131 0.956697 0.005817 0.001709
2 2 0.007843 0.063653 0.922537 0.005217 0.000750
2 2 0.005310 0.312216 0.597406 0.001717 0.083351
2 2 0.010879 0.380378 0.424927 0.001773 0.182043
2 2 0.001025 0.149557 0.821485 0.015028 0.012905
2 2 0.000018 0.003673 0.886867 0.109317 0.000125
2 2 0.000285 0.074919 0.884660 0.035692 0.004444
2 2 0.000003 0.008109 0.975364 0.015264 0.001259
2 2 0.000002 0.007942 0.990171 0.001359 0.000527
2 2 0.001188 0.084845 0.663493 0.180044 0.070431
2 2 0.000056 0.025397 0.901961 0.063032 0.009554
2 2 0.000592 0.119789 0.858312 0.011813 0.009495
1 2 0.067786 0.778572 0.135898 0.000003 0.017740
2 2 0.000232 0.113083 0.883331 0.002550 0.000805
2 2 0.004760 0.253376 0.668999 0.012453 0.060412
4 2 0.031585 0.359921 0.209962 0.000219 0.398313
1 2 0.051251 0.650789 0.227818 0.000532 0.069609
2 2 0.000022 0.026072 0.964321 0.008802 0.000784
2 2 0.047314 0.253076 0.627905 0.047821 0.023884
2 2 0.000639 0.052884 0.873978 0.069774 0.002724
2 2 0.010138 0.311428 0.569928 0.024536 0.083969
1 2 0.084456 0.421398 0.190511 0.083678 0.219957
2 2 0.012017 0.445515 0.505211 0.002518 0.034740
2 2 0.000114 0.046507 0.921774 0.008766 0.022839
2 2 0.000123 0.049870 0.920792 0.007511 0.021704
2 2 0.005817 0.254844 0.633772 0.035650 0.069917
2 2 0.000068 0.028468 0.955105 0.001459 0.014900
2 2 0.000007 0.008123 0.980921 0.005028 0.005922
2 2 0.000005 0.006116 0.908844 0.067996 0.017039
2 2 0.000004 0.005835 0.968531 0.020816 0.004814
2 2 0.000098 0.004018 0.811076 0.183266 0.001542
2 2 0.000177 0.014579 0.835597 0.144031 0.005616
2 2 0.000081 0.012585 0.829433 0.141796 0.016105
2 2 0.000062 0.014243 0.863208 0.109411 0.013076
3 2 0.000020 0.001518 0.441989 0.556119 0.000355
2 2 0.000066 0.004985 0.646802 0.347135 0.001013
3 2 0.006214 0.060332 0.390099 0.514140 0.029214
2 2 0.035738 0.076793 0.811186 0.012993 0.063290
2 2 0.000082 0.013590 0.877162 0.105397 0.003769
2 2 0.000013 0.002209 0.909628 0.087840 0.000311
2 2 0.006015 0.086698 0.815643 0.079128 0.012516
0 2 0.533137 0.007197 0.094564 0.364998 0.000104
0 0 0.994610 0.002586 0.001195 0.000006 0.001604
0 0 0.964029 0.004762 0.000618 0.000000 0.030590
1 0 0.008985 0.627748 0.356960 0.000024 0.006283
2 1 0.009043 0.324834 0.525427 0.009485 0.131210
2 1 0.000179 0.042728 0.904092 0.040069 0.012932
2 1 0.000243 0.024376 0.817677 0.154724 0.002981
2 1 0.000789 0.093717 0.821684 0.052844 0.030967
2 1 0.001814 0.094830 0.576379 0.266164 0.060812
2 2 0.000003 0.004243 0.985114 0.010249 0.000391
2 2 0.000012 0.014879 0.968680 0.012625 0.003805
2 2 0.000557 0.087884 0.826927 0.075061 0.009571
2 2 0.000003 0.010746 0.985677 0.002750 0.000823
1 2 0.050291 0.613684 0.253254 0.005127 0.077645
1 2 0.037674 0.560014 0.268580 0.000646 0.133086
1 2 0.116850 0.618957 0.157542 0.001552 0.105100
1 2 0.041833 0.712126 0.223387 0.001115 0.021538
4 2 0.104041 0.188168 0.123999 0.000251 0.583541
0 2 0.977274 0.015247 0.003112 0.000000 0.004367
1 0 0.201030 0.536752 0.092943 0.000130 0.169144
1 0 0.041857 0.555703 0.278226 0.005643 0.118571
4 0 0.032832 0.133709 0.062278 0.000038 0.771144
4 4 0.015606 0.318323 0.314247 0.004252 0.347570
2 4 0.009894 0.342631 0.538352 0.013411 0.095711
2 4 0.000011 0.006288 0.875156 0.118091 0.000455
2 4 0.000358 0.094146 0.886192 0.009379 0.009925
2 4 0.003144 0.276322 0.696237 0.006438 0.017859
2 2 0.000114 0.052497 0.931016 0.010720 0.005653
2 2 0.001293 0.100441 0.847936 0.045773 0.004557
1 2 0.041472 0.436167 0.268123 0.000809 0.253429
2 2 0.003141 0.296766 0.678394 0.000368 0.021332
2 2 0.000349 0.073835 0.832419 0.090255 0.003141
2 2 0.002450 0.121672 0.815890 0.041535 0.018452
2 2 0.001682 0.147835 0.795926 0.035800 0.018757
2 2 0.000548 0.014812 0.728191 0.254194 0.002256
0 2 0.625193 0.146203 0.043455 0.000801 0.184348
0 0 0.740959 0.186793 0.027495 0.000002 0.044751
