0 0 0.832545 0.087418 0.010733 0.000003 0.069302
0 0 0.799345 0.119242 0.027812 0.000263 0.053338
1 0 0.229830 0.431887 0.056601 0.000018 0.281665
1 0 0.283754 0.447977 0.125838 0.000093 0.142338
1 1 0.153681 0.538893 0.132892 0.000160 0.174374
4 1 0.034083 0.441219 0.065761 0.000007 0.458929
4 1 0.022578 0.341261 0.105002 0.000000 0.531159
1 1 0.022825 0.495497 0.082942 0.000000 0.398735
4 4 0.442373 0.030082 0.008464 0.000017 0.519064
4 4 0.082550 0.084426 0.011581 0.000019 0.821423
4 4 0.061888 0.065621 0.024369 0.000009 0.848113
4 4 0.064907 0.064095 0.016640 0.000029 0.854329
4 4 0.029222 0.028340 0.021026 0.000013 0.921399
4 4 0.133935 0.121659 0.038091 0.000024 0.706290
1 4 0.016129 0.525964 0.087593 0.000001 0.370313
4 4 0.015708 0.223232 0.042785 0.000002 0.718274
4 4 0.021966 0.370677 0.084174 0.000000 0.523183
4 4 0.004057 0.077345 0.032771 0.000000 0.885827
4 4 0.143668 0.063339 0.035692 0.000022 0.757279
4 4 0.008755 0.035856 0.015933 0.000002 0.939455
4 4 0.023069 0.013065 0.004456 0.000016 0.959395
4 4 0.341689 0.046052 0.024608 0.000079 0.587572
4 4 0.012315 0.124069 0.050175 0.000007 0.813435
4 4 0.007888 0.329335 0.111981 0.000000 0.550796
4 4 0.106360 0.046555 0.017722 0.000008 0.829354
4 4 0.027191 0.201567 0.091293 0.000013 0.679936
2 4 0.000162 0.253944 0.630638 0.000000 0.115257
4 4 0.008410 0.202868 0.281915 0.000003 0.506804
4 1 0.005371 0.308745 0.310375 0.000000 0.375510
4 1 0.008213 0.369918 0.218011 0.000000 0.403858
4 1 0.015434 0.326772 0.260287 0.000001 0.397506
1 1 0.023536 0.494347 0.106531 0.000000 0.375586
1 1 0.002702 0.455974 0.453851 0.000002 0.087470
1 1 0.003092 0.481750 0.334439 0.000001 0.180718
1 1 0.125991 0.376712 0.296680 0.000020 0.200596
2 1 0.000655 0.099790 0.843455 0.000001 0.056098
2 1 0.000000 0.005788 0.992642 0.000000 0.001570
2 2 0.000005 0.013385 0.984389 0.000003 0.002218
2 2 0.000020 0.082277 0.912133 0.000004 0.005566
2 2 0.000041 0.039690 0.953328 0.000166 0.006775
2 2 0.000101 0.174606 0.804260 0.000002 0.021031
2 2 0.000059 0.106278 0.860742 0.000005 0.032916
2 2 0.000056 0.010676 0.988525 0.000003 0.000739
2 2 0.001047 0.058446 0.933940 0.000856 0.005710
2 2 0.000002 0.005030 0.994776 0.000003 0.000189
2 3 0.000060 0.000732 0.998965 0.000015 0.000229
2 3 0.000484 0.001398 0.995499 0.002586 0.000032
2 3 0.000131 0.005795 0.993801 0.000045 0.000228
2 3 0.000047 0.014941 0.984306 0.000024 0.000682
2 3 0.000085 0.010415 0.988780 0.000090 0.000629
2 3 0.000020 0.006859 0.989273 0.003034 0.000814
2 3 0.000024 0.004404 0.993508 0.000571 0.001493
2 3 0.000063 0.003460 0.993269 0.002901 0.000306
2 3 0.000015 0.000457 0.999391 0.000079 0.000058
2 3 0.000000 0.000416 0.706232 0.292941 0.000411
2 3 0.000011 0.000352 0.601635 0.397997 0.000006
2 3 0.000000 0.000107 0.996559 0.003314 0.000020
2 3 0.000001 0.000422 0.998443 0.000901 0.000232
2 3 0.000228 0.001443 0.617299 0.380951 0.000079
2 3 0.000000 0.000046 0.915653 0.084300 0.000000
2 3 0.000001 0.000821 0.974057 0.025029 0.000092
3 3 0.000101 0.000143 0.105452 0.894266 0.000038
2 3 0.000000 0.000063 0.549650 0.450286 0.000001
2 3 0.000119 0.001807 0.783714 0.214190 0.000169
2 3 0.000000 0.000186 0.704137 0.295667 0.000009
3 3 0.000000 0.000040 0.333119 0.666837 0.000003
3 3 0.000001 0.000015 0.203482 0.796499 0.000003
3 3 0.000027 0.000525 0.444224 0.555154 0.000071
3 3 0.000056 0.000927 0.256093 0.742700 0.000224
3 3 0.000000 0.000015 0.204793 0.795191 0.000001
2 3 0.004462 0.008475 0.557445 0.424062 0.005556
3 3 0.000003 0.000420 0.142613 0.856862 0.000101
3 3 0.000014 0.000004 0.008878 0.991095 0.000010
3 3 0.000016 0.000133 0.043607 0.956079 0.000165
3 3 0.000000 0.000140 0.109594 0.890221 0.000045
3 3 0.000000 0.000016 0.107729 0.892254 0.000001
3 3 0.000000 0.000002 0.019698 0.980299 0.000001
3 3 0.000002 0.000003 0.005736 0.994258 0.000001
3 3 0.000000 0.000009 0.028192 0.971797 0.000001
3 3 0.000005 0.000032 0.121206 0.878749 0.000008
3 3 0.000000 0.000004 0.009254 0.990741 0.000001
3 3 0.000000 0.000000 0.006863 0.993136 0.000000
3 3 0.000002 0.000157 0.128509 0.871308 0.000024
3 3 0.000000 0.000010 0.007176 0.992810 0.000004
3 3 0.000098 0.001228 0.166533 0.831640 0.000501
3 3 0.000002 0.000028 0.030484 0.969476 0.000009
3 3 0.000000 0.000016 0.009951 0.990024 0.000008
3 3 0.000088 0.000196 0.032333 0.967209 0.000173
3 3 0.000001 0.000027 0.055329 0.944625 0.000018
3 3 0.000001 0.000004 0.023957 0.976036 0.000002
3 3 0.000009 0.000020 0.010683 0.989262 0.000026
3 3 0.000000 0.000009 0.009022 0.990966 0.000002
3 3 0.003446 0.005273 0.102373 0.881045 0.007862
3 3 0.000505 0.002809 0.110733 0.884679 0.001273
3 3 0.000262 0.000935 0.350194 0.648247 0.000361
3 3 0.000009 0.000011 0.089988 0.909989 0.000003
3 3 0.000000 0.000000 0.015119 0.984881 0.000000
3 3 0.000010 0.000024 0.006420 0.993531 0.000015
3 3 0.000004 0.000046 0.053681 0.946265 0.000003
3 3 0.000000 0.000002 0.041525 0.958473 0.000000
3 3 0.000000 0.000014 0.001249 0.998700 0.000037
3 3 0.000051 0.000004 0.002702 0.997236 0.000006
3 3 0.000039 0.000086 0.016889 0.982931 0.000054
3 3 0.000000 0.000000 0.003977 0.996022 0.000001
3 3 0.001350 0.000105 0.032895 0.964985 0.000664
3 3 0.000010 0.000065 0.029806 0.970023 0.000095
3 3 0.000000 0.000003 0.006645 0.993348 0.000003
3 3 0.000042 0.000096 0.018306 0.981451 0.000104
3 3 0.000000 0.000020 0.004980 0.994993 0.000006
3 3 0.000041 0.001476 0.407375 0.590861 0.000246
3 3 0.000004 0.000003 0.003306 0.996686 0.000002
3 3 0.000001 0.000001 0.001045 0.998950 0.000002
3 3 0.000125 0.000648 0.034503 0.964327 0.000396
3 3 0.011028 0.000260 0.099914 0.888702 0.000096
3 3 0.000000 0.000002 0.000653 0.999336 0.000009
3 3 0.000000 0.000000 0.001983 0.998017 0.000000
3 3 0.000000 0.000001 0.004250 0.995749 0.000001
3 3 0.000005 0.000017 0.003953 0.995978 0.000047
3 3 0.000001 0.000072 0.021067 0.978836 0.000023
3 3 0.000005 0.000308 0.026576 0.973018 0.000092
3 3 0.003436 0.000119 0.012694 0.983603 0.000148
3 3 0.000002 0.000004 0.012828 0.987165 0.000000
3 3 0.000000 0.000001 0.007856 0.992144 0.000000
3 3 0.000020 0.000031 0.003532 0.996356 0.000061
3 3 0.000051 0.000088 0.004614 0.994990 0.000257
3 3 0.000027 0.000019 0.002725 0.997175 0.000055
3 3 0.000000 0.000004 0.000681 0.999300 0.000015
3 3 0.000000 0.000015 0.004097 0.995877 0.000011
3 3 0.000002 0.000089 0.129181 0.870718 0.000009
3 3 0.000192 0.000039 0.005262 0.994414 0.000093
3 3 0.000010 0.000082 0.015484 0.984110 0.000313
3 3 0.000003 0.000004 0.001285 0.998697 0.000011
3 3 0.000579 0.000280 0.029545 0.968967 0.000629
3 3 0.000001 0.000113 0.020037 0.979794 0.000054
3 3 0.000000 0.000000 0.000153 0.999847 0.000000
3 3 0.021035 0.010352 0.086686 0.874951 0.006976
2 3 0.002403 0.123243 0.757249 0.092695 0.024411
2 2 0.009314 0.239419 0.457007 0.178887 0.115374
3 2 0.000201 0.000964 0.201718 0.797004 0.000113
2 2 0.001943 0.174587 0.744436 0.029309 0.049725
2 2 0.000050 0.040794 0.815142 0.143160 0.000855
2 2 0.013140 0.106097 0.806968 0.068424 0.005370
1 1 0.235708 0.454197 0.100771 0.000228 0.209096
0 1 0.546756 0.283064 0.109803 0.000477 0.059899
1 0 0.135530 0.542039 0.235094 0.017736 0.069601
2 1 0.015429 0.434745 0.497928 0.004144 0.047754
4 1 0.017430 0.286342 0.107845 0.000058 0.588326
4 0 0.037576 0.262049 0.063783 0.000175 0.636417
4 1 0.012535 0.299258 0.138772 0.000047 0.549388
1 1 0.008039 0.396866 0.357999 0.000449 0.236647
2 1 0.000018 0.019255 0.911548 0.065891 0.003288
2 2 0.000278 0.029405 0.936328 0.030281 0.003708
2 2 0.000293 0.021296 0.761618 0.210764 0.006029
2 2 0.000000 0.000067 0.891770 0.108161 0.000002
2 2 0.000064 0.052979 0.914563 0.000576 0.031818
2 2 0.000010 0.032876 0.963677 0.000257 0.003179
2 2 0.000759 0.162142 0.783259 0.002935 0.050904
2 2 0.001693 0.195519 0.643748 0.001371 0.157668
2 2 0.000364 0.226131 0.699682 0.000008 0.073816
2 2 0.000317 0.094804 0.821696 0.000422 0.082760
2 2 0.000004 0.018427 0.959609 0.000016 0.021944
2 2 0.000004 0.008402 0.986343 0.000071 0.005180
2 2 0.000003 0.014666 0.981511 0.000211 0.003609
2 2 0.000005 0.014538 0.974748 0.000544 0.010166
2 2 0.000694 0.238122 0.650753 0.000024 0.110407
2 2 0.000395 0.262993 0.714967 0.000024 0.021621
2 2 0.000007 0.010174 0.937750 0.048138 0.003932
2 2 0.000019 0.008596 0.989770 0.001252 0.000364
2 2 0.000896 0.172919 0.743633 0.001434 0.081118
2 2 0.000257 0.059807 0.930443 0.000017 0.009476
2 2 0.000457 0.181678 0.735452 0.000063 0.082349
4 2 0.001582 0.182089 0.263207 0.000005 0.553117
2 2 0.000031 0.049808 0.922640 0.000067 0.027453
2 2 0.001784 0.175829 0.695008 0.000683 0.126696
2 2 0.000059 0.099803 0.874705 0.000010 0.025423
2 2 0.000002 0.018518 0.977984 0.000005 0.003490
2 2 0.000845 0.230288 0.668003 0.000109 0.100756
4 2 0.006552 0.383015 0.134154 0.000001 0.476278
0 0 0.660350 0.215117 0.084116 0.002056 0.038362
1 1 0.009737 0.571933 0.325986 0.000110 0.092234
2 1 0.000074 0.052371 0.927880 0.004377 0.015298
2 2 0.000010 0.004210 0.993167 0.002056 0.000557
2 2 0.000607 0.215445 0.744516 0.000221 0.039212
2 2 0.000178 0.031273 0.965849 0.000020 0.002681
2 2 0.014620 0.144471 0.810189 0.000531 0.030188
1 2 0.003297 0.487330 0.418857 0.000025 0.090490
2 2 0.002044 0.151160 0.837179 0.000646 0.008972
2 2 0.001572 0.269244 0.709122 0.000342 0.019719
2 2 0.000339 0.036980 0.961655 0.000040 0.000986
2 2 0.000113 0.006017 0.993666 0.000097 0.000108
2 2 0.000292 0.036639 0.961724 0.000001 0.001344
2 2 0.000202 0.012194 0.986560 0.000311 0.000733
2 2 0.016678 0.400393 0.526608 0.000022 0.056299
2 2 0.016336 0.327686 0.612204 0.000054 0.043719
2 2 0.000056 0.069239 0.923009 0.000230 0.007466
2 2 0.000003 0.013918 0.985760 0.000000 0.000319
2 2 0.001057 0.239926 0.740991 0.000161 0.017864
2 2 0.005474 0.267837 0.705008 0.000468 0.021213
2 2 0.000851 0.134387 0.857254 0.000002 0.007505
2 2 0.000044 0.017086 0.982576 0.000007 0.000287
2 2 0.048580 0.434987 0.465934 0.001148 0.049350
2 2 0.015864 0.262781 0.701457 0.000535 0.019364
2 2 0.000013 0.024906 0.937866 0.000054 0.037161
2 2 0.000568 0.068702 0.812912 0.000002 0.117817
1 2 0.067002 0.506498 0.233627 0.001245 0.191627
1 0 0.133991 0.381406 0.192804 0.009940 0.281859
1 0 0.106864 0.561171 0.166295 0.000095 0.165575
2 0 0.012434 0.296799 0.548592 0.000017 0.142157
2 1 0.000028 0.022847 0.955144 0.000014 0.021966
2 1 0.000177 0.025291 0.967089 0.000062 0.007381
2 2 0.023124 0.099335 0.750407 0.000008 0.127126
2 2 0.000883 0.090061 0.900498 0.000043 0.008515
4 2 0.103958 0.260972 0.218815 0.000039 0.416217
1 2 0.241525 0.377860 0.113429 0.000005 0.267180
4 2 0.012940 0.291363 0.159294 0.000004 0.536399
2 2 0.000472 0.060822 0.933571 0.000067 0.005068
2 2 0.000937 0.365315 0.583709 0.000004 0.050035
1 2 0.005204 0.464230 0.439151 0.000000 0.091414
2 2 0.002240 0.372187 0.597727 0.001059 0.026788
2 2 0.000591 0.156187 0.834742 0.000045 0.008435
2 2 0.002364 0.290123 0.680552 0.000022 0.026939
2 2 0.006707 0.231220 0.740400 0.000636 0.021037
2 2 0.000450 0.004984 0.989165 0.005363 0.000038
0 2 0.390770 0.241981 0.338844 0.000119 0.028286
2 2 0.000682 0.225947 0.758658 0.000054 0.014658
2 2 0.013716 0.343827 0.599878 0.000003 0.042577
2 2 0.051992 0.204034 0.679033 0.000126 0.064815
2 2 0.024746 0.345915 0.569181 0.000160 0.059999
2 2 0.025000 0.431152 0.476925 0.000007 0.066917
1 2 0.009549 0.560898 0.318603 0.000017 0.110934
1 2 0.062476 0.533853 0.269598 0.000009 0.134064
1 2 0.063988 0.523595 0.301239 0.000018 0.111160
1 2 0.063092 0.590246 0.114436 0.000394 0.231832
0 2 0.442612 0.225868 0.134775 0.000278 0.196467
1 2 0.012190 0.589899 0.271717 0.000038 0.126156
1 0 0.362539 0.398414 0.159484 0.000724 0.078839
1 0 0.008401 0.556296 0.251281 0.000010 0.184011
1 0 0.007055 0.555648 0.329320 0.000064 0.107913
1 1 0.011828 0.605435 0.237364 0.000039 0.145334
1 1 0.060647 0.612901 0.112750 0.000414 0.213288
1 1 0.011325 0.522800 0.263337 0.000000 0.202537
4 1 0.074742 0.332523 0.196994 0.001019 0.394723
1 1 0.016605 0.591667 0.222216 0.000011 0.169501
1 1 0.009487 0.465035 0.319926 0.000001 0.205551
1 1 0.031143 0.472088 0.228185 0.000156 0.268428
2 1 0.041837 0.410855 0.482066 0.000018 0.065224
2 1 0.042196 0.391542 0.441530 0.000175 0.124558
1 1 0.009719 0.523872 0.410826 0.000663 0.054920
0 0 0.999849 0.000083 0.000039 0.000000 0.000029
0 0 0.999554 0.000251 0.000142 0.000001 0.000052
0 0 0.999623 0.000190 0.000152 0.000011 0.000024
0 0 0.991315 0.003806 0.002595 0.001030 0.001254
0 0 0.999356 0.000340 0.000241 0.000016 0.000046
0 0 0.999469 0.000222 0.000223 0.000041 0.000044
0 0 0.998812 0.000622 0.000432 0.000057 0.000077
0 0 0.998229 0.000893 0.000553 0.000022 0.000302
0 0 0.984578 0.006041 0.002055 0.000009 0.007317
0 0 0.999780 0.000058 0.000101 0.000035 0.000026
0 0 0.732652 0.041228 0.009876 0.000021 0.216224
1 0 0.055682 0.547775 0.213465 0.000004 0.183075
1 0 0.055198 0.502225 0.092149 0.000001 0.350427
1 0 0.148398 0.467043 0.125573 0.000001 0.258986
1 0 0.006215 0.543087 0.171086 0.000000 0.279612
4 0 0.015834 0.355741 0.167562 0.000000 0.460863
1 0 0.002522 0.529094 0.193648 0.000000 0.274735
1 0 0.005319 0.523944 0.297340 0.000000 0.173397
1 0 0.029310 0.511948 0.275628 0.000000 0.183113
2 1 0.026257 0.420076 0.460611 0.000000 0.093056
4 1 0.150554 0.243741 0.024110 0.000000 0.581595
1 1 0.009790 0.519583 0.127885 0.000000 0.342742
1 1 0.009510 0.530548 0.140582 0.000001 0.319359
1 1 0.011493 0.485031 0.165909 0.000005 0.337563
4 1 0.015952 0.213628 0.263773 0.000009 0.506639
4 1 0.008057 0.351942 0.279079 0.000002 0.360920
1 1 0.004372 0.563505 0.217170 0.000000 0.214952
4 1 0.007597 0.346356 0.223188 0.000011 0.422847
4 1 0.073610 0.159331 0.039095 0.000002 0.727962
4 0 0.201233 0.167293 0.042808 0.000010 0.588656
1 0 0.159127 0.341138 0.334449 0.000019 0.165267
0 0 0.790004 0.118824 0.045972 0.000024 0.045176
0 0 0.985002 0.002695 0.003728 0.000169 0.008406
0 0 0.990120 0.005768 0.002732 0.000530 0.000850
0 0 0.999673 0.000142 0.000132 0.000005 0.000048
0 0 0.986066 0.008688 0.002965 0.000033 0.002247
4 0 0.254843 0.097861 0.031434 0.000176 0.615686
0 0 0.829999 0.022284 0.033474 0.043820 0.070423
0 0 0.382808 0.268839 0.308215 0.000082 0.040056
2 0 0.030618 0.228691 0.725419 0.000013 0.015258
1 0 0.012412 0.513495 0.377398 0.000005 0.096690
1 0 0.055584 0.498245 0.305737 0.000001 0.140433
4 0 0.000532 0.138114 0.211387 0.000000 0.649967
4 0 0.001818 0.292822 0.261228 0.000001 0.444131
4 0 0.005416 0.363332 0.194018 0.000003 0.437231
4 0 0.157323 0.360017 0.109972 0.000040 0.372647
4 0 0.025710 0.182813 0.030780 0.000008 0.760689
4 0 0.005765 0.240781 0.132424 0.000004 0.621027
4 0 0.007970 0.192448 0.092723 0.000012 0.706846
4 0 0.041913 0.301309 0.057853 0.000074 0.598851
4 0 0.003359 0.149053 0.070329 0.000000 0.777258
1 0 0.006084 0.443396 0.330787 0.000001 0.219733
4 0 0.006649 0.316710 0.164460 0.000003 0.512177
4 0 0.024261 0.250399 0.080010 0.000001 0.645328
4 0 0.007506 0.227487 0.083296 0.000001 0.681710
4 0 0.105615 0.136031 0.071528 0.000024 0.686803
4 0 0.005850 0.020510 0.006557 0.000010 0.967073
4 0 0.374816 0.086913 0.029457 0.000064 0.508751
4 0 0.003573 0.276373 0.189960 0.000002 0.530092
4 0 0.021306 0.220150 0.298398 0.000002 0.460144
1 0 0.017607 0.435423 0.292856 0.000086 0.254029
1 0 0.015121 0.391698 0.249858 0.000000 0.343323
4 0 0.014336 0.109341 0.022031 0.000003 0.854289
1 0 0.003800 0.457581 0.277204 0.000002 0.261414
1 0 0.018653 0.491551 0.121074 0.000009 0.368714
4 0 0.006128 0.194758 0.119567 0.000002 0.679546
4 0 0.026797 0.254139 0.140116 0.000046 0.578902
4 0 0.047819 0.258484 0.069936 0.000042 0.623720
1 0 0.048052 0.460020 0.071012 0.000038 0.420877
4 0 0.004831 0.310937 0.308796 0.000065 0.375371
4 0 0.024314 0.159929 0.045377 0.000009 0.770371
4 1 0.022001 0.155916 0.048081 0.000026 0.773975
1 1 0.002308 0.526803 0.352115 0.000001 0.118773
2 1 0.000561 0.248283 0.669053 0.000015 0.082087
4 1 0.007084 0.184045 0.110117 0.000004 0.698751
4 0 0.035845 0.186213 0.139165 0.000157 0.638619
2 0 0.001790 0.212238 0.416266 0.000022 0.369683
4 1 0.013807 0.216619 0.325617 0.000010 0.443946
2 1 0.009066 0.301552 0.505653 0.000004 0.183725
1 1 0.004353 0.488121 0.240267 0.000001 0.267258
1 1 0.001678 0.436739 0.434182 0.000002 0.127399
2 1 0.000192 0.131135 0.733564 0.000010 0.135100
2 1 0.000102 0.055757 0.837201 0.000398 0.106542
2 1 0.000176 0.220804 0.714571 0.000001 0.064449
4 1 0.003566 0.260221 0.336791 0.000066 0.399356
2 2 0.000277 0.147104 0.830453 0.000009 0.022158
2 2 0.000007 0.034556 0.959395 0.000001 0.006041
2 2 0.000010 0.021585 0.976324 0.000261 0.001820
2 2 0.000005 0.004153 0.994669 0.000001 0.001171
2 2 0.000000 0.000784 0.999012 0.000085 0.000118
2 2 0.000118 0.023608 0.974685 0.000002 0.001587
2 2 0.000988 0.022721 0.967832 0.000007 0.008451
2 2 0.028309 0.270069 0.676173 0.000018 0.025432
1 1 0.010347 0.579228 0.308911 0.000083 0.101430
1 1 0.047949 0.496462 0.360227 0.000008 0.095355
1 1 0.004205 0.565999 0.269650 0.000001 0.160144
4 0 0.059258 0.054298 0.010619 0.000043 0.875782
4 1 0.006377 0.357607 0.202986 0.000001 0.433029
1 1 0.009393 0.591953 0.281121 0.000055 0.117478
2 2 0.000450 0.247122 0.734202 0.000089 0.018137
2 2 0.000000 0.002396 0.997566 0.000022 0.000016
2 2 0.000000 0.000190 0.999808 0.000001 0.000000
2 2 0.004653 0.033766 0.959286 0.000002 0.002293
2 2 0.000018 0.007876 0.991977 0.000000 0.000129
2 2 0.004536 0.096656 0.890242 0.000000 0.008565
2 2 0.018047 0.036367 0.942548 0.000001 0.003037
1 2 0.030107 0.584356 0.154349 0.000106 0.231082
1 0 0.030740 0.604304 0.243196 0.000254 0.121505
0 0 0.658954 0.204669 0.035959 0.000037 0.100382
0 0 0.475444 0.299520 0.034220 0.000063 0.190752
2 1 0.001536 0.232570 0.739417 0.000001 0.026477
2 1 0.000448 0.334503 0.615844 0.000001 0.049203
2 2 0.005746 0.213445 0.757881 0.000010 0.022918
2 2 0.000297 0.030818 0.967971 0.000001 0.000913
2 2 0.000005 0.000723 0.998978 0.000230 0.000064
2 2 0.000780 0.008277 0.987185 0.000646 0.003112
2 2 0.000275 0.092597 0.892980 0.000001 0.014148
2 2 0.000019 0.009460 0.990390 0.000013 0.000118
1 2 0.036999 0.424271 0.358392 0.000015 0.180324
2 2 0.013158 0.209450 0.571649 0.000211 0.205533
0 2 0.685598 0.199284 0.059126 0.000197 0.055796
1 2 0.016644 0.553818 0.320812 0.000020 0.108707
2 2 0.000189 0.007592 0.990492 0.000101 0.001626
2 2 0.000847 0.051134 0.935547 0.000166 0.012307
2 0 0.017701 0.273286 0.685305 0.000008 0.023700
1 0 0.131957 0.474144 0.270154 0.000004 0.123741
2 1 0.000062 0.014444 0.983488 0.000001 0.002005
2 2 0.001291 0.004269 0.993281 0.000092 0.001067
4 2 0.015931 0.095896 0.025647 0.000001 0.862524
1 2 0.082327 0.360080 0.314174 0.000002 0.243416
4 2 0.032263 0.229554 0.364224 0.000078 0.373880
2 2 0.000717 0.074402 0.907292 0.000409 0.017180
2 2 0.000005 0.026979 0.971223 0.000001 0.001792
2 2 0.000093 0.059097 0.880108 0.000003 0.060699
2 2 0.001378 0.231775 0.746263 0.000032 0.020552
2 2 0.002020 0.069942 0.920954 0.000008 0.007077
2 2 0.000367 0.021085 0.958989 0.000816 0.018742
2 2 0.018038 0.084227 0.866728 0.000000 0.031006
2 2 0.000001 0.011541 0.986763 0.000225 0.001469
2 2 0.000003 0.008461 0.989846 0.000037 0.001653
2 2 0.000482 0.008576 0.971660 0.007520 0.011762
2 2 0.000020 0.009882 0.974616 0.000424 0.015057
2 2 0.000583 0.046436 0.910640 0.002269 0.040073
2 2 0.000003 0.001575 0.996392 0.001863 0.000167
2 2 0.000000 0.000061 0.958933 0.041005 0.000002
2 2 0.000001 0.001386 0.995800 0.002754 0.000059
2 2 0.000072 0.008213 0.897037 0.092442 0.002236
2 2 0.000211 0.008846 0.960961 0.027376 0.002606
2 2 0.000001 0.001660 0.802156 0.196093 0.000089
2 2 0.000002 0.000564 0.993926 0.005463 0.000046
2 2 0.000064 0.009029 0.976631 0.013628 0.000648
2 2 0.000001 0.000256 0.994169 0.005565 0.000010
2 2 0.000018 0.006878 0.978306 0.013483 0.001315
2 3 0.000252 0.042575 0.875792 0.009714 0.071668
3 3 0.000000 0.000057 0.098296 0.901643 0.000004
2 3 0.000000 0.000026 0.533691 0.466281 0.000002
3 3 0.000185 0.000752 0.082818 0.915949 0.000296
3 3 0.000020 0.002852 0.449170 0.547009 0.000950
3 3 0.000000 0.000004 0.444523 0.555473 0.000000
2 3 0.000007 0.000737 0.691305 0.307925 0.000026
2 3 0.000031 0.004249 0.773544 0.219378 0.002798
3 3 0.000002 0.000193 0.419276 0.580498 0.000030
3 3 0.000000 0.000091 0.036403 0.963402 0.000103
3 3 0.000023 0.001500 0.092306 0.905989 0.000182
3 3 0.000026 0.000236 0.381414 0.618273 0.000051
3 3 0.000000 0.000032 0.195108 0.804856 0.000003
3 3 0.000018 0.001670 0.259266 0.738731 0.000315
3 3 0.000023 0.000844 0.190509 0.808457 0.000168
3 3 0.000000 0.000168 0.374995 0.624827 0.000010
3 3 0.000080 0.005532 0.343274 0.649376 0.001739
2 3 0.000348 0.012202 0.670151 0.310673 0.006626
3 3 0.000027 0.002030 0.404501 0.593249 0.000192
3 3 0.000003 0.000486 0.083072 0.916119 0.000320
3 3 0.000058 0.001051 0.272934 0.725027 0.000930
3 3 0.000016 0.000099 0.015498 0.983887 0.000499
3 3 0.000000 0.000025 0.013867 0.986091 0.000017
3 3 0.000000 0.000013 0.061775 0.938208 0.000004
3 3 0.000001 0.000207 0.046935 0.952798 0.000059
3 3 0.000007 0.000016 0.020845 0.979129 0.000003
3 3 0.000000 0.000013 0.057631 0.942347 0.000008
3 3 0.000001 0.000004 0.025268 0.974722 0.000005
3 3 0.000000 0.000009 0.038259 0.961729 0.000002
3 3 0.000002 0.000015 0.023068 0.976914 0.000002
3 3 0.000002 0.000007 0.009158 0.990830 0.000003
3 3 0.000004 0.000141 0.013719 0.985865 0.000271
3 3 0.000048 0.000836 0.058829 0.938897 0.001390
3 3 0.000000 0.000003 0.001847 0.998148 0.000002
3 3 0.000000 0.000008 0.022459 0.977518 0.000014
3 3 0.000000 0.000000 0.000200 0.999798 0.000002
3 3 0.000265 0.000307 0.012852 0.984567 0.002009
3 3 0.000000 0.000004 0.001645 0.998349 0.000003
3 3 0.000001 0.000066 0.009067 0.990764 0.000102
3 3 0.000000 0.000002 0.000485 0.999505 0.000008
3 3 0.000129 0.001028 0.007509 0.984016 0.007317
3 3 0.000000 0.000000 0.001122 0.998878 0.000000
3 3 0.000003 0.000008 0.003379 0.996606 0.000003
3 3 0.000000 0.000003 0.031753 0.968243 0.000000
3 3 0.000000 0.000028 0.067669 0.932298 0.000005
3 3 0.000000 0.000000 0.000306 0.999693 0.000000
3 3 0.000000 0.000000 0.000115 0.999885 0.000000
3 3 0.000000 0.000052 0.015687 0.984245 0.000016
3 3 0.000000 0.000029 0.011020 0.988936 0.000015
3 3 0.000034 0.000441 0.306071 0.693248 0.000205
3 3 0.000013 0.000059 0.013535 0.986356 0.000037
3 3 0.000497 0.000363 0.031901 0.966837 0.000402
3 3 0.000001 0.000003 0.000793 0.999189 0.000015
3 3 0.000000 0.000022 0.001364 0.998519 0.000094
3 3 0.000000 0.000024 0.007892 0.992076 0.000007
3 3 0.000011 0.000499 0.014303 0.984460 0.000727
3 3 0.000180 0.000579 0.019428 0.979554 0.000259
3 3 0.000000 0.000001 0.016950 0.983049 0.000000
3 3 0.000000 0.000004 0.016409 0.983587 0.000000
3 3 0.000000 0.000045 0.003508 0.996395 0.000052
3 3 0.000023 0.000054 0.013308 0.986594 0.000021
3 3 0.000003 0.000068 0.007655 0.991953 0.000322
3 3 0.000113 0.000237 0.024513 0.973140 0.001998
3 3 0.000190 0.000106 0.006638 0.992831 0.000235
3 3 0.001414 0.000920 0.028654 0.966844 0.002168
2 1 0.001211 0.221906 0.737963 0.029929 0.008991
2 1 0.007255 0.126793 0.800492 0.000241 0.065218
2 1 0.003217 0.288063 0.679777 0.007357 0.021586
2 1 0.002897 0.078923 0.912913 0.002716 0.002552
2 1 0.000151 0.035061 0.936327 0.023908 0.004553
2 2 0.000467 0.014465 0.981845 0.003014 0.000210
2 2 0.000003 0.016374 0.971903 0.011479 0.000240
2 2 0.000003 0.005288 0.974703 0.019573 0.000432
2 2 0.000238 0.009542 0.932082 0.057435 0.000703
2 2 0.000413 0.008172 0.812261 0.176734 0.002420
2 2 0.001356 0.367309 0.538185 0.000016 0.093135
2 2 0.000311 0.166082 0.814032 0.000173 0.019401
2 2 0.000629 0.192932 0.653462 0.000048 0.152928
2 2 0.000657 0.060357 0.911099 0.000001 0.027887
2 2 0.001951 0.341069 0.603540 0.000279 0.053161
2 2 0.000156 0.068162 0.860583 0.001302 0.069798
2 2 0.000120 0.201680 0.756204 0.000000 0.041995
2 2 0.010194 0.335689 0.543775 0.000165 0.110178
2 2 0.000715 0.138052 0.718809 0.000087 0.142338
2 2 0.004303 0.172088 0.741048 0.000080 0.082481
2 2 0.000523 0.189386 0.574032 0.000002 0.236057
1 2 0.003914 0.546965 0.292781 0.000001 0.156339
4 1 0.091965 0.145786 0.091979 0.000107 0.670162
4 1 0.063399 0.190712 0.095271 0.000009 0.650609
4 1 0.021610 0.377479 0.142659 0.000146 0.458107
1 1 0.016846 0.487883 0.206456 0.000046 0.288769
2 1 0.000817 0.255839 0.492728 0.000003 0.250614
4 1 0.006314 0.146046 0.297146 0.000005 0.550488
1 1 0.003585 0.419689 0.297880 0.000004 0.278843
4 1 0.001678 0.146916 0.132187 0.000001 0.719218
4 1 0.008988 0.294330 0.227433 0.000021 0.469227
2 1 0.003546 0.291279 0.541019 0.000005 0.164151
2 1 0.000082 0.100876 0.768930 0.000002 0.130110
4 1 0.002028 0.341669 0.251161 0.000000 0.405141
2 1 0.001697 0.241463 0.486981 0.000069 0.269790
4 1 0.005160 0.256305 0.165064 0.000008 0.573463
4 1 0.002476 0.246188 0.322255 0.000020 0.429060
1 1 0.008571 0.437917 0.301409 0.000123 0.251981
4 1 0.014970 0.235639 0.089214 0.000040 0.660137
4 1 0.037306 0.340019 0.073367 0.000077 0.549231
4 1 0.003931 0.279278 0.277392 0.000025 0.439373
4 1 0.007147 0.201179 0.138289 0.000002 0.653385
1 0 0.082544 0.535579 0.107381 0.000007 0.274490
1 1 0.148261 0.512078 0.098352 0.000039 0.241271
2 1 0.006718 0.246656 0.648181 0.000015 0.098430
1 1 0.014180 0.555682 0.290595 0.000004 0.139540
1 1 0.034912 0.491056 0.349020 0.000168 0.124844
1 1 0.004611 0.530256 0.393687 0.000068 0.071378
2 1 0.002997 0.422664 0.526795 0.000008 0.047537
2 1 0.000529 0.191086 0.794910 0.000000 0.013475
1 1 0.005272 0.547574 0.340660 0.000008 0.106486
2 1 0.008142 0.319227 0.638011 0.000007 0.034612
1 1 0.005969 0.495633 0.432168 0.000027 0.066202
2 1 0.000736 0.358476 0.605843 0.000002 0.034942
1 1 0.002752 0.526962 0.373390 0.000004 0.096892
1 1 0.113978 0.543790 0.142660 0.000029 0.199543
1 1 0.009786 0.557967 0.330294 0.000062 0.101891
2 1 0.003959 0.370052 0.464025 0.000192 0.161773
1 1 0.101124 0.377972 0.153069 0.000057 0.367778
2 1 0.062903 0.274465 0.498130 0.000527 0.163975
1 1 0.018317 0.424437 0.312175 0.004369 0.240702
2 1 0.002287 0.463805 0.481360 0.000040 0.052508
1 1 0.020510 0.555246 0.203208 0.000154 0.220881
2 1 0.000004 0.004761 0.993987 0.001183 0.000064
2 2 0.001069 0.157685 0.834552 0.000252 0.006443
2 2 0.000329 0.096086 0.899864 0.000009 0.003712
2 2 0.003762 0.339436 0.633243 0.000483 0.023075
2 2 0.000303 0.131883 0.853264 0.000093 0.014457
2 2 0.000072 0.033475 0.965344 0.000706 0.000403
2 2 0.000171 0.069698 0.927659 0.000008 0.002464
2 2 0.000055 0.007271 0.989754 0.000995 0.001924
2 2 0.000071 0.005633 0.992118 0.001908 0.000269
2 2 0.000566 0.075009 0.917393 0.000351 0.006681
2 2 0.000537 0.284555 0.692752 0.000005 0.022150
2 2 0.000255 0.037259 0.958299 0.000182 0.004006
2 2 0.000153 0.084857 0.897744 0.000034 0.017212
2 2 0.018701 0.436099 0.490716 0.000014 0.054471
2 0 0.112828 0.246029 0.613759 0.000002 0.027381
4 0 0.071057 0.340826 0.178524 0.000014 0.409579
2 1 0.011569 0.421755 0.485243 0.000001 0.081432
2 1 0.000364 0.241940 0.741145 0.000055 0.016497
2 1 0.001923 0.230601 0.750285 0.000005 0.017186
1 1 0.037761 0.494773 0.110032 0.000004 0.357431
4 1 0.017801 0.373769 0.167156 0.000162 0.441111
2 2 0.000270 0.063574 0.931025 0.000004 0.005127
2 2 0.001042 0.168038 0.804413 0.000001 0.026506
1 2 0.004221 0.533270 0.383827 0.000035 0.078647
2 2 0.002588 0.372267 0.553495 0.000020 0.071630
1 2 0.007695 0.349606 0.321725 0.000333 0.320641
1 1 0.010288 0.527915 0.372431 0.000017 0.089350
2 1 0.010683 0.420674 0.473026 0.000092 0.095524
1 1 0.057712 0.393596 0.180950 0.000253 0.367489
0 1 0.580720 0.253311 0.064634 0.000456 0.100879
0 0 0.919861 0.033272 0.012181 0.000185 0.034500
0 0 0.992546 0.004223 0.001922 0.000108 0.001201
0 0 0.873531 0.083383 0.018433 0.000795 0.023858
0 0 0.768679 0.052013 0.021853 0.000576 0.156879
0 0 0.553857 0.081862 0.032260 0.000166 0.331855
4 0 0.006695 0.057262 0.021872 0.000009 0.914162
1 0 0.001773 0.343712 0.324421 0.000001 0.330093
1 1 0.008792 0.453587 0.396468 0.000008 0.141144
2 1 0.001354 0.061881 0.920448 0.000031 0.016287
2 1 0.008686 0.283222 0.678734 0.000004 0.029354
1 1 0.004360 0.492287 0.420760 0.000003 0.082589
1 1 0.011070 0.557380 0.253746 0.000001 0.177803
2 1 0.048157 0.322969 0.519047 0.000002 0.109826
2 1 0.000009 0.038920 0.959112 0.000155 0.001805
2 2 0.000010 0.012890 0.985559 0.000546 0.000995
2 2 0.000957 0.333163 0.504941 0.000002 0.160937
1 2 0.197560 0.339303 0.292775 0.000000 0.170361
4 2 0.006782 0.224444 0.217293 0.000002 0.551479
2 2 0.035714 0.360035 0.424067 0.000001 0.180184
1 2 0.021193 0.384812 0.294348 0.000229 0.299418
4 2 0.078866 0.238447 0.197392 0.000420 0.484875
1 1 0.006258 0.538183 0.380038 0.000076 0.075445
1 1 0.002775 0.498897 0.432618 0.000023 0.065687
2 1 0.003630 0.106696 0.885942 0.000297 0.003436
2 1 0.051475 0.342771 0.518635 0.000054 0.087066
1 1 0.056856 0.389908 0.235478 0.000001 0.317757
4 1 0.012427 0.310633 0.112069 0.000012 0.564859
4 1 0.030166 0.248213 0.318186 0.000004 0.403430
2 1 0.005110 0.291829 0.615889 0.000000 0.087173
4 1 0.011997 0.232650 0.327899 0.000007 0.427447
1 1 0.082015 0.491490 0.334540 0.000020 0.091935
1 1 0.192619 0.461723 0.123126 0.000002 0.222529
4 0 0.017429 0.357597 0.101926 0.000013 0.523035
1 1 0.002873 0.464147 0.463794 0.000003 0.069183
1 1 0.011885 0.450425 0.178451 0.000002 0.359237
2 1 0.004255 0.407301 0.480127 0.000385 0.107932
2 1 0.000199 0.205281 0.766560 0.000007 0.027953
1 1 0.005379 0.437457 0.356744 0.000054 0.200366
2 1 0.021418 0.336162 0.572945 0.000059 0.069416
1 1 0.009035 0.556497 0.286436 0.000002 0.148030
1 1 0.042210 0.546242 0.145639 0.000028 0.265881
1 1 0.003003 0.413631 0.347349 0.000005 0.236012
1 1 0.005792 0.575588 0.251062 0.000003 0.167554
1 1 0.006973 0.561358 0.306722 0.000032 0.124916
1 1 0.011589 0.534568 0.250967 0.000064 0.202811
2 1 0.016418 0.379363 0.561241 0.000006 0.042972
2 1 0.003715 0.288597 0.604987 0.000043 0.102657
1 1 0.060430 0.438809 0.250777 0.000022 0.249961
4 1 0.050973 0.213655 0.274517 0.000012 0.460843
4 1 0.016165 0.118141 0.040462 0.000013 0.825219
4 1 0.087899 0.301681 0.081617 0.000143 0.528659
4 1 0.055781 0.344125 0.090093 0.000053 0.509948
1 1 0.011305 0.591590 0.186332 0.000004 0.210769
1 1 0.004307 0.439330 0.354407 0.000020 0.201935
1 1 0.008654 0.515103 0.262087 0.000028 0.214127
1 1 0.008823 0.386907 0.229511 0.000041 0.374718
1 1 0.034808 0.538695 0.138437 0.000058 0.288002
0 0 0.759380 0.006585 0.001619 0.000000 0.232416
0 0 0.997575 0.001462 0.000608 0.000007 0.000348
0 0 0.997713 0.001243 0.000767 0.000114 0.000163
0 0 0.998871 0.000473 0.000438 0.000104 0.000114
0 0 0.996120 0.002373 0.000866 0.000008 0.000632
0 0 0.999492 0.000252 0.000204 0.000023 0.000029
0 0 0.999925 0.000032 0.000037 0.000003 0.000003
0 0 0.965275 0.022442 0.006587 0.000297 0.005399
1 0 0.049525 0.557676 0.222968 0.000007 0.169824
1 0 0.309873 0.376084 0.124213 0.000000 0.189830
1 0 0.292520 0.379769 0.161340 0.004001 0.162370
0 0 0.985123 0.007432 0.006489 0.000110 0.000845
0 0 0.626832 0.193805 0.068772 0.000466 0.110125
4 0 0.342592 0.208320 0.026860 0.000080 0.422148
1 0 0.008331 0.534638 0.262765 0.000022 0.194244
4 0 0.014934 0.383821 0.186643 0.000019 0.414584
4 0 0.005164 0.204496 0.124756 0.000007 0.665578
4 0 0.022801 0.344144 0.163124 0.000011 0.469921
1 0 0.021112 0.464385 0.095587 0.000005 0.418911
1 1 0.015706 0.539360 0.096702 0.000001 0.348231
4 1 0.025728 0.291319 0.079005 0.000058 0.603891
4 4 0.122141 0.107502 0.028257 0.000019 0.742081
4 4 0.143351 0.063396 0.036890 0.000069 0.756293
4 4 0.045161 0.066512 0.017781 0.000008 0.870538
4 4 0.016660 0.093688 0.065148 0.000022 0.824483
4 4 0.008152 0.101949 0.069320 0.000045 0.820533
4 4 0.033676 0.023595 0.015402 0.000029 0.927298
4 4 0.101106 0.172267 0.107147 0.000013 0.619466
4 4 0.004486 0.060079 0.019997 0.000000 0.915438
4 4 0.002046 0.105258 0.069544 0.000000 0.823151
4 4 0.017768 0.089788 0.023467 0.000040 0.868936
4 4 0.005443 0.162607 0.069704 0.000002 0.762244
4 4 0.050987 0.033823 0.006552 0.000008 0.908630
4 4 0.038707 0.027452 0.007208 0.000082 0.926551
4 4 0.037432 0.040865 0.011060 0.000020 0.910623
4 4 0.029963 0.309512 0.056363 0.000014 0.604149
4 4 0.083058 0.050718 0.017608 0.000063 0.848552
4 4 0.007311 0.017521 0.008658 0.000118 0.966391
4 4 0.004232 0.117976 0.066627 0.000004 0.811161
4 4 0.015605 0.111250 0.040995 0.000003 0.832147
0 4 0.503634 0.073666 0.015508 0.000016 0.407176
4 4 0.084336 0.083077 0.023111 0.000228 0.809248
4 4 0.005492 0.231671 0.153554 0.000012 0.609271
4 4 0.006000 0.269978 0.120282 0.000001 0.603739
4 4 0.032424 0.180542 0.255307 0.000004 0.531722
1 4 0.014218 0.429963 0.258979 0.000004 0.296835
4 4 0.001022 0.011350 0.010151 0.000003 0.977474
4 4 0.015461 0.007717 0.002186 0.000007 0.974629
4 4 0.010555 0.139101 0.050127 0.000013 0.800204
4 4 0.014230 0.020527 0.014207 0.000002 0.951034
4 4 0.014643 0.142713 0.029620 0.000003 0.813021
4 4 0.015693 0.026594 0.005638 0.000053 0.952023
4 4 0.042033 0.227700 0.061000 0.000001 0.669267
4 4 0.051911 0.136095 0.025011 0.000062 0.786921
4 4 0.033186 0.173062 0.035996 0.000019 0.757737
4 4 0.005409 0.034644 0.013836 0.000010 0.946101
4 4 0.014340 0.226108 0.173272 0.001416 0.584864
4 4 0.027054 0.321871 0.124410 0.000430 0.526234
4 4 0.006352 0.104775 0.050266 0.000002 0.838606
1 4 0.016722 0.434884 0.293338 0.000010 0.255047
4 4 0.025447 0.211819 0.155021 0.000001 0.607713
4 4 0.059416 0.239632 0.028358 0.000007 0.672587
4 4 0.008108 0.319644 0.072838 0.000000 0.599410
1 4 0.006033 0.403962 0.224001 0.000006 0.365998
4 1 0.017952 0.108694 0.024560 0.000003 0.848791
4 4 0.037885 0.116237 0.032091 0.000004 0.813784
1 4 0.004138 0.382456 0.293387 0.000009 0.320010
1 4 0.030513 0.470541 0.050657 0.000001 0.448288
4 4 0.012048 0.086637 0.019936 0.000004 0.881375
4 4 0.020316 0.392986 0.109162 0.000022 0.477515
4 4 0.030663 0.414767 0.107563 0.000085 0.446922
2 4 0.001311 0.353441 0.526637 0.000009 0.118602
4 4 0.016645 0.149539 0.043642 0.000000 0.790174
4 4 0.009659 0.085887 0.048374 0.000013 0.856067
4 4 0.004591 0.045766 0.024127 0.000013 0.925503
4 4 0.013157 0.037483 0.008256 0.000017 0.941086
4 4 0.015343 0.113346 0.036869 0.000047 0.834395
4 4 0.058888 0.322318 0.120871 0.000003 0.497920
4 4 0.001726 0.022060 0.017915 0.000006 0.958292
4 4 0.019541 0.128057 0.180301 0.000010 0.672092
4 4 0.017068 0.308941 0.048616 0.000001 0.625374
1 1 0.006047 0.554030 0.158624 0.000000 0.281299
1 1 0.008788 0.589187 0.195674 0.000003 0.206349
1 1 0.009520 0.548541 0.124436 0.000000 0.317503
4 1 0.002467 0.390662 0.182172 0.000000 0.424700
1 1 0.003369 0.453251 0.166071 0.000000 0.377310
4 4 0.004594 0.046205 0.016337 0.000002 0.932862
4 4 0.015090 0.027516 0.005358 0.000000 0.952036
4 4 0.002899 0.274837 0.263976 0.000006 0.458282
4 1 0.001798 0.250437 0.330952 0.000006 0.416808
1 1 0.019224 0.436702 0.352216 0.000000 0.191858
1 1 0.001572 0.383508 0.343661 0.000000 0.271258
1 0 0.023109 0.471636 0.090110 0.000005 0.415140
4 1 0.004942 0.286118 0.112626 0.000000 0.596314
4 1 0.003383 0.117186 0.087581 0.000006 0.791844
4 1 0.009205 0.150789 0.063160 0.000002 0.776844
1 1 0.001111 0.430139 0.424211 0.000000 0.144539
1 1 0.001969 0.385562 0.370165 0.000002 0.242302
1 1 0.014431 0.386923 0.299903 0.000001 0.298742
0 1 0.475464 0.256327 0.079563 0.000000 0.188647
1 1 0.014146 0.426807 0.237969 0.000002 0.321076
4 1 0.011674 0.148493 0.086611 0.000001 0.753222
2 1 0.002450 0.278498 0.593914 0.000035 0.125103
1 1 0.026209 0.548091 0.294543 0.000006 0.131150
2 1 0.005026 0.395921 0.535302 0.000000 0.063750
1 1 0.014203 0.519711 0.212537 0.000019 0.253529
2 1 0.002416 0.190624 0.760840 0.000185 0.045936
2 1 0.002716 0.429919 0.466124 0.000011 0.101230
1 1 0.001890 0.458108 0.424622 0.000003 0.115377
4 1 0.002271 0.248869 0.302715 0.000009 0.446136
2 1 0.000304 0.136546 0.810594 0.000243 0.052312
2 2 0.000120 0.071608 0.883034 0.000701 0.044537
2 2 0.000239 0.132309 0.775940 0.000046 0.091467
2 2 0.000105 0.043355 0.950610 0.000501 0.005430
2 2 0.000116 0.042101 0.835961 0.000032 0.121791
2 2 0.001482 0.137806 0.717451 0.000001 0.143259
2 2 0.000120 0.016046 0.980803 0.000050 0.002981
2 2 0.001889 0.038637 0.872224 0.000069 0.087180
2 2 0.000431 0.016417 0.953735 0.000093 0.029323
2 2 0.000106 0.004514 0.995099 0.000001 0.000279
2 2 0.000135 0.026821 0.929266 0.000014 0.043763
2 2 0.000069 0.033343 0.950894 0.000009 0.015686
2 2 0.012851 0.201765 0.718834 0.000006 0.066544
0 2 0.426296 0.263683 0.216435 0.000000 0.093587
1 1 0.051402 0.445887 0.082491 0.000023 0.420197
1 1 0.016219 0.570401 0.119760 0.000002 0.293617
2 2 0.000074 0.028220 0.954777 0.000006 0.016923
2 2 0.000002 0.004271 0.992116 0.000100 0.003510
2 2 0.000040 0.090317 0.903203 0.000000 0.006440
2 2 0.000034 0.037490 0.958001 0.000001 0.004474
2 2 0.000007 0.006648 0.980301 0.000001 0.013043
2 2 0.000030 0.037929 0.945242 0.000001 0.016797
2 2 0.005755 0.034261 0.813605 0.000012 0.146368
2 2 0.002553 0.112910 0.553801 0.000006 0.330730
2 2 0.000062 0.089640 0.833823 0.000003 0.076472
4 2 0.006544 0.280341 0.280071 0.000001 0.433042
1 2 0.037211 0.494767 0.240492 0.000007 0.227523
1 0 0.076396 0.524520 0.246086 0.000004 0.152993
4 1 0.003601 0.289285 0.346452 0.000013 0.360649
2 2 0.006115 0.213229 0.423466 0.000001 0.357189
2 2 0.000213 0.063231 0.903853 0.000022 0.032681
2 2 0.000520 0.028380 0.960655 0.000007 0.010438
1 2 0.077704 0.518285 0.299236 0.000030 0.104745
1 2 0.067753 0.453969 0.387395 0.000002 0.090881
1 2 0.007447 0.553633 0.143670 0.000000 0.295249
4 2 0.010788 0.366836 0.142843 0.000001 0.479533
4 2 0.010620 0.167056 0.093691 0.000102 0.728531
4 2 0.004856 0.229504 0.161429 0.000010 0.604201
2 2 0.000548 0.079756 0.863429 0.000000 0.056267
2 2 0.000092 0.020935 0.974999 0.000003 0.003971
2 2 0.000002 0.006257 0.988196 0.000005 0.005541
4 2 0.003443 0.035491 0.371385 0.000002 0.589680
2 2 0.000039 0.004967 0.994403 0.000098 0.000492
2 2 0.000000 0.001144 0.998805 0.000033 0.000017
2 2 0.000144 0.052402 0.655881 0.000003 0.291570
2 2 0.000894 0.117626 0.813911 0.000001 0.067568
2 2 0.010471 0.434052 0.448106 0.000001 0.107370
2 2 0.004186 0.365390 0.589709 0.000032 0.040683
1 2 0.057746 0.538941 0.143733 0.000002 0.259578
2 2 0.000437 0.380620 0.572831 0.000000 0.046112
2 2 0.001090 0.085637 0.834560 0.000009 0.078704
2 2 0.000321 0.025528 0.956719 0.000021 0.017411
1 2 0.010232 0.494054 0.407570 0.000003 0.088141
0 1 0.421608 0.339552 0.138319 0.000015 0.100506
1 1 0.133031 0.463106 0.243301 0.000000 0.160562
1 1 0.007242 0.485905 0.274136 0.000022 0.232694
2 2 0.007860 0.409898 0.517977 0.000003 0.064263
2 2 0.000047 0.101408 0.891593 0.000000 0.006951
2 2 0.000015 0.015720 0.976990 0.000007 0.007268
2 2 0.000086 0.004437 0.991559 0.000065 0.003853
2 2 0.000283 0.054502 0.879333 0.000000 0.065881
2 2 0.000284 0.021622 0.957178 0.000002 0.020914
2 2 0.000018 0.006216 0.993583 0.000007 0.000176
2 2 0.000000 0.001363 0.998586 0.000003 0.000048
2 2 0.015432 0.120814 0.827847 0.000031 0.035876
2 2 0.001601 0.042075 0.940290 0.000108 0.015927
2 2 0.000002 0.003350 0.989393 0.000002 0.007254
2 2 0.000000 0.000170 0.999788 0.000004 0.000038
2 2 0.000146 0.004949 0.990484 0.000139 0.004282
2 2 0.000202 0.016391 0.972889 0.000012 0.010507
2 2 0.000078 0.004837 0.960656 0.031966 0.002463
2 2 0.000017 0.005667 0.991534 0.000074 0.002707
2 2 0.000951 0.004627 0.991016 0.001499 0.001907
2 3 0.000050 0.004785 0.992421 0.000824 0.001920
2 3 0.000832 0.014800 0.843105 0.111593 0.029669
2 3 0.000002 0.001211 0.954265 0.044137 0.000384
2 3 0.000000 0.000986 0.995279 0.003631 0.000104
2 3 0.000000 0.000244 0.801400 0.198282 0.000074
2 3 0.000007 0.000552 0.698858 0.300518 0.000065
2 3 0.007205 0.005434 0.986844 0.000217 0.000300
2 3 0.000658 0.026357 0.927417 0.035603 0.009965
2 3 0.000112 0.038746 0.959628 0.000019 0.001495
2 3 0.000003 0.013000 0.970847 0.015856 0.000295
2 3 0.000647 0.058620 0.935247 0.000965 0.004521
2 2 0.000004 0.000308 0.940129 0.059534 0.000025
2 2 0.000000 0.000132 0.999523 0.000344 0.000000
2 2 0.000000 0.003104 0.995048 0.001789 0.000058
2 2 0.000014 0.008942 0.990898 0.000005 0.000141
2 2 0.000002 0.001008 0.980418 0.018047 0.000525
2 2 0.000014 0.002956 0.916851 0.077784 0.002395
