0 0 0.851491 0.026027 0.006737 0.000072 0.115672
0 0 0.945754 0.012503 0.004076 0.001802 0.035866
0 0 0.753180 0.019202 0.003506 0.000000 0.224111
0 0 0.974124 0.011851 0.002335 0.000029 0.011661
0 0 0.967622 0.004866 0.001114 0.000011 0.026387
0 0 0.707169 0.022640 0.005884 0.000006 0.264301
4 0 0.450156 0.021852 0.009618 0.000373 0.518001
0 0 0.960755 0.015631 0.003391 0.000199 0.020024
0 0 0.998290 0.000034 0.000013 0.000019 0.001645
0 0 0.974987 0.002858 0.000785 0.000047 0.021322
0 0 0.996005 0.001248 0.000203 0.000002 0.002541
0 0 0.990666 0.003913 0.000625 0.000006 0.004790
0 0 0.962421 0.001312 0.000380 0.000004 0.035883
0 0 0.940498 0.009435 0.002582 0.000113 0.047372
0 0 0.970049 0.000297 0.000116 0.000006 0.029533
0 0 0.996815 0.000288 0.000040 0.000000 0.002858
0 0 0.553027 0.197871 0.039823 0.000000 0.209280
0 0 0.806737 0.019051 0.007353 0.001576 0.165283
0 0 0.720461 0.131888 0.024771 0.000060 0.122820
1 0 0.299377 0.328097 0.069975 0.000118 0.302433
1 0 0.291956 0.407250 0.107660 0.000017 0.193117
4 0 0.192236 0.132842 0.044130 0.000282 0.630511
1 1 0.028534 0.554790 0.191148 0.000003 0.225526
4 1 0.027448 0.373187 0.120937 0.000002 0.478427
4 1 0.011586 0.287288 0.128776 0.000146 0.572204
4 1 0.026079 0.265938 0.083484 0.000002 0.624497
1 1 0.015606 0.510983 0.211173 0.000013 0.262225
4 4 0.004561 0.129115 0.058191 0.000017 0.808115
2 4 0.006195 0.299574 0.408987 0.000387 0.284858
4 4 0.119195 0.225907 0.075535 0.000735 0.578627
0 4 0.626472 0.021473 0.007765 0.000128 0.344161
4 1 0.092709 0.132223 0.052699 0.000857 0.721511
4 1 0.032070 0.021276 0.012740 0.000242 0.933672
4 1 0.008560 0.208018 0.088237 0.000020 0.695165
4 1 0.025141 0.317896 0.096686 0.000000 0.560277
1 1 0.029490 0.407984 0.188074 0.000001 0.374450
4 4 0.011806 0.015041 0.011200 0.000486 0.961467
4 4 0.087831 0.026094 0.011545 0.000034 0.874496
0 4 0.561574 0.009161 0.004416 0.000268 0.424582
4 1 0.039873 0.002976 0.001961 0.000007 0.955183
0 1 0.639490 0.168464 0.038809 0.000022 0.153215
4 1 0.089775 0.257944 0.084282 0.000062 0.567937
4 1 0.174362 0.214683 0.062771 0.000004 0.548180
4 1 0.014103 0.123863 0.075300 0.000139 0.786596
1 1 0.037959 0.524122 0.194774 0.000154 0.242991
1 1 0.091486 0.486227 0.138842 0.000037 0.283407
4 1 0.009985 0.217320 0.121643 0.000059 0.650993
1 1 0.013293 0.470977 0.206403 0.000030 0.309297
2 1 0.000383 0.127443 0.774352 0.003268 0.094553
2 1 0.003525 0.348314 0.401020 0.000075 0.247065
2 1 0.000131 0.042803 0.942855 0.002040 0.012172
2 1 0.000144 0.052573 0.939226 0.000211 0.007846
2 2 0.000006 0.002992 0.996812 0.000032 0.000158
2 2 0.000022 0.002812 0.994575 0.000293 0.002298
2 2 0.000823 0.041408 0.952640 0.000277 0.004852
2 2 0.000732 0.015512 0.982804 0.000314 0.000638
2 2 0.000032 0.003303 0.996491 0.000134 0.000040
2 2 0.000004 0.002505 0.996813 0.000636 0.000042
2 2 0.000632 0.020738 0.972974 0.005120 0.000536
2 2 0.000051 0.000983 0.814792 0.184141 0.000033
2 2 0.000048 0.001684 0.996748 0.001461 0.000059
2 2 0.000044 0.001531 0.993525 0.004848 0.000052
3 3 0.000002 0.000053 0.047132 0.952809 0.000005
2 3 0.002160 0.006298 0.915683 0.070384 0.005475
2 3 0.000000 0.000001 0.674724 0.325275 0.000000
3 3 0.000000 0.000034 0.464132 0.535834 0.000000
3 3 0.000000 0.000000 0.040088 0.959912 0.000000
3 3 0.000000 0.000002 0.025249 0.974748 0.000000
3 3 0.000021 0.000056 0.075319 0.924595 0.000008
3 3 0.000000 0.000009 0.329313 0.670678 0.000001
3 3 0.000000 0.000000 0.001656 0.998344 0.000000
3 3 0.000000 0.000000 0.040559 0.959441 0.000000
3 3 0.000000 0.000000 0.000387 0.999613 0.000000
3 3 0.000000 0.000002 0.003930 0.996068 0.000000
3 3 0.000019 0.000231 0.043745 0.955945 0.000059
3 3 0.000109 0.000248 0.039745 0.959841 0.000058
3 3 0.000000 0.000000 0.001783 0.998217 0.000000
3 3 0.000000 0.000001 0.003689 0.996310 0.000000
3 3 0.000000 0.000000 0.000292 0.999708 0.000000
3 3 0.000001 0.000001 0.001327 0.998671 0.000001
3 3 0.000000 0.000000 0.000222 0.999778 0.000000
3 3 0.000000 0.000006 0.018564 0.981430 0.000001
3 3 0.000001 0.000005 0.004344 0.995649 0.000001
3 3 0.000000 0.000000 0.001332 0.998668 0.000000
3 3 0.000000 0.000000 0.000882 0.999118 0.000000
3 3 0.000199 0.000110 0.045759 0.953902 0.000031
3 3 0.000000 0.000000 0.005699 0.994301 0.000000
3 3 0.000000 0.000012 0.299268 0.700719 0.000000
3 3 0.000000 0.000000 0.000825 0.999175 0.000000
3 3 0.000000 0.000000 0.001078 0.998921 0.000001
3 3 0.000000 0.000000 0.002048 0.997952 0.000000
3 3 0.000000 0.000000 0.000034 0.999966 0.000000
3 3 0.000001 0.000005 0.005622 0.994371 0.000001
3 3 0.000000 0.000001 0.000856 0.999143 0.000000
3 3 0.000002 0.000001 0.001568 0.998429 0.000000
3 3 0.000000 0.000004 0.012100 0.987894 0.000002
3 3 0.000001 0.000002 0.008864 0.991133 0.000000
3 3 0.000000 0.000000 0.020938 0.979061 0.000000
3 3 0.000000 0.000000 0.001091 0.998909 0.000000
3 3 0.000000 0.000000 0.004811 0.995188 0.000000
3 3 0.000671 0.000577 0.014167 0.983100 0.001485
3 3 0.000125 0.000067 0.003319 0.996400 0.000090
3 3 0.000000 0.000000 0.000249 0.999751 0.000000
3 3 0.000001 0.000001 0.000707 0.999290 0.000001
3 3 0.000003 0.000002 0.000912 0.999078 0.000005
3 3 0.000000 0.000000 0.001525 0.998475 0.000000
3 3 0.000001 0.000001 0.000604 0.999393 0.000001
3 3 0.000002 0.000001 0.000574 0.999422 0.000001
3 3 0.000000 0.000000 0.000023 0.999977 0.000000
3 3 0.000000 0.000000 0.000039 0.999961 0.000000
3 3 0.000000 0.000000 0.000803 0.999197 0.000000
3 3 0.000000 0.000000 0.000393 0.999607 0.000000
3 3 0.000000 0.000000 0.000112 0.999888 0.000000
3 3 0.000000 0.000000 0.000155 0.999846 0.000000
3 3 0.000000 0.000000 0.000168 0.999832 0.000000
3 3 0.000000 0.000000 0.000982 0.999018 0.000000
3 3 0.000048 0.000021 0.001764 0.998136 0.000032
3 3 0.000000 0.000000 0.000774 0.999223 0.000002
3 3 0.000000 0.000000 0.002263 0.997737 0.000000
3 3 0.000000 0.000000 0.000829 0.999171 0.000000
3 3 0.000000 0.000002 0.002758 0.997239 0.000001
3 3 0.000000 0.000000 0.000625 0.999375 0.000000
3 3 0.000000 0.000000 0.000598 0.999402 0.000000
3 3 0.000000 0.000000 0.000061 0.999939 0.000000
3 3 0.000009 0.000030 0.007299 0.992652 0.000010
3 3 0.000000 0.000000 0.000071 0.999929 0.000000
3 3 0.000000 0.000000 0.000003 0.999997 0.000000
3 3 0.000000 0.000000 0.000173 0.999827 0.000000
3 3 0.000008 0.000026 0.011223 0.988735 0.000007
3 3 0.000000 0.000000 0.000311 0.999689 0.000000
3 3 0.000000 0.000000 0.000306 0.999694 0.000000
3 3 0.000000 0.000000 0.000027 0.999973 0.000000
3 3 0.009981 0.002145 0.064397 0.921390 0.002086
3 3 0.000000 0.000000 0.000885 0.999115 0.000000
3 3 0.000000 0.000000 0.000001 0.999999 0.000000
3 3 0.000000 0.000000 0.000059 0.999941 0.000000
3 3 0.000000 0.000000 0.000075 0.999925 0.000000
3 3 0.000002 0.000001 0.000569 0.999426 0.000001
3 3 0.000004 0.000003 0.001162 0.998823 0.000007
3 3 0.000002 0.000000 0.001420 0.998576 0.000002
3 3 0.000000 0.000000 0.000031 0.999969 0.000000
3 3 0.000000 0.000000 0.000400 0.999599 0.000000
3 3 0.000000 0.000000 0.000125 0.999875 0.000000
3 3 0.003077 0.000561 0.005306 0.989305 0.001751
3 3 0.000000 0.000000 0.000074 0.999926 0.000000
3 3 0.000000 0.000000 0.000570 0.999430 0.000000
3 3 0.000000 0.000000 0.000314 0.999686 0.000000
3 3 0.000001 0.000037 0.046284 0.953677 0.000001
3 3 0.000029 0.000006 0.000738 0.999211 0.000016
3 3 0.000035 0.000005 0.000580 0.999363 0.000018
3 3 0.000007 0.000009 0.002215 0.997760 0.000010
3 3 0.000000 0.000000 0.000264 0.999736 0.000000
3 3 0.000010 0.000016 0.002958 0.997008 0.000009
3 3 0.000404 0.000315 0.008059 0.990900 0.000322
3 3 0.000015 0.000442 0.353760 0.645662 0.000121
3 2 0.000410 0.006596 0.365174 0.625043 0.002776
2 2 0.000389 0.005588 0.914766 0.079164 0.000094
2 2 0.008823 0.136394 0.839497 0.007403 0.007883
2 2 0.000005 0.005092 0.980926 0.013912 0.000065
2 2 0.000090 0.009117 0.990214 0.000157 0.000422
2 2 0.000002 0.000219 0.781881 0.217750 0.000147
2 2 0.000000 0.000331 0.999568 0.000078 0.000024
2 2 0.000002 0.000493 0.796171 0.203299 0.000034
2 2 0.001379 0.019525 0.973674 0.002559 0.002863
2 2 0.000040 0.011932 0.975534 0.010357 0.002136
2 2 0.000107 0.025820 0.969012 0.000368 0.004692
2 2 0.000002 0.000494 0.999459 0.000033 0.000012
2 2 0.000253 0.005643 0.984917 0.005936 0.003250
2 2 0.000092 0.007713 0.985825 0.001959 0.004411
2 2 0.000001 0.002423 0.997293 0.000018 0.000265
2 2 0.001108 0.039086 0.955873 0.001450 0.002482
2 2 0.000008 0.004367 0.995206 0.000055 0.000364
2 2 0.000018 0.008888 0.989866 0.000134 0.001094
2 2 0.000077 0.021029 0.977141 0.000205 0.001549
1 0 0.055353 0.587293 0.210017 0.000445 0.146893
1 0 0.133007 0.445025 0.402406 0.001006 0.018557
2 2 0.003570 0.106876 0.875826 0.006052 0.007677
2 2 0.000075 0.016684 0.981382 0.001688 0.000171
2 2 0.002709 0.103211 0.892476 0.000448 0.001156
2 2 0.007685 0.315860 0.651141 0.000347 0.024967
2 2 0.000009 0.004012 0.995835 0.000034 0.000110
2 2 0.000001 0.000672 0.999283 0.000024 0.000020
2 2 0.000939 0.095889 0.885899 0.000029 0.017245
2 2 0.000480 0.030966 0.958683 0.001941 0.007931
2 2 0.000005 0.005058 0.973619 0.020642 0.000676
2 2 0.000000 0.000045 0.997811 0.002136 0.000008
2 2 0.000015 0.011625 0.987054 0.000577 0.000730
2 2 0.000031 0.006123 0.990642 0.000356 0.002847
2 2 0.000038 0.004847 0.987443 0.006850 0.000821
2 2 0.000007 0.000814 0.988983 0.010159 0.000037
2 2 0.003013 0.044327 0.949041 0.000177 0.003442
1 2 0.313528 0.370982 0.310922 0.000002 0.004566
0 2 0.602373 0.296910 0.067180 0.000061 0.033477
0 1 0.734384 0.208179 0.030677 0.000049 0.026712
1 1 0.059224 0.550525 0.199817 0.001138 0.189296
1 1 0.141216 0.620956 0.170621 0.000149 0.067058
2 1 0.005155 0.251836 0.719346 0.001018 0.022646
2 1 0.000280 0.123912 0.857149 0.000083 0.018577
2 1 0.005384 0.128564 0.842253 0.000419 0.023380
2 1 0.000652 0.116639 0.860721 0.000043 0.021945
2 2 0.000003 0.000756 0.985739 0.013341 0.000161
2 2 0.000028 0.005262 0.990019 0.004072 0.000620
2 2 0.000005 0.005335 0.994154 0.000023 0.000483
2 2 0.000009 0.001396 0.998223 0.000169 0.000203
2 2 0.000124 0.003212 0.995893 0.000488 0.000284
2 2 0.000296 0.031023 0.964697 0.000113 0.003871
2 2 0.000302 0.007479 0.964598 0.019821 0.007800
2 2 0.000004 0.002998 0.996664 0.000277 0.000056
2 2 0.000014 0.008506 0.991075 0.000003 0.000402
2 2 0.000008 0.002395 0.997334 0.000250 0.000014
2 2 0.000188 0.008906 0.987296 0.003023 0.000586
2 2 0.000346 0.010309 0.973064 0.007097 0.009184
2 2 0.000000 0.000086 0.998599 0.001315 0.000001
2 2 0.000000 0.000108 0.999693 0.000197 0.000002
2 2 0.002750 0.038945 0.951143 0.005512 0.001650
1 1 0.144435 0.604241 0.155468 0.000027 0.095830
0 1 0.380169 0.308321 0.061588 0.000094 0.249829
0 1 0.836956 0.135744 0.015002 0.000001 0.012297
0 1 0.796111 0.082754 0.015369 0.000027 0.105740
1 1 0.047326 0.539474 0.372647 0.000006 0.040547
1 1 0.205480 0.598496 0.122990 0.000001 0.073033
1 1 0.053177 0.635399 0.279543 0.000073 0.031807
2 1 0.003380 0.250583 0.734312 0.000038 0.011687
2 1 0.001829 0.103296 0.834076 0.016172 0.044626
2 2 0.000002 0.001949 0.997224 0.000733 0.000093
2 2 0.000001 0.000506 0.992302 0.007189 0.000003
2 2 0.000152 0.033160 0.960316 0.000001 0.006371
2 2 0.000003 0.002250 0.997393 0.000022 0.000332
2 2 0.000027 0.014679 0.985156 0.000000 0.000137
2 2 0.000001 0.000740 0.999234 0.000017 0.000007
2 2 0.144560 0.044260 0.769132 0.028869 0.013180
2 1 0.299371 0.141821 0.521247 0.017356 0.020205
1 1 0.187538 0.516391 0.126482 0.000051 0.169539
1 1 0.131133 0.644789 0.152992 0.000002 0.071084
1 1 0.185417 0.631117 0.149417 0.000021 0.034029
1 1 0.023480 0.519870 0.392549 0.000050 0.064051
2 1 0.000002 0.004251 0.995393 0.000127 0.000228
2 2 0.000000 0.001021 0.998909 0.000000 0.000070
2 2 0.000060 0.004973 0.993133 0.001736 0.000098
2 2 0.000182 0.016065 0.983536 0.000075 0.000142
2 2 0.000408 0.026916 0.970091 0.000038 0.002547
2 2 0.000160 0.018626 0.974182 0.000086 0.006946
2 2 0.000029 0.002491 0.995306 0.000011 0.002164
2 2 0.000805 0.037203 0.945579 0.000002 0.016411
2 2 0.000062 0.004784 0.994228 0.000691 0.000235
2 2 0.000201 0.007719 0.990692 0.000583 0.000805
2 2 0.000000 0.000754 0.998429 0.000746 0.000071
2 2 0.000034 0.003530 0.995933 0.000393 0.000109
2 2 0.000007 0.000383 0.990527 0.009054 0.000030
2 2 0.000328 0.007255 0.983181 0.009131 0.000105
2 2 0.000061 0.003295 0.751918 0.244615 0.000111
2 2 0.000006 0.001683 0.994654 0.003589 0.000069
2 2 0.046110 0.147542 0.803948 0.000051 0.002349
2 2 0.003149 0.103602 0.891638 0.000068 0.001543
4 0 0.198504 0.298997 0.122843 0.000011 0.379644
0 0 0.656247 0.215942 0.109746 0.000049 0.018015
0 0 0.991016 0.002670 0.000438 0.000002 0.005874
0 0 0.855664 0.024191 0.007490 0.000087 0.112568
0 0 0.780899 0.035137 0.012572 0.000179 0.171213
0 0 0.906052 0.005786 0.002043 0.000164 0.085953
0 0 0.995796 0.001071 0.000195 0.000004 0.002934
0 0 0.996299 0.001923 0.000217 0.000000 0.001560
4 0 0.376565 0.110647 0.031122 0.000014 0.481651
4 0 0.085664 0.006757 0.005087 0.000655 0.901837
4 0 0.128604 0.067963 0.045569 0.000544 0.757320
0 0 0.920562 0.005250 0.001430 0.000009 0.072748
2 0 0.027223 0.186707 0.675932 0.000070 0.110069
2 1 0.031045 0.407171 0.460561 0.000000 0.101224
1 1 0.174915 0.652739 0.140427 0.000001 0.031917
1 1 0.042723 0.678501 0.205033 0.000001 0.073742
1 1 0.118686 0.606033 0.172450 0.000113 0.102718
2 1 0.011592 0.423046 0.437237 0.000247 0.127879
2 1 0.000732 0.188979 0.721685 0.002247 0.086358
2 1 0.007243 0.386356 0.577663 0.000062 0.028676
1 1 0.017973 0.526998 0.361993 0.000002 0.093034
2 1 0.004160 0.229566 0.755396 0.000014 0.010864
2 1 0.000589 0.112068 0.859177 0.000086 0.028080
2 1 0.000772 0.243612 0.620861 0.000212 0.134543
2 2 0.000002 0.002826 0.996517 0.000238 0.000417
2 2 0.000002 0.003915 0.994568 0.000406 0.001108
2 2 0.000007 0.003295 0.996436 0.000252 0.000011
2 2 0.000012 0.007293 0.992533 0.000005 0.000157
2 2 0.000000 0.000023 0.999976 0.000001 0.000000
2 2 0.000002 0.001272 0.998572 0.000002 0.000152
2 2 0.000002 0.000800 0.999185 0.000003 0.000010
2 2 0.000033 0.000258 0.999689 0.000020 0.000001
2 2 0.000017 0.006658 0.993065 0.000011 0.000249
2 2 0.000000 0.001049 0.998628 0.000298 0.000025
2 2 0.000005 0.003785 0.996109 0.000019 0.000082
2 2 0.000005 0.001037 0.998864 0.000009 0.000086
2 2 0.000002 0.001024 0.987558 0.011081 0.000335
2 2 0.000010 0.005650 0.992703 0.000709 0.000928
2 2 0.000311 0.026241 0.973274 0.000025 0.000149
2 0 0.017000 0.030290 0.952371 0.000142 0.000197
0 0 0.852211 0.104622 0.017700 0.000068 0.025399
1 0 0.101368 0.560601 0.162517 0.000073 0.175440
2 1 0.000241 0.062346 0.923205 0.000077 0.014131
2 1 0.000098 0.055247 0.939950 0.000131 0.004575
1 1 0.163811 0.448717 0.233875 0.000019 0.153578
2 1 0.005941 0.280825 0.633928 0.000031 0.079274
2 2 0.000005 0.004318 0.995282 0.000117 0.000278
2 2 0.000000 0.000054 0.999819 0.000127 0.000000
2 2 0.020489 0.115021 0.852850 0.000162 0.011478
2 2 0.012016 0.251273 0.670219 0.000014 0.066480
2 2 0.000786 0.027365 0.971095 0.000182 0.000572
2 2 0.000124 0.002412 0.991305 0.006026 0.000133
2 2 0.000065 0.005430 0.994393 0.000013 0.000098
2 2 0.000059 0.006257 0.993522 0.000005 0.000158
2 2 0.000000 0.000327 0.999666 0.000004 0.000003
2 2 0.000130 0.021234 0.977681 0.000040 0.000914
2 2 0.000001 0.000753 0.993702 0.005530 0.000014
2 2 0.000001 0.000470 0.922487 0.077035 0.000007
2 2 0.002240 0.049630 0.947818 0.000033 0.000279
0 0 0.951340 0.020485 0.005238 0.000206 0.022731
0 0 0.822471 0.150603 0.016581 0.000000 0.010345
1 0 0.030777 0.597613 0.207279 0.000005 0.164326
1 0 0.110193 0.429829 0.414306 0.000175 0.045496
1 0 0.174765 0.447756 0.251799 0.000133 0.125547
1 0 0.044087 0.568011 0.199974 0.000074 0.187854
2 1 0.012632 0.365696 0.429777 0.000031 0.191864
2 1 0.005016 0.178154 0.807596 0.000195 0.009039
2 2 0.000125 0.008273 0.989179 0.001318 0.001105
2 2 0.001306 0.168766 0.805589 0.000031 0.024308
2 2 0.060633 0.151361 0.598967 0.000925 0.188114
2 2 0.000000 0.001226 0.998659 0.000010 0.000105
2 2 0.000000 0.000550 0.999437 0.000004 0.000009
2 2 0.000000 0.000248 0.999518 0.000230 0.000004
2 2 0.000880 0.003282 0.992798 0.000669 0.002371
2 2 0.002835 0.052071 0.925646 0.000009 0.019439
2 2 0.000001 0.000629 0.999357 0.000002 0.000011
2 2 0.000157 0.034946 0.960733 0.000129 0.004035
2 2 0.000216 0.068655 0.923497 0.000002 0.007631
2 2 0.000004 0.000677 0.999168 0.000122 0.000030
2 2 0.000000 0.000064 0.999395 0.000532 0.000009
2 2 0.000610 0.019181 0.974122 0.003103 0.002984
2 2 0.000008 0.003453 0.996470 0.000008 0.000061
2 2 0.000066 0.021312 0.975114 0.000988 0.002521
2 2 0.000000 0.000157 0.998541 0.001276 0.000025
2 2 0.000010 0.000288 0.672407 0.327233 0.000062
2 2 0.000713 0.036657 0.951933 0.008182 0.002515
2 2 0.003638 0.056108 0.939111 0.000692 0.000451
1 0 0.146928 0.661503 0.175241 0.000018 0.016310
2 0 0.005235 0.092271 0.901100 0.000289 0.001105
1 0 0.080822 0.574332 0.276612 0.000092 0.068142
0 0 0.939904 0.042699 0.004853 0.000003 0.012542
0 0 0.422633 0.398204 0.118571 0.000048 0.060545
1 0 0.044293 0.566214 0.200657 0.000011 0.188826
2 1 0.002378 0.219242 0.769262 0.000000 0.009117
2 2 0.000216 0.018524 0.976510 0.003221 0.001529
2 2 0.000053 0.010118 0.989680 0.000005 0.000144
2 2 0.000053 0.008247 0.991059 0.000060 0.000580
2 2 0.000010 0.001864 0.997898 0.000134 0.000095
2 2 0.000000 0.001210 0.998762 0.000006 0.000022
2 2 0.000004 0.002080 0.997531 0.000306 0.000080
2 2 0.000023 0.001147 0.998795 0.000026 0.000009
2 2 0.000000 0.000003 0.983413 0.016585 0.000000
2 2 0.000020 0.003536 0.992537 0.003839 0.000068
2 2 0.000021 0.001408 0.998214 0.000091 0.000266
2 2 0.000012 0.001154 0.998651 0.000164 0.000019
2 2 0.000000 0.000472 0.999471 0.000045 0.000012
2 2 0.000000 0.000319 0.999266 0.000401 0.000014
2 2 0.000000 0.000127 0.999604 0.000267 0.000002
2 2 0.000020 0.005013 0.994879 0.000070 0.000018
2 2 0.000022 0.000654 0.997127 0.002170 0.000027
2 2 0.000005 0.002160 0.997797 0.000013 0.000025
2 2 0.000015 0.002416 0.997277 0.000191 0.000101
2 2 0.000119 0.015449 0.983816 0.000058 0.000557
2 2 0.000002 0.000202 0.740643 0.259148 0.000005
2 2 0.000000 0.000030 0.998965 0.001005 0.000001
2 2 0.000014 0.001211 0.998051 0.000658 0.000065
2 2 0.000000 0.000098 0.998043 0.001858 0.000001
2 2 0.000461 0.004597 0.994769 0.000092 0.000080
0 0 0.956200 0.010996 0.003152 0.000980 0.028671
0 0 0.995283 0.001401 0.000242 0.000004 0.003070
0 0 0.575378 0.056849 0.019380 0.000607 0.347786
1 0 0.261056 0.525175 0.109173 0.000006 0.104590
0 0 0.462972 0.370374 0.147082 0.000097 0.019475
0 0 0.695422 0.104723 0.193626 0.000159 0.006070
0 0 0.967322 0.000119 0.000062 0.000016 0.032480
0 0 0.428777 0.294079 0.064900 0.000460 0.211784
1 0 0.373754 0.410320 0.146221 0.000005 0.069699
0 0 0.978084 0.009456 0.001677 0.000003 0.010781
1 0 0.094766 0.595862 0.176469 0.000077 0.132826
1 0 0.198233 0.583802 0.128972 0.000004 0.088989
1 0 0.054185 0.614401 0.156422 0.000000 0.174991
2 0 0.052213 0.315740 0.479448 0.000047 0.152551
1 0 0.078672 0.553677 0.177469 0.000000 0.190182
1 0 0.031944 0.600885 0.280774 0.000001 0.086396
4 0 0.014384 0.027813 0.017898 0.000014 0.939891
4 0 0.262559 0.040429 0.018102 0.000625 0.678286
1 0 0.019919 0.420929 0.163866 0.000021 0.395264
4 0 0.046802 0.055716 0.025022 0.000140 0.872320
4 0 0.350320 0.056285 0.020182 0.000198 0.573016
4 0 0.242199 0.050780 0.043628 0.000415 0.662979
4 0 0.063552 0.041263 0.017147 0.000036 0.878002
0 0 0.441753 0.063247 0.121910 0.002292 0.370797
4 0 0.416062 0.039078 0.017626 0.001835 0.525398
0 0 0.720976 0.005252 0.002164 0.000040 0.271568
4 0 0.313797 0.235541 0.098144 0.002472 0.350046
0 0 0.656300 0.192312 0.035386 0.000003 0.115999
4 0 0.264867 0.155983 0.092845 0.001119 0.485187
4 0 0.252026 0.093020 0.041408 0.000330 0.613217
4 0 0.027513 0.094833 0.036724 0.000008 0.840921
1 0 0.021415 0.636781 0.285366 0.000001 0.056438
4 0 0.036269 0.349678 0.162573 0.000110 0.451370
0 0 0.419252 0.290670 0.092253 0.000853 0.196971
1 0 0.393464 0.501608 0.067581 0.000000 0.037347
0 0 0.904911 0.072143 0.010889 0.000006 0.012051
0 0 0.610170 0.189345 0.187132 0.000007 0.013347
2 0 0.200189 0.284400 0.511899 0.000032 0.003481
1 0 0.252884 0.337436 0.098210 0.000760 0.310710
4 0 0.094316 0.110387 0.039747 0.000126 0.755425
1 0 0.078557 0.484350 0.118728 0.000000 0.318365
4 0 0.293433 0.229746 0.048256 0.000003 0.428563
0 0 0.456856 0.371215 0.058430 0.000001 0.113498
1 0 0.062390 0.499150 0.135654 0.000001 0.302805
4 0 0.045860 0.174041 0.078947 0.000651 0.700502
4 0 0.029900 0.209672 0.097567 0.000687 0.662175
4 0 0.070079 0.208938 0.075092 0.000136 0.645755
4 0 0.166839 0.060557 0.027314 0.000929 0.744361
4 0 0.020478 0.011673 0.006617 0.000018 0.961214
4 0 0.106743 0.028188 0.015398 0.000664 0.849006
4 0 0.043380 0.018955 0.012660 0.000930 0.924076
4 0 0.038963 0.166543 0.055722 0.000035 0.738737
4 0 0.016883 0.007906 0.006273 0.000247 0.968691
0 0 0.430741 0.108541 0.040895 0.004715 0.415109
4 1 0.043434 0.097927 0.051412 0.000540 0.806686
4 1 0.075253 0.253805 0.086874 0.000286 0.583782
1 1 0.052831 0.428142 0.162746 0.000066 0.356215
4 1 0.022423 0.281700 0.100868 0.000022 0.594987
2 1 0.001640 0.170298 0.690395 0.000035 0.137631
2 1 0.000107 0.068776 0.918004 0.000001 0.013112
1 1 0.082715 0.637547 0.231412 0.000001 0.048325
2 1 0.026868 0.334200 0.519131 0.000062 0.119740
2 1 0.000455 0.144892 0.679004 0.000019 0.175630
1 1 0.041588 0.415487 0.167784 0.000005 0.375136
2 1 0.002406 0.291238 0.667455 0.000032 0.038869
2 1 0.000110 0.042867 0.948389 0.000026 0.008608
1 1 0.159736 0.561183 0.136810 0.000013 0.142257
2 1 0.006738 0.322728 0.629149 0.000200 0.041184
2 1 0.000794 0.068188 0.919465 0.000055 0.011498
2 1 0.000144 0.032526 0.965225 0.000107 0.001999
4 1 0.108034 0.369878 0.104833 0.000225 0.417031
0 1 0.528431 0.317742 0.050949 0.000004 0.102874
1 1 0.017051 0.582849 0.277825 0.000274 0.122001
1 1 0.002337 0.362726 0.355670 0.000063 0.279204
2 1 0.002274 0.308352 0.653981 0.000646 0.034747
2 1 0.001341 0.096599 0.898314 0.000077 0.003669
2 1 0.007525 0.343125 0.433265 0.000093 0.215993
2 2 0.000020 0.033783 0.958682 0.000604 0.006911
2 2 0.000004 0.008619 0.990059 0.000148 0.001169
2 2 0.000027 0.020508 0.976206 0.000013 0.003245
2 2 0.000083 0.037827 0.948630 0.000058 0.013402
2 2 0.000004 0.000327 0.999594 0.000034 0.000042
2 2 0.000003 0.001466 0.998323 0.000031 0.000177
2 2 0.000002 0.005607 0.991479 0.000530 0.002382
2 2 0.000004 0.010335 0.986621 0.001829 0.001211
2 2 0.000089 0.105481 0.867817 0.000008 0.026606
2 2 0.000003 0.002535 0.997270 0.000035 0.000158
2 2 0.000075 0.020799 0.975181 0.000037 0.003907
2 2 0.000722 0.103146 0.828507 0.000001 0.067624
2 2 0.009404 0.212292 0.768262 0.000001 0.010041
2 2 0.000059 0.024877 0.973978 0.000067 0.001019
2 2 0.000022 0.015274 0.983846 0.000013 0.000845
2 2 0.000215 0.002588 0.996649 0.000190 0.000358
2 2 0.000028 0.003676 0.996166 0.000034 0.000095
2 2 0.000013 0.006084 0.993741 0.000016 0.000145
2 2 0.000509 0.005949 0.993222 0.000142 0.000177
0 0 0.942230 0.038174 0.007050 0.000000 0.012546
1 1 0.407648 0.448273 0.094130 0.000375 0.049572
1 1 0.052054 0.571186 0.165640 0.000001 0.211119
0 0 0.971809 0.016299 0.003683 0.000006 0.008204
0 0 0.989048 0.008241 0.000694 0.000000 0.002017
1 0 0.256287 0.532314 0.095644 0.000000 0.115754
1 0 0.185814 0.552508 0.139887 0.000105 0.121686
1 0 0.080221 0.642490 0.172526 0.000002 0.104762
1 1 0.021521 0.669024 0.263953 0.000022 0.045480
2 2 0.006894 0.397354 0.449059 0.000032 0.146661
2 2 0.006466 0.142618 0.843378 0.000505 0.007033
2 2 0.003194 0.360745 0.542301 0.000020 0.093741
2 2 0.001255 0.149405 0.827368 0.000022 0.021950
2 2 0.001538 0.040488 0.957582 0.000009 0.000382
2 2 0.000090 0.010501 0.970217 0.018725 0.000468
2 2 0.000497 0.025500 0.971763 0.001303 0.000937
2 2 0.001045 0.074071 0.922995 0.000003 0.001886
2 2 0.000274 0.037063 0.960873 0.000461 0.001330
2 2 0.000218 0.015890 0.983548 0.000078 0.000267
2 2 0.002290 0.096588 0.896792 0.000049 0.004281
2 2 0.000110 0.007564 0.966969 0.025050 0.000306
2 2 0.000251 0.002393 0.993085 0.003858 0.000413
2 2 0.073713 0.340350 0.454887 0.002569 0.128480
0 2 0.462813 0.339320 0.142332 0.000511 0.055023
2 2 0.027937 0.049069 0.891196 0.029345 0.002454
2 2 0.003170 0.123261 0.867646 0.000346 0.005578
2 2 0.000793 0.019435 0.971244 0.000179 0.008348
2 2 0.000401 0.021053 0.978388 0.000011 0.000147
2 2 0.000016 0.001325 0.805654 0.192979 0.000027
2 2 0.000004 0.002125 0.994577 0.003169 0.000125
2 2 0.001566 0.015104 0.979817 0.001644 0.001869
2 2 0.000320 0.027062 0.963691 0.005691 0.003236
2 3 0.011395 0.047237 0.922738 0.016885 0.001744
2 2 0.003906 0.020542 0.745726 0.208982 0.020844
2 2 0.000231 0.003389 0.970416 0.025571 0.000393
2 2 0.000052 0.002089 0.995619 0.001996 0.000243
2 2 0.000004 0.006050 0.993454 0.000095 0.000397
2 2 0.000012 0.005053 0.993455 0.001434 0.000046
2 2 0.059361 0.025114 0.794403 0.118732 0.002390
2 2 0.011088 0.017264 0.968070 0.002525 0.001054
2 2 0.000001 0.000228 0.999599 0.000170 0.000002
2 2 0.000572 0.007126 0.991341 0.000017 0.000944
2 2 0.000002 0.000154 0.969790 0.030050 0.000004
2 2 0.000000 0.000220 0.999771 0.000004 0.000005
2 2 0.000438 0.006399 0.983431 0.009257 0.000475
2 2 0.000000 0.000060 0.982378 0.017561 0.000000
2 2 0.000061 0.001851 0.987243 0.010837 0.000009
2 2 0.000105 0.000203 0.927265 0.072424 0.000002
2 2 0.000030 0.000699 0.902567 0.096699 0.000005
2 2 0.000000 0.000004 0.798486 0.201510 0.000000
2 2 0.000012 0.001069 0.993685 0.005197 0.000036
2 2 0.000004 0.000706 0.997951 0.001332 0.000006
2 2 0.001797 0.002156 0.502558 0.493335 0.000154
2 3 0.002327 0.010576 0.974778 0.012172 0.000147
2 3 0.000062 0.003177 0.988411 0.007918 0.000431
2 3 0.000002 0.000689 0.996199 0.003068 0.000042
2 3 0.003604 0.009863 0.722626 0.263266 0.000641
3 3 0.005757 0.003614 0.337188 0.651958 0.001482
3 3 0.000000 0.000001 0.030391 0.969608 0.000000
2 3 0.000002 0.000143 0.841113 0.158741 0.000002
3 3 0.000000 0.000046 0.097950 0.902003 0.000002
3 3 0.000004 0.000273 0.181009 0.818601 0.000112
3 3 0.000000 0.000015 0.056587 0.943398 0.000000
2 3 0.000131 0.002192 0.838324 0.159326 0.000027
3 3 0.000000 0.000004 0.105092 0.894903 0.000000
3 3 0.000000 0.000001 0.011575 0.988423 0.000000
2 3 0.000000 0.000000 0.533112 0.466887 0.000000
3 3 0.000000 0.000000 0.004192 0.995808 0.000000
3 3 0.000000 0.000000 0.003867 0.996132 0.000000
3 3 0.000000 0.000001 0.019633 0.980366 0.000000
3 3 0.000000 0.000009 0.175892 0.824097 0.000001
3 3 0.000000 0.000000 0.001239 0.998761 0.000000
3 3 0.000113 0.003616 0.318658 0.677440 0.000173
3 3 0.000001 0.000004 0.004803 0.995188 0.000005
3 3 0.000168 0.000121 0.005013 0.994567 0.000130
3 3 0.000381 0.000495 0.012550 0.986230 0.000344
3 3 0.005625 0.014002 0.140893 0.834886 0.004594
3 3 0.000547 0.001475 0.055375 0.942045 0.000559
3 3 0.000000 0.000000 0.005835 0.994165 0.000000
3 3 0.000000 0.000000 0.009795 0.990205 0.000000
3 3 0.000000 0.000000 0.000951 0.999049 0.000000
3 3 0.000000 0.000000 0.001090 0.998910 0.000000
3 3 0.000002 0.000001 0.000596 0.999399 0.000002
3 3 0.001636 0.001189 0.063469 0.933246 0.000460
3 3 0.000088 0.000076 0.005589 0.994166 0.000080
3 3 0.000000 0.000003 0.011428 0.988569 0.000000
3 3 0.000000 0.000000 0.000484 0.999516 0.000000
3 3 0.000007 0.000029 0.005886 0.994070 0.000008
3 3 0.000000 0.000000 0.000304 0.999696 0.000000
3 3 0.000026 0.000138 0.019380 0.980311 0.000144
3 3 0.000000 0.000000 0.000228 0.999772 0.000000
3 3 0.000001 0.000001 0.000771 0.999226 0.000001
3 3 0.000000 0.000001 0.001359 0.998640 0.000000
3 3 0.000001 0.000001 0.006903 0.993095 0.000000
3 3 0.000002 0.000009 0.015681 0.984307 0.000001
3 3 0.000072 0.000022 0.007583 0.992309 0.000014
3 3 0.001232 0.000799 0.015089 0.981281 0.001599
3 3 0.001612 0.002485 0.041141 0.953575 0.001188
3 3 0.000000 0.000000 0.000620 0.999379 0.000001
3 3 0.000000 0.000000 0.000109 0.999891 0.000000
3 3 0.000681 0.000167 0.005024 0.993814 0.000313
3 3 0.000007 0.000073 0.117106 0.882812 0.000003
3 3 0.000000 0.000000 0.000115 0.999885 0.000000
3 3 0.000197 0.000072 0.002906 0.996695 0.000129
3 3 0.000000 0.000000 0.001250 0.998749 0.000000
3 3 0.000036 0.000136 0.027922 0.971871 0.000033
3 3 0.000000 0.000000 0.000166 0.999834 0.000000
3 3 0.000010 0.000010 0.001867 0.998106 0.000008
3 3 0.000074 0.000034 0.002262 0.997580 0.000051
3 3 0.021011 0.004831 0.079074 0.891423 0.003662
3 3 0.000000 0.000006 0.007035 0.992958 0.000001
3 3 0.000000 0.000000 0.000309 0.999691 0.000000
3 3 0.000005 0.000021 0.010252 0.989717 0.000005
3 3 0.000349 0.000098 0.002927 0.996410 0.000216
3 3 0.000001 0.000002 0.001580 0.998417 0.000001
3 3 0.000028 0.000003 0.000327 0.999630 0.000013
3 3 0.000657 0.001417 0.033789 0.963506 0.000631
3 3 0.000000 0.000000 0.000014 0.999986 0.000000
3 3 0.000000 0.000000 0.001230 0.998769 0.000000
3 3 0.000158 0.000573 0.032837 0.966268 0.000164
3 3 0.000000 0.000001 0.000968 0.999030 0.000000
3 3 0.000011 0.000026 0.004289 0.995663 0.000011
3 3 0.000000 0.000000 0.000799 0.999201 0.000000
3 3 0.002062 0.000391 0.111342 0.886043 0.000162
3 3 0.000000 0.000000 0.000468 0.999532 0.000000
3 3 0.002601 0.011948 0.490256 0.494238 0.000957
2 2 0.018755 0.094669 0.876184 0.008313 0.002079
2 2 0.009649 0.029317 0.959758 0.000068 0.001207
2 2 0.027063 0.178375 0.786895 0.000002 0.007665
0 1 0.475255 0.454441 0.064607 0.000000 0.005698
1 1 0.234443 0.435096 0.303303 0.000019 0.027138
2 1 0.064459 0.217816 0.680795 0.000031 0.036899
0 0 0.954316 0.017400 0.003291 0.000029 0.024963
0 0 0.865619 0.038315 0.009076 0.000130 0.086859
1 0 0.153913 0.436231 0.139330 0.000317 0.270209
4 1 0.009606 0.031653 0.018767 0.000006 0.939969
0 1 0.583647 0.070338 0.020146 0.000152 0.325717
4 0 0.020179 0.010762 0.029705 0.000346 0.939009
4 0 0.020789 0.387073 0.157856 0.000129 0.434153
2 0 0.170951 0.325340 0.472398 0.000085 0.031226
4 0 0.312145 0.027152 0.013890 0.001556 0.645257
4 0 0.018107 0.008339 0.006880 0.000594 0.966081
4 0 0.382674 0.117819 0.043796 0.003546 0.452164
4 0 0.090435 0.010820 0.006410 0.000128 0.892206
4 0 0.008757 0.028998 0.017596 0.000163 0.944486
4 1 0.222263 0.051306 0.017369 0.000030 0.709032
4 1 0.187126 0.107118 0.042463 0.000059 0.663234
4 1 0.444352 0.022290 0.008996 0.000134 0.524228
4 1 0.114319 0.245353 0.064650 0.000059 0.575619
4 1 0.222150 0.063564 0.025049 0.000065 0.689172
0 1 0.976186 0.004989 0.000994 0.000006 0.017825
0 0 0.612049 0.026864 0.007843 0.000016 0.353229
4 0 0.056357 0.015897 0.009626 0.000248 0.917872
0 0 0.477054 0.072109 0.022764 0.000053 0.428019
0 0 0.927094 0.004887 0.001005 0.000000 0.067014
4 0 0.009383 0.002046 0.002119 0.000146 0.986307
4 0 0.245970 0.000580 0.000484 0.000025 0.752941
4 0 0.216815 0.000797 0.000632 0.000024 0.781733
4 0 0.325370 0.018698 0.006980 0.000015 0.648936
4 0 0.071365 0.034679 0.015659 0.000070 0.878226
0 0 0.986744 0.002665 0.000676 0.000101 0.009813
0 0 0.556994 0.012058 0.004265 0.000013 0.426670
4 0 0.075779 0.010141 0.005673 0.000022 0.908384
4 0 0.250766 0.006093 0.003323 0.000051 0.739767
0 0 0.739448 0.017347 0.007719 0.002741 0.232745
4 0 0.282217 0.011448 0.006095 0.000228 0.700013
4 0 0.002490 0.000119 0.000316 0.002838 0.994237
4 0 0.083600 0.003421 0.002905 0.000502 0.909572
4 0 0.002899 0.002891 0.002731 0.000035 0.991444
4 0 0.045191 0.007488 0.004587 0.000034 0.942700
4 0 0.137974 0.021254 0.012810 0.001484 0.826477
4 0 0.019245 0.007393 0.005869 0.000288 0.967206
4 0 0.004909 0.019708 0.013462 0.000141 0.961781
4 0 0.028714 0.018310 0.008178 0.000003 0.944794
4 0 0.107476 0.028988 0.011424 0.000014 0.852097
4 0 0.242730 0.089180 0.023362 0.000008 0.644720
4 0 0.108127 0.286567 0.076145 0.000110 0.529050
4 0 0.057603 0.210986 0.053668 0.000003 0.677741
4 0 0.400175 0.115149 0.033771 0.000075 0.450829
4 0 0.408773 0.035749 0.014500 0.000050 0.540928
4 0 0.061543 0.061777 0.025041 0.000074 0.851565
1 0 0.101032 0.542586 0.164054 0.000240 0.192088
4 0 0.333286 0.054085 0.018568 0.000093 0.593967
4 0 0.066938 0.193842 0.053236 0.000021 0.685963
4 0 0.046660 0.240653 0.089052 0.000087 0.623548
4 0 0.057217 0.076795 0.029119 0.000055 0.836814
4 0 0.006024 0.020983 0.015536 0.000531 0.956926
4 0 0.016352 0.011379 0.008552 0.000379 0.963338
1 0 0.068340 0.464438 0.125179 0.000002 0.342041
4 0 0.036254 0.185623 0.053733 0.000008 0.724381
0 0 0.482972 0.376705 0.056271 0.000000 0.084051
0 0 0.746415 0.215519 0.022017 0.000000 0.016050
1 0 0.073579 0.707558 0.166860 0.000000 0.052003
1 1 0.173419 0.485284 0.128888 0.000022 0.212387
4 1 0.016422 0.063549 0.033770 0.000260 0.885999
1 1 0.111321 0.429295 0.132150 0.000169 0.327065
4 4 0.087601 0.049335 0.021981 0.000192 0.840891
4 4 0.340102 0.060310 0.027871 0.004799 0.566918
4 4 0.153194 0.019354 0.011528 0.001179 0.814745
4 4 0.212153 0.047882 0.026655 0.009355 0.703956
4 4 0.059298 0.051878 0.023813 0.000056 0.864955
4 4 0.182917 0.045112 0.018033 0.000114 0.753824
4 4 0.034373 0.069381 0.031138 0.000057 0.865050
0 4 0.517857 0.210940 0.055241 0.000111 0.215850
0 1 0.801859 0.162440 0.020433 0.000005 0.015263
1 1 0.180831 0.533179 0.132215 0.000052 0.153723
0 1 0.567253 0.292969 0.049191 0.000034 0.090553
0 1 0.747212 0.223067 0.023292 0.000000 0.006429
1 1 0.443682 0.453556 0.073172 0.000001 0.029589
0 1 0.515316 0.381753 0.066263 0.000024 0.036644
1 1 0.045881 0.562934 0.174421 0.000003 0.216761
4 1 0.011671 0.308764 0.331085 0.000000 0.348480
1 1 0.145317 0.424370 0.106510 0.000034 0.323769
4 1 0.094791 0.302731 0.075158 0.000006 0.527314
0 1 0.584567 0.233358 0.032896 0.000001 0.149178
1 1 0.285592 0.499353 0.090766 0.000000 0.124288
1 1 0.098010 0.682837 0.177950 0.000004 0.041200
0 1 0.626808 0.311557 0.044916 0.000002 0.016717
1 1 0.067433 0.567904 0.160444 0.000003 0.204217
1 1 0.020140 0.568608 0.348385 0.000003 0.062864
1 1 0.260457 0.543205 0.127926 0.000067 0.068345
2 1 0.027819 0.391132 0.567225 0.000006 0.013818
2 1 0.018804 0.389622 0.562582 0.000023 0.028969
2 1 0.003524 0.161068 0.826906 0.000002 0.008500
2 1 0.001666 0.196823 0.751942 0.000125 0.049445
2 1 0.001038 0.138598 0.834396 0.000001 0.025967
2 1 0.016257 0.247948 0.722485 0.000001 0.013309
1 1 0.112043 0.666744 0.156730 0.000000 0.064483
0 1 0.671305 0.265567 0.040264 0.000022 0.022842
1 1 0.011762 0.528495 0.345268 0.000004 0.114471
2 1 0.006973 0.346462 0.584061 0.000017 0.062488
1 1 0.014624 0.496183 0.404511 0.000008 0.084674
1 1 0.033463 0.531980 0.205739 0.000007 0.228812
2 1 0.011488 0.217940 0.716416 0.000203 0.053953
1 1 0.028147 0.570088 0.233676 0.000291 0.167798
1 1 0.005750 0.462231 0.255813 0.000105 0.276102
2 1 0.000257 0.148431 0.717335 0.000014 0.133963
2 1 0.000006 0.012681 0.984511 0.000021 0.002781
2 1 0.000180 0.031984 0.962224 0.000709 0.004904
2 1 0.000035 0.021500 0.974658 0.001038 0.002770
2 1 0.005138 0.351227 0.553371 0.000101 0.090164
2 1 0.005803 0.209278 0.719171 0.000090 0.065659
2 1 0.000491 0.063700 0.925142 0.000124 0.010544
2 1 0.006353 0.304176 0.636954 0.000079 0.052439
2 1 0.045178 0.212753 0.713289 0.000008 0.028772
1 1 0.262288 0.408616 0.100754 0.001114 0.227229
2 1 0.000641 0.179814 0.783625 0.000027 0.035892
2 1 0.000207 0.069206 0.923877 0.001139 0.005570
2 1 0.001091 0.083425 0.911739 0.001599 0.002146
2 1 0.002595 0.280648 0.705184 0.000043 0.011530
2 1 0.000463 0.170876 0.695065 0.000001 0.133595
2 2 0.000276 0.125904 0.834494 0.000024 0.039302
1 2 0.006523 0.421192 0.345543 0.000034 0.226707
2 2 0.000211 0.041134 0.937418 0.003906 0.017331
2 2 0.000134 0.048025 0.949730 0.000005 0.002106
2 2 0.000008 0.020956 0.978334 0.000005 0.000697
2 2 0.000047 0.010014 0.989853 0.000019 0.000067
2 2 0.000160 0.017829 0.980898 0.000929 0.000184
2 2 0.000026 0.045681 0.950731 0.000021 0.003541
2 2 0.000119 0.009412 0.989822 0.000007 0.000640
2 2 0.000007 0.006962 0.992056 0.000001 0.000974
2 2 0.000004 0.005985 0.992783 0.000002 0.001227
2 2 0.000425 0.057407 0.935557 0.000005 0.006606
2 2 0.000030 0.004447 0.995412 0.000001 0.000111
2 2 0.000481 0.027171 0.971677 0.000004 0.000666
2 2 0.003197 0.018076 0.975121 0.000636 0.002970
2 2 0.000539 0.006953 0.992304 0.000049 0.000155
2 2 0.000005 0.002297 0.997678 0.000008 0.000012
2 2 0.000001 0.002030 0.997939 0.000003 0.000026
2 2 0.000025 0.015597 0.983237 0.000021 0.001120
2 2 0.000000 0.000031 0.999915 0.000054 0.000000
2 2 0.000007 0.003405 0.996552 0.000003 0.000034
2 2 0.000775 0.021050 0.967642 0.009478 0.001056
2 2 0.000045 0.023795 0.972634 0.000661 0.002866
2 2 0.000033 0.006157 0.992600 0.000023 0.001189
2 2 0.000001 0.000031 0.999028 0.000939 0.000001
2 2 0.000193 0.021427 0.977884 0.000002 0.000494
2 2 0.000023 0.020262 0.978533 0.000001 0.001181
2 2 0.000006 0.001596 0.998391 0.000000 0.000007
2 2 0.000001 0.000799 0.999199 0.000000 0.000002
2 2 0.000006 0.003528 0.996417 0.000000 0.000049
2 2 0.000026 0.012058 0.987391 0.000002 0.000523
2 2 0.000049 0.015815 0.983467 0.000178 0.000491
2 2 0.000003 0.004795 0.995015 0.000066 0.000121
2 2 0.001207 0.025696 0.971459 0.000341 0.001297
2 2 0.000007 0.004454 0.995254 0.000144 0.000142
2 2 0.000597 0.005283 0.978358 0.012710 0.003052
2 2 0.000131 0.006079 0.991409 0.001344 0.001038
2 2 0.000001 0.001806 0.998024 0.000068 0.000101
2 2 0.000522 0.004786 0.991688 0.002563 0.000440
2 2 0.005945 0.056876 0.935414 0.001189 0.000576
1 2 0.080118 0.617513 0.203747 0.000503 0.098118
2 2 0.000937 0.185876 0.785360 0.000084 0.027742
2 2 0.000761 0.154390 0.821251 0.000006 0.023592
0 0 0.980996 0.013262 0.002741 0.000000 0.003001
0 0 0.834619 0.023851 0.007218 0.000258 0.134055
0 0 0.941551 0.033044 0.006841 0.000035 0.018528
0 0 0.766658 0.159414 0.024106 0.000019 0.049803
2 0 0.006205 0.274078 0.622960 0.000015 0.096743
4 0 0.008301 0.138232 0.053603 0.000009 0.799854
1 0 0.133139 0.553110 0.150852 0.000084 0.162815
1 0 0.004269 0.399246 0.384794 0.000004 0.211688
1 0 0.004512 0.500605 0.263205 0.000005 0.231674
2 1 0.002490 0.261783 0.664944 0.000036 0.070747
1 1 0.020028 0.532702 0.207134 0.000010 0.240126
1 1 0.008080 0.590016 0.277261 0.000006 0.124637
2 1 0.004245 0.327946 0.370718 0.002806 0.294285
2 1 0.007347 0.279824 0.646711 0.000020 0.066098
4 1 0.046050 0.281536 0.077373 0.000002 0.595040
0 1 0.679951 0.154316 0.017590 0.000000 0.148143
2 1 0.017075 0.352839 0.605542 0.000160 0.024384
1 1 0.043149 0.678484 0.207005 0.000001 0.071361
2 1 0.011877 0.326691 0.538955 0.000011 0.122466
2 1 0.010545 0.182179 0.788768 0.000209 0.018299
2 1 0.017940 0.373858 0.446673 0.000056 0.161472
2 1 0.044233 0.381573 0.471814 0.000160 0.102220
0 1 0.431334 0.405233 0.088084 0.001634 0.073716
1 1 0.064756 0.639159 0.202341 0.000041 0.093704
1 1 0.044343 0.510119 0.208061 0.000020 0.237457
1 4 0.031531 0.601732 0.314346 0.000060 0.052332
1 4 0.073052 0.441443 0.148989 0.000146 0.336370
4 4 0.009430 0.025417 0.015337 0.000117 0.949699
0 1 0.644557 0.155780 0.032071 0.000113 0.167480
1 1 0.019424 0.489348 0.304072 0.000005 0.187151
4 1 0.193333 0.119757 0.034381 0.000036 0.652493
2 1 0.024239 0.235429 0.387849 0.000837 0.351646
4 1 0.013106 0.023467 0.015921 0.000219 0.947287
4 1 0.141284 0.116140 0.047897 0.001570 0.693108
0 4 0.456730 0.178345 0.044859 0.000036 0.320029
0 4 0.531942 0.090644 0.273548 0.006175 0.097691
4 4 0.271819 0.041986 0.021324 0.003381 0.661490
4 4 0.121659 0.023635 0.010898 0.000066 0.843741
0 4 0.533420 0.013586 0.005920 0.000176 0.446898
0 4 0.404624 0.383339 0.073516 0.000005 0.138516
0 1 0.932170 0.025456 0.003981 0.000003 0.038390
0 1 0.912499 0.022811 0.006092 0.000161 0.058437
4 1 0.037471 0.200923 0.143972 0.001841 0.615792
4 1 0.061263 0.155219 0.050165 0.000067 0.733287
4 0 0.050405 0.018683 0.010202 0.000095 0.920614
4 0 0.150307 0.040253 0.024005 0.000156 0.785279
1 0 0.143271 0.538094 0.156854 0.000170 0.161611
1 0 0.209517 0.520978 0.132071 0.000059 0.137375
0 0 0.820013 0.061076 0.025859 0.001979 0.091073
1 0 0.158661 0.509994 0.156000 0.000079 0.175266
4 1 0.022529 0.027966 0.021078 0.005304 0.923123
4 1 0.044968 0.012752 0.010350 0.003712 0.928218
4 1 0.016633 0.109149 0.037914 0.000006 0.836298
4 1 0.098076 0.296219 0.108665 0.000010 0.497030
