0 4 0.577537 0.050138 0.045554 0.000111 0.326660
1 4 0.198756 0.583310 0.199871 0.000004 0.018059
2 4 0.016208 0.254255 0.683369 0.000068 0.046100
1 4 0.338434 0.340178 0.085125 0.000083 0.236181
0 4 0.515286 0.064238 0.042302 0.000318 0.377856
0 4 0.340333 0.217499 0.188853 0.000009 0.253306
0 4 0.803103 0.077329 0.012990 0.000000 0.106578
1 4 0.033163 0.487801 0.334961 0.000080 0.143994
0 4 0.652659 0.201554 0.056438 0.000009 0.089340
0 4 0.976678 0.017224 0.002401 0.000000 0.003696
4 4 0.103012 0.120608 0.179852 0.000004 0.596524
4 4 0.083998 0.267794 0.100046 0.000011 0.548150
1 4 0.299930 0.475334 0.214339 0.000045 0.010352
1 4 0.426030 0.468572 0.088565 0.000019 0.016814
0 4 0.452576 0.432540 0.102846 0.000009 0.012029
0 4 0.850341 0.070959 0.061919 0.000222 0.016560
0 4 0.844353 0.079865 0.018346 0.000088 0.057348
0 4 0.536679 0.198361 0.137893 0.001039 0.126028
0 0 0.966851 0.014201 0.005200 0.000015 0.013734
0 1 0.663437 0.242617 0.077256 0.000076 0.016614
1 1 0.315744 0.349247 0.177973 0.000759 0.156278
4 1 0.115991 0.306129 0.097234 0.000380 0.480267
0 1 0.704180 0.169684 0.050535 0.000006 0.075595
0 1 0.796698 0.110941 0.050901 0.000130 0.041329
1 2 0.131283 0.518906 0.329600 0.000025 0.020187
0 2 0.513438 0.227803 0.244568 0.000028 0.014163
2 2 0.002270 0.012530 0.964640 0.018406 0.002154
2 2 0.001558 0.006030 0.981800 0.010080 0.000532
0 2 0.671616 0.056993 0.215609 0.000503 0.055279
2 2 0.387076 0.119242 0.436223 0.002294 0.055165
2 2 0.000263 0.002252 0.996017 0.001358 0.000109
2 2 0.000004 0.000252 0.998972 0.000766 0.000006
2 2 0.004767 0.006225 0.988224 0.000629 0.000156
2 2 0.001901 0.013319 0.984415 0.000036 0.000330
2 2 0.000003 0.000140 0.993545 0.006312 0.000000
2 2 0.000003 0.000075 0.999762 0.000160 0.000000
2 2 0.000001 0.000228 0.996995 0.002776 0.000000
2 2 0.000020 0.001736 0.993309 0.004928 0.000008
2 3 0.000032 0.000251 0.957285 0.042431 0.000001
2 2 0.000029 0.000130 0.926645 0.073187 0.000009
2 3 0.000000 0.000024 0.553031 0.446945 0.000000
2 3 0.000000 0.000042 0.979148 0.020809 0.000000
2 3 0.000008 0.000369 0.957523 0.042098 0.000001
2 3 0.000006 0.000167 0.868333 0.131493 0.000000
3 3 0.000001 0.000015 0.442379 0.557605 0.000000
2 3 0.000000 0.000010 0.920424 0.079566 0.000000
2 3 0.000000 0.000019 0.850779 0.149202 0.000000
2 3 0.000000 0.000000 0.794590 0.205410 0.000000
2 3 0.000008 0.000332 0.966239 0.033421 0.000001
3 3 0.000000 0.000001 0.372999 0.627001 0.000000
2 3 0.000145 0.000623 0.598050 0.401156 0.000026
2 3 0.000212 0.002280 0.740335 0.257148 0.000025
3 3 0.000000 0.000000 0.110296 0.889703 0.000000
2 3 0.000000 0.000007 0.793911 0.206083 0.000000
2 3 0.000001 0.000029 0.761844 0.238126 0.000000
3 3 0.000003 0.000051 0.449844 0.550100 0.000002
2 3 0.000000 0.000002 0.704861 0.295137 0.000000
2 3 0.000000 0.000000 0.803662 0.196338 0.000000
3 3 0.000000 0.000003 0.398456 0.601541 0.000000
3 3 0.000000 0.000000 0.113880 0.886119 0.000000
3 3 0.000000 0.000002 0.154198 0.845800 0.000000
3 3 0.000026 0.000631 0.216097 0.783173 0.000072
2 3 0.000048 0.000261 0.741253 0.258438 0.000001
3 3 0.000019 0.000088 0.319664 0.680229 0.000001
2 3 0.000002 0.000093 0.890003 0.109902 0.000000
3 3 0.000003 0.000168 0.409450 0.590373 0.000006
2 3 0.000028 0.000079 0.677620 0.322265 0.000009
2 3 0.000001 0.000111 0.879704 0.120183 0.000001
3 3 0.000025 0.000200 0.099224 0.900537 0.000014
3 3 0.000000 0.000001 0.170393 0.829607 0.000000
3 3 0.000000 0.000004 0.136031 0.863965 0.000000
2 3 0.000000 0.000005 0.853249 0.146746 0.000000
3 3 0.000000 0.000001 0.030312 0.969687 0.000000
3 3 0.000000 0.000000 0.080329 0.919670 0.000000
2 3 0.000000 0.000000 0.677181 0.322819 0.000000
2 3 0.000000 0.000000 0.690138 0.309861 0.000000
2 3 0.000004 0.000064 0.783962 0.215970 0.000000
2 3 0.000000 0.000005 0.933520 0.066475 0.000000
3 3 0.000009 0.000222 0.433100 0.566665 0.000004
3 3 0.000000 0.000002 0.281491 0.718508 0.000000
3 3 0.000000 0.000000 0.055217 0.944783 0.000000
3 3 0.000000 0.000000 0.081873 0.918127 0.000000
2 3 0.000000 0.000006 0.598440 0.401554 0.000000
2 3 0.000005 0.000139 0.907128 0.092728 0.000000
2 3 0.000000 0.000048 0.714349 0.285602 0.000000
3 3 0.000023 0.000136 0.032707 0.967107 0.000027
2 3 0.002083 0.015654 0.566113 0.415372 0.000777
2 2 0.000042 0.005584 0.645794 0.346927 0.001653
2 3 0.148013 0.315899 0.517872 0.004014 0.014203
2 3 0.072034 0.087151 0.836506 0.003640 0.000668
2 3 0.004381 0.044493 0.679588 0.268764 0.002775
2 3 0.002797 0.023120 0.797134 0.176411 0.000539
2 2 0.060561 0.236174 0.488255 0.048893 0.166117
2 2 0.052836 0.133976 0.782857 0.007748 0.022583
2 2 0.003414 0.040585 0.908908 0.045017 0.002075
2 2 0.004807 0.123140 0.840743 0.009502 0.021807
2 2 0.033598 0.120280 0.825028 0.017330 0.003765
2 2 0.020941 0.197403 0.774846 0.000887 0.005923
2 2 0.001548 0.009610 0.988514 0.000214 0.000115
2 2 0.006265 0.011587 0.950680 0.030924 0.000545
2 2 0.014912 0.059978 0.789024 0.076560 0.059525
2 2 0.176055 0.133770 0.614915 0.054449 0.020811
2 2 0.136406 0.257253 0.584396 0.003426 0.018519
2 2 0.015350 0.209408 0.763002 0.001385 0.010855
2 2 0.009263 0.285245 0.643930 0.021381 0.040180
2 2 0.005424 0.070334 0.878061 0.042049 0.004132
2 2 0.029675 0.078189 0.889354 0.001595 0.001188
2 2 0.002657 0.039828 0.946573 0.010682 0.000260
2 2 0.004204 0.223343 0.767417 0.000335 0.004701
2 2 0.143706 0.240674 0.587234 0.007781 0.020605
2 2 0.002973 0.025372 0.888129 0.083152 0.000374
2 2 0.001094 0.008217 0.826279 0.164309 0.000100
1 2 0.334046 0.419421 0.234754 0.000003 0.011775
2 2 0.001712 0.179585 0.816472 0.000290 0.001941
2 2 0.035072 0.097628 0.864402 0.002539 0.000359
2 2 0.000645 0.005108 0.975322 0.018917 0.000008
2 2 0.078109 0.131344 0.789722 0.000688 0.000136
2 2 0.009709 0.009099 0.979507 0.001671 0.000013
0 2 0.556861 0.166274 0.206293 0.002371 0.068200
0 2 0.643556 0.221001 0.131771 0.000437 0.003236
2 2 0.110149 0.158956 0.725089 0.002510 0.003295
2 2 0.021776 0.049473 0.892191 0.035771 0.000788
0 2 0.730727 0.099751 0.160553 0.000077 0.008891
2 2 0.054785 0.276289 0.668266 0.000358 0.000302
2 2 0.020027 0.125591 0.842038 0.011436 0.000909
2 2 0.121821 0.278336 0.599665 0.000094 0.000084
0 2 0.463075 0.274635 0.248859 0.000059 0.013372
2 2 0.015937 0.148211 0.828422 0.006459 0.000971
2 2 0.017652 0.099999 0.878204 0.003291 0.000854
2 2 0.195482 0.152463 0.646990 0.003910 0.001155
0 2 0.397738 0.311192 0.271582 0.003607 0.015881
0 2 0.553037 0.121038 0.325732 0.000034 0.000159
2 2 0.000335 0.032066 0.965891 0.000584 0.001124
2 2 0.003775 0.036984 0.939307 0.019008 0.000926
0 2 0.425196 0.269646 0.299057 0.000937 0.005164
0 2 0.402286 0.198954 0.394430 0.000268 0.004062
2 2 0.052489 0.280382 0.666809 0.000142 0.000179
0 2 0.486933 0.371589 0.128433 0.000058 0.012988
1 2 0.299266 0.514105 0.172970 0.000471 0.013188
1 2 0.341031 0.555038 0.100629 0.000057 0.003244
0 2 0.628828 0.317172 0.046909 0.000003 0.007088
0 2 0.928175 0.063133 0.007542 0.000000 0.001150
0 2 0.387256 0.227177 0.384700 0.000302 0.000564
2 2 0.068269 0.233930 0.695851 0.001477 0.000473
1 2 0.308375 0.491382 0.196495 0.000079 0.003669
0 2 0.717045 0.243443 0.037313 0.000020 0.002178
2 2 0.070722 0.386604 0.539414 0.001292 0.001968
2 2 0.009797 0.474443 0.510371 0.000134 0.005256
2 2 0.015553 0.111852 0.868172 0.004058 0.000364
2 2 0.055397 0.198263 0.742501 0.003236 0.000602
2 2 0.207624 0.327929 0.462558 0.000022 0.001866
2 2 0.031721 0.076239 0.891044 0.000140 0.000856
0 2 0.513707 0.382150 0.102109 0.000058 0.001976
0 2 0.720697 0.134464 0.142005 0.000211 0.002623
2 2 0.036468 0.399395 0.557496 0.000091 0.006551
2 2 0.020832 0.149455 0.827115 0.000277 0.002322
1 2 0.278685 0.503912 0.208856 0.000246 0.008301
1 2 0.169348 0.486477 0.332560 0.001509 0.010107
0 2 0.720060 0.058615 0.215489 0.001099 0.004737
0 2 0.614982 0.089517 0.294575 0.000630 0.000296
1 2 0.035449 0.558680 0.398687 0.000029 0.007155
2 2 0.305797 0.285466 0.408009 0.000131 0.000596
2 2 0.254676 0.320784 0.422066 0.000396 0.002078
2 2 0.001462 0.016335 0.981522 0.000672 0.000009
2 2 0.000902 0.000246 0.987980 0.010872 0.000001
2 2 0.068504 0.015465 0.914411 0.000905 0.000716
2 2 0.259754 0.179204 0.559244 0.000125 0.001673
2 2 0.259267 0.281991 0.454103 0.000423 0.004216
2 2 0.004777 0.054436 0.940268 0.000470 0.000049
2 2 0.406736 0.082034 0.511130 0.000038 0.000062
2 2 0.001826 0.128384 0.869151 0.000156 0.000483
2 2 0.342285 0.271190 0.376264 0.000152 0.010110
2 2 0.022842 0.101596 0.868658 0.000633 0.006270
2 2 0.325992 0.116881 0.553892 0.000014 0.003220
2 2 0.001677 0.006478 0.980737 0.011043 0.000065
2 2 0.020484 0.048102 0.924087 0.003629 0.003698
2 2 0.087393 0.054625 0.857180 0.000554 0.000248
2 2 0.014708 0.003479 0.975333 0.006406 0.000075
2 2 0.040703 0.011895 0.943437 0.000558 0.003407
2 2 0.039885 0.122945 0.832468 0.000041 0.004662
2 2 0.000666 0.000619 0.997058 0.001528 0.000128
2 2 0.000107 0.005708 0.990614 0.003543 0.000029
2 2 0.000349 0.005797 0.993660 0.000046 0.000148
2 2 0.000445 0.007100 0.992251 0.000040 0.000164
0 2 0.473484 0.179198 0.339543 0.000048 0.007727
0 2 0.487735 0.317729 0.173589 0.000006 0.020941
2 2 0.257309 0.270868 0.469840 0.000125 0.001859
0 2 0.535453 0.195816 0.245226 0.000225 0.023280
2 2 0.004983 0.011745 0.981303 0.000676 0.001294
2 2 0.082728 0.023528 0.889324 0.003016 0.001404
2 2 0.008803 0.330078 0.655687 0.000649 0.004783
1 2 0.163059 0.446052 0.362639 0.000265 0.027986
2 4 0.180819 0.245021 0.563854 0.003013 0.007293
1 4 0.302621 0.414314 0.270502 0.000086 0.012476
2 4 0.123630 0.365145 0.508250 0.000072 0.002904
2 4 0.118969 0.177765 0.693603 0.000322 0.009340
1 4 0.215567 0.534153 0.238490 0.000000 0.011790
1 4 0.167954 0.579866 0.241143 0.000006 0.011031
1 4 0.437266 0.469931 0.078928 0.000009 0.013865
0 4 0.839478 0.137595 0.018392 0.000001 0.004535
0 4 0.858987 0.112779 0.018633 0.000006 0.009595
0 4 0.981252 0.014308 0.003823 0.000001 0.000616
0 0 0.951147 0.032842 0.004704 0.000000 0.011307
0 4 0.425077 0.398221 0.073678 0.000003 0.103022
1 4 0.080224 0.672674 0.210475 0.000041 0.036587
0 4 0.842799 0.122098 0.023148 0.000045 0.011910
0 4 0.809216 0.142633 0.022730 0.000001 0.025420
0 4 0.499757 0.411440 0.069012 0.000006 0.019785
1 4 0.255623 0.517015 0.206016 0.001529 0.019818
2 4 0.014044 0.251169 0.730095 0.000294 0.004398
0 4 0.957781 0.033926 0.004961 0.000001 0.003331
0 4 0.833897 0.130056 0.022587 0.000010 0.013450
0 4 0.839520 0.144218 0.015932 0.000001 0.000330
0 1 0.913574 0.076762 0.009255 0.000000 0.000409
0 0 0.958171 0.026366 0.011147 0.000025 0.004292
0 1 0.740780 0.193917 0.042212 0.000252 0.022838
1 1 0.271893 0.450117 0.271114 0.000008 0.006868
0 1 0.523965 0.345495 0.125409 0.000073 0.005059
0 1 0.988432 0.010055 0.001043 0.000000 0.000470
0 0 0.985557 0.010007 0.001380 0.000000 0.003055
0 1 0.849786 0.134468 0.015328 0.000001 0.000417
0 1 0.799475 0.096947 0.102902 0.000012 0.000665
1 1 0.340932 0.382028 0.267612 0.000004 0.009424
0 1 0.652132 0.258357 0.088405 0.000003 0.001103
1 1 0.187630 0.432621 0.377807 0.000046 0.001896
1 1 0.425505 0.446228 0.121185 0.000483 0.006598
1 1 0.075425 0.625336 0.294869 0.000009 0.004362
1 1 0.252395 0.561708 0.166068 0.000013 0.019817
0 0 0.843710 0.127071 0.017002 0.000000 0.012217
1 1 0.179584 0.656814 0.157455 0.000175 0.005972
0 1 0.551570 0.170504 0.277548 0.000043 0.000335
2 1 0.000069 0.003603 0.995154 0.001170 0.000004
2 4 0.052135 0.307419 0.639441 0.000101 0.000903
2 2 0.019565 0.094986 0.885147 0.000026 0.000276
2 2 0.072997 0.150198 0.774926 0.000130 0.001749
2 2 0.010719 0.036926 0.951833 0.000216 0.000307
2 2 0.370275 0.141718 0.477911 0.000528 0.009567
2 2 0.007775 0.063975 0.927911 0.000018 0.000321
2 2 0.091891 0.157552 0.749716 0.000439 0.000402
2 2 0.002509 0.100339 0.890873 0.004746 0.001533
2 2 0.079044 0.118042 0.798480 0.001085 0.003349
2 2 0.101039 0.056301 0.839763 0.001886 0.001010
2 2 0.041323 0.117324 0.841075 0.000082 0.000195
2 2 0.248754 0.168182 0.580443 0.000799 0.001823
2 2 0.017408 0.321409 0.660476 0.000108 0.000599
2 2 0.015596 0.065369 0.913561 0.005334 0.000140
0 2 0.904593 0.076107 0.019084 0.000000 0.000216
2 2 0.074790 0.271525 0.652570 0.000148 0.000967
2 2 0.007304 0.019668 0.970350 0.002462 0.000216
2 2 0.013988 0.054843 0.929662 0.001447 0.000059
2 2 0.000131 0.000212 0.998586 0.001070 0.000002
2 2 0.008475 0.003565 0.985070 0.002875 0.000014
2 2 0.158965 0.089783 0.741696 0.007904 0.001652
0 2 0.838709 0.044141 0.113685 0.000226 0.003239
2 2 0.000006 0.000066 0.969267 0.030661 0.000000
2 2 0.000003 0.000235 0.968815 0.030946 0.000000
2 2 0.028377 0.147664 0.821355 0.002025 0.000579
2 2 0.043105 0.096791 0.841715 0.017967 0.000422
2 2 0.083253 0.211276 0.697134 0.004248 0.004089
2 2 0.014590 0.133251 0.837260 0.013368 0.001531
2 2 0.057385 0.197031 0.742879 0.002255 0.000450
2 2 0.001996 0.029454 0.968095 0.000437 0.000017
2 2 0.024457 0.061807 0.907775 0.005685 0.000275
2 2 0.078359 0.257206 0.661558 0.001631 0.001247
0 2 0.737634 0.079757 0.182346 0.000019 0.000244
2 2 0.396643 0.100996 0.493662 0.004394 0.004305
0 2 0.479430 0.232900 0.260770 0.000538 0.026361
0 2 0.625930 0.216283 0.137383 0.000195 0.020209
0 2 0.723946 0.078931 0.194884 0.000200 0.002038
0 2 0.493489 0.421387 0.076910 0.000071 0.008143
0 2 0.777993 0.181908 0.032846 0.000052 0.007201
0 2 0.836894 0.137194 0.022189 0.000014 0.003709
0 1 0.521488 0.391433 0.070131 0.000021 0.016928
1 1 0.031785 0.511192 0.455074 0.000096 0.001853
2 2 0.000768 0.023620 0.970667 0.004806 0.000139
2 2 0.001903 0.054593 0.942797 0.000610 0.000098
0 2 0.718819 0.028199 0.252838 0.000034 0.000111
2 2 0.158890 0.197130 0.642568 0.001124 0.000287
0 2 0.921757 0.060685 0.017207 0.000003 0.000348
0 2 0.894579 0.071552 0.026083 0.000109 0.007677
2 2 0.293740 0.102048 0.603593 0.000234 0.000385
2 2 0.267105 0.095848 0.625652 0.006105 0.005290
0 1 0.910663 0.069015 0.017486 0.000016 0.002820
2 0 0.259756 0.297290 0.430879 0.002862 0.009213
0 1 0.875495 0.094157 0.029357 0.000005 0.000986
0 1 0.660494 0.288864 0.049558 0.000013 0.001071
0 1 0.450139 0.404681 0.131445 0.000192 0.013544
1 1 0.319179 0.468150 0.118390 0.000410 0.093871
0 1 0.449863 0.379476 0.144430 0.001541 0.024690
0 1 0.795820 0.138044 0.060905 0.000044 0.005187
0 1 0.504377 0.352499 0.141865 0.000010 0.001248
0 1 0.939308 0.037934 0.021162 0.000049 0.001547
0 1 0.487012 0.331815 0.180070 0.000010 0.001092
2 1 0.018283 0.339738 0.638676 0.000759 0.002544
0 2 0.928899 0.052344 0.017749 0.000004 0.001003
1 2 0.276211 0.472425 0.209216 0.000089 0.042059
0 2 0.671469 0.183736 0.137862 0.000104 0.006830
2 2 0.032115 0.400738 0.558321 0.000011 0.008816
2 2 0.283099 0.160868 0.512727 0.005399 0.037908
0 2 0.515900 0.210563 0.259434 0.003995 0.010107
0 2 0.753987 0.036206 0.204600 0.000207 0.005000
0 2 0.507653 0.196930 0.275539 0.000040 0.019839
2 2 0.009288 0.044681 0.945350 0.000568 0.000112
2 2 0.001994 0.052291 0.945469 0.000128 0.000118
2 2 0.109849 0.143431 0.745641 0.000294 0.000785
2 2 0.006773 0.083294 0.909284 0.000427 0.000223
2 2 0.117238 0.197403 0.683569 0.000675 0.001116
2 2 0.000838 0.018009 0.980444 0.000678 0.000031
2 2 0.000295 0.002892 0.839936 0.156833 0.000044
2 2 0.128441 0.081086 0.788805 0.001531 0.000138
2 2 0.111708 0.226949 0.659405 0.001039 0.000898
2 2 0.026790 0.252295 0.720094 0.000318 0.000504
0 2 0.695587 0.242868 0.051842 0.000188 0.009515
0 2 0.832721 0.130373 0.035483 0.000033 0.001390
0 2 0.824894 0.153152 0.020737 0.000004 0.001212
2 2 0.215531 0.370988 0.408524 0.002943 0.002015
0 2 0.977194 0.014172 0.004917 0.000005 0.003712
0 0 0.977908 0.019686 0.002025 0.000000 0.000381
0 0 0.998532 0.000977 0.000481 0.000000 0.000010
0 0 0.988408 0.009752 0.001828 0.000000 0.000012
0 0 0.996300 0.001980 0.000721 0.000000 0.000999
0 0 0.918549 0.059003 0.010723 0.000012 0.011712
0 0 0.997152 0.001028 0.001519 0.000002 0.000299
0 0 0.992110 0.002719 0.003262 0.000013 0.001897
0 0 0.996508 0.001398 0.001304 0.000001 0.000790
0 0 0.907576 0.069498 0.019232 0.000025 0.003668
0 0 0.480289 0.159254 0.048839 0.000037 0.311581
2 0 0.181713 0.312993 0.476506 0.000234 0.028553
0 4 0.885923 0.050960 0.010759 0.000017 0.052341
0 4 0.915168 0.032719 0.015444 0.000003 0.036666
1 4 0.224832 0.499317 0.121562 0.000015 0.154275
0 4 0.591271 0.143493 0.200600 0.001086 0.063550
0 4 0.808110 0.049317 0.080101 0.000723 0.061749
0 4 0.792590 0.052130 0.068311 0.004761 0.082209
0 4 0.879036 0.038800 0.006946 0.000001 0.075217
0 4 0.625839 0.014568 0.003212 0.000001 0.356381
4 4 0.212160 0.044687 0.023678 0.000735 0.718740
0 4 0.885878 0.002122 0.005091 0.000090 0.106819
4 4 0.141355 0.016378 0.011852 0.000063 0.830352
4 4 0.466841 0.023739 0.006603 0.000011 0.502805
0 4 0.960751 0.004069 0.001192 0.000001 0.033987
0 4 0.909157 0.004156 0.001078 0.000003 0.085605
0 4 0.540091 0.039571 0.011513 0.000004 0.408821
0 4 0.705815 0.055891 0.013146 0.000013 0.225136
0 4 0.980935 0.000955 0.000278 0.000000 0.017831
0 4 0.855774 0.048143 0.008633 0.000001 0.087449
0 4 0.660855 0.091353 0.037183 0.000153 0.210455
0 4 0.607400 0.251577 0.043401 0.000001 0.097621
0 4 0.980353 0.005536 0.002070 0.000003 0.012037
0 4 0.869831 0.041248 0.013828 0.000002 0.075091
0 4 0.502989 0.036761 0.031811 0.000028 0.428411
4 4 0.329591 0.194301 0.055576 0.000189 0.420343
0 4 0.966844 0.014363 0.002594 0.000002 0.016197
0 4 0.894782 0.019461 0.007230 0.000093 0.078435
0 4 0.936988 0.025156 0.004963 0.000005 0.032888
0 4 0.571097 0.023591 0.022933 0.000007 0.382371
0 4 0.667715 0.152413 0.034916 0.000038 0.144919
4 4 0.259726 0.269493 0.077318 0.000225 0.393238
0 4 0.714055 0.005604 0.005880 0.000076 0.274384
0 4 0.973279 0.001793 0.002477 0.000001 0.022450
0 4 0.877679 0.006716 0.017100 0.000085 0.098420
0 4 0.900116 0.009947 0.002126 0.000000 0.087811
0 4 0.573884 0.003764 0.001022 0.000001 0.421328
0 4 0.875560 0.000315 0.000244 0.000000 0.123882
4 4 0.090905 0.300019 0.082136 0.000022 0.526919
0 4 0.394755 0.178832 0.042687 0.000013 0.383713
4 4 0.163437 0.021246 0.009114 0.000039 0.806164
4 4 0.323876 0.058631 0.017140 0.000049 0.600305
0 4 0.745332 0.032454 0.020176 0.000060 0.201979
0 4 0.508162 0.025310 0.018962 0.000055 0.447511
0 4 0.939604 0.003059 0.001127 0.000005 0.056206
0 4 0.877542 0.012684 0.004930 0.000072 0.104772
0 4 0.982768 0.000793 0.000130 0.000000 0.016309
0 4 0.672931 0.056296 0.011763 0.000001 0.259008
0 4 0.986318 0.000395 0.000153 0.000000 0.013135
4 4 0.251005 0.048758 0.012317 0.000002 0.687918
4 4 0.236074 0.269079 0.057140 0.000001 0.437706
0 4 0.463826 0.124577 0.040029 0.000011 0.371556
0 4 0.937340 0.048830 0.007860 0.000000 0.005970
0 4 0.919425 0.062885 0.010042 0.000002 0.007646
2 4 0.047675 0.246457 0.522366 0.000103 0.183399
4 4 0.024926 0.266976 0.108451 0.000007 0.599640
1 4 0.371764 0.495320 0.081248 0.000001 0.051667
2 4 0.142445 0.338196 0.377153 0.000017 0.142190
2 4 0.035612 0.400681 0.536320 0.000018 0.027369
1 4 0.165005 0.622221 0.132473 0.000000 0.080302
1 1 0.107988 0.616281 0.215357 0.000092 0.060282
4 4 0.125087 0.152041 0.045831 0.000056 0.676986
1 4 0.111270 0.661199 0.191472 0.000001 0.036058
1 4 0.453311 0.453984 0.082589 0.000000 0.010115
2 4 0.003079 0.274630 0.677108 0.000002 0.045181
2 4 0.035180 0.260329 0.374376 0.000001 0.330114
1 4 0.324945 0.447610 0.171253 0.000001 0.056191
1 4 0.015394 0.537783 0.375466 0.000001 0.071356
1 4 0.170375 0.461047 0.260385 0.000004 0.108189
1 4 0.195799 0.433405 0.171643 0.000019 0.199133
1 4 0.143651 0.560636 0.281875 0.000443 0.013394
2 4 0.250651 0.225986 0.346319 0.000272 0.176772
0 4 0.782250 0.030307 0.122463 0.000244 0.064736
0 4 0.967287 0.020822 0.004032 0.000002 0.007857
2 4 0.036542 0.171181 0.717654 0.000221 0.074402
2 4 0.108483 0.220768 0.630219 0.000009 0.040521
1 4 0.201730 0.571261 0.187913 0.000001 0.039096
4 4 0.165014 0.349669 0.072606 0.000001 0.412710
1 4 0.393093 0.477940 0.084814 0.000004 0.044149
1 4 0.258415 0.461325 0.098612 0.000009 0.181639
0 4 0.500369 0.375182 0.072767 0.000016 0.051665
0 4 0.654082 0.223776 0.048441 0.000051 0.073650
1 0 0.266882 0.469610 0.254650 0.000368 0.008490
0 4 0.582502 0.332349 0.056065 0.000004 0.029081
1 4 0.105737 0.426614 0.265099 0.000073 0.202477
0 4 0.660071 0.098260 0.226715 0.000817 0.014137
2 4 0.032110 0.177196 0.754902 0.003647 0.032145
2 4 0.042306 0.352298 0.592807 0.000097 0.012492
1 4 0.240176 0.367618 0.096544 0.000004 0.295659
1 4 0.039374 0.507534 0.442308 0.000004 0.010780
0 4 0.832803 0.095647 0.017246 0.000002 0.054302
0 4 0.410646 0.206409 0.059445 0.000414 0.323086
0 1 0.820233 0.132010 0.026632 0.000002 0.021123
2 1 0.017118 0.139548 0.827673 0.000012 0.015649
1 1 0.335255 0.416282 0.231498 0.000007 0.016958
1 2 0.166170 0.423673 0.375852 0.000128 0.034177
2 2 0.016773 0.272394 0.705844 0.000060 0.004929
2 4 0.020812 0.288991 0.684920 0.000027 0.005250
1 4 0.343511 0.490359 0.128821 0.001663 0.035646
0 0 0.980093 0.012432 0.001917 0.000000 0.005557
1 1 0.050360 0.430304 0.249346 0.000268 0.269722
4 2 0.077948 0.129091 0.338039 0.001477 0.453445
0 2 0.929239 0.018680 0.043628 0.000132 0.008321
0 1 0.910715 0.017051 0.024088 0.000296 0.047849
1 2 0.231599 0.532891 0.218077 0.000130 0.017304
2 2 0.141440 0.252089 0.590630 0.004253 0.011588
0 2 0.905400 0.028476 0.059097 0.000114 0.006912
2 2 0.276454 0.121627 0.569840 0.002533 0.029545
2 2 0.022393 0.289387 0.585720 0.000077 0.102422
2 2 0.073292 0.113375 0.808115 0.001099 0.004119
2 2 0.010940 0.001537 0.987479 0.000040 0.000004
0 2 0.944269 0.014568 0.038688 0.000026 0.002450
2 1 0.268775 0.283608 0.412698 0.011948 0.022971
2 2 0.039573 0.314614 0.645346 0.000167 0.000299
2 2 0.001826 0.006525 0.988982 0.000031 0.002636
2 2 0.000053 0.000596 0.996896 0.002431 0.000024
2 2 0.002218 0.012101 0.980402 0.000126 0.005153
2 2 0.003514 0.014592 0.975049 0.000099 0.006746
2 2 0.000070 0.000525 0.999147 0.000178 0.000080
2 2 0.000012 0.001046 0.998045 0.000892 0.000005
2 2 0.102411 0.059045 0.826425 0.001943 0.010176
2 2 0.001159 0.024516 0.970916 0.003329 0.000080
2 2 0.015897 0.004747 0.972703 0.005247 0.001405
2 2 0.006029 0.042245 0.936139 0.009494 0.006094
2 2 0.000414 0.009939 0.987768 0.000198 0.001681
2 2 0.000263 0.023338 0.969714 0.002212 0.004472
2 2 0.034705 0.021137 0.942066 0.000504 0.001588
2 2 0.002820 0.065670 0.930793 0.000015 0.000702
1 2 0.073212 0.731066 0.186101 0.000100 0.009520
2 2 0.008300 0.096826 0.746722 0.142401 0.005751
2 2 0.000284 0.027473 0.966612 0.005064 0.000567
2 2 0.000174 0.014804 0.974800 0.009887 0.000336
2 2 0.002923 0.068611 0.916465 0.002690 0.009311
2 2 0.000000 0.001261 0.995063 0.003562 0.000113
2 2 0.000035 0.000848 0.997218 0.001881 0.000017
2 2 0.000035 0.000223 0.998070 0.001657 0.000015
2 2 0.012476 0.050577 0.656164 0.278467 0.002316
1 2 0.183793 0.408157 0.399932 0.004187 0.003931
2 2 0.061785 0.398108 0.534462 0.000712 0.004933
2 2 0.094773 0.276327 0.615436 0.000586 0.012878
2 2 0.000839 0.031549 0.964031 0.003422 0.000158
2 2 0.011101 0.091006 0.882028 0.000403 0.015462
2 2 0.001139 0.011495 0.980706 0.006358 0.000301
2 2 0.000740 0.008856 0.988143 0.002040 0.000220
2 2 0.002046 0.014127 0.976557 0.006442 0.000829
2 2 0.000108 0.004746 0.830207 0.164550 0.000388
2 2 0.000017 0.000261 0.993831 0.005869 0.000023
2 2 0.002445 0.007124 0.977769 0.011138 0.001524
2 2 0.000057 0.000423 0.994065 0.005379 0.000076
2 2 0.001841 0.031599 0.926706 0.027077 0.012776
2 2 0.000003 0.000160 0.684174 0.315652 0.000012
2 2 0.000001 0.000084 0.971161 0.028741 0.000013
2 2 0.001934 0.000997 0.995305 0.001560 0.000205
2 2 0.003516 0.049644 0.936469 0.007875 0.002495
2 2 0.000003 0.000105 0.977826 0.022064 0.000002
2 2 0.000008 0.000925 0.969714 0.029343 0.000011
2 2 0.000005 0.000224 0.999554 0.000213 0.000003
2 2 0.000010 0.000905 0.996702 0.002381 0.000001
2 2 0.005597 0.019026 0.781200 0.191351 0.002826
2 2 0.000077 0.002475 0.994414 0.003031 0.000003
2 2 0.000211 0.003130 0.994124 0.002307 0.000229
2 2 0.000017 0.000830 0.989313 0.009813 0.000027
2 2 0.000019 0.000337 0.894441 0.105120 0.000083
2 2 0.000129 0.000648 0.687559 0.311643 0.000021
2 3 0.000132 0.003736 0.768673 0.227367 0.000092
2 3 0.000331 0.012688 0.642476 0.343112 0.001393
2 2 0.010698 0.025810 0.951964 0.007093 0.004436
2 2 0.001138 0.024833 0.967118 0.000220 0.006690
2 2 0.021635 0.188677 0.743341 0.030307 0.016040
2 2 0.000466 0.011728 0.824810 0.162375 0.000621
2 2 0.000801 0.024210 0.971512 0.001345 0.002132
2 2 0.008150 0.134221 0.683331 0.001993 0.172305
2 2 0.000016 0.000813 0.987915 0.011229 0.000028
2 2 0.001896 0.033714 0.945698 0.007576 0.011115
2 2 0.057219 0.038362 0.889864 0.011908 0.002647
2 2 0.002788 0.018928 0.833855 0.144142 0.000287
2 2 0.000043 0.003362 0.935379 0.061126 0.000091
2 2 0.000301 0.039820 0.918441 0.035117 0.006321
2 2 0.000003 0.000080 0.875657 0.124260 0.000000
2 2 0.000881 0.008012 0.943499 0.047573 0.000035
2 2 0.011711 0.067633 0.852580 0.035122 0.032954
2 2 0.015146 0.018454 0.953092 0.011374 0.001935
2 2 0.000031 0.003053 0.992378 0.004501 0.000037
2 2 0.000007 0.000304 0.984569 0.015118 0.000000
2 2 0.000077 0.001090 0.952991 0.045764 0.000079
2 2 0.000863 0.014629 0.877322 0.106589 0.000597
2 2 0.000517 0.015231 0.959321 0.024495 0.000437
2 2 0.001428 0.030530 0.963344 0.002420 0.002278
2 2 0.000009 0.001862 0.996779 0.001345 0.000005
2 2 0.000071 0.005419 0.969442 0.024951 0.000118
2 2 0.003200 0.010333 0.945319 0.041033 0.000115
2 2 0.005014 0.024709 0.968887 0.000745 0.000645
2 2 0.000036 0.000435 0.993111 0.006417 0.000001
2 2 0.000000 0.000023 0.996987 0.002990 0.000000
2 2 0.000021 0.000340 0.993765 0.005872 0.000003
2 2 0.001278 0.026088 0.963978 0.008455 0.000201
2 3 0.000000 0.000035 0.914694 0.085271 0.000000
2 3 0.000056 0.001107 0.677881 0.320934 0.000024
2 2 0.000054 0.003006 0.995186 0.001707 0.000047
2 2 0.000258 0.009154 0.986288 0.004271 0.000029
2 2 0.008323 0.074434 0.915048 0.001922 0.000272
2 2 0.041964 0.160820 0.657288 0.128144 0.011784
2 2 0.000305 0.013943 0.983686 0.001917 0.000149
2 2 0.000051 0.008676 0.978292 0.012525 0.000457
2 2 0.000058 0.000579 0.995895 0.003379 0.000090
2 2 0.000001 0.000298 0.998114 0.001586 0.000001
2 2 0.040397 0.305221 0.647104 0.004416 0.002863
2 2 0.072963 0.135242 0.782399 0.002178 0.007219
2 2 0.008746 0.062601 0.899114 0.028766 0.000773
2 2 0.007332 0.047232 0.756145 0.187577 0.001713
2 2 0.000192 0.001680 0.995315 0.002800 0.000012
2 2 0.000523 0.003291 0.922808 0.073366 0.000012
2 2 0.000264 0.001922 0.997672 0.000042 0.000100
2 2 0.123929 0.101950 0.773180 0.000094 0.000846
2 2 0.002265 0.009294 0.987847 0.000496 0.000098
2 2 0.000044 0.005206 0.972980 0.021597 0.000173
2 2 0.025643 0.408158 0.554581 0.000018 0.011600
2 1 0.114422 0.235175 0.646643 0.000604 0.003156
2 2 0.017188 0.172626 0.786901 0.001539 0.021746
2 2 0.012921 0.112812 0.841846 0.028080 0.004340
1 2 0.031461 0.534068 0.404720 0.001094 0.028657
1 1 0.127145 0.532811 0.325812 0.003751 0.010481
1 1 0.170842 0.385136 0.296142 0.003285 0.144594
0 4 0.412493 0.306026 0.060672 0.000002 0.220807
0 4 0.472666 0.366791 0.136653 0.000016 0.023873
0 4 0.561179 0.323684 0.106428 0.000681 0.008028
0 4 0.524814 0.347319 0.122806 0.000042 0.005019
2 1 0.127931 0.341025 0.490113 0.000011 0.040920
2 1 0.053940 0.183315 0.752215 0.000517 0.010013
2 2 0.001856 0.076346 0.920158 0.000232 0.001409
2 4 0.016557 0.453635 0.522151 0.000071 0.007586
2 4 0.065434 0.257745 0.650546 0.000580 0.025694
0 4 0.547465 0.356233 0.085189 0.000418 0.010696
2 4 0.073255 0.367879 0.519509 0.024155 0.015202
1 1 0.145748 0.723234 0.123569 0.000000 0.007448
2 1 0.054796 0.358070 0.582454 0.000009 0.004672
1 1 0.188696 0.512254 0.291560 0.001630 0.005859
1 1 0.114361 0.475935 0.407309 0.000042 0.002354
1 4 0.196882 0.580076 0.173518 0.000099 0.049425
0 4 0.512500 0.367385 0.088538 0.001108 0.030469
2 2 0.004678 0.005531 0.979521 0.006535 0.003736
2 4 0.284570 0.209294 0.491812 0.001079 0.013245
2 2 0.000083 0.004804 0.995038 0.000019 0.000056
2 2 0.024346 0.141382 0.831817 0.000304 0.002151
2 2 0.122198 0.298044 0.579280 0.000018 0.000461
2 2 0.017857 0.049247 0.932364 0.000154 0.000378
2 2 0.003944 0.016061 0.978854 0.000277 0.000865
2 2 0.028172 0.166612 0.776185 0.026096 0.002934
2 2 0.001536 0.096241 0.896449 0.003673 0.002101
2 2 0.004748 0.032233 0.938435 0.023753 0.000831
2 2 0.004249 0.049802 0.945075 0.000434 0.000439
2 2 0.049393 0.024194 0.925196 0.001153 0.000065
2 2 0.080881 0.168810 0.742179 0.006495 0.001635
1 2 0.360940 0.388303 0.237653 0.000236 0.012868
2 2 0.012736 0.013672 0.973516 0.000038 0.000037
2 2 0.000483 0.001233 0.998210 0.000008 0.000066
2 2 0.008884 0.058976 0.929726 0.000257 0.002158
2 2 0.000065 0.007410 0.992071 0.000067 0.000388
2 2 0.031913 0.047322 0.919437 0.000307 0.001020
2 2 0.005938 0.014661 0.977872 0.000015 0.001514
2 2 0.001673 0.006657 0.948865 0.042762 0.000042
2 2 0.000039 0.007014 0.986080 0.006778 0.000089
2 2 0.105388 0.069663 0.820458 0.002821 0.001670
2 2 0.005379 0.005177 0.985688 0.003699 0.000057
2 2 0.010881 0.014552 0.974287 0.000058 0.000223
1 0 0.208583 0.566309 0.222644 0.000215 0.002250
2 1 0.026725 0.281499 0.682585 0.005236 0.003956
2 2 0.066969 0.208807 0.711529 0.011155 0.001540
1 1 0.042186 0.446711 0.378169 0.000020 0.132914
2 2 0.002489 0.046541 0.950257 0.000135 0.000578
2 2 0.001523 0.097882 0.895898 0.000945 0.003752
2 2 0.006505 0.126271 0.850932 0.000527 0.015765
2 2 0.000641 0.032982 0.962618 0.000024 0.003735
2 2 0.001293 0.004562 0.993967 0.000019 0.000158
2 1 0.052691 0.225245 0.628369 0.049042 0.044653
2 2 0.024404 0.248584 0.675582 0.001047 0.050382
1 2 0.011932 0.540346 0.432311 0.000024 0.015387
2 2 0.000076 0.041199 0.957853 0.000061 0.000811
2 2 0.004046 0.290379 0.692659 0.000009 0.012907
2 2 0.002878 0.044082 0.930813 0.000864 0.021362
2 2 0.185322 0.068406 0.744743 0.000104 0.001425
2 2 0.233549 0.150512 0.595280 0.004949 0.015709
2 2 0.106302 0.016839 0.876066 0.000741 0.000052
2 2 0.002427 0.010643 0.986508 0.000417 0.000006
2 2 0.000001 0.000041 0.998775 0.001183 0.000000
2 2 0.019938 0.033922 0.939972 0.005930 0.000238
2 2 0.003439 0.033870 0.958819 0.002114 0.001758
2 2 0.087489 0.156948 0.744432 0.003892 0.007239
2 2 0.265173 0.148583 0.585534 0.000028 0.000682
2 1 0.147516 0.312463 0.533751 0.000543 0.005727
2 1 0.010958 0.015840 0.972753 0.000380 0.000068
2 2 0.000846 0.011174 0.985276 0.002690 0.000014
2 2 0.208541 0.117412 0.669738 0.000009 0.004300
2 2 0.076906 0.108339 0.814322 0.000004 0.000429
2 2 0.007025 0.167328 0.822856 0.001527 0.001265
2 2 0.053844 0.275503 0.668784 0.001159 0.000710
2 2 0.049299 0.378107 0.570709 0.000590 0.001296
2 2 0.007335 0.026271 0.966016 0.000374 0.000004
2 2 0.007467 0.050687 0.931798 0.009830 0.000218
2 2 0.090518 0.107704 0.799366 0.001376 0.001036
2 2 0.031449 0.154938 0.775616 0.032087 0.005909
2 2 0.015172 0.067006 0.851244 0.065695 0.000883
0 2 0.754059 0.199263 0.030493 0.000001 0.016184
2 2 0.086884 0.332690 0.570590 0.001691 0.008145
2 2 0.006047 0.052357 0.939004 0.002197 0.000395
1 4 0.190331 0.562050 0.231558 0.002663 0.013398
0 4 0.525560 0.335385 0.127627 0.000144 0.011284
1 4 0.180065 0.513883 0.302803 0.000079 0.003169
2 4 0.339757 0.230257 0.420193 0.001762 0.008031
2 4 0.303849 0.112619 0.574808 0.004123 0.004601
0 4 0.935508 0.037148 0.016737 0.000097 0.010510
0 4 0.615686 0.287965 0.081970 0.000023 0.014356
2 4 0.127712 0.300430 0.559850 0.004004 0.008004
0 4 0.832501 0.135652 0.024175 0.000032 0.007640
0 4 0.644107 0.205178 0.147656 0.000144 0.002915
0 4 0.666734 0.260420 0.059990 0.000113 0.012742
1 4 0.069115 0.519560 0.374440 0.000008 0.036877
4 4 0.357583 0.155471 0.050440 0.001236 0.435270
1 4 0.022823 0.527490 0.424353 0.000347 0.024987
2 4 0.067393 0.238085 0.672245 0.014952 0.007326
0 4 0.829786 0.142908 0.023205 0.000016 0.004085
0 4 0.768551 0.171527 0.047555 0.000026 0.012341
2 4 0.030951 0.184907 0.783624 0.000306 0.000212
1 4 0.149419 0.491007 0.358001 0.000081 0.001492
2 4 0.243007 0.285976 0.456456 0.001156 0.013404
1 4 0.291013 0.580089 0.113493 0.000071 0.015334
1 4 0.010729 0.496722 0.419950 0.000003 0.072597
2 4 0.002323 0.157485 0.827358 0.000100 0.012735
2 4 0.006232 0.009312 0.967294 0.000797 0.016365
2 4 0.039458 0.051518 0.898041 0.000953 0.010030
2 4 0.031594 0.240385 0.635160 0.000007 0.092854
2 4 0.028562 0.190276 0.487297 0.000051 0.293814
1 4 0.333764 0.405075 0.205305 0.000086 0.055770
2 4 0.000826 0.329739 0.646036 0.000234 0.023165
0 4 0.734729 0.043714 0.011282 0.000051 0.210225
4 4 0.207154 0.136248 0.045165 0.000018 0.611415
4 4 0.086538 0.063689 0.032295 0.001011 0.816467
4 4 0.155640 0.043155 0.056748 0.005530 0.738927
4 4 0.202503 0.019193 0.010820 0.000093 0.767392
4 4 0.180872 0.124446 0.267234 0.001293 0.426154
4 4 0.059571 0.076305 0.030588 0.000865 0.832670
4 4 0.108873 0.131752 0.083530 0.002581 0.673264
1 4 0.226061 0.409291 0.240786 0.000471 0.123390
0 4 0.526226 0.024197 0.020816 0.002251 0.426510
0 4 0.478328 0.097266 0.133031 0.001774 0.289601
4 4 0.103446 0.258997 0.114161 0.000478 0.522918
0 4 0.491819 0.096012 0.025550 0.000052 0.386567
4 4 0.131806 0.078158 0.059676 0.000168 0.730192
4 4 0.204415 0.003652 0.002348 0.000049 0.789536
0 4 0.905832 0.000296 0.000307 0.000006 0.093559
4 4 0.099048 0.132466 0.083168 0.000353 0.684965
4 4 0.130165 0.056594 0.018444 0.000062 0.794735
0 4 0.723728 0.003250 0.001595 0.000003 0.271425
4 4 0.468227 0.003225 0.007987 0.001465 0.519096
0 4 0.818650 0.001367 0.001603 0.000081 0.178298
4 4 0.457881 0.028052 0.007368 0.000008 0.506691
0 4 0.624433 0.018345 0.034561 0.000335 0.322326
4 4 0.063965 0.024384 0.020660 0.000223 0.890767
0 4 0.593417 0.043204 0.025463 0.000244 0.337672
4 4 0.288581 0.047641 0.022392 0.000517 0.640868
0 4 0.911450 0.057851 0.010416 0.000005 0.020278
0 4 0.564598 0.116831 0.037726 0.002672 0.278173
0 4 0.892539 0.005676 0.002772 0.000010 0.099003
0 4 0.678462 0.019446 0.006720 0.000013 0.295360
0 4 0.517886 0.008471 0.006579 0.000386 0.466677
4 4 0.460158 0.033831 0.021404 0.003536 0.481072
0 4 0.816330 0.012551 0.002827 0.000002 0.168290
0 4 0.756730 0.008334 0.006129 0.000412 0.228395
0 4 0.850135 0.009909 0.017701 0.000577 0.121679
0 4 0.450955 0.131106 0.091313 0.001247 0.325378
4 4 0.353645 0.095405 0.033940 0.000004 0.517006
1 4 0.061772 0.344403 0.283314 0.000129 0.310382
4 4 0.063233 0.233601 0.168426 0.000205 0.534536
4 4 0.162638 0.057366 0.056556 0.000239 0.723201
0 4 0.830652 0.021167 0.006164 0.000026 0.141992
0 4 0.557513 0.022302 0.018290 0.000886 0.401009
4 4 0.209166 0.152357 0.114984 0.001218 0.522275
1 4 0.047267 0.421104 0.381300 0.000054 0.150275
0 4 0.835587 0.128178 0.028274 0.000006 0.007955
0 4 0.450487 0.328596 0.064459 0.000004 0.156454
2 4 0.000083 0.112269 0.882717 0.000017 0.004914
2 4 0.000413 0.085783 0.910360 0.000016 0.003428
2 4 0.008474 0.418874 0.570065 0.000005 0.002583
2 4 0.043952 0.368167 0.565774 0.000002 0.022105
1 4 0.046075 0.503285 0.432302 0.000401 0.017938
2 4 0.015012 0.220523 0.746141 0.013192 0.005133
1 4 0.045680 0.547177 0.392260 0.000316 0.014568
1 4 0.061425 0.558009 0.342492 0.002046 0.036029
2 4 0.041474 0.384401 0.569514 0.000049 0.004561
0 4 0.495013 0.354034 0.138398 0.000190 0.012365
0 4 0.723747 0.214897 0.044800 0.000206 0.016349
0 4 0.508592 0.396070 0.090749 0.000357 0.004232
2 4 0.038987 0.457396 0.495830 0.000956 0.006832
0 4 0.402098 0.289611 0.135065 0.000138 0.173088
0 4 0.889911 0.074501 0.030746 0.000078 0.004764
2 0 0.306352 0.118853 0.566407 0.004424 0.003963
1 4 0.144430 0.381840 0.266301 0.000543 0.206885
1 4 0.123428 0.492404 0.153985 0.000815 0.229369
1 4 0.159432 0.482920 0.325363 0.000025 0.032260
0 4 0.412089 0.300049 0.253834 0.000195 0.033833
2 4 0.087439 0.263591 0.562903 0.001621 0.084447
2 4 0.395161 0.149942 0.447519 0.000680 0.006699
0 4 0.891122 0.069397 0.011965 0.000002 0.027514
0 4 0.887130 0.086999 0.015756 0.000020 0.010095
1 0 0.360470 0.517608 0.112949 0.001143 0.007831
2 4 0.131209 0.272412 0.381889 0.000666 0.213824
4 4 0.238017 0.082967 0.039016 0.004902 0.635099
1 4 0.198715 0.376542 0.115695 0.000945 0.308104
0 4 0.483125 0.214368 0.176761 0.008256 0.117491
0 4 0.775640 0.152596 0.033192 0.000106 0.038466
0 4 0.761995 0.030870 0.062904 0.001252 0.142979
0 4 0.913944 0.038201 0.020084 0.000336 0.027435
0 4 0.664706 0.118480 0.029371 0.000075 0.187369
2 4 0.045177 0.456222 0.469822 0.000227 0.028553
1 4 0.391533 0.448612 0.111596 0.000928 0.047330
1 4 0.262744 0.408912 0.261473 0.009058 0.057813
1 4 0.101455 0.497931 0.384138 0.005552 0.010924
2 4 0.066527 0.448174 0.457480 0.000261 0.027558
1 4 0.119450 0.453911 0.255830 0.000010 0.170799
2 2 0.064545 0.380020 0.524557 0.000015 0.030862
0 4 0.694634 0.128557 0.094500 0.000525 0.081784
0 2 0.366733 0.217329 0.327598 0.002203 0.086138
2 2 0.010397 0.152560 0.827263 0.000707 0.009072
2 2 0.012008 0.051708 0.900743 0.027562 0.007978
0 2 0.295362 0.174587 0.265927 0.000414 0.263710
0 1 0.369065 0.318338 0.243548 0.000168 0.068882
2 2 0.001743 0.048784 0.942740 0.000638 0.006095
2 2 0.004774 0.029169 0.954250 0.000243 0.011563
2 2 0.000135 0.000755 0.998943 0.000131 0.000035
2 2 0.000046 0.000583 0.999133 0.000176 0.000062
2 2 0.006930 0.018291 0.973978 0.000017 0.000784
2 2 0.000227 0.003381 0.995976 0.000137 0.000279
2 2 0.285931 0.072591 0.639552 0.000014 0.001912
2 1 0.000102 0.062779 0.932851 0.000838 0.003430
2 2 0.000461 0.001692 0.997266 0.000547 0.000033
2 2 0.000011 0.000230 0.999733 0.000020 0.000006
2 2 0.000001 0.000398 0.999194 0.000404 0.000003
2 2 0.000024 0.002711 0.996629 0.000511 0.000125
2 2 0.000000 0.000006 0.999514 0.000479 0.000001
2 2 0.000016 0.000103 0.999652 0.000224 0.000005
2 2 0.000003 0.000023 0.999903 0.000062 0.000010
2 2 0.000000 0.000009 0.999839 0.000150 0.000002
2 1 0.006370 0.183666 0.753078 0.000965 0.055921
2 2 0.000006 0.000531 0.994670 0.004788 0.000005
2 2 0.000000 0.000037 0.987158 0.012802 0.000003
2 2 0.000000 0.000153 0.994939 0.004907 0.000001
2 2 0.000005 0.000189 0.975315 0.024488 0.000002
2 2 0.000005 0.000580 0.989398 0.009973 0.000045
2 2 0.000170 0.011654 0.985979 0.002099 0.000099
2 2 0.000499 0.019772 0.966761 0.010830 0.002138
2 2 0.000000 0.000012 0.998013 0.001974 0.000001
2 3 0.000001 0.000113 0.979933 0.019953 0.000001
2 2 0.000000 0.000135 0.964458 0.035403 0.000004
3 2 0.000000 0.000009 0.364081 0.635910 0.000000
1 2 0.286881 0.444343 0.200735 0.034018 0.034023
2 1 0.009206 0.013685 0.535815 0.441032 0.000262
2 2 0.000002 0.000246 0.807596 0.192151 0.000005
2 2 0.000035 0.004319 0.972891 0.022669 0.000086
2 2 0.000000 0.000018 0.957313 0.042669 0.000000
2 2 0.000002 0.000359 0.999173 0.000450 0.000017
2 2 0.000002 0.000534 0.999073 0.000382 0.000009
2 3 0.000002 0.000454 0.998804 0.000734 0.000006
2 2 0.000038 0.000634 0.995156 0.004150 0.000022
2 3 0.000005 0.000193 0.953663 0.046138 0.000002
2 3 0.000005 0.000495 0.997927 0.001561 0.000012
2 2 0.000023 0.006322 0.988324 0.005003 0.000327
2 2 0.000032 0.000830 0.993281 0.005832 0.000025
2 2 0.000006 0.002668 0.995406 0.001892 0.000028
2 2 0.000021 0.000525 0.946347 0.053106 0.000001
2 2 0.000001 0.000056 0.996111 0.003832 0.000000
2 2 0.000013 0.002011 0.996918 0.001053 0.000005
2 2 0.000158 0.005330 0.991563 0.002932 0.000017
2 2 0.000005 0.000471 0.998237 0.001285 0.000002
2 2 0.000001 0.000124 0.999087 0.000787 0.000001
2 3 0.000000 0.000199 0.991991 0.007809 0.000001
2 2 0.000005 0.000510 0.997842 0.001643 0.000000
2 3 0.000034 0.000561 0.998166 0.001239 0.000001
2 2 0.000014 0.002180 0.995445 0.002342 0.000019
2 2 0.000001 0.000586 0.997665 0.001745 0.000003
2 2 0.000002 0.000103 0.999771 0.000122 0.000002
2 2 0.000000 0.000073 0.995267 0.004660 0.000000
2 2 0.000005 0.002591 0.996951 0.000442 0.000011
2 2 0.000165 0.006371 0.989665 0.003317 0.000482
2 2 0.000173 0.002689 0.994488 0.002626 0.000023
2 2 0.000017 0.000626 0.885972 0.113378 0.000007
2 2 0.000007 0.000738 0.992565 0.006687 0.000003
2 2 0.000053 0.001105 0.998525 0.000316 0.000000
2 2 0.000004 0.000220 0.994941 0.004835 0.000000
2 3 0.000003 0.000677 0.992840 0.006477 0.000003
2 2 0.000004 0.000546 0.735527 0.263894 0.000030
