0 0 0.630272 0.019418 0.005043 0.000010 0.345257
4 0 0.038835 0.009714 0.004503 0.000101 0.946846
4 1 0.016672 0.214526 0.228567 0.000148 0.540086
4 1 0.003974 0.280370 0.189289 0.000051 0.526317
4 1 0.039797 0.139532 0.052822 0.000007 0.767842
4 4 0.064643 0.161573 0.064461 0.000095 0.709227
4 4 0.031159 0.083994 0.014681 0.000009 0.870158
4 4 0.089975 0.448752 0.003916 0.000001 0.457356
2 4 0.096964 0.290233 0.380298 0.000948 0.231558
4 4 0.102874 0.195111 0.095731 0.000639 0.605645
4 4 0.006986 0.186159 0.291498 0.000001 0.515356
4 4 0.040442 0.238254 0.184436 0.000104 0.536764
4 4 0.071778 0.021133 0.009841 0.000068 0.897180
4 4 0.012495 0.240812 0.059911 0.000129 0.686652
2 4 0.040326 0.186687 0.596030 0.001513 0.175444
4 4 0.050932 0.092008 0.314579 0.015568 0.526913
4 4 0.017417 0.027996 0.044271 0.000113 0.910203
4 4 0.005952 0.020007 0.011387 0.000020 0.962635
4 4 0.006533 0.176919 0.229822 0.003538 0.583188
2 4 0.015793 0.215290 0.521717 0.000113 0.247087
4 2 0.003733 0.347063 0.152745 0.001132 0.495327
2 2 0.004838 0.225526 0.480401 0.004639 0.284596
4 2 0.020189 0.098996 0.223547 0.019125 0.638144
2 2 0.001195 0.054908 0.652381 0.008675 0.282841
2 2 0.000289 0.005243 0.993274 0.000869 0.000326
2 2 0.006037 0.030936 0.959494 0.000127 0.003405
3 2 0.000017 0.000390 0.386867 0.611433 0.001293
2 2 0.000204 0.005119 0.833695 0.159111 0.001871
2 3 0.000001 0.004008 0.810248 0.185058 0.000685
2 3 0.000072 0.004057 0.703480 0.291033 0.001358
2 3 0.000380 0.014300 0.545461 0.409485 0.030374
3 3 0.000415 0.002228 0.176449 0.817090 0.003818
3 3 0.000041 0.001786 0.386553 0.611503 0.000117
3 3 0.000332 0.013717 0.259039 0.720156 0.006757
3 3 0.000015 0.000102 0.015355 0.984230 0.000298
3 3 0.000006 0.000303 0.010439 0.989156 0.000096
3 3 0.000271 0.002133 0.044829 0.951899 0.000868
3 3 0.000011 0.000354 0.023978 0.975503 0.000153
3 3 0.000092 0.000618 0.035859 0.963410 0.000022
2 3 0.000074 0.009761 0.646573 0.343399 0.000193
3 3 0.000005 0.000026 0.005764 0.994176 0.000030
3 3 0.000007 0.000536 0.013489 0.985796 0.000171
3 3 0.000176 0.001731 0.030359 0.967456 0.000278
3 3 0.000023 0.000279 0.013537 0.986146 0.000015
3 3 0.000054 0.000070 0.011865 0.987877 0.000135
3 3 0.000005 0.000044 0.005190 0.994741 0.000020
3 3 0.000003 0.000019 0.004516 0.995445 0.000017
3 3 0.000000 0.000025 0.005274 0.994697 0.000003
3 3 0.000031 0.000208 0.013603 0.985983 0.000174
3 3 0.000063 0.000442 0.012909 0.986463 0.000123
3 3 0.000087 0.001917 0.047898 0.946712 0.003385
3 3 0.000615 0.000839 0.032691 0.964768 0.001087
3 3 0.000035 0.000198 0.010724 0.989027 0.000016
3 3 0.000004 0.000030 0.006243 0.993722 0.000001
3 3 0.000484 0.000255 0.045548 0.953525 0.000188
3 3 0.000017 0.000181 0.012843 0.986952 0.000006
3 3 0.000000 0.000049 0.003548 0.996393 0.000010
3 3 0.000000 0.000000 0.000133 0.999867 0.000000
3 3 0.000000 0.000002 0.000704 0.999294 0.000000
3 3 0.000270 0.001209 0.025607 0.972580 0.000334
3 3 0.000001 0.000086 0.004942 0.994952 0.000019
3 3 0.000000 0.000005 0.001243 0.998751 0.000001
3 3 0.000003 0.000011 0.002976 0.997009 0.000001
3 3 0.000005 0.000201 0.007939 0.991806 0.000049
3 3 0.000002 0.000023 0.005630 0.994314 0.000031
3 3 0.000001 0.000015 0.003475 0.996499 0.000010
3 3 0.000157 0.001505 0.030905 0.967283 0.000150
3 3 0.000932 0.017306 0.082798 0.890428 0.008535
3 3 0.000001 0.000013 0.001941 0.998043 0.000002
3 3 0.000001 0.000020 0.005496 0.994473 0.000011
3 3 0.000000 0.000001 0.000809 0.999190 0.000000
3 3 0.000000 0.000018 0.002822 0.997153 0.000006
3 3 0.000000 0.000000 0.000014 0.999986 0.000000
3 3 0.000001 0.000059 0.004126 0.995802 0.000012
3 3 0.000023 0.000284 0.009979 0.989641 0.000074
3 3 0.000002 0.000022 0.003361 0.996608 0.000008
3 3 0.000008 0.000340 0.014033 0.985598 0.000021
3 3 0.000002 0.000027 0.003323 0.996646 0.000002
3 3 0.000001 0.000005 0.001993 0.997998 0.000003
3 3 0.000075 0.001929 0.026526 0.970798 0.000672
3 3 0.000000 0.000002 0.000631 0.999368 0.000000
3 3 0.000000 0.000006 0.001994 0.997999 0.000000
3 3 0.000000 0.000003 0.000950 0.999046 0.000000
3 3 0.000019 0.000044 0.006725 0.993185 0.000027
3 3 0.000000 0.000001 0.001884 0.998115 0.000000
3 3 0.000149 0.000224 0.030227 0.969387 0.000013
3 3 0.000002 0.000022 0.002664 0.997308 0.000004
3 3 0.000001 0.000008 0.001556 0.998434 0.000001
3 3 0.000003 0.000007 0.003021 0.996967 0.000002
3 3 0.000004 0.000125 0.011829 0.987879 0.000163
3 3 0.000000 0.000006 0.001305 0.998688 0.000001
3 3 0.000031 0.000175 0.014828 0.984903 0.000063
3 3 0.000006 0.000061 0.004464 0.995457 0.000012
3 3 0.000002 0.000021 0.002903 0.997072 0.000002
3 3 0.004671 0.015901 0.095920 0.879357 0.004152
3 3 0.023911 0.024577 0.242415 0.708924 0.000174
3 3 0.000002 0.000021 0.002996 0.996979 0.000002
3 3 0.000016 0.000290 0.011664 0.987913 0.000117
3 3 0.000193 0.001951 0.146711 0.851115 0.000030
3 3 0.000009 0.000355 0.110416 0.889217 0.000003
3 3 0.000002 0.000061 0.022002 0.977927 0.000008
3 3 0.000003 0.000130 0.016529 0.983335 0.000004
3 3 0.000003 0.000092 0.015113 0.984780 0.000012
3 3 0.000005 0.000046 0.006488 0.993460 0.000001
3 3 0.000000 0.000001 0.000447 0.999552 0.000000
3 3 0.000372 0.001821 0.050505 0.947186 0.000116
3 3 0.000000 0.000004 0.001520 0.998476 0.000000
3 3 0.000001 0.000234 0.026793 0.972937 0.000034
3 3 0.000018 0.000195 0.020047 0.979733 0.000007
3 3 0.000020 0.000076 0.009964 0.989940 0.000001
3 3 0.000735 0.002463 0.082291 0.914407 0.000104
3 3 0.000985 0.020951 0.279341 0.697816 0.000907
3 3 0.000001 0.000348 0.166889 0.832630 0.000131
3 3 0.000082 0.001328 0.421642 0.576641 0.000306
3 3 0.000047 0.002462 0.414423 0.582912 0.000156
2 3 0.000084 0.007297 0.620626 0.370560 0.001432
3 3 0.000006 0.000009 0.003601 0.996373 0.000010
3 3 0.000001 0.000298 0.065734 0.933942 0.000024
3 3 0.000026 0.000555 0.223111 0.776299 0.000008
3 3 0.000006 0.000237 0.114905 0.884846 0.000006
3 3 0.000000 0.000002 0.006413 0.993586 0.000000
3 3 0.001046 0.006312 0.087636 0.904804 0.000202
0 3 0.849619 0.011258 0.126398 0.012118 0.000607
2 3 0.034152 0.245598 0.533820 0.148256 0.038174
3 3 0.000211 0.006034 0.164112 0.824760 0.004883
2 3 0.000335 0.015434 0.578381 0.402886 0.002965
3 3 0.000006 0.000709 0.258429 0.740849 0.000006
3 3 0.000001 0.001214 0.261450 0.737224 0.000111
3 3 0.000007 0.000352 0.205388 0.794231 0.000023
3 3 0.000077 0.001887 0.138011 0.859992 0.000033
3 3 0.001855 0.005384 0.069249 0.923114 0.000398
3 3 0.000000 0.000077 0.021335 0.978583 0.000005
3 3 0.000151 0.004746 0.069021 0.924563 0.001519
3 3 0.000001 0.000173 0.189205 0.810620 0.000002
3 3 0.000098 0.000849 0.129456 0.869550 0.000047
3 3 0.000012 0.001296 0.146427 0.852112 0.000153
3 3 0.000001 0.000048 0.025604 0.974346 0.000002
3 3 0.000000 0.000010 0.002985 0.997003 0.000001
3 3 0.000394 0.008415 0.077190 0.913194 0.000807
3 3 0.000011 0.000099 0.005816 0.994051 0.000022
2 3 0.011954 0.009130 0.610527 0.368352 0.000036
2 3 0.084753 0.210170 0.644984 0.056713 0.003380
2 3 0.000019 0.008377 0.789519 0.201659 0.000426
3 3 0.000092 0.018937 0.436610 0.542128 0.002233
2 3 0.102246 0.089995 0.706380 0.092425 0.008953
2 3 0.274140 0.124670 0.513068 0.048009 0.040112
3 3 0.000455 0.003813 0.153835 0.841779 0.000118
3 3 0.000049 0.000817 0.155836 0.843275 0.000023
3 3 0.000020 0.001180 0.386973 0.611817 0.000010
2 3 0.000453 0.000298 0.875261 0.123987 0.000000
3 3 0.000144 0.002504 0.216912 0.780389 0.000051
3 3 0.000000 0.000028 0.036691 0.963280 0.000000
2 3 0.000459 0.004367 0.523855 0.471185 0.000134
3 3 0.000014 0.002252 0.428027 0.569670 0.000038
3 3 0.000002 0.000071 0.016299 0.983624 0.000004
3 3 0.000085 0.001191 0.236367 0.762353 0.000004
2 3 0.004788 0.000917 0.808209 0.185886 0.000200
2 3 0.000251 0.001350 0.752374 0.245971 0.000053
3 3 0.000001 0.000466 0.096941 0.902543 0.000048
2 3 0.000069 0.009029 0.903440 0.079637 0.007825
2 2 0.010897 0.035851 0.471243 0.278629 0.203380
2 2 0.004634 0.037147 0.776159 0.117535 0.064524
2 2 0.002841 0.039099 0.611257 0.013706 0.333097
2 2 0.011158 0.129768 0.521101 0.038848 0.299126
2 2 0.000275 0.027747 0.905273 0.022277 0.044427
2 2 0.002996 0.038898 0.625309 0.066554 0.266244
2 2 0.000487 0.010329 0.745189 0.219181 0.024813
2 3 0.000659 0.028873 0.756501 0.186142 0.027825
2 3 0.001339 0.022448 0.776906 0.162381 0.036926
2 3 0.000102 0.016764 0.823657 0.149160 0.010316
2 3 0.000325 0.003749 0.988461 0.005760 0.001704
2 3 0.000014 0.000060 0.997415 0.002510 0.000000
2 3 0.000015 0.008262 0.974777 0.015311 0.001635
2 3 0.000064 0.010364 0.986349 0.001553 0.001669
1 3 0.143667 0.465400 0.316510 0.000429 0.073995
0 3 0.387723 0.341367 0.262513 0.000123 0.008275
0 3 0.884279 0.026036 0.016655 0.000038 0.072992
1 3 0.224467 0.425986 0.319189 0.002594 0.027764
1 3 0.213840 0.383741 0.228567 0.005428 0.168424
1 3 0.160479 0.417492 0.408824 0.000266 0.012939
0 3 0.535382 0.258675 0.145333 0.000104 0.060506
0 3 0.902594 0.070932 0.019120 0.000301 0.007054
0 0 0.965371 0.011165 0.006564 0.000048 0.016852
0 2 0.935373 0.043248 0.013967 0.000176 0.007236
0 1 0.577441 0.062717 0.174942 0.000920 0.183980
2 1 0.195216 0.263949 0.497336 0.003477 0.040022
1 1 0.287788 0.513523 0.134097 0.005686 0.058906
1 1 0.360526 0.573390 0.055243 0.000113 0.010728
0 1 0.409020 0.274077 0.148738 0.004788 0.163377
0 1 0.642531 0.110694 0.076091 0.003478 0.167207
0 1 0.394504 0.374699 0.203288 0.000275 0.027234
0 1 0.333457 0.285135 0.122539 0.000114 0.258755
0 1 0.459683 0.175109 0.215562 0.065264 0.084381
0 1 0.725062 0.106707 0.097609 0.001768 0.068854
0 1 0.561394 0.077306 0.321115 0.005333 0.034851
0 1 0.539641 0.135753 0.208503 0.045347 0.070757
0 1 0.751822 0.094978 0.046922 0.001938 0.104341
2 1 0.171087 0.341586 0.404745 0.007521 0.075061
0 1 0.925386 0.029431 0.026261 0.000745 0.018177
0 0 0.990946 0.005269 0.001996 0.000005 0.001783
0 0 0.869718 0.062798 0.042799 0.001801 0.022884
0 0 0.964155 0.019208 0.009033 0.000062 0.007542
0 0 0.624635 0.213620 0.148682 0.000190 0.012873
0 1 0.948567 0.031650 0.014616 0.000051 0.005116
0 1 0.909570 0.052834 0.029508 0.000062 0.008026
0 1 0.703357 0.153705 0.085956 0.003926 0.053056
0 1 0.820026 0.144361 0.028772 0.000378 0.006463
0 1 0.949059 0.037203 0.011012 0.000069 0.002657
0 1 0.984824 0.009397 0.003315 0.000012 0.002452
0 1 0.994125 0.004978 0.000731 0.000000 0.000166
0 1 0.853170 0.086978 0.035535 0.001201 0.023115
0 1 0.775270 0.135767 0.074367 0.000292 0.014305
1 1 0.062527 0.513133 0.389762 0.001915 0.032663
0 1 0.496293 0.388216 0.112918 0.000097 0.002476
0 1 0.599692 0.212285 0.146060 0.001805 0.040158
0 1 0.962305 0.024001 0.010536 0.000014 0.003144
2 1 0.162564 0.320773 0.509971 0.002317 0.004376
0 1 0.429157 0.259234 0.290596 0.007475 0.013537
2 1 0.108576 0.345571 0.541171 0.000803 0.003880
0 1 0.613945 0.291458 0.090625 0.000141 0.003831
0 1 0.896026 0.025482 0.076614 0.000010 0.001868
0 0 0.996529 0.002788 0.000538 0.000000 0.000145
0 0 0.986112 0.008075 0.003036 0.000010 0.002766
0 0 0.984411 0.011770 0.002438 0.000005 0.001377
0 0 0.958553 0.030183 0.008786 0.000026 0.002453
0 0 0.969264 0.017271 0.007201 0.000056 0.006207
0 0 0.958640 0.029593 0.008154 0.000059 0.003555
0 0 0.986870 0.007687 0.003924 0.000002 0.001517
0 0 0.978102 0.013190 0.004922 0.000026 0.003759
0 0 0.994474 0.004078 0.000979 0.000001 0.000468
0 0 0.990504 0.005023 0.002153 0.000006 0.002315
0 0 0.969288 0.014980 0.007383 0.000063 0.008286
0 0 0.985477 0.010276 0.002872 0.000007 0.001368
0 0 0.944793 0.036061 0.015918 0.000017 0.003211
0 0 0.979070 0.012378 0.004738 0.000024 0.003790
0 0 0.979012 0.016994 0.003148 0.000008 0.000837
0 0 0.979409 0.013507 0.004380 0.000018 0.002686
0 0 0.837045 0.133126 0.026358 0.000055 0.003415
0 0 0.628269 0.255097 0.114006 0.000165 0.002463
0 0 0.983816 0.013551 0.002395 0.000001 0.000238
0 0 0.964521 0.025921 0.005922 0.000014 0.003622
0 0 0.976993 0.019139 0.003512 0.000002 0.000353
0 1 0.989175 0.006868 0.003660 0.000008 0.000289
0 1 0.938631 0.049916 0.008099 0.000008 0.003345
0 1 0.903136 0.083893 0.010708 0.000065 0.002199
0 1 0.888254 0.071477 0.017463 0.000177 0.022628
0 1 0.989796 0.008455 0.001398 0.000002 0.000349
0 1 0.986274 0.012013 0.001604 0.000000 0.000109
0 1 0.700263 0.240455 0.057738 0.000036 0.001508
0 1 0.944875 0.046087 0.008117 0.000014 0.000906
0 1 0.995176 0.002729 0.001103 0.000001 0.000991
0 1 0.995084 0.004130 0.000630 0.000000 0.000155
0 1 0.725239 0.194165 0.065460 0.000335 0.014801
0 0 0.475294 0.312906 0.203159 0.001105 0.007536
0 0 0.964991 0.023695 0.005577 0.000020 0.005719
0 1 0.597669 0.221390 0.088151 0.000036 0.092754
0 1 0.955605 0.028357 0.005866 0.000019 0.010154
0 1 0.486837 0.259530 0.018185 0.000066 0.235382
0 1 0.893602 0.056202 0.031980 0.000287 0.017929
1 1 0.231553 0.654507 0.104982 0.000032 0.008926
0 0 0.984179 0.009396 0.003536 0.000014 0.002874
0 0 0.960666 0.028261 0.005021 0.000013 0.006039
0 0 0.849322 0.107519 0.040073 0.000036 0.003050
0 0 0.983629 0.015178 0.001113 0.000001 0.000078
0 1 0.676227 0.262379 0.048109 0.000065 0.013219
0 1 0.742763 0.135484 0.078919 0.000118 0.042717
0 1 0.483501 0.422147 0.077828 0.000014 0.016509
0 0 0.463099 0.340292 0.168115 0.002577 0.025917
0 0 0.961085 0.000307 0.000080 0.000000 0.038528
0 0 0.999949 0.000014 0.000008 0.000000 0.000030
0 0 0.834669 0.104213 0.043057 0.000720 0.017341
0 1 0.895589 0.034370 0.039715 0.000140 0.030185
1 1 0.284943 0.398024 0.267737 0.000875 0.048419
0 1 0.430650 0.412195 0.143446 0.000150 0.013560
1 1 0.241386 0.511357 0.223611 0.002010 0.021636
1 1 0.261584 0.500212 0.235252 0.000020 0.002931
0 1 0.697126 0.275670 0.021678 0.000189 0.005338
0 1 0.796341 0.179162 0.021362 0.000229 0.002907
1 1 0.168461 0.444139 0.299010 0.018821 0.069569
0 1 0.658406 0.218096 0.103586 0.000817 0.019095
1 1 0.083804 0.710718 0.186928 0.000153 0.018397
1 1 0.209940 0.541879 0.227209 0.000315 0.020657
0 1 0.725136 0.204321 0.049726 0.001889 0.018927
0 0 0.905962 0.071898 0.017781 0.000138 0.004221
0 1 0.618993 0.273321 0.085034 0.003114 0.019538
0 1 0.820238 0.150294 0.024648 0.000016 0.004805
0 1 0.475696 0.305652 0.183241 0.000386 0.035025
0 1 0.584843 0.232553 0.169674 0.000183 0.012747
0 1 0.410230 0.349534 0.128814 0.000270 0.111152
0 1 0.596977 0.243983 0.091243 0.000055 0.067742
0 1 0.392519 0.314085 0.149282 0.003187 0.140927
0 1 0.743326 0.141425 0.080220 0.000357 0.034672
2 1 0.035623 0.333297 0.622199 0.000239 0.008641
0 1 0.645953 0.265808 0.080104 0.000385 0.007750
0 1 0.517152 0.303885 0.164295 0.000557 0.014112
1 1 0.265269 0.584934 0.133856 0.000278 0.015663
0 1 0.771149 0.177791 0.046530 0.000064 0.004467
0 1 0.919904 0.051396 0.021572 0.000094 0.007035
1 1 0.175580 0.431906 0.384339 0.000209 0.007966
0 1 0.972145 0.015068 0.008357 0.000012 0.004418
0 1 0.889996 0.079878 0.026508 0.000052 0.003567
0 1 0.666226 0.208822 0.117007 0.000114 0.007830
0 1 0.444670 0.419213 0.124999 0.000491 0.010627
0 1 0.429033 0.404825 0.145514 0.002997 0.017631
0 1 0.923241 0.054181 0.015877 0.000214 0.006487
0 1 0.684062 0.219603 0.088575 0.000229 0.007531
1 1 0.232209 0.578363 0.171455 0.000525 0.017448
0 1 0.697182 0.155870 0.140681 0.000561 0.005706
1 1 0.213659 0.490308 0.282072 0.001204 0.012758
0 1 0.530852 0.332628 0.118199 0.001997 0.016325
0 1 0.882223 0.042135 0.022889 0.000187 0.052567
0 1 0.836959 0.101596 0.045023 0.000511 0.015910
1 1 0.312823 0.507187 0.163998 0.001009 0.014982
0 1 0.570518 0.239973 0.097731 0.004251 0.087527
0 1 0.924372 0.056968 0.013905 0.000156 0.004599
0 1 0.739406 0.183859 0.041165 0.001021 0.034549
0 1 0.906426 0.059760 0.021300 0.000414 0.012100
0 1 0.915934 0.063393 0.015460 0.000191 0.005022
0 1 0.736202 0.152313 0.088715 0.000091 0.022679
0 1 0.491888 0.344024 0.126351 0.000436 0.037301
1 1 0.205010 0.663312 0.120133 0.000127 0.011418
1 1 0.327596 0.477272 0.158334 0.003071 0.033728
0 1 0.903574 0.076257 0.015439 0.000148 0.004582
0 1 0.735784 0.181866 0.071506 0.000401 0.010443
0 1 0.465897 0.340204 0.177194 0.000169 0.016536
0 1 0.877285 0.073217 0.033474 0.000057 0.015968
0 1 0.836579 0.126509 0.030359 0.000271 0.006282
0 1 0.979580 0.012295 0.005019 0.000014 0.003092
1 1 0.375492 0.488452 0.110042 0.001256 0.024757
1 1 0.289379 0.608145 0.094701 0.000093 0.007682
1 1 0.193124 0.604902 0.159879 0.000063 0.042032
0 1 0.434276 0.416627 0.135876 0.000036 0.013185
0 1 0.992510 0.005788 0.000893 0.000000 0.000808
0 1 0.948305 0.039979 0.008013 0.000044 0.003658
0 1 0.860949 0.101455 0.033486 0.000073 0.004036
0 1 0.466475 0.394147 0.093748 0.000010 0.045621
1 1 0.176338 0.620149 0.181109 0.000623 0.021781
0 1 0.802539 0.128367 0.047008 0.000019 0.022067
1 1 0.413743 0.465770 0.101597 0.001187 0.017704
1 1 0.152017 0.624000 0.209215 0.000336 0.014431
0 1 0.892206 0.057955 0.013740 0.000094 0.036005
1 1 0.384790 0.497404 0.082655 0.000035 0.035116
1 1 0.353678 0.526629 0.063321 0.000098 0.056275
1 1 0.058544 0.768414 0.129791 0.000117 0.043135
1 1 0.168005 0.367689 0.307565 0.003214 0.153526
2 1 0.248548 0.262544 0.408180 0.000094 0.080634
1 1 0.138379 0.580383 0.266347 0.000517 0.014373
0 1 0.566850 0.326792 0.083608 0.000375 0.022375
0 1 0.717414 0.192681 0.072708 0.001062 0.016134
0 1 0.639737 0.188683 0.151811 0.000281 0.019488
0 1 0.529404 0.327554 0.099646 0.010857 0.032538
0 1 0.916861 0.064789 0.009591 0.000042 0.008717
1 1 0.066135 0.566497 0.341515 0.000841 0.025012
2 1 0.056359 0.413015 0.505001 0.002665 0.022960
1 1 0.234180 0.551477 0.203618 0.000434 0.010291
1 1 0.197946 0.540897 0.252935 0.000341 0.007881
1 1 0.145695 0.570063 0.268968 0.000630 0.014644
1 1 0.090595 0.601362 0.288255 0.000522 0.019266
2 1 0.008465 0.102703 0.865657 0.021628 0.001547
2 1 0.000168 0.006648 0.972020 0.021159 0.000005
2 1 0.009407 0.085943 0.900092 0.004388 0.000170
2 2 0.001623 0.011579 0.984885 0.001902 0.000012
2 2 0.000039 0.004148 0.989233 0.006578 0.000002
2 2 0.000109 0.002853 0.995676 0.001363 0.000000
2 2 0.000026 0.001220 0.995051 0.003703 0.000000
2 2 0.000307 0.004123 0.994706 0.000863 0.000000
2 2 0.000060 0.001126 0.894038 0.104764 0.000012
2 2 0.000165 0.001748 0.975715 0.022369 0.000003
2 2 0.000792 0.003956 0.983728 0.011514 0.000011
2 2 0.000171 0.010218 0.988753 0.000856 0.000003
2 2 0.001518 0.010332 0.987507 0.000623 0.000021
2 2 0.018243 0.018284 0.954700 0.008669 0.000103
2 2 0.000006 0.001903 0.997112 0.000978 0.000001
2 2 0.000029 0.004609 0.994875 0.000486 0.000001
2 2 0.000245 0.010886 0.988370 0.000498 0.000001
2 2 0.001193 0.047497 0.950450 0.000769 0.000091
0 0 0.999897 0.000083 0.000014 0.000000 0.000007
0 0 0.474193 0.272869 0.050564 0.001277 0.201097
0 0 0.965213 0.015437 0.011369 0.000022 0.007958
0 1 0.682181 0.210789 0.078981 0.002760 0.025289
2 1 0.042511 0.119975 0.784891 0.009287 0.043336
2 1 0.002033 0.029825 0.956365 0.001670 0.010107
2 2 0.000548 0.002223 0.993897 0.002218 0.001114
2 2 0.000616 0.024746 0.973438 0.000299 0.000901
2 2 0.002336 0.002003 0.995659 0.000002 0.000001
2 2 0.017659 0.018717 0.963449 0.000003 0.000172
2 2 0.000012 0.003503 0.996349 0.000133 0.000002
2 2 0.000495 0.003800 0.994312 0.001351 0.000042
2 2 0.000049 0.015936 0.982964 0.001034 0.000017
2 2 0.002488 0.012847 0.968066 0.016046 0.000552
2 2 0.001266 0.035784 0.948187 0.011742 0.003021
2 2 0.000752 0.006775 0.976888 0.015457 0.000127
2 3 0.000152 0.012606 0.959160 0.027756 0.000326
2 3 0.000031 0.003383 0.977082 0.019376 0.000127
2 3 0.000004 0.002718 0.805425 0.191844 0.000009
2 3 0.000071 0.016126 0.929584 0.053274 0.000946
3 3 0.000000 0.000188 0.332093 0.667716 0.000003
3 3 0.000398 0.001468 0.271578 0.726541 0.000015
3 3 0.000010 0.002987 0.356946 0.639915 0.000142
3 3 0.000042 0.001541 0.297198 0.701197 0.000023
3 3 0.000020 0.000859 0.113048 0.886007 0.000065
3 3 0.001218 0.009621 0.336794 0.652208 0.000160
0 0 0.995544 0.003335 0.000767 0.000001 0.000354
0 0 0.969981 0.026833 0.002547 0.000003 0.000636
2 1 0.332277 0.279850 0.367081 0.000222 0.020569
2 1 0.007588 0.242469 0.736415 0.003192 0.010336
2 1 0.001226 0.053364 0.905287 0.037313 0.002810
2 1 0.000021 0.003589 0.985207 0.011152 0.000032
2 2 0.000001 0.001425 0.998451 0.000122 0.000001
2 2 0.000006 0.003384 0.995969 0.000630 0.000011
2 2 0.000272 0.007194 0.992104 0.000410 0.000020
2 2 0.000571 0.000543 0.998520 0.000364 0.000002
2 2 0.000052 0.004053 0.988992 0.006901 0.000002
2 2 0.000004 0.003705 0.959345 0.036915 0.000032
2 2 0.000022 0.005499 0.991878 0.002595 0.000005
2 2 0.000444 0.003201 0.996108 0.000239 0.000008
3 2 0.000012 0.001132 0.495029 0.503822 0.000004
2 2 0.000405 0.001004 0.634735 0.363835 0.000021
2 2 0.000002 0.000361 0.506696 0.492939 0.000001
2 2 0.000006 0.003232 0.502770 0.493954 0.000039
2 2 0.000300 0.032527 0.914382 0.052596 0.000196
3 2 0.005103 0.045775 0.294747 0.642548 0.011827
3 3 0.000046 0.002665 0.284263 0.712727 0.000299
3 3 0.000171 0.000086 0.020811 0.978921 0.000011
3 3 0.000003 0.000041 0.015365 0.984573 0.000018
3 3 0.000004 0.000125 0.020350 0.979515 0.000006
3 3 0.000004 0.000020 0.003379 0.996593 0.000005
3 3 0.000000 0.000014 0.001938 0.998045 0.000002
3 3 0.000000 0.000005 0.001167 0.998827 0.000001
3 3 0.000000 0.000004 0.001065 0.998930 0.000001
3 3 0.000000 0.000014 0.001846 0.998138 0.000002
3 3 0.000026 0.000069 0.010049 0.989854 0.000002
3 3 0.000108 0.000667 0.021995 0.977030 0.000201
3 3 0.000480 0.000817 0.037530 0.961134 0.000040
3 3 0.000065 0.000746 0.016673 0.982291 0.000225
3 3 0.000001 0.000011 0.001728 0.998259 0.000002
3 3 0.000000 0.000001 0.000623 0.999376 0.000000
3 3 0.000004 0.000040 0.003554 0.996394 0.000008
3 3 0.000000 0.000000 0.000627 0.999373 0.000000
3 3 0.000000 0.000004 0.001295 0.998701 0.000000
3 3 0.000004 0.000036 0.003842 0.996114 0.000004
3 3 0.000248 0.003464 0.046518 0.949359 0.000412
3 3 0.000082 0.000139 0.012813 0.986823 0.000143
3 3 0.000045 0.000321 0.011133 0.988425 0.000077
3 3 0.000001 0.000015 0.002082 0.997900 0.000002
3 3 0.000001 0.000016 0.002357 0.997624 0.000002
3 3 0.020841 0.012731 0.182187 0.781789 0.002452
3 3 0.000053 0.000383 0.014495 0.985029 0.000040
3 3 0.000579 0.000258 0.036687 0.962440 0.000036
3 3 0.015749 0.010956 0.156132 0.813493 0.003669
3 3 0.000082 0.000257 0.018218 0.981440 0.000003
3 3 0.000035 0.000214 0.010409 0.989319 0.000024
3 3 0.000001 0.000023 0.002526 0.997447 0.000004
3 3 0.000008 0.000238 0.008755 0.990939 0.000060
3 3 0.000001 0.000029 0.002779 0.997187 0.000005
3 3 0.000002 0.000026 0.002823 0.997144 0.000005
3 3 0.000022 0.000021 0.007921 0.992034 0.000002
3 3 0.000004 0.000044 0.003762 0.996181 0.000009
3 3 0.000038 0.000024 0.008238 0.991637 0.000063
3 3 0.000005 0.000067 0.007555 0.992349 0.000023
3 3 0.000000 0.000000 0.000391 0.999608 0.000000
3 3 0.000001 0.000012 0.001836 0.998150 0.000002
3 3 0.000026 0.000082 0.009239 0.990648 0.000005
3 3 0.000204 0.000181 0.024034 0.975569 0.000012
3 3 0.000002 0.000024 0.002716 0.997254 0.000004
3 3 0.000000 0.000002 0.001143 0.998854 0.000000
3 3 0.000002 0.000037 0.003674 0.996283 0.000004
3 3 0.000527 0.007399 0.093283 0.898530 0.000262
3 3 0.000000 0.000000 0.000235 0.999765 0.000000
3 3 0.000001 0.000143 0.006323 0.993500 0.000033
3 3 0.000001 0.000042 0.006094 0.993826 0.000037
3 3 0.000000 0.000000 0.000263 0.999737 0.000000
3 3 0.000151 0.000153 0.023499 0.976194 0.000002
3 3 0.000000 0.000002 0.000795 0.999202 0.000000
3 3 0.000405 0.001222 0.028899 0.968714 0.000761
3 3 0.000074 0.004012 0.048758 0.945764 0.001392
3 3 0.000028 0.002160 0.045191 0.952017 0.000604
3 3 0.000412 0.004132 0.123336 0.871777 0.000342
2 3 0.089758 0.193987 0.679904 0.004873 0.031477
2 3 0.018167 0.227957 0.736283 0.002660 0.014932
4 2 0.126658 0.073542 0.090901 0.001625 0.707273
2 2 0.002930 0.090929 0.819433 0.003917 0.082791
3 2 0.001293 0.015805 0.472113 0.510427 0.000361
2 2 0.003845 0.126438 0.769731 0.071639 0.028346
2 2 0.005001 0.134418 0.516923 0.023765 0.319892
4 2 0.010383 0.120414 0.345643 0.008578 0.514981
2 2 0.009051 0.060850 0.854296 0.018244 0.057559
2 2 0.013853 0.043572 0.611290 0.004124 0.327161
4 2 0.044896 0.118705 0.246844 0.107371 0.482184
2 2 0.008153 0.191613 0.499075 0.003667 0.297492
4 2 0.029911 0.164118 0.173302 0.004955 0.627714
4 2 0.011346 0.222372 0.303204 0.009357 0.453721
4 2 0.031185 0.194386 0.205564 0.003087 0.565779
2 2 0.019832 0.117324 0.714569 0.000694 0.147581
2 2 0.002962 0.150706 0.600788 0.005121 0.240422
4 2 0.019286 0.217464 0.115872 0.002734 0.644644
4 2 0.006159 0.070024 0.283813 0.000436 0.639567
2 2 0.005091 0.185766 0.628054 0.000009 0.181080
4 2 0.003919 0.240865 0.284478 0.002288 0.468450
2 2 0.003681 0.140585 0.635105 0.013733 0.206896
4 2 0.002415 0.082259 0.324896 0.000295 0.590135
4 2 0.022483 0.147975 0.218300 0.005963 0.605279
4 2 0.021985 0.095817 0.113513 0.002183 0.766502
4 2 0.093463 0.069840 0.050604 0.000881 0.785213
4 2 0.031140 0.208260 0.270606 0.001505 0.488489
4 1 0.011130 0.141904 0.236260 0.005337 0.605369
4 1 0.070186 0.124998 0.054900 0.000103 0.749812
4 1 0.227255 0.057241 0.048834 0.000039 0.666630
4 1 0.013862 0.114691 0.055175 0.000710 0.815562
4 1 0.039005 0.029873 0.049771 0.000429 0.880923
0 1 0.863587 0.041531 0.045652 0.000100 0.049130
0 1 0.488297 0.286704 0.128478 0.000115 0.096405
4 1 0.186763 0.183818 0.276648 0.000816 0.351955
2 1 0.121109 0.128441 0.494485 0.002699 0.253265
2 1 0.031931 0.172459 0.464564 0.015808 0.315237
4 1 0.028293 0.047839 0.223692 0.007172 0.693005
4 1 0.043912 0.146800 0.235646 0.028720 0.544921
4 1 0.005336 0.100306 0.434945 0.001743 0.457671
2 1 0.001066 0.045962 0.880585 0.033960 0.038426
2 2 0.013073 0.170399 0.710932 0.000801 0.104794
1 2 0.144112 0.367077 0.298510 0.002289 0.188012
0 2 0.610679 0.130149 0.094855 0.000128 0.164189
0 2 0.876264 0.092002 0.029559 0.000022 0.002152
0 2 0.672163 0.240857 0.066860 0.000209 0.019912
1 2 0.311456 0.330443 0.067945 0.000468 0.289688
4 2 0.407191 0.063714 0.026189 0.000575 0.502331
1 2 0.101413 0.444360 0.407803 0.006939 0.039484
1 2 0.327390 0.336950 0.248298 0.006337 0.081026
4 2 0.131537 0.039316 0.036207 0.000238 0.792702
4 2 0.103687 0.400552 0.064150 0.000234 0.431377
4 2 0.071258 0.078972 0.024811 0.001558 0.823401
4 2 0.182131 0.229189 0.065922 0.005583 0.517175
0 2 0.773832 0.156633 0.048439 0.002059 0.019036
4 1 0.275165 0.131323 0.192869 0.000339 0.400304
0 0 0.592404 0.318876 0.078807 0.001243 0.008671
0 0 0.851550 0.114732 0.028872 0.000050 0.004796
0 1 0.655736 0.201402 0.087005 0.000870 0.054986
0 1 0.893700 0.081138 0.019162 0.000287 0.005713
0 1 0.752786 0.156339 0.062852 0.000190 0.027832
0 1 0.894578 0.061780 0.025394 0.000618 0.017630
0 1 0.785257 0.078571 0.065807 0.001037 0.069328
1 1 0.226560 0.572906 0.159838 0.000563 0.040133
0 1 0.883960 0.062780 0.014710 0.000007 0.038543
0 1 0.976228 0.015353 0.004503 0.000018 0.003898
0 1 0.888910 0.070886 0.014479 0.000060 0.025665
0 1 0.792526 0.146510 0.022957 0.000212 0.037795
1 1 0.256161 0.602944 0.106235 0.000055 0.034604
1 1 0.336790 0.524239 0.104474 0.000013 0.034484
0 1 0.515046 0.422402 0.045302 0.000237 0.017012
1 1 0.327843 0.511823 0.138637 0.001327 0.020369
0 1 0.793866 0.132884 0.047117 0.000362 0.025772
0 1 0.683868 0.167533 0.038148 0.000236 0.110216
0 1 0.904138 0.029769 0.007308 0.000023 0.058762
0 1 0.978151 0.010329 0.004259 0.000018 0.007243
0 1 0.955252 0.024017 0.005770 0.000019 0.014942
0 1 0.960064 0.026161 0.004072 0.000007 0.009696
1 1 0.403257 0.464444 0.106504 0.000161 0.025634
1 0 0.408405 0.552151 0.010298 0.000013 0.029133
0 0 0.707843 0.145742 0.060768 0.001157 0.084490
0 1 0.909386 0.058632 0.016974 0.000208 0.014801
0 1 0.605413 0.255241 0.070964 0.000024 0.068359
0 1 0.636197 0.161449 0.081725 0.000383 0.120246
1 1 0.084257 0.362926 0.329114 0.000174 0.223528
0 1 0.334840 0.259097 0.270688 0.000412 0.134964
1 1 0.232018 0.398060 0.151193 0.001268 0.217462
4 1 0.130885 0.261571 0.283444 0.035903 0.288196
0 4 0.696182 0.102017 0.117173 0.000798 0.083830
0 4 0.661430 0.129549 0.088893 0.001055 0.119073
0 4 0.648828 0.104320 0.055889 0.000042 0.190921
0 4 0.600531 0.042408 0.012301 0.000072 0.344689
1 4 0.072944 0.479696 0.236035 0.021473 0.189851
0 4 0.533812 0.221796 0.073798 0.002168 0.168426
1 4 0.241516 0.385433 0.270603 0.021283 0.081166
2 4 0.016925 0.409526 0.527170 0.002201 0.044178
2 4 0.014848 0.129125 0.850275 0.000398 0.005355
2 4 0.132130 0.358225 0.489201 0.000095 0.020350
0 4 0.784385 0.102102 0.058307 0.000071 0.055135
1 4 0.083389 0.567716 0.140074 0.000142 0.208680
0 4 0.933804 0.037044 0.014365 0.000184 0.014604
0 4 0.835085 0.089894 0.022004 0.000247 0.052770
0 4 0.544952 0.178334 0.176574 0.004277 0.095864
0 4 0.611869 0.169776 0.118605 0.000086 0.099665
0 4 0.744770 0.039287 0.047436 0.000121 0.168386
4 4 0.146809 0.271076 0.105239 0.000216 0.476659
0 4 0.500935 0.200948 0.040194 0.000764 0.257160
0 4 0.643638 0.207008 0.076099 0.000011 0.073245
4 4 0.252411 0.178073 0.136939 0.001036 0.431541
4 4 0.223474 0.200116 0.185420 0.000087 0.390903
2 4 0.025542 0.213180 0.715410 0.001328 0.044541
4 4 0.064388 0.309867 0.133896 0.000664 0.491185
1 4 0.107347 0.354558 0.316702 0.000356 0.221037
0 4 0.548482 0.121639 0.049621 0.000382 0.279877
4 4 0.025416 0.051543 0.066391 0.000139 0.856511
4 4 0.064673 0.135080 0.092535 0.002034 0.705677
2 1 0.009261 0.064427 0.856978 0.001365 0.067969
2 1 0.023512 0.032849 0.921313 0.000865 0.021462
2 2 0.002045 0.002942 0.992406 0.002227 0.000379
2 2 0.034330 0.006933 0.957710 0.000272 0.000754
2 2 0.002864 0.069986 0.926434 0.000064 0.000651
2 2 0.001623 0.012307 0.984685 0.000031 0.001354
2 2 0.000346 0.008763 0.990800 0.000013 0.000078
2 2 0.001756 0.003394 0.994706 0.000046 0.000097
2 2 0.000730 0.029831 0.968542 0.000125 0.000772
2 2 0.005920 0.037886 0.953868 0.001829 0.000497
2 2 0.000179 0.009520 0.986361 0.001936 0.002003
2 2 0.000292 0.002400 0.997231 0.000011 0.000066
2 2 0.002618 0.079172 0.917742 0.000002 0.000466
2 2 0.014567 0.039816 0.942098 0.000077 0.003442
2 2 0.000445 0.002733 0.996193 0.000618 0.000012
2 2 0.001294 0.003248 0.994480 0.000908 0.000070
2 2 0.002182 0.016044 0.979124 0.000021 0.002629
2 2 0.004207 0.021239 0.972610 0.000407 0.001538
2 2 0.000022 0.013697 0.958827 0.026811 0.000643
2 2 0.000114 0.004196 0.994614 0.001012 0.000064
2 2 0.000762 0.014798 0.984248 0.000017 0.000175
2 2 0.004161 0.036529 0.958042 0.000893 0.000376
2 2 0.050511 0.075567 0.860392 0.000479 0.013051
2 2 0.062219 0.187342 0.480961 0.003113 0.266365
2 2 0.003579 0.003086 0.993209 0.000116 0.000010
2 2 0.000116 0.005259 0.993560 0.001056 0.000008
2 2 0.000074 0.005012 0.993402 0.001502 0.000010
2 2 0.021040 0.049731 0.926506 0.002171 0.000552
0 2 0.696033 0.196420 0.102680 0.000050 0.004817
1 2 0.395901 0.444613 0.154412 0.000299 0.004775
2 2 0.107492 0.320200 0.539347 0.008706 0.024256
2 2 0.026517 0.120958 0.847265 0.004096 0.001165
1 2 0.091250 0.607022 0.239092 0.002336 0.060300
1 2 0.154648 0.361926 0.183997 0.001286 0.298143
1 2 0.056660 0.499768 0.423133 0.000301 0.020138
1 2 0.231718 0.639445 0.108694 0.000053 0.020089
1 1 0.009546 0.437361 0.435618 0.003421 0.114053
2 1 0.048866 0.209121 0.725014 0.000861 0.016137
2 1 0.000579 0.003689 0.991706 0.003720 0.000305
2 2 0.000419 0.000995 0.998318 0.000265 0.000004
2 2 0.000021 0.002455 0.997481 0.000026 0.000017
2 2 0.009806 0.001044 0.988223 0.000880 0.000047
2 2 0.000047 0.004135 0.995249 0.000538 0.000031
2 2 0.000120 0.003054 0.995705 0.001100 0.000020
2 2 0.001928 0.004394 0.993465 0.000156 0.000057
2 2 0.005187 0.009553 0.984994 0.000233 0.000032
2 2 0.000607 0.082702 0.914753 0.001311 0.000628
2 2 0.077801 0.166927 0.746877 0.002964 0.005432
2 2 0.000025 0.000478 0.998548 0.000945 0.000005
2 2 0.000836 0.031719 0.965120 0.001838 0.000487
2 2 0.000102 0.004998 0.991877 0.002982 0.000040
2 2 0.000043 0.004578 0.993736 0.001639 0.000004
2 2 0.000041 0.001006 0.995522 0.003431 0.000000
2 2 0.000140 0.001955 0.995626 0.002277 0.000001
2 2 0.000230 0.004270 0.995443 0.000048 0.000009
2 2 0.000045 0.000770 0.998900 0.000282 0.000003
2 2 0.000884 0.002222 0.989526 0.007203 0.000165
2 2 0.001086 0.003611 0.990756 0.003679 0.000867
2 2 0.000519 0.011919 0.980299 0.006955 0.000308
2 2 0.014828 0.022869 0.960719 0.000350 0.001234
2 2 0.000007 0.001482 0.998398 0.000111 0.000001
2 2 0.000022 0.001418 0.921630 0.076927 0.000003
2 2 0.113156 0.413322 0.459348 0.003268 0.010906
0 2 0.544909 0.110541 0.298439 0.003307 0.042803
1 2 0.060673 0.494143 0.413420 0.000080 0.031684
2 2 0.171238 0.332960 0.492874 0.000708 0.002221
0 0 0.999983 0.000017 0.000000 0.000000 0.000000
0 0 0.999951 0.000033 0.000013 0.000000 0.000003
0 0 0.791535 0.132418 0.056130 0.000654 0.019263
0 0 0.846372 0.087023 0.043804 0.000088 0.022713
1 0 0.033320 0.553619 0.188071 0.002067 0.222922
1 0 0.175898 0.406278 0.284768 0.000465 0.132591
0 0 0.549162 0.210655 0.180901 0.000097 0.059185
1 0 0.210487 0.347449 0.328951 0.004467 0.108646
0 0 0.655157 0.194647 0.116899 0.000340 0.032957
1 1 0.190662 0.381947 0.346797 0.000752 0.079841
0 1 0.965896 0.019717 0.005853 0.000003 0.008532
1 1 0.181146 0.553836 0.181476 0.000019 0.083524
1 1 0.303367 0.368408 0.318925 0.000150 0.009151
1 1 0.322809 0.507503 0.164983 0.000165 0.004541
1 1 0.326040 0.340945 0.238203 0.002156 0.092656
2 1 0.277130 0.268398 0.419838 0.003265 0.031369
1 1 0.151927 0.530673 0.200153 0.002258 0.114989
1 1 0.160928 0.451917 0.316131 0.000252 0.070772
2 1 0.192084 0.138552 0.587519 0.022410 0.059434
0 1 0.728061 0.160697 0.095104 0.000387 0.015751
0 1 0.821701 0.133266 0.026034 0.000376 0.018623
1 1 0.344523 0.366837 0.204603 0.001455 0.082582
0 1 0.708519 0.104308 0.169183 0.000871 0.017119
1 1 0.046588 0.695753 0.212992 0.000408 0.044258
0 1 0.975681 0.012453 0.007571 0.000061 0.004233
0 1 0.953699 0.027100 0.010847 0.000119 0.008236
1 1 0.251387 0.398673 0.319410 0.003787 0.026743
1 1 0.428652 0.452026 0.105958 0.000647 0.012717
2 1 0.004679 0.255076 0.731293 0.000472 0.008480
2 1 0.011384 0.081763 0.895368 0.003656 0.007829
2 1 0.180015 0.278556 0.510605 0.000422 0.030401
0 1 0.882393 0.042527 0.062534 0.000018 0.012528
0 1 0.325223 0.284431 0.284426 0.000033 0.105887
1 1 0.323078 0.411543 0.121209 0.000198 0.143972
4 1 0.082276 0.161723 0.292302 0.001235 0.462464
4 1 0.043802 0.202713 0.136048 0.001206 0.616232
4 1 0.068869 0.027465 0.018870 0.000856 0.883940
4 4 0.025899 0.096596 0.014922 0.000060 0.862523
4 4 0.024279 0.017991 0.012810 0.000008 0.944912
4 4 0.034820 0.043258 0.024735 0.000255 0.896932
4 4 0.058327 0.018795 0.002620 0.000009 0.920249
4 4 0.067218 0.053314 0.007791 0.000049 0.871628
4 4 0.363586 0.004953 0.001727 0.000002 0.629732
4 4 0.053743 0.058027 0.020226 0.000031 0.867972
4 4 0.151732 0.150048 0.027321 0.000053 0.670846
4 4 0.102666 0.027810 0.034243 0.000003 0.835278
4 4 0.044983 0.083694 0.042218 0.000314 0.828791
4 4 0.030658 0.364519 0.133823 0.001867 0.469134
4 4 0.027019 0.190838 0.048727 0.001186 0.732230
4 4 0.130625 0.185362 0.118198 0.006313 0.559502
4 4 0.095006 0.110403 0.070128 0.000409 0.724054
4 4 0.049933 0.012057 0.002834 0.000004 0.935172
0 4 0.549536 0.010773 0.014354 0.000352 0.424986
4 4 0.074383 0.024008 0.009531 0.000140 0.891938
4 4 0.039450 0.065123 0.008559 0.000137 0.886732
4 4 0.008899 0.109394 0.197287 0.000527 0.683893
4 4 0.271608 0.112222 0.086524 0.000232 0.529414
4 4 0.109712 0.041043 0.027026 0.000002 0.822218
0 4 0.977331 0.005852 0.001854 0.000002 0.014961
4 4 0.307104 0.010615 0.002253 0.000003 0.680026
4 4 0.162637 0.157080 0.056963 0.001241 0.622078
4 4 0.132897 0.228162 0.097032 0.000038 0.541871
4 4 0.019877 0.086044 0.314510 0.004695 0.574874
4 4 0.033163 0.064485 0.085804 0.001180 0.815368
4 4 0.114191 0.123587 0.063608 0.011464 0.687149
4 4 0.048031 0.061530 0.058510 0.001487 0.830442
4 4 0.084267 0.046371 0.010272 0.000091 0.858999
4 4 0.367606 0.130464 0.015325 0.000075 0.486530
4 4 0.062459 0.030219 0.026858 0.000925 0.879539
4 4 0.030737 0.031399 0.013600 0.000282 0.923982
0 4 0.470443 0.091647 0.021867 0.000029 0.416013
4 4 0.238490 0.037755 0.019243 0.000009 0.704503
4 4 0.188435 0.040417 0.067336 0.000192 0.703620
0 4 0.701278 0.020497 0.007908 0.000013 0.270304
0 4 0.539068 0.137709 0.067635 0.000639 0.254949
2 4 0.040292 0.321386 0.463061 0.001174 0.174086
4 4 0.111172 0.128327 0.063949 0.000112 0.696440
4 4 0.034477 0.172890 0.047974 0.000092 0.744566
2 4 0.044556 0.200607 0.465426 0.000400 0.289011
1 4 0.087175 0.388613 0.210948 0.000016 0.313248
4 4 0.042459 0.181649 0.385909 0.000402 0.389581
4 4 0.150834 0.264817 0.179606 0.000057 0.404687
4 4 0.037709 0.014749 0.024993 0.000093 0.922456
0 4 0.403180 0.154492 0.039283 0.000057 0.402989
4 4 0.041246 0.087805 0.055479 0.002240 0.813230
4 4 0.058718 0.055788 0.025290 0.000151 0.860053
4 4 0.079528 0.057821 0.043242 0.000721 0.818688
1 4 0.307629 0.314041 0.087932 0.000091 0.290307
4 4 0.032346 0.105256 0.053593 0.000043 0.808761
4 4 0.130584 0.172813 0.031560 0.000098 0.664947
4 4 0.253791 0.168392 0.017153 0.000111 0.560552
0 4 0.548375 0.083395 0.016481 0.000104 0.351645
4 4 0.128626 0.129837 0.087238 0.000072 0.654227
4 4 0.090644 0.066631 0.066832 0.000023 0.775870
0 4 0.479713 0.047866 0.059986 0.000063 0.412372
0 4 0.384645 0.168548 0.081374 0.000066 0.365366
0 4 0.651478 0.028940 0.021694 0.000072 0.297815
4 4 0.210676 0.240026 0.190284 0.000737 0.358277
4 4 0.146643 0.158937 0.273395 0.000032 0.420994
0 4 0.473106 0.181874 0.206995 0.000530 0.137495
2 4 0.253489 0.163255 0.449734 0.000612 0.132910
2 4 0.154065 0.114374 0.423327 0.000000 0.308233
4 4 0.050395 0.228050 0.304846 0.000153 0.416557
4 4 0.114185 0.144852 0.095070 0.001792 0.644100
4 4 0.093686 0.108677 0.056008 0.000107 0.741523
4 4 0.380503 0.155353 0.013348 0.000043 0.450753
1 4 0.378030 0.433344 0.187396 0.000000 0.001230
0 0 0.879109 0.091112 0.025211 0.000009 0.004559
0 0 0.886021 0.099874 0.011614 0.000057 0.002433
0 0 0.921731 0.065610 0.010870 0.000017 0.001773
0 0 0.939985 0.048890 0.009054 0.000011 0.002060
0 0 0.636881 0.304153 0.050633 0.000017 0.008316
0 0 0.954922 0.036742 0.004567 0.000009 0.003759
0 0 0.601534 0.301609 0.077056 0.000114 0.019686
0 1 0.500382 0.384858 0.056861 0.000918 0.056981
0 1 0.438153 0.277477 0.148615 0.003200 0.132556
2 1 0.241641 0.261044 0.405395 0.020648 0.071272
2 1 0.124452 0.222100 0.615651 0.020934 0.016863
2 1 0.001886 0.203776 0.781640 0.003412 0.009286
2 1 0.002899 0.112911 0.879929 0.000562 0.003699
2 1 0.018841 0.259333 0.646478 0.044348 0.031000
2 1 0.009110 0.108954 0.880018 0.001430 0.000488
2 2 0.016460 0.012918 0.970429 0.000117 0.000076
2 2 0.011947 0.078474 0.895373 0.013637 0.000568
0 2 0.820620 0.121248 0.044440 0.000012 0.013680
1 2 0.305157 0.554811 0.126477 0.000030 0.013524
1 2 0.080192 0.547262 0.253454 0.010688 0.108405
2 2 0.162998 0.333612 0.434910 0.005859 0.062620
2 2 0.000587 0.137182 0.839250 0.000254 0.022726
2 2 0.000761 0.021073 0.975008 0.001485 0.001672
2 2 0.000035 0.026463 0.972800 0.000316 0.000386
2 2 0.000009 0.000738 0.999217 0.000035 0.000001
2 2 0.000019 0.000080 0.999575 0.000326 0.000000
2 2 0.000216 0.000663 0.999104 0.000015 0.000001
2 2 0.000452 0.000134 0.998696 0.000717 0.000001
2 2 0.000005 0.000046 0.999525 0.000423 0.000000
2 2 0.000039 0.000329 0.998946 0.000685 0.000001
2 2 0.000005 0.001624 0.998346 0.000012 0.000012
2 2 0.000000 0.000029 0.999021 0.000949 0.000000
2 2 0.000002 0.000051 0.999712 0.000236 0.000000
2 2 0.000353 0.001264 0.996639 0.001736 0.000008
2 2 0.000081 0.000054 0.998318 0.001547 0.000000
2 2 0.000107 0.000154 0.999735 0.000004 0.000000
2 2 0.000067 0.000411 0.998635 0.000887 0.000000
2 2 0.000121 0.001766 0.997842 0.000269 0.000002
2 2 0.000162 0.004408 0.989680 0.005749 0.000000
2 2 0.000003 0.000170 0.997477 0.002349 0.000000
2 2 0.000015 0.000885 0.997936 0.001164 0.000000
2 2 0.000076 0.000744 0.999122 0.000058 0.000000
2 2 0.000046 0.000646 0.999060 0.000248 0.000000
3 2 0.000229 0.001361 0.345784 0.652601 0.000026
2 2 0.000653 0.003466 0.873801 0.122058 0.000022
2 2 0.000031 0.001327 0.964564 0.034077 0.000001
2 3 0.001445 0.003636 0.961316 0.033595 0.000008
2 3 0.000000 0.000074 0.934233 0.065692 0.000000
2 3 0.000010 0.000052 0.937272 0.062665 0.000000
