0 0 0.999971 0.000021 0.000008 0.000000 0.000000
0 0 0.999548 0.000268 0.000182 0.000000 0.000001
0 0 0.871505 0.015954 0.022968 0.001063 0.088510
4 0 0.112329 0.005161 0.011536 0.000691 0.870283
4 0 0.294210 0.038638 0.264359 0.000279 0.402515
0 0 0.975431 0.006616 0.011254 0.000052 0.006646
0 0 0.946904 0.023369 0.023801 0.002309 0.003617
0 0 0.975392 0.006167 0.016755 0.001598 0.000088
0 0 0.983672 0.004511 0.010323 0.000390 0.001104
0 0 0.757278 0.031445 0.009076 0.000065 0.202136
4 0 0.282700 0.059887 0.088316 0.000381 0.568716
0 0 0.422055 0.098931 0.302796 0.014501 0.161718
0 0 0.951177 0.007971 0.020293 0.000836 0.019722
0 0 0.345127 0.304972 0.080931 0.000114 0.268857
2 0 0.197414 0.295895 0.427487 0.000224 0.078980
0 0 0.937537 0.018760 0.035932 0.002138 0.005633
0 0 0.991918 0.002918 0.003909 0.000039 0.001216
0 0 0.680798 0.233947 0.036744 0.000675 0.047837
1 0 0.239414 0.658742 0.068304 0.000374 0.033166
0 0 0.799270 0.108351 0.046468 0.000015 0.045895
0 0 0.983895 0.003222 0.003333 0.000011 0.009539
0 0 0.898098 0.015636 0.048347 0.000587 0.037332
0 0 0.998440 0.000742 0.000793 0.000002 0.000023
0 0 0.910476 0.011670 0.077259 0.000522 0.000073
0 0 0.973632 0.007476 0.014547 0.000666 0.003679
0 0 0.988630 0.002990 0.003231 0.000042 0.005108
0 0 0.323262 0.295576 0.171195 0.000072 0.209895
0 0 0.482622 0.038530 0.258739 0.008344 0.211766
0 0 0.941519 0.005507 0.007447 0.000131 0.045395
0 0 0.999424 0.000235 0.000196 0.000000 0.000145
0 0 0.980970 0.005228 0.005866 0.000122 0.007814
0 0 0.989204 0.007402 0.000944 0.000002 0.002449
0 0 0.986006 0.002231 0.002009 0.000010 0.009745
0 0 0.981923 0.006329 0.006737 0.000179 0.004832
0 0 0.970791 0.005116 0.004268 0.000043 0.019783
2 0 0.019752 0.328023 0.579161 0.000043 0.073022
4 0 0.025974 0.201407 0.080027 0.000001 0.692591
4 0 0.028332 0.198516 0.090440 0.000029 0.682683
2 0 0.028913 0.049455 0.919001 0.000080 0.002552
0 0 0.936268 0.041102 0.021593 0.000019 0.001018
0 0 0.939108 0.007407 0.011331 0.000250 0.041904
0 0 0.566086 0.293846 0.075920 0.006892 0.057257
0 0 0.991636 0.004380 0.003720 0.000071 0.000193
0 0 0.481496 0.414898 0.085149 0.000250 0.018206
0 0 0.851520 0.054150 0.091162 0.000065 0.003103
0 0 0.775128 0.117120 0.092403 0.000151 0.015198
0 0 0.990431 0.002867 0.002995 0.000039 0.003668
0 0 0.766984 0.159300 0.044425 0.000066 0.029225
0 0 0.400517 0.035525 0.276442 0.286329 0.001186
0 0 0.530262 0.036609 0.144761 0.000602 0.287766
0 0 0.746366 0.037399 0.004223 0.000009 0.212002
0 0 0.926119 0.004176 0.005880 0.000077 0.063748
0 0 0.963913 0.008066 0.002269 0.000005 0.025747
0 0 0.498167 0.029364 0.080912 0.001379 0.390178
0 0 0.793065 0.007367 0.011688 0.000254 0.187626
0 0 0.982802 0.007356 0.001504 0.000003 0.008334
0 0 0.999277 0.000290 0.000231 0.000001 0.000202
0 0 0.961561 0.024842 0.008797 0.000022 0.004778
0 0 0.839929 0.038659 0.108986 0.003341 0.009085
0 0 0.860352 0.119701 0.007108 0.000003 0.012836
0 0 0.911141 0.025316 0.041852 0.000616 0.021075
0 0 0.896644 0.047651 0.025347 0.000374 0.029984
0 0 0.791881 0.197449 0.007303 0.000020 0.003348
0 0 0.978766 0.010472 0.009329 0.000501 0.000932
0 0 0.990598 0.004830 0.004016 0.000115 0.000441
0 0 0.976310 0.013947 0.006556 0.000128 0.003060
0 0 0.972286 0.011168 0.011675 0.000540 0.004331
2 0 0.018246 0.068428 0.771839 0.111962 0.029526
0 0 0.951255 0.013549 0.016470 0.000394 0.018332
0 0 0.932625 0.019078 0.023676 0.001482 0.023139
0 0 0.977904 0.006987 0.013844 0.001084 0.000180
0 0 0.994882 0.002786 0.002117 0.000041 0.000174
0 0 0.724785 0.089064 0.156549 0.000416 0.029185
0 0 0.992764 0.002011 0.002450 0.000012 0.002763
0 0 0.718444 0.089996 0.117783 0.036456 0.037321
0 0 0.939853 0.025625 0.020648 0.001074 0.012801
2 0 0.077892 0.152017 0.666149 0.001694 0.102248
1 0 0.131936 0.299427 0.271632 0.000463 0.296541
1 0 0.353732 0.402366 0.048483 0.001845 0.193574
0 0 0.956371 0.011903 0.027071 0.001690 0.002964
0 0 0.878698 0.038569 0.078968 0.000753 0.003012
0 0 0.999782 0.000127 0.000077 0.000000 0.000014
0 0 0.965509 0.021474 0.006155 0.000070 0.006793
0 0 0.972153 0.023274 0.003216 0.000021 0.001335
0 0 0.871722 0.009183 0.013559 0.000365 0.105171
0 0 0.967522 0.007567 0.009091 0.000245 0.015576
0 0 0.461116 0.088136 0.360459 0.002414 0.087875
0 0 0.638592 0.056476 0.094597 0.004028 0.206307
2 0 0.000201 0.031086 0.958039 0.000071 0.010602
4 0 0.005212 0.150274 0.369444 0.000003 0.475069
2 0 0.015595 0.366158 0.424826 0.000022 0.193398
1 0 0.003661 0.499532 0.481311 0.000017 0.015479
4 0 0.261554 0.049951 0.231932 0.003132 0.453430
1 0 0.019438 0.413905 0.406916 0.002325 0.157416
1 0 0.068236 0.443663 0.166762 0.000219 0.321121
2 0 0.015187 0.191321 0.688819 0.000582 0.104091
0 0 0.576483 0.098661 0.322538 0.000064 0.002254
0 0 0.983177 0.016185 0.000549 0.000001 0.000089
1 0 0.277861 0.351391 0.205598 0.000118 0.165032
2 0 0.000489 0.181694 0.659573 0.000850 0.157395
4 0 0.007101 0.294177 0.225727 0.000511 0.472484
4 0 0.125623 0.027681 0.144407 0.001058 0.701232
1 0 0.298276 0.611623 0.035361 0.000012 0.054728
4 0 0.019750 0.244920 0.110078 0.000016 0.625236
4 1 0.178071 0.150318 0.162445 0.000140 0.509026
4 1 0.055467 0.111049 0.008727 0.000115 0.824642
4 1 0.089978 0.114321 0.050600 0.001767 0.743334
4 1 0.064774 0.063961 0.160281 0.000947 0.710037
4 1 0.028047 0.074159 0.043253 0.000026 0.854514
4 1 0.229772 0.125195 0.046040 0.000252 0.598741
4 1 0.007675 0.023433 0.067811 0.000130 0.900951
4 4 0.017337 0.050495 0.011731 0.000026 0.920412
4 4 0.075776 0.011015 0.020926 0.000146 0.892136
4 4 0.136303 0.125457 0.005789 0.000022 0.732429
4 4 0.194124 0.033559 0.027012 0.000445 0.744860
4 4 0.087337 0.071238 0.011905 0.000231 0.829290
4 4 0.017715 0.068065 0.118068 0.000133 0.796019
4 4 0.038495 0.027445 0.074461 0.000015 0.859583
1 4 0.018799 0.675140 0.079580 0.000048 0.226432
4 4 0.033674 0.091738 0.046939 0.000006 0.827642
4 4 0.088097 0.157993 0.166793 0.000191 0.586926
1 4 0.161625 0.568320 0.149820 0.000144 0.120090
4 4 0.376917 0.104597 0.018446 0.000139 0.499900
4 4 0.022090 0.045192 0.005466 0.000103 0.927150
4 4 0.009862 0.060156 0.064553 0.000182 0.865247
4 4 0.080305 0.052237 0.013105 0.000360 0.853993
0 4 0.519017 0.065923 0.156752 0.000047 0.258261
4 4 0.158961 0.174790 0.052505 0.000094 0.613650
4 4 0.020976 0.051591 0.076688 0.000079 0.850665
4 4 0.051513 0.050609 0.039438 0.000136 0.858304
4 4 0.048341 0.131329 0.025814 0.000262 0.794254
4 4 0.022963 0.031687 0.024827 0.000191 0.920331
4 4 0.024916 0.131653 0.085939 0.000135 0.757358
4 4 0.084903 0.259031 0.036582 0.000020 0.619464
4 4 0.020713 0.122583 0.236721 0.000262 0.619721
4 4 0.018057 0.065449 0.028777 0.000016 0.887701
4 4 0.003682 0.418151 0.120770 0.000015 0.457382
4 4 0.016046 0.097964 0.056280 0.000061 0.829648
2 4 0.000868 0.113923 0.719673 0.000279 0.165257
4 4 0.007219 0.229810 0.248356 0.000037 0.514578
1 4 0.005872 0.388987 0.222904 0.000005 0.382232
2 4 0.002576 0.365181 0.454379 0.000150 0.177715
2 4 0.027134 0.246157 0.481267 0.028962 0.216480
2 2 0.000753 0.340967 0.584275 0.028794 0.045211
1 2 0.031338 0.616131 0.157409 0.000062 0.195061
1 2 0.012124 0.435641 0.193944 0.000076 0.358215
2 2 0.000004 0.002518 0.994517 0.002846 0.000115
2 2 0.000003 0.004590 0.994861 0.000494 0.000052
2 2 0.000354 0.021340 0.975303 0.000664 0.002340
2 2 0.000977 0.008126 0.983009 0.007383 0.000506
2 2 0.000002 0.002283 0.997661 0.000006 0.000048
2 2 0.000000 0.001355 0.998562 0.000081 0.000002
2 2 0.000001 0.000122 0.999731 0.000143 0.000003
2 2 0.000036 0.000375 0.996725 0.002817 0.000046
2 2 0.003287 0.029152 0.953927 0.000068 0.013567
2 2 0.002909 0.100917 0.893112 0.000092 0.002970
2 2 0.000430 0.139485 0.796148 0.007856 0.056080
2 2 0.007757 0.055099 0.931241 0.000677 0.005225
2 2 0.000005 0.001652 0.998337 0.000002 0.000004
2 2 0.000000 0.000077 0.999915 0.000008 0.000000
2 2 0.000069 0.019804 0.967450 0.000892 0.011786
2 2 0.000029 0.000431 0.999524 0.000012 0.000004
2 2 0.000000 0.000154 0.999507 0.000338 0.000001
2 2 0.000000 0.000018 0.996210 0.003772 0.000000
2 2 0.000000 0.000151 0.995550 0.004299 0.000000
2 2 0.000000 0.000020 0.988423 0.011556 0.000000
2 2 0.000000 0.000004 0.999250 0.000747 0.000000
2 2 0.000000 0.000006 0.946804 0.053191 0.000000
2 2 0.000000 0.000015 0.894647 0.105339 0.000000
2 2 0.000000 0.000039 0.791368 0.208593 0.000000
2 2 0.000000 0.000011 0.707714 0.292276 0.000000
2 2 0.000000 0.000009 0.961704 0.038287 0.000000
2 2 0.000001 0.000175 0.995440 0.004382 0.000003
2 2 0.000027 0.003106 0.849651 0.147139 0.000077
2 3 0.000000 0.000046 0.980831 0.019122 0.000001
3 3 0.000000 0.000019 0.459131 0.540850 0.000000
3 3 0.000000 0.000019 0.116172 0.883809 0.000000
3 3 0.000000 0.000000 0.011981 0.988019 0.000000
2 3 0.000000 0.000010 0.508414 0.491576 0.000000
3 3 0.000000 0.000011 0.037489 0.962500 0.000001
3 3 0.000000 0.000065 0.354571 0.645363 0.000001
3 3 0.000002 0.000242 0.157195 0.842552 0.000009
3 3 0.000000 0.000056 0.413017 0.586927 0.000000
3 3 0.000000 0.000003 0.005978 0.994019 0.000000
2 3 0.000000 0.000014 0.545511 0.454475 0.000001
3 3 0.000000 0.000033 0.259197 0.740769 0.000001
3 3 0.000000 0.000001 0.031111 0.968888 0.000000
3 3 0.000009 0.002243 0.247003 0.749661 0.001084
3 3 0.000000 0.000010 0.081424 0.918566 0.000000
3 3 0.000000 0.000022 0.017130 0.982846 0.000001
3 3 0.000000 0.000007 0.039012 0.960981 0.000000
3 3 0.000037 0.000618 0.205063 0.794271 0.000010
2 3 0.000000 0.000036 0.773715 0.226249 0.000000
3 3 0.000000 0.000056 0.179959 0.819982 0.000002
3 3 0.000001 0.000051 0.061899 0.938049 0.000000
2 3 0.000139 0.002628 0.522940 0.473751 0.000542
3 3 0.000000 0.000000 0.007879 0.992121 0.000000
3 3 0.000000 0.000024 0.039346 0.960628 0.000002
3 3 0.000000 0.000043 0.018379 0.981574 0.000004
3 3 0.000003 0.000512 0.438115 0.561359 0.000012
3 3 0.000000 0.000000 0.002804 0.997195 0.000000
3 3 0.000000 0.000012 0.003942 0.996045 0.000000
3 3 0.000000 0.000009 0.014849 0.985142 0.000000
3 3 0.000000 0.000067 0.041889 0.958038 0.000006
3 3 0.000000 0.000028 0.029802 0.970168 0.000002
3 3 0.000000 0.000003 0.001553 0.998442 0.000003
2 3 0.000000 0.000137 0.752395 0.247467 0.000001
3 3 0.000000 0.000022 0.017946 0.982031 0.000001
3 3 0.000000 0.000002 0.038538 0.961460 0.000000
3 3 0.000000 0.000104 0.214934 0.784960 0.000002
3 3 0.000000 0.000001 0.004548 0.995451 0.000000
3 3 0.000000 0.000008 0.013231 0.986760 0.000000
3 3 0.000009 0.000420 0.092877 0.906667 0.000028
3 3 0.000006 0.000244 0.021938 0.977759 0.000054
3 3 0.000000 0.000003 0.011125 0.988872 0.000000
3 3 0.000000 0.000069 0.026535 0.973391 0.000005
3 3 0.000000 0.000002 0.006853 0.993146 0.000000
3 3 0.000000 0.000037 0.013460 0.986500 0.000003
3 3 0.000003 0.000104 0.008025 0.991844 0.000024
3 3 0.000000 0.000019 0.062693 0.937288 0.000000
3 3 0.000000 0.000001 0.002805 0.997194 0.000000
3 3 0.000000 0.000020 0.022989 0.976990 0.000001
3 3 0.000000 0.000012 0.015084 0.984903 0.000002
3 3 0.000000 0.000011 0.026797 0.973191 0.000000
3 3 0.000000 0.001378 0.133634 0.864957 0.000031
3 3 0.000000 0.000004 0.003561 0.996435 0.000000
3 3 0.000000 0.000009 0.007707 0.992284 0.000000
3 3 0.000001 0.000157 0.112626 0.887203 0.000013
3 3 0.000000 0.000033 0.202734 0.797232 0.000001
3 3 0.000001 0.000137 0.053005 0.946783 0.000074
3 3 0.000000 0.000004 0.002258 0.997737 0.000000
3 3 0.000000 0.000016 0.086830 0.913153 0.000000
3 3 0.000000 0.000024 0.009832 0.990141 0.000003
3 3 0.000004 0.000102 0.006823 0.993047 0.000024
3 3 0.000242 0.003263 0.225591 0.768642 0.002262
2 3 0.006036 0.027698 0.535556 0.420594 0.010116
3 3 0.000001 0.000092 0.041202 0.958677 0.000029
3 3 0.000000 0.000044 0.150724 0.849233 0.000000
2 3 0.001031 0.024706 0.883563 0.090619 0.000081
2 3 0.000002 0.001413 0.590396 0.408164 0.000025
2 2 0.000056 0.049558 0.670453 0.276004 0.003928
2 2 0.000001 0.000257 0.716600 0.283090 0.000053
2 2 0.000000 0.000130 0.955190 0.044680 0.000000
2 2 0.000001 0.007122 0.843060 0.149695 0.000123
2 2 0.000000 0.000069 0.722711 0.277180 0.000039
2 2 0.000001 0.000717 0.979488 0.019782 0.000012
2 2 0.063787 0.076385 0.699895 0.151259 0.008674
2 2 0.002366 0.026191 0.606990 0.359400 0.005053
3 2 0.000000 0.000090 0.162990 0.836918 0.000001
3 2 0.000002 0.000073 0.016945 0.982973 0.000007
2 2 0.000005 0.001028 0.585894 0.413055 0.000019
3 2 0.000114 0.010616 0.396296 0.591461 0.001513
2 2 0.000003 0.022369 0.959551 0.017864 0.000214
2 2 0.000000 0.000231 0.839486 0.160277 0.000006
3 2 0.000001 0.000222 0.095356 0.904420 0.000002
3 2 0.000012 0.001101 0.344866 0.654003 0.000018
2 2 0.000251 0.008464 0.928097 0.063174 0.000013
3 2 0.000000 0.001079 0.445476 0.553418 0.000027
3 2 0.000004 0.000152 0.183286 0.816558 0.000001
2 2 0.000003 0.000514 0.691748 0.307729 0.000006
3 2 0.000000 0.000019 0.243169 0.756812 0.000000
3 2 0.000000 0.000015 0.057925 0.942059 0.000000
2 2 0.000000 0.000047 0.719835 0.280118 0.000000
2 2 0.000000 0.000017 0.656467 0.343516 0.000000
2 2 0.000000 0.000058 0.998340 0.001600 0.000001
2 2 0.000001 0.000188 0.993305 0.006478 0.000028
2 2 0.000075 0.003705 0.962972 0.032676 0.000572
2 2 0.000510 0.010787 0.963148 0.025217 0.000338
2 2 0.000701 0.022206 0.972566 0.000308 0.004219
2 2 0.000003 0.009482 0.988945 0.001286 0.000284
2 2 0.000001 0.000783 0.982784 0.016124 0.000308
2 2 0.000015 0.003104 0.951153 0.045692 0.000036
2 2 0.000010 0.001521 0.996282 0.002170 0.000018
2 2 0.000107 0.011757 0.972407 0.013332 0.002396
2 2 0.000153 0.008707 0.948276 0.042411 0.000453
2 2 0.000271 0.004068 0.987185 0.008421 0.000055
3 2 0.004673 0.008228 0.471864 0.515190 0.000045
3 2 0.000000 0.000198 0.118768 0.881030 0.000004
2 2 0.000038 0.003751 0.987448 0.008308 0.000454
2 2 0.000003 0.002413 0.840169 0.157047 0.000369
2 2 0.000000 0.000066 0.969357 0.030576 0.000000
2 2 0.000012 0.027056 0.942419 0.027562 0.002951
2 2 0.000002 0.000837 0.999070 0.000080 0.000011
2 2 0.000013 0.006673 0.989348 0.003886 0.000080
2 2 0.000210 0.009135 0.988717 0.000281 0.001656
2 2 0.000019 0.001952 0.992976 0.004972 0.000082
2 2 0.000006 0.003333 0.988122 0.008396 0.000143
2 2 0.000003 0.000257 0.993544 0.006196 0.000001
2 2 0.000002 0.023759 0.927189 0.047525 0.001525
2 2 0.000000 0.001570 0.989259 0.009089 0.000081
2 2 0.000061 0.002081 0.982816 0.014963 0.000079
2 2 0.000000 0.000254 0.936372 0.063374 0.000000
2 2 0.000000 0.000125 0.970327 0.029547 0.000000
3 2 0.000000 0.000002 0.136121 0.863877 0.000000
2 2 0.000200 0.000294 0.996883 0.002599 0.000024
2 2 0.000000 0.000043 0.810469 0.189482 0.000007
3 2 0.000000 0.000028 0.059026 0.940946 0.000000
2 2 0.406252 0.025724 0.477971 0.089868 0.000185
2 2 0.000003 0.009944 0.981840 0.008189 0.000023
2 2 0.000015 0.004264 0.859881 0.135469 0.000371
2 2 0.065714 0.066818 0.645731 0.007492 0.214246
2 0 0.000875 0.017067 0.955774 0.024172 0.002112
0 0 0.837610 0.043965 0.112763 0.002528 0.003133
2 0 0.046807 0.068728 0.774752 0.099090 0.010624
0 0 0.993490 0.003586 0.002696 0.000067 0.000162
0 0 0.844949 0.027709 0.096661 0.029564 0.001117
1 0 0.002801 0.649865 0.212641 0.000337 0.134357
2 0 0.076302 0.137641 0.394827 0.013107 0.378123
2 0 0.250676 0.070546 0.646115 0.001049 0.031615
1 0 0.025031 0.819789 0.141591 0.000015 0.013574
0 0 0.809216 0.027311 0.012847 0.000172 0.150454
1 0 0.205141 0.561362 0.132924 0.000856 0.099717
2 0 0.001107 0.155923 0.815868 0.000005 0.027097
1 1 0.024096 0.698220 0.153636 0.000003 0.124046
2 1 0.001047 0.200810 0.441754 0.000134 0.356256
1 1 0.010690 0.595785 0.193286 0.000007 0.200232
2 1 0.001728 0.094766 0.783750 0.000060 0.119695
4 0 0.000461 0.123340 0.428020 0.000142 0.448037
2 0 0.008999 0.143241 0.781953 0.001135 0.064672
2 0 0.093578 0.111621 0.758595 0.000204 0.036002
1 0 0.308922 0.592094 0.093184 0.000049 0.005751
2 1 0.004006 0.322618 0.670074 0.000765 0.002537
4 1 0.083335 0.219328 0.166387 0.002604 0.528345
4 1 0.159238 0.139358 0.214789 0.000049 0.486566
2 1 0.011577 0.186895 0.727741 0.001445 0.072342
2 1 0.000702 0.069216 0.917458 0.000838 0.011787
2 1 0.000173 0.041461 0.937381 0.009612 0.011373
2 1 0.002179 0.209636 0.759731 0.001102 0.027351
2 1 0.007763 0.137725 0.509557 0.016370 0.328585
2 1 0.002534 0.291571 0.553279 0.001222 0.151394
2 1 0.000031 0.006753 0.990711 0.000716 0.001789
1 1 0.009513 0.460513 0.455063 0.000028 0.074884
4 1 0.013340 0.402815 0.124728 0.000957 0.458160
4 2 0.128435 0.231940 0.302896 0.000293 0.336437
1 2 0.005871 0.710212 0.140080 0.000122 0.143715
1 2 0.011635 0.556998 0.353862 0.000050 0.077455
2 2 0.002307 0.265686 0.471035 0.008136 0.252836
2 2 0.000283 0.049060 0.876389 0.004303 0.069965
2 2 0.000011 0.040616 0.949485 0.004898 0.004991
2 2 0.000001 0.007324 0.985027 0.007251 0.000398
2 2 0.000236 0.010282 0.988750 0.000076 0.000655
2 2 0.007256 0.047701 0.904054 0.000417 0.040573
2 2 0.000390 0.014610 0.984430 0.000570 0.000001
2 2 0.000254 0.001404 0.998327 0.000015 0.000001
0 2 0.399346 0.229021 0.157654 0.000003 0.213976
4 2 0.093571 0.036744 0.231532 0.000192 0.637960
1 2 0.055940 0.483859 0.204702 0.000906 0.254593
1 2 0.044057 0.649770 0.201827 0.000175 0.104172
2 2 0.000248 0.010769 0.984661 0.000467 0.003856
2 2 0.004097 0.039519 0.921261 0.033628 0.001494
4 2 0.014475 0.280034 0.012147 0.000038 0.693306
1 2 0.056613 0.619338 0.176580 0.000007 0.147463
2 2 0.000028 0.087133 0.866032 0.043149 0.003657
2 2 0.004413 0.256664 0.596625 0.000607 0.141691
2 2 0.001405 0.199376 0.795144 0.000147 0.003928
2 2 0.000384 0.049835 0.818446 0.119849 0.011487
2 2 0.001105 0.365184 0.587352 0.004710 0.041649
2 2 0.072907 0.400054 0.426496 0.000872 0.099671
2 2 0.000455 0.018259 0.973358 0.000532 0.007396
2 2 0.015995 0.022333 0.952564 0.003339 0.005770
2 2 0.000021 0.002614 0.608827 0.386921 0.001616
3 2 0.000454 0.009969 0.253751 0.730671 0.005155
2 2 0.006248 0.209652 0.501248 0.001157 0.281695
4 2 0.010762 0.321565 0.327476 0.004399 0.335798
2 2 0.022815 0.190350 0.643100 0.000225 0.143511
1 1 0.349221 0.354884 0.285081 0.000115 0.010699
1 1 0.085856 0.659002 0.050075 0.003925 0.201143
1 1 0.105468 0.458811 0.100886 0.000040 0.334794
2 1 0.003077 0.153362 0.546042 0.000138 0.297381
4 1 0.047716 0.145185 0.331055 0.000010 0.476034
1 1 0.063143 0.453141 0.292736 0.000005 0.190975
2 1 0.101204 0.204780 0.485664 0.000054 0.208297
4 4 0.030470 0.053672 0.211780 0.000309 0.703769
4 4 0.017250 0.067843 0.092101 0.000654 0.822152
4 4 0.312523 0.086594 0.025162 0.000037 0.575684
4 4 0.051102 0.121134 0.042391 0.000064 0.785310
4 4 0.074084 0.022011 0.074464 0.000717 0.828723
4 4 0.019193 0.013485 0.013918 0.000182 0.953223
4 4 0.076763 0.168605 0.035630 0.000010 0.718991
0 4 0.508147 0.039821 0.106957 0.002494 0.342581
4 4 0.091637 0.025414 0.035058 0.000624 0.847267
4 4 0.018112 0.039145 0.052016 0.000225 0.890502
4 4 0.047198 0.037235 0.064745 0.000173 0.850648
4 4 0.019951 0.031981 0.066838 0.000652 0.880578
4 4 0.031694 0.002791 0.001485 0.000013 0.964016
4 4 0.039676 0.019608 0.004436 0.000064 0.936216
4 4 0.206631 0.063044 0.060512 0.000568 0.669245
4 4 0.045091 0.012141 0.010760 0.000672 0.931336
4 4 0.010404 0.015578 0.001456 0.000011 0.972551
4 4 0.092076 0.031685 0.004315 0.000009 0.871915
4 4 0.005274 0.001758 0.000336 0.000001 0.992630
4 4 0.014451 0.007190 0.001910 0.000026 0.976423
4 4 0.015935 0.072731 0.012690 0.000110 0.898533
4 4 0.014191 0.055719 0.020731 0.000134 0.909226
4 4 0.034563 0.245528 0.162732 0.000083 0.557093
0 4 0.555401 0.083277 0.066438 0.000113 0.294771
4 4 0.007166 0.008598 0.013773 0.000013 0.970452
4 4 0.002755 0.022522 0.050975 0.000018 0.923730
4 4 0.002503 0.027759 0.006842 0.000001 0.962894
4 4 0.014232 0.004741 0.009044 0.000003 0.971980
4 4 0.024762 0.267186 0.116707 0.000052 0.591293
4 4 0.078125 0.382762 0.092550 0.000383 0.446180
4 4 0.014984 0.264365 0.278756 0.000039 0.441856
1 2 0.049477 0.617873 0.118209 0.000707 0.213734
4 2 0.004453 0.177489 0.033677 0.000029 0.784352
4 2 0.024792 0.225730 0.328808 0.000107 0.420563
4 2 0.011809 0.149677 0.353926 0.000200 0.484388
2 2 0.008243 0.281836 0.539514 0.000889 0.169518
2 2 0.003439 0.179174 0.445214 0.000365 0.371808
2 2 0.042506 0.087719 0.535918 0.024509 0.309348
2 2 0.011773 0.080067 0.795935 0.009572 0.102653
2 2 0.011090 0.266003 0.472661 0.022929 0.227316
4 2 0.030546 0.282209 0.100464 0.000176 0.586604
4 2 0.008718 0.238700 0.373539 0.000044 0.378999
2 2 0.000017 0.037953 0.957876 0.000040 0.004113
2 2 0.003936 0.044005 0.948734 0.000467 0.002858
1 2 0.017630 0.576247 0.342555 0.000001 0.063566
1 2 0.010739 0.429802 0.207090 0.000003 0.352366
2 2 0.000264 0.004044 0.988848 0.006148 0.000697
2 0 0.000097 0.003602 0.955032 0.041170 0.000099
2 0 0.048419 0.070207 0.849998 0.011580 0.019795
1 0 0.033610 0.514732 0.334878 0.024711 0.092069
1 0 0.033871 0.641844 0.230113 0.000665 0.093508
1 1 0.027730 0.510532 0.391366 0.000693 0.069678
2 1 0.001283 0.070045 0.773865 0.012072 0.142734
2 1 0.000925 0.088591 0.807598 0.002804 0.100082
4 1 0.061221 0.141337 0.323327 0.000430 0.473685
4 1 0.226416 0.088267 0.287302 0.003541 0.394475
2 1 0.019846 0.096171 0.515524 0.029798 0.338662
1 2 0.008188 0.405515 0.192779 0.003300 0.390217
2 2 0.000059 0.033910 0.935476 0.008301 0.022254
2 2 0.000358 0.048902 0.756274 0.002639 0.191828
2 2 0.002415 0.398380 0.409325 0.001725 0.188155
2 2 0.000094 0.054222 0.879890 0.000667 0.065126
2 2 0.000010 0.003480 0.994083 0.002037 0.000390
2 2 0.000017 0.011529 0.960217 0.026984 0.001253
2 2 0.000021 0.002691 0.996335 0.000033 0.000920
2 2 0.000009 0.001593 0.998265 0.000050 0.000084
2 2 0.000105 0.012893 0.979828 0.000875 0.006299
2 2 0.000213 0.124212 0.871971 0.000545 0.003058
2 2 0.000049 0.027772 0.957383 0.001792 0.013005
2 2 0.000866 0.197443 0.786025 0.000150 0.015516
2 2 0.000887 0.073795 0.903488 0.000166 0.021663
2 2 0.000556 0.034243 0.963785 0.000595 0.000821
2 2 0.002203 0.014072 0.908461 0.049685 0.025578
2 2 0.000089 0.022732 0.962428 0.000771 0.013979
2 2 0.000082 0.009371 0.981679 0.000298 0.008569
2 2 0.019082 0.221238 0.681975 0.000419 0.077285
2 2 0.004736 0.467324 0.475682 0.002229 0.050029
2 2 0.003978 0.088929 0.897025 0.001234 0.008834
2 2 0.000009 0.001762 0.997698 0.000418 0.000113
2 2 0.001135 0.013333 0.895313 0.080113 0.010106
2 2 0.000011 0.013379 0.971135 0.015000 0.000475
2 2 0.000644 0.005600 0.744335 0.242859 0.006562
2 2 0.000009 0.039839 0.956779 0.003086 0.000288
2 2 0.000099 0.003512 0.994921 0.001243 0.000224
2 2 0.000013 0.018704 0.972516 0.007771 0.000995
2 2 0.001020 0.008161 0.988202 0.000970 0.001647
2 2 0.000276 0.025562 0.900614 0.071140 0.002408
2 2 0.001443 0.005142 0.989669 0.002900 0.000846
1 2 0.061878 0.649235 0.052018 0.000002 0.236866
2 2 0.000409 0.126500 0.869554 0.000026 0.003511
2 2 0.000000 0.000926 0.997860 0.001185 0.000030
2 2 0.000000 0.000027 0.979873 0.020100 0.000000
2 2 0.000005 0.000148 0.998696 0.000944 0.000208
2 2 0.000002 0.000674 0.999030 0.000222 0.000072
2 2 0.000003 0.000510 0.998131 0.001311 0.000044
2 2 0.000000 0.000284 0.920990 0.078716 0.000011
2 2 0.000003 0.000240 0.997184 0.002241 0.000332
2 2 0.000002 0.000302 0.999259 0.000231 0.000207
2 2 0.000000 0.001422 0.992722 0.005818 0.000038
2 2 0.000002 0.000835 0.990381 0.008742 0.000040
2 2 0.000000 0.000003 0.982995 0.017002 0.000000
2 2 0.000000 0.000000 0.874579 0.125421 0.000000
2 2 0.000000 0.000000 0.959741 0.040259 0.000000
2 2 0.000000 0.000006 0.991866 0.008127 0.000000
2 2 0.000000 0.001598 0.987776 0.010556 0.000071
2 2 0.000123 0.000378 0.989143 0.010319 0.000036
2 2 0.000000 0.000285 0.988038 0.011671 0.000006
2 2 0.000000 0.000793 0.629042 0.369989 0.000175
2 2 0.000778 0.001837 0.871215 0.125946 0.000223
2 2 0.000682 0.007659 0.582411 0.409028 0.000221
2 2 0.015671 0.091410 0.871981 0.017845 0.003094
0 2 0.383260 0.304838 0.247327 0.000003 0.064572
2 2 0.000114 0.037225 0.951381 0.002215 0.009065
2 2 0.000022 0.013166 0.981495 0.004833 0.000485
2 2 0.000001 0.001424 0.990701 0.007857 0.000018
2 2 0.001159 0.005276 0.993393 0.000054 0.000118
2 2 0.081796 0.088427 0.807388 0.020051 0.002337
2 2 0.157447 0.074526 0.689604 0.000983 0.077440
2 2 0.000627 0.101424 0.882331 0.000604 0.015014
2 2 0.000020 0.003759 0.991671 0.004499 0.000051
2 2 0.000012 0.003189 0.995644 0.000285 0.000870
2 2 0.000000 0.000692 0.996567 0.002652 0.000089
2 2 0.000000 0.000189 0.998868 0.000942 0.000002
2 2 0.000001 0.000174 0.979249 0.020534 0.000043
2 2 0.000067 0.008405 0.988863 0.000424 0.002241
2 2 0.000240 0.005055 0.992993 0.000019 0.001692
2 2 0.000000 0.000803 0.998875 0.000247 0.000075
2 2 0.000015 0.006257 0.990969 0.000939 0.001820
2 2 0.000092 0.001979 0.997045 0.000057 0.000827
2 2 0.000001 0.000426 0.998933 0.000625 0.000015
2 2 0.000004 0.000429 0.999332 0.000195 0.000040
2 2 0.000001 0.000026 0.999496 0.000476 0.000000
2 2 0.000000 0.000009 0.996804 0.003187 0.000000
2 2 0.000025 0.000112 0.998353 0.001486 0.000024
2 2 0.000001 0.000090 0.997988 0.001907 0.000014
2 2 0.000295 0.012679 0.606456 0.376015 0.004556
2 2 0.006233 0.003670 0.650857 0.339231 0.000008
3 2 0.000062 0.003114 0.276118 0.720441 0.000265
2 2 0.000004 0.002398 0.957548 0.039874 0.000176
2 2 0.000626 0.006178 0.901738 0.091316 0.000142
2 2 0.000111 0.016550 0.980913 0.002311 0.000115
2 2 0.002785 0.058043 0.891266 0.041360 0.006547
1 2 0.019287 0.740301 0.203145 0.000076 0.037191
1 2 0.002405 0.577219 0.418015 0.000042 0.002318
2 2 0.000018 0.003705 0.979601 0.016424 0.000252
2 2 0.000163 0.006000 0.961704 0.030820 0.001314
2 2 0.000000 0.004039 0.993394 0.002546 0.000020
2 2 0.000219 0.013289 0.871239 0.111599 0.003654
2 2 0.000065 0.008229 0.986831 0.002135 0.002739
2 2 0.000170 0.032069 0.965739 0.000657 0.001365
2 2 0.059927 0.413723 0.490038 0.000016 0.036295
1 2 0.048186 0.941627 0.003823 0.000001 0.006364
1 2 0.011071 0.623167 0.132956 0.000002 0.232804
1 2 0.041406 0.794932 0.035159 0.000001 0.128503
1 2 0.007450 0.447028 0.310797 0.004287 0.230439
2 2 0.000287 0.189891 0.741449 0.046498 0.021875
2 2 0.000001 0.046864 0.950470 0.000328 0.002336
2 2 0.000001 0.005784 0.935309 0.058660 0.000246
2 2 0.000022 0.009140 0.987067 0.003519 0.000252
3 2 0.000005 0.001463 0.333770 0.664563 0.000199
2 2 0.000002 0.000775 0.994741 0.004480 0.000002
2 2 0.000002 0.001309 0.997045 0.001639 0.000004
2 2 0.000001 0.002154 0.997046 0.000789 0.000011
2 2 0.000101 0.011656 0.986095 0.002063 0.000085
2 2 0.000035 0.015681 0.972980 0.010606 0.000699
2 2 0.000029 0.005686 0.991856 0.002297 0.000132
2 2 0.001431 0.010186 0.973212 0.001191 0.013980
2 2 0.032507 0.041791 0.923037 0.001241 0.001424
2 2 0.003802 0.050301 0.898979 0.001733 0.045185
2 2 0.007133 0.129750 0.828912 0.000103 0.034102
2 2 0.000013 0.002121 0.997447 0.000384 0.000035
2 2 0.000119 0.037548 0.948342 0.000433 0.013558
2 2 0.000002 0.004473 0.994767 0.000722 0.000037
2 2 0.000000 0.002090 0.984580 0.013310 0.000019
2 2 0.000001 0.001618 0.995242 0.003136 0.000004
2 2 0.000001 0.000234 0.990933 0.008713 0.000118
2 2 0.000001 0.010982 0.966024 0.022877 0.000117
2 2 0.000014 0.013712 0.985752 0.000125 0.000398
2 2 0.000000 0.000069 0.659949 0.339979 0.000003
2 2 0.000041 0.001459 0.902773 0.095703 0.000024
2 2 0.000017 0.000939 0.984086 0.014419 0.000539
2 2 0.000115 0.007133 0.982834 0.009215 0.000703
2 2 0.000000 0.000194 0.730782 0.269023 0.000000
2 2 0.000000 0.000132 0.998478 0.001388 0.000002
2 2 0.000000 0.000099 0.999499 0.000375 0.000026
2 2 0.000000 0.000009 0.999716 0.000274 0.000000
2 2 0.000007 0.001556 0.998266 0.000131 0.000041
2 2 0.000001 0.001216 0.988468 0.010287 0.000028
2 2 0.000005 0.000408 0.985397 0.014175 0.000014
2 2 0.000000 0.000157 0.998834 0.001009 0.000001
2 2 0.000008 0.001494 0.995853 0.000242 0.002403
2 2 0.000218 0.006035 0.985183 0.008104 0.000460
3 2 0.000417 0.005656 0.086855 0.905684 0.001387
2 2 0.000019 0.000991 0.941455 0.057483 0.000051
2 2 0.000029 0.001213 0.998154 0.000537 0.000066
2 2 0.000005 0.004286 0.994949 0.000349 0.000411
2 2 0.000000 0.000347 0.997134 0.002505 0.000014
2 2 0.000000 0.000136 0.631891 0.367971 0.000002
3 2 0.000000 0.000018 0.412673 0.587309 0.000000
2 2 0.000000 0.000053 0.947776 0.052170 0.000001
2 2 0.000000 0.000039 0.844651 0.155310 0.000000
3 2 0.000000 0.000006 0.067804 0.932189 0.000001
2 2 0.000563 0.003885 0.806178 0.189328 0.000045
2 2 0.163115 0.196696 0.557427 0.077508 0.005254
2 2 0.000002 0.000265 0.937521 0.062206 0.000007
2 2 0.000000 0.000037 0.768988 0.230975 0.000000
2 2 0.000000 0.000011 0.997953 0.002036 0.000000
2 2 0.000012 0.000509 0.992847 0.006629 0.000003
2 2 0.000000 0.001436 0.960530 0.038032 0.000002
3 2 0.000000 0.000031 0.325929 0.674040 0.000000
2 2 0.000000 0.000284 0.737976 0.261738 0.000002
3 2 0.000000 0.000013 0.453306 0.546681 0.000000
2 2 0.000002 0.000802 0.948662 0.050528 0.000006
2 2 0.000001 0.000930 0.515116 0.483840 0.000111
2 2 0.004560 0.083046 0.688522 0.025314 0.198558
2 2 0.000473 0.021964 0.743195 0.223001 0.011367
2 2 0.003847 0.071248 0.508690 0.002056 0.414159
4 2 0.011915 0.039068 0.282559 0.009607 0.656851
4 2 0.003451 0.039141 0.051284 0.000025 0.906099
4 4 0.029057 0.001301 0.003387 0.000161 0.966094
4 4 0.002665 0.000547 0.000100 0.000000 0.996688
4 4 0.049514 0.006572 0.010597 0.000834 0.932482
4 4 0.064570 0.006601 0.015542 0.001813 0.911474
4 4 0.119737 0.020741 0.006338 0.000074 0.853110
4 4 0.067368 0.032103 0.024534 0.002440 0.873555
4 4 0.049397 0.051365 0.040118 0.000598 0.858522
4 4 0.024164 0.228446 0.063973 0.000985 0.682431
4 4 0.058130 0.029214 0.019313 0.001553 0.891790
4 4 0.104213 0.008747 0.006292 0.000123 0.880625
0 4 0.915609 0.004433 0.006102 0.000079 0.073777
4 4 0.031825 0.004835 0.026720 0.002204 0.934416
4 4 0.018638 0.011793 0.013147 0.000091 0.956331
4 4 0.001585 0.024518 0.007645 0.000002 0.966251
4 4 0.171877 0.060040 0.013187 0.000100 0.754795
4 4 0.025710 0.009592 0.004587 0.000132 0.959978
4 4 0.032331 0.016668 0.003314 0.000038 0.947649
4 4 0.051775 0.153703 0.027808 0.000345 0.766369
0 4 0.465006 0.318038 0.025867 0.000009 0.191081
4 4 0.135426 0.008628 0.004552 0.000019 0.851375
2 4 0.003269 0.180595 0.489884 0.005546 0.320706
4 4 0.033831 0.040346 0.139152 0.000089 0.786582
4 4 0.034036 0.169565 0.064393 0.000104 0.731902
4 4 0.056885 0.031845 0.073022 0.002759 0.835488
4 4 0.048713 0.047541 0.021956 0.000971 0.880819
4 4 0.003457 0.100908 0.057063 0.000010 0.838562
4 4 0.244560 0.037396 0.082736 0.000032 0.635276
4 4 0.006622 0.005308 0.012038 0.000010 0.976022
4 4 0.106521 0.072602 0.193781 0.000368 0.626728
4 4 0.023055 0.013031 0.005006 0.000138 0.958771
4 4 0.024703 0.004111 0.003540 0.000111 0.967536
2 4 0.001443 0.150209 0.514580 0.000002 0.333766
4 4 0.044995 0.238956 0.002715 0.000000 0.713334
4 4 0.007519 0.002737 0.000611 0.000004 0.989130
4 4 0.019579 0.002439 0.002258 0.000055 0.975669
2 4 0.014006 0.020944 0.675646 0.027917 0.261488
4 4 0.007961 0.026864 0.029547 0.000068 0.935559
4 4 0.006264 0.002079 0.000444 0.000002 0.991212
4 4 0.034187 0.001933 0.004677 0.000263 0.958939
4 4 0.015838 0.012641 0.001488 0.000010 0.970023
4 4 0.170627 0.041363 0.002324 0.000003 0.785682
4 4 0.053339 0.002520 0.001408 0.000009 0.942724
4 4 0.012266 0.001239 0.000946 0.000012 0.985538
4 4 0.031878 0.003776 0.004967 0.000226 0.959153
4 4 0.149351 0.053501 0.043900 0.000059 0.753190
4 4 0.032753 0.034043 0.070373 0.000060 0.862771
4 4 0.078879 0.026085 0.126136 0.000096 0.768805
4 4 0.011738 0.003877 0.001233 0.000014 0.983138
4 4 0.010975 0.002651 0.004260 0.000033 0.982080
4 4 0.011657 0.015667 0.032601 0.000150 0.939925
4 4 0.031126 0.012469 0.004350 0.000089 0.951966
4 4 0.069792 0.015471 0.017877 0.000018 0.896842
4 4 0.046339 0.016445 0.006649 0.000171 0.930396
4 4 0.051777 0.020695 0.014968 0.001060 0.911501
4 4 0.013642 0.007804 0.003427 0.000036 0.975090
4 4 0.076911 0.010424 0.005700 0.000107 0.906859
4 4 0.208820 0.049948 0.017909 0.000032 0.723291
4 4 0.015117 0.048062 0.074725 0.000434 0.861662
4 4 0.019190 0.017875 0.012589 0.000120 0.950226
4 4 0.009048 0.180291 0.198100 0.000521 0.612041
4 4 0.006792 0.022210 0.066845 0.000048 0.904104
4 4 0.065433 0.053224 0.150563 0.000085 0.730695
4 4 0.113645 0.206338 0.072623 0.000002 0.607393
4 4 0.029595 0.017357 0.015104 0.000740 0.937204
4 4 0.021006 0.065703 0.005640 0.000095 0.907555
4 4 0.004225 0.056660 0.254057 0.000168 0.684890
4 4 0.017954 0.209508 0.250594 0.002463 0.519481
4 4 0.033641 0.113203 0.125305 0.000029 0.727821
4 4 0.012577 0.020703 0.012699 0.000010 0.954012
4 4 0.014519 0.077347 0.050728 0.000288 0.857118
4 4 0.009285 0.045857 0.018316 0.000059 0.926483
4 4 0.040961 0.038799 0.033050 0.001259 0.885930
1 4 0.064400 0.359498 0.239286 0.000383 0.336432
4 4 0.184788 0.147152 0.042067 0.000880 0.625113
4 4 0.123374 0.404096 0.013601 0.000124 0.458805
4 4 0.069464 0.074388 0.089033 0.000480 0.766635
4 4 0.104452 0.198406 0.121201 0.000042 0.575900
2 4 0.003185 0.116992 0.524887 0.001210 0.353726
4 4 0.122188 0.097737 0.229185 0.001205 0.549686
1 4 0.010564 0.548681 0.111985 0.000005 0.328763
1 4 0.042062 0.445533 0.305037 0.000013 0.207355
2 4 0.003579 0.272698 0.415519 0.001296 0.306908
4 1 0.000491 0.170451 0.400763 0.000044 0.428250
2 1 0.002791 0.167043 0.726753 0.014332 0.089081
2 1 0.004011 0.314949 0.535829 0.002865 0.142347
4 2 0.006012 0.317558 0.264417 0.000594 0.411420
4 2 0.020248 0.091808 0.139426 0.001297 0.747220
4 2 0.009423 0.134893 0.370750 0.002372 0.482563
4 2 0.005902 0.077428 0.211656 0.000621 0.704393
2 2 0.000053 0.137346 0.683445 0.000000 0.179156
4 2 0.006870 0.047476 0.192303 0.000017 0.753334
2 2 0.000506 0.018486 0.970115 0.003304 0.007589
2 2 0.000012 0.001296 0.995357 0.000663 0.002673
2 2 0.000110 0.005693 0.993218 0.000005 0.000973
2 2 0.112207 0.082521 0.728262 0.000791 0.076219
2 2 0.000893 0.117414 0.856594 0.007767 0.017332
2 2 0.003619 0.020112 0.960692 0.006914 0.008662
2 2 0.000213 0.196281 0.749423 0.000144 0.053940
2 2 0.000227 0.020193 0.964833 0.000132 0.014614
2 2 0.000030 0.018694 0.960683 0.001606 0.018987
2 2 0.000018 0.007253 0.988386 0.001650 0.002693
2 2 0.009157 0.168372 0.781117 0.003097 0.038257
2 2 0.054714 0.222152 0.357770 0.008134 0.357230
1 2 0.002930 0.859880 0.035681 0.000000 0.101510
0 2 0.590513 0.239542 0.017622 0.000150 0.152173
4 2 0.006042 0.092307 0.257332 0.002727 0.641592
2 2 0.005902 0.056171 0.528212 0.003304 0.406412
2 2 0.098704 0.157458 0.613703 0.025629 0.104506
2 2 0.004962 0.311854 0.524687 0.002428 0.156070
2 2 0.000000 0.000787 0.998982 0.000213 0.000018
2 2 0.000081 0.001069 0.998216 0.000550 0.000084
2 2 0.000021 0.005914 0.993411 0.000212 0.000443
2 2 0.000012 0.000766 0.999162 0.000003 0.000056
2 2 0.000337 0.024112 0.962552 0.000034 0.012965
2 2 0.054594 0.229189 0.676094 0.000119 0.040005
2 2 0.004118 0.368693 0.514798 0.015948 0.096442
2 2 0.005174 0.246877 0.563563 0.003060 0.181326
2 2 0.004725 0.129534 0.813615 0.000055 0.052072
2 2 0.002553 0.134169 0.653284 0.003601 0.206392
2 2 0.010223 0.158855 0.685674 0.011504 0.133743
2 2 0.002217 0.055212 0.895871 0.000216 0.046483
2 2 0.007336 0.013075 0.975049 0.000937 0.003603
2 2 0.013416 0.069512 0.902581 0.000691 0.013801
2 2 0.000195 0.021230 0.978232 0.000079 0.000263
2 2 0.103826 0.378119 0.481272 0.000055 0.036728
2 2 0.010813 0.164410 0.759999 0.000310 0.064468
2 2 0.022641 0.215980 0.638869 0.000495 0.122015
2 2 0.013063 0.219115 0.388887 0.000159 0.378777
4 2 0.022237 0.104341 0.390580 0.000084 0.482758
2 1 0.003566 0.238192 0.522597 0.000195 0.235451
2 1 0.003109 0.040778 0.857133 0.004627 0.094352
4 1 0.005207 0.088947 0.048182 0.000001 0.857663
4 1 0.005692 0.319907 0.029474 0.000000 0.644927
2 1 0.000935 0.187852 0.514180 0.000156 0.296877
2 2 0.001111 0.038508 0.896902 0.031813 0.031666
2 2 0.001087 0.029335 0.931168 0.023553 0.014856
2 2 0.023598 0.121715 0.514704 0.075967 0.264016
2 2 0.000153 0.045820 0.915313 0.003125 0.035589
2 2 0.001663 0.041619 0.868192 0.000339 0.088187
2 2 0.000001 0.000096 0.999850 0.000052 0.000001
2 2 0.000029 0.001503 0.998278 0.000095 0.000096
2 2 0.003789 0.010787 0.973444 0.000307 0.011672
2 2 0.000093 0.004074 0.995062 0.000214 0.000557
2 2 0.000000 0.000288 0.998824 0.000884 0.000004
2 2 0.000008 0.002997 0.956121 0.040840 0.000034
2 2 0.003089 0.159665 0.819772 0.000364 0.017110
2 2 0.002147 0.191337 0.800410 0.000009 0.006096
2 2 0.000010 0.001696 0.984355 0.013607 0.000332
2 2 0.000225 0.011703 0.987222 0.000479 0.000371
2 2 0.000580 0.039110 0.940270 0.000027 0.020012
2 2 0.108848 0.185989 0.641812 0.000026 0.063326
2 2 0.002637 0.176561 0.758805 0.000052 0.061945
2 2 0.001219 0.069524 0.905296 0.000047 0.023914
2 2 0.000003 0.003382 0.996172 0.000375 0.000068
2 2 0.000001 0.000311 0.999496 0.000185 0.000007
2 2 0.000534 0.072339 0.920572 0.000843 0.005712
2 2 0.149140 0.045201 0.712860 0.000063 0.092736
2 2 0.000004 0.000550 0.999030 0.000087 0.000328
2 2 0.000012 0.002238 0.997442 0.000251 0.000057
2 2 0.000138 0.015322 0.980218 0.001453 0.002869
2 2 0.000320 0.019428 0.978450 0.000751 0.001050
2 2 0.000000 0.000330 0.999663 0.000001 0.000006
2 2 0.001697 0.037838 0.934724 0.002962 0.022779
2 2 0.000000 0.000059 0.999046 0.000895 0.000000
2 2 0.000000 0.000002 0.991116 0.008883 0.000000
2 2 0.000000 0.000040 0.997601 0.002358 0.000001
2 2 0.000001 0.000138 0.995653 0.004205 0.000003
2 2 0.000000 0.000016 0.987268 0.012716 0.000000
2 2 0.000000 0.000298 0.963306 0.036353 0.000043
2 2 0.000000 0.000085 0.980495 0.019411 0.000008
2 2 0.000000 0.000205 0.996715 0.003049 0.000030
2 2 0.000000 0.000020 0.994896 0.005085 0.000000
2 2 0.000010 0.000046 0.999807 0.000137 0.000000
2 2 0.000001 0.000665 0.999174 0.000155 0.000004
2 2 0.000107 0.001003 0.996836 0.002038 0.000015
3 2 0.000014 0.000428 0.303255 0.696294 0.000008
2 2 0.000015 0.007785 0.931782 0.060246 0.000172
2 2 0.000003 0.001146 0.845336 0.153431 0.000084
2 2 0.000001 0.000871 0.577208 0.421879 0.000042
2 2 0.000001 0.000063 0.983798 0.016139 0.000000
2 2 0.000000 0.000106 0.883640 0.116251 0.000003
2 2 0.000000 0.000022 0.842255 0.157722 0.000001
2 2 0.000015 0.000667 0.994030 0.005236 0.000052
3 2 0.000000 0.000024 0.191270 0.808706 0.000000
3 2 0.003950 0.013448 0.382621 0.598548 0.001433
0 0 0.952478 0.011367 0.034161 0.001771 0.000222
0 0 0.796944 0.060456 0.130978 0.004257 0.007365
0 0 0.661245 0.140343 0.157382 0.034145 0.006884
0 0 0.772067 0.061975 0.150885 0.008044 0.007029
0 0 0.587160 0.116014 0.163047 0.069796 0.063983
0 0 0.543657 0.391674 0.034800 0.000703 0.029165
2 0 0.424331 0.043445 0.438767 0.053900 0.039557
3 0 0.093634 0.055943 0.265019 0.568717 0.016687
2 0 0.158167 0.083760 0.740215 0.002518 0.015340
1 0 0.038363 0.693023 0.226232 0.000050 0.042332
0 0 0.646962 0.049781 0.063965 0.000414 0.238878
0 0 0.998294 0.000709 0.000250 0.000000 0.000747
0 0 0.478938 0.343412 0.081772 0.000021 0.095857
2 0 0.069076 0.231753 0.359166 0.000053 0.339953
4 0 0.198825 0.126106 0.247967 0.000013 0.427089
2 0 0.123156 0.154285 0.396066 0.001049 0.325444
4 0 0.101498 0.006659 0.015635 0.000640 0.875569
4 0 0.381380 0.041791 0.006314 0.000026 0.570489
0 0 0.548237 0.094360 0.021957 0.000083 0.335364
4 0 0.301298 0.318227 0.059577 0.000133 0.320765
4 0 0.014918 0.039868 0.030210 0.000067 0.914939
4 0 0.137541 0.053925 0.018334 0.000087 0.790114
4 0 0.027442 0.422608 0.078495 0.000030 0.471425
4 0 0.012688 0.186186 0.050751 0.000002 0.750373
4 0 0.005364 0.420357 0.021950 0.000001 0.552328
0 1 0.803100 0.118832 0.024517 0.000005 0.053546
0 1 0.716676 0.117253 0.035401 0.000015 0.130654
0 1 0.925123 0.025277 0.010674 0.000002 0.038924
0 1 0.592171 0.044146 0.052770 0.000067 0.310846
0 1 0.660720 0.124727 0.021620 0.000089 0.192845
0 1 0.625077 0.148826 0.186001 0.000967 0.039130
0 1 0.811197 0.136398 0.020672 0.000022 0.031710
1 1 0.040316 0.396516 0.305364 0.000056 0.257748
0 1 0.550954 0.090424 0.054396 0.000144 0.304082
0 1 0.592694 0.267547 0.041397 0.000000 0.098362
0 1 0.946172 0.042117 0.002364 0.000000 0.009347
2 1 0.226772 0.123971 0.626895 0.000094 0.022267
2 1 0.194837 0.129742 0.229524 0.220987 0.224910
1 1 0.078563 0.856272 0.051374 0.000010 0.013781
1 1 0.273413 0.497233 0.216506 0.000071 0.012778
