0 0 0.511893 0.175268 0.101474 0.033908 0.177457
0 0 0.408035 0.215338 0.141622 0.032525 0.202481
0 0 0.547437 0.135644 0.084849 0.059925 0.172145
0 0 0.630006 0.141803 0.065368 0.023680 0.139143
0 0 0.851527 0.059132 0.016660 0.011261 0.061421
0 0 0.715567 0.107651 0.043499 0.021568 0.111716
0 0 0.666403 0.127847 0.055642 0.022506 0.127602
0 0 0.810304 0.072042 0.023699 0.016156 0.077799
0 0 0.719453 0.091742 0.047814 0.028122 0.112869
0 0 0.891369 0.045668 0.010633 0.007112 0.045217
0 0 0.797512 0.075861 0.026035 0.017790 0.082801
0 0 0.789075 0.078335 0.027614 0.018897 0.086078
0 0 0.774104 0.082639 0.030489 0.020916 0.091852
0 0 0.847861 0.060319 0.017254 0.011673 0.062893
0 0 0.850483 0.059471 0.016829 0.011378 0.061840
0 0 0.902693 0.041635 0.009076 0.006049 0.040548
0 0 0.881495 0.049106 0.012050 0.008083 0.049267
0 0 0.825795 0.067301 0.020964 0.014249 0.071691
0 0 0.778079 0.083264 0.029863 0.018899 0.089896
0 0 0.578106 0.158011 0.080320 0.027447 0.156116
0 0 0.781370 0.083477 0.029304 0.017546 0.088304
0 0 0.840848 0.062568 0.018409 0.012473 0.065702
0 0 0.853802 0.058391 0.016294 0.011008 0.060505
0 0 0.809125 0.072397 0.023911 0.016304 0.078262
0 0 0.800783 0.074893 0.025431 0.017367 0.081526
0 0 0.783946 0.079822 0.028589 0.019581 0.088062
0 0 0.944380 0.025793 0.004048 0.002650 0.023130
0 0 0.850429 0.059488 0.016837 0.011384 0.061862
0 0 0.915682 0.036879 0.007384 0.004898 0.035157
0 0 0.726617 0.101903 0.040845 0.022269 0.108367
0 0 0.844936 0.061261 0.017733 0.012004 0.064066
0 0 0.817397 0.069887 0.022434 0.015273 0.075010
0 0 0.883264 0.048495 0.011792 0.007906 0.048543
0 0 0.823703 0.067949 0.021327 0.014502 0.072519
0 0 0.744310 0.094067 0.036801 0.022344 0.102478
0 0 0.787137 0.078898 0.027981 0.019154 0.086829
0 0 0.807250 0.072961 0.024250 0.016541 0.078997
0 0 0.842565 0.062020 0.018124 0.012275 0.065015
0 0 0.882174 0.048871 0.011951 0.008015 0.048989
0 0 0.933929 0.029933 0.005193 0.003418 0.027527
0 0 0.924641 0.033510 0.006280 0.004151 0.031419
0 0 0.862218 0.055622 0.014964 0.010089 0.057108
0 0 0.871758 0.052428 0.013498 0.009078 0.053238
0 0 0.957742 0.020294 0.002716 0.001762 0.017486
0 0 0.789465 0.078222 0.027541 0.018845 0.085927
0 0 0.863842 0.055082 0.014711 0.009914 0.056451
0 0 0.892115 0.045405 0.010528 0.007041 0.044911
0 0 0.758350 0.087249 0.033633 0.022940 0.097828
0 0 0.912013 0.038237 0.007851 0.005215 0.036684
0 0 0.572815 0.147403 0.080839 0.037525 0.161418
0 0 0.950657 0.023241 0.003403 0.002219 0.020481
0 0 0.933004 0.030293 0.005299 0.003489 0.027915
0 0 0.932671 0.030422 0.005337 0.003515 0.028055
0 0 0.929782 0.031541 0.005671 0.003740 0.029267
0 0 0.894366 0.044610 0.010214 0.006825 0.043984
0 0 0.955013 0.021438 0.002975 0.001934 0.018640
0 0 0.929973 0.031467 0.005649 0.003725 0.029186
0 0 0.846289 0.060826 0.017511 0.011850 0.063523
0 0 0.360581 0.239133 0.162823 0.028080 0.209383
0 0 0.890062 0.046127 0.010817 0.007238 0.045755
0 0 0.600165 0.151803 0.073812 0.025443 0.148776
0 0 0.882137 0.048884 0.011956 0.008019 0.049004
0 0 0.956544 0.020797 0.002829 0.001837 0.017992
0 0 0.956031 0.021012 0.002878 0.001870 0.018209
0 0 0.943126 0.026296 0.004181 0.002738 0.023658
0 0 0.914880 0.037177 0.007485 0.004967 0.035491
0 0 0.956475 0.020827 0.002836 0.001842 0.018022
0 0 0.907947 0.039728 0.008379 0.005574 0.038371
0 0 0.936655 0.028865 0.004887 0.003212 0.026382
0 0 0.807074 0.073014 0.024282 0.016564 0.079066
0 0 0.858880 0.056725 0.015487 0.010450 0.058457
0 0 0.901538 0.042051 0.009231 0.006155 0.041025
0 0 0.882935 0.048609 0.011840 0.007939 0.048678
0 0 0.917800 0.036089 0.007118 0.004718 0.034275
0 0 0.580302 0.160066 0.079767 0.025441 0.154424
0 0 0.932734 0.030398 0.005330 0.003510 0.028029
0 0 0.921843 0.034570 0.006619 0.004380 0.032588
0 0 0.870712 0.052781 0.013656 0.009188 0.053663
0 0 0.895672 0.044147 0.010033 0.006702 0.043446
0 0 0.947526 0.024520 0.003720 0.002431 0.021803
0 0 0.943400 0.026186 0.004152 0.002719 0.023543
0 0 0.869867 0.053066 0.013785 0.009276 0.054007
0 0 0.863064 0.055341 0.014832 0.009998 0.056766
0 0 0.921306 0.034773 0.006684 0.004424 0.032812
0 0 0.948086 0.024292 0.003663 0.002392 0.021566
0 0 0.897947 0.043337 0.009720 0.006488 0.042508
0 0 0.867222 0.053954 0.014189 0.009555 0.055081
0 0 0.862156 0.055642 0.014973 0.010095 0.057133
0 0 0.907325 0.039955 0.008461 0.005630 0.038629
0 0 0.925365 0.033234 0.006193 0.004092 0.031116
0 0 0.880637 0.049401 0.012175 0.008169 0.049617
0 0 0.914277 0.037401 0.007562 0.005019 0.035742
0 0 0.916095 0.036725 0.007332 0.004863 0.034985
0 0 0.946105 0.025097 0.003867 0.002529 0.022402
0 0 0.892435 0.045293 0.010483 0.007010 0.044779
0 0 0.940561 0.027321 0.004457 0.002923 0.024739
0 0 0.953482 0.022075 0.003123 0.002033 0.019287
0 0 0.961865 0.018542 0.002339 0.001513 0.015740
0 0 0.839983 0.062844 0.018553 0.012573 0.066047
0 0 0.815338 0.070515 0.022798 0.015527 0.075821
0 0 0.929751 0.031249 0.005863 0.003739 0.029398
0 0 0.958893 0.018508 0.003335 0.001691 0.017574
0 0 0.958544 0.019430 0.002920 0.001715 0.017392
0 0 0.957807 0.019477 0.003139 0.001760 0.017818
0 0 0.953347 0.021942 0.003238 0.002042 0.019431
0 0 0.953522 0.022058 0.003120 0.002030 0.019270
0 0 0.948944 0.023943 0.003575 0.002334 0.021204
0 0 0.958459 0.018964 0.003213 0.001719 0.017645
0 0 0.957968 0.020198 0.002695 0.001748 0.017390
0 0 0.925341 0.033243 0.006196 0.004094 0.031126
0 1 0.767419 0.090030 0.032216 0.017386 0.092949
0 1 0.350955 0.244964 0.167285 0.026706 0.210089
0 1 0.331675 0.252936 0.176641 0.025857 0.212890
0 0 0.959814 0.018019 0.003306 0.001635 0.017226
0 1 0.847717 0.060366 0.017278 0.011689 0.062951
0 1 0.873936 0.051690 0.013169 0.008853 0.052351
0 0 0.947497 0.024532 0.003723 0.002433 0.021815
0 1 0.334812 0.238131 0.175455 0.033357 0.218247
0 1 0.444114 0.206489 0.126907 0.029953 0.192537
2 2 0.140975 0.296658 0.307441 0.024202 0.230724
2 2 0.100668 0.309590 0.350555 0.018650 0.220537
2 2 0.052853 0.285613 0.442887 0.016318 0.202328
1 2 0.181984 0.288303 0.271130 0.026318 0.232264
2 2 0.069837 0.274559 0.421844 0.020462 0.213299
2 2 0.051474 0.246884 0.482824 0.019002 0.199816
2 2 0.024598 0.133749 0.684025 0.013831 0.143798
2 2 0.039250 0.184431 0.584627 0.016844 0.174848
2 2 0.019616 0.105677 0.737083 0.012107 0.125518
2 2 0.014914 0.071608 0.800217 0.010726 0.102536
2 2 0.009093 0.036571 0.891096 0.009488 0.053751
2 2 0.011896 0.037059 0.880702 0.012676 0.057668
2 2 0.011471 0.048885 0.848779 0.008685 0.082180
2 2 0.010214 0.036454 0.888055 0.010984 0.054293
2 2 0.006455 0.015428 0.940607 0.009598 0.027912
2 2 0.010404 0.031988 0.897407 0.012588 0.047612
2 2 0.006946 0.017113 0.934315 0.009255 0.032371
2 2 0.006465 0.015763 0.939945 0.009539 0.028288
2 2 0.005533 0.015670 0.940611 0.006832 0.031354
2 2 0.014284 0.035397 0.882460 0.019797 0.048062
2 2 0.006376 0.012784 0.946001 0.010291 0.024548
2 2 0.006925 0.013114 0.944454 0.012537 0.022970
2 2 0.009572 0.010820 0.938338 0.019878 0.021392
2 2 0.011652 0.017263 0.920706 0.021152 0.029227
2 2 0.009933 0.014345 0.931229 0.017748 0.026745
2 3 0.012646 0.015408 0.919860 0.026320 0.025765
2 3 0.018821 0.012334 0.893328 0.054514 0.021002
2 3 0.016635 0.011078 0.893026 0.061751 0.017510
2 3 0.010610 0.010066 0.934166 0.027120 0.018038
2 3 0.018762 0.008536 0.896456 0.059246 0.016999
2 3 0.032249 0.014388 0.712766 0.224116 0.016480
2 3 0.024260 0.017596 0.859574 0.073017 0.025553
2 3 0.026505 0.017258 0.806402 0.129374 0.020462
2 3 0.021401 0.009171 0.885339 0.065553 0.018536
2 3 0.028925 0.021308 0.795066 0.130137 0.024565
2 3 0.029510 0.018339 0.777845 0.152851 0.021455
2 3 0.034256 0.021607 0.556121 0.372212 0.015803
2 2 0.110057 0.150078 0.511256 0.029760 0.198850
0 0 0.723831 0.093430 0.043779 0.027849 0.111111
0 0 0.851999 0.055526 0.019500 0.011008 0.061967
0 0 0.937265 0.028625 0.004819 0.003166 0.026125
0 0 0.869770 0.052975 0.013893 0.009281 0.054080
0 0 0.935440 0.029342 0.005023 0.003303 0.026892
0 0 0.946929 0.024763 0.003782 0.002472 0.022055
0 0 0.873781 0.051743 0.013193 0.008869 0.052415
0 0 0.890671 0.045913 0.010731 0.007180 0.045505
0 0 0.901864 0.041934 0.009187 0.006125 0.040890
0 0 0.890157 0.046094 0.010804 0.007229 0.045716
2 1 0.124241 0.299789 0.324553 0.022898 0.228520
0 0 0.913735 0.037601 0.007631 0.005066 0.035967
0 0 0.930778 0.031156 0.005555 0.003662 0.028849
0 0 0.925807 0.033066 0.006140 0.004056 0.030931
0 1 0.430755 0.218820 0.132187 0.025691 0.192546
0 0 0.933785 0.029744 0.005359 0.003427 0.027686
0 0 0.827641 0.066728 0.020645 0.014027 0.070960
0 0 0.942994 0.026349 0.004195 0.002748 0.023714
0 1 0.632372 0.133824 0.064272 0.028836 0.140696
0 1 0.715542 0.106782 0.043446 0.022244 0.111986
0 0 0.951887 0.022735 0.003280 0.002137 0.019961
0 1 0.692217 0.114312 0.048925 0.024275 0.120271
0 1 0.872557 0.052158 0.013377 0.008995 0.052913
0 1 0.339536 0.241191 0.173085 0.030699 0.215489
2 2 0.178121 0.209524 0.342506 0.038302 0.231548
0 2 0.650042 0.112417 0.068885 0.032152 0.136503
1 2 0.232821 0.259180 0.234514 0.036900 0.236584
0 1 0.692124 0.104370 0.047818 0.033198 0.122491
2 2 0.076738 0.295751 0.387346 0.020995 0.219169
2 2 0.025363 0.122445 0.696352 0.014588 0.141253
2 2 0.160768 0.257637 0.312106 0.033104 0.236384
2 2 0.037039 0.175016 0.595296 0.018645 0.174004
2 2 0.027964 0.142040 0.665376 0.014430 0.150190
2 2 0.007937 0.029441 0.901661 0.007384 0.053577
2 2 0.009165 0.025085 0.911560 0.010955 0.043236
2 2 0.010779 0.021628 0.910235 0.012501 0.044857
2 2 0.007783 0.023466 0.913124 0.007591 0.048036
2 2 0.007392 0.012585 0.940755 0.010414 0.028855
2 2 0.006507 0.016894 0.934853 0.008049 0.033696
2 2 0.005725 0.011404 0.950879 0.009416 0.022577
2 2 0.007106 0.008141 0.952022 0.014331 0.018400
2 2 0.006126 0.012532 0.944653 0.008138 0.028550
2 2 0.005409 0.012503 0.949074 0.007970 0.025043
2 2 0.007421 0.006461 0.953193 0.018253 0.014672
2 2 0.008708 0.017163 0.928488 0.012132 0.033510
2 2 0.007899 0.008273 0.948750 0.017183 0.017895
2 2 0.011343 0.015952 0.923746 0.020496 0.028462
2 2 0.007894 0.008014 0.948811 0.019224 0.016056
2 2 0.011631 0.006659 0.931330 0.036679 0.013700
2 2 0.016065 0.007962 0.909092 0.051069 0.015811
2 3 0.022677 0.009370 0.873669 0.076536 0.017747
2 3 0.030329 0.019935 0.801096 0.123304 0.025335
2 3 0.011816 0.006251 0.932011 0.035973 0.013949
2 3 0.019927 0.011067 0.889126 0.060611 0.019269
2 3 0.033278 0.014299 0.739932 0.193859 0.018632
2 3 0.021607 0.011442 0.870090 0.078006 0.018854
2 3 0.026893 0.015265 0.637995 0.307028 0.012819
2 3 0.034254 0.017425 0.767611 0.156701 0.024010
2 3 0.012959 0.009196 0.925175 0.034713 0.017956
2 3 0.028476 0.012912 0.762956 0.179231 0.016424
2 3 0.023116 0.016315 0.553199 0.396990 0.010380
2 3 0.033999 0.025755 0.477181 0.447585 0.015480
2 3 0.032111 0.018005 0.623450 0.310961 0.015472
2 3 0.027799 0.015538 0.639273 0.304145 0.013245
2 3 0.024785 0.015469 0.600715 0.347657 0.011374
3 3 0.023891 0.026671 0.320759 0.618822 0.009857
2 3 0.029977 0.019559 0.551178 0.385832 0.013454
2 3 0.036035 0.021151 0.588760 0.336827 0.017227
3 3 0.028980 0.028745 0.371841 0.557634 0.012800
2 3 0.028754 0.018942 0.568938 0.369852 0.013514
3 3 0.024180 0.025390 0.321966 0.619082 0.009382
2 3 0.027118 0.020961 0.504052 0.435377 0.012493
3 3 0.024724 0.024482 0.340584 0.600698 0.009511
3 3 0.022020 0.032143 0.200512 0.736984 0.008342
2 3 0.029842 0.021042 0.516473 0.419380 0.013263
3 3 0.017008 0.025585 0.204218 0.746957 0.006232
3 3 0.033544 0.035626 0.297482 0.619591 0.013757
2 3 0.012156 0.019987 0.915148 0.025769 0.026940
2 2 0.013091 0.039972 0.882605 0.020080 0.044252
2 2 0.010907 0.038812 0.885336 0.012852 0.052093
2 2 0.011458 0.028946 0.904939 0.020158 0.034498
2 2 0.018580 0.100497 0.748684 0.011330 0.120910
2 2 0.010026 0.025169 0.912523 0.014470 0.037812
2 2 0.004720 0.009249 0.958779 0.008194 0.019059
2 2 0.021792 0.087453 0.758013 0.012876 0.119865
2 2 0.012466 0.055598 0.841628 0.010469 0.079839
2 2 0.013776 0.052395 0.843698 0.012108 0.078023
2 2 0.010756 0.021333 0.913814 0.014208 0.039889
2 2 0.013608 0.059973 0.822927 0.010025 0.093467
2 2 0.006315 0.007265 0.956622 0.014464 0.015335
2 2 0.032570 0.134679 0.659467 0.017655 0.155630
2 2 0.017085 0.047516 0.850053 0.019055 0.066292
2 2 0.005986 0.017900 0.935050 0.007294 0.033771
2 2 0.007320 0.021790 0.920392 0.007813 0.042685
2 2 0.008065 0.025212 0.905540 0.007109 0.054073
2 2 0.021146 0.087201 0.759077 0.013021 0.119555
2 2 0.008410 0.024513 0.915341 0.010098 0.041638
2 2 0.007805 0.018608 0.928264 0.010134 0.035188
2 2 0.011943 0.048601 0.847354 0.009048 0.083054
2 2 0.007250 0.021311 0.924837 0.008812 0.037791
2 2 0.005369 0.014430 0.944657 0.007155 0.028390
2 2 0.006566 0.014283 0.940791 0.009065 0.029295
2 2 0.009970 0.032036 0.896005 0.010966 0.051023
2 2 0.007287 0.022687 0.918764 0.007679 0.043583
2 2 0.008443 0.018437 0.925451 0.010595 0.037074
2 2 0.005294 0.010910 0.952277 0.007925 0.023594
2 2 0.020060 0.037408 0.844513 0.017561 0.080459
0 0 0.474028 0.140863 0.153441 0.044176 0.187492
0 0 0.855642 0.055839 0.017593 0.010704 0.060223
0 0 0.883112 0.043217 0.016210 0.007661 0.049800
0 0 0.796656 0.074408 0.027749 0.017763 0.083424
0 0 0.897704 0.034733 0.017331 0.006043 0.044190
0 0 0.884582 0.048038 0.011601 0.007775 0.048003
0 0 0.878308 0.045802 0.016107 0.008193 0.051590
0 0 0.913740 0.033575 0.010637 0.004941 0.037108
0 0 0.900260 0.042510 0.009404 0.006273 0.041553
0 0 0.778570 0.081367 0.029622 0.020307 0.090135
0 0 0.880255 0.048480 0.013027 0.008169 0.050069
0 0 0.858076 0.056990 0.015614 0.010538 0.058782
0 0 0.868579 0.051767 0.015348 0.009334 0.054972
0 0 0.855306 0.056500 0.017186 0.010771 0.060237
0 0 0.923924 0.033782 0.006366 0.004209 0.031719
0 0 0.859637 0.052184 0.018993 0.010125 0.059061
0 0 0.898769 0.035850 0.015642 0.006064 0.043675
0 1 0.478799 0.135438 0.145722 0.051854 0.188187
2 1 0.056845 0.213339 0.512660 0.020633 0.196523
2 1 0.147906 0.278397 0.302367 0.032546 0.238783
2 1 0.035463 0.163045 0.619077 0.016619 0.165795
2 1 0.075859 0.211943 0.481111 0.024239 0.206848
0 2 0.518743 0.129545 0.136452 0.040465 0.174795
2 2 0.073949 0.293588 0.392242 0.021357 0.218865
2 2 0.026242 0.151737 0.657827 0.013508 0.150686
2 2 0.041921 0.127659 0.654655 0.018047 0.157719
2 2 0.024477 0.105696 0.721516 0.014706 0.133604
2 2 0.012666 0.038068 0.871936 0.012057 0.065273
2 2 0.015079 0.060691 0.818900 0.010099 0.095231
2 2 0.020080 0.076863 0.779497 0.011997 0.111564
2 2 0.013361 0.059714 0.832339 0.011158 0.083428
2 2 0.026203 0.107528 0.712173 0.016177 0.137919
2 2 0.011695 0.043266 0.864032 0.010236 0.070771
2 2 0.010088 0.034495 0.882016 0.008646 0.064754
2 2 0.010773 0.034333 0.887514 0.011126 0.056254
2 2 0.006465 0.019552 0.929583 0.007540 0.036861
2 2 0.007363 0.021554 0.920245 0.007767 0.043072
2 2 0.012728 0.036397 0.878604 0.013531 0.058740
2 2 0.004538 0.005572 0.966617 0.009681 0.013591
2 2 0.018596 0.088884 0.765307 0.011455 0.115758
2 2 0.006479 0.015127 0.938347 0.008255 0.031792
2 2 0.007151 0.026335 0.911499 0.007018 0.047996
2 2 0.007646 0.024499 0.914789 0.008110 0.044956
2 2 0.005273 0.005640 0.963547 0.011559 0.013982
2 2 0.010919 0.036098 0.881867 0.010568 0.060548
2 2 0.006650 0.011257 0.948109 0.011662 0.022322
2 2 0.005029 0.014316 0.945132 0.006315 0.029207
2 2 0.016139 0.057457 0.826535 0.013756 0.086112
2 2 0.006540 0.008486 0.953772 0.014020 0.017182
2 2 0.004525 0.007229 0.963686 0.008993 0.015567
2 2 0.010824 0.021275 0.915034 0.015376 0.037492
2 2 0.006852 0.010447 0.949108 0.013014 0.020579
2 1 0.155981 0.185908 0.405361 0.033226 0.219526
2 1 0.033894 0.179272 0.603933 0.015287 0.167615
2 2 0.012357 0.057876 0.845770 0.011776 0.072221
2 2 0.009645 0.039469 0.876077 0.008205 0.066604
2 2 0.015000 0.064576 0.815356 0.009231 0.095837
2 2 0.008828 0.040777 0.877245 0.007463 0.065687
2 2 0.008714 0.027828 0.906473 0.009477 0.047509
2 2 0.014596 0.067360 0.808841 0.010221 0.098981
2 2 0.006815 0.016470 0.936246 0.009305 0.031164
2 2 0.008912 0.037958 0.877119 0.006976 0.069036
2 2 0.006940 0.011778 0.946363 0.012454 0.022465
2 2 0.014648 0.059131 0.825551 0.010112 0.090557
2 2 0.011486 0.047039 0.858076 0.009785 0.073614
2 2 0.023744 0.081472 0.764240 0.012784 0.117760
2 2 0.203455 0.245737 0.280503 0.035004 0.235301
0 0 0.843411 0.054106 0.025004 0.011614 0.065865
0 0 0.780554 0.080238 0.029757 0.019989 0.089462
0 0 0.877581 0.050449 0.012626 0.008479 0.050865
0 0 0.921509 0.032126 0.008452 0.004351 0.033563
0 0 0.806199 0.062231 0.035589 0.015568 0.080412
0 0 0.861912 0.045772 0.024285 0.009403 0.058629
0 0 0.818812 0.065037 0.026201 0.014759 0.075190
0 0 0.846560 0.056618 0.021023 0.011562 0.064236
0 0 0.857227 0.057269 0.015749 0.010631 0.059125
0 0 0.787185 0.076052 0.030630 0.018896 0.087237
0 0 0.848717 0.056900 0.019773 0.011392 0.063219
0 0 0.860258 0.056270 0.015270 0.010301 0.057901
0 0 0.856176 0.054617 0.018406 0.010583 0.060218
0 0 0.683327 0.090847 0.068559 0.031915 0.125352
1 1 0.206432 0.265255 0.253178 0.036258 0.238877
0 0 0.414052 0.083109 0.280139 0.047994 0.174705
0 0 0.909767 0.034838 0.011347 0.005271 0.038777
0 0 0.874302 0.046627 0.017223 0.008559 0.053289
0 0 0.874545 0.044204 0.019422 0.008362 0.053466
0 0 0.848887 0.059988 0.017087 0.011557 0.062481
0 0 0.924408 0.030449 0.008529 0.004097 0.032516
0 0 0.896420 0.036888 0.015788 0.006291 0.044613
0 0 0.779665 0.063663 0.048767 0.017928 0.089977
0 0 0.797994 0.059282 0.043786 0.015796 0.083142
0 0 0.892886 0.040116 0.014452 0.006748 0.045799
0 0 0.859598 0.051548 0.019597 0.010083 0.059174
0 0 0.871188 0.047165 0.018195 0.008839 0.054613
0 0 0.818116 0.055389 0.037146 0.013712 0.075638
0 0 0.830603 0.064095 0.021601 0.013564 0.070138
0 0 0.920828 0.034874 0.006794 0.004463 0.033041
0 0 0.787357 0.052260 0.060406 0.015226 0.084750
0 0 0.911365 0.032914 0.012307 0.005063 0.038350
0 0 0.918480 0.033479 0.008680 0.004607 0.034754
0 0 0.785818 0.060445 0.049426 0.016902 0.087408
0 0 0.875894 0.043138 0.019821 0.008177 0.052970
0 0 0.847039 0.045823 0.032487 0.010405 0.064246
0 0 0.846333 0.052695 0.024983 0.011246 0.064742
0 0 0.919265 0.029774 0.011435 0.004392 0.035135
0 0 0.897331 0.039323 0.013110 0.006381 0.043856
0 0 0.903402 0.037907 0.011599 0.005867 0.041224
0 0 0.921208 0.034810 0.006697 0.004432 0.032853
0 0 0.931969 0.028098 0.007169 0.003523 0.029241
0 0 0.849025 0.055481 0.020921 0.011264 0.063310
0 0 0.920006 0.033308 0.008185 0.004492 0.034008
0 0 0.919097 0.031773 0.009763 0.004502 0.034865
0 0 0.850165 0.057651 0.018468 0.011309 0.062407
0 0 0.779438 0.069272 0.041882 0.018827 0.090582
0 0 0.820952 0.064104 0.026078 0.014477 0.074389
0 0 0.363638 0.225207 0.161342 0.035796 0.214017
0 1 0.697688 0.105433 0.046894 0.029936 0.120049
0 1 0.484811 0.151023 0.132301 0.044814 0.187051
2 1 0.128025 0.281286 0.322575 0.031098 0.237017
0 0 0.867021 0.054021 0.014220 0.009576 0.055162
0 0 0.918475 0.031444 0.010317 0.004528 0.035236
0 0 0.778162 0.081483 0.029701 0.020362 0.090292
0 0 0.942398 0.026451 0.004338 0.002790 0.024024
0 0 0.926082 0.032799 0.006209 0.004032 0.030878
0 0 0.892908 0.045126 0.010417 0.006965 0.044585
0 0 0.851112 0.056775 0.018801 0.011169 0.062143
0 0 0.848939 0.057370 0.019258 0.011403 0.063031
0 0 0.880761 0.049358 0.012157 0.008157 0.049567
0 0 0.900881 0.042287 0.009320 0.006215 0.041297
0 1 0.344603 0.223201 0.170048 0.041367 0.220781
0 1 0.476242 0.177043 0.122618 0.036371 0.187727
0 1 0.358890 0.211286 0.162296 0.047327 0.220200
0 1 0.521322 0.160774 0.096959 0.043075 0.177870
2 2 0.030128 0.147848 0.654019 0.014432 0.153573
2 2 0.223579 0.185778 0.319826 0.042828 0.227989
2 2 0.143474 0.222598 0.381716 0.028509 0.223704
0 2 0.673711 0.103282 0.061382 0.032650 0.128976
1 2 0.244046 0.261960 0.227090 0.033804 0.233101
2 2 0.091863 0.192185 0.486340 0.024691 0.204920
0 0 0.860597 0.056158 0.015217 0.010264 0.057764
0 0 0.806708 0.060221 0.037668 0.015259 0.080144
0 0 0.883420 0.048441 0.011769 0.007891 0.048479
0 0 0.939101 0.026810 0.005285 0.003021 0.025783
0 0 0.764006 0.081682 0.036211 0.021925 0.096177
0 0 0.824699 0.067641 0.021154 0.014381 0.072125
0 0 0.890119 0.046107 0.010809 0.007233 0.045732
0 1 0.391964 0.212065 0.148188 0.038486 0.209297
0 1 0.324947 0.229908 0.180054 0.040743 0.224348
0 1 0.722117 0.077651 0.063835 0.025403 0.110994
0 0 0.865974 0.047476 0.020425 0.009263 0.056861
0 1 0.278099 0.247997 0.206082 0.037248 0.230574
1 1 0.211717 0.276160 0.248937 0.029777 0.233410
2 2 0.107101 0.278863 0.359443 0.025935 0.228658
2 2 0.052430 0.220237 0.518440 0.017544 0.191349
0 0 0.490942 0.163173 0.121254 0.039754 0.184877
0 0 0.821071 0.068761 0.021787 0.014822 0.073560
2 1 0.129619 0.247360 0.364745 0.029169 0.229107
2 2 0.025939 0.141792 0.672732 0.013179 0.146358
2 2 0.022236 0.119407 0.711384 0.012668 0.134305
2 2 0.020174 0.110770 0.729297 0.012778 0.126981
2 2 0.017848 0.069500 0.803837 0.014418 0.094398
2 2 0.015617 0.071702 0.809275 0.011982 0.091423
2 2 0.021378 0.106763 0.731812 0.012329 0.127719
2 2 0.025455 0.103200 0.728116 0.013063 0.130166
2 2 0.015049 0.044752 0.854587 0.011427 0.074185
2 2 0.008573 0.027377 0.913605 0.011649 0.038797
2 2 0.008192 0.030954 0.902781 0.008592 0.049481
2 2 0.007402 0.029366 0.907198 0.007525 0.048510
2 2 0.007230 0.024736 0.918727 0.008403 0.040904
2 2 0.009927 0.042713 0.872541 0.008846 0.065972
2 2 0.006311 0.019724 0.926911 0.006562 0.040492
2 2 0.007733 0.023528 0.915836 0.008179 0.044724
2 2 0.009768 0.033235 0.889341 0.009215 0.058441
2 2 0.006008 0.016296 0.935097 0.006609 0.035989
2 2 0.004495 0.006964 0.964276 0.009007 0.015258
2 2 0.005161 0.007278 0.960895 0.009957 0.016708
2 2 0.006950 0.021058 0.919591 0.006642 0.045759
2 2 0.005231 0.006917 0.961231 0.010116 0.016504
2 2 0.007199 0.013117 0.940928 0.010375 0.028380
2 2 0.010888 0.009968 0.934697 0.022994 0.021452
2 2 0.006304 0.013061 0.946393 0.010708 0.023534
2 2 0.004635 0.010614 0.954802 0.006635 0.023314
2 2 0.006266 0.006769 0.957642 0.013383 0.015939
2 2 0.006371 0.010718 0.949443 0.010453 0.023014
2 2 0.010442 0.008759 0.938332 0.022116 0.020352
2 2 0.006538 0.020250 0.929175 0.007931 0.036105
2 2 0.006914 0.010432 0.947149 0.010575 0.024929
2 2 0.012376 0.008064 0.930589 0.030751 0.018220
2 2 0.006913 0.016119 0.936277 0.009367 0.031324
2 2 0.005963 0.011420 0.950887 0.010956 0.020775
2 2 0.006506 0.007772 0.955027 0.013666 0.017029
2 3 0.008194 0.006345 0.949722 0.021515 0.014224
2 3 0.012403 0.007895 0.927693 0.036350 0.015660
2 3 0.010482 0.006754 0.938986 0.028679 0.015099
2 3 0.023278 0.008512 0.869075 0.081993 0.017143
2 2 0.013822 0.011636 0.918547 0.035834 0.020161
2 2 0.047019 0.028434 0.799204 0.061233 0.064111
2 2 0.035483 0.122547 0.671636 0.017908 0.152427
2 2 0.009767 0.025832 0.907785 0.011478 0.045138
2 2 0.011019 0.048525 0.858436 0.009499 0.072521
2 2 0.009637 0.035165 0.892968 0.010643 0.051587
2 2 0.012149 0.026389 0.903733 0.018067 0.039661
2 2 0.005463 0.007154 0.960093 0.011075 0.016215
2 2 0.005451 0.009657 0.955548 0.009892 0.019452
2 2 0.012248 0.034734 0.873885 0.010566 0.068567
2 2 0.005233 0.011251 0.951643 0.007643 0.024230
2 2 0.009714 0.028212 0.903929 0.011195 0.046949
2 2 0.019654 0.081357 0.771668 0.012590 0.114730
2 2 0.010345 0.032762 0.898663 0.013539 0.044691
2 2 0.006110 0.012488 0.946749 0.009273 0.025379
2 2 0.007783 0.009172 0.947621 0.018252 0.017171
2 2 0.007876 0.018935 0.926572 0.009790 0.036828
2 2 0.009295 0.019154 0.925049 0.014471 0.032032
2 2 0.007498 0.028855 0.906042 0.007302 0.050303
2 2 0.003900 0.007852 0.964620 0.006974 0.016654
2 2 0.009741 0.024176 0.913208 0.012871 0.040005
2 2 0.006297 0.010825 0.950255 0.011206 0.021417
2 2 0.004660 0.009200 0.958749 0.007780 0.019610
2 2 0.006222 0.010984 0.949360 0.009982 0.023452
2 3 0.007559 0.007146 0.951533 0.018521 0.015241
2 3 0.009945 0.009767 0.938078 0.023274 0.018936
2 3 0.033147 0.012825 0.779848 0.154092 0.020088
2 3 0.026289 0.012638 0.861842 0.075472 0.023759
2 3 0.032285 0.024903 0.788082 0.124695 0.030036
2 3 0.020505 0.020557 0.885320 0.035530 0.038088
2 0 0.075378 0.155711 0.550510 0.026754 0.191647
0 0 0.484568 0.107002 0.179760 0.049951 0.178719
2 1 0.061365 0.190667 0.533382 0.021580 0.193006
2 1 0.080461 0.219997 0.464952 0.024397 0.210194
2 1 0.124519 0.212068 0.383090 0.044777 0.235546
2 2 0.019535 0.096930 0.749777 0.012152 0.121607
2 2 0.051192 0.176220 0.555668 0.025897 0.191024
2 2 0.009478 0.038531 0.888390 0.010309 0.053292
0 2 0.499364 0.151180 0.132082 0.036796 0.180579
0 1 0.484818 0.173246 0.109898 0.043812 0.188227
0 0 0.716750 0.090711 0.050380 0.028272 0.113887
2 1 0.046165 0.217754 0.526350 0.018913 0.190818
2 2 0.022065 0.127413 0.702435 0.012041 0.136046
2 2 0.015242 0.064332 0.821345 0.013203 0.085877
2 2 0.009160 0.026852 0.911151 0.011921 0.040916
2 2 0.008707 0.023404 0.919224 0.012132 0.036533
2 2 0.050817 0.179318 0.561561 0.021887 0.186417
2 2 0.006202 0.017822 0.935576 0.008028 0.032372
2 2 0.006989 0.017451 0.932612 0.008847 0.034100
2 2 0.009045 0.032641 0.891868 0.008294 0.058152
2 2 0.013579 0.065385 0.815513 0.009630 0.095892
2 2 0.010373 0.016493 0.925754 0.017061 0.030320
2 2 0.007862 0.020830 0.924442 0.010086 0.036779
2 2 0.009703 0.024796 0.908628 0.011029 0.045844
2 2 0.008077 0.009488 0.945850 0.019420 0.017165
2 2 0.006370 0.014646 0.941824 0.009280 0.027881
2 2 0.007358 0.012331 0.943925 0.013229 0.023156
2 2 0.007744 0.016825 0.930590 0.009731 0.035110
2 2 0.007359 0.019453 0.927702 0.009136 0.036350
2 2 0.004957 0.009418 0.957695 0.008754 0.019176
2 2 0.007080 0.008361 0.951685 0.016901 0.015973
2 2 0.007274 0.010090 0.948346 0.016692 0.017598
2 2 0.008352 0.014568 0.937459 0.017418 0.022203
2 2 0.005246 0.007780 0.959913 0.010545 0.016515
2 2 0.007354 0.011963 0.945080 0.014770 0.020834
2 2 0.014346 0.042382 0.864032 0.015065 0.064175
2 2 0.028250 0.095772 0.727588 0.015722 0.132668
2 4 0.145022 0.252618 0.304280 0.049332 0.248749
2 4 0.051053 0.148032 0.595721 0.025328 0.179867
2 4 0.033504 0.139229 0.645920 0.019933 0.161414
2 4 0.075147 0.270319 0.393286 0.031799 0.229450
2 4 0.192336 0.250334 0.263042 0.047851 0.246436
2 4 0.113189 0.241425 0.336906 0.058101 0.250379
2 4 0.166572 0.257761 0.284881 0.044550 0.246236
2 4 0.090342 0.263747 0.369855 0.038317 0.237739
4 4 0.197387 0.206207 0.247358 0.092930 0.256119
2 4 0.056452 0.155419 0.580370 0.024371 0.183388
4 4 0.229698 0.224109 0.237847 0.061518 0.246827
2 4 0.190658 0.241662 0.263132 0.055096 0.249452
2 4 0.131315 0.274164 0.319353 0.034967 0.240202
2 4 0.105170 0.229542 0.381607 0.045268 0.238413
0 4 0.271100 0.194911 0.198911 0.089834 0.245244
2 4 0.104630 0.275099 0.350354 0.033281 0.236636
2 4 0.029128 0.103094 0.710538 0.017597 0.139644
2 4 0.087721 0.231024 0.419577 0.034791 0.226887
2 4 0.066596 0.205727 0.488906 0.029344 0.209426
2 4 0.166936 0.219842 0.276273 0.080064 0.256885
0 4 0.388377 0.159011 0.136278 0.097928 0.218406
2 4 0.080352 0.191972 0.480202 0.033874 0.213599
0 4 0.357451 0.164791 0.149250 0.102227 0.226281
2 4 0.154421 0.256674 0.295746 0.045964 0.247195
2 4 0.174082 0.205573 0.264288 0.097688 0.258370
2 4 0.123282 0.246170 0.326076 0.054489 0.249984
2 4 0.124347 0.190572 0.420343 0.039678 0.225061
2 4 0.146722 0.267878 0.303677 0.038626 0.243097
0 4 0.411530 0.156428 0.127964 0.091718 0.212360
2 4 0.165182 0.243901 0.284348 0.055568 0.251001
0 4 0.416610 0.155820 0.126182 0.090391 0.210998
2 4 0.067724 0.174545 0.533626 0.027034 0.197071
2 4 0.187118 0.218127 0.294651 0.054952 0.245152
2 4 0.087924 0.219375 0.441115 0.031319 0.220267
2 4 0.154606 0.264930 0.296087 0.040269 0.244109
2 4 0.184125 0.244403 0.268685 0.053472 0.249314
2 4 0.060923 0.183705 0.529890 0.027135 0.198346
2 4 0.038237 0.129146 0.645223 0.023288 0.164105
2 4 0.048317 0.129843 0.619526 0.028076 0.174238
2 4 0.052524 0.184063 0.543602 0.025815 0.193996
2 4 0.039981 0.125939 0.651816 0.021331 0.160933
2 4 0.160353 0.211288 0.323655 0.058752 0.245952
2 4 0.162133 0.225465 0.282351 0.074027 0.256024
2 4 0.196952 0.225309 0.254681 0.070014 0.253044
0 4 0.320033 0.185473 0.172510 0.086753 0.235231
0 4 0.269381 0.203180 0.202905 0.079781 0.244753
2 4 0.169154 0.251076 0.281982 0.049367 0.248421
2 4 0.070658 0.200887 0.487955 0.030299 0.210201
0 4 0.271591 0.205483 0.214482 0.067181 0.241263
0 4 0.293787 0.165950 0.174027 0.126449 0.239787
2 4 0.075468 0.241984 0.434118 0.028524 0.219906
0 4 0.250267 0.218672 0.218183 0.066988 0.245891
2 4 0.141463 0.266051 0.308831 0.039866 0.243789
2 4 0.051478 0.174268 0.555666 0.026889 0.191699
2 4 0.115951 0.234641 0.331902 0.064816 0.252690
2 4 0.068491 0.219730 0.462451 0.032241 0.217087
2 4 0.050672 0.201000 0.526210 0.024877 0.197240
2 4 0.119267 0.248670 0.331077 0.052202 0.248785
2 4 0.081361 0.267769 0.388236 0.032062 0.230572
2 4 0.086039 0.172201 0.487810 0.040122 0.213828
2 4 0.163013 0.205246 0.350677 0.045196 0.235868
0 4 0.403597 0.187116 0.153060 0.047043 0.209185
2 4 0.124631 0.218782 0.378520 0.042534 0.235533
2 2 0.160867 0.191203 0.378484 0.040952 0.228494
2 2 0.039679 0.145909 0.624490 0.021114 0.168809
2 2 0.026601 0.106917 0.713730 0.015674 0.137078
2 2 0.023002 0.089992 0.745543 0.015399 0.126064
2 2 0.019166 0.084168 0.766699 0.013155 0.116813
2 2 0.015722 0.055881 0.823235 0.011996 0.093167
2 2 0.030256 0.116745 0.687614 0.018039 0.147347
2 2 0.008336 0.022875 0.916975 0.009607 0.042206
2 2 0.013102 0.046550 0.846212 0.009978 0.084159
2 2 0.008921 0.029269 0.902541 0.009401 0.049868
2 2 0.014419 0.051737 0.832850 0.010826 0.090169
2 2 0.011328 0.027232 0.896050 0.011690 0.053700
2 2 0.010965 0.039151 0.875295 0.010136 0.064453
2 2 0.011649 0.044274 0.855537 0.008933 0.079605
2 2 0.009041 0.028509 0.898304 0.008332 0.055814
2 2 0.008110 0.025482 0.908574 0.007879 0.049955
2 2 0.007494 0.022113 0.918982 0.007938 0.043472
2 2 0.004974 0.012911 0.948095 0.006418 0.027602
2 2 0.006118 0.011261 0.948573 0.009202 0.024847
2 2 0.007629 0.012896 0.941931 0.013522 0.024023
2 2 0.007137 0.020366 0.921293 0.007114 0.044090
2 2 0.004812 0.006744 0.963157 0.009240 0.016047
2 2 0.007818 0.018932 0.923641 0.008548 0.041062
2 2 0.004841 0.010073 0.953938 0.006495 0.024652
2 2 0.006521 0.010918 0.949091 0.011376 0.022093
2 2 0.005773 0.007919 0.957163 0.010580 0.018564
2 2 0.006231 0.008487 0.954751 0.012150 0.018382
2 2 0.005584 0.007499 0.958754 0.010536 0.017627
2 2 0.007592 0.009541 0.947814 0.014826 0.020227
2 2 0.008108 0.008181 0.947880 0.018907 0.016923
2 2 0.008053 0.010230 0.944637 0.014488 0.022592
2 2 0.007491 0.007186 0.952016 0.017139 0.016168
2 2 0.011851 0.008339 0.931438 0.031059 0.017313
2 2 0.029416 0.013883 0.727404 0.212937 0.016360
2 2 0.011292 0.044050 0.874400 0.012295 0.057962
2 2 0.007423 0.015086 0.937797 0.011326 0.028367
2 2 0.005938 0.017407 0.936283 0.007332 0.033040
2 2 0.007974 0.012826 0.941100 0.014991 0.023109
2 2 0.009172 0.020303 0.917440 0.010404 0.042681
2 2 0.006834 0.010372 0.949501 0.013624 0.019669
2 2 0.007575 0.011660 0.944598 0.014882 0.021287
2 2 0.005927 0.008483 0.956235 0.012665 0.016691
2 2 0.005802 0.009820 0.953025 0.009463 0.021890
2 3 0.008091 0.006906 0.949943 0.019169 0.015890
2 3 0.009168 0.007721 0.944122 0.022329 0.016661
2 3 0.007262 0.008018 0.951625 0.014639 0.018455
2 3 0.016025 0.009614 0.909623 0.046734 0.018003
2 3 0.016202 0.009865 0.911326 0.042700 0.019908
2 3 0.025018 0.011349 0.823541 0.123621 0.016470
2 3 0.032366 0.014141 0.731627 0.204332 0.017535
2 3 0.024129 0.012292 0.808645 0.138911 0.016024
2 3 0.033776 0.022172 0.560966 0.366629 0.016457
2 3 0.015303 0.013005 0.912956 0.034346 0.024389
2 3 0.022782 0.007362 0.841551 0.115000 0.013305
2 3 0.025376 0.014082 0.651986 0.296494 0.012061
2 3 0.031937 0.013124 0.749936 0.187613 0.017389
2 3 0.028688 0.014726 0.682307 0.259723 0.014556
2 3 0.026368 0.020353 0.499149 0.442279 0.011851
3 3 0.034441 0.027915 0.442504 0.479627 0.015513
3 3 0.029143 0.028183 0.375535 0.554483 0.012655
3 3 0.024295 0.020269 0.460176 0.484799 0.010460
3 3 0.020478 0.031262 0.182989 0.757775 0.007496
3 3 0.020508 0.028666 0.235922 0.706783 0.008121
3 3 0.023421 0.024642 0.331619 0.611067 0.009251
3 3 0.026955 0.029752 0.301268 0.631198 0.010828
3 3 0.027369 0.025062 0.404011 0.531776 0.011782
3 3 0.023515 0.026605 0.278864 0.662295 0.008722
3 3 0.018004 0.029488 0.187722 0.757817 0.006969
2 3 0.029000 0.017745 0.612238 0.326709 0.014309
3 3 0.020327 0.027182 0.232659 0.712268 0.007564
3 3 0.015920 0.031579 0.121408 0.825499 0.005594
3 3 0.013864 0.033152 0.086662 0.861579 0.004743
3 3 0.020872 0.025421 0.298076 0.647088 0.008543
3 3 0.023481 0.026077 0.338641 0.601752 0.010049
3 3 0.029584 0.028922 0.368931 0.559715 0.012847
3 3 0.011800 0.029328 0.079772 0.875260 0.003840
3 3 0.014839 0.025111 0.187298 0.767140 0.005612
3 3 0.014130 0.034264 0.088478 0.858133 0.004995
3 3 0.022954 0.023686 0.377591 0.565821 0.009948
3 3 0.014255 0.031795 0.083700 0.865785 0.004465
3 3 0.022317 0.035728 0.163973 0.769743 0.008239
3 3 0.030029 0.025941 0.416688 0.514421 0.012921
3 3 0.014304 0.023882 0.163775 0.793205 0.004833
3 3 0.022956 0.029496 0.253639 0.684860 0.009049
3 3 0.030810 0.026436 0.444974 0.483476 0.014304
3 3 0.023341 0.028317 0.263094 0.676327 0.008921
3 3 0.019206 0.026227 0.228091 0.719389 0.007087
3 3 0.009944 0.030657 0.050457 0.905883 0.003059
3 3 0.020656 0.038129 0.149203 0.783789 0.008223
3 3 0.013284 0.023067 0.171826 0.787093 0.004731
3 3 0.014074 0.032923 0.092604 0.855501 0.004898
3 3 0.025842 0.027147 0.344026 0.592107 0.010878
3 3 0.014618 0.038504 0.081855 0.859542 0.005481
3 3 0.013036 0.038744 0.058726 0.884981 0.004514
3 3 0.021125 0.027454 0.260783 0.682248 0.008390
3 3 0.020313 0.025828 0.233172 0.713530 0.007156
3 3 0.017631 0.032525 0.135164 0.808395 0.006285
3 3 0.014900 0.026489 0.159982 0.793248 0.005381
3 3 0.009392 0.027955 0.059392 0.900281 0.002980
2 3 0.054462 0.068322 0.650875 0.164384 0.061957
2 3 0.022474 0.025457 0.871184 0.042069 0.038816
2 2 0.010678 0.029419 0.900714 0.013234 0.045956
2 2 0.007133 0.013718 0.943295 0.014085 0.021768
2 2 0.009341 0.015198 0.932094 0.016650 0.026717
2 2 0.010929 0.026631 0.904230 0.013753 0.044457
2 2 0.006176 0.015678 0.941972 0.009616 0.026557
2 2 0.010844 0.025158 0.910660 0.016693 0.036644
2 2 0.021343 0.088922 0.757808 0.012421 0.119507
2 2 0.012004 0.046000 0.853720 0.009539 0.078737
2 2 0.008842 0.026353 0.908986 0.009878 0.045942
2 2 0.006268 0.017804 0.933713 0.007518 0.034698
2 2 0.010447 0.028304 0.899967 0.011591 0.049691
2 2 0.007750 0.019225 0.930136 0.011616 0.031273
2 2 0.007183 0.017123 0.930850 0.008477 0.036367
2 2 0.013725 0.054780 0.841193 0.012195 0.078106
2 2 0.008894 0.019287 0.926216 0.013735 0.031868
2 2 0.012855 0.016996 0.916431 0.021586 0.032132
2 2 0.005878 0.005255 0.961360 0.015308 0.012199
2 2 0.005885 0.005822 0.960662 0.014133 0.013497
2 2 0.007791 0.015376 0.933970 0.010446 0.032417
2 2 0.008135 0.014069 0.938531 0.015039 0.024227
2 2 0.005957 0.013489 0.945244 0.008693 0.026617
2 2 0.005758 0.007830 0.957827 0.011728 0.016857
2 2 0.024181 0.083267 0.753415 0.015622 0.123515
2 2 0.009445 0.024628 0.910171 0.010869 0.044887
2 2 0.022882 0.090158 0.744252 0.015894 0.126813
2 2 0.013555 0.044740 0.852506 0.011308 0.077891
2 2 0.011382 0.030871 0.889442 0.011461 0.056844
2 2 0.017203 0.068747 0.796001 0.012428 0.105620
2 2 0.035856 0.126119 0.652440 0.023596 0.161989
2 2 0.027647 0.101889 0.713230 0.018187 0.139047
2 2 0.024418 0.101412 0.722856 0.016672 0.134642
2 2 0.017805 0.071464 0.789699 0.012793 0.108238
2 4 0.097841 0.256897 0.358970 0.043950 0.242343
2 4 0.071255 0.206620 0.472243 0.033919 0.215963
2 4 0.036118 0.099168 0.695060 0.022314 0.147340
2 4 0.042923 0.086210 0.693612 0.028310 0.148945
2 4 0.026014 0.097176 0.728173 0.016042 0.132595
2 4 0.017274 0.065267 0.801096 0.012566 0.103798
2 4 0.023882 0.090861 0.739886 0.016564 0.128806
2 4 0.026495 0.110913 0.703560 0.017440 0.141592
2 4 0.019884 0.073739 0.778929 0.014216 0.113232
2 4 0.025307 0.092510 0.732803 0.017497 0.131883
2 4 0.020592 0.075883 0.774360 0.014213 0.114952
2 4 0.022270 0.088427 0.748852 0.015515 0.124935
2 4 0.023400 0.089307 0.743766 0.016272 0.127255
2 4 0.020536 0.075721 0.773682 0.014625 0.115436
2 4 0.054397 0.185366 0.526160 0.031895 0.202182
2 4 0.041161 0.138667 0.629133 0.022527 0.168513
2 4 0.038709 0.137619 0.634733 0.022290 0.166649
2 4 0.024981 0.091829 0.737787 0.016093 0.129310
2 4 0.019893 0.074390 0.778194 0.014092 0.113432
2 4 0.025778 0.089608 0.737273 0.017173 0.130168
2 4 0.171301 0.172929 0.320986 0.088065 0.246719
2 4 0.164736 0.252879 0.286032 0.048270 0.248083
2 4 0.103111 0.214998 0.420395 0.035538 0.225958
2 4 0.045604 0.138159 0.620734 0.023749 0.171754
2 4 0.039090 0.107460 0.681470 0.020839 0.151140
2 4 0.030142 0.113900 0.693062 0.017584 0.145313
2 4 0.023481 0.087755 0.747897 0.015509 0.125358
2 4 0.048017 0.152710 0.599063 0.022853 0.177357
2 4 0.014916 0.053157 0.828728 0.011158 0.092041
2 2 0.010433 0.030266 0.895487 0.011016 0.052797
2 2 0.009869 0.027929 0.903126 0.011129 0.047948
2 2 0.010757 0.031390 0.893333 0.011585 0.052935
2 0 0.157222 0.108179 0.513124 0.034339 0.187136
0 0 0.472495 0.161159 0.111319 0.060415 0.194612
0 0 0.500170 0.170428 0.104677 0.041386 0.183339
2 1 0.067170 0.172775 0.543236 0.024199 0.192620
2 1 0.100206 0.247888 0.381078 0.036498 0.234330
2 1 0.033015 0.128001 0.671047 0.016566 0.151372
0 0 0.421060 0.145618 0.184024 0.049163 0.200135
2 1 0.061454 0.210871 0.501324 0.023959 0.202392
2 1 0.024675 0.103702 0.723632 0.014887 0.133104
2 2 0.090030 0.233748 0.424492 0.029567 0.222163
2 2 0.019123 0.092442 0.755868 0.012594 0.119974
2 2 0.029674 0.112869 0.701645 0.015141 0.140672
0 0 0.802464 0.061192 0.038857 0.015734 0.081754
0 0 0.747505 0.088103 0.037715 0.024469 0.102208
0 0 0.862435 0.053511 0.016572 0.009966 0.057516
0 0 0.570090 0.135671 0.084566 0.045755 0.163918
1 1 0.199201 0.267041 0.258618 0.035902 0.239238
2 1 0.113031 0.282020 0.339580 0.030233 0.235135
0 1 0.647091 0.116843 0.058770 0.038929 0.138367
2 1 0.078084 0.165271 0.533484 0.026984 0.196177
2 1 0.098548 0.165678 0.496531 0.032679 0.206564
2 1 0.017296 0.072505 0.789964 0.012406 0.107829
2 2 0.033779 0.152396 0.636096 0.016574 0.161155
2 2 0.013982 0.062579 0.824072 0.010624 0.088743
2 2 0.027919 0.116970 0.701417 0.015529 0.138165
2 2 0.024114 0.096094 0.740880 0.013014 0.125898
2 2 0.044611 0.181129 0.576585 0.018502 0.179173
2 2 0.036003 0.141196 0.648369 0.016469 0.157964
2 2 0.041787 0.162928 0.608510 0.017130 0.169645
2 2 0.015588 0.062012 0.815868 0.010102 0.096430
2 2 0.014162 0.063173 0.817076 0.009926 0.095663
2 2 0.010892 0.040657 0.870385 0.009445 0.068621
2 2 0.098202 0.178712 0.483183 0.030766 0.209139
2 2 0.015109 0.056134 0.825285 0.010456 0.093015
2 2 0.058690 0.148805 0.583373 0.025812 0.183319
2 2 0.016494 0.071899 0.793816 0.011848 0.105942
2 2 0.100510 0.202151 0.452609 0.029401 0.215329
2 2 0.040840 0.158675 0.614069 0.017688 0.168727
2 2 0.026673 0.111676 0.716665 0.012129 0.132857
2 2 0.014194 0.058911 0.835818 0.013067 0.078009
2 2 0.008810 0.036236 0.890965 0.008784 0.055205
2 2 0.008433 0.026511 0.909345 0.009128 0.046582
2 2 0.006898 0.015763 0.939330 0.010984 0.027026
2 2 0.008994 0.030653 0.892334 0.007739 0.060280
2 2 0.006182 0.019643 0.926865 0.006274 0.041035
2 2 0.006761 0.014831 0.939948 0.009793 0.028667
2 2 0.005636 0.012295 0.948454 0.008273 0.025341
2 2 0.006806 0.017363 0.933706 0.008723 0.033402
2 2 0.007997 0.010866 0.943288 0.013320 0.024529
2 2 0.005294 0.010020 0.953472 0.007765 0.023449
2 2 0.005235 0.013215 0.945616 0.006424 0.029511
2 2 0.004666 0.008059 0.960246 0.007497 0.019532
2 2 0.006906 0.015251 0.938686 0.009964 0.029193
2 2 0.005295 0.007883 0.959381 0.010236 0.017204
2 2 0.005852 0.013951 0.942782 0.007500 0.029915
2 2 0.006482 0.008213 0.954450 0.014268 0.016587
2 2 0.009958 0.036121 0.879255 0.008386 0.066280
2 2 0.007747 0.016819 0.932138 0.010547 0.032749
2 2 0.005790 0.005978 0.960865 0.013339 0.014029
2 2 0.005862 0.013542 0.943186 0.007426 0.029984
2 2 0.005364 0.008058 0.958951 0.010673 0.016953
2 2 0.005976 0.011706 0.949164 0.009589 0.023565
