0 0 0.976530 0.002997 0.000669 0.012854 0.006950
0 0 0.970878 0.003889 0.000938 0.015673 0.008621
0 0 0.979171 0.002648 0.000553 0.011279 0.006349
0 0 0.977914 0.002783 0.000608 0.012162 0.006533
0 0 0.983995 0.001913 0.000366 0.008893 0.004834
0 0 0.974897 0.003410 0.000738 0.012988 0.007967
0 0 0.978624 0.002891 0.000570 0.010835 0.007081
0 0 0.980318 0.002449 0.000507 0.010809 0.005917
0 0 0.983399 0.001910 0.000388 0.009601 0.004702
0 0 0.974280 0.003865 0.000739 0.011644 0.009472
0 0 0.968670 0.004707 0.001024 0.014778 0.010821
0 0 0.977075 0.003001 0.000642 0.012198 0.007084
0 0 0.983110 0.002112 0.000396 0.009026 0.005356
0 0 0.960319 0.006601 0.001427 0.016661 0.014991
0 0 0.975066 0.003469 0.000725 0.012520 0.008219
0 0 0.963647 0.005695 0.001282 0.016580 0.012796
0 0 0.940871 0.010532 0.002652 0.024006 0.021939
0 0 0.975483 0.003086 0.000717 0.013693 0.007021
0 0 0.979528 0.002540 0.000539 0.011334 0.006059
0 0 0.964583 0.005415 0.001242 0.016669 0.012091
0 0 0.965205 0.005445 0.001193 0.015757 0.012400
0 0 0.967405 0.005300 0.001041 0.013590 0.012664
0 0 0.978445 0.002528 0.000586 0.012630 0.005810
0 0 0.972787 0.003891 0.000829 0.013393 0.009100
0 0 0.957267 0.007340 0.001575 0.017174 0.016644
0 0 0.976983 0.002906 0.000649 0.012718 0.006744
0 0 0.957658 0.007134 0.001577 0.017639 0.015992
0 0 0.972802 0.003764 0.000836 0.013938 0.008660
0 0 0.966033 0.004912 0.001183 0.017085 0.010786
0 0 0.973813 0.003463 0.000793 0.014043 0.007888
0 0 0.967232 0.004825 0.001110 0.016019 0.010814
0 0 0.968436 0.004739 0.001037 0.014926 0.010863
0 0 0.960861 0.005410 0.001496 0.021085 0.011149
0 0 0.951150 0.008226 0.002006 0.021052 0.017566
0 0 0.958567 0.006245 0.001611 0.020403 0.013173
0 0 0.965946 0.005057 0.001178 0.016570 0.011249
0 0 0.959181 0.005523 0.001601 0.022556 0.011140
0 0 0.945054 0.008969 0.002477 0.025417 0.018084
0 0 0.956400 0.006943 0.001715 0.020086 0.014857
0 0 0.975386 0.003124 0.000722 0.013645 0.007123
0 0 0.952189 0.007687 0.001986 0.022078 0.016060
0 0 0.961492 0.006118 0.001399 0.017383 0.013607
0 0 0.973800 0.003229 0.000797 0.015027 0.007146
0 0 0.960132 0.005845 0.001526 0.020192 0.012305
0 0 0.938444 0.010644 0.002898 0.026582 0.021432
0 0 0.894174 0.022687 0.005785 0.031950 0.045404
0 0 0.933483 0.012849 0.003033 0.023555 0.027080
0 0 0.842777 0.045491 0.015415 0.038827 0.057490
0 1 0.467070 0.223134 0.152302 0.054690 0.102805
2 1 0.257057 0.287273 0.288874 0.064223 0.102573
2 1 0.132201 0.216585 0.512803 0.093255 0.045157
2 1 0.048895 0.109439 0.768575 0.048790 0.024301
2 1 0.021260 0.058173 0.875531 0.029141 0.015895
2 2 0.015437 0.043479 0.890272 0.030903 0.019909
2 2 0.010053 0.030715 0.915587 0.025614 0.018031
2 2 0.009721 0.030600 0.923323 0.021904 0.014452
2 2 0.010910 0.031741 0.900285 0.032331 0.024733
2 2 0.015154 0.041083 0.876212 0.039021 0.028530
2 2 0.013384 0.038028 0.868707 0.050290 0.029592
2 2 0.012183 0.034034 0.839073 0.071494 0.043217
2 2 0.011744 0.033364 0.861185 0.057280 0.036427
2 2 0.017493 0.045938 0.791819 0.096872 0.047878
2 2 0.012461 0.035371 0.809255 0.097204 0.045709
2 2 0.016604 0.040929 0.467116 0.384291 0.091059
2 2 0.038820 0.053550 0.403686 0.400770 0.103174
3 2 0.026787 0.051741 0.410351 0.415299 0.095822
3 2 0.023533 0.049821 0.330176 0.488178 0.108292
3 3 0.024846 0.054461 0.395458 0.426743 0.098491
3 3 0.016686 0.032093 0.072887 0.827687 0.050647
3 3 0.026762 0.030358 0.062644 0.831409 0.048827
3 3 0.041484 0.038121 0.088512 0.763314 0.068569
3 3 0.013367 0.014359 0.032659 0.911946 0.027668
3 3 0.013076 0.019420 0.045122 0.887636 0.034746
3 3 0.013697 0.013146 0.029605 0.917668 0.025883
3 3 0.017852 0.025011 0.055385 0.859625 0.042128
3 3 0.014014 0.018329 0.041879 0.892487 0.033291
3 3 0.008236 0.012709 0.031574 0.922387 0.025094
3 3 0.007015 0.008939 0.022441 0.942442 0.019162
3 3 0.012542 0.019424 0.045505 0.887793 0.034736
3 3 0.006268 0.007088 0.017932 0.952687 0.016026
3 3 0.009984 0.011825 0.028167 0.926217 0.023806
3 3 0.012826 0.011742 0.026611 0.925082 0.023739
3 3 0.007420 0.010760 0.027016 0.932720 0.022084
3 3 0.008075 0.010522 0.025949 0.933721 0.021732
3 3 0.010791 0.011628 0.027250 0.926808 0.023523
3 3 0.009396 0.009030 0.021416 0.940786 0.019371
3 3 0.007480 0.010933 0.027434 0.931796 0.022357
3 3 0.007352 0.008792 0.021847 0.943080 0.018930
3 3 0.011112 0.012416 0.029040 0.922700 0.024732
3 3 0.012784 0.015132 0.034827 0.908481 0.028777
3 3 0.007691 0.009167 0.022635 0.940954 0.019553
3 3 0.007827 0.009193 0.022625 0.940755 0.019599
3 3 0.005757 0.007561 0.019530 0.950328 0.016823
3 3 0.005200 0.006960 0.018247 0.953820 0.015773
3 3 0.009199 0.010185 0.024435 0.934951 0.021230
3 3 0.008937 0.008902 0.021302 0.941708 0.019151
3 3 0.004983 0.004714 0.012159 0.966452 0.011692
3 3 0.005594 0.006878 0.017761 0.954124 0.015642
3 3 0.007233 0.007695 0.019024 0.948954 0.017093
3 3 0.006580 0.008182 0.020688 0.946653 0.017897
3 3 0.008301 0.008490 0.020553 0.944201 0.018455
3 3 0.008339 0.009823 0.023974 0.937233 0.020631
3 3 0.005628 0.007493 0.019431 0.950743 0.016704
3 3 0.006816 0.007456 0.018615 0.950437 0.016676
3 3 0.007142 0.007507 0.018577 0.950004 0.016770
3 3 0.005387 0.006544 0.016971 0.956048 0.015051
3 3 0.006305 0.009162 0.023523 0.941508 0.019502
3 3 0.026618 0.026877 0.055193 0.846709 0.044603
3 3 0.017995 0.031031 0.069329 0.832201 0.049445
3 3 0.025261 0.039189 0.116719 0.739566 0.079265
3 3 0.015621 0.030356 0.069664 0.835784 0.048575
3 3 0.021208 0.028291 0.060923 0.843330 0.046248
3 3 0.015253 0.030187 0.085837 0.810679 0.058044
3 3 0.011347 0.017931 0.042655 0.895396 0.032671
3 3 0.010734 0.013056 0.030838 0.919686 0.025686
3 3 0.011016 0.014724 0.034842 0.911274 0.028144
3 3 0.011302 0.010501 0.024235 0.932186 0.021775
3 3 0.009347 0.013797 0.033595 0.916518 0.026744
3 3 0.006469 0.007682 0.019413 0.949384 0.017052
3 3 0.007176 0.008758 0.021860 0.943339 0.018869
3 3 0.005966 0.007463 0.019127 0.950781 0.016663
3 3 0.009323 0.009576 0.022827 0.938017 0.020257
3 3 0.008051 0.008338 0.020284 0.945131 0.018196
3 3 0.008021 0.008704 0.021247 0.943226 0.018803
3 3 0.006148 0.006559 0.016577 0.955617 0.015099
3 3 0.005856 0.006282 0.015985 0.957277 0.014600
3 3 0.009403 0.009270 0.022017 0.939547 0.019763
3 3 0.006317 0.005558 0.013827 0.960995 0.013303
3 3 0.005314 0.006282 0.016293 0.957526 0.014584
3 3 0.004878 0.007294 0.019420 0.952072 0.016337
3 3 0.004805 0.005629 0.014788 0.961385 0.013392
3 3 0.008036 0.006808 0.016360 0.953216 0.015580
3 3 0.008113 0.008604 0.020942 0.943701 0.018640
3 3 0.009806 0.007955 0.018561 0.946088 0.017589
3 3 0.007091 0.007811 0.019406 0.948405 0.017287
3 3 0.006134 0.006528 0.016500 0.955795 0.015044
3 3 0.005248 0.006075 0.015762 0.958701 0.014213
3 3 0.008602 0.009779 0.023714 0.937337 0.020567
3 3 0.005595 0.006443 0.016570 0.956513 0.014879
3 3 0.011228 0.009831 0.022628 0.935607 0.020706
3 3 0.005508 0.006678 0.017265 0.955260 0.015290
3 3 0.006029 0.006087 0.015369 0.958259 0.014255
3 3 0.005835 0.006745 0.017251 0.954752 0.015417
3 3 0.009534 0.007191 0.016766 0.950232 0.016277
3 3 0.005706 0.006295 0.016103 0.957277 0.014619
3 3 0.007069 0.007777 0.019328 0.948598 0.017229
3 3 0.005154 0.007180 0.018894 0.952620 0.016152
3 3 0.006860 0.006986 0.017349 0.952938 0.015866
3 3 0.012615 0.012837 0.029342 0.919807 0.025399
3 3 0.006333 0.007676 0.019477 0.949477 0.017037
3 3 0.006021 0.008503 0.021929 0.945135 0.018412
3 2 0.024842 0.042594 0.151107 0.684323 0.097134
3 2 0.030063 0.058445 0.267891 0.535305 0.108297
0 2 0.392542 0.187121 0.255362 0.104037 0.060938
2 2 0.029960 0.068140 0.803625 0.060379 0.037897
2 2 0.067745 0.141409 0.712099 0.054015 0.024733
2 2 0.058635 0.127288 0.742409 0.046629 0.025039
2 2 0.065159 0.111392 0.721248 0.060917 0.041285
2 2 0.023752 0.061963 0.858186 0.035599 0.020500
2 2 0.037162 0.088436 0.808729 0.043073 0.022600
2 2 0.014465 0.041054 0.893085 0.030914 0.020482
2 2 0.012964 0.037163 0.896452 0.031421 0.022000
2 2 0.018444 0.047418 0.801681 0.085147 0.047309
2 2 0.012731 0.036536 0.881249 0.042645 0.026839
2 2 0.014442 0.039720 0.881675 0.037136 0.027027
2 2 0.011271 0.033073 0.903637 0.030111 0.021908
2 2 0.028854 0.067753 0.749677 0.102572 0.051144
2 2 0.011511 0.033252 0.843015 0.073115 0.039108
2 2 0.088508 0.170437 0.649411 0.055128 0.036516
2 2 0.019753 0.052407 0.867612 0.036857 0.023370
0 2 0.372209 0.220947 0.294996 0.062853 0.048995
2 2 0.020526 0.054892 0.869756 0.034247 0.020580
2 2 0.010905 0.031676 0.875959 0.049307 0.032152
2 2 0.013022 0.036347 0.832740 0.075943 0.041947
0 0 0.764588 0.091485 0.060539 0.042981 0.040408
0 0 0.869530 0.044334 0.017578 0.030865 0.037693
0 1 0.904248 0.026029 0.007126 0.025164 0.037432
2 2 0.052847 0.113684 0.747326 0.054164 0.031978
2 2 0.082938 0.152316 0.687139 0.047414 0.030193
2 2 0.016892 0.046745 0.883793 0.032194 0.020375
2 1 0.163633 0.148788 0.564836 0.077825 0.044918
0 1 0.480867 0.215458 0.167854 0.054027 0.081794
2 1 0.021554 0.058644 0.873588 0.029839 0.016376
2 2 0.013910 0.039947 0.896977 0.029629 0.019537
2 2 0.008298 0.025660 0.917606 0.027108 0.021328
2 2 0.056880 0.125061 0.749394 0.046021 0.022644
2 2 0.015087 0.043048 0.894415 0.029093 0.018357
2 2 0.009722 0.029028 0.897353 0.037346 0.026551
2 2 0.007751 0.024192 0.914706 0.030111 0.023239
2 2 0.006985 0.022194 0.923055 0.026206 0.021560
2 2 0.007342 0.023649 0.926130 0.024544 0.018335
2 2 0.010724 0.030750 0.894248 0.035540 0.028739
2 2 0.009687 0.027905 0.888566 0.040313 0.033529
2 2 0.010533 0.030236 0.894325 0.035721 0.029185
2 2 0.008310 0.026620 0.927648 0.021932 0.015489
2 2 0.024609 0.054220 0.759494 0.077200 0.084477
2 2 0.034682 0.061775 0.534515 0.094411 0.274617
4 2 0.058280 0.078991 0.274503 0.101036 0.487190
4 2 0.062739 0.084928 0.287543 0.112297 0.452492
4 2 0.095483 0.117418 0.240186 0.108895 0.438019
2 2 0.029823 0.060888 0.699357 0.090515 0.119417
2 2 0.034540 0.078384 0.790122 0.059235 0.037719
2 2 0.012715 0.036772 0.899338 0.030238 0.020937
2 2 0.021289 0.053757 0.846675 0.046321 0.031958
2 2 0.008565 0.027188 0.925425 0.022709 0.016112
2 2 0.008424 0.026162 0.919193 0.026149 0.020071
2 2 0.013390 0.035350 0.860079 0.048889 0.042290
2 2 0.007380 0.023448 0.924452 0.024939 0.019781
2 2 0.010652 0.029762 0.882138 0.041296 0.036152
2 2 0.010744 0.030337 0.887501 0.038727 0.032691
2 2 0.006704 0.021514 0.926018 0.025032 0.020732
2 2 0.005996 0.020107 0.936840 0.020710 0.016347
2 2 0.007280 0.023211 0.925311 0.024649 0.019550
2 2 0.012599 0.034975 0.883657 0.038504 0.030265
2 2 0.019342 0.049384 0.851384 0.046452 0.033438
2 2 0.008483 0.026639 0.922488 0.024382 0.018008
2 2 0.012106 0.034973 0.898798 0.031443 0.022680
2 2 0.012145 0.033951 0.885968 0.037907 0.030028
2 2 0.013448 0.038352 0.894790 0.031584 0.021827
2 2 0.010439 0.030511 0.897395 0.035094 0.026561
2 2 0.015427 0.042815 0.880806 0.036944 0.024009
2 2 0.009833 0.029222 0.906537 0.030603 0.023805
2 2 0.023474 0.055007 0.499786 0.337283 0.084450
0 0 0.741383 0.103912 0.061914 0.042079 0.050712
2 1 0.152546 0.226313 0.519629 0.063164 0.038348
2 2 0.013947 0.040776 0.902120 0.026584 0.016573
2 2 0.010949 0.032384 0.906082 0.029299 0.021287
2 2 0.010346 0.030937 0.909207 0.028543 0.020967
2 2 0.009123 0.027246 0.907067 0.031224 0.025341
2 2 0.011606 0.033878 0.897092 0.033910 0.023514
2 2 0.014361 0.038646 0.775115 0.115718 0.056159
2 2 0.011066 0.032061 0.898919 0.032815 0.025140
2 2 0.019211 0.049102 0.762730 0.115002 0.053955
2 2 0.020640 0.051821 0.678804 0.183397 0.065337
2 2 0.014495 0.038939 0.668983 0.208267 0.069317
2 2 0.012055 0.034308 0.815476 0.092637 0.045524
3 2 0.019290 0.044402 0.369151 0.471609 0.095547
2 2 0.018698 0.045663 0.575049 0.272438 0.088152
2 2 0.017026 0.043675 0.723051 0.149618 0.066630
3 2 0.021449 0.048812 0.397406 0.436853 0.095479
2 2 0.019380 0.045622 0.431251 0.409816 0.093932
2 2 0.024367 0.050838 0.524043 0.316443 0.084309
3 2 0.016393 0.036352 0.243110 0.609578 0.094567
2 2 0.128658 0.160599 0.490671 0.145633 0.074438
2 2 0.015290 0.043349 0.892394 0.029924 0.019044
2 2 0.013956 0.038864 0.844789 0.065784 0.036608
2 2 0.018666 0.047334 0.661222 0.202081 0.070696
0 1 0.359908 0.235826 0.285003 0.061000 0.058263
2 2 0.015664 0.043418 0.884874 0.033599 0.022444
2 2 0.028778 0.072174 0.838749 0.038792 0.021507
2 2 0.011503 0.033674 0.902980 0.030118 0.021725
2 2 0.009976 0.029887 0.909520 0.028907 0.021710
2 2 0.011468 0.032715 0.867587 0.053205 0.035025
2 2 0.010987 0.031888 0.865618 0.056749 0.034757
2 2 0.014447 0.039731 0.842619 0.065591 0.037611
2 2 0.010599 0.031091 0.893991 0.037564 0.026755
2 2 0.012314 0.034727 0.806621 0.098303 0.048035
2 2 0.017712 0.044588 0.612933 0.244803 0.079963
2 2 0.025358 0.057446 0.589820 0.236307 0.091068
2 2 0.019180 0.047806 0.655799 0.202499 0.074716
2 2 0.021071 0.050598 0.690049 0.162154 0.076128
3 2 0.020034 0.043668 0.311252 0.519883 0.105163
2 2 0.013400 0.037147 0.794334 0.105372 0.049747
2 2 0.018578 0.046602 0.543162 0.313092 0.078566
3 2 0.017397 0.038257 0.270266 0.571668 0.102413
2 2 0.025104 0.057393 0.513478 0.314988 0.089037
2 2 0.020038 0.046271 0.429195 0.405228 0.099268
3 2 0.026962 0.046157 0.147185 0.684647 0.095049
3 3 0.031197 0.052264 0.149143 0.670859 0.096537
3 3 0.018203 0.034947 0.093611 0.790239 0.063001
3 3 0.037843 0.051474 0.216942 0.577392 0.116349
3 3 0.019060 0.032722 0.085394 0.803486 0.059339
3 3 0.013677 0.026250 0.061408 0.855115 0.043551
3 3 0.026562 0.026876 0.055212 0.846748 0.044601
3 3 0.015200 0.030276 0.094180 0.797513 0.062831
3 3 0.015584 0.027405 0.062617 0.849363 0.045031
3 3 0.019028 0.020459 0.044271 0.879975 0.036267
3 3 0.013940 0.017127 0.039026 0.898279 0.031629
3 3 0.010895 0.012780 0.030060 0.920988 0.025276
3 3 0.008830 0.013527 0.033269 0.918045 0.026330
3 3 0.008361 0.013382 0.033247 0.918911 0.026100
3 3 0.009539 0.014328 0.034825 0.913782 0.027527
3 3 0.010110 0.014695 0.035362 0.911755 0.028077
3 3 0.007957 0.011858 0.029538 0.926850 0.023797
3 3 0.007964 0.010439 0.025803 0.934195 0.021599
3 3 0.008602 0.012436 0.030593 0.923674 0.024695
3 3 0.008352 0.011125 0.027347 0.930492 0.022683
3 3 0.006775 0.009842 0.025023 0.937745 0.020614
3 3 0.007542 0.012187 0.030728 0.925260 0.024283
3 3 0.005216 0.007126 0.018698 0.952899 0.016060
3 3 0.017423 0.033127 0.074705 0.822877 0.051867
3 3 0.026292 0.047738 0.133365 0.706124 0.086481
2 3 0.027727 0.061087 0.465191 0.352713 0.093283
2 3 0.052173 0.098170 0.400892 0.353688 0.095077
3 3 0.042154 0.061990 0.232182 0.570682 0.092992
3 3 0.022134 0.043975 0.173326 0.673863 0.086703
3 3 0.031910 0.059703 0.229844 0.571398 0.107144
2 3 0.038391 0.078698 0.462266 0.327276 0.093369
3 3 0.013985 0.025714 0.059831 0.857570 0.042899
3 3 0.026061 0.041027 0.087218 0.784197 0.061497
3 3 0.024578 0.034653 0.073162 0.813813 0.053794
3 3 0.019369 0.025764 0.056225 0.855538 0.043103
3 3 0.013640 0.018464 0.042430 0.892001 0.033466
3 3 0.016360 0.018868 0.041879 0.888817 0.034076
3 3 0.008502 0.013311 0.032953 0.919233 0.026001
3 3 0.010665 0.017667 0.042509 0.896871 0.032288
3 3 0.014822 0.014132 0.031467 0.912214 0.027365
3 3 0.017826 0.033975 0.077847 0.816605 0.053747
3 3 0.009052 0.011686 0.028356 0.927339 0.023567
3 3 0.010835 0.022269 0.054081 0.874392 0.038423
3 3 0.005508 0.007103 0.018437 0.952921 0.016031
3 3 0.014764 0.019129 0.043360 0.888351 0.034396
3 3 0.007203 0.009538 0.023916 0.939202 0.020141
3 3 0.006592 0.009011 0.022911 0.942220 0.019266
3 3 0.008185 0.009791 0.023977 0.937473 0.020574
3 3 0.008937 0.010707 0.025910 0.932401 0.022046
3 3 0.008251 0.013317 0.033164 0.919267 0.026001
3 3 0.008273 0.010948 0.026935 0.931438 0.022405
3 3 0.006325 0.008742 0.022368 0.943747 0.018818
3 3 0.007114 0.011994 0.030563 0.926354 0.023975
3 3 0.007679 0.011589 0.029030 0.928325 0.023377
3 3 0.007294 0.011781 0.029842 0.927426 0.023657
3 3 0.007361 0.011374 0.028700 0.929528 0.023036
3 3 0.011594 0.013402 0.031225 0.917558 0.026221
3 3 0.006240 0.007331 0.018604 0.951379 0.016446
3 3 0.005212 0.009535 0.025474 0.939717 0.020062
3 3 0.010635 0.013736 0.032600 0.916337 0.026692
2 2 0.187420 0.206266 0.431841 0.117340 0.057133
2 2 0.018903 0.049112 0.848523 0.050558 0.032903
2 2 0.025982 0.064637 0.819375 0.058194 0.031811
2 2 0.074194 0.151268 0.692783 0.055997 0.025758
2 2 0.018672 0.051052 0.878573 0.032187 0.019515
2 2 0.021981 0.058510 0.866711 0.033481 0.019317
2 2 0.024072 0.063105 0.859341 0.034250 0.019231
2 2 0.034737 0.085280 0.822837 0.037941 0.019205
2 2 0.027551 0.065822 0.815576 0.055328 0.035724
2 2 0.015144 0.042745 0.891090 0.030926 0.020096
2 2 0.009905 0.030235 0.915277 0.026011 0.018572
2 2 0.137643 0.183990 0.562296 0.071877 0.044193
2 2 0.116599 0.216821 0.589829 0.051638 0.025113
2 2 0.009605 0.029791 0.919629 0.024149 0.016826
2 2 0.009199 0.027609 0.909027 0.030178 0.023986
2 2 0.046390 0.106280 0.781191 0.043753 0.022387
2 2 0.015865 0.044648 0.889752 0.030471 0.019264
2 2 0.008706 0.026921 0.918222 0.026249 0.019903
2 2 0.014502 0.041349 0.894526 0.030034 0.019589
2 2 0.010006 0.030770 0.917392 0.024713 0.017119
2 2 0.009760 0.029525 0.912432 0.027716 0.020567
2 2 0.009484 0.028687 0.912126 0.028261 0.021442
2 2 0.008889 0.026984 0.906203 0.033125 0.024800
2 2 0.011204 0.032516 0.852935 0.066186 0.037159
2 2 0.021032 0.053881 0.853222 0.043076 0.028788
2 2 0.011110 0.032630 0.903831 0.030241 0.022188
2 2 0.010314 0.031241 0.901740 0.034556 0.022148
2 2 0.009783 0.029252 0.891700 0.041395 0.027871
2 2 0.009627 0.028831 0.884407 0.046874 0.030260
2 2 0.012439 0.035743 0.897087 0.031862 0.022869
2 2 0.009194 0.027435 0.906887 0.031226 0.025258
2 2 0.018138 0.046997 0.857790 0.044673 0.032401
2 1 0.263616 0.250950 0.385446 0.054517 0.045471
2 2 0.018224 0.050099 0.880686 0.031711 0.019281
2 2 0.009642 0.029119 0.911796 0.028210 0.021233
2 2 0.022247 0.055964 0.844959 0.045898 0.030932
2 2 0.011205 0.034139 0.914697 0.024179 0.015780
2 2 0.009665 0.029828 0.918310 0.024766 0.017432
2 2 0.010462 0.030988 0.894174 0.038287 0.026089
2 2 0.016944 0.046309 0.879575 0.034543 0.022629
2 2 0.074877 0.146563 0.691711 0.057449 0.029400
2 2 0.012273 0.036215 0.905579 0.027505 0.018428
2 2 0.007376 0.023752 0.928292 0.023031 0.017549
2 2 0.010678 0.032117 0.911205 0.026988 0.019011
0 1 0.387347 0.224291 0.286084 0.055235 0.047044
0 1 0.410213 0.244105 0.198619 0.055673 0.091389
2 2 0.015367 0.041652 0.876244 0.038714 0.028023
2 2 0.009289 0.028993 0.921263 0.023778 0.016677
2 2 0.010600 0.030798 0.889114 0.040208 0.029280
2 4 0.015563 0.041514 0.869383 0.042010 0.031530
4 4 0.032617 0.044066 0.191345 0.049109 0.682863
4 4 0.029641 0.044437 0.274577 0.073459 0.577886
4 4 0.089184 0.049933 0.086131 0.035806 0.738945
4 4 0.046575 0.050455 0.177411 0.054610 0.670949
4 4 0.045809 0.037591 0.082734 0.023697 0.810169
4 4 0.083521 0.060371 0.150232 0.063230 0.642646
4 4 0.036452 0.046529 0.139137 0.035274 0.742607
4 4 0.049282 0.047942 0.137749 0.042223 0.722804
4 4 0.037616 0.050928 0.195178 0.053153 0.663125
0 4 0.403839 0.067724 0.056628 0.068221 0.403588
4 4 0.109944 0.088798 0.173963 0.084100 0.543194
4 4 0.046874 0.045650 0.084211 0.023226 0.800040
4 4 0.025146 0.036660 0.208699 0.048599 0.680896
2 4 0.040636 0.068006 0.466902 0.090176 0.334279
4 4 0.105409 0.061522 0.099905 0.045216 0.687949
2 4 0.042119 0.076625 0.594645 0.095492 0.191119
4 4 0.053352 0.060541 0.130824 0.039214 0.716069
4 4 0.072173 0.045326 0.089670 0.033378 0.759454
4 4 0.047075 0.060669 0.179974 0.053195 0.659087
2 4 0.054146 0.083008 0.408479 0.111180 0.343187
4 4 0.052143 0.072676 0.290728 0.103489 0.480964
4 4 0.063919 0.044856 0.094278 0.032699 0.764248
0 1 0.349066 0.255724 0.177747 0.069325 0.148138
2 1 0.131716 0.211170 0.502222 0.094476 0.060417
2 1 0.078876 0.159359 0.681445 0.055873 0.024446
2 2 0.014994 0.040747 0.877101 0.038773 0.028384
2 2 0.011303 0.033409 0.906038 0.028794 0.020455
2 2 0.007311 0.023663 0.929579 0.022471 0.016975
2 2 0.008242 0.026429 0.927878 0.021920 0.015531
2 2 0.008698 0.027852 0.927592 0.021312 0.014546
2 2 0.006742 0.022499 0.936599 0.019721 0.014439
2 2 0.015337 0.040209 0.860593 0.046669 0.037191
2 2 0.007786 0.024933 0.927246 0.022964 0.017071
2 2 0.009781 0.029288 0.909099 0.029387 0.022444
2 2 0.007394 0.023927 0.929620 0.022328 0.016731
2 2 0.009806 0.029380 0.909339 0.029233 0.022243
2 2 0.007820 0.024820 0.924833 0.024148 0.018380
2 2 0.006885 0.022497 0.931564 0.022084 0.016970
2 2 0.007209 0.023237 0.928332 0.023248 0.017975
2 2 0.011361 0.031363 0.878259 0.042409 0.036607
2 2 0.007810 0.024509 0.921432 0.025860 0.020389
2 2 0.008884 0.026250 0.902259 0.033765 0.028842
2 2 0.006458 0.021363 0.934127 0.021408 0.016644
2 2 0.008091 0.024868 0.915188 0.028545 0.023308
2 2 0.007350 0.023563 0.927008 0.023713 0.018366
2 2 0.006885 0.022387 0.930248 0.022743 0.017737
2 2 0.006849 0.022287 0.930415 0.022710 0.017739
2 2 0.006570 0.021349 0.929452 0.023552 0.019077
2 2 0.007021 0.022974 0.932098 0.021615 0.016291
2 2 0.006697 0.022238 0.935387 0.020418 0.015259
2 2 0.008679 0.026325 0.911790 0.029474 0.023733
2 2 0.008584 0.026639 0.919166 0.025941 0.019671
2 2 0.011229 0.032527 0.899040 0.032538 0.024665
2 2 0.009216 0.028088 0.914241 0.027557 0.020898
2 2 0.010525 0.030177 0.893773 0.035994 0.029531
2 2 0.009791 0.029604 0.912313 0.027733 0.020559
2 2 0.007440 0.023334 0.920503 0.026779 0.021945
2 2 0.013023 0.036381 0.852374 0.061129 0.037094
2 2 0.022693 0.055236 0.766675 0.100837 0.054559
2 2 0.011642 0.034009 0.902357 0.030243 0.021749
2 2 0.007174 0.022715 0.922969 0.025919 0.021222
2 2 0.013417 0.036569 0.865851 0.048445 0.035718
2 2 0.007524 0.023729 0.920438 0.027082 0.021227
2 2 0.008425 0.026062 0.917936 0.026777 0.020800
2 2 0.008769 0.026929 0.912621 0.029594 0.022087
2 2 0.009181 0.027721 0.911100 0.029180 0.022818
2 2 0.011934 0.033678 0.773060 0.125967 0.055361
2 2 0.010978 0.031354 0.875699 0.047790 0.034179
2 2 0.008463 0.025568 0.909863 0.030653 0.025454
2 2 0.011150 0.031895 0.863102 0.056929 0.036925
2 2 0.012535 0.035397 0.807212 0.098023 0.046832
2 2 0.008853 0.026601 0.908767 0.030725 0.025055
2 2 0.009579 0.028838 0.895150 0.039650 0.026784
2 2 0.012800 0.034941 0.868286 0.047314 0.036660
2 2 0.016093 0.042401 0.734670 0.145583 0.061253
2 2 0.008389 0.025577 0.911656 0.030134 0.024244
2 2 0.012454 0.034636 0.845253 0.066186 0.041470
2 2 0.010394 0.030900 0.891666 0.040414 0.026626
2 2 0.018725 0.047425 0.820817 0.073166 0.039866
2 2 0.016215 0.042747 0.864506 0.043677 0.032856
2 2 0.011277 0.032165 0.893038 0.035474 0.028046
2 2 0.015642 0.041534 0.704256 0.173934 0.064634
2 2 0.009983 0.029782 0.883533 0.046927 0.029774
2 2 0.011254 0.032300 0.841577 0.073452 0.041417
2 2 0.015287 0.040288 0.782726 0.105595 0.056104
2 2 0.013895 0.038055 0.756160 0.135018 0.056872
2 2 0.018646 0.039065 0.808054 0.080290 0.053944
2 2 0.010460 0.030615 0.887793 0.041855 0.029277
2 2 0.014226 0.037712 0.832440 0.068547 0.047075
2 2 0.023613 0.054727 0.487493 0.347327 0.086839
2 2 0.010306 0.030258 0.894421 0.037597 0.027418
2 2 0.014152 0.038937 0.820168 0.083224 0.043519
2 2 0.013999 0.039412 0.850713 0.062364 0.033512
2 2 0.013721 0.037579 0.796046 0.101872 0.050782
2 2 0.017510 0.045522 0.764360 0.117586 0.055022
2 2 0.022260 0.053497 0.670451 0.179618 0.074173
2 2 0.010774 0.031463 0.859505 0.062109 0.036149
2 2 0.011911 0.034310 0.820233 0.090646 0.042900
2 2 0.024378 0.056618 0.607810 0.227198 0.083996
2 2 0.016911 0.044180 0.623974 0.244598 0.070336
2 2 0.017456 0.045572 0.683261 0.189125 0.064586
2 2 0.012447 0.034682 0.798377 0.102907 0.051587
2 2 0.025874 0.056442 0.434466 0.381589 0.101629
2 2 0.021800 0.052914 0.535899 0.311233 0.078154
2 2 0.015215 0.041102 0.808194 0.089472 0.046017
2 2 0.016170 0.042609 0.589806 0.279847 0.071568
2 2 0.033795 0.055779 0.481852 0.334242 0.094332
2 2 0.028225 0.062355 0.498045 0.319165 0.092210
3 2 0.022365 0.044384 0.198603 0.635597 0.099052
3 2 0.020610 0.044660 0.350317 0.469608 0.114805
2 2 0.016371 0.044615 0.878664 0.035955 0.024395
2 2 0.012987 0.036937 0.893701 0.032858 0.023517
2 2 0.014708 0.040807 0.885218 0.034876 0.024392
2 2 0.013409 0.038475 0.896805 0.030539 0.020772
2 2 0.032973 0.077408 0.786873 0.067031 0.035714
2 2 0.020714 0.055506 0.870224 0.033620 0.019936
2 2 0.020311 0.051167 0.845245 0.048416 0.034861
2 2 0.019976 0.053025 0.867657 0.036460 0.022881
2 2 0.010458 0.031291 0.909482 0.028235 0.020533
2 2 0.011642 0.034699 0.908592 0.026870 0.018197
2 2 0.012041 0.034610 0.879619 0.044734 0.028995
2 2 0.014321 0.041382 0.898597 0.027990 0.017710
2 2 0.017578 0.048317 0.881175 0.032557 0.020373
2 2 0.009101 0.027438 0.910459 0.029599 0.023403
2 2 0.016164 0.044524 0.882572 0.034098 0.022643
0 0 0.357840 0.248140 0.293692 0.048244 0.052084
2 1 0.145335 0.234653 0.508625 0.059912 0.051475
2 1 0.010851 0.033125 0.915332 0.024437 0.016256
2 2 0.009762 0.029208 0.908803 0.029562 0.022665
2 2 0.010880 0.032733 0.911313 0.026611 0.018463
2 2 0.008953 0.027663 0.918216 0.025898 0.019270
2 2 0.010102 0.031153 0.918136 0.024146 0.016463
2 2 0.010406 0.031537 0.913357 0.026257 0.018443
2 2 0.010004 0.030665 0.912515 0.027983 0.018833
2 2 0.008187 0.025906 0.924353 0.023858 0.017696
2 2 0.014333 0.040870 0.894619 0.030264 0.019914
2 1 0.017528 0.045364 0.804795 0.084354 0.047959
2 1 0.177642 0.231672 0.492677 0.062275 0.035734
2 2 0.008685 0.026675 0.916047 0.027372 0.021221
2 2 0.010209 0.030673 0.910624 0.028003 0.020490
2 2 0.014792 0.040221 0.869009 0.044725 0.031252
2 2 0.012205 0.035028 0.877853 0.045716 0.029197
2 2 0.009864 0.030201 0.916147 0.025611 0.018177
2 2 0.008373 0.026590 0.925456 0.022998 0.016582
2 2 0.008542 0.026863 0.922961 0.024049 0.017586
2 2 0.017403 0.046515 0.871113 0.038559 0.026409
2 2 0.020271 0.054755 0.873202 0.032581 0.019192
2 2 0.008331 0.026301 0.923857 0.023900 0.017611
2 2 0.011168 0.033432 0.909896 0.026923 0.018581
2 2 0.018781 0.048397 0.855547 0.045000 0.032275
0 0 0.345981 0.261387 0.286384 0.046777 0.059470
0 0 0.951039 0.009366 0.002403 0.020023 0.017170
0 0 0.974419 0.003799 0.000737 0.011785 0.009260
0 0 0.982459 0.002002 0.000423 0.010283 0.004834
0 0 0.954487 0.007213 0.001844 0.021275 0.015181
0 0 0.976725 0.003272 0.000646 0.011391 0.007966
0 0 0.951343 0.010094 0.002192 0.016608 0.019762
0 0 0.954421 0.008085 0.001703 0.017386 0.018404
0 0 0.920172 0.016470 0.003687 0.024292 0.035379
0 0 0.711256 0.120642 0.056594 0.037978 0.073529
0 0 0.740377 0.103056 0.041879 0.036871 0.077816
0 0 0.937077 0.012234 0.002796 0.021943 0.025950
0 0 0.955664 0.007411 0.001714 0.018947 0.016263
0 0 0.958473 0.007143 0.001498 0.016506 0.016380
0 0 0.970711 0.004534 0.000901 0.012999 0.010854
0 0 0.839356 0.059817 0.022273 0.029442 0.049112
0 1 0.712000 0.116146 0.056729 0.042006 0.073118
0 0 0.942920 0.014507 0.003521 0.017040 0.022011
0 0 0.976537 0.003370 0.000649 0.011163 0.008280
0 0 0.972388 0.003951 0.000849 0.013613 0.009200
0 0 0.969716 0.004445 0.000977 0.014666 0.010196
0 0 0.952769 0.009984 0.002401 0.017302 0.017545
0 0 0.863218 0.046263 0.015950 0.029228 0.045340
0 0 0.818676 0.069474 0.028862 0.032409 0.050579
0 0 0.793297 0.080605 0.033416 0.033950 0.058731
0 1 0.760134 0.084831 0.040326 0.048156 0.066553
0 1 0.369888 0.250618 0.206691 0.065309 0.107493
2 1 0.282651 0.281067 0.289295 0.058880 0.088106
0 1 0.408880 0.234367 0.196825 0.064577 0.095351
2 1 0.125085 0.222239 0.560700 0.060822 0.031154
0 1 0.358537 0.223509 0.247861 0.076776 0.093317
2 2 0.142008 0.244232 0.524008 0.053817 0.035935
2 2 0.033568 0.082421 0.824766 0.038963 0.020282
2 2 0.046185 0.104945 0.778368 0.046987 0.023515
2 2 0.017231 0.046815 0.877362 0.035339 0.023252
2 2 0.015684 0.044682 0.893494 0.028571 0.017569
2 2 0.181166 0.275493 0.422377 0.060010 0.060953
0 2 0.314853 0.269649 0.287337 0.054500 0.073661
0 0 0.881023 0.043885 0.019525 0.026944 0.028624
0 1 0.786123 0.086600 0.038651 0.033459 0.055168
0 1 0.574293 0.155848 0.126566 0.071661 0.071632
0 2 0.430953 0.239121 0.204279 0.049795 0.075853
0 2 0.378252 0.240629 0.257733 0.057742 0.065643
2 2 0.022180 0.060504 0.873262 0.028754 0.015299
2 2 0.037817 0.091453 0.812963 0.038687 0.019080
2 2 0.021834 0.059094 0.871755 0.030492 0.016826
2 2 0.014891 0.042987 0.897874 0.027391 0.016857
2 2 0.017601 0.049068 0.885468 0.029928 0.017935
2 2 0.021804 0.058607 0.869854 0.031800 0.017936
2 2 0.022579 0.060381 0.867315 0.031938 0.017787
2 2 0.009271 0.028874 0.920653 0.024134 0.017068
2 2 0.031497 0.078157 0.831366 0.038508 0.020471
2 2 0.020836 0.056758 0.874950 0.030383 0.017072
2 2 0.021243 0.056926 0.869644 0.033005 0.019182
2 2 0.010818 0.032498 0.910858 0.026955 0.018870
2 2 0.023669 0.060341 0.855679 0.037843 0.022468
2 2 0.008449 0.026125 0.917854 0.026786 0.020786
2 2 0.017673 0.048792 0.882492 0.031605 0.019438
2 2 0.016607 0.046129 0.885177 0.031871 0.020215
2 2 0.031154 0.077737 0.833677 0.037597 0.019836
2 2 0.010879 0.033037 0.913937 0.025170 0.016978
2 2 0.009313 0.029332 0.923552 0.022488 0.015315
2 2 0.017225 0.048052 0.886030 0.030275 0.018418
2 2 0.011401 0.032595 0.875844 0.047525 0.032635
2 2 0.016349 0.047050 0.895436 0.026103 0.015063
2 2 0.010365 0.030819 0.886362 0.044280 0.028174
2 2 0.008628 0.026942 0.921014 0.024930 0.018486
2 2 0.013949 0.038856 0.882909 0.037788 0.026499
2 2 0.008449 0.026625 0.923460 0.023929 0.017537
2 2 0.010933 0.033752 0.918071 0.022722 0.014521
2 2 0.007528 0.023821 0.923498 0.025214 0.019940
2 2 0.008376 0.026507 0.924539 0.023476 0.017102
2 2 0.017223 0.046636 0.876151 0.036037 0.023953
2 2 0.008463 0.026470 0.921337 0.025005 0.018725
2 2 0.008158 0.025762 0.923771 0.024201 0.018108
2 4 0.025508 0.052872 0.658394 0.143981 0.119245
4 4 0.102705 0.108224 0.163478 0.070240 0.555353
4 4 0.172371 0.084857 0.135586 0.087585 0.519601
4 4 0.090639 0.092675 0.188027 0.079761 0.548898
2 4 0.095148 0.128805 0.339928 0.129468 0.306651
4 4 0.172486 0.087013 0.109882 0.066763 0.563856
0 4 0.443656 0.096003 0.049290 0.059177 0.351874
4 4 0.170514 0.104449 0.134003 0.081268 0.509766
4 4 0.148004 0.169393 0.219459 0.116930 0.346214
0 4 0.654498 0.056189 0.022864 0.046585 0.219864
4 4 0.120950 0.086092 0.136967 0.067058 0.588933
4 4 0.298477 0.087566 0.063611 0.054437 0.495908
0 4 0.679325 0.054902 0.025909 0.059849 0.180015
0 4 0.830814 0.032360 0.009300 0.034111 0.093415
0 4 0.541675 0.078963 0.039841 0.062240 0.277280
4 4 0.237253 0.102309 0.105074 0.079262 0.476103
4 4 0.352519 0.065132 0.046218 0.046849 0.489281
4 4 0.172649 0.091719 0.081211 0.045727 0.608695
4 4 0.265944 0.068494 0.051132 0.040426 0.574004
0 4 0.455221 0.090660 0.055107 0.071219 0.327794
4 4 0.135658 0.126477 0.141390 0.069508 0.526968
4 4 0.128377 0.068100 0.107263 0.055207 0.641053
4 4 0.168227 0.088276 0.110717 0.065834 0.566946
0 4 0.503435 0.091417 0.054579 0.081248 0.269321
0 4 0.706876 0.079257 0.019318 0.042710 0.151839
4 4 0.153278 0.169415 0.194371 0.109480 0.373456
0 4 0.728320 0.095388 0.032977 0.041453 0.101861
4 4 0.194709 0.153078 0.117131 0.070511 0.464572
4 4 0.144848 0.116059 0.120143 0.060719 0.558231
4 4 0.073239 0.091417 0.214599 0.081623 0.539122
4 4 0.338892 0.138496 0.070247 0.063225 0.389139
0 4 0.740353 0.043259 0.018961 0.052853 0.144574
4 4 0.273896 0.074610 0.066773 0.055596 0.529125
4 4 0.087765 0.098065 0.138418 0.052092 0.623660
0 4 0.664231 0.062993 0.027910 0.060841 0.184025
0 4 0.450216 0.093122 0.049020 0.060238 0.347404
4 4 0.145424 0.075893 0.080489 0.041751 0.656444
0 4 0.371413 0.128907 0.066017 0.065418 0.368246
4 4 0.101500 0.111090 0.138888 0.056335 0.592187
0 4 0.697615 0.048207 0.020155 0.047364 0.186660
4 4 0.219488 0.139642 0.099044 0.064295 0.477531
4 4 0.130648 0.074957 0.092085 0.045403 0.656908
4 4 0.392200 0.075341 0.056790 0.064551 0.411119
4 4 0.233365 0.069984 0.067947 0.050373 0.578332
0 4 0.797668 0.047512 0.016201 0.057686 0.080933
0 4 0.432174 0.095623 0.042836 0.048352 0.381015
4 4 0.235283 0.086231 0.080176 0.058624 0.539686
0 4 0.573222 0.062946 0.031923 0.054163 0.277747
0 4 0.808212 0.041881 0.013246 0.046301 0.090360
0 4 0.442315 0.091464 0.074716 0.102632 0.288874
0 4 0.627947 0.061269 0.025812 0.049032 0.235941
4 4 0.332537 0.078666 0.066162 0.064956 0.457678
0 4 0.592548 0.089174 0.041504 0.075880 0.200894
0 4 0.739005 0.061841 0.019329 0.050692 0.129134
0 4 0.443197 0.073210 0.050740 0.065085 0.367768
4 4 0.186355 0.102222 0.103039 0.063055 0.545330
0 4 0.640192 0.058282 0.025517 0.050724 0.225286
4 4 0.410497 0.065130 0.048506 0.058023 0.417843
0 4 0.783998 0.040756 0.012873 0.038992 0.123382
0 4 0.801324 0.042562 0.013378 0.044800 0.097936
0 4 0.876324 0.027189 0.007355 0.036534 0.052598
0 4 0.890520 0.024481 0.005499 0.027938 0.051563
0 4 0.614631 0.070179 0.030807 0.057245 0.227139
0 4 0.421972 0.112182 0.055928 0.063203 0.346715
4 4 0.106849 0.109404 0.163608 0.072230 0.547908
4 4 0.191256 0.091256 0.090360 0.056372 0.570757
0 4 0.565067 0.059280 0.032041 0.053936 0.289676
0 4 0.728953 0.058183 0.019759 0.050296 0.142809
4 4 0.251135 0.085749 0.064779 0.048037 0.550300
4 4 0.253035 0.098873 0.103391 0.082973 0.461728
4 4 0.187353 0.116646 0.092852 0.054073 0.549076
4 4 0.149762 0.164535 0.187493 0.105047 0.393164
4 4 0.231228 0.090491 0.085027 0.061311 0.531943
4 4 0.116565 0.120524 0.114345 0.048152 0.600413
4 4 0.169871 0.177962 0.173645 0.104136 0.374386
4 4 0.063521 0.082945 0.242691 0.089222 0.521621
4 4 0.090207 0.105223 0.177125 0.071273 0.556172
2 4 0.122986 0.165838 0.357638 0.132600 0.220939
4 4 0.169661 0.176440 0.154870 0.088580 0.410450
0 4 0.422262 0.103136 0.065348 0.078445 0.330810
0 4 0.781263 0.052038 0.016481 0.052085 0.098133
4 4 0.319031 0.077796 0.053566 0.048527 0.501079
4 4 0.213986 0.078908 0.075256 0.051371 0.580479
4 4 0.113456 0.133874 0.221466 0.109592 0.421612
2 4 0.069382 0.102681 0.410687 0.138915 0.278335
2 4 0.119407 0.158327 0.335408 0.123008 0.263850
4 4 0.092269 0.111053 0.211450 0.090663 0.494565
4 4 0.094060 0.119732 0.276002 0.124810 0.385396
4 4 0.083218 0.103172 0.227805 0.094573 0.491231
0 1 0.518770 0.167861 0.072011 0.064683 0.176674
2 1 0.114221 0.156583 0.371165 0.137368 0.220663
4 1 0.097433 0.125568 0.287656 0.117498 0.371845
2 1 0.067401 0.113612 0.557718 0.117026 0.144243
2 1 0.054385 0.098758 0.625443 0.117441 0.103972
2 1 0.043390 0.083884 0.675034 0.109116 0.088576
4 1 0.109852 0.144242 0.314617 0.113170 0.318120
4 1 0.081588 0.102586 0.240963 0.101012 0.473850
2 1 0.064393 0.095349 0.401694 0.137119 0.301446
2 1 0.074145 0.114774 0.468458 0.128734 0.213888
4 1 0.081578 0.093164 0.146732 0.053844 0.624682
2 1 0.075149 0.107154 0.374565 0.134828 0.308305
4 1 0.061777 0.084042 0.291391 0.113549 0.449242
2 1 0.091055 0.131171 0.443848 0.097253 0.236673
4 1 0.086056 0.110808 0.280520 0.130364 0.392253
2 1 0.048264 0.090832 0.653834 0.105563 0.101507
2 1 0.045618 0.085211 0.641882 0.106157 0.121132
2 1 0.024565 0.055233 0.777721 0.077261 0.065219
2 2 0.045735 0.090107 0.693684 0.095312 0.075162
2 2 0.073517 0.116739 0.500095 0.134561 0.175087
2 2 0.019632 0.049690 0.847247 0.048247 0.035184
2 2 0.034460 0.071788 0.731081 0.090672 0.071999
2 2 0.018222 0.045086 0.832660 0.057131 0.046902
2 2 0.027094 0.060976 0.782471 0.072577 0.056883
2 2 0.019196 0.049245 0.853596 0.045476 0.032487
2 2 0.012550 0.036893 0.904412 0.027699 0.018446
2 2 0.020241 0.051712 0.851983 0.044905 0.031159
2 2 0.039265 0.082416 0.740519 0.080715 0.057085
2 2 0.008008 0.025822 0.929154 0.021618 0.015399
