0 0 0.763768 0.077795 0.081518 0.006665 0.070255
0 0 0.806198 0.058535 0.072381 0.004101 0.058786
0 0 0.749964 0.103067 0.072514 0.006056 0.068400
0 0 0.911236 0.047876 0.019060 0.000335 0.021493
0 0 0.897124 0.064188 0.016736 0.000346 0.021606
0 0 0.904604 0.044285 0.025150 0.000502 0.025458
0 0 0.875585 0.041359 0.044556 0.001270 0.037229
0 0 0.895658 0.038954 0.034276 0.000766 0.030345
0 0 0.865150 0.063491 0.034427 0.001174 0.035759
0 0 0.845493 0.063627 0.045451 0.001911 0.043518
0 0 0.511642 0.269094 0.126804 0.007681 0.084779
0 0 0.461004 0.238652 0.124373 0.047348 0.128624
0 0 0.750949 0.178067 0.026746 0.002071 0.042167
0 0 0.415864 0.090470 0.355947 0.032653 0.105065
0 0 0.458405 0.182948 0.218614 0.025249 0.114785
0 0 0.753606 0.132690 0.052734 0.003749 0.057221
2 0 0.166890 0.194280 0.512123 0.034685 0.092021
2 0 0.319042 0.147646 0.389711 0.035169 0.108432
0 0 0.760673 0.143004 0.040470 0.003389 0.052465
0 0 0.604999 0.199390 0.102581 0.008808 0.084223
2 0 0.280494 0.121051 0.356996 0.106285 0.135173
0 0 0.875007 0.042245 0.044197 0.001275 0.037276
0 0 0.829217 0.060411 0.057268 0.002754 0.050350
0 0 0.860492 0.045425 0.050457 0.001713 0.041913
2 0 0.116793 0.043543 0.673475 0.090952 0.075237
0 0 0.325805 0.159273 0.294565 0.078296 0.142061
0 0 0.684581 0.134027 0.088707 0.009989 0.082697
0 0 0.918733 0.027698 0.029013 0.000435 0.024122
0 0 0.825038 0.063007 0.057717 0.002901 0.051337
0 0 0.880638 0.034173 0.047442 0.001208 0.036540
0 0 0.876951 0.036978 0.047340 0.001286 0.037445
0 0 0.553290 0.092816 0.225633 0.025364 0.102897
2 0 0.239197 0.140737 0.473452 0.040810 0.105805
2 0 0.275547 0.179093 0.406773 0.030711 0.107877
1 0 0.308125 0.422560 0.162381 0.013231 0.093702
2 0 0.088761 0.053595 0.745760 0.049149 0.062735
0 0 0.650275 0.074906 0.176952 0.013036 0.084831
0 0 0.778578 0.092462 0.062748 0.004721 0.061490
0 0 0.845498 0.056980 0.050347 0.002077 0.045098
0 0 0.881097 0.037441 0.044377 0.001160 0.035925
0 0 0.897533 0.038613 0.033409 0.000728 0.029717
0 0 0.855228 0.082758 0.027594 0.001016 0.033403
0 0 0.844373 0.074036 0.038913 0.001667 0.041011
0 0 0.341170 0.186569 0.339498 0.024163 0.108601
1 0 0.263576 0.466830 0.165278 0.013418 0.090897
0 0 0.418100 0.303305 0.170319 0.011415 0.096860
0 0 0.595239 0.192913 0.117844 0.008395 0.085608
1 0 0.273898 0.314242 0.281062 0.022765 0.108034
2 0 0.180148 0.198880 0.456377 0.054809 0.109786
1 0 0.307432 0.313957 0.260999 0.015925 0.101687
0 0 0.453086 0.299682 0.146453 0.009633 0.091145
0 0 0.757230 0.119068 0.056852 0.004921 0.061928
0 0 0.499198 0.137322 0.241188 0.020698 0.101594
2 0 0.289380 0.268755 0.309183 0.024918 0.107765
0 0 0.752213 0.098082 0.077546 0.005280 0.066879
0 0 0.813919 0.067914 0.060432 0.003373 0.054362
0 0 0.901001 0.046802 0.025488 0.000538 0.026171
0 0 0.829336 0.096647 0.032758 0.001579 0.039679
0 0 0.660720 0.166546 0.089242 0.006924 0.076567
0 0 0.777258 0.066599 0.084416 0.005430 0.066297
0 0 0.730575 0.117629 0.074990 0.006341 0.070466
0 0 0.777138 0.114474 0.048918 0.003787 0.055684
0 0 0.599925 0.114380 0.186405 0.010935 0.088355
0 0 0.486911 0.102490 0.288067 0.022369 0.100163
0 0 0.895539 0.044184 0.030468 0.000696 0.029114
0 0 0.842481 0.066608 0.045047 0.001960 0.043905
0 0 0.873881 0.063024 0.029888 0.000913 0.032293
0 0 0.530048 0.144165 0.183254 0.026504 0.116029
0 0 0.767558 0.075307 0.081320 0.006432 0.069383
0 0 0.885033 0.046226 0.035142 0.000924 0.032674
0 0 0.803936 0.139387 0.021852 0.001124 0.033701
0 0 0.891627 0.062615 0.020535 0.000479 0.024745
0 0 0.826688 0.070203 0.051447 0.002602 0.049061
0 0 0.708016 0.097028 0.118900 0.005393 0.070663
0 0 0.812417 0.139366 0.018005 0.000807 0.029406
0 0 0.828589 0.078996 0.044291 0.002221 0.045902
0 0 0.813355 0.154842 0.010539 0.000364 0.020900
0 0 0.806279 0.150433 0.015484 0.000675 0.027129
0 1 0.776182 0.180306 0.014813 0.000760 0.027938
0 1 0.763042 0.182712 0.019271 0.001209 0.033767
0 1 0.799754 0.154524 0.016423 0.000768 0.028530
0 0 0.855506 0.046379 0.052709 0.001884 0.043521
0 0 0.782576 0.134453 0.034572 0.002403 0.045995
0 0 0.769741 0.101688 0.063763 0.004237 0.060570
0 0 0.475692 0.122953 0.274785 0.021381 0.105188
0 0 0.321796 0.308904 0.227496 0.026993 0.114810
2 0 0.147452 0.105640 0.539896 0.098529 0.108483
0 0 0.429838 0.153478 0.264169 0.032383 0.120132
2 0 0.354552 0.135589 0.395868 0.018647 0.095344
0 0 0.843947 0.051619 0.055447 0.002262 0.046725
0 0 0.788174 0.063237 0.079152 0.005194 0.064242
0 0 0.505761 0.247246 0.121581 0.019812 0.105601
2 0 0.161834 0.189691 0.335224 0.170655 0.142596
0 0 0.731912 0.123550 0.074512 0.004655 0.065371
0 0 0.847370 0.110520 0.016245 0.000539 0.025325
0 0 0.381322 0.325447 0.171559 0.016740 0.104932
0 0 0.834431 0.102240 0.026927 0.001186 0.035215
0 0 0.708226 0.221715 0.024746 0.002338 0.042975
0 1 0.678673 0.255528 0.022005 0.002281 0.041512
0 1 0.718828 0.216742 0.022550 0.001934 0.039946
0 1 0.767606 0.106504 0.067350 0.002838 0.055701
0 0 0.461593 0.168187 0.226101 0.025142 0.118976
2 0 0.276550 0.199218 0.373964 0.037587 0.112681
0 0 0.613527 0.130291 0.152841 0.011692 0.091650
0 0 0.806462 0.083484 0.053426 0.003268 0.053360
0 0 0.401007 0.204454 0.265343 0.020457 0.108739
0 0 0.720148 0.081638 0.102977 0.010994 0.084244
0 0 0.409814 0.144622 0.201497 0.091944 0.152123
0 0 0.292333 0.188377 0.185864 0.167137 0.166290
2 0 0.179477 0.275270 0.322911 0.086086 0.136255
0 0 0.823010 0.073290 0.051324 0.002695 0.049681
0 0 0.656002 0.118950 0.117056 0.013765 0.094226
0 0 0.928774 0.034920 0.017693 0.000227 0.018385
0 0 0.724199 0.203625 0.026274 0.002343 0.043560
0 0 0.756273 0.197081 0.015714 0.000929 0.030004
0 0 0.875125 0.047581 0.039983 0.001185 0.036125
0 0 0.785961 0.172303 0.014263 0.000679 0.026794
0 0 0.692287 0.246226 0.020527 0.001925 0.039035
0 1 0.618692 0.300854 0.030532 0.002732 0.047191
0 1 0.437578 0.434414 0.065848 0.003581 0.058580
1 1 0.369598 0.460724 0.094351 0.005711 0.069616
0 1 0.585964 0.295614 0.051119 0.004973 0.062330
0 1 0.561443 0.325452 0.046292 0.005292 0.061521
1 1 0.208215 0.516165 0.155659 0.007981 0.111980
1 1 0.160691 0.531532 0.177087 0.007560 0.123130
1 2 0.122350 0.474923 0.216032 0.013775 0.172920
1 2 0.112602 0.478633 0.270162 0.015469 0.123133
2 2 0.056711 0.270415 0.546448 0.029733 0.096693
2 2 0.054550 0.295939 0.542726 0.024067 0.082718
2 2 0.072362 0.358163 0.445411 0.024494 0.099571
2 2 0.037043 0.117627 0.787339 0.015299 0.042692
2 2 0.059691 0.285324 0.559419 0.023993 0.071573
2 2 0.020901 0.070097 0.873007 0.009833 0.026162
2 2 0.035142 0.129847 0.778882 0.013991 0.042138
2 2 0.024717 0.039798 0.905020 0.007792 0.022673
2 2 0.018061 0.040605 0.913316 0.007988 0.020030
2 2 0.040012 0.217908 0.662040 0.019964 0.060076
2 2 0.018222 0.042821 0.909321 0.008792 0.020843
2 2 0.021489 0.067390 0.866966 0.015381 0.028774
2 2 0.023234 0.075162 0.855477 0.015399 0.030728
2 2 0.018885 0.022606 0.935968 0.006239 0.016301
2 2 0.025749 0.098047 0.827103 0.014728 0.034372
2 2 0.022734 0.097065 0.830239 0.016632 0.033330
2 2 0.025589 0.082868 0.831779 0.023677 0.036087
2 3 0.028320 0.091265 0.815140 0.025801 0.039474
2 3 0.023139 0.060051 0.856990 0.027382 0.032438
2 3 0.017638 0.030827 0.912024 0.017838 0.021672
2 3 0.030290 0.050885 0.828269 0.051021 0.039535
2 3 0.051097 0.067182 0.726022 0.094738 0.060962
2 3 0.023271 0.040958 0.882167 0.025072 0.028531
2 3 0.030918 0.047402 0.843804 0.040629 0.037247
2 3 0.040195 0.058275 0.779090 0.072483 0.049957
2 3 0.069841 0.073103 0.632690 0.146465 0.077901
2 3 0.039252 0.063992 0.805746 0.044989 0.046021
2 3 0.058781 0.083104 0.691230 0.097638 0.069247
2 3 0.064355 0.067228 0.657060 0.138701 0.072655
2 3 0.046398 0.053670 0.751513 0.093740 0.054679
2 3 0.076297 0.076534 0.601761 0.161836 0.083572
2 3 0.052922 0.058008 0.711840 0.115495 0.061735
2 3 0.108827 0.084941 0.442342 0.255080 0.108810
2 3 0.139256 0.111562 0.332702 0.284307 0.132173
2 3 0.046739 0.066746 0.747546 0.082091 0.056878
2 3 0.086043 0.069099 0.539494 0.215189 0.090176
2 3 0.075460 0.064207 0.591747 0.187233 0.081354
2 3 0.109605 0.119864 0.468978 0.187883 0.113670
2 3 0.126395 0.116418 0.393530 0.238783 0.124874
2 3 0.148314 0.119741 0.302679 0.290652 0.138614
2 3 0.106767 0.090414 0.460286 0.234320 0.108213
2 3 0.084987 0.083880 0.563371 0.176452 0.091310
2 3 0.050266 0.050088 0.719352 0.121804 0.058490
2 3 0.052521 0.057904 0.713971 0.114237 0.061366
2 3 0.078022 0.100037 0.604419 0.130253 0.087270
2 3 0.136876 0.109434 0.340789 0.282461 0.130441
2 3 0.096680 0.074647 0.489925 0.239972 0.098775
3 3 0.165693 0.135809 0.248508 0.299735 0.150255
3 3 0.166366 0.136443 0.246500 0.300004 0.150686
2 3 0.121750 0.096095 0.394124 0.268983 0.119048
2 3 0.120467 0.094977 0.398804 0.267700 0.118051
3 3 0.163661 0.133903 0.254605 0.298887 0.148945
2 3 0.114607 0.182831 0.446612 0.134029 0.121922
3 3 0.157458 0.128131 0.273605 0.295944 0.144861
2 3 0.136293 0.108914 0.342781 0.281997 0.130014
2 3 0.125345 0.100800 0.383110 0.268691 0.122055
2 3 0.108432 0.084603 0.443854 0.254621 0.108490
2 3 0.145365 0.117065 0.312318 0.288706 0.136545
3 3 0.169794 0.139680 0.236398 0.301273 0.152856
2 3 0.130466 0.103742 0.362985 0.277115 0.125692
3 3 0.171931 0.141710 0.230190 0.301980 0.154189
2 3 0.128982 0.102433 0.368209 0.275801 0.124576
2 3 0.148819 0.120201 0.301041 0.290973 0.138966
2 3 0.095811 0.080165 0.503199 0.221842 0.098982
2 3 0.142937 0.114871 0.320353 0.287017 0.134821
2 3 0.085199 0.065082 0.536986 0.223808 0.088925
2 3 0.139988 0.112219 0.330229 0.284861 0.132703
2 3 0.068561 0.054629 0.615822 0.186492 0.074497
3 3 0.180642 0.150079 0.205645 0.304187 0.159447
2 3 0.122780 0.096993 0.390389 0.269995 0.119844
2 3 0.108067 0.084292 0.445252 0.254194 0.108195
3 3 0.158076 0.128703 0.271685 0.296261 0.145274
2 3 0.106795 0.083206 0.450147 0.252693 0.107160
2 3 0.140263 0.112466 0.329302 0.285067 0.132902
3 3 0.175674 0.145287 0.219494 0.303062 0.156482
3 3 0.176302 0.145889 0.217723 0.303224 0.156862
3 3 0.159835 0.130335 0.266256 0.297134 0.146441
2 3 0.136306 0.108925 0.342738 0.282007 0.130023
2 2 0.074200 0.358907 0.443372 0.032436 0.091085
2 3 0.068126 0.346538 0.477845 0.025870 0.081621
2 3 0.060878 0.300716 0.532557 0.028136 0.077714
2 2 0.041301 0.191342 0.687431 0.023636 0.056290
2 2 0.041543 0.236934 0.645022 0.019187 0.057313
2 2 0.054098 0.300222 0.550935 0.023449 0.071295
2 2 0.022665 0.097283 0.830289 0.016508 0.033255
2 2 0.024857 0.139930 0.784858 0.013520 0.036836
2 2 0.023840 0.114344 0.811373 0.015366 0.035077
2 2 0.038166 0.094123 0.815944 0.012751 0.039015
2 2 0.019134 0.087797 0.850634 0.013620 0.028815
2 2 0.020342 0.045996 0.902457 0.008852 0.022352
2 2 0.051251 0.283537 0.581553 0.019320 0.064338
2 2 0.039615 0.210312 0.675269 0.019993 0.054812
2 2 0.019027 0.064505 0.870306 0.018221 0.027941
2 2 0.018497 0.063296 0.873259 0.017674 0.027275
2 2 0.027002 0.126494 0.793692 0.014940 0.037871
2 2 0.019594 0.046367 0.902310 0.009400 0.022329
2 2 0.017034 0.042174 0.905131 0.013565 0.022096
2 2 0.014090 0.045479 0.907845 0.012224 0.020363
2 2 0.013899 0.033900 0.925407 0.009281 0.017513
2 2 0.015024 0.040119 0.914988 0.010380 0.019489
2 2 0.020508 0.085660 0.847711 0.015732 0.030389
2 2 0.017198 0.053738 0.891173 0.013933 0.023959
2 2 0.028228 0.089124 0.817095 0.026259 0.039294
2 2 0.030116 0.123779 0.782362 0.021255 0.042487
2 2 0.020256 0.064467 0.871063 0.016212 0.028000
2 2 0.013353 0.030176 0.925567 0.013031 0.017873
2 2 0.027245 0.127138 0.788870 0.017419 0.039328
2 2 0.021946 0.084915 0.843251 0.017839 0.032049
2 2 0.018989 0.036065 0.886606 0.031857 0.026482
2 3 0.023343 0.086284 0.837133 0.019536 0.033705
2 3 0.018669 0.062900 0.872901 0.018069 0.027462
2 3 0.028554 0.120526 0.790361 0.019911 0.040647
2 3 0.017394 0.035327 0.897079 0.025931 0.024269
2 3 0.013917 0.025740 0.924106 0.017710 0.018526
2 3 0.028888 0.108803 0.799153 0.022469 0.040687
2 3 0.018083 0.034473 0.891496 0.030580 0.025368
2 3 0.034517 0.064168 0.805569 0.051002 0.044745
2 3 0.034426 0.099056 0.786850 0.033295 0.046374
2 2 0.021933 0.071475 0.853946 0.021081 0.031565
2 2 0.014587 0.019352 0.941684 0.009239 0.015139
2 2 0.021784 0.063746 0.860098 0.023287 0.031085
2 2 0.011929 0.016708 0.940905 0.015606 0.014852
2 2 0.021404 0.059243 0.864641 0.024255 0.030456
2 2 0.016982 0.073074 0.870894 0.013254 0.025797
2 2 0.014585 0.044498 0.902557 0.016482 0.021878
2 2 0.016762 0.047619 0.898109 0.014460 0.023050
2 2 0.015177 0.021257 0.939852 0.008255 0.015459
2 2 0.016380 0.058247 0.887922 0.013565 0.023886
2 2 0.014725 0.037344 0.915589 0.012623 0.019718
2 2 0.019357 0.047801 0.900376 0.009837 0.022629
2 2 0.034089 0.086824 0.820419 0.019117 0.039551
2 2 0.013317 0.026734 0.925443 0.016418 0.018088
2 2 0.024202 0.097664 0.824671 0.018417 0.035047
2 2 0.039617 0.156561 0.723179 0.026934 0.053709
2 2 0.015748 0.038732 0.908035 0.015931 0.021553
2 2 0.020857 0.078630 0.852324 0.017611 0.030578
2 3 0.021473 0.081625 0.847651 0.017856 0.031394
2 3 0.036638 0.075000 0.792256 0.048558 0.047548
2 3 0.024049 0.060720 0.852799 0.028952 0.033479
2 3 0.030923 0.055283 0.824499 0.048804 0.040491
2 3 0.042009 0.076567 0.768341 0.060066 0.053016
2 3 0.048081 0.062120 0.739851 0.092208 0.057740
2 3 0.068543 0.104336 0.646441 0.101195 0.079485
2 3 0.065848 0.071445 0.652360 0.135974 0.074372
2 3 0.079043 0.110829 0.600557 0.120600 0.088972
2 3 0.039891 0.059372 0.780697 0.070290 0.049750
2 3 0.016883 0.049662 0.889535 0.019094 0.024826
2 2 0.041386 0.143967 0.727858 0.031552 0.055237
1 2 0.073024 0.394242 0.385479 0.025199 0.122056
2 2 0.019722 0.073711 0.860456 0.017027 0.029085
2 2 0.019513 0.048854 0.894900 0.012636 0.024097
2 2 0.034500 0.136101 0.757306 0.024435 0.047657
2 2 0.019076 0.063894 0.870581 0.018473 0.027976
2 2 0.015484 0.035788 0.915486 0.013166 0.020077
2 2 0.017808 0.066157 0.873617 0.015854 0.026564
2 2 0.011698 0.022920 0.940260 0.010311 0.014810
2 2 0.014329 0.031437 0.926747 0.009895 0.017592
2 2 0.016381 0.039355 0.905860 0.016277 0.022126
2 2 0.036165 0.185636 0.708186 0.019416 0.050597
2 2 0.013912 0.042376 0.906816 0.015920 0.020976
2 2 0.026496 0.059759 0.862289 0.019494 0.031962
2 2 0.016444 0.063470 0.880867 0.014379 0.024840
2 2 0.015310 0.026349 0.932146 0.009255 0.016940
2 2 0.014008 0.045286 0.904378 0.015110 0.021218
2 2 0.027325 0.113398 0.800611 0.019602 0.039063
2 2 0.024838 0.059182 0.872016 0.014743 0.029220
2 2 0.011699 0.016616 0.943281 0.014030 0.014375
2 2 0.023963 0.078154 0.849655 0.016336 0.031892
2 2 0.011879 0.030967 0.925758 0.014009 0.017387
2 2 0.013185 0.025384 0.928262 0.015619 0.017551
2 2 0.039991 0.216477 0.668484 0.019727 0.055322
0 1 0.378230 0.316564 0.175104 0.020114 0.109989
2 2 0.036925 0.170225 0.719767 0.021958 0.051124
2 2 0.024378 0.092142 0.828657 0.019744 0.035079
2 2 0.016806 0.038557 0.915396 0.009431 0.019809
2 2 0.024470 0.096758 0.824500 0.018944 0.035328
2 2 0.046500 0.185542 0.674445 0.030036 0.063477
2 2 0.030408 0.095187 0.789721 0.029722 0.054962
2 2 0.018848 0.044602 0.898086 0.014605 0.023858
2 2 0.027071 0.107793 0.755330 0.021210 0.088597
4 2 0.035206 0.195329 0.101399 0.019347 0.648719
4 4 0.040098 0.176470 0.175698 0.032657 0.575077
4 4 0.029029 0.148209 0.067510 0.016011 0.739241
4 4 0.030244 0.084779 0.027719 0.014215 0.843043
4 4 0.037590 0.130428 0.040282 0.011286 0.780414
4 4 0.034944 0.152695 0.053068 0.011402 0.747892
4 4 0.034014 0.157821 0.064099 0.014444 0.729622
4 4 0.037985 0.131372 0.046637 0.014792 0.769215
4 4 0.131012 0.349645 0.143175 0.023438 0.352730
4 4 0.040507 0.170680 0.060274 0.012443 0.716095
4 4 0.048394 0.201011 0.071795 0.013155 0.665644
4 4 0.041572 0.172005 0.062420 0.013370 0.710633
4 4 0.018086 0.034031 0.011280 0.008514 0.928089
4 4 0.040084 0.205432 0.086565 0.014372 0.653547
4 4 0.032741 0.171913 0.070108 0.012926 0.712312
4 4 0.039318 0.071579 0.016713 0.011250 0.861140
4 4 0.070073 0.096902 0.034639 0.024308 0.774077
4 4 0.112796 0.258882 0.061590 0.011268 0.555463
4 4 0.038490 0.130931 0.053268 0.019476 0.757835
4 4 0.105163 0.245975 0.061068 0.012027 0.575767
4 4 0.088182 0.098147 0.027829 0.012359 0.773483
4 4 0.065028 0.101795 0.025154 0.016146 0.791878
4 4 0.094088 0.130724 0.033846 0.020959 0.720383
4 4 0.040116 0.072735 0.018165 0.012926 0.856057
4 4 0.051986 0.143999 0.044505 0.014636 0.744873
4 4 0.153545 0.060458 0.036675 0.006299 0.743024
4 4 0.097402 0.129863 0.032528 0.018458 0.721749
4 4 0.071141 0.129276 0.037546 0.019784 0.742254
4 4 0.103028 0.104424 0.030090 0.012176 0.750283
0 1 0.495621 0.290110 0.105156 0.014408 0.094705
1 1 0.328355 0.430805 0.095800 0.009334 0.135706
1 1 0.306917 0.413917 0.077321 0.007898 0.193947
1 1 0.154313 0.431095 0.126025 0.010759 0.277808
4 1 0.080784 0.366887 0.149779 0.013985 0.388564
1 1 0.064874 0.379043 0.214999 0.018211 0.322872
1 2 0.066533 0.364769 0.192442 0.017819 0.358437
1 2 0.054911 0.376480 0.263926 0.021268 0.283415
1 2 0.062703 0.389294 0.249110 0.019910 0.278983
2 2 0.045221 0.204040 0.627594 0.022362 0.100784
2 2 0.028567 0.062390 0.859899 0.010582 0.038562
2 2 0.043208 0.098751 0.786226 0.018376 0.053439
2 2 0.026985 0.048858 0.888736 0.008724 0.026698
2 2 0.025820 0.041657 0.896890 0.010626 0.025007
2 2 0.018307 0.020319 0.938388 0.007010 0.015976
2 2 0.041979 0.167968 0.669093 0.029008 0.091952
2 2 0.043629 0.123217 0.721296 0.017174 0.094683
2 2 0.013353 0.015925 0.951447 0.006506 0.012769
2 2 0.013956 0.013744 0.953429 0.006439 0.012432
2 2 0.021355 0.025727 0.926434 0.007774 0.018711
2 2 0.013258 0.017853 0.947809 0.007506 0.013573
2 2 0.027341 0.039540 0.898091 0.010072 0.024956
2 2 0.035352 0.103283 0.789246 0.016527 0.055592
2 2 0.017274 0.025166 0.933673 0.007198 0.016690
2 2 0.016015 0.026661 0.933410 0.007389 0.016524
2 2 0.028854 0.086491 0.826574 0.014412 0.043669
2 2 0.020570 0.024672 0.920532 0.013715 0.020511
2 2 0.027098 0.073469 0.823647 0.027921 0.047865
2 2 0.042754 0.109020 0.727524 0.019101 0.101601
2 2 0.017844 0.023590 0.930436 0.010236 0.017894
2 2 0.023863 0.070365 0.854295 0.015013 0.036464
2 2 0.041443 0.177795 0.623418 0.030366 0.126978
2 2 0.016841 0.019106 0.941074 0.007590 0.015390
2 2 0.016983 0.068895 0.876402 0.012623 0.025097
2 2 0.013520 0.017263 0.947676 0.007856 0.013685
2 2 0.012814 0.017028 0.950057 0.007076 0.013025
2 2 0.015969 0.032194 0.927157 0.007285 0.017396
2 2 0.019889 0.035987 0.916058 0.007940 0.020125
2 2 0.017175 0.027255 0.927335 0.009970 0.018266
2 2 0.015822 0.022516 0.938677 0.007360 0.015625
2 2 0.029241 0.091882 0.811284 0.027083 0.040510
2 2 0.051603 0.104272 0.735892 0.047858 0.060374
1 1 0.317955 0.426947 0.114661 0.012647 0.127789
1 1 0.106029 0.486799 0.262648 0.013591 0.130932
1 1 0.138210 0.531808 0.213950 0.008514 0.107517
1 1 0.092640 0.490435 0.279978 0.012597 0.124351
2 1 0.030022 0.064636 0.865933 0.009663 0.029747
2 1 0.029993 0.131786 0.775829 0.019835 0.042558
2 1 0.077582 0.249558 0.567211 0.029477 0.076171
2 1 0.069014 0.128032 0.709503 0.024226 0.069224
2 1 0.035674 0.190260 0.705429 0.018500 0.050138
1 2 0.077772 0.439302 0.356818 0.020311 0.105796
2 2 0.050044 0.242556 0.593480 0.027196 0.086723
2 2 0.040258 0.145360 0.748988 0.017207 0.048187
2 2 0.033935 0.196464 0.684247 0.017694 0.067659
2 2 0.050299 0.292554 0.513188 0.023951 0.120008
2 2 0.043915 0.221502 0.651235 0.022692 0.060656
2 2 0.040337 0.247625 0.618630 0.018542 0.074866
2 2 0.028690 0.155053 0.755533 0.015893 0.044831
2 2 0.025566 0.149005 0.774249 0.013331 0.037847
1 2 0.052946 0.404632 0.370924 0.018784 0.152715
2 2 0.058181 0.293426 0.491461 0.030107 0.126826
2 2 0.050867 0.267319 0.590329 0.023887 0.067598
2 2 0.056222 0.279530 0.564022 0.026996 0.073230
2 2 0.070406 0.278301 0.524661 0.039552 0.087079
2 2 0.061408 0.318461 0.513745 0.027267 0.079119
2 2 0.079577 0.389214 0.401233 0.033531 0.096445
2 2 0.073931 0.269800 0.521686 0.044325 0.090257
1 3 0.079407 0.382539 0.357090 0.036568 0.144395
2 3 0.098041 0.360478 0.371532 0.051742 0.118207
2 3 0.077158 0.153793 0.594932 0.084248 0.089868
2 3 0.095071 0.324577 0.415644 0.054882 0.109826
2 3 0.087751 0.345785 0.417882 0.044950 0.103632
2 3 0.077858 0.209672 0.557247 0.062681 0.092542
2 3 0.107793 0.166233 0.476412 0.133763 0.115798
2 3 0.109781 0.311606 0.384566 0.072182 0.121865
2 3 0.086351 0.152368 0.561352 0.102210 0.097719
2 3 0.076709 0.138484 0.603587 0.092509 0.088712
2 3 0.101933 0.218974 0.472655 0.092958 0.113480
2 3 0.112075 0.336485 0.352562 0.069029 0.129849
2 3 0.152465 0.215330 0.307995 0.174281 0.149929
1 3 0.099685 0.342119 0.327713 0.059541 0.170942
2 3 0.122205 0.118112 0.413060 0.224322 0.122300
2 3 0.103704 0.352226 0.369230 0.057592 0.117248
2 3 0.107898 0.218325 0.453459 0.102060 0.118258
2 3 0.142799 0.240484 0.330125 0.141870 0.144722
2 3 0.103272 0.242247 0.453645 0.085563 0.115272
2 3 0.107316 0.329323 0.362417 0.066754 0.134190
2 3 0.099666 0.323861 0.403419 0.059348 0.113706
1 3 0.122177 0.296369 0.292564 0.094913 0.193977
2 3 0.144751 0.278563 0.305453 0.124087 0.147146
2 3 0.114041 0.260193 0.408513 0.092914 0.124339
2 3 0.153293 0.261072 0.289057 0.144272 0.152306
2 3 0.168367 0.213952 0.257567 0.200768 0.159345
2 3 0.105571 0.195978 0.472955 0.109956 0.115540
2 3 0.124478 0.192137 0.408779 0.144883 0.129723
2 3 0.114791 0.333438 0.353891 0.071841 0.126038
2 3 0.124408 0.248111 0.383827 0.111731 0.131923
2 3 0.132756 0.182338 0.381855 0.168039 0.135013
1 3 0.096835 0.344259 0.324720 0.056949 0.177237
2 3 0.139634 0.288541 0.314614 0.113364 0.143848
2 3 0.114315 0.156575 0.453624 0.155360 0.120126
2 3 0.116043 0.197822 0.436034 0.126351 0.123750
2 3 0.073167 0.123259 0.622927 0.095892 0.084756
2 3 0.139654 0.186771 0.356777 0.176831 0.139966
2 3 0.099269 0.238066 0.469024 0.081776 0.111864
2 3 0.150327 0.203925 0.317487 0.180313 0.147947
3 3 0.179333 0.195246 0.223976 0.237581 0.163863
3 3 0.165192 0.154587 0.261545 0.266176 0.152499
3 3 0.188437 0.157708 0.184724 0.305221 0.163910
2 3 0.131658 0.303510 0.328080 0.098316 0.138437
2 3 0.049235 0.096421 0.730280 0.062842 0.061222
2 3 0.097749 0.212912 0.490060 0.089440 0.109838
2 3 0.106532 0.346774 0.366000 0.061161 0.119533
2 3 0.101697 0.223206 0.470850 0.090822 0.113425
2 3 0.104100 0.292386 0.415432 0.071085 0.116998
2 3 0.096531 0.255982 0.464970 0.072502 0.110016
2 3 0.102908 0.169367 0.493501 0.122070 0.112154
2 3 0.110427 0.272749 0.411007 0.084053 0.121764
0 1 0.251867 0.165388 0.190922 0.222895 0.168928
2 1 0.080511 0.231115 0.549262 0.049346 0.089767
2 2 0.059260 0.289605 0.537586 0.029010 0.084539
2 2 0.018647 0.032766 0.921341 0.008117 0.019129
2 2 0.015407 0.054274 0.892103 0.014954 0.023262
2 2 0.020320 0.037326 0.911812 0.009308 0.021235
2 2 0.038405 0.177393 0.708786 0.022531 0.052885
1 2 0.163554 0.351293 0.308864 0.044709 0.131580
2 2 0.030936 0.111046 0.790218 0.024776 0.043025
2 2 0.023999 0.027940 0.918062 0.009136 0.020863
2 2 0.018982 0.026228 0.929815 0.007317 0.017658
2 2 0.028129 0.063861 0.850142 0.023185 0.034683
2 2 0.049975 0.189841 0.588350 0.030774 0.141060
2 2 0.022231 0.074293 0.838102 0.019013 0.046361
2 2 0.017446 0.021006 0.937512 0.007850 0.016186
2 2 0.023487 0.048113 0.888611 0.011949 0.027840
2 2 0.025767 0.039038 0.898118 0.011859 0.025219
2 2 0.049422 0.270899 0.434550 0.028005 0.217124
2 2 0.015951 0.026646 0.929781 0.010025 0.017596
2 2 0.022395 0.036472 0.902193 0.012036 0.026904
2 2 0.030078 0.087170 0.808133 0.030399 0.044220
2 2 0.032376 0.102321 0.778054 0.021841 0.065409
2 2 0.018464 0.029649 0.923653 0.009230 0.019005
2 2 0.037625 0.139417 0.694297 0.031759 0.096902
2 2 0.032584 0.101893 0.766549 0.018390 0.080584
2 2 0.019663 0.045702 0.898322 0.012426 0.023887
2 2 0.022070 0.061957 0.860161 0.024483 0.031329
2 2 0.019724 0.045358 0.886658 0.021703 0.026558
2 2 0.011669 0.012595 0.952004 0.011136 0.012596
2 2 0.019661 0.048553 0.873441 0.023875 0.034469
2 2 0.013088 0.028433 0.929896 0.011597 0.016986
2 2 0.021504 0.052451 0.863890 0.028237 0.033917
2 2 0.049201 0.186114 0.522045 0.040906 0.201735
2 2 0.031594 0.125666 0.694379 0.023898 0.124464
2 2 0.052781 0.227015 0.363779 0.039026 0.317399
4 2 0.042324 0.214252 0.351449 0.030009 0.361966
2 2 0.043009 0.153505 0.450088 0.032581 0.320816
4 2 0.041238 0.181946 0.374462 0.025340 0.377013
4 2 0.037400 0.190613 0.105429 0.023711 0.642846
4 2 0.042625 0.182999 0.221007 0.035314 0.518055
4 2 0.027928 0.163513 0.072456 0.013348 0.722755
4 2 0.040881 0.160928 0.053249 0.011717 0.733225
4 2 0.029510 0.141738 0.059536 0.014551 0.754665
4 2 0.027966 0.151781 0.067266 0.014303 0.738684
0 1 0.317717 0.293269 0.236895 0.023425 0.128694
1 2 0.113368 0.494795 0.243660 0.012369 0.135808
1 1 0.279710 0.445404 0.162267 0.016257 0.096362
2 2 0.031690 0.108732 0.790494 0.024092 0.044993
2 2 0.013326 0.015921 0.950100 0.007503 0.013149
2 2 0.034017 0.036827 0.893619 0.009201 0.026337
1 2 0.075871 0.364975 0.292973 0.030504 0.235678
2 2 0.021424 0.072005 0.861441 0.015703 0.029427
2 2 0.019307 0.045464 0.907107 0.007246 0.020875
2 2 0.027119 0.069446 0.861608 0.011601 0.030226
2 2 0.019094 0.036821 0.917679 0.007014 0.019391
2 2 0.020577 0.039942 0.908505 0.009232 0.021743
2 2 0.043701 0.176522 0.689005 0.021078 0.069695
2 2 0.059027 0.283494 0.479597 0.032452 0.145430
2 2 0.030584 0.045358 0.883011 0.012502 0.028545
2 2 0.025297 0.044265 0.898908 0.007859 0.023671
2 2 0.039750 0.069849 0.840912 0.012385 0.037104
2 2 0.031196 0.098800 0.814695 0.014256 0.041053
2 2 0.025929 0.051664 0.886562 0.009679 0.026166
2 2 0.044548 0.113075 0.773505 0.016976 0.051897
2 2 0.050919 0.223409 0.614545 0.030013 0.081114
2 2 0.022627 0.042944 0.898745 0.011461 0.024223
2 2 0.034711 0.153519 0.741544 0.021902 0.048325
2 2 0.013323 0.019922 0.944709 0.007858 0.014188
2 2 0.026929 0.045391 0.894475 0.008375 0.024830
2 2 0.035102 0.188520 0.705228 0.018420 0.052729
2 2 0.028107 0.110857 0.811464 0.013350 0.036221
2 2 0.033819 0.084284 0.830881 0.014276 0.036740
2 2 0.030151 0.081003 0.841589 0.013235 0.034022
2 2 0.046830 0.256472 0.598047 0.022546 0.076106
2 2 0.040085 0.210372 0.673824 0.020394 0.055325
2 2 0.038441 0.146386 0.735628 0.027356 0.052189
2 2 0.023866 0.051084 0.887929 0.011177 0.025944
2 2 0.036174 0.079396 0.837923 0.011200 0.035307
2 2 0.022152 0.058526 0.862017 0.026041 0.031265
1 1 0.136395 0.411871 0.313668 0.025763 0.112302
1 2 0.126585 0.454328 0.277571 0.021069 0.120447
0 0 0.475147 0.360150 0.074889 0.010100 0.079714
0 0 0.497284 0.375831 0.058392 0.005051 0.063442
1 1 0.357326 0.462241 0.101461 0.006449 0.072523
0 0 0.537307 0.254987 0.110762 0.009603 0.087340
0 0 0.556294 0.333237 0.045967 0.004761 0.059740
1 1 0.169193 0.509636 0.205431 0.010859 0.104881
1 1 0.228869 0.501262 0.167805 0.009854 0.092211
0 0 0.488127 0.363605 0.067333 0.007806 0.073130
0 0 0.480309 0.389776 0.061595 0.004894 0.063427
1 1 0.118275 0.491110 0.233427 0.012637 0.144551
1 1 0.212285 0.485913 0.144030 0.009782 0.147990
1 0 0.311303 0.455081 0.135463 0.011367 0.086786
1 0 0.334196 0.479194 0.108622 0.006176 0.071812
1 0 0.325618 0.483955 0.112113 0.006232 0.072082
1 0 0.194363 0.510736 0.147181 0.007821 0.139899
1 1 0.132598 0.460354 0.226134 0.017305 0.163609
2 1 0.043097 0.192930 0.675044 0.025515 0.063414
2 2 0.040826 0.107886 0.767087 0.025205 0.058996
2 2 0.031526 0.087870 0.818837 0.022170 0.039597
2 2 0.031038 0.062418 0.861135 0.013400 0.032010
2 2 0.024915 0.035943 0.909780 0.007476 0.021886
2 2 0.034703 0.085291 0.829749 0.013447 0.036810
2 2 0.027516 0.055259 0.872566 0.014734 0.029925
2 2 0.049326 0.086958 0.799688 0.018167 0.045860
2 2 0.025178 0.034243 0.911942 0.007161 0.021476
2 2 0.027158 0.064120 0.869351 0.010463 0.028908
2 2 0.052800 0.165787 0.676452 0.025836 0.079126
2 2 0.034474 0.098771 0.806528 0.016059 0.044168
2 2 0.030608 0.054492 0.877413 0.009230 0.028258
2 2 0.031768 0.097878 0.806033 0.018561 0.045759
2 2 0.034686 0.139712 0.743828 0.023691 0.058083
2 2 0.014393 0.018500 0.946984 0.006388 0.013734
2 2 0.031119 0.037958 0.896354 0.009071 0.025498
2 2 0.019450 0.040716 0.911800 0.007571 0.020463
2 2 0.038624 0.155785 0.702326 0.021311 0.081955
2 2 0.023808 0.097814 0.827970 0.016425 0.033984
2 2 0.021476 0.062372 0.868296 0.018585 0.029271
2 2 0.021322 0.041746 0.905018 0.009441 0.022473
2 2 0.022509 0.061452 0.876207 0.012490 0.027342
2 2 0.026559 0.059040 0.877362 0.009597 0.027442
2 2 0.026642 0.088408 0.832390 0.017469 0.035091
2 2 0.029934 0.135674 0.772026 0.019258 0.043109
2 2 0.020764 0.042616 0.905648 0.008898 0.022074
2 2 0.013890 0.033182 0.920823 0.013322 0.018783
2 2 0.021030 0.052620 0.895813 0.007660 0.022876
2 2 0.016006 0.031959 0.926199 0.008076 0.017760
2 2 0.024159 0.051462 0.886431 0.011603 0.026345
2 2 0.033065 0.137656 0.751037 0.019058 0.059184
2 2 0.023701 0.078911 0.850871 0.015177 0.031339
2 2 0.028719 0.086513 0.836600 0.013410 0.034758
2 2 0.039606 0.158614 0.715850 0.027104 0.058826
2 2 0.035222 0.147461 0.749720 0.015461 0.052137
2 2 0.016991 0.045669 0.895574 0.017827 0.023939
2 2 0.014148 0.032905 0.922245 0.012173 0.018529
2 2 0.036508 0.095219 0.781600 0.038266 0.048407
2 2 0.051644 0.167019 0.645738 0.042560 0.093040
2 2 0.013573 0.018729 0.936926 0.014728 0.016044
2 2 0.022490 0.053271 0.888266 0.010637 0.025335
2 2 0.014814 0.025382 0.934681 0.008786 0.016337
2 2 0.019355 0.038598 0.904964 0.014138 0.022945
2 2 0.018543 0.053898 0.892972 0.011017 0.023569
2 2 0.028912 0.082607 0.819223 0.029469 0.039788
2 2 0.017528 0.063769 0.876570 0.015986 0.026147
2 2 0.014019 0.023446 0.936730 0.009842 0.015963
2 2 0.022610 0.044148 0.897981 0.011040 0.024220
2 2 0.018512 0.035423 0.908987 0.014889 0.022189
2 2 0.031236 0.119290 0.785284 0.021418 0.042771
2 2 0.036238 0.143512 0.736979 0.026013 0.057258
2 2 0.012557 0.016333 0.943743 0.012884 0.014482
2 2 0.017909 0.025593 0.916139 0.019350 0.021008
2 2 0.017919 0.039549 0.906663 0.013671 0.022197
2 2 0.014156 0.026842 0.922959 0.017253 0.018790
2 2 0.013239 0.023591 0.934724 0.012135 0.016310
2 2 0.016215 0.023387 0.929316 0.013050 0.018031
2 2 0.026596 0.078963 0.830665 0.026675 0.037100
2 2 0.014986 0.036146 0.913168 0.015225 0.020475
2 2 0.024286 0.055972 0.876360 0.014863 0.028519
2 2 0.018434 0.050530 0.882509 0.021860 0.026667
2 3 0.027774 0.079491 0.825765 0.028553 0.038417
2 3 0.020033 0.044333 0.891125 0.018758 0.025752
2 3 0.016987 0.038932 0.913518 0.010249 0.020313
2 3 0.014465 0.026844 0.911488 0.026446 0.020757
2 3 0.013506 0.018792 0.935834 0.015638 0.016230
2 3 0.019649 0.043444 0.902341 0.011625 0.022942
2 3 0.022047 0.062802 0.860388 0.023574 0.031190
2 3 0.018234 0.028395 0.906571 0.023961 0.022839
2 3 0.025588 0.065964 0.843295 0.029728 0.035424
2 3 0.024051 0.058635 0.872145 0.015947 0.029221
2 3 0.020010 0.041278 0.880143 0.030619 0.027949
2 3 0.036863 0.073971 0.791720 0.049729 0.047718
2 3 0.042685 0.106489 0.750806 0.044779 0.055241
2 3 0.071791 0.108950 0.635016 0.102038 0.082205
2 3 0.031685 0.120785 0.779624 0.023762 0.044144
2 2 0.012802 0.015561 0.948177 0.009858 0.013601
2 2 0.011949 0.018327 0.947152 0.008985 0.013587
2 2 0.048665 0.104000 0.716393 0.059248 0.071694
2 2 0.015559 0.030577 0.924158 0.011160 0.018546
2 2 0.018736 0.041618 0.892407 0.021871 0.025369
2 2 0.046136 0.156099 0.691710 0.036137 0.069918
2 2 0.029280 0.086433 0.839585 0.011480 0.033221
2 2 0.019442 0.053667 0.888200 0.013579 0.025112
2 2 0.019814 0.032177 0.919580 0.008638 0.019791
2 2 0.016421 0.020026 0.942569 0.006198 0.014787
2 2 0.019517 0.022654 0.934515 0.006581 0.016733
2 2 0.025864 0.097709 0.821991 0.018383 0.036053
2 2 0.032276 0.122606 0.774624 0.024326 0.046168
2 2 0.013521 0.023401 0.940382 0.007761 0.014935
2 2 0.056663 0.106162 0.704613 0.065221 0.067341
1 2 0.148843 0.426122 0.220968 0.024498 0.179569
2 2 0.022550 0.041648 0.899614 0.011987 0.024200
2 2 0.036523 0.057328 0.853659 0.016927 0.035564
2 2 0.032384 0.082878 0.819967 0.015526 0.049246
4 2 0.047644 0.255171 0.163858 0.028468 0.504859
4 4 0.035311 0.185446 0.080717 0.014739 0.683787
4 4 0.044022 0.214889 0.069985 0.009384 0.661720
4 4 0.038156 0.182438 0.067919 0.012130 0.699357
4 4 0.035049 0.147364 0.050536 0.011507 0.755543
4 4 0.020244 0.035993 0.014936 0.012763 0.916064
4 4 0.037490 0.087230 0.028612 0.017592 0.829077
4 4 0.043251 0.156754 0.052049 0.012817 0.735129
4 4 0.026415 0.079115 0.028350 0.015484 0.850636
4 4 0.035325 0.183774 0.082755 0.015845 0.682301
4 4 0.033715 0.103306 0.035208 0.014738 0.813033
4 4 0.031357 0.136448 0.055151 0.014926 0.762118
4 4 0.039998 0.080153 0.022378 0.014798 0.842673
4 4 0.059530 0.064182 0.024732 0.011797 0.839760
4 4 0.039769 0.136861 0.057253 0.020448 0.745669
4 4 0.035224 0.123420 0.050269 0.018686 0.772400
4 4 0.050000 0.125014 0.041655 0.018296 0.765035
4 4 0.035482 0.141811 0.058413 0.017062 0.747231
4 4 0.076496 0.123567 0.028544 0.014314 0.757079
4 4 0.044531 0.140052 0.047943 0.015464 0.752010
4 4 0.058921 0.075843 0.022637 0.011767 0.830832
4 4 0.112686 0.091540 0.032099 0.010796 0.752879
4 4 0.086014 0.116003 0.032129 0.019346 0.746508
4 4 0.039099 0.051898 0.025824 0.019069 0.864109
4 4 0.091788 0.050461 0.022883 0.004565 0.830304
4 4 0.107414 0.068941 0.028261 0.007109 0.788275
4 4 0.129701 0.117862 0.037039 0.014535 0.700863
4 4 0.068060 0.064772 0.026270 0.011035 0.829864
4 4 0.103508 0.091516 0.031347 0.011606 0.762024
4 4 0.052004 0.110142 0.033981 0.018310 0.785563
4 4 0.041733 0.108965 0.036214 0.016874 0.796213
4 4 0.063392 0.187053 0.057707 0.014178 0.677670
4 4 0.038193 0.115300 0.039949 0.015864 0.790694
4 4 0.036432 0.133977 0.058418 0.020526 0.750647
4 4 0.053096 0.231790 0.101011 0.018139 0.595964
4 4 0.045439 0.208326 0.102042 0.021315 0.622878
4 4 0.039581 0.217958 0.107697 0.017904 0.616860
4 4 0.037251 0.162642 0.066676 0.015756 0.717676
4 4 0.046992 0.183239 0.057755 0.011003 0.701011
4 4 0.076968 0.266223 0.088795 0.014005 0.554009
4 4 0.043578 0.208787 0.079543 0.012808 0.655283
4 4 0.037667 0.122945 0.039194 0.012635 0.787559
4 4 0.076177 0.223428 0.065739 0.013197 0.621458
4 4 0.030831 0.169456 0.083426 0.017472 0.698814
4 4 0.046367 0.210634 0.091108 0.017144 0.634747
4 4 0.036709 0.174926 0.073617 0.015239 0.699509
4 4 0.029506 0.181771 0.093840 0.017037 0.677846
4 4 0.042489 0.190008 0.072069 0.013548 0.681886
4 4 0.050776 0.211921 0.072569 0.012145 0.652590
4 4 0.038464 0.235006 0.098671 0.011924 0.615935
4 4 0.033916 0.213067 0.117440 0.019000 0.616577
4 4 0.040848 0.206774 0.105200 0.020593 0.626585
4 4 0.031702 0.189370 0.096915 0.017391 0.664622
4 4 0.040495 0.228412 0.125203 0.021049 0.584841
1 0 0.379377 0.388821 0.096314 0.012707 0.122781
4 1 0.075152 0.367979 0.154363 0.013594 0.388911
4 1 0.058905 0.251428 0.127020 0.024079 0.538569
4 2 0.045720 0.275178 0.174554 0.024788 0.479760
2 2 0.046636 0.260736 0.378661 0.027625 0.286343
4 2 0.051809 0.310514 0.220615 0.026634 0.390429
2 2 0.029306 0.071181 0.834163 0.015135 0.050215
2 2 0.050431 0.246757 0.477495 0.031396 0.193921
2 2 0.028102 0.103483 0.777858 0.025156 0.065401
4 2 0.053135 0.278031 0.236616 0.031481 0.400736
2 2 0.047001 0.229402 0.516072 0.030035 0.177490
2 2 0.028569 0.084317 0.811684 0.014070 0.061359
2 2 0.020005 0.026765 0.923515 0.010212 0.019502
2 2 0.044344 0.185555 0.550291 0.034543 0.185268
2 2 0.034031 0.113777 0.719786 0.024028 0.108379
2 2 0.019946 0.037835 0.913840 0.007934 0.020445
2 2 0.033769 0.046444 0.879245 0.011225 0.029317
2 2 0.018735 0.018813 0.940384 0.006532 0.015537
