0 0 0.845083 0.026344 0.017734 0.002191 0.108648
0 0 0.862308 0.018854 0.014122 0.002628 0.102088
0 0 0.863208 0.018651 0.013932 0.002582 0.101627
0 0 0.772375 0.041263 0.037771 0.009710 0.138881
0 0 0.915072 0.008141 0.004983 0.000670 0.071134
0 0 0.856805 0.020111 0.015305 0.002922 0.104857
0 0 0.910368 0.008975 0.005622 0.000784 0.074251
0 0 0.875681 0.015894 0.011417 0.001986 0.095022
0 0 0.812874 0.030761 0.026060 0.005914 0.124390
0 0 0.882370 0.014467 0.010158 0.001703 0.091301
0 0 0.889143 0.013064 0.008950 0.001442 0.087401
0 0 0.946546 0.003407 0.001702 0.000165 0.048181
0 0 0.837522 0.024663 0.019750 0.004093 0.113972
0 0 0.721914 0.054842 0.054330 0.015864 0.153049
0 0 0.820751 0.028783 0.023972 0.005292 0.121202
0 0 0.804923 0.032783 0.028234 0.006580 0.127480
0 0 0.627073 0.098351 0.090059 0.017025 0.167492
0 0 0.804116 0.032989 0.028459 0.006650 0.127786
0 0 0.794236 0.035533 0.031256 0.007536 0.131438
0 0 0.745050 0.048570 0.046492 0.012845 0.147043
0 0 0.767378 0.043295 0.039319 0.009728 0.140280
0 0 0.553770 0.128936 0.121623 0.022369 0.173301
0 0 0.589552 0.111604 0.106089 0.021170 0.171585
0 0 0.646992 0.081904 0.082523 0.021860 0.166721
0 0 0.543553 0.124869 0.127145 0.029272 0.175161
0 0 0.481290 0.171029 0.153728 0.021792 0.172161
0 0 0.661300 0.079604 0.076807 0.018216 0.164073
0 0 0.720024 0.056414 0.055023 0.015224 0.153315
0 0 0.791709 0.036189 0.031987 0.007772 0.132343
0 0 0.598615 0.114463 0.101244 0.016363 0.169315
0 0 0.527159 0.148797 0.132251 0.019387 0.172406
0 0 0.556805 0.138700 0.118063 0.015834 0.170598
1 0 0.228988 0.328338 0.284072 0.024188 0.134413
1 0 0.249568 0.300489 0.278103 0.030242 0.141598
0 0 0.441838 0.198303 0.170849 0.020045 0.168965
1 0 0.273076 0.301618 0.257685 0.022799 0.144822
1 0 0.217362 0.331625 0.293136 0.026087 0.131790
0 0 0.760560 0.044406 0.041467 0.011008 0.142559
0 0 0.654032 0.089408 0.079032 0.014036 0.163492
0 0 0.451344 0.198806 0.164360 0.017211 0.168279
0 0 0.378877 0.239693 0.200013 0.019394 0.162023
0 0 0.299991 0.288129 0.241182 0.020939 0.149759
1 0 0.213127 0.346340 0.289848 0.021632 0.129053
0 0 0.557354 0.132563 0.119130 0.018935 0.172019
0 0 0.782025 0.038718 0.034842 0.008714 0.135701
0 0 0.734589 0.051399 0.049987 0.014168 0.149857
1 1 0.212426 0.349321 0.288955 0.020781 0.128517
1 1 0.104166 0.420134 0.363340 0.022979 0.089381
1 1 0.110884 0.399497 0.344646 0.026776 0.118196
1 2 0.132920 0.374426 0.307670 0.026095 0.158888
1 2 0.070752 0.436413 0.395140 0.025261 0.072434
1 2 0.094942 0.411343 0.361876 0.027356 0.104484
1 2 0.071506 0.432333 0.383993 0.026374 0.085794
1 2 0.057467 0.454386 0.357140 0.021376 0.109632
2 2 0.065903 0.347687 0.483957 0.028315 0.074139
2 2 0.026338 0.110263 0.793358 0.021903 0.048138
2 2 0.030887 0.105233 0.783914 0.026727 0.053239
2 2 0.021815 0.071253 0.840877 0.022646 0.043410
2 2 0.015787 0.043190 0.884572 0.020717 0.035733
2 2 0.061465 0.344720 0.495869 0.026535 0.071411
2 2 0.010193 0.024335 0.921050 0.017230 0.027192
2 2 0.147077 0.153119 0.523583 0.049923 0.126297
2 2 0.047611 0.215414 0.642967 0.027962 0.066046
2 2 0.018510 0.058769 0.862438 0.020968 0.039315
2 2 0.035849 0.098208 0.774843 0.032610 0.058491
2 2 0.011900 0.034170 0.906854 0.017143 0.029934
2 2 0.013760 0.037325 0.896887 0.019221 0.032806
2 2 0.013264 0.017916 0.909611 0.026999 0.032210
2 2 0.016482 0.023069 0.893432 0.030100 0.036917
2 2 0.012822 0.021569 0.910467 0.023639 0.031502
2 2 0.018549 0.026479 0.883328 0.031907 0.039737
2 2 0.033824 0.020354 0.812819 0.080418 0.052585
2 2 0.025107 0.016885 0.853270 0.057817 0.046921
2 2 0.055866 0.046915 0.736438 0.091230 0.069551
2 2 0.018748 0.025670 0.882771 0.032803 0.040009
2 2 0.049620 0.015821 0.686058 0.198550 0.049951
2 3 0.055327 0.015908 0.640119 0.239085 0.049561
2 3 0.059590 0.015933 0.590312 0.287433 0.046733
3 3 0.074763 0.016956 0.425220 0.443466 0.039595
2 3 0.086879 0.030625 0.527476 0.296934 0.058086
2 3 0.079735 0.022862 0.532677 0.309065 0.055661
2 3 0.078837 0.029540 0.562975 0.272217 0.056430
3 3 0.107957 0.026904 0.344920 0.472339 0.047881
3 3 0.106381 0.027433 0.372013 0.443552 0.050620
3 3 0.084742 0.019410 0.384529 0.470424 0.040895
2 3 0.088784 0.024859 0.485140 0.345751 0.055466
3 3 0.091329 0.019909 0.321328 0.529780 0.037654
3 3 0.082522 0.015033 0.228856 0.647437 0.026152
3 3 0.087613 0.017264 0.264380 0.599865 0.030878
3 3 0.112889 0.022138 0.165166 0.671194 0.028613
3 3 0.088254 0.014287 0.122941 0.755997 0.018521
3 3 0.082899 0.012888 0.116805 0.770527 0.016881
3 3 0.092439 0.015476 0.129602 0.742452 0.020032
3 3 0.091604 0.017862 0.239264 0.621289 0.029981
3 3 0.095790 0.016373 0.131419 0.735489 0.020930
3 3 0.090651 0.014936 0.125659 0.749480 0.019274
3 3 0.095129 0.018819 0.235200 0.620092 0.030759
3 3 0.084060 0.013186 0.118143 0.767380 0.017232
3 3 0.084494 0.013298 0.118643 0.766201 0.017364
3 3 0.071924 0.010228 0.103914 0.800226 0.013707
3 3 0.064663 0.008618 0.095141 0.819833 0.011744
3 3 0.110149 0.022252 0.194142 0.642307 0.031150
3 3 0.067342 0.009198 0.098402 0.812602 0.012456
3 3 0.065951 0.008895 0.096712 0.816357 0.012084
3 3 0.071987 0.010242 0.103989 0.800057 0.013725
3 3 0.068558 0.009467 0.099872 0.809321 0.012783
3 3 0.089658 0.014666 0.124536 0.752180 0.018961
3 3 0.082422 0.012766 0.116252 0.771821 0.016738
3 3 0.062774 0.008219 0.092824 0.824932 0.011251
3 3 0.073197 0.010522 0.105432 0.796786 0.014063
3 3 0.079253 0.011973 0.112569 0.780405 0.015799
3 3 0.066572 0.009030 0.097468 0.814681 0.012250
3 3 0.082439 0.012771 0.116272 0.771775 0.016743
3 3 0.084162 0.013212 0.118261 0.767102 0.017263
3 3 0.070449 0.009891 0.102148 0.804212 0.013300
3 3 0.059711 0.007589 0.089038 0.833194 0.010468
3 3 0.072730 0.010414 0.104876 0.798048 0.013932
3 3 0.070194 0.009833 0.101842 0.804902 0.013229
3 3 0.074091 0.010731 0.106493 0.794371 0.014314
3 3 0.090345 0.014852 0.125313 0.750312 0.019177
3 3 0.058671 0.007380 0.087743 0.835999 0.010207
3 3 0.075418 0.011044 0.108064 0.790783 0.014691
3 3 0.061450 0.007944 0.091192 0.828503 0.010911
3 3 0.055078 0.006675 0.083231 0.845694 0.009322
3 3 0.066264 0.008963 0.097093 0.815513 0.012167
3 3 0.070731 0.009955 0.102486 0.803451 0.013377
3 3 0.053148 0.006309 0.080784 0.850901 0.008857
3 3 0.049531 0.005646 0.076152 0.860661 0.008009
3 3 0.054596 0.006583 0.082621 0.846995 0.009205
3 3 0.069228 0.009616 0.100681 0.807510 0.012966
3 3 0.084687 0.013348 0.118864 0.765679 0.017422
3 3 0.052143 0.006122 0.079503 0.853613 0.008619
3 3 0.048090 0.005390 0.074288 0.864553 0.007679
3 3 0.038138 0.003753 0.061111 0.891470 0.005528
3 3 0.073699 0.010639 0.106028 0.795430 0.014204
3 3 0.061100 0.007872 0.090759 0.829448 0.010821
3 3 0.038685 0.003837 0.061850 0.889988 0.005641
3 3 0.061290 0.007911 0.090994 0.828936 0.010869
3 3 0.053231 0.006325 0.080891 0.850675 0.008877
3 3 0.057045 0.007057 0.085708 0.840386 0.009803
3 3 0.054760 0.006615 0.082829 0.846551 0.009245
3 3 0.067881 0.009317 0.099054 0.811148 0.012600
3 3 0.057974 0.007241 0.086871 0.837882 0.010033
3 3 0.047896 0.005356 0.074036 0.865077 0.007635
3 3 0.040257 0.004082 0.063964 0.885729 0.005967
3 3 0.048597 0.005480 0.074945 0.863184 0.007795
3 3 0.049384 0.005620 0.075962 0.861058 0.007975
3 3 0.063690 0.008411 0.093949 0.822460 0.011489
3 3 0.063329 0.008335 0.093507 0.823433 0.011395
3 3 0.040990 0.004198 0.064944 0.883746 0.006121
3 3 0.076975 0.011418 0.109900 0.786570 0.015137
3 3 0.055021 0.006665 0.083159 0.845848 0.009308
3 3 0.047514 0.005289 0.073540 0.866108 0.007549
3 3 0.062441 0.008149 0.092415 0.825830 0.011165
3 3 0.062262 0.008112 0.092194 0.826314 0.011119
3 3 0.062401 0.008141 0.092365 0.825938 0.011155
3 3 0.060087 0.007665 0.089504 0.832180 0.010563
3 3 0.052657 0.006218 0.080159 0.852227 0.008741
3 3 0.057717 0.007190 0.086551 0.838573 0.009969
3 3 0.058387 0.007323 0.087387 0.836768 0.010136
3 3 0.061646 0.007984 0.091434 0.827974 0.010961
3 3 0.080813 0.012361 0.114387 0.776181 0.016259
3 3 0.054106 0.006490 0.082002 0.848315 0.009087
3 3 0.061312 0.007916 0.091022 0.828875 0.010875
3 3 0.084317 0.013252 0.118439 0.766681 0.017310
3 3 0.081671 0.012577 0.115383 0.773856 0.016514
3 3 0.052809 0.006246 0.080353 0.851815 0.008777
3 3 0.042151 0.004385 0.066492 0.880603 0.006368
3 3 0.057591 0.007165 0.086392 0.838914 0.009938
3 3 0.052986 0.006279 0.080578 0.851339 0.008819
3 3 0.076794 0.011374 0.109687 0.787061 0.015085
3 3 0.059990 0.007645 0.089384 0.832441 0.010539
3 3 0.060832 0.007817 0.090428 0.830171 0.010753
3 3 0.064881 0.008665 0.095407 0.819245 0.011801
3 3 0.065611 0.008821 0.096298 0.817276 0.011994
3 3 0.052271 0.006146 0.079667 0.853268 0.008649
3 3 0.077198 0.011471 0.110162 0.785967 0.015201
3 3 0.051422 0.005989 0.078582 0.855557 0.008449
3 3 0.057795 0.007205 0.086647 0.838364 0.009989
3 3 0.069587 0.009696 0.101112 0.806541 0.013063
3 3 0.075655 0.011101 0.108345 0.790141 0.014758
2 3 0.164980 0.130531 0.311893 0.193080 0.199515
1 2 0.072440 0.337326 0.277730 0.035383 0.277121
4 2 0.122325 0.285826 0.243314 0.041872 0.306663
0 1 0.276722 0.225537 0.272687 0.071721 0.153333
1 2 0.067408 0.366437 0.281204 0.031116 0.253835
2 2 0.059966 0.350989 0.419190 0.028260 0.141595
2 2 0.072031 0.303800 0.453166 0.036902 0.134102
1 2 0.063020 0.346192 0.255534 0.030286 0.304968
4 2 0.047928 0.311901 0.204544 0.024296 0.411331
1 2 0.056714 0.383561 0.273521 0.025567 0.260637
1 2 0.068822 0.409049 0.329777 0.028675 0.163677
4 2 0.110356 0.255850 0.200778 0.036168 0.396847
4 2 0.053087 0.307806 0.210495 0.027152 0.401461
4 2 0.057959 0.322601 0.228802 0.028994 0.361644
1 2 0.066738 0.362170 0.276029 0.031082 0.263982
4 2 0.054375 0.277803 0.192589 0.029163 0.446070
2 2 0.066671 0.239250 0.466623 0.041842 0.185615
2 2 0.062863 0.161161 0.593253 0.048525 0.134199
2 2 0.056414 0.183268 0.562921 0.041509 0.155888
1 2 0.061495 0.340594 0.248363 0.029854 0.319694
2 2 0.050255 0.153927 0.654850 0.038729 0.102238
1 2 0.078562 0.408797 0.361296 0.031423 0.119922
1 2 0.075615 0.417455 0.366912 0.029550 0.110467
2 2 0.064669 0.294608 0.498278 0.033203 0.109242
2 2 0.036239 0.091924 0.778614 0.034211 0.059012
2 2 0.068632 0.214089 0.594394 0.041116 0.081769
2 2 0.058252 0.158054 0.665652 0.041690 0.076352
2 2 0.073270 0.223848 0.575718 0.042738 0.084427
2 2 0.052207 0.182146 0.660637 0.034163 0.070846
2 2 0.051671 0.166490 0.675277 0.035656 0.070907
2 2 0.016135 0.059212 0.870663 0.017955 0.036036
0 0 0.645342 0.075797 0.082806 0.028306 0.167749
1 1 0.192152 0.327614 0.276853 0.027514 0.175867
1 1 0.061211 0.424211 0.325883 0.024985 0.163710
2 2 0.052022 0.263226 0.589825 0.026979 0.067947
1 1 0.088841 0.413888 0.385284 0.028917 0.083070
1 2 0.067646 0.369880 0.283581 0.030650 0.248244
2 2 0.028750 0.081133 0.810213 0.028521 0.051384
2 2 0.070083 0.318380 0.501214 0.032179 0.078144
0 1 0.348994 0.170019 0.167840 0.043609 0.269538
1 1 0.117573 0.402138 0.358203 0.025863 0.096222
1 2 0.072171 0.428980 0.399051 0.026160 0.073637
2 2 0.065794 0.199036 0.572357 0.043889 0.118924
2 2 0.028527 0.070769 0.818942 0.030445 0.051318
2 2 0.012139 0.035245 0.905068 0.017242 0.030306
1 2 0.082641 0.379012 0.336165 0.036037 0.166145
2 2 0.029167 0.142289 0.756734 0.021178 0.050632
2 2 0.016479 0.054341 0.873362 0.019237 0.036582
2 2 0.027753 0.087557 0.808200 0.026333 0.050157
2 2 0.034500 0.084039 0.789962 0.034074 0.057425
2 2 0.027464 0.104860 0.794591 0.023574 0.049511
2 2 0.029200 0.074738 0.813745 0.030321 0.051995
2 2 0.022894 0.046906 0.855286 0.029816 0.045098
2 2 0.020148 0.057745 0.857392 0.023229 0.041486
0 2 0.417959 0.181759 0.189409 0.038834 0.172039
2 2 0.041229 0.197826 0.674566 0.025293 0.061086
2 2 0.014743 0.049063 0.884084 0.017962 0.034147
2 2 0.020204 0.083142 0.836313 0.019151 0.041189
2 2 0.029380 0.080024 0.809080 0.029417 0.052098
2 2 0.012277 0.032272 0.906613 0.018283 0.030555
2 2 0.034279 0.080243 0.793504 0.034699 0.057275
2 2 0.028044 0.048781 0.835636 0.036414 0.051125
2 2 0.038442 0.106387 0.760695 0.033628 0.060848
2 2 0.014652 0.027654 0.899375 0.024082 0.034236
2 2 0.015910 0.021505 0.896451 0.030020 0.036113
2 2 0.022446 0.053489 0.852381 0.027227 0.044456
2 2 0.019996 0.059937 0.856222 0.022585 0.041260
2 2 0.017365 0.037169 0.882555 0.024889 0.038021
2 2 0.030848 0.073028 0.809726 0.032582 0.053817
2 2 0.017731 0.026403 0.886824 0.030414 0.038627
2 2 0.019940 0.033269 0.874591 0.030682 0.041517
2 2 0.020317 0.034196 0.872616 0.030873 0.041998
2 2 0.021074 0.033152 0.870141 0.032653 0.042980
2 2 0.054771 0.140398 0.671445 0.043323 0.090062
2 1 0.221336 0.255395 0.323487 0.059175 0.140607
2 2 0.065519 0.374626 0.460681 0.026567 0.072607
2 2 0.033557 0.109704 0.772245 0.028563 0.055931
2 2 0.030918 0.095796 0.791643 0.028182 0.053461
2 2 0.020548 0.064458 0.850703 0.022383 0.041908
2 2 0.025657 0.074430 0.825517 0.026405 0.047990
2 2 0.029517 0.105433 0.787869 0.025418 0.051763
1 1 0.249019 0.285152 0.272445 0.035672 0.157712
1 2 0.065083 0.435090 0.356199 0.025109 0.118520
2 2 0.020604 0.063846 0.850999 0.022563 0.041988
2 2 0.042980 0.143963 0.716987 0.031932 0.064137
1 2 0.082213 0.396478 0.385829 0.032929 0.102551
2 2 0.015585 0.042167 0.886111 0.020684 0.035453
2 2 0.068905 0.390941 0.429642 0.027520 0.082992
2 2 0.017371 0.033075 0.885022 0.026460 0.038072
2 2 0.041011 0.113494 0.747621 0.034763 0.063110
2 2 0.049241 0.171056 0.677580 0.033349 0.068774
2 2 0.065441 0.249284 0.571594 0.035507 0.078175
1 2 0.102995 0.390303 0.362574 0.033366 0.110761
2 2 0.073326 0.368394 0.450523 0.030165 0.077592
2 2 0.027007 0.099050 0.800949 0.023890 0.049105
2 2 0.062637 0.351503 0.487329 0.026659 0.071872
2 2 0.014530 0.037044 0.893970 0.020491 0.033964
2 2 0.019571 0.065783 0.853035 0.020988 0.040623
2 2 0.025710 0.103873 0.800824 0.022056 0.047536
2 2 0.018043 0.070744 0.854230 0.018459 0.038523
2 2 0.023304 0.056205 0.847391 0.027630 0.045471
2 2 0.025136 0.063828 0.835445 0.028041 0.047551
2 2 0.031164 0.092374 0.793675 0.028997 0.053790
2 2 0.022725 0.079204 0.831293 0.022366 0.044412
2 2 0.017354 0.040156 0.880633 0.023885 0.037972
2 2 0.020667 0.041161 0.867245 0.028555 0.042371
2 2 0.030220 0.091697 0.797128 0.028162 0.052793
2 2 0.019069 0.019082 0.881999 0.040147 0.039704
2 2 0.017388 0.043020 0.878519 0.023087 0.037986
2 2 0.288692 0.139281 0.340751 0.063482 0.167794
2 2 0.068778 0.345709 0.479786 0.029701 0.076026
2 2 0.025071 0.063077 0.836224 0.028140 0.047487
2 2 0.047590 0.218889 0.639933 0.027670 0.065918
2 2 0.022090 0.021410 0.869105 0.043055 0.044340
2 2 0.042394 0.153295 0.710608 0.030342 0.063361
2 2 0.014417 0.032790 0.897302 0.021652 0.033839
2 2 0.034172 0.071569 0.800150 0.036780 0.057330
2 2 0.013047 0.027504 0.906395 0.021249 0.031805
2 2 0.016560 0.033694 0.887946 0.024866 0.036934
2 2 0.019374 0.036626 0.874983 0.028279 0.040739
2 2 0.018828 0.038975 0.875677 0.026532 0.039988
2 2 0.017961 0.034045 0.882086 0.027037 0.038871
2 2 0.013075 0.032398 0.903163 0.019560 0.031804
2 2 0.029988 0.029941 0.836160 0.050437 0.053474
2 2 0.027361 0.026977 0.846880 0.048210 0.050573
2 2 0.028975 0.053170 0.829704 0.036051 0.052100
2 2 0.021617 0.037354 0.865852 0.031552 0.043625
2 2 0.014913 0.017300 0.901827 0.031270 0.034690
2 2 0.024124 0.033422 0.858033 0.037670 0.046750
2 2 0.026159 0.048288 0.842626 0.033949 0.048978
2 2 0.021726 0.025068 0.870340 0.038997 0.043869
2 2 0.038244 0.097858 0.768027 0.035023 0.060848
2 2 0.015839 0.023335 0.896184 0.028643 0.035999
2 2 0.014581 0.024441 0.901286 0.025535 0.034157
2 2 0.019938 0.045117 0.867399 0.026165 0.041380
2 2 0.019682 0.019295 0.878757 0.042422 0.039845
2 2 0.017255 0.021574 0.890408 0.032759 0.038004
2 2 0.021863 0.042104 0.862146 0.030008 0.043879
2 2 0.019192 0.023012 0.881578 0.035601 0.040617
2 2 0.017563 0.049352 0.873218 0.021714 0.038151
2 2 0.015578 0.018447 0.898584 0.031739 0.035652
2 2 0.021364 0.032310 0.869380 0.033589 0.043357
2 2 0.016464 0.031401 0.889683 0.025630 0.036821
2 2 0.012381 0.025462 0.910505 0.020873 0.030779
2 2 0.014056 0.020319 0.905246 0.026976 0.033402
2 2 0.025706 0.045336 0.846037 0.034432 0.048489
2 2 0.011783 0.025762 0.912992 0.019643 0.029821
2 2 0.037149 0.019453 0.784543 0.109736 0.049119
2 2 0.022606 0.062067 0.845443 0.025353 0.044530
2 2 0.024815 0.024630 0.856679 0.047524 0.046352
2 2 0.038586 0.016357 0.764470 0.132670 0.047917
2 3 0.014263 0.019512 0.904520 0.027990 0.033716
2 3 0.015934 0.028829 0.893298 0.025847 0.036092
2 3 0.055147 0.016019 0.644673 0.234089 0.050072
2 3 0.019351 0.024735 0.880486 0.034612 0.040816
2 3 0.049451 0.040567 0.756306 0.090694 0.062982
2 3 0.024000 0.028652 0.860145 0.040563 0.046641
2 3 0.033952 0.030616 0.819838 0.059448 0.056146
2 3 0.050316 0.102390 0.729948 0.045731 0.071614
2 3 0.015970 0.023947 0.895379 0.028520 0.036183
2 3 0.018724 0.037405 0.877061 0.026944 0.039866
2 3 0.016132 0.042492 0.883745 0.021398 0.036233
2 2 0.016028 0.029879 0.892340 0.025536 0.036217
2 2 0.018383 0.027246 0.883733 0.031132 0.039507
2 2 0.018386 0.033608 0.880625 0.027928 0.039453
2 2 0.028116 0.022180 0.837799 0.066118 0.045787
2 2 0.019114 0.038506 0.874862 0.027145 0.040374
2 3 0.028626 0.042492 0.837000 0.040022 0.051859
2 3 0.031580 0.046273 0.824562 0.042556 0.055029
2 3 0.017321 0.035736 0.883634 0.025334 0.037975
2 3 0.031393 0.057892 0.818473 0.037583 0.054658
2 3 0.051447 0.054939 0.751535 0.073995 0.068084
2 3 0.018353 0.031628 0.881824 0.028767 0.039428
2 3 0.021531 0.054901 0.854615 0.025660 0.043293
2 3 0.039005 0.024190 0.785731 0.098833 0.052240
2 3 0.013628 0.019043 0.907612 0.026957 0.032761
2 3 0.037531 0.039850 0.803327 0.062617 0.056675
2 3 0.025248 0.022022 0.854906 0.050582 0.047242
2 3 0.014570 0.020580 0.902804 0.027879 0.034168
2 3 0.020939 0.034612 0.869951 0.031706 0.042792
2 3 0.032827 0.048585 0.819027 0.043247 0.056314
0 3 0.334615 0.098064 0.288168 0.125434 0.153719
1 1 0.112259 0.404423 0.362970 0.026390 0.093959
2 2 0.070791 0.366263 0.446777 0.029831 0.086338
2 2 0.024243 0.048379 0.849440 0.031223 0.046716
2 2 0.046017 0.200001 0.660549 0.028242 0.065191
2 2 0.035329 0.063769 0.801711 0.040542 0.058648
2 2 0.013204 0.028487 0.905128 0.021142 0.032039
2 2 0.062624 0.192024 0.611638 0.041162 0.092552
2 2 0.071224 0.319355 0.465733 0.034324 0.109363
2 2 0.024465 0.051434 0.846627 0.030533 0.046940
2 2 0.023630 0.062518 0.841572 0.026507 0.045774
2 2 0.021823 0.045561 0.860098 0.028733 0.043785
4 4 0.045158 0.217304 0.143228 0.026477 0.567833
4 4 0.043019 0.199984 0.130724 0.025915 0.600358
4 4 0.169696 0.241741 0.179701 0.026483 0.382378
4 4 0.103437 0.282852 0.241049 0.044958 0.327703
4 4 0.063966 0.259838 0.181899 0.029397 0.464900
4 4 0.064333 0.103681 0.067622 0.020757 0.743606
4 4 0.065237 0.067853 0.035370 0.008217 0.823322
4 4 0.045848 0.239500 0.157117 0.025940 0.531595
4 4 0.064612 0.316517 0.235072 0.032651 0.351147
4 4 0.057550 0.221012 0.156264 0.031637 0.533537
4 4 0.060116 0.048322 0.021325 0.004068 0.866169
4 4 0.064526 0.321371 0.238641 0.032344 0.343118
4 4 0.179856 0.074321 0.043564 0.009884 0.692375
0 4 0.495851 0.080233 0.066266 0.018176 0.339473
1 4 0.134772 0.345496 0.278500 0.028690 0.212541
4 4 0.066042 0.052210 0.023978 0.004740 0.853030
4 4 0.081259 0.095370 0.059989 0.016977 0.746405
4 4 0.088223 0.079510 0.045554 0.011342 0.775371
4 4 0.222742 0.021913 0.007400 0.000802 0.747142
4 4 0.068161 0.051854 0.023766 0.004663 0.851557
4 4 0.137133 0.110206 0.076828 0.022043 0.653790
4 4 0.103743 0.257821 0.188285 0.029506 0.420645
0 0 0.790454 0.036515 0.032352 0.007891 0.132788
0 0 0.838914 0.024327 0.019414 0.004001 0.113343
0 0 0.315555 0.254950 0.229351 0.028001 0.172143
0 0 0.418097 0.145710 0.118757 0.021269 0.296167
0 0 0.413308 0.181639 0.192126 0.040999 0.171928
1 0 0.089292 0.410919 0.330327 0.025044 0.144418
1 1 0.154876 0.312229 0.239620 0.026356 0.266919
4 1 0.057705 0.336436 0.229296 0.025144 0.351418
1 1 0.201774 0.328270 0.280863 0.026995 0.162098
0 1 0.304621 0.220782 0.179827 0.025240 0.269530
4 1 0.114908 0.295321 0.215458 0.026960 0.347354
0 1 0.361160 0.143216 0.119731 0.026515 0.349378
0 1 0.514864 0.132438 0.120898 0.023174 0.208626
0 1 0.270629 0.262698 0.216907 0.025700 0.224065
0 0 0.726243 0.053665 0.052834 0.015274 0.151985
1 0 0.198727 0.328530 0.271714 0.025357 0.175671
0 0 0.310258 0.272164 0.239631 0.024705 0.153241
0 1 0.355686 0.211299 0.173601 0.022759 0.236655
4 1 0.146254 0.225755 0.164622 0.026880 0.436489
4 1 0.198273 0.237798 0.180265 0.026260 0.357405
4 2 0.059580 0.319345 0.229016 0.029927 0.362133
4 2 0.058349 0.336267 0.239484 0.028546 0.337355
1 2 0.054947 0.347732 0.241742 0.026384 0.329196
1 2 0.064868 0.343858 0.241963 0.026366 0.322945
1 2 0.056877 0.339141 0.238982 0.027696 0.337304
1 2 0.058173 0.338356 0.240730 0.028362 0.334378
1 2 0.062598 0.349098 0.257101 0.029935 0.301268
2 2 0.068134 0.311753 0.354190 0.035910 0.230012
1 2 0.068790 0.355869 0.274386 0.032374 0.268582
2 2 0.058241 0.186352 0.599926 0.040543 0.114939
2 2 0.067946 0.212557 0.515190 0.045167 0.159140
2 2 0.057274 0.241483 0.513903 0.035372 0.151969
2 2 0.025700 0.063522 0.833760 0.028801 0.048217
2 2 0.041969 0.120153 0.738143 0.034637 0.065098
2 2 0.013072 0.038689 0.898679 0.017823 0.031737
2 2 0.037290 0.130201 0.744274 0.029056 0.059180
2 2 0.034973 0.105267 0.771739 0.030558 0.057463
2 2 0.021127 0.050443 0.859304 0.026285 0.042842
2 2 0.015666 0.045554 0.883274 0.019974 0.035532
2 2 0.049528 0.130761 0.697731 0.040310 0.081670
2 2 0.027538 0.088733 0.807912 0.025922 0.049894
2 2 0.019528 0.052602 0.863536 0.023586 0.040748
2 2 0.012502 0.024549 0.910471 0.021501 0.030977
2 2 0.042950 0.140936 0.715559 0.032642 0.067913
2 2 0.018827 0.047227 0.870071 0.023987 0.039888
2 2 0.013673 0.041580 0.894081 0.018036 0.032630
2 2 0.021796 0.045237 0.860410 0.028802 0.043755
2 2 0.016783 0.045608 0.878959 0.021534 0.037116
2 2 0.010636 0.024150 0.919135 0.018134 0.027945
2 2 0.017234 0.038056 0.882500 0.024380 0.037830
2 2 0.026639 0.069044 0.826460 0.028641 0.049215
2 2 0.018868 0.042469 0.873235 0.025426 0.040001
2 2 0.032240 0.073618 0.804832 0.034024 0.055286
2 2 0.017859 0.036633 0.880940 0.025863 0.038705
2 2 0.014135 0.035233 0.896832 0.020406 0.033394
2 2 0.013987 0.021770 0.905061 0.025893 0.033288
2 2 0.013617 0.028185 0.903526 0.021995 0.032676
2 2 0.014440 0.021390 0.903138 0.027062 0.033970
2 2 0.016512 0.032722 0.888723 0.025167 0.036876
2 2 0.021508 0.026600 0.870893 0.037413 0.043586
2 2 0.025258 0.032359 0.854013 0.040263 0.048108
2 2 0.018553 0.016552 0.883715 0.042475 0.038706
2 2 0.023383 0.028608 0.862650 0.039463 0.045895
2 2 0.020217 0.033824 0.873206 0.030881 0.041871
2 2 0.028419 0.042455 0.837770 0.039727 0.051628
2 2 0.027235 0.024120 0.846251 0.053592 0.048801
2 2 0.052903 0.029297 0.724372 0.134869 0.058561
2 3 0.045617 0.052120 0.773774 0.061519 0.066970
2 3 0.062176 0.018062 0.612794 0.254680 0.052288
2 3 0.030053 0.020621 0.832083 0.066356 0.050887
2 3 0.022264 0.028301 0.867289 0.037624 0.044521
2 3 0.036440 0.017489 0.787413 0.108830 0.049827
2 3 0.036610 0.025218 0.790535 0.100592 0.047045
2 3 0.051255 0.024628 0.704831 0.168247 0.051039
2 3 0.063916 0.018602 0.605820 0.258761 0.052900
2 3 0.108570 0.036869 0.500524 0.279721 0.074315
2 3 0.061335 0.016652 0.588702 0.285252 0.048058
2 3 0.095319 0.030287 0.518533 0.289524 0.066337
2 3 0.077697 0.024852 0.578731 0.257361 0.061359
2 3 0.081114 0.019555 0.433770 0.421498 0.044062
2 3 0.085165 0.026393 0.545073 0.280973 0.062396
2 3 0.067449 0.022576 0.624917 0.225914 0.059144
3 3 0.084235 0.020161 0.415240 0.436528 0.043836
3 3 0.109865 0.025465 0.290212 0.532456 0.042001
2 3 0.059809 0.060167 0.726694 0.073771 0.079558
2 3 0.095475 0.030914 0.525542 0.280165 0.067904
3 3 0.085018 0.018008 0.329077 0.532212 0.035685
3 3 0.166265 0.080035 0.305403 0.308711 0.139586
2 3 0.066303 0.020137 0.579736 0.283832 0.049992
2 3 0.070094 0.038719 0.667822 0.154571 0.068793
2 3 0.058076 0.026507 0.685972 0.172202 0.057243
2 3 0.064611 0.018008 0.584949 0.281982 0.050450
3 3 0.095909 0.017421 0.171267 0.690528 0.024875
3 3 0.121340 0.030292 0.299121 0.501280 0.047967
3 3 0.104169 0.018854 0.140631 0.712596 0.023750
3 3 0.109267 0.021434 0.177064 0.663231 0.029004
2 3 0.061515 0.048029 0.721002 0.092517 0.076937
2 3 0.037523 0.066422 0.792952 0.042318 0.060785
2 3 0.021788 0.027496 0.869484 0.037300 0.043932
2 3 0.042712 0.089686 0.753583 0.042094 0.071926
2 2 0.020445 0.022523 0.876212 0.038566 0.042254
2 2 0.062129 0.217632 0.477554 0.041971 0.200714
2 2 0.015858 0.037965 0.888009 0.022276 0.035892
2 2 0.023360 0.055208 0.847911 0.027967 0.045554
2 2 0.014792 0.038123 0.892158 0.020587 0.034340
2 2 0.020955 0.057033 0.855067 0.024411 0.042534
2 2 0.019593 0.042644 0.870364 0.026440 0.040959
2 2 0.028848 0.076612 0.813440 0.029528 0.051573
2 2 0.038747 0.088326 0.773820 0.037567 0.061541
2 2 0.021280 0.052891 0.856986 0.025839 0.043004
2 2 0.013884 0.028431 0.902235 0.022370 0.033079
2 2 0.023036 0.044021 0.856598 0.031035 0.045310
2 2 0.054787 0.129454 0.672625 0.045950 0.097184
2 2 0.012280 0.024551 0.911464 0.021079 0.030626
2 2 0.063277 0.169876 0.549405 0.048784 0.168657
2 2 0.052130 0.143631 0.676055 0.040623 0.087562
2 2 0.061550 0.270312 0.395325 0.036374 0.236439
0 2 0.375460 0.129948 0.113423 0.029540 0.351629
1 1 0.237051 0.295226 0.290454 0.037316 0.139953
4 1 0.058961 0.314432 0.224568 0.029890 0.372148
1 2 0.064097 0.350277 0.260833 0.030568 0.294226
4 2 0.057600 0.213380 0.151256 0.031918 0.545846
4 4 0.043307 0.075393 0.040897 0.010647 0.829756
4 4 0.053275 0.322223 0.220595 0.026643 0.377265
4 4 0.047593 0.031528 0.011359 0.001735 0.907784
4 4 0.065681 0.025158 0.008276 0.001069 0.899816
4 4 0.054871 0.074191 0.040199 0.010072 0.820667
4 4 0.052837 0.059674 0.028996 0.006376 0.852118
4 4 0.138300 0.037999 0.015671 0.002393 0.805638
4 4 0.054699 0.096646 0.060211 0.017931 0.770512
4 4 0.055974 0.041447 0.016992 0.002985 0.882602
4 4 0.080206 0.028922 0.010205 0.001397 0.879269
4 4 0.178356 0.032473 0.012752 0.001749 0.774669
4 4 0.131421 0.147041 0.099729 0.021627 0.600182
4 4 0.117193 0.256384 0.184397 0.027090 0.414935
4 4 0.062854 0.080433 0.045647 0.011858 0.799208
4 4 0.080788 0.038155 0.015268 0.002453 0.863336
4 4 0.073100 0.073222 0.039843 0.009591 0.804244
4 4 0.062266 0.201865 0.129245 0.022402 0.584221
4 4 0.126650 0.032652 0.012482 0.001756 0.826459
4 4 0.034802 0.055077 0.025477 0.005617 0.879027
4 4 0.071056 0.040548 0.016595 0.002801 0.868999
4 4 0.267543 0.077012 0.048990 0.011396 0.595059
4 4 0.084529 0.088680 0.053714 0.014422 0.758656
4 4 0.041674 0.169877 0.107476 0.022921 0.658052
4 4 0.047899 0.241992 0.158809 0.025718 0.525582
4 4 0.056176 0.058560 0.028251 0.006097 0.850915
4 4 0.116701 0.063235 0.032813 0.006896 0.780356
4 4 0.396263 0.094648 0.077295 0.022211 0.409584
4 4 0.066015 0.040200 0.016342 0.002767 0.874676
4 4 0.143658 0.024448 0.008284 0.000977 0.822633
4 4 0.066299 0.036902 0.014427 0.002322 0.880050
4 4 0.069845 0.073903 0.040325 0.009812 0.806114
4 4 0.119345 0.040480 0.017005 0.002726 0.820444
4 4 0.080342 0.037941 0.015139 0.002426 0.864151
4 4 0.120731 0.032666 0.012449 0.001759 0.832396
4 4 0.061531 0.221599 0.145884 0.024692 0.546292
4 4 0.215948 0.056084 0.029168 0.005513 0.693287
4 4 0.100571 0.028539 0.010121 0.001344 0.859425
4 4 0.131289 0.031192 0.011709 0.001600 0.824210
4 4 0.128728 0.030732 0.011443 0.001552 0.827545
4 4 0.104970 0.048700 0.022124 0.004002 0.820205
4 4 0.417069 0.070828 0.049039 0.011445 0.451619
4 4 0.305033 0.100300 0.077290 0.022022 0.495354
4 4 0.083889 0.187668 0.114677 0.017760 0.596006
4 4 0.048320 0.041196 0.016768 0.002987 0.890729
4 4 0.105768 0.032558 0.012288 0.001753 0.847633
4 4 0.216564 0.253952 0.213392 0.032820 0.283272
4 4 0.364938 0.090072 0.068638 0.018550 0.457803
4 4 0.071583 0.217550 0.148408 0.026799 0.535660
4 4 0.089125 0.052940 0.024798 0.004790 0.828347
4 4 0.057423 0.210591 0.134879 0.022879 0.574229
4 4 0.214687 0.038132 0.016477 0.002467 0.728236
4 4 0.131025 0.032296 0.012315 0.001717 0.822648
4 4 0.217140 0.015555 0.004500 0.000402 0.762403
4 1 0.347547 0.105521 0.080633 0.019941 0.446358
4 2 0.059602 0.242361 0.161684 0.025860 0.510492
0 1 0.486485 0.129806 0.123454 0.028827 0.231429
4 2 0.145710 0.276320 0.228288 0.036587 0.313094
4 2 0.053743 0.306861 0.210921 0.027535 0.400939
1 2 0.055387 0.344396 0.240115 0.026740 0.333361
4 2 0.062571 0.308268 0.225748 0.032053 0.371361
4 2 0.061009 0.313560 0.227196 0.030979 0.367256
4 2 0.063669 0.328587 0.242795 0.031532 0.333417
4 4 0.047197 0.082136 0.046674 0.012702 0.811292
4 4 0.047585 0.284506 0.186759 0.025142 0.456008
4 4 0.052195 0.052518 0.023995 0.004891 0.866401
4 4 0.161572 0.046034 0.021043 0.003564 0.767787
4 4 0.080776 0.185723 0.121360 0.022429 0.589713
0 4 0.584645 0.040930 0.025242 0.004630 0.344554
4 4 0.103355 0.086603 0.052408 0.013602 0.744032
4 4 0.064007 0.054273 0.025359 0.005150 0.851211
4 4 0.050225 0.273357 0.183776 0.027051 0.465591
4 4 0.046775 0.263391 0.172651 0.025511 0.491672
4 4 0.053754 0.064613 0.032655 0.007524 0.841454
4 4 0.035441 0.055800 0.025983 0.005760 0.877015
4 4 0.060703 0.207287 0.137604 0.025434 0.568972
4 4 0.043251 0.280039 0.177224 0.022917 0.476570
4 4 0.056734 0.296272 0.208396 0.029589 0.409010
4 4 0.062323 0.186007 0.122084 0.024168 0.605419
1 4 0.053133 0.343877 0.235510 0.025673 0.341807
4 4 0.061084 0.170392 0.111761 0.023959 0.632803
4 4 0.056620 0.070048 0.036910 0.008888 0.827534
4 4 0.039169 0.245052 0.150994 0.021785 0.543000
4 4 0.047850 0.286103 0.188162 0.025225 0.452659
4 4 0.121283 0.022548 0.007281 0.000831 0.848058
4 4 0.177142 0.077634 0.046486 0.010857 0.687881
0 4 0.478472 0.050931 0.031213 0.006053 0.433332
4 4 0.134335 0.228623 0.169485 0.029143 0.438414
4 4 0.043860 0.262385 0.167788 0.023887 0.502080
4 4 0.048961 0.169065 0.106865 0.022119 0.652989
4 4 0.047565 0.260050 0.171756 0.026096 0.494534
4 2 0.042899 0.256791 0.163112 0.023541 0.513657
4 2 0.047877 0.277235 0.182717 0.025585 0.466587
1 2 0.054414 0.344595 0.238439 0.026262 0.336289
4 2 0.052633 0.289884 0.197927 0.027673 0.431883
4 4 0.332083 0.057115 0.032574 0.006328 0.571900
4 4 0.084981 0.065574 0.034000 0.007521 0.807923
4 4 0.077269 0.097289 0.059659 0.015817 0.749966
4 4 0.055578 0.057508 0.027493 0.005876 0.853546
4 4 0.071339 0.077193 0.043109 0.010759 0.797600
4 4 0.066828 0.246456 0.169509 0.027733 0.489474
4 4 0.056543 0.289236 0.199208 0.027984 0.427029
4 4 0.045168 0.267942 0.173020 0.024424 0.489446
4 4 0.085319 0.316467 0.244113 0.033616 0.320485
4 4 0.041418 0.255061 0.159933 0.022749 0.520840
4 2 0.056294 0.315316 0.220872 0.028483 0.379035
1 2 0.076236 0.343873 0.310833 0.036721 0.232337
4 2 0.044402 0.259865 0.167107 0.024291 0.504335
4 2 0.051010 0.281963 0.190375 0.027124 0.449528
1 2 0.067943 0.345101 0.310266 0.033042 0.243648
4 4 0.119762 0.040857 0.017242 0.002778 0.819362
4 4 0.052381 0.065270 0.033124 0.007703 0.841523
4 4 0.040936 0.046625 0.020013 0.003914 0.888513
4 4 0.140110 0.020187 0.006271 0.000664 0.832768
4 4 0.233995 0.030372 0.011961 0.001565 0.722108
4 4 0.199688 0.032418 0.012881 0.001757 0.753257
4 4 0.098134 0.039419 0.016165 0.002596 0.843685
4 4 0.228415 0.027014 0.010053 0.001229 0.733288
4 4 0.132557 0.027212 0.009614 0.001213 0.829405
4 4 0.137972 0.026611 0.009335 0.001159 0.824923
0 4 0.342666 0.193403 0.186860 0.039361 0.237710
4 4 0.058367 0.315836 0.224616 0.029520 0.371661
1 4 0.056611 0.348060 0.245133 0.027163 0.323033
4 4 0.055396 0.310367 0.215975 0.028243 0.390019
4 2 0.056402 0.296537 0.208076 0.029400 0.409585
4 2 0.056085 0.102013 0.065568 0.020204 0.756130
4 4 0.097064 0.035329 0.013771 0.002077 0.851760
4 4 0.076656 0.046184 0.020140 0.003641 0.853379
4 4 0.215357 0.029364 0.011259 0.001446 0.742574
4 4 0.065687 0.258507 0.172122 0.024922 0.478761
4 4 0.045687 0.273841 0.177335 0.024495 0.478642
4 4 0.054545 0.073284 0.039454 0.009816 0.822902
4 4 0.067792 0.052024 0.023875 0.004696 0.851613
0 4 0.311118 0.216912 0.190649 0.031109 0.250213
4 4 0.047630 0.227337 0.147509 0.024874 0.552650
4 2 0.181973 0.179706 0.145551 0.035214 0.457555
1 2 0.107788 0.318478 0.255571 0.034418 0.283745
4 2 0.056028 0.308235 0.215518 0.028667 0.391554
4 2 0.062511 0.316141 0.231475 0.031611 0.358262
4 2 0.069009 0.299064 0.228346 0.035902 0.367680
4 2 0.052842 0.299592 0.204632 0.027371 0.415563
1 2 0.070317 0.351926 0.273729 0.033304 0.270724
1 2 0.069749 0.352507 0.273196 0.033013 0.271535
4 2 0.061339 0.332190 0.241622 0.030205 0.334644
4 2 0.053817 0.299758 0.206273 0.027881 0.412270
4 2 0.059751 0.325673 0.234044 0.029744 0.350788
1 2 0.063959 0.327012 0.276388 0.032310 0.300332
4 2 0.069808 0.285077 0.282312 0.038666 0.324136
4 2 0.071198 0.333451 0.232701 0.025628 0.337022
4 2 0.060203 0.320209 0.230769 0.030239 0.358581
4 2 0.046924 0.275183 0.180023 0.025135 0.472734
4 2 0.041221 0.285897 0.177322 0.021604 0.473957
2 2 0.067481 0.264734 0.441231 0.039578 0.186976
4 2 0.060857 0.324603 0.235096 0.030348 0.349095
1 2 0.061439 0.348698 0.254638 0.029414 0.305810
2 2 0.071760 0.293329 0.392921 0.039178 0.202813
4 2 0.065554 0.298384 0.222888 0.034139 0.379036
2 2 0.030393 0.093821 0.794867 0.027982 0.052937
1 2 0.072436 0.336953 0.264331 0.035236 0.291044
2 2 0.060062 0.220608 0.568817 0.037565 0.112949
2 2 0.043176 0.123375 0.732359 0.035152 0.065939
4 2 0.068250 0.298471 0.226815 0.035542 0.370922
2 2 0.054463 0.166012 0.646462 0.039413 0.093650
2 2 0.016674 0.035579 0.886321 0.024352 0.037074
2 2 0.023885 0.092869 0.816008 0.021651 0.045588
2 2 0.039733 0.110434 0.753725 0.034123 0.061985
2 2 0.024286 0.065793 0.836831 0.026576 0.046513
2 2 0.057219 0.139602 0.647195 0.046765 0.109220
2 2 0.039961 0.064323 0.777293 0.047096 0.071328
2 2 0.024242 0.070782 0.833091 0.025504 0.046381
2 2 0.019969 0.056917 0.858669 0.023180 0.041265
2 2 0.039109 0.098625 0.764886 0.035718 0.061662
2 2 0.013711 0.040073 0.895069 0.018444 0.032703
2 2 0.015815 0.042643 0.884867 0.020897 0.035778
2 2 0.010914 0.020697 0.919745 0.020210 0.028435
2 2 0.029780 0.066103 0.818255 0.033083 0.052780
2 2 0.015886 0.029019 0.893403 0.025672 0.036020
2 2 0.028852 0.068909 0.819261 0.031266 0.051712
2 2 0.017765 0.045611 0.875229 0.022922 0.038473
2 2 0.017717 0.027836 0.886283 0.029568 0.038596
2 2 0.032199 0.051053 0.819857 0.041272 0.055619
2 2 0.022635 0.041963 0.859339 0.031221 0.044842
2 2 0.018538 0.040848 0.875583 0.025453 0.039578
2 2 0.023723 0.023741 0.862085 0.044118 0.046333
2 3 0.017620 0.026331 0.887325 0.030249 0.038476
2 3 0.020337 0.039131 0.869754 0.028809 0.041970
2 3 0.032130 0.033825 0.825242 0.056419 0.052385
2 3 0.033991 0.023252 0.807477 0.087031 0.048250
2 3 0.059076 0.088020 0.715104 0.058756 0.079044
2 3 0.075984 0.170681 0.546162 0.056751 0.150421
2 3 0.068032 0.024460 0.656229 0.183170 0.068109
2 3 0.038083 0.059561 0.795349 0.045555 0.061453
2 3 0.043841 0.023633 0.759381 0.119279 0.053866
3 3 0.079993 0.017190 0.363103 0.503189 0.036525
2 3 0.115553 0.057323 0.535272 0.203037 0.088815
2 3 0.058045 0.035726 0.721109 0.117582 0.067538
2 3 0.134726 0.081347 0.432382 0.182495 0.169050
2 3 0.053323 0.027154 0.729274 0.127253 0.062996
2 3 0.104603 0.031114 0.456648 0.345371 0.062263
2 3 0.094189 0.025055 0.436628 0.391861 0.052267
2 3 0.092145 0.027284 0.499300 0.321064 0.060207
2 3 0.089622 0.034159 0.552488 0.258356 0.065374
2 3 0.107675 0.031253 0.433766 0.366792 0.060515
2 3 0.089956 0.023367 0.440078 0.396503 0.050095
2 3 0.096431 0.025067 0.414612 0.413185 0.050705
2 3 0.075505 0.018090 0.455984 0.407334 0.043087
3 3 0.101553 0.021238 0.249735 0.593097 0.034378
3 3 0.105558 0.022907 0.260654 0.573911 0.036970
3 3 0.103390 0.023112 0.289659 0.544512 0.039327
3 3 0.121213 0.029826 0.290230 0.512028 0.046702
3 3 0.129585 0.031661 0.258625 0.534409 0.045721
3 3 0.148837 0.040791 0.272883 0.481632 0.055856
3 3 0.090564 0.017187 0.223730 0.640287 0.028233
3 3 0.092173 0.015355 0.127374 0.745340 0.019759
3 3 0.086381 0.017519 0.291233 0.572055 0.032812
3 3 0.128421 0.027080 0.166083 0.645617 0.032799
3 3 0.098879 0.017886 0.157775 0.701170 0.024291
3 3 0.090343 0.016375 0.191302 0.676730 0.025250
3 3 0.095884 0.018204 0.202468 0.655578 0.027865
2 3 0.112728 0.038669 0.491261 0.281446 0.075896
3 3 0.091016 0.015036 0.126070 0.748489 0.019390
3 3 0.088959 0.014477 0.123742 0.754081 0.018741
3 3 0.127656 0.036520 0.183178 0.593361 0.059286
3 3 0.097513 0.016869 0.133332 0.730789 0.021497
3 3 0.082115 0.015863 0.274954 0.597260 0.029808
3 3 0.106480 0.020829 0.184568 0.659061 0.029062
3 3 0.136021 0.035877 0.287003 0.488506 0.052594
3 3 0.136115 0.042238 0.358201 0.394259 0.069187
3 3 0.117417 0.024711 0.197969 0.626174 0.033729
3 3 0.095163 0.017746 0.192466 0.667920 0.026705
3 3 0.085766 0.015833 0.224108 0.647523 0.026771
3 3 0.145235 0.038410 0.261764 0.502154 0.052436
3 3 0.085435 0.016817 0.273436 0.593424 0.030889
3 3 0.084730 0.013359 0.118914 0.765561 0.017435
3 3 0.098618 0.017191 0.134553 0.727773 0.021865
3 3 0.116804 0.023299 0.164221 0.666162 0.029513
3 3 0.160519 0.058801 0.230144 0.458312 0.092225
3 3 0.122376 0.027022 0.214468 0.598837 0.037296
2 3 0.062917 0.016547 0.566620 0.307318 0.046598
3 3 0.094426 0.019537 0.270705 0.581402 0.033930
3 3 0.114440 0.024801 0.227858 0.596561 0.036340
3 3 0.083844 0.020227 0.421953 0.429630 0.044346
2 3 0.086451 0.022134 0.446299 0.396411 0.048705
2 3 0.142254 0.045557 0.370607 0.369498 0.072084
3 3 0.079793 0.017170 0.365008 0.501426 0.036603
3 3 0.109182 0.021784 0.188890 0.649854 0.030290
2 3 0.136722 0.062089 0.428004 0.251889 0.121296
0 1 0.372989 0.211026 0.212674 0.036717 0.166594
1 2 0.067990 0.413772 0.333518 0.028000 0.156720
2 2 0.075833 0.220183 0.564009 0.045407 0.094568
2 2 0.073402 0.319156 0.390473 0.037300 0.179668
2 2 0.054511 0.196953 0.642270 0.034090 0.072177
1 1 0.209529 0.289593 0.239497 0.028848 0.232534
1 2 0.060650 0.427305 0.327980 0.024577 0.159489
1 2 0.066360 0.396081 0.307983 0.028783 0.200793
2 2 0.075560 0.206944 0.452593 0.052026 0.212876
2 2 0.056321 0.113925 0.650906 0.052795 0.126053
4 2 0.048086 0.250915 0.166937 0.026777 0.507285
4 2 0.055172 0.306268 0.212806 0.028309 0.397445
4 2 0.066359 0.320912 0.241217 0.033281 0.338232
4 2 0.071786 0.263112 0.204953 0.039681 0.420468
1 1 0.125462 0.338138 0.272106 0.030506 0.233788
4 2 0.053725 0.282029 0.194418 0.028613 0.441215
4 2 0.058862 0.268241 0.192389 0.032129 0.448378
4 2 0.053260 0.273868 0.188448 0.028723 0.455700
4 2 0.047648 0.250543 0.166120 0.026538 0.509151
4 2 0.057061 0.293235 0.206812 0.029906 0.412986
4 4 0.048330 0.099913 0.063150 0.019514 0.769093
4 4 0.043121 0.142541 0.085950 0.018675 0.709712
4 4 0.054627 0.318047 0.220010 0.027509 0.379807
4 4 0.045199 0.229707 0.150518 0.025963 0.548614
4 4 0.055143 0.290522 0.202123 0.029001 0.423211
4 4 0.041852 0.057671 0.027387 0.006066 0.867024
4 4 0.043127 0.020144 0.005934 0.000710 0.930085
4 4 0.045403 0.030983 0.011062 0.001682 0.910870
4 4 0.127563 0.072597 0.040653 0.009255 0.749932
4 4 0.049385 0.260358 0.174492 0.027125 0.488640
4 4 0.057397 0.257757 0.183492 0.031838 0.469516
4 4 0.051427 0.184959 0.126402 0.028786 0.608426
4 4 0.061454 0.218689 0.155697 0.031898 0.532263
0 1 0.339475 0.227023 0.218080 0.034382 0.181041
2 1 0.073421 0.340925 0.389795 0.035188 0.160670
4 2 0.055519 0.286057 0.199696 0.029410 0.429317
4 2 0.056469 0.267702 0.188842 0.030811 0.456177
4 2 0.052176 0.274525 0.187328 0.028089 0.457882
4 2 0.061975 0.296599 0.216397 0.032353 0.392676
4 2 0.035347 0.177256 0.109433 0.021916 0.656048
4 2 0.041556 0.218406 0.139389 0.024207 0.576442
4 2 0.047251 0.240862 0.159772 0.026715 0.525399
4 2 0.042639 0.202865 0.131922 0.025543 0.597031
4 2 0.049220 0.267556 0.178710 0.026729 0.477784
1 2 0.056649 0.343379 0.241704 0.027393 0.330875
4 4 0.027737 0.041997 0.017039 0.003293 0.909935
4 4 0.080258 0.093440 0.055573 0.013925 0.756803
4 4 0.047952 0.184564 0.118543 0.023731 0.625211
4 4 0.053352 0.277933 0.191210 0.028591 0.448914
4 4 0.045959 0.262360 0.170851 0.025086 0.495744
4 4 0.063871 0.291771 0.215646 0.033618 0.395093
4 2 0.061751 0.295162 0.215044 0.032310 0.395733
