0 0 0.950125 0.030181 0.002338 0.012173 0.005183
0 0 0.963077 0.021456 0.001390 0.010827 0.003250
0 0 0.966890 0.019354 0.001159 0.009828 0.002769
0 0 0.881438 0.071058 0.009596 0.019749 0.018160
0 0 0.891831 0.067015 0.008252 0.016920 0.015981
0 0 0.890146 0.069299 0.008414 0.015816 0.016324
0 0 0.952350 0.030462 0.002188 0.010068 0.004931
0 0 0.970818 0.018368 0.000964 0.007475 0.002375
0 0 0.960750 0.024113 0.001574 0.009907 0.003656
0 0 0.942999 0.036798 0.002935 0.010853 0.006415
0 0 0.939749 0.039076 0.003211 0.011010 0.006954
0 0 0.950780 0.032497 0.002307 0.009216 0.005200
0 0 0.918872 0.052472 0.005179 0.012834 0.010643
0 0 0.922717 0.049755 0.004799 0.012796 0.009933
0 0 0.969151 0.020821 0.001069 0.006326 0.002634
0 0 0.959878 0.026057 0.001649 0.008569 0.003846
0 0 0.931442 0.043853 0.003962 0.012378 0.008364
0 0 0.945643 0.036626 0.002701 0.009024 0.006007
0 0 0.840920 0.095129 0.015227 0.021326 0.027398
0 0 0.954903 0.029110 0.002000 0.009428 0.004559
0 0 0.963051 0.024063 0.001439 0.008038 0.003409
0 0 0.931603 0.044425 0.003939 0.011688 0.008346
0 0 0.959353 0.027768 0.001680 0.007251 0.003948
0 0 0.956331 0.028569 0.001897 0.008841 0.004362
0 0 0.942609 0.038284 0.002955 0.009658 0.006494
0 0 0.921121 0.051829 0.004930 0.011899 0.010221
0 0 0.888192 0.069229 0.008696 0.017141 0.016743
0 0 0.923539 0.049175 0.004718 0.012785 0.009783
0 0 0.872240 0.077080 0.010789 0.019705 0.020186
0 0 0.926953 0.046924 0.004386 0.012573 0.009164
0 0 0.934330 0.041025 0.003698 0.013116 0.007831
0 0 0.932138 0.043251 0.003899 0.012474 0.008239
0 0 0.933947 0.042278 0.003731 0.012116 0.007928
0 0 0.953618 0.030882 0.002092 0.008634 0.004774
0 0 0.949447 0.028433 0.002328 0.014683 0.005110
0 0 0.942837 0.036358 0.002949 0.011431 0.006425
0 0 0.955692 0.028390 0.001941 0.009542 0.004435
0 0 0.957051 0.026837 0.001837 0.010071 0.004205
0 0 0.953692 0.030405 0.002089 0.009059 0.004755
0 0 0.959512 0.026614 0.001675 0.008290 0.003908
0 0 0.978952 0.012765 0.000546 0.006308 0.001428
0 0 0.973446 0.016779 0.000823 0.006886 0.002066
0 0 0.976049 0.016136 0.000701 0.005304 0.001810
0 0 0.965969 0.020983 0.001240 0.008846 0.002962
0 0 0.961515 0.023400 0.001518 0.010031 0.003535
0 0 0.967613 0.021614 0.001158 0.006791 0.002823
0 0 0.957730 0.027749 0.001798 0.008561 0.004162
0 0 0.965911 0.019449 0.001203 0.010584 0.002853
0 0 0.967429 0.017262 0.001065 0.011704 0.002539
0 0 0.968944 0.017575 0.001023 0.009991 0.002467
0 0 0.979249 0.013075 0.000542 0.005708 0.001425
0 0 0.968869 0.019240 0.001068 0.008227 0.002596
0 0 0.930241 0.042732 0.004076 0.014440 0.008511
0 0 0.954806 0.028318 0.002000 0.010339 0.004537
0 0 0.973504 0.017854 0.000830 0.005709 0.002103
0 0 0.971527 0.017954 0.000925 0.007302 0.002291
0 0 0.975765 0.015855 0.000712 0.005841 0.001826
0 0 0.961756 0.025385 0.001525 0.007734 0.003601
0 0 0.976584 0.014742 0.000665 0.006301 0.001709
0 0 0.932645 0.041361 0.003850 0.014052 0.008092
0 0 0.953573 0.029621 0.002096 0.009965 0.004745
0 0 0.971318 0.018191 0.000938 0.007231 0.002322
0 0 0.970228 0.019500 0.001005 0.006785 0.002481
0 0 0.954155 0.030454 0.002053 0.008644 0.004693
0 0 0.983551 0.008063 0.000309 0.007234 0.000843
0 0 0.981708 0.011355 0.000435 0.005332 0.001170
0 0 0.981340 0.009641 0.000369 0.007684 0.000966
0 0 0.966497 0.023989 0.001210 0.005327 0.002977
0 0 0.958688 0.029391 0.001703 0.006188 0.004031
0 0 0.950519 0.034435 0.002297 0.007511 0.005237
0 0 0.967130 0.022646 0.001185 0.006141 0.002898
0 0 0.959019 0.027393 0.001708 0.007892 0.003989
0 0 0.964184 0.024017 0.001368 0.007155 0.003276
0 0 0.964059 0.025265 0.001365 0.006009 0.003302
0 0 0.965490 0.022816 0.001286 0.007313 0.003094
0 0 0.971377 0.019710 0.000943 0.005604 0.002366
0 0 0.991035 0.004298 0.000106 0.004235 0.000325
0 0 0.990934 0.003836 0.000095 0.004841 0.000295
0 0 0.992825 0.003878 0.000079 0.002961 0.000256
0 0 0.990421 0.003742 0.000097 0.005443 0.000297
0 0 0.985562 0.006290 0.000221 0.007306 0.000621
0 0 0.973666 0.019300 0.000809 0.004135 0.002091
0 0 0.974046 0.018564 0.000797 0.004541 0.002052
0 0 0.968966 0.018889 0.001057 0.008523 0.002565
0 0 0.987634 0.007327 0.000217 0.004194 0.000629
0 0 0.979056 0.013813 0.000558 0.005101 0.001473
0 0 0.987493 0.006951 0.000212 0.004731 0.000612
0 0 0.969984 0.018252 0.000999 0.008326 0.002439
0 0 0.959262 0.027587 0.001689 0.007502 0.003959
0 0 0.978526 0.014108 0.000581 0.005258 0.001527
0 0 0.978753 0.014722 0.000574 0.004427 0.001524
0 0 0.962351 0.025682 0.001483 0.006953 0.003532
0 0 0.959480 0.028231 0.001664 0.006695 0.003930
0 0 0.965259 0.021383 0.001283 0.009023 0.003052
0 0 0.964675 0.023368 0.001337 0.007417 0.003203
0 0 0.965271 0.022738 0.001299 0.007576 0.003116
0 0 0.966561 0.022286 0.001221 0.006973 0.002959
0 0 0.963718 0.025346 0.001389 0.006199 0.003348
0 0 0.971989 0.019511 0.000909 0.005297 0.002294
0 0 0.970421 0.020340 0.000996 0.005761 0.002482
0 0 0.953195 0.032385 0.002105 0.007476 0.004840
0 0 0.961254 0.026277 0.001556 0.007233 0.003681
0 0 0.977251 0.014240 0.000632 0.006245 0.001632
0 0 0.946775 0.035494 0.002616 0.009287 0.005827
0 0 0.956257 0.028792 0.001902 0.008671 0.004377
0 0 0.906917 0.055201 0.006505 0.018553 0.012823
0 0 0.931609 0.045433 0.003917 0.010697 0.008344
0 0 0.962148 0.025220 0.001499 0.007584 0.003549
0 0 0.978388 0.012630 0.000561 0.006966 0.001455
0 0 0.948955 0.034433 0.002439 0.008685 0.005488
0 0 0.932544 0.041425 0.003859 0.014062 0.008110
0 0 0.963588 0.024811 0.001404 0.006834 0.003363
0 0 0.956766 0.028480 0.001866 0.008585 0.004304
0 0 0.959856 0.027340 0.001648 0.007280 0.003877
0 0 0.906241 0.060833 0.006502 0.013377 0.013047
0 0 0.936440 0.043118 0.003461 0.009475 0.007506
0 0 0.944453 0.038627 0.002764 0.007980 0.006176
0 0 0.942668 0.039875 0.002906 0.008093 0.006459
0 0 0.943407 0.038387 0.002876 0.008968 0.006362
0 0 0.948131 0.035885 0.002483 0.007894 0.005607
0 0 0.954824 0.030305 0.002002 0.008271 0.004598
0 0 0.929751 0.047951 0.004043 0.009620 0.008635
0 0 0.906362 0.061082 0.006475 0.013066 0.013016
0 0 0.965152 0.023993 0.001304 0.006395 0.003157
0 0 0.953779 0.031109 0.002077 0.008280 0.004754
0 0 0.908092 0.059594 0.006303 0.013322 0.012689
0 0 0.928237 0.047480 0.004234 0.011112 0.008936
0 0 0.923442 0.050877 0.004658 0.011312 0.009711
0 0 0.939718 0.041758 0.003153 0.008432 0.006940
0 0 0.957500 0.030026 0.001742 0.006672 0.004059
0 0 0.955497 0.031400 0.001926 0.006686 0.004491
0 0 0.934744 0.043829 0.003622 0.010005 0.007800
0 0 0.942655 0.039491 0.002920 0.008461 0.006472
0 0 0.928012 0.049120 0.004188 0.009787 0.008894
0 0 0.927431 0.048384 0.004299 0.010813 0.009073
0 0 0.943407 0.039156 0.002831 0.008329 0.006277
0 0 0.918113 0.053458 0.005242 0.012407 0.010780
0 0 0.929881 0.048258 0.004013 0.009251 0.008596
0 0 0.945917 0.037881 0.002622 0.007696 0.005884
0 0 0.942775 0.039101 0.002803 0.009212 0.006109
0 0 0.936539 0.043380 0.003441 0.009159 0.007481
0 0 0.934650 0.045223 0.003582 0.008767 0.007777
0 0 0.940075 0.040942 0.003143 0.008943 0.006898
0 0 0.911790 0.057766 0.005888 0.012591 0.011966
0 0 0.948792 0.035679 0.002426 0.007604 0.005499
0 0 0.955713 0.031611 0.001901 0.006326 0.004449
0 0 0.947962 0.036562 0.002479 0.007380 0.005618
0 0 0.953696 0.030810 0.002087 0.008645 0.004762
0 0 0.899123 0.064499 0.007330 0.014573 0.014475
0 0 0.973718 0.016593 0.000809 0.006846 0.002034
0 0 0.971178 0.018730 0.000951 0.006782 0.002359
0 0 0.965114 0.022092 0.001302 0.008387 0.003105
0 0 0.937374 0.037157 0.003395 0.014879 0.007196
0 0 0.960571 0.025171 0.001599 0.008927 0.003731
0 0 0.956210 0.027018 0.001892 0.010573 0.004308
0 0 0.985358 0.007480 0.000261 0.006171 0.000730
0 0 0.967916 0.020592 0.001135 0.007602 0.002755
0 0 0.912256 0.057314 0.005844 0.012705 0.011881
0 0 0.957426 0.026954 0.001814 0.009637 0.004168
0 0 0.952474 0.031581 0.002178 0.008823 0.004945
0 0 0.953053 0.028840 0.002122 0.011218 0.004767
0 0 0.966775 0.017884 0.001114 0.011583 0.002645
0 0 0.989135 0.004903 0.000139 0.005409 0.000414
0 0 0.932538 0.043472 0.003857 0.011954 0.008178
0 0 0.973294 0.015118 0.000791 0.008832 0.001965
0 0 0.968020 0.021520 0.001134 0.006550 0.002776
0 0 0.963187 0.023146 0.001422 0.008890 0.003354
0 0 0.930735 0.044399 0.004027 0.012348 0.008490
0 0 0.971710 0.017059 0.000901 0.008107 0.002223
0 0 0.964024 0.022096 0.001345 0.009367 0.003168
0 0 0.953152 0.030603 0.002129 0.009284 0.004832
0 0 0.972050 0.018155 0.000903 0.006639 0.002253
0 0 0.950930 0.032135 0.002297 0.009467 0.005171
0 0 0.942092 0.036816 0.003012 0.011533 0.006546
0 0 0.957430 0.026889 0.001813 0.009703 0.004165
0 0 0.942347 0.038193 0.002981 0.009943 0.006536
0 0 0.949512 0.033746 0.002401 0.008941 0.005400
0 0 0.965060 0.023055 0.001313 0.007423 0.003150
0 0 0.951640 0.032996 0.002229 0.008059 0.005076
0 0 0.942032 0.041706 0.002749 0.007478 0.006034
0 0 0.874508 0.079710 0.010316 0.015851 0.019615
0 0 0.883373 0.066410 0.009347 0.023296 0.017575
0 0 0.830669 0.100170 0.016828 0.022448 0.029885
0 0 0.852227 0.091195 0.013432 0.018477 0.024669
0 0 0.867454 0.083312 0.011275 0.016773 0.021186
0 0 0.801004 0.114660 0.021764 0.025194 0.037377
0 0 0.820283 0.105672 0.018482 0.023114 0.032449
0 0 0.827766 0.101916 0.017274 0.022453 0.030592
0 0 0.820642 0.105468 0.018425 0.023105 0.032360
0 0 0.864430 0.084475 0.011717 0.017494 0.021883
0 0 0.862645 0.086123 0.011923 0.017053 0.022257
0 0 0.872227 0.080267 0.010658 0.016704 0.020144
0 0 0.813195 0.113829 0.019285 0.019702 0.033990
0 0 0.813594 0.110336 0.019498 0.022484 0.034088
0 0 0.859466 0.088028 0.012353 0.017182 0.022970
0 0 0.820136 0.107967 0.018354 0.021141 0.032401
0 0 0.829504 0.099591 0.017071 0.023648 0.030186
0 0 0.900205 0.061738 0.007264 0.016533 0.014260
0 0 0.877219 0.077969 0.009976 0.015801 0.019035
0 0 0.812077 0.111314 0.019734 0.022413 0.034463
0 0 0.905473 0.058504 0.006662 0.016158 0.013203
0 0 0.792921 0.122408 0.022880 0.022478 0.039313
0 0 0.901666 0.064413 0.006975 0.013021 0.013924
0 0 0.941580 0.036015 0.003049 0.012775 0.006582
0 0 0.927054 0.048263 0.004346 0.011191 0.009146
0 0 0.940506 0.039558 0.003133 0.009964 0.006838
0 0 0.900746 0.064670 0.007094 0.013370 0.014119
0 0 0.904676 0.063083 0.006614 0.012318 0.013309
0 0 0.933315 0.044333 0.003762 0.010541 0.008049
0 0 0.867922 0.084239 0.011134 0.015684 0.021021
0 0 0.933294 0.042333 0.003793 0.012548 0.008033
0 0 0.945397 0.035556 0.002735 0.010278 0.006034
0 0 0.932395 0.042322 0.003877 0.013235 0.008171
0 0 0.879809 0.069992 0.009823 0.021933 0.018442
0 0 0.815152 0.110557 0.019164 0.021480 0.033647
0 0 0.844129 0.097457 0.014474 0.017482 0.026457
0 0 0.852444 0.091036 0.012967 0.020197 0.023357
0 0 0.872787 0.082462 0.010256 0.015107 0.019388
0 0 0.887814 0.072726 0.008596 0.014120 0.016743
0 0 0.854448 0.091674 0.012995 0.016816 0.024067
0 0 0.859018 0.087540 0.012417 0.018055 0.022969
0 0 0.837956 0.098018 0.015380 0.021222 0.027424
0 0 0.856106 0.088628 0.012803 0.018971 0.023492
0 0 0.870069 0.082978 0.010763 0.015907 0.020283
0 0 0.841015 0.096638 0.014917 0.020702 0.026728
0 0 0.888882 0.071984 0.008473 0.014134 0.016526
0 0 0.848146 0.094604 0.013939 0.017752 0.025558
0 0 0.885052 0.074348 0.008806 0.014858 0.016937
0 0 0.841785 0.095653 0.014847 0.021115 0.026601
0 0 0.850610 0.091961 0.013467 0.019517 0.024445
0 0 0.803314 0.114022 0.020839 0.026478 0.035348
0 0 0.864074 0.084673 0.011766 0.017523 0.021963
0 0 0.846306 0.093368 0.014059 0.021041 0.025225
0 0 0.871652 0.081404 0.010376 0.017244 0.019324
0 0 0.854233 0.090151 0.012774 0.019705 0.023137
0 0 0.872191 0.081079 0.010312 0.017195 0.019223
0 0 0.860328 0.087225 0.012062 0.018165 0.022220
0 0 0.831168 0.101208 0.016235 0.022924 0.028465
0 0 0.768452 0.128347 0.027419 0.030784 0.044998
0 0 0.829249 0.102317 0.016473 0.023189 0.028771
0 1 0.652006 0.168575 0.054028 0.044586 0.080806
0 1 0.657087 0.167088 0.052736 0.043897 0.079192
0 1 0.613873 0.179804 0.064116 0.048990 0.093217
0 1 0.540820 0.195376 0.085730 0.059965 0.118110
0 1 0.359325 0.212942 0.153563 0.088136 0.186033
2 1 0.102169 0.187268 0.451784 0.041234 0.217545
2 2 0.173654 0.204287 0.301369 0.078676 0.242014
2 2 0.071502 0.168412 0.535446 0.028064 0.196576
2 2 0.019465 0.083641 0.820766 0.009526 0.066602
2 2 0.019846 0.084085 0.819146 0.009971 0.066952
2 2 0.139748 0.205108 0.392256 0.046494 0.216394
2 2 0.067894 0.165754 0.549029 0.025854 0.191469
2 2 0.062708 0.161572 0.569160 0.022819 0.183740
2 2 0.005721 0.034848 0.934916 0.005689 0.018826
2 2 0.024388 0.096599 0.785720 0.010933 0.082360
2 2 0.013829 0.064520 0.867360 0.009092 0.045199
2 2 0.021207 0.082010 0.819453 0.014257 0.063073
2 2 0.009520 0.049434 0.902517 0.007748 0.030781
2 2 0.010328 0.053065 0.894803 0.007588 0.034215
2 2 0.032932 0.106212 0.748373 0.020405 0.092078
2 2 0.009806 0.047276 0.904091 0.010555 0.028273
2 3 0.013633 0.057387 0.877421 0.014682 0.036877
2 3 0.016564 0.060884 0.860608 0.022689 0.039255
2 3 0.007553 0.035642 0.924193 0.014249 0.018364
2 3 0.029385 0.062152 0.734983 0.135485 0.037995
2 3 0.012848 0.048135 0.885665 0.025818 0.027534
2 3 0.025113 0.061733 0.776146 0.101328 0.035680
2 3 0.035309 0.080786 0.740771 0.086360 0.056773
2 3 0.029286 0.077872 0.783120 0.055322 0.054399
2 3 0.010981 0.041651 0.897489 0.027697 0.022182
2 3 0.013917 0.041212 0.859609 0.064173 0.021088
2 3 0.024569 0.047959 0.652369 0.251474 0.023629
2 3 0.018152 0.042977 0.789560 0.127365 0.021947
2 3 0.017564 0.046729 0.826510 0.084186 0.025010
2 3 0.041732 0.074091 0.580405 0.260093 0.043680
3 3 0.030981 0.050195 0.297820 0.601092 0.019912
3 3 0.043319 0.065109 0.266939 0.595149 0.029484
2 3 0.034368 0.071960 0.722060 0.124194 0.047418
3 3 0.039067 0.063414 0.377304 0.490600 0.029615
3 3 0.024035 0.041203 0.343302 0.576265 0.015195
3 3 0.032722 0.057113 0.366730 0.520007 0.023428
3 3 0.032898 0.057003 0.283868 0.604752 0.021480
3 3 0.033536 0.053875 0.291448 0.599242 0.021899
3 3 0.035001 0.057753 0.394872 0.486213 0.026162
3 3 0.038013 0.055625 0.194859 0.688875 0.022628
3 3 0.035432 0.056983 0.297797 0.586074 0.023715
2 3 0.035274 0.064860 0.611354 0.252186 0.036326
3 3 0.026394 0.042450 0.199076 0.717652 0.014428
3 3 0.040654 0.059965 0.168135 0.707361 0.023885
3 3 0.022631 0.032361 0.064047 0.871655 0.009305
3 3 0.020162 0.027497 0.051892 0.892743 0.007706
3 3 0.020979 0.030900 0.105011 0.833847 0.009264
3 3 0.024194 0.036654 0.184942 0.741662 0.012548
3 3 0.026426 0.039683 0.178035 0.741954 0.013903
3 3 0.025652 0.035615 0.062052 0.865882 0.010798
3 3 0.024038 0.037252 0.095729 0.832060 0.010921
3 3 0.025277 0.040708 0.208007 0.712207 0.013801
3 3 0.026739 0.039076 0.129269 0.791800 0.013116
3 3 0.027195 0.042265 0.142281 0.774444 0.013816
3 3 0.030598 0.048583 0.351262 0.548861 0.020695
3 3 0.029210 0.043767 0.148655 0.763182 0.015186
3 3 0.029304 0.042586 0.100350 0.813731 0.014030
3 3 0.027353 0.042653 0.158818 0.756917 0.014259
3 3 0.029480 0.048310 0.325562 0.577369 0.019279
3 3 0.026540 0.042570 0.209463 0.706718 0.014708
3 3 0.024786 0.037539 0.200289 0.724196 0.013190
3 3 0.027526 0.040508 0.103346 0.815570 0.013050
3 3 0.030651 0.050034 0.204606 0.697046 0.017663
3 3 0.025417 0.039533 0.087239 0.836274 0.011537
3 3 0.024150 0.035276 0.089072 0.840768 0.010734
3 3 0.024436 0.036463 0.115644 0.811977 0.011479
3 3 0.021564 0.031388 0.063541 0.874739 0.008767
3 3 0.029366 0.042832 0.099471 0.814277 0.014054
3 3 0.024826 0.036397 0.101434 0.825951 0.011392
3 3 0.024189 0.037522 0.131441 0.795148 0.011699
3 3 0.036386 0.054215 0.119612 0.770526 0.019261
3 3 0.026233 0.041406 0.153178 0.765745 0.013437
3 3 0.035564 0.049263 0.141152 0.754930 0.019090
3 3 0.018150 0.026205 0.054177 0.894608 0.006860
3 3 0.028106 0.043406 0.186407 0.726794 0.015286
3 3 0.029161 0.043285 0.100588 0.812967 0.014000
3 3 0.032468 0.045219 0.096049 0.810509 0.015755
3 3 0.037439 0.058312 0.276911 0.602585 0.024753
3 3 0.026866 0.041915 0.133326 0.784464 0.013430
3 3 0.034427 0.056089 0.266524 0.620866 0.022094
3 3 0.029051 0.045352 0.152529 0.757794 0.015274
3 3 0.031751 0.041265 0.056583 0.856597 0.013804
3 3 0.023699 0.038539 0.141419 0.784680 0.011663
3 3 0.035419 0.050465 0.126901 0.768545 0.018671
3 3 0.028004 0.039173 0.113476 0.805887 0.013460
3 3 0.048886 0.064870 0.132663 0.725266 0.028314
3 3 0.034973 0.055440 0.297813 0.588528 0.023246
3 3 0.023757 0.038417 0.147299 0.778738 0.011789
3 3 0.035128 0.048098 0.100632 0.798607 0.017534
3 3 0.035336 0.052217 0.191010 0.700928 0.020510
3 3 0.021138 0.031364 0.109982 0.828069 0.009447
3 3 0.040104 0.063172 0.324091 0.543953 0.028680
3 3 0.022530 0.031279 0.047888 0.889520 0.008782
3 3 0.037130 0.058530 0.227803 0.653363 0.023174
3 3 0.032880 0.045832 0.102548 0.802530 0.016211
3 3 0.022998 0.031997 0.071448 0.863928 0.009629
3 3 0.032150 0.049399 0.226275 0.673100 0.019077
3 3 0.040251 0.058909 0.240660 0.634381 0.025799
3 3 0.028701 0.043362 0.132975 0.780434 0.014527
3 3 0.031564 0.044626 0.158184 0.748804 0.016822
3 3 0.033620 0.054248 0.322919 0.566440 0.022773
3 3 0.030253 0.046939 0.156714 0.749924 0.016169
3 3 0.025737 0.037158 0.117034 0.807849 0.012223
3 3 0.020417 0.027805 0.042939 0.901243 0.007596
3 3 0.028063 0.039929 0.106548 0.812085 0.013375
3 3 0.020503 0.027892 0.051948 0.891787 0.007870
3 3 0.029443 0.042516 0.119894 0.793559 0.014587
3 3 0.024464 0.033944 0.092133 0.838575 0.010884
3 3 0.032586 0.042336 0.088920 0.820738 0.015419
3 3 0.028065 0.046947 0.293266 0.614200 0.017523
3 3 0.032630 0.051232 0.210934 0.686035 0.019169
3 3 0.022758 0.032357 0.090075 0.844881 0.009929
3 3 0.032861 0.050793 0.217352 0.679555 0.019440
3 3 0.024845 0.035310 0.082117 0.846809 0.010919
2 2 0.152332 0.191829 0.400211 0.077610 0.178018
2 2 0.036848 0.082968 0.701095 0.127682 0.051407
2 2 0.067952 0.152453 0.577053 0.040626 0.161917
2 2 0.014300 0.056846 0.874754 0.018195 0.035905
2 2 0.023100 0.064599 0.815862 0.055401 0.041038
2 2 0.043002 0.113538 0.706677 0.037485 0.099298
2 2 0.024565 0.068350 0.808735 0.053629 0.044721
2 2 0.033141 0.076429 0.740860 0.099702 0.049868
2 2 0.017271 0.061200 0.856530 0.025714 0.039285
2 2 0.020598 0.070747 0.834621 0.025186 0.048847
2 2 0.071702 0.168553 0.534704 0.028189 0.196852
2 2 0.095479 0.181629 0.452449 0.044872 0.225570
2 2 0.011625 0.050567 0.892683 0.014513 0.030612
2 2 0.050978 0.140625 0.640793 0.023556 0.144048
2 2 0.073153 0.169564 0.529339 0.029103 0.198842
2 2 0.024990 0.086064 0.801938 0.020540 0.066467
2 2 0.178175 0.209814 0.312887 0.067970 0.231153
2 2 0.068319 0.166077 0.547412 0.026111 0.192081
2 2 0.033369 0.105621 0.748143 0.021954 0.090912
2 2 0.050401 0.135823 0.651750 0.027037 0.134989
2 2 0.029937 0.101154 0.764743 0.018353 0.085813
2 2 0.022146 0.082954 0.815303 0.015806 0.063790
2 2 0.008418 0.037890 0.917624 0.016141 0.019927
2 2 0.089211 0.178853 0.473063 0.040111 0.218762
2 2 0.062973 0.153608 0.587160 0.030454 0.165804
2 2 0.094040 0.181031 0.457123 0.043755 0.224052
4 2 0.162411 0.187622 0.264418 0.116229 0.269321
2 2 0.042470 0.127183 0.686860 0.020766 0.122721
2 2 0.115225 0.187674 0.391554 0.061724 0.243823
2 2 0.135323 0.190040 0.334738 0.082142 0.257757
2 2 0.069680 0.167094 0.542264 0.026938 0.194024
2 2 0.122777 0.188990 0.369662 0.068979 0.249593
2 2 0.142120 0.190033 0.316492 0.089911 0.261444
2 2 0.145359 0.189889 0.307950 0.093783 0.263018
2 2 0.084482 0.176457 0.489088 0.036695 0.213279
2 2 0.071745 0.168584 0.534542 0.028216 0.196912
2 2 0.101317 0.183828 0.433844 0.049553 0.231459
2 2 0.042394 0.126088 0.689205 0.021546 0.120767
2 2 0.131150 0.189845 0.346165 0.077602 0.255237
2 2 0.085148 0.176811 0.486805 0.037167 0.214069
2 2 0.085374 0.176930 0.486032 0.037328 0.214336
2 2 0.082256 0.175235 0.496781 0.035138 0.210590
2 2 0.090952 0.179669 0.467268 0.041406 0.220705
2 2 0.055645 0.142730 0.625987 0.029441 0.146198
2 2 0.081668 0.174902 0.498830 0.034732 0.209868
2 2 0.005963 0.034730 0.934044 0.006729 0.018533
2 2 0.006056 0.032771 0.935261 0.009214 0.016697
2 2 0.103696 0.188800 0.453535 0.039662 0.214308
2 2 0.043677 0.134610 0.668419 0.017187 0.136108
2 2 0.019547 0.081318 0.824863 0.011037 0.063236
2 2 0.029223 0.103643 0.761975 0.014987 0.090172
2 2 0.061139 0.160218 0.575404 0.021932 0.181307
2 2 0.036029 0.117687 0.719796 0.017069 0.109419
2 2 0.077633 0.172494 0.513088 0.032007 0.204779
2 2 0.093428 0.184492 0.486870 0.032622 0.202588
2 2 0.027183 0.094535 0.783004 0.017909 0.077369
2 2 0.033820 0.114606 0.730605 0.015519 0.105451
2 2 0.069508 0.166968 0.542910 0.026833 0.193780
2 2 0.012773 0.057603 0.880572 0.011394 0.037658
2 2 0.022833 0.083169 0.812889 0.017428 0.063680
2 2 0.030791 0.106026 0.753962 0.016201 0.093021
2 2 0.007983 0.037442 0.920792 0.014034 0.019749
2 2 0.018563 0.068064 0.846071 0.020702 0.046600
2 2 0.017719 0.064685 0.852537 0.022026 0.043033
2 2 0.010851 0.047754 0.898680 0.014585 0.028131
2 2 0.010200 0.044037 0.904302 0.016685 0.024777
2 2 0.022714 0.079087 0.818363 0.021547 0.058288
2 2 0.019987 0.069884 0.841898 0.021885 0.046346
2 2 0.045859 0.119142 0.690530 0.037136 0.107333
2 2 0.015412 0.064092 0.862986 0.013910 0.043600
2 2 0.016082 0.061308 0.862842 0.019798 0.039970
2 2 0.023298 0.074306 0.819214 0.031178 0.052004
2 2 0.010297 0.045724 0.902963 0.014629 0.026387
2 2 0.013851 0.060424 0.873166 0.012327 0.040233
2 2 0.028346 0.080155 0.790298 0.043810 0.057391
2 2 0.010787 0.039517 0.896750 0.032585 0.020361
2 2 0.011448 0.040965 0.891757 0.034430 0.021399
2 2 0.043012 0.108381 0.710763 0.046434 0.091409
2 2 0.018513 0.057980 0.846709 0.041422 0.035376
2 2 0.016905 0.061809 0.858341 0.022812 0.040133
2 2 0.014945 0.054257 0.871806 0.026164 0.032828
2 2 0.035028 0.099716 0.750004 0.033991 0.081261
2 2 0.013484 0.047046 0.879440 0.033788 0.026242
2 2 0.018504 0.059567 0.848059 0.036836 0.037034
2 2 0.010031 0.038920 0.904001 0.026928 0.020119
2 2 0.026035 0.070802 0.800023 0.056065 0.047076
2 2 0.029585 0.069603 0.726823 0.135204 0.038785
2 2 0.026579 0.065587 0.784418 0.081976 0.041440
2 2 0.030068 0.077292 0.776851 0.062233 0.053556
2 2 0.024742 0.057213 0.773015 0.111449 0.033581
2 2 0.049639 0.097639 0.664592 0.112049 0.076082
2 2 0.018963 0.053492 0.833832 0.062879 0.030835
2 2 0.067239 0.097342 0.408435 0.362344 0.064640
2 3 0.034726 0.072209 0.693679 0.155401 0.043985
2 3 0.015470 0.053311 0.867676 0.031896 0.031648
3 3 0.045265 0.072338 0.415075 0.429545 0.037777
2 3 0.030009 0.066639 0.736068 0.127130 0.040154
2 3 0.018049 0.047701 0.822016 0.086683 0.025552
2 3 0.029688 0.068314 0.759815 0.098283 0.043899
2 3 0.024770 0.042012 0.490008 0.424661 0.018549
2 3 0.073587 0.108990 0.435184 0.304162 0.078077
3 3 0.034297 0.057542 0.431530 0.449971 0.026660
2 3 0.026605 0.056733 0.741867 0.141653 0.033142
2 3 0.039824 0.065080 0.464060 0.397205 0.033831
3 3 0.036453 0.059270 0.331006 0.547658 0.025614
2 3 0.067656 0.130687 0.581418 0.110298 0.109941
3 3 0.048608 0.076829 0.326454 0.510779 0.037329
3 2 0.060146 0.078044 0.183402 0.642436 0.035972
2 2 0.039029 0.103408 0.730749 0.041562 0.085252
2 2 0.053133 0.152597 0.608477 0.017644 0.168150
2 2 0.027429 0.089773 0.788903 0.023518 0.070378
2 2 0.065974 0.164257 0.556396 0.024711 0.188662
2 2 0.033676 0.106126 0.749190 0.021229 0.089779
2 2 0.015857 0.063540 0.861896 0.016028 0.042679
2 2 0.121347 0.201002 0.442626 0.034645 0.200380
2 2 0.021991 0.082537 0.816384 0.015775 0.063312
2 2 0.057977 0.147256 0.633241 0.023450 0.138076
2 2 0.158398 0.218185 0.399052 0.033967 0.190397
2 2 0.022195 0.087612 0.807487 0.012346 0.070360
2 2 0.008760 0.044191 0.911820 0.009444 0.025786
2 2 0.132855 0.209323 0.443030 0.029031 0.185761
2 2 0.072050 0.168799 0.533409 0.028407 0.197334
2 2 0.008779 0.044058 0.911876 0.009649 0.025638
2 2 0.043290 0.133300 0.672114 0.017512 0.133784
2 2 0.017328 0.070982 0.847414 0.013358 0.050917
2 2 0.198840 0.221116 0.315698 0.054048 0.210298
2 2 0.165686 0.211293 0.346392 0.055362 0.221266
2 2 0.052367 0.150203 0.615861 0.018273 0.163296
2 2 0.012980 0.057097 0.880404 0.012572 0.036947
2 2 0.037343 0.105796 0.766543 0.019306 0.071012
2 2 0.062328 0.161248 0.570666 0.022603 0.183155
2 2 0.048975 0.135496 0.669608 0.021199 0.124721
0 2 0.247395 0.215344 0.232252 0.083820 0.221190
2 2 0.026159 0.089481 0.794599 0.019771 0.069990
2 2 0.101064 0.183741 0.434636 0.049346 0.231213
2 2 0.018942 0.074155 0.837832 0.015089 0.053983
2 2 0.013023 0.059073 0.877795 0.010912 0.039197
2 2 0.035153 0.117712 0.721509 0.015618 0.110008
2 2 0.012576 0.057827 0.880969 0.010579 0.038049
2 2 0.022253 0.081655 0.816843 0.017297 0.061953
2 2 0.014660 0.063063 0.866953 0.012483 0.042841
2 2 0.014143 0.064131 0.867091 0.010148 0.044488
2 2 0.020455 0.080789 0.823464 0.013415 0.061878
2 2 0.017321 0.073615 0.843444 0.011282 0.054337
2 2 0.011726 0.047626 0.893582 0.019526 0.027540
2 2 0.035318 0.109016 0.737301 0.023057 0.095308
2 2 0.019860 0.076752 0.831290 0.015281 0.056817
0 2 0.561569 0.191489 0.079293 0.056757 0.110893
2 2 0.124991 0.201962 0.431937 0.037002 0.204108
2 2 0.039259 0.123642 0.700900 0.018123 0.118077
2 2 0.044176 0.128353 0.680729 0.022765 0.123978
2 2 0.012287 0.056283 0.883978 0.010981 0.036471
2 2 0.007127 0.039962 0.923277 0.006939 0.022696
2 2 0.050200 0.140951 0.641699 0.022071 0.145080
2 2 0.031254 0.097516 0.766207 0.025380 0.079643
2 2 0.009079 0.044423 0.910171 0.010515 0.025811
2 2 0.038827 0.117033 0.751310 0.012204 0.080626
2 2 0.060448 0.153900 0.591971 0.026279 0.167402
2 2 0.007855 0.038182 0.921322 0.012137 0.020503
2 2 0.010247 0.048128 0.901305 0.011439 0.028881
2 2 0.009769 0.042795 0.907438 0.016197 0.023802
2 2 0.014787 0.057863 0.871616 0.018962 0.036772
2 2 0.074372 0.169187 0.527793 0.031105 0.197543
2 2 0.006141 0.033605 0.934196 0.008674 0.017384
2 2 0.007156 0.039198 0.924046 0.007676 0.021924
2 2 0.035633 0.110889 0.733380 0.021926 0.098172
2 2 0.009628 0.043597 0.907964 0.014154 0.024657
2 2 0.010929 0.051001 0.895408 0.011162 0.031500
2 2 0.112048 0.186961 0.400979 0.058812 0.241200
2 2 0.241893 0.231563 0.285363 0.048849 0.192333
2 2 0.104709 0.184943 0.423275 0.052386 0.234687
2 2 0.018620 0.077781 0.833212 0.011377 0.059009
2 2 0.157822 0.188484 0.275911 0.109823 0.267960
2 2 0.132160 0.189906 0.343383 0.078685 0.255865
2 2 0.111636 0.186862 0.402211 0.058441 0.240851
2 2 0.096822 0.182167 0.448122 0.045927 0.226962
4 2 0.160884 0.187929 0.268224 0.114066 0.268897
2 4 0.129170 0.189699 0.351652 0.075505 0.253974
2 4 0.137544 0.190082 0.328727 0.084629 0.259019
2 4 0.159499 0.188191 0.271694 0.112131 0.268487
2 4 0.147519 0.189742 0.302305 0.096431 0.264003
2 4 0.133801 0.189987 0.338886 0.080466 0.256860
2 4 0.150702 0.189453 0.294059 0.100430 0.265356
2 4 0.158502 0.188368 0.274199 0.110754 0.268177
2 4 0.155813 0.188802 0.280992 0.107108 0.267285
4 4 0.162411 0.187622 0.264418 0.116229 0.269321
4 4 0.175025 0.191375 0.255222 0.114680 0.263697
2 4 0.211317 0.222334 0.298844 0.057197 0.210309
4 4 0.190297 0.197899 0.252142 0.105950 0.253712
2 4 0.128406 0.189633 0.353781 0.074706 0.253474
4 4 0.162411 0.187622 0.264418 0.116229 0.269321
4 4 0.161783 0.187751 0.265981 0.115336 0.269150
4 4 0.206399 0.199073 0.234079 0.110586 0.249864
4 4 0.162091 0.187688 0.265213 0.115773 0.269235
4 4 0.162411 0.187622 0.264418 0.116229 0.269321
2 4 0.148975 0.189621 0.298522 0.098246 0.264636
4 4 0.162411 0.187622 0.264418 0.116229 0.269321
4 4 0.226805 0.202992 0.221426 0.107782 0.240995
4 4 0.182203 0.193333 0.250181 0.113771 0.260512
4 4 0.175030 0.191377 0.255219 0.114679 0.263695
0 4 0.251588 0.206757 0.207021 0.104265 0.230368
2 4 0.207926 0.214159 0.276921 0.073953 0.227041
4 4 0.162411 0.187622 0.264418 0.116229 0.269321
4 4 0.164397 0.188241 0.262939 0.115989 0.268433
4 4 0.162411 0.187622 0.264418 0.116229 0.269321
4 4 0.170283 0.190012 0.258627 0.115270 0.265808
4 4 0.162411 0.187622 0.264418 0.116229 0.269321
4 4 0.204592 0.198687 0.235237 0.110830 0.250654
2 4 0.188836 0.208901 0.289877 0.076843 0.235542
4 4 0.162411 0.187622 0.264418 0.116229 0.269321
2 4 0.156276 0.188732 0.279819 0.107729 0.267445
4 4 0.162411 0.187622 0.264418 0.116229 0.269321
2 4 0.146974 0.189783 0.303726 0.095758 0.263759
2 4 0.146904 0.189788 0.303907 0.095672 0.263728
2 4 0.131304 0.189855 0.345742 0.077766 0.255333
2 4 0.126419 0.189439 0.359346 0.072652 0.252145
2 4 0.157356 0.188561 0.277088 0.109188 0.267807
4 4 0.162411 0.187622 0.264418 0.116229 0.269321
2 4 0.138994 0.190086 0.324828 0.086279 0.259813
2 4 0.149160 0.189604 0.298044 0.098478 0.264715
2 4 0.154082 0.189048 0.285394 0.104810 0.266666
2 2 0.117477 0.188121 0.384952 0.063838 0.245612
2 2 0.150412 0.189483 0.294807 0.100061 0.265237
2 2 0.157049 0.188611 0.277863 0.108772 0.267706
2 2 0.121949 0.188871 0.372027 0.068160 0.248993
2 2 0.129126 0.189695 0.351776 0.075458 0.253945
2 2 0.119036 0.188403 0.380419 0.065325 0.246816
2 2 0.080267 0.174090 0.503742 0.033774 0.208128
2 2 0.105952 0.185322 0.419446 0.053446 0.235835
2 2 0.107026 0.185638 0.416153 0.054371 0.236813
2 2 0.089439 0.178962 0.472302 0.040279 0.219018
2 2 0.081805 0.174331 0.499890 0.035577 0.208397
2 2 0.053042 0.145216 0.626530 0.022863 0.152349
2 2 0.068622 0.164202 0.551427 0.028239 0.187509
2 2 0.032447 0.111585 0.739543 0.015251 0.101174
2 2 0.015935 0.071240 0.850930 0.009683 0.052213
2 2 0.039689 0.124585 0.698055 0.018136 0.119535
2 2 0.020781 0.083094 0.818797 0.012463 0.064865
2 2 0.010304 0.054282 0.892996 0.006788 0.035630
2 2 0.055495 0.154184 0.600533 0.019406 0.170382
2 2 0.061086 0.160172 0.575614 0.021903 0.181225
2 2 0.068737 0.166393 0.545824 0.026364 0.192682
2 2 0.027495 0.104356 0.763992 0.011637 0.092520
2 2 0.082304 0.175262 0.496613 0.035171 0.210649
2 2 0.040311 0.129430 0.686271 0.015809 0.128179
2 2 0.022269 0.089073 0.804647 0.011559 0.072451
2 2 0.046496 0.135980 0.660013 0.020332 0.137179
2 2 0.024240 0.094689 0.789802 0.011765 0.079504
2 2 0.025130 0.094380 0.788462 0.013613 0.078415
2 2 0.024430 0.090201 0.797486 0.015226 0.072657
2 2 0.015174 0.069114 0.856384 0.009311 0.050017
2 2 0.012865 0.057902 0.879866 0.011425 0.037942
2 2 0.009244 0.050347 0.901999 0.006401 0.032009
2 2 0.025218 0.095592 0.786010 0.012975 0.080205
2 2 0.006126 0.035653 0.932334 0.006611 0.019276
2 2 0.025115 0.087477 0.799651 0.019394 0.068363
2 2 0.027446 0.096876 0.778437 0.016517 0.080725
2 2 0.016234 0.064580 0.859277 0.016215 0.043694
2 2 0.010189 0.049529 0.900022 0.009854 0.030406
2 2 0.009753 0.049282 0.901934 0.008587 0.030444
2 2 0.009281 0.048003 0.905254 0.008055 0.029408
2 2 0.007902 0.042540 0.917179 0.007671 0.024709
2 2 0.010933 0.044781 0.899251 0.019904 0.025131
2 2 0.036582 0.116068 0.721765 0.019284 0.106301
2 2 0.010475 0.050527 0.897739 0.009969 0.031289
2 2 0.018413 0.062731 0.849451 0.028904 0.040501
2 2 0.009477 0.042338 0.909455 0.015213 0.023518
2 2 0.008253 0.040218 0.917791 0.011551 0.022186
2 2 0.012677 0.044233 0.883728 0.035452 0.023910
2 2 0.024887 0.079603 0.808694 0.028870 0.057945
2 2 0.020222 0.060719 0.835351 0.046001 0.037707
2 2 0.016129 0.065918 0.858151 0.014436 0.045366
2 2 0.019252 0.056026 0.836867 0.054647 0.033208
2 2 0.017577 0.055230 0.851677 0.042647 0.032869
2 2 0.008444 0.038834 0.917294 0.014652 0.020776
2 2 0.010000 0.040082 0.905300 0.023452 0.021166
2 3 0.015878 0.047271 0.853186 0.057896 0.025770
2 3 0.014928 0.046914 0.863942 0.048538 0.025678
2 3 0.040152 0.071657 0.448942 0.405180 0.034069
2 3 0.035866 0.074087 0.644140 0.204995 0.040911
3 3 0.045625 0.071235 0.369173 0.478043 0.035924
2 3 0.061583 0.106539 0.528262 0.230906 0.072710
2 3 0.059097 0.109414 0.623446 0.116496 0.091548
2 3 0.030725 0.065344 0.603712 0.270003 0.030216
2 3 0.044338 0.089005 0.629933 0.181645 0.055078
2 3 0.015481 0.042429 0.835968 0.084654 0.021468
2 3 0.035854 0.066411 0.497586 0.368881 0.031268
2 3 0.029576 0.064942 0.680186 0.191856 0.033440
2 3 0.049230 0.100677 0.651084 0.126957 0.072052
3 3 0.033771 0.057120 0.361135 0.523848 0.024126
3 3 0.043382 0.066476 0.253083 0.607886 0.029173
3 3 0.059476 0.091043 0.291623 0.510902 0.046957
2 3 0.048660 0.110253 0.684057 0.064065 0.092964
2 3 0.011353 0.051106 0.893489 0.012706 0.031346
2 3 0.015541 0.044899 0.849331 0.066466 0.023763
2 3 0.041427 0.110312 0.715667 0.037788 0.094806
2 3 0.014654 0.051875 0.873274 0.029686 0.030512
2 3 0.026290 0.079526 0.801815 0.035074 0.057295
2 3 0.022152 0.061553 0.819253 0.058957 0.038085
2 3 0.025413 0.073069 0.806488 0.045221 0.049809
2 3 0.031322 0.080898 0.764367 0.069356 0.054056
2 3 0.022909 0.068368 0.821177 0.042347 0.045198
2 3 0.019572 0.056181 0.833893 0.057068 0.033286
2 3 0.014478 0.044338 0.862388 0.055298 0.023498
2 3 0.018527 0.050223 0.828177 0.075158 0.027914
2 3 0.027123 0.068696 0.787026 0.072573 0.044582
2 3 0.058965 0.117092 0.616086 0.119672 0.088185
2 2 0.049922 0.127420 0.666886 0.035850 0.119922
2 2 0.025713 0.085548 0.799987 0.023360 0.065393
2 2 0.036415 0.112337 0.728877 0.022231 0.100140
2 2 0.030519 0.103405 0.759382 0.017699 0.088995
2 2 0.017419 0.061039 0.855684 0.026815 0.039042
2 2 0.023333 0.080318 0.814668 0.022094 0.059587
2 2 0.022385 0.076201 0.822457 0.024212 0.054747
2 2 0.056960 0.151570 0.610646 0.022018 0.158806
2 2 0.023672 0.092911 0.794406 0.011815 0.077196
2 2 0.039887 0.118520 0.710365 0.023252 0.107977
2 2 0.042165 0.128757 0.684248 0.019034 0.125796
2 2 0.053202 0.152161 0.609497 0.018002 0.167138
2 2 0.029823 0.102784 0.764834 0.015984 0.086575
2 2 0.038212 0.119228 0.712002 0.019720 0.110839
2 2 0.040511 0.125614 0.699351 0.017474 0.117051
2 2 0.031683 0.099154 0.762669 0.024636 0.081859
2 2 0.008826 0.040870 0.914099 0.013731 0.022475
2 2 0.029920 0.085189 0.781394 0.040279 0.063218
2 2 0.038745 0.118071 0.712910 0.021718 0.108555
2 2 0.013123 0.045861 0.881483 0.034276 0.025257
2 2 0.025106 0.083924 0.804035 0.023439 0.063496
2 2 0.032896 0.106567 0.747868 0.020005 0.092663
2 2 0.024665 0.063869 0.799577 0.071919 0.039970
2 2 0.010263 0.045588 0.903234 0.014644 0.026271
2 2 0.020677 0.065576 0.835267 0.035671 0.042810
2 2 0.037667 0.086142 0.732124 0.081314 0.062753
2 2 0.020424 0.074496 0.832142 0.019365 0.053573
2 2 0.025679 0.084972 0.800736 0.023984 0.064629
2 2 0.020646 0.064153 0.834926 0.039028 0.041247
2 2 0.031924 0.100287 0.760360 0.023991 0.083437
2 2 0.021146 0.058227 0.822070 0.063597 0.034960
2 2 0.013797 0.050728 0.879319 0.026450 0.029707
2 2 0.016539 0.061402 0.860475 0.021734 0.039849
2 2 0.025014 0.079558 0.808134 0.029460 0.057834
2 2 0.012576 0.042302 0.881264 0.041642 0.022216
2 2 0.021944 0.069331 0.827732 0.034370 0.046622
2 2 0.023205 0.068849 0.819377 0.042920 0.045649
2 2 0.024750 0.069056 0.808087 0.052656 0.045451
2 2 0.018031 0.063817 0.851374 0.024889 0.041889
2 2 0.029504 0.091823 0.779007 0.027385 0.072280
2 2 0.057269 0.130647 0.641787 0.048621 0.121676
2 2 0.014869 0.049679 0.869556 0.037618 0.028278
2 2 0.011875 0.047395 0.892619 0.020872 0.027239
2 2 0.016962 0.060632 0.858475 0.025139 0.038792
2 2 0.016051 0.058406 0.864408 0.024379 0.036757
2 2 0.025866 0.074842 0.804257 0.043289 0.051747
2 2 0.016953 0.051069 0.850554 0.052421 0.029002
2 2 0.103239 0.192051 0.479517 0.030220 0.194973
2 2 0.077213 0.173894 0.530139 0.026756 0.191998
2 2 0.130255 0.204861 0.426758 0.036410 0.201717
2 2 0.100381 0.186712 0.458336 0.039583 0.214989
2 2 0.007671 0.033960 0.922904 0.018619 0.016845
2 2 0.016075 0.059538 0.863882 0.022516 0.037988
2 2 0.010190 0.049037 0.900584 0.010310 0.029878
2 2 0.028848 0.100739 0.768201 0.016396 0.085815
2 2 0.016691 0.074742 0.843076 0.009187 0.056304
2 2 0.026867 0.090766 0.789528 0.020772 0.072067
2 2 0.033173 0.102307 0.753636 0.024996 0.085889
2 2 0.011195 0.044574 0.897310 0.022109 0.024810
2 2 0.018914 0.075810 0.835551 0.013560 0.056165
2 2 0.036959 0.123328 0.705972 0.014807 0.118934
2 2 0.018105 0.068158 0.847969 0.018816 0.046952
2 2 0.026707 0.095400 0.782840 0.016106 0.078946
2 2 0.019599 0.070196 0.839680 0.021870 0.048654
2 2 0.021932 0.076789 0.823811 0.021753 0.055715
2 2 0.028591 0.090090 0.784273 0.026773 0.070273
2 2 0.012925 0.055394 0.882430 0.014182 0.035070
2 2 0.013849 0.063212 0.869330 0.010037 0.043572
2 2 0.013773 0.053941 0.879176 0.020076 0.033034
2 2 0.017178 0.073457 0.844082 0.011055 0.054228
2 2 0.019381 0.069398 0.841303 0.022123 0.047796
2 2 0.040197 0.129404 0.686531 0.015666 0.128202
2 2 0.016270 0.061735 0.861626 0.020008 0.040361
2 2 0.030443 0.097153 0.769358 0.023548 0.079498
2 2 0.010698 0.050887 0.896456 0.010430 0.031529
2 2 0.021914 0.084576 0.813406 0.013907 0.066198
2 2 0.069006 0.165634 0.587230 0.020084 0.158046
2 2 0.072779 0.145935 0.621317 0.042274 0.117695
2 2 0.075746 0.172836 0.534640 0.026134 0.190644
2 2 0.009425 0.042320 0.909784 0.014943 0.023529
2 2 0.022469 0.088014 0.806129 0.012631 0.070757
2 2 0.018678 0.076209 0.835616 0.012645 0.056851
2 2 0.010343 0.046031 0.902527 0.014429 0.026670
2 2 0.020038 0.076147 0.831535 0.016364 0.055916
2 2 0.014613 0.056373 0.873374 0.020412 0.035227
2 2 0.017154 0.063363 0.856182 0.021519 0.041782
2 2 0.028699 0.102575 0.765162 0.014760 0.088804
2 2 0.048809 0.139372 0.647964 0.021217 0.142638
2 2 0.009019 0.043591 0.911210 0.011168 0.025012
2 2 0.014534 0.060956 0.869975 0.014108 0.040428
2 2 0.095377 0.191026 0.528234 0.019157 0.166206
2 2 0.256537 0.230437 0.264148 0.054362 0.194516
2 2 0.093975 0.185671 0.492331 0.030456 0.197567
2 2 0.005559 0.031172 0.939257 0.008394 0.015618
2 2 0.015682 0.069011 0.855220 0.010574 0.049513
2 2 0.015962 0.067528 0.856603 0.012456 0.047451
2 2 0.011126 0.051213 0.894363 0.011694 0.031603
2 2 0.013094 0.059981 0.876322 0.010385 0.040217
2 2 0.008334 0.045616 0.911654 0.006820 0.027576
2 2 0.008049 0.041091 0.918117 0.009581 0.023162
2 2 0.042544 0.123252 0.694161 0.024406 0.115638
2 2 0.043190 0.138872 0.665013 0.013065 0.139860
2 2 0.163347 0.211262 0.352081 0.053586 0.219724
2 2 0.048303 0.138556 0.650768 0.021091 0.141282
2 2 0.011558 0.055651 0.887295 0.009243 0.036253
2 2 0.017041 0.074162 0.843259 0.010275 0.055262
2 2 0.041520 0.132867 0.676217 0.015356 0.134040
2 2 0.016276 0.067653 0.855410 0.013257 0.047404
2 2 0.159593 0.220801 0.409237 0.029461 0.180908
2 2 0.192631 0.218511 0.317470 0.056498 0.214890
2 2 0.020915 0.084916 0.815283 0.011525 0.067362
2 2 0.003149 0.021182 0.960830 0.005685 0.009154
2 2 0.015795 0.068497 0.855694 0.011233 0.048780
2 2 0.078427 0.172985 0.510253 0.032535 0.205800
2 2 0.125258 0.189308 0.362618 0.071468 0.251348
2 2 0.070674 0.167718 0.538787 0.027645 0.195176
2 2 0.138450 0.190087 0.326288 0.085658 0.259517
2 2 0.085354 0.176919 0.486101 0.037313 0.214313
2 2 0.152385 0.189264 0.289732 0.102594 0.266025
2 4 0.130514 0.189802 0.347923 0.076924 0.254836
2 4 0.145188 0.189899 0.308398 0.093576 0.262938
4 4 0.162411 0.187622 0.264418 0.116229 0.269321
2 4 0.157624 0.188517 0.276411 0.109553 0.267895
2 4 0.184687 0.207042 0.290685 0.078981 0.238606
4 4 0.162411 0.187622 0.264418 0.116229 0.269321
4 4 0.162411 0.187622 0.264418 0.116229 0.269321
2 4 0.138287 0.190087 0.326725 0.085472 0.259429
2 4 0.133998 0.189995 0.338346 0.080683 0.256978
2 4 0.160640 0.187977 0.268833 0.113723 0.268826
4 4 0.162411 0.187622 0.264418 0.116229 0.269321
4 4 0.162411 0.187622 0.264418 0.116229 0.269321
4 4 0.162411 0.187622 0.264418 0.116229 0.269321
2 4 0.152575 0.189241 0.289247 0.102840 0.266098
2 4 0.153721 0.189096 0.286316 0.104335 0.266532
4 4 0.162411 0.187622 0.264418 0.116229 0.269321
2 4 0.150333 0.189491 0.295010 0.099961 0.265205
4 4 0.162411 0.187622 0.264418 0.116229 0.269321
2 4 0.168105 0.206799 0.322372 0.068206 0.234519
4 4 0.162411 0.187622 0.264418 0.116229 0.269321
4 4 0.161862 0.187735 0.265784 0.115447 0.269172
2 4 0.162414 0.200401 0.309970 0.080213 0.247002
4 4 0.162411 0.187622 0.264418 0.116229 0.269321
4 4 0.162411 0.187622 0.264418 0.116229 0.269321
4 4 0.162411 0.187622 0.264418 0.116229 0.269321
4 4 0.162411 0.187622 0.264418 0.116229 0.269321
2 4 0.136501 0.190068 0.331542 0.083455 0.258433
4 4 0.162411 0.187622 0.264418 0.116229 0.269321
4 4 0.162411 0.187622 0.264418 0.116229 0.269321
2 4 0.145395 0.189887 0.307856 0.093827 0.263035
2 4 0.150873 0.189435 0.293620 0.100648 0.265425
