0 0 0.557379 0.128021 0.101679 0.050403 0.162518
4 0 0.140870 0.250763 0.227872 0.105335 0.275160
0 0 0.528967 0.132079 0.133196 0.046681 0.159077
0 0 0.518655 0.140516 0.113226 0.056405 0.171197
0 0 0.622307 0.106024 0.090125 0.038422 0.143122
0 0 0.654997 0.097072 0.074201 0.036301 0.137429
0 0 0.576562 0.121875 0.096098 0.047517 0.157947
0 0 0.381048 0.185821 0.157628 0.079923 0.195579
2 0 0.130501 0.257085 0.301302 0.113805 0.197307
0 0 0.292881 0.215532 0.189529 0.097292 0.204766
2 0 0.142252 0.262978 0.271178 0.127081 0.196511
2 0 0.116521 0.243784 0.353704 0.094104 0.191886
2 0 0.134940 0.261331 0.289922 0.122596 0.191211
2 0 0.100805 0.227099 0.441605 0.082074 0.148416
2 0 0.088313 0.208580 0.462094 0.059727 0.181286
2 0 0.072439 0.184013 0.522006 0.042999 0.178544
2 1 0.088214 0.202838 0.383159 0.049683 0.276106
2 1 0.084346 0.203273 0.488318 0.057369 0.166694
2 1 0.084053 0.201545 0.463484 0.052763 0.198155
2 1 0.097155 0.219797 0.413537 0.066947 0.202563
2 1 0.076546 0.184471 0.402918 0.037785 0.298279
2 1 0.067032 0.173181 0.501494 0.034098 0.224196
2 2 0.067051 0.173501 0.507637 0.034592 0.217218
2 2 0.051134 0.146215 0.639311 0.027248 0.136093
2 2 0.019591 0.055833 0.867070 0.020120 0.037387
2 2 0.020317 0.062770 0.862915 0.017096 0.036902
2 2 0.014227 0.039719 0.899674 0.017259 0.029121
2 2 0.004791 0.011112 0.957924 0.013079 0.013094
2 2 0.016400 0.046345 0.886394 0.018361 0.032499
2 1 0.088673 0.207583 0.435406 0.056072 0.212265
2 0 0.093960 0.217781 0.465613 0.072295 0.150351
2 1 0.057196 0.157814 0.607172 0.031758 0.146059
2 1 0.115467 0.242434 0.355205 0.091970 0.194925
2 1 0.085294 0.205710 0.515134 0.066098 0.127764
2 2 0.055589 0.155064 0.637161 0.033347 0.118839
2 2 0.058792 0.161097 0.646763 0.041299 0.092049
2 2 0.053116 0.150246 0.668808 0.034695 0.093135
2 2 0.024515 0.072254 0.837819 0.021379 0.044033
2 2 0.004924 0.012203 0.958502 0.011436 0.012935
2 2 0.021237 0.059502 0.856991 0.021994 0.040275
2 1 0.065156 0.172764 0.614972 0.047140 0.099968
2 1 0.063029 0.168955 0.613612 0.042236 0.112169
2 1 0.015628 0.047432 0.891730 0.015119 0.030091
2 2 0.007453 0.020482 0.942987 0.011819 0.017259
2 2 0.027368 0.074126 0.820468 0.027742 0.050296
2 2 0.040674 0.124111 0.743971 0.026579 0.064664
2 2 0.005866 0.014859 0.952295 0.012197 0.014782
2 2 0.004929 0.010593 0.954670 0.015859 0.013949
2 2 0.005487 0.012901 0.953219 0.013848 0.014544
2 2 0.005186 0.011843 0.954608 0.014269 0.014094
2 2 0.005341 0.011498 0.951613 0.016652 0.014896
2 2 0.006214 0.013932 0.946581 0.016746 0.016527
2 2 0.005828 0.012510 0.947889 0.017739 0.016033
2 2 0.009276 0.024072 0.929827 0.015524 0.021301
2 2 0.006778 0.015206 0.942581 0.017686 0.017748
2 2 0.004222 0.009892 0.962398 0.011761 0.011728
2 2 0.005407 0.012192 0.952622 0.015093 0.014686
2 2 0.005736 0.011669 0.946478 0.019845 0.016272
2 2 0.009569 0.021031 0.922396 0.023165 0.023838
2 2 0.005514 0.011625 0.949576 0.017826 0.015459
2 2 0.007285 0.014649 0.934322 0.023800 0.019943
2 2 0.008069 0.016297 0.928818 0.025169 0.021647
2 2 0.009267 0.020284 0.924278 0.022905 0.023266
2 2 0.010069 0.018748 0.909185 0.034913 0.027084
2 2 0.010260 0.017466 0.895062 0.048108 0.029104
2 3 0.017623 0.033725 0.835374 0.069420 0.043859
2 3 0.015504 0.026884 0.808013 0.106942 0.042657
2 3 0.017889 0.027360 0.627299 0.274668 0.052784
2 3 0.014752 0.026056 0.832340 0.086748 0.040104
2 3 0.014824 0.026652 0.844392 0.074651 0.039482
2 3 0.015643 0.025375 0.744247 0.169244 0.045491
3 3 0.016978 0.024337 0.401682 0.504955 0.052049
2 3 0.025022 0.041661 0.570548 0.296474 0.066295
2 3 0.012562 0.022515 0.869320 0.061370 0.034233
2 3 0.019990 0.032933 0.695873 0.196206 0.054998
2 3 0.017512 0.028782 0.676639 0.226721 0.050346
3 3 0.008622 0.015480 0.120649 0.828952 0.026297
3 3 0.017687 0.024641 0.333524 0.570611 0.053538
3 3 0.014937 0.023304 0.214658 0.703065 0.044036
3 3 0.017173 0.024599 0.272344 0.634710 0.051175
3 3 0.016731 0.025038 0.361000 0.546647 0.050584
3 3 0.015754 0.023736 0.236510 0.677291 0.046710
3 3 0.020193 0.032671 0.228328 0.663853 0.054954
3 3 0.011860 0.019170 0.178323 0.754678 0.035970
3 3 0.008505 0.016154 0.105626 0.844486 0.025229
3 3 0.015254 0.022401 0.245672 0.670590 0.046083
3 3 0.014128 0.023005 0.191002 0.730623 0.041242
3 3 0.010470 0.020402 0.111053 0.828595 0.029480
3 3 0.019926 0.031029 0.245536 0.648145 0.055365
3 3 0.013601 0.019291 0.406797 0.516052 0.044259
3 3 0.013196 0.020624 0.201700 0.724629 0.039851
3 3 0.014812 0.023473 0.206913 0.711391 0.043411
3 3 0.010632 0.019204 0.132520 0.806558 0.031086
3 3 0.012566 0.019578 0.198356 0.731121 0.038379
3 3 0.016533 0.028909 0.176777 0.732649 0.045132
3 3 0.023764 0.035222 0.312118 0.563645 0.065251
3 3 0.008053 0.015591 0.098319 0.854160 0.023876
2 3 0.031355 0.060571 0.705103 0.131831 0.071140
2 3 0.024870 0.040080 0.587770 0.280818 0.066463
2 2 0.058514 0.158104 0.530970 0.027104 0.225308
2 2 0.013284 0.031391 0.901078 0.024203 0.030044
2 2 0.015073 0.039316 0.893055 0.020918 0.031638
2 2 0.023021 0.065025 0.845772 0.022485 0.043696
2 2 0.017513 0.049341 0.879543 0.019264 0.034338
2 2 0.048395 0.139743 0.600076 0.021311 0.190475
2 2 0.044917 0.133211 0.640499 0.020340 0.161034
2 2 0.053750 0.150458 0.586767 0.025814 0.183211
2 2 0.042400 0.128346 0.698637 0.022249 0.108370
2 2 0.025675 0.070842 0.802105 0.020149 0.081229
2 2 0.056134 0.151076 0.479664 0.022669 0.290457
2 2 0.044112 0.131675 0.652929 0.020340 0.150944
2 2 0.047914 0.139342 0.627060 0.022494 0.163190
2 1 0.063600 0.169967 0.622906 0.045752 0.097775
2 1 0.060345 0.161413 0.524105 0.028517 0.225620
2 2 0.047047 0.137977 0.656966 0.023902 0.134108
2 2 0.010459 0.028906 0.923365 0.014519 0.022750
2 2 0.010147 0.024579 0.922238 0.019259 0.023777
2 2 0.003946 0.008416 0.962039 0.013952 0.011648
2 2 0.003666 0.008551 0.966495 0.010831 0.010457
2 2 0.005771 0.012783 0.949404 0.016400 0.015642
2 2 0.006551 0.016556 0.947504 0.013175 0.016215
2 2 0.004847 0.010732 0.956224 0.014653 0.013544
2 2 0.006603 0.015865 0.945912 0.014863 0.016757
2 2 0.007178 0.015210 0.937521 0.020919 0.019173
2 2 0.005646 0.012113 0.949227 0.017393 0.015621
2 2 0.006664 0.016425 0.946145 0.014105 0.016661
2 2 0.004131 0.008728 0.960292 0.014690 0.012159
2 2 0.005542 0.013576 0.953842 0.012688 0.014352
2 2 0.004192 0.008797 0.959603 0.015059 0.012349
2 2 0.007794 0.020751 0.940158 0.013086 0.018210
2 2 0.005611 0.012851 0.951595 0.014923 0.015021
2 2 0.004473 0.010046 0.959447 0.013456 0.012578
2 2 0.005798 0.013535 0.950793 0.014593 0.015280
2 2 0.006346 0.013486 0.943693 0.019183 0.017292
2 2 0.005358 0.012943 0.954821 0.012817 0.014060
2 2 0.005871 0.013618 0.950094 0.014926 0.015490
2 2 0.007665 0.018710 0.939034 0.015793 0.018797
2 2 0.006809 0.013906 0.938591 0.021985 0.018709
2 2 0.004896 0.011379 0.957208 0.013201 0.013316
2 2 0.005240 0.011811 0.953839 0.014798 0.014312
2 2 0.006158 0.012262 0.942303 0.021828 0.017450
2 2 0.009701 0.016316 0.867470 0.077189 0.029325
2 2 0.005556 0.011783 0.949481 0.017673 0.015508
2 2 0.008512 0.015081 0.905983 0.045570 0.024854
2 2 0.010104 0.020755 0.915339 0.027984 0.025818
2 2 0.007911 0.013637 0.915657 0.039442 0.023353
2 2 0.010226 0.020354 0.912623 0.030295 0.026502
2 2 0.006873 0.012312 0.930810 0.029823 0.020182
2 2 0.006019 0.012844 0.946256 0.018363 0.016518
2 2 0.004923 0.010201 0.953440 0.017231 0.014205
2 3 0.019993 0.036301 0.782432 0.110202 0.051072
2 3 0.008366 0.015053 0.914866 0.037751 0.023963
2 3 0.012940 0.021637 0.854469 0.074575 0.036380
2 3 0.022424 0.039481 0.712132 0.167848 0.058114
2 3 0.012035 0.022302 0.889430 0.044436 0.031797
2 3 0.017953 0.032652 0.807047 0.095838 0.046510
3 3 0.027015 0.043555 0.350423 0.508456 0.070551
2 3 0.019566 0.035747 0.802806 0.092504 0.049377
2 3 0.023516 0.036381 0.446715 0.428330 0.065057
3 3 0.024968 0.036961 0.298508 0.572064 0.067498
2 3 0.028591 0.043145 0.479335 0.373320 0.075609
3 3 0.022295 0.033471 0.313181 0.569031 0.062022
3 3 0.024751 0.038892 0.288942 0.581642 0.065774
3 3 0.027268 0.042242 0.353779 0.504822 0.071888
3 3 0.011068 0.016893 0.194937 0.742083 0.035019
3 3 0.023811 0.037813 0.334859 0.539143 0.064374
3 3 0.032001 0.053072 0.332950 0.502957 0.079021
2 3 0.035765 0.063781 0.463416 0.352371 0.084668
2 3 0.027802 0.046627 0.467823 0.385870 0.071878
3 3 0.016876 0.027820 0.202344 0.705719 0.047242
3 3 0.015854 0.025181 0.212566 0.700623 0.045776
3 3 0.030865 0.051462 0.313753 0.527361 0.076558
3 3 0.016027 0.026406 0.197745 0.714472 0.045350
3 3 0.028549 0.047264 0.288772 0.563398 0.072017
2 3 0.034271 0.060814 0.514014 0.308888 0.082013
2 3 0.024149 0.039142 0.466424 0.404791 0.065493
3 3 0.015127 0.021857 0.252973 0.663919 0.046124
2 3 0.034921 0.066777 0.647757 0.171732 0.078813
2 3 0.031930 0.051961 0.436718 0.399254 0.080136
2 3 0.018550 0.029403 0.688959 0.210250 0.052838
3 3 0.028368 0.045961 0.324340 0.528632 0.072699
3 3 0.032937 0.054019 0.282802 0.550144 0.080098
3 3 0.025937 0.040240 0.281763 0.583846 0.068213
3 3 0.027986 0.046009 0.329023 0.525239 0.071742
2 3 0.039695 0.078719 0.562791 0.231572 0.087223
3 3 0.028810 0.051648 0.215345 0.635048 0.069148
3 3 0.030819 0.056765 0.242949 0.596576 0.072891
3 3 0.020339 0.030376 0.269545 0.622394 0.057346
2 3 0.060643 0.116262 0.431589 0.271940 0.119566
3 3 0.026546 0.047173 0.269662 0.590091 0.066528
3 3 0.028477 0.054977 0.183345 0.667113 0.066088
2 3 0.046706 0.103601 0.635187 0.123659 0.090848
2 3 0.037433 0.069839 0.423662 0.382744 0.086322
3 3 0.023303 0.040240 0.212470 0.664360 0.059627
2 3 0.032685 0.055287 0.495875 0.335634 0.080519
3 3 0.043199 0.076666 0.256995 0.528402 0.094738
3 3 0.027189 0.044702 0.308204 0.549977 0.069929
2 3 0.058706 0.114945 0.430363 0.279722 0.116264
3 3 0.016713 0.028971 0.181013 0.727582 0.045722
3 3 0.031676 0.051918 0.268443 0.570420 0.077542
3 3 0.018804 0.029278 0.273355 0.625054 0.053509
2 3 0.024664 0.039554 0.485760 0.383307 0.066715
2 3 0.025008 0.045684 0.759372 0.109729 0.060207
2 2 0.015954 0.037907 0.884506 0.026836 0.034795
2 2 0.015580 0.040078 0.889548 0.022050 0.032743
2 2 0.013661 0.035809 0.901973 0.019438 0.029119
2 2 0.008226 0.019627 0.934565 0.017417 0.020164
2 2 0.013332 0.033577 0.902973 0.020971 0.029147
2 2 0.007363 0.017899 0.940981 0.015534 0.018223
2 0 0.197941 0.223581 0.313067 0.085388 0.180024
2 0 0.123224 0.251715 0.340375 0.107705 0.176982
2 1 0.090864 0.213787 0.488404 0.071688 0.135257
2 1 0.129883 0.257476 0.311485 0.116021 0.185135
2 1 0.074018 0.187463 0.540862 0.048390 0.149267
2 0 0.176176 0.149747 0.378090 0.120059 0.175929
0 0 0.485364 0.148507 0.136704 0.056820 0.172605
0 0 0.620836 0.107808 0.083557 0.041073 0.146725
0 0 0.636750 0.102794 0.079164 0.038829 0.142464
0 0 0.619470 0.100662 0.075730 0.034608 0.169530
0 0 0.530120 0.127225 0.098781 0.045332 0.198542
0 0 0.544322 0.119318 0.091110 0.040632 0.204617
0 0 0.404579 0.164110 0.132446 0.060443 0.238422
0 0 0.514868 0.141745 0.114376 0.057006 0.172005
0 0 0.703360 0.082064 0.061430 0.029838 0.123308
0 0 0.675284 0.090748 0.068776 0.033548 0.131644
0 0 0.323570 0.205134 0.178049 0.090991 0.202256
0 0 0.302745 0.212184 0.185791 0.095233 0.204047
0 0 0.285908 0.196348 0.163561 0.072676 0.281506
4 0 0.275523 0.140171 0.104183 0.035386 0.444737
0 0 0.435977 0.167574 0.139222 0.070088 0.187140
0 0 0.772688 0.060994 0.044125 0.021183 0.101011
0 0 0.716963 0.077886 0.057940 0.028083 0.119129
0 0 0.574255 0.122613 0.096764 0.047861 0.158506
1 0 0.198039 0.247742 0.228026 0.118668 0.207525
0 0 0.542491 0.132811 0.106074 0.052682 0.165942
0 0 0.556630 0.128262 0.101899 0.050516 0.162693
1 0 0.152671 0.263577 0.249718 0.131512 0.202521
0 0 0.258713 0.227174 0.202875 0.104696 0.206541
0 0 0.559094 0.127470 0.101176 0.050142 0.162117
1 0 0.192432 0.244219 0.221591 0.110178 0.231580
2 0 0.157517 0.258295 0.261570 0.123550 0.199068
1 1 0.142247 0.264568 0.250081 0.128601 0.214502
2 1 0.107351 0.233720 0.391187 0.082863 0.184879
2 1 0.089299 0.211139 0.482864 0.066256 0.150441
2 1 0.103536 0.230505 0.428954 0.085025 0.151980
2 0 0.195394 0.237506 0.272316 0.101609 0.193175
0 0 0.570026 0.123966 0.097989 0.048494 0.159525
0 0 0.634507 0.102338 0.078490 0.038041 0.146625
1 0 0.216724 0.241559 0.220268 0.114489 0.206961
2 0 0.136384 0.220591 0.368620 0.071316 0.203090
4 0 0.134567 0.149753 0.113905 0.034635 0.567139
4 0 0.126139 0.223894 0.192818 0.076090 0.381059
4 0 0.089316 0.180383 0.151057 0.087359 0.491885
4 0 0.115328 0.149554 0.114254 0.033986 0.586878
4 0 0.172076 0.189593 0.153487 0.056254 0.428590
4 0 0.102216 0.148389 0.113621 0.033158 0.602618
4 0 0.326306 0.140609 0.105236 0.037896 0.389953
0 0 0.632738 0.104056 0.080266 0.039391 0.143550
0 0 0.353210 0.195148 0.167357 0.085174 0.199112
0 0 0.549439 0.130574 0.104016 0.051614 0.164358
0 0 0.255493 0.228274 0.204168 0.105418 0.206647
2 1 0.109782 0.228258 0.303245 0.071524 0.287192
2 1 0.127606 0.255287 0.318428 0.111966 0.186713
0 0 0.729692 0.073994 0.054715 0.026465 0.115134
0 0 0.653889 0.097419 0.074500 0.036453 0.137739
0 0 0.574452 0.122550 0.096707 0.047832 0.158459
0 0 0.553794 0.129173 0.102732 0.050948 0.163353
0 0 0.755521 0.066157 0.048296 0.023257 0.106769
0 0 0.694595 0.084766 0.063703 0.030984 0.125952
0 0 0.625419 0.106362 0.082286 0.040423 0.145510
0 0 0.784374 0.057502 0.041330 0.019797 0.096997
0 0 0.720415 0.076829 0.057061 0.027641 0.118054
0 0 0.578051 0.121400 0.095668 0.047296 0.157585
0 0 0.635279 0.103256 0.079568 0.039034 0.142863
0 0 0.619921 0.108097 0.083811 0.041203 0.146967
0 0 0.466167 0.157636 0.129507 0.064946 0.181744
0 0 0.499669 0.146685 0.119029 0.059439 0.175178
1 0 0.206404 0.245104 0.224742 0.117037 0.206713
1 0 0.232516 0.236140 0.213582 0.110704 0.207058
2 0 0.115142 0.243013 0.366942 0.094768 0.180135
2 1 0.127733 0.255058 0.314848 0.110947 0.191415
2 1 0.098396 0.221759 0.413727 0.069303 0.196815
2 0 0.122370 0.250923 0.344116 0.106666 0.175925
2 1 0.072213 0.184575 0.551957 0.047189 0.144067
2 1 0.076815 0.192150 0.534680 0.052376 0.143979
2 1 0.073222 0.184459 0.499460 0.041481 0.201378
2 1 0.060516 0.164368 0.625268 0.039825 0.110023
2 1 0.078217 0.193888 0.513673 0.050970 0.163252
2 1 0.044997 0.133851 0.686084 0.024288 0.110780
2 1 0.050133 0.144312 0.683060 0.031953 0.090541
2 1 0.041942 0.118366 0.738267 0.032378 0.069047
2 1 0.060423 0.163822 0.594598 0.034760 0.146397
2 1 0.082776 0.200105 0.477185 0.052731 0.187202
2 1 0.040982 0.123216 0.736271 0.026284 0.073247
2 0 0.107420 0.224087 0.439957 0.079594 0.148943
2 1 0.097795 0.223105 0.452907 0.077935 0.148258
2 1 0.093140 0.216039 0.455763 0.067844 0.167214
2 1 0.085871 0.206461 0.507839 0.065263 0.134566
2 1 0.066452 0.175064 0.608391 0.048303 0.101790
1 0 0.212773 0.242916 0.221970 0.115457 0.206884
1 0 0.143464 0.266734 0.254352 0.134251 0.201201
2 1 0.103494 0.230275 0.425701 0.083771 0.156759
1 0 0.195765 0.245621 0.224185 0.113734 0.220696
4 0 0.124842 0.232942 0.203928 0.083515 0.354773
0 0 0.263488 0.224116 0.198776 0.101254 0.212365
1 0 0.161693 0.253891 0.233923 0.115922 0.234572
2 1 0.061311 0.165781 0.613264 0.038971 0.120673
2 1 0.065833 0.173544 0.573302 0.039993 0.147328
2 1 0.049346 0.142751 0.683802 0.030664 0.093437
2 1 0.047885 0.139548 0.704430 0.032215 0.075922
2 1 0.041729 0.115181 0.739531 0.033975 0.069584
4 0 0.112579 0.220843 0.228529 0.068230 0.369819
2 1 0.067009 0.173316 0.505317 0.034362 0.219997
2 1 0.059310 0.161809 0.601166 0.033988 0.143727
2 0 0.080807 0.198879 0.536942 0.061707 0.121665
0 0 0.301038 0.212763 0.186434 0.095587 0.204178
2 1 0.072279 0.182644 0.497173 0.040014 0.207891
2 1 0.074105 0.187555 0.538758 0.048168 0.151415
2 1 0.085048 0.200767 0.424573 0.049497 0.240116
2 0 0.140631 0.248353 0.323573 0.105772 0.181671
2 1 0.069390 0.179875 0.566440 0.044797 0.139498
1 1 0.206757 0.244983 0.224588 0.116949 0.206724
2 1 0.088070 0.209791 0.501766 0.068864 0.131509
2 1 0.100908 0.227142 0.439248 0.081525 0.151178
1 1 0.144094 0.266518 0.254030 0.134060 0.201298
1 0 0.143464 0.266734 0.254352 0.134251 0.201201
2 0 0.116173 0.241324 0.381446 0.095640 0.165417
0 0 0.318713 0.206776 0.179837 0.091968 0.202706
2 1 0.090563 0.213362 0.489840 0.071381 0.134854
2 1 0.064154 0.170980 0.617824 0.045621 0.101421
2 1 0.050820 0.145534 0.689368 0.034771 0.079506
2 2 0.031109 0.093305 0.799093 0.023690 0.052802
2 2 0.031870 0.097956 0.794334 0.022710 0.053131
2 2 0.009853 0.027576 0.927478 0.013576 0.021517
2 2 0.011647 0.030395 0.914607 0.017740 0.025611
2 2 0.007097 0.016630 0.941755 0.016497 0.018021
2 2 0.027814 0.078000 0.816742 0.025430 0.052014
2 2 0.049217 0.142531 0.677970 0.029448 0.100833
2 2 0.052335 0.148544 0.631463 0.027976 0.139683
2 2 0.057034 0.155544 0.540474 0.026206 0.220741
2 4 0.068758 0.177118 0.517673 0.037521 0.198929
2 4 0.057249 0.156422 0.552894 0.027179 0.206257
2 4 0.072762 0.175801 0.377852 0.032881 0.340705
4 4 0.079134 0.174697 0.260465 0.034412 0.451292
4 4 0.076756 0.154444 0.156367 0.030871 0.581562
4 4 0.042388 0.079859 0.055502 0.011457 0.810794
4 4 0.081732 0.175614 0.236286 0.035973 0.470396
4 4 0.078673 0.176833 0.284132 0.034691 0.425671
4 4 0.026703 0.050447 0.032806 0.005560 0.884484
4 4 0.090787 0.200241 0.314762 0.047752 0.346457
2 4 0.064470 0.167262 0.479665 0.030022 0.258580
2 4 0.082041 0.189856 0.354178 0.040699 0.333226
4 4 0.101395 0.209998 0.262463 0.056620 0.369524
4 1 0.118588 0.224127 0.202385 0.074326 0.380574
2 1 0.067556 0.175538 0.533994 0.037606 0.185306
2 4 0.074512 0.184210 0.451962 0.038834 0.250482
2 4 0.059339 0.159789 0.532559 0.028021 0.220292
2 4 0.081811 0.192490 0.388621 0.042533 0.294545
4 4 0.075219 0.175890 0.330252 0.033228 0.385411
4 4 0.063523 0.138016 0.180815 0.022055 0.595592
2 4 0.076628 0.181240 0.361680 0.035749 0.344702
2 4 0.053466 0.148036 0.531958 0.022520 0.244020
4 4 0.060700 0.152022 0.355178 0.022589 0.409512
4 4 0.056814 0.147023 0.387650 0.020611 0.387902
2 4 0.072697 0.177882 0.406377 0.034131 0.308913
4 4 0.073835 0.174439 0.340316 0.032385 0.379025
2 4 0.057402 0.155540 0.522080 0.025559 0.239418
2 1 0.101208 0.223963 0.385695 0.069330 0.219804
2 1 0.044887 0.133412 0.658228 0.021539 0.141934
2 1 0.055163 0.152266 0.553341 0.025128 0.214102
2 1 0.063000 0.158529 0.384528 0.024993 0.368951
4 1 0.079694 0.172543 0.237644 0.034315 0.475803
4 1 0.071046 0.158648 0.239538 0.027701 0.503066
4 1 0.063255 0.118848 0.088139 0.022061 0.707698
4 1 0.074586 0.162540 0.225230 0.030072 0.507572
4 4 0.048728 0.091719 0.065133 0.014333 0.780087
4 4 0.093579 0.175246 0.140620 0.044469 0.546085
4 4 0.107797 0.201559 0.167821 0.059222 0.463602
4 4 0.070701 0.166178 0.311269 0.028940 0.422910
4 4 0.085069 0.188498 0.293622 0.040819 0.391993
4 4 0.071564 0.165084 0.286437 0.029000 0.447915
4 4 0.085035 0.189778 0.305112 0.041280 0.378795
4 4 0.061803 0.134718 0.177591 0.020985 0.604903
2 4 0.064667 0.162417 0.395368 0.026626 0.350922
4 4 0.071393 0.165268 0.290856 0.028972 0.443512
4 4 0.067662 0.158493 0.287913 0.026131 0.459800
2 4 0.069506 0.171705 0.400769 0.030917 0.327103
4 4 0.075392 0.159601 0.197101 0.030259 0.537648
4 4 0.063900 0.132409 0.143996 0.022171 0.637524
4 4 0.022668 0.042864 0.027259 0.004323 0.902885
4 4 0.066858 0.146763 0.203055 0.024352 0.558972
2 4 0.060130 0.159223 0.485492 0.026272 0.268883
4 4 0.068279 0.165311 0.348215 0.028052 0.390142
4 4 0.068389 0.150218 0.209658 0.025442 0.546293
4 4 0.054166 0.107795 0.096714 0.016768 0.724557
4 4 0.074423 0.152729 0.165913 0.029242 0.577693
4 4 0.058174 0.128874 0.178539 0.018853 0.615559
4 4 0.062695 0.130975 0.146425 0.021438 0.638467
4 4 0.062565 0.153917 0.336112 0.023488 0.423918
4 4 0.064141 0.158980 0.362630 0.025259 0.388990
4 4 0.049824 0.114837 0.179540 0.014370 0.641429
4 4 0.070182 0.167703 0.336904 0.029238 0.395973
4 4 0.053826 0.136953 0.328081 0.017681 0.463460
4 4 0.063283 0.145556 0.239890 0.022412 0.528859
4 4 0.048636 0.091548 0.064992 0.014290 0.780535
4 4 0.084865 0.179301 0.227747 0.038439 0.469649
2 4 0.059357 0.157382 0.478851 0.025306 0.279104
4 4 0.076259 0.159146 0.186115 0.030769 0.547712
4 4 0.064414 0.141360 0.193454 0.022693 0.578078
2 4 0.060672 0.157762 0.439650 0.024903 0.317013
4 4 0.059603 0.144460 0.290815 0.020721 0.484402
2 4 0.056458 0.151034 0.466261 0.022464 0.303784
2 4 0.059652 0.153021 0.395943 0.022806 0.368578
4 4 0.070944 0.167227 0.317606 0.029299 0.414924
4 4 0.113502 0.213795 0.186938 0.066718 0.419048
2 4 0.061642 0.157394 0.404716 0.024540 0.351708
2 4 0.060018 0.157532 0.457600 0.025019 0.299831
4 4 0.082297 0.171449 0.203530 0.035738 0.506985
2 4 0.064155 0.161295 0.393014 0.026142 0.355394
2 1 0.091709 0.189413 0.452629 0.043731 0.222518
2 1 0.060679 0.160282 0.485346 0.026758 0.266935
2 1 0.044916 0.133181 0.638950 0.020242 0.162711
2 1 0.057854 0.157964 0.563014 0.028520 0.192648
2 1 0.049896 0.143761 0.645555 0.026310 0.134478
2 1 0.051718 0.147520 0.652796 0.029643 0.118323
2 1 0.050929 0.145778 0.637954 0.026848 0.138491
2 1 0.061478 0.164549 0.548428 0.031455 0.194091
2 2 0.068276 0.174742 0.486086 0.034352 0.236543
2 2 0.063844 0.168808 0.540691 0.033584 0.193074
2 2 0.008796 0.023251 0.933371 0.014385 0.020196
2 2 0.060224 0.161978 0.544590 0.029756 0.203453
2 2 0.022336 0.065398 0.848844 0.020002 0.043420
2 2 0.054651 0.150997 0.546742 0.024283 0.223328
2 2 0.009840 0.026371 0.926823 0.014979 0.021987
2 2 0.018497 0.051610 0.873425 0.020383 0.036084
2 2 0.011977 0.032793 0.913499 0.016178 0.025553
2 2 0.005540 0.014100 0.954677 0.011620 0.014063
2 2 0.010518 0.027386 0.921633 0.016628 0.023836
2 2 0.005938 0.014642 0.951208 0.013071 0.015142
2 2 0.013146 0.033397 0.904401 0.020374 0.028682
2 2 0.005529 0.012423 0.951627 0.015435 0.014986
2 2 0.006918 0.018074 0.945691 0.012649 0.016668
2 2 0.016442 0.046311 0.886092 0.018531 0.032624
2 2 0.012528 0.035433 0.908073 0.014714 0.029252
2 2 0.005184 0.012639 0.956277 0.012283 0.013616
2 2 0.006728 0.015491 0.943793 0.016587 0.017402
2 2 0.006363 0.016662 0.949526 0.011914 0.015535
2 2 0.005247 0.013214 0.956531 0.011489 0.013519
2 2 0.027313 0.047698 0.787173 0.074932 0.062883
0 0 0.706350 0.081143 0.060659 0.029450 0.122398
0 0 0.515040 0.141689 0.114324 0.056978 0.171969
0 0 0.706553 0.081081 0.060607 0.029424 0.122336
0 0 0.504078 0.143210 0.115189 0.056461 0.181062
0 0 0.413048 0.173861 0.145068 0.072445 0.195578
0 0 0.653220 0.097628 0.074681 0.036545 0.137926
0 0 0.687464 0.086971 0.065566 0.031924 0.128075
2 0 0.118623 0.239497 0.291209 0.084599 0.266072
4 1 0.082093 0.188677 0.340976 0.040066 0.348187
2 1 0.057457 0.156966 0.556616 0.027642 0.201319
2 1 0.055386 0.152909 0.558992 0.025679 0.207035
2 1 0.054581 0.152613 0.606312 0.028320 0.158175
2 1 0.054071 0.150990 0.582516 0.025857 0.186566
2 2 0.033669 0.094807 0.777774 0.026995 0.066756
2 2 0.045888 0.135693 0.675935 0.024339 0.118144
2 2 0.041996 0.121233 0.704929 0.025077 0.106765
2 2 0.024740 0.073679 0.836332 0.020952 0.044296
2 2 0.011278 0.030708 0.917852 0.015768 0.024394
2 2 0.008809 0.021531 0.931369 0.017226 0.021066
2 2 0.004828 0.011969 0.959197 0.011283 0.012724
2 2 0.035529 0.107205 0.770439 0.024561 0.062265
2 2 0.008291 0.021581 0.936399 0.014340 0.019389
2 2 0.007078 0.019155 0.945257 0.011838 0.016672
2 2 0.006496 0.016654 0.948191 0.012679 0.015981
2 2 0.005794 0.013576 0.950932 0.014458 0.015240
2 2 0.004642 0.011762 0.960957 0.010462 0.012177
2 2 0.005370 0.012215 0.953153 0.014727 0.014536
2 2 0.006525 0.016836 0.948128 0.012527 0.015984
2 2 0.005365 0.012822 0.954511 0.013147 0.014155
2 2 0.004698 0.010488 0.957579 0.014091 0.013143
2 2 0.005719 0.013509 0.951685 0.014074 0.015013
2 2 0.004254 0.009945 0.962112 0.011876 0.011814
2 2 0.006486 0.014479 0.944490 0.017385 0.017159
2 2 0.009793 0.021175 0.920133 0.024398 0.024501
2 2 0.010412 0.026321 0.921759 0.017758 0.023750
2 2 0.005622 0.013118 0.952043 0.014318 0.014899
2 2 0.007620 0.017936 0.938284 0.017096 0.019064
2 2 0.005355 0.013343 0.955544 0.011932 0.013826
2 2 0.005036 0.011477 0.955656 0.014061 0.013770
2 2 0.005383 0.011780 0.951857 0.016116 0.014863
2 2 0.005887 0.013202 0.948953 0.016156 0.015802
2 2 0.009054 0.021116 0.928226 0.019520 0.022083
2 2 0.026166 0.075365 0.828053 0.023447 0.046970
2 2 0.014378 0.039484 0.898464 0.018044 0.029630
2 2 0.056356 0.156539 0.652205 0.037469 0.097431
2 2 0.010020 0.026411 0.925314 0.015743 0.022513
2 2 0.012073 0.026381 0.905376 0.027234 0.028936
2 2 0.053256 0.150575 0.654785 0.032339 0.109045
2 2 0.019496 0.041800 0.857080 0.038429 0.043195
2 2 0.053399 0.150682 0.675761 0.036928 0.083230
2 2 0.058366 0.111906 0.628146 0.092959 0.108623
2 2 0.062364 0.167377 0.587885 0.036729 0.145645
2 3 0.026220 0.046310 0.689090 0.173030 0.065350
2 3 0.025206 0.073828 0.833734 0.022055 0.045177
2 3 0.047361 0.124661 0.708592 0.040645 0.078741
2 3 0.026893 0.074107 0.823467 0.026386 0.049147
2 3 0.032690 0.064865 0.730101 0.101182 0.071163
2 3 0.027577 0.071189 0.818231 0.031109 0.051894
2 3 0.078858 0.195822 0.546490 0.059830 0.118999
2 3 0.043742 0.124644 0.728211 0.032417 0.070985
2 3 0.050403 0.130756 0.692129 0.043461 0.083251
2 3 0.031325 0.062140 0.779685 0.061048 0.065802
2 3 0.071138 0.183172 0.584778 0.052573 0.108339
2 3 0.038051 0.088965 0.755273 0.047127 0.070584
2 3 0.053769 0.122109 0.634682 0.092107 0.097332
2 3 0.055839 0.129903 0.630176 0.085471 0.098612
2 3 0.058180 0.151956 0.651176 0.046130 0.092559
2 3 0.037561 0.085000 0.715096 0.087488 0.074856
2 3 0.026157 0.052344 0.737437 0.122825 0.061237
2 3 0.051116 0.119128 0.677928 0.061974 0.089854
2 3 0.024360 0.050645 0.820514 0.051492 0.052988
2 3 0.030938 0.058579 0.470536 0.364974 0.074973
2 3 0.057219 0.146534 0.638837 0.043366 0.114044
2 3 0.056995 0.112504 0.589187 0.132324 0.108991
2 3 0.048021 0.096029 0.648245 0.112856 0.094849
2 3 0.022006 0.037791 0.658733 0.222602 0.058869
3 3 0.024801 0.042143 0.400787 0.466602 0.065667
2 3 0.031568 0.052641 0.431795 0.405089 0.078907
2 3 0.032552 0.063730 0.686642 0.143723 0.073354
2 3 0.039535 0.073263 0.671724 0.130239 0.085239
3 3 0.021180 0.032214 0.264383 0.623520 0.058704
2 3 0.036860 0.072921 0.640175 0.168962 0.081081
2 3 0.031513 0.063816 0.730556 0.105028 0.069087
2 3 0.029276 0.059013 0.739215 0.106872 0.065624
3 3 0.040575 0.069322 0.338671 0.458252 0.093180
3 3 0.040538 0.074074 0.367034 0.426725 0.091629
2 3 0.028144 0.047809 0.525045 0.326917 0.072085
3 3 0.022431 0.036362 0.238143 0.643433 0.059631
3 3 0.027961 0.045748 0.382211 0.471723 0.072359
3 3 0.014595 0.025765 0.163096 0.755906 0.040639
3 3 0.047713 0.085968 0.281316 0.483029 0.101974
3 3 0.015697 0.026462 0.186509 0.727234 0.044099
2 3 0.043746 0.083932 0.604695 0.174786 0.092841
3 3 0.023559 0.037789 0.248512 0.627872 0.062268
2 3 0.048688 0.095430 0.516487 0.237980 0.101415
3 3 0.021131 0.034186 0.232987 0.654742 0.056955
2 3 0.025567 0.049262 0.750092 0.114574 0.060505
2 3 0.033734 0.071066 0.660854 0.160016 0.074329
2 2 0.032498 0.056238 0.675456 0.159281 0.076526
2 2 0.026477 0.074872 0.826140 0.024632 0.047879
2 2 0.035921 0.106963 0.771506 0.026198 0.059412
2 2 0.013170 0.029956 0.900178 0.026265 0.030432
2 2 0.025981 0.079356 0.828988 0.020400 0.045276
2 2 0.058426 0.160421 0.647459 0.040668 0.093027
2 2 0.050652 0.142596 0.663151 0.030798 0.112803
2 2 0.015407 0.039674 0.890649 0.021843 0.032427
2 2 0.071814 0.183029 0.525731 0.042558 0.176868
2 2 0.021680 0.054266 0.851772 0.028837 0.043445
2 2 0.063550 0.168934 0.561075 0.035185 0.171256
2 2 0.047467 0.138915 0.692723 0.028984 0.091910
2 2 0.024208 0.055400 0.832791 0.037846 0.049754
2 2 0.025268 0.070324 0.833070 0.024837 0.046501
2 2 0.017825 0.054259 0.878161 0.016310 0.033445
2 2 0.008349 0.018843 0.931833 0.019964 0.021011
2 2 0.092928 0.206549 0.340910 0.052033 0.307580
2 2 0.039346 0.121158 0.751258 0.025541 0.062697
2 2 0.043216 0.129935 0.717856 0.026071 0.082922
2 2 0.056408 0.156639 0.635469 0.034407 0.117077
2 2 0.048742 0.136456 0.698762 0.035248 0.080791
2 2 0.046725 0.137121 0.711190 0.031409 0.073555
2 2 0.035821 0.095351 0.772087 0.033844 0.062898
2 2 0.044463 0.132340 0.723370 0.029583 0.070244
2 2 0.040311 0.120347 0.746565 0.027813 0.064965
2 2 0.045877 0.131692 0.716331 0.032722 0.073377
2 2 0.006751 0.014214 0.940351 0.020398 0.018286
2 2 0.013013 0.032969 0.905157 0.020374 0.028487
2 2 0.022473 0.066321 0.849971 0.020212 0.041021
2 2 0.012138 0.031342 0.911219 0.018660 0.026640
2 2 0.009323 0.023280 0.928558 0.017012 0.021827
2 2 0.068087 0.177931 0.600118 0.049782 0.104082
2 2 0.045109 0.133922 0.661088 0.022011 0.137869
2 2 0.008236 0.022305 0.937530 0.013041 0.018887
2 2 0.079450 0.186855 0.370006 0.038912 0.324777
2 4 0.083798 0.196437 0.395434 0.045305 0.279026
2 4 0.062446 0.163878 0.489089 0.028581 0.256006
2 4 0.071774 0.181006 0.482779 0.038089 0.226351
2 4 0.044677 0.133122 0.674000 0.022631 0.125569
4 4 0.068592 0.167372 0.366107 0.028855 0.369074
2 4 0.064964 0.164674 0.420175 0.027743 0.322443
2 4 0.050472 0.143843 0.590789 0.022759 0.192137
2 4 0.064827 0.169978 0.522943 0.033254 0.208998
2 4 0.028444 0.083218 0.786450 0.018970 0.082919
2 1 0.113066 0.241521 0.385495 0.095677 0.164240
2 1 0.077233 0.193178 0.549861 0.056916 0.122812
2 1 0.048962 0.141856 0.647313 0.025318 0.136551
2 2 0.007939 0.020625 0.938702 0.014007 0.018728
2 2 0.033596 0.095476 0.784166 0.027804 0.058958
4 4 0.066677 0.161343 0.335713 0.026476 0.409791
2 4 0.072716 0.175979 0.381076 0.032976 0.337253
2 4 0.061060 0.159729 0.460910 0.026026 0.292275
2 4 0.058892 0.159988 0.562443 0.029628 0.189050
2 4 0.050735 0.144105 0.580881 0.022452 0.201827
4 4 0.077732 0.182248 0.351621 0.036339 0.352060
4 4 0.044896 0.084552 0.059281 0.012560 0.798710
4 4 0.057696 0.108475 0.079182 0.018909 0.735739
4 4 0.046498 0.087550 0.061717 0.013289 0.790946
4 4 0.097412 0.189982 0.181623 0.048819 0.482164
4 4 0.066837 0.147927 0.211576 0.024421 0.549238
4 4 0.085356 0.172099 0.180836 0.037876 0.523833
4 4 0.095487 0.196381 0.232312 0.048605 0.427216
2 4 0.059558 0.158486 0.493195 0.026116 0.262644
4 4 0.089293 0.183560 0.211685 0.041958 0.473504
2 4 0.053594 0.147903 0.522193 0.022216 0.254094
4 4 0.063316 0.139689 0.194414 0.022011 0.580570
4 4 0.068681 0.166487 0.353529 0.028531 0.382772
2 4 0.064391 0.169573 0.533432 0.033608 0.198996
2 1 0.065342 0.171984 0.550559 0.036434 0.175682
2 2 0.048513 0.139989 0.599905 0.021413 0.190180
2 2 0.037260 0.111027 0.752716 0.024449 0.074548
2 2 0.022365 0.062851 0.831080 0.018608 0.065096
2 2 0.048041 0.139995 0.697530 0.030951 0.083484
2 2 0.013811 0.035042 0.900179 0.021084 0.029884
2 2 0.058223 0.160102 0.637024 0.037877 0.106773
2 2 0.021715 0.061034 0.838221 0.018695 0.060336
2 2 0.060710 0.153007 0.553091 0.036025 0.197168
2 2 0.027142 0.078761 0.813207 0.021505 0.059385
2 2 0.016625 0.047872 0.885229 0.017736 0.032538
2 2 0.015019 0.040106 0.893939 0.019778 0.031159
2 2 0.015376 0.043778 0.886872 0.015786 0.038187
2 2 0.010022 0.024940 0.923871 0.017962 0.023206
2 2 0.013234 0.034524 0.904545 0.019256 0.028441
2 2 0.008422 0.023192 0.936580 0.012735 0.019071
2 2 0.006966 0.017074 0.943918 0.014707 0.017334
2 2 0.006443 0.015580 0.947199 0.014413 0.016365
2 2 0.008867 0.022799 0.932304 0.015405 0.020626
2 2 0.007891 0.019168 0.937368 0.016271 0.019301
2 2 0.004053 0.009593 0.963895 0.011184 0.011276
2 2 0.006448 0.015149 0.946368 0.015408 0.016626
2 2 0.011269 0.030498 0.917800 0.015979 0.024454
2 2 0.004956 0.012527 0.958671 0.010977 0.012870
2 2 0.004856 0.011640 0.958254 0.012235 0.013014
2 2 0.004915 0.012229 0.958645 0.011322 0.012889
2 2 0.005995 0.016301 0.952689 0.010514 0.014500
2 2 0.006829 0.015433 0.942466 0.017481 0.017791
2 2 0.013579 0.034983 0.902049 0.020147 0.029241
2 2 0.004031 0.008816 0.962086 0.013364 0.011703
2 2 0.008985 0.022558 0.930935 0.016408 0.021114
2 2 0.006124 0.015647 0.950685 0.012296 0.015247
2 2 0.004712 0.011490 0.959684 0.011534 0.012579
2 2 0.005014 0.011988 0.957053 0.012565 0.013380
2 2 0.004211 0.009009 0.960051 0.014457 0.012273
2 2 0.008481 0.021273 0.934264 0.015841 0.020142
2 2 0.003912 0.009244 0.964908 0.010974 0.010962
2 2 0.006973 0.015061 0.939782 0.019651 0.018533
2 2 0.006273 0.015451 0.948844 0.013580 0.015853
2 2 0.005009 0.011353 0.955693 0.014194 0.013750
2 2 0.004421 0.009755 0.959340 0.013909 0.012575
2 2 0.006654 0.015393 0.944461 0.016291 0.017201
2 2 0.017669 0.047410 0.877775 0.021662 0.035484
2 2 0.026273 0.074832 0.827379 0.024115 0.047401
2 2 0.038276 0.105564 0.738534 0.028072 0.089554
2 2 0.039123 0.104384 0.753731 0.035414 0.067347
2 2 0.005127 0.012356 0.956423 0.012520 0.013573
2 2 0.008427 0.022332 0.935859 0.013912 0.019469
2 2 0.009649 0.020880 0.921151 0.024126 0.024195
2 2 0.007001 0.015440 0.940386 0.018781 0.018392
2 2 0.005626 0.013495 0.952745 0.013442 0.014692
2 2 0.006869 0.016621 0.944251 0.015008 0.017250
2 2 0.004889 0.012157 0.958825 0.011294 0.012835
2 2 0.007557 0.016605 0.936308 0.019902 0.019627
2 2 0.006019 0.013575 0.948178 0.016180 0.016047
2 2 0.005280 0.012538 0.954969 0.013200 0.014014
2 2 0.008095 0.017384 0.931572 0.021926 0.021022
2 2 0.005968 0.012593 0.946206 0.018734 0.016498
2 2 0.007729 0.018229 0.937591 0.017180 0.019271
2 2 0.005115 0.011192 0.953846 0.015597 0.014250
2 2 0.004704 0.010684 0.958021 0.013554 0.013037
2 2 0.006475 0.015067 0.945894 0.015795 0.016768
2 2 0.006026 0.012836 0.946138 0.018451 0.016549
2 2 0.006333 0.015180 0.947730 0.014547 0.016210
2 2 0.007086 0.014800 0.937560 0.021440 0.019113
2 2 0.006253 0.013255 0.944275 0.019111 0.017105
2 2 0.007228 0.017255 0.941401 0.015998 0.018118
2 2 0.009017 0.023371 0.931498 0.015289 0.020825
2 2 0.007721 0.016511 0.934033 0.021472 0.020263
2 2 0.009784 0.022045 0.922010 0.022198 0.023964
2 2 0.004833 0.010633 0.956138 0.014839 0.013557
2 2 0.005517 0.012432 0.951799 0.015315 0.014938
2 2 0.005590 0.012408 0.950793 0.015989 0.015220
2 2 0.005844 0.013412 0.949984 0.015245 0.015515
2 2 0.013086 0.026661 0.894582 0.033620 0.032051
2 2 0.005936 0.013158 0.948215 0.016683 0.016008
2 2 0.006311 0.013455 0.944080 0.018972 0.017183
2 2 0.005610 0.013191 0.952340 0.014047 0.014812
2 2 0.006240 0.014461 0.947440 0.015562 0.016297
2 2 0.008108 0.015766 0.926437 0.027526 0.022164
2 2 0.012475 0.032305 0.909148 0.018866 0.027205
2 2 0.013638 0.026819 0.888380 0.037399 0.033762
2 2 0.006603 0.016733 0.947211 0.013158 0.016296
2 2 0.014303 0.035310 0.896238 0.022953 0.031197
2 2 0.015705 0.036001 0.884463 0.028835 0.034997
2 2 0.010313 0.023121 0.918248 0.023227 0.025090
2 2 0.007368 0.014175 0.931350 0.026512 0.020596
2 2 0.016181 0.031772 0.849306 0.062326 0.040415
2 2 0.015998 0.033863 0.878139 0.034976 0.037024
2 2 0.010806 0.027004 0.918881 0.018673 0.024635
2 2 0.012028 0.028187 0.908811 0.023158 0.027816
2 2 0.023339 0.049723 0.833268 0.043546 0.050124
2 2 0.012189 0.022235 0.878178 0.054486 0.032911
2 2 0.014085 0.039315 0.900555 0.017158 0.028887
2 2 0.013864 0.025577 0.876522 0.048320 0.035717
2 2 0.012053 0.027708 0.907864 0.024231 0.028145
2 2 0.021165 0.040630 0.836219 0.053030 0.048955
2 2 0.013083 0.027461 0.896490 0.031410 0.031555
2 2 0.017148 0.041680 0.878044 0.026659 0.036468
2 2 0.009647 0.021500 0.922479 0.022552 0.023822
2 2 0.013322 0.035906 0.904712 0.017948 0.028113
2 2 0.005264 0.013131 0.956209 0.011771 0.013624
2 2 0.006898 0.016216 0.943238 0.016075 0.017573
2 2 0.009685 0.017405 0.904318 0.041554 0.027038
2 0 0.187677 0.235909 0.289900 0.097961 0.188553
