0 0 0.293107 0.153097 0.173685 0.138512 0.241598
0 0 0.293107 0.153097 0.173685 0.138512 0.241598
0 0 0.293107 0.153097 0.173685 0.138512 0.241598
0 0 0.293107 0.153097 0.173685 0.138512 0.241598
0 0 0.293107 0.153097 0.173685 0.138512 0.241598
0 0 0.293107 0.153097 0.173685 0.138512 0.241598
0 0 0.293107 0.153097 0.173685 0.138512 0.241598
0 0 0.293107 0.153097 0.173685 0.138512 0.241598
0 0 0.293107 0.153097 0.173685 0.138512 0.241598
0 0 0.293107 0.153097 0.173685 0.138512 0.241598
0 0 0.293107 0.153097 0.173685 0.138512 0.241598
0 0 0.293107 0.153097 0.173685 0.138512 0.241598
0 0 0.293107 0.153097 0.173685 0.138512 0.241598
0 0 0.293107 0.153097 0.173685 0.138512 0.241598
0 0 0.293107 0.153097 0.173685 0.138512 0.241598
0 0 0.293107 0.153097 0.173685 0.138512 0.241598
0 0 0.293107 0.153097 0.173685 0.138512 0.241598
0 0 0.293107 0.153097 0.173685 0.138512 0.241598
0 0 0.293107 0.153097 0.173685 0.138512 0.241598
0 0 0.293107 0.153097 0.173685 0.138512 0.241598
0 0 0.293107 0.153097 0.173685 0.138512 0.241598
0 0 0.293107 0.153097 0.173685 0.138512 0.241598
0 0 0.293107 0.153097 0.173685 0.138512 0.241598
0 0 0.293107 0.153097 0.173685 0.138512 0.241598
0 0 0.293107 0.153097 0.173685 0.138512 0.241598
0 0 0.293107 0.153097 0.173685 0.138512 0.241598
0 0 0.293107 0.153097 0.173685 0.138512 0.241598
0 0 0.293107 0.153097 0.173685 0.138512 0.241598
0 0 0.293107 0.153097 0.173685 0.138512 0.241598
0 0 0.293107 0.153097 0.173685 0.138512 0.241598
0 0 0.293107 0.153097 0.173685 0.138512 0.241598
0 0 0.293107 0.153097 0.173685 0.138512 0.241598
0 0 0.293107 0.153097 0.173685 0.138512 0.241598
0 0 0.293107 0.153097 0.173685 0.138512 0.241598
0 0 0.293107 0.153097 0.173685 0.138512 0.241598
0 0 0.293107 0.153097 0.173685 0.138512 0.241598
0 0 0.293107 0.153097 0.173685 0.138512 0.241598
0 0 0.293107 0.153097 0.173685 0.138512 0.241598
0 0 0.293107 0.153097 0.173685 0.138512 0.241598
0 0 0.293107 0.153097 0.173685 0.138512 0.241598
0 0 0.293107 0.153097 0.173685 0.138512 0.241598
0 0 0.293107 0.153097 0.173685 0.138512 0.241598
0 0 0.293107 0.153097 0.173685 0.138512 0.241598
0 0 0.293107 0.153097 0.173685 0.138512 0.241598
0 0 0.293107 0.153097 0.173685 0.138512 0.241598
0 0 0.293107 0.153097 0.173685 0.138512 0.241598
0 0 0.293107 0.153097 0.173685 0.138512 0.241598
0 0 0.293107 0.153097 0.173685 0.138512 0.241598
0 0 0.293107 0.153097 0.173685 0.138512 0.241598
0 0 0.293107 0.153097 0.173685 0.138512 0.241598
0 0 0.293107 0.153097 0.173685 0.138512 0.241598
0 0 0.293107 0.153097 0.173685 0.138512 0.241598
0 0 0.293107 0.153097 0.173685 0.138512 0.241598
0 0 0.293107 0.153097 0.173685 0.138512 0.241598
0 0 0.293107 0.153097 0.173685 0.138512 0.241598
0 0 0.293107 0.153097 0.173685 0.138512 0.241598
0 0 0.293107 0.153097 0.173685 0.138512 0.241598
0 0 0.293107 0.153097 0.173685 0.138512 0.241598
0 0 0.293107 0.153097 0.173685 0.138512 0.241598
0 0 0.293107 0.153097 0.173685 0.138512 0.241598
0 0 0.293107 0.153097 0.173685 0.138512 0.241598
0 0 0.293107 0.153097 0.173685 0.138512 0.241598
0 0 0.293107 0.153097 0.173685 0.138512 0.241598
0 0 0.293107 0.153097 0.173685 0.138512 0.241598
0 0 0.293107 0.153097 0.173685 0.138512 0.241598
0 0 0.293107 0.153097 0.173685 0.138512 0.241598
0 0 0.293107 0.153097 0.173685 0.138512 0.241598
0 0 0.293107 0.153097 0.173685 0.138512 0.241598
0 0 0.293107 0.153097 0.173685 0.138512 0.241598
0 0 0.293107 0.153097 0.173685 0.138512 0.241598
0 0 0.293107 0.153097 0.173685 0.138512 0.241598
0 0 0.293107 0.153097 0.173685 0.138512 0.241598
0 0 0.293107 0.153097 0.173685 0.138512 0.241598
0 0 0.293107 0.153097 0.173685 0.138512 0.241598
0 0 0.293107 0.153097 0.173685 0.138512 0.241598
0 0 0.293107 0.153097 0.173685 0.138512 0.241598
0 0 0.293107 0.153097 0.173685 0.138512 0.241598
0 0 0.293107 0.153097 0.173685 0.138512 0.241598
0 0 0.293107 0.153097 0.173685 0.138512 0.241598
0 0 0.293107 0.153097 0.173685 0.138512 0.241598
0 0 0.293107 0.153097 0.173685 0.138512 0.241598
0 0 0.293107 0.153097 0.173685 0.138512 0.241598
0 0 0.293107 0.153097 0.173685 0.138512 0.241598
0 0 0.293107 0.153097 0.173685 0.138512 0.241598
0 0 0.293107 0.153097 0.173685 0.138512 0.241598
0 0 0.293107 0.153097 0.173685 0.138512 0.241598
0 0 0.293107 0.153097 0.173685 0.138512 0.241598
0 0 0.293107 0.153097 0.173685 0.138512 0.241598
0 0 0.293107 0.153097 0.173685 0.138512 0.241598
0 0 0.293107 0.153097 0.173685 0.138512 0.241598
0 0 0.293107 0.153097 0.173685 0.138512 0.241598
0 0 0.293107 0.153097 0.173685 0.138512 0.241598
0 0 0.293107 0.153097 0.173685 0.138512 0.241598
0 0 0.293107 0.153097 0.173685 0.138512 0.241598
0 0 0.293107 0.153097 0.173685 0.138512 0.241598
0 0 0.293107 0.153097 0.173685 0.138512 0.241598
0 0 0.293107 0.153097 0.173685 0.138512 0.241598
0 0 0.293107 0.153097 0.173685 0.138512 0.241598
0 1 0.293107 0.153097 0.173685 0.138512 0.241598
0 1 0.293107 0.153097 0.173685 0.138512 0.241598
0 1 0.293107 0.153097 0.173685 0.138512 0.241598
0 1 0.293107 0.153097 0.173685 0.138512 0.241598
0 1 0.293107 0.153097 0.173685 0.138512 0.241598
0 1 0.293107 0.153097 0.173685 0.138512 0.241598
0 1 0.293107 0.153097 0.173685 0.138512 0.241598
0 1 0.293107 0.153097 0.173685 0.138512 0.241598
0 1 0.293107 0.153097 0.173685 0.138512 0.241598
0 1 0.293107 0.153097 0.173685 0.138512 0.241598
0 1 0.293107 0.153097 0.173685 0.138512 0.241598
0 1 0.293107 0.153097 0.173685 0.138512 0.241598
0 1 0.293107 0.153097 0.173685 0.138512 0.241598
0 1 0.293107 0.153097 0.173685 0.138512 0.241598
0 1 0.293107 0.153097 0.173685 0.138512 0.241598
0 2 0.293107 0.153097 0.173685 0.138512 0.241598
0 2 0.293107 0.153097 0.173685 0.138512 0.241598
0 2 0.289014 0.154395 0.175154 0.137781 0.243656
0 2 0.293107 0.153097 0.173685 0.138512 0.241598
0 2 0.293107 0.153097 0.173685 0.138512 0.241598
4 2 0.251848 0.166376 0.188697 0.130417 0.262662
0 2 0.293107 0.153097 0.173685 0.138512 0.241598
0 2 0.293107 0.153097 0.173685 0.138512 0.241598
0 2 0.293107 0.153097 0.173685 0.138512 0.241598
4 2 0.171495 0.193632 0.219468 0.109423 0.305982
0 1 0.293107 0.153097 0.173685 0.138512 0.241598
0 1 0.293107 0.153097 0.173685 0.138512 0.241598
0 2 0.293107 0.153097 0.173685 0.138512 0.241598
0 2 0.293107 0.153097 0.173685 0.138512 0.241598
0 2 0.293107 0.153097 0.173685 0.138512 0.241598
0 2 0.293107 0.153097 0.173685 0.138512 0.241598
4 2 0.167050 0.195204 0.221240 0.108022 0.308484
0 1 0.293107 0.153097 0.173685 0.138512 0.241598
0 2 0.293107 0.153097 0.173685 0.138512 0.241598
0 2 0.293107 0.153097 0.173685 0.138512 0.241598
0 2 0.272396 0.159709 0.181161 0.134651 0.252083
4 2 0.227122 0.174551 0.197933 0.124752 0.275642
0 2 0.268555 0.160947 0.182561 0.133891 0.254047
4 2 0.253469 0.165846 0.188098 0.130766 0.261821
4 2 0.252569 0.166140 0.188430 0.130572 0.262288
4 2 0.063700 0.234669 0.265604 0.064422 0.371605
0 2 0.293107 0.153097 0.173685 0.138512 0.241598
4 2 0.229378 0.173798 0.197082 0.125296 0.274446
4 2 0.101686 0.219359 0.248435 0.083489 0.347032
2 2 0.053787 0.214130 0.350036 0.060094 0.321953
4 2 0.048547 0.241212 0.272910 0.055164 0.382167
4 2 0.050390 0.240398 0.272003 0.056359 0.380850
2 2 0.048084 0.181176 0.462680 0.059251 0.248809
2 2 0.019899 0.144433 0.620277 0.036270 0.179121
2 2 0.015651 0.064253 0.825554 0.030368 0.064175
2 2 0.009228 0.050095 0.871767 0.021390 0.047520
2 2 0.019220 0.080411 0.779430 0.033736 0.087203
2 2 0.029529 0.114515 0.674503 0.044017 0.137437
2 2 0.019536 0.100454 0.730332 0.034567 0.115110
2 2 0.014795 0.051357 0.856582 0.029547 0.047718
2 2 0.010008 0.041800 0.887768 0.021395 0.039029
2 2 0.050892 0.135272 0.583744 0.062820 0.167271
2 2 0.017538 0.041590 0.868901 0.036212 0.035758
2 2 0.022792 0.062803 0.812787 0.041391 0.060227
0 1 0.293107 0.153097 0.173685 0.138512 0.241598
0 2 0.293107 0.153097 0.173685 0.138512 0.241598
2 2 0.040998 0.219202 0.371952 0.054975 0.312873
2 2 0.015252 0.057962 0.840466 0.029312 0.057007
2 2 0.052423 0.138224 0.571262 0.062124 0.175968
4 2 0.060402 0.236067 0.267166 0.062508 0.373857
2 2 0.040386 0.155079 0.544549 0.051716 0.208270
2 2 0.014382 0.054447 0.850294 0.028205 0.052672
2 2 0.032090 0.130294 0.633506 0.049237 0.154872
2 2 0.021196 0.042118 0.853919 0.048835 0.033932
2 2 0.014213 0.029998 0.886479 0.048909 0.020401
2 2 0.044923 0.065457 0.739451 0.095934 0.054235
2 3 0.015389 0.032787 0.808183 0.123523 0.020119
2 3 0.011968 0.029900 0.868446 0.072594 0.017092
2 3 0.023459 0.072589 0.785315 0.054970 0.063666
2 3 0.023043 0.034495 0.544826 0.372749 0.024887
2 3 0.011942 0.028075 0.863125 0.080077 0.016781
2 3 0.024675 0.044791 0.757244 0.142811 0.030479
2 3 0.027405 0.046901 0.731984 0.160727 0.032983
2 3 0.023474 0.040731 0.696485 0.211597 0.027713
2 3 0.029984 0.045512 0.589796 0.301820 0.032888
3 3 0.020591 0.024239 0.350091 0.585107 0.019973
3 3 0.015852 0.021956 0.451295 0.494168 0.016729
3 3 0.014812 0.011437 0.145975 0.815368 0.012408
3 3 0.010145 0.016078 0.419618 0.543361 0.010798
2 3 0.014922 0.023036 0.494022 0.451992 0.016029
2 3 0.061629 0.077637 0.498265 0.293323 0.069146
2 3 0.029769 0.035278 0.455365 0.449350 0.030238
3 3 0.013610 0.016551 0.280581 0.676198 0.013060
3 3 0.022037 0.026642 0.365550 0.564110 0.021661
3 3 0.018158 0.019289 0.262839 0.682863 0.016851
3 3 0.017874 0.019880 0.299124 0.646170 0.016952
3 3 0.009524 0.009812 0.191820 0.780173 0.008671
3 3 0.009271 0.015513 0.457956 0.507158 0.010103
2 3 0.028281 0.051839 0.805869 0.074496 0.039515
2 3 0.017562 0.025582 0.487749 0.450244 0.018862
2 3 0.008957 0.018676 0.613021 0.348636 0.010710
3 3 0.011280 0.017415 0.409362 0.550050 0.011893
3 3 0.011940 0.014523 0.263318 0.698792 0.011428
3 3 0.034918 0.040264 0.418821 0.471825 0.034172
3 3 0.021491 0.014489 0.138991 0.807350 0.017678
3 3 0.017827 0.021353 0.323902 0.619655 0.017264
3 3 0.038859 0.026700 0.182516 0.719498 0.032428
2 3 0.061662 0.059338 0.437139 0.381519 0.060342
2 2 0.036319 0.167119 0.538403 0.057644 0.200515
2 2 0.024459 0.055028 0.799004 0.081691 0.039818
2 2 0.021630 0.070680 0.798456 0.037688 0.071547
2 2 0.067441 0.161420 0.489104 0.076974 0.205061
2 2 0.012735 0.028283 0.906131 0.030641 0.022210
2 2 0.010428 0.036607 0.894018 0.029292 0.029654
2 2 0.009099 0.031262 0.910919 0.023340 0.025380
2 2 0.014221 0.031753 0.887389 0.044167 0.022469
2 2 0.018727 0.041212 0.847639 0.063752 0.028670
2 2 0.012949 0.027224 0.900412 0.040627 0.018788
2 2 0.043845 0.082685 0.698957 0.102875 0.071638
2 3 0.017335 0.029664 0.612236 0.320839 0.019927
2 3 0.014658 0.032054 0.825444 0.108237 0.019606
2 3 0.008255 0.017065 0.669731 0.294716 0.010233
2 3 0.010977 0.021283 0.672542 0.281928 0.013269
2 3 0.018808 0.030996 0.552273 0.377033 0.020889
3 3 0.013227 0.015051 0.255119 0.704207 0.012396
3 3 0.013555 0.017904 0.371882 0.582833 0.013826
3 3 0.011472 0.012830 0.226228 0.738785 0.010684
3 3 0.011413 0.009898 0.146651 0.822259 0.009780
3 3 0.010774 0.010518 0.193127 0.775929 0.009653
3 3 0.016279 0.015380 0.208236 0.745697 0.014407
3 3 0.020615 0.014773 0.146513 0.800924 0.017176
0 1 0.293107 0.153097 0.173685 0.138512 0.241598
0 1 0.293107 0.153097 0.173685 0.138512 0.241598
4 2 0.076396 0.229406 0.259710 0.071348 0.363139
4 2 0.080035 0.227928 0.258053 0.073220 0.360765
2 2 0.216858 0.141656 0.311732 0.129230 0.200524
2 2 0.068210 0.153114 0.507285 0.075080 0.196310
4 2 0.060094 0.236198 0.267312 0.062328 0.374068
2 2 0.057101 0.179637 0.452988 0.066597 0.243678
2 2 0.059048 0.086212 0.692544 0.066568 0.095627
4 2 0.058110 0.237046 0.268260 0.061148 0.375435
2 2 0.044269 0.131348 0.604211 0.056533 0.163639
2 2 0.025458 0.124007 0.656649 0.039586 0.154300
2 2 0.008500 0.046335 0.881330 0.019570 0.044265
2 2 0.014140 0.042535 0.876757 0.025302 0.041266
2 2 0.022283 0.106586 0.709087 0.037263 0.124781
2 2 0.004968 0.018879 0.945380 0.017364 0.013409
2 2 0.006626 0.026091 0.929353 0.015122 0.022807
2 2 0.007107 0.016781 0.944544 0.019402 0.012164
2 2 0.015407 0.082684 0.782572 0.029916 0.089420
2 2 0.005783 0.018950 0.936532 0.027012 0.011722
2 2 0.004887 0.019732 0.943846 0.017473 0.014062
2 2 0.017798 0.032583 0.887156 0.035325 0.027138
2 2 0.008131 0.032750 0.908923 0.024364 0.025832
2 2 0.004435 0.014074 0.942437 0.031572 0.007483
2 2 0.017860 0.102116 0.731981 0.034069 0.113974
2 2 0.008108 0.041658 0.892662 0.019003 0.038570
2 2 0.006607 0.019181 0.931112 0.031438 0.011661
2 2 0.012405 0.092063 0.769864 0.028004 0.097664
2 2 0.008986 0.047518 0.877284 0.023515 0.042697
2 2 0.013989 0.086651 0.776341 0.028347 0.094671
2 2 0.038089 0.203093 0.414134 0.050034 0.294651
4 2 0.047651 0.241610 0.273354 0.054575 0.382811
2 2 0.030834 0.208335 0.407824 0.043010 0.309997
4 2 0.033822 0.247948 0.280401 0.044719 0.393110
4 2 0.043896 0.229176 0.316473 0.051731 0.358723
4 2 0.030700 0.249443 0.282056 0.042250 0.395551
4 2 0.101710 0.219349 0.248424 0.083500 0.347017
4 2 0.028435 0.250545 0.283275 0.040388 0.397356
4 2 0.033582 0.248062 0.280527 0.044533 0.393296
4 2 0.037765 0.246098 0.278348 0.047693 0.390095
4 2 0.028120 0.250700 0.283446 0.040123 0.397610
4 2 0.025680 0.251910 0.284781 0.038032 0.399596
4 2 0.039050 0.245503 0.277687 0.048632 0.389127
4 2 0.040386 0.244889 0.277004 0.049592 0.388129
4 2 0.036375 0.246746 0.279068 0.046661 0.391150
4 2 0.045054 0.242770 0.274647 0.052838 0.384691
4 2 0.050975 0.240141 0.271716 0.056734 0.380434
4 2 0.059039 0.236648 0.267816 0.061702 0.374794
4 2 0.048415 0.241270 0.272976 0.055077 0.382262
4 2 0.085923 0.225560 0.255398 0.076152 0.356967
4 2 0.030866 0.249362 0.281967 0.042384 0.395420
4 2 0.040348 0.244906 0.277023 0.049565 0.388157
4 2 0.041748 0.244266 0.276311 0.050557 0.387117
4 2 0.093027 0.222742 0.252235 0.079546 0.352450
4 2 0.098463 0.220612 0.249842 0.082045 0.349038
0 2 0.283997 0.155992 0.176959 0.136863 0.246189
4 2 0.226261 0.174839 0.198258 0.124543 0.276099
4 2 0.062149 0.235325 0.266337 0.063528 0.372661
4 2 0.043334 0.243546 0.275510 0.051662 0.385948
4 2 0.038436 0.245787 0.278003 0.048185 0.389590
2 2 0.074550 0.208748 0.325334 0.070521 0.320847
4 2 0.063608 0.234708 0.265647 0.064369 0.371668
4 2 0.033260 0.248215 0.280697 0.044282 0.393545
4 2 0.032187 0.248727 0.281264 0.043439 0.394382
4 2 0.034120 0.247807 0.280244 0.044949 0.392879
2 2 0.018291 0.099705 0.735902 0.033888 0.112215
4 2 0.047105 0.236517 0.287173 0.053617 0.375589
2 2 0.012072 0.077066 0.800227 0.023830 0.086806
2 2 0.019515 0.119259 0.685058 0.035556 0.140612
2 2 0.018560 0.090992 0.754355 0.032556 0.103536
2 2 0.012340 0.061329 0.838676 0.025166 0.062489
2 2 0.019536 0.083496 0.769930 0.032875 0.094163
2 2 0.010613 0.065498 0.832116 0.022412 0.069361
2 2 0.032758 0.153811 0.562078 0.045643 0.205710
2 2 0.015510 0.064760 0.822855 0.027894 0.068981
2 2 0.018295 0.077816 0.786568 0.031771 0.085550
2 2 0.015917 0.089626 0.765169 0.030850 0.098438
2 2 0.050747 0.117047 0.628793 0.060118 0.143296
2 2 0.007863 0.035088 0.904970 0.023646 0.028433
2 2 0.025785 0.102989 0.712198 0.041551 0.117477
2 2 0.024900 0.093086 0.740933 0.043766 0.097315
2 2 0.026992 0.102193 0.713805 0.044654 0.112356
2 2 0.027171 0.113307 0.688348 0.046667 0.124508
2 2 0.028030 0.139152 0.621801 0.047006 0.164012
2 2 0.028995 0.049455 0.761804 0.123902 0.035843
2 2 0.107728 0.105137 0.560086 0.114086 0.112963
2 2 0.031452 0.053886 0.767276 0.108115 0.039271
2 2 0.029069 0.053605 0.772821 0.107903 0.036602
2 2 0.066099 0.087102 0.617014 0.156685 0.073100
2 2 0.031175 0.042777 0.605201 0.286792 0.034055
2 2 0.032014 0.045624 0.579841 0.307555 0.034967
3 2 0.015124 0.021590 0.453746 0.493601 0.015939
3 3 0.016571 0.022851 0.395897 0.547779 0.016902
2 3 0.017409 0.026527 0.486914 0.450504 0.018646
3 3 0.097889 0.068644 0.267774 0.482524 0.083170
3 3 0.014482 0.015714 0.248767 0.707622 0.013414
3 3 0.040758 0.034816 0.253918 0.635046 0.035462
3 3 0.016817 0.015125 0.183272 0.770178 0.014609
2 3 0.013254 0.021077 0.495779 0.455420 0.014470
3 3 0.021029 0.017098 0.183628 0.760253 0.017992
3 3 0.011809 0.016661 0.374946 0.584428 0.012157
3 3 0.019754 0.020287 0.259004 0.682890 0.018065
3 3 0.015139 0.013244 0.182098 0.776308 0.013211
3 3 0.034352 0.021197 0.160247 0.756389 0.027815
3 3 0.023980 0.030865 0.459093 0.461345 0.024717
3 3 0.028712 0.021594 0.187491 0.738005 0.024198
3 3 0.065998 0.058632 0.340150 0.475017 0.060203
3 3 0.025731 0.021472 0.209540 0.720914 0.022344
3 3 0.013895 0.012439 0.168660 0.792994 0.012012
3 3 0.018886 0.018092 0.237962 0.708021 0.017038
3 3 0.025748 0.019373 0.175940 0.757238 0.021701
3 3 0.026971 0.022889 0.218707 0.707856 0.023576
3 3 0.022177 0.020140 0.239139 0.698717 0.019826
3 3 0.021965 0.025914 0.381177 0.549230 0.021714
3 3 0.021948 0.020394 0.220372 0.717960 0.019327
3 3 0.012363 0.011139 0.164663 0.801087 0.010748
3 3 0.018266 0.011667 0.123542 0.831744 0.014781
3 3 0.016514 0.017893 0.271491 0.678478 0.015623
3 3 0.051840 0.033847 0.221597 0.649158 0.043559
2 3 0.008890 0.020985 0.761492 0.197019 0.011614
2 3 0.013271 0.026008 0.647309 0.297634 0.015778
3 3 0.030979 0.035629 0.370218 0.533390 0.029783
3 3 0.011077 0.017381 0.437403 0.522292 0.011847
3 3 0.011401 0.019264 0.472744 0.484133 0.012458
3 3 0.018528 0.021182 0.341358 0.600755 0.018177
3 3 0.015787 0.019705 0.367519 0.581212 0.015776
3 3 0.014771 0.016228 0.255726 0.699492 0.013783
3 3 0.022864 0.018657 0.187786 0.751159 0.019534
3 3 0.018753 0.015910 0.183756 0.765362 0.016218
3 3 0.040251 0.026913 0.179582 0.719847 0.033407
3 3 0.018728 0.012911 0.134720 0.818201 0.015440
3 3 0.015764 0.012662 0.152355 0.805843 0.013376
3 3 0.014725 0.012442 0.157146 0.803070 0.012617
3 3 0.014172 0.009057 0.110774 0.854583 0.011415
3 3 0.016645 0.012137 0.139728 0.817656 0.013835
3 3 0.028862 0.018191 0.149381 0.780108 0.023458
3 3 0.012761 0.009066 0.118795 0.848867 0.010511
3 3 0.021632 0.017841 0.186067 0.755956 0.018504
3 3 0.017571 0.011666 0.127837 0.828603 0.014323
3 3 0.026771 0.019066 0.166506 0.765332 0.022325
3 3 0.023983 0.015227 0.138230 0.803086 0.019474
3 3 0.013845 0.008644 0.107840 0.858593 0.011078
3 3 0.018388 0.015636 0.195339 0.754651 0.015986
3 3 0.019500 0.012301 0.126095 0.826359 0.015745
3 3 0.014453 0.011302 0.141315 0.820750 0.012180
3 3 0.011829 0.008275 0.111386 0.858801 0.009708
3 3 0.022853 0.012530 0.124706 0.822117 0.017794
3 3 0.016453 0.012646 0.146379 0.810677 0.013845
3 3 0.011282 0.006835 0.096650 0.876313 0.008919
3 3 0.015184 0.012758 0.162519 0.796570 0.012968
3 3 0.015985 0.010234 0.116602 0.844265 0.012914
3 3 0.011945 0.009172 0.127606 0.841289 0.009988
3 3 0.012959 0.007846 0.102851 0.866075 0.010269
3 3 0.015161 0.010252 0.124673 0.837559 0.012354
3 3 0.031149 0.020494 0.162612 0.760162 0.025584
3 3 0.014781 0.009842 0.117268 0.846074 0.012035
3 3 0.016126 0.010652 0.123418 0.836706 0.013099
3 3 0.013580 0.010248 0.134306 0.830544 0.011322
3 3 0.016103 0.010591 0.118792 0.841406 0.013109
3 3 0.012348 0.008248 0.107529 0.861837 0.010038
3 3 0.017353 0.013212 0.152023 0.802862 0.014550
3 3 0.014211 0.009780 0.121762 0.842618 0.011629
3 3 0.011548 0.007265 0.099833 0.872126 0.009230
3 3 0.014963 0.010298 0.126580 0.835922 0.012237
3 3 0.013240 0.007883 0.102839 0.865593 0.010446
3 3 0.016002 0.010317 0.117122 0.843607 0.012953
3 3 0.023681 0.017718 0.169056 0.769644 0.019901
3 3 0.016651 0.011361 0.126447 0.831874 0.013667
3 3 0.017000 0.010331 0.116284 0.842834 0.013550
3 3 0.019843 0.011920 0.123575 0.828853 0.015809
3 3 0.018674 0.014341 0.154851 0.796391 0.015743
3 3 0.016419 0.011019 0.125633 0.833529 0.013400
3 3 0.012420 0.007966 0.104328 0.865292 0.009993
3 3 0.016886 0.010738 0.118984 0.839762 0.013629
3 3 0.028521 0.017265 0.144685 0.786602 0.022926
3 3 0.020892 0.016468 0.169085 0.775822 0.017733
3 3 0.014694 0.014122 0.237911 0.719755 0.013518
3 3 0.016929 0.010705 0.118732 0.839992 0.013643
3 3 0.025936 0.020477 0.184896 0.746577 0.022114
3 3 0.012033 0.007553 0.101577 0.869219 0.009618
3 3 0.019957 0.011119 0.118693 0.834661 0.015571
3 3 0.016620 0.010356 0.116793 0.842896 0.013335
3 3 0.019849 0.012551 0.127233 0.824325 0.016042
3 3 0.013810 0.008393 0.106050 0.860781 0.010966
3 3 0.015801 0.013822 0.170926 0.785809 0.013642
3 3 0.012845 0.011847 0.183625 0.780375 0.011308
3 3 0.011739 0.006929 0.096918 0.875195 0.009220
3 3 0.019044 0.012099 0.125314 0.828142 0.015401
3 3 0.031005 0.021162 0.166733 0.755391 0.025709
3 3 0.039193 0.022545 0.159830 0.747184 0.031247
3 3 0.017691 0.010480 0.116618 0.841200 0.014011
3 3 0.014731 0.009814 0.115060 0.848380 0.012016
3 3 0.032665 0.026550 0.243459 0.668508 0.028818
2 1 0.091575 0.099102 0.512051 0.204187 0.093085
2 1 0.075745 0.115699 0.587766 0.093229 0.127560
2 2 0.033938 0.091620 0.726186 0.055011 0.093245
2 2 0.020055 0.074450 0.793273 0.036492 0.075729
2 2 0.037599 0.116828 0.655755 0.053011 0.136807
2 2 0.009235 0.032408 0.904600 0.029510 0.024246
2 2 0.024469 0.064747 0.802506 0.049436 0.058843
2 2 0.006728 0.026318 0.916026 0.034146 0.016782
2 2 0.010332 0.029518 0.911918 0.023583 0.024649
2 2 0.008922 0.027873 0.898528 0.048067 0.016611
2 2 0.014341 0.057879 0.842109 0.030974 0.054697
2 2 0.032723 0.097770 0.712741 0.049475 0.107291
2 2 0.012066 0.038093 0.877662 0.045376 0.026802
2 2 0.024912 0.087993 0.751431 0.041694 0.093971
0 1 0.246558 0.160481 0.217634 0.138849 0.236479
2 2 0.013885 0.045511 0.867374 0.035028 0.038203
2 2 0.013935 0.030606 0.880957 0.054617 0.019885
2 2 0.014512 0.077672 0.796526 0.028850 0.082439
2 2 0.005060 0.014864 0.943837 0.027970 0.008269
2 2 0.021684 0.117221 0.679869 0.035046 0.146179
2 2 0.008347 0.027932 0.915706 0.027461 0.020554
2 2 0.013653 0.063613 0.830810 0.027172 0.064753
4 2 0.038756 0.223910 0.335593 0.046786 0.354956
4 2 0.030758 0.249415 0.282025 0.042297 0.395505
4 2 0.038409 0.245800 0.278016 0.048165 0.389610
4 2 0.040124 0.245009 0.277138 0.049405 0.388324
4 2 0.037175 0.246372 0.278653 0.047258 0.390542
4 2 0.037015 0.246447 0.278736 0.047139 0.390664
4 2 0.064171 0.234471 0.265382 0.064691 0.371286
4 2 0.027627 0.250943 0.283714 0.039708 0.398008
4 2 0.047943 0.241480 0.273209 0.054767 0.382601
4 2 0.029504 0.250023 0.282698 0.041275 0.396501
4 4 0.032674 0.248495 0.281007 0.043823 0.394002
4 4 0.065065 0.234095 0.264961 0.065199 0.370680
4 4 0.165545 0.195738 0.221842 0.107541 0.309334
4 4 0.159257 0.197978 0.224368 0.105495 0.312902
4 4 0.105827 0.217759 0.246637 0.085305 0.344472
4 4 0.073728 0.230498 0.260934 0.069946 0.364894
4 4 0.045387 0.242620 0.274480 0.053064 0.384448
4 4 0.048198 0.241366 0.273083 0.054936 0.382417
4 4 0.126595 0.209895 0.237791 0.093813 0.331906
4 4 0.120417 0.212208 0.240395 0.091380 0.335600
4 4 0.161582 0.197148 0.223432 0.106258 0.311580
4 4 0.054437 0.238630 0.270029 0.058911 0.377992
4 4 0.049689 0.240707 0.272347 0.055907 0.381349
2 4 0.240351 0.147986 0.261981 0.137175 0.212508
4 4 0.108948 0.216561 0.245290 0.086645 0.342556
4 4 0.133304 0.207406 0.234989 0.096369 0.327933
0 4 0.293107 0.153097 0.173685 0.138512 0.241598
0 1 0.293107 0.153097 0.173685 0.138512 0.241598
4 1 0.189548 0.187325 0.212354 0.114827 0.295946
4 1 0.050676 0.240272 0.271863 0.056542 0.380647
4 1 0.030689 0.249448 0.282062 0.042241 0.395560
4 1 0.036410 0.246730 0.279049 0.046688 0.391123
4 1 0.056257 0.237842 0.269150 0.060029 0.376721
4 2 0.034694 0.247536 0.279944 0.045389 0.392437
4 2 0.033994 0.247867 0.280311 0.044851 0.392977
4 2 0.067966 0.232882 0.263603 0.066823 0.368727
4 2 0.051488 0.239916 0.271465 0.057061 0.380070
4 2 0.035257 0.247271 0.279649 0.045819 0.392005
4 2 0.030954 0.235935 0.315672 0.041317 0.376122
2 2 0.023841 0.201079 0.445638 0.037463 0.291978
2 2 0.009400 0.084013 0.794146 0.022618 0.089823
2 2 0.005398 0.045651 0.890051 0.014379 0.044521
2 2 0.028764 0.124805 0.646927 0.041954 0.157550
2 2 0.025844 0.140534 0.612520 0.040075 0.181027
2 2 0.013842 0.064637 0.826531 0.025890 0.069100
2 2 0.022018 0.082603 0.767864 0.036038 0.091477
2 2 0.013829 0.061319 0.834197 0.025615 0.065040
2 2 0.010677 0.048612 0.870299 0.021331 0.049080
2 2 0.015189 0.062699 0.828107 0.027185 0.066820
2 2 0.038834 0.204031 0.406570 0.049654 0.300911
2 2 0.020981 0.108075 0.705769 0.034726 0.130449
2 2 0.049983 0.208753 0.371632 0.057297 0.312336
2 2 0.010806 0.075417 0.809379 0.023536 0.080863
2 2 0.021507 0.081675 0.770935 0.035317 0.090566
2 2 0.026378 0.126452 0.648508 0.040469 0.158193
2 2 0.045381 0.168111 0.505849 0.058393 0.222265
2 2 0.052605 0.163595 0.500249 0.060912 0.222640
2 2 0.041833 0.123066 0.631555 0.055954 0.147592
2 2 0.034595 0.113275 0.668639 0.048872 0.134620
2 2 0.045931 0.123900 0.620370 0.057550 0.152249
2 2 0.055652 0.139064 0.564434 0.065243 0.175607
2 2 0.040410 0.130138 0.613424 0.052868 0.163161
2 2 0.059266 0.106538 0.642382 0.068448 0.123366
2 2 0.113961 0.136380 0.475672 0.095601 0.178386
2 2 0.013872 0.067593 0.820991 0.027392 0.070151
2 2 0.051186 0.082495 0.715058 0.061609 0.089652
4 1 0.175398 0.192259 0.217919 0.110629 0.303795
2 2 0.015540 0.070645 0.809403 0.028593 0.075819
2 2 0.023207 0.077182 0.778545 0.037084 0.083982
2 2 0.010300 0.042400 0.885534 0.021256 0.040510
2 2 0.017969 0.053238 0.845151 0.031566 0.052076
2 2 0.016092 0.067425 0.817200 0.030775 0.068509
0 1 0.264675 0.162201 0.183978 0.133109 0.256037
2 2 0.016379 0.056184 0.841017 0.028437 0.057984
2 2 0.013255 0.035716 0.893769 0.023726 0.033534
2 2 0.016848 0.070361 0.807790 0.030524 0.074478
2 2 0.051347 0.117123 0.628436 0.061613 0.141481
2 2 0.008045 0.021296 0.928106 0.028228 0.014325
0 2 0.293107 0.153097 0.173685 0.138512 0.241598
0 2 0.293107 0.153097 0.173685 0.138512 0.241598
0 2 0.293107 0.153097 0.173685 0.138512 0.241598
0 2 0.293107 0.153097 0.173685 0.138512 0.241598
0 2 0.293107 0.153097 0.173685 0.138512 0.241598
0 2 0.293107 0.153097 0.173685 0.138512 0.241598
0 2 0.293107 0.153097 0.173685 0.138512 0.241598
0 2 0.293107 0.153097 0.173685 0.138512 0.241598
0 2 0.293107 0.153097 0.173685 0.138512 0.241598
0 2 0.293107 0.153097 0.173685 0.138512 0.241598
0 2 0.293107 0.153097 0.173685 0.138512 0.241598
0 1 0.293107 0.153097 0.173685 0.138512 0.241598
0 1 0.293107 0.153097 0.173685 0.138512 0.241598
0 2 0.293107 0.153097 0.173685 0.138512 0.241598
0 2 0.293107 0.153097 0.173685 0.138512 0.241598
0 2 0.293107 0.153097 0.173685 0.138512 0.241598
0 2 0.293107 0.153097 0.173685 0.138512 0.241598
0 2 0.293107 0.153097 0.173685 0.138512 0.241598
0 2 0.293107 0.153097 0.173685 0.138512 0.241598
0 2 0.293107 0.153097 0.173685 0.138512 0.241598
0 2 0.293107 0.153097 0.173685 0.138512 0.241598
0 2 0.293107 0.153097 0.173685 0.138512 0.241598
0 2 0.293107 0.153097 0.173685 0.138512 0.241598
0 2 0.293107 0.153097 0.173685 0.138512 0.241598
0 2 0.293107 0.153097 0.173685 0.138512 0.241598
0 2 0.293107 0.153097 0.173685 0.138512 0.241598
2 2 0.155598 0.180583 0.287130 0.109431 0.267257
2 2 0.040849 0.152684 0.554544 0.054269 0.197654
2 2 0.053298 0.184451 0.440337 0.061184 0.260729
2 2 0.029058 0.135597 0.621191 0.043854 0.170300
2 2 0.023963 0.078747 0.771435 0.035701 0.090154
2 2 0.016183 0.107249 0.719104 0.030234 0.127230
2 2 0.008918 0.025142 0.918842 0.029036 0.018062
2 2 0.043247 0.199110 0.406025 0.050955 0.300662
2 2 0.023309 0.103465 0.714924 0.038333 0.119969
2 2 0.004853 0.025280 0.933878 0.016371 0.019618
2 2 0.009018 0.024563 0.927138 0.017594 0.021687
2 2 0.008698 0.025687 0.921178 0.024912 0.019526
2 2 0.009106 0.032418 0.909926 0.019257 0.029292
2 2 0.011458 0.022898 0.920121 0.028034 0.017489
2 2 0.008609 0.035063 0.905133 0.017779 0.033415
2 2 0.010108 0.029449 0.914163 0.019439 0.026841
2 2 0.017145 0.053758 0.845050 0.029117 0.054930
2 2 0.009711 0.025877 0.917790 0.026599 0.020023
2 2 0.007090 0.031141 0.916555 0.018323 0.026891
2 2 0.009290 0.029363 0.914131 0.022344 0.024870
2 2 0.013187 0.023839 0.918323 0.024715 0.019936
2 2 0.019214 0.067754 0.809461 0.033686 0.069885
2 2 0.004581 0.012557 0.956033 0.018944 0.007884
2 2 0.007526 0.019771 0.937578 0.020064 0.015061
2 2 0.011965 0.040482 0.883933 0.027915 0.035705
2 2 0.009867 0.031325 0.909612 0.022328 0.026869
2 2 0.004935 0.014547 0.949184 0.022379 0.008954
2 2 0.007508 0.020063 0.937279 0.019796 0.015353
2 2 0.005684 0.018139 0.943699 0.019781 0.012696
2 2 0.009001 0.022166 0.915927 0.039217 0.013690
2 2 0.006630 0.021472 0.935624 0.020175 0.016099
2 2 0.003430 0.010434 0.962998 0.017025 0.006113
2 2 0.006956 0.022946 0.926834 0.027477 0.015786
2 2 0.005488 0.021717 0.937928 0.018923 0.015944
2 2 0.012003 0.027921 0.903316 0.036371 0.020389
2 2 0.004624 0.017897 0.941117 0.025634 0.010728
2 2 0.005121 0.014654 0.945467 0.026281 0.008477
2 2 0.011229 0.030230 0.909728 0.021878 0.026934
2 2 0.021225 0.056915 0.824618 0.046295 0.050947
2 2 0.004180 0.011918 0.957936 0.018711 0.007256
2 2 0.006161 0.016403 0.939495 0.027881 0.010060
2 2 0.003971 0.012464 0.957306 0.018722 0.007536
2 2 0.006694 0.024473 0.918614 0.035188 0.015030
2 2 0.006588 0.017366 0.935892 0.029644 0.010510
2 2 0.006435 0.021562 0.934031 0.022748 0.015224
2 2 0.006180 0.016465 0.944001 0.022276 0.011079
2 2 0.004857 0.015326 0.932407 0.039518 0.007891
2 2 0.011647 0.028683 0.907146 0.029845 0.022679
2 2 0.009376 0.028056 0.904859 0.039184 0.018526
2 2 0.003453 0.011941 0.915271 0.063819 0.005515
2 2 0.005473 0.016778 0.931275 0.037656 0.008819
2 2 0.008047 0.020851 0.919850 0.038900 0.012353
2 2 0.009596 0.023813 0.906917 0.045221 0.014452
2 2 0.009431 0.022490 0.915501 0.038156 0.014423
2 2 0.003386 0.012062 0.935207 0.043729 0.005616
2 2 0.008163 0.021478 0.915292 0.042519 0.012549
2 2 0.014973 0.030005 0.888862 0.044546 0.021613
2 2 0.008880 0.022313 0.810780 0.145954 0.012073
2 2 0.004265 0.014188 0.913939 0.060885 0.006724
2 2 0.002264 0.009233 0.960348 0.024076 0.004079
4 1 0.174468 0.186357 0.245725 0.119808 0.273642
2 2 0.011182 0.023387 0.916401 0.031935 0.017095
2 2 0.008852 0.019475 0.932456 0.025395 0.013821
2 2 0.003796 0.010862 0.962654 0.016027 0.006661
2 2 0.005556 0.018706 0.943365 0.019112 0.013261
2 2 0.004029 0.014851 0.951425 0.020802 0.008894
2 2 0.008087 0.021230 0.917393 0.040962 0.012328
2 2 0.003554 0.010876 0.961096 0.018244 0.006229
2 2 0.003565 0.010620 0.962886 0.016655 0.006274
2 2 0.012568 0.034635 0.887606 0.039217 0.025973
4 1 0.219557 0.176683 0.202592 0.123644 0.277524
2 2 0.002864 0.010869 0.962172 0.018179 0.005916
2 2 0.005177 0.015171 0.941801 0.029305 0.008545
2 2 0.008045 0.019589 0.928267 0.031456 0.012643
2 2 0.003302 0.010423 0.962348 0.018084 0.005844
2 2 0.005268 0.017057 0.945180 0.021191 0.011305
2 2 0.002475 0.008709 0.967723 0.016562 0.004531
0 1 0.270628 0.160278 0.181805 0.134303 0.252986
2 2 0.009874 0.033062 0.903240 0.026992 0.026832
2 2 0.004212 0.018409 0.944899 0.020705 0.011776
2 2 0.004323 0.012635 0.954204 0.021461 0.007377
2 2 0.004545 0.012736 0.954939 0.020039 0.007741
2 2 0.003064 0.010295 0.961197 0.020002 0.005442
2 2 0.002754 0.009935 0.960672 0.021700 0.004939
2 2 0.033654 0.197909 0.445835 0.048877 0.273725
2 2 0.017551 0.088968 0.761443 0.031460 0.100578
2 2 0.008124 0.042406 0.890140 0.020204 0.039127
2 2 0.019314 0.152706 0.591807 0.033306 0.202867
2 2 0.019825 0.118330 0.682761 0.034057 0.145027
4 2 0.024426 0.252541 0.285477 0.036923 0.400634
4 2 0.029576 0.242945 0.300360 0.040754 0.386365
4 1 0.182464 0.189786 0.215130 0.112759 0.299860
4 2 0.027717 0.250899 0.283666 0.039784 0.397936
4 2 0.031850 0.248889 0.281443 0.043172 0.394646
4 2 0.032112 0.248763 0.281304 0.043380 0.394441
2 2 0.032118 0.212378 0.375089 0.040417 0.339998
4 4 0.032442 0.235261 0.314811 0.042472 0.375014
4 4 0.036653 0.244471 0.284329 0.046667 0.387881
4 4 0.038518 0.220717 0.343025 0.046060 0.351679
4 4 0.070974 0.214585 0.306269 0.065945 0.342227
4 4 0.045365 0.242630 0.274491 0.053049 0.384464
4 4 0.111222 0.215692 0.244312 0.087608 0.341166
4 4 0.142691 0.203960 0.231109 0.099803 0.322436
4 4 0.050869 0.240187 0.271768 0.056666 0.380509
4 4 0.095686 0.215683 0.266738 0.079682 0.342212
4 4 0.041549 0.240257 0.286783 0.049996 0.381415
4 4 0.028632 0.226023 0.344901 0.038573 0.361871
4 4 0.031623 0.242822 0.297102 0.042460 0.385993
2 4 0.026645 0.220731 0.367927 0.037436 0.347260
4 4 0.061280 0.235693 0.266749 0.063023 0.373255
4 4 0.051179 0.240051 0.271616 0.056864 0.380289
4 4 0.057286 0.221745 0.308794 0.058652 0.353523
2 4 0.037240 0.199050 0.415821 0.046333 0.301556
4 4 0.094501 0.222162 0.251584 0.080232 0.351521
4 4 0.070957 0.231640 0.262213 0.068461 0.366729
4 4 0.065163 0.234054 0.264915 0.065254 0.370614
4 4 0.039526 0.245284 0.277443 0.048976 0.388771
4 4 0.067396 0.233119 0.263869 0.066507 0.369109
4 4 0.044700 0.242929 0.274824 0.052598 0.384949
4 4 0.045967 0.242361 0.274191 0.053454 0.384028
4 4 0.062222 0.235294 0.266302 0.063571 0.372611
4 4 0.063185 0.234887 0.265847 0.064126 0.371955
4 4 0.086128 0.225478 0.255306 0.076253 0.356835
4 4 0.042694 0.243836 0.275833 0.051218 0.386419
4 4 0.035758 0.241898 0.292342 0.045719 0.384283
4 4 0.033160 0.248263 0.280750 0.044204 0.393623
4 4 0.050320 0.240429 0.272037 0.056314 0.380900
4 4 0.033193 0.241245 0.298372 0.043608 0.383581
4 4 0.158016 0.197702 0.226797 0.104893 0.312592
4 1 0.099093 0.220366 0.249566 0.082329 0.348645
4 1 0.038189 0.229677 0.319273 0.046422 0.366439
2 2 0.022329 0.178916 0.511124 0.035873 0.251757
4 2 0.036333 0.223908 0.337119 0.044468 0.358171
4 2 0.026720 0.242810 0.305750 0.038272 0.386448
4 4 0.083941 0.226354 0.256288 0.075178 0.358240
4 4 0.056540 0.237721 0.269014 0.060201 0.376525
4 4 0.048751 0.227814 0.306734 0.053773 0.362928
4 4 0.037455 0.238556 0.297929 0.046726 0.379333
4 4 0.031460 0.241831 0.299885 0.042239 0.384584
4 4 0.048538 0.241216 0.272915 0.055158 0.382173
4 4 0.038301 0.225342 0.330160 0.046080 0.360117
4 4 0.038255 0.221691 0.339586 0.045686 0.354782
4 4 0.040103 0.243611 0.280702 0.049249 0.386335
4 4 0.056847 0.237588 0.268866 0.060387 0.376311
4 4 0.075447 0.229794 0.260145 0.070853 0.363762
4 4 0.045168 0.242719 0.274589 0.052916 0.384608
4 4 0.111794 0.215474 0.244067 0.087848 0.340818
4 4 0.081070 0.227509 0.257584 0.073744 0.360093
2 4 0.028616 0.165938 0.537618 0.042413 0.225416
4 4 0.038087 0.244841 0.280975 0.047822 0.388274
4 4 0.080475 0.227749 0.257853 0.073443 0.360479
4 4 0.069476 0.232253 0.262900 0.067654 0.367716
4 4 0.038949 0.245550 0.277739 0.048558 0.389204
2 4 0.029630 0.208567 0.396309 0.039410 0.326083
4 4 0.045363 0.242406 0.275064 0.053022 0.384145
4 4 0.032752 0.228289 0.332005 0.042103 0.364851
2 4 0.024913 0.224024 0.364453 0.036441 0.350168
4 4 0.082289 0.202613 0.320671 0.070338 0.324090
4 1 0.099777 0.220100 0.249267 0.082637 0.348218
4 1 0.024417 0.230859 0.340080 0.035330 0.369314
2 2 0.020209 0.150299 0.598765 0.034885 0.195841
2 2 0.013782 0.123631 0.682078 0.027393 0.153116
2 2 0.014652 0.112376 0.710123 0.028756 0.134093
2 2 0.027904 0.225571 0.364440 0.040816 0.341270
2 2 0.038303 0.209964 0.371002 0.044825 0.335907
2 2 0.031472 0.218995 0.360495 0.040720 0.348319
4 2 0.053892 0.238866 0.270294 0.058573 0.378374
2 2 0.034771 0.196289 0.425216 0.043711 0.300013
2 2 0.020786 0.196119 0.460339 0.033463 0.289294
2 2 0.176153 0.164521 0.297125 0.107511 0.254689
4 1 0.129401 0.208851 0.236616 0.094892 0.330239
2 1 0.026225 0.180117 0.497250 0.038842 0.257567
2 2 0.020089 0.142080 0.617133 0.033558 0.187140
2 2 0.021609 0.112574 0.693682 0.035732 0.136403
2 2 0.036124 0.210439 0.382431 0.045153 0.325853
2 2 0.022822 0.139780 0.617652 0.036174 0.183571
2 2 0.019378 0.094513 0.743964 0.033447 0.108698
