0 0 0.377378 0.243065 0.119365 0.085366 0.174826
0 0 0.769833 0.075954 0.110513 0.014969 0.028732
0 0 0.770184 0.078288 0.107130 0.015139 0.029260
0 0 0.828436 0.061798 0.082019 0.009074 0.018674
0 0 0.868771 0.037614 0.078625 0.004876 0.010114
0 0 0.877994 0.035174 0.073549 0.004279 0.009003
0 0 0.838607 0.047551 0.091966 0.007278 0.014598
0 0 0.766067 0.074499 0.115436 0.015170 0.028827
0 0 0.677535 0.108907 0.133841 0.028289 0.051428
0 0 0.518077 0.131173 0.220233 0.049418 0.081099
2 0 0.288361 0.198066 0.319795 0.074181 0.119596
0 0 0.718223 0.076571 0.149990 0.019845 0.035371
0 0 0.697379 0.072486 0.172634 0.021128 0.036372
0 0 0.633241 0.119965 0.147730 0.035869 0.063196
0 0 0.820069 0.061654 0.089060 0.009674 0.019543
0 0 0.662100 0.134295 0.112174 0.030763 0.060668
0 0 0.817744 0.071656 0.078376 0.010470 0.021754
0 0 0.704030 0.148805 0.070544 0.024770 0.051851
0 0 0.705885 0.128623 0.090587 0.025086 0.049819
0 0 0.466240 0.242433 0.101130 0.050593 0.139603
0 0 0.354130 0.284135 0.106914 0.051406 0.203414
0 0 0.493194 0.214365 0.118246 0.047339 0.126856
0 0 0.625582 0.151911 0.119552 0.028615 0.074341
0 0 0.629419 0.184132 0.082128 0.028153 0.076167
0 0 0.722084 0.098613 0.119491 0.018113 0.041698
1 0 0.246263 0.320278 0.100328 0.050588 0.282544
0 0 0.727864 0.102568 0.107020 0.021399 0.041149
0 0 0.526627 0.178770 0.140657 0.045618 0.108329
1 0 0.221388 0.310223 0.108780 0.055814 0.303795
4 0 0.102652 0.310849 0.094152 0.037045 0.455303
0 0 0.311450 0.282060 0.118822 0.056960 0.230709
4 0 0.189033 0.334710 0.094687 0.042302 0.339268
0 0 0.431300 0.216366 0.143825 0.054606 0.153903
0 0 0.547285 0.173217 0.143920 0.032820 0.102758
4 0 0.124630 0.297894 0.110204 0.049587 0.417685
0 0 0.447789 0.259877 0.098604 0.041423 0.152308
1 1 0.212111 0.319206 0.103711 0.050827 0.314144
4 1 0.104434 0.292813 0.106861 0.045770 0.450124
4 2 0.080427 0.246304 0.129429 0.061215 0.482626
4 2 0.049329 0.272126 0.080541 0.026581 0.571423
4 2 0.074916 0.261373 0.154518 0.060895 0.448297
2 2 0.063485 0.138630 0.608312 0.066889 0.122684
2 2 0.097164 0.249063 0.315140 0.094287 0.244345
2 2 0.024742 0.032786 0.915911 0.011284 0.015277
2 2 0.067698 0.123466 0.650865 0.063476 0.094494
2 2 0.054116 0.244135 0.329463 0.083687 0.288599
2 2 0.038505 0.035339 0.892709 0.014362 0.019085
4 2 0.107051 0.302108 0.101585 0.042240 0.447015
2 2 0.057962 0.179106 0.518448 0.073457 0.171027
2 2 0.036487 0.053770 0.855838 0.023038 0.030867
2 2 0.063959 0.128962 0.630417 0.065092 0.111571
2 2 0.046734 0.074146 0.794724 0.036117 0.048280
2 2 0.029181 0.037651 0.900260 0.014023 0.018885
2 2 0.030851 0.029806 0.913820 0.010913 0.014610
2 2 0.028117 0.033692 0.909627 0.012172 0.016392
2 2 0.025933 0.024209 0.930881 0.008093 0.010884
2 2 0.035317 0.034845 0.897855 0.013705 0.018279
2 2 0.035371 0.027241 0.913352 0.010320 0.013714
2 2 0.040761 0.098063 0.744973 0.049199 0.067004
2 2 0.042261 0.063359 0.825425 0.029548 0.039407
2 2 0.030581 0.031108 0.911564 0.011430 0.015317
2 1 0.058667 0.098842 0.754446 0.036030 0.052015
2 2 0.040863 0.148432 0.631376 0.064186 0.115143
2 2 0.033790 0.199229 0.526518 0.075915 0.164548
2 2 0.032795 0.031618 0.907707 0.011934 0.015947
2 2 0.030275 0.029056 0.916039 0.010528 0.014101
2 2 0.025426 0.023889 0.932113 0.007917 0.010654
2 2 0.025063 0.029613 0.921625 0.010080 0.013618
2 2 0.054979 0.087925 0.770939 0.035879 0.050279
2 2 0.040915 0.029543 0.901849 0.011927 0.015765
2 2 0.045756 0.038277 0.877084 0.016759 0.022123
2 2 0.028708 0.027670 0.920743 0.009771 0.013108
2 2 0.029459 0.023808 0.927344 0.008297 0.011092
2 2 0.035091 0.031270 0.905505 0.012064 0.016070
2 3 0.046713 0.031829 0.889907 0.013627 0.017925
2 3 0.052235 0.037742 0.869136 0.020559 0.020326
2 3 0.047810 0.036902 0.877490 0.016315 0.021483
2 3 0.049156 0.031200 0.888290 0.013562 0.017793
2 3 0.047289 0.036035 0.879329 0.018527 0.018820
2 3 0.047280 0.035364 0.881126 0.017206 0.019024
2 3 0.045290 0.028907 0.897883 0.012058 0.015861
2 3 0.063091 0.062754 0.768434 0.079293 0.026428
2 3 0.064441 0.102016 0.541989 0.251141 0.040413
2 3 0.074722 0.099902 0.494781 0.289864 0.040730
3 3 0.066960 0.104971 0.342951 0.443255 0.041862
2 3 0.056565 0.061391 0.792220 0.062416 0.027408
2 3 0.068787 0.106802 0.533171 0.244450 0.046789
3 3 0.047297 0.114511 0.176956 0.606921 0.054314
2 3 0.052783 0.214640 0.402694 0.101983 0.227900
2 3 0.035138 0.037928 0.891677 0.015095 0.020162
2 3 0.029019 0.029651 0.916456 0.010619 0.014255
2 3 0.028785 0.022897 0.929920 0.007871 0.010528
2 3 0.028965 0.030250 0.915344 0.010860 0.014583
2 3 0.036371 0.028181 0.910222 0.010836 0.014389
2 3 0.050016 0.046075 0.847971 0.035112 0.020825
2 3 0.032354 0.031971 0.907558 0.012030 0.016088
2 3 0.046625 0.032594 0.888350 0.014077 0.018354
2 3 0.050725 0.027998 0.893206 0.012782 0.015289
2 3 0.067881 0.100567 0.576633 0.211842 0.043077
2 3 0.073506 0.092341 0.594312 0.201154 0.038687
2 3 0.073076 0.099975 0.522020 0.263684 0.041246
3 3 0.050761 0.120911 0.207839 0.562225 0.058264
3 3 0.061103 0.109899 0.330008 0.454953 0.044036
2 3 0.061448 0.066322 0.766857 0.075503 0.029870
2 3 0.062335 0.080035 0.707692 0.115532 0.034406
2 3 0.070054 0.108627 0.394163 0.381703 0.045453
3 3 0.032612 0.096691 0.130791 0.702631 0.037275
2 3 0.069599 0.101942 0.457169 0.331663 0.039628
3 3 0.054988 0.128314 0.185191 0.557613 0.073894
2 3 0.062033 0.141057 0.520680 0.185933 0.090297
2 2 0.030080 0.026557 0.921217 0.009473 0.012674
2 2 0.033706 0.050477 0.867110 0.020784 0.027923
2 2 0.034078 0.026097 0.917230 0.009697 0.012898
2 2 0.038107 0.029100 0.906209 0.011430 0.015153
2 2 0.034699 0.075243 0.810530 0.033867 0.045661
2 2 0.031752 0.031097 0.910089 0.011575 0.015487
2 2 0.039315 0.029466 0.903970 0.011725 0.015525
2 2 0.033038 0.032174 0.906269 0.012208 0.016312
2 2 0.031898 0.040974 0.889728 0.015963 0.021438
2 2 0.030233 0.028001 0.918181 0.010085 0.013500
2 2 0.034300 0.024700 0.919753 0.009124 0.012123
2 2 0.041072 0.230780 0.421978 0.080601 0.225569
2 2 0.024661 0.031186 0.919119 0.010639 0.014395
2 2 0.023123 0.031511 0.920544 0.010531 0.014291
2 2 0.028131 0.027173 0.922438 0.009502 0.012756
2 2 0.046880 0.033688 0.885678 0.014572 0.019181
4 2 0.085442 0.241133 0.137222 0.068225 0.467978
2 2 0.031180 0.043561 0.885363 0.017010 0.022886
2 2 0.024581 0.028104 0.925149 0.009428 0.012738
2 2 0.025896 0.032848 0.914247 0.011488 0.015522
2 2 0.027234 0.030802 0.916492 0.010854 0.014619
2 2 0.030376 0.028964 0.916095 0.010502 0.014063
2 2 0.029059 0.032498 0.910761 0.011809 0.015872
2 2 0.029206 0.025282 0.924788 0.008862 0.011863
2 2 0.030021 0.029535 0.915410 0.010697 0.014336
2 2 0.024012 0.039479 0.903840 0.013847 0.018823
2 2 0.031444 0.024208 0.924163 0.008650 0.011535
2 2 0.032443 0.059715 0.849066 0.025025 0.033751
2 2 0.026842 0.028949 0.920615 0.010055 0.013539
2 2 0.027799 0.024436 0.928152 0.008378 0.011235
2 2 0.033457 0.025166 0.919841 0.009241 0.012296
2 2 0.029249 0.028529 0.918376 0.010186 0.013660
2 2 0.032050 0.054774 0.860379 0.022486 0.030310
2 2 0.032894 0.028518 0.913831 0.010606 0.014150
2 2 0.029358 0.028429 0.918435 0.010158 0.013620
2 2 0.039573 0.030693 0.901100 0.012318 0.016316
2 2 0.028850 0.028181 0.919563 0.009995 0.013410
2 2 0.045348 0.032026 0.891157 0.013580 0.017889
2 2 0.036162 0.168449 0.590333 0.072904 0.132152
2 2 0.029392 0.024311 0.926448 0.008491 0.011357
2 2 0.024230 0.025315 0.930901 0.008321 0.011233
2 2 0.033082 0.025195 0.920237 0.009217 0.012270
2 2 0.028709 0.032850 0.910520 0.011907 0.016014
2 2 0.033314 0.029100 0.912140 0.010904 0.014543
2 2 0.028822 0.029579 0.916849 0.010565 0.014185
2 2 0.037170 0.033804 0.897635 0.013472 0.017920
2 2 0.028143 0.029430 0.918010 0.010417 0.014000
2 2 0.030297 0.023850 0.926247 0.008395 0.011210
2 2 0.031312 0.025594 0.921598 0.009207 0.012290
2 2 0.034534 0.026143 0.916584 0.009762 0.012977
2 2 0.040647 0.030259 0.900683 0.012232 0.016179
2 2 0.032196 0.025826 0.920059 0.009394 0.012525
2 2 0.039902 0.029391 0.903404 0.011767 0.015536
2 2 0.033435 0.024805 0.920584 0.009087 0.012089
2 2 0.051753 0.074412 0.781723 0.046291 0.045821
2 2 0.052019 0.039565 0.864970 0.022435 0.021011
2 2 0.036250 0.027133 0.912501 0.010362 0.013754
2 3 0.048906 0.048841 0.846969 0.029741 0.025543
2 3 0.046972 0.035668 0.880147 0.019294 0.017920
2 3 0.069297 0.089373 0.652862 0.148276 0.040192
2 3 0.052070 0.114325 0.601294 0.180838 0.051474
2 3 0.058801 0.067989 0.757670 0.087437 0.028102
3 3 0.054418 0.105082 0.223598 0.573341 0.043561
3 3 0.055557 0.119640 0.265297 0.505798 0.053709
3 3 0.042895 0.110426 0.151664 0.642974 0.052041
3 3 0.040216 0.112558 0.182893 0.617438 0.046894
2 3 0.069539 0.072901 0.706424 0.121531 0.029605
3 3 0.038581 0.094078 0.155702 0.676814 0.034824
3 3 0.017712 0.070131 0.091951 0.802289 0.017917
3 3 0.036630 0.102407 0.139404 0.678639 0.042920
3 3 0.044286 0.109488 0.180476 0.618637 0.047114
3 3 0.037550 0.098307 0.151982 0.674131 0.038030
3 3 0.028671 0.090579 0.121688 0.727158 0.031904
3 3 0.016153 0.066672 0.087024 0.814095 0.016056
3 3 0.037175 0.103145 0.140523 0.675460 0.043697
3 3 0.039187 0.106980 0.147464 0.659264 0.047104
2 3 0.074351 0.100930 0.499793 0.283198 0.041729
3 3 0.056485 0.107633 0.248636 0.542697 0.044549
3 3 0.038869 0.109218 0.155890 0.648677 0.047346
3 3 0.051478 0.109723 0.221444 0.570995 0.046360
3 3 0.044469 0.108371 0.217071 0.588154 0.041936
3 3 0.022950 0.080641 0.107101 0.764890 0.024417
3 3 0.016125 0.066608 0.086934 0.814310 0.016023
3 3 0.034177 0.098975 0.134222 0.693171 0.039455
3 3 0.033692 0.098275 0.133168 0.696089 0.038776
3 3 0.031487 0.095001 0.128263 0.709523 0.035726
3 3 0.024983 0.084334 0.112492 0.751157 0.027034
3 3 0.022055 0.078952 0.104648 0.771063 0.023281
3 3 0.021095 0.077095 0.101958 0.777779 0.022074
3 3 0.025277 0.084852 0.113250 0.749205 0.027416
3 3 0.023428 0.081526 0.108390 0.761629 0.025028
3 3 0.045595 0.106098 0.189182 0.615382 0.043743
3 3 0.026083 0.086255 0.115309 0.743883 0.028470
3 3 0.046553 0.101939 0.196521 0.615040 0.039948
3 3 0.031664 0.095269 0.128665 0.708433 0.035969
3 3 0.020398 0.075715 0.099965 0.782718 0.021205
3 3 0.026620 0.087173 0.116660 0.740372 0.029176
3 3 0.023788 0.082187 0.109353 0.759183 0.025490
3 3 0.032816 0.096993 0.131245 0.701387 0.037559
3 3 0.022354 0.079521 0.105473 0.768991 0.023660
3 3 0.028198 0.089808 0.120546 0.730178 0.031270
3 3 0.056235 0.113061 0.277156 0.506436 0.047112
3 3 0.032650 0.096747 0.130875 0.702402 0.037328
3 3 0.021355 0.077602 0.102692 0.775952 0.022399
3 3 0.019583 0.074068 0.097593 0.788559 0.020197
3 3 0.021073 0.077052 0.101896 0.777933 0.022046
3 3 0.022820 0.080399 0.106748 0.765781 0.024252
3 3 0.023364 0.081408 0.108218 0.762064 0.024946
3 3 0.031847 0.091826 0.132940 0.710538 0.032849
3 3 0.023263 0.081222 0.107946 0.762753 0.024816
3 3 0.022998 0.080730 0.107231 0.764563 0.024478
3 3 0.052895 0.110930 0.253379 0.537523 0.045273
3 3 0.043046 0.104728 0.168119 0.640083 0.044024
3 3 0.017463 0.069591 0.091179 0.804149 0.017618
3 3 0.022618 0.080018 0.106195 0.767175 0.023994
3 3 0.025293 0.084880 0.113291 0.749100 0.027437
3 3 0.028068 0.089595 0.120231 0.731009 0.031097
3 3 0.043242 0.110125 0.191608 0.609496 0.045529
3 3 0.035501 0.100849 0.137047 0.685284 0.041318
2 3 0.065885 0.111161 0.424757 0.352268 0.045929
3 3 0.030209 0.093029 0.125324 0.717456 0.033981
3 3 0.020243 0.075404 0.099517 0.783824 0.021012
3 3 0.025918 0.085970 0.114890 0.744968 0.028254
3 3 0.027381 0.088457 0.118551 0.735427 0.030183
3 3 0.061871 0.115048 0.343478 0.431073 0.048530
3 3 0.035627 0.101025 0.137312 0.684541 0.041495
3 3 0.026195 0.086448 0.115593 0.743146 0.028618
3 3 0.051947 0.118943 0.244350 0.531996 0.052764
3 3 0.025936 0.086001 0.114936 0.744848 0.028278
3 3 0.026303 0.086633 0.115865 0.742439 0.028759
3 3 0.019876 0.074665 0.098452 0.786449 0.020559
3 3 0.049648 0.111331 0.223118 0.569282 0.046621
3 3 0.020139 0.075197 0.099218 0.784562 0.020884
3 3 0.024637 0.083718 0.111590 0.753470 0.026585
3 3 0.021698 0.078266 0.103653 0.773553 0.022830
3 3 0.019942 0.074797 0.098643 0.785979 0.020639
3 3 0.020308 0.075534 0.099705 0.783360 0.021093
3 3 0.027884 0.089291 0.119783 0.732191 0.030851
3 3 0.021915 0.078683 0.104258 0.772040 0.023104
3 3 0.026223 0.086495 0.115662 0.742966 0.028654
3 3 0.025713 0.085614 0.114368 0.746321 0.027985
3 3 0.019438 0.073769 0.097164 0.789611 0.020018
2 3 0.054455 0.137004 0.381623 0.361500 0.065418
2 3 0.055062 0.119398 0.559142 0.211788 0.054610
2 3 0.042788 0.139702 0.623753 0.092122 0.101635
2 3 0.021563 0.106407 0.767684 0.043800 0.060545
2 2 0.030435 0.163704 0.675604 0.052037 0.078220
2 2 0.140670 0.141184 0.297102 0.282644 0.138400
2 2 0.068941 0.222267 0.319053 0.107539 0.282199
0 1 0.336134 0.201406 0.272890 0.067545 0.122025
0 0 0.342676 0.282143 0.105545 0.064244 0.205392
4 0 0.150623 0.291921 0.119593 0.059078 0.378785
4 1 0.100712 0.276288 0.117155 0.053127 0.452718
2 0 0.209030 0.236378 0.278404 0.089635 0.186553
1 0 0.157319 0.311919 0.181791 0.068704 0.280266
1 1 0.235068 0.315193 0.104562 0.053303 0.291875
4 1 0.052829 0.269774 0.278044 0.066787 0.332566
2 2 0.028018 0.045484 0.885954 0.017233 0.023311
2 2 0.028431 0.026794 0.922801 0.009385 0.012589
2 2 0.045955 0.197578 0.497406 0.076889 0.182172
2 2 0.030798 0.032378 0.908739 0.011999 0.016085
2 2 0.023898 0.033568 0.915537 0.011457 0.015540
2 2 0.031018 0.045602 0.881345 0.017913 0.024122
2 2 0.042519 0.060247 0.832213 0.027877 0.037145
2 2 0.066793 0.227714 0.366994 0.097726 0.240772
2 2 0.053161 0.093161 0.733208 0.051822 0.068648
2 2 0.030137 0.032961 0.908428 0.012157 0.016317
2 2 0.039926 0.050331 0.858404 0.022004 0.029336
2 2 0.025964 0.023428 0.932328 0.007798 0.010482
2 2 0.033577 0.059043 0.848735 0.024993 0.033652
2 2 0.023346 0.031731 0.919823 0.010651 0.014450
2 2 0.046538 0.058516 0.830218 0.027822 0.036907
2 2 0.020198 0.035696 0.916618 0.011609 0.015879
2 2 0.042444 0.080503 0.784468 0.039619 0.052966
2 2 0.047751 0.225628 0.410538 0.083884 0.232200
2 2 0.037916 0.073278 0.809472 0.033868 0.045466
2 2 0.033903 0.049299 0.869344 0.020256 0.027198
2 2 0.032022 0.043822 0.883630 0.017290 0.023237
2 2 0.023053 0.032815 0.918136 0.011023 0.014971
2 2 0.028591 0.036526 0.903330 0.013442 0.018111
4 2 0.109481 0.213208 0.250427 0.114515 0.312369
2 2 0.028486 0.033119 0.910278 0.011987 0.016130
2 2 0.042934 0.086036 0.770046 0.043211 0.057773
4 2 0.070867 0.255428 0.114502 0.049021 0.510182
2 2 0.056417 0.241382 0.325670 0.086750 0.289781
4 4 0.082258 0.244447 0.132277 0.063722 0.477297
4 4 0.078117 0.244865 0.197869 0.080855 0.398293
2 4 0.073203 0.225142 0.328503 0.085907 0.287246
4 4 0.079266 0.247464 0.127619 0.059653 0.485998
2 4 0.052311 0.177342 0.533561 0.074473 0.162314
2 2 0.076141 0.193169 0.443376 0.083652 0.203662
4 2 0.081690 0.272481 0.109471 0.046145 0.490212
4 4 0.057472 0.266501 0.093435 0.034291 0.548302
4 4 0.073249 0.253580 0.180789 0.070101 0.422281
4 4 0.063263 0.250666 0.263917 0.080946 0.341208
4 4 0.053009 0.269698 0.086376 0.029953 0.560964
2 4 0.059245 0.241686 0.311471 0.087748 0.299849
2 4 0.052341 0.155582 0.589138 0.068757 0.134183
4 4 0.064471 0.260977 0.104464 0.041659 0.528429
2 4 0.063525 0.231355 0.325208 0.093956 0.285956
4 4 0.081928 0.240308 0.196155 0.084817 0.396792
2 2 0.040727 0.064918 0.824225 0.030019 0.040113
2 2 0.027817 0.039272 0.898869 0.014484 0.019558
2 2 0.057026 0.173597 0.522677 0.082806 0.163894
2 2 0.032728 0.032562 0.905877 0.012337 0.016495
2 2 0.025547 0.034172 0.912122 0.011968 0.016190
2 2 0.030734 0.035640 0.902239 0.013399 0.017988
2 2 0.037953 0.050394 0.861096 0.021640 0.028917
2 2 0.030105 0.034198 0.905986 0.012681 0.017030
2 2 0.039462 0.067388 0.820548 0.031043 0.041560
2 2 0.022143 0.033269 0.918511 0.011045 0.015031
2 2 0.031153 0.034275 0.904452 0.012867 0.017254
2 2 0.028637 0.035608 0.905109 0.013059 0.017587
2 2 0.031888 0.047823 0.875424 0.019126 0.025740
2 2 0.025342 0.033431 0.913849 0.011636 0.015742
2 2 0.025129 0.029537 0.921687 0.010059 0.013588
2 2 0.030372 0.032121 0.909806 0.011832 0.015868
2 1 0.056622 0.148288 0.629151 0.064593 0.101347
2 2 0.039925 0.132237 0.693442 0.053516 0.080881
2 2 0.033079 0.032070 0.906428 0.012167 0.016256
2 2 0.029279 0.027449 0.920460 0.009748 0.013064
2 2 0.024814 0.037657 0.906287 0.013258 0.017984
2 2 0.026369 0.044107 0.891182 0.016276 0.022067
2 2 0.025782 0.023480 0.932453 0.007799 0.010487
2 2 0.033798 0.033239 0.903123 0.012777 0.017063
2 2 0.027100 0.037591 0.903237 0.013642 0.018431
2 2 0.028800 0.027730 0.920511 0.009806 0.013154
2 2 0.033824 0.027921 0.913881 0.010452 0.013922
2 2 0.027256 0.039813 0.898565 0.014612 0.019754
2 2 0.031900 0.023215 0.925563 0.008286 0.011035
2 2 0.027057 0.033409 0.911597 0.011894 0.016043
2 2 0.033253 0.032163 0.906016 0.012230 0.016337
2 2 0.063190 0.039362 0.852625 0.019477 0.025346
2 2 0.033752 0.101595 0.756043 0.045840 0.062770
2 2 0.035124 0.028439 0.911232 0.010817 0.014388
1 1 0.096318 0.286104 0.261574 0.078194 0.277810
2 1 0.091936 0.113071 0.670266 0.051713 0.073014
2 2 0.024723 0.032187 0.917100 0.011043 0.014947
2 2 0.039210 0.116002 0.723391 0.050717 0.070680
2 2 0.027620 0.032299 0.913041 0.011521 0.015518
2 2 0.033833 0.027669 0.914375 0.010345 0.013777
2 2 0.031859 0.045500 0.880350 0.018035 0.024256
2 2 0.034031 0.025969 0.917543 0.009638 0.012820
2 2 0.027975 0.037494 0.902227 0.013752 0.018553
2 2 0.028248 0.025861 0.924843 0.008990 0.012057
2 2 0.033870 0.081811 0.813943 0.029133 0.041243
2 2 0.028551 0.025880 0.924432 0.009031 0.012107
2 2 0.031381 0.031447 0.909859 0.011678 0.015635
2 2 0.029108 0.024344 0.926730 0.008476 0.011342
2 2 0.029976 0.027492 0.919506 0.009845 0.013181
2 2 0.026753 0.033900 0.911034 0.012049 0.016264
2 2 0.025359 0.028095 0.924166 0.009526 0.012854
2 2 0.032200 0.034004 0.903631 0.012897 0.017267
2 2 0.037122 0.029134 0.907352 0.011341 0.015052
2 2 0.042307 0.079442 0.787279 0.038929 0.052043
2 2 0.028964 0.025755 0.924164 0.009026 0.012091
2 2 0.024566 0.028099 0.925178 0.009424 0.012733
2 2 0.029380 0.033900 0.907540 0.012448 0.016732
2 2 0.031732 0.030262 0.911791 0.011215 0.014999
2 2 0.032586 0.031866 0.907470 0.012015 0.016062
2 2 0.023825 0.025155 0.931713 0.008213 0.011094
2 2 0.027263 0.027776 0.922357 0.009640 0.012963
2 2 0.030428 0.031469 0.911041 0.011562 0.015501
2 2 0.031490 0.028219 0.916177 0.010320 0.013793
2 2 0.028523 0.027183 0.921927 0.009552 0.012815
2 2 0.032612 0.025777 0.919651 0.009415 0.012546
2 2 0.025589 0.028629 0.922843 0.009765 0.013174
2 2 0.028760 0.024099 0.927628 0.008344 0.011169
2 2 0.029108 0.027459 0.920657 0.009731 0.013046
2 2 0.029487 0.029044 0.917059 0.010427 0.013982
2 2 0.025662 0.024140 0.931347 0.008037 0.010814
2 2 0.026459 0.025222 0.928294 0.008541 0.011484
2 2 0.027512 0.026898 0.923749 0.009320 0.012522
2 2 0.033804 0.027407 0.914939 0.010229 0.013622
2 2 0.036538 0.030108 0.905735 0.013182 0.014437
2 2 0.027180 0.029052 0.919981 0.010140 0.013647
2 2 0.034918 0.030206 0.907895 0.011572 0.015410
2 2 0.034701 0.029641 0.909316 0.011298 0.015045
2 2 0.027298 0.028198 0.921493 0.009813 0.013198
2 2 0.032968 0.024840 0.921078 0.009057 0.012057
2 2 0.034911 0.042696 0.881583 0.019074 0.021737
2 2 0.034993 0.026971 0.914361 0.010164 0.013511
2 2 0.027719 0.023762 0.929547 0.008106 0.010866
2 2 0.028982 0.022845 0.929783 0.007869 0.010522
2 2 0.031575 0.025476 0.921510 0.009185 0.012255
2 2 0.030899 0.030943 0.911488 0.011400 0.015270
2 3 0.048052 0.094968 0.699586 0.115484 0.041909
2 3 0.032985 0.026431 0.917895 0.009728 0.012961
2 3 0.039580 0.026607 0.909554 0.010449 0.013811
2 3 0.037929 0.034822 0.894535 0.014043 0.018670
2 3 0.034382 0.028286 0.912455 0.010671 0.014206
2 3 0.034856 0.030921 0.906506 0.011925 0.015791
2 3 0.040849 0.028790 0.903493 0.011631 0.015238
2 3 0.047795 0.032287 0.887420 0.014816 0.017682
2 3 0.039073 0.025044 0.913104 0.010820 0.011960
2 3 0.039653 0.054337 0.846801 0.032890 0.026318
2 3 0.035644 0.025711 0.916060 0.009975 0.012610
2 3 0.043155 0.065405 0.811919 0.048315 0.031206
2 3 0.030978 0.028223 0.916809 0.010263 0.013726
2 3 0.034334 0.033561 0.901585 0.013944 0.016576
2 3 0.035016 0.037984 0.890198 0.019834 0.016968
2 3 0.038185 0.029868 0.904528 0.011787 0.015631
2 3 0.050691 0.082197 0.742149 0.087203 0.037760
2 3 0.033697 0.145288 0.646552 0.069059 0.105405
2 3 0.048268 0.028962 0.894193 0.012362 0.016215
2 2 0.025163 0.051606 0.877774 0.019249 0.026208
2 2 0.035215 0.024549 0.918958 0.009144 0.012134
2 2 0.031913 0.028683 0.914726 0.010565 0.014114
2 2 0.065853 0.102822 0.683008 0.064304 0.084013
2 1 0.087536 0.163175 0.501848 0.092744 0.154697
2 2 0.054553 0.204513 0.449153 0.084058 0.207723
2 2 0.025937 0.057198 0.864990 0.021966 0.029909
2 2 0.046029 0.050832 0.848655 0.023436 0.031048
2 2 0.040838 0.072643 0.811707 0.031712 0.043099
2 2 0.024266 0.026682 0.928264 0.008843 0.011946
2 2 0.023688 0.030195 0.922312 0.010109 0.013696
2 2 0.027054 0.037740 0.903003 0.013696 0.018507
2 2 0.024978 0.022142 0.935962 0.007214 0.009705
2 2 0.044037 0.089557 0.759253 0.045871 0.061281
2 2 0.029717 0.044521 0.885464 0.017157 0.023141
2 2 0.031318 0.024418 0.923904 0.008724 0.011637
2 2 0.023612 0.055057 0.873247 0.020318 0.027767
2 2 0.031410 0.024375 0.923876 0.008715 0.011623
2 2 0.027208 0.026799 0.924323 0.009245 0.012426
2 2 0.027483 0.030941 0.915895 0.010945 0.014736
2 2 0.024855 0.028369 0.924286 0.009567 0.012922
2 2 0.029695 0.027889 0.919076 0.009976 0.013365
2 2 0.030906 0.030424 0.912515 0.011181 0.014973
2 2 0.028793 0.027917 0.920151 0.009881 0.013257
2 2 0.020814 0.030699 0.925198 0.009856 0.013433
2 2 0.027513 0.025810 0.925854 0.008889 0.011935
2 2 0.030782 0.026822 0.919825 0.009659 0.012911
2 2 0.025530 0.026087 0.927799 0.008769 0.011815
2 2 0.025230 0.069367 0.840600 0.027383 0.037420
2 2 0.028070 0.047492 0.881749 0.018139 0.024550
2 2 0.029552 0.028747 0.917564 0.010312 0.013825
2 2 0.027278 0.022972 0.931597 0.007755 0.010398
2 2 0.031031 0.030904 0.911397 0.011401 0.015267
2 2 0.027105 0.029393 0.919413 0.010267 0.013822
2 2 0.023542 0.025807 0.930839 0.008423 0.011388
2 2 0.024352 0.024976 0.931388 0.008208 0.011075
2 2 0.030662 0.026765 0.920087 0.009622 0.012864
2 2 0.031697 0.025088 0.922127 0.009037 0.012052
2 2 0.029823 0.027976 0.918743 0.010027 0.013431
2 2 0.026895 0.022618 0.932736 0.007582 0.010170
2 2 0.027597 0.033224 0.911245 0.011899 0.016035
2 2 0.026158 0.027551 0.924194 0.009415 0.012682
2 2 0.029994 0.027739 0.918996 0.009949 0.013322
2 2 0.034101 0.035076 0.898959 0.013641 0.018224
2 2 0.030049 0.030762 0.912937 0.011214 0.015038
2 2 0.032908 0.029015 0.912816 0.010821 0.014439
2 2 0.031847 0.023123 0.925808 0.008244 0.010979
2 2 0.025488 0.023531 0.932717 0.007787 0.010477
2 2 0.027007 0.026366 0.925410 0.009051 0.012166
2 2 0.024670 0.029554 0.922252 0.010002 0.013522
2 2 0.024760 0.026939 0.927145 0.009003 0.012153
2 2 0.024790 0.029731 0.921754 0.010088 0.013636
2 2 0.027233 0.027276 0.923366 0.009437 0.012688
2 2 0.030102 0.024175 0.925851 0.008507 0.011365
2 2 0.025706 0.029455 0.921096 0.010106 0.013637
2 2 0.026747 0.022992 0.932202 0.007711 0.010348
2 2 0.026642 0.026808 0.925016 0.009182 0.012353
2 2 0.033808 0.033964 0.901624 0.013102 0.017502
2 2 0.032589 0.031268 0.908679 0.011755 0.015710
2 2 0.030317 0.025507 0.922986 0.009069 0.012122
2 2 0.033323 0.033656 0.902883 0.012899 0.017240
2 2 0.025718 0.024928 0.929776 0.008345 0.011232
2 2 0.034407 0.027103 0.914811 0.010161 0.013518
2 2 0.068184 0.128719 0.567075 0.149755 0.086267
2 2 0.025381 0.022943 0.933960 0.007554 0.010161
2 2 0.029221 0.026520 0.922354 0.009363 0.012543
2 1 0.036668 0.058842 0.844350 0.025690 0.034450
2 2 0.027162 0.081772 0.809918 0.034319 0.046829
2 2 0.025048 0.033961 0.913211 0.011802 0.015978
2 2 0.029373 0.033266 0.908818 0.012178 0.016365
2 2 0.072529 0.121858 0.699999 0.042553 0.063061
2 2 0.028179 0.042771 0.891267 0.016070 0.021714
2 2 0.032274 0.030125 0.911381 0.011223 0.014997
2 2 0.026365 0.025800 0.927303 0.008755 0.011777
2 2 0.026814 0.024563 0.929118 0.008324 0.011181
2 2 0.037134 0.068289 0.822290 0.030857 0.041430
2 2 0.066476 0.101732 0.704952 0.053932 0.072908
2 2 0.103581 0.209061 0.395124 0.097646 0.194587
2 2 0.024653 0.030862 0.919756 0.010510 0.014219
2 2 0.050001 0.224381 0.408609 0.087650 0.229360
2 2 0.033368 0.026738 0.916813 0.009898 0.013183
2 2 0.028079 0.033194 0.910667 0.011958 0.016102
2 2 0.026296 0.027602 0.923921 0.009452 0.012729
2 2 0.036236 0.031167 0.904277 0.012155 0.016166
2 2 0.032662 0.072107 0.823651 0.030317 0.041262
2 2 0.029103 0.026030 0.923456 0.009152 0.012259
2 2 0.026838 0.019921 0.937914 0.006554 0.008774
2 2 0.028956 0.029429 0.916975 0.010520 0.014121
2 2 0.041159 0.036327 0.887206 0.015184 0.020125
2 2 0.024924 0.042362 0.896805 0.015226 0.020683
2 2 0.045624 0.039105 0.876918 0.016449 0.021904
2 2 0.036091 0.094674 0.761991 0.045657 0.061587
2 2 0.028305 0.083238 0.804364 0.035598 0.048494
2 2 0.029532 0.027518 0.920009 0.009805 0.013136
2 2 0.045542 0.046424 0.859293 0.020974 0.027767
0 1 0.365055 0.229503 0.187855 0.068653 0.148934
4 1 0.173022 0.297041 0.118123 0.059759 0.352055
2 2 0.061704 0.268420 0.342426 0.076222 0.251228
2 2 0.025935 0.026760 0.925999 0.009078 0.012228
2 2 0.027044 0.028711 0.920819 0.009986 0.013440
2 2 0.043508 0.066201 0.825700 0.027253 0.037339
2 2 0.036471 0.054240 0.854828 0.023274 0.031186
2 2 0.026300 0.035524 0.908440 0.012644 0.017092
2 2 0.026245 0.026118 0.926841 0.008865 0.011930
2 2 0.026691 0.032826 0.913231 0.011600 0.015652
2 2 0.025961 0.036197 0.907573 0.012864 0.017404
2 2 0.026326 0.021490 0.935562 0.007099 0.009523
2 2 0.027932 0.024501 0.927863 0.008418 0.011286
2 2 0.029467 0.026183 0.922706 0.009254 0.012389
2 2 0.028201 0.027889 0.920954 0.009799 0.013158
2 2 0.027294 0.027661 0.922543 0.009598 0.012905
2 2 0.042685 0.042499 0.871847 0.018472 0.024497
2 2 0.031705 0.107739 0.740847 0.050123 0.069586
2 2 0.029872 0.021617 0.931086 0.007465 0.009960
2 2 0.025451 0.022938 0.933885 0.007560 0.010167
2 2 0.028419 0.026713 0.922974 0.009351 0.012543
2 2 0.056046 0.274796 0.341581 0.070011 0.257566
2 2 0.030257 0.054160 0.864464 0.021741 0.029377
2 2 0.023828 0.025366 0.931309 0.008293 0.011203
2 2 0.070487 0.127154 0.660791 0.056210 0.085357
2 2 0.025969 0.033229 0.913401 0.011653 0.015746
2 2 0.023729 0.026978 0.928388 0.008887 0.012019
2 2 0.028555 0.024091 0.927893 0.008320 0.011141
2 2 0.052113 0.178325 0.558807 0.072109 0.138647
2 2 0.028043 0.025401 0.925988 0.008785 0.011783
2 2 0.029596 0.025921 0.923061 0.009161 0.012261
2 2 0.038853 0.028063 0.907436 0.011037 0.014612
2 2 0.051563 0.034714 0.877633 0.015615 0.020474
3 0 0.166440 0.186020 0.220266 0.222836 0.204438
0 0 0.525763 0.166165 0.153090 0.050581 0.104401
0 0 0.681129 0.071465 0.187113 0.022447 0.037847
0 0 0.551998 0.124234 0.191713 0.050186 0.081869
0 0 0.593808 0.177721 0.102097 0.041309 0.085065
0 0 0.342175 0.266830 0.119949 0.065177 0.205870
0 0 0.506515 0.177599 0.148202 0.054311 0.113373
0 0 0.489024 0.189933 0.140316 0.059020 0.121707
4 0 0.192288 0.312585 0.108349 0.053120 0.333659
0 0 0.301532 0.184306 0.212094 0.135109 0.166959
1 0 0.275352 0.330614 0.090513 0.044584 0.258937
4 0 0.201647 0.320600 0.103203 0.049649 0.324901
4 0 0.177939 0.318973 0.103988 0.048583 0.350516
4 0 0.136855 0.308239 0.106126 0.047383 0.401398
4 0 0.130971 0.294570 0.114116 0.053054 0.407289
0 0 0.376845 0.275817 0.104618 0.055246 0.187474
0 0 0.376948 0.262113 0.114898 0.060286 0.185755
1 0 0.258591 0.312284 0.103644 0.054414 0.271067
0 0 0.287391 0.270412 0.135918 0.058772 0.247508
1 0 0.286642 0.308716 0.101468 0.054825 0.248349
4 0 0.117958 0.305909 0.102852 0.043788 0.429493
0 0 0.559167 0.151877 0.160564 0.035819 0.092573
0 0 0.315900 0.305979 0.097536 0.053728 0.226858
4 1 0.137909 0.315374 0.101694 0.044215 0.400808
1 1 0.284452 0.313756 0.098852 0.052299 0.250641
4 1 0.146074 0.323687 0.097903 0.042020 0.390316
4 1 0.094751 0.307821 0.092569 0.035625 0.469234
4 1 0.064510 0.260944 0.104527 0.041703 0.528316
4 2 0.067875 0.258081 0.109811 0.045500 0.518734
4 2 0.058758 0.266460 0.229217 0.066076 0.379489
4 2 0.064416 0.262381 0.205118 0.066935 0.401150
2 2 0.053564 0.128750 0.650397 0.062792 0.104497
2 2 0.051090 0.245468 0.340694 0.081128 0.281621
2 2 0.026375 0.041449 0.896531 0.015139 0.020507
2 2 0.024601 0.022831 0.935126 0.007432 0.010010
2 2 0.027911 0.053728 0.869047 0.020931 0.028383
2 2 0.026284 0.028207 0.922767 0.009689 0.013053
2 2 0.029386 0.038418 0.898426 0.014391 0.019380
2 2 0.031376 0.031538 0.909683 0.011716 0.015687
2 2 0.029419 0.041174 0.892766 0.015605 0.021035
2 2 0.025530 0.028967 0.922266 0.009890 0.013346
2 2 0.023390 0.025497 0.931616 0.008289 0.011208
2 2 0.023982 0.024540 0.932674 0.008002 0.010801
2 2 0.026843 0.027439 0.923542 0.009455 0.012721
2 2 0.024329 0.027971 0.925729 0.009343 0.012629
2 2 0.027105 0.031013 0.916245 0.010922 0.014715
2 2 0.028389 0.028121 0.920261 0.009916 0.013313
2 2 0.031223 0.053486 0.864409 0.021660 0.029222
2 2 0.036993 0.029646 0.906460 0.011557 0.015345
2 2 0.026693 0.031995 0.914861 0.011262 0.015190
2 2 0.027799 0.030232 0.916876 0.010699 0.014393
2 2 0.025589 0.025342 0.929147 0.008489 0.011432
2 2 0.028011 0.032212 0.912700 0.011541 0.015535
2 2 0.026545 0.030092 0.918773 0.010473 0.014117
2 2 0.028786 0.027046 0.921867 0.009527 0.012775
2 2 0.028109 0.029359 0.918192 0.010384 0.013956
2 2 0.031101 0.030687 0.911742 0.011318 0.015153
2 2 0.028801 0.030702 0.914661 0.011025 0.014812
2 2 0.028215 0.028646 0.919454 0.010107 0.013577
2 2 0.031967 0.028816 0.914391 0.010628 0.014198
2 2 0.028821 0.023746 0.928238 0.008210 0.010986
2 2 0.031755 0.027077 0.918120 0.009870 0.013178
2 2 0.032553 0.030337 0.910602 0.011348 0.015160
2 2 0.032315 0.024971 0.921608 0.009049 0.012057
2 2 0.034535 0.027536 0.913781 0.010362 0.013786
2 2 0.030027 0.026311 0.921765 0.009366 0.012531
2 2 0.031361 0.025641 0.921445 0.009231 0.012322
2 2 0.027839 0.027247 0.922660 0.009498 0.012756
2 2 0.034789 0.028198 0.912132 0.010676 0.014205
2 2 0.029180 0.027498 0.920488 0.009756 0.013078
2 2 0.033215 0.024271 0.921909 0.008843 0.011763
2 2 0.033705 0.026119 0.917639 0.009669 0.012868
2 2 0.035337 0.025399 0.917108 0.009519 0.012637
2 2 0.035227 0.029112 0.909736 0.011125 0.014800
2 2 0.029562 0.026216 0.922526 0.009277 0.012419
2 2 0.032410 0.027264 0.916940 0.010019 0.013366
2 2 0.035262 0.029872 0.908146 0.011464 0.015257
2 2 0.035574 0.026014 0.915585 0.009807 0.013020
2 2 0.030426 0.023433 0.926904 0.008239 0.010997
2 2 0.035564 0.027102 0.913400 0.010279 0.013655
2 2 0.052223 0.045794 0.846682 0.033671 0.021630
2 2 0.034809 0.027606 0.913303 0.010421 0.013861
2 2 0.040018 0.028889 0.904308 0.011532 0.015253
2 3 0.033714 0.024298 0.921256 0.008900 0.011832
2 3 0.030790 0.030035 0.913440 0.011002 0.014732
2 3 0.043642 0.029252 0.899143 0.012064 0.015898
2 3 0.031493 0.025707 0.921153 0.009272 0.012375
2 3 0.039202 0.028834 0.905296 0.012063 0.014606
2 3 0.050530 0.038056 0.870597 0.020499 0.020318
2 3 0.040464 0.027509 0.906629 0.010943 0.014456
2 3 0.046332 0.034032 0.883570 0.020340 0.015726
2 3 0.049749 0.049827 0.836947 0.041785 0.021693
2 3 0.041090 0.031740 0.896491 0.015074 0.015606
2 3 0.053612 0.036741 0.869884 0.019544 0.020219
2 3 0.042425 0.026471 0.906323 0.011210 0.013571
2 3 0.058153 0.075542 0.744183 0.087782 0.034340
2 3 0.046999 0.038011 0.874582 0.021497 0.018911
2 3 0.041549 0.032451 0.893700 0.017288 0.015012
2 3 0.037859 0.026446 0.911953 0.010215 0.013527
2 3 0.046645 0.042882 0.862314 0.028101 0.020059
2 3 0.048898 0.033568 0.883077 0.016330 0.018127
2 3 0.042307 0.031736 0.893988 0.017608 0.014360
2 3 0.036050 0.025965 0.915108 0.009832 0.013045
2 3 0.047869 0.029536 0.893438 0.012609 0.016549
2 3 0.046784 0.029939 0.893262 0.014996 0.015019
2 3 0.067777 0.110471 0.458749 0.316316 0.046688
2 3 0.036042 0.030257 0.906387 0.011724 0.015591
2 3 0.056592 0.050196 0.824324 0.046867 0.022021
2 3 0.049747 0.069279 0.772914 0.080138 0.027922
2 3 0.041295 0.027327 0.905822 0.011812 0.013743
2 3 0.052425 0.061556 0.801335 0.056709 0.027975
2 3 0.045284 0.051918 0.843040 0.034739 0.025020
2 3 0.057168 0.052692 0.814375 0.053251 0.022514
2 3 0.038727 0.031070 0.901067 0.013735 0.015402
2 3 0.048209 0.029123 0.893918 0.012436 0.016314
2 3 0.048406 0.046338 0.849277 0.035401 0.020578
2 3 0.047690 0.045911 0.848356 0.039227 0.018816
2 3 0.041970 0.033470 0.891045 0.017799 0.015717
2 3 0.053935 0.042809 0.852023 0.030792 0.020441
2 3 0.072776 0.094208 0.578913 0.215100 0.039002
2 3 0.062510 0.088498 0.668126 0.143140 0.037726
2 3 0.047947 0.044253 0.855084 0.033234 0.019482
2 3 0.052053 0.035520 0.873962 0.020211 0.018255
2 3 0.050332 0.035240 0.876823 0.019612 0.017993
2 3 0.045732 0.033121 0.887616 0.016789 0.016742
2 3 0.061397 0.118054 0.433875 0.336361 0.050313
2 3 0.058946 0.062667 0.775506 0.077104 0.025777
2 3 0.040921 0.031720 0.896500 0.015706 0.015152
2 3 0.057206 0.073728 0.746535 0.090724 0.031807
2 3 0.051039 0.049038 0.842105 0.033233 0.024585
2 3 0.050773 0.041615 0.861033 0.025502 0.021077
2 3 0.047819 0.075081 0.768207 0.075808 0.033085
2 3 0.076449 0.087646 0.648506 0.146125 0.041274
2 3 0.065364 0.076813 0.709970 0.115239 0.032615
2 3 0.059592 0.071015 0.736611 0.104932 0.027849
2 3 0.049237 0.050499 0.838676 0.038185 0.023403
2 3 0.045730 0.039885 0.869519 0.027275 0.017592
2 3 0.041313 0.033708 0.890588 0.019460 0.014930
2 3 0.056376 0.061250 0.776851 0.082389 0.023133
2 3 0.075907 0.093296 0.608187 0.180345 0.042265
2 3 0.057540 0.149495 0.465559 0.237705 0.089701
2 3 0.029922 0.032417 0.909799 0.011896 0.015967
2 3 0.033484 0.036565 0.897363 0.013903 0.018684
2 2 0.021673 0.038059 0.909976 0.012810 0.017483
2 2 0.028013 0.029760 0.917529 0.010535 0.014164
2 2 0.031405 0.026207 0.920274 0.009470 0.012644
2 2 0.032582 0.042901 0.884767 0.016969 0.022781
2 2 0.028077 0.024165 0.928334 0.008300 0.011124
2 2 0.027455 0.026306 0.924967 0.009078 0.012194
2 2 0.030197 0.045670 0.882390 0.017776 0.023967
2 2 0.059730 0.231169 0.390151 0.087826 0.231124
2 2 0.072567 0.196694 0.407884 0.098196 0.224659
4 2 0.071924 0.255440 0.179580 0.068334 0.424721
4 2 0.070557 0.289210 0.279731 0.068501 0.292001
2 2 0.056265 0.215157 0.416284 0.083147 0.229147
4 2 0.063138 0.262074 0.102368 0.040202 0.532219
4 2 0.094158 0.231519 0.150709 0.081517 0.442097
4 4 0.073974 0.252570 0.119361 0.052821 0.501274
4 4 0.099229 0.284441 0.110493 0.048042 0.457795
4 4 0.072850 0.253615 0.117605 0.051430 0.504499
4 4 0.105069 0.310279 0.095485 0.038039 0.451127
0 4 0.328922 0.269968 0.131684 0.046655 0.222771
4 4 0.119085 0.311391 0.099614 0.041603 0.428307
4 4 0.050948 0.271082 0.083109 0.028042 0.566819
4 4 0.057292 0.266634 0.093151 0.034111 0.548812
0 4 0.463354 0.251655 0.108470 0.026712 0.149809
4 4 0.087504 0.238931 0.140419 0.071238 0.461908
4 4 0.081772 0.286868 0.099224 0.039193 0.492943
4 4 0.069289 0.281814 0.093716 0.035045 0.520137
4 4 0.056665 0.267098 0.092161 0.033486 0.550590
4 4 0.062874 0.262289 0.101952 0.039916 0.532970
4 4 0.102134 0.293900 0.105136 0.044402 0.454428
4 4 0.091761 0.284368 0.106818 0.044926 0.472127
4 4 0.059163 0.265221 0.096104 0.036007 0.543505
4 4 0.085216 0.283775 0.103516 0.042246 0.485246
1 4 0.218777 0.318676 0.103682 0.051303 0.307562
4 4 0.131480 0.271405 0.217653 0.089625 0.289838
4 4 0.080912 0.299549 0.090279 0.033521 0.495738
4 4 0.064504 0.260949 0.104517 0.041696 0.528334
4 4 0.052895 0.269776 0.086195 0.029845 0.561289
4 4 0.059378 0.272927 0.090911 0.032870 0.543913
4 4 0.076251 0.250409 0.122919 0.055705 0.494715
4 4 0.180507 0.342230 0.094373 0.027791 0.355099
4 4 0.079455 0.293350 0.093369 0.035344 0.498481
4 4 0.077584 0.279320 0.101697 0.040581 0.500818
4 4 0.063163 0.262054 0.102407 0.040229 0.532148
4 4 0.071369 0.292591 0.088222 0.031840 0.515978
4 4 0.084888 0.268726 0.114364 0.049885 0.482137
4 4 0.068297 0.304170 0.078833 0.026406 0.522294
4 4 0.054873 0.268395 0.089327 0.031731 0.555674
4 4 0.058483 0.265739 0.095032 0.035313 0.545432
4 4 0.053854 0.269113 0.087715 0.030753 0.558565
4 4 0.062942 0.262234 0.102059 0.039990 0.532776
4 4 0.087396 0.239047 0.140253 0.071079 0.462225
2 1 0.269218 0.162773 0.299015 0.089776 0.179218
4 1 0.071313 0.255024 0.115199 0.049557 0.508907
4 2 0.081755 0.245124 0.134723 0.064095 0.474302
4 2 0.078533 0.249061 0.146356 0.064937 0.461113
4 4 0.057553 0.272578 0.089309 0.031842 0.548717
4 4 0.067150 0.258709 0.108673 0.044667 0.520801
4 4 0.062250 0.262793 0.100970 0.039245 0.534741
4 4 0.077014 0.297822 0.088870 0.032488 0.503806
4 4 0.045467 0.274452 0.074400 0.023240 0.582441
4 4 0.072367 0.254061 0.116849 0.050836 0.505887
4 4 0.055231 0.268139 0.089894 0.032079 0.554657
4 4 0.045652 0.274346 0.074694 0.023395 0.581912
4 4 0.081341 0.278776 0.104635 0.042773 0.492475
4 4 0.065196 0.288057 0.086223 0.030397 0.530127
4 4 0.057330 0.266606 0.093212 0.034149 0.548703
4 4 0.062922 0.262250 0.102027 0.039968 0.532833
4 4 0.056117 0.275969 0.085567 0.029628 0.552718
4 4 0.070130 0.256090 0.113347 0.048141 0.512291
4 4 0.069726 0.256451 0.112714 0.047662 0.513446
4 4 0.055069 0.268255 0.089637 0.031921 0.555118
4 4 0.127823 0.333242 0.088514 0.034733 0.415687
4 4 0.054875 0.268393 0.089330 0.031733 0.555668
4 4 0.066256 0.253723 0.234895 0.077114 0.368011
4 2 0.060629 0.252065 0.273513 0.079650 0.334144
4 2 0.073876 0.252661 0.119210 0.052700 0.501553
4 2 0.077734 0.230043 0.259990 0.101442 0.330791
4 2 0.062026 0.270077 0.153215 0.051709 0.462973
4 2 0.060775 0.266911 0.210362 0.064018 0.397934
4 2 0.074761 0.251026 0.185727 0.073217 0.415269
4 2 0.078102 0.248612 0.125805 0.058111 0.489370
2 2 0.049149 0.225523 0.401139 0.087838 0.236352
4 2 0.063995 0.251280 0.257719 0.080299 0.346708
4 2 0.064005 0.253463 0.249609 0.078102 0.354822
4 2 0.068200 0.260804 0.175096 0.063201 0.432698
2 2 0.051961 0.236690 0.358095 0.087224 0.266030
2 2 0.056088 0.236236 0.343782 0.087911 0.275982
2 2 0.050530 0.228373 0.390874 0.085977 0.244246
4 2 0.068632 0.254787 0.213864 0.074279 0.388437
4 2 0.061177 0.256521 0.254790 0.075555 0.351957
4 2 0.054055 0.268973 0.088032 0.030945 0.557995
4 2 0.066690 0.255901 0.222238 0.074196 0.380976
2 2 0.059877 0.240658 0.311286 0.088777 0.299402
4 2 0.073127 0.255564 0.149564 0.060907 0.460838
2 2 0.057682 0.243213 0.314773 0.085987 0.298345
4 2 0.063916 0.261436 0.103592 0.041050 0.530006
2 2 0.055076 0.237632 0.341455 0.088631 0.277207
2 2 0.054697 0.195983 0.477978 0.078469 0.192874
2 2 0.036064 0.062520 0.837085 0.027456 0.036875
2 2 0.079094 0.057170 0.799688 0.027349 0.036699
4 2 0.062674 0.255969 0.247909 0.075823 0.357625
2 2 0.032208 0.043651 0.883724 0.017246 0.023171
2 2 0.026581 0.040286 0.898569 0.014685 0.019878
2 2 0.031803 0.031192 0.909833 0.011623 0.015549
2 2 0.027506 0.033145 0.911521 0.011853 0.015975
2 2 0.032037 0.033800 0.904257 0.012785 0.017120
2 2 0.032729 0.043187 0.883962 0.017128 0.022993
2 2 0.029399 0.041226 0.892690 0.015624 0.021061
2 2 0.039465 0.053394 0.852272 0.023499 0.031370
2 2 0.027374 0.041673 0.894648 0.015433 0.020872
2 2 0.037673 0.038050 0.888070 0.015529 0.020678
2 2 0.031503 0.035558 0.901385 0.013479 0.018075
2 2 0.031973 0.034102 0.903729 0.012908 0.017288
2 2 0.031581 0.036459 0.899444 0.013888 0.018628
2 2 0.035651 0.041237 0.884034 0.016726 0.022352
2 2 0.031365 0.030222 0.912337 0.011153 0.014923
2 2 0.032599 0.036689 0.897616 0.014146 0.018949
2 2 0.031838 0.033871 0.904374 0.012788 0.017129
2 2 0.031084 0.030233 0.912672 0.011123 0.014889
2 2 0.037740 0.047759 0.867153 0.020272 0.027076
2 2 0.034383 0.026438 0.916175 0.009873 0.013131
2 2 0.030146 0.035086 0.904141 0.013069 0.017557
2 2 0.024924 0.035214 0.910931 0.012286 0.016645
2 2 0.028196 0.031578 0.913713 0.011305 0.015208
2 2 0.030518 0.033845 0.906154 0.012590 0.016894
2 2 0.032513 0.036560 0.897996 0.014075 0.018856
2 2 0.033352 0.032382 0.905444 0.012340 0.016483
2 2 0.028886 0.035383 0.905225 0.013003 0.017503
2 2 0.030729 0.027931 0.917700 0.010113 0.013528
2 2 0.027825 0.032760 0.911860 0.011741 0.015813
