0 0 0.910428 0.052035 0.004209 0.001161 0.032168
0 0 0.906772 0.053820 0.004527 0.001261 0.033619
0 0 0.918130 0.048216 0.003572 0.000963 0.029119
0 0 0.919676 0.047440 0.003449 0.000926 0.028509
0 0 0.847370 0.080657 0.011083 0.003496 0.057394
0 0 0.946779 0.033242 0.001621 0.000393 0.017966
0 0 0.914983 0.049786 0.003826 0.001041 0.030363
0 0 0.913781 0.050382 0.003926 0.001072 0.030839
0 0 0.914971 0.049792 0.003827 0.001042 0.030367
0 0 0.879513 0.066616 0.007219 0.002144 0.044507
0 0 0.902214 0.056022 0.004939 0.001392 0.035433
0 0 0.863024 0.073952 0.009111 0.002795 0.051119
0 0 0.847040 0.080796 0.011126 0.003512 0.057525
0 0 0.872591 0.069731 0.007990 0.002407 0.047282
0 0 0.913384 0.050579 0.003959 0.001082 0.030996
0 0 0.913246 0.050647 0.003970 0.001086 0.031051
0 0 0.808417 0.096336 0.016718 0.005595 0.072933
0 0 0.875277 0.068529 0.007687 0.002303 0.046205
0 0 0.829556 0.088000 0.013533 0.004393 0.064518
0 0 0.805852 0.097321 0.017125 0.005752 0.073950
0 0 0.821207 0.091340 0.014755 0.004850 0.067848
0 0 0.822274 0.090917 0.014597 0.004790 0.067423
0 0 0.812252 0.094854 0.016118 0.005366 0.071410
0 0 0.861115 0.074783 0.009342 0.002876 0.051884
0 0 0.877959 0.067320 0.007389 0.002202 0.045130
0 0 0.833679 0.086327 0.012947 0.004176 0.062872
0 0 0.870082 0.070847 0.008277 0.002506 0.048288
0 0 0.831535 0.087199 0.013250 0.004288 0.063728
0 0 0.870523 0.070651 0.008226 0.002488 0.048111
0 0 0.900572 0.056809 0.005091 0.001441 0.036087
0 0 0.896643 0.058678 0.005463 0.001561 0.037654
0 0 0.917607 0.048478 0.003613 0.000976 0.029326
0 0 0.888392 0.062544 0.006282 0.001830 0.040952
0 0 0.906469 0.053967 0.004554 0.001269 0.033740
0 0 0.826146 0.089372 0.014027 0.004576 0.065879
0 0 0.812824 0.094631 0.016030 0.005332 0.071183
0 0 0.844217 0.081979 0.011501 0.003647 0.058656
0 0 0.766966 0.111570 0.023820 0.008403 0.089242
0 0 0.788269 0.103920 0.020030 0.006885 0.080897
0 0 0.746239 0.118662 0.027789 0.010036 0.097274
0 0 0.743250 0.119657 0.028384 0.010284 0.098425
0 0 0.780753 0.106661 0.021333 0.007402 0.083850
0 0 0.707132 0.131183 0.035925 0.013447 0.112313
0 0 0.583342 0.168253 0.058110 0.018035 0.172261
0 0 0.669545 0.142844 0.043247 0.015814 0.128551
0 0 0.696785 0.135089 0.036527 0.012788 0.118811
0 0 0.746322 0.118634 0.027772 0.010029 0.097242
0 0 0.708291 0.131447 0.034292 0.012022 0.113948
0 0 0.582551 0.166339 0.063209 0.022555 0.165346
0 0 0.596242 0.164806 0.055516 0.017484 0.165952
0 0 0.769355 0.110730 0.023380 0.008225 0.088310
0 0 0.740914 0.120429 0.028853 0.010481 0.099322
0 0 0.827362 0.088884 0.013850 0.004510 0.065394
0 0 0.825250 0.089731 0.014158 0.004625 0.066236
0 0 0.617905 0.160771 0.045401 0.012084 0.163839
0 0 0.701564 0.133826 0.035012 0.011944 0.117654
0 0 0.640568 0.154292 0.040985 0.010965 0.153190
0 0 0.854729 0.077535 0.010135 0.003156 0.054445
0 0 0.805135 0.097595 0.017240 0.005796 0.074234
0 0 0.849295 0.079846 0.010831 0.003405 0.056622
0 0 0.711994 0.131133 0.031263 0.009796 0.115814
0 0 0.677484 0.142883 0.035098 0.009824 0.134711
0 0 0.652966 0.151040 0.036891 0.009231 0.149872
0 0 0.716899 0.129788 0.029534 0.008864 0.114915
0 0 0.699830 0.135261 0.032902 0.010030 0.121977
0 0 0.710218 0.132283 0.029685 0.008469 0.119345
0 0 0.694817 0.137703 0.030738 0.008117 0.128625
0 0 0.765456 0.112930 0.021545 0.006433 0.093636
0 0 0.793960 0.101813 0.019067 0.006506 0.078654
0 0 0.699398 0.133550 0.037594 0.014132 0.115326
0 0 0.737453 0.122007 0.028493 0.009803 0.102244
0 0 0.683043 0.140291 0.036825 0.011608 0.128233
0 0 0.717167 0.129449 0.030286 0.009466 0.113632
0 0 0.745295 0.119884 0.025520 0.008004 0.101296
0 0 0.827419 0.088861 0.013842 0.004507 0.065371
0 0 0.924169 0.045165 0.003105 0.000821 0.026740
0 0 0.921105 0.046719 0.003338 0.000892 0.027946
0 0 0.944601 0.034428 0.001745 0.000427 0.018799
0 0 0.931889 0.041186 0.002550 0.000657 0.023718
0 0 0.943114 0.035232 0.001832 0.000452 0.019370
0 0 0.914869 0.049843 0.003836 0.001044 0.030408
0 0 0.922313 0.046108 0.003245 0.000864 0.027470
0 0 0.890214 0.061697 0.006097 0.001769 0.040223
0 0 0.880489 0.066173 0.007114 0.002108 0.044116
0 0 0.832048 0.086991 0.013177 0.004261 0.063523
0 0 0.818267 0.092502 0.015197 0.005016 0.069019
0 0 0.790316 0.103165 0.019681 0.006747 0.080091
0 0 0.771166 0.110091 0.023049 0.008091 0.087603
0 0 0.802466 0.098612 0.017669 0.005962 0.075291
0 0 0.742419 0.119932 0.028551 0.010354 0.098744
0 0 0.435115 0.206101 0.069875 0.012080 0.276829
0 1 0.526650 0.185184 0.060253 0.013801 0.214113
0 1 0.578962 0.171240 0.053412 0.014055 0.182331
0 2 0.745181 0.119842 0.025796 0.008215 0.100966
4 2 0.247842 0.223546 0.137816 0.025666 0.365130
0 2 0.316210 0.217383 0.125379 0.029019 0.312009
2 2 0.108303 0.192733 0.361006 0.067221 0.270738
4 2 0.110509 0.197556 0.261506 0.057211 0.373219
2 2 0.071901 0.175571 0.432411 0.065647 0.254470
2 2 0.026348 0.091227 0.727460 0.050214 0.104751
2 2 0.009402 0.036043 0.896419 0.029763 0.028372
2 2 0.016319 0.056857 0.836463 0.040403 0.049958
2 2 0.004176 0.017965 0.945468 0.019413 0.012978
2 2 0.006817 0.022545 0.922223 0.030431 0.017984
2 2 0.005898 0.018618 0.930522 0.030090 0.014872
2 2 0.006378 0.020439 0.926252 0.030577 0.016355
2 2 0.006381 0.022031 0.925835 0.028444 0.017308
2 2 0.007575 0.026781 0.914769 0.029703 0.021173
2 2 0.005351 0.014340 0.934547 0.033914 0.011848
2 2 0.009810 0.023602 0.898023 0.047660 0.020903
2 2 0.011779 0.035609 0.881551 0.040856 0.030206
2 2 0.004657 0.017602 0.941510 0.023001 0.013229
2 2 0.004706 0.017459 0.941127 0.023517 0.013191
2 2 0.005338 0.017764 0.935514 0.027477 0.013908
2 2 0.006243 0.016163 0.926710 0.037270 0.013614
2 2 0.011369 0.020643 0.882172 0.066000 0.019816
2 2 0.014550 0.023598 0.857635 0.080495 0.023722
2 2 0.017768 0.018912 0.813904 0.127962 0.021454
2 2 0.010718 0.022320 0.889715 0.056628 0.020619
2 3 0.015168 0.020115 0.844659 0.098725 0.021333
2 3 0.012367 0.020386 0.872423 0.074655 0.020169
2 3 0.032336 0.021598 0.641802 0.274723 0.029541
2 3 0.040086 0.021948 0.462291 0.441914 0.033761
2 3 0.015768 0.017781 0.830434 0.116316 0.019701
2 3 0.017648 0.017610 0.809078 0.135367 0.020297
2 3 0.011437 0.015358 0.869386 0.087912 0.015906
2 3 0.016431 0.016083 0.814643 0.134314 0.018529
2 3 0.034642 0.018630 0.527299 0.391533 0.027897
2 3 0.011777 0.017252 0.871520 0.081932 0.017519
2 3 0.049890 0.030920 0.521277 0.352532 0.045381
3 3 0.043389 0.023428 0.367900 0.527547 0.037736
3 3 0.030426 0.014826 0.429919 0.501327 0.023502
3 3 0.035057 0.017025 0.282400 0.636472 0.029046
0 2 0.571407 0.165553 0.072311 0.030593 0.160135
2 2 0.019007 0.062713 0.820123 0.044165 0.053993
2 2 0.006368 0.022273 0.925859 0.028061 0.017439
2 2 0.006400 0.024667 0.924493 0.025576 0.018864
2 2 0.009553 0.033718 0.897133 0.032480 0.027116
2 2 0.005690 0.012684 0.929127 0.041481 0.011017
2 2 0.006756 0.021740 0.922908 0.031147 0.017449
2 2 0.007942 0.019359 0.912467 0.043398 0.016834
2 2 0.032937 0.027623 0.688349 0.215707 0.035384
2 2 0.037577 0.028275 0.641656 0.254643 0.037849
2 3 0.021981 0.022827 0.787855 0.140857 0.026480
2 3 0.020132 0.015529 0.766803 0.178224 0.019311
2 3 0.019476 0.023339 0.812784 0.118530 0.025870
2 3 0.042792 0.029075 0.598872 0.288778 0.040482
2 3 0.032597 0.017264 0.539305 0.385068 0.025766
3 3 0.029188 0.012982 0.114146 0.818342 0.025342
3 3 0.045998 0.025184 0.347364 0.540559 0.040895
3 3 0.055532 0.031588 0.244821 0.614107 0.053951
3 3 0.032825 0.015190 0.126436 0.796401 0.029148
2 3 0.054739 0.038498 0.514988 0.336426 0.055349
3 3 0.032129 0.014769 0.105502 0.818583 0.029017
3 3 0.041425 0.020784 0.134268 0.764304 0.039219
3 3 0.050306 0.027489 0.234364 0.640314 0.047528
3 3 0.031833 0.015424 0.377803 0.549871 0.025069
3 3 0.037099 0.018486 0.302003 0.611304 0.031109
3 3 0.034934 0.016555 0.087724 0.827614 0.033173
3 3 0.035794 0.017091 0.157312 0.758039 0.031765
3 3 0.033929 0.015891 0.146567 0.773736 0.029877
3 3 0.028362 0.012543 0.079428 0.854042 0.025624
3 3 0.030093 0.013552 0.089952 0.839187 0.027216
3 3 0.035899 0.017364 0.232692 0.683526 0.030519
3 3 0.034104 0.016059 0.181607 0.738911 0.029319
3 3 0.034599 0.016343 0.087376 0.828907 0.032776
3 3 0.029499 0.013177 0.102392 0.828869 0.026063
3 3 0.032630 0.015069 0.125078 0.798261 0.028962
3 3 0.033895 0.015860 0.132268 0.787755 0.030222
3 3 0.033098 0.015485 0.064051 0.855086 0.032279
3 3 0.028193 0.012393 0.121740 0.813652 0.024022
3 3 0.032970 0.015406 0.063921 0.855577 0.032126
3 3 0.032476 0.014989 0.100073 0.822828 0.029633
3 3 0.035430 0.016843 0.102246 0.812377 0.033105
3 3 0.035208 0.016698 0.105472 0.809922 0.032700
3 3 0.029467 0.013290 0.057127 0.871925 0.028190
3 3 0.031542 0.014471 0.075277 0.849065 0.029645
3 3 0.031484 0.014423 0.079282 0.845447 0.029364
3 3 0.035643 0.016981 0.101410 0.812566 0.033402
3 3 0.037766 0.018343 0.113487 0.794907 0.035499
3 3 0.030880 0.014022 0.092839 0.834231 0.028028
3 3 0.032896 0.015244 0.104039 0.817843 0.029979
3 3 0.034752 0.016407 0.141759 0.776127 0.030955
3 3 0.041430 0.020784 0.115244 0.782546 0.039996
3 3 0.039239 0.019311 0.124458 0.780110 0.036881
3 3 0.041640 0.021119 0.208438 0.691302 0.037501
3 3 0.046548 0.024357 0.100131 0.781497 0.047467
3 3 0.028140 0.012411 0.080225 0.853895 0.025328
2 2 0.034142 0.022339 0.660830 0.252303 0.030385
2 2 0.040942 0.038955 0.681289 0.190090 0.048723
2 2 0.006431 0.014994 0.923883 0.041703 0.012989
2 2 0.013038 0.027371 0.873555 0.060441 0.025596
2 2 0.033573 0.018351 0.569763 0.351423 0.026889
2 2 0.008992 0.011901 0.885622 0.081326 0.012159
2 2 0.030692 0.022321 0.692683 0.225011 0.029293
3 3 0.038761 0.019846 0.336971 0.571733 0.032689
2 3 0.013192 0.022803 0.868509 0.073096 0.022400
3 3 0.036675 0.018816 0.394218 0.520158 0.030133
3 3 0.058773 0.035481 0.351167 0.497933 0.056645
2 3 0.035996 0.023149 0.595320 0.312934 0.032601
2 3 0.015257 0.018140 0.837348 0.109471 0.019784
2 3 0.011062 0.017915 0.880561 0.072802 0.017661
2 2 0.006315 0.017160 0.926500 0.035732 0.014293
2 2 0.004357 0.019548 0.943130 0.018948 0.014017
2 2 0.018724 0.099696 0.762919 0.028234 0.090426
2 2 0.006925 0.028338 0.918403 0.024861 0.021474
2 2 0.021493 0.116063 0.711686 0.029829 0.120928
2 2 0.021973 0.135050 0.614494 0.028212 0.200272
2 2 0.018729 0.123373 0.672353 0.024992 0.160554
2 2 0.006192 0.034250 0.917951 0.017693 0.023913
4 2 0.030235 0.159414 0.375471 0.034339 0.400542
2 2 0.019619 0.128069 0.649028 0.025749 0.177534
2 2 0.021702 0.145986 0.518999 0.026153 0.287160
2 2 0.024695 0.150232 0.496550 0.029423 0.299100
4 2 0.029528 0.158378 0.270386 0.034249 0.507458
2 2 0.017472 0.101940 0.748251 0.026411 0.105926
2 2 0.015363 0.083195 0.799084 0.026478 0.075880
2 2 0.070132 0.163327 0.506924 0.071170 0.188448
2 2 0.009747 0.052212 0.878467 0.021598 0.037976
2 2 0.011560 0.047009 0.874143 0.030257 0.037031
0 2 0.749637 0.117522 0.027119 0.009757 0.095963
2 2 0.029630 0.125629 0.674923 0.040421 0.129398
2 2 0.004178 0.025480 0.939660 0.013790 0.016892
2 2 0.004974 0.027614 0.932244 0.016202 0.018966
2 2 0.007648 0.035115 0.908132 0.023052 0.026053
2 2 0.042627 0.135044 0.630330 0.057210 0.134789
2 2 0.003624 0.021562 0.947220 0.013355 0.014240
2 2 0.003623 0.015519 0.951334 0.018410 0.011113
2 2 0.005939 0.022129 0.929285 0.025672 0.016975
2 2 0.004267 0.022146 0.941990 0.016298 0.015299
2 2 0.003175 0.015632 0.955231 0.015243 0.010718
2 2 0.003209 0.016460 0.954445 0.014706 0.011180
2 2 0.003412 0.014188 0.953707 0.018499 0.010193
2 2 0.005887 0.016561 0.930329 0.033613 0.013609
2 2 0.007334 0.018340 0.917517 0.041050 0.015758
2 2 0.005193 0.016403 0.936833 0.028587 0.012984
2 2 0.005507 0.016319 0.933867 0.031129 0.013178
2 2 0.008292 0.017759 0.907986 0.049968 0.015996
2 3 0.004545 0.015525 0.942856 0.025131 0.011943
2 3 0.018513 0.014916 0.770499 0.177716 0.018355
2 3 0.010924 0.018586 0.883252 0.069156 0.018081
3 3 0.051835 0.030180 0.383973 0.486314 0.047698
2 3 0.028036 0.020007 0.676100 0.249285 0.026572
2 3 0.038633 0.022493 0.553962 0.352046 0.032866
2 3 0.028458 0.018542 0.669663 0.258225 0.025112
2 3 0.035497 0.019783 0.512919 0.402168 0.029634
3 3 0.036552 0.017592 0.164206 0.749170 0.032480
3 3 0.038858 0.019735 0.310054 0.598360 0.032992
2 3 0.032654 0.017347 0.543080 0.381084 0.025835
3 3 0.039394 0.021108 0.432470 0.474013 0.033016
2 3 0.026919 0.017143 0.641018 0.291297 0.023624
2 3 0.028441 0.016490 0.594815 0.336649 0.023605
2 3 0.053941 0.033374 0.468074 0.394409 0.050202
3 3 0.040530 0.021094 0.337312 0.566399 0.034665
3 3 0.034389 0.016251 0.186844 0.732974 0.029542
3 3 0.039936 0.019813 0.158423 0.745198 0.036630
3 3 0.043003 0.021911 0.163369 0.731502 0.040215
3 3 0.034584 0.016378 0.187843 0.731452 0.029744
3 3 0.041170 0.020631 0.150752 0.749097 0.038350
3 3 0.032670 0.015135 0.168835 0.755404 0.027956
3 2 0.041862 0.021570 0.268301 0.631438 0.036828
0 2 0.604957 0.158314 0.062211 0.025623 0.148895
2 2 0.067167 0.156344 0.574398 0.057981 0.144112
2 2 0.177995 0.201132 0.354047 0.068754 0.198072
2 2 0.008169 0.035850 0.904252 0.024708 0.027022
2 2 0.004055 0.016974 0.946954 0.019698 0.012320
2 2 0.002836 0.015346 0.958337 0.013280 0.010201
2 2 0.004160 0.014146 0.946507 0.024358 0.010828
2 2 0.003660 0.014178 0.951366 0.020381 0.010415
2 2 0.005909 0.012737 0.926684 0.043484 0.011185
2 2 0.007139 0.017898 0.919099 0.040523 0.015340
2 2 0.009515 0.015246 0.890888 0.069443 0.014908
2 2 0.010868 0.013873 0.870350 0.090409 0.014499
2 2 0.006726 0.016227 0.921988 0.041077 0.013982
2 2 0.011223 0.014748 0.869622 0.089069 0.015337
2 2 0.009399 0.014666 0.890645 0.070866 0.014424
2 2 0.029365 0.015351 0.540795 0.391574 0.022915
2 2 0.020084 0.018245 0.753035 0.186422 0.022214
2 2 0.015449 0.015165 0.820969 0.131038 0.017379
2 2 0.034390 0.017991 0.484459 0.435589 0.027572
2 2 0.014933 0.015610 0.829650 0.122246 0.017561
2 2 0.024547 0.026000 0.775632 0.143556 0.030266
2 2 0.021591 0.019238 0.772539 0.163414 0.023218
2 3 0.018359 0.015168 0.785520 0.162550 0.018402
3 3 0.034947 0.017144 0.319691 0.599582 0.028637
3 3 0.030458 0.013746 0.140385 0.789321 0.026091
2 3 0.030683 0.018486 0.559248 0.364856 0.026726
3 3 0.040976 0.020842 0.247929 0.654180 0.036072
2 3 0.031760 0.016472 0.520844 0.406064 0.024861
2 3 0.033507 0.017265 0.473855 0.448734 0.026640
3 3 0.043403 0.023856 0.408838 0.486315 0.037589
3 3 0.036118 0.017468 0.222018 0.693486 0.030911
3 3 0.047027 0.026245 0.374066 0.510713 0.041949
3 3 0.039085 0.019354 0.200165 0.706734 0.034663
3 3 0.035680 0.017409 0.276960 0.640176 0.029775
3 3 0.038521 0.019365 0.286549 0.622739 0.032826
3 2 0.062438 0.039033 0.372381 0.464854 0.061293
2 2 0.025383 0.038290 0.790934 0.104515 0.040878
2 2 0.008077 0.020158 0.911615 0.042702 0.017448
2 2 0.011034 0.037607 0.885083 0.035451 0.030826
2 2 0.011050 0.016329 0.876815 0.079338 0.016469
2 2 0.007574 0.032414 0.910941 0.024620 0.024450
2 2 0.004905 0.012289 0.937602 0.034943 0.010262
2 2 0.004675 0.020010 0.940322 0.020405 0.014588
2 2 0.003993 0.014771 0.948113 0.022081 0.011042
2 2 0.006032 0.020197 0.929180 0.028666 0.015925
2 2 0.020359 0.075888 0.800127 0.039837 0.063789
2 2 0.007681 0.023946 0.915066 0.033760 0.019547
2 2 0.008350 0.016407 0.905728 0.054410 0.015106
2 2 0.005776 0.014798 0.930489 0.036508 0.012429
2 2 0.006909 0.020016 0.921774 0.034787 0.016513
2 2 0.005591 0.024029 0.930853 0.021808 0.017720
2 2 0.005354 0.013000 0.933343 0.037295 0.011007
2 2 0.005313 0.014843 0.935225 0.032487 0.012132
2 2 0.006210 0.017776 0.927656 0.033758 0.014600
2 2 0.004962 0.012334 0.936999 0.035376 0.010328
2 2 0.007040 0.013324 0.914639 0.052761 0.012235
2 2 0.009615 0.021847 0.898963 0.049978 0.019597
2 2 0.006478 0.018689 0.925406 0.034062 0.015365
2 2 0.008562 0.013661 0.897550 0.066954 0.013273
2 2 0.008773 0.015445 0.899539 0.061576 0.014666
2 2 0.023400 0.017951 0.745866 0.190142 0.022640
2 2 0.008830 0.013852 0.894934 0.068841 0.013544
2 2 0.019152 0.024924 0.819726 0.109173 0.027024
2 2 0.011937 0.015615 0.864577 0.091542 0.016330
2 2 0.010526 0.013612 0.873473 0.088243 0.014147
2 2 0.009292 0.013873 0.889498 0.073553 0.013784
2 2 0.035382 0.024981 0.649521 0.256412 0.033704
2 2 0.013364 0.014250 0.841270 0.115295 0.015821
3 2 0.039502 0.021357 0.448555 0.457467 0.033118
2 2 0.020120 0.018032 0.766777 0.173248 0.021823
2 2 0.011652 0.013399 0.858269 0.102230 0.014450
2 2 0.034627 0.018771 0.540156 0.378532 0.027914
2 2 0.029918 0.019941 0.642531 0.280346 0.027264
3 2 0.034190 0.017178 0.404729 0.516455 0.027447
2 2 0.030527 0.023652 0.694893 0.220281 0.030647
2 2 0.021548 0.017270 0.763464 0.176343 0.021375
2 2 0.038319 0.023516 0.497941 0.405332 0.034892
0 2 0.444031 0.191361 0.125746 0.046849 0.192013
2 2 0.006490 0.023986 0.924181 0.026791 0.018552
2 2 0.007883 0.037201 0.904749 0.022690 0.027476
2 2 0.005003 0.012680 0.936910 0.034835 0.010573
2 2 0.005345 0.021975 0.933972 0.022376 0.016332
2 2 0.005957 0.018070 0.929989 0.031396 0.014587
2 2 0.006369 0.019948 0.926385 0.031247 0.016051
2 2 0.003074 0.013167 0.957209 0.017227 0.009323
2 2 0.004039 0.014016 0.947694 0.023598 0.010652
2 2 0.004368 0.015109 0.944533 0.024434 0.011555
2 2 0.004485 0.015136 0.943425 0.025287 0.011667
2 2 0.004761 0.014274 0.940547 0.029041 0.011377
2 2 0.010292 0.016326 0.885041 0.072247 0.016094
2 2 0.008312 0.011647 0.893595 0.074782 0.011665
2 2 0.006381 0.019873 0.926285 0.031445 0.016015
2 2 0.007797 0.016935 0.911990 0.048142 0.015135
2 2 0.006177 0.018448 0.928061 0.032327 0.014987
2 2 0.013175 0.019130 0.861928 0.086140 0.019628
2 2 0.015450 0.028526 0.855416 0.072721 0.027887
2 2 0.021720 0.018500 0.769650 0.167575 0.022556
2 2 0.027030 0.025396 0.750420 0.166415 0.030739
2 2 0.023898 0.023663 0.740816 0.183059 0.028563
2 2 0.016247 0.015320 0.812265 0.138362 0.017804
3 3 0.042613 0.023423 0.423906 0.473409 0.036649
2 3 0.036350 0.022339 0.588981 0.320520 0.031810
3 3 0.030383 0.014310 0.344539 0.587053 0.023715
2 3 0.032873 0.018770 0.583644 0.337594 0.027120
2 3 0.038634 0.021379 0.506064 0.401733 0.032190
2 3 0.021980 0.023634 0.790749 0.136464 0.027174
2 3 0.034125 0.018690 0.556364 0.363279 0.027543
3 3 0.028437 0.012644 0.211254 0.724925 0.022740
2 3 0.030405 0.016935 0.578593 0.349460 0.024608
3 3 0.045093 0.024912 0.387859 0.502522 0.039614
2 3 0.029677 0.015061 0.526083 0.406435 0.022743
3 3 0.036622 0.018046 0.279508 0.635038 0.030785
3 3 0.039653 0.020514 0.342774 0.563415 0.033645
3 3 0.038108 0.019441 0.343999 0.566529 0.031923
3 3 0.041067 0.021592 0.351953 0.550209 0.035178
2 3 0.033414 0.021141 0.624318 0.291679 0.029448
3 3 0.034596 0.017880 0.456742 0.462990 0.027792
2 3 0.031440 0.040719 0.752854 0.129050 0.045937
2 3 0.008964 0.016601 0.899682 0.059165 0.015589
2 4 0.029723 0.155812 0.474516 0.038847 0.301102
4 4 0.032908 0.164518 0.244792 0.029165 0.528616
4 4 0.024353 0.154063 0.323376 0.028835 0.469372
4 4 0.174248 0.217240 0.227094 0.044742 0.336676
4 4 0.036996 0.167148 0.279659 0.034451 0.481745
2 4 0.074636 0.186536 0.402580 0.051048 0.285200
2 4 0.027404 0.151079 0.508980 0.032985 0.279553
4 4 0.144107 0.209875 0.248673 0.050489 0.346856
4 4 0.040116 0.168911 0.238712 0.030254 0.522007
4 4 0.027902 0.159467 0.328478 0.028353 0.455801
4 4 0.024386 0.153736 0.316585 0.028524 0.476769
4 4 0.027152 0.158433 0.349816 0.028464 0.436135
4 4 0.024670 0.154585 0.387406 0.027489 0.405849
4 4 0.027636 0.155694 0.172577 0.019977 0.624115
4 4 0.016089 0.128766 0.080149 0.006709 0.768287
4 4 0.038365 0.161346 0.085168 0.010656 0.704465
2 4 0.021029 0.137028 0.596374 0.026628 0.218941
4 4 0.025917 0.155844 0.373898 0.029023 0.415318
2 4 0.024261 0.150952 0.481427 0.028627 0.314733
4 4 0.049270 0.177088 0.247275 0.036145 0.490223
4 4 0.053442 0.179276 0.105267 0.011925 0.650089
4 4 0.027200 0.154300 0.150969 0.017723 0.649808
2 4 0.023307 0.140687 0.580236 0.029270 0.226500
4 4 0.026601 0.152950 0.227981 0.029140 0.563328
4 4 0.032315 0.161552 0.232354 0.026291 0.547488
4 4 0.027890 0.155480 0.226257 0.026835 0.563537
4 4 0.042713 0.164116 0.073815 0.008305 0.711052
4 4 0.038083 0.163674 0.105142 0.014012 0.679089
4 4 0.034321 0.166229 0.296210 0.034190 0.469049
2 4 0.020244 0.140945 0.558622 0.024979 0.255210
4 4 0.045621 0.175195 0.188384 0.025320 0.565479
4 4 0.028726 0.156748 0.227704 0.027910 0.558912
4 4 0.024043 0.150637 0.163559 0.017036 0.644726
2 4 0.026113 0.154989 0.431120 0.029916 0.357863
2 4 0.022512 0.141664 0.568105 0.028018 0.239701
2 4 0.020944 0.146868 0.498286 0.024903 0.309000
2 4 0.021981 0.151318 0.427174 0.025055 0.374472
4 4 0.025141 0.148621 0.108965 0.011582 0.705691
4 4 0.031016 0.157658 0.132874 0.017948 0.660504
2 4 0.023665 0.150398 0.482323 0.027926 0.315688
2 4 0.026011 0.154991 0.428619 0.029751 0.360627
4 4 0.034484 0.166351 0.289311 0.030435 0.479420
2 4 0.020273 0.142635 0.542100 0.024754 0.270238
4 4 0.025169 0.152256 0.158740 0.016671 0.647164
4 4 0.050233 0.179252 0.164190 0.021855 0.584469
4 4 0.025412 0.152966 0.250171 0.028626 0.542825
4 4 0.034573 0.161275 0.113309 0.013667 0.677176
4 4 0.031005 0.159474 0.207400 0.026667 0.575454
4 4 0.061117 0.185871 0.230785 0.030116 0.492111
4 4 0.027677 0.155762 0.209300 0.024228 0.583033
2 4 0.023666 0.150475 0.481137 0.027907 0.316816
4 4 0.027675 0.154966 0.241969 0.027595 0.547796
4 4 0.037414 0.167931 0.268518 0.030548 0.495589
2 4 0.022895 0.144633 0.543879 0.028060 0.260533
4 4 0.048216 0.178709 0.257886 0.031571 0.483618
2 4 0.019858 0.130279 0.636619 0.025831 0.187413
2 4 0.020240 0.127324 0.655347 0.026718 0.170371
2 4 0.019262 0.148109 0.445740 0.023104 0.363785
4 4 0.023768 0.154042 0.358884 0.027499 0.435807
2 4 0.025088 0.148902 0.516156 0.030272 0.279582
2 4 0.019145 0.126187 0.645639 0.025667 0.183362
4 4 0.039001 0.169325 0.176759 0.022075 0.592839
2 4 0.029059 0.158081 0.401773 0.032755 0.378333
2 4 0.020085 0.126054 0.661896 0.026641 0.165323
2 4 0.023308 0.142678 0.564198 0.028960 0.240856
2 4 0.034692 0.157379 0.480180 0.041255 0.286494
2 4 0.023143 0.153054 0.403929 0.026311 0.393564
4 4 0.047943 0.177052 0.183269 0.025310 0.566426
2 4 0.023807 0.146768 0.529226 0.028932 0.271267
2 4 0.021851 0.134252 0.619231 0.028147 0.196519
4 4 0.029132 0.160865 0.338377 0.030474 0.441151
2 2 0.016326 0.099210 0.760264 0.024701 0.099499
2 2 0.019792 0.130395 0.635632 0.025725 0.188456
2 2 0.019743 0.117393 0.703903 0.027105 0.131856
2 2 0.009638 0.058063 0.859307 0.020785 0.052207
2 2 0.022719 0.127756 0.656494 0.030315 0.162715
2 2 0.045706 0.162117 0.502843 0.047895 0.241439
2 2 0.010026 0.052223 0.876298 0.022559 0.038895
2 2 0.002873 0.016700 0.957068 0.012444 0.010915
2 2 0.003283 0.017907 0.952836 0.013976 0.011999
2 2 0.003798 0.018614 0.948200 0.016452 0.012936
2 2 0.003221 0.018602 0.952784 0.013117 0.012275
2 2 0.005566 0.026334 0.929330 0.019811 0.018960
2 2 0.004596 0.018570 0.941682 0.021438 0.013715
2 2 0.004301 0.029116 0.935145 0.012585 0.018853
2 2 0.003521 0.017683 0.951062 0.015583 0.012151
2 2 0.004684 0.020873 0.939743 0.019632 0.015068
2 2 0.004506 0.023488 0.939158 0.016579 0.016270
2 2 0.003738 0.015304 0.950373 0.019481 0.011106
2 2 0.003939 0.020843 0.945476 0.015492 0.014251
2 2 0.003434 0.015707 0.952934 0.016899 0.011026
2 2 0.006027 0.029054 0.923917 0.020061 0.020941
2 2 0.004966 0.023459 0.935837 0.018976 0.016762
2 2 0.003140 0.014704 0.956021 0.015935 0.010200
2 2 0.005257 0.028278 0.929740 0.017077 0.019649
2 2 0.004636 0.022520 0.938974 0.017967 0.015904
2 2 0.005293 0.016105 0.935844 0.029874 0.012884
2 2 0.003376 0.016023 0.953277 0.016191 0.011133
2 2 0.006006 0.026208 0.926336 0.022096 0.019353
2 2 0.003495 0.015235 0.952592 0.017841 0.010836
2 2 0.005081 0.025529 0.933371 0.018023 0.017995
2 2 0.004183 0.020733 0.943707 0.016912 0.014465
2 2 0.004114 0.012953 0.946715 0.026122 0.010097
2 2 0.004569 0.019886 0.941236 0.019895 0.014415
2 2 0.004088 0.016309 0.946906 0.020711 0.011985
2 2 0.005257 0.016117 0.936186 0.029576 0.012864
2 2 0.004251 0.017629 0.944996 0.020259 0.012866
2 2 0.005520 0.019745 0.933554 0.025960 0.015221
2 2 0.005857 0.022004 0.929979 0.025332 0.016828
2 2 0.005655 0.020672 0.932136 0.025659 0.015878
2 2 0.004951 0.018163 0.938818 0.024259 0.013809
2 2 0.006364 0.012913 0.921701 0.047450 0.011571
2 2 0.088523 0.101387 0.623068 0.088416 0.098608
2 2 0.016598 0.059745 0.835112 0.038712 0.049833
2 2 0.021961 0.095824 0.769613 0.034541 0.078061
2 2 0.003820 0.021783 0.945586 0.014220 0.014591
2 2 0.003030 0.014755 0.956991 0.015113 0.010111
2 2 0.007042 0.034334 0.912620 0.021052 0.024952
2 2 0.005617 0.021423 0.932134 0.024551 0.016275
2 2 0.003149 0.016352 0.955020 0.014420 0.011059
2 2 0.003822 0.016377 0.949225 0.018806 0.011770
2 2 0.003206 0.016399 0.954508 0.014741 0.011146
2 2 0.004025 0.018394 0.946492 0.018031 0.013058
2 2 0.006578 0.018677 0.924513 0.034799 0.015432
2 2 0.003648 0.015687 0.951041 0.018394 0.011229
2 2 0.004105 0.020151 0.944725 0.016946 0.014074
2 2 0.006368 0.021707 0.926048 0.028773 0.017104
2 2 0.004149 0.014246 0.946626 0.024102 0.010876
2 2 0.003452 0.017706 0.951611 0.015144 0.012087
2 2 0.008527 0.020118 0.907596 0.046032 0.017726
2 2 0.006520 0.015715 0.923636 0.040615 0.013514
2 2 0.020689 0.018971 0.783367 0.154359 0.022613
2 2 0.006125 0.021674 0.928000 0.027325 0.016875
2 2 0.006335 0.016923 0.926210 0.036373 0.014159
2 2 0.004101 0.015565 0.946979 0.021771 0.011583
2 2 0.006321 0.014051 0.923961 0.043365 0.012302
2 2 0.005600 0.015978 0.932882 0.032503 0.013038
2 2 0.008486 0.017696 0.906019 0.051727 0.016072
2 2 0.009087 0.017653 0.900038 0.056825 0.016397
2 2 0.007365 0.017512 0.916718 0.043163 0.015241
2 2 0.025459 0.021399 0.747952 0.178686 0.026504
2 2 0.017920 0.022913 0.825928 0.108409 0.024830
2 2 0.005984 0.016581 0.929416 0.034328 0.013692
2 2 0.004515 0.012405 0.942080 0.030933 0.010067
2 2 0.003173 0.014824 0.955672 0.016035 0.010296
2 2 0.005475 0.019062 0.934113 0.026565 0.014785
2 2 0.009789 0.020620 0.896601 0.054117 0.018872
2 2 0.011401 0.016485 0.873429 0.081930 0.016755
2 2 0.010074 0.019043 0.892265 0.060677 0.017941
2 2 0.014131 0.017490 0.847029 0.102574 0.018777
2 2 0.006871 0.026970 0.919700 0.025823 0.020636
2 2 0.005956 0.016376 0.929598 0.034525 0.013545
2 2 0.021286 0.027711 0.807532 0.113186 0.030285
2 2 0.010604 0.015914 0.880552 0.076989 0.015941
2 2 0.009192 0.017500 0.898769 0.058189 0.016350
2 2 0.050761 0.031835 0.527361 0.343551 0.046492
2 2 0.050425 0.033205 0.543243 0.325417 0.047710
2 2 0.035647 0.039040 0.722447 0.156448 0.046418
2 3 0.036383 0.021599 0.603228 0.308046 0.030744
2 3 0.081483 0.061961 0.402624 0.361807 0.092125
3 3 0.033776 0.016227 0.290390 0.632010 0.027597
2 3 0.052227 0.032515 0.499312 0.367784 0.048162
3 3 0.030276 0.014662 0.419835 0.511861 0.023366
3 3 0.040327 0.021003 0.344380 0.559900 0.034390
2 3 0.046733 0.027563 0.487265 0.396998 0.041441
3 3 0.043163 0.022914 0.328008 0.568179 0.037735
3 3 0.053056 0.030134 0.298014 0.568863 0.049933
3 3 0.036655 0.018127 0.290966 0.623537 0.030715
2 3 0.041351 0.024128 0.546410 0.352736 0.035375
3 3 0.033463 0.015636 0.172460 0.749668 0.028773
3 3 0.052066 0.028434 0.162220 0.705507 0.051773
3 3 0.074111 0.046371 0.146217 0.649451 0.083849
3 3 0.051278 0.028977 0.321070 0.551205 0.047469
3 3 0.051168 0.027737 0.152813 0.717324 0.050959
3 3 0.047018 0.024692 0.100151 0.780042 0.048097
3 3 0.044386 0.023528 0.292263 0.600333 0.039491
3 3 0.039506 0.019541 0.166175 0.738869 0.035909
3 3 0.061627 0.035995 0.182878 0.655647 0.063853
3 3 0.046024 0.024037 0.166283 0.719777 0.043878
3 3 0.045616 0.023989 0.224876 0.663576 0.041943
3 3 0.075053 0.048106 0.234430 0.561333 0.081077
3 3 0.038130 0.019819 0.391486 0.518839 0.031726
3 3 0.046081 0.025074 0.328899 0.558811 0.041134
3 3 0.044283 0.023520 0.301409 0.591515 0.039274
3 3 0.038573 0.019494 0.302678 0.606518 0.032737
3 3 0.056530 0.033922 0.373532 0.482397 0.053619
3 3 0.040588 0.020506 0.233692 0.669381 0.035832
3 3 0.054424 0.031245 0.300464 0.562246 0.051621
3 3 0.043999 0.024619 0.435133 0.458030 0.038220
2 3 0.031885 0.021281 0.659002 0.258967 0.028865
3 3 0.052546 0.030601 0.372423 0.495797 0.048633
2 3 0.041373 0.023214 0.484655 0.415538 0.035220
3 3 0.045977 0.024329 0.239063 0.648509 0.042123
3 3 0.039929 0.021103 0.390924 0.514328 0.033716
3 3 0.054919 0.032590 0.374892 0.486024 0.051575
3 3 0.068633 0.042564 0.250818 0.566550 0.071434
3 3 0.048309 0.025621 0.143128 0.735323 0.047618
3 3 0.042348 0.022859 0.389005 0.509339 0.036449
3 3 0.039466 0.019462 0.123832 0.780055 0.037185
3 3 0.053436 0.030713 0.323636 0.542098 0.050117
3 3 0.059118 0.034757 0.274097 0.573974 0.058054
3 3 0.039199 0.019802 0.281978 0.625388 0.033633
3 3 0.103396 0.076078 0.190141 0.501979 0.128406
3 3 0.045605 0.023684 0.102826 0.781839 0.046046
2 3 0.054322 0.034784 0.490424 0.369003 0.051467
2 3 0.017851 0.022755 0.826149 0.108575 0.024670
2 3 0.035268 0.022850 0.621354 0.288781 0.031746
2 3 0.035005 0.028909 0.698400 0.200781 0.036905
3 3 0.051217 0.029022 0.329758 0.542691 0.047312
3 3 0.042679 0.022760 0.351781 0.545768 0.037013
2 3 0.072478 0.051692 0.444114 0.355302 0.076413
2 3 0.043381 0.032529 0.597860 0.281735 0.044495
3 3 0.074202 0.049208 0.336309 0.462487 0.077794
2 3 0.031516 0.035640 0.744795 0.146435 0.041614
2 3 0.047442 0.028819 0.523161 0.358165 0.042414
2 3 0.042667 0.027251 0.568143 0.323009 0.038930
2 3 0.051474 0.031742 0.494296 0.375281 0.047207
3 3 0.058764 0.034513 0.278243 0.570960 0.057519
2 3 0.019586 0.017937 0.789526 0.151653 0.021298
3 3 0.049052 0.027149 0.310327 0.568611 0.044861
3 3 0.045682 0.023730 0.133157 0.752793 0.044638
3 3 0.096909 0.073298 0.329745 0.387205 0.112844
3 3 0.064416 0.040306 0.345526 0.485623 0.064129
2 3 0.044729 0.026329 0.512422 0.377372 0.039148
3 3 0.051247 0.033963 0.414665 0.448420 0.051705
2 2 0.020782 0.018281 0.778468 0.160438 0.022031
2 2 0.039566 0.034628 0.673150 0.208382 0.044273
2 2 0.030035 0.039024 0.760237 0.126875 0.043829
2 2 0.041448 0.057211 0.700706 0.135435 0.065201
2 2 0.033518 0.030104 0.715268 0.183645 0.037464
2 2 0.023228 0.027637 0.791324 0.126706 0.031104
2 2 0.045907 0.042835 0.663256 0.193814 0.054189
2 2 0.028014 0.030281 0.759183 0.147091 0.035431
2 2 0.030366 0.026477 0.727277 0.182941 0.032940
2 2 0.082208 0.060677 0.430600 0.337072 0.089444
2 2 0.027969 0.037639 0.772660 0.120067 0.041665
2 2 0.037746 0.035072 0.699000 0.184492 0.043690
0 2 0.264328 0.211540 0.261305 0.058745 0.204083
2 2 0.036585 0.109811 0.693273 0.058127 0.102205
2 2 0.005613 0.024689 0.930241 0.021350 0.018108
2 2 0.004911 0.017936 0.939219 0.024290 0.013644
2 2 0.002975 0.016660 0.956260 0.013089 0.011016
2 2 0.003999 0.018832 0.946442 0.017463 0.013264
2 2 0.002927 0.014843 0.957852 0.014330 0.010048
2 2 0.004217 0.019845 0.944053 0.017853 0.014032
2 2 0.003588 0.014975 0.951839 0.018812 0.010786
2 2 0.003606 0.017123 0.950698 0.016622 0.011950
2 2 0.003982 0.015644 0.948049 0.020806 0.011519
2 2 0.004678 0.020119 0.940242 0.020312 0.014650
2 2 0.003227 0.017234 0.953771 0.014173 0.011595
2 2 0.003301 0.015654 0.954123 0.016059 0.010862
2 2 0.004048 0.015698 0.947435 0.021209 0.011610
2 2 0.004989 0.025574 0.933980 0.017543 0.017915
2 2 0.015397 0.046614 0.852790 0.044876 0.040323
2 2 0.024702 0.127807 0.662149 0.033029 0.152312
2 4 0.024540 0.132032 0.639980 0.032229 0.171219
2 4 0.022734 0.149006 0.491219 0.026954 0.310087
4 4 0.038165 0.167142 0.202435 0.028661 0.563597
0 4 0.530965 0.173757 0.084598 0.036080 0.174599
2 4 0.023266 0.116526 0.710863 0.032391 0.116954
4 4 0.037206 0.166642 0.208825 0.027446 0.559881
4 4 0.036057 0.167842 0.313179 0.030152 0.452771
4 4 0.031100 0.156461 0.128779 0.019999 0.663661
4 4 0.058685 0.172192 0.059765 0.008158 0.701200
4 4 0.030321 0.155617 0.103665 0.010922 0.699476
4 4 0.029913 0.150945 0.084660 0.010807 0.723673
2 4 0.024857 0.154836 0.401612 0.028652 0.390044
4 4 0.030389 0.157387 0.114199 0.011238 0.686787
4 4 0.070289 0.194022 0.136474 0.015215 0.584000
4 4 0.025449 0.148075 0.103049 0.011541 0.711886
4 4 0.036539 0.164871 0.216788 0.031085 0.550717
2 4 0.030310 0.158704 0.440575 0.033375 0.337036
4 4 0.029012 0.156961 0.234627 0.027203 0.552196
2 4 0.030960 0.159498 0.448272 0.033094 0.328177
4 4 0.032129 0.159949 0.208152 0.029787 0.569983
4 4 0.039898 0.169285 0.233992 0.028545 0.528281
4 4 0.040120 0.169290 0.207397 0.028664 0.554528
2 4 0.022147 0.132339 0.632154 0.028810 0.184549
4 4 0.033693 0.162732 0.221856 0.027656 0.554062
4 4 0.026448 0.152169 0.134516 0.016038 0.670830
4 4 0.032036 0.161961 0.369788 0.034293 0.401922
4 4 0.032670 0.163994 0.275474 0.029383 0.498479
4 4 0.031700 0.163895 0.299377 0.029803 0.475225
4 4 0.056347 0.184122 0.191681 0.025165 0.542685
2 4 0.050163 0.171689 0.464283 0.043402 0.270464
0 1 0.543099 0.172499 0.079052 0.032152 0.173198
2 1 0.027324 0.150492 0.514843 0.033010 0.274332
2 1 0.017059 0.114428 0.712275 0.023463 0.132774
2 2 0.017642 0.111799 0.725084 0.024582 0.120894
2 2 0.015273 0.073662 0.818069 0.029077 0.063920
2 2 0.011254 0.061075 0.860494 0.022410 0.044766
2 2 0.013762 0.069058 0.831392 0.027001 0.058786
2 2 0.020750 0.110502 0.704228 0.031301 0.133220
2 2 0.011685 0.065831 0.846365 0.022678 0.053442
2 2 0.018374 0.118488 0.696181 0.024988 0.141969
2 2 0.008750 0.050416 0.885786 0.019310 0.035738
2 2 0.004909 0.023001 0.936595 0.019041 0.016454
2 2 0.007453 0.037497 0.907050 0.020847 0.027153
2 2 0.004236 0.021023 0.943088 0.016977 0.014676
2 2 0.024032 0.124393 0.677604 0.032514 0.141457
2 2 0.018194 0.112078 0.723116 0.025465 0.121147
2 2 0.011699 0.052936 0.864047 0.027927 0.043391
4 2 0.028624 0.160502 0.318483 0.029345 0.463047
2 2 0.024920 0.142216 0.575884 0.031263 0.225717
4 2 0.087349 0.201816 0.176209 0.023670 0.510956
2 2 0.016610 0.113544 0.715302 0.022886 0.131658
2 2 0.008136 0.044565 0.895699 0.019788 0.031812
2 2 0.015966 0.103630 0.755851 0.022839 0.101713
2 2 0.022493 0.142094 0.564335 0.027925 0.243152
4 4 0.036368 0.164704 0.134502 0.017337 0.647089
4 4 0.027380 0.160216 0.336480 0.029517 0.446408
2 4 0.020704 0.142136 0.551019 0.025435 0.260707
2 4 0.018660 0.118669 0.695959 0.025385 0.141328
4 4 0.035122 0.169235 0.314327 0.029213 0.452104
4 4 0.031392 0.160579 0.184286 0.022529 0.601214
4 4 0.048044 0.178010 0.212000 0.025080 0.536866
2 4 0.023106 0.143197 0.558529 0.028595 0.246574
2 2 0.014745 0.096890 0.774481 0.021921 0.091963
2 2 0.028319 0.154684 0.469919 0.033284 0.313794
2 2 0.026353 0.155723 0.415936 0.030206 0.371782
2 2 0.018050 0.117919 0.698157 0.024573 0.141301
2 2 0.017372 0.069270 0.816576 0.036222 0.060560
2 2 0.021860 0.132910 0.627740 0.028333 0.189157
2 2 0.022882 0.131476 0.639297 0.029960 0.176384
4 2 0.034322 0.162832 0.209809 0.029168 0.563868
2 2 0.020722 0.131939 0.629654 0.026852 0.190834
4 2 0.033667 0.166583 0.299908 0.032228 0.467614
2 2 0.021190 0.126552 0.662134 0.028165 0.161959
2 2 0.024390 0.154107 0.407473 0.027510 0.386520
2 2 0.017626 0.099582 0.741292 0.028086 0.113414
2 2 0.013809 0.071225 0.816563 0.027710 0.070693
2 2 0.003281 0.020788 0.950437 0.012069 0.013425
2 2 0.002925 0.017521 0.955997 0.012175 0.011382
2 2 0.003760 0.018798 0.948381 0.016070 0.012991
2 2 0.006528 0.031173 0.918770 0.020880 0.022648
2 2 0.003886 0.020006 0.946528 0.015824 0.013757
2 2 0.005394 0.028293 0.928816 0.017681 0.019817
2 2 0.002738 0.015649 0.958963 0.012412 0.010238
2 2 0.006367 0.030709 0.920230 0.020477 0.022217
2 2 0.003751 0.020157 0.947449 0.014961 0.013682
