0 0 0.627428 0.140137 0.065002 0.034550 0.132883
0 0 0.831836 0.061750 0.016299 0.007592 0.082523
0 0 0.774672 0.084864 0.026718 0.012762 0.100984
0 0 0.618278 0.131762 0.077787 0.052752 0.119421
0 0 0.569799 0.130317 0.116212 0.078108 0.105565
0 0 0.764148 0.086760 0.032479 0.018021 0.098593
0 0 0.828140 0.063411 0.016430 0.007437 0.084582
0 0 0.770990 0.085994 0.028092 0.013802 0.101123
0 0 0.813994 0.069129 0.018950 0.008712 0.089215
0 0 0.860180 0.050403 0.011291 0.004910 0.073216
0 0 0.822335 0.065760 0.017446 0.007949 0.086510
0 0 0.816375 0.068168 0.018515 0.008491 0.088451
0 0 0.790037 0.078749 0.023551 0.011091 0.096571
0 0 0.791675 0.078094 0.023224 0.010920 0.096087
0 0 0.816113 0.068274 0.018563 0.008515 0.088535
0 0 0.785127 0.080708 0.024545 0.011613 0.098007
0 0 0.824156 0.065024 0.017124 0.007787 0.085909
0 0 0.831431 0.062077 0.015865 0.007155 0.083471
0 0 0.819790 0.066789 0.017899 0.008178 0.087343
0 0 0.782826 0.081625 0.025017 0.011861 0.098671
0 0 0.826153 0.064215 0.016775 0.007610 0.085246
0 0 0.758400 0.091284 0.030250 0.014654 0.105413
0 0 0.806423 0.072179 0.020359 0.009434 0.091604
0 0 0.681640 0.120604 0.049283 0.025296 0.123177
0 0 0.676432 0.122527 0.050712 0.026121 0.124208
0 0 0.637843 0.136470 0.061838 0.032658 0.131191
0 0 0.830158 0.062593 0.016083 0.007263 0.083902
0 0 0.806866 0.072001 0.020275 0.009391 0.091466
0 0 0.782507 0.081751 0.025083 0.011896 0.098763
0 0 0.856246 0.051850 0.012576 0.005823 0.073505
0 0 0.839761 0.058699 0.014473 0.006463 0.080604
0 0 0.831892 0.061891 0.015787 0.007115 0.083315
0 0 0.763636 0.089225 0.029093 0.014032 0.104015
0 0 0.742338 0.097558 0.033912 0.016646 0.109546
0 0 0.837495 0.059618 0.014847 0.006647 0.081393
0 0 0.833132 0.061388 0.015577 0.007010 0.082893
0 0 0.793543 0.077347 0.022852 0.010726 0.095532
0 0 0.759073 0.091020 0.030100 0.014573 0.105234
0 0 0.835521 0.060419 0.015175 0.006811 0.082074
0 0 0.818116 0.067465 0.018200 0.008331 0.087888
0 0 0.774731 0.084840 0.026706 0.012755 0.100968
0 1 0.612846 0.143962 0.067486 0.035311 0.140396
0 1 0.429188 0.188050 0.105389 0.048511 0.228861
0 1 0.464780 0.187296 0.111324 0.058446 0.178155
0 1 0.420959 0.201693 0.139030 0.080717 0.157601
0 1 0.437962 0.190962 0.112462 0.055599 0.203015
4 1 0.282063 0.213177 0.141596 0.059382 0.303782
0 1 0.432431 0.197847 0.129474 0.071932 0.168315
4 2 0.105727 0.209431 0.179242 0.059773 0.445827
4 2 0.124626 0.228733 0.232352 0.074307 0.339983
4 2 0.073110 0.137199 0.082668 0.017540 0.689482
2 2 0.107121 0.205846 0.461488 0.049449 0.176095
2 2 0.084847 0.167355 0.572284 0.048929 0.126586
0 1 0.620194 0.142658 0.067239 0.035898 0.134011
0 1 0.270327 0.229050 0.186413 0.096626 0.217584
0 1 0.560472 0.160832 0.083170 0.044185 0.151340
0 1 0.601730 0.148996 0.073098 0.039460 0.136715
0 1 0.417330 0.201930 0.136876 0.077187 0.166677
0 1 0.386158 0.207988 0.143423 0.077651 0.184779
4 1 0.190754 0.237139 0.220923 0.109603 0.241580
0 1 0.274490 0.229864 0.197395 0.110974 0.187277
4 2 0.118471 0.227955 0.261000 0.061315 0.331260
2 2 0.081573 0.155695 0.632979 0.040636 0.089117
2 2 0.138214 0.236705 0.322382 0.075200 0.227499
2 2 0.127757 0.227929 0.407734 0.055209 0.181371
2 2 0.016748 0.044674 0.877041 0.017184 0.044354
2 2 0.018331 0.054698 0.874321 0.010348 0.042302
0 1 0.389033 0.208350 0.147065 0.082512 0.173040
2 2 0.055934 0.126277 0.720705 0.020116 0.076968
0 2 0.264622 0.228656 0.182823 0.091390 0.232508
2 2 0.099021 0.182969 0.564272 0.043644 0.110094
4 2 0.181636 0.233674 0.208922 0.088807 0.286961
2 2 0.041956 0.106819 0.706024 0.031219 0.113982
0 0 0.606958 0.147217 0.071418 0.038433 0.135975
0 0 0.583024 0.155269 0.079253 0.043252 0.139202
0 0 0.659349 0.128767 0.055522 0.028923 0.127439
0 0 0.700775 0.113462 0.044180 0.022376 0.119207
0 0 0.794046 0.077146 0.022753 0.010674 0.095382
0 0 0.825315 0.064555 0.016921 0.007684 0.085525
0 0 0.794990 0.076768 0.022566 0.010577 0.095099
0 0 0.780126 0.082699 0.025575 0.012156 0.099444
0 0 0.449750 0.142388 0.174368 0.132829 0.100666
0 0 0.485643 0.185636 0.118387 0.063106 0.147228
0 0 0.699444 0.112153 0.046794 0.025379 0.116230
0 0 0.732328 0.101434 0.036281 0.017950 0.112007
0 0 0.778279 0.083433 0.025960 0.012360 0.099969
0 0 0.776461 0.084154 0.026341 0.012562 0.100482
0 0 0.754853 0.092675 0.031043 0.015084 0.106345
0 0 0.784203 0.081076 0.024734 0.011712 0.098274
0 0 0.789530 0.078951 0.023653 0.011145 0.096721
0 0 0.765038 0.088672 0.028787 0.013867 0.103636
0 0 0.753268 0.093295 0.031401 0.015277 0.106758
0 0 0.732987 0.101180 0.036123 0.017863 0.111847
0 0 0.703921 0.112277 0.043363 0.021913 0.118526
0 0 0.799907 0.074797 0.021605 0.010078 0.093613
0 0 0.753525 0.093195 0.031343 0.015246 0.106692
0 0 0.674917 0.123084 0.051131 0.026364 0.124503
0 0 0.813719 0.069219 0.019055 0.008790 0.089217
0 0 0.769029 0.087097 0.027922 0.013404 0.102548
0 0 0.766401 0.088135 0.028490 0.013708 0.103266
0 0 0.785606 0.080517 0.024448 0.011561 0.097868
0 0 0.765992 0.088296 0.028579 0.013756 0.103377
0 0 0.668509 0.125434 0.052920 0.027403 0.125735
0 0 0.717016 0.107308 0.040033 0.020038 0.115605
0 0 0.758114 0.091396 0.030313 0.014689 0.105488
0 0 0.762113 0.089824 0.029428 0.014211 0.104424
0 0 0.776932 0.083967 0.026242 0.012509 0.100350
0 0 0.805399 0.072591 0.020553 0.009534 0.091923
0 0 0.535633 0.170436 0.095839 0.053719 0.144372
0 0 0.670729 0.124622 0.052297 0.027040 0.125312
0 0 0.669739 0.124984 0.052575 0.027202 0.125501
0 0 0.760535 0.090445 0.029776 0.014399 0.104846
0 0 0.765466 0.088503 0.028694 0.013817 0.103520
0 0 0.786245 0.080262 0.024318 0.011493 0.097682
0 0 0.845486 0.056374 0.013548 0.006007 0.078586
0 0 0.700353 0.113621 0.044290 0.022439 0.119298
0 0 0.740447 0.098293 0.034354 0.016889 0.110018
0 0 0.790634 0.078510 0.023432 0.011029 0.096395
0 0 0.807750 0.071645 0.020109 0.009306 0.091190
0 0 0.746722 0.095852 0.032895 0.016090 0.108441
0 0 0.589946 0.152966 0.076950 0.041827 0.138311
0 0 0.628573 0.125430 0.076697 0.055051 0.114248
0 0 0.468094 0.191502 0.141871 0.054576 0.143956
0 0 0.722916 0.105053 0.038569 0.019220 0.114242
0 0 0.760705 0.090378 0.029738 0.014379 0.104800
0 0 0.722253 0.105307 0.038732 0.019311 0.114396
0 0 0.731676 0.101685 0.036437 0.018037 0.112164
0 0 0.747176 0.095675 0.032790 0.016033 0.108325
0 0 0.728692 0.102835 0.037158 0.018436 0.112879
0 0 0.807471 0.071758 0.020162 0.009333 0.091278
0 0 0.745611 0.096285 0.033151 0.016230 0.108722
0 0 0.797977 0.075571 0.021981 0.010272 0.094199
0 0 0.721537 0.105581 0.038909 0.019410 0.114563
0 0 0.812536 0.069717 0.019218 0.008849 0.089680
0 0 0.791777 0.078054 0.023203 0.010909 0.096057
0 0 0.732594 0.101331 0.036217 0.017915 0.111942
0 0 0.779679 0.082877 0.025668 0.012205 0.099572
0 0 0.771839 0.085986 0.027320 0.013082 0.101773
0 0 0.772255 0.085821 0.027231 0.013035 0.101658
0 0 0.753681 0.093134 0.031307 0.015227 0.106651
0 0 0.807562 0.071721 0.020144 0.009324 0.091249
0 0 0.762731 0.089581 0.029292 0.014138 0.104258
0 0 0.719436 0.106384 0.039430 0.019701 0.115049
0 0 0.784144 0.081100 0.024746 0.011719 0.098291
0 0 0.752189 0.093718 0.031645 0.015410 0.107038
0 0 0.770329 0.086583 0.027643 0.013255 0.102191
0 0 0.775527 0.084525 0.026537 0.012666 0.100745
0 0 0.720264 0.106068 0.039224 0.019586 0.114858
0 0 0.757870 0.091492 0.030368 0.014718 0.105553
0 0 0.743232 0.097211 0.033703 0.016532 0.109322
0 0 0.718640 0.106689 0.039628 0.019811 0.115232
0 0 0.702913 0.112657 0.043624 0.022061 0.118745
0 0 0.673644 0.123553 0.051485 0.026569 0.124750
0 0 0.783814 0.081231 0.024814 0.011754 0.098386
0 0 0.726159 0.103809 0.037774 0.018778 0.113480
0 0 0.747133 0.095692 0.032800 0.016039 0.108336
0 0 0.786412 0.080196 0.024284 0.011475 0.097633
0 0 0.677983 0.121955 0.050285 0.025874 0.123903
0 0 0.740697 0.098195 0.034295 0.016857 0.109955
0 0 0.700104 0.113715 0.044355 0.022476 0.119351
0 0 0.624846 0.141040 0.065797 0.035028 0.133290
0 0 0.766005 0.088291 0.028576 0.013754 0.103374
0 0 0.716637 0.107453 0.040128 0.020091 0.115691
0 0 0.703524 0.112426 0.043466 0.021972 0.118612
0 0 0.785971 0.080372 0.024373 0.011522 0.097762
0 0 0.763725 0.089190 0.029074 0.014021 0.103991
0 0 0.772352 0.085783 0.027210 0.013024 0.101631
0 0 0.686974 0.118626 0.047837 0.024464 0.122100
0 0 0.792119 0.077917 0.023135 0.010874 0.095955
0 0 0.831373 0.062101 0.015875 0.007160 0.083491
0 0 0.724278 0.104531 0.038234 0.019034 0.113923
0 0 0.714453 0.108285 0.040676 0.020399 0.116187
0 0 0.594876 0.151313 0.075328 0.040828 0.137656
0 0 0.796919 0.075995 0.022187 0.010380 0.094519
0 0 0.581804 0.155673 0.079663 0.043506 0.139355
0 0 0.711879 0.109263 0.041326 0.020764 0.116767
0 0 0.741347 0.097943 0.034143 0.016773 0.109793
0 0 0.794757 0.076861 0.022612 0.010601 0.095169
0 0 0.609844 0.146229 0.070497 0.037873 0.135557
0 0 0.731930 0.101587 0.036376 0.018003 0.112103
0 0 0.677948 0.121968 0.050294 0.025879 0.123910
0 0 0.511640 0.174988 0.097611 0.051811 0.163950
0 0 0.522847 0.167377 0.085815 0.042186 0.181775
0 0 0.419307 0.192910 0.112871 0.053545 0.221367
0 0 0.403200 0.202562 0.131942 0.068849 0.193447
4 1 0.245343 0.229336 0.183266 0.087316 0.254739
0 1 0.482464 0.183349 0.107546 0.057431 0.169210
4 1 0.156146 0.222027 0.181055 0.068936 0.371837
4 1 0.147793 0.215227 0.169179 0.060355 0.407446
4 1 0.208444 0.221980 0.166586 0.067285 0.335705
0 1 0.278010 0.227251 0.179839 0.091638 0.223263
4 1 0.092213 0.163376 0.107623 0.026736 0.610052
4 1 0.091731 0.201543 0.187268 0.045168 0.474290
4 1 0.104897 0.214904 0.211133 0.054896 0.414169
4 1 0.095961 0.203160 0.177208 0.051779 0.471892
4 1 0.118701 0.221506 0.240070 0.050635 0.369087
4 1 0.068629 0.166113 0.125783 0.031399 0.608076
4 2 0.103210 0.217195 0.242567 0.047963 0.389064
2 2 0.038084 0.119020 0.635770 0.015188 0.191938
4 2 0.102362 0.218912 0.280405 0.043104 0.355216
2 2 0.046448 0.138982 0.539383 0.019513 0.255674
4 2 0.100498 0.209391 0.201900 0.049066 0.439145
2 2 0.042839 0.117602 0.707485 0.015306 0.116768
2 2 0.041527 0.123213 0.610125 0.021121 0.204014
2 2 0.009899 0.028007 0.920445 0.011010 0.030640
2 2 0.008241 0.026422 0.930968 0.007121 0.027248
2 2 0.008259 0.031457 0.928513 0.003847 0.027923
2 2 0.056167 0.138685 0.658965 0.021121 0.125062
2 2 0.012532 0.035876 0.900571 0.013156 0.037865
2 2 0.011221 0.038320 0.912235 0.006232 0.031992
2 2 0.082626 0.178753 0.549294 0.032584 0.156743
2 2 0.004057 0.018161 0.960409 0.001687 0.015687
2 2 0.016891 0.034205 0.886221 0.026089 0.036593
2 2 0.015525 0.039068 0.886804 0.018143 0.040460
2 2 0.035519 0.106141 0.706752 0.015629 0.135959
2 2 0.016072 0.033017 0.886553 0.027076 0.037281
2 2 0.015723 0.029854 0.883711 0.033881 0.036831
2 2 0.027018 0.039796 0.814967 0.071453 0.046767
2 3 0.041460 0.039772 0.679375 0.190527 0.048866
2 3 0.046613 0.041958 0.618857 0.240107 0.052465
2 3 0.061772 0.045500 0.536767 0.306386 0.049576
3 3 0.083072 0.032634 0.339154 0.516825 0.028315
3 3 0.120286 0.023059 0.125916 0.717818 0.012920
3 3 0.114168 0.023315 0.142230 0.706447 0.013840
3 3 0.109261 0.041550 0.283017 0.535442 0.030731
3 3 0.123752 0.028285 0.153996 0.677305 0.016661
3 3 0.114451 0.020355 0.118358 0.735424 0.011411
3 3 0.099404 0.035700 0.285667 0.551728 0.027500
3 3 0.107823 0.017581 0.109942 0.754791 0.009862
3 3 0.103876 0.016066 0.105012 0.766030 0.009016
3 3 0.108549 0.017871 0.110855 0.752702 0.010024
3 3 0.130137 0.028261 0.139015 0.686768 0.015820
3 3 0.111603 0.019127 0.114720 0.743825 0.010725
3 3 0.101282 0.015123 0.101807 0.773300 0.008489
3 3 0.102360 0.015510 0.103136 0.770288 0.008705
3 3 0.111118 0.018923 0.114104 0.745243 0.010612
3 3 0.108645 0.017909 0.110977 0.752423 0.010045
3 3 0.116309 0.021189 0.120749 0.729877 0.011876
3 3 0.106585 0.017095 0.108389 0.758340 0.009591
3 3 0.089020 0.011174 0.086994 0.806531 0.006280
3 3 0.093183 0.012425 0.091960 0.795452 0.006980
3 3 0.100581 0.014875 0.100944 0.775250 0.008350
3 3 0.109858 0.018401 0.112507 0.748914 0.010320
3 3 0.099233 0.014406 0.099292 0.778982 0.008088
3 3 0.094941 0.012980 0.094077 0.790712 0.007290
3 3 0.106059 0.016892 0.107731 0.759842 0.009477
3 3 0.102419 0.015532 0.103209 0.770123 0.008717
3 3 0.098627 0.014198 0.098551 0.780652 0.007971
3 3 0.106460 0.017047 0.108233 0.758696 0.009564
3 3 0.107466 0.017440 0.109494 0.755816 0.009783
3 3 0.103361 0.015876 0.104374 0.767479 0.008909
3 3 0.106797 0.017178 0.108655 0.757734 0.009637
3 3 0.091094 0.011786 0.089461 0.801036 0.006623
3 3 0.093380 0.012486 0.092196 0.794924 0.007014
3 3 0.088025 0.010888 0.085817 0.809150 0.006120
3 3 0.096639 0.013532 0.096131 0.786099 0.007599
3 3 0.109950 0.018439 0.112623 0.748648 0.010341
3 3 0.103202 0.015817 0.104177 0.767928 0.008877
3 3 0.113437 0.019911 0.117059 0.738429 0.011163
3 3 0.089810 0.011405 0.087931 0.804445 0.006409
3 3 0.093943 0.012663 0.092874 0.793407 0.007113
3 3 0.110043 0.018477 0.112741 0.748378 0.010362
3 3 0.089329 0.011264 0.087361 0.805715 0.006330
3 3 0.090168 0.011510 0.088357 0.803497 0.006468
3 3 0.097237 0.013730 0.096857 0.784467 0.007710
3 3 0.116620 0.021330 0.121151 0.728944 0.011955
3 3 0.102507 0.015563 0.103317 0.769878 0.008735
3 3 0.089729 0.011381 0.087835 0.804660 0.006396
3 3 0.119340 0.022604 0.124682 0.720709 0.012666
3 3 0.088647 0.011067 0.086553 0.807514 0.006220
3 3 0.099405 0.014465 0.099502 0.778507 0.008121
3 3 0.087296 0.010682 0.084956 0.811062 0.006004
3 3 0.094682 0.012897 0.093763 0.791414 0.007244
3 3 0.093388 0.012489 0.092206 0.794901 0.007016
3 3 0.088410 0.010998 0.086273 0.808137 0.006182
3 3 0.090178 0.011513 0.088369 0.803470 0.006470
3 3 0.100723 0.014925 0.101119 0.774856 0.008378
3 3 0.095395 0.013126 0.094625 0.789482 0.007372
3 3 0.088581 0.011048 0.086475 0.807688 0.006209
3 3 0.095261 0.013083 0.094463 0.789845 0.007348
3 3 0.092324 0.012160 0.090930 0.797755 0.006831
3 3 0.106751 0.017160 0.108597 0.757865 0.009627
3 3 0.099652 0.014550 0.099805 0.777824 0.008168
3 3 0.094350 0.012792 0.093364 0.792309 0.007185
3 3 0.110535 0.018680 0.113365 0.746944 0.010476
3 3 0.094034 0.012692 0.092983 0.793162 0.007129
3 3 0.100124 0.014715 0.100384 0.776517 0.008260
3 2 0.186026 0.089341 0.226052 0.448853 0.049729
2 2 0.122746 0.143607 0.449196 0.182734 0.101717
2 2 0.035964 0.092529 0.733628 0.035692 0.102187
2 2 0.118291 0.228482 0.361888 0.049512 0.241827
2 2 0.116909 0.207297 0.475957 0.056483 0.143353
2 2 0.008766 0.028807 0.924050 0.007849 0.030528
2 2 0.005951 0.024161 0.942849 0.003547 0.023493
2 2 0.015144 0.047961 0.885060 0.009823 0.042013
2 2 0.046003 0.114526 0.715228 0.023591 0.100651
2 2 0.072208 0.140318 0.649778 0.048924 0.088772
2 2 0.007436 0.028352 0.937423 0.003469 0.023319
2 2 0.011034 0.033016 0.912947 0.009911 0.033091
2 2 0.011080 0.037922 0.915853 0.005422 0.029723
2 2 0.005190 0.020923 0.948091 0.003634 0.022162
2 2 0.021257 0.059450 0.844802 0.018380 0.056112
2 2 0.018969 0.063648 0.823724 0.011755 0.081904
2 2 0.034406 0.085999 0.782723 0.026294 0.070579
2 2 0.006952 0.027104 0.934204 0.004623 0.027117
2 2 0.010910 0.033981 0.906300 0.011348 0.037461
2 2 0.009353 0.038004 0.892498 0.005880 0.054266
2 2 0.024175 0.090342 0.625721 0.015373 0.244390
4 2 0.021857 0.094264 0.396082 0.010912 0.476884
2 2 0.014177 0.053396 0.845728 0.008138 0.078561
4 4 0.021690 0.084779 0.089991 0.008995 0.794545
4 4 0.031660 0.112948 0.150885 0.012666 0.691841
4 4 0.040382 0.137017 0.351276 0.015599 0.455727
4 4 0.053189 0.125733 0.105086 0.017642 0.698351
4 4 0.032036 0.115805 0.207656 0.014368 0.630136
4 4 0.036174 0.105035 0.069101 0.011452 0.778237
4 4 0.063736 0.163206 0.129750 0.028064 0.615244
4 4 0.050809 0.140850 0.102225 0.021252 0.684863
4 4 0.022264 0.085504 0.090225 0.009887 0.792121
4 4 0.032083 0.110223 0.116105 0.013126 0.728463
4 4 0.065672 0.175802 0.183863 0.022832 0.551831
4 4 0.053934 0.148137 0.117806 0.022478 0.657644
4 4 0.056168 0.163903 0.302621 0.021555 0.455753
4 4 0.047962 0.139899 0.135635 0.021344 0.655161
2 4 0.029606 0.111132 0.475810 0.013822 0.369629
2 4 0.032343 0.109796 0.609743 0.015250 0.232867
2 2 0.012624 0.045224 0.886811 0.006798 0.048542
2 2 0.009359 0.033611 0.921578 0.005520 0.029932
2 2 0.006647 0.026316 0.938790 0.003673 0.024574
4 2 0.046008 0.143975 0.238473 0.019888 0.551656
2 2 0.022046 0.092262 0.551554 0.010191 0.323946
4 4 0.022960 0.097733 0.291856 0.010289 0.577162
4 4 0.034461 0.119230 0.151599 0.013173 0.681537
4 4 0.044961 0.143103 0.267612 0.019282 0.525042
2 4 0.026130 0.101121 0.569866 0.011389 0.291494
4 4 0.035132 0.116733 0.122390 0.014545 0.711201
4 4 0.026427 0.092837 0.068011 0.009779 0.802946
4 4 0.051543 0.145178 0.114982 0.019948 0.668349
4 4 0.037789 0.120405 0.139029 0.019802 0.682975
4 4 0.018233 0.054577 0.038210 0.003323 0.885657
4 4 0.085666 0.201876 0.228653 0.033751 0.450054
4 4 0.067658 0.180219 0.254161 0.025806 0.472156
2 4 0.028704 0.097865 0.680521 0.013551 0.179359
2 4 0.012416 0.053889 0.829308 0.004882 0.099505
2 2 0.006021 0.024557 0.945845 0.002597 0.020980
2 2 0.010328 0.041687 0.887543 0.004995 0.055447
2 2 0.003988 0.018010 0.957214 0.002298 0.018489
2 2 0.005544 0.022902 0.947783 0.002857 0.020913
2 2 0.003499 0.016306 0.963606 0.001566 0.015023
2 2 0.003624 0.016681 0.964725 0.001308 0.013661
2 2 0.006924 0.027031 0.938675 0.003525 0.023846
2 2 0.005674 0.023319 0.945593 0.003198 0.022215
2 2 0.002734 0.013567 0.970611 0.001047 0.012042
2 2 0.006723 0.026343 0.941522 0.003182 0.022230
2 2 0.003170 0.015130 0.967313 0.001227 0.013160
2 2 0.003057 0.014713 0.968908 0.001075 0.012247
2 2 0.009571 0.035133 0.916099 0.005429 0.033768
2 2 0.006038 0.024402 0.943248 0.003386 0.022927
2 2 0.006589 0.025977 0.941398 0.003317 0.022719
2 2 0.005264 0.021960 0.953513 0.001997 0.017266
2 2 0.004995 0.021223 0.951073 0.002652 0.020057
2 2 0.004499 0.019655 0.954643 0.002367 0.018837
2 2 0.008884 0.032404 0.921792 0.005911 0.031009
2 2 0.006678 0.024098 0.939737 0.004934 0.024553
2 2 0.022873 0.059372 0.847648 0.018898 0.051211
2 2 0.013562 0.040966 0.895535 0.011071 0.038866
2 2 0.009487 0.034004 0.916833 0.006650 0.033026
2 2 0.015071 0.041310 0.880366 0.018038 0.045215
2 2 0.027484 0.033680 0.798632 0.098101 0.042103
2 2 0.016981 0.035625 0.881340 0.026835 0.039218
2 2 0.015757 0.037954 0.878211 0.024028 0.044050
2 2 0.022368 0.046773 0.836207 0.040417 0.054235
2 2 0.008223 0.030603 0.927832 0.004998 0.028344
2 2 0.015653 0.033939 0.885263 0.026017 0.039127
2 2 0.031249 0.044285 0.790628 0.083059 0.050779
2 2 0.047922 0.066762 0.665052 0.142161 0.078103
2 2 0.036901 0.049681 0.742054 0.112419 0.058945
2 2 0.059297 0.044071 0.546034 0.301607 0.048991
2 2 0.061010 0.044448 0.537176 0.308675 0.048691
2 2 0.044636 0.036716 0.613142 0.258764 0.046742
2 2 0.028639 0.047798 0.779910 0.081810 0.061844
2 2 0.086125 0.052406 0.434841 0.378964 0.047664
3 2 0.112087 0.034247 0.228018 0.602072 0.023577
2 2 0.247894 0.207357 0.409697 0.030084 0.104968
0 2 0.311853 0.223758 0.255463 0.073259 0.135667
2 2 0.007041 0.020968 0.940176 0.007854 0.023960
2 2 0.012977 0.040090 0.892138 0.012629 0.042166
2 2 0.009857 0.023155 0.924985 0.014914 0.027088
2 2 0.011285 0.033597 0.914640 0.008968 0.031511
2 2 0.049086 0.064148 0.684463 0.132897 0.069406
2 2 0.025131 0.043199 0.835544 0.049052 0.047075
2 2 0.075367 0.073118 0.536774 0.242388 0.072353
2 2 0.040933 0.035398 0.634936 0.241832 0.046901
3 2 0.108858 0.055777 0.351032 0.440594 0.043740
3 2 0.085178 0.043395 0.398548 0.434019 0.038860
2 3 0.062377 0.036326 0.487951 0.374632 0.038714
3 3 0.118155 0.034487 0.209932 0.614731 0.022694
3 3 0.128223 0.027182 0.136435 0.692942 0.015219
3 3 0.118576 0.022240 0.123686 0.723036 0.012463
3 3 0.121390 0.023601 0.127362 0.714425 0.013222
3 3 0.132951 0.029912 0.142839 0.677558 0.016740
3 3 0.110170 0.018529 0.112902 0.748008 0.010392
3 3 0.116287 0.021179 0.120722 0.729941 0.011871
3 3 0.099318 0.014435 0.099396 0.778746 0.008104
3 3 0.093747 0.012601 0.092638 0.793935 0.007078
3 3 0.111225 0.018968 0.114239 0.744932 0.010636
3 3 0.115868 0.020988 0.120180 0.731200 0.011764
3 3 0.103024 0.015752 0.103957 0.768427 0.008840
3 3 0.122099 0.023954 0.128295 0.712232 0.013419
3 3 0.098670 0.014213 0.098604 0.780534 0.007980
3 3 0.109721 0.018345 0.112334 0.749311 0.010289
3 3 0.103003 0.015745 0.103931 0.768485 0.008836
3 3 0.104184 0.016181 0.105395 0.765160 0.009080
3 3 0.087969 0.010872 0.085750 0.809298 0.006111
3 3 0.151438 0.043198 0.169709 0.610568 0.025087
3 3 0.089541 0.011326 0.087612 0.805157 0.006365
3 3 0.104596 0.016336 0.105908 0.763994 0.009166
3 3 0.106024 0.016879 0.107688 0.759940 0.009470
3 3 0.103851 0.016057 0.104982 0.766098 0.009011
3 3 0.125828 0.025880 0.133232 0.700566 0.014493
3 3 0.095459 0.013147 0.094702 0.789308 0.007384
3 3 0.101414 0.015170 0.101969 0.772933 0.008515
3 3 0.091674 0.011961 0.090153 0.799490 0.006720
3 3 0.098687 0.014219 0.098624 0.780487 0.007983
3 3 0.107415 0.017420 0.109430 0.755963 0.009772
3 3 0.089667 0.011363 0.087762 0.804823 0.006385
3 3 0.099995 0.014670 0.100225 0.776876 0.008235
3 3 0.110217 0.018549 0.112961 0.747871 0.010402
3 3 0.107932 0.017625 0.110079 0.754478 0.009886
3 3 0.117610 0.021787 0.122432 0.725961 0.012210
3 3 0.102975 0.015734 0.103896 0.768565 0.008830
3 3 0.113130 0.019778 0.116667 0.739336 0.011089
3 3 0.088714 0.011086 0.086632 0.807338 0.006230
3 3 0.106449 0.017043 0.108220 0.758727 0.009561
3 3 0.104091 0.016147 0.105280 0.765421 0.009061
3 3 0.100591 0.014878 0.100956 0.775223 0.008352
3 3 0.097160 0.013704 0.096764 0.784675 0.007695
3 3 0.102917 0.015713 0.103825 0.768727 0.008818
3 3 0.106758 0.017163 0.108606 0.757845 0.009628
3 3 0.096116 0.013360 0.095497 0.787525 0.007503
3 3 0.107398 0.017413 0.109408 0.756012 0.009768
3 3 0.094228 0.012753 0.093217 0.792638 0.007163
3 3 0.103760 0.016023 0.104869 0.766355 0.008992
3 3 0.099423 0.014471 0.099525 0.778457 0.008124
3 3 0.099206 0.014397 0.099259 0.779055 0.008082
3 3 0.086748 0.010528 0.084311 0.812495 0.005918
3 3 0.102064 0.015403 0.102771 0.771117 0.008645
3 3 0.097898 0.013951 0.097662 0.782656 0.007833
3 3 0.101093 0.015056 0.101574 0.773825 0.008451
3 3 0.118823 0.022357 0.124008 0.722284 0.012528
3 3 0.093654 0.012572 0.092526 0.794186 0.007062
3 3 0.091947 0.012044 0.090479 0.798763 0.006767
3 3 0.111579 0.019116 0.114689 0.743897 0.010719
3 3 0.107011 0.017262 0.108923 0.757121 0.009684
3 3 0.088470 0.011015 0.086343 0.807981 0.006191
3 3 0.095131 0.013041 0.094306 0.790197 0.007324
3 3 0.096000 0.013322 0.095356 0.787840 0.007482
3 3 0.109399 0.018214 0.111927 0.750245 0.010215
3 3 0.112501 0.019508 0.115864 0.741188 0.010938
3 3 0.095889 0.013286 0.095222 0.788142 0.007461
3 3 0.103493 0.015925 0.104538 0.767108 0.008937
3 3 0.094161 0.012732 0.093136 0.792820 0.007151
3 3 0.107378 0.017406 0.109383 0.756069 0.009764
3 3 0.101134 0.015070 0.101624 0.773712 0.008459
3 3 0.087769 0.010815 0.085514 0.809822 0.006079
3 3 0.100999 0.015022 0.101458 0.774089 0.008432
3 2 0.208396 0.140552 0.276103 0.297738 0.077211
2 2 0.163852 0.238130 0.319125 0.112970 0.165924
2 2 0.036172 0.100909 0.747217 0.015962 0.099740
2 2 0.037262 0.100297 0.672320 0.033359 0.156762
2 2 0.010579 0.037475 0.900400 0.005093 0.046452
2 2 0.009387 0.034256 0.910692 0.007702 0.037964
2 2 0.078141 0.167967 0.573262 0.036030 0.144600
2 2 0.021219 0.063921 0.836442 0.014525 0.063893
2 2 0.006426 0.025535 0.940944 0.003551 0.023544
2 2 0.013199 0.043218 0.891053 0.010464 0.042066
2 2 0.003886 0.017597 0.961533 0.001624 0.015359
2 2 0.008237 0.030641 0.927724 0.005012 0.028386
2 2 0.009867 0.034970 0.915700 0.006586 0.032877
2 2 0.004574 0.019820 0.957493 0.001805 0.016309
2 2 0.014601 0.046665 0.878270 0.012843 0.047621
2 2 0.012041 0.042434 0.887093 0.009256 0.049176
2 2 0.048839 0.136336 0.543753 0.021993 0.249080
2 2 0.014416 0.045983 0.890646 0.009322 0.039633
2 2 0.009130 0.030878 0.921427 0.007305 0.031260
2 2 0.015289 0.055335 0.852075 0.007592 0.069709
2 2 0.008270 0.030711 0.928526 0.004787 0.027706
2 2 0.018805 0.051494 0.855831 0.020626 0.053244
2 2 0.004594 0.019971 0.953410 0.002524 0.019501
2 2 0.020927 0.041249 0.861245 0.033035 0.043544
2 2 0.043055 0.094463 0.725813 0.040902 0.095766
2 2 0.024797 0.065599 0.842524 0.016376 0.050703
2 2 0.056407 0.081240 0.682293 0.104632 0.075428
2 2 0.071732 0.162463 0.565021 0.035825 0.164958
2 2 0.013972 0.034280 0.892746 0.019944 0.039058
2 2 0.046788 0.081982 0.760696 0.047903 0.062631
2 2 0.012204 0.040763 0.903979 0.007572 0.035481
2 2 0.008934 0.026978 0.925950 0.009010 0.029128
2 2 0.004953 0.020132 0.951433 0.003128 0.020354
2 2 0.007529 0.028655 0.934553 0.004025 0.025237
2 2 0.008733 0.033446 0.917493 0.005092 0.035236
2 2 0.006231 0.024991 0.940800 0.003752 0.024226
2 2 0.003516 0.016404 0.961557 0.001894 0.016630
2 2 0.006327 0.025268 0.940490 0.003736 0.024179
2 2 0.006263 0.025108 0.939334 0.004053 0.025241
2 2 0.005972 0.022096 0.942557 0.004984 0.024391
2 2 0.010791 0.039268 0.906850 0.005356 0.037735
2 2 0.013114 0.030438 0.902151 0.019613 0.034683
2 2 0.021618 0.061053 0.856190 0.013165 0.047974
2 2 0.007845 0.025555 0.933638 0.006633 0.026328
2 2 0.006414 0.025494 0.941391 0.003465 0.023237
2 2 0.007629 0.028969 0.931935 0.004546 0.026921
2 2 0.006429 0.023230 0.938918 0.005602 0.025822
2 2 0.008932 0.029798 0.921937 0.007852 0.031481
2 2 0.016006 0.037892 0.893081 0.016905 0.036115
2 2 0.010998 0.037863 0.906381 0.008084 0.036674
2 2 0.030345 0.056404 0.820600 0.040564 0.052087
2 2 0.007280 0.019989 0.939286 0.009586 0.023860
2 2 0.006183 0.020718 0.943776 0.005940 0.023383
2 2 0.019372 0.038195 0.868083 0.032548 0.041801
2 2 0.026136 0.070277 0.835280 0.015922 0.052384
2 2 0.010079 0.023474 0.919759 0.017435 0.029253
2 2 0.011704 0.039578 0.904567 0.007897 0.036254
2 2 0.008824 0.027485 0.927170 0.007992 0.028529
2 2 0.008766 0.028885 0.924194 0.007736 0.030420
2 2 0.014232 0.026740 0.894241 0.031398 0.033389
2 2 0.013469 0.026128 0.901621 0.027087 0.031696
2 2 0.015370 0.039286 0.879498 0.021201 0.044645
2 2 0.004717 0.020365 0.952334 0.002632 0.019952
2 2 0.007995 0.026318 0.930528 0.007146 0.028014
2 2 0.007030 0.027366 0.930886 0.005368 0.029350
2 2 0.008059 0.030113 0.931289 0.004317 0.026222
2 2 0.050888 0.057168 0.707620 0.128852 0.055473
2 2 0.077229 0.146867 0.644432 0.045859 0.085613
2 2 0.048372 0.107715 0.743151 0.029721 0.071042
2 2 0.018281 0.054520 0.871335 0.011526 0.044337
2 2 0.041404 0.048247 0.750999 0.109908 0.049442
4 2 0.088684 0.201137 0.247495 0.040169 0.422514
4 4 0.036450 0.112625 0.133557 0.017478 0.699890
4 4 0.069079 0.175028 0.157659 0.028500 0.569734
4 4 0.044214 0.134721 0.149928 0.020128 0.651009
4 4 0.060155 0.158847 0.128385 0.025121 0.627493
4 4 0.061542 0.163830 0.154532 0.025793 0.594303
4 4 0.070884 0.181450 0.214792 0.029543 0.503331
4 4 0.040937 0.134508 0.271632 0.019385 0.533537
4 4 0.060487 0.143303 0.097529 0.021282 0.677399
4 4 0.121031 0.189406 0.134661 0.038396 0.516506
4 4 0.052546 0.135957 0.092997 0.019381 0.699119
0 0 0.269046 0.230683 0.267711 0.079368 0.153192
4 1 0.138291 0.214256 0.171209 0.060198 0.416046
4 1 0.126922 0.205036 0.158005 0.051530 0.458507
4 2 0.084865 0.197369 0.208875 0.033171 0.475721
4 2 0.063135 0.175471 0.335571 0.022519 0.403305
2 2 0.031024 0.099497 0.709568 0.013534 0.146378
2 2 0.014802 0.058271 0.825304 0.006881 0.094742
2 4 0.028804 0.107707 0.560959 0.011809 0.290722
4 4 0.025318 0.100479 0.187778 0.011071 0.675354
4 4 0.016511 0.054337 0.028517 0.003034 0.897602
4 4 0.044959 0.141963 0.179377 0.016094 0.617606
4 4 0.019504 0.042332 0.015495 0.001513 0.921155
4 4 0.028888 0.043482 0.013828 0.001386 0.912417
4 4 0.027701 0.041621 0.012985 0.001269 0.916424
4 4 0.087507 0.072440 0.022719 0.003200 0.814135
4 4 0.217143 0.091961 0.025787 0.004656 0.660454
4 4 0.037779 0.116152 0.078195 0.014371 0.753503
4 4 0.043651 0.130458 0.103203 0.016911 0.705777
4 4 0.023697 0.097795 0.222853 0.010702 0.644953
4 4 0.025664 0.063726 0.029405 0.003647 0.877558
4 4 0.023617 0.095650 0.175157 0.010525 0.695051
4 4 0.028135 0.077616 0.040910 0.005724 0.847616
4 4 0.031252 0.109704 0.129515 0.013071 0.716458
4 4 0.027433 0.099046 0.129339 0.011065 0.733117
4 4 0.023893 0.085534 0.052645 0.007802 0.830126
4 4 0.041955 0.097113 0.052952 0.008627 0.799353
4 4 0.013903 0.060161 0.051411 0.004721 0.869804
4 4 0.012203 0.026969 0.008269 0.000626 0.951934
4 4 0.025042 0.064223 0.030140 0.003753 0.876841
4 4 0.036335 0.074310 0.033900 0.004651 0.850804
4 4 0.029618 0.104030 0.123342 0.014436 0.728575
4 4 0.060042 0.155560 0.115836 0.027122 0.641440
4 4 0.030866 0.100116 0.106900 0.013140 0.748979
4 4 0.047281 0.142263 0.172424 0.019053 0.618978
4 4 0.026517 0.095906 0.125159 0.011328 0.741090
4 4 0.035292 0.063333 0.025473 0.003177 0.872725
4 4 0.081063 0.060562 0.016788 0.002121 0.839466
4 4 0.066717 0.110641 0.056263 0.010173 0.756206
4 4 0.029584 0.094060 0.057650 0.009121 0.809585
4 4 0.029832 0.076638 0.046633 0.005801 0.841096
4 4 0.041934 0.119081 0.078577 0.014734 0.745673
4 4 0.029995 0.077148 0.039380 0.005498 0.847979
4 4 0.030038 0.063833 0.027628 0.003445 0.875056
4 4 0.037275 0.075516 0.034571 0.004793 0.847844
4 4 0.033338 0.089337 0.049706 0.007626 0.819993
4 4 0.031627 0.046795 0.015243 0.001596 0.904738
4 4 0.039915 0.124794 0.159425 0.016987 0.658879
4 4 0.037461 0.119876 0.137580 0.014668 0.690416
4 4 0.028544 0.108180 0.218340 0.013525 0.631411
4 4 0.031665 0.103388 0.067180 0.011340 0.786427
4 4 0.031843 0.090938 0.052409 0.008124 0.816685
4 4 0.022026 0.094554 0.260663 0.010159 0.612598
4 4 0.024609 0.095868 0.144736 0.011135 0.723652
4 4 0.022719 0.097538 0.399762 0.010096 0.469885
4 4 0.016922 0.060640 0.041674 0.004209 0.876555
4 4 0.028456 0.106679 0.172157 0.012390 0.680319
4 4 0.022128 0.091667 0.166965 0.009825 0.709415
4 4 0.022901 0.095592 0.208819 0.010106 0.662583
4 4 0.034023 0.121913 0.260215 0.015017 0.568831
4 4 0.032472 0.109005 0.110973 0.014962 0.732589
4 4 0.026619 0.107101 0.350105 0.011668 0.504506
4 4 0.040587 0.103087 0.060192 0.010194 0.785940
4 4 0.022858 0.097412 0.377542 0.010758 0.491431
4 4 0.027133 0.107908 0.339478 0.012254 0.513227
4 4 0.021669 0.093523 0.245149 0.009758 0.629900
4 4 0.030979 0.110035 0.135865 0.012637 0.710484
4 4 0.027067 0.096572 0.091579 0.011459 0.773323
4 4 0.034711 0.125450 0.284136 0.013528 0.542175
4 4 0.019928 0.064650 0.033579 0.004176 0.877668
4 4 0.019349 0.054186 0.024496 0.002748 0.899221
4 4 0.036029 0.120178 0.131560 0.014058 0.698175
4 4 0.026087 0.097377 0.118768 0.011322 0.746445
4 4 0.031943 0.103990 0.067688 0.011473 0.784907
4 4 0.020387 0.091185 0.304133 0.009326 0.574969
4 4 0.023413 0.092847 0.140530 0.010552 0.732658
4 4 0.025118 0.103835 0.302049 0.010489 0.558510
2 4 0.014701 0.068738 0.668447 0.007411 0.240704
2 2 0.018088 0.083407 0.527862 0.008210 0.362433
2 2 0.020884 0.089982 0.516189 0.010302 0.362643
2 2 0.009432 0.040650 0.886302 0.003990 0.059625
2 2 0.010577 0.045514 0.863273 0.004808 0.075828
2 2 0.048653 0.150116 0.398177 0.019487 0.383567
2 2 0.008843 0.034324 0.920322 0.003734 0.032777
2 2 0.008569 0.037653 0.894765 0.003702 0.055311
2 2 0.003720 0.017031 0.963059 0.001498 0.014692
2 2 0.003429 0.016784 0.960479 0.001490 0.017818
2 2 0.002414 0.012336 0.974588 0.000734 0.009928
2 2 0.009186 0.036753 0.908242 0.004155 0.041664
2 2 0.003472 0.016150 0.966224 0.001189 0.012965
2 2 0.001829 0.010059 0.978791 0.000586 0.008735
2 2 0.004353 0.019089 0.959780 0.001584 0.015195
2 2 0.007633 0.028955 0.933255 0.004233 0.025924
2 2 0.007264 0.028280 0.937405 0.003185 0.023868
2 2 0.002047 0.010944 0.976564 0.000713 0.009733
2 2 0.003114 0.014945 0.967293 0.001267 0.013381
2 2 0.003433 0.016062 0.964792 0.001426 0.014286
2 2 0.005304 0.022135 0.951110 0.002401 0.019050
2 2 0.002554 0.012909 0.971688 0.001016 0.011833
2 2 0.004938 0.020996 0.953806 0.002183 0.018078
2 2 0.004331 0.019052 0.958589 0.001794 0.016234
2 2 0.004290 0.018994 0.955482 0.002377 0.018857
2 2 0.004107 0.018299 0.961051 0.001549 0.014994
2 2 0.003423 0.016070 0.962942 0.001730 0.015835
2 2 0.004382 0.019257 0.956565 0.002106 0.017689
2 2 0.008472 0.031313 0.923746 0.005798 0.030670
2 2 0.002929 0.014314 0.967436 0.001374 0.013947
2 2 0.004258 0.018917 0.954148 0.002660 0.020017
2 2 0.003410 0.015966 0.965608 0.001318 0.013697
2 2 0.007013 0.027201 0.938086 0.003677 0.024023
2 2 0.002921 0.014280 0.967727 0.001335 0.013737
2 2 0.005560 0.022995 0.945204 0.003378 0.022862
2 2 0.127848 0.209743 0.507137 0.049318 0.105954
2 2 0.013786 0.049015 0.885633 0.005220 0.046345
2 2 0.003510 0.016352 0.963111 0.001638 0.015390
2 2 0.001860 0.010210 0.977510 0.000713 0.009707
2 2 0.006183 0.024812 0.943267 0.003259 0.022479
2 2 0.002408 0.012321 0.974311 0.000771 0.010190
2 2 0.005778 0.023554 0.948601 0.002514 0.019554
2 2 0.003638 0.016755 0.963633 0.001464 0.014509
2 2 0.006549 0.025962 0.935885 0.004598 0.027007
2 2 0.004190 0.018611 0.958878 0.001847 0.016475
2 2 0.005343 0.022249 0.951030 0.002387 0.018990
2 2 0.002681 0.013397 0.969960 0.001173 0.012789
2 2 0.008219 0.030798 0.931719 0.003762 0.025502
2 2 0.003788 0.017296 0.961062 0.001773 0.016081
2 2 0.003450 0.016134 0.964041 0.001532 0.014843
2 2 0.005462 0.022671 0.947381 0.003006 0.021479
2 2 0.005743 0.023369 0.949531 0.002362 0.018996
2 2 0.004673 0.020194 0.954181 0.002316 0.018636
2 2 0.008373 0.030906 0.932358 0.003809 0.024555
2 2 0.008003 0.028808 0.925793 0.006617 0.030780
2 2 0.008742 0.030203 0.920715 0.007736 0.032604
2 2 0.009112 0.030665 0.921793 0.007343 0.031087
2 2 0.012830 0.027615 0.909185 0.019640 0.030729
2 2 0.004902 0.020964 0.950181 0.002906 0.021047
2 2 0.032069 0.040547 0.795373 0.087500 0.044511
2 2 0.016147 0.039099 0.877833 0.023019 0.043902
2 2 0.034644 0.039081 0.736538 0.140395 0.049342
2 2 0.050271 0.062925 0.635286 0.175842 0.075677
2 2 0.068790 0.044774 0.493064 0.347448 0.045924
2 2 0.067973 0.061255 0.547721 0.258920 0.064130
2 3 0.030945 0.047058 0.772651 0.090659 0.058688
2 3 0.083995 0.052997 0.447145 0.366862 0.049001
3 3 0.124137 0.041312 0.231029 0.576119 0.027403
2 3 0.051124 0.067308 0.629809 0.165957 0.085802
2 3 0.077662 0.057935 0.493338 0.314640 0.056425
3 3 0.109018 0.046671 0.310933 0.497930 0.035447
3 3 0.088721 0.034449 0.324685 0.523374 0.028771
2 3 0.055415 0.066482 0.614062 0.187525 0.076516
3 3 0.095430 0.051925 0.390690 0.417801 0.044154
3 3 0.138901 0.051461 0.235002 0.541867 0.032768
2 3 0.096314 0.062832 0.424510 0.362137 0.054206
2 3 0.084906 0.064104 0.476257 0.315050 0.059684
3 3 0.118879 0.022384 0.124081 0.722112 0.012543
2 3 0.076863 0.064613 0.513085 0.281887 0.063552
3 3 0.133599 0.030304 0.143726 0.675413 0.016958
2 3 0.093124 0.057319 0.420882 0.378592 0.050082
3 3 0.091250 0.046958 0.387415 0.433780 0.040596
3 3 0.124794 0.033673 0.185542 0.635087 0.020904
3 3 0.126315 0.050079 0.266415 0.522854 0.034337
3 3 0.115606 0.029868 0.186871 0.648499 0.019156
3 3 0.131871 0.029268 0.141366 0.681113 0.016382
3 3 0.127716 0.026902 0.135754 0.694565 0.015063
2 3 0.039610 0.051729 0.721002 0.126099 0.061560
3 3 0.122625 0.034124 0.194377 0.627245 0.021629
2 3 0.022215 0.050548 0.808533 0.046503 0.072201
3 3 0.076004 0.038996 0.421937 0.425969 0.037093
2 3 0.052698 0.050875 0.621740 0.216400 0.058287
2 3 0.074736 0.044984 0.460959 0.375358 0.043962
2 2 0.057813 0.097812 0.563875 0.121503 0.158998
2 2 0.022065 0.035079 0.838065 0.060661 0.044131
2 2 0.012573 0.029723 0.901068 0.020681 0.035956
