0 0 0.953532 0.018171 0.010162 0.007065 0.011070
0 0 0.944235 0.019708 0.007924 0.009864 0.018269
0 0 0.949249 0.018586 0.006628 0.008104 0.017434
0 0 0.957004 0.016288 0.005150 0.006216 0.015342
0 0 0.899184 0.040849 0.017084 0.012211 0.030672
0 0 0.867343 0.059873 0.024685 0.011115 0.036985
0 0 0.875869 0.053728 0.021192 0.011894 0.037318
0 0 0.910618 0.040496 0.014435 0.007669 0.026783
0 0 0.891300 0.052350 0.021034 0.007451 0.027866
0 0 0.690367 0.171792 0.064437 0.008363 0.065040
0 0 0.907362 0.043201 0.015165 0.007158 0.027114
0 0 0.917249 0.037859 0.018416 0.007185 0.019291
0 0 0.834968 0.087379 0.027169 0.006659 0.043824
0 0 0.861100 0.059648 0.020492 0.012685 0.046076
0 0 0.913354 0.032385 0.009915 0.011332 0.033013
0 0 0.775566 0.094125 0.029086 0.018733 0.082489
0 0 0.943001 0.021966 0.006160 0.007123 0.021750
0 0 0.897287 0.041223 0.015225 0.012190 0.034074
0 0 0.912811 0.037385 0.012183 0.008509 0.029112
0 0 0.936126 0.024100 0.007376 0.008611 0.023787
0 0 0.938461 0.023253 0.007105 0.008313 0.022868
0 0 0.942956 0.021322 0.006909 0.008221 0.020591
0 0 0.907975 0.034252 0.010604 0.012095 0.035075
0 0 0.919760 0.029517 0.009829 0.011485 0.029409
0 0 0.953919 0.017428 0.005505 0.006612 0.016536
0 0 0.874404 0.043129 0.017900 0.021171 0.043396
0 0 0.905292 0.034419 0.011827 0.013744 0.034719
0 0 0.952797 0.017241 0.006251 0.007707 0.016004
0 0 0.877299 0.044601 0.014779 0.016735 0.046585
0 0 0.887687 0.047206 0.016365 0.011360 0.037382
0 0 0.823797 0.071877 0.031285 0.019253 0.053788
0 0 0.888104 0.041577 0.012572 0.014075 0.043671
0 0 0.951640 0.018165 0.005877 0.007070 0.017249
0 0 0.895784 0.041208 0.012796 0.011764 0.038448
0 0 0.913642 0.031389 0.011062 0.012868 0.031039
0 0 0.896016 0.037451 0.013213 0.015333 0.037987
0 0 0.965659 0.013321 0.003892 0.004695 0.012433
0 0 0.976201 0.009387 0.002659 0.003266 0.008488
0 0 0.965558 0.013042 0.004234 0.005214 0.011953
0 0 0.959414 0.015391 0.004877 0.005912 0.014407
0 0 0.925943 0.027600 0.008763 0.010200 0.027493
0 0 0.948576 0.019646 0.005842 0.006883 0.019053
0 0 0.946194 0.020046 0.006633 0.007957 0.019171
0 0 0.954072 0.016641 0.006229 0.007744 0.015314
0 0 0.899468 0.036557 0.012434 0.014359 0.037182
0 0 0.947872 0.019759 0.006084 0.007210 0.019074
0 0 0.919724 0.030019 0.009275 0.010677 0.030304
0 0 0.965289 0.013243 0.004161 0.005089 0.012217
0 0 0.952853 0.017360 0.006105 0.007481 0.016200
0 0 0.959300 0.015681 0.004626 0.005527 0.014866
0 0 0.948758 0.019133 0.006307 0.007586 0.018217
0 0 0.954228 0.017311 0.005472 0.006577 0.016412
0 0 0.910939 0.031839 0.011780 0.013955 0.031487
0 0 0.919087 0.029360 0.010345 0.012218 0.028989
0 0 0.953785 0.017285 0.005723 0.006938 0.016270
0 0 0.951021 0.018747 0.005564 0.006573 0.018095
0 0 0.942696 0.021406 0.006951 0.008272 0.020675
0 0 0.938699 0.022862 0.007416 0.008783 0.022240
0 0 0.956195 0.014824 0.006917 0.009027 0.013036
0 0 0.957790 0.015987 0.005070 0.006132 0.015022
0 0 0.963283 0.013882 0.004504 0.005523 0.012808
0 0 0.961759 0.014674 0.004446 0.005363 0.013759
0 0 0.965681 0.013248 0.003959 0.004797 0.012315
0 0 0.942088 0.021582 0.007072 0.008425 0.020834
0 0 0.952596 0.017880 0.005696 0.006840 0.016989
0 0 0.943588 0.021200 0.006717 0.007964 0.020531
0 0 0.951187 0.018365 0.005893 0.007074 0.017481
0 0 0.948670 0.019069 0.006417 0.007750 0.018094
0 0 0.962167 0.013929 0.004999 0.006243 0.012661
0 0 0.961538 0.014795 0.004429 0.005328 0.013910
0 0 0.937472 0.022711 0.008192 0.009897 0.021729
0 0 0.913906 0.032185 0.009854 0.011268 0.032786
0 0 0.958821 0.015760 0.004786 0.005748 0.014884
0 0 0.961314 0.014446 0.004902 0.006045 0.013293
0 0 0.951335 0.018335 0.005850 0.007015 0.017465
0 0 0.946535 0.020081 0.006421 0.007655 0.019308
0 0 0.962761 0.014109 0.004531 0.005540 0.013059
0 0 0.961950 0.014314 0.004724 0.005798 0.013214
0 0 0.965113 0.012922 0.004567 0.005717 0.011681
0 0 0.962583 0.011671 0.006746 0.009309 0.009691
0 0 0.971435 0.011819 0.006348 0.003960 0.006439
0 0 0.976579 0.009040 0.002821 0.003537 0.008023
0 0 0.944811 0.021127 0.006159 0.007192 0.020711
0 0 0.924978 0.035854 0.010949 0.005281 0.022938
0 0 0.843735 0.078897 0.021647 0.007387 0.048332
0 0 0.963367 0.014144 0.004188 0.005043 0.013258
0 0 0.972698 0.009697 0.004018 0.005282 0.008305
0 0 0.956576 0.013769 0.007625 0.010320 0.011709
0 0 0.941687 0.022700 0.006004 0.006853 0.022756
0 0 0.922218 0.028315 0.009891 0.011694 0.027882
0 0 0.944014 0.021702 0.005918 0.006814 0.021551
0 0 0.947179 0.020908 0.005108 0.005779 0.021027
0 0 0.947688 0.019649 0.006298 0.007523 0.018841
0 0 0.937370 0.024237 0.006540 0.007458 0.024395
0 0 0.922005 0.027818 0.013204 0.013581 0.023392
0 0 0.948250 0.019987 0.005627 0.006555 0.019580
0 0 0.958436 0.016194 0.004509 0.005320 0.015541
0 0 0.960154 0.015728 0.004118 0.004813 0.015187
0 0 0.966528 0.013071 0.003712 0.004461 0.012228
0 0 0.951442 0.018964 0.005088 0.005896 0.018610
0 0 0.937221 0.023829 0.007106 0.008262 0.023582
0 0 0.972178 0.009675 0.004266 0.005674 0.008206
0 0 0.966563 0.011568 0.005132 0.006749 0.009988
0 0 0.934068 0.025552 0.006774 0.007670 0.025936
0 0 0.950230 0.018462 0.006272 0.007604 0.017432
0 0 0.965384 0.013334 0.004020 0.004876 0.012387
0 0 0.955439 0.017198 0.004969 0.005877 0.016517
0 0 0.950062 0.018787 0.006014 0.007205 0.017932
0 0 0.928492 0.027515 0.007482 0.008466 0.028046
0 0 0.965818 0.013000 0.004147 0.005093 0.011942
0 0 0.962917 0.013681 0.004882 0.006098 0.012423
0 0 0.946260 0.020232 0.006399 0.007609 0.019500
0 0 0.889462 0.054640 0.017429 0.006509 0.031961
0 0 0.954980 0.017240 0.005162 0.006145 0.016472
0 0 0.921225 0.030407 0.008951 0.009560 0.029857
0 0 0.946102 0.019528 0.007210 0.008842 0.018318
0 0 0.910942 0.041931 0.012947 0.006403 0.027776
0 0 0.884019 0.059667 0.018492 0.005725 0.032097
0 0 0.891074 0.059414 0.018257 0.004186 0.027069
0 0 0.937486 0.026326 0.008575 0.006774 0.020839
0 0 0.902944 0.051300 0.015805 0.004425 0.025526
0 0 0.389809 0.372567 0.131963 0.006348 0.099313
0 1 0.533068 0.275336 0.082149 0.007670 0.101778
0 1 0.524992 0.267103 0.071265 0.009944 0.126695
0 1 0.506036 0.244786 0.118506 0.020141 0.110531
1 1 0.245001 0.432400 0.122864 0.011140 0.188595
1 2 0.190874 0.464853 0.192433 0.010050 0.141791
1 2 0.212155 0.439111 0.214523 0.010852 0.123360
1 2 0.119789 0.528824 0.242109 0.005188 0.104090
2 2 0.049375 0.260807 0.612534 0.023221 0.054062
1 2 0.138810 0.464539 0.265461 0.011036 0.120155
2 2 0.056116 0.303898 0.542724 0.025486 0.071775
2 2 0.043506 0.250089 0.636711 0.017980 0.051714
2 2 0.063545 0.395082 0.454394 0.012597 0.074382
2 2 0.025704 0.092685 0.825002 0.022994 0.033614
2 2 0.014308 0.048445 0.894346 0.014680 0.028220
2 2 0.030743 0.142694 0.769723 0.018170 0.038670
2 2 0.030433 0.031237 0.782490 0.116352 0.039488
2 2 0.022771 0.098198 0.828317 0.015440 0.035274
2 2 0.010654 0.027284 0.921525 0.017359 0.023178
2 2 0.022028 0.057293 0.844107 0.034298 0.042273
2 2 0.019303 0.049193 0.871247 0.030720 0.029536
2 2 0.019679 0.045882 0.859994 0.036644 0.037802
2 2 0.016739 0.031690 0.880681 0.043369 0.027521
2 2 0.010707 0.024524 0.921138 0.020867 0.022765
2 2 0.011946 0.017176 0.895516 0.049387 0.025974
2 2 0.013490 0.016464 0.871478 0.072075 0.026493
2 2 0.016942 0.024164 0.858599 0.069736 0.030560
2 2 0.034678 0.044271 0.707042 0.165726 0.048283
2 2 0.030217 0.032005 0.705484 0.194465 0.037830
2 3 0.017424 0.016684 0.793347 0.137318 0.035226
2 3 0.016328 0.018285 0.839134 0.098948 0.027306
2 3 0.020370 0.019510 0.769306 0.157851 0.032962
2 3 0.071354 0.098819 0.464111 0.289046 0.076670
2 3 0.072613 0.101339 0.455373 0.290758 0.079917
2 3 0.021816 0.021268 0.757338 0.164112 0.035466
2 3 0.059459 0.076615 0.544441 0.268463 0.051022
2 3 0.045804 0.054476 0.614907 0.239028 0.045785
2 3 0.078585 0.113843 0.412916 0.297498 0.097158
2 3 0.058100 0.074257 0.552960 0.265687 0.048996
2 3 0.076473 0.109311 0.428142 0.295390 0.090684
2 3 0.083188 0.124214 0.378665 0.300906 0.113026
2 3 0.084904 0.128283 0.365424 0.301704 0.119685
2 3 0.082430 0.122454 0.384425 0.300466 0.110224
2 3 0.071173 0.098460 0.465363 0.288792 0.076213
2 3 0.073082 0.102289 0.452098 0.291372 0.081159
2 3 0.077509 0.111518 0.420706 0.296463 0.093804
2 3 0.090780 0.143327 0.317183 0.301938 0.146772
2 3 0.080652 0.118411 0.397735 0.299242 0.103960
2 3 0.076463 0.109290 0.428213 0.295379 0.090655
2 3 0.074999 0.106221 0.438626 0.293735 0.086419
2 3 0.085537 0.129817 0.360456 0.301925 0.122265
2 3 0.085116 0.128796 0.363763 0.301783 0.120543
2 3 0.086300 0.131689 0.354412 0.302135 0.125464
2 3 0.089128 0.138892 0.331307 0.302324 0.138349
2 3 0.078633 0.113949 0.412564 0.297542 0.097312
2 3 0.080550 0.118183 0.398490 0.299163 0.103613
2 3 0.086623 0.132491 0.351826 0.302205 0.126854
2 3 0.083575 0.125122 0.375701 0.301111 0.114491
2 3 0.083934 0.125969 0.372942 0.301288 0.115867
2 3 0.086335 0.131775 0.354133 0.302143 0.125613
2 3 0.086497 0.132178 0.352835 0.302179 0.126310
2 3 0.090956 0.143811 0.315646 0.301872 0.147714
2 3 0.089060 0.138714 0.331875 0.302332 0.138020
2 3 0.081589 0.120528 0.390753 0.299920 0.107210
2 3 0.080384 0.117811 0.399722 0.299034 0.103049
2 3 0.087166 0.133848 0.347460 0.302296 0.129230
2 3 0.086071 0.131124 0.356234 0.302079 0.124492
2 3 0.089693 0.140390 0.326530 0.302237 0.141149
2 3 0.086242 0.131545 0.354876 0.302121 0.125216
2 3 0.090393 0.142270 0.320543 0.302066 0.144729
2 3 0.083957 0.126023 0.372766 0.301299 0.115955
2 3 0.090236 0.141845 0.321896 0.302111 0.143913
2 3 0.087347 0.134304 0.345997 0.302319 0.130034
2 3 0.082752 0.123201 0.381980 0.300660 0.111407
3 3 0.093887 0.152259 0.288898 0.299935 0.165021
2 3 0.090634 0.142927 0.318455 0.301989 0.145995
2 3 0.086791 0.132909 0.350481 0.302237 0.127582
2 3 0.085659 0.130113 0.359498 0.301963 0.122767
2 3 0.086218 0.131486 0.355064 0.302116 0.125115
3 3 0.092697 0.148732 0.300049 0.300928 0.157594
3 3 0.094712 0.154794 0.280889 0.299052 0.170553
2 3 0.092525 0.148234 0.301625 0.301046 0.156569
2 3 0.092035 0.146831 0.306068 0.301352 0.153713
2 3 0.091317 0.144809 0.312478 0.301721 0.149675
2 3 0.090978 0.143870 0.315459 0.301864 0.147830
2 3 0.092059 0.146898 0.305856 0.301339 0.153849
2 3 0.082233 0.108764 0.426255 0.293408 0.089340
2 3 0.073260 0.102651 0.450852 0.291602 0.081635
2 3 0.056786 0.072338 0.549716 0.263953 0.057207
2 3 0.046307 0.055357 0.606992 0.240826 0.050518
2 2 0.031303 0.033528 0.693418 0.198784 0.042967
2 2 0.033163 0.036100 0.680152 0.204942 0.045642
2 2 0.031734 0.034104 0.691694 0.200057 0.042411
2 2 0.016948 0.042355 0.883564 0.028094 0.029039
2 2 0.013996 0.023011 0.887817 0.046311 0.028866
2 2 0.020941 0.036237 0.856566 0.061298 0.024959
2 2 0.018981 0.028539 0.850570 0.071141 0.030769
2 2 0.028934 0.049828 0.839981 0.041923 0.039334
0 0 0.758270 0.135327 0.047229 0.006720 0.052454
0 0 0.553636 0.251228 0.080811 0.009954 0.104370
1 2 0.264043 0.374979 0.231278 0.016321 0.113379
2 2 0.224643 0.319046 0.340781 0.024563 0.090966
1 2 0.091016 0.527583 0.279001 0.005290 0.097110
1 2 0.311483 0.379481 0.151482 0.013675 0.143879
0 2 0.535084 0.240698 0.115840 0.015160 0.093217
1 2 0.090346 0.495291 0.319025 0.006419 0.088919
2 2 0.051919 0.399606 0.464079 0.011461 0.072935
0 0 0.747439 0.131923 0.065429 0.009102 0.046108
0 0 0.791115 0.106212 0.033106 0.009486 0.060083
0 0 0.711256 0.154247 0.053407 0.009884 0.071205
0 0 0.797708 0.100366 0.041281 0.010797 0.049848
0 0 0.494374 0.301477 0.112215 0.006844 0.085091
1 2 0.205693 0.477129 0.207098 0.006103 0.103977
1 2 0.349663 0.369499 0.164023 0.009896 0.106918
1 2 0.359940 0.386984 0.148993 0.006538 0.097544
1 2 0.183837 0.456820 0.259123 0.007472 0.092748
1 2 0.173580 0.439514 0.290501 0.008674 0.087731
2 2 0.049490 0.334729 0.536852 0.015717 0.063212
2 2 0.023067 0.109122 0.821033 0.013406 0.033372
2 2 0.013976 0.042918 0.895494 0.016908 0.030704
2 2 0.041724 0.240979 0.654317 0.017053 0.045926
2 2 0.026626 0.132618 0.782346 0.014311 0.044099
2 2 0.009259 0.017534 0.930439 0.024494 0.018273
2 2 0.008493 0.016185 0.935721 0.022312 0.017288
2 2 0.011049 0.028310 0.915231 0.018114 0.027296
2 2 0.031040 0.200095 0.717430 0.010798 0.040637
2 2 0.019098 0.031414 0.868625 0.046017 0.034846
2 2 0.044546 0.232561 0.626435 0.019985 0.076473
2 2 0.013368 0.041420 0.904812 0.015787 0.024613
2 2 0.038648 0.152988 0.723866 0.029627 0.054872
2 2 0.015979 0.045814 0.884874 0.021428 0.031905
2 2 0.213872 0.283163 0.379172 0.035224 0.088568
0 0 0.946889 0.020592 0.007940 0.007694 0.016885
0 0 0.913843 0.031843 0.012891 0.013131 0.028291
0 0 0.961754 0.014555 0.004573 0.005556 0.013562
0 0 0.864930 0.066519 0.026113 0.008099 0.034339
0 0 0.794704 0.112696 0.036266 0.006640 0.049694
1 1 0.194110 0.460297 0.207434 0.009665 0.128495
1 2 0.304201 0.402137 0.144323 0.010297 0.139041
0 2 0.379550 0.339505 0.120915 0.014033 0.145997
1 2 0.105960 0.481778 0.287253 0.009797 0.115212
1 2 0.079870 0.528143 0.252070 0.007683 0.132234
1 2 0.160092 0.468766 0.208297 0.011844 0.151001
2 2 0.053115 0.374188 0.483771 0.014740 0.074186
2 2 0.050785 0.263621 0.604312 0.024579 0.056702
2 2 0.025901 0.102535 0.810513 0.020144 0.040907
2 2 0.019430 0.076221 0.852368 0.015576 0.036405
2 2 0.012050 0.031712 0.912170 0.018710 0.025358
2 2 0.010653 0.025042 0.916985 0.020130 0.027190
2 2 0.224298 0.202202 0.472285 0.044857 0.056358
0 1 0.665134 0.194247 0.052250 0.006751 0.081618
1 1 0.073655 0.467362 0.382065 0.006094 0.070824
1 2 0.067193 0.482514 0.347880 0.008044 0.094369
2 2 0.025272 0.098679 0.813431 0.020180 0.042438
2 2 0.024238 0.098455 0.819605 0.018140 0.039562
2 2 0.007926 0.012819 0.933353 0.027398 0.018504
2 2 0.013285 0.040014 0.909434 0.016276 0.020991
2 2 0.008417 0.017088 0.933684 0.020191 0.020620
2 2 0.008938 0.016993 0.925236 0.023992 0.024840
2 2 0.079936 0.310251 0.533065 0.017813 0.058935
2 2 0.014737 0.047733 0.893245 0.016203 0.028081
2 2 0.010970 0.024130 0.918508 0.022827 0.023564
2 2 0.012444 0.029324 0.913044 0.022867 0.022322
2 2 0.008803 0.017132 0.931121 0.022514 0.020430
2 2 0.008049 0.017792 0.937864 0.016823 0.019473
2 2 0.008940 0.014953 0.925862 0.029222 0.021023
2 2 0.014521 0.024714 0.896439 0.035414 0.028912
0 1 0.666463 0.192510 0.058682 0.007073 0.075272
1 1 0.092094 0.542441 0.212211 0.006948 0.146305
2 2 0.029240 0.106928 0.796127 0.025651 0.042054
2 2 0.048411 0.208472 0.661754 0.023695 0.057668
2 2 0.008402 0.014362 0.931430 0.026510 0.019297
2 2 0.010365 0.021719 0.921672 0.023390 0.022853
2 2 0.013001 0.033535 0.906644 0.020766 0.026055
2 2 0.008818 0.016978 0.928765 0.023069 0.022370
2 2 0.006319 0.014250 0.946283 0.013052 0.020095
2 2 0.007731 0.018745 0.938488 0.014021 0.021015
2 2 0.005755 0.009494 0.948376 0.019628 0.016746
2 2 0.009488 0.013358 0.912102 0.041111 0.023941
2 2 0.010626 0.013687 0.896587 0.052971 0.026130
2 2 0.021923 0.034626 0.879462 0.029218 0.034771
0 2 0.600078 0.226865 0.083802 0.008678 0.080578
1 2 0.062044 0.441651 0.390789 0.011573 0.093943
2 2 0.046785 0.384139 0.493789 0.010904 0.064384
0 1 0.343926 0.328161 0.248817 0.010853 0.068242
2 2 0.054098 0.331338 0.522525 0.020182 0.071857
2 2 0.014490 0.032308 0.895925 0.029179 0.028099
2 2 0.012357 0.030176 0.906632 0.021788 0.029047
2 2 0.050829 0.060909 0.775734 0.068662 0.043866
0 2 0.469217 0.282201 0.138753 0.013572 0.096257
0 0 0.928806 0.024870 0.013467 0.013359 0.019498
0 0 0.863412 0.053183 0.011203 0.011521 0.060681
0 0 0.869237 0.055404 0.017660 0.012092 0.045608
0 0 0.851612 0.061298 0.016171 0.012734 0.058185
0 0 0.736321 0.139315 0.048724 0.009781 0.065859
0 0 0.900763 0.037597 0.010475 0.011640 0.039525
0 0 0.568526 0.250268 0.083803 0.008061 0.089342
1 1 0.218918 0.464304 0.148164 0.008832 0.159782
1 2 0.191658 0.412562 0.194873 0.021190 0.179717
1 2 0.081589 0.441362 0.385649 0.009504 0.081896
2 2 0.049986 0.391989 0.476122 0.011682 0.070221
2 2 0.011716 0.029773 0.914254 0.019274 0.024983
2 2 0.019849 0.070876 0.847183 0.018691 0.043401
2 2 0.014946 0.033043 0.888722 0.030711 0.032578
2 2 0.021784 0.080283 0.837622 0.019284 0.041028
2 2 0.009006 0.019279 0.928179 0.019889 0.023647
2 2 0.011130 0.015712 0.899949 0.047609 0.025600
2 2 0.013402 0.029712 0.883404 0.028192 0.045291
2 2 0.007869 0.012835 0.932734 0.026943 0.019619
2 2 0.012169 0.017463 0.893695 0.050423 0.026250
2 2 0.010790 0.020051 0.916086 0.029524 0.023549
2 2 0.015325 0.027318 0.885341 0.044103 0.027912
2 2 0.014160 0.041700 0.894800 0.018321 0.031018
2 2 0.025857 0.067051 0.816189 0.040376 0.050527
2 2 0.021233 0.075575 0.839373 0.020003 0.043815
2 2 0.007535 0.013601 0.934679 0.022130 0.022056
2 2 0.014970 0.058721 0.890178 0.011953 0.024178
2 2 0.010705 0.019480 0.916349 0.030290 0.023176
2 2 0.009042 0.014107 0.920152 0.033263 0.023438
2 2 0.008988 0.019232 0.933310 0.019596 0.018875
2 2 0.006280 0.012375 0.945230 0.016136 0.019979
2 2 0.010854 0.020719 0.918396 0.028291 0.021740
2 2 0.154563 0.342530 0.402552 0.021109 0.079247
2 2 0.020183 0.053933 0.821162 0.031290 0.073432
2 2 0.009046 0.021854 0.925104 0.016568 0.027429
2 2 0.008185 0.015110 0.931157 0.023059 0.022488
2 2 0.007674 0.014478 0.935350 0.020925 0.021574
2 2 0.006596 0.009155 0.934646 0.029736 0.019867
2 2 0.005923 0.009819 0.947063 0.020025 0.017169
2 2 0.007429 0.012517 0.932671 0.024466 0.022917
2 2 0.007937 0.013149 0.927939 0.026814 0.024161
2 2 0.011714 0.015371 0.888698 0.056450 0.027767
2 2 0.007938 0.012134 0.928999 0.030263 0.020666
2 2 0.009204 0.014066 0.917228 0.035049 0.024454
2 2 0.018203 0.046389 0.861931 0.029789 0.043688
2 2 0.009358 0.015000 0.919163 0.032881 0.023599
2 2 0.020640 0.033717 0.838858 0.068131 0.038654
2 2 0.010050 0.025207 0.923273 0.017064 0.024407
2 2 0.013988 0.040968 0.895213 0.018298 0.031532
2 2 0.014344 0.038390 0.888119 0.021881 0.037267
2 2 0.021092 0.070370 0.815476 0.022701 0.070360
2 2 0.037206 0.159322 0.686939 0.025941 0.090591
2 4 0.049846 0.163578 0.607941 0.031898 0.146737
4 4 0.054302 0.108129 0.198048 0.017132 0.622389
1 4 0.102409 0.465824 0.265117 0.015364 0.151286
4 4 0.060821 0.114502 0.132841 0.014094 0.677742
2 4 0.017177 0.051513 0.832820 0.022423 0.076066
4 4 0.067348 0.159200 0.287434 0.029299 0.456719
1 4 0.099851 0.426795 0.208742 0.014151 0.250461
1 4 0.101611 0.361482 0.223793 0.021401 0.291712
4 4 0.081745 0.186806 0.166777 0.019430 0.545241
4 4 0.087972 0.167944 0.107577 0.019713 0.616794
4 4 0.074714 0.246242 0.289724 0.017142 0.372178
4 4 0.056209 0.092011 0.089176 0.011258 0.751347
4 4 0.052430 0.061934 0.089059 0.024739 0.771838
4 4 0.073478 0.143806 0.130353 0.017054 0.635309
4 4 0.061008 0.100219 0.154268 0.024737 0.659768
1 4 0.120860 0.497166 0.109660 0.010104 0.262210
1 4 0.235946 0.372690 0.094895 0.021665 0.274805
1 4 0.160486 0.400125 0.135839 0.021529 0.282022
4 4 0.066002 0.139600 0.198528 0.020429 0.575441
2 4 0.075332 0.309797 0.332709 0.016173 0.265990
1 4 0.132249 0.442148 0.101223 0.015229 0.309150
4 4 0.033930 0.036144 0.063446 0.012109 0.854371
4 4 0.043424 0.049191 0.058937 0.013315 0.835133
1 4 0.164500 0.430238 0.140441 0.019892 0.244928
4 4 0.043171 0.057922 0.102320 0.015326 0.781261
4 4 0.098335 0.212752 0.114692 0.019401 0.554820
0 4 0.538037 0.249160 0.075413 0.012590 0.124799
4 4 0.050163 0.109756 0.275514 0.019364 0.545203
4 4 0.103701 0.339625 0.139647 0.011645 0.405381
4 4 0.051088 0.077173 0.094837 0.012994 0.763909
4 4 0.089857 0.186169 0.095168 0.014371 0.614436
4 4 0.101790 0.335703 0.163831 0.013900 0.384775
1 4 0.119913 0.462897 0.151481 0.017507 0.248202
4 4 0.055237 0.124722 0.289234 0.022907 0.507899
4 2 0.051157 0.110613 0.305922 0.024813 0.507495
4 2 0.060504 0.125445 0.172644 0.015227 0.626179
1 2 0.158961 0.485106 0.149365 0.010675 0.195892
4 2 0.095280 0.329467 0.219766 0.017510 0.337977
1 2 0.124583 0.457240 0.236289 0.016734 0.165154
4 4 0.053621 0.144439 0.333494 0.017972 0.450474
4 4 0.063360 0.128952 0.161170 0.015749 0.630769
4 4 0.052517 0.141453 0.380117 0.022810 0.403103
1 4 0.097619 0.483841 0.224335 0.014720 0.179485
4 4 0.086091 0.251809 0.188350 0.014497 0.459254
1 4 0.087008 0.317592 0.260892 0.017159 0.317350
4 4 0.080023 0.165697 0.099719 0.012332 0.642230
1 4 0.093387 0.375550 0.235693 0.015112 0.280258
1 2 0.096974 0.425992 0.237728 0.016576 0.222731
2 2 0.041614 0.119681 0.498198 0.024955 0.315553
4 2 0.040733 0.089983 0.362934 0.021957 0.484394
2 2 0.047379 0.225331 0.570332 0.022097 0.134861
2 2 0.070978 0.328738 0.446739 0.041750 0.111796
2 2 0.065601 0.337635 0.484380 0.024663 0.087721
2 2 0.037548 0.147194 0.701874 0.030035 0.083348
2 2 0.062970 0.187665 0.381941 0.026712 0.340711
2 2 0.018547 0.064987 0.859713 0.017980 0.038774
2 2 0.012529 0.038946 0.881815 0.015451 0.051260
2 2 0.007682 0.014963 0.937537 0.019805 0.020013
2 2 0.009138 0.020974 0.928118 0.018011 0.023759
2 2 0.044244 0.214651 0.675628 0.023740 0.041738
2 2 0.032364 0.115921 0.724753 0.026955 0.100008
2 2 0.014187 0.046022 0.887509 0.015847 0.036435
2 2 0.014373 0.043831 0.889860 0.017662 0.034274
2 2 0.011929 0.027608 0.912700 0.022798 0.024964
2 2 0.021844 0.057258 0.853360 0.033196 0.034342
2 2 0.022052 0.064493 0.854208 0.027900 0.031348
2 2 0.011567 0.012327 0.867168 0.078512 0.030426
2 2 0.019680 0.049027 0.846555 0.033520 0.051218
2 2 0.016590 0.036990 0.885498 0.033044 0.027877
2 2 0.043302 0.145069 0.709722 0.043262 0.058644
2 2 0.008122 0.020342 0.930809 0.014122 0.026604
2 2 0.008434 0.016379 0.929478 0.021916 0.023793
2 2 0.008200 0.016861 0.931394 0.019483 0.024062
2 2 0.013814 0.020903 0.887163 0.052010 0.026110
2 2 0.014591 0.026931 0.890471 0.039859 0.028149
2 2 0.011304 0.022991 0.913048 0.026787 0.025871
2 2 0.018192 0.039313 0.874287 0.038020 0.030189
2 2 0.015847 0.014845 0.806011 0.129932 0.033365
2 2 0.020646 0.026744 0.825574 0.097544 0.029492
2 2 0.030200 0.051784 0.785811 0.089942 0.042263
2 2 0.046723 0.056084 0.600847 0.242192 0.054155
2 2 0.019999 0.024787 0.818377 0.102629 0.034209
2 2 0.054254 0.068048 0.565435 0.258609 0.053653
2 3 0.069545 0.098947 0.490297 0.269397 0.071814
2 3 0.035373 0.039116 0.672426 0.210994 0.042090
2 3 0.064426 0.085558 0.511293 0.277985 0.060738
2 3 0.039784 0.045519 0.643070 0.224079 0.047548
2 3 0.058571 0.075063 0.550320 0.266629 0.049417
2 3 0.035238 0.038887 0.676205 0.210169 0.039500
2 3 0.063179 0.083272 0.519657 0.275715 0.058177
2 3 0.072880 0.101879 0.453510 0.291109 0.080622
2 3 0.073603 0.103349 0.448452 0.292038 0.082559
2 3 0.051374 0.063016 0.594458 0.250790 0.040362
2 3 0.064156 0.085060 0.513110 0.277500 0.060175
2 3 0.075616 0.107508 0.434251 0.294445 0.088180
2 3 0.073350 0.102833 0.450225 0.291716 0.081876
2 3 0.074545 0.105283 0.441827 0.293198 0.085147
2 3 0.066606 0.089626 0.496592 0.281752 0.065424
2 3 0.078598 0.113871 0.412824 0.297509 0.097199
2 3 0.082778 0.123261 0.381782 0.300675 0.111503
2 3 0.085043 0.128618 0.364337 0.301756 0.120246
2 3 0.081605 0.120565 0.390632 0.299931 0.107267
2 3 0.073696 0.103538 0.447800 0.292155 0.082811
2 3 0.077221 0.110901 0.422781 0.296172 0.092925
2 3 0.077377 0.111234 0.421660 0.296330 0.093399
2 3 0.076963 0.110351 0.424634 0.295906 0.092146
2 3 0.044084 0.052036 0.614304 0.235819 0.053756
2 3 0.014676 0.018680 0.863093 0.073368 0.030183
2 3 0.060240 0.077993 0.539254 0.270045 0.052468
2 3 0.037582 0.042235 0.661300 0.217213 0.041670
2 3 0.039521 0.045103 0.646429 0.223139 0.045808
2 3 0.038280 0.043283 0.654421 0.219573 0.044442
2 3 0.064451 0.085604 0.511127 0.278029 0.060789
2 3 0.064493 0.085682 0.510842 0.278105 0.060878
2 3 0.056420 0.071732 0.551267 0.263249 0.057333
2 3 0.081010 0.119215 0.395079 0.299509 0.105187
2 3 0.064833 0.086310 0.508558 0.278707 0.061591
2 3 0.069752 0.095664 0.475150 0.286729 0.072705
2 3 0.074641 0.105481 0.441151 0.293312 0.085414
2 3 0.079826 0.116570 0.403835 0.298585 0.101184
2 3 0.087209 0.133958 0.347109 0.302302 0.129422
2 3 0.082665 0.122999 0.382642 0.300609 0.111086
2 3 0.072565 0.101243 0.455705 0.290695 0.079792
2 3 0.085060 0.128659 0.364205 0.301762 0.120314
2 3 0.079011 0.114774 0.409810 0.297884 0.098521
2 3 0.086078 0.131140 0.356181 0.302081 0.124521
2 3 0.073878 0.103911 0.446521 0.292382 0.083307
2 3 0.070383 0.096899 0.470816 0.287659 0.074244
2 3 0.084318 0.126881 0.369975 0.301464 0.117362
2 3 0.081984 0.121430 0.387785 0.300185 0.108616
2 3 0.078793 0.114298 0.411397 0.297688 0.097823
2 3 0.086072 0.131127 0.356224 0.302079 0.124498
2 3 0.078730 0.114159 0.411861 0.297631 0.097620
2 3 0.081153 0.119539 0.394010 0.299613 0.105685
2 3 0.084149 0.126478 0.371286 0.301388 0.116700
2 3 0.074150 0.104468 0.444614 0.292717 0.084051
2 3 0.076013 0.108341 0.431425 0.294889 0.089332
2 3 0.083177 0.124189 0.378747 0.300900 0.112987
2 3 0.081977 0.121413 0.387842 0.300180 0.108589
2 3 0.087515 0.134730 0.344627 0.302336 0.130791
2 3 0.085670 0.130140 0.359411 0.301966 0.122813
2 3 0.081541 0.120420 0.391108 0.299888 0.107043
2 3 0.087634 0.135032 0.343661 0.302346 0.131327
3 3 0.093177 0.150137 0.295603 0.300565 0.160518
2 3 0.075284 0.106815 0.436606 0.294067 0.087229
2 3 0.079529 0.115913 0.406018 0.298335 0.100205
2 3 0.082779 0.123263 0.381776 0.300676 0.111506
2 3 0.084315 0.126873 0.370001 0.301462 0.117348
2 3 0.081666 0.120705 0.390171 0.299973 0.107485
2 3 0.087456 0.134582 0.345104 0.302330 0.130527
2 2 0.134512 0.144020 0.288520 0.287519 0.145430
2 2 0.082797 0.123303 0.381644 0.300686 0.111570
2 2 0.079553 0.115966 0.405840 0.298356 0.100284
2 2 0.032450 0.035107 0.685331 0.202597 0.044516
2 2 0.020554 0.026091 0.809538 0.102413 0.041404
2 2 0.046836 0.056033 0.611192 0.241300 0.044639
2 2 0.021218 0.056737 0.853835 0.031419 0.036791
2 2 0.011563 0.024519 0.909114 0.025748 0.029057
2 2 0.016270 0.017154 0.825012 0.109703 0.031860
2 2 0.019231 0.055692 0.850314 0.025662 0.049100
2 2 0.006603 0.012791 0.945156 0.017275 0.018175
2 2 0.011099 0.026581 0.897051 0.020885 0.044383
2 2 0.015153 0.018922 0.859512 0.077700 0.028713
2 2 0.021900 0.023774 0.772139 0.139927 0.042259
2 2 0.014104 0.021144 0.876830 0.054612 0.033310
2 2 0.014303 0.028920 0.886289 0.034281 0.036208
2 2 0.026767 0.027552 0.717438 0.183883 0.044360
2 2 0.029806 0.031496 0.704205 0.193646 0.040847
2 2 0.024235 0.024293 0.737194 0.174141 0.040137
2 2 0.030286 0.032148 0.700304 0.195367 0.041895
2 2 0.044354 0.074559 0.702668 0.132846 0.045574
2 2 0.013382 0.033777 0.904335 0.022105 0.026401
2 2 0.010493 0.016677 0.910263 0.037211 0.025356
2 2 0.009405 0.019536 0.921304 0.021942 0.027814
2 2 0.023066 0.024770 0.766223 0.148323 0.037618
2 2 0.023331 0.035680 0.818517 0.084738 0.037735
2 2 0.014097 0.028512 0.893192 0.033482 0.030716
2 2 0.006544 0.011824 0.943828 0.019203 0.018601
2 2 0.008022 0.012026 0.926093 0.031665 0.022195
2 2 0.007129 0.011364 0.934860 0.025633 0.021015
2 2 0.008501 0.013532 0.923306 0.030476 0.024185
2 2 0.010153 0.013969 0.904550 0.045618 0.025710
2 2 0.031622 0.033993 0.688682 0.200157 0.045546
2 2 0.023187 0.022948 0.748871 0.169436 0.035558
2 2 0.007583 0.009140 0.917125 0.042892 0.023259
2 2 0.009003 0.019641 0.922276 0.019540 0.029541
2 2 0.017355 0.015995 0.788065 0.145064 0.033522
2 2 0.015358 0.016098 0.833279 0.104745 0.030521
2 2 0.007444 0.014350 0.932176 0.019880 0.026150
2 2 0.018335 0.017292 0.779092 0.147971 0.037311
2 2 0.013350 0.014269 0.850542 0.089502 0.032338
2 2 0.011273 0.015259 0.896558 0.051537 0.025373
2 2 0.012118 0.016601 0.887848 0.054459 0.028973
2 2 0.025171 0.025515 0.726248 0.178246 0.044820
2 2 0.011843 0.012811 0.866656 0.078310 0.030382
2 2 0.010463 0.022004 0.902537 0.024274 0.040723
2 2 0.007198 0.010833 0.928909 0.028638 0.024421
2 2 0.010992 0.018328 0.905601 0.036229 0.028849
2 2 0.010845 0.017402 0.899447 0.038434 0.033871
2 2 0.030888 0.032996 0.693206 0.197774 0.045136
2 2 0.010942 0.024939 0.909680 0.021920 0.032520
2 2 0.017507 0.019519 0.824329 0.107162 0.031483
2 2 0.013372 0.013512 0.847100 0.097428 0.028587
2 2 0.010017 0.013216 0.903857 0.048105 0.024805
2 2 0.038716 0.044144 0.637048 0.222289 0.057803
2 2 0.037847 0.042601 0.660800 0.217825 0.040926
2 2 0.021339 0.032459 0.814191 0.080213 0.051798
2 2 0.021516 0.021485 0.751198 0.158549 0.047252
2 2 0.020738 0.019990 0.760334 0.160316 0.038622
2 2 0.014068 0.021170 0.874464 0.054388 0.035910
2 2 0.021716 0.026539 0.798700 0.114123 0.038922
2 2 0.036067 0.040106 0.667690 0.213141 0.042995
2 2 0.031664 0.034165 0.678304 0.201325 0.054544
2 2 0.015978 0.017011 0.830554 0.105939 0.030518
2 2 0.042570 0.049646 0.628027 0.231424 0.048332
2 2 0.053386 0.066523 0.573746 0.256429 0.049916
2 2 0.026331 0.026968 0.722522 0.182035 0.042144
2 2 0.044626 0.052958 0.606502 0.237564 0.058349
2 2 0.025752 0.026271 0.720866 0.180567 0.046544
2 2 0.055955 0.070836 0.557776 0.261999 0.053434
2 2 0.057552 0.073296 0.557063 0.264472 0.047617
2 2 0.026183 0.026737 0.728268 0.180850 0.037962
2 2 0.040689 0.075967 0.779250 0.068338 0.035756
2 2 0.014409 0.012697 0.811105 0.130806 0.030982
2 2 0.018791 0.020839 0.806057 0.116619 0.037693
2 2 0.013485 0.014378 0.849529 0.090633 0.031975
2 2 0.012495 0.019319 0.896220 0.045794 0.026171
2 2 0.019154 0.037472 0.852184 0.047847 0.043342
2 2 0.019397 0.047322 0.857253 0.033823 0.042205
2 2 0.037232 0.095940 0.683131 0.060118 0.123578
2 2 0.069802 0.213945 0.382733 0.032866 0.300655
2 2 0.026770 0.082726 0.806296 0.031470 0.052737
2 2 0.036336 0.122619 0.713645 0.034792 0.092608
2 2 0.046618 0.146529 0.579951 0.037882 0.189019
4 4 0.048707 0.067906 0.150836 0.026497 0.706054
4 4 0.023742 0.030850 0.266064 0.024944 0.654401
2 4 0.046161 0.142671 0.523820 0.027278 0.260070
2 1 0.039881 0.194498 0.685860 0.020606 0.059156
1 1 0.088215 0.377340 0.297982 0.020520 0.215943
4 2 0.050250 0.130064 0.386907 0.024121 0.408658
4 4 0.031002 0.066760 0.432000 0.021799 0.448440
4 4 0.045622 0.093671 0.270707 0.019056 0.570944
2 4 0.053932 0.165922 0.448387 0.026987 0.304772
2 4 0.043420 0.140557 0.530472 0.025543 0.260008
2 2 0.019308 0.046312 0.818758 0.035939 0.079683
2 2 0.011803 0.028682 0.889809 0.021688 0.048018
2 2 0.006753 0.011185 0.939289 0.022842 0.019931
2 2 0.013740 0.031236 0.858283 0.028380 0.068360
2 2 0.008973 0.014698 0.921577 0.030586 0.024166
2 2 0.010031 0.015127 0.911305 0.038806 0.024730
2 2 0.011165 0.015212 0.895660 0.050755 0.027208
2 2 0.007762 0.014823 0.940382 0.020415 0.016618
2 2 0.006734 0.012880 0.942625 0.018039 0.019722
2 2 0.007172 0.012434 0.937763 0.022445 0.020186
2 2 0.009004 0.021235 0.924733 0.017166 0.027862
2 2 0.006375 0.009145 0.940053 0.027094 0.017333
2 2 0.008279 0.021823 0.922225 0.013436 0.034237
2 2 0.007344 0.014526 0.936819 0.018666 0.022644
0 1 0.324248 0.221758 0.299594 0.058073 0.096327
1 2 0.118329 0.427413 0.356541 0.011137 0.086580
2 2 0.035862 0.126025 0.750813 0.021904 0.065396
2 2 0.006367 0.014814 0.947997 0.012431 0.018391
2 2 0.007071 0.017187 0.939492 0.012942 0.023309
2 2 0.007284 0.019410 0.933048 0.011604 0.028653
2 2 0.009785 0.023663 0.924293 0.017671 0.024588
2 2 0.005744 0.012323 0.950480 0.012892 0.018561
2 2 0.010523 0.020916 0.909150 0.026403 0.033008
2 2 0.006265 0.014194 0.945429 0.012894 0.021218
2 2 0.005328 0.012905 0.950412 0.009969 0.021387
2 2 0.006916 0.014411 0.939543 0.016244 0.022888
2 2 0.009021 0.023677 0.926062 0.014434 0.026806
2 2 0.009090 0.025379 0.923051 0.013220 0.029260
2 2 0.011448 0.017299 0.898867 0.044047 0.028339
2 2 0.009020 0.016902 0.925152 0.024729 0.024197
2 2 0.007316 0.014233 0.936298 0.019129 0.023023
2 2 0.007603 0.017809 0.934231 0.014774 0.025584
2 2 0.007196 0.012093 0.934710 0.023811 0.022190
2 2 0.010339 0.022491 0.917995 0.022185 0.026989
2 2 0.007355 0.015076 0.936413 0.017685 0.023471
2 2 0.007446 0.013689 0.936582 0.021191 0.021092
2 2 0.006712 0.010951 0.938245 0.023328 0.020764
2 2 0.009154 0.015187 0.920409 0.030556 0.024695
2 2 0.006839 0.014211 0.943303 0.016003 0.019644
2 2 0.017460 0.016621 0.795762 0.138103 0.032053
2 2 0.008754 0.012553 0.919097 0.036927 0.022669
2 2 0.008984 0.017722 0.927382 0.022622 0.023290
2 2 0.008062 0.013137 0.928150 0.027843 0.022809
2 2 0.010676 0.017825 0.911470 0.034899 0.025130
2 2 0.011004 0.015397 0.898627 0.047954 0.027018
2 2 0.009772 0.013744 0.910975 0.042234 0.023275
2 2 0.008768 0.012627 0.920547 0.036609 0.021448
2 2 0.016951 0.027306 0.856323 0.058336 0.041084
2 2 0.012837 0.017242 0.882713 0.059181 0.028027
2 2 0.007708 0.015645 0.934523 0.018757 0.023368
2 2 0.016208 0.015919 0.810347 0.123124 0.034403
2 2 0.014102 0.016852 0.862481 0.078035 0.028530
2 2 0.013236 0.014010 0.852781 0.089819 0.030155
2 2 0.016264 0.016448 0.821070 0.116749 0.029468
2 2 0.007789 0.011070 0.923963 0.033706 0.023471
2 2 0.012055 0.013001 0.866494 0.079730 0.028719
2 2 0.017834 0.018175 0.799958 0.127194 0.036839
2 2 0.029561 0.032414 0.707374 0.182766 0.047885
2 2 0.022094 0.046341 0.831857 0.049215 0.050494
2 2 0.014224 0.015462 0.848174 0.091964 0.030177
2 2 0.022908 0.022645 0.744826 0.169171 0.040451
2 3 0.054735 0.068678 0.568978 0.259033 0.048576
2 3 0.038800 0.044052 0.650489 0.221148 0.045510
2 3 0.014836 0.015417 0.837133 0.102745 0.029868
2 3 0.030131 0.031914 0.703846 0.194499 0.039610
2 3 0.032410 0.035020 0.688254 0.202127 0.042188
2 3 0.016449 0.014974 0.792738 0.141149 0.034689
2 3 0.026117 0.026638 0.730383 0.180357 0.036505
2 3 0.041040 0.047488 0.629091 0.228155 0.054226
2 3 0.042605 0.049974 0.612467 0.232836 0.062118
2 3 0.025007 0.025253 0.733934 0.176801 0.039005
2 3 0.048996 0.059400 0.600079 0.246334 0.045190
2 3 0.051448 0.063368 0.584432 0.252178 0.048573
2 3 0.057607 0.073653 0.547845 0.265397 0.055499
2 3 0.072168 0.100446 0.458464 0.290165 0.078757
2 3 0.066813 0.090018 0.495187 0.282097 0.065885
2 3 0.070718 0.097560 0.468505 0.288144 0.075074
2 2 0.086041 0.131051 0.356468 0.302071 0.124368
2 2 0.083218 0.101398 0.448435 0.287895 0.079054
2 2 0.087710 0.367358 0.453367 0.016569 0.074996
2 2 0.019025 0.033789 0.856026 0.055001 0.036159
2 2 0.011261 0.023463 0.910770 0.025829 0.028676
2 2 0.008773 0.013717 0.922425 0.032191 0.022893
2 2 0.013752 0.018217 0.876527 0.064368 0.027137
2 2 0.013815 0.029338 0.893664 0.030482 0.032701
2 2 0.005937 0.010856 0.946496 0.017262 0.019448
2 2 0.006729 0.012050 0.939685 0.020155 0.021381
2 2 0.010810 0.025251 0.912265 0.020771 0.030903
2 2 0.005996 0.011974 0.945659 0.015182 0.021188
2 2 0.008446 0.016301 0.932594 0.021982 0.020678
2 2 0.014293 0.039117 0.873157 0.021455 0.051979
2 2 0.013327 0.017000 0.873828 0.066738 0.029108
2 2 0.013719 0.023728 0.884048 0.042452 0.036053
2 2 0.014427 0.021635 0.881123 0.055126 0.027690
1 1 0.222371 0.354749 0.331690 0.014897 0.076294
2 2 0.030414 0.153764 0.743591 0.016015 0.056216
2 2 0.019381 0.032942 0.855958 0.059633 0.032086
2 2 0.012198 0.026322 0.909481 0.026112 0.025887
2 2 0.006841 0.011943 0.937282 0.021393 0.022541
2 2 0.008220 0.017838 0.932067 0.017894 0.023982
2 2 0.006055 0.012085 0.948051 0.015215 0.018595
2 2 0.011659 0.033147 0.901840 0.016382 0.036972
2 2 0.007411 0.016346 0.936562 0.015833 0.023849
2 2 0.007444 0.013252 0.936133 0.022304 0.020867
2 2 0.008114 0.020043 0.929686 0.014462 0.027696
2 2 0.013830 0.017764 0.872422 0.068118 0.027866
0 0 0.839867 0.064924 0.045500 0.017305 0.032405
1 1 0.146860 0.457836 0.287804 0.009110 0.098390
2 2 0.021592 0.025082 0.789169 0.123525 0.040633
1 2 0.182693 0.417432 0.289899 0.012133 0.097843
2 2 0.042058 0.182432 0.683855 0.027856 0.063799
2 2 0.013924 0.037477 0.901888 0.020652 0.026058
2 2 0.021401 0.029231 0.820629 0.093541 0.035197
2 2 0.011015 0.024554 0.915956 0.022555 0.025920
2 2 0.066314 0.269007 0.548782 0.039264 0.076633
2 2 0.010698 0.021462 0.912024 0.026235 0.029581
2 2 0.007335 0.013009 0.938726 0.022004 0.018927
2 2 0.011638 0.031458 0.908905 0.017541 0.030458
2 2 0.007968 0.018439 0.938263 0.015493 0.019838
2 2 0.012808 0.015809 0.872940 0.068029 0.030414
2 2 0.007711 0.020117 0.928165 0.012726 0.031281
2 2 0.009502 0.015385 0.912667 0.033233 0.029213
2 2 0.018135 0.050695 0.837411 0.026226 0.067533
2 2 0.008063 0.017530 0.935095 0.017430 0.021883
2 2 0.006214 0.010700 0.944036 0.019828 0.019222
2 2 0.094467 0.127212 0.668560 0.049754 0.060008
2 2 0.061776 0.214711 0.644650 0.022681 0.056182
2 2 0.228084 0.206365 0.443302 0.055245 0.067004
1 2 0.236547 0.453517 0.197968 0.006853 0.105115
1 2 0.192634 0.350408 0.328438 0.025182 0.103338
2 2 0.051913 0.385273 0.475628 0.013433 0.073754
2 2 0.017899 0.051774 0.872774 0.023544 0.034009
1 1 0.260556 0.425917 0.189340 0.009071 0.115116
1 2 0.074785 0.525033 0.268667 0.007500 0.124015
2 2 0.009606 0.020865 0.923222 0.020712 0.025594
2 2 0.013557 0.027869 0.890109 0.031793 0.036672
2 2 0.011152 0.022148 0.908303 0.027773 0.030624
2 2 0.011898 0.022141 0.906144 0.032522 0.027294
2 2 0.018285 0.066462 0.866300 0.016548 0.032405
2 2 0.009917 0.010409 0.885844 0.068969 0.024861
2 2 0.011966 0.031202 0.905656 0.019134 0.032041
2 2 0.019312 0.058299 0.807244 0.024963 0.090182
4 2 0.060070 0.140343 0.321678 0.029965 0.447944
4 4 0.040172 0.085606 0.350165 0.022045 0.502011
2 4 0.056861 0.179300 0.404767 0.021487 0.337584
4 4 0.066111 0.159331 0.235292 0.019009 0.520257
4 4 0.073409 0.218286 0.303077 0.022551 0.382677
4 4 0.043869 0.075311 0.209942 0.019838 0.651041
4 4 0.046975 0.075955 0.156851 0.017504 0.702715
4 4 0.048105 0.066365 0.086739 0.013751 0.785040
4 4 0.046517 0.068882 0.165475 0.023570 0.695556
4 4 0.030993 0.032412 0.054150 0.009495 0.872950
4 4 0.048794 0.057209 0.045461 0.010836 0.837700
4 4 0.033334 0.035394 0.060172 0.011260 0.859840
1 4 0.159483 0.407999 0.114405 0.023347 0.294767
4 4 0.057222 0.073389 0.065908 0.015975 0.787506
4 4 0.059781 0.087943 0.062254 0.011041 0.778982
4 4 0.032808 0.035003 0.041123 0.007266 0.883800
4 4 0.026148 0.026385 0.044707 0.006807 0.895953
1 4 0.135722 0.435489 0.108907 0.018453 0.301430
0 1 0.474376 0.236056 0.195609 0.021220 0.072739
4 1 0.135788 0.334992 0.152146 0.021735 0.355339
4 4 0.066897 0.105706 0.070943 0.012524 0.743930
4 4 0.092387 0.309802 0.234635 0.019135 0.344041
4 4 0.087462 0.220115 0.191706 0.021717 0.479001
4 4 0.076821 0.248821 0.319046 0.023584 0.331728
4 4 0.064074 0.118353 0.134156 0.016337 0.667079
1 1 0.093373 0.470747 0.274894 0.014540 0.146445
1 1 0.189465 0.424488 0.176525 0.018930 0.190592
4 4 0.051033 0.124774 0.313825 0.018722 0.491647
4 4 0.069320 0.204935 0.279389 0.017102 0.429254
4 4 0.090301 0.289298 0.210061 0.016027 0.394313
4 4 0.028481 0.029039 0.071008 0.012166 0.859306
4 4 0.037257 0.040540 0.068781 0.014198 0.839223
4 4 0.043192 0.061687 0.091128 0.011305 0.792689
4 4 0.081404 0.158083 0.155879 0.026503 0.578131
1 4 0.107801 0.354314 0.248234 0.023173 0.266477
4 4 0.080276 0.163096 0.095507 0.012361 0.648760
4 4 0.052966 0.089114 0.167647 0.020629 0.669644
1 4 0.138006 0.441313 0.076492 0.012704 0.331486
0 4 0.408622 0.308597 0.103165 0.017415 0.162201
4 4 0.052016 0.092065 0.181603 0.019457 0.654858
1 4 0.092627 0.428682 0.266913 0.017977 0.193801
4 2 0.062172 0.139810 0.225843 0.019016 0.553160
2 2 0.038878 0.109009 0.507000 0.024532 0.320580
4 2 0.084552 0.250991 0.256575 0.022835 0.385048
1 2 0.143650 0.357298 0.176434 0.027541 0.295077
2 2 0.052947 0.176650 0.457762 0.022835 0.289806
4 2 0.045478 0.089081 0.245294 0.018430 0.601717
4 2 0.059444 0.116028 0.182047 0.018641 0.623841
4 2 0.081236 0.176901 0.109347 0.012475 0.620041
4 4 0.038308 0.042139 0.055151 0.011272 0.853129
4 4 0.097180 0.214495 0.099909 0.015182 0.573234
4 4 0.075886 0.157491 0.138105 0.016713 0.611805
4 4 0.083840 0.159561 0.134752 0.024234 0.597613
4 4 0.108611 0.332578 0.160534 0.018476 0.379802
4 4 0.058971 0.115723 0.191277 0.019432 0.614598
4 4 0.051062 0.066852 0.081286 0.016105 0.784695
4 4 0.072565 0.150231 0.134004 0.014950 0.628249
4 4 0.049681 0.067665 0.069922 0.011735 0.800996
4 4 0.067878 0.142036 0.183824 0.019760 0.586502
4 4 0.027260 0.027645 0.055038 0.008841 0.881216
4 4 0.050791 0.083857 0.150124 0.017614 0.697614
4 4 0.046713 0.094427 0.252329 0.018462 0.588069
4 4 0.051300 0.116071 0.302577 0.021661 0.508392
4 4 0.036223 0.064424 0.288185 0.021745 0.589422
4 4 0.043431 0.096239 0.362205 0.024190 0.473935
4 4 0.035868 0.054186 0.221387 0.022523 0.666036
1 1 0.280797 0.385095 0.122156 0.016325 0.195626
