0 0 0.461085 0.047960 0.135536 0.065253 0.290167
0 0 0.359221 0.131941 0.127133 0.067166 0.314540
1 0 0.210127 0.277993 0.204897 0.117760 0.189223
0 0 0.310396 0.184769 0.138741 0.075800 0.290295
0 0 0.300264 0.194363 0.145661 0.080005 0.279707
0 0 0.246923 0.244188 0.181204 0.102238 0.225446
1 0 0.212567 0.275765 0.203347 0.116724 0.191598
0 0 0.305844 0.189085 0.141857 0.077689 0.285525
0 0 0.278234 0.215072 0.160516 0.089162 0.257016
0 0 0.250551 0.240832 0.178832 0.100718 0.229066
1 1 0.197620 0.289391 0.212794 0.123088 0.177106
1 1 0.197620 0.289391 0.212794 0.123088 0.177106
1 2 0.173966 0.304793 0.279733 0.103659 0.137849
2 2 0.109015 0.297354 0.471658 0.058227 0.063746
2 2 0.096700 0.211393 0.582524 0.063124 0.046258
1 2 0.217402 0.271342 0.200266 0.114674 0.196316
0 2 0.247017 0.244102 0.181143 0.102199 0.225539
0 2 0.255159 0.236564 0.175810 0.098790 0.233678
1 2 0.197620 0.289391 0.212794 0.123088 0.177106
0 2 0.357279 0.138400 0.111887 0.059439 0.332995
0 2 0.275611 0.217525 0.162268 0.090254 0.254341
1 2 0.183888 0.294275 0.284254 0.094843 0.142740
1 2 0.226966 0.262575 0.194138 0.110631 0.205690
0 2 0.387927 0.104268 0.124255 0.064196 0.319353
0 1 0.282358 0.211210 0.157754 0.087445 0.261231
1 1 0.197620 0.289391 0.212794 0.123088 0.177106
1 1 0.236798 0.253533 0.187791 0.106489 0.215389
2 1 0.192486 0.241384 0.297273 0.127941 0.140916
0 0 0.291788 0.202355 0.151407 0.083525 0.270925
2 0 0.085127 0.145198 0.678521 0.047157 0.043996
2 1 0.029891 0.117976 0.819546 0.017652 0.014935
0 1 0.354372 0.115011 0.175903 0.091686 0.263029
0 0 0.383719 0.113462 0.086597 0.045258 0.370964
0 0 0.310113 0.185037 0.138935 0.075917 0.289998
0 0 0.273293 0.219691 0.163814 0.091220 0.251983
1 0 0.197620 0.289391 0.212794 0.123088 0.177106
1 1 0.197620 0.289391 0.212794 0.123088 0.177106
1 1 0.197620 0.289391 0.212794 0.123088 0.177106
1 1 0.197620 0.289391 0.212794 0.123088 0.177106
1 2 0.197620 0.289391 0.212794 0.123088 0.177106
1 2 0.173421 0.305014 0.281275 0.103236 0.137053
2 2 0.034764 0.132736 0.794628 0.020283 0.017589
2 2 0.012382 0.031026 0.939278 0.011829 0.005484
2 2 0.156436 0.309329 0.329689 0.090468 0.114078
2 2 0.012859 0.044571 0.926185 0.009887 0.006499
2 2 0.011341 0.025024 0.946783 0.011968 0.004884
2 2 0.018257 0.044582 0.912717 0.016409 0.008035
2 2 0.014287 0.042297 0.924973 0.011903 0.006540
2 2 0.020624 0.023353 0.918914 0.029722 0.007387
2 2 0.030214 0.033789 0.884874 0.040580 0.010543
2 2 0.030526 0.033297 0.883134 0.041633 0.011411
2 2 0.024389 0.032245 0.902716 0.030794 0.009856
2 2 0.062410 0.067938 0.773290 0.072816 0.023545
2 2 0.030349 0.016805 0.575340 0.356104 0.021402
2 3 0.060019 0.041089 0.722834 0.150299 0.025759
2 3 0.057723 0.054151 0.791146 0.075541 0.021439
2 3 0.055364 0.058849 0.796178 0.067524 0.022085
2 3 0.099617 0.092858 0.647980 0.114456 0.045089
3 3 0.034473 0.016268 0.285789 0.633504 0.029966
2 3 0.055232 0.044705 0.724721 0.146933 0.028409
2 3 0.044326 0.025546 0.665709 0.241803 0.022616
2 3 0.096579 0.121355 0.650681 0.091846 0.039538
3 3 0.048101 0.026529 0.412893 0.479703 0.032774
2 3 0.069417 0.040815 0.481726 0.365588 0.042455
3 3 0.046707 0.026606 0.319029 0.569071 0.038586
2 3 0.091900 0.068813 0.579816 0.214125 0.045345
3 3 0.041499 0.025506 0.213865 0.672550 0.046579
3 3 0.071404 0.052307 0.352907 0.463498 0.059884
2 3 0.058462 0.040520 0.504202 0.359271 0.037544
3 3 0.040875 0.030623 0.186073 0.687265 0.055164
3 3 0.069358 0.038833 0.363083 0.479651 0.049075
3 3 0.013505 0.008903 0.100210 0.853019 0.024363
3 3 0.057867 0.035913 0.355307 0.506309 0.044605
3 3 0.022351 0.015565 0.134098 0.792491 0.035495
3 3 0.021946 0.015425 0.131776 0.795476 0.035377
3 3 0.062024 0.036810 0.272466 0.572065 0.056635
3 3 0.040164 0.025375 0.204794 0.682956 0.046711
3 3 0.036427 0.036362 0.144802 0.715844 0.066566
3 3 0.026056 0.016216 0.158443 0.763958 0.035328
3 3 0.070771 0.045415 0.375240 0.456536 0.052038
3 3 0.017111 0.011828 0.113491 0.827888 0.029681
3 3 0.045991 0.030084 0.262236 0.615545 0.046143
3 3 0.032504 0.018964 0.189073 0.721242 0.038216
3 3 0.014293 0.011161 0.093487 0.851613 0.029448
3 3 0.062689 0.052768 0.221046 0.585083 0.078414
3 3 0.026217 0.018033 0.149464 0.767446 0.038839
3 3 0.017300 0.012116 0.113364 0.826970 0.030249
3 3 0.033100 0.030067 0.145050 0.734077 0.057706
3 3 0.024559 0.019733 0.130127 0.782702 0.042879
3 3 0.069653 0.060265 0.319971 0.482694 0.067417
3 3 0.015051 0.008810 0.115868 0.836780 0.023491
3 3 0.053872 0.040757 0.217195 0.622760 0.065416
3 3 0.045256 0.031231 0.207944 0.661183 0.054386
3 3 0.026052 0.017900 0.148981 0.768421 0.038645
3 3 0.048201 0.032564 0.218563 0.645327 0.055345
3 3 0.021016 0.012484 0.142365 0.794592 0.029543
3 3 0.020603 0.014748 0.125132 0.804978 0.034539
3 3 0.036332 0.023491 0.189933 0.705306 0.044937
3 3 0.043906 0.027129 0.218630 0.662052 0.048284
3 3 0.018932 0.012512 0.124592 0.813533 0.030432
3 3 0.032692 0.030518 0.141470 0.736640 0.058680
0 2 0.258416 0.233542 0.173667 0.097428 0.236948
0 1 0.334138 0.162082 0.122287 0.065948 0.315545
2 2 0.156451 0.309327 0.329645 0.090479 0.114097
0 2 0.430332 0.072478 0.109593 0.054814 0.332783
0 1 0.327546 0.168412 0.126891 0.068684 0.308468
0 1 0.320117 0.175516 0.132046 0.071767 0.300555
0 1 0.356064 0.140827 0.106757 0.056833 0.339518
0 1 0.307603 0.187418 0.140654 0.076958 0.287366
1 2 0.197620 0.289391 0.212794 0.123088 0.177106
1 2 0.197620 0.289391 0.212794 0.123088 0.177106
1 2 0.164258 0.307947 0.307300 0.096251 0.124244
1 2 0.187992 0.297128 0.240098 0.114904 0.159877
2 2 0.118245 0.302394 0.442918 0.064171 0.072271
1 2 0.172422 0.305406 0.284106 0.102462 0.135604
2 2 0.023568 0.095298 0.854869 0.014434 0.011831
2 2 0.132157 0.307496 0.400744 0.073415 0.086187
2 2 0.033760 0.121954 0.805656 0.020606 0.018025
2 2 0.068840 0.256488 0.607981 0.034146 0.032545
2 2 0.118707 0.302611 0.441498 0.064473 0.072712
2 2 0.022608 0.091444 0.860663 0.013968 0.011318
2 2 0.062513 0.217061 0.654868 0.033561 0.031997
1 2 0.197620 0.289391 0.212794 0.123088 0.177106
2 2 0.064053 0.235113 0.636982 0.032814 0.031038
2 2 0.098809 0.290176 0.504271 0.051822 0.054921
2 2 0.081073 0.273359 0.563489 0.041093 0.040986
2 2 0.095095 0.287127 0.516385 0.049533 0.051859
2 2 0.102253 0.292792 0.493161 0.053964 0.057830
2 2 0.015671 0.050292 0.913731 0.012185 0.008121
2 2 0.054840 0.187542 0.697788 0.030848 0.028983
2 2 0.072757 0.227234 0.619527 0.040321 0.040162
2 2 0.023433 0.049055 0.891854 0.022246 0.013412
2 2 0.094294 0.285431 0.519726 0.049171 0.051378
2 2 0.045798 0.173202 0.733251 0.025152 0.022598
2 2 0.051947 0.114276 0.762804 0.040043 0.030930
2 2 0.109629 0.297731 0.469727 0.058618 0.064296
2 2 0.095755 0.258719 0.533711 0.053978 0.057837
2 2 0.027588 0.082533 0.854545 0.019989 0.015344
2 2 0.057029 0.182782 0.695141 0.033230 0.031817
2 2 0.026370 0.102649 0.841277 0.016171 0.013532
2 2 0.075462 0.255403 0.591653 0.039026 0.038455
2 2 0.018503 0.071266 0.887931 0.012338 0.009962
2 2 0.069989 0.209717 0.639521 0.040406 0.040366
2 2 0.055419 0.167512 0.713748 0.033851 0.029469
2 2 0.016794 0.027391 0.929172 0.019938 0.006705
2 2 0.031508 0.086538 0.842314 0.023439 0.016201
2 2 0.017691 0.031437 0.923243 0.019702 0.007927
2 2 0.055048 0.163537 0.716754 0.034104 0.030558
2 2 0.013622 0.032425 0.934553 0.013211 0.006189
2 2 0.044730 0.044002 0.829885 0.063346 0.018038
2 2 0.050850 0.142906 0.742250 0.033416 0.030578
2 2 0.032556 0.031154 0.871735 0.051242 0.013312
2 2 0.060571 0.085121 0.764424 0.060425 0.029459
2 2 0.127234 0.306029 0.415524 0.070104 0.081109
2 2 0.019614 0.047357 0.906062 0.017534 0.009433
2 2 0.009801 0.014635 0.957957 0.013696 0.003912
2 2 0.022198 0.042804 0.900809 0.022454 0.011735
2 2 0.061517 0.116785 0.739988 0.050114 0.031596
2 2 0.045272 0.071160 0.817069 0.044873 0.021625
2 2 0.091287 0.080650 0.564407 0.206642 0.057014
2 2 0.124761 0.265272 0.460928 0.076045 0.072995
2 2 0.050487 0.059552 0.807710 0.058897 0.023355
2 2 0.050251 0.066715 0.805893 0.054302 0.022839
2 2 0.039441 0.047549 0.848710 0.047830 0.016470
3 2 0.072752 0.071560 0.314494 0.465902 0.075292
2 2 0.113378 0.167090 0.574534 0.092469 0.052528
2 2 0.061699 0.069754 0.773335 0.070485 0.024726
2 2 0.042719 0.026649 0.731625 0.178331 0.020676
3 3 0.040491 0.028782 0.295715 0.592201 0.042811
2 3 0.085372 0.073709 0.642607 0.162913 0.035399
2 3 0.079858 0.071962 0.544983 0.251264 0.051933
2 3 0.075215 0.060343 0.435769 0.375397 0.053276
3 3 0.040074 0.020696 0.407166 0.501795 0.030269
2 3 0.128029 0.172769 0.529422 0.106597 0.063183
3 3 0.045546 0.028530 0.356716 0.530367 0.038841
3 3 0.034372 0.019358 0.209815 0.699319 0.037136
3 3 0.017964 0.010586 0.129390 0.815546 0.026514
2 3 0.071933 0.061745 0.417837 0.393344 0.055141
3 3 0.039095 0.027400 0.208345 0.677601 0.047559
3 3 0.024024 0.017174 0.138100 0.782649 0.038054
3 3 0.030279 0.017867 0.179761 0.735131 0.036962
3 3 0.021728 0.016589 0.124322 0.799485 0.037876
3 3 0.022416 0.013555 0.152354 0.780009 0.031666
3 3 0.033168 0.021390 0.179985 0.723052 0.042404
3 3 0.045956 0.029889 0.217609 0.654561 0.051985
3 3 0.036409 0.022720 0.222219 0.678617 0.040035
3 3 0.040749 0.027202 0.348520 0.546153 0.037376
3 3 0.013542 0.010259 0.091982 0.856558 0.027659
3 3 0.011143 0.007243 0.089090 0.871336 0.021188
3 3 0.026637 0.018997 0.147593 0.766238 0.040536
3 3 0.054103 0.044420 0.206865 0.624003 0.070609
3 3 0.028623 0.024832 0.136490 0.759458 0.050596
3 3 0.015190 0.011369 0.099916 0.844024 0.029501
3 3 0.034727 0.024259 0.176162 0.717947 0.046905
3 3 0.012950 0.009445 0.091488 0.860161 0.025956
3 3 0.011354 0.010231 0.073377 0.876282 0.028757
3 3 0.053479 0.062369 0.163992 0.624412 0.095748
3 3 0.035093 0.023397 0.182487 0.713777 0.045246
3 3 0.050988 0.035701 0.432823 0.438091 0.042397
3 3 0.015741 0.011088 0.106239 0.838340 0.028592
3 3 0.032683 0.024683 0.169147 0.726276 0.047212
3 3 0.030702 0.025936 0.144989 0.746763 0.051611
3 3 0.035507 0.020116 0.234559 0.673013 0.036806
3 3 0.013995 0.011303 0.090263 0.854505 0.029935
3 3 0.023135 0.018815 0.124341 0.791979 0.041731
3 3 0.040013 0.024401 0.294779 0.603254 0.037554
3 3 0.020519 0.013498 0.131583 0.802485 0.031915
3 3 0.024767 0.020507 0.128368 0.782067 0.044289
3 3 0.025813 0.017847 0.147547 0.770154 0.038639
3 3 0.020809 0.015822 0.121245 0.805421 0.036704
3 3 0.037238 0.033645 0.156376 0.711017 0.061724
3 3 0.014507 0.011313 0.094477 0.849999 0.029703
3 3 0.017657 0.013038 0.111121 0.826034 0.032149
3 3 0.013624 0.010312 0.092399 0.855918 0.027747
3 3 0.011054 0.008308 0.080870 0.875754 0.024014
3 3 0.013738 0.009933 0.095630 0.853926 0.026774
3 3 0.020531 0.015361 0.121432 0.806813 0.035863
3 3 0.056936 0.046984 0.283589 0.552199 0.060293
3 3 0.009216 0.010326 0.055600 0.894468 0.030391
3 3 0.022568 0.017809 0.124740 0.794905 0.039978
3 3 0.012657 0.009123 0.090791 0.862133 0.025297
3 3 0.027255 0.016690 0.164598 0.755648 0.035810
3 3 0.028428 0.026165 0.130907 0.761383 0.053117
3 3 0.011512 0.010798 0.072179 0.875429 0.030082
3 3 0.048869 0.034455 0.214587 0.644083 0.058007
3 3 0.023074 0.018178 0.126645 0.791618 0.040486
3 3 0.040956 0.032410 0.204372 0.668591 0.053671
3 3 0.022516 0.013139 0.150385 0.783584 0.030377
3 3 0.011752 0.010556 0.075219 0.873133 0.029339
3 3 0.037996 0.024045 0.197727 0.694957 0.045274
3 3 0.011405 0.010081 0.074500 0.875664 0.028350
3 3 0.022724 0.022156 0.109572 0.797016 0.048531
3 3 0.041086 0.028076 0.197606 0.682334 0.050898
3 3 0.018163 0.012855 0.116218 0.821248 0.031516
3 3 0.051117 0.034892 0.224643 0.631548 0.057801
1 2 0.166477 0.307370 0.300982 0.097920 0.127251
2 2 0.129084 0.306623 0.409954 0.071343 0.082996
2 2 0.141300 0.309248 0.373655 0.079691 0.096106
2 2 0.118762 0.302636 0.441329 0.064508 0.072764
2 2 0.085888 0.278505 0.547052 0.043955 0.044599
2 2 0.107525 0.296413 0.476361 0.057282 0.062419
1 2 0.172286 0.305458 0.284492 0.102357 0.135408
2 2 0.059492 0.222931 0.658323 0.030669 0.028585
2 2 0.090288 0.282819 0.532278 0.046604 0.048011
2 2 0.065085 0.230533 0.637812 0.034051 0.032518
2 2 0.143628 0.309490 0.366827 0.081316 0.098738
2 2 0.097857 0.289418 0.507363 0.051233 0.054129
2 2 0.099148 0.284396 0.508984 0.052847 0.054625
2 2 0.025196 0.029535 0.898891 0.034284 0.012094
1 4 0.174811 0.304440 0.277344 0.104317 0.139089
2 4 0.128669 0.303688 0.412802 0.071554 0.083286
2 4 0.068896 0.175890 0.664388 0.044712 0.046113
1 4 0.186587 0.298077 0.244070 0.113744 0.157522
1 4 0.200119 0.287117 0.211222 0.122021 0.179521
1 4 0.197620 0.289391 0.212794 0.123088 0.177106
0 4 0.269735 0.223010 0.166180 0.092702 0.248372
1 4 0.166918 0.307245 0.299727 0.098254 0.127856
1 4 0.228534 0.261135 0.193129 0.109969 0.207233
1 4 0.235334 0.254881 0.188739 0.107105 0.213941
1 4 0.182164 0.300791 0.256562 0.110145 0.150338
0 4 0.264307 0.228067 0.169779 0.094967 0.242881
1 4 0.197620 0.289391 0.212794 0.123088 0.177106
1 4 0.217607 0.271155 0.200135 0.114587 0.196516
1 4 0.191643 0.294456 0.229770 0.117956 0.166175
1 4 0.197620 0.289391 0.212794 0.123088 0.177106
1 4 0.197620 0.289391 0.212794 0.123088 0.177106
0 4 0.311143 0.184059 0.138228 0.075490 0.291080
1 4 0.230281 0.259530 0.192003 0.109233 0.208953
1 4 0.190568 0.295274 0.232811 0.117052 0.164295
0 4 0.363760 0.133283 0.101218 0.053624 0.348115
0 4 0.276146 0.217026 0.161911 0.090031 0.254886
0 4 0.324155 0.171658 0.129248 0.070091 0.304848
4 4 0.420627 0.064228 0.050701 0.027483 0.436961
0 4 0.382885 0.114299 0.087216 0.045609 0.369991
0 4 0.334486 0.161747 0.122043 0.065804 0.315920
0 4 0.269865 0.222889 0.166094 0.092648 0.248503
1 4 0.187919 0.297179 0.240305 0.114844 0.159754
1 4 0.192562 0.293734 0.227164 0.118735 0.167805
1 4 0.215829 0.272782 0.201270 0.115340 0.194779
0 4 0.264654 0.227744 0.169549 0.094822 0.243231
1 4 0.197620 0.289391 0.212794 0.123088 0.177106
0 4 0.340105 0.156329 0.118095 0.063471 0.322000
1 4 0.191614 0.294478 0.229850 0.117932 0.166125
0 4 0.371831 0.125316 0.095353 0.050249 0.357250
1 4 0.242516 0.248259 0.184077 0.104087 0.221060
1 4 0.197620 0.289391 0.212794 0.123088 0.177106
1 4 0.197620 0.289391 0.212794 0.123088 0.177106
0 4 0.246355 0.244713 0.181575 0.102476 0.224880
0 4 0.271779 0.221103 0.164821 0.091850 0.250446
0 4 0.296064 0.198327 0.148513 0.081749 0.275347
1 4 0.197620 0.289391 0.212794 0.123088 0.177106
0 4 0.351465 0.145314 0.110045 0.058748 0.334429
2 4 0.135186 0.258074 0.415397 0.085912 0.105431
1 4 0.220439 0.268562 0.198325 0.113388 0.199286
1 4 0.194449 0.292190 0.221813 0.120344 0.171205
2 2 0.115574 0.241538 0.484033 0.073286 0.085568
2 2 0.043593 0.137913 0.765581 0.027442 0.025470
2 2 0.023870 0.082202 0.863826 0.016265 0.013837
2 2 0.018169 0.059024 0.898974 0.013618 0.010215
2 2 0.064264 0.186296 0.671869 0.038901 0.038670
2 2 0.095041 0.257388 0.536593 0.053622 0.057356
2 2 0.016268 0.051206 0.910576 0.012736 0.009215
2 2 0.039557 0.121228 0.789097 0.026051 0.024068
2 2 0.048423 0.134512 0.753138 0.032495 0.031432
2 2 0.016150 0.044444 0.916780 0.013819 0.008807
2 2 0.045069 0.127389 0.768076 0.030414 0.029052
2 2 0.084541 0.221869 0.589376 0.050678 0.053535
2 2 0.037219 0.115488 0.800085 0.024653 0.022554
2 2 0.057950 0.159810 0.707888 0.037343 0.037009
2 2 0.074127 0.205371 0.630455 0.044489 0.045559
2 2 0.044346 0.132124 0.767250 0.028975 0.027305
2 2 0.034678 0.110228 0.811399 0.022966 0.020729
2 2 0.014846 0.040503 0.924114 0.012976 0.007560
2 2 0.047151 0.135876 0.756217 0.031055 0.029701
2 2 0.018915 0.049965 0.904326 0.016110 0.010684
2 2 0.024623 0.071176 0.871244 0.018715 0.014242
2 2 0.025120 0.069241 0.872207 0.019600 0.013832
2 2 0.029234 0.086037 0.846990 0.021152 0.016587
2 2 0.043718 0.134398 0.767624 0.028051 0.026209
2 2 0.025062 0.082292 0.860371 0.017449 0.014825
2 2 0.018196 0.043517 0.912096 0.016648 0.009543
2 2 0.022403 0.063655 0.883895 0.017557 0.012490
2 2 0.065368 0.171404 0.679127 0.042235 0.041865
2 2 0.023739 0.053175 0.889271 0.021463 0.012352
2 2 0.008048 0.012512 0.964600 0.011396 0.003445
2 2 0.049382 0.145071 0.743428 0.031729 0.030390
2 2 0.040380 0.078711 0.825695 0.035643 0.019571
1 1 0.197620 0.289391 0.212794 0.123088 0.177106
2 1 0.159076 0.308974 0.322111 0.092402 0.117436
2 2 0.150125 0.309728 0.347904 0.085912 0.106331
2 2 0.064391 0.243764 0.629336 0.032209 0.030299
2 2 0.035653 0.129583 0.796595 0.021354 0.016815
2 2 0.086457 0.279083 0.545129 0.044296 0.045035
2 2 0.098661 0.290059 0.504753 0.051730 0.054797
2 2 0.071625 0.261878 0.596661 0.035585 0.034251
2 2 0.055818 0.198723 0.686722 0.030374 0.028363
2 2 0.077713 0.269493 0.575139 0.039118 0.038537
2 2 0.089554 0.282125 0.534726 0.046160 0.047435
2 2 0.051769 0.190534 0.704820 0.028060 0.024817
2 2 0.068537 0.251053 0.613006 0.034465 0.032940
2 2 0.070075 0.156270 0.691457 0.049470 0.032728
2 2 0.034653 0.131566 0.797664 0.020275 0.015843
2 2 0.072753 0.229862 0.623959 0.039915 0.033511
2 2 0.070879 0.185425 0.663080 0.044752 0.035864
2 2 0.072072 0.170207 0.675178 0.048563 0.033980
0 1 0.285021 0.208714 0.155967 0.086338 0.263960
1 1 0.165724 0.307575 0.303126 0.097352 0.126224
2 2 0.123641 0.304724 0.426410 0.067715 0.077510
2 2 0.145744 0.309639 0.360644 0.082803 0.101170
2 2 0.070346 0.260172 0.601257 0.034850 0.033375
2 2 0.054971 0.208788 0.681178 0.028688 0.026375
2 2 0.051373 0.169560 0.724712 0.030071 0.024284
2 2 0.055804 0.177232 0.705926 0.032864 0.028174
2 2 0.045252 0.165897 0.740365 0.025477 0.023008
2 2 0.069395 0.249902 0.611685 0.035199 0.033820
2 2 0.090475 0.282995 0.531655 0.046717 0.048158
2 2 0.100060 0.291149 0.500223 0.052598 0.055970
2 2 0.113410 0.299922 0.457890 0.061040 0.067739
2 2 0.136690 0.308523 0.387257 0.076506 0.091024
1 2 0.204781 0.282871 0.208282 0.120033 0.184033
1 2 0.197620 0.289391 0.212794 0.123088 0.177106
2 2 0.138481 0.308843 0.381960 0.077739 0.092978
0 0 0.353083 0.134950 0.136883 0.072453 0.302630
1 1 0.197620 0.289391 0.212794 0.123088 0.177106
1 2 0.197620 0.289391 0.212794 0.123088 0.177106
2 2 0.096685 0.288462 0.511184 0.050510 0.053160
2 2 0.057535 0.205888 0.676661 0.030939 0.028978
2 2 0.087772 0.280397 0.540698 0.045086 0.046047
2 2 0.030164 0.111161 0.824018 0.018635 0.016022
2 2 0.025921 0.087875 0.855897 0.017482 0.012826
2 2 0.089758 0.282319 0.534044 0.046283 0.047595
2 2 0.030692 0.113015 0.821115 0.018896 0.016282
2 2 0.050357 0.182990 0.713436 0.027757 0.025459
2 2 0.025803 0.074344 0.868755 0.019372 0.011727
2 2 0.034418 0.105050 0.821668 0.023347 0.015517
2 2 0.046524 0.152447 0.750526 0.028064 0.022439
2 2 0.043304 0.158582 0.751900 0.024657 0.021558
2 2 0.039187 0.122429 0.794745 0.025419 0.018220
2 2 0.028645 0.073795 0.862619 0.022621 0.012321
2 2 0.064674 0.226012 0.642338 0.034228 0.032747
2 2 0.028823 0.059978 0.872672 0.026164 0.012362
2 2 0.070264 0.136063 0.699651 0.054659 0.039362
2 2 0.042230 0.106648 0.798741 0.031091 0.021291
2 2 0.041406 0.087595 0.816951 0.034415 0.019633
2 2 0.062898 0.209874 0.659184 0.034679 0.033366
2 2 0.052754 0.149070 0.737333 0.034140 0.026703
2 2 0.034459 0.063529 0.854685 0.032600 0.014727
2 2 0.045266 0.090368 0.802729 0.038363 0.023274
2 2 0.031425 0.084618 0.846470 0.023633 0.013854
2 2 0.058972 0.142988 0.725020 0.041207 0.031814
2 2 0.030789 0.050922 0.872844 0.032049 0.013396
2 2 0.047785 0.095533 0.794135 0.039906 0.022641
2 2 0.043618 0.054714 0.833970 0.050378 0.017321
2 2 0.034206 0.096684 0.828535 0.024476 0.016098
2 2 0.047471 0.091860 0.800179 0.040494 0.019997
2 2 0.054718 0.134270 0.747589 0.038549 0.024874
2 2 0.102447 0.292933 0.492538 0.054085 0.057997
2 2 0.054750 0.048546 0.791789 0.083174 0.021740
2 2 0.071267 0.130879 0.708911 0.057088 0.031855
2 2 0.033669 0.029345 0.868499 0.055761 0.012727
2 2 0.059361 0.061920 0.783158 0.072107 0.023455
2 2 0.121855 0.232174 0.498554 0.081144 0.066273
2 3 0.035055 0.044940 0.865172 0.041801 0.013033
2 3 0.080387 0.124468 0.690357 0.069939 0.034849
2 3 0.049585 0.058788 0.796569 0.073536 0.021522
2 3 0.071990 0.072080 0.740980 0.087961 0.026989
2 3 0.136832 0.204274 0.480769 0.103742 0.074383
2 3 0.029960 0.024706 0.886297 0.049063 0.009974
2 3 0.072278 0.071802 0.658444 0.161743 0.035733
3 3 0.036516 0.023053 0.369764 0.540224 0.030442
2 3 0.116174 0.143829 0.582631 0.105776 0.051590
2 3 0.069782 0.052610 0.668461 0.177666 0.031480
3 3 0.030062 0.019185 0.170525 0.740701 0.039526
2 3 0.117952 0.156191 0.546456 0.119817 0.059584
2 3 0.057710 0.039877 0.500561 0.360351 0.041501
2 3 0.066349 0.057714 0.549250 0.288137 0.038549
2 3 0.104062 0.133849 0.623412 0.095402 0.043275
2 3 0.068549 0.049718 0.538750 0.303968 0.039014
2 3 0.112678 0.139812 0.593721 0.103404 0.050384
3 3 0.056664 0.033765 0.321567 0.541719 0.046286
2 3 0.117214 0.108289 0.452506 0.247657 0.074334
3 3 0.038436 0.023887 0.227538 0.668654 0.041484
3 3 0.046641 0.030545 0.293921 0.584000 0.044893
3 3 0.052625 0.046044 0.195623 0.632122 0.073587
3 3 0.084440 0.067431 0.376226 0.404966 0.066937
3 3 0.038904 0.030261 0.176456 0.698979 0.055399
2 3 0.101143 0.106572 0.472577 0.252049 0.067659
3 3 0.027561 0.016987 0.165089 0.754089 0.036274
3 3 0.093822 0.087507 0.280808 0.439528 0.098335
3 3 0.044996 0.026611 0.237684 0.644948 0.045761
2 3 0.136708 0.201662 0.401215 0.161223 0.099191
3 3 0.022808 0.013118 0.152984 0.780866 0.030224
3 3 0.059359 0.042296 0.335311 0.511771 0.051263
3 3 0.066305 0.059823 0.247235 0.547416 0.079222
3 3 0.052884 0.034317 0.292722 0.571497 0.048580
3 3 0.070799 0.056784 0.327955 0.478781 0.065680
2 3 0.087998 0.092598 0.633976 0.144462 0.040965
2 3 0.068376 0.070880 0.680487 0.144149 0.036108
2 3 0.064205 0.054714 0.673847 0.173057 0.034177
3 3 0.025840 0.017801 0.147971 0.769849 0.038540
3 3 0.047036 0.030840 0.219483 0.649554 0.053087
2 3 0.073961 0.056727 0.415983 0.399549 0.053780
3 3 0.049289 0.033309 0.221358 0.639962 0.056082
3 3 0.070918 0.055508 0.377575 0.438887 0.057112
3 3 0.028230 0.020330 0.152127 0.756900 0.042413
3 3 0.061722 0.048191 0.288730 0.539200 0.062157
3 3 0.072245 0.068710 0.267308 0.508775 0.082961
3 3 0.047689 0.033796 0.264526 0.601929 0.052060
3 3 0.084128 0.079817 0.359370 0.401734 0.074952
2 3 0.075070 0.064797 0.522402 0.287919 0.049812
3 3 0.074365 0.060961 0.314342 0.479858 0.070474
3 3 0.072549 0.065043 0.265110 0.515848 0.081450
3 3 0.051498 0.037314 0.227382 0.624247 0.059558
3 3 0.027987 0.021216 0.155732 0.750022 0.045042
2 2 0.129358 0.306707 0.409130 0.071527 0.083278
2 1 0.132223 0.307209 0.400844 0.073517 0.086207
1 1 0.183170 0.300209 0.253720 0.110957 0.151943
2 2 0.093074 0.268751 0.534584 0.050476 0.053114
2 2 0.144605 0.309568 0.363969 0.082002 0.099856
2 2 0.122265 0.304173 0.430601 0.066806 0.076156
2 2 0.073559 0.264384 0.589765 0.036701 0.035592
2 2 0.084818 0.277400 0.550680 0.043316 0.043786
2 2 0.101620 0.292326 0.495196 0.053568 0.057290
2 2 0.114838 0.300690 0.453449 0.061960 0.069062
2 2 0.154372 0.309529 0.335628 0.088968 0.111503
2 2 0.131054 0.307200 0.404041 0.072670 0.085035
2 2 0.088828 0.281428 0.537156 0.045721 0.046867
2 2 0.025622 0.094491 0.851163 0.016373 0.012350
2 2 0.035787 0.113508 0.806620 0.023549 0.020535
2 2 0.069130 0.228685 0.628396 0.037324 0.036464
1 2 0.178445 0.301384 0.267476 0.107533 0.145162
2 4 0.146533 0.309677 0.358342 0.083360 0.102087
2 4 0.116072 0.281827 0.461414 0.065944 0.074744
1 4 0.189844 0.295811 0.234862 0.116445 0.163039
0 4 0.248884 0.242375 0.179923 0.101416 0.227402
1 4 0.197620 0.289391 0.212794 0.123088 0.177106
0 4 0.272967 0.219995 0.164031 0.091355 0.251652
0 4 0.300697 0.193954 0.145366 0.079825 0.280157
1 4 0.199426 0.287748 0.211658 0.122317 0.178850
0 4 0.271478 0.221384 0.165021 0.091976 0.250140
1 4 0.238911 0.251586 0.186420 0.105601 0.217482
0 4 0.347940 0.148741 0.112553 0.060214 0.330552
0 4 0.355418 0.141459 0.107220 0.057102 0.338801
1 4 0.203218 0.284296 0.209269 0.120699 0.182518
0 4 0.292405 0.201774 0.150990 0.083269 0.271562
0 4 0.268642 0.224030 0.166906 0.093158 0.247264
1 4 0.233681 0.256403 0.189808 0.107801 0.212307
1 4 0.218389 0.270439 0.199636 0.114256 0.197280
0 4 0.268811 0.223872 0.166794 0.093088 0.247435
0 4 0.391689 0.105422 0.080637 0.041892 0.380360
4 4 0.432473 0.062380 0.048412 0.024175 0.432560
1 4 0.197620 0.289391 0.212794 0.123088 0.177106
0 0 0.252904 0.239344 0.185432 0.095821 0.226499
0 0 0.302307 0.192433 0.144271 0.079157 0.281833
1 1 0.197620 0.289391 0.212794 0.123088 0.177106
1 1 0.183908 0.299770 0.251637 0.111555 0.153130
1 1 0.197620 0.289391 0.212794 0.123088 0.177106
2 2 0.108977 0.297330 0.471779 0.058203 0.063711
2 2 0.080059 0.260254 0.575878 0.041850 0.041959
2 2 0.087220 0.279849 0.542557 0.044754 0.045621
2 2 0.057229 0.182938 0.694466 0.033376 0.031990
2 2 0.130073 0.306920 0.406984 0.072008 0.084016
2 2 0.020592 0.072358 0.882991 0.014234 0.009825
2 2 0.090675 0.256731 0.549338 0.050325 0.052931
2 2 0.038807 0.123891 0.789537 0.024962 0.022804
2 2 0.115625 0.301099 0.451011 0.062469 0.069796
2 2 0.018345 0.061676 0.896024 0.013422 0.010532
2 2 0.018586 0.057830 0.898494 0.014275 0.010815
2 2 0.114891 0.261168 0.476387 0.068749 0.078805
2 2 0.022036 0.064509 0.883651 0.017004 0.012800
2 2 0.079459 0.226872 0.600937 0.045721 0.047010
2 2 0.011003 0.029775 0.942322 0.010295 0.006606
2 2 0.019700 0.067107 0.887332 0.014089 0.011772
2 2 0.092711 0.269895 0.534806 0.050047 0.052542
2 2 0.071192 0.219337 0.629451 0.040096 0.039923
2 2 0.027393 0.092193 0.846047 0.018398 0.015969
2 2 0.117961 0.302258 0.443795 0.063986 0.072000
2 2 0.120576 0.303456 0.435762 0.065696 0.074511
2 2 0.040347 0.126281 0.783276 0.026067 0.024028
2 2 0.026021 0.093895 0.848905 0.016855 0.014323
2 2 0.107799 0.296588 0.475495 0.057455 0.062662
2 2 0.057205 0.176021 0.699391 0.034270 0.033114
2 2 0.028957 0.102154 0.834211 0.018602 0.016076
2 2 0.117491 0.302032 0.445242 0.063680 0.071554
2 2 0.023501 0.081067 0.865756 0.016050 0.013626
2 2 0.052864 0.168018 0.717491 0.031608 0.030019
2 2 0.099972 0.291082 0.500508 0.052543 0.055896
2 2 0.040845 0.137430 0.773951 0.025031 0.022743
2 2 0.046549 0.161406 0.740178 0.027054 0.024814
2 2 0.033958 0.118596 0.807578 0.021185 0.018683
2 2 0.115227 0.300893 0.452244 0.062212 0.069424
2 2 0.016894 0.060868 0.900469 0.012013 0.009754
1 1 0.165768 0.307563 0.303000 0.097385 0.126284
1 1 0.197620 0.289391 0.212794 0.123088 0.177106
1 2 0.197620 0.289391 0.212794 0.123088 0.177106
2 2 0.111157 0.298643 0.464929 0.059594 0.065676
2 2 0.060939 0.246424 0.635912 0.029531 0.027194
2 2 0.083297 0.275793 0.555860 0.042411 0.042640
2 2 0.072635 0.263197 0.593052 0.036167 0.034949
2 2 0.148423 0.309729 0.352844 0.084699 0.104305
2 2 0.083496 0.276005 0.555181 0.042529 0.042789
2 2 0.157260 0.309230 0.327321 0.091070 0.115118
1 2 0.197620 0.289391 0.212794 0.123088 0.177106
2 2 0.121962 0.304047 0.431524 0.066607 0.075859
2 2 0.045343 0.165058 0.740760 0.025641 0.023198
2 2 0.124205 0.304942 0.424695 0.068089 0.078069
2 2 0.106332 0.295633 0.480142 0.056527 0.061366
2 2 0.067637 0.256437 0.611075 0.033303 0.031548
2 2 0.093904 0.286098 0.520300 0.048804 0.050894
2 2 0.153699 0.309579 0.337568 0.088481 0.110672
2 2 0.054756 0.211981 0.679215 0.028220 0.025828
2 2 0.091041 0.283522 0.529771 0.047060 0.048605
2 2 0.079918 0.272056 0.567476 0.040412 0.040138
2 2 0.076014 0.267448 0.581092 0.038125 0.037321
2 2 0.074396 0.265444 0.586797 0.037185 0.036178
2 2 0.084004 0.276546 0.553447 0.042831 0.043171
2 2 0.079105 0.271122 0.570295 0.039934 0.039544
2 2 0.078781 0.270746 0.571421 0.039743 0.039309
2 2 0.109199 0.297467 0.471081 0.058344 0.063910
2 2 0.100154 0.291221 0.499921 0.052656 0.056049
2 2 0.086062 0.278683 0.546462 0.044060 0.044733
2 2 0.065862 0.253894 0.617576 0.032297 0.030372
2 2 0.082416 0.274840 0.558876 0.041887 0.041981
2 2 0.076122 0.267579 0.580713 0.038188 0.037398
2 2 0.072495 0.263016 0.593551 0.036086 0.034852
2 2 0.100944 0.286600 0.502394 0.053862 0.056200
2 2 0.149714 0.309732 0.349095 0.085619 0.105840
2 2 0.149409 0.309734 0.349980 0.085401 0.105476
1 2 0.185210 0.298966 0.247959 0.112616 0.155249
2 2 0.112187 0.299238 0.461706 0.060254 0.066615
2 2 0.095238 0.287249 0.515917 0.049621 0.051976
2 2 0.063955 0.244921 0.629533 0.031788 0.029803
2 2 0.079669 0.271772 0.568338 0.040265 0.039956
2 2 0.058979 0.214874 0.665929 0.031099 0.029118
2 2 0.101690 0.292378 0.494971 0.053612 0.057350
2 2 0.057900 0.218415 0.665996 0.029933 0.027755
2 2 0.086549 0.279176 0.544818 0.044351 0.045105
2 2 0.073958 0.225271 0.617571 0.041524 0.041676
2 2 0.065765 0.237946 0.630338 0.033782 0.032170
2 2 0.078255 0.270132 0.573251 0.039435 0.038928
2 2 0.077504 0.269244 0.575870 0.038995 0.038387
2 2 0.085983 0.229146 0.588367 0.050668 0.045836
1 2 0.179571 0.302197 0.263887 0.108068 0.146277
2 2 0.045895 0.155931 0.746760 0.027139 0.024275
2 2 0.018903 0.058487 0.899856 0.014442 0.008313
2 2 0.058169 0.205476 0.675277 0.031474 0.029603
1 2 0.167762 0.306998 0.297328 0.098893 0.129019
1 2 0.179150 0.302413 0.265075 0.107734 0.145628
1 2 0.179640 0.302161 0.263692 0.108123 0.146384
0 2 0.333306 0.162882 0.122870 0.066294 0.314648
1 2 0.188996 0.296423 0.237259 0.115738 0.161584
2 2 0.154640 0.309507 0.334857 0.089162 0.111834
1 2 0.197620 0.289391 0.212794 0.123088 0.177106
2 2 0.058909 0.217545 0.664047 0.030773 0.028728
2 2 0.032935 0.114945 0.814016 0.020686 0.017417
1 2 0.174212 0.304691 0.279037 0.103850 0.138209
1 2 0.195295 0.291468 0.219409 0.121071 0.172757
0 0 0.465930 0.050048 0.070845 0.034469 0.378709
0 0 0.328557 0.108471 0.228051 0.118530 0.216390
0 0 0.544961 0.019932 0.085573 0.038370 0.311165
0 0 0.439759 0.063947 0.063381 0.031571 0.401343
0 0 0.313982 0.181361 0.136277 0.074312 0.294068
0 0 0.359054 0.137370 0.107561 0.057118 0.338896
0 0 0.356229 0.135265 0.126810 0.067158 0.314538
0 0 0.363985 0.112366 0.162526 0.084504 0.276618
0 0 0.588146 0.010248 0.053736 0.022936 0.324934
0 0 0.435901 0.069481 0.078765 0.039397 0.376455
0 0 0.409749 0.086845 0.066798 0.034181 0.402427
0 0 0.435620 0.068582 0.071286 0.035667 0.388844
0 0 0.311284 0.183925 0.138131 0.075431 0.291228
0 0 0.500536 0.033263 0.064962 0.030542 0.370697
0 0 0.454349 0.056709 0.071646 0.035240 0.382055
0 0 0.456078 0.056792 0.082419 0.040464 0.364246
0 0 0.477285 0.044679 0.074821 0.036015 0.367201
0 0 0.267578 0.225021 0.167612 0.093602 0.246187
1 0 0.198073 0.288979 0.212509 0.122895 0.177544
0 0 0.311972 0.183271 0.137659 0.075146 0.291952
0 0 0.288333 0.205604 0.153738 0.084961 0.267364
1 0 0.197620 0.289391 0.212794 0.123088 0.177106
1 0 0.197620 0.289391 0.212794 0.123088 0.177106
1 0 0.241550 0.249152 0.184706 0.104493 0.220100
1 0 0.197620 0.289391 0.212794 0.123088 0.177106
1 0 0.197620 0.289391 0.212794 0.123088 0.177106
0 0 0.245893 0.245140 0.181876 0.102670 0.224420
1 0 0.224609 0.264738 0.195652 0.111626 0.203375
0 0 0.318163 0.177380 0.133396 0.072577 0.298484
1 0 0.197620 0.289391 0.212794 0.123088 0.177106
1 0 0.197620 0.289391 0.212794 0.123088 0.177106
1 1 0.178433 0.302773 0.267102 0.107165 0.144528
1 1 0.195668 0.291144 0.218348 0.121393 0.173446
2 1 0.091056 0.283536 0.529720 0.047070 0.048618
2 2 0.114749 0.300643 0.453727 0.061903 0.068979
2 2 0.061881 0.190564 0.675864 0.036275 0.035416
2 2 0.071560 0.215707 0.630947 0.040874 0.040913
2 2 0.101594 0.292307 0.495279 0.053552 0.057268
2 2 0.088929 0.258859 0.552766 0.048687 0.050760
2 2 0.096793 0.258451 0.530927 0.054830 0.058999
2 2 0.040698 0.124965 0.783114 0.026588 0.024636
1 4 0.209412 0.278646 0.205350 0.118063 0.188528
1 4 0.175791 0.304012 0.274569 0.105084 0.140544
0 4 0.374804 0.122366 0.093177 0.049004 0.360649
1 4 0.197620 0.289391 0.212794 0.123088 0.177106
1 4 0.197620 0.289391 0.212794 0.123088 0.177106
1 4 0.197620 0.289391 0.212794 0.123088 0.177106
0 4 0.268146 0.224492 0.167235 0.093365 0.246762
1 4 0.226246 0.263236 0.194601 0.110935 0.204982
0 4 0.419512 0.076527 0.059068 0.029939 0.414955
0 4 0.384525 0.112652 0.085997 0.044918 0.371907
4 4 0.439937 0.053888 0.041982 0.020748 0.443445
0 4 0.260239 0.231848 0.172466 0.096666 0.238781
1 4 0.244263 0.246647 0.182939 0.103354 0.222797
1 4 0.210443 0.277705 0.204696 0.117625 0.189531
0 4 0.324684 0.171152 0.128880 0.069872 0.305412
0 4 0.376939 0.120241 0.091609 0.048108 0.363103
0 0 0.419947 0.078055 0.121273 0.061013 0.319712
0 1 0.255133 0.236587 0.175827 0.098800 0.233653
0 1 0.354822 0.142041 0.107647 0.057350 0.338140
0 4 0.271406 0.221452 0.165070 0.092006 0.250066
0 4 0.388273 0.108878 0.083201 0.043337 0.376311
0 4 0.309026 0.186069 0.139680 0.076368 0.288858
0 4 0.358123 0.138814 0.105280 0.055975 0.341808
0 0 0.303743 0.191075 0.143292 0.078561 0.283331
0 0 0.564884 0.015083 0.091079 0.039867 0.289087
1 0 0.225438 0.263978 0.195120 0.111276 0.204188
1 0 0.229331 0.260403 0.192615 0.109633 0.208017
1 1 0.197620 0.289391 0.212794 0.123088 0.177106
1 1 0.197620 0.289391 0.212794 0.123088 0.177106
2 2 0.144016 0.309523 0.365694 0.081588 0.099180
1 2 0.182539 0.300577 0.255504 0.110447 0.150934
1 2 0.183986 0.299722 0.251416 0.111619 0.153257
0 4 0.258930 0.233064 0.173328 0.097213 0.237465
0 4 0.281858 0.211680 0.158090 0.087654 0.260718
1 4 0.187541 0.297437 0.241372 0.114531 0.159118
1 4 0.194234 0.292370 0.222423 0.120160 0.170814
0 4 0.255565 0.236187 0.175543 0.098620 0.234086
1 4 0.197620 0.289391 0.212794 0.123088 0.177106
0 4 0.322642 0.173105 0.130298 0.070719 0.303237
1 4 0.197620 0.289391 0.212794 0.123088 0.177106
1 4 0.238212 0.252230 0.186874 0.105895 0.216789
0 4 0.326198 0.169703 0.127829 0.069244 0.307026
0 4 0.414548 0.081802 0.063024 0.032104 0.408522
0 4 0.352913 0.143903 0.109011 0.058145 0.336028
1 4 0.197620 0.289391 0.212794 0.123088 0.177106
0 4 0.394860 0.102198 0.078242 0.040548 0.384151
0 4 0.338680 0.157705 0.119098 0.064062 0.320454
0 4 0.347464 0.149203 0.112890 0.060412 0.330030
1 4 0.197620 0.289391 0.212794 0.123088 0.177106
1 2 0.230302 0.259510 0.191989 0.109224 0.208974
1 2 0.197620 0.289391 0.212794 0.123088 0.177106
1 2 0.190576 0.295268 0.232789 0.117059 0.164308
2 2 0.132451 0.258221 0.423927 0.083641 0.101760
2 2 0.150881 0.291926 0.353555 0.090313 0.113325
1 2 0.175253 0.304249 0.276091 0.104663 0.139744
2 2 0.168448 0.273766 0.305431 0.107939 0.144416
2 2 0.150101 0.228216 0.386868 0.099121 0.135694
1 2 0.242107 0.248637 0.184343 0.104259 0.220654
1 4 0.197620 0.289391 0.212794 0.123088 0.177106
0 4 0.256675 0.235157 0.174813 0.098155 0.235200
0 4 0.254486 0.237187 0.176251 0.099071 0.233005
0 4 0.327055 0.168882 0.127232 0.068888 0.307943
1 4 0.202365 0.285072 0.209807 0.121063 0.181692
0 4 0.252495 0.239032 0.177558 0.099904 0.231010
1 4 0.243334 0.247505 0.183545 0.103744 0.221873
0 4 0.254644 0.237041 0.176148 0.099005 0.233162
0 4 0.346601 0.150041 0.113503 0.060771 0.329083
1 4 0.201775 0.285609 0.210179 0.121314 0.181122
0 4 0.277336 0.215913 0.161116 0.089536 0.256099
0 4 0.413678 0.082721 0.063712 0.032482 0.407407
0 4 0.377322 0.119860 0.091327 0.047947 0.363544
0 4 0.396639 0.100384 0.076893 0.039792 0.386292
0 4 0.268900 0.223788 0.166734 0.093051 0.247526
0 4 0.406529 0.090200 0.069304 0.035567 0.398400
1 4 0.226026 0.263438 0.194742 0.111028 0.204766
1 4 0.224072 0.265231 0.195997 0.111852 0.202848
0 4 0.420923 0.075015 0.057932 0.029320 0.416810
1 4 0.235929 0.254333 0.188354 0.106855 0.214529
0 4 0.309035 0.186060 0.139674 0.076364 0.288867
0 4 0.262891 0.229384 0.170715 0.095558 0.241452
1 4 0.197620 0.289391 0.212794 0.123088 0.177106
1 4 0.187580 0.297411 0.241264 0.114563 0.159182
