0 0 0.900673 0.039334 0.026098 0.002427 0.031468
0 0 0.825665 0.059188 0.044511 0.006709 0.063928
0 0 0.832548 0.065032 0.043456 0.005591 0.053373
0 0 0.859229 0.048143 0.030779 0.003733 0.058116
0 0 0.888464 0.038469 0.025925 0.002809 0.044333
0 0 0.906503 0.037143 0.024420 0.002181 0.029754
0 0 0.865939 0.052185 0.036261 0.004141 0.041473
0 0 0.801777 0.075092 0.055582 0.008410 0.059138
0 0 0.423674 0.215976 0.080476 0.020391 0.259482
0 0 0.812842 0.071215 0.052210 0.007571 0.056162
0 0 0.572932 0.164013 0.069021 0.013705 0.180329
0 0 0.692086 0.111936 0.089602 0.019211 0.087166
0 0 0.683263 0.114772 0.092372 0.020289 0.089304
0 0 0.587343 0.144293 0.122636 0.034330 0.111398
2 1 0.166178 0.215611 0.288414 0.158973 0.170824
2 2 0.028658 0.064721 0.803874 0.027256 0.075491
2 2 0.014931 0.036954 0.885778 0.018725 0.043612
2 2 0.010688 0.028345 0.912328 0.013671 0.034968
2 2 0.009403 0.025493 0.920978 0.012349 0.031777
2 2 0.010148 0.026266 0.917370 0.015339 0.030877
2 2 0.008264 0.021882 0.930402 0.013804 0.025649
2 2 0.005978 0.016585 0.946670 0.011072 0.019694
2 2 0.008223 0.020158 0.930934 0.019770 0.020915
2 2 0.012207 0.031452 0.902699 0.015608 0.038033
2 2 0.010627 0.025650 0.915219 0.021250 0.027254
2 2 0.010275 0.024920 0.917513 0.020782 0.026510
2 2 0.008785 0.021451 0.927230 0.020137 0.022397
2 2 0.009960 0.024317 0.919580 0.020156 0.025986
2 2 0.020686 0.051213 0.845271 0.018256 0.064575
2 2 0.019800 0.044377 0.859080 0.029377 0.047366
0 1 0.340430 0.205761 0.198965 0.098913 0.155930
0 0 0.353628 0.222461 0.160538 0.068281 0.195092
0 0 0.312618 0.204818 0.226078 0.097161 0.159325
0 0 0.463569 0.178282 0.161577 0.060200 0.136372
0 0 0.597195 0.145350 0.110175 0.028619 0.118661
4 1 0.165821 0.289113 0.138104 0.080120 0.326843
2 2 0.040579 0.087277 0.738112 0.032261 0.101772
2 2 0.011278 0.026875 0.911005 0.022534 0.028308
2 4 0.024436 0.060962 0.799104 0.024164 0.091333
4 4 0.039420 0.159537 0.345113 0.024707 0.431224
4 4 0.043331 0.182713 0.158023 0.028125 0.587809
4 4 0.046432 0.180039 0.322168 0.025720 0.425641
4 4 0.053011 0.204540 0.168287 0.031223 0.542939
4 4 0.044774 0.169299 0.083010 0.030775 0.672142
4 4 0.037690 0.166219 0.098637 0.028837 0.668617
4 4 0.020038 0.075324 0.018319 0.023280 0.863038
4 4 0.086170 0.283624 0.113995 0.034290 0.481921
4 4 0.090686 0.264320 0.197842 0.042721 0.404431
4 4 0.135741 0.299081 0.122650 0.073769 0.368760
4 4 0.027127 0.093348 0.017892 0.016320 0.845313
0 4 0.297880 0.239271 0.167259 0.079828 0.215763
4 4 0.109955 0.303822 0.087813 0.048359 0.450051
4 4 0.153126 0.294967 0.086604 0.039475 0.425827
4 4 0.067400 0.218978 0.046767 0.028785 0.638070
4 4 0.025024 0.120762 0.044807 0.028635 0.780772
4 4 0.068585 0.244440 0.057077 0.035331 0.594567
4 4 0.048899 0.187146 0.070905 0.038161 0.654889
4 4 0.149726 0.294631 0.082128 0.036699 0.436817
4 4 0.091481 0.291716 0.096073 0.036471 0.484259
4 4 0.070071 0.208245 0.051439 0.034574 0.635671
4 4 0.026411 0.096110 0.022462 0.024298 0.830719
4 4 0.086760 0.281837 0.084223 0.037021 0.510159
4 4 0.036469 0.121816 0.030734 0.030009 0.780972
4 4 0.143112 0.299057 0.103265 0.054331 0.400235
4 4 0.094287 0.288693 0.114494 0.039669 0.462857
4 4 0.023930 0.119000 0.082796 0.027050 0.747225
4 4 0.040584 0.083704 0.018793 0.015461 0.841458
4 4 0.193721 0.286984 0.103940 0.046582 0.368773
4 4 0.158210 0.292601 0.081628 0.035268 0.432293
4 4 0.112299 0.303938 0.090750 0.050397 0.442615
4 4 0.070400 0.246912 0.215764 0.029166 0.437758
4 4 0.085566 0.260827 0.200954 0.039035 0.413619
4 4 0.108101 0.112545 0.026230 0.013071 0.740053
4 4 0.176648 0.190322 0.057165 0.025674 0.550191
4 4 0.102405 0.294386 0.109323 0.044943 0.448943
4 4 0.109255 0.303767 0.086945 0.047761 0.452273
4 4 0.147637 0.296062 0.086065 0.039866 0.430370
4 4 0.182220 0.274834 0.165634 0.102194 0.275118
4 4 0.075285 0.253121 0.187068 0.033256 0.451270
4 4 0.022112 0.095467 0.052463 0.033153 0.796806
4 4 0.185340 0.288373 0.117867 0.058412 0.350008
4 4 0.089552 0.275604 0.153779 0.039048 0.442017
4 4 0.045093 0.174537 0.328446 0.026293 0.425632
2 4 0.068674 0.202361 0.384068 0.035748 0.309149
4 4 0.040216 0.166691 0.238539 0.028097 0.526456
4 4 0.096966 0.282812 0.141758 0.043569 0.434895
4 4 0.102815 0.239974 0.290733 0.061082 0.305397
2 2 0.034564 0.091704 0.723922 0.023086 0.126724
2 2 0.016535 0.043298 0.868904 0.014231 0.057033
2 2 0.012212 0.032377 0.900809 0.013640 0.040962
2 2 0.024182 0.059633 0.820712 0.018260 0.077213
2 2 0.011241 0.029890 0.907996 0.013484 0.037390
2 2 0.015294 0.038409 0.882233 0.017454 0.046609
2 2 0.009591 0.025000 0.921159 0.014848 0.029402
2 2 0.010790 0.026033 0.914167 0.021285 0.027724
2 2 0.013440 0.033997 0.894910 0.016969 0.040684
2 2 0.009275 0.023113 0.924117 0.018331 0.025164
2 2 0.011226 0.027354 0.911291 0.020320 0.029809
2 2 0.012663 0.026401 0.896215 0.041643 0.023079
2 2 0.010956 0.024989 0.912000 0.027612 0.024443
2 2 0.022148 0.038177 0.816166 0.095730 0.027779
2 2 0.027936 0.044570 0.749134 0.144408 0.033952
2 2 0.010018 0.023200 0.918183 0.025748 0.022850
2 2 0.012713 0.025717 0.892355 0.047743 0.021473
2 2 0.010412 0.023545 0.914806 0.028730 0.022508
2 3 0.015969 0.028140 0.848240 0.087776 0.019875
2 3 0.013562 0.026651 0.883877 0.054366 0.021544
2 3 0.013595 0.030587 0.895975 0.029329 0.030514
2 3 0.033026 0.044329 0.617737 0.277011 0.027897
2 3 0.017342 0.033613 0.863580 0.057584 0.027881
2 3 0.014971 0.031205 0.884082 0.041589 0.028152
2 3 0.026232 0.039283 0.740500 0.169960 0.024025
2 3 0.029268 0.044618 0.740107 0.157396 0.028611
2 3 0.030311 0.045616 0.729236 0.165815 0.029020
2 3 0.030909 0.042406 0.617104 0.279143 0.030438
2 3 0.028812 0.041243 0.704551 0.201293 0.024101
2 3 0.027110 0.035714 0.586661 0.326282 0.024232
2 3 0.018667 0.030974 0.816581 0.113181 0.020597
2 3 0.025203 0.039589 0.768862 0.140605 0.025742
2 3 0.028907 0.063220 0.805937 0.031744 0.070193
2 3 0.026036 0.043290 0.789066 0.110799 0.030809
2 3 0.028737 0.042221 0.689382 0.209072 0.030588
2 3 0.029909 0.038660 0.545268 0.358189 0.027974
2 3 0.039007 0.054124 0.653688 0.220989 0.032193
2 3 0.025924 0.038920 0.742948 0.168376 0.023833
3 3 0.011237 0.013052 0.174834 0.770016 0.030862
3 3 0.030964 0.035354 0.344529 0.558742 0.030412
2 3 0.032438 0.039857 0.480813 0.418403 0.028488
2 3 0.024078 0.034679 0.696908 0.221527 0.022808
2 3 0.027976 0.041176 0.724710 0.181257 0.024881
2 3 0.029949 0.041407 0.644173 0.257074 0.027396
2 3 0.031096 0.049131 0.750641 0.135534 0.033598
3 3 0.023757 0.026612 0.292111 0.631035 0.026486
2 3 0.028383 0.036693 0.552359 0.356627 0.025938
2 3 0.027796 0.040531 0.719567 0.187967 0.024139
3 3 0.008755 0.010206 0.157042 0.796276 0.027721
3 3 0.022003 0.025434 0.294916 0.627812 0.029835
3 3 0.033790 0.040899 0.441677 0.452007 0.031627
2 3 0.032511 0.041212 0.530787 0.367249 0.028240
3 3 0.029241 0.034284 0.391137 0.517454 0.027883
2 3 0.033910 0.041960 0.472142 0.419818 0.032170
2 3 0.029684 0.038468 0.551233 0.353077 0.027539
2 3 0.038748 0.049888 0.575277 0.306476 0.029611
3 3 0.030422 0.033369 0.306772 0.602065 0.027372
3 3 0.018257 0.020553 0.233786 0.698863 0.028541
2 3 0.028817 0.041682 0.711284 0.193499 0.024718
2 3 0.031459 0.038722 0.466220 0.433792 0.029807
3 3 0.032896 0.037186 0.362635 0.539491 0.027792
3 3 0.029699 0.035238 0.404327 0.501831 0.028904
3 3 0.023367 0.025722 0.274898 0.650726 0.025286
3 3 0.013627 0.015538 0.201276 0.741624 0.027936
3 3 0.032563 0.037427 0.349655 0.547800 0.032554
3 3 0.026935 0.030003 0.275473 0.636152 0.031437
3 3 0.034054 0.039419 0.382329 0.513454 0.030745
3 3 0.028230 0.031088 0.290987 0.621472 0.028222
3 3 0.007954 0.009239 0.153527 0.804159 0.025120
3 3 0.026783 0.033775 0.407739 0.493267 0.038436
3 3 0.015214 0.017227 0.214822 0.725247 0.027490
2 3 0.037506 0.048542 0.590939 0.295238 0.027774
3 3 0.011227 0.012969 0.178536 0.768313 0.028954
3 3 0.016963 0.019357 0.216667 0.714969 0.032044
3 3 0.032404 0.037201 0.348082 0.549929 0.032385
3 3 0.006061 0.007352 0.116394 0.835281 0.034912
3 3 0.024214 0.027012 0.265096 0.653541 0.030137
3 3 0.019549 0.021872 0.244689 0.686262 0.027628
3 3 0.014965 0.017035 0.209347 0.729693 0.028960
3 3 0.012560 0.014426 0.190161 0.753904 0.028949
3 3 0.027443 0.031094 0.312964 0.598706 0.029792
3 3 0.025019 0.028194 0.291161 0.626464 0.029162
3 3 0.012127 0.014070 0.180529 0.761384 0.031890
3 3 0.013519 0.015537 0.194721 0.745741 0.030482
3 3 0.021241 0.023808 0.249790 0.675567 0.029594
3 3 0.012775 0.014662 0.191857 0.751708 0.028997
3 3 0.021536 0.024303 0.244724 0.677153 0.032284
3 3 0.011568 0.013386 0.179312 0.765674 0.030060
3 3 0.017009 0.019156 0.227860 0.708441 0.027534
3 3 0.021841 0.024444 0.253437 0.670729 0.029549
3 3 0.027399 0.030064 0.292091 0.623847 0.026599
3 3 0.011270 0.013036 0.177838 0.768376 0.029481
3 3 0.017721 0.019965 0.230725 0.703264 0.028326
3 3 0.041100 0.050291 0.407769 0.454355 0.046484
3 3 0.008824 0.010300 0.156687 0.795906 0.028284
2 3 0.034524 0.045653 0.588542 0.301170 0.030110
3 3 0.034144 0.039376 0.377284 0.518448 0.030749
2 3 0.030917 0.038363 0.498386 0.405326 0.027006
2 3 0.035278 0.045786 0.585908 0.305465 0.027562
3 3 0.016189 0.018141 0.228224 0.712206 0.025240
3 3 0.009161 0.010777 0.154152 0.794286 0.031624
3 3 0.019759 0.022352 0.235751 0.690523 0.031615
3 3 0.017945 0.020141 0.234982 0.699630 0.027302
3 3 0.030808 0.034572 0.279271 0.618438 0.036910
2 2 0.165924 0.189028 0.381835 0.099171 0.164042
2 1 0.119392 0.191309 0.408522 0.102059 0.178718
4 2 0.123209 0.268220 0.210752 0.073541 0.324279
2 2 0.075682 0.164747 0.510405 0.053012 0.196154
2 2 0.036445 0.080723 0.757907 0.028656 0.096269
0 0 0.307594 0.226398 0.185187 0.092682 0.188139
0 0 0.690785 0.112355 0.090010 0.019368 0.087482
0 0 0.531237 0.087685 0.039984 0.010310 0.330784
4 0 0.263547 0.162774 0.037738 0.010701 0.525240
2 1 0.072955 0.215070 0.345451 0.037232 0.329291
2 2 0.029295 0.068761 0.793681 0.022537 0.085726
2 2 0.011108 0.026241 0.911994 0.023470 0.027187
4 2 0.057761 0.118865 0.381803 0.041390 0.400181
4 2 0.084505 0.082042 0.105627 0.081549 0.646277
2 2 0.032853 0.086593 0.739368 0.022260 0.118926
2 2 0.018424 0.048637 0.853032 0.013561 0.066346
2 2 0.044005 0.152225 0.470286 0.026245 0.307238
4 2 0.136201 0.294587 0.136010 0.076801 0.356401
2 2 0.023872 0.059151 0.822122 0.017979 0.076877
2 2 0.029751 0.076978 0.768466 0.020833 0.103971
4 2 0.151583 0.295862 0.089420 0.041785 0.421351
4 2 0.099702 0.287926 0.128020 0.044524 0.439828
4 2 0.078212 0.261961 0.166616 0.033414 0.459797
4 2 0.065897 0.239217 0.088819 0.034079 0.571989
2 2 0.065392 0.193799 0.409410 0.034312 0.297086
4 2 0.047012 0.170288 0.359916 0.029313 0.393471
2 2 0.089556 0.223421 0.335987 0.051761 0.299275
4 2 0.045835 0.171247 0.360770 0.026923 0.395225
4 4 0.056087 0.198614 0.286670 0.031528 0.427101
4 4 0.093742 0.093792 0.023776 0.013589 0.775102
4 4 0.060699 0.172347 0.046092 0.035791 0.685071
4 4 0.056479 0.206566 0.134197 0.037138 0.565620
2 0 0.156180 0.195991 0.370190 0.050484 0.227156
0 0 0.458678 0.179511 0.163099 0.061449 0.137263
0 0 0.299258 0.174406 0.225266 0.139425 0.161645
0 0 0.272582 0.211908 0.252409 0.070973 0.192128
0 0 0.389571 0.195743 0.184332 0.081450 0.148905
0 0 0.515434 0.164678 0.145333 0.048107 0.126448
0 0 0.410279 0.200703 0.132747 0.049134 0.207137
0 0 0.611808 0.137001 0.114902 0.030318 0.105971
0 0 0.808965 0.072577 0.053390 0.007860 0.057208
0 0 0.728120 0.106948 0.044936 0.006173 0.113823
0 0 0.557131 0.169313 0.062270 0.011773 0.199513
4 0 0.233970 0.267019 0.063590 0.019127 0.416293
4 1 0.073578 0.226022 0.306365 0.035633 0.358402
2 1 0.015770 0.040800 0.876083 0.015123 0.052224
2 2 0.012855 0.033492 0.897235 0.014784 0.041633
2 2 0.021938 0.055449 0.833038 0.016413 0.073162
2 2 0.017409 0.041466 0.871392 0.022255 0.047478
2 2 0.020595 0.051354 0.844966 0.017648 0.065436
2 2 0.012569 0.033916 0.896609 0.012530 0.044376
2 2 0.010828 0.030098 0.908032 0.010943 0.040099
2 2 0.033130 0.077933 0.766458 0.024972 0.097508
2 2 0.086340 0.208140 0.382422 0.052488 0.270610
0 2 0.283460 0.257499 0.130564 0.054850 0.273628
0 2 0.488520 0.193237 0.090439 0.022892 0.204912
4 2 0.141088 0.299503 0.105702 0.056848 0.396859
2 2 0.070368 0.207716 0.367606 0.036283 0.318026
2 2 0.016890 0.042947 0.869596 0.016351 0.054217
2 2 0.009101 0.024625 0.923395 0.012471 0.030409
2 2 0.013290 0.032952 0.896983 0.018651 0.038124
2 2 0.048214 0.121299 0.637131 0.032028 0.161328
2 2 0.011467 0.031150 0.904740 0.012181 0.040462
2 2 0.015047 0.039297 0.880571 0.014507 0.050577
2 2 0.058820 0.133365 0.602729 0.041689 0.163398
2 2 0.009923 0.025582 0.919106 0.015632 0.029758
2 2 0.024115 0.057602 0.826145 0.021309 0.070829
0 2 0.396902 0.194131 0.182110 0.079098 0.147760
0 0 0.551920 0.154539 0.133830 0.040723 0.118987
0 0 0.348553 0.240859 0.088737 0.026403 0.295449
4 1 0.124984 0.290941 0.143881 0.067027 0.373166
2 2 0.021409 0.053864 0.837709 0.016830 0.070188
2 2 0.023091 0.055729 0.831764 0.020387 0.069029
2 2 0.013552 0.033069 0.895837 0.020093 0.037449
2 2 0.013467 0.033340 0.895834 0.018777 0.038581
2 2 0.019109 0.045385 0.860387 0.022412 0.052708
2 2 0.030025 0.070021 0.789931 0.023154 0.086869
2 2 0.011097 0.027684 0.911776 0.018204 0.031239
2 2 0.011867 0.031429 0.903507 0.013718 0.039479
2 2 0.010032 0.027313 0.915862 0.012096 0.034697
2 2 0.009487 0.023095 0.922643 0.020430 0.024345
2 2 0.010355 0.026137 0.916608 0.017255 0.029645
2 2 0.012300 0.032281 0.900866 0.014307 0.040247
2 2 0.010806 0.025458 0.913833 0.023778 0.026125
2 2 0.011586 0.030072 0.906825 0.015099 0.036420
2 2 0.013056 0.033330 0.897105 0.016271 0.040238
2 2 0.014120 0.034374 0.892127 0.020284 0.039095
2 2 0.012913 0.032158 0.899384 0.018291 0.037254
0 2 0.303267 0.205922 0.230531 0.099882 0.160398
4 2 0.091396 0.279241 0.144022 0.039716 0.445625
4 2 0.111573 0.265542 0.213534 0.059517 0.349834
1 2 0.212158 0.241035 0.209792 0.138487 0.198529
4 2 0.141669 0.263267 0.218566 0.096462 0.280036
2 2 0.022429 0.056079 0.831184 0.017251 0.073056
2 2 0.028330 0.065743 0.802086 0.023949 0.079892
2 2 0.010348 0.027241 0.915237 0.014164 0.033011
2 2 0.014520 0.036927 0.886818 0.016485 0.045250
2 2 0.012948 0.033011 0.897959 0.016374 0.039708
2 2 0.013146 0.032203 0.898426 0.019749 0.036477
2 2 0.009188 0.024619 0.923147 0.013054 0.029992
2 2 0.010136 0.024627 0.918419 0.020613 0.026205
2 2 0.013305 0.032784 0.897137 0.019209 0.037565
2 2 0.009253 0.024777 0.922683 0.013092 0.030195
2 2 0.011613 0.027403 0.908823 0.023580 0.028581
2 2 0.014216 0.035957 0.889394 0.016933 0.043500
2 2 0.011781 0.028651 0.907667 0.020484 0.031418
2 2 0.017685 0.042493 0.869004 0.021328 0.049491
2 2 0.009850 0.025674 0.919286 0.014847 0.030344
2 2 0.010022 0.024750 0.919158 0.019110 0.026959
2 2 0.019571 0.049408 0.850768 0.016715 0.063539
2 2 0.010035 0.025093 0.918962 0.018031 0.027879
2 2 0.014197 0.031293 0.891804 0.032223 0.030483
2 3 0.013524 0.031753 0.896826 0.024066 0.033830
2 2 0.016046 0.041787 0.873290 0.014642 0.054234
2 2 0.011799 0.027896 0.907665 0.023369 0.029270
2 2 0.141470 0.171007 0.450378 0.079901 0.157244
1 2 0.216894 0.259943 0.179317 0.092277 0.251570
4 1 0.122509 0.302708 0.095399 0.052070 0.427313
2 2 0.027866 0.067375 0.797752 0.021002 0.086005
2 2 0.018244 0.046807 0.858496 0.015568 0.060884
2 2 0.011411 0.027808 0.910076 0.020299 0.030406
2 2 0.066323 0.109888 0.663516 0.040025 0.120249
0 0 0.837771 0.057524 0.041171 0.005667 0.057867
0 0 0.771282 0.085626 0.064942 0.010952 0.067197
0 0 0.562069 0.167450 0.060705 0.011253 0.198524
0 0 0.582714 0.108064 0.037845 0.007070 0.264307
4 0 0.202089 0.271847 0.160880 0.092172 0.273012
2 2 0.020213 0.050515 0.847431 0.017491 0.064349
2 2 0.010679 0.026572 0.914667 0.018440 0.029642
2 2 0.018931 0.044815 0.861798 0.022776 0.051681
2 2 0.024283 0.059819 0.820162 0.018344 0.077391
4 1 0.044148 0.174559 0.149803 0.034976 0.596514
4 1 0.071078 0.211214 0.052902 0.035607 0.629200
4 1 0.048834 0.124114 0.046354 0.039948 0.740749
4 1 0.035376 0.096255 0.022601 0.020959 0.824808
4 1 0.097970 0.151645 0.042333 0.025895 0.682158
4 1 0.043034 0.066514 0.018342 0.016839 0.855272
0 0 0.449576 0.200159 0.077525 0.019256 0.253484
4 0 0.225989 0.275069 0.078989 0.027585 0.392368
4 0 0.036782 0.118480 0.020203 0.014488 0.810046
4 1 0.098855 0.252053 0.062032 0.033628 0.553433
4 4 0.034773 0.110103 0.024145 0.021615 0.809365
4 4 0.033276 0.123108 0.044416 0.027017 0.772183
4 4 0.049342 0.203936 0.054942 0.028913 0.662868
4 4 0.073785 0.242195 0.143601 0.040274 0.500145
4 4 0.150787 0.288820 0.067599 0.026759 0.466035
4 4 0.052715 0.201362 0.075948 0.033951 0.636025
4 4 0.054442 0.173918 0.040805 0.030520 0.700315
4 4 0.293641 0.256733 0.081425 0.025176 0.343024
4 4 0.148284 0.294370 0.080131 0.035464 0.441752
4 4 0.030414 0.083487 0.021823 0.023628 0.840647
4 4 0.037702 0.123657 0.034133 0.027916 0.776592
4 4 0.033739 0.121154 0.028211 0.027017 0.789878
4 4 0.041307 0.113468 0.024574 0.019873 0.800779
4 4 0.034572 0.126942 0.029720 0.028262 0.780503
4 4 0.132878 0.297350 0.127421 0.072304 0.370046
4 4 0.035571 0.156780 0.082860 0.030501 0.694289
4 4 0.087383 0.281459 0.125921 0.035819 0.469418
4 4 0.033524 0.116859 0.028578 0.028464 0.792576
4 4 0.095595 0.287579 0.121491 0.041086 0.454250
4 4 0.128774 0.274179 0.193789 0.077265 0.325993
4 4 0.026794 0.103813 0.045116 0.030238 0.794039
4 4 0.053086 0.115296 0.027630 0.021072 0.782916
4 4 0.147065 0.296285 0.086512 0.040283 0.429856
4 4 0.070557 0.203894 0.051783 0.035419 0.638347
4 4 0.156496 0.295990 0.110442 0.057658 0.379413
4 4 0.278657 0.261200 0.082019 0.026191 0.351933
4 4 0.072780 0.235832 0.048629 0.027805 0.614955
4 4 0.111778 0.272638 0.193695 0.060263 0.361627
4 2 0.098027 0.266758 0.200242 0.048774 0.386199
2 2 0.079440 0.190274 0.434989 0.049793 0.245503
2 2 0.038081 0.105587 0.680825 0.023990 0.151517
2 2 0.038513 0.096741 0.710086 0.026636 0.128024
2 2 0.041625 0.125367 0.616338 0.023796 0.192875
2 2 0.031233 0.072406 0.782840 0.024080 0.089441
2 2 0.021777 0.055083 0.834117 0.016368 0.072654
2 2 0.019935 0.047889 0.853899 0.021156 0.057122
2 2 0.025267 0.061615 0.814858 0.019160 0.079099
2 2 0.046690 0.144244 0.516535 0.030470 0.262061
4 2 0.132737 0.300249 0.118821 0.070953 0.377240
2 2 0.054415 0.163719 0.499408 0.029448 0.253010
2 2 0.008576 0.023562 0.926778 0.011606 0.029478
2 2 0.063847 0.142189 0.576723 0.045324 0.171918
2 2 0.058683 0.143761 0.571290 0.038538 0.187730
2 2 0.011469 0.030732 0.905739 0.012995 0.039065
2 2 0.012946 0.033171 0.897674 0.015995 0.040214
2 2 0.009471 0.025625 0.920554 0.012466 0.031884
2 2 0.012924 0.033621 0.896830 0.014890 0.041735
2 2 0.016996 0.042420 0.870669 0.017855 0.052060
2 2 0.009362 0.024647 0.922507 0.014175 0.029309
2 2 0.013087 0.032233 0.898634 0.019254 0.036793
2 2 0.011230 0.029429 0.908930 0.014442 0.035969
2 2 0.011512 0.029651 0.907747 0.015658 0.035433
2 2 0.024515 0.058401 0.823790 0.021544 0.071750
0 2 0.432573 0.185902 0.171186 0.068463 0.141875
4 2 0.137576 0.251247 0.251138 0.097053 0.262987
2 2 0.034105 0.078203 0.765614 0.026217 0.095861
2 2 0.048381 0.099034 0.702211 0.039188 0.111186
2 2 0.014922 0.038447 0.882800 0.015478 0.048353
2 2 0.009242 0.024916 0.922477 0.012680 0.030685
2 2 0.008192 0.021888 0.930709 0.013232 0.025980
2 2 0.011940 0.032114 0.901811 0.012753 0.041382
2 2 0.009359 0.024960 0.922048 0.013344 0.030288
2 2 0.010826 0.027941 0.912597 0.015531 0.033104
2 2 0.015489 0.040443 0.877235 0.014495 0.052338
2 2 0.013326 0.033782 0.895593 0.016800 0.040500
2 2 0.015029 0.037285 0.884951 0.018510 0.044225
2 2 0.008946 0.023683 0.925388 0.013816 0.028167
2 2 0.010594 0.027903 0.913388 0.014121 0.033994
2 2 0.008720 0.022349 0.927715 0.016079 0.025137
2 2 0.014020 0.033946 0.892993 0.020814 0.038227
2 2 0.014317 0.036332 0.888439 0.016671 0.044241
2 2 0.013110 0.032936 0.897611 0.017543 0.038801
2 2 0.010871 0.027349 0.913125 0.017505 0.031150
2 2 0.010969 0.027837 0.912191 0.016807 0.032196
2 2 0.010682 0.025792 0.914864 0.021215 0.027447
2 2 0.011156 0.026217 0.911622 0.024041 0.026964
2 2 0.009179 0.022626 0.924745 0.019279 0.024171
2 2 0.011845 0.026933 0.906618 0.027998 0.026605
2 2 0.013409 0.029811 0.896661 0.031007 0.029111
2 2 0.010743 0.027135 0.913907 0.017184 0.031031
2 2 0.012473 0.028322 0.902855 0.028156 0.028194
2 2 0.010379 0.024934 0.916780 0.021728 0.026180
2 2 0.010031 0.024257 0.919072 0.021067 0.025573
2 2 0.012824 0.025319 0.888207 0.053252 0.020398
2 2 0.013996 0.033797 0.893240 0.021082 0.037885
2 2 0.012491 0.029235 0.903284 0.024467 0.030524
2 2 0.018207 0.035441 0.860080 0.056400 0.029872
2 2 0.011656 0.023088 0.894401 0.052495 0.018361
2 2 0.020261 0.038513 0.846775 0.062496 0.031955
2 2 0.011047 0.023767 0.907816 0.036111 0.021259
2 2 0.016172 0.032124 0.872742 0.051659 0.027302
2 2 0.024585 0.037307 0.752668 0.162373 0.023067
2 2 0.014634 0.027934 0.873664 0.061856 0.021911
2 3 0.015909 0.029822 0.864181 0.066971 0.023116
2 3 0.021639 0.036483 0.810989 0.105325 0.025565
2 3 0.032027 0.044527 0.547050 0.330068 0.046328
2 3 0.017131 0.030183 0.843353 0.087732 0.021601
2 3 0.014615 0.029703 0.883354 0.046676 0.025651
2 3 0.012465 0.025473 0.894937 0.045598 0.021527
2 3 0.027247 0.043960 0.773203 0.125398 0.030192
2 3 0.024722 0.044693 0.817547 0.077318 0.035720
2 3 0.021194 0.035133 0.806519 0.113246 0.023908
2 3 0.018944 0.033602 0.837650 0.085041 0.024763
3 3 0.031514 0.038164 0.403593 0.491714 0.035014
2 3 0.028062 0.039511 0.672868 0.234268 0.025291
2 3 0.033686 0.043680 0.558675 0.334157 0.029802
2 3 0.016140 0.028481 0.847937 0.087244 0.020198
2 3 0.021333 0.035670 0.809216 0.109161 0.024619
2 3 0.014251 0.027727 0.878910 0.056831 0.022281
2 3 0.020345 0.031342 0.776059 0.153249 0.019005
2 3 0.016271 0.032671 0.873598 0.049195 0.028266
2 3 0.019147 0.034926 0.843817 0.075197 0.026913
2 3 0.037567 0.047310 0.519832 0.363211 0.032080
3 3 0.034641 0.042253 0.436903 0.451517 0.034686
3 3 0.024914 0.028778 0.307124 0.607533 0.031651
2 3 0.032014 0.042085 0.591793 0.307207 0.026902
2 3 0.023769 0.039112 0.793903 0.116295 0.026921
2 3 0.036575 0.049161 0.595034 0.285422 0.033808
3 3 0.029652 0.034535 0.358586 0.546020 0.031208
2 3 0.034222 0.041099 0.456628 0.439509 0.028542
2 3 0.028150 0.043075 0.745802 0.155415 0.027558
2 3 0.029386 0.042295 0.706357 0.196958 0.025004
3 3 0.030557 0.037367 0.432472 0.467535 0.032069
3 3 0.027149 0.029730 0.293301 0.623964 0.025856
3 3 0.035938 0.040419 0.354498 0.538849 0.030297
3 3 0.020829 0.023413 0.245598 0.679900 0.030259
2 3 0.033305 0.044936 0.649142 0.247710 0.024907
3 3 0.015876 0.018113 0.211949 0.723309 0.030753
2 3 0.030165 0.043362 0.703164 0.197585 0.025723
2 3 0.034616 0.047356 0.632198 0.255488 0.030341
2 3 0.035201 0.048049 0.632279 0.254180 0.030291
2 3 0.036435 0.048207 0.625395 0.263463 0.026499
2 3 0.033818 0.042136 0.500709 0.393603 0.029734
2 3 0.037088 0.046865 0.556947 0.331514 0.027586
3 3 0.023071 0.025249 0.279460 0.648766 0.023454
3 3 0.022665 0.025336 0.257611 0.664634 0.029753
3 3 0.022965 0.026086 0.243890 0.670933 0.036126
3 3 0.027853 0.032038 0.364960 0.548845 0.026305
3 3 0.030519 0.035302 0.377344 0.528618 0.028217
3 3 0.021159 0.023769 0.247470 0.677304 0.030297
3 3 0.037008 0.040969 0.308760 0.578520 0.034743
3 3 0.017772 0.019942 0.234442 0.700780 0.027065
3 3 0.020348 0.022866 0.243961 0.683060 0.029764
2 3 0.036745 0.047594 0.577571 0.308900 0.029190
3 3 0.022152 0.024958 0.248479 0.672227 0.032184
3 3 0.038392 0.045887 0.437458 0.445011 0.033252
2 3 0.027985 0.039663 0.700343 0.209282 0.022726
3 3 0.014724 0.016791 0.206742 0.732451 0.029292
3 3 0.023225 0.025912 0.261456 0.659912 0.029494
3 3 0.027839 0.031843 0.328468 0.581945 0.029904
3 3 0.031794 0.038340 0.386652 0.506270 0.036944
3 3 0.034090 0.040704 0.378431 0.508482 0.038293
0 0 0.348282 0.200238 0.208800 0.087864 0.154817
0 0 0.510216 0.172408 0.133706 0.042194 0.141475
4 0 0.219491 0.279561 0.093738 0.036884 0.370326
4 0 0.253635 0.270167 0.095892 0.035398 0.344908
2 1 0.128618 0.232415 0.304063 0.094414 0.240490
2 2 0.044816 0.093755 0.718396 0.036003 0.107030
2 2 0.069931 0.163829 0.513044 0.046275 0.206921
0 2 0.307572 0.183508 0.289127 0.064085 0.155708
4 2 0.239583 0.274410 0.101799 0.040177 0.344031
0 1 0.592230 0.156532 0.075004 0.015424 0.160810
4 1 0.113924 0.285722 0.153415 0.058150 0.388788
2 1 0.035124 0.078574 0.764365 0.027514 0.094423
2 2 0.010752 0.024943 0.913807 0.025535 0.024964
2 2 0.020274 0.055023 0.794427 0.022396 0.107880
4 4 0.093539 0.109573 0.024672 0.012998 0.759217
2 4 0.051636 0.159911 0.508187 0.027443 0.252824
4 4 0.035149 0.151902 0.169317 0.030483 0.613148
4 4 0.049236 0.190442 0.192582 0.032042 0.535697
4 4 0.070418 0.248105 0.133046 0.033466 0.514965
4 4 0.030049 0.072588 0.020341 0.023145 0.853877
4 4 0.142146 0.293642 0.074258 0.032122 0.457832
4 4 0.095560 0.280240 0.148596 0.043033 0.432571
4 4 0.058765 0.214545 0.185588 0.033164 0.507938
4 4 0.118368 0.296531 0.122151 0.058632 0.404319
4 4 0.042659 0.173100 0.072118 0.035057 0.677066
4 4 0.221733 0.251298 0.076805 0.028947 0.421217
4 4 0.033737 0.101297 0.021839 0.019515 0.823613
4 4 0.035507 0.147159 0.047118 0.035778 0.734438
4 4 0.065905 0.143318 0.036235 0.025740 0.728802
4 4 0.027873 0.088362 0.022006 0.024152 0.837606
4 4 0.103157 0.302876 0.079581 0.042763 0.471622
4 4 0.064004 0.189746 0.050146 0.037400 0.658704
4 4 0.223944 0.243325 0.065263 0.022419 0.445049
4 4 0.028116 0.076835 0.018064 0.018671 0.858313
4 4 0.052291 0.082825 0.019867 0.014964 0.830053
4 4 0.057985 0.197291 0.041890 0.028025 0.674810
4 4 0.049272 0.097919 0.028250 0.025658 0.798902
4 4 0.136714 0.295863 0.083336 0.039701 0.444386
4 4 0.136053 0.299960 0.094629 0.048537 0.420822
4 4 0.141664 0.296422 0.082321 0.037964 0.441629
4 4 0.150956 0.274171 0.185707 0.102212 0.286953
4 4 0.035134 0.149396 0.050252 0.033278 0.731939
4 4 0.037797 0.135319 0.027963 0.023082 0.775839
4 4 0.065342 0.221244 0.290472 0.030514 0.392428
2 4 0.079375 0.218219 0.343771 0.042713 0.315922
2 4 0.043591 0.159255 0.437386 0.024461 0.335306
2 4 0.043917 0.132421 0.594722 0.024820 0.204121
4 4 0.094003 0.237230 0.294701 0.052653 0.321413
4 4 0.100886 0.290113 0.108711 0.045905 0.454384
4 4 0.065970 0.230934 0.226385 0.031164 0.445547
4 4 0.067780 0.227128 0.288125 0.030406 0.386561
2 4 0.044374 0.114411 0.656954 0.029212 0.155048
4 4 0.051316 0.197077 0.221237 0.029937 0.500434
4 4 0.029840 0.132784 0.122648 0.032942 0.681786
4 4 0.050422 0.195569 0.215079 0.029774 0.509155
2 4 0.058357 0.181330 0.435329 0.030753 0.294231
4 4 0.084547 0.283868 0.108266 0.032917 0.490404
4 4 0.086174 0.236373 0.289805 0.045117 0.342530
4 4 0.085403 0.253848 0.226499 0.040432 0.393817
2 2 0.052435 0.108228 0.675269 0.041567 0.122500
4 2 0.103932 0.261332 0.224334 0.055920 0.354481
2 2 0.033552 0.075983 0.772133 0.026161 0.092171
2 2 0.082155 0.142660 0.563177 0.070794 0.141213
2 2 0.053217 0.109005 0.672753 0.042390 0.122636
2 2 0.031361 0.071472 0.785196 0.025700 0.086271
2 2 0.086610 0.161806 0.512637 0.068651 0.170296
2 2 0.063199 0.134902 0.597548 0.046875 0.157477
2 2 0.108232 0.132974 0.575784 0.046038 0.136973
0 0 0.547709 0.155732 0.135160 0.041533 0.119867
0 0 0.788704 0.079635 0.059583 0.009459 0.062619
0 0 0.772286 0.085282 0.064633 0.010863 0.066935
0 0 0.882265 0.046187 0.031452 0.003284 0.036813
0 0 0.766203 0.087358 0.066510 0.011409 0.068519
0 0 0.855936 0.055825 0.039232 0.004713 0.044294
0 0 0.843943 0.060155 0.042817 0.005443 0.047642
0 0 0.719294 0.103651 0.079518 0.015590 0.081947
0 0 0.605046 0.151609 0.075475 0.015426 0.152444
4 0 0.242918 0.272624 0.089705 0.032545 0.362208
0 0 0.640867 0.128123 0.105724 0.025950 0.099336
0 0 0.736194 0.097470 0.075815 0.014306 0.076215
0 0 0.863577 0.053047 0.036961 0.004273 0.042141
0 0 0.776026 0.084002 0.063480 0.010535 0.065957
0 0 0.695347 0.118625 0.059707 0.009941 0.116380
4 0 0.250235 0.269120 0.124794 0.054491 0.301361
4 1 0.124800 0.261142 0.230719 0.077919 0.305419
2 2 0.050184 0.101645 0.694162 0.040809 0.113200
2 2 0.083072 0.187583 0.443846 0.054776 0.230722
2 2 0.060159 0.118594 0.643034 0.048655 0.129558
2 2 0.160191 0.228716 0.282628 0.124841 0.203624
0 2 0.442122 0.207900 0.105351 0.030785 0.213842
2 2 0.098653 0.224237 0.337057 0.061377 0.278675
2 2 0.082499 0.203028 0.396572 0.049692 0.268209
2 2 0.029308 0.068067 0.795462 0.023726 0.083438
2 2 0.053633 0.122066 0.635994 0.038534 0.149773
2 2 0.030282 0.070463 0.788616 0.023372 0.087268
2 2 0.016327 0.039101 0.878214 0.021769 0.044588
2 2 0.049647 0.104228 0.687519 0.039085 0.119521
2 2 0.030397 0.070660 0.788029 0.023469 0.087445
2 2 0.043664 0.100741 0.698932 0.032088 0.124575
2 2 0.030469 0.070783 0.787662 0.023530 0.087556
2 2 0.046083 0.095649 0.712601 0.037131 0.108535
2 2 0.023022 0.057485 0.827045 0.017303 0.075145
2 2 0.044328 0.093022 0.720636 0.035570 0.106444
2 2 0.029862 0.069667 0.790958 0.023133 0.086380
2 2 0.054461 0.110360 0.668408 0.043656 0.123115
2 2 0.073693 0.163727 0.513570 0.050865 0.198146
2 2 0.013480 0.034734 0.893413 0.015551 0.042822
2 2 0.023532 0.052556 0.836691 0.029443 0.057778
2 2 0.132917 0.190671 0.391304 0.121075 0.164033
2 2 0.057232 0.111517 0.663462 0.047225 0.120564
2 2 0.017931 0.044129 0.865389 0.019018 0.053533
2 2 0.033761 0.076329 0.771096 0.026341 0.092474
2 2 0.036558 0.080904 0.757362 0.028753 0.096423
2 2 0.018155 0.045191 0.862694 0.018002 0.055958
2 2 0.017572 0.043473 0.867416 0.018578 0.052962
2 2 0.026557 0.062300 0.812227 0.022952 0.075964
2 2 0.022635 0.053576 0.837291 0.022430 0.064067
2 2 0.015331 0.035889 0.885489 0.024291 0.039000
2 2 0.056604 0.110659 0.666148 0.046648 0.119940
2 2 0.023605 0.055994 0.830524 0.022089 0.067788
2 2 0.015522 0.036657 0.884034 0.023301 0.040486
2 2 0.141459 0.233257 0.289967 0.110983 0.224335
0 2 0.261962 0.249996 0.169846 0.087602 0.230594
0 0 0.708639 0.106562 0.084415 0.017277 0.083106
0 0 0.709365 0.106325 0.084188 0.017195 0.082927
0 0 0.502762 0.178469 0.126479 0.038823 0.153466
4 1 0.171699 0.280648 0.158191 0.097951 0.291512
2 2 0.076003 0.155491 0.535985 0.056619 0.175901
4 2 0.141470 0.260501 0.225593 0.097505 0.274931
2 2 0.039406 0.085442 0.743668 0.031234 0.100250
2 2 0.023762 0.058193 0.824880 0.018930 0.074235
0 2 0.701550 0.108872 0.086635 0.018091 0.084852
0 0 0.834664 0.063480 0.045605 0.006042 0.050208
0 0 0.860714 0.054090 0.037811 0.004435 0.042950
0 0 0.774316 0.084588 0.064007 0.010684 0.066405
0 0 0.817628 0.069529 0.050757 0.007221 0.054866
0 0 0.820489 0.068518 0.049889 0.007016 0.054088
0 0 0.914275 0.034205 0.022197 0.001870 0.027452
0 0 0.846861 0.059105 0.041943 0.005261 0.046831
0 0 0.748635 0.093304 0.071949 0.013063 0.073048
0 0 0.861615 0.053762 0.037543 0.004384 0.042696
0 0 0.733987 0.098205 0.076502 0.014533 0.076773
0 0 0.845220 0.059696 0.042434 0.005363 0.047287
0 0 0.895731 0.041183 0.027528 0.002646 0.032913
0 0 0.882967 0.045927 0.031246 0.003249 0.036611
0 0 0.860374 0.054213 0.037912 0.004455 0.043046
0 0 0.804862 0.074015 0.054641 0.008172 0.058311
0 0 0.828096 0.065821 0.047587 0.006485 0.052012
0 0 0.885954 0.044821 0.030373 0.003103 0.035750
0 0 0.924082 0.030470 0.019419 0.001510 0.024519
0 0 0.849775 0.058054 0.041071 0.005082 0.046018
0 0 0.892620 0.042344 0.028430 0.002787 0.033818
0 0 0.887502 0.044247 0.029921 0.003028 0.035302
0 0 0.910350 0.035691 0.023318 0.002024 0.028617
0 0 0.860934 0.054010 0.037745 0.004423 0.042888
0 0 0.896752 0.040802 0.027232 0.002600 0.032615
0 0 0.907623 0.036720 0.024099 0.002135 0.029424
0 0 0.895270 0.041355 0.027661 0.002666 0.033047
0 0 0.895756 0.041817 0.024617 0.002208 0.035602
0 0 0.851718 0.057352 0.040490 0.004964 0.045475
0 0 0.890643 0.043080 0.029005 0.002879 0.034393
0 0 0.890399 0.043171 0.029076 0.002891 0.034463
0 0 0.936892 0.025542 0.015841 0.001091 0.020634
0 0 0.922835 0.030947 0.019771 0.001554 0.024894
0 0 0.899577 0.039744 0.026415 0.002475 0.031789
0 0 0.926044 0.029719 0.018867 0.001442 0.023928
0 0 0.893693 0.041944 0.028119 0.002738 0.033506
0 0 0.911805 0.035140 0.022902 0.001967 0.028186
0 0 0.914247 0.034215 0.022205 0.001871 0.027461
0 0 0.919132 0.032359 0.020818 0.001687 0.026004
0 0 0.911224 0.035360 0.023068 0.001990 0.028358
0 0 0.870714 0.050438 0.034849 0.003881 0.040118
0 0 0.905028 0.037919 0.021067 0.001744 0.034243
0 0 0.882343 0.046158 0.031429 0.003280 0.036790
0 0 0.898170 0.040271 0.026821 0.002537 0.032201
0 0 0.903721 0.038189 0.025220 0.002297 0.030573
0 0 0.883545 0.045713 0.031077 0.003220 0.036444
0 0 0.910197 0.035749 0.023361 0.002030 0.028662
0 0 0.848974 0.058343 0.041310 0.005131 0.046242
0 0 0.818704 0.069149 0.050430 0.007144 0.054573
0 0 0.888865 0.043741 0.029523 0.002963 0.034908
0 0 0.917148 0.033114 0.021380 0.001761 0.026596
0 0 0.940742 0.024049 0.014778 0.000977 0.019454
0 0 0.927401 0.029199 0.018486 0.001395 0.023518
0 0 0.871279 0.050231 0.034682 0.003851 0.039957
0 0 0.816823 0.069589 0.028272 0.002953 0.082363
0 0 0.892168 0.042512 0.028562 0.002808 0.033950
0 0 0.920371 0.031887 0.020467 0.001642 0.025633
0 0 0.921016 0.031641 0.020284 0.001619 0.025439
0 0 0.903561 0.038250 0.025266 0.002304 0.030620
0 0 0.914376 0.034166 0.022169 0.001866 0.027422
0 0 0.883696 0.046319 0.028241 0.002758 0.038986
0 0 0.903189 0.038389 0.025373 0.002319 0.030730
0 0 0.921189 0.031575 0.020235 0.001612 0.025388
0 0 0.920552 0.031818 0.020416 0.001636 0.025579
0 0 0.928795 0.028664 0.018095 0.001349 0.023097
0 0 0.911193 0.035372 0.023077 0.001991 0.028368
0 0 0.879267 0.047294 0.032331 0.003434 0.037674
0 0 0.887704 0.045014 0.026060 0.002422 0.038800
0 0 0.875687 0.049602 0.029102 0.002898 0.042710
0 0 0.706066 0.114252 0.038311 0.004839 0.136532
0 0 0.766220 0.092513 0.041818 0.005391 0.094058
0 0 0.911387 0.035299 0.023021 0.001983 0.028310
0 0 0.848771 0.060067 0.034450 0.003825 0.052887
0 0 0.672609 0.127445 0.048520 0.007222 0.144204
0 0 0.868465 0.051262 0.035513 0.004003 0.040757
0 0 0.826497 0.066389 0.048070 0.006595 0.052449
0 0 0.880969 0.046665 0.031832 0.003348 0.037185
0 0 0.885484 0.044995 0.030510 0.003125 0.035885
0 0 0.799075 0.076035 0.056408 0.008622 0.059861
0 0 0.867622 0.043715 0.023626 0.002531 0.062507
0 0 0.860671 0.054105 0.037824 0.004438 0.042962
0 0 0.891323 0.042827 0.028808 0.002847 0.034195
0 0 0.877163 0.048069 0.032949 0.003542 0.038277
0 0 0.815061 0.073645 0.036604 0.004262 0.070430
0 0 0.818849 0.072415 0.032171 0.003457 0.073108
0 0 0.603329 0.152671 0.056192 0.009609 0.178199
4 0 0.226765 0.264260 0.055876 0.015814 0.437285
4 1 0.102551 0.301278 0.074718 0.038776 0.482677
4 1 0.100489 0.302257 0.076463 0.040687 0.480104
4 1 0.095695 0.294134 0.096870 0.039278 0.474023
4 1 0.080699 0.274839 0.133512 0.031955 0.478995
4 1 0.113016 0.290573 0.128978 0.050119 0.417315
0 1 0.681307 0.115398 0.092987 0.020533 0.089776
4 1 0.255827 0.261038 0.062930 0.017929 0.402276
4 1 0.118364 0.303734 0.098602 0.055950 0.423351
4 1 0.081797 0.260965 0.191910 0.035799 0.429529
4 1 0.071067 0.216631 0.336253 0.035180 0.340869
4 1 0.103194 0.293670 0.113247 0.045854 0.444035
4 1 0.158182 0.294487 0.090079 0.041312 0.415940
0 1 0.587933 0.158007 0.076325 0.015919 0.161816
0 0 0.480303 0.174003 0.156354 0.056076 0.133263
0 0 0.570036 0.154469 0.116378 0.031954 0.127163
1 0 0.227496 0.265655 0.158569 0.084478 0.263801
4 0 0.324005 0.206724 0.083239 0.029197 0.356835
4 1 0.223125 0.271255 0.147081 0.075567 0.282971
2 2 0.104840 0.232726 0.312719 0.065597 0.284119
4 2 0.131340 0.282825 0.169257 0.076602 0.339977
4 2 0.149597 0.279661 0.172901 0.097954 0.299887
2 2 0.041633 0.117119 0.645454 0.025458 0.170336
2 2 0.018003 0.047316 0.857013 0.013881 0.063787
2 2 0.024795 0.065058 0.803886 0.017603 0.088658
2 2 0.035664 0.096949 0.707495 0.023153 0.136738
2 2 0.035536 0.135365 0.420065 0.027633 0.381401
2 2 0.030547 0.076366 0.770762 0.022008 0.100317
2 2 0.044790 0.140857 0.563942 0.024329 0.226082
2 2 0.058416 0.162472 0.509749 0.033753 0.235611
2 2 0.043596 0.156926 0.413750 0.027827 0.357900
1 2 0.196255 0.262172 0.183313 0.115796 0.242464
2 2 0.073516 0.213898 0.350605 0.038000 0.323982
2 2 0.041678 0.120335 0.634345 0.024837 0.178805
2 2 0.062041 0.179156 0.456439 0.033963 0.268401
2 2 0.107965 0.222587 0.341057 0.072727 0.255665
4 2 0.208953 0.273004 0.153389 0.083791 0.280864
2 2 0.061260 0.147840 0.559579 0.040480 0.190841
4 2 0.119882 0.253407 0.252998 0.075316 0.298396
2 2 0.053756 0.113742 0.659625 0.041431 0.131445
2 2 0.018707 0.047232 0.857092 0.016777 0.060191
4 2 0.116914 0.270912 0.201550 0.065997 0.344626
2 2 0.046385 0.098026 0.705989 0.036700 0.112900
2 2 0.082667 0.184368 0.453252 0.055293 0.224420
2 2 0.084788 0.196934 0.416220 0.053958 0.248100
2 2 0.033918 0.076111 0.771476 0.027298 0.091197
2 2 0.012657 0.032708 0.899243 0.015373 0.040018
2 2 0.017725 0.045078 0.863438 0.016279 0.057479
2 2 0.008912 0.023662 0.925546 0.013627 0.028252
2 2 0.010476 0.027356 0.914654 0.014706 0.032809
2 2 0.024332 0.058168 0.824546 0.021204 0.071751
2 2 0.019276 0.048638 0.853002 0.016781 0.062302
2 2 0.012128 0.031450 0.902906 0.015148 0.038368
2 2 0.009918 0.025964 0.918634 0.014547 0.030938
2 2 0.041454 0.069442 0.777473 0.042091 0.069540
0 0 0.287880 0.199951 0.261257 0.089722 0.161189
0 0 0.625069 0.143379 0.061827 0.011156 0.158570
0 0 0.619705 0.142337 0.091468 0.020814 0.125675
0 0 0.365967 0.235252 0.087997 0.025394 0.285391
4 1 0.074395 0.234138 0.195835 0.042185 0.453448
4 1 0.088647 0.267811 0.083786 0.046955 0.512801
2 1 0.060130 0.159755 0.520739 0.036186 0.223189
2 1 0.068969 0.206105 0.371000 0.035286 0.318640
2 2 0.035952 0.097436 0.706135 0.023378 0.137098
4 2 0.096547 0.274620 0.170589 0.045371 0.412872
2 2 0.033977 0.087981 0.735606 0.023291 0.119145
2 2 0.023630 0.056094 0.830263 0.022011 0.068001
2 2 0.014735 0.037461 0.885293 0.016500 0.046012
2 2 0.011858 0.031304 0.903791 0.013931 0.039116
1 2 0.213950 0.265779 0.167140 0.095102 0.258029
0 0 0.339502 0.198222 0.222368 0.084180 0.155728
0 0 0.431252 0.210999 0.109771 0.033314 0.214664
1 1 0.216405 0.258036 0.181026 0.107634 0.236898
4 1 0.125410 0.266450 0.215778 0.076579 0.315782
2 1 0.084567 0.188865 0.440132 0.056151 0.230286
0 1 0.503464 0.168503 0.147934 0.050078 0.130020
4 1 0.166053 0.293887 0.104312 0.050930 0.384818
2 1 0.079021 0.220981 0.333757 0.041746 0.324495
2 2 0.015663 0.040967 0.875726 0.014366 0.053278
2 2 0.014923 0.038468 0.882750 0.015440 0.048419
2 2 0.007139 0.019021 0.938535 0.013397 0.021908
2 2 0.027058 0.064628 0.805899 0.020976 0.081439
2 2 0.024676 0.059937 0.819720 0.019598 0.076069
2 2 0.019631 0.049088 0.851576 0.017495 0.062210
2 2 0.015783 0.039807 0.878399 0.017070 0.048941
2 2 0.012210 0.032221 0.901162 0.013944 0.040464
2 2 0.015824 0.039909 0.878108 0.017073 0.049087
2 2 0.010129 0.025883 0.917892 0.016286 0.029811
2 2 0.010191 0.026927 0.916234 0.013923 0.032725
2 2 0.019659 0.046821 0.856520 0.022068 0.054932
2 2 0.010973 0.028271 0.911611 0.015655 0.033489
2 2 0.011963 0.030673 0.904720 0.015983 0.036661
2 2 0.015400 0.039272 0.880210 0.016224 0.048895
2 2 0.085402 0.120301 0.624198 0.041858 0.128241
0 1 0.319369 0.223152 0.183474 0.089511 0.184493
4 1 0.145284 0.298308 0.097663 0.049267 0.409478
4 1 0.100808 0.292760 0.112403 0.044058 0.449971
4 1 0.080444 0.250479 0.228971 0.036814 0.403293
2 2 0.047353 0.123962 0.628033 0.030354 0.170298
2 2 0.059738 0.174384 0.469870 0.032636 0.263373
2 2 0.094038 0.215883 0.361176 0.058777 0.270126
4 2 0.088023 0.255962 0.223477 0.042295 0.390242
2 2 0.082322 0.208623 0.378605 0.048034 0.282416
2 2 0.153495 0.164705 0.433127 0.114937 0.133735
4 2 0.234163 0.270692 0.138498 0.066808 0.289839
4 2 0.276476 0.263553 0.099311 0.035764 0.324897
2 2 0.051083 0.111852 0.665794 0.038434 0.132837
2 2 0.026119 0.063155 0.810307 0.019870 0.080549
2 2 0.012965 0.034132 0.895628 0.014071 0.043204
2 2 0.015792 0.039368 0.879278 0.018042 0.047520
2 2 0.020246 0.049862 0.849060 0.018761 0.062071
2 2 0.011104 0.030301 0.907264 0.011931 0.039400
2 2 0.007825 0.021104 0.933203 0.012663 0.025204
2 2 0.013195 0.034272 0.894936 0.014984 0.042613
2 2 0.059019 0.112455 0.658450 0.051547 0.118529
