0 0 0.934873 0.034743 0.008011 0.001833 0.020540
0 0 0.908678 0.053284 0.015353 0.002571 0.020114
0 0 0.890812 0.065078 0.020885 0.003055 0.020170
0 0 0.962231 0.021089 0.003715 0.000789 0.012176
0 0 0.941783 0.028878 0.006068 0.001645 0.021625
0 0 0.954749 0.020958 0.003731 0.001158 0.019403
0 0 0.949141 0.026452 0.005283 0.001303 0.017821
0 0 0.969450 0.016272 0.002511 0.000596 0.011171
0 0 0.952720 0.021840 0.003975 0.001240 0.020226
0 0 0.925360 0.028292 0.006009 0.002589 0.037750
0 0 0.958095 0.022129 0.004015 0.000965 0.014795
0 0 0.794582 0.084840 0.026000 0.006264 0.088314
0 0 0.890000 0.057436 0.017086 0.003739 0.031740
0 0 0.526669 0.234310 0.130922 0.013901 0.094197
0 0 0.503272 0.236140 0.135595 0.016080 0.108913
0 0 0.572901 0.219320 0.128968 0.013698 0.065112
0 0 0.845992 0.082234 0.030729 0.005981 0.035064
0 0 0.860272 0.075080 0.026572 0.005222 0.032855
0 0 0.902351 0.050588 0.014376 0.003378 0.029306
0 0 0.956505 0.019437 0.003333 0.001100 0.019624
0 0 0.821538 0.023110 0.003124 0.002017 0.150212
0 0 0.871895 0.055735 0.016370 0.005161 0.050839
0 0 0.891059 0.051139 0.014790 0.004317 0.038695
0 0 0.930431 0.037809 0.009109 0.001976 0.020674
0 1 0.962984 0.020036 0.003444 0.000787 0.012750
0 1 0.479554 0.179341 0.075337 0.013912 0.251856
0 1 0.443423 0.222548 0.117550 0.018435 0.198044
4 1 0.113978 0.158982 0.077082 0.013090 0.636868
4 0 0.082489 0.199732 0.129599 0.018373 0.569807
0 0 0.430727 0.195467 0.108920 0.026326 0.238559
0 0 0.948284 0.025165 0.004920 0.001392 0.020240
0 0 0.946413 0.025177 0.004937 0.001492 0.021981
0 0 0.933009 0.026989 0.005560 0.002180 0.032262
0 0 0.926455 0.034797 0.008122 0.002398 0.028228
0 0 0.919390 0.032762 0.007499 0.002899 0.037450
0 1 0.892859 0.050732 0.013598 0.003518 0.039293
0 1 0.287407 0.275831 0.176938 0.022269 0.237555
0 1 0.334431 0.284331 0.173112 0.018068 0.190058
1 1 0.295297 0.302041 0.206837 0.020668 0.175158
2 2 0.210400 0.292530 0.310139 0.047446 0.139486
2 2 0.213723 0.294544 0.305911 0.045333 0.140489
2 2 0.117804 0.233465 0.446841 0.099980 0.101910
1 2 0.197185 0.294260 0.285660 0.042014 0.180882
1 2 0.239180 0.304075 0.289411 0.036053 0.131281
2 2 0.215704 0.294468 0.307760 0.045554 0.136514
2 2 0.177065 0.263304 0.415852 0.066724 0.077055
2 2 0.235448 0.293877 0.318691 0.045458 0.106525
2 2 0.214795 0.285382 0.343125 0.053529 0.103169
2 2 0.095630 0.193601 0.591014 0.086239 0.033516
1 2 0.238323 0.302887 0.293079 0.037207 0.128504
2 2 0.045235 0.131442 0.715310 0.091412 0.016601
2 2 0.034362 0.112474 0.751262 0.089554 0.012349
2 2 0.035560 0.114005 0.751200 0.087102 0.012132
2 2 0.069133 0.164392 0.653289 0.088844 0.024342
2 0 0.108319 0.202847 0.577561 0.078543 0.032730
0 1 0.507755 0.216173 0.122597 0.019375 0.134101
4 2 0.097800 0.224746 0.174177 0.028978 0.474299
2 2 0.118621 0.248890 0.412548 0.079131 0.140810
2 2 0.164834 0.279936 0.283096 0.049007 0.223127
2 2 0.035977 0.124051 0.682298 0.131515 0.026159
2 2 0.060081 0.159827 0.637748 0.109658 0.032686
2 1 0.128572 0.246611 0.438775 0.082105 0.103936
2 2 0.155398 0.270304 0.362810 0.065372 0.146116
2 1 0.035476 0.119959 0.710761 0.114080 0.019725
0 2 0.623850 0.167480 0.103456 0.023999 0.081215
4 2 0.083554 0.201782 0.133214 0.019225 0.562226
2 2 0.037427 0.130552 0.636389 0.156948 0.038684
2 2 0.049226 0.142493 0.672935 0.109946 0.025401
2 2 0.178902 0.285245 0.294191 0.049252 0.192410
2 2 0.071313 0.186303 0.525629 0.137390 0.079364
2 2 0.033443 0.116515 0.714534 0.116202 0.019305
2 2 0.115308 0.231991 0.466030 0.094811 0.091861
2 2 0.082046 0.182387 0.605000 0.096162 0.034404
2 2 0.029622 0.105155 0.756040 0.096794 0.012389
2 2 0.099373 0.202804 0.546783 0.101821 0.049219
2 2 0.137883 0.256783 0.393178 0.077999 0.134158
2 1 0.042880 0.128949 0.714469 0.096358 0.017344
2 2 0.039203 0.125519 0.707213 0.108343 0.019722
2 2 0.045791 0.133514 0.706652 0.095763 0.018281
2 2 0.040747 0.125537 0.720031 0.096978 0.016707
2 2 0.051008 0.140161 0.699612 0.090771 0.018448
2 2 0.030740 0.107524 0.751149 0.097588 0.012999
2 2 0.033208 0.117669 0.701876 0.125198 0.022049
2 2 0.018806 0.083386 0.778677 0.108874 0.010257
2 2 0.153045 0.248838 0.452010 0.075752 0.070354
2 2 0.016239 0.076151 0.794407 0.104744 0.008458
2 2 0.020708 0.087812 0.773165 0.107433 0.010881
2 2 0.023148 0.092204 0.773916 0.100152 0.010580
2 2 0.010343 0.060247 0.805063 0.117237 0.007110
2 2 0.010620 0.061300 0.802116 0.118554 0.007410
2 2 0.098963 0.232663 0.351366 0.093573 0.223434
2 2 0.014027 0.071599 0.788612 0.116700 0.009062
2 2 0.015773 0.076803 0.778229 0.118861 0.010334
2 1 0.020107 0.086742 0.772296 0.109822 0.011033
2 2 0.028346 0.107533 0.722031 0.123540 0.018550
2 2 0.021349 0.091744 0.749334 0.123253 0.014320
2 2 0.016874 0.079880 0.772663 0.119529 0.011053
2 2 0.064360 0.161211 0.648926 0.098275 0.027228
2 2 0.029056 0.108134 0.727055 0.118256 0.017499
2 2 0.040209 0.123940 0.725913 0.094266 0.015672
2 1 0.048704 0.137632 0.700703 0.094133 0.018827
2 2 0.051258 0.141384 0.694033 0.093685 0.019641
2 2 0.045044 0.134911 0.692171 0.106134 0.021740
2 2 0.032662 0.111901 0.740193 0.100706 0.014538
2 2 0.034695 0.113841 0.745583 0.092647 0.013234
2 2 0.015000 0.073342 0.794483 0.108723 0.008452
2 2 0.019320 0.083051 0.789925 0.098856 0.008848
2 2 0.037381 0.120211 0.727304 0.099095 0.016009
2 2 0.018449 0.080787 0.794274 0.098097 0.008393
2 2 0.020080 0.084362 0.791014 0.095877 0.008666
2 2 0.013198 0.069507 0.788626 0.119660 0.009009
2 2 0.024121 0.092834 0.781256 0.092293 0.009495
2 2 0.020052 0.085388 0.782631 0.102237 0.009692
2 2 0.015155 0.075300 0.778658 0.120628 0.010260
2 2 0.024394 0.103413 0.688086 0.158207 0.025900
2 2 0.025632 0.102364 0.725796 0.128104 0.018104
2 2 0.026770 0.100760 0.755772 0.103865 0.012834
2 2 0.042394 0.127424 0.720323 0.093589 0.016271
2 2 0.032765 0.110508 0.750299 0.093631 0.012796
2 2 0.092976 0.189606 0.604138 0.083123 0.030158
2 2 0.060633 0.154169 0.671124 0.091658 0.022417
2 2 0.180228 0.283904 0.307951 0.052925 0.174991
2 2 0.017776 0.077907 0.806188 0.090993 0.007135
2 2 0.049927 0.138831 0.701036 0.091780 0.018426
2 2 0.030892 0.107490 0.752838 0.096081 0.012700
2 2 0.027962 0.101963 0.760691 0.097473 0.011912
2 2 0.070973 0.167898 0.641751 0.092402 0.026975
2 2 0.102411 0.199765 0.578034 0.084596 0.035194
2 2 0.027095 0.098633 0.774018 0.090162 0.010092
2 2 0.049514 0.139530 0.694428 0.096498 0.020030
2 2 0.219972 0.288730 0.340629 0.049360 0.101309
2 2 0.097631 0.195291 0.588050 0.085334 0.033694
2 2 0.115106 0.209301 0.560692 0.079023 0.035879
2 2 0.030161 0.105535 0.758735 0.093686 0.011882
2 2 0.049800 0.139147 0.698462 0.093557 0.019034
2 1 0.152718 0.249925 0.462784 0.069140 0.065434
2 2 0.173003 0.283450 0.288276 0.048650 0.206620
2 2 0.029593 0.104267 0.761613 0.092998 0.011529
2 2 0.098025 0.199532 0.563956 0.095834 0.042653
2 2 0.047726 0.138407 0.689331 0.102824 0.021712
2 2 0.139449 0.232520 0.484706 0.086313 0.057012
2 2 0.233643 0.293097 0.320291 0.046303 0.106666
2 2 0.121723 0.217695 0.530644 0.085027 0.044911
2 2 0.073728 0.170840 0.637031 0.091037 0.027365
2 2 0.056231 0.146973 0.689230 0.088234 0.019331
2 0 0.128695 0.221238 0.528006 0.079568 0.042493
0 1 0.875777 0.067754 0.022551 0.004365 0.029553
0 1 0.387969 0.239187 0.143360 0.023372 0.206112
4 1 0.155735 0.264347 0.216444 0.034945 0.328529
4 2 0.162446 0.281978 0.230844 0.031867 0.292866
2 0 0.149572 0.269238 0.295800 0.059397 0.225993
0 0 0.544584 0.214137 0.138745 0.020986 0.081548
0 0 0.897572 0.045190 0.012273 0.004078 0.040888
0 0 0.914657 0.040308 0.010200 0.002997 0.031837
0 1 0.517476 0.201146 0.095861 0.014879 0.170638
4 1 0.312162 0.205044 0.096049 0.016159 0.370586
4 0 0.152608 0.275158 0.211887 0.028179 0.332169
0 0 0.416707 0.272069 0.177655 0.018860 0.114708
0 1 0.346781 0.275731 0.246519 0.034931 0.096038
1 1 0.164267 0.281147 0.269635 0.044189 0.240761
2 1 0.219184 0.286861 0.331941 0.053270 0.108745
2 1 0.252307 0.289299 0.330328 0.046382 0.081684
0 1 0.358351 0.284705 0.243363 0.028225 0.085357
0 1 0.330387 0.287603 0.265374 0.032356 0.084279
2 1 0.151930 0.232054 0.512817 0.065940 0.037260
2 1 0.277057 0.285232 0.332873 0.043546 0.061292
1 1 0.284166 0.305332 0.290230 0.031067 0.089206
2 1 0.249402 0.291763 0.325184 0.045195 0.088457
2 2 0.262288 0.301076 0.303030 0.036776 0.096830
2 2 0.263066 0.297656 0.311225 0.038979 0.089074
2 1 0.244833 0.294124 0.319553 0.044147 0.097344
2 1 0.096500 0.191885 0.602487 0.079882 0.029246
1 0 0.266716 0.302832 0.298462 0.035004 0.096986
0 1 0.636841 0.178648 0.113629 0.018339 0.052544
2 0 0.291353 0.274756 0.300690 0.049119 0.084082
0 1 0.548106 0.212854 0.146686 0.022553 0.069801
1 1 0.274956 0.314017 0.265880 0.026268 0.118879
2 1 0.218445 0.282097 0.343230 0.057701 0.098527
0 1 0.309548 0.285989 0.278305 0.037312 0.088846
1 1 0.295922 0.312285 0.270039 0.025479 0.096275
2 1 0.282790 0.298479 0.303991 0.035215 0.079524
0 0 0.320884 0.298014 0.292546 0.028544 0.060012
0 0 0.875531 0.067318 0.022351 0.004441 0.030359
0 0 0.918215 0.038271 0.009420 0.002828 0.031266
0 0 0.978395 0.011773 0.001533 0.000347 0.007952
0 0 0.805488 0.099116 0.041815 0.008747 0.044834
0 0 0.468648 0.225444 0.189426 0.037291 0.079190
0 0 0.810028 0.059345 0.014118 0.004566 0.111942
0 0 0.940876 0.024843 0.004878 0.001788 0.027615
0 0 0.874535 0.068228 0.022809 0.004445 0.029983
0 0 0.880312 0.068283 0.022671 0.003806 0.024928
0 4 0.911604 0.050752 0.014268 0.002542 0.020834
0 4 0.682835 0.059556 0.012201 0.004529 0.240879
0 4 0.378211 0.159174 0.072248 0.020490 0.369878
4 4 0.192582 0.103090 0.031956 0.007629 0.664744
0 4 0.545324 0.139313 0.051384 0.012494 0.251485
4 4 0.326946 0.072641 0.016629 0.005624 0.578160
4 4 0.247553 0.107665 0.033920 0.008999 0.601863
4 4 0.235849 0.223734 0.120500 0.019083 0.400833
4 4 0.198992 0.272942 0.185415 0.023999 0.318652
4 4 0.099734 0.189361 0.116853 0.019516 0.574536
4 4 0.126753 0.168942 0.087439 0.016017 0.600848
4 4 0.125293 0.149065 0.070483 0.013849 0.641311
4 4 0.286610 0.052211 0.010549 0.004670 0.645959
4 4 0.334776 0.113005 0.036662 0.010846 0.504711
0 4 0.407841 0.220691 0.163164 0.040674 0.167631
0 4 0.764459 0.059112 0.015244 0.007032 0.154152
0 4 0.464792 0.141409 0.051577 0.012778 0.329444
4 4 0.370705 0.165715 0.067939 0.014879 0.380762
4 1 0.454509 0.054464 0.010125 0.004239 0.476663
0 4 0.639739 0.180410 0.094098 0.013085 0.072668
0 4 0.531110 0.054377 0.010412 0.004639 0.399462
0 4 0.477876 0.080277 0.019561 0.006879 0.415407
4 4 0.227494 0.123513 0.041601 0.009261 0.598131
4 4 0.252042 0.064288 0.015140 0.005832 0.662698
1 4 0.156981 0.277680 0.258753 0.042233 0.264353
4 4 0.080579 0.196017 0.123343 0.016943 0.583118
4 4 0.084434 0.203464 0.136277 0.019961 0.555864
4 4 0.113785 0.135274 0.056790 0.010034 0.684118
4 4 0.094939 0.222422 0.179479 0.031841 0.471319
4 4 0.153472 0.275945 0.216648 0.029395 0.324540
4 4 0.103835 0.232326 0.185395 0.031161 0.447283
4 4 0.122638 0.250982 0.196708 0.029899 0.399774
4 4 0.125645 0.255383 0.228214 0.040162 0.350596
4 2 0.142649 0.268730 0.237959 0.038717 0.311945
2 2 0.110631 0.218593 0.510835 0.096654 0.063287
2 1 0.183476 0.272962 0.398000 0.058584 0.086979
2 2 0.211584 0.290698 0.317110 0.049619 0.130990
2 2 0.199501 0.280770 0.348548 0.059103 0.112078
2 2 0.075027 0.177073 0.604254 0.106084 0.037562
1 2 0.223832 0.301787 0.287278 0.037722 0.149382
2 2 0.119057 0.214757 0.540726 0.083508 0.041953
2 2 0.196072 0.272334 0.393362 0.059626 0.078606
2 2 0.111629 0.206287 0.568006 0.079351 0.034727
2 2 0.130004 0.220322 0.535772 0.075309 0.038592
2 2 0.102060 0.196621 0.593302 0.078041 0.029976
2 2 0.059003 0.151879 0.675900 0.091501 0.021718
2 2 0.065628 0.157894 0.673064 0.083080 0.020334
2 2 0.147289 0.244451 0.465380 0.076780 0.066100
2 2 0.091935 0.187411 0.612238 0.080457 0.027960
2 1 0.077571 0.172532 0.642491 0.083035 0.024371
2 1 0.143604 0.233504 0.498949 0.075584 0.048359
2 2 0.072367 0.180458 0.580403 0.116765 0.050007
2 2 0.086320 0.182787 0.618891 0.083905 0.028097
2 2 0.103518 0.198976 0.585238 0.080148 0.032120
2 2 0.233559 0.283708 0.342134 0.053898 0.086701
2 2 0.064505 0.159406 0.660273 0.091805 0.024010
2 2 0.042377 0.128228 0.715306 0.096800 0.017290
2 1 0.029510 0.105003 0.755945 0.097121 0.012421
2 2 0.147627 0.249836 0.431939 0.082514 0.088084
2 2 0.053252 0.146913 0.672489 0.102999 0.024346
2 2 0.105028 0.202819 0.568846 0.085863 0.037444
2 2 0.059006 0.151109 0.680170 0.089054 0.020660
2 2 0.094937 0.190463 0.605351 0.080295 0.028953
2 2 0.086520 0.184525 0.610316 0.087869 0.030770
2 2 0.098339 0.196831 0.581729 0.087439 0.035662
2 1 0.089501 0.186789 0.608142 0.085301 0.030267
2 2 0.118726 0.219543 0.532606 0.081621 0.047504
2 2 0.166603 0.249127 0.461168 0.068265 0.054837
2 2 0.123740 0.222529 0.522374 0.082456 0.048900
2 2 0.111788 0.208822 0.554613 0.084952 0.039824
2 2 0.086167 0.183437 0.614983 0.086017 0.029396
2 2 0.175026 0.250716 0.452757 0.068099 0.053403
2 2 0.083235 0.178139 0.632684 0.080834 0.025108
2 2 0.048889 0.136944 0.705774 0.090724 0.017670
2 2 0.036862 0.117844 0.738074 0.093099 0.014121
2 2 0.039267 0.121943 0.731159 0.092749 0.014882
2 2 0.039547 0.127147 0.698588 0.113155 0.021563
2 2 0.025415 0.101239 0.732633 0.123842 0.016871
2 2 0.023817 0.094849 0.762652 0.106567 0.012116
2 2 0.189853 0.275000 0.367648 0.063575 0.103925
2 2 0.022005 0.091003 0.767117 0.108249 0.011626
2 2 0.016274 0.076333 0.793473 0.105359 0.008561
2 2 0.015852 0.075595 0.791662 0.108124 0.008766
2 0 0.024294 0.097132 0.750963 0.113744 0.013867
2 1 0.085808 0.180322 0.629597 0.079227 0.025046
2 1 0.141693 0.262067 0.309096 0.069061 0.218083
2 2 0.138579 0.245447 0.448209 0.082849 0.084915
2 0 0.121271 0.214825 0.545958 0.079225 0.038721
0 1 0.682755 0.158887 0.092048 0.015565 0.050746
1 2 0.193451 0.295829 0.244340 0.031291 0.235089
1 2 0.173992 0.287102 0.262611 0.039423 0.236872
1 1 0.246869 0.305303 0.288567 0.034790 0.124472
2 2 0.245750 0.290153 0.328743 0.046956 0.088397
2 1 0.251600 0.290980 0.326826 0.045367 0.085227
2 2 0.267298 0.296045 0.314349 0.039325 0.082983
2 1 0.232835 0.280659 0.369409 0.049446 0.067651
0 2 0.459396 0.247080 0.217109 0.027361 0.049053
2 1 0.178822 0.257375 0.437924 0.065299 0.060580
2 1 0.205329 0.261128 0.421411 0.060224 0.051908
1 2 0.264222 0.311354 0.273200 0.028933 0.122291
2 1 0.177962 0.262157 0.435438 0.060052 0.064391
2 1 0.148491 0.234132 0.496947 0.074433 0.045997
2 1 0.267140 0.294102 0.318515 0.040555 0.079687
2 1 0.241073 0.260488 0.396477 0.053290 0.048672
1 2 0.191133 0.291049 0.290581 0.044959 0.182278
2 1 0.115334 0.222054 0.506918 0.093077 0.062616
2 1 0.208577 0.287824 0.323879 0.052749 0.126972
2 2 0.161608 0.254376 0.439824 0.071880 0.072312
2 0 0.190529 0.270083 0.403915 0.059787 0.075687
0 1 0.389847 0.276931 0.225662 0.025981 0.081579
0 1 0.355798 0.298223 0.240851 0.022488 0.082639
1 1 0.267998 0.305438 0.291581 0.033062 0.101921
1 1 0.275262 0.307250 0.286431 0.031011 0.100045
0 1 0.414186 0.268735 0.194662 0.022992 0.099425
2 1 0.222405 0.286786 0.339358 0.051902 0.099549
1 1 0.291817 0.300619 0.299019 0.032499 0.076047
1 1 0.304765 0.308979 0.276227 0.026140 0.083890
1 1 0.284314 0.303498 0.294566 0.032117 0.085505
2 1 0.268085 0.301002 0.302915 0.036038 0.091960
1 2 0.285581 0.311320 0.274293 0.027228 0.101577
1 1 0.277996 0.305276 0.291332 0.031944 0.093452
2 1 0.251989 0.300626 0.303696 0.038312 0.105378
1 1 0.236423 0.307947 0.272240 0.031803 0.151586
2 1 0.253472 0.301328 0.301966 0.037620 0.105614
0 1 0.308396 0.297505 0.274052 0.030937 0.089110
0 1 0.494971 0.241946 0.167136 0.020326 0.075621
2 1 0.251544 0.299670 0.306195 0.039092 0.103499
2 1 0.257096 0.289377 0.329684 0.045414 0.078429
1 1 0.263077 0.306235 0.289159 0.032989 0.108541
2 1 0.264937 0.297771 0.310792 0.038613 0.087887
2 1 0.264558 0.290454 0.326386 0.043273 0.075328
2 2 0.161469 0.241790 0.481085 0.068907 0.046748
2 1 0.271082 0.294621 0.316722 0.039523 0.078051
1 0 0.274254 0.303411 0.296427 0.033625 0.092284
0 0 0.484777 0.244603 0.202453 0.022821 0.045347
0 1 0.447980 0.244317 0.196924 0.030456 0.080323
2 1 0.189616 0.289588 0.295032 0.046858 0.178906
2 1 0.142968 0.238790 0.487573 0.074493 0.056176
0 1 0.682522 0.158896 0.071656 0.010220 0.076706
1 0 0.288178 0.303516 0.293644 0.031518 0.083144
0 1 0.844930 0.086368 0.032973 0.005506 0.030222
1 1 0.188158 0.295740 0.240751 0.030217 0.245134
2 1 0.215066 0.278190 0.351074 0.061674 0.093996
1 1 0.242781 0.301024 0.300692 0.038749 0.116754
0 1 0.372601 0.289993 0.230960 0.023049 0.083398
2 1 0.259351 0.292410 0.323156 0.043032 0.082052
1 1 0.291259 0.300494 0.299449 0.032659 0.076138
2 1 0.277529 0.294681 0.315172 0.038292 0.074326
1 0 0.298531 0.305627 0.285995 0.028791 0.081056
0 0 0.725072 0.146701 0.078804 0.011162 0.038260
0 0 0.927475 0.043856 0.011311 0.001765 0.015593
0 0 0.829834 0.096330 0.039110 0.005846 0.028880
0 0 0.959773 0.022961 0.004221 0.000847 0.012198
0 0 0.925427 0.041819 0.010606 0.002094 0.020054
0 0 0.896334 0.060516 0.018709 0.003020 0.021421
0 0 0.896280 0.058838 0.017981 0.003209 0.023693
0 0 0.932117 0.028079 0.005898 0.002218 0.031688
0 1 0.661847 0.122308 0.041795 0.009329 0.164721
0 1 0.767713 0.116226 0.052850 0.010646 0.052565
0 1 0.378941 0.274506 0.246076 0.030121 0.070356
1 1 0.251468 0.316000 0.245640 0.023928 0.162963
0 1 0.327778 0.292030 0.249122 0.029198 0.101872
1 1 0.270949 0.308277 0.283657 0.030769 0.106349
2 2 0.127253 0.221583 0.522327 0.083122 0.045715
2 2 0.137460 0.225154 0.524939 0.073066 0.039382
2 2 0.243837 0.299661 0.304936 0.039837 0.111730
2 2 0.067669 0.160987 0.665286 0.084423 0.021636
2 2 0.186493 0.260089 0.437834 0.059555 0.056029
2 2 0.035601 0.116375 0.737120 0.096361 0.014542
2 2 0.188870 0.268145 0.413167 0.059170 0.070649
2 2 0.094038 0.191446 0.597684 0.084949 0.031883
2 2 0.026676 0.098273 0.772162 0.092481 0.010409
2 2 0.105058 0.203031 0.567725 0.086326 0.037859
2 2 0.057506 0.149542 0.681455 0.090693 0.020804
2 2 0.054861 0.146021 0.687525 0.091461 0.020132
2 2 0.030654 0.105201 0.765200 0.088124 0.010821
2 2 0.036816 0.118081 0.736254 0.094392 0.014458
2 2 0.030149 0.107929 0.742163 0.105152 0.014606
2 2 0.020625 0.087258 0.776425 0.105239 0.010452
2 2 0.035122 0.114982 0.741972 0.094149 0.013775
2 2 0.022005 0.090425 0.771787 0.104809 0.010975
2 2 0.034226 0.116798 0.721188 0.109969 0.017819
2 2 0.019046 0.082199 0.792434 0.097751 0.008570
2 3 0.022475 0.091096 0.773245 0.102450 0.010735
2 3 0.013439 0.071883 0.768331 0.134977 0.011369
2 3 0.036498 0.120386 0.718148 0.106973 0.017995
2 3 0.016214 0.076863 0.787444 0.110235 0.009245
2 3 0.015096 0.073705 0.793154 0.109448 0.008597
2 3 0.017865 0.082041 0.772893 0.116175 0.011025
2 3 0.013862 0.070639 0.794293 0.112763 0.008442
2 3 0.009072 0.057654 0.787605 0.137200 0.008470
2 3 0.011496 0.065636 0.779622 0.133466 0.009781
2 3 0.015304 0.075336 0.781937 0.117548 0.009875
2 3 0.009666 0.059592 0.787100 0.134983 0.008659
2 3 0.009022 0.058197 0.776811 0.146471 0.009499
2 3 0.009436 0.060646 0.759209 0.159211 0.011498
2 3 0.011182 0.065798 0.764770 0.146863 0.011388
2 3 0.009033 0.058063 0.779490 0.144177 0.009237
2 3 0.007826 0.055071 0.757845 0.168308 0.010950
2 3 0.010283 0.064051 0.748341 0.164237 0.013088
2 3 0.008331 0.056835 0.759230 0.164559 0.011045
2 3 0.009545 0.059771 0.778923 0.142324 0.009437
2 3 0.009341 0.060859 0.749811 0.167452 0.012538
2 3 0.009283 0.060895 0.745450 0.171345 0.013028
2 3 0.009220 0.060654 0.745960 0.171228 0.012939
2 3 0.009861 0.063091 0.740817 0.172377 0.013855
2 3 0.010572 0.065725 0.699355 0.209266 0.015083
2 3 0.013000 0.073131 0.597331 0.297399 0.019139
2 3 0.009941 0.062245 0.760164 0.156083 0.011567
2 3 0.010581 0.065075 0.619288 0.289557 0.015498
2 3 0.009336 0.061144 0.726487 0.189831 0.013203
2 3 0.008565 0.058088 0.749690 0.171645 0.012012
2 3 0.009016 0.059860 0.747640 0.170838 0.012647
2 3 0.010532 0.064992 0.626689 0.282395 0.015392
2 3 0.009978 0.063068 0.636686 0.275725 0.014543
2 3 0.010444 0.065262 0.700821 0.208578 0.014894
2 3 0.008373 0.057309 0.753060 0.169529 0.011729
2 3 0.009225 0.060715 0.728298 0.188725 0.013038
2 3 0.013052 0.072583 0.560097 0.334842 0.019426
3 3 0.015641 0.066986 0.252900 0.639032 0.025440
2 3 0.012213 0.069959 0.568546 0.331140 0.018141
2 3 0.010064 0.063852 0.698058 0.213655 0.014372
2 3 0.009021 0.059923 0.714861 0.203377 0.012818
2 3 0.010728 0.066251 0.688724 0.218935 0.015361
2 3 0.011237 0.067077 0.595878 0.309240 0.016568
2 3 0.013098 0.072699 0.558491 0.336210 0.019502
2 3 0.007301 0.052856 0.762611 0.167028 0.010203
2 3 0.011095 0.067602 0.728895 0.176768 0.015640
2 3 0.008127 0.056347 0.745657 0.178444 0.011424
2 3 0.012530 0.071330 0.584266 0.313351 0.018523
2 3 0.010498 0.065458 0.701023 0.208053 0.014968
2 3 0.010165 0.063953 0.655264 0.255893 0.014726
2 3 0.012422 0.071191 0.597101 0.300992 0.018295
2 3 0.011239 0.067827 0.652956 0.251698 0.016281
2 3 0.009658 0.062255 0.682701 0.231515 0.013871
2 3 0.012197 0.068304 0.501193 0.399845 0.018461
2 3 0.011943 0.069491 0.593023 0.307927 0.017617
2 3 0.007713 0.054600 0.758857 0.168041 0.010789
2 3 0.012838 0.071660 0.550113 0.346224 0.019165
3 3 0.014161 0.072802 0.445195 0.446089 0.021752
2 3 0.012356 0.069839 0.540800 0.358509 0.018497
2 3 0.012896 0.071074 0.518340 0.378266 0.019423
2 3 0.010347 0.064750 0.670455 0.239535 0.014913
2 3 0.011647 0.068830 0.616451 0.286011 0.017062
2 3 0.011854 0.066399 0.474591 0.429081 0.018074
2 3 0.009761 0.062756 0.721129 0.192530 0.013825
2 3 0.009832 0.063019 0.713130 0.200053 0.013966
2 3 0.011347 0.067305 0.586471 0.318101 0.016775
2 3 0.010571 0.065427 0.653200 0.255482 0.015320
3 3 0.014074 0.072325 0.439402 0.452545 0.021654
3 3 0.015867 0.075455 0.387777 0.496145 0.024755
2 3 0.012482 0.070050 0.531855 0.366881 0.018732
2 3 0.013009 0.071189 0.508933 0.387227 0.019642
3 3 0.012514 0.067660 0.446118 0.454483 0.019225
2 3 0.012709 0.071493 0.562103 0.334785 0.018909
3 3 0.016657 0.068924 0.244548 0.642702 0.027168
2 3 0.008132 0.056330 0.755150 0.169003 0.011385
2 3 0.008670 0.058497 0.750532 0.170149 0.012153
2 3 0.009192 0.060560 0.742348 0.174980 0.012920
2 3 0.010135 0.064120 0.700076 0.211208 0.014461
2 3 0.012228 0.070989 0.627687 0.271252 0.017845
2 3 0.008106 0.056224 0.755376 0.168946 0.011348
2 3 0.008636 0.058400 0.710953 0.209717 0.012294
2 3 0.008036 0.055940 0.755984 0.168790 0.011249
3 3 0.013959 0.069725 0.383702 0.510801 0.021813
2 3 0.008094 0.056174 0.755483 0.168918 0.011331
2 3 0.009654 0.062352 0.715775 0.198516 0.013703
2 3 0.012151 0.069175 0.541845 0.358641 0.018187
2 3 0.013712 0.073021 0.494187 0.398298 0.020783
2 3 0.008086 0.056154 0.753016 0.171413 0.011332
2 3 0.009382 0.061277 0.744641 0.171529 0.013170
3 3 0.015053 0.071246 0.348899 0.541047 0.023754
3 3 0.015371 0.074596 0.400123 0.486009 0.023901
2 3 0.011509 0.068488 0.626920 0.276276 0.016807
2 3 0.009142 0.060379 0.708818 0.208645 0.013016
2 3 0.010385 0.064799 0.658853 0.250936 0.015026
2 3 0.012811 0.071369 0.541440 0.355208 0.019171
2 3 0.015255 0.078814 0.529351 0.353699 0.022881
3 0 0.010298 0.030465 0.040670 0.899432 0.019135
0 0 0.329923 0.245434 0.231404 0.055422 0.137817
0 2 0.803297 0.106412 0.046331 0.007769 0.036192
4 2 0.175180 0.217338 0.121302 0.018676 0.467504
0 1 0.480982 0.240456 0.172788 0.023762 0.082012
1 1 0.217084 0.308257 0.232109 0.024299 0.218252
1 0 0.240182 0.312375 0.253645 0.026804 0.166994
1 0 0.244425 0.288512 0.220182 0.029217 0.217664
0 1 0.529148 0.190821 0.088615 0.014926 0.176490
4 1 0.081541 0.197894 0.126458 0.017648 0.576460
1 1 0.241838 0.307335 0.278836 0.032842 0.139150
1 1 0.233165 0.311319 0.249791 0.026651 0.179075
1 1 0.233765 0.311309 0.250890 0.026844 0.177193
1 1 0.255371 0.314074 0.258890 0.026486 0.145178
1 1 0.243650 0.304206 0.290983 0.035876 0.125285
1 1 0.241556 0.307473 0.278119 0.032689 0.140163
1 1 0.279628 0.317687 0.250852 0.024082 0.127751
1 1 0.267105 0.308617 0.282457 0.030870 0.110951
1 1 0.278988 0.310023 0.278502 0.028766 0.103721
1 1 0.281696 0.308239 0.283204 0.029617 0.097243
1 1 0.281521 0.312356 0.271520 0.026955 0.107649
1 2 0.269384 0.310726 0.276134 0.029118 0.114638
1 2 0.302010 0.318610 0.250037 0.021068 0.108275
1 2 0.258427 0.307278 0.285381 0.032548 0.116365
1 2 0.292147 0.317716 0.253396 0.022673 0.114069
0 2 0.340276 0.307880 0.235152 0.020231 0.096461
2 1 0.308490 0.292172 0.308778 0.033408 0.057152
1 1 0.274583 0.317561 0.252478 0.023444 0.131934
1 1 0.238547 0.314304 0.237595 0.023372 0.186182
0 1 0.556342 0.215386 0.160395 0.021020 0.046858
0 1 0.327901 0.310370 0.245402 0.021316 0.095012
1 1 0.294752 0.316113 0.258448 0.023536 0.107151
1 1 0.229429 0.306369 0.272640 0.032817 0.158745
2 1 0.271323 0.295434 0.314981 0.038995 0.079268
0 1 0.483725 0.243481 0.199249 0.023733 0.049812
0 1 0.380472 0.288908 0.225630 0.022113 0.082877
1 1 0.277515 0.313611 0.267486 0.026403 0.114986
2 1 0.256669 0.292477 0.323274 0.043465 0.084115
1 1 0.270567 0.310153 0.278039 0.029454 0.111787
2 1 0.246463 0.298848 0.307704 0.040267 0.106719
2 1 0.255677 0.298789 0.308721 0.039250 0.097563
2 1 0.139220 0.233818 0.497044 0.077329 0.052588
2 1 0.231954 0.293734 0.318149 0.045905 0.110258
2 1 0.258760 0.292633 0.322746 0.042992 0.082868
1 2 0.242108 0.302274 0.296641 0.037680 0.121297
2 1 0.100772 0.198042 0.582578 0.084337 0.034271
2 1 0.210102 0.290692 0.316042 0.049568 0.133596
2 1 0.225649 0.281478 0.359309 0.053415 0.080148
2 1 0.246708 0.285199 0.349149 0.047203 0.071740
1 1 0.237732 0.305204 0.284492 0.034894 0.137678
1 1 0.296096 0.311871 0.271131 0.025698 0.095203
1 1 0.282997 0.305587 0.289814 0.031078 0.090524
1 1 0.311061 0.318334 0.247530 0.021164 0.101911
2 1 0.260265 0.296855 0.313272 0.039945 0.089664
1 1 0.287140 0.306846 0.285941 0.029764 0.090308
0 1 0.310851 0.307081 0.255166 0.024988 0.101914
1 1 0.279871 0.314959 0.263121 0.025259 0.116790
1 1 0.290699 0.317588 0.254379 0.022645 0.114689
1 1 0.273312 0.306722 0.287965 0.031587 0.100414
2 1 0.241262 0.289917 0.329113 0.047862 0.091847
1 1 0.262847 0.310979 0.274175 0.029302 0.122698
1 1 0.259394 0.310328 0.275527 0.029984 0.124767
2 1 0.242530 0.299384 0.305407 0.040172 0.112507
0 1 0.443490 0.249035 0.194939 0.028360 0.084175
1 1 0.231177 0.301690 0.293303 0.038337 0.135493
1 1 0.299837 0.314696 0.262478 0.023632 0.099357
1 1 0.301634 0.313781 0.255426 0.023263 0.105896
0 1 0.350756 0.295501 0.247447 0.024620 0.081677
2 1 0.195242 0.267185 0.407522 0.061481 0.068570
0 1 0.513916 0.248523 0.160398 0.014638 0.062525
0 0 0.577891 0.222988 0.134778 0.012454 0.051889
0 1 0.869920 0.074117 0.025790 0.004227 0.025947
1 1 0.229509 0.311681 0.238976 0.024553 0.195281
4 2 0.133547 0.261220 0.263644 0.051656 0.289933
2 2 0.200733 0.286315 0.322508 0.054163 0.136281
2 2 0.221097 0.295886 0.306799 0.044203 0.132015
2 2 0.057107 0.152716 0.659995 0.103670 0.026512
2 4 0.076645 0.195118 0.517405 0.126348 0.084483
4 4 0.148892 0.273083 0.241395 0.038272 0.298358
4 4 0.172619 0.122118 0.047983 0.012178 0.645102
4 4 0.146734 0.226081 0.148113 0.024407 0.454665
4 4 0.260635 0.106518 0.031816 0.008018 0.593013
4 4 0.165147 0.105183 0.036232 0.009164 0.684274
4 4 0.375092 0.116968 0.035945 0.009360 0.462635
0 4 0.743648 0.036250 0.006412 0.003928 0.209761
4 4 0.340094 0.180087 0.081172 0.017288 0.381359
4 4 0.272355 0.086656 0.024616 0.008369 0.608004
4 4 0.145420 0.076327 0.019178 0.004391 0.754683
4 4 0.242001 0.039131 0.005921 0.002817 0.710130
4 4 0.186479 0.089223 0.025736 0.006790 0.691772
4 4 0.252418 0.084201 0.023914 0.008199 0.631268
4 4 0.316937 0.060198 0.012963 0.005338 0.604564
0 4 0.632087 0.074988 0.019779 0.008237 0.264909
0 4 0.623856 0.050829 0.010047 0.005055 0.310212
4 4 0.231364 0.077395 0.020854 0.007132 0.663255
0 4 0.531163 0.086568 0.023698 0.008879 0.349692
0 4 0.620727 0.053687 0.011457 0.006052 0.308077
0 4 0.851085 0.042826 0.010224 0.005065 0.090800
4 4 0.356747 0.153459 0.065684 0.018010 0.406100
4 4 0.252189 0.188818 0.102423 0.024407 0.432164
4 4 0.349126 0.054610 0.010864 0.004756 0.580644
4 4 0.457777 0.056537 0.011950 0.005983 0.467752
4 4 0.397029 0.075894 0.020825 0.009830 0.496422
0 4 0.437505 0.090247 0.026575 0.010659 0.435013
4 4 0.238246 0.249207 0.151599 0.022573 0.338374
4 4 0.222637 0.080134 0.022016 0.007178 0.668035
4 4 0.326787 0.079754 0.019972 0.006786 0.566702
4 4 0.084700 0.203969 0.137215 0.020189 0.553927
4 4 0.195250 0.105810 0.037910 0.011412 0.649617
4 4 0.137902 0.116561 0.043133 0.009122 0.693282
0 4 0.566550 0.066554 0.016227 0.007802 0.342866
4 4 0.392025 0.072352 0.018618 0.008457 0.508547
0 4 0.504062 0.065272 0.015666 0.007758 0.407241
0 4 0.573293 0.064711 0.015367 0.007370 0.339259
4 4 0.086419 0.201543 0.133469 0.019903 0.558665
4 4 0.142187 0.121126 0.046792 0.010217 0.679678
4 4 0.112050 0.171406 0.094191 0.017067 0.605286
4 2 0.137088 0.124342 0.049058 0.010343 0.679169
4 2 0.081848 0.198492 0.127470 0.017880 0.574310
4 2 0.111128 0.233839 0.158511 0.021372 0.475150
4 2 0.193348 0.247564 0.153861 0.022079 0.383148
4 2 0.156715 0.277863 0.210826 0.027149 0.327448
4 2 0.158501 0.278804 0.206415 0.025651 0.330630
4 2 0.134075 0.261535 0.211434 0.031921 0.361036
4 2 0.127220 0.256485 0.221608 0.037228 0.357459
4 2 0.113966 0.243831 0.203691 0.034695 0.403817
4 2 0.144810 0.270220 0.243055 0.039934 0.301981
1 2 0.159960 0.278367 0.272593 0.046455 0.242624
2 2 0.073016 0.178770 0.580086 0.120221 0.047907
1 2 0.242888 0.305639 0.285733 0.034543 0.131198
2 2 0.129973 0.246492 0.452427 0.078181 0.092926
2 2 0.024014 0.098758 0.731627 0.128446 0.017154
2 2 0.088373 0.191135 0.587597 0.094071 0.038823
2 2 0.034191 0.116119 0.725795 0.106973 0.016923
2 2 0.036945 0.118396 0.735308 0.094748 0.014603
2 2 0.061200 0.158006 0.651126 0.101995 0.027673
2 2 0.105872 0.205415 0.565677 0.083970 0.039066
2 2 0.050973 0.139432 0.703471 0.088513 0.017611
2 2 0.120032 0.236033 0.510682 0.068771 0.064483
2 2 0.058980 0.153147 0.668462 0.095778 0.023632
2 2 0.045432 0.132565 0.709981 0.094363 0.017660
2 2 0.076991 0.178204 0.611978 0.098334 0.034493
2 2 0.137455 0.240635 0.488677 0.071998 0.061234
2 2 0.092621 0.197112 0.584828 0.086047 0.039392
2 2 0.055964 0.146599 0.689952 0.088244 0.019241
2 2 0.062092 0.157469 0.659466 0.095940 0.025033
2 2 0.078242 0.178517 0.616104 0.094540 0.032598
2 2 0.193952 0.284639 0.380543 0.047464 0.093401
2 2 0.182251 0.275641 0.361525 0.063335 0.117248
2 2 0.160725 0.249318 0.455223 0.072406 0.062328
2 2 0.127271 0.228271 0.515455 0.077264 0.051739
2 2 0.159196 0.243782 0.487765 0.063022 0.046236
0 2 0.357101 0.294731 0.253478 0.024216 0.070475
1 2 0.278372 0.309773 0.279248 0.028996 0.103610
2 2 0.153274 0.245394 0.483396 0.065001 0.052935
0 0 0.311892 0.304501 0.283750 0.027246 0.072610
0 2 0.903119 0.054744 0.016080 0.002955 0.023102
0 0 0.313509 0.293026 0.248169 0.030114 0.115182
0 1 0.580953 0.185937 0.098851 0.017849 0.116409
0 1 0.335699 0.295986 0.213208 0.022056 0.133051
1 1 0.268405 0.311533 0.273381 0.028566 0.118115
2 1 0.242870 0.295480 0.315963 0.043337 0.102350
1 1 0.252348 0.304419 0.292938 0.035271 0.115025
1 1 0.261673 0.312251 0.269294 0.028267 0.128515
1 1 0.283670 0.301236 0.258841 0.030263 0.125990
1 1 0.275641 0.314667 0.263669 0.025750 0.120273
1 1 0.277594 0.309041 0.281360 0.029565 0.102439
0 2 0.419289 0.267679 0.208832 0.024483 0.079717
1 0 0.257043 0.314486 0.258058 0.026141 0.144272
0 1 0.364347 0.288586 0.226669 0.024252 0.096145
1 1 0.244763 0.308366 0.276545 0.031887 0.138438
2 1 0.215388 0.278677 0.365321 0.057088 0.083526
0 1 0.306179 0.304974 0.244784 0.025158 0.118905
1 1 0.266964 0.312056 0.271361 0.028234 0.121385
1 1 0.260864 0.312003 0.269951 0.028501 0.128681
2 1 0.222406 0.266495 0.404126 0.055622 0.051351
1 2 0.214499 0.305480 0.252112 0.029442 0.198466
2 1 0.216173 0.292824 0.313503 0.047394 0.130107
0 1 0.392411 0.283704 0.202609 0.020518 0.100758
1 0 0.311438 0.313109 0.248426 0.022073 0.104954
2 0 0.282514 0.259235 0.350543 0.051662 0.056046
0 1 0.517743 0.233217 0.175601 0.021075 0.052363
4 2 0.082162 0.199101 0.128510 0.018120 0.572107
1 2 0.164216 0.281569 0.238478 0.034498 0.281239
1 2 0.188438 0.294552 0.258233 0.035157 0.223619
1 2 0.233914 0.305495 0.280683 0.034375 0.145533
2 2 0.118535 0.218108 0.518039 0.092925 0.052392
2 2 0.247255 0.291852 0.333598 0.043565 0.083730
2 2 0.166397 0.262020 0.428248 0.064854 0.078482
1 2 0.265465 0.307454 0.285794 0.031871 0.109417
2 2 0.169031 0.247033 0.468130 0.066627 0.049180
2 2 0.233851 0.294452 0.316760 0.045114 0.109823
2 2 0.181848 0.260465 0.428319 0.064754 0.064615
2 2 0.144234 0.233374 0.504573 0.072175 0.045644
2 2 0.254771 0.293458 0.323810 0.042578 0.085384
2 2 0.235895 0.285672 0.347494 0.049551 0.081388
2 2 0.199131 0.262745 0.425111 0.058389 0.054625
1 1 0.251949 0.302059 0.299742 0.037198 0.109052
2 1 0.240515 0.289142 0.338161 0.046879 0.085303
2 1 0.255406 0.292586 0.323135 0.043611 0.085262
1 2 0.281133 0.305618 0.290038 0.031313 0.091898
0 2 0.409071 0.270932 0.207652 0.024332 0.088013
2 2 0.131035 0.221343 0.532514 0.075685 0.039423
1 2 0.259091 0.307383 0.285178 0.032421 0.115927
1 2 0.268948 0.307952 0.284541 0.031191 0.107368
2 2 0.254418 0.295676 0.316220 0.041643 0.092043
2 2 0.102235 0.198579 0.583881 0.082145 0.033159
2 2 0.268257 0.300814 0.303352 0.036136 0.091441
2 1 0.228470 0.279166 0.363842 0.054367 0.074155
1 1 0.274930 0.301754 0.300327 0.034564 0.088424
2 2 0.258021 0.301226 0.302589 0.037196 0.100968
2 2 0.127287 0.220466 0.532922 0.077895 0.041430
2 2 0.258190 0.297014 0.313002 0.040150 0.091644
2 2 0.279908 0.299510 0.304503 0.035118 0.080961
2 2 0.284280 0.296449 0.309824 0.036058 0.073388
1 2 0.275232 0.311505 0.274109 0.028095 0.111058
2 2 0.260133 0.280465 0.353710 0.047115 0.058577
2 2 0.273601 0.286336 0.331975 0.043734 0.064354
1 2 0.278569 0.308945 0.281571 0.029523 0.101391
2 1 0.162067 0.241512 0.481581 0.068793 0.046047
1 2 0.268485 0.305609 0.291112 0.032889 0.101905
2 2 0.235293 0.291232 0.325335 0.047678 0.100462
2 2 0.121488 0.212971 0.555938 0.074881 0.034722
2 0 0.265726 0.297721 0.310824 0.038521 0.087208
0 0 0.890785 0.061488 0.019281 0.003482 0.024965
0 1 0.727304 0.122986 0.052592 0.011818 0.085301
4 0 0.149175 0.182595 0.094501 0.016603 0.557126
0 1 0.919451 0.047229 0.012730 0.002159 0.018431
4 0 0.143969 0.212426 0.125386 0.019731 0.498487
0 1 0.902315 0.052463 0.015148 0.003234 0.026839
0 1 0.582903 0.198961 0.102087 0.013976 0.102074
0 1 0.432182 0.265870 0.168509 0.018177 0.115262
0 1 0.328248 0.308437 0.242975 0.021789 0.098551
0 1 0.532213 0.227080 0.162922 0.020432 0.057354
4 1 0.137949 0.264363 0.208399 0.030073 0.359215
1 1 0.202265 0.301868 0.242424 0.028597 0.224846
1 1 0.192765 0.292183 0.287908 0.043690 0.183454
1 1 0.184329 0.290400 0.277363 0.042013 0.205895
1 1 0.274188 0.316306 0.257398 0.024502 0.127606
1 1 0.234949 0.302483 0.292732 0.037601 0.132235
1 1 0.259000 0.309368 0.278715 0.030808 0.122109
0 1 0.355034 0.275869 0.190822 0.024080 0.154195
0 1 0.696594 0.148022 0.073116 0.013141 0.069127
1 1 0.232837 0.308871 0.263980 0.030137 0.164175
2 1 0.255100 0.296620 0.313992 0.040877 0.093412
0 1 0.359974 0.285347 0.202321 0.022503 0.129855
1 1 0.255257 0.314598 0.256378 0.025932 0.147835
0 4 0.406013 0.266953 0.198403 0.025210 0.103421
1 1 0.256117 0.308200 0.281869 0.031917 0.121896
0 1 0.331783 0.309526 0.241712 0.020969 0.096009
1 1 0.296318 0.310122 0.275704 0.026668 0.091189
0 1 0.312348 0.288541 0.309792 0.034533 0.054786
1 1 0.281280 0.306147 0.267560 0.029287 0.115726
1 1 0.289045 0.315106 0.258871 0.024346 0.112633
0 1 0.494153 0.229866 0.162541 0.025250 0.088190
0 1 0.621824 0.189795 0.116958 0.016322 0.055102
0 1 0.495567 0.240613 0.179026 0.022031 0.062763
0 1 0.476028 0.257757 0.181220 0.018090 0.066905
0 1 0.584361 0.197175 0.126192 0.020586 0.071686
0 1 0.432781 0.254926 0.169206 0.022199 0.120888
0 1 0.323669 0.286069 0.272872 0.034657 0.082733
1 1 0.196338 0.300012 0.229764 0.026192 0.247694
0 1 0.755966 0.126436 0.062037 0.010973 0.044588
1 1 0.245225 0.301477 0.300028 0.038206 0.115065
0 1 0.349542 0.292009 0.247303 0.026315 0.084832
2 0 0.235919 0.286156 0.337075 0.051602 0.089248
0 0 0.920565 0.046884 0.012576 0.002093 0.017882
0 1 0.688349 0.161224 0.080127 0.011134 0.059167
0 1 0.547763 0.224932 0.135874 0.015724 0.075707
1 1 0.296135 0.313817 0.265695 0.024552 0.099802
0 1 0.574748 0.210893 0.122128 0.015292 0.076939
0 1 0.446209 0.243276 0.207614 0.032537 0.070364
0 1 0.316833 0.308533 0.255553 0.024407 0.094674
0 1 0.316040 0.307392 0.247425 0.023688 0.105456
1 1 0.296611 0.314091 0.264821 0.024337 0.100141
0 1 0.611375 0.196798 0.107614 0.013394 0.070819
0 1 0.316229 0.306964 0.240245 0.023099 0.113463
0 1 0.407321 0.254937 0.222129 0.034506 0.081108
1 1 0.262132 0.311032 0.273424 0.029462 0.123950
0 1 0.342442 0.281314 0.280041 0.033704 0.062498
0 1 0.300828 0.276010 0.264099 0.043325 0.115739
0 1 0.311479 0.276879 0.284613 0.043082 0.083946
1 1 0.278608 0.315349 0.259714 0.025892 0.120438
1 2 0.276700 0.308888 0.281834 0.029763 0.102815
2 2 0.165614 0.246715 0.463139 0.070899 0.053633
1 2 0.250272 0.305917 0.287692 0.034124 0.121995
2 2 0.102833 0.200042 0.577757 0.084262 0.035107
2 2 0.244124 0.294818 0.317785 0.043705 0.099569
2 2 0.223170 0.280198 0.366983 0.053158 0.076491
2 2 0.258062 0.296129 0.315062 0.040775 0.089971
2 2 0.156741 0.240674 0.483381 0.070659 0.048546
2 2 0.252242 0.300246 0.304741 0.038576 0.104194
1 2 0.298732 0.301515 0.294916 0.030864 0.073973
2 2 0.286452 0.292664 0.316516 0.037640 0.066728
0 2 0.325296 0.294073 0.266875 0.029864 0.083894
1 2 0.273726 0.302135 0.299588 0.034504 0.090046
0 2 0.497192 0.226489 0.180617 0.029364 0.066337
0 1 0.430299 0.251033 0.219654 0.032017 0.066998
0 2 0.736197 0.130488 0.066164 0.013347 0.053803
0 2 0.798044 0.101481 0.043567 0.009400 0.047509
0 2 0.754449 0.127352 0.062766 0.011015 0.044418
0 1 0.826244 0.084198 0.032441 0.008141 0.048977
0 2 0.937043 0.032236 0.007167 0.001809 0.021746
0 2 0.886619 0.058738 0.018154 0.004166 0.032323
0 2 0.773970 0.119663 0.056360 0.009557 0.040450
0 1 0.625178 0.185475 0.121154 0.018307 0.049886
0 2 0.707015 0.155076 0.086738 0.012061 0.039109
0 2 0.548916 0.204241 0.150426 0.027814 0.068603
0 2 0.828654 0.090761 0.036019 0.006940 0.037626
0 2 0.729654 0.139033 0.072806 0.012422 0.046086
0 2 0.720410 0.130913 0.067498 0.015900 0.065278
0 2 0.866709 0.063385 0.020697 0.005727 0.043482
0 2 0.917476 0.045148 0.011972 0.002496 0.022907
0 2 0.860345 0.075308 0.026685 0.005185 0.032478
0 2 0.767777 0.118426 0.055902 0.010797 0.047098
0 2 0.711673 0.144790 0.078491 0.014137 0.050908
0 2 0.756941 0.118642 0.056653 0.012451 0.055313
2 2 0.194709 0.227234 0.439863 0.079945 0.058249
0 2 0.576905 0.199288 0.140970 0.023485 0.059351
0 2 0.599675 0.172958 0.122539 0.028074 0.076753
0 2 0.602022 0.190031 0.128451 0.021592 0.057905
0 2 0.313167 0.266512 0.297774 0.050453 0.072093
0 2 0.599477 0.189225 0.128048 0.022458 0.060793
2 2 0.145635 0.233083 0.502811 0.073233 0.045237
2 2 0.086763 0.182695 0.620735 0.082458 0.027350
0 2 0.353053 0.262564 0.273573 0.043683 0.067128
0 2 0.363254 0.254310 0.266853 0.045372 0.070211
2 2 0.251896 0.296488 0.314260 0.041422 0.095934
0 2 0.835935 0.086030 0.033124 0.006702 0.038209
0 2 0.803691 0.106804 0.046550 0.007635 0.035320
0 0 0.840304 0.089444 0.034823 0.005616 0.029812
0 0 0.840920 0.083494 0.031575 0.006432 0.037578
0 0 0.929174 0.038677 0.009429 0.002016 0.020704
0 0 0.584974 0.189347 0.130163 0.025594 0.069922
0 0 0.921886 0.039863 0.009949 0.002488 0.025814
0 1 0.953535 0.023936 0.004536 0.001146 0.016847
0 1 0.863536 0.067973 0.022967 0.005648 0.039875
0 1 0.776148 0.105110 0.046791 0.011919 0.060031
0 1 0.835592 0.085594 0.032898 0.006806 0.039110
0 1 0.529506 0.211305 0.161169 0.029264 0.068756
0 1 0.312192 0.292633 0.224256 0.026590 0.144329
0 1 0.665662 0.164141 0.086349 0.014282 0.069567
0 2 0.421750 0.268536 0.215267 0.024164 0.070284
1 1 0.297401 0.299676 0.282281 0.031776 0.088866
0 0 0.784453 0.117990 0.054636 0.008256 0.034666
0 1 0.823073 0.090884 0.035898 0.007481 0.042665
0 1 0.732708 0.134327 0.066814 0.012334 0.053816
