0 0 0.656989 0.031884 0.010187 0.038256 0.262685
0 0 0.646211 0.035054 0.011952 0.041390 0.265392
0 0 0.516932 0.068680 0.034971 0.061706 0.317711
0 0 0.646494 0.022968 0.005281 0.024200 0.301057
0 0 0.567770 0.060077 0.029903 0.063565 0.278685
0 0 0.713780 0.017440 0.003734 0.023099 0.241947
0 0 0.721330 0.015845 0.003189 0.021312 0.238324
0 0 0.704621 0.019483 0.004484 0.025350 0.246061
0 0 0.618009 0.043873 0.017500 0.049834 0.270785
0 0 0.769094 0.007733 0.000987 0.011641 0.210545
0 0 0.745574 0.011256 0.001821 0.016038 0.225311
0 0 0.722837 0.012540 0.002078 0.016316 0.246229
0 0 0.721982 0.015711 0.003144 0.021160 0.238002
0 0 0.700992 0.020326 0.004809 0.026266 0.247607
0 0 0.740546 0.012167 0.002067 0.017064 0.228157
0 0 0.727923 0.014281 0.002678 0.019419 0.235699
0 0 0.709945 0.018281 0.004036 0.024031 0.243707
0 0 0.614339 0.031663 0.009034 0.031581 0.313383
0 0 0.617279 0.027464 0.006935 0.026796 0.321525
4 0 0.378470 0.059068 0.020306 0.029084 0.513072
4 0 0.229363 0.064789 0.021081 0.018188 0.666579
4 0 0.344016 0.047261 0.012896 0.019678 0.576150
4 0 0.240334 0.087131 0.037303 0.027501 0.607731
4 0 0.216405 0.126887 0.078464 0.041452 0.536792
4 1 0.096438 0.119808 0.064308 0.017648 0.701798
4 1 0.164168 0.093994 0.040979 0.020681 0.680179
4 1 0.368175 0.056115 0.018207 0.026313 0.531190
4 1 0.207119 0.070399 0.024268 0.018130 0.680083
4 1 0.273636 0.080310 0.032800 0.028604 0.584649
4 1 0.226482 0.079429 0.030873 0.022980 0.640236
4 0 0.281313 0.118798 0.073992 0.051515 0.474383
4 0 0.259814 0.052995 0.014966 0.016854 0.655372
4 1 0.202523 0.061195 0.018662 0.015035 0.702584
4 1 0.285712 0.090352 0.041865 0.035123 0.546947
0 0 0.346285 0.138407 0.135785 0.107817 0.271707
4 0 0.245803 0.063314 0.020425 0.019007 0.651450
4 1 0.168849 0.075646 0.027200 0.016256 0.712048
4 0 0.348409 0.109404 0.068908 0.061606 0.411673
4 0 0.382000 0.092273 0.050045 0.054183 0.421499
4 0 0.162469 0.071828 0.024627 0.014750 0.726327
4 0 0.219824 0.083843 0.034072 0.023841 0.638420
4 1 0.260108 0.127606 0.084241 0.052305 0.475741
4 1 0.170460 0.181052 0.177507 0.062196 0.408785
4 1 0.086758 0.184896 0.165367 0.031797 0.531182
4 1 0.258781 0.164153 0.171738 0.093771 0.311556
0 0 0.402573 0.121846 0.113225 0.112307 0.250048
0 0 0.600889 0.047761 0.019931 0.052077 0.279342
0 0 0.547312 0.068389 0.037934 0.071604 0.274761
0 0 0.544110 0.069555 0.039096 0.072586 0.274654
0 0 0.714283 0.017331 0.003696 0.022978 0.241712
0 0 0.647175 0.016141 0.002761 0.016092 0.317831
0 0 0.523294 0.038338 0.010938 0.028487 0.398943
0 0 0.645789 0.025695 0.006513 0.027651 0.294353
0 0 0.620190 0.027664 0.008056 0.041927 0.302163
0 0 0.629007 0.032808 0.010014 0.035101 0.293070
0 0 0.661685 0.030541 0.009477 0.036910 0.261388
0 0 0.677018 0.026329 0.007393 0.032615 0.256645
0 0 0.697801 0.021081 0.005109 0.027082 0.248927
0 0 0.654547 0.027345 0.007493 0.030991 0.279623
0 0 0.401675 0.108910 0.077640 0.080335 0.331440
4 1 0.188483 0.176364 0.171091 0.066524 0.397538
0 1 0.440735 0.087694 0.050402 0.064888 0.356281
0 0 0.698304 0.020961 0.005061 0.026952 0.248721
0 0 0.699904 0.020582 0.004910 0.026543 0.248061
0 0 0.742983 0.011440 0.001859 0.016070 0.227648
0 0 0.704333 0.018469 0.004050 0.023722 0.249426
0 0 0.746191 0.011192 0.001803 0.015904 0.224910
0 0 0.739135 0.012418 0.002137 0.017360 0.228950
0 0 0.732970 0.013551 0.002466 0.018684 0.232329
0 0 0.699350 0.020713 0.004962 0.026685 0.248291
0 0 0.687512 0.023610 0.006166 0.029775 0.252937
0 0 0.729482 0.014217 0.002668 0.019455 0.234178
0 0 0.709716 0.018332 0.004055 0.024087 0.243810
0 0 0.599346 0.050063 0.021955 0.055547 0.273089
0 0 0.554837 0.062116 0.032667 0.072204 0.278177
0 0 0.473688 0.085191 0.059993 0.105113 0.276015
0 0 0.505056 0.070258 0.043046 0.098104 0.283536
0 0 0.604778 0.048236 0.020592 0.053878 0.272517
0 0 0.603861 0.048543 0.020818 0.054159 0.272619
0 0 0.620138 0.037450 0.012724 0.040256 0.289432
0 0 0.707903 0.018738 0.004204 0.024534 0.244622
0 0 0.656276 0.022859 0.005352 0.025023 0.290491
4 0 0.419404 0.058656 0.021107 0.033424 0.467409
0 0 0.625247 0.036057 0.011952 0.039117 0.287628
0 0 0.700489 0.017795 0.003738 0.022303 0.255675
0 0 0.705585 0.019263 0.004400 0.025110 0.245642
0 0 0.693663 0.022081 0.005517 0.028153 0.250585
0 0 0.692142 0.022455 0.005673 0.028552 0.251179
0 0 0.679461 0.025684 0.007093 0.031946 0.255816
0 0 0.733771 0.013401 0.002421 0.018510 0.231897
0 0 0.690750 0.021691 0.005289 0.027176 0.255094
0 1 0.475161 0.086729 0.053889 0.075672 0.308550
4 1 0.266620 0.145191 0.117444 0.069422 0.401322
4 1 0.229758 0.174428 0.193289 0.091792 0.310733
4 2 0.109556 0.215194 0.298811 0.066817 0.309621
4 2 0.096241 0.211390 0.252585 0.050006 0.389779
4 2 0.096094 0.213948 0.266245 0.052515 0.371197
2 2 0.090308 0.222055 0.342489 0.064726 0.280421
2 2 0.077552 0.220493 0.413617 0.067371 0.220968
2 2 0.179363 0.193051 0.299829 0.113279 0.214478
2 2 0.112908 0.215146 0.315104 0.073001 0.283841
2 2 0.146246 0.202751 0.335516 0.103791 0.211697
2 2 0.068033 0.227771 0.392474 0.058493 0.253229
2 2 0.113172 0.214315 0.352465 0.083890 0.236158
2 3 0.095389 0.220529 0.348882 0.069756 0.265444
0 3 0.298345 0.156487 0.200391 0.133252 0.211525
4 3 0.299756 0.148594 0.140375 0.092423 0.318852
2 3 0.070822 0.226902 0.391770 0.060601 0.249905
2 3 0.083129 0.222854 0.387954 0.069772 0.236291
2 3 0.090040 0.202524 0.462168 0.081554 0.163714
2 2 0.084170 0.222498 0.387586 0.070538 0.235208
2 2 0.089205 0.220753 0.385716 0.074225 0.230102
2 2 0.086720 0.218441 0.403830 0.073812 0.217198
2 2 0.071220 0.207838 0.480211 0.066943 0.173789
2 3 0.097520 0.200054 0.455745 0.087263 0.159417
2 3 0.084426 0.174374 0.552254 0.085201 0.103745
2 3 0.178107 0.186377 0.338829 0.135003 0.161684
2 3 0.146917 0.198912 0.357350 0.114514 0.182306
0 3 0.365799 0.129978 0.134995 0.127219 0.242010
0 3 0.491760 0.083371 0.051444 0.076742 0.296683
0 3 0.594101 0.051845 0.023325 0.057163 0.273566
0 0 0.596547 0.051011 0.022680 0.056409 0.273352
0 0 0.560771 0.056283 0.025357 0.055292 0.302298
0 0 0.628439 0.033305 0.010299 0.035708 0.292249
0 1 0.438625 0.075396 0.036012 0.050610 0.399358
0 0 0.599356 0.050059 0.021953 0.055544 0.273088
0 0 0.577728 0.057514 0.027942 0.062222 0.274594
0 0 0.677027 0.026327 0.007392 0.032613 0.256642
0 0 0.681000 0.025281 0.006909 0.031527 0.255283
0 0 0.648057 0.034503 0.011636 0.040849 0.264955
0 0 0.748965 0.010492 0.001629 0.015405 0.223509
0 0 0.703281 0.017055 0.003479 0.021461 0.254724
4 0 0.361346 0.088682 0.044444 0.046782 0.458745
4 1 0.330350 0.082462 0.036724 0.037276 0.513188
4 1 0.099344 0.186510 0.171012 0.036734 0.506400
4 1 0.217648 0.164475 0.148735 0.068248 0.400894
0 0 0.551528 0.043003 0.014344 0.036515 0.354611
0 0 0.543865 0.030679 0.007450 0.023429 0.394577
0 0 0.669428 0.022799 0.005498 0.026339 0.275936
0 0 0.689733 0.013598 0.002340 0.018926 0.275402
0 0 0.674686 0.015901 0.002850 0.017569 0.288994
0 0 0.595923 0.033129 0.009472 0.031092 0.330384
4 1 0.218468 0.163020 0.145155 0.067119 0.406238
0 0 0.638304 0.036730 0.012847 0.042551 0.269567
0 0 0.654038 0.025426 0.006511 0.028237 0.285788
0 0 0.711625 0.017910 0.003902 0.023621 0.242942
4 0 0.429113 0.040659 0.010697 0.022124 0.497408
0 0 0.741409 0.012015 0.002025 0.016884 0.227668
0 1 0.422955 0.089831 0.051138 0.062225 0.373851
0 0 0.691125 0.017440 0.003514 0.020919 0.267001
0 0 0.608491 0.027190 0.006726 0.026171 0.331422
0 0 0.670286 0.028144 0.008264 0.034481 0.258824
0 0 0.624678 0.041725 0.016062 0.047812 0.269723
0 0 0.649686 0.034019 0.011362 0.040373 0.264560
0 0 0.667525 0.017249 0.003255 0.018764 0.293207
0 0 0.691901 0.021081 0.005026 0.026371 0.255623
4 0 0.263479 0.153833 0.137894 0.078393 0.366402
4 0 0.425805 0.071417 0.031478 0.044479 0.426821
0 0 0.504957 0.041040 0.012082 0.029018 0.412903
0 0 0.723072 0.015489 0.003072 0.020908 0.237459
0 1 0.502959 0.067261 0.032264 0.055988 0.341528
0 0 0.694854 0.021791 0.005397 0.027844 0.250114
0 1 0.518122 0.066412 0.032556 0.058774 0.324136
0 1 0.398995 0.111352 0.081817 0.083106 0.324730
0 0 0.601754 0.027927 0.006934 0.025779 0.337606
0 0 0.691371 0.022645 0.005753 0.028754 0.251477
0 0 0.542677 0.063047 0.030961 0.060710 0.302605
0 0 0.727965 0.014513 0.002760 0.019794 0.234968
0 0 0.731885 0.013756 0.002528 0.018922 0.232909
0 0 0.636292 0.025679 0.006366 0.026596 0.305066
0 0 0.582128 0.053841 0.024447 0.057165 0.282419
0 0 0.564932 0.047668 0.018111 0.044225 0.325064
0 0 0.646599 0.034938 0.011885 0.041277 0.265301
0 0 0.747135 0.011034 0.001761 0.015714 0.224356
0 0 0.692934 0.022260 0.005591 0.028344 0.250871
0 0 0.684284 0.011006 0.001544 0.013610 0.289556
0 0 0.624063 0.022597 0.004885 0.021779 0.326677
0 0 0.631124 0.026691 0.006770 0.027315 0.308100
0 0 0.700645 0.020407 0.004841 0.026354 0.247752
0 0 0.513170 0.026164 0.005310 0.017569 0.437788
0 0 0.651324 0.033535 0.011091 0.039896 0.264154
0 0 0.608091 0.022777 0.004805 0.020728 0.343599
0 0 0.508842 0.041945 0.012671 0.030221 0.406321
0 0 0.560904 0.035559 0.010124 0.029748 0.363665
0 0 0.547880 0.029734 0.007081 0.022957 0.392347
0 0 0.693309 0.017738 0.003647 0.021540 0.263766
0 0 0.596344 0.025819 0.005927 0.023013 0.348897
0 0 0.680056 0.013627 0.002177 0.015044 0.289096
0 0 0.554768 0.061698 0.030534 0.062189 0.290811
0 0 0.552654 0.045352 0.015962 0.039326 0.346707
0 0 0.609391 0.029932 0.008028 0.028879 0.323770
0 0 0.418900 0.080317 0.039696 0.051242 0.409846
0 0 0.334199 0.141757 0.139685 0.105619 0.278740
0 0 0.590936 0.034204 0.009967 0.031743 0.333150
0 0 0.674383 0.027033 0.007726 0.033341 0.257517
0 0 0.622553 0.016185 0.002645 0.014767 0.343850
0 0 0.677622 0.017125 0.003288 0.019369 0.282595
0 0 0.733316 0.011817 0.002018 0.019061 0.233787
4 0 0.356889 0.032572 0.006622 0.013463 0.590455
4 0 0.458048 0.029267 0.006062 0.016669 0.489954
0 0 0.519701 0.038240 0.010822 0.028039 0.403198
4 0 0.187665 0.134075 0.085737 0.038633 0.553890
4 1 0.222550 0.118639 0.068400 0.038621 0.551790
4 1 0.107218 0.203400 0.224415 0.049479 0.415488
4 1 0.140258 0.159453 0.120817 0.038100 0.541372
0 0 0.543185 0.069892 0.039436 0.072869 0.274618
0 0 0.720228 0.015410 0.003071 0.021772 0.239520
4 1 0.245865 0.132237 0.089488 0.051687 0.480723
0 0 0.609767 0.046575 0.019388 0.052348 0.271921
0 0 0.618926 0.021589 0.004445 0.020259 0.334781
0 0 0.555516 0.041398 0.013423 0.035301 0.354363
0 0 0.693803 0.018466 0.003936 0.022646 0.261149
0 0 0.749535 0.010637 0.001659 0.015237 0.222932
0 0 0.638133 0.029610 0.008389 0.031979 0.291889
0 0 0.696689 0.021348 0.005216 0.027368 0.249379
0 0 0.670482 0.024759 0.006450 0.029298 0.269011
0 0 0.639679 0.028762 0.007962 0.031025 0.292571
4 0 0.299227 0.062631 0.020897 0.023281 0.593964
0 0 0.557499 0.026797 0.005972 0.021482 0.388249
0 0 0.501694 0.050419 0.017858 0.037178 0.392851
4 0 0.357297 0.109163 0.069807 0.064039 0.399693
4 0 0.390881 0.086236 0.043944 0.050729 0.428210
4 1 0.204584 0.106140 0.053475 0.030115 0.605686
4 1 0.236544 0.105084 0.053953 0.034720 0.569698
4 0 0.319812 0.129032 0.097309 0.072962 0.380885
0 0 0.561816 0.046628 0.017201 0.042353 0.332002
4 1 0.232204 0.164749 0.155867 0.076040 0.371140
4 1 0.374123 0.084177 0.040658 0.045707 0.455335
4 1 0.066580 0.087642 0.035451 0.008789 0.801539
4 1 0.048422 0.105939 0.051425 0.008624 0.785590
4 1 0.054512 0.124722 0.070302 0.011679 0.738784
4 0 0.218956 0.059508 0.017944 0.015881 0.687711
4 1 0.087110 0.099141 0.044486 0.012702 0.756562
4 1 0.072735 0.075109 0.026783 0.008140 0.817233
4 1 0.082824 0.074255 0.025936 0.008657 0.808327
4 4 0.095534 0.034695 0.007338 0.006479 0.855953
4 4 0.126657 0.047465 0.011452 0.007373 0.807053
4 4 0.075069 0.055635 0.015638 0.006175 0.847483
4 4 0.085304 0.032170 0.006437 0.005466 0.870623
4 4 0.070745 0.104329 0.049227 0.011423 0.764276
4 4 0.124659 0.059911 0.018083 0.010840 0.786506
4 4 0.116848 0.087099 0.034846 0.013875 0.747332
4 4 0.060989 0.070009 0.024023 0.006893 0.838087
4 4 0.091655 0.116974 0.063391 0.018516 0.709464
4 1 0.162611 0.184640 0.185383 0.061701 0.405664
4 1 0.136205 0.190708 0.193140 0.054031 0.425917
2 1 0.111219 0.215351 0.308329 0.070180 0.294921
4 1 0.111060 0.214957 0.300725 0.068175 0.305083
4 1 0.056935 0.185562 0.165259 0.022251 0.569992
4 1 0.080958 0.186026 0.167325 0.030241 0.535451
4 1 0.038844 0.221639 0.276259 0.024797 0.438462
2 2 0.043881 0.234117 0.394836 0.039681 0.287486
4 2 0.052305 0.221592 0.301890 0.032478 0.391736
4 2 0.048745 0.230824 0.339790 0.036782 0.343860
4 2 0.058384 0.220748 0.276040 0.034985 0.409844
4 2 0.066401 0.215881 0.256408 0.036519 0.424792
2 2 0.034792 0.230437 0.407625 0.030828 0.296318
2 2 0.060894 0.204001 0.513077 0.060052 0.161976
2 2 0.041582 0.226698 0.420153 0.035660 0.275907
2 2 0.038141 0.224336 0.468001 0.037711 0.231811
2 2 0.034692 0.191794 0.596829 0.039346 0.137339
2 2 0.040838 0.187887 0.597856 0.045632 0.127787
2 2 0.036249 0.162187 0.670201 0.044374 0.086988
2 3 0.045827 0.151170 0.675708 0.055559 0.071736
2 3 0.043115 0.204544 0.542626 0.045276 0.164440
2 3 0.221519 0.180767 0.251470 0.117327 0.228917
0 0 0.616442 0.044383 0.017849 0.050311 0.271016
0 0 0.576258 0.058030 0.028382 0.062677 0.274653
0 0 0.591852 0.035967 0.011002 0.033949 0.327230
4 1 0.323139 0.081467 0.035538 0.035634 0.524222
4 1 0.294600 0.121787 0.080031 0.057297 0.446285
4 1 0.148586 0.146135 0.099809 0.034847 0.570622
4 1 0.151068 0.195744 0.221558 0.067531 0.364099
4 1 0.076351 0.185056 0.164721 0.028414 0.545457
4 1 0.082043 0.168377 0.131615 0.025465 0.592499
0 1 0.460481 0.067992 0.030232 0.047605 0.393689
4 1 0.172045 0.135212 0.085991 0.035739 0.571013
0 1 0.529972 0.074736 0.044484 0.076897 0.273912
0 0 0.410896 0.098650 0.061913 0.069248 0.359294
2 1 0.075995 0.225668 0.339052 0.054446 0.304839
4 1 0.135045 0.203510 0.246978 0.067216 0.347251
2 1 0.080376 0.224692 0.341415 0.057790 0.295727
4 1 0.106594 0.208540 0.246428 0.053637 0.384800
4 2 0.083876 0.186269 0.168199 0.031302 0.530354
2 2 0.064946 0.112837 0.628086 0.125088 0.069043
2 2 0.050090 0.217668 0.480589 0.048677 0.202977
4 2 0.077713 0.207047 0.225712 0.037368 0.452160
2 2 0.054784 0.228500 0.372344 0.042657 0.301715
4 2 0.083346 0.221595 0.305393 0.052929 0.336737
4 2 0.274588 0.120289 0.075318 0.050905 0.478900
0 2 0.420130 0.089922 0.050940 0.061528 0.377480
4 2 0.187108 0.160435 0.130452 0.052788 0.469216
4 2 0.134171 0.198421 0.220472 0.059953 0.386983
2 2 0.040594 0.214496 0.509590 0.041513 0.193806
2 3 0.024916 0.072941 0.819787 0.059396 0.022960
2 3 0.042215 0.129303 0.708899 0.061393 0.058191
2 3 0.035616 0.119990 0.747727 0.051421 0.045246
2 3 0.042868 0.108928 0.720168 0.078070 0.049966
2 3 0.054638 0.154139 0.633658 0.070188 0.087377
2 3 0.037528 0.071569 0.726027 0.126137 0.038738
2 3 0.029781 0.065100 0.775012 0.101167 0.028941
2 3 0.021133 0.046255 0.782598 0.124856 0.025159
2 3 0.036037 0.049044 0.542937 0.313036 0.058945
2 3 0.046542 0.052898 0.429663 0.391505 0.079393
2 3 0.029267 0.037410 0.475540 0.401107 0.056677
2 3 0.027153 0.040486 0.580378 0.305321 0.046661
3 3 0.012871 0.011234 0.157399 0.774079 0.044416
2 3 0.022488 0.029609 0.469831 0.429912 0.048160
3 3 0.022471 0.022753 0.278503 0.618185 0.058088
3 3 0.017222 0.014496 0.151596 0.763767 0.052920
3 3 0.033617 0.029233 0.216716 0.641667 0.078767
3 3 0.015131 0.012688 0.142216 0.781104 0.048861
3 3 0.032652 0.032570 0.303928 0.558306 0.072544
3 3 0.025719 0.030953 0.410152 0.477551 0.055626
3 3 0.039494 0.033856 0.215549 0.624694 0.086407
3 3 0.012514 0.010516 0.133387 0.800123 0.043459
3 3 0.010303 0.008142 0.095563 0.847934 0.038059
3 3 0.010664 0.008831 0.117938 0.823325 0.039241
3 3 0.013070 0.011131 0.143275 0.787802 0.044722
3 3 0.012848 0.010671 0.128455 0.803924 0.044102
3 3 0.018717 0.015790 0.157731 0.752077 0.055685
3 3 0.022010 0.019105 0.187214 0.710187 0.061483
3 3 0.012118 0.009754 0.110198 0.825628 0.042302
3 3 0.010501 0.008757 0.120625 0.821206 0.038910
3 3 0.015846 0.013626 0.160263 0.759873 0.050392
3 3 0.008593 0.006639 0.080588 0.870429 0.033751
3 3 0.007813 0.006070 0.079335 0.874977 0.031805
3 3 0.020688 0.017273 0.156916 0.746003 0.059120
3 3 0.040700 0.033816 0.193087 0.644364 0.088033
3 3 0.003587 0.002450 0.032458 0.942971 0.018535
3 3 0.037707 0.030281 0.165095 0.682681 0.084236
3 3 0.108530 0.080666 0.241497 0.419888 0.149419
0 3 0.564745 0.062109 0.031978 0.066235 0.274933
2 3 0.164581 0.192215 0.345545 0.125325 0.172333
2 3 0.069436 0.227811 0.379551 0.057170 0.266032
2 3 0.102738 0.198669 0.437353 0.093139 0.168101
2 3 0.060040 0.091595 0.624919 0.160207 0.063238
4 3 0.053734 0.194795 0.186951 0.023352 0.541169
2 2 0.082669 0.199375 0.487007 0.077419 0.153530
2 3 0.046956 0.083905 0.694397 0.128414 0.046327
4 3 0.113903 0.206616 0.292192 0.058788 0.328501
2 3 0.070079 0.220996 0.402959 0.055079 0.250887
2 3 0.050851 0.186943 0.582789 0.054840 0.124578
4 3 0.047599 0.217426 0.268705 0.027653 0.438617
4 3 0.058064 0.183283 0.160319 0.022097 0.576236
4 3 0.036213 0.161702 0.122456 0.012288 0.667341
4 2 0.054981 0.150891 0.103710 0.015358 0.675059
4 2 0.035841 0.154342 0.110870 0.011355 0.687592
4 2 0.038237 0.163347 0.124830 0.013021 0.660565
4 2 0.130412 0.168839 0.137166 0.039309 0.524273
4 2 0.034350 0.179675 0.155604 0.014027 0.616344
4 2 0.052668 0.214028 0.245377 0.028803 0.459124
4 2 0.044470 0.167033 0.130219 0.015185 0.643093
4 2 0.064005 0.206278 0.219995 0.030930 0.478792
4 2 0.052860 0.192734 0.181893 0.022540 0.549972
4 2 0.126476 0.173513 0.146160 0.040176 0.513675
4 2 0.050446 0.088213 0.037732 0.008260 0.815348
4 2 0.036577 0.180120 0.156004 0.014792 0.612506
4 2 0.164471 0.110406 0.056190 0.025555 0.643378
0 2 0.325242 0.139419 0.124712 0.091784 0.318843
0 2 0.468408 0.097647 0.073004 0.094970 0.265971
0 2 0.481296 0.092836 0.066333 0.091306 0.268229
0 0 0.595313 0.051431 0.023004 0.056789 0.273462
0 0 0.505376 0.042309 0.013581 0.036862 0.401872
0 0 0.407323 0.097534 0.059737 0.066656 0.368750
4 0 0.180841 0.193047 0.248477 0.091248 0.286388
2 1 0.108691 0.213685 0.377347 0.088212 0.212065
2 1 0.163279 0.199524 0.283597 0.094756 0.258844
4 1 0.183638 0.189422 0.222911 0.082836 0.321193
0 1 0.442280 0.094004 0.059780 0.074224 0.329712
4 1 0.244497 0.169344 0.182802 0.093279 0.310078
4 1 0.213902 0.162976 0.143464 0.065048 0.414610
4 1 0.121753 0.207016 0.252505 0.062176 0.356550
4 1 0.173783 0.195032 0.250123 0.088025 0.293036
4 1 0.251289 0.152424 0.129615 0.070666 0.396006
4 1 0.367671 0.090945 0.047337 0.049856 0.444190
4 1 0.062832 0.139818 0.088145 0.015307 0.693898
4 1 0.080871 0.085805 0.033896 0.010020 0.789407
0 0 0.639483 0.032578 0.010140 0.036384 0.281414
4 1 0.460029 0.036677 0.009400 0.023647 0.470247
4 1 0.082261 0.158368 0.114664 0.023071 0.621636
4 1 0.136644 0.127851 0.074407 0.026283 0.634815
0 1 0.541519 0.070500 0.040052 0.073379 0.274550
4 1 0.403769 0.044460 0.012256 0.022550 0.516965
4 1 0.198425 0.163207 0.139323 0.058911 0.440133
4 1 0.119570 0.170437 0.138808 0.036719 0.534465
4 1 0.248346 0.126136 0.080650 0.048351 0.496517
4 1 0.080225 0.181773 0.157815 0.028668 0.551519
4 1 0.196422 0.116162 0.063808 0.032731 0.590877
0 1 0.409548 0.099223 0.062577 0.069526 0.359126
0 0 0.473159 0.045280 0.013872 0.029279 0.438410
4 1 0.145856 0.115156 0.060465 0.024149 0.654375
4 1 0.070650 0.136533 0.083757 0.016283 0.692776
4 1 0.102459 0.139471 0.087766 0.022988 0.647317
4 1 0.083841 0.154890 0.109249 0.022641 0.629379
4 1 0.058320 0.183319 0.160392 0.022186 0.575783
0 0 0.479805 0.030959 0.006941 0.019490 0.462804
4 0 0.387684 0.046009 0.013776 0.028781 0.523750
0 0 0.583342 0.055343 0.026077 0.060111 0.275126
0 0 0.666520 0.029183 0.008781 0.035538 0.259977
0 0 0.629272 0.040267 0.015118 0.046427 0.268916
0 0 0.629793 0.031803 0.009443 0.033831 0.295130
0 0 0.609428 0.022822 0.004835 0.020878 0.342037
0 0 0.611942 0.025514 0.006156 0.026669 0.329719
0 0 0.624546 0.030834 0.008785 0.031826 0.304009
0 0 0.621892 0.033763 0.010412 0.035358 0.298574
4 0 0.323499 0.123758 0.088109 0.068329 0.396306
0 0 0.545213 0.034186 0.009141 0.026788 0.384672
0 0 0.529266 0.047438 0.016658 0.038104 0.368534
0 0 0.471938 0.069413 0.032269 0.051407 0.374973
4 0 0.329568 0.095216 0.049218 0.045460 0.480538
4 0 0.359551 0.106379 0.066007 0.061852 0.406210
4 0 0.162807 0.172679 0.152058 0.052276 0.460179
4 1 0.067238 0.134427 0.081209 0.015302 0.701824
4 1 0.158174 0.162909 0.129883 0.044917 0.504117
4 1 0.037451 0.100636 0.048351 0.007225 0.806336
4 1 0.040466 0.132443 0.080356 0.010031 0.736704
4 1 0.052797 0.137551 0.085700 0.013014 0.710938
4 1 0.096481 0.136745 0.084088 0.021201 0.661485
4 1 0.069686 0.164516 0.124631 0.021321 0.619845
4 1 0.070189 0.149524 0.101225 0.018477 0.660584
4 1 0.051859 0.165371 0.126675 0.016885 0.639210
4 1 0.090401 0.170692 0.136321 0.028396 0.574189
4 1 0.064713 0.209894 0.232355 0.032723 0.460315
4 2 0.125780 0.148715 0.101904 0.030516 0.593085
4 2 0.067129 0.167357 0.129531 0.021257 0.614726
4 2 0.146083 0.186444 0.185260 0.055177 0.427036
4 2 0.055514 0.186613 0.167614 0.022027 0.568233
4 2 0.120806 0.174981 0.148352 0.039015 0.516846
0 2 0.298026 0.152451 0.154638 0.100506 0.294378
0 0 0.541970 0.070335 0.039885 0.073241 0.274569
4 0 0.189956 0.170858 0.155773 0.061878 0.421535
4 0 0.329923 0.120855 0.084226 0.067462 0.397534
0 0 0.471583 0.080343 0.044421 0.064648 0.339005
0 0 0.421463 0.099331 0.064733 0.074056 0.340418
0 0 0.578828 0.052734 0.023148 0.054470 0.290821
0 0 0.618812 0.037178 0.012498 0.039631 0.291880
4 0 0.351520 0.092143 0.047447 0.047507 0.461384
4 0 0.115896 0.146020 0.097330 0.027493 0.613261
4 0 0.110794 0.199748 0.212583 0.048581 0.428294
4 1 0.147933 0.191538 0.201782 0.060718 0.398029
4 1 0.170409 0.178856 0.170837 0.060162 0.419735
4 1 0.300254 0.149111 0.142580 0.093946 0.314109
0 0 0.328714 0.136955 0.119060 0.089256 0.326016
0 0 0.384819 0.117746 0.091522 0.086990 0.318923
4 1 0.192960 0.176920 0.175111 0.069517 0.385491
4 1 0.184310 0.160117 0.129203 0.051639 0.474731
4 1 0.241613 0.147197 0.115360 0.061710 0.434119
4 1 0.177378 0.189261 0.214353 0.076877 0.342131
4 1 0.218602 0.172962 0.176396 0.079668 0.352372
4 1 0.202216 0.173453 0.168500 0.070482 0.385349
0 1 0.609115 0.046791 0.019543 0.052548 0.272003
0 1 0.412899 0.090205 0.050522 0.059857 0.386518
0 0 0.679313 0.023206 0.005833 0.028088 0.263561
4 0 0.296476 0.142514 0.120715 0.079897 0.360398
4 1 0.152261 0.183002 0.175944 0.055385 0.433408
0 1 0.476486 0.062280 0.026014 0.044833 0.390387
0 0 0.483265 0.092101 0.065347 0.090740 0.268547
0 0 0.419352 0.115776 0.101967 0.108135 0.254770
0 0 0.552439 0.066530 0.036118 0.070029 0.274884
0 0 0.476807 0.094513 0.068613 0.092591 0.267477
0 1 0.595303 0.051435 0.023007 0.056793 0.273463
0 1 0.562076 0.063062 0.032850 0.067059 0.274953
0 1 0.585961 0.054644 0.025555 0.059676 0.274163
0 1 0.569215 0.060518 0.030550 0.064854 0.274863
0 1 0.537949 0.071806 0.041392 0.074469 0.274384
0 2 0.558098 0.064490 0.034176 0.068286 0.274950
0 2 0.555279 0.065505 0.035135 0.069155 0.274927
0 2 0.527861 0.075513 0.045324 0.077537 0.273765
0 2 0.556693 0.064995 0.034652 0.068719 0.274941
0 2 0.551036 0.067038 0.036610 0.070460 0.274856
0 2 0.567849 0.061003 0.030982 0.065277 0.274889
0 2 0.557750 0.064615 0.034293 0.068393 0.274948
0 2 0.530528 0.074531 0.044264 0.076728 0.273949
0 2 0.519444 0.078624 0.048771 0.080077 0.273083
0 2 0.541047 0.070672 0.040228 0.073523 0.274530
0 2 0.551136 0.067002 0.036574 0.070429 0.274858
0 2 0.547280 0.068401 0.037946 0.071614 0.274760
0 2 0.500229 0.085768 0.057214 0.085798 0.270990
0 2 0.493184 0.088396 0.060513 0.087864 0.270042
0 3 0.549575 0.067568 0.037126 0.070909 0.274822
0 3 0.456970 0.101908 0.079245 0.098155 0.263721
0 3 0.300828 0.155748 0.197935 0.132871 0.212618
0 3 0.338790 0.143173 0.154834 0.119507 0.243696
0 3 0.430456 0.111714 0.094903 0.105275 0.257653
2 3 0.141449 0.200196 0.351971 0.095466 0.210918
2 3 0.196136 0.176427 0.338803 0.136881 0.151753
4 0 0.278651 0.134919 0.099484 0.063764 0.423183
4 0 0.237568 0.168822 0.173843 0.086057 0.333710
4 1 0.210381 0.174158 0.175476 0.076135 0.363850
2 1 0.074480 0.223567 0.403779 0.064254 0.233920
2 1 0.087065 0.221499 0.386528 0.072662 0.232246
2 2 0.099604 0.219034 0.353904 0.074080 0.253378
4 2 0.151646 0.200993 0.254953 0.077902 0.314507
2 2 0.091009 0.181514 0.522233 0.088316 0.116928
2 2 0.069402 0.224934 0.407159 0.060499 0.238005
4 2 0.178472 0.186582 0.202543 0.073305 0.359098
2 2 0.096273 0.218241 0.382871 0.079348 0.223267
2 3 0.143505 0.204259 0.332047 0.100143 0.220045
4 3 0.223777 0.176897 0.200124 0.092233 0.306969
4 3 0.263282 0.157117 0.147733 0.083206 0.348661
0 3 0.399810 0.122837 0.115147 0.112976 0.249229
0 3 0.280997 0.161497 0.218131 0.135718 0.203657
2 3 0.176700 0.186948 0.339695 0.134097 0.162560
2 3 0.236823 0.170647 0.278695 0.137453 0.176382
2 3 0.230621 0.174196 0.275937 0.140739 0.178507
0 2 0.297236 0.156816 0.201495 0.133419 0.211034
0 2 0.406602 0.120397 0.110456 0.111323 0.251222
0 1 0.418320 0.116152 0.102639 0.108397 0.254492
0 1 0.526659 0.075957 0.045807 0.077901 0.273676
0 1 0.575123 0.058430 0.028725 0.063028 0.274695
0 1 0.590522 0.053071 0.024290 0.058268 0.273850
0 1 0.599369 0.050055 0.021949 0.055540 0.273087
0 1 0.540721 0.070791 0.040349 0.073623 0.274515
0 1 0.577800 0.057489 0.027920 0.062200 0.274591
0 1 0.556376 0.065109 0.034760 0.068817 0.274938
0 1 0.584919 0.055006 0.025850 0.059999 0.274227
0 1 0.554847 0.065661 0.035283 0.069288 0.274921
0 1 0.583963 0.055338 0.026122 0.060294 0.274283
0 1 0.576722 0.057867 0.028243 0.062533 0.274635
0 1 0.574873 0.058518 0.028800 0.063105 0.274704
0 1 0.582973 0.055682 0.026406 0.060600 0.274339
0 1 0.555726 0.065344 0.034982 0.069017 0.274932
0 1 0.608454 0.047011 0.019700 0.052750 0.272085
0 1 0.581055 0.056350 0.026961 0.061193 0.274440
0 1 0.568035 0.060937 0.030923 0.065219 0.274886
0 1 0.590338 0.053134 0.024340 0.058325 0.273863
0 1 0.571076 0.059858 0.029968 0.064279 0.274819
0 1 0.579073 0.057043 0.027543 0.061806 0.274535
0 1 0.559493 0.063989 0.033707 0.067856 0.274955
0 1 0.589761 0.053333 0.024498 0.058503 0.273905
0 1 0.584788 0.055051 0.025887 0.060039 0.274235
0 1 0.561681 0.063204 0.032980 0.067181 0.274954
0 1 0.572790 0.059252 0.029437 0.063749 0.274771
0 1 0.369610 0.133463 0.137466 0.119926 0.239534
0 1 0.298985 0.156297 0.199756 0.133154 0.211807
4 1 0.162932 0.138319 0.089589 0.035027 0.574134
4 1 0.046164 0.230954 0.337830 0.034884 0.350168
4 1 0.074079 0.209798 0.234549 0.037071 0.444504
2 1 0.075930 0.225976 0.346886 0.055826 0.295382
4 1 0.055833 0.208929 0.227636 0.028358 0.479244
4 1 0.041523 0.197060 0.193658 0.019394 0.548365
4 1 0.082774 0.188312 0.172886 0.031629 0.524399
4 1 0.050335 0.198365 0.196258 0.022991 0.532050
4 1 0.154155 0.181315 0.171816 0.054924 0.437790
4 1 0.054872 0.224359 0.294270 0.035246 0.391252
2 1 0.058322 0.223409 0.436473 0.052907 0.228888
2 2 0.043258 0.187287 0.595333 0.047952 0.126169
2 2 0.040427 0.231173 0.396057 0.034872 0.297471
2 2 0.040831 0.156311 0.674540 0.049794 0.078524
2 2 0.043767 0.223537 0.463237 0.042332 0.227126
2 2 0.037915 0.217829 0.496104 0.037914 0.210238
2 2 0.031950 0.126153 0.737002 0.048982 0.055913
2 2 0.048423 0.228505 0.400246 0.040478 0.282348
2 2 0.026312 0.107345 0.789924 0.040846 0.035572
2 2 0.044886 0.099943 0.699942 0.100728 0.054500
2 2 0.032947 0.067910 0.754816 0.111460 0.032866
2 2 0.015708 0.039120 0.822735 0.104080 0.018356
2 2 0.057271 0.155317 0.607979 0.078264 0.101168
2 2 0.049753 0.088827 0.667934 0.137213 0.056273
2 2 0.027824 0.053536 0.735897 0.148812 0.033931
2 3 0.044886 0.073750 0.666433 0.163714 0.051217
2 3 0.024956 0.033183 0.492096 0.399332 0.050433
2 3 0.029387 0.046420 0.625079 0.253881 0.045234
2 3 0.025743 0.033023 0.453039 0.435571 0.052624
2 3 0.032187 0.050408 0.635796 0.234028 0.047581
3 3 0.021100 0.025791 0.404364 0.499258 0.049486
3 3 0.023609 0.025466 0.329048 0.564165 0.057713
2 3 0.031152 0.038056 0.445760 0.424138 0.060894
3 3 0.011746 0.010035 0.139275 0.797069 0.041875
3 3 0.021313 0.020353 0.239799 0.660369 0.058167
3 3 0.023904 0.024880 0.296855 0.595427 0.058935
3 3 0.011324 0.009588 0.132384 0.805820 0.040883
3 3 0.015757 0.013984 0.181401 0.738540 0.050319
3 3 0.007524 0.005873 0.079689 0.875830 0.031084
3 3 0.010364 0.008446 0.109000 0.833755 0.038435
3 3 0.027624 0.026438 0.254766 0.624209 0.066963
3 3 0.009481 0.007546 0.095240 0.851569 0.036165
3 3 0.009397 0.007713 0.107986 0.838719 0.036185
3 3 0.021712 0.018757 0.182885 0.715668 0.060978
3 3 0.010472 0.008524 0.108924 0.833402 0.038678
3 3 0.008346 0.006654 0.091029 0.860603 0.033369
3 3 0.028352 0.025444 0.231382 0.643567 0.071255
3 3 0.010161 0.008223 0.105014 0.838692 0.037910
3 3 0.007871 0.006296 0.090120 0.863542 0.032171
3 3 0.010465 0.008679 0.117773 0.824291 0.038791
3 3 0.011119 0.009227 0.120942 0.818416 0.040296
3 3 0.009634 0.007639 0.094327 0.851897 0.036504
3 3 0.014828 0.012380 0.138660 0.785900 0.048231
3 3 0.010268 0.008422 0.111608 0.831444 0.038257
3 3 0.009640 0.007933 0.110354 0.835285 0.036788
3 3 0.012662 0.010380 0.120988 0.812355 0.043615
3 3 0.010528 0.008761 0.119734 0.822019 0.038958
3 3 0.008875 0.007008 0.089603 0.859891 0.034623
3 3 0.010725 0.008638 0.105208 0.836245 0.039185
3 3 0.005859 0.004511 0.067710 0.895529 0.026391
3 3 0.004686 0.003502 0.054034 0.915116 0.022663
3 3 0.004584 0.003338 0.047820 0.922084 0.022175
3 3 0.008693 0.006880 0.089751 0.860486 0.034189
3 3 0.007006 0.005391 0.072799 0.885210 0.029595
3 3 0.007454 0.005821 0.079573 0.876248 0.030904
3 3 0.011567 0.009491 0.117181 0.820536 0.041226
3 3 0.005211 0.003833 0.052791 0.914001 0.024164
3 3 0.007611 0.005916 0.078623 0.876567 0.031283
3 3 0.016085 0.012880 0.120396 0.800220 0.050419
3 3 0.004770 0.003442 0.046765 0.922328 0.022694
3 3 0.011402 0.009319 0.114658 0.823792 0.040829
3 3 0.005020 0.003745 0.055252 0.912299 0.023684
3 3 0.005194 0.003862 0.055245 0.911511 0.024188
3 3 0.006032 0.004634 0.067882 0.894578 0.026874
3 3 0.011553 0.009333 0.109773 0.828258 0.041082
3 3 0.006698 0.004994 0.062333 0.897455 0.028519
3 3 0.118770 0.086992 0.249249 0.389297 0.155691
3 3 0.109107 0.100026 0.325435 0.325671 0.139761
3 3 0.211363 0.120511 0.197865 0.267014 0.203247
4 3 0.191176 0.118919 0.080679 0.061533 0.547694
4 3 0.236266 0.161556 0.151646 0.073517 0.377015
4 3 0.174906 0.127670 0.076259 0.033321 0.587844
4 3 0.090392 0.146208 0.096630 0.022110 0.644659
4 3 0.035682 0.176046 0.148127 0.013947 0.626198
4 2 0.046202 0.174153 0.142873 0.016772 0.620000
4 2 0.078493 0.147436 0.098212 0.019859 0.656001
4 2 0.048648 0.207442 0.222502 0.024775 0.496634
4 2 0.102786 0.193132 0.189081 0.041091 0.473911
4 2 0.243807 0.150418 0.122730 0.065457 0.417587
4 2 0.312185 0.120425 0.080494 0.061261 0.425634
4 2 0.108921 0.203984 0.227667 0.050850 0.408577
4 2 0.058254 0.141966 0.091143 0.014718 0.693919
4 2 0.062418 0.197728 0.194746 0.027366 0.517742
4 2 0.143009 0.119760 0.065333 0.025017 0.646882
4 2 0.095834 0.133789 0.080368 0.020431 0.669578
4 2 0.219323 0.094425 0.042901 0.027698 0.615653
4 2 0.030026 0.098435 0.048835 0.006871 0.815834
4 2 0.115495 0.107253 0.053048 0.019314 0.704889
4 2 0.035725 0.094269 0.044528 0.007456 0.818022
4 2 0.103226 0.062819 0.020342 0.011062 0.802551
4 2 0.027181 0.162891 0.126606 0.009980 0.673341
4 2 0.048436 0.135322 0.084904 0.012808 0.718530
4 2 0.091623 0.052392 0.015546 0.010301 0.830138
0 2 0.610173 0.046441 0.019292 0.052224 0.271870
4 2 0.217264 0.155940 0.127911 0.060166 0.438719
4 2 0.184555 0.100864 0.049034 0.028205 0.637342
4 2 0.201897 0.126361 0.076541 0.038139 0.557062
4 1 0.036025 0.161045 0.121413 0.012162 0.669355
4 1 0.289463 0.104427 0.056582 0.043783 0.505745
4 1 0.032140 0.128825 0.077387 0.008226 0.753421
4 1 0.041559 0.169104 0.134233 0.014689 0.640414
4 1 0.058314 0.182516 0.158693 0.022004 0.578473
4 1 0.039528 0.088608 0.039165 0.007309 0.825389
4 1 0.060322 0.115084 0.060128 0.011628 0.752839
4 1 0.076703 0.069566 0.025050 0.010411 0.818270
4 1 0.050111 0.081610 0.031846 0.006805 0.829628
4 1 0.139767 0.099151 0.044919 0.019084 0.697079
4 1 0.040895 0.078067 0.030900 0.006471 0.843668
4 1 0.027518 0.103342 0.052746 0.006293 0.810101
4 1 0.043819 0.094286 0.043336 0.008216 0.810342
4 1 0.042371 0.128630 0.075611 0.009992 0.743395
4 2 0.055648 0.154003 0.108272 0.015990 0.666086
4 2 0.053373 0.093477 0.041868 0.009176 0.802107
4 2 0.033078 0.122955 0.073133 0.009101 0.761734
4 2 0.044482 0.130616 0.077958 0.010688 0.736256
4 2 0.041740 0.153948 0.109400 0.012730 0.682182
4 2 0.069798 0.218615 0.271079 0.040156 0.400352
4 2 0.053250 0.139520 0.088200 0.013366 0.705665
4 2 0.058087 0.126643 0.073144 0.013083 0.729044
4 2 0.051916 0.109901 0.055648 0.009964 0.772571
4 2 0.059068 0.129808 0.075925 0.013137 0.722062
4 2 0.306526 0.143367 0.127270 0.086951 0.335886
4 2 0.098192 0.115009 0.059322 0.016974 0.710503
4 2 0.145260 0.110737 0.055908 0.022824 0.665271
4 2 0.018802 0.090726 0.043693 0.004526 0.842254
4 2 0.042363 0.120359 0.066301 0.009149 0.761828
4 2 0.166211 0.080324 0.032706 0.022589 0.698170
4 1 0.264410 0.162290 0.168376 0.094357 0.310567
4 1 0.081927 0.151366 0.103909 0.021424 0.641373
4 1 0.038628 0.154992 0.111414 0.012108 0.682858
4 1 0.094474 0.135019 0.081874 0.020446 0.668188
4 1 0.268199 0.138328 0.103742 0.063270 0.426461
4 1 0.071138 0.146572 0.097035 0.018138 0.667117
0 0 0.596524 0.051019 0.022686 0.056416 0.273355
0 0 0.372038 0.111943 0.076790 0.072301 0.366928
0 0 0.530319 0.074608 0.044346 0.076792 0.273935
0 0 0.502560 0.056738 0.022617 0.043677 0.374407
4 0 0.103152 0.113302 0.057641 0.017359 0.708546
4 1 0.042714 0.162119 0.122143 0.014029 0.658995
4 1 0.035599 0.202930 0.210664 0.018285 0.532522
4 1 0.059715 0.176943 0.147363 0.021219 0.594761
4 1 0.065963 0.186179 0.166669 0.025337 0.555852
4 1 0.051871 0.144475 0.095796 0.014248 0.693609
4 1 0.328686 0.125855 0.093150 0.072713 0.379597
0 1 0.403775 0.111186 0.082802 0.085271 0.316966
0 0 0.478125 0.032175 0.007390 0.019841 0.462469
0 0 0.474611 0.043142 0.012686 0.027738 0.441823
4 0 0.436454 0.016498 0.002452 0.014482 0.530114
4 0 0.324760 0.016315 0.002185 0.010124 0.646617
4 0 0.106703 0.091377 0.039049 0.014938 0.747933
4 0 0.041124 0.215383 0.250125 0.023801 0.469568
4 1 0.059101 0.217845 0.262460 0.033743 0.426850
4 1 0.035549 0.221011 0.273789 0.022846 0.446805
4 1 0.045452 0.225821 0.298724 0.030445 0.399558
4 1 0.124868 0.150546 0.104626 0.030906 0.589055
0 0 0.568100 0.060914 0.030903 0.065199 0.274885
0 0 0.559194 0.037120 0.010954 0.031179 0.361554
4 0 0.452807 0.026048 0.005149 0.017600 0.498396
4 0 0.149394 0.032006 0.006558 0.009665 0.802378
4 0 0.226057 0.081470 0.032397 0.023672 0.636404
4 0 0.039282 0.138630 0.088271 0.010440 0.723377
4 1 0.049144 0.227015 0.307958 0.033516 0.382367
4 1 0.049913 0.196928 0.192513 0.022480 0.538165
0 1 0.416144 0.098122 0.061924 0.070388 0.353421
4 1 0.045669 0.190486 0.177052 0.019549 0.567245
4 1 0.317490 0.098277 0.051713 0.045236 0.487284
4 0 0.165469 0.112929 0.058831 0.026504 0.636267
4 1 0.143442 0.177448 0.158575 0.048062 0.472473
4 1 0.155988 0.131386 0.079786 0.031022 0.601819
4 1 0.140450 0.136214 0.085157 0.029586 0.608593
4 1 0.132300 0.178701 0.158934 0.044715 0.485350
0 1 0.462569 0.079347 0.042257 0.060720 0.355107
4 1 0.089260 0.150550 0.102846 0.022864 0.634480
4 1 0.051530 0.193631 0.184133 0.022281 0.548426
4 1 0.062787 0.175644 0.144790 0.021834 0.594945
4 1 0.048715 0.201496 0.204852 0.023164 0.521772
4 1 0.077578 0.163725 0.123368 0.023158 0.612171
4 1 0.047505 0.175086 0.144504 0.017305 0.615600
4 1 0.038766 0.207009 0.222033 0.020479 0.511713
4 1 0.073464 0.172622 0.139127 0.024175 0.590613
4 1 0.049466 0.196520 0.191484 0.022217 0.540313
4 1 0.074963 0.170580 0.135378 0.024094 0.594985
4 1 0.040292 0.206058 0.218885 0.020895 0.513870
2 1 0.044604 0.231083 0.396532 0.038457 0.289324
4 1 0.045584 0.219397 0.266377 0.027433 0.441209
4 2 0.045777 0.202324 0.207359 0.022215 0.522325
4 2 0.102549 0.168348 0.132907 0.031057 0.565139
4 2 0.039801 0.232005 0.342290 0.031151 0.354752
2 2 0.041157 0.224888 0.460707 0.040056 0.233193
2 2 0.047526 0.229523 0.344025 0.035404 0.343523
2 2 0.039348 0.234902 0.391308 0.035713 0.298729
4 2 0.234403 0.156063 0.133014 0.067109 0.409412
4 2 0.120350 0.178544 0.156120 0.040477 0.504508
4 2 0.129022 0.190513 0.189666 0.050587 0.440212
4 2 0.265913 0.148985 0.126072 0.073388 0.385642
4 2 0.057926 0.228875 0.333039 0.041858 0.338302
2 2 0.051351 0.199617 0.544666 0.053137 0.151229
2 2 0.046410 0.231282 0.376879 0.038100 0.307328
2 2 0.039888 0.232777 0.350751 0.032017 0.344568
2 2 0.039666 0.200098 0.563099 0.042883 0.154254
2 2 0.035416 0.229925 0.415507 0.031784 0.287368
2 2 0.044192 0.231712 0.357786 0.035075 0.331235
2 2 0.035437 0.100998 0.746684 0.071540 0.045341
2 2 0.039419 0.202752 0.554741 0.042286 0.160801
4 2 0.040534 0.224203 0.301164 0.026942 0.407157
2 2 0.033314 0.140179 0.705836 0.048848 0.071823
2 2 0.047008 0.228245 0.406532 0.039826 0.278390
4 2 0.117399 0.212888 0.297595 0.070749 0.301370
4 2 0.090973 0.219933 0.304480 0.057191 0.327422
4 2 0.052137 0.212189 0.238557 0.027865 0.469251
2 2 0.058175 0.224656 0.399673 0.046186 0.271311
4 2 0.071614 0.223447 0.303029 0.045797 0.356113
4 2 0.063775 0.227229 0.325659 0.044503 0.338833
2 2 0.046782 0.223474 0.447695 0.042392 0.239657
2 2 0.044994 0.149135 0.681393 0.055018 0.069459
2 2 0.036842 0.157535 0.679370 0.045544 0.080709
2 2 0.034475 0.150760 0.698136 0.043855 0.072774
2 2 0.037249 0.140423 0.713386 0.048101 0.060841
2 2 0.028623 0.087623 0.795179 0.058266 0.030309
2 3 0.044886 0.208195 0.526826 0.046205 0.173889
2 3 0.036699 0.147821 0.699926 0.046581 0.068972
2 3 0.043534 0.114020 0.713082 0.075905 0.053458
2 3 0.030601 0.133157 0.736780 0.042710 0.056751
2 3 0.050608 0.208485 0.515972 0.050917 0.174017
2 3 0.060167 0.202186 0.520453 0.059859 0.157334
2 3 0.046198 0.201903 0.546284 0.048363 0.157253
2 3 0.027252 0.055554 0.756583 0.129634 0.030977
2 3 0.085050 0.202683 0.471439 0.078132 0.162696
4 3 0.185748 0.174465 0.164207 0.063284 0.412296
2 3 0.064501 0.229170 0.366312 0.051151 0.288866
4 3 0.069511 0.174918 0.143411 0.023606 0.588554
4 3 0.058742 0.221679 0.281083 0.035774 0.402722
4 3 0.050968 0.218528 0.263346 0.029835 0.437324
2 3 0.062802 0.213510 0.463604 0.054623 0.205462
2 3 0.037715 0.221858 0.461978 0.034538 0.243911
2 3 0.030806 0.183294 0.627269 0.036498 0.122133
2 3 0.023728 0.199497 0.587616 0.027771 0.161388
2 3 0.047061 0.217216 0.473489 0.042563 0.219671
2 3 0.032941 0.070362 0.743978 0.114923 0.037796
2 3 0.047120 0.189061 0.583594 0.051191 0.129033
2 3 0.046740 0.160125 0.655256 0.055142 0.082738
2 3 0.085058 0.157620 0.539743 0.107229 0.110351
2 3 0.044177 0.091140 0.725097 0.098183 0.041402
4 3 0.047040 0.226437 0.340671 0.033197 0.352655
2 3 0.028022 0.069409 0.795693 0.080365 0.026512
2 3 0.041125 0.224147 0.403482 0.032101 0.299144
2 3 0.039105 0.137297 0.667743 0.067110 0.088745
2 3 0.048163 0.124869 0.668847 0.085075 0.073046
2 3 0.026826 0.057963 0.775141 0.111809 0.028261
2 3 0.050572 0.121404 0.644525 0.100639 0.082860
2 3 0.034141 0.101708 0.731465 0.077802 0.054883
2 3 0.056971 0.204895 0.515556 0.055748 0.166830
2 3 0.053197 0.142571 0.617329 0.086595 0.100308
2 3 0.037422 0.119171 0.704388 0.071489 0.067529
2 3 0.053922 0.222057 0.434831 0.046028 0.243162
2 3 0.050647 0.088170 0.681510 0.130222 0.049451
2 3 0.046090 0.166043 0.643369 0.053645 0.090854
2 3 0.044077 0.081546 0.708869 0.122476 0.043032
2 3 0.068027 0.176090 0.578948 0.071582 0.105353
2 3 0.023997 0.047555 0.747332 0.150513 0.030603
2 3 0.048607 0.137624 0.676278 0.068566 0.068925
2 3 0.018690 0.041088 0.783983 0.132494 0.023744
2 3 0.061438 0.151221 0.619079 0.080386 0.087877
2 3 0.039991 0.102902 0.729302 0.079760 0.048046
2 3 0.063699 0.105122 0.647526 0.125777 0.057876
2 3 0.019185 0.038749 0.752436 0.162546 0.027084
2 3 0.044432 0.100934 0.727076 0.084271 0.043287
2 3 0.052625 0.089589 0.671817 0.134200 0.051769
2 3 0.055452 0.078263 0.589814 0.208471 0.068000
2 3 0.025356 0.040496 0.614843 0.277574 0.041731
