0 0 0.393493 0.201085 0.195422 0.042906 0.167093
0 0 0.299312 0.218884 0.210670 0.057760 0.213374
4 0 0.194660 0.094003 0.053139 0.001805 0.656393
0 0 0.296326 0.227559 0.177958 0.060678 0.237479
0 1 0.261094 0.240225 0.207063 0.158170 0.133446
4 1 0.182190 0.245463 0.144024 0.093821 0.334502
1 1 0.209977 0.253958 0.175183 0.141103 0.219779
0 0 0.362673 0.168152 0.328806 0.065533 0.074835
0 0 0.558106 0.135675 0.228056 0.036179 0.041984
0 0 0.691807 0.085714 0.184904 0.010003 0.027571
0 0 0.697316 0.086922 0.160838 0.005453 0.049471
0 0 0.581049 0.132233 0.190167 0.015368 0.081183
1 0 0.209705 0.253970 0.174839 0.140456 0.221030
0 0 0.250964 0.246235 0.186254 0.112541 0.204005
0 0 0.329671 0.222009 0.222868 0.116223 0.109230
1 1 0.211072 0.253883 0.176581 0.143775 0.214689
1 1 0.221100 0.249882 0.190816 0.175618 0.162584
1 1 0.220895 0.250055 0.190486 0.174757 0.163807
4 1 0.166112 0.235188 0.128100 0.075688 0.394912
4 1 0.141185 0.220872 0.156062 0.066743 0.415138
4 1 0.152676 0.224684 0.115487 0.063240 0.443913
4 1 0.140890 0.219837 0.146163 0.064103 0.429008
4 1 0.184790 0.246842 0.146706 0.097193 0.324469
1 1 0.202544 0.251877 0.180473 0.134271 0.230836
1 1 0.223173 0.247736 0.194341 0.185293 0.149457
2 1 0.172304 0.232872 0.259035 0.137362 0.198427
1 4 0.205930 0.250831 0.190379 0.146332 0.206528
0 4 0.473841 0.174643 0.218247 0.042928 0.090341
2 4 0.191764 0.236373 0.247318 0.153626 0.170920
1 4 0.222238 0.248802 0.192707 0.180690 0.155563
0 4 0.296437 0.227638 0.178157 0.060890 0.236879
1 4 0.219133 0.251323 0.187736 0.167864 0.173944
1 4 0.209482 0.253977 0.174558 0.139930 0.222053
2 4 0.216550 0.225711 0.276586 0.125035 0.156118
2 4 0.149257 0.213772 0.323293 0.116779 0.196900
2 4 0.053163 0.041653 0.852263 0.017156 0.035764
2 4 0.144584 0.146651 0.519859 0.052606 0.136300
2 4 0.067685 0.073172 0.753411 0.029908 0.075824
2 2 0.059054 0.049577 0.826639 0.023408 0.041322
2 2 0.057597 0.040165 0.854206 0.016241 0.031791
0 2 0.280149 0.235618 0.212454 0.145959 0.125821
2 2 0.228136 0.211774 0.313497 0.099970 0.146622
0 2 0.346150 0.216394 0.226439 0.109590 0.101426
0 4 0.669022 0.093480 0.195837 0.013467 0.028195
2 4 0.127554 0.175983 0.430820 0.109400 0.156244
2 4 0.070492 0.057726 0.798328 0.027271 0.046183
2 2 0.137502 0.177171 0.432080 0.089659 0.163589
2 2 0.041757 0.037798 0.867401 0.020542 0.032503
2 2 0.219892 0.163615 0.439036 0.074790 0.102667
2 2 0.092643 0.094403 0.684591 0.043112 0.085252
2 2 0.042418 0.036861 0.870066 0.019523 0.031131
2 2 0.043305 0.034261 0.877538 0.017019 0.027877
2 2 0.033473 0.025587 0.906680 0.014532 0.019729
2 2 0.033117 0.024457 0.907915 0.018265 0.016247
2 2 0.066540 0.080205 0.731604 0.038423 0.083228
2 2 0.040800 0.032574 0.882283 0.019950 0.024393
2 2 0.048361 0.046212 0.837073 0.032380 0.035974
2 2 0.042350 0.030706 0.886932 0.018343 0.021669
2 2 0.042344 0.042586 0.843887 0.041068 0.030115
2 2 0.042445 0.032597 0.882589 0.016649 0.025720
2 2 0.045439 0.038883 0.856588 0.033302 0.025788
2 2 0.088683 0.084494 0.714062 0.042344 0.070417
2 2 0.047523 0.038124 0.863139 0.022814 0.028400
2 2 0.041682 0.040857 0.841022 0.051273 0.025167
2 2 0.039066 0.030644 0.888193 0.019925 0.022171
2 2 0.039704 0.030233 0.886969 0.023336 0.019758
2 2 0.041841 0.038633 0.862210 0.027697 0.029618
2 2 0.046909 0.042110 0.850930 0.027425 0.032626
2 2 0.038740 0.031759 0.884240 0.022454 0.022808
2 2 0.040533 0.029169 0.891383 0.019251 0.019664
2 2 0.035288 0.027690 0.893752 0.026219 0.017051
2 2 0.035642 0.029377 0.888764 0.027395 0.018821
2 2 0.040999 0.033301 0.876466 0.027139 0.022095
2 2 0.048004 0.052310 0.798645 0.067513 0.033528
2 2 0.038329 0.041065 0.838586 0.055852 0.026167
2 2 0.037477 0.033249 0.879000 0.026204 0.024071
2 2 0.040077 0.033059 0.875561 0.030225 0.021077
2 2 0.046940 0.047450 0.827171 0.044940 0.033499
2 2 0.040205 0.031765 0.881583 0.025615 0.020832
2 2 0.045696 0.043954 0.828383 0.055672 0.026295
2 2 0.034838 0.030305 0.885841 0.029076 0.019941
2 2 0.040755 0.043244 0.837703 0.048622 0.029676
2 2 0.048299 0.058516 0.767794 0.087931 0.037460
2 2 0.047196 0.050748 0.802495 0.067762 0.031800
2 2 0.083874 0.078502 0.724306 0.059522 0.053796
2 2 0.057089 0.045212 0.836802 0.029638 0.031258
2 2 0.051049 0.041273 0.849051 0.031097 0.027530
2 2 0.061864 0.048436 0.821427 0.038042 0.030231
2 2 0.084589 0.075956 0.738930 0.041887 0.058638
2 2 0.056163 0.042628 0.844827 0.027456 0.028926
2 2 0.053756 0.043942 0.840387 0.032205 0.029711
2 2 0.038211 0.030329 0.889501 0.019836 0.022123
2 2 0.048442 0.037127 0.862937 0.027103 0.024391
2 2 0.045848 0.041277 0.848377 0.036664 0.027834
2 2 0.046808 0.036770 0.868154 0.019982 0.028285
2 2 0.044187 0.035728 0.869316 0.026176 0.024593
2 2 0.053787 0.055924 0.794138 0.058406 0.037746
2 2 0.052926 0.052493 0.805227 0.055011 0.034343
2 2 0.051514 0.041578 0.850867 0.025733 0.030307
2 2 0.062209 0.054976 0.802680 0.042733 0.037401
2 2 0.051756 0.042066 0.849986 0.024558 0.031634
2 2 0.046341 0.042594 0.847897 0.031496 0.031672
2 2 0.036231 0.033179 0.876962 0.030767 0.022862
2 2 0.045387 0.049528 0.811518 0.060785 0.032781
2 2 0.059141 0.050981 0.817099 0.037589 0.035190
2 2 0.103096 0.111720 0.630660 0.054300 0.100224
2 2 0.051009 0.062371 0.784823 0.046452 0.055346
2 2 0.100781 0.097754 0.672119 0.046957 0.082389
2 2 0.058316 0.058349 0.795629 0.043129 0.044578
2 2 0.047164 0.038052 0.864680 0.019510 0.030594
2 2 0.085887 0.079679 0.729400 0.037747 0.067287
2 2 0.097537 0.084581 0.708076 0.048446 0.061359
2 2 0.044562 0.038507 0.862335 0.025629 0.028968
2 2 0.050081 0.039976 0.856370 0.024311 0.029262
2 2 0.080116 0.057983 0.792488 0.027708 0.041706
2 2 0.049204 0.043551 0.844474 0.030799 0.031972
2 2 0.047722 0.038556 0.860832 0.025195 0.027696
2 2 0.055074 0.041352 0.851600 0.020348 0.031627
2 2 0.051436 0.044652 0.833824 0.041873 0.028215
2 2 0.071270 0.053052 0.810868 0.025135 0.039676
2 2 0.085254 0.066793 0.764717 0.035261 0.047976
2 2 0.081189 0.067921 0.761773 0.040709 0.048408
2 2 0.042361 0.033271 0.878829 0.021745 0.023794
2 2 0.059642 0.048141 0.828973 0.027544 0.035701
2 2 0.088968 0.075161 0.740377 0.037742 0.057752
2 2 0.106860 0.094337 0.679668 0.044253 0.074882
2 2 0.059013 0.045868 0.835805 0.025930 0.033384
2 2 0.118093 0.083934 0.702392 0.037293 0.058288
2 2 0.133740 0.097071 0.658652 0.044494 0.066043
2 2 0.085558 0.072450 0.750049 0.034375 0.057568
0 2 0.545787 0.139767 0.231347 0.038999 0.044099
0 2 0.806326 0.041640 0.140406 0.002767 0.008861
0 0 0.819979 0.034256 0.138045 0.002657 0.005063
0 0 0.761519 0.054951 0.166901 0.005964 0.010664
0 0 0.677514 0.086522 0.200889 0.014901 0.020174
0 0 0.762986 0.053493 0.167807 0.006131 0.009583
0 0 0.408412 0.194849 0.233510 0.082132 0.081097
0 0 0.495688 0.161163 0.234122 0.052357 0.056670
0 0 0.576539 0.128048 0.225219 0.032113 0.038081
0 0 0.333802 0.220319 0.224349 0.115769 0.105760
0 0 0.438844 0.183468 0.234934 0.070701 0.072053
0 0 0.532701 0.146132 0.231181 0.042300 0.047686
0 0 0.734496 0.064127 0.180196 0.008531 0.012651
0 0 0.642660 0.102932 0.206340 0.018007 0.030061
0 0 0.561483 0.134280 0.227572 0.035411 0.041254
0 0 0.554534 0.137150 0.228550 0.037003 0.042763
0 0 0.763250 0.054934 0.165004 0.005652 0.011160
0 0 0.614062 0.112500 0.217939 0.024757 0.030742
0 0 0.602543 0.121343 0.210271 0.021824 0.044019
0 0 0.820138 0.036210 0.134617 0.002341 0.006695
0 0 0.703396 0.076889 0.190875 0.011376 0.017463
0 0 0.681490 0.089513 0.189130 0.011261 0.028605
0 0 0.618652 0.110602 0.216909 0.023938 0.029900
0 0 0.713847 0.074205 0.184271 0.009567 0.018111
0 0 0.657324 0.094708 0.206978 0.017704 0.023286
0 0 0.682301 0.085285 0.198059 0.013855 0.020500
0 0 0.596664 0.119707 0.221568 0.028018 0.034044
0 0 0.656685 0.096001 0.205140 0.017015 0.025158
0 0 0.675911 0.087168 0.201395 0.015113 0.020413
0 0 0.600038 0.118308 0.220898 0.027366 0.033390
0 0 0.480108 0.167387 0.234791 0.057020 0.060694
0 1 0.675611 0.088854 0.198421 0.014118 0.022996
0 0 0.641202 0.101307 0.211391 0.020161 0.025939
0 0 0.497947 0.161627 0.230992 0.048836 0.060598
0 0 0.472224 0.170508 0.235002 0.059482 0.062785
0 0 0.426203 0.188252 0.234501 0.075304 0.075740
0 0 0.357367 0.212718 0.228136 0.104201 0.097577
0 0 0.654568 0.095833 0.207760 0.018110 0.023729
0 0 0.677609 0.090515 0.191916 0.012104 0.027855
0 0 0.799546 0.045695 0.140013 0.002700 0.012045
0 0 0.716251 0.075002 0.179450 0.008455 0.020843
0 0 0.680521 0.085311 0.199928 0.014509 0.019731
0 1 0.630598 0.105670 0.214080 0.021887 0.027765
0 1 0.779627 0.049130 0.157147 0.004546 0.009551
0 0 0.629915 0.105952 0.214247 0.022001 0.027885
0 0 0.690228 0.084921 0.189339 0.011149 0.024363
0 0 0.644724 0.102065 0.205850 0.017731 0.029630
0 0 0.569823 0.130829 0.226308 0.033559 0.039480
0 0 0.586928 0.124419 0.222030 0.029134 0.037490
0 0 0.425524 0.188507 0.234472 0.075557 0.075941
0 0 0.383696 0.203717 0.231383 0.092337 0.088868
0 0 0.328714 0.221897 0.223420 0.118393 0.107576
4 4 0.173224 0.240076 0.135016 0.083196 0.368489
4 4 0.192949 0.250539 0.155368 0.108831 0.292313
4 4 0.177209 0.242585 0.138977 0.087742 0.353486
4 4 0.200199 0.252858 0.163448 0.120894 0.262601
4 4 0.148162 0.223540 0.130832 0.064775 0.432692
4 4 0.145083 0.218098 0.108585 0.057026 0.471208
4 4 0.163212 0.234780 0.143449 0.078697 0.379861
4 4 0.137240 0.210844 0.101605 0.051126 0.499185
1 4 0.206175 0.253872 0.170477 0.132554 0.236923
4 4 0.174858 0.241126 0.136633 0.085029 0.362354
4 4 0.156114 0.231837 0.207856 0.093712 0.310480
4 4 0.113157 0.185938 0.081008 0.035712 0.584186
4 4 0.135200 0.208885 0.099813 0.049670 0.506431
4 4 0.068137 0.129222 0.045408 0.015099 0.742133
4 4 0.142872 0.216097 0.106602 0.055312 0.479117
4 4 0.084066 0.103116 0.040018 0.005459 0.767341
4 4 0.087177 0.121060 0.047264 0.009258 0.735241
0 4 0.398287 0.155957 0.134251 0.009630 0.301875
4 4 0.124602 0.133378 0.060480 0.009252 0.672288
0 4 0.540047 0.117336 0.129556 0.004001 0.209060
4 4 0.155346 0.226893 0.117950 0.065556 0.434255
4 4 0.118083 0.191343 0.085126 0.038572 0.566876
4 4 0.160104 0.230684 0.122392 0.069869 0.416951
4 4 0.158163 0.171990 0.086885 0.019521 0.563442
0 4 0.556047 0.109944 0.124101 0.003166 0.206742
0 4 0.327106 0.189766 0.146221 0.021918 0.314989
4 4 0.137573 0.178343 0.084583 0.025310 0.574191
4 4 0.167952 0.236500 0.129871 0.077562 0.388116
4 4 0.196676 0.251861 0.159470 0.114793 0.277200
4 4 0.200024 0.252815 0.163248 0.120579 0.263335
0 4 0.584367 0.125248 0.222973 0.029934 0.037478
0 4 0.364006 0.210496 0.229052 0.101108 0.095339
1 4 0.239747 0.244752 0.200241 0.172940 0.142319
1 4 0.243888 0.243931 0.201632 0.169979 0.140570
0 4 0.436814 0.184241 0.234879 0.071427 0.072639
0 0 0.658693 0.094341 0.206224 0.017364 0.023378
0 0 0.583457 0.125182 0.224029 0.030666 0.036667
0 0 0.693365 0.080172 0.195661 0.012907 0.017895
0 0 0.617648 0.111017 0.217137 0.024115 0.030083
0 0 0.553149 0.137722 0.228737 0.037326 0.043067
0 0 0.820940 0.041430 0.120131 0.001380 0.016119
0 0 0.776660 0.053013 0.152751 0.003964 0.013611
0 0 0.695308 0.085264 0.180655 0.008975 0.029798
0 0 0.548493 0.144342 0.215733 0.029415 0.062017
0 0 0.517738 0.157608 0.212544 0.031336 0.080775
0 0 0.664964 0.094510 0.198579 0.014448 0.027499
0 0 0.524474 0.149497 0.231999 0.044416 0.049614
0 0 0.417684 0.191432 0.234083 0.078521 0.078281
0 0 0.481249 0.166934 0.234754 0.056670 0.060394
0 0 0.533325 0.151268 0.212306 0.029199 0.073902
0 0 0.591035 0.122040 0.222647 0.029128 0.035149
0 0 0.542469 0.142121 0.230087 0.039874 0.045449
0 0 0.657288 0.094723 0.206988 0.017709 0.023292
0 0 0.745177 0.060087 0.175716 0.007573 0.011447
0 0 0.662495 0.092602 0.205478 0.016957 0.022467
0 0 0.685968 0.083126 0.198150 0.013816 0.018941
0 0 0.648059 0.098495 0.209562 0.019092 0.024792
0 0 0.777653 0.049487 0.158714 0.004758 0.009389
0 0 0.531711 0.146537 0.231285 0.042551 0.047916
0 0 0.326671 0.210649 0.257603 0.097945 0.107132
0 0 0.323544 0.211387 0.257850 0.098918 0.108302
0 1 0.360328 0.211731 0.228553 0.102813 0.096575
0 4 0.319175 0.224789 0.221567 0.123440 0.111029
2 4 0.281512 0.181643 0.361549 0.066122 0.109175
2 4 0.268955 0.177661 0.378564 0.066791 0.108028
2 4 0.296554 0.190526 0.330674 0.071173 0.111073
2 4 0.201556 0.158561 0.462574 0.071835 0.105473
2 2 0.273916 0.210627 0.292861 0.096467 0.126129
2 2 0.245499 0.138012 0.486002 0.054146 0.076342
0 2 0.479872 0.167481 0.234799 0.057093 0.060756
0 2 0.477707 0.164577 0.243218 0.054037 0.060461
0 2 0.409578 0.194422 0.233589 0.081671 0.080740
0 2 0.329624 0.221616 0.223589 0.117920 0.107250
0 2 0.350983 0.216132 0.224581 0.101968 0.106336
1 2 0.220668 0.247190 0.197708 0.183282 0.151153
0 2 0.247085 0.237300 0.225374 0.149444 0.140797
2 2 0.280866 0.131555 0.472217 0.053437 0.061925
0 2 0.435998 0.184552 0.234856 0.071720 0.072875
0 2 0.682253 0.084615 0.199368 0.014286 0.019478
0 2 0.591336 0.121915 0.222591 0.029068 0.035090
0 2 0.633358 0.104533 0.213396 0.021429 0.027284
0 2 0.553683 0.137501 0.228665 0.037201 0.042950
0 2 0.644495 0.099955 0.210521 0.019643 0.025385
0 0 0.718291 0.070363 0.186623 0.010121 0.014602
0 0 0.569307 0.131043 0.226389 0.033672 0.039588
2 0 0.201425 0.232059 0.260413 0.140863 0.165240
2 1 0.196321 0.160924 0.461046 0.066421 0.115288
2 1 0.090226 0.153393 0.488391 0.056195 0.211795
2 2 0.117875 0.152485 0.505033 0.084520 0.140087
0 2 0.375718 0.206496 0.230507 0.095820 0.091460
0 2 0.641962 0.104818 0.202371 0.016543 0.034305
0 2 0.530462 0.147049 0.231413 0.042869 0.048207
0 2 0.274489 0.219607 0.267094 0.110905 0.127905
2 2 0.276925 0.201375 0.315799 0.083848 0.122053
0 2 0.369541 0.187459 0.284092 0.069851 0.089057
2 2 0.248398 0.186183 0.369741 0.075626 0.120051
2 2 0.126298 0.133443 0.562711 0.056938 0.120610
2 2 0.058833 0.046394 0.835159 0.024221 0.035393
2 2 0.101621 0.077674 0.728898 0.030179 0.061629
2 2 0.239590 0.198356 0.343863 0.084916 0.133274
2 2 0.055392 0.044626 0.842115 0.022436 0.035430
2 2 0.034092 0.028573 0.897805 0.015868 0.023663
2 2 0.038711 0.033525 0.880832 0.019691 0.027240
2 2 0.043695 0.032262 0.882592 0.017332 0.024119
2 2 0.182271 0.138166 0.526413 0.058038 0.095111
2 2 0.048037 0.036493 0.868628 0.018846 0.027997
2 2 0.038290 0.028660 0.894568 0.018059 0.020422
2 2 0.043027 0.031834 0.882844 0.020170 0.022125
2 2 0.045740 0.032057 0.881976 0.017261 0.022967
2 2 0.044434 0.034052 0.875735 0.021689 0.024089
2 2 0.049505 0.041774 0.852565 0.022540 0.033616
2 2 0.050845 0.044331 0.844284 0.024772 0.035768
2 2 0.040683 0.032905 0.882745 0.015999 0.027668
2 2 0.044135 0.037129 0.868872 0.018387 0.031477
2 2 0.053318 0.047838 0.833700 0.024157 0.040987
2 2 0.076657 0.074306 0.748375 0.032317 0.068345
2 2 0.044455 0.037840 0.866343 0.020036 0.031326
2 2 0.177208 0.140685 0.523793 0.049787 0.108528
2 2 0.050350 0.040097 0.857489 0.019892 0.032172
2 2 0.060601 0.051405 0.820675 0.024533 0.042786
2 2 0.050089 0.043657 0.847588 0.019915 0.038750
2 2 0.038823 0.035187 0.876657 0.017459 0.031873
2 2 0.042218 0.041259 0.857045 0.020999 0.038479
2 2 0.038124 0.029884 0.891766 0.017440 0.022786
2 2 0.049528 0.047820 0.832924 0.030967 0.038761
2 2 0.044889 0.046153 0.837605 0.034195 0.037157
2 2 0.048263 0.050740 0.825675 0.029009 0.046313
2 2 0.039115 0.033108 0.882643 0.016971 0.028164
2 2 0.046006 0.049990 0.810544 0.060248 0.033212
2 2 0.037216 0.033896 0.874962 0.030356 0.023570
2 2 0.058470 0.047214 0.824644 0.040600 0.029071
2 2 0.173407 0.136127 0.536325 0.058087 0.096054
2 2 0.051360 0.040187 0.854626 0.025429 0.028398
2 2 0.044248 0.033648 0.877437 0.020468 0.024198
2 2 0.100039 0.067575 0.751685 0.039978 0.040723
2 4 0.104405 0.087762 0.698681 0.042282 0.066870
2 4 0.063661 0.053087 0.811026 0.034721 0.037505
2 4 0.043816 0.029567 0.889499 0.016976 0.020142
2 4 0.045350 0.036955 0.865753 0.025944 0.025998
2 4 0.036922 0.026795 0.900371 0.017396 0.018516
2 4 0.040629 0.034925 0.873070 0.026404 0.024971
2 2 0.044543 0.033687 0.875562 0.023633 0.022576
2 2 0.247307 0.138558 0.484966 0.049168 0.080001
2 2 0.061196 0.047222 0.830005 0.028618 0.032959
2 2 0.037100 0.027949 0.897334 0.017449 0.020168
2 2 0.038784 0.030850 0.888630 0.018060 0.023676
2 2 0.049232 0.034485 0.872315 0.020691 0.023277
2 2 0.108936 0.070868 0.737281 0.041678 0.041238
0 2 0.557814 0.135796 0.228097 0.036246 0.042047
0 2 0.379163 0.205301 0.230896 0.094304 0.090335
0 2 0.431241 0.181567 0.246220 0.067695 0.073277
2 2 0.246420 0.151044 0.456131 0.055935 0.090470
2 2 0.345046 0.140836 0.405384 0.041915 0.066819
0 0 0.702932 0.076380 0.192312 0.011788 0.016589
0 0 0.623459 0.108616 0.215796 0.023099 0.029031
0 0 0.449270 0.179468 0.235122 0.067054 0.069086
2 1 0.235201 0.184457 0.382872 0.066343 0.131127
2 1 0.111479 0.080538 0.716120 0.028699 0.063164
2 2 0.107376 0.098086 0.668457 0.048277 0.077803
2 2 0.034955 0.027053 0.900695 0.017688 0.019609
2 2 0.041520 0.031173 0.887182 0.015644 0.024482
2 2 0.036993 0.028375 0.897624 0.013488 0.023520
2 2 0.040077 0.030579 0.888836 0.017638 0.022871
2 2 0.040159 0.033557 0.880848 0.017335 0.028101
2 2 0.035506 0.026392 0.904067 0.012418 0.021617
2 2 0.036619 0.032883 0.878298 0.029544 0.022656
2 2 0.047280 0.035899 0.870425 0.019349 0.027047
0 2 0.491227 0.162952 0.234348 0.053665 0.057808
2 2 0.215162 0.143407 0.495177 0.052385 0.093869
2 2 0.069218 0.051621 0.809759 0.037606 0.031797
2 2 0.047990 0.036184 0.868067 0.022313 0.025447
2 2 0.059924 0.053255 0.810380 0.038749 0.037692
2 2 0.037444 0.025988 0.903179 0.015076 0.018314
2 2 0.041025 0.027188 0.897425 0.016270 0.018092
2 2 0.035759 0.024834 0.904699 0.019344 0.015364
2 2 0.230489 0.108812 0.563131 0.043511 0.054056
0 2 0.360063 0.184796 0.297949 0.066544 0.090649
2 2 0.269769 0.211646 0.292410 0.098254 0.127921
2 2 0.035423 0.028775 0.895320 0.019105 0.021376
2 2 0.080324 0.054273 0.800402 0.030382 0.034619
2 2 0.073190 0.058354 0.795291 0.027496 0.045668
2 2 0.058274 0.045846 0.835891 0.026814 0.033175
2 2 0.055457 0.037133 0.863375 0.016648 0.027388
2 2 0.077489 0.063374 0.778977 0.030849 0.049310
2 2 0.040233 0.034216 0.877732 0.021101 0.026717
2 2 0.044075 0.039977 0.859249 0.024127 0.032571
2 2 0.056217 0.043336 0.844665 0.023779 0.032003
2 2 0.051810 0.042776 0.848661 0.022950 0.033803
2 2 0.048259 0.032457 0.879589 0.016871 0.022824
2 2 0.033794 0.021495 0.917434 0.013221 0.014056
2 2 0.034321 0.023890 0.910198 0.015309 0.016282
2 2 0.038067 0.028164 0.895312 0.019285 0.019172
2 2 0.037521 0.025897 0.901662 0.018346 0.016573
2 2 0.035365 0.026571 0.899882 0.020872 0.017311
2 2 0.054210 0.058234 0.792784 0.051340 0.043433
2 2 0.042243 0.037477 0.863692 0.030092 0.026496
2 2 0.043569 0.049607 0.827674 0.035471 0.043680
2 2 0.038366 0.040046 0.848149 0.046438 0.027000
2 2 0.030112 0.027115 0.901385 0.020718 0.020669
2 2 0.043404 0.039554 0.862156 0.017171 0.037715
2 2 0.034035 0.028000 0.898657 0.017787 0.021521
2 2 0.038795 0.035913 0.868631 0.031176 0.025485
2 2 0.046941 0.045160 0.824758 0.055934 0.027207
2 2 0.041591 0.031530 0.883682 0.021626 0.021571
2 2 0.039708 0.035579 0.866474 0.035012 0.023227
0 2 0.528176 0.147984 0.231643 0.043455 0.048742
2 2 0.269564 0.183315 0.365874 0.064110 0.117137
2 2 0.105095 0.071911 0.741130 0.033136 0.048728
2 2 0.039670 0.032188 0.881336 0.024822 0.021984
2 2 0.054952 0.043798 0.845195 0.019545 0.036509
2 2 0.035183 0.028165 0.890375 0.029489 0.016788
2 2 0.037489 0.029773 0.891045 0.020362 0.021332
2 2 0.039423 0.030378 0.889354 0.018478 0.022366
2 2 0.038708 0.031733 0.884421 0.022265 0.022873
2 2 0.048556 0.045723 0.841895 0.019127 0.044699
2 2 0.042717 0.032640 0.882329 0.016666 0.025648
2 2 0.036220 0.023844 0.907065 0.018732 0.014140
2 2 0.037509 0.029086 0.889809 0.025233 0.018362
2 2 0.044447 0.033940 0.870203 0.031204 0.020206
2 2 0.040215 0.029660 0.890874 0.018198 0.021053
2 2 0.042402 0.029876 0.888704 0.018875 0.020142
2 2 0.054207 0.047918 0.821875 0.045839 0.030160
2 2 0.042460 0.040103 0.844864 0.048012 0.024562
2 2 0.076850 0.074744 0.735770 0.061324 0.051313
2 2 0.041514 0.034842 0.870342 0.030449 0.022853
2 2 0.039130 0.039479 0.858027 0.033277 0.030087
2 2 0.098843 0.071981 0.744024 0.035287 0.049865
0 2 0.558745 0.135411 0.227966 0.036033 0.041845
2 2 0.213011 0.153950 0.470098 0.059638 0.103302
2 2 0.084834 0.071331 0.753468 0.034027 0.056340
2 2 0.115842 0.102615 0.653091 0.046965 0.081488
2 2 0.046524 0.040012 0.858014 0.024352 0.031099
2 2 0.030830 0.023206 0.914784 0.013494 0.017686
2 2 0.071181 0.061147 0.785911 0.036451 0.045310
2 2 0.073520 0.060955 0.784382 0.038295 0.042847
2 2 0.052945 0.029885 0.882789 0.016444 0.017937
2 2 0.123954 0.106115 0.639236 0.051110 0.079584
2 2 0.055896 0.048078 0.832348 0.022330 0.041348
2 2 0.029784 0.020566 0.922333 0.013097 0.014220
2 2 0.033390 0.025238 0.907321 0.015322 0.018729
2 2 0.037324 0.026630 0.900015 0.018369 0.017663
2 2 0.045981 0.039927 0.860142 0.018150 0.035799
2 2 0.030163 0.023916 0.912384 0.015544 0.017994
2 2 0.033086 0.025746 0.903827 0.019881 0.017461
2 2 0.032890 0.024845 0.909854 0.011406 0.021006
2 2 0.033405 0.028072 0.897495 0.020414 0.020614
2 2 0.029076 0.024226 0.912727 0.013912 0.020059
2 2 0.031807 0.026927 0.899243 0.023734 0.018291
2 2 0.042267 0.029770 0.889752 0.017409 0.020803
2 2 0.034894 0.027536 0.895024 0.025241 0.017305
2 2 0.032207 0.026498 0.900111 0.023669 0.017514
2 2 0.032233 0.025242 0.903795 0.022635 0.016096
2 2 0.037994 0.039657 0.851686 0.043062 0.027602
2 2 0.029944 0.021700 0.916727 0.017858 0.013770
2 2 0.036771 0.040366 0.828232 0.071376 0.023255
2 2 0.040547 0.033412 0.871368 0.034617 0.020057
2 2 0.028988 0.021355 0.919774 0.015142 0.014741
2 2 0.033318 0.026856 0.896631 0.026571 0.016624
2 2 0.042525 0.047138 0.808731 0.073095 0.028510
2 3 0.037287 0.031363 0.878078 0.034505 0.018766
2 3 0.039663 0.032655 0.874830 0.032969 0.019883
2 3 0.042857 0.044356 0.826217 0.059102 0.027468
2 3 0.044755 0.043460 0.830269 0.055343 0.026174
2 3 0.050468 0.057488 0.765501 0.092574 0.033969
2 3 0.041561 0.040795 0.830072 0.065080 0.022493
2 3 0.041046 0.035851 0.858542 0.043863 0.020698
2 3 0.046733 0.044035 0.826325 0.057340 0.025567
2 3 0.038842 0.038904 0.837950 0.062420 0.021883
2 3 0.044072 0.039269 0.844402 0.049879 0.022378
2 3 0.037404 0.033604 0.866670 0.042647 0.019675
2 3 0.048777 0.054992 0.770122 0.091351 0.034759
2 3 0.041588 0.036723 0.857513 0.042228 0.021949
2 3 0.037818 0.035807 0.854449 0.051443 0.020482
2 3 0.043763 0.037637 0.847446 0.050780 0.020374
2 3 0.044539 0.045483 0.803820 0.080618 0.025541
2 3 0.042346 0.038672 0.849329 0.046557 0.023096
2 3 0.040019 0.039944 0.845855 0.048833 0.025349
2 3 0.041599 0.042030 0.828942 0.063120 0.024308
2 3 0.047267 0.049384 0.811621 0.060018 0.031710
2 3 0.044397 0.054152 0.780058 0.087302 0.034092
2 3 0.051467 0.052099 0.770490 0.096904 0.029040
2 3 0.042378 0.042310 0.827531 0.063574 0.024207
2 3 0.047380 0.052998 0.791420 0.075040 0.033162
2 3 0.048315 0.053587 0.771535 0.094708 0.031856
2 3 0.038033 0.037154 0.856953 0.044163 0.023697
2 3 0.047448 0.054053 0.784587 0.080477 0.033435
2 3 0.055644 0.055995 0.726248 0.127847 0.034266
2 3 0.046266 0.047710 0.821079 0.053260 0.031685
2 3 0.036120 0.039073 0.844099 0.056078 0.024630
2 3 0.050507 0.054272 0.774325 0.090573 0.030322
2 3 0.114824 0.085233 0.681708 0.073232 0.045003
2 3 0.179204 0.093266 0.634699 0.045862 0.046968
2 0 0.286009 0.197193 0.320285 0.080603 0.115910
2 2 0.072422 0.051377 0.812341 0.030356 0.033504
2 2 0.077087 0.056443 0.798870 0.024977 0.042624
2 2 0.036978 0.027002 0.898506 0.019803 0.017710
2 2 0.058048 0.041103 0.849393 0.023430 0.028025
2 2 0.066937 0.048404 0.825477 0.024395 0.034787
2 2 0.124648 0.093301 0.675155 0.035188 0.071708
2 2 0.097280 0.077022 0.732577 0.032521 0.060600
2 2 0.061603 0.047107 0.831668 0.024731 0.034891
2 2 0.134837 0.098521 0.655667 0.039153 0.071823
2 1 0.179995 0.147183 0.505490 0.052930 0.114401
2 4 0.098720 0.089438 0.695678 0.046310 0.069854
2 4 0.152690 0.118402 0.594374 0.043546 0.090988
4 4 0.097552 0.187350 0.248443 0.053100 0.413554
4 4 0.088485 0.175171 0.176431 0.038143 0.521771
4 4 0.178684 0.243468 0.140460 0.089494 0.347894
4 4 0.086752 0.159669 0.078562 0.025315 0.649703
4 4 0.067087 0.127599 0.044575 0.014668 0.746070
4 4 0.081038 0.146864 0.055244 0.020086 0.696768
4 4 0.034968 0.077556 0.021550 0.005267 0.860660
4 4 0.028657 0.058943 0.015521 0.002599 0.894279
4 4 0.046397 0.096548 0.029519 0.008178 0.819358
4 4 0.098816 0.182262 0.137029 0.038521 0.543372
4 4 0.089650 0.172110 0.131596 0.033387 0.573258
4 4 0.088211 0.165533 0.098767 0.028600 0.618888
4 4 0.131179 0.213513 0.159533 0.060898 0.434877
4 4 0.062468 0.127503 0.060402 0.015315 0.734313
4 4 0.051120 0.103998 0.032894 0.009528 0.802461
4 4 0.098611 0.105090 0.043570 0.004963 0.747766
4 4 0.066716 0.127204 0.044342 0.014591 0.747147
4 4 0.106263 0.181917 0.090655 0.034699 0.586466
4 4 0.138838 0.217406 0.137296 0.060655 0.445806
4 4 0.084491 0.159565 0.088737 0.025859 0.641348
4 4 0.114192 0.193493 0.112792 0.042165 0.537359
1 4 0.239857 0.245535 0.199087 0.168412 0.147109
0 4 0.705749 0.076642 0.188721 0.010766 0.018122
2 4 0.182403 0.234811 0.252364 0.138496 0.191926
4 4 0.100416 0.182705 0.127886 0.037994 0.550999
4 4 0.106300 0.195421 0.234491 0.057490 0.406298
4 4 0.111269 0.193164 0.128496 0.043472 0.523599
4 4 0.112303 0.184985 0.080299 0.035230 0.587183
4 4 0.092390 0.161442 0.064141 0.025055 0.656972
4 4 0.078107 0.164797 0.196949 0.034587 0.525560
4 4 0.116323 0.189429 0.083649 0.037534 0.573065
4 4 0.143130 0.216333 0.106833 0.055510 0.478193
4 4 0.213102 0.249527 0.164805 0.105826 0.266741
4 4 0.086351 0.171809 0.163139 0.035483 0.543219
4 4 0.143278 0.194388 0.094520 0.034700 0.533114
0 4 0.308713 0.231961 0.202989 0.092919 0.163417
0 4 0.355780 0.213244 0.227908 0.104951 0.098117
4 4 0.116168 0.195656 0.115169 0.043559 0.529448
4 4 0.139110 0.212613 0.103256 0.052488 0.492532
4 4 0.131845 0.214561 0.166996 0.062971 0.423627
4 4 0.070515 0.132565 0.047199 0.015968 0.733753
4 4 0.094174 0.167444 0.079150 0.028087 0.631145
4 4 0.090120 0.161359 0.071629 0.025481 0.651411
2 4 0.139056 0.218568 0.274223 0.097047 0.271106
4 4 0.130085 0.203849 0.095360 0.046151 0.524555
4 4 0.109018 0.188925 0.113924 0.039902 0.548231
4 4 0.113866 0.197011 0.140472 0.046894 0.501757
4 4 0.086225 0.174124 0.199520 0.039490 0.500641
4 4 0.083523 0.170731 0.192230 0.037140 0.516376
4 0 0.197476 0.240832 0.206318 0.106113 0.249260
0 0 0.446419 0.180567 0.235085 0.068038 0.069891
0 0 0.452534 0.178206 0.235149 0.065940 0.068170
0 0 0.385619 0.199236 0.241642 0.085835 0.087667
0 0 0.325728 0.195277 0.298470 0.076960 0.103565
0 0 0.296123 0.220627 0.250489 0.113284 0.119477
0 0 0.366675 0.209593 0.229401 0.099884 0.094447
0 0 0.280037 0.214003 0.279793 0.101602 0.124565
0 0 0.437466 0.183993 0.234897 0.071193 0.072450
0 0 0.347515 0.214221 0.231700 0.105737 0.100826
0 0 0.401217 0.197468 0.232982 0.085014 0.083319
0 0 0.425969 0.188340 0.234491 0.075391 0.075809
0 0 0.391465 0.200970 0.232146 0.089036 0.086383
0 0 0.345722 0.191691 0.292446 0.073495 0.096646
0 0 0.481138 0.166978 0.234757 0.056704 0.060423
0 0 0.502057 0.158599 0.233752 0.050526 0.055067
0 0 0.424035 0.189065 0.234404 0.076114 0.076382
2 0 0.301606 0.184440 0.342057 0.064931 0.106966
0 0 0.325071 0.190956 0.309631 0.072005 0.102337
0 0 0.407162 0.185840 0.256897 0.070528 0.079573
0 0 0.577242 0.129581 0.221125 0.029519 0.042532
0 0 0.724581 0.067928 0.184180 0.009484 0.013827
0 0 0.567014 0.131992 0.226745 0.034176 0.040073
0 0 0.530423 0.147812 0.229852 0.041605 0.050308
0 0 0.567464 0.137489 0.207866 0.023387 0.063794
0 0 0.312083 0.226881 0.220096 0.127303 0.113637
0 0 0.350115 0.215106 0.227061 0.107661 0.100056
0 0 0.539443 0.143365 0.230440 0.040616 0.046136
0 0 0.440217 0.187662 0.214837 0.047915 0.109368
4 0 0.199216 0.252606 0.162327 0.119141 0.266710
0 0 0.314684 0.230251 0.204654 0.091434 0.158977
0 0 0.408205 0.194925 0.233496 0.082214 0.081160
0 0 0.430969 0.186457 0.234691 0.073545 0.074338
0 0 0.688230 0.082221 0.197398 0.013534 0.018618
0 0 0.368833 0.211784 0.222514 0.086234 0.110635
0 0 0.503587 0.163166 0.214451 0.034637 0.084159
0 0 0.480741 0.167135 0.234771 0.056825 0.060527
0 0 0.289244 0.233251 0.214804 0.140425 0.122276
1 0 0.225778 0.246913 0.197029 0.181731 0.148549
0 0 0.394220 0.199986 0.232396 0.087886 0.085511
0 1 0.404549 0.182183 0.267796 0.066223 0.079248
0 1 0.420416 0.190416 0.234228 0.077479 0.077461
0 1 0.481557 0.166811 0.234743 0.056575 0.060313
2 1 0.280634 0.202394 0.310840 0.085114 0.121019
2 1 0.284458 0.185566 0.350860 0.066099 0.113017
2 1 0.263670 0.190683 0.351192 0.071703 0.122751
2 1 0.192411 0.133220 0.534571 0.045345 0.094453
2 1 0.217450 0.178699 0.406360 0.061781 0.135710
2 4 0.251416 0.176462 0.393610 0.058267 0.120245
4 4 0.182350 0.245851 0.168533 0.104442 0.298824
2 4 0.090814 0.166888 0.439581 0.066968 0.235749
2 4 0.102365 0.186656 0.373141 0.079669 0.258169
2 4 0.089173 0.147095 0.507377 0.050707 0.205648
2 4 0.054463 0.053731 0.815770 0.021309 0.054727
2 2 0.102781 0.172840 0.433739 0.071950 0.218689
2 2 0.055102 0.059170 0.798536 0.023395 0.063798
2 2 0.136401 0.176646 0.433259 0.068863 0.184831
2 2 0.062871 0.060155 0.793988 0.022423 0.060564
2 2 0.062185 0.092760 0.684611 0.033917 0.126526
2 2 0.035523 0.034946 0.878365 0.015292 0.035875
2 2 0.095086 0.157959 0.477205 0.059280 0.210470
2 2 0.037233 0.030579 0.891216 0.013582 0.027390
2 2 0.055842 0.075791 0.743134 0.030101 0.095132
2 2 0.034912 0.027157 0.902287 0.011500 0.024144
2 2 0.041436 0.041863 0.855205 0.016677 0.044819
2 2 0.068629 0.097623 0.671680 0.037005 0.125063
2 2 0.101378 0.116522 0.616189 0.045464 0.120447
2 2 0.076121 0.114466 0.618632 0.047404 0.143377
2 2 0.057211 0.055184 0.810258 0.019925 0.057422
2 2 0.063633 0.065182 0.778943 0.028061 0.064182
2 2 0.049119 0.052761 0.819652 0.021610 0.056858
2 2 0.040874 0.032070 0.885352 0.013337 0.028368
2 2 0.036775 0.037257 0.870860 0.017154 0.037954
2 2 0.056630 0.086177 0.705545 0.032461 0.119188
2 2 0.035507 0.032274 0.886697 0.013820 0.031703
2 2 0.040667 0.036934 0.870692 0.014022 0.037686
2 2 0.060561 0.083239 0.716782 0.029154 0.110263
1 2 0.223370 0.236420 0.232235 0.113024 0.194951
2 2 0.073221 0.131375 0.551189 0.047267 0.196948
2 2 0.059869 0.083569 0.716527 0.031120 0.108915
2 2 0.045477 0.057698 0.801818 0.021308 0.073699
2 2 0.040443 0.033602 0.880908 0.015792 0.029254
2 2 0.040096 0.042460 0.853105 0.016048 0.048291
2 2 0.034730 0.030299 0.892975 0.013701 0.028296
2 2 0.037049 0.032100 0.886730 0.013258 0.030863
2 2 0.077406 0.087550 0.706140 0.030918 0.097987
2 2 0.107399 0.169413 0.448249 0.067739 0.207201
2 2 0.080035 0.140552 0.523480 0.049473 0.206461
0 0 0.456333 0.177070 0.234477 0.063830 0.068290
0 0 0.586203 0.124750 0.222098 0.029240 0.037710
0 0 0.664274 0.091879 0.204953 0.016705 0.022189
0 0 0.434676 0.185054 0.234816 0.072197 0.073258
0 0 0.381224 0.191553 0.264699 0.075325 0.087198
0 0 0.548452 0.139658 0.229350 0.038433 0.044106
0 0 0.602256 0.117389 0.220449 0.026942 0.032963
0 0 0.495295 0.161320 0.234143 0.052472 0.056770
0 0 0.640184 0.101725 0.211656 0.020323 0.026112
0 0 0.684775 0.086778 0.191901 0.011949 0.024597
0 0 0.513264 0.154062 0.232963 0.047407 0.052304
0 0 0.283393 0.228026 0.235984 0.127574 0.125023
2 0 0.174653 0.223510 0.292775 0.128092 0.180970
2 1 0.248106 0.216032 0.291967 0.105408 0.138486
0 1 0.377157 0.205998 0.230672 0.095184 0.090989
2 1 0.145556 0.217382 0.306707 0.116918 0.213438
2 1 0.133335 0.182598 0.415730 0.076098 0.192238
2 1 0.163022 0.176783 0.430652 0.064839 0.164703
2 1 0.077564 0.094735 0.684589 0.037974 0.105138
2 2 0.163582 0.208374 0.340494 0.103913 0.183638
2 2 0.116609 0.149955 0.511787 0.054412 0.167236
2 2 0.145132 0.212700 0.321573 0.109291 0.211303
2 2 0.055114 0.049734 0.827842 0.019998 0.047312
2 2 0.075309 0.119546 0.596531 0.042830 0.165784
2 2 0.057978 0.076562 0.742085 0.033090 0.090286
2 4 0.047913 0.052289 0.820871 0.020131 0.058796
2 4 0.125929 0.168545 0.455725 0.062596 0.187206
2 4 0.112878 0.172641 0.440600 0.069798 0.204082
2 2 0.047539 0.051921 0.821831 0.019342 0.059366
2 2 0.115178 0.139037 0.546535 0.053126 0.146124
0 2 0.254420 0.241717 0.205022 0.162659 0.136183
2 2 0.166869 0.199045 0.367705 0.089783 0.176598
2 4 0.133407 0.141948 0.536063 0.052890 0.135692
2 4 0.065275 0.051782 0.817902 0.018965 0.046077
2 4 0.076374 0.068097 0.766344 0.024486 0.064699
2 2 0.034803 0.026252 0.904892 0.011902 0.022151
2 2 0.096257 0.120563 0.603125 0.046272 0.133782
2 2 0.048495 0.045291 0.842596 0.015966 0.047652
2 2 0.048949 0.046374 0.839606 0.018016 0.047054
2 2 0.040969 0.032343 0.884503 0.013832 0.028352
2 2 0.047499 0.041969 0.853536 0.019034 0.037962
2 2 0.042975 0.041056 0.857582 0.020016 0.038371
2 2 0.049323 0.048549 0.832950 0.019861 0.049317
2 2 0.045846 0.037073 0.868620 0.014326 0.034135
2 2 0.065317 0.079173 0.734050 0.031857 0.089603
2 2 0.032083 0.027404 0.902526 0.013528 0.024459
2 2 0.045864 0.047500 0.836469 0.018200 0.051967
2 2 0.035195 0.027884 0.899992 0.012490 0.024439
2 2 0.056827 0.053165 0.816818 0.020163 0.053028
2 2 0.077253 0.070058 0.759329 0.037253 0.056107
2 2 0.143347 0.122121 0.588809 0.047146 0.098577
2 2 0.067187 0.061558 0.788931 0.025273 0.057052
2 2 0.049488 0.041061 0.855532 0.016670 0.037250
2 2 0.047195 0.041653 0.854520 0.019529 0.037103
0 4 0.671909 0.088872 0.202479 0.015591 0.021148
0 0 0.629852 0.105978 0.214262 0.022011 0.027896
0 0 0.502764 0.160918 0.227442 0.044667 0.064210
0 0 0.452184 0.182676 0.207127 0.038627 0.119385
4 0 0.172605 0.239670 0.134407 0.082513 0.370806
4 1 0.101390 0.189714 0.316197 0.067076 0.325622
4 1 0.112150 0.199219 0.299507 0.074434 0.314690
2 1 0.136350 0.212749 0.315300 0.107879 0.227721
2 2 0.102153 0.128814 0.577521 0.049198 0.142314
2 2 0.123165 0.176069 0.433253 0.071031 0.196481
2 2 0.056806 0.079872 0.729119 0.031460 0.102742
2 2 0.046899 0.045773 0.842131 0.019251 0.045945
2 2 0.061774 0.072636 0.755836 0.034601 0.075153
2 2 0.039336 0.040036 0.861582 0.019743 0.039303
2 2 0.052487 0.044795 0.843425 0.018326 0.040966
2 2 0.040571 0.035833 0.874088 0.017855 0.031653
2 2 0.037412 0.044722 0.846181 0.019445 0.052240
2 2 0.028960 0.022105 0.919096 0.012439 0.017400
2 2 0.034000 0.029956 0.894230 0.012412 0.029402
2 2 0.038601 0.041596 0.856566 0.017779 0.045457
2 2 0.034686 0.034703 0.879324 0.016417 0.034870
2 2 0.028382 0.019791 0.925512 0.012304 0.014011
2 2 0.043034 0.038896 0.863893 0.014246 0.039930
2 2 0.041773 0.040603 0.859355 0.017865 0.040403
2 2 0.033153 0.026886 0.903682 0.012974 0.023305
2 2 0.039010 0.034443 0.879013 0.015368 0.032166
2 2 0.040222 0.030929 0.888416 0.015959 0.024474
4 2 0.104602 0.192714 0.309508 0.068967 0.324210
2 2 0.038112 0.041172 0.857858 0.022792 0.040067
2 2 0.034768 0.032987 0.884388 0.017727 0.030129
2 2 0.034644 0.030402 0.892625 0.012196 0.030134
2 2 0.047883 0.048657 0.832665 0.019017 0.051778
2 2 0.031317 0.025559 0.908480 0.011502 0.023141
2 2 0.041370 0.045707 0.843252 0.021976 0.047694
2 2 0.039740 0.037263 0.870185 0.016181 0.036632
2 2 0.033708 0.026639 0.903100 0.016215 0.020338
2 2 0.040960 0.038281 0.866716 0.016351 0.037692
2 2 0.028907 0.020932 0.922908 0.010484 0.016768
2 2 0.037813 0.035977 0.874612 0.015267 0.036331
2 2 0.035944 0.037729 0.869445 0.018889 0.037993
2 2 0.030354 0.022572 0.915867 0.015269 0.015939
2 2 0.033546 0.028669 0.898150 0.014298 0.025338
2 2 0.045939 0.040923 0.857032 0.019948 0.036158
2 2 0.051453 0.044180 0.845234 0.015591 0.043542
2 2 0.078728 0.095843 0.679807 0.034776 0.110846
2 2 0.031433 0.028395 0.899376 0.015847 0.024949
2 2 0.034379 0.029817 0.893375 0.018335 0.024094
2 2 0.039967 0.032740 0.883621 0.015477 0.028195
2 2 0.039714 0.038848 0.864943 0.015023 0.041471
2 2 0.028416 0.020846 0.922633 0.012648 0.015456
2 2 0.030089 0.023044 0.915651 0.013372 0.017844
2 2 0.033260 0.027626 0.901133 0.014768 0.023213
2 2 0.033870 0.030784 0.891768 0.013633 0.029946
2 2 0.030805 0.023806 0.913419 0.012840 0.019131
2 2 0.030887 0.026639 0.903696 0.017952 0.020826
2 2 0.051557 0.053975 0.815765 0.025979 0.052724
2 2 0.027703 0.019751 0.926905 0.009945 0.015696
2 2 0.033482 0.024546 0.910271 0.011976 0.019725
2 2 0.025405 0.020924 0.923744 0.013202 0.016725
2 2 0.036924 0.033788 0.881651 0.014812 0.032825
2 2 0.031948 0.024087 0.912059 0.012888 0.019017
2 2 0.035644 0.035166 0.877362 0.019105 0.032723
2 2 0.037543 0.037438 0.869618 0.014045 0.041357
2 2 0.037287 0.023837 0.909878 0.012118 0.016879
2 2 0.033817 0.029390 0.895736 0.015398 0.025660
2 2 0.039607 0.031670 0.886858 0.015184 0.026681
2 2 0.114428 0.152008 0.507180 0.062483 0.163901
2 2 0.040023 0.032971 0.882239 0.018307 0.026459
2 2 0.071389 0.065142 0.776908 0.025185 0.061376
2 2 0.160337 0.128571 0.563716 0.044177 0.103199
2 2 0.089870 0.094497 0.684657 0.036881 0.094096
2 2 0.041571 0.037890 0.866787 0.021951 0.031801
2 2 0.108276 0.096069 0.675051 0.037945 0.082658
4 2 0.127963 0.212319 0.264863 0.082323 0.312532
2 2 0.047654 0.050545 0.827095 0.024956 0.049749
2 2 0.068245 0.066721 0.773186 0.027297 0.064551
2 2 0.216780 0.196593 0.360097 0.080609 0.145921
2 2 0.187633 0.207198 0.340415 0.097715 0.167040
2 2 0.132974 0.211007 0.316789 0.103622 0.235608
2 2 0.033667 0.033540 0.882933 0.018202 0.031658
2 2 0.033741 0.029245 0.894073 0.020811 0.022131
2 2 0.064141 0.075404 0.745529 0.028191 0.086735
2 2 0.034227 0.028565 0.897902 0.015412 0.023894
2 2 0.038053 0.033034 0.883577 0.014903 0.030432
2 2 0.362622 0.151212 0.364348 0.036754 0.085064
2 2 0.164756 0.229968 0.266310 0.128952 0.210015
2 2 0.101373 0.147042 0.519923 0.060739 0.170923
2 2 0.065463 0.072947 0.754543 0.031658 0.075390
2 2 0.126400 0.129702 0.573345 0.050506 0.120047
2 2 0.142055 0.202992 0.355905 0.101073 0.197975
1 2 0.240285 0.248825 0.188816 0.133778 0.188296
2 0 0.233128 0.151024 0.456447 0.078484 0.080917
0 0 0.419403 0.192153 0.231256 0.073704 0.083483
2 0 0.180926 0.220625 0.301311 0.121037 0.176101
2 1 0.143807 0.193465 0.384748 0.087124 0.190856
2 1 0.132121 0.209518 0.325180 0.105444 0.227738
1 1 0.212817 0.253654 0.178854 0.148266 0.206409
4 1 0.157443 0.229890 0.248463 0.110156 0.254048
2 2 0.103234 0.186208 0.383777 0.083340 0.243441
4 2 0.112973 0.200020 0.296019 0.074521 0.316467
2 2 0.144495 0.181132 0.420553 0.072190 0.181629
2 2 0.135389 0.201020 0.360713 0.099984 0.202894
2 2 0.126858 0.194322 0.370282 0.085453 0.223086
2 2 0.081130 0.109798 0.635059 0.041963 0.132050
1 2 0.215852 0.251887 0.171914 0.121287 0.239060
0 2 0.557892 0.140507 0.214503 0.027697 0.059401
0 0 0.255916 0.244644 0.198682 0.139804 0.160953
1 0 0.214186 0.253369 0.180684 0.152020 0.199741
0 0 0.505987 0.159258 0.228257 0.044723 0.061776
0 0 0.454275 0.180616 0.227241 0.056303 0.081565
4 0 0.204209 0.248860 0.158764 0.102055 0.286112
1 0 0.199912 0.240661 0.223745 0.124683 0.210998
4 0 0.142333 0.222829 0.236008 0.088881 0.309950
4 0 0.086162 0.168213 0.130566 0.031654 0.583404
4 1 0.084406 0.167330 0.139420 0.031857 0.576987
4 1 0.052916 0.120784 0.085618 0.014600 0.726082
4 1 0.077298 0.146517 0.067156 0.020593 0.688435
4 4 0.074566 0.158024 0.160191 0.029287 0.577931
4 4 0.070078 0.131953 0.046869 0.015807 0.735294
4 4 0.060319 0.117929 0.039592 0.012401 0.769760
4 4 0.074748 0.093317 0.034730 0.004358 0.792846
4 4 0.050654 0.096733 0.030634 0.007479 0.814499
4 4 0.045861 0.095690 0.029139 0.008030 0.821280
4 4 0.103648 0.175065 0.073188 0.030565 0.617535
4 4 0.172443 0.239795 0.137134 0.083383 0.367245
4 4 0.152310 0.228049 0.147535 0.072140 0.399965
4 4 0.084901 0.162542 0.101870 0.027673 0.623014
4 4 0.150390 0.222748 0.113393 0.061313 0.452156
4 4 0.115272 0.202776 0.206435 0.059279 0.416237
4 4 0.072168 0.160098 0.272518 0.037968 0.457249
4 4 0.106257 0.185589 0.109514 0.037887 0.560752
4 4 0.107641 0.190777 0.136389 0.042908 0.522285
4 4 0.079992 0.145478 0.054435 0.019656 0.700438
4 4 0.170264 0.238906 0.142196 0.083548 0.365088
4 4 0.081848 0.170772 0.239456 0.041123 0.466800
4 4 0.076761 0.161197 0.166909 0.030996 0.564135
4 4 0.103820 0.175838 0.075368 0.031025 0.613949
4 4 0.053332 0.108737 0.037623 0.010542 0.789765
