0 0 0.549684 0.085808 0.101156 0.070844 0.192508
0 0 0.672924 0.050678 0.060085 0.037319 0.178994
0 0 0.771925 0.026512 0.031627 0.017261 0.152675
0 0 0.825251 0.015752 0.018878 0.009353 0.130768
0 0 0.851859 0.011191 0.013451 0.006266 0.117233
0 0 0.810915 0.019603 0.022363 0.012927 0.134192
0 0 0.718824 0.038911 0.046254 0.027208 0.168803
0 0 0.826027 0.015610 0.018709 0.009254 0.130399
0 0 0.833113 0.014341 0.017201 0.008378 0.126967
0 0 0.845976 0.012146 0.014589 0.006896 0.120393
0 0 0.791125 0.022416 0.026782 0.014161 0.145516
0 0 0.709225 0.041299 0.049064 0.029210 0.171201
0 0 0.847909 0.011828 0.014211 0.006686 0.119366
0 0 0.779070 0.024961 0.029794 0.016075 0.150100
0 0 0.741860 0.033355 0.039706 0.022653 0.162426
0 0 0.784314 0.023843 0.028471 0.015229 0.148144
0 0 0.590262 0.072342 0.100263 0.072432 0.164702
0 0 0.683165 0.047979 0.056917 0.034947 0.176992
0 0 0.832213 0.014500 0.017390 0.008487 0.127410
0 0 0.811851 0.018268 0.021865 0.011130 0.136887
0 0 0.701363 0.044186 0.058665 0.037178 0.158608
0 0 0.741330 0.033480 0.039854 0.022754 0.162583
0 0 0.777494 0.025301 0.030195 0.016333 0.150677
0 0 0.801414 0.020320 0.024298 0.012614 0.141354
0 0 0.788613 0.022939 0.027401 0.014551 0.146497
0 0 0.805319 0.019543 0.023377 0.012049 0.139712
0 0 0.823361 0.016098 0.019289 0.009594 0.131658
0 0 0.793334 0.021960 0.026242 0.013822 0.144642
0 0 0.799119 0.020781 0.024845 0.012952 0.142303
0 0 0.788990 0.022860 0.027308 0.014492 0.146350
0 0 0.735094 0.034960 0.041599 0.023954 0.164393
0 0 0.725351 0.037311 0.044370 0.025881 0.167087
0 0 0.672023 0.050917 0.060366 0.037531 0.179163
0 0 0.757554 0.029721 0.035419 0.019758 0.157548
0 0 0.683707 0.047838 0.056750 0.034824 0.176882
0 0 0.786639 0.023353 0.027890 0.014860 0.147258
0 0 0.745133 0.032586 0.038800 0.022035 0.161445
0 0 0.792206 0.022193 0.026517 0.013994 0.145090
0 0 0.751036 0.031214 0.037181 0.020940 0.159628
0 0 0.754138 0.030501 0.036339 0.020374 0.158648
0 0 0.729710 0.036254 0.043124 0.025011 0.165901
0 0 0.705702 0.042186 0.050108 0.029961 0.172044
0 0 0.807492 0.019115 0.022870 0.011739 0.138783
0 0 0.740130 0.033763 0.040188 0.022983 0.162936
0 0 0.740326 0.033717 0.040133 0.022945 0.162879
0 0 0.739608 0.033887 0.040334 0.023083 0.163090
0 0 0.744878 0.032646 0.038871 0.022083 0.161523
0 0 0.772500 0.026386 0.031479 0.017164 0.152471
0 0 0.812376 0.018167 0.021745 0.011058 0.136655
0 0 0.796384 0.021336 0.025502 0.013360 0.143418
0 0 0.777374 0.025326 0.030226 0.016353 0.150720
0 0 0.797242 0.021161 0.025295 0.013232 0.143070
0 0 0.798889 0.020827 0.024900 0.012986 0.142397
0 0 0.698960 0.043897 0.052120 0.031418 0.173605
0 0 0.754767 0.030357 0.036169 0.020260 0.158447
0 0 0.685970 0.047247 0.056057 0.034309 0.176417
0 0 0.754235 0.030479 0.036313 0.020356 0.158617
0 0 0.794418 0.021738 0.025978 0.013657 0.144209
0 0 0.789344 0.022787 0.027220 0.014437 0.146213
0 0 0.774164 0.026023 0.031049 0.016885 0.151879
0 0 0.723522 0.037758 0.044895 0.026250 0.167575
0 0 0.723441 0.037777 0.044919 0.026267 0.167596
0 0 0.763678 0.028339 0.033787 0.018676 0.155520
0 0 0.794530 0.021715 0.025951 0.013640 0.144164
0 0 0.765341 0.027967 0.033348 0.018387 0.154957
0 0 0.706874 0.041890 0.049760 0.029710 0.171766
0 0 0.785071 0.023683 0.028281 0.015108 0.147856
0 0 0.764567 0.028140 0.033552 0.018521 0.155220
0 0 0.628677 0.062765 0.074252 0.048310 0.185996
0 0 0.801884 0.020225 0.024186 0.012546 0.141158
0 0 0.557753 0.083379 0.098326 0.068373 0.192169
0 0 0.753298 0.030694 0.036567 0.020527 0.158915
0 0 0.745516 0.032497 0.038694 0.021964 0.161329
0 0 0.797585 0.021092 0.025213 0.013180 0.142930
0 0 0.738781 0.034082 0.040565 0.023241 0.163331
0 0 0.823991 0.015982 0.019152 0.009513 0.131362
0 0 0.790683 0.022508 0.026891 0.014229 0.145689
0 0 0.792309 0.022171 0.026492 0.013979 0.145049
0 0 0.653610 0.055872 0.066177 0.041970 0.182371
0 0 0.680822 0.048593 0.057637 0.035484 0.177463
0 0 0.763638 0.028348 0.033797 0.018683 0.155534
0 0 0.779539 0.024860 0.029675 0.015999 0.149927
0 0 0.778470 0.025090 0.029946 0.016173 0.150320
0 0 0.806754 0.019260 0.023042 0.011844 0.139100
0 0 0.824044 0.015973 0.019140 0.009507 0.131337
0 0 0.781228 0.024499 0.029247 0.015724 0.149302
0 0 0.750296 0.031385 0.037383 0.021076 0.159860
0 0 0.802914 0.020020 0.023943 0.012396 0.140728
0 0 0.663813 0.053111 0.062940 0.039485 0.180650
0 0 0.721682 0.038208 0.045426 0.026624 0.168060
0 0 0.667391 0.052152 0.061815 0.038628 0.180014
0 0 0.660484 0.054008 0.063992 0.040289 0.181227
0 0 0.681119 0.048515 0.057546 0.035416 0.177404
0 0 0.730009 0.036182 0.043039 0.024952 0.165819
0 0 0.720225 0.038566 0.045848 0.026921 0.168440
0 0 0.728785 0.036478 0.043388 0.025195 0.166156
0 0 0.768326 0.027305 0.032564 0.017873 0.153933
0 0 0.802419 0.020119 0.024060 0.012468 0.140935
0 0 0.759691 0.029236 0.034846 0.019378 0.156848
0 0 0.783150 0.024090 0.028762 0.015415 0.148583
0 0 0.770214 0.026888 0.032072 0.017551 0.153276
0 0 0.783217 0.024075 0.028746 0.015404 0.148558
0 0 0.738487 0.034152 0.040647 0.023298 0.163416
0 0 0.577850 0.077400 0.091354 0.062386 0.191011
0 0 0.769535 0.027037 0.032249 0.017666 0.153513
0 0 0.819590 0.016798 0.020120 0.010086 0.133407
0 0 0.715859 0.039645 0.047117 0.027820 0.169559
0 0 0.678329 0.049248 0.058407 0.036059 0.177956
0 0 0.688483 0.046594 0.055289 0.033741 0.175893
0 0 0.667434 0.052141 0.061802 0.038618 0.180006
0 0 0.812190 0.018202 0.021787 0.011083 0.136737
0 0 0.778749 0.025030 0.029875 0.016128 0.150218
0 0 0.756917 0.029866 0.035590 0.019873 0.157755
0 0 0.736629 0.034594 0.041168 0.023656 0.163953
0 0 0.660331 0.054049 0.064041 0.040326 0.181253
0 0 0.724003 0.037640 0.044757 0.026153 0.167447
0 0 0.819835 0.016752 0.020066 0.010053 0.133294
0 0 0.577748 0.077430 0.091389 0.062415 0.191018
0 0 0.643914 0.058528 0.069291 0.044391 0.183876
0 0 0.630811 0.062167 0.073552 0.047753 0.185717
0 0 0.720431 0.038516 0.045788 0.026879 0.168387
0 0 0.630974 0.062121 0.073498 0.047711 0.185696
0 0 0.803890 0.019826 0.023713 0.012254 0.140317
0 0 0.737969 0.034275 0.040792 0.023397 0.163567
0 0 0.807246 0.019163 0.022927 0.011774 0.138889
0 0 0.790559 0.022534 0.026921 0.014248 0.145738
0 0 0.663541 0.053185 0.063026 0.039550 0.180698
0 0 0.664334 0.052971 0.062776 0.039359 0.180559
0 0 0.709334 0.041272 0.049032 0.029187 0.171175
0 0 0.600574 0.070766 0.083608 0.055903 0.189148
0 0 0.751034 0.031215 0.037182 0.020940 0.159629
0 0 0.679674 0.048895 0.057992 0.035748 0.177691
0 0 0.774119 0.026032 0.031061 0.016893 0.151895
0 0 0.704117 0.042587 0.050579 0.030301 0.172418
0 0 0.825098 0.015780 0.018911 0.009372 0.130840
0 0 0.749094 0.031664 0.037712 0.021298 0.160233
0 0 0.758067 0.029604 0.035281 0.019667 0.157381
0 0 0.741608 0.033414 0.039777 0.022701 0.162501
0 0 0.754406 0.030439 0.036267 0.020325 0.158563
0 0 0.760618 0.029027 0.034599 0.019214 0.156542
0 0 0.709864 0.041139 0.048876 0.029075 0.171046
0 0 0.666737 0.052327 0.062020 0.038784 0.180131
0 0 0.764849 0.028077 0.033477 0.018472 0.155124
0 0 0.728747 0.036487 0.043398 0.025202 0.166166
0 0 0.722184 0.038085 0.045281 0.026522 0.167928
0 0 0.692484 0.045559 0.054073 0.032846 0.175038
0 0 0.603252 0.069994 0.082706 0.055160 0.188889
0 0 0.683184 0.047974 0.056911 0.034943 0.176988
0 0 0.691869 0.045717 0.054259 0.032983 0.175171
0 0 0.711463 0.040739 0.048405 0.028738 0.170655
0 0 0.663395 0.053224 0.063072 0.039585 0.180724
0 0 0.649984 0.056862 0.067337 0.042869 0.182948
0 0 0.733340 0.035380 0.042094 0.024296 0.164890
0 0 0.577767 0.077424 0.091382 0.062410 0.191017
0 0 0.661152 0.053828 0.063781 0.040127 0.181113
0 0 0.658469 0.054553 0.064631 0.040778 0.181569
0 0 0.585257 0.075222 0.088812 0.060239 0.190469
0 0 0.736016 0.034740 0.041340 0.023775 0.164129
0 0 0.725333 0.037316 0.044375 0.025885 0.167091
0 0 0.739368 0.033943 0.040400 0.023129 0.163159
0 0 0.721424 0.038272 0.045501 0.026676 0.168128
0 0 0.762122 0.028688 0.034199 0.018949 0.156042
0 0 0.727176 0.036867 0.043847 0.025515 0.166594
0 0 0.652748 0.056107 0.066453 0.042183 0.182509
0 0 0.614808 0.066684 0.078837 0.051999 0.187672
0 0 0.712881 0.040385 0.047988 0.028441 0.170305
0 0 0.613493 0.067059 0.079275 0.052355 0.187819
4 1 0.210343 0.198648 0.205122 0.163137 0.222749
4 1 0.039485 0.237271 0.147593 0.078731 0.496919
4 2 0.035372 0.234336 0.141272 0.073304 0.515716
4 2 0.027766 0.243610 0.217927 0.071317 0.439380
4 1 0.018665 0.212064 0.107510 0.047876 0.613885
4 2 0.148258 0.177341 0.139361 0.078179 0.456861
4 2 0.030930 0.232901 0.142802 0.068268 0.525100
2 2 0.037196 0.228314 0.414101 0.094134 0.226255
4 2 0.092435 0.209067 0.153149 0.086917 0.458432
4 2 0.025686 0.224089 0.123664 0.059351 0.567210
4 1 0.242221 0.124175 0.101603 0.052025 0.479976
4 1 0.044564 0.228787 0.144203 0.076245 0.506202
4 1 0.041145 0.208304 0.124374 0.060710 0.565466
4 1 0.024984 0.198434 0.104818 0.046479 0.625286
4 1 0.017297 0.209020 0.103890 0.045463 0.624329
4 1 0.094191 0.181284 0.125976 0.064445 0.534103
4 1 0.064805 0.234860 0.165152 0.096051 0.439131
4 1 0.234789 0.173777 0.163637 0.109275 0.318522
4 1 0.020319 0.213090 0.110103 0.049676 0.606811
4 0 0.052261 0.183418 0.111028 0.051820 0.601473
0 0 0.481123 0.096034 0.103660 0.066826 0.252357
0 1 0.585677 0.075099 0.088669 0.060118 0.190437
4 1 0.111300 0.223221 0.180721 0.115867 0.368891
4 1 0.036312 0.235067 0.142768 0.074567 0.511285
2 2 0.032248 0.206194 0.505759 0.088713 0.167086
2 2 0.030393 0.099167 0.762624 0.078106 0.029709
2 2 0.035060 0.045119 0.841070 0.073179 0.005573
2 2 0.044503 0.070405 0.783387 0.088448 0.013257
2 2 0.031550 0.042429 0.854984 0.066016 0.005021
2 2 0.032588 0.039140 0.831439 0.092501 0.004332
2 2 0.032438 0.054916 0.833093 0.071082 0.008471
2 2 0.037016 0.044653 0.819824 0.093026 0.005481
2 2 0.049588 0.073103 0.769028 0.094243 0.014038
2 2 0.043478 0.050790 0.792050 0.106750 0.006932
2 2 0.041852 0.047807 0.789328 0.114781 0.006233
2 2 0.038420 0.038323 0.732436 0.186569 0.004252
2 2 0.033322 0.036175 0.794779 0.131915 0.003808
2 1 0.038210 0.034169 0.621952 0.302183 0.003486
2 2 0.070284 0.080324 0.688281 0.144497 0.016614
2 2 0.038974 0.058725 0.808069 0.084838 0.009394
2 1 0.038481 0.086583 0.768009 0.085803 0.021124
2 2 0.042447 0.070584 0.787135 0.086376 0.013458
2 2 0.036630 0.043077 0.813557 0.101587 0.005149
2 2 0.053364 0.070267 0.748114 0.115281 0.012974
2 2 0.031282 0.089247 0.778318 0.077592 0.023561
2 2 0.039484 0.042082 0.769186 0.144232 0.005017
2 2 0.040658 0.087176 0.762590 0.088388 0.021188
3 2 0.041810 0.034100 0.427307 0.493117 0.003667
2 2 0.049102 0.046241 0.676706 0.221712 0.006238
2 2 0.043131 0.035694 0.492406 0.424801 0.003968
2 2 0.041480 0.034345 0.501331 0.419149 0.003696
2 2 0.056338 0.046798 0.526033 0.364047 0.006784
3 3 0.036824 0.031089 0.206013 0.722903 0.003171
3 3 0.027842 0.024329 0.104606 0.840952 0.002272
3 3 0.031823 0.026846 0.120663 0.817896 0.002772
3 3 0.028932 0.025019 0.118747 0.824957 0.002346
3 3 0.035593 0.027812 0.208516 0.725158 0.002920
3 3 0.040108 0.031894 0.379940 0.544691 0.003366
3 3 0.041067 0.033206 0.231236 0.690730 0.003762
3 3 0.030171 0.025040 0.121012 0.821277 0.002501
3 3 0.020245 0.020252 0.066759 0.891256 0.001488
3 3 0.045497 0.037446 0.153137 0.758882 0.005038
3 3 0.032210 0.028006 0.114460 0.822426 0.002897
3 3 0.017811 0.017352 0.065419 0.898242 0.001177
3 3 0.017003 0.017320 0.058231 0.906315 0.001132
3 3 0.015124 0.015992 0.050460 0.917461 0.000963
3 3 0.010020 0.011791 0.031912 0.945739 0.000538
3 3 0.027011 0.024793 0.093309 0.852642 0.002245
3 3 0.021318 0.020838 0.072020 0.884233 0.001591
3 3 0.013463 0.015146 0.041584 0.928968 0.000839
3 3 0.012427 0.014429 0.037212 0.935176 0.000757
3 3 0.023060 0.021653 0.081607 0.871926 0.001754
3 3 0.008258 0.009817 0.027874 0.953655 0.000396
3 3 0.021242 0.020320 0.075055 0.881831 0.001553
3 3 0.012038 0.013324 0.040270 0.933680 0.000689
3 3 0.017975 0.018494 0.058926 0.903353 0.001251
3 3 0.019599 0.019091 0.069132 0.890799 0.001379
3 3 0.017917 0.016881 0.070209 0.893837 0.001155
3 3 0.011363 0.013693 0.032736 0.941533 0.000675
3 3 0.015667 0.016614 0.051203 0.915493 0.001023
3 3 0.012516 0.014071 0.039906 0.932763 0.000744
3 3 0.014360 0.015335 0.047996 0.921417 0.000892
3 3 0.007651 0.010054 0.021706 0.960206 0.000383
3 3 0.011599 0.012932 0.038822 0.935995 0.000652
3 3 0.011319 0.012731 0.037583 0.937736 0.000631
3 3 0.020236 0.022726 0.052847 0.902549 0.001642
3 3 0.029604 0.026078 0.106506 0.835275 0.002536
3 2 0.049543 0.039223 0.233752 0.672160 0.005321
3 2 0.081991 0.068565 0.337392 0.498454 0.013599
3 2 0.056374 0.044399 0.345598 0.547181 0.006448
2 1 0.047569 0.062190 0.774658 0.105323 0.010259
2 2 0.061744 0.057843 0.640610 0.230327 0.009476
2 2 0.072561 0.065845 0.532417 0.317563 0.011613
2 2 0.065572 0.058735 0.601174 0.264468 0.010051
2 2 0.037573 0.030364 0.593617 0.335234 0.003212
3 2 0.058867 0.051218 0.325075 0.557638 0.007203
3 2 0.023400 0.020771 0.092043 0.862069 0.001717
2 2 0.066084 0.058774 0.483015 0.382874 0.009253
2 2 0.065603 0.066198 0.673264 0.183196 0.011739
2 2 0.078544 0.096293 0.645418 0.155592 0.024152
2 2 0.049114 0.092513 0.736665 0.098544 0.023165
2 2 0.046692 0.088049 0.749141 0.095069 0.021048
2 2 0.031997 0.104242 0.750036 0.081009 0.032715
2 3 0.038395 0.049948 0.807280 0.097525 0.006852
2 3 0.058672 0.052778 0.621202 0.259151 0.008197
2 2 0.044557 0.036672 0.589206 0.325092 0.004473
2 2 0.046173 0.035404 0.479702 0.434298 0.004423
2 2 0.085168 0.077127 0.520865 0.300771 0.016069
2 2 0.053515 0.044207 0.512825 0.383375 0.006078
3 3 0.050651 0.041694 0.315355 0.586952 0.005348
3 2 0.025571 0.023841 0.087725 0.860790 0.002073
2 2 0.055416 0.048526 0.519866 0.369562 0.006630
2 2 0.043635 0.038547 0.647868 0.265310 0.004641
3 2 0.048113 0.039961 0.394296 0.512829 0.004801
3 2 0.045739 0.037308 0.220525 0.691768 0.004660
2 2 0.046024 0.039437 0.618052 0.291539 0.004947
3 2 0.065857 0.057721 0.282204 0.585121 0.009097
3 3 0.048291 0.041012 0.196803 0.708556 0.005337
3 3 0.024988 0.022594 0.092044 0.858428 0.001946
3 3 0.018748 0.018289 0.067202 0.894479 0.001282
3 3 0.017296 0.016832 0.064475 0.900278 0.001120
3 3 0.026453 0.023262 0.100419 0.847773 0.002094
3 2 0.031731 0.028571 0.105963 0.830832 0.002902
3 2 0.127876 0.117571 0.196801 0.520844 0.036906
2 2 0.056569 0.055101 0.677355 0.202500 0.008475
2 2 0.044571 0.046445 0.744722 0.158229 0.006034
2 2 0.052850 0.044165 0.510179 0.386867 0.005940
2 2 0.059364 0.052881 0.612549 0.266921 0.008285
2 2 0.080167 0.077763 0.595836 0.229575 0.016660
2 2 0.038682 0.037949 0.730150 0.188948 0.004270
2 2 0.046939 0.036831 0.540977 0.370527 0.004725
3 2 0.061317 0.050507 0.317993 0.562475 0.007707
2 1 0.067116 0.066186 0.657340 0.197496 0.011862
2 1 0.092428 0.122048 0.604779 0.142119 0.038626
2 2 0.065472 0.150078 0.595556 0.124007 0.064887
2 1 0.033744 0.060011 0.822137 0.074023 0.010086
2 2 0.080486 0.145358 0.578962 0.136586 0.058609
2 1 0.109779 0.163569 0.489954 0.160330 0.076369
2 1 0.082761 0.134596 0.596909 0.136887 0.048847
2 2 0.049670 0.090387 0.739309 0.098641 0.021993
2 2 0.030130 0.039500 0.859312 0.066659 0.004399
2 2 0.029658 0.035423 0.838501 0.092789 0.003628
2 2 0.035039 0.052433 0.831753 0.073204 0.007570
2 2 0.039408 0.042560 0.775027 0.137901 0.005104
2 2 0.027865 0.067111 0.823024 0.068717 0.013283
2 2 0.029224 0.035231 0.842411 0.089542 0.003592
2 2 0.030923 0.063089 0.823033 0.071547 0.011409
2 2 0.031879 0.077090 0.797852 0.075961 0.017217
2 2 0.037606 0.115204 0.718136 0.089738 0.039315
2 2 0.037864 0.044181 0.807590 0.104972 0.005393
2 1 0.036867 0.104502 0.739531 0.087193 0.031907
2 1 0.096935 0.149812 0.541457 0.149887 0.061909
2 1 0.029865 0.065048 0.822087 0.070747 0.012253
2 2 0.037897 0.066240 0.803439 0.080352 0.012072
2 2 0.037423 0.050729 0.829710 0.075168 0.006971
2 2 0.032774 0.045336 0.847809 0.068381 0.005701
2 2 0.037168 0.072712 0.794197 0.081196 0.014727
2 2 0.035188 0.058354 0.821856 0.075171 0.009431
2 2 0.035655 0.044648 0.833269 0.080956 0.005471
2 2 0.031914 0.069450 0.810508 0.074294 0.013834
2 2 0.037828 0.044290 0.808762 0.103705 0.005415
2 2 0.042639 0.047744 0.780069 0.123311 0.006238
2 2 0.034157 0.093914 0.764107 0.082057 0.025766
2 2 0.041594 0.057332 0.805194 0.087065 0.008816
2 0 0.037580 0.046729 0.826027 0.083726 0.005937
0 1 0.619802 0.065266 0.077178 0.050657 0.187096
2 2 0.121144 0.174154 0.446556 0.168330 0.089816
2 2 0.044186 0.059042 0.802816 0.084753 0.009204
2 2 0.032491 0.070584 0.807416 0.075255 0.014253
2 2 0.039647 0.044851 0.792197 0.117743 0.005563
2 2 0.041268 0.052110 0.818998 0.080405 0.007219
2 2 0.041310 0.082931 0.768576 0.088185 0.018997
2 1 0.031508 0.059180 0.828147 0.071215 0.009951
2 1 0.055213 0.107376 0.698442 0.107682 0.031286
2 2 0.035536 0.054803 0.826910 0.074486 0.008266
2 2 0.040781 0.054928 0.816215 0.080014 0.008061
2 2 0.040344 0.050045 0.817505 0.085390 0.006716
2 2 0.040420 0.051385 0.813462 0.087632 0.007100
2 2 0.031173 0.056529 0.833136 0.070089 0.009074
2 2 0.046803 0.044123 0.683599 0.219755 0.005721
2 2 0.047129 0.102145 0.723398 0.098428 0.028900
2 2 0.039058 0.094103 0.753728 0.087959 0.025151
2 2 0.034789 0.060279 0.819543 0.075277 0.010111
2 2 0.038826 0.078040 0.781885 0.084322 0.016927
2 2 0.040195 0.061071 0.807323 0.081342 0.010069
2 2 0.047003 0.043589 0.672462 0.231301 0.005644
2 2 0.034765 0.037745 0.790578 0.132803 0.004109
2 1 0.079458 0.078364 0.626789 0.199040 0.016350
2 1 0.103782 0.198543 0.411383 0.157325 0.128967
0 1 0.282895 0.166958 0.227628 0.172730 0.149789
0 1 0.288224 0.171055 0.198200 0.171287 0.171233
2 2 0.045605 0.109327 0.713279 0.098072 0.033717
2 2 0.035855 0.080757 0.783357 0.081528 0.018504
2 2 0.030163 0.040057 0.861640 0.063628 0.004512
2 2 0.036082 0.057994 0.820617 0.076046 0.009260
2 2 0.029641 0.060261 0.830350 0.069274 0.010475
2 2 0.039670 0.101462 0.739377 0.090013 0.029478
2 2 0.045161 0.080491 0.765112 0.091722 0.017514
2 2 0.030467 0.052381 0.841289 0.068067 0.007796
2 2 0.031550 0.051784 0.839981 0.069131 0.007554
2 2 0.030770 0.050152 0.844227 0.067738 0.007113
2 2 0.043190 0.142353 0.653038 0.099863 0.061557
2 2 0.030492 0.069017 0.814237 0.072459 0.013795
2 2 0.062506 0.072564 0.706062 0.145078 0.013790
2 2 0.040441 0.053559 0.811870 0.086413 0.007718
2 2 0.039489 0.061090 0.800755 0.088476 0.010190
2 2 0.046541 0.061588 0.771760 0.109956 0.010155
2 2 0.045317 0.067508 0.786624 0.088454 0.012098
2 2 0.038697 0.040631 0.764728 0.151217 0.004727
2 2 0.043864 0.034142 0.514008 0.403908 0.004078
3 2 0.055704 0.045688 0.433100 0.459136 0.006372
2 2 0.054072 0.048623 0.632692 0.257576 0.007038
2 2 0.054530 0.053002 0.681450 0.203122 0.007895
2 2 0.053359 0.057343 0.734532 0.145974 0.008792
2 2 0.048907 0.050718 0.730562 0.162718 0.007095
2 2 0.042316 0.070400 0.787700 0.086191 0.013393
2 2 0.043751 0.036449 0.601628 0.313794 0.004377
2 1 0.058562 0.055894 0.642392 0.234599 0.008553
2 1 0.059665 0.111000 0.683470 0.112666 0.033200
2 1 0.119943 0.177353 0.440723 0.167727 0.094254
2 2 0.110369 0.150150 0.518371 0.159287 0.061822
2 2 0.028296 0.045088 0.857516 0.063269 0.005830
2 2 0.072248 0.236938 0.320403 0.128390 0.242022
2 2 0.036791 0.069899 0.799642 0.080077 0.013591
2 2 0.034993 0.073401 0.797517 0.078871 0.015218
2 2 0.051373 0.137005 0.648645 0.108393 0.054584
2 2 0.030003 0.064330 0.822965 0.070741 0.011961
2 2 0.035511 0.044396 0.833312 0.081365 0.005416
2 2 0.033132 0.069743 0.807465 0.075820 0.013840
2 2 0.029249 0.062167 0.828099 0.069279 0.011207
2 2 0.037222 0.088571 0.767137 0.084746 0.022325
2 2 0.037547 0.042832 0.801082 0.113424 0.005114
2 2 0.033621 0.039469 0.821719 0.100787 0.004404
2 1 0.046648 0.048336 0.736335 0.162181 0.006500
2 1 0.066997 0.099349 0.691194 0.116884 0.025576
2 1 0.108526 0.138739 0.545059 0.156431 0.051244
2 2 0.237316 0.179419 0.254858 0.179963 0.148445
2 2 0.062863 0.101652 0.693283 0.115006 0.027196
2 2 0.037663 0.052001 0.827166 0.075845 0.007325
2 2 0.037619 0.045847 0.820843 0.089948 0.005743
2 2 0.028875 0.047183 0.852955 0.064619 0.006368
2 2 0.031907 0.044399 0.851089 0.067109 0.005495
2 2 0.038656 0.069220 0.796979 0.081969 0.013176
2 2 0.031556 0.040427 0.850388 0.073047 0.004582
2 2 0.032700 0.047915 0.843817 0.069180 0.006388
2 2 0.035157 0.041921 0.821913 0.096110 0.004899
2 2 0.031674 0.110178 0.739710 0.081454 0.036985
2 0 0.078363 0.080588 0.650230 0.173925 0.016894
0 0 0.764117 0.028241 0.033671 0.018599 0.155372
0 0 0.779787 0.024807 0.029612 0.015958 0.149836
0 0 0.798129 0.020981 0.025082 0.013099 0.142708
0 0 0.795199 0.021578 0.025789 0.013539 0.143896
0 0 0.696921 0.044419 0.052733 0.031865 0.174063
0 0 0.637243 0.060374 0.071452 0.046090 0.184841
0 0 0.588032 0.074410 0.087864 0.059443 0.190250
0 0 0.522253 0.094179 0.110899 0.079535 0.193135
0 0 0.490629 0.104032 0.122346 0.090117 0.192876
0 0 0.607005 0.068915 0.081444 0.054124 0.188511
0 0 0.566620 0.080728 0.095236 0.065702 0.191713
0 0 0.430394 0.123334 0.144704 0.112006 0.189563
0 0 0.438777 0.120609 0.141553 0.108819 0.190243
0 0 0.433100 0.122453 0.143685 0.110972 0.189790
0 0 0.262596 0.178738 0.197079 0.157317 0.204271
0 0 0.376895 0.139283 0.158528 0.122867 0.202427
0 0 0.457803 0.114470 0.134447 0.101756 0.191524
0 0 0.399733 0.132330 0.152558 0.118119 0.197260
0 0 0.488144 0.104815 0.123255 0.090974 0.192812
0 0 0.712876 0.040386 0.047990 0.028442 0.170306
0 0 0.625760 0.063584 0.075210 0.049076 0.186369
0 0 0.552849 0.084854 0.100044 0.069870 0.192383
0 0 0.508979 0.098289 0.115677 0.083903 0.193153
0 0 0.531241 0.091417 0.107686 0.076638 0.193018
0 0 0.479103 0.107674 0.126571 0.094126 0.192526
0 1 0.473442 0.109298 0.128198 0.095488 0.193574
0 1 0.312347 0.154252 0.160124 0.114484 0.258794
4 0 0.223311 0.172063 0.156542 0.100223 0.347861
0 1 0.443152 0.113979 0.127044 0.089661 0.226163
0 1 0.428022 0.118721 0.131747 0.093630 0.227880
0 1 0.332572 0.144033 0.147894 0.101726 0.273776
0 1 0.388520 0.127004 0.134824 0.092563 0.257089
0 0 0.479163 0.106379 0.123379 0.089811 0.201268
0 1 0.532018 0.091179 0.107410 0.076390 0.193004
0 1 0.401850 0.128020 0.142043 0.103414 0.224672
0 1 0.420197 0.122179 0.136372 0.098539 0.222713
0 1 0.462301 0.113028 0.132777 0.100121 0.191774
4 1 0.219275 0.175767 0.160760 0.104429 0.339769
4 1 0.166922 0.177384 0.145207 0.084581 0.425906
4 1 0.227652 0.168569 0.152812 0.096653 0.354314
4 1 0.249115 0.160534 0.147799 0.093269 0.349283
0 1 0.530677 0.077666 0.083027 0.049985 0.258644
4 0 0.301268 0.146967 0.142664 0.092468 0.316632
0 0 0.669854 0.051495 0.061043 0.038043 0.179565
0 1 0.438716 0.120629 0.141576 0.108841 0.190238
0 1 0.334020 0.154825 0.177674 0.145003 0.188478
4 1 0.120580 0.226506 0.191995 0.129944 0.330976
4 1 0.103984 0.236296 0.203053 0.133560 0.323106
4 1 0.123489 0.223463 0.188964 0.126621 0.337464
0 1 0.310383 0.156851 0.165021 0.120760 0.246984
4 1 0.146041 0.153789 0.114190 0.057758 0.528222
4 1 0.043276 0.197468 0.117183 0.055673 0.586399
4 1 0.263694 0.146645 0.132241 0.078938 0.378481
4 1 0.297005 0.151449 0.148725 0.098773 0.304048
0 1 0.375211 0.110166 0.105402 0.061198 0.348023
4 1 0.364653 0.095457 0.085644 0.044452 0.409793
4 1 0.037739 0.187354 0.106234 0.047997 0.620675
4 1 0.034100 0.169186 0.091439 0.038569 0.666707
4 1 0.071118 0.186444 0.121870 0.060310 0.560257
4 0 0.298725 0.141030 0.132928 0.082131 0.345187
4 1 0.109305 0.122611 0.079648 0.033647 0.654790
4 1 0.058584 0.143872 0.083983 0.034947 0.678614
4 1 0.041307 0.158921 0.088079 0.036827 0.674866
4 1 0.049905 0.124001 0.067867 0.025807 0.732420
4 1 0.037215 0.206210 0.119994 0.057358 0.579224
4 1 0.030199 0.201893 0.111543 0.051168 0.605197
4 1 0.046088 0.183946 0.108368 0.049767 0.611832
4 1 0.116154 0.128098 0.085272 0.037193 0.633282
4 1 0.025888 0.208653 0.112692 0.051718 0.601050
4 1 0.023689 0.207179 0.109593 0.049528 0.610010
4 0 0.023730 0.215865 0.121158 0.053180 0.586067
4 0 0.152709 0.160277 0.122262 0.064236 0.500516
0 1 0.667135 0.052221 0.061895 0.038689 0.180060
0 1 0.420964 0.126413 0.148261 0.115648 0.188714
0 1 0.485975 0.105499 0.124049 0.091726 0.192751
0 1 0.347544 0.148553 0.166316 0.129166 0.208420
4 1 0.179523 0.202727 0.188272 0.132772 0.296706
4 1 0.086686 0.228669 0.172627 0.105088 0.406930
4 1 0.034538 0.241283 0.175357 0.076347 0.472474
2 1 0.032334 0.231406 0.402563 0.087094 0.246603
4 1 0.027653 0.227722 0.130935 0.062756 0.550934
2 1 0.044778 0.204968 0.491723 0.104987 0.153544
2 2 0.031076 0.095391 0.767941 0.078393 0.027198
2 2 0.047858 0.156305 0.614034 0.106599 0.075203
4 1 0.060501 0.211785 0.142806 0.072981 0.511926
0 1 0.407711 0.130383 0.151932 0.118725 0.191248
2 2 0.041760 0.144819 0.650527 0.098419 0.064475
2 2 0.056564 0.185508 0.527941 0.117835 0.112152
2 2 0.033144 0.087379 0.777641 0.079596 0.022240
2 2 0.038261 0.049019 0.830818 0.075437 0.006465
2 2 0.030758 0.062524 0.824301 0.071205 0.011211
2 2 0.025432 0.037326 0.875924 0.057251 0.004067
2 2 0.035965 0.046515 0.839451 0.072183 0.005885
2 2 0.029644 0.055672 0.837745 0.068046 0.008893
2 2 0.028179 0.115133 0.737581 0.077306 0.041800
2 2 0.030485 0.050471 0.844314 0.067509 0.007222
2 2 0.032961 0.059173 0.825121 0.072897 0.009848
2 2 0.028806 0.044851 0.856816 0.063783 0.005744
2 2 0.025451 0.047990 0.859028 0.060740 0.006791
2 2 0.048089 0.061501 0.791245 0.089320 0.009846
2 2 0.031083 0.063268 0.822402 0.071784 0.011463
2 2 0.029949 0.057990 0.833365 0.069044 0.009652
2 2 0.030002 0.061057 0.828292 0.069916 0.010733
2 2 0.040091 0.053663 0.819641 0.078895 0.007711
2 2 0.030193 0.066847 0.818442 0.071582 0.012936
2 2 0.033196 0.052000 0.836223 0.071048 0.007532
2 2 0.036519 0.076356 0.789425 0.081320 0.016380
2 2 0.039808 0.045980 0.798796 0.109615 0.005801
2 2 0.036535 0.066977 0.804996 0.079042 0.012451
2 2 0.046685 0.064724 0.784605 0.092929 0.011057
2 2 0.035334 0.127773 0.698222 0.088537 0.050134
2 2 0.030258 0.038318 0.851679 0.075580 0.004166
2 2 0.035352 0.087523 0.772797 0.082320 0.022008
2 2 0.036181 0.035573 0.738666 0.185783 0.003797
2 2 0.035569 0.056652 0.823843 0.075086 0.008850
2 2 0.042621 0.057604 0.808227 0.082737 0.008811
2 1 0.039388 0.048376 0.817768 0.088146 0.006322
2 0 0.113713 0.217166 0.333381 0.161555 0.174184
0 1 0.651200 0.056529 0.066948 0.042567 0.182756
0 1 0.432871 0.122528 0.143771 0.111059 0.189771
2 2 0.122140 0.151229 0.502343 0.155935 0.068352
2 2 0.057998 0.142569 0.624915 0.115907 0.058610
2 2 0.057615 0.152168 0.605261 0.116598 0.068357
2 2 0.099673 0.210124 0.382840 0.153777 0.153586
2 2 0.050955 0.118982 0.684885 0.105392 0.039786
2 2 0.036157 0.078842 0.785979 0.081463 0.017559
2 2 0.045873 0.166339 0.594575 0.105116 0.088097
2 2 0.039891 0.079699 0.776926 0.085889 0.017594
2 2 0.040519 0.055179 0.816322 0.079832 0.008148
2 2 0.039560 0.102753 0.737266 0.090109 0.030313
2 2 0.050986 0.156982 0.606777 0.110118 0.075137
2 2 0.030833 0.050265 0.843914 0.067845 0.007143
2 2 0.027226 0.047128 0.856554 0.062651 0.006441
2 2 0.028763 0.072632 0.811967 0.071088 0.015551
2 2 0.031429 0.063683 0.820995 0.072303 0.011590
2 2 0.029138 0.064884 0.823914 0.069807 0.012257
2 2 0.052997 0.066555 0.748254 0.120520 0.011674
2 2 0.041275 0.083568 0.767556 0.088289 0.019311
2 2 0.033855 0.049198 0.839387 0.070868 0.006692
2 2 0.033171 0.047155 0.836886 0.076585 0.006203
2 3 0.032076 0.039649 0.840563 0.083284 0.004428
2 2 0.043011 0.035043 0.584898 0.332898 0.004151
2 2 0.057868 0.077661 0.729612 0.119116 0.015743
2 2 0.036186 0.071855 0.797633 0.079877 0.014449
2 2 0.042906 0.042869 0.728208 0.180727 0.005290
2 2 0.045328 0.058125 0.790375 0.097209 0.008963
2 2 0.040227 0.071584 0.789891 0.084283 0.014016
2 2 0.038139 0.040486 0.771262 0.145430 0.004683
2 2 0.044177 0.056070 0.784943 0.106359 0.008451
2 1 0.049295 0.044691 0.650966 0.249059 0.005989
2 1 0.091009 0.160315 0.528720 0.146636 0.073320
2 2 0.120330 0.189518 0.408754 0.168106 0.113292
2 1 0.031337 0.069717 0.811287 0.073657 0.014002
2 1 0.213059 0.191296 0.244329 0.168047 0.183269
2 2 0.055591 0.101953 0.707563 0.106978 0.027915
2 2 0.090033 0.148599 0.555722 0.144577 0.061068
2 2 0.035534 0.072109 0.798552 0.079191 0.014614
2 2 0.058020 0.096031 0.713580 0.108026 0.024343
2 2 0.045300 0.098433 0.733624 0.095759 0.026884
2 2 0.041467 0.070049 0.789970 0.085204 0.013310
2 2 0.045967 0.066753 0.786614 0.088882 0.011784
2 2 0.071896 0.140936 0.603186 0.128700 0.055281
2 2 0.033543 0.056767 0.827812 0.072874 0.009003
2 1 0.050028 0.089442 0.740265 0.098788 0.021476
0 2 0.265305 0.174074 0.192983 0.139305 0.228332
2 2 0.095420 0.136918 0.570593 0.146951 0.050117
0 1 0.256121 0.173770 0.243141 0.167776 0.159192
0 2 0.281947 0.171638 0.187253 0.149136 0.210027
2 2 0.053827 0.108977 0.698125 0.106608 0.032462
2 2 0.044799 0.085440 0.757356 0.092500 0.019906
2 2 0.049003 0.097625 0.727856 0.099503 0.026013
2 2 0.028705 0.040415 0.864096 0.062137 0.004647
2 2 0.042632 0.110930 0.716147 0.095018 0.035273
2 2 0.057318 0.123022 0.665185 0.112491 0.041983
2 2 0.050423 0.111906 0.699196 0.103659 0.034816
0 0 0.397178 0.133715 0.155320 0.121920 0.191868
0 0 0.535069 0.090246 0.106324 0.075418 0.192942
0 1 0.475714 0.108749 0.127818 0.095321 0.192397
0 1 0.424262 0.125334 0.147015 0.114367 0.189021
2 1 0.166870 0.218443 0.221671 0.182131 0.210885
4 1 0.079265 0.244885 0.188613 0.121491 0.365746
4 2 0.051908 0.248158 0.220548 0.100451 0.378935
2 2 0.036097 0.119036 0.713846 0.088399 0.042622
2 1 0.059170 0.067981 0.743556 0.117444 0.011850
2 1 0.052760 0.159116 0.598748 0.112215 0.077161
2 1 0.037959 0.221396 0.443060 0.095808 0.201777
2 2 0.028847 0.124677 0.717489 0.079389 0.049598
2 2 0.032871 0.091444 0.771133 0.080008 0.024544
2 2 0.033215 0.111576 0.733905 0.083677 0.037627
2 2 0.024127 0.058831 0.844695 0.061891 0.010456
2 2 0.055465 0.232094 0.373150 0.114520 0.224771
2 2 0.032981 0.140521 0.676567 0.086796 0.063135
2 2 0.036588 0.062271 0.812614 0.077830 0.010698
4 2 0.029335 0.243254 0.315838 0.079479 0.332094
2 2 0.037956 0.229109 0.409649 0.095025 0.228260
2 2 0.032895 0.128497 0.701636 0.085417 0.051555
2 2 0.034832 0.197440 0.530271 0.092384 0.145074
2 2 0.045877 0.130800 0.671581 0.101589 0.050152
4 1 0.065989 0.176544 0.111467 0.052681 0.593319
4 1 0.073647 0.244075 0.264658 0.125456 0.292163
4 1 0.080342 0.244369 0.241630 0.128953 0.304706
4 1 0.063055 0.246405 0.261224 0.115390 0.313926
4 1 0.036669 0.236391 0.147527 0.075592 0.503821
4 1 0.053973 0.233867 0.156189 0.087073 0.468898
4 1 0.212023 0.161600 0.138689 0.081526 0.406162
4 0 0.026901 0.212754 0.118042 0.054282 0.588022
4 4 0.070464 0.225034 0.158318 0.090112 0.456072
0 4 0.675981 0.049020 0.057709 0.035248 0.182042
4 0 0.267104 0.109841 0.089942 0.044349 0.488763
0 0 0.362903 0.115405 0.110399 0.064993 0.346301
4 4 0.049792 0.192279 0.116778 0.055691 0.585460
4 4 0.056409 0.171389 0.103545 0.046986 0.621670
4 4 0.214506 0.100979 0.075332 0.033295 0.575888
4 4 0.042942 0.183284 0.106212 0.048205 0.619357
4 4 0.063428 0.149828 0.089821 0.038564 0.658358
4 4 0.096625 0.138335 0.089637 0.039386 0.636018
4 4 0.137590 0.134020 0.094180 0.043428 0.590782
4 4 0.107275 0.200954 0.150957 0.085917 0.454898
4 4 0.096751 0.197375 0.142718 0.078076 0.485080
4 4 0.072544 0.176016 0.113539 0.054386 0.583514
4 4 0.031101 0.158254 0.082634 0.033326 0.694685
4 4 0.037787 0.160121 0.087259 0.036225 0.678608
4 4 0.076682 0.109978 0.064489 0.024571 0.724279
4 4 0.035853 0.220091 0.129889 0.064505 0.549661
4 4 0.039371 0.202793 0.118841 0.056651 0.582345
4 4 0.070766 0.176216 0.113038 0.053964 0.586016
4 4 0.064191 0.163319 0.100286 0.045146 0.627058
4 4 0.060597 0.160031 0.096501 0.042609 0.640263
4 4 0.103931 0.146846 0.098286 0.045130 0.605807
4 4 0.084145 0.141775 0.089441 0.038923 0.645715
4 4 0.028491 0.183891 0.097778 0.042200 0.647640
4 0 0.055667 0.170314 0.102419 0.046224 0.625376
4 4 0.057444 0.244143 0.169734 0.099880 0.428799
4 4 0.037791 0.196608 0.113091 0.052585 0.599925
4 4 0.031945 0.195717 0.108435 0.049181 0.614722
4 4 0.086887 0.156135 0.101658 0.046810 0.608510
4 1 0.056426 0.128128 0.072414 0.028378 0.714654
4 4 0.104491 0.195150 0.143542 0.079230 0.477586
4 4 0.064080 0.158084 0.096230 0.042552 0.639055
4 4 0.044143 0.146393 0.080770 0.032689 0.696005
4 4 0.021735 0.198471 0.101869 0.044431 0.633494
4 4 0.217271 0.132327 0.106241 0.054574 0.489588
4 4 0.029920 0.168221 0.088377 0.036593 0.676889
4 4 0.112273 0.155175 0.107506 0.051660 0.573386
4 4 0.054073 0.145256 0.083516 0.034549 0.682606
4 4 0.062694 0.147621 0.087967 0.037423 0.664297
4 4 0.035988 0.147252 0.077983 0.030886 0.707892
4 4 0.160334 0.111897 0.078552 0.034108 0.615109
4 4 0.144398 0.122319 0.085177 0.037827 0.610280
4 4 0.080808 0.141756 0.088595 0.038313 0.650528
4 4 0.040133 0.217760 0.133956 0.065634 0.542517
4 4 0.021277 0.231672 0.162434 0.057346 0.527271
4 0 0.057246 0.186657 0.117727 0.055293 0.583077
0 1 0.339368 0.143180 0.156383 0.104579 0.256490
0 1 0.362726 0.136626 0.144669 0.101460 0.254520
4 1 0.118003 0.233757 0.223903 0.149637 0.274699
0 1 0.264644 0.172796 0.176374 0.129295 0.256891
0 1 0.568340 0.080216 0.094639 0.065189 0.191615
0 1 0.457800 0.114471 0.134448 0.101757 0.191524
0 1 0.383040 0.136683 0.154706 0.118224 0.207347
0 1 0.624171 0.064032 0.075734 0.049496 0.186567
0 1 0.499128 0.101364 0.119248 0.087213 0.193047
4 1 0.210466 0.196253 0.196747 0.149663 0.246871
0 1 0.460877 0.112371 0.130346 0.096478 0.199927
4 0 0.228485 0.189936 0.195068 0.150528 0.235983
0 0 0.626941 0.063252 0.074822 0.048766 0.186219
0 1 0.492162 0.103550 0.121786 0.089590 0.192912
2 1 0.184938 0.210750 0.222808 0.189436 0.192068
2 1 0.164124 0.219437 0.220265 0.178839 0.217335
2 1 0.137448 0.225502 0.248694 0.169574 0.218782
2 1 0.061972 0.209913 0.448014 0.123237 0.156864
2 1 0.058241 0.190752 0.511010 0.119696 0.120300
2 1 0.096554 0.213000 0.378661 0.151338 0.160447
2 1 0.095645 0.206218 0.402275 0.151301 0.144561
2 2 0.029973 0.117759 0.728789 0.080153 0.043325
2 2 0.028041 0.037643 0.869908 0.060365 0.004043
2 2 0.030558 0.040503 0.860111 0.064227 0.004601
2 2 0.024924 0.034041 0.882218 0.055428 0.003389
2 2 0.029054 0.070227 0.815321 0.070935 0.014462
2 2 0.029303 0.045493 0.854749 0.064566 0.005890
2 2 0.029820 0.076397 0.803401 0.073233 0.017148
2 2 0.032456 0.047275 0.845345 0.068699 0.006225
2 2 0.031005 0.052838 0.839427 0.068825 0.007905
2 2 0.028148 0.093509 0.777526 0.074169 0.026648
2 1 0.034474 0.131966 0.691459 0.087902 0.054199
2 1 0.150094 0.179138 0.390558 0.173307 0.106904
2 1 0.037965 0.119091 0.709998 0.090727 0.042220
2 1 0.038386 0.126066 0.695563 0.092170 0.047815
2 1 0.029389 0.049662 0.847913 0.065991 0.007045
2 2 0.044376 0.125397 0.685156 0.099168 0.045903
2 2 0.029645 0.073033 0.809398 0.072300 0.015624
2 2 0.033389 0.073431 0.800804 0.076987 0.015389
2 2 0.027820 0.083661 0.795397 0.072028 0.021093
2 2 0.039196 0.093971 0.753682 0.088094 0.025057
2 2 0.028962 0.035385 0.846782 0.085252 0.003618
2 2 0.028596 0.053162 0.844005 0.066083 0.008155
2 2 0.033692 0.093594 0.765637 0.081422 0.025655
2 2 0.029712 0.059058 0.832143 0.069045 0.010041
2 2 0.039598 0.064865 0.802281 0.081809 0.011448
2 2 0.029732 0.103520 0.756111 0.077882 0.032755
2 2 0.031302 0.046816 0.848463 0.067267 0.006152
2 2 0.034380 0.053781 0.830919 0.072909 0.008010
2 2 0.052379 0.095297 0.725504 0.102429 0.024390
2 1 0.105115 0.193688 0.422855 0.158353 0.119988
2 2 0.134040 0.195440 0.369566 0.172523 0.128431
2 2 0.038104 0.112101 0.722982 0.089886 0.036926
2 2 0.029751 0.070265 0.813761 0.071823 0.014400
2 2 0.033942 0.058429 0.824296 0.073802 0.009531
2 2 0.029732 0.072158 0.810666 0.072219 0.015225
2 2 0.033553 0.120124 0.716878 0.085275 0.044170
2 2 0.033130 0.049704 0.840056 0.070243 0.006867
2 2 0.034559 0.111139 0.731970 0.085344 0.036988
2 2 0.034747 0.053857 0.830046 0.073335 0.008014
2 2 0.044073 0.053207 0.795268 0.099903 0.007549
2 1 0.063893 0.068004 0.702563 0.153446 0.012094
2 1 0.046758 0.116552 0.697547 0.100520 0.038623
2 1 0.070044 0.237470 0.321319 0.126424 0.244743
2 1 0.030492 0.082287 0.791996 0.075275 0.019950
0 1 0.463959 0.112497 0.132162 0.099522 0.191861
0 1 0.518072 0.095469 0.112399 0.080899 0.193160
0 1 0.273000 0.176275 0.205504 0.181843 0.163377
0 1 0.268066 0.177975 0.207441 0.184400 0.162119
2 1 0.206393 0.201277 0.224505 0.200513 0.167311
2 2 0.095891 0.188250 0.453131 0.151903 0.110826
2 2 0.040379 0.076383 0.781548 0.085643 0.016047
2 2 0.028037 0.065546 0.825210 0.068578 0.012629
2 2 0.029758 0.048327 0.849270 0.066003 0.006643
2 2 0.033730 0.079957 0.789123 0.078828 0.018362
2 2 0.026809 0.063264 0.831603 0.066469 0.011855
2 2 0.036549 0.063134 0.811280 0.078027 0.011010
2 2 0.050714 0.173948 0.567554 0.111064 0.096719
2 2 0.027529 0.044770 0.859651 0.062267 0.005783
2 2 0.057741 0.091865 0.721439 0.106807 0.022149
2 2 0.032787 0.040861 0.840488 0.081193 0.004671
2 2 0.036674 0.070359 0.799119 0.080061 0.013787
2 2 0.030688 0.036287 0.832516 0.096719 0.003789
2 2 0.037234 0.043817 0.812027 0.101613 0.005309
2 2 0.042621 0.043316 0.737904 0.170799 0.005358
2 2 0.037877 0.033800 0.671770 0.252926 0.003627
2 2 0.049710 0.070529 0.770291 0.096418 0.013052
2 2 0.048073 0.036934 0.518731 0.391398 0.004863
2 2 0.046352 0.043576 0.683056 0.221416 0.005599
2 2 0.045246 0.042089 0.679298 0.228083 0.005284
2 3 0.033774 0.034532 0.766419 0.161722 0.003554
3 2 0.052130 0.044754 0.319513 0.577906 0.005696
2 2 0.041699 0.037477 0.665761 0.250704 0.004359
2 2 0.042794 0.035734 0.528480 0.389010 0.003982
2 2 0.048091 0.040641 0.601454 0.304525 0.005288
3 2 0.044896 0.036687 0.188115 0.725639 0.004662
3 2 0.042149 0.032617 0.323384 0.598134 0.003715
2 2 0.051318 0.041509 0.556418 0.345031 0.005724
3 3 0.046809 0.034651 0.443065 0.471014 0.004461
3 3 0.034915 0.028265 0.137500 0.796170 0.003149
3 3 0.039319 0.030686 0.347007 0.579743 0.003245
3 2 0.018528 0.017713 0.069514 0.893008 0.001236
3 2 0.050243 0.038281 0.297174 0.609090 0.005212
3 2 0.039519 0.030376 0.163003 0.763350 0.003752
3 3 0.029520 0.025106 0.113967 0.828951 0.002455
3 3 0.019673 0.018231 0.076568 0.884196 0.001331
3 3 0.032440 0.026555 0.129322 0.808883 0.002800
3 3 0.020635 0.018103 0.087763 0.872121 0.001378
3 3 0.041249 0.032435 0.229130 0.693409 0.003778
3 3 0.031126 0.025769 0.123685 0.816788 0.002632
3 3 0.019238 0.017609 0.077488 0.884395 0.001269
3 3 0.012556 0.013222 0.045656 0.927859 0.000707
3 3 0.020105 0.019126 0.073557 0.885802 0.001410
3 3 0.021316 0.018682 0.089569 0.868979 0.001454
3 3 0.012502 0.013322 0.044460 0.929007 0.000709
3 3 0.016674 0.015379 0.070320 0.896619 0.001007
3 3 0.011663 0.012804 0.040181 0.934704 0.000649
3 3 0.017036 0.016494 0.064579 0.900804 0.001087
3 3 0.032534 0.028120 0.116433 0.819979 0.002933
3 3 0.017419 0.016855 0.065485 0.899114 0.001127
3 3 0.013197 0.013680 0.048526 0.923842 0.000756
3 3 0.009258 0.010749 0.031301 0.948225 0.000467
3 3 0.013277 0.013689 0.049236 0.923038 0.000760
3 3 0.030974 0.028154 0.102624 0.835441 0.002807
3 3 0.018196 0.016743 0.074279 0.889620 0.001162
3 3 0.017555 0.016465 0.070027 0.894840 0.001113
3 3 0.023100 0.020014 0.095871 0.859367 0.001648
3 3 0.008935 0.010389 0.030558 0.949676 0.000442
3 3 0.009322 0.010124 0.036010 0.944098 0.000446
3 3 0.022176 0.020090 0.085742 0.870397 0.001595
3 3 0.009613 0.011504 0.030090 0.948283 0.000511
3 3 0.011857 0.012464 0.044317 0.930721 0.000642
3 3 0.020828 0.018919 0.082313 0.876501 0.001440
3 3 0.009794 0.010729 0.036426 0.942564 0.000487
3 3 0.014553 0.015550 0.048313 0.920671 0.000912
3 2 0.022580 0.020798 0.083796 0.871159 0.001667
3 3 0.043719 0.035858 0.150996 0.764738 0.004688
3 2 0.019919 0.022152 0.053415 0.902929 0.001586
3 2 0.074429 0.058635 0.424717 0.431100 0.011119
2 2 0.059031 0.048273 0.533097 0.352154 0.007445
2 2 0.064164 0.054084 0.521089 0.351873 0.008790
3 2 0.056793 0.043161 0.374378 0.519200 0.006467
2 2 0.046638 0.083939 0.750691 0.099606 0.019126
2 3 0.053041 0.044221 0.577498 0.318980 0.006260
3 2 0.057218 0.048735 0.362516 0.524789 0.006742
3 2 0.059006 0.044685 0.327056 0.562249 0.007003
2 2 0.072580 0.072041 0.604324 0.236473 0.014582
2 3 0.058408 0.057831 0.681737 0.192824 0.009200
