0 0 0.726477 0.094795 0.048714 0.014170 0.115844
0 0 0.825611 0.066439 0.026057 0.005107 0.076785
0 0 0.755049 0.087143 0.041811 0.011002 0.104995
0 0 0.797716 0.074939 0.032047 0.007128 0.088170
0 0 0.792976 0.076342 0.033097 0.007510 0.090075
0 0 0.762013 0.085215 0.040171 0.010302 0.102298
0 0 0.757832 0.086375 0.041154 0.010719 0.103920
0 0 0.816737 0.069189 0.027926 0.005708 0.080439
0 0 0.795074 0.075722 0.032631 0.007339 0.089233
0 0 0.695142 0.102715 0.056584 0.018219 0.127339
0 0 0.692332 0.103402 0.057304 0.018613 0.128348
0 0 0.710068 0.099004 0.052798 0.016213 0.121918
0 0 0.834526 0.063632 0.024215 0.004542 0.073085
0 0 0.655085 0.112125 0.067059 0.024347 0.141384
0 0 0.818413 0.068673 0.027571 0.005592 0.079751
0 0 0.826344 0.066210 0.025904 0.005059 0.076482
0 0 0.864155 0.053971 0.018370 0.002927 0.060576
0 0 0.776083 0.081244 0.036912 0.008969 0.096791
0 0 0.820637 0.067986 0.027101 0.005439 0.078837
0 0 0.700468 0.101404 0.055226 0.017487 0.125416
0 0 0.813212 0.070270 0.028678 0.005958 0.081882
0 0 0.610131 0.124672 0.069510 0.027215 0.168472
0 0 0.843904 0.060631 0.022318 0.003987 0.069160
0 0 0.797569 0.074983 0.032080 0.007139 0.088229
0 0 0.776188 0.081214 0.036888 0.008959 0.096750
0 0 0.836411 0.063033 0.023830 0.004427 0.072298
0 0 0.817915 0.068827 0.027676 0.005626 0.079956
0 0 0.703067 0.100759 0.054566 0.017136 0.124473
0 0 0.712653 0.098349 0.052149 0.015880 0.120968
0 0 0.778171 0.080647 0.036435 0.008780 0.095967
0 0 0.751219 0.088192 0.042721 0.011399 0.106469
0 0 0.875994 0.049961 0.016163 0.002391 0.055490
0 0 0.790562 0.077051 0.033636 0.007709 0.091042
0 0 0.746624 0.089442 0.043818 0.011887 0.108229
0 0 0.838187 0.062466 0.023469 0.004320 0.071556
0 0 0.854834 0.057067 0.020161 0.003392 0.064546
0 0 0.755665 0.086973 0.041666 0.010939 0.104757
0 0 0.684114 0.105386 0.059424 0.019796 0.131280
0 0 0.692885 0.103267 0.057163 0.018536 0.128150
0 0 0.725242 0.095116 0.049018 0.014318 0.116305
0 0 0.647861 0.113736 0.068994 0.025574 0.143836
0 0 0.600199 0.123695 0.082073 0.034679 0.159354
0 0 0.532010 0.137415 0.104863 0.045874 0.179838
0 0 0.618204 0.120071 0.077071 0.031026 0.153629
0 0 0.635104 0.116516 0.072442 0.027835 0.148103
0 0 0.686771 0.104748 0.058737 0.019409 0.130336
0 0 0.670368 0.108630 0.063011 0.021877 0.136114
0 0 0.519488 0.137793 0.105283 0.054670 0.182765
0 0 0.644450 0.114487 0.069912 0.026166 0.144984
0 0 0.648343 0.113629 0.068864 0.025491 0.143673
0 0 0.505835 0.139814 0.109315 0.058706 0.186330
0 0 0.599378 0.123856 0.082303 0.034852 0.159610
0 0 0.576505 0.128204 0.088762 0.039910 0.166620
0 0 0.632453 0.117083 0.073164 0.028321 0.148979
0 0 0.262913 0.177175 0.262354 0.062293 0.235264
0 0 0.627252 0.118186 0.074584 0.029290 0.150688
0 0 0.533311 0.135637 0.101228 0.050790 0.179034
0 0 0.491206 0.143324 0.116781 0.058082 0.190607
0 0 0.432137 0.155652 0.148127 0.057934 0.206150
0 0 0.572119 0.129005 0.090012 0.040934 0.167930
0 0 0.575238 0.128436 0.089122 0.040204 0.166999
0 0 0.572268 0.128978 0.089969 0.040898 0.167886
0 0 0.510132 0.139190 0.108043 0.057414 0.185221
0 0 0.696267 0.102440 0.056297 0.018063 0.126934
0 0 0.759336 0.085959 0.040800 0.010568 0.103337
0 0 0.766259 0.084028 0.039180 0.009888 0.100645
0 0 0.831049 0.064732 0.024929 0.004758 0.074531
0 0 0.852451 0.057850 0.020626 0.003517 0.065556
0 0 0.694817 0.102795 0.056667 0.018265 0.127456
0 1 0.592792 0.125136 0.084152 0.036262 0.161658
2 1 0.190223 0.179071 0.339044 0.055329 0.236332
2 1 0.104965 0.166469 0.448353 0.057397 0.222816
2 2 0.008206 0.047136 0.892009 0.032734 0.019914
2 2 0.007478 0.047025 0.897771 0.026486 0.021241
2 2 0.005517 0.037638 0.917219 0.025834 0.013792
2 1 0.014327 0.071993 0.834987 0.031242 0.047451
2 2 0.007120 0.044722 0.901578 0.027614 0.018966
2 2 0.004892 0.034281 0.923424 0.025939 0.011465
2 2 0.005636 0.035659 0.915059 0.032090 0.011556
2 2 0.006950 0.044236 0.903129 0.026984 0.018701
2 2 0.014388 0.067103 0.840763 0.039732 0.038014
2 2 0.007660 0.047393 0.896245 0.027358 0.021344
0 0 0.262209 0.176894 0.261339 0.064120 0.235438
2 1 0.024213 0.093882 0.764214 0.043344 0.074346
2 2 0.006298 0.041402 0.909470 0.026282 0.016549
2 2 0.006722 0.040555 0.905243 0.032683 0.014797
2 2 0.007727 0.044881 0.896276 0.033113 0.018002
2 2 0.005698 0.039390 0.915293 0.024209 0.015411
2 2 0.007016 0.042972 0.902783 0.030211 0.017018
2 2 0.010169 0.046714 0.871464 0.055058 0.016593
2 2 0.006559 0.040407 0.906919 0.031201 0.014913
2 2 0.006955 0.039947 0.902248 0.037057 0.013793
2 2 0.061819 0.101342 0.633017 0.150656 0.053166
2 2 0.021906 0.083786 0.797408 0.041631 0.055269
2 2 0.069975 0.103962 0.578123 0.190958 0.056982
2 2 0.010398 0.053324 0.873457 0.038698 0.024123
2 2 0.040803 0.096686 0.732054 0.074659 0.055799
2 2 0.175158 0.147297 0.430778 0.139641 0.107126
0 0 0.607497 0.122246 0.080037 0.033166 0.157054
0 0 0.605924 0.122561 0.080475 0.033488 0.157552
2 1 0.023759 0.096070 0.760588 0.038205 0.081378
2 2 0.015416 0.072814 0.829535 0.035762 0.046473
2 2 0.007452 0.044536 0.898780 0.031148 0.018084
2 2 0.009003 0.052824 0.883569 0.028447 0.026157
2 2 0.005133 0.035374 0.920977 0.026393 0.012124
2 2 0.005785 0.037897 0.914453 0.028295 0.013569
2 2 0.006448 0.037759 0.906536 0.036894 0.012363
2 2 0.005807 0.037687 0.914150 0.029050 0.013306
2 2 0.009429 0.042437 0.873141 0.061743 0.013250
2 2 0.007323 0.039589 0.897257 0.042897 0.012933
2 3 0.010030 0.041126 0.859852 0.077344 0.011648
2 2 0.010854 0.043840 0.855593 0.076452 0.013261
2 2 0.017036 0.054268 0.801644 0.108557 0.018496
2 2 0.017044 0.053114 0.797851 0.114617 0.017374
2 2 0.017757 0.051486 0.771815 0.142392 0.016550
2 2 0.014683 0.052291 0.826748 0.088208 0.018071
2 2 0.017632 0.049034 0.755944 0.162393 0.014998
2 2 0.020610 0.054184 0.742271 0.165149 0.017787
2 2 0.019090 0.052624 0.756587 0.154661 0.017038
2 2 0.021677 0.056490 0.732347 0.169304 0.020182
2 3 0.015040 0.050904 0.816399 0.100963 0.016694
2 2 0.030567 0.053434 0.539633 0.355887 0.020479
2 2 0.020811 0.054320 0.743054 0.164293 0.017522
2 2 0.024911 0.056933 0.696018 0.203262 0.018875
2 2 0.009506 0.039777 0.864009 0.075734 0.010973
2 2 0.025103 0.054488 0.648731 0.252006 0.019671
3 2 0.035772 0.047244 0.396477 0.502095 0.018413
2 2 0.032089 0.047524 0.465817 0.438520 0.016050
2 2 0.026435 0.059273 0.684662 0.208633 0.020997
2 2 0.021185 0.052900 0.720224 0.188574 0.017118
3 2 0.036383 0.050238 0.421943 0.471303 0.020132
2 2 0.022497 0.058369 0.739747 0.158897 0.020491
2 2 0.027698 0.054381 0.619045 0.280588 0.018288
2 2 0.031718 0.050377 0.493028 0.406368 0.018509
3 2 0.037235 0.046755 0.374232 0.523306 0.018472
2 2 0.029807 0.053973 0.578704 0.319024 0.018493
2 2 0.023451 0.056783 0.715813 0.184859 0.019094
3 2 0.033836 0.041467 0.345109 0.563615 0.015973
3 2 0.035819 0.032855 0.213969 0.703198 0.014159
2 2 0.028105 0.056128 0.618290 0.277011 0.020466
3 2 0.038848 0.037050 0.243547 0.665078 0.015477
2 2 0.029436 0.059172 0.629059 0.260256 0.022077
3 3 0.036545 0.032907 0.219259 0.698373 0.012916
2 2 0.028934 0.056464 0.619736 0.275306 0.019560
3 2 0.035794 0.038127 0.278911 0.631524 0.015645
3 2 0.040869 0.054415 0.423913 0.458711 0.022091
2 2 0.017654 0.053499 0.790221 0.121141 0.017485
3 2 0.032301 0.044692 0.411680 0.494996 0.016330
3 3 0.039627 0.052994 0.430715 0.456513 0.020152
3 2 0.035206 0.042675 0.359228 0.547727 0.015165
2 2 0.029697 0.057885 0.620379 0.271487 0.020552
2 3 0.034712 0.054770 0.512653 0.377963 0.019903
2 3 0.017295 0.050255 0.757514 0.157697 0.017239
3 2 0.033849 0.041036 0.339453 0.569849 0.015813
2 2 0.029692 0.060030 0.622304 0.264070 0.023903
2 2 0.034828 0.049908 0.454215 0.443198 0.017851
3 3 0.034709 0.049124 0.424362 0.471909 0.019897
3 3 0.035365 0.029996 0.188033 0.733953 0.012654
3 2 0.032262 0.045453 0.427694 0.478505 0.016086
2 2 0.021674 0.058237 0.752651 0.147080 0.020359
3 2 0.040684 0.044312 0.321168 0.576835 0.017001
3 2 0.036332 0.046375 0.386804 0.513143 0.017346
2 2 0.017385 0.050211 0.775203 0.141957 0.015244
2 2 0.029858 0.058547 0.608271 0.280583 0.022741
2 2 0.033314 0.055000 0.533598 0.358202 0.019887
3 2 0.037954 0.049031 0.390999 0.502228 0.019788
2 2 0.036525 0.054435 0.469622 0.417557 0.021862
3 2 0.031796 0.030166 0.216313 0.709597 0.012127
2 2 0.029368 0.056684 0.610586 0.283171 0.020191
3 2 0.030344 0.025988 0.179029 0.754481 0.010158
2 2 0.034151 0.049703 0.459807 0.438604 0.017735
3 2 0.041189 0.040092 0.248492 0.651513 0.018715
2 2 0.023350 0.061593 0.742115 0.149586 0.023355
2 2 0.026062 0.057963 0.669057 0.225551 0.021367
3 2 0.034271 0.043136 0.367117 0.539407 0.016070
3 2 0.037159 0.042894 0.336462 0.567412 0.016073
3 2 0.041487 0.046864 0.323409 0.567510 0.020730
3 2 0.039391 0.036018 0.220661 0.687539 0.016392
3 2 0.036574 0.044064 0.360545 0.542816 0.016002
2 2 0.021966 0.056729 0.735898 0.165848 0.019559
2 2 0.033958 0.052294 0.492055 0.402753 0.018940
2 2 0.027229 0.054772 0.616602 0.281538 0.019860
2 2 0.041866 0.060553 0.483113 0.390254 0.024213
2 0 0.094680 0.156367 0.535025 0.046680 0.167249
2 0 0.246264 0.180207 0.290206 0.048591 0.234732
0 1 0.325033 0.167443 0.217240 0.083849 0.206434
2 1 0.054336 0.142136 0.583573 0.042403 0.177552
2 1 0.024628 0.101664 0.744069 0.033787 0.095851
2 2 0.015459 0.072897 0.829242 0.035862 0.046541
2 2 0.007477 0.044140 0.898545 0.032274 0.017564
2 2 0.009635 0.057769 0.874899 0.025064 0.032633
2 2 0.009332 0.049491 0.882292 0.037970 0.020916
2 2 0.007145 0.046815 0.900218 0.024105 0.021717
2 2 0.014230 0.073595 0.832475 0.028555 0.051145
2 4 0.035062 0.127919 0.638044 0.030814 0.168160
2 4 0.056633 0.170150 0.476270 0.037695 0.259252
2 4 0.062217 0.171952 0.461606 0.042714 0.261511
2 4 0.081954 0.193125 0.355278 0.048042 0.321601
2 4 0.054795 0.167646 0.487335 0.036991 0.253232
2 4 0.049728 0.153213 0.540650 0.038463 0.217946
2 4 0.046738 0.158543 0.528785 0.032324 0.233610
4 4 0.066714 0.201945 0.338632 0.030403 0.362306
2 4 0.083855 0.184805 0.384787 0.054600 0.291954
2 4 0.056180 0.163410 0.498776 0.040789 0.240845
2 4 0.057439 0.171518 0.470477 0.037841 0.262724
2 4 0.093140 0.182787 0.387024 0.057511 0.279538
2 4 0.044640 0.150342 0.557546 0.033530 0.213942
2 4 0.084640 0.195472 0.341782 0.048529 0.329577
2 4 0.064292 0.187335 0.403897 0.036188 0.308287
2 4 0.067516 0.179793 0.426753 0.043552 0.282387
2 4 0.050782 0.150420 0.547023 0.041330 0.210445
2 4 0.068462 0.187644 0.396886 0.039751 0.307257
2 4 0.051393 0.168834 0.488221 0.032799 0.258753
2 4 0.054105 0.158081 0.518631 0.041267 0.227917
2 4 0.044289 0.137719 0.594467 0.039404 0.184121
2 4 0.031401 0.118118 0.682112 0.033525 0.134843
2 4 0.035450 0.123405 0.659715 0.037390 0.144040
2 4 0.007614 0.049239 0.895174 0.023891 0.024082
2 2 0.011522 0.063945 0.858147 0.027559 0.038828
2 2 0.016764 0.080459 0.811848 0.031146 0.059783
2 2 0.009980 0.058195 0.872741 0.026616 0.032467
2 2 0.007719 0.049662 0.894149 0.024019 0.024452
2 2 0.010020 0.058568 0.872083 0.026319 0.033010
2 2 0.005956 0.040258 0.912767 0.025126 0.015892
2 2 0.007892 0.048447 0.893978 0.027394 0.022289
2 2 0.007981 0.048186 0.893480 0.028617 0.021736
2 2 0.007868 0.048510 0.894105 0.027088 0.022428
2 2 0.007193 0.045530 0.900679 0.026738 0.019860
2 2 0.007196 0.044987 0.900871 0.027797 0.019148
2 2 0.100133 0.123046 0.555714 0.146989 0.074118
0 2 0.464874 0.145518 0.146451 0.082568 0.160590
0 2 0.317599 0.144850 0.247354 0.172936 0.117261
0 2 0.355401 0.151694 0.228779 0.129059 0.135067
2 2 0.043284 0.128619 0.645275 0.040571 0.142251
2 2 0.023961 0.097945 0.755497 0.036338 0.086259
2 2 0.237015 0.178731 0.287606 0.059888 0.236760
2 2 0.026817 0.103350 0.736081 0.038927 0.094824
2 2 0.016178 0.076640 0.820787 0.033776 0.052619
2 2 0.011190 0.061466 0.862948 0.029255 0.035141
2 2 0.078440 0.137704 0.585567 0.078985 0.119304
2 2 0.007368 0.044631 0.899512 0.030131 0.018358
2 2 0.154715 0.139019 0.445502 0.165152 0.095612
0 0 0.475650 0.147150 0.125538 0.056612 0.195051
0 1 0.329174 0.169948 0.206561 0.067277 0.227040
2 1 0.085068 0.158279 0.519583 0.042290 0.194780
2 2 0.021527 0.087962 0.783454 0.041330 0.065726
2 2 0.052415 0.119229 0.688685 0.048275 0.091396
2 2 0.148221 0.175826 0.393747 0.050759 0.231447
2 2 0.067180 0.116947 0.644935 0.095929 0.075009
2 2 0.099326 0.151242 0.539596 0.066433 0.143403
2 2 0.056764 0.118274 0.686375 0.054624 0.083962
2 2 0.232935 0.146914 0.337226 0.172236 0.110689
0 0 0.531224 0.136478 0.106955 0.053435 0.171909
0 1 0.518931 0.137878 0.105447 0.054831 0.182913
2 1 0.053210 0.141927 0.582914 0.042008 0.179942
2 1 0.021875 0.088579 0.781243 0.041882 0.066420
2 1 0.013164 0.070713 0.841079 0.027119 0.047926
2 2 0.007695 0.047275 0.896050 0.027870 0.021110
2 2 0.006494 0.041672 0.907665 0.027691 0.016478
2 2 0.007523 0.047650 0.897055 0.025768 0.022004
2 2 0.006069 0.041756 0.911263 0.023434 0.017478
2 2 0.006623 0.042781 0.906304 0.026736 0.017556
2 2 0.006479 0.042241 0.907684 0.026404 0.017192
2 2 0.057980 0.101300 0.658040 0.128926 0.053755
2 2 0.076307 0.137455 0.608609 0.060357 0.117272
0 2 0.468882 0.143723 0.164430 0.087505 0.135461
2 2 0.162013 0.158818 0.417009 0.114762 0.147398
0 2 0.377062 0.149364 0.200128 0.130767 0.142679
0 2 0.343346 0.146407 0.232556 0.155458 0.122233
0 2 0.291741 0.163950 0.244716 0.116130 0.183463
2 2 0.244814 0.176230 0.268763 0.073065 0.237128
2 2 0.008673 0.051169 0.886906 0.028806 0.024446
2 2 0.005329 0.033138 0.916628 0.035189 0.009714
2 2 0.087678 0.151086 0.516784 0.080576 0.163877
2 2 0.012179 0.065495 0.853206 0.029066 0.040054
2 2 0.006851 0.043372 0.904213 0.027743 0.017822
2 2 0.006126 0.040129 0.911218 0.027127 0.015399
2 2 0.007097 0.045374 0.901483 0.026184 0.019862
2 2 0.006825 0.043501 0.904392 0.027247 0.018034
0 2 0.359243 0.146726 0.224941 0.145648 0.123442
0 2 0.359554 0.146123 0.228057 0.146187 0.120079
0 2 0.314983 0.145745 0.243327 0.173674 0.122271
0 2 0.552654 0.132436 0.095604 0.045693 0.173612
2 2 0.075666 0.155193 0.530386 0.041791 0.196964
2 2 0.022665 0.091166 0.774002 0.041176 0.070992
2 2 0.018923 0.084515 0.797775 0.035047 0.063740
2 2 0.007491 0.047132 0.897613 0.026406 0.021358
2 2 0.008226 0.049715 0.890871 0.027852 0.023337
2 2 0.006828 0.044389 0.904028 0.025596 0.019159
2 2 0.012503 0.066260 0.850773 0.029777 0.040687
2 2 0.005745 0.037700 0.914838 0.028285 0.013432
2 2 0.007580 0.046846 0.897117 0.027678 0.020778
2 2 0.010758 0.060920 0.865639 0.027430 0.035254
2 2 0.005916 0.038508 0.913192 0.028397 0.013987
2 2 0.010556 0.059073 0.868857 0.028977 0.032537
2 2 0.007211 0.046029 0.900282 0.025994 0.020483
2 2 0.006135 0.040079 0.911132 0.027331 0.015324
2 2 0.006407 0.039603 0.908272 0.031417 0.014302
2 2 0.006339 0.039642 0.909013 0.030544 0.014462
2 2 0.007385 0.045772 0.899079 0.027993 0.019770
2 2 0.007562 0.045261 0.897750 0.030658 0.018769
0 2 0.324472 0.140894 0.264144 0.171309 0.099181
0 2 0.475533 0.143768 0.153928 0.082388 0.144382
0 2 0.364310 0.147794 0.216696 0.141198 0.130002
0 0 0.670440 0.108613 0.062992 0.021866 0.136089
0 0 0.774722 0.081633 0.037224 0.009093 0.097328
0 0 0.698674 0.101847 0.055682 0.017732 0.126065
0 0 0.515252 0.141197 0.112458 0.046404 0.184689
2 1 0.120724 0.171394 0.440972 0.043175 0.223735
2 1 0.133431 0.173955 0.421352 0.044237 0.227026
2 1 0.040855 0.125273 0.657241 0.041666 0.134965
2 2 0.007121 0.045841 0.901046 0.025562 0.020430
2 2 0.007272 0.047932 0.898464 0.023323 0.023009
2 2 0.007173 0.047922 0.899074 0.022585 0.023246
2 2 0.008622 0.050326 0.887755 0.029946 0.023351
2 2 0.005822 0.038800 0.914185 0.026708 0.014484
2 2 0.027436 0.078689 0.767907 0.086517 0.039451
0 2 0.405469 0.148919 0.184172 0.114379 0.147061
2 0 0.245736 0.177786 0.276043 0.063805 0.236630
2 1 0.044791 0.137301 0.594642 0.040372 0.182894
2 2 0.021477 0.091466 0.776414 0.035863 0.074780
2 2 0.008779 0.053225 0.884542 0.026154 0.027300
2 2 0.011058 0.061727 0.863225 0.028053 0.035937
2 2 0.006725 0.042863 0.905406 0.027556 0.017450
2 2 0.008359 0.051951 0.888194 0.025146 0.026350
2 2 0.006466 0.038741 0.907146 0.034342 0.013306
2 2 0.005700 0.038326 0.915389 0.026391 0.014194
2 2 0.006178 0.041966 0.910290 0.024069 0.017497
2 2 0.006380 0.039267 0.908433 0.031930 0.013990
2 2 0.005496 0.037246 0.917399 0.026451 0.013407
2 2 0.006498 0.040977 0.907641 0.029222 0.015662
2 2 0.006446 0.041299 0.908133 0.027991 0.016131
2 2 0.005947 0.036741 0.911980 0.033213 0.012119
2 2 0.005971 0.037700 0.912313 0.030975 0.013041
2 1 0.147720 0.168947 0.408240 0.079140 0.195953
2 1 0.013529 0.067811 0.844273 0.033252 0.041136
2 2 0.006797 0.042011 0.904823 0.030071 0.016299
2 1 0.008468 0.049746 0.889156 0.029769 0.022862
2 2 0.010598 0.059024 0.868695 0.029329 0.032355
2 2 0.009587 0.054006 0.879002 0.030753 0.026652
2 2 0.008982 0.055742 0.880581 0.023796 0.030900
2 2 0.023273 0.067517 0.805670 0.076118 0.027422
0 2 0.470170 0.144073 0.158960 0.085462 0.141335
2 2 0.105690 0.144630 0.538761 0.091819 0.119099
2 2 0.080245 0.110363 0.550545 0.194610 0.064237
2 2 0.222150 0.179739 0.306581 0.054915 0.236616
0 1 0.623437 0.118985 0.075630 0.030014 0.151933
2 1 0.071921 0.154566 0.521204 0.046774 0.205535
2 1 0.047580 0.135875 0.611047 0.041116 0.164382
2 2 0.007188 0.044176 0.901147 0.029344 0.018145
2 2 0.006954 0.043925 0.903198 0.027624 0.018300
2 2 0.008046 0.048560 0.892813 0.028471 0.022110
2 2 0.008344 0.047280 0.890817 0.033715 0.019844
2 2 0.096867 0.164796 0.479451 0.042825 0.216061
2 1 0.039670 0.121344 0.674354 0.042241 0.122391
2 2 0.008142 0.047143 0.892547 0.032126 0.020042
2 2 0.062657 0.148369 0.558979 0.041017 0.188978
2 2 0.024138 0.100856 0.747062 0.033171 0.094773
2 2 0.022053 0.090745 0.776556 0.039254 0.071392
2 2 0.011762 0.060831 0.860622 0.034029 0.032756
2 2 0.008272 0.051230 0.889391 0.025649 0.025458
2 2 0.006385 0.042468 0.908395 0.025081 0.017671
2 2 0.006481 0.042008 0.907723 0.026885 0.016904
2 2 0.009061 0.053796 0.882379 0.027250 0.027515
0 1 0.390172 0.159786 0.174543 0.076059 0.199440
0 1 0.638016 0.115889 0.071652 0.027308 0.147136
0 1 0.414990 0.158654 0.157473 0.058713 0.210171
2 1 0.126846 0.172673 0.430854 0.044094 0.225533
2 1 0.013962 0.071146 0.837674 0.030573 0.046644
2 2 0.008095 0.049375 0.891987 0.027398 0.023145
2 2 0.014086 0.073050 0.833931 0.028576 0.050356
2 2 0.008565 0.052435 0.886538 0.025869 0.026592
2 2 0.013049 0.069329 0.843909 0.028372 0.045341
2 2 0.019326 0.084929 0.795815 0.036218 0.063711
2 2 0.103562 0.128237 0.574144 0.114877 0.079180
0 0 0.624704 0.118721 0.075283 0.029772 0.151521
0 0 0.618732 0.119962 0.076925 0.030923 0.153459
0 1 0.273662 0.177776 0.259920 0.054966 0.233676
0 1 0.281121 0.176917 0.252069 0.056772 0.233122
2 1 0.229335 0.180154 0.302978 0.051606 0.235928
0 0 0.285215 0.180218 0.270519 0.035299 0.228749
0 0 0.871699 0.051426 0.016955 0.002579 0.057341
0 0 0.793100 0.076305 0.033070 0.007500 0.090025
0 1 0.292333 0.175430 0.240360 0.059779 0.232098
0 1 0.383176 0.166471 0.185000 0.048491 0.216863
0 0 0.827444 0.065866 0.025675 0.004988 0.076027
0 0 0.831012 0.064744 0.024937 0.004760 0.074547
0 0 0.786982 0.078099 0.034438 0.008011 0.092471
0 0 0.818938 0.068511 0.027459 0.005556 0.079536
0 0 0.837811 0.062587 0.023546 0.004343 0.071714
0 0 0.847608 0.059431 0.021580 0.003780 0.067601
0 0 0.841247 0.061436 0.022940 0.004236 0.070142
0 0 0.860088 0.055329 0.019146 0.003125 0.062312
0 0 0.843739 0.060684 0.022351 0.003997 0.069229
0 0 0.889243 0.045365 0.013789 0.001863 0.049741
0 0 0.877034 0.049594 0.015996 0.002366 0.055010
0 0 0.763901 0.084688 0.039730 0.010117 0.101564
0 0 0.851184 0.058265 0.020875 0.003585 0.066091
0 0 0.894055 0.043666 0.012953 0.001688 0.047638
0 0 0.901453 0.041021 0.011697 0.001439 0.044389
0 0 0.891527 0.044560 0.013391 0.001779 0.048743
0 0 0.849419 0.058841 0.021222 0.003680 0.066837
0 0 0.871171 0.051605 0.017053 0.002602 0.057568
0 0 0.836439 0.063024 0.023825 0.004425 0.072287
0 1 0.553924 0.132219 0.095237 0.045371 0.173248
2 1 0.233568 0.179851 0.297339 0.053191 0.236051
0 0 0.678144 0.106807 0.060975 0.020684 0.133390
2 1 0.109880 0.168625 0.455861 0.044532 0.221101
2 1 0.064593 0.148031 0.566099 0.040273 0.181004
2 1 0.050470 0.136632 0.613058 0.040716 0.159124
2 1 0.025472 0.101526 0.744475 0.035714 0.092813
2 2 0.028215 0.105055 0.729011 0.041293 0.096426
2 2 0.006482 0.042928 0.907420 0.025130 0.018040
2 2 0.010234 0.058422 0.871221 0.027905 0.032217
2 2 0.009211 0.053793 0.881498 0.028337 0.027161
2 2 0.007088 0.046134 0.901103 0.024768 0.020907
2 2 0.012488 0.059107 0.856858 0.042837 0.028710
0 2 0.286165 0.172789 0.232914 0.076317 0.231814
2 2 0.008831 0.051950 0.885324 0.028655 0.025239
2 2 0.164105 0.165289 0.383867 0.107115 0.179624
2 2 0.005296 0.036289 0.919382 0.026265 0.012768
2 2 0.012451 0.065941 0.851442 0.029957 0.040209
2 2 0.013493 0.066565 0.848553 0.032504 0.038884
2 2 0.008806 0.051621 0.885716 0.029046 0.024811
2 2 0.155884 0.165753 0.442514 0.072357 0.163493
2 2 0.007231 0.048070 0.898582 0.022803 0.023315
2 2 0.006898 0.044951 0.903202 0.025206 0.019742
2 2 0.008085 0.049214 0.892158 0.027605 0.022938
2 2 0.022148 0.080418 0.802521 0.046751 0.048162
0 0 0.321009 0.145856 0.241547 0.169759 0.121828
0 1 0.739616 0.091327 0.045506 0.012654 0.110898
2 1 0.144045 0.174298 0.388638 0.060345 0.232673
0 1 0.442193 0.154531 0.144710 0.054737 0.203829
0 0 0.726266 0.094850 0.048766 0.014196 0.115923
0 1 0.672153 0.108214 0.062542 0.021599 0.135491
2 1 0.144925 0.175237 0.396557 0.052059 0.231222
2 1 0.134423 0.172949 0.403296 0.058663 0.230669
2 1 0.097239 0.164441 0.466473 0.052782 0.219065
2 1 0.022714 0.097077 0.759846 0.033043 0.087320
2 2 0.009855 0.056050 0.875721 0.029155 0.029218
2 2 0.009670 0.056881 0.875841 0.026587 0.031021
2 2 0.008562 0.052087 0.886879 0.026409 0.026063
2 2 0.011979 0.064008 0.856105 0.030129 0.037780
2 2 0.010051 0.059232 0.871062 0.025559 0.034097
2 2 0.008947 0.054391 0.882397 0.025524 0.028741
2 2 0.009595 0.056987 0.876085 0.025941 0.031392
2 2 0.011664 0.052171 0.861775 0.053575 0.020815
0 2 0.499001 0.140960 0.147636 0.074412 0.137991
0 0 0.396497 0.156294 0.163970 0.086253 0.196985
0 1 0.510204 0.141265 0.112445 0.050191 0.185895
2 1 0.235313 0.179789 0.295521 0.053363 0.236013
2 2 0.069458 0.150697 0.558964 0.037753 0.183127
2 2 0.106217 0.147410 0.550863 0.072183 0.123328
0 0 0.444603 0.148510 0.160641 0.087135 0.159112
0 0 0.774612 0.081664 0.037249 0.009103 0.097371
0 0 0.718724 0.096800 0.050633 0.015115 0.118728
0 1 0.278389 0.175971 0.248729 0.063069 0.233841
2 1 0.174576 0.176656 0.344492 0.067226 0.237050
2 1 0.057533 0.146540 0.554522 0.045724 0.195681
2 1 0.065209 0.150997 0.531819 0.049727 0.202248
2 1 0.053443 0.143802 0.561070 0.048428 0.193258
2 1 0.086487 0.179495 0.402997 0.057924 0.273097
4 4 0.128789 0.212078 0.180891 0.056146 0.422096
4 4 0.106876 0.204949 0.263923 0.056274 0.367978
4 4 0.106792 0.201147 0.280634 0.060355 0.351072
4 4 0.111139 0.216970 0.181982 0.042226 0.447683
4 4 0.203107 0.204215 0.122345 0.062358 0.407976
0 4 0.570375 0.136342 0.066190 0.026856 0.200237
4 4 0.303959 0.183128 0.103525 0.076994 0.332394
0 4 0.599988 0.129764 0.059596 0.022287 0.188365
4 4 0.296091 0.185437 0.146374 0.070556 0.301541
0 4 0.508751 0.149636 0.076508 0.035821 0.229284
0 4 0.497481 0.142546 0.107897 0.058405 0.193671
4 4 0.088343 0.200267 0.315929 0.047777 0.347684
4 4 0.269538 0.183431 0.116438 0.097547 0.333045
0 4 0.583123 0.131962 0.070390 0.028741 0.185784
4 4 0.134031 0.211223 0.185807 0.057211 0.411728
4 4 0.123163 0.203794 0.238295 0.067326 0.367422
4 4 0.237846 0.195193 0.147515 0.074631 0.344815
0 4 0.477847 0.151849 0.095439 0.050883 0.223983
0 4 0.316941 0.179119 0.136446 0.078481 0.289013
0 4 0.431225 0.165426 0.084182 0.045989 0.273177
0 4 0.498285 0.149767 0.085909 0.042700 0.223339
4 4 0.184880 0.204331 0.178814 0.064754 0.367221
0 4 0.327035 0.182058 0.106925 0.066215 0.317767
4 4 0.187215 0.200640 0.199090 0.069275 0.343780
0 4 0.501952 0.148981 0.085511 0.042199 0.221356
0 4 0.405656 0.166526 0.099855 0.060710 0.267254
0 4 0.396001 0.169737 0.095450 0.057982 0.280829
0 4 0.419420 0.167770 0.084612 0.047201 0.280996
0 4 0.609145 0.125638 0.066878 0.025835 0.172504
0 4 0.377383 0.173991 0.092640 0.057575 0.298411
4 4 0.105820 0.197402 0.315481 0.054515 0.326783
0 4 0.397207 0.169633 0.094966 0.057459 0.280736
0 0 0.742251 0.090621 0.044869 0.012362 0.109897
4 4 0.273650 0.187823 0.136334 0.079331 0.322862
4 4 0.301463 0.184761 0.114942 0.073713 0.325121
4 4 0.294286 0.185390 0.111905 0.076087 0.332332
4 4 0.246996 0.194918 0.077887 0.058909 0.421290
4 4 0.112259 0.216131 0.187115 0.044097 0.440398
0 4 0.363066 0.177959 0.086799 0.053828 0.318348
0 4 0.410534 0.159460 0.117325 0.075076 0.237604
4 4 0.221796 0.198318 0.117893 0.073272 0.388721
0 4 0.352000 0.179798 0.087036 0.055130 0.326036
0 4 0.492158 0.151090 0.086492 0.043492 0.226768
4 4 0.127908 0.204280 0.235212 0.066181 0.366420
4 4 0.086579 0.205947 0.293085 0.041806 0.372583
0 4 0.368317 0.178338 0.080059 0.047648 0.325638
0 4 0.472299 0.158415 0.075238 0.036924 0.257125
0 4 0.433285 0.165265 0.082986 0.044937 0.273526
4 4 0.207178 0.193640 0.195105 0.082468 0.321609
0 4 0.439111 0.164166 0.082393 0.044085 0.270245
0 4 0.385963 0.171990 0.094308 0.058011 0.289728
0 4 0.564144 0.137614 0.067872 0.028049 0.202320
0 4 0.453324 0.159894 0.087259 0.046688 0.252835
0 4 0.283284 0.178963 0.192103 0.081495 0.264155
4 4 0.190692 0.198312 0.211612 0.070203 0.329181
4 4 0.270775 0.185743 0.147683 0.085139 0.310660
0 4 0.388802 0.174613 0.080299 0.046175 0.310111
0 4 0.511079 0.150781 0.068147 0.030390 0.239602
0 4 0.606955 0.128260 0.057503 0.021005 0.186277
0 4 0.438647 0.160133 0.097826 0.055935 0.247458
4 4 0.111763 0.216038 0.188946 0.044131 0.439121
4 4 0.143771 0.211003 0.149416 0.059571 0.436240
0 4 0.653249 0.117185 0.046285 0.014578 0.168703
0 4 0.533631 0.146877 0.057886 0.023432 0.238174
0 4 0.554927 0.140555 0.065084 0.026798 0.212636
4 4 0.163148 0.207070 0.167498 0.066287 0.395998
4 4 0.130550 0.211526 0.187008 0.056621 0.414296
4 4 0.272110 0.191006 0.095186 0.067896 0.373802
4 4 0.171548 0.202274 0.208008 0.067973 0.350197
4 4 0.111197 0.214796 0.200169 0.045974 0.427864
4 4 0.308906 0.184729 0.112614 0.069251 0.324500
0 4 0.409123 0.171477 0.076148 0.041448 0.301805
0 4 0.351671 0.178448 0.093216 0.060676 0.315989
0 4 0.469630 0.148902 0.109506 0.062175 0.209787
4 4 0.165003 0.207400 0.179134 0.062486 0.385977
4 4 0.145593 0.209432 0.174976 0.062293 0.407705
4 4 0.125315 0.208851 0.208909 0.060816 0.396108
4 4 0.086194 0.198580 0.326682 0.047358 0.341186
2 4 0.069516 0.192958 0.374567 0.037567 0.325391
4 4 0.100335 0.208186 0.259734 0.048676 0.383069
4 4 0.135925 0.208099 0.190376 0.065795 0.399806
4 4 0.079250 0.201836 0.323086 0.039647 0.356181
2 4 0.063322 0.191307 0.389382 0.033280 0.322709
2 4 0.055926 0.167512 0.486059 0.038298 0.252206
2 4 0.065573 0.189764 0.392690 0.036003 0.315970
4 4 0.088981 0.201680 0.308291 0.047352 0.353695
2 4 0.066541 0.194978 0.370098 0.033994 0.334390
4 4 0.085390 0.197700 0.331599 0.047411 0.337900
0 0 0.410124 0.158319 0.168814 0.068254 0.194489
0 1 0.343549 0.168227 0.156857 0.085876 0.245491
2 1 0.091576 0.192534 0.346734 0.053818 0.315337
2 1 0.054966 0.163883 0.499248 0.039132 0.242772
4 1 0.099615 0.195979 0.318291 0.058159 0.327955
2 1 0.062133 0.170733 0.465714 0.043340 0.258079
2 1 0.069383 0.178985 0.426526 0.045948 0.279158
2 1 0.063096 0.163578 0.488073 0.047691 0.237562
2 1 0.042237 0.129122 0.636145 0.044007 0.148490
2 1 0.039739 0.130296 0.628807 0.038720 0.162437
2 1 0.020365 0.091018 0.779745 0.032156 0.076716
2 2 0.010678 0.060193 0.866941 0.028019 0.034169
2 2 0.013341 0.071455 0.839157 0.027031 0.049017
2 2 0.032177 0.118646 0.679895 0.034932 0.134350
2 2 0.009027 0.054089 0.882285 0.026542 0.028057
2 2 0.011494 0.062940 0.859672 0.028860 0.037033
2 2 0.006109 0.041864 0.910892 0.023611 0.017524
2 2 0.006154 0.041624 0.910632 0.024467 0.017123
2 2 0.006338 0.043070 0.908470 0.023576 0.018545
2 2 0.006029 0.041449 0.911733 0.023606 0.017184
2 2 0.006405 0.042020 0.908383 0.026116 0.017076
2 2 0.005833 0.038793 0.914076 0.026842 0.014456
2 2 0.055167 0.137987 0.583401 0.064482 0.158963
2 2 0.006839 0.045218 0.903468 0.024240 0.020235
2 2 0.005861 0.038721 0.913788 0.027309 0.014321
2 2 0.008114 0.049455 0.891803 0.027412 0.023216
2 2 0.007269 0.046368 0.899662 0.025888 0.020812
2 2 0.005916 0.039662 0.913238 0.025907 0.015277
2 2 0.005689 0.039122 0.915435 0.024637 0.015118
2 2 0.005814 0.039914 0.914115 0.024374 0.015782
2 2 0.006686 0.042627 0.905800 0.027645 0.017242
2 2 0.006531 0.042217 0.907237 0.026960 0.017055
2 2 0.006051 0.038918 0.911863 0.028981 0.014187
2 2 0.006472 0.042272 0.907740 0.026272 0.017245
2 2 0.005299 0.036703 0.919414 0.025382 0.013203
2 2 0.005186 0.035904 0.920514 0.025823 0.012573
2 2 0.008900 0.050903 0.885481 0.031127 0.023588
2 2 0.007013 0.040139 0.901721 0.037223 0.013904
2 2 0.013140 0.062612 0.851158 0.040175 0.032914
2 2 0.010119 0.057922 0.872377 0.027927 0.031656
2 2 0.038532 0.117625 0.684423 0.047262 0.112159
2 2 0.007447 0.044786 0.898807 0.030561 0.018400
2 1 0.031532 0.093619 0.734495 0.078713 0.061640
2 1 0.011592 0.062088 0.860266 0.030783 0.035271
2 1 0.144648 0.141853 0.431227 0.171844 0.110428
2 1 0.009852 0.056988 0.874787 0.027624 0.030748
2 2 0.006683 0.043195 0.905679 0.026495 0.017948
2 2 0.009405 0.048090 0.881175 0.042234 0.019096
2 2 0.006819 0.044710 0.903927 0.024944 0.019600
2 2 0.005868 0.040889 0.913296 0.023097 0.016850
2 2 0.006083 0.039744 0.911639 0.027490 0.015044
2 2 0.009775 0.056146 0.876078 0.028445 0.029556
2 2 0.006152 0.040517 0.910941 0.026594 0.015797
2 2 0.006057 0.038550 0.911702 0.029910 0.013781
2 2 0.006561 0.041886 0.907026 0.027928 0.016599
2 2 0.006058 0.037926 0.911424 0.031465 0.013128
2 2 0.007221 0.043648 0.900891 0.030798 0.017442
2 2 0.005738 0.037233 0.914759 0.029315 0.012955
2 2 0.006374 0.038387 0.907991 0.034158 0.013090
2 2 0.006332 0.040298 0.909209 0.028963 0.015198
2 2 0.007068 0.038668 0.899430 0.042445 0.012389
2 2 0.006561 0.040261 0.906857 0.031569 0.014751
2 1 0.008390 0.045337 0.889957 0.038874 0.017442
2 2 0.006290 0.040817 0.909628 0.027392 0.015874
2 2 0.006051 0.037631 0.911335 0.032145 0.012838
2 2 0.007803 0.043303 0.895004 0.037822 0.016068
2 2 0.007489 0.041426 0.897176 0.039376 0.014533
2 2 0.007124 0.041284 0.901225 0.035436 0.014931
2 2 0.005339 0.035570 0.918662 0.028474 0.011955
2 2 0.008640 0.044586 0.886759 0.043763 0.016252
2 2 0.008009 0.040613 0.889567 0.048747 0.013065
2 2 0.006781 0.038385 0.902896 0.039439 0.012499
2 2 0.006783 0.037764 0.902077 0.041464 0.011913
2 2 0.006806 0.039917 0.903978 0.035311 0.013988
2 2 0.006435 0.040271 0.908168 0.030143 0.014982
2 2 0.006675 0.038589 0.904464 0.037428 0.012844
2 2 0.007746 0.044030 0.895920 0.035329 0.016974
2 2 0.007895 0.042591 0.893468 0.040876 0.015170
2 2 0.007186 0.040708 0.900137 0.037736 0.014233
2 2 0.007526 0.041509 0.896823 0.039574 0.014568
2 2 0.008944 0.041553 0.878175 0.058402 0.012926
2 2 0.007463 0.036510 0.888995 0.056935 0.010097
2 2 0.006300 0.038797 0.909108 0.032166 0.013629
2 2 0.008105 0.039731 0.886550 0.053456 0.012158
2 2 0.007419 0.039201 0.895415 0.045515 0.012450
2 2 0.005758 0.036881 0.914370 0.030429 0.012562
2 2 0.008579 0.040067 0.880152 0.059221 0.011980
2 2 0.008863 0.045329 0.884929 0.044130 0.016748
2 2 0.006938 0.042833 0.903505 0.029724 0.016999
2 2 0.007305 0.042601 0.899900 0.034110 0.016083
2 2 0.006853 0.040564 0.903829 0.034161 0.014593
2 2 0.006463 0.038184 0.906748 0.035850 0.012755
2 2 0.006222 0.036670 0.908345 0.037115 0.011648
2 2 0.009469 0.045603 0.878288 0.050381 0.016260
2 2 0.006437 0.039668 0.907972 0.031601 0.014321
2 2 0.007342 0.041564 0.898974 0.037227 0.014894
2 2 0.007747 0.040067 0.892270 0.047053 0.012863
2 2 0.006854 0.039684 0.903242 0.036543 0.013676
2 2 0.006713 0.038408 0.903799 0.038465 0.012615
2 2 0.006934 0.039740 0.902323 0.037389 0.013613
2 2 0.006549 0.038080 0.905567 0.037275 0.012529
2 2 0.007029 0.037769 0.898607 0.044981 0.011614
2 2 0.007782 0.040152 0.891918 0.047248 0.012899
2 2 0.009614 0.043756 0.873411 0.058944 0.014275
2 2 0.007152 0.038337 0.897787 0.044745 0.011979
2 2 0.010802 0.043909 0.856600 0.075329 0.013360
2 2 0.008205 0.040489 0.886610 0.051965 0.012731
2 2 0.008815 0.039411 0.874575 0.065975 0.011224
2 2 0.007418 0.039273 0.895538 0.045255 0.012517
2 2 0.009103 0.041053 0.874584 0.062920 0.012339
2 2 0.008360 0.041203 0.885765 0.051454 0.013218
2 2 0.008853 0.039376 0.873846 0.066761 0.011165
2 2 0.007427 0.037641 0.892382 0.051492 0.011058
2 2 0.009727 0.043355 0.870984 0.062139 0.013795
2 2 0.013660 0.047646 0.825785 0.098340 0.014568
2 2 0.008946 0.042861 0.880740 0.053321 0.014132
2 2 0.013220 0.048782 0.836132 0.086021 0.015846
2 2 0.012629 0.048558 0.843652 0.079078 0.016083
2 2 0.009081 0.040091 0.872248 0.067026 0.011554
2 2 0.014810 0.048659 0.809931 0.111592 0.015010
2 2 0.011709 0.045119 0.846573 0.082884 0.013714
2 2 0.010408 0.042664 0.858846 0.075467 0.012614
2 2 0.011093 0.042210 0.845835 0.089086 0.011776
2 2 0.011059 0.044560 0.854682 0.075979 0.013720
2 2 0.014567 0.048286 0.814453 0.108111 0.014584
2 2 0.010492 0.046022 0.866238 0.061688 0.015561
2 2 0.018076 0.054702 0.788809 0.120015 0.018398
2 2 0.013647 0.045559 0.817071 0.110816 0.012908
2 2 0.016899 0.055420 0.807740 0.100348 0.019593
2 2 0.036112 0.051810 0.467741 0.426242 0.018094
2 2 0.016356 0.054606 0.812111 0.097772 0.019155
2 2 0.016439 0.049831 0.787466 0.130849 0.015415
2 2 0.013675 0.047737 0.825916 0.098037 0.014636
2 2 0.012699 0.048885 0.843584 0.078498 0.016335
2 2 0.020262 0.051926 0.744324 0.168313 0.015175
2 2 0.014198 0.048968 0.822712 0.098757 0.015366
2 2 0.015219 0.047401 0.799903 0.123906 0.013571
2 2 0.012270 0.046903 0.843908 0.082066 0.014853
2 2 0.009724 0.040126 0.861499 0.077565 0.011087
2 2 0.022140 0.054678 0.732582 0.173874 0.016726
2 0 0.031181 0.099509 0.743892 0.051248 0.074170
2 1 0.200738 0.179828 0.330823 0.052446 0.236165
2 2 0.060950 0.143389 0.581508 0.047387 0.166766
2 2 0.040987 0.094701 0.726632 0.085109 0.052572
2 2 0.208900 0.142153 0.333065 0.205611 0.110271
2 2 0.039593 0.090628 0.721031 0.101065 0.047684
2 2 0.057535 0.103159 0.614903 0.163533 0.060870
2 2 0.020718 0.094474 0.769783 0.029260 0.085765
2 2 0.005952 0.039523 0.912908 0.026572 0.015046
2 2 0.009420 0.054792 0.879382 0.028172 0.028234
2 2 0.027343 0.081796 0.757470 0.088527 0.044864
2 2 0.021470 0.093569 0.771263 0.033030 0.080668
2 2 0.017238 0.085190 0.799858 0.027271 0.070442
2 2 0.006488 0.042855 0.907403 0.025318 0.017936
2 2 0.046429 0.122770 0.646803 0.068458 0.115539
2 2 0.006992 0.045992 0.901870 0.024212 0.020935
2 2 0.007659 0.048373 0.895620 0.025638 0.022710
2 2 0.018787 0.091318 0.780931 0.026141 0.082822
2 2 0.008853 0.055071 0.882057 0.023908 0.030111
2 2 0.014026 0.072558 0.835024 0.028937 0.049455
2 2 0.006692 0.046620 0.903215 0.020883 0.022589
2 2 0.026266 0.108488 0.720167 0.030689 0.114390
2 2 0.043519 0.150044 0.560182 0.032285 0.213970
2 2 0.011209 0.064412 0.858591 0.025191 0.040597
2 2 0.013315 0.070499 0.840991 0.028152 0.047043
2 2 0.238690 0.148911 0.335949 0.162822 0.113628
0 2 0.421738 0.153291 0.150826 0.079075 0.195069
2 2 0.071776 0.154543 0.524101 0.044757 0.204824
2 2 0.017713 0.079417 0.810833 0.037089 0.054948
2 2 0.009325 0.054529 0.880172 0.027932 0.028042
2 2 0.020154 0.086673 0.790024 0.037271 0.065878
2 2 0.010988 0.061679 0.863599 0.027704 0.036029
2 2 0.010062 0.055252 0.875105 0.032057 0.027523
2 2 0.024766 0.104974 0.733226 0.030274 0.106761
2 2 0.080456 0.190289 0.368432 0.048823 0.312000
2 2 0.060771 0.174175 0.456468 0.039916 0.268670
4 2 0.163268 0.193192 0.257792 0.077537 0.308211
2 2 0.099058 0.160829 0.504967 0.048843 0.186302
2 2 0.243195 0.179882 0.301525 0.049343 0.226055
2 2 0.073195 0.155191 0.518819 0.046586 0.206209
2 2 0.049704 0.135878 0.610437 0.045350 0.158631
2 2 0.116360 0.169810 0.436687 0.052073 0.225069
2 2 0.040225 0.121988 0.666304 0.047380 0.124104
2 2 0.016432 0.079460 0.814769 0.031001 0.058338
0 2 0.365025 0.155535 0.246607 0.100670 0.132163
0 0 0.306265 0.172350 0.259593 0.066802 0.194990
0 0 0.674128 0.107752 0.062025 0.021295 0.134801
0 0 0.720633 0.096309 0.050159 0.014879 0.118021
0 1 0.289787 0.179429 0.167177 0.086282 0.277324
0 1 0.324963 0.174617 0.133354 0.087577 0.279488
0 1 0.446005 0.147314 0.127241 0.079036 0.200404
0 1 0.707517 0.099646 0.053440 0.016546 0.122851
0 1 0.469664 0.144411 0.120135 0.071043 0.194747
2 1 0.097355 0.164607 0.468987 0.050512 0.218538
2 1 0.050178 0.135842 0.613384 0.043892 0.156704
0 1 0.266012 0.175973 0.254859 0.067884 0.235271
0 1 0.290407 0.174982 0.239096 0.063024 0.232491
0 0 0.824406 0.066815 0.026309 0.005187 0.077283
0 0 0.741524 0.090572 0.045303 0.012965 0.109636
0 0 0.509590 0.140738 0.104434 0.054873 0.190365
4 1 0.235189 0.191881 0.179084 0.078329 0.315517
4 1 0.142602 0.195067 0.282513 0.067886 0.311931
2 1 0.064003 0.169978 0.465020 0.045876 0.255123
4 1 0.168881 0.190468 0.285588 0.068104 0.286959
2 1 0.069432 0.153108 0.518282 0.053337 0.205841
4 1 0.140369 0.196113 0.275310 0.069333 0.318875
2 1 0.103607 0.182256 0.383860 0.058428 0.271849
0 0 0.658838 0.111278 0.066060 0.023725 0.140100
0 1 0.644284 0.114524 0.069957 0.026195 0.145040
2 1 0.138190 0.174256 0.406449 0.051246 0.229858
2 1 0.101018 0.165926 0.466650 0.047385 0.219021
2 1 0.184041 0.177807 0.338255 0.062777 0.237120
2 1 0.034073 0.116017 0.697353 0.035368 0.117188
2 2 0.009250 0.053251 0.881689 0.029561 0.026249
2 2 0.015661 0.078140 0.819508 0.029273 0.057419
2 2 0.011672 0.063137 0.858617 0.029625 0.036949
2 2 0.007530 0.044793 0.898069 0.031355 0.018253
2 2 0.017063 0.080356 0.811237 0.032626 0.058718
2 2 0.015648 0.077554 0.820733 0.029981 0.056084
2 2 0.007295 0.046390 0.899461 0.026071 0.020783
2 2 0.011704 0.063416 0.858111 0.029393 0.037377
2 2 0.013685 0.069193 0.841731 0.031973 0.043418
2 2 0.009811 0.057347 0.874590 0.026803 0.031449
2 2 0.007178 0.046107 0.900475 0.025577 0.020662
2 2 0.006349 0.043057 0.908395 0.023696 0.018503
2 4 0.034920 0.125777 0.648868 0.033045 0.157390
2 4 0.042727 0.135090 0.605647 0.038936 0.177601
2 4 0.081413 0.184905 0.386035 0.053773 0.293873
4 4 0.148641 0.210809 0.142797 0.059096 0.438657
4 4 0.115216 0.203317 0.258232 0.062311 0.360924
4 4 0.091232 0.205372 0.288609 0.045460 0.369327
2 4 0.120631 0.194080 0.324178 0.055793 0.305318
0 0 0.636571 0.116200 0.072044 0.027569 0.147616
0 0 0.675061 0.107533 0.061781 0.021152 0.134474
0 4 0.288475 0.178850 0.198783 0.075161 0.258731
0 4 0.422472 0.162140 0.102607 0.061299 0.251482
0 4 0.383939 0.176319 0.075312 0.042574 0.321856
4 4 0.318060 0.186223 0.080756 0.052989 0.361971
0 4 0.332681 0.181952 0.091520 0.061301 0.332546
0 4 0.369531 0.176243 0.089398 0.055438 0.309390
0 4 0.566558 0.137814 0.063790 0.025644 0.206194
0 4 0.362859 0.180819 0.067369 0.037786 0.351167
0 4 0.535575 0.143315 0.075089 0.033589 0.212432
0 4 0.549312 0.139841 0.074862 0.032806 0.203179
0 4 0.589832 0.126573 0.082416 0.035388 0.165791
0 4 0.494844 0.153755 0.072702 0.034049 0.244649
0 4 0.624583 0.122241 0.062894 0.023233 0.167050
0 4 0.557397 0.135909 0.081363 0.036389 0.188941
0 0 0.745937 0.089628 0.043983 0.011961 0.108492
0 1 0.487370 0.151557 0.088896 0.045491 0.226687
4 4 0.267282 0.192165 0.092398 0.065704 0.382451
4 4 0.265944 0.192392 0.094074 0.066209 0.381380
4 4 0.108824 0.210195 0.233938 0.051210 0.395833
4 4 0.335563 0.182600 0.086371 0.056249 0.339217
0 4 0.373499 0.178486 0.072907 0.041426 0.333682
4 4 0.115640 0.214502 0.192896 0.047998 0.428964
4 4 0.130425 0.208159 0.212324 0.061099 0.387993
0 4 0.459584 0.160814 0.077355 0.039122 0.263125
0 4 0.716263 0.097430 0.051246 0.015422 0.119638
4 4 0.272455 0.185543 0.133435 0.087480 0.321087
4 4 0.234533 0.196008 0.145029 0.073995 0.350435
4 4 0.126448 0.204679 0.227754 0.067758 0.373361
4 4 0.136379 0.211441 0.166534 0.058736 0.426911
4 4 0.200530 0.199359 0.161130 0.077400 0.361581
0 4 0.368571 0.173371 0.100985 0.065731 0.291342
0 4 0.393250 0.164990 0.112126 0.072678 0.256955
