0 0 0.390472 0.295497 0.090934 0.026375 0.196722
4 0 0.164279 0.205878 0.073271 0.032214 0.524359
4 0 0.237794 0.222728 0.122730 0.069955 0.346793
0 0 0.802555 0.091937 0.027282 0.012211 0.066015
0 0 0.844760 0.072197 0.018817 0.008239 0.055986
0 0 0.765598 0.121186 0.038131 0.014895 0.060190
0 0 0.743289 0.158881 0.046972 0.012963 0.037895
0 0 0.725719 0.149311 0.049862 0.017845 0.057263
0 0 0.654447 0.205380 0.072860 0.021179 0.046134
0 0 0.765681 0.151904 0.041217 0.010237 0.030962
0 0 0.784016 0.131730 0.036227 0.010479 0.037548
0 0 0.806751 0.112844 0.030234 0.009575 0.040597
0 0 0.768722 0.146320 0.040370 0.010681 0.033907
0 0 0.695348 0.200888 0.060321 0.013621 0.029822
4 1 0.076584 0.254840 0.109368 0.042075 0.517134
4 1 0.036913 0.233934 0.118179 0.047512 0.563463
4 1 0.059259 0.243726 0.123823 0.053365 0.519827
4 1 0.018631 0.188187 0.083256 0.022193 0.687732
4 1 0.060750 0.297548 0.169466 0.067623 0.404613
4 1 0.046069 0.148536 0.053393 0.023144 0.728858
4 1 0.204178 0.197466 0.074496 0.036291 0.487570
4 1 0.150396 0.276020 0.113173 0.043963 0.416448
4 1 0.017517 0.146608 0.047328 0.015255 0.773291
4 1 0.021439 0.205927 0.084828 0.028192 0.659615
4 1 0.033502 0.202461 0.073243 0.024412 0.666383
0 1 0.403612 0.293494 0.093463 0.027592 0.181839
4 1 0.047435 0.263790 0.143630 0.058648 0.486496
4 1 0.020516 0.183628 0.069532 0.023034 0.703290
4 4 0.040532 0.117578 0.039163 0.017865 0.784862
4 4 0.021497 0.094609 0.025339 0.009468 0.849088
4 4 0.022337 0.134746 0.043333 0.015486 0.784099
4 4 0.125484 0.061904 0.019138 0.015012 0.778462
4 4 0.172515 0.067790 0.023785 0.020851 0.715059
4 4 0.098825 0.088338 0.030554 0.020521 0.761763
4 4 0.119188 0.148363 0.053760 0.028351 0.650339
4 4 0.166311 0.161670 0.060641 0.032850 0.578527
1 4 0.139576 0.407654 0.178193 0.048486 0.226091
4 4 0.028537 0.177453 0.069913 0.026329 0.697769
4 4 0.035877 0.136862 0.048320 0.020563 0.758378
4 4 0.022799 0.185475 0.069937 0.023483 0.698305
4 4 0.016063 0.211372 0.170687 0.023935 0.577944
4 4 0.037302 0.226525 0.114995 0.045831 0.575347
4 4 0.016436 0.221646 0.254266 0.027694 0.479957
4 4 0.066789 0.312592 0.136201 0.043890 0.440527
1 4 0.190405 0.365971 0.183451 0.061682 0.198491
4 4 0.013209 0.065302 0.013674 0.004567 0.903248
1 4 0.201151 0.339299 0.121155 0.036238 0.302156
4 4 0.023366 0.197313 0.080225 0.027669 0.671427
0 4 0.390115 0.287210 0.126758 0.047078 0.148840
4 4 0.094035 0.220591 0.103052 0.048891 0.533431
4 4 0.030065 0.218751 0.099690 0.037133 0.614360
4 4 0.114818 0.276508 0.105699 0.037448 0.465527
4 4 0.033240 0.264254 0.156628 0.057733 0.488144
4 4 0.014045 0.216748 0.238459 0.023872 0.506876
4 4 0.021145 0.201594 0.081617 0.027046 0.668598
4 4 0.027660 0.187604 0.076163 0.028156 0.680417
4 4 0.024854 0.209093 0.094973 0.031244 0.639836
4 4 0.021287 0.107049 0.030372 0.011070 0.830221
4 4 0.042477 0.289339 0.132818 0.043431 0.491934
4 4 0.023014 0.247030 0.119022 0.040038 0.570896
4 4 0.026109 0.108152 0.031928 0.012530 0.821280
4 4 0.016284 0.194450 0.111210 0.021096 0.656961
4 4 0.018099 0.161029 0.055101 0.017730 0.748041
4 4 0.029250 0.138094 0.047195 0.018579 0.766881
4 4 0.079124 0.354770 0.158386 0.047681 0.360038
1 4 0.225910 0.353065 0.207443 0.076129 0.137453
4 4 0.033031 0.162429 0.054958 0.019919 0.729663
4 4 0.023417 0.241825 0.121312 0.038794 0.574652
2 4 0.038575 0.194791 0.498849 0.050665 0.217121
4 4 0.027682 0.253799 0.199289 0.048079 0.471151
1 4 0.082897 0.322637 0.206210 0.080087 0.308169
4 4 0.113432 0.354732 0.135660 0.038710 0.357466
1 4 0.149241 0.397676 0.172313 0.048302 0.232467
1 4 0.151386 0.369875 0.201830 0.069785 0.207124
2 4 0.107045 0.280723 0.320398 0.092359 0.199475
2 4 0.049364 0.221020 0.416491 0.069232 0.243894
2 4 0.026096 0.098331 0.737138 0.053243 0.085192
2 4 0.047041 0.163976 0.603922 0.053308 0.131753
2 4 0.011736 0.063582 0.845275 0.016829 0.062578
2 4 0.025493 0.107406 0.723314 0.043150 0.100637
2 4 0.071776 0.233775 0.423996 0.086825 0.183628
2 2 0.077188 0.196076 0.474662 0.119617 0.132456
2 2 0.043426 0.128937 0.639027 0.094683 0.093927
2 2 0.088577 0.260421 0.372070 0.085418 0.193513
2 2 0.090275 0.233384 0.409285 0.106322 0.160734
2 2 0.081936 0.257179 0.406350 0.065140 0.189395
2 2 0.050646 0.177928 0.556583 0.065154 0.149689
2 2 0.047999 0.164627 0.564476 0.085115 0.137783
2 2 0.014718 0.069196 0.824262 0.028298 0.063527
2 2 0.018658 0.079841 0.793523 0.036595 0.071382
2 2 0.005585 0.034975 0.911381 0.014680 0.033379
2 2 0.013226 0.062855 0.837582 0.029409 0.056927
2 2 0.052445 0.193069 0.507497 0.075437 0.171552
2 2 0.027215 0.096226 0.731281 0.065203 0.080076
2 2 0.011323 0.057382 0.853933 0.024315 0.053046
2 2 0.006247 0.036256 0.904562 0.019692 0.033243
2 2 0.005302 0.032517 0.915066 0.016915 0.030200
2 2 0.008041 0.041676 0.885182 0.028469 0.036631
2 2 0.004956 0.031529 0.918925 0.014812 0.029779
2 2 0.004718 0.029601 0.921866 0.016433 0.027383
2 2 0.007058 0.039970 0.895869 0.020310 0.036792
2 2 0.009659 0.049018 0.869965 0.027431 0.043927
2 2 0.007049 0.041281 0.895414 0.017212 0.039044
2 2 0.007413 0.042100 0.891974 0.019289 0.039223
2 2 0.005122 0.031556 0.917155 0.016945 0.029223
2 2 0.006274 0.032815 0.900624 0.032596 0.027690
2 2 0.006463 0.035382 0.901422 0.025585 0.031148
2 2 0.004339 0.026554 0.925723 0.019692 0.023691
2 2 0.005085 0.029685 0.916764 0.022184 0.026281
2 2 0.006491 0.035302 0.900934 0.026334 0.030939
2 2 0.008317 0.038078 0.872836 0.050245 0.030524
2 2 0.007267 0.035057 0.885931 0.043209 0.028535
2 2 0.010593 0.041575 0.831266 0.085565 0.031001
2 2 0.008282 0.038875 0.876260 0.044830 0.031754
2 2 0.011015 0.046771 0.846537 0.058359 0.037318
2 2 0.009705 0.046669 0.867993 0.035551 0.040082
2 2 0.021002 0.085759 0.776154 0.041372 0.075714
1 2 0.140772 0.365456 0.202622 0.071554 0.219595
2 2 0.012430 0.059246 0.844695 0.030527 0.053102
2 2 0.008766 0.048731 0.877529 0.018840 0.046133
2 2 0.015219 0.069998 0.820550 0.030672 0.063562
2 2 0.011054 0.057006 0.856015 0.022731 0.053194
2 2 0.005254 0.031906 0.915623 0.017870 0.029347
2 2 0.010213 0.051861 0.864725 0.026180 0.047021
2 2 0.006176 0.037356 0.904937 0.016186 0.035345
2 2 0.008512 0.045712 0.881063 0.022890 0.041823
2 2 0.005930 0.036295 0.907642 0.015736 0.034397
2 2 0.006400 0.034035 0.900675 0.029676 0.029214
2 2 0.006870 0.035042 0.894114 0.034481 0.029493
2 2 0.013411 0.049894 0.807371 0.091948 0.037376
2 2 0.006168 0.033429 0.903686 0.027790 0.028928
2 2 0.005614 0.030195 0.907876 0.030810 0.025505
2 2 0.008737 0.041957 0.875353 0.038693 0.035261
2 2 0.004940 0.029837 0.919040 0.019182 0.027000
2 2 0.009562 0.041780 0.858896 0.056594 0.033167
2 2 0.005970 0.032038 0.904830 0.029828 0.027334
2 2 0.008902 0.039496 0.864862 0.055442 0.031298
2 2 0.007431 0.036903 0.887730 0.037070 0.030866
2 2 0.013778 0.048342 0.787124 0.115896 0.034860
2 2 0.009643 0.042205 0.858749 0.055799 0.033604
2 2 0.008773 0.039478 0.867761 0.052446 0.031543
2 2 0.010522 0.042154 0.836933 0.078510 0.031882
2 2 0.016508 0.053699 0.751933 0.139917 0.037942
2 2 0.014179 0.052927 0.805620 0.087097 0.040176
2 2 0.013661 0.046971 0.779341 0.126701 0.033326
2 2 0.010670 0.039793 0.814814 0.106117 0.028606
2 2 0.013469 0.046503 0.781312 0.125710 0.033006
2 2 0.013599 0.045239 0.764792 0.145040 0.031329
2 2 0.012572 0.047829 0.816386 0.087224 0.035989
2 3 0.018039 0.052090 0.688542 0.206830 0.034499
2 3 0.018246 0.055125 0.714496 0.174433 0.037700
2 2 0.011322 0.047871 0.844207 0.058325 0.038275
1 2 0.166845 0.356789 0.210236 0.078696 0.187435
0 1 0.389106 0.316084 0.114518 0.033786 0.146506
1 1 0.094084 0.342079 0.197389 0.074215 0.292233
2 1 0.030001 0.129244 0.662213 0.051692 0.126850
2 1 0.083859 0.248087 0.398060 0.081313 0.188681
2 1 0.023699 0.095315 0.754809 0.040871 0.085305
2 1 0.014993 0.066232 0.822820 0.037940 0.058015
1 1 0.109867 0.320924 0.273036 0.073675 0.222498
2 1 0.037409 0.181024 0.522353 0.054786 0.204427
2 1 0.011173 0.056341 0.855555 0.025201 0.051730
2 1 0.022040 0.093419 0.761820 0.037037 0.085685
2 1 0.007382 0.044353 0.890418 0.014611 0.043236
2 1 0.029509 0.122737 0.682564 0.047943 0.117247
2 1 0.074654 0.262061 0.358257 0.078510 0.226518
2 1 0.056897 0.256576 0.365243 0.061305 0.259979
2 1 0.028598 0.111925 0.710854 0.046846 0.101777
2 1 0.023988 0.094176 0.752373 0.046653 0.082810
2 1 0.019779 0.102940 0.742416 0.027379 0.107486
2 1 0.020669 0.090346 0.768501 0.036894 0.083590
2 1 0.021445 0.093240 0.762598 0.036087 0.086631
4 1 0.042441 0.304458 0.146395 0.047503 0.459202
4 1 0.074238 0.324253 0.191341 0.074494 0.335674
2 1 0.040653 0.169752 0.566663 0.054790 0.168143
2 1 0.045887 0.202281 0.480173 0.060151 0.211508
1 1 0.104940 0.353696 0.185626 0.064633 0.291105
4 1 0.064330 0.330660 0.176047 0.061578 0.367385
2 1 0.027809 0.120684 0.684014 0.053871 0.113622
2 1 0.025745 0.107562 0.717456 0.049163 0.100074
2 1 0.032505 0.149453 0.615452 0.045408 0.157181
4 1 0.074481 0.321081 0.161903 0.057578 0.384957
1 0 0.168951 0.361199 0.169278 0.055970 0.244601
0 0 0.624483 0.241905 0.075262 0.017072 0.041278
1 0 0.282841 0.414437 0.159196 0.036103 0.107423
0 0 0.486124 0.300974 0.109581 0.028637 0.074684
0 0 0.625462 0.242608 0.077684 0.017436 0.036810
0 0 0.707256 0.187516 0.057126 0.014156 0.033947
0 0 0.690849 0.195884 0.061787 0.015595 0.035884
0 0 0.681144 0.203181 0.064790 0.015998 0.034888
0 0 0.711138 0.192741 0.055701 0.012283 0.028138
0 0 0.642861 0.227511 0.073002 0.017430 0.039196
0 0 0.694983 0.198892 0.060551 0.014136 0.031437
0 0 0.795044 0.128414 0.033725 0.009213 0.033605
0 0 0.770827 0.136754 0.039336 0.011883 0.041200
0 0 0.771360 0.129783 0.038492 0.012832 0.047532
0 0 0.838584 0.088988 0.022420 0.007804 0.042204
0 0 0.834608 0.064349 0.017854 0.009521 0.073668
0 0 0.709440 0.166385 0.055535 0.017966 0.050675
0 0 0.815523 0.101867 0.027457 0.009589 0.045564
0 0 0.865957 0.075465 0.017148 0.005706 0.035724
0 0 0.788241 0.121822 0.034477 0.011223 0.044235
0 0 0.745143 0.162427 0.046601 0.011971 0.033859
0 0 0.678826 0.214906 0.064847 0.013781 0.027640
0 0 0.763467 0.135673 0.040690 0.013288 0.046882
0 0 0.741731 0.166622 0.047527 0.011801 0.032319
0 0 0.844591 0.073027 0.018999 0.008218 0.055165
0 0 0.793798 0.137916 0.034187 0.007918 0.026181
0 0 0.720215 0.186035 0.053230 0.011950 0.028570
0 0 0.754577 0.155106 0.044058 0.011615 0.034644
0 0 0.776695 0.130868 0.037612 0.011800 0.043025
0 0 0.821802 0.110777 0.027370 0.007648 0.032403
0 0 0.806723 0.100601 0.028489 0.010938 0.053249
0 0 0.917413 0.044138 0.008005 0.002736 0.027708
0 0 0.857051 0.072591 0.017703 0.006883 0.045772
0 0 0.854067 0.062732 0.016047 0.007615 0.059539
0 0 0.822384 0.099963 0.026187 0.008847 0.042619
0 0 0.809988 0.131188 0.030259 0.006451 0.022114
0 0 0.871600 0.082499 0.017019 0.004428 0.024454
0 0 0.837355 0.095031 0.023356 0.007369 0.036888
0 0 0.890709 0.053459 0.011452 0.004532 0.039848
0 0 0.775276 0.148555 0.038763 0.009181 0.028225
0 0 0.737612 0.183722 0.047731 0.009177 0.021758
0 0 0.524345 0.249641 0.101220 0.034645 0.090149
4 0 0.060484 0.230355 0.100717 0.040478 0.567965
4 0 0.099594 0.142134 0.058322 0.033902 0.666049
4 1 0.053604 0.142864 0.055907 0.027526 0.720099
4 1 0.045872 0.179797 0.078606 0.035404 0.660322
4 1 0.022273 0.208530 0.099384 0.028998 0.640815
4 1 0.015314 0.206079 0.115908 0.022502 0.640196
0 1 0.337797 0.286602 0.097094 0.032230 0.246277
4 1 0.034947 0.188207 0.080194 0.032384 0.664268
4 1 0.048627 0.201876 0.078001 0.029766 0.641731
4 1 0.024007 0.104550 0.029925 0.011449 0.830069
4 1 0.022914 0.135384 0.043842 0.015805 0.782054
1 1 0.126825 0.361936 0.157763 0.048854 0.304622
0 1 0.478793 0.245677 0.082292 0.028242 0.164996
4 1 0.261090 0.219206 0.081895 0.037323 0.400486
4 1 0.030118 0.113401 0.035141 0.014429 0.806911
4 1 0.040830 0.277068 0.148173 0.055710 0.478219
4 1 0.186341 0.326654 0.118853 0.037243 0.330909
4 1 0.066010 0.162454 0.084029 0.037033 0.650475
0 1 0.449995 0.226618 0.078986 0.031225 0.213177
4 1 0.063667 0.210975 0.081172 0.031654 0.612532
4 1 0.032011 0.253217 0.234141 0.054261 0.426370
4 1 0.027366 0.238097 0.115278 0.041542 0.577717
4 1 0.040421 0.215668 0.098799 0.039753 0.605359
4 1 0.029943 0.156935 0.051737 0.018347 0.743038
4 1 0.023249 0.129324 0.040980 0.014961 0.791487
4 1 0.023841 0.244514 0.216579 0.040994 0.474072
4 1 0.025468 0.249122 0.206073 0.044068 0.475270
4 1 0.088578 0.308548 0.114096 0.034571 0.454207
4 1 0.020333 0.080396 0.019787 0.007455 0.872029
4 1 0.180893 0.278626 0.093687 0.031735 0.415058
4 1 0.029642 0.225665 0.109235 0.039542 0.595917
1 1 0.235240 0.433240 0.160600 0.035417 0.135504
4 1 0.039294 0.228316 0.115705 0.048090 0.568596
4 1 0.016868 0.205928 0.140278 0.023522 0.613403
4 1 0.042092 0.252171 0.125961 0.048778 0.530997
4 1 0.027782 0.184283 0.074007 0.027463 0.686465
4 1 0.069929 0.245161 0.092906 0.032795 0.559209
0 1 0.655342 0.193053 0.071608 0.023768 0.056230
4 1 0.024474 0.194977 0.079336 0.027882 0.673332
4 1 0.016675 0.217399 0.283025 0.027652 0.455250
4 1 0.038046 0.242085 0.308790 0.061636 0.349442
4 1 0.049895 0.212354 0.083010 0.031063 0.623678
4 1 0.072219 0.253094 0.107838 0.041018 0.525831
4 1 0.025364 0.210348 0.090890 0.032121 0.641277
1 1 0.087358 0.331991 0.198452 0.077819 0.304381
2 1 0.054460 0.250110 0.329102 0.077383 0.288945
2 1 0.095306 0.288949 0.327891 0.074690 0.213163
0 1 0.440846 0.317956 0.116726 0.031189 0.093283
1 1 0.235706 0.366463 0.198493 0.066458 0.132879
0 0 0.739386 0.159852 0.047969 0.013500 0.039293
0 0 0.754134 0.144476 0.043504 0.013516 0.044370
0 1 0.509961 0.304575 0.100269 0.022822 0.062373
0 1 0.374257 0.343991 0.132396 0.036078 0.113278
1 1 0.218303 0.347979 0.144665 0.046527 0.242526
0 0 0.857361 0.088342 0.019660 0.005533 0.029105
0 0 0.742478 0.139655 0.045189 0.016316 0.056362
0 0 0.809109 0.104557 0.028791 0.010201 0.047342
0 0 0.784046 0.143120 0.036579 0.008645 0.027612
0 0 0.819959 0.107983 0.027478 0.008265 0.036315
0 0 0.832292 0.088444 0.023139 0.008642 0.047483
0 0 0.835363 0.076030 0.020483 0.009101 0.059022
0 0 0.816415 0.122004 0.028880 0.006878 0.025822
0 0 0.833885 0.096606 0.024056 0.007659 0.037795
0 0 0.748609 0.146943 0.044907 0.014085 0.045455
0 0 0.787421 0.124339 0.034907 0.011008 0.042325
0 0 0.743696 0.118421 0.040726 0.018742 0.078415
0 0 0.866243 0.077207 0.017325 0.005533 0.033692
0 0 0.817372 0.112511 0.028313 0.008061 0.033741
0 0 0.807399 0.105412 0.029170 0.010352 0.047667
0 0 0.848203 0.079257 0.019763 0.007434 0.045344
0 0 0.876918 0.066384 0.014695 0.005182 0.036819
0 0 0.847700 0.092597 0.021525 0.006293 0.031885
0 0 0.794407 0.134931 0.034055 0.008303 0.028305
0 0 0.805145 0.129516 0.031496 0.007462 0.026381
0 0 0.733120 0.171278 0.049871 0.012495 0.033236
0 0 0.803099 0.129930 0.031978 0.007716 0.027276
0 0 0.816915 0.115124 0.028567 0.007779 0.031615
0 0 0.801566 0.135261 0.032276 0.007113 0.023784
0 0 0.716194 0.194604 0.053844 0.010913 0.024445
0 0 0.775585 0.147917 0.038691 0.009240 0.028568
0 0 0.747647 0.159960 0.045915 0.011974 0.034503
0 0 0.814061 0.128747 0.029315 0.006211 0.021666
0 0 0.775891 0.141436 0.038527 0.010283 0.033863
0 0 0.672012 0.220506 0.066722 0.013870 0.026890
0 0 0.686688 0.185284 0.061893 0.018427 0.047707
0 0 0.715884 0.184241 0.054630 0.013157 0.032089
0 0 0.780221 0.122679 0.035987 0.012373 0.048740
0 0 0.372505 0.328944 0.108721 0.029465 0.160366
0 0 0.550710 0.284098 0.096230 0.021808 0.047153
0 0 0.591007 0.242387 0.091807 0.025723 0.049076
0 0 0.672346 0.198916 0.067422 0.018805 0.042512
0 0 0.815144 0.127588 0.029087 0.006226 0.021955
0 0 0.777280 0.138785 0.038097 0.010483 0.035355
0 0 0.750406 0.160768 0.045207 0.011328 0.032292
0 0 0.704036 0.194486 0.057879 0.013298 0.030301
0 0 0.773795 0.155933 0.038870 0.008124 0.023277
0 0 0.683496 0.204230 0.064006 0.015275 0.032993
0 0 0.732559 0.178676 0.049821 0.011128 0.027817
0 0 0.816319 0.122977 0.028902 0.006748 0.025053
0 0 0.839733 0.102353 0.023556 0.006215 0.028143
0 0 0.786514 0.140132 0.035979 0.008737 0.028639
0 0 0.782068 0.131764 0.036628 0.010790 0.038750
0 0 0.704225 0.190262 0.057980 0.014170 0.033363
0 1 0.471582 0.306960 0.117672 0.031323 0.072463
1 1 0.189189 0.352478 0.144281 0.045347 0.268705
4 1 0.072775 0.326120 0.188704 0.071961 0.340440
2 1 0.062333 0.264564 0.319725 0.076059 0.277319
2 1 0.062106 0.272538 0.298557 0.075124 0.291675
4 1 0.060897 0.324585 0.175060 0.062248 0.377211
4 1 0.056294 0.267054 0.301025 0.071974 0.303653
1 1 0.307889 0.391570 0.160687 0.039755 0.100099
4 1 0.062012 0.317022 0.138562 0.043617 0.438788
4 1 0.057349 0.286235 0.260774 0.067586 0.328056
2 1 0.030222 0.113412 0.678239 0.079460 0.098668
2 1 0.017537 0.080931 0.799065 0.026487 0.075980
1 1 0.169803 0.321424 0.253992 0.093819 0.160962
2 1 0.024504 0.097190 0.750458 0.041136 0.086712
2 1 0.020776 0.087392 0.776926 0.036036 0.078870
2 1 0.029069 0.123443 0.673621 0.054953 0.118915
2 1 0.004825 0.030936 0.920460 0.014525 0.029254
2 1 0.005580 0.034868 0.911494 0.014844 0.033214
2 1 0.007148 0.040838 0.894800 0.019258 0.037956
2 1 0.032071 0.105663 0.726500 0.058144 0.077622
1 1 0.228436 0.371722 0.197027 0.064535 0.138281
0 1 0.473719 0.315203 0.129992 0.032298 0.048787
1 1 0.160233 0.405711 0.147886 0.036606 0.249564
2 1 0.033359 0.180756 0.520378 0.048871 0.216636
2 1 0.005372 0.034591 0.913369 0.013152 0.033517
2 1 0.006254 0.037996 0.903888 0.015695 0.036167
2 1 0.026138 0.119246 0.698822 0.036451 0.119343
2 1 0.005988 0.035420 0.907382 0.018501 0.032709
2 1 0.009400 0.052784 0.869783 0.016926 0.051107
2 1 0.022790 0.100009 0.737842 0.045244 0.094116
2 1 0.004430 0.028001 0.925255 0.016569 0.025745
2 1 0.005241 0.032990 0.915547 0.014995 0.031226
2 1 0.008067 0.044637 0.885316 0.020580 0.041400
1 1 0.163602 0.363432 0.206478 0.074332 0.192157
2 1 0.007254 0.039353 0.893642 0.024577 0.035174
2 1 0.004251 0.027488 0.927473 0.015247 0.025542
2 1 0.006774 0.039387 0.898717 0.018375 0.036747
2 1 0.004724 0.029127 0.921686 0.017892 0.026571
2 1 0.009723 0.055101 0.865331 0.015713 0.054131
2 1 0.010676 0.057199 0.858127 0.019312 0.054686
2 1 0.044636 0.173253 0.599888 0.040620 0.141603
0 1 0.658972 0.214261 0.071615 0.018099 0.037053
1 1 0.217336 0.390111 0.188678 0.056041 0.147835
1 1 0.153112 0.324934 0.285591 0.071827 0.164537
2 1 0.081957 0.219461 0.507096 0.055782 0.135705
2 1 0.014277 0.065007 0.828877 0.034070 0.057769
1 1 0.139918 0.330029 0.288894 0.065237 0.175922
2 1 0.042088 0.165140 0.600538 0.049871 0.142363
1 1 0.108417 0.312262 0.288005 0.074949 0.216367
1 1 0.153677 0.374023 0.199785 0.067426 0.205089
1 1 0.228208 0.372477 0.196656 0.064141 0.138518
4 1 0.053810 0.275164 0.192316 0.091852 0.386858
2 1 0.073575 0.246954 0.424305 0.062698 0.192468
1 1 0.096004 0.295439 0.294954 0.082778 0.230825
2 1 0.079827 0.265503 0.388316 0.063610 0.202745
1 1 0.158188 0.387603 0.192591 0.059941 0.201677
1 1 0.137406 0.339543 0.241697 0.077477 0.203877
1 1 0.130886 0.342285 0.215603 0.084861 0.226365
1 1 0.150696 0.367188 0.203240 0.071397 0.207479
0 1 0.372206 0.363838 0.135756 0.033085 0.095115
4 1 0.065064 0.327683 0.178775 0.064205 0.364273
0 1 0.631457 0.166350 0.071504 0.034171 0.096518
0 0 0.746952 0.153590 0.045816 0.013247 0.040394
0 0 0.773715 0.146687 0.039165 0.009768 0.030665
0 0 0.868865 0.073059 0.016492 0.005570 0.036014
0 0 0.894678 0.058655 0.011860 0.003932 0.030875
0 0 0.829788 0.090331 0.023758 0.008798 0.047325
0 0 0.799936 0.113644 0.031474 0.010487 0.044459
0 0 0.834253 0.079749 0.021348 0.009027 0.055622
0 0 0.874986 0.069556 0.015336 0.005171 0.034951
0 0 0.855019 0.079755 0.019042 0.006607 0.039577
0 0 0.837603 0.097729 0.023592 0.007044 0.034032
0 0 0.781057 0.134767 0.037050 0.010495 0.036631
0 0 0.714254 0.170291 0.054740 0.016286 0.044429
0 0 0.811571 0.112363 0.029349 0.008927 0.037791
0 0 0.756051 0.141083 0.042763 0.013725 0.046378
0 0 0.772277 0.147014 0.039524 0.009956 0.031229
0 0 0.354660 0.276207 0.098047 0.034561 0.236525
4 1 0.191291 0.254952 0.091879 0.035440 0.426437
4 1 0.031848 0.156758 0.057808 0.022848 0.730738
4 1 0.055969 0.226836 0.119445 0.055190 0.542560
4 1 0.102653 0.156924 0.051840 0.023774 0.664808
4 1 0.029435 0.160436 0.059772 0.023078 0.727279
4 1 0.073146 0.234363 0.085697 0.030628 0.576166
4 1 0.047682 0.226551 0.091228 0.033117 0.601423
4 1 0.025966 0.199338 0.089435 0.029614 0.655646
4 1 0.011813 0.100674 0.025192 0.007468 0.854853
4 4 0.016018 0.205672 0.337405 0.025843 0.415061
4 4 0.023523 0.133345 0.043030 0.015702 0.784401
4 4 0.053523 0.054327 0.013280 0.007703 0.871168
4 4 0.038056 0.080657 0.022112 0.010504 0.848670
4 4 0.132580 0.148857 0.053971 0.028944 0.635648
4 4 0.022586 0.187872 0.073474 0.025162 0.690906
4 4 0.077365 0.109116 0.039785 0.023481 0.750252
4 4 0.035950 0.101246 0.030604 0.013681 0.818519
4 4 0.023999 0.185525 0.072786 0.025540 0.692151
4 4 0.016533 0.169904 0.059051 0.018234 0.736277
4 4 0.018208 0.189208 0.071462 0.022555 0.698567
4 4 0.050173 0.283140 0.112845 0.034849 0.518993
4 4 0.027950 0.171704 0.066010 0.024769 0.709567
4 4 0.021454 0.211388 0.088718 0.029413 0.649028
4 4 0.022295 0.139229 0.045553 0.016185 0.776738
4 4 0.103052 0.039692 0.009662 0.007622 0.839971
4 4 0.234328 0.116326 0.034459 0.019794 0.595094
4 4 0.029354 0.162989 0.061266 0.023579 0.722812
4 4 0.020871 0.234249 0.197618 0.034260 0.513001
4 4 0.022955 0.120112 0.038830 0.013294 0.804809
4 4 0.061933 0.047876 0.011390 0.007146 0.871656
4 4 0.048992 0.099188 0.031419 0.015829 0.804574
4 4 0.166948 0.079055 0.029619 0.024962 0.699416
4 4 0.046524 0.120599 0.041781 0.019995 0.771102
4 4 0.057571 0.196860 0.067081 0.024316 0.654172
1 4 0.147023 0.367317 0.134412 0.037009 0.314239
4 4 0.045951 0.267233 0.132028 0.049360 0.505427
4 4 0.049147 0.246287 0.100986 0.035254 0.568326
1 4 0.078237 0.337629 0.187371 0.068038 0.328724
4 4 0.080391 0.199815 0.077155 0.032781 0.609857
4 4 0.027420 0.248674 0.226577 0.046788 0.450541
4 4 0.061950 0.219945 0.073824 0.024895 0.619385
4 4 0.038607 0.204853 0.074162 0.025302 0.657076
4 4 0.045236 0.131592 0.047519 0.022200 0.753452
4 4 0.033883 0.191628 0.069211 0.023949 0.681329
2 4 0.019375 0.191730 0.434792 0.029822 0.324281
4 4 0.044971 0.271364 0.201924 0.076394 0.405347
4 4 0.026045 0.258527 0.147788 0.047073 0.520567
4 4 0.054463 0.177336 0.079759 0.038442 0.650000
4 4 0.016953 0.096566 0.025113 0.008565 0.852803
4 4 0.021844 0.141445 0.046510 0.016361 0.773841
4 4 0.031354 0.262812 0.121286 0.040291 0.544257
2 4 0.029343 0.200378 0.445713 0.044668 0.279898
4 4 0.066122 0.030241 0.006015 0.004224 0.893397
4 4 0.043624 0.088093 0.025791 0.012695 0.829797
4 4 0.099967 0.066347 0.020086 0.014241 0.799359
0 4 0.470312 0.147634 0.057593 0.035079 0.289381
4 4 0.047068 0.188522 0.057366 0.018666 0.688378
4 4 0.056683 0.241649 0.084798 0.027275 0.589596
4 4 0.039648 0.298505 0.151741 0.051410 0.458697
4 4 0.053532 0.335104 0.150639 0.044841 0.415884
1 4 0.077957 0.358616 0.174731 0.054994 0.333701
4 4 0.084961 0.301526 0.103471 0.029935 0.480106
1 4 0.076911 0.332327 0.189232 0.070735 0.330796
2 4 0.032952 0.179093 0.525298 0.048176 0.214480
2 4 0.028132 0.143405 0.631486 0.039137 0.157840
2 4 0.031347 0.134922 0.653345 0.046396 0.133989
2 4 0.034494 0.178501 0.533467 0.048570 0.204969
2 4 0.031929 0.174694 0.538307 0.046425 0.208646
1 4 0.072874 0.309260 0.243687 0.070418 0.303762
1 4 0.247865 0.361559 0.198524 0.067269 0.124784
1 4 0.076363 0.325801 0.218075 0.067246 0.312514
1 4 0.098927 0.377517 0.179896 0.054680 0.288980
1 4 0.091285 0.361165 0.184351 0.060654 0.302545
1 4 0.106072 0.357730 0.195346 0.068757 0.272094
2 4 0.050427 0.224579 0.443222 0.056913 0.224858
0 4 0.354019 0.279700 0.146036 0.063335 0.156909
0 4 0.808679 0.121094 0.030525 0.008176 0.031526
0 4 0.793237 0.128242 0.034093 0.009525 0.034903
0 4 0.758751 0.122745 0.039484 0.015818 0.063201
0 4 0.824288 0.087804 0.023983 0.009699 0.054226
0 4 0.812920 0.093954 0.026488 0.010687 0.055951
0 4 0.787242 0.119290 0.034331 0.011711 0.047425
0 4 0.347639 0.313928 0.117175 0.037173 0.184085
0 4 0.418340 0.320809 0.111677 0.030142 0.119032
4 4 0.058910 0.228573 0.158505 0.063091 0.490921
4 4 0.056773 0.252917 0.103710 0.036558 0.550042
4 4 0.026334 0.233291 0.296773 0.043184 0.400418
4 4 0.035494 0.242544 0.302864 0.056954 0.362144
4 4 0.037408 0.212913 0.079502 0.026923 0.643255
4 4 0.032070 0.280491 0.141522 0.048042 0.497876
4 4 0.053712 0.309372 0.173293 0.064563 0.399061
4 1 0.050530 0.284953 0.250739 0.061255 0.352522
1 1 0.129558 0.338184 0.215133 0.088700 0.228424
4 1 0.083115 0.325786 0.141745 0.045736 0.403617
2 2 0.024415 0.098031 0.748890 0.040483 0.088180
4 2 0.022788 0.246553 0.190833 0.039881 0.499946
4 2 0.048523 0.263157 0.290316 0.066914 0.331090
4 2 0.043883 0.243988 0.313511 0.070689 0.327929
2 1 0.043448 0.180332 0.544554 0.060177 0.171489
4 1 0.064266 0.315447 0.191744 0.070245 0.358298
2 1 0.025465 0.121273 0.687922 0.041295 0.124045
2 1 0.050012 0.234565 0.407846 0.059203 0.248373
2 1 0.016161 0.072293 0.813143 0.033410 0.064991
2 1 0.018180 0.085905 0.783633 0.030030 0.082252
2 2 0.017338 0.075792 0.803811 0.035183 0.067875
2 2 0.009127 0.048115 0.875023 0.023765 0.043970
2 2 0.012881 0.063847 0.839372 0.024371 0.059528
2 2 0.012874 0.063737 0.839498 0.024531 0.059359
2 2 0.020219 0.088639 0.777010 0.031992 0.082140
4 2 0.059882 0.285316 0.271495 0.068646 0.314661
1 2 0.297245 0.386509 0.170864 0.045096 0.100286
1 2 0.118194 0.409770 0.170784 0.044425 0.256826
1 2 0.078174 0.338887 0.186569 0.067156 0.329214
1 2 0.118375 0.318865 0.267780 0.080903 0.214077
1 1 0.099675 0.342999 0.235851 0.063831 0.257644
1 1 0.105311 0.385571 0.178856 0.052629 0.277634
4 1 0.065267 0.328197 0.147839 0.046577 0.412120
0 0 0.697287 0.196294 0.059932 0.014246 0.032241
4 1 0.078067 0.354324 0.136788 0.037146 0.393675
4 1 0.070445 0.308946 0.122097 0.037314 0.461198
1 1 0.151077 0.388221 0.191446 0.059229 0.210026
4 1 0.045669 0.251094 0.297231 0.071779 0.334226
2 1 0.038108 0.153676 0.624960 0.045749 0.137507
2 1 0.038647 0.211516 0.424107 0.059077 0.266653
2 1 0.055915 0.246493 0.380404 0.064573 0.252616
2 1 0.069688 0.221546 0.474588 0.063886 0.170292
1 1 0.239752 0.382486 0.168128 0.048723 0.160910
1 1 0.151730 0.401367 0.184021 0.052533 0.210349
1 1 0.261481 0.380666 0.184755 0.054486 0.118612
1 1 0.249484 0.428751 0.160037 0.035438 0.126290
4 1 0.061639 0.306713 0.213984 0.068383 0.349280
1 1 0.140562 0.353518 0.218370 0.075452 0.212098
1 0 0.268543 0.366208 0.160125 0.048189 0.156935
1 1 0.202253 0.380845 0.140434 0.037851 0.238617
1 1 0.249644 0.389549 0.147755 0.038540 0.174512
1 1 0.091168 0.382951 0.171587 0.048912 0.305382
4 1 0.070642 0.299304 0.253821 0.074035 0.302198
1 1 0.122689 0.353155 0.204847 0.076525 0.242784
0 0 0.741297 0.153718 0.047113 0.014248 0.043624
1 1 0.172864 0.365431 0.158813 0.049620 0.253272
1 1 0.149867 0.386765 0.144368 0.038196 0.280803
0 1 0.402310 0.293554 0.100621 0.031151 0.172364
0 0 0.763791 0.153695 0.041704 0.010247 0.030563
0 0 0.734006 0.156947 0.049029 0.015016 0.045002
0 0 0.569416 0.259248 0.087966 0.022804 0.060567
0 0 0.746852 0.160913 0.046136 0.011942 0.034157
0 0 0.793441 0.137419 0.034283 0.008057 0.026800
0 0 0.757627 0.158617 0.043296 0.010437 0.030023
0 0 0.847726 0.054639 0.014565 0.008257 0.074812
0 0 0.849182 0.073813 0.018709 0.007672 0.050624
0 0 0.849316 0.080181 0.019782 0.007236 0.043485
0 0 0.839168 0.097099 0.023282 0.006907 0.033543
0 0 0.853750 0.077051 0.018787 0.006956 0.043457
0 0 0.884842 0.057110 0.012529 0.004907 0.040612
0 0 0.827108 0.113023 0.026431 0.006586 0.026851
0 0 0.877742 0.072529 0.015354 0.004653 0.029722
0 0 0.859241 0.066992 0.016487 0.006948 0.050332
0 0 0.840149 0.084354 0.021522 0.008004 0.045971
0 0 0.857212 0.079908 0.018794 0.006341 0.037746
0 0 0.848567 0.078392 0.019580 0.007453 0.046008
0 0 0.882122 0.060614 0.013329 0.004998 0.038938
0 0 0.805942 0.120783 0.031062 0.008635 0.033578
0 0 0.895106 0.060110 0.011990 0.003804 0.028990
0 0 0.865186 0.070243 0.016485 0.006155 0.041931
0 0 0.891883 0.047756 0.010366 0.004588 0.045407
0 0 0.917006 0.038526 0.007227 0.002921 0.034320
0 0 0.786140 0.102372 0.031494 0.013685 0.066310
0 0 0.790483 0.122309 0.034129 0.010807 0.042272
0 0 0.879445 0.065511 0.014311 0.004983 0.035750
0 0 0.841359 0.101829 0.023230 0.006060 0.027522
0 0 0.865458 0.066619 0.015854 0.006331 0.045738
0 0 0.865597 0.075618 0.017211 0.005734 0.035841
0 0 0.536233 0.264844 0.093331 0.026440 0.079151
0 0 0.849522 0.068459 0.017628 0.007891 0.056500
0 0 0.791922 0.096606 0.029527 0.013321 0.068623
0 0 0.826278 0.091710 0.024428 0.009129 0.048455
0 0 0.819491 0.108242 0.027583 0.008300 0.036385
0 0 0.772598 0.149679 0.039445 0.009440 0.028838
0 0 0.738458 0.173848 0.048283 0.010997 0.028413
0 0 0.736523 0.181606 0.048334 0.009803 0.023734
0 0 0.654276 0.237927 0.071138 0.013365 0.023294
0 0 0.636274 0.239583 0.078006 0.016770 0.029366
0 0 0.631923 0.224221 0.080292 0.021629 0.041936
0 0 0.692064 0.207245 0.060923 0.012857 0.026912
0 0 0.803353 0.128716 0.031910 0.007864 0.028157
0 0 0.812327 0.090123 0.025802 0.011058 0.060690
0 0 0.800935 0.118466 0.031835 0.009716 0.039048
0 0 0.785379 0.105270 0.032202 0.013541 0.063609
0 0 0.833551 0.087399 0.022814 0.008570 0.047666
0 0 0.881249 0.060416 0.013377 0.005090 0.039868
0 0 0.886820 0.061399 0.012998 0.004510 0.034274
0 0 0.821273 0.108354 0.027282 0.008032 0.035059
0 1 0.381557 0.316320 0.121272 0.037192 0.143658
4 1 0.040501 0.184683 0.072518 0.028625 0.673674
4 1 0.054113 0.221021 0.085016 0.031060 0.608791
4 1 0.089222 0.184341 0.071579 0.032901 0.621957
4 1 0.071674 0.181419 0.070190 0.031163 0.645554
0 1 0.411578 0.195711 0.069960 0.032886 0.289865
4 1 0.054971 0.268387 0.124287 0.045710 0.506645
4 4 0.048018 0.131466 0.048007 0.022944 0.749565
4 4 0.095050 0.070505 0.021707 0.014932 0.797806
4 4 0.153100 0.058829 0.018688 0.016006 0.753376
4 4 0.060183 0.063385 0.016945 0.009983 0.849503
4 4 0.039620 0.035684 0.006929 0.003891 0.913876
4 4 0.056549 0.054921 0.013626 0.008052 0.866852
4 4 0.038531 0.067980 0.017286 0.008508 0.867696
4 4 0.073548 0.094865 0.031863 0.018869 0.780856
4 4 0.116382 0.044972 0.011861 0.009580 0.817205
4 4 0.396415 0.084643 0.032263 0.028670 0.458008
4 4 0.035737 0.153698 0.057913 0.024198 0.728454
4 4 0.101869 0.044762 0.011438 0.008782 0.833148
1 4 0.151099 0.353984 0.173791 0.060116 0.261010
4 4 0.019620 0.233364 0.179932 0.032525 0.534560
4 4 0.015040 0.139756 0.042851 0.013150 0.789203
4 4 0.024979 0.084372 0.021966 0.008853 0.859830
4 4 0.057732 0.052214 0.012724 0.007649 0.869681
4 4 0.047294 0.072825 0.019813 0.010397 0.849672
0 4 0.604277 0.241284 0.088688 0.023335 0.042416
4 4 0.025017 0.121678 0.037834 0.014333 0.801138
4 4 0.094962 0.238738 0.089828 0.034026 0.542446
4 4 0.023150 0.203675 0.084488 0.028938 0.659750
4 4 0.019069 0.179201 0.065955 0.021325 0.714449
4 4 0.021160 0.171660 0.062699 0.021197 0.723283
4 4 0.072674 0.062612 0.017270 0.010951 0.836493
4 4 0.025064 0.133406 0.043539 0.016266 0.781725
4 4 0.022764 0.163442 0.058742 0.020545 0.734507
4 4 0.018490 0.230092 0.152429 0.030425 0.568563
4 4 0.085294 0.038604 0.008927 0.006586 0.860589
4 4 0.028675 0.077744 0.019956 0.008590 0.865036
4 4 0.046746 0.112899 0.037827 0.018327 0.784201
4 4 0.058584 0.319105 0.172010 0.061693 0.388608
4 4 0.030811 0.194484 0.082629 0.031692 0.660384
4 4 0.024186 0.241729 0.115462 0.039644 0.578979
4 4 0.072843 0.059424 0.016022 0.010266 0.841445
4 4 0.191690 0.262186 0.116030 0.050978 0.379116
1 4 0.135440 0.332658 0.210896 0.072979 0.248027
4 4 0.019627 0.184250 0.079602 0.022171 0.694350
4 4 0.021833 0.112201 0.032719 0.011943 0.821304
4 4 0.025276 0.141142 0.047558 0.017670 0.768354
4 4 0.072128 0.276260 0.107207 0.035474 0.508931
4 4 0.020470 0.210966 0.087764 0.028541 0.652259
4 4 0.129849 0.239762 0.102731 0.045197 0.482462
4 4 0.034089 0.267211 0.181881 0.057908 0.458911
4 4 0.059181 0.057727 0.014762 0.008792 0.859538
4 4 0.033000 0.049327 0.010626 0.005242 0.901805
4 4 0.042025 0.115354 0.038302 0.017767 0.786552
4 4 0.021641 0.201773 0.082097 0.027440 0.667049
4 4 0.062618 0.302125 0.218336 0.072673 0.344248
4 4 0.045271 0.166765 0.069213 0.031294 0.687457
4 4 0.082246 0.337325 0.173503 0.060609 0.346318
4 4 0.040954 0.212971 0.091370 0.035294 0.619412
4 1 0.019925 0.170241 0.061210 0.020256 0.728368
4 1 0.056922 0.316226 0.154535 0.051978 0.420339
2 1 0.021172 0.189770 0.454029 0.032271 0.302757
4 1 0.053745 0.277726 0.122384 0.042019 0.504126
2 1 0.022270 0.194679 0.440174 0.034138 0.308739
4 1 0.019395 0.237109 0.204156 0.033672 0.505669
4 1 0.024210 0.090351 0.024155 0.009508 0.851777
4 1 0.082426 0.270402 0.099604 0.032972 0.514596
4 1 0.025667 0.257506 0.150642 0.046283 0.519902
4 1 0.042587 0.279345 0.117017 0.036707 0.524344
4 1 0.065985 0.329379 0.151976 0.048638 0.404021
4 1 0.028644 0.259088 0.174965 0.050608 0.486695
4 1 0.068471 0.316029 0.189922 0.075694 0.349883
4 1 0.020154 0.237559 0.207442 0.034661 0.500183
2 1 0.011938 0.060853 0.847470 0.022593 0.057146
4 1 0.039644 0.294999 0.153888 0.053643 0.457826
4 1 0.039463 0.271878 0.217471 0.059700 0.411488
2 1 0.013539 0.068956 0.830728 0.020329 0.066449
4 1 0.033433 0.268319 0.169338 0.057481 0.471428
2 2 0.032727 0.140886 0.642797 0.048238 0.135353
0 2 0.509683 0.214828 0.105122 0.049899 0.120467
4 2 0.039578 0.257335 0.105372 0.034023 0.563691
4 2 0.031265 0.267111 0.132778 0.046077 0.522770
4 2 0.035527 0.253156 0.251887 0.059486 0.399945
4 2 0.047641 0.262905 0.250351 0.077476 0.361626
1 2 0.308421 0.368524 0.137058 0.036314 0.149683
4 2 0.053748 0.266566 0.257723 0.082807 0.339157
1 1 0.110415 0.355150 0.198920 0.071863 0.263652
4 1 0.054210 0.318638 0.168478 0.058889 0.399785
4 1 0.073067 0.301375 0.119116 0.037403 0.469039
1 1 0.076886 0.345273 0.181552 0.062176 0.334113
4 1 0.035447 0.275434 0.155338 0.059248 0.474532
0 0 0.374148 0.338407 0.128027 0.035612 0.123806
0 0 0.545029 0.237055 0.108239 0.039540 0.070136
4 1 0.097741 0.185845 0.062529 0.025853 0.628031
4 1 0.046457 0.265486 0.135348 0.052179 0.500529
2 1 0.025445 0.141171 0.636032 0.035412 0.161940
2 1 0.024511 0.147768 0.614369 0.034536 0.178816
4 2 0.031272 0.230887 0.332932 0.050210 0.354700
2 2 0.016314 0.076158 0.809739 0.026733 0.071056
2 2 0.009157 0.050560 0.873439 0.018824 0.048020
2 2 0.009782 0.054147 0.866225 0.017612 0.052233
2 2 0.024414 0.194842 0.449641 0.037213 0.293891
2 2 0.041329 0.204652 0.439031 0.073471 0.241518
2 2 0.021786 0.127943 0.672122 0.029844 0.148305
2 2 0.007823 0.046392 0.885615 0.014903 0.045267
2 2 0.017882 0.089392 0.765863 0.038775 0.088088
2 2 0.004067 0.028471 0.928862 0.010614 0.027987
2 2 0.005467 0.034889 0.912399 0.013571 0.033675
2 2 0.004725 0.031098 0.921301 0.012957 0.029919
2 2 0.004188 0.028006 0.928083 0.013056 0.026667
2 2 0.006213 0.036490 0.904902 0.018651 0.033745
2 2 0.005247 0.032115 0.915715 0.017203 0.029721
2 2 0.005218 0.031900 0.916042 0.017379 0.029460
2 2 0.004760 0.030442 0.921293 0.014852 0.028653
2 2 0.005895 0.034616 0.908406 0.019401 0.031681
2 2 0.005206 0.031688 0.916172 0.017787 0.029147
2 2 0.007445 0.037565 0.888868 0.034288 0.031835
2 2 0.004681 0.029837 0.922280 0.015286 0.027915
2 2 0.005540 0.031308 0.911235 0.024470 0.027448
2 2 0.009130 0.038381 0.853465 0.069709 0.029315
2 2 0.006508 0.034076 0.898842 0.031591 0.028984
2 2 0.009012 0.040497 0.866194 0.051809 0.032488
2 2 0.008621 0.040621 0.874432 0.042787 0.033539
2 2 0.010623 0.043358 0.840962 0.071734 0.033323
2 2 0.007218 0.038502 0.893566 0.026803 0.033911
2 2 0.010174 0.040057 0.833341 0.086716 0.029713
2 2 0.013771 0.059785 0.831402 0.044295 0.050746
0 0 0.341533 0.325062 0.188626 0.066499 0.078279
1 1 0.175814 0.372150 0.202007 0.068911 0.181118
2 1 0.078580 0.280499 0.339106 0.068253 0.233562
1 1 0.183157 0.366541 0.204952 0.072074 0.173276
1 1 0.129556 0.365865 0.199770 0.069652 0.235156
2 1 0.042770 0.172876 0.547353 0.061321 0.175679
2 1 0.061441 0.249337 0.402983 0.059477 0.226762
1 1 0.170283 0.404224 0.183847 0.051715 0.189931
4 1 0.050204 0.294943 0.207061 0.063063 0.384729
2 1 0.028623 0.174460 0.534497 0.041807 0.220612
2 1 0.040629 0.223687 0.403785 0.056944 0.274955
2 1 0.016031 0.075535 0.809296 0.028582 0.070556
4 1 0.031514 0.242603 0.282706 0.051948 0.391229
2 1 0.035654 0.228176 0.367622 0.053739 0.314808
4 1 0.047672 0.318237 0.151778 0.048239 0.434075
4 1 0.027239 0.253147 0.199105 0.047323 0.473186
2 1 0.032106 0.176088 0.534037 0.046772 0.210997
2 1 0.049734 0.263824 0.316755 0.060425 0.309261
2 1 0.051115 0.205270 0.502820 0.054088 0.186708
1 1 0.213798 0.430480 0.163733 0.037692 0.154297
4 1 0.068448 0.301202 0.116660 0.035654 0.478036
1 1 0.192573 0.344355 0.165814 0.058934 0.238324
1 1 0.344568 0.362040 0.131389 0.033693 0.128310
4 1 0.109930 0.347303 0.131848 0.038015 0.372904
1 1 0.169699 0.338427 0.121049 0.035994 0.334831
4 1 0.029813 0.256533 0.201214 0.051669 0.460770
4 1 0.031910 0.238652 0.106155 0.036932 0.586350
4 1 0.100627 0.320544 0.127104 0.040119 0.411606
4 1 0.027519 0.248558 0.228024 0.046913 0.448985
4 1 0.028802 0.260341 0.168056 0.051154 0.491648
4 1 0.052432 0.324707 0.161823 0.053068 0.407971
4 1 0.038069 0.260662 0.242206 0.060946 0.398118
1 1 0.162779 0.386384 0.164964 0.047663 0.238210
0 1 0.328147 0.325413 0.107777 0.030902 0.207761
4 1 0.026769 0.256884 0.169796 0.047513 0.499038
4 1 0.054747 0.307525 0.205242 0.060198 0.372287
2 1 0.031068 0.161957 0.577450 0.044334 0.185191
2 1 0.034095 0.160145 0.584509 0.048340 0.172911
2 1 0.026820 0.115838 0.695989 0.050120 0.111233
2 1 0.034015 0.165429 0.568666 0.048626 0.183264
2 1 0.046618 0.233428 0.410331 0.054895 0.254727
2 1 0.008143 0.045300 0.884387 0.019890 0.042280
2 2 0.045332 0.194630 0.525030 0.050014 0.184993
2 2 0.040847 0.187418 0.515359 0.055552 0.200824
1 2 0.127868 0.351298 0.207470 0.078894 0.234471
2 2 0.081247 0.244657 0.445658 0.059650 0.168788
2 2 0.028191 0.112478 0.711748 0.044060 0.103523
2 2 0.065100 0.244406 0.393162 0.071703 0.225629
2 2 0.026136 0.100318 0.739727 0.045414 0.088405
2 2 0.027157 0.119042 0.690605 0.047201 0.115995
2 2 0.009057 0.049363 0.875034 0.020262 0.046284
2 2 0.009948 0.054738 0.864686 0.017901 0.052726
2 2 0.041921 0.156604 0.619325 0.046792 0.135358
2 2 0.025266 0.103216 0.731524 0.045658 0.094337
2 2 0.014148 0.065854 0.829738 0.030792 0.059468
2 2 0.012885 0.062411 0.840254 0.027348 0.057101
2 2 0.038160 0.186457 0.523034 0.049846 0.202502
1 2 0.203936 0.430666 0.167129 0.039086 0.159182
1 2 0.158116 0.405397 0.182427 0.050911 0.203150
2 2 0.063510 0.246618 0.389653 0.069261 0.230958
1 2 0.078259 0.383323 0.160660 0.042830 0.334929
2 2 0.040555 0.237828 0.336774 0.063252 0.321591
1 2 0.077635 0.337848 0.186668 0.067478 0.330370
4 2 0.053431 0.285346 0.247046 0.066513 0.347664
1 2 0.255316 0.420772 0.160439 0.036798 0.126676
4 1 0.053328 0.274239 0.134017 0.050150 0.488265
4 1 0.056011 0.297687 0.164653 0.063442 0.418208
1 0 0.316366 0.365659 0.135457 0.035905 0.146614
4 0 0.083473 0.206543 0.072660 0.028183 0.609141
0 0 0.605642 0.248230 0.088792 0.021379 0.035956
0 0 0.639023 0.223444 0.077977 0.020230 0.039327
0 0 0.744885 0.165512 0.046674 0.011436 0.031493
1 0 0.313977 0.343145 0.111954 0.030156 0.200768
4 0 0.145452 0.251129 0.084048 0.029947 0.489424
0 0 0.376166 0.271362 0.100030 0.036302 0.216140
4 0 0.227025 0.308793 0.104817 0.033214 0.326151
4 0 0.219113 0.265168 0.084692 0.029169 0.401857
0 0 0.421969 0.327740 0.120599 0.031897 0.097795
4 0 0.025855 0.256388 0.162026 0.046185 0.509546
4 1 0.029249 0.187406 0.072460 0.026068 0.684818
4 1 0.021900 0.214144 0.354593 0.034952 0.374411
4 1 0.013534 0.217355 0.222948 0.023249 0.522914
4 1 0.014968 0.211506 0.216407 0.023346 0.533773
4 1 0.025857 0.127463 0.040833 0.015544 0.790304
4 1 0.237281 0.237041 0.092331 0.040680 0.392668
4 1 0.029598 0.192727 0.078074 0.028725 0.670876
4 4 0.025723 0.205416 0.156938 0.030008 0.581914
4 4 0.055515 0.234404 0.089780 0.031531 0.588771
4 4 0.022268 0.138401 0.045127 0.016041 0.778164
4 4 0.086490 0.094341 0.032719 0.020641 0.765810
0 4 0.337682 0.199499 0.100005 0.060539 0.302274
4 4 0.023225 0.180578 0.069212 0.024069 0.702915
