4 0 0.200925 0.202559 0.145765 0.033294 0.417456
4 1 0.102437 0.147742 0.175959 0.059876 0.513986
4 1 0.091249 0.123383 0.141822 0.033328 0.610218
0 4 0.458517 0.247502 0.086587 0.017368 0.190025
4 4 0.259551 0.251473 0.159608 0.050824 0.278543
4 4 0.077161 0.113858 0.147488 0.038903 0.622590
4 4 0.094139 0.138830 0.172195 0.057137 0.537699
4 4 0.063384 0.102230 0.150194 0.043558 0.640634
4 4 0.040075 0.065336 0.105164 0.020464 0.768962
4 4 0.074979 0.112224 0.148257 0.039808 0.624731
4 4 0.123881 0.156435 0.157432 0.041805 0.520448
4 4 0.076300 0.097867 0.110324 0.018187 0.697322
4 4 0.093141 0.121371 0.133944 0.028415 0.623129
4 4 0.036231 0.058529 0.094808 0.016458 0.793974
4 4 0.115179 0.141910 0.141825 0.031553 0.569532
4 4 0.096761 0.138306 0.165588 0.050646 0.548698
4 4 0.099704 0.129364 0.140215 0.031583 0.599134
4 4 0.079515 0.114715 0.144475 0.036447 0.624848
4 4 0.118096 0.152985 0.159491 0.043717 0.525711
4 4 0.027524 0.039708 0.059396 0.005918 0.867454
4 4 0.056572 0.065251 0.069095 0.006330 0.802753
4 4 0.241377 0.199868 0.113550 0.016739 0.428466
4 4 0.088656 0.127972 0.157674 0.044997 0.580701
4 4 0.094633 0.110136 0.108088 0.016145 0.670998
4 4 0.197641 0.205687 0.153039 0.038509 0.405124
4 1 0.262274 0.239624 0.144689 0.036169 0.317244
4 1 0.121162 0.156633 0.161980 0.045552 0.514672
4 1 0.211428 0.233372 0.177862 0.065631 0.311708
0 1 0.391084 0.282003 0.116521 0.028750 0.181641
4 1 0.138896 0.187074 0.193038 0.078513 0.402478
4 1 0.113238 0.146432 0.153897 0.039760 0.546673
4 1 0.151762 0.188617 0.177282 0.059275 0.423065
4 4 0.083591 0.103090 0.109817 0.017455 0.686047
4 4 0.051553 0.064862 0.076415 0.008390 0.798780
4 4 0.178297 0.144007 0.100924 0.015851 0.560921
0 4 0.363884 0.287335 0.131901 0.040664 0.176216
4 4 0.161222 0.198082 0.180968 0.063803 0.395924
4 1 0.211807 0.236794 0.181943 0.071812 0.297644
0 1 0.271389 0.263290 0.163609 0.059083 0.242628
2 1 0.166112 0.291364 0.350278 0.073958 0.118288
1 1 0.243692 0.258720 0.179687 0.078031 0.239870
4 1 0.124954 0.161080 0.164889 0.047805 0.501272
4 1 0.195564 0.226794 0.184878 0.072948 0.319816
0 2 0.315508 0.257462 0.131209 0.030631 0.265190
2 2 0.138760 0.243818 0.316488 0.099717 0.201218
0 0 0.618833 0.164500 0.053608 0.026529 0.136530
0 0 0.642386 0.196695 0.050091 0.016118 0.094710
4 1 0.178463 0.198868 0.162072 0.045238 0.415360
4 1 0.187768 0.215602 0.177183 0.061379 0.358067
4 2 0.182171 0.209618 0.174379 0.057605 0.376226
2 2 0.077315 0.216605 0.491560 0.085660 0.128861
1 2 0.250632 0.271119 0.189036 0.078892 0.210322
2 2 0.165994 0.258960 0.286641 0.091745 0.196660
1 2 0.228439 0.292078 0.241315 0.083564 0.154605
2 2 0.035313 0.164888 0.689355 0.045251 0.065192
2 2 0.097890 0.250064 0.485358 0.065741 0.100947
2 2 0.038469 0.174429 0.690369 0.038989 0.057743
2 2 0.024444 0.131270 0.768781 0.034128 0.041378
2 2 0.029978 0.154284 0.722822 0.037988 0.054928
2 2 0.147735 0.256350 0.324516 0.082104 0.189294
2 2 0.048010 0.192228 0.650820 0.043644 0.065299
2 2 0.051435 0.196205 0.630126 0.049181 0.073053
2 2 0.024938 0.142615 0.755907 0.031220 0.045320
2 2 0.029583 0.153431 0.725362 0.037454 0.054171
2 2 0.033875 0.162686 0.700947 0.041869 0.060623
2 2 0.022518 0.128409 0.779959 0.030609 0.038505
2 2 0.022322 0.115557 0.792199 0.035210 0.034712
2 2 0.026083 0.135961 0.757189 0.036212 0.044555
2 2 0.055728 0.205714 0.626042 0.044721 0.067795
2 2 0.040818 0.177608 0.673076 0.043948 0.064551
2 2 0.043386 0.182962 0.664713 0.043953 0.064986
2 2 0.046826 0.191150 0.659757 0.040835 0.061431
2 2 0.022466 0.117138 0.790202 0.034902 0.035292
2 2 0.026876 0.147315 0.742995 0.033811 0.049003
2 2 0.023867 0.124405 0.777505 0.035460 0.038763
2 2 0.028097 0.150135 0.734987 0.035451 0.051331
2 2 0.035961 0.165536 0.698202 0.041646 0.058654
2 2 0.024533 0.120071 0.778073 0.039163 0.038160
2 2 0.033256 0.159796 0.713740 0.038836 0.054372
2 2 0.023902 0.115022 0.785125 0.039876 0.036076
2 2 0.043233 0.182904 0.666400 0.043321 0.064142
2 2 0.030389 0.139761 0.734337 0.045083 0.050429
2 2 0.022076 0.125142 0.784929 0.030727 0.037127
2 2 0.026830 0.134311 0.755317 0.038700 0.044841
2 2 0.026744 0.113435 0.772265 0.049300 0.038255
2 2 0.042952 0.180782 0.659923 0.047217 0.069126
2 2 0.031372 0.128125 0.738960 0.054076 0.047466
2 2 0.064786 0.219933 0.599538 0.045622 0.070121
2 2 0.042077 0.179402 0.664800 0.046137 0.067585
2 2 0.040464 0.178857 0.683807 0.038912 0.057960
2 2 0.041467 0.180614 0.678656 0.039881 0.059382
2 2 0.023080 0.109148 0.793616 0.040525 0.033630
2 2 0.034850 0.167630 0.710684 0.034945 0.051892
2 2 0.029834 0.150407 0.727171 0.039152 0.053435
2 2 0.023455 0.138822 0.765962 0.029249 0.042512
2 2 0.028376 0.150765 0.733170 0.035826 0.051863
2 2 0.021185 0.098347 0.810840 0.040646 0.028982
2 2 0.041436 0.176544 0.659240 0.050166 0.072613
2 2 0.025868 0.120014 0.771762 0.042911 0.039444
2 3 0.029961 0.102553 0.760884 0.069000 0.037601
2 3 0.023326 0.107883 0.793324 0.041972 0.033495
2 3 0.019362 0.094127 0.823116 0.037058 0.026337
2 3 0.021940 0.109665 0.798789 0.036884 0.032722
2 3 0.027121 0.123000 0.763419 0.044872 0.041588
2 3 0.025739 0.123081 0.769930 0.041001 0.040250
2 3 0.024026 0.076697 0.802494 0.071616 0.025167
2 3 0.031240 0.081938 0.753943 0.101094 0.031784
2 3 0.029437 0.074520 0.763510 0.104397 0.028136
2 3 0.028859 0.079110 0.769683 0.093139 0.029208
2 3 0.029999 0.083692 0.762950 0.091881 0.031478
2 3 0.033201 0.112273 0.738886 0.071959 0.043681
2 3 0.026743 0.109635 0.774756 0.051784 0.037081
2 2 0.100333 0.260954 0.505530 0.051484 0.081699
0 1 0.373535 0.238311 0.116029 0.037478 0.234646
4 1 0.286996 0.133942 0.073248 0.014457 0.491358
4 1 0.141393 0.167030 0.152917 0.037865 0.500795
1 1 0.254302 0.275502 0.190669 0.081877 0.197650
2 2 0.127011 0.272303 0.422281 0.069486 0.108920
2 2 0.067977 0.223569 0.587076 0.047864 0.073514
2 2 0.051545 0.197034 0.632563 0.047709 0.071149
2 2 0.023196 0.138140 0.767737 0.028905 0.042022
2 2 0.020044 0.120835 0.797898 0.027370 0.033853
2 2 0.026415 0.146223 0.746041 0.033194 0.048126
2 2 0.025873 0.129507 0.763891 0.038383 0.042346
2 2 0.041632 0.180003 0.673619 0.042252 0.062495
2 2 0.043622 0.181017 0.652285 0.050119 0.072959
2 2 0.039388 0.177014 0.689809 0.037649 0.056141
2 2 0.023623 0.118737 0.783456 0.037306 0.036879
2 2 0.024983 0.142727 0.755606 0.031280 0.045405
2 2 0.024719 0.128659 0.769887 0.035842 0.040892
2 2 0.033388 0.161246 0.701268 0.042619 0.061478
2 2 0.024544 0.126748 0.772366 0.036198 0.040143
2 2 0.027630 0.120288 0.763004 0.047849 0.041229
2 2 0.021708 0.096636 0.809220 0.043472 0.028964
2 2 0.023237 0.123864 0.780852 0.034082 0.037965
2 3 0.029324 0.096559 0.766497 0.072486 0.035133
2 3 0.022924 0.116901 0.788258 0.036244 0.035673
2 3 0.021540 0.085322 0.816144 0.051222 0.025773
2 2 0.036761 0.169577 0.691364 0.041546 0.060751
2 2 0.024590 0.116615 0.780566 0.041033 0.037196
2 2 0.020744 0.094760 0.815492 0.041346 0.027657
2 2 0.037666 0.138715 0.710862 0.060153 0.052604
2 2 0.022787 0.091185 0.806362 0.051323 0.028343
2 2 0.024155 0.116259 0.782935 0.039975 0.036676
2 2 0.025005 0.109033 0.784064 0.046555 0.035343
2 2 0.026080 0.129063 0.763327 0.039107 0.042424
2 2 0.028912 0.151961 0.729692 0.036548 0.052887
2 2 0.023001 0.112599 0.791367 0.038503 0.034531
2 2 0.025758 0.144598 0.750454 0.032327 0.046864
2 2 0.022362 0.099379 0.804050 0.043943 0.030266
2 2 0.032409 0.145511 0.724395 0.045449 0.052235
2 2 0.020603 0.069837 0.825683 0.062879 0.020998
2 2 0.028979 0.121786 0.755284 0.050946 0.043006
2 2 0.022728 0.096407 0.803917 0.047197 0.029750
2 3 0.022913 0.089817 0.806274 0.052935 0.028061
2 3 0.028374 0.075733 0.771927 0.096151 0.027814
2 3 0.070620 0.077104 0.466416 0.327492 0.058367
2 3 0.028404 0.104331 0.768831 0.061567 0.036866
2 3 0.022331 0.099878 0.803887 0.043526 0.030378
2 3 0.024959 0.117851 0.777823 0.041451 0.037916
2 3 0.032797 0.155509 0.710227 0.043333 0.058133
2 2 0.022150 0.108675 0.798540 0.037992 0.032644
2 2 0.028286 0.132054 0.750591 0.043421 0.045648
2 2 0.026138 0.110980 0.776995 0.048938 0.036949
2 2 0.024922 0.106174 0.786381 0.048100 0.034423
2 2 0.026585 0.131669 0.758755 0.039235 0.043756
2 2 0.021400 0.114144 0.797698 0.033329 0.033430
2 2 0.023069 0.115654 0.788598 0.037218 0.035460
2 2 0.024329 0.121480 0.777865 0.037952 0.038373
2 2 0.021967 0.098426 0.806723 0.043215 0.029670
2 2 0.054573 0.182843 0.641877 0.055929 0.064777
1 2 0.278801 0.321539 0.222974 0.065155 0.111531
2 2 0.115452 0.258312 0.428975 0.077978 0.119283
2 2 0.031643 0.126684 0.738656 0.055780 0.047238
2 2 0.043878 0.185451 0.669949 0.040354 0.060368
2 2 0.068753 0.221949 0.574953 0.053370 0.080976
2 2 0.143023 0.250383 0.323921 0.080312 0.202361
4 2 0.133826 0.166389 0.161944 0.044992 0.492849
2 2 0.125241 0.273932 0.433036 0.065086 0.102705
2 2 0.039675 0.176502 0.683450 0.040487 0.059885
2 2 0.041574 0.179306 0.671064 0.043698 0.064357
2 2 0.029083 0.149521 0.731296 0.037829 0.052270
2 2 0.025968 0.136087 0.757586 0.035890 0.044469
2 2 0.028927 0.145406 0.742053 0.036517 0.047097
2 2 0.025867 0.140913 0.753523 0.033847 0.045849
2 2 0.021708 0.114745 0.795752 0.033902 0.033893
2 2 0.047277 0.192659 0.661051 0.039407 0.059605
2 2 0.032491 0.162193 0.721051 0.033996 0.050269
2 2 0.019968 0.107099 0.810294 0.032438 0.030201
2 2 0.024420 0.137337 0.763228 0.031860 0.043154
2 2 0.023834 0.104270 0.793234 0.045746 0.032915
2 2 0.021569 0.125557 0.786792 0.029372 0.036710
2 2 0.020433 0.083410 0.823409 0.048317 0.024431
2 2 0.029134 0.152451 0.728254 0.036848 0.053312
2 2 0.021143 0.124414 0.789731 0.028760 0.035951
2 2 0.021616 0.079907 0.817577 0.056530 0.024371
2 2 0.021978 0.100595 0.805240 0.041916 0.030272
2 2 0.076859 0.232422 0.552992 0.054397 0.083330
2 2 0.134141 0.281418 0.420045 0.063358 0.101038
2 2 0.051097 0.194207 0.625653 0.052226 0.076817
2 2 0.031922 0.158903 0.713541 0.039017 0.056617
2 2 0.024204 0.128709 0.772171 0.034547 0.040369
2 2 0.039667 0.176586 0.683957 0.040234 0.059555
2 2 0.023439 0.119753 0.783465 0.036353 0.036990
2 2 0.029208 0.149375 0.730893 0.038160 0.052364
2 2 0.043924 0.185176 0.668135 0.041235 0.061531
2 2 0.046777 0.190023 0.655377 0.043238 0.064584
2 2 0.030507 0.156794 0.726879 0.034827 0.050994
2 2 0.019338 0.094926 0.822681 0.036534 0.026520
2 2 0.024481 0.133360 0.766697 0.033425 0.042037
2 2 0.027957 0.149816 0.735904 0.035262 0.051062
2 2 0.019326 0.098019 0.820512 0.034848 0.027294
4 4 0.130305 0.204372 0.253128 0.046791 0.365404
2 4 0.126125 0.226191 0.313516 0.077453 0.256715
2 4 0.115829 0.265968 0.448866 0.066093 0.103243
2 2 0.024321 0.141059 0.760069 0.030399 0.044151
2 2 0.019584 0.101832 0.816347 0.033745 0.028493
2 2 0.067694 0.220651 0.578491 0.052920 0.080244
2 2 0.036910 0.169221 0.692236 0.041538 0.060095
2 2 0.060905 0.211937 0.602416 0.049681 0.075061
2 2 0.033566 0.162698 0.706085 0.039766 0.057885
4 2 0.111952 0.138973 0.140771 0.031092 0.577212
1 2 0.231812 0.254753 0.185270 0.084756 0.243409
4 2 0.142771 0.186352 0.185879 0.069083 0.415915
4 2 0.202228 0.228248 0.180022 0.067033 0.322468
2 2 0.160146 0.282136 0.345289 0.082612 0.129817
2 2 0.113700 0.265969 0.457835 0.063291 0.099205
1 2 0.276508 0.294339 0.193107 0.077272 0.158774
2 2 0.125243 0.242299 0.357043 0.075876 0.199539
1 2 0.233978 0.277274 0.214763 0.079436 0.194549
4 2 0.214357 0.240367 0.184056 0.075973 0.285247
2 2 0.158074 0.281290 0.348692 0.082482 0.129463
2 2 0.026352 0.141469 0.750878 0.034736 0.046564
2 2 0.094095 0.246771 0.495114 0.064782 0.099238
2 2 0.130762 0.242108 0.336630 0.089984 0.200516
2 2 0.069363 0.226927 0.588327 0.045250 0.070133
2 2 0.108868 0.266232 0.479801 0.056163 0.088936
2 2 0.036842 0.170151 0.693057 0.040513 0.059437
2 2 0.068293 0.223692 0.585037 0.048531 0.074448
2 2 0.062220 0.215738 0.605567 0.046065 0.070410
2 2 0.023404 0.127234 0.777094 0.033164 0.039103
2 2 0.062670 0.215879 0.602209 0.047224 0.072017
2 2 0.059223 0.210088 0.610398 0.047863 0.072428
2 2 0.044251 0.183522 0.656329 0.046926 0.068973
2 2 0.042097 0.174407 0.685574 0.041886 0.056036
2 2 0.049696 0.195473 0.645969 0.043503 0.065358
2 2 0.060825 0.213067 0.607581 0.047017 0.071510
2 2 0.141978 0.268060 0.362282 0.089788 0.137893
1 2 0.216899 0.300272 0.269067 0.081481 0.132281
4 2 0.144707 0.198452 0.206955 0.073286 0.376600
2 2 0.085849 0.237935 0.513487 0.064642 0.098087
2 2 0.087563 0.235184 0.493694 0.073528 0.110031
2 2 0.068701 0.225234 0.587427 0.046663 0.071975
2 2 0.032962 0.160413 0.703929 0.042038 0.060657
2 2 0.067631 0.222543 0.586061 0.048900 0.074865
1 2 0.255921 0.260448 0.171946 0.067915 0.243769
4 2 0.132567 0.202420 0.240542 0.067028 0.357442
2 2 0.066188 0.217556 0.578903 0.054807 0.082546
0 2 0.333968 0.277713 0.139170 0.041929 0.207220
4 4 0.222941 0.142321 0.086620 0.013633 0.534484
4 4 0.139579 0.101546 0.081199 0.013275 0.664401
4 4 0.133953 0.126866 0.094377 0.010457 0.634348
0 0 0.462324 0.109470 0.047272 0.015742 0.365192
0 0 0.799727 0.095758 0.021649 0.016120 0.066746
4 0 0.246080 0.135193 0.075626 0.011272 0.531829
0 0 0.647816 0.119708 0.035628 0.012931 0.183916
4 0 0.177667 0.079506 0.060081 0.014477 0.668269
4 0 0.208066 0.094095 0.049886 0.004905 0.643049
4 1 0.199621 0.185219 0.123568 0.020617 0.470975
4 1 0.139161 0.158221 0.140213 0.029656 0.532748
4 4 0.247655 0.184745 0.107980 0.018529 0.441092
4 4 0.172301 0.164821 0.117448 0.017907 0.527523
0 4 0.418362 0.225298 0.087564 0.016410 0.252366
4 4 0.146632 0.186690 0.180936 0.063247 0.422495
4 4 0.102621 0.153723 0.189212 0.074977 0.479467
4 1 0.134570 0.210733 0.251759 0.095530 0.307407
4 1 0.081549 0.130591 0.180605 0.068225 0.539029
4 1 0.110902 0.145953 0.156718 0.042030 0.544397
4 1 0.081241 0.155515 0.258468 0.073169 0.431607
4 1 0.133902 0.174543 0.177199 0.059179 0.455177
4 1 0.090846 0.130191 0.158470 0.045353 0.575140
2 1 0.146869 0.245952 0.302273 0.092206 0.212700
4 1 0.170890 0.215204 0.196174 0.086785 0.330947
2 1 0.069821 0.208067 0.510766 0.086957 0.124389
2 2 0.071681 0.201843 0.478142 0.082837 0.165497
2 2 0.094909 0.221018 0.410137 0.094230 0.179706
4 2 0.254542 0.246225 0.157447 0.047488 0.294298
4 2 0.140269 0.175692 0.170030 0.051945 0.462063
4 2 0.138621 0.171192 0.164102 0.046672 0.479413
4 2 0.147325 0.190791 0.187240 0.070940 0.403704
4 2 0.179943 0.206226 0.171694 0.054537 0.387600
4 2 0.155106 0.193402 0.181059 0.063627 0.406806
2 2 0.107587 0.210194 0.327909 0.089182 0.265128
4 2 0.174641 0.208483 0.181218 0.065072 0.370586
2 2 0.073621 0.221926 0.537621 0.067116 0.099716
1 2 0.197348 0.258817 0.233183 0.086813 0.223838
4 2 0.229008 0.248023 0.180034 0.073269 0.269667
4 2 0.228301 0.248472 0.181178 0.075088 0.266961
2 2 0.142068 0.235550 0.291730 0.087670 0.242982
2 2 0.082451 0.230007 0.506944 0.072548 0.108051
2 2 0.086915 0.222259 0.460305 0.070816 0.159705
2 2 0.051852 0.194106 0.616092 0.056007 0.081942
2 2 0.028463 0.150960 0.732605 0.035943 0.052029
2 2 0.063158 0.216618 0.600833 0.047262 0.072129
2 2 0.137881 0.274372 0.390380 0.077075 0.120292
2 2 0.167704 0.274048 0.314047 0.080244 0.163956
2 2 0.158226 0.277378 0.339643 0.087888 0.136865
2 2 0.051288 0.195874 0.630259 0.049341 0.073238
2 2 0.158608 0.276129 0.336162 0.088896 0.140206
2 2 0.037853 0.171712 0.685899 0.042441 0.062094
2 2 0.048497 0.187108 0.621313 0.058529 0.084553
2 2 0.020071 0.112647 0.805131 0.030408 0.031742
2 2 0.055942 0.202732 0.611534 0.052165 0.077627
2 2 0.024725 0.142081 0.757343 0.030936 0.044916
2 2 0.041087 0.179578 0.678863 0.040432 0.060041
2 2 0.023478 0.138881 0.765808 0.029278 0.042555
2 2 0.021740 0.120947 0.790223 0.031465 0.035623
2 2 0.018988 0.092328 0.826278 0.036835 0.025571
2 2 0.026001 0.145227 0.748794 0.032639 0.047338
2 2 0.031920 0.158159 0.710645 0.040687 0.058590
2 2 0.023903 0.120005 0.781090 0.037482 0.037520
2 2 0.023787 0.111440 0.788427 0.041411 0.034935
2 2 0.026239 0.129839 0.761926 0.039168 0.042827
2 2 0.023429 0.107601 0.793010 0.042451 0.033508
2 2 0.024584 0.113588 0.782910 0.042618 0.036300
2 2 0.027336 0.148390 0.739966 0.034428 0.049880
2 2 0.026861 0.125633 0.762560 0.042792 0.042154
2 2 0.034850 0.166111 0.703951 0.038586 0.056502
2 2 0.203177 0.316286 0.319014 0.060392 0.101131
4 2 0.201545 0.232132 0.185967 0.075932 0.304425
2 2 0.028132 0.144772 0.739958 0.037521 0.049616
2 2 0.021085 0.117286 0.796441 0.031219 0.033969
2 2 0.028335 0.150673 0.733436 0.035771 0.051785
2 2 0.034209 0.163987 0.702375 0.040494 0.058935
2 2 0.026976 0.147549 0.742338 0.033945 0.049193
2 2 0.018888 0.098806 0.822092 0.033106 0.027108
2 2 0.019835 0.106477 0.811434 0.032338 0.029916
2 2 0.018948 0.109933 0.812655 0.028509 0.029956
2 2 0.020903 0.104499 0.807834 0.036388 0.030376
2 2 0.028008 0.115158 0.764713 0.052164 0.039958
2 2 0.020333 0.093010 0.818773 0.041026 0.026858
2 2 0.024108 0.122775 0.777801 0.036785 0.038531
2 2 0.019647 0.086161 0.826522 0.043130 0.024540
2 2 0.019995 0.107262 0.810028 0.032445 0.030269
2 2 0.022807 0.120258 0.785964 0.034466 0.036505
2 2 0.025415 0.118651 0.775006 0.042334 0.038594
2 2 0.044021 0.155185 0.679593 0.061338 0.059863
2 2 0.034491 0.154093 0.703091 0.048206 0.060120
2 2 0.022691 0.090298 0.807320 0.051669 0.028021
2 2 0.025650 0.132768 0.762018 0.036453 0.043110
2 2 0.020205 0.104377 0.811334 0.034371 0.029712
2 2 0.031211 0.135711 0.733906 0.049260 0.049912
2 2 0.172062 0.294925 0.343480 0.072652 0.116881
2 2 0.062895 0.212322 0.586250 0.055513 0.083020
2 2 0.171532 0.300964 0.356896 0.064838 0.105770
0 0 0.546256 0.281639 0.078978 0.033507 0.059619
4 1 0.166379 0.222033 0.215415 0.088346 0.307827
2 1 0.099392 0.222618 0.396440 0.088459 0.193091
2 2 0.038544 0.170574 0.669730 0.049697 0.071454
2 2 0.043612 0.179302 0.643805 0.054615 0.078666
2 2 0.021545 0.119717 0.792201 0.031447 0.035089
2 2 0.040183 0.173267 0.659944 0.051965 0.074642
2 2 0.019478 0.108407 0.811512 0.030526 0.030077
2 2 0.019291 0.107941 0.812778 0.030208 0.029781
2 2 0.020297 0.115999 0.801163 0.029701 0.032841
2 2 0.022381 0.131429 0.777719 0.029263 0.039208
2 2 0.021916 0.113436 0.795867 0.035047 0.033734
2 2 0.016994 0.090059 0.838110 0.031482 0.023355
2 2 0.016810 0.087582 0.840836 0.032151 0.022621
2 2 0.028828 0.091890 0.770494 0.075539 0.033248
2 3 0.030242 0.064809 0.747950 0.131477 0.025522
2 3 0.018061 0.081480 0.837931 0.040374 0.022154
2 3 0.026784 0.079213 0.784036 0.082159 0.027808
2 3 0.028042 0.077051 0.774801 0.092103 0.028003
2 3 0.065263 0.057511 0.417161 0.414499 0.045566
2 3 0.046031 0.077685 0.637268 0.198355 0.040660
3 3 0.054935 0.007243 0.065691 0.858094 0.014037
2 3 0.060778 0.062398 0.463478 0.368168 0.045178
3 3 0.070935 0.029916 0.215133 0.648782 0.035234
3 3 0.063610 0.012097 0.097013 0.806821 0.020459
3 3 0.073304 0.026756 0.185413 0.680074 0.034453
3 3 0.060519 0.008554 0.069154 0.844993 0.016780
3 3 0.067367 0.012070 0.088490 0.810230 0.021843
3 3 0.060771 0.008635 0.069502 0.844168 0.016925
3 3 0.078578 0.022377 0.140087 0.724836 0.034122
3 3 0.075770 0.026100 0.172839 0.690012 0.035278
3 3 0.060056 0.006192 0.046666 0.872392 0.014693
3 3 0.063000 0.009535 0.074092 0.835012 0.018361
3 3 0.055249 0.006013 0.051516 0.874062 0.013161
3 3 0.070700 0.014875 0.104741 0.784468 0.025217
3 3 0.073813 0.017488 0.117740 0.762533 0.028425
3 3 0.066217 0.012084 0.091033 0.809245 0.021421
3 3 0.061690 0.008811 0.069563 0.842573 0.017363
3 3 0.051375 0.003953 0.033776 0.900554 0.010341
3 3 0.059488 0.007057 0.055953 0.862239 0.015264
3 3 0.071426 0.012816 0.086644 0.805144 0.023970
3 3 0.055860 0.005686 0.047120 0.878277 0.013057
3 3 0.052046 0.005133 0.046376 0.884889 0.011556
3 3 0.052905 0.004236 0.035222 0.896655 0.010982
3 3 0.049342 0.003115 0.026394 0.912101 0.009048
3 3 0.047346 0.003091 0.027973 0.913004 0.008586
3 3 0.046401 0.002874 0.026279 0.916278 0.008168
3 3 0.062890 0.008231 0.061992 0.849593 0.017295
3 3 0.055465 0.005968 0.050707 0.874675 0.013185
3 3 0.051457 0.004122 0.035584 0.898317 0.010520
3 3 0.046283 0.002509 0.022026 0.921419 0.007762
3 3 0.053313 0.004684 0.039632 0.890873 0.011497
3 3 0.057612 0.005760 0.045542 0.877476 0.013611
3 3 0.054205 0.004357 0.035102 0.894913 0.011422
3 3 0.050118 0.003400 0.028867 0.908106 0.009510
3 3 0.053387 0.004909 0.042017 0.887970 0.011717
3 3 0.059471 0.007150 0.056908 0.861135 0.015335
3 3 0.061401 0.006883 0.051492 0.864525 0.015698
3 3 0.062427 0.007684 0.057577 0.855616 0.016696
3 3 0.055671 0.004967 0.039815 0.887178 0.012370
3 3 0.052204 0.003665 0.029786 0.904085 0.010259
3 3 0.047074 0.002403 0.020217 0.922502 0.007804
3 3 0.048004 0.003162 0.028178 0.911854 0.008801
3 3 0.045116 0.002772 0.026234 0.918082 0.007797
3 3 0.051004 0.003691 0.031246 0.904057 0.010002
3 3 0.059803 0.008055 0.065446 0.850533 0.016162
3 3 0.050314 0.003542 0.030278 0.906170 0.009696
3 3 0.051855 0.004346 0.037634 0.895343 0.010822
3 3 0.053043 0.004370 0.036521 0.894925 0.011142
3 3 0.059960 0.005248 0.037827 0.883169 0.013796
3 3 0.052455 0.003787 0.030848 0.902471 0.010440
3 3 0.056899 0.005733 0.046209 0.877770 0.013388
3 3 0.053101 0.003999 0.032465 0.899631 0.010804
3 3 0.048380 0.003320 0.029667 0.909594 0.009039
3 3 0.057101 0.006012 0.048817 0.874385 0.013685
3 3 0.055169 0.004116 0.031641 0.897646 0.011429
2 1 0.116678 0.252441 0.407274 0.089237 0.134369
2 1 0.092519 0.157419 0.333712 0.127705 0.288645
4 1 0.066860 0.136526 0.254743 0.051397 0.490474
2 1 0.077543 0.190108 0.397900 0.084736 0.249712
2 1 0.044597 0.179937 0.634082 0.058115 0.083269
2 2 0.022240 0.097139 0.806092 0.044982 0.029546
2 2 0.025467 0.123184 0.771122 0.040215 0.040011
2 2 0.024125 0.111715 0.786563 0.042271 0.035326
2 2 0.026774 0.119781 0.767563 0.045634 0.040247
2 2 0.021757 0.113104 0.796889 0.034759 0.033491
2 2 0.020079 0.102965 0.813047 0.034678 0.029230
2 2 0.023656 0.102656 0.795200 0.046190 0.032298
2 2 0.031965 0.158422 0.710194 0.040681 0.058738
2 2 0.020452 0.101961 0.811975 0.036310 0.029302
2 2 0.023397 0.118862 0.784408 0.036639 0.036694
2 2 0.018513 0.095910 0.826144 0.033374 0.026060
2 2 0.022872 0.106554 0.796552 0.041312 0.032710
2 2 0.020350 0.111725 0.804635 0.031519 0.031771
2 2 0.029743 0.153777 0.724334 0.037670 0.054477
2 2 0.024706 0.125969 0.772304 0.036943 0.040078
2 2 0.021675 0.107854 0.801483 0.037005 0.031982
2 2 0.021072 0.124252 0.790194 0.028649 0.035833
2 2 0.020665 0.104715 0.808836 0.035567 0.030218
2 2 0.015600 0.083004 0.850327 0.030477 0.020592
2 2 0.017549 0.078133 0.842588 0.040768 0.020962
2 2 0.019362 0.106406 0.813733 0.031042 0.029457
2 2 0.019293 0.081633 0.830822 0.045131 0.023120
2 2 0.017244 0.068234 0.848260 0.047874 0.018389
2 2 0.024493 0.102645 0.790822 0.049024 0.033016
2 2 0.022801 0.123811 0.782875 0.033009 0.037504
2 2 0.018480 0.096373 0.825962 0.033040 0.026145
2 2 0.016755 0.089323 0.839861 0.031079 0.022982
2 2 0.031342 0.144661 0.725722 0.045119 0.053157
2 2 0.020073 0.098903 0.816117 0.036736 0.028171
2 2 0.026433 0.127477 0.763042 0.040752 0.042296
2 2 0.021600 0.078492 0.818042 0.057889 0.023977
2 2 0.036844 0.160156 0.687038 0.050765 0.065197
2 2 0.028982 0.110481 0.762525 0.058672 0.039340
2 2 0.025959 0.085862 0.789261 0.069693 0.029225
2 2 0.027469 0.084943 0.779760 0.077777 0.030051
2 2 0.018709 0.077653 0.836006 0.045939 0.021693
2 2 0.021895 0.083066 0.814904 0.054706 0.025428
2 3 0.021410 0.091950 0.813608 0.045579 0.027454
2 3 0.019044 0.111566 0.810779 0.028149 0.030462
2 3 0.027379 0.111257 0.770446 0.052761 0.038155
2 3 0.019127 0.089635 0.827309 0.038920 0.025009
2 2 0.031614 0.130042 0.736374 0.053601 0.048368
2 2 0.026686 0.089032 0.784172 0.069386 0.030725
2 2 0.023351 0.094401 0.801613 0.050938 0.029697
2 2 0.022405 0.079962 0.812654 0.060030 0.024950
2 2 0.017402 0.090234 0.835910 0.032717 0.023737
2 2 0.018835 0.091749 0.827467 0.036650 0.025299
2 2 0.029152 0.068100 0.760816 0.116024 0.025907
2 2 0.019803 0.087158 0.825109 0.043013 0.024918
2 2 0.023021 0.081803 0.808386 0.060887 0.025903
2 2 0.031741 0.142281 0.727526 0.046552 0.051900
2 2 0.025788 0.127325 0.766159 0.039136 0.041592
2 2 0.021862 0.121830 0.788887 0.031432 0.035990
2 2 0.022738 0.115516 0.790276 0.036367 0.035102
2 2 0.024941 0.133015 0.764969 0.034646 0.042429
2 2 0.019808 0.097533 0.818443 0.036629 0.027587
2 2 0.021726 0.100494 0.806601 0.041153 0.030027
2 2 0.023378 0.125414 0.778839 0.033814 0.038554
2 2 0.023983 0.131136 0.770952 0.033080 0.040848
2 2 0.019237 0.078503 0.832512 0.047459 0.022288
2 2 0.035726 0.165642 0.686826 0.045817 0.065990
2 2 0.026613 0.146693 0.744733 0.033458 0.048502
2 2 0.019015 0.093145 0.825579 0.036463 0.025798
2 2 0.024818 0.118239 0.778194 0.040853 0.037895
2 2 0.023656 0.135017 0.768762 0.030937 0.041628
2 2 0.024135 0.133803 0.767811 0.032456 0.041795
2 2 0.027508 0.122909 0.761625 0.046019 0.041939
2 2 0.026618 0.126400 0.763076 0.041758 0.042149
2 2 0.018648 0.098061 0.823848 0.032733 0.026710
2 2 0.019133 0.106199 0.814982 0.030494 0.029191
2 2 0.024646 0.141883 0.757871 0.030832 0.044767
2 2 0.022768 0.112014 0.792946 0.038124 0.034148
2 2 0.019754 0.105658 0.812488 0.032470 0.029630
2 2 0.020049 0.106983 0.810003 0.032719 0.030246
2 2 0.027389 0.148513 0.739618 0.034499 0.049981
2 2 0.017820 0.102624 0.824154 0.028319 0.027083
2 2 0.026347 0.145865 0.746684 0.033169 0.047935
2 2 0.022064 0.084544 0.813365 0.054070 0.025957
2 2 0.021177 0.108485 0.803394 0.035250 0.031693
2 2 0.021026 0.114413 0.799202 0.032218 0.033140
2 2 0.015523 0.077107 0.854592 0.033564 0.019214
2 2 0.023621 0.134620 0.769293 0.030993 0.041474
2 2 0.017980 0.096676 0.828202 0.031359 0.025783
2 2 0.020593 0.078800 0.824200 0.053065 0.023342
2 2 0.020625 0.108307 0.806181 0.033756 0.031131
2 2 0.018841 0.085678 0.831251 0.040441 0.023789
2 2 0.032038 0.139799 0.731212 0.047184 0.049768
2 2 0.026017 0.145266 0.748689 0.032660 0.047368
2 2 0.029320 0.153484 0.730470 0.035321 0.051405
2 2 0.022759 0.112533 0.792580 0.037843 0.034285
2 2 0.019974 0.107305 0.810095 0.032365 0.030260
2 2 0.020010 0.115869 0.802576 0.029023 0.032521
2 2 0.020098 0.101807 0.813843 0.035306 0.028946
2 2 0.031920 0.150389 0.717967 0.043902 0.055821
2 2 0.049919 0.186950 0.603772 0.065611 0.093748
2 2 0.034164 0.162738 0.696445 0.043679 0.062974
2 2 0.022810 0.124717 0.782025 0.032678 0.037769
2 2 0.018856 0.106271 0.816224 0.029700 0.028949
2 2 0.024529 0.141587 0.758664 0.030675 0.044545
2 2 0.064942 0.210762 0.562055 0.065691 0.096550
2 2 0.018540 0.102695 0.820693 0.030309 0.027763
2 2 0.026905 0.146222 0.743928 0.034255 0.048689
2 2 0.035285 0.164836 0.689527 0.045213 0.065138
2 2 0.026503 0.142980 0.748787 0.034524 0.047206
2 2 0.041306 0.179131 0.673822 0.042708 0.063032
2 2 0.172611 0.273588 0.300470 0.091674 0.161657
2 2 0.120324 0.235448 0.353160 0.087175 0.203892
2 2 0.143911 0.280815 0.387148 0.072960 0.115166
2 2 0.123726 0.271327 0.431952 0.067331 0.105665
2 2 0.028406 0.150832 0.732974 0.035866 0.051921
4 2 0.167009 0.200310 0.177400 0.059984 0.395297
4 4 0.074435 0.095496 0.108144 0.017425 0.704499
4 4 0.217830 0.181411 0.112062 0.017310 0.471387
0 4 0.327871 0.270572 0.136361 0.037284 0.227912
4 4 0.118396 0.196003 0.256683 0.087267 0.341651
2 4 0.140242 0.228224 0.278927 0.091896 0.260711
4 1 0.113538 0.195320 0.268006 0.088756 0.334379
4 1 0.146937 0.188830 0.184312 0.067247 0.412674
4 1 0.157048 0.203760 0.195933 0.084229 0.359030
2 2 0.106436 0.204330 0.315705 0.085940 0.287589
4 2 0.082499 0.160942 0.271206 0.076503 0.408850
4 2 0.133890 0.199116 0.228593 0.079980 0.358421
4 2 0.147440 0.194261 0.193206 0.079157 0.385936
4 2 0.098514 0.191862 0.307050 0.087058 0.315516
2 2 0.077441 0.195305 0.416598 0.088960 0.221696
2 2 0.083563 0.225526 0.485035 0.080290 0.125586
4 2 0.100762 0.151241 0.187386 0.072924 0.487687
2 2 0.074631 0.195591 0.435209 0.086231 0.208339
4 2 0.144165 0.189239 0.189049 0.073200 0.404347
4 2 0.084580 0.146819 0.218863 0.075404 0.474335
4 2 0.060033 0.096960 0.144142 0.039702 0.659163
4 2 0.084304 0.163407 0.271876 0.079779 0.400634
4 2 0.083626 0.161424 0.268179 0.078181 0.408590
4 2 0.099482 0.167082 0.231705 0.085887 0.415844
2 2 0.078007 0.187643 0.386443 0.083494 0.264414
4 2 0.096170 0.164218 0.233376 0.085165 0.421071
2 2 0.093730 0.211435 0.386993 0.090648 0.217193
4 2 0.165768 0.206841 0.189481 0.075330 0.362580
4 1 0.095304 0.129829 0.148970 0.037704 0.588194
4 1 0.091477 0.167341 0.257722 0.083624 0.399837
4 1 0.100712 0.136322 0.153627 0.040539 0.568800
4 4 0.131690 0.165595 0.163517 0.046369 0.492829
4 4 0.081605 0.139230 0.205762 0.069796 0.503606
4 4 0.163379 0.159778 0.117798 0.018116 0.540929
1 0 0.263295 0.334618 0.256844 0.052866 0.092377
4 1 0.087538 0.132338 0.170793 0.056761 0.552570
4 1 0.110742 0.164172 0.196159 0.082811 0.446116
4 1 0.088370 0.165771 0.263457 0.086341 0.396060
4 1 0.110650 0.179914 0.235756 0.085552 0.388128
4 1 0.087112 0.131390 0.169391 0.055482 0.556625
4 1 0.095756 0.165684 0.239071 0.082738 0.416750
4 1 0.101954 0.149427 0.180761 0.065047 0.502811
4 1 0.083439 0.116279 0.140181 0.033116 0.626984
4 4 0.083990 0.129169 0.170973 0.057547 0.558322
4 4 0.156523 0.202903 0.195223 0.083026 0.362326
4 4 0.103570 0.170693 0.231172 0.076172 0.418393
4 4 0.081979 0.126196 0.168093 0.055136 0.568596
4 2 0.086549 0.140750 0.195469 0.071351 0.505880
4 2 0.101768 0.189232 0.288086 0.084611 0.336303
4 2 0.084703 0.144306 0.210953 0.075004 0.485034
4 2 0.103119 0.144270 0.166839 0.051066 0.534706
4 2 0.136946 0.170466 0.165107 0.047572 0.479909
2 2 0.083104 0.192253 0.374567 0.090235 0.259842
4 1 0.126182 0.157805 0.156683 0.041129 0.518200
4 1 0.096795 0.102474 0.090817 0.010312 0.699601
4 4 0.094197 0.071399 0.067564 0.010446 0.756394
4 4 0.133904 0.147516 0.127862 0.023156 0.567563
4 4 0.074399 0.105566 0.132469 0.029492 0.658073
4 4 0.087951 0.126413 0.155382 0.043277 0.586977
4 4 0.130227 0.149701 0.136119 0.027577 0.556376
4 4 0.076473 0.101836 0.119240 0.022197 0.680253
4 4 0.112078 0.124310 0.112504 0.017115 0.633993
4 4 0.133762 0.138383 0.112675 0.016544 0.598636
4 4 0.074056 0.089590 0.095546 0.012763 0.728045
4 4 0.181870 0.180647 0.131770 0.024578 0.481134
4 4 0.153495 0.184241 0.167472 0.049527 0.445265
4 4 0.117577 0.154521 0.163437 0.046969 0.517496
4 4 0.111100 0.178029 0.230329 0.079670 0.400874
4 4 0.129286 0.157117 0.150965 0.036854 0.525778
4 4 0.254840 0.220872 0.128754 0.024584 0.370949
4 4 0.096653 0.105380 0.096318 0.011965 0.689684
4 4 0.076663 0.076151 0.074972 0.008767 0.763447
4 4 0.067664 0.059591 0.060687 0.007065 0.804992
4 4 0.070239 0.078971 0.078671 0.008023 0.764096
4 4 0.143533 0.147931 0.118231 0.018571 0.571733
4 4 0.153937 0.173453 0.148723 0.034757 0.489130
0 0 0.609395 0.202530 0.060553 0.026955 0.100568
4 1 0.318854 0.182468 0.090199 0.016155 0.392323
4 1 0.166501 0.177366 0.141413 0.030012 0.484708
4 1 0.168909 0.189368 0.157669 0.041334 0.442721
4 1 0.147097 0.194387 0.193927 0.080199 0.384390
4 1 0.089750 0.137546 0.178699 0.064521 0.529484
4 1 0.096367 0.140528 0.171564 0.056225 0.535316
4 1 0.098096 0.153473 0.199061 0.079666 0.469704
4 1 0.129662 0.164728 0.164843 0.047568 0.493199
4 1 0.113789 0.203225 0.288018 0.091282 0.303686
4 1 0.118698 0.205067 0.278251 0.093762 0.304223
4 4 0.102461 0.153598 0.189257 0.075053 0.479631
4 4 0.119703 0.192351 0.244891 0.080784 0.362271
4 4 0.094471 0.127068 0.144273 0.034603 0.599584
4 4 0.082095 0.106055 0.118854 0.021523 0.671474
4 4 0.117798 0.141734 0.137735 0.028993 0.573741
4 4 0.123789 0.148109 0.141599 0.031000 0.555503
4 4 0.123842 0.160339 0.165151 0.048082 0.502586
4 4 0.139791 0.145833 0.118642 0.018819 0.576915
4 4 0.081196 0.089044 0.084380 0.009074 0.736306
4 4 0.124631 0.140342 0.126231 0.022655 0.586141
4 4 0.129578 0.141076 0.121705 0.020401 0.587241
4 4 0.164383 0.176923 0.142901 0.030929 0.484864
4 4 0.139104 0.131265 0.100017 0.012819 0.616795
4 4 0.240964 0.134126 0.082363 0.016057 0.526491
4 4 0.135705 0.155195 0.139111 0.029105 0.540883
4 4 0.108998 0.131733 0.130692 0.025576 0.603000
4 4 0.109061 0.114449 0.102972 0.014884 0.658634
4 4 0.148211 0.139602 0.101212 0.012285 0.598689
0 4 0.415787 0.269364 0.099197 0.017927 0.197726
4 1 0.163578 0.174840 0.140472 0.029454 0.491657
4 1 0.117453 0.166489 0.188405 0.072665 0.454988
4 1 0.100715 0.140030 0.161874 0.047022 0.550360
4 4 0.113761 0.152161 0.164893 0.048458 0.520726
4 4 0.077017 0.092400 0.099770 0.014764 0.716048
4 4 0.079806 0.117421 0.150645 0.040814 0.611313
4 4 0.169466 0.211671 0.192478 0.080351 0.346033
4 4 0.118090 0.165611 0.185436 0.068996 0.461867
4 4 0.112158 0.187046 0.249939 0.089471 0.361386
4 4 0.098756 0.130935 0.145242 0.034854 0.590214
4 4 0.099195 0.122580 0.126713 0.024108 0.627405
4 4 0.172091 0.198069 0.167846 0.050288 0.411705
4 4 0.172944 0.195266 0.162493 0.045432 0.423865
4 4 0.116781 0.131545 0.119950 0.020049 0.611674
4 4 0.141020 0.163439 0.147057 0.033862 0.514622
4 4 0.123174 0.133513 0.115872 0.018096 0.609345
4 4 0.116463 0.089866 0.072972 0.009263 0.711437
4 4 0.104968 0.119780 0.112998 0.017598 0.644657
4 4 0.082295 0.080112 0.081708 0.011956 0.743929
4 4 0.106925 0.151829 0.176419 0.059885 0.504942
4 4 0.116452 0.165446 0.188035 0.072263 0.457804
4 4 0.057283 0.092506 0.138711 0.036427 0.675072
4 4 0.037751 0.061626 0.100274 0.018608 0.781741
4 4 0.095780 0.189849 0.310401 0.091951 0.312019
4 4 0.111287 0.145136 0.154381 0.040247 0.548950
4 4 0.088396 0.137619 0.182008 0.068454 0.523523
4 4 0.118105 0.167708 0.190013 0.071430 0.452744
4 4 0.084152 0.111890 0.128504 0.026199 0.649254
4 4 0.083692 0.091018 0.085064 0.009165 0.731061
0 0 0.481642 0.266317 0.101586 0.060933 0.089522
4 1 0.256384 0.225801 0.133249 0.027385 0.357182
4 1 0.059355 0.095892 0.142900 0.038945 0.662907
4 1 0.124289 0.163510 0.170728 0.053081 0.488392
4 1 0.183385 0.208654 0.171604 0.054671 0.381687
4 1 0.082273 0.130532 0.178638 0.065865 0.542693
4 1 0.083944 0.134303 0.184303 0.072024 0.525426
4 1 0.086343 0.124898 0.155071 0.043249 0.590438
2 1 0.157952 0.247901 0.281955 0.088931 0.223262
4 1 0.128931 0.173970 0.183891 0.066724 0.446484
4 1 0.072837 0.112431 0.153952 0.044549 0.616231
4 1 0.077793 0.124071 0.172815 0.060634 0.564687
4 1 0.055942 0.090511 0.136566 0.035252 0.681729
4 1 0.154580 0.164802 0.133917 0.025830 0.520871
4 1 0.073772 0.103278 0.128057 0.027047 0.667846
4 1 0.086292 0.168993 0.281809 0.084622 0.378284
2 1 0.085714 0.181396 0.324811 0.089666 0.318413
2 2 0.065120 0.194567 0.498983 0.077362 0.163968
4 2 0.082880 0.131562 0.179822 0.067055 0.538681
4 2 0.071891 0.115555 0.164944 0.054265 0.593345
2 2 0.060577 0.198037 0.545545 0.080872 0.114969
4 2 0.157152 0.187689 0.168718 0.050722 0.435719
4 2 0.092050 0.172790 0.271635 0.090460 0.373064
2 2 0.089499 0.186427 0.324633 0.092889 0.306552
4 2 0.100252 0.149537 0.184511 0.069531 0.496168
2 2 0.066687 0.201519 0.509709 0.087607 0.134478
2 2 0.083724 0.184860 0.349511 0.068921 0.312983
4 2 0.116844 0.201432 0.273602 0.097134 0.310987
4 2 0.073133 0.153273 0.286586 0.062367 0.424643
2 2 0.057753 0.183917 0.520419 0.062296 0.175615
4 2 0.066964 0.107847 0.156509 0.047897 0.620783
4 2 0.144009 0.186419 0.184193 0.067036 0.418343
4 2 0.091275 0.167608 0.258364 0.091300 0.391453
2 2 0.043611 0.181273 0.653688 0.049396 0.072033
4 2 0.141595 0.188397 0.191348 0.076231 0.402429
2 2 0.066246 0.191985 0.481128 0.075318 0.185323
4 2 0.077137 0.159923 0.291368 0.069227 0.402345
0 2 0.282145 0.270762 0.163540 0.062624 0.220929
4 2 0.124368 0.180704 0.205665 0.088422 0.400841
4 2 0.182421 0.187238 0.140764 0.029686 0.459891
1 2 0.240837 0.294442 0.228613 0.086280 0.149827
2 2 0.081732 0.194065 0.387462 0.092975 0.243765
2 2 0.105535 0.247825 0.441039 0.082055 0.123547
4 2 0.112889 0.167925 0.200397 0.084291 0.434499
4 2 0.159207 0.179155 0.152097 0.037073 0.472468
2 2 0.079491 0.180746 0.353663 0.081036 0.305064
2 2 0.066099 0.199811 0.508856 0.084755 0.140480
2 2 0.038892 0.171155 0.667647 0.050177 0.072129
2 2 0.052153 0.189585 0.591310 0.068782 0.098170
2 2 0.040508 0.173786 0.658015 0.052416 0.075275
4 2 0.102659 0.173936 0.241200 0.089459 0.392746
2 2 0.023855 0.139862 0.763237 0.029779 0.043268
2 2 0.041277 0.174997 0.653468 0.053483 0.076775
2 2 0.035404 0.165055 0.688795 0.045376 0.065369
2 2 0.022340 0.128855 0.780323 0.030039 0.038442
2 2 0.029994 0.154316 0.722724 0.038009 0.054957
2 2 0.034933 0.159278 0.696356 0.046842 0.062591
2 2 0.022534 0.122416 0.785325 0.032887 0.036838
2 2 0.022009 0.134814 0.776060 0.027371 0.039746
2 2 0.017422 0.109330 0.820104 0.024827 0.028317
2 2 0.025127 0.143085 0.754638 0.031472 0.045678
2 2 0.018944 0.112141 0.810723 0.027683 0.030509
2 2 0.019761 0.115927 0.803648 0.028378 0.032287
2 2 0.021917 0.102140 0.804491 0.040810 0.030641
2 2 0.019137 0.105241 0.815761 0.030909 0.028952
2 2 0.016412 0.095435 0.836799 0.027251 0.024103
2 2 0.020806 0.108604 0.805078 0.034133 0.031379
2 2 0.020518 0.099720 0.813286 0.037704 0.028771
2 2 0.017662 0.076310 0.842794 0.042626 0.020608
2 2 0.020681 0.106046 0.807716 0.034971 0.030585
2 2 0.018145 0.082374 0.836973 0.040073 0.022435
2 2 0.018131 0.069960 0.842112 0.050401 0.019396
2 2 0.021956 0.078425 0.815809 0.059598 0.024211
2 2 0.026398 0.108048 0.777532 0.051732 0.036289
2 3 0.020523 0.088650 0.820308 0.044648 0.025871
2 3 0.033056 0.067100 0.727174 0.144661 0.028008
2 3 0.022266 0.080086 0.813496 0.059268 0.024885
2 3 0.025333 0.083190 0.793590 0.069913 0.027973
2 3 0.024364 0.064402 0.796176 0.093200 0.021857
2 3 0.066354 0.114589 0.540804 0.202851 0.075402
2 3 0.049269 0.077537 0.610925 0.219300 0.042969
2 3 0.032473 0.064367 0.727918 0.148514 0.026728
2 3 0.050507 0.069158 0.579369 0.260600 0.040366
2 3 0.057371 0.079641 0.551153 0.261686 0.050148
2 3 0.068754 0.071734 0.437326 0.366073 0.056113
2 3 0.046195 0.067660 0.612969 0.236440 0.036736
3 3 0.072093 0.044633 0.292782 0.545613 0.044879
3 3 0.081040 0.052503 0.287354 0.523499 0.055605
2 3 0.057929 0.074961 0.534208 0.284415 0.048487
3 3 0.082048 0.067225 0.339314 0.446369 0.065044
3 3 0.072711 0.026186 0.183620 0.683698 0.033785
3 3 0.068329 0.022197 0.169887 0.710475 0.029111
3 3 0.064661 0.015804 0.128320 0.767824 0.023391
3 3 0.070836 0.015774 0.111649 0.775820 0.025920
3 3 0.061770 0.009736 0.078411 0.831990 0.018093
3 3 0.071257 0.016585 0.117069 0.768416 0.026674
3 3 0.076530 0.026334 0.171939 0.689374 0.035823
3 3 0.063086 0.010621 0.084228 0.822859 0.019206
3 3 0.078634 0.037032 0.227153 0.613143 0.044038
3 3 0.079006 0.031876 0.197530 0.650738 0.040850
3 3 0.081634 0.024002 0.142500 0.715054 0.036809
3 3 0.067647 0.014045 0.104947 0.789973 0.023388
3 3 0.075167 0.016505 0.107292 0.772736 0.028300
3 3 0.067922 0.017239 0.131277 0.757859 0.025702
3 3 0.080794 0.038917 0.228779 0.604947 0.046563
3 3 0.058747 0.006514 0.051612 0.868538 0.014589
3 3 0.065915 0.010472 0.077268 0.826245 0.020100
3 3 0.079884 0.029251 0.179375 0.671926 0.039563
3 3 0.063458 0.009398 0.071960 0.836773 0.018411
3 3 0.048698 0.003267 0.028725 0.910252 0.009058
3 3 0.058510 0.006416 0.050963 0.869674 0.014436
3 3 0.061990 0.008553 0.066543 0.845654 0.017260
3 3 0.058268 0.006402 0.051159 0.869819 0.014353
3 3 0.064354 0.011600 0.090688 0.812982 0.020377
3 3 0.058863 0.006111 0.047428 0.873323 0.014276
3 3 0.049010 0.003559 0.031817 0.906203 0.009412
3 3 0.064619 0.011152 0.085985 0.818098 0.020146
3 3 0.057274 0.005665 0.045020 0.878608 0.013433
3 3 0.066821 0.015488 0.119475 0.774157 0.024059
3 3 0.071116 0.015900 0.111983 0.774872 0.026128
3 3 0.066623 0.011133 0.081788 0.819595 0.020862
3 3 0.055121 0.005262 0.043606 0.883523 0.012487
3 3 0.057728 0.006022 0.048050 0.874329 0.013872
3 3 0.054698 0.005148 0.042929 0.884951 0.012273
3 3 0.048191 0.003672 0.034076 0.904734 0.009328
3 3 0.044873 0.002169 0.019098 0.926752 0.007108
3 3 0.051042 0.004385 0.039082 0.894836 0.010655
3 3 0.056467 0.004956 0.038789 0.887216 0.012572
3 3 0.060537 0.006429 0.048328 0.869662 0.015044
3 3 0.065152 0.011976 0.092383 0.809543 0.020945
3 3 0.063290 0.012128 0.098063 0.806156 0.020363
3 3 0.058174 0.005873 0.045957 0.876126 0.013870
3 3 0.065252 0.009579 0.070452 0.835548 0.019169
3 3 0.071770 0.008268 0.050223 0.849462 0.020276
3 3 0.095796 0.051758 0.230724 0.556214 0.065507
