0 0 0.440128 0.179480 0.058090 0.052554 0.269748
0 0 0.668715 0.115476 0.025623 0.078915 0.111271
2 0 0.061638 0.321566 0.449168 0.035803 0.131825
2 0 0.089653 0.329244 0.383434 0.045775 0.151894
4 0 0.183408 0.255734 0.155210 0.033233 0.372415
1 0 0.120489 0.313341 0.278250 0.035647 0.252274
2 0 0.073307 0.324029 0.409636 0.037624 0.155404
2 0 0.097063 0.316948 0.341590 0.044060 0.200339
4 0 0.146636 0.294317 0.220697 0.033668 0.304682
0 0 0.552675 0.146901 0.038725 0.060711 0.200987
4 0 0.158989 0.282276 0.197230 0.033793 0.327712
0 0 0.666398 0.114676 0.023259 0.052647 0.143021
1 0 0.125248 0.318802 0.299839 0.050193 0.205918
2 0 0.059330 0.323017 0.456303 0.033315 0.128036
1 0 0.131567 0.304384 0.254264 0.037205 0.272579
0 0 0.278678 0.258975 0.136952 0.060358 0.265036
0 0 0.639914 0.116594 0.021985 0.032407 0.189099
0 0 0.750592 0.086345 0.015324 0.071840 0.075900
0 0 0.895638 0.034851 0.003318 0.043365 0.022828
0 0 0.574457 0.171728 0.051605 0.090372 0.111838
0 0 0.599035 0.159915 0.042251 0.065741 0.133057
0 0 0.414936 0.207924 0.080322 0.073501 0.223316
0 0 0.501565 0.184092 0.063505 0.098468 0.152369
0 0 0.804983 0.069665 0.009979 0.051136 0.064236
0 0 0.784281 0.076558 0.011837 0.055543 0.071781
0 0 0.743210 0.087599 0.016379 0.085889 0.066924
0 0 0.360572 0.262020 0.130495 0.096671 0.150241
0 0 0.396279 0.228255 0.096095 0.078635 0.200736
0 0 0.531040 0.158514 0.044733 0.063141 0.202572
0 0 0.554745 0.147053 0.039408 0.066023 0.192772
0 0 0.635463 0.123928 0.027238 0.056444 0.156927
0 0 0.613553 0.127373 0.027356 0.043340 0.188378
0 0 0.662623 0.115017 0.022849 0.046831 0.152680
0 0 0.553684 0.145846 0.037646 0.056265 0.206559
0 0 0.533774 0.163746 0.047950 0.071090 0.183439
0 0 0.777324 0.078096 0.012545 0.061861 0.070174
0 0 0.812924 0.067915 0.009116 0.041210 0.068835
0 0 0.785463 0.072247 0.011603 0.074389 0.056297
0 0 0.753819 0.087278 0.015796 0.077813 0.065293
0 0 0.803673 0.068857 0.010119 0.058507 0.058844
0 0 0.343164 0.273474 0.134900 0.073326 0.175135
0 0 0.766332 0.080278 0.013610 0.071708 0.068072
0 0 0.735882 0.092627 0.016680 0.062945 0.091866
0 0 0.711414 0.109155 0.022520 0.076136 0.080775
1 0 0.201967 0.314762 0.234309 0.073993 0.174969
0 0 0.736372 0.090253 0.017113 0.083930 0.072331
1 0 0.121883 0.322423 0.316397 0.054862 0.184434
0 0 0.871073 0.047536 0.004981 0.033353 0.043057
0 0 0.862082 0.048757 0.005561 0.045201 0.038400
0 0 0.373094 0.224737 0.094694 0.068052 0.239423
0 0 0.568090 0.139577 0.033236 0.045932 0.213165
0 0 0.770598 0.078871 0.013231 0.071981 0.065320
0 0 0.806256 0.067926 0.009891 0.058227 0.057699
1 0 0.201418 0.304281 0.238514 0.099318 0.156469
2 1 0.066148 0.314497 0.436786 0.045053 0.137516
2 1 0.078211 0.321575 0.395400 0.040864 0.163950
4 4 0.159666 0.283432 0.193704 0.030692 0.332506
4 4 0.251985 0.159905 0.053193 0.014189 0.520728
4 4 0.215308 0.217223 0.103150 0.024327 0.439992
4 4 0.242680 0.177129 0.067248 0.018874 0.494070
2 4 0.089700 0.318710 0.362044 0.043724 0.185822
4 4 0.223381 0.206070 0.094402 0.025619 0.450528
4 4 0.247142 0.170542 0.062863 0.018790 0.500663
4 4 0.150704 0.273402 0.222826 0.061879 0.291189
4 4 0.157804 0.284559 0.198137 0.032007 0.327493
2 4 0.063326 0.314998 0.446146 0.043095 0.132434
1 4 0.105401 0.321884 0.314958 0.035209 0.222548
2 4 0.051817 0.313078 0.487604 0.036874 0.110627
1 4 0.195061 0.335415 0.257449 0.067462 0.144613
2 4 0.041543 0.295332 0.533687 0.042068 0.087370
1 4 0.121926 0.313275 0.274223 0.034610 0.255966
4 4 0.256635 0.146838 0.043031 0.009972 0.543525
4 4 0.175952 0.264909 0.166427 0.032016 0.360696
1 4 0.126778 0.311994 0.261345 0.032095 0.267788
4 4 0.156770 0.285866 0.199735 0.031591 0.326037
2 4 0.056114 0.310647 0.472818 0.042815 0.117606
2 4 0.093298 0.313967 0.396719 0.082120 0.113897
2 4 0.044751 0.296138 0.520083 0.045906 0.093122
4 4 0.148383 0.291649 0.218317 0.035242 0.306410
1 4 0.126803 0.307342 0.265162 0.037857 0.262836
4 4 0.152890 0.286290 0.210683 0.037011 0.313126
4 4 0.158155 0.283059 0.198833 0.033894 0.326058
2 4 0.086226 0.315679 0.373432 0.047622 0.177041
2 4 0.076471 0.318532 0.402078 0.043880 0.159039
2 4 0.066975 0.316553 0.433351 0.043224 0.139898
2 4 0.042896 0.295725 0.527895 0.043680 0.089805
1 4 0.273126 0.287272 0.180332 0.100682 0.158588
0 4 0.606636 0.141389 0.037306 0.086745 0.127925
2 4 0.099911 0.313266 0.335131 0.047548 0.204143
1 4 0.247278 0.295908 0.190267 0.078704 0.187843
2 4 0.087825 0.274162 0.369899 0.104907 0.163207
2 4 0.062262 0.295051 0.452289 0.066924 0.123474
4 4 0.159396 0.274011 0.203110 0.047297 0.316185
2 4 0.075276 0.312532 0.407690 0.050501 0.154001
2 4 0.059437 0.282298 0.473050 0.068085 0.117131
2 4 0.055974 0.298621 0.475478 0.056468 0.113459
2 4 0.081534 0.318830 0.386354 0.044062 0.169220
2 4 0.081956 0.321844 0.383768 0.040807 0.171625
1 4 0.116905 0.314184 0.287703 0.037258 0.243951
4 4 0.259369 0.136784 0.036277 0.007525 0.560046
4 4 0.250195 0.164111 0.056850 0.015861 0.512983
2 4 0.058415 0.295525 0.466351 0.062897 0.116812
1 4 0.134681 0.270280 0.254411 0.086484 0.254144
2 4 0.063746 0.310999 0.445886 0.047668 0.131701
2 4 0.047709 0.296524 0.507913 0.049497 0.098358
2 4 0.058544 0.312026 0.463704 0.043216 0.122511
2 4 0.045097 0.244925 0.561908 0.058858 0.089211
2 4 0.050121 0.235086 0.548022 0.070197 0.096574
2 4 0.034578 0.187792 0.653195 0.057765 0.066671
2 4 0.042157 0.244647 0.574684 0.054278 0.084234
2 4 0.025770 0.130847 0.736790 0.058917 0.047677
2 4 0.032526 0.173355 0.673555 0.058479 0.062085
2 4 0.022083 0.139152 0.751242 0.045005 0.042518
2 4 0.019198 0.087417 0.754569 0.105542 0.033274
2 4 0.040190 0.216082 0.606000 0.059338 0.078389
2 2 0.016395 0.072874 0.782324 0.100456 0.027951
2 2 0.025072 0.114249 0.731645 0.084280 0.044754
2 2 0.031532 0.172316 0.679173 0.056584 0.060396
2 2 0.032568 0.121627 0.594249 0.195733 0.055823
2 2 0.027432 0.092834 0.556002 0.278654 0.045078
2 3 0.043909 0.144606 0.539748 0.196368 0.075368
3 3 0.025589 0.075023 0.361450 0.497389 0.040550
2 3 0.033305 0.100072 0.428727 0.383683 0.054214
3 3 0.027645 0.073895 0.271816 0.589794 0.036850
3 3 0.029418 0.085430 0.285075 0.553047 0.047030
3 3 0.036535 0.096023 0.357239 0.451783 0.058419
3 3 0.023104 0.071103 0.323221 0.545839 0.036733
3 3 0.027400 0.072823 0.204965 0.659980 0.034832
3 3 0.024020 0.060563 0.152530 0.737185 0.025702
3 3 0.017157 0.038758 0.103400 0.827720 0.012965
3 3 0.014231 0.029042 0.078344 0.870015 0.008368
3 3 0.017612 0.039090 0.102860 0.827355 0.013083
3 3 0.020564 0.050712 0.132735 0.776383 0.019606
3 3 0.013896 0.029042 0.079576 0.869081 0.008406
3 3 0.016608 0.035689 0.094261 0.842054 0.011387
3 3 0.021449 0.049585 0.125308 0.784943 0.018715
3 3 0.041066 0.060559 0.183110 0.691614 0.023651
3 3 0.025175 0.057243 0.137232 0.757245 0.023107
3 3 0.019500 0.049582 0.133228 0.778611 0.019079
3 3 0.019373 0.046669 0.123236 0.793471 0.017251
3 3 0.029674 0.066697 0.151503 0.723088 0.029038
3 3 0.014292 0.029660 0.080451 0.866943 0.008654
3 3 0.017052 0.033335 0.084302 0.855182 0.010129
3 3 0.013675 0.029047 0.080436 0.868408 0.008434
3 3 0.014184 0.032142 0.090387 0.853406 0.009882
3 3 0.017121 0.035731 0.092561 0.843245 0.011342
3 3 0.012503 0.019472 0.048731 0.914797 0.004496
3 3 0.011652 0.024112 0.068892 0.888921 0.006423
3 3 0.010359 0.019327 0.054579 0.911140 0.004596
3 3 0.011171 0.022807 0.065521 0.894584 0.005917
3 3 0.011920 0.021627 0.058282 0.902804 0.005367
3 3 0.016716 0.033099 0.084569 0.855566 0.010050
3 3 0.010033 0.016283 0.043787 0.926383 0.003514
3 3 0.018146 0.028990 0.066642 0.878244 0.007978
3 3 0.009410 0.014554 0.038980 0.934084 0.002972
3 3 0.013044 0.024166 0.064177 0.892299 0.006313
3 3 0.011961 0.021369 0.057180 0.904230 0.005261
3 3 0.013367 0.025412 0.067757 0.886647 0.006817
3 3 0.011556 0.021320 0.058303 0.903547 0.005275
3 3 0.010868 0.018922 0.051333 0.914473 0.004404
3 3 0.009723 0.016318 0.044840 0.925574 0.003546
3 3 0.010684 0.018001 0.048390 0.918847 0.004078
3 3 0.010119 0.015523 0.040700 0.930407 0.003251
3 3 0.011991 0.020624 0.054307 0.908110 0.004967
3 3 0.012139 0.022820 0.062093 0.897116 0.005832
3 3 0.011420 0.020546 0.055783 0.907271 0.004981
3 3 0.011061 0.016385 0.041420 0.927646 0.003488
3 3 0.011576 0.020499 0.055109 0.907866 0.004950
3 3 0.013284 0.023122 0.059609 0.898125 0.005860
3 3 0.010565 0.017396 0.046456 0.921714 0.003869
3 3 0.011040 0.019692 0.053737 0.910850 0.004682
3 3 0.011888 0.021228 0.056880 0.904793 0.005211
3 3 0.011296 0.019885 0.053662 0.910420 0.004736
3 3 0.011397 0.019305 0.051175 0.913614 0.004509
3 3 0.010260 0.016745 0.044881 0.924454 0.003660
3 3 0.010816 0.020114 0.056112 0.908096 0.004862
3 3 0.011686 0.020445 0.054563 0.908385 0.004921
3 3 0.011379 0.017638 0.045110 0.921969 0.003904
3 3 0.009226 0.013413 0.035187 0.939555 0.002620
3 3 0.010103 0.015960 0.042372 0.928166 0.003399
3 3 0.011136 0.019389 0.052279 0.912636 0.004559
3 3 0.008925 0.014264 0.039237 0.934668 0.002906
3 3 0.009016 0.013443 0.035840 0.939061 0.002640
3 3 0.010281 0.017341 0.047086 0.921423 0.003868
3 3 0.012341 0.025274 0.070857 0.884671 0.006858
3 3 0.009382 0.017213 0.049494 0.920024 0.003887
3 3 0.011795 0.019586 0.051055 0.912978 0.004586
3 3 0.010534 0.017408 0.046592 0.921590 0.003876
3 3 0.009631 0.016584 0.046157 0.923983 0.003645
3 3 0.009343 0.016527 0.046867 0.923619 0.003645
3 3 0.008053 0.012163 0.033514 0.943973 0.002297
3 3 0.009348 0.016312 0.045993 0.924779 0.003569
3 3 0.008244 0.012621 0.034774 0.941934 0.002426
3 3 0.009595 0.017011 0.047962 0.921634 0.003798
3 3 0.008960 0.016658 0.048712 0.921951 0.003719
3 3 0.008388 0.013106 0.036260 0.939678 0.002568
3 3 0.009147 0.015257 0.042454 0.929921 0.003220
3 3 0.010690 0.016345 0.042217 0.927253 0.003495
3 3 0.009583 0.017325 0.049254 0.919925 0.003912
3 3 0.010353 0.018423 0.051040 0.915927 0.004256
3 3 0.008817 0.013668 0.037233 0.937561 0.002721
3 3 0.010063 0.016447 0.044325 0.925597 0.003569
3 3 0.010794 0.019524 0.053887 0.911159 0.004637
3 3 0.009246 0.015749 0.044087 0.927537 0.003381
3 3 0.010566 0.018451 0.050471 0.916262 0.004251
3 3 0.008822 0.014009 0.038540 0.935799 0.002829
3 3 0.008167 0.013441 0.038248 0.937459 0.002685
3 3 0.011576 0.021150 0.057583 0.904485 0.005206
3 3 0.008667 0.013111 0.035508 0.940159 0.002555
3 3 0.009720 0.017510 0.049533 0.919267 0.003969
3 3 0.009133 0.015571 0.043739 0.928229 0.003328
3 3 0.009207 0.014982 0.041201 0.931485 0.003125
3 3 0.009729 0.013353 0.033757 0.940584 0.002577
3 3 0.009635 0.017463 0.049632 0.919312 0.003958
3 3 0.009509 0.016781 0.047331 0.922656 0.003723
3 3 0.010848 0.016647 0.042906 0.926009 0.003590
3 3 0.008656 0.013709 0.037848 0.937044 0.002743
3 3 0.008947 0.016489 0.048064 0.922841 0.003659
3 3 0.008689 0.013274 0.036072 0.939361 0.002604
3 3 0.009720 0.017873 0.050987 0.917318 0.004102
3 3 0.007874 0.013363 0.038859 0.937225 0.002678
3 3 0.010468 0.019226 0.053808 0.911950 0.004549
3 3 0.009356 0.016175 0.045420 0.925529 0.003520
3 3 0.008543 0.013070 0.035686 0.940154 0.002548
3 3 0.009113 0.015928 0.045224 0.926283 0.003451
3 3 0.008608 0.014349 0.040522 0.933568 0.002952
3 3 0.007862 0.011377 0.030976 0.947710 0.002075
3 3 0.008931 0.013681 0.036969 0.937700 0.002719
3 3 0.009704 0.017250 0.048551 0.920618 0.003876
3 3 0.009113 0.015106 0.041965 0.930645 0.003172
3 3 0.010577 0.020520 0.058562 0.905302 0.005041
3 3 0.010406 0.018465 0.051033 0.915828 0.004268
3 3 0.010614 0.018338 0.049887 0.916955 0.004206
3 3 0.014899 0.024799 0.060979 0.892899 0.006424
3 3 0.018036 0.053495 0.202452 0.703563 0.022454
3 3 0.026389 0.057776 0.134805 0.757781 0.023250
3 3 0.014811 0.030691 0.082418 0.862992 0.009088
3 3 0.020167 0.050541 0.149356 0.760275 0.019661
3 3 0.032175 0.080760 0.187563 0.659505 0.039997
2 3 0.025568 0.069615 0.492584 0.372417 0.039815
3 3 0.023009 0.069935 0.352126 0.518515 0.036416
3 1 0.034983 0.092453 0.373249 0.443565 0.055750
2 1 0.053556 0.296402 0.484771 0.056739 0.108531
2 1 0.041941 0.168371 0.629601 0.083698 0.076388
2 1 0.020255 0.090997 0.772482 0.080818 0.035448
2 1 0.055549 0.218648 0.536049 0.086235 0.103518
2 1 0.048656 0.269026 0.527411 0.057418 0.097489
2 1 0.037536 0.221570 0.613526 0.052904 0.074463
2 1 0.047940 0.275792 0.524709 0.054666 0.096894
2 1 0.059042 0.313520 0.461461 0.042021 0.123956
2 1 0.045071 0.282326 0.530833 0.049257 0.092513
2 1 0.060714 0.298408 0.458033 0.061039 0.121807
2 4 0.019674 0.122308 0.776217 0.044383 0.037418
2 4 0.050203 0.297855 0.497778 0.051080 0.103084
2 4 0.050514 0.296603 0.496666 0.052948 0.103268
2 4 0.077579 0.314370 0.400006 0.048773 0.159271
4 4 0.203827 0.225796 0.131301 0.048100 0.390976
2 4 0.103633 0.312697 0.325077 0.046732 0.211861
2 4 0.093197 0.325161 0.348357 0.036073 0.197213
2 4 0.051128 0.296586 0.494242 0.053709 0.104335
2 4 0.095644 0.286497 0.347726 0.088574 0.181559
2 4 0.044966 0.198860 0.596763 0.074970 0.084441
2 4 0.060676 0.294904 0.458001 0.065805 0.120614
2 4 0.058450 0.298673 0.466274 0.058739 0.117864
2 4 0.044798 0.296147 0.519885 0.045963 0.093206
2 4 0.048996 0.299216 0.502367 0.048058 0.101363
2 4 0.037947 0.224594 0.609271 0.052778 0.075409
2 4 0.019987 0.093475 0.778531 0.072663 0.035344
2 4 0.029689 0.177286 0.684487 0.050720 0.057817
2 4 0.025500 0.140077 0.732389 0.053992 0.048042
2 4 0.026937 0.167857 0.705106 0.047527 0.052572
2 4 0.015765 0.069986 0.799263 0.088097 0.026889
2 4 0.010708 0.057740 0.855779 0.057107 0.018665
2 4 0.012155 0.054521 0.830408 0.082533 0.020383
2 2 0.016926 0.097264 0.808281 0.046296 0.031233
2 2 0.016130 0.110001 0.804878 0.038093 0.030899
2 2 0.014895 0.058070 0.759600 0.143147 0.024288
2 2 0.012564 0.064038 0.840919 0.060589 0.021890
2 2 0.028464 0.153858 0.707552 0.056225 0.053901
2 2 0.024240 0.170967 0.715911 0.040541 0.048341
2 2 0.019291 0.081892 0.748918 0.117022 0.032876
2 2 0.018917 0.088725 0.780997 0.078116 0.033244
2 2 0.028466 0.199844 0.672301 0.041894 0.057494
2 2 0.021742 0.106144 0.772446 0.060378 0.039290
2 2 0.013627 0.080152 0.839001 0.042329 0.024891
2 2 0.014290 0.069233 0.817146 0.074592 0.024739
2 2 0.023201 0.108974 0.763654 0.062387 0.041784
2 2 0.022151 0.088416 0.760505 0.090940 0.037989
2 2 0.012181 0.048920 0.789973 0.129208 0.019717
2 2 0.022399 0.083512 0.584999 0.272184 0.036906
2 3 0.019894 0.065416 0.606999 0.276073 0.031619
2 3 0.020773 0.103107 0.776819 0.061805 0.037495
2 3 0.018941 0.056375 0.496474 0.398941 0.029269
2 3 0.018834 0.055217 0.533988 0.362948 0.029013
2 3 0.017761 0.053130 0.518727 0.383052 0.027330
3 3 0.022251 0.065804 0.424950 0.452164 0.034833
3 3 0.016260 0.048059 0.185929 0.730695 0.019057
3 3 0.019276 0.062195 0.333305 0.554764 0.030460
2 3 0.019001 0.057636 0.462869 0.431009 0.029486
2 3 0.013960 0.068485 0.816581 0.076813 0.024161
2 3 0.022825 0.079974 0.677038 0.182669 0.037493
3 3 0.020398 0.064238 0.350886 0.532285 0.032193
2 3 0.026709 0.123982 0.729624 0.071317 0.048368
2 3 0.025434 0.082250 0.621825 0.229219 0.041272
2 3 0.018168 0.054370 0.507536 0.391917 0.028009
2 3 0.020404 0.091166 0.755439 0.097501 0.035491
2 3 0.018499 0.098103 0.798024 0.051663 0.033711
2 3 0.015775 0.058510 0.715648 0.184651 0.025416
2 3 0.017367 0.055502 0.704205 0.195601 0.027325
2 3 0.021296 0.071269 0.627051 0.246152 0.034232
2 3 0.022236 0.071708 0.680296 0.189963 0.035798
3 3 0.022848 0.068350 0.388325 0.484509 0.035968
2 3 0.035026 0.106029 0.494778 0.306739 0.057428
3 3 0.024591 0.072280 0.380000 0.484303 0.038826
3 3 0.017421 0.053747 0.243746 0.661904 0.023182
2 3 0.019204 0.060015 0.599830 0.290858 0.030094
3 3 0.022964 0.068864 0.380617 0.491361 0.036194
3 3 0.016667 0.055126 0.322631 0.580182 0.025393
2 3 0.018233 0.056232 0.454754 0.442486 0.028295
3 3 0.014934 0.049430 0.428485 0.484015 0.023135
3 3 0.014649 0.049694 0.368222 0.544954 0.022481
3 3 0.029322 0.073357 0.211380 0.650999 0.034942
3 3 0.019310 0.053407 0.197704 0.707504 0.022075
3 3 0.017952 0.052592 0.199349 0.708285 0.021823
3 3 0.018456 0.048371 0.149368 0.765215 0.018591
3 3 0.022559 0.059665 0.238701 0.652826 0.026249
3 3 0.017027 0.049373 0.172847 0.741092 0.019662
3 3 0.017649 0.058176 0.340785 0.555595 0.027795
3 3 0.016465 0.051924 0.254381 0.654999 0.022232
3 3 0.023682 0.055665 0.147909 0.750364 0.022381
3 3 0.018370 0.047474 0.138970 0.777198 0.017988
3 3 0.015546 0.042828 0.168446 0.757372 0.015808
3 3 0.018731 0.056617 0.238094 0.661685 0.024874
3 3 0.017217 0.043039 0.119097 0.805225 0.015423
3 3 0.018816 0.055422 0.214099 0.687925 0.023738
3 3 0.016366 0.040332 0.112603 0.816718 0.013980
3 3 0.016975 0.044286 0.124961 0.797552 0.016226
3 3 0.021103 0.050746 0.130666 0.777960 0.019525
3 3 0.019696 0.047671 0.146924 0.767785 0.017924
2 3 0.074757 0.227477 0.435198 0.130539 0.132029
3 3 0.023083 0.071445 0.311295 0.557408 0.036769
3 3 0.020910 0.062066 0.257408 0.630939 0.028677
3 3 0.018839 0.061038 0.300953 0.590089 0.029081
3 3 0.040021 0.101962 0.358561 0.435345 0.064111
2 3 0.024025 0.067934 0.462957 0.407589 0.037495
2 3 0.018752 0.056567 0.479065 0.416585 0.029032
3 3 0.016977 0.048656 0.178214 0.736911 0.019241
2 3 0.047678 0.272985 0.528132 0.055019 0.096187
2 3 0.031973 0.128487 0.633403 0.150240 0.055898
2 3 0.045607 0.161359 0.538895 0.174163 0.079975
3 3 0.024392 0.071940 0.378107 0.487045 0.038516
3 3 0.019350 0.056746 0.278322 0.620267 0.025314
2 3 0.018474 0.055092 0.505286 0.392648 0.028500
2 3 0.019379 0.064937 0.621945 0.262861 0.030878
2 3 0.022853 0.135353 0.749799 0.048530 0.043465
2 3 0.026917 0.081793 0.538006 0.310155 0.043129
3 3 0.014821 0.050391 0.378419 0.533258 0.023111
2 3 0.014546 0.046372 0.509001 0.407785 0.022297
2 3 0.020099 0.093051 0.785416 0.065838 0.035595
2 3 0.019965 0.062011 0.568113 0.318601 0.031311
2 3 0.013065 0.071172 0.837452 0.055095 0.023216
2 3 0.035055 0.140142 0.655900 0.106601 0.062301
2 3 0.040047 0.257615 0.572795 0.047811 0.081731
2 3 0.074700 0.314367 0.444491 0.070256 0.096186
2 3 0.031944 0.128172 0.671601 0.112020 0.056263
2 3 0.037403 0.147423 0.639432 0.109113 0.066629
2 3 0.015973 0.061587 0.734865 0.161523 0.026052
2 3 0.025143 0.114897 0.749168 0.065524 0.045267
2 3 0.016268 0.055801 0.727051 0.174981 0.025898
2 3 0.018609 0.082736 0.779677 0.086778 0.032200
2 3 0.028470 0.113051 0.677662 0.131503 0.049313
2 3 0.021944 0.064205 0.451545 0.428083 0.034223
2 3 0.029857 0.108199 0.654882 0.156333 0.050730
2 3 0.018838 0.079575 0.748117 0.121497 0.031974
2 3 0.023416 0.070222 0.608774 0.260523 0.037064
2 3 0.025638 0.070107 0.492055 0.372231 0.039969
3 3 0.024172 0.070841 0.367510 0.500185 0.037292
2 3 0.028387 0.115506 0.702669 0.103707 0.049732
3 3 0.017225 0.041367 0.112780 0.814192 0.014435
2 3 0.024680 0.071435 0.555620 0.309407 0.038858
2 3 0.025258 0.078010 0.570315 0.285994 0.040423
2 3 0.019483 0.064080 0.605582 0.279947 0.030907
2 3 0.020008 0.058411 0.501412 0.389227 0.030942
2 3 0.036696 0.097686 0.487075 0.319740 0.058803
2 3 0.019418 0.058263 0.470765 0.421433 0.030120
2 3 0.019197 0.058598 0.446453 0.445891 0.029861
3 3 0.018466 0.058250 0.405563 0.488872 0.028848
2 3 0.018902 0.056045 0.503610 0.392261 0.029182
3 3 0.019993 0.051936 0.172736 0.734581 0.020753
3 3 0.017890 0.059250 0.314261 0.580457 0.028142
3 3 0.020144 0.062735 0.334902 0.551528 0.030691
3 3 0.016964 0.054190 0.427911 0.474568 0.026367
3 3 0.017439 0.046969 0.163709 0.753905 0.017979
3 3 0.017569 0.049832 0.219107 0.693285 0.020206
3 3 0.016327 0.037839 0.103319 0.829932 0.012582
3 3 0.017702 0.040849 0.108908 0.818481 0.014060
3 3 0.020125 0.047138 0.121890 0.793437 0.017410
3 3 0.016408 0.030005 0.074691 0.870303 0.008593
3 3 0.019746 0.049680 0.132514 0.778966 0.019094
3 3 0.015303 0.041662 0.135548 0.792481 0.015005
3 3 0.019413 0.044810 0.120950 0.798702 0.016125
3 3 0.032503 0.056129 0.148994 0.740920 0.021454
2 3 0.039220 0.150589 0.598268 0.142627 0.069295
3 3 0.030438 0.082604 0.406307 0.432523 0.048128
2 3 0.041188 0.195173 0.616811 0.068803 0.078025
2 3 0.042179 0.266619 0.556200 0.048843 0.086159
2 3 0.046593 0.165637 0.548465 0.157158 0.082148
2 3 0.046579 0.296415 0.512523 0.048119 0.096365
2 3 0.021277 0.116543 0.765447 0.057370 0.039363
2 0 0.051887 0.296548 0.491262 0.054652 0.105651
1 0 0.132581 0.334624 0.326022 0.063326 0.143447
2 0 0.093295 0.337187 0.374801 0.039761 0.154956
1 0 0.155318 0.321927 0.262711 0.049070 0.210974
0 0 0.663529 0.115421 0.023455 0.051761 0.145834
0 0 0.659327 0.113592 0.021409 0.037230 0.168442
0 0 0.411241 0.170802 0.053338 0.040268 0.324351
0 0 0.395133 0.177598 0.059878 0.046870 0.320523
2 1 0.065154 0.303554 0.442261 0.057470 0.131562
2 1 0.071856 0.274948 0.429769 0.086426 0.137001
4 4 0.193718 0.239970 0.143996 0.042205 0.380111
1 4 0.120504 0.300087 0.285422 0.053153 0.240834
2 4 0.062261 0.294394 0.452223 0.067860 0.123262
2 4 0.053700 0.303915 0.483391 0.047919 0.111074
2 4 0.090705 0.321517 0.357772 0.040435 0.189571
2 4 0.091461 0.317158 0.357567 0.045214 0.188600
1 4 0.122771 0.323891 0.313054 0.051854 0.188429
1 4 0.111596 0.317159 0.300556 0.037190 0.233499
2 4 0.101742 0.317364 0.328152 0.041893 0.210849
4 4 0.161423 0.277377 0.195333 0.037956 0.327911
2 4 0.060010 0.295101 0.460448 0.064945 0.119497
1 4 0.116270 0.318593 0.286084 0.032607 0.246445
4 4 0.252208 0.159354 0.052730 0.013982 0.521725
4 4 0.211179 0.222054 0.112999 0.030112 0.423655
4 4 0.208951 0.223037 0.120314 0.037714 0.409984
2 4 0.062624 0.294269 0.450911 0.068332 0.123864
4 4 0.191161 0.223524 0.150585 0.077711 0.357019
4 4 0.201464 0.229878 0.133574 0.044663 0.390421
1 4 0.115577 0.299743 0.297872 0.057408 0.229400
1 4 0.140083 0.266686 0.244063 0.088587 0.260580
2 4 0.099977 0.282963 0.335577 0.093347 0.188135
4 4 0.227250 0.200638 0.092549 0.029356 0.450207
4 4 0.179887 0.249135 0.169735 0.055944 0.345299
1 4 0.129496 0.287618 0.266818 0.064052 0.252016
2 4 0.091483 0.299938 0.360920 0.068060 0.179599
4 4 0.142040 0.247399 0.232649 0.119501 0.258411
1 4 0.122893 0.296061 0.280702 0.057082 0.243263
4 4 0.169936 0.257467 0.187134 0.059323 0.326139
1 4 0.126139 0.285354 0.274614 0.071093 0.242800
2 4 0.110455 0.289429 0.311152 0.076900 0.212064
4 4 0.237767 0.186213 0.080146 0.028453 0.467420
1 4 0.138197 0.287262 0.246861 0.055058 0.272622
2 4 0.048535 0.296575 0.504570 0.050509 0.099810
4 4 0.158269 0.281600 0.200059 0.036135 0.323937
2 4 0.100113 0.283136 0.335288 0.092989 0.188474
2 4 0.078217 0.316861 0.397251 0.045994 0.161677
1 4 0.139651 0.294451 0.239743 0.042288 0.283867
2 4 0.071774 0.321001 0.415955 0.040269 0.151001
4 4 0.151720 0.272738 0.220821 0.061561 0.293160
1 4 0.128536 0.310290 0.257804 0.032580 0.270790
2 4 0.052611 0.309988 0.485838 0.040508 0.111057
2 4 0.054021 0.296347 0.482980 0.057322 0.109330
2 4 0.063153 0.294081 0.448999 0.069022 0.124744
2 4 0.058446 0.295518 0.466238 0.062936 0.116863
2 4 0.061877 0.290450 0.456899 0.068607 0.122167
2 4 0.039119 0.200895 0.622303 0.062447 0.075236
2 4 0.071234 0.318220 0.418820 0.043002 0.148724
2 4 0.036600 0.196844 0.636973 0.058817 0.070765
2 4 0.060055 0.310678 0.458768 0.045702 0.124798
2 4 0.044099 0.296009 0.522812 0.045121 0.091959
2 4 0.050201 0.296607 0.497909 0.052560 0.102722
2 4 0.045598 0.297292 0.516384 0.045824 0.094902
2 4 0.064375 0.296490 0.444936 0.066484 0.127715
2 4 0.059306 0.301631 0.463009 0.055706 0.120347
2 4 0.064153 0.309574 0.444825 0.049528 0.131920
2 4 0.050001 0.298514 0.498496 0.050069 0.102920
2 4 0.096751 0.305824 0.345900 0.058387 0.193138
2 4 0.055824 0.296074 0.476092 0.059597 0.112414
2 4 0.076333 0.321077 0.401472 0.041142 0.159976
2 1 0.034533 0.213229 0.633684 0.049813 0.068740
2 1 0.043415 0.268941 0.549094 0.050057 0.088493
2 1 0.033871 0.167367 0.671041 0.064031 0.063690
2 1 0.034216 0.153288 0.678191 0.071431 0.062875
2 1 0.059481 0.254375 0.497243 0.074311 0.114590
2 1 0.044283 0.296047 0.522039 0.045343 0.092288
2 1 0.049104 0.309613 0.499094 0.037542 0.104646
2 0 0.057369 0.318833 0.465181 0.035823 0.122794
1 0 0.211719 0.305025 0.210455 0.064234 0.208567
0 0 0.370058 0.250691 0.115964 0.081580 0.181707
1 0 0.146553 0.326859 0.305425 0.074041 0.147122
1 1 0.113350 0.308856 0.300480 0.046311 0.231003
4 1 0.242147 0.179528 0.072253 0.023810 0.482262
2 1 0.075024 0.319897 0.406082 0.042156 0.156841
2 1 0.078668 0.301514 0.398411 0.065647 0.155759
1 1 0.120480 0.313571 0.278095 0.035379 0.252475
4 1 0.174900 0.258283 0.175961 0.047848 0.343009
2 1 0.048747 0.290533 0.508931 0.052154 0.099635
2 1 0.052584 0.303199 0.487744 0.047604 0.108869
2 1 0.073936 0.319721 0.409596 0.042117 0.154630
2 1 0.063175 0.319135 0.445071 0.038854 0.133764
1 1 0.245379 0.287532 0.171734 0.058261 0.237093
2 1 0.100155 0.336220 0.366554 0.045262 0.151808
2 1 0.052059 0.309931 0.487900 0.040063 0.110047
2 1 0.070921 0.320870 0.423578 0.042308 0.142322
2 1 0.087632 0.322764 0.366225 0.039548 0.183831
2 0 0.055568 0.311628 0.474472 0.041384 0.116948
0 0 0.499020 0.207328 0.071509 0.076410 0.145732
0 0 0.810975 0.068274 0.009380 0.045011 0.066361
0 0 0.808501 0.068718 0.009654 0.048747 0.064380
0 0 0.823906 0.061363 0.008381 0.056776 0.049574
0 0 0.617203 0.143569 0.037699 0.086619 0.114911
0 0 0.892541 0.038201 0.003660 0.036833 0.028765
0 0 0.464183 0.202886 0.078876 0.110884 0.143171
2 0 0.088149 0.317318 0.367170 0.045529 0.181835
1 0 0.110888 0.310157 0.306477 0.046159 0.226320
4 0 0.213825 0.223798 0.120376 0.039605 0.402395
1 0 0.270325 0.293216 0.188491 0.104382 0.143587
2 0 0.051570 0.296566 0.492504 0.054258 0.105102
2 0 0.036112 0.165439 0.661101 0.070313 0.067035
2 1 0.063720 0.314682 0.444911 0.043638 0.133048
2 1 0.071365 0.318799 0.418177 0.042429 0.149230
2 1 0.053545 0.296404 0.484815 0.056725 0.108512
2 1 0.046952 0.296456 0.510994 0.048574 0.097025
2 1 0.057142 0.316929 0.466830 0.037415 0.121683
2 1 0.096917 0.329127 0.334513 0.031143 0.208300
2 1 0.069450 0.322435 0.422809 0.038178 0.147129
4 1 0.147427 0.290371 0.222131 0.038497 0.301574
1 0 0.130849 0.302177 0.257816 0.040891 0.268266
0 0 0.812282 0.067269 0.009353 0.049194 0.061902
0 0 0.578326 0.162760 0.044701 0.068186 0.146026
0 0 0.312415 0.258780 0.127237 0.061020 0.240549
0 0 0.328029 0.231804 0.106236 0.063885 0.270046
2 0 0.061375 0.319978 0.450815 0.037126 0.130707
2 0 0.094336 0.307038 0.352363 0.057384 0.188879
0 0 0.506098 0.184070 0.061296 0.086170 0.162367
2 0 0.105988 0.305970 0.321022 0.054436 0.212584
0 0 0.616426 0.135034 0.033233 0.072665 0.142643
0 0 0.775096 0.076980 0.012713 0.071562 0.063649
0 0 0.639805 0.135779 0.034226 0.089436 0.100754
0 0 0.743708 0.090848 0.015153 0.047649 0.102642
0 0 0.879420 0.042535 0.004425 0.041398 0.032222
0 0 0.835202 0.059963 0.007475 0.040871 0.056489
0 0 0.663736 0.115906 0.024589 0.062486 0.133283
0 0 0.695932 0.114331 0.023940 0.069591 0.096206
0 0 0.360462 0.231878 0.106031 0.083694 0.217935
0 0 0.516122 0.174775 0.060950 0.124897 0.123256
0 0 0.428046 0.242275 0.103108 0.092177 0.134394
0 0 0.821773 0.059999 0.008384 0.065341 0.044503
0 0 0.698278 0.108938 0.022980 0.080041 0.089762
0 0 0.806192 0.068337 0.009904 0.056283 0.059285
0 0 0.544605 0.186951 0.060395 0.090439 0.117610
0 0 0.486281 0.194874 0.070690 0.100730 0.147425
0 0 0.752536 0.085978 0.015049 0.068559 0.077878
0 0 0.672497 0.116675 0.026434 0.086395 0.097998
0 0 0.507424 0.192878 0.068992 0.109439 0.121267
0 0 0.688316 0.116237 0.025946 0.087131 0.082370
0 0 0.762300 0.084150 0.013898 0.057095 0.082556
0 0 0.635963 0.136658 0.034148 0.083374 0.109856
0 0 0.485273 0.205828 0.078645 0.113589 0.116665
0 0 0.699130 0.106373 0.023381 0.101480 0.069636
0 0 0.711538 0.105684 0.022101 0.086381 0.074296
1 0 0.147652 0.329899 0.311892 0.078354 0.132203
0 0 0.533109 0.151018 0.040596 0.056409 0.218868
0 0 0.700228 0.104222 0.019169 0.047288 0.129093
0 0 0.706265 0.107205 0.022180 0.078246 0.086104
0 0 0.805616 0.067044 0.009893 0.063321 0.054127
0 0 0.603173 0.130407 0.028800 0.044629 0.192991
0 0 0.427966 0.213388 0.077251 0.056942 0.224453
0 0 0.635476 0.123460 0.026659 0.052470 0.161936
1 0 0.124260 0.295081 0.277634 0.057356 0.245669
2 1 0.044436 0.296078 0.521398 0.045527 0.092561
2 1 0.051531 0.296568 0.492656 0.054210 0.105035
2 1 0.080811 0.320413 0.387907 0.042297 0.168572
2 1 0.080585 0.324549 0.386620 0.037985 0.170260
4 1 0.178073 0.259552 0.166740 0.038264 0.357372
4 4 0.247511 0.169808 0.062149 0.018431 0.502102
2 4 0.089549 0.320161 0.361834 0.042117 0.186340
4 4 0.234933 0.190044 0.081784 0.026340 0.466898
1 4 0.117911 0.307376 0.289074 0.045093 0.240546
4 4 0.251306 0.161543 0.054594 0.014820 0.517738
4 4 0.250993 0.162279 0.055232 0.015111 0.516384
4 4 0.176870 0.263698 0.165157 0.032360 0.361915
1 4 0.122688 0.302925 0.278742 0.047342 0.248305
4 4 0.253409 0.156280 0.050201 0.012881 0.527230
4 4 0.244454 0.175584 0.067976 0.021456 0.490531
4 4 0.163398 0.275932 0.191217 0.036968 0.332486
4 4 0.224471 0.204318 0.089742 0.021828 0.459641
4 4 0.144805 0.293578 0.226597 0.037172 0.297847
4 4 0.187058 0.251270 0.149743 0.033602 0.378327
4 4 0.169919 0.272593 0.175242 0.030251 0.351995
4 4 0.241879 0.179966 0.072745 0.024087 0.481323
4 4 0.226018 0.238901 0.130312 0.043716 0.361053
4 4 0.205920 0.229356 0.118537 0.028090 0.418097
4 4 0.192731 0.246483 0.136746 0.027561 0.396478
4 4 0.198463 0.237902 0.131731 0.032012 0.399892
1 4 0.119749 0.308736 0.283423 0.041937 0.246155
4 4 0.231606 0.194569 0.084196 0.024696 0.464933
4 4 0.246099 0.172559 0.064863 0.019814 0.496664
4 4 0.239098 0.183902 0.075576 0.024029 0.477395
4 4 0.213273 0.219421 0.109772 0.029389 0.428144
4 4 0.144362 0.292549 0.228657 0.039276 0.295156
4 4 0.213616 0.219210 0.108143 0.027761 0.431271
4 4 0.215362 0.216016 0.109345 0.032935 0.426342
4 4 0.206665 0.225713 0.123715 0.038319 0.405588
2 4 0.059904 0.312097 0.458892 0.044078 0.125029
1 4 0.122356 0.297128 0.281728 0.055948 0.242841
2 4 0.057600 0.304756 0.468825 0.050501 0.118318
2 4 0.056069 0.296030 0.475161 0.059908 0.112833
2 4 0.044013 0.274516 0.541868 0.049598 0.090005
2 4 0.062486 0.294317 0.451408 0.068153 0.123636
2 4 0.058819 0.305222 0.464339 0.050954 0.120666
2 4 0.039693 0.231515 0.596013 0.053846 0.078933
2 4 0.054544 0.296277 0.480973 0.057980 0.110226
2 4 0.072893 0.319153 0.413141 0.042471 0.152343
2 2 0.056091 0.301469 0.474820 0.053061 0.114559
2 2 0.052733 0.296485 0.487961 0.055708 0.107113
2 2 0.077653 0.324269 0.395838 0.038061 0.164179
2 2 0.046102 0.296355 0.514481 0.047540 0.095522
2 2 0.048673 0.296581 0.504015 0.050678 0.100052
2 2 0.073885 0.316168 0.411057 0.045963 0.152928
2 2 0.084762 0.318986 0.376551 0.043886 0.175816
2 2 0.087479 0.322607 0.366761 0.039732 0.183421
1 2 0.111037 0.309958 0.306165 0.046325 0.226515
2 2 0.045123 0.296205 0.518531 0.046356 0.093785
2 2 0.095648 0.324705 0.341426 0.035907 0.202314
2 2 0.076514 0.314903 0.403169 0.047969 0.157446
2 2 0.099153 0.320857 0.333597 0.038907 0.207486
4 2 0.174561 0.261640 0.174276 0.041836 0.347687
0 2 0.304217 0.248305 0.138173 0.107499 0.201806
2 2 0.086037 0.295816 0.376090 0.074796 0.167261
2 2 0.079479 0.324098 0.390262 0.038384 0.167777
2 2 0.055181 0.296182 0.478538 0.058783 0.111316
2 2 0.052492 0.285753 0.497956 0.058142 0.105657
2 2 0.043042 0.206258 0.600429 0.068161 0.082110
2 2 0.034632 0.151823 0.676886 0.073288 0.063371
2 2 0.043755 0.229161 0.580127 0.061462 0.085495
2 2 0.030698 0.163120 0.689812 0.058110 0.058261
2 2 0.018421 0.124577 0.781581 0.039850 0.035572
2 2 0.029233 0.130612 0.717698 0.069477 0.052981
2 2 0.026553 0.164451 0.709593 0.047722 0.051681
2 2 0.023759 0.162112 0.725305 0.041904 0.046919
2 2 0.021850 0.122532 0.763843 0.050909 0.040867
2 3 0.021295 0.094890 0.776386 0.069899 0.037530
2 3 0.029558 0.165058 0.694159 0.054626 0.056599
2 3 0.017031 0.093795 0.809555 0.048495 0.031124
2 3 0.012801 0.093181 0.836318 0.033210 0.024490
2 3 0.022872 0.143465 0.743952 0.045599 0.044112
2 3 0.021089 0.102537 0.761789 0.076890 0.037696
2 3 0.025163 0.140304 0.734038 0.052968 0.047528
2 3 0.013076 0.053484 0.789986 0.122053 0.021400
2 3 0.021059 0.107069 0.777553 0.055957 0.038363
2 3 0.015072 0.065969 0.811679 0.081681 0.025599
2 3 0.023057 0.086949 0.664023 0.187513 0.038458
2 3 0.031817 0.110096 0.608844 0.195678 0.053566
2 3 0.020983 0.083505 0.726426 0.133676 0.035409
2 3 0.015567 0.062288 0.693557 0.203202 0.025386
2 3 0.026455 0.108373 0.713417 0.105649 0.046105
2 3 0.025559 0.089469 0.616809 0.225976 0.042186
2 3 0.016447 0.052037 0.568565 0.337492 0.025460
2 3 0.020363 0.069545 0.595691 0.281731 0.032670
3 3 0.027483 0.078073 0.380837 0.470102 0.043505
2 3 0.033984 0.103023 0.507234 0.300167 0.055592
3 3 0.023644 0.069414 0.404868 0.464906 0.037168
3 3 0.021125 0.064318 0.398915 0.482499 0.033143
3 3 0.016850 0.055678 0.363534 0.537520 0.026417
3 3 0.021004 0.065339 0.289960 0.591928 0.031769
3 3 0.022873 0.067132 0.304987 0.571981 0.033026
3 3 0.025459 0.065278 0.195493 0.684497 0.029272
3 3 0.027420 0.067308 0.161288 0.713984 0.030001
3 3 0.029317 0.071622 0.167768 0.698328 0.032964
3 3 0.025871 0.060085 0.154221 0.734779 0.025045
3 3 0.028333 0.066414 0.155176 0.720968 0.029108
3 3 0.026773 0.071830 0.231695 0.635098 0.034604
3 3 0.020518 0.045494 0.114687 0.802960 0.016341
3 3 0.021985 0.057138 0.149326 0.747858 0.023693
3 3 0.019685 0.045486 0.117774 0.800583 0.016471
3 3 0.014425 0.034292 0.097773 0.842554 0.010956
3 3 0.020259 0.048824 0.127306 0.785166 0.018445
3 3 0.019405 0.043487 0.111794 0.809991 0.015323
3 3 0.016308 0.040183 0.112292 0.817313 0.013904
3 3 0.016747 0.035858 0.094368 0.841569 0.011457
3 3 0.017000 0.037951 0.101056 0.831449 0.012545
3 3 0.022520 0.054121 0.136702 0.765167 0.021489
3 3 0.014923 0.030565 0.081545 0.863952 0.009015
3 3 0.013580 0.026446 0.070901 0.881822 0.007251
3 3 0.019713 0.045756 0.118624 0.799276 0.016631
3 3 0.016170 0.034646 0.092065 0.846219 0.010900
3 3 0.019601 0.042882 0.108959 0.813617 0.014941
3 3 0.018694 0.042324 0.110363 0.813864 0.014755
3 3 0.015087 0.032993 0.090021 0.851705 0.010194
3 3 0.014340 0.027382 0.071820 0.878864 0.007594
3 3 0.017252 0.035784 0.092295 0.843315 0.011354
3 3 0.012807 0.024951 0.067924 0.887648 0.006670
3 3 0.015220 0.035696 0.099796 0.837705 0.011584
3 3 0.011555 0.021526 0.059096 0.902467 0.005357
3 3 0.014598 0.030235 0.081491 0.864782 0.008893
3 3 0.014306 0.027821 0.073543 0.876534 0.007796
3 3 0.017436 0.039472 0.104923 0.824847 0.013322
3 3 0.015494 0.029440 0.075525 0.871120 0.008421
3 3 0.024084 0.050368 0.118764 0.788008 0.018775
3 3 0.014369 0.028951 0.077515 0.870853 0.008311
3 3 0.014704 0.028041 0.073031 0.876367 0.007856
3 3 0.010645 0.017286 0.045812 0.922432 0.003825
3 3 0.013911 0.026344 0.069413 0.883159 0.007173
3 3 0.019157 0.042059 0.107692 0.816561 0.014532
3 3 0.013509 0.026510 0.071388 0.881307 0.007286
3 3 0.014096 0.029697 0.081322 0.866191 0.008694
3 3 0.014031 0.025856 0.067246 0.885919 0.006948
3 3 0.014169 0.028562 0.076770 0.872348 0.008151
3 3 0.015439 0.028508 0.072379 0.875677 0.007997
3 3 0.014455 0.026518 0.068315 0.883512 0.007199
3 3 0.014212 0.031947 0.089514 0.854546 0.009781
3 3 0.011995 0.021051 0.055885 0.905935 0.005133
3 3 0.013530 0.026396 0.070885 0.881955 0.007233
3 3 0.012724 0.022589 0.059351 0.899647 0.005688
3 3 0.012269 0.021481 0.056645 0.904325 0.005281
3 3 0.015473 0.032837 0.087972 0.853652 0.010066
3 3 0.012519 0.022211 0.058583 0.901134 0.005552
3 3 0.012718 0.026351 0.073642 0.879991 0.007297
3 3 0.009722 0.016401 0.045162 0.925141 0.003575
3 3 0.013138 0.025411 0.068529 0.886084 0.006838
3 3 0.010387 0.018557 0.051453 0.915300 0.004304
3 3 0.010847 0.021244 0.060473 0.902129 0.005305
3 3 0.010879 0.020340 0.056780 0.907056 0.004944
3 3 0.011299 0.022074 0.062123 0.898903 0.005601
3 3 0.010654 0.021029 0.060325 0.902756 0.005236
3 3 0.011384 0.019918 0.053513 0.910444 0.004742
3 3 0.012113 0.020071 0.051926 0.911142 0.004747
3 3 0.012132 0.022567 0.061153 0.898420 0.005729
3 3 0.012387 0.023867 0.065245 0.892254 0.006247
3 3 0.012402 0.020235 0.051713 0.910862 0.004789
3 3 0.010329 0.016324 0.043106 0.926732 0.003510
3 3 0.012208 0.024792 0.069468 0.886871 0.006661
3 3 0.012752 0.019469 0.048092 0.915209 0.004479
3 3 0.012012 0.025320 0.072306 0.883449 0.006913
3 3 0.010600 0.018378 0.050084 0.916716 0.004222
3 3 0.011897 0.023768 0.066609 0.891474 0.006251
3 3 0.009510 0.015337 0.041685 0.930243 0.003225
3 3 0.010165 0.018417 0.051641 0.915509 0.004269
3 3 0.012243 0.018357 0.045473 0.919820 0.004107
3 3 0.012290 0.025080 0.070290 0.885561 0.006778
3 3 0.009720 0.016705 0.046354 0.923539 0.003681
3 3 0.012770 0.022923 0.060438 0.898048 0.005820
3 3 0.011699 0.023240 0.065260 0.893753 0.006047
3 3 0.011367 0.022179 0.062293 0.898523 0.005638
3 3 0.012094 0.024173 0.067472 0.889856 0.006405
3 3 0.010867 0.021067 0.059697 0.903137 0.005233
3 3 0.013402 0.029242 0.082261 0.866537 0.008558
3 3 0.021076 0.050299 0.129213 0.780172 0.019240
3 3 0.021468 0.052133 0.134032 0.772002 0.020366
3 3 0.015328 0.043168 0.156938 0.768570 0.015996
3 3 0.015905 0.043931 0.165852 0.757916 0.016397
2 3 0.020348 0.058341 0.521548 0.368361 0.031403
2 1 0.047011 0.259846 0.541762 0.057549 0.093832
2 1 0.047013 0.130974 0.418851 0.325266 0.077897
2 1 0.021769 0.101184 0.761909 0.076474 0.038664
2 1 0.041033 0.173389 0.627447 0.082713 0.075418
2 1 0.053887 0.235712 0.531430 0.076174 0.102797
2 1 0.052508 0.275988 0.506137 0.060607 0.104761
2 1 0.034513 0.230785 0.619282 0.045328 0.070093
2 1 0.074335 0.265897 0.426527 0.093377 0.139864
2 1 0.078411 0.312022 0.398038 0.051716 0.159813
2 1 0.054088 0.297962 0.482663 0.055357 0.109931
2 1 0.056816 0.298217 0.472340 0.057805 0.114822
2 1 0.051264 0.267768 0.517729 0.061442 0.101797
2 1 0.043658 0.263200 0.552947 0.051780 0.088416
2 1 0.060284 0.311269 0.457801 0.045217 0.125429
2 1 0.041494 0.295317 0.533898 0.042010 0.087281
2 1 0.039401 0.229527 0.598895 0.053906 0.078271
2 1 0.091434 0.308172 0.360312 0.056467 0.183615
2 1 0.058834 0.300453 0.464802 0.056792 0.119119
2 1 0.083935 0.319226 0.378934 0.043643 0.174263
2 1 0.070265 0.308008 0.424647 0.054428 0.142651
2 1 0.061652 0.307990 0.453796 0.049801 0.126761
2 1 0.031301 0.198939 0.659945 0.047618 0.062196
2 1 0.050410 0.274254 0.515915 0.058442 0.100979
2 1 0.039152 0.219792 0.607749 0.056302 0.077005
2 1 0.049439 0.296604 0.500946 0.051620 0.101392
2 1 0.023677 0.140466 0.741839 0.048842 0.045177
2 1 0.037068 0.222650 0.614737 0.051777 0.073768
2 1 0.027887 0.182963 0.688738 0.045126 0.055285
2 1 0.022507 0.147182 0.743108 0.043408 0.043795
2 1 0.019573 0.112408 0.783274 0.048238 0.036508
2 1 0.035245 0.225920 0.620127 0.047750 0.070959
2 1 0.032838 0.184947 0.663585 0.055037 0.063593
2 1 0.022445 0.157910 0.735180 0.040016 0.044450
2 1 0.030692 0.215984 0.648685 0.042189 0.062450
2 1 0.047702 0.298983 0.507558 0.046722 0.099035
2 1 0.044950 0.298649 0.518752 0.043506 0.094143
2 1 0.076837 0.316219 0.401751 0.046516 0.158677
0 0 0.520543 0.191421 0.063989 0.088133 0.135914
0 0 0.586111 0.137999 0.033854 0.059053 0.182983
0 0 0.678929 0.114100 0.026508 0.104090 0.076373
0 0 0.537086 0.178567 0.058185 0.098930 0.127232
0 0 0.711795 0.102995 0.021813 0.096410 0.066988
2 0 0.059354 0.295283 0.462866 0.064102 0.118395
2 1 0.046567 0.264275 0.539963 0.055710 0.093487
2 1 0.034601 0.198687 0.644861 0.054203 0.067648
2 1 0.060107 0.300363 0.460189 0.057977 0.121364
2 1 0.066415 0.304629 0.437873 0.056830 0.134253
2 1 0.056530 0.285719 0.481851 0.063338 0.112562
2 1 0.049489 0.296605 0.500744 0.051682 0.101480
2 1 0.073203 0.299353 0.415522 0.067176 0.144746
4 1 0.197165 0.237731 0.136667 0.037292 0.391146
1 4 0.115724 0.312705 0.291969 0.039861 0.239741
4 4 0.150053 0.288752 0.216322 0.037314 0.307558
4 4 0.223075 0.205707 0.100209 0.033878 0.437131
4 4 0.248864 0.167017 0.059501 0.017126 0.507492
1 4 0.132176 0.287562 0.260696 0.061348 0.258219
4 4 0.204174 0.231758 0.120476 0.027539 0.416052
1 4 0.285433 0.299090 0.175913 0.078766 0.160799
2 4 0.079618 0.300443 0.395484 0.067353 0.157102
4 4 0.170926 0.231323 0.181915 0.105422 0.310414
2 4 0.093172 0.244470 0.326349 0.170002 0.166008
2 4 0.056018 0.313571 0.472167 0.039811 0.118433
2 4 0.076645 0.294535 0.404078 0.075492 0.149249
1 4 0.117980 0.300597 0.291607 0.054396 0.235420
