0 0 0.493654 0.200929 0.136937 0.028052 0.140428
0 0 0.668693 0.125752 0.058553 0.012080 0.134922
0 0 0.278028 0.252579 0.198603 0.070923 0.199867
4 1 0.054133 0.088085 0.070383 0.005460 0.781939
4 1 0.068917 0.108469 0.083916 0.009396 0.729303
4 1 0.074214 0.115563 0.088481 0.011147 0.710594
4 1 0.085956 0.130917 0.098108 0.015776 0.669242
4 1 0.092237 0.140657 0.108501 0.018566 0.640038
4 1 0.076011 0.117945 0.089997 0.011787 0.704260
4 1 0.072367 0.113101 0.086905 0.010514 0.717114
4 1 0.063648 0.101305 0.079232 0.007839 0.747976
4 1 0.073896 0.116812 0.093671 0.010901 0.704721
4 1 0.103592 0.153050 0.111359 0.025041 0.606958
4 1 0.073149 0.114145 0.087574 0.010779 0.714352
4 4 0.065708 0.104119 0.081081 0.008427 0.740665
4 4 0.050149 0.082433 0.066517 0.004615 0.796285
4 4 0.075039 0.116658 0.089179 0.011438 0.707686
4 4 0.117277 0.170024 0.123273 0.033073 0.556353
4 4 0.094623 0.141932 0.104798 0.019942 0.638704
4 4 0.086537 0.133901 0.105790 0.015835 0.657937
4 1 0.112719 0.164065 0.117655 0.031194 0.574368
4 1 0.090882 0.137210 0.101953 0.018058 0.651896
4 1 0.094204 0.141407 0.104483 0.019725 0.640181
4 1 0.084935 0.129602 0.097297 0.015329 0.672838
4 1 0.085168 0.131152 0.101474 0.015318 0.666887
4 1 0.096325 0.152647 0.135618 0.020186 0.595225
4 1 0.082488 0.129135 0.104161 0.014063 0.670153
4 1 0.087119 0.140061 0.125494 0.015698 0.631628
4 1 0.160087 0.233624 0.230469 0.045852 0.329968
4 1 0.081289 0.124874 0.094361 0.013806 0.685671
2 1 0.147854 0.240997 0.411715 0.037567 0.161867
4 1 0.101402 0.166994 0.172378 0.022848 0.536377
2 2 0.096711 0.190036 0.612837 0.026112 0.074305
2 2 0.103254 0.181645 0.666704 0.024071 0.024326
2 2 0.065992 0.127462 0.784554 0.012920 0.009072
2 2 0.065555 0.117265 0.784706 0.021048 0.011426
2 2 0.029978 0.062697 0.896774 0.007606 0.002944
2 2 0.041264 0.071255 0.832700 0.043472 0.011309
2 2 0.050187 0.096008 0.837592 0.010581 0.005631
2 3 0.036541 0.071850 0.878272 0.009481 0.003856
2 3 0.050564 0.091029 0.829895 0.020162 0.008349
2 3 0.056335 0.098120 0.801873 0.031212 0.012461
2 3 0.037974 0.070827 0.864243 0.020392 0.006564
2 3 0.049040 0.070994 0.636555 0.204945 0.038466
2 3 0.087275 0.144560 0.705731 0.039513 0.022921
2 3 0.054520 0.088005 0.754294 0.080630 0.022552
3 3 0.050627 0.066987 0.385841 0.413932 0.082612
2 3 0.051855 0.069408 0.442178 0.365326 0.071233
3 3 0.040621 0.049441 0.303636 0.524019 0.082282
3 3 0.040616 0.053188 0.380239 0.454873 0.071084
3 3 0.046313 0.059096 0.341540 0.467739 0.085311
2 3 0.061631 0.086073 0.523374 0.265739 0.063183
3 3 0.035805 0.043456 0.305695 0.541190 0.073854
3 3 0.043772 0.055009 0.330091 0.487846 0.083281
3 3 0.053367 0.067593 0.325873 0.455154 0.098013
3 3 0.042451 0.051722 0.302695 0.517693 0.085439
2 3 0.086390 0.114150 0.356125 0.321736 0.121600
2 3 0.069044 0.094046 0.434026 0.315021 0.087863
3 3 0.045260 0.060573 0.389108 0.428115 0.076943
3 3 0.038585 0.046909 0.304585 0.531180 0.078742
3 3 0.061627 0.075760 0.289117 0.456345 0.117150
3 3 0.062279 0.076583 0.288563 0.454385 0.118190
3 3 0.029624 0.035805 0.307238 0.564585 0.062748
3 3 0.031711 0.038384 0.306879 0.556490 0.066537
3 3 0.040557 0.049363 0.303667 0.524240 0.082173
3 3 0.064297 0.079127 0.286820 0.448368 0.121388
3 3 0.046892 0.057264 0.300106 0.502741 0.092996
3 3 0.032560 0.039435 0.306683 0.553254 0.068068
3 3 0.047169 0.057611 0.299932 0.501826 0.093463
3 3 0.035660 0.043277 0.305747 0.541718 0.073599
3 3 0.027994 0.033794 0.307386 0.571068 0.059759
3 3 0.023035 0.027693 0.306957 0.591826 0.050489
3 3 0.032185 0.038971 0.306773 0.554678 0.067393
3 3 0.030852 0.037323 0.307049 0.559793 0.064983
3 3 0.023042 0.027701 0.306959 0.591798 0.050501
3 3 0.026792 0.032312 0.307411 0.575948 0.057537
3 3 0.028144 0.033978 0.307377 0.570466 0.060035
3 3 0.042363 0.051611 0.302743 0.517997 0.085287
3 3 0.028350 0.034233 0.307364 0.569639 0.060414
3 3 0.032038 0.038788 0.306807 0.555241 0.067126
3 3 0.042853 0.052223 0.302478 0.516316 0.086129
3 3 0.030203 0.036521 0.307157 0.562315 0.063804
3 3 0.051408 0.062917 0.297088 0.488044 0.100544
3 3 0.030213 0.036532 0.307156 0.562279 0.063821
3 3 0.027223 0.032843 0.307410 0.574187 0.058336
3 3 0.032295 0.039107 0.306747 0.554261 0.067590
3 3 0.036137 0.043868 0.305575 0.539978 0.074442
3 3 0.035943 0.043628 0.305645 0.540685 0.074099
3 3 0.044809 0.054663 0.301372 0.509688 0.089469
3 3 0.044151 0.053842 0.301753 0.511905 0.088349
3 3 0.028997 0.035032 0.307310 0.567059 0.061602
3 3 0.039335 0.047842 0.304248 0.528525 0.080051
2 3 0.054482 0.074882 0.439175 0.354726 0.076734
2 3 0.067886 0.101909 0.653312 0.136317 0.040576
2 3 0.048988 0.070308 0.609868 0.228481 0.042354
2 3 0.055302 0.088646 0.759355 0.075313 0.021385
3 3 0.036815 0.044720 0.305526 0.537331 0.075609
2 3 0.055427 0.074946 0.484785 0.319376 0.065466
3 3 0.043255 0.054355 0.330618 0.489360 0.082412
3 3 0.046563 0.061534 0.390247 0.424793 0.076863
2 3 0.042415 0.068050 0.789770 0.082537 0.017228
2 3 0.054811 0.082076 0.636469 0.184713 0.041930
3 3 0.048230 0.060978 0.330520 0.470410 0.089862
3 3 0.044792 0.055808 0.320844 0.492284 0.086273
2 3 0.051091 0.069860 0.441624 0.364735 0.072691
3 3 0.050306 0.066278 0.372745 0.425390 0.085281
3 3 0.039853 0.052190 0.391565 0.448738 0.067653
3 3 0.044269 0.054458 0.309609 0.504410 0.087253
3 3 0.024329 0.029281 0.307213 0.586243 0.052934
3 3 0.031733 0.038412 0.306874 0.556402 0.066578
3 3 0.043364 0.052859 0.302197 0.514576 0.087004
3 3 0.046423 0.057295 0.310260 0.495504 0.090519
3 3 0.035193 0.042697 0.305908 0.543430 0.072771
3 3 0.038588 0.046912 0.304583 0.531169 0.078747
3 3 0.041386 0.050394 0.303252 0.521362 0.083605
3 3 0.035709 0.043337 0.305729 0.541540 0.073685
3 3 0.033622 0.040750 0.306399 0.549256 0.069972
3 3 0.035343 0.042883 0.305857 0.542879 0.073037
3 3 0.039787 0.048404 0.304037 0.526934 0.080837
3 3 0.028500 0.034417 0.307353 0.569040 0.060689
3 3 0.028519 0.034441 0.307352 0.568963 0.060725
3 3 0.037459 0.045509 0.305062 0.535201 0.076770
2 3 0.056368 0.077285 0.403586 0.375258 0.087503
3 3 0.053065 0.064994 0.295895 0.482767 0.103279
3 3 0.025623 0.030873 0.307361 0.580782 0.055361
3 3 0.022882 0.027505 0.306919 0.592497 0.050198
3 3 0.038788 0.047161 0.304495 0.530460 0.079096
3 3 0.039248 0.047734 0.304287 0.528831 0.079900
3 3 0.028530 0.034455 0.307351 0.568918 0.060745
3 3 0.028387 0.034279 0.307362 0.569490 0.060483
3 3 0.032644 0.039539 0.306662 0.552937 0.068218
3 3 0.031168 0.037713 0.306990 0.558574 0.065555
3 3 0.045891 0.056013 0.300725 0.506066 0.091305
3 3 0.029064 0.035113 0.307303 0.566797 0.061723
3 3 0.022562 0.027111 0.306834 0.593905 0.049588
3 3 0.024943 0.030037 0.307296 0.583636 0.054088
3 3 0.027712 0.033446 0.307398 0.572203 0.059240
3 3 0.038223 0.046458 0.304742 0.532468 0.078109
3 3 0.025317 0.030496 0.307335 0.582063 0.054788
3 3 0.033980 0.041194 0.306295 0.547919 0.070612
3 3 0.028351 0.034234 0.307364 0.569635 0.060416
3 3 0.028077 0.033895 0.307381 0.570736 0.059911
3 3 0.027576 0.033279 0.307403 0.572754 0.058988
3 3 0.022315 0.026809 0.306764 0.594994 0.049118
3 3 0.029242 0.035333 0.307284 0.566091 0.062050
3 3 0.023182 0.027873 0.306992 0.591186 0.050767
3 3 0.039130 0.047587 0.304341 0.529249 0.079693
3 3 0.028787 0.034772 0.307330 0.567894 0.061217
3 3 0.043902 0.053530 0.301895 0.512750 0.087923
3 3 0.025037 0.030152 0.307307 0.583242 0.054263
3 3 0.043610 0.053167 0.302060 0.513738 0.087425
3 3 0.027526 0.033216 0.307404 0.572958 0.058895
3 3 0.028286 0.034154 0.307369 0.569895 0.060296
3 3 0.045185 0.055131 0.301150 0.508427 0.090107
3 3 0.058403 0.076251 0.365984 0.404562 0.094800
2 3 0.179440 0.257129 0.452509 0.047162 0.063761
2 3 0.054086 0.088916 0.761907 0.073682 0.021410
2 3 0.061633 0.114178 0.796803 0.017542 0.009844
2 2 0.134737 0.212211 0.594179 0.029554 0.029319
2 1 0.218056 0.260096 0.440345 0.035740 0.045762
2 1 0.320691 0.255933 0.328894 0.037252 0.057229
2 1 0.194325 0.261916 0.454170 0.040206 0.049384
2 1 0.113635 0.203879 0.593907 0.020568 0.068010
2 2 0.046270 0.099487 0.827596 0.014693 0.011954
4 2 0.094015 0.167308 0.217719 0.018831 0.502127
2 2 0.164693 0.251380 0.364207 0.035744 0.183976
2 2 0.139068 0.228230 0.529753 0.026609 0.076340
2 2 0.051562 0.103733 0.794172 0.033946 0.016587
2 2 0.094625 0.186392 0.624512 0.019865 0.074607
2 2 0.090720 0.185019 0.605504 0.019889 0.098867
2 2 0.108080 0.202192 0.373216 0.026162 0.290351
4 2 0.095625 0.175675 0.258742 0.020317 0.449640
4 2 0.098827 0.187756 0.322248 0.024287 0.366883
2 2 0.196815 0.268985 0.288743 0.056450 0.189008
2 2 0.245990 0.275531 0.310796 0.068304 0.099379
2 2 0.134160 0.223604 0.543506 0.025516 0.073215
2 2 0.085220 0.150559 0.739975 0.013451 0.010796
2 2 0.203126 0.264140 0.418566 0.050517 0.063651
2 2 0.281364 0.265363 0.341905 0.045115 0.066253
0 2 0.372212 0.250821 0.249448 0.046820 0.080698
0 2 0.722506 0.135039 0.086288 0.015039 0.041128
0 2 0.431429 0.235465 0.215458 0.041066 0.076582
2 2 0.262599 0.267320 0.359528 0.045640 0.064912
0 2 0.344131 0.255079 0.291499 0.041749 0.067543
2 2 0.292619 0.263930 0.331836 0.044717 0.066898
0 1 0.659777 0.159737 0.112069 0.019611 0.048806
0 1 0.382466 0.246928 0.263452 0.039539 0.067615
2 1 0.206562 0.273851 0.396791 0.053409 0.069386
2 1 0.149703 0.223660 0.567821 0.028707 0.030109
2 1 0.225908 0.266139 0.410870 0.041892 0.055191
2 1 0.226304 0.272789 0.376331 0.050022 0.074555
2 1 0.176184 0.248114 0.497285 0.036412 0.042005
2 1 0.150470 0.230964 0.542767 0.029464 0.046334
2 1 0.128847 0.199849 0.630072 0.020926 0.020307
2 1 0.110910 0.178187 0.680973 0.015714 0.014216
2 2 0.071207 0.129132 0.783937 0.008993 0.006731
2 2 0.051875 0.101679 0.836456 0.006013 0.003978
2 2 0.085059 0.147633 0.746541 0.011506 0.009261
2 2 0.074664 0.133183 0.775904 0.009213 0.007036
2 2 0.083171 0.147444 0.746586 0.012702 0.010097
2 2 0.149351 0.231896 0.535183 0.034156 0.049414
2 2 0.060756 0.116447 0.808600 0.008350 0.005848
2 2 0.080995 0.147753 0.744988 0.014732 0.011532
2 2 0.078260 0.144830 0.750815 0.014736 0.011359
2 2 0.082838 0.150573 0.738875 0.015483 0.012231
2 2 0.082090 0.149230 0.741867 0.015002 0.011811
2 2 0.052328 0.103870 0.832438 0.006840 0.004523
2 2 0.061616 0.118786 0.796449 0.014179 0.008970
2 2 0.057374 0.112312 0.816470 0.008223 0.005622
2 2 0.049452 0.093807 0.835698 0.014213 0.006829
2 2 0.104147 0.178620 0.676019 0.021996 0.019218
2 2 0.069309 0.133615 0.772300 0.014386 0.010391
2 2 0.057137 0.109588 0.811913 0.013501 0.007862
2 2 0.120019 0.205875 0.601905 0.027783 0.044417
2 2 0.048221 0.084220 0.811639 0.042497 0.013423
2 3 0.074750 0.136300 0.760396 0.016912 0.011641
2 3 0.059871 0.112893 0.795400 0.020685 0.011151
2 3 0.160094 0.239477 0.512698 0.041867 0.045864
0 3 0.380448 0.244758 0.282877 0.034366 0.057551
0 2 0.331303 0.252544 0.327863 0.034613 0.053677
0 2 0.530609 0.197253 0.221365 0.017194 0.033580
0 0 0.865792 0.068852 0.025828 0.007953 0.031575
0 0 0.313908 0.257593 0.215662 0.070368 0.142469
2 0 0.164781 0.248260 0.477142 0.034553 0.075264
2 1 0.178192 0.253821 0.473650 0.038341 0.055995
2 1 0.156943 0.232589 0.540697 0.033575 0.036196
2 1 0.273921 0.269568 0.324748 0.053152 0.078611
2 1 0.244015 0.273894 0.328469 0.055393 0.098229
2 0 0.269745 0.265177 0.360350 0.043072 0.061656
0 0 0.824726 0.090515 0.044793 0.009128 0.030837
2 0 0.205655 0.272887 0.403075 0.051650 0.066733
2 1 0.100994 0.169696 0.698956 0.016277 0.014077
2 1 0.121980 0.198031 0.632330 0.022538 0.025121
2 1 0.147274 0.219727 0.579635 0.026169 0.027196
2 1 0.112303 0.182716 0.669786 0.018447 0.016749
2 2 0.100143 0.168665 0.701229 0.016096 0.013867
2 2 0.049093 0.098028 0.843231 0.005858 0.003791
2 2 0.182754 0.254596 0.474624 0.040327 0.047699
2 2 0.156937 0.225962 0.565474 0.024877 0.026749
2 2 0.126851 0.198700 0.632324 0.021463 0.020661
2 2 0.044720 0.090491 0.856882 0.004861 0.003045
2 2 0.061280 0.114017 0.813174 0.006752 0.004776
2 2 0.043997 0.088716 0.859988 0.004495 0.002804
2 2 0.096440 0.158971 0.723009 0.011652 0.009929
2 2 0.089287 0.153563 0.734108 0.012653 0.010388
2 2 0.056638 0.108180 0.824285 0.006467 0.004430
2 2 0.085699 0.146379 0.749225 0.010332 0.008366
2 2 0.052144 0.101298 0.837087 0.005691 0.003780
2 2 0.063126 0.117097 0.807331 0.007258 0.005188
2 2 0.062542 0.118027 0.805592 0.008095 0.005745
2 2 0.039738 0.072544 0.857276 0.023128 0.007315
2 2 0.064437 0.122361 0.797078 0.009397 0.006727
2 2 0.062372 0.113581 0.813734 0.006012 0.004301
2 2 0.261651 0.244385 0.434347 0.025426 0.034192
0 2 0.552208 0.197677 0.173521 0.024630 0.051964
0 2 0.575002 0.190272 0.142082 0.028491 0.064154
2 2 0.282500 0.269018 0.309697 0.055280 0.083506
2 2 0.146787 0.219433 0.580252 0.026272 0.027256
2 2 0.092914 0.162696 0.713146 0.017063 0.014181
2 2 0.085421 0.151000 0.739001 0.013630 0.010948
2 2 0.096352 0.161374 0.717687 0.013295 0.011292
2 2 0.083169 0.147611 0.746203 0.012825 0.010192
2 2 0.107325 0.179464 0.676004 0.019712 0.017495
2 2 0.070289 0.132418 0.776792 0.011789 0.008711
2 2 0.105988 0.177642 0.680298 0.019161 0.016911
2 2 0.056276 0.109060 0.817089 0.010890 0.006685
2 2 0.066046 0.127400 0.786589 0.011612 0.008353
2 2 0.050465 0.101927 0.832609 0.009337 0.005662
2 2 0.090952 0.165189 0.698535 0.025276 0.020048
2 2 0.156234 0.233624 0.535016 0.036176 0.038951
0 2 0.769962 0.115535 0.073294 0.010553 0.030656
0 0 0.951905 0.028270 0.008816 0.001714 0.009295
2 0 0.255016 0.274195 0.309064 0.065445 0.096279
0 0 0.936894 0.035023 0.011575 0.002013 0.014495
0 0 0.783490 0.104130 0.045274 0.015510 0.051596
2 1 0.212753 0.279243 0.317774 0.078653 0.111576
4 1 0.113000 0.191720 0.233975 0.030782 0.430523
2 2 0.157044 0.244985 0.338355 0.041782 0.217835
2 2 0.145014 0.238252 0.462876 0.037166 0.116692
4 2 0.093871 0.152732 0.146474 0.018736 0.588187
4 2 0.133112 0.220457 0.300514 0.034774 0.311142
4 4 0.096820 0.144682 0.106439 0.021112 0.630948
4 4 0.118074 0.190901 0.207969 0.027494 0.455563
4 4 0.070716 0.110890 0.085483 0.009969 0.722943
4 4 0.109032 0.161311 0.123023 0.024693 0.581942
4 4 0.104001 0.153550 0.111649 0.025295 0.605504
4 4 0.095746 0.151121 0.132189 0.019921 0.601023
4 4 0.136989 0.207625 0.203130 0.033781 0.418476
2 4 0.220892 0.266899 0.391428 0.049402 0.071379
2 4 0.126678 0.220885 0.361024 0.036078 0.255335
1 4 0.250572 0.252884 0.227438 0.047900 0.221205
2 1 0.194672 0.268155 0.408166 0.055136 0.073871
4 1 0.108628 0.182728 0.210055 0.027959 0.470630
4 1 0.109259 0.182658 0.206072 0.028354 0.473657
4 1 0.100200 0.175430 0.222645 0.022477 0.479247
2 1 0.110005 0.202593 0.348878 0.028059 0.310465
2 1 0.119066 0.215471 0.397448 0.031392 0.236623
2 1 0.126807 0.222304 0.389603 0.032801 0.228485
4 1 0.108581 0.188981 0.245807 0.028776 0.427855
2 1 0.111955 0.205063 0.580274 0.025528 0.077179
0 0 0.511730 0.211497 0.178747 0.032120 0.065907
0 0 0.407217 0.241508 0.240351 0.039861 0.071061
0 0 0.637078 0.167379 0.139502 0.016864 0.039177
0 0 0.971735 0.017597 0.005001 0.000771 0.004896
0 0 0.648549 0.163656 0.111373 0.021947 0.054476
0 0 0.369568 0.251591 0.239813 0.050759 0.088269
0 0 0.343036 0.257785 0.255456 0.053708 0.090016
0 0 0.390227 0.246433 0.228213 0.048466 0.086661
0 0 0.304716 0.264745 0.299825 0.051164 0.079550
0 0 0.327503 0.259637 0.292618 0.046332 0.073910
0 0 0.376070 0.249736 0.251055 0.045185 0.077954
0 0 0.398586 0.244119 0.238223 0.042877 0.076196
0 0 0.385840 0.246979 0.217423 0.053360 0.096398
0 0 0.306921 0.265299 0.280079 0.057091 0.090610
2 0 0.271804 0.271140 0.310810 0.058643 0.087602
0 0 0.378249 0.249420 0.243558 0.046960 0.081814
2 0 0.256936 0.270640 0.347808 0.051345 0.073272
0 0 0.476089 0.219074 0.229604 0.026121 0.049112
0 0 0.320600 0.257877 0.319128 0.040171 0.062223
0 0 0.829484 0.088071 0.042161 0.009074 0.031210
0 0 0.817045 0.093525 0.045533 0.010078 0.033819
0 0 0.386743 0.227297 0.138878 0.081219 0.165862
2 0 0.169939 0.238580 0.530560 0.028671 0.032251
2 0 0.080022 0.141446 0.759208 0.010831 0.008494
2 1 0.066316 0.122233 0.797450 0.008104 0.005898
2 1 0.138107 0.212892 0.595321 0.026777 0.026902
2 1 0.125567 0.199247 0.629800 0.023189 0.022196
2 1 0.084344 0.148484 0.744519 0.012584 0.010069
2 1 0.103227 0.171106 0.696234 0.015703 0.013729
2 2 0.062899 0.118092 0.805468 0.007910 0.005631
2 2 0.139054 0.211130 0.601932 0.023843 0.024042
2 2 0.085295 0.149013 0.743540 0.012275 0.009877
2 2 0.076551 0.136718 0.768793 0.010133 0.007805
2 2 0.095102 0.159526 0.721673 0.012846 0.010853
2 2 0.065500 0.122336 0.797240 0.008664 0.006260
2 2 0.135007 0.216491 0.580983 0.028718 0.038801
2 2 0.115307 0.192881 0.640981 0.026520 0.024311
2 2 0.082521 0.147487 0.746287 0.013234 0.010472
2 3 0.093907 0.164472 0.708987 0.017788 0.014846
2 3 0.067154 0.126187 0.789567 0.009893 0.007199
2 3 0.069739 0.128024 0.780436 0.012947 0.008854
2 3 0.064470 0.121435 0.798967 0.008809 0.006319
2 3 0.076988 0.140648 0.760303 0.012477 0.009585
2 3 0.042880 0.077350 0.843738 0.027214 0.008817
2 3 0.086243 0.154090 0.731782 0.015452 0.012433
2 3 0.066152 0.090307 0.512247 0.265186 0.066108
2 3 0.042811 0.073885 0.810511 0.057999 0.014794
2 3 0.034444 0.069148 0.883274 0.009406 0.003729
2 3 0.041074 0.079688 0.860002 0.013619 0.005616
2 3 0.044820 0.080925 0.831756 0.031994 0.010504
2 3 0.116429 0.189842 0.625233 0.037499 0.030997
2 3 0.074268 0.119434 0.726934 0.055750 0.023614
3 3 0.043379 0.055386 0.345675 0.475170 0.080390
2 3 0.064646 0.089370 0.481652 0.290523 0.073809
2 3 0.063359 0.094165 0.631280 0.166754 0.044442
2 3 0.054590 0.084337 0.677148 0.148223 0.035702
2 3 0.056709 0.076143 0.419095 0.366678 0.081376
3 3 0.046096 0.057784 0.325070 0.483465 0.087584
2 3 0.049761 0.069695 0.496160 0.322506 0.061878
3 3 0.035123 0.042610 0.305932 0.543689 0.072646
3 3 0.060102 0.075302 0.307619 0.446045 0.110932
3 3 0.032134 0.038908 0.306785 0.554874 0.067300
3 3 0.027963 0.033756 0.307387 0.571192 0.059702
3 3 0.027677 0.033403 0.307400 0.572345 0.059175
3 3 0.040878 0.049762 0.303509 0.523123 0.082728
3 3 0.026439 0.031877 0.307404 0.577400 0.056881
3 3 0.050352 0.061593 0.297825 0.491440 0.098790
3 3 0.028058 0.033873 0.307382 0.570809 0.059877
3 3 0.044114 0.053796 0.301774 0.512030 0.088286
3 3 0.031848 0.038554 0.306849 0.555964 0.066785
3 3 0.023483 0.028242 0.307058 0.589880 0.051337
3 3 0.032554 0.039428 0.306684 0.553277 0.068057
3 3 0.022322 0.026818 0.306766 0.594961 0.049132
3 3 0.031513 0.038139 0.306921 0.557248 0.066179
3 3 0.042960 0.052356 0.302420 0.515953 0.086312
3 3 0.028646 0.034598 0.307342 0.568457 0.060958
3 3 0.024948 0.030042 0.307297 0.583617 0.054097
3 3 0.025601 0.030846 0.307359 0.580874 0.055320
3 3 0.038929 0.047337 0.304432 0.529959 0.079343
3 3 0.025574 0.030813 0.307357 0.580987 0.055269
3 3 0.028580 0.034517 0.307347 0.568720 0.060837
3 3 0.028296 0.034167 0.307368 0.569854 0.060315
3 3 0.026674 0.032166 0.307409 0.576434 0.057317
3 3 0.027047 0.032626 0.307412 0.574907 0.058009
3 3 0.024875 0.029953 0.307288 0.583924 0.053960
3 3 0.028031 0.033840 0.307384 0.570917 0.059828
3 3 0.030847 0.037316 0.307050 0.559815 0.064973
3 3 0.020563 0.024662 0.306125 0.602894 0.045756
3 3 0.036558 0.044390 0.305417 0.538451 0.075184
3 3 0.021404 0.025692 0.306463 0.599066 0.047375
3 3 0.025852 0.031155 0.307377 0.579828 0.055788
3 3 0.027431 0.033100 0.307407 0.573342 0.058720
3 3 0.028574 0.034509 0.307348 0.568745 0.060825
3 3 0.036299 0.044070 0.305514 0.539388 0.074729
3 3 0.022678 0.027254 0.306866 0.593394 0.049809
3 3 0.026926 0.032477 0.307412 0.575401 0.057784
3 3 0.027446 0.033118 0.307406 0.573282 0.058747
3 3 0.028768 0.034749 0.307331 0.567969 0.061182
3 3 0.031614 0.038265 0.306900 0.556859 0.066363
3 3 0.028467 0.034378 0.307356 0.569169 0.060630
3 3 0.021544 0.025864 0.306514 0.598434 0.047644
3 3 0.023166 0.027853 0.306988 0.591256 0.050737
3 3 0.028098 0.033922 0.307380 0.570648 0.059951
3 3 0.021627 0.025966 0.306543 0.598061 0.047803
3 3 0.022510 0.027049 0.306820 0.594131 0.049490
3 3 0.030750 0.037196 0.307067 0.560191 0.064797
3 3 0.027768 0.033514 0.307396 0.571981 0.059341
3 3 0.033052 0.040043 0.306557 0.551398 0.068950
3 3 0.026154 0.031527 0.307393 0.578574 0.056352
3 3 0.022101 0.026546 0.306699 0.595944 0.048710
3 3 0.026254 0.031650 0.307397 0.578161 0.056537
3 3 0.026530 0.031990 0.307406 0.577023 0.057051
3 3 0.022931 0.027564 0.306931 0.592284 0.050290
3 3 0.024494 0.029484 0.307238 0.585540 0.053244
3 3 0.029045 0.035090 0.307305 0.566872 0.061688
3 3 0.038288 0.046540 0.304714 0.532234 0.078224
3 3 0.022865 0.027484 0.306915 0.592571 0.050166
3 3 0.025306 0.030483 0.307334 0.582107 0.054769
3 3 0.023033 0.027689 0.306956 0.591838 0.050484
3 3 0.022756 0.027350 0.306887 0.593048 0.049958
3 3 0.020529 0.024620 0.306110 0.603050 0.045690
3 3 0.028104 0.033929 0.307380 0.570628 0.059960
3 3 0.027535 0.033228 0.307404 0.572920 0.058913
3 3 0.021587 0.025916 0.306529 0.598243 0.047726
3 3 0.019913 0.023866 0.305822 0.605901 0.044498
3 3 0.065859 0.087502 0.352483 0.385509 0.108647
2 3 0.132564 0.213620 0.585247 0.034550 0.034020
0 0 0.377398 0.240373 0.206914 0.056384 0.118931
2 0 0.165797 0.225867 0.550050 0.027907 0.030379
2 0 0.168222 0.247585 0.485478 0.044665 0.054050
2 0 0.139121 0.234226 0.414589 0.036439 0.175626
2 2 0.100472 0.185708 0.650366 0.023065 0.040389
4 2 0.101402 0.165976 0.167821 0.022853 0.541948
4 2 0.118392 0.198752 0.248129 0.029428 0.405299
2 2 0.114580 0.206320 0.327297 0.034293 0.317511
2 2 0.121180 0.210421 0.582615 0.028093 0.057690
4 2 0.107407 0.196803 0.310757 0.030591 0.354443
4 2 0.106395 0.193503 0.294131 0.028888 0.377084
2 2 0.116072 0.212862 0.429302 0.025438 0.216327
4 4 0.061521 0.100321 0.083800 0.007127 0.747231
4 4 0.105595 0.184317 0.244132 0.022928 0.443027
4 4 0.083600 0.139877 0.140561 0.013937 0.622025
4 4 0.095324 0.165447 0.198636 0.019406 0.521187
4 4 0.098315 0.176426 0.242187 0.021628 0.461444
4 4 0.096056 0.166680 0.200693 0.019823 0.516748
4 4 0.074691 0.123082 0.113086 0.010811 0.678330
4 4 0.116485 0.202845 0.284919 0.032077 0.363674
4 4 0.097344 0.164225 0.180617 0.020471 0.537344
4 4 0.057657 0.093026 0.073722 0.006280 0.769316
4 4 0.076440 0.118513 0.090357 0.011943 0.702746
4 4 0.074404 0.115815 0.088642 0.011214 0.709924
4 4 0.134965 0.220730 0.291734 0.033516 0.319055
4 4 0.074026 0.120990 0.107960 0.010658 0.686366
4 4 0.101523 0.171101 0.191258 0.022976 0.513142
4 4 0.102441 0.189844 0.302511 0.026148 0.379056
4 4 0.077323 0.123023 0.102219 0.011998 0.685436
4 4 0.063012 0.100434 0.078657 0.007664 0.750233
2 4 0.165978 0.252729 0.365613 0.038485 0.177194
4 4 0.094141 0.164413 0.200499 0.018776 0.522171
4 4 0.104983 0.179112 0.212554 0.025435 0.477916
4 4 0.075752 0.125078 0.116214 0.011148 0.671807
4 4 0.102200 0.192570 0.328728 0.026909 0.349593
2 4 0.113368 0.211097 0.422431 0.030236 0.222868
2 4 0.173894 0.252307 0.470478 0.045158 0.058163
2 2 0.240516 0.229474 0.452633 0.034419 0.042958
2 1 0.206805 0.274107 0.395043 0.053906 0.070139
2 1 0.147730 0.240692 0.446968 0.037452 0.127158
2 2 0.132083 0.227152 0.500437 0.034567 0.105761
2 2 0.125281 0.218439 0.543895 0.029361 0.083024
2 2 0.133569 0.213359 0.589071 0.031043 0.032958
2 2 0.103486 0.175306 0.685260 0.019198 0.016751
2 0 0.219675 0.242605 0.467056 0.031552 0.039111
0 0 0.420545 0.228629 0.285122 0.024199 0.041505
0 0 0.578657 0.187639 0.170177 0.020189 0.043338
0 0 0.556643 0.195778 0.141060 0.032903 0.073616
0 0 0.378446 0.247145 0.204578 0.060064 0.109767
2 0 0.217758 0.278901 0.322054 0.075691 0.105595
2 0 0.311292 0.252577 0.319810 0.031525 0.084796
2 0 0.306063 0.254732 0.352198 0.034987 0.052021
0 0 0.325779 0.255848 0.321187 0.038071 0.059114
2 0 0.171613 0.247055 0.494987 0.040362 0.045983
2 0 0.118867 0.191572 0.648437 0.021286 0.019838
2 0 0.165375 0.220636 0.558691 0.026611 0.028688
2 0 0.073715 0.134338 0.773453 0.010527 0.007967
2 0 0.059314 0.111309 0.818320 0.006510 0.004546
2 0 0.065535 0.120742 0.800326 0.007766 0.005631
2 1 0.048356 0.094909 0.848715 0.004870 0.003151
2 1 0.070872 0.127861 0.786434 0.008485 0.006349
2 2 0.051932 0.099265 0.840578 0.004936 0.003288
2 2 0.067612 0.122079 0.797626 0.007305 0.005378
2 2 0.082870 0.141283 0.759544 0.009056 0.007247
2 2 0.059292 0.109516 0.821456 0.005723 0.004013
2 2 0.064933 0.117205 0.806844 0.006382 0.004636
2 2 0.063003 0.113873 0.813072 0.005848 0.004205
2 2 0.045012 0.089170 0.858979 0.004193 0.002647
2 2 0.081036 0.139926 0.762347 0.009315 0.007376
2 2 0.069247 0.124209 0.793481 0.007493 0.005570
2 2 0.067604 0.121358 0.798936 0.006966 0.005136
2 2 0.057732 0.109505 0.821770 0.006503 0.004490
2 2 0.065558 0.120212 0.801319 0.007480 0.005430
2 2 0.050995 0.099658 0.840123 0.005561 0.003662
2 2 0.053041 0.101780 0.836087 0.005444 0.003647
2 2 0.109717 0.173732 0.691257 0.013294 0.012001
2 2 0.056051 0.105691 0.828752 0.005641 0.003864
2 2 0.052205 0.100660 0.838174 0.005380 0.003582
2 2 0.053979 0.104815 0.830625 0.006330 0.004251
2 2 0.043448 0.087651 0.861864 0.004340 0.002696
2 2 0.065217 0.117925 0.805518 0.006566 0.004774
2 2 0.050236 0.097455 0.844022 0.005003 0.003285
2 2 0.074234 0.131685 0.778859 0.008633 0.006589
2 2 0.049370 0.097909 0.843409 0.005646 0.003666
2 2 0.078522 0.136479 0.769266 0.008830 0.006904
2 2 0.064728 0.119708 0.801182 0.008434 0.005948
2 3 0.051081 0.099787 0.838828 0.006284 0.004019
2 2 0.127409 0.199136 0.629801 0.022240 0.021414
2 0 0.263124 0.262829 0.379625 0.039313 0.055109
2 0 0.154093 0.238745 0.509688 0.028874 0.068601
2 0 0.166559 0.247146 0.490191 0.031690 0.064415
2 0 0.139983 0.218088 0.579206 0.029782 0.032942
2 0 0.138713 0.217479 0.581226 0.028093 0.034488
2 1 0.133406 0.213757 0.590731 0.024888 0.037217
2 1 0.109602 0.184286 0.663404 0.022535 0.020174
2 1 0.105051 0.177723 0.680667 0.018113 0.018446
2 1 0.073424 0.136134 0.769433 0.011985 0.009024
2 1 0.114554 0.188554 0.655441 0.020480 0.020971
2 1 0.149507 0.227703 0.555820 0.025898 0.041071
2 1 0.122305 0.192935 0.646473 0.019675 0.018612
2 1 0.110763 0.184418 0.663966 0.021499 0.019354
2 1 0.164741 0.240392 0.518605 0.033991 0.042270
2 1 0.122389 0.197465 0.632879 0.024306 0.022962
2 2 0.184815 0.263881 0.415068 0.039173 0.097063
2 2 0.160089 0.243294 0.497521 0.032069 0.067027
2 2 0.169407 0.250493 0.475782 0.032520 0.071798
2 2 0.170350 0.250312 0.479697 0.032350 0.067292
2 2 0.142704 0.223289 0.564291 0.028466 0.041250
2 2 0.066716 0.127102 0.787496 0.010840 0.007846
2 2 0.107174 0.179900 0.674648 0.020289 0.017989
2 2 0.108158 0.178894 0.678082 0.018431 0.016435
2 2 0.151348 0.230144 0.547124 0.029337 0.042047
2 2 0.141956 0.216287 0.587009 0.027113 0.027635
2 2 0.099243 0.166236 0.706931 0.014839 0.012750
2 2 0.213863 0.265505 0.425260 0.039514 0.055858
2 2 0.143974 0.218331 0.581650 0.027649 0.028395
2 2 0.138706 0.212907 0.596786 0.024547 0.027053
2 2 0.084249 0.147782 0.746080 0.012158 0.009731
2 2 0.134113 0.207674 0.609462 0.024504 0.024248
2 2 0.152731 0.225702 0.563200 0.028331 0.030035
0 0 0.372684 0.241690 0.309425 0.029029 0.047171
2 0 0.201339 0.268140 0.429190 0.044783 0.056548
2 0 0.093590 0.159600 0.721183 0.013949 0.011677
2 0 0.133008 0.202638 0.624068 0.020281 0.020005
2 1 0.126541 0.197372 0.636017 0.020424 0.019645
2 1 0.141391 0.209108 0.609121 0.020010 0.020370
2 1 0.141101 0.211394 0.602346 0.022397 0.022761
2 1 0.122657 0.191080 0.651634 0.017772 0.016857
2 1 0.125684 0.194145 0.644544 0.018179 0.017447
2 1 0.126227 0.195634 0.640734 0.019072 0.018334
0 0 0.478899 0.215786 0.239472 0.023011 0.042832
2 0 0.258426 0.264161 0.379934 0.040706 0.056774
0 0 0.767268 0.116011 0.083767 0.008676 0.024277
2 0 0.121313 0.197091 0.633108 0.024989 0.023500
2 0 0.151982 0.226288 0.560265 0.029870 0.031595
2 0 0.048627 0.100227 0.839128 0.007328 0.004689
2 0 0.046739 0.095632 0.842725 0.009509 0.005395
2 2 0.044840 0.093971 0.850681 0.006482 0.004026
2 2 0.089479 0.164424 0.707698 0.018304 0.020095
2 2 0.113683 0.210058 0.541320 0.026728 0.108211
2 2 0.115533 0.212570 0.525703 0.027697 0.118497
4 2 0.115070 0.188041 0.201350 0.032794 0.462745
2 2 0.119924 0.218313 0.433325 0.034982 0.193457
2 2 0.117345 0.210778 0.351329 0.032132 0.288415
2 2 0.125277 0.218926 0.353664 0.035381 0.266752
2 2 0.133103 0.229767 0.413144 0.040032 0.183954
2 2 0.305940 0.243520 0.366267 0.030688 0.053586
2 2 0.153818 0.239756 0.500619 0.039885 0.065922
2 2 0.112504 0.208519 0.554637 0.030668 0.093671
2 4 0.132315 0.224145 0.346006 0.033234 0.264301
4 4 0.114332 0.192205 0.231273 0.029413 0.432777
4 4 0.092718 0.144310 0.119137 0.018558 0.625277
4 4 0.154753 0.215185 0.162866 0.057849 0.409347
4 4 0.132220 0.195016 0.167582 0.032335 0.472847
4 4 0.099985 0.148614 0.108765 0.022886 0.619750
4 4 0.116708 0.177253 0.151580 0.029672 0.524787
2 4 0.192384 0.265712 0.288487 0.050096 0.203321
4 4 0.153824 0.233049 0.250236 0.051918 0.310973
4 4 0.107437 0.177180 0.188919 0.026841 0.499624
4 4 0.069809 0.109671 0.084695 0.009677 0.726148
4 4 0.080317 0.123606 0.093567 0.013417 0.689093
0 4 0.341789 0.257677 0.270425 0.049126 0.080984
0 4 0.436771 0.233900 0.216709 0.039269 0.073351
2 4 0.167866 0.253300 0.339754 0.044497 0.194583
4 4 0.108077 0.167319 0.145965 0.025523 0.553117
4 4 0.111158 0.164431 0.127252 0.024785 0.572373
4 4 0.135661 0.216356 0.257825 0.032751 0.357407
2 1 0.198729 0.269518 0.409541 0.053919 0.068293
2 1 0.207985 0.275327 0.386086 0.056505 0.074097
2 0 0.149500 0.223611 0.567799 0.028851 0.030238
0 0 0.634675 0.162205 0.166516 0.011401 0.025203
2 0 0.162473 0.237832 0.525304 0.035421 0.038971
2 1 0.128088 0.212311 0.587895 0.029406 0.042301
0 1 0.326642 0.258603 0.280584 0.041966 0.092206
0 1 0.521339 0.205746 0.193445 0.026400 0.053070
2 1 0.174179 0.259062 0.390939 0.043110 0.132709
2 1 0.141948 0.231497 0.324823 0.039650 0.262082
2 1 0.121809 0.212629 0.571562 0.028939 0.065060
2 2 0.113195 0.202448 0.602170 0.029691 0.052496
2 2 0.115217 0.201920 0.609332 0.029238 0.044292
2 2 0.069272 0.130505 0.780752 0.011222 0.008249
2 2 0.078920 0.142369 0.756966 0.012236 0.009508
2 2 0.066180 0.123742 0.794473 0.009047 0.006558
2 2 0.073153 0.133201 0.775771 0.010186 0.007689
2 2 0.054458 0.106631 0.827269 0.006962 0.004680
2 2 0.043706 0.089100 0.859410 0.004803 0.002981
2 2 0.058248 0.110553 0.819816 0.006726 0.004657
2 2 0.054698 0.105589 0.829160 0.006298 0.004255
2 2 0.058173 0.110014 0.820799 0.006507 0.004507
2 2 0.073431 0.131147 0.779945 0.008798 0.006679
2 2 0.076203 0.135825 0.770609 0.009813 0.007549
0 0 0.460196 0.217875 0.262025 0.021416 0.038488
0 0 0.400451 0.230143 0.308664 0.022863 0.037879
0 0 0.764980 0.115393 0.092550 0.007278 0.019799
2 0 0.297611 0.263694 0.324505 0.045458 0.068731
0 0 0.687810 0.148971 0.107696 0.015673 0.039849
2 0 0.250068 0.266973 0.378367 0.043865 0.060727
2 0 0.199957 0.269481 0.414611 0.051146 0.064806
2 0 0.156500 0.232256 0.541527 0.033577 0.036140
2 1 0.070144 0.132168 0.777308 0.011724 0.008656
2 1 0.180710 0.252925 0.480081 0.039686 0.046597
2 1 0.089549 0.158454 0.722362 0.016304 0.013332
2 2 0.059808 0.113693 0.813897 0.007421 0.005180
2 2 0.099086 0.165548 0.708539 0.014431 0.012396
2 2 0.083591 0.145974 0.749942 0.011393 0.009100
2 2 0.093487 0.160277 0.719537 0.014542 0.012157
2 2 0.076368 0.134928 0.772419 0.009193 0.007092
2 2 0.081549 0.146835 0.747475 0.013511 0.010630
0 0 0.383512 0.234323 0.285951 0.035917 0.060296
0 0 0.720063 0.135692 0.101397 0.011854 0.030992
0 0 0.759952 0.118936 0.087755 0.008880 0.024476
0 0 0.447366 0.230437 0.220889 0.035301 0.066007
0 0 0.556887 0.189252 0.205815 0.015923 0.032123
0 0 0.522241 0.207965 0.180405 0.029235 0.060153
2 0 0.210483 0.277748 0.363181 0.063559 0.085029
2 0 0.154057 0.245181 0.432877 0.036073 0.131813
0 0 0.321733 0.256461 0.207857 0.077991 0.135958
0 0 0.460625 0.220371 0.252357 0.023665 0.042982
0 0 0.444264 0.228905 0.242697 0.029848 0.054287
0 0 0.866855 0.071975 0.036503 0.005346 0.019321
0 0 0.378786 0.238527 0.184523 0.049131 0.149032
0 0 0.464167 0.224928 0.219811 0.031516 0.059577
0 0 0.307050 0.265212 0.272668 0.058817 0.096254
2 0 0.208794 0.276141 0.379388 0.058506 0.077170
2 0 0.144818 0.232722 0.520112 0.035347 0.067001
2 1 0.144150 0.236504 0.369051 0.037614 0.212681
2 1 0.128353 0.222787 0.347755 0.046591 0.254514
4 4 0.104704 0.156979 0.120296 0.025503 0.592519
4 4 0.088701 0.134435 0.100265 0.017021 0.659578
4 4 0.064307 0.102207 0.079826 0.008024 0.745636
4 4 0.071263 0.111624 0.085955 0.010147 0.721011
4 4 0.100086 0.148738 0.108838 0.022945 0.619393
4 4 0.089749 0.135771 0.101078 0.017514 0.655888
4 4 0.115245 0.167059 0.119329 0.033093 0.565274
4 4 0.149268 0.208425 0.154914 0.055120 0.432273
4 4 0.155158 0.141742 0.096266 0.012650 0.594184
4 4 0.045988 0.076451 0.062368 0.003821 0.811372
4 4 0.175748 0.202614 0.140568 0.048239 0.432831
4 4 0.083964 0.128348 0.096521 0.014913 0.676255
4 4 0.147867 0.157742 0.108071 0.020591 0.565729
4 4 0.144786 0.207154 0.170586 0.039162 0.438312
4 4 0.062297 0.099452 0.078007 0.007469 0.752776
4 4 0.049257 0.081158 0.065638 0.004437 0.799510
4 4 0.063802 0.082759 0.064269 0.003650 0.785520
0 4 0.560179 0.140945 0.071088 0.011585 0.216203
4 4 0.134037 0.195873 0.167810 0.029286 0.472993
4 4 0.193574 0.210425 0.155593 0.041025 0.399382
4 4 0.063997 0.089373 0.069561 0.004850 0.772220
4 4 0.091329 0.137777 0.102296 0.018276 0.650322
4 4 0.103346 0.129355 0.094033 0.012559 0.660706
4 4 0.092457 0.139204 0.103158 0.018835 0.646346
4 4 0.054533 0.088648 0.070766 0.005549 0.780504
4 4 0.068447 0.107835 0.083505 0.009250 0.730964
4 4 0.091305 0.093616 0.068883 0.004049 0.742146
4 4 0.041965 0.070584 0.058241 0.003136 0.826074
4 4 0.126010 0.114136 0.080044 0.006389 0.673423
4 4 0.063411 0.100981 0.079018 0.007774 0.748816
4 4 0.092695 0.139505 0.103340 0.018955 0.645505
4 4 0.087445 0.116706 0.087027 0.009832 0.698990
4 4 0.070428 0.110504 0.085233 0.009876 0.723958
4 4 0.044628 0.073415 0.060083 0.003396 0.818477
0 0 0.290319 0.247662 0.208770 0.046747 0.206502
2 0 0.215801 0.274748 0.284953 0.074292 0.150207
4 4 0.082199 0.126058 0.095099 0.014175 0.682468
2 4 0.132270 0.227202 0.450781 0.024760 0.164987
4 4 0.135078 0.194586 0.154807 0.036011 0.479518
4 4 0.115064 0.175727 0.152540 0.027994 0.528674
4 4 0.047738 0.078976 0.064127 0.004144 0.805014
4 4 0.053182 0.086742 0.069469 0.005250 0.785357
4 4 0.098456 0.146719 0.107647 0.022016 0.625161
4 4 0.088923 0.140196 0.118806 0.016670 0.635405
4 4 0.069333 0.109031 0.084281 0.009526 0.727829
4 4 0.106671 0.143546 0.103927 0.018604 0.627252
4 4 0.081920 0.125695 0.094873 0.014061 0.683451
4 4 0.115768 0.167676 0.119672 0.033497 0.563387
4 4 0.160118 0.226824 0.199627 0.043413 0.370017
4 4 0.061771 0.098728 0.077528 0.007328 0.754646
4 4 0.139378 0.202505 0.174849 0.031599 0.451669
0 4 0.254094 0.248349 0.214688 0.047209 0.235661
4 4 0.084465 0.128994 0.096921 0.015126 0.674493
4 4 0.081421 0.125046 0.094468 0.013859 0.685207
4 4 0.089301 0.135200 0.100731 0.017302 0.657465
4 4 0.044996 0.075012 0.061362 0.003645 0.814986
4 4 0.079854 0.123000 0.093187 0.013235 0.690725
4 4 0.098515 0.146841 0.107841 0.022045 0.624758
4 4 0.106698 0.158671 0.122327 0.022912 0.589392
4 4 0.094298 0.141524 0.104554 0.019773 0.639850
4 4 0.133410 0.199385 0.172993 0.043774 0.450438
0 4 0.545210 0.161586 0.081398 0.022891 0.188913
4 1 0.128090 0.188520 0.160795 0.026585 0.496011
2 1 0.188245 0.267557 0.373495 0.051912 0.118792
2 1 0.149500 0.242308 0.427918 0.038057 0.142218
2 1 0.153353 0.244837 0.402541 0.037399 0.161870
4 1 0.107306 0.162754 0.130849 0.026995 0.572096
2 1 0.156487 0.246563 0.401181 0.033803 0.161966
4 1 0.110784 0.188237 0.230065 0.027557 0.443357
2 1 0.170128 0.256199 0.401220 0.038797 0.133656
2 1 0.157994 0.245091 0.475879 0.038557 0.082479
4 1 0.137120 0.223117 0.299593 0.031422 0.308747
4 1 0.130436 0.215738 0.284026 0.033359 0.336442
2 1 0.156160 0.246391 0.427003 0.033487 0.136960
2 1 0.132994 0.216601 0.577115 0.030896 0.042394
2 1 0.128535 0.218774 0.327096 0.031892 0.293703
2 1 0.133480 0.224727 0.349597 0.029712 0.262484
4 1 0.128389 0.216178 0.309485 0.029301 0.316647
2 1 0.141344 0.235571 0.416769 0.033342 0.172975
2 1 0.139182 0.233908 0.444576 0.031781 0.150554
2 1 0.146585 0.233002 0.309958 0.035260 0.275195
2 1 0.142379 0.235816 0.458727 0.030096 0.132982
2 1 0.121734 0.208921 0.591600 0.028259 0.049486
2 1 0.096227 0.183527 0.650000 0.023704 0.046542
2 1 0.130758 0.227498 0.470170 0.034773 0.136802
2 1 0.092100 0.165569 0.704369 0.020801 0.017161
2 0 0.356751 0.222628 0.370160 0.020121 0.030340
2 0 0.167111 0.237523 0.532115 0.029908 0.033343
2 0 0.263900 0.263569 0.375563 0.040285 0.056683
2 0 0.205783 0.273024 0.402211 0.051890 0.067093
2 0 0.110611 0.183068 0.667836 0.020253 0.018232
2 0 0.127212 0.200224 0.627956 0.022718 0.021891
2 0 0.087589 0.155123 0.729847 0.015155 0.012286
2 0 0.067231 0.124372 0.793278 0.008736 0.006383
2 1 0.045054 0.092364 0.853610 0.005519 0.003453
2 0 0.167082 0.240051 0.521734 0.033606 0.037528
2 0 0.167975 0.240073 0.522726 0.032661 0.036566
2 0 0.152202 0.234119 0.530321 0.032442 0.050916
2 1 0.093292 0.167199 0.700958 0.020730 0.017821
2 2 0.073465 0.136744 0.768049 0.012407 0.009336
2 2 0.055644 0.110814 0.819214 0.008558 0.005769
2 2 0.061178 0.120834 0.799451 0.010923 0.007614
2 2 0.044973 0.093935 0.850760 0.006369 0.003963
2 2 0.039495 0.084387 0.867997 0.005094 0.003027
2 2 0.055290 0.110673 0.819428 0.008738 0.005870
2 2 0.060041 0.116123 0.809172 0.008646 0.006018
2 2 0.051219 0.104085 0.831941 0.007717 0.005039
2 2 0.056937 0.112982 0.815037 0.008956 0.006088
2 2 0.097125 0.171212 0.692137 0.021419 0.018108
2 2 0.083593 0.148778 0.743621 0.013370 0.010639
2 2 0.050896 0.101463 0.836916 0.006482 0.004244
2 2 0.072627 0.133729 0.774554 0.010902 0.008188
2 2 0.043358 0.089129 0.859417 0.005004 0.003092
2 2 0.046850 0.093624 0.851192 0.005089 0.003245
2 2 0.064553 0.121528 0.798788 0.008809 0.006322
2 2 0.058960 0.112790 0.815623 0.007455 0.005172
2 3 0.031882 0.064182 0.892513 0.008284 0.003139
2 3 0.052733 0.103359 0.833363 0.006334 0.004212
2 3 0.052860 0.102522 0.832202 0.007640 0.004776
2 3 0.029819 0.060205 0.899334 0.007825 0.002817
2 3 0.032285 0.062737 0.887252 0.013416 0.004310
2 3 0.044314 0.087728 0.854457 0.008919 0.004582
2 3 0.040504 0.079383 0.865703 0.009965 0.004444
2 3 0.030274 0.059932 0.894248 0.011778 0.003768
2 3 0.055889 0.105103 0.819885 0.012244 0.006880
2 3 0.038775 0.072720 0.866772 0.016081 0.005652
2 3 0.037625 0.068883 0.860200 0.025760 0.007533
2 3 0.056669 0.090771 0.755445 0.075189 0.021926
2 3 0.053071 0.086969 0.756127 0.081228 0.022605
2 3 0.054475 0.095449 0.800240 0.036212 0.013623
2 3 0.049663 0.087915 0.815372 0.034894 0.012155
2 3 0.043299 0.072215 0.815455 0.055419 0.013612
2 3 0.054407 0.094235 0.790370 0.045123 0.015865
2 3 0.050236 0.090656 0.819336 0.028810 0.010962
2 3 0.056961 0.106342 0.810507 0.017200 0.008991
2 3 0.034733 0.064016 0.874870 0.020505 0.005876
2 3 0.072146 0.117956 0.724997 0.059953 0.024947
2 3 0.062409 0.106999 0.772351 0.041279 0.016961
2 3 0.041487 0.069423 0.805655 0.068013 0.015423
2 3 0.059480 0.082473 0.492131 0.297375 0.068541
2 3 0.064690 0.096316 0.612482 0.177771 0.048741
3 3 0.045700 0.056868 0.318660 0.490754 0.088018
2 3 0.056309 0.076791 0.454491 0.338664 0.073744
2 3 0.050191 0.076774 0.656389 0.178617 0.038030
2 3 0.072226 0.098223 0.407253 0.324374 0.097923
3 3 0.043266 0.056490 0.367485 0.455594 0.077164
3 3 0.033105 0.040109 0.306542 0.551198 0.069045
2 3 0.063372 0.094605 0.622094 0.173355 0.046574
2 3 0.055969 0.076438 0.473831 0.324642 0.069120
3 3 0.053983 0.071316 0.364449 0.418201 0.092051
2 3 0.053449 0.077188 0.587469 0.233315 0.048579
2 3 0.042062 0.056167 0.443619 0.396726 0.061426
3 3 0.050050 0.061216 0.298032 0.492413 0.098288
3 3 0.038254 0.046498 0.304728 0.532355 0.078165
3 3 0.050743 0.063793 0.322248 0.468289 0.094927
3 3 0.030911 0.037395 0.307038 0.559565 0.065090
3 3 0.031753 0.038436 0.306870 0.556329 0.066612
3 3 0.039304 0.047803 0.304262 0.528634 0.079997
3 3 0.040504 0.049296 0.303693 0.524426 0.082081
3 3 0.030986 0.037487 0.307024 0.559278 0.065225
3 3 0.065264 0.083865 0.323356 0.413306 0.114209
3 3 0.036233 0.043988 0.305539 0.539628 0.074612
