0 0 0.763481 0.128816 0.015161 0.015087 0.077456
0 0 0.787695 0.087016 0.046261 0.030434 0.048595
0 0 0.873378 0.046600 0.042138 0.017152 0.020732
0 0 0.887865 0.059955 0.016220 0.008661 0.027299
0 0 0.883414 0.056860 0.022561 0.011225 0.025941
0 0 0.838089 0.056932 0.052769 0.024627 0.027583
0 0 0.871264 0.052147 0.036432 0.016312 0.023845
0 0 0.880316 0.066948 0.013462 0.007960 0.031314
0 0 0.856655 0.064721 0.030704 0.016426 0.031493
0 0 0.510987 0.114895 0.060263 0.028053 0.285802
0 0 0.424020 0.235351 0.073327 0.082342 0.184960
1 1 0.247226 0.363641 0.079798 0.060886 0.248450
1 1 0.022754 0.544108 0.192846 0.039370 0.200921
1 1 0.030772 0.535851 0.140572 0.040676 0.252129
1 1 0.020175 0.478351 0.220811 0.041882 0.238780
1 1 0.022335 0.514592 0.268675 0.042714 0.151684
1 1 0.018182 0.470094 0.211332 0.038524 0.261868
1 1 0.028541 0.562250 0.147681 0.034636 0.226893
1 1 0.030586 0.477052 0.196082 0.048442 0.247838
1 1 0.019223 0.539655 0.192963 0.040093 0.208066
1 1 0.020598 0.478846 0.237841 0.041934 0.220781
4 1 0.020614 0.303451 0.187284 0.039035 0.449616
1 1 0.034180 0.536497 0.118955 0.038301 0.272067
4 1 0.014287 0.319177 0.201169 0.032333 0.433033
4 1 0.013987 0.279440 0.147693 0.030779 0.528101
1 1 0.017454 0.370570 0.292393 0.035719 0.283865
4 1 0.014543 0.313526 0.176311 0.033660 0.461960
1 1 0.022660 0.499026 0.180833 0.034354 0.263127
4 1 0.016390 0.288606 0.151614 0.029642 0.513747
4 1 0.014911 0.346681 0.224998 0.032798 0.380613
4 1 0.013100 0.254184 0.186821 0.029132 0.516763
1 1 0.027345 0.492167 0.248786 0.053338 0.178364
4 1 0.014224 0.245518 0.130391 0.025507 0.584359
4 1 0.015914 0.267784 0.166765 0.032698 0.516839
1 1 0.036370 0.455361 0.210746 0.070313 0.227211
4 1 0.016904 0.334304 0.234967 0.036715 0.377109
4 1 0.014310 0.359622 0.214837 0.031729 0.379502
1 1 0.021135 0.521955 0.265780 0.040544 0.150586
1 1 0.018938 0.541846 0.229472 0.037805 0.171939
2 1 0.030871 0.384644 0.459543 0.050015 0.074926
2 2 0.024929 0.158264 0.716827 0.038909 0.061071
2 2 0.019987 0.203045 0.631718 0.033475 0.111776
2 2 0.059116 0.033922 0.801378 0.083621 0.021963
2 2 0.041764 0.145157 0.707622 0.063001 0.042457
2 2 0.026988 0.203650 0.651304 0.043104 0.074955
2 2 0.040736 0.052939 0.818883 0.058925 0.028517
2 2 0.045357 0.145692 0.678217 0.070631 0.060102
2 3 0.064949 0.133906 0.651920 0.098848 0.050377
2 3 0.035452 0.137825 0.732875 0.053019 0.040828
2 3 0.085253 0.032242 0.745689 0.119777 0.017039
2 3 0.163356 0.056326 0.499285 0.246297 0.034736
2 3 0.117990 0.067628 0.616652 0.170358 0.027372
2 3 0.170877 0.061478 0.465970 0.261171 0.040504
2 3 0.195466 0.043765 0.422638 0.302138 0.035993
2 3 0.201624 0.057680 0.370564 0.319488 0.050644
2 3 0.202195 0.059766 0.363647 0.321457 0.052935
2 3 0.202711 0.061940 0.356640 0.323361 0.055349
2 3 0.173176 0.052427 0.475969 0.263123 0.035304
2 3 0.201615 0.057652 0.370661 0.319460 0.050613
2 3 0.191110 0.040139 0.444385 0.292534 0.031832
3 3 0.204333 0.075688 0.316415 0.332364 0.071200
2 3 0.197368 0.047103 0.409068 0.307057 0.039404
2 3 0.204046 0.070739 0.330157 0.329680 0.065378
3 3 0.196016 0.121299 0.215984 0.335845 0.130857
2 3 0.203440 0.065817 0.344618 0.326407 0.059717
3 3 0.204365 0.078285 0.309497 0.333549 0.074305
3 3 0.203895 0.087461 0.286466 0.336617 0.085561
2 3 0.201842 0.058445 0.368003 0.320227 0.051482
3 3 0.204337 0.080282 0.304303 0.334361 0.076717
3 3 0.204230 0.073258 0.323068 0.331119 0.068325
3 3 0.203456 0.091286 0.277452 0.337425 0.090381
3 3 0.203993 0.086397 0.289031 0.336345 0.084234
3 3 0.203675 0.089523 0.281568 0.337085 0.088149
3 3 0.202185 0.098988 0.260217 0.338294 0.100316
3 3 0.191483 0.133101 0.195336 0.331965 0.148115
3 3 0.203786 0.088530 0.283914 0.336869 0.086900
3 3 0.202605 0.096750 0.265107 0.338141 0.097397
3 3 0.199332 0.110834 0.235788 0.337846 0.116201
3 3 0.201888 0.100455 0.257062 0.338351 0.102244
3 3 0.203832 0.088086 0.284973 0.336767 0.086342
3 3 0.202634 0.096589 0.265463 0.338127 0.097188
3 3 0.204331 0.080524 0.303680 0.334453 0.077012
3 3 0.203988 0.086453 0.288895 0.336360 0.084303
3 3 0.201896 0.100418 0.257141 0.338350 0.102194
3 3 0.201945 0.100181 0.257648 0.338343 0.101883
3 3 0.202464 0.097524 0.263406 0.338203 0.098403
3 3 0.191483 0.133101 0.195336 0.331965 0.148115
3 3 0.191483 0.133101 0.195336 0.331965 0.148115
3 3 0.196288 0.120334 0.218210 0.335896 0.129273
2 3 0.121067 0.169821 0.426306 0.195440 0.087366
2 3 0.066574 0.333429 0.351983 0.114390 0.133623
2 3 0.041320 0.384302 0.405136 0.068995 0.100246
1 3 0.106123 0.276824 0.272460 0.172180 0.172413
4 3 0.054427 0.281822 0.232883 0.077895 0.352973
2 3 0.041267 0.265653 0.581316 0.062133 0.049631
2 3 0.051269 0.291397 0.500201 0.081919 0.075213
2 3 0.036166 0.184664 0.699604 0.051535 0.028031
2 3 0.034555 0.310425 0.543704 0.053895 0.057421
2 3 0.037117 0.390926 0.417929 0.061490 0.092538
2 3 0.034808 0.359670 0.480846 0.055009 0.069666
1 3 0.044044 0.399136 0.350912 0.077101 0.128807
1 3 0.025174 0.470193 0.350871 0.044409 0.109353
2 2 0.043932 0.032544 0.856812 0.057614 0.009098
2 2 0.043204 0.199557 0.651802 0.064183 0.041255
1 2 0.025676 0.476517 0.331789 0.046111 0.119906
2 2 0.035225 0.217292 0.636020 0.054638 0.056824
2 2 0.029255 0.332770 0.538678 0.045267 0.054031
2 2 0.038915 0.354155 0.461041 0.063640 0.082249
1 2 0.048230 0.409451 0.264242 0.089358 0.188719
1 2 0.028032 0.463268 0.338840 0.049988 0.119873
2 2 0.041981 0.124060 0.740170 0.060694 0.033095
2 2 0.030242 0.225036 0.631845 0.047704 0.065174
2 2 0.078627 0.116795 0.649632 0.118237 0.036709
1 2 0.028275 0.435320 0.394438 0.047916 0.094051
2 2 0.032798 0.043080 0.850756 0.047173 0.026193
2 2 0.043994 0.148108 0.695324 0.067085 0.045489
1 2 0.030027 0.465860 0.309368 0.055035 0.139710
2 2 0.049783 0.046151 0.819741 0.067831 0.016495
1 2 0.027491 0.470334 0.327281 0.049566 0.125328
2 2 0.090932 0.093127 0.659099 0.128888 0.027954
1 2 0.029216 0.477232 0.282074 0.055021 0.156457
2 2 0.045755 0.248814 0.570440 0.072226 0.062765
2 2 0.056256 0.043432 0.810299 0.076056 0.013956
2 2 0.033773 0.093377 0.802584 0.047320 0.022946
2 2 0.135926 0.063621 0.570069 0.199806 0.030578
2 3 0.036717 0.380503 0.435807 0.060303 0.086671
2 3 0.076547 0.074396 0.724833 0.105236 0.018988
2 3 0.180447 0.053101 0.451582 0.276743 0.038127
2 3 0.086794 0.124042 0.623766 0.127280 0.038119
2 3 0.092713 0.064834 0.689212 0.130653 0.022589
2 3 0.108182 0.083026 0.622700 0.155898 0.030194
2 3 0.121495 0.066627 0.607940 0.176021 0.027917
2 3 0.077736 0.064352 0.727846 0.108489 0.021576
2 3 0.151832 0.079719 0.494007 0.230195 0.044246
2 3 0.185444 0.060387 0.420380 0.288331 0.045458
2 3 0.202115 0.059453 0.364672 0.321170 0.052590
2 3 0.200868 0.055287 0.378754 0.317048 0.048045
2 3 0.100508 0.101856 0.618685 0.144965 0.033986
2 3 0.147396 0.093064 0.485341 0.224390 0.049809
2 3 0.136833 0.062505 0.569172 0.201176 0.030314
2 3 0.163677 0.065892 0.480772 0.248975 0.040684
2 3 0.196186 0.068583 0.365033 0.312288 0.057910
3 3 0.198872 0.112428 0.232670 0.337634 0.118396
1 3 0.034725 0.434619 0.343609 0.061509 0.125539
2 3 0.161646 0.065977 0.487078 0.245305 0.039993
2 3 0.029063 0.332287 0.536580 0.045671 0.056399
2 3 0.055842 0.074265 0.781041 0.074414 0.014438
2 3 0.048711 0.036037 0.841445 0.064137 0.009670
1 3 0.043544 0.403385 0.343763 0.076750 0.132558
2 3 0.082734 0.094344 0.681224 0.116023 0.025676
2 3 0.055051 0.030110 0.829866 0.073927 0.011047
2 3 0.035586 0.034008 0.873594 0.046731 0.010081
2 3 0.051942 0.122417 0.711192 0.077738 0.036711
2 3 0.033261 0.218463 0.649829 0.050694 0.047753
2 3 0.062813 0.041295 0.788662 0.087638 0.019592
2 3 0.043519 0.181773 0.676481 0.064049 0.034178
2 3 0.044088 0.199744 0.655361 0.064364 0.036444
2 3 0.090890 0.105076 0.642422 0.129942 0.031671
2 3 0.086920 0.259834 0.400905 0.143359 0.108982
1 3 0.164960 0.344430 0.168426 0.108692 0.213491
2 3 0.045150 0.276462 0.552819 0.068842 0.056727
2 3 0.119872 0.066842 0.612353 0.173365 0.027568
2 3 0.053377 0.034101 0.794931 0.078880 0.038711
1 3 0.022819 0.413869 0.353523 0.042417 0.167372
2 3 0.050488 0.114624 0.729418 0.074108 0.031362
4 2 0.020262 0.330858 0.266945 0.042448 0.339487
2 2 0.021911 0.274098 0.556430 0.037150 0.110410
1 4 0.023217 0.457352 0.224529 0.047955 0.246947
4 4 0.016593 0.311308 0.240313 0.035876 0.395909
4 4 0.016257 0.315539 0.180295 0.034589 0.453319
4 4 0.030286 0.355608 0.093613 0.030618 0.489874
4 4 0.028653 0.365317 0.139442 0.034000 0.432588
4 4 0.026378 0.268372 0.159355 0.041726 0.504169
4 4 0.023950 0.323789 0.185577 0.036287 0.430397
4 4 0.019508 0.360020 0.201688 0.035217 0.383566
4 4 0.027407 0.285267 0.094323 0.024271 0.568732
1 4 0.020884 0.416833 0.242140 0.043420 0.276723
1 4 0.034079 0.407764 0.124419 0.040560 0.393179
4 4 0.018878 0.299781 0.145683 0.032940 0.502718
4 4 0.018630 0.213904 0.093691 0.016975 0.656800
4 4 0.029498 0.103380 0.090632 0.010622 0.765869
4 4 0.078753 0.310529 0.111461 0.046395 0.452863
4 4 0.063098 0.358563 0.102576 0.040050 0.435713
1 4 0.032976 0.456615 0.061574 0.021925 0.426911
4 4 0.042650 0.362663 0.083482 0.028765 0.482440
1 4 0.029646 0.434212 0.103249 0.035191 0.397703
4 4 0.019126 0.348542 0.197568 0.036390 0.398374
4 4 0.040084 0.325122 0.085961 0.025956 0.522876
1 4 0.021788 0.395074 0.208086 0.039521 0.335531
4 4 0.016274 0.312107 0.242642 0.035375 0.393602
1 4 0.017787 0.374640 0.279246 0.036710 0.291617
4 4 0.017366 0.353297 0.176853 0.034354 0.418130
1 4 0.019748 0.423567 0.219787 0.038928 0.297969
1 4 0.020139 0.412661 0.339234 0.038405 0.189561
1 4 0.019039 0.474266 0.271725 0.037724 0.197247
2 4 0.025027 0.117543 0.752739 0.039525 0.065166
1 2 0.023029 0.463856 0.295758 0.044067 0.173290
1 2 0.019559 0.390440 0.287715 0.039601 0.262684
2 2 0.019986 0.075709 0.830218 0.030263 0.043825
1 2 0.021560 0.525439 0.230477 0.042981 0.179543
2 2 0.026238 0.036589 0.880865 0.036043 0.020265
1 2 0.024053 0.494963 0.304016 0.044376 0.132592
0 2 0.726522 0.106370 0.057272 0.044275 0.065561
0 0 0.806907 0.073860 0.050918 0.029186 0.039128
0 0 0.771843 0.088597 0.053580 0.035521 0.050458
0 0 0.803210 0.091660 0.031955 0.022459 0.050717
0 0 0.764506 0.108149 0.025888 0.018241 0.083216
0 0 0.861287 0.073852 0.017601 0.010944 0.036316
0 0 0.789732 0.077813 0.056473 0.033583 0.042398
0 0 0.795915 0.077147 0.053537 0.031696 0.041705
0 0 0.817565 0.106094 0.009989 0.008757 0.057595
0 0 0.780457 0.124266 0.011515 0.011382 0.072380
0 0 0.750823 0.134724 0.015619 0.016132 0.082701
0 0 0.772796 0.113066 0.012328 0.009169 0.092641
0 0 0.746846 0.088583 0.019066 0.007740 0.137765
0 0 0.749571 0.120700 0.015604 0.012111 0.102014
0 0 0.760882 0.111436 0.014449 0.009840 0.103393
0 0 0.782954 0.118114 0.011213 0.009843 0.077876
0 0 0.724468 0.144650 0.019115 0.020119 0.091647
0 0 0.746971 0.103280 0.049900 0.037777 0.062072
1 0 0.254719 0.399787 0.048784 0.034371 0.262339
1 0 0.020604 0.523176 0.272435 0.039251 0.144533
1 1 0.022760 0.569059 0.142539 0.032331 0.233311
1 1 0.018717 0.508541 0.335158 0.033483 0.104100
1 1 0.022207 0.472183 0.372761 0.038387 0.094462
2 1 0.022221 0.280766 0.537692 0.037954 0.121367
2 2 0.034198 0.259091 0.579553 0.054455 0.072702
2 2 0.023565 0.199165 0.679916 0.036862 0.060491
2 2 0.023301 0.084222 0.833878 0.033234 0.025364
2 2 0.030931 0.326979 0.534766 0.048354 0.058971
2 2 0.025138 0.080543 0.829758 0.036495 0.028067
2 2 0.028122 0.222051 0.632259 0.045188 0.072379
2 2 0.029574 0.071053 0.838829 0.040818 0.019726
2 2 0.041999 0.100124 0.771002 0.059601 0.027273
1 2 0.027224 0.452241 0.369944 0.047178 0.103412
1 2 0.027126 0.442095 0.390200 0.046153 0.094426
2 2 0.029596 0.042536 0.856918 0.042483 0.028468
2 2 0.033188 0.273740 0.586166 0.051457 0.055448
2 2 0.038532 0.029614 0.865059 0.052375 0.014420
2 2 0.042241 0.057834 0.816132 0.059343 0.024451
2 2 0.035445 0.032226 0.871952 0.047518 0.012858
2 2 0.024347 0.046842 0.878470 0.033404 0.016937
2 2 0.069366 0.123101 0.678247 0.099123 0.030164
2 2 0.028036 0.021480 0.897130 0.038357 0.014998
2 2 0.042004 0.186345 0.676848 0.061114 0.033689
2 2 0.041620 0.082608 0.800237 0.056945 0.018590
2 2 0.064693 0.024068 0.809314 0.089018 0.012906
2 2 0.029679 0.396534 0.442975 0.049255 0.081557
2 3 0.104266 0.037251 0.696590 0.146048 0.015845
2 3 0.062868 0.158207 0.631508 0.095581 0.051835
2 3 0.067914 0.047270 0.778189 0.092275 0.014352
2 3 0.089210 0.059975 0.709035 0.123654 0.018126
2 3 0.124935 0.050003 0.620353 0.180655 0.024053
2 3 0.095712 0.112793 0.615320 0.139358 0.036817
2 3 0.200580 0.054459 0.381650 0.316157 0.047153
2 3 0.169688 0.052761 0.486236 0.256861 0.034454
2 3 0.192507 0.053282 0.411746 0.299774 0.042691
2 3 0.159536 0.069090 0.488161 0.242122 0.041091
3 3 0.202312 0.095253 0.271156 0.336635 0.094643
2 3 0.110084 0.109626 0.576361 0.162506 0.041424
2 3 0.126582 0.080147 0.572015 0.186214 0.035042
2 3 0.190332 0.050537 0.424810 0.294660 0.039662
2 3 0.202347 0.060371 0.361676 0.322001 0.053605
2 3 0.176413 0.086226 0.398636 0.277671 0.061054
2 3 0.200711 0.054831 0.380346 0.316560 0.047553
2 3 0.203344 0.065227 0.346409 0.325972 0.059047
2 3 0.203741 0.067918 0.338341 0.327882 0.062118
3 3 0.204003 0.086276 0.289326 0.336313 0.084082
3 3 0.202676 0.096350 0.265991 0.338106 0.096878
3 3 0.204099 0.071355 0.328404 0.330046 0.066096
3 3 0.203394 0.091743 0.276397 0.337504 0.090962
3 3 0.200555 0.106255 0.244957 0.338260 0.109973
3 3 0.204239 0.073408 0.322651 0.331200 0.068502
2 3 0.203711 0.067690 0.339014 0.327728 0.061857
3 3 0.204111 0.071510 0.327966 0.330137 0.066276
2 3 0.203734 0.067863 0.338503 0.327845 0.062055
3 3 0.202236 0.098726 0.260785 0.338280 0.099973
2 3 0.203825 0.068602 0.336331 0.328337 0.062905
3 3 0.204084 0.071175 0.328914 0.329940 0.065886
3 3 0.198700 0.113011 0.231539 0.337548 0.119201
2 3 0.203395 0.065538 0.345466 0.326202 0.059400
2 3 0.200316 0.053731 0.384229 0.315352 0.046372
2 3 0.201529 0.057362 0.371636 0.319175 0.050297
2 3 0.188777 0.090921 0.341745 0.304235 0.074322
3 3 0.204354 0.079427 0.306512 0.334023 0.075683
2 3 0.203973 0.069958 0.332394 0.329203 0.064472
3 3 0.203255 0.092736 0.274118 0.337664 0.092228
3 3 0.204165 0.072222 0.325958 0.330546 0.067109
3 3 0.202819 0.095514 0.267849 0.338023 0.095796
3 3 0.203682 0.089463 0.281708 0.337073 0.088074
3 3 0.203712 0.089200 0.282328 0.337017 0.087743
3 3 0.203943 0.086957 0.287679 0.336491 0.084930
3 3 0.195367 0.123127 0.212675 0.335353 0.133479
3 3 0.200639 0.105919 0.245642 0.338279 0.109521
3 3 0.198293 0.114360 0.228942 0.337331 0.121073
3 3 0.196223 0.120703 0.217070 0.335997 0.130007
3 3 0.203569 0.090403 0.279504 0.337262 0.089262
3 3 0.191483 0.133101 0.195336 0.331965 0.148115
3 3 0.193993 0.126824 0.206111 0.334234 0.138838
3 3 0.197942 0.115494 0.226779 0.337131 0.122654
3 3 0.200305 0.107239 0.242958 0.338196 0.111302
3 3 0.191483 0.133101 0.195336 0.331965 0.148115
3 3 0.201941 0.100198 0.257612 0.338344 0.101905
3 3 0.194381 0.125801 0.207910 0.334560 0.137348
3 3 0.196573 0.119684 0.218942 0.336246 0.128556
3 3 0.201339 0.102978 0.251725 0.338373 0.105585
3 3 0.193832 0.127244 0.205377 0.334097 0.139451
3 3 0.191520 0.133013 0.195485 0.332000 0.147982
3 3 0.202343 0.098170 0.261994 0.338247 0.099246
3 3 0.198994 0.112013 0.233478 0.337693 0.117823
3 3 0.191948 0.131979 0.197229 0.332404 0.146440
3 3 0.194313 0.125981 0.207593 0.334503 0.137609
3 3 0.199956 0.108565 0.240290 0.338088 0.113101
3 3 0.191483 0.133101 0.195336 0.331965 0.148115
3 3 0.191483 0.133101 0.195336 0.331965 0.148115
1 3 0.260871 0.298319 0.172400 0.105939 0.162471
1 3 0.027206 0.490925 0.261927 0.052339 0.167602
2 3 0.057326 0.170061 0.650993 0.083909 0.037710
2 2 0.080914 0.045887 0.732060 0.115769 0.025369
2 2 0.062373 0.110582 0.716303 0.086874 0.023868
2 2 0.040293 0.383091 0.413999 0.066789 0.095827
2 2 0.025654 0.017748 0.907687 0.035044 0.013867
2 2 0.110548 0.030290 0.677918 0.159986 0.021257
2 2 0.151586 0.030727 0.580265 0.219590 0.017833
1 2 0.031495 0.437166 0.366191 0.054711 0.110437
2 2 0.044395 0.059260 0.823658 0.058969 0.013717
2 2 0.045798 0.031694 0.848155 0.061733 0.012620
1 2 0.022980 0.471962 0.366726 0.039948 0.098385
2 2 0.028469 0.347125 0.505895 0.046108 0.072403
1 2 0.021738 0.508846 0.297829 0.040355 0.131233
1 4 0.020761 0.485798 0.216985 0.043036 0.233420
4 4 0.014609 0.276107 0.230583 0.032465 0.446236
4 4 0.016797 0.288257 0.254203 0.036290 0.404453
1 4 0.026413 0.431721 0.129371 0.039213 0.373282
1 4 0.022707 0.434300 0.245768 0.046453 0.250773
4 4 0.016234 0.313858 0.137746 0.029992 0.502170
1 4 0.057887 0.481059 0.097375 0.042975 0.320704
1 4 0.017756 0.371404 0.278494 0.036712 0.295634
4 4 0.032918 0.212277 0.121132 0.030227 0.603446
4 4 0.021602 0.098506 0.106439 0.012804 0.760649
1 4 0.020854 0.425259 0.160669 0.036002 0.357216
4 4 0.015059 0.282832 0.097548 0.022624 0.581937
4 4 0.022520 0.391253 0.112276 0.031279 0.442673
1 4 0.040216 0.505241 0.161945 0.041936 0.250662
1 4 0.026641 0.423865 0.168414 0.044660 0.336421
4 4 0.108343 0.333937 0.084054 0.036184 0.437481
1 4 0.032270 0.488102 0.107699 0.034230 0.337698
1 4 0.054057 0.542276 0.080920 0.030478 0.292270
4 4 0.021226 0.262012 0.104579 0.025459 0.586724
4 4 0.017448 0.296319 0.109785 0.027374 0.549075
1 4 0.045403 0.499286 0.085481 0.036470 0.333361
1 4 0.017892 0.560188 0.198420 0.034354 0.189145
1 4 0.034546 0.484557 0.176529 0.043862 0.260505
1 4 0.035926 0.559246 0.153250 0.035857 0.215721
1 4 0.020042 0.401651 0.307112 0.039630 0.231565
1 4 0.015554 0.387122 0.242545 0.033263 0.321517
1 4 0.019915 0.391044 0.256237 0.041389 0.291415
1 4 0.021314 0.435757 0.310175 0.041116 0.191638
2 4 0.019903 0.344776 0.358316 0.038597 0.238408
1 4 0.019010 0.479334 0.298691 0.036476 0.166489
2 4 0.018137 0.388490 0.396948 0.033386 0.163039
1 4 0.016918 0.357971 0.347383 0.033294 0.244434
2 4 0.019166 0.294022 0.471211 0.034620 0.180981
1 4 0.019518 0.398487 0.386090 0.035883 0.160023
2 4 0.032106 0.358995 0.455722 0.054395 0.098782
2 2 0.020867 0.158181 0.725532 0.032565 0.062855
2 2 0.026977 0.305869 0.559205 0.042765 0.065184
2 2 0.024326 0.351288 0.488277 0.040685 0.095423
1 2 0.029760 0.429999 0.332486 0.054583 0.153172
2 2 0.036812 0.216369 0.620697 0.057619 0.068502
2 2 0.029557 0.208245 0.630918 0.047333 0.083947
2 2 0.026449 0.163546 0.641786 0.045052 0.123168
1 2 0.022081 0.503760 0.227410 0.044642 0.202107
2 2 0.031584 0.081771 0.773055 0.048936 0.064654
2 2 0.023283 0.127527 0.755717 0.036298 0.057176
1 2 0.023193 0.513059 0.254006 0.045041 0.164701
2 2 0.027580 0.419710 0.426435 0.045426 0.080849
2 2 0.027053 0.028951 0.888626 0.037517 0.017853
2 2 0.021186 0.084439 0.814350 0.032058 0.047967
1 2 0.035347 0.450847 0.282587 0.066349 0.164870
0 2 0.431280 0.274198 0.051838 0.049024 0.193661
1 2 0.024385 0.529380 0.155122 0.039160 0.251953
1 2 0.027220 0.433148 0.405701 0.045671 0.088260
1 2 0.024519 0.476704 0.314954 0.045206 0.138617
2 2 0.032071 0.125182 0.764803 0.046063 0.031880
2 2 0.026276 0.039583 0.881914 0.035937 0.016289
2 2 0.021948 0.056663 0.860162 0.031852 0.029374
2 2 0.025070 0.253069 0.612956 0.039873 0.069033
2 2 0.016713 0.024699 0.923781 0.022202 0.012605
2 2 0.023995 0.343499 0.482148 0.040994 0.109363
1 2 0.022195 0.474053 0.369399 0.038484 0.095869
1 2 0.021608 0.514907 0.295189 0.038681 0.129615
1 2 0.028398 0.464618 0.331797 0.050973 0.124214
2 2 0.020689 0.078606 0.841693 0.029781 0.029230
2 2 0.020061 0.139581 0.734834 0.031972 0.073553
2 2 0.024473 0.145019 0.748122 0.036864 0.045521
2 2 0.027025 0.116382 0.774353 0.040968 0.041272
2 2 0.035188 0.213736 0.633092 0.054775 0.063210
2 2 0.031995 0.250407 0.632064 0.047369 0.038166
2 2 0.035885 0.248609 0.599173 0.055910 0.060422
2 2 0.037139 0.081076 0.805105 0.052104 0.024576
2 2 0.032524 0.139902 0.697745 0.052599 0.077230
1 2 0.027511 0.437015 0.396754 0.046530 0.092189
2 2 0.033705 0.257567 0.602406 0.051991 0.054331
2 2 0.034241 0.227408 0.611906 0.053992 0.072453
1 2 0.024566 0.446713 0.400323 0.041423 0.086976
1 0 0.024796 0.455617 0.382707 0.042481 0.094400
1 2 0.021844 0.504656 0.307557 0.040164 0.125779
2 2 0.037359 0.325240 0.517261 0.057979 0.062160
2 2 0.029607 0.328625 0.542651 0.045712 0.053406
2 2 0.032672 0.205015 0.685062 0.047192 0.030059
2 2 0.034120 0.106025 0.780396 0.048939 0.030520
1 2 0.025889 0.431746 0.416956 0.043009 0.082400
2 2 0.027882 0.039785 0.880214 0.037668 0.014450
2 2 0.042212 0.030345 0.862695 0.055502 0.009246
2 2 0.026428 0.337900 0.500969 0.044110 0.090594
2 2 0.026763 0.112044 0.799104 0.037874 0.024215
2 2 0.044836 0.120439 0.746352 0.062758 0.025615
2 2 0.029025 0.100804 0.814427 0.039145 0.016599
1 2 0.042865 0.404986 0.345616 0.075458 0.131075
1 2 0.036035 0.416579 0.374617 0.062009 0.110760
1 2 0.022822 0.513051 0.264031 0.043856 0.156240
1 2 0.020899 0.463421 0.398168 0.035289 0.082223
2 2 0.033534 0.071441 0.826859 0.046138 0.022028
1 2 0.019820 0.481786 0.375107 0.034165 0.089122
1 2 0.025243 0.428329 0.426746 0.041570 0.078112
2 2 0.027049 0.042053 0.880591 0.036250 0.014057
2 2 0.025628 0.019788 0.911294 0.033849 0.009440
1 2 0.022011 0.473097 0.372694 0.038049 0.094149
1 2 0.019966 0.513235 0.310521 0.036594 0.119684
1 2 0.039250 0.453010 0.319839 0.057709 0.130192
0 2 0.705820 0.111549 0.061999 0.049916 0.070716
0 0 0.806057 0.100354 0.021178 0.016559 0.055853
0 0 0.861050 0.075662 0.015855 0.010144 0.037290
0 0 0.842842 0.079780 0.022142 0.014330 0.040906
0 0 0.774604 0.125394 0.013152 0.012944 0.073905
0 0 0.716000 0.107618 0.020908 0.011276 0.144198
0 0 0.718980 0.122960 0.023025 0.016821 0.118214
1 0 0.328024 0.370993 0.039141 0.028057 0.233786
0 0 0.698089 0.127703 0.043752 0.037985 0.092471
0 0 0.537268 0.242995 0.032519 0.029573 0.157645
0 0 0.510292 0.211885 0.046406 0.037981 0.193437
1 0 0.026038 0.588067 0.124155 0.027641 0.234098
1 1 0.020804 0.530087 0.229536 0.041522 0.178051
2 2 0.042568 0.253921 0.589740 0.064426 0.049345
2 2 0.026168 0.282043 0.571969 0.042682 0.077138
1 2 0.022100 0.505426 0.290157 0.041484 0.140834
2 2 0.028437 0.190359 0.708432 0.041222 0.031550
1 2 0.023017 0.492593 0.322980 0.041692 0.119718
2 2 0.033360 0.254107 0.623005 0.049525 0.040003
2 2 0.034146 0.141660 0.733531 0.050809 0.039854
2 2 0.020479 0.055623 0.869307 0.029351 0.025240
2 2 0.020783 0.027292 0.910292 0.027926 0.013707
2 2 0.035551 0.084118 0.791148 0.052765 0.036417
2 2 0.027418 0.199281 0.687831 0.041088 0.044381
2 2 0.039557 0.019648 0.876550 0.053372 0.010873
1 2 0.024555 0.482155 0.330506 0.044157 0.118627
1 2 0.080848 0.496003 0.202961 0.050725 0.169463
2 2 0.030039 0.300573 0.578190 0.045281 0.045917
2 2 0.022604 0.034104 0.900739 0.029901 0.012652
2 2 0.026267 0.028966 0.899272 0.034638 0.010857
2 2 0.021510 0.042270 0.896514 0.028043 0.011662
2 2 0.021577 0.047224 0.888265 0.028772 0.014163
2 2 0.028756 0.168415 0.737493 0.040504 0.024832
2 2 0.028414 0.411006 0.435831 0.046405 0.078344
2 2 0.082471 0.138341 0.618717 0.120535 0.039937
2 2 0.023411 0.413535 0.460571 0.037410 0.065073
1 2 0.023652 0.467720 0.369165 0.041026 0.098437
2 2 0.033085 0.150655 0.740985 0.047407 0.027867
2 2 0.027277 0.275511 0.603362 0.041977 0.051874
2 2 0.060627 0.034996 0.797529 0.085530 0.021318
1 2 0.325204 0.335786 0.127617 0.063259 0.148134
0 0 0.563111 0.158831 0.091215 0.081405 0.105437
0 0 0.841294 0.079846 0.022977 0.014833 0.041050
0 0 0.855314 0.083376 0.011433 0.008145 0.041731
0 0 0.699404 0.132693 0.023990 0.019345 0.124568
0 0 0.568327 0.096030 0.038607 0.013384 0.283653
0 0 0.743426 0.137140 0.016746 0.017473 0.085215
1 0 0.167422 0.456150 0.062312 0.035872 0.278244
1 0 0.018486 0.538197 0.263117 0.035555 0.144645
1 4 0.020055 0.527274 0.268978 0.038342 0.145351
1 4 0.022645 0.449547 0.332485 0.042065 0.153257
1 4 0.020985 0.525242 0.255159 0.040714 0.157900
1 4 0.022706 0.516509 0.249513 0.044314 0.166959
1 4 0.021614 0.518883 0.267350 0.041394 0.150760
1 4 0.020109 0.529779 0.257807 0.038905 0.153400
1 4 0.019752 0.514875 0.309326 0.036242 0.119804
4 4 0.039156 0.240815 0.086186 0.018983 0.614860
1 4 0.040486 0.530021 0.143820 0.039823 0.245851
4 4 0.028936 0.099739 0.098834 0.012015 0.760476
1 4 0.028528 0.431080 0.171129 0.037502 0.331762
1 4 0.075721 0.436638 0.094234 0.041103 0.352305
4 4 0.048332 0.383185 0.128381 0.045568 0.394533
1 4 0.037341 0.533563 0.183663 0.043161 0.202273
4 4 0.062239 0.263037 0.080318 0.020544 0.573862
4 4 0.030464 0.121951 0.080535 0.009676 0.757373
4 4 0.137372 0.336453 0.069695 0.028944 0.427535
4 4 0.089235 0.369579 0.064087 0.023152 0.453947
4 4 0.018780 0.029382 0.067393 0.003103 0.881343
1 4 0.063857 0.478762 0.093256 0.048035 0.316090
4 4 0.093559 0.168577 0.100087 0.023465 0.614312
1 4 0.046102 0.428300 0.123671 0.038853 0.363075
1 4 0.079917 0.532870 0.116884 0.037756 0.232573
1 4 0.060008 0.539169 0.122401 0.038082 0.240339
4 4 0.058196 0.258587 0.081157 0.020190 0.581870
4 4 0.038992 0.162100 0.082842 0.012919 0.703147
4 4 0.036531 0.286643 0.083364 0.020851 0.572610
4 4 0.045316 0.287642 0.077469 0.019370 0.570203
4 4 0.061916 0.099611 0.072066 0.008323 0.758083
4 4 0.086657 0.390757 0.074350 0.032830 0.415406
4 4 0.032464 0.050783 0.078382 0.005762 0.832610
4 4 0.131175 0.171934 0.111073 0.032993 0.552825
4 4 0.041733 0.383460 0.095838 0.034817 0.444152
4 4 0.027735 0.191264 0.101199 0.019247 0.660555
4 4 0.049363 0.358660 0.085013 0.030545 0.476418
4 4 0.067006 0.311369 0.082818 0.026655 0.512151
4 4 0.039128 0.194014 0.088121 0.016446 0.662291
4 4 0.043051 0.286576 0.083913 0.021953 0.564507
4 4 0.032201 0.355069 0.118253 0.032828 0.461649
4 4 0.055632 0.243805 0.089537 0.022454 0.588572
4 4 0.051144 0.340906 0.132110 0.042149 0.433691
1 4 0.046622 0.425355 0.099588 0.039628 0.388808
1 4 0.083447 0.468149 0.059495 0.029471 0.359438
4 4 0.083059 0.073229 0.069477 0.007109 0.767127
1 4 0.050590 0.533596 0.164496 0.042667 0.208650
1 4 0.050749 0.546724 0.158596 0.038886 0.205046
4 4 0.017505 0.149402 0.114232 0.018167 0.700694
4 4 0.049176 0.395718 0.073889 0.027082 0.454135
4 4 0.043316 0.359799 0.089459 0.032549 0.474876
4 4 0.102119 0.281381 0.115989 0.047763 0.452747
4 4 0.046763 0.379147 0.084309 0.032051 0.457730
1 4 0.034501 0.571509 0.160960 0.033091 0.199939
1 4 0.058107 0.554812 0.197897 0.034999 0.154185
1 4 0.033604 0.553760 0.139464 0.036376 0.236797
1 4 0.039918 0.527861 0.169108 0.044755 0.218358
1 4 0.045196 0.540489 0.102963 0.035281 0.276071
1 4 0.039177 0.508890 0.169348 0.050594 0.231991
1 4 0.024664 0.535301 0.134850 0.039613 0.265572
1 4 0.020891 0.480033 0.224848 0.043042 0.231185
1 4 0.020288 0.520614 0.286385 0.038096 0.134617
1 4 0.179124 0.419303 0.078374 0.050743 0.272457
4 4 0.089871 0.345237 0.097670 0.044292 0.422930
1 4 0.034743 0.480957 0.111398 0.038673 0.334229
1 4 0.027547 0.535264 0.167795 0.042159 0.227235
1 4 0.025622 0.492223 0.175153 0.042137 0.264865
1 4 0.027963 0.516998 0.160219 0.039078 0.255742
1 4 0.019249 0.431250 0.139578 0.032046 0.377877
1 4 0.022174 0.498305 0.280893 0.042310 0.156318
1 4 0.136840 0.432723 0.125874 0.048801 0.255762
1 4 0.132323 0.462747 0.136427 0.054655 0.213849
1 4 0.021133 0.528563 0.220450 0.042619 0.187234
1 4 0.019401 0.422853 0.358884 0.036136 0.162725
1 4 0.021080 0.401678 0.377318 0.038784 0.161140
1 4 0.021710 0.521926 0.243516 0.042687 0.170160
2 4 0.024415 0.290400 0.555489 0.040183 0.089513
2 2 0.027541 0.223212 0.678216 0.040028 0.031003
1 2 0.020907 0.480809 0.344752 0.037545 0.115986
2 2 0.019507 0.032248 0.901805 0.027103 0.019338
2 2 0.022162 0.104271 0.805952 0.032249 0.035367
2 2 0.020548 0.070592 0.847056 0.029745 0.032060
2 2 0.019604 0.194539 0.596535 0.034416 0.154906
1 2 0.022373 0.438768 0.342033 0.041477 0.155348
2 2 0.026271 0.200853 0.689463 0.039417 0.043996
2 2 0.023193 0.067419 0.850807 0.033205 0.025377
1 2 0.035705 0.524996 0.201442 0.045357 0.192500
1 2 0.049220 0.498583 0.211806 0.053269 0.187123
1 2 0.020288 0.426961 0.257045 0.041520 0.254185
1 2 0.022609 0.511427 0.275178 0.042946 0.147841
1 2 0.086540 0.507703 0.122316 0.044554 0.238886
0 2 0.601199 0.128484 0.092540 0.086159 0.091618
0 2 0.552139 0.201866 0.039859 0.033963 0.172172
1 2 0.044711 0.533076 0.123152 0.040012 0.259050
1 2 0.018935 0.534712 0.265898 0.036315 0.144141
1 2 0.023602 0.451866 0.398251 0.039870 0.086411
1 2 0.019370 0.534441 0.256730 0.037515 0.151944
2 2 0.024514 0.090935 0.817616 0.035399 0.031535
2 2 0.019344 0.017952 0.925609 0.025832 0.011262
2 2 0.028954 0.119354 0.748002 0.044818 0.058873
2 2 0.022305 0.039388 0.890822 0.030584 0.016900
2 2 0.027086 0.318413 0.538896 0.043539 0.072066
2 2 0.022741 0.068910 0.854490 0.032000 0.021859
2 2 0.024603 0.092164 0.821005 0.035057 0.027171
2 2 0.025283 0.016580 0.913373 0.033945 0.010818
2 2 0.034498 0.197584 0.675113 0.051158 0.041647
2 2 0.031738 0.040210 0.869922 0.042726 0.015405
2 2 0.028657 0.039290 0.879464 0.038305 0.014283
2 2 0.061150 0.059382 0.772751 0.086172 0.020544
2 2 0.029613 0.059003 0.858664 0.039279 0.013442
2 2 0.020896 0.016696 0.927500 0.027206 0.007702
2 2 0.040916 0.074712 0.812111 0.055395 0.016865
2 2 0.044115 0.046298 0.827126 0.061134 0.021327
2 2 0.046517 0.084763 0.790248 0.062657 0.015815
2 2 0.050960 0.042272 0.819714 0.069894 0.017159
2 2 0.027530 0.231126 0.652244 0.042170 0.046930
2 2 0.069061 0.049610 0.772337 0.094039 0.014953
2 3 0.066839 0.110387 0.701367 0.094354 0.027052
2 3 0.052935 0.191098 0.636493 0.078387 0.041088
2 3 0.054955 0.053697 0.803629 0.073749 0.013970
2 3 0.064825 0.046540 0.788748 0.087168 0.012720
2 3 0.068355 0.093948 0.720681 0.095001 0.022016
2 3 0.058694 0.094064 0.747886 0.080279 0.019077
2 3 0.071180 0.095316 0.711107 0.099287 0.023110
2 3 0.049062 0.099396 0.747797 0.071788 0.031958
2 3 0.054873 0.042579 0.817217 0.073318 0.012012
2 3 0.044384 0.032100 0.851329 0.059703 0.012484
2 3 0.031046 0.025408 0.886445 0.042290 0.014811
2 3 0.059265 0.045243 0.801289 0.080171 0.014031
2 3 0.122720 0.038045 0.648598 0.173812 0.016825
2 3 0.072547 0.083331 0.724439 0.099651 0.020032
2 3 0.080128 0.050117 0.746991 0.108928 0.013837
2 3 0.069926 0.043602 0.779129 0.094509 0.012833
2 3 0.083339 0.034340 0.755619 0.114047 0.012654
2 3 0.102087 0.040071 0.696956 0.143553 0.017333
2 3 0.095684 0.052390 0.701731 0.132987 0.017208
2 3 0.092652 0.072311 0.681268 0.130903 0.022866
2 3 0.114252 0.035747 0.672174 0.161358 0.016469
2 3 0.196952 0.067514 0.364684 0.313491 0.057359
2 3 0.114594 0.050051 0.652733 0.162616 0.020006
2 3 0.183174 0.058347 0.432125 0.283388 0.042967
2 3 0.159983 0.035972 0.546617 0.235343 0.022085
2 3 0.146047 0.041236 0.577579 0.212877 0.022261
3 3 0.203986 0.086474 0.288845 0.336366 0.084329
2 3 0.191241 0.043637 0.436517 0.294038 0.034568
2 3 0.198104 0.048557 0.403392 0.309036 0.040911
2 3 0.201553 0.057441 0.371369 0.319253 0.050383
2 3 0.202883 0.062751 0.354075 0.324035 0.056256
2 3 0.203609 0.066939 0.341246 0.327210 0.060997
2 3 0.192482 0.062108 0.392706 0.302631 0.050072
2 3 0.198893 0.050244 0.396973 0.311215 0.042675
2 3 0.193779 0.041193 0.433656 0.297960 0.033412
2 3 0.196390 0.045319 0.416224 0.304495 0.037572
3 3 0.203858 0.087834 0.285572 0.336708 0.086028
3 3 0.204093 0.085159 0.292051 0.336002 0.082695
2 3 0.157907 0.101611 0.434417 0.245262 0.060804
2 3 0.111461 0.025904 0.687773 0.158707 0.016155
2 3 0.162548 0.053371 0.507169 0.244180 0.032732
2 3 0.141939 0.063144 0.552836 0.210014 0.032067
2 3 0.196243 0.045416 0.416491 0.304248 0.037603
2 3 0.201169 0.056199 0.375600 0.318001 0.049031
2 3 0.202851 0.062595 0.354566 0.323907 0.056081
2 3 0.199616 0.051933 0.390716 0.313279 0.044457
2 3 0.202619 0.061527 0.357954 0.323011 0.054889
2 3 0.202670 0.061753 0.357234 0.323203 0.055140
2 3 0.201082 0.055930 0.376525 0.317723 0.048740
2 3 0.202586 0.061379 0.358427 0.322884 0.054724
3 3 0.203817 0.088231 0.284625 0.336801 0.086525
3 3 0.203822 0.088185 0.284736 0.336790 0.086467
2 3 0.203932 0.069558 0.333549 0.328952 0.064009
3 3 0.204326 0.080696 0.303238 0.334519 0.077221
3 3 0.204322 0.075327 0.317391 0.332188 0.070771
3 3 0.203625 0.089947 0.280571 0.337172 0.088685
2 3 0.203428 0.065738 0.344858 0.326349 0.059627
2 3 0.203967 0.069904 0.332551 0.329169 0.064409
3 3 0.204183 0.083840 0.295305 0.335605 0.081067
3 3 0.194337 0.125920 0.207701 0.334523 0.137520
2 3 0.076572 0.291965 0.399626 0.124768 0.107069
1 3 0.103256 0.407602 0.163568 0.080320 0.245255
2 3 0.029924 0.408172 0.431557 0.049042 0.081304
2 2 0.038161 0.100066 0.786658 0.053057 0.022059
2 2 0.038410 0.115161 0.774539 0.052912 0.018977
2 2 0.052173 0.153304 0.643848 0.081483 0.069191
1 2 0.023289 0.490066 0.325862 0.042068 0.118714
2 2 0.026586 0.025128 0.880851 0.038092 0.029343
2 2 0.040514 0.036838 0.847230 0.056714 0.018703
2 2 0.027690 0.261560 0.550283 0.047080 0.113387
2 2 0.020404 0.016294 0.914116 0.028679 0.020507
2 2 0.019819 0.356581 0.442236 0.035292 0.146072
2 2 0.032757 0.059724 0.831870 0.046573 0.029075
2 2 0.020530 0.015607 0.927392 0.027175 0.009295
2 2 0.031436 0.096214 0.796165 0.045298 0.030886
1 2 0.020478 0.410400 0.385815 0.037189 0.146118
1 2 0.024249 0.409278 0.402979 0.042486 0.121007
1 2 0.016050 0.351124 0.349888 0.031715 0.251223
4 2 0.016423 0.330214 0.243764 0.035507 0.374091
4 4 0.016120 0.270375 0.220362 0.035275 0.457868
4 4 0.042084 0.354218 0.122067 0.036843 0.444788
4 4 0.032520 0.188257 0.103554 0.020487 0.655181
4 4 0.035940 0.140004 0.098332 0.015422 0.710302
1 4 0.031357 0.427296 0.160286 0.036645 0.344415
4 4 0.031011 0.218277 0.125190 0.030847 0.594676
4 4 0.023361 0.277263 0.195472 0.035163 0.468740
4 4 0.022061 0.062459 0.088618 0.007305 0.819557
1 4 0.019987 0.411124 0.178937 0.038631 0.351320
4 4 0.022131 0.253687 0.172308 0.034161 0.517713
4 4 0.019009 0.278385 0.098810 0.023851 0.579945
4 4 0.017137 0.078178 0.077966 0.006346 0.820372
4 4 0.040304 0.205977 0.088434 0.017480 0.647806
4 4 0.057480 0.192762 0.090913 0.018988 0.639856
1 4 0.109763 0.487943 0.108400 0.045849 0.248044
4 4 0.035954 0.265229 0.093907 0.023770 0.581140
1 4 0.032338 0.441690 0.088489 0.029286 0.408197
4 4 0.033832 0.381372 0.084114 0.029473 0.471209
4 4 0.025336 0.342716 0.143347 0.032194 0.456406
1 4 0.257472 0.357365 0.148436 0.072644 0.164083
4 4 0.025809 0.314583 0.149679 0.032743 0.477186
4 4 0.027320 0.206937 0.109884 0.023711 0.632148
4 4 0.017376 0.253801 0.194499 0.034411 0.499913
1 4 0.030051 0.510406 0.195591 0.045267 0.218685
1 4 0.041705 0.554006 0.123785 0.035135 0.245370
1 4 0.037082 0.567834 0.141305 0.033337 0.220442
1 4 0.071274 0.508427 0.082982 0.037534 0.299783
0 4 0.594291 0.188605 0.039507 0.043737 0.133861
0 4 0.406667 0.288117 0.053212 0.048997 0.203006
1 4 0.066204 0.531853 0.091074 0.034565 0.276304
1 4 0.035285 0.542245 0.097285 0.033547 0.291638
1 4 0.017826 0.379912 0.292038 0.036322 0.273902
1 4 0.019477 0.417004 0.262432 0.039933 0.261154
4 4 0.017384 0.311714 0.299270 0.036029 0.335603
2 4 0.018308 0.303713 0.342363 0.036694 0.298923
2 4 0.030989 0.136793 0.735067 0.047145 0.050006
2 4 0.020744 0.292133 0.466055 0.037462 0.183606
1 4 0.025846 0.486328 0.304178 0.047665 0.135984
4 4 0.288974 0.288611 0.071533 0.046435 0.304448
1 4 0.073542 0.527754 0.113234 0.039016 0.246454
1 4 0.052229 0.491499 0.080104 0.035118 0.341050
1 4 0.038722 0.461411 0.112290 0.040126 0.347450
1 4 0.017817 0.426965 0.229241 0.037750 0.288227
4 4 0.021071 0.406736 0.121527 0.031980 0.418686
1 4 0.022593 0.528974 0.241052 0.041083 0.166298
1 4 0.123267 0.412783 0.163571 0.073470 0.226909
1 4 0.337837 0.355999 0.066629 0.042288 0.197247
1 4 0.094848 0.544368 0.122390 0.034101 0.204293
1 4 0.075365 0.511841 0.159283 0.047111 0.206400
1 4 0.059388 0.551015 0.207344 0.035205 0.147047
1 0 0.076373 0.416718 0.309002 0.070546 0.127361
1 0 0.050990 0.571709 0.140854 0.032158 0.204289
1 4 0.017832 0.544060 0.270633 0.032823 0.134653
1 4 0.039821 0.538585 0.174950 0.041711 0.204933
1 4 0.019760 0.483398 0.372759 0.034135 0.089948
1 4 0.024433 0.524177 0.255321 0.041233 0.154836
1 4 0.055003 0.564285 0.155749 0.034060 0.190902
2 4 0.035469 0.249107 0.606360 0.054358 0.054706
2 2 0.023911 0.336078 0.457217 0.041893 0.140902
2 2 0.023768 0.118264 0.773881 0.035956 0.048131
2 2 0.022466 0.100235 0.800411 0.033682 0.043206
2 2 0.022042 0.063626 0.859333 0.030776 0.024224
2 2 0.027124 0.186830 0.716005 0.039169 0.030872
2 2 0.022241 0.052050 0.876711 0.030280 0.018718
2 2 0.023068 0.053401 0.877315 0.030708 0.015508
2 2 0.025255 0.150527 0.751267 0.036737 0.036214
2 2 0.026544 0.119736 0.785087 0.038507 0.030126
1 2 0.024873 0.544318 0.241475 0.036456 0.152878
2 2 0.028160 0.319896 0.560718 0.042885 0.048342
2 2 0.036699 0.047071 0.852016 0.049217 0.014996
2 2 0.028110 0.242474 0.655102 0.040743 0.033571
2 2 0.027334 0.152313 0.715776 0.042770 0.061808
2 2 0.023150 0.038245 0.891325 0.031577 0.015703
2 2 0.031745 0.259893 0.579045 0.051460 0.077856
2 2 0.026547 0.346798 0.507970 0.042637 0.076048
2 2 0.027140 0.415689 0.434185 0.044571 0.078416
1 2 0.047740 0.494398 0.229601 0.053601 0.174661
1 2 0.070489 0.470333 0.294289 0.049319 0.115570
1 2 0.018011 0.501458 0.355662 0.031590 0.093279
1 2 0.072763 0.530941 0.142175 0.040999 0.213123
1 2 0.069042 0.472037 0.236427 0.059030 0.163464
2 2 0.024566 0.396886 0.478942 0.038627 0.060978
1 2 0.066256 0.541419 0.171025 0.039160 0.182140
2 2 0.031908 0.221310 0.657982 0.047173 0.041627
2 2 0.034195 0.378946 0.448469 0.056145 0.082244
1 2 0.025495 0.383136 0.374044 0.046851 0.170473
1 2 0.026129 0.465465 0.352111 0.046037 0.110257
2 2 0.026891 0.052875 0.871946 0.035406 0.012881
2 2 0.032611 0.202273 0.571527 0.056404 0.137186
1 2 0.030998 0.417359 0.405579 0.052082 0.093982
2 2 0.024145 0.021338 0.909049 0.032550 0.012918
2 2 0.029741 0.153729 0.704473 0.046869 0.065188
2 2 0.020206 0.037643 0.887203 0.028764 0.026185
2 2 0.020219 0.026995 0.908130 0.027934 0.016722
2 2 0.020921 0.038814 0.895065 0.028271 0.016930
2 2 0.023439 0.361782 0.452326 0.040467 0.121987
2 2 0.029665 0.193452 0.664534 0.046321 0.066027
2 2 0.022356 0.062601 0.858196 0.031537 0.025310
2 2 0.034624 0.104020 0.757793 0.052886 0.050677
2 2 0.025146 0.098716 0.805832 0.036765 0.033542
2 2 0.024625 0.164697 0.695916 0.039216 0.075547
2 2 0.029408 0.135864 0.689403 0.047466 0.097859
2 2 0.032241 0.256915 0.616962 0.048558 0.045325
2 2 0.028965 0.029639 0.888031 0.039078 0.014287
2 2 0.052661 0.267214 0.524070 0.083261 0.072793
0 2 0.373189 0.219391 0.125970 0.125855 0.155595
0 0 0.794970 0.086581 0.042525 0.027995 0.047929
0 0 0.867476 0.057164 0.032743 0.015848 0.026769
1 0 0.114128 0.510223 0.099429 0.037824 0.238396
1 1 0.018789 0.515354 0.320052 0.034106 0.111698
1 1 0.019235 0.498332 0.350011 0.033934 0.098488
2 1 0.040190 0.268375 0.574882 0.062377 0.054175
1 1 0.019763 0.490564 0.359755 0.034555 0.095363
2 1 0.035430 0.368574 0.455451 0.058293 0.082252
2 2 0.027209 0.158670 0.747261 0.038924 0.027935
2 2 0.037715 0.146461 0.736996 0.052871 0.025957
1 2 0.023724 0.453846 0.393923 0.040233 0.088275
2 2 0.028378 0.065762 0.849476 0.038660 0.017724
1 2 0.026280 0.442470 0.395642 0.044498 0.091110
1 2 0.096081 0.510734 0.138702 0.044152 0.210330
1 2 0.071997 0.559368 0.148309 0.033792 0.186534
1 2 0.018082 0.501981 0.354047 0.031763 0.094127
1 2 0.046993 0.539774 0.215923 0.039220 0.158089
0 2 0.811361 0.086786 0.032747 0.021974 0.047132
0 0 0.586674 0.208803 0.032666 0.032500 0.139357
1 0 0.031386 0.569458 0.168432 0.033585 0.197140
1 0 0.060083 0.419594 0.080923 0.037898 0.401503
1 4 0.034729 0.556279 0.147822 0.036321 0.224849
1 4 0.019083 0.541771 0.216883 0.038657 0.183606
2 4 0.032718 0.393063 0.440779 0.053142 0.080297
2 4 0.025103 0.136591 0.772156 0.035967 0.030183
1 4 0.021246 0.512502 0.294840 0.039558 0.131855
2 2 0.034881 0.345298 0.499268 0.054819 0.065734
2 2 0.026216 0.378618 0.496110 0.040751 0.058305
1 2 0.167737 0.422289 0.155588 0.064960 0.189424
1 2 0.053633 0.533693 0.126987 0.040193 0.245493
2 2 0.028327 0.409671 0.438536 0.046153 0.077313
2 2 0.023732 0.081506 0.837498 0.033439 0.023825
2 2 0.025702 0.406413 0.458628 0.041147 0.068110
2 2 0.038426 0.142592 0.733639 0.054296 0.031048
1 2 0.240376 0.369979 0.136318 0.070839 0.182488
0 0 0.530568 0.219036 0.049891 0.050252 0.150253
