3 3 0.041167 0.004676 0.045341 0.905860 0.002956
3 3 0.041736 0.004793 0.046063 0.904371 0.003037
3 3 0.057942 0.008725 0.067266 0.860240 0.005828
3 3 0.051399 0.006997 0.058558 0.878463 0.004583
3 3 0.039129 0.004268 0.042772 0.911155 0.002677
3 3 0.061012 0.009603 0.071418 0.851496 0.006470
3 3 0.025662 0.002016 0.026385 0.944750 0.001186
3 3 0.050370 0.006743 0.057206 0.881280 0.004402
3 3 0.027056 0.002213 0.028029 0.941390 0.001312
3 3 0.041343 0.004712 0.045565 0.905399 0.002981
3 3 0.027008 0.002206 0.027972 0.941505 0.001308
3 3 0.031967 0.002974 0.033922 0.929329 0.001808
3 3 0.039518 0.004344 0.043261 0.910148 0.002729
3 3 0.047642 0.006092 0.053647 0.888678 0.003941
3 3 0.039105 0.004263 0.042742 0.911217 0.002674
3 3 0.042550 0.004963 0.047098 0.902236 0.003154
3 3 0.031939 0.002970 0.033888 0.929399 0.001805
3 3 0.035723 0.003625 0.038527 0.919883 0.002242
3 3 0.043936 0.005259 0.048867 0.898580 0.003359
3 3 0.033038 0.003154 0.035227 0.926654 0.001927
3 3 0.044254 0.005328 0.049275 0.897735 0.003407
3 3 0.035203 0.003532 0.037885 0.921201 0.002179
3 3 0.030682 0.002765 0.032365 0.932518 0.001671
3 3 0.032426 0.003051 0.034480 0.928184 0.001859
3 3 0.019978 0.001299 0.019827 0.958160 0.000736
3 3 0.043090 0.005078 0.047787 0.900812 0.003233
3 3 0.030907 0.002801 0.032637 0.931961 0.001694
3 3 0.032326 0.003034 0.034358 0.928435 0.001848
3 3 0.033708 0.003269 0.036046 0.924974 0.002003
3 3 0.032629 0.003085 0.034727 0.927678 0.001881
3 3 0.067058 0.011464 0.079716 0.833911 0.007850
3 3 0.047469 0.006051 0.053422 0.889145 0.003913
3 3 0.046678 0.005869 0.052397 0.891271 0.003785
3 3 0.034531 0.003412 0.037057 0.922900 0.002099
3 3 0.045738 0.005656 0.051183 0.893787 0.003636
3 3 0.034026 0.003324 0.036437 0.924173 0.002040
3 3 0.030014 0.002659 0.031560 0.934165 0.001602
3 3 0.033340 0.003205 0.035596 0.925898 0.001961
3 3 0.032662 0.003090 0.034767 0.927596 0.001885
3 3 0.036794 0.003822 0.039855 0.917155 0.002374
3 3 0.031161 0.002842 0.032944 0.931332 0.001721
3 3 0.035229 0.003536 0.037917 0.921136 0.002182
3 3 0.037029 0.003866 0.040147 0.916554 0.002404
3 3 0.034067 0.003331 0.036486 0.924072 0.002045
3 3 0.033677 0.003263 0.036008 0.925052 0.002000
3 3 0.047715 0.006108 0.053741 0.888483 0.003953
3 3 0.024372 0.001841 0.024876 0.947837 0.001075
3 3 0.028884 0.002484 0.030204 0.936940 0.001488
3 3 0.021432 0.001469 0.021480 0.954778 0.000841
3 3 0.022021 0.001540 0.022155 0.953398 0.000886
3 3 0.045603 0.005626 0.051009 0.894147 0.003615
3 3 0.039095 0.004261 0.042730 0.911242 0.002672
3 3 0.035310 0.003551 0.038016 0.920931 0.002192
3 3 0.039201 0.004282 0.042863 0.910967 0.002686
3 3 0.026376 0.002116 0.027225 0.943034 0.001250
3 3 0.032315 0.003032 0.034344 0.928462 0.001846
3 3 0.027676 0.002304 0.028764 0.939886 0.001370
3 3 0.064917 0.010785 0.076760 0.840195 0.007344
3 3 0.066936 0.011425 0.079547 0.834271 0.007821
3 3 0.119631 0.061005 0.325660 0.461810 0.031894
2 3 0.102020 0.089263 0.523322 0.251060 0.034335
2 3 0.118843 0.153164 0.501694 0.162285 0.064014
2 0 0.087711 0.153150 0.609221 0.106547 0.043371
2 0 0.192931 0.183174 0.417024 0.128119 0.078752
2 0 0.122135 0.185939 0.485964 0.129835 0.076128
2 2 0.147239 0.296450 0.315655 0.089711 0.150945
2 1 0.122811 0.245796 0.442062 0.095544 0.093787
2 2 0.130217 0.332061 0.335790 0.067362 0.134570
2 1 0.123243 0.265760 0.424163 0.086839 0.099995
2 1 0.103570 0.218338 0.521964 0.089051 0.067076
2 1 0.114292 0.275844 0.442823 0.075534 0.091507
2 1 0.118184 0.260888 0.444049 0.084590 0.092289
2 2 0.103685 0.218966 0.521168 0.088876 0.067306
2 2 0.111323 0.267025 0.459660 0.076249 0.085743
2 2 0.115534 0.270333 0.443969 0.078587 0.091576
2 1 0.127996 0.324945 0.351140 0.068443 0.127476
2 2 0.074145 0.118994 0.665633 0.110737 0.030491
2 2 0.111168 0.277666 0.450618 0.072354 0.088195
2 2 0.088852 0.206990 0.574598 0.077125 0.052434
2 2 0.077714 0.132949 0.650006 0.105052 0.034279
2 2 0.076451 0.133380 0.654261 0.102307 0.033601
2 2 0.089517 0.183805 0.587980 0.089373 0.049325
2 1 0.088167 0.176046 0.596739 0.091908 0.047140
2 2 0.048480 0.072937 0.764124 0.100373 0.014086
2 2 0.070808 0.119993 0.677532 0.102841 0.028826
2 2 0.055586 0.079729 0.735595 0.111669 0.017421
2 2 0.104790 0.245203 0.497717 0.078565 0.073725
2 2 0.118505 0.272508 0.432927 0.080209 0.095851
2 1 0.107209 0.244270 0.491208 0.081308 0.076005
2 1 0.136292 0.309454 0.339974 0.078456 0.135824
2 2 0.115066 0.293400 0.424134 0.070150 0.097250
2 2 0.116136 0.273065 0.439699 0.078060 0.093041
1 1 0.136608 0.374173 0.258546 0.056863 0.173809
1 2 0.140185 0.342721 0.287272 0.068209 0.161613
2 2 0.127709 0.274610 0.402257 0.086653 0.108771
1 1 0.146678 0.383707 0.189441 0.053760 0.226414
1 2 0.129402 0.338217 0.331558 0.065035 0.135788
2 2 0.127300 0.272290 0.405642 0.087319 0.107449
2 2 0.062105 0.090472 0.711293 0.114861 0.021269
2 2 0.126336 0.252158 0.425886 0.095644 0.099976
1 1 0.129534 0.356449 0.309413 0.059713 0.144891
1 1 0.139164 0.387614 0.225423 0.052987 0.194811
1 1 0.140053 0.397344 0.201797 0.049562 0.211245
1 1 0.147453 0.390382 0.161622 0.049492 0.251051
1 2 0.156049 0.363338 0.169908 0.059770 0.250936
1 2 0.146349 0.360052 0.236873 0.063470 0.193255
2 2 0.125275 0.287549 0.397981 0.079672 0.109522
2 2 0.084288 0.170855 0.611910 0.089315 0.043633
2 2 0.079388 0.130795 0.644698 0.110146 0.034974
1 1 0.135743 0.347757 0.297611 0.064858 0.154031
1 1 0.146738 0.371682 0.214723 0.058924 0.207933
1 1 0.139182 0.340768 0.293545 0.068517 0.157988
1 1 0.129969 0.359623 0.303902 0.058987 0.147518
2 1 0.133930 0.317362 0.339481 0.074253 0.134975
0 0 0.748289 0.092305 0.062108 0.039030 0.058268
0 0 0.528680 0.202560 0.087785 0.043818 0.137157
1 0 0.310517 0.323498 0.094637 0.038482 0.232866
0 0 0.598328 0.160589 0.086040 0.047443 0.107600
0 0 0.473084 0.256223 0.071701 0.030630 0.168361
0 0 0.530189 0.221412 0.071661 0.031957 0.144781
1 0 0.151635 0.369507 0.223541 0.058568 0.196748
0 0 0.738020 0.127402 0.040767 0.019296 0.074516
0 0 0.721895 0.125386 0.050648 0.025838 0.076233
0 0 0.663443 0.153219 0.058754 0.028904 0.095680
0 0 0.560524 0.202941 0.071324 0.033218 0.131993
0 0 0.522614 0.219438 0.077094 0.035424 0.145430
0 0 0.672535 0.125554 0.045709 0.011709 0.144493
0 0 0.693855 0.150621 0.045144 0.020992 0.089388
0 0 0.493123 0.229085 0.071568 0.026243 0.179980
0 0 0.664738 0.157408 0.054775 0.025961 0.097118
0 0 0.423931 0.280422 0.075861 0.030736 0.189049
0 0 0.481613 0.237934 0.082537 0.037379 0.160538
0 0 0.654374 0.168822 0.051005 0.022830 0.102969
4 0 0.298750 0.218044 0.094865 0.019760 0.368581
0 0 0.616693 0.172806 0.067055 0.032748 0.110698
0 0 0.541900 0.185769 0.065368 0.019482 0.187480
1 0 0.243222 0.379419 0.078279 0.027316 0.271764
1 0 0.326958 0.335024 0.077271 0.028816 0.231932
1 0 0.293839 0.322138 0.103593 0.043450 0.236980
4 0 0.284444 0.162382 0.102768 0.016210 0.434196
0 0 0.555087 0.204241 0.073052 0.034058 0.133562
0 0 0.513156 0.245467 0.060627 0.024276 0.156474
4 0 0.299258 0.281840 0.091927 0.026542 0.300433
0 0 0.448955 0.184661 0.082025 0.019659 0.264699
0 0 0.503148 0.224880 0.063362 0.020637 0.187973
4 0 0.279833 0.288808 0.084718 0.022071 0.324569
4 0 0.196072 0.314404 0.097820 0.026105 0.365598
1 0 0.284999 0.347251 0.086453 0.032816 0.248481
0 0 0.672012 0.166104 0.044171 0.018913 0.098800
0 0 0.394960 0.189229 0.097844 0.023622 0.294345
4 0 0.327934 0.168091 0.139824 0.034481 0.329670
0 0 0.309519 0.308232 0.090912 0.031622 0.259715
1 0 0.213673 0.382706 0.088197 0.031791 0.283633
1 0 0.228741 0.376988 0.086554 0.031313 0.276405
0 0 0.515010 0.223689 0.077452 0.035325 0.148525
0 0 0.569083 0.146922 0.120650 0.068686 0.094659
0 0 0.419014 0.279088 0.079549 0.032914 0.189434
1 0 0.240432 0.367656 0.089312 0.033139 0.269461
0 0 0.592361 0.194570 0.061679 0.029515 0.121875
0 0 0.351302 0.306438 0.089606 0.036822 0.215831
0 0 0.559067 0.208289 0.067750 0.030478 0.134416
0 0 0.483838 0.248627 0.072623 0.030799 0.164112
0 0 0.494592 0.251535 0.064907 0.026314 0.162653
0 0 0.561927 0.210284 0.064687 0.028500 0.134602
0 0 0.612416 0.193201 0.052892 0.022556 0.118935
0 0 0.747432 0.115997 0.044832 0.022656 0.069083
0 0 0.765225 0.113073 0.037886 0.018530 0.065286
0 0 0.505879 0.247828 0.062322 0.025085 0.158886
0 0 0.626316 0.158143 0.073793 0.038814 0.102935
0 0 0.760427 0.106872 0.045189 0.023745 0.063767
0 0 0.605306 0.169929 0.075145 0.038504 0.111117
0 0 0.412063 0.139819 0.103155 0.019621 0.325342
4 0 0.230893 0.142828 0.095112 0.011372 0.519795
4 0 0.321523 0.118172 0.097325 0.012009 0.450971
4 0 0.292247 0.156795 0.109451 0.017918 0.423589
4 0 0.119363 0.198603 0.115811 0.018120 0.548103
0 0 0.668115 0.159007 0.051780 0.023942 0.097157
0 0 0.368216 0.169792 0.095644 0.018274 0.348074
0 0 0.360642 0.319497 0.074281 0.028027 0.217552
0 0 0.496023 0.258370 0.058678 0.022664 0.164265
0 0 0.579862 0.209700 0.056108 0.023532 0.130798
0 0 0.344632 0.337195 0.067329 0.023876 0.226969
0 0 0.563269 0.224957 0.052205 0.020653 0.138917
0 0 0.583138 0.209089 0.054950 0.022906 0.129917
0 0 0.638358 0.186405 0.045186 0.018512 0.111539
1 0 0.162511 0.402325 0.092448 0.032644 0.310072
0 0 0.518559 0.241849 0.060869 0.024580 0.154143
0 0 0.753224 0.110064 0.046268 0.024764 0.065680
0 0 0.731313 0.096634 0.067425 0.042764 0.061864
0 0 0.686890 0.144159 0.053902 0.026424 0.088626
0 0 0.454035 0.266766 0.072501 0.029701 0.176997
0 0 0.853009 0.061543 0.031187 0.019958 0.034303
0 0 0.511719 0.239901 0.065852 0.027480 0.155047
0 0 0.371909 0.312767 0.074477 0.028439 0.212407
0 0 0.809702 0.095269 0.028653 0.013965 0.052411
0 0 0.429477 0.279482 0.074101 0.029896 0.187044
0 0 0.477692 0.258047 0.067964 0.027759 0.168538
0 0 0.666227 0.160881 0.051258 0.023490 0.098143
0 0 0.759881 0.108842 0.043672 0.023507 0.064098
0 0 0.743389 0.124196 0.040361 0.019950 0.072104
1 0 0.249730 0.354614 0.096247 0.037367 0.262042
1 0 0.235915 0.378544 0.082155 0.029159 0.274227
0 0 0.624078 0.178133 0.059027 0.027169 0.111592
0 0 0.543556 0.222271 0.064230 0.027508 0.142434
0 0 0.790722 0.099950 0.034944 0.017231 0.057152
0 0 0.818804 0.090178 0.027933 0.013401 0.049684
0 0 0.600456 0.199267 0.054065 0.023256 0.122957
0 0 0.726977 0.118991 0.052624 0.029073 0.072335
0 0 0.532359 0.223987 0.068468 0.029885 0.145301
0 0 0.740844 0.123416 0.042459 0.020469 0.072811
0 0 0.645510 0.169812 0.054741 0.025065 0.104873
0 0 0.586049 0.199139 0.061483 0.027284 0.126045
1 0 0.215933 0.380958 0.088710 0.032128 0.282271
0 0 0.395031 0.293716 0.079113 0.031847 0.200292
0 0 0.402465 0.306621 0.064974 0.023909 0.202031
0 0 0.373649 0.305242 0.079867 0.031629 0.209614
0 0 0.898052 0.046505 0.019789 0.011070 0.024583
0 0 0.707783 0.136267 0.049393 0.024063 0.082495
0 0 0.423642 0.110943 0.092818 0.013327 0.359269
0 0 0.394811 0.159400 0.093437 0.017650 0.334702
0 0 0.667748 0.156042 0.054317 0.025768 0.096125
0 0 0.611407 0.184995 0.059981 0.027291 0.116325
0 0 0.520074 0.256710 0.048316 0.017554 0.157346
4 0 0.213560 0.172896 0.176601 0.042933 0.394010
4 0 0.075552 0.093521 0.121900 0.010533 0.698493
4 0 0.134526 0.199783 0.112195 0.017584 0.535913
0 0 0.402732 0.103449 0.098150 0.013166 0.382504
0 0 0.431788 0.231882 0.077098 0.022692 0.236539
0 0 0.344044 0.319150 0.082423 0.032236 0.222146
0 0 0.427118 0.277809 0.076636 0.031374 0.187064
0 0 0.499925 0.248812 0.064476 0.026215 0.160573
0 0 0.530748 0.225050 0.068413 0.029786 0.146003
0 0 0.686559 0.159398 0.042051 0.018029 0.093963
0 0 0.811016 0.085020 0.035870 0.019170 0.048925
1 0 0.238929 0.324461 0.119278 0.048227 0.269105
4 0 0.117158 0.085781 0.150102 0.014847 0.632112
4 0 0.148189 0.355950 0.097051 0.027642 0.371169
4 0 0.290618 0.198627 0.084506 0.014111 0.412138
0 0 0.597949 0.132050 0.059696 0.013351 0.196954
0 0 0.656713 0.107234 0.055637 0.012501 0.167915
0 0 0.839427 0.065021 0.035811 0.022409 0.037331
4 0 0.200525 0.149111 0.127509 0.018934 0.503921
4 0 0.180240 0.080821 0.113040 0.009315 0.616584
0 0 0.670332 0.106124 0.054049 0.012725 0.156769
0 0 0.509560 0.230504 0.066249 0.024912 0.168776
0 0 0.580176 0.170464 0.062874 0.019613 0.166874
4 0 0.345993 0.101193 0.101416 0.012016 0.439382
4 0 0.316769 0.214193 0.091389 0.018928 0.358720
0 0 0.376873 0.276876 0.078308 0.025119 0.242824
4 0 0.200814 0.198124 0.118659 0.021633 0.460771
4 0 0.192459 0.226406 0.105129 0.019566 0.456440
4 0 0.252841 0.283915 0.089709 0.022180 0.351355
4 0 0.183537 0.335857 0.101929 0.030357 0.348319
4 0 0.250866 0.287116 0.104830 0.030442 0.326747
1 0 0.245652 0.333154 0.101035 0.035895 0.284264
0 0 0.397788 0.249970 0.085747 0.027661 0.238834
4 0 0.221294 0.271440 0.108277 0.027498 0.371491
4 0 0.269021 0.210342 0.098472 0.018869 0.403297
0 0 0.514098 0.148123 0.078112 0.017568 0.242100
0 0 0.381142 0.251009 0.094286 0.031724 0.241838
0 0 0.483738 0.230117 0.087912 0.041347 0.156886
0 0 0.758815 0.116378 0.036981 0.016340 0.071487
0 0 0.797448 0.081992 0.044999 0.026524 0.049038
0 0 0.922227 0.035989 0.014708 0.009107 0.017968
0 0 0.938755 0.029597 0.010888 0.006613 0.014147
0 0 0.867132 0.057812 0.027072 0.016258 0.031727
0 0 0.667742 0.159403 0.051656 0.023838 0.097361
0 0 0.821854 0.088848 0.027399 0.013022 0.048877
0 0 0.491358 0.257876 0.061372 0.024220 0.165174
0 0 0.495265 0.244768 0.070090 0.029577 0.160300
0 0 0.674531 0.164468 0.044171 0.019111 0.097718
0 0 0.755648 0.120093 0.037311 0.018035 0.068913
0 0 0.848354 0.065836 0.030538 0.018716 0.036556
0 0 0.828785 0.071079 0.036612 0.022806 0.040718
0 0 0.866762 0.055464 0.028722 0.018419 0.030633
0 0 0.745425 0.123616 0.039831 0.019348 0.071780
0 0 0.910603 0.040146 0.017576 0.011124 0.020550
0 0 0.742261 0.126578 0.039269 0.018198 0.073694
1 0 0.239826 0.333993 0.075694 0.019932 0.330556
0 0 0.672540 0.123023 0.056969 0.018095 0.129372
0 0 0.356874 0.181690 0.093160 0.018137 0.350138
0 0 0.571526 0.121645 0.071715 0.015167 0.219946
0 0 0.391791 0.229699 0.090865 0.026415 0.261230
0 0 0.663531 0.129851 0.053631 0.016067 0.136920
0 0 0.366382 0.212533 0.097384 0.024694 0.299007
0 0 0.526584 0.225822 0.061125 0.022369 0.164100
0 0 0.941113 0.029774 0.009768 0.005115 0.014230
0 0 0.941370 0.029666 0.009713 0.005083 0.014168
0 0 0.916235 0.042212 0.013586 0.006906 0.021061
0 0 0.859670 0.059769 0.029713 0.017291 0.033556
0 0 0.891770 0.048486 0.021503 0.012352 0.025889
0 0 0.887939 0.048381 0.023164 0.014659 0.025858
0 0 0.932542 0.033300 0.011646 0.006198 0.016314
0 0 0.940751 0.028946 0.010369 0.006168 0.013766
0 0 0.949011 0.026067 0.008299 0.004515 0.012108
0 0 0.905860 0.042585 0.018406 0.011069 0.022080
0 0 0.667403 0.171568 0.042205 0.017518 0.101305
0 0 0.612233 0.183266 0.060948 0.028010 0.115543
1 0 0.271079 0.349136 0.091225 0.035131 0.253429
0 0 0.396360 0.305474 0.068806 0.025877 0.203483
0 0 0.385029 0.301637 0.077384 0.030501 0.205449
0 0 0.675502 0.163743 0.044259 0.019086 0.097410
0 0 0.459828 0.253462 0.080600 0.035118 0.170991
1 0 0.205953 0.354885 0.115530 0.047402 0.276230
1 0 0.299287 0.316983 0.105508 0.044946 0.233276
1 0 0.201881 0.342913 0.169540 0.060462 0.225204
0 0 0.337677 0.306226 0.096336 0.040573 0.219189
1 0 0.270770 0.332404 0.105662 0.043862 0.247303
1 0 0.324470 0.330180 0.082451 0.031673 0.231226
1 0 0.212270 0.361437 0.107037 0.042444 0.276813
0 0 0.586823 0.199765 0.060586 0.026707 0.126119
0 0 0.735276 0.130668 0.039582 0.018628 0.075846
0 0 0.543618 0.214418 0.070502 0.032273 0.139190
0 0 0.457999 0.227034 0.085873 0.031552 0.197542
4 0 0.242977 0.252883 0.085006 0.016802 0.402331
4 0 0.253219 0.267679 0.100136 0.025233 0.353732
4 0 0.154767 0.185508 0.117692 0.018438 0.523596
4 0 0.287977 0.273543 0.084499 0.020757 0.333224
4 0 0.306836 0.159546 0.108236 0.018455 0.406928
0 0 0.790870 0.089876 0.042507 0.023577 0.053169
4 0 0.327308 0.192841 0.114637 0.026722 0.338492
0 0 0.452538 0.159513 0.157580 0.109221 0.121147
0 0 0.634206 0.108607 0.101845 0.081949 0.073393
0 0 0.578272 0.154615 0.100696 0.059675 0.106742
0 0 0.574646 0.197705 0.068427 0.031646 0.127576
0 0 0.512089 0.238045 0.067180 0.028302 0.154383
4 0 0.311510 0.136116 0.107969 0.016014 0.428391
1 0 0.235370 0.350024 0.106664 0.043095 0.264846
0 0 0.504799 0.186158 0.089833 0.031818 0.187391
0 0 0.670289 0.151298 0.056771 0.027744 0.093898
0 0 0.762913 0.098262 0.050209 0.029097 0.059519
0 0 0.376956 0.281071 0.098522 0.043692 0.199758
0 0 0.381258 0.201147 0.100076 0.025526 0.291993
0 0 0.611053 0.197157 0.050424 0.020943 0.120422
0 0 0.577867 0.198876 0.065845 0.029958 0.127454
0 0 0.349175 0.302905 0.093608 0.039271 0.215041
0 0 0.582182 0.152579 0.079253 0.027716 0.158270
0 0 0.770035 0.086536 0.055432 0.034402 0.053595
0 0 0.448620 0.176464 0.141849 0.079220 0.153847
0 0 0.579860 0.167116 0.088219 0.045497 0.119307
0 0 0.368473 0.163661 0.113340 0.024473 0.330053
4 0 0.239481 0.161385 0.099316 0.013847 0.485970
4 0 0.354170 0.152588 0.076775 0.010608 0.405860
0 0 0.610909 0.159938 0.045615 0.011216 0.172322
0 0 0.388548 0.122611 0.088219 0.012101 0.388521
0 0 0.860958 0.062842 0.026730 0.014946 0.034525
0 0 0.456290 0.170081 0.114844 0.037551 0.221234
4 0 0.247241 0.177889 0.099859 0.015535 0.459476
0 0 0.584386 0.221926 0.044153 0.016555 0.132979
0 0 0.470783 0.242762 0.069079 0.023937 0.193438
0 0 0.448693 0.266795 0.075111 0.031149 0.178251
0 0 0.396581 0.307955 0.066686 0.024707 0.204070
0 0 0.445103 0.284267 0.062605 0.023616 0.184408
0 0 0.519054 0.236729 0.060291 0.022924 0.161000
0 0 0.487075 0.205880 0.066216 0.017765 0.223064
0 0 0.335426 0.265076 0.079805 0.020650 0.299043
0 0 0.639886 0.165212 0.061278 0.029578 0.104045
0 0 0.918197 0.038704 0.015070 0.008411 0.019619
0 0 0.947161 0.027214 0.008485 0.004386 0.012753
0 0 0.914501 0.037579 0.017114 0.011835 0.018971
