0 0 0.618410 0.109116 0.035847 0.031184 0.205444
0 0 0.642482 0.099991 0.027930 0.024521 0.205077
0 0 0.688176 0.080985 0.015762 0.014125 0.200952
0 0 0.610633 0.111917 0.038618 0.033501 0.205331
0 0 0.813898 0.026439 0.000975 0.000960 0.157729
0 0 0.694652 0.078145 0.014349 0.012901 0.199952
0 0 0.704731 0.073673 0.012304 0.011122 0.198170
0 0 0.671764 0.088037 0.019692 0.017507 0.203000
0 0 0.656873 0.094225 0.023687 0.020920 0.204295
0 0 0.660603 0.092696 0.022648 0.020035 0.204018
0 0 0.573892 0.124137 0.053062 0.045476 0.203433
0 0 0.614819 0.110419 0.037113 0.032244 0.205405
0 0 0.608325 0.112734 0.039460 0.034204 0.205277
0 0 0.582793 0.121333 0.049363 0.042424 0.204087
0 1 0.543294 0.133002 0.066714 0.056660 0.200330
0 1 0.365333 0.172133 0.171922 0.117173 0.173438
2 1 0.051040 0.128703 0.673418 0.090650 0.056188
2 1 0.034456 0.091924 0.755388 0.076534 0.041699
2 1 0.022881 0.066114 0.828608 0.053692 0.028705
2 1 0.015322 0.043850 0.881239 0.040611 0.018979
2 1 0.010235 0.034360 0.910788 0.030647 0.013970
2 2 0.017754 0.054145 0.860514 0.045013 0.022574
2 2 0.016142 0.044915 0.877169 0.042103 0.019670
2 2 0.008891 0.026953 0.924876 0.027691 0.011588
2 2 0.007601 0.023226 0.934396 0.024770 0.010007
2 2 0.006273 0.020298 0.943249 0.021615 0.008565
2 2 0.010274 0.034413 0.910579 0.030729 0.014005
2 2 0.007275 0.021048 0.938363 0.023981 0.009332
2 2 0.013734 0.040420 0.890882 0.037631 0.017332
2 2 0.015022 0.032760 0.896075 0.039916 0.016227
2 2 0.016357 0.026574 0.886550 0.053223 0.017296
2 2 0.019529 0.026271 0.854190 0.078343 0.021668
2 2 0.040639 0.030717 0.527295 0.342404 0.058945
2 2 0.029925 0.025183 0.665082 0.238118 0.041692
2 2 0.013621 0.032048 0.881361 0.054043 0.018928
3 2 0.031688 0.020483 0.321475 0.560194 0.066159
2 2 0.033228 0.033586 0.556376 0.318722 0.058087
3 2 0.043636 0.029781 0.274377 0.568827 0.083379
3 3 0.026913 0.017036 0.436991 0.466902 0.052158
3 3 0.033308 0.021694 0.283837 0.589887 0.071274
2 3 0.036817 0.030748 0.614375 0.267837 0.050223
3 3 0.023415 0.015371 0.242342 0.655368 0.063505
3 3 0.046542 0.030237 0.298370 0.543409 0.081442
3 3 0.023854 0.015886 0.184963 0.705838 0.069459
2 3 0.037666 0.030449 0.553697 0.322052 0.056136
3 3 0.031284 0.020390 0.279730 0.599033 0.069563
3 3 0.021843 0.014707 0.147668 0.745446 0.070336
3 3 0.018159 0.012445 0.100331 0.799493 0.069572
3 3 0.027758 0.018479 0.188307 0.690948 0.074508
3 3 0.022304 0.014919 0.168763 0.725221 0.068792
3 3 0.016652 0.011573 0.073438 0.827803 0.070533
3 3 0.030246 0.019898 0.236598 0.640678 0.072578
3 3 0.025779 0.017477 0.129924 0.748137 0.078683
3 3 0.018256 0.012524 0.098217 0.800949 0.070055
3 3 0.020144 0.013640 0.130582 0.766203 0.069432
3 3 0.027791 0.018579 0.173435 0.703988 0.076207
3 3 0.017653 0.012206 0.082677 0.816319 0.071145
3 3 0.017129 0.011559 0.137935 0.770247 0.063130
3 3 0.023575 0.015927 0.138575 0.747752 0.074171
3 3 0.027855 0.018516 0.193796 0.685788 0.074045
3 3 0.018454 0.012601 0.108670 0.791240 0.069036
3 3 0.012893 0.009035 0.059450 0.854570 0.064052
3 3 0.019290 0.013152 0.112567 0.784884 0.070107
3 3 0.021221 0.014602 0.093497 0.794321 0.076359
3 3 0.017096 0.011757 0.092606 0.810031 0.068509
3 3 0.017206 0.012001 0.068134 0.829978 0.072680
3 3 0.027275 0.018193 0.181107 0.698774 0.074652
3 3 0.017702 0.011993 0.127603 0.777372 0.065330
3 3 0.021893 0.014958 0.108989 0.778906 0.075254
3 3 0.019867 0.013707 0.087691 0.803984 0.074751
3 3 0.014798 0.010365 0.061057 0.845272 0.068508
3 3 0.019438 0.013170 0.128500 0.770466 0.068426
3 3 0.022302 0.014973 0.156739 0.735918 0.070068
3 3 0.023700 0.015976 0.145087 0.741653 0.073583
3 3 0.035861 0.023238 0.310048 0.559641 0.071212
3 3 0.023207 0.015414 0.194358 0.699436 0.067586
3 3 0.021129 0.014447 0.106867 0.783344 0.074212
3 3 0.011900 0.008342 0.058332 0.859812 0.061614
3 3 0.012646 0.009040 0.037904 0.872274 0.068136
3 3 0.018923 0.012968 0.100817 0.796303 0.070988
3 3 0.016514 0.011389 0.086746 0.817216 0.068135
3 3 0.027069 0.017974 0.197495 0.684839 0.072623
3 3 0.020616 0.014108 0.104766 0.786924 0.073587
3 3 0.024532 0.016580 0.138152 0.745021 0.075715
3 3 0.014830 0.010396 0.060009 0.845980 0.068786
3 3 0.025016 0.016860 0.146303 0.736374 0.075447
3 3 0.014710 0.010185 0.078727 0.831044 0.065333
3 3 0.019639 0.013469 0.099570 0.794800 0.072522
3 3 0.019236 0.013232 0.093215 0.801634 0.072684
3 3 0.020231 0.013512 0.172390 0.728738 0.065129
3 3 0.019904 0.013529 0.120371 0.775955 0.070241
3 3 0.013487 0.009437 0.061771 0.850150 0.065154
3 3 0.015323 0.010678 0.068614 0.837005 0.068379
3 3 0.022169 0.014971 0.139132 0.751880 0.071848
3 3 0.018015 0.012412 0.089488 0.809249 0.070836
3 3 0.016376 0.011254 0.093683 0.811828 0.066859
3 3 0.032305 0.021009 0.290860 0.586241 0.069584
3 3 0.012320 0.008591 0.065836 0.851782 0.061470
3 3 0.024952 0.017005 0.116265 0.762487 0.079291
3 3 0.018237 0.012315 0.136852 0.767285 0.065311
3 3 0.021395 0.014319 0.166323 0.730349 0.067614
3 3 0.011896 0.008404 0.049086 0.867243 0.063370
3 3 0.012946 0.009174 0.046334 0.864692 0.066853
3 3 0.017851 0.012228 0.101268 0.799814 0.068839
3 3 0.015583 0.010617 0.111785 0.799100 0.062916
3 3 0.015921 0.011047 0.075693 0.828792 0.068548
3 3 0.018838 0.012976 0.090309 0.805528 0.072349
3 3 0.009853 0.007147 0.026345 0.893547 0.063107
3 3 0.014417 0.009983 0.078325 0.832561 0.064713
3 3 0.025082 0.016704 0.185577 0.701483 0.071153
2 3 0.031138 0.044090 0.665783 0.207909 0.051080
2 3 0.034063 0.035035 0.598147 0.278149 0.054606
2 3 0.209487 0.163226 0.368865 0.130357 0.128065
2 3 0.039395 0.075292 0.769898 0.077205 0.038210
2 3 0.021662 0.031614 0.772230 0.140953 0.033542
2 3 0.018816 0.028788 0.814225 0.110609 0.027563
2 3 0.035667 0.033582 0.515210 0.353213 0.062328
2 3 0.029689 0.037924 0.763907 0.132307 0.036172
2 3 0.014080 0.026813 0.882840 0.058173 0.018094
2 2 0.013556 0.021795 0.889524 0.058753 0.016373
2 2 0.009365 0.025346 0.925114 0.028675 0.011500
2 2 0.012400 0.030167 0.908240 0.034926 0.014267
2 2 0.012775 0.035850 0.894804 0.039801 0.016770
2 2 0.006899 0.025498 0.934366 0.023196 0.010041
2 2 0.022976 0.201917 0.555143 0.056594 0.163370
2 2 0.026237 0.198550 0.553878 0.061571 0.159764
2 1 0.035372 0.095080 0.756912 0.071695 0.040940
2 1 0.026015 0.115604 0.744077 0.059866 0.054439
2 1 0.042186 0.092305 0.741216 0.080631 0.043661
2 1 0.034029 0.193587 0.584552 0.071601 0.116231
4 1 0.018852 0.236582 0.184504 0.026834 0.533227
2 1 0.148680 0.228736 0.340511 0.101553 0.180521
4 1 0.016274 0.240649 0.217084 0.029311 0.496682
2 1 0.041305 0.225679 0.504225 0.075261 0.153529
4 1 0.044718 0.235256 0.155127 0.035384 0.529515
2 1 0.046366 0.222651 0.485648 0.086003 0.159332
2 1 0.026414 0.225846 0.531218 0.060775 0.155747
4 4 0.020995 0.228884 0.161337 0.026572 0.562212
4 4 0.064440 0.207390 0.095375 0.028319 0.604476
4 4 0.033208 0.238145 0.172601 0.033688 0.522358
4 4 0.058769 0.250877 0.284407 0.067551 0.338395
4 4 0.028583 0.229751 0.150786 0.028322 0.562558
4 4 0.173923 0.204637 0.086972 0.037606 0.496861
2 4 0.082421 0.235917 0.415780 0.088381 0.177501
4 4 0.023241 0.235215 0.176026 0.029314 0.536204
2 4 0.069702 0.247683 0.342602 0.079756 0.260257
4 4 0.056504 0.235863 0.150448 0.037753 0.519431
4 4 0.051821 0.242995 0.198282 0.049456 0.457447
4 4 0.123525 0.229040 0.125697 0.043643 0.478095
2 4 0.041148 0.246036 0.395870 0.069805 0.247141
4 4 0.201549 0.223066 0.237941 0.099208 0.238238
4 4 0.121814 0.246255 0.206075 0.065414 0.360441
4 4 0.304162 0.186508 0.071768 0.037119 0.400442
2 4 0.115347 0.247057 0.291792 0.082393 0.263410
2 4 0.055820 0.246860 0.377362 0.076132 0.243827
4 4 0.088440 0.241568 0.179376 0.055205 0.435411
2 4 0.126366 0.206368 0.424317 0.118818 0.124131
2 4 0.061055 0.196162 0.545089 0.099090 0.098603
2 4 0.022787 0.084638 0.800983 0.054224 0.037368
2 4 0.035144 0.115098 0.728106 0.071795 0.049857
2 4 0.020263 0.139107 0.707244 0.052101 0.081284
2 2 0.017278 0.057062 0.858566 0.044197 0.022897
2 2 0.016696 0.052551 0.865981 0.043147 0.021625
2 2 0.059370 0.133301 0.646340 0.099806 0.061182
2 2 0.010553 0.035588 0.908121 0.031319 0.014420
2 2 0.020225 0.061438 0.843576 0.049238 0.025524
2 2 0.015253 0.047887 0.876534 0.040521 0.019804
2 2 0.040083 0.096077 0.742404 0.077900 0.043537
2 2 0.014951 0.052798 0.871630 0.040000 0.020620
2 2 0.027657 0.073036 0.806321 0.060904 0.032083
2 2 0.016018 0.051955 0.868990 0.041935 0.021101
2 2 0.016933 0.052365 0.865411 0.043566 0.021725
2 2 0.016280 0.048836 0.871901 0.042382 0.020601
2 2 0.015161 0.043074 0.882738 0.040309 0.018719
2 2 0.036845 0.088736 0.759200 0.073907 0.041312
2 2 0.012580 0.039212 0.896398 0.035408 0.016402
2 2 0.008011 0.024595 0.931124 0.025718 0.010551
2 2 0.013138 0.043957 0.888649 0.036532 0.017724
2 2 0.012440 0.042732 0.892610 0.035172 0.017045
2 2 0.019918 0.059517 0.846901 0.048720 0.024944
2 2 0.006447 0.020663 0.942097 0.022040 0.008752
2 2 0.016277 0.051996 0.868063 0.042400 0.021264
2 2 0.009273 0.032886 0.916171 0.028604 0.013065
2 2 0.011905 0.026684 0.907156 0.039839 0.014417
2 2 0.011697 0.038754 0.900106 0.033667 0.015775
2 2 0.014512 0.049223 0.877464 0.039167 0.019634
2 2 0.022498 0.071272 0.824408 0.052953 0.028869
2 2 0.009079 0.031234 0.918916 0.028165 0.012606
2 2 0.011973 0.037941 0.900109 0.034205 0.015773
2 2 0.007435 0.027330 0.930013 0.024463 0.010760
2 2 0.013373 0.041049 0.891367 0.036953 0.017258
2 2 0.028331 0.068606 0.809728 0.061909 0.031425
2 2 0.006908 0.024764 0.935226 0.023203 0.009899
2 2 0.008274 0.027663 0.926344 0.026354 0.011365
2 2 0.009289 0.032213 0.916931 0.028628 0.012939
2 2 0.008320 0.030308 0.922942 0.026497 0.011933
2 2 0.015887 0.049555 0.872350 0.041683 0.020525
2 2 0.010879 0.020419 0.909740 0.045447 0.013515
2 2 0.010022 0.031445 0.915137 0.030165 0.013230
2 2 0.011087 0.038603 0.902502 0.032442 0.015366
2 2 0.009709 0.027254 0.921472 0.029438 0.012128
2 2 0.011787 0.029740 0.910915 0.033716 0.013842
2 2 0.016591 0.038354 0.846139 0.073872 0.025044
2 2 0.012558 0.031294 0.901586 0.039071 0.015491
2 2 0.009197 0.029009 0.921195 0.028385 0.012214
2 2 0.008800 0.023427 0.926120 0.030293 0.011360
2 2 0.010349 0.024333 0.922822 0.030709 0.011787
2 2 0.013854 0.027901 0.882729 0.057246 0.018270
0 2 0.325282 0.157396 0.223759 0.140046 0.153517
2 2 0.038879 0.103382 0.736936 0.076247 0.044556
2 2 0.015488 0.035766 0.879706 0.049793 0.019247
2 2 0.010735 0.033816 0.909620 0.031669 0.014161
2 2 0.008441 0.030042 0.922796 0.026761 0.011959
2 2 0.011327 0.036962 0.903623 0.032908 0.015179
2 2 0.011253 0.025932 0.896301 0.050350 0.016163
2 2 0.013562 0.039779 0.892265 0.037299 0.017094
2 2 0.012834 0.037322 0.897825 0.035877 0.016142
2 2 0.014291 0.038439 0.891416 0.038651 0.017203
2 2 0.028823 0.031288 0.636400 0.255132 0.048357
2 2 0.024771 0.057736 0.833871 0.056513 0.027109
2 2 0.032323 0.040974 0.740206 0.146382 0.040116
2 2 0.019942 0.042227 0.866126 0.050318 0.021387
2 2 0.027079 0.052346 0.783235 0.101145 0.036194
2 2 0.012499 0.032215 0.905329 0.035154 0.014803
2 2 0.013943 0.039150 0.891726 0.038010 0.017171
2 2 0.012190 0.037478 0.899904 0.034625 0.015803
2 2 0.009787 0.032143 0.915152 0.029683 0.013234
2 2 0.015014 0.031413 0.889751 0.046501 0.017321
2 2 0.020419 0.057430 0.847829 0.049547 0.024775
2 2 0.015647 0.035143 0.862737 0.064388 0.022086
2 2 0.013875 0.029844 0.883398 0.054507 0.018377
2 2 0.021913 0.035672 0.801865 0.109704 0.030846
2 2 0.038121 0.037390 0.575663 0.290404 0.058423
2 2 0.024738 0.046636 0.839467 0.063211 0.025949
2 2 0.011548 0.033470 0.907115 0.033304 0.014562
2 3 0.012340 0.031017 0.902805 0.038550 0.015289
2 3 0.016947 0.048824 0.869687 0.043567 0.020976
2 3 0.019523 0.053869 0.855069 0.048034 0.023504
2 3 0.013407 0.046511 0.884608 0.037068 0.018406
2 3 0.009587 0.027791 0.921252 0.029192 0.012178
2 3 0.011712 0.028032 0.913327 0.033535 0.013394
2 2 0.015287 0.051625 0.871888 0.040608 0.020593
2 2 0.021952 0.061362 0.838148 0.052067 0.026471
2 2 0.007581 0.025833 0.931265 0.024771 0.010550
2 2 0.018371 0.052734 0.860204 0.046070 0.022621
2 2 0.008032 0.029701 0.924793 0.025849 0.011624
2 2 0.029017 0.060987 0.817150 0.062913 0.029933
2 2 0.008514 0.026115 0.927335 0.026855 0.011181
2 2 0.012196 0.035204 0.902678 0.034609 0.015313
2 2 0.007186 0.021880 0.937678 0.023793 0.009464
2 2 0.025320 0.077269 0.808331 0.057362 0.031718
2 2 0.020598 0.060396 0.843639 0.049853 0.025514
2 2 0.017187 0.044666 0.874015 0.043952 0.020180
2 2 0.012151 0.036091 0.901742 0.034533 0.015482
2 2 0.009081 0.033270 0.916433 0.028197 0.013018
2 2 0.018589 0.041957 0.854606 0.061147 0.023700
2 2 0.007904 0.028263 0.927040 0.025540 0.011253
2 2 0.007502 0.023773 0.934105 0.024554 0.010066
2 2 0.011375 0.032972 0.908350 0.032951 0.014352
2 2 0.021051 0.053614 0.850507 0.050568 0.024260
2 2 0.021492 0.033660 0.783338 0.128695 0.032814
2 2 0.012030 0.026400 0.904818 0.041974 0.014779
2 2 0.023644 0.047375 0.850277 0.054687 0.024017
2 2 0.020149 0.041455 0.868543 0.048971 0.020882
2 2 0.010022 0.029489 0.917552 0.030132 0.012805
2 2 0.009564 0.029077 0.919747 0.029165 0.012447
2 2 0.015511 0.029240 0.837011 0.093351 0.024886
2 2 0.016872 0.050866 0.867439 0.043449 0.021373
2 2 0.014836 0.039944 0.887700 0.039679 0.017841
2 2 0.013386 0.036598 0.885262 0.046254 0.018499
2 2 0.016434 0.042531 0.879143 0.042601 0.019291
2 2 0.013242 0.040425 0.892588 0.036697 0.017049
2 2 0.006353 0.017527 0.946380 0.021743 0.007997
2 2 0.020867 0.060928 0.842128 0.050298 0.025779
2 2 0.019762 0.055126 0.852760 0.048441 0.023911
2 2 0.026333 0.025629 0.604579 0.295855 0.047605
2 2 0.019067 0.030367 0.798428 0.122137 0.030000
2 2 0.017785 0.053386 0.861335 0.045063 0.022431
2 2 0.012694 0.038429 0.896953 0.035621 0.016302
2 2 0.012028 0.039481 0.898032 0.034332 0.016128
2 2 0.015665 0.047333 0.875809 0.041266 0.019927
2 2 0.011282 0.030482 0.911770 0.032725 0.013741
2 2 0.023479 0.056339 0.839560 0.054487 0.026135
2 2 0.061344 0.092082 0.692007 0.102989 0.051578
2 2 0.018925 0.057525 0.852553 0.047040 0.023958
2 2 0.027237 0.074177 0.806200 0.060274 0.032112
2 2 0.065033 0.128743 0.643512 0.099339 0.063373
2 2 0.014109 0.043285 0.886078 0.038365 0.018164
2 2 0.010791 0.034686 0.908348 0.031796 0.014378
2 2 0.009275 0.032480 0.916659 0.028602 0.012984
2 2 0.005984 0.023660 0.940316 0.020979 0.009062
2 2 0.007153 0.026297 0.932385 0.023798 0.010368
2 2 0.018754 0.054159 0.857211 0.046733 0.023143
2 2 0.011572 0.036118 0.903774 0.033387 0.015148
2 2 0.017062 0.053436 0.863680 0.043799 0.022024
2 2 0.015435 0.048229 0.875498 0.040855 0.019983
2 2 0.008253 0.027725 0.926345 0.026311 0.011365
2 2 0.011034 0.036541 0.905200 0.032312 0.014913
2 2 0.008152 0.027850 0.926583 0.026088 0.011327
2 2 0.011460 0.039754 0.899745 0.033207 0.015833
2 2 0.009376 0.033969 0.914468 0.028838 0.013348
2 1 0.008159 0.027320 0.927205 0.026095 0.011221
2 1 0.007378 0.025803 0.932099 0.024308 0.010414
2 1 0.214807 0.207501 0.313833 0.115854 0.148005
0 1 0.310742 0.193238 0.214432 0.108570 0.173019
2 1 0.155941 0.198842 0.403276 0.119745 0.122197
2 1 0.119779 0.174869 0.495407 0.108239 0.101706
2 1 0.206129 0.215250 0.302797 0.109336 0.166488
0 1 0.429405 0.162063 0.127755 0.093479 0.187297
0 1 0.471228 0.149628 0.104058 0.085824 0.189262
2 1 0.233346 0.217780 0.239599 0.098998 0.210277
0 1 0.278313 0.203566 0.224456 0.105086 0.188579
2 1 0.129681 0.228713 0.374339 0.099941 0.167326
0 1 0.256267 0.206759 0.243498 0.108790 0.184686
0 1 0.414425 0.167464 0.128519 0.090196 0.199395
2 1 0.157473 0.231847 0.327952 0.096558 0.186170
2 1 0.145667 0.228805 0.347295 0.101104 0.177129
2 1 0.086883 0.230355 0.439880 0.089271 0.153611
2 1 0.022106 0.067104 0.830684 0.052324 0.027782
2 1 0.012795 0.038160 0.895799 0.036714 0.016532
2 1 0.008635 0.031709 0.920031 0.027208 0.012417
2 2 0.018405 0.063378 0.847201 0.046170 0.024845
2 2 0.006701 0.025455 0.935213 0.022730 0.009901
2 2 0.004230 0.017111 0.955728 0.016365 0.006567
2 2 0.011649 0.040382 0.898301 0.033590 0.016078
2 2 0.006910 0.023030 0.937341 0.023177 0.009542
2 2 0.012326 0.041152 0.894936 0.034933 0.016653
2 2 0.008605 0.032962 0.918628 0.027160 0.012644
2 2 0.006417 0.024865 0.937079 0.022046 0.009593
2 2 0.011280 0.038706 0.901674 0.032832 0.015508
2 2 0.004538 0.017816 0.953523 0.017203 0.006920
2 2 0.009300 0.030532 0.918940 0.028629 0.012599
2 2 0.008065 0.029135 0.925354 0.025914 0.011533
2 2 0.007596 0.028282 0.928221 0.024846 0.011056
2 2 0.005594 0.019526 0.946963 0.019943 0.007973
2 2 0.005234 0.017997 0.950339 0.019008 0.007422
2 2 0.004070 0.014961 0.959057 0.015885 0.006027
2 2 0.009145 0.030142 0.920003 0.028290 0.012421
2 2 0.011673 0.036850 0.902516 0.033597 0.015364
2 2 0.005805 0.020401 0.945024 0.020481 0.008290
2 2 0.007788 0.027309 0.928654 0.025264 0.010985
2 2 0.008180 0.028346 0.925872 0.026157 0.011446
2 2 0.009164 0.027798 0.922811 0.028293 0.011933
2 2 0.013900 0.041607 0.888852 0.037957 0.017684
2 2 0.035700 0.075577 0.779806 0.072294 0.036622
0 2 0.482170 0.147494 0.097921 0.081144 0.191272
0 2 0.348622 0.186462 0.168565 0.097831 0.198520
2 2 0.101347 0.209401 0.451579 0.111924 0.125748
2 2 0.032154 0.133212 0.706599 0.068250 0.059785
2 2 0.024061 0.125643 0.728734 0.057443 0.064119
2 2 0.022559 0.069772 0.826022 0.053052 0.028595
2 2 0.008129 0.029600 0.924540 0.026063 0.011668
2 2 0.006122 0.021113 0.942854 0.021269 0.008642
2 2 0.007056 0.024714 0.934697 0.023548 0.009985
2 2 0.007463 0.027352 0.929872 0.024529 0.010783
2 2 0.008937 0.032224 0.918251 0.027872 0.012716
2 2 0.006355 0.024776 0.937438 0.021897 0.009534
2 2 0.006237 0.023457 0.939521 0.021591 0.009194
2 2 0.006334 0.024629 0.937704 0.021843 0.009490
2 2 0.005777 0.018270 0.947766 0.020367 0.007821
2 2 0.006248 0.019456 0.944391 0.021537 0.008368
2 2 0.005705 0.019321 0.946761 0.020213 0.008001
2 2 0.005306 0.020618 0.946831 0.019243 0.008002
2 2 0.007433 0.025558 0.932179 0.024431 0.010399
2 2 0.009499 0.027293 0.922195 0.028997 0.012017
2 2 0.005658 0.017322 0.949425 0.020053 0.007542
2 2 0.007131 0.027594 0.930895 0.023769 0.010610
2 2 0.006028 0.022235 0.941866 0.021061 0.008810
2 2 0.005888 0.020301 0.944804 0.020684 0.008323
2 2 0.006401 0.022742 0.939728 0.021971 0.009158
2 2 0.005045 0.019679 0.949078 0.018560 0.007638
2 2 0.005621 0.019978 0.946297 0.020020 0.008084
2 2 0.004878 0.015236 0.955251 0.018031 0.006605
2 2 0.006389 0.018261 0.945317 0.021847 0.008186
2 2 0.008308 0.022943 0.932051 0.026342 0.010355
2 2 0.007509 0.017154 0.942392 0.024412 0.008533
2 2 0.008854 0.026397 0.925701 0.027602 0.011445
2 2 0.009142 0.023624 0.921358 0.033729 0.012147
2 2 0.007055 0.018936 0.941864 0.023424 0.008722
2 2 0.006935 0.016530 0.945375 0.023082 0.008077
2 2 0.005560 0.020772 0.945581 0.019883 0.008204
2 2 0.018874 0.026564 0.849709 0.082469 0.022385
2 2 0.011179 0.022361 0.901955 0.049620 0.014885
2 2 0.017130 0.021212 0.770317 0.161998 0.029343
2 2 0.015086 0.023123 0.859656 0.081663 0.020472
2 2 0.019975 0.025926 0.795546 0.129756 0.028797
2 2 0.015564 0.018784 0.829552 0.113739 0.022361
2 2 0.019443 0.024861 0.749265 0.173130 0.033300
2 2 0.008791 0.022149 0.930230 0.028216 0.010614
2 2 0.016241 0.018354 0.774243 0.163781 0.027381
2 2 0.025025 0.026555 0.689472 0.218747 0.040200
3 2 0.029432 0.018868 0.365386 0.526138 0.060177
2 2 0.012065 0.023076 0.909143 0.041905 0.013812
3 2 0.009404 0.006641 0.048096 0.879690 0.056168
2 2 0.013613 0.023747 0.877838 0.066471 0.018331
2 2 0.021953 0.023984 0.767936 0.155199 0.030928
2 2 0.022618 0.024720 0.709765 0.205756 0.037141
2 2 0.022066 0.018675 0.598077 0.319121 0.042061
3 2 0.025048 0.017253 0.332718 0.565032 0.059949
3 2 0.027282 0.017834 0.263749 0.624610 0.066526
3 2 0.027024 0.017881 0.362545 0.533739 0.058811
2 2 0.025982 0.021324 0.454705 0.441864 0.056125
3 2 0.028150 0.020974 0.417689 0.474409 0.058778
3 2 0.020373 0.013417 0.225792 0.679846 0.060572
3 2 0.013422 0.009255 0.085126 0.830797 0.061401
3 2 0.011387 0.007923 0.068673 0.853465 0.058552
3 2 0.017105 0.011424 0.169854 0.741610 0.060007
3 2 0.010622 0.007562 0.040692 0.879621 0.061502
3 2 0.012643 0.008679 0.093111 0.827053 0.058514
3 2 0.016473 0.011221 0.113161 0.794559 0.064586
3 2 0.023824 0.015499 0.284461 0.615683 0.060534
3 3 0.011000 0.007757 0.050679 0.870061 0.060503
3 3 0.007368 0.005326 0.027470 0.906080 0.053756
3 3 0.011740 0.008170 0.068614 0.851968 0.059508
3 3 0.010521 0.007363 0.059766 0.864837 0.057513
3 3 0.007908 0.005753 0.023993 0.905408 0.056938
3 3 0.012568 0.008839 0.054730 0.859787 0.064076
3 3 0.009896 0.006931 0.058290 0.868967 0.055916
3 3 0.012060 0.008304 0.086765 0.835022 0.057850
3 3 0.008047 0.005707 0.042816 0.890761 0.052669
3 3 0.007303 0.005364 0.019082 0.911852 0.056399
3 3 0.007047 0.005148 0.021507 0.911901 0.054398
3 3 0.007429 0.005399 0.024340 0.907872 0.054959
3 3 0.007124 0.005200 0.021880 0.911216 0.054579
3 3 0.009268 0.006728 0.025689 0.896992 0.061323
3 3 0.009541 0.006791 0.040370 0.885112 0.058186
3 3 0.007700 0.005452 0.044243 0.891424 0.051180
3 3 0.012020 0.008394 0.063767 0.854803 0.061016
3 3 0.021801 0.015307 0.060291 0.818888 0.083713
3 3 0.058910 0.039569 0.384527 0.435908 0.081086
2 3 0.017148 0.029768 0.819968 0.105939 0.027176
2 3 0.017515 0.020878 0.792504 0.142091 0.027011
2 3 0.009358 0.024623 0.926044 0.028647 0.011329
2 2 0.019199 0.036134 0.834494 0.083802 0.026371
3 2 0.037197 0.023857 0.421929 0.454831 0.062186
2 2 0.013850 0.032390 0.884085 0.051201 0.018475
2 2 0.007512 0.020253 0.938447 0.024502 0.009286
2 2 0.011669 0.019650 0.885386 0.066740 0.016556
2 2 0.006897 0.020422 0.940619 0.023092 0.008970
2 2 0.032953 0.054850 0.813628 0.068524 0.030046
2 2 0.017046 0.247375 0.421710 0.045394 0.268476
4 4 0.036157 0.211653 0.123475 0.030585 0.598130
2 4 0.016196 0.248725 0.393072 0.043575 0.298433
2 4 0.061631 0.255901 0.313061 0.066385 0.303023
2 4 0.019334 0.243441 0.456215 0.049559 0.231450
4 4 0.166970 0.239276 0.212504 0.075552 0.305698
4 4 0.025130 0.113104 0.037080 0.019174 0.805513
4 4 0.244544 0.163917 0.047584 0.027553 0.516402
4 4 0.169020 0.208073 0.079270 0.029772 0.513865
4 4 0.066270 0.125231 0.038172 0.026289 0.744039
4 4 0.407025 0.106631 0.020260 0.020124 0.445960
0 4 0.344234 0.185830 0.104638 0.064173 0.301125
4 4 0.076861 0.148826 0.057241 0.036079 0.680993
0 4 0.468112 0.152591 0.093008 0.073453 0.212835
4 4 0.097129 0.233185 0.135866 0.042692 0.491128
0 4 0.360313 0.181713 0.100227 0.063015 0.294731
4 4 0.037015 0.261947 0.288501 0.045985 0.366552
4 4 0.030976 0.177987 0.081905 0.023438 0.685694
4 4 0.023962 0.238190 0.188081 0.031622 0.518145
4 4 0.020232 0.246359 0.223342 0.031655 0.478412
4 4 0.030973 0.150005 0.058866 0.021832 0.738324
4 4 0.031791 0.244385 0.195103 0.035622 0.493099
4 4 0.021622 0.162543 0.072407 0.019980 0.723448
4 4 0.031202 0.189650 0.094950 0.025153 0.659044
4 4 0.060965 0.227541 0.117947 0.029292 0.564254
4 4 0.026275 0.195796 0.110836 0.027114 0.639979
4 4 0.045337 0.196623 0.089503 0.024817 0.643720
0 4 0.543613 0.132916 0.066564 0.056538 0.200369
4 4 0.215463 0.231419 0.212161 0.079220 0.261737
4 4 0.030151 0.222874 0.132533 0.025971 0.588471
4 4 0.040353 0.233553 0.151198 0.032843 0.542053
4 4 0.021994 0.258166 0.331732 0.041129 0.346979
4 4 0.014618 0.249761 0.265413 0.030244 0.439964
4 4 0.058269 0.177228 0.069625 0.025239 0.669639
2 4 0.057242 0.255952 0.335892 0.066247 0.284667
2 4 0.038846 0.258582 0.361012 0.055755 0.285806
4 4 0.021441 0.219223 0.140800 0.024860 0.593675
2 4 0.025900 0.255836 0.352263 0.048277 0.317724
4 4 0.065958 0.240595 0.164343 0.043408 0.485696
4 4 0.021401 0.255978 0.307929 0.040018 0.374674
2 4 0.033642 0.259274 0.350266 0.051477 0.305340
4 4 0.020319 0.255773 0.334831 0.041324 0.347753
4 4 0.022262 0.256511 0.308384 0.040603 0.372239
4 4 0.045974 0.207800 0.122922 0.037127 0.586178
4 4 0.029039 0.258163 0.286924 0.043079 0.382794
2 4 0.024969 0.251777 0.406600 0.051240 0.265413
4 4 0.016112 0.254501 0.339059 0.037104 0.353224
4 4 0.036730 0.258095 0.267446 0.045735 0.391995
2 4 0.016014 0.252828 0.382842 0.039931 0.308385
2 4 0.020600 0.253396 0.382091 0.045481 0.298433
4 4 0.029932 0.244252 0.195171 0.034414 0.496231
2 4 0.017092 0.246392 0.441941 0.045203 0.249371
2 4 0.018491 0.254039 0.343631 0.040986 0.342853
4 4 0.019554 0.256425 0.299487 0.036655 0.387879
4 4 0.065176 0.218566 0.105483 0.028562 0.582213
4 4 0.365426 0.131327 0.027805 0.019556 0.455885
4 4 0.028705 0.246945 0.201859 0.033561 0.488929
4 4 0.089828 0.130080 0.032721 0.019929 0.727441
4 4 0.067637 0.139930 0.043269 0.023671 0.725493
2 4 0.022058 0.255433 0.340970 0.044013 0.337525
4 4 0.128238 0.236345 0.156871 0.055119 0.423427
4 4 0.021865 0.203338 0.113992 0.022306 0.638500
4 4 0.032510 0.174715 0.081144 0.025278 0.686352
4 4 0.049992 0.188692 0.071389 0.019526 0.670401
4 4 0.032915 0.211992 0.107832 0.022395 0.624866
4 4 0.025005 0.252433 0.240440 0.035828 0.446294
4 4 0.039711 0.159954 0.063101 0.023535 0.713700
4 4 0.088179 0.227941 0.115707 0.033753 0.534419
4 4 0.021093 0.254766 0.265998 0.034992 0.423151
4 4 0.018092 0.217169 0.150518 0.025989 0.588232
4 4 0.029181 0.129339 0.043220 0.018482 0.779778
4 4 0.214841 0.208991 0.094121 0.041339 0.440708
4 4 0.051130 0.230230 0.130204 0.030464 0.557973
4 4 0.034929 0.257888 0.258788 0.043120 0.405274
4 4 0.030634 0.259239 0.328181 0.047981 0.333965
2 4 0.054316 0.261444 0.329392 0.059068 0.295780
4 2 0.076938 0.232461 0.131279 0.036813 0.522509
4 2 0.030656 0.253899 0.235314 0.038328 0.441803
4 2 0.058983 0.236286 0.151551 0.038811 0.514369
4 2 0.275222 0.198732 0.093010 0.047317 0.385719
0 2 0.543139 0.133044 0.066786 0.056720 0.200311
4 2 0.244823 0.209726 0.148341 0.078877 0.318233
2 1 0.040295 0.255734 0.383153 0.059224 0.261595
2 1 0.019521 0.242700 0.461690 0.049910 0.226180
4 1 0.270761 0.201665 0.102513 0.052691 0.372371
4 1 0.147212 0.229404 0.143905 0.056255 0.423224
4 1 0.066344 0.260447 0.294483 0.061000 0.317727
4 1 0.045348 0.261440 0.285970 0.050801 0.356441
2 1 0.018625 0.226605 0.533663 0.048935 0.172172
2 1 0.107402 0.240964 0.360071 0.089201 0.202363
4 1 0.071091 0.257524 0.274915 0.062624 0.333845
4 1 0.059898 0.259054 0.299701 0.061069 0.320278
2 1 0.024383 0.243485 0.463523 0.053934 0.214675
2 1 0.024911 0.255317 0.381907 0.048421 0.289444
2 1 0.035798 0.258321 0.347646 0.053751 0.304484
4 1 0.026228 0.257916 0.287725 0.040944 0.387187
4 1 0.036673 0.261872 0.306827 0.048056 0.346572
4 1 0.062939 0.259296 0.269120 0.057385 0.351259
4 1 0.125616 0.242554 0.188265 0.063060 0.380504
2 2 0.035408 0.260952 0.344998 0.050925 0.307717
2 2 0.015126 0.244788 0.459960 0.042412 0.237714
2 2 0.014245 0.205818 0.573360 0.041767 0.164810
2 2 0.011957 0.169782 0.637557 0.037924 0.142780
2 2 0.012608 0.119369 0.748109 0.038920 0.080994
2 2 0.012946 0.180201 0.627518 0.039623 0.139713
2 2 0.011340 0.139370 0.713992 0.036484 0.098814
2 1 0.020519 0.248444 0.417138 0.049141 0.264757
4 1 0.121616 0.240467 0.171237 0.057448 0.409232
4 1 0.031838 0.249534 0.214479 0.037373 0.466776
4 1 0.080745 0.237723 0.155892 0.046026 0.479615
4 1 0.170493 0.224676 0.134393 0.055909 0.414530
4 1 0.168047 0.222812 0.120963 0.048765 0.439413
0 1 0.434469 0.161287 0.073689 0.050378 0.280177
0 0 0.509682 0.142222 0.073454 0.059288 0.215354
0 0 0.659800 0.093026 0.022869 0.020224 0.204081
0 0 0.580184 0.122165 0.050434 0.043309 0.203908
0 1 0.441071 0.160680 0.089745 0.065665 0.242840
2 1 0.044914 0.253120 0.383552 0.064284 0.254130
2 1 0.027879 0.222588 0.540229 0.062851 0.146452
2 1 0.015163 0.072283 0.839327 0.041502 0.031726
2 1 0.017309 0.085364 0.810986 0.045831 0.040510
2 2 0.016312 0.079912 0.823929 0.043799 0.036048
2 2 0.007798 0.031190 0.923911 0.025344 0.011757
2 2 0.004752 0.019761 0.950236 0.017803 0.007448
2 2 0.005401 0.022599 0.944030 0.019518 0.008451
2 2 0.007261 0.028578 0.929187 0.024084 0.010889
2 2 0.007102 0.027092 0.931622 0.023693 0.010492
2 2 0.005571 0.022591 0.943328 0.019942 0.008569
2 2 0.009277 0.039808 0.907012 0.028826 0.015077
2 2 0.010576 0.037248 0.906018 0.031386 0.014771
2 2 0.004917 0.018890 0.950583 0.018216 0.007394
2 2 0.005600 0.021163 0.944938 0.019990 0.008309
2 2 0.005002 0.021141 0.947492 0.018476 0.007890
2 2 0.007868 0.032646 0.921883 0.025521 0.012082
2 2 0.007463 0.028126 0.928936 0.024539 0.010936
2 2 0.006309 0.024594 0.937848 0.021783 0.009467
2 2 0.004250 0.017602 0.955040 0.016431 0.006677
2 2 0.006651 0.024393 0.936705 0.022594 0.009656
2 2 0.011931 0.041231 0.895919 0.034216 0.016703
2 2 0.007560 0.028228 0.928426 0.024764 0.011021
2 2 0.006866 0.026386 0.933419 0.023134 0.010195
2 2 0.007024 0.027841 0.931027 0.023524 0.010585
2 2 0.009512 0.043832 0.899159 0.029684 0.017814
2 2 0.006900 0.026482 0.933169 0.023213 0.010236
2 2 0.010032 0.035130 0.910603 0.030235 0.014000
2 2 0.008796 0.040523 0.905621 0.028158 0.016902
2 2 0.005294 0.021367 0.945975 0.019225 0.008139
2 2 0.005554 0.021133 0.945165 0.019875 0.008273
2 2 0.004810 0.020252 0.949393 0.017963 0.007583
2 2 0.009428 0.033365 0.915008 0.028940 0.013260
2 2 0.005318 0.019954 0.947588 0.019261 0.007878
2 2 0.006225 0.021548 0.941900 0.021527 0.008799
2 2 0.005030 0.019361 0.949531 0.018514 0.007564
2 2 0.008261 0.030112 0.923407 0.026364 0.011856
2 2 0.009257 0.031725 0.917645 0.028554 0.012819
2 2 0.004043 0.015826 0.958116 0.015831 0.006183
2 2 0.006728 0.022339 0.938912 0.022738 0.009283
2 2 0.006739 0.021280 0.940175 0.022743 0.009064
2 2 0.037112 0.117467 0.725171 0.073727 0.046523
2 2 0.005208 0.022031 0.945536 0.019019 0.008206
2 2 0.006974 0.029675 0.929020 0.023433 0.010898
2 2 0.006192 0.022782 0.940529 0.021469 0.009029
2 2 0.007163 0.027004 0.931486 0.023832 0.010515
2 2 0.007612 0.020064 0.938303 0.024724 0.009297
2 2 0.006417 0.022559 0.939887 0.022006 0.009131
2 2 0.008879 0.033881 0.916466 0.027769 0.013005
2 2 0.006916 0.027061 0.932403 0.023260 0.010360
2 2 0.055407 0.110308 0.679987 0.093508 0.060791
2 2 0.156507 0.195725 0.407699 0.118225 0.121844
2 2 0.170519 0.205788 0.373082 0.120648 0.129963
2 2 0.115868 0.229517 0.393287 0.097623 0.163705
2 2 0.077720 0.247643 0.390246 0.077662 0.206728
2 2 0.027052 0.203833 0.581200 0.061972 0.125944
2 2 0.024429 0.112532 0.745642 0.058063 0.059333
2 2 0.016587 0.099000 0.790430 0.044997 0.048987
2 2 0.031755 0.163123 0.641780 0.068926 0.094417
2 2 0.005838 0.022036 0.942886 0.020595 0.008644
2 2 0.008037 0.023251 0.932694 0.025748 0.010269
2 2 0.014481 0.121045 0.748420 0.042180 0.073874
4 2 0.103516 0.250446 0.278048 0.076396 0.291594
2 2 0.074656 0.231485 0.452980 0.085283 0.155597
2 2 0.040045 0.189317 0.584295 0.079009 0.107334
2 2 0.006639 0.026109 0.934672 0.022594 0.009987
2 2 0.018506 0.097878 0.794035 0.047614 0.041966
2 2 0.004334 0.016010 0.956613 0.016623 0.006420
2 2 0.004746 0.017098 0.953507 0.017733 0.006916
2 2 0.005828 0.022437 0.942442 0.020577 0.008716
2 2 0.004767 0.019483 0.950506 0.017838 0.007406
2 2 0.004865 0.017831 0.952101 0.018058 0.007145
2 2 0.004996 0.018621 0.950576 0.018414 0.007394
2 2 0.004795 0.017520 0.952779 0.017870 0.007036
2 2 0.008395 0.031672 0.921000 0.026681 0.012252
2 2 0.006111 0.022744 0.940903 0.021274 0.008968
2 2 0.004774 0.017386 0.953032 0.017814 0.006994
2 2 0.007801 0.030186 0.925112 0.025336 0.011566
2 2 0.005136 0.020635 0.947529 0.018812 0.007888
2 2 0.013589 0.050072 0.877966 0.037712 0.020660
2 2 0.005617 0.019996 0.946293 0.020009 0.008085
0 2 0.270738 0.215806 0.187583 0.082151 0.243721
4 1 0.216474 0.227490 0.217218 0.085585 0.253233
2 1 0.036417 0.253430 0.405083 0.058366 0.246705
2 1 0.024310 0.233826 0.501235 0.057618 0.183011
2 1 0.019617 0.155549 0.690227 0.050694 0.083913
2 1 0.006209 0.023760 0.939268 0.021528 0.009235
2 2 0.028252 0.243616 0.454270 0.058236 0.215626
2 2 0.139340 0.239579 0.314662 0.090650 0.215768
0 2 0.260443 0.211608 0.233515 0.099296 0.195138
2 2 0.060095 0.235188 0.459276 0.078803 0.166638
2 2 0.055924 0.232354 0.473892 0.078142 0.159689
2 2 0.062716 0.246977 0.410283 0.074272 0.205752
2 2 0.066707 0.253935 0.368028 0.070828 0.240502
2 2 0.023407 0.164790 0.666036 0.056646 0.089122
2 2 0.020082 0.080700 0.814673 0.049818 0.034726
2 2 0.013658 0.069344 0.846672 0.038859 0.031466
2 2 0.007028 0.026647 0.932455 0.023515 0.010355
2 2 0.010121 0.035328 0.910032 0.030423 0.014096
2 2 0.005496 0.021581 0.944865 0.019737 0.008321
2 2 0.013157 0.045154 0.886900 0.036619 0.018170
2 2 0.016845 0.068045 0.842287 0.044101 0.028722
2 2 0.011006 0.041728 0.899022 0.032311 0.015932
2 2 0.004031 0.015991 0.957970 0.015801 0.006208
2 2 0.008332 0.035959 0.914848 0.026805 0.014056
2 2 0.062443 0.204110 0.534052 0.083878 0.115517
2 2 0.011418 0.045134 0.893421 0.033171 0.016856
2 2 0.003908 0.014432 0.960420 0.015429 0.005810
2 2 0.006071 0.026122 0.936985 0.021231 0.009592
2 2 0.005693 0.022865 0.942482 0.020252 0.008707
2 2 0.006965 0.028967 0.929908 0.023402 0.010759
2 2 0.007065 0.028980 0.929489 0.023635 0.010831
2 2 0.156815 0.215847 0.381996 0.107954 0.137388
2 2 0.005887 0.021990 0.942743 0.020713 0.008667
2 2 0.005107 0.019728 0.948753 0.018721 0.007690
2 2 0.022250 0.094628 0.788039 0.053590 0.041493
2 2 0.005622 0.020498 0.945656 0.020033 0.008191
2 2 0.005724 0.024354 0.940557 0.020353 0.009013
2 2 0.009261 0.033924 0.914958 0.028592 0.013265
2 2 0.005814 0.021500 0.943640 0.020526 0.008520
2 2 0.007358 0.029781 0.927353 0.024322 0.011186
2 2 0.005827 0.022783 0.942025 0.020581 0.008784
2 2 0.006392 0.020962 0.941950 0.021914 0.008781
2 2 0.005855 0.022482 0.942274 0.020645 0.008744
2 2 0.005695 0.021283 0.944399 0.020227 0.008397
2 2 0.005923 0.021957 0.942635 0.020801 0.008685
2 2 0.004420 0.016780 0.955297 0.016869 0.006633
2 2 0.005454 0.021442 0.945210 0.019630 0.008265
2 2 0.005531 0.021633 0.944654 0.019827 0.008355
2 2 0.004566 0.016255 0.955309 0.017245 0.006624
2 2 0.004984 0.021233 0.947458 0.018431 0.007894
2 2 0.005796 0.021011 0.944311 0.020472 0.008410
2 2 0.008869 0.030187 0.920989 0.027696 0.012259
2 2 0.010381 0.020402 0.907603 0.047761 0.013853
2 2 0.020626 0.058493 0.845867 0.049893 0.025120
2 2 0.087178 0.155670 0.571816 0.104067 0.081269
0 2 0.535051 0.135184 0.070632 0.059849 0.199284
0 2 0.433072 0.160494 0.125697 0.093829 0.186907
2 2 0.040969 0.250401 0.407205 0.063905 0.237519
2 2 0.025847 0.249782 0.421319 0.053199 0.249853
0 2 0.343613 0.186061 0.111793 0.069791 0.288742
0 0 0.682285 0.083542 0.017115 0.015293 0.201765
0 0 0.718977 0.067266 0.009733 0.008870 0.195154
0 0 0.692608 0.079045 0.014787 0.013280 0.200280
0 0 0.614233 0.110630 0.037322 0.032418 0.205397
0 0 0.647507 0.098003 0.026406 0.023230 0.204854
0 0 0.614499 0.110534 0.037227 0.032339 0.205401
0 0 0.647054 0.098183 0.026541 0.023345 0.204876
0 0 0.585011 0.120618 0.048460 0.041678 0.204232
0 0 0.425907 0.164754 0.089659 0.063347 0.256333
4 0 0.091355 0.244891 0.183761 0.054329 0.425664
4 1 0.076211 0.254585 0.227337 0.056407 0.385460
4 1 0.039989 0.262223 0.311641 0.050262 0.335885
2 1 0.018187 0.245200 0.444221 0.047556 0.244836
2 1 0.014472 0.132535 0.729683 0.042196 0.081115
4 1 0.047385 0.261277 0.286859 0.052086 0.352394
4 1 0.036865 0.259938 0.288893 0.047650 0.366654
4 1 0.072007 0.259446 0.299615 0.064054 0.304878
4 1 0.116408 0.237134 0.160692 0.055192 0.430574
2 1 0.049093 0.259116 0.327504 0.059219 0.305068
2 1 0.022787 0.225129 0.542614 0.055428 0.154042
2 1 0.021460 0.234030 0.511231 0.052896 0.180384
2 1 0.020846 0.217511 0.554743 0.052657 0.154242
2 1 0.022754 0.235806 0.495674 0.055240 0.190525
2 1 0.024591 0.197012 0.584455 0.058808 0.135133
4 4 0.070032 0.233907 0.137777 0.037374 0.520910
0 4 0.707936 0.064849 0.009267 0.009682 0.208267
4 4 0.267541 0.163829 0.045986 0.025904 0.496739
4 4 0.150522 0.224987 0.120487 0.045811 0.458193
0 4 0.368863 0.176787 0.078760 0.047582 0.328008
4 4 0.344132 0.124335 0.024629 0.018792 0.488112
4 4 0.166579 0.152940 0.039292 0.021995 0.619194
0 4 0.546769 0.115093 0.030513 0.025756 0.281869
4 4 0.321982 0.132838 0.032044 0.025746 0.487389
4 4 0.116406 0.177533 0.055644 0.022969 0.627447
0 4 0.626149 0.106256 0.033191 0.028956 0.205448
4 4 0.165238 0.241852 0.251761 0.080902 0.260247
4 4 0.355701 0.123155 0.023352 0.017283 0.480509
0 4 0.472411 0.103271 0.018266 0.016483 0.389570
0 4 0.680504 0.084310 0.017537 0.015656 0.201994
0 4 0.558095 0.126381 0.046131 0.036957 0.232437
4 4 0.280476 0.198342 0.095428 0.049411 0.376343
4 4 0.103373 0.255307 0.268746 0.069218 0.303355
4 4 0.134430 0.156426 0.043067 0.022613 0.643463
4 4 0.108315 0.150577 0.044687 0.025204 0.671218
4 4 0.116258 0.153682 0.043362 0.022867 0.663831
4 4 0.042628 0.207272 0.094080 0.021879 0.634141
4 4 0.372191 0.165318 0.052389 0.029629 0.380473
4 4 0.143172 0.174883 0.054247 0.025035 0.602663
0 4 0.402940 0.170228 0.084707 0.055997 0.286128
0 4 0.682360 0.083509 0.017098 0.015277 0.201755
0 4 0.334858 0.187931 0.121417 0.076191 0.279602
4 4 0.039560 0.256542 0.261886 0.047841 0.394171
4 4 0.245992 0.128736 0.027773 0.021504 0.575995
4 4 0.351891 0.147259 0.036808 0.023243 0.440798
4 4 0.197176 0.153765 0.040463 0.024062 0.584534
0 4 0.457912 0.114467 0.023949 0.020477 0.383195
4 4 0.183243 0.165649 0.043556 0.021166 0.586385
4 4 0.350387 0.127605 0.027261 0.021013 0.473734
0 4 0.474551 0.105889 0.019862 0.017844 0.381854
0 4 0.507375 0.106223 0.020518 0.017583 0.348301
0 4 0.486339 0.139777 0.043176 0.029541 0.301167
4 4 0.066772 0.157520 0.050242 0.021292 0.704173
4 4 0.169070 0.214728 0.093880 0.036205 0.486118
4 4 0.042385 0.233217 0.147696 0.032617 0.544085
4 4 0.042886 0.247220 0.201449 0.042278 0.466168
4 4 0.068604 0.200960 0.081266 0.024121 0.625048
4 4 0.046752 0.254052 0.232704 0.047536 0.418957
4 4 0.376436 0.123417 0.026455 0.021667 0.452024
4 4 0.058332 0.224646 0.110828 0.026741 0.579452
4 4 0.221541 0.212569 0.112098 0.051907 0.401884
0 4 0.541689 0.133434 0.067469 0.057276 0.200133
2 4 0.074775 0.255420 0.325635 0.070958 0.273213
4 4 0.047898 0.237860 0.167185 0.039893 0.507164
4 4 0.238181 0.219185 0.184738 0.083737 0.274158
0 4 0.308059 0.197173 0.148365 0.085025 0.261377
0 4 0.539716 0.133960 0.068402 0.058036 0.199886
0 4 0.421948 0.164643 0.105923 0.078321 0.229166
0 1 0.495750 0.144385 0.090651 0.076018 0.193197
0 1 0.592935 0.118015 0.045301 0.039062 0.204686
0 1 0.526783 0.137285 0.074661 0.063120 0.198151
4 1 0.194317 0.232043 0.183254 0.072140 0.318247
4 1 0.167399 0.233942 0.178026 0.069337 0.351296
2 1 0.022542 0.253752 0.383697 0.047381 0.292628
2 1 0.017181 0.242513 0.471618 0.046092 0.222595
2 1 0.014557 0.247765 0.427768 0.041099 0.268812
2 1 0.013156 0.249309 0.395202 0.038163 0.304171
2 1 0.080256 0.225729 0.434928 0.097893 0.161193
2 1 0.015784 0.252772 0.357102 0.038893 0.335447
2 1 0.014501 0.229522 0.505494 0.041790 0.208692
2 2 0.015004 0.245833 0.450261 0.042115 0.246788
2 2 0.015821 0.237914 0.480024 0.043894 0.222348
2 2 0.031574 0.192698 0.582799 0.068627 0.124302
2 2 0.015087 0.200709 0.572307 0.043477 0.168420
2 2 0.012849 0.090257 0.803302 0.038800 0.054793
2 2 0.011236 0.237095 0.462091 0.035245 0.254332
4 2 0.015339 0.251772 0.285723 0.032746 0.414420
4 2 0.034346 0.256417 0.307153 0.051377 0.350706
4 2 0.038772 0.256112 0.323145 0.056349 0.325622
2 1 0.016169 0.238259 0.481228 0.044497 0.219848
2 1 0.013161 0.248085 0.428519 0.038537 0.271697
2 1 0.011823 0.199044 0.566628 0.037354 0.185150
2 1 0.012920 0.176992 0.628566 0.039673 0.141849
2 1 0.014209 0.153072 0.681313 0.042107 0.109299
2 1 0.010108 0.121790 0.755587 0.033651 0.078864
2 1 0.012859 0.083567 0.818363 0.038435 0.046776
2 1 0.008064 0.029227 0.925246 0.025913 0.011551
2 1 0.003929 0.015650 0.958836 0.015515 0.006069
2 2 0.005895 0.024092 0.940159 0.020770 0.009084
2 2 0.004106 0.017073 0.956322 0.016028 0.006471
2 2 0.007086 0.026113 0.932873 0.023641 0.010287
2 2 0.005558 0.021639 0.944535 0.019893 0.008375
2 2 0.007890 0.036938 0.912954 0.026197 0.016021
2 2 0.005179 0.015513 0.953649 0.018809 0.006850
2 2 0.008879 0.032556 0.917259 0.027898 0.013408
2 2 0.005111 0.019832 0.948611 0.018732 0.007713
2 3 0.004191 0.017088 0.955928 0.016259 0.006535
2 3 0.004031 0.013477 0.961057 0.015743 0.005691
2 3 0.004622 0.017732 0.953263 0.017423 0.006961
