0 0 0.684472 0.130366 0.073052 0.037481 0.074630
0 0 0.619352 0.155476 0.088542 0.048974 0.087656
0 0 0.304533 0.266002 0.162950 0.126542 0.139974
1 1 0.224334 0.289134 0.181198 0.156426 0.148907
0 1 0.479469 0.207222 0.121822 0.078118 0.113370
0 1 0.823662 0.074782 0.040127 0.016829 0.044601
1 1 0.248912 0.282429 0.175681 0.146495 0.146483
1 1 0.224334 0.289134 0.181198 0.156426 0.148907
1 1 0.224334 0.289134 0.181198 0.156426 0.148907
1 1 0.224334 0.289134 0.181198 0.156426 0.148907
1 2 0.224334 0.289134 0.181198 0.156426 0.148907
2 2 0.097977 0.179894 0.531136 0.084743 0.106250
1 2 0.224334 0.289134 0.181198 0.156426 0.148907
1 2 0.224334 0.289134 0.181198 0.156426 0.148907
2 2 0.056014 0.119746 0.695908 0.052693 0.075639
1 2 0.194631 0.267634 0.254345 0.127095 0.156296
2 2 0.124282 0.203827 0.451851 0.085122 0.134919
2 3 0.032514 0.092143 0.724751 0.120748 0.029843
2 3 0.129374 0.213296 0.430349 0.097530 0.129450
2 3 0.044926 0.112366 0.521408 0.289380 0.031919
2 3 0.031559 0.092110 0.673047 0.178340 0.024945
2 3 0.045521 0.112743 0.485238 0.325767 0.030730
3 3 0.021960 0.041014 0.148794 0.773112 0.015120
3 3 0.031852 0.073670 0.268290 0.607968 0.018219
2 3 0.154656 0.233659 0.361135 0.100866 0.149684
0 2 0.291065 0.270116 0.166057 0.131098 0.141663
1 2 0.224334 0.289134 0.181198 0.156426 0.148907
2 2 0.199922 0.233470 0.322794 0.094761 0.149053
1 2 0.224334 0.289134 0.181198 0.156426 0.148907
1 2 0.224334 0.289134 0.181198 0.156426 0.148907
2 2 0.063750 0.131254 0.664235 0.057402 0.083359
2 2 0.047360 0.108752 0.728573 0.053282 0.062032
2 2 0.062131 0.130322 0.668656 0.059697 0.079194
2 3 0.019264 0.058536 0.859110 0.036483 0.026607
2 3 0.053255 0.131441 0.581706 0.192824 0.040774
2 3 0.036971 0.095847 0.490673 0.351362 0.025147
3 3 0.030544 0.073031 0.275577 0.603831 0.017017
3 3 0.028565 0.076678 0.386424 0.491544 0.016790
3 3 0.025098 0.053263 0.200599 0.705555 0.015484
3 3 0.022923 0.044662 0.164339 0.752850 0.015226
3 3 0.025906 0.053774 0.196376 0.707739 0.016204
3 3 0.022957 0.042076 0.147517 0.771484 0.015965
3 3 0.027938 0.053721 0.179035 0.720919 0.018387
3 3 0.031287 0.054405 0.159522 0.732809 0.021976
3 3 0.025241 0.047280 0.161707 0.748660 0.017113
3 3 0.025626 0.046829 0.156068 0.753801 0.017676
3 3 0.025829 0.038647 0.109285 0.805559 0.020680
3 3 0.024062 0.051896 0.201653 0.707666 0.014724
3 3 0.025193 0.043571 0.140094 0.773000 0.018142
3 3 0.030776 0.052066 0.150563 0.744489 0.022107
3 3 0.026164 0.045470 0.144353 0.765307 0.018706
3 3 0.025125 0.048729 0.171520 0.738026 0.016599
3 3 0.048428 0.074559 0.162334 0.678986 0.035694
3 3 0.024396 0.045440 0.157088 0.756411 0.016665
3 3 0.030412 0.049033 0.137243 0.760636 0.022677
3 3 0.026413 0.045136 0.140802 0.768541 0.019108
3 3 0.029637 0.044970 0.121245 0.780964 0.023184
3 3 0.028096 0.041497 0.111992 0.795877 0.022538
3 3 0.022353 0.038528 0.130099 0.792701 0.016319
3 3 0.035259 0.060472 0.166071 0.713466 0.024732
3 3 0.024441 0.046708 0.164575 0.747902 0.016373
3 3 0.031633 0.050045 0.135587 0.758899 0.023836
3 3 0.031801 0.048567 0.127620 0.767420 0.024592
3 3 0.029964 0.051694 0.153616 0.743463 0.021263
3 3 0.029875 0.047690 0.133476 0.766476 0.022482
3 3 0.028915 0.048263 0.141997 0.759717 0.021108
3 3 0.032938 0.051410 0.135338 0.755339 0.024975
3 3 0.029935 0.047563 0.132507 0.767393 0.022602
3 3 0.028449 0.042034 0.112872 0.793857 0.022788
3 3 0.027668 0.045360 0.134140 0.772272 0.020558
3 3 0.027448 0.048040 0.150141 0.754940 0.019431
3 3 0.030789 0.048249 0.131302 0.766234 0.023425
3 3 0.028838 0.046710 0.134340 0.768573 0.021538
3 3 0.030282 0.048960 0.137605 0.760611 0.022542
3 3 0.025431 0.044289 0.142598 0.769480 0.018203
3 3 0.035446 0.049512 0.115362 0.770679 0.029001
3 3 0.033916 0.049706 0.122798 0.766697 0.026883
3 3 0.033044 0.050473 0.130408 0.760617 0.025457
3 3 0.041049 0.059931 0.135428 0.731561 0.032030
3 3 0.040580 0.059762 0.136698 0.731467 0.031493
3 3 0.034210 0.052004 0.131801 0.755624 0.026361
3 3 0.030503 0.049817 0.140687 0.756474 0.022519
3 3 0.027201 0.044802 0.133978 0.773846 0.020173
3 3 0.060762 0.086738 0.159446 0.646757 0.046297
3 3 0.030100 0.042538 0.107468 0.795103 0.024792
3 3 0.028343 0.046077 0.133921 0.770514 0.021145
3 3 0.027137 0.041490 0.116934 0.793156 0.021283
3 3 0.039202 0.059633 0.142157 0.729214 0.029794
3 3 0.035161 0.050746 0.121854 0.764143 0.028095
3 3 0.026355 0.048471 0.160324 0.746806 0.018043
3 3 0.042351 0.060600 0.132852 0.730751 0.033446
3 3 0.027937 0.051769 0.167773 0.733612 0.018910
3 3 0.034303 0.054534 0.143030 0.742581 0.025552
3 3 0.027073 0.043343 0.126947 0.782118 0.020519
3 3 0.037540 0.067807 0.187901 0.681600 0.025152
3 3 0.033349 0.049511 0.124525 0.766392 0.026222
3 3 0.032563 0.048463 0.123427 0.769933 0.025614
3 3 0.041776 0.062339 0.142150 0.721725 0.032009
3 3 0.036621 0.053912 0.129173 0.751578 0.028716
3 3 0.031259 0.052212 0.148439 0.745453 0.022637
3 3 0.034094 0.056529 0.153630 0.731131 0.024618
3 3 0.034007 0.048519 0.117142 0.772838 0.027495
3 3 0.039283 0.055654 0.125274 0.748301 0.031488
3 3 0.035295 0.050406 0.119807 0.766077 0.028415
3 3 0.029654 0.044204 0.117437 0.785201 0.023505
3 3 0.037686 0.072612 0.210335 0.655349 0.024018
1 3 0.184499 0.267020 0.266429 0.142797 0.139255
1 3 0.212509 0.279117 0.176333 0.150640 0.181400
2 3 0.144087 0.219240 0.396321 0.085447 0.154905
2 3 0.063601 0.136179 0.656094 0.069851 0.074275
1 1 0.224334 0.289134 0.181198 0.156426 0.148907
1 1 0.211242 0.277988 0.175764 0.149994 0.185013
1 1 0.224334 0.289134 0.181198 0.156426 0.148907
1 1 0.224334 0.289134 0.181198 0.156426 0.148907
1 1 0.215998 0.282171 0.177853 0.152394 0.171584
1 1 0.221844 0.287105 0.180243 0.155246 0.155562
1 1 0.231108 0.287326 0.179686 0.153608 0.148272
0 1 0.342282 0.254086 0.154176 0.114543 0.134912
0 1 0.330852 0.257750 0.156841 0.118064 0.136493
0 1 0.490524 0.203256 0.119196 0.075563 0.111460
0 1 0.317416 0.261996 0.159965 0.122325 0.138298
0 1 0.578946 0.170750 0.098161 0.056729 0.095413
0 1 0.611530 0.158452 0.090404 0.050437 0.089177
0 0 0.746771 0.105804 0.058271 0.027585 0.061569
0 0 0.519835 0.192631 0.112229 0.069016 0.106289
0 0 0.591344 0.166090 0.095210 0.054297 0.093060
0 0 0.628690 0.151912 0.086319 0.047252 0.085827
0 0 0.775768 0.094198 0.051412 0.023337 0.055284
0 0 0.668103 0.136733 0.076943 0.040258 0.077964
0 0 0.646585 0.145047 0.082061 0.044021 0.082286
0 0 0.594409 0.164934 0.094480 0.053703 0.092474
0 0 0.395103 0.236618 0.141783 0.099358 0.127138
0 0 0.511085 0.195819 0.114310 0.070937 0.107849
0 0 0.509318 0.196462 0.114730 0.071329 0.108162
0 0 0.441209 0.220753 0.130893 0.087346 0.119799
0 0 0.349650 0.251701 0.152454 0.112321 0.133873
0 0 0.410828 0.231265 0.138075 0.095142 0.124689
0 0 0.378686 0.242135 0.145646 0.103900 0.129632
0 0 0.402941 0.233958 0.139936 0.097241 0.125925
0 0 0.371110 0.244656 0.147426 0.106048 0.130761
0 0 0.442887 0.220166 0.130495 0.086928 0.119523
0 0 0.332702 0.257160 0.156410 0.117488 0.136240
0 0 0.328930 0.258361 0.157289 0.118666 0.136754
0 0 0.343741 0.253615 0.153835 0.114100 0.134708
0 0 0.336959 0.255798 0.155418 0.116172 0.135653
0 0 0.380836 0.241417 0.145141 0.103296 0.129310
0 0 0.372307 0.244259 0.147145 0.105706 0.130583
0 0 0.418632 0.228586 0.136232 0.093098 0.123452
0 0 0.311547 0.263829 0.161326 0.124229 0.139069
1 0 0.224334 0.289134 0.181198 0.156426 0.148907
0 0 0.307328 0.265138 0.162303 0.125615 0.139615
0 0 0.340796 0.254565 0.154523 0.114996 0.135120
0 0 0.389399 0.238543 0.143126 0.100919 0.128012
0 0 0.315093 0.262723 0.160504 0.123076 0.138605
0 0 0.362424 0.247525 0.149463 0.108552 0.132036
0 0 0.382740 0.240780 0.144693 0.102764 0.129023
0 0 0.476038 0.208447 0.122636 0.078920 0.113959
0 0 0.377841 0.242417 0.145845 0.104138 0.129759
0 0 0.531561 0.188337 0.109440 0.066484 0.104178
0 0 0.343348 0.253742 0.153927 0.114220 0.134763
0 0 0.339185 0.255083 0.154899 0.115488 0.135344
0 0 0.397688 0.235742 0.141174 0.098656 0.126740
0 0 0.370566 0.244836 0.147554 0.106203 0.130841
0 0 0.433939 0.223288 0.132613 0.089172 0.120987
0 0 0.314863 0.262795 0.160557 0.123150 0.138635
0 0 0.469375 0.210821 0.124217 0.080493 0.115094
0 0 0.613971 0.157524 0.089823 0.049978 0.088703
0 0 0.832742 0.071065 0.037995 0.015669 0.042530
0 0 0.428259 0.225261 0.133957 0.090616 0.121908
0 0 0.340180 0.254763 0.154666 0.115184 0.135206
0 0 0.369385 0.245227 0.147831 0.106542 0.131015
1 0 0.273822 0.275263 0.170015 0.137175 0.143726
1 1 0.227540 0.288282 0.180483 0.155084 0.148610
1 1 0.212787 0.279363 0.176457 0.150781 0.180613
4 1 0.174273 0.241238 0.155849 0.129320 0.299320
4 1 0.186730 0.254368 0.163213 0.136640 0.259048
4 1 0.172282 0.239078 0.154618 0.128121 0.305901
1 1 0.191903 0.259614 0.166089 0.139582 0.242812
1 1 0.208542 0.275550 0.174524 0.148601 0.192783
4 1 0.184642 0.252215 0.162021 0.135436 0.265686
4 1 0.175176 0.242212 0.156402 0.129861 0.296349
4 1 0.148949 0.212639 0.139189 0.113537 0.385686
4 1 0.173998 0.240940 0.155680 0.129154 0.300228
4 1 0.145696 0.208800 0.136901 0.111432 0.397171
4 1 0.103964 0.156631 0.104905 0.083054 0.551446
4 1 0.091481 0.140039 0.094431 0.074104 0.599945
4 1 0.116896 0.173352 0.115325 0.092108 0.502318
4 1 0.094639 0.144278 0.097120 0.076388 0.587575
4 1 0.149303 0.213055 0.139436 0.113765 0.384441
4 4 0.273178 0.170016 0.106540 0.068560 0.381706
4 4 0.171126 0.237816 0.153896 0.127421 0.309741
4 4 0.090829 0.055514 0.036717 0.020773 0.796167
4 4 0.140622 0.133774 0.087681 0.060528 0.577395
4 4 0.115162 0.171137 0.113953 0.090907 0.508841
1 4 0.198080 0.265704 0.169372 0.143013 0.223830
4 4 0.151936 0.216133 0.141261 0.115456 0.375214
4 4 0.140246 0.202290 0.132997 0.107868 0.416599
4 4 0.070607 0.111293 0.075988 0.058671 0.683441
4 4 0.088107 0.086602 0.058013 0.038638 0.728641
4 4 0.117702 0.096853 0.063847 0.041034 0.680564
4 4 0.151662 0.087692 0.056737 0.032981 0.670928
4 4 0.168733 0.097175 0.062564 0.036714 0.634815
4 4 0.067000 0.051604 0.034722 0.020749 0.825924
4 4 0.111204 0.166052 0.110794 0.088151 0.523799
4 4 0.137093 0.198480 0.130700 0.105786 0.427942
4 4 0.106887 0.160453 0.107300 0.085121 0.540239
4 0 0.134422 0.195229 0.128731 0.104010 0.437607
4 0 0.150814 0.216372 0.152810 0.112811 0.367194
4 0 0.139087 0.200893 0.132156 0.107104 0.420761
1 0 0.251541 0.281689 0.175086 0.145478 0.146205
1 0 0.236436 0.285882 0.178492 0.151436 0.147754
0 0 0.308523 0.264768 0.162026 0.125222 0.139461
0 0 0.304631 0.265972 0.162927 0.126509 0.139961
1 0 0.258759 0.279637 0.173449 0.142728 0.145426
1 0 0.224334 0.289134 0.181198 0.156426 0.148907
1 0 0.224334 0.289134 0.181198 0.156426 0.148907
1 0 0.224334 0.289134 0.181198 0.156426 0.148907
0 0 0.464299 0.212623 0.125421 0.081703 0.115954
1 0 0.206368 0.273556 0.173498 0.147464 0.199114
1 0 0.213386 0.279891 0.176721 0.151084 0.178917
1 0 0.219504 0.285158 0.179310 0.154118 0.161909
1 0 0.208337 0.275364 0.174429 0.148494 0.193376
0 0 0.353857 0.244349 0.148158 0.107081 0.146555
0 0 0.375759 0.238337 0.143705 0.101634 0.140565
1 0 0.231463 0.267570 0.168311 0.137894 0.194763
4 0 0.174627 0.241620 0.156066 0.129532 0.298155
4 0 0.178661 0.245940 0.158511 0.131935 0.284952
4 0 0.173482 0.240382 0.155362 0.128844 0.301930
1 0 0.273662 0.275310 0.170051 0.137233 0.143744
0 0 0.326874 0.173705 0.107242 0.066954 0.325226
4 0 0.188648 0.229802 0.147776 0.117671 0.316104
4 0 0.164130 0.230070 0.149432 0.123134 0.333234
4 1 0.176556 0.243694 0.157243 0.130685 0.291823
1 1 0.210438 0.268440 0.170186 0.142550 0.208386
1 1 0.212939 0.279498 0.176524 0.150858 0.180181
4 1 0.180537 0.247925 0.159627 0.133041 0.278871
1 1 0.194309 0.262009 0.167388 0.140929 0.235365
1 1 0.197170 0.264819 0.168899 0.142513 0.226598
4 1 0.177966 0.245200 0.158094 0.131523 0.287218
2 1 0.154781 0.229223 0.268525 0.101973 0.245497
4 1 0.165446 0.231541 0.150284 0.123947 0.328782
2 1 0.149711 0.225077 0.379608 0.089311 0.156294
1 1 0.187192 0.260462 0.239475 0.124987 0.187884
2 1 0.037518 0.084749 0.782418 0.030630 0.064685
2 2 0.129898 0.203078 0.440405 0.074482 0.152137
2 2 0.054770 0.110245 0.708108 0.037246 0.089632
2 2 0.062813 0.118557 0.676146 0.036105 0.106379
2 2 0.136239 0.210319 0.420570 0.079122 0.153750
1 2 0.224334 0.289134 0.181198 0.156426 0.148907
1 2 0.224334 0.289134 0.181198 0.156426 0.148907
1 2 0.240063 0.284888 0.177677 0.149979 0.147392
4 2 0.108319 0.162316 0.108464 0.086128 0.534773
1 2 0.211576 0.280653 0.211637 0.143290 0.152844
4 2 0.137318 0.198754 0.130865 0.105935 0.427128
1 2 0.197688 0.265323 0.169169 0.142798 0.225022
1 2 0.190492 0.258196 0.165316 0.138786 0.247209
4 2 0.179493 0.246822 0.159008 0.132426 0.282251
2 2 0.075162 0.132680 0.628230 0.038106 0.125821
2 2 0.054800 0.110433 0.707920 0.037500 0.089348
2 2 0.131866 0.205346 0.434210 0.075912 0.152667
2 2 0.161786 0.237154 0.288120 0.104297 0.208643
1 2 0.214168 0.280578 0.177064 0.151479 0.176711
1 2 0.224334 0.289134 0.181198 0.156426 0.148907
2 2 0.055123 0.112739 0.705539 0.040833 0.085766
2 2 0.037639 0.085986 0.781067 0.032587 0.062721
2 2 0.053963 0.111858 0.709745 0.041762 0.082671
2 2 0.022044 0.060040 0.853782 0.027406 0.036728
2 2 0.029424 0.073867 0.817255 0.032009 0.047445
2 2 0.174858 0.250232 0.307352 0.109658 0.157900
2 2 0.093346 0.166071 0.557827 0.064109 0.118647
2 2 0.063304 0.124952 0.671958 0.045747 0.094039
2 2 0.047835 0.102918 0.735407 0.039220 0.074619
2 2 0.060171 0.123063 0.682304 0.049056 0.085406
2 2 0.062465 0.126387 0.673026 0.050323 0.087800
2 2 0.045809 0.099397 0.744485 0.037456 0.072853
2 2 0.041824 0.093752 0.761390 0.036625 0.066409
2 2 0.073715 0.134421 0.633562 0.042816 0.115486
2 2 0.038324 0.088178 0.776957 0.034994 0.061547
2 2 0.036612 0.085348 0.784736 0.034093 0.059211
2 2 0.152424 0.227943 0.371550 0.091420 0.156663
2 2 0.036469 0.088100 0.781458 0.040402 0.053572
2 2 0.122012 0.193978 0.465491 0.069145 0.149373
2 2 0.020559 0.067997 0.826147 0.064440 0.020857
2 2 0.160096 0.235853 0.349111 0.097491 0.157449
2 2 0.090119 0.159574 0.571265 0.057729 0.121313
2 2 0.021008 0.058845 0.857654 0.028711 0.033782
2 2 0.051803 0.111561 0.715864 0.046427 0.074345
2 2 0.064204 0.130826 0.663842 0.055305 0.085823
2 2 0.067746 0.133764 0.652143 0.052979 0.093367
2 2 0.058412 0.120262 0.689711 0.047636 0.083979
2 2 0.065829 0.130862 0.659916 0.051522 0.091872
2 2 0.030968 0.078775 0.806560 0.037793 0.045904
2 3 0.074586 0.149552 0.617067 0.070867 0.087928
2 3 0.035373 0.092499 0.772774 0.056749 0.042605
2 3 0.135818 0.209845 0.421874 0.078811 0.153652
2 3 0.048184 0.106545 0.730545 0.045635 0.069093
1 3 0.197495 0.269964 0.246948 0.129743 0.155850
2 3 0.131546 0.204978 0.435214 0.075679 0.152582
2 2 0.185417 0.259766 0.275346 0.119214 0.160257
2 2 0.188514 0.262490 0.270384 0.121547 0.157065
2 2 0.077161 0.142136 0.619314 0.049702 0.111688
2 2 0.042856 0.097340 0.754678 0.041082 0.064044
2 2 0.092523 0.156954 0.559930 0.049478 0.141115
2 2 0.027683 0.070657 0.825745 0.030849 0.045066
2 2 0.025680 0.068745 0.832619 0.033787 0.039169
2 2 0.043764 0.093734 0.755044 0.032039 0.075419
2 2 0.049893 0.108385 0.724250 0.044863 0.072609
2 2 0.019704 0.061043 0.852000 0.042019 0.025234
2 2 0.072921 0.140986 0.631941 0.055942 0.098210
2 2 0.021260 0.059988 0.855143 0.030467 0.033143
2 2 0.023696 0.064438 0.843423 0.031255 0.037189
2 2 0.139131 0.213560 0.411641 0.081271 0.154397
2 2 0.049197 0.106189 0.728458 0.042209 0.073947
2 2 0.027461 0.072540 0.823060 0.036033 0.040906
2 2 0.051369 0.111447 0.717016 0.047347 0.072821
2 2 0.186921 0.261115 0.274614 0.120126 0.157225
1 2 0.222118 0.287750 0.186377 0.154078 0.149677
2 2 0.076361 0.136085 0.623810 0.041290 0.122453
1 2 0.222329 0.287504 0.180432 0.155478 0.154257
1 2 0.211576 0.278287 0.175915 0.150165 0.184057
2 2 0.092270 0.156237 0.566039 0.048796 0.136659
2 2 0.024868 0.065232 0.839881 0.028691 0.041327
2 2 0.174147 0.249566 0.309321 0.109057 0.157910
2 2 0.139078 0.213501 0.411804 0.081231 0.154385
2 2 0.155901 0.231564 0.361317 0.094151 0.157066
1 2 0.224334 0.289134 0.181198 0.156426 0.148907
1 2 0.224334 0.289134 0.181198 0.156426 0.148907
2 2 0.152311 0.226522 0.267108 0.100566 0.253493
2 2 0.156379 0.232081 0.358083 0.094694 0.158763
2 2 0.022663 0.060713 0.851417 0.026627 0.038580
2 2 0.021827 0.058531 0.856446 0.024899 0.038297
2 2 0.100053 0.176144 0.532428 0.071571 0.119804
2 2 0.026101 0.068344 0.832585 0.031237 0.041734
2 2 0.019529 0.056397 0.864274 0.029048 0.030752
1 2 0.224334 0.289134 0.181198 0.156426 0.148907
1 2 0.224334 0.289134 0.181198 0.156426 0.148907
1 2 0.224334 0.289134 0.181198 0.156426 0.148907
2 2 0.125236 0.197633 0.455226 0.071129 0.150776
2 2 0.023585 0.064300 0.843840 0.031370 0.036904
2 2 0.065806 0.125020 0.663823 0.041107 0.104244
2 2 0.023747 0.062843 0.845866 0.027421 0.040124
2 2 0.028385 0.073558 0.819832 0.034939 0.043287
2 2 0.036149 0.084570 0.786862 0.033836 0.058584
2 2 0.022167 0.063680 0.846376 0.036124 0.031653
2 2 0.017365 0.050148 0.878988 0.023228 0.030272
2 2 0.173042 0.248524 0.312389 0.108125 0.157920
0 2 0.287086 0.271316 0.166973 0.132476 0.142150
1 2 0.187880 0.255546 0.163863 0.137299 0.255412
2 2 0.065608 0.122241 0.665088 0.037134 0.109930
2 2 0.066486 0.133268 0.655737 0.054881 0.089629
1 2 0.224334 0.289134 0.181198 0.156426 0.148907
1 2 0.218000 0.283887 0.178694 0.153384 0.166035
1 2 0.224334 0.289134 0.181198 0.156426 0.148907
1 2 0.251083 0.281818 0.175190 0.145655 0.146254
1 2 0.216217 0.282360 0.177946 0.152503 0.170973
1 2 0.215672 0.281889 0.177714 0.152232 0.172492
1 1 0.224334 0.289134 0.181198 0.156426 0.148907
2 1 0.135852 0.209883 0.421769 0.078836 0.153660
1 1 0.224334 0.289134 0.181198 0.156426 0.148907
1 1 0.224334 0.289134 0.181198 0.156426 0.148907
2 2 0.105313 0.180838 0.515950 0.071237 0.126662
1 2 0.224334 0.289134 0.181198 0.156426 0.148907
1 2 0.224334 0.289134 0.181198 0.156426 0.148907
2 2 0.108830 0.181352 0.507029 0.066195 0.136594
2 2 0.180179 0.255132 0.292756 0.114214 0.157718
1 2 0.250216 0.282062 0.175386 0.145989 0.146346
1 2 0.262909 0.278444 0.172505 0.141174 0.144968
1 2 0.224334 0.289134 0.181198 0.156426 0.148907
0 2 0.308225 0.264861 0.162095 0.125320 0.139500
0 0 0.302586 0.266601 0.163400 0.127191 0.140222
0 0 0.407087 0.232544 0.138958 0.096134 0.125277
0 0 0.794539 0.086625 0.046982 0.020710 0.051144
0 0 0.738963 0.108911 0.060120 0.028768 0.063238
0 0 0.846450 0.065433 0.034781 0.013963 0.039374
0 0 0.918558 0.035331 0.018029 0.005985 0.022097
0 0 0.897508 0.044206 0.022887 0.008127 0.027272
0 0 0.858253 0.060561 0.032020 0.012539 0.036626
0 0 0.800136 0.084358 0.045663 0.019946 0.049898
0 0 0.920075 0.034688 0.017680 0.005838 0.021719
0 0 0.858216 0.060576 0.032029 0.012543 0.036635
0 0 0.321870 0.260596 0.158931 0.120898 0.137706
1 0 0.229807 0.287676 0.179977 0.154144 0.148396
1 0 0.224334 0.289134 0.181198 0.156426 0.148907
0 0 0.334449 0.256602 0.156003 0.116946 0.136000
0 0 0.360048 0.248305 0.150020 0.109246 0.132381
0 0 0.830312 0.072061 0.038565 0.015977 0.043085
0 0 0.477291 0.208000 0.122338 0.078627 0.113744
0 0 0.601929 0.159111 0.091105 0.050828 0.097026
0 0 0.448862 0.218071 0.129080 0.085450 0.118537
0 0 0.717847 0.117272 0.065127 0.032049 0.067706
0 0 0.809852 0.080412 0.043375 0.018640 0.047722
0 0 0.694559 0.126424 0.070655 0.035807 0.072555
0 0 0.681084 0.131686 0.073857 0.038050 0.075323
0 0 0.640471 0.117374 0.067103 0.032403 0.142650
0 0 0.800529 0.084198 0.045570 0.019893 0.049810
0 0 0.427544 0.222764 0.132630 0.089136 0.127926
0 0 0.412995 0.230523 0.137564 0.094572 0.124347
1 0 0.266474 0.277411 0.171693 0.139854 0.144568
0 0 0.360584 0.248129 0.149895 0.109089 0.132303
0 0 0.384917 0.214133 0.129560 0.086227 0.185163
0 0 0.422723 0.227176 0.135266 0.092038 0.122798
0 0 0.506536 0.197471 0.115391 0.071947 0.108654
0 0 0.408789 0.231963 0.138556 0.095682 0.125010
0 0 0.462523 0.212745 0.125568 0.081834 0.117329
0 0 0.277568 0.234565 0.146155 0.107792 0.233920
0 0 0.378231 0.242287 0.145753 0.104028 0.129701
0 0 0.265417 0.244815 0.152887 0.116220 0.220661
0 0 0.283472 0.263512 0.162811 0.127182 0.163023
0 0 0.309935 0.264330 0.161699 0.124757 0.139278
0 0 0.344074 0.247361 0.150349 0.109845 0.148371
0 0 0.421728 0.227519 0.135501 0.092295 0.122958
0 0 0.575865 0.171905 0.098895 0.057341 0.095994
0 0 0.433285 0.223515 0.132768 0.089338 0.121094
0 0 0.429973 0.224666 0.133552 0.090179 0.121631
0 0 0.331125 0.233622 0.143130 0.101943 0.190181
0 0 0.323075 0.247306 0.151405 0.111626 0.166588
0 0 0.399014 0.222216 0.133603 0.090232 0.154936
0 0 0.381723 0.223074 0.134831 0.091749 0.168623
1 0 0.231020 0.282008 0.176695 0.149301 0.160977
4 0 0.177681 0.244896 0.157922 0.131354 0.288147
1 0 0.201601 0.263648 0.167896 0.140631 0.226224
0 0 0.516450 0.193866 0.113034 0.069756 0.106894
0 0 0.686416 0.129607 0.072590 0.037157 0.074231
0 0 0.405641 0.233038 0.139299 0.096519 0.125503
0 0 0.546131 0.168250 0.097953 0.056000 0.131666
0 0 0.703075 0.117247 0.065568 0.032029 0.082081
0 0 0.379766 0.241775 0.145393 0.103597 0.129471
0 0 0.499226 0.200118 0.117129 0.073586 0.109941
0 0 0.682817 0.131011 0.073445 0.037759 0.074969
0 0 0.464023 0.212721 0.125487 0.081769 0.116000
0 0 0.731772 0.111765 0.061825 0.029871 0.064768
0 0 0.708989 0.120761 0.067229 0.033461 0.069560
0 0 0.476443 0.208303 0.122540 0.078825 0.113889
0 0 0.298340 0.267903 0.164380 0.128617 0.140759
0 0 0.400237 0.234877 0.140573 0.097967 0.126345
1 0 0.265890 0.277581 0.171826 0.140069 0.144634
0 0 0.637577 0.148509 0.084204 0.045636 0.084075
1 0 0.228358 0.288064 0.180301 0.154745 0.148533
1 0 0.220044 0.285611 0.179528 0.154380 0.160437
1 1 0.224334 0.289134 0.181198 0.156426 0.148907
0 1 0.295128 0.268883 0.165121 0.129707 0.141161
1 1 0.215485 0.281727 0.177634 0.152139 0.173015
1 1 0.209928 0.276808 0.175166 0.149319 0.188780
1 1 0.248393 0.282574 0.175798 0.146696 0.146537
1 1 0.224334 0.289134 0.181198 0.156426 0.148907
1 1 0.242050 0.284340 0.177230 0.149188 0.147192
1 1 0.273450 0.275372 0.170100 0.137309 0.143769
1 1 0.224334 0.289134 0.181198 0.156426 0.148907
1 1 0.224334 0.289134 0.181198 0.156426 0.148907
1 1 0.224334 0.289134 0.181198 0.156426 0.148907
1 1 0.224334 0.289134 0.181198 0.156426 0.148907
1 2 0.194711 0.267700 0.254137 0.127169 0.156284
2 2 0.189167 0.263050 0.268656 0.122132 0.156995
1 2 0.224334 0.289134 0.181198 0.156426 0.148907
2 2 0.190378 0.264082 0.265460 0.123223 0.156857
2 2 0.144608 0.219699 0.394838 0.085623 0.155232
1 2 0.224334 0.289134 0.181198 0.156426 0.148907
2 2 0.030994 0.076859 0.809499 0.033343 0.049305
2 2 0.079975 0.149004 0.606528 0.056943 0.107550
2 2 0.059542 0.121940 0.685072 0.048299 0.085147
2 2 0.109912 0.179677 0.505094 0.061562 0.143756
2 2 0.148486 0.223771 0.383265 0.088366 0.156111
2 2 0.028316 0.072461 0.821733 0.032660 0.044831
1 2 0.223535 0.288639 0.183060 0.155576 0.149189
1 2 0.197263 0.269777 0.247544 0.129528 0.155888
2 2 0.088565 0.161907 0.573197 0.065182 0.111149
2 2 0.053522 0.117459 0.704017 0.054676 0.070326
2 2 0.189195 0.263074 0.268581 0.122158 0.156992
2 2 0.083613 0.151669 0.594633 0.054992 0.115093
2 2 0.085144 0.158827 0.584231 0.066009 0.105790
2 2 0.045297 0.099667 0.745733 0.039237 0.070066
2 2 0.149153 0.224482 0.381273 0.088880 0.156212
2 2 0.114508 0.186298 0.489259 0.066379 0.143557
2 2 0.043451 0.099727 0.750114 0.044514 0.062194
1 0 0.270079 0.275802 0.172129 0.137679 0.144310
2 0 0.171682 0.247235 0.316178 0.106984 0.157921
2 0 0.155513 0.235501 0.357332 0.103897 0.147757
2 0 0.081233 0.153924 0.598474 0.064247 0.102123
2 2 0.090823 0.163592 0.566220 0.064062 0.115304
2 2 0.125219 0.197613 0.455280 0.071117 0.150771
2 2 0.128473 0.206627 0.440481 0.083820 0.140599
2 3 0.025644 0.075924 0.813037 0.056071 0.029324
2 3 0.046084 0.106618 0.734247 0.052302 0.060749
2 3 0.043136 0.107872 0.732619 0.067965 0.048408
2 3 0.035785 0.092749 0.772214 0.055519 0.043733
2 3 0.017095 0.058709 0.851918 0.053805 0.018473
2 3 0.022310 0.072622 0.749686 0.136564 0.018818
2 3 0.028482 0.084827 0.649192 0.215904 0.021594
2 3 0.027744 0.084071 0.752209 0.110940 0.025036
2 3 0.025269 0.077086 0.583073 0.297338 0.017235
3 3 0.029652 0.071187 0.269186 0.613636 0.016340
3 3 0.021742 0.046045 0.184848 0.733738 0.013626
3 3 0.030516 0.073145 0.272309 0.607247 0.016784
3 3 0.035570 0.075226 0.238992 0.628991 0.021221
3 3 0.023412 0.055141 0.231059 0.676962 0.013425
3 3 0.032026 0.072135 0.251817 0.625623 0.018398
3 3 0.026914 0.059929 0.226035 0.671233 0.015888
3 3 0.027603 0.045878 0.137310 0.768905 0.020304
3 3 0.023762 0.047010 0.172242 0.741438 0.015548
3 3 0.019959 0.036692 0.136977 0.792340 0.014031
3 3 0.023220 0.042737 0.149588 0.768375 0.016080
3 3 0.019958 0.035450 0.128726 0.801471 0.014395
3 3 0.029819 0.048700 0.138920 0.760498 0.022063
3 3 0.019965 0.036195 0.133594 0.796063 0.014182
3 3 0.031943 0.058939 0.179044 0.708667 0.021406
3 3 0.025802 0.048793 0.166461 0.741613 0.017331
3 3 0.024336 0.047142 0.168167 0.744212 0.016142
3 3 0.028410 0.048379 0.145737 0.757009 0.020464
3 3 0.027622 0.044579 0.130278 0.776751 0.020770
3 3 0.025483 0.043594 0.138264 0.774178 0.018482
3 3 0.026247 0.046387 0.149012 0.759830 0.018524
3 3 0.027138 0.040975 0.114294 0.796109 0.021484
3 3 0.024588 0.044716 0.151194 0.762412 0.017090
3 3 0.029773 0.042136 0.107081 0.796489 0.024521
3 3 0.031377 0.048171 0.127874 0.768378 0.024200
3 3 0.031473 0.051253 0.142404 0.751654 0.023216
3 3 0.026055 0.051778 0.182603 0.722726 0.016838
3 3 0.027192 0.046364 0.142544 0.764250 0.019650
3 3 0.031594 0.051721 0.144048 0.749431 0.023205
3 3 0.024115 0.042834 0.143379 0.772580 0.017092
3 3 0.026734 0.045813 0.142476 0.765701 0.019277
3 3 0.049243 0.086683 0.206192 0.625191 0.032692
3 3 0.033118 0.054229 0.147896 0.740550 0.024208
3 3 0.025102 0.041202 0.127226 0.787663 0.018806
3 3 0.038763 0.061890 0.153991 0.716922 0.028434
3 3 0.028062 0.050521 0.159815 0.742197 0.019406
3 3 0.024820 0.039883 0.121642 0.794743 0.018912
3 3 0.034305 0.056996 0.154707 0.729274 0.024717
3 3 0.026386 0.042696 0.127552 0.783479 0.019887
3 3 0.030859 0.048824 0.133752 0.763259 0.023306
3 3 0.028101 0.048436 0.148022 0.755361 0.020079
3 3 0.028820 0.045557 0.128523 0.775178 0.021922
3 3 0.027106 0.044543 0.133161 0.775044 0.020144
3 3 0.031668 0.050670 0.138453 0.755552 0.023657
3 3 0.026021 0.044567 0.140192 0.770403 0.018819
3 3 0.032166 0.048100 0.123640 0.770851 0.025242
3 3 0.027836 0.042781 0.119764 0.787924 0.021695
3 3 0.031567 0.047701 0.124683 0.771427 0.024623
3 3 0.026144 0.045862 0.146719 0.762712 0.018563
3 3 0.026736 0.050559 0.169745 0.735063 0.017897
3 3 0.027554 0.045665 0.136466 0.770000 0.020315
3 3 0.030765 0.052835 0.154605 0.739944 0.021851
3 3 0.025820 0.040929 0.121372 0.792077 0.019803
3 3 0.030185 0.048189 0.134269 0.764665 0.022692
3 3 0.032068 0.060247 0.185149 0.701349 0.021188
3 3 0.029840 0.053024 0.161513 0.734906 0.020716
2 3 0.088810 0.176530 0.396203 0.277013 0.061445
1 2 0.227003 0.288426 0.180603 0.155308 0.148660
2 2 0.062169 0.139741 0.648102 0.085776 0.064212
2 2 0.076955 0.164761 0.560316 0.126758 0.071211
2 2 0.086248 0.148444 0.578241 0.045322 0.141745
2 2 0.051619 0.110596 0.717430 0.044918 0.075436
2 2 0.019599 0.061448 0.850407 0.044177 0.024369
1 2 0.224334 0.289134 0.181198 0.156426 0.148907
2 2 0.127066 0.200372 0.420458 0.074256 0.177849
2 2 0.037718 0.087339 0.779536 0.034990 0.060418
2 2 0.095385 0.160369 0.555087 0.050807 0.138353
2 2 0.074940 0.132586 0.629092 0.038281 0.125101
4 2 0.169956 0.239336 0.178673 0.122618 0.289419
1 2 0.224334 0.289134 0.181198 0.156426 0.148907
4 2 0.173408 0.240301 0.155316 0.128799 0.302175
4 1 0.106139 0.159478 0.106689 0.084593 0.543101
4 1 0.112443 0.167649 0.111787 0.089016 0.519105
4 1 0.199389 0.235932 0.151003 0.120109 0.293567
4 1 0.131981 0.192237 0.126914 0.102378 0.446490
4 1 0.164203 0.230151 0.149479 0.123178 0.332989
4 1 0.097446 0.105523 0.070532 0.049093 0.677406
0 0 0.338335 0.255357 0.155097 0.115749 0.135463
4 0 0.128441 0.120219 0.079132 0.053754 0.618454
4 0 0.059018 0.091201 0.062711 0.047276 0.739794
4 0 0.091915 0.109607 0.073588 0.052723 0.672167
4 0 0.153639 0.090435 0.058501 0.034266 0.663158
4 0 0.067801 0.097720 0.066717 0.049691 0.718071
4 0 0.085069 0.125269 0.084717 0.065022 0.639923
4 0 0.156566 0.054391 0.034714 0.016940 0.737389
4 0 0.092236 0.077077 0.051346 0.032432 0.746910
0 0 0.368254 0.177087 0.108132 0.066468 0.280059
0 0 0.455818 0.129687 0.077572 0.040410 0.296513
1 0 0.195161 0.261648 0.167112 0.140456 0.235623
4 0 0.299479 0.113325 0.070228 0.037905 0.479064
4 0 0.124373 0.126288 0.083369 0.058143 0.607828
4 0 0.096695 0.147024 0.098857 0.077868 0.579556
4 2 0.103988 0.156663 0.104925 0.083071 0.551354
4 4 0.124688 0.142244 0.094052 0.068506 0.570509
4 4 0.108159 0.081685 0.053940 0.033359 0.722857
4 4 0.136882 0.040720 0.026017 0.011895 0.784486
4 4 0.070684 0.100318 0.068350 0.050825 0.709822
4 4 0.112306 0.056309 0.036756 0.019773 0.774856
4 4 0.159271 0.056892 0.036311 0.017918 0.729609
4 4 0.103427 0.109835 0.073193 0.050889 0.662656
4 4 0.097903 0.144980 0.097389 0.076063 0.583666
4 4 0.097325 0.147863 0.099386 0.078320 0.577106
4 4 0.145214 0.208228 0.136559 0.111119 0.398880
4 4 0.101586 0.153505 0.102942 0.081366 0.560601
4 4 0.133729 0.132639 0.087215 0.060792 0.585625
4 4 0.109745 0.119779 0.079643 0.056269 0.634563
4 4 0.106592 0.160068 0.107058 0.084912 0.541370
4 4 0.153915 0.218431 0.142619 0.116718 0.368317
4 4 0.132645 0.193053 0.127410 0.102823 0.444069
4 4 0.121422 0.163136 0.108215 0.083595 0.523632
0 4 0.401355 0.234498 0.140310 0.097666 0.126171
4 4 0.184223 0.251781 0.161780 0.135193 0.267024
4 1 0.150308 0.214233 0.140135 0.114412 0.380911
4 1 0.163836 0.229740 0.149240 0.122951 0.334233
4 1 0.191992 0.242723 0.155668 0.126587 0.283030
4 1 0.197111 0.197904 0.127084 0.093893 0.384008
4 1 0.180411 0.247793 0.159553 0.132967 0.279276
1 1 0.190075 0.257775 0.165086 0.138549 0.248515
1 0 0.217571 0.283522 0.178516 0.153173 0.167218
1 0 0.192990 0.260699 0.166679 0.140192 0.239439
4 0 0.156425 0.221325 0.144324 0.118311 0.359615
4 0 0.153759 0.218250 0.142513 0.116619 0.368858
4 0 0.187741 0.255403 0.163784 0.137220 0.255852
4 0 0.166604 0.232830 0.151029 0.124659 0.324877
1 0 0.201255 0.268757 0.170992 0.144739 0.214258
4 0 0.186376 0.254004 0.163012 0.136436 0.260171
4 0 0.179646 0.246984 0.159099 0.132516 0.281754
0 0 0.287980 0.271047 0.166767 0.132165 0.142041
0 0 0.297029 0.268304 0.164683 0.129061 0.140923
0 0 0.409667 0.231663 0.138349 0.095449 0.124872
0 0 0.298576 0.267831 0.164326 0.128538 0.140729
1 0 0.190110 0.257810 0.165105 0.138569 0.248406
4 0 0.067889 0.115033 0.146094 0.049926 0.621058
4 0 0.067891 0.115035 0.146094 0.049927 0.621052
4 0 0.067891 0.115035 0.146094 0.049927 0.621052
4 0 0.067891 0.115035 0.146094 0.049927 0.621052
4 0 0.090361 0.146767 0.171689 0.065350 0.525833
4 1 0.178789 0.246075 0.158587 0.132010 0.284539
1 1 0.205218 0.272490 0.172946 0.146858 0.202488
4 1 0.162225 0.227928 0.148187 0.121950 0.339711
4 1 0.152780 0.217115 0.141842 0.115995 0.372267
4 1 0.146089 0.209265 0.137179 0.111687 0.395780
4 1 0.164367 0.230335 0.149585 0.123280 0.332434
4 1 0.173931 0.240867 0.155638 0.129114 0.300450
4 1 0.157065 0.229372 0.223024 0.108178 0.282362
1 1 0.199989 0.267546 0.170352 0.144054 0.218059
1 1 0.199568 0.267141 0.170137 0.143825 0.219329
1 1 0.197651 0.265287 0.169150 0.142777 0.225135
0 1 0.281734 0.272919 0.168202 0.134351 0.142794
1 1 0.188593 0.256273 0.164262 0.137707 0.253165
4 1 0.180313 0.247689 0.159494 0.132909 0.279594
1 1 0.189539 0.257232 0.164789 0.138245 0.250195
1 1 0.192348 0.264782 0.229409 0.129445 0.184016
1 1 0.190861 0.258567 0.165519 0.138994 0.246059
1 1 0.210942 0.277720 0.175629 0.149840 0.185869
4 1 0.118602 0.175522 0.116667 0.093285 0.495923
4 1 0.157329 0.230032 0.229160 0.107666 0.275813
1 1 0.202328 0.269777 0.171529 0.145317 0.211049
2 1 0.110853 0.181379 0.444117 0.064050 0.199600
2 2 0.051980 0.104418 0.720318 0.033131 0.090153
2 2 0.130185 0.203409 0.439501 0.074689 0.152216
2 2 0.051136 0.105763 0.722884 0.036977 0.083240
2 2 0.069560 0.129798 0.649264 0.042335 0.109042
1 2 0.224334 0.289134 0.181198 0.156426 0.148907
2 2 0.036039 0.084163 0.787599 0.033337 0.058863
2 2 0.040578 0.092468 0.766181 0.037399 0.063372
2 2 0.057027 0.115168 0.697915 0.041156 0.088734
2 2 0.106478 0.174706 0.516929 0.058135 0.143752
2 2 0.067639 0.130205 0.655344 0.046508 0.100305
2 2 0.100211 0.168756 0.537591 0.057378 0.136064
2 2 0.166928 0.242648 0.329553 0.103040 0.157831
2 2 0.114032 0.188341 0.489038 0.070926 0.137664
2 2 0.026135 0.068902 0.831614 0.032396 0.040952
2 2 0.053836 0.112540 0.709532 0.043340 0.080751
2 2 0.039083 0.089200 0.773753 0.034961 0.063003
2 2 0.066274 0.130969 0.658649 0.050745 0.093363
2 2 0.081025 0.145218 0.605795 0.048310 0.119651
2 2 0.027390 0.069712 0.827725 0.029798 0.045374
2 2 0.035890 0.085539 0.786384 0.036579 0.055608
2 2 0.067971 0.131885 0.653195 0.048891 0.098059
1 2 0.210503 0.279886 0.214265 0.142224 0.153122
2 2 0.045179 0.100035 0.745674 0.040271 0.068841
2 2 0.031511 0.078447 0.806090 0.035123 0.048828
2 2 0.044122 0.099654 0.748758 0.042377 0.065088
2 2 0.157542 0.233252 0.356526 0.095452 0.157229
1 2 0.219617 0.280429 0.205404 0.142788 0.151762
2 2 0.109035 0.178843 0.507919 0.061413 0.142789
1 2 0.196122 0.268853 0.250486 0.128469 0.156070
1 2 0.212134 0.280868 0.206514 0.144540 0.155943
2 2 0.012797 0.041101 0.902468 0.022085 0.021549
2 2 0.017388 0.049180 0.880353 0.021012 0.032066
2 2 0.037649 0.088906 0.777819 0.038432 0.057195
2 2 0.046225 0.099916 0.742785 0.037431 0.073643
2 2 0.044041 0.095585 0.753002 0.034637 0.072736
2 2 0.040317 0.091386 0.768038 0.035956 0.064303
2 2 0.035781 0.082714 0.789736 0.031253 0.060517
2 2 0.099262 0.166084 0.520813 0.054273 0.159569
2 2 0.040141 0.091166 0.768759 0.035990 0.063943
2 2 0.229839 0.225344 0.310391 0.082870 0.151556
2 2 0.141349 0.216265 0.332547 0.088349 0.221491
1 2 0.191639 0.264384 0.235235 0.128177 0.180564
2 2 0.110475 0.179729 0.503492 0.060840 0.145464
2 2 0.041421 0.093323 0.762962 0.036840 0.065454
2 2 0.034797 0.082646 0.792695 0.033815 0.056047
2 2 0.047507 0.102849 0.736422 0.039884 0.073338
2 2 0.018678 0.053148 0.871523 0.024794 0.031857
2 2 0.092700 0.169933 0.554968 0.073545 0.108854
2 2 0.156778 0.232467 0.358754 0.094845 0.157155
1 2 0.209427 0.276355 0.174935 0.149060 0.190224
0 1 0.582864 0.169280 0.097229 0.055955 0.094672
1 1 0.202006 0.269471 0.171368 0.145144 0.212012
1 1 0.224334 0.289134 0.181198 0.156426 0.148907
1 1 0.209659 0.279051 0.211280 0.142294 0.157717
2 1 0.174570 0.249963 0.308148 0.109415 0.157904
2 2 0.052107 0.110216 0.716528 0.042956 0.078193
2 2 0.036826 0.087485 0.781616 0.037889 0.056183
2 2 0.061146 0.122197 0.680389 0.045212 0.091055
2 2 0.053724 0.114388 0.707902 0.047301 0.076684
2 2 0.149518 0.224871 0.380183 0.089162 0.156266
2 2 0.052025 0.114260 0.711724 0.051713 0.070279
1 2 0.262228 0.277899 0.172248 0.140852 0.146772
0 2 0.314436 0.256155 0.156881 0.118509 0.154018
1 2 0.195428 0.263113 0.167984 0.141551 0.231924
1 2 0.207191 0.274314 0.173890 0.147896 0.196709
1 2 0.268458 0.276834 0.171240 0.139125 0.144343
4 1 0.171934 0.238699 0.154401 0.127910 0.307055
0 0 0.584448 0.168685 0.096852 0.055644 0.094372
1 0 0.250771 0.281906 0.175261 0.145775 0.146287
0 0 0.314526 0.262900 0.160635 0.123259 0.138679
0 0 0.384800 0.240089 0.144209 0.102191 0.128711
0 0 0.285823 0.271695 0.167263 0.132916 0.142303
1 1 0.224334 0.289134 0.181198 0.156426 0.148907
1 1 0.224334 0.289134 0.181198 0.156426 0.148907
1 1 0.243335 0.269587 0.168738 0.137419 0.180921
4 1 0.154149 0.218701 0.142779 0.116867 0.367504
4 1 0.185407 0.253007 0.162460 0.135878 0.263248
1 1 0.193439 0.261146 0.166922 0.140444 0.238050
4 1 0.151530 0.220797 0.188438 0.108484 0.330751
4 1 0.161074 0.226627 0.147429 0.121233 0.343638
4 1 0.128623 0.188092 0.124388 0.100120 0.458777
4 1 0.182256 0.249731 0.160638 0.134048 0.273328
4 1 0.097560 0.148175 0.099584 0.078489 0.576192
4 1 0.145455 0.208515 0.136730 0.111276 0.398024
4 1 0.151438 0.215552 0.140918 0.115136 0.376956
4 1 0.160604 0.226095 0.147118 0.120939 0.345243
4 1 0.113455 0.168950 0.112596 0.089721 0.515278
1 1 0.222628 0.258291 0.163342 0.132421 0.223318
4 1 0.096029 0.146135 0.098295 0.077389 0.582153
4 1 0.086323 0.133053 0.089984 0.070345 0.620295
4 4 0.249234 0.066615 0.041393 0.019298 0.623459
2 4 0.150357 0.227452 0.375973 0.093466 0.152752
4 4 0.330009 0.098251 0.060277 0.030207 0.481256
4 4 0.098985 0.117679 0.078740 0.056777 0.647820
4 4 0.122349 0.180257 0.119586 0.095857 0.481950
4 4 0.135704 0.113136 0.074121 0.048561 0.628478
4 4 0.213501 0.098703 0.062550 0.034808 0.590437
4 4 0.158745 0.049458 0.031459 0.014804 0.745534
4 4 0.131133 0.150676 0.099370 0.073014 0.545808
4 4 0.195984 0.136258 0.087344 0.055853 0.524560
4 4 0.241087 0.084913 0.053183 0.027227 0.593590
4 4 0.115106 0.047070 0.030533 0.015343 0.791948
4 4 0.147196 0.079164 0.051203 0.028928 0.693509
4 4 0.341886 0.151266 0.093021 0.054415 0.359414
4 4 0.307923 0.094413 0.058195 0.029202 0.510267
4 4 0.131080 0.191129 0.126240 0.101775 0.449776
4 4 0.332560 0.067450 0.041033 0.017949 0.541009
4 4 0.189077 0.084974 0.054132 0.029432 0.642385
4 4 0.130045 0.189852 0.125462 0.101078 0.453563
4 4 0.113131 0.102413 0.067763 0.044886 0.671808
4 4 0.136171 0.197361 0.130023 0.105174 0.431271
4 4 0.223564 0.110581 0.069999 0.040131 0.555725
4 4 0.171099 0.091839 0.059003 0.033816 0.644243
4 4 0.216214 0.147279 0.093841 0.060327 0.482339
4 4 0.275723 0.070216 0.043366 0.020100 0.590595
4 4 0.280832 0.058267 0.035776 0.015468 0.609658
4 4 0.272379 0.106761 0.066574 0.035940 0.518346
1 4 0.191505 0.259215 0.165872 0.139358 0.244051
4 4 0.284962 0.134904 0.084124 0.049011 0.446998
4 4 0.142838 0.054735 0.035151 0.017599 0.749676
4 4 0.146302 0.064564 0.041572 0.021904 0.725658
4 4 0.167686 0.090709 0.058341 0.033458 0.649807
4 4 0.077542 0.120985 0.082247 0.063864 0.655362
4 4 0.195551 0.115155 0.073635 0.044277 0.571382
4 4 0.163282 0.165986 0.107971 0.077879 0.484881
4 4 0.135450 0.196947 0.132910 0.104166 0.430527
4 4 0.158925 0.157139 0.102358 0.072781 0.508797
4 4 0.089001 0.088813 0.059490 0.039871 0.722825
4 4 0.126662 0.185656 0.122899 0.098794 0.465989
4 4 0.091579 0.140171 0.094515 0.074175 0.599559
4 4 0.098965 0.150040 0.100761 0.079495 0.570739
0 4 0.329679 0.223884 0.137485 0.095918 0.213034
4 4 0.112463 0.167674 0.111803 0.089030 0.519030
4 4 0.171168 0.237862 0.153923 0.127446 0.309601
4 4 0.130498 0.190411 0.125803 0.101383 0.451906
4 4 0.169370 0.235890 0.152792 0.126353 0.315594
1 4 0.201202 0.268707 0.170965 0.144711 0.214415
4 4 0.125033 0.183623 0.121653 0.097687 0.472003
4 1 0.182160 0.249630 0.160581 0.133992 0.273636
4 1 0.113943 0.169577 0.112985 0.090060 0.513435
4 1 0.153452 0.217894 0.142303 0.116424 0.369927
4 1 0.118758 0.179425 0.146389 0.089427 0.466000
4 1 0.124045 0.182387 0.120895 0.097015 0.475658
2 1 0.091617 0.177524 0.542932 0.095975 0.091953
4 1 0.167247 0.233545 0.151442 0.125055 0.322712
1 2 0.195698 0.263379 0.168127 0.141701 0.231095
4 2 0.170423 0.237046 0.153455 0.126994 0.312081
4 2 0.152818 0.217158 0.141868 0.116019 0.372137
1 2 0.200694 0.268222 0.170709 0.144437 0.215938
4 2 0.107480 0.161225 0.107782 0.085538 0.537974
1 2 0.224334 0.289134 0.181198 0.156426 0.148907
1 2 0.207971 0.275030 0.174257 0.148304 0.194438
4 2 0.163512 0.231218 0.164592 0.120244 0.320434
4 2 0.148667 0.212308 0.138992 0.113356 0.386677
4 2 0.127921 0.195881 0.210694 0.089522 0.375982
4 2 0.154471 0.219074 0.142999 0.117072 0.366383
4 2 0.114754 0.170616 0.113630 0.090624 0.510375
4 2 0.133672 0.202137 0.204822 0.094123 0.365246
4 2 0.148872 0.222331 0.256406 0.099399 0.272992
4 2 0.157124 0.222127 0.144795 0.118753 0.357201
1 2 0.221654 0.286949 0.180168 0.155156 0.156074
1 1 0.214083 0.282415 0.205538 0.145801 0.152164
1 1 0.224334 0.289134 0.181198 0.156426 0.148907
1 1 0.210457 0.277284 0.175408 0.149591 0.187259
1 1 0.188412 0.256088 0.164161 0.137604 0.253735
1 1 0.198819 0.266420 0.169753 0.143417 0.221591
1 1 0.224334 0.289134 0.181198 0.156426 0.148907
