2 0 0.061382 0.351172 0.418701 0.034790 0.133955
2 0 0.087589 0.319996 0.342481 0.054605 0.195328
4 0 0.312965 0.156447 0.131883 0.035670 0.363035
0 0 0.282711 0.211888 0.210338 0.056732 0.238330
0 0 0.510680 0.113622 0.102494 0.031935 0.241268
0 0 0.447682 0.110051 0.091425 0.009574 0.341268
4 0 0.237768 0.214996 0.203441 0.070002 0.273793
0 0 0.634521 0.085175 0.079774 0.025356 0.175175
0 0 0.347229 0.181802 0.178318 0.065672 0.226978
0 0 0.433363 0.127659 0.110748 0.026223 0.302007
0 0 0.605525 0.087993 0.079557 0.016468 0.210457
0 0 0.329047 0.162421 0.142943 0.053313 0.312276
0 0 0.404562 0.147030 0.134836 0.057865 0.255707
0 0 0.257754 0.227462 0.233286 0.064646 0.216851
0 0 0.751357 0.054192 0.050711 0.008350 0.135390
0 0 0.645824 0.079501 0.072940 0.015714 0.186021
4 0 0.116280 0.231562 0.193738 0.056816 0.401604
4 0 0.094970 0.194754 0.145455 0.029450 0.535371
4 0 0.094970 0.194754 0.145456 0.029450 0.535371
4 0 0.094970 0.194754 0.145456 0.029450 0.535371
4 0 0.094970 0.194754 0.145456 0.029450 0.535371
4 0 0.094970 0.194754 0.145456 0.029450 0.535371
4 0 0.094970 0.194754 0.145455 0.029450 0.535371
4 0 0.094970 0.194754 0.145456 0.029450 0.535371
4 0 0.094970 0.194754 0.145456 0.029450 0.535371
4 0 0.094970 0.194754 0.145456 0.029450 0.535371
4 0 0.094970 0.194754 0.145456 0.029450 0.535371
4 0 0.094970 0.194754 0.145456 0.029450 0.535371
4 0 0.094970 0.194754 0.145456 0.029450 0.535371
4 0 0.094970 0.194754 0.145456 0.029450 0.535371
4 0 0.094970 0.194754 0.145455 0.029450 0.535371
4 0 0.094970 0.194754 0.145456 0.029450 0.535371
4 0 0.094970 0.194754 0.145456 0.029450 0.535371
4 0 0.094970 0.194754 0.145455 0.029450 0.535371
4 0 0.094970 0.194754 0.145456 0.029450 0.535371
4 0 0.094970 0.194754 0.145456 0.029450 0.535371
4 0 0.094970 0.194754 0.145456 0.029450 0.535371
4 0 0.094970 0.194754 0.145456 0.029450 0.535371
4 0 0.094970 0.194754 0.145456 0.029450 0.535371
4 0 0.094970 0.194754 0.145456 0.029450 0.535371
4 0 0.094970 0.194754 0.145455 0.029450 0.535371
4 0 0.094970 0.194754 0.145456 0.029450 0.535371
4 0 0.094970 0.194754 0.145456 0.029450 0.535371
4 0 0.094970 0.194754 0.145456 0.029450 0.535371
4 0 0.139156 0.203631 0.163359 0.048966 0.444888
0 0 0.695450 0.069011 0.064607 0.014914 0.156018
0 0 0.679836 0.073166 0.068505 0.017233 0.161260
0 0 0.747684 0.055159 0.051617 0.008705 0.136835
0 0 0.696781 0.068657 0.064275 0.014726 0.155560
0 0 0.613251 0.090751 0.085009 0.029959 0.181030
2 0 0.232967 0.257462 0.302382 0.066728 0.140462
2 0 0.214403 0.265469 0.311926 0.067025 0.141176
2 0 0.164662 0.289928 0.366256 0.070732 0.108421
2 0 0.234711 0.257595 0.309765 0.069639 0.128290
2 0 0.212476 0.265860 0.324419 0.076205 0.121040
2 0 0.218527 0.264633 0.318579 0.069656 0.128605
2 0 0.259300 0.242635 0.286593 0.079275 0.132197
0 0 0.683913 0.072081 0.067488 0.016605 0.159913
0 0 0.682802 0.072377 0.067765 0.016774 0.160281
0 0 0.462493 0.129667 0.119226 0.052177 0.236436
0 0 0.364842 0.147029 0.127127 0.039708 0.321295
4 0 0.299201 0.143148 0.124192 0.019418 0.414040
4 0 0.283607 0.150611 0.121578 0.018681 0.425523
4 0 0.181796 0.174481 0.136354 0.024206 0.483163
4 0 0.174769 0.215268 0.186284 0.061435 0.362244
2 0 0.141736 0.302785 0.378119 0.062753 0.114608
0 0 0.389567 0.145085 0.129735 0.060784 0.274828
2 0 0.187425 0.253351 0.256354 0.072177 0.230694
2 0 0.169503 0.273736 0.297356 0.076201 0.183204
2 0 0.172048 0.282101 0.322308 0.066132 0.157411
0 0 0.306509 0.206947 0.210890 0.061567 0.214087
0 0 0.736330 0.058156 0.054427 0.009866 0.141220
0 0 0.769250 0.049503 0.046316 0.006759 0.128173
0 0 0.779415 0.046858 0.043837 0.005953 0.123937
0 0 0.686772 0.071321 0.066774 0.016174 0.158959
0 0 0.515471 0.124801 0.121689 0.049517 0.188522
0 0 0.624900 0.087704 0.082148 0.027372 0.177878
0 0 0.749991 0.054551 0.051048 0.008481 0.135929
0 0 0.376773 0.184992 0.194567 0.063019 0.180649
2 0 0.200091 0.267801 0.312903 0.077785 0.141420
4 0 0.298480 0.158349 0.132274 0.033339 0.377558
0 0 0.523490 0.135655 0.139044 0.024622 0.177189
0 0 0.589999 0.096777 0.090666 0.035632 0.186925
0 0 0.445933 0.127619 0.112493 0.032575 0.281380
4 0 0.126082 0.198949 0.155464 0.046194 0.473311
4 0 0.128878 0.210943 0.170346 0.053308 0.436525
4 0 0.142416 0.207588 0.168825 0.050591 0.430579
0 0 0.539281 0.106659 0.096750 0.028919 0.228390
0 0 0.276763 0.237884 0.267240 0.053771 0.164342
4 0 0.187223 0.153038 0.115283 0.010170 0.534285
0 0 0.309814 0.172062 0.154966 0.074137 0.289021
4 0 0.200442 0.218208 0.197954 0.070658 0.312738
2 0 0.159289 0.274742 0.289135 0.071498 0.205336
2 0 0.167733 0.259212 0.260383 0.078371 0.234302
1 1 0.116962 0.275187 0.265458 0.077312 0.265082
1 1 0.086615 0.304456 0.296929 0.039887 0.272112
1 1 0.076385 0.309213 0.297897 0.028743 0.287761
1 1 0.077501 0.315391 0.312140 0.032047 0.262922
1 2 0.073686 0.307962 0.293403 0.025678 0.299271
1 2 0.077906 0.309038 0.298774 0.030375 0.283906
4 2 0.068315 0.200277 0.204125 0.016829 0.510454
2 2 0.074127 0.290527 0.312411 0.028201 0.294734
4 2 0.070544 0.180542 0.172024 0.016883 0.560008
4 2 0.071972 0.213797 0.223375 0.019858 0.470999
4 2 0.065822 0.233219 0.308642 0.021189 0.371128
4 2 0.064538 0.212814 0.319910 0.021577 0.381162
2 2 0.054288 0.286781 0.500481 0.035781 0.122668
2 2 0.068030 0.269915 0.353690 0.026999 0.281366
4 2 0.078053 0.259039 0.218164 0.022199 0.422544
2 2 0.048283 0.179481 0.576848 0.033180 0.162208
2 2 0.049612 0.168082 0.586877 0.038152 0.157277
2 2 0.053336 0.255677 0.508618 0.031977 0.150391
2 2 0.051897 0.204599 0.519386 0.029026 0.195093
2 2 0.059984 0.248064 0.492654 0.039658 0.159640
2 2 0.046615 0.191576 0.608408 0.040078 0.113323
2 2 0.071141 0.290496 0.387880 0.036511 0.213973
2 2 0.040411 0.148163 0.683999 0.052067 0.075360
2 2 0.059947 0.231340 0.513820 0.044548 0.150346
2 2 0.048610 0.161385 0.629284 0.062385 0.098336
2 3 0.066047 0.285244 0.441736 0.040782 0.166191
2 3 0.047192 0.220362 0.607334 0.054459 0.070653
2 3 0.059461 0.236082 0.543428 0.061915 0.099114
2 3 0.060886 0.228285 0.544200 0.066077 0.100552
2 3 0.048851 0.159835 0.632454 0.077791 0.081068
2 3 0.045662 0.121715 0.641667 0.113325 0.077630
2 3 0.062060 0.273229 0.508895 0.062119 0.093698
2 3 0.050945 0.198809 0.587695 0.093698 0.068854
2 3 0.052067 0.197955 0.600432 0.059729 0.089816
2 3 0.034732 0.102482 0.620511 0.185197 0.057078
2 3 0.035896 0.128432 0.670351 0.111309 0.054012
2 3 0.043306 0.116215 0.655889 0.099541 0.085050
2 3 0.050772 0.182922 0.613967 0.063250 0.089088
2 3 0.047596 0.196123 0.567838 0.120021 0.068422
2 3 0.055405 0.187084 0.585200 0.087727 0.084584
2 3 0.044924 0.142322 0.621524 0.113228 0.078003
2 3 0.041888 0.127727 0.604868 0.163566 0.061952
2 3 0.057233 0.207946 0.554809 0.091711 0.088301
2 3 0.055905 0.214675 0.566452 0.078691 0.084278
2 3 0.052957 0.183088 0.589925 0.083259 0.090771
2 3 0.030022 0.072119 0.557975 0.283397 0.056487
2 3 0.033139 0.092314 0.583121 0.235883 0.055543
2 3 0.049444 0.171852 0.606439 0.094175 0.078091
2 3 0.045361 0.150563 0.568109 0.174691 0.061276
2 3 0.043919 0.134675 0.572791 0.184034 0.064581
2 3 0.032912 0.097991 0.627931 0.185937 0.055230
2 3 0.037820 0.104301 0.525199 0.275452 0.057228
2 3 0.052179 0.197741 0.583169 0.084377 0.082534
2 3 0.042945 0.111790 0.525346 0.254242 0.065677
2 3 0.027315 0.073456 0.518998 0.332866 0.047366
2 3 0.053967 0.192453 0.550659 0.124445 0.078477
2 3 0.041332 0.120345 0.618032 0.151371 0.068921
2 3 0.035440 0.096972 0.508395 0.304898 0.054296
2 3 0.032965 0.091705 0.577665 0.242555 0.055111
2 3 0.042770 0.121109 0.575332 0.189434 0.071354
2 3 0.054209 0.134927 0.548673 0.172586 0.089604
2 3 0.040694 0.112791 0.600172 0.181770 0.064572
2 3 0.036128 0.115910 0.591009 0.203324 0.053629
2 3 0.040096 0.115599 0.607478 0.174093 0.062734
2 3 0.038036 0.110459 0.625248 0.164793 0.061464
2 3 0.051807 0.138664 0.532788 0.201168 0.075573
2 3 0.040569 0.108626 0.502164 0.289111 0.059531
2 3 0.038902 0.113485 0.571037 0.217799 0.058776
2 3 0.041980 0.118535 0.590007 0.185121 0.064356
2 3 0.034771 0.097353 0.590781 0.219617 0.057477
2 3 0.041275 0.124833 0.588352 0.184905 0.060634
2 3 0.032134 0.094925 0.589961 0.230305 0.052675
2 3 0.041676 0.125906 0.535910 0.238739 0.057768
2 3 0.058346 0.162904 0.524704 0.166726 0.087320
2 3 0.031234 0.103120 0.595789 0.221654 0.048202
2 3 0.040930 0.122023 0.577321 0.198304 0.061422
2 3 0.050619 0.154783 0.515837 0.207968 0.070792
2 3 0.038913 0.117004 0.568719 0.217926 0.057439
2 3 0.036762 0.097519 0.567224 0.238167 0.060328
2 3 0.045471 0.119068 0.523110 0.237938 0.074413
2 3 0.050905 0.163636 0.515041 0.197243 0.073175
2 3 0.034120 0.092449 0.578264 0.237789 0.057379
2 3 0.028040 0.071902 0.555066 0.293386 0.051606
2 3 0.033849 0.100229 0.587150 0.224596 0.054176
2 3 0.059993 0.209860 0.520009 0.121079 0.089059
2 3 0.034114 0.108879 0.644743 0.157454 0.054811
2 3 0.052000 0.206711 0.522902 0.142838 0.075550
2 3 0.037056 0.173161 0.620742 0.118647 0.050393
2 3 0.057293 0.210637 0.488947 0.154907 0.088215
2 3 0.044177 0.132779 0.486759 0.275096 0.061189
2 3 0.042966 0.124845 0.414540 0.364975 0.052674
2 3 0.039262 0.118759 0.477442 0.311884 0.052653
2 3 0.054714 0.245354 0.470517 0.156540 0.072875
2 3 0.057866 0.243767 0.442581 0.180482 0.075304
2 3 0.035774 0.103948 0.467091 0.343122 0.050065
2 3 0.052017 0.183161 0.465961 0.233129 0.065732
2 3 0.044573 0.131762 0.434258 0.334859 0.054548
2 3 0.060097 0.214737 0.472718 0.165213 0.087235
2 3 0.056756 0.206101 0.482671 0.173986 0.080486
2 3 0.049307 0.153824 0.475331 0.254287 0.067251
2 3 0.053326 0.204303 0.540424 0.123485 0.078462
2 3 0.049607 0.180799 0.545339 0.153781 0.070474
2 3 0.042266 0.161372 0.492486 0.247924 0.055952
2 1 0.058989 0.348721 0.455515 0.045273 0.091502
2 2 0.098420 0.324256 0.396653 0.059223 0.121449
2 2 0.079054 0.335736 0.397575 0.051615 0.136019
2 1 0.218138 0.249802 0.263891 0.066554 0.201616
0 1 0.641525 0.083328 0.078040 0.023956 0.173151
0 1 0.337605 0.173963 0.162741 0.065745 0.259946
4 1 0.125698 0.262073 0.242112 0.059382 0.310737
2 1 0.252216 0.231387 0.252257 0.095545 0.168595
2 0 0.203994 0.264528 0.303325 0.077101 0.151052
0 0 0.738008 0.057712 0.054011 0.009689 0.140580
0 1 0.429750 0.175606 0.192172 0.045411 0.157062
4 0 0.194078 0.229232 0.214080 0.073512 0.289097
0 0 0.723828 0.061467 0.057532 0.011261 0.145910
2 1 0.267974 0.244033 0.286761 0.062210 0.139022
0 0 0.336015 0.191714 0.202281 0.096449 0.173541
0 0 0.327534 0.202082 0.219229 0.087591 0.163564
0 0 0.619817 0.089036 0.083398 0.028480 0.179269
0 0 0.726187 0.060842 0.056946 0.010989 0.145037
0 0 0.695069 0.069112 0.064702 0.014967 0.156149
0 0 0.642547 0.083058 0.077787 0.023756 0.172852
0 0 0.703978 0.066742 0.062479 0.013742 0.153059
0 0 0.665723 0.076918 0.072025 0.019532 0.165801
0 0 0.424901 0.136324 0.126691 0.088910 0.223173
0 0 0.623063 0.088185 0.082600 0.027769 0.178383
0 0 0.867006 0.024986 0.023351 0.001456 0.083202
0 0 0.807289 0.039695 0.037125 0.004075 0.111815
0 0 0.662778 0.077700 0.072759 0.020038 0.166725
0 1 0.389083 0.145616 0.132379 0.079211 0.253711
0 0 0.293459 0.172355 0.154958 0.097315 0.281914
0 0 0.390591 0.147691 0.134389 0.068332 0.258996
0 0 0.321131 0.166321 0.151555 0.095248 0.265745
0 0 0.409477 0.166548 0.167675 0.055639 0.200662
0 0 0.583693 0.098396 0.092186 0.037293 0.188432
0 0 0.455933 0.170635 0.189892 0.034778 0.148762
0 0 0.690235 0.070399 0.065909 0.015663 0.157794
0 0 0.509155 0.143511 0.151328 0.034256 0.161750
0 0 0.333247 0.207357 0.225871 0.064346 0.169179
2 0 0.229875 0.246834 0.259715 0.055732 0.207844
0 0 0.262603 0.213691 0.212025 0.081629 0.230052
0 1 0.331285 0.175190 0.167226 0.090951 0.235348
0 1 0.258916 0.207401 0.203372 0.100111 0.230200
2 0 0.255412 0.240436 0.268017 0.072122 0.164013
0 0 0.579254 0.102872 0.097979 0.035805 0.184090
2 1 0.246859 0.215184 0.293340 0.037590 0.207028
4 0 0.233938 0.179457 0.150062 0.056310 0.380232
0 0 0.353403 0.145201 0.122997 0.029111 0.349288
0 0 0.446823 0.148948 0.144681 0.041498 0.218050
0 0 0.338877 0.173258 0.173345 0.122882 0.191639
0 0 0.437814 0.140658 0.135525 0.083814 0.202190
0 0 0.395455 0.190535 0.211344 0.045854 0.156811
2 1 0.205915 0.273244 0.312843 0.044960 0.163038
0 0 0.392118 0.178335 0.185632 0.059259 0.184656
0 0 0.409182 0.157138 0.156594 0.084837 0.192249
2 0 0.236686 0.267772 0.349553 0.045496 0.100493
2 0 0.231857 0.270159 0.346098 0.043236 0.108650
0 0 0.481158 0.159577 0.174805 0.032711 0.151750
0 0 0.596642 0.110622 0.112838 0.022402 0.157497
2 0 0.206243 0.273408 0.320683 0.052513 0.147153
2 0 0.194141 0.287454 0.360141 0.037199 0.121066
0 0 0.536587 0.128880 0.131608 0.034120 0.168805
0 0 0.455725 0.159101 0.167383 0.048721 0.169070
2 1 0.208278 0.245016 0.281553 0.129539 0.135615
0 0 0.534414 0.109687 0.100903 0.038415 0.216582
0 0 0.529841 0.110765 0.101765 0.038770 0.218858
0 0 0.653986 0.080032 0.074947 0.021600 0.169436
0 0 0.401447 0.171563 0.177063 0.065842 0.184086
0 0 0.443622 0.136699 0.136267 0.087100 0.196311
0 0 0.629804 0.086416 0.080939 0.026331 0.176511
0 0 0.445257 0.140293 0.131070 0.044696 0.238684
0 0 0.483922 0.128722 0.123472 0.065022 0.198862
0 0 0.440603 0.156876 0.160703 0.061654 0.180163
3 0 0.222614 0.159077 0.188643 0.281678 0.147987
0 0 0.419580 0.169581 0.177999 0.058613 0.174227
0 0 0.656774 0.079293 0.074254 0.021096 0.168584
0 0 0.420665 0.139567 0.132343 0.098616 0.208810
0 0 0.334062 0.208139 0.232196 0.071755 0.153849
0 0 0.658239 0.078905 0.073889 0.020834 0.168134
0 0 0.670561 0.075633 0.070819 0.018721 0.164265
0 0 0.312296 0.232447 0.280840 0.047540 0.126877
3 0 0.219448 0.159081 0.185206 0.285769 0.150495
0 0 0.352985 0.155050 0.163112 0.120038 0.208815
0 0 0.648597 0.080143 0.074239 0.018459 0.178562
0 0 0.420209 0.181639 0.201719 0.043980 0.152453
0 0 0.429737 0.169158 0.179882 0.053741 0.167482
0 1 0.263602 0.213619 0.208515 0.065108 0.249156
0 0 0.300420 0.178880 0.166628 0.098628 0.255445
0 0 0.429222 0.167519 0.176818 0.056210 0.170231
0 0 0.380139 0.184387 0.197120 0.070023 0.168331
0 0 0.415299 0.175301 0.187959 0.055925 0.165516
0 0 0.699827 0.067846 0.063515 0.014304 0.154508
0 0 0.737592 0.057822 0.054115 0.009733 0.140739
0 0 0.764086 0.050852 0.047580 0.007195 0.130287
0 0 0.693429 0.069549 0.065112 0.015201 0.156709
0 0 0.470309 0.124909 0.113003 0.044131 0.247648
4 0 0.312086 0.163396 0.142471 0.065964 0.316083
4 0 0.246430 0.196210 0.179177 0.091845 0.286338
4 0 0.252569 0.178397 0.154049 0.084558 0.330427
0 0 0.517180 0.110108 0.098336 0.025320 0.249055
2 0 0.245666 0.241511 0.259114 0.063142 0.190566
0 0 0.501457 0.114859 0.102789 0.029412 0.251483
0 0 0.420902 0.138550 0.123814 0.036433 0.280300
0 0 0.508564 0.121325 0.115740 0.057160 0.197210
0 0 0.717673 0.063101 0.059064 0.011995 0.148166
0 0 0.338533 0.205280 0.222056 0.060464 0.173668
0 0 0.336400 0.222312 0.257773 0.034823 0.148692
0 0 0.309686 0.201100 0.206115 0.082737 0.200363
0 0 0.628752 0.086692 0.081198 0.026552 0.176806
0 0 0.755419 0.053124 0.049710 0.007969 0.133778
0 0 0.709265 0.065336 0.061160 0.013048 0.151191
0 0 0.792309 0.043527 0.040715 0.005025 0.118423
0 0 0.637030 0.084514 0.079153 0.024848 0.174455
0 0 0.636189 0.084735 0.079361 0.025018 0.174697
0 0 0.732952 0.059050 0.055265 0.010231 0.142502
0 0 0.457258 0.128516 0.116461 0.049424 0.248341
2 0 0.232454 0.248765 0.271142 0.066612 0.181027
0 0 0.350308 0.157887 0.144905 0.094331 0.252569
0 1 0.578846 0.101866 0.096489 0.036806 0.185992
0 0 0.293915 0.187238 0.172628 0.061433 0.284786
0 0 0.653261 0.080224 0.075127 0.021732 0.169656
0 0 0.533991 0.117737 0.113703 0.045887 0.188681
0 0 0.450700 0.130129 0.117785 0.050539 0.250847
0 0 0.467922 0.121481 0.156297 0.047810 0.206491
0 1 0.438450 0.174452 0.192352 0.041103 0.153643
2 0 0.237490 0.255369 0.293215 0.060044 0.153882
2 0 0.253358 0.243937 0.272986 0.065167 0.164552
0 0 0.533701 0.132589 0.137376 0.032136 0.164198
2 0 0.077879 0.326331 0.505416 0.041785 0.048589
2 1 0.085249 0.233831 0.539798 0.068503 0.072619
2 1 0.138972 0.305228 0.409177 0.058345 0.088279
2 1 0.091592 0.330018 0.479988 0.032572 0.065831
2 1 0.099785 0.327650 0.437096 0.045152 0.090318
2 1 0.069851 0.338022 0.491440 0.038184 0.062503
2 1 0.246198 0.259395 0.316932 0.051877 0.125599
2 1 0.120522 0.257881 0.460936 0.054640 0.106020
2 1 0.146491 0.305080 0.397706 0.050308 0.100415
2 1 0.178276 0.291355 0.400929 0.046732 0.082708
2 0 0.120207 0.315065 0.390759 0.055704 0.118265
2 0 0.115979 0.182445 0.428651 0.171411 0.101514
2 1 0.170286 0.287494 0.333997 0.056651 0.151571
2 1 0.204493 0.264454 0.326315 0.089434 0.115304
2 1 0.135025 0.310401 0.378187 0.046301 0.130086
4 1 0.267378 0.183357 0.166324 0.102896 0.280046
4 1 0.227211 0.207255 0.190223 0.084626 0.290685
4 1 0.158389 0.239959 0.219532 0.071043 0.311078
2 1 0.181777 0.263106 0.274035 0.068172 0.212909
2 1 0.146392 0.295348 0.358542 0.075645 0.124073
4 1 0.263275 0.181527 0.160656 0.086785 0.307758
4 1 0.251384 0.178417 0.153313 0.078778 0.338108
4 1 0.208992 0.192423 0.163499 0.071763 0.363322
4 1 0.228373 0.182517 0.153700 0.066655 0.368755
4 1 0.244217 0.178669 0.151261 0.064639 0.361214
4 1 0.230773 0.181983 0.153424 0.066700 0.367120
4 1 0.218814 0.185224 0.155847 0.070863 0.369252
4 1 0.204088 0.187281 0.155379 0.062666 0.390586
2 1 0.135400 0.285698 0.297589 0.067733 0.213580
0 0 0.359937 0.177743 0.220054 0.069399 0.172867
2 0 0.249519 0.247649 0.299991 0.077351 0.125491
2 0 0.175387 0.171391 0.439878 0.071783 0.141561
0 0 0.688205 0.070939 0.066416 0.015961 0.158478
0 1 0.385935 0.160659 0.159227 0.099125 0.195054
2 1 0.151796 0.281776 0.314137 0.088172 0.164118
2 1 0.135019 0.285671 0.304666 0.082364 0.192280
2 1 0.088510 0.317876 0.336515 0.053995 0.203104
1 1 0.070080 0.323151 0.322483 0.026022 0.258263
2 1 0.067745 0.336944 0.357458 0.029042 0.208810
2 2 0.053983 0.357484 0.443614 0.030192 0.114727
2 2 0.067456 0.336275 0.354679 0.028227 0.213363
2 2 0.061413 0.350650 0.406420 0.031401 0.150115
2 2 0.059512 0.351698 0.402010 0.027816 0.158965
4 2 0.079333 0.185457 0.133750 0.018682 0.582777
4 2 0.079603 0.185644 0.133970 0.018840 0.581944
4 2 0.082112 0.215269 0.165659 0.021680 0.515279
2 2 0.056197 0.163155 0.385423 0.021332 0.373893
2 2 0.064576 0.268610 0.353083 0.023595 0.290137
2 2 0.059546 0.225326 0.420139 0.025702 0.269286
2 2 0.052313 0.221138 0.510596 0.028611 0.187343
2 2 0.050902 0.225201 0.510868 0.026732 0.186297
2 2 0.071171 0.318991 0.339543 0.029343 0.240951
2 2 0.052120 0.213207 0.498341 0.026318 0.210015
2 2 0.067158 0.338565 0.361966 0.029190 0.203121
4 2 0.074720 0.304401 0.287355 0.025885 0.307639
2 2 0.044726 0.174723 0.583596 0.027860 0.169096
2 2 0.057664 0.250118 0.453624 0.027938 0.210656
2 2 0.038461 0.180896 0.637438 0.027676 0.115529
2 2 0.067061 0.336350 0.383427 0.032990 0.180172
2 2 0.065009 0.344960 0.383907 0.030995 0.175128
2 2 0.042764 0.269629 0.565529 0.029538 0.092540
2 2 0.041694 0.242842 0.592495 0.030933 0.092036
2 2 0.059229 0.277751 0.449680 0.030642 0.182698
2 2 0.061590 0.283772 0.426363 0.030063 0.198211
2 2 0.050673 0.267708 0.528672 0.034009 0.118938
2 2 0.056514 0.349005 0.435377 0.030739 0.128365
2 -1 0.053590 0.282704 0.496266 0.032409 0.135031
2 2 0.048086 0.266590 0.549415 0.035514 0.100395
2 2 0.038363 0.190014 0.635017 0.027826 0.108779
2 2 0.048719 0.262725 0.556915 0.039997 0.091645
2 2 0.056408 0.291267 0.488924 0.037196 0.126205
2 2 0.051287 0.245289 0.547176 0.037934 0.118314
2 2 0.039184 0.166590 0.655093 0.033256 0.105876
2 2 0.071600 0.331307 0.346179 0.031424 0.219491
2 2 0.043452 0.234223 0.601911 0.038418 0.081996
2 2 0.049588 0.190033 0.582455 0.038183 0.139741
2 2 0.040760 0.196604 0.641688 0.039197 0.081751
2 2 0.060191 0.296179 0.480381 0.043945 0.119304
2 2 0.055662 0.240607 0.548458 0.050939 0.104334
2 2 0.046395 0.209871 0.614319 0.049417 0.079998
2 2 0.056241 0.256610 0.499872 0.035201 0.152076
2 2 0.057123 0.230824 0.518462 0.039556 0.154035
2 2 0.053987 0.248772 0.552090 0.050477 0.094674
2 2 0.048969 0.213267 0.596829 0.048021 0.092914
2 2 0.047170 0.230997 0.591646 0.044362 0.085824
2 2 0.045968 0.225936 0.603384 0.046244 0.078468
2 2 0.046248 0.202017 0.624167 0.055044 0.072524
2 2 0.056971 0.236798 0.546025 0.052877 0.107330
2 2 0.053323 0.263384 0.550984 0.056262 0.076046
2 2 0.066985 0.327175 0.439679 0.051146 0.115015
2 2 0.054075 0.250597 0.547534 0.080024 0.067771
2 2 0.057027 0.331996 0.481064 0.049623 0.080289
2 3 0.040818 0.188600 0.652219 0.062025 0.056339
2 3 0.049415 0.188600 0.614555 0.070293 0.077136
2 3 0.061978 0.323035 0.473443 0.058784 0.082759
2 3 0.046436 0.210841 0.617535 0.055017 0.070172
2 3 0.043374 0.167668 0.653774 0.062008 0.073176
2 3 0.039273 0.173209 0.646711 0.086518 0.054290
2 3 0.048164 0.213055 0.603744 0.066197 0.068841
2 3 0.046466 0.177734 0.620924 0.082616 0.072260
2 3 0.029450 0.112754 0.708860 0.101790 0.047146
2 3 0.056915 0.286184 0.506308 0.080900 0.069694
2 3 0.038590 0.161007 0.649456 0.097372 0.053576
2 2 0.042315 0.219213 0.602951 0.086034 0.049488
2 2 0.046630 0.353006 0.497390 0.036064 0.066910
2 2 0.048497 0.357289 0.478998 0.032128 0.083089
2 2 0.051566 0.353263 0.476939 0.038005 0.080226
2 1 0.044393 0.363322 0.476275 0.024079 0.091931
2 1 0.056291 0.354755 0.445050 0.034633 0.109271
2 1 0.266355 0.252242 0.299582 0.040024 0.141798
4 1 0.079483 0.280932 0.250193 0.025950 0.363442
2 1 0.043020 0.356552 0.503522 0.030350 0.066556
4 1 0.077831 0.278233 0.245364 0.024191 0.374381
2 1 0.063936 0.343987 0.375659 0.027983 0.188435
2 1 0.056864 0.355357 0.430404 0.030986 0.126389
2 1 0.072749 0.321313 0.413456 0.051112 0.141371
2 1 0.080401 0.333703 0.381361 0.048294 0.156241
2 1 0.072264 0.338828 0.379131 0.040016 0.169762
2 1 0.063406 0.343580 0.372566 0.026817 0.193631
2 1 0.057389 0.354926 0.423537 0.029932 0.134215
2 1 0.060808 0.326353 0.467872 0.049663 0.095304
2 1 0.062244 0.349646 0.402724 0.031660 0.153727
2 2 0.063083 0.343431 0.371196 0.026223 0.196067
2 2 0.052623 0.357688 0.454222 0.031153 0.104314
2 2 0.042416 0.357301 0.504122 0.029291 0.066870
2 2 0.042788 0.357616 0.501965 0.029240 0.068390
2 1 0.040532 0.345030 0.529604 0.035767 0.049067
2 2 0.186278 0.277129 0.326700 0.048877 0.161017
2 2 0.038432 0.352937 0.526655 0.029706 0.052269
2 2 0.038462 0.324095 0.557237 0.040952 0.039254
2 2 0.034771 0.345394 0.549366 0.031238 0.039231
2 1 0.041928 0.346831 0.523954 0.038091 0.049196
2 1 0.219066 0.260938 0.293931 0.039094 0.186971
4 1 0.080768 0.285050 0.257303 0.027769 0.349110
2 1 0.107639 0.314229 0.349804 0.054733 0.173595
2 2 0.071840 0.325079 0.329157 0.028752 0.245173
2 2 0.056042 0.355735 0.438641 0.032079 0.117503
2 2 0.054739 0.276217 0.475239 0.028822 0.164983
1 2 0.076995 0.306093 0.292170 0.028558 0.296185
2 2 0.074394 0.325020 0.332303 0.032091 0.236192
2 2 0.057568 0.354763 0.423403 0.030161 0.134106
2 2 0.064970 0.346009 0.390184 0.032402 0.166434
2 2 0.056874 0.338207 0.439947 0.030923 0.134050
2 2 0.047739 0.343842 0.495782 0.033815 0.078823
2 2 0.044677 0.357395 0.495077 0.030513 0.072337
2 2 0.051615 0.358041 0.459197 0.030997 0.100149
2 2 0.065790 0.344616 0.385140 0.032322 0.172132
2 2 0.037936 0.304239 0.574635 0.036839 0.046351
2 2 0.057951 0.353893 0.436184 0.034570 0.117401
2 1 0.057455 0.354368 0.436918 0.033941 0.117318
2 1 0.060151 0.350568 0.441456 0.040926 0.106899
1 1 0.115909 0.288722 0.288290 0.060915 0.246165
0 0 0.247618 0.227897 0.238834 0.092697 0.192953
0 0 0.305366 0.197403 0.196684 0.081417 0.219130
0 0 0.340872 0.215570 0.247764 0.049531 0.146262
2 0 0.222989 0.245683 0.274717 0.100521 0.156089
2 0 0.145987 0.292455 0.356095 0.084953 0.120510
0 0 0.330632 0.211602 0.236188 0.065095 0.156483
2 0 0.212204 0.263078 0.317770 0.083112 0.123837
0 0 0.468134 0.159252 0.170543 0.040734 0.161337
2 1 0.237919 0.260033 0.319129 0.061733 0.121186
0 1 0.474175 0.159068 0.171770 0.037320 0.157668
2 1 0.114240 0.320083 0.390789 0.047617 0.127270
2 4 0.082729 0.327032 0.358546 0.051692 0.180001
4 4 0.069970 0.178356 0.125689 0.013738 0.612247
4 4 0.070813 0.179046 0.126449 0.014142 0.609550
4 4 0.061432 0.170737 0.117572 0.010057 0.640202
4 4 0.084535 0.265232 0.228873 0.028005 0.393355
4 4 0.059079 0.168424 0.115195 0.009169 0.648133
4 4 0.056451 0.165722 0.112463 0.008238 0.657127
4 4 0.083752 0.195720 0.144819 0.021705 0.554004
4 4 0.151217 0.196393 0.157066 0.053359 0.441966
4 4 0.094585 0.194561 0.145193 0.029143 0.536519
4 4 0.069336 0.177829 0.125112 0.013439 0.614284
4 4 0.066381 0.175295 0.122371 0.012100 0.623853
4 4 0.059824 0.169167 0.115955 0.009445 0.645610
4 4 0.058210 0.167535 0.114293 0.008851 0.651110
4 4 0.060622 0.169951 0.116761 0.009746 0.642920
4 4 0.084269 0.188723 0.137674 0.021717 0.567618
4 4 0.071318 0.179456 0.126902 0.014389 0.607935
4 4 0.078501 0.184875 0.133067 0.018201 0.585357
4 4 0.128995 0.213224 0.173491 0.059818 0.424472
4 4 0.070883 0.179104 0.126513 0.014176 0.609324
4 4 0.071911 0.179931 0.127430 0.014681 0.606047
4 4 0.072702 0.180556 0.128128 0.015077 0.603536
4 4 0.072562 0.180446 0.128005 0.015006 0.603981
4 4 0.059058 0.154935 0.126145 0.010088 0.649774
4 4 0.075478 0.182682 0.130532 0.016523 0.594785
4 4 0.088663 0.167359 0.118494 0.010148 0.615336
4 4 0.062225 0.171494 0.118359 0.010369 0.637553
4 4 0.062573 0.171824 0.118703 0.010507 0.636392
4 4 0.132409 0.258370 0.236417 0.042192 0.330613
4 4 0.156899 0.191102 0.151450 0.032559 0.467992
4 4 0.126019 0.184157 0.139336 0.023948 0.526540
4 4 0.101713 0.216789 0.171248 0.036928 0.473322
4 4 0.071027 0.157740 0.119964 0.009045 0.642224
4 4 0.062693 0.091289 0.123328 0.003389 0.719301
4 4 0.079516 0.185584 0.133900 0.018790 0.582210
4 4 0.074927 0.182269 0.130061 0.016229 0.596514
4 4 0.071787 0.172035 0.120324 0.011057 0.624796
4 4 0.071795 0.141603 0.120443 0.007303 0.658857
4 4 0.104826 0.171389 0.124196 0.012827 0.586762
4 4 0.069068 0.177605 0.124867 0.013313 0.615146
4 4 0.072944 0.180746 0.128341 0.015200 0.602770
4 4 0.073248 0.180983 0.128606 0.015354 0.601809
4 4 0.092660 0.217932 0.170671 0.029447 0.489291
4 4 0.077865 0.184424 0.132541 0.017839 0.587330
2 0 0.156291 0.273904 0.288403 0.079518 0.201884
0 1 0.422886 0.146035 0.141677 0.088548 0.200854
2 1 0.158516 0.276344 0.296327 0.078132 0.190682
2 1 0.070598 0.339091 0.425106 0.058532 0.106673
2 1 0.080790 0.333408 0.422081 0.059344 0.104376
2 1 0.089794 0.328025 0.412661 0.061866 0.107654
2 1 0.083423 0.331308 0.410788 0.061646 0.112836
2 1 0.060034 0.351448 0.436782 0.038704 0.113032
2 1 0.057512 0.353496 0.443723 0.036455 0.108814
2 1 0.055763 0.353189 0.456766 0.038204 0.096078
2 1 0.051700 0.358181 0.457837 0.030706 0.101576
2 1 0.046843 0.357600 0.485473 0.031260 0.078824
2 2 0.063235 0.349338 0.418512 0.037924 0.130991
2 2 0.047191 0.357609 0.483919 0.031370 0.079911
2 2 0.026246 0.188151 0.716354 0.029246 0.040003
2 2 0.068423 0.335697 0.354556 0.029292 0.212031
2 2 0.053608 0.356916 0.451771 0.032082 0.105623
2 2 0.055754 0.352076 0.443395 0.032347 0.116428
2 2 0.047773 0.274116 0.539026 0.032389 0.106696
2 2 0.041389 0.240892 0.588915 0.028483 0.100321
2 2 0.060509 0.351841 0.413045 0.031797 0.142808
2 2 0.055657 0.356276 0.436651 0.030859 0.120557
2 2 0.028713 0.240722 0.663576 0.031918 0.035072
2 2 0.038742 0.348466 0.532398 0.033452 0.046942
2 2 0.034123 0.338109 0.558546 0.032059 0.037163
2 2 0.029435 0.312263 0.598242 0.031256 0.028804
2 2 0.028842 0.215257 0.685289 0.035210 0.035402
2 2 0.034836 0.352734 0.538908 0.026379 0.047144
2 2 0.036825 0.345569 0.542485 0.033558 0.041563
2 2 0.035221 0.340727 0.553225 0.035179 0.035647
2 2 0.034720 0.343691 0.551568 0.032373 0.037649
2 2 0.031702 0.344958 0.559708 0.027725 0.035906
2 2 0.033845 0.346963 0.550361 0.029067 0.039763
2 2 0.034024 0.345056 0.552186 0.030558 0.038177
2 2 0.032953 0.348423 0.551268 0.027090 0.040265
2 1 0.031732 0.346101 0.558186 0.027065 0.036916
2 1 0.071406 0.341100 0.396870 0.045127 0.145497
2 1 0.060431 0.351593 0.408089 0.030421 0.149465
2 1 0.075156 0.336240 0.406432 0.058860 0.123312
2 1 0.047468 0.338856 0.526611 0.042904 0.044161
2 1 0.032118 0.342986 0.560737 0.029498 0.034661
2 2 0.041426 0.335708 0.546596 0.040514 0.035755
2 2 0.035623 0.339732 0.552944 0.036473 0.035228
2 2 0.047571 0.329949 0.543783 0.044204 0.034493
2 2 0.050571 0.339140 0.519122 0.043751 0.047416
2 2 0.032745 0.337673 0.564385 0.033939 0.031259
2 2 0.028466 0.338561 0.577222 0.027123 0.028628
2 2 0.031009 0.339063 0.568591 0.030494 0.030844
2 2 0.039539 0.338662 0.543683 0.040517 0.037600
2 2 0.030938 0.340952 0.566791 0.029197 0.032122
2 2 0.027990 0.340000 0.577155 0.025633 0.029223
2 2 0.031737 0.338860 0.566459 0.031668 0.031275
2 2 0.025998 0.258729 0.658181 0.030203 0.026889
2 2 0.031169 0.344583 0.561849 0.027278 0.035120
2 2 0.032559 0.328556 0.573150 0.034013 0.031722
2 2 0.030256 0.339571 0.570464 0.029098 0.030612
2 2 0.028951 0.339083 0.575132 0.027522 0.029313
2 2 0.030019 0.341780 0.568776 0.027435 0.031989
2 2 0.026618 0.335530 0.586229 0.026045 0.025578
2 2 0.030351 0.339957 0.569745 0.028996 0.030952
2 2 0.035685 0.327287 0.563950 0.038741 0.034337
2 2 0.031271 0.339218 0.567586 0.030768 0.031156
2 2 0.030319 0.307092 0.599863 0.032299 0.030427
2 2 0.028569 0.336840 0.578690 0.028275 0.027626
2 2 0.028601 0.190014 0.707683 0.040285 0.033418
2 2 0.028795 0.337988 0.576784 0.027937 0.028496
2 2 0.028464 0.249989 0.657121 0.035070 0.029355
2 2 0.031444 0.122041 0.737633 0.058102 0.050780
2 2 0.042567 0.317982 0.548217 0.044868 0.046366
2 2 0.034009 0.178118 0.695200 0.050460 0.042213
2 2 0.034657 0.169570 0.698919 0.052032 0.044823
2 2 0.052076 0.255619 0.562508 0.057301 0.072496
2 2 0.038748 0.161628 0.686998 0.058186 0.054440
2 2 0.040375 0.196780 0.654501 0.055655 0.052690
2 2 0.047574 0.223281 0.605916 0.060078 0.063150
2 2 0.050881 0.249172 0.571413 0.055648 0.072885
2 2 0.033655 0.147537 0.718887 0.051085 0.048836
2 2 0.040467 0.176539 0.669144 0.057991 0.055860
2 2 0.032178 0.130315 0.728767 0.059095 0.049644
2 3 0.041818 0.172446 0.656575 0.067987 0.061174
2 3 0.036410 0.139503 0.688573 0.081891 0.053623
2 3 0.039453 0.171409 0.657793 0.078418 0.052926
2 3 0.045733 0.216709 0.618407 0.059893 0.059257
2 3 0.047557 0.191573 0.617714 0.077515 0.065641
2 3 0.037591 0.127770 0.688646 0.087111 0.058882
2 3 0.049299 0.214497 0.593820 0.077247 0.065136
2 3 0.040706 0.170188 0.661505 0.070341 0.057261
2 3 0.032898 0.115713 0.696006 0.102413 0.052969
2 3 0.030593 0.107329 0.722071 0.087933 0.052075
2 3 0.037154 0.147008 0.680267 0.083202 0.052370
2 3 0.030020 0.115378 0.690235 0.117714 0.046652
2 3 0.036397 0.141581 0.665459 0.105310 0.051253
2 3 0.042589 0.162990 0.640092 0.090722 0.063607
2 3 0.045241 0.161403 0.620792 0.107707 0.064857
2 3 0.029319 0.100331 0.721129 0.097835 0.051385
2 3 0.039832 0.152584 0.687134 0.056669 0.063781
2 3 0.049309 0.179707 0.625228 0.066814 0.078942
2 3 0.059816 0.224286 0.548051 0.061939 0.105909
2 3 0.030439 0.099208 0.725941 0.089648 0.054764
2 3 0.032914 0.105865 0.708074 0.096105 0.057043
2 3 0.039618 0.139449 0.676913 0.071703 0.072316
2 3 0.038366 0.135442 0.641790 0.128413 0.055989
2 3 0.028951 0.087285 0.700968 0.128475 0.054322
2 3 0.041434 0.142263 0.651130 0.097599 0.067574
2 3 0.040610 0.140583 0.684484 0.067996 0.066327
2 3 0.031597 0.112896 0.716220 0.087053 0.052233
2 3 0.045515 0.175240 0.620886 0.090123 0.068237
2 3 0.043264 0.149024 0.672010 0.058501 0.077201
2 3 0.037738 0.142202 0.677781 0.087810 0.054469
2 3 0.023532 0.080516 0.760966 0.088515 0.046471
2 3 0.048669 0.170185 0.612070 0.091441 0.077635
2 3 0.043210 0.125472 0.640256 0.120038 0.071024
2 3 0.051448 0.159930 0.623571 0.071806 0.093245
2 3 0.029862 0.122655 0.720205 0.081211 0.046067
2 3 0.046157 0.134785 0.636616 0.105649 0.076793
2 3 0.048127 0.162859 0.623741 0.088103 0.077171
2 3 0.039414 0.133717 0.666584 0.096541 0.063744
2 3 0.035211 0.122533 0.674751 0.112990 0.054515
2 3 0.039814 0.117713 0.611046 0.169813 0.061615
2 3 0.046567 0.124466 0.635735 0.113364 0.079868
2 3 0.058803 0.167701 0.588114 0.084607 0.100775
2 3 0.050797 0.220262 0.589345 0.066013 0.073584
2 3 0.036413 0.117268 0.675750 0.111774 0.058794
2 3 0.059182 0.164764 0.539506 0.147390 0.089158
2 3 0.036384 0.110320 0.673353 0.118911 0.061031
2 3 0.048317 0.164965 0.595516 0.113640 0.077562
2 3 0.034201 0.122551 0.664652 0.126748 0.051848
2 3 0.046383 0.149954 0.625183 0.112167 0.066313
2 3 0.038998 0.119097 0.654171 0.125457 0.062276
2 3 0.031839 0.103129 0.705489 0.104193 0.055351
2 3 0.056785 0.197314 0.555581 0.102475 0.087845
2 3 0.062344 0.200304 0.551933 0.081938 0.103482
2 3 0.041509 0.140632 0.654793 0.100553 0.062513
2 3 0.034154 0.109043 0.663449 0.137432 0.055922
2 3 0.037439 0.115121 0.623156 0.165900 0.058383
2 3 0.039442 0.119475 0.660636 0.114973 0.065474
2 3 0.037159 0.112869 0.653816 0.135646 0.060511
2 3 0.063411 0.256047 0.515905 0.065705 0.098932
2 3 0.043841 0.158214 0.654410 0.069044 0.074492
2 3 0.031649 0.102967 0.686710 0.124832 0.053842
2 3 0.040299 0.144201 0.687415 0.067682 0.060403
2 3 0.043314 0.148189 0.619033 0.126007 0.063458
2 3 0.040959 0.137210 0.637695 0.123630 0.060505
2 3 0.043873 0.118663 0.639544 0.118852 0.079067
2 1 0.047918 0.148478 0.626403 0.098910 0.078291
2 1 0.063031 0.346797 0.440469 0.047190 0.102514
2 1 0.053058 0.347102 0.484142 0.046457 0.069240
2 2 0.045545 0.361418 0.478507 0.026525 0.088005
2 2 0.047442 0.355654 0.488219 0.033664 0.075021
2 2 0.045230 0.360543 0.483374 0.027461 0.083392
2 2 0.033447 0.353877 0.541564 0.024277 0.046835
2 2 0.040576 0.354288 0.516935 0.030510 0.057691
2 2 0.056205 0.355019 0.443816 0.034045 0.110914
2 2 0.064891 0.343889 0.440514 0.052274 0.098432
2 2 0.031729 0.349524 0.553621 0.025027 0.040100
2 2 0.029858 0.327157 0.583430 0.031442 0.028113
2 2 0.034273 0.339525 0.557559 0.034780 0.033863
2 2 0.031525 0.342860 0.562771 0.028797 0.034047
2 2 0.041567 0.356033 0.510018 0.029817 0.062565
2 2 0.067378 0.339755 0.449376 0.057034 0.086456
2 2 0.040033 0.354222 0.518951 0.030115 0.056678
2 2 0.040060 0.347873 0.528823 0.035297 0.047946
2 2 0.034652 0.343290 0.552251 0.032570 0.037236
2 2 0.031162 0.340605 0.566458 0.029724 0.032051
2 2 0.032411 0.340661 0.562396 0.031413 0.033119
2 2 0.056834 0.344684 0.476135 0.050247 0.072100
2 2 0.038337 0.342464 0.541158 0.037809 0.040233
2 2 0.029481 0.225152 0.674768 0.037326 0.033273
2 2 0.037387 0.351291 0.532773 0.029927 0.048622
2 2 0.057436 0.218915 0.425887 0.024104 0.273657
2 2 0.061291 0.223457 0.404816 0.025937 0.284498
4 2 0.078231 0.217340 0.201273 0.022156 0.480999
4 2 0.076264 0.191242 0.139198 0.017196 0.576100
4 2 0.079695 0.185708 0.134045 0.018894 0.581658
4 2 0.077838 0.286785 0.258682 0.025448 0.351246
1 2 0.076812 0.306155 0.292157 0.028382 0.296493
4 2 0.069797 0.178213 0.125532 0.013656 0.612802
4 2 0.064814 0.153961 0.137866 0.013164 0.630196
4 2 0.066581 0.159914 0.135538 0.013574 0.624392
4 2 0.072741 0.180587 0.128162 0.015097 0.603413
2 2 0.084061 0.329516 0.417914 0.065750 0.102758
4 2 0.091498 0.210865 0.162417 0.027960 0.507259
4 2 0.081172 0.205977 0.155308 0.020597 0.536946
2 2 0.072972 0.335407 0.364029 0.037159 0.190433
2 2 0.060140 0.351092 0.400931 0.028391 0.159447
1 2 0.077753 0.310268 0.301195 0.030580 0.280204
4 2 0.065372 0.173225 0.122321 0.011755 0.627327
4 2 0.076551 0.183475 0.131442 0.017107 0.591425
2 2 0.117433 0.308725 0.390607 0.078818 0.104417
2 2 0.081329 0.331567 0.417103 0.064045 0.105956
2 2 0.094251 0.322549 0.397427 0.070865 0.114908
2 2 0.093495 0.324338 0.394269 0.065935 0.121963
2 2 0.116640 0.310432 0.394407 0.075032 0.103489
2 2 0.115889 0.311720 0.411658 0.070779 0.089954
2 2 0.083732 0.327392 0.368684 0.058503 0.161689
4 2 0.080348 0.284703 0.256541 0.027324 0.351084
4 2 0.075886 0.182985 0.130879 0.016744 0.593506
2 2 0.076321 0.335857 0.386858 0.050882 0.150082
2 4 0.076133 0.336123 0.389686 0.051809 0.146249
4 4 0.075805 0.296998 0.274693 0.025414 0.327089
4 4 0.070653 0.178917 0.126306 0.014065 0.610059
4 4 0.079698 0.185709 0.134047 0.018896 0.581650
4 4 0.067751 0.176487 0.123654 0.012710 0.619399
4 4 0.069626 0.178071 0.125377 0.013575 0.613352
4 4 0.063629 0.172810 0.119736 0.010935 0.632890
4 4 0.069971 0.178357 0.125690 0.013738 0.612245
4 1 0.085678 0.189597 0.138754 0.022642 0.563329
2 1 0.123980 0.299172 0.335200 0.078372 0.163275
2 1 0.071284 0.339697 0.444163 0.052868 0.091988
2 1 0.069067 0.339869 0.450659 0.053891 0.086514
2 1 0.082084 0.330802 0.443505 0.059960 0.083650
2 1 0.065249 0.340981 0.467156 0.050595 0.076019
2 1 0.149869 0.293079 0.364013 0.079873 0.113166
2 1 0.123578 0.307120 0.400976 0.074576 0.093750
2 1 0.081211 0.329827 0.459321 0.057325 0.072316
2 1 0.060762 0.336633 0.498713 0.048735 0.055157
2 2 0.060238 0.335621 0.506374 0.046335 0.051432
2 2 0.037496 0.338788 0.552642 0.035764 0.035310
2 2 0.063549 0.334959 0.503833 0.044958 0.052701
2 0 0.085672 0.327489 0.455404 0.058375 0.073060
0 0 0.468257 0.166201 0.184528 0.032647 0.148367
2 1 0.107149 0.322152 0.432602 0.050608 0.087489
4 1 0.075337 0.182577 0.130412 0.016448 0.595226
4 1 0.074168 0.181693 0.129407 0.015830 0.598902
4 2 0.083209 0.214815 0.165346 0.022365 0.514265
2 2 0.059195 0.284829 0.432919 0.028055 0.195002
4 2 0.089144 0.250202 0.209706 0.029981 0.420968
4 2 0.077682 0.288257 0.260988 0.025551 0.347523
1 2 0.078791 0.312258 0.306398 0.032496 0.270057
2 2 0.066502 0.344038 0.384783 0.033218 0.171459
4 2 0.079664 0.280090 0.248969 0.025976 0.365300
4 2 0.077903 0.295293 0.272926 0.027022 0.326857
2 2 0.069219 0.297104 0.371208 0.031214 0.231254
2 2 0.073667 0.338048 0.407909 0.055733 0.124644
2 2 0.045060 0.355175 0.498798 0.032920 0.068047
2 2 0.064024 0.348197 0.423811 0.041443 0.122524
2 2 0.046494 0.350812 0.502023 0.038235 0.062436
2 2 0.045001 0.357364 0.493850 0.030709 0.073076
2 1 0.044702 0.352711 0.505106 0.035079 0.062402
2 1 0.098772 0.320712 0.378467 0.065017 0.137032
2 2 0.062710 0.347344 0.440138 0.046202 0.103607
2 2 0.049421 0.353342 0.485748 0.037158 0.074331
2 2 0.076995 0.335201 0.444622 0.055895 0.087287
2 2 0.054674 0.346838 0.482434 0.045542 0.070512
2 2 0.061812 0.341631 0.480967 0.047425 0.068166
2 2 0.035196 0.352473 0.538144 0.026912 0.047274
2 2 0.035214 0.332854 0.560440 0.036594 0.034898
2 1 0.045700 0.346471 0.513715 0.040562 0.053552
2 1 0.053276 0.349326 0.479058 0.043687 0.074653
2 1 0.124799 0.306655 0.380005 0.074103 0.114439
2 2 0.070500 0.338961 0.456964 0.051901 0.081674
2 2 0.040597 0.344719 0.531085 0.038540 0.045059
2 2 0.044681 0.348043 0.512869 0.039552 0.054855
2 2 0.033228 0.346428 0.553021 0.028680 0.038642
2 2 0.068169 0.338992 0.470232 0.049611 0.072996
2 2 0.049551 0.344919 0.508497 0.041611 0.055422
2 1 0.085243 0.335254 0.413420 0.046655 0.119429
2 1 0.165082 0.296957 0.359130 0.043236 0.135595
2 1 0.124883 0.291683 0.309966 0.077709 0.195759
2 2 0.063603 0.347253 0.391710 0.030895 0.166539
2 2 0.052657 0.355933 0.462923 0.034281 0.094207
2 2 0.040205 0.358383 0.509948 0.026912 0.064552
2 2 0.050167 0.345109 0.506997 0.041352 0.056375
2 2 0.058654 0.347402 0.460736 0.047531 0.085676
2 2 0.057279 0.342443 0.494932 0.044255 0.061091
2 2 0.041864 0.346926 0.524045 0.037942 0.049224
2 2 0.029787 0.341300 0.570054 0.027400 0.031460
2 1 0.076682 0.335960 0.453724 0.051521 0.082113
2 1 0.073470 0.338897 0.391931 0.047191 0.148510
2 1 0.053220 0.358239 0.444105 0.029122 0.115314
2 1 0.076629 0.334869 0.377382 0.047464 0.163656
2 1 0.143335 0.293937 0.340844 0.075543 0.146340
2 1 0.260116 0.254653 0.319182 0.052502 0.113547
2 2 0.077947 0.332551 0.460021 0.055271 0.074210
2 2 0.039142 0.334678 0.551219 0.041308 0.033653
2 2 0.035965 0.344445 0.546646 0.033369 0.039574
2 2 0.042086 0.335976 0.546573 0.039256 0.036109
2 1 0.066283 0.335385 0.494128 0.046755 0.057448
2 1 0.104227 0.320772 0.437546 0.056503 0.080952
2 1 0.261408 0.254974 0.319213 0.049613 0.114793
2 2 0.134039 0.310302 0.380787 0.049079 0.125793
2 2 0.047281 0.353835 0.493148 0.035565 0.070171
2 2 0.091086 0.326390 0.439641 0.059657 0.083226
2 2 0.047982 0.355468 0.486455 0.034101 0.075994
2 1 0.103553 0.328803 0.425553 0.038340 0.103750
2 1 0.136760 0.302686 0.338140 0.044375 0.178038
