0 0 0.920376 0.030423 0.014678 0.005494 0.029029
0 0 0.897607 0.050528 0.016539 0.004299 0.031028
0 0 0.901278 0.038426 0.013514 0.003377 0.043405
0 1 0.399531 0.293677 0.125641 0.027948 0.153202
0 1 0.332703 0.222363 0.149504 0.044326 0.251104
2 1 0.023718 0.028148 0.638390 0.254760 0.054984
2 1 0.095215 0.096036 0.493197 0.212194 0.103358
0 1 0.358147 0.241813 0.174088 0.063036 0.162916
2 2 0.018105 0.021269 0.663381 0.250518 0.046728
2 2 0.083998 0.110458 0.495218 0.186732 0.123595
2 2 0.016336 0.019117 0.672061 0.248590 0.043896
2 2 0.021413 0.025314 0.648248 0.253310 0.051714
2 2 0.018869 0.022200 0.659769 0.251248 0.047913
2 2 0.028042 0.034493 0.624373 0.250402 0.062690
2 2 0.017746 0.020783 0.665360 0.250038 0.046074
0 2 0.556078 0.178756 0.112633 0.042350 0.110182
0 2 0.483193 0.225717 0.105883 0.025855 0.159352
2 2 0.277494 0.111558 0.319309 0.148891 0.142748
2 2 0.172492 0.128420 0.417493 0.166736 0.114860
0 2 0.438014 0.282562 0.115595 0.025796 0.138033
2 2 0.106565 0.113233 0.476898 0.187390 0.115914
0 2 0.391391 0.272236 0.147286 0.042328 0.146759
2 2 0.023433 0.027149 0.639893 0.251452 0.058073
2 2 0.016791 0.019669 0.669785 0.249119 0.044636
2 2 0.029243 0.034988 0.616486 0.257014 0.062268
2 2 0.014840 0.017304 0.679801 0.246660 0.041395
2 2 0.076908 0.064735 0.530810 0.236992 0.090554
2 2 0.018447 0.021685 0.661756 0.250851 0.047261
2 2 0.024668 0.029320 0.634463 0.255260 0.056289
2 2 0.032393 0.033764 0.623242 0.251780 0.058820
2 2 0.027484 0.029499 0.636351 0.251707 0.054960
2 2 0.019663 0.021641 0.663745 0.248567 0.046384
2 2 0.036111 0.042497 0.595214 0.257154 0.069024
0 2 0.285414 0.193766 0.262406 0.090893 0.167520
2 2 0.193552 0.230246 0.300407 0.116795 0.158999
2 2 0.114218 0.141623 0.437399 0.171224 0.135536
0 2 0.411575 0.251089 0.125761 0.031213 0.180362
1 2 0.209962 0.297553 0.243816 0.059429 0.189239
0 2 0.468193 0.166366 0.081553 0.017362 0.266526
2 1 0.210130 0.218381 0.319135 0.098650 0.153704
4 1 0.257682 0.280332 0.148961 0.032096 0.280929
1 1 0.304454 0.325803 0.144240 0.029258 0.196244
4 1 0.277612 0.168467 0.066672 0.008911 0.478339
0 1 0.465934 0.267570 0.081463 0.012212 0.172820
4 1 0.254677 0.260737 0.096711 0.012961 0.374914
0 1 0.458042 0.189029 0.089553 0.019112 0.244263
1 1 0.235001 0.394620 0.144315 0.023019 0.203045
0 1 0.315919 0.301646 0.116263 0.019210 0.246962
0 1 0.358851 0.257184 0.099183 0.016111 0.268671
0 1 0.595573 0.218658 0.062577 0.010324 0.112868
0 1 0.471831 0.186788 0.090483 0.020452 0.230446
4 1 0.395564 0.058933 0.034436 0.006641 0.504425
0 1 0.586181 0.207266 0.066447 0.011814 0.128292
1 1 0.228909 0.386962 0.135231 0.019484 0.229414
0 1 0.480657 0.282258 0.084605 0.013627 0.138852
4 1 0.310365 0.248496 0.075168 0.008478 0.357493
1 1 0.301628 0.333468 0.109990 0.015479 0.239435
0 1 0.403578 0.287400 0.083856 0.011114 0.214053
4 1 0.239418 0.274409 0.106916 0.015146 0.364112
0 1 0.558586 0.194122 0.065118 0.011002 0.171172
0 1 0.539267 0.083401 0.035154 0.005846 0.336332
0 1 0.508674 0.222902 0.079860 0.014344 0.174220
0 1 0.388614 0.313480 0.112389 0.020112 0.165405
4 1 0.264934 0.270071 0.083908 0.009436 0.371651
1 1 0.225149 0.374839 0.136166 0.020283 0.243563
1 1 0.318194 0.348163 0.134146 0.024950 0.174548
0 1 0.619753 0.160231 0.086660 0.028044 0.105312
4 1 0.340571 0.204915 0.070127 0.009078 0.375309
0 4 0.465258 0.179381 0.064017 0.009758 0.281586
0 4 0.476323 0.158264 0.076058 0.015921 0.273434
0 4 0.639254 0.051243 0.027804 0.006273 0.275426
0 4 0.431088 0.094854 0.041261 0.006405 0.426392
0 4 0.337775 0.291074 0.094419 0.012833 0.263899
0 4 0.348713 0.238600 0.097355 0.016337 0.298995
0 4 0.570776 0.149636 0.056196 0.009911 0.213481
0 4 0.315758 0.276471 0.115566 0.020224 0.271981
1 4 0.263815 0.304628 0.181660 0.049472 0.200425
1 4 0.299439 0.350263 0.132785 0.022978 0.194535
0 4 0.425708 0.133160 0.061800 0.011119 0.368212
0 4 0.504362 0.146582 0.058821 0.010026 0.280209
1 4 0.288667 0.314025 0.099431 0.012610 0.285266
0 4 0.425120 0.248923 0.089541 0.014818 0.221598
0 4 0.460137 0.059187 0.030679 0.005503 0.444493
4 4 0.343005 0.151560 0.060406 0.008463 0.436567
0 4 0.585206 0.191310 0.072936 0.015078 0.135470
0 4 0.338758 0.316283 0.103986 0.015069 0.225903
1 4 0.237249 0.363101 0.133192 0.020046 0.246412
0 4 0.531629 0.155197 0.067998 0.013642 0.231533
0 4 0.438778 0.255902 0.100790 0.019226 0.185304
1 4 0.216809 0.400906 0.141479 0.020807 0.220000
1 4 0.258164 0.328560 0.141296 0.025501 0.246479
0 4 0.367980 0.322056 0.124366 0.024257 0.161342
0 4 0.322795 0.294482 0.164011 0.044641 0.174071
2 4 0.105791 0.243942 0.344972 0.087273 0.218021
1 2 0.185203 0.304108 0.242773 0.070481 0.197434
0 2 0.243944 0.204011 0.238126 0.079773 0.234145
2 2 0.077004 0.071620 0.523845 0.242379 0.085152
2 2 0.047539 0.048478 0.581207 0.251474 0.071302
2 2 0.024547 0.029170 0.634958 0.255199 0.056125
2 2 0.120240 0.076256 0.462688 0.204608 0.136208
1 2 0.234060 0.337242 0.191501 0.049529 0.187669
2 2 0.111342 0.092064 0.477201 0.225017 0.094376
2 2 0.074626 0.088100 0.502351 0.228157 0.106765
2 2 0.023141 0.027437 0.640814 0.254429 0.054179
2 2 0.049111 0.051677 0.572444 0.252344 0.074424
0 2 0.338923 0.123103 0.234090 0.114160 0.189724
2 2 0.035967 0.034667 0.621865 0.249063 0.058438
2 2 0.071587 0.079488 0.527911 0.224244 0.096770
2 2 0.041252 0.049595 0.575940 0.257713 0.075500
2 2 0.047192 0.063593 0.568547 0.228916 0.091750
2 2 0.034485 0.033669 0.624784 0.249365 0.057697
2 2 0.103579 0.127886 0.462837 0.175882 0.129816
2 2 0.024573 0.029202 0.634854 0.255212 0.056159
2 2 0.025315 0.030119 0.631828 0.255572 0.057166
2 2 0.067163 0.063920 0.542296 0.245718 0.080903
2 2 0.056471 0.065806 0.537169 0.253640 0.086914
2 2 0.045698 0.048071 0.581922 0.252721 0.071587
2 2 0.069104 0.067467 0.532570 0.245380 0.085479
2 2 0.137311 0.081376 0.457065 0.204914 0.119334
2 2 0.036388 0.043914 0.590842 0.258104 0.070752
2 2 0.061496 0.058574 0.541699 0.240883 0.097348
2 2 0.039742 0.048133 0.579586 0.258100 0.074439
2 3 0.037328 0.042749 0.595036 0.256146 0.068741
2 3 0.031142 0.037352 0.609416 0.257474 0.064616
2 3 0.025440 0.030273 0.631325 0.255629 0.057333
2 3 0.026478 0.031557 0.627176 0.256075 0.058713
2 3 0.046754 0.057005 0.557304 0.257299 0.081638
2 3 0.207288 0.120965 0.364489 0.181346 0.125912
2 3 0.142943 0.109314 0.395530 0.197535 0.154678
2 3 0.055600 0.055855 0.562146 0.249828 0.076570
2 3 0.122788 0.084941 0.442615 0.204838 0.144818
2 3 0.024571 0.029200 0.634860 0.255212 0.056157
2 3 0.020683 0.024418 0.651483 0.252772 0.050644
0 3 0.383568 0.104337 0.232465 0.105104 0.174525
2 3 0.065669 0.071265 0.525133 0.249184 0.088749
2 3 0.049330 0.060282 0.549478 0.256781 0.084129
2 2 0.050806 0.058182 0.555255 0.254637 0.081120
2 2 0.044299 0.053891 0.564933 0.257687 0.079190
2 2 0.025002 0.029452 0.634257 0.254991 0.056297
2 2 0.042614 0.051759 0.570271 0.257890 0.077467
2 2 0.050252 0.061456 0.546719 0.256571 0.085002
2 2 0.041754 0.046403 0.585604 0.254943 0.071296
2 2 0.049465 0.060453 0.549075 0.256751 0.084257
2 2 0.084887 0.073853 0.504688 0.233128 0.103444
2 2 0.058956 0.070364 0.525271 0.252870 0.092539
2 2 0.044060 0.051368 0.571907 0.256367 0.076298
2 2 0.088690 0.090601 0.483056 0.239502 0.098152
2 2 0.054987 0.063579 0.542369 0.253870 0.085195
2 2 0.037203 0.044937 0.588067 0.258129 0.071664
2 2 0.106320 0.095338 0.459350 0.226670 0.112322
2 2 0.061284 0.076841 0.516014 0.249461 0.096400
2 2 0.120719 0.116687 0.403930 0.211523 0.147142
2 3 0.090017 0.089032 0.485890 0.238639 0.096422
2 3 0.148623 0.221997 0.322950 0.136944 0.169487
2 3 0.073760 0.060397 0.549315 0.239798 0.076730
2 2 0.085758 0.134196 0.459260 0.177844 0.142943
2 2 0.039139 0.046132 0.585335 0.257180 0.072214
2 2 0.049442 0.055711 0.561480 0.254438 0.078930
2 2 0.049032 0.059901 0.550377 0.256846 0.083843
2 2 0.114331 0.087800 0.482481 0.226627 0.088761
2 2 0.233784 0.132030 0.308249 0.156875 0.169062
2 2 0.036521 0.040905 0.600612 0.255264 0.066697
2 2 0.068539 0.084962 0.495672 0.250250 0.100577
2 2 0.170451 0.107272 0.397199 0.192307 0.132771
2 2 0.046217 0.046482 0.586765 0.251096 0.069439
2 2 0.143378 0.095022 0.445277 0.209950 0.106374
2 2 0.060661 0.092454 0.522307 0.207468 0.117110
2 2 0.065660 0.068462 0.531569 0.248325 0.085985
2 2 0.080203 0.100083 0.482724 0.225590 0.111400
2 2 0.063959 0.063175 0.544110 0.247492 0.081264
2 2 0.062325 0.083501 0.515640 0.234439 0.104095
2 2 0.026637 0.031754 0.626550 0.256139 0.058921
0 0 0.633920 0.126832 0.101425 0.052677 0.085145
0 0 0.747957 0.109047 0.061480 0.025842 0.055674
0 1 0.816960 0.066864 0.028809 0.007649 0.079719
1 1 0.283326 0.312751 0.183799 0.052915 0.167210
2 1 0.027157 0.027358 0.645054 0.248652 0.051779
2 1 0.021634 0.024829 0.650772 0.252021 0.050744
2 2 0.023810 0.027064 0.643180 0.252788 0.053158
2 2 0.019673 0.023183 0.656047 0.251959 0.049138
2 2 0.060040 0.055754 0.562748 0.246623 0.074835
2 2 0.016841 0.019730 0.669537 0.249176 0.044717
2 2 0.025859 0.030135 0.632297 0.254843 0.056866
2 2 0.019014 0.022377 0.659095 0.251380 0.048135
2 2 0.031022 0.037202 0.609858 0.257449 0.064469
2 2 0.042841 0.048200 0.574417 0.252638 0.081903
2 2 0.065459 0.051994 0.546089 0.229968 0.106490
2 2 0.025834 0.030761 0.629739 0.255805 0.057860
2 3 0.064906 0.078261 0.507592 0.250650 0.098591
2 3 0.036233 0.043719 0.591374 0.258097 0.070578
2 3 0.054121 0.066397 0.535361 0.255556 0.088564
2 3 0.115162 0.076244 0.438003 0.197154 0.173437
2 3 0.041963 0.050936 0.572359 0.257953 0.076790
2 3 0.047003 0.057321 0.556540 0.257253 0.081882
2 3 0.075681 0.094243 0.477257 0.246932 0.105888
2 3 0.042494 0.051606 0.570656 0.257902 0.077342
2 3 0.049040 0.059912 0.550350 0.256845 0.083852
2 3 0.067193 0.077625 0.502848 0.245600 0.106734
2 3 0.036661 0.043636 0.590987 0.257320 0.071396
2 2 0.019384 0.022829 0.657376 0.251710 0.048700
2 2 0.036300 0.043792 0.591142 0.258062 0.070704
2 2 0.045535 0.055458 0.561070 0.257505 0.080432
2 2 0.040934 0.046855 0.583920 0.256042 0.072249
2 2 0.029670 0.035518 0.614882 0.257130 0.062801
2 2 0.057735 0.071028 0.525051 0.254434 0.091753
2 2 0.113483 0.110938 0.406411 0.211465 0.157703
2 2 0.021176 0.025023 0.649294 0.253139 0.051368
2 2 0.025965 0.028859 0.637657 0.252723 0.054796
2 2 0.028964 0.034641 0.617544 0.256935 0.061917
2 2 0.053143 0.058119 0.555870 0.252818 0.080050
2 2 0.035584 0.042905 0.593607 0.258061 0.069843
2 2 0.031778 0.038145 0.607093 0.257598 0.065386
2 2 0.046646 0.056869 0.557635 0.257318 0.081532
2 2 0.032060 0.038497 0.606070 0.257648 0.065725
2 2 0.065594 0.081152 0.503484 0.251500 0.098271
2 3 0.060554 0.074651 0.517187 0.253454 0.094154
2 3 0.065508 0.081041 0.503713 0.251535 0.098203
2 3 0.121019 0.096423 0.442692 0.215897 0.123970
2 3 0.073038 0.090802 0.483988 0.248205 0.103967
0 3 0.496514 0.156252 0.148149 0.080757 0.118327
0 3 0.279282 0.162569 0.236862 0.123910 0.197377
1 3 0.279216 0.279992 0.209989 0.080447 0.150356
2 3 0.049931 0.059349 0.562860 0.244029 0.083830
2 3 0.067087 0.068116 0.532376 0.247298 0.085123
2 3 0.248956 0.106155 0.319333 0.147266 0.178290
2 3 0.024648 0.029295 0.634543 0.255250 0.056263
2 3 0.027918 0.033342 0.621547 0.256607 0.060585
2 3 0.049005 0.055978 0.555177 0.252698 0.087143
2 3 0.040994 0.049713 0.575489 0.258030 0.075774
2 3 0.056777 0.056224 0.545271 0.241213 0.100515
2 3 0.040289 0.048823 0.577788 0.258074 0.075025
2 3 0.047872 0.058427 0.553885 0.257087 0.082729
2 3 0.068231 0.066378 0.534048 0.245178 0.086164
2 3 0.057266 0.066656 0.527450 0.248799 0.099829
2 3 0.177549 0.128148 0.361594 0.187254 0.145456
2 3 0.223763 0.117257 0.339641 0.165179 0.154159
2 3 0.081234 0.095047 0.474662 0.243369 0.105688
2 1 0.174721 0.208568 0.336261 0.124066 0.156384
1 1 0.214487 0.302333 0.230206 0.069016 0.183958
2 1 0.060825 0.075000 0.516438 0.253355 0.094382
2 1 0.230290 0.206663 0.300392 0.126937 0.135720
0 2 0.417605 0.199578 0.182610 0.085225 0.114982
0 2 0.381206 0.160689 0.219076 0.117836 0.121193
0 2 0.859987 0.058335 0.029165 0.010960 0.041554
0 1 0.485559 0.202313 0.127353 0.043771 0.141004
2 2 0.061777 0.079345 0.524589 0.233990 0.100300
2 2 0.026699 0.031830 0.626305 0.256163 0.059003
2 2 0.020943 0.024737 0.650324 0.252968 0.051027
2 4 0.040086 0.037860 0.589828 0.238588 0.093638
0 4 0.587339 0.040508 0.025904 0.006022 0.340227
4 4 0.429310 0.023587 0.014859 0.002864 0.529380
0 4 0.762887 0.016282 0.013493 0.004547 0.202792
0 4 0.705778 0.016437 0.013281 0.004023 0.260480
0 4 0.777460 0.037866 0.024945 0.008139 0.151589
0 4 0.445218 0.109068 0.060511 0.012877 0.372326
4 4 0.178350 0.025421 0.016071 0.002349 0.777808
4 4 0.127808 0.053387 0.033649 0.004965 0.780191
4 4 0.070761 0.125824 0.066809 0.008176 0.728429
4 4 0.190918 0.032393 0.018979 0.002686 0.755024
4 4 0.217012 0.125792 0.060447 0.008642 0.588108
4 4 0.133461 0.048782 0.026367 0.003284 0.788106
4 4 0.096165 0.294451 0.145259 0.021221 0.442903
4 4 0.077160 0.228962 0.099846 0.011084 0.582948
4 4 0.122526 0.054308 0.038219 0.006282 0.778665
4 4 0.138578 0.089760 0.058420 0.009550 0.703691
4 4 0.125571 0.028644 0.016478 0.001970 0.827338
4 4 0.173063 0.021721 0.015023 0.002394 0.787799
4 4 0.270352 0.069827 0.036196 0.005465 0.618161
4 4 0.303913 0.206316 0.135361 0.035500 0.318910
0 4 0.630785 0.167550 0.058112 0.011125 0.132428
2 4 0.101275 0.182581 0.418772 0.117803 0.179569
1 4 0.228198 0.349810 0.157401 0.029329 0.235261
1 4 0.224961 0.281014 0.242269 0.076955 0.174801
2 4 0.096799 0.092378 0.509543 0.200186 0.101094
0 4 0.273393 0.189330 0.207131 0.060960 0.269187
2 4 0.177178 0.231404 0.282114 0.088744 0.220561
0 4 0.347299 0.273586 0.153430 0.042027 0.183658
2 4 0.029209 0.034170 0.619494 0.256045 0.061082
2 4 0.206759 0.194927 0.320832 0.124659 0.152822
2 4 0.020640 0.024366 0.651675 0.252739 0.050581
2 2 0.131493 0.187148 0.391131 0.126033 0.164193
2 2 0.105635 0.086051 0.491210 0.227236 0.089867
2 2 0.112255 0.174319 0.413646 0.135624 0.164156
2 2 0.111110 0.163646 0.420476 0.149553 0.155215
2 2 0.073220 0.081672 0.534820 0.210662 0.099626
0 2 0.528589 0.167477 0.132647 0.063222 0.108065
1 2 0.307190 0.334833 0.158661 0.037640 0.161676
2 2 0.035088 0.042283 0.595328 0.258026 0.069276
2 2 0.044547 0.056135 0.568342 0.248409 0.082568
1 2 0.203259 0.302981 0.237024 0.066485 0.190251
1 2 0.175203 0.322676 0.231584 0.060351 0.210187
0 2 0.422661 0.218138 0.151242 0.056006 0.151953
2 2 0.145992 0.233162 0.335117 0.100034 0.185694
2 2 0.190827 0.221954 0.318130 0.110107 0.158982
2 2 0.246063 0.156396 0.321681 0.172475 0.103386
2 2 0.138384 0.168789 0.393502 0.154277 0.145048
2 2 0.061820 0.067383 0.560023 0.221751 0.089023
2 2 0.078053 0.070026 0.524189 0.240251 0.087482
0 2 0.453503 0.250258 0.108832 0.024340 0.163068
2 2 0.049864 0.054301 0.576140 0.241629 0.078065
2 2 0.018998 0.020103 0.670870 0.246037 0.043992
2 2 0.015470 0.018067 0.676493 0.247510 0.042461
2 2 0.053793 0.051956 0.572970 0.248349 0.072932
2 2 0.014102 0.016412 0.683774 0.245591 0.040122
2 2 0.016659 0.019509 0.670441 0.248968 0.044423
2 2 0.031550 0.037219 0.607960 0.255182 0.068090
2 2 0.035532 0.034263 0.623127 0.249013 0.058065
2 2 0.017447 0.020466 0.666558 0.249840 0.045688
2 2 0.017050 0.019984 0.668501 0.249410 0.045054
2 2 0.019061 0.022435 0.658873 0.251423 0.048208
2 2 0.092344 0.056615 0.507722 0.208406 0.134914
2 2 0.135460 0.066135 0.450651 0.186368 0.161386
2 2 0.022949 0.027201 0.641627 0.254315 0.053909
2 2 0.026680 0.031808 0.626377 0.256156 0.058979
2 2 0.029669 0.035430 0.614902 0.256790 0.063209
2 2 0.031695 0.038041 0.607394 0.257583 0.065286
2 2 0.048594 0.050212 0.557929 0.242486 0.100779
2 2 0.063924 0.056674 0.528824 0.231190 0.119388
2 2 0.050917 0.062303 0.544743 0.256412 0.085625
2 2 0.033653 0.041674 0.606190 0.238142 0.080340
2 2 0.023896 0.028368 0.637646 0.254858 0.055231
2 2 0.019619 0.023116 0.656296 0.251913 0.049056
2 2 0.025153 0.029918 0.632487 0.255496 0.056946
2 2 0.046359 0.042668 0.571881 0.236293 0.102799
2 2 0.034522 0.039778 0.600597 0.255462 0.069641
2 2 0.062645 0.050142 0.558494 0.235346 0.093373
2 2 0.095905 0.099425 0.440856 0.224721 0.139093
2 2 0.091321 0.085908 0.454844 0.220557 0.147369
2 2 0.024053 0.028561 0.636998 0.254942 0.055447
2 2 0.028027 0.033477 0.621128 0.256643 0.060725
2 2 0.027689 0.032531 0.622561 0.254338 0.062882
2 2 0.158796 0.086922 0.394461 0.178480 0.181341
2 2 0.031872 0.038262 0.606751 0.257615 0.065499
2 2 0.031647 0.037982 0.607569 0.257574 0.065228
2 2 0.056431 0.050259 0.546602 0.232704 0.114004
2 2 0.043008 0.052257 0.569015 0.257847 0.077873
2 3 0.054961 0.063483 0.536759 0.251141 0.093656
2 3 0.051324 0.061554 0.545237 0.255277 0.086608
2 3 0.049932 0.061049 0.547674 0.256645 0.084700
2 3 0.044917 0.054674 0.562996 0.257600 0.079813
2 3 0.058473 0.071975 0.522977 0.254186 0.092389
2 3 0.070112 0.087002 0.491553 0.249553 0.101780
2 3 0.062323 0.063191 0.522538 0.238659 0.113289
2 3 0.034439 0.041471 0.597593 0.257969 0.068528
2 3 0.041175 0.049941 0.574902 0.258017 0.075965
2 3 0.069561 0.071822 0.508667 0.240832 0.109118
2 3 0.049765 0.060836 0.548174 0.256684 0.084542
2 3 0.062102 0.071019 0.518058 0.248063 0.100757
2 3 0.041817 0.050751 0.572829 0.257966 0.076638
2 3 0.054176 0.066467 0.535203 0.255540 0.088614
2 3 0.055845 0.068604 0.530409 0.255040 0.090102
2 3 0.052983 0.064697 0.538986 0.255687 0.087647
2 3 0.047172 0.057536 0.556022 0.257222 0.082048
2 3 0.052991 0.064952 0.538643 0.255874 0.087540
2 3 0.105097 0.110734 0.434069 0.228145 0.121955
2 3 0.061075 0.075322 0.515749 0.253263 0.094591
2 3 0.068776 0.079849 0.500386 0.246802 0.104186
2 3 0.119117 0.115937 0.417575 0.219742 0.127629
2 3 0.059657 0.073498 0.519671 0.253775 0.093399
2 3 0.088610 0.090184 0.472346 0.234522 0.114339
2 3 0.096671 0.095626 0.444062 0.223162 0.140479
2 3 0.076697 0.089190 0.481158 0.243682 0.109274
2 3 0.058135 0.071542 0.523925 0.254300 0.092099
2 3 0.065742 0.081343 0.503088 0.251439 0.098388
2 3 0.081319 0.094094 0.469852 0.240627 0.114108
2 3 0.083532 0.104504 0.457782 0.242881 0.111301
2 3 0.072940 0.090675 0.484239 0.248251 0.103895
2 3 0.078273 0.093293 0.471915 0.241330 0.115190
2 3 0.048914 0.059661 0.550964 0.256831 0.083630
2 3 0.065228 0.080679 0.504464 0.251650 0.097979
2 3 0.208667 0.136994 0.318719 0.168026 0.167596
0 3 0.239581 0.237096 0.232400 0.092196 0.198728
2 3 0.037268 0.044623 0.587813 0.256877 0.073418
2 2 0.025546 0.030404 0.630899 0.255677 0.057475
2 2 0.020528 0.024167 0.652467 0.252529 0.050308
2 2 0.029506 0.035315 0.615495 0.257086 0.062598
2 2 0.026321 0.031363 0.627799 0.256011 0.058506
2 2 0.025421 0.030249 0.631402 0.255620 0.057307
2 2 0.025481 0.030324 0.631160 0.255648 0.057388
2 2 0.040149 0.046367 0.585068 0.256402 0.072014
2 2 0.022616 0.026792 0.643040 0.254111 0.053440
2 2 0.017766 0.019839 0.670457 0.247646 0.044291
2 2 0.028297 0.033812 0.620090 0.256731 0.061070
2 2 0.030013 0.034590 0.618552 0.255591 0.061255
2 2 0.069251 0.047394 0.557407 0.223956 0.101992
2 2 0.021309 0.025186 0.648709 0.253235 0.051562
2 2 0.033301 0.039133 0.604707 0.256920 0.065939
2 2 0.027434 0.032741 0.623424 0.256439 0.059961
2 2 0.103588 0.073515 0.465752 0.207527 0.149617
2 2 0.073863 0.062189 0.494821 0.218021 0.151106
2 2 0.022444 0.026580 0.643777 0.254002 0.053196
2 2 0.118165 0.071670 0.455706 0.198157 0.156301
2 2 0.037997 0.045936 0.585387 0.258137 0.072543
2 2 0.038976 0.047168 0.582118 0.258125 0.073612
2 3 0.064803 0.062546 0.519656 0.235332 0.117663
2 3 0.021973 0.026001 0.645809 0.253695 0.052522
2 3 0.040577 0.048367 0.576694 0.255651 0.078710
2 3 0.044946 0.053095 0.567355 0.256665 0.077939
2 3 0.049614 0.060643 0.548626 0.256718 0.084399
2 3 0.022997 0.027260 0.641421 0.254344 0.053978
2 3 0.037600 0.045437 0.586724 0.258135 0.072105
2 3 0.028036 0.033488 0.621093 0.256646 0.060737
2 3 0.030660 0.036751 0.611192 0.257370 0.064027
2 3 0.035571 0.042853 0.593650 0.257939 0.069986
2 3 0.045208 0.055043 0.562088 0.257556 0.080105
0 3 0.270529 0.110561 0.251153 0.120120 0.247636
2 3 0.031448 0.037733 0.608298 0.257535 0.064987
2 3 0.051183 0.059391 0.546938 0.252343 0.090146
2 3 0.052131 0.063854 0.541159 0.256104 0.086752
2 3 0.086426 0.070572 0.478002 0.216645 0.148355
2 3 0.041239 0.050021 0.574697 0.258012 0.076031
2 3 0.035324 0.042580 0.594506 0.258044 0.069546
2 3 0.050469 0.060573 0.545696 0.253737 0.089525
2 3 0.108812 0.071803 0.452761 0.200104 0.166519
2 2 0.053326 0.065380 0.537667 0.255781 0.087845
2 2 0.053815 0.053688 0.545448 0.239228 0.107822
2 2 0.036384 0.043910 0.590853 0.258104 0.070749
0 2 0.435313 0.175822 0.142910 0.058660 0.187295
2 2 0.117408 0.101316 0.456772 0.226279 0.098225
2 2 0.032110 0.034596 0.619988 0.253147 0.060160
2 2 0.050130 0.048321 0.582196 0.249272 0.070081
2 2 0.034681 0.038039 0.609280 0.254282 0.063718
2 2 0.098052 0.095239 0.472602 0.235112 0.098994
2 2 0.039737 0.048127 0.579602 0.258100 0.074434
2 2 0.027962 0.033397 0.621377 0.256622 0.060642
2 1 0.120556 0.088518 0.455907 0.214059 0.120960
2 1 0.030618 0.036699 0.611347 0.257361 0.063975
4 1 0.140277 0.062710 0.029961 0.003442 0.763610
4 1 0.167166 0.044199 0.024040 0.003225 0.761370
0 1 0.345920 0.268443 0.131316 0.028822 0.225499
4 1 0.098916 0.082601 0.043726 0.005356 0.769401
4 4 0.104122 0.055865 0.029432 0.003477 0.807104
4 4 0.126154 0.262995 0.145587 0.025253 0.440010
0 4 0.624109 0.128207 0.065330 0.017375 0.164979
4 4 0.222291 0.225461 0.113527 0.019898 0.418823
0 4 0.618191 0.108803 0.070947 0.023511 0.178547
0 4 0.460671 0.255165 0.109423 0.024660 0.150081
2 4 0.173988 0.197493 0.338875 0.109086 0.180558
1 4 0.290471 0.323249 0.155433 0.034309 0.196538
0 4 0.376143 0.168213 0.069293 0.010873 0.375478
1 4 0.259909 0.346269 0.141648 0.025039 0.227135
0 4 0.363302 0.277222 0.147232 0.038704 0.173540
0 4 0.674248 0.131766 0.055537 0.013259 0.125189
2 4 0.071444 0.174917 0.396333 0.094095 0.263211
4 4 0.181324 0.217129 0.131664 0.026712 0.443171
1 4 0.271663 0.362409 0.143986 0.025819 0.196123
4 4 0.081741 0.310915 0.179923 0.031184 0.396238
2 4 0.053439 0.117606 0.500261 0.119696 0.208998
0 4 0.523231 0.153786 0.076866 0.017761 0.228356
4 4 0.150286 0.120683 0.049371 0.005366 0.674293
4 4 0.191819 0.042295 0.020079 0.002370 0.743437
4 4 0.197663 0.011321 0.008099 0.001268 0.781650
4 4 0.258058 0.028608 0.019433 0.003474 0.690427
4 4 0.122312 0.056942 0.027612 0.003113 0.790022
4 4 0.114804 0.021802 0.015755 0.002392 0.845247
4 4 0.353608 0.023170 0.016916 0.003460 0.602847
4 4 0.409339 0.014004 0.010420 0.002117 0.564119
0 4 0.634677 0.137685 0.076792 0.024110 0.126736
4 4 0.140749 0.244430 0.107967 0.014349 0.492505
4 4 0.076727 0.255223 0.129247 0.017610 0.521192
4 4 0.129308 0.049302 0.025650 0.003064 0.792675
4 4 0.300269 0.124730 0.056813 0.008406 0.509783
4 4 0.151872 0.109385 0.048693 0.005697 0.684353
4 4 0.189410 0.011291 0.008193 0.001296 0.789811
4 4 0.172843 0.156952 0.066978 0.008195 0.595032
4 4 0.057556 0.015626 0.009886 0.001064 0.915868
4 4 0.165274 0.075649 0.041878 0.005985 0.711213
4 4 0.308926 0.233629 0.099729 0.016453 0.341263
4 4 0.111081 0.062049 0.032080 0.003836 0.790954
4 4 0.077335 0.149943 0.063471 0.006307 0.702944
4 4 0.113672 0.276357 0.132871 0.019126 0.457974
4 4 0.083321 0.202290 0.098532 0.012298 0.603559
4 4 0.109385 0.107527 0.046625 0.004930 0.731533
4 4 0.097040 0.247788 0.204867 0.038005 0.412300
2 4 0.033932 0.047160 0.612110 0.227640 0.079158
4 4 0.146269 0.171394 0.152217 0.034493 0.495627
4 4 0.128605 0.208953 0.117105 0.019434 0.525903
4 4 0.088788 0.195630 0.085924 0.009616 0.620043
4 4 0.265979 0.114381 0.058511 0.009314 0.551816
4 4 0.094437 0.110432 0.043350 0.003954 0.747827
4 4 0.133815 0.114692 0.061849 0.008694 0.680951
4 4 0.071938 0.263431 0.121684 0.014795 0.528152
4 4 0.255119 0.040998 0.023798 0.003727 0.676358
4 4 0.299454 0.240200 0.110090 0.019585 0.330671
2 4 0.090046 0.128169 0.462744 0.132946 0.186094
2 4 0.090589 0.176248 0.331648 0.083275 0.318240
1 4 0.201051 0.337080 0.200763 0.051277 0.209828
2 4 0.030306 0.034130 0.620476 0.254666 0.060423
2 4 0.054170 0.081356 0.562041 0.190664 0.111769
2 4 0.034629 0.054197 0.616116 0.204508 0.090550
2 4 0.075407 0.169103 0.430799 0.109105 0.215586
1 2 0.121431 0.340544 0.198143 0.040262 0.299619
4 2 0.071747 0.204406 0.321458 0.063873 0.338516
4 2 0.092967 0.231616 0.225519 0.042237 0.407660
4 2 0.070175 0.180566 0.072269 0.006807 0.670184
1 2 0.083201 0.337077 0.210724 0.038050 0.330948
4 2 0.104964 0.249496 0.171384 0.032114 0.442041
4 2 0.123540 0.191814 0.288092 0.078343 0.318211
1 2 0.200187 0.249792 0.236829 0.066171 0.247021
2 2 0.055784 0.113595 0.531969 0.148248 0.150404
2 2 0.023343 0.027686 0.639961 0.254548 0.054462
2 2 0.052712 0.062833 0.554513 0.227447 0.102494
2 2 0.030437 0.040579 0.622655 0.234890 0.071439
2 2 0.033369 0.038741 0.606088 0.256441 0.065360
2 2 0.019682 0.022237 0.660754 0.249884 0.047443
2 2 0.015318 0.017883 0.677284 0.247310 0.042206
2 2 0.015834 0.018228 0.676232 0.247189 0.042517
2 2 0.019412 0.022864 0.657247 0.251735 0.048743
2 2 0.020716 0.024460 0.651332 0.252797 0.050694
2 2 0.014780 0.017231 0.680120 0.246577 0.041293
2 2 0.039304 0.065657 0.598916 0.192680 0.103443
2 2 0.012320 0.014267 0.693862 0.242625 0.036926
2 2 0.030536 0.032925 0.624162 0.252034 0.060342
2 2 0.043779 0.046284 0.594665 0.244428 0.070844
2 2 0.011311 0.013059 0.699936 0.240662 0.035033
2 2 0.016762 0.019634 0.669927 0.249087 0.044590
2 2 0.016591 0.019426 0.670783 0.248889 0.044311
2 2 0.014010 0.016302 0.684273 0.245452 0.039962
2 2 0.019508 0.022980 0.656807 0.251817 0.048888
2 2 0.013372 0.015532 0.687815 0.244446 0.038835
2 2 0.019513 0.022987 0.656781 0.251822 0.048896
2 2 0.016518 0.019337 0.671147 0.248804 0.044193
2 2 0.016923 0.019830 0.669130 0.249268 0.044849
2 2 0.018892 0.022228 0.659664 0.251269 0.047948
2 2 0.013677 0.015900 0.686110 0.244936 0.039377
2 2 0.013314 0.015463 0.688138 0.244352 0.038732
2 2 0.027291 0.032564 0.623983 0.256387 0.059775
2 2 0.019495 0.022965 0.656866 0.251806 0.048868
2 2 0.016535 0.019358 0.671064 0.248824 0.044220
2 2 0.014640 0.017062 0.680865 0.246379 0.041053
2 2 0.017479 0.020506 0.666400 0.249875 0.045740
2 2 0.012975 0.015055 0.690063 0.243784 0.038123
2 2 0.019544 0.023025 0.656641 0.251848 0.048942
2 2 0.014743 0.017186 0.680318 0.246524 0.041229
2 2 0.013255 0.015391 0.688475 0.244254 0.038626
2 2 0.019016 0.021622 0.662928 0.249668 0.046765
2 2 0.016660 0.019510 0.670437 0.248969 0.044424
2 2 0.018445 0.021682 0.661766 0.250849 0.047257
2 2 0.014063 0.016366 0.683983 0.245533 0.040055
2 2 0.014189 0.016518 0.683296 0.245722 0.040274
2 2 0.045794 0.043015 0.578860 0.240226 0.092105
2 2 0.017767 0.020857 0.665004 0.250176 0.046196
2 2 0.021775 0.025360 0.648489 0.252815 0.051561
2 2 0.015753 0.018409 0.675031 0.247873 0.042933
2 2 0.016984 0.019904 0.668828 0.249336 0.044948
2 2 0.018014 0.021158 0.663817 0.250427 0.046585
2 2 0.016310 0.019085 0.672194 0.248558 0.043853
2 2 0.018284 0.021486 0.662529 0.250694 0.047007
2 2 0.027396 0.032694 0.623574 0.256425 0.059911
2 2 0.081825 0.063882 0.514296 0.226028 0.113969
2 2 0.030182 0.033688 0.616385 0.251306 0.068439
2 2 0.035976 0.042097 0.592980 0.254712 0.074235
2 2 0.022265 0.026360 0.644549 0.253887 0.052940
2 2 0.163222 0.086793 0.364392 0.164269 0.221323
2 2 0.023359 0.027706 0.639893 0.254557 0.054485
2 2 0.022552 0.026713 0.643317 0.254070 0.053349
2 2 0.063323 0.060649 0.527643 0.236763 0.111623
2 2 0.047080 0.046138 0.577497 0.245638 0.083647
2 2 0.029959 0.035878 0.613798 0.257204 0.063161
2 2 0.069854 0.057585 0.519029 0.224431 0.129101
2 2 0.027718 0.033093 0.622323 0.256539 0.060327
2 2 0.028594 0.034181 0.618953 0.256824 0.061448
2 2 0.029406 0.035190 0.615874 0.257059 0.062472
2 2 0.071387 0.066659 0.516189 0.236286 0.109479
2 2 0.033281 0.040022 0.601683 0.257836 0.067177
2 2 0.243912 0.148803 0.262592 0.131373 0.213320
0 2 0.730959 0.089224 0.066596 0.032074 0.081147
0 2 0.576593 0.204357 0.091344 0.025055 0.102651
1 2 0.291492 0.324915 0.173808 0.046118 0.163667
2 2 0.120217 0.115502 0.448220 0.206000 0.110062
2 2 0.101612 0.120461 0.478159 0.174413 0.125356
2 2 0.135008 0.138262 0.443907 0.154866 0.127957
2 2 0.027568 0.032783 0.623383 0.256321 0.059946
2 2 0.021284 0.025155 0.648819 0.253217 0.051525
2 2 0.142116 0.149170 0.419045 0.154110 0.135560
2 2 0.040776 0.043715 0.593732 0.253410 0.068367
2 2 0.061776 0.061659 0.547769 0.248310 0.080486
2 2 0.064095 0.097094 0.532437 0.183611 0.122762
2 2 0.055552 0.087594 0.549863 0.189233 0.117758
2 2 0.094393 0.121948 0.486726 0.165820 0.131113
2 2 0.045440 0.069449 0.578663 0.204058 0.102391
2 2 0.051168 0.072815 0.560446 0.214080 0.101490
2 2 0.091326 0.086295 0.495846 0.232235 0.094297
2 2 0.050719 0.081169 0.555500 0.199885 0.112726
2 2 0.065276 0.070572 0.539128 0.235505 0.089519
2 2 0.041551 0.043614 0.594103 0.252861 0.067871
2 2 0.030137 0.034435 0.619220 0.255249 0.060960
2 2 0.031309 0.035220 0.617173 0.254827 0.061472
2 2 0.048610 0.056043 0.566915 0.248172 0.080260
2 2 0.061413 0.059387 0.553111 0.247421 0.078668
2 2 0.035644 0.040172 0.602580 0.255456 0.066148
0 2 0.383744 0.222582 0.176101 0.074259 0.143314
1 2 0.227127 0.254189 0.247705 0.097240 0.173739
2 2 0.088501 0.114673 0.482131 0.190343 0.124353
2 2 0.045098 0.046667 0.585912 0.252188 0.070134
2 2 0.056513 0.098272 0.536629 0.179036 0.129550
2 2 0.037066 0.043416 0.592779 0.256991 0.069748
2 2 0.154763 0.229022 0.328889 0.110678 0.176648
2 2 0.064308 0.064940 0.556009 0.230236 0.084507
2 2 0.073297 0.064863 0.539706 0.242296 0.079838
2 2 0.108991 0.168472 0.417244 0.145087 0.160205
2 2 0.030376 0.035382 0.615913 0.256118 0.062210
2 2 0.110496 0.141957 0.448398 0.159726 0.139423
2 2 0.127813 0.190171 0.395611 0.116471 0.169935
2 2 0.048361 0.042705 0.598755 0.246195 0.063985
2 2 0.032287 0.038780 0.605248 0.257687 0.065997
2 2 0.032329 0.036899 0.611830 0.255611 0.063331
2 2 0.052187 0.070306 0.556228 0.224289 0.096989
0 2 0.444010 0.202430 0.155353 0.066132 0.132074
0 2 0.523663 0.167680 0.136953 0.063370 0.108334
2 2 0.125760 0.157641 0.424675 0.146540 0.145383
2 2 0.048673 0.044316 0.595160 0.245917 0.065932
2 2 0.077169 0.079640 0.519597 0.229613 0.093982
2 2 0.037567 0.040825 0.601390 0.254134 0.066083
2 2 0.066052 0.071499 0.552152 0.218519 0.091778
2 2 0.046338 0.047432 0.583975 0.251712 0.070542
2 2 0.081557 0.101165 0.489504 0.214689 0.113085
2 2 0.087067 0.077764 0.509170 0.238340 0.087658
2 2 0.047896 0.058926 0.579798 0.227505 0.085876
2 2 0.204418 0.194055 0.324985 0.132869 0.143673
2 2 0.187871 0.244144 0.295838 0.102161 0.169986
2 2 0.050116 0.052784 0.569582 0.252230 0.075289
2 2 0.024740 0.027984 0.640166 0.253005 0.054104
2 2 0.030490 0.036005 0.613738 0.256718 0.063049
2 2 0.104371 0.109094 0.460852 0.209008 0.116675
2 2 0.034397 0.042387 0.600071 0.252950 0.070195
2 2 0.021660 0.024569 0.652016 0.251472 0.050283
2 2 0.035956 0.043373 0.592322 0.258083 0.070265
2 2 0.036926 0.044589 0.589008 0.258122 0.071355
0 2 0.657920 0.109216 0.090544 0.045437 0.096884
0 2 0.490845 0.170046 0.127891 0.051117 0.160101
2 1 0.151371 0.173607 0.375495 0.157736 0.141791
2 1 0.023328 0.027667 0.640026 0.254539 0.054441
2 1 0.155905 0.172093 0.295617 0.084874 0.291510
1 4 0.195257 0.320145 0.193721 0.046775 0.244101
1 4 0.270223 0.364631 0.151860 0.029436 0.183849
0 4 0.555046 0.155791 0.088533 0.025256 0.175374
1 4 0.288607 0.323593 0.163574 0.038690 0.185536
4 4 0.285258 0.114017 0.059491 0.009980 0.531254
4 4 0.080920 0.304406 0.140414 0.018166 0.456093
4 4 0.136415 0.087358 0.052093 0.007770 0.716363
4 4 0.143453 0.209235 0.085904 0.010164 0.551245
4 4 0.207102 0.068258 0.037366 0.005508 0.681765
4 4 0.200350 0.019445 0.013049 0.002033 0.765123
4 4 0.385255 0.083459 0.037896 0.005762 0.487628
0 4 0.546953 0.128936 0.051795 0.009038 0.263278
4 4 0.312623 0.058500 0.032582 0.005401 0.590893
4 4 0.155271 0.104400 0.040776 0.004130 0.695423
4 4 0.246067 0.187932 0.078317 0.010696 0.476988
4 4 0.171043 0.034770 0.019130 0.002452 0.772604
4 4 0.259862 0.163726 0.072070 0.010276 0.494066
4 4 0.282640 0.026597 0.017793 0.003095 0.669874
4 4 0.424943 0.018418 0.011299 0.002018 0.543322
4 4 0.229437 0.031873 0.016750 0.002204 0.719737
4 4 0.263331 0.024978 0.013923 0.001969 0.695798
0 4 0.577450 0.021997 0.016145 0.004143 0.380266
4 4 0.286166 0.027770 0.017639 0.002915 0.665510
0 4 0.578153 0.190749 0.095472 0.028805 0.106821
0 4 0.342079 0.319476 0.116303 0.019389 0.202752
1 4 0.268290 0.332737 0.159327 0.033881 0.205765
4 4 0.296084 0.223361 0.083708 0.011408 0.385440
4 4 0.301937 0.241316 0.095811 0.014258 0.346677
0 4 0.419455 0.112147 0.052768 0.009086 0.406543
0 4 0.441746 0.261659 0.104729 0.021017 0.170849
0 4 0.353988 0.261976 0.160791 0.048109 0.175136
1 1 0.243464 0.357682 0.171118 0.037150 0.190587
0 1 0.383739 0.322469 0.122409 0.024540 0.146843
0 1 0.518430 0.259128 0.083990 0.015446 0.123007
0 1 0.362695 0.215829 0.197160 0.101935 0.122382
0 1 0.576701 0.215426 0.078071 0.016518 0.113284
1 1 0.301182 0.327850 0.166901 0.042508 0.161559
1 1 0.292959 0.350414 0.153522 0.032702 0.170402
1 1 0.260361 0.344098 0.174076 0.041341 0.180123
1 1 0.265785 0.331712 0.181032 0.047204 0.174266
1 2 0.236367 0.347039 0.182827 0.043651 0.190116
1 2 0.203277 0.265883 0.264333 0.085357 0.181149
0 2 0.306844 0.246487 0.231131 0.079988 0.135550
1 2 0.263109 0.296818 0.209211 0.067359 0.163502
2 2 0.155995 0.249702 0.316750 0.086045 0.191508
1 2 0.210503 0.341639 0.198517 0.050505 0.198836
1 2 0.250379 0.304805 0.207577 0.067857 0.169382
0 2 0.686061 0.106238 0.082151 0.040407 0.085142
0 2 0.672383 0.173944 0.052193 0.009642 0.091838
2 1 0.152833 0.265794 0.289838 0.096983 0.194552
0 1 0.360702 0.307739 0.141019 0.033092 0.157447
1 1 0.243342 0.350801 0.176680 0.040599 0.188578
2 1 0.114866 0.224443 0.360541 0.101700 0.198450
2 1 0.077971 0.093299 0.526481 0.191526 0.110723
2 1 0.068160 0.092027 0.536811 0.188114 0.114888
2 1 0.023860 0.027640 0.640730 0.253701 0.054069
2 1 0.055116 0.090065 0.563494 0.167744 0.123580
2 1 0.106349 0.107896 0.497627 0.174519 0.113610
2 1 0.165581 0.243491 0.307211 0.105143 0.178574
2 1 0.017752 0.020815 0.665199 0.250104 0.046129
2 1 0.025350 0.028717 0.637669 0.253342 0.054922
0 1 0.647029 0.138808 0.091812 0.040119 0.082232
0 0 0.766092 0.107039 0.047300 0.014286 0.065283
0 0 0.808434 0.061221 0.038342 0.015094 0.076911
0 0 0.807653 0.068583 0.038705 0.014258 0.070800
0 0 0.910824 0.029516 0.016877 0.006883 0.035900
0 0 0.806211 0.077016 0.043347 0.017151 0.056276
0 0 0.675497 0.181270 0.057967 0.012739 0.072528
0 0 0.934159 0.021849 0.011549 0.004522 0.027921
0 0 0.976657 0.006988 0.002918 0.000979 0.012459
0 0 0.987375 0.003306 0.001210 0.000366 0.007743
0 0 0.960608 0.011628 0.005554 0.001981 0.020228
0 0 0.969369 0.009638 0.004247 0.001488 0.015259
0 0 0.944157 0.023525 0.008954 0.002856 0.020508
0 0 0.956587 0.016709 0.006567 0.002175 0.017962
0 0 0.938956 0.021552 0.008273 0.002414 0.028805
0 0 0.930608 0.025643 0.012200 0.004598 0.026951
0 0 0.941600 0.018477 0.007096 0.002017 0.030810
0 0 0.913739 0.028993 0.010680 0.002713 0.043875
0 0 0.943244 0.021619 0.008297 0.002559 0.024282
0 0 0.950643 0.013258 0.005841 0.001840 0.028419
0 0 0.930617 0.027495 0.009253 0.002359 0.030277
0 0 0.928362 0.028465 0.009806 0.002550 0.030818
0 0 0.907717 0.044672 0.013519 0.003168 0.030924
0 0 0.818697 0.080893 0.026894 0.005733 0.067783
0 1 0.758189 0.099613 0.038666 0.008953 0.094579
0 1 0.787464 0.110241 0.034357 0.007366 0.060572
0 1 0.856843 0.073536 0.021380 0.004540 0.043702
0 1 0.652590 0.148696 0.051470 0.009625 0.137619
0 1 0.455794 0.242157 0.093608 0.017472 0.190969
0 1 0.395275 0.224565 0.098212 0.018772 0.263177
0 1 0.622442 0.184867 0.062343 0.011925 0.118424
0 1 0.434793 0.253843 0.090722 0.015339 0.205303
0 1 0.538090 0.198923 0.088260 0.020598 0.154130
0 1 0.721353 0.148399 0.045209 0.008999 0.076041
0 1 0.687315 0.146936 0.059831 0.015116 0.090803
0 0 0.761036 0.111926 0.041701 0.010249 0.075089
0 0 0.897938 0.034200 0.019751 0.008196 0.039915
0 0 0.915631 0.015009 0.007556 0.002240 0.059564
0 0 0.878493 0.041436 0.017638 0.004949 0.057484
0 1 0.577394 0.215350 0.072230 0.013656 0.121370
1 1 0.316545 0.336066 0.127336 0.021924 0.198129
0 1 0.537627 0.228015 0.090298 0.020274 0.123786
0 1 0.652213 0.178031 0.063168 0.013964 0.092624
0 1 0.398149 0.271624 0.103565 0.018386 0.208277
1 1 0.327860 0.354645 0.132847 0.025070 0.159578
1 1 0.250236 0.345573 0.177637 0.042240 0.184313
2 1 0.211476 0.255006 0.269412 0.099806 0.164300
0 1 0.550243 0.224194 0.085099 0.018360 0.122104
1 1 0.231308 0.338580 0.191711 0.049188 0.189213
1 1 0.276862 0.291432 0.200955 0.068519 0.162231
2 1 0.187612 0.255215 0.290337 0.089252 0.177584
1 1 0.191019 0.309982 0.235742 0.065587 0.197670
2 1 0.058126 0.086077 0.556693 0.183910 0.115195
1 1 0.184186 0.317686 0.229501 0.066921 0.201707
2 1 0.069553 0.087616 0.548419 0.184092 0.110320
2 2 0.064464 0.087227 0.553273 0.182147 0.112889
2 2 0.071826 0.064319 0.541656 0.242383 0.079816
0 2 0.340123 0.326918 0.147007 0.034310 0.151643
2 2 0.124118 0.257998 0.323393 0.080170 0.214321
1 2 0.234297 0.322785 0.202251 0.058485 0.182182
1 2 0.185890 0.275361 0.270022 0.082528 0.186200
2 2 0.018271 0.021471 0.662589 0.250681 0.046988
2 2 0.089117 0.106635 0.490632 0.197042 0.116574
2 2 0.059248 0.089372 0.554587 0.178079 0.118714
2 2 0.094094 0.079514 0.523475 0.213632 0.089285
2 2 0.020295 0.023785 0.653981 0.252146 0.049792
2 2 0.069455 0.091713 0.546630 0.176854 0.115348
2 2 0.030209 0.030184 0.635635 0.249359 0.054613
2 2 0.122153 0.122441 0.451242 0.187318 0.116846
2 2 0.112622 0.122244 0.460652 0.183702 0.120780
2 2 0.029369 0.026930 0.648549 0.245120 0.050031
1 2 0.272149 0.327288 0.181332 0.048578 0.170653
1 2 0.233797 0.342805 0.178765 0.040860 0.203773
2 2 0.015804 0.016749 0.684992 0.242857 0.039598
2 2 0.080797 0.088739 0.517137 0.210319 0.103008
2 2 0.022732 0.025573 0.648645 0.251719 0.051331
2 2 0.032663 0.033701 0.623643 0.251397 0.058597
2 2 0.055599 0.064387 0.580514 0.209655 0.089846
2 2 0.118824 0.132075 0.453456 0.167899 0.127745
2 2 0.275269 0.140660 0.304676 0.122647 0.156748
2 2 0.131249 0.147554 0.422068 0.165768 0.133361
2 2 0.060632 0.068018 0.568946 0.211107 0.091297
2 2 0.141368 0.095811 0.449460 0.203526 0.109835
2 2 0.057139 0.053484 0.568626 0.247374 0.073376
0 2 0.423505 0.262143 0.139054 0.040833 0.134465
0 2 0.397489 0.226225 0.160396 0.059099 0.156792
2 2 0.112264 0.129951 0.455633 0.174285 0.127868
2 2 0.045156 0.043012 0.597101 0.249141 0.065590
2 2 0.220173 0.209413 0.297819 0.134503 0.138094
1 2 0.226214 0.313743 0.212415 0.066142 0.181486
1 2 0.167190 0.294389 0.260624 0.075052 0.202745
0 2 0.408330 0.292866 0.120089 0.025599 0.153117
0 2 0.297377 0.294694 0.150986 0.034422 0.222520
0 2 0.357343 0.291879 0.164654 0.050986 0.135137
1 2 0.222158 0.369403 0.171041 0.034524 0.202875
0 1 0.639470 0.158396 0.090166 0.035161 0.076808
0 1 0.411530 0.280879 0.119968 0.026024 0.161599
0 1 0.519679 0.256387 0.083697 0.015397 0.124840
0 1 0.320616 0.269603 0.184244 0.063031 0.162506
0 1 0.273362 0.160561 0.263792 0.121831 0.180455
1 1 0.290651 0.316781 0.180159 0.051149 0.161260
1 1 0.289226 0.351335 0.143607 0.027155 0.188676
1 1 0.135144 0.311952 0.247718 0.061820 0.243366
1 1 0.218089 0.289651 0.244152 0.067212 0.180896
2 1 0.020438 0.024012 0.653087 0.252367 0.050096
0 2 0.458841 0.172071 0.090409 0.021018 0.257661
1 2 0.155999 0.362350 0.198220 0.041927 0.241503
0 2 0.445918 0.173806 0.065835 0.010300 0.304140
1 2 0.312714 0.324514 0.136916 0.026773 0.199082
1 2 0.261028 0.309869 0.171972 0.042071 0.215060
0 2 0.484068 0.145441 0.076538 0.017288 0.276666
0 2 0.704465 0.092636 0.031100 0.005221 0.166578
4 2 0.307000 0.169374 0.066152 0.008928 0.448545
0 4 0.483501 0.219709 0.078438 0.013225 0.205128
0 4 0.406693 0.143690 0.055246 0.008001 0.386369
4 4 0.244306 0.279188 0.124853 0.021002 0.330651
0 4 0.735177 0.069540 0.027244 0.005382 0.162658
4 4 0.116941 0.320921 0.142092 0.019901 0.400145
4 4 0.188912 0.326621 0.130515 0.018698 0.335255
4 4 0.306438 0.170199 0.081303 0.013729 0.428331
0 4 0.582029 0.042474 0.028696 0.007370 0.339431
