0 0 0.958064 0.003772 0.000886 0.023739 0.013539
0 0 0.943117 0.005688 0.001545 0.031509 0.018140
0 0 0.941189 0.007759 0.001679 0.025632 0.023740
0 0 0.904352 0.015937 0.003926 0.035581 0.040204
0 0 0.943154 0.008306 0.001537 0.021436 0.025567
0 0 0.883991 0.020505 0.005533 0.042023 0.047948
0 0 0.932442 0.007626 0.002140 0.035226 0.022567
0 0 0.946982 0.004654 0.001318 0.031572 0.015474
0 0 0.944302 0.005721 0.001499 0.030164 0.018315
0 0 0.856321 0.028789 0.007819 0.045335 0.061735
0 0 0.731141 0.077904 0.017729 0.042140 0.131085
0 0 0.902326 0.015231 0.004161 0.040018 0.038264
0 0 0.943077 0.007369 0.001585 0.025123 0.022847
0 0 0.547644 0.146122 0.050142 0.067981 0.188110
0 0 0.482541 0.172132 0.066331 0.075016 0.203981
0 0 0.906178 0.015329 0.003813 0.035695 0.038985
0 0 0.899569 0.017587 0.004216 0.035153 0.043475
0 0 0.929024 0.008773 0.002361 0.034585 0.025258
0 0 0.842878 0.033126 0.008989 0.046482 0.068525
0 0 0.575469 0.133983 0.045003 0.067027 0.178518
0 0 0.761337 0.057276 0.018710 0.063232 0.099445
0 0 0.883365 0.021579 0.005467 0.039302 0.050289
0 0 0.956864 0.004659 0.000962 0.021313 0.016202
0 0 0.873060 0.024956 0.006203 0.039548 0.056232
0 0 0.630828 0.108256 0.037105 0.069466 0.154346
0 0 0.963376 0.002703 0.000658 0.022822 0.010441
0 0 0.559835 0.140200 0.048277 0.068624 0.183063
0 0 0.780297 0.053610 0.015453 0.053961 0.096679
0 0 0.876651 0.020893 0.006300 0.048332 0.047824
0 0 0.939654 0.006338 0.001732 0.032597 0.019679
0 0 0.935397 0.006799 0.001952 0.035240 0.020612
0 0 0.937308 0.009016 0.001859 0.025019 0.026797
0 0 0.615237 0.118522 0.037215 0.062528 0.166498
0 0 0.936425 0.007534 0.001934 0.031455 0.022652
0 0 0.826702 0.044631 0.008138 0.029975 0.090554
0 0 0.478256 0.196107 0.044443 0.039351 0.241844
0 0 0.395456 0.231546 0.068952 0.050625 0.253422
0 0 0.617043 0.127186 0.029257 0.043027 0.183487
0 0 0.680693 0.099399 0.022248 0.041799 0.155862
0 0 0.901429 0.017024 0.004095 0.035051 0.042401
0 0 0.872360 0.026098 0.006068 0.036755 0.058718
0 0 0.934402 0.008385 0.002052 0.030418 0.024744
0 0 0.895633 0.017678 0.004603 0.038970 0.043116
0 0 0.863732 0.028063 0.006884 0.039823 0.061498
0 0 0.856684 0.029812 0.007555 0.041930 0.064019
0 0 0.899001 0.018029 0.004218 0.034298 0.044453
0 0 0.930314 0.007879 0.002260 0.036485 0.023061
0 0 0.678561 0.094252 0.026784 0.055660 0.144742
0 0 0.883373 0.022051 0.005393 0.037804 0.051379
0 0 0.897642 0.018137 0.004347 0.035380 0.044495
0 0 0.928345 0.009721 0.002402 0.031888 0.027644
0 0 0.917481 0.011728 0.003094 0.036127 0.031569
0 0 0.811823 0.041446 0.012458 0.054677 0.079596
0 0 0.890756 0.018795 0.004990 0.040439 0.045021
0 0 0.957120 0.004444 0.000948 0.021929 0.015559
0 0 0.928050 0.010359 0.002402 0.029908 0.029280
0 0 0.824975 0.037665 0.010976 0.051844 0.074540
0 0 0.751663 0.062296 0.019373 0.060189 0.106479
0 0 0.890994 0.019224 0.004918 0.038819 0.046045
0 0 0.454425 0.199873 0.058651 0.052882 0.234169
0 0 0.648992 0.108875 0.029030 0.051649 0.161454
0 0 0.771398 0.057477 0.016175 0.052887 0.102061
0 0 0.911727 0.014173 0.003419 0.033772 0.036908
0 0 0.876713 0.024091 0.005880 0.038401 0.054914
0 0 0.950548 0.005156 0.001220 0.025908 0.017169
0 0 0.887790 0.021552 0.004940 0.034732 0.050986
0 0 0.870625 0.024849 0.006542 0.042409 0.055575
0 0 0.900923 0.017470 0.004092 0.034113 0.043403
0 0 0.961050 0.003674 0.000788 0.021044 0.013444
0 0 0.938421 0.007972 0.001829 0.027744 0.024033
0 0 0.930556 0.008705 0.002272 0.033248 0.025220
0 0 0.959467 0.003574 0.000831 0.023117 0.013012
0 0 0.858298 0.027132 0.007821 0.048209 0.058540
0 0 0.861840 0.029476 0.006838 0.037528 0.064319
0 0 0.946127 0.006830 0.001436 0.023974 0.021633
0 0 0.954629 0.004911 0.001053 0.022630 0.016778
0 0 0.932434 0.008335 0.002162 0.032644 0.024425
0 0 0.720359 0.080549 0.019889 0.046645 0.132558
0 0 0.883470 0.022334 0.005334 0.036810 0.052052
0 0 0.948124 0.006789 0.001335 0.022009 0.021743
0 0 0.938373 0.006808 0.001814 0.032147 0.020858
0 0 0.920390 0.011358 0.002897 0.034390 0.030965
0 0 0.874775 0.023827 0.006174 0.041242 0.053982
0 0 0.921977 0.011840 0.002759 0.031047 0.032377
0 0 0.960143 0.003438 0.000802 0.022991 0.012626
0 0 0.947846 0.005133 0.001324 0.028796 0.016901
0 0 0.929925 0.009427 0.002308 0.031298 0.027043
0 0 0.887487 0.019539 0.005258 0.041454 0.046262
0 0 0.567617 0.150078 0.035123 0.043249 0.203933
0 0 0.406407 0.231037 0.059849 0.043249 0.259458
0 0 0.522829 0.167120 0.045965 0.051446 0.212640
0 0 0.414562 0.222579 0.063685 0.049287 0.249887
0 0 0.737414 0.072317 0.018927 0.049634 0.121709
0 0 0.488405 0.183215 0.052280 0.052563 0.223537
0 0 0.392311 0.234916 0.067473 0.048260 0.257039
0 0 0.662128 0.099304 0.030024 0.059977 0.148567
0 0 0.743136 0.072670 0.016872 0.042932 0.124390
0 0 0.717046 0.082718 0.019699 0.044720 0.135817
0 0 0.899049 0.018130 0.004200 0.033917 0.044704
0 0 0.612977 0.128200 0.030524 0.044829 0.183469
0 0 0.767753 0.064128 0.014001 0.039327 0.114793
0 0 0.746509 0.069158 0.017768 0.048336 0.118229
0 0 0.649511 0.108721 0.028913 0.051488 0.161367
0 0 0.382510 0.237313 0.073137 0.051947 0.255093
0 1 0.400973 0.232592 0.062716 0.045140 0.258579
0 1 0.386873 0.236277 0.070579 0.050286 0.255986
0 1 0.398175 0.233364 0.064227 0.046134 0.258100
0 1 0.379318 0.238039 0.075047 0.053184 0.254412
0 1 0.380407 0.237794 0.074392 0.052760 0.254647
0 1 0.351119 0.243246 0.093345 0.064872 0.247417
0 1 0.369603 0.240080 0.081061 0.057055 0.252201
0 4 0.399614 0.221157 0.048698 0.031549 0.298982
0 4 0.579582 0.148224 0.029232 0.035224 0.207738
0 4 0.503735 0.185292 0.037997 0.035461 0.237515
0 4 0.429271 0.223716 0.048756 0.035843 0.262414
0 4 0.410299 0.229879 0.057851 0.041925 0.260046
0 4 0.454522 0.214263 0.038254 0.028685 0.264276
0 4 0.405445 0.231318 0.060350 0.043580 0.259307
0 4 0.384464 0.236855 0.071984 0.051199 0.255498
0 4 0.361916 0.241513 0.086034 0.060235 0.250303
0 4 0.368232 0.240348 0.081933 0.057615 0.251872
0 4 0.354126 0.242797 0.091271 0.063560 0.248247
0 4 0.409848 0.230015 0.058080 0.042077 0.259979
0 4 0.415564 0.228254 0.055220 0.040176 0.260786
0 4 0.383198 0.237153 0.072730 0.051683 0.255237
0 4 0.375557 0.238859 0.077339 0.054663 0.253581
0 4 0.376820 0.238588 0.076565 0.054164 0.253864
0 4 0.397173 0.233635 0.064774 0.046493 0.257924
0 4 0.412496 0.229209 0.056743 0.041189 0.260362
0 4 0.381201 0.237614 0.073917 0.052452 0.254816
0 4 0.406421 0.231033 0.059842 0.043244 0.259460
0 4 0.469791 0.207918 0.032746 0.024862 0.264683
0 4 0.365272 0.240907 0.083839 0.058834 0.251148
0 4 0.374021 0.239184 0.078289 0.055275 0.253233
0 4 0.360437 0.241770 0.087013 0.060858 0.249923
0 4 0.329209 0.245735 0.109374 0.074900 0.240782
0 4 0.336102 0.245103 0.104157 0.071657 0.242981
0 4 0.304465 0.246822 0.129446 0.087213 0.232054
0 4 0.263737 0.244410 0.167226 0.109730 0.214897
2 4 0.168792 0.224244 0.251817 0.122112 0.233035
1 4 0.221218 0.235908 0.213360 0.136176 0.193339
2 4 0.157229 0.217842 0.294735 0.141333 0.188862
2 4 0.126825 0.206760 0.342166 0.123542 0.200706
2 2 0.082206 0.172020 0.514142 0.103273 0.128359
1 2 0.230662 0.246074 0.243954 0.102998 0.176312
2 2 0.106218 0.196446 0.314507 0.103960 0.278869
2 2 0.024669 0.094616 0.770593 0.037005 0.073116
2 2 0.010261 0.058121 0.864880 0.017738 0.049000
2 2 0.025548 0.098257 0.752051 0.040068 0.084077
2 2 0.015862 0.078761 0.789329 0.029639 0.086409
2 2 0.015372 0.073962 0.820936 0.025723 0.064007
2 2 0.008914 0.048700 0.871128 0.020361 0.050897
2 2 0.010785 0.061111 0.848709 0.020046 0.059349
2 2 0.015599 0.076720 0.802833 0.027964 0.076884
2 2 0.033254 0.112783 0.710175 0.049846 0.093942
0 2 0.282231 0.251265 0.166054 0.089523 0.210927
2 2 0.201354 0.231655 0.249383 0.141023 0.176585
2 2 0.024482 0.095405 0.763168 0.037984 0.078961
2 2 0.029622 0.100559 0.768133 0.039170 0.062515
2 2 0.015560 0.074561 0.807335 0.028598 0.073946
2 2 0.019622 0.083537 0.800320 0.030552 0.065970
2 2 0.015120 0.063725 0.829134 0.031750 0.060271
2 2 0.023423 0.091209 0.783095 0.034656 0.067617
2 2 0.015354 0.066486 0.826694 0.030343 0.061122
2 2 0.026257 0.087304 0.790000 0.039654 0.056784
2 2 0.012121 0.060479 0.859177 0.020856 0.047367
2 2 0.013546 0.058643 0.842765 0.029487 0.055560
2 2 0.013956 0.063268 0.832836 0.028728 0.061212
2 2 0.010269 0.048914 0.876613 0.022005 0.042199
2 2 0.019870 0.049858 0.823891 0.061596 0.044786
2 2 0.016196 0.072266 0.830827 0.026041 0.054670
2 2 0.013004 0.050592 0.863680 0.030099 0.042626
2 2 0.015825 0.060917 0.846429 0.030635 0.046195
2 2 0.010999 0.051527 0.884274 0.019045 0.034156
2 3 0.016856 0.060007 0.826591 0.040103 0.056443
2 3 0.019058 0.066475 0.827844 0.036716 0.049907
2 3 0.013768 0.055844 0.864120 0.026178 0.040090
2 3 0.009927 0.029252 0.867643 0.052531 0.040646
2 3 0.015958 0.062947 0.845178 0.029359 0.046558
2 3 0.010513 0.046541 0.876205 0.024893 0.041848
2 3 0.013541 0.028265 0.842816 0.080503 0.034875
2 3 0.008309 0.021380 0.901785 0.046057 0.022469
2 3 0.005962 0.019288 0.923950 0.030649 0.020150
2 3 0.013470 0.041679 0.861850 0.043260 0.039742
2 3 0.014265 0.031802 0.867095 0.059375 0.027463
2 3 0.007479 0.022498 0.905908 0.038840 0.025275
2 3 0.010908 0.022670 0.873809 0.067739 0.024873
2 3 0.010817 0.027184 0.882731 0.051745 0.027523
2 3 0.028597 0.032677 0.704051 0.196714 0.037961
2 3 0.020994 0.036650 0.802620 0.102427 0.037310
2 3 0.020705 0.040040 0.809519 0.089827 0.039909
2 3 0.008027 0.025085 0.904397 0.036364 0.026128
2 3 0.023895 0.036143 0.791984 0.115483 0.032496
2 3 0.017264 0.035297 0.835499 0.077410 0.034530
2 3 0.036632 0.046945 0.704291 0.167654 0.044478
2 3 0.040044 0.037793 0.637047 0.245988 0.039128
2 3 0.024036 0.029214 0.724026 0.185110 0.037614
2 3 0.017080 0.027211 0.827931 0.101086 0.026692
2 3 0.020214 0.038234 0.818581 0.087193 0.035778
2 3 0.031957 0.037624 0.718406 0.175834 0.036179
2 3 0.024621 0.037692 0.790789 0.113717 0.033180
2 3 0.021193 0.031732 0.777453 0.132714 0.036908
2 3 0.030676 0.040682 0.731957 0.156315 0.040369
2 3 0.050186 0.051309 0.613663 0.235755 0.049088
2 3 0.026484 0.042228 0.785148 0.109973 0.036167
2 3 0.018110 0.028118 0.794624 0.124560 0.034589
2 3 0.035007 0.037403 0.708978 0.186489 0.032124
2 3 0.044582 0.037458 0.540161 0.328736 0.049064
2 3 0.036053 0.037526 0.668257 0.219045 0.039120
2 3 0.042176 0.035069 0.547585 0.328702 0.046467
2 3 0.015185 0.024149 0.842130 0.095230 0.023305
2 3 0.045020 0.050881 0.649837 0.205694 0.048567
2 3 0.041702 0.033682 0.532700 0.345111 0.046805
2 3 0.054566 0.052011 0.558705 0.278324 0.056393
2 3 0.018259 0.031440 0.809390 0.105446 0.035465
2 3 0.047356 0.050903 0.648684 0.208482 0.044575
2 3 0.030997 0.041832 0.734445 0.152043 0.040683
2 3 0.044495 0.047933 0.627278 0.229459 0.050835
2 3 0.041135 0.040549 0.642970 0.234968 0.040378
2 3 0.026551 0.041142 0.780316 0.115744 0.036247
3 3 0.058340 0.031825 0.382374 0.475014 0.052447
2 3 0.023590 0.034638 0.784759 0.123840 0.033174
2 3 0.033583 0.035911 0.679673 0.212188 0.038645
2 3 0.047236 0.043886 0.582013 0.277972 0.048893
2 3 0.034077 0.041694 0.710780 0.173275 0.040173
2 3 0.060293 0.059484 0.549314 0.269335 0.061574
2 3 0.047847 0.048156 0.618013 0.238936 0.047049
2 3 0.038860 0.033990 0.595791 0.290331 0.041028
2 3 0.050341 0.047873 0.578224 0.271908 0.051655
2 3 0.043107 0.036245 0.548888 0.324516 0.047245
2 3 0.028400 0.030044 0.665891 0.234639 0.041026
2 3 0.043069 0.025331 0.476456 0.416241 0.038902
3 3 0.069035 0.025749 0.283849 0.573749 0.047617
2 3 0.021118 0.056842 0.836766 0.047275 0.038000
2 3 0.069149 0.101797 0.627183 0.137015 0.064856
2 3 0.029061 0.083256 0.805593 0.040535 0.041555
2 3 0.010813 0.038656 0.900081 0.025301 0.025149
2 3 0.005955 0.024214 0.921661 0.023402 0.024768
2 3 0.010345 0.035720 0.899956 0.028001 0.025979
2 3 0.008504 0.036574 0.899957 0.022981 0.031983
2 2 0.022747 0.094471 0.751072 0.038681 0.093028
2 2 0.010228 0.040045 0.887805 0.027407 0.034515
2 2 0.010847 0.049294 0.876310 0.022965 0.040584
2 2 0.008072 0.039082 0.902491 0.018611 0.031744
2 2 0.006517 0.020301 0.922996 0.030959 0.019226
2 2 0.005482 0.030163 0.909353 0.018269 0.036733
2 2 0.088745 0.165286 0.592542 0.084286 0.069141
2 2 0.101388 0.176388 0.549417 0.096127 0.076680
2 2 0.009446 0.035738 0.892442 0.029102 0.033272
2 2 0.007372 0.028363 0.912470 0.025500 0.026295
2 2 0.082975 0.162152 0.598914 0.082573 0.073387
2 2 0.006920 0.026468 0.911570 0.027302 0.027740
2 2 0.011053 0.051261 0.876515 0.021589 0.039583
2 2 0.005716 0.023036 0.920883 0.024707 0.025657
2 2 0.016132 0.044415 0.858754 0.046046 0.034654
2 2 0.009141 0.031705 0.893457 0.033606 0.032091
2 2 0.008791 0.026056 0.895101 0.041584 0.028468
2 2 0.007651 0.029643 0.913115 0.024240 0.025352
2 2 0.015771 0.028796 0.847622 0.081107 0.026703
2 2 0.005511 0.024681 0.921496 0.021315 0.026997
2 2 0.006495 0.022859 0.921657 0.027165 0.021824
2 2 0.007410 0.020883 0.903762 0.043205 0.024741
2 2 0.004587 0.017650 0.937471 0.022147 0.018145
2 2 0.008000 0.035107 0.905262 0.021542 0.030089
2 2 0.008150 0.041746 0.894562 0.018656 0.036885
2 2 0.011709 0.051269 0.875305 0.023170 0.038547
2 2 0.007463 0.032446 0.908499 0.022061 0.029532
2 2 0.012342 0.060413 0.849149 0.023745 0.054351
2 2 0.013546 0.060217 0.867994 0.021002 0.037241
2 2 0.012968 0.066301 0.835297 0.023629 0.061805
2 2 0.008906 0.049525 0.878480 0.018035 0.045054
2 2 0.008547 0.037172 0.894812 0.024165 0.035304
2 2 0.014264 0.055799 0.864212 0.027010 0.038715
2 2 0.018703 0.069518 0.827378 0.033345 0.051056
2 2 0.037253 0.109847 0.753425 0.043541 0.055935
2 2 0.090322 0.165198 0.595805 0.083338 0.065337
2 2 0.084190 0.158457 0.621502 0.076481 0.059370
2 2 0.031418 0.097635 0.791456 0.035378 0.044113
2 2 0.006083 0.024261 0.922571 0.023357 0.023729
2 2 0.013745 0.064041 0.847807 0.023894 0.050513
2 2 0.007115 0.032430 0.905428 0.022163 0.032865
2 2 0.009652 0.051650 0.867605 0.020558 0.050535
2 2 0.010104 0.046833 0.878395 0.023037 0.041632
2 2 0.008189 0.034133 0.898290 0.025625 0.033763
2 2 0.012673 0.067148 0.822231 0.025034 0.072914
2 2 0.006472 0.030942 0.916558 0.018360 0.027667
2 2 0.013556 0.059907 0.842874 0.028298 0.055366
2 2 0.011275 0.047153 0.874439 0.026519 0.040614
2 2 0.029666 0.104760 0.740885 0.043566 0.081124
2 2 0.005748 0.026477 0.920449 0.020110 0.027216
2 2 0.014698 0.062506 0.827144 0.032545 0.063107
2 2 0.007730 0.031798 0.909990 0.022972 0.027511
2 2 0.007821 0.033556 0.902690 0.023758 0.032176
2 2 0.008959 0.040090 0.897889 0.021040 0.032021
2 2 0.014722 0.055022 0.850061 0.033405 0.046789
2 2 0.024296 0.087792 0.801138 0.033345 0.053430
2 2 0.022407 0.073327 0.828853 0.034214 0.041200
2 2 0.044103 0.094823 0.753134 0.063194 0.044745
2 2 0.006594 0.031392 0.915942 0.018405 0.027667
2 2 0.016848 0.051280 0.851300 0.041325 0.039246
2 2 0.062715 0.143260 0.657200 0.067128 0.069697
0 0 0.321383 0.251116 0.133813 0.072239 0.221448
0 0 0.312109 0.218808 0.223344 0.090111 0.155628
0 0 0.728466 0.061568 0.025360 0.083768 0.100838
0 0 0.377798 0.176082 0.186756 0.117277 0.142087
2 0 0.163143 0.221926 0.398571 0.096850 0.119511
0 0 0.338783 0.244820 0.102172 0.070417 0.243809
0 0 0.315221 0.246579 0.120460 0.081733 0.236007
0 0 0.401867 0.225268 0.071057 0.054700 0.247108
0 0 0.922097 0.012630 0.002686 0.028136 0.034451
0 0 0.797263 0.052870 0.011571 0.038506 0.099790
0 0 0.401864 0.232342 0.062240 0.044827 0.258728
0 0 0.367119 0.240561 0.082647 0.058071 0.251602
0 1 0.319832 0.246366 0.116731 0.079443 0.237627
4 1 0.115818 0.202303 0.275702 0.087686 0.318492
0 1 0.303445 0.244255 0.115138 0.070488 0.266674
4 1 0.241933 0.242030 0.169948 0.096224 0.249865
0 0 0.346394 0.243901 0.096666 0.066965 0.246074
0 0 0.318415 0.246438 0.117870 0.080143 0.237134
1 0 0.215161 0.235237 0.226160 0.136271 0.187171
0 0 0.424482 0.217747 0.061326 0.048864 0.247581
0 1 0.341104 0.244557 0.100472 0.069354 0.244513
0 1 0.278475 0.245906 0.152856 0.101261 0.221502
4 1 0.182461 0.229426 0.226990 0.109275 0.251849
0 1 0.280661 0.246067 0.150793 0.100036 0.222444
4 1 0.183378 0.229342 0.202043 0.087172 0.298065
2 1 0.165852 0.220058 0.336469 0.136216 0.141405
2 1 0.038381 0.128816 0.596378 0.069379 0.167046
2 1 0.034289 0.120530 0.643217 0.060183 0.141781
2 1 0.091348 0.180359 0.468962 0.116062 0.143269
2 1 0.060829 0.147619 0.620698 0.074929 0.095925
0 1 0.365461 0.240872 0.083716 0.058756 0.251195
0 1 0.361049 0.241664 0.086607 0.060600 0.250081
0 2 0.303186 0.246827 0.130542 0.087878 0.231568
2 2 0.152578 0.219645 0.278159 0.115930 0.233688
1 2 0.212783 0.235971 0.211508 0.122290 0.217447
4 2 0.170927 0.225989 0.221073 0.093777 0.288233
2 2 0.140148 0.212474 0.360852 0.122221 0.164305
2 2 0.063246 0.154913 0.568778 0.086243 0.126820
2 2 0.060695 0.147927 0.617557 0.075560 0.098260
2 2 0.025935 0.100532 0.737629 0.042272 0.093633
2 2 0.041598 0.128039 0.653293 0.062623 0.114447
2 2 0.019213 0.081434 0.810356 0.029002 0.059994
2 2 0.179821 0.229835 0.348570 0.105280 0.136494
0 2 0.334863 0.245227 0.105083 0.072234 0.242593
0 2 0.261515 0.244122 0.169462 0.111038 0.213862
2 2 0.166093 0.219636 0.329795 0.140705 0.143771
1 2 0.247295 0.248984 0.216663 0.099209 0.187849
2 2 0.058006 0.146210 0.616192 0.075170 0.104422
2 2 0.155450 0.217186 0.407218 0.103021 0.117125
0 2 0.324674 0.246073 0.112895 0.077079 0.239280
2 2 0.182217 0.227113 0.300528 0.135008 0.155135
1 2 0.223038 0.237002 0.214159 0.132988 0.192813
2 2 0.170594 0.223987 0.296322 0.133961 0.175136
2 2 0.122425 0.194125 0.460830 0.122070 0.100551
0 2 0.245469 0.241538 0.186176 0.120727 0.206089
0 2 0.308960 0.246764 0.125642 0.084899 0.233736
2 2 0.080421 0.179457 0.335651 0.077021 0.327449
2 2 0.020700 0.087519 0.783025 0.033390 0.075367
2 2 0.062162 0.156134 0.542153 0.091021 0.148529
2 2 0.021691 0.090673 0.769858 0.035648 0.082131
2 2 0.049213 0.135949 0.645308 0.066927 0.102603
2 2 0.086249 0.181707 0.454028 0.095795 0.182220
2 2 0.028957 0.109468 0.691007 0.050323 0.120245
2 2 0.064347 0.162844 0.498413 0.082054 0.192341
0 1 0.292518 0.251300 0.153811 0.085754 0.216616
0 1 0.386939 0.236261 0.070540 0.050261 0.255999
0 1 0.351635 0.243171 0.092987 0.064646 0.247561
0 1 0.370146 0.239973 0.080717 0.056835 0.252330
0 1 0.316400 0.246531 0.119499 0.081144 0.236426
0 1 0.315273 0.246577 0.120418 0.081707 0.236026
0 1 0.362891 0.241340 0.085392 0.059825 0.250551
4 4 0.285657 0.238333 0.105875 0.056115 0.314020
4 4 0.181207 0.217716 0.141609 0.048697 0.410772
4 4 0.170080 0.198089 0.101570 0.029214 0.501047
4 4 0.240341 0.233100 0.122935 0.055320 0.348304
4 4 0.117211 0.177386 0.122980 0.026695 0.555729
4 4 0.230006 0.229173 0.120462 0.050793 0.369566
0 4 0.380110 0.237861 0.074570 0.052875 0.254583
4 4 0.142364 0.194530 0.128818 0.033649 0.500640
4 4 0.197564 0.191800 0.069419 0.020993 0.520224
0 4 0.371170 0.229960 0.063065 0.039754 0.296051
4 4 0.183533 0.208615 0.112036 0.035764 0.460052
4 4 0.280065 0.233601 0.097194 0.048122 0.341018
4 4 0.299550 0.197968 0.044406 0.018964 0.439112
4 4 0.304882 0.235657 0.090352 0.048853 0.320256
4 4 0.164920 0.182538 0.076386 0.019941 0.556215
4 4 0.214959 0.191813 0.060850 0.019426 0.512952
4 4 0.273000 0.209481 0.060950 0.025082 0.431487
4 4 0.262002 0.213579 0.070205 0.028601 0.425612
0 4 0.435102 0.192698 0.032676 0.021868 0.317655
0 4 0.389318 0.181110 0.028299 0.015554 0.385719
0 4 0.427587 0.195341 0.026924 0.016529 0.333619
0 4 0.558311 0.163459 0.022832 0.022712 0.232686
4 4 0.247849 0.228900 0.105552 0.046133 0.371566
4 4 0.176504 0.207564 0.117271 0.036533 0.462129
0 4 0.301797 0.245546 0.122169 0.077242 0.253246
0 4 0.453435 0.214697 0.038670 0.028971 0.264226
4 4 0.182643 0.221307 0.152895 0.054943 0.388212
0 4 0.364245 0.225634 0.058562 0.034854 0.316706
4 4 0.286332 0.231560 0.089844 0.044361 0.347903
4 4 0.145305 0.212929 0.201654 0.065367 0.374745
4 4 0.218299 0.232864 0.146506 0.063841 0.338489
4 2 0.166880 0.221204 0.187237 0.067833 0.356846
4 2 0.193105 0.226309 0.156356 0.060636 0.363594
4 2 0.203334 0.234920 0.195793 0.095516 0.270438
4 2 0.184745 0.227606 0.181075 0.072647 0.333926
0 2 0.273851 0.245514 0.157278 0.103879 0.219478
4 2 0.117972 0.197127 0.203498 0.053506 0.427896
2 2 0.049461 0.148152 0.474847 0.075308 0.252232
2 2 0.035266 0.121378 0.648184 0.060099 0.135072
2 2 0.060305 0.160318 0.458107 0.082220 0.239050
1 2 0.221870 0.237542 0.219901 0.130761 0.189926
2 2 0.067087 0.161214 0.523678 0.096558 0.151463
2 2 0.009573 0.049314 0.879108 0.019512 0.042492
2 2 0.133495 0.201849 0.422982 0.129726 0.111948
1 2 0.207998 0.233532 0.223385 0.134433 0.200653
4 2 0.131709 0.209269 0.235125 0.075809 0.348087
2 2 0.028137 0.109878 0.672034 0.052205 0.137746
2 0 0.098036 0.174812 0.552793 0.095211 0.079147
0 0 0.292771 0.254961 0.176110 0.076422 0.199735
0 0 0.319906 0.246362 0.116672 0.079407 0.237653
0 0 0.500244 0.183408 0.043402 0.042197 0.230748
0 1 0.303177 0.246827 0.130550 0.087882 0.231564
0 1 0.313046 0.246657 0.122245 0.082825 0.235228
0 1 0.262258 0.244220 0.168712 0.110600 0.214209
4 1 0.117797 0.200326 0.228365 0.064012 0.389500
0 1 0.258152 0.244051 0.166856 0.104533 0.226408
4 1 0.191248 0.231468 0.195695 0.087154 0.294435
4 2 0.064639 0.164223 0.334931 0.068983 0.367223
2 2 0.084859 0.182795 0.365413 0.093029 0.273904
2 2 0.026919 0.095977 0.778729 0.036607 0.061768
0 2 0.284207 0.246294 0.147484 0.098065 0.223950
2 2 0.047790 0.139264 0.597317 0.074763 0.140866
2 2 0.033868 0.114057 0.705294 0.050876 0.095904
2 2 0.045159 0.133833 0.630496 0.067992 0.122520
2 2 0.029358 0.110300 0.687884 0.050991 0.121467
2 2 0.013267 0.064969 0.828640 0.026758 0.066364
2 2 0.012505 0.059632 0.852681 0.023837 0.051345
2 2 0.187335 0.228880 0.288656 0.135249 0.159880
2 2 0.104803 0.179587 0.535085 0.100186 0.080339
2 2 0.037932 0.120769 0.685361 0.055795 0.100143
2 2 0.041478 0.122842 0.695604 0.055303 0.084773
2 2 0.006278 0.036925 0.900310 0.016509 0.039978
2 2 0.035343 0.110661 0.739968 0.045622 0.068406
2 2 0.013166 0.067676 0.833730 0.023354 0.062073
2 2 0.037491 0.116925 0.711833 0.051187 0.082564
2 2 0.041718 0.124727 0.683161 0.057595 0.092799
2 2 0.218370 0.240589 0.247727 0.117025 0.176289
2 2 0.112700 0.186516 0.501884 0.109791 0.089108
2 2 0.012057 0.057384 0.863035 0.022131 0.045393
2 2 0.057490 0.143849 0.632421 0.071735 0.094505
2 2 0.012606 0.056554 0.860675 0.024491 0.045673
2 2 0.025770 0.093964 0.783263 0.035510 0.061493
2 2 0.032641 0.106216 0.751848 0.042803 0.066491
2 2 0.012770 0.064834 0.844250 0.022356 0.055790
2 2 0.051682 0.136058 0.659591 0.064871 0.087797
2 2 0.019611 0.079613 0.799164 0.033996 0.067616
2 2 0.118946 0.191671 0.491555 0.105701 0.092128
2 2 0.049672 0.124464 0.720020 0.051874 0.053969
2 2 0.122008 0.208704 0.436582 0.071045 0.161660
2 2 0.009498 0.054557 0.847872 0.021952 0.066121
2 2 0.007780 0.047185 0.877750 0.017236 0.050050
2 2 0.005240 0.034158 0.904740 0.014679 0.041182
2 2 0.012761 0.063874 0.841648 0.023636 0.058081
2 2 0.019298 0.083366 0.798249 0.030669 0.068418
2 2 0.019853 0.084454 0.796292 0.031203 0.068198
2 2 0.007786 0.044118 0.885065 0.018093 0.044938
2 2 0.011560 0.063833 0.843306 0.020862 0.060439
2 2 0.005550 0.035055 0.897073 0.016540 0.045781
2 2 0.008627 0.045125 0.885572 0.019214 0.041462
2 2 0.017622 0.081533 0.792224 0.030488 0.078133
2 2 0.020434 0.082900 0.811365 0.029358 0.055944
2 2 0.005206 0.027110 0.916231 0.018828 0.032624
2 2 0.015529 0.051963 0.843228 0.041163 0.048118
2 2 0.010764 0.045143 0.871469 0.028438 0.044186
2 2 0.007561 0.044821 0.887386 0.016456 0.043777
2 2 0.010301 0.043086 0.885556 0.024983 0.036075
2 2 0.019847 0.085856 0.786016 0.032545 0.075735
2 2 0.017281 0.041300 0.846957 0.059200 0.035262
2 2 0.011366 0.035735 0.876046 0.040992 0.035862
2 2 0.108972 0.183304 0.521908 0.101992 0.083825
0 2 0.310272 0.246735 0.124544 0.084230 0.234219
2 2 0.149885 0.211255 0.367222 0.141521 0.130117
2 2 0.131384 0.200179 0.422752 0.133876 0.111809
2 2 0.126205 0.196795 0.444799 0.126989 0.105211
2 2 0.028819 0.101256 0.758589 0.040469 0.070867
2 2 0.009760 0.047042 0.874276 0.023177 0.045745
2 2 0.111500 0.185505 0.506938 0.108311 0.087746
0 2 0.290765 0.253498 0.163217 0.082343 0.210176
2 2 0.024521 0.105607 0.655839 0.047165 0.166868
2 2 0.020586 0.082817 0.807838 0.030592 0.058167
2 2 0.006318 0.037224 0.896869 0.017156 0.042434
2 2 0.009277 0.049195 0.870119 0.021096 0.050313
2 2 0.012981 0.067999 0.833089 0.022889 0.063042
2 2 0.006071 0.034037 0.908683 0.016448 0.034761
2 2 0.009330 0.054860 0.850555 0.020756 0.064498
2 2 0.008055 0.046071 0.869986 0.020487 0.055401
2 2 0.012785 0.066727 0.831499 0.023736 0.065254
2 2 0.004085 0.027209 0.923602 0.012698 0.032405
2 2 0.010592 0.059064 0.851523 0.020511 0.058311
2 2 0.008941 0.050562 0.878953 0.017243 0.044301
2 2 0.012520 0.058455 0.840168 0.028002 0.060855
2 2 0.009367 0.046702 0.879712 0.021101 0.043118
2 2 0.006274 0.038809 0.888507 0.017430 0.048981
2 2 0.006821 0.030563 0.911605 0.021433 0.029579
2 2 0.016132 0.069969 0.820785 0.030347 0.062767
2 2 0.030287 0.109661 0.706732 0.048928 0.104392
2 2 0.007722 0.030525 0.905507 0.026322 0.029924
2 2 0.091420 0.166365 0.591202 0.084583 0.066430
2 2 0.115307 0.188657 0.490902 0.113032 0.092102
2 2 0.037557 0.111178 0.747615 0.044709 0.058940
2 2 0.029017 0.095877 0.779870 0.038678 0.056558
2 2 0.156465 0.215288 0.357707 0.136855 0.133685
2 2 0.124197 0.195832 0.482208 0.102958 0.094806
2 2 0.134261 0.212476 0.299162 0.108495 0.245605
2 2 0.019565 0.084232 0.794894 0.031244 0.070064
2 2 0.008535 0.038648 0.899069 0.021149 0.032599
2 2 0.006635 0.030968 0.908155 0.021555 0.032688
2 2 0.021607 0.088207 0.787296 0.033261 0.069628
2 2 0.005941 0.035185 0.908567 0.015088 0.035218
2 2 0.122224 0.193978 0.461683 0.121810 0.100306
2 2 0.112506 0.186354 0.502701 0.109552 0.088887
0 2 0.272243 0.245905 0.160638 0.103716 0.217499
2 2 0.162651 0.218455 0.343220 0.136761 0.138913
0 2 0.296332 0.247643 0.138934 0.090136 0.226955
4 2 0.191062 0.230165 0.183076 0.077296 0.318402
2 2 0.120234 0.199371 0.389211 0.134710 0.156474
2 2 0.067500 0.145634 0.656525 0.067554 0.062787
2 2 0.015718 0.061337 0.858220 0.026225 0.038500
2 2 0.023739 0.089106 0.798396 0.032470 0.056290
2 2 0.023896 0.085613 0.808952 0.032191 0.049347
2 2 0.008765 0.041096 0.899603 0.019134 0.031402
2 2 0.022840 0.088465 0.795943 0.032532 0.060220
2 2 0.020726 0.079353 0.832152 0.026277 0.041491
2 2 0.032362 0.102237 0.772733 0.039028 0.053640
2 2 0.039645 0.120298 0.702061 0.053586 0.084410
2 2 0.007754 0.033735 0.903989 0.022910 0.031611
2 2 0.010776 0.051317 0.859451 0.025555 0.052902
2 2 0.006819 0.030908 0.902597 0.024052 0.035624
2 2 0.037378 0.115343 0.721929 0.049387 0.075962
2 2 0.017891 0.080533 0.803210 0.029296 0.069070
2 2 0.018819 0.082559 0.798895 0.030339 0.069388
2 2 0.013117 0.063071 0.835613 0.026410 0.061789
2 2 0.008002 0.043487 0.884533 0.019315 0.044663
2 2 0.026234 0.095964 0.774125 0.037099 0.066579
2 2 0.009724 0.055445 0.871562 0.017065 0.046204
2 2 0.011507 0.054269 0.862157 0.023856 0.048211
2 2 0.012997 0.065065 0.848769 0.021575 0.051594
2 2 0.021001 0.085240 0.801541 0.030995 0.061223
2 2 0.008454 0.038590 0.892238 0.023174 0.037543
2 2 0.012572 0.060837 0.852176 0.023132 0.051284
2 2 0.006816 0.032619 0.903198 0.021744 0.035622
2 2 0.053114 0.145350 0.583834 0.079550 0.138151
2 2 0.008580 0.039216 0.898902 0.020737 0.032565
2 2 0.007556 0.041573 0.894154 0.017471 0.039247
2 2 0.016011 0.067945 0.831326 0.029079 0.055639
2 2 0.007915 0.035999 0.901380 0.021661 0.033046
2 2 0.037355 0.120468 0.682730 0.055976 0.103472
2 2 0.010208 0.050966 0.867497 0.022459 0.048869
2 2 0.034748 0.113469 0.717273 0.049312 0.085198
2 2 0.031823 0.097080 0.751951 0.050054 0.069092
2 2 0.011542 0.066149 0.824113 0.022784 0.075412
2 2 0.006974 0.032077 0.911677 0.020087 0.029184
2 2 0.113176 0.184957 0.498656 0.112979 0.090232
2 2 0.008338 0.044239 0.889137 0.018380 0.039907
2 2 0.008126 0.042750 0.888170 0.019387 0.041567
2 2 0.010384 0.048422 0.871983 0.023992 0.045219
2 2 0.013989 0.068454 0.840045 0.022918 0.054593
2 2 0.009389 0.041280 0.897981 0.020742 0.030608
2 2 0.013905 0.058069 0.863440 0.024646 0.039940
2 2 0.024807 0.073284 0.773037 0.058478 0.070393
2 2 0.022988 0.090033 0.787210 0.033878 0.065891
2 2 0.013179 0.035022 0.868026 0.050569 0.033205
2 2 0.041889 0.105132 0.752412 0.051503 0.049063
2 2 0.079241 0.152731 0.642255 0.071061 0.054711
2 2 0.010788 0.037456 0.900998 0.026237 0.024522
2 2 0.026232 0.090662 0.803842 0.032245 0.047019
2 2 0.007174 0.035141 0.897961 0.021576 0.038148
2 2 0.005296 0.017919 0.921269 0.032336 0.023180
2 2 0.009790 0.030864 0.875305 0.045153 0.038888
2 2 0.007090 0.028316 0.914204 0.024074 0.026316
2 2 0.013878 0.039581 0.871503 0.042812 0.032226
2 2 0.003879 0.017706 0.939667 0.018413 0.020335
2 2 0.005374 0.025934 0.927345 0.017204 0.024144
2 2 0.037333 0.111438 0.745238 0.045118 0.060874
4 2 0.142877 0.215511 0.246501 0.091192 0.303919
2 2 0.016802 0.080435 0.789629 0.030262 0.082872
2 2 0.044013 0.127769 0.675525 0.059715 0.092978
2 2 0.096969 0.194052 0.338511 0.072469 0.297999
2 2 0.096037 0.183488 0.458521 0.119696 0.142258
4 4 0.415256 0.124845 0.026069 0.017284 0.416547
4 4 0.300027 0.213185 0.057603 0.026142 0.403042
4 4 0.200119 0.177251 0.050069 0.014393 0.558168
0 4 0.682983 0.084867 0.013057 0.021111 0.197983
0 4 0.527708 0.170987 0.038192 0.040020 0.223092
0 4 0.358431 0.242108 0.088352 0.061709 0.249400
4 4 0.185872 0.213411 0.121964 0.040615 0.438138
4 4 0.149827 0.165208 0.060812 0.013996 0.610157
0 4 0.391449 0.187243 0.038834 0.023311 0.359163
0 4 0.509645 0.148874 0.030279 0.027742 0.283459
0 4 0.407920 0.230592 0.059067 0.042731 0.259690
0 4 0.630506 0.127753 0.017305 0.022142 0.202294
0 4 0.530246 0.149987 0.020729 0.018271 0.280767
4 4 0.380313 0.152899 0.028785 0.016160 0.421843
4 4 0.171511 0.202759 0.110886 0.032983 0.481861
0 4 0.424036 0.125701 0.030717 0.021878 0.397668
4 4 0.196947 0.166010 0.047804 0.013661 0.575578
0 4 0.527790 0.171576 0.037374 0.038806 0.224454
0 4 0.398310 0.218472 0.046167 0.029236 0.307815
4 4 0.145792 0.194168 0.122265 0.032122 0.505652
0 4 0.303492 0.246826 0.130279 0.087718 0.231684
4 4 0.190966 0.212559 0.114034 0.038146 0.444295
4 4 0.190919 0.220249 0.136347 0.048847 0.403639
4 4 0.111366 0.179461 0.142448 0.030880 0.535845
4 4 0.131483 0.188016 0.128126 0.031091 0.521284
4 4 0.268519 0.229851 0.095104 0.044123 0.362402
0 4 0.399283 0.233060 0.063626 0.045739 0.258292
4 4 0.187893 0.193459 0.077908 0.023043 0.517698
4 4 0.104311 0.192681 0.242868 0.062634 0.397506
4 4 0.144758 0.168725 0.069730 0.015965 0.600821
0 4 0.395778 0.234009 0.065541 0.046996 0.257676
0 4 0.324649 0.246011 0.112576 0.076685 0.240080
0 4 0.363421 0.219058 0.051233 0.029095 0.337193
4 4 0.300020 0.213619 0.058105 0.026431 0.401825
4 4 0.266504 0.186305 0.039574 0.014480 0.493138
0 4 0.458283 0.212742 0.036840 0.027708 0.264427
0 4 0.409014 0.230266 0.058506 0.042359 0.259855
4 4 0.379704 0.168329 0.026939 0.014404 0.410623
4 4 0.338991 0.216707 0.052910 0.027484 0.363909
0 4 0.727465 0.086023 0.012188 0.023631 0.150693
4 4 0.225401 0.188445 0.052810 0.017177 0.516167
4 4 0.381458 0.139851 0.029458 0.017208 0.432024
0 4 0.613987 0.114778 0.017058 0.020796 0.233380
4 4 0.253993 0.140268 0.033576 0.012321 0.559843
0 4 0.472920 0.164031 0.026453 0.019840 0.316756
0 4 0.410014 0.223089 0.049673 0.033848 0.283377
4 4 0.174986 0.188483 0.078752 0.021841 0.535939
0 4 0.633886 0.113570 0.016031 0.020821 0.215692
0 4 0.708126 0.094196 0.013352 0.023753 0.160574
0 4 0.404732 0.169574 0.023553 0.013295 0.388846
0 4 0.490904 0.165134 0.026913 0.021643 0.295406
0 4 0.441832 0.219184 0.043309 0.032150 0.263525
4 4 0.197259 0.181010 0.055471 0.016022 0.550239
4 4 0.215092 0.206202 0.081707 0.027967 0.469033
4 4 0.217095 0.201188 0.072635 0.024363 0.484719
0 4 0.450250 0.215957 0.039907 0.029822 0.264065
4 4 0.192620 0.193570 0.075015 0.022525 0.516271
4 4 0.217033 0.224390 0.119079 0.046609 0.392888
0 4 0.442813 0.218815 0.042903 0.031872 0.263597
4 4 0.178717 0.217452 0.144534 0.049402 0.409894
4 4 0.144886 0.200927 0.145104 0.040136 0.468947
4 4 0.165297 0.212606 0.149356 0.047661 0.425079
4 4 0.170408 0.209339 0.130182 0.040594 0.449477
4 4 0.311144 0.224919 0.069591 0.035008 0.359338
0 4 0.337086 0.245002 0.103426 0.071200 0.243287
4 4 0.127133 0.198206 0.176866 0.046754 0.451041
4 4 0.159624 0.202461 0.125299 0.036138 0.476478
4 4 0.246510 0.231564 0.113327 0.050717 0.357881
4 4 0.274887 0.225408 0.083442 0.037995 0.378269
4 4 0.283962 0.238248 0.106600 0.056203 0.314986
0 4 0.393812 0.227952 0.057123 0.038258 0.282854
4 4 0.229931 0.236341 0.146598 0.068499 0.318631
4 4 0.213664 0.236245 0.175076 0.083469 0.291546
4 4 0.254928 0.242042 0.144981 0.078282 0.279767
4 4 0.169301 0.224879 0.211056 0.084814 0.309950
4 4 0.140534 0.214519 0.265148 0.103548 0.276251
4 4 0.165441 0.217148 0.168279 0.056834 0.392298
0 4 0.267712 0.244885 0.163271 0.107411 0.216722
4 4 0.175767 0.221182 0.165346 0.059205 0.378499
0 4 0.370371 0.239928 0.080574 0.056743 0.252384
4 4 0.224927 0.237041 0.157866 0.075076 0.305089
0 4 0.327585 0.239526 0.090542 0.054754 0.287592
4 1 0.082620 0.179164 0.288838 0.066867 0.382511
2 1 0.029685 0.117125 0.582219 0.064000 0.206972
2 1 0.027219 0.108329 0.674379 0.051241 0.138831
2 2 0.028870 0.112015 0.657522 0.054541 0.147053
4 2 0.122108 0.203536 0.233248 0.068823 0.372284
4 2 0.079544 0.176376 0.287242 0.063877 0.392962
2 2 0.051189 0.149594 0.488799 0.078621 0.231798
4 2 0.098907 0.190624 0.265176 0.068835 0.376459
2 2 0.014250 0.074536 0.799528 0.027359 0.084328
2 2 0.030067 0.111792 0.681963 0.052228 0.123949
2 2 0.007672 0.052026 0.864484 0.015977 0.059841
2 2 0.009572 0.053090 0.862554 0.020340 0.054445
2 2 0.018099 0.084492 0.773752 0.032956 0.090701
2 2 0.089292 0.177953 0.488639 0.110880 0.133236
2 2 0.022230 0.094134 0.747014 0.038875 0.097746
0 2 0.257296 0.243528 0.173762 0.113545 0.211869
2 2 0.041097 0.124527 0.680146 0.057902 0.096328
2 2 0.036538 0.124336 0.630166 0.063438 0.145522
2 2 0.033523 0.109439 0.736831 0.045630 0.074577
1 2 0.232992 0.239944 0.204592 0.125408 0.197062
0 2 0.275200 0.245636 0.155979 0.103112 0.220073
0 2 0.450410 0.192527 0.069027 0.067070 0.220966
0 2 0.293738 0.246705 0.138815 0.092874 0.227869
4 2 0.200396 0.234175 0.196344 0.093917 0.275167
2 2 0.089013 0.181435 0.447389 0.112210 0.169953
2 2 0.159948 0.216318 0.314501 0.151765 0.157468
2 2 0.040844 0.127035 0.655561 0.061914 0.114645
2 2 0.014711 0.070460 0.809262 0.029676 0.075892
2 2 0.008617 0.047948 0.876842 0.018948 0.047645
2 2 0.012931 0.065643 0.842040 0.022568 0.056818
2 2 0.008949 0.044183 0.881204 0.021988 0.043676
2 2 0.061903 0.156323 0.553788 0.081460 0.146526
0 2 0.308598 0.246771 0.125946 0.085084 0.233602
2 2 0.175864 0.222422 0.294607 0.149909 0.157198
2 2 0.099502 0.184728 0.466557 0.118377 0.130837
2 2 0.063526 0.156298 0.554730 0.089121 0.136324
2 2 0.052506 0.141805 0.617160 0.073270 0.115259
2 2 0.118096 0.192989 0.458099 0.122749 0.108067
2 2 0.032939 0.110447 0.725629 0.047270 0.083715
2 2 0.028684 0.103515 0.741645 0.043035 0.083122
2 2 0.129217 0.198803 0.431990 0.130973 0.109017
2 2 0.011599 0.061351 0.858141 0.019531 0.049379
2 2 0.112811 0.200982 0.359614 0.108441 0.218151
2 2 0.017561 0.081709 0.789945 0.030720 0.080065
1 2 0.231452 0.238543 0.201599 0.129539 0.198867
2 2 0.126758 0.208054 0.281735 0.102598 0.280856
0 2 0.264804 0.244543 0.166158 0.109105 0.215390
4 1 0.191564 0.231518 0.195013 0.086796 0.295108
2 1 0.100199 0.192485 0.400676 0.105483 0.201157
0 1 0.283266 0.245872 0.140406 0.088497 0.241958
0 1 0.367453 0.240497 0.082432 0.057934 0.251683
1 1 0.214732 0.237032 0.203883 0.114092 0.230261
2 2 0.077936 0.176332 0.438577 0.092915 0.214240
2 2 0.046494 0.132393 0.655728 0.064114 0.101272
2 2 0.101684 0.185400 0.471355 0.117492 0.124069
2 2 0.044637 0.131801 0.645842 0.065164 0.112556
2 2 0.044860 0.136283 0.596828 0.073315 0.148714
2 2 0.015793 0.071741 0.827717 0.026548 0.058202
2 2 0.020677 0.084187 0.805472 0.030302 0.059362
2 2 0.020604 0.087199 0.784364 0.033163 0.074670
2 2 0.037998 0.124464 0.650115 0.061369 0.126054
2 2 0.010371 0.055308 0.865458 0.019811 0.049052
2 2 0.033757 0.107333 0.751347 0.043191 0.064373
2 2 0.058339 0.142589 0.645658 0.069130 0.084284
2 2 0.020791 0.084622 0.798055 0.032084 0.064448
2 2 0.030088 0.099246 0.769538 0.040326 0.060803
2 2 0.103316 0.186728 0.463367 0.119830 0.126759
2 2 0.023078 0.089885 0.788897 0.033667 0.064472
2 2 0.048658 0.132116 0.671552 0.061781 0.085893
2 2 0.029790 0.109136 0.705732 0.048801 0.106541
2 2 0.027784 0.099245 0.764259 0.039200 0.069512
2 2 0.042844 0.121141 0.714063 0.052199 0.069752
2 2 0.012330 0.060728 0.837330 0.026217 0.063395
2 2 0.016367 0.077097 0.810323 0.027568 0.068645
2 2 0.068268 0.157228 0.580414 0.085217 0.108874
2 2 0.028258 0.104208 0.732114 0.044243 0.091176
2 2 0.007556 0.043584 0.888463 0.017164 0.043233
2 2 0.015482 0.074546 0.816192 0.026541 0.067239
2 2 0.011857 0.064072 0.845859 0.020779 0.057433
2 2 0.009494 0.053611 0.869482 0.018300 0.049113
2 2 0.019865 0.088242 0.766625 0.034967 0.090301
2 2 0.006565 0.036169 0.899667 0.018208 0.039390
2 2 0.007691 0.037372 0.899476 0.020239 0.035222
2 2 0.008839 0.046505 0.877760 0.020486 0.046410
2 2 0.013251 0.065841 0.841258 0.023205 0.056445
2 2 0.006511 0.034709 0.907332 0.017429 0.034018
2 2 0.012444 0.059372 0.860412 0.021960 0.045812
2 2 0.009918 0.050592 0.870690 0.021317 0.047483
2 2 0.008554 0.038086 0.898990 0.021799 0.032571
2 2 0.009274 0.042064 0.887116 0.023184 0.038361
2 2 0.009727 0.048685 0.877415 0.020800 0.043374
2 2 0.017110 0.070360 0.832097 0.028674 0.051758
2 2 0.009067 0.044339 0.888316 0.020182 0.038096
2 2 0.013257 0.067847 0.837858 0.022521 0.058517
2 2 0.007687 0.035449 0.907293 0.019745 0.029826
2 2 0.005888 0.024676 0.925683 0.020909 0.022844
2 2 0.007687 0.026927 0.897357 0.035234 0.032796
2 2 0.011764 0.037105 0.873245 0.041097 0.036790
2 2 0.007595 0.030547 0.905509 0.025923 0.030427
2 2 0.007671 0.031389 0.910475 0.023136 0.027330
2 2 0.022064 0.084522 0.813329 0.029619 0.050467
2 2 0.010513 0.034233 0.899602 0.030414 0.025238
2 2 0.021534 0.048911 0.823566 0.066238 0.039751
2 0 0.162244 0.221314 0.397416 0.099016 0.120009
0 0 0.608821 0.117751 0.040562 0.069668 0.163198
0 0 0.549433 0.135974 0.056232 0.084700 0.173661
0 0 0.876371 0.023890 0.005960 0.039383 0.054395
0 0 0.890512 0.019875 0.004887 0.037241 0.047485
0 0 0.732064 0.072071 0.020700 0.055500 0.119666
0 0 0.742814 0.068790 0.019059 0.052926 0.116411
0 0 0.702818 0.074430 0.028276 0.077484 0.116991
0 0 0.306506 0.211885 0.207824 0.109871 0.163914
0 0 0.367496 0.240489 0.082404 0.057916 0.251694
0 0 0.389285 0.235683 0.069190 0.049381 0.256461
0 0 0.437097 0.210441 0.059879 0.050115 0.242468
0 0 0.351104 0.243249 0.093356 0.064879 0.247413
0 0 0.403916 0.231759 0.061152 0.044110 0.259063
0 0 0.481372 0.192052 0.047240 0.043625 0.235711
0 0 0.644430 0.115897 0.025325 0.040589 0.173760
0 0 0.821178 0.040895 0.010822 0.046738 0.080368
0 0 0.837911 0.037502 0.008658 0.038976 0.076953
0 0 0.807316 0.047421 0.011499 0.042989 0.090776
0 0 0.417906 0.227510 0.054077 0.039413 0.261095
0 0 0.388461 0.235888 0.069662 0.049689 0.256301
0 0 0.610176 0.127003 0.033099 0.049982 0.179740
0 0 0.373399 0.239313 0.078675 0.055523 0.253090
0 0 0.396521 0.233810 0.065132 0.046728 0.257809
0 0 0.361591 0.241570 0.086248 0.060371 0.250220
0 1 0.360834 0.241701 0.086749 0.060690 0.250025
0 1 0.442895 0.204830 0.061827 0.054145 0.236303
0 1 0.418904 0.220634 0.062429 0.048853 0.249180
0 1 0.358205 0.242146 0.088504 0.061806 0.249340
0 1 0.371751 0.239651 0.079705 0.056185 0.252708
0 1 0.455069 0.195164 0.063215 0.059624 0.226928
0 1 0.703609 0.088322 0.021009 0.044822 0.142238
0 1 0.508199 0.179568 0.042129 0.041985 0.228119
0 1 0.404440 0.226006 0.068040 0.051843 0.249671
0 1 0.347921 0.243696 0.095585 0.066285 0.246514
0 1 0.366250 0.240725 0.083206 0.058429 0.251389
0 1 0.359504 0.217580 0.111173 0.092118 0.219625
0 1 0.869994 0.026249 0.006370 0.038787 0.058601
0 1 0.429625 0.211983 0.064012 0.053470 0.240911
0 1 0.387570 0.236107 0.070175 0.050023 0.256125
