0 0 0.781409 0.107854 0.084879 0.003667 0.022191
0 0 0.757475 0.113474 0.102986 0.004638 0.021427
0 0 0.795558 0.106171 0.032244 0.002289 0.063739
0 0 0.748418 0.123135 0.039346 0.003720 0.085380
0 0 0.938113 0.036493 0.004055 0.000080 0.021259
0 0 0.807987 0.092210 0.017732 0.001293 0.080778
0 0 0.757410 0.118080 0.034160 0.003153 0.087198
0 0 0.789865 0.097671 0.018856 0.001548 0.092060
0 0 0.760993 0.116230 0.032603 0.002970 0.087204
4 1 0.221524 0.155304 0.041306 0.038635 0.543231
4 1 0.201769 0.173795 0.066197 0.068704 0.489535
4 1 0.179349 0.187196 0.103059 0.115083 0.415313
4 1 0.172388 0.197626 0.161380 0.119268 0.349338
4 1 0.148057 0.201945 0.244918 0.112122 0.292958
2 1 0.041768 0.104316 0.754525 0.036498 0.062893
4 1 0.168753 0.201449 0.181135 0.103705 0.344958
2 1 0.076318 0.156690 0.563266 0.075545 0.128182
2 1 0.091426 0.169308 0.509351 0.078079 0.151836
2 2 0.101273 0.176319 0.485772 0.068696 0.167940
2 2 0.046650 0.108751 0.744573 0.034600 0.065427
0 2 0.458302 0.189722 0.074919 0.025221 0.251836
0 4 0.800653 0.104577 0.032323 0.002199 0.060247
0 4 0.778706 0.107271 0.026155 0.002210 0.085659
0 4 0.846801 0.085081 0.023344 0.001145 0.043629
0 4 0.742029 0.122083 0.034372 0.003495 0.098021
0 4 0.702992 0.129834 0.033387 0.004258 0.129528
0 4 0.728376 0.131391 0.046090 0.004745 0.089398
4 4 0.216350 0.154435 0.041149 0.039508 0.548557
4 4 0.214442 0.157820 0.044565 0.043332 0.539840
4 4 0.199448 0.175865 0.070036 0.073398 0.481253
4 4 0.166833 0.200388 0.163467 0.103140 0.366171
0 4 0.549042 0.150196 0.033471 0.008382 0.258909
0 4 0.629499 0.141375 0.033106 0.005984 0.190036
0 4 0.767329 0.117237 0.038137 0.003192 0.074105
0 4 0.687092 0.141405 0.045921 0.006029 0.119552
0 4 0.564925 0.173169 0.064806 0.014302 0.182798
0 4 0.530896 0.172502 0.056347 0.014682 0.225573
0 4 0.593720 0.169214 0.066196 0.012760 0.158109
0 0 0.602661 0.161253 0.053221 0.010285 0.172581
0 0 0.717032 0.127915 0.034594 0.004067 0.116391
0 0 0.632971 0.135100 0.028032 0.005031 0.198866
0 0 0.682292 0.136758 0.037151 0.005194 0.138606
4 0 0.337830 0.160401 0.037755 0.021046 0.442969
4 0 0.215726 0.155583 0.042275 0.040762 0.545654
4 0 0.277004 0.162555 0.042572 0.030721 0.487148
0 0 0.387449 0.169015 0.044385 0.020445 0.378705
0 0 0.527807 0.164533 0.045645 0.012273 0.249742
0 0 0.830933 0.089092 0.021134 0.001243 0.057597
0 0 0.523364 0.157287 0.037943 0.010462 0.270943
4 0 0.227788 0.118174 0.017160 0.014434 0.622444
4 0 0.326128 0.180004 0.057669 0.033788 0.402411
4 0 0.222819 0.139318 0.028853 0.026222 0.582787
4 0 0.219860 0.147108 0.034658 0.032395 0.565979
0 0 0.489886 0.179284 0.060920 0.018567 0.251343
4 0 0.222300 0.140830 0.029904 0.027324 0.579642
4 1 0.222306 0.140812 0.029891 0.027311 0.579679
4 4 0.226056 0.127637 0.021773 0.018968 0.605566
4 4 0.199348 0.180120 0.078945 0.075364 0.466223
4 4 0.309908 0.175848 0.053708 0.033722 0.426813
4 4 0.336995 0.160427 0.037800 0.021143 0.443636
0 4 0.636422 0.155548 0.053329 0.008796 0.145906
4 4 0.260027 0.170090 0.051560 0.040291 0.478032
4 4 0.224010 0.135544 0.026374 0.023645 0.590426
4 4 0.222172 0.141192 0.030160 0.027595 0.578881
4 4 0.212003 0.161676 0.048851 0.048205 0.529264
4 4 0.227829 0.117890 0.017035 0.014313 0.622932
4 4 0.225936 0.128171 0.022061 0.019256 0.604575
4 4 0.219411 0.148141 0.035507 0.033313 0.563627
4 4 0.214294 0.158068 0.044829 0.043629 0.539180
4 2 0.215755 0.155530 0.042223 0.040703 0.545789
4 2 0.196579 0.178155 0.074747 0.079230 0.471289
4 2 0.205616 0.169873 0.059769 0.060969 0.503773
4 2 0.213537 0.159308 0.046166 0.045143 0.535846
4 2 0.205337 0.170181 0.060239 0.061529 0.502714
4 2 0.155964 0.201678 0.196111 0.114502 0.331744
4 2 0.144189 0.201520 0.260600 0.111099 0.282591
2 2 0.114004 0.188904 0.383670 0.106710 0.206713
2 2 0.107118 0.184323 0.427660 0.090764 0.190135
4 2 0.147257 0.199479 0.218301 0.133023 0.301939
2 2 0.059823 0.134226 0.655428 0.056749 0.093775
2 2 0.124916 0.165112 0.569012 0.048819 0.092140
2 2 0.026814 0.067348 0.844178 0.024654 0.037005
4 2 0.214790 0.203864 0.141189 0.102441 0.337717
2 2 0.049103 0.112553 0.728812 0.040796 0.068735
2 2 0.094181 0.159703 0.571939 0.060662 0.113515
4 2 0.177162 0.187657 0.105922 0.119773 0.409485
2 2 0.025473 0.064035 0.856177 0.020831 0.033484
2 2 0.032457 0.073460 0.816172 0.034130 0.043781
2 2 0.037695 0.073073 0.794092 0.047791 0.047349
2 2 0.047584 0.109207 0.750683 0.031644 0.060882
2 2 0.204551 0.208752 0.347576 0.070107 0.169013
2 2 0.033115 0.079729 0.812202 0.029064 0.045890
2 2 0.067341 0.106899 0.637312 0.103367 0.085081
2 2 0.034434 0.091285 0.802011 0.023868 0.048403
2 2 0.035271 0.085831 0.796388 0.032015 0.050495
2 3 0.028391 0.059048 0.837507 0.038639 0.036416
2 3 0.027301 0.058934 0.813556 0.057375 0.042835
2 3 0.049678 0.070506 0.475109 0.308639 0.096068
2 3 0.018093 0.033719 0.844302 0.075561 0.028325
2 3 0.087984 0.116766 0.470096 0.198017 0.127137
2 3 0.046915 0.081816 0.611734 0.173334 0.086202
4 3 0.122813 0.193476 0.259254 0.164268 0.260189
2 3 0.079537 0.111152 0.353937 0.289827 0.165547
2 3 0.033951 0.068359 0.749941 0.090510 0.057239
2 3 0.040089 0.071948 0.662514 0.152922 0.072528
3 3 0.043289 0.056064 0.397123 0.414391 0.089133
2 3 0.024724 0.030182 0.507041 0.390007 0.048046
2 3 0.070740 0.107661 0.347554 0.323689 0.150356
3 3 0.045779 0.058416 0.369903 0.430818 0.095084
4 3 0.131952 0.145717 0.182302 0.250510 0.289519
3 3 0.030765 0.034841 0.374965 0.496523 0.062907
3 3 0.024347 0.021032 0.261785 0.644766 0.048070
4 3 0.254840 0.198565 0.098840 0.075607 0.372149
0 3 0.611568 0.169500 0.077875 0.013121 0.127936
0 3 0.667407 0.150565 0.056502 0.007841 0.117685
4 3 0.185362 0.184749 0.092882 0.102411 0.434596
4 3 0.137739 0.196615 0.197957 0.155381 0.312308
2 3 0.060440 0.126170 0.641152 0.074862 0.097376
2 2 0.110079 0.180618 0.471543 0.084923 0.152837
0 2 0.469661 0.204090 0.144480 0.037410 0.144360
0 2 0.850732 0.082880 0.021627 0.001042 0.043720
0 4 0.791797 0.108480 0.035052 0.002498 0.062173
0 4 0.746763 0.120396 0.033533 0.003328 0.095981
4 4 0.207591 0.167589 0.056431 0.057016 0.511372
2 4 0.111111 0.192596 0.320488 0.140272 0.235533
4 4 0.198837 0.176377 0.071042 0.074636 0.479109
0 4 0.856632 0.080037 0.020157 0.000931 0.042243
0 4 0.769027 0.114486 0.033305 0.002858 0.080324
0 4 0.803851 0.096057 0.020468 0.001508 0.078116
0 4 0.770222 0.115928 0.037033 0.003062 0.073755
0 4 0.714114 0.134421 0.044511 0.005051 0.101904
0 4 0.674559 0.148743 0.056064 0.007497 0.113136
0 4 0.497077 0.179110 0.061573 0.018209 0.244032
0 4 0.414038 0.176101 0.051965 0.021546 0.336350
0 4 0.597467 0.167701 0.064158 0.012241 0.158433
0 4 0.637392 0.154147 0.051059 0.008454 0.148948
4 1 0.225427 0.130318 0.023250 0.020454 0.600551
4 1 0.205929 0.169525 0.059242 0.060342 0.504962
4 1 0.193927 0.180032 0.079071 0.084654 0.462316
0 1 0.402613 0.204177 0.102478 0.040820 0.249911
4 1 0.227758 0.190329 0.088000 0.078052 0.415861
4 2 0.171504 0.197474 0.147448 0.109202 0.374372
4 2 0.185400 0.190903 0.113454 0.101702 0.408541
0 2 0.376767 0.212852 0.135705 0.055438 0.219238
0 2 0.604625 0.171630 0.080622 0.013904 0.129219
0 2 0.569525 0.173221 0.066363 0.014281 0.176610
0 2 0.448899 0.190720 0.075638 0.026415 0.258328
4 4 0.239831 0.147906 0.033496 0.028322 0.550444
0 4 0.435891 0.189462 0.071903 0.026655 0.276089
4 4 0.263715 0.148883 0.032522 0.024573 0.530308
4 4 0.227392 0.120732 0.018321 0.015559 0.617995
4 4 0.221745 0.142370 0.031010 0.028493 0.576383
4 4 0.225250 0.131025 0.023653 0.020862 0.599209
4 4 0.221680 0.142545 0.031138 0.028629 0.576008
4 4 0.208217 0.166822 0.055366 0.055764 0.513831
4 4 0.223931 0.135811 0.026543 0.023820 0.589895
4 4 0.225587 0.129660 0.022880 0.020080 0.601792
4 4 0.212361 0.161140 0.048228 0.047491 0.530780
4 4 0.226566 0.125235 0.020517 0.017717 0.609965
4 4 0.218079 0.151030 0.037992 0.036022 0.556877
4 4 0.243133 0.094231 0.008517 0.006061 0.648059
4 4 0.226530 0.125413 0.020608 0.017807 0.609641
4 4 0.210359 0.164023 0.051697 0.051486 0.522434
4 4 0.228306 0.114170 0.015460 0.012807 0.629257
4 4 0.229163 0.101222 0.010825 0.008518 0.650273
4 4 0.229188 0.098900 0.010118 0.007885 0.653910
4 4 0.228942 0.106828 0.012681 0.010208 0.641341
4 4 0.220677 0.145139 0.033095 0.030714 0.570374
4 4 0.212739 0.160563 0.047567 0.046737 0.532393
4 4 0.225212 0.131178 0.023741 0.020951 0.598918
4 4 0.217114 0.152975 0.039763 0.037971 0.552178
4 4 0.228388 0.113433 0.015162 0.012525 0.630492
4 4 0.226910 0.123468 0.019631 0.016842 0.613149
4 4 0.203264 0.172348 0.063710 0.065693 0.494985
4 4 0.217390 0.152431 0.039259 0.037414 0.553506
4 4 0.222451 0.140397 0.029600 0.027005 0.580547
4 4 0.220222 0.146250 0.033969 0.031652 0.567908
4 4 0.222731 0.139579 0.029032 0.026409 0.582248
4 4 0.213305 0.159678 0.046574 0.045606 0.534838
4 4 0.228255 0.141399 0.029817 0.026445 0.574085
4 4 0.218320 0.150527 0.037546 0.035534 0.558074
4 4 0.203118 0.172494 0.063954 0.065986 0.494449
4 4 0.143732 0.203255 0.262504 0.100475 0.290034
4 4 0.208620 0.166317 0.054680 0.054960 0.515423
4 4 0.226661 0.124763 0.020277 0.017480 0.610819
4 4 0.226348 0.126292 0.021062 0.018258 0.608040
4 4 0.220830 0.144755 0.032798 0.030396 0.571221
4 4 0.225717 0.129117 0.022578 0.019776 0.602812
4 4 0.226567 0.125230 0.020515 0.017715 0.609974
4 4 0.228049 0.116276 0.016337 0.013643 0.625694
4 4 0.225739 0.129022 0.022526 0.019723 0.602989
4 4 0.210058 0.164434 0.052216 0.052087 0.521206
4 4 0.210548 0.163763 0.051373 0.051110 0.523207
4 4 0.200320 0.175111 0.068596 0.071631 0.484341
4 4 0.208074 0.166999 0.055611 0.056050 0.513266
4 4 0.202510 0.173089 0.064966 0.067210 0.492225
4 4 0.326387 0.172224 0.048919 0.028701 0.423769
4 4 0.195775 0.178747 0.076061 0.080871 0.468547
4 4 0.195576 0.178890 0.076385 0.081277 0.467871
4 4 0.181422 0.186323 0.099168 0.110709 0.422379
4 4 0.189306 0.182813 0.086550 0.094188 0.447143
4 4 0.195573 0.178892 0.076390 0.081283 0.467862
0 4 0.419329 0.162831 0.038966 0.015887 0.362987
0 4 0.826448 0.090040 0.020603 0.001268 0.061642
4 4 0.214019 0.176954 0.067870 0.065959 0.475197
0 4 0.512906 0.145512 0.028218 0.008087 0.305277
0 4 0.626673 0.123301 0.019730 0.003636 0.226660
4 4 0.307359 0.183706 0.063664 0.040203 0.405068
0 4 0.473357 0.178434 0.057945 0.018953 0.271309
4 4 0.184806 0.184992 0.093772 0.103578 0.432853
4 4 0.167872 0.199319 0.185561 0.135080 0.312167
2 4 0.199764 0.212894 0.250927 0.092497 0.243919
0 4 0.779985 0.112822 0.036668 0.002827 0.067698
0 4 0.743915 0.120442 0.032571 0.003308 0.099763
4 4 0.281775 0.182714 0.064711 0.045635 0.425166
4 4 0.190630 0.182076 0.084414 0.091445 0.451436
4 4 0.221073 0.191255 0.092303 0.084159 0.411209
0 4 0.706254 0.126754 0.030554 0.003873 0.132565
0 4 0.488528 0.157055 0.035924 0.011306 0.307187
0 4 0.770389 0.110631 0.027836 0.002460 0.088684
4 4 0.242440 0.149150 0.034213 0.028610 0.545587
4 4 0.183036 0.190400 0.111692 0.104032 0.410839
4 4 0.193096 0.180576 0.080422 0.086361 0.459545
2 4 0.062933 0.134390 0.661686 0.046665 0.094325
2 4 0.081201 0.156909 0.577544 0.055234 0.129112
2 2 0.088063 0.163461 0.544287 0.064121 0.140068
2 2 0.100754 0.173528 0.504032 0.060204 0.161482
2 2 0.080920 0.147753 0.617669 0.048765 0.104892
2 2 0.144388 0.202419 0.292319 0.089074 0.271800
2 2 0.023209 0.060296 0.864201 0.020747 0.031546
2 2 0.088181 0.168350 0.516868 0.075902 0.150699
2 2 0.064954 0.138989 0.641952 0.053668 0.100438
2 2 0.034477 0.079840 0.799229 0.036906 0.049548
2 2 0.037529 0.097016 0.784917 0.027079 0.053459
2 2 0.026385 0.049955 0.803788 0.078589 0.041283
2 2 0.025140 0.064211 0.849898 0.025254 0.035497
2 3 0.033425 0.077770 0.795545 0.042835 0.050426
2 3 0.042129 0.097785 0.743267 0.050788 0.066031
2 3 0.056271 0.094997 0.609469 0.140278 0.098985
2 3 0.072188 0.126077 0.452671 0.206817 0.142247
0 3 0.536153 0.183836 0.080523 0.019222 0.180266
4 3 0.162377 0.190141 0.129938 0.150216 0.367327
0 3 0.690847 0.140544 0.045861 0.005901 0.116847
4 2 0.359450 0.170844 0.046475 0.023876 0.399355
4 2 0.155337 0.203533 0.215706 0.103274 0.322151
2 2 0.045213 0.112687 0.734458 0.038683 0.068960
0 2 0.380680 0.206257 0.106520 0.046119 0.260424
4 2 0.196315 0.178351 0.075178 0.079767 0.470389
4 2 0.208586 0.203526 0.142407 0.125741 0.319739
2 2 0.034079 0.083826 0.811299 0.024921 0.045875
2 2 0.069744 0.122378 0.643210 0.068771 0.095896
2 2 0.111712 0.171944 0.527509 0.066453 0.122383
2 2 0.049624 0.102040 0.714475 0.061574 0.072287
2 2 0.038293 0.086462 0.757507 0.056792 0.060946
2 2 0.054460 0.115619 0.691638 0.059732 0.078551
2 2 0.047476 0.110273 0.723893 0.046192 0.072165
2 2 0.061727 0.109693 0.648651 0.094490 0.085439
2 3 0.042046 0.076140 0.690193 0.120711 0.070910
2 3 0.042852 0.062032 0.561236 0.255418 0.078462
3 3 0.059269 0.074204 0.311564 0.432140 0.122824
2 3 0.053221 0.077353 0.438322 0.323798 0.107305
3 3 0.033817 0.036515 0.335853 0.525088 0.068728
3 3 0.102939 0.150822 0.261091 0.262496 0.222651
2 3 0.068014 0.104801 0.392951 0.294542 0.139692
3 3 0.032629 0.035400 0.343550 0.522068 0.066352
3 3 0.045048 0.052824 0.332228 0.477350 0.092550
3 3 0.034794 0.033209 0.269311 0.593086 0.069601
3 3 0.029667 0.027063 0.266589 0.617687 0.058994
3 3 0.022276 0.018787 0.259223 0.655869 0.043844
3 3 0.038233 0.037509 0.270304 0.577198 0.076756
3 3 0.027282 0.024314 0.264720 0.629597 0.054087
3 3 0.024410 0.021102 0.261856 0.644433 0.048199
3 3 0.020268 0.016668 0.256281 0.667025 0.039759
3 3 0.033429 0.031542 0.268742 0.599518 0.066770
3 3 0.023802 0.020436 0.261154 0.647649 0.046958
3 3 0.023675 0.020297 0.261002 0.648330 0.046697
3 3 0.023263 0.019850 0.260500 0.650530 0.045857
3 3 0.022176 0.018681 0.259088 0.656415 0.043640
3 3 0.023111 0.019685 0.260310 0.651348 0.045546
3 3 0.025775 0.022615 0.263308 0.637307 0.050995
3 3 0.017741 0.014087 0.251819 0.681709 0.034643
3 3 0.021597 0.018064 0.258283 0.659594 0.042461
3 3 0.019059 0.015421 0.254262 0.673951 0.037308
3 3 0.017947 0.014293 0.252218 0.680484 0.035058
3 3 0.020239 0.016638 0.256236 0.667187 0.039701
3 3 0.018085 0.014433 0.252483 0.679660 0.035339
3 3 0.022525 0.019054 0.259555 0.654515 0.044351
3 3 0.018752 0.015108 0.253716 0.675738 0.036686
3 3 0.017421 0.013767 0.251183 0.683633 0.033996
3 3 0.016955 0.013304 0.250228 0.686458 0.033056
3 3 0.020325 0.016728 0.256372 0.666699 0.039876
3 3 0.018670 0.015024 0.253568 0.676218 0.036520
3 3 0.019277 0.015644 0.254641 0.672689 0.037749
3 3 0.020732 0.017152 0.257005 0.664409 0.040702
3 3 0.017788 0.014134 0.251910 0.681431 0.034737
3 3 0.016008 0.012376 0.248168 0.692298 0.031150
3 3 0.020036 0.016428 0.255910 0.668336 0.039290
3 3 0.018787 0.015144 0.253780 0.675529 0.036759
3 3 0.019280 0.015647 0.254646 0.672670 0.037756
3 3 0.018631 0.014985 0.253497 0.676446 0.036441
3 3 0.014787 0.011200 0.245251 0.700065 0.028697
3 3 0.016739 0.013091 0.249773 0.687776 0.032621
3 3 0.016383 0.012742 0.249004 0.689968 0.031904
3 3 0.030076 0.027541 0.266868 0.615677 0.059838
3 3 0.031619 0.029365 0.267818 0.608175 0.063023
3 3 0.028995 0.026281 0.266105 0.621008 0.057610
3 3 0.027100 0.024107 0.264559 0.630522 0.053712
3 3 0.038839 0.038281 0.270418 0.574440 0.078021
3 3 0.046258 0.056407 0.346390 0.455427 0.095518
3 3 0.033772 0.031959 0.268895 0.597892 0.067482
3 3 0.026798 0.023764 0.264287 0.632060 0.053091
3 3 0.030487 0.028024 0.267136 0.613669 0.060685
3 3 0.028590 0.025813 0.265798 0.623024 0.056776
3 3 0.060072 0.066726 0.265135 0.485038 0.123029
3 3 0.025097 0.021860 0.262609 0.640828 0.049606
3 3 0.020302 0.016704 0.256336 0.666830 0.039829
3 3 0.024972 0.021722 0.262475 0.641483 0.049349
3 3 0.019842 0.016227 0.255594 0.669441 0.038896
3 3 0.032336 0.030223 0.268208 0.604727 0.064507
3 3 0.031738 0.029507 0.267885 0.607602 0.063269
3 3 0.101155 0.113966 0.224492 0.344834 0.215552
0 3 0.329799 0.201967 0.094619 0.052117 0.321499
4 3 0.218038 0.170786 0.058428 0.055891 0.496856
4 3 0.210374 0.164004 0.051673 0.051457 0.522492
3 3 0.121532 0.134302 0.197531 0.282535 0.264100
4 3 0.133826 0.167335 0.183480 0.221091 0.294268
4 3 0.207102 0.168173 0.057260 0.057993 0.509471
4 3 0.208088 0.166982 0.055586 0.056022 0.513322
2 3 0.130018 0.201344 0.281879 0.110600 0.276159
4 2 0.217284 0.152640 0.039452 0.037627 0.552997
4 2 0.214178 0.158261 0.045034 0.043861 0.538666
4 2 0.215841 0.155375 0.042069 0.040531 0.546184
4 4 0.228450 0.112847 0.014928 0.012304 0.631471
4 4 0.222597 0.139975 0.029306 0.026696 0.581426
4 4 0.221572 0.142835 0.031351 0.028855 0.575387
4 4 0.228725 0.109889 0.013789 0.011235 0.636362
4 4 0.224613 0.133437 0.025073 0.022308 0.594569
4 4 0.228687 0.110350 0.013962 0.011396 0.635605
4 4 0.220123 0.146487 0.034158 0.031856 0.567376
4 4 0.225934 0.128180 0.022066 0.019261 0.604559
4 4 0.229184 0.099624 0.010334 0.008078 0.652780
4 4 0.222323 0.140765 0.029858 0.027277 0.579777
4 4 0.222170 0.141198 0.030165 0.027600 0.578867
4 4 0.208211 0.166829 0.055377 0.055776 0.513808
4 4 0.223578 0.136970 0.027288 0.024590 0.587574
4 4 0.219727 0.147417 0.034910 0.032667 0.565279
4 4 0.208530 0.166430 0.054833 0.055139 0.515068
4 4 0.225427 0.130318 0.023250 0.020453 0.600552
4 4 0.226325 0.126399 0.021118 0.018314 0.607844
4 4 0.228746 0.109632 0.013693 0.011146 0.636783
4 4 0.223554 0.137047 0.027338 0.024642 0.587419
4 4 0.211868 0.161876 0.049086 0.048475 0.528696
4 4 0.217406 0.152399 0.039230 0.037383 0.553582
4 4 0.215322 0.156303 0.042998 0.041571 0.543806
4 4 0.221191 0.143834 0.032096 0.029647 0.573231
4 4 0.217303 0.152603 0.039418 0.037590 0.553087
4 4 0.201269 0.174259 0.067027 0.069714 0.487731
4 4 0.220381 0.145866 0.033665 0.031325 0.568764
4 4 0.209040 0.165779 0.053962 0.054120 0.517099
4 2 0.160237 0.202596 0.185861 0.102582 0.348725
4 2 0.189656 0.182623 0.085986 0.093463 0.448273
4 2 0.207160 0.168104 0.057161 0.057877 0.509697
4 2 0.213901 0.158717 0.045523 0.044415 0.537443
4 2 0.208843 0.166033 0.054300 0.054514 0.516310
4 2 0.185215 0.184871 0.093210 0.102417 0.434287
4 2 0.178012 0.191230 0.111530 0.097993 0.421236
4 2 0.171745 0.191673 0.119935 0.117860 0.398786
4 2 0.200359 0.175077 0.068532 0.071552 0.484479
4 2 0.201654 0.173902 0.066388 0.068936 0.489120
4 2 0.195814 0.178719 0.075997 0.080791 0.468679
4 2 0.168149 0.193576 0.128713 0.118956 0.390605
4 2 0.141099 0.202009 0.257155 0.111713 0.288025
2 2 0.082933 0.161407 0.546957 0.072355 0.136349
4 2 0.176837 0.195340 0.140399 0.115133 0.372291
2 2 0.113557 0.185902 0.426221 0.080872 0.193448
2 2 0.079090 0.157727 0.566900 0.066088 0.130195
2 2 0.133744 0.198639 0.318633 0.099804 0.249179
2 2 0.125718 0.194985 0.347604 0.101485 0.230208
0 2 0.642786 0.161809 0.075955 0.010933 0.108517
4 2 0.254360 0.180307 0.064954 0.051885 0.448495
0 2 0.443051 0.196199 0.086835 0.030308 0.243608
0 2 0.827435 0.092857 0.025665 0.001481 0.052562
0 2 0.612301 0.167491 0.071091 0.012291 0.136826
4 2 0.211786 0.161997 0.049229 0.048638 0.528350
4 2 0.206857 0.168461 0.057675 0.058483 0.508524
2 2 0.124129 0.180662 0.487581 0.071084 0.136544
4 2 0.161816 0.201508 0.208155 0.112553 0.315968
2 2 0.062416 0.137260 0.643609 0.059348 0.097368
2 2 0.061965 0.136126 0.648075 0.057775 0.096059
2 2 0.056848 0.117730 0.728318 0.033690 0.063414
2 2 0.067676 0.140355 0.637394 0.058320 0.096255
0 2 0.556575 0.182979 0.088874 0.018763 0.152810
0 2 0.886563 0.065384 0.013752 0.000493 0.033808
0 4 0.849120 0.083686 0.022108 0.001077 0.044009
0 4 0.839103 0.089872 0.029059 0.001428 0.040537
0 4 0.570290 0.162449 0.048412 0.010903 0.207946
4 4 0.217911 0.151377 0.038301 0.036361 0.556050
4 4 0.216503 0.154149 0.040873 0.039201 0.549274
4 4 0.220707 0.145064 0.033037 0.030652 0.570541
0 4 0.645723 0.135173 0.029428 0.004989 0.184686
0 4 0.811660 0.092413 0.018764 0.001322 0.075841
4 4 0.212978 0.160192 0.047148 0.046259 0.533422
4 4 0.217219 0.152769 0.039571 0.037759 0.552682
0 4 0.705471 0.131406 0.036066 0.004488 0.122569
0 4 0.846816 0.080291 0.016118 0.000867 0.055907
0 4 0.828145 0.091849 0.024160 0.001409 0.054437
0 4 0.821102 0.092842 0.022275 0.001410 0.062369
0 4 0.688092 0.136094 0.037735 0.005110 0.132968
0 4 0.785019 0.099999 0.019959 0.001682 0.093341
0 4 0.718768 0.126283 0.032914 0.003863 0.118172
4 4 0.268000 0.138701 0.025727 0.018730 0.548841
4 4 0.222836 0.139267 0.028819 0.026186 0.582892
0 4 0.647661 0.120717 0.019450 0.003291 0.208881
0 4 0.639440 0.127519 0.023078 0.004044 0.205918
4 4 0.215147 0.156612 0.043312 0.041923 0.543007
4 4 0.292932 0.158341 0.037970 0.025465 0.485293
4 4 0.227109 0.122379 0.019101 0.016321 0.615089
0 4 0.622963 0.144200 0.035023 0.006488 0.191325
0 4 0.576442 0.159565 0.045656 0.010081 0.208255
4 4 0.351070 0.154089 0.032676 0.017179 0.444985
4 4 0.342461 0.161232 0.038294 0.020967 0.437046
4 4 0.223742 0.136435 0.026942 0.024232 0.588649
4 4 0.309310 0.160409 0.038832 0.024332 0.467117
0 4 0.714533 0.124037 0.029305 0.003574 0.128551
0 4 0.595355 0.158302 0.047164 0.009576 0.189604
0 4 0.814937 0.094899 0.022645 0.001504 0.066015
4 4 0.285552 0.145918 0.029352 0.020008 0.519169
4 4 0.215447 0.156083 0.042776 0.041322 0.544373
4 4 0.176154 0.187921 0.107515 0.121934 0.406476
4 4 0.348953 0.183322 0.060936 0.032445 0.374344
0 4 0.715261 0.130325 0.037553 0.004395 0.112466
0 4 0.761983 0.110864 0.025684 0.002427 0.099042
0 4 0.785141 0.106971 0.028084 0.002237 0.077568
0 4 0.705748 0.114001 0.019742 0.002582 0.157926
0 4 0.735822 0.120336 0.030000 0.003242 0.110600
0 4 0.830574 0.084443 0.015816 0.000984 0.068183
0 4 0.758135 0.108048 0.022050 0.002173 0.109595
0 4 0.848095 0.085578 0.026058 0.001212 0.039057
0 4 0.835283 0.084967 0.017588 0.001034 0.061127
0 4 0.879789 0.069272 0.015933 0.000599 0.034407
0 0 0.792950 0.108481 0.036165 0.002526 0.059879
0 0 0.875433 0.071370 0.016767 0.000656 0.035774
0 0 0.692379 0.137373 0.040884 0.005341 0.124023
0 0 0.633031 0.142830 0.035008 0.006208 0.182923
4 0 0.371775 0.160516 0.037133 0.018115 0.412461
4 0 0.223573 0.136983 0.027296 0.024599 0.587547
4 0 0.226182 0.127065 0.021469 0.018664 0.606620
0 0 0.684130 0.126640 0.026818 0.003837 0.158575
0 0 0.848836 0.080868 0.017487 0.000908 0.051901
4 0 0.253960 0.149845 0.033866 0.026819 0.535511
4 0 0.221911 0.141915 0.030679 0.028143 0.577351
4 0 0.243712 0.134478 0.024526 0.019860 0.577425
0 1 0.730676 0.125961 0.036231 0.003905 0.103228
0 1 0.857672 0.077489 0.016738 0.000803 0.047298
0 1 0.699087 0.131263 0.034214 0.004439 0.130997
0 1 0.469624 0.149237 0.029509 0.009923 0.341707
4 1 0.219282 0.148432 0.035750 0.033576 0.562959
4 1 0.212999 0.160159 0.047111 0.046217 0.533514
4 4 0.291629 0.170464 0.049132 0.033355 0.455420
0 4 0.333597 0.198565 0.086741 0.047650 0.333448
4 4 0.210753 0.163477 0.051018 0.050700 0.524052
4 4 0.228506 0.112298 0.014712 0.012100 0.632384
4 4 0.217261 0.152687 0.039495 0.037675 0.552882
0 4 0.707224 0.129765 0.034349 0.004266 0.124397
0 4 0.677085 0.135204 0.034134 0.004949 0.148627
4 4 0.286553 0.154512 0.035321 0.024259 0.499354
0 4 0.605244 0.154609 0.044085 0.008641 0.187421
0 4 0.491625 0.159894 0.038500 0.011972 0.298009
4 4 0.233297 0.112249 0.014523 0.011652 0.628279
0 4 0.801213 0.098220 0.022116 0.001641 0.076810
0 4 0.780926 0.110280 0.031685 0.002529 0.074581
0 4 0.704818 0.136991 0.045188 0.005394 0.107609
0 4 0.389258 0.178245 0.054138 0.024678 0.353681
4 4 0.292930 0.192084 0.078075 0.051733 0.385178
4 4 0.229766 0.182062 0.072189 0.064552 0.451431
4 4 0.185795 0.184555 0.092188 0.101504 0.435958
4 2 0.134384 0.197870 0.237400 0.144712 0.285633
0 2 0.605265 0.166292 0.064091 0.011790 0.152561
0 2 0.682685 0.134646 0.034624 0.004876 0.143169
4 2 0.340723 0.185328 0.063938 0.035116 0.374895
0 2 0.709191 0.131913 0.037947 0.004586 0.116364
0 2 0.621411 0.159701 0.056082 0.009841 0.152965
4 2 0.263890 0.183798 0.068588 0.052281 0.431443
4 2 0.257786 0.207562 0.126478 0.090496 0.317677
4 2 0.159589 0.189740 0.133408 0.158253 0.359010
4 2 0.201884 0.206245 0.175945 0.138957 0.276969
4 2 0.150902 0.191586 0.164495 0.171417 0.321600
2 2 0.086376 0.165259 0.516489 0.088607 0.143269
2 2 0.062210 0.137549 0.642676 0.059326 0.098239
4 2 0.201040 0.207325 0.189402 0.112269 0.289963
2 2 0.074524 0.130599 0.691563 0.036054 0.067261
4 2 0.165629 0.196823 0.167863 0.133835 0.335850
0 2 0.317638 0.211711 0.287063 0.043539 0.140050
0 2 0.581478 0.174251 0.073869 0.014665 0.155737
0 2 0.462746 0.192148 0.080751 0.026350 0.238005
0 2 0.702932 0.141276 0.055095 0.006282 0.094416
0 0 0.817928 0.098784 0.032741 0.001902 0.048645
0 0 0.499038 0.182583 0.067776 0.019624 0.230979
4 0 0.301706 0.174628 0.052881 0.034381 0.436403
4 0 0.243335 0.179793 0.066025 0.055527 0.455320
4 1 0.294357 0.195424 0.084110 0.054944 0.371164
0 1 0.401427 0.202348 0.096884 0.039292 0.260048
0 1 0.535872 0.181375 0.073993 0.018044 0.190715
0 1 0.480312 0.194140 0.090123 0.026667 0.208758
0 1 0.524817 0.184497 0.078090 0.019742 0.192854
4 1 0.332705 0.193866 0.077721 0.043439 0.352269
4 1 0.220826 0.169480 0.056289 0.053113 0.500291
4 1 0.196450 0.201294 0.144070 0.135178 0.323008
4 1 0.233070 0.202825 0.120222 0.098265 0.345619
4 1 0.189711 0.198438 0.136473 0.135158 0.340221
0 1 0.542031 0.189404 0.112621 0.023204 0.132740
0 1 0.788460 0.109409 0.034691 0.002548 0.064891
0 1 0.648984 0.157754 0.065242 0.009581 0.118439
0 0 0.741356 0.126671 0.043099 0.004161 0.084713
0 0 0.822421 0.095602 0.028026 0.001649 0.052302
0 0 0.777415 0.112181 0.033422 0.002699 0.074282
0 0 0.825676 0.091966 0.023031 0.001391 0.057936
0 0 0.838540 0.086125 0.020248 0.001122 0.053964
0 0 0.847084 0.086192 0.026845 0.001248 0.038631
0 0 0.738085 0.129789 0.049809 0.004686 0.077631
0 0 0.607625 0.157227 0.048117 0.009233 0.177797
4 0 0.218457 0.150235 0.037291 0.035255 0.558761
4 1 0.212434 0.161030 0.048101 0.047346 0.531090
4 1 0.197455 0.185856 0.089586 0.092829 0.434274
4 1 0.171476 0.188899 0.114879 0.132031 0.392714
4 1 0.187152 0.183917 0.090013 0.098669 0.440249
4 1 0.176524 0.195382 0.137412 0.116978 0.373704
4 1 0.185214 0.191546 0.116096 0.101812 0.405332
2 1 0.116223 0.188230 0.412265 0.082218 0.201064
4 1 0.143567 0.201460 0.249735 0.116107 0.289131
4 1 0.151438 0.204285 0.258932 0.090108 0.295238
4 1 0.206136 0.169292 0.058894 0.059928 0.505750
4 1 0.209654 0.164976 0.052911 0.052895 0.519564
4 1 0.217065 0.153070 0.039852 0.038069 0.551944
4 1 0.224173 0.134990 0.026027 0.023287 0.591522
4 1 0.226300 0.126520 0.021181 0.018377 0.607622
4 4 0.229130 0.102598 0.011260 0.008911 0.648102
4 4 0.365552 0.180206 0.056615 0.028290 0.369337
4 4 0.227645 0.119137 0.017590 0.014849 0.620778
4 4 0.226729 0.124416 0.020103 0.017307 0.611446
4 4 0.229186 0.099326 0.010245 0.007998 0.653246
4 4 0.228851 0.088906 0.007448 0.005557 0.669238
4 4 0.223495 0.137235 0.027460 0.024769 0.587041
4 4 0.229184 0.097425 0.009686 0.007502 0.656204
4 4 0.228844 0.108331 0.013216 0.010702 0.638907
4 4 0.227497 0.120085 0.018022 0.015268 0.619128
4 4 0.227891 0.117448 0.016842 0.014127 0.623691
4 4 0.228409 0.113237 0.015083 0.012451 0.630820
4 4 0.228558 0.085378 0.006638 0.004873 0.674553
4 4 0.229184 0.099626 0.010335 0.008079 0.652776
4 4 0.227517 0.119964 0.017966 0.015214 0.619339
4 4 0.304459 0.174862 0.052953 0.034028 0.433698
4 4 0.217268 0.152673 0.039483 0.037661 0.552916
4 4 0.225332 0.130701 0.023467 0.020674 0.599826
4 4 0.228910 0.089778 0.007658 0.005736 0.667919
4 4 0.225758 0.128942 0.022482 0.019679 0.603139
4 4 0.225119 0.131541 0.023951 0.021164 0.598226
4 4 0.228627 0.111030 0.014220 0.011638 0.634484
4 4 0.228652 0.110750 0.014114 0.011538 0.634946
4 4 0.227746 0.118463 0.017289 0.014558 0.621945
4 4 0.212118 0.161505 0.048651 0.047976 0.529749
4 4 0.208403 0.166590 0.055051 0.055393 0.514563
4 4 0.195141 0.179199 0.077095 0.082166 0.466399
4 4 0.209983 0.164536 0.052346 0.052238 0.520897
4 4 0.183167 0.186265 0.098237 0.107030 0.425301
4 2 0.189503 0.182707 0.086232 0.093779 0.447779
4 2 0.176874 0.189831 0.111978 0.114478 0.406839
4 2 0.172005 0.201574 0.170550 0.094630 0.361241
4 2 0.185723 0.184587 0.092304 0.101655 0.435731
4 2 0.184439 0.185956 0.095684 0.100062 0.433860
4 2 0.140449 0.202120 0.260225 0.110230 0.286975
4 2 0.132196 0.197999 0.249532 0.141260 0.279013
2 2 0.105289 0.186516 0.397341 0.110352 0.200502
4 2 0.159893 0.199451 0.177889 0.122546 0.340221
2 2 0.045795 0.112190 0.736347 0.037414 0.068253
2 2 0.065614 0.143447 0.624121 0.059301 0.107516
2 2 0.058440 0.137211 0.641241 0.064485 0.098622
2 2 0.083203 0.168470 0.499907 0.096081 0.152339
2 2 0.088804 0.175622 0.409784 0.150279 0.175512
2 2 0.036199 0.082856 0.756897 0.063708 0.060339
2 2 0.084751 0.147988 0.461718 0.145941 0.159602
2 2 0.045255 0.114242 0.728886 0.040824 0.070794
2 2 0.057674 0.131285 0.667043 0.053934 0.090063
2 2 0.040137 0.104010 0.762973 0.032624 0.060256
2 2 0.057500 0.133135 0.659058 0.057546 0.092761
2 2 0.072095 0.155227 0.558901 0.087661 0.126116
3 2 0.095452 0.125177 0.288459 0.289127 0.201785
2 2 0.092573 0.176222 0.460475 0.100697 0.170033
2 2 0.075607 0.160532 0.540352 0.087134 0.136375
2 2 0.073806 0.116662 0.356524 0.296903 0.156105
2 2 0.047355 0.093923 0.669888 0.106762 0.082071
3 3 0.030875 0.036453 0.396698 0.472505 0.063470
3 3 0.076433 0.103796 0.304735 0.353420 0.161615
2 3 0.082775 0.141823 0.410693 0.199410 0.165299
3 3 0.050646 0.064316 0.348636 0.431267 0.105135
3 3 0.067805 0.084765 0.308820 0.396252 0.142358
3 3 0.025714 0.022546 0.263246 0.637626 0.050868
3 3 0.040528 0.040455 0.270647 0.566821 0.081549
2 3 0.056796 0.082573 0.383642 0.357004 0.119986
3 3 0.026023 0.022892 0.263553 0.636029 0.051502
3 3 0.046479 0.048373 0.270504 0.540607 0.094038
3 3 0.031439 0.029150 0.267715 0.609045 0.062651
3 3 0.021211 0.017656 0.257723 0.661735 0.041675
3 3 0.045540 0.047097 0.270618 0.544684 0.092061
3 3 0.024861 0.021599 0.262355 0.642063 0.049122
3 3 0.035182 0.033688 0.269454 0.591268 0.070408
3 3 0.028910 0.026182 0.266041 0.621432 0.057434
3 3 0.021060 0.017497 0.257500 0.662574 0.041369
3 3 0.026146 0.023030 0.263673 0.635399 0.051753
3 3 0.063243 0.067602 0.261826 0.476998 0.130331
3 3 0.028477 0.025682 0.265710 0.623589 0.056543
3 3 0.022015 0.018509 0.258868 0.657294 0.043313
3 3 0.037268 0.036289 0.270085 0.581610 0.074747
3 3 0.031017 0.028650 0.267466 0.611085 0.061781
3 3 0.027246 0.024273 0.264688 0.629780 0.054012
3 3 0.021698 0.018171 0.258426 0.659038 0.042666
3 3 0.026300 0.023203 0.263821 0.634606 0.052070
3 3 0.036560 0.035400 0.269896 0.584872 0.073272
3 3 0.023302 0.019892 0.260548 0.650323 0.045935
3 3 0.035645 0.034261 0.269613 0.589110 0.071370
3 3 0.020767 0.017189 0.257059 0.664212 0.040773
3 3 0.024087 0.020748 0.261488 0.646138 0.047539
3 3 0.023366 0.019962 0.260627 0.649977 0.046067
3 3 0.020015 0.016406 0.255876 0.668457 0.039247
3 3 0.022149 0.018651 0.259051 0.656564 0.043584
3 3 0.023574 0.020187 0.260880 0.648868 0.046491
3 3 0.025705 0.022537 0.263237 0.637670 0.050850
3 3 0.017438 0.013785 0.251219 0.683526 0.034032
3 3 0.031283 0.028966 0.267625 0.609797 0.062330
3 3 0.028401 0.025595 0.265650 0.623967 0.056387
3 3 0.026631 0.023577 0.264133 0.632909 0.052750
3 3 0.018706 0.015061 0.253634 0.676006 0.036594
3 3 0.020873 0.017301 0.257220 0.663616 0.040989
3 3 0.016657 0.013011 0.249598 0.688278 0.032456
3 3 0.023219 0.019803 0.260446 0.650766 0.045767
3 3 0.018523 0.014876 0.253301 0.677077 0.036224
3 3 0.015815 0.012188 0.247727 0.693507 0.030762
3 3 0.017610 0.013957 0.251562 0.682492 0.034379
3 3 0.033266 0.031344 0.268667 0.600290 0.066432
3 3 0.020700 0.017119 0.256956 0.664588 0.040637
3 3 0.020736 0.017157 0.257011 0.664387 0.040710
3 3 0.018717 0.015073 0.253654 0.675938 0.036617
3 3 0.023864 0.020503 0.261227 0.647324 0.047083
3 3 0.022742 0.019287 0.259838 0.653341 0.044792
3 3 0.021508 0.017970 0.258155 0.660088 0.042280
3 3 0.022352 0.018868 0.259325 0.655456 0.043998
3 3 0.017929 0.014276 0.252184 0.680588 0.035023
3 3 0.025029 0.021785 0.262536 0.641183 0.049466
3 3 0.019618 0.015995 0.255221 0.670725 0.038441
3 3 0.024698 0.021419 0.262177 0.642917 0.048789
3 3 0.017141 0.013489 0.250615 0.685322 0.033432
3 3 0.019047 0.015409 0.254241 0.674020 0.037284
3 3 0.053114 0.054420 0.266979 0.516986 0.108501
4 3 0.232639 0.186002 0.167524 0.132455 0.281380
4 3 0.159740 0.160404 0.140308 0.177395 0.362153
2 3 0.128084 0.185547 0.276505 0.136261 0.273603
2 3 0.086507 0.159007 0.400777 0.176735 0.176975
2 2 0.059420 0.097061 0.451476 0.269933 0.122109
2 2 0.095845 0.179468 0.445019 0.101013 0.178654
2 2 0.110951 0.190988 0.344681 0.130512 0.222869
2 2 0.099698 0.178858 0.468579 0.077686 0.175178
0 2 0.329056 0.215452 0.147555 0.072267 0.235671
2 2 0.195031 0.165704 0.229822 0.181367 0.228076
4 2 0.181250 0.194553 0.127490 0.134980 0.361727
4 2 0.144266 0.199024 0.212277 0.137990 0.306442
2 2 0.084273 0.163209 0.538854 0.073782 0.139881
0 2 0.413602 0.209367 0.127844 0.045370 0.203817
2 2 0.080166 0.129080 0.374744 0.251136 0.164874
2 2 0.064974 0.144781 0.609069 0.072174 0.109001
2 2 0.065025 0.144799 0.609018 0.072142 0.109016
2 2 0.117161 0.190830 0.374088 0.104458 0.213463
4 2 0.168412 0.196328 0.156789 0.128027 0.350444
2 2 0.031589 0.068450 0.849117 0.019521 0.031324
2 2 0.047833 0.100212 0.760536 0.035368 0.056051
2 2 0.088824 0.161261 0.547439 0.083421 0.119055
2 2 0.103735 0.182602 0.424910 0.102547 0.186207
4 2 0.126008 0.193276 0.252822 0.166279 0.261614
2 2 0.026389 0.058671 0.825462 0.048978 0.040500
4 2 0.170208 0.198381 0.150993 0.121541 0.358878
0 2 0.467247 0.192673 0.082853 0.026403 0.230825
0 2 0.607222 0.166103 0.064494 0.011736 0.150445
4 2 0.160637 0.195548 0.144816 0.128139 0.370859
4 2 0.152524 0.194265 0.156559 0.150569 0.346083
4 2 0.197969 0.177081 0.072469 0.076399 0.476083
4 2 0.213970 0.158606 0.045403 0.044278 0.537744
4 2 0.211537 0.162360 0.049661 0.049135 0.527306
4 4 0.229144 0.102070 0.011091 0.008758 0.648937
4 4 0.226739 0.124362 0.020075 0.017280 0.611543
4 4 0.222920 0.139017 0.028648 0.026007 0.583408
4 4 0.227447 0.120394 0.018165 0.015407 0.618587
4 4 0.225411 0.130383 0.023287 0.020491 0.600428
4 4 0.240752 0.156666 0.040442 0.034392 0.527748
4 4 0.228970 0.106349 0.012513 0.010054 0.642114
4 4 0.228554 0.085343 0.006631 0.004866 0.674605
4 4 0.228899 0.089612 0.007618 0.005702 0.668170
4 4 0.229175 0.096614 0.009455 0.007297 0.657460
4 4 0.215701 0.155627 0.042319 0.040811 0.545541
4 4 0.218027 0.151138 0.038088 0.036127 0.556620
4 4 0.228540 0.111959 0.014579 0.011975 0.632948
4 4 0.228640 0.110887 0.014165 0.011587 0.634721
4 4 0.225479 0.130105 0.023129 0.020332 0.600954
4 4 0.278457 0.097973 0.008909 0.005460 0.609201
4 4 0.221504 0.143014 0.031483 0.028995 0.575003
4 4 0.223388 0.137576 0.027684 0.025002 0.586351
4 4 0.228247 0.114677 0.015668 0.013005 0.628403
4 4 0.226538 0.125375 0.020588 0.017788 0.609711
4 4 0.228948 0.090394 0.007809 0.005865 0.666984
4 4 0.214219 0.158194 0.044962 0.043780 0.538845
4 4 0.221695 0.142505 0.031109 0.028598 0.576094
4 4 0.229116 0.103043 0.011404 0.009041 0.647397
4 4 0.227310 0.121223 0.018551 0.015783 0.617132
4 4 0.228937 0.106916 0.012712 0.010236 0.641199
4 4 0.225053 0.131795 0.024099 0.021314 0.597739
4 4 0.229173 0.096502 0.009423 0.007269 0.657633
4 4 0.227569 0.119631 0.017814 0.015066 0.619920
4 4 0.226922 0.123403 0.019599 0.016811 0.613265
4 4 0.228537 0.111987 0.014590 0.011985 0.632902
4 4 0.229111 0.093919 0.008714 0.006648 0.661608
4 4 0.222919 0.139021 0.028651 0.026010 0.583399
4 4 0.315945 0.155927 0.035034 0.021264 0.471830
4 4 0.200977 0.174524 0.067510 0.070303 0.486686
4 4 0.218476 0.150196 0.037257 0.035218 0.558853
4 4 0.210328 0.164066 0.051751 0.051548 0.522307
4 4 0.221872 0.142024 0.030758 0.028227 0.577119
4 4 0.214943 0.156966 0.043676 0.042331 0.542085
4 4 0.214931 0.156986 0.043696 0.042354 0.542032
4 4 0.189760 0.182566 0.085819 0.093247 0.448609
4 4 0.200833 0.174655 0.067749 0.070595 0.486168
4 4 0.200597 0.174866 0.068139 0.071071 0.485327
4 2 0.191814 0.181377 0.082500 0.089001 0.455309
4 2 0.204852 0.170706 0.061054 0.062502 0.500887
4 2 0.203246 0.172366 0.063739 0.065728 0.494921
4 2 0.198754 0.176445 0.071179 0.074805 0.478816
4 2 0.208032 0.167051 0.055681 0.056133 0.513103
4 2 0.216422 0.154302 0.041020 0.039364 0.548892
4 2 0.208661 0.166264 0.054610 0.054877 0.515588
4 2 0.171603 0.188878 0.114681 0.131757 0.393082
4 2 0.158825 0.189720 0.134591 0.159966 0.356898
4 2 0.197346 0.177570 0.073490 0.077666 0.473927
4 2 0.279206 0.192116 0.080009 0.056217 0.392453
4 2 0.184018 0.185325 0.095031 0.105233 0.430394
2 2 0.139929 0.200690 0.276188 0.111053 0.272140
4 2 0.185205 0.184819 0.093134 0.102741 0.434102
4 2 0.208015 0.194080 0.105305 0.100593 0.392007
2 2 0.133452 0.196308 0.266242 0.142022 0.261975
4 2 0.186031 0.184447 0.091810 0.101010 0.436701
4 2 0.140362 0.196004 0.228356 0.153536 0.281743
4 2 0.140982 0.193771 0.236264 0.161864 0.267120
2 2 0.051567 0.121956 0.702177 0.045379 0.078922
2 2 0.073851 0.149735 0.593943 0.066900 0.115570
2 2 0.062231 0.136614 0.649022 0.057880 0.094253
2 2 0.082888 0.161636 0.533225 0.090352 0.131899
2 2 0.148391 0.196651 0.361081 0.120031 0.173846
2 2 0.042929 0.098498 0.765546 0.035653 0.057374
2 2 0.041058 0.102049 0.756106 0.038295 0.062493
2 2 0.066746 0.133538 0.671553 0.046775 0.081388
2 2 0.161026 0.201014 0.342843 0.108745 0.186372
2 2 0.045712 0.110397 0.743415 0.035065 0.065411
2 2 0.035676 0.086614 0.788561 0.036318 0.052831
2 2 0.066399 0.143888 0.614452 0.068157 0.107104
2 2 0.113935 0.175088 0.500408 0.079560 0.131009
2 2 0.116787 0.188422 0.374846 0.114332 0.205612
2 2 0.027345 0.066872 0.835732 0.030718 0.039332
2 2 0.099141 0.168691 0.523577 0.084647 0.123943
2 2 0.136808 0.196951 0.324372 0.122688 0.219181
2 2 0.084694 0.158570 0.566063 0.071142 0.119532
2 2 0.090146 0.152210 0.612261 0.055319 0.090064
2 2 0.059982 0.133930 0.656768 0.056014 0.093305
2 2 0.067344 0.143709 0.616169 0.066186 0.106593
2 2 0.042784 0.106427 0.742198 0.041833 0.066758
2 2 0.053087 0.117243 0.670547 0.071090 0.088032
2 2 0.088413 0.157042 0.579314 0.068000 0.107231
2 2 0.051047 0.120077 0.705988 0.045173 0.077714
2 2 0.039863 0.098165 0.755862 0.043525 0.062586
2 2 0.114954 0.185441 0.418999 0.110443 0.170163
2 2 0.107063 0.184499 0.401583 0.121391 0.185464
2 2 0.063686 0.143449 0.614836 0.070895 0.107135
2 2 0.058327 0.126058 0.613872 0.097104 0.104640
2 2 0.038698 0.079825 0.738391 0.079534 0.063552
2 2 0.142739 0.194570 0.387271 0.108109 0.167311
2 2 0.064183 0.117507 0.528186 0.168748 0.121375
2 2 0.032728 0.067706 0.768210 0.077514 0.053842
2 2 0.049964 0.106057 0.678832 0.081352 0.083795
2 2 0.053049 0.122918 0.683425 0.055734 0.084874
2 2 0.057525 0.115198 0.615634 0.110384 0.101259
4 2 0.188237 0.199480 0.144509 0.141662 0.326112
0 2 0.419000 0.210183 0.137946 0.046326 0.186545
4 2 0.222034 0.200743 0.118877 0.102982 0.355363
2 2 0.122475 0.196695 0.284388 0.137155 0.259287
2 2 0.049971 0.123695 0.694714 0.050057 0.081564
4 2 0.137453 0.199956 0.237179 0.131966 0.293445
2 2 0.017176 0.041752 0.892953 0.024396 0.023723
2 2 0.069899 0.148834 0.599240 0.066727 0.115300
4 2 0.167164 0.200285 0.164253 0.104388 0.363911
2 2 0.081856 0.150000 0.466093 0.140747 0.161305
2 2 0.085601 0.165740 0.523932 0.079716 0.145011
4 2 0.146134 0.203849 0.244249 0.101996 0.303772
2 2 0.064675 0.141022 0.600102 0.080499 0.113702
2 2 0.029980 0.067923 0.808111 0.047936 0.046050
4 2 0.162494 0.201640 0.175555 0.103884 0.356428
4 2 0.128749 0.198461 0.239620 0.143827 0.289343
2 2 0.074958 0.150263 0.557463 0.088163 0.129153
4 2 0.143399 0.200621 0.214600 0.128979 0.312401
2 2 0.083819 0.153727 0.457291 0.139459 0.165704
2 2 0.057376 0.112746 0.598050 0.127569 0.104259
2 2 0.027829 0.057063 0.792172 0.077141 0.045794
2 3 0.074120 0.110149 0.350978 0.305543 0.159210
2 3 0.093044 0.144174 0.300103 0.261053 0.201625
3 3 0.030756 0.032266 0.334189 0.540519 0.062271
4 3 0.134666 0.178923 0.201298 0.182711 0.302402
4 3 0.148533 0.195606 0.168327 0.149987 0.337546
2 3 0.051791 0.086739 0.501946 0.253865 0.105659
2 3 0.088163 0.149141 0.383186 0.196098 0.183412
2 3 0.069879 0.137691 0.582340 0.086865 0.123225
2 3 0.046501 0.063498 0.408375 0.385238 0.096387
3 3 0.085830 0.118641 0.296795 0.315005 0.183730
