0 0 0.376272 0.160892 0.265363 0.081810 0.115663
0 0 0.556608 0.119619 0.171617 0.049629 0.102527
2 0 0.298229 0.165701 0.370385 0.073517 0.092168
0 0 0.629398 0.101416 0.136108 0.038919 0.094160
0 0 0.515482 0.131123 0.169815 0.064236 0.119345
2 0 0.264905 0.178895 0.351725 0.097010 0.107465
2 0 0.242569 0.192563 0.247676 0.155932 0.161260
2 0 0.288193 0.172095 0.353596 0.084852 0.101264
0 0 0.458953 0.130728 0.288966 0.042823 0.078530
0 0 0.742483 0.069530 0.109387 0.018074 0.060527
0 0 0.530882 0.125449 0.188594 0.052288 0.102787
0 0 0.379090 0.158007 0.280724 0.074514 0.107665
2 1 0.117426 0.157003 0.587587 0.076362 0.061622
4 1 0.081618 0.184755 0.172218 0.101122 0.460288
4 1 0.073687 0.100329 0.060094 0.023890 0.741999
2 1 0.085144 0.170287 0.555017 0.076734 0.112817
2 1 0.072431 0.167912 0.559914 0.064397 0.135346
4 1 0.067415 0.172745 0.165575 0.079490 0.514776
2 1 0.026085 0.074114 0.851902 0.029799 0.018100
2 1 0.024805 0.059505 0.886713 0.017206 0.011771
2 2 0.023720 0.058055 0.890158 0.016718 0.011349
2 0 0.259958 0.175958 0.376336 0.085800 0.101947
2 0 0.195834 0.189196 0.394994 0.115277 0.104698
2 0 0.165675 0.174390 0.500333 0.084368 0.075235
0 0 0.338193 0.168446 0.288294 0.089140 0.115927
0 0 0.335162 0.170806 0.274909 0.096274 0.122849
0 0 0.350298 0.157313 0.333045 0.066165 0.093179
2 0 0.135070 0.163701 0.549492 0.078854 0.072883
4 1 0.078184 0.193392 0.254861 0.097238 0.376325
2 1 0.034653 0.098732 0.788701 0.044761 0.033152
2 1 0.016026 0.045483 0.918542 0.012121 0.007828
2 1 0.024373 0.061849 0.881638 0.019355 0.012785
2 2 0.060371 0.105998 0.763455 0.040146 0.030030
2 2 0.050067 0.111936 0.747561 0.054757 0.035679
2 2 0.014830 0.042220 0.925408 0.010628 0.006913
2 2 0.016270 0.048835 0.911481 0.014441 0.008973
2 2 0.016304 0.045672 0.918090 0.012081 0.007853
2 2 0.018623 0.049512 0.909609 0.013390 0.008865
2 2 0.017330 0.054571 0.898714 0.018394 0.010990
2 2 0.017065 0.057364 0.892084 0.021285 0.012202
2 2 0.019959 0.064930 0.856063 0.041280 0.017768
2 3 0.017451 0.053251 0.901717 0.017137 0.010444
2 3 0.024393 0.077957 0.699311 0.161011 0.037328
2 3 0.021316 0.074203 0.762345 0.111902 0.030234
2 3 0.017635 0.058380 0.881087 0.028971 0.013927
3 3 0.024407 0.068830 0.381554 0.465324 0.059886
2 3 0.019854 0.068855 0.443066 0.413820 0.054405
2 3 0.021476 0.069426 0.492062 0.366448 0.050589
3 3 0.018633 0.043595 0.254776 0.634046 0.048950
3 3 0.019265 0.055041 0.323900 0.547981 0.053813
2 3 0.022781 0.070457 0.440336 0.410757 0.055669
3 3 0.020189 0.061435 0.371869 0.491523 0.054982
3 3 0.024048 0.067914 0.382117 0.466800 0.059121
3 3 0.021002 0.046237 0.245738 0.634396 0.052627
3 3 0.017391 0.052108 0.331931 0.548085 0.050485
3 3 0.019898 0.024029 0.109737 0.806510 0.039827
3 3 0.017825 0.034463 0.197978 0.705712 0.044022
3 3 0.017821 0.033042 0.187551 0.718277 0.043309
3 3 0.019150 0.023543 0.110832 0.807581 0.038895
3 3 0.017795 0.016501 0.072309 0.860876 0.032520
3 3 0.018937 0.027371 0.137783 0.774714 0.041195
3 3 0.018734 0.026144 0.130832 0.784034 0.040258
3 3 0.017529 0.020196 0.097782 0.829264 0.035229
3 3 0.021826 0.018345 0.068270 0.854721 0.036839
3 3 0.023745 0.039921 0.182513 0.701380 0.052441
3 3 0.020214 0.027434 0.129627 0.780399 0.042325
3 3 0.018838 0.036692 0.203703 0.694631 0.046137
3 3 0.020919 0.041600 0.216559 0.670384 0.050539
3 3 0.020357 0.013928 0.049292 0.884592 0.031831
3 3 0.020872 0.020034 0.081020 0.840480 0.037594
3 3 0.020962 0.023410 0.100434 0.814979 0.040215
3 3 0.021074 0.024771 0.108077 0.804817 0.041260
3 3 0.018278 0.019423 0.088724 0.838348 0.035227
3 3 0.015508 0.010144 0.041144 0.908251 0.024954
3 3 0.019731 0.017063 0.068255 0.860610 0.034341
3 3 0.018930 0.020195 0.090477 0.834089 0.036309
3 3 0.019801 0.013426 0.048093 0.887687 0.030994
3 3 0.017945 0.014168 0.057568 0.879771 0.030548
3 3 0.017297 0.012822 0.051737 0.889305 0.028839
3 3 0.023019 0.021400 0.080511 0.834903 0.040166
3 3 0.019190 0.017740 0.074244 0.854281 0.034545
3 3 0.019121 0.016482 0.067067 0.863906 0.033424
3 3 0.018550 0.024190 0.118764 0.799655 0.038841
3 3 0.018349 0.011366 0.040815 0.901486 0.027983
3 3 0.018369 0.011657 0.042301 0.899367 0.028307
3 3 0.017082 0.011878 0.046885 0.896398 0.027757
3 3 0.040943 0.026443 0.059978 0.817763 0.054873
3 3 0.018106 0.015014 0.062027 0.873418 0.031435
3 3 0.018143 0.017718 0.078475 0.851883 0.033780
3 3 0.016964 0.010153 0.037530 0.909514 0.025839
3 3 0.019057 0.018196 0.077533 0.850387 0.034827
3 3 0.018782 0.019985 0.089865 0.835332 0.036037
3 3 0.025723 0.018429 0.058007 0.858513 0.039328
3 3 0.019519 0.034253 0.180309 0.720323 0.045597
3 3 0.017833 0.035635 0.206529 0.695409 0.044595
3 3 0.021949 0.026967 0.116686 0.790969 0.043429
3 3 0.031672 0.031393 0.099529 0.783975 0.053430
3 3 0.038753 0.049833 0.151490 0.690214 0.069710
3 3 0.021398 0.061204 0.333275 0.525746 0.058377
2 3 0.027026 0.078982 0.538529 0.303350 0.052113
2 3 0.025741 0.077370 0.771950 0.095291 0.029649
2 3 0.022491 0.074692 0.782755 0.091954 0.028108
2 3 0.032414 0.096407 0.671161 0.153877 0.046141
3 3 0.024094 0.067894 0.337630 0.506745 0.063638
2 3 0.022295 0.075023 0.821032 0.058096 0.023554
2 3 0.016137 0.052753 0.902783 0.017839 0.010489
2 3 0.024776 0.064317 0.875936 0.021204 0.013768
2 3 0.017352 0.046504 0.916119 0.012033 0.007993
2 3 0.019599 0.053464 0.901034 0.015728 0.010175
2 3 0.019123 0.051330 0.905688 0.014409 0.009450
2 3 0.016727 0.050242 0.908402 0.015213 0.009417
2 3 0.016654 0.052483 0.903437 0.017141 0.010286
2 3 0.020647 0.056254 0.894762 0.017243 0.011094
2 3 0.019569 0.072862 0.803101 0.078772 0.025696
2 3 0.026705 0.082396 0.648530 0.198658 0.043711
2 3 0.019052 0.062896 0.878983 0.024850 0.014220
2 3 0.017314 0.059153 0.887777 0.022830 0.012925
2 3 0.026330 0.082569 0.681401 0.169079 0.040621
2 3 0.022900 0.087240 0.560790 0.274366 0.054704
2 3 0.016951 0.059528 0.881026 0.028396 0.014099
2 3 0.025981 0.080814 0.754721 0.106045 0.032439
2 3 0.024187 0.082346 0.668865 0.182687 0.041915
2 3 0.021675 0.073951 0.831078 0.051202 0.022095
2 3 0.022598 0.074606 0.832491 0.048459 0.021846
2 3 0.020883 0.075947 0.830139 0.050452 0.022579
2 3 0.016846 0.054950 0.884976 0.029981 0.013247
2 2 0.042839 0.107332 0.760436 0.055289 0.034104
2 2 0.041356 0.110992 0.735983 0.072386 0.039284
2 2 0.029140 0.084698 0.823877 0.039190 0.023095
2 2 0.048856 0.138436 0.669087 0.068278 0.075342
2 2 0.054238 0.160056 0.585140 0.080588 0.119978
2 2 0.027012 0.073801 0.852816 0.028613 0.017759
2 2 0.024239 0.066987 0.869639 0.024089 0.015047
2 2 0.015026 0.044704 0.920344 0.012218 0.007709
2 2 0.045008 0.121637 0.725518 0.052823 0.055014
2 2 0.048851 0.101944 0.777101 0.042769 0.029335
2 2 0.059620 0.117234 0.731451 0.054160 0.037535
2 2 0.067405 0.118966 0.725087 0.051102 0.037439
2 2 0.150903 0.182294 0.473343 0.106339 0.087121
4 2 0.121569 0.118475 0.069973 0.037791 0.652191
2 2 0.212309 0.195498 0.318992 0.101355 0.171847
2 2 0.152148 0.205198 0.357336 0.124753 0.160565
2 2 0.088471 0.184747 0.482738 0.104823 0.139221
2 2 0.074411 0.190862 0.425633 0.115719 0.193376
2 2 0.055326 0.134363 0.683822 0.064303 0.062186
2 2 0.064318 0.171924 0.535842 0.092276 0.135640
2 2 0.064778 0.126195 0.707328 0.055079 0.046620
2 2 0.080110 0.159470 0.594755 0.081470 0.084195
2 2 0.094398 0.138943 0.659969 0.054483 0.052207
2 2 0.109724 0.206895 0.293954 0.128915 0.260512
2 2 0.090161 0.188648 0.461224 0.092932 0.167036
4 1 0.105406 0.204814 0.246748 0.127813 0.315219
2 1 0.076716 0.166246 0.570861 0.076230 0.109947
2 1 0.073256 0.180836 0.495130 0.095212 0.155566
2 1 0.054445 0.122268 0.721282 0.054807 0.047198
2 1 0.075018 0.170518 0.549954 0.088130 0.116379
2 1 0.129314 0.188420 0.463314 0.103533 0.115418
2 1 0.079113 0.178627 0.512538 0.085690 0.144033
2 1 0.085157 0.198674 0.339906 0.102927 0.273336
2 1 0.080718 0.184969 0.474990 0.086404 0.172918
2 1 0.083910 0.197175 0.362888 0.099369 0.256657
2 1 0.083340 0.175714 0.528125 0.092558 0.120263
4 1 0.166479 0.189315 0.183109 0.101610 0.359487
4 1 0.095855 0.200255 0.241230 0.111394 0.351265
4 1 0.179788 0.150047 0.096367 0.074435 0.499363
4 1 0.093316 0.190259 0.169292 0.114943 0.432189
4 1 0.090268 0.174319 0.144058 0.086628 0.504727
2 1 0.143772 0.205076 0.360685 0.122256 0.168211
2 1 0.144553 0.209555 0.310871 0.139030 0.195990
4 1 0.093218 0.190408 0.203984 0.084696 0.427695
4 1 0.099624 0.195106 0.203627 0.098066 0.403577
2 1 0.137633 0.205979 0.301842 0.097533 0.257014
2 0 0.151180 0.204805 0.361827 0.115343 0.166845
4 0 0.127593 0.127808 0.078398 0.045072 0.621129
2 0 0.147030 0.187549 0.462206 0.094966 0.108249
4 1 0.110547 0.190368 0.177318 0.104730 0.417036
4 1 0.126230 0.177493 0.140666 0.099824 0.455786
4 1 0.086212 0.184041 0.161177 0.100547 0.468023
4 1 0.089882 0.143972 0.103211 0.053438 0.609497
4 1 0.089619 0.162203 0.126767 0.071254 0.550158
4 0 0.254669 0.180611 0.241278 0.066535 0.256907
0 0 0.348291 0.167502 0.242167 0.072689 0.169350
0 0 0.380666 0.163590 0.215245 0.101075 0.139423
0 0 0.392800 0.144782 0.108062 0.089471 0.264886
4 0 0.337763 0.137604 0.078258 0.093563 0.352811
0 0 0.357433 0.161364 0.133469 0.134332 0.213402
4 0 0.187281 0.190941 0.181532 0.119146 0.321100
4 0 0.164933 0.143866 0.090910 0.064586 0.535705
4 0 0.097953 0.180892 0.151723 0.098920 0.470513
2 0 0.137905 0.208918 0.315298 0.115395 0.222483
4 0 0.129500 0.189906 0.158864 0.130111 0.391619
4 0 0.228581 0.149823 0.092995 0.084642 0.443959
4 0 0.198900 0.182678 0.139912 0.149334 0.329177
4 0 0.164884 0.137486 0.084159 0.058011 0.555460
0 0 0.256992 0.187942 0.254787 0.096566 0.203713
0 0 0.433061 0.149249 0.152728 0.089632 0.175330
0 0 0.414409 0.138223 0.100199 0.081925 0.265245
4 1 0.131820 0.204502 0.227500 0.126066 0.310112
4 1 0.112451 0.156210 0.112968 0.069030 0.549341
4 1 0.187692 0.162909 0.111081 0.095127 0.443191
4 1 0.218104 0.161021 0.106809 0.100951 0.413114
4 1 0.102325 0.155027 0.113761 0.065906 0.562981
4 1 0.078531 0.175543 0.150550 0.085251 0.510126
2 1 0.072971 0.186094 0.456275 0.091515 0.193145
4 1 0.077172 0.193709 0.220174 0.123655 0.385291
4 1 0.103749 0.199027 0.182980 0.142915 0.371329
2 1 0.116611 0.205422 0.345915 0.122637 0.209414
4 1 0.095156 0.192501 0.172758 0.120671 0.418915
2 1 0.078444 0.159246 0.592649 0.088312 0.081349
2 1 0.163269 0.195568 0.405132 0.123306 0.112724
0 1 0.295233 0.171228 0.211307 0.062812 0.259420
4 1 0.227246 0.125540 0.068497 0.054511 0.524207
4 1 0.104550 0.167619 0.129960 0.081074 0.516797
4 1 0.102646 0.198289 0.182515 0.138520 0.378029
4 1 0.094657 0.192071 0.172135 0.119473 0.421664
2 1 0.098110 0.205242 0.295318 0.146496 0.254834
4 1 0.118905 0.200752 0.183296 0.160343 0.336703
2 1 0.162728 0.203353 0.276113 0.104203 0.253603
2 0 0.274813 0.170296 0.311145 0.116754 0.126993
0 0 0.506348 0.130787 0.204397 0.054228 0.104240
0 0 0.678840 0.086618 0.134378 0.026338 0.073825
2 0 0.299309 0.169542 0.349963 0.081232 0.099954
4 0 0.142474 0.182454 0.143976 0.117712 0.413384
4 0 0.174967 0.162990 0.112296 0.091746 0.458000
4 0 0.222027 0.170588 0.119689 0.124223 0.363474
4 0 0.161203 0.190619 0.179323 0.110424 0.358431
0 0 0.392196 0.151255 0.289811 0.053898 0.112839
0 0 0.610643 0.106339 0.142880 0.042277 0.097861
0 0 0.588472 0.112617 0.122613 0.055979 0.120319
0 1 0.293879 0.180456 0.280846 0.114213 0.130606
0 1 0.343346 0.171347 0.242469 0.106720 0.136118
0 1 0.745820 0.070726 0.077908 0.025055 0.080491
0 1 0.463959 0.133557 0.101259 0.087840 0.213385
4 1 0.209813 0.183767 0.142513 0.164460 0.299446
4 1 0.139232 0.176913 0.135944 0.105144 0.442767
2 1 0.127737 0.208799 0.277813 0.116434 0.269217
0 1 0.290673 0.177923 0.208152 0.086592 0.236660
4 1 0.170826 0.199907 0.203721 0.145765 0.279781
0 1 0.339005 0.171726 0.253275 0.103976 0.132018
2 1 0.196226 0.196144 0.342336 0.141453 0.123840
2 1 0.233868 0.190603 0.319610 0.129259 0.126661
0 1 0.480194 0.140177 0.167895 0.078287 0.133448
2 1 0.295218 0.177622 0.305373 0.102298 0.119490
0 4 0.362814 0.167089 0.234454 0.100952 0.134691
0 4 0.443527 0.128426 0.081277 0.086789 0.259982
0 4 0.384525 0.162711 0.187560 0.111712 0.153492
0 4 0.343603 0.171264 0.242862 0.106417 0.135854
0 4 0.361359 0.167755 0.227578 0.104701 0.138607
0 4 0.533281 0.126102 0.127554 0.073689 0.139374
0 4 0.346173 0.169982 0.253017 0.100640 0.130188
4 4 0.162253 0.194868 0.167446 0.167005 0.308428
4 4 0.341746 0.137967 0.078693 0.095776 0.345818
4 4 0.109966 0.164574 0.124429 0.078392 0.522639
0 4 0.318296 0.169237 0.149877 0.116127 0.246463
0 0 0.289593 0.183170 0.225658 0.118017 0.183563
0 0 0.344376 0.140483 0.089015 0.083766 0.342359
0 0 0.448051 0.143585 0.129580 0.094296 0.184489
0 0 0.293636 0.181592 0.265382 0.121665 0.137726
0 0 0.362554 0.139791 0.081376 0.108965 0.307314
4 0 0.203135 0.168322 0.117185 0.110560 0.400798
0 0 0.368683 0.165895 0.229887 0.100067 0.135469
0 0 0.530586 0.125771 0.186299 0.053166 0.104178
0 0 0.541563 0.121680 0.127115 0.055150 0.154492
0 0 0.539524 0.094660 0.049429 0.050331 0.266055
0 0 0.615429 0.100902 0.089155 0.046265 0.148249
0 0 0.594762 0.110938 0.139683 0.048140 0.106478
0 0 0.390012 0.154241 0.194966 0.056638 0.204143
4 0 0.210722 0.136132 0.079437 0.063307 0.510402
4 0 0.154923 0.179632 0.137790 0.116473 0.411182
0 0 0.726248 0.067341 0.042243 0.033184 0.130984
0 0 0.530930 0.125098 0.162073 0.048869 0.133031
4 0 0.398177 0.096193 0.041915 0.045184 0.418531
0 0 0.553869 0.118951 0.155598 0.043597 0.127986
4 0 0.147213 0.121997 0.070526 0.042670 0.617594
4 0 0.412833 0.079554 0.030714 0.031202 0.445698
4 0 0.202758 0.117052 0.062093 0.044177 0.573920
4 0 0.294487 0.110762 0.053843 0.048066 0.492842
4 0 0.097930 0.131933 0.087516 0.044882 0.637738
4 1 0.093393 0.194002 0.181448 0.124471 0.406686
2 1 0.082397 0.186292 0.467675 0.116583 0.147054
4 1 0.125838 0.209373 0.249901 0.139644 0.275245
0 0 0.334694 0.164631 0.316990 0.068618 0.115067
0 0 0.737959 0.072850 0.079123 0.026616 0.083453
4 0 0.283940 0.167603 0.159689 0.075739 0.313029
4 0 0.172405 0.107389 0.055587 0.034524 0.630095
0 0 0.440835 0.145943 0.219803 0.057745 0.135675
4 0 0.304478 0.118343 0.059989 0.057244 0.459946
4 0 0.192137 0.194445 0.182105 0.153042 0.278270
4 0 0.142322 0.175814 0.133823 0.104123 0.443917
4 0 0.189590 0.137631 0.082284 0.061721 0.528775
4 0 0.095111 0.192462 0.172701 0.120561 0.419165
2 1 0.096016 0.148838 0.622731 0.075479 0.056936
2 0 0.166618 0.187009 0.444550 0.109435 0.092388
2 0 0.174976 0.189324 0.428691 0.084857 0.122152
0 0 0.459476 0.138045 0.169817 0.047846 0.184816
4 0 0.306572 0.138058 0.078576 0.085143 0.391650
4 0 0.210197 0.165103 0.112472 0.106371 0.405857
0 0 0.315719 0.155577 0.099966 0.132074 0.296664
2 0 0.230573 0.192134 0.318016 0.109454 0.149823
0 0 0.319700 0.164975 0.130279 0.124369 0.260677
4 0 0.210775 0.158144 0.103611 0.093526 0.433944
0 0 0.531370 0.110301 0.064616 0.082296 0.211418
0 0 0.287462 0.178917 0.254957 0.074358 0.204306
4 0 0.212885 0.110567 0.056111 0.039988 0.580449
4 0 0.153596 0.150198 0.099200 0.069734 0.527272
4 0 0.188822 0.101324 0.049772 0.031743 0.628339
4 0 0.079575 0.187330 0.205349 0.090662 0.437084
4 0 0.244027 0.125293 0.067608 0.056446 0.506626
4 0 0.253090 0.116636 0.059697 0.049028 0.521550
4 0 0.201960 0.127063 0.071172 0.052840 0.546965
4 0 0.078488 0.175492 0.150489 0.085170 0.510360
2 0 0.100642 0.167967 0.558177 0.086918 0.086296
4 0 0.117631 0.191487 0.164251 0.128437 0.398193
2 1 0.166836 0.193565 0.407589 0.127564 0.104446
0 1 0.347376 0.163739 0.303088 0.078986 0.106811
2 1 0.185567 0.189247 0.408809 0.114881 0.101496
2 1 0.271801 0.177161 0.350950 0.093884 0.106204
0 0 0.700714 0.082788 0.085829 0.034231 0.096437
0 0 0.608183 0.107598 0.128608 0.047613 0.107997
0 0 0.752983 0.068670 0.072068 0.024891 0.081388
0 0 0.717237 0.078520 0.091364 0.028394 0.084484
0 0 0.359596 0.160908 0.298562 0.075598 0.105335
0 0 0.379452 0.155819 0.278200 0.055075 0.131455
0 0 0.439091 0.149951 0.194299 0.084288 0.132370
0 0 0.610111 0.107090 0.128204 0.047150 0.107446
0 0 0.485078 0.137747 0.196530 0.065425 0.115222
0 0 0.589385 0.108882 0.178437 0.037576 0.085720
0 0 0.458113 0.144984 0.196671 0.075632 0.124599
0 0 0.688519 0.084406 0.127763 0.025722 0.073590
0 0 0.439425 0.149536 0.199238 0.079784 0.132018
0 0 0.394830 0.158961 0.235140 0.086099 0.124969
0 0 0.347893 0.169853 0.248901 0.101640 0.131713
0 0 0.618797 0.104520 0.134449 0.042514 0.099719
0 0 0.377319 0.160449 0.266614 0.080857 0.114761
2 0 0.240745 0.186452 0.342085 0.114350 0.116367
0 0 0.387380 0.157781 0.265418 0.077114 0.112307
0 0 0.332691 0.172345 0.265310 0.101673 0.127981
2 0 0.240662 0.187336 0.335338 0.117610 0.119054
0 0 0.285202 0.182566 0.279629 0.119435 0.133167
0 0 0.394810 0.159770 0.223572 0.091069 0.130779
4 0 0.193034 0.198343 0.203685 0.192575 0.212363
2 0 0.163128 0.198308 0.382872 0.138779 0.116914
2 0 0.166286 0.190529 0.426336 0.118530 0.098319
2 1 0.180033 0.195609 0.374731 0.135496 0.114130
2 1 0.063487 0.118935 0.725889 0.053631 0.038058
2 1 0.130235 0.156006 0.585461 0.069114 0.059184
2 1 0.165976 0.176262 0.492739 0.087544 0.077479
2 1 0.184263 0.171653 0.491474 0.073557 0.079052
2 0 0.152210 0.205915 0.349300 0.131281 0.161294
0 0 0.677121 0.087226 0.074114 0.044494 0.117045
0 0 0.767604 0.064250 0.061224 0.024289 0.082633
0 0 0.378234 0.159015 0.271971 0.070435 0.120345
0 0 0.721523 0.077237 0.081365 0.030081 0.089793
0 0 0.741963 0.067612 0.047564 0.034445 0.108416
0 0 0.490101 0.124829 0.079820 0.111631 0.193619
0 0 0.651986 0.092639 0.073692 0.052333 0.129350
0 0 0.625366 0.098207 0.073879 0.060973 0.141574
0 0 0.748773 0.069550 0.068449 0.026858 0.086369
0 0 0.848484 0.041559 0.035982 0.013265 0.060710
0 0 0.834019 0.044977 0.036106 0.016016 0.068882
0 0 0.844868 0.040758 0.028275 0.015600 0.070499
0 0 0.763768 0.060268 0.038046 0.031477 0.106442
0 0 0.726494 0.074996 0.068276 0.032518 0.097716
0 0 0.402550 0.158526 0.180368 0.106413 0.152143
0 0 0.439521 0.148757 0.150599 0.102747 0.158375
0 0 0.579952 0.114789 0.144593 0.051196 0.109470
2 0 0.262451 0.183955 0.320426 0.112537 0.120630
2 0 0.262132 0.163983 0.424921 0.058238 0.090726
2 0 0.232350 0.177450 0.407175 0.089361 0.093664
2 0 0.254756 0.182811 0.343480 0.106012 0.112941
0 0 0.344979 0.163140 0.310948 0.076876 0.104058
2 0 0.231829 0.179579 0.397443 0.093880 0.097268
2 0 0.305033 0.174484 0.309907 0.095455 0.115121
2 0 0.216096 0.186688 0.381156 0.109045 0.107015
0 0 0.312689 0.178506 0.215022 0.135820 0.157963
0 0 0.292177 0.181622 0.247539 0.097038 0.181624
0 0 0.445318 0.144679 0.137429 0.087357 0.185217
0 0 0.285997 0.179112 0.258627 0.073755 0.202509
4 0 0.147312 0.168438 0.122694 0.092971 0.468586
2 1 0.136243 0.210604 0.260021 0.169402 0.223730
4 1 0.150690 0.192625 0.190251 0.105177 0.361257
4 1 0.125068 0.203457 0.215979 0.129131 0.326365
2 1 0.136027 0.189968 0.443877 0.122845 0.107282
4 1 0.126872 0.184511 0.158798 0.103402 0.426418
2 1 0.050753 0.104084 0.770877 0.043951 0.030335
4 1 0.193480 0.155804 0.102720 0.083971 0.464025
4 1 0.255650 0.181257 0.220473 0.075787 0.266833
4 0 0.115826 0.205211 0.240104 0.114326 0.324532
0 0 0.650325 0.089831 0.064525 0.050203 0.145115
0 0 0.437965 0.114140 0.056835 0.078023 0.313037
2 0 0.160960 0.194105 0.421425 0.107597 0.115913
2 0 0.132383 0.178419 0.506714 0.089440 0.093045
4 0 0.154008 0.192341 0.176686 0.120942 0.356023
0 0 0.371722 0.158852 0.258767 0.055903 0.154756
0 0 0.348112 0.164899 0.185168 0.076736 0.225085
4 0 0.081491 0.178947 0.154716 0.090948 0.493898
4 0 0.074093 0.170138 0.144142 0.077133 0.534494
2 0 0.135832 0.205118 0.345273 0.089833 0.223945
2 0 0.129993 0.178805 0.510436 0.077660 0.103107
4 0 0.300593 0.141678 0.082449 0.089945 0.385336
4 0 0.228009 0.187788 0.220279 0.088747 0.275178
0 0 0.426557 0.146486 0.134785 0.082992 0.209181
0 0 0.486564 0.125816 0.103622 0.059586 0.224413
4 0 0.191496 0.162989 0.110892 0.096365 0.438258
4 0 0.284850 0.130325 0.071155 0.068698 0.444973
2 0 0.110144 0.200023 0.391464 0.101262 0.197107
2 0 0.199892 0.174655 0.460319 0.083246 0.081888
2 0 0.142984 0.187353 0.456654 0.112407 0.100603
2 0 0.119645 0.207597 0.316407 0.125596 0.230757
0 0 0.267817 0.187602 0.245130 0.146575 0.152876
2 0 0.056965 0.122339 0.685449 0.087638 0.047609
4 0 0.127617 0.209838 0.250096 0.146456 0.265994
2 0 0.120468 0.202487 0.379167 0.114870 0.183008
4 1 0.121156 0.207863 0.242063 0.131264 0.297655
2 1 0.154621 0.190384 0.435611 0.116792 0.102591
2 1 0.144038 0.193857 0.434655 0.077439 0.150010
2 1 0.139303 0.209353 0.310123 0.121710 0.219511
2 1 0.150417 0.208168 0.315438 0.157398 0.168579
2 1 0.155208 0.202552 0.375507 0.120452 0.146281
2 1 0.106992 0.168114 0.546373 0.102473 0.076047
2 1 0.106754 0.168005 0.555593 0.086902 0.082745
2 1 0.149450 0.208067 0.326665 0.142293 0.173525
2 1 0.153666 0.184139 0.463575 0.109126 0.089494
2 1 0.070289 0.127599 0.698123 0.060696 0.043293
2 1 0.049268 0.101394 0.778587 0.041825 0.028926
2 1 0.040610 0.087015 0.818191 0.032029 0.022154
2 1 0.036535 0.082967 0.829148 0.030659 0.020690
2 2 0.029093 0.070030 0.861925 0.023340 0.015612
2 2 0.030270 0.073371 0.853767 0.025621 0.016971
2 2 0.025183 0.065365 0.873446 0.021848 0.014158
2 2 0.022627 0.058901 0.888562 0.018066 0.011844
2 2 0.052721 0.096516 0.790751 0.034457 0.025555
2 2 0.036923 0.075320 0.847493 0.023353 0.016910
2 2 0.018220 0.049941 0.908814 0.013949 0.009076
2 2 0.040852 0.084758 0.823799 0.029650 0.020942
2 2 0.040253 0.078789 0.838280 0.024585 0.018092
2 2 0.057418 0.098603 0.783746 0.034125 0.026108
2 2 0.033229 0.074449 0.850626 0.024678 0.017019
2 2 0.027310 0.063974 0.876190 0.019285 0.013241
2 3 0.026944 0.063340 0.877700 0.018988 0.013029
2 3 0.028097 0.064654 0.874452 0.019380 0.013417
2 3 0.026473 0.061089 0.882770 0.017491 0.012177
2 3 0.018322 0.047362 0.914088 0.012071 0.008157
2 3 0.022363 0.054242 0.898662 0.014654 0.010080
2 3 0.020863 0.052763 0.902219 0.014422 0.009733
2 3 0.032668 0.070274 0.860439 0.021413 0.015207
2 3 0.018632 0.051834 0.904715 0.015110 0.009709
2 3 0.027614 0.064465 0.875012 0.019505 0.013404
2 3 0.017343 0.054404 0.898403 0.018806 0.011044
2 3 0.018917 0.050365 0.907761 0.013827 0.009129
2 3 0.016471 0.045851 0.917682 0.012105 0.007891
2 3 0.018320 0.060791 0.874130 0.031733 0.015026
2 3 0.021338 0.067502 0.867938 0.027351 0.015871
2 3 0.024886 0.072938 0.849699 0.033825 0.018652
2 3 0.017124 0.058936 0.881702 0.028300 0.013938
2 3 0.019906 0.063306 0.878188 0.024378 0.014222
2 3 0.022422 0.078477 0.704189 0.157714 0.037198
2 3 0.018403 0.060434 0.878640 0.028224 0.014300
2 3 0.021930 0.073049 0.774318 0.102061 0.028643
2 3 0.022642 0.077094 0.687072 0.174933 0.038259
2 3 0.025093 0.080340 0.592876 0.253665 0.048026
2 3 0.022327 0.077944 0.670089 0.189481 0.040159
2 3 0.020622 0.071925 0.485956 0.368739 0.052758
2 3 0.026911 0.079032 0.781234 0.083992 0.028831
2 3 0.023644 0.081408 0.637856 0.212597 0.044494
3 3 0.022321 0.043743 0.217176 0.663847 0.052914
3 3 0.020399 0.067331 0.413888 0.442534 0.055848
2 3 0.021143 0.069585 0.468425 0.388165 0.052682
3 3 0.021585 0.056577 0.303570 0.561145 0.057123
3 3 0.024829 0.065063 0.338819 0.510227 0.061061
3 3 0.020088 0.041535 0.224349 0.664373 0.049656
3 3 0.022710 0.044290 0.217070 0.662383 0.053546
3 3 0.018603 0.028858 0.150555 0.760202 0.041782
3 3 0.020800 0.050136 0.272919 0.602211 0.053935
3 3 0.020216 0.015989 0.060634 0.869453 0.033708
3 3 0.020344 0.025491 0.116470 0.796521 0.041174
3 3 0.020962 0.026658 0.120233 0.789707 0.042441
3 3 0.020118 0.034413 0.176256 0.722963 0.046250
3 3 0.021425 0.045556 0.237043 0.643185 0.052791
3 3 0.021119 0.040523 0.207703 0.680411 0.050244
3 3 0.017651 0.022305 0.111543 0.811678 0.036823
3 3 0.018691 0.027247 0.138694 0.774465 0.040903
3 3 0.018000 0.024935 0.127558 0.790648 0.038859
3 3 0.020796 0.028427 0.132299 0.775044 0.043433
3 3 0.018963 0.016011 0.064882 0.867241 0.032903
3 3 0.020435 0.033405 0.167008 0.733145 0.046007
3 3 0.019846 0.020415 0.087580 0.835001 0.037157
3 3 0.018708 0.017090 0.072240 0.858300 0.033662
3 3 0.017449 0.007872 0.025032 0.926312 0.023334
3 3 0.020995 0.019253 0.076111 0.846594 0.037047
3 3 0.018459 0.018489 0.081923 0.846497 0.034631
3 3 0.018903 0.016142 0.065862 0.866113 0.032979
3 3 0.020009 0.018332 0.074551 0.851501 0.035607
3 3 0.018209 0.016282 0.069288 0.863596 0.032624
3 3 0.020889 0.014792 0.052379 0.878938 0.033002
3 3 0.017268 0.008089 0.026344 0.924776 0.023523
3 3 0.019972 0.014185 0.051634 0.882358 0.031851
3 3 0.017964 0.018428 0.083823 0.845566 0.034218
3 3 0.018705 0.012838 0.047798 0.890923 0.029736
3 3 0.017942 0.010362 0.036478 0.908580 0.026638
3 3 0.018563 0.014781 0.059106 0.876025 0.031524
3 3 0.020199 0.012655 0.043216 0.893495 0.030434
3 3 0.017881 0.010625 0.037978 0.906619 0.026897
3 3 0.019405 0.022042 0.099784 0.820729 0.038040
3 3 0.020785 0.013439 0.045794 0.888395 0.031589
3 3 0.016058 0.010682 0.042804 0.904583 0.025873
3 3 0.019817 0.014925 0.056032 0.876761 0.032465
3 3 0.021497 0.010547 0.030990 0.908203 0.028763
3 3 0.016872 0.022395 0.117312 0.807192 0.036229
3 3 0.019005 0.014711 0.057297 0.877240 0.031747
3 3 0.021411 0.015803 0.056184 0.872314 0.034288
3 3 0.019003 0.012823 0.046936 0.891337 0.029901
3 3 0.019536 0.010069 0.031997 0.911227 0.027171
3 3 0.016447 0.014337 0.064049 0.875480 0.029687
3 3 0.020903 0.016351 0.060500 0.867768 0.034478
3 3 0.021454 0.037282 0.183979 0.708297 0.048988
3 3 0.016669 0.007385 0.023888 0.929769 0.022289
3 3 0.019643 0.010998 0.036224 0.904825 0.028309
3 3 0.019978 0.012827 0.044583 0.892125 0.030486
3 3 0.019400 0.012745 0.045534 0.892261 0.030059
3 3 0.019423 0.011071 0.037007 0.904229 0.028270
3 3 0.020764 0.011429 0.036166 0.902233 0.029409
3 3 0.020811 0.012591 0.041584 0.894299 0.030715
3 3 0.019201 0.011787 0.041059 0.899021 0.028932
3 3 0.017616 0.008767 0.029060 0.919991 0.024566
3 3 0.015913 0.009310 0.035312 0.915196 0.024268
3 3 0.019747 0.015230 0.057904 0.874411 0.032707
3 3 0.020228 0.010434 0.032510 0.908858 0.027970
3 3 0.018555 0.008957 0.028409 0.918783 0.025296
3 3 0.019596 0.010768 0.035202 0.906414 0.028020
3 3 0.018927 0.013567 0.051168 0.885738 0.030600
3 3 0.017758 0.009000 0.029960 0.918352 0.024930
3 3 0.016682 0.011169 0.043915 0.901461 0.026773
3 3 0.019323 0.014131 0.053133 0.882016 0.031397
3 3 0.018102 0.018668 0.084714 0.844006 0.034510
3 3 0.020994 0.010201 0.030248 0.910469 0.028088
3 3 0.018618 0.008969 0.028365 0.918703 0.025344
3 3 0.018726 0.013496 0.051341 0.886033 0.030405
3 3 0.019959 0.014915 0.055568 0.877011 0.032546
3 3 0.018609 0.010686 0.036739 0.906585 0.027381
3 3 0.020878 0.013865 0.047704 0.885473 0.032079
3 3 0.019125 0.014929 0.058148 0.875771 0.032028
3 3 0.021565 0.013217 0.043012 0.890401 0.031805
3 3 0.021874 0.013249 0.042531 0.890333 0.032013
3 3 0.024458 0.056534 0.272313 0.586375 0.060321
3 3 0.028280 0.079500 0.348816 0.471587 0.071816
2 3 0.019801 0.063521 0.877624 0.024711 0.014343
2 3 0.021864 0.062853 0.879537 0.022114 0.013633
2 3 0.021403 0.059207 0.888045 0.019182 0.012163
2 3 0.020770 0.065004 0.870073 0.028633 0.015521
2 3 0.023684 0.057315 0.891758 0.016177 0.011066
2 3 0.021462 0.057088 0.892787 0.017366 0.011297
2 3 0.018984 0.062685 0.878205 0.025765 0.014361
2 3 0.072359 0.118426 0.725261 0.047610 0.036343
2 3 0.032626 0.074331 0.851044 0.024946 0.017054
2 3 0.019749 0.056856 0.893509 0.018405 0.011481
2 3 0.025985 0.066753 0.870098 0.022524 0.014639
2 3 0.038890 0.087733 0.816600 0.033956 0.022821
2 3 0.044507 0.095058 0.796514 0.037950 0.025971
2 3 0.022782 0.063457 0.878103 0.021926 0.013732
2 2 0.020126 0.052613 0.902735 0.014746 0.009780
2 2 0.034846 0.077642 0.842621 0.026597 0.018295
2 2 0.022797 0.060921 0.883990 0.019647 0.012646
2 2 0.015787 0.051207 0.906270 0.016788 0.009948
2 2 0.019174 0.049917 0.908621 0.013355 0.008934
2 2 0.017819 0.044654 0.919627 0.010579 0.007320
2 2 0.032008 0.070877 0.859267 0.022284 0.015564
2 2 0.018204 0.048029 0.912774 0.012592 0.008402
2 2 0.025136 0.061489 0.882276 0.018576 0.012524
2 2 0.019470 0.051548 0.905144 0.014357 0.009481
2 2 0.023299 0.061627 0.882315 0.019899 0.012861
2 2 0.036130 0.076920 0.844021 0.025168 0.017762
2 2 0.019702 0.050946 0.906341 0.013782 0.009230
2 2 0.030499 0.070456 0.860634 0.022819 0.015592
2 2 0.018074 0.046394 0.916107 0.011562 0.007862
2 2 0.022949 0.055074 0.896730 0.014935 0.010313
2 2 0.022691 0.054898 0.897184 0.014947 0.010281
2 2 0.020204 0.056149 0.895056 0.017469 0.011122
2 2 0.067831 0.122916 0.713118 0.055941 0.040193
2 2 0.119727 0.146192 0.624953 0.054725 0.054404
2 2 0.149698 0.209194 0.285751 0.146638 0.208720
2 2 0.155349 0.201974 0.380006 0.117790 0.144881
2 2 0.067925 0.175199 0.522051 0.090594 0.144231
2 2 0.031203 0.080887 0.834757 0.032596 0.020558
2 2 0.035584 0.081300 0.833485 0.029639 0.019992
2 2 0.018864 0.052877 0.902427 0.015766 0.010066
2 2 0.031880 0.077501 0.843431 0.028485 0.018703
2 2 0.018256 0.046782 0.915271 0.011721 0.007969
2 2 0.014150 0.042210 0.925593 0.011042 0.007005
2 2 0.049270 0.115649 0.741261 0.051121 0.042700
2 2 0.050873 0.131455 0.695554 0.056476 0.065642
2 2 0.021609 0.051877 0.903803 0.013396 0.009316
2 2 0.019895 0.052836 0.902318 0.015055 0.009896
2 2 0.020555 0.051732 0.904455 0.013858 0.009399
2 2 0.021282 0.054001 0.899495 0.015087 0.010135
2 2 0.025405 0.060698 0.883945 0.017787 0.012164
2 2 0.019866 0.051895 0.904315 0.014372 0.009552
2 2 0.020935 0.051829 0.904134 0.013718 0.009384
2 2 0.016409 0.043735 0.921936 0.010723 0.007196
2 2 0.015018 0.042178 0.925439 0.010491 0.006874
2 2 0.021594 0.052397 0.902742 0.013762 0.009504
2 2 0.030547 0.067410 0.867561 0.020233 0.014249
2 2 0.016489 0.046657 0.916027 0.012662 0.008165
2 2 0.018142 0.048577 0.911668 0.013011 0.008601
2 2 0.016297 0.045270 0.918906 0.011808 0.007718
2 2 0.029558 0.064906 0.873427 0.018782 0.013327
2 2 0.041629 0.086148 0.820152 0.030528 0.021544
2 0 0.146489 0.159866 0.563723 0.068587 0.061335
2 2 0.165556 0.193042 0.413322 0.124478 0.103603
2 2 0.055962 0.130104 0.696244 0.063063 0.054627
2 2 0.052905 0.138679 0.669985 0.065860 0.072571
2 2 0.043489 0.117281 0.737166 0.053555 0.048509
2 2 0.033952 0.082628 0.830245 0.032216 0.020959
2 2 0.050289 0.119292 0.728477 0.057709 0.044233
2 2 0.020066 0.052746 0.902470 0.014881 0.009837
2 2 0.037489 0.090711 0.808659 0.038401 0.024740
2 2 0.032971 0.076992 0.844557 0.027209 0.018271
2 2 0.016518 0.042661 0.923991 0.009991 0.006839
2 2 0.016522 0.042758 0.923803 0.010048 0.006869
2 2 0.017785 0.045595 0.917795 0.011193 0.007632
2 2 0.023977 0.055447 0.895589 0.014665 0.010321
2 2 0.023920 0.057138 0.892061 0.015914 0.010967
2 2 0.022638 0.056824 0.893104 0.016413 0.011021
2 2 0.060112 0.111248 0.749031 0.046233 0.033376
2 2 0.132843 0.157832 0.581496 0.063219 0.064609
2 2 0.092683 0.136095 0.665936 0.058712 0.046574
2 2 0.078956 0.160189 0.591114 0.084718 0.085023
2 2 0.082017 0.164163 0.578346 0.080571 0.094902
2 2 0.065161 0.136162 0.677003 0.063634 0.058041
2 2 0.038464 0.080818 0.834058 0.027349 0.019311
2 2 0.144481 0.208420 0.329208 0.123872 0.194019
2 2 0.087312 0.136516 0.672112 0.049894 0.054167
4 0 0.224318 0.192414 0.228073 0.106008 0.249188
4 0 0.136144 0.152508 0.104222 0.069234 0.537892
4 0 0.106673 0.194548 0.176909 0.124892 0.396977
2 0 0.091297 0.142193 0.646656 0.068129 0.051725
2 0 0.162076 0.185212 0.455246 0.107370 0.090097
2 0 0.166354 0.179248 0.480207 0.092945 0.081246
2 0 0.082312 0.196659 0.351011 0.095394 0.274625
4 1 0.101186 0.188071 0.162682 0.113424 0.434637
4 1 0.080710 0.169716 0.140696 0.078175 0.530703
4 1 0.094667 0.200297 0.257544 0.105909 0.341582
2 1 0.127262 0.209499 0.287192 0.130414 0.245633
2 0 0.166354 0.205447 0.265741 0.129332 0.233127
2 0 0.135201 0.158629 0.574067 0.070926 0.061177
4 0 0.112213 0.194559 0.224018 0.082641 0.386569
4 0 0.223789 0.106941 0.052721 0.038157 0.578391
4 4 0.095072 0.179328 0.195861 0.183373 0.346366
4 4 0.088115 0.146219 0.106424 0.055120 0.604122
2 4 0.166276 0.205015 0.283534 0.117170 0.228005
4 4 0.112674 0.139314 0.092890 0.052624 0.602498
4 4 0.117717 0.124173 0.076066 0.041361 0.640684
4 4 0.082517 0.137475 0.097432 0.047163 0.635414
4 4 0.092890 0.172180 0.139955 0.084338 0.510638
4 4 0.179919 0.131159 0.076538 0.053950 0.558433
2 4 0.077816 0.186316 0.465536 0.104539 0.165793
2 4 0.065250 0.146291 0.644898 0.068516 0.075045
2 4 0.050854 0.119656 0.728359 0.055958 0.045173
2 4 0.052579 0.122567 0.717235 0.061997 0.045622
2 4 0.082008 0.178064 0.515963 0.096062 0.127903
2 4 0.111874 0.199446 0.399509 0.106319 0.182852
2 4 0.144243 0.210006 0.298569 0.152730 0.194453
2 4 0.119053 0.160851 0.572996 0.081804 0.065296
4 4 0.085073 0.199447 0.272987 0.115028 0.327464
4 4 0.082743 0.197841 0.261920 0.112635 0.344862
2 4 0.074819 0.185310 0.468545 0.104075 0.167251
2 4 0.065240 0.161980 0.585165 0.074991 0.112623
2 4 0.067885 0.154368 0.615582 0.074881 0.087284
2 4 0.072986 0.161383 0.589712 0.076603 0.099315
2 4 0.126365 0.188402 0.468775 0.078812 0.137646
4 4 0.203085 0.107040 0.053664 0.036596 0.599616
4 4 0.122768 0.147863 0.100891 0.062029 0.566448
4 4 0.079657 0.176857 0.152146 0.087391 0.503948
4 4 0.074846 0.188690 0.208781 0.104790 0.422893
4 4 0.089786 0.194092 0.205109 0.107879 0.403134
2 4 0.095361 0.198641 0.387365 0.105790 0.212843
2 4 0.091587 0.188494 0.463460 0.093654 0.162805
2 4 0.056011 0.120066 0.725351 0.056259 0.042314
2 4 0.102486 0.199051 0.396080 0.116406 0.185978
2 4 0.064054 0.128357 0.704404 0.049696 0.053489
2 1 0.127653 0.198672 0.398520 0.092511 0.182644
4 1 0.301682 0.157236 0.110410 0.103393 0.327280
4 4 0.068854 0.163299 0.136331 0.068163 0.563352
2 4 0.084860 0.197490 0.381143 0.114776 0.221731
4 4 0.109180 0.203581 0.222906 0.124798 0.339534
2 4 0.065165 0.120442 0.721082 0.054462 0.038849
2 4 0.048770 0.102936 0.774312 0.044017 0.029965
2 4 0.040022 0.090131 0.810173 0.035729 0.023945
2 4 0.077724 0.129363 0.691252 0.058243 0.043417
2 4 0.133644 0.156298 0.577936 0.070712 0.061410
2 4 0.233114 0.191680 0.293904 0.092684 0.188618
4 0 0.245921 0.165360 0.113680 0.117086 0.357953
4 0 0.211128 0.165475 0.112921 0.107476 0.403000
4 1 0.097583 0.194920 0.182308 0.120866 0.404323
2 1 0.063547 0.168322 0.554050 0.083896 0.130185
2 1 0.055089 0.144964 0.650122 0.060038 0.089788
2 1 0.051029 0.147933 0.634531 0.074360 0.092147
2 1 0.226477 0.186861 0.363504 0.112305 0.110854
2 1 0.165940 0.192459 0.415573 0.124128 0.101899
4 1 0.297414 0.128716 0.069423 0.068879 0.435568
4 1 0.085239 0.183026 0.159865 0.098515 0.473356
4 1 0.067531 0.179485 0.187915 0.089949 0.475119
4 1 0.069666 0.174219 0.164823 0.081883 0.509410
4 1 0.073306 0.189317 0.210797 0.110913 0.415667
4 1 0.086120 0.158830 0.123290 0.066891 0.564870
2 1 0.119070 0.190861 0.455741 0.080340 0.153986
4 1 0.131959 0.196417 0.171253 0.152506 0.347866
4 1 0.094383 0.191834 0.171793 0.118821 0.423169
4 1 0.094631 0.192049 0.172102 0.119410 0.421808
2 1 0.078043 0.189197 0.442336 0.096257 0.194167
2 1 0.089001 0.142331 0.646706 0.069755 0.052207
2 1 0.067078 0.158027 0.600574 0.080102 0.094219
2 1 0.070956 0.134285 0.682657 0.057838 0.054263
2 0 0.094660 0.162644 0.583313 0.073860 0.085522
2 0 0.194775 0.193972 0.303695 0.080674 0.226885
4 0 0.163294 0.156583 0.105586 0.079567 0.494970
4 0 0.065153 0.172153 0.169323 0.078375 0.514996
4 0 0.064768 0.179795 0.197364 0.090390 0.467683
4 0 0.065129 0.162134 0.140630 0.066253 0.565855
4 0 0.152530 0.204841 0.252729 0.118432 0.271468
4 0 0.081677 0.177666 0.155613 0.089313 0.495732
2 1 0.079590 0.197179 0.337835 0.103779 0.281616
2 1 0.068188 0.179613 0.494958 0.087774 0.169467
4 1 0.068399 0.192729 0.273056 0.110551 0.355265
2 1 0.073938 0.193213 0.382886 0.098430 0.251533
4 1 0.070071 0.181672 0.188888 0.094044 0.465325
2 1 0.061724 0.189484 0.379282 0.104009 0.265502
2 1 0.067599 0.173994 0.527833 0.094869 0.135704
2 1 0.049127 0.103368 0.773059 0.044274 0.030172
2 1 0.041633 0.087062 0.817857 0.031426 0.022021
2 0 0.107735 0.151205 0.611290 0.072384 0.057385
0 0 0.364433 0.164417 0.262611 0.088105 0.120434
2 0 0.196856 0.199055 0.321092 0.112069 0.170928
4 0 0.210012 0.157748 0.103173 0.092641 0.436427
2 0 0.256977 0.185769 0.315915 0.117684 0.123656
4 0 0.105684 0.200301 0.187725 0.143876 0.362413
2 1 0.083283 0.198677 0.352089 0.112690 0.253261
2 0 0.070479 0.160545 0.591741 0.079794 0.097441
2 0 0.287157 0.173526 0.347480 0.086611 0.105226
2 0 0.164690 0.191190 0.428079 0.113345 0.102695
2 0 0.085746 0.131093 0.683610 0.055984 0.043568
0 0 0.539979 0.108547 0.067392 0.069097 0.214984
2 0 0.129537 0.161021 0.496375 0.130383 0.082684
4 0 0.076959 0.165254 0.135636 0.072037 0.550114
2 0 0.095670 0.202111 0.337861 0.111526 0.252832
4 0 0.083035 0.172060 0.143304 0.081724 0.519876
4 0 0.078571 0.197680 0.283941 0.114735 0.325073
4 0 0.080326 0.161445 0.128895 0.068534 0.560799
2 0 0.117541 0.164426 0.559703 0.088970 0.069360
4 0 0.098141 0.194957 0.176416 0.128037 0.402449
2 1 0.065571 0.122021 0.716187 0.056297 0.039925
2 1 0.078469 0.140609 0.653875 0.074479 0.052568
2 1 0.144265 0.208663 0.326129 0.125771 0.195171
2 0 0.142122 0.175185 0.515509 0.081496 0.085688
2 0 0.166333 0.200881 0.358022 0.146538 0.128226
0 0 0.360910 0.164312 0.226244 0.069492 0.179043
4 1 0.109375 0.174295 0.138286 0.091710 0.486334
2 1 0.065923 0.163462 0.578708 0.078535 0.113372
2 1 0.094312 0.139785 0.653666 0.062982 0.049255
2 1 0.062499 0.111685 0.747233 0.045290 0.033294
2 1 0.078111 0.118682 0.722381 0.045055 0.035771
2 1 0.166544 0.181454 0.470577 0.097232 0.084193
2 1 0.165756 0.188722 0.438357 0.110497 0.096667
2 1 0.079592 0.132252 0.681755 0.061037 0.045365
2 1 0.075390 0.127448 0.697720 0.057112 0.042330
2 1 0.104079 0.148922 0.620315 0.070887 0.055797
2 1 0.164727 0.182054 0.468788 0.099230 0.085201
2 1 0.127826 0.176060 0.523462 0.066222 0.106429
4 1 0.121674 0.208006 0.244546 0.130252 0.295522
4 4 0.191465 0.183818 0.163214 0.106624 0.354880
2 4 0.121838 0.187727 0.471429 0.095826 0.123180
4 4 0.089553 0.142589 0.101633 0.052220 0.614003
4 4 0.067123 0.164815 0.143584 0.069538 0.554940
4 4 0.106756 0.200997 0.195886 0.135491 0.360869
4 4 0.124106 0.199052 0.196970 0.124584 0.355288
2 4 0.064648 0.173654 0.524537 0.077376 0.159785
2 4 0.074143 0.194268 0.337141 0.095426 0.299022
4 4 0.067432 0.182818 0.201078 0.096186 0.452485
2 4 0.114921 0.198740 0.405757 0.099673 0.180908
2 4 0.118419 0.172838 0.529595 0.096033 0.083115
4 4 0.113112 0.204810 0.288518 0.099602 0.293959
2 4 0.063363 0.166866 0.561050 0.077370 0.131350
2 1 0.087441 0.132116 0.492038 0.209249 0.079156
2 1 0.269587 0.179493 0.337316 0.079401 0.134203
4 1 0.099411 0.195577 0.191581 0.111407 0.402025
4 1 0.074511 0.176852 0.162161 0.086494 0.499983
2 1 0.064218 0.157743 0.602706 0.072472 0.102862
2 1 0.028624 0.075112 0.849560 0.028603 0.018100
2 1 0.026955 0.070471 0.861115 0.025290 0.016169
2 1 0.020763 0.053707 0.900257 0.015176 0.010097
2 1 0.026293 0.059707 0.885798 0.016548 0.011654
2 1 0.017361 0.046461 0.916202 0.011999 0.007977
2 1 0.023401 0.055836 0.894980 0.015243 0.010540
2 1 0.027352 0.060629 0.883451 0.016687 0.011882
2 1 0.019050 0.048042 0.912475 0.012136 0.008296
2 1 0.043694 0.082878 0.827425 0.026389 0.019615
2 2 0.020771 0.049771 0.908375 0.012405 0.008679
2 2 0.017948 0.048210 0.912474 0.012868 0.008500
2 2 0.046580 0.087043 0.816410 0.028646 0.021321
2 2 0.021210 0.054895 0.897611 0.015802 0.010482
2 2 0.022436 0.056065 0.894789 0.015954 0.010756
2 2 0.039423 0.081696 0.831669 0.027605 0.019607
2 2 0.022118 0.054923 0.897308 0.015285 0.010366
2 2 0.020715 0.054859 0.897798 0.016086 0.010541
2 2 0.025472 0.061890 0.881302 0.018695 0.012640
2 2 0.021666 0.059059 0.888353 0.018863 0.012059
2 2 0.017306 0.047426 0.914253 0.012699 0.008316
2 2 0.034302 0.074421 0.850410 0.024016 0.016851
2 2 0.021857 0.059887 0.886452 0.019435 0.012369
2 2 0.018702 0.056743 0.892540 0.020173 0.011842
2 2 0.027619 0.064333 0.875305 0.019395 0.013348
2 2 0.020871 0.057050 0.892963 0.017741 0.011374
2 2 0.017978 0.050499 0.907685 0.014524 0.009315
2 2 0.022298 0.057598 0.891502 0.017228 0.011373
2 3 0.020842 0.059521 0.887359 0.019888 0.012389
2 3 0.022072 0.055168 0.896802 0.015493 0.010465
