0 0 0.252527 0.174149 0.242752 0.115103 0.215470
0 0 0.252527 0.174149 0.242752 0.115103 0.215470
0 0 0.252527 0.174149 0.242752 0.115103 0.215470
0 0 0.252527 0.174149 0.242752 0.115103 0.215470
0 0 0.252527 0.174149 0.242752 0.115103 0.215470
0 0 0.252527 0.174149 0.242752 0.115103 0.215470
0 0 0.252527 0.174149 0.242752 0.115103 0.215470
0 0 0.252527 0.174149 0.242752 0.115103 0.215470
0 0 0.252527 0.174149 0.242752 0.115103 0.215470
0 0 0.252527 0.174149 0.242752 0.115103 0.215470
0 0 0.252527 0.174149 0.242752 0.115103 0.215470
0 0 0.252527 0.174149 0.242752 0.115103 0.215470
0 0 0.252527 0.174149 0.242752 0.115103 0.215470
0 0 0.252527 0.174149 0.242752 0.115103 0.215470
0 0 0.252527 0.174149 0.242752 0.115103 0.215470
0 0 0.252527 0.174149 0.242752 0.115103 0.215470
0 0 0.252527 0.174149 0.242752 0.115103 0.215470
0 1 0.252527 0.174149 0.242752 0.115103 0.215470
4 1 0.066582 0.046212 0.043685 0.158413 0.685107
4 1 0.065648 0.045566 0.042953 0.158068 0.687765
4 1 0.088939 0.061668 0.061892 0.164024 0.623477
4 1 0.078652 0.054559 0.053351 0.162027 0.651410
4 4 0.096924 0.067184 0.068709 0.164989 0.602194
4 4 0.055711 0.038690 0.035322 0.153708 0.716569
4 4 0.106017 0.073463 0.076671 0.165535 0.578314
4 4 0.080338 0.055725 0.054732 0.162418 0.646787
4 4 0.147375 0.102000 0.115636 0.161868 0.473121
4 4 0.048991 0.034036 0.030326 0.149938 0.736709
4 4 0.095012 0.105999 0.119832 0.173210 0.505947
4 4 0.172990 0.119613 0.142177 0.155311 0.409909
4 4 0.052097 0.036187 0.032618 0.151773 0.727324
4 4 0.053390 0.037082 0.033581 0.152489 0.723459
4 4 0.073458 0.050968 0.049143 0.160655 0.665776
4 4 0.041493 0.028842 0.024919 0.144750 0.759995
4 4 0.036678 0.025504 0.021547 0.140745 0.775525
4 4 0.058426 0.040569 0.037379 0.155032 0.708594
4 4 0.049435 0.034344 0.030652 0.150211 0.735358
4 4 0.095125 0.065942 0.067159 0.164813 0.606961
4 4 0.096920 0.067182 0.068706 0.164989 0.602204
4 4 0.092910 0.064412 0.065262 0.164564 0.612852
4 4 0.064131 0.044517 0.041770 0.157485 0.692096
4 4 0.124342 0.086106 0.093360 0.165061 0.531130
4 4 0.085212 0.059094 0.058766 0.163405 0.633523
4 4 0.115198 0.079798 0.084923 0.165546 0.554535
4 4 0.094223 0.065319 0.066385 0.164716 0.609357
4 4 0.089268 0.119243 0.138599 0.174367 0.478523
4 4 0.155743 0.166908 0.218410 0.146529 0.312410
2 4 0.082316 0.248864 0.382123 0.115211 0.171485
0 4 0.252527 0.174149 0.242752 0.115103 0.215470
0 0 0.252527 0.174149 0.242752 0.115103 0.215470
0 0 0.252527 0.174149 0.242752 0.115103 0.215470
0 0 0.252527 0.174149 0.242752 0.115103 0.215470
0 0 0.252527 0.174149 0.242752 0.115103 0.215470
0 0 0.252527 0.174149 0.242752 0.115103 0.215470
0 0 0.252527 0.174149 0.242752 0.115103 0.215470
0 0 0.252527 0.174149 0.242752 0.115103 0.215470
0 0 0.252527 0.174149 0.242752 0.115103 0.215470
0 0 0.252527 0.174149 0.242752 0.115103 0.215470
0 0 0.249096 0.171806 0.237533 0.117565 0.224000
4 0 0.139414 0.096496 0.107753 0.163275 0.493062
4 0 0.239143 0.165003 0.223031 0.124256 0.248566
0 0 0.252527 0.174149 0.242752 0.115103 0.215470
4 0 0.190498 0.131649 0.161608 0.149113 0.367133
4 1 0.204206 0.141062 0.177671 0.143288 0.333774
4 1 0.204237 0.141083 0.177708 0.143274 0.333699
4 1 0.228464 0.157694 0.208361 0.130762 0.274720
0 1 0.248296 0.171259 0.236333 0.118128 0.225984
4 1 0.131648 0.145198 0.180096 0.160099 0.382958
4 1 0.177499 0.179604 0.243943 0.134369 0.264585
2 1 0.064115 0.259378 0.406165 0.111669 0.158672
2 1 0.088291 0.215115 0.303780 0.140880 0.251934
2 1 0.041606 0.292386 0.543946 0.061885 0.060178
2 1 0.091859 0.240169 0.361831 0.119874 0.186267
2 1 0.059784 0.272184 0.445991 0.097113 0.124928
2 1 0.026219 0.196882 0.684428 0.058925 0.033546
2 1 0.017349 0.161297 0.748311 0.051064 0.021978
2 1 0.027659 0.208261 0.668760 0.059274 0.036046
2 2 0.026564 0.250930 0.629771 0.053980 0.038755
2 2 0.025605 0.175012 0.707831 0.060631 0.030921
2 2 0.020190 0.197341 0.703345 0.051648 0.027476
2 2 0.016638 0.143932 0.767658 0.051712 0.020060
2 2 0.020477 0.169356 0.729817 0.054754 0.025596
2 2 0.009030 0.098622 0.840535 0.041407 0.010407
2 2 0.005099 0.037086 0.907288 0.045815 0.004711
2 2 0.023726 0.205996 0.683276 0.055169 0.031834
2 2 0.011041 0.118747 0.812944 0.043959 0.013309
2 2 0.018017 0.065265 0.803197 0.095313 0.018209
2 3 0.019379 0.045012 0.751695 0.164718 0.019196
2 3 0.016510 0.064401 0.797819 0.103549 0.017720
2 3 0.038934 0.153551 0.657424 0.103561 0.046531
2 3 0.022249 0.035006 0.579744 0.335956 0.027046
2 3 0.024535 0.042207 0.626613 0.279281 0.027364
3 3 0.008671 0.011189 0.191278 0.761083 0.027779
3 3 0.015241 0.018250 0.181247 0.728879 0.056383
3 3 0.006667 0.009153 0.145844 0.811860 0.026476
3 3 0.020712 0.024013 0.196974 0.689097 0.069203
3 3 0.003040 0.004530 0.081969 0.889850 0.020611
3 3 0.001268 0.002252 0.041175 0.943392 0.011913
3 3 0.003944 0.005849 0.062385 0.892307 0.035515
3 3 0.003099 0.004766 0.060878 0.903364 0.027893
3 3 0.001251 0.002186 0.032750 0.949208 0.014605
3 3 0.001833 0.003064 0.034980 0.937558 0.022565
3 3 0.002172 0.003464 0.047093 0.923677 0.023594
3 3 0.001192 0.002148 0.028841 0.952121 0.015697
3 3 0.000896 0.001685 0.026258 0.959646 0.011516
3 3 0.001403 0.002425 0.034032 0.945573 0.016567
3 3 0.001286 0.002255 0.028293 0.950222 0.017944
3 3 0.001080 0.001957 0.022994 0.957610 0.016359
3 3 0.000462 0.000975 0.013167 0.976471 0.008925
3 3 0.000744 0.001422 0.021206 0.964703 0.011925
3 3 0.000699 0.001347 0.018971 0.966983 0.011999
3 3 0.001444 0.002519 0.033539 0.944474 0.018024
3 3 0.000849 0.001592 0.022447 0.962701 0.012411
3 3 0.001087 0.001967 0.021088 0.957643 0.018216
3 3 0.000505 0.001028 0.014312 0.974397 0.009758
3 3 0.001095 0.001983 0.023915 0.956191 0.016817
3 3 0.000877 0.001641 0.016623 0.963887 0.016972
3 3 0.000395 0.000832 0.010788 0.978481 0.009504
3 3 0.000678 0.001321 0.017282 0.968908 0.011811
3 3 0.000406 0.000856 0.014350 0.977092 0.007296
3 3 0.000823 0.001569 0.018690 0.965104 0.013813
3 3 0.000612 0.001196 0.014503 0.970792 0.012898
3 3 0.000599 0.001193 0.016312 0.971070 0.010825
3 3 0.000386 0.000811 0.011435 0.978850 0.008518
3 3 0.000521 0.001069 0.014113 0.974427 0.009870
3 3 0.000677 0.001300 0.015811 0.968838 0.013374
3 3 0.000477 0.000991 0.013549 0.976133 0.008849
3 3 0.000513 0.001047 0.013778 0.974952 0.009710
3 3 0.000381 0.000806 0.011067 0.979112 0.008633
3 3 0.000433 0.000893 0.012077 0.977150 0.009447
3 3 0.000537 0.001076 0.016340 0.972231 0.009815
3 3 0.000680 0.001327 0.018776 0.968320 0.010896
3 3 0.000392 0.000824 0.011746 0.978393 0.008646
3 3 0.000383 0.000813 0.011427 0.979118 0.008259
3 3 0.000582 0.001159 0.015812 0.972056 0.010391
3 3 0.000622 0.001231 0.016249 0.971019 0.010879
3 3 0.000518 0.001045 0.013342 0.974389 0.010706
3 3 0.000443 0.000922 0.011776 0.977333 0.009525
3 3 0.000357 0.000773 0.008911 0.980898 0.009061
3 3 0.000581 0.001159 0.014916 0.972178 0.011165
3 3 0.000510 0.001040 0.011533 0.975439 0.011478
3 3 0.000668 0.001293 0.017564 0.969243 0.011232
3 3 0.000357 0.000772 0.010502 0.980771 0.007598
3 3 0.000275 0.000621 0.008746 0.983878 0.006480
3 3 0.000291 0.000649 0.008569 0.983006 0.007485
3 3 0.000341 0.000735 0.010194 0.980959 0.007771
3 3 0.000424 0.000893 0.010567 0.978217 0.009899
3 3 0.000403 0.000852 0.010974 0.978684 0.009086
3 3 0.000429 0.000905 0.013238 0.977759 0.007669
3 3 0.000400 0.000862 0.011501 0.978999 0.008238
3 3 0.000346 0.000759 0.009200 0.981360 0.008335
3 3 0.000304 0.000672 0.008349 0.982607 0.008068
3 3 0.000346 0.000756 0.009651 0.981322 0.007926
3 3 0.000495 0.001030 0.011860 0.976148 0.010467
3 3 0.000455 0.000941 0.012435 0.976658 0.009511
3 3 0.000357 0.000763 0.010162 0.980179 0.008540
3 3 0.000343 0.000751 0.009065 0.981457 0.008383
3 3 0.000485 0.000993 0.013021 0.975700 0.009800
3 3 0.000535 0.001084 0.013322 0.974469 0.010590
3 3 0.000286 0.000637 0.008706 0.983163 0.007208
3 3 0.000676 0.001309 0.016725 0.968725 0.012565
3 3 0.000612 0.001198 0.014639 0.970848 0.012703
3 3 0.000437 0.000923 0.011457 0.978374 0.008809
3 3 0.000514 0.001038 0.012352 0.974441 0.011655
3 3 0.000299 0.000676 0.008507 0.983143 0.007376
3 3 0.001368 0.002385 0.025583 0.949848 0.020815
3 3 0.010463 0.014153 0.181414 0.763981 0.029989
2 3 0.031243 0.096957 0.644611 0.187200 0.039988
2 3 0.049138 0.077584 0.395037 0.385249 0.092991
2 3 0.025025 0.054289 0.732606 0.163569 0.024511
2 3 0.024444 0.094748 0.712397 0.137929 0.030482
2 3 0.038564 0.265215 0.579956 0.062758 0.053506
2 2 0.025010 0.069237 0.771585 0.110125 0.024043
2 2 0.083487 0.218792 0.310860 0.140008 0.246853
2 2 0.054629 0.266987 0.493971 0.087383 0.097030
2 2 0.033640 0.185544 0.665518 0.073001 0.042298
2 4 0.049316 0.239601 0.351645 0.136674 0.222764
2 4 0.050361 0.281959 0.480327 0.085961 0.101393
4 4 0.072742 0.078433 0.082512 0.173650 0.592663
2 4 0.057158 0.269604 0.435634 0.102190 0.135413
2 4 0.059817 0.220374 0.310955 0.147015 0.261839
2 4 0.049401 0.285127 0.495894 0.079707 0.089870
2 4 0.029621 0.210645 0.660460 0.061026 0.038248
2 4 0.060689 0.261226 0.410475 0.111081 0.156529
2 4 0.052689 0.276691 0.465425 0.092193 0.113001
2 2 0.050108 0.265791 0.463116 0.099504 0.121482
2 2 0.028970 0.157172 0.706850 0.071509 0.035498
4 2 0.080045 0.197758 0.268183 0.153845 0.300170
2 2 0.044984 0.282039 0.476627 0.089324 0.107027
2 2 0.041996 0.233483 0.565934 0.084878 0.073708
2 2 0.032512 0.191201 0.644305 0.080114 0.051868
2 2 0.052259 0.273722 0.447752 0.098867 0.127399
2 2 0.019897 0.135616 0.764487 0.057704 0.022296
2 2 0.016540 0.108769 0.792595 0.063316 0.018780
2 2 0.021276 0.139044 0.756617 0.059290 0.023774
2 2 0.015014 0.109283 0.806724 0.052870 0.016109
2 2 0.053840 0.251972 0.552241 0.074266 0.067681
2 2 0.088542 0.268946 0.450784 0.085898 0.105831
2 2 0.119768 0.250921 0.401590 0.096158 0.131562
2 2 0.161215 0.226514 0.344959 0.105597 0.161715
2 2 0.060630 0.283906 0.502171 0.073331 0.079962
2 2 0.064669 0.281869 0.494142 0.075411 0.083910
2 2 0.014185 0.130399 0.789600 0.048933 0.016884
2 2 0.008478 0.089523 0.851563 0.040985 0.009452
2 2 0.065318 0.281536 0.492874 0.075735 0.084537
2 2 0.032378 0.202142 0.660732 0.064680 0.040068
2 2 0.019381 0.177756 0.725276 0.052408 0.025179
2 2 0.171660 0.220381 0.331875 0.107387 0.168696
0 2 0.252527 0.174149 0.242752 0.115103 0.215470
2 2 0.075939 0.275919 0.472889 0.080712 0.094541
2 2 0.037425 0.293866 0.554293 0.058903 0.055513
2 2 0.033356 0.251391 0.608814 0.060133 0.046306
2 2 0.048023 0.289789 0.528997 0.066095 0.067095
2 2 0.026527 0.265473 0.615385 0.052637 0.039978
2 2 0.116033 0.253109 0.407130 0.095095 0.128634
2 2 0.034500 0.294773 0.561872 0.056688 0.052167
2 2 0.034950 0.285480 0.569921 0.057942 0.051707
2 2 0.023777 0.247660 0.641844 0.051409 0.035310
2 2 0.010116 0.085531 0.848228 0.045567 0.010558
2 2 0.010924 0.100345 0.830950 0.045658 0.012123
2 2 0.004752 0.041761 0.905839 0.042922 0.004726
2 2 0.013384 0.113840 0.808466 0.049236 0.015073
2 2 0.016754 0.134141 0.776697 0.052963 0.019445
2 2 0.011147 0.085538 0.841325 0.050290 0.011700
2 2 0.022148 0.141115 0.751775 0.060256 0.024706
2 2 0.010291 0.075742 0.848382 0.054576 0.011009
2 2 0.020059 0.116708 0.775755 0.065577 0.021902
2 2 0.122851 0.249112 0.397080 0.097006 0.133951
2 2 0.038531 0.226293 0.619129 0.067201 0.048846
2 2 0.063418 0.282506 0.496603 0.074777 0.082695
2 2 0.099340 0.262798 0.432975 0.089822 0.115065
2 2 0.019862 0.160378 0.740617 0.054843 0.024299
2 2 0.016177 0.170823 0.743158 0.048366 0.021476
2 2 0.009399 0.083599 0.852390 0.044653 0.009959
2 2 0.016372 0.098089 0.809809 0.059044 0.016686
2 2 0.017494 0.145819 0.762831 0.052873 0.020983
2 2 0.010158 0.065491 0.853385 0.060334 0.010632
2 2 0.009928 0.094293 0.840782 0.044065 0.010931
2 2 0.010387 0.114415 0.819757 0.042971 0.012470
2 2 0.023650 0.117676 0.765179 0.069027 0.024468
2 2 0.013228 0.115777 0.807213 0.048714 0.015068
2 2 0.025409 0.250547 0.633775 0.052857 0.037412
2 2 0.006834 0.044070 0.882408 0.059706 0.006982
2 2 0.013711 0.144737 0.777530 0.046658 0.017364
2 2 0.024790 0.172836 0.712505 0.059907 0.029962
2 2 0.016362 0.175692 0.737743 0.048215 0.021988
2 2 0.027357 0.166253 0.711011 0.063713 0.031665
2 2 0.235820 0.183468 0.259606 0.114298 0.206807
2 2 0.038495 0.246665 0.598810 0.064784 0.051246
2 2 0.012937 0.112058 0.811872 0.048561 0.014572
2 2 0.072114 0.277976 0.479928 0.078989 0.090993
2 2 0.136158 0.241280 0.378204 0.100378 0.143980
2 2 0.128006 0.246082 0.389656 0.098367 0.137889
2 2 0.039567 0.293132 0.548925 0.060456 0.057919
2 2 0.073148 0.277423 0.478010 0.079462 0.091957
2 2 0.020240 0.177754 0.722395 0.053582 0.026029
2 2 0.024817 0.204565 0.681227 0.056560 0.032831
2 2 0.016980 0.202859 0.708921 0.046812 0.024428
2 2 0.038482 0.293510 0.551624 0.059677 0.056706
2 2 0.045298 0.290934 0.535221 0.064357 0.064191
2 2 0.032018 0.222087 0.641984 0.062078 0.041833
2 2 0.038388 0.293543 0.551860 0.059609 0.056600
2 2 0.113226 0.254749 0.411348 0.094269 0.126408
2 2 0.042350 0.292104 0.542158 0.062394 0.060994
2 2 0.026918 0.296446 0.583180 0.050335 0.043120
2 2 0.014430 0.169657 0.750631 0.045668 0.019615
2 2 0.015359 0.132962 0.782824 0.050740 0.018117
2 2 0.014598 0.139218 0.779571 0.048765 0.017848
2 2 0.016414 0.175522 0.737726 0.048309 0.022029
2 2 0.028959 0.296112 0.577172 0.052143 0.045614
2 2 0.008562 0.057353 0.873705 0.052084 0.008296
2 2 0.025414 0.202686 0.681207 0.057422 0.033270
0 2 0.252527 0.174149 0.242752 0.115103 0.215470
2 2 0.033560 0.295038 0.564376 0.055950 0.051076
2 2 0.040626 0.282961 0.556235 0.062267 0.057910
0 2 0.252527 0.174149 0.242752 0.115103 0.215470
0 0 0.252527 0.174149 0.242752 0.115103 0.215470
0 0 0.252527 0.174149 0.242752 0.115103 0.215470
2 0 0.223897 0.190203 0.272093 0.113492 0.200315
2 0 0.131329 0.244126 0.384947 0.099207 0.140392
2 1 0.057510 0.285437 0.508545 0.071651 0.076858
2 1 0.030966 0.295693 0.571473 0.053846 0.048022
2 2 0.027697 0.296331 0.580860 0.051035 0.044077
2 2 0.032170 0.295420 0.565416 0.055981 0.051013
2 2 0.031964 0.237124 0.627163 0.060414 0.043335
2 2 0.050484 0.275412 0.453057 0.097278 0.123770
2 2 0.041067 0.286869 0.497111 0.082008 0.092944
2 2 0.040897 0.290203 0.548142 0.061659 0.059099
2 2 0.038091 0.293644 0.552608 0.059392 0.056265
2 2 0.016134 0.128036 0.784768 0.052614 0.018447
2 2 0.010275 0.101476 0.832544 0.044064 0.011640
2 2 0.022754 0.282570 0.610395 0.047472 0.036808
2 2 0.015414 0.122199 0.792954 0.052036 0.017397
2 2 0.045855 0.290705 0.533934 0.064718 0.064788
0 2 0.252527 0.174149 0.242752 0.115103 0.215470
0 0 0.252527 0.174149 0.242752 0.115103 0.215470
2 0 0.236950 0.182834 0.258443 0.114365 0.207409
2 1 0.038476 0.293513 0.551641 0.059672 0.056698
2 1 0.037916 0.292961 0.538864 0.065287 0.064972
2 2 0.036674 0.289490 0.560873 0.058814 0.054148
2 2 0.153861 0.230843 0.354432 0.104206 0.156658
0 2 0.252527 0.174149 0.242752 0.115103 0.215470
0 2 0.252527 0.174149 0.242752 0.115103 0.215470
2 2 0.178132 0.216593 0.323974 0.108393 0.172907
4 2 0.167785 0.180963 0.245453 0.136488 0.269310
2 2 0.037405 0.289774 0.510347 0.077633 0.084841
2 2 0.033380 0.294834 0.552180 0.061166 0.058439
2 2 0.151466 0.232254 0.357565 0.103729 0.154985
2 2 0.051970 0.288041 0.520275 0.068495 0.071219
2 2 0.162138 0.225971 0.343785 0.105764 0.162342
2 2 0.238360 0.182043 0.256996 0.114445 0.208156
0 0 0.252527 0.174149 0.242752 0.115103 0.215470
0 0 0.252527 0.174149 0.242752 0.115103 0.215470
2 0 0.092938 0.266458 0.443419 0.087549 0.109637
2 0 0.226061 0.188976 0.269798 0.113653 0.201513
2 1 0.063435 0.282497 0.496569 0.074786 0.082712
2 1 0.052405 0.287843 0.519334 0.068751 0.071668
2 1 0.046974 0.290237 0.531374 0.065434 0.065982
2 2 0.044833 0.291123 0.536299 0.064053 0.063691
2 2 0.180991 0.214924 0.320533 0.108813 0.174740
2 2 0.051215 0.288383 0.521918 0.068046 0.070438
2 2 0.023643 0.296746 0.593339 0.047256 0.039016
2 2 0.030522 0.295793 0.572717 0.053475 0.047493
2 2 0.038539 0.293491 0.551483 0.059718 0.056769
2 2 0.100826 0.261943 0.430597 0.090328 0.116307
0 2 0.252527 0.174149 0.242752 0.115103 0.215470
0 0 0.252527 0.174149 0.242752 0.115103 0.215470
0 0 0.252527 0.174149 0.242752 0.115103 0.215470
2 0 0.180307 0.215323 0.321353 0.108714 0.174303
0 0 0.252527 0.174149 0.242752 0.115103 0.215470
0 0 0.252527 0.174149 0.242752 0.115103 0.215470
0 0 0.252527 0.174149 0.242752 0.115103 0.215470
0 0 0.252527 0.174149 0.242752 0.115103 0.215470
0 0 0.252527 0.174149 0.242752 0.115103 0.215470
0 0 0.252527 0.174149 0.242752 0.115103 0.215470
0 0 0.252527 0.174149 0.242752 0.115103 0.215470
2 1 0.043242 0.291758 0.540035 0.062998 0.061968
2 2 0.040349 0.292851 0.547001 0.061010 0.058789
2 2 0.025750 0.275962 0.607357 0.050982 0.039950
2 2 0.040432 0.292821 0.546798 0.061068 0.058881
2 2 0.067439 0.280439 0.488769 0.076779 0.086574
2 2 0.025311 0.237561 0.646998 0.053931 0.036199
2 2 0.047067 0.268547 0.553186 0.068098 0.063101
2 2 0.013652 0.126591 0.795251 0.048353 0.016153
2 2 0.038329 0.282611 0.563077 0.060713 0.055269
2 2 0.022131 0.183130 0.710908 0.055512 0.028319
2 2 0.016376 0.107480 0.800974 0.057692 0.017478
2 2 0.018569 0.127756 0.775347 0.057595 0.020733
2 2 0.027902 0.226295 0.650142 0.057670 0.037990
2 2 0.019841 0.153713 0.747169 0.055533 0.023745
2 2 0.021865 0.224850 0.670666 0.051253 0.031366
2 2 0.091034 0.267538 0.446589 0.086843 0.107996
2 2 0.061345 0.283550 0.500731 0.073707 0.080667
2 2 0.050570 0.288673 0.523333 0.067658 0.069766
2 2 0.206251 0.200285 0.291321 0.111919 0.190225
2 2 0.108252 0.257646 0.418945 0.092747 0.122410
2 2 0.032161 0.245785 0.617935 0.059686 0.044434
2 2 0.034252 0.233706 0.623888 0.062792 0.045362
2 2 0.085268 0.270782 0.456379 0.084618 0.102954
0 2 0.252527 0.174149 0.242752 0.115103 0.215470
2 2 0.189428 0.210011 0.310542 0.109969 0.180051
2 2 0.104543 0.259797 0.424715 0.091562 0.119383
0 2 0.252527 0.174149 0.242752 0.115103 0.215470
0 0 0.248103 0.171128 0.236045 0.118262 0.226462
0 0 0.252527 0.174149 0.242752 0.115103 0.215470
0 0 0.252527 0.174149 0.242752 0.115103 0.215470
0 0 0.252527 0.174149 0.242752 0.115103 0.215470
2 2 0.057066 0.274503 0.453208 0.095038 0.120186
4 2 0.090646 0.158436 0.199408 0.166979 0.384532
2 2 0.054013 0.273861 0.449152 0.097712 0.125261
2 2 0.065847 0.240641 0.357183 0.129504 0.206825
2 2 0.055158 0.247578 0.371969 0.127502 0.197793
4 2 0.072288 0.185613 0.245021 0.162088 0.334990
4 2 0.085150 0.178683 0.233632 0.161291 0.341243
4 2 0.097034 0.155415 0.194796 0.166171 0.386585
4 2 0.133430 0.092373 0.101966 0.164125 0.508106
4 4 0.071843 0.049851 0.047850 0.160174 0.670282
4 4 0.098777 0.068464 0.070315 0.165146 0.597298
4 4 0.077743 0.087678 0.094574 0.174873 0.565131
4 4 0.066826 0.046381 0.043876 0.158502 0.684414
4 4 0.147120 0.101806 0.115354 0.161918 0.473803
4 4 0.088717 0.061515 0.061704 0.163990 0.624074
4 4 0.096979 0.067223 0.068757 0.164994 0.602047
4 4 0.128820 0.089194 0.097573 0.164655 0.519758
4 4 0.230233 0.158905 0.210735 0.129729 0.270399
4 4 0.215587 0.148870 0.191669 0.137778 0.306097
4 4 0.217541 0.150209 0.194139 0.136768 0.301343
4 4 0.084209 0.064524 0.065302 0.166240 0.619725
4 4 0.079878 0.131190 0.155988 0.175545 0.457399
4 4 0.059490 0.041305 0.038191 0.155522 0.705493
4 4 0.078597 0.147509 0.181139 0.173013 0.419741
4 4 0.066628 0.185208 0.243866 0.163959 0.340340
4 4 0.087107 0.104825 0.117996 0.174920 0.515153
4 4 0.118553 0.119917 0.140549 0.167561 0.453420
0 1 0.252527 0.174149 0.242752 0.115103 0.215470
0 1 0.252527 0.174149 0.242752 0.115103 0.215470
2 1 0.247155 0.177130 0.248091 0.114885 0.212739
0 1 0.252527 0.174149 0.242752 0.115103 0.215470
0 0 0.252527 0.174149 0.242752 0.115103 0.215470
0 0 0.252527 0.174149 0.242752 0.115103 0.215470
0 0 0.252527 0.174149 0.242752 0.115103 0.215470
2 0 0.161000 0.223741 0.337652 0.108356 0.169251
0 0 0.252527 0.174149 0.242752 0.115103 0.215470
0 0 0.252527 0.174149 0.242752 0.115103 0.215470
0 0 0.252527 0.174149 0.242752 0.115103 0.215470
0 0 0.252527 0.174149 0.242752 0.115103 0.215470
0 0 0.252527 0.174149 0.242752 0.115103 0.215470
2 1 0.121734 0.249768 0.398709 0.096702 0.133088
2 1 0.190205 0.209559 0.309633 0.110069 0.180534
2 1 0.133975 0.215815 0.312669 0.124917 0.212623
0 0 0.252527 0.174149 0.242752 0.115103 0.215470
2 1 0.037657 0.293789 0.553704 0.059074 0.055775
2 1 0.088485 0.268977 0.450879 0.085876 0.105782
0 1 0.252527 0.174149 0.242752 0.115103 0.215470
0 1 0.252527 0.174149 0.242752 0.115103 0.215470
2 1 0.079892 0.273762 0.465786 0.082416 0.098145
2 1 0.098023 0.248584 0.386163 0.108846 0.158385
2 1 0.097688 0.263746 0.435640 0.089249 0.113677
2 1 0.160060 0.227193 0.346432 0.105386 0.160928
2 1 0.059276 0.284575 0.504917 0.072610 0.078621
2 1 0.099630 0.262631 0.432509 0.089921 0.115308
2 1 0.067626 0.280342 0.488410 0.076870 0.086752
2 1 0.028916 0.296120 0.577297 0.052105 0.045561
2 2 0.048485 0.289590 0.527960 0.066383 0.067582
2 2 0.036802 0.294069 0.555881 0.058441 0.054807
2 2 0.127119 0.246604 0.390924 0.098138 0.137216
2 2 0.067084 0.280624 0.489452 0.076606 0.086234
2 2 0.032398 0.295346 0.567521 0.055020 0.049715
2 2 0.085326 0.270749 0.456278 0.084641 0.103005
2 2 0.017568 0.204502 0.705242 0.047504 0.025183
2 2 0.013741 0.134327 0.787474 0.047723 0.016735
2 2 0.172460 0.219913 0.330890 0.107516 0.169221
0 2 0.252527 0.174149 0.242752 0.115103 0.215470
0 2 0.252527 0.174149 0.242752 0.115103 0.215470
0 2 0.252527 0.174149 0.242752 0.115103 0.215470
0 1 0.252527 0.174149 0.242752 0.115103 0.215470
0 0 0.252527 0.174149 0.242752 0.115103 0.215470
0 0 0.252527 0.174149 0.242752 0.115103 0.215470
0 0 0.252527 0.174149 0.242752 0.115103 0.215470
2 1 0.028574 0.296183 0.578291 0.051807 0.045146
0 1 0.252527 0.174149 0.242752 0.115103 0.215470
2 1 0.039807 0.293047 0.548332 0.060627 0.058187
0 1 0.252527 0.174149 0.242752 0.115103 0.215470
0 0 0.252527 0.174149 0.242752 0.115103 0.215470
0 0 0.252527 0.174149 0.242752 0.115103 0.215470
0 0 0.252527 0.174149 0.242752 0.115103 0.215470
4 0 0.228507 0.157723 0.208418 0.130737 0.274615
2 1 0.036648 0.292949 0.535110 0.067319 0.067974
2 2 0.047270 0.290111 0.530700 0.065622 0.066297
2 2 0.148789 0.233832 0.361098 0.103181 0.153100
2 2 0.043098 0.291814 0.540377 0.062901 0.061810
2 2 0.072180 0.222578 0.509717 0.098560 0.096964
2 2 0.035119 0.294591 0.560243 0.057166 0.052881
0 2 0.252527 0.174149 0.242752 0.115103 0.215470
0 2 0.252527 0.174149 0.242752 0.115103 0.215470
0 2 0.252527 0.174149 0.242752 0.115103 0.215470
0 1 0.252527 0.174149 0.242752 0.115103 0.215470
0 0 0.252527 0.174149 0.242752 0.115103 0.215470
2 0 0.113041 0.254857 0.411627 0.094214 0.126261
2 1 0.031081 0.295667 0.571151 0.053942 0.048159
2 1 0.053304 0.284667 0.497563 0.077699 0.086766
2 1 0.075117 0.274120 0.463560 0.084878 0.102325
2 1 0.161878 0.226124 0.344115 0.105717 0.162165
2 2 0.036705 0.294100 0.556130 0.058369 0.054696
2 2 0.047461 0.290030 0.530267 0.065742 0.066500
2 2 0.013887 0.113036 0.807336 0.050297 0.015445
2 2 0.057289 0.285544 0.509002 0.071530 0.076636
2 2 0.243556 0.179136 0.251711 0.114717 0.210881
0 1 0.252527 0.174149 0.242752 0.115103 0.215470
0 1 0.252527 0.174149 0.242752 0.115103 0.215470
2 2 0.033428 0.295074 0.564732 0.055845 0.050921
2 2 0.019786 0.131012 0.769287 0.058105 0.021809
2 2 0.015650 0.142677 0.772398 0.050216 0.019059
2 2 0.025695 0.199268 0.683702 0.058090 0.033245
2 2 0.013735 0.105714 0.814863 0.050883 0.014805
2 2 0.021431 0.232452 0.664570 0.050087 0.031460
2 2 0.013766 0.162926 0.759658 0.045123 0.018527
2 2 0.010964 0.103272 0.828014 0.045416 0.012334
2 2 0.021111 0.170867 0.726245 0.055452 0.026325
2 2 0.037920 0.253417 0.593650 0.063580 0.051433
2 2 0.013078 0.165527 0.759722 0.043706 0.017967
2 2 0.023793 0.133635 0.753720 0.063476 0.025375
2 2 0.019821 0.133244 0.767023 0.057881 0.022030
2 2 0.019846 0.201987 0.699926 0.050781 0.027460
2 2 0.022448 0.167135 0.725265 0.057816 0.027336
2 2 0.028829 0.296137 0.577550 0.052030 0.045456
2 2 0.068875 0.279689 0.486024 0.077471 0.087941
2 2 0.137768 0.240331 0.375981 0.100756 0.145163
0 2 0.252527 0.174149 0.242752 0.115103 0.215470
0 0 0.252527 0.174149 0.242752 0.115103 0.215470
0 0 0.252527 0.174149 0.242752 0.115103 0.215470
0 0 0.252527 0.174149 0.242752 0.115103 0.215470
0 0 0.252527 0.174149 0.242752 0.115103 0.215470
2 0 0.052197 0.287937 0.519783 0.068629 0.071453
2 1 0.186716 0.211587 0.313726 0.109611 0.178360
2 2 0.030579 0.295780 0.572556 0.053523 0.047561
2 2 0.116466 0.252855 0.406482 0.095220 0.128976
0 2 0.252527 0.174149 0.242752 0.115103 0.215470
2 2 0.242111 0.179943 0.253174 0.114645 0.210128
0 1 0.252527 0.174149 0.242752 0.115103 0.215470
2 1 0.234532 0.184193 0.260936 0.114221 0.206118
0 1 0.252527 0.174149 0.242752 0.115103 0.215470
0 1 0.252527 0.174149 0.242752 0.115103 0.215470
0 0 0.252527 0.174149 0.242752 0.115103 0.215470
0 0 0.252527 0.174149 0.242752 0.115103 0.215470
0 0 0.252527 0.174149 0.242752 0.115103 0.215470
0 0 0.252527 0.174149 0.242752 0.115103 0.215470
0 0 0.252527 0.174149 0.242752 0.115103 0.215470
4 2 0.231402 0.159706 0.212315 0.129037 0.267541
4 2 0.080136 0.087119 0.093879 0.174252 0.564613
4 2 0.045453 0.031586 0.027752 0.147633 0.747576
4 4 0.046970 0.032636 0.028850 0.148651 0.742893
4 4 0.054489 0.042680 0.039681 0.157658 0.705491
4 4 0.070375 0.048836 0.046680 0.159713 0.674396
4 4 0.025693 0.017884 0.014188 0.128875 0.813360
4 4 0.039255 0.027291 0.023342 0.142962 0.767150
4 4 0.184816 0.127744 0.155177 0.151276 0.380987
4 4 0.071306 0.049480 0.047422 0.160009 0.671783
4 4 0.067948 0.047157 0.044759 0.158900 0.681235
4 4 0.043143 0.029985 0.026093 0.145993 0.754786
4 4 0.096629 0.066981 0.068454 0.164962 0.602974
4 4 0.031191 0.021699 0.017810 0.135371 0.793929
4 4 0.041125 0.028587 0.024659 0.144465 0.761165
4 4 0.049803 0.034599 0.030922 0.150434 0.734242
4 4 0.038064 0.026465 0.022509 0.141959 0.771002
4 4 0.032228 0.022419 0.018507 0.136462 0.790383
4 4 0.050572 0.035131 0.031489 0.150893 0.731914
4 4 0.113827 0.078853 0.083677 0.165577 0.558066
4 4 0.061100 0.042419 0.039425 0.156235 0.700821
4 4 0.105339 0.072994 0.076069 0.165514 0.580084
4 4 0.080830 0.056065 0.055137 0.162527 0.645441
4 4 0.036843 0.025619 0.021662 0.140893 0.774983
4 4 0.041830 0.029076 0.025158 0.145009 0.758927
4 4 0.080812 0.123950 0.145232 0.176060 0.473947
2 4 0.065184 0.229149 0.330561 0.138965 0.236141
4 4 0.078920 0.094414 0.103563 0.175757 0.547346
4 4 0.227144 0.156790 0.206604 0.131521 0.277941
4 4 0.089404 0.088864 0.096346 0.172636 0.552751
4 4 0.087371 0.152232 0.189108 0.169575 0.401713
4 4 0.063188 0.043864 0.041038 0.157108 0.694803
4 4 0.102311 0.148037 0.183114 0.166774 0.399764
4 4 0.111831 0.177495 0.233626 0.154196 0.322852
2 4 0.216379 0.194482 0.280174 0.112878 0.196087
2 4 0.055177 0.261961 0.410816 0.112732 0.159315
2 4 0.071731 0.225700 0.323995 0.139182 0.239392
2 4 0.080302 0.240197 0.359187 0.124343 0.195971
2 4 0.063347 0.267708 0.431977 0.101656 0.135312
2 2 0.065386 0.254481 0.392637 0.116497 0.170999
2 2 0.069320 0.261690 0.414981 0.106539 0.147469
2 2 0.061345 0.248397 0.375440 0.124256 0.190562
2 2 0.126332 0.247066 0.392051 0.097933 0.136618
4 2 0.232917 0.160743 0.214378 0.128128 0.263833
0 0 0.252527 0.174149 0.242752 0.115103 0.215470
0 0 0.252527 0.174149 0.242752 0.115103 0.215470
0 0 0.252527 0.174149 0.242752 0.115103 0.215470
0 0 0.244655 0.168772 0.230953 0.120630 0.234989
2 0 0.209884 0.198198 0.287287 0.112281 0.192350
4 2 0.117382 0.154404 0.194302 0.161163 0.372749
2 2 0.076190 0.266735 0.434746 0.096411 0.125918
2 2 0.179286 0.215919 0.322581 0.108564 0.173649
4 0 0.224413 0.154919 0.203002 0.133062 0.284603
0 0 0.252527 0.174149 0.242752 0.115103 0.215470
0 0 0.252527 0.174149 0.242752 0.115103 0.215470
2 1 0.048027 0.280507 0.472016 0.090229 0.109221
2 1 0.040586 0.292765 0.546421 0.061176 0.059052
2 1 0.074872 0.232885 0.340643 0.132577 0.219023
2 1 0.058691 0.279008 0.473110 0.086228 0.102962
2 1 0.043859 0.290857 0.530128 0.067003 0.068153
2 1 0.040456 0.292812 0.546739 0.061085 0.058908
2 2 0.024792 0.268984 0.617362 0.050636 0.038225
2 2 0.021159 0.227213 0.670654 0.050213 0.030762
2 2 0.050800 0.288570 0.522827 0.067797 0.070006
2 2 0.018863 0.203413 0.701851 0.049360 0.026513
2 2 0.038031 0.272282 0.574346 0.061600 0.053741
2 2 0.021055 0.187824 0.709822 0.053669 0.027630
2 2 0.026658 0.237179 0.643162 0.055354 0.037647
2 2 0.013073 0.145502 0.779202 0.045430 0.016793
2 2 0.020235 0.235774 0.665261 0.048390 0.030341
2 2 0.020043 0.147993 0.752041 0.056462 0.023460
2 2 0.016519 0.200401 0.712965 0.046352 0.023764
2 2 0.013534 0.137978 0.784729 0.046984 0.016774
2 2 0.013191 0.161702 0.763019 0.044224 0.017864
2 2 0.009098 0.076626 0.859068 0.045774 0.009433
2 2 0.012683 0.111755 0.810544 0.050276 0.014742
2 2 0.015258 0.143090 0.773415 0.049514 0.018723
2 2 0.016543 0.133324 0.778228 0.052706 0.019198
2 2 0.016660 0.063554 0.810350 0.092544 0.016892
2 2 0.015079 0.088043 0.818779 0.062538 0.015562
2 3 0.019127 0.074542 0.783008 0.102552 0.020771
2 3 0.007694 0.047627 0.874912 0.061893 0.007875
2 3 0.029056 0.167294 0.668484 0.095353 0.039813
2 3 0.021663 0.037288 0.532288 0.380569 0.028193
2 3 0.021256 0.030933 0.553775 0.369561 0.024476
3 3 0.037115 0.058541 0.324910 0.501750 0.077683
3 3 0.011739 0.015082 0.217386 0.723768 0.032023
3 3 0.014073 0.018324 0.130955 0.773692 0.062955
3 3 0.018058 0.021781 0.224154 0.686007 0.050000
3 3 0.006410 0.009634 0.105854 0.849323 0.028780
3 3 0.033741 0.049674 0.316058 0.525314 0.075213
3 3 0.004158 0.006486 0.075179 0.887257 0.026920
3 3 0.000849 0.001623 0.025555 0.961624 0.010350
3 3 0.001240 0.002195 0.035635 0.947280 0.013650
3 3 0.005744 0.008594 0.087832 0.863718 0.034112
3 3 0.000530 0.001077 0.017688 0.972236 0.008468
3 3 0.007603 0.011056 0.092921 0.846354 0.042066
3 3 0.000541 0.001101 0.019043 0.971123 0.008192
3 3 0.000938 0.001714 0.024008 0.959237 0.014104
3 3 0.000782 0.001486 0.022118 0.963724 0.011888
3 3 0.001087 0.002002 0.031588 0.953609 0.011714
3 3 0.001661 0.002765 0.044501 0.933924 0.017151
3 3 0.001277 0.002264 0.030596 0.950110 0.015752
3 3 0.001264 0.002274 0.027532 0.951830 0.017100
3 3 0.000965 0.001791 0.023517 0.959777 0.013950
3 3 0.000926 0.001766 0.025762 0.960537 0.011009
3 3 0.000752 0.001434 0.022453 0.964930 0.010431
3 3 0.000899 0.001708 0.026323 0.960311 0.010758
3 3 0.000906 0.001695 0.024143 0.960864 0.012393
3 3 0.000563 0.001133 0.014693 0.973126 0.010485
3 3 0.000624 0.001245 0.017072 0.970904 0.010156
3 3 0.000932 0.001722 0.022732 0.960417 0.014198
3 3 0.000492 0.001009 0.014373 0.974559 0.009567
3 3 0.000818 0.001570 0.021519 0.964161 0.011932
3 3 0.000771 0.001469 0.022474 0.963808 0.011478
3 3 0.000559 0.001131 0.016058 0.972860 0.009392
3 3 0.000648 0.001303 0.019333 0.969051 0.009664
3 3 0.000860 0.001647 0.021099 0.963659 0.012735
3 3 0.000513 0.001057 0.012691 0.975321 0.010419
3 3 0.000400 0.000852 0.013511 0.977820 0.007417
3 3 0.000520 0.001066 0.012491 0.974912 0.011010
3 3 0.000432 0.000900 0.012219 0.977298 0.009151
3 3 0.000483 0.001004 0.015092 0.975669 0.007753
3 3 0.000530 0.001073 0.014533 0.973833 0.010031
3 3 0.000637 0.001273 0.016667 0.971196 0.010227
3 3 0.000460 0.000945 0.012906 0.975943 0.009745
3 3 0.000448 0.000935 0.014507 0.975907 0.008204
3 3 0.001296 0.002315 0.031254 0.950327 0.014808
3 3 0.001116 0.002002 0.028815 0.953341 0.014725
3 3 0.000530 0.001102 0.015332 0.974497 0.008538
3 3 0.000767 0.001439 0.020383 0.964653 0.012758
3 3 0.000494 0.001024 0.014757 0.975242 0.008482
3 3 0.000391 0.000834 0.011472 0.979224 0.008079
3 3 0.000281 0.000635 0.008065 0.983739 0.007280
3 3 0.000681 0.001318 0.018268 0.967967 0.011766
3 3 0.000416 0.000879 0.011459 0.978435 0.008812
3 3 0.000571 0.001148 0.015254 0.973016 0.010011
3 3 0.000330 0.000726 0.010234 0.981483 0.007227
3 3 0.000594 0.001194 0.012753 0.972771 0.012688
3 3 0.000715 0.001388 0.019889 0.966833 0.011175
3 3 0.000550 0.001116 0.014960 0.973531 0.009843
3 3 0.000389 0.000817 0.010720 0.978611 0.009463
3 3 0.000390 0.000824 0.011175 0.978649 0.008961
3 3 0.000326 0.000723 0.009472 0.981765 0.007714
3 3 0.000496 0.001018 0.014798 0.974589 0.009098
3 3 0.000441 0.000919 0.011929 0.977097 0.009614
3 3 0.000346 0.000759 0.011295 0.980680 0.006919
3 3 0.000377 0.000810 0.012840 0.979026 0.006946
3 3 0.000610 0.001224 0.015092 0.971909 0.011165
3 3 0.000434 0.000913 0.012233 0.977710 0.008710
3 3 0.000270 0.000602 0.008630 0.983887 0.006612
3 3 0.000339 0.000737 0.009588 0.981207 0.008128
3 3 0.000348 0.000762 0.010154 0.981118 0.007617
3 3 0.000394 0.000844 0.009517 0.979685 0.009560
3 3 0.000463 0.000990 0.013529 0.977230 0.007788
3 3 0.000505 0.001045 0.013775 0.975124 0.009551
3 3 0.000352 0.000767 0.012256 0.979966 0.006660
3 3 0.000308 0.000683 0.009613 0.982390 0.007006
3 3 0.000374 0.000809 0.011996 0.979442 0.007379
3 3 0.000389 0.000832 0.009010 0.979784 0.009985
3 3 0.000783 0.001532 0.017400 0.967040 0.013245
3 3 0.000383 0.000833 0.010838 0.980054 0.007892
3 3 0.000379 0.000812 0.010021 0.979966 0.008822
3 3 0.000356 0.000769 0.010872 0.980387 0.007616
3 3 0.000594 0.001196 0.017170 0.971360 0.009680
3 3 0.000418 0.000884 0.011796 0.978022 0.008880
3 3 0.000386 0.000828 0.010858 0.979234 0.008693
3 3 0.000336 0.000738 0.010182 0.981736 0.007008
3 3 0.000302 0.000672 0.008677 0.983092 0.007257
3 3 0.000367 0.000795 0.010048 0.980370 0.008421
3 3 0.000559 0.001121 0.014845 0.972982 0.010494
3 3 0.000345 0.000753 0.011760 0.980227 0.006915
3 3 0.000366 0.000798 0.011080 0.980468 0.007288
3 3 0.000431 0.000898 0.010796 0.977421 0.010455
3 3 0.000418 0.000883 0.012261 0.978215 0.008224
3 3 0.000670 0.001319 0.016067 0.969968 0.011977
3 3 0.000494 0.001017 0.013619 0.975362 0.009507
3 3 0.000851 0.001599 0.021173 0.963012 0.013365
3 3 0.021964 0.023490 0.358882 0.556588 0.039077
2 3 0.041272 0.238347 0.599439 0.067857 0.053085
2 2 0.164560 0.224548 0.340723 0.106193 0.163976
2 2 0.050507 0.288701 0.523472 0.067620 0.069701
2 2 0.054654 0.286799 0.514522 0.070053 0.073972
2 2 0.069695 0.279258 0.484469 0.077861 0.088718
2 2 0.035643 0.292894 0.532103 0.068947 0.070413
2 2 0.046393 0.283503 0.484522 0.085526 0.100056
2 2 0.036752 0.293832 0.548593 0.061544 0.059279
2 2 0.053301 0.275706 0.455713 0.095247 0.120033
2 2 0.040224 0.288148 0.503544 0.079563 0.088521
2 2 0.049125 0.230058 0.330174 0.144080 0.246562
4 4 0.059568 0.134403 0.160148 0.180304 0.465577
2 4 0.062700 0.230148 0.332386 0.139110 0.235656
4 4 0.075006 0.173932 0.224618 0.166073 0.360371
4 4 0.044236 0.030742 0.026875 0.146783 0.751364
4 4 0.053094 0.049527 0.047361 0.163428 0.686591
4 4 0.026295 0.018302 0.014578 0.129652 0.811173
4 4 0.044895 0.031199 0.027349 0.147247 0.749309
4 4 0.064953 0.045085 0.042410 0.157804 0.689747
4 4 0.239984 0.165578 0.224223 0.123715 0.246499
4 4 0.053817 0.037379 0.033900 0.152720 0.722184
4 4 0.062460 0.043361 0.040474 0.156810 0.696895
4 4 0.020418 0.014222 0.010844 0.121224 0.833292
4 4 0.079296 0.130367 0.154730 0.175790 0.459818
4 4 0.064521 0.044787 0.042074 0.157638 0.690981
4 4 0.073183 0.079965 0.084478 0.173997 0.588377
4 4 0.043830 0.030461 0.026584 0.146493 0.752631
4 4 0.039358 0.027362 0.023414 0.143047 0.766819
4 4 0.040411 0.028092 0.024154 0.143901 0.763441
4 4 0.048811 0.033912 0.030194 0.149826 0.737258
4 4 0.028060 0.019527 0.015731 0.131829 0.804852
4 4 0.059389 0.052491 0.050802 0.164284 0.673035
4 4 0.039409 0.027397 0.023449 0.143089 0.766656
4 4 0.068053 0.066243 0.067229 0.170138 0.628338
4 4 0.044249 0.034480 0.030779 0.151304 0.739188
4 4 0.078414 0.054395 0.053157 0.161970 0.652064
4 4 0.041996 0.029190 0.025276 0.145135 0.758402
4 4 0.034179 0.023771 0.019831 0.138416 0.783804
4 4 0.039601 0.027531 0.023585 0.143247 0.766036
4 4 0.030407 0.021155 0.017285 0.134520 0.796632
4 4 0.020838 0.014514 0.011105 0.121896 0.831648
4 4 0.039233 0.027276 0.023326 0.142944 0.767221
4 4 0.029566 0.020572 0.016726 0.133581 0.799555
4 4 0.058140 0.040371 0.037161 0.154897 0.709430
4 4 0.089306 0.061922 0.062201 0.164079 0.622492
4 4 0.066581 0.162078 0.204114 0.172449 0.394779
4 4 0.128680 0.180908 0.241326 0.147839 0.301247
2 4 0.195719 0.196762 0.281493 0.118098 0.207928
2 4 0.065359 0.218927 0.308648 0.146074 0.260993
4 4 0.116464 0.080672 0.086079 0.165507 0.551278
4 1 0.237400 0.163811 0.220578 0.125364 0.252848
4 1 0.099539 0.068990 0.070977 0.165204 0.595290
2 1 0.054018 0.265816 0.422075 0.108663 0.149429
2 1 0.061750 0.230371 0.332732 0.139285 0.235862
4 2 0.069903 0.179783 0.234471 0.165266 0.350577
4 2 0.091301 0.120187 0.140039 0.173834 0.474639
0 2 0.252527 0.174149 0.242752 0.115103 0.215470
0 0 0.252527 0.174149 0.242752 0.115103 0.215470
4 0 0.188846 0.130514 0.159725 0.149757 0.371158
2 0 0.071947 0.265632 0.428848 0.100154 0.133419
2 0 0.068487 0.221555 0.314595 0.143235 0.252128
2 1 0.059367 0.229044 0.329436 0.141126 0.241027
4 1 0.160990 0.119494 0.141509 0.158020 0.419988
2 1 0.046148 0.289611 0.522789 0.069361 0.072091
2 1 0.071270 0.278424 0.481503 0.078600 0.090202
2 4 0.039097 0.293298 0.550091 0.060120 0.057394
2 4 0.077286 0.275188 0.470450 0.081301 0.095775
2 4 0.154165 0.221239 0.329642 0.113233 0.181722
0 4 0.252527 0.174149 0.242752 0.115103 0.215470
4 1 0.127001 0.087940 0.095855 0.164833 0.524371
2 1 0.043248 0.290883 0.528897 0.067732 0.069240
2 1 0.047004 0.279142 0.465626 0.093239 0.114989
2 1 0.099278 0.227331 0.332404 0.128171 0.212816
2 1 0.172335 0.219986 0.331044 0.107496 0.169139
2 1 0.133390 0.217506 0.316393 0.123818 0.208892
0 1 0.252527 0.174149 0.242752 0.115103 0.215470
2 1 0.054620 0.277540 0.463825 0.091448 0.112568
2 1 0.058798 0.275438 0.457888 0.092535 0.115342
2 1 0.157386 0.228767 0.349863 0.104887 0.159097
2 1 0.134447 0.239108 0.371260 0.103568 0.151618
2 1 0.061346 0.283550 0.500730 0.073707 0.080668
2 1 0.052961 0.287587 0.518135 0.069077 0.072240
0 1 0.252527 0.174149 0.242752 0.115103 0.215470
2 1 0.059454 0.282937 0.494344 0.077032 0.086233
2 1 0.078894 0.267546 0.439144 0.093756 0.120661
2 2 0.110084 0.256581 0.416128 0.093317 0.123891
2 2 0.042101 0.289073 0.511791 0.075411 0.081624
2 2 0.033191 0.295138 0.565370 0.055657 0.050645
2 2 0.086719 0.269970 0.453888 0.085190 0.104233
2 2 0.118932 0.251411 0.402823 0.095924 0.130910
2 2 0.074278 0.276816 0.475925 0.079973 0.093007
2 2 0.047511 0.290009 0.530155 0.065773 0.066552
2 2 0.108649 0.257415 0.418331 0.092872 0.122732
2 2 0.024610 0.256441 0.630443 0.051522 0.036984
2 2 0.034112 0.294884 0.562903 0.056384 0.051717
2 2 0.035187 0.294571 0.560065 0.057218 0.052959
2 2 0.036269 0.294238 0.557253 0.058041 0.054199
2 2 0.031375 0.295598 0.570335 0.054185 0.048507
2 2 0.019078 0.220968 0.683812 0.048162 0.027980
2 2 0.021142 0.174335 0.722753 0.055134 0.026636
2 2 0.017670 0.200351 0.708971 0.047993 0.025015
2 2 0.021279 0.237725 0.659847 0.049467 0.031682
2 2 0.056343 0.285998 0.510970 0.071005 0.075684
2 1 0.175355 0.218217 0.327346 0.107971 0.171111
2 1 0.052609 0.287749 0.518893 0.068871 0.071878
2 1 0.027686 0.296333 0.580894 0.051024 0.044063
2 1 0.020232 0.230178 0.670810 0.048845 0.029935
2 2 0.022422 0.224512 0.669180 0.051933 0.031952
2 2 0.023086 0.155386 0.734928 0.059783 0.026817
2 2 0.026690 0.247920 0.632378 0.054381 0.038632
2 2 0.021697 0.194707 0.700950 0.053819 0.028826
2 2 0.012141 0.097157 0.829089 0.048693 0.012921
2 2 0.017781 0.171917 0.736457 0.050687 0.023160
2 2 0.019403 0.209321 0.694197 0.049561 0.027517
2 2 0.013577 0.141163 0.781491 0.046756 0.017014
2 2 0.010571 0.109108 0.824069 0.043916 0.012336
2 2 0.019074 0.179517 0.724592 0.051814 0.025004
2 2 0.014106 0.163540 0.757794 0.045651 0.018910
2 2 0.023365 0.220565 0.670037 0.053373 0.032660
2 2 0.180627 0.215136 0.320970 0.108760 0.174507
2 2 0.017113 0.182355 0.728576 0.048748 0.023208
2 2 0.009055 0.079807 0.851502 0.049491 0.010145
2 2 0.016315 0.157630 0.755521 0.049814 0.020721
2 2 0.012631 0.054434 0.846529 0.074532 0.011874
2 2 0.061039 0.283703 0.501345 0.073547 0.080366
2 2 0.081659 0.272788 0.462663 0.083154 0.099737
2 2 0.012630 0.102464 0.821615 0.049534 0.013757
2 2 0.025515 0.223778 0.660031 0.055442 0.035233
2 2 0.014049 0.113766 0.803770 0.052414 0.016000
