0 0 0.892465 0.075618 0.004896 0.013825 0.013196
0 0 0.883038 0.080544 0.005745 0.016568 0.014105
0 0 0.804432 0.115857 0.017393 0.029052 0.033265
0 0 0.801137 0.116872 0.018284 0.027352 0.036355
0 0 0.838842 0.101705 0.011360 0.025026 0.023066
0 0 0.758091 0.130711 0.027765 0.029081 0.054352
0 0 0.821190 0.109230 0.014300 0.027186 0.028094
0 0 0.823486 0.108288 0.013859 0.027216 0.027151
0 0 0.871488 0.086241 0.006825 0.020428 0.015017
0 0 0.304327 0.229650 0.163880 0.064467 0.237676
0 0 0.690364 0.150341 0.045215 0.041741 0.072339
0 0 0.700149 0.150110 0.040487 0.050207 0.059046
0 0 0.706307 0.147504 0.039972 0.045899 0.060318
0 0 0.821418 0.109136 0.014016 0.028941 0.026489
0 0 0.760999 0.131342 0.026279 0.036636 0.044744
0 0 0.820036 0.109576 0.014759 0.025302 0.030326
0 0 0.823784 0.106998 0.014638 0.019446 0.035134
0 0 0.832847 0.104139 0.012754 0.022268 0.027992
0 0 0.785873 0.122940 0.020275 0.037117 0.033795
0 0 0.866874 0.088715 0.007634 0.019167 0.017610
0 0 0.906458 0.067882 0.003664 0.010959 0.011037
0 0 0.791413 0.120881 0.019604 0.033286 0.034816
0 0 0.847571 0.097757 0.010001 0.024105 0.020565
0 0 0.828528 0.106034 0.012585 0.029531 0.023322
0 0 0.897412 0.072829 0.004300 0.014170 0.011289
0 0 0.810732 0.113106 0.016564 0.025329 0.034269
0 1 0.625063 0.173923 0.036989 0.026220 0.137806
0 0 0.790952 0.121075 0.019567 0.034251 0.034156
0 0 0.826522 0.107018 0.013323 0.026960 0.026176
0 0 0.887530 0.078242 0.005488 0.013748 0.014992
0 1 0.720524 0.147614 0.030603 0.033426 0.067832
0 1 0.432600 0.199005 0.053892 0.024926 0.289577
0 1 0.529023 0.196214 0.056084 0.037315 0.181364
4 1 0.208049 0.177899 0.072253 0.020044 0.521755
4 1 0.116166 0.174788 0.115903 0.027873 0.565270
4 1 0.283964 0.180615 0.049611 0.014461 0.471348
0 1 0.392400 0.197027 0.059236 0.023885 0.327451
0 1 0.696246 0.153884 0.033855 0.029971 0.086045
4 4 0.306488 0.194747 0.069250 0.024102 0.405414
4 4 0.234663 0.185065 0.080166 0.023737 0.476370
4 4 0.177314 0.166410 0.079306 0.018778 0.558192
4 4 0.288252 0.196374 0.084708 0.029594 0.401071
0 4 0.509201 0.190541 0.055971 0.028509 0.215777
0 4 0.740447 0.137125 0.031633 0.035642 0.055154
0 4 0.332964 0.206187 0.092120 0.039956 0.328773
0 4 0.443011 0.192896 0.069501 0.028881 0.265711
4 4 0.311397 0.185439 0.052893 0.016429 0.433842
4 4 0.173903 0.169101 0.081254 0.020362 0.555380
4 4 0.279781 0.189077 0.067557 0.021368 0.442218
4 4 0.100570 0.149045 0.076112 0.018831 0.655441
4 4 0.147674 0.180156 0.115974 0.029106 0.527089
4 4 0.211170 0.180702 0.085190 0.023930 0.499009
4 4 0.098518 0.172275 0.116492 0.025812 0.586904
4 4 0.255363 0.193399 0.083055 0.027874 0.440309
4 4 0.110241 0.154019 0.080652 0.020315 0.634773
4 4 0.142997 0.168474 0.096752 0.026025 0.565752
0 4 0.386216 0.188047 0.046685 0.016426 0.362627
4 4 0.132266 0.146941 0.058783 0.012306 0.649703
4 4 0.318186 0.204838 0.103340 0.043408 0.330228
4 4 0.239158 0.218765 0.165669 0.051022 0.325386
4 4 0.088398 0.214865 0.258704 0.038463 0.399570
4 4 0.083618 0.191169 0.165182 0.028188 0.531844
0 4 0.350168 0.208180 0.120004 0.061312 0.260336
4 4 0.083598 0.212658 0.243273 0.034574 0.425896
4 4 0.155105 0.166457 0.086530 0.021737 0.570171
4 4 0.141850 0.172106 0.100797 0.025259 0.559987
4 4 0.134710 0.167029 0.097380 0.026457 0.574424
4 4 0.307011 0.199549 0.076465 0.028698 0.388278
0 4 0.408474 0.185696 0.050296 0.017189 0.338346
0 4 0.485969 0.193070 0.056298 0.027355 0.237308
4 4 0.308839 0.203957 0.110341 0.045565 0.331298
4 1 0.306942 0.207667 0.114703 0.051583 0.319106
4 1 0.227556 0.195340 0.116287 0.040856 0.419961
4 1 0.226094 0.189539 0.104043 0.032832 0.447493
4 1 0.305332 0.202984 0.093353 0.037030 0.361301
4 1 0.297969 0.197931 0.085170 0.030656 0.388273
4 1 0.191898 0.197708 0.159917 0.044589 0.405888
0 0 0.652275 0.159858 0.056508 0.052337 0.079023
0 0 0.862690 0.090733 0.008124 0.020192 0.018261
0 0 0.845890 0.096632 0.011252 0.013922 0.032304
0 0 0.771744 0.125826 0.024789 0.025775 0.051866
0 0 0.863002 0.089411 0.007179 0.026971 0.013436
0 0 0.668854 0.156285 0.051236 0.049677 0.073948
0 0 0.884539 0.079710 0.005528 0.016813 0.013411
0 0 0.785946 0.122568 0.019376 0.042371 0.029739
0 0 0.821505 0.109056 0.014381 0.026096 0.028962
0 0 0.903794 0.069368 0.003832 0.012043 0.010963
0 0 0.824183 0.107995 0.013772 0.026885 0.027166
0 0 0.725525 0.144341 0.032433 0.038744 0.058958
0 0 0.677043 0.155533 0.047008 0.059763 0.060654
0 0 0.455753 0.218846 0.140677 0.080155 0.104569
0 0 0.836055 0.102929 0.011786 0.025503 0.023727
0 0 0.861336 0.091334 0.008195 0.021253 0.017881
0 0 0.800515 0.117471 0.017770 0.032302 0.031942
0 0 0.890923 0.076435 0.005019 0.014373 0.013250
0 0 0.728577 0.141792 0.032616 0.051221 0.045793
0 0 0.775793 0.126137 0.023286 0.032236 0.042547
0 0 0.850330 0.096546 0.009931 0.021092 0.022100
0 0 0.863468 0.090381 0.008150 0.019004 0.018997
0 0 0.818212 0.110465 0.014668 0.028717 0.027938
0 0 0.623436 0.169814 0.045336 0.029102 0.132312
0 0 0.694785 0.150906 0.041114 0.037464 0.075730
0 0 0.809004 0.113835 0.016837 0.025969 0.034355
0 0 0.847695 0.097755 0.010157 0.022743 0.021650
0 0 0.787955 0.122111 0.019578 0.038498 0.031859
0 0 0.885313 0.079383 0.005545 0.015792 0.013967
0 0 0.883060 0.080563 0.005788 0.016150 0.014440
0 0 0.904163 0.069149 0.003784 0.012145 0.010760
0 0 0.885138 0.079439 0.005818 0.013361 0.016244
0 0 0.865931 0.089181 0.007773 0.019144 0.017970
0 0 0.854363 0.094566 0.009577 0.018580 0.022914
0 1 0.720603 0.148013 0.027094 0.026223 0.078067
0 1 0.805628 0.115288 0.017320 0.027672 0.034091
0 1 0.595160 0.178302 0.036392 0.022555 0.167590
0 0 0.739382 0.138450 0.030825 0.044014 0.047330
0 0 0.817756 0.110323 0.015317 0.024234 0.032370
0 0 0.819618 0.108445 0.015399 0.019358 0.037180
0 0 0.826460 0.106948 0.013654 0.024464 0.028474
0 0 0.885474 0.079186 0.005401 0.016907 0.013032
0 0 0.782844 0.123505 0.021942 0.029950 0.041759
0 1 0.817733 0.110450 0.015221 0.025121 0.031475
0 4 0.579610 0.179515 0.047949 0.028018 0.164908
0 4 0.398818 0.204135 0.094779 0.046182 0.256086
0 4 0.450458 0.190129 0.125342 0.072138 0.161932
0 0 0.841280 0.100523 0.011409 0.021236 0.025552
0 0 0.820868 0.108343 0.015096 0.020407 0.035287
0 0 0.807576 0.114715 0.016292 0.032281 0.029136
0 0 0.831364 0.104740 0.012035 0.029716 0.022146
0 0 0.763022 0.130818 0.024345 0.045626 0.036189
0 0 0.919259 0.059789 0.002874 0.005974 0.012103
0 0 0.876000 0.084093 0.006860 0.014663 0.018384
0 0 0.898125 0.072486 0.004282 0.013583 0.011523
0 0 0.883957 0.080125 0.005778 0.015207 0.014933
0 0 0.914988 0.062934 0.002962 0.009737 0.009379
0 0 0.911028 0.065236 0.003241 0.010714 0.009782
0 4 0.759991 0.133900 0.023691 0.028926 0.053491
0 4 0.636016 0.170211 0.036004 0.025235 0.132534
4 4 0.172043 0.166653 0.076721 0.018701 0.565883
4 4 0.137033 0.177414 0.113891 0.028499 0.543163
2 4 0.054851 0.212460 0.476707 0.041894 0.214089
4 4 0.090297 0.209763 0.229719 0.036482 0.433739
2 2 0.057722 0.197105 0.540166 0.053856 0.151151
2 2 0.087463 0.216777 0.435469 0.053452 0.206840
2 2 0.108096 0.213804 0.406371 0.065075 0.206654
4 2 0.160651 0.218839 0.224754 0.046687 0.349069
2 2 0.134772 0.221640 0.337478 0.057249 0.248861
2 2 0.026176 0.137662 0.732624 0.038085 0.065452
2 2 0.051598 0.179577 0.609090 0.055258 0.104477
4 2 0.231044 0.228931 0.219296 0.065715 0.255014
2 2 0.028190 0.137978 0.724714 0.041370 0.067749
2 2 0.096405 0.207045 0.517562 0.064826 0.114162
2 2 0.032646 0.158841 0.694571 0.040952 0.072990
0 2 0.377669 0.204088 0.083443 0.037241 0.297558
2 2 0.075934 0.198660 0.563123 0.058218 0.104064
2 2 0.014273 0.098594 0.811076 0.028057 0.048000
0 2 0.363542 0.204924 0.126765 0.065167 0.239602
2 2 0.100035 0.205999 0.491778 0.061166 0.141022
2 2 0.027644 0.138420 0.726673 0.040062 0.067202
2 2 0.050725 0.173899 0.630987 0.054111 0.090279
2 2 0.023219 0.125346 0.752665 0.037228 0.061542
0 1 0.449838 0.208275 0.142151 0.093057 0.106679
2 1 0.072112 0.216916 0.438778 0.047665 0.224530
2 2 0.015244 0.098745 0.806148 0.030306 0.049557
0 1 0.578116 0.173956 0.081862 0.074319 0.091747
2 2 0.033419 0.160973 0.691605 0.039804 0.074199
2 2 0.008020 0.059463 0.872286 0.025494 0.034737
2 2 0.009226 0.063446 0.861872 0.028023 0.037433
2 2 0.012249 0.075010 0.836723 0.032403 0.043616
2 2 0.021507 0.130270 0.756293 0.032436 0.059495
2 2 0.114059 0.219099 0.482904 0.069011 0.114926
0 1 0.652331 0.160836 0.055425 0.054595 0.076813
0 1 0.745818 0.135544 0.030304 0.035028 0.053306
0 4 0.433200 0.202369 0.098714 0.055031 0.210686
0 0 0.739476 0.137543 0.031804 0.036449 0.054728
0 0 0.800481 0.117484 0.017641 0.033231 0.031163
0 0 0.623013 0.166875 0.064730 0.068709 0.076673
0 0 0.672113 0.156224 0.049583 0.054082 0.067998
0 0 0.773141 0.127367 0.023442 0.035807 0.040242
0 0 0.570790 0.175686 0.082320 0.088196 0.083008
0 0 0.676160 0.155563 0.047860 0.056536 0.063881
0 0 0.649954 0.161033 0.056638 0.057592 0.074783
0 0 0.787352 0.121340 0.021295 0.026477 0.043536
0 1 0.746638 0.137142 0.027069 0.028988 0.060163
0 1 0.416877 0.198211 0.059013 0.025612 0.300287
0 1 0.656770 0.164292 0.041178 0.032272 0.105488
4 1 0.139776 0.156370 0.071818 0.016548 0.615489
0 1 0.637390 0.172381 0.041548 0.034046 0.114635
4 1 0.158354 0.192076 0.138996 0.033150 0.477424
4 1 0.068428 0.144215 0.080097 0.016669 0.690590
4 1 0.086582 0.203650 0.192987 0.028503 0.488278
2 2 0.043849 0.211379 0.506639 0.033397 0.204736
4 2 0.057938 0.206931 0.237894 0.025885 0.471352
2 2 0.048916 0.207675 0.516071 0.039707 0.187631
4 2 0.076038 0.181837 0.141702 0.022976 0.577446
2 2 0.073931 0.223037 0.351987 0.038976 0.312069
2 2 0.010639 0.079917 0.843171 0.025339 0.040934
2 2 0.035971 0.176798 0.646848 0.038784 0.101599
2 2 0.025600 0.142797 0.716638 0.034973 0.079993
2 2 0.056898 0.181570 0.600983 0.056757 0.103792
2 2 0.049361 0.215107 0.471251 0.035823 0.228458
2 2 0.054756 0.220378 0.393135 0.034193 0.297538
2 2 0.014255 0.084964 0.819841 0.033515 0.047425
4 2 0.101117 0.216114 0.232176 0.034167 0.416426
2 2 0.009973 0.072486 0.851884 0.026316 0.039341
2 2 0.044367 0.194273 0.578906 0.041563 0.140890
4 1 0.225633 0.214800 0.163214 0.040972 0.355382
2 2 0.004879 0.038105 0.907727 0.023254 0.026035
2 2 0.005289 0.038019 0.903843 0.025753 0.027096
2 2 0.007032 0.053592 0.882609 0.024520 0.032248
2 2 0.003995 0.030610 0.918953 0.023386 0.023056
2 2 0.003341 0.023894 0.927322 0.024890 0.020554
2 2 0.007651 0.052005 0.878660 0.028158 0.033526
2 2 0.004482 0.033635 0.913055 0.024180 0.024648
2 2 0.004198 0.025482 0.916486 0.030649 0.023185
2 2 0.003438 0.024450 0.926090 0.025121 0.020901
2 2 0.036145 0.161591 0.680814 0.044953 0.076496
2 2 0.018759 0.114176 0.779269 0.032498 0.055299
2 2 0.002679 0.016307 0.934110 0.029234 0.017670
2 2 0.004231 0.027801 0.916456 0.028023 0.023490
2 2 0.003826 0.020870 0.919339 0.034296 0.021670
2 2 0.004235 0.018989 0.911075 0.043162 0.022540
2 3 0.005127 0.023562 0.903209 0.042737 0.025364
2 3 0.007736 0.029119 0.876141 0.055288 0.031716
2 2 0.004396 0.023232 0.912875 0.036013 0.023484
2 2 0.010040 0.025718 0.842933 0.085997 0.035313
2 3 0.005510 0.018070 0.888391 0.062575 0.025454
2 3 0.005721 0.021510 0.892306 0.053993 0.026471
2 3 0.014917 0.020031 0.752513 0.172076 0.040462
2 3 0.012730 0.022474 0.796810 0.129439 0.038546
2 3 0.021388 0.021671 0.680973 0.228632 0.047336
2 3 0.013216 0.016832 0.752742 0.179883 0.037327
2 3 0.005881 0.017996 0.881983 0.067896 0.026244
2 3 0.020170 0.022450 0.701690 0.209077 0.046614
3 3 0.047451 0.021935 0.363236 0.530925 0.036454
2 3 0.023468 0.024030 0.675348 0.227111 0.050043
2 3 0.038853 0.043405 0.632307 0.223398 0.062037
2 2 0.014959 0.086398 0.815237 0.034801 0.048605
2 3 0.010994 0.022746 0.821399 0.108674 0.036187
2 3 0.015328 0.020762 0.751860 0.170875 0.041175
2 3 0.005691 0.028705 0.899489 0.038831 0.027284
2 3 0.006965 0.022579 0.876520 0.064678 0.029258
2 3 0.006098 0.021932 0.887582 0.057028 0.027360
2 3 0.009563 0.023624 0.843569 0.089103 0.034141
2 3 0.018131 0.024219 0.737653 0.174688 0.045309
2 3 0.018619 0.032323 0.766696 0.134333 0.048030
2 3 0.029064 0.032599 0.671251 0.209520 0.057566
2 3 0.034463 0.026138 0.568588 0.318963 0.051848
2 3 0.017138 0.020199 0.723168 0.196631 0.042863
2 3 0.025887 0.028194 0.677325 0.215004 0.053590
2 3 0.023503 0.021166 0.651542 0.255028 0.048760
3 3 0.041489 0.016632 0.287671 0.630954 0.023254
2 3 0.036402 0.031167 0.577140 0.305097 0.050194
2 3 0.032855 0.026076 0.588175 0.299681 0.053213
3 3 0.045930 0.018778 0.286503 0.624042 0.024747
2 3 0.026603 0.044853 0.730140 0.139725 0.058679
2 2 0.100609 0.210703 0.382094 0.069625 0.236969
2 1 0.052859 0.176879 0.624842 0.052859 0.092562
2 2 0.017909 0.106655 0.788163 0.033436 0.053838
2 2 0.031363 0.158351 0.686787 0.038794 0.084705
0 1 0.416195 0.202749 0.101526 0.053116 0.226415
0 1 0.502594 0.191073 0.091740 0.057937 0.156657
0 0 0.398498 0.214011 0.175603 0.078965 0.132923
0 1 0.426620 0.200956 0.068352 0.032079 0.271992
4 1 0.124453 0.188152 0.137286 0.029523 0.520586
4 1 0.086205 0.217324 0.260931 0.035323 0.400218
0 1 0.553994 0.188786 0.065133 0.046638 0.145450
0 1 0.509861 0.190280 0.060203 0.030822 0.208835
0 1 0.538409 0.191808 0.065615 0.044441 0.159728
4 1 0.113595 0.147430 0.066406 0.015075 0.657494
4 1 0.145016 0.168209 0.095066 0.025292 0.566417
0 1 0.636338 0.167280 0.030230 0.019096 0.147055
0 1 0.652285 0.168652 0.040045 0.034872 0.104145
4 1 0.259646 0.186332 0.078052 0.023147 0.452823
0 0 0.775009 0.126393 0.023465 0.032259 0.042873
0 0 0.602727 0.172173 0.064327 0.044993 0.115779
0 0 0.371432 0.207991 0.086916 0.041717 0.291944
4 1 0.083551 0.131942 0.055849 0.012122 0.716536
4 1 0.144772 0.170779 0.102091 0.028237 0.554121
4 1 0.078102 0.181029 0.142204 0.024776 0.573889
4 1 0.099751 0.160135 0.093971 0.022358 0.623785
4 1 0.158551 0.175605 0.105718 0.028251 0.531875
4 1 0.246615 0.189577 0.087123 0.027301 0.449384
4 1 0.137758 0.175586 0.105579 0.024570 0.556507
4 1 0.104507 0.157420 0.085202 0.019517 0.633355
4 1 0.060679 0.198541 0.203859 0.025250 0.511671
4 4 0.076062 0.120425 0.043618 0.008495 0.751399
4 4 0.154905 0.171305 0.098518 0.026541 0.548731
4 4 0.087995 0.143084 0.070473 0.016270 0.682178
4 4 0.134561 0.156781 0.074544 0.017588 0.616527
4 4 0.073779 0.109826 0.032715 0.005566 0.778113
4 4 0.056667 0.170046 0.129466 0.018800 0.625021
4 4 0.230217 0.209527 0.139644 0.042995 0.377616
4 4 0.091694 0.134004 0.054923 0.011665 0.707714
4 4 0.092735 0.132979 0.052970 0.011031 0.710284
4 4 0.160506 0.166204 0.084007 0.020702 0.568581
4 4 0.065279 0.187545 0.166035 0.023882 0.557259
0 4 0.345878 0.202876 0.086815 0.035747 0.328685
4 4 0.228399 0.185973 0.083022 0.025067 0.477539
4 4 0.134913 0.184044 0.125311 0.028793 0.526939
4 4 0.191653 0.171776 0.068106 0.017779 0.550685
4 4 0.124080 0.136005 0.045651 0.008608 0.685656
2 4 0.181109 0.223894 0.306428 0.053813 0.234755
4 4 0.088788 0.107358 0.026427 0.003945 0.773482
4 4 0.110968 0.103290 0.019901 0.002512 0.763330
4 4 0.260033 0.183464 0.068119 0.019662 0.468722
4 4 0.142095 0.169605 0.095234 0.023533 0.569534
4 4 0.143945 0.125420 0.031806 0.004862 0.693968
4 4 0.119842 0.169597 0.099265 0.022224 0.589071
4 4 0.102943 0.172094 0.111794 0.024211 0.588958
4 4 0.239024 0.185328 0.084992 0.024912 0.465744
0 0 0.493309 0.200595 0.057063 0.034260 0.214772
0 0 0.685936 0.154964 0.037594 0.030531 0.090976
0 0 0.674055 0.152482 0.050365 0.038303 0.084796
0 0 0.793428 0.119741 0.019775 0.028556 0.038500
0 0 0.802432 0.116384 0.018037 0.027167 0.035980
0 0 0.818877 0.108980 0.015480 0.020169 0.036493
0 0 0.657485 0.165340 0.032007 0.023760 0.121407
0 0 0.782387 0.124572 0.020089 0.023372 0.049579
0 1 0.646905 0.170519 0.037427 0.030922 0.114227
0 1 0.410846 0.192609 0.051700 0.020194 0.324652
0 0 0.661071 0.163645 0.043261 0.037726 0.094297
4 1 0.103891 0.193378 0.155930 0.028653 0.518148
4 1 0.073377 0.207242 0.221106 0.028919 0.469356
2 2 0.051560 0.219018 0.429282 0.034333 0.265807
2 2 0.043937 0.219654 0.440230 0.028549 0.267630
2 2 0.038990 0.206545 0.540699 0.031175 0.182591
2 2 0.004818 0.038735 0.908074 0.022462 0.025912
2 2 0.032007 0.129509 0.704160 0.051183 0.083141
2 2 0.059417 0.220994 0.424134 0.036897 0.258558
2 2 0.007224 0.052274 0.881806 0.026091 0.032605
2 2 0.013285 0.088943 0.822616 0.029153 0.046003
2 2 0.007473 0.047979 0.881613 0.030049 0.032886
4 2 0.058061 0.218958 0.326706 0.031780 0.364495
2 2 0.004591 0.033624 0.911916 0.024922 0.024946
2 2 0.004799 0.036435 0.909065 0.023994 0.025707
2 2 0.005572 0.041984 0.899886 0.024480 0.028077
2 2 0.008167 0.054577 0.873658 0.028821 0.034777
2 2 0.005019 0.038187 0.906368 0.024017 0.026409
2 2 0.010940 0.070401 0.847123 0.030476 0.041059
2 2 0.005527 0.037282 0.901747 0.027804 0.027640
0 0 0.724763 0.142808 0.034408 0.047115 0.050906
4 1 0.064443 0.211680 0.264375 0.031542 0.427960
2 2 0.013268 0.094694 0.818860 0.026986 0.046192
2 2 0.010634 0.069360 0.849589 0.029973 0.040443
2 2 0.015613 0.104478 0.800462 0.029115 0.050333
2 2 0.041603 0.162785 0.649118 0.051358 0.095135
2 2 0.015668 0.100741 0.802737 0.030564 0.050289
2 2 0.008918 0.062176 0.864623 0.027535 0.036747
2 2 0.013147 0.083241 0.826910 0.031170 0.045532
2 2 0.069900 0.210901 0.479882 0.050803 0.188514
2 2 0.005437 0.037314 0.902612 0.027220 0.027417
2 2 0.016868 0.095968 0.799856 0.035394 0.051914
2 1 0.240042 0.223022 0.309463 0.074884 0.152590
2 2 0.109035 0.223159 0.367806 0.052016 0.247984
2 1 0.062168 0.219434 0.374725 0.038756 0.304918
2 2 0.004439 0.030687 0.914022 0.026549 0.024303
2 2 0.008377 0.055990 0.871486 0.028851 0.035296
2 2 0.012061 0.081401 0.834100 0.028854 0.043585
2 2 0.004349 0.032559 0.914698 0.024190 0.024203
2 2 0.008827 0.059668 0.866538 0.028541 0.036427
2 2 0.004693 0.033979 0.910787 0.025296 0.025246
2 2 0.005041 0.033810 0.907221 0.027782 0.026146
2 2 0.012187 0.058925 0.843606 0.042725 0.042558
2 2 0.012323 0.091377 0.826087 0.025771 0.044442
2 2 0.003444 0.024329 0.926009 0.025312 0.020906
2 2 0.006621 0.047613 0.888666 0.026144 0.030956
2 1 0.019571 0.074317 0.794641 0.057007 0.054464
2 2 0.007094 0.052141 0.882864 0.025594 0.032306
2 2 0.005461 0.036842 0.902484 0.027771 0.027442
2 2 0.006501 0.046048 0.890293 0.026578 0.030580
2 0 0.070379 0.195340 0.580758 0.055613 0.097910
4 1 0.146555 0.205219 0.173093 0.034812 0.440321
2 2 0.003523 0.027237 0.924963 0.022882 0.021394
2 2 0.025476 0.132968 0.738512 0.038542 0.064502
2 2 0.045144 0.170204 0.643813 0.052526 0.088313
2 2 0.010135 0.063039 0.856007 0.031647 0.039172
2 2 0.006044 0.041720 0.895775 0.027247 0.029214
2 2 0.007744 0.055759 0.876215 0.026339 0.033944
2 2 0.004978 0.040559 0.905829 0.022176 0.026458
2 2 0.008299 0.053172 0.873266 0.030297 0.034966
2 2 0.081098 0.182222 0.558404 0.064367 0.113909
2 1 0.041808 0.168240 0.653479 0.049960 0.086514
2 2 0.023637 0.124487 0.751507 0.038337 0.062033
2 2 0.011133 0.074175 0.843834 0.029261 0.041597
0 1 0.508983 0.186006 0.096294 0.057128 0.151589
4 1 0.176170 0.180490 0.114576 0.032303 0.496460
2 2 0.028668 0.122861 0.732007 0.048685 0.067780
2 2 0.007212 0.050426 0.882739 0.027154 0.032469
2 2 0.008503 0.049503 0.872953 0.033900 0.035141
2 1 0.080282 0.222538 0.338412 0.041037 0.317730
0 0 0.543525 0.179379 0.094344 0.075674 0.107078
0 0 0.604321 0.172427 0.067929 0.058772 0.096552
0 0 0.461233 0.201919 0.071433 0.039351 0.226064
4 1 0.210997 0.214892 0.174353 0.050262 0.349496
4 1 0.128990 0.222359 0.259800 0.042323 0.346528
2 1 0.049806 0.183810 0.600045 0.051918 0.114421
4 1 0.055049 0.217398 0.304882 0.028267 0.394403
2 1 0.088563 0.218709 0.340319 0.049823 0.302586
4 1 0.171843 0.216504 0.207179 0.039986 0.364487
2 2 0.042464 0.196685 0.574463 0.038543 0.147844
2 2 0.009797 0.062494 0.858531 0.030682 0.038497
2 2 0.002863 0.020543 0.933437 0.024429 0.018728
2 1 0.041923 0.184595 0.613518 0.042954 0.117009
2 2 0.015802 0.096639 0.804745 0.032474 0.050341
2 2 0.005435 0.040781 0.901575 0.024555 0.027654
2 2 0.004730 0.035346 0.910073 0.024407 0.025445
2 2 0.005052 0.039002 0.905762 0.023632 0.026552
2 2 0.004050 0.028867 0.918572 0.025437 0.023075
2 2 0.005051 0.035993 0.906697 0.025919 0.026339
2 2 0.004082 0.032414 0.917578 0.022485 0.023440
2 2 0.006372 0.042853 0.892518 0.028188 0.030068
2 2 0.008157 0.056318 0.872926 0.027742 0.034857
2 2 0.004746 0.032769 0.910449 0.026741 0.025295
2 2 0.004541 0.030312 0.912908 0.027691 0.024548
2 2 0.004144 0.029909 0.917394 0.025126 0.023426
2 2 0.003600 0.020902 0.922694 0.031773 0.021030
2 2 0.003977 0.024379 0.919020 0.030159 0.022465
2 2 0.004822 0.025620 0.908625 0.036091 0.024842
2 2 0.005111 0.038414 0.905413 0.024397 0.026666
2 2 0.004833 0.027154 0.909101 0.033885 0.025027
2 2 0.005647 0.038152 0.900408 0.027794 0.027999
2 2 0.005810 0.034088 0.899279 0.032751 0.028072
2 2 0.004359 0.029951 0.914968 0.026697 0.024025
2 2 0.003800 0.027134 0.921615 0.025240 0.022211
2 2 0.003983 0.025338 0.919193 0.028915 0.022573
2 2 0.003731 0.024938 0.922347 0.027169 0.021815
2 2 0.007020 0.041350 0.887146 0.033058 0.031425
2 2 0.003653 0.024717 0.923319 0.026743 0.021568
2 2 0.004375 0.031228 0.914665 0.025561 0.024171
2 2 0.004571 0.034774 0.911838 0.023843 0.024974
2 2 0.004378 0.022297 0.912464 0.037531 0.023330
2 2 0.009636 0.058947 0.861230 0.032203 0.037983
2 2 0.003090 0.019083 0.929336 0.029189 0.019302
2 2 0.004282 0.022030 0.913618 0.037025 0.023045
2 2 0.004540 0.020367 0.908155 0.043429 0.023509
2 2 0.006090 0.039001 0.896056 0.029726 0.029128
2 2 0.004380 0.020776 0.911033 0.040660 0.023151
2 2 0.005220 0.038268 0.904430 0.025146 0.026936
2 2 0.005287 0.029273 0.904346 0.034723 0.026371
2 2 0.005033 0.029212 0.907250 0.032772 0.025733
2 2 0.004886 0.025377 0.907681 0.037078 0.024978
2 3 0.004785 0.025100 0.908823 0.036598 0.024694
2 2 0.013184 0.083279 0.826681 0.031259 0.045596
2 2 0.003453 0.028636 0.925552 0.021072 0.021288
2 2 0.003658 0.023700 0.923063 0.028095 0.021485
2 2 0.068179 0.146972 0.613364 0.064755 0.106729
0 0 0.535061 0.197393 0.100843 0.072010 0.094694
4 1 0.066545 0.212829 0.273008 0.033541 0.414076
2 2 0.029411 0.159349 0.695354 0.035842 0.080043
2 1 0.029983 0.121819 0.728763 0.049937 0.069499
2 2 0.011646 0.064878 0.845279 0.036178 0.042018
2 2 0.032840 0.159567 0.693842 0.040405 0.073347
2 2 0.084270 0.211753 0.488235 0.052106 0.163636
0 1 0.448661 0.195424 0.110957 0.049280 0.195678
4 1 0.084447 0.204442 0.203641 0.030764 0.476706
2 1 0.029944 0.148775 0.711012 0.040328 0.069941
2 2 0.045500 0.125728 0.679676 0.062758 0.086338
4 1 0.308310 0.203783 0.112593 0.046498 0.328817
4 1 0.145222 0.208174 0.179187 0.034085 0.433332
2 1 0.076304 0.221957 0.393238 0.043800 0.264700
2 2 0.019213 0.105829 0.782634 0.036683 0.055640
2 2 0.006361 0.045027 0.891869 0.026558 0.030186
2 2 0.006968 0.046841 0.886131 0.028363 0.031697
0 1 0.295254 0.221388 0.170725 0.057149 0.255485
2 2 0.018142 0.105602 0.787754 0.034367 0.054134
2 2 0.008613 0.066081 0.864427 0.024562 0.036317
2 2 0.016672 0.091094 0.803654 0.037164 0.051416
2 2 0.044506 0.219398 0.442207 0.029163 0.264725
2 2 0.017543 0.092303 0.798566 0.038854 0.052734
2 2 0.071565 0.220092 0.355830 0.041667 0.310846
2 2 0.008607 0.059900 0.867946 0.027554 0.035992
2 2 0.021302 0.105894 0.773002 0.041380 0.058423
2 2 0.008390 0.056251 0.871269 0.028750 0.035339
2 2 0.006474 0.046525 0.890325 0.026129 0.030547
2 2 0.039183 0.163680 0.669385 0.048396 0.079356
2 2 0.029757 0.129620 0.723867 0.047565 0.069192
2 2 0.014728 0.086345 0.816502 0.034184 0.048240
2 2 0.017078 0.094649 0.799585 0.036522 0.052167
2 2 0.006910 0.054394 0.883100 0.023584 0.032012
4 2 0.149536 0.216643 0.222747 0.042319 0.368756
2 2 0.035152 0.182619 0.633093 0.035708 0.113429
2 2 0.003829 0.029530 0.921035 0.023118 0.022488
2 2 0.040463 0.179503 0.630295 0.043316 0.106423
2 2 0.021597 0.105296 0.771988 0.042341 0.058778
2 2 0.048673 0.190469 0.581864 0.047958 0.131035
0 1 0.290236 0.223472 0.156264 0.058243 0.271785
4 1 0.170670 0.215938 0.210846 0.043542 0.359004
4 1 0.144797 0.178099 0.109971 0.026456 0.540677
2 1 0.093350 0.224810 0.321312 0.041283 0.319245
2 1 0.089115 0.223361 0.344882 0.044325 0.298317
2 1 0.041727 0.172143 0.644078 0.048023 0.094030
2 2 0.092398 0.205616 0.489242 0.062011 0.150733
2 2 0.040151 0.187649 0.608447 0.039669 0.124083
2 1 0.108318 0.227511 0.334643 0.044009 0.285518
4 1 0.079983 0.190037 0.157621 0.024449 0.547910
2 2 0.022192 0.115215 0.763500 0.039174 0.059919
2 2 0.016105 0.087506 0.808560 0.037422 0.050408
2 2 0.049936 0.204727 0.527565 0.042169 0.175604
2 2 0.007717 0.051159 0.878510 0.029000 0.033614
2 1 0.139747 0.235920 0.336525 0.051048 0.236761
2 2 0.054994 0.181391 0.617918 0.055190 0.090507
2 2 0.028941 0.129142 0.727325 0.046291 0.068301
2 2 0.017606 0.093231 0.797743 0.038554 0.052866
2 2 0.006540 0.049463 0.888484 0.024635 0.030879
2 2 0.046557 0.187992 0.594790 0.046489 0.124172
0 0 0.498961 0.181752 0.113032 0.066355 0.139900
4 4 0.224884 0.183185 0.080742 0.023398 0.487790
4 4 0.051795 0.211759 0.263181 0.023827 0.449439
2 4 0.050905 0.221220 0.374191 0.029797 0.323886
2 4 0.052985 0.220782 0.357515 0.030242 0.338476
4 4 0.063708 0.213668 0.277583 0.032047 0.412993
4 4 0.080114 0.179993 0.132817 0.021801 0.585276
4 4 0.058849 0.201545 0.215063 0.024983 0.499559
4 4 0.166284 0.167054 0.083908 0.020594 0.562162
4 4 0.055079 0.151686 0.097137 0.016181 0.679916
4 4 0.094452 0.148455 0.077655 0.019066 0.660372
4 4 0.111166 0.109808 0.024254 0.003364 0.751407
4 4 0.138431 0.142768 0.051273 0.009966 0.657563
4 4 0.092715 0.191579 0.159196 0.028398 0.528112
4 4 0.075506 0.122444 0.046462 0.009344 0.746243
4 4 0.099271 0.139591 0.059951 0.013157 0.688030
4 4 0.052412 0.120768 0.057043 0.012294 0.757482
4 4 0.190484 0.153159 0.049620 0.009944 0.596793
4 4 0.100368 0.118362 0.033417 0.005488 0.742365
4 4 0.048084 0.096508 0.029911 0.005217 0.820280
4 4 0.079705 0.102966 0.024967 0.003686 0.788676
4 4 0.063711 0.112801 0.040117 0.007707 0.775664
4 4 0.076036 0.126155 0.051293 0.010821 0.735695
4 4 0.063563 0.104470 0.031109 0.005286 0.795572
4 4 0.072390 0.129760 0.059007 0.013445 0.725398
4 4 0.180755 0.170013 0.086006 0.021226 0.541999
4 4 0.088045 0.135567 0.059118 0.013102 0.704168
4 4 0.062169 0.146349 0.086127 0.016688 0.688668
0 4 0.482273 0.188616 0.042479 0.018934 0.267698
4 4 0.068032 0.152273 0.089057 0.016044 0.674594
4 4 0.091239 0.109687 0.027799 0.004235 0.767039
4 4 0.057565 0.099654 0.028793 0.004789 0.809198
4 4 0.074251 0.100242 0.024131 0.003544 0.797832
4 4 0.055182 0.109511 0.040729 0.008063 0.786515
4 4 0.130940 0.142663 0.053092 0.010572 0.662732
4 4 0.205661 0.164257 0.048308 0.011669 0.570104
4 4 0.134462 0.161702 0.084660 0.021351 0.597825
4 4 0.133095 0.153002 0.068242 0.015404 0.630257
4 4 0.120930 0.163679 0.093277 0.023643 0.598471
4 4 0.198823 0.175211 0.076416 0.020332 0.529218
4 4 0.127787 0.186030 0.127112 0.026377 0.532693
4 4 0.289457 0.191308 0.081285 0.025946 0.412004
4 4 0.332224 0.188247 0.050043 0.016651 0.412835
0 1 0.642098 0.170713 0.040119 0.032241 0.114829
4 4 0.123807 0.183392 0.124288 0.026381 0.542132
4 4 0.189478 0.146324 0.046397 0.008292 0.609509
0 0 0.749976 0.133284 0.029653 0.030379 0.056708
0 0 0.838352 0.096718 0.012362 0.010541 0.042028
0 0 0.821032 0.106705 0.015272 0.016491 0.040499
0 0 0.587202 0.177053 0.054777 0.033081 0.147887
0 0 0.712430 0.150663 0.029657 0.029257 0.077992
0 0 0.707080 0.150749 0.034351 0.034989 0.072832
0 0 0.699125 0.153365 0.026208 0.021053 0.100249
0 4 0.431656 0.200220 0.059555 0.027951 0.280619
4 4 0.250573 0.214617 0.158243 0.055452 0.321115
0 4 0.506341 0.198175 0.066785 0.042511 0.186188
0 0 0.717213 0.143920 0.037507 0.040002 0.061358
0 1 0.491951 0.195131 0.048826 0.025533 0.238558
0 1 0.396728 0.205665 0.096704 0.048879 0.252023
4 1 0.072222 0.181447 0.146793 0.024169 0.575369
4 1 0.126129 0.172938 0.105478 0.024769 0.570685
4 1 0.063673 0.209147 0.249003 0.029873 0.448303
4 1 0.061500 0.218632 0.327462 0.034301 0.358105
0 1 0.535297 0.194131 0.066620 0.048000 0.155951
0 0 0.671760 0.155761 0.050244 0.050018 0.072217
4 1 0.081874 0.211028 0.227805 0.030982 0.448312
4 1 0.083356 0.199569 0.185185 0.028246 0.503644
2 1 0.044098 0.208293 0.522739 0.035088 0.189783
2 1 0.049348 0.217022 0.455799 0.034491 0.243340
4 2 0.066492 0.204154 0.223590 0.029240 0.476524
4 2 0.052434 0.219737 0.331888 0.028196 0.367745
2 2 0.073653 0.217327 0.412759 0.048771 0.247489
2 2 0.034824 0.182601 0.633799 0.035324 0.113451
2 2 0.019717 0.113593 0.775396 0.034688 0.056607
4 2 0.081365 0.221895 0.308466 0.038025 0.350249
2 1 0.119211 0.228195 0.335597 0.045598 0.271399
2 1 0.046879 0.221206 0.405015 0.028683 0.298218
2 2 0.007799 0.050280 0.878211 0.029975 0.033734
2 1 0.064247 0.192218 0.567569 0.054895 0.121071
2 2 0.012392 0.072695 0.837068 0.034100 0.043744
2 2 0.006249 0.043182 0.893485 0.027281 0.029802
2 2 0.004832 0.030299 0.909652 0.029901 0.025315
2 2 0.008452 0.056175 0.870855 0.029055 0.035463
2 2 0.005954 0.038782 0.897368 0.029106 0.028790
2 1 0.050497 0.192909 0.574579 0.047504 0.134511
2 2 0.004736 0.036294 0.909731 0.023711 0.025528
2 2 0.018932 0.097294 0.788960 0.039908 0.054905
2 2 0.007251 0.047192 0.883685 0.029522 0.032349
2 2 0.010028 0.064263 0.856129 0.030544 0.039036
2 1 0.113485 0.227786 0.365396 0.051057 0.242275
2 2 0.006018 0.043527 0.895376 0.025807 0.029273
2 2 0.016274 0.096302 0.802601 0.033777 0.051045
2 2 0.004477 0.031734 0.913478 0.025820 0.024491
2 2 0.014870 0.094844 0.810577 0.030889 0.048820
2 1 0.023654 0.123095 0.752913 0.038168 0.062171
2 2 0.009678 0.051235 0.863438 0.038095 0.037555
0 0 0.627696 0.165952 0.063232 0.067108 0.076012
0 1 0.434882 0.205131 0.095012 0.056388 0.208587
4 1 0.097632 0.217075 0.246975 0.036252 0.402067
2 1 0.050150 0.215166 0.469045 0.036395 0.229244
4 1 0.104604 0.225392 0.311766 0.042810 0.315428
2 1 0.041721 0.206532 0.535816 0.033707 0.182224
2 2 0.034473 0.143563 0.697897 0.049492 0.074575
4 2 0.158684 0.201071 0.153722 0.032839 0.453685
2 2 0.026313 0.131053 0.736468 0.040742 0.065424
2 2 0.004375 0.031324 0.914644 0.025477 0.024181
2 2 0.007333 0.050146 0.881912 0.027891 0.032718
2 2 0.004216 0.031798 0.916295 0.023918 0.023773
2 2 0.004863 0.032837 0.909199 0.027491 0.025609
2 2 0.004255 0.030017 0.916136 0.025848 0.023744
2 2 0.006082 0.041615 0.895464 0.027540 0.029298
2 2 0.003758 0.026040 0.922116 0.026092 0.021993
2 2 0.008824 0.057976 0.867366 0.029508 0.036326
2 2 0.004236 0.032715 0.915867 0.023284 0.023898
2 2 0.005991 0.044342 0.895289 0.025118 0.029260
2 2 0.005509 0.043531 0.899796 0.023147 0.028016
2 2 0.003885 0.028621 0.920513 0.024400 0.022581
2 2 0.006738 0.044722 0.888780 0.028723 0.031037
2 2 0.003237 0.020195 0.927707 0.028986 0.019874
2 2 0.003767 0.026651 0.922030 0.025482 0.022071
2 2 0.004083 0.028891 0.918188 0.025667 0.023170
2 2 0.008886 0.062648 0.864583 0.027175 0.036708
2 2 0.004876 0.034061 0.908884 0.026442 0.025737
2 2 0.003940 0.024384 0.919501 0.029811 0.022363
2 2 0.003464 0.020599 0.924528 0.030810 0.020599
2 2 0.004800 0.032551 0.909908 0.027322 0.025420
2 2 0.003966 0.023736 0.918941 0.030986 0.022371
2 2 0.004672 0.027862 0.911210 0.031576 0.024680
2 2 0.003636 0.025890 0.923634 0.025218 0.021622
2 2 0.008237 0.060233 0.870348 0.025944 0.035238
2 2 0.015927 0.100053 0.801926 0.031431 0.050663
2 2 0.004857 0.033650 0.909151 0.026686 0.025656
2 2 0.004469 0.033669 0.913174 0.024071 0.024617
2 2 0.004885 0.032182 0.909036 0.028285 0.025612
2 2 0.004194 0.029932 0.916830 0.025477 0.023567
2 2 0.005253 0.035823 0.904736 0.027346 0.026843
2 2 0.003544 0.025596 0.924789 0.024750 0.021321
2 2 0.005306 0.033126 0.904519 0.030287 0.026763
2 2 0.004419 0.027566 0.914181 0.029852 0.023982
2 2 0.004883 0.033510 0.908906 0.026989 0.025713
2 2 0.028150 0.110640 0.740360 0.054146 0.066704
2 1 0.069619 0.190668 0.579299 0.053574 0.106840
2 2 0.004755 0.033736 0.910198 0.025919 0.025392
2 2 0.004709 0.034575 0.910486 0.024898 0.025333
2 2 0.004530 0.030559 0.913013 0.027357 0.024541
2 2 0.005234 0.034428 0.905159 0.028493 0.026686
2 2 0.004808 0.034759 0.909431 0.025391 0.025611
2 2 0.004590 0.033406 0.911982 0.025097 0.024925
2 2 0.003922 0.030884 0.919712 0.022619 0.022863
2 2 0.003815 0.028964 0.921289 0.023530 0.022402
2 2 0.025727 0.131050 0.738787 0.039695 0.064742
2 2 0.005268 0.037881 0.904084 0.025734 0.027032
2 2 0.002906 0.018237 0.931748 0.028481 0.018627
2 2 0.003706 0.025533 0.922741 0.026225 0.021795
2 3 0.003164 0.019725 0.928568 0.028943 0.019600
2 2 0.011060 0.077031 0.842563 0.027753 0.041594
2 2 0.004047 0.026523 0.918578 0.027990 0.022862
2 2 0.004779 0.032599 0.910125 0.027129 0.025368
2 2 0.018305 0.099382 0.790806 0.037385 0.054123
0 1 0.393551 0.211358 0.177566 0.093721 0.123804
2 1 0.045791 0.185978 0.601292 0.046840 0.120100
2 2 0.003919 0.028675 0.920111 0.024611 0.022684
2 2 0.004765 0.034793 0.909858 0.025085 0.025500
2 2 0.006411 0.042151 0.892381 0.028947 0.030110
2 1 0.139313 0.238109 0.440377 0.063897 0.118305
0 1 0.356610 0.230231 0.189099 0.080085 0.143975
4 1 0.054318 0.215737 0.289932 0.026877 0.413137
2 2 0.005552 0.043092 0.899609 0.023648 0.028098
2 2 0.009294 0.059649 0.863303 0.030397 0.037358
2 1 0.077699 0.199252 0.559397 0.055768 0.107885
2 2 0.006758 0.050488 0.886270 0.025039 0.031445
2 2 0.007466 0.051641 0.880243 0.027550 0.033100
2 2 0.003348 0.022199 0.926902 0.027136 0.020416
2 0 0.151872 0.199534 0.416012 0.088087 0.144496
0 0 0.720671 0.143871 0.035710 0.046282 0.053466
4 1 0.070425 0.192843 0.176432 0.025639 0.534661
4 1 0.068814 0.219184 0.307389 0.034783 0.369830
2 1 0.070277 0.217277 0.444698 0.046024 0.221723
2 1 0.086363 0.217284 0.451081 0.050806 0.194465
4 1 0.091430 0.219699 0.268466 0.036594 0.383811
2 1 0.046279 0.207471 0.522485 0.037444 0.186321
2 2 0.016717 0.096804 0.800101 0.034653 0.051725
2 2 0.007047 0.046371 0.885641 0.029097 0.031843
2 1 0.091676 0.209745 0.482954 0.057192 0.158434
4 1 0.162371 0.210318 0.187475 0.038174 0.401662
2 2 0.031186 0.177305 0.655393 0.032632 0.103484
2 2 0.008057 0.055628 0.873982 0.027725 0.034607
4 4 0.086711 0.193491 0.171577 0.029984 0.518237
4 4 0.044842 0.089254 0.024551 0.003942 0.837411
4 4 0.091209 0.102484 0.022275 0.003052 0.780981
4 4 0.074883 0.105475 0.028306 0.004481 0.786856
4 4 0.115301 0.169920 0.102676 0.023288 0.588814
4 4 0.093805 0.141598 0.066064 0.015348 0.683186
4 4 0.072287 0.118646 0.043128 0.008418 0.757521
4 4 0.093380 0.222252 0.281216 0.037294 0.365859
4 4 0.123315 0.189107 0.137032 0.028107 0.522439
4 4 0.111805 0.133415 0.046658 0.008891 0.699230
4 4 0.091530 0.134314 0.055458 0.011839 0.706858
4 4 0.256934 0.187384 0.070455 0.021751 0.463475
4 4 0.273176 0.187519 0.118754 0.033629 0.386922
0 0 0.640097 0.160356 0.060194 0.043045 0.096307
4 4 0.120538 0.184685 0.127490 0.026294 0.540994
4 4 0.056996 0.112564 0.043558 0.008865 0.778017
4 4 0.107393 0.177491 0.119066 0.024861 0.571189
4 4 0.056753 0.215159 0.286020 0.028173 0.413896
4 4 0.100608 0.136653 0.054917 0.011512 0.696311
4 4 0.097386 0.152016 0.079828 0.018417 0.652352
4 4 0.087216 0.129417 0.050417 0.010335 0.722614
4 4 0.078903 0.158844 0.093280 0.017032 0.651942
4 4 0.118730 0.143991 0.058838 0.012491 0.665951
4 4 0.117591 0.137696 0.050354 0.009900 0.684459
4 4 0.125251 0.145323 0.058601 0.012331 0.658494
4 4 0.119834 0.145457 0.060688 0.013071 0.660951
4 4 0.111542 0.144665 0.062674 0.013849 0.667270
4 4 0.088249 0.103215 0.023346 0.003287 0.781903
4 4 0.070023 0.141550 0.074753 0.015585 0.698089
4 4 0.142850 0.159042 0.075704 0.017883 0.604522
4 4 0.070493 0.094783 0.020946 0.002899 0.810880
4 4 0.044087 0.079917 0.017500 0.002400 0.856096
4 4 0.066729 0.095784 0.022586 0.003268 0.811633
4 4 0.151134 0.182999 0.115002 0.026086 0.524779
4 4 0.104955 0.121037 0.034895 0.005817 0.733296
4 4 0.063696 0.101806 0.028532 0.004650 0.801317
4 4 0.048075 0.104097 0.038420 0.007560 0.801848
4 4 0.047391 0.113088 0.049612 0.010256 0.779653
4 4 0.042506 0.094452 0.030795 0.005558 0.826689
4 4 0.081253 0.099818 0.022256 0.003101 0.793571
4 4 0.089469 0.100406 0.021140 0.002833 0.786153
4 4 0.082494 0.091638 0.016735 0.002032 0.807102
4 4 0.114602 0.130287 0.042195 0.007626 0.705289
4 4 0.094703 0.147859 0.071790 0.015177 0.670471
4 4 0.054439 0.176906 0.144426 0.018745 0.605484
4 4 0.095280 0.143923 0.069400 0.016497 0.674900
4 4 0.224343 0.171642 0.057020 0.014499 0.532496
4 4 0.072285 0.191106 0.164498 0.023305 0.548807
4 4 0.067205 0.187624 0.162836 0.023429 0.558907
2 4 0.049484 0.221376 0.374638 0.028755 0.325747
4 2 0.057183 0.218338 0.316846 0.030482 0.377152
4 2 0.060228 0.212384 0.267559 0.029140 0.430689
4 2 0.055108 0.216061 0.292770 0.027550 0.408511
2 2 0.049953 0.221183 0.362483 0.028338 0.338043
4 2 0.068986 0.216855 0.288183 0.033843 0.392133
2 2 0.047066 0.221262 0.357555 0.025975 0.348142
4 2 0.052631 0.220411 0.345126 0.029171 0.352661
2 2 0.033634 0.177215 0.640824 0.035309 0.113018
2 2 0.049981 0.221327 0.376508 0.029249 0.322934
2 2 0.047012 0.220814 0.414083 0.029380 0.288711
4 2 0.050488 0.220707 0.348237 0.027844 0.352725
0 0 0.482043 0.179724 0.121595 0.059633 0.157005
0 0 0.779074 0.125161 0.022422 0.033074 0.040269
4 1 0.114528 0.219367 0.244271 0.038149 0.383685
2 1 0.062422 0.219712 0.406149 0.039942 0.271774
2 1 0.053261 0.220881 0.381186 0.032097 0.312575
2 1 0.059324 0.219776 0.384524 0.037258 0.299118
2 1 0.050249 0.220975 0.397661 0.030875 0.300240
2 2 0.004099 0.030340 0.917841 0.024386 0.023333
2 2 0.013061 0.072780 0.833019 0.036267 0.044873
2 2 0.043057 0.218459 0.455649 0.028810 0.254025
0 0 0.677654 0.154558 0.048319 0.050086 0.069382
0 1 0.861099 0.091432 0.008201 0.021490 0.017777
0 1 0.700633 0.152957 0.037166 0.048708 0.060537
2 1 0.105375 0.227787 0.339695 0.043398 0.283746
2 2 0.038703 0.140247 0.692124 0.048640 0.080286
2 2 0.023983 0.111224 0.758668 0.043998 0.062126
2 2 0.010681 0.065230 0.851388 0.032391 0.040310
2 2 0.006175 0.042457 0.894372 0.027418 0.029578
2 2 0.017969 0.093270 0.795903 0.039476 0.053383
2 2 0.006785 0.045340 0.888175 0.028513 0.031186
0 1 0.278064 0.244784 0.263763 0.108098 0.105290
2 2 0.068025 0.181766 0.599006 0.058706 0.092497
0 1 0.722930 0.143410 0.034594 0.049186 0.049879
2 2 0.044266 0.128873 0.685782 0.054626 0.086454
2 2 0.008632 0.056741 0.869300 0.029462 0.035865
2 2 0.007954 0.055604 0.874751 0.027305 0.034386
2 2 0.004628 0.033936 0.911466 0.024902 0.025069
2 2 0.005243 0.036800 0.904618 0.026449 0.026890
2 2 0.004657 0.033187 0.911318 0.025747 0.025091
2 2 0.005525 0.041024 0.900670 0.024884 0.027897
2 2 0.003649 0.026897 0.923460 0.024248 0.021746
2 2 0.004160 0.029604 0.917245 0.025544 0.023446
2 2 0.004782 0.036341 0.909262 0.023961 0.025655
2 2 0.005897 0.039636 0.897697 0.028054 0.028716
2 2 0.005855 0.041094 0.897668 0.026668 0.028715
2 2 0.005432 0.039508 0.902046 0.025454 0.027560
2 2 0.004976 0.035165 0.907636 0.026139 0.026084
2 2 0.006186 0.041974 0.894425 0.027844 0.029571
2 0 0.127754 0.203041 0.457729 0.073984 0.137493
0 1 0.424746 0.235383 0.155811 0.090335 0.093726
2 2 0.005816 0.036957 0.899018 0.029890 0.028319
2 2 0.005397 0.040873 0.901890 0.024278 0.027563
2 2 0.002631 0.019915 0.936779 0.022785 0.017891
2 2 0.003751 0.023952 0.921876 0.028638 0.021782
2 2 0.004351 0.032431 0.914704 0.024314 0.024200
2 2 0.004483 0.029313 0.913573 0.028323 0.024308
2 2 0.003282 0.020756 0.927307 0.028584 0.020071
2 2 0.003264 0.019092 0.926599 0.031208 0.019836
2 2 0.004798 0.023491 0.907602 0.039564 0.024545
2 2 0.003901 0.025764 0.920297 0.027657 0.022381
2 2 0.004041 0.021950 0.916977 0.034643 0.022388
2 2 0.003891 0.022952 0.919635 0.031442 0.022080
2 2 0.005261 0.033767 0.904952 0.029319 0.026702
2 2 0.003269 0.018132 0.925723 0.033138 0.019737
2 2 0.006199 0.027163 0.892541 0.045825 0.028272
2 3 0.006760 0.032800 0.889199 0.041131 0.030111
2 3 0.006404 0.033837 0.893156 0.037182 0.029422
2 0 0.084123 0.195513 0.544332 0.060027 0.116005
2 2 0.004719 0.033068 0.910691 0.026276 0.025246
2 2 0.005956 0.039553 0.897181 0.028461 0.028850
2 2 0.003467 0.022076 0.925178 0.028516 0.020763
2 2 0.003794 0.028252 0.921619 0.024050 0.022285
2 2 0.003768 0.029561 0.921722 0.022638 0.022311
