0 0 0.920313 0.043976 0.006335 0.002371 0.027005
0 0 0.935994 0.032851 0.008586 0.001914 0.020653
0 0 0.957040 0.021263 0.007386 0.001088 0.013223
0 0 0.975664 0.014153 0.001867 0.000388 0.007928
0 0 0.924234 0.038613 0.010099 0.002472 0.024581
0 0 0.914155 0.046981 0.007080 0.002683 0.029101
0 0 0.875829 0.064929 0.012278 0.004956 0.042009
0 1 0.815023 0.091161 0.022242 0.009636 0.061937
0 1 0.486076 0.191367 0.090646 0.052383 0.179528
0 1 0.533115 0.170144 0.059815 0.036972 0.199954
0 1 0.544342 0.181845 0.087391 0.045707 0.140715
0 1 0.365382 0.188387 0.072571 0.055286 0.318373
0 1 0.347639 0.210233 0.114437 0.076981 0.250709
0 1 0.472620 0.194210 0.094117 0.054916 0.184138
0 1 0.575579 0.173452 0.078202 0.040182 0.132586
0 1 0.327263 0.200843 0.093052 0.069683 0.309160
4 1 0.076383 0.132400 0.057980 0.079831 0.653406
4 4 0.218228 0.191427 0.089862 0.081336 0.419147
0 4 0.577035 0.146514 0.037988 0.024951 0.213512
4 4 0.104561 0.153646 0.071450 0.086530 0.583813
4 4 0.227101 0.172678 0.062846 0.061465 0.475909
4 4 0.298817 0.207166 0.107381 0.080287 0.306349
4 4 0.085839 0.155357 0.085754 0.104879 0.568170
4 4 0.078963 0.125910 0.049116 0.069336 0.676674
4 4 0.253641 0.130027 0.026617 0.029821 0.559895
4 4 0.142481 0.153429 0.057645 0.067023 0.579422
4 4 0.174738 0.152441 0.049962 0.056234 0.566625
4 4 0.287582 0.209033 0.112689 0.084424 0.306272
4 4 0.094352 0.151542 0.073868 0.091288 0.588950
4 4 0.191096 0.215438 0.160930 0.125761 0.306775
4 4 0.206601 0.219952 0.172717 0.126806 0.273924
4 4 0.132690 0.144421 0.050687 0.061819 0.610383
4 4 0.144370 0.163427 0.069002 0.076762 0.546438
4 4 0.126872 0.162194 0.073533 0.083748 0.553652
4 4 0.143111 0.170594 0.079324 0.085572 0.521399
4 4 0.154865 0.192245 0.113099 0.107967 0.431824
4 4 0.136426 0.174403 0.088041 0.093856 0.507274
4 4 0.244955 0.218364 0.148375 0.107934 0.280373
4 4 0.180460 0.212966 0.157936 0.127148 0.321490
4 4 0.178158 0.210437 0.149838 0.123746 0.337822
0 4 0.312442 0.223481 0.172128 0.102630 0.189319
0 4 0.343257 0.220482 0.158870 0.092988 0.184404
0 4 0.519287 0.181501 0.076829 0.044546 0.177836
0 4 0.663945 0.146746 0.054599 0.026597 0.108113
0 4 0.333987 0.221485 0.162780 0.095801 0.185948
0 4 0.292850 0.222252 0.159160 0.102551 0.223187
0 4 0.432442 0.205006 0.115219 0.066422 0.180911
0 4 0.569074 0.175246 0.080078 0.041300 0.134303
0 4 0.325895 0.222291 0.166247 0.098317 0.187250
0 2 0.358545 0.218648 0.152561 0.088501 0.181745
0 2 0.293685 0.218092 0.139353 0.095160 0.253710
0 2 0.368361 0.214743 0.140254 0.087157 0.189484
4 2 0.173041 0.218389 0.222169 0.152466 0.233935
1 2 0.194927 0.223356 0.215345 0.145138 0.221234
0 2 0.322611 0.221913 0.161488 0.097576 0.196413
0 2 0.329467 0.219388 0.164619 0.104707 0.181819
2 2 0.096847 0.158988 0.381481 0.235110 0.127573
3 2 0.062170 0.101012 0.358412 0.410815 0.067591
2 2 0.111657 0.169434 0.324645 0.257568 0.136696
2 2 0.083459 0.143433 0.325764 0.314631 0.132712
2 2 0.108400 0.146094 0.339466 0.299435 0.106606
2 2 0.121292 0.183981 0.295080 0.222441 0.177207
3 2 0.108932 0.121674 0.190501 0.493697 0.085196
3 3 0.044880 0.066434 0.257672 0.591954 0.039060
3 3 0.071455 0.078819 0.114975 0.664948 0.069802
3 3 0.074927 0.094196 0.158030 0.592990 0.079857
3 3 0.044359 0.065667 0.206451 0.638731 0.044791
3 3 0.090552 0.108476 0.171978 0.532210 0.096783
3 3 0.056396 0.082875 0.197903 0.598955 0.063870
3 3 0.027276 0.038111 0.124018 0.785959 0.024636
3 3 0.041533 0.053818 0.140273 0.728483 0.035893
3 3 0.105603 0.085261 0.123203 0.632058 0.053875
3 3 0.098096 0.106606 0.116557 0.561982 0.116759
3 3 0.026556 0.035867 0.106547 0.807572 0.023458
3 3 0.045201 0.053239 0.104453 0.760787 0.036320
3 3 0.049235 0.054299 0.084350 0.768013 0.044103
3 3 0.009913 0.011951 0.031125 0.939056 0.007955
3 3 0.033320 0.038442 0.057243 0.837289 0.033706
3 3 0.021391 0.026276 0.048930 0.882864 0.020539
3 3 0.030798 0.045430 0.110660 0.775518 0.037594
3 3 0.031153 0.042741 0.129727 0.768682 0.027697
3 3 0.023561 0.030148 0.075094 0.850562 0.020636
3 3 0.047840 0.060510 0.139927 0.709449 0.042274
3 3 0.092303 0.138174 0.288323 0.372196 0.109004
3 3 0.028446 0.042364 0.142882 0.757108 0.029200
3 3 0.036008 0.049622 0.137138 0.743477 0.033756
3 3 0.043874 0.063973 0.132299 0.698357 0.061497
3 3 0.064598 0.099323 0.207426 0.530797 0.097856
3 3 0.027759 0.040550 0.137955 0.766622 0.027114
3 3 0.077046 0.093039 0.209151 0.550933 0.069831
3 3 0.020696 0.026294 0.068166 0.867234 0.017609
3 3 0.076833 0.074320 0.094892 0.689540 0.064415
3 3 0.019089 0.026717 0.072868 0.861211 0.020115
3 3 0.019097 0.024485 0.071789 0.869117 0.015512
3 3 0.022592 0.030823 0.087026 0.838063 0.021496
3 3 0.019155 0.025777 0.081180 0.857141 0.016747
3 3 0.016157 0.018824 0.033275 0.917272 0.014472
3 3 0.019597 0.023791 0.045063 0.893300 0.018249
3 3 0.021084 0.026364 0.058589 0.874998 0.018965
3 3 0.011216 0.012526 0.023460 0.943748 0.009050
3 3 0.025628 0.032442 0.054491 0.859710 0.027729
3 3 0.015944 0.020049 0.069180 0.883467 0.011359
3 3 0.088174 0.093266 0.121698 0.610300 0.086562
3 3 0.037594 0.042347 0.065611 0.820932 0.033516
3 3 0.032537 0.048652 0.092024 0.778950 0.047837
3 3 0.038804 0.055952 0.139997 0.722388 0.042859
3 3 0.022971 0.031237 0.122263 0.805914 0.017616
3 3 0.044165 0.068755 0.169843 0.659016 0.058221
3 3 0.024064 0.034825 0.169402 0.753101 0.018608
3 3 0.011915 0.014386 0.035129 0.928756 0.009814
3 3 0.040647 0.062621 0.136466 0.700781 0.059485
3 3 0.020371 0.030791 0.077924 0.843938 0.026976
3 3 0.026757 0.033906 0.062758 0.849388 0.027191
3 3 0.027675 0.039410 0.188683 0.723795 0.020437
3 3 0.039659 0.062670 0.153563 0.688838 0.055270
3 3 0.039587 0.060843 0.271805 0.592741 0.035024
0 3 0.413808 0.200709 0.097335 0.062222 0.225925
4 2 0.202773 0.195566 0.105487 0.104442 0.391733
0 2 0.371788 0.207988 0.115987 0.080531 0.223706
2 2 0.173033 0.214367 0.245785 0.168724 0.198091
4 2 0.229292 0.207959 0.121310 0.099420 0.342020
4 0 0.273984 0.216032 0.133964 0.096322 0.279699
4 2 0.259362 0.202327 0.101761 0.082734 0.353816
0 2 0.309174 0.216860 0.134283 0.090581 0.249102
0 2 0.343621 0.212168 0.121025 0.079989 0.243196
0 2 0.278959 0.223998 0.174656 0.110139 0.212248
0 2 0.371993 0.205528 0.147379 0.085174 0.189926
0 2 0.466100 0.196082 0.097353 0.056696 0.183770
0 2 0.562249 0.177102 0.082067 0.042491 0.136091
0 2 0.275721 0.225692 0.188981 0.115325 0.194282
2 2 0.090216 0.160487 0.425910 0.190882 0.132505
2 2 0.171602 0.208419 0.232753 0.159124 0.228102
2 2 0.137185 0.205078 0.295753 0.178640 0.183344
2 2 0.057863 0.075066 0.684172 0.121247 0.061653
2 2 0.077992 0.103403 0.589721 0.141824 0.087061
2 2 0.086803 0.141406 0.478751 0.175607 0.117433
3 2 0.069571 0.115692 0.332682 0.392110 0.089945
3 2 0.064488 0.103228 0.349369 0.413513 0.069402
2 2 0.081843 0.139698 0.484997 0.178856 0.114606
2 2 0.083152 0.104520 0.579915 0.143790 0.088624
2 2 0.071243 0.124231 0.436025 0.276659 0.091842
2 2 0.103470 0.160317 0.339847 0.269729 0.126637
2 2 0.088290 0.141529 0.398554 0.178593 0.193034
2 2 0.087653 0.147706 0.461476 0.180818 0.122347
3 2 0.067578 0.123956 0.343861 0.351650 0.112955
3 2 0.064023 0.101960 0.344826 0.420969 0.068222
2 2 0.126991 0.193825 0.315389 0.195515 0.168280
2 2 0.199370 0.196975 0.238236 0.134399 0.231019
0 2 0.285913 0.193872 0.166637 0.091137 0.262441
0 2 0.229178 0.225122 0.197373 0.129515 0.218812
2 2 0.157450 0.205157 0.287315 0.162970 0.187108
2 2 0.178331 0.212867 0.257946 0.153024 0.197832
2 2 0.097880 0.167318 0.397639 0.198174 0.138989
2 2 0.093079 0.163469 0.416277 0.191620 0.135555
2 2 0.085746 0.137367 0.490136 0.172619 0.114133
2 2 0.129830 0.199093 0.313801 0.181307 0.175969
2 2 0.099723 0.166710 0.384536 0.211897 0.137135
2 2 0.076647 0.119696 0.542684 0.162453 0.098520
2 2 0.082249 0.132061 0.364093 0.324657 0.096941
2 2 0.059222 0.108833 0.511869 0.239987 0.080088
2 2 0.084011 0.153097 0.445142 0.193080 0.124670
2 2 0.046832 0.079283 0.547958 0.271357 0.054570
2 2 0.128199 0.197720 0.317914 0.181861 0.174307
2 2 0.070153 0.127513 0.450972 0.255856 0.095507
4 2 0.131925 0.207215 0.184502 0.155478 0.320881
2 2 0.083100 0.145066 0.420736 0.237790 0.113310
4 2 0.239207 0.204736 0.203070 0.113482 0.239505
2 2 0.078726 0.122514 0.533979 0.163609 0.101172
2 2 0.117485 0.188273 0.345964 0.185128 0.163149
2 2 0.071409 0.107452 0.579979 0.152950 0.088210
2 2 0.141942 0.208769 0.284503 0.176778 0.188009
2 2 0.052501 0.086278 0.607257 0.189274 0.064690
2 2 0.101697 0.152244 0.445807 0.171822 0.128430
2 2 0.055103 0.067508 0.687324 0.136373 0.053693
2 2 0.086352 0.140536 0.374051 0.292968 0.106093
2 2 0.075250 0.122159 0.536011 0.166709 0.099871
3 2 0.033273 0.053678 0.289257 0.593789 0.030003
2 2 0.077900 0.135061 0.417569 0.267422 0.102047
4 2 0.151624 0.210679 0.206977 0.152696 0.278024
2 2 0.238231 0.192404 0.253806 0.116327 0.199231
4 4 0.243378 0.181390 0.071100 0.065706 0.438426
0 4 0.419534 0.207750 0.121116 0.069933 0.181667
4 4 0.285487 0.197243 0.089287 0.072419 0.355564
2 4 0.068888 0.092267 0.618921 0.144124 0.075800
2 4 0.117035 0.187859 0.347184 0.185251 0.162671
4 2 0.177204 0.221347 0.221580 0.153063 0.226806
4 2 0.225854 0.218656 0.156204 0.115329 0.283957
2 2 0.069737 0.124805 0.391044 0.311266 0.103148
4 2 0.213254 0.214663 0.209448 0.132944 0.229692
0 2 0.345026 0.219361 0.151117 0.090415 0.194081
0 2 0.494316 0.170119 0.055326 0.037403 0.242836
4 2 0.254059 0.206702 0.111938 0.089010 0.338292
4 2 0.146600 0.198071 0.132820 0.122599 0.399910
4 2 0.236025 0.220934 0.162838 0.115762 0.264442
0 2 0.349110 0.205355 0.102235 0.071550 0.271750
4 4 0.234446 0.222519 0.172392 0.119767 0.250876
2 4 0.140870 0.208332 0.284750 0.177104 0.188943
0 4 0.444142 0.200951 0.105047 0.061703 0.188156
0 0 0.538198 0.162987 0.122541 0.046670 0.129603
0 1 0.587338 0.170147 0.074859 0.038204 0.129451
0 1 0.419564 0.192240 0.080685 0.054625 0.252887
4 2 0.236614 0.214920 0.138342 0.105126 0.304999
4 2 0.151983 0.211886 0.180674 0.146377 0.309080
2 2 0.148860 0.216955 0.248914 0.172194 0.213077
4 2 0.140037 0.212274 0.203838 0.160780 0.283072
2 2 0.063413 0.070903 0.695719 0.110011 0.059955
2 2 0.069688 0.074398 0.681845 0.110218 0.063852
2 2 0.116629 0.176706 0.344035 0.174468 0.188161
4 2 0.184307 0.194747 0.105431 0.096896 0.418619
0 0 0.557074 0.168039 0.060834 0.035794 0.178258
0 1 0.652479 0.135981 0.036347 0.021006 0.154187
0 1 0.472911 0.194408 0.094765 0.055108 0.182807
0 2 0.269258 0.221196 0.155320 0.105832 0.248394
4 2 0.255822 0.220136 0.153013 0.107641 0.263389
0 2 0.354564 0.219147 0.154187 0.089651 0.182451
0 2 0.431235 0.207195 0.124718 0.069441 0.167412
0 2 0.427103 0.207957 0.126213 0.070434 0.168293
2 2 0.141082 0.208112 0.286512 0.177122 0.187172
2 2 0.040483 0.044117 0.794598 0.084698 0.036104
0 2 0.275089 0.221510 0.156080 0.104956 0.242364
0 2 0.332327 0.213404 0.123058 0.082593 0.248618
4 2 0.201497 0.183888 0.081799 0.078225 0.454591
0 0 0.747919 0.117391 0.035290 0.016219 0.083181
0 1 0.320281 0.208829 0.110260 0.078788 0.281841
4 1 0.206798 0.208566 0.129401 0.106579 0.348655
0 2 0.366995 0.201726 0.095065 0.066283 0.269930
4 2 0.254546 0.214900 0.133737 0.099645 0.297172
4 2 0.244546 0.193891 0.088959 0.077220 0.395385
4 2 0.140079 0.192149 0.121783 0.117358 0.428631
2 2 0.136664 0.209842 0.264612 0.176941 0.211941
2 2 0.050617 0.044335 0.790115 0.076776 0.038157
2 2 0.064485 0.065564 0.712485 0.101180 0.056286
0 2 0.350140 0.205833 0.103360 0.071930 0.268737
4 2 0.154501 0.210313 0.169549 0.140320 0.325316
2 2 0.154827 0.218080 0.255598 0.171251 0.200244
2 2 0.086113 0.146401 0.465486 0.181112 0.120887
2 2 0.187347 0.215437 0.258043 0.151292 0.187881
0 2 0.540763 0.182770 0.088473 0.046366 0.141628
0 0 0.586838 0.167430 0.079329 0.038435 0.127969
0 0 0.595299 0.166065 0.075336 0.036999 0.126301
0 0 0.595976 0.167670 0.072444 0.036786 0.127124
0 0 0.747919 0.117429 0.035350 0.016236 0.083067
0 1 0.516335 0.188881 0.096024 0.051013 0.147746
0 1 0.563657 0.174359 0.075089 0.040264 0.146630
0 2 0.653988 0.129435 0.030532 0.018518 0.167527
0 2 0.422445 0.171335 0.052985 0.040461 0.312774
0 0 0.751873 0.115953 0.034520 0.015806 0.081848
0 0 0.746628 0.117075 0.034349 0.016016 0.085932
0 1 0.384606 0.166910 0.048364 0.039907 0.360214
0 2 0.461507 0.190780 0.083364 0.052011 0.212339
4 2 0.279936 0.202362 0.099115 0.078529 0.340059
4 2 0.109840 0.169695 0.094322 0.105238 0.520905
4 2 0.120300 0.198443 0.160404 0.147396 0.373456
4 2 0.196270 0.187589 0.088812 0.083853 0.443476
2 2 0.075661 0.071549 0.687754 0.102102 0.062934
4 2 0.090124 0.181213 0.142204 0.148473 0.437985
4 2 0.130257 0.197044 0.226722 0.157447 0.288530
2 2 0.114753 0.162079 0.373223 0.165358 0.184587
2 2 0.198060 0.115648 0.494655 0.092128 0.099509
0 0 0.764194 0.111297 0.031980 0.014499 0.078029
0 0 0.854112 0.074588 0.015611 0.006482 0.049207
0 0 0.815385 0.091012 0.022177 0.009605 0.061821
0 0 0.858960 0.072461 0.014845 0.006127 0.047608
0 0 0.687271 0.138987 0.048943 0.023480 0.101320
0 0 0.684629 0.139880 0.049571 0.023823 0.102096
0 1 0.472094 0.191844 0.087925 0.052768 0.195369
0 1 0.672299 0.139956 0.045309 0.023260 0.119176
0 1 0.653653 0.148534 0.053935 0.027082 0.116795
0 2 0.830716 0.084067 0.018888 0.008145 0.058184
0 2 0.778161 0.105916 0.029184 0.013078 0.073661
0 2 0.668656 0.145109 0.053240 0.025896 0.107100
0 2 0.450376 0.186864 0.074593 0.049300 0.238866
4 4 0.252508 0.211429 0.123984 0.095382 0.316697
0 4 0.574828 0.170407 0.070033 0.037750 0.146982
0 4 0.342312 0.216631 0.135917 0.085913 0.219227
4 4 0.200039 0.215011 0.153686 0.120185 0.311080
2 4 0.155055 0.202491 0.293573 0.162836 0.186045
0 2 0.265096 0.217645 0.172651 0.108442 0.236166
0 2 0.448475 0.194047 0.087939 0.055020 0.214519
0 2 0.542323 0.180961 0.083588 0.044768 0.148360
0 2 0.384431 0.187685 0.071801 0.053300 0.302783
4 2 0.153764 0.217055 0.220438 0.161494 0.247250
4 2 0.133677 0.207545 0.206560 0.160980 0.291239
2 2 0.128849 0.198270 0.316270 0.181641 0.174970
2 2 0.123937 0.194052 0.328852 0.183240 0.169919
2 2 0.118731 0.160674 0.413268 0.165693 0.141635
2 2 0.116780 0.187624 0.347877 0.185320 0.162399
2 2 0.044922 0.039419 0.810039 0.072014 0.033606
2 2 0.137159 0.205057 0.295817 0.178650 0.183317
2 2 0.118769 0.187532 0.336295 0.182056 0.175347
2 2 0.107061 0.178344 0.375097 0.187616 0.151882
2 2 0.081549 0.098026 0.604106 0.132338 0.083980
2 2 0.121657 0.170819 0.386191 0.170785 0.150548
2 2 0.037400 0.039486 0.812348 0.078491 0.032274
2 2 0.084832 0.117374 0.540417 0.159025 0.098352
4 2 0.247074 0.202848 0.104903 0.086245 0.358930
0 2 0.622539 0.159794 0.065227 0.032603 0.119838
0 1 0.681668 0.140877 0.050280 0.024211 0.102964
0 1 0.371739 0.212325 0.124237 0.077453 0.214246
4 2 0.196279 0.214811 0.155043 0.121732 0.312134
0 0 0.561062 0.170823 0.085352 0.041546 0.141216
0 1 0.517903 0.188500 0.095531 0.050707 0.147359
0 2 0.255017 0.214832 0.207903 0.121887 0.200361
2 2 0.170107 0.206472 0.289222 0.157656 0.176544
2 2 0.143558 0.215592 0.237471 0.171264 0.232115
4 2 0.167349 0.219479 0.217046 0.155188 0.240938
2 2 0.147613 0.212990 0.271503 0.174428 0.193467
2 2 0.038246 0.047058 0.784290 0.092760 0.037647
2 2 0.149689 0.210839 0.278165 0.172198 0.189108
2 2 0.103703 0.174986 0.384893 0.188253 0.148164
2 2 0.114474 0.185481 0.354187 0.185922 0.159936
2 2 0.101559 0.169940 0.383283 0.203990 0.141228
2 2 0.059072 0.076480 0.679257 0.122244 0.062946
2 2 0.091483 0.147067 0.365561 0.283068 0.112821
2 2 0.084636 0.131551 0.506572 0.167719 0.109523
2 2 0.098067 0.156503 0.359336 0.262926 0.123169
2 2 0.117401 0.186070 0.341502 0.195468 0.159559
2 2 0.110517 0.178153 0.356360 0.205040 0.149930
2 2 0.075510 0.118956 0.545151 0.162735 0.097649
2 2 0.118642 0.189329 0.342847 0.184808 0.164374
2 2 0.154827 0.218080 0.255598 0.171251 0.200244
2 2 0.104564 0.164272 0.347379 0.252092 0.131693
2 2 0.078085 0.122423 0.534438 0.164138 0.100916
2 2 0.078337 0.135627 0.497192 0.178319 0.110525
3 2 0.047743 0.073589 0.293003 0.541111 0.044554
2 2 0.081287 0.135360 0.389587 0.292557 0.101209
3 2 0.074802 0.119733 0.358459 0.362320 0.084686
4 2 0.176176 0.219602 0.217388 0.150823 0.236012
0 2 0.362802 0.208891 0.111890 0.073980 0.242437
0 2 0.362826 0.201520 0.094474 0.066464 0.274716
0 2 0.418041 0.205359 0.111392 0.066938 0.198269
4 2 0.231763 0.216958 0.188904 0.120333 0.242041
0 2 0.406762 0.173945 0.055405 0.042782 0.321106
0 2 0.532363 0.184115 0.088358 0.047148 0.148017
0 2 0.451768 0.191601 0.083381 0.052897 0.220353
0 0 0.619707 0.156939 0.057912 0.030571 0.134871
0 1 0.676842 0.142492 0.051443 0.024850 0.104373
0 1 0.345463 0.203024 0.097143 0.069630 0.284740
4 2 0.281767 0.208884 0.112946 0.085388 0.311015
2 2 0.069737 0.087138 0.642059 0.127904 0.073163
2 2 0.063397 0.062854 0.721796 0.097873 0.054080
2 2 0.113850 0.173151 0.384632 0.178346 0.150022
2 2 0.113101 0.170213 0.392320 0.176883 0.147484
2 2 0.040975 0.036151 0.823515 0.068778 0.030581
2 2 0.100818 0.148378 0.454349 0.169546 0.126909
2 2 0.121988 0.181579 0.359661 0.177520 0.159252
2 2 0.077755 0.127841 0.519155 0.170520 0.104729
2 2 0.156746 0.218466 0.240617 0.166522 0.217648
4 2 0.141445 0.214803 0.230411 0.169951 0.243390
2 2 0.179668 0.220520 0.244934 0.156921 0.197957
2 2 0.136012 0.204146 0.298578 0.179083 0.182180
2 2 0.124163 0.194249 0.328265 0.183169 0.170153
2 2 0.154827 0.218080 0.255598 0.171251 0.200244
2 2 0.110493 0.181696 0.365295 0.186879 0.155637
2 2 0.097034 0.134658 0.492865 0.160034 0.115410
2 2 0.140341 0.207542 0.288254 0.177416 0.186448
2 2 0.053769 0.090152 0.622967 0.163323 0.069790
2 2 0.103589 0.141443 0.471386 0.161182 0.122399
2 2 0.082820 0.119558 0.540967 0.156460 0.100195
2 2 0.099603 0.170774 0.397146 0.188912 0.143565
2 2 0.131684 0.200634 0.309176 0.180660 0.177846
2 2 0.083547 0.153061 0.448440 0.190050 0.124903
2 2 0.076975 0.138281 0.441617 0.236341 0.106787
2 2 0.104680 0.175389 0.380529 0.191096 0.148306
2 2 0.062423 0.115106 0.533712 0.200367 0.088392
2 2 0.045216 0.054589 0.756187 0.099630 0.044378
2 2 0.040605 0.076485 0.446961 0.387729 0.048219
2 2 0.064133 0.103279 0.594210 0.155231 0.083147
2 2 0.100233 0.158047 0.351352 0.265808 0.124560
4 2 0.191885 0.222697 0.216228 0.146080 0.223110
2 2 0.044197 0.045759 0.787646 0.084402 0.037996
2 2 0.070509 0.122519 0.418071 0.299838 0.089064
2 2 0.075533 0.118608 0.546147 0.162306 0.097406
2 2 0.059077 0.104067 0.420687 0.344676 0.071493
2 2 0.091896 0.162522 0.421077 0.189764 0.134740
2 2 0.064291 0.119599 0.467285 0.260861 0.087965
2 2 0.081085 0.149556 0.454629 0.193727 0.121003
2 2 0.045360 0.064746 0.720911 0.117608 0.051376
3 2 0.050554 0.081958 0.327525 0.485920 0.054044
3 2 0.078021 0.126076 0.330514 0.367454 0.097934
2 2 0.069983 0.125158 0.508616 0.198064 0.098179
2 2 0.057023 0.091891 0.630488 0.147453 0.073145
2 2 0.054406 0.100467 0.553947 0.216971 0.074209
2 2 0.066144 0.128808 0.498678 0.206850 0.099519
2 2 0.055056 0.096374 0.568602 0.208215 0.071753
2 2 0.054904 0.097291 0.420493 0.361915 0.065397
3 2 0.034189 0.048413 0.154554 0.731404 0.031440
3 2 0.125959 0.147388 0.278472 0.335454 0.112727
2 2 0.166664 0.205968 0.249540 0.172958 0.204870
4 2 0.138001 0.203711 0.173224 0.144665 0.340398
2 2 0.112966 0.184060 0.358363 0.186297 0.158314
2 2 0.107424 0.176820 0.378687 0.186248 0.150821
4 2 0.139548 0.213540 0.218152 0.166508 0.262251
0 2 0.646581 0.149598 0.053354 0.027359 0.123109
0 0 0.870196 0.062948 0.018983 0.005740 0.042133
0 0 0.749132 0.107794 0.048239 0.016725 0.078111
0 0 0.784446 0.103457 0.027955 0.012460 0.071682
0 0 0.867122 0.068178 0.013003 0.005394 0.046303
0 0 0.584122 0.170835 0.075126 0.038554 0.131363
4 1 0.257072 0.213475 0.128854 0.096937 0.303663
4 2 0.174689 0.186425 0.093305 0.090489 0.455092
4 2 0.045834 0.109609 0.049864 0.080134 0.714561
4 2 0.031998 0.099209 0.049801 0.086968 0.732023
4 2 0.067183 0.130289 0.060896 0.085714 0.655917
4 4 0.033540 0.087782 0.034536 0.063792 0.780351
4 4 0.072852 0.089859 0.021213 0.035384 0.780692
4 4 0.036062 0.038960 0.004314 0.010653 0.910010
4 4 0.092287 0.078741 0.012998 0.022034 0.793940
4 4 0.083039 0.070105 0.010416 0.018729 0.817710
4 4 0.038653 0.039582 0.004276 0.010408 0.907080
4 4 0.024149 0.043360 0.007379 0.018528 0.906585
4 4 0.052145 0.044108 0.004545 0.010246 0.888957
4 4 0.146567 0.070609 0.007458 0.012128 0.763238
4 4 0.201952 0.128876 0.028997 0.034600 0.605575
4 4 0.149391 0.108160 0.021624 0.029754 0.691070
0 4 0.379033 0.195500 0.083816 0.059799 0.281852
4 4 0.159057 0.152500 0.052883 0.060574 0.574986
4 4 0.321548 0.165421 0.048318 0.043587 0.421126
4 4 0.138041 0.132526 0.038908 0.049408 0.641116
4 4 0.083562 0.109524 0.032356 0.048623 0.725934
4 4 0.329478 0.107444 0.014592 0.016383 0.532102
4 4 0.261559 0.133798 0.028381 0.031072 0.545191
4 4 0.304673 0.101901 0.013057 0.015408 0.564961
4 4 0.180000 0.175834 0.075471 0.076607 0.492088
4 4 0.098947 0.153654 0.074393 0.090615 0.582392
4 4 0.102863 0.116028 0.032822 0.046621 0.701666
4 4 0.197689 0.119081 0.023765 0.029569 0.629896
4 4 0.152739 0.125653 0.031677 0.040560 0.649371
4 4 0.193781 0.164242 0.058624 0.061618 0.521735
4 4 0.110842 0.098729 0.020516 0.030914 0.738999
4 4 0.108960 0.156544 0.073421 0.087357 0.573719
4 4 0.078894 0.129644 0.053345 0.074097 0.664020
4 4 0.243631 0.172037 0.060122 0.057871 0.466338
4 4 0.135877 0.171205 0.083132 0.090042 0.519743
4 4 0.289246 0.174241 0.058473 0.052849 0.425190
4 4 0.142473 0.111148 0.023876 0.032758 0.689744
4 4 0.218371 0.171676 0.062939 0.062423 0.484591
0 4 0.315712 0.208724 0.110124 0.079332 0.286109
0 4 0.373318 0.205048 0.102872 0.068990 0.249772
0 4 0.319374 0.206802 0.105511 0.076706 0.291608
0 0 0.772494 0.108113 0.030308 0.013647 0.075439
0 0 0.699253 0.132628 0.042222 0.020801 0.105096
0 0 0.979473 0.012752 0.000821 0.000246 0.006709
0 0 0.984042 0.009478 0.001154 0.000201 0.005124
0 0 0.983555 0.010370 0.000586 0.000169 0.005320
0 0 0.974763 0.015447 0.001123 0.000348 0.008319
0 0 0.939801 0.034210 0.004164 0.001487 0.020339
0 0 0.953106 0.027099 0.003058 0.001000 0.015738
0 0 0.972580 0.016679 0.001273 0.000400 0.009068
0 0 0.901153 0.053209 0.008739 0.003392 0.033507
0 0 0.892298 0.057366 0.009932 0.003912 0.036493
0 0 0.778982 0.105596 0.029022 0.012997 0.073403
0 0 0.788840 0.096702 0.033984 0.012468 0.068006
0 0 0.892149 0.056094 0.011584 0.004062 0.036111
0 0 0.859977 0.072012 0.014685 0.006053 0.047272
0 1 0.377383 0.208010 0.111102 0.071833 0.231671
0 1 0.447802 0.201597 0.108611 0.062452 0.179538
4 1 0.235689 0.199328 0.100173 0.085206 0.379604
0 1 0.515093 0.174149 0.063001 0.039501 0.208257
0 1 0.793984 0.099682 0.026125 0.011546 0.068663
0 1 0.927239 0.039639 0.006578 0.002133 0.024411
0 1 0.650015 0.139875 0.040176 0.022611 0.147323
0 1 0.317123 0.219380 0.145147 0.093284 0.225066
4 1 0.229683 0.220427 0.162840 0.117205 0.269845
4 1 0.142459 0.213195 0.206461 0.160860 0.277025
0 1 0.286075 0.220346 0.149361 0.100362 0.243856
4 2 0.123621 0.206290 0.194944 0.163765 0.311380
2 2 0.134823 0.203193 0.301463 0.179525 0.180996
2 2 0.093515 0.114836 0.549594 0.142567 0.099489
2 2 0.123047 0.193271 0.331174 0.183515 0.168994
2 2 0.139709 0.207054 0.289743 0.177664 0.185830
2 2 0.124186 0.199432 0.297791 0.182643 0.195948
2 2 0.154310 0.207606 0.287919 0.167821 0.182344
2 2 0.077346 0.084315 0.647394 0.118111 0.072834
2 2 0.129220 0.198582 0.315335 0.181515 0.175348
2 2 0.142296 0.209038 0.283677 0.176635 0.188353
2 2 0.060884 0.060675 0.730100 0.096351 0.051989
2 2 0.120223 0.182949 0.357312 0.179724 0.159792
2 2 0.140025 0.207298 0.288997 0.177540 0.186139
2 2 0.115919 0.183147 0.341716 0.203714 0.155504
2 2 0.132304 0.201144 0.307641 0.180440 0.178471
2 2 0.151005 0.212931 0.250257 0.166686 0.219121
2 2 0.117053 0.187876 0.347134 0.185246 0.162690
2 2 0.075168 0.107536 0.578560 0.149419 0.089317
2 2 0.089074 0.118908 0.540204 0.150401 0.101413
2 2 0.090405 0.145749 0.465736 0.176337 0.121773
2 2 0.094685 0.140016 0.479417 0.167100 0.118782
2 2 0.043552 0.050225 0.771940 0.093296 0.040987
2 2 0.106736 0.173315 0.387694 0.184376 0.147879
2 2 0.068123 0.095314 0.609803 0.148972 0.077788
2 2 0.064115 0.119463 0.519636 0.204967 0.091818
2 2 0.080414 0.137346 0.491874 0.177927 0.112438
2 2 0.163741 0.191102 0.329338 0.154413 0.161405
4 2 0.181838 0.209984 0.221064 0.140049 0.247065
2 2 0.112965 0.170813 0.390893 0.177417 0.147912
2 2 0.068879 0.094876 0.618601 0.139125 0.078520
2 2 0.026675 0.024736 0.871896 0.056570 0.020124
2 2 0.053034 0.063566 0.723461 0.107529 0.052411
2 2 0.097354 0.163108 0.387692 0.219040 0.132806
2 2 0.126468 0.195767 0.321423 0.184619 0.171723
2 2 0.102380 0.152441 0.442955 0.171750 0.130473
2 2 0.045905 0.046934 0.782917 0.085083 0.039161
2 2 0.032392 0.035812 0.827169 0.075873 0.028754
2 2 0.102103 0.161452 0.419766 0.179405 0.137274
2 2 0.040258 0.065915 0.608262 0.240450 0.045114
2 2 0.066835 0.104116 0.591128 0.153394 0.084528
2 2 0.047324 0.090412 0.556410 0.241920 0.063933
2 2 0.125550 0.195454 0.324680 0.182730 0.171587
2 2 0.055605 0.103186 0.525957 0.240145 0.075106
2 2 0.056549 0.099726 0.418636 0.357564 0.067525
2 2 0.050806 0.079902 0.441156 0.375729 0.052406
2 3 0.060259 0.113539 0.475711 0.268326 0.082165
2 3 0.048515 0.071417 0.669819 0.155718 0.054530
2 3 0.036917 0.054022 0.619203 0.253947 0.035911
2 3 0.060443 0.110684 0.453455 0.296830 0.078588
2 3 0.036324 0.059541 0.454903 0.413025 0.036206
3 3 0.037202 0.057185 0.265469 0.607740 0.032404
2 3 0.066367 0.120071 0.447016 0.278908 0.087638
3 3 0.036521 0.061169 0.329966 0.536872 0.035472
3 3 0.041942 0.060627 0.231642 0.630628 0.035161
0 3 0.501201 0.151804 0.163931 0.063803 0.119261
0 0 0.368825 0.217295 0.148413 0.085585 0.179882
2 2 0.167994 0.208291 0.284129 0.159626 0.179960
2 2 0.128716 0.198158 0.316604 0.181686 0.174835
2 2 0.082833 0.093228 0.617760 0.125477 0.080702
2 2 0.106728 0.169989 0.362128 0.222019 0.139138
2 2 0.127167 0.195598 0.324480 0.181495 0.171260
2 2 0.071008 0.100518 0.600826 0.144517 0.083131
2 2 0.079675 0.105512 0.582831 0.142941 0.089040
2 2 0.098649 0.169777 0.400043 0.189046 0.142485
2 2 0.091981 0.154983 0.440667 0.183220 0.129148
2 2 0.065144 0.114073 0.521476 0.212112 0.087194
2 2 0.050556 0.084874 0.621136 0.179562 0.063872
3 2 0.032601 0.046375 0.158037 0.733739 0.029248
3 2 0.040914 0.062460 0.222439 0.633090 0.041098
0 2 0.614125 0.153419 0.076102 0.033438 0.122916
4 2 0.174447 0.208074 0.176325 0.138533 0.302622
2 2 0.117182 0.187995 0.346784 0.185211 0.162827
4 2 0.172687 0.217762 0.193833 0.146724 0.268994
4 2 0.254556 0.215214 0.147223 0.103244 0.279764
2 2 0.040835 0.049451 0.775245 0.094610 0.039859
2 2 0.076110 0.135200 0.461754 0.221521 0.105415
2 2 0.114237 0.185259 0.354840 0.185982 0.159682
2 2 0.118863 0.189530 0.342253 0.184746 0.164608
2 2 0.125299 0.195237 0.325327 0.182810 0.171328
2 2 0.146579 0.212235 0.273839 0.174866 0.192481
2 2 0.142055 0.208602 0.283860 0.177809 0.187674
2 2 0.128123 0.197656 0.318106 0.181886 0.174229
2 2 0.172873 0.214167 0.265497 0.158925 0.188539
2 2 0.119197 0.184214 0.328577 0.212119 0.155893
0 2 0.276772 0.225612 0.187892 0.114779 0.194944
0 2 0.240991 0.223221 0.212841 0.127981 0.194966
2 2 0.125839 0.189133 0.293031 0.218885 0.173113
2 2 0.103522 0.160838 0.341438 0.266881 0.127320
3 2 0.146020 0.178192 0.239502 0.246640 0.189646
2 2 0.129296 0.184647 0.284230 0.248276 0.153552
0 2 0.291849 0.220892 0.162772 0.110230 0.214256
3 2 0.047634 0.067702 0.235995 0.608712 0.039957
3 2 0.133022 0.139194 0.196062 0.413412 0.118311
3 2 0.102786 0.134336 0.166645 0.451732 0.144501
3 2 0.056766 0.093061 0.358197 0.431230 0.060746
3 2 0.055971 0.090036 0.341629 0.454345 0.058020
2 3 0.080238 0.122076 0.417920 0.288736 0.091030
0 2 0.358661 0.196897 0.142941 0.111671 0.189830
4 2 0.105619 0.182199 0.180311 0.218551 0.313320
2 2 0.068417 0.103900 0.554153 0.192344 0.081187
2 2 0.061749 0.097178 0.604335 0.159466 0.077272
2 2 0.067817 0.094874 0.607136 0.140918 0.089254
2 2 0.045221 0.063732 0.700500 0.141721 0.048826
2 2 0.061407 0.101775 0.576887 0.180791 0.079140
2 2 0.038039 0.069684 0.511745 0.335977 0.044555
2 2 0.055402 0.103316 0.486493 0.281811 0.072978
2 2 0.038319 0.068310 0.456221 0.394743 0.042406
3 2 0.037774 0.065828 0.367916 0.489353 0.039129
2 2 0.045155 0.080690 0.437344 0.384998 0.051813
3 2 0.054114 0.086364 0.332212 0.472404 0.054906
3 2 0.031508 0.049955 0.189574 0.694478 0.034484
3 2 0.035308 0.059074 0.325144 0.546538 0.033937
3 2 0.039029 0.063107 0.308852 0.552223 0.036788
3 3 0.023758 0.033042 0.121267 0.801960 0.019973
3 3 0.047928 0.074738 0.248977 0.576667 0.051690
3 3 0.023719 0.033883 0.177329 0.748080 0.016988
3 3 0.014907 0.019496 0.066946 0.886839 0.011812
3 3 0.020792 0.029689 0.084417 0.842887 0.022216
3 3 0.017386 0.021755 0.052834 0.892912 0.015114
3 3 0.018829 0.027342 0.156365 0.783837 0.013627
3 3 0.020194 0.029038 0.154108 0.781815 0.014845
3 3 0.020219 0.027590 0.094909 0.840079 0.017204
3 3 0.019700 0.026839 0.080490 0.854723 0.018249
3 3 0.014552 0.020046 0.068310 0.883898 0.013194
3 3 0.030263 0.043075 0.196179 0.707691 0.022793
3 3 0.023456 0.031369 0.107094 0.819298 0.018783
3 3 0.015753 0.019970 0.047249 0.902514 0.014513
3 3 0.013845 0.019004 0.077565 0.878418 0.011168
3 3 0.016472 0.020642 0.063407 0.887003 0.012477
3 3 0.014718 0.017022 0.038164 0.918828 0.011268
3 3 0.018417 0.024134 0.050132 0.887664 0.019653
3 3 0.019141 0.022481 0.044182 0.898098 0.016098
3 3 0.034406 0.053119 0.124885 0.736949 0.050642
3 3 0.019397 0.023390 0.040679 0.897776 0.018758
3 3 0.016998 0.019926 0.039466 0.909282 0.014328
3 3 0.082483 0.088481 0.124431 0.624054 0.080551
3 3 0.029934 0.039637 0.099914 0.802946 0.027569
2 3 0.195939 0.223922 0.230562 0.149017 0.200561
2 2 0.107554 0.183364 0.336236 0.190296 0.182550
2 2 0.080543 0.134685 0.392454 0.291709 0.100610
0 2 0.580351 0.169587 0.070243 0.037383 0.142436
0 2 0.276269 0.221828 0.157612 0.105279 0.239012
0 2 0.393905 0.199286 0.094016 0.066346 0.246447
4 2 0.180556 0.208253 0.140946 0.118522 0.351724
2 2 0.139535 0.208478 0.280843 0.177293 0.193851
4 2 0.104066 0.191861 0.158378 0.152781 0.392914
4 2 0.137269 0.213973 0.235393 0.173434 0.239931
2 0 0.200870 0.189524 0.304374 0.135649 0.169583
0 0 0.732142 0.119218 0.044370 0.018334 0.085936
0 2 0.335521 0.204224 0.099616 0.071946 0.288693
4 2 0.112671 0.180491 0.114582 0.120192 0.472063
4 2 0.372700 0.123458 0.020435 0.020492 0.462916
4 4 0.284239 0.093270 0.010691 0.013369 0.598431
4 4 0.315362 0.128250 0.023619 0.024845 0.507924
4 4 0.195157 0.086526 0.010550 0.015001 0.692766
4 4 0.167251 0.107909 0.020137 0.027122 0.677581
0 4 0.483859 0.117347 0.017697 0.015815 0.365281
4 4 0.095845 0.077310 0.012117 0.020558 0.794171
0 4 0.844546 0.053885 0.004711 0.002813 0.094045
4 4 0.264260 0.098239 0.012572 0.015742 0.609187
0 4 0.695161 0.073483 0.006366 0.005054 0.219936
0 4 0.493012 0.081703 0.006835 0.007110 0.411340
4 4 0.263714 0.153972 0.041828 0.042314 0.498172
4 4 0.046494 0.043403 0.004720 0.010871 0.894512
4 4 0.195027 0.110863 0.019854 0.025571 0.648685
0 4 0.868348 0.051348 0.004897 0.002657 0.072750
4 4 0.304863 0.142022 0.031569 0.031888 0.489658
4 4 0.099520 0.095118 0.019974 0.031093 0.754295
4 4 0.064479 0.089281 0.022669 0.038545 0.785026
4 4 0.101365 0.102457 0.023904 0.035974 0.736301
4 4 0.099934 0.123278 0.039379 0.054540 0.682869
4 4 0.122825 0.127720 0.037870 0.049957 0.661627
4 4 0.058421 0.080128 0.018404 0.033109 0.809939
4 4 0.070225 0.118076 0.044718 0.066200 0.700781
4 4 0.160040 0.149925 0.050169 0.057991 0.581876
4 4 0.110886 0.078143 0.011352 0.018728 0.780890
4 4 0.143590 0.131895 0.037482 0.047388 0.639644
4 4 0.136311 0.130842 0.037869 0.048508 0.646470
4 4 0.086230 0.114236 0.035432 0.051981 0.712121
4 4 0.096750 0.141801 0.059565 0.076683 0.625200
4 4 0.091122 0.128583 0.047081 0.064585 0.668630
4 4 0.308519 0.152062 0.038146 0.036902 0.464371
4 4 0.280720 0.111458 0.016980 0.019807 0.571035
4 4 0.110006 0.067612 0.007965 0.013859 0.800559
0 4 0.650278 0.148439 0.052516 0.026863 0.121904
4 4 0.166664 0.127895 0.031566 0.039402 0.634473
4 4 0.134494 0.109125 0.023566 0.032935 0.699879
4 4 0.194772 0.140666 0.037509 0.043173 0.583880
4 4 0.314936 0.100001 0.012299 0.014462 0.558302
4 4 0.333332 0.115961 0.017757 0.019192 0.513758
4 4 0.080771 0.118044 0.040486 0.058950 0.701749
4 4 0.166038 0.141799 0.041944 0.049695 0.600524
4 4 0.116902 0.142562 0.053090 0.066485 0.620961
4 4 0.107245 0.132770 0.046044 0.060747 0.653194
4 4 0.190033 0.162721 0.057640 0.061214 0.528393
0 4 0.633985 0.153923 0.057082 0.029348 0.125662
0 4 0.585404 0.170696 0.075404 0.038526 0.129969
4 4 0.146768 0.120404 0.028949 0.038104 0.665775
0 4 0.738753 0.100362 0.017961 0.010485 0.132439
0 4 0.585530 0.117332 0.019299 0.014712 0.263128
0 4 0.728635 0.101813 0.018008 0.010754 0.140789
4 4 0.355243 0.163360 0.045585 0.039749 0.396063
0 4 0.619623 0.150617 0.047898 0.027086 0.154777
4 4 0.276518 0.188435 0.076670 0.065899 0.392478
4 4 0.289833 0.184410 0.070176 0.060510 0.395071
0 4 0.510681 0.174294 0.062591 0.039628 0.212807
4 4 0.348350 0.180070 0.062240 0.050758 0.358581
4 4 0.342214 0.164410 0.046778 0.041292 0.405305
0 4 0.732950 0.114294 0.027759 0.014494 0.110502
4 4 0.263077 0.207866 0.113084 0.088228 0.327745
4 4 0.143549 0.120774 0.029577 0.039035 0.667066
4 4 0.182324 0.165871 0.062505 0.066081 0.523220
4 4 0.055351 0.134794 0.078316 0.109370 0.622168
4 4 0.077514 0.155279 0.092894 0.114370 0.559943
4 4 0.055774 0.147428 0.103576 0.134666 0.558556
4 4 0.057093 0.131065 0.070220 0.099766 0.641857
4 4 0.081653 0.171778 0.126297 0.140735 0.479537
4 4 0.115943 0.182216 0.115913 0.120158 0.465770
4 4 0.093119 0.183923 0.146628 0.150123 0.426207
4 2 0.158280 0.209243 0.160980 0.134914 0.336582
4 2 0.141781 0.215088 0.235137 0.171326 0.236668
4 2 0.145352 0.197481 0.132076 0.122486 0.402604
0 2 0.275841 0.219496 0.146632 0.101223 0.256808
0 2 0.569602 0.175101 0.079925 0.041208 0.134164
4 2 0.184808 0.221196 0.203406 0.144585 0.246005
2 2 0.151819 0.217546 0.252252 0.171751 0.206633
2 2 0.099404 0.111577 0.555654 0.134953 0.098413
0 2 0.260599 0.221385 0.157869 0.108549 0.251597
0 0 0.944584 0.031397 0.004057 0.001332 0.018631
0 0 0.826874 0.086241 0.020150 0.008625 0.058109
0 1 0.707239 0.132111 0.044289 0.020959 0.095403
0 1 0.564201 0.176574 0.081496 0.042148 0.135581
0 1 0.550433 0.180253 0.085563 0.044598 0.139153
0 1 0.522248 0.187435 0.094170 0.049864 0.146283
0 4 0.708745 0.131583 0.043945 0.020774 0.094953
0 4 0.553403 0.179468 0.084678 0.044063 0.138387
0 4 0.624989 0.159048 0.064577 0.032230 0.119156
0 4 0.312194 0.207438 0.107222 0.078440 0.294706
4 4 0.196218 0.215976 0.159935 0.123999 0.303872
0 4 0.373650 0.210027 0.116653 0.074432 0.225237
0 4 0.350997 0.199172 0.089718 0.065459 0.294653
0 4 0.315784 0.218345 0.140344 0.091790 0.233737
4 4 0.151637 0.209383 0.168391 0.140676 0.329913
4 4 0.240789 0.213412 0.132403 0.101532 0.311864
0 2 0.432788 0.182904 0.067150 0.047204 0.269953
4 2 0.301332 0.175658 0.059225 0.052414 0.411371
0 2 0.580195 0.172164 0.076882 0.039399 0.131360
4 2 0.339556 0.186170 0.069913 0.055973 0.348388
4 2 0.121455 0.166390 0.082134 0.092238 0.537784
4 2 0.241471 0.180790 0.070590 0.065556 0.441594
4 2 0.263937 0.186927 0.075901 0.066727 0.406507
0 2 0.717326 0.114452 0.025557 0.014231 0.128435
0 0 0.830214 0.084839 0.019573 0.008349 0.057026
0 0 0.745322 0.118393 0.035898 0.016521 0.083865
0 0 0.822800 0.087943 0.020861 0.008968 0.059428
0 0 0.576272 0.165212 0.060415 0.034349 0.163752
0 1 0.438996 0.162880 0.045268 0.035141 0.317716
4 1 0.203753 0.184940 0.082858 0.078653 0.449797
0 2 0.598316 0.108844 0.015848 0.012344 0.264649
0 2 0.602085 0.136646 0.031754 0.020967 0.208548
0 2 0.524410 0.142517 0.031909 0.023816 0.277349
4 2 0.176771 0.176757 0.077587 0.078685 0.490199
2 2 0.088294 0.109901 0.566249 0.141078 0.094477
2 2 0.085381 0.075618 0.669527 0.101609 0.067865
2 2 0.052701 0.044040 0.790125 0.074839 0.038294
2 2 0.030339 0.021948 0.881906 0.047071 0.018737
2 2 0.055469 0.043581 0.790247 0.072299 0.038405
2 2 0.060117 0.063834 0.720048 0.101866 0.054134
2 2 0.016928 0.010334 0.936314 0.027717 0.008708
2 2 0.052359 0.047073 0.779819 0.080290 0.040460
2 2 0.106216 0.121830 0.523143 0.140872 0.107940
2 2 0.025447 0.020236 0.890650 0.046857 0.016810
2 2 0.074826 0.079283 0.664116 0.113224 0.068551
2 2 0.042384 0.037025 0.819753 0.069390 0.031448
2 2 0.030528 0.024646 0.871155 0.052982 0.020689
2 2 0.067589 0.076821 0.675130 0.115288 0.065172
2 2 0.033888 0.027283 0.859606 0.056138 0.023085
2 2 0.112230 0.168639 0.396698 0.176449 0.145983
2 2 0.087233 0.105889 0.578348 0.137318 0.091211
2 2 0.055248 0.062974 0.724740 0.104555 0.052484
2 2 0.020679 0.014257 0.917512 0.035609 0.011943
2 2 0.101432 0.139048 0.478874 0.160678 0.119968
2 2 0.051996 0.056325 0.748261 0.096359 0.047058
2 2 0.074614 0.083932 0.649874 0.119631 0.071949
2 2 0.069152 0.075399 0.678933 0.112043 0.064474
2 2 0.055425 0.063967 0.721375 0.106005 0.053228
2 2 0.092269 0.126998 0.516103 0.156303 0.108327
2 2 0.082659 0.120951 0.537068 0.158152 0.101171
2 2 0.063615 0.073456 0.687438 0.113643 0.061846
2 2 0.048701 0.054185 0.756684 0.095577 0.044853
2 2 0.037349 0.040738 0.807713 0.081070 0.033129
2 2 0.126403 0.196188 0.322490 0.182454 0.172465
2 2 0.037387 0.036988 0.821648 0.073442 0.030534
2 2 0.069676 0.099601 0.604002 0.144606 0.082115
2 2 0.108911 0.180161 0.369786 0.187230 0.153912
2 2 0.041722 0.044283 0.793677 0.083849 0.036469
2 2 0.089624 0.157501 0.434894 0.187742 0.130238
2 2 0.086177 0.110453 0.565651 0.143362 0.094358
2 2 0.028673 0.023943 0.874573 0.052906 0.019904
2 2 0.076119 0.116085 0.553267 0.158769 0.095760
2 2 0.040349 0.057055 0.743286 0.114786 0.044525
0 2 0.480452 0.189117 0.083676 0.050421 0.196334
4 2 0.125323 0.199849 0.159339 0.144919 0.370571
2 2 0.064599 0.061129 0.726833 0.094399 0.053039
2 2 0.112498 0.152995 0.368871 0.157190 0.208445
2 2 0.117259 0.196053 0.298954 0.184770 0.202963
2 2 0.050777 0.050392 0.769050 0.087209 0.042572
2 2 0.125486 0.158474 0.414875 0.159414 0.141751
2 2 0.070201 0.069124 0.698288 0.102333 0.060054
2 2 0.095936 0.105646 0.574486 0.130865 0.093067
2 2 0.128506 0.146439 0.422746 0.146712 0.155597
2 2 0.080517 0.085978 0.640738 0.118005 0.074762
2 2 0.084929 0.100198 0.596085 0.132387 0.086400
2 2 0.095327 0.110693 0.560404 0.136793 0.096782
2 2 0.069708 0.105319 0.586803 0.151965 0.086205
2 2 0.101675 0.170240 0.383476 0.202970 0.141639
2 2 0.096306 0.124734 0.520463 0.150801 0.107696
2 2 0.097419 0.140466 0.476982 0.165218 0.119914
2 2 0.099034 0.112784 0.552453 0.136476 0.099254
2 2 0.061695 0.063301 0.721117 0.099819 0.054069
2 2 0.095859 0.131702 0.501481 0.158106 0.112851
2 2 0.081207 0.093748 0.617006 0.127319 0.080720
2 2 0.085319 0.141011 0.448480 0.190165 0.135026
0 2 0.265164 0.222651 0.189281 0.115709 0.207196
0 2 0.237396 0.223208 0.187984 0.123235 0.228177
2 2 0.117904 0.188656 0.344833 0.185014 0.163593
2 2 0.035368 0.033919 0.833758 0.068936 0.028018
2 2 0.041956 0.032309 0.837167 0.060607 0.027961
2 2 0.049696 0.052005 0.763886 0.090900 0.043514
2 2 0.149031 0.214015 0.268321 0.173819 0.194814
2 2 0.069147 0.075476 0.678694 0.112155 0.064529
2 2 0.065553 0.062108 0.723168 0.095225 0.053945
2 2 0.032566 0.033187 0.837251 0.070004 0.026993
2 2 0.045967 0.039519 0.809223 0.071435 0.033856
2 2 0.015045 0.012071 0.928726 0.034501 0.009658
2 2 0.125973 0.195819 0.323592 0.182593 0.172023
2 2 0.027590 0.022126 0.882241 0.049583 0.018460
2 2 0.026374 0.020614 0.888798 0.046999 0.017214
2 2 0.039721 0.039429 0.811931 0.076239 0.032681
2 2 0.026505 0.022976 0.879103 0.052533 0.018882
2 2 0.057173 0.066449 0.712562 0.108432 0.055383
2 2 0.046727 0.053890 0.749499 0.106411 0.043473
2 2 0.101066 0.155261 0.436214 0.175231 0.132228
2 2 0.066983 0.074343 0.683230 0.112211 0.063232
2 2 0.115314 0.104831 0.564715 0.118616 0.096524
2 2 0.032577 0.024022 0.872786 0.050066 0.020549
2 2 0.129943 0.167663 0.380570 0.161957 0.159867
2 2 0.083345 0.104559 0.584046 0.138785 0.089266
2 2 0.098891 0.112857 0.552324 0.136650 0.099277
2 2 0.034794 0.044630 0.781889 0.104274 0.034413
