0 0 0.840677 0.015754 0.036897 0.011544 0.095128
0 0 0.882729 0.010073 0.025703 0.006869 0.074626
0 0 0.595085 0.067011 0.174981 0.044783 0.118140
0 0 0.818781 0.020780 0.053731 0.014011 0.092697
0 0 0.801324 0.024206 0.064049 0.016007 0.094415
0 0 0.708945 0.041597 0.101626 0.029405 0.118427
0 1 0.436856 0.107364 0.161509 0.075072 0.219197
4 0 0.206837 0.209371 0.188918 0.084247 0.310627
0 1 0.788460 0.025088 0.058801 0.018369 0.109281
1 1 0.133183 0.277847 0.253111 0.078978 0.256881
4 0 0.044858 0.373213 0.135818 0.046289 0.399823
0 0 0.782824 0.027898 0.075571 0.018087 0.095619
0 0 0.628609 0.059523 0.168647 0.037145 0.106076
0 0 0.673527 0.049750 0.130449 0.033137 0.113137
0 0 0.482966 0.096069 0.173421 0.065992 0.181551
0 0 0.891738 0.008646 0.021784 0.005960 0.071873
0 0 0.817006 0.021246 0.055676 0.014164 0.091907
0 0 0.548791 0.077692 0.186929 0.055610 0.130979
0 1 0.759800 0.029490 0.064473 0.022889 0.123349
1 0 0.095472 0.315291 0.237103 0.080525 0.271609
0 0 0.770836 0.029871 0.078270 0.019913 0.101109
0 0 0.850443 0.014324 0.034031 0.010372 0.090830
2 0 0.206277 0.216530 0.339601 0.071303 0.166288
2 0 0.115698 0.296289 0.310287 0.072983 0.204743
2 0 0.225398 0.203757 0.309463 0.081729 0.179652
1 0 0.105833 0.306528 0.257055 0.077667 0.252917
1 0 0.101970 0.313590 0.270242 0.073356 0.240841
2 0 0.130210 0.274663 0.333742 0.079255 0.182130
0 0 0.792971 0.025769 0.068247 0.017026 0.095987
0 0 0.887840 0.009146 0.022904 0.006337 0.073773
0 0 0.708828 0.042471 0.113725 0.027796 0.107180
0 0 0.657392 0.053250 0.161729 0.031348 0.096280
0 0 0.851783 0.016409 0.049251 0.009762 0.072796
0 0 0.868697 0.013567 0.040326 0.008138 0.069272
0 0 0.891686 0.008892 0.023005 0.005994 0.070423
0 0 0.766254 0.030823 0.081274 0.020439 0.101210
0 0 0.538397 0.081564 0.175373 0.055262 0.149404
0 0 0.795542 0.022048 0.046536 0.017629 0.118244
0 0 0.879901 0.010427 0.026422 0.007153 0.076097
0 0 0.919266 0.004923 0.012192 0.003444 0.060174
0 0 0.757099 0.032177 0.081400 0.022092 0.107233
0 0 0.760962 0.032641 0.095926 0.019760 0.090711
0 0 0.808841 0.023560 0.067608 0.014553 0.085437
0 0 0.906663 0.007449 0.020951 0.004682 0.060255
0 0 0.904949 0.007039 0.018181 0.004752 0.065079
0 0 0.825011 0.019327 0.048506 0.013362 0.093794
0 0 0.815038 0.019395 0.043063 0.014862 0.107642
0 0 0.901808 0.008456 0.024916 0.005111 0.059709
0 0 0.921747 0.003736 0.008084 0.002927 0.063506
0 0 0.919035 0.005371 0.014144 0.003568 0.057881
0 0 0.888486 0.007939 0.017767 0.006046 0.079761
1 0 0.080672 0.338706 0.219315 0.066874 0.294433
0 0 0.426998 0.100017 0.106326 0.057895 0.308764
0 0 0.463870 0.101505 0.176952 0.069519 0.188154
0 0 0.901747 0.007127 0.017666 0.004981 0.068480
0 0 0.797360 0.024514 0.062408 0.016745 0.098974
0 0 0.855413 0.014087 0.035119 0.009795 0.085586
0 0 0.861926 0.013596 0.035742 0.009041 0.079695
0 0 0.897880 0.008444 0.023019 0.005449 0.065208
0 0 0.856429 0.014205 0.036338 0.009666 0.083363
0 0 0.690512 0.046212 0.122393 0.030523 0.110361
0 0 0.647826 0.055372 0.148346 0.036220 0.112236
0 0 0.739654 0.036610 0.104057 0.022792 0.096887
0 0 0.798629 0.024960 0.067775 0.016150 0.092485
0 0 0.873910 0.011106 0.027521 0.007762 0.079700
0 0 0.635376 0.057872 0.173283 0.034478 0.098992
0 0 0.781264 0.028659 0.082336 0.017684 0.090056
0 0 0.669350 0.050891 0.148491 0.030986 0.100282
0 0 0.903436 0.006914 0.017163 0.004827 0.067660
0 0 0.867525 0.012919 0.034751 0.008428 0.076376
0 0 0.708982 0.042746 0.121689 0.026575 0.100008
0 0 0.894759 0.008504 0.022130 0.005705 0.068901
0 0 0.747372 0.033705 0.082431 0.023807 0.112685
0 0 0.868069 0.011731 0.028355 0.008373 0.083472
0 0 0.847651 0.014607 0.034231 0.010699 0.092812
0 0 0.796456 0.022989 0.051804 0.017398 0.111353
0 0 0.876289 0.008890 0.018670 0.007141 0.089009
0 0 0.868902 0.010442 0.022861 0.008098 0.089696
0 0 0.864116 0.011359 0.025286 0.008687 0.090552
0 0 0.830174 0.017416 0.040437 0.012855 0.099118
0 0 0.891665 0.007465 0.016620 0.005710 0.078540
0 0 0.774824 0.017934 0.026786 0.019174 0.161282
0 0 0.662235 0.044440 0.076993 0.041926 0.174406
0 0 0.749693 0.032119 0.072782 0.024190 0.121216
0 0 0.859457 0.013362 0.033102 0.009341 0.084738
0 0 0.757867 0.032187 0.082620 0.021831 0.105496
0 0 0.666225 0.045302 0.083256 0.040672 0.164546
0 0 0.915735 0.004664 0.010531 0.003527 0.065543
0 0 0.875147 0.010747 0.026202 0.007615 0.080288
0 0 0.459575 0.103185 0.150969 0.058755 0.227516
0 0 0.662891 0.049852 0.108019 0.038974 0.140266
0 0 0.861720 0.012955 0.031962 0.009088 0.084275
0 0 0.839158 0.016178 0.038380 0.011727 0.094557
0 0 0.737485 0.033463 0.071185 0.026574 0.131292
1 0 0.084987 0.334453 0.230812 0.067883 0.281865
0 0 0.698142 0.043033 0.098643 0.032092 0.128091
0 0 0.881714 0.009908 0.024484 0.006942 0.076952
0 0 0.860710 0.012610 0.029785 0.009176 0.087719
0 0 0.877709 0.010263 0.024784 0.007331 0.079913
0 0 0.846488 0.016251 0.043173 0.010711 0.083377
0 0 0.760484 0.028985 0.062097 0.022883 0.125552
0 0 0.908947 0.005390 0.012093 0.004096 0.069474
0 0 0.860750 0.014465 0.040920 0.009045 0.074820
0 0 0.712397 0.041513 0.107977 0.027841 0.110272
0 0 0.902584 0.006401 0.014776 0.004750 0.071489
0 0 0.845113 0.013575 0.028663 0.010853 0.101796
0 0 0.862035 0.013702 0.036476 0.009017 0.078771
0 0 0.915732 0.005618 0.014455 0.003806 0.060389
0 0 0.906886 0.006492 0.016169 0.004520 0.065933
0 0 0.897158 0.006432 0.013837 0.005064 0.077509
0 0 0.844626 0.014267 0.031431 0.011006 0.098670
0 0 0.850941 0.012232 0.025063 0.010030 0.101734
0 0 0.882550 0.008863 0.020046 0.006690 0.081851
0 0 0.790278 0.023695 0.051982 0.018340 0.115704
0 0 0.882987 0.009485 0.022893 0.006778 0.077858
0 0 0.893738 0.007445 0.017005 0.005573 0.076239
0 0 0.857890 0.011435 0.023845 0.009239 0.097591
0 0 0.890057 0.007005 0.014607 0.005661 0.082670
0 0 0.873282 0.010299 0.023517 0.007711 0.085192
0 0 0.808888 0.020074 0.043450 0.015715 0.111872
0 0 0.865439 0.010425 0.021902 0.008371 0.093863
0 0 0.845295 0.014163 0.031212 0.010923 0.098408
0 0 0.706086 0.035351 0.062087 0.032976 0.163500
0 0 0.776798 0.023415 0.044513 0.020440 0.134834
0 0 0.892318 0.007958 0.018797 0.005792 0.075134
0 0 0.899657 0.008469 0.023937 0.005300 0.062637
2 0 0.244035 0.174212 0.414009 0.061457 0.106287
0 0 0.440603 0.092633 0.348944 0.045493 0.072327
0 0 0.919024 0.004991 0.012431 0.003475 0.060079
0 0 0.818001 0.020217 0.049322 0.014314 0.098146
0 0 0.835139 0.015134 0.031860 0.012129 0.105738
0 0 0.812580 0.018627 0.038475 0.015167 0.115152
0 0 0.913745 0.005700 0.014338 0.003936 0.062281
0 0 0.916850 0.005275 0.013184 0.003662 0.061029
0 0 0.799403 0.021982 0.048140 0.017039 0.113436
0 0 0.869978 0.011959 0.030348 0.008193 0.079522
0 0 0.928294 0.003247 0.007194 0.002494 0.058771
0 0 0.810019 0.022790 0.061370 0.014850 0.090970
0 0 0.822599 0.019552 0.048269 0.013705 0.095875
0 0 0.751688 0.031395 0.069786 0.024029 0.123102
0 0 0.849526 0.011745 0.022957 0.010020 0.105751
0 0 0.754720 0.031189 0.071006 0.023397 0.119688
0 0 0.912516 0.006368 0.017186 0.004144 0.059785
0 0 0.893720 0.007891 0.018881 0.005681 0.073827
0 0 0.746298 0.033288 0.077790 0.024428 0.118195
0 0 0.835875 0.015833 0.035198 0.012121 0.100973
0 0 0.824577 0.016158 0.032554 0.013435 0.113276
0 0 0.833083 0.016317 0.036314 0.012480 0.101807
0 0 0.856611 0.013126 0.030671 0.009638 0.089954
0 0 0.846225 0.014669 0.033924 0.010864 0.094318
0 0 0.892404 0.008475 0.021173 0.005884 0.072065
0 0 0.731533 0.036099 0.083260 0.026785 0.122324
0 0 0.861595 0.012116 0.027793 0.009036 0.089460
0 0 0.881769 0.008734 0.019327 0.006714 0.083456
0 0 0.879982 0.009704 0.022942 0.007057 0.080315
0 0 0.827486 0.015030 0.029157 0.012902 0.115426
0 0 0.819489 0.016950 0.034038 0.014133 0.115391
0 0 0.740888 0.029326 0.053538 0.026483 0.149765
0 0 0.844505 0.014542 0.032628 0.011047 0.097279
0 0 0.839248 0.015261 0.033899 0.011692 0.099899
0 0 0.770860 0.026211 0.053993 0.021389 0.127548
0 0 0.732520 0.034451 0.073174 0.027394 0.132460
0 0 0.772394 0.026940 0.058594 0.021001 0.121071
0 0 0.862977 0.011873 0.027168 0.008873 0.089109
0 0 0.712349 0.040704 0.098021 0.029125 0.119801
0 0 0.745962 0.032598 0.072674 0.024888 0.123879
0 0 0.814007 0.018884 0.040178 0.014999 0.111932
0 0 0.805292 0.020456 0.043599 0.016223 0.114430
0 0 0.762768 0.028010 0.058383 0.022630 0.128209
0 0 0.869738 0.010571 0.023630 0.008057 0.088004
0 0 0.877565 0.011141 0.029308 0.007405 0.074581
0 0 0.738258 0.034452 0.078138 0.025926 0.123226
2 1 0.176409 0.230905 0.290647 0.100656 0.201383
1 1 0.080745 0.333216 0.209148 0.072230 0.304661
1 1 0.082615 0.329910 0.210792 0.074433 0.302250
1 1 0.082444 0.325307 0.202213 0.079141 0.310895
2 2 0.120419 0.287521 0.302920 0.081661 0.207479
1 2 0.079286 0.345908 0.228204 0.060737 0.285865
1 2 0.068853 0.343202 0.180395 0.067608 0.339942
1 1 0.072465 0.319862 0.289011 0.061922 0.256740
2 2 0.073635 0.229731 0.505711 0.053652 0.137272
2 4 0.088537 0.205819 0.453673 0.096763 0.155209
2 4 0.094779 0.150937 0.576042 0.085595 0.092647
4 4 0.023330 0.392569 0.085407 0.025622 0.473072
4 4 0.042565 0.350474 0.191823 0.051061 0.364078
4 4 0.036961 0.382026 0.118977 0.038950 0.423086
4 4 0.041703 0.348368 0.197472 0.050965 0.361492
1 4 0.050393 0.319415 0.252468 0.063086 0.314638
2 4 0.071293 0.265381 0.345141 0.084757 0.233428
4 0 0.090787 0.248189 0.094117 0.050928 0.515979
1 4 0.099277 0.305145 0.298795 0.071061 0.225721
4 4 0.028580 0.383668 0.095076 0.030066 0.462610
4 1 0.035996 0.371000 0.106383 0.035857 0.450765
4 1 0.048529 0.368865 0.143230 0.049640 0.389736
4 4 0.045368 0.372616 0.136863 0.046757 0.398395
4 1 0.098170 0.103204 0.021666 0.021548 0.755412
4 1 0.293580 0.153033 0.139887 0.073896 0.339605
4 1 0.029025 0.389739 0.100596 0.031373 0.449267
4 1 0.046969 0.370728 0.140110 0.048221 0.393972
4 4 0.043179 0.375155 0.132343 0.044744 0.404579
4 1 0.067133 0.298529 0.108410 0.048340 0.477588
4 1 0.164570 0.202308 0.117312 0.077416 0.438394
1 1 0.082250 0.347107 0.249073 0.056395 0.265175
4 4 0.259772 0.178212 0.179929 0.084018 0.298069
4 4 0.052296 0.364281 0.150593 0.053044 0.379786
4 4 0.079304 0.248234 0.082753 0.044139 0.545570
4 4 0.039091 0.379736 0.123650 0.040949 0.416574
4 4 0.038460 0.380423 0.122275 0.040358 0.418484
4 4 0.051160 0.365675 0.148398 0.052021 0.382746
4 4 0.055382 0.268382 0.071624 0.034160 0.570452
4 4 0.059961 0.289558 0.090388 0.040947 0.519145
4 4 0.061402 0.340189 0.144473 0.055617 0.398319
4 4 0.040615 0.378055 0.126931 0.042369 0.412029
4 4 0.057114 0.358278 0.159675 0.057346 0.367586
4 4 0.047603 0.345895 0.197355 0.055399 0.353749
4 4 0.044838 0.373236 0.135776 0.046271 0.399880
4 4 0.050928 0.363605 0.153480 0.052540 0.379447
4 4 0.054282 0.361599 0.153990 0.054735 0.375393
4 4 0.048030 0.344667 0.199684 0.055962 0.351658
4 4 0.047549 0.355773 0.174896 0.052871 0.368911
4 4 0.045892 0.352286 0.184507 0.052762 0.364553
2 4 0.063489 0.165632 0.588861 0.071120 0.110897
4 4 0.040002 0.378735 0.125617 0.041799 0.413846
1 2 0.048630 0.328550 0.234698 0.059987 0.328135
2 2 0.035872 0.045156 0.874465 0.027757 0.016749
2 2 0.057468 0.135510 0.693540 0.044943 0.068538
2 2 0.039912 0.061958 0.840455 0.032261 0.025415
2 2 0.032525 0.042047 0.884014 0.025953 0.015461
2 2 0.039883 0.051285 0.854039 0.033975 0.020818
2 2 0.046449 0.077680 0.798282 0.041564 0.036025
2 2 0.027675 0.037490 0.897754 0.023418 0.013663
2 1 0.039068 0.054525 0.847134 0.035955 0.023319
2 2 0.054229 0.139920 0.696034 0.040661 0.069156
2 2 0.066442 0.130266 0.677166 0.056401 0.069725
2 1 0.127586 0.254044 0.411443 0.064739 0.142188
1 2 0.094647 0.324800 0.256353 0.064074 0.260126
2 2 0.023835 0.033089 0.911140 0.020312 0.011624
2 2 0.035100 0.053922 0.861928 0.028020 0.021029
2 2 0.024110 0.036611 0.898447 0.025940 0.014892
2 2 0.032165 0.041421 0.886266 0.025148 0.015000
2 2 0.032585 0.046510 0.866193 0.034485 0.020227
2 2 0.046169 0.064303 0.776937 0.075605 0.036985
2 2 0.038096 0.052703 0.847226 0.038491 0.023483
2 2 0.046806 0.070752 0.804820 0.044393 0.033229
2 2 0.057242 0.075054 0.680151 0.135124 0.052428
2 3 0.056926 0.077566 0.769517 0.056771 0.039220
2 2 0.049555 0.066602 0.718404 0.120764 0.044676
2 3 0.049700 0.065879 0.784889 0.064774 0.034758
2 3 0.060093 0.078577 0.678681 0.128631 0.054019
3 3 0.073038 0.078033 0.379989 0.387666 0.081274
2 3 0.059289 0.077409 0.595173 0.203692 0.064436
2 3 0.050383 0.065782 0.803503 0.049149 0.031183
2 3 0.058486 0.075341 0.639210 0.169797 0.057166
2 2 0.070952 0.079933 0.421877 0.346846 0.080393
2 3 0.061429 0.078764 0.743285 0.073293 0.043229
3 3 0.055898 0.052781 0.251887 0.573972 0.065462
2 3 0.063296 0.083135 0.738569 0.070421 0.044579
2 2 0.044065 0.060846 0.766864 0.091154 0.037070
2 2 0.049878 0.067549 0.769338 0.075040 0.038195
2 2 0.057473 0.073606 0.687215 0.131716 0.049989
2 2 0.064679 0.075807 0.479452 0.307985 0.072078
2 3 0.074777 0.088567 0.586254 0.183187 0.067216
3 2 0.058975 0.058210 0.289270 0.524467 0.069077
2 2 0.064961 0.080826 0.620524 0.172755 0.060934
2 2 0.063431 0.079721 0.717059 0.092660 0.047129
2 3 0.066371 0.081362 0.584307 0.202700 0.065260
3 2 0.053631 0.044554 0.174636 0.667138 0.060042
2 2 0.066946 0.084129 0.590003 0.191691 0.067230
2 3 0.069283 0.080887 0.469883 0.303010 0.076937
3 3 0.058678 0.065691 0.390205 0.414188 0.071238
3 3 0.055851 0.055672 0.289431 0.532293 0.066752
2 3 0.064158 0.073003 0.417250 0.369975 0.075614
3 3 0.050928 0.042291 0.169795 0.679191 0.057795
2 3 0.060120 0.073306 0.471129 0.322398 0.073046
2 3 0.071506 0.088277 0.541450 0.223305 0.075462
3 3 0.059776 0.058996 0.290939 0.520570 0.069720
2 3 0.065375 0.072704 0.399641 0.386012 0.076268
3 3 0.052797 0.041415 0.147504 0.700603 0.057682
3 3 0.075284 0.075019 0.327447 0.440612 0.081638
3 3 0.059042 0.057087 0.274659 0.540580 0.068632
3 3 0.063697 0.059233 0.257187 0.548567 0.071316
3 3 0.058713 0.048188 0.176923 0.652409 0.063767
3 3 0.066966 0.065831 0.302454 0.489512 0.075237
2 3 0.072037 0.084596 0.460421 0.301636 0.081309
3 3 0.057806 0.057209 0.288644 0.528150 0.068191
3 3 0.056370 0.046188 0.172470 0.663118 0.061854
3 3 0.071219 0.076681 0.383255 0.388751 0.080094
3 3 0.030931 0.022823 0.091592 0.817406 0.037249
3 3 0.060472 0.063326 0.338116 0.466531 0.071554
3 3 0.044459 0.033692 0.121737 0.750288 0.049824
3 3 0.052370 0.042721 0.163960 0.682470 0.058479
3 3 0.044948 0.034091 0.122773 0.747929 0.050258
3 3 0.049690 0.041899 0.174911 0.676314 0.057186
3 3 0.064668 0.057627 0.231711 0.575115 0.070878
3 3 0.035338 0.026325 0.101743 0.795122 0.041472
3 3 0.059255 0.055832 0.257423 0.559344 0.068146
3 3 0.054564 0.053503 0.274635 0.552005 0.065292
3 3 0.061427 0.047771 0.155886 0.670720 0.064195
3 3 0.055736 0.055276 0.285467 0.536983 0.066538
3 3 0.053919 0.051590 0.256329 0.574013 0.064148
3 3 0.053891 0.042899 0.155419 0.688790 0.059000
3 3 0.055557 0.050371 0.225583 0.604389 0.064100
3 3 0.060062 0.046868 0.155549 0.674266 0.063255
3 3 0.053469 0.047402 0.208390 0.628987 0.061752
3 3 0.050703 0.039197 0.138503 0.716040 0.055557
3 3 0.026864 0.019627 0.081892 0.838391 0.033226
3 3 0.037397 0.027975 0.106372 0.784854 0.043401
3 3 0.043646 0.033029 0.120006 0.754219 0.049099
3 3 0.046328 0.035220 0.125680 0.741295 0.051477
3 3 0.049138 0.039939 0.156906 0.698324 0.055693
3 3 0.058622 0.052168 0.220304 0.602828 0.066078
3 3 0.060265 0.053507 0.221900 0.597003 0.067325
3 3 0.054826 0.046517 0.187215 0.649812 0.061630
3 3 0.060356 0.046869 0.153835 0.675611 0.063328
3 3 0.057657 0.044603 0.148605 0.688014 0.061120
2 3 0.073868 0.083697 0.431954 0.328062 0.082420
3 3 0.045057 0.034180 0.123003 0.747406 0.050354
3 3 0.056960 0.054018 0.257016 0.565558 0.066448
3 3 0.065029 0.055526 0.207333 0.602228 0.069884
3 3 0.045232 0.034323 0.123374 0.746560 0.050510
3 3 0.055541 0.045827 0.174498 0.662739 0.061395
3 3 0.058205 0.055094 0.258335 0.560951 0.067415
3 3 0.039803 0.029913 0.111693 0.772968 0.045622
3 3 0.047730 0.036369 0.128607 0.734588 0.052705
3 3 0.045769 0.034762 0.124506 0.743979 0.050984
3 3 0.041246 0.031079 0.114838 0.765900 0.046937
3 3 0.051607 0.054055 0.316307 0.513778 0.064253
3 3 0.056156 0.043764 0.149634 0.690276 0.060169
3 3 0.062376 0.054349 0.214555 0.600278 0.068442
3 3 0.071486 0.072424 0.333892 0.442946 0.079253
3 2 0.067477 0.054542 0.181908 0.626069 0.070003
2 2 0.087251 0.144314 0.575077 0.099699 0.093659
2 2 0.111320 0.294751 0.335359 0.066195 0.192374
2 2 0.088848 0.290446 0.335180 0.070249 0.215277
2 2 0.079675 0.179058 0.570013 0.065172 0.106082
2 0 0.093030 0.304976 0.312048 0.067245 0.222702
2 1 0.142057 0.253514 0.401513 0.065645 0.137270
4 1 0.049542 0.367643 0.145234 0.050559 0.387022
2 2 0.073351 0.288991 0.310607 0.077253 0.249797
2 2 0.029857 0.041109 0.885954 0.027100 0.015979
2 2 0.042628 0.062449 0.828103 0.039105 0.027715
2 2 0.053934 0.090020 0.761051 0.050079 0.044916
2 2 0.053497 0.097913 0.761583 0.041793 0.045213
2 1 0.032914 0.042867 0.881281 0.026890 0.016047
2 2 0.067732 0.225367 0.500609 0.059226 0.147067
2 2 0.042683 0.066607 0.827095 0.035298 0.028317
2 1 0.099518 0.243853 0.436073 0.068021 0.152535
2 1 0.073873 0.187459 0.578356 0.054981 0.105331
1 2 0.065074 0.340391 0.260565 0.054800 0.279169
4 2 0.053549 0.362734 0.152990 0.054168 0.376559
1 2 0.095776 0.328075 0.283404 0.060366 0.232380
2 2 0.037774 0.068822 0.833503 0.030992 0.028909
1 2 0.105179 0.311355 0.297553 0.067065 0.218848
1 2 0.092309 0.330629 0.264119 0.063466 0.249478
1 2 0.077738 0.350644 0.231148 0.057322 0.283148
2 2 0.045897 0.102696 0.769315 0.035400 0.046692
2 2 0.067821 0.164891 0.629347 0.050319 0.087622
2 2 0.050113 0.089979 0.773228 0.043729 0.042951
2 1 0.125680 0.115904 0.654372 0.056834 0.047209
4 1 0.197963 0.222679 0.226323 0.083430 0.269606
4 1 0.041546 0.377011 0.128912 0.043234 0.409295
2 2 0.072791 0.222564 0.497015 0.062655 0.144976
1 1 0.088321 0.332602 0.277599 0.058815 0.242664
1 1 0.080790 0.342890 0.229025 0.062548 0.284747
1 1 0.103165 0.312783 0.276186 0.072266 0.235601
1 1 0.075635 0.325194 0.270534 0.063495 0.265143
1 1 0.094174 0.326504 0.262469 0.066546 0.250308
1 1 0.083035 0.346435 0.252379 0.056172 0.261978
1 1 0.071213 0.345329 0.208292 0.062903 0.312263
1 2 0.086804 0.318862 0.278941 0.066815 0.248578
2 2 0.049200 0.089892 0.776174 0.042291 0.042443
2 2 0.068639 0.131247 0.690818 0.046808 0.062488
1 2 0.085667 0.344872 0.267466 0.054060 0.247934
1 2 0.073997 0.355995 0.223369 0.055213 0.291426
2 2 0.071569 0.179530 0.599826 0.051758 0.097317
1 2 0.072819 0.336138 0.271083 0.056538 0.263422
2 1 0.083481 0.239148 0.487296 0.053127 0.136948
1 1 0.087958 0.337267 0.256280 0.060995 0.257500
2 1 0.183052 0.242925 0.292783 0.065712 0.215528
1 1 0.081097 0.342576 0.229891 0.062610 0.283826
1 1 0.088772 0.336666 0.260074 0.060556 0.253932
2 1 0.124115 0.284299 0.339604 0.070631 0.181351
1 2 0.079466 0.352065 0.245600 0.054095 0.268774
1 2 0.086540 0.340246 0.256445 0.059109 0.257661
1 2 0.080293 0.347938 0.238968 0.057700 0.275101
1 2 0.075498 0.355071 0.229402 0.054919 0.285110
1 2 0.098923 0.325548 0.311016 0.054609 0.209903
1 2 0.083215 0.342545 0.241696 0.060564 0.271980
4 2 0.053243 0.365443 0.154762 0.052639 0.373913
2 2 0.065713 0.254258 0.437813 0.061080 0.181136
1 2 0.081414 0.345475 0.238977 0.059217 0.274918
1 2 0.089038 0.334336 0.253876 0.063374 0.259376
2 2 0.071407 0.176579 0.588291 0.059929 0.103794
2 2 0.071729 0.206807 0.539094 0.057418 0.124952
2 0 0.263932 0.161927 0.401300 0.068498 0.104343
2 1 0.267967 0.119227 0.279448 0.195747 0.137611
1 1 0.103872 0.315470 0.298940 0.063997 0.217721
1 1 0.090501 0.327390 0.242220 0.070536 0.269352
2 2 0.086032 0.281386 0.343453 0.074147 0.214981
2 2 0.078121 0.230114 0.475521 0.065149 0.151094
2 2 0.085381 0.271119 0.408106 0.059749 0.175645
2 2 0.080108 0.266940 0.375795 0.074013 0.203145
1 2 0.083812 0.338588 0.234669 0.064400 0.278530
2 0 0.085346 0.254028 0.437230 0.061406 0.161990
2 0 0.134430 0.122336 0.481657 0.178674 0.082902
2 1 0.309119 0.134103 0.394313 0.073226 0.089240
2 1 0.174532 0.212818 0.367877 0.108372 0.136402
1 1 0.110046 0.295773 0.259830 0.089750 0.244601
1 1 0.081856 0.326086 0.201313 0.078650 0.312095
4 1 0.053853 0.362358 0.153567 0.054439 0.375784
1 1 0.080847 0.349933 0.248399 0.054845 0.265976
1 1 0.072492 0.343130 0.193287 0.066872 0.324220
1 1 0.073533 0.334533 0.254629 0.061022 0.276283
1 1 0.073394 0.308404 0.247631 0.079439 0.291133
1 1 0.085920 0.336681 0.241482 0.064382 0.271534
1 1 0.095077 0.325763 0.266370 0.066089 0.246701
1 1 0.074515 0.350811 0.215029 0.059481 0.300164
1 1 0.086151 0.340793 0.255534 0.058960 0.258563
2 1 0.073485 0.160925 0.629112 0.052434 0.084044
2 1 0.077799 0.240751 0.483355 0.054086 0.144008
2 0 0.073123 0.137048 0.657392 0.059078 0.073358
2 1 0.157768 0.136483 0.545731 0.090946 0.069072
2 1 0.115088 0.297791 0.315457 0.070257 0.201407
1 1 0.090360 0.332085 0.255346 0.064516 0.257694
1 1 0.072969 0.350594 0.207580 0.060491 0.308366
2 2 0.088162 0.237757 0.411121 0.084752 0.178208
2 2 0.052439 0.122957 0.722096 0.041898 0.060610
1 2 0.096900 0.317531 0.295904 0.063615 0.226051
1 2 0.082855 0.341320 0.236320 0.062320 0.277186
2 2 0.088756 0.275411 0.393978 0.061492 0.180363
1 2 0.081162 0.349050 0.247776 0.055478 0.266534
2 2 0.085417 0.300275 0.336148 0.063121 0.215039
2 2 0.053920 0.072733 0.789452 0.049515 0.034381
2 2 0.086256 0.268174 0.434265 0.052626 0.158679
2 2 0.074087 0.245492 0.459869 0.059725 0.160827
1 2 0.097224 0.327521 0.298377 0.056835 0.220043
2 2 0.100755 0.302745 0.348713 0.057461 0.190327
2 2 0.088444 0.282102 0.370897 0.064615 0.193941
2 2 0.090648 0.280716 0.388533 0.059616 0.180487
2 2 0.085595 0.263506 0.421589 0.060313 0.168998
2 2 0.046265 0.088400 0.792638 0.034528 0.038168
2 2 0.046399 0.103104 0.762645 0.038752 0.049099
2 0 0.091634 0.169694 0.593279 0.058153 0.087240
2 0 0.296482 0.165761 0.299888 0.075719 0.162149
0 0 0.724021 0.037458 0.085316 0.028087 0.125119
0 0 0.676352 0.049438 0.140729 0.030734 0.102748
0 0 0.717964 0.036009 0.071387 0.030339 0.144301
0 0 0.855418 0.013599 0.032520 0.009793 0.088669
0 0 0.561346 0.074772 0.190838 0.050933 0.122111
0 0 0.675848 0.048678 0.118974 0.034396 0.122105
0 0 0.361683 0.141010 0.271576 0.065218 0.160512
1 0 0.114025 0.296740 0.292858 0.078466 0.217911
1 0 0.092264 0.315543 0.223127 0.083342 0.285724
0 0 0.681584 0.044669 0.091903 0.036477 0.145366
0 0 0.734643 0.034592 0.075763 0.026806 0.128197
0 0 0.297351 0.166145 0.283232 0.079012 0.174260
2 1 0.111705 0.303993 0.323924 0.063559 0.196818
1 1 0.093949 0.330127 0.275782 0.060997 0.239146
1 1 0.075941 0.351544 0.223602 0.057884 0.291029
1 1 0.076212 0.350115 0.221853 0.059018 0.292802
1 1 0.074659 0.349950 0.214003 0.060156 0.301232
1 1 0.063207 0.356224 0.177792 0.058854 0.343923
4 1 0.051969 0.364684 0.149962 0.052749 0.380636
1 4 0.072208 0.351101 0.205174 0.060418 0.311099
4 4 0.040504 0.286420 0.064049 0.027586 0.581441
4 4 0.067403 0.306366 0.116631 0.050707 0.458893
4 4 0.057253 0.260937 0.069463 0.034039 0.578308
4 4 0.061259 0.351087 0.163084 0.060032 0.364537
4 4 0.113377 0.150261 0.044080 0.035459 0.656823
4 4 0.047672 0.369890 0.141523 0.048862 0.392053
4 4 0.138508 0.189925 0.081746 0.056936 0.532886
4 4 0.220163 0.062945 0.020062 0.030248 0.666583
4 4 0.042777 0.326830 0.089366 0.034791 0.506235
4 4 0.063562 0.147049 0.027440 0.020264 0.741685
4 4 0.115915 0.138459 0.039162 0.033344 0.673119
4 4 0.031269 0.372427 0.094862 0.031282 0.470160
4 4 0.046612 0.371152 0.139389 0.047895 0.394953
4 4 0.201840 0.043807 0.010936 0.020148 0.723269
0 4 0.461712 0.044158 0.027674 0.031548 0.434907
4 4 0.072804 0.312988 0.135840 0.057862 0.420507
4 4 0.060646 0.200740 0.044463 0.026585 0.667567
4 4 0.044604 0.373508 0.135296 0.046056 0.400536
4 4 0.048656 0.272161 0.066483 0.030725 0.581975
4 1 0.048875 0.368448 0.143918 0.049955 0.388804
1 1 0.073604 0.348020 0.205724 0.062369 0.310283
4 1 0.052012 0.364630 0.150047 0.052789 0.380522
4 1 0.041561 0.376995 0.128943 0.043248 0.409253
4 1 0.034750 0.384317 0.114017 0.036861 0.430055
4 1 0.046831 0.370892 0.139832 0.048095 0.394350
1 1 0.069006 0.346145 0.184918 0.065330 0.334601
1 1 0.066811 0.356460 0.191658 0.058115 0.326956
4 1 0.035097 0.383964 0.114803 0.037190 0.428945
4 1 0.036779 0.382218 0.118573 0.038779 0.423651
4 1 0.038853 0.379997 0.123131 0.040726 0.417295
4 1 0.053860 0.362349 0.153580 0.054446 0.375765
4 1 0.042940 0.375429 0.131844 0.044523 0.405264
1 1 0.067643 0.344899 0.205726 0.062601 0.319131
4 1 0.052096 0.364527 0.150209 0.052864 0.380304
1 1 0.076176 0.348454 0.218169 0.060575 0.296626
1 1 0.086141 0.342183 0.260490 0.057094 0.254092
1 0 0.075477 0.343179 0.205108 0.065689 0.310547
2 0 0.132328 0.154486 0.566104 0.071554 0.075528
1 1 0.108696 0.305741 0.268380 0.073859 0.243324
1 1 0.077721 0.346854 0.222339 0.061018 0.292068
1 1 0.079804 0.337688 0.213442 0.068437 0.300629
1 1 0.086062 0.343811 0.266388 0.054900 0.248838
1 1 0.095138 0.325030 0.293152 0.059677 0.227003
1 1 0.097551 0.323774 0.278496 0.064321 0.235857
1 1 0.091884 0.334056 0.275282 0.058709 0.240070
2 1 0.080017 0.235095 0.488032 0.056140 0.140715
1 1 0.095440 0.315014 0.306334 0.062324 0.220887
1 1 0.079616 0.338147 0.250158 0.060860 0.271219
1 1 0.059121 0.359770 0.167964 0.056634 0.356511
2 1 0.085249 0.312636 0.324517 0.058570 0.219028
1 1 0.094949 0.329097 0.296791 0.056323 0.222840
1 2 0.092129 0.326887 0.285264 0.060511 0.235209
2 1 0.064159 0.221661 0.520978 0.054050 0.139153
2 2 0.063537 0.211462 0.553462 0.048614 0.122925
2 2 0.057000 0.166730 0.636372 0.047404 0.092494
2 1 0.054384 0.100581 0.767843 0.035066 0.042126
2 2 0.083540 0.215582 0.531903 0.052015 0.116960
2 2 0.082462 0.247176 0.474330 0.052594 0.143438
2 2 0.053104 0.088928 0.778497 0.040096 0.039376
2 2 0.056801 0.125744 0.720243 0.039172 0.058040
2 2 0.046756 0.100653 0.776096 0.033011 0.043484
2 0 0.031273 0.038322 0.898784 0.019546 0.012076
2 0 0.126743 0.168316 0.572038 0.057547 0.075356
1 1 0.101371 0.315134 0.271966 0.071810 0.239718
1 0 0.072251 0.343981 0.193678 0.066246 0.323843
1 0 0.145492 0.271278 0.264200 0.070894 0.248135
1 1 0.091270 0.334682 0.272508 0.058978 0.242562
4 1 0.054233 0.361885 0.154288 0.054780 0.374814
1 1 0.065590 0.354177 0.183682 0.059994 0.336557
1 0 0.082720 0.332956 0.216982 0.071269 0.296072
0 0 0.356345 0.141074 0.294379 0.063168 0.145034
0 1 0.388811 0.130261 0.264213 0.062891 0.153823
2 1 0.122767 0.283330 0.300776 0.085512 0.207614
1 1 0.070354 0.349172 0.194387 0.062657 0.323431
4 2 0.064545 0.348792 0.173010 0.063877 0.349776
1 2 0.059291 0.330059 0.219405 0.066271 0.324974
1 0 0.082201 0.344356 0.240623 0.059622 0.273198
2 0 0.185601 0.228597 0.332759 0.079445 0.173599
0 0 0.778530 0.025482 0.054561 0.020128 0.121299
0 0 0.616888 0.060408 0.130719 0.047274 0.144711
2 1 0.156026 0.251850 0.351295 0.072452 0.168378
1 1 0.098856 0.320000 0.272517 0.068354 0.240273
1 1 0.080510 0.343999 0.230169 0.061644 0.283678
1 1 0.091445 0.317465 0.311743 0.059268 0.220079
1 0 0.083174 0.334613 0.222391 0.069227 0.290595
0 0 0.654373 0.052595 0.120061 0.039355 0.133616
0 0 0.749059 0.033369 0.081627 0.023566 0.112379
0 0 0.615640 0.062417 0.167698 0.040727 0.113518
0 0 0.802704 0.023083 0.056706 0.016247 0.101260
0 0 0.456087 0.097053 0.281508 0.061680 0.103673
0 0 0.365335 0.127870 0.297853 0.081540 0.127403
0 0 0.333602 0.136595 0.304969 0.094647 0.130188
1 0 0.096659 0.324164 0.272405 0.065631 0.241141
2 0 0.190073 0.234460 0.284145 0.073509 0.217814
2 0 0.216693 0.137425 0.487858 0.082127 0.075897
2 0 0.184705 0.219723 0.378364 0.076294 0.140915
1 1 0.088607 0.334022 0.250060 0.064390 0.262921
4 1 0.020680 0.395589 0.079203 0.023133 0.481395
4 1 0.043435 0.374860 0.132878 0.044981 0.403846
4 1 0.039901 0.378847 0.125399 0.041704 0.414149
4 1 0.034946 0.384118 0.114462 0.037047 0.429427
4 1 0.052661 0.363832 0.151294 0.053371 0.378842
1 1 0.078984 0.324731 0.251421 0.068655 0.276209
1 2 0.071848 0.354487 0.209727 0.057793 0.306145
1 2 0.060456 0.335979 0.220519 0.063039 0.320007
2 2 0.055469 0.174336 0.602732 0.057030 0.110433
2 2 0.068552 0.263497 0.405799 0.065557 0.196596
2 2 0.062027 0.207153 0.556558 0.050604 0.123658
2 1 0.085351 0.256553 0.465894 0.049115 0.143086
1 1 0.073394 0.349699 0.207822 0.061043 0.308043
1 2 0.080461 0.323101 0.296081 0.059316 0.241041
2 0 0.065622 0.189365 0.583973 0.052170 0.108869
2 1 0.168904 0.218540 0.396112 0.089804 0.126639
1 1 0.072361 0.353859 0.210904 0.058055 0.304821
1 1 0.061676 0.339712 0.207636 0.063362 0.327614
1 1 0.074524 0.349524 0.212557 0.060607 0.302788
2 1 0.159329 0.146094 0.543165 0.076543 0.074869
2 1 0.112387 0.302991 0.327555 0.063014 0.194052
1 1 0.096946 0.323837 0.273387 0.065595 0.240235
1 1 0.079106 0.317236 0.280617 0.066607 0.256435
1 1 0.078086 0.340872 0.211999 0.066427 0.302616
1 1 0.083468 0.346494 0.255757 0.055485 0.258796
2 1 0.079497 0.243272 0.449108 0.065297 0.162825
2 0 0.158886 0.227925 0.421418 0.072132 0.119638
2 1 0.127736 0.278452 0.357156 0.067879 0.168776
1 1 0.091757 0.332590 0.267583 0.061415 0.246654
1 1 0.072873 0.348717 0.203845 0.062107 0.312458
1 1 0.083842 0.320953 0.271543 0.067031 0.256630
2 2 0.072866 0.154802 0.643766 0.050263 0.078303
2 2 0.036803 0.046803 0.868985 0.029525 0.017883
2 2 0.048009 0.092278 0.791146 0.031142 0.037424
2 2 0.052379 0.080723 0.797642 0.036067 0.033190
2 2 0.043702 0.068443 0.824779 0.034474 0.028602
2 2 0.034432 0.042006 0.886821 0.022716 0.014025
2 2 0.024821 0.032343 0.914060 0.018274 0.010503
2 2 0.065875 0.120857 0.696397 0.054461 0.062409
2 2 0.059905 0.126652 0.709328 0.043443 0.060672
2 2 0.046709 0.086984 0.785527 0.040236 0.040543
2 2 0.060533 0.111926 0.729859 0.044941 0.052740
2 2 0.029564 0.040196 0.889114 0.025886 0.015239
2 2 0.054376 0.111603 0.739151 0.041952 0.052918
2 2 0.043786 0.074267 0.821957 0.030483 0.029507
2 2 0.057364 0.088546 0.761449 0.049862 0.042779
2 2 0.046434 0.070747 0.825470 0.030303 0.027046
2 2 0.036980 0.052835 0.860257 0.029349 0.020579
2 2 0.050548 0.076024 0.795778 0.043108 0.034542
2 2 0.064566 0.099066 0.727153 0.058225 0.050991
2 2 0.057494 0.117963 0.714115 0.049603 0.060825
2 0 0.061095 0.074413 0.791315 0.042392 0.030786
2 0 0.199510 0.136304 0.525388 0.076451 0.062347
1 2 0.095599 0.329606 0.290924 0.057533 0.226338
2 2 0.082282 0.255346 0.459171 0.052630 0.150571
2 2 0.065954 0.148205 0.653886 0.052665 0.079290
2 2 0.069777 0.239044 0.491660 0.052626 0.146894
2 2 0.040386 0.052774 0.858305 0.028905 0.019630
2 2 0.063002 0.171958 0.621845 0.049073 0.094123
2 2 0.064732 0.142022 0.685329 0.041645 0.066272
2 2 0.054145 0.114701 0.725461 0.047146 0.058548
2 1 0.073507 0.211564 0.558076 0.045567 0.111286
2 2 0.046313 0.101176 0.777497 0.031896 0.043118
2 2 0.046127 0.085624 0.796898 0.034573 0.036778
2 2 0.072075 0.242414 0.458379 0.062590 0.164542
2 2 0.038807 0.052026 0.854610 0.033346 0.021211
2 2 0.064189 0.184869 0.584931 0.055572 0.110439
2 2 0.054408 0.123031 0.719453 0.042733 0.060375
2 2 0.052821 0.125427 0.713640 0.044243 0.063869
2 2 0.044449 0.096530 0.779615 0.035490 0.043915
2 2 0.065655 0.120639 0.684381 0.062129 0.067195
2 2 0.063095 0.081850 0.752079 0.061483 0.041493
2 2 0.045362 0.079522 0.807894 0.033797 0.033424
2 2 0.030342 0.038973 0.893798 0.023198 0.013689
2 2 0.059226 0.122438 0.708152 0.048230 0.061954
2 2 0.047060 0.061976 0.816689 0.045620 0.028657
2 2 0.049501 0.064885 0.819673 0.038808 0.027133
2 2 0.044402 0.056808 0.835562 0.038978 0.024250
2 2 0.054925 0.075324 0.776756 0.055183 0.037811
2 2 0.059891 0.082378 0.763263 0.054196 0.040272
2 2 0.058868 0.095064 0.748631 0.050781 0.046657
2 2 0.037080 0.048556 0.862680 0.032166 0.019518
2 2 0.045268 0.070465 0.821656 0.033755 0.028857
2 2 0.053509 0.101822 0.754684 0.042250 0.047736
2 2 0.068598 0.098292 0.713198 0.067594 0.052318
2 2 0.050171 0.062283 0.817617 0.042828 0.027101
2 2 0.045666 0.072797 0.815791 0.035161 0.030585
2 2 0.033887 0.045527 0.872087 0.030319 0.018180
2 2 0.046461 0.058646 0.829659 0.040119 0.025115
2 2 0.059029 0.081279 0.771399 0.050129 0.038165
2 2 0.050932 0.071576 0.812443 0.036047 0.029001
2 2 0.048186 0.061349 0.820073 0.043197 0.027196
2 2 0.057888 0.087841 0.762001 0.050004 0.042265
2 2 0.054129 0.080494 0.778491 0.048487 0.038399
2 2 0.054181 0.103009 0.753371 0.041650 0.047790
2 2 0.034912 0.045081 0.877468 0.026162 0.016377
2 2 0.044244 0.065129 0.826654 0.036381 0.027592
2 2 0.040745 0.054396 0.830624 0.048555 0.025680
2 2 0.047303 0.072387 0.809682 0.038968 0.031659
2 2 0.055576 0.081774 0.777458 0.047096 0.038096
2 2 0.030659 0.041527 0.884915 0.026955 0.015945
2 2 0.063631 0.091196 0.740341 0.058429 0.046403
2 1 0.051396 0.095960 0.762097 0.044247 0.046299
2 1 0.045209 0.087850 0.792613 0.035493 0.038835
2 1 0.040473 0.054748 0.840933 0.039534 0.024312
2 2 0.053726 0.107921 0.752969 0.037468 0.047916
2 2 0.045921 0.058810 0.828675 0.040975 0.025619
2 2 0.057221 0.071743 0.783747 0.053034 0.034255
2 2 0.047250 0.074141 0.801090 0.043064 0.034454
2 2 0.068221 0.114445 0.688458 0.065246 0.063630
2 2 0.037731 0.051311 0.853446 0.035625 0.021887
2 2 0.065779 0.106413 0.712594 0.059326 0.055888
2 2 0.056447 0.095005 0.761297 0.043635 0.043616
2 2 0.053732 0.069150 0.791997 0.051891 0.033230
2 2 0.051866 0.079619 0.783211 0.047266 0.038038
2 2 0.051628 0.099119 0.752098 0.047262 0.049894
2 2 0.048687 0.063162 0.813069 0.046034 0.029048
2 2 0.044881 0.061289 0.809158 0.053929 0.030742
2 2 0.081149 0.124670 0.635915 0.083743 0.074524
2 2 0.044028 0.058830 0.827196 0.043115 0.026831
2 2 0.069175 0.121274 0.675546 0.065689 0.068315
2 2 0.066814 0.086299 0.738861 0.064132 0.043894
2 2 0.057892 0.072051 0.770227 0.063365 0.036465
2 2 0.053030 0.100542 0.751975 0.045373 0.049080
2 2 0.056138 0.082424 0.775003 0.047810 0.038625
2 2 0.055624 0.090506 0.782304 0.034972 0.036594
2 0 0.058298 0.098096 0.741256 0.052652 0.049698
2 0 0.173857 0.193396 0.488142 0.061171 0.083434
2 1 0.160260 0.230963 0.382141 0.088256 0.138379
1 2 0.101611 0.311811 0.261218 0.077086 0.248275
1 2 0.072583 0.352069 0.208562 0.059440 0.307345
2 2 0.084389 0.292727 0.369173 0.058071 0.195639
2 2 0.075490 0.297144 0.362295 0.057011 0.208060
2 2 0.070224 0.219621 0.510953 0.059372 0.139829
2 2 0.064709 0.203773 0.577179 0.044376 0.109963
2 2 0.077941 0.273787 0.431085 0.050531 0.166656
2 2 0.076037 0.290786 0.389945 0.052858 0.190374
1 2 0.097726 0.327678 0.310343 0.053591 0.210662
1 2 0.076393 0.355229 0.235009 0.053987 0.279383
2 2 0.057048 0.130815 0.697187 0.047287 0.067662
2 2 0.051857 0.113365 0.737713 0.041984 0.055081
2 2 0.084494 0.235817 0.482316 0.057389 0.139983
2 2 0.085163 0.241575 0.469880 0.058005 0.145376
2 2 0.095753 0.302188 0.361864 0.054072 0.186123
2 2 0.059146 0.105183 0.742412 0.044332 0.048927
1 2 0.088944 0.325790 0.291941 0.059347 0.233977
1 2 0.088838 0.339760 0.273628 0.055693 0.242081
2 2 0.083057 0.269826 0.400052 0.063500 0.183564
2 1 0.085196 0.312376 0.316558 0.060901 0.224969
1 1 0.085205 0.342795 0.255622 0.057721 0.258657
1 2 0.072496 0.353400 0.210653 0.058370 0.305082
1 1 0.066996 0.325894 0.299805 0.054943 0.252362
2 1 0.084897 0.220670 0.495506 0.063564 0.135363
1 1 0.067547 0.358058 0.197164 0.056737 0.320494
1 2 0.074777 0.353223 0.221314 0.057165 0.293521
2 2 0.079426 0.256260 0.379693 0.081154 0.203467
2 2 0.072950 0.196005 0.569811 0.052198 0.109035
1 2 0.073205 0.351304 0.209936 0.059775 0.305781
1 2 0.083464 0.335581 0.225846 0.067976 0.287133
1 2 0.084440 0.339033 0.239305 0.063258 0.273964
1 2 0.087284 0.337411 0.252111 0.061778 0.261417
1 2 0.086816 0.335480 0.243392 0.064798 0.269513
1 2 0.092414 0.331104 0.266824 0.062530 0.247128
2 2 0.061782 0.125267 0.698411 0.050363 0.064177
2 2 0.084307 0.230944 0.456672 0.071807 0.156269
1 0 0.092489 0.334208 0.282356 0.056932 0.234014
2 1 0.116306 0.107649 0.660327 0.067420 0.048298
1 1 0.098967 0.322422 0.285466 0.063349 0.229796
4 1 0.059492 0.355268 0.164028 0.059449 0.361762
4 1 0.061914 0.352178 0.168376 0.061578 0.355955
1 1 0.079341 0.343948 0.224050 0.062645 0.290016
1 1 0.073150 0.353061 0.214253 0.058108 0.301428
1 1 0.069882 0.351776 0.196619 0.060766 0.320957
1 1 0.081051 0.318639 0.310683 0.058356 0.231271
1 2 0.088287 0.340156 0.270275 0.056205 0.245077
2 1 0.084715 0.241227 0.461527 0.061609 0.150923
2 1 0.089516 0.273267 0.423495 0.052763 0.160960
1 0 0.070509 0.351028 0.197949 0.061143 0.319371
2 4 0.164969 0.229780 0.402138 0.072435 0.130678
4 4 0.050950 0.365932 0.147989 0.051832 0.383298
4 4 0.019029 0.396293 0.074649 0.021462 0.488567
4 4 0.051338 0.322024 0.101373 0.040945 0.484321
4 4 0.047847 0.369681 0.141873 0.049021 0.391578
4 4 0.123956 0.210798 0.090491 0.057532 0.517223
0 4 0.424235 0.069913 0.053346 0.056051 0.396454
4 4 0.139087 0.201577 0.093287 0.061917 0.504131
4 4 0.211400 0.112675 0.048498 0.050609 0.576817
4 4 0.211205 0.052958 0.014964 0.024856 0.696017
4 4 0.081890 0.169765 0.041784 0.029453 0.677107
4 4 0.110530 0.224737 0.092184 0.055136 0.517412
4 4 0.116195 0.255273 0.135576 0.071891 0.421064
4 4 0.452791 0.037126 0.020972 0.032430 0.456681
4 4 0.285523 0.086006 0.043128 0.051631 0.533711
4 4 0.103932 0.189103 0.061441 0.041694 0.603831
4 4 0.158387 0.165434 0.071592 0.055919 0.548668
4 4 0.349573 0.037603 0.015105 0.027190 0.570529
4 4 0.191600 0.056888 0.015234 0.023969 0.712310
4 4 0.090234 0.222143 0.073922 0.043722 0.569978
0 4 0.608367 0.052106 0.073094 0.044098 0.222334
0 4 0.571363 0.039835 0.036464 0.037723 0.314616
0 4 0.545351 0.026986 0.017646 0.025107 0.384910
4 4 0.284631 0.087114 0.044124 0.054013 0.530118
4 4 0.159316 0.203785 0.113961 0.074849 0.448090
2 4 0.193365 0.224122 0.269826 0.091821 0.220867
4 4 0.060422 0.354085 0.165707 0.060268 0.359518
4 4 0.072140 0.166883 0.036904 0.025735 0.698338
4 4 0.228493 0.170995 0.120125 0.073429 0.406957
4 4 0.273319 0.049048 0.017177 0.030619 0.629837
4 4 0.176158 0.101684 0.034125 0.037435 0.650598
4 4 0.089089 0.219681 0.071477 0.042569 0.577185
4 4 0.052917 0.297526 0.086160 0.037511 0.525886
4 4 0.232293 0.155696 0.096593 0.060985 0.454433
1 4 0.099694 0.318773 0.274058 0.068768 0.238707
4 4 0.148643 0.219689 0.126001 0.077134 0.428533
4 4 0.427482 0.025352 0.010921 0.020647 0.515597
0 4 0.528024 0.036008 0.026144 0.034691 0.375133
4 4 0.088530 0.243306 0.087845 0.048220 0.532100
4 4 0.047068 0.370610 0.140310 0.048311 0.393700
4 4 0.058928 0.355985 0.163002 0.058951 0.363133
4 4 0.037937 0.380987 0.121129 0.039867 0.420080
4 4 0.043911 0.374312 0.133865 0.045419 0.402493
1 4 0.060094 0.358404 0.169654 0.057517 0.354332
1 4 0.069342 0.349991 0.191728 0.062306 0.326634
1 4 0.088723 0.336498 0.259094 0.060874 0.254811
4 4 0.049601 0.367571 0.145350 0.050613 0.386865
4 4 0.037839 0.380915 0.120738 0.039739 0.420770
0 4 0.405226 0.094064 0.085359 0.063376 0.351974
4 4 0.410640 0.032591 0.014983 0.026819 0.514966
4 4 0.124540 0.239572 0.124279 0.070311 0.441298
4 4 0.057295 0.332921 0.124001 0.048893 0.436890
4 4 0.288051 0.116302 0.071734 0.053463 0.470450
4 4 0.031005 0.387959 0.105339 0.033285 0.442411
4 4 0.032902 0.386156 0.109780 0.035103 0.436059
4 4 0.105943 0.230562 0.093353 0.054473 0.515669
4 4 0.041826 0.353660 0.107143 0.038582 0.458790
4 4 0.206332 0.161135 0.093904 0.075119 0.463510
0 4 0.548175 0.025277 0.016333 0.026378 0.383837
4 4 0.047484 0.349547 0.117366 0.043313 0.442291
4 4 0.064190 0.270115 0.082196 0.039837 0.543662
0 4 0.763347 0.028187 0.059640 0.022488 0.126337
4 4 0.130596 0.222098 0.108477 0.066024 0.472806
4 4 0.076176 0.180358 0.043832 0.029314 0.670319
4 4 0.037788 0.361941 0.103887 0.036119 0.460266
4 4 0.118388 0.213359 0.088443 0.055503 0.524306
4 4 0.036289 0.382732 0.117481 0.038317 0.425181
4 1 0.088811 0.189279 0.053863 0.035725 0.632323
1 1 0.057154 0.368121 0.171088 0.051596 0.352041
4 1 0.045229 0.372779 0.136578 0.046629 0.398785
4 1 0.037515 0.381438 0.120202 0.039472 0.421373
4 1 0.038133 0.380776 0.121560 0.040051 0.419480
4 1 0.048329 0.369104 0.142833 0.049459 0.390274
4 1 0.036004 0.383029 0.116845 0.038049 0.426073
1 1 0.094347 0.330185 0.279973 0.059932 0.235563
4 0 0.038790 0.380065 0.122995 0.040667 0.417484
1 1 0.104718 0.314524 0.303738 0.063199 0.213821
