0 0 0.962432 0.020460 0.009517 0.000434 0.007157
0 0 0.994665 0.003350 0.001302 0.000083 0.000600
0 0 0.998024 0.001050 0.000502 0.000275 0.000148
0 0 0.998274 0.001221 0.000379 0.000039 0.000088
0 0 0.998580 0.001075 0.000241 0.000001 0.000103
0 0 0.999546 0.000365 0.000043 0.000000 0.000047
0 0 0.999549 0.000293 0.000026 0.000000 0.000132
0 0 0.999235 0.000431 0.000033 0.000000 0.000300
0 0 0.999861 0.000115 0.000009 0.000000 0.000015
0 0 0.999797 0.000167 0.000017 0.000000 0.000019
0 0 0.999865 0.000112 0.000012 0.000000 0.000011
0 0 0.987787 0.007477 0.003045 0.000942 0.000748
0 0 0.987323 0.007105 0.003167 0.001646 0.000759
0 0 0.994141 0.003908 0.001389 0.000204 0.000358
0 0 0.992298 0.005420 0.001585 0.000028 0.000669
0 0 0.992238 0.005617 0.001115 0.000000 0.001031
0 0 0.988307 0.007035 0.001509 0.000000 0.003149
0 0 0.965640 0.022457 0.004496 0.000000 0.007407
0 0 0.963806 0.022302 0.004722 0.000000 0.009170
0 0 0.897236 0.064398 0.014092 0.000002 0.024272
0 0 0.853510 0.080044 0.018240 0.000002 0.048205
0 0 0.845273 0.089182 0.020819 0.000003 0.044723
0 0 0.835032 0.098126 0.022213 0.000003 0.044625
0 0 0.862276 0.083137 0.017957 0.000002 0.036629
0 0 0.872748 0.077261 0.016338 0.000001 0.033652
0 0 0.862855 0.083941 0.018510 0.000002 0.034692
0 0 0.902973 0.061105 0.013446 0.000002 0.022474
0 0 0.912102 0.056033 0.013222 0.000004 0.018638
0 0 0.955086 0.029848 0.006848 0.000003 0.008215
0 0 0.967319 0.022090 0.005639 0.000009 0.004944
0 0 0.972496 0.018715 0.004947 0.000012 0.003829
0 0 0.983004 0.011819 0.003015 0.000008 0.002154
0 0 0.978800 0.014654 0.003171 0.000001 0.003374
0 0 0.962573 0.024823 0.004515 0.000000 0.008089
0 0 0.901600 0.045382 0.012679 0.000002 0.040338
0 0 0.892627 0.049498 0.014151 0.000003 0.043721
0 0 0.858570 0.073771 0.019547 0.000004 0.048108
0 0 0.841833 0.088809 0.021637 0.000003 0.047717
0 0 0.780647 0.106195 0.027290 0.000003 0.085865
0 0 0.759480 0.131930 0.028620 0.000002 0.079968
0 0 0.589826 0.214905 0.060530 0.000029 0.134709
0 0 0.577213 0.223327 0.065443 0.000043 0.133974
0 0 0.614960 0.200761 0.053471 0.000017 0.130791
0 0 0.609126 0.205632 0.056301 0.000022 0.128918
0 0 0.591949 0.208623 0.055957 0.000018 0.143454
0 0 0.560116 0.217991 0.058650 0.000018 0.163225
0 0 0.594312 0.201278 0.051089 0.000010 0.153311
0 0 0.606421 0.195003 0.048337 0.000008 0.150231
0 0 0.670528 0.176509 0.044411 0.000009 0.108543
0 0 0.694464 0.152255 0.037469 0.000005 0.115808
0 0 0.699976 0.133972 0.036797 0.000006 0.129249
0 0 0.825410 0.088068 0.023311 0.000004 0.063207
0 0 0.844853 0.071824 0.021107 0.000006 0.062210
0 0 0.869439 0.061378 0.017820 0.000005 0.051359
0 0 0.822732 0.073162 0.021305 0.000004 0.082797
0 0 0.782560 0.115126 0.028680 0.000005 0.073629
0 0 0.730347 0.090627 0.027029 0.000003 0.151993
0 0 0.652882 0.075789 0.025571 0.000003 0.245756
0 0 0.586703 0.067374 0.024666 0.000002 0.321254
0 0 0.664483 0.066996 0.024880 0.000003 0.243637
0 0 0.576474 0.098128 0.030572 0.000002 0.294824
0 0 0.600751 0.102197 0.031039 0.000002 0.266010
0 0 0.572118 0.110759 0.033247 0.000003 0.283873
0 0 0.593169 0.103773 0.028542 0.000001 0.274514
0 0 0.607660 0.112659 0.028878 0.000001 0.250802
0 0 0.610753 0.135723 0.033603 0.000002 0.219919
0 0 0.678408 0.136636 0.031470 0.000002 0.153485
0 0 0.653009 0.139075 0.033409 0.000002 0.174505
0 0 0.657935 0.155702 0.034423 0.000002 0.151938
0 0 0.687956 0.162503 0.037550 0.000004 0.111987
0 0 0.747369 0.139639 0.032141 0.000004 0.080847
0 0 0.721206 0.134783 0.030994 0.000002 0.113015
0 0 0.683807 0.131189 0.033522 0.000003 0.151480
0 0 0.732023 0.145722 0.034624 0.000005 0.087626
0 0 0.614344 0.187229 0.044323 0.000005 0.154099
0 0 0.700480 0.153489 0.033682 0.000002 0.112346
0 0 0.864147 0.083828 0.019876 0.000005 0.032145
0 0 0.937466 0.040805 0.009874 0.000005 0.011850
0 0 0.943412 0.037173 0.009408 0.000009 0.009999
0 0 0.956596 0.028888 0.006516 0.000002 0.007998
0 0 0.968678 0.020534 0.004358 0.000001 0.006429
0 0 0.938865 0.035825 0.008060 0.000001 0.017249
0 0 0.823232 0.090398 0.022317 0.000003 0.064051
0 0 0.713972 0.103895 0.030497 0.000005 0.151632
0 0 0.692653 0.108902 0.030339 0.000003 0.168103
0 0 0.721397 0.099568 0.027637 0.000003 0.151395
0 0 0.736786 0.069195 0.022425 0.000002 0.171591
0 0 0.667620 0.044276 0.016820 0.000001 0.271283
0 0 0.726513 0.042533 0.015207 0.000001 0.215747
0 0 0.682853 0.041792 0.015020 0.000001 0.260334
0 0 0.627864 0.061250 0.021308 0.000001 0.289577
0 1 0.648474 0.097074 0.030197 0.000003 0.224253
0 1 0.576791 0.114201 0.035879 0.000004 0.273125
0 2 0.604996 0.134539 0.041164 0.000008 0.219294
0 2 0.587025 0.183593 0.057360 0.000030 0.171992
0 2 0.418454 0.250845 0.106822 0.000505 0.223374
0 2 0.363470 0.281552 0.113408 0.000463 0.241107
4 2 0.314268 0.231316 0.103430 0.000364 0.350622
4 2 0.214944 0.257977 0.138606 0.001931 0.386542
4 2 0.116008 0.267070 0.270746 0.007620 0.338557
2 2 0.009364 0.070984 0.488946 0.017350 0.413356
2 2 0.008773 0.068441 0.488091 0.014484 0.420211
2 2 0.005293 0.056634 0.589756 0.013882 0.334435
2 2 0.005293 0.056985 0.584409 0.014818 0.338495
2 2 0.006308 0.062830 0.579249 0.013495 0.338118
2 2 0.003411 0.049295 0.708744 0.032182 0.206367
2 2 0.004492 0.054632 0.640619 0.040108 0.260149
2 2 0.002412 0.040719 0.730845 0.060437 0.165587
2 2 0.001811 0.035842 0.812089 0.055140 0.095118
2 2 0.001170 0.029146 0.859155 0.042578 0.067950
2 2 0.001069 0.025441 0.881904 0.047309 0.044277
2 2 0.001719 0.031306 0.846920 0.050489 0.069566
2 2 0.001793 0.031474 0.809079 0.067261 0.090393
2 2 0.001638 0.030945 0.805599 0.061358 0.100460
2 2 0.001921 0.035417 0.765598 0.058331 0.138733
2 2 0.002230 0.040006 0.730035 0.054273 0.173456
2 2 0.002095 0.029957 0.757414 0.090617 0.119917
2 2 0.002558 0.032198 0.716906 0.103279 0.145058
2 2 0.003173 0.027560 0.681368 0.180766 0.107133
2 3 0.004413 0.035139 0.630778 0.150474 0.179195
2 3 0.019734 0.049052 0.598478 0.229434 0.103303
2 3 0.015101 0.038624 0.528877 0.344383 0.073015
2 3 0.005265 0.020673 0.503221 0.440380 0.030461
2 3 0.005447 0.019299 0.488768 0.462582 0.023904
3 3 0.004307 0.011283 0.349747 0.616012 0.018650
3 3 0.013731 0.022005 0.392878 0.542344 0.029041
3 3 0.012049 0.019305 0.344715 0.579897 0.044034
3 3 0.003706 0.006249 0.208469 0.768711 0.012865
3 3 0.002487 0.005143 0.245196 0.736342 0.010832
3 3 0.003021 0.006377 0.261922 0.715901 0.012779
3 3 0.002582 0.006088 0.292458 0.689204 0.009668
3 3 0.005747 0.014721 0.409809 0.558802 0.010920
2 3 0.037963 0.055925 0.666007 0.216013 0.024093
2 2 0.121114 0.127567 0.623992 0.091518 0.035810
2 2 0.091412 0.153721 0.646595 0.082396 0.025876
2 2 0.119915 0.187280 0.604787 0.054988 0.033030
2 2 0.176897 0.268116 0.459254 0.018586 0.077146
2 2 0.108956 0.242466 0.444074 0.008863 0.195640
2 2 0.008828 0.069311 0.726137 0.048886 0.146838
2 2 0.005596 0.054781 0.758397 0.064894 0.116331
2 2 0.007407 0.028917 0.606689 0.285188 0.071800
2 2 0.009092 0.028370 0.552461 0.345166 0.064911
2 2 0.017803 0.047210 0.574727 0.230593 0.129667
2 3 0.006604 0.024038 0.477753 0.430019 0.061585
2 3 0.007407 0.026658 0.493497 0.419931 0.052507
2 3 0.008519 0.025436 0.488045 0.435350 0.042650
2 3 0.020998 0.039898 0.542490 0.346656 0.049958
2 3 0.044165 0.050142 0.469028 0.351489 0.085177
3 3 0.054371 0.037849 0.321593 0.508389 0.077798
3 3 0.016094 0.011917 0.168752 0.775417 0.027820
3 3 0.012857 0.011371 0.157023 0.792944 0.025804
3 3 0.010627 0.012772 0.183634 0.765872 0.027094
3 3 0.014100 0.014714 0.185700 0.746331 0.039154
3 3 0.013200 0.014852 0.198222 0.746702 0.027024
3 3 0.008560 0.011085 0.181450 0.781153 0.017751
3 3 0.007892 0.010969 0.192293 0.771675 0.017170
3 3 0.007244 0.007877 0.143358 0.829470 0.012051
3 3 0.010407 0.011199 0.177933 0.782878 0.017583
3 3 0.009034 0.011437 0.193630 0.765735 0.020164
3 3 0.028060 0.028513 0.288463 0.585799 0.069165
3 3 0.011639 0.010783 0.195696 0.760637 0.021245
3 3 0.009827 0.008641 0.157615 0.810269 0.013649
3 3 0.006994 0.005580 0.106503 0.873650 0.007274
3 3 0.020883 0.011188 0.142646 0.811504 0.013778
3 3 0.021934 0.012829 0.161391 0.791537 0.012309
3 3 0.013471 0.008263 0.131563 0.837770 0.008934
3 3 0.013713 0.009453 0.141688 0.823866 0.011280
3 3 0.006194 0.004679 0.087990 0.894411 0.006725
3 3 0.014540 0.008484 0.115658 0.847144 0.014174
3 3 0.026590 0.012402 0.120023 0.813476 0.027509
3 3 0.012268 0.005594 0.074319 0.895820 0.012000
3 3 0.009187 0.004725 0.072541 0.903157 0.010391
3 3 0.014541 0.005612 0.075412 0.889777 0.014658
3 3 0.026605 0.010417 0.121437 0.816171 0.025370
3 3 0.040096 0.017379 0.160755 0.739998 0.041772
3 3 0.048594 0.023359 0.198056 0.670252 0.059739
3 3 0.051394 0.028063 0.235005 0.614639 0.070899
3 3 0.020299 0.015159 0.211528 0.724816 0.028198
3 3 0.011978 0.009625 0.171387 0.790146 0.016865
3 3 0.033355 0.020283 0.256968 0.656822 0.032573
3 3 0.003853 0.002385 0.055673 0.930750 0.007339
3 3 0.004558 0.002739 0.056020 0.929463 0.007220
3 3 0.011646 0.008437 0.114959 0.847675 0.017284
3 3 0.033321 0.024540 0.230820 0.660528 0.050791
3 3 0.038353 0.031642 0.287663 0.582785 0.059556
3 3 0.066674 0.057262 0.363844 0.422240 0.089980
3 3 0.071028 0.057907 0.337196 0.419194 0.114675
2 3 0.107074 0.079516 0.352372 0.312979 0.148059
3 2 0.058990 0.053204 0.331323 0.511464 0.045019
3 2 0.013645 0.026287 0.324892 0.620822 0.014354
2 2 0.024484 0.055455 0.512859 0.352968 0.054234
2 2 0.016749 0.055276 0.561128 0.223527 0.143320
2 2 0.018285 0.053586 0.513464 0.192583 0.222082
2 2 0.030747 0.067244 0.500629 0.145761 0.255619
2 2 0.033614 0.060157 0.434262 0.170670 0.301296
4 3 0.055626 0.077713 0.356540 0.099211 0.410910
2 3 0.048062 0.079892 0.462345 0.124943 0.284758
2 3 0.059147 0.086202 0.446810 0.085272 0.322568
2 3 0.063685 0.075503 0.519739 0.166759 0.174314
2 3 0.038699 0.044740 0.475293 0.372720 0.068549
2 3 0.005163 0.060949 0.633732 0.080273 0.219883
2 3 0.004238 0.058078 0.671719 0.067410 0.198554
2 2 0.003624 0.058985 0.690137 0.050382 0.196872
2 2 0.003719 0.067121 0.597707 0.031874 0.299579
2 2 0.003959 0.065204 0.469412 0.027108 0.434317
2 2 0.003518 0.069458 0.507722 0.020976 0.398326
2 2 0.004040 0.081501 0.499140 0.018269 0.397050
2 2 0.002860 0.068213 0.597490 0.018737 0.312701
4 2 0.003509 0.071268 0.412790 0.014591 0.497842
4 2 0.003345 0.069314 0.399590 0.013584 0.514166
4 2 0.004448 0.072198 0.239772 0.008911 0.674670
4 2 0.005536 0.073418 0.207170 0.009315 0.704562
4 2 0.008503 0.072696 0.121291 0.003968 0.793543
4 2 0.013101 0.064331 0.053292 0.001423 0.867852
4 2 0.012841 0.069134 0.060367 0.001788 0.855869
4 2 0.014970 0.077342 0.062031 0.001776 0.843881
4 2 0.025446 0.121524 0.115706 0.002890 0.734433
4 2 0.049954 0.153393 0.099743 0.001434 0.695476
4 2 0.083972 0.284124 0.236835 0.002059 0.393010
2 2 0.074724 0.298876 0.404353 0.003011 0.219036
0 2 0.513583 0.270584 0.110177 0.001159 0.104497
0 2 0.421240 0.295221 0.169511 0.001895 0.112133
0 2 0.421005 0.298418 0.151078 0.001604 0.127896
2 2 0.223260 0.323478 0.328295 0.006182 0.118786
2 2 0.199262 0.320594 0.365166 0.009223 0.105755
2 2 0.125071 0.314793 0.396650 0.007368 0.156118
2 2 0.090399 0.272343 0.399748 0.009584 0.227926
2 2 0.034671 0.154794 0.426627 0.015411 0.368497
2 2 0.011605 0.088474 0.559590 0.031673 0.308658
4 2 0.016233 0.096176 0.422135 0.018921 0.446535
2 2 0.012964 0.092780 0.518274 0.023608 0.352374
2 2 0.019506 0.107770 0.443485 0.018672 0.410567
2 2 0.010740 0.082590 0.547438 0.041780 0.317452
2 2 0.009702 0.073102 0.588426 0.057475 0.271296
2 2 0.007246 0.057038 0.648235 0.108374 0.179106
2 2 0.006366 0.052783 0.705062 0.123266 0.112523
2 2 0.008293 0.058203 0.702710 0.115042 0.115752
2 2 0.011052 0.062661 0.728191 0.093996 0.104099
2 3 0.028465 0.102017 0.617081 0.043140 0.209298
2 3 0.010088 0.053842 0.784149 0.100792 0.051130
2 3 0.072316 0.066613 0.507267 0.251015 0.102789
3 3 0.019840 0.021607 0.339658 0.589375 0.029519
3 3 0.024509 0.025439 0.339966 0.579285 0.030801
3 3 0.009975 0.011290 0.214365 0.750119 0.014252
3 3 0.082141 0.054425 0.390786 0.391040 0.081607
3 3 0.087687 0.047322 0.313743 0.466039 0.085210
2 3 0.127064 0.067223 0.345675 0.312652 0.147386
3 3 0.082265 0.050058 0.304009 0.407071 0.156597
3 3 0.071456 0.046268 0.301227 0.432420 0.148629
3 3 0.059000 0.039635 0.297652 0.493736 0.109978
3 3 0.046786 0.037250 0.341113 0.491042 0.083809
3 3 0.010014 0.011812 0.215530 0.743454 0.019191
3 3 0.005299 0.007415 0.182650 0.794869 0.009768
3 3 0.003987 0.004956 0.151337 0.832689 0.007031
3 3 0.003889 0.004308 0.131554 0.853548 0.006701
3 3 0.007441 0.008233 0.151247 0.820147 0.012932
3 3 0.009269 0.010087 0.184384 0.778399 0.017861
3 3 0.018140 0.015733 0.197236 0.737930 0.030961
3 3 0.020784 0.018430 0.199707 0.726137 0.034942
3 3 0.037712 0.026801 0.213191 0.663210 0.059086
0 2 0.686580 0.155682 0.087848 0.009384 0.060507
0 2 0.380791 0.254696 0.279104 0.026797 0.058612
2 2 0.126585 0.234216 0.566418 0.020672 0.052108
2 2 0.085273 0.230765 0.604847 0.010422 0.068693
2 2 0.029569 0.162916 0.624910 0.007527 0.175079
2 2 0.007912 0.082411 0.688240 0.018306 0.203131
2 2 0.006139 0.071504 0.723181 0.026641 0.172535
2 2 0.004283 0.054937 0.774763 0.055848 0.110168
2 2 0.004995 0.043977 0.747942 0.138413 0.064674
2 2 0.003469 0.027009 0.720208 0.215550 0.033765
2 2 0.005850 0.039413 0.671693 0.221471 0.061574
2 2 0.006675 0.039432 0.688743 0.204119 0.061031
2 2 0.003987 0.034281 0.742011 0.169271 0.050449
2 2 0.004234 0.030777 0.773993 0.164235 0.026760
2 2 0.003074 0.023174 0.718222 0.227524 0.028007
2 2 0.008681 0.033616 0.627666 0.287320 0.042717
2 2 0.014991 0.039035 0.557076 0.315989 0.072910
3 2 0.006330 0.013353 0.291161 0.661061 0.028095
3 2 0.014839 0.027208 0.424446 0.498700 0.034807
3 2 0.016263 0.029947 0.444030 0.472220 0.037541
2 2 0.006962 0.023729 0.620933 0.337944 0.010431
2 2 0.013154 0.027366 0.567253 0.374107 0.018120
3 2 0.011700 0.017169 0.373526 0.585552 0.012052
3 3 0.004566 0.005820 0.170882 0.813035 0.005697
3 3 0.007248 0.007234 0.160696 0.812944 0.011877
3 3 0.003207 0.003064 0.101284 0.886891 0.005554
3 3 0.003713 0.003874 0.111809 0.871160 0.009444
3 3 0.003282 0.003302 0.101725 0.882382 0.009309
3 3 0.003785 0.003092 0.079321 0.903796 0.010006
3 3 0.006314 0.004852 0.082335 0.891198 0.015301
3 3 0.006198 0.005510 0.097501 0.871690 0.019101
3 3 0.007169 0.006612 0.102917 0.857749 0.025554
3 3 0.015100 0.014336 0.157376 0.751758 0.061430
3 3 0.046415 0.039469 0.287025 0.447249 0.179841
3 3 0.064431 0.052034 0.333089 0.335728 0.214718
3 3 0.023936 0.027762 0.345619 0.541604 0.061080
2 2 0.065213 0.051639 0.424901 0.392557 0.065690
2 2 0.153089 0.099605 0.487278 0.195525 0.064503
2 2 0.129013 0.103460 0.522261 0.207800 0.037465
2 2 0.062720 0.086696 0.608044 0.227797 0.014743
3 2 0.006487 0.021537 0.476253 0.484674 0.011049
2 2 0.008370 0.029458 0.608380 0.340338 0.013455
2 2 0.007412 0.024093 0.579323 0.380262 0.008911
2 2 0.011125 0.035194 0.606989 0.327825 0.018868
2 2 0.011141 0.039683 0.625727 0.301070 0.022380
2 2 0.019256 0.060763 0.632028 0.231110 0.056844
2 2 0.020412 0.065075 0.645430 0.198508 0.070576
2 2 0.018101 0.077503 0.650757 0.111356 0.142283
2 2 0.019880 0.088120 0.533218 0.051009 0.307773
2 2 0.010129 0.066190 0.553140 0.080492 0.290049
2 2 0.004676 0.041292 0.660473 0.153747 0.139812
2 2 0.003837 0.038320 0.726429 0.143791 0.087623
2 2 0.003760 0.042079 0.754965 0.118782 0.080414
2 2 0.003239 0.031034 0.756676 0.161710 0.047341
2 2 0.002743 0.026093 0.762909 0.171084 0.037170
2 2 0.002379 0.018395 0.712387 0.244845 0.021993
2 2 0.005621 0.038927 0.696396 0.177534 0.081523
2 2 0.005825 0.035368 0.682961 0.215357 0.060488
2 2 0.012334 0.055979 0.692711 0.151320 0.087656
2 2 0.007995 0.037309 0.662415 0.261160 0.031121
2 2 0.005786 0.027342 0.566708 0.353057 0.047107
2 2 0.005593 0.020734 0.508644 0.446954 0.018075
2 2 0.008517 0.026028 0.541762 0.404530 0.019163
2 2 0.013926 0.036829 0.591170 0.314151 0.043925
2 2 0.014243 0.029680 0.494136 0.423919 0.038023
2 2 0.011093 0.028634 0.526642 0.406711 0.026920
3 2 0.011383 0.025547 0.466660 0.475774 0.020636
2 2 0.018201 0.032887 0.478687 0.436759 0.033466
3 2 0.029513 0.038727 0.431944 0.453073 0.046744
2 2 0.035602 0.044273 0.452460 0.426106 0.041559
3 2 0.010181 0.015032 0.262963 0.696290 0.015534
3 2 0.007783 0.010728 0.200608 0.763812 0.017069
3 2 0.004238 0.006404 0.188038 0.789425 0.011896
3 2 0.005103 0.007800 0.193033 0.776117 0.017948
3 2 0.005741 0.010772 0.253978 0.708581 0.020929
3 2 0.002830 0.005962 0.257521 0.723483 0.010203
3 2 0.003217 0.005028 0.191081 0.794481 0.006194
3 2 0.004609 0.005929 0.166383 0.817848 0.005231
2 2 0.068987 0.056517 0.445583 0.394265 0.034647
2 2 0.120419 0.096248 0.510812 0.236102 0.036419
2 2 0.012051 0.088474 0.700742 0.046471 0.152262
2 2 0.011050 0.089402 0.742050 0.064998 0.092500
2 2 0.010988 0.079778 0.787436 0.080809 0.040988
2 2 0.010931 0.073793 0.808869 0.077283 0.029124
2 2 0.008279 0.046753 0.763718 0.168297 0.012952
2 2 0.004023 0.032354 0.804825 0.148096 0.010702
2 2 0.001739 0.020001 0.806469 0.147795 0.023995
2 2 0.001370 0.017720 0.830632 0.130591 0.019687
2 2 0.001070 0.014101 0.809391 0.141633 0.033806
2 2 0.001389 0.018274 0.810248 0.129593 0.040497
2 2 0.002396 0.029199 0.775916 0.119146 0.073343
2 2 0.007799 0.070714 0.722246 0.051429 0.147812
2 2 0.005225 0.040855 0.788345 0.122211 0.043364
2 2 0.007553 0.047927 0.769971 0.109343 0.065206
2 2 0.007754 0.037025 0.700732 0.213049 0.041441
2 2 0.010379 0.050137 0.675930 0.155770 0.107785
2 2 0.004796 0.034220 0.671247 0.217129 0.072608
2 2 0.005186 0.031323 0.632324 0.271732 0.059435
2 2 0.004516 0.024984 0.605672 0.321361 0.043467
2 2 0.005910 0.026620 0.545533 0.376725 0.045212
2 2 0.048219 0.046862 0.383727 0.349364 0.171827
2 3 0.039102 0.045197 0.443048 0.355749 0.116903
3 3 0.015276 0.023249 0.393481 0.499850 0.068144
3 3 0.011746 0.021348 0.404979 0.500946 0.060981
3 3 0.009502 0.019062 0.412214 0.506347 0.052874
3 3 0.008034 0.017686 0.381797 0.524248 0.068235
3 3 0.015720 0.021558 0.333546 0.569144 0.060033
3 3 0.015731 0.018226 0.300776 0.630183 0.035084
3 3 0.028580 0.028491 0.337048 0.564040 0.041841
3 3 0.030874 0.029062 0.323430 0.588591 0.028043
3 3 0.018477 0.020277 0.290042 0.649237 0.021967
3 3 0.031253 0.031441 0.335457 0.574314 0.027536
3 3 0.025396 0.023229 0.286142 0.640941 0.024292
3 3 0.028874 0.028708 0.327309 0.594471 0.020639
3 3 0.063375 0.044368 0.371787 0.485062 0.035407
2 3 0.074725 0.049769 0.420406 0.414686 0.040414
3 3 0.053969 0.047581 0.420879 0.425856 0.051716
2 3 0.065861 0.057997 0.436619 0.372506 0.067018
2 3 0.074244 0.084169 0.444894 0.240811 0.155883
2 3 0.053608 0.072771 0.470959 0.308864 0.093798
4 4 0.057352 0.090030 0.051245 0.000136 0.801238
4 4 0.079091 0.153456 0.076789 0.000264 0.690400
4 4 0.116203 0.230670 0.094355 0.000228 0.558544
4 4 0.080241 0.222957 0.107654 0.000744 0.588403
4 4 0.171450 0.262245 0.124976 0.000920 0.440409
4 4 0.070959 0.155241 0.093482 0.001012 0.679306
4 4 0.115669 0.205978 0.105343 0.000692 0.572317
4 4 0.081078 0.193695 0.095669 0.000525 0.629033
4 4 0.070162 0.157801 0.075772 0.000235 0.696030
4 4 0.067621 0.166421 0.081749 0.000333 0.683876
4 4 0.031153 0.102177 0.061476 0.000429 0.804765
4 4 0.030678 0.086831 0.055867 0.000406 0.826218
4 4 0.021849 0.065726 0.045131 0.000331 0.866964
4 4 0.025811 0.033653 0.022963 0.000038 0.917536
4 4 0.039833 0.034693 0.023375 0.000029 0.902071
4 4 0.059120 0.043618 0.026745 0.000024 0.870493
4 4 0.060046 0.047257 0.028027 0.000024 0.864646
4 4 0.052069 0.050932 0.029585 0.000029 0.867385
4 4 0.037276 0.050052 0.028555 0.000030 0.884086
4 4 0.038437 0.071822 0.043734 0.000135 0.845873
4 4 0.035995 0.039647 0.020772 0.000009 0.903577
4 4 0.042202 0.067088 0.033963 0.000030 0.856717
4 4 0.026596 0.063042 0.040980 0.000178 0.869205
4 4 0.032681 0.055756 0.033427 0.000063 0.878073
4 4 0.049501 0.055028 0.028839 0.000019 0.866613
4 4 0.055991 0.045882 0.022907 0.000007 0.875213
4 4 0.067654 0.052727 0.027914 0.000015 0.851690
4 4 0.051042 0.049936 0.027473 0.000019 0.871530
4 4 0.062477 0.078571 0.040467 0.000043 0.818442
4 4 0.034095 0.070000 0.039748 0.000085 0.856073
4 4 0.028103 0.069306 0.040600 0.000115 0.861876
4 4 0.031947 0.086297 0.053114 0.000289 0.828352
4 4 0.023876 0.087767 0.058614 0.000635 0.829109
4 4 0.028638 0.099666 0.061188 0.000479 0.810029
4 4 0.020024 0.088924 0.060247 0.000818 0.829988
4 4 0.017416 0.093946 0.065379 0.001276 0.821984
4 4 0.017945 0.068835 0.050390 0.000665 0.862165
4 4 0.018850 0.041743 0.034260 0.000299 0.904848
4 4 0.031736 0.037401 0.028944 0.000103 0.901816
4 4 0.046237 0.044198 0.032248 0.000091 0.877226
4 4 0.026215 0.059345 0.039943 0.000188 0.874309
4 4 0.023256 0.053873 0.036068 0.000146 0.886657
4 4 0.037933 0.038075 0.021938 0.000014 0.902040
4 4 0.050610 0.041629 0.023399 0.000013 0.884349
4 4 0.059515 0.039650 0.021083 0.000007 0.879746
4 4 0.103565 0.052513 0.028326 0.000013 0.815583
4 4 0.077080 0.054284 0.030617 0.000023 0.837996
4 4 0.081810 0.049759 0.026527 0.000012 0.841892
4 4 0.053185 0.061126 0.034596 0.000041 0.851052
4 4 0.034730 0.058966 0.038772 0.000131 0.867400
4 4 0.030558 0.037080 0.024744 0.000039 0.907580
4 4 0.018556 0.036706 0.028641 0.000147 0.915950
4 4 0.022133 0.030120 0.023150 0.000066 0.924532
4 4 0.022030 0.026277 0.023158 0.000108 0.928427
4 4 0.022991 0.026282 0.021572 0.000066 0.929089
4 4 0.025004 0.035420 0.028637 0.000137 0.910802
4 4 0.016255 0.057608 0.050091 0.001290 0.874756
4 4 0.012731 0.047092 0.040385 0.000751 0.899040
4 4 0.016523 0.081390 0.060209 0.001267 0.840611
4 4 0.012894 0.078377 0.071097 0.002514 0.835119
4 4 0.022102 0.086897 0.062280 0.001037 0.827683
4 4 0.030988 0.079218 0.052375 0.000364 0.837055
4 4 0.028429 0.077449 0.051808 0.000388 0.841926
4 4 0.024274 0.075614 0.052250 0.000495 0.847367
4 4 0.023459 0.061143 0.045469 0.000429 0.869500
4 4 0.025869 0.068936 0.043850 0.000206 0.861139
4 4 0.026497 0.083079 0.043989 0.000107 0.846328
4 4 0.018724 0.095541 0.058754 0.000562 0.826419
4 4 0.017718 0.088930 0.057330 0.000637 0.835384
4 4 0.019948 0.113608 0.079603 0.001084 0.785756
4 4 0.009325 0.102064 0.178305 0.003877 0.706428
4 2 0.007459 0.094279 0.222154 0.007045 0.669061
4 2 0.005821 0.095300 0.278029 0.010386 0.610463
4 2 0.005402 0.095459 0.273106 0.009134 0.616900
4 2 0.006849 0.101010 0.253681 0.005860 0.632601
4 2 0.019244 0.138983 0.202647 0.002126 0.637001
4 2 0.040912 0.165827 0.140192 0.000999 0.652071
4 2 0.070456 0.223533 0.150445 0.000933 0.554633
4 2 0.049441 0.243827 0.245930 0.002023 0.458779
4 2 0.027518 0.215555 0.375059 0.003127 0.378740
4 2 0.005621 0.091136 0.414936 0.008499 0.479807
2 2 0.006370 0.094925 0.449828 0.006616 0.442262
2 2 0.005974 0.089664 0.505427 0.008154 0.390781
2 2 0.002371 0.057675 0.710598 0.022443 0.206914
2 2 0.001411 0.043134 0.786220 0.021434 0.147801
2 2 0.001289 0.041539 0.809048 0.020553 0.127572
2 2 0.001771 0.048579 0.721654 0.022047 0.205949
2 2 0.002366 0.052582 0.679863 0.028974 0.236215
2 2 0.002090 0.042783 0.690230 0.037964 0.226934
2 2 0.003975 0.060414 0.501788 0.032283 0.401540
2 2 0.005051 0.066702 0.501057 0.025418 0.401771
4 2 0.006140 0.069108 0.373270 0.010863 0.540618
2 2 0.004158 0.062616 0.580321 0.019102 0.333804
2 2 0.001294 0.037133 0.785151 0.025807 0.150616
2 2 0.001501 0.047691 0.787469 0.019088 0.144252
2 2 0.001455 0.040248 0.826155 0.023576 0.108566
2 2 0.002237 0.047462 0.807619 0.019868 0.122814
2 2 0.001672 0.038006 0.839730 0.038374 0.082218
2 2 0.001955 0.039792 0.787136 0.047743 0.123374
2 2 0.001748 0.034853 0.782655 0.052337 0.128406
2 2 0.004834 0.072820 0.696713 0.016301 0.209331
2 2 0.002447 0.049433 0.788143 0.034329 0.125648
2 2 0.003631 0.053192 0.749127 0.041512 0.152539
2 2 0.010772 0.085600 0.672214 0.018766 0.212647
2 2 0.020445 0.106238 0.449258 0.007051 0.417008
2 2 0.016870 0.108043 0.609953 0.016324 0.248810
2 2 0.008518 0.078525 0.684929 0.041869 0.186158
2 2 0.007236 0.076903 0.644954 0.041863 0.229043
2 2 0.004003 0.056931 0.635457 0.058632 0.244978
2 2 0.004852 0.057403 0.547731 0.044206 0.345808
2 2 0.012413 0.084554 0.596596 0.028439 0.277998
2 2 0.113098 0.177924 0.438534 0.009167 0.261277
2 2 0.265201 0.216027 0.384780 0.008193 0.125799
0 2 0.361972 0.236871 0.324473 0.007668 0.069016
0 2 0.352233 0.256161 0.322374 0.008481 0.060751
0 2 0.421054 0.269346 0.229666 0.005953 0.073981
0 2 0.379244 0.315189 0.151048 0.001690 0.152829
4 2 0.063189 0.221916 0.290560 0.003342 0.420993
2 2 0.019016 0.131256 0.449549 0.007155 0.393024
2 2 0.007331 0.087398 0.507794 0.010066 0.387410
2 2 0.002452 0.048792 0.870341 0.022531 0.055883
2 2 0.001883 0.038885 0.863980 0.043139 0.052112
2 2 0.002491 0.046314 0.818303 0.039402 0.093490
2 2 0.003110 0.050528 0.734893 0.043465 0.168004
2 2 0.002834 0.044299 0.654303 0.056140 0.242423
2 2 0.002621 0.043622 0.655687 0.051563 0.246507
2 2 0.004438 0.050629 0.577899 0.049238 0.317796
2 2 0.004292 0.049488 0.613800 0.051883 0.280536
2 2 0.005730 0.050040 0.651826 0.062361 0.230044
2 2 0.010805 0.057083 0.675535 0.087579 0.168999
2 2 0.009380 0.044126 0.684933 0.167582 0.093979
2 2 0.007448 0.030682 0.547085 0.345158 0.069627
2 2 0.005173 0.026394 0.573293 0.331182 0.063958
2 2 0.004024 0.021936 0.599800 0.332120 0.042119
2 2 0.003905 0.018018 0.533902 0.404721 0.039454
2 2 0.006613 0.027472 0.496697 0.388641 0.080577
2 2 0.007291 0.034290 0.551494 0.317172 0.089754
2 2 0.008941 0.047026 0.621985 0.168236 0.153811
2 2 0.012409 0.077063 0.583838 0.039093 0.287597
2 2 0.011715 0.080084 0.612116 0.032973 0.263112
2 2 0.002295 0.009597 0.521950 0.461705 0.004452
2 2 0.001966 0.011810 0.646356 0.332560 0.007308
2 2 0.002009 0.012404 0.636488 0.334632 0.014466
2 2 0.003432 0.022359 0.639329 0.282622 0.052258
2 2 0.007462 0.041690 0.536113 0.248651 0.166084
2 2 0.007360 0.038991 0.499638 0.265986 0.188025
2 2 0.008700 0.047278 0.466605 0.212775 0.264643
2 2 0.012582 0.059401 0.558684 0.133230 0.236103
2 2 0.018307 0.078837 0.625831 0.066405 0.210620
2 2 0.017536 0.069968 0.685864 0.110830 0.115802
2 2 0.006294 0.031090 0.631314 0.291273 0.040028
2 2 0.004898 0.026456 0.605084 0.311440 0.052122
2 2 0.005187 0.030777 0.632614 0.273766 0.057655
2 2 0.005101 0.032208 0.637335 0.257844 0.067512
2 2 0.005000 0.025379 0.581365 0.345042 0.043214
3 2 0.006428 0.018584 0.396331 0.552633 0.026025
2 2 0.036178 0.059271 0.548057 0.222273 0.134222
2 2 0.049830 0.064171 0.432186 0.201612 0.252202
3 3 0.016074 0.031889 0.380110 0.446167 0.125760
3 3 0.009504 0.024058 0.322574 0.530182 0.113683
3 3 0.015022 0.015828 0.230840 0.711920 0.026391
3 3 0.007776 0.008291 0.166542 0.805700 0.011691
3 3 0.029830 0.031467 0.374887 0.535773 0.028043
2 3 0.059207 0.056418 0.412314 0.396307 0.075754
3 3 0.042138 0.036272 0.278560 0.561157 0.081874
3 3 0.045556 0.033589 0.213916 0.598761 0.108178
3 3 0.041331 0.032769 0.206211 0.599186 0.120502
3 3 0.031784 0.030991 0.231337 0.588911 0.116977
3 3 0.017417 0.019775 0.202022 0.703668 0.057119
3 3 0.007783 0.010947 0.183331 0.771907 0.026031
3 3 0.009212 0.017013 0.254179 0.678039 0.041556
3 3 0.007231 0.011430 0.205078 0.749220 0.027041
3 3 0.008060 0.010007 0.154760 0.793342 0.033830
3 3 0.016007 0.013035 0.157590 0.774029 0.039339
3 3 0.007596 0.007428 0.113598 0.841814 0.029564
3 3 0.010640 0.010097 0.126027 0.817059 0.036177
3 3 0.018952 0.016393 0.159039 0.743272 0.062345
3 3 0.052841 0.041475 0.261247 0.491642 0.152795
3 3 0.052295 0.042120 0.270639 0.474754 0.160192
3 3 0.033279 0.031257 0.273721 0.554663 0.107081
3 3 0.018807 0.021412 0.271865 0.653478 0.034438
3 3 0.006322 0.009823 0.210137 0.762930 0.010788
3 3 0.013286 0.019574 0.302208 0.639991 0.024941
3 3 0.012165 0.014142 0.212486 0.740873 0.020334
3 3 0.030299 0.023376 0.225098 0.670598 0.050629
3 3 0.014163 0.010613 0.132367 0.811469 0.031388
3 3 0.016526 0.013148 0.146504 0.771068 0.052753
3 3 0.023573 0.018832 0.183960 0.708299 0.065337
3 3 0.070615 0.046722 0.282555 0.437441 0.162667
3 3 0.043668 0.035447 0.285199 0.520251 0.115435
3 3 0.023582 0.022002 0.228120 0.652017 0.074279
3 3 0.022157 0.019844 0.194085 0.687604 0.076310
3 3 0.036369 0.026061 0.170897 0.629027 0.137646
3 3 0.048676 0.028186 0.153603 0.556364 0.213171
3 3 0.038420 0.022547 0.153686 0.621298 0.164050
3 3 0.045574 0.020599 0.146782 0.674373 0.112671
3 3 0.101506 0.039407 0.210961 0.481711 0.166414
3 3 0.049811 0.024184 0.171934 0.654170 0.099902
3 3 0.029978 0.017544 0.142565 0.742027 0.067886
3 3 0.013504 0.010263 0.115023 0.831192 0.030018
3 3 0.054699 0.033323 0.263837 0.511197 0.136944
3 3 0.079128 0.051423 0.371163 0.375829 0.122458
2 3 0.075395 0.068753 0.510487 0.217694 0.127672
2 3 0.041666 0.066000 0.637216 0.199010 0.056107
2 3 0.024998 0.054889 0.669381 0.214993 0.035739
2 3 0.027874 0.048326 0.541773 0.339877 0.042150
2 3 0.027609 0.040690 0.434587 0.430503 0.066612
3 3 0.040593 0.046193 0.351966 0.429556 0.131691
3 3 0.025013 0.027324 0.253544 0.603914 0.090206
2 3 0.044937 0.052676 0.338561 0.329043 0.234782
3 3 0.018469 0.027515 0.283888 0.562606 0.107522
2 3 0.040740 0.068058 0.437278 0.248576 0.205349
2 3 0.031386 0.065503 0.474954 0.255225 0.172931
2 3 0.048482 0.078673 0.476726 0.148346 0.247774
3 3 0.010680 0.026798 0.403006 0.495520 0.063997
3 3 0.014496 0.031012 0.403402 0.451171 0.099919
3 3 0.015763 0.030435 0.365114 0.437264 0.151424
3 3 0.020223 0.028003 0.285576 0.504590 0.161607
3 3 0.023305 0.032801 0.331333 0.464829 0.147732
3 3 0.028369 0.036569 0.389164 0.439305 0.106592
2 3 0.090421 0.083510 0.386446 0.200741 0.238882
3 3 0.048114 0.052481 0.365733 0.401145 0.132526
2 3 0.055361 0.062050 0.400621 0.347546 0.134422
3 3 0.011475 0.018760 0.248511 0.668844 0.052411
3 3 0.008750 0.015312 0.240246 0.693314 0.042378
3 2 0.007618 0.017072 0.282869 0.610515 0.081926
3 2 0.007496 0.020787 0.350492 0.530089 0.091136
2 2 0.011827 0.033462 0.412390 0.362166 0.180155
2 2 0.015140 0.043062 0.485972 0.315731 0.140095
2 2 0.012178 0.045026 0.523943 0.275921 0.142933
2 2 0.011279 0.041883 0.497512 0.297194 0.152132
2 2 0.010440 0.035930 0.468569 0.385453 0.099608
2 2 0.018169 0.048007 0.423016 0.289109 0.221699
3 2 0.013221 0.027290 0.324449 0.561155 0.073886
3 2 0.022164 0.040352 0.355951 0.450205 0.131327
2 2 0.069596 0.094156 0.426965 0.195743 0.213540
2 2 0.185659 0.157619 0.404165 0.058546 0.194011
2 2 0.304676 0.204300 0.317715 0.021282 0.152027
2 2 0.257523 0.228757 0.393442 0.015280 0.104998
2 2 0.194198 0.273975 0.393253 0.009419 0.129155
2 2 0.003684 0.062034 0.750271 0.051983 0.132028
2 2 0.003502 0.053931 0.737082 0.063897 0.141587
2 2 0.002631 0.037843 0.754249 0.086005 0.119273
2 2 0.002550 0.038715 0.707294 0.072041 0.179401
2 2 0.003029 0.046069 0.699681 0.065292 0.185929
2 2 0.001844 0.032789 0.778188 0.066097 0.121082
2 2 0.002026 0.041836 0.812503 0.047490 0.096144
2 2 0.001458 0.034487 0.846506 0.042539 0.075009
2 2 0.002379 0.050428 0.811868 0.025657 0.109669
2 2 0.003369 0.053943 0.808047 0.030585 0.104057
2 2 0.003843 0.058612 0.795346 0.029955 0.112245
2 2 0.007552 0.086196 0.724491 0.021874 0.159886
2 2 0.005319 0.079944 0.711121 0.029882 0.173735
2 2 0.013306 0.129743 0.441021 0.011047 0.404884
2 2 0.006092 0.100057 0.516387 0.025696 0.351767
4 4 0.004866 0.086383 0.372970 0.014868 0.520913
4 4 0.005202 0.080447 0.244195 0.010129 0.660027
4 4 0.025518 0.088960 0.064171 0.001059 0.820292
4 4 0.060780 0.113491 0.068733 0.000412 0.756583
4 4 0.074023 0.144549 0.075446 0.000298 0.705684
4 4 0.035335 0.036889 0.024203 0.000031 0.903542
4 4 0.064694 0.033309 0.020685 0.000011 0.881301
4 4 0.089853 0.035213 0.021560 0.000010 0.853365
4 4 0.095896 0.037866 0.021564 0.000007 0.844667
4 4 0.098819 0.032410 0.017446 0.000003 0.851322
4 4 0.121120 0.044734 0.019969 0.000002 0.814176
4 4 0.079453 0.047400 0.020348 0.000002 0.852797
4 4 0.081233 0.051833 0.022255 0.000003 0.844675
4 4 0.104020 0.053005 0.023115 0.000003 0.819857
4 4 0.118595 0.068187 0.026334 0.000003 0.786882
4 4 0.095075 0.077096 0.033204 0.000010 0.794615
4 4 0.046881 0.061416 0.033000 0.000032 0.858671
4 4 0.034051 0.059562 0.035892 0.000077 0.870418
4 4 0.031948 0.054436 0.036902 0.000133 0.876580
4 4 0.030039 0.053699 0.041773 0.000331 0.874159
4 4 0.029801 0.040119 0.033258 0.000210 0.896612
4 4 0.036826 0.055559 0.042979 0.000310 0.864326
4 4 0.026649 0.056388 0.041985 0.000311 0.874667
4 4 0.028408 0.048706 0.035364 0.000162 0.887361
4 4 0.024763 0.039873 0.028003 0.000078 0.907283
4 4 0.045596 0.080387 0.047561 0.000142 0.826314
4 4 0.162075 0.171198 0.077117 0.000134 0.589477
4 4 0.290132 0.221577 0.087349 0.000126 0.400815
0 4 0.333941 0.270100 0.087444 0.000077 0.308438
0 4 0.337996 0.304273 0.107696 0.000250 0.249785
1 1 0.235361 0.336383 0.138897 0.000995 0.288365
1 1 0.136633 0.334869 0.217474 0.001498 0.309526
4 1 0.037888 0.247696 0.269893 0.001480 0.443043
4 2 0.005017 0.084815 0.347324 0.014829 0.548014
4 2 0.003862 0.072462 0.429896 0.017815 0.475965
2 2 0.003213 0.066013 0.474945 0.018101 0.437727
4 2 0.003453 0.067394 0.396366 0.015213 0.517574
4 2 0.003322 0.061581 0.346654 0.014396 0.574047
4 2 0.003447 0.061805 0.339351 0.014833 0.580563
4 2 0.004456 0.071104 0.305372 0.014877 0.604190
2 2 0.003727 0.070702 0.453613 0.019072 0.452886
2 2 0.003780 0.073264 0.490199 0.020152 0.412606
2 2 0.002840 0.066496 0.671104 0.023170 0.236390
2 2 0.003221 0.068222 0.677785 0.028040 0.222732
2 2 0.003683 0.071081 0.694032 0.030475 0.200729
4 2 0.008402 0.075068 0.112168 0.004798 0.799565
4 2 0.017516 0.089139 0.075658 0.002142 0.815545
4 2 0.021311 0.123945 0.103847 0.002000 0.748896
4 2 0.021088 0.173295 0.210735 0.004274 0.590608
4 2 0.012216 0.144024 0.297353 0.006228 0.540180
4 2 0.010833 0.128598 0.313102 0.005021 0.542446
4 2 0.010789 0.095074 0.170663 0.003117 0.720357
4 2 0.008864 0.073135 0.122886 0.002434 0.792681
4 2 0.012006 0.065781 0.059968 0.001054 0.861190
4 4 0.016794 0.073667 0.052286 0.000698 0.856556
4 4 0.017909 0.083391 0.056846 0.000751 0.841103
4 4 0.015301 0.085624 0.056888 0.000764 0.841424
4 4 0.013809 0.051234 0.035048 0.000205 0.899704
4 4 0.015323 0.050448 0.036767 0.000278 0.897185
4 4 0.021509 0.056457 0.039486 0.000237 0.882311
4 4 0.025002 0.067260 0.049110 0.000488 0.858140
4 4 0.029561 0.085028 0.052619 0.000301 0.832491
4 2 0.025823 0.090105 0.055722 0.000392 0.827958
4 2 0.018868 0.109200 0.074181 0.001659 0.796092
4 2 0.013168 0.096524 0.090869 0.002907 0.796532
4 2 0.006123 0.097719 0.286873 0.011750 0.597535
4 2 0.005540 0.087357 0.270705 0.011632 0.624766
4 2 0.006477 0.074522 0.145706 0.005471 0.767823
4 2 0.010281 0.066742 0.077006 0.001959 0.844012
4 2 0.010633 0.073851 0.086973 0.001926 0.826617
4 2 0.011593 0.073429 0.068319 0.001339 0.845321
4 2 0.010351 0.084115 0.109564 0.002103 0.793867
4 2 0.015954 0.103721 0.125628 0.001852 0.752845
4 2 0.025493 0.137280 0.146976 0.001266 0.688984
4 2 0.018802 0.128370 0.192015 0.001961 0.658852
4 2 0.020092 0.141342 0.201659 0.001150 0.635757
4 2 0.012019 0.129037 0.307478 0.001487 0.549979
4 2 0.011804 0.113746 0.289557 0.000988 0.583905
4 2 0.009790 0.086122 0.230093 0.001016 0.672980
4 2 0.008023 0.075512 0.252119 0.002488 0.661857
4 2 0.007358 0.079555 0.306661 0.005680 0.600747
4 2 0.012009 0.097737 0.235862 0.003044 0.651348
4 2 0.017030 0.111850 0.209535 0.002006 0.659579
4 2 0.014556 0.114838 0.277709 0.002323 0.590574
4 2 0.015726 0.114829 0.258819 0.001486 0.609140
4 2 0.002918 0.059954 0.387207 0.014093 0.535828
4 2 0.003631 0.063260 0.354853 0.013049 0.565206
2 2 0.003400 0.065156 0.458204 0.015216 0.458024
4 2 0.007118 0.083771 0.347608 0.005213 0.556290
4 2 0.006647 0.086833 0.390737 0.005368 0.510416
4 2 0.006814 0.088167 0.406759 0.005195 0.493065
2 2 0.003837 0.067307 0.574773 0.013639 0.340444
2 2 0.004078 0.068478 0.524011 0.012711 0.390722
4 2 0.005527 0.077656 0.452693 0.010172 0.453952
4 2 0.004400 0.075727 0.452693 0.011517 0.455662
4 2 0.006351 0.090570 0.373817 0.006321 0.522941
4 2 0.008186 0.102228 0.361515 0.004667 0.523405
4 2 0.008398 0.107629 0.375683 0.005164 0.503126
4 2 0.007005 0.102066 0.436522 0.007901 0.446507
2 2 0.003756 0.077183 0.623977 0.015933 0.279151
2 2 0.002866 0.065221 0.582554 0.015511 0.333848
2 2 0.002221 0.053164 0.649568 0.021957 0.273090
2 2 0.002380 0.053723 0.607579 0.023735 0.312582
2 2 0.003272 0.062792 0.549317 0.017802 0.366816
4 2 0.005496 0.077936 0.421712 0.007452 0.487403
2 2 0.002245 0.046403 0.679650 0.035148 0.236554
2 2 0.002025 0.039777 0.713473 0.044436 0.200289
2 2 0.002285 0.042724 0.684644 0.044509 0.225838
2 2 0.002078 0.044632 0.668842 0.032535 0.251914
2 2 0.001362 0.035562 0.740669 0.028936 0.193470
2 2 0.001499 0.039689 0.707090 0.025098 0.226623
2 2 0.001113 0.033329 0.768479 0.024270 0.172809
2 2 0.002356 0.053570 0.650572 0.023322 0.270179
2 2 0.004052 0.068036 0.535560 0.013620 0.378733
4 2 0.008273 0.092331 0.421475 0.006220 0.471702
2 2 0.006814 0.085925 0.523929 0.008672 0.374660
2 2 0.008066 0.087782 0.486640 0.006485 0.411028
2 2 0.002836 0.053476 0.697754 0.019800 0.226135
2 2 0.001535 0.036940 0.784630 0.035946 0.140949
2 2 0.001126 0.029847 0.793872 0.033623 0.141531
2 2 0.000826 0.024781 0.847503 0.031767 0.095122
2 2 0.000746 0.023233 0.866667 0.031412 0.077942
2 2 0.001137 0.031641 0.828395 0.031677 0.107151
2 2 0.001640 0.041650 0.801680 0.031703 0.123326
2 2 0.002571 0.051645 0.725617 0.038560 0.181607
0 1 0.656186 0.198950 0.073836 0.000500 0.070528
0 1 0.714578 0.167809 0.062372 0.000526 0.054715
0 2 0.677935 0.163670 0.064047 0.000345 0.094002
0 2 0.769814 0.093471 0.038934 0.000114 0.097667
0 0 0.879714 0.052066 0.019824 0.000031 0.048365
0 0 0.932031 0.036397 0.011874 0.000014 0.019684
0 0 0.920028 0.051409 0.012675 0.000007 0.015880
0 0 0.832496 0.102631 0.028446 0.000024 0.036403
0 0 0.798069 0.121896 0.034062 0.000027 0.045946
0 0 0.736442 0.149490 0.040556 0.000021 0.073491
0 0 0.700687 0.164021 0.043289 0.000016 0.091987
0 0 0.731145 0.156730 0.045156 0.000037 0.066932
0 0 0.781258 0.128835 0.033962 0.000015 0.055930
0 0 0.725752 0.151158 0.035741 0.000005 0.087343
0 0 0.750864 0.145143 0.036344 0.000008 0.067640
0 1 0.731968 0.156953 0.041708 0.000015 0.069356
0 1 0.677727 0.186556 0.054790 0.000043 0.080884
0 1 0.617587 0.212388 0.064106 0.000058 0.105861
0 2 0.514607 0.249715 0.078001 0.000081 0.157596
0 2 0.463285 0.261715 0.081202 0.000074 0.193724
0 2 0.495014 0.262258 0.086643 0.000140 0.155944
0 2 0.534768 0.240379 0.077013 0.000110 0.147730
0 2 0.601139 0.211721 0.066330 0.000092 0.120718
0 1 0.483377 0.254255 0.080974 0.000101 0.181293
0 1 0.397355 0.281553 0.091449 0.000112 0.229530
4 1 0.196548 0.301420 0.108173 0.000223 0.393635
4 1 0.044565 0.114292 0.061534 0.000232 0.779376
4 1 0.042009 0.150482 0.081406 0.000607 0.725496
4 2 0.020163 0.160598 0.232935 0.004941 0.581363
2 2 0.006742 0.105517 0.535430 0.018718 0.333593
2 2 0.004216 0.085493 0.653641 0.017313 0.239337
2 2 0.005243 0.092904 0.668852 0.013421 0.219580
2 2 0.003755 0.084664 0.690964 0.019806 0.200811
2 2 0.003639 0.086760 0.664649 0.019553 0.225399
2 2 0.003790 0.081205 0.612414 0.021917 0.280674
2 2 0.004398 0.078100 0.449365 0.020351 0.447785
4 2 0.005096 0.080097 0.416662 0.014252 0.483893
4 2 0.006344 0.084946 0.349355 0.007656 0.551699
4 2 0.004415 0.075775 0.440933 0.012345 0.466532
4 2 0.005655 0.078513 0.371490 0.010705 0.533637
