0 0 0.435658 0.380554 0.161523 0.000655 0.021610
0 0 0.798844 0.088696 0.027226 0.000278 0.084956
0 0 0.861079 0.072220 0.021656 0.000186 0.044859
0 0 0.943430 0.034828 0.010930 0.000221 0.010591
0 0 0.951247 0.025221 0.007370 0.000171 0.015991
0 0 0.852369 0.040735 0.012215 0.000415 0.094265
0 0 0.609719 0.044936 0.013279 0.000498 0.331569
0 0 0.536896 0.076435 0.024106 0.000624 0.361939
4 0 0.374548 0.021891 0.005547 0.000143 0.597871
4 0 0.366007 0.014608 0.003511 0.000109 0.615765
4 0 0.404469 0.018813 0.004673 0.000137 0.571909
0 0 0.528926 0.025344 0.006317 0.000132 0.439281
0 0 0.497583 0.028078 0.007032 0.000126 0.467180
0 0 0.525560 0.021767 0.005305 0.000117 0.447251
0 0 0.560437 0.032941 0.008353 0.000133 0.398136
0 0 0.616972 0.056657 0.014699 0.000113 0.311559
0 0 0.581017 0.080287 0.022084 0.000153 0.316460
0 0 0.662004 0.063365 0.016972 0.000139 0.257520
0 0 0.658977 0.053470 0.013968 0.000124 0.273460
0 0 0.666294 0.063089 0.016349 0.000100 0.254168
0 0 0.713124 0.073282 0.022476 0.000447 0.190671
0 0 0.681728 0.093683 0.031773 0.001003 0.191813
0 0 0.572700 0.111637 0.039576 0.001438 0.274650
0 0 0.498792 0.158323 0.061270 0.002415 0.279200
0 0 0.452038 0.224572 0.092799 0.002970 0.227621
0 0 0.591826 0.159955 0.058275 0.001240 0.188704
0 0 0.631887 0.121517 0.037029 0.000280 0.209286
0 0 0.642946 0.092688 0.027210 0.000252 0.236905
0 0 0.612553 0.082641 0.023506 0.000208 0.281092
0 0 0.599490 0.090259 0.026293 0.000245 0.283712
0 0 0.559920 0.087824 0.025463 0.000240 0.326553
0 0 0.526486 0.113829 0.035255 0.000368 0.324062
0 0 0.463607 0.139351 0.044419 0.000396 0.352228
4 0 0.395820 0.124401 0.039015 0.000350 0.440414
4 0 0.407378 0.131188 0.040849 0.000315 0.420271
4 0 0.396138 0.146742 0.045904 0.000294 0.410921
0 0 0.601160 0.088011 0.025899 0.000277 0.284653
0 0 0.568369 0.114642 0.035672 0.000382 0.280934
0 0 0.474871 0.133196 0.042083 0.000381 0.349469
4 0 0.385167 0.118022 0.035314 0.000225 0.461272
4 0 0.381551 0.095469 0.028403 0.000252 0.494326
0 0 0.454124 0.084002 0.025097 0.000319 0.436458
4 0 0.233885 0.069410 0.021287 0.000302 0.675116
4 0 0.336771 0.076307 0.023217 0.000346 0.563359
4 0 0.272589 0.075509 0.024220 0.000505 0.627178
0 0 0.533239 0.177671 0.062948 0.000870 0.225272
4 1 0.337393 0.146690 0.051257 0.000812 0.463848
0 1 0.414826 0.203303 0.071720 0.000707 0.309444
4 1 0.236825 0.210708 0.077532 0.000752 0.474183
4 2 0.278052 0.217794 0.080321 0.000834 0.422999
4 2 0.255881 0.235672 0.089454 0.000962 0.418031
4 2 0.190601 0.235947 0.094135 0.001259 0.478058
4 2 0.139995 0.309884 0.137894 0.002084 0.410143
1 2 0.105031 0.380577 0.191611 0.004013 0.318768
1 2 0.074245 0.387073 0.251365 0.006379 0.280938
2 2 0.031942 0.280439 0.413878 0.006444 0.267297
2 2 0.016610 0.209913 0.396007 0.004594 0.372876
4 2 0.011754 0.161336 0.358262 0.003851 0.464797
2 2 0.009947 0.138488 0.516293 0.005727 0.329545
2 2 0.012488 0.136325 0.439491 0.005216 0.406480
4 2 0.018679 0.160824 0.386729 0.004980 0.428789
2 2 0.014314 0.143036 0.480806 0.004857 0.356987
2 2 0.012416 0.117286 0.621494 0.007099 0.241705
2 2 0.004013 0.059272 0.753419 0.004487 0.178809
2 2 0.002584 0.037631 0.861872 0.007099 0.090815
2 2 0.002026 0.027525 0.902395 0.009627 0.058427
2 2 0.001806 0.027417 0.906951 0.010546 0.053280
2 2 0.001635 0.032821 0.887043 0.006511 0.071989
2 2 0.002343 0.053543 0.795072 0.004024 0.145019
2 2 0.001659 0.040674 0.880857 0.007917 0.068893
2 2 0.001285 0.032663 0.911549 0.010409 0.044094
2 2 0.001393 0.033220 0.910258 0.013149 0.041981
2 2 0.001776 0.033748 0.904597 0.021841 0.038038
2 2 0.001981 0.033034 0.900733 0.032325 0.031928
2 2 0.002306 0.032456 0.882516 0.058052 0.024669
2 2 0.002941 0.032000 0.857845 0.083938 0.023276
2 3 0.004871 0.035278 0.792991 0.142717 0.024144
2 3 0.007439 0.046643 0.741559 0.173218 0.031140
2 3 0.009273 0.061103 0.711463 0.178107 0.040054
2 3 0.009235 0.054627 0.672450 0.229790 0.033898
2 3 0.020823 0.092237 0.537847 0.293799 0.055294
2 3 0.034580 0.121643 0.455104 0.304885 0.083787
3 3 0.034178 0.087981 0.344558 0.486061 0.047223
2 3 0.023879 0.087768 0.464568 0.373959 0.049826
3 3 0.018702 0.056455 0.415292 0.479254 0.030297
3 3 0.020274 0.055199 0.386213 0.508988 0.029326
3 3 0.020813 0.054562 0.370029 0.525889 0.028706
3 3 0.030148 0.071339 0.348750 0.508661 0.041102
3 3 0.023286 0.053527 0.294037 0.602531 0.026620
3 3 0.033588 0.089451 0.342801 0.483526 0.050635
2 3 0.043368 0.135773 0.400089 0.318941 0.101828
2 3 0.049058 0.150373 0.402111 0.264845 0.133614
2 3 0.037071 0.118754 0.395035 0.371123 0.078017
2 3 0.041731 0.125289 0.382072 0.368192 0.082716
3 3 0.036902 0.108437 0.355728 0.439853 0.059080
3 3 0.038233 0.116439 0.369835 0.408260 0.067232
3 3 0.039350 0.119575 0.375111 0.393523 0.072442
3 3 0.036807 0.080914 0.298536 0.539382 0.044361
3 3 0.033630 0.066860 0.265650 0.599825 0.034036
3 3 0.029795 0.052450 0.231758 0.660439 0.025557
3 3 0.041709 0.107638 0.357197 0.424285 0.069172
3 3 0.056268 0.122784 0.344967 0.377381 0.098599
3 3 0.055389 0.117641 0.334431 0.403888 0.088651
2 3 0.051836 0.157294 0.389430 0.274431 0.127008
2 3 0.046567 0.148534 0.392558 0.307084 0.105256
2 3 0.042042 0.125830 0.382600 0.365554 0.083975
3 3 0.044388 0.104967 0.349050 0.426912 0.074683
3 3 0.043769 0.107795 0.360297 0.408962 0.079177
3 3 0.045973 0.113942 0.367957 0.382932 0.089196
3 3 0.048628 0.096829 0.323529 0.458623 0.072392
3 3 0.044336 0.085744 0.306427 0.504618 0.058874
3 3 0.052168 0.118093 0.345543 0.395588 0.088609
3 3 0.038829 0.076430 0.295753 0.540875 0.048112
3 3 0.027044 0.049960 0.245876 0.650918 0.026201
3 3 0.019169 0.028337 0.179609 0.759349 0.013536
3 3 0.016050 0.022352 0.158255 0.793176 0.010167
3 3 0.023395 0.034440 0.196760 0.727421 0.017984
3 3 0.023882 0.040325 0.216796 0.698938 0.020059
3 3 0.034278 0.066206 0.277705 0.583284 0.038528
3 3 0.049862 0.078862 0.292060 0.514379 0.064837
3 3 0.067033 0.117655 0.298270 0.430029 0.087013
3 3 0.057317 0.077983 0.240225 0.573464 0.051011
3 3 0.063897 0.092683 0.279211 0.487689 0.076520
3 3 0.072652 0.114153 0.309283 0.390533 0.113379
3 3 0.068603 0.107305 0.310562 0.406867 0.106663
3 3 0.057407 0.094065 0.304001 0.464371 0.080157
3 3 0.059944 0.095423 0.305159 0.453492 0.085981
3 3 0.042313 0.077725 0.293357 0.534060 0.052545
3 3 0.035221 0.066085 0.280662 0.577160 0.040872
3 3 0.030423 0.053257 0.246480 0.640484 0.029356
3 3 0.040347 0.077184 0.289132 0.545483 0.047854
3 3 0.035703 0.066543 0.268651 0.591370 0.037732
3 3 0.035648 0.066936 0.266148 0.594472 0.036797
3 3 0.044031 0.066092 0.248628 0.598950 0.042300
3 3 0.053014 0.061947 0.226308 0.612475 0.046256
3 3 0.058743 0.054645 0.198628 0.643987 0.043997
3 3 0.044580 0.046871 0.197094 0.678248 0.033207
3 3 0.054156 0.058276 0.220823 0.619806 0.046939
3 3 0.034692 0.040784 0.195627 0.702907 0.025990
3 3 0.025555 0.028111 0.157463 0.773667 0.015204
3 3 0.054854 0.101628 0.326621 0.429554 0.087343
3 3 0.033231 0.047312 0.222851 0.667756 0.028850
3 3 0.037241 0.041629 0.196415 0.696463 0.028253
3 3 0.043374 0.049808 0.209582 0.662453 0.034783
3 3 0.046952 0.053256 0.209544 0.653259 0.036988
3 3 0.049327 0.051455 0.203831 0.657245 0.038142
3 3 0.055901 0.056076 0.217825 0.621449 0.048748
3 3 0.046166 0.034541 0.162708 0.727252 0.029333
3 3 0.048875 0.041612 0.189326 0.682953 0.037234
3 3 0.052280 0.060651 0.238127 0.597849 0.051093
3 3 0.032242 0.047644 0.224890 0.667067 0.028157
3 3 0.047987 0.070671 0.251078 0.583684 0.046580
3 3 0.050668 0.057098 0.216562 0.633850 0.041822
3 3 0.061254 0.067735 0.237204 0.574792 0.059016
3 3 0.051596 0.065347 0.247644 0.583222 0.052190
3 3 0.049276 0.060778 0.231316 0.614242 0.044388
3 3 0.056625 0.088184 0.289876 0.493332 0.071983
3 3 0.051866 0.080858 0.278657 0.528104 0.060514
3 3 0.044994 0.098220 0.332769 0.454980 0.069038
3 3 0.066561 0.114146 0.330605 0.368236 0.120452
3 3 0.088119 0.102453 0.279462 0.404422 0.125544
3 3 0.064460 0.059024 0.218415 0.600360 0.057741
3 3 0.063687 0.083583 0.280694 0.490323 0.081714
3 3 0.057538 0.065768 0.250414 0.564353 0.061927
3 3 0.076421 0.072571 0.239948 0.530816 0.080243
3 3 0.068843 0.060316 0.223669 0.581412 0.065760
3 3 0.125440 0.087979 0.232929 0.390318 0.163334
3 3 0.085969 0.060355 0.210427 0.563449 0.079801
3 3 0.073776 0.048326 0.184255 0.637913 0.055730
3 3 0.070043 0.053980 0.204126 0.612331 0.059520
3 3 0.068749 0.072716 0.250395 0.532682 0.075458
3 3 0.092740 0.105150 0.279213 0.385741 0.137156
3 3 0.096549 0.117816 0.288749 0.334694 0.162193
3 3 0.085678 0.124251 0.304576 0.339410 0.146085
4 3 0.131258 0.127601 0.251517 0.233258 0.256366
4 3 0.129073 0.143986 0.250914 0.188837 0.287191
3 3 0.112302 0.122900 0.274521 0.287252 0.203025
3 3 0.133149 0.120213 0.246169 0.291209 0.209260
3 3 0.145360 0.116582 0.232645 0.279712 0.225701
3 3 0.148363 0.099296 0.215938 0.358458 0.177946
4 3 0.083813 0.108223 0.049776 0.004812 0.753376
4 3 0.111471 0.240132 0.120251 0.007315 0.520830
4 2 0.076717 0.248266 0.120251 0.003566 0.551200
4 2 0.057419 0.325541 0.164940 0.003064 0.449036
4 1 0.028900 0.293187 0.270708 0.009175 0.398029
4 2 0.032747 0.311010 0.306851 0.020379 0.329014
4 2 0.012395 0.169993 0.267864 0.002845 0.546904
4 2 0.013708 0.133845 0.193348 0.001922 0.657176
4 2 0.022863 0.156746 0.174210 0.003459 0.642721
4 2 0.028875 0.207916 0.320233 0.011719 0.431257
4 2 0.022517 0.220038 0.223689 0.005618 0.528138
4 2 0.028019 0.214364 0.116396 0.003715 0.637506
4 2 0.024128 0.147613 0.070930 0.001639 0.755690
4 2 0.028145 0.132491 0.072168 0.001879 0.765317
4 2 0.021293 0.119313 0.113651 0.001701 0.744043
4 2 0.025950 0.112975 0.115683 0.000995 0.744397
4 2 0.028513 0.128074 0.162529 0.001421 0.679463
4 2 0.015630 0.102451 0.171172 0.001461 0.709287
4 2 0.023041 0.138219 0.222620 0.003521 0.612599
4 2 0.016506 0.137806 0.237627 0.003024 0.605037
4 2 0.024877 0.145910 0.122882 0.002653 0.703678
4 2 0.025377 0.149852 0.115865 0.002620 0.706286
4 2 0.028646 0.120973 0.073923 0.002002 0.774456
4 2 0.041762 0.151984 0.143543 0.008192 0.654520
4 2 0.040248 0.121779 0.082774 0.004182 0.751017
4 2 0.052333 0.158505 0.133073 0.011223 0.644867
4 2 0.050119 0.173333 0.137268 0.010847 0.628433
4 2 0.043158 0.201870 0.157752 0.010959 0.586261
4 2 0.037719 0.208759 0.137141 0.007200 0.609182
4 2 0.036084 0.234747 0.138245 0.006702 0.584222
4 2 0.083724 0.209549 0.113635 0.014019 0.579073
1 2 0.193790 0.326469 0.180666 0.020267 0.278809
1 0 0.176060 0.373568 0.196760 0.009426 0.244186
1 1 0.110265 0.466936 0.251835 0.005014 0.165950
1 1 0.098013 0.470790 0.274747 0.009075 0.147375
1 2 0.124880 0.430090 0.255143 0.016171 0.173716
1 1 0.053377 0.364183 0.262273 0.020806 0.299361
4 2 0.024522 0.250662 0.243803 0.007752 0.473261
4 2 0.033790 0.267035 0.240308 0.012039 0.446828
4 2 0.039066 0.247873 0.177184 0.009366 0.526510
4 1 0.057560 0.195352 0.102495 0.007496 0.637098
4 1 0.041211 0.162456 0.080618 0.003621 0.712094
4 2 0.027392 0.123837 0.074594 0.001803 0.772374
4 2 0.036584 0.101951 0.045428 0.001585 0.814452
4 2 0.037590 0.131429 0.061938 0.002344 0.766700
4 2 0.035226 0.144732 0.069655 0.002501 0.747886
4 2 0.032338 0.201427 0.109372 0.003998 0.652865
4 2 0.030498 0.218173 0.132993 0.004699 0.613637
4 2 0.039314 0.236244 0.129655 0.006637 0.588149
4 2 0.023486 0.280675 0.245158 0.008301 0.442381
4 2 0.021859 0.281003 0.278408 0.010237 0.408494
4 2 0.030664 0.272998 0.265412 0.014904 0.416022
4 2 0.025349 0.241943 0.207187 0.006724 0.518797
4 2 0.016617 0.204680 0.251566 0.004290 0.522848
4 2 0.038080 0.143020 0.130877 0.004609 0.683414
4 2 0.042968 0.163028 0.132419 0.005828 0.655757
4 2 0.037178 0.152175 0.074182 0.002883 0.733582
4 2 0.034225 0.207746 0.113881 0.003098 0.641051
4 2 0.018846 0.169641 0.209616 0.002918 0.598978
4 2 0.024718 0.159752 0.208987 0.004631 0.601913
2 2 0.002576 0.078847 0.814083 0.007361 0.097132
2 2 0.002332 0.067996 0.842093 0.009370 0.078209
2 2 0.001617 0.047840 0.890994 0.012615 0.046933
2 2 0.001583 0.040791 0.901539 0.020325 0.035762
2 2 0.002636 0.065480 0.826306 0.009698 0.095880
2 2 0.003495 0.082185 0.786996 0.011463 0.115862
2 2 0.004328 0.098104 0.712561 0.007883 0.177124
2 2 0.006309 0.129587 0.570206 0.005615 0.288283
2 2 0.007230 0.141496 0.517703 0.004992 0.328580
2 2 0.005470 0.121770 0.663393 0.008828 0.200539
2 2 0.005954 0.112055 0.721545 0.016582 0.143865
2 2 0.005672 0.104860 0.765570 0.028112 0.095786
2 2 0.004599 0.089874 0.800504 0.028830 0.076193
2 2 0.005364 0.117164 0.740326 0.018329 0.118817
2 2 0.009128 0.125382 0.701649 0.025253 0.138588
2 1 0.012236 0.148940 0.534699 0.009878 0.294248
4 2 0.017013 0.157243 0.382734 0.006524 0.436485
4 2 0.022887 0.165439 0.348591 0.007213 0.455869
2 2 0.024513 0.186436 0.419718 0.007570 0.361762
2 2 0.026409 0.196252 0.502520 0.012338 0.262480
4 2 0.064940 0.244196 0.276778 0.008055 0.406030
2 2 0.073604 0.312227 0.386242 0.011035 0.216893
2 1 0.041176 0.256958 0.536665 0.017072 0.148129
2 2 0.030334 0.230690 0.537086 0.013180 0.188710
2 2 0.010552 0.154064 0.541163 0.007672 0.286549
2 2 0.008806 0.140821 0.535527 0.005523 0.309322
2 2 0.011215 0.158186 0.522538 0.007678 0.300383
2 2 0.012505 0.161890 0.599052 0.016839 0.209715
4 2 0.021398 0.229841 0.332362 0.009438 0.406960
4 2 0.021527 0.238995 0.332897 0.011394 0.395188
4 2 0.028228 0.230312 0.211792 0.007921 0.521746
4 2 0.025077 0.223017 0.228171 0.007348 0.516387
4 2 0.034092 0.211010 0.197422 0.008763 0.548713
4 2 0.024417 0.185186 0.162582 0.003887 0.623928
2 2 0.025264 0.215770 0.381904 0.016341 0.360722
2 2 0.032850 0.268143 0.347313 0.024365 0.327329
4 2 0.046546 0.296356 0.221377 0.018320 0.417401
4 2 0.053459 0.312869 0.259940 0.035769 0.337963
4 2 0.032647 0.269634 0.296307 0.017577 0.383835
2 2 0.020801 0.237940 0.461381 0.024510 0.255368
2 2 0.033775 0.282336 0.342401 0.025994 0.315494
4 2 0.034470 0.290894 0.313462 0.024578 0.336596
2 2 0.027477 0.251512 0.362979 0.021366 0.336666
4 2 0.032906 0.244926 0.255336 0.013519 0.453313
4 2 0.033741 0.253543 0.316149 0.021836 0.374731
2 2 0.027331 0.259339 0.365518 0.024002 0.323811
2 2 0.035526 0.256557 0.405653 0.056493 0.245770
2 2 0.029458 0.264580 0.375138 0.030290 0.300534
4 2 0.084488 0.227117 0.172753 0.025562 0.490080
4 2 0.072582 0.246392 0.175915 0.017568 0.487543
4 2 0.048938 0.213287 0.113366 0.006671 0.617738
4 2 0.042652 0.301177 0.161944 0.004509 0.489718
4 2 0.049439 0.270879 0.143065 0.004951 0.531666
4 2 0.086662 0.313134 0.178729 0.015181 0.406294
4 2 0.032045 0.210105 0.355743 0.007098 0.395009
2 2 0.006158 0.108183 0.560110 0.003321 0.322227
2 2 0.004578 0.087711 0.698916 0.005857 0.202938
2 2 0.003536 0.077448 0.774834 0.008220 0.135962
2 2 0.002937 0.085018 0.784251 0.007752 0.120043
2 2 0.002773 0.095582 0.759811 0.006108 0.135726
2 2 0.002546 0.057694 0.862252 0.014470 0.063038
2 2 0.002355 0.045389 0.886922 0.022157 0.043177
2 2 0.004195 0.073023 0.817300 0.018432 0.087051
2 2 0.005088 0.100634 0.745737 0.011731 0.136810
2 2 0.003809 0.075516 0.827873 0.019257 0.073544
2 2 0.004009 0.062706 0.848056 0.030060 0.055169
2 2 0.003330 0.044800 0.875614 0.037931 0.038326
2 2 0.005075 0.095467 0.784011 0.017787 0.097660
2 2 0.002910 0.066148 0.851406 0.019304 0.060232
2 2 0.002972 0.058480 0.860804 0.027428 0.050316
2 2 0.003840 0.082573 0.813518 0.019301 0.080769
2 2 0.004051 0.099374 0.766148 0.012056 0.118371
2 2 0.003710 0.082995 0.793932 0.012742 0.106623
2 2 0.003203 0.059944 0.839463 0.014626 0.082764
2 2 0.008192 0.105975 0.650543 0.010670 0.224620
2 2 0.003949 0.066694 0.815648 0.013831 0.099879
2 2 0.004033 0.059516 0.846819 0.029393 0.060239
2 2 0.004843 0.061950 0.833451 0.040907 0.058850
2 2 0.004240 0.065367 0.830356 0.042774 0.057263
2 2 0.004353 0.063779 0.827680 0.048949 0.055238
2 2 0.001480 0.034003 0.913736 0.019714 0.031067
2 2 0.001550 0.032653 0.914417 0.022331 0.029048
2 2 0.001725 0.038711 0.905326 0.018633 0.035604
2 2 0.002099 0.042614 0.893256 0.024672 0.037359
2 2 0.002380 0.047768 0.882972 0.025026 0.041854
2 2 0.001751 0.026052 0.904897 0.046671 0.020629
2 2 0.002148 0.026781 0.887009 0.063757 0.020305
2 2 0.002322 0.039856 0.884013 0.042179 0.031629
2 2 0.003301 0.051945 0.852934 0.051956 0.039865
2 2 0.004961 0.063177 0.815678 0.069186 0.046998
2 2 0.007296 0.101889 0.756563 0.056324 0.077928
2 2 0.007142 0.126183 0.727480 0.038622 0.100573
2 3 0.008538 0.143597 0.692243 0.039147 0.116475
2 3 0.012043 0.134322 0.675135 0.082007 0.096493
2 3 0.011676 0.146302 0.664096 0.059786 0.118140
2 3 0.014588 0.159259 0.615101 0.056171 0.154881
2 3 0.014577 0.172520 0.602531 0.048593 0.161778
2 3 0.018198 0.161668 0.609645 0.095230 0.115259
2 3 0.034986 0.202022 0.485080 0.091644 0.186268
2 3 0.024167 0.171309 0.571177 0.070494 0.162853
2 3 0.002756 0.046624 0.881184 0.028523 0.040912
2 3 0.002748 0.047396 0.879866 0.028572 0.041417
2 3 0.002819 0.065110 0.843325 0.012775 0.075971
2 2 0.002243 0.041823 0.888482 0.032646 0.034805
2 2 0.002755 0.047892 0.872020 0.038508 0.038826
2 2 0.003466 0.046275 0.853140 0.062066 0.035052
2 2 0.004004 0.068177 0.833353 0.039236 0.055230
2 2 0.004109 0.067400 0.833893 0.039779 0.054819
2 3 0.004003 0.071867 0.830422 0.034069 0.059638
2 3 0.003460 0.078406 0.827239 0.021010 0.069885
2 3 0.004387 0.075148 0.824170 0.032797 0.063499
2 3 0.004729 0.093616 0.794870 0.024484 0.082301
2 3 0.004739 0.097390 0.788673 0.022780 0.086417
2 3 0.005063 0.104551 0.752572 0.016063 0.121752
2 3 0.004255 0.084487 0.812204 0.025180 0.073874
2 3 0.004679 0.092911 0.796202 0.024867 0.081341
2 3 0.005938 0.111664 0.759239 0.024663 0.098496
2 3 0.006318 0.100414 0.772553 0.038207 0.082508
2 3 0.005571 0.075625 0.803128 0.057521 0.058155
2 3 0.006936 0.069218 0.775009 0.099759 0.049077
4 3 0.068643 0.301334 0.161243 0.006857 0.461923
4 3 0.051728 0.347607 0.187982 0.004785 0.407898
1 3 0.070640 0.367906 0.250871 0.013989 0.296594
4 1 0.094356 0.324310 0.187520 0.017666 0.376148
4 2 0.031070 0.220052 0.363013 0.005728 0.380136
2 2 0.005892 0.111910 0.660984 0.005635 0.215579
2 2 0.005272 0.115751 0.619978 0.004015 0.254984
2 2 0.006000 0.132923 0.555410 0.003692 0.301975
2 2 0.006491 0.123607 0.505513 0.003018 0.361372
2 2 0.007077 0.118304 0.630433 0.006618 0.237568
2 2 0.009113 0.134917 0.605817 0.008687 0.241466
2 2 0.011966 0.161889 0.440035 0.005672 0.380438
2 2 0.006515 0.130974 0.625045 0.007226 0.230240
4 2 0.011446 0.154582 0.378116 0.004022 0.451834
4 4 0.013727 0.125246 0.288544 0.002901 0.569582
4 4 0.018451 0.096630 0.194187 0.002303 0.688429
4 4 0.023487 0.073314 0.122019 0.001204 0.779976
4 4 0.046937 0.102542 0.117793 0.001223 0.731505
4 4 0.066210 0.071237 0.027475 0.000468 0.834610
4 4 0.064711 0.069635 0.024884 0.000411 0.840359
4 4 0.041999 0.028041 0.009643 0.000337 0.919979
4 4 0.046871 0.038911 0.014223 0.000558 0.899437
4 4 0.037962 0.051657 0.028546 0.000550 0.881285
4 4 0.035638 0.017118 0.005425 0.000174 0.941645
4 4 0.064140 0.022686 0.007255 0.000289 0.905630
4 4 0.127470 0.045880 0.015690 0.000694 0.810265
4 4 0.056536 0.045679 0.016468 0.000527 0.880790
4 4 0.033322 0.028547 0.009706 0.000234 0.928191
4 4 0.029543 0.022288 0.007389 0.000189 0.940591
4 4 0.058618 0.028206 0.009452 0.000364 0.903359
4 4 0.047614 0.008206 0.002290 0.000106 0.941783
4 4 0.024295 0.005901 0.001538 0.000033 0.968234
4 4 0.020852 0.006079 0.001589 0.000029 0.971452
4 4 0.015797 0.010430 0.002992 0.000038 0.970743
4 4 0.017880 0.008621 0.002394 0.000035 0.971070
4 4 0.235782 0.016045 0.004164 0.000156 0.743854
4 0 0.368304 0.061341 0.020937 0.001371 0.548046
0 0 0.564154 0.139739 0.055658 0.003615 0.236833
0 0 0.545039 0.180550 0.067720 0.001480 0.205211
0 0 0.621284 0.177574 0.065428 0.001118 0.134596
4 0 0.214146 0.187861 0.074837 0.001713 0.521443
4 0 0.162916 0.125416 0.043871 0.000523 0.667275
4 1 0.132900 0.103365 0.035832 0.000459 0.727444
4 1 0.086663 0.114274 0.043384 0.000699 0.754981
4 1 0.125806 0.126965 0.048547 0.000992 0.697690
4 1 0.111554 0.183433 0.076056 0.001458 0.627499
4 1 0.072610 0.134789 0.055244 0.001108 0.736249
4 1 0.220293 0.147411 0.058271 0.002021 0.572003
4 1 0.207429 0.252380 0.115903 0.005023 0.419265
4 1 0.156036 0.256005 0.112486 0.002536 0.472936
4 0 0.095763 0.264792 0.111575 0.001036 0.526834
4 0 0.187747 0.176087 0.066715 0.000988 0.568462
4 0 0.375873 0.166126 0.059377 0.000962 0.397661
4 1 0.387197 0.141631 0.045902 0.000428 0.424843
4 1 0.185552 0.109094 0.034171 0.000217 0.670966
4 1 0.135550 0.078960 0.024051 0.000156 0.761282
4 2 0.128247 0.084182 0.025972 0.000161 0.761439
4 2 0.107436 0.095392 0.031064 0.000212 0.765895
4 2 0.098615 0.099670 0.033481 0.000258 0.767976
4 2 0.091311 0.105082 0.036660 0.000336 0.766611
4 2 0.042938 0.122789 0.098981 0.000978 0.734313
4 2 0.028231 0.118809 0.131207 0.001261 0.720493
4 2 0.017360 0.119022 0.215701 0.002146 0.645771
4 2 0.012793 0.126150 0.324923 0.003136 0.532997
4 2 0.010692 0.128231 0.390299 0.003377 0.467401
2 2 0.006485 0.109087 0.498369 0.002680 0.383378
2 2 0.006092 0.095137 0.512204 0.002426 0.384141
2 2 0.005879 0.080201 0.524169 0.002216 0.387536
2 2 0.006487 0.076110 0.508496 0.002259 0.406648
4 2 0.007689 0.073698 0.436313 0.002025 0.480275
2 2 0.006691 0.073677 0.468848 0.001960 0.448825
4 2 0.006383 0.076200 0.419775 0.001556 0.496086
2 2 0.005767 0.076369 0.472439 0.001706 0.443720
2 2 0.004847 0.073880 0.529409 0.001731 0.390133
2 2 0.004285 0.071655 0.585673 0.001951 0.336437
2 2 0.002109 0.046333 0.757674 0.001992 0.191893
2 2 0.002071 0.047091 0.753004 0.001801 0.196033
2 2 0.002404 0.052218 0.698270 0.001477 0.245630
2 2 0.002495 0.050167 0.700171 0.001552 0.245615
2 2 0.002909 0.049914 0.661751 0.001500 0.283927
2 2 0.007583 0.086414 0.475147 0.002533 0.428322
2 2 0.006997 0.096367 0.536042 0.003191 0.357402
2 2 0.004887 0.085451 0.658106 0.003606 0.247950
2 2 0.005056 0.084587 0.651007 0.003522 0.255828
2 2 0.002821 0.065788 0.721023 0.002451 0.207917
2 2 0.002373 0.053239 0.787729 0.003251 0.153408
2 2 0.002501 0.052914 0.793031 0.003512 0.148041
2 2 0.002702 0.051545 0.799126 0.004216 0.142411
2 2 0.003204 0.059152 0.757742 0.003835 0.176068
2 2 0.002834 0.057288 0.781160 0.004261 0.154457
2 2 0.003163 0.063295 0.780770 0.005716 0.147056
2 2 0.003980 0.072134 0.769080 0.008377 0.146430
2 2 0.004040 0.077800 0.757382 0.008742 0.152036
2 2 0.003490 0.074262 0.786563 0.010089 0.125596
2 2 0.003644 0.069139 0.830174 0.023045 0.073998
2 2 0.003497 0.061122 0.849412 0.029267 0.056702
2 2 0.003309 0.048868 0.865304 0.042626 0.039892
2 2 0.001964 0.036321 0.900278 0.030751 0.030686
2 2 0.001428 0.024939 0.916748 0.036570 0.020316
2 2 0.001634 0.040200 0.900809 0.020551 0.036807
2 2 0.004983 0.066576 0.826471 0.048242 0.053728
2 2 0.007314 0.060776 0.767492 0.122082 0.042337
2 2 0.008977 0.094628 0.742628 0.084816 0.068951
2 3 0.007945 0.122861 0.722728 0.045291 0.101175
2 3 0.007539 0.134272 0.691993 0.026960 0.139236
2 3 0.005930 0.087846 0.782115 0.057954 0.066156
2 3 0.009238 0.097567 0.730022 0.094052 0.069122
2 3 0.017945 0.144547 0.615533 0.123319 0.098656
2 3 0.023595 0.152294 0.552112 0.174195 0.097803
2 3 0.028550 0.113802 0.458426 0.333616 0.065606
2 3 0.030241 0.132693 0.468942 0.289793 0.078331
2 3 0.025963 0.099690 0.450266 0.367944 0.056137
2 3 0.023026 0.098207 0.486560 0.335947 0.056259
2 3 0.020879 0.090458 0.505137 0.331395 0.052132
3 3 0.023215 0.071702 0.413970 0.452044 0.039068
3 3 0.023309 0.076193 0.416647 0.442465 0.041385
3 3 0.016838 0.047757 0.394913 0.515379 0.025114
2 3 0.016649 0.055975 0.463276 0.433269 0.030831
2 3 0.013664 0.061005 0.574110 0.315245 0.035975
2 3 0.013540 0.061582 0.585594 0.302580 0.036704
2 3 0.019529 0.190711 0.551543 0.058390 0.179827
2 3 0.033672 0.193637 0.484142 0.123826 0.164723
2 3 0.037314 0.192916 0.458191 0.158163 0.153415
2 3 0.026288 0.136655 0.499229 0.256355 0.081474
2 3 0.019310 0.118848 0.562140 0.227656 0.072046
2 3 0.020751 0.089145 0.490491 0.349132 0.050481
2 3 0.029153 0.112907 0.439324 0.354708 0.063908
2 3 0.033167 0.134987 0.418737 0.336935 0.076174
2 3 0.040293 0.140261 0.389597 0.349680 0.080170
2 3 0.055446 0.159074 0.369096 0.302743 0.113641
3 3 0.044289 0.112941 0.329939 0.451160 0.061670
2 3 0.041943 0.150090 0.392786 0.328507 0.086674
2 3 0.024215 0.178840 0.552891 0.115412 0.128642
2 3 0.007641 0.095447 0.762470 0.061316 0.073125
2 3 0.004928 0.079917 0.790891 0.019413 0.104850
2 3 0.003902 0.068773 0.801539 0.012338 0.113448
2 2 0.006066 0.113854 0.598221 0.005116 0.276743
2 2 0.007247 0.139777 0.465189 0.003203 0.384583
2 2 0.005066 0.109498 0.631098 0.004489 0.249849
2 2 0.006166 0.104625 0.551195 0.003158 0.334856
2 2 0.004739 0.079419 0.490478 0.001494 0.423870
2 2 0.004301 0.090614 0.519850 0.001627 0.383608
2 2 0.003710 0.088932 0.623935 0.002199 0.281224
2 2 0.004128 0.086277 0.621472 0.002408 0.285715
2 2 0.003693 0.076246 0.632800 0.002067 0.285194
2 2 0.002718 0.058281 0.766406 0.003309 0.169286
2 2 0.003549 0.077985 0.692314 0.002937 0.223215
2 2 0.003257 0.070191 0.749813 0.004067 0.172673
2 2 0.003785 0.081031 0.717464 0.004385 0.193335
2 2 0.003418 0.083088 0.712012 0.003978 0.197504
2 2 0.003760 0.096064 0.624613 0.002606 0.272958
2 2 0.005693 0.104305 0.478062 0.002053 0.409886
4 2 0.018862 0.105708 0.328390 0.004539 0.542501
4 2 0.053203 0.179036 0.237445 0.004955 0.525361
4 1 0.068712 0.175570 0.083293 0.003621 0.668804
4 1 0.063545 0.179909 0.078662 0.001453 0.676431
4 2 0.051573 0.125164 0.052660 0.001082 0.769522
4 2 0.140430 0.132522 0.053604 0.001866 0.671578
4 4 0.137375 0.086443 0.031093 0.000785 0.744303
4 4 0.061241 0.060785 0.022237 0.000430 0.855308
4 4 0.027653 0.005979 0.001564 0.000039 0.964765
4 4 0.027384 0.008518 0.002373 0.000057 0.961666
4 4 0.025582 0.007641 0.002086 0.000047 0.964645
4 4 0.023350 0.006497 0.001721 0.000035 0.968396
4 4 0.026928 0.005708 0.001481 0.000036 0.965847
4 4 0.020523 0.003471 0.000822 0.000015 0.975169
4 4 0.017397 0.004284 0.001050 0.000016 0.977253
4 4 0.015870 0.005450 0.001393 0.000018 0.977269
4 4 0.018454 0.008502 0.002356 0.000036 0.970652
4 4 0.021786 0.006435 0.001701 0.000032 0.970047
4 4 0.032670 0.007825 0.002153 0.000064 0.957287
4 4 0.033055 0.008445 0.002355 0.000071 0.956073
4 4 0.037031 0.020733 0.006567 0.000159 0.935510
4 4 0.027716 0.017715 0.005553 0.000118 0.948898
4 4 0.027299 0.009413 0.002670 0.000064 0.960554
4 4 0.031885 0.008922 0.002512 0.000073 0.956609
4 4 0.025419 0.008321 0.002306 0.000051 0.963902
4 4 0.021555 0.010058 0.002878 0.000052 0.965457
4 4 0.020439 0.012688 0.003781 0.000064 0.963028
4 4 0.021644 0.012031 0.003554 0.000065 0.962707
4 4 0.093498 0.031101 0.010426 0.000547 0.864429
4 4 0.162794 0.083964 0.031112 0.001268 0.720861
4 4 0.126829 0.047864 0.015928 0.000510 0.808870
4 4 0.066056 0.020409 0.005954 0.000127 0.907453
4 4 0.027554 0.013256 0.003997 0.000096 0.955097
4 4 0.034384 0.020640 0.006762 0.000207 0.938007
4 4 0.021529 0.013733 0.004154 0.000075 0.960510
4 4 0.015730 0.003638 0.000866 0.000012 0.979754
4 4 0.022742 0.005041 0.001276 0.000026 0.970916
4 4 0.033227 0.007171 0.001943 0.000059 0.957600
4 4 0.025140 0.010151 0.002915 0.000063 0.961731
4 4 0.021982 0.008067 0.002219 0.000042 0.967690
4 4 0.024417 0.007327 0.001984 0.000042 0.966229
4 4 0.031115 0.011452 0.003370 0.000094 0.953970
4 4 0.027525 0.006500 0.001726 0.000043 0.964207
4 4 0.019247 0.005739 0.001484 0.000024 0.973506
4 4 0.015622 0.004170 0.001016 0.000013 0.979179
4 4 0.018154 0.004049 0.000984 0.000015 0.976797
4 4 0.030734 0.004020 0.000982 0.000028 0.964236
4 4 0.054616 0.009334 0.002643 0.000130 0.933277
4 4 0.035685 0.015967 0.004997 0.000161 0.943189
4 4 0.034395 0.015863 0.004956 0.000153 0.944633
4 4 0.049728 0.021238 0.006797 0.000235 0.922002
4 4 0.082385 0.047267 0.016529 0.000554 0.853265
4 4 0.107232 0.075823 0.028989 0.001257 0.786699
4 4 0.052166 0.031853 0.011380 0.000567 0.904034
4 4 0.022424 0.019723 0.006371 0.000119 0.951363
4 4 0.018229 0.011577 0.003389 0.000051 0.966755
4 4 0.016951 0.008664 0.002407 0.000033 0.971945
4 4 0.018002 0.010836 0.003135 0.000046 0.967980
4 4 0.023060 0.013885 0.004212 0.000082 0.958761
4 1 0.017924 0.009843 0.002799 0.000041 0.969392
4 2 0.089401 0.011663 0.003215 0.000141 0.895579
4 1 0.172804 0.046226 0.014787 0.000470 0.765712
4 2 0.140749 0.152773 0.058545 0.000968 0.646965
4 2 0.065797 0.183213 0.073284 0.000609 0.677097
4 2 0.047682 0.130930 0.054526 0.000870 0.765992
4 2 0.091981 0.157391 0.066660 0.001710 0.682259
4 2 0.055129 0.102541 0.053192 0.000854 0.788284
4 2 0.033189 0.102409 0.116746 0.001306 0.746350
4 4 0.027001 0.012076 0.003580 0.000084 0.957259
4 4 0.019965 0.012378 0.003671 0.000061 0.963925
4 4 0.048481 0.013162 0.003893 0.000142 0.934322
4 4 0.046701 0.015991 0.004986 0.000205 0.932117
4 4 0.056672 0.010356 0.002819 0.000085 0.930067
4 4 0.042010 0.014341 0.004145 0.000092 0.939412
4 4 0.036417 0.017484 0.005432 0.000144 0.940523
4 4 0.078271 0.037706 0.012214 0.000285 0.871524
4 4 0.027162 0.008537 0.002379 0.000057 0.961865
4 4 0.035278 0.011971 0.003557 0.000114 0.949079
4 4 0.033648 0.016975 0.005267 0.000133 0.943976
4 4 0.023798 0.016043 0.004997 0.000100 0.955061
4 4 0.023156 0.018337 0.005849 0.000113 0.952545
4 4 0.027723 0.023600 0.007899 0.000187 0.940591
4 4 0.031819 0.032756 0.011387 0.000254 0.923784
4 4 0.037845 0.053996 0.023297 0.000466 0.884396
4 4 0.033075 0.053438 0.025694 0.000396 0.887397
4 4 0.043408 0.045671 0.019386 0.000341 0.891193
4 4 0.047765 0.028836 0.009479 0.000240 0.913680
4 4 0.047586 0.026047 0.008259 0.000178 0.917930
4 4 0.115876 0.024495 0.007371 0.000269 0.851989
4 4 0.080597 0.020969 0.006362 0.000226 0.891847
4 4 0.067622 0.036689 0.011583 0.000193 0.883913
4 4 0.073269 0.040102 0.012805 0.000221 0.873602
4 4 0.141681 0.085369 0.030495 0.000762 0.741694
4 4 0.172154 0.104568 0.037135 0.000738 0.685405
4 4 0.028475 0.068298 0.048067 0.000563 0.854597
4 4 0.029896 0.069678 0.042475 0.000621 0.857330
4 2 0.028109 0.072624 0.045858 0.000711 0.852698
4 2 0.020553 0.077088 0.075069 0.000882 0.826408
4 2 0.031790 0.092020 0.075439 0.001879 0.798872
4 2 0.044840 0.130988 0.089986 0.003886 0.730300
4 4 0.042130 0.118871 0.054894 0.002328 0.781777
4 4 0.028095 0.089296 0.038542 0.000968 0.843099
4 4 0.023877 0.046579 0.017650 0.000352 0.911542
4 4 0.042371 0.026490 0.009114 0.000355 0.921670
4 4 0.037646 0.020439 0.006694 0.000228 0.934993
4 4 0.026815 0.016396 0.005134 0.000118 0.951537
4 4 0.024613 0.016958 0.005337 0.000111 0.952981
4 4 0.039305 0.026398 0.008717 0.000218 0.925362
4 4 0.027818 0.096326 0.096723 0.001428 0.777706
4 4 0.020868 0.095736 0.080540 0.001229 0.801628
4 2 0.017278 0.087177 0.085855 0.000994 0.808696
4 2 0.017224 0.084935 0.121651 0.001303 0.774886
4 2 0.045253 0.052613 0.024555 0.000988 0.876592
4 2 0.047211 0.036325 0.013274 0.000587 0.902603
4 2 0.031661 0.028375 0.009841 0.000272 0.929851
4 4 0.027779 0.016574 0.005203 0.000125 0.950319
4 4 0.020084 0.010993 0.003193 0.000053 0.965677
4 4 0.016008 0.004942 0.001242 0.000017 0.977792
4 4 0.017329 0.005738 0.001482 0.000022 0.975430
4 4 0.016011 0.007787 0.002121 0.000028 0.974054
4 4 0.014507 0.004864 0.001217 0.000015 0.979396
4 4 0.014629 0.005112 0.001291 0.000016 0.978952
4 4 0.014649 0.004680 0.001163 0.000014 0.979493
4 4 0.018701 0.005994 0.001561 0.000025 0.973719
4 4 0.024036 0.008758 0.002448 0.000051 0.964707
4 4 0.027429 0.015955 0.004974 0.000118 0.951524
4 4 0.026946 0.025312 0.008577 0.000197 0.938968
4 4 0.026664 0.031796 0.011234 0.000254 0.930052
4 4 0.030914 0.029996 0.010507 0.000282 0.928302
4 2 0.016762 0.010679 0.003079 0.000042 0.969438
4 2 0.014763 0.007493 0.002025 0.000024 0.975695
4 4 0.013690 0.005967 0.001547 0.000017 0.978779
4 4 0.017614 0.007421 0.002006 0.000029 0.972929
4 4 0.016439 0.009685 0.002743 0.000037 0.971096
4 4 0.028898 0.008901 0.002501 0.000064 0.959636
4 4 0.043552 0.010313 0.002980 0.000118 0.943037
4 4 0.113583 0.070464 0.024849 0.000623 0.790481
4 4 0.040121 0.070566 0.026468 0.000406 0.862438
4 4 0.044085 0.050306 0.017298 0.000237 0.888074
4 4 0.127940 0.053138 0.018538 0.000768 0.799617
4 2 0.230582 0.153885 0.064068 0.003389 0.548077
4 2 0.110971 0.130979 0.052244 0.001310 0.704496
4 2 0.036151 0.131512 0.055701 0.000773 0.775863
4 2 0.026852 0.095914 0.041921 0.000993 0.834320
4 2 0.052124 0.133134 0.062569 0.002378 0.749795
4 2 0.022358 0.089333 0.136225 0.000962 0.751122
4 2 0.015109 0.079678 0.152604 0.001032 0.751576
4 2 0.014283 0.075746 0.165443 0.001130 0.743397
4 2 0.014183 0.091099 0.211583 0.001796 0.681339
4 2 0.015358 0.096944 0.172391 0.001659 0.713647
4 2 0.012488 0.084652 0.146709 0.001056 0.755095
4 2 0.009674 0.076887 0.161976 0.000824 0.750640
4 2 0.011880 0.074481 0.149880 0.000959 0.762800
4 2 0.017113 0.066771 0.086718 0.000883 0.828515
4 2 0.022648 0.069009 0.058437 0.000915 0.848992
4 2 0.016767 0.074695 0.109460 0.001092 0.797987
4 2 0.019092 0.083555 0.125697 0.001500 0.770156
4 2 0.020771 0.090093 0.124552 0.001412 0.763172
4 2 0.023198 0.094207 0.122770 0.001797 0.758027
4 2 0.018485 0.091925 0.149437 0.001758 0.738395
4 2 0.015637 0.088765 0.152685 0.001452 0.741461
4 2 0.011125 0.094219 0.220043 0.001435 0.673177
4 2 0.010301 0.094835 0.250417 0.001515 0.642932
4 2 0.009179 0.083235 0.238287 0.001179 0.668119
4 2 0.008952 0.064167 0.204560 0.000870 0.721451
4 2 0.008732 0.055379 0.223220 0.000868 0.711801
4 2 0.007803 0.052499 0.267510 0.000906 0.671282
4 2 0.008014 0.053805 0.224500 0.000782 0.712900
4 2 0.004393 0.044593 0.396653 0.000726 0.553634
2 2 0.004649 0.052441 0.472460 0.001108 0.469342
2 2 0.003330 0.048867 0.611483 0.001399 0.334921
2 2 0.003466 0.053111 0.569583 0.001196 0.372645
2 2 0.003552 0.052638 0.561490 0.001163 0.381156
2 2 0.003377 0.050641 0.574123 0.001136 0.370723
2 2 0.004116 0.052975 0.569696 0.001431 0.371782
2 2 0.003394 0.049954 0.608902 0.001321 0.336430
2 2 0.003840 0.052759 0.572846 0.001336 0.369219
2 2 0.002716 0.045989 0.712126 0.001808 0.237360
2 2 0.003248 0.057138 0.669452 0.001967 0.268195
2 2 0.002980 0.063323 0.710121 0.002600 0.220977
2 2 0.002669 0.064047 0.743245 0.003155 0.186883
2 2 0.002278 0.059608 0.771223 0.003162 0.163729
2 2 0.001879 0.050596 0.798316 0.002979 0.146231
2 2 0.001889 0.048245 0.789057 0.002664 0.158145
2 2 0.001625 0.034534 0.875577 0.005913 0.082350
2 2 0.001727 0.038763 0.850048 0.004577 0.104886
2 2 0.001708 0.037683 0.840846 0.003914 0.115849
2 2 0.001560 0.032725 0.881434 0.006568 0.077713
2 2 0.004657 0.084730 0.761622 0.012921 0.136069
2 3 0.006060 0.088808 0.745845 0.018097 0.141191
2 3 0.008095 0.101431 0.709099 0.022741 0.158635
2 3 0.007334 0.095890 0.724413 0.022274 0.150089
2 3 0.007183 0.073637 0.777242 0.042093 0.099846
2 3 0.005554 0.060174 0.812420 0.035753 0.086099
2 3 0.004787 0.061402 0.815286 0.026311 0.092213
2 3 0.004172 0.048671 0.847033 0.047331 0.052794
2 3 0.005061 0.055848 0.818144 0.076507 0.044441
2 3 0.008133 0.065102 0.745912 0.136570 0.044283
2 3 0.010672 0.089317 0.702612 0.137548 0.059851
2 3 0.011096 0.103151 0.703194 0.107455 0.075104
2 3 0.009339 0.091734 0.721716 0.114595 0.062617
2 3 0.006592 0.089601 0.769512 0.056372 0.077923
2 3 0.004443 0.071937 0.815116 0.053564 0.054940
2 3 0.007013 0.081931 0.766853 0.085675 0.058527
2 3 0.014837 0.143626 0.653995 0.081918 0.105624
2 3 0.024022 0.176385 0.557546 0.120737 0.121309
2 3 0.022306 0.219230 0.519083 0.064126 0.175255
2 3 0.014785 0.149071 0.638813 0.092015 0.105316
2 3 0.022777 0.125930 0.540568 0.233759 0.076965
2 3 0.028246 0.176605 0.489604 0.197146 0.108399
2 3 0.028032 0.141893 0.474582 0.272509 0.082985
2 3 0.031358 0.146934 0.442948 0.294271 0.084489
2 3 0.034862 0.158719 0.434113 0.279588 0.092718
2 3 0.030661 0.149201 0.449254 0.284764 0.086120
2 3 0.028369 0.145208 0.474363 0.266852 0.085208
2 3 0.025499 0.114393 0.460442 0.335260 0.064406
2 3 0.030654 0.138784 0.445446 0.304087 0.081030
2 3 0.028473 0.124130 0.445805 0.331444 0.070148
3 3 0.025363 0.081391 0.383296 0.466847 0.043102
3 3 0.028703 0.085960 0.381262 0.457688 0.046388
3 3 0.033248 0.081312 0.310628 0.532718 0.042095
3 3 0.029222 0.062853 0.285117 0.591061 0.031747
3 3 0.028425 0.055193 0.251343 0.637943 0.027097
2 3 0.037107 0.117201 0.390392 0.388721 0.066580
2 3 0.042079 0.166445 0.443182 0.227405 0.120890
2 3 0.034937 0.121202 0.416689 0.357855 0.069317
2 3 0.046276 0.153164 0.377557 0.334461 0.088542
2 3 0.057785 0.209984 0.377397 0.185027 0.169807
2 3 0.032785 0.106574 0.453237 0.327995 0.079409
3 3 0.028127 0.058113 0.300966 0.579523 0.033270
3 3 0.043976 0.082189 0.302832 0.513110 0.057893
3 3 0.053932 0.115498 0.353647 0.374723 0.102200
3 3 0.049786 0.108819 0.348404 0.405565 0.087426
3 3 0.044473 0.097896 0.331638 0.458625 0.067368
3 3 0.040390 0.115724 0.367941 0.403821 0.072124
2 3 0.034891 0.154706 0.431355 0.288544 0.090504
3 3 0.034451 0.114168 0.378827 0.410177 0.062377
3 3 0.037312 0.117128 0.369067 0.412197 0.064296
3 3 0.034108 0.096329 0.343522 0.474907 0.051133
3 3 0.032596 0.087262 0.333954 0.499045 0.047144
2 3 0.037770 0.130351 0.399272 0.352170 0.080436
2 3 0.033594 0.133581 0.414462 0.343152 0.075211
2 3 0.035643 0.164556 0.434406 0.268488 0.096906
2 3 0.036927 0.125769 0.385270 0.382083 0.069950
2 3 0.038941 0.144848 0.400607 0.332771 0.082833
2 3 0.043338 0.173860 0.420550 0.234361 0.127890
2 3 0.036733 0.134411 0.407931 0.338876 0.082049
2 3 0.045266 0.158349 0.415138 0.250229 0.131018
2 3 0.040900 0.249482 0.375636 0.073025 0.260957
2 3 0.040347 0.222807 0.366035 0.043993 0.326819
4 3 0.024379 0.191774 0.366001 0.012213 0.405633
2 3 0.025419 0.200023 0.586689 0.009415 0.178454
2 1 0.051889 0.263781 0.507089 0.006785 0.170456
2 2 0.093277 0.321583 0.325613 0.006032 0.253495
2 2 0.100254 0.283727 0.415889 0.004140 0.195990
2 2 0.077523 0.275293 0.413841 0.005210 0.228134
4 2 0.066140 0.310102 0.284005 0.005272 0.334481
4 1 0.079328 0.331371 0.165641 0.002829 0.420831
4 2 0.059124 0.256018 0.144772 0.003565 0.536521
4 2 0.114904 0.299104 0.151243 0.006427 0.428323
4 2 0.052404 0.163240 0.131710 0.002996 0.649651
4 2 0.028118 0.113365 0.132526 0.001776 0.724215
4 2 0.013222 0.068824 0.134819 0.000955 0.782179
4 2 0.014486 0.064485 0.160953 0.001210 0.758867
4 2 0.020917 0.066209 0.136976 0.001259 0.774639
4 2 0.081123 0.109183 0.178058 0.002407 0.629228
4 1 0.105346 0.158629 0.130087 0.003905 0.602033
4 2 0.063321 0.141301 0.064572 0.002761 0.728045
4 2 0.029035 0.066485 0.080831 0.000511 0.823138
4 2 0.042655 0.058238 0.036775 0.000464 0.861867
4 2 0.045330 0.060547 0.031909 0.000438 0.861776
4 2 0.039319 0.072445 0.040726 0.000450 0.847060
4 4 0.035210 0.080977 0.056003 0.000553 0.827257
4 4 0.036018 0.084849 0.066569 0.000746 0.811818
4 4 0.055540 0.054719 0.022182 0.000693 0.866866
4 4 0.059140 0.024907 0.008348 0.000400 0.907204
4 4 0.042569 0.015038 0.004669 0.000185 0.937540
4 4 0.026543 0.009327 0.002640 0.000061 0.961428
4 4 0.022020 0.006145 0.001611 0.000031 0.970193
4 4 0.017886 0.005141 0.001302 0.000020 0.975650
4 4 0.018892 0.007022 0.001881 0.000030 0.972175
4 4 0.024479 0.008545 0.002378 0.000051 0.964547
4 4 0.040482 0.015006 0.004497 0.000124 0.939892
4 4 0.047314 0.028072 0.009471 0.000314 0.914829
4 4 0.155633 0.089157 0.056143 0.001715 0.697352
4 1 0.175817 0.201641 0.092150 0.005312 0.525081
4 1 0.104542 0.165435 0.073805 0.003116 0.653102
4 2 0.063770 0.144692 0.059777 0.000995 0.730766
4 2 0.015838 0.046019 0.134656 0.000689 0.802798
4 2 0.014578 0.039277 0.096819 0.000541 0.848786
4 2 0.014296 0.039459 0.107145 0.000565 0.838535
4 2 0.023153 0.047556 0.097385 0.000550 0.831356
4 2 0.027856 0.053344 0.080507 0.000499 0.837794
4 2 0.031432 0.058366 0.089250 0.000480 0.820472
4 2 0.025050 0.055023 0.088965 0.000529 0.830433
4 2 0.021095 0.032805 0.038126 0.000423 0.907550
4 2 0.023348 0.024350 0.016146 0.000254 0.935903
4 4 0.018176 0.019774 0.011587 0.000140 0.950322
4 4 0.016773 0.016018 0.007202 0.000081 0.959925
4 4 0.018852 0.013335 0.004984 0.000072 0.962758
4 4 0.021835 0.016909 0.008257 0.000094 0.952905
4 4 0.023864 0.029006 0.029575 0.000180 0.917375
4 4 0.014516 0.043603 0.137502 0.000420 0.803959
4 2 0.012473 0.048796 0.147998 0.000553 0.790180
