0 0 0.979832 0.008452 0.000953 0.000008 0.010756
0 0 0.980709 0.007413 0.000660 0.000004 0.011214
0 0 0.989294 0.005231 0.000618 0.000004 0.004853
0 0 0.985723 0.007585 0.001457 0.000015 0.005219
0 0 0.980702 0.010677 0.003621 0.000069 0.004932
0 0 0.965996 0.017242 0.005503 0.000142 0.011118
0 0 0.947423 0.023320 0.005772 0.000158 0.023327
0 0 0.835996 0.055493 0.013992 0.000766 0.093753
0 0 0.833275 0.058346 0.015332 0.000840 0.092207
0 0 0.882822 0.048636 0.015032 0.000708 0.052803
0 0 0.907173 0.042645 0.014484 0.000583 0.035115
0 0 0.816172 0.067333 0.019673 0.000879 0.095942
0 0 0.817166 0.065839 0.020360 0.001366 0.095269
0 0 0.839378 0.057827 0.017075 0.001059 0.084661
0 0 0.867319 0.048219 0.012602 0.000625 0.071235
0 0 0.857534 0.070600 0.023579 0.000751 0.047536
0 0 0.777425 0.108235 0.040340 0.000856 0.073144
0 0 0.784534 0.095617 0.027215 0.000593 0.092040
0 0 0.761161 0.100516 0.031461 0.000418 0.106444
0 0 0.782544 0.096714 0.028695 0.000392 0.091654
0 0 0.781719 0.106694 0.060737 0.002441 0.048409
0 0 0.646994 0.159903 0.129387 0.009839 0.053877
0 0 0.517565 0.219510 0.178273 0.013435 0.071217
0 0 0.496867 0.232162 0.180972 0.013040 0.076959
0 0 0.680590 0.164956 0.085088 0.003461 0.065904
0 0 0.811065 0.103106 0.037440 0.000914 0.047474
0 0 0.823341 0.087931 0.022210 0.000488 0.066031
0 0 0.721326 0.097402 0.023732 0.000290 0.157250
0 0 0.739957 0.085548 0.019689 0.000287 0.154519
0 0 0.699827 0.105890 0.031035 0.000381 0.162867
0 0 0.745581 0.093439 0.025466 0.000306 0.135207
0 0 0.677675 0.118239 0.038542 0.000321 0.165222
0 0 0.626645 0.100972 0.033715 0.000304 0.238364
0 0 0.548274 0.106068 0.034570 0.000274 0.310814
0 0 0.503934 0.095484 0.026508 0.000300 0.373773
0 0 0.579559 0.080648 0.018373 0.000288 0.321132
0 0 0.780208 0.061287 0.010607 0.000342 0.147555
0 0 0.772507 0.074974 0.012976 0.000406 0.139136
0 0 0.692903 0.111904 0.017934 0.000416 0.176843
0 0 0.662413 0.131325 0.028929 0.001004 0.176329
0 0 0.450606 0.084663 0.019426 0.000330 0.444974
0 1 0.482746 0.081030 0.015736 0.000363 0.420126
4 1 0.401122 0.077573 0.012866 0.000304 0.508134
4 1 0.344754 0.096521 0.027076 0.000597 0.531053
4 1 0.370233 0.090301 0.019043 0.000632 0.519791
4 1 0.376031 0.076371 0.009771 0.000488 0.537339
4 1 0.268579 0.072635 0.009113 0.000429 0.649244
4 1 0.343906 0.058488 0.004479 0.000188 0.592939
4 2 0.136641 0.066972 0.011063 0.000379 0.784945
4 2 0.072566 0.069692 0.021554 0.000528 0.835660
4 2 0.045475 0.077586 0.047371 0.000902 0.828665
4 2 0.058290 0.090031 0.054366 0.001702 0.795610
4 2 0.185689 0.149999 0.155814 0.006673 0.501825
0 1 0.358632 0.194183 0.142300 0.012975 0.291909
0 1 0.572488 0.179810 0.098427 0.009766 0.139509
0 1 0.793374 0.068757 0.019897 0.001426 0.116547
0 1 0.865518 0.045194 0.009690 0.000407 0.079191
0 1 0.798977 0.055752 0.010228 0.000475 0.134567
0 1 0.593022 0.085224 0.019046 0.000775 0.301933
0 1 0.593182 0.081971 0.017561 0.000597 0.306689
4 1 0.062560 0.085263 0.049512 0.000977 0.801688
4 2 0.054178 0.106450 0.118101 0.002607 0.718663
4 2 0.044592 0.123942 0.272965 0.005615 0.552885
2 2 0.035954 0.130526 0.419076 0.005525 0.408919
4 2 0.049954 0.138443 0.277042 0.004796 0.529765
4 2 0.041635 0.108029 0.155337 0.003896 0.691103
4 2 0.081621 0.167851 0.228250 0.006705 0.515573
4 1 0.163165 0.159235 0.138431 0.004347 0.534822
4 2 0.167541 0.186868 0.177541 0.003008 0.465042
4 2 0.187774 0.137271 0.112086 0.002804 0.560065
4 2 0.057838 0.106501 0.134712 0.001762 0.699187
4 2 0.108627 0.124625 0.137028 0.002143 0.627577
4 2 0.297678 0.145324 0.156451 0.002833 0.397713
2 0 0.304854 0.145798 0.324944 0.012001 0.212404
0 0 0.584822 0.148566 0.135815 0.010161 0.120636
0 0 0.699807 0.132737 0.105370 0.006436 0.055650
0 0 0.957417 0.020854 0.006750 0.000201 0.014778
0 0 0.938750 0.028555 0.010073 0.000398 0.022224
0 0 0.888113 0.053879 0.014041 0.000346 0.043621
0 0 0.718091 0.146649 0.061496 0.002144 0.071620
0 0 0.737771 0.115917 0.076621 0.006830 0.062861
0 0 0.855038 0.060264 0.046117 0.005268 0.033312
0 0 0.853215 0.060964 0.048081 0.005514 0.032225
0 0 0.787238 0.102057 0.069860 0.004089 0.036757
0 0 0.711778 0.128885 0.075913 0.006200 0.077224
0 0 0.703424 0.141308 0.083057 0.005182 0.067029
0 0 0.625484 0.170953 0.113100 0.007886 0.082577
0 0 0.566240 0.203357 0.131313 0.007167 0.091923
0 0 0.689887 0.149728 0.084186 0.004886 0.071313
0 0 0.669187 0.151637 0.107798 0.005898 0.065480
0 0 0.626288 0.152343 0.148641 0.009249 0.063480
0 0 0.759080 0.110569 0.082329 0.006014 0.042007
0 0 0.558220 0.175370 0.176569 0.010689 0.079152
0 0 0.650013 0.155825 0.098127 0.008523 0.087510
0 0 0.655298 0.163719 0.090316 0.005638 0.085029
0 0 0.810136 0.087726 0.036487 0.001921 0.063731
0 0 0.868068 0.054410 0.022463 0.001610 0.053449
0 0 0.901091 0.044201 0.022210 0.001520 0.030978
0 0 0.844405 0.063761 0.037468 0.003858 0.050509
0 0 0.833252 0.065926 0.049620 0.006302 0.044900
0 0 0.745270 0.120597 0.055860 0.003063 0.075209
0 0 0.733566 0.125588 0.066240 0.004089 0.070517
0 0 0.713588 0.142907 0.066817 0.003022 0.073666
0 0 0.677817 0.161542 0.089205 0.004298 0.067138
0 0 0.745453 0.122977 0.052245 0.002455 0.076869
0 0 0.787852 0.092218 0.042196 0.003014 0.074720
0 0 0.759806 0.110408 0.047750 0.002707 0.079328
0 0 0.673068 0.154699 0.092319 0.005873 0.074041
0 0 0.666169 0.153832 0.116087 0.008388 0.055524
0 0 0.752459 0.102332 0.065108 0.007354 0.072747
0 0 0.708727 0.124604 0.080002 0.008102 0.078565
0 0 0.641849 0.159622 0.085421 0.006735 0.106373
0 0 0.722879 0.135355 0.061723 0.002982 0.077061
0 0 0.774433 0.111217 0.045849 0.001926 0.066574
0 0 0.708945 0.136102 0.070218 0.002031 0.082703
0 0 0.719478 0.132175 0.064963 0.001655 0.081730
0 0 0.657827 0.156599 0.079159 0.002120 0.104295
0 0 0.692060 0.162210 0.080736 0.002457 0.062537
0 0 0.712786 0.154397 0.072931 0.002318 0.057568
0 0 0.787961 0.115168 0.056203 0.001661 0.039006
0 0 0.936060 0.030394 0.018617 0.001086 0.013842
0 0 0.945646 0.025824 0.018288 0.001037 0.009205
0 0 0.842537 0.075137 0.049700 0.002979 0.029647
0 0 0.815701 0.093515 0.052147 0.002279 0.036358
0 0 0.734389 0.139700 0.072653 0.002644 0.050613
0 0 0.768602 0.118040 0.060008 0.002531 0.050818
0 0 0.693715 0.154490 0.083990 0.003898 0.063907
0 0 0.646800 0.181799 0.097527 0.004099 0.069776
0 0 0.646815 0.180114 0.098336 0.004355 0.070380
0 0 0.649402 0.183734 0.101548 0.003845 0.061471
0 0 0.717367 0.153678 0.074257 0.002220 0.052478
0 0 0.697215 0.159014 0.069406 0.001688 0.072676
0 0 0.641247 0.182186 0.101272 0.001985 0.073310
0 0 0.685999 0.165863 0.084361 0.001813 0.061964
0 0 0.647722 0.169719 0.096730 0.001551 0.084279
0 0 0.686930 0.158306 0.074498 0.001020 0.079246
0 0 0.610316 0.176546 0.103578 0.000992 0.108568
0 0 0.690129 0.147986 0.066752 0.000788 0.094345
0 0 0.715490 0.134357 0.050690 0.000766 0.098696
0 0 0.687301 0.159024 0.064300 0.000961 0.088415
0 0 0.641320 0.166089 0.046437 0.001489 0.144664
0 0 0.613990 0.195144 0.079514 0.002692 0.108660
0 0 0.572052 0.185169 0.097868 0.002945 0.141966
0 0 0.589844 0.174323 0.093372 0.002895 0.139567
0 0 0.500742 0.204316 0.135661 0.003521 0.155760
0 0 0.489448 0.233986 0.146118 0.004152 0.126295
0 0 0.540917 0.213200 0.132040 0.004293 0.109550
0 0 0.630713 0.179134 0.093008 0.003231 0.093915
0 0 0.637193 0.172483 0.106896 0.004653 0.078776
0 0 0.646954 0.168873 0.120970 0.004684 0.058520
0 0 0.672800 0.165314 0.103071 0.003879 0.054936
0 0 0.663145 0.165082 0.107233 0.004502 0.060037
0 0 0.649042 0.175651 0.100749 0.004955 0.069602
0 0 0.649126 0.168472 0.101384 0.006200 0.074819
0 0 0.687735 0.155975 0.077726 0.003661 0.074903
0 0 0.668768 0.166465 0.097950 0.004689 0.062128
0 0 0.710537 0.145936 0.073617 0.003325 0.066585
0 0 0.758936 0.110666 0.042417 0.002109 0.085872
0 0 0.717728 0.138587 0.054352 0.002239 0.087094
0 0 0.548504 0.219860 0.092681 0.004389 0.134565
0 0 0.669980 0.146748 0.084861 0.006390 0.092021
0 0 0.599941 0.183971 0.130080 0.008654 0.077354
0 0 0.721177 0.130878 0.069043 0.004349 0.074553
0 0 0.721774 0.132219 0.057011 0.002903 0.086093
0 0 0.530485 0.217736 0.136992 0.004325 0.110462
0 0 0.555417 0.198689 0.142071 0.004692 0.099131
0 0 0.530689 0.194714 0.159551 0.006639 0.108408
0 0 0.606918 0.169663 0.114822 0.006825 0.101772
0 0 0.542434 0.198043 0.154025 0.008022 0.097475
0 0 0.591396 0.189767 0.128964 0.005773 0.084100
0 0 0.567315 0.192165 0.101907 0.005497 0.133116
0 0 0.592282 0.195096 0.087396 0.004009 0.121218
0 0 0.427941 0.246243 0.176500 0.007048 0.142267
0 0 0.470468 0.241584 0.145253 0.005489 0.137207
0 0 0.553899 0.210373 0.133151 0.004791 0.097786
0 0 0.505085 0.211825 0.175062 0.006085 0.101943
0 0 0.561328 0.171655 0.190081 0.012113 0.064822
0 0 0.556215 0.191258 0.157197 0.006538 0.088793
0 0 0.517895 0.216161 0.178963 0.007718 0.079264
0 0 0.503129 0.232005 0.206011 0.008033 0.050822
0 0 0.565686 0.163826 0.045128 0.001483 0.223877
0 0 0.651263 0.135581 0.027532 0.000840 0.184785
0 0 0.688636 0.087949 0.013310 0.000443 0.209662
0 0 0.685738 0.105083 0.017776 0.000533 0.190870
0 0 0.641922 0.131514 0.026616 0.000911 0.199038
0 1 0.579069 0.149753 0.032142 0.001310 0.237726
0 1 0.488659 0.122617 0.030611 0.001109 0.357004
4 1 0.396503 0.142805 0.049542 0.001493 0.409658
4 1 0.263574 0.181295 0.112940 0.003793 0.438398
4 1 0.181004 0.146740 0.084038 0.003000 0.585218
4 1 0.255422 0.137480 0.047063 0.001635 0.558400
4 1 0.225381 0.126752 0.040064 0.001360 0.606443
4 1 0.213165 0.193291 0.102397 0.003782 0.487365
4 1 0.091879 0.098179 0.042443 0.002407 0.765091
4 1 0.169234 0.121775 0.056155 0.003681 0.649155
4 1 0.142346 0.125429 0.067853 0.004817 0.659556
4 1 0.122616 0.131208 0.074838 0.006235 0.665103
4 2 0.165480 0.174527 0.126289 0.010419 0.523285
4 2 0.104906 0.125715 0.085500 0.005994 0.677885
4 2 0.130593 0.134343 0.103747 0.005414 0.625902
4 2 0.055807 0.129703 0.241968 0.011683 0.560839
2 2 0.042882 0.133209 0.480934 0.040807 0.302168
2 2 0.015301 0.085670 0.618963 0.065106 0.214960
2 2 0.004080 0.035163 0.778655 0.118908 0.063193
2 2 0.006098 0.041840 0.772694 0.087113 0.092254
2 2 0.007414 0.050040 0.718444 0.077783 0.146320
2 2 0.012558 0.071246 0.605343 0.054264 0.256591
2 2 0.017382 0.089411 0.467263 0.026255 0.399689
4 2 0.026569 0.104509 0.380141 0.027017 0.461763
4 2 0.028418 0.108669 0.351644 0.024225 0.487044
2 2 0.015596 0.086303 0.618819 0.073387 0.205894
2 2 0.011139 0.065963 0.671348 0.101621 0.149929
2 2 0.011103 0.049829 0.623057 0.202960 0.113052
2 2 0.009316 0.040653 0.614489 0.246621 0.088922
2 2 0.004324 0.020935 0.582345 0.353927 0.038470
2 2 0.006835 0.025136 0.515180 0.407239 0.045610
2 2 0.013417 0.042042 0.530014 0.326299 0.088229
2 2 0.018408 0.053283 0.524626 0.286019 0.117664
2 3 0.014180 0.050897 0.580694 0.234769 0.119460
2 3 0.014960 0.044647 0.548006 0.313838 0.078548
3 3 0.002293 0.007084 0.273485 0.708413 0.008726
3 3 0.004099 0.009722 0.244958 0.728957 0.012265
3 3 0.005682 0.011755 0.241242 0.725806 0.015514
3 3 0.004533 0.009955 0.231690 0.741287 0.012534
3 3 0.003343 0.008153 0.229968 0.748694 0.009842
3 3 0.002840 0.007001 0.208441 0.773785 0.007932
3 3 0.002667 0.006740 0.211568 0.771372 0.007654
3 3 0.002036 0.005329 0.201131 0.785614 0.005892
3 3 0.002204 0.006088 0.226301 0.758391 0.007016
3 3 0.001577 0.003825 0.159795 0.830900 0.003902
3 3 0.001873 0.003977 0.137227 0.853019 0.003903
3 3 0.001558 0.003188 0.119167 0.873103 0.002984
3 3 0.001092 0.002007 0.084686 0.910527 0.001688
3 3 0.002028 0.003381 0.093766 0.897834 0.002992
3 3 0.001519 0.002472 0.079013 0.914932 0.002064
3 3 0.001963 0.003152 0.086313 0.905850 0.002721
3 3 0.002172 0.003092 0.088760 0.903543 0.002434
3 3 0.006615 0.009158 0.189930 0.786224 0.008072
3 3 0.016423 0.015919 0.265056 0.690524 0.012078
3 3 0.006158 0.007560 0.194765 0.785907 0.005611
3 3 0.008213 0.013657 0.191918 0.769415 0.016798
3 3 0.006276 0.010286 0.164187 0.807494 0.011758
3 3 0.003182 0.005754 0.133720 0.851566 0.005779
3 3 0.002960 0.005046 0.121244 0.865763 0.004987
3 3 0.001789 0.003111 0.095298 0.897053 0.002749
3 3 0.001709 0.003084 0.099747 0.892704 0.002756
3 3 0.001680 0.002917 0.092474 0.900377 0.002551
3 3 0.002682 0.005043 0.129866 0.857472 0.004937
3 3 0.003067 0.005517 0.130491 0.855430 0.005494
3 3 0.002062 0.003598 0.101966 0.889117 0.003257
3 3 0.002188 0.003486 0.091076 0.900159 0.003091
3 3 0.002064 0.002967 0.075761 0.916686 0.002523
3 3 0.001534 0.002525 0.080932 0.912887 0.002122
3 3 0.001326 0.002311 0.083995 0.910415 0.001952
3 3 0.001061 0.002012 0.088325 0.906892 0.001709
3 3 0.001513 0.003114 0.118811 0.873653 0.002909
3 3 0.001635 0.003221 0.113904 0.878257 0.002982
3 3 0.001473 0.003320 0.137275 0.854702 0.003230
3 3 0.002269 0.004734 0.144407 0.843840 0.004750
3 3 0.002206 0.004464 0.135505 0.853435 0.004391
3 3 0.011858 0.013948 0.150540 0.808284 0.015370
3 3 0.007674 0.009287 0.110650 0.862707 0.009682
3 3 0.007780 0.008962 0.111343 0.863146 0.008769
3 3 0.008296 0.009468 0.116776 0.855724 0.009737
3 3 0.004620 0.006244 0.108713 0.874264 0.006159
3 3 0.001877 0.003188 0.095670 0.896411 0.002855
3 3 0.001452 0.002940 0.113459 0.879441 0.002707
3 3 0.002759 0.004929 0.132992 0.854237 0.005083
3 3 0.003236 0.005360 0.126331 0.859568 0.005505
3 3 0.003035 0.004350 0.097780 0.890650 0.004185
3 3 0.003788 0.005091 0.102588 0.883385 0.005148
3 3 0.003939 0.004759 0.087507 0.899164 0.004632
3 3 0.006172 0.006030 0.099226 0.883332 0.005241
3 3 0.003021 0.003709 0.075231 0.914840 0.003199
3 3 0.001792 0.002538 0.067739 0.925869 0.002063
3 3 0.001959 0.003132 0.086662 0.905526 0.002721
3 3 0.002308 0.003721 0.099417 0.891101 0.003452
3 3 0.002416 0.003804 0.097997 0.892251 0.003532
3 3 0.002847 0.003670 0.075487 0.914777 0.003219
3 3 0.003263 0.004055 0.077607 0.911422 0.003653
3 3 0.008711 0.010722 0.125235 0.843615 0.011717
3 3 0.010419 0.011706 0.129931 0.835185 0.012759
3 3 0.006496 0.009192 0.136786 0.837341 0.010184
3 3 0.006753 0.009038 0.136204 0.838522 0.009484
3 3 0.140918 0.045365 0.284963 0.504352 0.024403
0 3 0.367798 0.087965 0.286480 0.216340 0.041416
2 3 0.243450 0.173943 0.357693 0.126429 0.098486
2 2 0.113871 0.254405 0.498022 0.037147 0.096556
2 2 0.207372 0.314228 0.323941 0.015633 0.138826
2 2 0.258284 0.286439 0.322454 0.009343 0.123480
2 2 0.194948 0.239022 0.407174 0.013906 0.144950
2 2 0.019809 0.115007 0.694620 0.033427 0.137137
2 2 0.018151 0.120421 0.656989 0.029151 0.175287
2 2 0.012554 0.095745 0.690948 0.049543 0.151210
2 2 0.012907 0.087104 0.666610 0.061776 0.171603
2 2 0.010203 0.072106 0.708541 0.108545 0.100605
2 2 0.015932 0.104386 0.659042 0.083280 0.137360
2 2 0.023862 0.139335 0.609981 0.053664 0.173158
2 2 0.028694 0.129495 0.645915 0.068712 0.127184
2 2 0.024000 0.109360 0.621707 0.089322 0.155611
2 2 0.004060 0.029005 0.742108 0.155052 0.069776
2 2 0.009858 0.053316 0.668835 0.122523 0.145469
2 2 0.015079 0.071592 0.600340 0.085505 0.227484
2 2 0.020195 0.091262 0.467331 0.033879 0.387333
2 2 0.017188 0.081893 0.543292 0.051777 0.305850
2 2 0.014049 0.077617 0.568414 0.041355 0.298565
2 2 0.015266 0.089222 0.528839 0.030327 0.336347
4 2 0.015215 0.089117 0.437207 0.016712 0.441748
4 2 0.013972 0.088871 0.357148 0.007868 0.532142
4 2 0.012673 0.100285 0.360237 0.004984 0.521821
4 4 0.017313 0.118986 0.280784 0.003188 0.579729
4 4 0.019712 0.123556 0.279565 0.004057 0.573110
4 4 0.023954 0.116190 0.217428 0.003739 0.638688
4 4 0.020110 0.094894 0.193542 0.002974 0.688480
4 4 0.022465 0.089011 0.154410 0.002484 0.731629
4 4 0.028528 0.085152 0.102790 0.001666 0.781864
4 4 0.037642 0.087689 0.081692 0.001708 0.791269
4 4 0.042700 0.088875 0.073728 0.001743 0.792954
4 4 0.040940 0.086282 0.071136 0.001530 0.800112
4 4 0.046157 0.084821 0.059479 0.001360 0.808184
4 4 0.016520 0.110021 0.307356 0.004884 0.561219
2 4 0.010465 0.119956 0.492819 0.006334 0.370425
2 4 0.011863 0.111370 0.458968 0.008374 0.409425
2 4 0.009673 0.101955 0.546709 0.011176 0.330487
2 4 0.009719 0.102960 0.553852 0.010340 0.323129
2 4 0.005778 0.069125 0.683528 0.016925 0.224644
2 2 0.007099 0.073189 0.651364 0.018753 0.249595
2 2 0.010453 0.079357 0.455315 0.010458 0.444418
4 2 0.011803 0.084401 0.392041 0.007973 0.503783
4 2 0.009239 0.079628 0.368305 0.004650 0.538178
4 2 0.010284 0.090595 0.332921 0.003079 0.563120
4 4 0.009459 0.077007 0.289680 0.002522 0.621331
4 4 0.009942 0.089330 0.303162 0.002105 0.595461
4 4 0.008071 0.093076 0.409028 0.003027 0.486799
4 4 0.009215 0.085589 0.329710 0.002607 0.572879
4 4 0.014180 0.079716 0.193684 0.001926 0.710493
4 4 0.016922 0.076057 0.135991 0.001249 0.769780
4 4 0.013491 0.079479 0.204260 0.001996 0.700774
4 4 0.014756 0.081867 0.200148 0.002196 0.701033
4 4 0.019472 0.074895 0.110523 0.001052 0.794058
2 4 0.015654 0.110664 0.527798 0.024447 0.321437
2 4 0.007774 0.081273 0.695789 0.029701 0.185463
2 4 0.004524 0.058101 0.788624 0.034370 0.114382
2 4 0.004314 0.052375 0.792575 0.040173 0.110563
2 2 0.005161 0.056220 0.764695 0.042550 0.131375
2 2 0.003714 0.041804 0.805620 0.054258 0.094604
2 2 0.002610 0.030346 0.830646 0.064512 0.071885
2 2 0.001679 0.023135 0.863743 0.060494 0.050949
2 2 0.001938 0.025626 0.847535 0.049439 0.075462
2 2 0.002026 0.030807 0.847578 0.033325 0.086263
2 2 0.002132 0.034214 0.836082 0.025972 0.101601
2 2 0.002240 0.041415 0.839821 0.019772 0.096751
2 2 0.002325 0.042416 0.844479 0.021613 0.089167
2 2 0.002377 0.048431 0.835326 0.015641 0.098224
2 2 0.002357 0.038109 0.849383 0.030612 0.079539
2 2 0.003225 0.046230 0.814863 0.030602 0.105080
2 2 0.005143 0.054435 0.772455 0.049218 0.118749
2 2 0.008793 0.069367 0.669380 0.044212 0.208247
2 2 0.011744 0.084321 0.616045 0.037517 0.250373
2 2 0.009545 0.082753 0.655954 0.030697 0.221051
2 2 0.002511 0.026166 0.820269 0.084805 0.066250
2 2 0.003005 0.027122 0.792977 0.119631 0.057265
2 2 0.003007 0.024946 0.771165 0.151863 0.049018
2 2 0.002564 0.018745 0.721921 0.220960 0.035810
2 2 0.003281 0.023783 0.728529 0.201618 0.042790
2 2 0.003162 0.020616 0.685240 0.254465 0.036518
2 2 0.004710 0.026595 0.725234 0.195867 0.047595
2 2 0.005127 0.024954 0.657125 0.278252 0.034542
2 2 0.010441 0.039191 0.648857 0.241894 0.059616
2 2 0.010658 0.041986 0.669777 0.217432 0.060147
2 2 0.006162 0.029832 0.635165 0.282522 0.046319
2 2 0.007257 0.043321 0.722055 0.152540 0.074828
2 2 0.009553 0.042070 0.668352 0.219658 0.060366
2 2 0.014806 0.059299 0.624913 0.166573 0.134408
2 2 0.012402 0.045678 0.613788 0.237590 0.090542
2 2 0.010548 0.038758 0.569932 0.298780 0.081983
2 2 0.012860 0.047625 0.591708 0.235853 0.111954
2 2 0.007810 0.032207 0.585875 0.308572 0.065535
2 2 0.004259 0.019922 0.566585 0.373198 0.036036
2 2 0.003270 0.014742 0.508874 0.448817 0.024297
2 2 0.268794 0.035877 0.656575 0.033340 0.005414
2 2 0.394096 0.046706 0.528896 0.022262 0.008039
2 2 0.404180 0.126351 0.439272 0.009369 0.020828
2 2 0.299980 0.241949 0.419182 0.009919 0.028970
2 2 0.288684 0.296708 0.365387 0.008405 0.040816
2 2 0.148219 0.249565 0.521638 0.022517 0.058061
2 2 0.016260 0.089234 0.656775 0.118973 0.118758
2 2 0.009363 0.046940 0.641009 0.207162 0.095526
2 2 0.011958 0.047712 0.582428 0.256100 0.101801
2 2 0.013639 0.048235 0.547728 0.290751 0.099646
2 2 0.018647 0.056048 0.506526 0.302563 0.116216
2 2 0.018359 0.045191 0.473802 0.381976 0.080672
3 2 0.011811 0.026366 0.401012 0.523525 0.037286
3 2 0.004636 0.013349 0.334834 0.629511 0.017670
3 2 0.003332 0.009884 0.294944 0.679129 0.012711
3 3 0.008435 0.019159 0.357401 0.590097 0.024908
3 3 0.006458 0.014301 0.289763 0.671691 0.017787
3 3 0.005294 0.014263 0.310384 0.650671 0.019388
3 3 0.003778 0.009643 0.245856 0.729044 0.011679
3 3 0.004429 0.010325 0.230195 0.742650 0.012402
3 3 0.008503 0.013413 0.189022 0.772180 0.016882
3 3 0.002854 0.004810 0.121597 0.865908 0.004831
3 3 0.001262 0.002853 0.129181 0.863993 0.002712
3 3 0.001017 0.002682 0.153089 0.840554 0.002658
3 3 0.001517 0.003953 0.177288 0.813087 0.004156
3 3 0.001813 0.004301 0.168525 0.820960 0.004402
3 3 0.006612 0.009986 0.187727 0.785535 0.010140
3 3 0.005506 0.006919 0.133016 0.848445 0.006113
3 3 0.003615 0.005097 0.103404 0.883024 0.004861
3 3 0.002546 0.003810 0.095199 0.894870 0.003574
3 3 0.002507 0.004114 0.114636 0.874622 0.004120
3 3 0.004734 0.006670 0.138259 0.843458 0.006878
3 3 0.003793 0.006253 0.144906 0.838082 0.006966
3 3 0.004430 0.006856 0.136491 0.844731 0.007491
3 3 0.003694 0.005665 0.125809 0.858802 0.006029
3 3 0.006294 0.009292 0.155253 0.818148 0.011012
3 3 0.009443 0.012641 0.159339 0.803029 0.015549
3 3 0.009629 0.012772 0.151556 0.810853 0.015189
3 3 0.033062 0.029867 0.184583 0.714113 0.038375
3 3 0.047465 0.043454 0.203108 0.640404 0.065569
3 3 0.003849 0.004885 0.102207 0.884662 0.004397
3 3 0.001403 0.002159 0.072085 0.922567 0.001786
3 3 0.001646 0.002599 0.078054 0.915526 0.002175
3 3 0.001909 0.003264 0.095195 0.896740 0.002891
3 3 0.002011 0.003855 0.118751 0.871746 0.003638
3 3 0.003121 0.005804 0.144918 0.840082 0.006075
3 3 0.004354 0.007243 0.151992 0.828271 0.008139
3 3 0.009954 0.014746 0.191722 0.764309 0.019270
3 3 0.014046 0.015579 0.194890 0.758851 0.016635
3 3 0.016360 0.016269 0.184452 0.766212 0.016707
3 3 0.011241 0.011071 0.125953 0.840355 0.011379
3 3 0.003773 0.004605 0.082207 0.905132 0.004284
3 3 0.002833 0.003549 0.073158 0.917346 0.003115
3 3 0.003155 0.004343 0.091305 0.897117 0.004079
3 3 0.002052 0.003028 0.079434 0.912875 0.002611
3 3 0.002568 0.003929 0.094053 0.895861 0.003588
3 3 0.001759 0.002938 0.088216 0.904546 0.002541
3 3 0.006535 0.010575 0.165147 0.805551 0.012191
3 3 0.004747 0.007366 0.129741 0.850488 0.007659
3 3 0.012391 0.015686 0.156578 0.797123 0.018222
3 3 0.002985 0.005054 0.133319 0.853644 0.004997
3 3 0.005564 0.008600 0.175978 0.800556 0.009302
3 3 0.003483 0.005926 0.139528 0.844716 0.006346
3 3 0.002822 0.004451 0.112457 0.875819 0.004450
3 3 0.002398 0.004072 0.113482 0.876078 0.003971
3 3 0.001099 0.001902 0.076286 0.919159 0.001555
3 3 0.001131 0.001924 0.075799 0.919566 0.001579
3 3 0.001240 0.002081 0.078850 0.916079 0.001749
3 3 0.000845 0.001492 0.070502 0.925977 0.001184
3 3 0.001899 0.003233 0.103477 0.888339 0.003051
3 3 0.001947 0.003429 0.111745 0.879559 0.003320
3 3 0.003942 0.006366 0.137975 0.844811 0.006906
3 3 0.006374 0.008764 0.140981 0.834322 0.009559
3 3 0.006178 0.007830 0.133226 0.845054 0.007712
3 3 0.009647 0.010996 0.168084 0.800501 0.010772
3 3 0.011865 0.012982 0.193386 0.768512 0.013255
3 3 0.027265 0.021594 0.215024 0.714544 0.021574
3 3 0.007892 0.008293 0.148295 0.828121 0.007399
3 3 0.014055 0.016438 0.247169 0.705554 0.016784
3 3 0.018007 0.016479 0.226235 0.724884 0.014394
3 3 0.080403 0.061110 0.230851 0.537791 0.089845
3 3 0.036272 0.033764 0.188095 0.693433 0.048436
3 3 0.019689 0.020853 0.154965 0.777221 0.027272
3 3 0.086952 0.038929 0.254770 0.593372 0.025976
3 3 0.183418 0.065527 0.300026 0.416503 0.034526
2 3 0.261563 0.110481 0.336175 0.242250 0.049532
2 2 0.215029 0.231301 0.425514 0.054985 0.073170
2 2 0.256423 0.283516 0.290413 0.015848 0.153800
0 2 0.267534 0.248866 0.243288 0.008336 0.231977
4 2 0.032392 0.107516 0.191096 0.006848 0.662148
4 2 0.028110 0.101957 0.210468 0.006565 0.652898
4 2 0.018742 0.091317 0.382570 0.014691 0.492680
4 2 0.025077 0.098693 0.304282 0.012450 0.559499
4 2 0.023723 0.095973 0.408544 0.026771 0.444989
2 2 0.020406 0.085089 0.529224 0.054462 0.310819
2 2 0.021220 0.091948 0.598438 0.051316 0.237078
2 2 0.010093 0.068694 0.639045 0.041600 0.240567
2 2 0.007641 0.061587 0.665689 0.036238 0.228844
2 2 0.004112 0.045548 0.788446 0.047800 0.114093
2 2 0.006243 0.055085 0.719434 0.047442 0.171796
4 2 0.015959 0.093184 0.333378 0.008190 0.549289
4 2 0.017209 0.095951 0.354369 0.010942 0.521529
2 2 0.011917 0.111790 0.515680 0.009842 0.350772
2 2 0.009680 0.113850 0.627776 0.013137 0.235558
2 2 0.011785 0.111248 0.622510 0.021360 0.233096
2 2 0.011578 0.102353 0.651936 0.027269 0.206863
2 2 0.009559 0.070094 0.724805 0.051339 0.144202
2 2 0.005240 0.043922 0.789317 0.063452 0.098070
2 2 0.007306 0.043198 0.755194 0.090800 0.103502
2 2 0.011053 0.054078 0.740687 0.083484 0.110699
2 2 0.050042 0.106746 0.672969 0.042161 0.128082
2 2 0.075378 0.126474 0.623241 0.056160 0.118746
2 2 0.092234 0.144663 0.615412 0.053718 0.093973
2 2 0.074890 0.113081 0.670834 0.094451 0.046744
2 2 0.150899 0.138170 0.587840 0.066000 0.057091
2 2 0.128813 0.127243 0.522432 0.096745 0.124767
2 2 0.041558 0.069714 0.629947 0.160599 0.098182
2 2 0.013698 0.047660 0.590578 0.246757 0.101307
2 2 0.013320 0.049031 0.570114 0.260614 0.106920
2 2 0.013128 0.051565 0.592785 0.223797 0.118725
2 2 0.008668 0.092147 0.615980 0.016118 0.267087
2 2 0.004470 0.063557 0.796996 0.029530 0.105448
2 2 0.002776 0.041619 0.850792 0.041825 0.062988
2 2 0.001506 0.028391 0.892383 0.037885 0.039836
2 2 0.000918 0.016758 0.897062 0.065040 0.020222
2 2 0.001215 0.021034 0.892586 0.053147 0.032018
2 2 0.001390 0.018089 0.851437 0.102319 0.026765
2 2 0.002671 0.024453 0.796648 0.122589 0.053638
2 2 0.003596 0.027517 0.759528 0.139913 0.069446
2 2 0.003344 0.024454 0.745539 0.168471 0.058191
2 2 0.002907 0.025385 0.789327 0.114489 0.067892
2 2 0.001370 0.016079 0.842776 0.103389 0.036387
2 2 0.000855 0.012950 0.875301 0.088786 0.022108
2 2 0.000863 0.012230 0.909207 0.065982 0.011719
2 2 0.001138 0.012555 0.900862 0.076522 0.008923
2 2 0.001875 0.014285 0.865618 0.109113 0.009109
2 2 0.003297 0.018677 0.743693 0.217876 0.016457
2 2 0.004507 0.019953 0.685870 0.271476 0.018194
2 2 0.004298 0.021482 0.662557 0.288509 0.023155
2 2 0.003244 0.019896 0.674160 0.271419 0.031281
2 2 0.002581 0.032495 0.859271 0.058385 0.047268
2 2 0.001779 0.021198 0.840419 0.102275 0.034329
2 2 0.002648 0.026792 0.813290 0.108647 0.048624
2 2 0.003176 0.023673 0.742378 0.183295 0.047478
2 2 0.003311 0.019098 0.645202 0.294870 0.037518
2 2 0.003439 0.021046 0.691972 0.253727 0.029816
2 2 0.002882 0.023439 0.747859 0.192090 0.033729
2 2 0.002712 0.028649 0.808974 0.127235 0.032430
2 2 0.003518 0.034175 0.798388 0.117968 0.045952
2 2 0.004152 0.036689 0.781067 0.121658 0.056435
2 2 0.004607 0.040099 0.773133 0.130843 0.051318
2 2 0.006211 0.035661 0.667654 0.232958 0.057517
2 2 0.029050 0.059077 0.667111 0.185523 0.059239
2 2 0.030374 0.041986 0.594877 0.290278 0.042485
2 2 0.016805 0.030440 0.616003 0.315272 0.021480
2 2 0.013009 0.022614 0.564701 0.387225 0.012451
2 2 0.015549 0.026661 0.537065 0.396305 0.024421
2 2 0.019410 0.052884 0.741398 0.134595 0.051713
2 4 0.009915 0.054809 0.671482 0.090827 0.172967
2 4 0.016304 0.089859 0.519904 0.028759 0.345174
4 4 0.023956 0.121507 0.196816 0.001771 0.655951
4 4 0.040782 0.130651 0.150442 0.001331 0.676793
4 4 0.062011 0.109962 0.102400 0.000995 0.724633
4 4 0.074813 0.121409 0.136066 0.000833 0.666879
4 4 0.127449 0.158256 0.152148 0.001018 0.561129
4 4 0.300541 0.189354 0.131788 0.001757 0.376560
0 4 0.379875 0.209452 0.098869 0.001712 0.310091
0 4 0.382393 0.221501 0.067401 0.002063 0.326642
0 0 0.455959 0.201738 0.056510 0.001714 0.284079
0 1 0.505961 0.185362 0.047688 0.001422 0.259567
0 1 0.592974 0.172038 0.037897 0.000950 0.196141
0 2 0.365377 0.234189 0.062851 0.000779 0.336804
4 2 0.220131 0.215789 0.077342 0.001083 0.485655
4 2 0.107166 0.235675 0.146929 0.002025 0.508204
4 2 0.039396 0.161880 0.178514 0.002532 0.617678
4 4 0.024366 0.102172 0.166382 0.002533 0.704547
4 4 0.020645 0.079479 0.122427 0.001391 0.776057
4 4 0.020341 0.068091 0.080518 0.000639 0.830411
4 4 0.023586 0.060737 0.049970 0.000356 0.865352
4 4 0.027548 0.045822 0.019883 0.000102 0.906645
4 4 0.137896 0.049603 0.004540 0.000135 0.807826
4 4 0.123857 0.054656 0.006528 0.000197 0.814763
4 4 0.108991 0.062098 0.011846 0.000241 0.816824
4 4 0.127942 0.069536 0.016041 0.000270 0.786212
4 4 0.084516 0.055694 0.011386 0.000156 0.848248
4 4 0.059691 0.044302 0.007982 0.000081 0.887944
4 4 0.031804 0.049371 0.020755 0.000136 0.897934
4 4 0.028872 0.056142 0.032432 0.000239 0.882315
4 4 0.029045 0.053151 0.027843 0.000189 0.889773
4 4 0.035043 0.053513 0.023155 0.000187 0.888102
4 4 0.039389 0.051743 0.018683 0.000159 0.890025
4 4 0.047663 0.045330 0.010753 0.000090 0.896164
4 4 0.062096 0.040768 0.006156 0.000057 0.890923
4 4 0.036309 0.042862 0.012397 0.000074 0.908359
4 4 0.034992 0.035053 0.007604 0.000033 0.922318
4 4 0.034657 0.034047 0.007117 0.000029 0.924149
4 4 0.056223 0.036054 0.004953 0.000035 0.902735
4 4 0.037652 0.045195 0.013712 0.000091 0.903349
4 4 0.032389 0.046769 0.017635 0.000108 0.903100
4 4 0.040482 0.048993 0.015704 0.000126 0.894695
4 4 0.042406 0.050935 0.016561 0.000148 0.889950
4 4 0.051458 0.046183 0.010414 0.000096 0.891849
4 4 0.040680 0.057768 0.024179 0.000253 0.877120
4 4 0.055527 0.064837 0.023590 0.000396 0.855649
4 4 0.067781 0.069263 0.022780 0.000516 0.839660
4 4 0.083690 0.054162 0.009519 0.000183 0.852446
4 4 0.090785 0.044593 0.005247 0.000083 0.859292
4 4 0.041026 0.039126 0.008564 0.000050 0.911234
4 4 0.023749 0.035861 0.012224 0.000038 0.928128
4 4 0.022796 0.037536 0.014405 0.000046 0.925217
4 4 0.020779 0.040714 0.019724 0.000066 0.918717
4 4 0.024766 0.043089 0.018955 0.000081 0.913109
4 4 0.027007 0.048331 0.023394 0.000128 0.901140
4 4 0.034697 0.050156 0.019707 0.000143 0.895297
4 4 0.041891 0.055733 0.021300 0.000216 0.880861
4 4 0.056005 0.062191 0.020920 0.000331 0.860553
4 4 0.058633 0.056656 0.015560 0.000223 0.868929
4 4 0.078266 0.086760 0.044459 0.000377 0.790138
4 4 0.023352 0.061026 0.057126 0.000273 0.858222
4 4 0.018137 0.063698 0.080280 0.000437 0.837448
4 4 0.025822 0.076349 0.084641 0.001006 0.812182
4 4 0.028197 0.081848 0.093132 0.001368 0.795455
4 4 0.030104 0.078961 0.078262 0.001113 0.811560
4 4 0.032696 0.085234 0.077925 0.001086 0.803060
4 4 0.023413 0.095676 0.122455 0.001093 0.757363
4 4 0.024791 0.076748 0.089914 0.001052 0.807495
4 4 0.035856 0.062875 0.034737 0.000372 0.866160
4 4 0.032598 0.059927 0.033858 0.000308 0.873309
4 4 0.028391 0.061418 0.042033 0.000355 0.867803
4 4 0.025026 0.076508 0.082906 0.000860 0.814701
4 4 0.022891 0.076740 0.088795 0.000807 0.810768
4 4 0.024854 0.096209 0.113470 0.001014 0.764453
4 4 0.021685 0.151781 0.210836 0.001101 0.614596
4 4 0.013923 0.159198 0.332809 0.001270 0.492801
4 4 0.017327 0.161625 0.287058 0.001342 0.532648
4 4 0.020642 0.135342 0.194889 0.001060 0.648067
4 4 0.017899 0.067210 0.089713 0.000636 0.824542
4 4 0.016370 0.058300 0.066987 0.000335 0.858007
4 4 0.014454 0.055545 0.067430 0.000281 0.862290
4 4 0.016177 0.062870 0.083553 0.000481 0.836919
4 4 0.021543 0.104054 0.166898 0.001693 0.705811
4 4 0.010334 0.121083 0.361456 0.001686 0.505441
4 4 0.010384 0.113516 0.323184 0.001394 0.551523
4 4 0.008501 0.116552 0.401523 0.001617 0.471808
4 4 0.008724 0.122645 0.416986 0.001728 0.449918
2 2 0.008035 0.124455 0.445643 0.001710 0.420157
4 2 0.012134 0.130291 0.347653 0.001845 0.508077
4 2 0.019937 0.095701 0.168154 0.001426 0.714783
4 2 0.022246 0.107597 0.221072 0.002218 0.646868
4 2 0.018025 0.116547 0.281394 0.002912 0.581121
4 2 0.013349 0.111882 0.332313 0.003308 0.539147
2 2 0.010738 0.123731 0.436370 0.003670 0.425490
2 2 0.004938 0.091912 0.544288 0.002452 0.356409
2 2 0.005189 0.094679 0.603964 0.001750 0.294417
4 2 0.010090 0.101634 0.392281 0.001743 0.494253
4 2 0.010655 0.106468 0.366947 0.001822 0.514108
4 2 0.013409 0.111992 0.304678 0.002456 0.567465
4 2 0.012535 0.112395 0.311082 0.002153 0.561835
4 2 0.011383 0.097085 0.316570 0.002762 0.572200
4 2 0.008710 0.083289 0.335096 0.002566 0.570339
2 2 0.006830 0.102220 0.667128 0.001163 0.222658
2 2 0.004882 0.094059 0.634183 0.001721 0.265155
2 2 0.003878 0.079849 0.594627 0.002744 0.318902
2 2 0.003381 0.069018 0.651193 0.004097 0.272312
2 2 0.002707 0.059652 0.719714 0.005231 0.212696
2 2 0.001650 0.046223 0.813424 0.006189 0.132514
2 2 0.002851 0.059917 0.712542 0.005434 0.219256
2 2 0.001766 0.044500 0.827317 0.006208 0.120210
2 2 0.001685 0.038109 0.836913 0.011660 0.111632
2 2 0.001174 0.029030 0.872291 0.011215 0.086290
2 2 0.001057 0.023213 0.889058 0.019532 0.067140
2 2 0.001531 0.027809 0.855047 0.021991 0.093622
2 2 0.001370 0.023993 0.871936 0.028812 0.073890
2 2 0.001861 0.032421 0.841333 0.021268 0.103118
2 2 0.003678 0.052080 0.734410 0.014027 0.195805
2 2 0.003464 0.058008 0.729829 0.009084 0.199615
2 2 0.005636 0.078444 0.627998 0.007352 0.280570
2 2 0.003788 0.066167 0.731208 0.009149 0.189688
2 2 0.007672 0.089701 0.684225 0.011769 0.206633
2 2 0.032274 0.130246 0.519213 0.012209 0.306058
2 2 0.009199 0.091502 0.475476 0.003713 0.420109
2 2 0.010626 0.103999 0.564209 0.003393 0.317773
2 2 0.010342 0.109285 0.467150 0.002536 0.410687
2 2 0.009482 0.116467 0.484097 0.002498 0.387456
2 2 0.006992 0.112826 0.523283 0.003128 0.353772
4 2 0.009623 0.110691 0.435051 0.003722 0.440913
2 2 0.010551 0.100991 0.536151 0.008026 0.344281
2 2 0.013491 0.093712 0.605954 0.012860 0.273983
2 2 0.014830 0.097586 0.647188 0.013865 0.226531
2 2 0.013581 0.104519 0.679385 0.007959 0.194556
2 2 0.009114 0.097667 0.675442 0.006586 0.211191
2 2 0.003991 0.072567 0.782325 0.006701 0.134417
2 2 0.002444 0.056527 0.812002 0.008715 0.120311
2 2 0.002179 0.048206 0.837363 0.013077 0.099175
2 2 0.002213 0.046775 0.848182 0.016096 0.086734
2 2 0.002676 0.054098 0.836958 0.016884 0.089384
2 2 0.003408 0.065043 0.801273 0.014927 0.115349
2 2 0.004533 0.078839 0.739541 0.011812 0.165275
2 2 0.002002 0.045013 0.859152 0.015402 0.078431
2 2 0.001940 0.040176 0.855809 0.017471 0.084604
2 2 0.003843 0.029250 0.751334 0.159934 0.055639
2 2 0.004274 0.029733 0.712209 0.211476 0.042309
2 2 0.005487 0.027823 0.673064 0.266659 0.026967
2 2 0.004475 0.023282 0.614213 0.329641 0.028389
2 2 0.003942 0.017231 0.506872 0.451000 0.020954
2 2 0.005294 0.023276 0.549545 0.381635 0.040250
2 2 0.004050 0.018220 0.534544 0.411825 0.031360
2 2 0.003558 0.015010 0.482401 0.474924 0.024107
3 2 0.003638 0.014935 0.469985 0.487767 0.023675
3 3 0.003127 0.012725 0.445570 0.519113 0.019466
2 3 0.005942 0.021846 0.485266 0.449861 0.037085
2 3 0.004054 0.018612 0.549418 0.395139 0.032778
2 3 0.003372 0.016054 0.543572 0.409383 0.027618
2 3 0.004530 0.020504 0.564190 0.373222 0.037555
3 3 0.004599 0.017820 0.468378 0.480604 0.028599
2 3 0.009169 0.029698 0.485007 0.422635 0.053492
2 3 0.010835 0.035806 0.522912 0.360030 0.070417
3 3 0.006872 0.022491 0.454012 0.478785 0.037840
2 3 0.005178 0.019759 0.497197 0.443786 0.034080
2 3 0.002404 0.012214 0.536748 0.428185 0.020448
3 3 0.003483 0.010394 0.302302 0.670304 0.013517
3 3 0.002903 0.007915 0.246546 0.733145 0.009491
3 3 0.002836 0.008624 0.288776 0.688836 0.010929
3 3 0.004069 0.013841 0.383051 0.579067 0.019973
3 3 0.003068 0.010881 0.370192 0.600593 0.015265
3 3 0.004218 0.013781 0.366970 0.595481 0.019550
3 3 0.003590 0.011242 0.327662 0.642402 0.015104
3 3 0.003250 0.009715 0.295675 0.678868 0.012492
3 3 0.004367 0.013297 0.336570 0.627542 0.018223
3 3 0.005657 0.015629 0.328247 0.628700 0.021767
3 3 0.005558 0.015896 0.342101 0.613964 0.022481
2 3 0.018586 0.046909 0.454958 0.388019 0.091528
2 3 0.023289 0.067650 0.526082 0.213255 0.169724
2 3 0.020645 0.069171 0.559596 0.159889 0.190699
2 3 0.012290 0.053307 0.638851 0.146198 0.149353
2 3 0.021538 0.072628 0.556498 0.133746 0.215590
2 3 0.039571 0.102684 0.416746 0.080525 0.360474
2 2 0.040444 0.094960 0.461403 0.145153 0.258041
2 2 0.019946 0.056519 0.494268 0.311652 0.117614
2 2 0.009845 0.034274 0.498608 0.397228 0.060045
2 2 0.005043 0.041949 0.766313 0.079072 0.107624
2 2 0.006881 0.047320 0.720456 0.088762 0.136580
2 2 0.011721 0.075556 0.538671 0.023566 0.350487
4 2 0.025153 0.103636 0.353338 0.014399 0.503475
4 2 0.045147 0.136039 0.296228 0.005336 0.517250
4 2 0.049025 0.184213 0.315682 0.007230 0.443849
2 1 0.048180 0.238759 0.394934 0.007132 0.310995
4 2 0.073529 0.277159 0.286382 0.004702 0.358227
4 2 0.095131 0.262615 0.195625 0.003665 0.442963
4 2 0.028964 0.172706 0.239436 0.002605 0.556290
4 4 0.020529 0.113685 0.207072 0.002194 0.656520
4 4 0.027089 0.099488 0.134690 0.001955 0.736778
4 4 0.034293 0.076795 0.062718 0.000930 0.825265
4 4 0.026568 0.076847 0.083472 0.001026 0.812087
4 4 0.024199 0.074981 0.086575 0.000947 0.813297
4 4 0.025261 0.073301 0.077459 0.000833 0.823146
4 4 0.034094 0.074879 0.058895 0.000828 0.831304
4 4 0.033169 0.083863 0.079783 0.001279 0.801907
4 4 0.032039 0.124763 0.125857 0.001251 0.716090
4 4 0.029626 0.095032 0.085604 0.000757 0.788980
4 4 0.086112 0.072762 0.020221 0.000633 0.820272
4 4 0.089956 0.180515 0.090345 0.001548 0.637636
4 4 0.091212 0.269676 0.201694 0.002233 0.435185
4 4 0.026711 0.202370 0.308872 0.003147 0.458900
4 4 0.024635 0.187066 0.324655 0.003747 0.459897
4 4 0.024792 0.141297 0.256766 0.003878 0.573266
4 4 0.026061 0.105687 0.166979 0.002789 0.698484
4 4 0.030020 0.075918 0.070408 0.000922 0.822733
4 4 0.034262 0.062561 0.036002 0.000368 0.866806
4 4 0.037712 0.059148 0.027933 0.000283 0.874925
4 4 0.045963 0.056366 0.019878 0.000224 0.877569
4 4 0.062479 0.059479 0.016694 0.000266 0.861082
4 4 0.165768 0.079602 0.016810 0.000588 0.737233
4 4 0.160579 0.081497 0.019236 0.000586 0.738102
4 4 0.088342 0.076816 0.023394 0.000751 0.810697
4 4 0.159203 0.070499 0.012271 0.000370 0.757657
4 4 0.115217 0.071811 0.016380 0.000455 0.796137
4 4 0.142214 0.068555 0.012880 0.000310 0.776041
4 4 0.141644 0.054253 0.006781 0.000124 0.797198
4 4 0.123097 0.057002 0.010100 0.000109 0.809691
4 1 0.081880 0.142368 0.128966 0.002390 0.644396
4 2 0.023596 0.075575 0.091066 0.000997 0.808766
4 4 0.026809 0.060638 0.043232 0.000341 0.868980
4 4 0.029275 0.052545 0.026776 0.000179 0.891224
4 4 0.029601 0.056649 0.032335 0.000247 0.881167
4 4 0.033642 0.070268 0.050256 0.000620 0.845213
4 4 0.033707 0.069761 0.049171 0.000600 0.846761
4 4 0.036547 0.065163 0.037454 0.000434 0.860403
4 4 0.041471 0.044479 0.011860 0.000085 0.902104
4 4 0.024354 0.042611 0.018741 0.000077 0.914218
4 4 0.027469 0.036976 0.011332 0.000042 0.924181
4 4 0.062019 0.047436 0.009178 0.000106 0.881262
4 4 0.079609 0.043966 0.005791 0.000078 0.870557
4 4 0.126782 0.052462 0.005724 0.000167 0.814866
4 4 0.273300 0.080537 0.013892 0.000467 0.631803
4 4 0.126707 0.086525 0.025798 0.000922 0.760049
4 4 0.243143 0.090992 0.020664 0.000794 0.644407
4 4 0.392875 0.076404 0.011672 0.000323 0.518726
0 4 0.431607 0.104920 0.039220 0.000728 0.423525
4 4 0.099301 0.078741 0.032558 0.000346 0.789053
4 4 0.081276 0.050797 0.008286 0.000140 0.859501
4 4 0.116002 0.048031 0.004964 0.000115 0.830889
4 4 0.097247 0.061185 0.011250 0.000305 0.830013
4 4 0.103566 0.051018 0.006529 0.000145 0.838743
4 4 0.135369 0.058050 0.006999 0.000257 0.799324
4 4 0.150649 0.046606 0.003531 0.000107 0.799107
4 4 0.118853 0.054177 0.006649 0.000189 0.820133
4 4 0.055259 0.056013 0.016074 0.000213 0.872442
4 4 0.057728 0.061506 0.019670 0.000315 0.860780
4 4 0.068637 0.050231 0.009595 0.000134 0.871404
4 4 0.053786 0.052036 0.013613 0.000157 0.880408
4 4 0.043618 0.042904 0.010223 0.000073 0.903183
4 4 0.045071 0.049559 0.014436 0.000131 0.890803
4 4 0.054892 0.047267 0.010339 0.000106 0.887396
4 4 0.065467 0.053583 0.011955 0.000175 0.868820
4 4 0.042638 0.053202 0.018477 0.000177 0.885506
4 4 0.066574 0.046825 0.008234 0.000101 0.878266
4 4 0.063648 0.044603 0.007596 0.000083 0.884070
4 4 0.068008 0.046911 0.008092 0.000101 0.876888
4 4 0.081536 0.051099 0.008388 0.000144 0.858833
4 4 0.062686 0.072867 0.028341 0.000647 0.835458
4 4 0.072330 0.077900 0.029146 0.000857 0.819767
4 4 0.048715 0.113368 0.074907 0.001220 0.761790
4 4 0.051660 0.093685 0.051129 0.000881 0.802645
4 4 0.055097 0.069383 0.028510 0.000531 0.846479
4 4 0.039716 0.068714 0.039487 0.000539 0.851544
4 4 0.060104 0.077149 0.034560 0.000837 0.827350
4 4 0.055581 0.078922 0.039957 0.000937 0.824603
4 4 0.080330 0.074877 0.023473 0.000717 0.820603
4 1 0.122518 0.083288 0.023854 0.000793 0.769548
4 1 0.124062 0.098994 0.039928 0.000967 0.736048
4 4 0.100622 0.131966 0.074609 0.000815 0.691987
4 4 0.023876 0.074802 0.077205 0.000657 0.823461
4 4 0.026876 0.070746 0.065555 0.000687 0.836137
4 4 0.020829 0.088894 0.145584 0.001676 0.743017
4 4 0.020627 0.092822 0.166046 0.002125 0.718381
