0 0 0.550975 0.178687 0.098021 0.028702 0.143615
0 0 0.757221 0.115233 0.059399 0.030786 0.037360
0 0 0.694480 0.115083 0.135473 0.030535 0.024429
0 0 0.801368 0.080344 0.061448 0.031375 0.025465
0 0 0.652549 0.157026 0.106737 0.037378 0.046311
0 0 0.610088 0.168528 0.124923 0.031121 0.065341
0 0 0.795635 0.086180 0.044435 0.035968 0.037783
0 0 0.498476 0.192694 0.106045 0.034442 0.168342
4 0 0.306706 0.225505 0.129120 0.024929 0.313741
4 0 0.132486 0.302888 0.178030 0.014003 0.372593
4 0 0.131067 0.311311 0.182671 0.013974 0.360978
4 0 0.113496 0.280371 0.167294 0.010862 0.427978
4 0 0.132413 0.299739 0.176988 0.011978 0.378882
4 0 0.112435 0.313314 0.186306 0.009281 0.378664
1 0 0.102414 0.367356 0.216825 0.007883 0.305522
1 0 0.104123 0.382980 0.224834 0.008074 0.279989
1 1 0.101185 0.382131 0.224875 0.007610 0.284198
1 1 0.094072 0.353474 0.210634 0.006690 0.335129
1 1 0.097350 0.345649 0.205834 0.007236 0.343931
1 1 0.104320 0.343171 0.203450 0.008369 0.340690
1 1 0.074055 0.337364 0.266204 0.004806 0.317571
1 1 0.068759 0.335783 0.330306 0.004746 0.260405
2 2 0.056108 0.315046 0.425933 0.004336 0.198578
2 2 0.043859 0.267832 0.482651 0.007048 0.198609
2 2 0.024769 0.201170 0.666844 0.010812 0.096406
2 2 0.015695 0.147259 0.749892 0.010208 0.076946
2 2 0.026686 0.184266 0.653661 0.005365 0.130023
2 2 0.049333 0.241377 0.502045 0.004362 0.202883
2 2 0.060801 0.267917 0.445099 0.005541 0.220642
2 1 0.074295 0.318801 0.326280 0.005764 0.274860
4 0 0.086122 0.313618 0.193094 0.005900 0.401266
4 1 0.082610 0.332933 0.201093 0.005237 0.378127
4 1 0.096819 0.313490 0.188019 0.007436 0.394235
1 1 0.097306 0.362865 0.215223 0.007115 0.317491
4 2 0.078813 0.335121 0.202968 0.004745 0.378353
1 2 0.082372 0.352565 0.212099 0.005096 0.347868
1 2 0.072612 0.348324 0.239680 0.004230 0.335153
1 2 0.070597 0.367228 0.266693 0.004070 0.291411
2 2 0.049283 0.331980 0.405775 0.002806 0.210156
2 2 0.042530 0.296591 0.463374 0.002530 0.194975
2 1 0.033774 0.206235 0.682295 0.004060 0.073636
2 1 0.044489 0.242599 0.549158 0.003881 0.159873
2 1 0.035287 0.228988 0.593983 0.006623 0.135118
2 2 0.022746 0.188097 0.655454 0.009306 0.124397
2 2 0.014255 0.152416 0.742438 0.010922 0.079969
2 2 0.012147 0.128021 0.773699 0.007611 0.078523
2 2 0.003991 0.062579 0.895550 0.005227 0.032653
2 2 0.001194 0.027386 0.954586 0.003571 0.013263
2 2 0.000226 0.008992 0.983844 0.003680 0.003258
2 2 0.000049 0.003118 0.991301 0.004793 0.000740
2 2 0.000099 0.004867 0.989080 0.004866 0.001088
2 2 0.000085 0.004686 0.986809 0.007728 0.000692
2 2 0.000378 0.012972 0.972245 0.012131 0.002274
2 2 0.000703 0.019891 0.955474 0.021038 0.002894
2 2 0.000724 0.021391 0.960098 0.014913 0.002874
2 2 0.000587 0.018525 0.964545 0.013858 0.002485
2 2 0.000308 0.011591 0.977435 0.009039 0.001627
2 2 0.000179 0.007953 0.981767 0.009165 0.000936
2 2 0.000207 0.008365 0.981939 0.008434 0.001055
2 2 0.000099 0.005134 0.983289 0.011015 0.000464
2 2 0.000201 0.009032 0.969500 0.020173 0.001094
2 2 0.000221 0.009258 0.939380 0.050273 0.000869
2 2 0.000194 0.008624 0.921087 0.069187 0.000908
2 2 0.000145 0.007916 0.894295 0.096833 0.000810
2 2 0.000223 0.010518 0.861783 0.126233 0.001242
2 3 0.000245 0.010917 0.812602 0.174677 0.001560
2 3 0.000261 0.011279 0.747805 0.238938 0.001716
2 3 0.000155 0.008736 0.804914 0.185092 0.001103
2 3 0.000133 0.007719 0.793951 0.197164 0.001033
2 3 0.000176 0.008348 0.700795 0.289095 0.001587
2 3 0.000182 0.007687 0.588124 0.402092 0.001915
3 3 0.000219 0.006335 0.435499 0.556277 0.001672
3 3 0.000165 0.005584 0.475709 0.517015 0.001527
3 3 0.000113 0.004437 0.485479 0.508895 0.001076
2 3 0.000056 0.003346 0.547614 0.448316 0.000667
3 3 0.000046 0.002832 0.488852 0.507767 0.000504
3 3 0.000186 0.005271 0.429403 0.564208 0.000932
3 3 0.000320 0.007249 0.372526 0.618409 0.001495
3 3 0.000123 0.003999 0.286543 0.708477 0.000858
3 3 0.000090 0.003326 0.243537 0.752149 0.000898
3 3 0.000387 0.005642 0.183579 0.808550 0.001842
3 3 0.000696 0.005778 0.122556 0.868772 0.002198
3 3 0.000326 0.002695 0.068064 0.927801 0.001114
3 3 0.000256 0.002450 0.075407 0.920989 0.000898
3 3 0.000191 0.002126 0.070968 0.925891 0.000824
3 3 0.000370 0.003155 0.085804 0.909528 0.001143
3 3 0.000291 0.003684 0.121565 0.873283 0.001176
3 3 0.000448 0.004099 0.105321 0.888496 0.001636
3 3 0.000822 0.005479 0.113880 0.877741 0.002078
3 3 0.000627 0.004658 0.130640 0.862423 0.001652
3 3 0.000794 0.004958 0.116925 0.875116 0.002207
3 3 0.000408 0.003309 0.096796 0.898000 0.001487
3 3 0.000277 0.002428 0.071087 0.925173 0.001035
3 3 0.000259 0.002387 0.064124 0.932191 0.001039
3 3 0.000181 0.002082 0.054476 0.942325 0.000935
3 3 0.000218 0.002565 0.054955 0.941015 0.001246
3 3 0.000203 0.002932 0.058583 0.936716 0.001566
3 3 0.000204 0.003917 0.103156 0.890380 0.002343
3 3 0.000598 0.010124 0.233168 0.750170 0.005939
2 2 0.001443 0.025179 0.630607 0.333888 0.008882
2 2 0.002898 0.046630 0.900137 0.023956 0.026379
2 2 0.008230 0.085204 0.824042 0.009350 0.073174
2 2 0.010604 0.102739 0.722496 0.004363 0.159798
2 2 0.022678 0.159191 0.460131 0.003267 0.354733
2 2 0.029942 0.197906 0.387215 0.002445 0.382491
4 2 0.038350 0.221260 0.279002 0.001874 0.459514
4 2 0.034346 0.199976 0.246910 0.001556 0.517211
4 2 0.029509 0.174877 0.277769 0.001388 0.516458
4 2 0.030227 0.166106 0.252001 0.001463 0.550203
4 2 0.030875 0.182287 0.262240 0.001417 0.523181
4 2 0.043504 0.229281 0.338121 0.002610 0.386484
4 2 0.040318 0.201921 0.360569 0.002623 0.394569
2 1 0.034168 0.204814 0.425822 0.002057 0.333139
2 1 0.030549 0.212470 0.490789 0.001767 0.264425
4 2 0.055174 0.291795 0.324625 0.003331 0.325076
2 2 0.056331 0.331777 0.463490 0.004270 0.144132
2 2 0.032396 0.259649 0.562037 0.003738 0.142181
2 2 0.007806 0.119932 0.820260 0.008756 0.043246
2 2 0.002483 0.062459 0.903612 0.013776 0.017669
2 2 0.001791 0.049473 0.918872 0.016812 0.013052
2 2 0.000448 0.016139 0.970036 0.005189 0.008188
2 2 0.000241 0.011074 0.975062 0.010621 0.003001
2 2 0.000996 0.025706 0.953675 0.009853 0.009771
2 2 0.000193 0.009505 0.975059 0.013669 0.001575
2 2 0.000170 0.008767 0.979633 0.009566 0.001863
2 2 0.000141 0.007610 0.983010 0.007643 0.001596
2 2 0.000246 0.009715 0.977426 0.009532 0.003080
2 2 0.000283 0.011054 0.977791 0.006194 0.004678
2 2 0.000185 0.008399 0.981199 0.007519 0.002697
2 2 0.000371 0.012739 0.975244 0.005643 0.006004
2 2 0.000333 0.011456 0.976601 0.006324 0.005287
2 2 0.000407 0.013971 0.970826 0.006980 0.007817
2 2 0.000634 0.020059 0.960176 0.005612 0.013519
2 2 0.000786 0.024837 0.952714 0.006444 0.015219
2 2 0.001203 0.033407 0.933210 0.006978 0.025203
2 2 0.000672 0.023924 0.949893 0.009418 0.016093
2 2 0.000588 0.021354 0.954099 0.012026 0.011932
2 2 0.000455 0.017978 0.954086 0.020499 0.006983
2 2 0.000296 0.013842 0.962055 0.019761 0.004046
2 2 0.000274 0.012922 0.968607 0.015334 0.002863
2 2 0.000128 0.007028 0.941734 0.049739 0.001371
2 2 0.000127 0.006654 0.920147 0.072199 0.000872
2 2 0.000374 0.012848 0.917134 0.067933 0.001711
2 2 0.000451 0.014502 0.916219 0.066814 0.002014
2 2 0.000402 0.014350 0.921892 0.061368 0.001989
2 2 0.000357 0.013381 0.948145 0.035882 0.002235
2 2 0.000141 0.006971 0.965602 0.026381 0.000905
2 2 0.000161 0.007426 0.965817 0.025532 0.001065
2 2 0.000063 0.004381 0.966710 0.028317 0.000529
2 2 0.000084 0.004944 0.940893 0.053557 0.000522
2 3 0.000102 0.005869 0.910721 0.082696 0.000612
2 3 0.000108 0.006629 0.893058 0.099543 0.000662
2 3 0.000105 0.006561 0.847152 0.145418 0.000763
2 3 0.000132 0.007297 0.748339 0.243067 0.001164
2 3 0.000268 0.010696 0.775362 0.211781 0.001894
2 3 0.000604 0.015269 0.684000 0.295777 0.004350
2 3 0.002054 0.028029 0.697063 0.262864 0.009990
2 3 0.002723 0.028513 0.578911 0.378732 0.011121
2 3 0.001919 0.022531 0.532526 0.433540 0.009484
3 3 0.003760 0.023988 0.401116 0.556447 0.014689
3 3 0.000709 0.009789 0.342853 0.643466 0.003183
3 3 0.000787 0.006630 0.193605 0.795895 0.003084
3 3 0.000489 0.005742 0.176907 0.814553 0.002309
3 3 0.000667 0.008514 0.225615 0.761841 0.003364
3 3 0.000690 0.008605 0.209029 0.778113 0.003562
3 3 0.000462 0.005673 0.141863 0.848687 0.003314
3 3 0.000465 0.007379 0.182958 0.804243 0.004955
3 3 0.000525 0.008483 0.176272 0.808683 0.006037
3 3 0.001128 0.011821 0.154018 0.824499 0.008535
3 3 0.001470 0.014002 0.127916 0.845943 0.010668
3 3 0.001914 0.017906 0.141191 0.824295 0.014694
3 3 0.001644 0.017904 0.169193 0.796213 0.015045
3 3 0.008024 0.043120 0.241003 0.671208 0.036645
3 3 0.002701 0.028298 0.301201 0.650301 0.017498
3 3 0.002385 0.023081 0.292671 0.666035 0.015828
3 3 0.001143 0.011733 0.248503 0.730543 0.008078
3 3 0.001554 0.011498 0.269738 0.710053 0.007156
3 3 0.002846 0.014777 0.204578 0.768476 0.009323
3 3 0.001751 0.008151 0.125603 0.860273 0.004222
3 3 0.004047 0.012735 0.086684 0.889279 0.007256
3 3 0.038182 0.064993 0.158431 0.682492 0.055901
3 3 0.041080 0.057399 0.146632 0.711234 0.043655
3 3 0.044886 0.060844 0.164084 0.683617 0.046569
3 3 0.034108 0.052899 0.177570 0.696074 0.039348
3 3 0.035161 0.045898 0.138152 0.749219 0.031570
3 3 0.025210 0.038482 0.159016 0.751862 0.025430
3 3 0.014311 0.030299 0.151454 0.783880 0.020056
3 3 0.013358 0.034878 0.140539 0.785288 0.025937
3 3 0.021235 0.039940 0.122588 0.787202 0.029035
3 3 0.011053 0.031165 0.113676 0.820920 0.023186
3 3 0.029795 0.054215 0.146727 0.724826 0.044437
3 3 0.046985 0.063571 0.150858 0.687561 0.051024
3 3 0.051944 0.088882 0.194804 0.571115 0.093254
3 3 0.055270 0.098508 0.214929 0.514806 0.116487
3 3 0.040527 0.072724 0.211537 0.600444 0.074768
3 3 0.080971 0.086880 0.181100 0.569777 0.081271
3 3 0.029064 0.046036 0.139989 0.751594 0.033318
3 3 0.021557 0.043908 0.130300 0.770637 0.033599
3 3 0.008562 0.026231 0.104618 0.841698 0.018892
3 3 0.007237 0.027097 0.109561 0.835360 0.020744
2 3 0.002331 0.032318 0.658881 0.278367 0.028103
2 3 0.004884 0.055741 0.719987 0.172427 0.046960
2 3 0.003274 0.053446 0.851736 0.055497 0.036047
2 2 0.003359 0.060337 0.879928 0.018464 0.037911
2 2 0.005471 0.079301 0.838727 0.013231 0.063270
2 2 0.001205 0.029716 0.946001 0.011540 0.011538
2 2 0.000962 0.022217 0.957590 0.012273 0.006958
2 2 0.001906 0.025905 0.957026 0.007454 0.007710
2 2 0.007060 0.051353 0.918330 0.008862 0.014395
2 0 0.031019 0.154832 0.735772 0.010553 0.067824
2 0 0.054078 0.217542 0.622955 0.013165 0.092261
2 1 0.143491 0.341037 0.353170 0.022545 0.139756
1 1 0.142974 0.406736 0.256397 0.016983 0.176911
1 1 0.173847 0.370279 0.270860 0.020784 0.164230
0 0 0.392355 0.275806 0.220207 0.031456 0.080176
0 0 0.523328 0.203627 0.201088 0.032512 0.039446
0 0 0.578562 0.176251 0.173139 0.037482 0.034566
0 0 0.696591 0.102955 0.115461 0.064770 0.020224
0 0 0.701287 0.101431 0.108021 0.068498 0.020763
0 0 0.808015 0.076422 0.047505 0.046995 0.021063
0 0 0.830793 0.050704 0.059516 0.046271 0.012716
0 0 0.824879 0.073744 0.059427 0.025309 0.016640
0 0 0.716787 0.131736 0.072644 0.036139 0.042694
0 0 0.710399 0.121622 0.063598 0.043823 0.060558
0 0 0.728528 0.102827 0.054026 0.047639 0.066979
0 0 0.700673 0.096621 0.051420 0.057301 0.093985
0 0 0.631787 0.111513 0.061321 0.038225 0.157154
0 0 0.418681 0.135281 0.078509 0.020102 0.347427
0 0 0.547043 0.117437 0.066875 0.021918 0.246727
0 0 0.679323 0.096321 0.053130 0.028918 0.142308
0 0 0.743816 0.081914 0.048037 0.040056 0.086178
0 0 0.823704 0.061059 0.031722 0.040477 0.043038
0 0 0.735033 0.101690 0.053376 0.045727 0.064174
0 0 0.662885 0.102993 0.056508 0.035337 0.142276
0 0 0.570877 0.122282 0.068322 0.032906 0.205613
0 0 0.647586 0.105027 0.058041 0.031810 0.157536
0 0 0.483512 0.133626 0.076161 0.026682 0.280019
0 0 0.458006 0.153494 0.086808 0.032512 0.269179
0 0 0.418697 0.195342 0.109952 0.030100 0.245909
0 0 0.412222 0.202999 0.114287 0.028453 0.242039
4 0 0.119024 0.318719 0.188112 0.011318 0.362827
1 1 0.127004 0.355100 0.206768 0.012484 0.298644
1 1 0.125448 0.361470 0.210337 0.012103 0.290642
1 1 0.213991 0.324193 0.184779 0.019421 0.257617
0 1 0.436428 0.222989 0.138217 0.026351 0.176015
0 0 0.450672 0.158280 0.220267 0.017284 0.153497
2 0 0.316955 0.182759 0.372831 0.015478 0.111976
2 0 0.142183 0.238070 0.388530 0.011168 0.220049
4 0 0.163179 0.232170 0.215499 0.012050 0.377102
4 0 0.247851 0.255550 0.147836 0.018215 0.330548
1 0 0.204905 0.357390 0.217464 0.021836 0.198405
4 0 0.253045 0.253120 0.210120 0.028595 0.255121
4 0 0.228458 0.190806 0.159206 0.037506 0.384025
4 0 0.242023 0.175266 0.139166 0.059422 0.384122
4 0 0.207725 0.180276 0.166421 0.115175 0.330403
4 0 0.301936 0.172318 0.128701 0.070497 0.326548
0 0 0.396397 0.159167 0.102942 0.047074 0.294420
0 0 0.511338 0.136333 0.105355 0.045702 0.201271
0 0 0.609251 0.116205 0.064232 0.037001 0.173311
0 0 0.367939 0.209017 0.216821 0.030081 0.176143
4 0 0.097496 0.245592 0.148943 0.008516 0.499452
4 1 0.353465 0.153528 0.089690 0.018617 0.384699
0 1 0.566196 0.134106 0.127085 0.019908 0.152706
0 0 0.623286 0.140112 0.153641 0.023148 0.059813
0 0 0.573665 0.173095 0.167599 0.030614 0.055028
0 0 0.668827 0.145188 0.107453 0.036576 0.041957
0 0 0.866024 0.047205 0.037991 0.035546 0.013234
0 0 0.900813 0.036152 0.034215 0.020644 0.008176
0 0 0.813967 0.079246 0.040679 0.033533 0.032575
0 0 0.653353 0.150444 0.079050 0.045681 0.071472
0 0 0.657649 0.158928 0.082937 0.040985 0.059502
0 0 0.892214 0.035826 0.018318 0.030423 0.023219
0 0 0.832287 0.055703 0.029009 0.039384 0.043617
0 0 0.658225 0.104926 0.072019 0.037561 0.127269
0 0 0.787252 0.068900 0.046587 0.037139 0.060123
0 0 0.590065 0.149241 0.123905 0.030113 0.106677
0 0 0.503926 0.153441 0.086694 0.024082 0.231857
0 0 0.339453 0.227105 0.150355 0.021859 0.261228
0 0 0.343649 0.252917 0.142511 0.024913 0.236009
4 0 0.245911 0.235879 0.137476 0.016876 0.363859
4 1 0.079708 0.274638 0.168054 0.005320 0.472281
4 1 0.085163 0.278128 0.169349 0.006050 0.461311
4 0 0.083725 0.318830 0.192943 0.005480 0.399022
4 1 0.072115 0.308841 0.189113 0.004100 0.425830
4 1 0.061296 0.282278 0.175454 0.003079 0.477893
4 1 0.065109 0.285767 0.176844 0.003458 0.468822
4 1 0.067518 0.318572 0.245321 0.003976 0.364613
4 1 0.062952 0.314781 0.302358 0.003923 0.315987
2 1 0.042191 0.261379 0.453279 0.003060 0.240092
2 1 0.034216 0.231555 0.500475 0.002916 0.230838
2 1 0.047154 0.250462 0.373704 0.003023 0.325657
4 1 0.053839 0.274071 0.299600 0.003189 0.369301
2 1 0.052125 0.305461 0.334883 0.002907 0.304624
2 1 0.051177 0.292391 0.419200 0.003425 0.233807
2 0 0.041672 0.241135 0.485341 0.002972 0.228880
2 1 0.037022 0.216531 0.588949 0.003147 0.154351
2 1 0.042526 0.260405 0.540577 0.003296 0.153197
1 1 0.088574 0.382862 0.317437 0.007198 0.203929
1 1 0.096051 0.448292 0.312686 0.007913 0.135057
1 0 0.096450 0.372120 0.314034 0.008730 0.208667
4 0 0.275537 0.221227 0.173500 0.020267 0.309469
4 1 0.259478 0.229066 0.179693 0.023065 0.308697
0 0 0.397263 0.211847 0.132260 0.039916 0.218714
0 0 0.321590 0.265917 0.148872 0.031713 0.231908
1 0 0.117848 0.332346 0.212844 0.011406 0.325556
1 0 0.080874 0.347258 0.280862 0.005834 0.285172
1 1 0.074090 0.344065 0.287325 0.004961 0.289559
2 1 0.064604 0.303455 0.337805 0.004587 0.289548
2 1 0.054512 0.250581 0.347050 0.004986 0.342871
2 1 0.041786 0.220803 0.395335 0.006518 0.335558
2 1 0.033727 0.213504 0.468414 0.005616 0.278740
4 0 0.045214 0.220793 0.306070 0.007123 0.420800
4 1 0.040864 0.214027 0.359756 0.008136 0.377217
4 1 0.051369 0.192079 0.249000 0.005656 0.501896
2 0 0.027005 0.150148 0.500358 0.005198 0.317291
2 0 0.025750 0.123919 0.530284 0.003694 0.316353
2 1 0.030448 0.166469 0.503100 0.002246 0.297738
4 1 0.046822 0.226068 0.345843 0.003117 0.378150
4 1 0.073519 0.275331 0.178013 0.004614 0.468523
4 0 0.098111 0.284772 0.239369 0.009441 0.368308
4 1 0.090171 0.299366 0.180913 0.006561 0.422990
1 1 0.136830 0.353020 0.205549 0.011681 0.292920
1 1 0.144367 0.357917 0.207434 0.012423 0.277859
1 1 0.117872 0.378819 0.228253 0.009551 0.265505
1 1 0.149054 0.350434 0.260883 0.011661 0.227968
1 0 0.141443 0.321060 0.291020 0.011188 0.235288
1 0 0.127008 0.360876 0.279341 0.009932 0.222842
1 0 0.099447 0.373881 0.282751 0.008608 0.235314
1 1 0.111358 0.435683 0.260935 0.009496 0.182528
2 1 0.067726 0.368577 0.384607 0.004892 0.174198
2 1 0.044876 0.279602 0.525428 0.005094 0.145000
2 2 0.022858 0.193564 0.649118 0.006559 0.127901
2 2 0.017671 0.170881 0.693143 0.005451 0.112854
2 2 0.006437 0.101764 0.824676 0.005504 0.061620
2 2 0.002988 0.060833 0.900401 0.006208 0.029570
2 2 0.001957 0.040562 0.928196 0.005663 0.023622
2 2 0.001498 0.033384 0.939763 0.003533 0.021822
2 2 0.001273 0.031240 0.946723 0.004421 0.016343
2 2 0.002802 0.054648 0.897321 0.006979 0.038249
2 2 0.008230 0.109040 0.783042 0.006696 0.092992
4 4 0.052475 0.211389 0.134945 0.002653 0.598538
4 4 0.065015 0.181244 0.113779 0.004478 0.635483
4 4 0.068272 0.161791 0.107267 0.005435 0.657236
4 4 0.049371 0.140236 0.132624 0.008774 0.668994
4 4 0.047443 0.140997 0.147472 0.007507 0.656581
4 4 0.052599 0.109800 0.075561 0.005703 0.756337
4 4 0.057079 0.109170 0.069554 0.004812 0.759384
4 4 0.049674 0.123748 0.081161 0.003370 0.742046
4 4 0.041968 0.128909 0.094381 0.002432 0.732311
4 4 0.048913 0.163488 0.104637 0.002695 0.680267
4 4 0.053581 0.194294 0.123255 0.002904 0.625966
4 4 0.054062 0.235626 0.169203 0.002791 0.538318
4 4 0.042815 0.192225 0.233693 0.002468 0.528799
4 1 0.038014 0.172769 0.305650 0.002471 0.481096
4 1 0.037787 0.182411 0.285189 0.002228 0.492384
4 4 0.053957 0.230603 0.232014 0.003292 0.480134
4 4 0.070262 0.280453 0.172862 0.004074 0.472350
4 4 0.060598 0.253091 0.158129 0.003188 0.524995
4 4 0.058691 0.218167 0.137228 0.003253 0.582661
4 4 0.052043 0.185669 0.118108 0.002817 0.641363
4 4 0.058059 0.182167 0.115151 0.003553 0.641070
4 4 0.057040 0.178239 0.112840 0.003476 0.648405
4 4 0.059365 0.184240 0.116275 0.003690 0.636430
4 4 0.069706 0.209516 0.130518 0.004717 0.585542
4 4 0.062518 0.208578 0.263493 0.005241 0.460169
4 4 0.040895 0.149566 0.374114 0.003720 0.431706
2 4 0.030638 0.144441 0.485635 0.003434 0.335851
2 1 0.024558 0.154095 0.451192 0.002647 0.367509
4 1 0.040442 0.186436 0.258131 0.002379 0.512612
4 1 0.050536 0.210339 0.182331 0.002816 0.553977
4 1 0.034498 0.116212 0.076270 0.001678 0.771343
4 1 0.034181 0.108015 0.070973 0.001731 0.785100
4 1 0.024769 0.068035 0.045664 0.001255 0.860277
4 1 0.058662 0.084924 0.055423 0.002171 0.798820
4 1 0.070575 0.088957 0.057675 0.002463 0.780329
4 4 0.079524 0.086148 0.055945 0.002198 0.776184
4 4 0.093664 0.087663 0.056704 0.002299 0.759671
4 4 0.090011 0.087231 0.056484 0.002267 0.764007
4 4 0.072461 0.086215 0.056050 0.002222 0.783051
4 4 0.047712 0.082255 0.053956 0.002020 0.814056
4 4 0.055687 0.182269 0.115510 0.003265 0.643269
4 4 0.064141 0.157199 0.099018 0.004772 0.674870
4 4 0.062752 0.144551 0.091286 0.004823 0.696588
4 4 0.055945 0.132218 0.084183 0.004060 0.723594
4 4 0.044575 0.155495 0.129345 0.003132 0.667453
4 4 0.044573 0.131105 0.084639 0.002586 0.737098
4 4 0.056186 0.147823 0.093960 0.003804 0.698227
4 4 0.058897 0.110430 0.070214 0.005086 0.755372
4 4 0.059286 0.111680 0.077067 0.005281 0.746686
4 4 0.046926 0.100554 0.087322 0.003888 0.761310
4 4 0.055952 0.101714 0.065249 0.003908 0.773177
4 4 0.064733 0.115768 0.073172 0.005885 0.740442
4 4 0.064631 0.116029 0.073321 0.005930 0.740089
4 4 0.048143 0.098988 0.063768 0.003655 0.785446
4 4 0.046433 0.097040 0.062657 0.003446 0.790424
4 4 0.046093 0.096648 0.062433 0.003405 0.791422
4 4 0.048409 0.099288 0.063939 0.003688 0.784676
4 4 0.063816 0.115252 0.072892 0.005807 0.742234
4 4 0.050591 0.107308 0.073843 0.005291 0.762968
4 4 0.045787 0.100502 0.068601 0.004229 0.780882
4 4 0.048932 0.099875 0.064272 0.003753 0.783169
4 4 0.053628 0.104412 0.066833 0.004282 0.770845
4 4 0.039702 0.088964 0.058013 0.002673 0.810648
4 4 0.036589 0.084982 0.055699 0.002343 0.820387
4 4 0.036566 0.084952 0.055681 0.002340 0.820461
4 4 0.040942 0.090503 0.058903 0.002809 0.806842
4 4 0.044762 0.095097 0.061546 0.003246 0.795349
4 4 0.046405 0.171557 0.159005 0.002742 0.620291
4 4 0.048587 0.138779 0.089069 0.002960 0.720605
4 4 0.046716 0.141372 0.090927 0.002702 0.718282
4 4 0.046164 0.139411 0.089746 0.002663 0.722016
4 4 0.041269 0.137007 0.088811 0.002151 0.730762
4 4 0.041515 0.134123 0.086933 0.002208 0.735220
4 4 0.048459 0.143295 0.091944 0.002883 0.713419
4 4 0.045725 0.146639 0.094390 0.002527 0.710720
4 4 0.047581 0.158838 0.101879 0.002598 0.689104
4 4 0.040160 0.106286 0.069181 0.002418 0.781955
4 4 0.037752 0.096200 0.062891 0.002288 0.800868
4 4 0.047465 0.141993 0.091234 0.002782 0.716526
4 1 0.049022 0.221511 0.237268 0.002846 0.489354
4 1 0.037160 0.236669 0.358463 0.002965 0.364742
2 1 0.030342 0.201171 0.462225 0.007509 0.298753
4 1 0.033816 0.185130 0.345820 0.005360 0.429874
4 1 0.043430 0.190355 0.234881 0.004087 0.527247
4 1 0.047002 0.154867 0.113776 0.002721 0.681634
4 1 0.050558 0.146418 0.093680 0.003095 0.706248
4 1 0.054020 0.168778 0.107315 0.003225 0.666662
4 2 0.052700 0.204054 0.151072 0.002911 0.589262
4 2 0.049430 0.163191 0.126848 0.002985 0.657547
4 2 0.039351 0.152785 0.183577 0.002873 0.621413
4 2 0.032507 0.142641 0.230837 0.003711 0.590303
4 2 0.034849 0.138318 0.193638 0.003625 0.629570
4 2 0.045488 0.162417 0.199224 0.003111 0.589760
4 2 0.058455 0.180093 0.159665 0.004185 0.597602
4 2 0.041637 0.193054 0.326574 0.002762 0.435973
2 2 0.033446 0.196553 0.480518 0.002400 0.287082
2 2 0.012083 0.120750 0.722850 0.004500 0.139817
2 2 0.007214 0.088387 0.806333 0.004006 0.094059
2 2 0.008650 0.103226 0.761120 0.002601 0.124404
2 2 0.004070 0.064966 0.857473 0.002710 0.070780
4 2 0.032239 0.171734 0.379668 0.002011 0.414348
4 2 0.045362 0.190218 0.304503 0.003235 0.456683
4 2 0.039022 0.178734 0.354333 0.003354 0.424556
2 2 0.013926 0.126996 0.653977 0.003079 0.202022
2 2 0.014598 0.131575 0.665193 0.002751 0.185883
2 2 0.013317 0.116388 0.724425 0.004606 0.141265
2 2 0.028523 0.141025 0.623730 0.006563 0.200159
2 2 0.113144 0.171248 0.615238 0.009704 0.090665
2 2 0.145018 0.144242 0.644953 0.008373 0.057414
0 0 0.354041 0.208693 0.348716 0.020949 0.067601
0 0 0.466042 0.220990 0.159179 0.032143 0.121646
0 0 0.603050 0.163054 0.087616 0.039109 0.107170
4 0 0.295554 0.202614 0.116954 0.025096 0.359781
0 0 0.471644 0.155697 0.087196 0.040165 0.245298
4 0 0.231369 0.151760 0.090383 0.017348 0.509140
4 0 0.365577 0.146318 0.085085 0.022467 0.380553
4 0 0.269277 0.132897 0.079916 0.011471 0.506439
4 1 0.121253 0.157292 0.097066 0.007255 0.617134
4 1 0.079625 0.221816 0.136795 0.005972 0.555792
4 1 0.072161 0.269200 0.165938 0.004392 0.488309
2 1 0.032433 0.230926 0.416222 0.005021 0.315398
2 1 0.020586 0.192974 0.569844 0.006352 0.210244
2 2 0.021301 0.197013 0.544031 0.005257 0.232398
2 2 0.017902 0.179525 0.593405 0.004501 0.204667
2 2 0.020231 0.191663 0.566983 0.003782 0.217342
2 2 0.017176 0.170357 0.599976 0.002869 0.209622
2 2 0.016380 0.168197 0.654905 0.002830 0.157688
2 2 0.010869 0.138627 0.736809 0.003905 0.109789
2 2 0.011242 0.133822 0.759154 0.005679 0.090103
2 2 0.008573 0.111264 0.801688 0.005793 0.072682
2 2 0.007104 0.098709 0.807516 0.005799 0.080872
2 2 0.005589 0.086592 0.819019 0.005775 0.083026
2 2 0.002838 0.057069 0.886651 0.008712 0.044730
2 2 0.002876 0.054313 0.887079 0.005914 0.049818
2 2 0.001632 0.038215 0.923285 0.005979 0.030889
2 2 0.000758 0.023450 0.950083 0.005729 0.019979
2 2 0.001110 0.029646 0.938772 0.006955 0.023517
2 2 0.000707 0.022317 0.955382 0.007114 0.014480
2 2 0.000793 0.022181 0.954753 0.005451 0.016823
2 2 0.000609 0.017451 0.962224 0.004112 0.015604
2 2 0.000658 0.023700 0.958889 0.008170 0.008583
2 2 0.000361 0.016145 0.972003 0.006114 0.005378
2 2 0.000847 0.026362 0.951585 0.004092 0.017114
2 2 0.000462 0.018427 0.965366 0.003221 0.012523
2 2 0.000694 0.024191 0.951105 0.003491 0.020519
2 2 0.001582 0.037926 0.925622 0.004736 0.030133
2 2 0.001227 0.032011 0.940012 0.005765 0.020986
2 2 0.001046 0.027716 0.949608 0.005007 0.016622
2 2 0.001619 0.032630 0.936302 0.006066 0.023384
2 2 0.005839 0.059809 0.850920 0.007529 0.075903
2 2 0.015336 0.094373 0.640546 0.011735 0.238011
4 2 0.027907 0.103353 0.323610 0.013960 0.531170
4 2 0.044468 0.113295 0.136594 0.009194 0.696449
4 2 0.118609 0.136632 0.103148 0.014183 0.627428
4 2 0.062088 0.127382 0.104170 0.012555 0.693805
4 2 0.059016 0.115619 0.084199 0.007368 0.733798
4 2 0.052495 0.110664 0.077058 0.005969 0.753813
4 2 0.054188 0.125190 0.100382 0.011559 0.708680
4 2 0.034849 0.116810 0.167848 0.015162 0.665330
4 2 0.058495 0.141683 0.274232 0.051924 0.473666
4 2 0.019281 0.099108 0.404213 0.027281 0.450116
2 3 0.004801 0.051081 0.734768 0.124137 0.085214
2 3 0.014684 0.087790 0.564657 0.069011 0.263858
2 3 0.036113 0.128911 0.396310 0.069324 0.369341
2 3 0.029001 0.119999 0.447127 0.118828 0.285045
2 3 0.039617 0.133810 0.387486 0.078707 0.360379
4 3 0.051289 0.148661 0.338867 0.094429 0.366753
4 3 0.060662 0.149076 0.284653 0.045375 0.460234
2 3 0.078877 0.148296 0.355097 0.068429 0.349300
4 3 0.077431 0.136173 0.334895 0.031426 0.420075
4 3 0.082276 0.149989 0.221946 0.030373 0.515417
4 3 0.102991 0.164283 0.151500 0.033436 0.547790
4 3 0.100650 0.174923 0.203481 0.071589 0.449358
4 3 0.085345 0.175504 0.199763 0.102483 0.436904
4 3 0.046972 0.157484 0.247701 0.114551 0.433291
4 3 0.046855 0.156873 0.248567 0.194650 0.353055
3 3 0.040787 0.130410 0.258527 0.373958 0.196318
2 3 0.025506 0.111546 0.340283 0.339755 0.182910
2 3 0.015378 0.083338 0.456431 0.317835 0.127018
3 3 0.007553 0.038475 0.394173 0.526102 0.033697
2 3 0.034484 0.101507 0.415713 0.315736 0.132559
2 3 0.067324 0.150018 0.282306 0.266337 0.234016
4 3 0.052552 0.153239 0.248507 0.235452 0.310250
3 3 0.018582 0.099733 0.261832 0.447145 0.172708
3 3 0.012340 0.077901 0.247074 0.542828 0.119857
3 3 0.005413 0.029947 0.176513 0.762539 0.025588
3 3 0.010852 0.035836 0.198954 0.726528 0.027830
3 3 0.009208 0.038869 0.304529 0.612672 0.034722
3 3 0.012381 0.044256 0.355407 0.548176 0.039779
3 3 0.023813 0.062311 0.395776 0.458829 0.059270
2 3 0.032999 0.072703 0.480811 0.338751 0.074736
2 3 0.058744 0.119649 0.380831 0.268007 0.172770
3 3 0.057790 0.089556 0.250987 0.516468 0.085199
3 3 0.073408 0.125685 0.261548 0.369110 0.170250
3 3 0.038232 0.116346 0.305187 0.338361 0.201875
2 3 0.032666 0.108752 0.343722 0.325948 0.188912
3 3 0.026694 0.088081 0.274296 0.488172 0.122756
3 3 0.053889 0.110228 0.235166 0.450527 0.150190
3 3 0.048369 0.112672 0.244167 0.430401 0.164391
3 3 0.039019 0.075196 0.188547 0.620108 0.077130
3 3 0.003177 0.013307 0.116993 0.858476 0.008047
3 3 0.007690 0.025030 0.124496 0.825110 0.017674
3 3 0.005951 0.020829 0.149188 0.810264 0.013767
3 3 0.006909 0.021550 0.149231 0.808331 0.013979
3 3 0.008235 0.023157 0.183733 0.770159 0.014715
3 3 0.032404 0.051084 0.231008 0.648581 0.036924
2 3 0.035449 0.115767 0.493992 0.264941 0.089850
2 2 0.021402 0.125954 0.646681 0.126640 0.079323
2 2 0.017564 0.130997 0.723047 0.072182 0.056209
2 2 0.047337 0.243768 0.485801 0.023657 0.199437
2 2 0.039710 0.203637 0.399979 0.011324 0.345350
4 2 0.038121 0.130799 0.206901 0.008359 0.615821
4 2 0.041003 0.106234 0.118134 0.006363 0.728266
4 2 0.048460 0.104774 0.108297 0.006175 0.732295
4 2 0.082268 0.102716 0.068653 0.004158 0.742203
4 2 0.062020 0.110850 0.110018 0.006817 0.710296
4 2 0.081269 0.135299 0.113188 0.012597 0.657648
4 2 0.076228 0.149820 0.138096 0.017738 0.618119
4 2 0.064007 0.138148 0.143226 0.013695 0.640925
4 2 0.054350 0.114480 0.102361 0.005596 0.723213
4 2 0.027932 0.089804 0.261217 0.002973 0.618074
4 2 0.082054 0.115504 0.153496 0.006221 0.642724
4 2 0.091083 0.117101 0.108705 0.006106 0.677005
4 2 0.204529 0.120135 0.073926 0.007050 0.594360
4 2 0.170871 0.104201 0.065459 0.004159 0.655310
4 2 0.230507 0.112968 0.069690 0.005945 0.580890
4 2 0.270318 0.117507 0.071682 0.007374 0.533119
4 2 0.263145 0.123882 0.075207 0.008762 0.529004
4 2 0.305855 0.120991 0.073080 0.008904 0.491171
4 2 0.137685 0.115474 0.072134 0.005714 0.668993
4 2 0.098708 0.112912 0.071142 0.005253 0.711985
4 2 0.048383 0.099259 0.063922 0.003685 0.784752
4 2 0.052338 0.127945 0.081824 0.003630 0.734263
4 2 0.041316 0.090963 0.059169 0.002851 0.805701
4 2 0.044636 0.095124 0.062689 0.003250 0.794302
4 2 0.051290 0.116573 0.127565 0.007974 0.696598
2 2 0.045351 0.126712 0.399308 0.048185 0.380443
2 2 0.035086 0.111328 0.502425 0.056727 0.294434
2 2 0.028996 0.112075 0.473932 0.055783 0.329214
2 2 0.027887 0.105438 0.425864 0.025134 0.415676
4 2 0.068499 0.084872 0.055298 0.002126 0.789205
4 2 0.074765 0.085565 0.055647 0.002163 0.781861
4 4 0.055418 0.082555 0.054055 0.001999 0.805973
4 4 0.045304 0.083022 0.054437 0.002098 0.815140
4 4 0.052366 0.096397 0.062211 0.003312 0.785713
4 4 0.051032 0.116845 0.074908 0.003668 0.753547
4 4 0.051513 0.148527 0.094902 0.003184 0.701874
4 4 0.047167 0.154990 0.099500 0.002594 0.695748
4 4 0.052643 0.186151 0.118326 0.002878 0.640003
4 4 0.055667 0.246959 0.217154 0.003178 0.477041
4 4 0.056613 0.271936 0.261709 0.003302 0.406440
4 1 0.061041 0.293973 0.227105 0.003331 0.414551
4 1 0.067266 0.299538 0.184550 0.003610 0.445036
4 1 0.063777 0.323121 0.198908 0.003131 0.411063
4 2 0.073722 0.323349 0.216124 0.004402 0.382403
4 2 0.055055 0.216897 0.237718 0.003687 0.486643
4 4 0.031245 0.133944 0.243443 0.005627 0.585742
4 4 0.027594 0.103224 0.138722 0.005580 0.724881
4 4 0.038081 0.086911 0.056822 0.002499 0.815686
4 4 0.041149 0.090758 0.059050 0.002832 0.806211
4 4 0.054551 0.105965 0.067714 0.004484 0.767287
4 4 0.052209 0.103472 0.066310 0.004173 0.773836
4 4 0.077935 0.112943 0.071405 0.005325 0.732393
4 4 0.092550 0.113387 0.071482 0.005339 0.717241
4 4 0.158916 0.106629 0.066947 0.004441 0.663066
4 4 0.137421 0.095046 0.060580 0.002991 0.703961
4 4 0.157456 0.092142 0.058734 0.002738 0.688930
4 4 0.171043 0.094436 0.059925 0.003003 0.671592
4 4 0.117925 0.093572 0.059912 0.002825 0.725766
4 4 0.068636 0.090928 0.058847 0.002651 0.778939
4 4 0.036255 0.084221 0.055252 0.002281 0.821992
4 4 0.037000 0.085518 0.056011 0.002385 0.819084
4 4 0.032439 0.079394 0.052424 0.001931 0.833813
4 4 0.041042 0.090626 0.058974 0.002820 0.806539
4 4 0.043740 0.095470 0.073064 0.003295 0.784431
4 1 0.043053 0.121208 0.154292 0.003343 0.678105
4 2 0.047215 0.150939 0.223285 0.003776 0.574785
4 2 0.053481 0.215380 0.295031 0.003914 0.432194
2 2 0.075757 0.293793 0.364809 0.006945 0.258696
4 2 0.083002 0.316324 0.232730 0.005969 0.361974
4 2 0.136900 0.099156 0.062936 0.003436 0.697571
4 2 0.165912 0.107574 0.067405 0.004604 0.654504
4 2 0.089694 0.098041 0.062760 0.003309 0.746197
4 2 0.063894 0.091145 0.059022 0.002693 0.783246
4 2 0.049314 0.090060 0.058544 0.002684 0.799398
4 2 0.048646 0.097554 0.068288 0.003477 0.782034
4 2 0.038551 0.094901 0.123205 0.003387 0.739956
4 2 0.032274 0.129527 0.334746 0.006907 0.496546
4 2 0.026397 0.122292 0.339145 0.008480 0.503686
4 2 0.024431 0.133798 0.366027 0.010105 0.465640
2 2 0.020148 0.142454 0.475158 0.015904 0.346336
2 2 0.027369 0.164765 0.398233 0.014428 0.395204
2 2 0.014076 0.126367 0.637156 0.016696 0.205705
2 2 0.011891 0.108011 0.725746 0.018924 0.135428
2 2 0.002319 0.039627 0.915861 0.014379 0.027814
2 2 0.001179 0.024382 0.943733 0.017239 0.013467
2 2 0.000953 0.019443 0.951176 0.017914 0.010514
2 2 0.000566 0.014785 0.964805 0.013072 0.006771
2 2 0.001041 0.023619 0.954736 0.007487 0.013116
2 2 0.001274 0.029973 0.946314 0.007772 0.014667
4 2 0.030295 0.111661 0.276847 0.002632 0.578566
2 2 0.022736 0.140520 0.497327 0.004636 0.334779
2 2 0.012193 0.106445 0.678086 0.005171 0.198105
2 2 0.008242 0.083289 0.759484 0.005872 0.143113
2 2 0.003171 0.048497 0.874971 0.006046 0.067315
2 2 0.001564 0.033544 0.909499 0.005423 0.049971
2 2 0.001663 0.037323 0.914483 0.007784 0.038747
2 2 0.003991 0.068409 0.860913 0.005983 0.060703
2 2 0.003816 0.067579 0.871168 0.005284 0.052153
2 2 0.002126 0.046270 0.916332 0.004020 0.031252
2 2 0.001608 0.037133 0.926907 0.006368 0.027984
2 2 0.001586 0.037642 0.928373 0.006766 0.025633
2 2 0.003153 0.058125 0.877557 0.006048 0.055117
2 2 0.002669 0.053670 0.892162 0.006321 0.045178
2 2 0.002218 0.048418 0.902470 0.005333 0.041561
2 2 0.003491 0.059905 0.875932 0.007265 0.053407
2 2 0.008601 0.095013 0.773714 0.006174 0.116497
2 2 0.013665 0.106083 0.674530 0.008115 0.197608
4 2 0.022451 0.099586 0.339010 0.006272 0.532681
4 2 0.027939 0.090762 0.141850 0.004460 0.734989
2 2 0.017980 0.118342 0.587296 0.004339 0.272043
2 2 0.024214 0.149830 0.537465 0.004990 0.283502
2 2 0.024897 0.166223 0.539945 0.002974 0.265960
2 2 0.016478 0.141319 0.671292 0.005339 0.165571
2 2 0.020121 0.138175 0.662372 0.005290 0.174041
2 2 0.001438 0.030463 0.943502 0.004457 0.020140
2 2 0.002280 0.040873 0.916126 0.005890 0.034832
2 2 0.002853 0.051691 0.903465 0.006814 0.035177
2 2 0.005495 0.080428 0.839553 0.006883 0.067641
2 2 0.005268 0.077617 0.854655 0.008834 0.053625
2 2 0.003276 0.052636 0.893464 0.021901 0.028723
2 2 0.001310 0.028215 0.936938 0.023202 0.010335
2 2 0.002449 0.039262 0.922831 0.018429 0.017029
2 2 0.001970 0.036522 0.934147 0.011559 0.015802
2 2 0.000890 0.022662 0.953451 0.015224 0.007774
2 2 0.000661 0.019584 0.961476 0.010230 0.008049
2 2 0.000540 0.018694 0.966519 0.006534 0.007713
2 2 0.000357 0.016080 0.971785 0.005639 0.006139
2 2 0.000637 0.021600 0.959425 0.006926 0.011412
2 2 0.000383 0.015448 0.966958 0.011545 0.005666
2 2 0.002753 0.034728 0.820094 0.036887 0.105538
2 2 0.004548 0.049729 0.802207 0.024679 0.118837
2 2 0.001854 0.034895 0.922233 0.009448 0.031570
2 2 0.001085 0.023013 0.948471 0.014702 0.012729
2 2 0.001130 0.023588 0.957149 0.009178 0.008954
2 2 0.001266 0.027882 0.947020 0.007118 0.016714
2 2 0.002327 0.043109 0.918505 0.007179 0.028879
2 2 0.005358 0.071682 0.855517 0.010954 0.056488
2 2 0.007199 0.096775 0.808730 0.010522 0.076775
2 2 0.003216 0.066625 0.878876 0.009775 0.041507
2 2 0.003605 0.062432 0.877748 0.012936 0.043280
2 2 0.001381 0.029702 0.924818 0.029282 0.014819
2 2 0.001234 0.023121 0.912067 0.045698 0.017880
2 2 0.001952 0.029251 0.870369 0.067207 0.031221
2 2 0.003130 0.039115 0.809232 0.071056 0.077467
2 2 0.008637 0.069866 0.632296 0.103419 0.185781
2 2 0.011949 0.077348 0.617893 0.102995 0.189815
2 2 0.024922 0.112359 0.500541 0.058000 0.304179
2 2 0.014172 0.089028 0.705912 0.056251 0.134637
2 2 0.031468 0.124425 0.542231 0.079836 0.222041
2 2 0.004550 0.046298 0.692735 0.223568 0.032848
2 2 0.002361 0.034954 0.778763 0.164912 0.019010
2 2 0.001458 0.027533 0.824421 0.134203 0.012385
2 2 0.003638 0.041888 0.794835 0.135375 0.024265
2 2 0.002360 0.030497 0.798738 0.154887 0.013517
2 2 0.012270 0.078444 0.666868 0.150789 0.091628
2 2 0.005661 0.051918 0.695456 0.203189 0.043777
2 2 0.010320 0.071223 0.704054 0.119420 0.094983
2 2 0.011586 0.064677 0.671503 0.140022 0.112212
2 2 0.002678 0.028210 0.841637 0.083127 0.044347
2 2 0.004629 0.044222 0.768350 0.068939 0.113860
2 2 0.004485 0.047508 0.732672 0.093799 0.121536
2 2 0.011857 0.079136 0.604376 0.074579 0.230053
2 2 0.010499 0.069963 0.644645 0.122419 0.152474
2 2 0.021991 0.123576 0.553122 0.063964 0.237347
2 2 0.021444 0.145339 0.617309 0.030546 0.185362
2 2 0.025093 0.154120 0.590357 0.025625 0.204806
2 2 0.009675 0.088778 0.796404 0.026654 0.078489
2 2 0.007750 0.072362 0.838231 0.042455 0.039202
2 0 0.007454 0.061806 0.892830 0.014155 0.023754
2 0 0.034227 0.178733 0.590554 0.003129 0.193356
2 1 0.061525 0.220079 0.544799 0.006898 0.166698
2 0 0.222230 0.254037 0.397793 0.022665 0.103275
1 0 0.267059 0.292668 0.195450 0.022046 0.222776
4 0 0.126961 0.294185 0.216500 0.010315 0.352039
1 0 0.103119 0.359903 0.219683 0.008188 0.309107
1 1 0.096386 0.431738 0.265482 0.007047 0.199347
1 1 0.059542 0.368151 0.350031 0.003434 0.218841
2 1 0.035415 0.259559 0.494040 0.002037 0.208949
2 1 0.035072 0.232686 0.436729 0.001966 0.293547
2 1 0.034091 0.229129 0.498913 0.002513 0.235353
2 1 0.043014 0.267946 0.456064 0.002752 0.230224
2 2 0.042540 0.279900 0.430929 0.002473 0.244158
2 2 0.034860 0.250670 0.468267 0.002324 0.243880
2 2 0.038629 0.238205 0.377527 0.002824 0.342814
4 2 0.040059 0.234499 0.343903 0.002408 0.379131
4 2 0.042876 0.224876 0.218642 0.002050 0.511556
4 2 0.041188 0.221198 0.192654 0.001810 0.543150
4 4 0.044209 0.232337 0.176657 0.001914 0.544883
4 4 0.045478 0.221653 0.141550 0.001928 0.589391
4 4 0.045664 0.133437 0.158264 0.003442 0.659193
4 4 0.052545 0.177923 0.175580 0.003554 0.590399
4 4 0.061219 0.244862 0.183697 0.003598 0.506624
4 1 0.068045 0.322064 0.257979 0.004116 0.347797
4 4 0.059542 0.297661 0.286072 0.003548 0.353177
4 4 0.037953 0.218130 0.336681 0.002065 0.405170
4 4 0.035643 0.203995 0.360561 0.002019 0.397782
4 1 0.041837 0.217330 0.264239 0.002215 0.474378
4 1 0.056795 0.245287 0.223526 0.003381 0.471012
4 1 0.068813 0.232846 0.148043 0.004362 0.545936
4 4 0.058474 0.202318 0.156907 0.003691 0.578611
4 4 0.052619 0.171707 0.130007 0.003249 0.642419
4 4 0.052771 0.134375 0.089096 0.003624 0.720135
4 4 0.063974 0.142070 0.091115 0.005105 0.697736
4 4 0.068693 0.130614 0.098435 0.006609 0.695649
4 0 0.078932 0.136998 0.100907 0.006713 0.676450
4 1 0.120452 0.178475 0.108931 0.009661 0.582481
4 1 0.120591 0.257127 0.154316 0.009938 0.458028
4 1 0.111203 0.322713 0.191277 0.009778 0.365029
4 1 0.083638 0.310244 0.188067 0.005534 0.412517
4 1 0.231401 0.133954 0.081030 0.010879 0.542735
0 0 0.495019 0.127410 0.072930 0.022871 0.281769
4 0 0.283007 0.142322 0.084622 0.015369 0.474681
4 0 0.128882 0.204036 0.124161 0.008308 0.534613
4 0 0.123294 0.201323 0.122802 0.008001 0.544580
4 0 0.146097 0.200891 0.121848 0.008717 0.522447
4 0 0.130667 0.182982 0.112107 0.007397 0.566848
4 0 0.147537 0.177221 0.108405 0.007445 0.559391
4 0 0.220433 0.201610 0.120312 0.010654 0.446992
4 0 0.200131 0.218768 0.130633 0.010024 0.440444
4 0 0.201094 0.212256 0.126962 0.009864 0.449823
4 0 0.181847 0.213465 0.128145 0.009500 0.467043
4 0 0.140727 0.239273 0.144211 0.008410 0.467379
4 0 0.149752 0.225510 0.135933 0.008880 0.479926
4 0 0.158691 0.225891 0.135870 0.009112 0.470436
4 0 0.280016 0.160063 0.095228 0.012749 0.451945
4 0 0.284233 0.180958 0.107138 0.012270 0.415401
4 0 0.295579 0.168864 0.100000 0.012870 0.422687
4 0 0.252575 0.202517 0.119390 0.014262 0.411256
4 0 0.205229 0.237506 0.140100 0.013399 0.403766
0 0 0.494496 0.182191 0.162364 0.030311 0.130638
0 0 0.530390 0.169729 0.155747 0.072361 0.071772
0 0 0.550352 0.128576 0.117183 0.138573 0.065316
0 0 0.618964 0.117886 0.097204 0.107995 0.057950
0 0 0.628852 0.103118 0.071774 0.106373 0.089883
0 0 0.459483 0.139297 0.136290 0.123533 0.141397
0 0 0.385104 0.157296 0.135953 0.067463 0.254185
0 0 0.368717 0.151496 0.114068 0.032849 0.332870
4 0 0.321385 0.156558 0.127042 0.039072 0.355942
0 0 0.334152 0.159435 0.154670 0.074598 0.277145
0 0 0.357528 0.156381 0.154977 0.080744 0.250370
4 0 0.287363 0.166974 0.150248 0.093063 0.302352
0 0 0.398287 0.154328 0.118853 0.079288 0.249244
0 0 0.461138 0.143044 0.106579 0.077819 0.211419
0 0 0.636947 0.104815 0.070856 0.072276 0.115106
0 0 0.625575 0.095841 0.073449 0.125471 0.079664
0 0 0.583441 0.105002 0.083829 0.134495 0.093233
0 0 0.511917 0.117006 0.100813 0.160956 0.109308
0 0 0.619092 0.100857 0.076035 0.112612 0.091404
0 0 0.606268 0.104129 0.081303 0.104627 0.103672
0 0 0.656424 0.106451 0.058102 0.040949 0.138075
0 0 0.565878 0.160269 0.087341 0.041043 0.145469
0 0 0.357141 0.233589 0.134210 0.028434 0.246626
0 0 0.332265 0.226211 0.128791 0.025632 0.287101
4 0 0.276682 0.236340 0.136489 0.019574 0.330915
0 0 0.387254 0.157528 0.090579 0.026769 0.337869
0 0 0.497892 0.145662 0.082396 0.026955 0.247095
0 0 0.630343 0.109515 0.060764 0.030463 0.168915
0 0 0.508894 0.147587 0.082911 0.030770 0.229838
0 0 0.534224 0.129541 0.072774 0.032702 0.230758
0 0 0.703148 0.093307 0.050717 0.036360 0.116468
0 0 0.760319 0.078315 0.041743 0.040888 0.078736
0 0 0.361597 0.158292 0.090987 0.031311 0.357814
4 0 0.215078 0.228004 0.133321 0.019573 0.404023
4 0 0.129176 0.246137 0.147154 0.012038 0.465494
4 1 0.107313 0.272717 0.163594 0.009811 0.446566
