0 0 0.509215 0.169196 0.092179 0.046671 0.182739
0 0 0.500915 0.172171 0.089057 0.037523 0.200334
0 0 0.502689 0.171635 0.089689 0.039179 0.196808
0 0 0.514339 0.166444 0.094425 0.055173 0.169620
0 0 0.520687 0.152452 0.100819 0.101379 0.124663
0 0 0.520687 0.152452 0.100819 0.101379 0.124663
0 0 0.520687 0.152452 0.100819 0.101379 0.124663
0 0 0.520687 0.152452 0.100819 0.101379 0.124663
0 0 0.520687 0.152452 0.100819 0.101379 0.124663
0 0 0.520687 0.152452 0.100819 0.101379 0.124663
0 0 0.520687 0.152452 0.100819 0.101379 0.124663
0 0 0.520687 0.152452 0.100819 0.101379 0.124663
0 0 0.520687 0.152452 0.100819 0.101379 0.124663
0 0 0.520687 0.152452 0.100819 0.101379 0.124663
0 0 0.520687 0.152452 0.100819 0.101379 0.124663
0 0 0.520687 0.152452 0.100819 0.101379 0.124663
0 0 0.520687 0.152452 0.100819 0.101379 0.124663
0 0 0.520687 0.152452 0.100819 0.101379 0.124663
0 0 0.520687 0.152452 0.100819 0.101379 0.124663
0 0 0.520687 0.152452 0.100819 0.101379 0.124663
0 0 0.520687 0.152452 0.100819 0.101379 0.124663
0 0 0.520687 0.152452 0.100819 0.101379 0.124663
0 0 0.520687 0.152452 0.100819 0.101379 0.124663
0 0 0.520813 0.152858 0.100714 0.099955 0.125660
0 0 0.520687 0.159316 0.098484 0.077986 0.143527
0 0 0.476044 0.176692 0.081244 0.022562 0.243458
0 0 0.449735 0.178200 0.074130 0.014442 0.283492
0 0 0.494438 0.173811 0.086859 0.032394 0.212499
0 0 0.508479 0.169517 0.091882 0.045685 0.184437
0 0 0.512492 0.167562 0.093572 0.051706 0.174669
0 0 0.459258 0.177916 0.076614 0.016868 0.269344
0 0 0.438806 0.178231 0.071381 0.012158 0.299423
0 0 0.502621 0.171656 0.089665 0.039114 0.196944
0 0 0.486761 0.175270 0.084425 0.027641 0.225903
0 0 0.495119 0.173658 0.087084 0.032877 0.211262
0 0 0.504411 0.171070 0.090319 0.040918 0.193282
0 0 0.518926 0.162397 0.096980 0.067958 0.153739
0 0 0.520687 0.152452 0.100819 0.101379 0.124663
0 0 0.504323 0.171100 0.090286 0.040826 0.193464
0 0 0.475247 0.176775 0.081015 0.022239 0.244724
0 0 0.506924 0.170152 0.091270 0.043738 0.187917
0 0 0.521259 0.156671 0.099532 0.086825 0.135713
0 0 0.520895 0.153152 0.100635 0.098927 0.126391
0 0 0.520687 0.152452 0.100819 0.101379 0.124663
0 0 0.520687 0.152452 0.100819 0.101379 0.124663
0 0 0.520687 0.152452 0.100819 0.101379 0.124663
0 0 0.520687 0.152452 0.100819 0.101379 0.124663
0 0 0.520687 0.152452 0.100819 0.101379 0.124663
0 0 0.520687 0.152452 0.100819 0.101379 0.124663
0 0 0.520687 0.152452 0.100819 0.101379 0.124663
0 0 0.520687 0.152452 0.100819 0.101379 0.124663
0 0 0.520687 0.152452 0.100819 0.101379 0.124663
0 0 0.520687 0.152452 0.100819 0.101379 0.124663
0 0 0.520687 0.152452 0.100819 0.101379 0.124663
0 0 0.520687 0.152452 0.100819 0.101379 0.124663
0 0 0.520687 0.152452 0.100819 0.101379 0.124663
0 0 0.520687 0.152452 0.100819 0.101379 0.124663
0 0 0.520927 0.158579 0.098797 0.080429 0.141270
0 0 0.521078 0.157961 0.099046 0.082487 0.139428
0 0 0.506800 0.170200 0.091222 0.043589 0.188189
0 0 0.520687 0.152452 0.100819 0.101379 0.124663
0 0 0.520687 0.152452 0.100819 0.101379 0.124663
0 0 0.520687 0.152452 0.100819 0.101379 0.124663
0 0 0.520687 0.152452 0.100819 0.101379 0.124663
0 0 0.520687 0.152452 0.100819 0.101379 0.124663
0 0 0.520687 0.152452 0.100819 0.101379 0.124663
0 0 0.520687 0.152452 0.100819 0.101379 0.124663
0 0 0.520687 0.152452 0.100819 0.101379 0.124663
0 0 0.520687 0.152452 0.100819 0.101379 0.124663
0 0 0.520687 0.152452 0.100819 0.101379 0.124663
0 0 0.520687 0.152452 0.100819 0.101379 0.124663
0 0 0.520687 0.152452 0.100819 0.101379 0.124663
0 0 0.520687 0.152452 0.100819 0.101379 0.124663
0 0 0.520687 0.152452 0.100819 0.101379 0.124663
0 0 0.520687 0.152452 0.100819 0.101379 0.124663
0 0 0.520687 0.152452 0.100819 0.101379 0.124663
0 0 0.520895 0.158687 0.098752 0.080069 0.141597
0 0 0.504966 0.170877 0.090526 0.041511 0.192120
0 0 0.491545 0.174413 0.085924 0.030464 0.217654
0 0 0.478129 0.177508 0.083451 0.023411 0.237501
0 0 0.520687 0.152452 0.100819 0.101379 0.124663
0 0 0.516662 0.156469 0.110758 0.098515 0.117596
0 0 0.510188 0.168764 0.092623 0.048058 0.180366
0 0 0.471013 0.177171 0.079817 0.020620 0.251379
0 0 0.405695 0.176768 0.063575 0.007398 0.346564
4 0 0.371236 0.173235 0.056090 0.004500 0.394939
0 0 0.384846 0.179513 0.063063 0.005282 0.367296
0 0 0.400032 0.209158 0.101877 0.005919 0.283014
0 0 0.418480 0.210286 0.112016 0.008190 0.251028
0 0 0.370605 0.218557 0.106825 0.003552 0.300461
0 0 0.394747 0.227700 0.138552 0.005704 0.233298
0 0 0.379192 0.184278 0.066669 0.004684 0.365178
0 0 0.389444 0.175332 0.059974 0.005844 0.369405
0 0 0.391025 0.175490 0.060319 0.005979 0.367187
0 0 0.411477 0.177173 0.064889 0.008053 0.338408
0 1 0.418323 0.177575 0.066470 0.008912 0.328720
0 1 0.403747 0.176619 0.063136 0.007191 0.349308
0 1 0.403125 0.176570 0.062996 0.007126 0.350184
0 1 0.442097 0.178252 0.072199 0.012797 0.294655
4 0 0.353449 0.170725 0.052431 0.003488 0.419907
0 0 0.461663 0.177802 0.077256 0.017560 0.265720
0 0 0.508328 0.169581 0.091822 0.045489 0.184779
0 1 0.513045 0.167245 0.093821 0.052686 0.173202
0 1 0.519781 0.161173 0.097617 0.071909 0.149520
0 0 0.520687 0.152452 0.100819 0.101379 0.124663
0 0 0.520687 0.152452 0.100819 0.101379 0.124663
0 0 0.519079 0.162199 0.097087 0.068593 0.153042
0 0 0.521137 0.157657 0.099165 0.083505 0.138536
0 0 0.514783 0.166147 0.094639 0.056100 0.168332
0 0 0.520687 0.152452 0.100819 0.101379 0.124663
0 0 0.520687 0.152452 0.100819 0.101379 0.124663
0 0 0.520687 0.152452 0.100819 0.101379 0.124663
0 0 0.520687 0.152452 0.100819 0.101379 0.124663
0 0 0.520687 0.152452 0.100819 0.101379 0.124663
0 0 0.520687 0.152452 0.100819 0.101379 0.124663
0 0 0.520687 0.152452 0.100819 0.101379 0.124663
0 0 0.520033 0.160740 0.097830 0.073317 0.148080
0 0 0.520687 0.152452 0.100819 0.101379 0.124663
0 0 0.520687 0.152452 0.100819 0.101379 0.124663
0 0 0.520687 0.152452 0.100819 0.101379 0.124663
0 0 0.520687 0.152452 0.100819 0.101379 0.124663
0 0 0.520687 0.152452 0.100819 0.101379 0.124663
0 0 0.520687 0.152452 0.100819 0.101379 0.124663
0 0 0.520687 0.152452 0.100819 0.101379 0.124663
0 0 0.520687 0.152452 0.100819 0.101379 0.124663
0 0 0.520687 0.152452 0.100819 0.101379 0.124663
0 0 0.512025 0.167819 0.093365 0.050912 0.175879
0 0 0.408594 0.176978 0.064231 0.007719 0.342478
0 0 0.423860 0.177836 0.067770 0.009681 0.320853
4 0 0.355001 0.170962 0.052745 0.003567 0.417726
4 0 0.290126 0.158373 0.040325 0.001382 0.509794
4 0 0.277045 0.155181 0.037982 0.001132 0.528660
4 0 0.285309 0.157223 0.039456 0.001284 0.516728
4 0 0.266622 0.152482 0.036151 0.000962 0.543783
4 0 0.250807 0.148119 0.033430 0.000747 0.566896
4 0 0.256316 0.149676 0.034370 0.000817 0.558821
4 0 0.259311 0.150505 0.034884 0.000857 0.554443
4 0 0.272346 0.153982 0.037153 0.001052 0.535467
4 0 0.279219 0.155727 0.038368 0.001170 0.525516
4 0 0.282808 0.156614 0.039008 0.001236 0.520333
4 0 0.236755 0.143969 0.031070 0.000593 0.587614
4 0 0.272104 0.153919 0.037110 0.001048 0.535818
4 0 0.277974 0.155415 0.038147 0.001148 0.527315
4 1 0.294821 0.159466 0.041178 0.001483 0.503052
4 1 0.304395 0.161607 0.042939 0.001711 0.489349
4 1 0.302191 0.161125 0.042531 0.001656 0.492498
4 1 0.292338 0.158892 0.040726 0.001429 0.506616
4 1 0.273149 0.154189 0.037294 0.001065 0.534303
4 1 0.251812 0.148406 0.033601 0.000760 0.565422
4 1 0.232744 0.142736 0.030406 0.000554 0.593561
4 1 0.221140 0.139047 0.028509 0.000454 0.610850
4 1 0.217158 0.137738 0.027866 0.000423 0.616815
4 1 0.233567 0.142991 0.030542 0.000562 0.592339
4 1 0.229060 0.141585 0.029800 0.000520 0.599035
4 1 0.232391 0.142626 0.030348 0.000551 0.594084
4 1 0.211885 0.135972 0.027021 0.000385 0.624737
4 1 0.181645 0.125061 0.022313 0.000217 0.670763
4 1 0.176177 0.122940 0.021487 0.000194 0.679201
4 1 0.183301 0.125694 0.022565 0.000224 0.668215
4 1 0.199984 0.131838 0.025140 0.000309 0.642728
4 1 0.251971 0.158865 0.039030 0.000672 0.549463
4 1 0.208987 0.156696 0.036569 0.000274 0.597474
4 1 0.212217 0.180147 0.050013 0.000230 0.557394
4 1 0.168288 0.133036 0.025016 0.000213 0.673448
4 1 0.178391 0.157553 0.035338 0.000522 0.628197
4 1 0.188229 0.129072 0.023870 0.000259 0.658571
4 1 0.181178 0.137651 0.026966 0.000312 0.653893
4 1 0.182520 0.150539 0.032320 0.000450 0.634171
4 1 0.189606 0.161650 0.037632 0.000641 0.610471
4 1 0.222581 0.148438 0.032599 0.000597 0.595785
4 1 0.195198 0.151117 0.032940 0.000510 0.620235
4 1 0.197713 0.156291 0.035371 0.000598 0.610027
4 2 0.177769 0.161631 0.037223 0.000577 0.622801
4 2 0.176169 0.155523 0.034348 0.000485 0.633475
4 2 0.208449 0.159441 0.037242 0.000713 0.594156
4 2 0.202946 0.181238 0.048985 0.000723 0.566109
4 1 0.269814 0.173563 0.048546 0.000813 0.507265
4 1 0.337481 0.202304 0.078329 0.002146 0.379741
0 1 0.364050 0.198891 0.079119 0.003383 0.354556
4 1 0.304195 0.225987 0.097050 0.008306 0.364462
4 1 0.177584 0.260901 0.111657 0.006489 0.443370
4 1 0.307732 0.232602 0.107428 0.014990 0.337247
0 1 0.409593 0.186830 0.074690 0.011287 0.317599
0 1 0.440067 0.178242 0.071694 0.012398 0.297599
0 1 0.412754 0.177254 0.065182 0.008207 0.336603
0 1 0.434294 0.178162 0.070274 0.011341 0.305929
0 1 0.429534 0.178041 0.069123 0.010546 0.312756
0 1 0.447915 0.178226 0.073665 0.014028 0.286166
0 1 0.436121 0.178195 0.070721 0.011664 0.303299
0 1 0.436865 0.178207 0.070903 0.011798 0.302227
0 1 0.460556 0.177857 0.076959 0.017237 0.267391
0 1 0.446021 0.184500 0.081942 0.018495 0.269042
0 2 0.491888 0.174345 0.086033 0.030683 0.217050
0 2 0.457765 0.186684 0.088527 0.016116 0.250908
0 2 0.453489 0.208435 0.139269 0.017285 0.181521
0 2 0.412620 0.223650 0.142625 0.008030 0.213074
4 2 0.258897 0.259376 0.133193 0.004663 0.343872
4 2 0.165937 0.297688 0.167038 0.005078 0.364259
4 2 0.043887 0.205634 0.242258 0.001557 0.506664
4 2 0.051506 0.273837 0.300943 0.001554 0.372159
4 2 0.010472 0.078541 0.418108 0.002065 0.490813
4 2 0.015914 0.079410 0.406016 0.004569 0.494091
2 2 0.015808 0.072962 0.506377 0.013184 0.391669
2 3 0.014709 0.072129 0.551955 0.020631 0.340576
2 3 0.016205 0.067909 0.587945 0.032047 0.295894
2 3 0.015563 0.059725 0.509939 0.033865 0.380909
4 3 0.021752 0.062767 0.412606 0.040680 0.462194
2 3 0.021305 0.052092 0.435134 0.094234 0.397235
2 3 0.024319 0.058757 0.428259 0.095519 0.393145
2 3 0.024584 0.048746 0.444774 0.182783 0.299113
2 3 0.028900 0.045355 0.425796 0.230977 0.268972
2 3 0.035762 0.063168 0.398687 0.110413 0.391970
4 3 0.031731 0.058074 0.372775 0.071958 0.465463
4 3 0.025442 0.060100 0.384317 0.060306 0.469835
2 3 0.025123 0.062983 0.418545 0.085053 0.408297
2 3 0.021184 0.051087 0.442156 0.111338 0.374235
2 3 0.023905 0.045991 0.443599 0.183461 0.303045
2 3 0.019657 0.028215 0.407323 0.353292 0.191512
3 3 0.016139 0.019805 0.355560 0.472613 0.135883
3 3 0.011051 0.013227 0.306626 0.577441 0.091655
3 3 0.010403 0.008202 0.246853 0.661475 0.073067
3 3 0.011721 0.008776 0.223881 0.693435 0.062187
3 3 0.010429 0.007403 0.188737 0.747946 0.045485
3 3 0.016509 0.013182 0.235117 0.666885 0.068307
3 3 0.012677 0.009711 0.196104 0.733869 0.047639
3 3 0.024464 0.018436 0.266278 0.593334 0.097489
3 3 0.016939 0.011923 0.222172 0.682690 0.066275
3 3 0.014472 0.011029 0.233020 0.671979 0.069500
3 3 0.012051 0.007060 0.193128 0.731680 0.056081
3 3 0.010534 0.005199 0.160328 0.780532 0.043407
3 3 0.011277 0.005073 0.155160 0.784638 0.043852
3 3 0.008454 0.003752 0.137534 0.815751 0.034508
3 3 0.008950 0.003890 0.129910 0.825988 0.031262
3 3 0.009775 0.004499 0.135533 0.817814 0.032380
3 3 0.022092 0.011551 0.212994 0.678106 0.075257
3 3 0.026449 0.013774 0.249028 0.602455 0.108294
3 3 0.020419 0.011631 0.238836 0.637805 0.091308
3 3 0.016647 0.008307 0.207644 0.694861 0.072541
3 3 0.017397 0.010282 0.255999 0.614186 0.102137
3 3 0.021101 0.012448 0.272263 0.573860 0.120327
3 3 0.051581 0.033784 0.315332 0.407992 0.191311
3 3 0.035592 0.017811 0.240938 0.599795 0.105863
3 3 0.046613 0.019064 0.249301 0.551230 0.133792
3 3 0.056381 0.019944 0.251770 0.514500 0.157405
3 3 0.076050 0.025135 0.243282 0.498757 0.156776
3 3 0.073453 0.022910 0.248353 0.486561 0.168724
3 3 0.116427 0.034402 0.262712 0.329669 0.256790
3 3 0.098532 0.029197 0.266770 0.360046 0.245455
4 3 0.165446 0.045657 0.246401 0.215406 0.327090
4 3 0.264657 0.060746 0.204252 0.203364 0.266981
3 3 0.282822 0.061263 0.185872 0.294116 0.175926
0 3 0.344961 0.079835 0.165531 0.249609 0.160063
0 3 0.420296 0.106693 0.141156 0.181508 0.150347
0 3 0.442303 0.115515 0.133121 0.162997 0.146064
0 3 0.470676 0.127743 0.122129 0.139954 0.139499
0 3 0.323687 0.078066 0.169424 0.277336 0.151488
3 3 0.183692 0.050732 0.180566 0.479712 0.105298
3 3 0.126110 0.037353 0.194515 0.535548 0.106473
3 3 0.106763 0.037632 0.222210 0.501637 0.131758
3 3 0.135690 0.046901 0.218648 0.460248 0.138513
4 2 0.042415 0.088553 0.199402 0.009687 0.659944
4 2 0.040073 0.120676 0.353237 0.026665 0.459349
2 2 0.039230 0.121482 0.448876 0.043611 0.346802
2 2 0.046884 0.149641 0.433893 0.038526 0.331057
2 2 0.056369 0.186930 0.467087 0.032631 0.256983
2 2 0.099294 0.215229 0.346117 0.030639 0.308721
2 2 0.111569 0.211442 0.347944 0.023143 0.305901
2 2 0.141970 0.239087 0.383777 0.022492 0.212674
4 2 0.124552 0.262573 0.267128 0.008907 0.336839
4 2 0.078611 0.300323 0.299270 0.006482 0.315313
4 2 0.055032 0.180241 0.220913 0.005889 0.537924
4 2 0.024416 0.109319 0.239621 0.004578 0.622066
4 2 0.027450 0.092205 0.231860 0.008791 0.639694
4 2 0.021588 0.084233 0.330173 0.021784 0.542222
4 2 0.018322 0.060409 0.312559 0.019719 0.588990
4 2 0.034244 0.053538 0.247376 0.019092 0.645751
4 2 0.059666 0.062263 0.165808 0.007615 0.704649
4 2 0.173459 0.134610 0.183837 0.009677 0.498417
4 2 0.268010 0.201097 0.126349 0.004345 0.400200
4 2 0.185451 0.300154 0.185550 0.003502 0.325344
4 2 0.115339 0.227023 0.267904 0.002167 0.387567
4 2 0.074702 0.196078 0.324212 0.003192 0.401816
4 2 0.060700 0.140548 0.204904 0.005628 0.588221
4 2 0.037356 0.084924 0.159654 0.004703 0.713363
4 2 0.029694 0.059096 0.088240 0.001188 0.821781
4 2 0.034553 0.070446 0.072622 0.000777 0.821602
4 2 0.063390 0.094289 0.073391 0.001178 0.767752
4 2 0.046581 0.087499 0.103321 0.002014 0.760585
4 2 0.026100 0.058273 0.093113 0.001205 0.821310
4 2 0.023011 0.065138 0.134182 0.002335 0.775334
4 2 0.014349 0.049457 0.130210 0.001709 0.804275
4 2 0.021289 0.066665 0.124136 0.001345 0.786565
4 2 0.023765 0.107331 0.158155 0.001216 0.709532
4 2 0.023358 0.124692 0.176826 0.001252 0.673872
4 2 0.018051 0.105792 0.247841 0.002483 0.625832
4 2 0.019286 0.103860 0.227328 0.001472 0.648053
4 2 0.028204 0.162883 0.168717 0.000719 0.639477
4 2 0.038056 0.189241 0.247794 0.002968 0.521941
4 2 0.106519 0.261465 0.165733 0.003375 0.462908
4 2 0.087732 0.155423 0.150516 0.002974 0.603355
4 2 0.022935 0.124907 0.241085 0.001555 0.609517
4 2 0.041287 0.186654 0.185568 0.001233 0.585260
4 2 0.075061 0.257752 0.216427 0.001845 0.448914
2 2 0.069995 0.291315 0.327667 0.004171 0.306853
1 2 0.155925 0.325240 0.264796 0.005683 0.248357
4 2 0.203404 0.263323 0.162761 0.003223 0.367289
4 2 0.334935 0.169138 0.049775 0.002636 0.443517
4 2 0.354584 0.170376 0.053039 0.003608 0.418393
0 2 0.387655 0.175148 0.059586 0.005695 0.371916
4 2 0.256801 0.201506 0.070319 0.002104 0.469270
4 2 0.113909 0.203388 0.057402 0.000824 0.624477
4 2 0.083771 0.189037 0.053752 0.000525 0.672915
4 2 0.066774 0.259905 0.125012 0.000466 0.547844
4 2 0.058399 0.274039 0.183073 0.000732 0.483757
4 2 0.106128 0.314888 0.184482 0.000722 0.393781
1 2 0.107211 0.332731 0.238339 0.000884 0.320835
4 2 0.068986 0.340981 0.233213 0.001222 0.355597
4 2 0.141652 0.308654 0.184179 0.001447 0.364068
4 2 0.167741 0.250384 0.145422 0.000533 0.435920
4 2 0.271301 0.259747 0.145895 0.000547 0.322511
4 2 0.018365 0.153770 0.280392 0.001341 0.546132
4 2 0.005465 0.051854 0.251004 0.001400 0.690276
4 2 0.004798 0.045961 0.363046 0.003076 0.583118
4 2 0.015739 0.079960 0.360948 0.005079 0.538274
4 2 0.020359 0.086914 0.377092 0.005073 0.510562
4 2 0.054910 0.155592 0.360405 0.003976 0.425117
4 2 0.058723 0.153276 0.320922 0.002666 0.464412
4 2 0.028753 0.124328 0.268286 0.001913 0.576720
4 2 0.020161 0.139097 0.308684 0.001960 0.530097
4 2 0.007036 0.071742 0.313081 0.001488 0.606652
4 2 0.006977 0.084232 0.402851 0.001394 0.504546
4 2 0.007726 0.093148 0.410008 0.001720 0.487397
4 2 0.038360 0.197691 0.273142 0.001035 0.489772
4 2 0.061168 0.188516 0.153224 0.001295 0.595796
4 2 0.119168 0.285324 0.134739 0.001083 0.459686
4 2 0.092829 0.335022 0.229758 0.001360 0.341030
4 2 0.048990 0.344760 0.236016 0.000881 0.369352
4 2 0.092140 0.325855 0.200446 0.001481 0.380079
4 2 0.065704 0.252029 0.221389 0.000873 0.460005
4 2 0.075026 0.253915 0.286873 0.002196 0.381990
4 2 0.074603 0.270114 0.198272 0.000647 0.456364
4 2 0.128778 0.305088 0.169098 0.001834 0.395201
4 2 0.147975 0.277089 0.141719 0.001353 0.431864
4 2 0.091141 0.248384 0.162484 0.001157 0.496833
4 2 0.080013 0.235445 0.198559 0.001457 0.484527
4 2 0.077935 0.278552 0.241860 0.001481 0.400172
4 2 0.035000 0.169375 0.261231 0.001704 0.532690
4 2 0.023822 0.138403 0.267984 0.003171 0.566620
4 2 0.007628 0.058192 0.255614 0.002113 0.676453
4 2 0.004333 0.034799 0.281358 0.002534 0.676976
4 2 0.004612 0.036047 0.343793 0.004886 0.610662
4 2 0.005530 0.044990 0.363282 0.006866 0.579332
4 2 0.006295 0.045816 0.398991 0.013884 0.535014
4 3 0.007657 0.046300 0.382968 0.020226 0.542850
4 3 0.007362 0.035149 0.372347 0.022207 0.562935
4 3 0.009867 0.039243 0.388512 0.031409 0.530969
4 3 0.016059 0.055692 0.390792 0.023273 0.514185
4 3 0.031097 0.082020 0.330602 0.022598 0.533683
4 3 0.034610 0.108130 0.246323 0.005418 0.605519
4 3 0.032290 0.114803 0.272220 0.004079 0.576608
2 3 0.022579 0.053507 0.437432 0.109080 0.377402
2 3 0.016958 0.028144 0.419284 0.354754 0.180860
3 3 0.010799 0.015156 0.322111 0.561595 0.090339
3 3 0.005146 0.006408 0.209048 0.742578 0.036821
3 3 0.006886 0.009512 0.247692 0.686597 0.049312
3 3 0.010864 0.013690 0.307717 0.580896 0.086834
3 3 0.013003 0.013941 0.326504 0.530776 0.115776
3 3 0.017131 0.014762 0.307054 0.541922 0.119130
3 3 0.019494 0.018122 0.353167 0.438454 0.170762
3 3 0.024986 0.022375 0.355116 0.409389 0.188134
3 3 0.022635 0.018788 0.324257 0.485697 0.148622
3 3 0.016805 0.011206 0.205256 0.708749 0.057984
3 3 0.023629 0.014999 0.231839 0.649259 0.080274
3 3 0.028811 0.016378 0.221631 0.653030 0.080150
3 3 0.041487 0.023459 0.276169 0.518716 0.140170
3 3 0.028766 0.016173 0.242314 0.614869 0.097877
3 3 0.040551 0.019233 0.256995 0.552886 0.130335
3 3 0.045243 0.019739 0.259808 0.528821 0.146388
3 3 0.036059 0.014999 0.236012 0.595038 0.117892
3 3 0.034623 0.013883 0.217636 0.635066 0.098791
0 3 0.418450 0.105976 0.141811 0.183087 0.150676
0 3 0.520687 0.152452 0.100819 0.101379 0.124663
0 3 0.519984 0.152068 0.101138 0.101905 0.124905
0 3 0.509705 0.146595 0.105734 0.109644 0.128322
0 3 0.484950 0.134327 0.116314 0.128691 0.135719
0 3 0.520687 0.152452 0.100819 0.101379 0.124663
0 3 0.520687 0.152452 0.100819 0.101379 0.124663
0 3 0.520687 0.152452 0.100819 0.101379 0.124663
0 3 0.520687 0.152452 0.100819 0.101379 0.124663
0 3 0.520687 0.152452 0.100819 0.101379 0.124663
0 3 0.497718 0.140507 0.110939 0.118792 0.132043
0 3 0.520687 0.152452 0.100819 0.101379 0.124663
0 3 0.512375 0.153169 0.103339 0.108099 0.123018
0 3 0.520687 0.152452 0.100819 0.101379 0.124663
0 3 0.458361 0.154594 0.120460 0.141352 0.125232
3 3 0.249020 0.096154 0.191582 0.322389 0.140855
3 3 0.095478 0.040180 0.241411 0.474430 0.148500
3 3 0.068865 0.031621 0.261680 0.479471 0.158362
3 3 0.051850 0.022755 0.247423 0.543520 0.134453
3 3 0.045532 0.019135 0.232791 0.586454 0.116089
0 3 0.457926 0.149881 0.121664 0.090142 0.180386
3 3 0.173437 0.066454 0.206442 0.424158 0.129509
3 3 0.048099 0.017814 0.177423 0.688857 0.067806
3 3 0.051772 0.020086 0.198191 0.644968 0.084984
3 3 0.058488 0.023260 0.215992 0.598589 0.103671
3 3 0.052922 0.020391 0.188072 0.662265 0.076349
3 3 0.072861 0.026527 0.185301 0.636428 0.078884
3 3 0.082446 0.031673 0.196278 0.599952 0.089651
3 3 0.100515 0.036394 0.206389 0.549545 0.107157
3 3 0.111568 0.038060 0.207491 0.528929 0.113952
3 3 0.250328 0.078835 0.186593 0.347622 0.136622
0 3 0.428853 0.129293 0.132689 0.182207 0.126958
0 3 0.414441 0.121822 0.138163 0.195354 0.130219
0 3 0.421511 0.117927 0.137748 0.186019 0.136795
0 3 0.373526 0.102185 0.152624 0.233280 0.138385
3 3 0.283703 0.081312 0.174518 0.328853 0.131615
3 3 0.297879 0.086590 0.173861 0.303200 0.138469
3 3 0.272978 0.083143 0.192838 0.277343 0.173697
0 3 0.394691 0.124817 0.150594 0.154912 0.174986
0 3 0.456770 0.129982 0.126543 0.102150 0.184554
0 3 0.304713 0.078639 0.175185 0.290254 0.151210
3 3 0.306299 0.084344 0.168131 0.310185 0.131042
0 3 0.399076 0.100757 0.147914 0.201487 0.150766
3 3 0.267208 0.075857 0.185757 0.322043 0.149134
3 3 0.243203 0.072820 0.203687 0.299657 0.180634
3 3 0.118149 0.038874 0.206436 0.520599 0.115941
3 3 0.106223 0.037514 0.185567 0.584654 0.086041
3 3 0.200076 0.069948 0.199390 0.397955 0.132631
3 3 0.153241 0.054256 0.214880 0.439083 0.138540
3 3 0.118622 0.042628 0.223241 0.478436 0.137072
3 3 0.120376 0.045327 0.253626 0.381487 0.199185
3 3 0.078834 0.030426 0.265414 0.433473 0.191853
3 3 0.133507 0.049170 0.259141 0.319696 0.238486
3 3 0.115808 0.040170 0.218076 0.496362 0.129584
3 3 0.268894 0.083208 0.187150 0.309835 0.150913
3 3 0.255218 0.077603 0.171650 0.384385 0.111143
0 3 0.333117 0.108319 0.155249 0.289592 0.113724
3 3 0.230317 0.084889 0.193892 0.355306 0.135596
3 3 0.139537 0.055438 0.248061 0.359453 0.197511
3 3 0.084949 0.034822 0.280453 0.363669 0.236107
0 3 0.346273 0.108364 0.154049 0.271989 0.119326
3 3 0.241710 0.081859 0.167569 0.411424 0.097438
3 3 0.209534 0.068391 0.171566 0.455654 0.094855
3 3 0.197346 0.069411 0.167810 0.480029 0.085404
3 3 0.177087 0.061221 0.168489 0.510869 0.082334
3 3 0.119583 0.044377 0.206424 0.518014 0.111602
3 3 0.046583 0.017842 0.217685 0.614078 0.103812
3 3 0.037750 0.014302 0.232474 0.596936 0.118539
3 3 0.039631 0.015457 0.243287 0.570100 0.131526
3 3 0.043333 0.017059 0.244645 0.560600 0.134363
3 3 0.025753 0.010629 0.210224 0.665106 0.088289
3 3 0.021694 0.008775 0.178087 0.729387 0.062057
3 3 0.022579 0.008672 0.176791 0.729497 0.062460
3 2 0.059051 0.022083 0.200656 0.628202 0.090008
3 2 0.182987 0.098592 0.243353 0.300230 0.174838
1 2 0.226398 0.296296 0.241876 0.020792 0.214639
0 2 0.350900 0.240373 0.141097 0.010946 0.256683
4 2 0.172020 0.293071 0.160727 0.004079 0.370103
1 2 0.130575 0.327510 0.229352 0.005623 0.306940
4 2 0.070151 0.248396 0.275725 0.004995 0.400733
4 2 0.004996 0.033727 0.159093 0.001501 0.800684
4 2 0.004159 0.027466 0.175239 0.001913 0.791223
4 2 0.004791 0.017324 0.124565 0.001340 0.851981
4 2 0.007759 0.017055 0.108054 0.001464 0.865669
4 2 0.013194 0.012530 0.078598 0.001400 0.894277
4 2 0.015320 0.009155 0.061666 0.001161 0.912698
4 2 0.027225 0.012183 0.053248 0.001133 0.906210
4 4 0.028862 0.012131 0.036439 0.000517 0.922051
4 4 0.015620 0.019079 0.041885 0.000283 0.923133
4 4 0.012063 0.022545 0.031575 0.000106 0.933711
4 4 0.005975 0.033042 0.049229 0.000113 0.911641
4 4 0.008735 0.059433 0.074446 0.000263 0.857123
4 4 0.006475 0.075160 0.114633 0.000463 0.803270
4 4 0.007832 0.062638 0.160753 0.001469 0.767308
4 4 0.008708 0.052943 0.141502 0.001339 0.795508
4 4 0.010906 0.045599 0.181138 0.003471 0.758886
4 4 0.010398 0.027142 0.094470 0.000996 0.866994
4 4 0.009648 0.013519 0.050035 0.000355 0.926443
4 4 0.007854 0.011142 0.054702 0.000418 0.925884
4 4 0.008919 0.010614 0.039273 0.000233 0.940962
4 4 0.010017 0.069923 0.071838 0.000245 0.847977
4 4 0.007958 0.047284 0.075571 0.000295 0.868893
4 4 0.008324 0.036649 0.076955 0.000385 0.877687
4 4 0.006126 0.031675 0.064038 0.000215 0.897946
4 4 0.005965 0.034874 0.052054 0.000123 0.906984
4 4 0.006829 0.043688 0.052641 0.000121 0.896720
4 4 0.005683 0.045152 0.050652 0.000092 0.898421
4 4 0.006918 0.051135 0.063674 0.000167 0.878106
4 4 0.007103 0.047082 0.058280 0.000149 0.887387
4 4 0.009548 0.059016 0.054383 0.000141 0.876912
4 4 0.008374 0.053086 0.053374 0.000130 0.885036
4 4 0.008547 0.049950 0.062273 0.000195 0.879035
4 4 0.015039 0.070705 0.079334 0.000441 0.834481
4 4 0.017427 0.067851 0.064966 0.000329 0.849427
4 4 0.029582 0.111630 0.096751 0.000461 0.761575
4 4 0.012299 0.086890 0.113638 0.000333 0.786840
4 4 0.024646 0.074134 0.063452 0.000404 0.837363
4 1 0.022415 0.063876 0.052316 0.000266 0.861127
4 1 0.025571 0.100473 0.047033 0.000107 0.826817
4 1 0.040572 0.115110 0.029917 0.000075 0.814325
4 1 0.006090 0.074825 0.100071 0.000320 0.818693
4 1 0.005004 0.065057 0.114309 0.000403 0.815227
4 2 0.004810 0.062605 0.200397 0.000894 0.731294
4 2 0.010712 0.094368 0.251610 0.001301 0.642009
4 2 0.013253 0.089558 0.249683 0.001267 0.646238
4 2 0.044031 0.161845 0.230432 0.001765 0.561927
4 2 0.037429 0.123594 0.138265 0.001297 0.699415
4 2 0.050867 0.169154 0.135509 0.001186 0.643283
4 2 0.065988 0.258003 0.188464 0.001194 0.486350
4 2 0.066931 0.254789 0.180997 0.000565 0.496719
4 2 0.239950 0.268188 0.151486 0.001402 0.338973
0 2 0.305507 0.257215 0.157531 0.001121 0.278627
0 2 0.312171 0.259356 0.166134 0.002520 0.259819
1 2 0.208537 0.303874 0.224857 0.004506 0.258225
2 2 0.133892 0.314346 0.391758 0.006365 0.153639
1 2 0.128721 0.334789 0.294986 0.002289 0.239216
1 2 0.162203 0.321829 0.270906 0.001184 0.243877
4 2 0.217180 0.281735 0.165239 0.000704 0.335141
4 2 0.175293 0.294521 0.169278 0.001339 0.359569
1 2 0.258762 0.282076 0.191008 0.005244 0.262909
4 2 0.262644 0.160735 0.040476 0.000810 0.535335
4 2 0.364561 0.179565 0.060554 0.003857 0.391463
0 1 0.385400 0.192167 0.075676 0.004924 0.341833
4 1 0.370898 0.173192 0.056019 0.004478 0.395413
4 2 0.263163 0.151555 0.035550 0.000911 0.548820
4 2 0.291515 0.158699 0.040577 0.001411 0.507797
4 2 0.340270 0.168586 0.049798 0.002887 0.438460
4 2 0.316348 0.164117 0.045177 0.002040 0.472318
4 2 0.271291 0.153708 0.036967 0.001035 0.536999
4 2 0.218662 0.166767 0.041337 0.000942 0.572291
4 2 0.141799 0.200979 0.057560 0.000751 0.598911
4 2 0.101486 0.224562 0.071900 0.000514 0.601538
4 2 0.059386 0.208454 0.119812 0.000591 0.611758
4 2 0.062881 0.215071 0.125936 0.000710 0.595401
4 2 0.051621 0.214370 0.134952 0.000403 0.598654
4 2 0.054068 0.214040 0.107653 0.000329 0.623911
4 2 0.043619 0.207042 0.096186 0.000275 0.652878
4 2 0.061511 0.235543 0.142586 0.000511 0.559849
4 2 0.068210 0.223830 0.116169 0.000302 0.591489
4 2 0.160662 0.221873 0.075450 0.000319 0.541696
4 2 0.064658 0.110850 0.031303 0.000161 0.793028
4 2 0.134433 0.162964 0.036587 0.000397 0.665619
4 2 0.167197 0.216721 0.071041 0.000580 0.544461
4 2 0.328949 0.185150 0.061368 0.002083 0.422449
0 2 0.393331 0.202183 0.089499 0.005363 0.309625
0 1 0.413566 0.177304 0.065369 0.008305 0.335455
0 2 0.462353 0.177765 0.077441 0.017765 0.264676
0 1 0.403122 0.176570 0.062996 0.007126 0.350187
0 1 0.415460 0.192758 0.083011 0.007900 0.300870
0 1 0.324445 0.240379 0.125957 0.010493 0.298727
4 2 0.167727 0.310244 0.201105 0.005662 0.315263
4 2 0.087050 0.329081 0.205742 0.001635 0.376492
4 2 0.089281 0.331376 0.240739 0.001563 0.337041
4 2 0.107229 0.254176 0.219633 0.002367 0.416595
4 2 0.241987 0.231917 0.096462 0.002163 0.427472
0 2 0.361120 0.198722 0.078414 0.003229 0.358516
4 2 0.348668 0.186989 0.065078 0.002934 0.396331
4 2 0.365904 0.183996 0.064588 0.003813 0.381700
4 2 0.223108 0.251440 0.112583 0.001484 0.411385
4 2 0.134324 0.251458 0.116957 0.001233 0.496029
4 2 0.241564 0.239686 0.101211 0.002211 0.415327
4 2 0.174816 0.295314 0.168105 0.002656 0.359109
4 2 0.155085 0.291055 0.152723 0.001735 0.399402
4 2 0.059701 0.311742 0.188626 0.000431 0.439500
4 2 0.059611 0.304208 0.242616 0.000623 0.392942
4 2 0.061533 0.320386 0.238721 0.000641 0.378719
2 2 0.045073 0.325240 0.326121 0.000591 0.302974
2 2 0.034222 0.277347 0.373481 0.000599 0.314351
4 2 0.035641 0.243708 0.345474 0.000507 0.374670
4 2 0.021012 0.170123 0.401022 0.000354 0.407489
4 2 0.014260 0.148372 0.408526 0.000294 0.428547
4 2 0.017976 0.149392 0.379679 0.000305 0.452648
4 2 0.030823 0.185373 0.256669 0.000299 0.526836
4 2 0.036213 0.200698 0.195036 0.000269 0.567783
4 2 0.033452 0.214874 0.177013 0.000303 0.574358
4 2 0.036641 0.222378 0.187781 0.000364 0.552837
4 2 0.117515 0.245437 0.107334 0.000502 0.529212
4 0 0.232321 0.249481 0.113853 0.000769 0.403576
4 1 0.322360 0.220442 0.096620 0.001527 0.359050
0 1 0.362359 0.234495 0.134156 0.003136 0.265854
0 2 0.447160 0.205286 0.119848 0.013971 0.213735
0 0 0.452559 0.209128 0.140913 0.017131 0.180269
1 0 0.270515 0.277950 0.189026 0.009581 0.252928
4 1 0.132382 0.322767 0.215881 0.002619 0.326350
1 1 0.097332 0.336392 0.241266 0.001140 0.323870
1 2 0.101950 0.342927 0.298239 0.001566 0.255318
4 2 0.087525 0.336767 0.236072 0.000805 0.338832
2 2 0.046572 0.282486 0.421008 0.001212 0.248723
2 2 0.045648 0.315708 0.361159 0.001152 0.276333
1 2 0.083782 0.326146 0.309303 0.002363 0.278405
4 2 0.090482 0.330888 0.214484 0.001283 0.362863
1 2 0.158703 0.318612 0.233906 0.001985 0.286795
0 2 0.351514 0.224606 0.110307 0.002532 0.311040
0 2 0.364082 0.211481 0.094458 0.003220 0.326759
0 0 0.437644 0.206046 0.114348 0.011555 0.230406
0 0 0.385250 0.240723 0.186491 0.005979 0.181557
0 1 0.425215 0.223092 0.160889 0.011215 0.179589
0 1 0.436708 0.205533 0.112568 0.011319 0.233872
0 1 0.376292 0.182282 0.064410 0.004539 0.372477
4 2 0.258930 0.184589 0.055361 0.000595 0.500525
4 2 0.053505 0.218115 0.294703 0.000169 0.433508
2 2 0.043689 0.207291 0.459050 0.000324 0.289646
2 2 0.046374 0.197658 0.556113 0.000557 0.199298
2 2 0.051622 0.187383 0.480318 0.000642 0.280035
2 2 0.039837 0.186006 0.599972 0.000795 0.173390
2 2 0.226030 0.257467 0.259824 0.001124 0.255555
4 2 0.192339 0.292620 0.216806 0.000878 0.297357
4 2 0.311219 0.238006 0.119477 0.001202 0.330096
4 2 0.191121 0.243529 0.098502 0.000655 0.466193
4 2 0.147302 0.245298 0.092971 0.000972 0.513458
4 2 0.153999 0.209947 0.064163 0.000992 0.570898
4 2 0.133589 0.262116 0.110381 0.000450 0.493464
4 2 0.151920 0.280975 0.138548 0.000601 0.427956
4 2 0.174310 0.299131 0.180181 0.001213 0.345165
4 2 0.252848 0.270970 0.156533 0.001700 0.317951
4 2 0.179438 0.258159 0.149135 0.000759 0.412509
4 2 0.164151 0.236343 0.151140 0.001332 0.447034
4 2 0.119993 0.247539 0.171133 0.000971 0.460364
4 2 0.138342 0.256617 0.153037 0.001061 0.450943
4 2 0.226482 0.276695 0.167735 0.001767 0.327322
2 2 0.019446 0.192255 0.588308 0.001682 0.198310
2 2 0.026258 0.195688 0.591646 0.001947 0.184461
2 2 0.041053 0.227853 0.525278 0.001438 0.204378
2 2 0.039803 0.194019 0.592286 0.001617 0.172275
2 2 0.073441 0.272301 0.459282 0.001574 0.193403
2 2 0.129381 0.297032 0.349794 0.001842 0.221952
0 2 0.308687 0.257362 0.158662 0.001665 0.273624
0 1 0.349655 0.222931 0.107059 0.002455 0.317900
0 2 0.388034 0.224516 0.125785 0.004896 0.256769
4 2 0.332468 0.191240 0.066967 0.002113 0.407212
4 2 0.143685 0.232786 0.157244 0.001333 0.464953
4 2 0.127557 0.273141 0.262575 0.001907 0.334821
4 2 0.152306 0.306827 0.187023 0.001122 0.352722
1 2 0.257573 0.287992 0.225524 0.003240 0.225671
1 2 0.217371 0.303016 0.292055 0.003007 0.184551
0 2 0.378427 0.243519 0.191821 0.006428 0.179804
0 2 0.421106 0.221845 0.146310 0.009565 0.201174
0 2 0.387074 0.191024 0.074750 0.005087 0.342066
4 2 0.351760 0.197985 0.076076 0.002783 0.371397
4 2 0.298600 0.205551 0.076177 0.001073 0.418599
4 2 0.124730 0.299598 0.158621 0.001234 0.415817
4 2 0.136997 0.320950 0.213000 0.002922 0.326130
4 2 0.124095 0.242017 0.148765 0.001228 0.483894
4 2 0.053269 0.237641 0.324935 0.000759 0.383395
4 2 0.060773 0.246861 0.273189 0.000778 0.418399
4 2 0.067639 0.247649 0.250250 0.000833 0.433629
4 2 0.047399 0.255063 0.287403 0.000724 0.409411
2 2 0.030467 0.220996 0.374995 0.001083 0.372459
2 2 0.021506 0.168764 0.473974 0.001496 0.334260
2 2 0.020564 0.133830 0.480427 0.001585 0.363595
2 2 0.024559 0.126124 0.468814 0.001944 0.378559
4 2 0.036917 0.148672 0.396572 0.002018 0.415821
2 2 0.034233 0.146545 0.410026 0.002466 0.406730
4 2 0.032985 0.163151 0.391028 0.002718 0.410118
2 2 0.031013 0.153197 0.411259 0.003232 0.401298
2 2 0.042692 0.177135 0.446782 0.004355 0.329037
2 3 0.059813 0.206632 0.422814 0.005970 0.304770
2 2 0.095278 0.261611 0.440145 0.004742 0.198224
2 2 0.141762 0.310290 0.396897 0.003052 0.147999
2 2 0.100484 0.307916 0.484227 0.002856 0.104516
0 2 0.394558 0.236314 0.176137 0.006744 0.186247
0 2 0.423188 0.220806 0.144910 0.009882 0.201213
0 2 0.416138 0.228642 0.187897 0.011288 0.156034
1 2 0.277120 0.280697 0.271051 0.007769 0.163363
1 2 0.245299 0.293293 0.268362 0.008675 0.184370
1 2 0.268122 0.284812 0.250627 0.010363 0.186075
0 2 0.369404 0.245971 0.205152 0.013393 0.166081
0 2 0.386075 0.238080 0.227575 0.014312 0.133959
0 2 0.435764 0.219096 0.191382 0.017915 0.135843
0 2 0.438090 0.218597 0.171446 0.015746 0.156121
0 2 0.448145 0.213235 0.180967 0.021575 0.136078
0 3 0.440204 0.213926 0.206570 0.023828 0.115472
0 3 0.359812 0.232310 0.277830 0.033961 0.096088
2 3 0.183254 0.220727 0.448492 0.046069 0.101458
2 3 0.154350 0.232625 0.450397 0.038174 0.124455
2 3 0.073870 0.153609 0.646824 0.058230 0.067467
2 3 0.060066 0.154977 0.694620 0.032402 0.057936
2 3 0.098126 0.178244 0.616815 0.042050 0.064765
2 3 0.099741 0.157528 0.621285 0.048945 0.072501
2 3 0.070644 0.137489 0.661179 0.045413 0.085273
2 3 0.127565 0.136027 0.403817 0.072646 0.259946
2 3 0.230293 0.175879 0.321100 0.082586 0.190142
0 3 0.308833 0.185056 0.237685 0.081819 0.186607
0 3 0.389827 0.186360 0.166523 0.079042 0.178248
0 3 0.398526 0.166682 0.155243 0.082886 0.196663
0 3 0.282193 0.182932 0.217083 0.085696 0.232096
2 3 0.143473 0.127091 0.312167 0.203217 0.214051
3 3 0.095777 0.078874 0.294188 0.382578 0.148584
3 3 0.112222 0.083995 0.305784 0.314087 0.183912
2 3 0.175649 0.107503 0.267653 0.210673 0.238522
0 3 0.256093 0.127917 0.217622 0.152809 0.245559
0 3 0.266649 0.167030 0.231853 0.118173 0.216295
0 3 0.284350 0.204964 0.228448 0.104888 0.177350
2 3 0.175931 0.133100 0.268831 0.241021 0.181117
3 3 0.205054 0.095158 0.218750 0.332166 0.148872
3 3 0.173717 0.063129 0.194727 0.455315 0.113112
0 3 0.308338 0.103437 0.167960 0.292746 0.127519
0 0 0.520687 0.152452 0.100819 0.101379 0.124663
0 0 0.520687 0.152452 0.100819 0.101379 0.124663
0 1 0.520687 0.152452 0.100819 0.101379 0.124663
1 2 0.112364 0.336259 0.259128 0.009786 0.282463
1 2 0.090430 0.332686 0.293689 0.010190 0.273005
2 2 0.049564 0.203653 0.484276 0.033651 0.228856
2 2 0.043940 0.172977 0.462758 0.037914 0.282411
4 2 0.045169 0.129414 0.374890 0.064385 0.386141
4 2 0.044593 0.149247 0.226852 0.011172 0.568137
4 2 0.038419 0.139221 0.228226 0.009988 0.584146
4 2 0.047956 0.181647 0.183864 0.005900 0.580633
4 4 0.060681 0.217577 0.195718 0.003716 0.522308
4 4 0.058204 0.141209 0.112745 0.002315 0.685527
4 4 0.060446 0.107564 0.129673 0.004054 0.698264
4 4 0.077578 0.084808 0.239199 0.032923 0.565492
4 4 0.071323 0.098328 0.205983 0.017647 0.606720
4 4 0.074723 0.093558 0.199335 0.017111 0.615273
4 4 0.203768 0.120012 0.091711 0.006325 0.578183
4 4 0.121235 0.092059 0.069737 0.002087 0.714881
4 4 0.173558 0.168008 0.040176 0.000653 0.617606
4 4 0.141731 0.133240 0.024601 0.000179 0.700250
4 4 0.081487 0.144597 0.028040 0.000137 0.745740
4 4 0.063328 0.173998 0.040502 0.000218 0.721954
4 4 0.090253 0.234119 0.293270 0.003248 0.379109
4 4 0.052843 0.230623 0.136216 0.000766 0.579553
4 4 0.038190 0.216372 0.139537 0.000828 0.605073
4 4 0.017375 0.159153 0.170230 0.000404 0.652839
4 4 0.025142 0.131042 0.121588 0.000511 0.721717
4 4 0.032439 0.097830 0.106338 0.001189 0.762205
4 4 0.049522 0.104629 0.091058 0.001423 0.753368
4 4 0.041501 0.082418 0.101324 0.001790 0.772966
4 4 0.041148 0.076784 0.127072 0.003172 0.751824
4 4 0.061102 0.091691 0.123409 0.003880 0.719918
4 4 0.068187 0.114826 0.165489 0.007320 0.644177
4 4 0.054207 0.102896 0.152201 0.005332 0.685364
4 4 0.107547 0.152112 0.207421 0.012847 0.520073
4 4 0.108180 0.158631 0.292101 0.022449 0.418639
4 4 0.110144 0.197558 0.327049 0.015035 0.350214
2 4 0.166281 0.179796 0.332260 0.026980 0.294683
4 4 0.178434 0.169010 0.205329 0.008643 0.438584
4 4 0.259237 0.203199 0.180190 0.008213 0.349160
4 4 0.279929 0.135689 0.076459 0.003628 0.504295
4 4 0.265269 0.140018 0.043637 0.001517 0.549558
4 4 0.253344 0.109315 0.068960 0.004604 0.563778
0 4 0.385372 0.166270 0.066352 0.007377 0.374628
0 4 0.432780 0.178129 0.069906 0.011081 0.308105
0 4 0.402853 0.176548 0.062935 0.007098 0.350567
0 4 0.448490 0.178219 0.073812 0.014158 0.285322
0 4 0.482199 0.175950 0.083044 0.025298 0.233508
0 4 0.520687 0.152452 0.100819 0.101379 0.124663
0 4 0.520687 0.152452 0.100819 0.101379 0.124663
0 4 0.520687 0.152452 0.100819 0.101379 0.124663
0 4 0.520687 0.152452 0.100819 0.101379 0.124663
0 4 0.514226 0.166518 0.094371 0.054944 0.169942
0 4 0.514516 0.166327 0.094510 0.055538 0.169109
0 4 0.462858 0.155913 0.100159 0.038292 0.242778
0 4 0.515879 0.165351 0.095191 0.058588 0.164991
0 4 0.516436 0.164906 0.095486 0.059984 0.163188
0 4 0.520687 0.152452 0.100819 0.101379 0.124663
0 4 0.520687 0.152452 0.100819 0.101379 0.124663
0 4 0.457637 0.177983 0.076185 0.016422 0.271774
4 4 0.332327 0.167185 0.048242 0.002574 0.449672
4 4 0.211038 0.135684 0.026886 0.000379 0.626012
4 4 0.206832 0.197864 0.059717 0.001047 0.534540
4 4 0.209331 0.123989 0.082088 0.004954 0.579638
4 4 0.118184 0.056643 0.095765 0.005841 0.723567
4 4 0.209897 0.085692 0.076120 0.005152 0.623139
4 4 0.179502 0.076446 0.067226 0.003405 0.673422
4 4 0.203850 0.109543 0.040672 0.001024 0.644910
4 4 0.247651 0.134355 0.040774 0.001201 0.576019
4 4 0.198891 0.115136 0.034076 0.000650 0.651248
4 4 0.173065 0.100929 0.032580 0.000535 0.692890
4 4 0.139446 0.073064 0.039472 0.000784 0.747234
4 4 0.192882 0.089677 0.056054 0.002220 0.659166
4 4 0.277708 0.123152 0.065168 0.004353 0.529619
4 4 0.232341 0.120004 0.045419 0.001485 0.600750
4 4 0.209172 0.127348 0.030533 0.000514 0.632433
4 4 0.235364 0.143544 0.030839 0.000579 0.589674
4 4 0.202430 0.140241 0.035178 0.000642 0.621509
4 4 0.178614 0.097958 0.037819 0.000789 0.684820
4 4 0.184116 0.098910 0.039920 0.000918 0.676136
4 4 0.127248 0.061278 0.054443 0.001641 0.755391
4 4 0.164460 0.083626 0.052234 0.001628 0.698053
0 4 0.396473 0.176006 0.061515 0.006469 0.359538
0 4 0.468602 0.177364 0.079146 0.019768 0.255120
0 4 0.520687 0.152452 0.100819 0.101379 0.124663
0 1 0.520687 0.152452 0.100819 0.101379 0.124663
0 1 0.520687 0.152452 0.100819 0.101379 0.124663
0 1 0.520687 0.152452 0.100819 0.101379 0.124663
0 1 0.449394 0.132879 0.124462 0.079212 0.214053
0 1 0.505835 0.170565 0.090853 0.042470 0.190277
0 1 0.395393 0.175907 0.061277 0.006369 0.361054
4 1 0.372981 0.173458 0.056456 0.004614 0.392492
4 1 0.338564 0.168292 0.049462 0.002817 0.440865
4 2 0.199242 0.131574 0.025024 0.000305 0.643854
4 2 0.178045 0.123669 0.021769 0.000202 0.676315
4 2 0.164542 0.143767 0.029636 0.000110 0.661945
4 2 0.138190 0.147325 0.030655 0.000079 0.683751
4 2 0.150906 0.139296 0.027642 0.000073 0.682083
4 2 0.166467 0.121084 0.020749 0.000153 0.691547
4 2 0.259444 0.150542 0.034907 0.000859 0.554248
0 2 0.412758 0.177254 0.065183 0.008207 0.336598
0 2 0.460605 0.177854 0.076972 0.017251 0.267318
4 2 0.127695 0.292654 0.157722 0.000090 0.421839
4 2 0.193804 0.292963 0.186075 0.000213 0.326945
4 2 0.244681 0.272655 0.163305 0.000312 0.319048
4 2 0.264460 0.244962 0.117559 0.000474 0.372545
4 2 0.187973 0.260038 0.118347 0.000501 0.433142
4 2 0.226930 0.269005 0.142163 0.000960 0.360941
4 2 0.273758 0.226295 0.094717 0.000606 0.404624
4 2 0.209056 0.181718 0.050885 0.000210 0.558131
4 2 0.233317 0.207823 0.071610 0.000293 0.486956
4 2 0.187494 0.218859 0.077729 0.000092 0.515827
4 2 0.213492 0.213721 0.075127 0.000181 0.497481
4 2 0.252630 0.252538 0.126374 0.000365 0.368092
4 2 0.300463 0.227639 0.101347 0.001003 0.369549
0 2 0.289996 0.263727 0.165756 0.000835 0.279686
1 2 0.242312 0.289469 0.211231 0.001135 0.255853
1 2 0.200693 0.309685 0.254580 0.005534 0.229507
