0 0 0.708665 0.153259 0.091016 0.008416 0.038645
0 0 0.745338 0.127591 0.073731 0.014015 0.039326
0 0 0.702666 0.143115 0.082436 0.013766 0.058017
0 0 0.744815 0.133192 0.075314 0.010335 0.036343
0 0 0.756585 0.132135 0.079755 0.008637 0.022888
0 0 0.759123 0.129438 0.080211 0.009667 0.021561
0 0 0.725466 0.140404 0.093405 0.012865 0.027860
0 0 0.738002 0.138332 0.087035 0.010219 0.026412
0 0 0.721484 0.142088 0.094618 0.012891 0.028919
0 0 0.665132 0.160282 0.114473 0.016720 0.043393
0 0 0.653868 0.160310 0.110826 0.018683 0.056313
0 0 0.691837 0.144041 0.088415 0.017420 0.058288
0 0 0.758804 0.125467 0.071254 0.011546 0.032929
0 0 0.755625 0.135507 0.077426 0.006839 0.024604
0 0 0.579092 0.179855 0.183278 0.019299 0.038476
0 0 0.510692 0.188268 0.233991 0.025912 0.041137
0 0 0.436209 0.185311 0.303350 0.038914 0.036216
0 0 0.508923 0.181856 0.244170 0.030178 0.034873
0 0 0.525127 0.182153 0.234852 0.024852 0.033016
0 0 0.556337 0.176398 0.212541 0.023786 0.030938
4 0 0.213499 0.259966 0.226930 0.013759 0.285846
4 0 0.273998 0.233087 0.188960 0.017688 0.286266
0 0 0.348209 0.187788 0.119488 0.020421 0.324094
0 0 0.360491 0.211507 0.173410 0.023578 0.231015
0 0 0.427580 0.203386 0.175501 0.027119 0.166413
0 0 0.424842 0.205373 0.250896 0.035427 0.083462
0 0 0.607682 0.183138 0.126295 0.013701 0.069184
0 0 0.594681 0.192379 0.121859 0.009410 0.081671
0 0 0.572318 0.198422 0.126645 0.009483 0.093133
0 0 0.593522 0.192992 0.121666 0.009209 0.082610
0 0 0.612519 0.185383 0.102498 0.007007 0.092592
0 0 0.605314 0.165372 0.078944 0.008162 0.142208
0 0 0.689267 0.146125 0.070321 0.008662 0.085625
0 0 0.715308 0.125548 0.061252 0.014642 0.083251
0 0 0.721389 0.126247 0.067611 0.017518 0.067235
0 0 0.664065 0.142416 0.090297 0.025955 0.077266
0 0 0.640988 0.115599 0.062724 0.040717 0.139972
0 0 0.655126 0.110968 0.053965 0.031366 0.148574
0 0 0.512203 0.063725 0.021784 0.042042 0.360247
0 0 0.578730 0.065362 0.019618 0.025087 0.311203
0 0 0.786996 0.095841 0.031777 0.006309 0.079078
0 0 0.819580 0.087687 0.030384 0.007126 0.055223
0 0 0.776673 0.125942 0.062324 0.005710 0.029350
0 0 0.808141 0.095648 0.037473 0.008508 0.050230
0 0 0.763603 0.091742 0.034763 0.014821 0.095071
0 0 0.704633 0.082338 0.025067 0.012257 0.175705
0 0 0.631280 0.058011 0.012722 0.009554 0.288433
0 0 0.592915 0.055656 0.010678 0.005933 0.334817
4 0 0.342924 0.069588 0.015378 0.004504 0.567606
4 0 0.237687 0.047119 0.009940 0.005421 0.699832
4 0 0.219441 0.048868 0.013016 0.010612 0.708063
4 0 0.325182 0.046083 0.012788 0.022226 0.593722
0 0 0.458890 0.050417 0.014738 0.036946 0.439009
0 0 0.675070 0.070872 0.025796 0.039728 0.188534
0 0 0.861871 0.055260 0.020864 0.025288 0.036717
0 0 0.884403 0.053529 0.024138 0.023040 0.014890
0 0 0.895993 0.053642 0.035715 0.012744 0.001905
0 0 0.911458 0.046090 0.029919 0.011250 0.001283
0 0 0.935996 0.035408 0.020819 0.007123 0.000654
0 0 0.947522 0.031498 0.016367 0.004122 0.000490
0 0 0.975364 0.016786 0.005549 0.001968 0.000333
0 0 0.966105 0.022573 0.009516 0.001590 0.000216
0 0 0.978008 0.015322 0.005711 0.000876 0.000083
0 0 0.980567 0.013600 0.004978 0.000793 0.000062
0 0 0.968688 0.019177 0.009240 0.002754 0.000141
0 0 0.953706 0.026609 0.011771 0.006948 0.000966
0 0 0.920922 0.027064 0.009680 0.032809 0.009526
0 0 0.874763 0.023332 0.005799 0.050567 0.045539
0 0 0.840286 0.037886 0.010015 0.031900 0.079913
0 0 0.698369 0.056318 0.014043 0.016840 0.214429
4 0 0.311088 0.103278 0.034365 0.008380 0.542888
4 0 0.118168 0.058520 0.018203 0.006524 0.798584
4 0 0.040407 0.039517 0.012806 0.003539 0.903732
4 0 0.018544 0.027527 0.011054 0.004670 0.938205
4 0 0.025018 0.040074 0.017892 0.005503 0.911512
4 0 0.024852 0.032711 0.014050 0.006693 0.921694
4 0 0.052530 0.057238 0.024436 0.007110 0.858686
4 0 0.029001 0.035800 0.014596 0.005936 0.914667
4 0 0.030151 0.039795 0.016193 0.005207 0.908654
4 0 0.020802 0.032680 0.014076 0.005278 0.927164
0 0 0.821188 0.106077 0.055798 0.004881 0.012056
0 0 0.915294 0.049843 0.027557 0.005722 0.001585
0 0 0.919923 0.041597 0.026777 0.010719 0.000984
0 0 0.903902 0.049015 0.032757 0.012821 0.001505
0 0 0.914009 0.056549 0.024981 0.002218 0.002243
0 0 0.902211 0.067350 0.025648 0.001194 0.003597
0 0 0.810917 0.122266 0.043840 0.001147 0.021829
0 0 0.664301 0.179852 0.091148 0.003872 0.060827
0 0 0.633405 0.206812 0.088689 0.001620 0.069473
0 0 0.545401 0.273410 0.102565 0.000591 0.078033
0 0 0.756509 0.188163 0.035769 0.000036 0.019522
0 0 0.543880 0.283391 0.098296 0.000394 0.074040
0 0 0.509982 0.304533 0.105795 0.000349 0.079341
0 0 0.501499 0.299669 0.112893 0.000510 0.085429
0 0 0.511358 0.275772 0.119566 0.001086 0.092218
0 0 0.537849 0.259177 0.109868 0.001187 0.091919
0 0 0.496569 0.278354 0.126145 0.001285 0.097646
0 0 0.415682 0.314358 0.143046 0.001120 0.125795
0 1 0.397572 0.274367 0.107851 0.001499 0.218711
0 1 0.353420 0.282334 0.111203 0.001437 0.251607
4 1 0.275496 0.274378 0.100585 0.001199 0.348342
1 1 0.264432 0.366231 0.185068 0.001036 0.183233
1 1 0.249707 0.299115 0.179098 0.003819 0.268261
4 1 0.193895 0.234363 0.133532 0.005828 0.432382
4 1 0.175868 0.276646 0.190049 0.005897 0.351540
1 1 0.119128 0.345917 0.281386 0.002865 0.250705
4 1 0.089966 0.258473 0.203387 0.005364 0.442810
4 1 0.107850 0.244594 0.148758 0.003470 0.495328
4 1 0.056005 0.095886 0.041811 0.003356 0.802943
4 1 0.095668 0.115203 0.048238 0.004201 0.736690
4 1 0.098650 0.104826 0.039204 0.003515 0.753806
4 1 0.103701 0.113820 0.041478 0.002937 0.738065
4 1 0.066507 0.111488 0.044764 0.002401 0.774839
4 2 0.061253 0.120709 0.052039 0.002375 0.763624
4 2 0.046347 0.122869 0.059817 0.002403 0.768564
4 2 0.039575 0.139723 0.084188 0.003144 0.733370
4 2 0.036127 0.127604 0.079548 0.003724 0.752997
4 2 0.034510 0.123963 0.076506 0.003573 0.761447
4 2 0.040903 0.121024 0.075454 0.004891 0.757729
4 2 0.041897 0.136191 0.094252 0.005725 0.721934
4 2 0.021160 0.146271 0.126717 0.004113 0.701739
4 2 0.027973 0.137546 0.118420 0.006728 0.709334
4 2 0.026886 0.149024 0.131164 0.005811 0.687114
4 1 0.024897 0.070404 0.050810 0.011053 0.842836
4 1 0.034546 0.130961 0.101406 0.006951 0.726137
4 2 0.013062 0.062068 0.042436 0.004643 0.877791
4 2 0.011518 0.048484 0.031226 0.004844 0.903928
4 2 0.014199 0.051728 0.034053 0.006283 0.893737
4 2 0.023157 0.092930 0.071472 0.007535 0.804906
4 2 0.029063 0.125580 0.105537 0.007848 0.731971
4 1 0.031656 0.050907 0.027151 0.009473 0.880813
4 2 0.040479 0.076247 0.038884 0.005625 0.838765
4 2 0.050434 0.091253 0.043315 0.004284 0.810715
4 2 0.050191 0.103069 0.046184 0.002788 0.797768
4 2 0.025582 0.055407 0.024284 0.003060 0.891667
4 2 0.043481 0.085392 0.040340 0.003880 0.826907
4 2 0.033859 0.139140 0.106364 0.005738 0.714899
4 2 0.028970 0.115812 0.092897 0.007822 0.754499
4 2 0.027703 0.118096 0.097381 0.007775 0.749045
4 2 0.033540 0.151961 0.131930 0.007219 0.675351
4 2 0.016431 0.212070 0.344878 0.004590 0.422030
2 2 0.010363 0.182406 0.509070 0.007099 0.291062
2 2 0.008456 0.161897 0.569802 0.009238 0.250607
2 2 0.006690 0.147893 0.613873 0.009699 0.221845
2 2 0.005428 0.128157 0.678954 0.012303 0.175159
2 2 0.003557 0.092814 0.784696 0.018312 0.100620
2 2 0.002431 0.063291 0.845202 0.030930 0.058145
2 2 0.001159 0.035442 0.883856 0.051025 0.028518
2 2 0.000920 0.031403 0.908748 0.040593 0.018336
2 2 0.001202 0.039860 0.891938 0.037184 0.029816
2 2 0.001034 0.034904 0.900443 0.040084 0.023534
2 2 0.001415 0.045600 0.872979 0.037631 0.042374
2 2 0.001338 0.041732 0.872907 0.044783 0.039240
2 2 0.001210 0.037843 0.888463 0.043667 0.028817
2 2 0.000854 0.027293 0.898546 0.056094 0.017214
2 2 0.000584 0.018032 0.881273 0.089668 0.010443
2 2 0.000688 0.017238 0.846182 0.125219 0.010673
2 1 0.001520 0.022250 0.794965 0.167859 0.013405
2 2 0.003928 0.042718 0.807368 0.119282 0.026705
2 2 0.007110 0.066765 0.815198 0.074668 0.036259
2 2 0.002666 0.059257 0.868676 0.032202 0.037198
2 2 0.002375 0.054424 0.888747 0.028410 0.026044
2 2 0.004118 0.083025 0.840063 0.021780 0.051015
2 2 0.005305 0.081284 0.825520 0.034334 0.053558
2 2 0.003897 0.056171 0.854319 0.055181 0.030431
2 2 0.003461 0.034494 0.782764 0.158869 0.020413
2 2 0.005086 0.032848 0.655675 0.280113 0.026277
3 2 0.003474 0.016560 0.435716 0.527632 0.016618
3 2 0.002113 0.008605 0.275020 0.703730 0.010533
3 3 0.001140 0.005511 0.241861 0.744748 0.006740
3 3 0.001170 0.005122 0.207715 0.778660 0.007333
3 3 0.001341 0.008016 0.315142 0.663956 0.011546
3 3 0.000884 0.006210 0.309397 0.674874 0.008635
3 3 0.000927 0.005744 0.259347 0.724429 0.009552
3 3 0.000608 0.003329 0.176295 0.814067 0.005702
3 3 0.000485 0.001938 0.101453 0.892438 0.003687
3 3 0.000667 0.002575 0.117736 0.874163 0.004860
3 3 0.000860 0.002863 0.101838 0.886959 0.007481
3 3 0.000796 0.002529 0.088850 0.900646 0.007179
3 3 0.000778 0.002122 0.069986 0.920969 0.006145
3 3 0.001855 0.003297 0.061540 0.921696 0.011613
3 3 0.001835 0.003178 0.058490 0.925050 0.011447
3 3 0.001658 0.002968 0.055307 0.927753 0.012314
3 3 0.001293 0.002524 0.054422 0.931817 0.009943
3 3 0.000903 0.001853 0.044974 0.943944 0.008326
3 3 0.000626 0.001358 0.040335 0.952381 0.005301
3 3 0.000846 0.001507 0.034613 0.955871 0.007162
3 3 0.000971 0.001606 0.033174 0.956031 0.008218
3 3 0.001466 0.002228 0.039407 0.946808 0.010091
3 3 0.001152 0.002215 0.050807 0.937823 0.008004
3 3 0.001477 0.003347 0.083400 0.903395 0.008381
3 3 0.001114 0.003288 0.109989 0.879318 0.006290
3 3 0.001385 0.004502 0.141426 0.843951 0.008736
3 3 0.002358 0.008454 0.209333 0.762140 0.017716
3 3 0.002294 0.007183 0.175756 0.799645 0.015122
3 3 0.001696 0.004383 0.103854 0.876949 0.013117
3 3 0.001598 0.003621 0.077073 0.903570 0.014138
3 3 0.001306 0.002502 0.046059 0.933835 0.016298
3 3 0.001407 0.002126 0.032500 0.947404 0.016563
3 3 0.000875 0.001202 0.019649 0.966604 0.011671
2 3 0.014842 0.057637 0.739308 0.167105 0.021109
2 2 0.010265 0.057086 0.779049 0.131496 0.022105
2 2 0.005207 0.046343 0.832453 0.098491 0.017507
2 2 0.004608 0.051394 0.859443 0.065447 0.019108
2 2 0.002019 0.033418 0.892110 0.061625 0.010828
2 2 0.001921 0.030266 0.878914 0.078279 0.010620
2 2 0.002819 0.035793 0.812220 0.125822 0.023347
2 2 0.002649 0.030006 0.778393 0.169435 0.019517
2 2 0.002580 0.027130 0.769426 0.185496 0.015368
2 2 0.001898 0.016978 0.643262 0.326748 0.011115
2 2 0.001608 0.011472 0.499753 0.479128 0.008039
3 2 0.002086 0.008099 0.251098 0.728553 0.010165
3 3 0.001253 0.004013 0.129572 0.857063 0.008100
3 3 0.001034 0.002744 0.076016 0.910572 0.009634
3 3 0.001029 0.002470 0.060307 0.924546 0.011649
3 3 0.001563 0.003417 0.071710 0.909647 0.013663
3 3 0.001672 0.003875 0.087602 0.894939 0.011912
3 3 0.001260 0.002953 0.078495 0.909626 0.007665
3 3 0.001044 0.002170 0.054525 0.934944 0.007317
3 3 0.000855 0.001607 0.038371 0.952014 0.007153
3 3 0.001645 0.001897 0.031296 0.959021 0.006140
3 3 0.007906 0.004812 0.040057 0.939040 0.008186
3 3 0.023874 0.010568 0.061231 0.894778 0.009549
3 3 0.167617 0.072713 0.246975 0.485896 0.026799
2 1 0.234871 0.141958 0.438113 0.155071 0.029987
2 1 0.208717 0.210309 0.486612 0.034891 0.059472
0 2 0.373698 0.207620 0.274639 0.043452 0.100591
2 2 0.241794 0.192932 0.371114 0.075543 0.118616
2 2 0.194287 0.168297 0.327157 0.117321 0.192939
2 2 0.064088 0.099103 0.574113 0.216550 0.046147
2 2 0.015760 0.064403 0.675807 0.206323 0.037707
2 2 0.009523 0.077802 0.794769 0.073745 0.044161
2 2 0.004106 0.069674 0.869123 0.027451 0.029646
2 2 0.002961 0.054735 0.892011 0.030449 0.019844
2 2 0.002477 0.056128 0.901822 0.020807 0.018767
2 2 0.002922 0.065707 0.890166 0.017687 0.023518
2 2 0.001328 0.049677 0.917526 0.013190 0.018279
2 2 0.001374 0.049467 0.894047 0.022387 0.032725
2 2 0.001029 0.045529 0.900019 0.020320 0.033103
2 2 0.001100 0.046191 0.888850 0.024278 0.039580
2 2 0.000516 0.024646 0.915583 0.041562 0.017693
2 2 0.000453 0.017181 0.884411 0.085693 0.012263
2 2 0.000545 0.016645 0.848856 0.120981 0.012973
2 2 0.000589 0.016235 0.818682 0.150137 0.014356
2 2 0.000309 0.009116 0.759981 0.223232 0.007362
2 2 0.000253 0.009549 0.837009 0.147143 0.006046
2 2 0.000309 0.013639 0.907564 0.071648 0.006839
2 2 0.000352 0.014901 0.918842 0.059645 0.006259
2 2 0.000424 0.016445 0.897067 0.076369 0.009696
2 2 0.000660 0.020109 0.872662 0.092415 0.014154
2 2 0.000848 0.026735 0.872895 0.075510 0.024012
2 2 0.000865 0.031724 0.882546 0.053732 0.031132
2 2 0.000603 0.027281 0.905903 0.043636 0.022577
2 2 0.000748 0.037072 0.892787 0.030590 0.038803
2 2 0.001305 0.053031 0.835183 0.030573 0.079908
2 2 0.001292 0.053127 0.818156 0.033115 0.094310
2 2 0.001608 0.061274 0.782919 0.031085 0.123115
2 2 0.002465 0.081360 0.718822 0.023117 0.174236
2 2 0.003128 0.093228 0.691605 0.019904 0.192134
2 2 0.003531 0.103162 0.653053 0.016481 0.223773
4 2 0.007409 0.145434 0.307486 0.005374 0.534297
4 2 0.007266 0.136082 0.362527 0.008932 0.485193
2 2 0.006571 0.134860 0.440790 0.010663 0.407116
2 2 0.006960 0.138349 0.471578 0.011378 0.371735
2 2 0.006553 0.148445 0.474400 0.007968 0.362633
2 2 0.004225 0.130776 0.597358 0.008351 0.259290
2 2 0.003373 0.123178 0.625151 0.007748 0.240550
2 2 0.002637 0.113580 0.648879 0.007517 0.227387
2 2 0.003125 0.121774 0.594642 0.007214 0.273244
2 2 0.003374 0.126284 0.553877 0.006715 0.309751
2 2 0.003700 0.132744 0.477760 0.005479 0.380317
4 2 0.004415 0.135133 0.387513 0.004955 0.467984
4 2 0.005064 0.141542 0.359681 0.004487 0.489227
4 2 0.005842 0.151079 0.363413 0.004351 0.475314
4 2 0.005593 0.155265 0.370890 0.003788 0.464464
4 2 0.005662 0.147882 0.355568 0.004364 0.486524
4 2 0.005435 0.144882 0.345090 0.004241 0.500351
4 2 0.006455 0.136003 0.299391 0.005438 0.552713
4 2 0.007024 0.113641 0.202920 0.005793 0.670622
4 2 0.007077 0.065770 0.093876 0.008923 0.824353
4 2 0.013324 0.123380 0.198219 0.010221 0.654856
2 2 0.009351 0.154755 0.443312 0.010365 0.382217
2 2 0.005243 0.132667 0.695444 0.009849 0.156797
2 2 0.005121 0.147436 0.656538 0.006536 0.184369
2 2 0.008135 0.171801 0.466641 0.005938 0.347484
4 2 0.010898 0.188612 0.370064 0.004567 0.425859
4 2 0.007500 0.173040 0.341555 0.003308 0.474597
4 2 0.007315 0.176079 0.406251 0.003880 0.406475
2 2 0.006428 0.155646 0.451188 0.006055 0.380683
2 2 0.004989 0.134756 0.554228 0.009088 0.296939
2 2 0.003323 0.107505 0.716245 0.011922 0.161005
2 2 0.002385 0.085615 0.780887 0.015316 0.115796
2 2 0.001496 0.073472 0.837715 0.010921 0.076396
2 2 0.001197 0.062852 0.852830 0.013388 0.069733
2 2 0.000668 0.045744 0.900713 0.012606 0.040269
2 2 0.000647 0.042764 0.897068 0.016280 0.043240
2 2 0.000603 0.039717 0.893558 0.020147 0.045975
2 2 0.000769 0.047753 0.870570 0.018222 0.062685
2 2 0.000975 0.051554 0.851571 0.021623 0.074277
2 2 0.001294 0.056276 0.816940 0.027684 0.097806
2 2 0.000812 0.024399 0.871735 0.083235 0.019819
2 2 0.000542 0.015960 0.832914 0.137284 0.013300
2 2 0.000573 0.016908 0.840536 0.128060 0.013923
2 2 0.000577 0.016531 0.833641 0.135595 0.013656
2 2 0.000690 0.020321 0.857630 0.104837 0.016522
2 2 0.000670 0.016922 0.826869 0.142836 0.012703
2 2 0.000999 0.019404 0.784961 0.177811 0.016825
2 2 0.001635 0.021019 0.681700 0.271744 0.023902
3 2 0.001251 0.009788 0.407628 0.567841 0.013493
3 2 0.001483 0.009482 0.350035 0.624842 0.014159
3 2 0.001218 0.005503 0.202512 0.780916 0.009849
3 2 0.001820 0.009052 0.282487 0.691082 0.015559
3 2 0.001748 0.007637 0.232240 0.744181 0.014195
3 2 0.001451 0.005619 0.176035 0.805152 0.011744
3 2 0.000989 0.003293 0.113411 0.874467 0.007841
3 2 0.000878 0.002595 0.087571 0.902281 0.006675
3 3 0.000605 0.001845 0.073845 0.919213 0.004492
3 3 0.000415 0.001379 0.066965 0.928049 0.003193
3 3 0.000345 0.001028 0.049740 0.946308 0.002579
3 3 0.000456 0.001188 0.048840 0.946529 0.002987
3 3 0.000900 0.001681 0.040723 0.950086 0.006610
3 3 0.000469 0.000859 0.023674 0.970206 0.004792
3 3 0.000303 0.000651 0.023535 0.972325 0.003186
3 3 0.000310 0.000599 0.021006 0.975416 0.002669
3 3 0.000238 0.000425 0.015863 0.981590 0.001884
3 3 0.000268 0.000459 0.015701 0.981368 0.002205
3 3 0.000420 0.000611 0.015646 0.979829 0.003494
3 3 0.000410 0.000518 0.012582 0.983561 0.002929
3 3 0.000883 0.000808 0.012124 0.980696 0.005489
3 3 0.000908 0.000685 0.008308 0.983251 0.006848
3 3 0.001088 0.000748 0.007808 0.981781 0.008575
3 3 0.000667 0.000500 0.006983 0.987377 0.004474
3 3 0.000666 0.000578 0.009623 0.985535 0.003598
3 3 0.000683 0.000652 0.011609 0.983441 0.003616
3 3 0.000731 0.000882 0.016537 0.976382 0.005469
3 3 0.000895 0.001062 0.017408 0.972759 0.007876
3 3 0.000568 0.000688 0.013763 0.980262 0.004718
3 3 0.000507 0.000555 0.011239 0.984120 0.003579
3 3 0.000667 0.000719 0.012966 0.980856 0.004792
3 3 0.000972 0.001231 0.023273 0.968902 0.005622
3 3 0.001861 0.002033 0.038078 0.954692 0.003336
3 3 0.008929 0.008839 0.101751 0.871906 0.008575
3 3 0.010776 0.013740 0.167597 0.796177 0.011710
3 3 0.014690 0.019305 0.198059 0.748112 0.019834
3 3 0.002184 0.003886 0.075002 0.909086 0.009842
3 3 0.001951 0.002807 0.041254 0.938671 0.015317
3 3 0.001676 0.002204 0.033892 0.951348 0.010880
3 3 0.001339 0.001468 0.020993 0.966920 0.009281
3 3 0.000994 0.000975 0.013495 0.976161 0.008374
3 3 0.001013 0.000950 0.011501 0.974766 0.011770
3 3 0.000802 0.000819 0.011911 0.978167 0.008302
3 3 0.000549 0.000584 0.009955 0.983013 0.005899
3 3 0.000593 0.000609 0.010743 0.983364 0.004691
3 3 0.000538 0.000614 0.012229 0.982465 0.004153
3 3 0.000658 0.000691 0.012284 0.981659 0.004708
3 3 0.000537 0.000611 0.011734 0.982466 0.004652
3 3 0.000597 0.000734 0.014916 0.979170 0.004584
3 3 0.000520 0.000733 0.016575 0.977473 0.004698
3 3 0.000470 0.000663 0.015698 0.979084 0.004084
3 3 0.000508 0.000566 0.011082 0.983639 0.004204
3 3 0.001075 0.001231 0.018281 0.969747 0.009665
3 3 0.000552 0.000726 0.015086 0.978466 0.005170
3 3 0.000304 0.000405 0.010106 0.985876 0.003309
3 3 0.000266 0.000344 0.008434 0.987643 0.003313
3 3 0.000366 0.000450 0.009815 0.985352 0.004018
3 3 0.000368 0.000427 0.008703 0.986124 0.004379
3 3 0.000333 0.000413 0.010227 0.986304 0.002723
3 3 0.000332 0.000415 0.010271 0.986150 0.002832
3 3 0.000437 0.000516 0.011003 0.984255 0.003790
3 3 0.000368 0.000493 0.011879 0.983679 0.003581
3 3 0.000463 0.000539 0.010638 0.983664 0.004696
3 3 0.000352 0.000438 0.009853 0.985551 0.003805
3 3 0.000307 0.000364 0.008134 0.987683 0.003512
3 3 0.000404 0.000490 0.010689 0.984594 0.003822
3 3 0.000324 0.000398 0.009622 0.986744 0.002911
3 3 0.000405 0.000518 0.012572 0.983487 0.003018
3 3 0.000484 0.000615 0.013105 0.981337 0.004459
3 3 0.000479 0.000586 0.012919 0.982415 0.003602
3 3 0.000301 0.000384 0.010355 0.986687 0.002273
3 3 0.000171 0.000234 0.008146 0.990175 0.001274
3 3 0.000734 0.000722 0.012530 0.981802 0.004212
3 3 0.000643 0.000664 0.011489 0.982228 0.004976
3 3 0.000361 0.000394 0.008325 0.987594 0.003326
3 3 0.000347 0.000401 0.008703 0.986997 0.003552
3 3 0.000139 0.000171 0.005359 0.992862 0.001469
3 3 0.000226 0.000241 0.006079 0.991539 0.001913
3 3 0.000270 0.000244 0.005510 0.992245 0.001731
3 3 0.000568 0.000444 0.006751 0.988381 0.003857
3 3 0.000548 0.000458 0.006440 0.986492 0.006062
3 3 0.000540 0.000446 0.005783 0.985408 0.007823
3 3 0.000396 0.000391 0.006085 0.985998 0.007129
3 3 0.000217 0.000225 0.004460 0.991069 0.004029
3 3 0.000098 0.000113 0.003211 0.994668 0.001909
3 3 0.000152 0.000135 0.002653 0.994088 0.002972
3 3 0.000320 0.000225 0.003046 0.991396 0.005013
3 3 0.000426 0.000338 0.004695 0.988677 0.005863
3 3 0.000422 0.000398 0.006513 0.987421 0.005246
3 3 0.000558 0.000606 0.010753 0.982720 0.005363
3 3 0.000367 0.000479 0.011520 0.984263 0.003371
3 3 0.000252 0.000427 0.015550 0.982014 0.001756
3 3 0.000593 0.000875 0.017991 0.973461 0.007080
3 3 0.000906 0.001056 0.015340 0.971365 0.011333
3 3 0.001349 0.001545 0.020692 0.963435 0.012978
3 3 0.002044 0.001529 0.012983 0.964935 0.018507
3 3 0.001520 0.001079 0.009701 0.973384 0.014316
3 3 0.002549 0.001634 0.011149 0.959977 0.024692
3 3 0.002048 0.001466 0.011262 0.962081 0.023143
3 3 0.001773 0.001523 0.014249 0.962776 0.019679
3 3 0.000865 0.000977 0.014864 0.974227 0.009067
3 3 0.000591 0.000757 0.015722 0.978201 0.004729
3 3 0.000484 0.000630 0.015320 0.980536 0.003030
3 3 0.000395 0.000485 0.011859 0.984594 0.002668
3 3 0.000496 0.000515 0.010393 0.985447 0.003149
3 3 0.000403 0.000412 0.008458 0.987714 0.003014
3 3 0.000598 0.000540 0.009270 0.985934 0.003658
3 3 0.000610 0.000563 0.010397 0.985432 0.003000
3 3 0.001752 0.001514 0.022098 0.970258 0.004378
3 1 0.002445 0.002333 0.038987 0.952998 0.003237
3 1 0.003648 0.004767 0.100660 0.888149 0.002775
3 2 0.007305 0.011267 0.238713 0.739821 0.002894
2 2 0.003915 0.056246 0.795687 0.085095 0.059058
2 2 0.004241 0.052712 0.727583 0.133192 0.082272
2 2 0.003419 0.039012 0.700816 0.198176 0.058577
2 2 0.004305 0.041948 0.616392 0.243127 0.094227
2 2 0.004005 0.046449 0.688933 0.176069 0.084544
2 2 0.004997 0.051371 0.649426 0.185069 0.109137
2 2 0.003567 0.042497 0.675070 0.194980 0.083886
2 2 0.002749 0.033392 0.648087 0.246609 0.069163
2 2 0.001861 0.027845 0.668989 0.244309 0.056997
2 2 0.001981 0.030973 0.790120 0.147381 0.029545
2 2 0.003401 0.045438 0.819216 0.098150 0.033795
2 1 0.002573 0.039240 0.874722 0.067210 0.016256
2 2 0.003464 0.050408 0.884632 0.044461 0.017034
2 2 0.002847 0.046445 0.895383 0.040587 0.014738
2 2 0.002084 0.035009 0.901626 0.051395 0.009886
2 2 0.000747 0.024055 0.920640 0.045127 0.009431
2 2 0.000944 0.032835 0.914488 0.034444 0.017289
2 2 0.000826 0.030950 0.914464 0.036017 0.017744
2 2 0.001901 0.055488 0.862972 0.031114 0.048525
2 2 0.002694 0.065901 0.797952 0.041135 0.092318
4 2 0.008706 0.126536 0.189219 0.004563 0.670975
4 2 0.008448 0.128791 0.199635 0.004551 0.658575
4 2 0.008923 0.151546 0.212176 0.002976 0.624379
4 2 0.008588 0.167563 0.248172 0.002582 0.573095
4 2 0.008679 0.176307 0.260153 0.002347 0.552514
4 2 0.009633 0.161693 0.228657 0.002996 0.597020
4 2 0.009537 0.147011 0.216652 0.003844 0.622956
4 2 0.009017 0.115680 0.183349 0.006338 0.685616
4 2 0.008244 0.079608 0.111804 0.007996 0.792347
4 4 0.007354 0.055850 0.074737 0.010490 0.851569
4 4 0.006927 0.045198 0.052537 0.009621 0.885717
4 4 0.005001 0.031400 0.034750 0.009062 0.919787
4 4 0.004567 0.025239 0.022598 0.006704 0.940892
4 4 0.004502 0.022825 0.019141 0.006520 0.947012
4 4 0.006254 0.026338 0.019055 0.006165 0.942188
4 4 0.007449 0.030478 0.020337 0.005392 0.936344
4 4 0.006745 0.027151 0.018905 0.006048 0.941152
4 4 0.005669 0.018271 0.011274 0.006208 0.958578
4 4 0.005535 0.019995 0.013203 0.006166 0.955100
4 4 0.004714 0.011734 0.005484 0.004643 0.973425
4 4 0.028579 0.238606 0.292848 0.004294 0.435673
4 4 0.030890 0.175156 0.138263 0.003478 0.652213
4 4 0.114002 0.228101 0.171895 0.008657 0.477345
0 4 0.345219 0.209227 0.152547 0.022216 0.270792
0 4 0.400516 0.192735 0.122461 0.018794 0.265494
0 4 0.411046 0.198960 0.103415 0.009518 0.277062
1 1 0.243378 0.288173 0.193388 0.005898 0.269163
1 1 0.099683 0.323539 0.301019 0.004386 0.271373
4 1 0.051393 0.198355 0.199220 0.011148 0.539883
4 1 0.019929 0.217132 0.324807 0.004990 0.433142
4 1 0.009834 0.129438 0.196277 0.005381 0.659069
4 1 0.008076 0.148520 0.296689 0.005266 0.541449
4 2 0.008479 0.153005 0.266435 0.004134 0.567947
4 2 0.009853 0.130152 0.185432 0.004708 0.669855
4 2 0.009685 0.129654 0.214003 0.006218 0.640440
4 2 0.010020 0.130015 0.215331 0.006543 0.638091
4 2 0.010251 0.128932 0.182372 0.004997 0.673448
4 2 0.010019 0.156750 0.245464 0.004106 0.583662
4 2 0.008926 0.167802 0.384908 0.005802 0.432564
2 2 0.005755 0.150214 0.568282 0.007285 0.268464
2 2 0.004946 0.144639 0.623195 0.006932 0.220288
2 2 0.005507 0.138506 0.538506 0.009200 0.308282
2 2 0.004667 0.120651 0.535818 0.012452 0.326411
2 2 0.003394 0.098816 0.664014 0.018294 0.215482
2 2 0.003903 0.110550 0.626403 0.014584 0.244559
2 2 0.004557 0.115945 0.638030 0.014982 0.226486
2 2 0.004295 0.115824 0.663718 0.013650 0.202513
2 2 0.003053 0.095775 0.754686 0.015119 0.131366
2 2 0.003370 0.102014 0.735777 0.014259 0.144579
2 2 0.003236 0.096248 0.742919 0.016621 0.140976
2 2 0.004383 0.103301 0.682878 0.021399 0.188038
2 2 0.002837 0.083002 0.748811 0.024068 0.141281
2 2 0.002292 0.075923 0.762751 0.024361 0.134673
2 2 0.002561 0.074585 0.760452 0.029964 0.132438
2 2 0.003314 0.081431 0.725548 0.033116 0.156591
2 2 0.005095 0.089899 0.625691 0.044454 0.234862
2 2 0.004539 0.062710 0.649697 0.114219 0.168834
2 2 0.004171 0.059232 0.651219 0.121619 0.163759
2 2 0.005528 0.061817 0.607775 0.145719 0.179160
2 2 0.005191 0.063760 0.619964 0.127058 0.184027
2 2 0.002457 0.041779 0.751503 0.132773 0.071488
2 2 0.004248 0.048455 0.818329 0.098329 0.030639
2 2 0.006689 0.068550 0.836113 0.057412 0.031236
2 2 0.006273 0.075691 0.860065 0.030738 0.027233
2 2 0.007386 0.101299 0.838528 0.015312 0.037476
2 1 0.004299 0.097391 0.852111 0.008977 0.037223
2 2 0.003952 0.099757 0.844559 0.009012 0.042720
2 2 0.001829 0.064142 0.869547 0.017160 0.047323
2 2 0.001322 0.051618 0.879379 0.023004 0.044677
2 2 0.001586 0.048418 0.908150 0.020844 0.021002
2 2 0.001832 0.053291 0.907452 0.017364 0.020061
2 1 0.003637 0.082319 0.868043 0.013473 0.032528
2 2 0.004088 0.086577 0.860195 0.013970 0.035170
2 2 0.005182 0.107876 0.827532 0.010804 0.048605
2 2 0.006877 0.122201 0.783104 0.013393 0.074424
2 2 0.008080 0.098914 0.639183 0.055732 0.198090
2 2 0.016501 0.106349 0.616150 0.095726 0.165275
2 2 0.045933 0.095216 0.341057 0.254059 0.263735
3 2 0.076403 0.067727 0.163502 0.390948 0.301420
3 2 0.067682 0.034832 0.076217 0.627261 0.194008
2 2 0.197145 0.168989 0.538749 0.056909 0.038207
2 2 0.199285 0.183131 0.536206 0.039705 0.041674
2 2 0.110952 0.184836 0.629035 0.025858 0.049319
2 2 0.048431 0.152131 0.744720 0.018597 0.036120
2 2 0.052652 0.158210 0.732288 0.018454 0.038396
2 2 0.202315 0.188583 0.510921 0.041147 0.057034
0 2 0.616237 0.177707 0.133238 0.016013 0.056806
0 2 0.642664 0.161750 0.125890 0.023625 0.046071
0 1 0.638194 0.152303 0.132478 0.037569 0.039457
0 1 0.663512 0.145474 0.123275 0.034324 0.033415
0 2 0.666390 0.139755 0.132658 0.036512 0.024685
0 2 0.652588 0.143490 0.152955 0.030799 0.020168
0 2 0.506980 0.168557 0.257468 0.041136 0.025859
2 2 0.337729 0.142864 0.402495 0.101138 0.015774
2 2 0.244839 0.115021 0.497425 0.134608 0.008108
2 2 0.067609 0.053954 0.615558 0.260247 0.002632
2 2 0.166950 0.093211 0.580101 0.154687 0.005051
2 2 0.272660 0.137080 0.508768 0.071017 0.010474
0 2 0.418489 0.146156 0.374439 0.050734 0.010182
2 2 0.336240 0.148597 0.429564 0.071295 0.014304
2 2 0.091032 0.094610 0.544596 0.247399 0.022362
2 2 0.035152 0.090649 0.662364 0.173196 0.038640
2 2 0.017174 0.115197 0.664763 0.072751 0.130115
2 2 0.009277 0.091411 0.610317 0.084489 0.204506
2 2 0.011262 0.109750 0.534044 0.057365 0.287580
2 2 0.010976 0.109609 0.545698 0.056438 0.277279
2 2 0.007165 0.108407 0.680896 0.033589 0.169944
2 2 0.011167 0.126141 0.578543 0.035803 0.248346
2 2 0.009747 0.134191 0.550188 0.023334 0.282540
2 2 0.007490 0.112825 0.563762 0.031801 0.284121
2 2 0.007522 0.119572 0.473148 0.022283 0.377475
2 2 0.004846 0.087543 0.601854 0.045616 0.260141
2 2 0.003824 0.078423 0.663265 0.048811 0.205678
2 2 0.003302 0.066565 0.707224 0.065464 0.157446
2 2 0.004783 0.064394 0.603546 0.115694 0.211584
2 2 0.006058 0.074491 0.577469 0.098404 0.243578
2 2 0.006905 0.077738 0.516332 0.095972 0.303053
2 2 0.006419 0.097984 0.568084 0.043289 0.284225
2 2 0.006830 0.113906 0.561198 0.027090 0.290976
2 2 0.007130 0.122614 0.466227 0.018496 0.385532
2 2 0.004165 0.102435 0.790067 0.014597 0.088736
2 2 0.003086 0.077026 0.842480 0.020729 0.056678
2 2 0.004462 0.098414 0.780039 0.019755 0.097330
2 2 0.003031 0.077897 0.822179 0.023179 0.073715
2 2 0.004412 0.102951 0.761410 0.017855 0.113371
2 2 0.003137 0.089808 0.770724 0.018914 0.117418
2 2 0.002817 0.082597 0.768589 0.022779 0.123218
2 2 0.002071 0.060445 0.846209 0.030254 0.061021
2 2 0.002174 0.055360 0.842473 0.042288 0.057705
2 2 0.001646 0.044919 0.881893 0.039558 0.031983
2 2 0.001424 0.035776 0.866629 0.066405 0.029766
2 2 0.002311 0.042944 0.818145 0.090294 0.046306
2 2 0.001498 0.031039 0.826202 0.110673 0.030588
2 2 0.001985 0.037885 0.829373 0.094579 0.036177
2 2 0.002372 0.034795 0.749994 0.166520 0.046319
2 2 0.002003 0.033604 0.793538 0.134634 0.036220
2 2 0.003042 0.049551 0.775563 0.102164 0.069680
2 2 0.002463 0.047452 0.816561 0.079107 0.054417
2 2 0.002645 0.052723 0.825431 0.062972 0.056229
2 2 0.001856 0.041704 0.831648 0.077279 0.047514
2 2 0.002467 0.048166 0.759681 0.099736 0.089951
2 2 0.002168 0.039839 0.746808 0.135833 0.075352
2 2 0.001665 0.029786 0.725913 0.188023 0.054612
2 2 0.001333 0.025116 0.771572 0.171690 0.030289
2 2 0.001750 0.028496 0.763933 0.172391 0.033430
2 2 0.001843 0.031438 0.780407 0.149294 0.037017
2 2 0.001193 0.022560 0.802039 0.155271 0.018936
2 2 0.001282 0.022020 0.786316 0.172377 0.018005
2 2 0.001603 0.027053 0.809738 0.140244 0.021363
2 2 0.003113 0.044605 0.801795 0.107924 0.042563
2 2 0.002830 0.034407 0.724409 0.195176 0.043178
2 2 0.001874 0.027503 0.755908 0.185864 0.028851
2 2 0.001167 0.020270 0.762757 0.197007 0.018798
2 2 0.000894 0.019014 0.766738 0.191872 0.021482
2 2 0.000576 0.013340 0.737938 0.233899 0.014247
2 2 0.000616 0.012872 0.735196 0.239864 0.011452
2 2 0.000611 0.011653 0.717631 0.261078 0.009026
2 2 0.000705 0.011985 0.719915 0.259501 0.007894
2 2 0.001940 0.018029 0.556411 0.398786 0.024835
2 2 0.002740 0.023724 0.596940 0.345743 0.030853
2 2 0.005674 0.045537 0.799889 0.127927 0.020974
2 2 0.003052 0.034607 0.871645 0.081061 0.009636
2 2 0.005229 0.045849 0.886991 0.051434 0.010498
2 1 0.005276 0.049094 0.892470 0.042019 0.011140
2 2 0.004871 0.052764 0.902927 0.028047 0.011392
2 2 0.000750 0.017873 0.918638 0.058981 0.003757
2 2 0.000926 0.018674 0.905247 0.071085 0.004068
2 2 0.001453 0.021673 0.867575 0.103269 0.006031
2 2 0.001721 0.022977 0.849412 0.118741 0.007150
2 2 0.000905 0.013980 0.831904 0.149539 0.003672
2 2 0.001254 0.017651 0.822454 0.152763 0.005878
2 2 0.001625 0.016913 0.806284 0.171326 0.003852
2 2 0.007084 0.041930 0.837670 0.102995 0.010321
2 1 0.004790 0.037637 0.872411 0.076758 0.008405
2 2 0.006422 0.047730 0.857217 0.075781 0.012850
2 2 0.011427 0.083790 0.827805 0.046874 0.030104
2 2 0.006605 0.061337 0.825766 0.077234 0.029059
2 2 0.003931 0.051900 0.781166 0.106311 0.056692
2 2 0.004011 0.061765 0.674954 0.102674 0.156596
2 2 0.003789 0.055334 0.701475 0.120612 0.118790
2 1 0.005851 0.070674 0.856366 0.039651 0.027458
2 2 0.001543 0.035455 0.888087 0.055552 0.019363
2 2 0.001514 0.034740 0.845086 0.085090 0.033569
2 2 0.001082 0.020447 0.789405 0.171726 0.017340
2 2 0.002972 0.038370 0.682670 0.201057 0.074931
2 2 0.004316 0.053182 0.665885 0.154165 0.122452
2 2 0.004504 0.068340 0.603552 0.092200 0.231405
2 2 0.003422 0.070475 0.625651 0.061383 0.239069
2 2 0.003291 0.084505 0.602422 0.031256 0.278526
2 2 0.004264 0.103713 0.478233 0.017410 0.396380
2 2 0.003716 0.109178 0.526954 0.013059 0.347093
2 2 0.004149 0.107278 0.485745 0.015011 0.387818
4 2 0.006028 0.132339 0.390696 0.008545 0.462392
4 2 0.008948 0.164967 0.395772 0.006489 0.423824
4 1 0.009673 0.172842 0.327735 0.004487 0.485265
4 2 0.014776 0.184780 0.260589 0.004230 0.535626
4 2 0.013252 0.203463 0.388727 0.004772 0.389787
2 2 0.015837 0.238354 0.420273 0.003499 0.322037
4 2 0.013472 0.232218 0.356982 0.002501 0.394828
4 4 0.008219 0.151687 0.221392 0.002861 0.615841
4 4 0.006882 0.030909 0.017752 0.003347 0.941110
4 4 0.005554 0.022522 0.014324 0.004817 0.952784
4 4 0.005113 0.013665 0.006565 0.004513 0.970144
4 4 0.004896 0.014515 0.007269 0.004282 0.969038
4 4 0.007122 0.029433 0.022072 0.006913 0.934461
4 4 0.008430 0.042764 0.033770 0.005833 0.909203
4 4 0.011105 0.068580 0.047699 0.003285 0.869331
4 4 0.013685 0.122027 0.098708 0.002552 0.763028
4 4 0.012599 0.171861 0.180853 0.002185 0.632501
4 4 0.012072 0.175496 0.206764 0.002477 0.603191
4 4 0.011799 0.156887 0.189782 0.003124 0.638409
4 4 0.011946 0.136012 0.146312 0.003219 0.702511
4 4 0.010476 0.113146 0.117818 0.003381 0.755179
4 4 0.010110 0.100081 0.085389 0.002533 0.801887
4 4 0.010640 0.089136 0.067456 0.002507 0.830260
4 4 0.009245 0.068550 0.047371 0.002478 0.872356
4 4 0.008256 0.064879 0.045166 0.002317 0.879382
4 4 0.006052 0.042413 0.031557 0.003177 0.916802
4 4 0.006044 0.029616 0.021673 0.005101 0.937566
4 4 0.005871 0.026670 0.015832 0.003521 0.948106
4 4 0.008978 0.035240 0.021000 0.004460 0.930322
4 4 0.009688 0.034256 0.020345 0.005149 0.930562
4 4 0.007187 0.023762 0.014029 0.005501 0.949521
4 4 0.005371 0.018891 0.009876 0.003750 0.962113
4 4 0.006618 0.029680 0.016879 0.003273 0.943550
4 4 0.007651 0.051843 0.034781 0.002651 0.903074
4 4 0.009324 0.079082 0.059789 0.002476 0.849329
4 4 0.011438 0.083707 0.061096 0.002830 0.840928
4 4 0.011821 0.101234 0.078456 0.002529 0.805960
4 4 0.014294 0.118748 0.115428 0.004232 0.747298
4 4 0.018915 0.148599 0.137186 0.003896 0.691403
4 4 0.016010 0.167597 0.149790 0.002312 0.664291
4 1 0.024907 0.208759 0.197311 0.003082 0.565941
2 1 0.014829 0.240190 0.437174 0.003216 0.304592
2 2 0.016385 0.251190 0.465924 0.003211 0.263290
4 2 0.014857 0.226232 0.324858 0.002771 0.431281
4 2 0.009749 0.125640 0.177589 0.004856 0.682165
4 4 0.009992 0.109366 0.128885 0.004351 0.747405
4 4 0.010741 0.095230 0.081992 0.003052 0.808984
4 4 0.010108 0.092462 0.068850 0.002120 0.826460
4 4 0.009338 0.157492 0.187537 0.002137 0.643497
4 4 0.007998 0.136743 0.193830 0.003146 0.658284
4 4 0.007706 0.130859 0.161967 0.002437 0.697031
4 4 0.008108 0.121218 0.124283 0.002007 0.744384
4 4 0.008115 0.118069 0.112441 0.001790 0.759585
4 4 0.008024 0.096273 0.079815 0.001802 0.814085
4 4 0.007536 0.061545 0.044022 0.002329 0.884567
4 4 0.006999 0.035085 0.020712 0.003051 0.934153
4 4 0.007403 0.032830 0.019144 0.003540 0.937083
4 4 0.007067 0.032518 0.021407 0.004416 0.934592
4 4 0.007244 0.033644 0.019707 0.003346 0.936059
4 4 0.008465 0.040423 0.024757 0.003580 0.922774
4 4 0.010641 0.065466 0.044980 0.003218 0.875695
4 4 0.010497 0.083892 0.061078 0.002474 0.842059
4 4 0.009448 0.083431 0.060440 0.002116 0.844565
4 4 0.008358 0.083428 0.060185 0.001752 0.846277
4 4 0.008006 0.084365 0.073300 0.002445 0.831884
4 4 0.008148 0.089121 0.089543 0.003176 0.810011
4 4 0.008936 0.112410 0.132288 0.003523 0.742843
4 4 0.009203 0.129289 0.192178 0.004703 0.664626
2 4 0.013908 0.239454 0.427895 0.002909 0.315835
2 1 0.011972 0.217310 0.482975 0.003997 0.283746
2 1 0.006915 0.155657 0.459784 0.006877 0.370768
4 2 0.007130 0.139923 0.399995 0.009078 0.443873
4 2 0.006306 0.133342 0.390594 0.008853 0.460905
4 2 0.006125 0.127250 0.367039 0.009225 0.490361
4 2 0.006125 0.131069 0.331035 0.006935 0.524836
4 2 0.006962 0.144479 0.280929 0.004278 0.563353
4 2 0.007728 0.152694 0.247273 0.003161 0.589144
4 2 0.008414 0.171210 0.237144 0.002111 0.581121
4 2 0.009307 0.179512 0.266711 0.002534 0.541934
4 2 0.016589 0.223384 0.301569 0.003023 0.455434
4 2 0.020020 0.239138 0.250409 0.002156 0.488277
4 1 0.021849 0.258971 0.284870 0.002207 0.432104
4 1 0.022533 0.238633 0.248162 0.002533 0.488139
2 2 0.016417 0.242343 0.425561 0.003475 0.312204
2 2 0.013128 0.220133 0.482444 0.004306 0.279989
2 2 0.006275 0.160388 0.477199 0.005531 0.350607
2 2 0.005640 0.146077 0.519547 0.007489 0.321248
2 2 0.005202 0.145746 0.522402 0.006761 0.319889
2 2 0.000673 0.038030 0.922625 0.015923 0.022749
2 2 0.000532 0.028330 0.930445 0.024689 0.016004
2 2 0.000661 0.030100 0.921354 0.029754 0.018131
2 2 0.000714 0.031521 0.921751 0.027997 0.018018
2 2 0.000712 0.034897 0.918507 0.023316 0.022568
2 2 0.001083 0.048674 0.883699 0.021618 0.044925
2 2 0.001354 0.058962 0.858768 0.018647 0.062268
2 2 0.002129 0.071564 0.830543 0.019761 0.076003
2 2 0.003850 0.103221 0.721169 0.016880 0.154880
2 2 0.003774 0.106477 0.676769 0.015698 0.197283
2 2 0.004347 0.116267 0.599060 0.013845 0.266481
2 2 0.003871 0.114242 0.626950 0.012683 0.242254
2 2 0.003164 0.099113 0.707538 0.015627 0.174558
2 2 0.003116 0.109332 0.712853 0.010271 0.164428
2 2 0.001570 0.073049 0.832998 0.012332 0.080051
2 2 0.001758 0.079151 0.815517 0.011694 0.091880
2 2 0.001973 0.076013 0.808098 0.016593 0.097323
2 2 0.001850 0.065754 0.826620 0.023333 0.082443
2 2 0.002333 0.077584 0.772106 0.022315 0.125663
2 2 0.001948 0.060663 0.804401 0.036598 0.096389
2 2 0.001836 0.059166 0.841267 0.029778 0.067954
2 2 0.001215 0.039842 0.860728 0.051831 0.046384
2 2 0.001079 0.034802 0.848122 0.069380 0.046617
2 2 0.000580 0.024412 0.892937 0.059636 0.022436
2 2 0.000695 0.025484 0.859706 0.082641 0.031474
2 2 0.000829 0.030570 0.852043 0.072618 0.043940
2 2 0.001502 0.043591 0.791340 0.074957 0.088610
2 2 0.001418 0.040619 0.797621 0.081695 0.078648
2 2 0.002133 0.049742 0.771592 0.079382 0.097151
2 2 0.001956 0.044692 0.788534 0.088077 0.076742
2 2 0.002681 0.061102 0.781691 0.055011 0.099515
2 2 0.001448 0.043180 0.852716 0.052470 0.050185
2 2 0.001182 0.039276 0.872281 0.047292 0.039970
2 2 0.001053 0.036010 0.877174 0.050147 0.035616
2 2 0.001688 0.044794 0.844897 0.057351 0.051270
2 2 0.001819 0.042054 0.822843 0.079434 0.053851
2 2 0.002688 0.048686 0.767092 0.100910 0.080624
2 2 0.003436 0.054271 0.727023 0.109592 0.105678
2 2 0.003616 0.052778 0.689355 0.132000 0.122251
2 2 0.003646 0.055171 0.701513 0.117849 0.121821
2 2 0.009308 0.072125 0.764897 0.101003 0.052667
2 2 0.010067 0.094413 0.804671 0.043252 0.047597
2 2 0.004439 0.072558 0.870107 0.025105 0.027791
2 1 0.007657 0.110408 0.812331 0.017887 0.051717
2 2 0.007553 0.112059 0.805030 0.017876 0.057482
2 2 0.002421 0.054811 0.840140 0.048350 0.054279
2 2 0.001909 0.043581 0.825244 0.075377 0.053889
2 2 0.002170 0.044271 0.778200 0.100683 0.074675
2 2 0.002759 0.053944 0.739960 0.089916 0.113422
2 2 0.002658 0.051127 0.749178 0.096072 0.100966
2 2 0.001912 0.041260 0.792076 0.099625 0.065127
2 2 0.001398 0.029565 0.784105 0.142413 0.042519
2 2 0.001190 0.023239 0.744707 0.196971 0.033893
2 2 0.001942 0.029462 0.698036 0.217753 0.052806
2 2 0.001536 0.022537 0.665295 0.272932 0.037700
2 2 0.001810 0.023545 0.639114 0.294058 0.041473
2 2 0.001711 0.020831 0.595526 0.342743 0.039189
2 2 0.001736 0.020460 0.601162 0.342049 0.034592
2 2 0.001513 0.018451 0.569540 0.374388 0.036109
3 2 0.001176 0.011233 0.400267 0.559626 0.027698
2 2 0.007030 0.041080 0.438548 0.367058 0.146283
3 2 0.004101 0.025467 0.414419 0.478241 0.077771
3 2 0.005368 0.026201 0.325764 0.526789 0.115879
3 2 0.004285 0.021590 0.328927 0.565066 0.080132
3 2 0.003440 0.016986 0.319514 0.609583 0.050476
3 2 0.002486 0.012219 0.283437 0.669439 0.032418
3 2 0.001906 0.005314 0.116234 0.858505 0.018041
3 2 0.002598 0.006456 0.111447 0.852708 0.026791
3 2 0.001341 0.003095 0.063278 0.915167 0.017120
3 2 0.001060 0.002552 0.055974 0.924363 0.016052
3 2 0.000974 0.001940 0.039007 0.943614 0.014466
3 2 0.001089 0.002270 0.046838 0.935432 0.014372
3 2 0.000811 0.002003 0.054313 0.933515 0.009358
3 3 0.000985 0.002424 0.062312 0.923745 0.010534
3 3 0.000643 0.002003 0.070816 0.919375 0.007162
3 3 0.000865 0.002585 0.081909 0.906034 0.008608
3 3 0.000526 0.002343 0.115242 0.876414 0.005475
3 3 0.000981 0.004123 0.147048 0.837455 0.010393
3 3 0.001052 0.005215 0.192737 0.788973 0.012023
3 3 0.000820 0.003788 0.152001 0.834066 0.009324
3 3 0.001608 0.007336 0.178368 0.781762 0.030926
3 3 0.001272 0.005151 0.124467 0.841229 0.027880
3 3 0.000962 0.002934 0.071799 0.906630 0.017674
3 3 0.000921 0.002506 0.060510 0.920748 0.015315
3 3 0.001175 0.003043 0.065969 0.911145 0.018668
3 3 0.001242 0.004151 0.099912 0.872991 0.021703
3 3 0.001804 0.004852 0.094424 0.874324 0.024596
3 3 0.001045 0.002514 0.061888 0.923214 0.011339
3 3 0.000939 0.002016 0.049078 0.938819 0.009147
3 3 0.000678 0.001648 0.051986 0.940072 0.005616
3 3 0.000871 0.002086 0.059656 0.930348 0.007039
3 3 0.001577 0.003405 0.082948 0.904207 0.007864
3 2 0.004095 0.008507 0.147374 0.823590 0.016434
3 2 0.007646 0.026778 0.430302 0.506097 0.029178
2 2 0.005525 0.052641 0.847319 0.074900 0.019615
2 2 0.003159 0.058510 0.891467 0.026638 0.020226
