0 0 0.669810 0.108819 0.013793 0.000804 0.206774
0 0 0.657082 0.122606 0.019140 0.001384 0.199788
0 0 0.579867 0.114758 0.023642 0.000744 0.280989
0 0 0.631248 0.097162 0.016190 0.000420 0.254979
0 0 0.623569 0.102455 0.014435 0.000491 0.259051
0 0 0.566935 0.101277 0.011011 0.000355 0.320422
0 0 0.531927 0.121571 0.016475 0.000731 0.329296
0 0 0.489264 0.133406 0.021149 0.001015 0.355165
4 0 0.406089 0.132242 0.024484 0.000876 0.436307
0 0 0.481892 0.141989 0.024133 0.001336 0.350651
0 0 0.584181 0.139875 0.019843 0.001690 0.254412
0 0 0.565657 0.166968 0.035944 0.004267 0.227165
0 0 0.605251 0.146293 0.046192 0.003215 0.199049
0 0 0.746548 0.110976 0.032011 0.002491 0.107974
0 0 0.844143 0.079981 0.024582 0.002400 0.048894
0 0 0.830460 0.081324 0.047629 0.004708 0.035878
0 0 0.813494 0.082429 0.054994 0.003503 0.045579
0 0 0.875442 0.062576 0.029070 0.002113 0.030799
0 0 0.887195 0.055463 0.023386 0.001196 0.032760
0 0 0.873507 0.059228 0.027721 0.001218 0.038325
0 0 0.849789 0.052671 0.016766 0.000232 0.080541
0 0 0.841107 0.059794 0.022792 0.000423 0.075885
0 0 0.861833 0.049403 0.011876 0.000188 0.076700
0 0 0.857662 0.045230 0.006719 0.000098 0.090291
0 0 0.870917 0.049550 0.004957 0.000173 0.074403
0 0 0.830681 0.081782 0.016829 0.000928 0.069780
0 0 0.780787 0.096348 0.021640 0.000896 0.100329
0 0 0.707045 0.112369 0.035025 0.000956 0.144605
0 0 0.582675 0.157058 0.061854 0.001523 0.196889
0 0 0.599168 0.155675 0.048196 0.001485 0.195475
0 0 0.616658 0.172607 0.034352 0.001889 0.174494
0 0 0.609802 0.179744 0.033530 0.002159 0.174765
0 0 0.699787 0.137233 0.019195 0.001390 0.142396
0 0 0.695343 0.121839 0.016515 0.000809 0.165493
0 0 0.747575 0.072881 0.006514 0.000210 0.172820
0 0 0.752087 0.073849 0.008448 0.000244 0.165373
0 0 0.707497 0.067323 0.006310 0.000115 0.218756
0 0 0.481054 0.058292 0.005260 0.000031 0.455363
0 0 0.561473 0.070561 0.005919 0.000076 0.361971
0 0 0.548640 0.076000 0.006562 0.000099 0.368699
0 0 0.442207 0.092530 0.051674 0.000280 0.413309
0 0 0.552131 0.105934 0.041540 0.000580 0.299815
0 0 0.460131 0.111593 0.026517 0.000491 0.401268
4 0 0.435790 0.106580 0.015267 0.000349 0.442015
4 0 0.290695 0.100109 0.019354 0.000278 0.589564
4 0 0.316797 0.107779 0.020643 0.000367 0.554414
4 0 0.309146 0.122469 0.026793 0.000623 0.540968
0 0 0.692956 0.069053 0.027516 0.000170 0.210305
0 0 0.596414 0.060540 0.018857 0.000059 0.324130
0 0 0.419961 0.123958 0.041817 0.000293 0.413971
4 0 0.260292 0.159235 0.032417 0.000134 0.547922
0 0 0.475274 0.141594 0.024175 0.000179 0.358778
0 0 0.683430 0.166872 0.015243 0.000493 0.133961
4 0 0.284682 0.233546 0.068860 0.001497 0.411415
4 0 0.211317 0.193939 0.065784 0.000917 0.528043
4 1 0.157551 0.156498 0.058932 0.000547 0.626472
4 1 0.149215 0.149860 0.061422 0.000749 0.638755
4 1 0.190847 0.159816 0.059676 0.001210 0.588452
4 0 0.139559 0.222668 0.124401 0.002763 0.510610
4 0 0.178561 0.233055 0.102743 0.001886 0.483754
2 1 0.020589 0.258803 0.452176 0.002129 0.266303
2 2 0.027997 0.264677 0.408932 0.002954 0.295440
2 2 0.028310 0.238262 0.517613 0.003249 0.212565
2 2 0.021705 0.198912 0.660843 0.005869 0.112670
2 2 0.020830 0.198035 0.663776 0.005378 0.111979
2 2 0.014274 0.152380 0.763960 0.006145 0.063241
2 2 0.006290 0.077023 0.879009 0.009986 0.027692
2 2 0.001116 0.017644 0.959208 0.017238 0.004795
2 2 0.000590 0.008710 0.961574 0.026448 0.002678
2 2 0.000713 0.009704 0.952964 0.033347 0.003273
2 2 0.000586 0.007252 0.935712 0.053515 0.002935
2 2 0.000704 0.008072 0.913587 0.073832 0.003806
2 2 0.000849 0.009118 0.887688 0.097404 0.004941
2 2 0.000899 0.007660 0.814036 0.172283 0.005120
2 2 0.000847 0.006440 0.753398 0.234406 0.004909
2 3 0.000750 0.005226 0.690299 0.299249 0.004476
2 3 0.000930 0.005923 0.641152 0.346477 0.005518
2 3 0.000689 0.004228 0.597026 0.393870 0.004187
2 3 0.000580 0.003255 0.535362 0.457337 0.003466
2 3 0.000671 0.003273 0.512522 0.480139 0.003394
0 3 0.750507 0.102192 0.099186 0.014339 0.033776
0 0 0.834333 0.090712 0.032885 0.006631 0.035439
0 0 0.586805 0.223232 0.082351 0.012462 0.095150
0 0 0.392378 0.304162 0.085697 0.008033 0.209730
4 0 0.256744 0.297322 0.108266 0.003274 0.334394
4 0 0.112407 0.303841 0.189919 0.002101 0.391732
4 0 0.123878 0.226724 0.116602 0.000955 0.531841
4 1 0.081636 0.210267 0.137665 0.000735 0.569697
4 1 0.076217 0.170277 0.106627 0.000484 0.646396
4 1 0.069478 0.169203 0.108528 0.000381 0.652411
4 2 0.066887 0.175515 0.117694 0.000414 0.639489
4 1 0.063843 0.184941 0.129607 0.000430 0.621179
4 2 0.047236 0.208053 0.184236 0.000494 0.559981
4 2 0.042839 0.231975 0.240101 0.000887 0.484197
4 2 0.039025 0.239022 0.276809 0.001184 0.443960
2 2 0.024859 0.195897 0.433201 0.004019 0.342025
2 2 0.009299 0.099862 0.751061 0.017376 0.122402
2 2 0.003266 0.036705 0.879559 0.052249 0.028222
2 2 0.002281 0.019857 0.845640 0.118016 0.014206
2 2 0.001620 0.013751 0.788813 0.185447 0.010369
3 2 0.002837 0.009350 0.355158 0.622496 0.010159
3 2 0.002746 0.007563 0.206938 0.775922 0.006831
3 2 0.001835 0.005288 0.128927 0.859160 0.004790
3 2 0.001786 0.004971 0.103222 0.885810 0.004210
3 2 0.000924 0.002875 0.115499 0.877855 0.002847
3 2 0.000712 0.002112 0.121603 0.873588 0.001986
3 2 0.000554 0.001719 0.143649 0.852332 0.001746
3 3 0.000466 0.001401 0.160157 0.836589 0.001387
3 3 0.000344 0.001106 0.119351 0.878047 0.001152
3 3 0.000614 0.001830 0.136756 0.859046 0.001755
3 3 0.000869 0.002682 0.129267 0.864522 0.002660
3 3 0.001580 0.004817 0.137981 0.850900 0.004721
3 3 0.002102 0.006185 0.111330 0.874730 0.005652
3 3 0.002736 0.007452 0.089104 0.894682 0.006026
3 3 0.002599 0.006140 0.066452 0.920775 0.004034
3 3 0.002607 0.005442 0.052749 0.936211 0.002992
3 3 0.002196 0.004929 0.054889 0.935004 0.002983
3 3 0.001906 0.004336 0.051906 0.939199 0.002653
3 3 0.001958 0.004694 0.058229 0.932014 0.003105
3 3 0.001626 0.003993 0.054815 0.936859 0.002707
3 3 0.001355 0.002930 0.038831 0.955246 0.001639
3 3 0.001064 0.002327 0.034524 0.960778 0.001306
3 3 0.001421 0.002944 0.036792 0.957290 0.001553
3 3 0.001552 0.003391 0.042778 0.950342 0.001937
3 3 0.002579 0.005466 0.053955 0.934930 0.003070
3 3 0.001894 0.005022 0.068974 0.920280 0.003830
3 3 0.003757 0.008710 0.078861 0.902993 0.005679
3 3 0.008195 0.016814 0.116529 0.845820 0.012641
3 3 0.010621 0.018013 0.108813 0.849749 0.012803
3 3 0.009509 0.015375 0.097583 0.866811 0.010721
3 3 0.001571 0.003569 0.046398 0.946303 0.002159
3 3 0.001129 0.002842 0.046671 0.947398 0.001960
3 3 0.000641 0.001824 0.042542 0.953537 0.001456
3 3 0.001207 0.002904 0.044498 0.949508 0.001882
3 2 0.001955 0.003584 0.082268 0.910430 0.001763
3 2 0.007570 0.008818 0.113964 0.867111 0.002536
3 2 0.015458 0.016607 0.184588 0.778799 0.004548
3 2 0.008560 0.014833 0.288867 0.683074 0.004666
2 2 0.008652 0.026678 0.591924 0.362569 0.010178
2 2 0.003148 0.016403 0.649975 0.316352 0.014121
2 2 0.000836 0.007271 0.760853 0.225154 0.005887
2 2 0.000784 0.004212 0.589559 0.401510 0.003935
3 3 0.004161 0.012297 0.414583 0.555619 0.013340
2 3 0.032060 0.055591 0.459086 0.398091 0.055171
3 3 0.052853 0.089973 0.379634 0.385465 0.092076
3 3 0.054970 0.090862 0.339675 0.431058 0.083435
3 3 0.040476 0.079463 0.278138 0.520617 0.081306
3 3 0.053583 0.100155 0.318925 0.395502 0.131835
3 3 0.009678 0.029171 0.253528 0.670400 0.037223
3 3 0.003133 0.010746 0.170000 0.803682 0.012438
3 3 0.001948 0.006247 0.100101 0.885424 0.006281
3 3 0.002791 0.007732 0.092936 0.890128 0.006413
3 3 0.002118 0.006112 0.085996 0.900476 0.005299
3 3 0.002015 0.005645 0.079129 0.908536 0.004675
3 3 0.001527 0.003919 0.057430 0.934305 0.002819
3 3 0.000953 0.002311 0.039424 0.955816 0.001496
3 3 0.001158 0.002493 0.035165 0.959810 0.001374
3 3 0.001661 0.003988 0.053180 0.938551 0.002620
3 3 0.001754 0.004051 0.050962 0.940709 0.002524
3 3 0.003645 0.007169 0.057036 0.928466 0.003684
3 3 0.001904 0.003409 0.032969 0.960237 0.001480
3 3 0.001865 0.003669 0.038970 0.953673 0.001822
3 3 0.001756 0.003444 0.037433 0.955670 0.001697
3 3 0.002532 0.005052 0.047672 0.942144 0.002601
3 3 0.002556 0.004637 0.040020 0.950704 0.002083
3 3 0.003182 0.005696 0.046974 0.941381 0.002768
3 3 0.001670 0.003490 0.041021 0.951941 0.001879
3 3 0.001065 0.002424 0.037252 0.957819 0.001440
3 3 0.000895 0.002324 0.043318 0.951808 0.001655
3 3 0.000878 0.002256 0.041998 0.953288 0.001581
3 3 0.000696 0.001792 0.036932 0.959335 0.001246
3 3 0.000767 0.001693 0.029081 0.967512 0.000946
3 3 0.001074 0.002086 0.027689 0.968161 0.000988
3 3 0.001553 0.003054 0.035048 0.958845 0.001500
3 3 0.001443 0.002929 0.035686 0.958441 0.001500
3 3 0.003271 0.005155 0.035275 0.954383 0.001916
3 3 0.002218 0.003760 0.032430 0.960072 0.001521
3 3 0.007621 0.010345 0.046445 0.931972 0.003616
3 3 0.010421 0.014971 0.066959 0.901129 0.006520
3 3 0.012454 0.017360 0.077589 0.884080 0.008518
3 3 0.001534 0.003425 0.044284 0.948739 0.002018
3 3 0.001211 0.002470 0.032580 0.962475 0.001263
3 3 0.001596 0.003230 0.037630 0.955887 0.001658
3 3 0.001965 0.004099 0.044872 0.946845 0.002220
3 3 0.002719 0.005100 0.044153 0.945618 0.002410
3 3 0.002890 0.005343 0.044490 0.944796 0.002481
3 3 0.001431 0.003047 0.038914 0.954936 0.001672
3 3 0.000726 0.001771 0.034074 0.962289 0.001139
3 3 0.000601 0.001376 0.027095 0.970127 0.000801
3 3 0.000296 0.000747 0.021707 0.976766 0.000483
3 3 0.000649 0.001443 0.026804 0.970294 0.000809
3 3 0.000700 0.001597 0.029431 0.967339 0.000933
3 3 0.001184 0.002575 0.036351 0.958446 0.001443
3 3 0.001117 0.002606 0.040131 0.954537 0.001609
3 3 0.001177 0.002752 0.041558 0.952803 0.001710
3 3 0.001598 0.003450 0.042534 0.950477 0.001941
3 3 0.000971 0.002667 0.050502 0.943792 0.002069
3 3 0.001053 0.003004 0.056793 0.936680 0.002470
3 3 0.000765 0.002199 0.048013 0.947225 0.001798
3 3 0.001335 0.003677 0.060826 0.931251 0.002910
3 3 0.001501 0.003949 0.059648 0.931958 0.002945
3 3 0.000931 0.002372 0.042709 0.952342 0.001646
3 3 0.001040 0.002552 0.042403 0.952317 0.001688
3 3 0.000940 0.002043 0.031769 0.964119 0.001129
3 3 0.002254 0.004345 0.041780 0.949505 0.002115
3 3 0.001550 0.003228 0.039063 0.954436 0.001723
3 3 0.002234 0.004091 0.037721 0.954105 0.001849
3 3 0.001738 0.003490 0.038902 0.954093 0.001777
3 3 0.002140 0.004339 0.044638 0.946618 0.002265
3 3 0.002801 0.005361 0.046657 0.942569 0.002612
3 3 0.002450 0.004669 0.042878 0.947756 0.002245
3 3 0.002768 0.004974 0.041128 0.948917 0.002212
3 3 0.002306 0.003933 0.033554 0.958598 0.001608
3 3 0.002431 0.004085 0.033613 0.958233 0.001639
3 3 0.001620 0.002892 0.029870 0.964378 0.001240
3 3 0.002086 0.004003 0.039626 0.952357 0.001928
3 3 0.002328 0.004590 0.044420 0.946350 0.002312
3 3 0.002400 0.005143 0.052897 0.936635 0.002925
3 3 0.002967 0.006582 0.063619 0.922856 0.003976
3 3 0.001618 0.004323 0.064061 0.926689 0.003309
3 3 0.001011 0.002219 0.033768 0.961753 0.001249
3 3 0.001119 0.002655 0.041498 0.953048 0.001680
3 3 0.001711 0.003586 0.041824 0.950938 0.001941
3 3 0.001799 0.003975 0.047582 0.944316 0.002328
3 3 0.001663 0.003528 0.042112 0.950757 0.001940
3 3 0.001795 0.003694 0.041523 0.951036 0.001952
3 3 0.001365 0.003019 0.040679 0.953193 0.001744
3 3 0.001239 0.002589 0.034588 0.960210 0.001374
3 3 0.001473 0.003017 0.036748 0.957195 0.001568
3 3 0.001091 0.002264 0.031713 0.963751 0.001181
3 3 0.001489 0.002816 0.031771 0.962619 0.001306
3 3 0.001116 0.002210 0.029366 0.966229 0.001078
3 3 0.001589 0.002885 0.030531 0.963728 0.001267
3 3 0.002010 0.003777 0.037283 0.955167 0.001762
3 3 0.001372 0.002503 0.028308 0.966719 0.001098
3 3 0.001525 0.002492 0.024372 0.970674 0.000938
3 3 0.002334 0.003975 0.033687 0.958382 0.001622
3 3 0.002189 0.003169 0.023808 0.969814 0.001021
3 3 0.002077 0.003282 0.027317 0.966127 0.001196
3 3 0.001424 0.002404 0.024920 0.970307 0.000945
3 3 0.015041 0.020991 0.099078 0.852080 0.012810
3 3 0.007424 0.010927 0.058781 0.917935 0.004934
3 3 0.011033 0.015613 0.071279 0.894804 0.007271
3 3 0.010317 0.014068 0.059877 0.910130 0.005608
3 3 0.013338 0.017947 0.072432 0.888370 0.007912
3 3 0.006700 0.010554 0.057465 0.920707 0.004575
3 3 0.005851 0.009485 0.057227 0.923071 0.004367
3 3 0.003824 0.006584 0.045600 0.941191 0.002800
3 3 0.015768 0.019368 0.071338 0.885256 0.008271
3 3 0.074710 0.068746 0.125417 0.698398 0.032729
3 3 0.067541 0.068306 0.117476 0.718736 0.027940
3 1 0.041895 0.046713 0.127112 0.769966 0.014314
3 2 0.037134 0.040039 0.149873 0.762224 0.010730
3 2 0.043483 0.052298 0.179266 0.707057 0.017896
3 2 0.027618 0.044394 0.229125 0.676934 0.021928
3 2 0.006856 0.021657 0.350688 0.596239 0.024559
3 2 0.001662 0.006970 0.385103 0.596734 0.009531
3 2 0.001491 0.005949 0.443434 0.542342 0.006784
2 2 0.001263 0.006009 0.526180 0.460303 0.006245
2 2 0.001168 0.006803 0.547606 0.436812 0.007611
2 2 0.011398 0.146280 0.630850 0.008385 0.203087
4 2 0.027448 0.228488 0.363796 0.001577 0.378690
4 2 0.038993 0.212741 0.253758 0.000962 0.493546
4 2 0.045357 0.201929 0.190400 0.000522 0.561792
4 2 0.031584 0.188753 0.323559 0.001858 0.454246
4 2 0.042064 0.164590 0.240836 0.001638 0.550873
4 2 0.041657 0.145929 0.215215 0.001290 0.595909
4 2 0.035753 0.163364 0.288044 0.002141 0.510697
4 2 0.050446 0.169767 0.162709 0.000576 0.616502
4 2 0.049896 0.202362 0.170953 0.000466 0.576323
4 2 0.036110 0.234722 0.262995 0.000739 0.465434
4 2 0.028301 0.243710 0.317692 0.000773 0.409523
2 2 0.016627 0.197003 0.504193 0.002996 0.279181
2 2 0.014485 0.165329 0.520603 0.003058 0.296524
2 2 0.018306 0.169508 0.478748 0.003493 0.329945
4 2 0.030688 0.212070 0.312275 0.001151 0.443816
4 2 0.045679 0.207306 0.189117 0.000494 0.557403
4 2 0.036380 0.207722 0.267972 0.001018 0.486908
4 2 0.038596 0.218514 0.241360 0.000709 0.500820
4 2 0.043073 0.200904 0.223955 0.000867 0.531201
4 4 0.058878 0.152441 0.177542 0.001729 0.609409
2 4 0.022959 0.183990 0.491461 0.008169 0.293421
2 2 0.015928 0.183095 0.542317 0.005162 0.253497
2 2 0.009764 0.177994 0.648552 0.006978 0.156712
2 2 0.018457 0.254639 0.454724 0.001553 0.270626
2 2 0.023053 0.253900 0.392827 0.001220 0.328999
4 2 0.024638 0.241550 0.329692 0.000599 0.403521
2 2 0.021168 0.246899 0.375956 0.000727 0.355250
2 2 0.013557 0.202543 0.539388 0.002574 0.241938
4 2 0.036778 0.223937 0.305014 0.001720 0.432551
4 2 0.051073 0.178367 0.217270 0.001720 0.551571
4 2 0.056210 0.181086 0.175963 0.000980 0.585761
4 2 0.052874 0.206152 0.173935 0.000585 0.566454
4 2 0.042622 0.194229 0.166405 0.000270 0.596475
4 2 0.034244 0.187813 0.168167 0.000146 0.609630
4 2 0.018661 0.234332 0.344775 0.000318 0.401914
2 2 0.010944 0.199068 0.556549 0.001697 0.231741
2 2 0.008740 0.163830 0.672245 0.003888 0.151297
2 2 0.007095 0.135539 0.738973 0.010232 0.108161
2 2 0.004346 0.093928 0.826164 0.014587 0.060974
4 1 0.059038 0.176632 0.124070 0.000324 0.639936
2 2 0.014545 0.212892 0.590445 0.000985 0.181133
2 2 0.010202 0.213768 0.608637 0.000911 0.166483
2 2 0.008204 0.188464 0.691974 0.001547 0.109811
2 2 0.004227 0.100325 0.848790 0.003472 0.043187
2 2 0.001518 0.033488 0.945580 0.009229 0.010185
2 2 0.000744 0.015176 0.965934 0.013961 0.004184
2 2 0.000731 0.014580 0.964240 0.016166 0.004283
2 2 0.000402 0.008530 0.971330 0.017197 0.002541
2 2 0.000341 0.006361 0.955381 0.035373 0.002545
2 2 0.000284 0.004774 0.947519 0.045407 0.002016
2 2 0.000677 0.010637 0.938051 0.045933 0.004702
2 2 0.000372 0.005810 0.935965 0.055177 0.002676
2 2 0.000184 0.003405 0.959154 0.035967 0.001289
2 2 0.000194 0.003246 0.957812 0.037563 0.001185
2 2 0.000505 0.007333 0.953820 0.035748 0.002593
2 2 0.000437 0.006061 0.954227 0.037179 0.002096
2 2 0.000248 0.002942 0.935520 0.060149 0.001141
2 2 0.000270 0.003286 0.940520 0.054688 0.001237
2 2 0.000315 0.003483 0.916420 0.078248 0.001534
2 2 0.000664 0.006442 0.893207 0.096521 0.003165
2 2 0.000869 0.007785 0.863767 0.123254 0.004325
2 2 0.000539 0.004911 0.834357 0.157120 0.003072
2 2 0.000454 0.003568 0.787891 0.205703 0.002383
2 2 0.000570 0.004032 0.788207 0.204633 0.002559
2 2 0.002581 0.010070 0.746479 0.235356 0.005514
2 2 0.010715 0.031950 0.796233 0.145850 0.015251
2 2 0.023452 0.074370 0.817647 0.054652 0.029879
2 1 0.030301 0.137989 0.758889 0.026421 0.046399
2 2 0.016274 0.119752 0.795362 0.029283 0.039328
2 2 0.006290 0.074387 0.872794 0.022607 0.023922
2 2 0.000399 0.007327 0.964976 0.024872 0.002426
2 2 0.000278 0.004326 0.955484 0.038339 0.001573
2 2 0.000380 0.004304 0.926102 0.067418 0.001797
2 2 0.000331 0.003706 0.925074 0.069348 0.001541
2 2 0.003065 0.017163 0.809527 0.160840 0.009405
2 1 0.068306 0.088567 0.650794 0.114314 0.078020
2 1 0.199647 0.172354 0.386557 0.077508 0.163934
2 1 0.289492 0.188846 0.312764 0.083458 0.125439
0 2 0.346835 0.211726 0.198543 0.033858 0.209038
2 2 0.001342 0.036759 0.931981 0.010264 0.019654
2 2 0.000898 0.023579 0.947990 0.018013 0.009520
2 2 0.000599 0.015364 0.954251 0.023377 0.006409
2 2 0.000307 0.007853 0.964624 0.024109 0.003108
2 2 0.000308 0.007713 0.966909 0.022194 0.002876
2 2 0.000503 0.011009 0.953391 0.030414 0.004684
2 2 0.000592 0.012126 0.942725 0.038809 0.005748
2 2 0.000448 0.007402 0.909760 0.077988 0.004402
2 2 0.000573 0.008013 0.882973 0.103276 0.005165
2 2 0.000687 0.009713 0.859622 0.122833 0.007145
2 2 0.000391 0.005453 0.828781 0.160915 0.004459
2 2 0.000292 0.003269 0.763376 0.230194 0.002869
2 2 0.000200 0.002034 0.751760 0.244318 0.001688
2 2 0.000335 0.002331 0.620747 0.374356 0.002231
3 2 0.000457 0.002516 0.463392 0.530571 0.003065
3 2 0.000946 0.003759 0.315350 0.674249 0.005696
3 2 0.001475 0.005965 0.324103 0.659208 0.009249
3 2 0.001239 0.006222 0.280082 0.700067 0.012391
3 2 0.002224 0.009641 0.320812 0.651080 0.016243
3 2 0.002812 0.012539 0.409083 0.558160 0.017405
2 2 0.155690 0.260984 0.434598 0.023796 0.124931
2 0 0.074325 0.242390 0.582252 0.027052 0.073981
2 1 0.053601 0.217353 0.558261 0.009840 0.160946
2 2 0.015220 0.073022 0.790704 0.064954 0.056100
2 2 0.033843 0.097573 0.694320 0.069655 0.104609
2 2 0.032421 0.097344 0.681494 0.101349 0.087392
2 0 0.021340 0.079805 0.673202 0.168270 0.057384
2 1 0.011400 0.076506 0.764881 0.109693 0.037520
2 2 0.001814 0.023284 0.903670 0.059650 0.011581
2 2 0.001452 0.027097 0.937681 0.023668 0.010103
2 2 0.000285 0.005428 0.959559 0.032658 0.002070
2 2 0.000310 0.005701 0.962612 0.029357 0.002020
2 2 0.000251 0.003650 0.961505 0.033430 0.001164
2 2 0.000362 0.005355 0.973703 0.019259 0.001321
2 2 0.000374 0.006186 0.977435 0.014587 0.001418
2 2 0.000197 0.004479 0.985759 0.008665 0.000900
2 2 0.000118 0.003033 0.987931 0.008301 0.000616
2 2 0.000105 0.002651 0.988120 0.008587 0.000537
2 2 0.000268 0.004524 0.975735 0.018320 0.001152
2 0 0.001781 0.011559 0.932394 0.050964 0.003301
2 0 0.051635 0.359432 0.419899 0.011366 0.157668
2 1 0.033745 0.303625 0.448560 0.006817 0.207253
2 1 0.014282 0.186053 0.705620 0.008534 0.085510
2 2 0.006357 0.077829 0.848991 0.028194 0.038629
2 2 0.007113 0.085821 0.811425 0.034835 0.060806
2 2 0.005174 0.086092 0.823671 0.034798 0.050264
2 2 0.004026 0.093227 0.832030 0.022569 0.048148
2 2 0.003587 0.090723 0.856186 0.012835 0.036668
2 2 0.002009 0.061076 0.904087 0.010909 0.021919
2 2 0.001292 0.028156 0.945564 0.015768 0.009219
2 2 0.000691 0.014711 0.966770 0.013722 0.004105
2 2 0.001103 0.017032 0.954876 0.021814 0.005175
2 2 0.001039 0.014389 0.953906 0.026202 0.004464
2 2 0.000630 0.007146 0.939038 0.050525 0.002661
2 2 0.000945 0.010463 0.946314 0.038837 0.003441
2 2 0.000645 0.007373 0.947468 0.042021 0.002492
2 2 0.001611 0.013104 0.920368 0.060176 0.004740
2 2 0.001806 0.015424 0.924008 0.053316 0.005446
2 2 0.000931 0.009462 0.942790 0.043682 0.003134
2 2 0.000832 0.013671 0.960735 0.020678 0.004085
2 2 0.000985 0.013966 0.949390 0.030865 0.004793
2 2 0.001009 0.012428 0.947295 0.035091 0.004177
2 2 0.000791 0.010954 0.954295 0.030374 0.003586
2 2 0.000815 0.014939 0.964725 0.015434 0.004088
2 2 0.000797 0.018281 0.967894 0.008757 0.004271
2 2 0.001000 0.025138 0.958976 0.008559 0.006326
2 2 0.001874 0.058795 0.917869 0.005202 0.016260
2 2 0.000846 0.025596 0.958795 0.007892 0.006871
2 2 0.000540 0.015159 0.967784 0.011916 0.004600
2 2 0.000467 0.011303 0.967123 0.017355 0.003751
2 2 0.000185 0.003843 0.964488 0.030060 0.001424
2 2 0.000201 0.003524 0.961540 0.033487 0.001248
2 2 0.000109 0.002165 0.968813 0.028198 0.000714
2 2 0.000104 0.001613 0.944816 0.052826 0.000641
2 2 0.000120 0.001594 0.941479 0.056207 0.000599
2 2 0.000163 0.001789 0.900713 0.096501 0.000833
2 2 0.000343 0.003800 0.920396 0.073827 0.001633
2 2 0.000154 0.002029 0.915323 0.081533 0.000961
2 2 0.000181 0.002271 0.901852 0.094541 0.001155
2 2 0.000231 0.003299 0.923235 0.071646 0.001588
2 2 0.003367 0.015861 0.614949 0.351745 0.014078
2 2 0.002405 0.013069 0.707215 0.267514 0.009796
2 2 0.001494 0.009269 0.704531 0.277286 0.007421
2 2 0.000803 0.005503 0.626472 0.361712 0.005509
2 2 0.000464 0.003377 0.627169 0.365626 0.003364
3 2 0.009757 0.024766 0.467176 0.475863 0.022439
2 2 0.150087 0.124336 0.534186 0.074128 0.117263
0 2 0.308641 0.194487 0.278984 0.024050 0.193838
4 0 0.305861 0.186116 0.145079 0.007077 0.355867
4 0 0.367424 0.190950 0.061072 0.005154 0.375402
0 0 0.415054 0.251721 0.091597 0.004369 0.237259
1 1 0.225459 0.338241 0.256165 0.018312 0.161822
2 1 0.070033 0.279617 0.432691 0.011743 0.205916
2 1 0.049262 0.273376 0.449865 0.011611 0.215886
2 2 0.018617 0.170452 0.700363 0.032355 0.078212
2 2 0.008736 0.115373 0.806089 0.024607 0.045194
2 2 0.003514 0.045336 0.907233 0.027919 0.015998
2 2 0.001824 0.022375 0.930814 0.036785 0.008202
2 2 0.001208 0.011049 0.936760 0.047321 0.003661
2 2 0.001143 0.009483 0.925400 0.060603 0.003371
2 2 0.001234 0.025230 0.952790 0.013514 0.007232
2 2 0.001036 0.021414 0.959617 0.012197 0.005736
2 2 0.001032 0.022954 0.957822 0.011835 0.006357
2 2 0.000500 0.010241 0.967845 0.018268 0.003146
2 2 0.001041 0.015491 0.949182 0.028953 0.005333
2 2 0.003948 0.020698 0.903096 0.065808 0.006449
2 2 0.041164 0.060902 0.838203 0.033195 0.026535
2 0 0.146207 0.113253 0.666992 0.020973 0.052575
2 0 0.148865 0.145529 0.632271 0.022173 0.051162
2 0 0.261951 0.224942 0.410783 0.021363 0.080962
2 0 0.163825 0.255763 0.458837 0.027357 0.094218
2 1 0.034005 0.159907 0.664505 0.040567 0.101015
2 1 0.010940 0.083737 0.738862 0.107737 0.058725
2 1 0.003534 0.032445 0.787450 0.151939 0.024632
2 2 0.003282 0.030915 0.800701 0.142428 0.022676
2 2 0.003677 0.039876 0.832463 0.098041 0.025944
2 2 0.002717 0.035756 0.875936 0.065492 0.020098
2 2 0.003239 0.040481 0.883065 0.053293 0.019922
2 2 0.002429 0.029890 0.911508 0.043666 0.012508
2 2 0.003995 0.040715 0.880384 0.056462 0.018443
2 2 0.002061 0.050982 0.914893 0.013952 0.018112
2 2 0.001167 0.030333 0.950451 0.009591 0.008458
2 2 0.000954 0.023040 0.959956 0.009957 0.006093
2 2 0.000476 0.010344 0.973361 0.013075 0.002744
2 2 0.000640 0.009115 0.956120 0.031109 0.003016
2 2 0.000574 0.005511 0.898654 0.092673 0.002587
2 2 0.000505 0.003570 0.826679 0.167293 0.001952
2 2 0.000345 0.002691 0.835705 0.159788 0.001471
2 2 0.000295 0.002789 0.895930 0.099714 0.001271
2 2 0.000311 0.003430 0.931008 0.063911 0.001340
2 2 0.000610 0.006980 0.938589 0.051197 0.002624
2 2 0.001167 0.017834 0.948875 0.026145 0.005979
2 2 0.000961 0.018507 0.958718 0.016322 0.005492
2 2 0.000771 0.017502 0.965299 0.011695 0.004732
2 2 0.000850 0.019879 0.961844 0.011847 0.005580
2 2 0.001108 0.025339 0.955069 0.011415 0.007069
2 2 0.001274 0.024274 0.949832 0.017063 0.007557
2 2 0.002838 0.039628 0.920502 0.020788 0.016245
2 1 0.008357 0.046656 0.896760 0.025477 0.022751
2 1 0.029793 0.081006 0.795286 0.027653 0.066262
2 2 0.002605 0.016162 0.839941 0.133044 0.008249
2 2 0.002423 0.016296 0.862374 0.111118 0.007789
2 2 0.003511 0.030546 0.913559 0.042087 0.010295
2 2 0.006598 0.079263 0.869566 0.020173 0.024400
2 2 0.007443 0.107745 0.845893 0.010993 0.027926
2 2 0.005122 0.101787 0.864210 0.006121 0.022760
2 2 0.002441 0.053724 0.927572 0.005464 0.010800
2 2 0.001232 0.028186 0.959414 0.005699 0.005470
2 2 0.001016 0.022173 0.966113 0.006368 0.004330
2 2 0.000710 0.014434 0.974224 0.007755 0.002877
2 2 0.000633 0.012911 0.976901 0.007121 0.002434
2 2 0.000595 0.012385 0.974826 0.009454 0.002740
2 2 0.000990 0.019991 0.964521 0.009831 0.004667
2 2 0.000633 0.013463 0.970332 0.012096 0.003477
2 2 0.000293 0.005409 0.971061 0.021623 0.001613
2 2 0.000467 0.007081 0.958737 0.031338 0.002377
2 2 0.000523 0.005632 0.912105 0.079165 0.002576
2 2 0.000801 0.007317 0.903322 0.085293 0.003266
2 2 0.000339 0.003068 0.899127 0.096120 0.001346
2 2 0.000438 0.003569 0.896574 0.097906 0.001513
2 2 0.000366 0.002877 0.812933 0.182090 0.001734
2 2 0.003223 0.011739 0.874574 0.106736 0.003727
2 2 0.009756 0.022905 0.844325 0.116567 0.006447
2 2 0.052055 0.066552 0.789473 0.074247 0.017672
2 2 0.272537 0.134531 0.528017 0.023600 0.041316
2 1 0.323888 0.183643 0.405244 0.015484 0.071741
2 1 0.127162 0.182583 0.618712 0.019544 0.051999
2 1 0.012706 0.071372 0.856906 0.030998 0.028018
2 2 0.002902 0.020368 0.904682 0.064644 0.007405
2 2 0.001538 0.012879 0.927214 0.053929 0.004441
2 2 0.000560 0.007642 0.957031 0.032291 0.002475
2 2 0.000314 0.004492 0.966458 0.027438 0.001298
2 2 0.000512 0.008893 0.969375 0.018732 0.002488
2 2 0.000548 0.008265 0.962110 0.026516 0.002561
2 2 0.001052 0.012489 0.949471 0.033014 0.003974
2 2 0.001863 0.014268 0.909282 0.069135 0.005452
2 2 0.002181 0.017697 0.912388 0.061076 0.006657
2 2 0.000647 0.007559 0.944427 0.044682 0.002684
2 2 0.000486 0.007420 0.959985 0.029672 0.002438
2 2 0.000979 0.014779 0.957643 0.022191 0.004408
2 2 0.001845 0.039139 0.936832 0.010440 0.011744
2 2 0.001228 0.024727 0.952810 0.014068 0.007167
2 2 0.001106 0.026068 0.954818 0.010803 0.007205
2 2 0.000486 0.010414 0.967362 0.018432 0.003306
2 2 0.000299 0.006440 0.963940 0.026913 0.002408
2 2 0.000440 0.009585 0.962892 0.023595 0.003488
2 2 0.000252 0.005174 0.961462 0.031116 0.001997
2 2 0.000174 0.003464 0.959155 0.035841 0.001365
2 2 0.000081 0.001413 0.948008 0.049924 0.000574
2 2 0.000093 0.001499 0.940337 0.057439 0.000632
2 2 0.000177 0.002527 0.933653 0.062547 0.001096
2 2 0.000152 0.002096 0.922368 0.074416 0.000969
2 2 0.000127 0.001823 0.915276 0.081874 0.000900
2 2 0.000088 0.001401 0.936678 0.061228 0.000605
2 2 0.000154 0.001760 0.889187 0.108001 0.000898
2 2 0.000192 0.001833 0.892325 0.104818 0.000833
2 3 0.000282 0.001814 0.767491 0.229318 0.001096
2 3 0.000336 0.001832 0.690655 0.305922 0.001255
2 3 0.001143 0.004641 0.568392 0.421905 0.003919
3 3 0.000928 0.003344 0.444980 0.547560 0.003188
2 3 0.000642 0.007298 0.818820 0.167622 0.005618
2 2 0.000367 0.004474 0.878022 0.114458 0.002680
2 2 0.000246 0.003474 0.911498 0.082961 0.001821
2 2 0.000252 0.002821 0.844079 0.151015 0.001833
2 2 0.000918 0.007002 0.811022 0.176630 0.004427
2 2 0.002613 0.012001 0.534463 0.438361 0.012561
3 2 0.006201 0.023411 0.367452 0.569139 0.033797
3 2 0.004219 0.016433 0.248446 0.707576 0.023325
3 2 0.005084 0.017399 0.187117 0.770134 0.020267
2 2 0.027019 0.075839 0.418247 0.305823 0.173071
2 2 0.030384 0.102778 0.457408 0.207552 0.201879
4 2 0.067838 0.154564 0.287040 0.023006 0.467552
4 2 0.059127 0.148417 0.251886 0.008031 0.532539
4 4 0.052433 0.141616 0.243046 0.005011 0.557893
4 4 0.076296 0.089825 0.059138 0.000295 0.774446
4 4 0.083969 0.066333 0.029450 0.000089 0.820159
4 4 0.114856 0.043196 0.010065 0.000026 0.831857
4 4 0.112846 0.042957 0.010384 0.000027 0.833786
4 4 0.103503 0.043740 0.013493 0.000044 0.839220
4 4 0.105506 0.042216 0.011791 0.000034 0.840454
4 4 0.130186 0.077029 0.023677 0.000135 0.768973
4 4 0.121574 0.094712 0.033756 0.000199 0.749759
4 4 0.121748 0.070356 0.022611 0.000116 0.785168
4 4 0.123116 0.050438 0.012322 0.000041 0.814082
4 4 0.103223 0.041854 0.012199 0.000036 0.842688
4 4 0.104965 0.039303 0.010025 0.000024 0.845683
4 4 0.095298 0.038486 0.012138 0.000034 0.854044
4 4 0.082584 0.032622 0.011567 0.000028 0.873199
4 4 0.089773 0.029433 0.008476 0.000016 0.872303
4 4 0.105335 0.039423 0.015913 0.000068 0.839261
4 4 0.177625 0.063833 0.024354 0.000267 0.733920
4 4 0.128583 0.058172 0.026691 0.000236 0.786317
4 4 0.126562 0.066568 0.035638 0.000432 0.770800
4 4 0.119180 0.057375 0.022464 0.000148 0.800833
4 4 0.102952 0.057027 0.025958 0.000178 0.813885
4 4 0.101783 0.048973 0.018517 0.000086 0.830641
4 4 0.099803 0.049983 0.020430 0.000104 0.829680
4 4 0.119679 0.043648 0.009302 0.000022 0.827348
4 4 0.126357 0.046147 0.009285 0.000023 0.818188
4 4 0.120833 0.062616 0.015843 0.000049 0.800658
4 4 0.046474 0.152499 0.102089 0.000101 0.698838
4 4 0.062655 0.106494 0.048627 0.000051 0.782173
4 4 0.075262 0.101850 0.042435 0.000067 0.780385
4 4 0.091501 0.101083 0.039923 0.000109 0.767384
4 4 0.088507 0.110582 0.047724 0.000141 0.753046
4 4 0.093828 0.097539 0.036758 0.000099 0.771776
4 4 0.078611 0.096318 0.037964 0.000062 0.787045
4 4 0.061693 0.127536 0.067291 0.000093 0.743386
4 4 0.039448 0.156372 0.112987 0.000080 0.691113
4 4 0.036757 0.171327 0.137398 0.000105 0.654414
4 4 0.054710 0.109775 0.053580 0.000042 0.781893
4 4 0.071240 0.096703 0.039424 0.000050 0.792582
4 4 0.102339 0.067942 0.019142 0.000041 0.810537
4 4 0.119500 0.060571 0.015015 0.000043 0.804871
4 4 0.123677 0.043251 0.008367 0.000018 0.824687
4 4 0.126612 0.046431 0.009377 0.000024 0.817557
4 1 0.135946 0.057975 0.013424 0.000053 0.792602
4 1 0.110949 0.081445 0.025550 0.000085 0.781970
4 2 0.073325 0.138369 0.073746 0.000187 0.714373
4 2 0.067877 0.215534 0.147899 0.000443 0.568247
4 2 0.023476 0.232727 0.306517 0.000373 0.436907
2 1 0.015965 0.245277 0.428752 0.000654 0.309353
2 1 0.010323 0.237849 0.524496 0.000744 0.226588
2 2 0.011280 0.241734 0.545223 0.001439 0.200324
2 2 0.013318 0.240461 0.524535 0.001726 0.219960
2 2 0.017989 0.236351 0.453703 0.001478 0.290479
2 2 0.016268 0.237885 0.476413 0.001509 0.267925
2 2 0.015180 0.248019 0.464473 0.000964 0.271365
2 2 0.014331 0.246519 0.471659 0.000898 0.266593
2 2 0.013807 0.244119 0.463139 0.000698 0.278236
2 2 0.014442 0.244413 0.450934 0.000667 0.289544
2 2 0.011277 0.240867 0.518245 0.000891 0.228720
2 2 0.011826 0.241275 0.496403 0.000722 0.249773
2 2 0.013404 0.241947 0.454855 0.000560 0.289235
2 2 0.016157 0.246091 0.430908 0.000701 0.306143
2 2 0.011507 0.231975 0.532625 0.001232 0.222661
2 2 0.005085 0.157361 0.724439 0.004500 0.108615
2 2 0.008161 0.190291 0.644867 0.003407 0.153275
2 2 0.006269 0.163007 0.701938 0.005155 0.123631
2 2 0.004893 0.137087 0.751094 0.008445 0.098481
2 2 0.015320 0.250193 0.482911 0.001337 0.250239
2 2 0.010833 0.231169 0.585176 0.002698 0.170123
2 2 0.011350 0.228127 0.558737 0.001881 0.199905
2 2 0.007004 0.140071 0.735327 0.005972 0.111626
2 2 0.008536 0.090998 0.819519 0.009324 0.071623
2 2 0.006213 0.061151 0.872543 0.017514 0.042578
2 2 0.005259 0.046552 0.895406 0.028542 0.024242
2 2 0.004248 0.065256 0.894747 0.012674 0.023075
2 2 0.002645 0.053854 0.913132 0.013463 0.016906
2 2 0.002886 0.069947 0.893196 0.006658 0.027313
2 2 0.001787 0.049228 0.919134 0.008314 0.021536
2 2 0.003963 0.101908 0.827519 0.004194 0.062416
2 2 0.003464 0.099232 0.837882 0.006624 0.052798
2 2 0.004504 0.111847 0.816565 0.006931 0.060155
2 2 0.005212 0.119790 0.804947 0.006208 0.063843
2 2 0.008007 0.142063 0.744179 0.003994 0.101757
2 2 0.004336 0.084806 0.862156 0.004751 0.043950
2 2 0.005642 0.108415 0.816021 0.003091 0.066831
2 2 0.004287 0.107218 0.832145 0.002763 0.053586
2 2 0.001848 0.052289 0.919416 0.005457 0.020990
2 2 0.000750 0.015366 0.932723 0.043228 0.007933
2 2 0.000874 0.015741 0.917267 0.057238 0.008880
2 2 0.001026 0.018920 0.923845 0.046413 0.009797
2 2 0.001202 0.022279 0.915167 0.049172 0.012180
2 2 0.000803 0.012625 0.903822 0.075206 0.007544
2 2 0.000687 0.009489 0.895743 0.088456 0.005625
2 2 0.000572 0.006979 0.860421 0.127359 0.004669
2 2 0.000429 0.004387 0.754736 0.236606 0.003842
2 2 0.000599 0.003860 0.685423 0.306985 0.003133
2 2 0.000551 0.002819 0.605807 0.388438 0.002385
2 2 0.000668 0.003646 0.621828 0.370712 0.003146
2 2 0.000633 0.004400 0.617768 0.372736 0.004464
2 3 0.000658 0.004396 0.605708 0.384751 0.004487
2 3 0.001006 0.005992 0.641653 0.345976 0.005372
2 3 0.001329 0.006727 0.549220 0.435803 0.006921
2 3 0.001136 0.006256 0.536277 0.449408 0.006923
3 3 0.000581 0.003300 0.449468 0.542325 0.004327
3 3 0.000955 0.005255 0.489941 0.497459 0.006390
3 3 0.000870 0.004857 0.436527 0.551043 0.006703
3 3 0.000877 0.005396 0.420456 0.565025 0.008246
3 3 0.002083 0.006800 0.263511 0.719768 0.007838
3 3 0.001800 0.006101 0.276672 0.708004 0.007424
3 3 0.002177 0.006738 0.256390 0.727455 0.007240
3 3 0.004002 0.013129 0.283525 0.684025 0.015320
3 3 0.009299 0.025299 0.243703 0.694409 0.027290
3 3 0.007975 0.023095 0.255289 0.688808 0.024832
3 3 0.002330 0.009593 0.236200 0.737342 0.014536
3 3 0.001598 0.007321 0.205696 0.772907 0.012479
3 3 0.000432 0.002592 0.194722 0.796062 0.006192
3 3 0.000574 0.003213 0.156843 0.832527 0.006843
3 3 0.000397 0.002257 0.135128 0.857377 0.004841
3 3 0.000751 0.003815 0.152579 0.835683 0.007172
3 3 0.001031 0.004219 0.129670 0.859144 0.005936
3 3 0.001224 0.004141 0.118910 0.871174 0.004551
3 3 0.001935 0.006303 0.104292 0.880981 0.006489
3 3 0.002516 0.008101 0.128496 0.852488 0.008399
3 3 0.001826 0.006381 0.112580 0.871983 0.007231
3 3 0.002152 0.007120 0.137576 0.845447 0.007704
3 3 0.002102 0.007737 0.189745 0.790490 0.009926
3 3 0.002533 0.008451 0.172092 0.807448 0.009475
3 3 0.009683 0.022324 0.162779 0.783909 0.021305
3 3 0.003128 0.009144 0.109202 0.870279 0.008246
3 3 0.002014 0.005910 0.086223 0.900618 0.005234
3 3 0.001836 0.005613 0.088380 0.898922 0.005250
3 3 0.001796 0.006342 0.113735 0.870835 0.007291
3 3 0.003812 0.014332 0.216963 0.745754 0.019139
3 3 0.003548 0.017647 0.437372 0.516680 0.024752
2 3 0.001716 0.013062 0.620015 0.350345 0.014863
2 3 0.001582 0.013904 0.702885 0.267789 0.013839
2 3 0.001100 0.009832 0.666605 0.311733 0.010731
2 3 0.001623 0.010173 0.558216 0.418106 0.011881
2 3 0.001661 0.009589 0.540596 0.437051 0.011103
2 3 0.001951 0.011894 0.616273 0.357878 0.012005
2 3 0.001818 0.011532 0.633245 0.342010 0.011395
2 3 0.001249 0.008006 0.655009 0.328358 0.007379
2 3 0.000812 0.004210 0.592443 0.398706 0.003829
2 3 0.001400 0.007353 0.715545 0.270578 0.005124
2 3 0.001188 0.006371 0.703347 0.284489 0.004605
2 3 0.001285 0.007274 0.713456 0.272667 0.005317
2 3 0.001030 0.005831 0.590238 0.397157 0.005743
3 3 0.003636 0.013673 0.332612 0.630721 0.019359
3 3 0.001625 0.006373 0.317458 0.665060 0.009484
3 3 0.001655 0.007104 0.414942 0.567138 0.009162
3 3 0.001048 0.005644 0.461848 0.524183 0.007277
3 3 0.001344 0.006079 0.407680 0.576774 0.008123
3 3 0.002053 0.007790 0.344974 0.633938 0.011245
3 3 0.007589 0.021310 0.338002 0.605935 0.027165
3 3 0.011239 0.024078 0.311507 0.631584 0.021592
3 2 0.015574 0.025527 0.338537 0.607542 0.012820
2 2 0.047961 0.078890 0.602733 0.235673 0.034743
2 2 0.043778 0.156933 0.661310 0.040942 0.097037
2 2 0.049328 0.264106 0.356246 0.005250 0.325070
2 2 0.020062 0.252920 0.481951 0.002253 0.242814
2 2 0.010612 0.216679 0.605672 0.001820 0.165217
2 2 0.007903 0.153617 0.739943 0.002847 0.095689
2 2 0.009099 0.159872 0.715901 0.002573 0.112556
2 2 0.002910 0.049448 0.912035 0.016174 0.019434
2 1 0.006344 0.044428 0.904766 0.028224 0.016238
2 1 0.024097 0.060270 0.857289 0.038304 0.020040
2 2 0.130235 0.139102 0.630637 0.015136 0.084891
2 2 0.010834 0.165346 0.700042 0.005787 0.117990
2 2 0.006437 0.123813 0.804093 0.008733 0.056923
2 2 0.003136 0.051771 0.903699 0.022418 0.018976
2 2 0.010989 0.099928 0.818341 0.030669 0.040072
2 2 0.028368 0.124467 0.758806 0.022830 0.065529
2 2 0.020797 0.085624 0.833182 0.026883 0.033514
2 1 0.006104 0.037148 0.914313 0.033265 0.009170
2 2 0.002593 0.022070 0.945601 0.024502 0.005234
2 2 0.002633 0.029373 0.933510 0.025837 0.008647
2 2 0.001044 0.013941 0.953313 0.027377 0.004325
2 2 0.000861 0.011971 0.952977 0.030238 0.003952
2 2 0.001735 0.029884 0.940502 0.018483 0.009396
2 2 0.003327 0.066648 0.894915 0.008934 0.026177
2 2 0.005631 0.127757 0.803828 0.003593 0.059192
2 2 0.007919 0.228160 0.604450 0.001393 0.158078
2 2 0.009583 0.235939 0.554319 0.000988 0.199171
2 2 0.006587 0.176859 0.727139 0.002386 0.087029
2 2 0.003165 0.084347 0.878435 0.007150 0.026903
2 2 0.002042 0.053897 0.916689 0.010355 0.017016
2 2 0.000952 0.021741 0.950821 0.018692 0.007794
2 2 0.000865 0.012542 0.928266 0.052519 0.005808
2 2 0.001825 0.028815 0.927065 0.028754 0.013540
2 2 0.002679 0.041493 0.911586 0.023113 0.021130
2 2 0.001110 0.021209 0.940907 0.028188 0.008586
2 2 0.000676 0.011748 0.934097 0.047798 0.005681
2 2 0.000777 0.014861 0.932627 0.044282 0.007454
2 2 0.001564 0.027701 0.910208 0.045384 0.015144
2 2 0.001100 0.015390 0.922027 0.054214 0.007269
2 2 0.001080 0.014625 0.932526 0.045654 0.006115
2 2 0.001954 0.025659 0.930879 0.028963 0.012544
2 2 0.001660 0.028561 0.931948 0.023951 0.013879
2 2 0.002908 0.044650 0.901399 0.020903 0.030140
2 2 0.000695 0.012106 0.930853 0.050294 0.006052
2 2 0.000863 0.012811 0.910767 0.068532 0.007028
2 2 0.000947 0.012817 0.924945 0.055394 0.005897
2 2 0.000789 0.011697 0.939009 0.043602 0.004902
2 2 0.000434 0.008365 0.960593 0.027558 0.003049
2 2 0.000436 0.008251 0.952238 0.035647 0.003429
2 2 0.000656 0.012156 0.948021 0.034104 0.005063
2 2 0.000804 0.012439 0.930232 0.050672 0.005853
2 2 0.000989 0.018521 0.956425 0.018306 0.005759
2 2 0.000475 0.007945 0.957930 0.030823 0.002827
2 2 0.000549 0.010251 0.959747 0.025839 0.003614
2 2 0.000425 0.008217 0.957125 0.031034 0.003199
2 2 0.000444 0.011156 0.965010 0.019376 0.004015
2 2 0.000355 0.009157 0.967080 0.020065 0.003343
2 2 0.000452 0.011704 0.966290 0.017484 0.004071
2 2 0.000470 0.010405 0.954069 0.030609 0.004447
2 2 0.000540 0.008089 0.920395 0.066784 0.004192
2 2 0.001066 0.011200 0.865125 0.115803 0.006806
2 2 0.001454 0.011174 0.734914 0.243124 0.009334
2 2 0.001423 0.010761 0.682126 0.295377 0.010313
2 2 0.000942 0.007312 0.602716 0.380541 0.008488
2 2 0.001476 0.009631 0.572546 0.405259 0.011088
2 2 0.056063 0.081323 0.673958 0.057982 0.130673
2 1 0.159808 0.144892 0.375213 0.026879 0.293209
4 2 0.166616 0.133239 0.061096 0.001004 0.638046
4 2 0.120860 0.153640 0.075174 0.000850 0.649476
4 2 0.116194 0.122605 0.044876 0.000158 0.716167
4 4 0.072871 0.137510 0.073064 0.000180 0.716374
4 4 0.097917 0.097826 0.036475 0.000111 0.767670
4 4 0.115223 0.085461 0.027467 0.000109 0.771740
4 4 0.109233 0.084797 0.032088 0.000153 0.773728
4 4 0.093162 0.096183 0.035948 0.000093 0.774614
4 4 0.062543 0.112040 0.053212 0.000061 0.772145
4 4 0.053158 0.115339 0.059027 0.000047 0.772430
4 4 0.048326 0.164899 0.116500 0.000154 0.670121
4 4 0.044094 0.159749 0.113229 0.000110 0.682817
4 4 0.046862 0.138495 0.085378 0.000069 0.729195
4 4 0.058153 0.099561 0.044247 0.000035 0.798004
4 4 0.068150 0.089159 0.034698 0.000035 0.807958
4 4 0.072716 0.115496 0.053533 0.000095 0.758160
4 4 0.091270 0.069796 0.020753 0.000033 0.818148
4 4 0.131021 0.051593 0.011113 0.000035 0.806238
4 4 0.115883 0.055649 0.018219 0.000091 0.810159
4 4 0.120034 0.056221 0.017090 0.000081 0.806574
4 4 0.095960 0.042937 0.015586 0.000057 0.845459
4 4 0.089182 0.038174 0.015381 0.000054 0.857208
4 4 0.106914 0.054601 0.032249 0.000307 0.805930
4 4 0.095338 0.047076 0.019806 0.000095 0.837685
4 4 0.076133 0.032787 0.014333 0.000042 0.876705
4 4 0.073142 0.032514 0.015506 0.000048 0.878789
4 4 0.111091 0.050067 0.015690 0.000064 0.823088
4 4 0.134166 0.055588 0.012538 0.000045 0.797662
4 4 0.122255 0.041778 0.007915 0.000016 0.828036
4 4 0.106886 0.044269 0.012816 0.000041 0.835989
4 4 0.100666 0.039381 0.013764 0.000047 0.846142
4 4 0.158151 0.039201 0.008878 0.000028 0.793742
4 4 0.229639 0.048501 0.008948 0.000042 0.712870
4 4 0.232875 0.043819 0.006240 0.000020 0.717046
4 4 0.233101 0.050215 0.008470 0.000037 0.708177
4 4 0.157868 0.041757 0.009320 0.000031 0.791023
4 4 0.157628 0.048971 0.014353 0.000077 0.778971
4 4 0.109833 0.045494 0.014264 0.000053 0.830356
4 4 0.115531 0.039620 0.008047 0.000016 0.836785
4 4 0.112090 0.032402 0.005275 0.000007 0.850226
