0 0 0.865728 0.081111 0.033189 0.000784 0.019188
0 0 0.815841 0.101641 0.064493 0.003359 0.014666
0 0 0.748962 0.124188 0.095606 0.007675 0.023569
0 0 0.808821 0.093943 0.068425 0.005863 0.022948
0 0 0.820307 0.087018 0.066385 0.006419 0.019870
0 0 0.874607 0.066234 0.037009 0.002099 0.020051
0 0 0.902315 0.049965 0.020939 0.000786 0.025995
0 0 0.877481 0.069841 0.030495 0.000954 0.021230
0 0 0.871494 0.071180 0.036956 0.001651 0.018719
0 0 0.784096 0.135758 0.062239 0.001287 0.016620
0 0 0.871314 0.082439 0.024807 0.000291 0.021149
0 0 0.872162 0.083704 0.021902 0.000185 0.022046
0 0 0.884742 0.067366 0.017136 0.000172 0.030584
0 0 0.865578 0.070698 0.018038 0.000196 0.045490
0 0 0.862359 0.064702 0.020516 0.000408 0.052015
0 0 0.905504 0.044226 0.017972 0.000717 0.031580
0 0 0.934806 0.035002 0.013480 0.000460 0.016251
0 0 0.941902 0.028446 0.011935 0.000578 0.017140
0 0 0.922616 0.038857 0.022051 0.001696 0.014781
0 0 0.893209 0.055752 0.037281 0.003029 0.010729
0 0 0.843212 0.097953 0.049816 0.001330 0.007689
0 0 0.828896 0.101386 0.060530 0.002226 0.006961
0 0 0.809303 0.117010 0.060271 0.001649 0.011767
0 0 0.835551 0.100019 0.042489 0.000973 0.020968
0 0 0.839919 0.095671 0.026661 0.000276 0.037473
0 0 0.829234 0.058299 0.014559 0.000208 0.097700
0 1 0.581861 0.074028 0.020221 0.000280 0.323610
0 1 0.512881 0.126637 0.044211 0.000782 0.315489
4 1 0.350885 0.176064 0.085003 0.002246 0.385802
4 2 0.352668 0.142332 0.041599 0.000334 0.463067
4 2 0.288499 0.202259 0.049511 0.000179 0.459552
4 2 0.223161 0.314672 0.081439 0.000224 0.380503
4 2 0.268779 0.250635 0.064169 0.000221 0.416196
4 1 0.251247 0.224098 0.084386 0.000811 0.439458
4 2 0.229830 0.257453 0.137696 0.002905 0.372116
1 2 0.111074 0.367971 0.358788 0.003374 0.158793
2 2 0.047535 0.325576 0.430286 0.001494 0.195109
2 2 0.013230 0.245831 0.614342 0.000757 0.125840
2 2 0.018428 0.273735 0.521384 0.000915 0.185538
2 2 0.007210 0.195692 0.700027 0.001312 0.095759
2 2 0.026750 0.239093 0.624863 0.001552 0.107743
2 2 0.008163 0.102627 0.768398 0.001784 0.119029
2 2 0.004986 0.053824 0.880019 0.004967 0.056204
2 2 0.000381 0.015090 0.971469 0.004575 0.008485
2 2 0.000332 0.015740 0.972607 0.003070 0.008251
2 2 0.000195 0.013705 0.978428 0.002313 0.005359
2 2 0.000227 0.010213 0.979725 0.005559 0.004276
2 2 0.000208 0.011281 0.979745 0.003756 0.005011
2 2 0.000306 0.010464 0.975137 0.007531 0.006562
2 2 0.000453 0.014625 0.970345 0.005024 0.009553
2 2 0.000305 0.008911 0.978894 0.008877 0.003014
2 2 0.000785 0.013584 0.975071 0.007138 0.003423
2 2 0.000854 0.014805 0.975342 0.005933 0.003066
2 2 0.000799 0.012259 0.977112 0.008469 0.001361
2 2 0.000650 0.011503 0.977580 0.008984 0.001283
2 2 0.000546 0.010591 0.977551 0.010309 0.001003
2 2 0.000291 0.008140 0.978244 0.012441 0.000883
2 2 0.000225 0.006254 0.971566 0.021435 0.000520
2 2 0.000174 0.004964 0.960437 0.034085 0.000340
2 2 0.000247 0.005797 0.952750 0.040704 0.000502
2 2 0.000840 0.004935 0.726248 0.267131 0.000846
2 2 0.000819 0.005781 0.771963 0.220651 0.000785
2 2 0.000579 0.005023 0.819250 0.174484 0.000664
2 3 0.000784 0.005912 0.815788 0.176608 0.000908
2 3 0.000587 0.004914 0.818694 0.175062 0.000744
2 3 0.000952 0.005312 0.725997 0.266694 0.001045
2 3 0.001194 0.005313 0.658675 0.333645 0.001173
2 3 0.001130 0.004277 0.563178 0.430630 0.000786
3 3 0.001330 0.004225 0.488773 0.504933 0.000739
3 3 0.001665 0.004405 0.422091 0.571072 0.000767
3 3 0.002847 0.005537 0.339699 0.650836 0.001080
3 3 0.003693 0.005725 0.272405 0.717044 0.001133
3 3 0.004273 0.005596 0.225161 0.763871 0.001098
3 3 0.004259 0.005951 0.247365 0.741219 0.001207
3 3 0.002922 0.004631 0.257796 0.733841 0.000810
3 3 0.002245 0.004668 0.342237 0.650026 0.000825
3 3 0.001349 0.002734 0.275000 0.720565 0.000352
3 3 0.001789 0.004206 0.372198 0.621105 0.000703
3 3 0.001455 0.003596 0.370398 0.624003 0.000548
3 3 0.001187 0.003037 0.361690 0.633666 0.000419
3 3 0.005202 0.006660 0.234695 0.751998 0.001445
3 3 0.005057 0.005221 0.167655 0.821065 0.001002
3 3 0.004186 0.003930 0.133730 0.857503 0.000652
3 3 0.004041 0.003501 0.115903 0.876005 0.000551
3 3 0.006453 0.006179 0.180752 0.805385 0.001231
3 3 0.007119 0.008665 0.275950 0.706235 0.002031
2 3 0.010491 0.017379 0.519886 0.446288 0.005956
2 2 0.023360 0.058516 0.748248 0.141749 0.028127
2 2 0.029961 0.116959 0.757976 0.027570 0.067533
2 2 0.050813 0.156548 0.629954 0.020328 0.142356
2 2 0.026138 0.105841 0.709869 0.030724 0.127428
4 2 0.066624 0.127700 0.276807 0.007337 0.521533
2 2 0.059785 0.123717 0.461784 0.024074 0.330640
2 2 0.230031 0.145666 0.323349 0.030821 0.270133
2 0 0.180725 0.145614 0.546009 0.054120 0.073533
2 0 0.312676 0.210182 0.401957 0.023428 0.051757
0 0 0.441075 0.207204 0.308534 0.019270 0.023918
0 0 0.685471 0.168479 0.128683 0.006507 0.010861
0 1 0.813222 0.124005 0.053213 0.000841 0.008720
0 1 0.636708 0.220951 0.125462 0.002798 0.014082
2 2 0.030952 0.124667 0.559534 0.007033 0.277815
2 2 0.051100 0.174159 0.474372 0.003382 0.296987
2 2 0.022975 0.179433 0.652029 0.003650 0.141913
2 2 0.025698 0.173662 0.624160 0.006652 0.169828
2 2 0.020030 0.185732 0.681688 0.005299 0.107252
2 2 0.047720 0.183813 0.484663 0.006225 0.277579
2 2 0.032367 0.182116 0.656402 0.003911 0.125205
2 2 0.103042 0.172131 0.572596 0.016935 0.135296
2 2 0.219642 0.247018 0.465960 0.012367 0.055013
2 1 0.262266 0.272790 0.415922 0.010817 0.038205
2 1 0.094434 0.347075 0.536039 0.004523 0.017930
2 1 0.088483 0.366551 0.528078 0.003753 0.013135
2 2 0.162228 0.402357 0.413599 0.002811 0.019004
1 1 0.348461 0.383600 0.230078 0.002377 0.035484
2 2 0.143604 0.283597 0.528735 0.007032 0.037032
2 2 0.132589 0.239726 0.480088 0.008290 0.139307
2 2 0.130662 0.221645 0.389287 0.009762 0.248643
2 2 0.029480 0.128340 0.658673 0.019872 0.163636
2 2 0.009290 0.066895 0.780855 0.029213 0.113748
2 2 0.003168 0.038646 0.903515 0.023312 0.031359
2 2 0.003952 0.052261 0.913605 0.008913 0.021269
2 2 0.003282 0.042388 0.933796 0.010463 0.010071
2 2 0.001675 0.035357 0.947746 0.007173 0.008050
2 2 0.001423 0.043218 0.935673 0.003744 0.015942
2 2 0.004125 0.072993 0.889216 0.002972 0.030695
2 2 0.016465 0.129013 0.787392 0.003038 0.064092
2 2 0.037291 0.155007 0.759789 0.007642 0.040270
2 1 0.034411 0.171311 0.753067 0.010874 0.030336
2 1 0.040399 0.187170 0.727504 0.012454 0.032472
2 2 0.132002 0.308946 0.481343 0.006412 0.071298
2 2 0.066315 0.261811 0.617749 0.004254 0.049871
2 2 0.051033 0.221034 0.684684 0.006713 0.036536
2 2 0.018796 0.164262 0.796659 0.005099 0.015184
2 2 0.010430 0.150037 0.827860 0.002675 0.008997
2 2 0.019816 0.209609 0.751425 0.001236 0.017913
2 2 0.015961 0.159573 0.799656 0.001547 0.023262
2 2 0.053569 0.196105 0.700463 0.003922 0.045941
2 2 0.035728 0.193814 0.742594 0.003702 0.024162
2 2 0.058981 0.262971 0.642092 0.004537 0.031419
2 2 0.058851 0.333217 0.570528 0.003935 0.033469
2 2 0.000284 0.020975 0.968609 0.001742 0.008391
2 2 0.000210 0.012723 0.980301 0.003360 0.003406
2 2 0.000404 0.013558 0.975704 0.006316 0.004017
2 2 0.000543 0.011657 0.969950 0.015163 0.002687
2 2 0.000691 0.014780 0.965720 0.015642 0.003167
2 2 0.000730 0.019646 0.961519 0.012244 0.005860
2 2 0.000499 0.013250 0.965581 0.018389 0.002281
2 2 0.000606 0.014835 0.962827 0.018617 0.003116
2 2 0.000331 0.009164 0.969478 0.019427 0.001599
2 2 0.000458 0.010373 0.964010 0.022568 0.002591
2 2 0.000469 0.010108 0.963086 0.023422 0.002914
2 2 0.000316 0.007019 0.960722 0.030660 0.001283
2 2 0.000243 0.007005 0.972881 0.018365 0.001506
2 2 0.000401 0.008886 0.966108 0.021444 0.003161
2 2 0.000395 0.010124 0.970309 0.015079 0.004093
2 2 0.000343 0.006441 0.957385 0.033815 0.002016
2 2 0.000247 0.004896 0.951742 0.042225 0.000890
2 2 0.000207 0.005518 0.967969 0.025392 0.000915
2 2 0.000211 0.005160 0.960900 0.033038 0.000691
2 2 0.000195 0.003900 0.943950 0.051436 0.000519
2 2 0.001993 0.013688 0.871807 0.104642 0.007871
2 2 0.001502 0.006804 0.699370 0.290474 0.001851
2 3 0.001395 0.005754 0.641419 0.350091 0.001340
2 3 0.002798 0.008529 0.581463 0.404862 0.002348
2 3 0.003181 0.009237 0.563096 0.421815 0.002672
2 3 0.004020 0.009776 0.497806 0.485586 0.002812
3 3 0.003571 0.007688 0.417199 0.569690 0.001853
3 3 0.002977 0.006482 0.399242 0.589894 0.001405
3 3 0.002044 0.005430 0.451984 0.539461 0.001081
3 3 0.002850 0.005985 0.375873 0.614061 0.001231
3 3 0.003435 0.005702 0.292273 0.697464 0.001126
3 3 0.003084 0.004514 0.234237 0.757384 0.000780
3 3 0.002888 0.004585 0.257278 0.734451 0.000798
3 3 0.003922 0.005919 0.266061 0.722910 0.001188
3 3 0.003981 0.006407 0.293304 0.694961 0.001348
3 3 0.003654 0.005361 0.250692 0.739270 0.001022
3 3 0.002764 0.004009 0.221544 0.771036 0.000648
3 3 0.002621 0.004138 0.246032 0.746529 0.000679
3 3 0.002231 0.003880 0.266368 0.726909 0.000612
3 3 0.001849 0.003333 0.261463 0.732873 0.000482
3 3 0.003945 0.004434 0.173102 0.817748 0.000771
3 3 0.003967 0.003802 0.135181 0.856432 0.000618
3 3 0.004011 0.003238 0.103085 0.889174 0.000493
3 3 0.003469 0.002953 0.105685 0.887468 0.000425
3 3 0.006549 0.005170 0.122028 0.865238 0.001016
3 3 0.005676 0.005674 0.167035 0.820472 0.001143
3 3 0.007034 0.006697 0.168713 0.816071 0.001486
3 3 0.018651 0.013249 0.202628 0.761721 0.003751
2 3 0.083293 0.052661 0.424579 0.422777 0.016690
2 2 0.119176 0.115503 0.593957 0.144472 0.026892
2 2 0.106873 0.149849 0.660729 0.061704 0.020846
2 2 0.083410 0.167812 0.698138 0.029385 0.021254
2 2 0.108794 0.221713 0.619282 0.013811 0.036400
2 2 0.027475 0.148176 0.744660 0.011337 0.068352
2 2 0.005540 0.043219 0.882454 0.054750 0.014036
2 2 0.002600 0.021217 0.878156 0.092493 0.005534
2 2 0.002394 0.021609 0.894333 0.075439 0.006225
2 2 0.002004 0.021904 0.916376 0.052621 0.007095
2 2 0.001835 0.018797 0.914962 0.056966 0.007441
2 2 0.000918 0.012607 0.939493 0.042442 0.004540
2 2 0.000460 0.013778 0.969642 0.012921 0.003199
2 2 0.000327 0.010097 0.972384 0.015340 0.001852
2 2 0.000258 0.007842 0.974674 0.015314 0.001912
2 2 0.000348 0.008416 0.969214 0.019074 0.002948
2 2 0.000653 0.010880 0.954084 0.029170 0.005213
2 2 0.001053 0.014347 0.940170 0.037826 0.006605
2 2 0.000788 0.010311 0.928762 0.057392 0.002747
2 2 0.000500 0.007273 0.922706 0.068453 0.001068
2 2 0.000425 0.008864 0.955717 0.033585 0.001409
2 3 0.000440 0.007960 0.949634 0.040363 0.001603
2 3 0.000496 0.007104 0.930554 0.060298 0.001547
2 3 0.000632 0.007157 0.909230 0.081063 0.001919
2 3 0.000914 0.009802 0.914512 0.071340 0.003432
2 3 0.001431 0.010848 0.864099 0.119927 0.003695
2 3 0.001226 0.005888 0.690474 0.301124 0.001288
2 3 0.001607 0.007022 0.684320 0.305161 0.001891
2 3 0.001390 0.006799 0.721694 0.268242 0.001875
2 3 0.001091 0.005545 0.712628 0.279391 0.001344
2 3 0.000735 0.005109 0.763830 0.229607 0.000719
2 3 0.000610 0.005036 0.794870 0.198918 0.000566
2 3 0.001219 0.005241 0.638340 0.354065 0.001135
3 3 0.001137 0.003623 0.468352 0.526314 0.000574
3 3 0.001905 0.005250 0.462100 0.529716 0.001029
3 3 0.002517 0.006029 0.425807 0.564384 0.001263
3 3 0.002166 0.004243 0.311538 0.681347 0.000706
3 3 0.002143 0.003679 0.257634 0.735981 0.000563
3 3 0.002117 0.003598 0.252598 0.741143 0.000544
3 3 0.004203 0.006037 0.295076 0.693556 0.001127
2 3 0.004029 0.010636 0.576174 0.408109 0.001052
2 3 0.004633 0.013947 0.669569 0.310930 0.000921
2 2 0.006821 0.025420 0.829590 0.136412 0.001757
2 2 0.007011 0.028041 0.830432 0.131758 0.002758
2 2 0.003194 0.014992 0.762288 0.216679 0.002847
2 2 0.003323 0.013000 0.718869 0.259504 0.005304
2 2 0.001733 0.006859 0.649214 0.340409 0.001785
2 2 0.001722 0.008954 0.763341 0.223413 0.002569
2 2 0.000739 0.004529 0.736681 0.257261 0.000791
2 2 0.000809 0.006302 0.830694 0.160880 0.001315
2 2 0.001131 0.008789 0.862562 0.124608 0.002909
2 2 0.001486 0.008289 0.773111 0.214973 0.002141
2 2 0.000267 0.004422 0.923720 0.071089 0.000502
2 2 0.000244 0.004490 0.933241 0.061561 0.000465
2 2 0.000305 0.004953 0.931026 0.062979 0.000737
2 2 0.000398 0.004607 0.878441 0.115936 0.000618
2 2 0.000305 0.004670 0.910659 0.083894 0.000471
2 2 0.000597 0.006855 0.887015 0.104640 0.000893
2 2 0.000354 0.006341 0.932940 0.059759 0.000605
2 2 0.000463 0.006325 0.905133 0.087379 0.000700
2 2 0.000341 0.004719 0.892425 0.102076 0.000438
2 2 0.000514 0.006267 0.893790 0.098650 0.000780
2 2 0.000647 0.008178 0.932381 0.057641 0.001152
2 2 0.000946 0.011622 0.944273 0.040262 0.002898
2 2 0.002024 0.031420 0.938885 0.007747 0.019923
2 2 0.001458 0.042576 0.904651 0.002351 0.048964
2 2 0.002511 0.081276 0.761012 0.000814 0.154387
2 2 0.002100 0.075351 0.784945 0.001287 0.136317
2 2 0.002448 0.100656 0.751989 0.000919 0.143988
2 2 0.001859 0.098889 0.764023 0.000694 0.134535
2 2 0.001478 0.082399 0.820974 0.000713 0.094436
4 4 0.008013 0.094526 0.405941 0.001530 0.489990
4 4 0.016290 0.069749 0.058859 0.000862 0.854240
4 4 0.013608 0.072882 0.086227 0.000914 0.826370
4 4 0.011657 0.102789 0.249180 0.001675 0.634699
2 4 0.003410 0.099604 0.645604 0.001135 0.250247
2 4 0.001632 0.079707 0.764224 0.000653 0.153784
2 2 0.001158 0.065841 0.795609 0.000612 0.136780
2 2 0.002158 0.075219 0.690856 0.000781 0.230986
2 2 0.004685 0.080616 0.536656 0.001791 0.376251
4 2 0.012648 0.078623 0.145544 0.000824 0.762361
4 2 0.015371 0.071901 0.078233 0.000590 0.833905
4 4 0.015728 0.067759 0.061645 0.000437 0.854431
4 4 0.022655 0.064350 0.039663 0.000220 0.873113
4 4 0.032605 0.066464 0.029607 0.000121 0.871203
4 4 0.057787 0.133332 0.091807 0.000469 0.716606
2 4 0.022301 0.223084 0.448031 0.001027 0.305557
2 2 0.006764 0.173562 0.748314 0.001380 0.069981
2 2 0.006740 0.180499 0.742347 0.001730 0.068684
2 2 0.000975 0.068938 0.913254 0.001462 0.015370
2 2 0.000924 0.049845 0.929884 0.002234 0.017114
2 2 0.000740 0.043332 0.930612 0.001671 0.023645
2 2 0.000329 0.021597 0.967070 0.002093 0.008910
2 2 0.000270 0.016578 0.976357 0.003572 0.003223
2 2 0.000326 0.015254 0.975512 0.006613 0.002295
2 2 0.000490 0.023463 0.966914 0.005085 0.004048
2 2 0.000749 0.032750 0.949654 0.003484 0.013362
2 2 0.000437 0.021258 0.967179 0.003944 0.007183
2 2 0.000401 0.017711 0.968079 0.004122 0.009687
2 2 0.000334 0.018477 0.964758 0.002371 0.014060
2 2 0.000300 0.018901 0.960478 0.001660 0.018662
2 2 0.000190 0.013766 0.974327 0.001676 0.010042
2 2 0.000233 0.014028 0.971445 0.002151 0.012142
2 2 0.000220 0.012763 0.975674 0.002632 0.008710
2 2 0.000220 0.011226 0.978627 0.003836 0.006091
2 2 0.000220 0.010980 0.979663 0.004431 0.004706
2 2 0.000179 0.008041 0.982265 0.007233 0.002282
2 2 0.000343 0.013221 0.974678 0.007043 0.004715
2 2 0.000274 0.008711 0.974823 0.014331 0.001861
2 2 0.000318 0.010709 0.974923 0.011575 0.002474
2 2 0.000273 0.009468 0.975801 0.012733 0.001724
2 2 0.000711 0.015192 0.957023 0.024219 0.002855
2 2 0.001310 0.019678 0.940937 0.021706 0.016370
2 2 0.000896 0.012257 0.943922 0.035866 0.007058
2 2 0.001102 0.014081 0.939687 0.035043 0.010087
2 2 0.000621 0.009769 0.949244 0.036576 0.003790
2 2 0.000545 0.007904 0.929249 0.060836 0.001466
2 2 0.000427 0.008424 0.949615 0.040404 0.001130
2 2 0.000565 0.010745 0.951803 0.034926 0.001961
2 2 0.000490 0.008332 0.943527 0.046146 0.001505
2 2 0.000525 0.007197 0.920396 0.070677 0.001205
2 2 0.000455 0.005142 0.881093 0.112564 0.000746
2 2 0.000569 0.005082 0.843984 0.149451 0.000914
2 2 0.000770 0.004461 0.733739 0.260050 0.000980
2 3 0.001004 0.005825 0.760993 0.230639 0.001539
2 3 0.000983 0.006807 0.828615 0.161365 0.002229
2 3 0.000671 0.004865 0.803911 0.189457 0.001096
2 3 0.000733 0.004107 0.694917 0.299566 0.000677
2 3 0.001702 0.006015 0.581144 0.409780 0.001360
3 3 0.003084 0.006811 0.407687 0.580904 0.001513
3 3 0.003664 0.005121 0.231903 0.758365 0.000947
3 3 0.004280 0.005435 0.213829 0.775410 0.001046
3 3 0.003099 0.006091 0.354638 0.634912 0.001260
3 3 0.002645 0.004417 0.267774 0.724412 0.000752
3 3 0.003090 0.004747 0.251656 0.739664 0.000843
3 3 0.005110 0.006592 0.250527 0.736404 0.001366
3 3 0.009241 0.008820 0.219476 0.760395 0.002067
3 3 0.005461 0.006500 0.214602 0.772042 0.001395
3 3 0.004071 0.004540 0.173182 0.817407 0.000801
3 3 0.005355 0.005844 0.186766 0.800846 0.001188
3 3 0.004438 0.004217 0.139638 0.850981 0.000726
3 3 0.003283 0.004228 0.198205 0.793575 0.000709
3 3 0.004356 0.004958 0.183580 0.806189 0.000917
3 3 0.012120 0.010492 0.256971 0.718018 0.002399
3 3 0.020914 0.013124 0.224003 0.738780 0.003179
3 2 0.016709 0.013693 0.263380 0.703811 0.002407
3 2 0.028452 0.032844 0.461952 0.471183 0.005569
2 2 0.009489 0.028410 0.667501 0.290771 0.003830
2 2 0.003935 0.031342 0.859370 0.101242 0.004112
2 2 0.000926 0.014994 0.940571 0.040864 0.002645
2 2 0.000906 0.019547 0.955154 0.019318 0.005076
2 2 0.000770 0.020652 0.956983 0.008940 0.012655
2 2 0.003180 0.022582 0.862773 0.104141 0.007324
2 2 0.004521 0.016183 0.673814 0.300737 0.004745
2 3 0.003211 0.011706 0.639754 0.342664 0.002666
2 3 0.002226 0.009447 0.663911 0.322618 0.001798
2 3 0.003952 0.013317 0.681965 0.297847 0.002919
2 3 0.011312 0.023979 0.712419 0.246612 0.005679
2 3 0.017763 0.033140 0.651447 0.287460 0.010189
3 3 0.004563 0.010059 0.440606 0.542426 0.002346
2 3 0.005299 0.012914 0.525514 0.451920 0.004353
2 3 0.004481 0.012284 0.561295 0.417876 0.004064
2 3 0.004382 0.014780 0.662124 0.312834 0.005880
2 3 0.003521 0.014920 0.744230 0.230732 0.006597
2 3 0.004408 0.014417 0.650516 0.325035 0.005624
2 3 0.004711 0.016310 0.686154 0.285699 0.007126
2 3 0.006190 0.018349 0.644055 0.323095 0.008311
2 3 0.005884 0.016494 0.611898 0.358897 0.006828
2 3 0.005770 0.016212 0.613065 0.358271 0.006681
2 3 0.003734 0.011342 0.602629 0.378531 0.003764
2 3 0.003446 0.011168 0.623900 0.357770 0.003716
2 3 0.003719 0.009807 0.524801 0.458844 0.002830
3 3 0.005144 0.011292 0.473221 0.506868 0.003475
3 3 0.004704 0.007500 0.309179 0.676876 0.001741
3 3 0.004463 0.006044 0.240527 0.747729 0.001238
3 3 0.004382 0.006112 0.249334 0.738914 0.001259
3 3 0.003037 0.004249 0.217766 0.774238 0.000711
3 3 0.004228 0.005596 0.227831 0.761247 0.001098
3 3 0.004046 0.004637 0.180145 0.810346 0.000826
3 3 0.005622 0.005049 0.140682 0.847683 0.000965
3 3 0.005177 0.003587 0.089537 0.901108 0.000590
3 3 0.007387 0.004298 0.081210 0.906325 0.000779
3 3 0.012157 0.006185 0.109676 0.870854 0.001127
3 3 0.008714 0.005303 0.130254 0.854874 0.000856
3 3 0.006603 0.005584 0.174586 0.812560 0.000667
3 3 0.007453 0.008445 0.268017 0.715120 0.000965
2 3 0.004407 0.015307 0.666241 0.312918 0.001128
2 3 0.001226 0.007137 0.673871 0.317195 0.000570
2 3 0.001772 0.008980 0.714117 0.274115 0.001017
2 3 0.002417 0.012051 0.773618 0.210147 0.001766
2 3 0.001446 0.010924 0.842981 0.143444 0.001205
2 3 0.000807 0.010025 0.890929 0.097362 0.000877
2 3 0.000441 0.008791 0.953415 0.035949 0.001404
2 2 0.000562 0.009545 0.944662 0.043512 0.001719
2 2 0.000355 0.006671 0.944012 0.048119 0.000844
2 2 0.000496 0.006935 0.916490 0.075138 0.000941
2 2 0.000450 0.006311 0.915683 0.076680 0.000875
2 2 0.000541 0.005442 0.860994 0.132241 0.000783
2 2 0.001097 0.007642 0.824402 0.164877 0.001982
2 2 0.000889 0.005416 0.754904 0.237727 0.001064
2 2 0.001480 0.008546 0.790341 0.197111 0.002522
2 3 0.001083 0.006150 0.749641 0.241753 0.001373
2 3 0.000899 0.005891 0.776135 0.215985 0.001090
2 3 0.000782 0.005886 0.797035 0.195432 0.000865
2 3 0.000685 0.004292 0.717482 0.276960 0.000582
2 3 0.000870 0.003898 0.601815 0.392823 0.000595
2 3 0.000995 0.003538 0.509473 0.485430 0.000564
2 3 0.001592 0.005054 0.513958 0.478403 0.000994
3 3 0.001823 0.004942 0.447143 0.545162 0.000929
3 3 0.001931 0.005041 0.435032 0.557041 0.000955
2 3 0.002323 0.006560 0.496408 0.493306 0.001403
3 3 0.001669 0.004881 0.464080 0.528544 0.000827
2 2 0.002741 0.039767 0.913591 0.039071 0.004831
2 2 0.000692 0.012295 0.937968 0.047858 0.001187
2 2 0.000705 0.012115 0.942968 0.042425 0.001786
2 2 0.000557 0.009262 0.936322 0.052705 0.001154
2 2 0.000700 0.010711 0.933729 0.053228 0.001632
2 2 0.000905 0.014263 0.940374 0.041674 0.002784
2 3 0.000646 0.009196 0.919383 0.069653 0.001122
2 3 0.000371 0.007134 0.951344 0.039884 0.001267
2 3 0.000628 0.008719 0.938095 0.049612 0.002945
2 3 0.001238 0.012872 0.924610 0.052195 0.009085
2 3 0.001539 0.015135 0.919440 0.052214 0.011672
2 3 0.002515 0.016985 0.870301 0.099238 0.010961
2 3 0.002440 0.014613 0.842527 0.132564 0.007857
2 3 0.003648 0.017742 0.802238 0.166568 0.009804
2 3 0.003555 0.012333 0.661812 0.317801 0.004498
2 3 0.004310 0.014588 0.674866 0.300230 0.006006
2 3 0.003265 0.009725 0.577073 0.407105 0.002832
2 3 0.002495 0.010676 0.696041 0.288227 0.002561
2 3 0.003495 0.012761 0.686559 0.292293 0.004892
2 3 0.002437 0.009148 0.658182 0.327433 0.002799
2 3 0.003017 0.008882 0.562889 0.422705 0.002507
2 3 0.003125 0.011408 0.648188 0.334364 0.002915
2 3 0.002404 0.009338 0.638521 0.347818 0.001918
2 3 0.002978 0.009079 0.575039 0.410314 0.002591
3 3 0.002520 0.006612 0.474411 0.514965 0.001492
2 3 0.002360 0.007732 0.578840 0.409069 0.001998
3 3 0.003162 0.007804 0.469663 0.517446 0.001925
3 3 0.007945 0.012165 0.350308 0.625801 0.003781
3 3 0.012726 0.014811 0.316073 0.651587 0.004803
2 2 0.068345 0.053168 0.483212 0.378447 0.016828
2 2 0.095741 0.094703 0.622106 0.167488 0.019962
2 1 0.047373 0.105307 0.771461 0.064999 0.010860
2 2 0.029597 0.123156 0.819586 0.015403 0.012258
2 2 0.006952 0.066352 0.911668 0.008608 0.006419
2 2 0.002909 0.032886 0.949027 0.010971 0.004206
2 2 0.000895 0.013635 0.955860 0.026693 0.002918
2 2 0.002131 0.022933 0.937412 0.027502 0.010022
2 2 0.001764 0.020741 0.928809 0.039329 0.009357
2 2 0.002422 0.023130 0.910963 0.044885 0.018600
2 2 0.002834 0.035782 0.875864 0.015189 0.070331
4 2 0.004554 0.059782 0.128798 0.000447 0.806419
4 2 0.006380 0.048093 0.037659 0.000222 0.907645
4 2 0.009684 0.062230 0.063521 0.000602 0.863964
4 2 0.016203 0.072994 0.077176 0.000679 0.832949
4 4 0.027876 0.086973 0.094081 0.001064 0.790006
4 4 0.037826 0.083760 0.063558 0.000678 0.814178
4 4 0.024502 0.084311 0.092338 0.001050 0.797798
4 4 0.010382 0.081456 0.190267 0.001941 0.715953
4 4 0.005538 0.069359 0.205024 0.000937 0.719142
4 4 0.005183 0.069979 0.243525 0.001052 0.680260
4 4 0.007190 0.066298 0.115321 0.000719 0.810473
4 4 0.009803 0.068873 0.093876 0.000878 0.826571
4 4 0.012898 0.071025 0.077993 0.001050 0.837034
4 4 0.019480 0.075761 0.069946 0.001007 0.833806
4 4 0.015042 0.086860 0.113873 0.001027 0.783199
4 4 0.023403 0.100280 0.095280 0.000713 0.780325
4 4 0.010690 0.134286 0.347238 0.001260 0.506526
2 2 0.002810 0.097446 0.654863 0.001144 0.243737
2 2 0.002280 0.093978 0.700126 0.000991 0.202624
2 2 0.002173 0.087569 0.689796 0.000973 0.219487
2 2 0.002438 0.103167 0.560272 0.000590 0.333532
2 2 0.001899 0.098739 0.671075 0.000604 0.227684
2 2 0.001940 0.096623 0.703928 0.000730 0.196778
2 2 0.003850 0.102561 0.600050 0.001508 0.292030
2 2 0.002564 0.085372 0.736464 0.001607 0.173993
2 2 0.001337 0.071994 0.850403 0.001153 0.075113
2 2 0.007278 0.106176 0.586380 0.003158 0.297009
2 2 0.007907 0.114532 0.606159 0.002662 0.268741
2 2 0.012502 0.122890 0.452833 0.002174 0.409600
4 2 0.014357 0.129227 0.351488 0.001486 0.503443
4 2 0.016847 0.152630 0.342983 0.000908 0.486632
4 2 0.029062 0.146575 0.193524 0.000659 0.630180
2 2 0.017028 0.189060 0.403481 0.000560 0.389871
2 2 0.005899 0.137515 0.597723 0.001133 0.257730
2 2 0.006923 0.162065 0.569607 0.000887 0.260518
2 2 0.003283 0.126338 0.676197 0.000787 0.193395
2 2 0.003931 0.116830 0.600537 0.001037 0.277665
2 2 0.004146 0.111056 0.594257 0.001493 0.289048
2 2 0.002589 0.092468 0.651886 0.001061 0.251996
2 2 0.003096 0.101339 0.658355 0.001294 0.235917
2 2 0.000473 0.026538 0.944462 0.001715 0.026811
2 2 0.000615 0.037413 0.923364 0.001278 0.037330
2 2 0.000716 0.043690 0.915874 0.001264 0.038456
2 2 0.000849 0.046170 0.912895 0.001339 0.038747
2 2 0.000899 0.043138 0.928260 0.001341 0.026363
2 2 0.000401 0.032214 0.945456 0.000778 0.021150
2 2 0.000470 0.038533 0.933316 0.000523 0.027157
2 2 0.000394 0.027206 0.955606 0.001358 0.015437
2 2 0.000299 0.016188 0.973898 0.003402 0.006213
2 2 0.000438 0.020467 0.962953 0.003254 0.012888
2 2 0.000409 0.020936 0.964148 0.002880 0.011627
2 2 0.000321 0.016936 0.971777 0.003275 0.007690
2 2 0.000304 0.015804 0.973688 0.003593 0.006611
2 2 0.000254 0.018806 0.969844 0.001676 0.009421
2 2 0.000252 0.022086 0.964352 0.001114 0.012195
2 2 0.000279 0.024076 0.960775 0.001085 0.013785
2 2 0.000290 0.020117 0.966574 0.001719 0.011301
2 2 0.000324 0.019628 0.968423 0.002389 0.009236
2 2 0.000492 0.022898 0.956495 0.002917 0.017198
2 2 0.000849 0.029395 0.941862 0.004235 0.023660
2 2 0.000232 0.011017 0.979902 0.005797 0.003051
2 2 0.000190 0.010796 0.981750 0.004266 0.002998
2 2 0.000171 0.009007 0.983101 0.005467 0.002255
2 2 0.000229 0.010736 0.979797 0.005492 0.003746
2 2 0.000142 0.006596 0.984034 0.007237 0.001991
2 2 0.000236 0.010240 0.978948 0.005647 0.004929
2 2 0.000351 0.016464 0.968331 0.003512 0.011342
2 2 0.000306 0.013595 0.972326 0.004128 0.009645
2 2 0.001047 0.020198 0.948329 0.014339 0.016086
2 2 0.002933 0.025397 0.921551 0.033809 0.016310
2 2 0.008957 0.040157 0.866774 0.064587 0.019525
2 2 0.020843 0.056423 0.810278 0.072335 0.040120
2 2 0.015011 0.051813 0.821728 0.078817 0.032631
2 2 0.011111 0.040837 0.824410 0.107177 0.016465
2 2 0.001925 0.020974 0.920900 0.045585 0.010616
2 2 0.001143 0.017042 0.944750 0.028329 0.008735
2 2 0.000768 0.016067 0.957516 0.014045 0.011603
2 2 0.000444 0.011830 0.969607 0.011814 0.006305
2 2 0.000442 0.013606 0.970786 0.010296 0.004870
2 2 0.000282 0.009869 0.976482 0.011067 0.002299
2 2 0.000219 0.008160 0.977346 0.013090 0.001185
2 2 0.000275 0.007222 0.963656 0.028039 0.000807
2 2 0.000414 0.007874 0.953665 0.036424 0.001624
2 2 0.000700 0.009857 0.936272 0.050625 0.002546
2 2 0.000941 0.009408 0.902923 0.083840 0.002889
2 2 0.001921 0.013267 0.857346 0.122471 0.004995
2 2 0.001732 0.012645 0.856133 0.125768 0.003723
2 2 0.001454 0.013509 0.883414 0.098920 0.002704
2 2 0.002493 0.020553 0.894776 0.078526 0.003653
2 2 0.003972 0.026362 0.863751 0.099012 0.006903
2 3 0.003350 0.020583 0.829274 0.141007 0.005787
2 3 0.001589 0.013355 0.873017 0.108875 0.003165
2 3 0.001442 0.011675 0.859755 0.124587 0.002540
2 3 0.001804 0.013987 0.854492 0.126772 0.002945
2 3 0.001875 0.012350 0.825453 0.157240 0.003084
2 3 0.004002 0.016383 0.727125 0.247096 0.005394
2 3 0.004689 0.014252 0.634345 0.341179 0.005535
2 3 0.003105 0.010021 0.605021 0.379059 0.002794
2 3 0.001369 0.005692 0.627917 0.363885 0.001136
2 3 0.001178 0.005389 0.654611 0.337797 0.001024
3 3 0.003768 0.008000 0.417037 0.569221 0.001974
3 3 0.003071 0.005476 0.310039 0.680357 0.001057
3 3 0.003860 0.006899 0.337020 0.650690 0.001530
3 3 0.002425 0.004183 0.271580 0.721123 0.000689
3 3 0.003004 0.005401 0.311147 0.679413 0.001035
3 3 0.003657 0.006262 0.311984 0.676788 0.001308
3 3 0.005397 0.009004 0.344771 0.638490 0.002339
3 3 0.006157 0.009074 0.305092 0.677321 0.002356
3 3 0.008756 0.009646 0.228924 0.750069 0.002605
3 3 0.007764 0.007490 0.179059 0.803920 0.001767
3 3 0.009573 0.007811 0.150078 0.830621 0.001917
3 3 0.008109 0.006759 0.145167 0.838436 0.001528
3 3 0.006789 0.005684 0.135996 0.850362 0.001168
3 3 0.006590 0.005739 0.142983 0.843507 0.001180
3 3 0.004386 0.004296 0.145807 0.844767 0.000745
3 3 0.003730 0.003971 0.155542 0.836103 0.000654
3 3 0.007688 0.007018 0.209733 0.774197 0.001364
3 3 0.013786 0.011327 0.259714 0.712735 0.002438
3 2 0.026609 0.024208 0.424068 0.520342 0.004772
2 2 0.037691 0.035552 0.518669 0.400909 0.007179
2 2 0.006429 0.058038 0.829792 0.024010 0.081731
2 2 0.001968 0.030950 0.929382 0.018748 0.018952
2 2 0.001231 0.028842 0.944489 0.010477 0.014961
2 2 0.001611 0.047389 0.914484 0.005060 0.031456
2 2 0.001510 0.049423 0.910466 0.004044 0.034556
2 2 0.001749 0.055260 0.885200 0.003458 0.054334
2 2 0.001212 0.037315 0.927220 0.004878 0.029375
2 2 0.001276 0.025880 0.942432 0.012624 0.017789
2 2 0.001692 0.036707 0.918622 0.008299 0.034680
2 2 0.001947 0.037250 0.914609 0.010147 0.036047
2 2 0.001744 0.042015 0.903901 0.006025 0.046316
2 2 0.001555 0.029277 0.927232 0.011240 0.030696
2 2 0.001219 0.023051 0.942777 0.013636 0.019317
2 2 0.001143 0.019729 0.945253 0.016777 0.017099
2 2 0.001355 0.015983 0.933657 0.033854 0.015152
2 2 0.001289 0.012009 0.912232 0.067017 0.007453
2 2 0.001406 0.012086 0.900963 0.078476 0.007069
2 2 0.001432 0.013376 0.913300 0.062918 0.008973
2 2 0.000947 0.011709 0.937830 0.042053 0.007461
2 2 0.000680 0.009545 0.938410 0.048363 0.003002
2 2 0.009146 0.025734 0.733890 0.221478 0.009751
2 2 0.017508 0.045922 0.817391 0.107733 0.011446
2 2 0.028940 0.079604 0.814081 0.062442 0.014933
2 1 0.033935 0.110389 0.798399 0.042241 0.015035
2 1 0.037111 0.151949 0.768815 0.023943 0.018182
2 1 0.034496 0.154681 0.760134 0.017549 0.033140
2 2 0.013618 0.130064 0.772026 0.006145 0.078147
2 2 0.009524 0.091332 0.852991 0.008657 0.037497
2 2 0.002752 0.052051 0.916345 0.005314 0.023538
2 2 0.001308 0.031812 0.946673 0.006635 0.013573
2 2 0.000656 0.024193 0.960436 0.005090 0.009625
2 2 0.000512 0.017614 0.968224 0.007896 0.005755
2 2 0.000506 0.011226 0.963057 0.022391 0.002820
2 2 0.000654 0.011453 0.950272 0.035103 0.002517
2 2 0.001395 0.016142 0.928163 0.047624 0.006675
2 2 0.000532 0.009484 0.952610 0.035112 0.002262
2 2 0.000392 0.008042 0.960439 0.029143 0.001984
2 2 0.000352 0.009605 0.970359 0.017598 0.002086
2 2 0.000264 0.009026 0.977157 0.011010 0.002542
2 2 0.000385 0.014530 0.972157 0.006415 0.006513
2 2 0.000600 0.014976 0.962929 0.010488 0.011006
2 2 0.000946 0.021108 0.949034 0.010169 0.018743
2 2 0.001148 0.026076 0.943947 0.009850 0.018979
2 2 0.001618 0.026507 0.933783 0.016308 0.021784
2 2 0.002508 0.023397 0.924422 0.037163 0.012510
2 2 0.005214 0.022830 0.866569 0.098099 0.007288
2 2 0.037507 0.068618 0.805842 0.054779 0.033254
2 2 0.152880 0.119562 0.592370 0.053533 0.081654
2 2 0.268915 0.145181 0.459695 0.056365 0.069844
2 0 0.146327 0.167282 0.589639 0.058845 0.037907
2 1 0.099384 0.161273 0.668356 0.051305 0.019683
2 2 0.038745 0.159749 0.767551 0.020023 0.013933
2 2 0.013291 0.116462 0.853460 0.007788 0.008999
2 2 0.000420 0.017418 0.972478 0.008798 0.000885
2 2 0.000447 0.012350 0.971643 0.014602 0.000958
2 2 0.000315 0.008275 0.973790 0.017004 0.000617
2 2 0.000365 0.008311 0.977754 0.013118 0.000452
2 2 0.000624 0.013730 0.978814 0.006013 0.000819
2 2 0.001138 0.026754 0.968785 0.002043 0.001280
2 2 0.000501 0.016790 0.979560 0.002511 0.000638
2 2 0.003847 0.035204 0.948739 0.008981 0.003230
2 2 0.015816 0.065268 0.902922 0.011909 0.004085
2 2 0.157331 0.176708 0.623758 0.022714 0.019489
2 2 0.232088 0.236729 0.507178 0.010606 0.013400
0 0 0.436116 0.286695 0.247132 0.003226 0.026831
0 0 0.694267 0.214230 0.062091 0.000369 0.029043
0 0 0.748536 0.160363 0.033802 0.000142 0.057156
0 1 0.826629 0.096816 0.020601 0.000125 0.055829
0 1 0.789510 0.136234 0.037026 0.000282 0.036947
0 1 0.720989 0.187781 0.058944 0.000477 0.031809
0 0 0.686154 0.213792 0.077513 0.000716 0.021825
0 0 0.487567 0.318093 0.173842 0.001296 0.019203
1 1 0.349598 0.352242 0.275967 0.002017 0.020177
1 1 0.341476 0.346288 0.297135 0.001997 0.013104
0 0 0.428081 0.288175 0.264108 0.003715 0.015920
0 0 0.721219 0.173674 0.084231 0.001538 0.019338
0 0 0.718823 0.165217 0.096206 0.002388 0.017367
0 1 0.753750 0.141104 0.079394 0.002802 0.022950
0 1 0.483991 0.274603 0.220640 0.006366 0.014399
1 1 0.337437 0.374164 0.267627 0.004236 0.016536
2 2 0.002271 0.094578 0.779845 0.001366 0.121940
2 2 0.002248 0.075870 0.698606 0.001318 0.221959
4 2 0.007713 0.075879 0.202426 0.001416 0.712565
4 2 0.010087 0.073201 0.117635 0.001133 0.797944
4 2 0.015897 0.069437 0.061933 0.000691 0.852042
4 2 0.024006 0.061535 0.031253 0.000211 0.882995
4 2 0.021108 0.038350 0.008666 0.000012 0.931864
4 4 0.040884 0.050295 0.012432 0.000029 0.896359
4 4 0.058240 0.068657 0.024364 0.000154 0.848585
4 4 0.090497 0.080072 0.023403 0.000108 0.805920
4 4 0.069202 0.061033 0.015905 0.000054 0.853807
4 4 0.077558 0.072356 0.024213 0.000153 0.825720
4 4 0.057556 0.069852 0.025761 0.000177 0.846653
4 4 0.053950 0.059375 0.016875 0.000062 0.869738
4 4 0.055707 0.038156 0.004891 0.000003 0.901243
4 4 0.064084 0.042213 0.005975 0.000005 0.887723
4 4 0.067768 0.051899 0.010241 0.000018 0.870074
4 4 0.083369 0.121930 0.039508 0.000177 0.755016
4 4 0.057956 0.195216 0.068945 0.000234 0.677649
4 4 0.028571 0.205031 0.123334 0.000365 0.642700
4 4 0.074938 0.060262 0.014711 0.000044 0.850044
4 4 0.084179 0.062500 0.015334 0.000049 0.837938
4 4 0.064235 0.055959 0.012993 0.000033 0.866781
4 4 0.066575 0.037805 0.004329 0.000002 0.891289
4 4 0.035585 0.031445 0.003715 0.000002 0.929253
4 4 0.030059 0.034138 0.005122 0.000003 0.930677
4 4 0.028500 0.043854 0.010494 0.000019 0.917132
4 4 0.016589 0.045251 0.014056 0.000036 0.924069
4 4 0.029640 0.080916 0.023035 0.000048 0.866361
4 4 0.056151 0.125506 0.040473 0.000137 0.777734
4 4 0.054831 0.217296 0.103620 0.000241 0.624012
4 4 0.052948 0.263493 0.142074 0.000159 0.541325
4 4 0.023012 0.252584 0.300020 0.000355 0.424029
2 4 0.010951 0.187193 0.407483 0.000803 0.393570
4 4 0.012765 0.169700 0.319796 0.000797 0.496942
2 4 0.006806 0.159577 0.457125 0.000754 0.375738
4 4 0.011341 0.143816 0.306553 0.000505 0.537784
4 4 0.012472 0.161213 0.293272 0.000267 0.532777
4 4 0.015822 0.127712 0.184441 0.000233 0.671792
4 4 0.015888 0.107275 0.165216 0.000339 0.711283
4 4 0.012145 0.066953 0.069374 0.000661 0.850867
4 4 0.035867 0.071671 0.036743 0.000405 0.855313
4 4 0.025147 0.066365 0.039281 0.000277 0.868929
4 4 0.029602 0.061000 0.027199 0.000135 0.882063
4 4 0.033907 0.054243 0.017093 0.000064 0.894693
4 4 0.042205 0.068413 0.029617 0.000212 0.859553
4 4 0.031175 0.052565 0.016447 0.000059 0.899754
4 4 0.033279 0.050472 0.014139 0.000040 0.902069
4 4 0.049297 0.064201 0.022120 0.000121 0.864261
4 4 0.077764 0.078744 0.030832 0.000280 0.812380
4 4 0.111711 0.082964 0.029841 0.000266 0.775218
4 4 0.116321 0.085384 0.031830 0.000314 0.766152
4 4 0.106875 0.075322 0.023074 0.000139 0.794590
4 4 0.066141 0.062561 0.017469 0.000068 0.853762
4 4 0.047006 0.058760 0.017712 0.000070 0.876451
4 4 0.048454 0.056740 0.015787 0.000052 0.878966
4 4 0.065608 0.063658 0.018426 0.000077 0.852231
4 4 0.077951 0.066957 0.019376 0.000088 0.835628
4 4 0.058398 0.054034 0.012417 0.000029 0.875122
4 4 0.038300 0.043443 0.008615 0.000012 0.909631
2 4 0.002264 0.091279 0.704902 0.001040 0.200515
2 4 0.001957 0.083656 0.754726 0.001116 0.158545
2 2 0.001342 0.069266 0.797746 0.000916 0.130731
2 2 0.000987 0.055358 0.841226 0.000918 0.101511
2 2 0.000709 0.049123 0.855711 0.000664 0.093792
2 2 0.000790 0.049065 0.823488 0.000681 0.125976
2 2 0.000789 0.050611 0.818445 0.000633 0.129522
2 2 0.001081 0.051876 0.784732 0.000909 0.161403
2 2 0.001162 0.056166 0.787078 0.000924 0.154670
2 2 0.001445 0.062243 0.778198 0.001116 0.157000
2 2 0.001792 0.074534 0.729749 0.001025 0.192900
2 2 0.001602 0.069797 0.787959 0.001178 0.139463
2 2 0.001147 0.060351 0.839784 0.001047 0.097670
2 2 0.000713 0.050335 0.887239 0.000799 0.060913
2 2 0.000356 0.031722 0.939134 0.000752 0.028037
2 2 0.000327 0.027144 0.944034 0.000860 0.027635
2 2 0.000499 0.035666 0.915674 0.000870 0.047290
2 2 0.000416 0.030195 0.935118 0.001007 0.033264
2 2 0.000524 0.035559 0.914685 0.000951 0.048281
2 2 0.000617 0.031272 0.931920 0.001892 0.034298
2 2 0.000546 0.035530 0.895402 0.000862 0.067661
2 2 0.000433 0.024879 0.941999 0.001561 0.031127
2 2 0.000545 0.030085 0.909319 0.001188 0.058862
2 2 0.000439 0.025721 0.921410 0.001195 0.051236
2 2 0.000475 0.026151 0.912648 0.001243 0.059483
2 2 0.000343 0.017788 0.939108 0.001647 0.041114
2 2 0.000238 0.014820 0.952719 0.001345 0.030878
2 2 0.000229 0.015214 0.947651 0.001122 0.035785
2 2 0.000149 0.010374 0.974386 0.001588 0.013503
2 2 0.000247 0.010523 0.971596 0.003700 0.013934
2 2 0.000241 0.010168 0.974468 0.004205 0.010918
2 2 0.000300 0.013968 0.964969 0.002872 0.017891
2 2 0.000232 0.010311 0.974872 0.003862 0.010723
2 2 0.000207 0.008329 0.978773 0.005355 0.007336
2 2 0.000191 0.007947 0.979946 0.005256 0.006660
2 2 0.000164 0.008847 0.980705 0.003288 0.006996
2 2 0.000150 0.007165 0.983405 0.004863 0.004418
2 2 0.000283 0.010812 0.972883 0.005016 0.011006
2 2 0.000418 0.015039 0.958714 0.004192 0.021638
2 2 0.000316 0.012629 0.969638 0.004313 0.013103
2 2 0.000492 0.014164 0.961807 0.006795 0.016741
2 2 0.000749 0.021972 0.940728 0.005022 0.031529
2 2 0.000596 0.021038 0.943627 0.003668 0.031070
2 2 0.000695 0.021312 0.934045 0.004208 0.039741
2 2 0.000380 0.015579 0.958398 0.003260 0.022383
2 2 0.000288 0.012434 0.970389 0.003735 0.013154
2 2 0.000224 0.009138 0.978770 0.005637 0.006232
2 2 0.000233 0.007460 0.977901 0.010360 0.004046
2 2 0.000334 0.007176 0.967658 0.020652 0.004180
2 2 0.000561 0.009611 0.958077 0.024411 0.007340
2 2 0.000792 0.011389 0.948173 0.030573 0.009073
2 2 0.000900 0.012045 0.943868 0.033579 0.009608
2 2 0.001142 0.014886 0.939735 0.030331 0.013905
2 2 0.001360 0.015735 0.932017 0.036729 0.014159
2 2 0.001442 0.018466 0.933132 0.026200 0.020760
2 2 0.001181 0.014963 0.938422 0.031543 0.013892
2 2 0.000831 0.010293 0.938975 0.043004 0.006897
2 2 0.001037 0.010245 0.915186 0.067785 0.005748
2 2 0.001218 0.011025 0.905520 0.076055 0.006182
2 3 0.000893 0.008299 0.899680 0.087364 0.003764
2 3 0.001984 0.010484 0.790919 0.192474 0.004140
2 3 0.001937 0.010249 0.784070 0.199857 0.003886
2 3 0.002603 0.012775 0.777216 0.201988 0.005418
2 3 0.002430 0.010882 0.734694 0.248042 0.003951
2 3 0.004780 0.019039 0.749202 0.216991 0.009988
2 3 0.002455 0.010263 0.708185 0.275584 0.003513
2 3 0.002645 0.009984 0.670237 0.313886 0.003249
2 3 0.003261 0.010618 0.617912 0.364808 0.003401
2 3 0.004498 0.012627 0.577926 0.400623 0.004325
2 3 0.004797 0.011236 0.494612 0.485900 0.003455
3 3 0.004466 0.008445 0.380971 0.603989 0.002128
3 3 0.006898 0.010401 0.327373 0.652394 0.002934
3 3 0.004097 0.007184 0.335280 0.651808 0.001631
3 3 0.002583 0.005101 0.335238 0.656130 0.000948
3 3 0.001314 0.003502 0.394571 0.600083 0.000529
3 3 0.001676 0.004781 0.462692 0.529963 0.000888
3 3 0.001616 0.004760 0.475015 0.517724 0.000886
3 3 0.001734 0.004741 0.444669 0.547985 0.000869
3 3 0.001465 0.003935 0.412569 0.581390 0.000640
3 3 0.002163 0.004512 0.339214 0.653330 0.000781
3 3 0.004865 0.011103 0.489436 0.491167 0.003429
3 3 0.004334 0.006909 0.300316 0.686913 0.001528
3 3 0.004140 0.005130 0.204782 0.784986 0.000961
3 3 0.004516 0.005490 0.205790 0.783134 0.001070
3 3 0.006839 0.007060 0.188906 0.795593 0.001603
3 3 0.005053 0.005786 0.196470 0.791525 0.001166
3 3 0.003089 0.003944 0.190993 0.801337 0.000637
3 3 0.002745 0.004511 0.265337 0.726630 0.000777
3 3 0.003041 0.004859 0.264767 0.726460 0.000874
3 3 0.002343 0.003560 0.222806 0.770755 0.000537
3 3 0.001794 0.002733 0.201456 0.793662 0.000355
3 3 0.002456 0.003185 0.178521 0.815382 0.000456
3 3 0.004071 0.004177 0.152153 0.838890 0.000710
3 3 0.006826 0.006250 0.156895 0.828689 0.001340
3 3 0.004831 0.004687 0.149398 0.840231 0.000853
3 3 0.005087 0.005197 0.165333 0.823388 0.000996
3 3 0.005736 0.005417 0.153519 0.834257 0.001070
3 3 0.008902 0.007113 0.141037 0.841286 0.001661
3 3 0.013503 0.009863 0.144722 0.829124 0.002787
3 3 0.015281 0.008995 0.107943 0.865298 0.002483
2 3 0.004622 0.022929 0.727871 0.242054 0.002524
2 2 0.003305 0.028474 0.875332 0.091280 0.001608
2 2 0.001286 0.024406 0.935306 0.037134 0.001868
2 2 0.000527 0.019023 0.965493 0.013625 0.001333
2 2 0.000408 0.016705 0.971929 0.008713 0.002245
2 2 0.000555 0.016838 0.966547 0.012792 0.003268
2 2 0.000505 0.019159 0.967908 0.006995 0.005433
2 2 0.000786 0.023433 0.958009 0.008650 0.009122
2 2 0.000774 0.022688 0.957058 0.007947 0.011533
2 2 0.000545 0.016702 0.967080 0.009414 0.006259
2 2 0.000966 0.021221 0.951903 0.011943 0.013967
2 2 0.001225 0.027631 0.940354 0.009471 0.021318
2 2 0.001669 0.035046 0.917509 0.008295 0.037480
2 2 0.001301 0.035747 0.918484 0.005098 0.039370
2 2 0.001236 0.031628 0.934739 0.007134 0.025263
2 2 0.001925 0.046840 0.900286 0.005994 0.044955
