0 0 0.973492 0.006982 0.002109 0.000218 0.017199
0 0 0.956177 0.013094 0.006928 0.000860 0.022940
0 0 0.943259 0.017206 0.008251 0.001563 0.029721
0 0 0.901062 0.045756 0.017643 0.000968 0.034570
0 0 0.690211 0.135672 0.104577 0.003577 0.065963
0 0 0.673189 0.125481 0.135656 0.007478 0.058196
0 0 0.605753 0.136012 0.183921 0.012674 0.061640
0 0 0.725004 0.123225 0.079433 0.006848 0.065490
0 0 0.798822 0.086625 0.052233 0.005182 0.057138
0 0 0.847339 0.060593 0.038490 0.005248 0.048330
0 0 0.846222 0.044971 0.050821 0.020400 0.037586
0 0 0.849508 0.051211 0.042838 0.010659 0.045785
0 0 0.843734 0.042845 0.042550 0.019074 0.051799
0 0 0.753670 0.053549 0.075250 0.055997 0.061534
0 0 0.811925 0.050923 0.053035 0.024381 0.059736
0 0 0.842586 0.051845 0.037630 0.009033 0.058906
0 0 0.771758 0.087150 0.080428 0.005302 0.055362
0 0 0.614772 0.133741 0.192951 0.005685 0.052850
0 0 0.505274 0.156144 0.273914 0.009307 0.055361
0 0 0.581238 0.154806 0.193867 0.008606 0.061483
0 0 0.579649 0.107789 0.226573 0.028603 0.057386
0 0 0.649543 0.099609 0.192119 0.014769 0.043960
0 0 0.564875 0.132964 0.238573 0.011472 0.052118
0 0 0.719601 0.112531 0.106519 0.004868 0.056481
0 0 0.767343 0.096524 0.077047 0.003588 0.055498
0 0 0.836173 0.067462 0.045836 0.003395 0.047134
0 0 0.837157 0.067460 0.044072 0.002988 0.048324
0 0 0.804374 0.076536 0.059195 0.005388 0.054508
0 0 0.773831 0.093220 0.068587 0.005435 0.058927
0 0 0.703434 0.129142 0.089194 0.005070 0.073160
0 0 0.602797 0.144262 0.177464 0.009175 0.066301
0 0 0.544898 0.127668 0.259374 0.013502 0.054558
0 0 0.556609 0.125293 0.255572 0.010193 0.052333
0 0 0.503567 0.166910 0.267531 0.004816 0.057177
0 0 0.496328 0.173318 0.261970 0.005100 0.063284
0 0 0.468720 0.166995 0.293149 0.007731 0.063406
0 0 0.550956 0.149832 0.225576 0.007711 0.065925
0 0 0.552997 0.130404 0.247838 0.010627 0.058134
0 0 0.641789 0.111432 0.183758 0.008524 0.054497
0 0 0.754665 0.081668 0.105670 0.007626 0.050372
0 0 0.860197 0.063664 0.032477 0.002504 0.041159
0 0 0.909950 0.037138 0.021740 0.002694 0.028478
0 0 0.901674 0.037935 0.025900 0.004308 0.030183
0 0 0.852251 0.058739 0.041439 0.003364 0.044208
0 0 0.839091 0.069619 0.037947 0.002011 0.051332
0 0 0.757647 0.099813 0.077188 0.003059 0.062293
0 0 0.703390 0.122664 0.109731 0.003128 0.061086
0 0 0.685427 0.133815 0.115633 0.002455 0.062669
0 0 0.770928 0.100645 0.069971 0.001785 0.056670
0 0 0.824395 0.076039 0.049737 0.001404 0.048424
0 0 0.851607 0.063690 0.038319 0.001360 0.045024
0 0 0.868296 0.058540 0.030961 0.001151 0.041052
0 0 0.882714 0.049913 0.025302 0.001537 0.040535
0 0 0.915860 0.034249 0.014840 0.001380 0.033672
0 0 0.934050 0.026921 0.010330 0.000845 0.027855
0 0 0.952861 0.018344 0.006607 0.000576 0.021611
0 0 0.966025 0.011368 0.004184 0.000525 0.017898
0 0 0.974673 0.007645 0.002754 0.000417 0.014510
0 0 0.957688 0.014366 0.005624 0.000729 0.021593
0 0 0.931400 0.024615 0.010785 0.001370 0.031830
0 0 0.814874 0.068543 0.070779 0.004673 0.041131
0 0 0.923038 0.027024 0.018737 0.004134 0.027068
0 0 0.935418 0.021449 0.016944 0.004827 0.021363
0 0 0.944052 0.021644 0.013163 0.002134 0.019006
0 0 0.950958 0.021011 0.008404 0.000680 0.018948
0 0 0.960579 0.016367 0.005219 0.000344 0.017491
0 0 0.924168 0.034199 0.014808 0.000509 0.026317
0 0 0.834488 0.080021 0.045735 0.000687 0.039069
0 0 0.754146 0.117086 0.076790 0.001108 0.050870
0 0 0.680496 0.143697 0.113142 0.001639 0.061027
0 0 0.660520 0.151873 0.122722 0.001755 0.063129
0 0 0.655942 0.151268 0.130973 0.001835 0.059981
0 0 0.651352 0.150350 0.136257 0.002187 0.059853
0 0 0.604312 0.175157 0.151989 0.002339 0.066203
0 0 0.634397 0.160056 0.137983 0.002560 0.065004
0 0 0.680049 0.139173 0.117018 0.002521 0.061240
0 0 0.692673 0.128734 0.113737 0.003149 0.061707
0 0 0.773426 0.100923 0.065105 0.002039 0.058507
0 0 0.778495 0.096727 0.062697 0.002279 0.059801
0 0 0.844551 0.067109 0.037639 0.001758 0.048943
0 0 0.886079 0.048367 0.021212 0.001731 0.042612
0 0 0.874083 0.054260 0.024168 0.001906 0.045582
0 0 0.894067 0.045890 0.019248 0.001433 0.039362
0 0 0.901501 0.038558 0.017530 0.001845 0.040566
0 0 0.890902 0.042541 0.020694 0.002350 0.043513
0 0 0.879360 0.046693 0.028373 0.004112 0.041462
0 0 0.904189 0.033296 0.019286 0.003522 0.039707
0 0 0.943621 0.016551 0.007966 0.001710 0.030153
0 0 0.946463 0.015755 0.007441 0.001561 0.028779
0 0 0.955896 0.013087 0.005761 0.001111 0.024144
0 0 0.933878 0.019253 0.009821 0.002261 0.034788
0 0 0.911729 0.036059 0.015180 0.001340 0.035692
0 0 0.851680 0.064021 0.038598 0.001462 0.044239
0 0 0.816045 0.067679 0.068451 0.004467 0.043357
0 0 0.869536 0.053797 0.036687 0.004122 0.035858
0 0 0.907564 0.040187 0.018438 0.001544 0.032268
0 0 0.946965 0.020917 0.007732 0.000669 0.023717
0 0 0.945237 0.020670 0.008866 0.000707 0.024521
0 0 0.886893 0.040520 0.038528 0.001705 0.032354
0 0 0.792866 0.063819 0.107010 0.003392 0.032913
0 0 0.755528 0.057590 0.149029 0.002581 0.035271
0 0 0.758573 0.079610 0.123089 0.000451 0.038277
0 0 0.768771 0.076637 0.115423 0.000487 0.038683
0 0 0.705823 0.090934 0.163328 0.000433 0.039482
0 0 0.652319 0.100543 0.205439 0.000458 0.041241
0 0 0.648233 0.102252 0.207130 0.000479 0.041907
0 0 0.638622 0.105297 0.212807 0.000504 0.042769
0 0 0.702809 0.098874 0.156462 0.000489 0.041367
0 0 0.642922 0.116824 0.194029 0.000601 0.045623
0 0 0.666487 0.121040 0.164668 0.000677 0.047128
0 1 0.615006 0.141538 0.188263 0.000990 0.054202
0 1 0.530157 0.179870 0.231948 0.001060 0.056965
0 1 0.598411 0.157902 0.188778 0.000933 0.053976
0 0 0.714737 0.114718 0.117883 0.001025 0.051637
0 1 0.756584 0.096671 0.096716 0.001000 0.049028
0 1 0.821120 0.071757 0.059557 0.001172 0.046395
0 0 0.799736 0.087088 0.066449 0.000960 0.045766
0 1 0.837413 0.072947 0.047015 0.000894 0.041731
0 1 0.846808 0.067101 0.038828 0.001395 0.045868
0 2 0.651160 0.142993 0.134184 0.002416 0.069248
2 2 0.061197 0.087099 0.823779 0.005214 0.022711
2 2 0.114492 0.114323 0.734597 0.004588 0.031999
2 2 0.047089 0.066197 0.863779 0.006686 0.016249
2 2 0.052985 0.089527 0.832005 0.004178 0.021305
2 2 0.016686 0.046347 0.923607 0.003978 0.009382
2 2 0.006700 0.025201 0.959060 0.004321 0.004718
2 2 0.002125 0.010984 0.981391 0.003671 0.001828
2 2 0.001172 0.005998 0.986203 0.005565 0.001062
2 2 0.000757 0.003909 0.987332 0.007278 0.000724
2 2 0.000641 0.003034 0.983393 0.012335 0.000598
2 2 0.000867 0.003364 0.979827 0.015255 0.000687
2 2 0.000670 0.002707 0.980746 0.015383 0.000493
2 2 0.000966 0.003359 0.977812 0.017200 0.000662
2 2 0.000503 0.002369 0.979489 0.017230 0.000408
2 2 0.000446 0.002189 0.984371 0.012618 0.000376
2 2 0.000233 0.001323 0.988141 0.010122 0.000181
2 2 0.000278 0.001341 0.990223 0.007974 0.000184
2 2 0.000356 0.001497 0.990107 0.007827 0.000213
2 2 0.000364 0.001520 0.988924 0.008978 0.000214
2 2 0.000389 0.001632 0.987690 0.010053 0.000237
2 2 0.000049 0.000601 0.982363 0.016929 0.000058
2 2 0.000052 0.000582 0.978026 0.021287 0.000053
2 2 0.000050 0.000569 0.973570 0.025760 0.000051
2 2 0.000062 0.000656 0.967213 0.032008 0.000061
2 3 0.000151 0.001088 0.965392 0.033246 0.000123
2 3 0.000170 0.001148 0.955187 0.043365 0.000129
2 3 0.000182 0.001245 0.940119 0.058312 0.000143
2 3 0.000128 0.001014 0.924107 0.074646 0.000105
2 3 0.000168 0.001274 0.902912 0.095500 0.000145
2 3 0.000103 0.000986 0.902417 0.096392 0.000102
2 3 0.000071 0.000762 0.884811 0.114287 0.000069
2 3 0.000082 0.000796 0.846277 0.152773 0.000072
2 3 0.000077 0.000762 0.844436 0.154658 0.000067
2 3 0.000072 0.000695 0.819828 0.179348 0.000058
2 3 0.000059 0.000619 0.841624 0.157648 0.000049
2 3 0.000103 0.000902 0.809789 0.189121 0.000085
2 2 0.000189 0.001266 0.922757 0.075645 0.000143
2 0 0.000548 0.002107 0.969528 0.027506 0.000311
2 0 0.002092 0.003690 0.984155 0.009347 0.000716
2 0 0.039024 0.018649 0.927294 0.007998 0.007035
0 0 0.859760 0.040663 0.053119 0.001942 0.044516
0 0 0.847962 0.053118 0.059956 0.000733 0.038232
0 0 0.776823 0.091157 0.090330 0.000585 0.041105
0 0 0.677968 0.115684 0.159141 0.000668 0.046539
0 0 0.619753 0.132374 0.198513 0.000703 0.048657
0 0 0.518558 0.138368 0.294156 0.000674 0.048244
0 0 0.586600 0.120717 0.245692 0.000616 0.046376
0 1 0.634125 0.110690 0.208877 0.000615 0.045692
0 0 0.709702 0.098761 0.147761 0.000573 0.043203
0 0 0.664775 0.111833 0.176594 0.000647 0.046150
0 0 0.614837 0.124204 0.213375 0.000637 0.046948
0 1 0.690758 0.110241 0.151166 0.000721 0.047114
0 0 0.635103 0.121455 0.192896 0.000791 0.049754
0 0 0.681239 0.097709 0.169858 0.001215 0.049979
0 0 0.533397 0.114740 0.301189 0.001941 0.048733
0 1 0.708619 0.096357 0.133635 0.001763 0.059625
0 1 0.772112 0.079225 0.093646 0.001515 0.053501
0 0 0.813131 0.070346 0.065560 0.001424 0.049540
0 1 0.836863 0.065877 0.050549 0.001230 0.045480
0 1 0.845109 0.065200 0.046477 0.000998 0.042216
0 1 0.543592 0.155168 0.227348 0.002425 0.071467
0 2 0.618466 0.141392 0.170009 0.002171 0.067961
0 2 0.470924 0.173045 0.273469 0.003396 0.079167
0 2 0.404665 0.192545 0.327435 0.002607 0.072748
2 1 0.306040 0.200705 0.419122 0.002889 0.071245
2 2 0.259079 0.191890 0.479390 0.002745 0.066896
2 2 0.234178 0.182066 0.513623 0.003108 0.067026
2 2 0.138974 0.144731 0.663737 0.002290 0.050267
2 2 0.069330 0.103488 0.795195 0.002074 0.029913
2 2 0.029080 0.065678 0.884870 0.002068 0.018304
2 2 0.006482 0.022097 0.962953 0.002968 0.005499
2 2 0.002528 0.009661 0.980796 0.004663 0.002352
2 2 0.000921 0.003722 0.988556 0.005973 0.000828
2 2 0.000501 0.002283 0.990794 0.005992 0.000430
2 2 0.000309 0.001596 0.992357 0.005483 0.000255
2 2 0.000174 0.001177 0.994002 0.004476 0.000171
2 2 0.000144 0.001058 0.994926 0.003721 0.000150
2 2 0.000081 0.000729 0.994946 0.004158 0.000087
2 2 0.000069 0.000667 0.994617 0.004571 0.000076
2 2 0.000075 0.000735 0.994779 0.004322 0.000089
2 2 0.000106 0.000982 0.984849 0.013942 0.000121
2 2 0.000062 0.000711 0.981298 0.017854 0.000075
2 2 0.000027 0.000438 0.978651 0.020847 0.000037
2 2 0.000025 0.000429 0.962875 0.036637 0.000034
2 2 0.000037 0.000545 0.967606 0.031763 0.000049
2 2 0.000060 0.000762 0.940947 0.058155 0.000075
2 2 0.000056 0.000721 0.937689 0.061465 0.000069
2 3 0.000077 0.000872 0.914906 0.084056 0.000088
2 3 0.000113 0.001121 0.899391 0.099251 0.000125
2 3 0.000171 0.001312 0.798831 0.199539 0.000148
2 3 0.000253 0.001643 0.739333 0.258567 0.000204
2 3 0.000226 0.001445 0.702466 0.295696 0.000168
2 3 0.000277 0.001600 0.655633 0.342295 0.000195
2 3 0.000258 0.001723 0.767304 0.230495 0.000220
2 3 0.000123 0.001103 0.853390 0.145267 0.000117
2 3 0.000100 0.000939 0.853761 0.145108 0.000092
2 3 0.000145 0.001178 0.814439 0.184113 0.000127
2 3 0.000298 0.001755 0.688719 0.309004 0.000224
3 3 0.000369 0.001619 0.468131 0.529673 0.000208
3 3 0.000374 0.001376 0.333358 0.664716 0.000176
3 3 0.000174 0.000858 0.418427 0.580459 0.000082
3 3 0.000137 0.000759 0.468531 0.530506 0.000067
3 3 0.000134 0.000710 0.426477 0.572617 0.000062
3 3 0.000149 0.000775 0.431469 0.567537 0.000070
3 3 0.000229 0.001003 0.375982 0.622680 0.000107
3 3 0.000294 0.001097 0.305455 0.693025 0.000128
3 3 0.000329 0.001204 0.310023 0.688298 0.000147
3 3 0.000437 0.001364 0.253991 0.744020 0.000187
3 3 0.000495 0.001506 0.256165 0.741617 0.000217
3 3 0.000318 0.000898 0.171671 0.827001 0.000112
3 3 0.000182 0.000597 0.178567 0.820592 0.000060
3 3 0.000238 0.000731 0.178293 0.820657 0.000082
3 3 0.000230 0.000774 0.214928 0.783985 0.000084
3 3 0.000360 0.001261 0.294849 0.703370 0.000160
2 3 0.000339 0.001618 0.524264 0.473575 0.000203
2 2 0.001159 0.003634 0.829644 0.164956 0.000608
2 2 0.001486 0.004176 0.925819 0.067740 0.000779
2 2 0.001416 0.004832 0.966450 0.026458 0.000844
2 2 0.001352 0.005287 0.977774 0.014705 0.000882
2 2 0.001120 0.004852 0.983118 0.010124 0.000785
2 2 0.006930 0.016522 0.966980 0.005381 0.004187
2 2 0.011410 0.026626 0.950840 0.004661 0.006462
2 2 0.005692 0.016571 0.969001 0.004374 0.004361
2 2 0.001786 0.006567 0.985641 0.004611 0.001396
2 2 0.002968 0.008214 0.982708 0.004246 0.001863
2 2 0.002562 0.006526 0.981871 0.007500 0.001541
2 2 0.006904 0.014633 0.969778 0.005013 0.003671
2 2 0.010187 0.018313 0.957913 0.008281 0.005307
2 2 0.006096 0.014782 0.969913 0.005179 0.004031
2 2 0.005039 0.011873 0.973935 0.005686 0.003466
2 2 0.005206 0.009092 0.975384 0.007417 0.002900
2 2 0.003472 0.008097 0.982221 0.004027 0.002183
2 2 0.003461 0.008668 0.980755 0.004771 0.002346
2 2 0.002093 0.005572 0.985707 0.005146 0.001481
2 2 0.003311 0.008152 0.981615 0.004796 0.002126
2 2 0.004064 0.010229 0.978374 0.004383 0.002950
2 2 0.000887 0.003518 0.988858 0.005915 0.000822
2 2 0.002155 0.006180 0.984275 0.005750 0.001640
2 2 0.000760 0.002984 0.990157 0.005458 0.000641
2 2 0.001481 0.004490 0.984618 0.008313 0.001097
2 2 0.002320 0.005455 0.986143 0.004569 0.001513
2 2 0.006482 0.009578 0.978425 0.002475 0.003039
2 2 0.021178 0.018692 0.951904 0.002044 0.006183
2 2 0.065953 0.032509 0.888137 0.002590 0.010811
2 0 0.138362 0.051976 0.787236 0.005872 0.016554
2 0 0.190402 0.105419 0.664598 0.009942 0.029638
2 0 0.217306 0.116328 0.612592 0.020537 0.033237
2 0 0.334571 0.125229 0.451866 0.043797 0.044538
0 0 0.496227 0.131212 0.279571 0.009064 0.083926
0 0 0.741945 0.067081 0.112135 0.004755 0.074084
0 0 0.768527 0.063222 0.113818 0.001560 0.052873
0 0 0.736850 0.074239 0.140300 0.000945 0.047665
0 0 0.665976 0.109434 0.167048 0.001289 0.056253
0 0 0.584420 0.144774 0.211851 0.001203 0.057751
0 0 0.667102 0.118844 0.157833 0.001164 0.055057
0 0 0.664378 0.102112 0.184802 0.000765 0.047943
0 0 0.602872 0.100924 0.247414 0.000755 0.048035
0 0 0.679795 0.084913 0.193887 0.000491 0.040913
0 0 0.659073 0.084677 0.214040 0.000517 0.041693
0 0 0.649257 0.083596 0.226376 0.000463 0.040308
2 0 0.377063 0.164356 0.403796 0.001054 0.053732
2 1 0.331791 0.189841 0.422068 0.001176 0.055125
2 1 0.250520 0.172073 0.524251 0.001278 0.051878
2 1 0.255011 0.160737 0.530075 0.001383 0.052794
2 1 0.365548 0.164044 0.406681 0.001742 0.061986
2 1 0.321262 0.160365 0.456850 0.001723 0.059800
2 2 0.221649 0.157566 0.564810 0.001741 0.054234
2 2 0.127116 0.139437 0.690489 0.001732 0.041226
2 2 0.107818 0.134438 0.716002 0.001474 0.040267
2 2 0.031295 0.055359 0.896022 0.001939 0.015385
2 2 0.011196 0.025273 0.953298 0.003767 0.006465
2 2 0.005347 0.016021 0.970918 0.003874 0.003841
2 2 0.004473 0.016065 0.972112 0.003700 0.003649
2 2 0.002588 0.009367 0.981717 0.004348 0.001979
2 2 0.003405 0.010476 0.978602 0.005105 0.002411
2 2 0.003134 0.010177 0.981706 0.002836 0.002146
2 2 0.003625 0.011012 0.980367 0.002538 0.002458
2 2 0.002240 0.007198 0.985792 0.003197 0.001573
2 2 0.003329 0.008922 0.980902 0.004570 0.002277
2 2 0.002204 0.006995 0.985277 0.003802 0.001722
2 2 0.000231 0.002173 0.993778 0.003186 0.000633
2 2 0.000332 0.002103 0.991080 0.006072 0.000412
2 2 0.000478 0.002985 0.990982 0.004758 0.000797
2 2 0.000585 0.003336 0.989321 0.005912 0.000846
2 2 0.000343 0.002468 0.990739 0.005907 0.000543
2 2 0.000147 0.001493 0.991592 0.006499 0.000268
2 2 0.000257 0.001933 0.990776 0.006668 0.000366
2 2 0.000233 0.001912 0.990901 0.006571 0.000383
2 2 0.000257 0.001834 0.988831 0.008758 0.000320
2 2 0.000337 0.002381 0.987475 0.009307 0.000499
2 2 0.000470 0.002794 0.988898 0.007214 0.000624
2 2 0.000357 0.002239 0.989654 0.007308 0.000442
2 2 0.000338 0.001961 0.991536 0.005808 0.000357
2 2 0.000206 0.001416 0.992422 0.005733 0.000223
2 2 0.000124 0.001045 0.993557 0.005128 0.000146
2 2 0.000187 0.001097 0.992869 0.005702 0.000145
2 1 0.001221 0.003146 0.988005 0.007006 0.000622
2 1 0.008415 0.009389 0.968645 0.010780 0.002772
2 2 0.015601 0.016967 0.953722 0.009000 0.004710
2 2 0.037309 0.042525 0.903895 0.004737 0.011534
2 2 0.004678 0.009528 0.981066 0.002265 0.002463
2 2 0.007136 0.013079 0.974891 0.001604 0.003290
2 2 0.006958 0.012652 0.975381 0.001795 0.003213
2 2 0.004904 0.011461 0.979149 0.001822 0.002663
2 2 0.004418 0.008958 0.982116 0.002304 0.002205
2 2 0.002572 0.005628 0.986283 0.004180 0.001337
2 2 0.004204 0.009610 0.980947 0.003068 0.002171
2 2 0.004839 0.012134 0.976275 0.004055 0.002696
2 2 0.012542 0.021777 0.957146 0.003244 0.005292
2 2 0.057073 0.051907 0.872101 0.003059 0.015860
2 2 0.186260 0.088800 0.688348 0.002851 0.033742
2 0 0.340023 0.101429 0.504687 0.004234 0.049628
0 0 0.453348 0.105644 0.383477 0.002010 0.055520
0 0 0.496183 0.091256 0.359791 0.001488 0.051282
0 0 0.644314 0.070675 0.235197 0.000967 0.048847
0 0 0.666599 0.064043 0.222065 0.000866 0.046428
0 0 0.778664 0.057771 0.120746 0.000751 0.042068
0 0 0.693265 0.088583 0.170335 0.000784 0.047033
0 0 0.680350 0.111409 0.159274 0.000765 0.048202
0 0 0.732581 0.093519 0.126922 0.000769 0.046209
0 0 0.580154 0.078246 0.301695 0.000448 0.039457
0 0 0.552113 0.083694 0.326214 0.000372 0.037607
0 0 0.483183 0.081993 0.397133 0.000390 0.037301
2 0 0.329800 0.087230 0.540402 0.001104 0.041465
2 0 0.264668 0.093114 0.601210 0.001654 0.039353
0 1 0.543287 0.125797 0.267851 0.001582 0.061483
0 0 0.574557 0.089312 0.284416 0.000972 0.050744
0 0 0.701303 0.060164 0.184709 0.001388 0.052437
0 0 0.748014 0.046913 0.151441 0.002636 0.050997
0 0 0.748131 0.069267 0.122326 0.002010 0.058266
0 0 0.797816 0.061274 0.081799 0.002265 0.056846
0 0 0.846586 0.045810 0.060364 0.001464 0.045776
0 0 0.868915 0.038197 0.049846 0.001301 0.041741
0 0 0.844451 0.048965 0.068615 0.000674 0.037295
0 0 0.597437 0.085029 0.274800 0.000533 0.042201
0 0 0.580017 0.082080 0.295385 0.000537 0.041982
0 0 0.557242 0.076478 0.324334 0.000539 0.041407
0 0 0.544823 0.076397 0.338536 0.000475 0.039769
0 0 0.625983 0.067212 0.266090 0.000515 0.040200
0 0 0.730170 0.068001 0.152055 0.001050 0.048724
2 0 0.202310 0.051338 0.724630 0.003063 0.018660
2 0 0.305834 0.054283 0.614160 0.001777 0.023946
2 0 0.422855 0.061733 0.483642 0.001276 0.030493
0 0 0.457806 0.081145 0.421411 0.000476 0.039163
0 0 0.498916 0.091570 0.360886 0.001017 0.047610
0 0 0.496253 0.108850 0.351169 0.001361 0.042367
0 0 0.745005 0.112411 0.099867 0.000551 0.042165
0 0 0.807986 0.082958 0.077671 0.000257 0.031127
0 0 0.761158 0.087247 0.115326 0.000353 0.035916
0 0 0.742272 0.077047 0.143175 0.000398 0.037109
0 0 0.687812 0.085027 0.189466 0.000362 0.037333
0 0 0.682348 0.078958 0.201476 0.000358 0.036860
0 0 0.643613 0.076646 0.243723 0.000321 0.035696
0 0 0.681221 0.075681 0.206004 0.000362 0.036733
0 0 0.637421 0.084295 0.239363 0.000395 0.038526
0 0 0.645067 0.090021 0.222641 0.000502 0.041769
0 0 0.603949 0.096182 0.257426 0.000490 0.041953
0 0 0.627325 0.090599 0.238580 0.000547 0.042950
0 0 0.678160 0.082046 0.197515 0.000534 0.041745
0 0 0.642334 0.089657 0.224480 0.000553 0.042974
0 1 0.494024 0.139967 0.317830 0.000649 0.047531
2 1 0.294849 0.097585 0.569234 0.000533 0.037800
2 1 0.403304 0.071851 0.483459 0.001819 0.039567
2 0 0.411806 0.073101 0.469366 0.002643 0.043084
0 0 0.812937 0.060032 0.076654 0.001419 0.048958
0 0 0.820799 0.042590 0.092318 0.001080 0.043213
0 0 0.756701 0.059604 0.138785 0.000829 0.044082
0 0 0.740308 0.067989 0.149734 0.000608 0.041361
0 0 0.607838 0.093228 0.254655 0.000571 0.043708
0 0 0.622997 0.093409 0.236917 0.000679 0.045998
0 0 0.573166 0.100067 0.280280 0.000650 0.045837
0 0 0.643417 0.091196 0.220453 0.000609 0.044325
0 0 0.649307 0.091433 0.212925 0.000675 0.045660
0 1 0.641304 0.107291 0.201559 0.000796 0.049049
0 1 0.571564 0.130731 0.245987 0.000815 0.050904
0 1 0.490253 0.144540 0.303914 0.001397 0.059896
0 1 0.425528 0.148844 0.363053 0.001570 0.061005
2 2 0.253455 0.154378 0.526163 0.002619 0.063385
2 2 0.162014 0.131529 0.654269 0.002028 0.050160
2 2 0.121586 0.120241 0.714275 0.001631 0.042267
2 2 0.217372 0.085311 0.661783 0.001612 0.033922
2 2 0.285082 0.093592 0.582744 0.001682 0.036901
2 2 0.366485 0.086511 0.506222 0.001767 0.039016
0 0 0.473701 0.072202 0.418537 0.001531 0.034029
0 0 0.719863 0.064525 0.175369 0.000573 0.039669
0 0 0.797072 0.059361 0.106759 0.000470 0.036338
0 0 0.817690 0.066977 0.079341 0.000450 0.035542
0 0 0.771765 0.086148 0.101371 0.000538 0.040178
0 0 0.694368 0.113642 0.145188 0.000667 0.046134
0 0 0.716528 0.109229 0.126088 0.000772 0.047383
0 1 0.627846 0.134751 0.184755 0.000868 0.051779
0 1 0.528202 0.152677 0.266410 0.000821 0.051890
0 1 0.525401 0.132371 0.290462 0.000824 0.050942
0 0 0.603315 0.111376 0.235432 0.000776 0.049102
0 1 0.613343 0.118291 0.218516 0.000756 0.049094
0 1 0.508483 0.149725 0.288682 0.000856 0.052254
2 2 0.345395 0.181656 0.413997 0.001350 0.057603
2 2 0.246078 0.195554 0.498356 0.001787 0.058224
2 0 0.194786 0.160485 0.594116 0.003324 0.047289
2 0 0.088184 0.088313 0.799742 0.003406 0.020355
2 1 0.060322 0.105371 0.804412 0.002389 0.027506
2 2 0.031937 0.058434 0.892909 0.003126 0.013594
2 2 0.014541 0.035718 0.939233 0.002945 0.007563
2 2 0.010145 0.028138 0.953196 0.002418 0.006102
2 2 0.008758 0.020651 0.962828 0.003003 0.004760
2 2 0.002923 0.008640 0.983947 0.002749 0.001740
2 2 0.003219 0.008128 0.982993 0.004003 0.001657
2 2 0.002044 0.006173 0.986254 0.004322 0.001207
2 2 0.002455 0.007643 0.983747 0.004656 0.001499
2 2 0.001546 0.005288 0.986369 0.005710 0.001087
2 2 0.000861 0.003374 0.984622 0.010489 0.000654
2 2 0.000968 0.004015 0.985177 0.009064 0.000776
2 2 0.000781 0.003241 0.987089 0.008255 0.000634
2 2 0.000485 0.002281 0.989620 0.007190 0.000423
2 2 0.000420 0.002056 0.990192 0.006969 0.000364
2 2 0.000296 0.001711 0.991898 0.005805 0.000289
2 2 0.000519 0.002483 0.992336 0.004145 0.000516
2 2 0.000422 0.002174 0.991828 0.005160 0.000415
2 2 0.000245 0.001577 0.993014 0.004899 0.000265
2 2 0.000190 0.001497 0.993079 0.004979 0.000254
2 2 0.000052 0.001101 0.992409 0.006198 0.000240
2 2 0.000051 0.000943 0.986736 0.012115 0.000154
2 2 0.000075 0.001216 0.989588 0.008877 0.000244
2 2 0.000055 0.001176 0.989939 0.008560 0.000268
2 2 0.000053 0.001206 0.990987 0.007461 0.000293
2 2 0.000034 0.001001 0.993060 0.005655 0.000249
2 2 0.000032 0.000839 0.990800 0.008164 0.000165
2 2 0.000037 0.000879 0.990635 0.008280 0.000168
2 2 0.000042 0.000853 0.987611 0.011355 0.000140
2 2 0.000040 0.000747 0.988511 0.010596 0.000106
2 2 0.000071 0.001172 0.985124 0.013414 0.000219
2 2 0.000055 0.000940 0.988006 0.010853 0.000146
2 2 0.000079 0.001210 0.987201 0.011291 0.000219
2 2 0.000070 0.001052 0.989428 0.009274 0.000177
2 2 0.000045 0.000695 0.984876 0.014305 0.000078
2 3 0.000042 0.000789 0.985117 0.013943 0.000109
2 3 0.000051 0.000756 0.966906 0.032206 0.000081
2 3 0.000060 0.000811 0.955044 0.043999 0.000086
2 3 0.000050 0.000639 0.922739 0.076516 0.000056
2 2 0.000116 0.001071 0.864081 0.134619 0.000113
2 2 0.001826 0.005227 0.978947 0.012775 0.001225
2 2 0.003653 0.008915 0.977345 0.007911 0.002176
2 2 0.001045 0.003946 0.982527 0.011578 0.000904
2 2 0.000473 0.002653 0.985891 0.010451 0.000532
2 2 0.000318 0.002107 0.986830 0.010360 0.000385
2 2 0.000409 0.002461 0.987084 0.009561 0.000485
2 2 0.000316 0.002058 0.990544 0.006693 0.000388
2 2 0.000248 0.001463 0.994939 0.003106 0.000244
2 2 0.005462 0.008446 0.978183 0.005191 0.002718
2 2 0.010206 0.013920 0.967595 0.002915 0.005364
2 2 0.022933 0.029114 0.932314 0.003872 0.011768
2 2 0.010754 0.018373 0.963277 0.002067 0.005529
2 2 0.004190 0.010976 0.977206 0.004986 0.002642
2 2 0.001734 0.006917 0.983421 0.006498 0.001429
2 2 0.000496 0.002667 0.984753 0.011558 0.000527
2 2 0.000276 0.001671 0.986989 0.010802 0.000262
2 2 0.000347 0.001703 0.988631 0.009055 0.000264
2 2 0.000320 0.001640 0.989993 0.007792 0.000255
2 2 0.000311 0.001641 0.991777 0.006007 0.000265
2 2 0.000625 0.002746 0.988560 0.007514 0.000555
2 2 0.000090 0.000952 0.977304 0.021541 0.000113
2 2 0.000080 0.000939 0.973551 0.025318 0.000111
2 2 0.000085 0.000958 0.959077 0.039771 0.000109
2 3 0.000103 0.001045 0.930363 0.068373 0.000116
2 3 0.000211 0.001712 0.869083 0.128765 0.000229
2 3 0.000181 0.001549 0.878387 0.119684 0.000199
2 3 0.000180 0.001564 0.885868 0.112184 0.000204
2 3 0.000335 0.001927 0.965611 0.031839 0.000289
2 3 0.000802 0.002668 0.985613 0.010433 0.000484
2 0 0.005921 0.008518 0.978088 0.005291 0.002183
2 0 0.014797 0.017211 0.960536 0.002711 0.004744
2 1 0.060640 0.062433 0.855783 0.001159 0.019986
2 1 0.074476 0.076317 0.820931 0.001235 0.027041
2 1 0.066515 0.080488 0.823402 0.001285 0.028311
2 2 0.029560 0.046646 0.907578 0.001899 0.014316
2 2 0.022269 0.040245 0.923014 0.001943 0.012529
2 2 0.011549 0.024659 0.953122 0.003446 0.007224
2 2 0.036428 0.039090 0.902488 0.008198 0.013797
2 1 0.035055 0.039818 0.900055 0.012966 0.012106
2 0 0.127037 0.114509 0.718872 0.009970 0.029612
2 1 0.005117 0.018226 0.967112 0.004254 0.005291
2 2 0.004313 0.013304 0.972364 0.006405 0.003613
2 2 0.002466 0.007974 0.980324 0.007117 0.002118
2 2 0.001461 0.005977 0.982595 0.008565 0.001403
2 2 0.000870 0.003869 0.985027 0.009417 0.000817
2 2 0.000600 0.003430 0.986557 0.008692 0.000721
2 2 0.001045 0.004891 0.986964 0.006007 0.001093
2 2 0.000687 0.003234 0.988771 0.006570 0.000737
2 2 0.000901 0.003874 0.987718 0.006617 0.000890
2 2 0.000535 0.002687 0.989240 0.006981 0.000556
2 2 0.000237 0.001787 0.991600 0.006051 0.000324
2 2 0.000174 0.001388 0.993786 0.004422 0.000229
2 2 0.000081 0.000814 0.992451 0.006553 0.000100
2 2 0.000055 0.000657 0.992497 0.006717 0.000074
2 2 0.000039 0.000600 0.988900 0.010397 0.000064
2 2 0.000080 0.000946 0.990497 0.008350 0.000127
2 2 0.000088 0.000956 0.988474 0.010357 0.000125
2 2 0.000119 0.001127 0.989723 0.008867 0.000164
2 2 0.000098 0.001309 0.991765 0.006556 0.000272
2 2 0.000095 0.001259 0.988986 0.009432 0.000228
2 2 0.000021 0.000462 0.984450 0.015019 0.000047
2 2 0.000030 0.000593 0.991479 0.007821 0.000076
2 2 0.000065 0.001095 0.995147 0.003444 0.000249
2 2 0.000429 0.004363 0.989836 0.003165 0.002206
2 2 0.001403 0.012224 0.970964 0.002568 0.012841
2 2 0.009065 0.044474 0.833785 0.002295 0.110381
2 4 0.017759 0.064302 0.681049 0.001403 0.235486
2 4 0.033942 0.085636 0.455734 0.002063 0.422625
4 4 0.034191 0.089542 0.418880 0.002795 0.454592
4 4 0.054069 0.093745 0.179378 0.004206 0.668603
4 4 0.062326 0.091530 0.109163 0.006659 0.730321
4 4 0.077485 0.080454 0.058635 0.005924 0.777501
4 4 0.072887 0.078739 0.057108 0.005608 0.785659
4 4 0.060172 0.062511 0.037942 0.002473 0.836902
4 4 0.065164 0.063474 0.038198 0.002508 0.830656
4 4 0.057488 0.057422 0.032498 0.001822 0.850771
4 4 0.058936 0.057051 0.031845 0.001751 0.850418
4 4 0.044321 0.053666 0.030785 0.001642 0.869587
4 4 0.077793 0.059085 0.031466 0.001715 0.829941
4 4 0.098481 0.074996 0.053423 0.003052 0.770047
4 4 0.046303 0.091979 0.343598 0.002340 0.515780
2 4 0.068435 0.088700 0.504032 0.001603 0.337229
2 4 0.050983 0.086132 0.520170 0.001751 0.340965
4 4 0.062933 0.096561 0.381358 0.002560 0.456587
4 4 0.051393 0.097739 0.287168 0.004314 0.559386
4 4 0.060561 0.085250 0.104274 0.004196 0.745720
4 4 0.090746 0.070899 0.043355 0.003250 0.791750
4 4 0.090217 0.073565 0.046786 0.003783 0.785649
4 4 0.145843 0.089117 0.061365 0.006791 0.696884
4 4 0.062404 0.087171 0.078574 0.010324 0.761528
4 4 0.071507 0.091089 0.083504 0.011681 0.742220
4 4 0.082265 0.084424 0.084647 0.003937 0.744727
4 4 0.066596 0.080343 0.108317 0.002071 0.742672
4 4 0.091705 0.090094 0.118527 0.003225 0.696448
4 4 0.054838 0.095229 0.186645 0.005668 0.657620
4 4 0.045723 0.092810 0.155760 0.009915 0.695793
4 4 0.074373 0.104969 0.143055 0.024359 0.653244
4 4 0.089273 0.098209 0.107390 0.010989 0.694139
4 4 0.109916 0.104742 0.121624 0.010399 0.653319
4 4 0.127434 0.106112 0.187922 0.004730 0.573802
4 4 0.042029 0.089401 0.171194 0.004128 0.693247
4 4 0.048329 0.097141 0.271925 0.004018 0.578586
2 4 0.044496 0.093435 0.464832 0.003325 0.393912
2 4 0.021273 0.065859 0.750451 0.001566 0.160851
2 4 0.037766 0.084287 0.536349 0.002158 0.339441
4 4 0.045290 0.096996 0.402080 0.003927 0.451707
4 4 0.065306 0.107541 0.208227 0.012595 0.606331
4 4 0.088032 0.094773 0.086452 0.012579 0.718163
4 4 0.096363 0.089134 0.068182 0.008128 0.738194
4 4 0.157570 0.084512 0.054022 0.005290 0.698606
4 4 0.212138 0.101084 0.074759 0.010920 0.601099
4 4 0.140760 0.091939 0.066052 0.007864 0.693384
4 4 0.155022 0.104334 0.084844 0.013418 0.642382
4 4 0.114055 0.066626 0.036004 0.002273 0.781042
4 4 0.118434 0.073643 0.043613 0.003339 0.760972
4 4 0.091909 0.071920 0.044467 0.003420 0.788284
4 4 0.078637 0.061869 0.034370 0.002041 0.823083
4 4 0.088896 0.062613 0.034003 0.002005 0.812482
4 4 0.105481 0.065283 0.035280 0.002174 0.791784
4 4 0.159988 0.078012 0.045683 0.003778 0.712540
4 4 0.040524 0.091311 0.167921 0.005341 0.694902
4 4 0.043349 0.097547 0.209514 0.006305 0.643285
4 4 0.048587 0.104800 0.253407 0.008271 0.584934
4 4 0.048539 0.101317 0.250695 0.006205 0.593244
4 4 0.112437 0.125397 0.339977 0.006514 0.415675
2 4 0.108655 0.125223 0.486041 0.003363 0.276718
2 4 0.103090 0.111193 0.527444 0.001912 0.256360
2 4 0.114347 0.093905 0.583118 0.001554 0.207076
2 4 0.064693 0.073065 0.715013 0.000720 0.146509
2 2 0.035984 0.060975 0.790467 0.000824 0.111749
2 2 0.016278 0.050168 0.850601 0.000836 0.082116
2 2 0.009569 0.040166 0.884951 0.001221 0.064093
2 2 0.007575 0.034949 0.909360 0.001827 0.046289
2 2 0.003291 0.018687 0.957827 0.003469 0.016725
2 2 0.002451 0.015274 0.967442 0.003712 0.011121
2 2 0.001677 0.012061 0.974532 0.004339 0.007391
2 2 0.000688 0.006729 0.982812 0.006280 0.003491
2 2 0.000487 0.006017 0.985602 0.004477 0.003417
2 2 0.000181 0.003223 0.990326 0.004934 0.001337
2 2 0.000146 0.002505 0.992138 0.004378 0.000833
2 2 0.000164 0.002195 0.990458 0.006582 0.000601
2 2 0.000122 0.001442 0.991485 0.006690 0.000261
2 2 0.000284 0.002485 0.992204 0.004364 0.000663
2 2 0.000327 0.002490 0.993491 0.003018 0.000674
2 2 0.000286 0.002171 0.992684 0.004357 0.000501
2 2 0.000393 0.002985 0.991188 0.004549 0.000884
2 2 0.000412 0.003821 0.989719 0.004499 0.001549
2 2 0.000333 0.003513 0.991377 0.003315 0.001462
2 2 0.000115 0.001929 0.992852 0.004495 0.000609
2 2 0.000085 0.001879 0.993965 0.003359 0.000711
2 2 0.000073 0.001886 0.994820 0.002379 0.000841
2 2 0.000060 0.001462 0.995537 0.002412 0.000528
2 2 0.000050 0.001216 0.994490 0.003892 0.000352
2 2 0.000052 0.001142 0.993739 0.004792 0.000275
2 2 0.000064 0.001362 0.991570 0.006664 0.000341
2 2 0.000049 0.001087 0.990663 0.007981 0.000221
2 2 0.000043 0.000908 0.988125 0.010771 0.000152
2 2 0.000046 0.000954 0.987064 0.011771 0.000165
2 2 0.000043 0.000852 0.983584 0.015392 0.000129
2 2 0.000047 0.000892 0.980347 0.018576 0.000138
2 2 0.000518 0.003155 0.902139 0.093615 0.000573
2 2 0.000764 0.003648 0.919069 0.075823 0.000695
2 2 0.000324 0.001939 0.958068 0.039381 0.000288
2 2 0.000168 0.001291 0.974536 0.023837 0.000169
2 2 0.000123 0.001022 0.980439 0.018293 0.000123
2 2 0.000065 0.000679 0.978354 0.020835 0.000067
2 2 0.000129 0.001101 0.961231 0.037410 0.000129
2 2 0.000145 0.001300 0.951992 0.046398 0.000165
2 2 0.000165 0.001482 0.954195 0.043955 0.000203
2 2 0.000124 0.001204 0.973099 0.025414 0.000158
2 2 0.000075 0.000846 0.979551 0.019432 0.000097
2 2 0.000053 0.000738 0.979320 0.019809 0.000081
2 3 0.000031 0.000566 0.983953 0.015391 0.000058
2 3 0.000047 0.000737 0.971872 0.027264 0.000080
2 3 0.000051 0.000742 0.962615 0.036514 0.000078
2 3 0.000127 0.001329 0.931691 0.066683 0.000170
2 3 0.000090 0.000958 0.905493 0.093360 0.000100
2 3 0.000111 0.000996 0.837152 0.161641 0.000100
2 3 0.000086 0.000729 0.750871 0.248254 0.000061
2 3 0.000110 0.000801 0.670299 0.328721 0.000069
2 3 0.000529 0.002297 0.533626 0.463205 0.000343
3 3 0.000401 0.001687 0.448299 0.549390 0.000223
3 3 0.000415 0.001539 0.356893 0.640949 0.000205
3 3 0.000802 0.002144 0.247503 0.749180 0.000371
3 3 0.001113 0.002655 0.228099 0.767610 0.000523
3 3 0.001148 0.002415 0.174717 0.821230 0.000491
3 3 0.001413 0.003158 0.223776 0.770972 0.000682
3 3 0.001212 0.002496 0.171333 0.824439 0.000519
3 3 0.000885 0.001828 0.145349 0.851594 0.000343
3 3 0.000647 0.001082 0.073833 0.924244 0.000194
3 3 0.000453 0.000785 0.065836 0.932802 0.000125
3 3 0.000363 0.000580 0.047494 0.951474 0.000088
3 3 0.000457 0.000777 0.063261 0.935381 0.000124
3 3 0.000692 0.001122 0.071185 0.926793 0.000207
3 3 0.000822 0.001320 0.076838 0.920763 0.000258
3 3 0.000783 0.001205 0.067377 0.930402 0.000235
3 3 0.000791 0.001236 0.070278 0.927454 0.000241
3 3 0.000882 0.001318 0.067111 0.930420 0.000269
3 3 0.000685 0.001134 0.074414 0.923560 0.000208
3 3 0.000695 0.001099 0.067133 0.930868 0.000205
3 3 0.000277 0.000789 0.161759 0.837081 0.000094
3 3 0.000268 0.000716 0.137221 0.861708 0.000086
3 3 0.000514 0.001122 0.122781 0.875409 0.000174
3 3 0.000342 0.000693 0.081711 0.917158 0.000096
3 3 0.000394 0.000878 0.111174 0.887431 0.000124
3 3 0.000364 0.000817 0.108332 0.890374 0.000113
3 3 0.000621 0.001340 0.132621 0.865197 0.000222
3 3 0.000558 0.000961 0.072957 0.925361 0.000163
3 3 0.000615 0.001034 0.072802 0.925366 0.000182
3 3 0.000902 0.001405 0.075308 0.922101 0.000285
3 3 0.001081 0.001789 0.096336 0.900417 0.000378
3 3 0.001572 0.002732 0.133253 0.861800 0.000642
3 3 0.001080 0.002070 0.136140 0.860288 0.000421
3 3 0.000738 0.001726 0.175618 0.821620 0.000297
3 3 0.000544 0.001278 0.150319 0.847661 0.000198
3 3 0.000445 0.001060 0.139201 0.859141 0.000154
3 3 0.000435 0.001052 0.142155 0.856206 0.000151
3 3 0.000674 0.001301 0.106560 0.891237 0.000227
3 3 0.000857 0.001533 0.101838 0.895478 0.000295
3 3 0.001081 0.001676 0.082385 0.914497 0.000360
3 3 0.000704 0.001403 0.117869 0.879777 0.000246
3 3 0.000695 0.001359 0.111951 0.885756 0.000239
3 3 0.000671 0.001509 0.152180 0.845387 0.000254
3 3 0.000426 0.001000 0.131336 0.867095 0.000144
3 3 0.000361 0.000859 0.123577 0.875086 0.000117
3 3 0.000651 0.001445 0.145256 0.852407 0.000241
3 3 0.000749 0.002029 0.246028 0.750851 0.000342
3 3 0.000507 0.002052 0.462987 0.534158 0.000297
2 3 0.000600 0.002647 0.670135 0.326214 0.000404
2 3 0.000450 0.002446 0.882421 0.114312 0.000372
2 2 0.000781 0.003629 0.934325 0.060566 0.000699
2 2 0.000551 0.002905 0.952947 0.043075 0.000522
2 2 0.000623 0.003105 0.971749 0.023915 0.000608
2 2 0.000547 0.002644 0.973015 0.023322 0.000471
2 2 0.000258 0.001638 0.977829 0.020034 0.000240
2 2 0.000335 0.001952 0.973827 0.023582 0.000304
2 2 0.000511 0.002604 0.982039 0.014399 0.000447
2 2 0.000902 0.004284 0.980482 0.013620 0.000712
2 2 0.001077 0.005302 0.983392 0.009384 0.000844
2 2 0.000742 0.004519 0.983290 0.010700 0.000749
2 2 0.000089 0.001197 0.979494 0.019048 0.000172
2 2 0.000104 0.001250 0.975584 0.022886 0.000176
2 2 0.000109 0.001190 0.979273 0.019264 0.000163
2 2 0.000240 0.001897 0.969978 0.027580 0.000305
2 2 0.000074 0.000917 0.975852 0.023047 0.000109
2 2 0.000068 0.000892 0.955716 0.043225 0.000100
2 2 0.000060 0.000810 0.954578 0.044466 0.000086
2 2 0.000060 0.000789 0.948222 0.050848 0.000081
2 2 0.000026 0.000444 0.957922 0.041570 0.000037
2 2 0.000018 0.000369 0.967931 0.031650 0.000032
2 2 0.000021 0.000591 0.986605 0.012686 0.000097
2 2 0.000025 0.000788 0.992475 0.006537 0.000175
2 2 0.000028 0.000833 0.992251 0.006706 0.000182
2 2 0.000047 0.001292 0.992106 0.006180 0.000375
2 2 0.000079 0.001971 0.991301 0.005920 0.000729
2 2 0.000081 0.002230 0.992773 0.003929 0.000988
2 2 0.000201 0.004030 0.988437 0.004907 0.002426
2 2 0.000360 0.005905 0.984641 0.004659 0.004434
2 2 0.001058 0.013532 0.961392 0.008121 0.015898
2 2 0.001119 0.014045 0.961068 0.006678 0.017089
2 2 0.013332 0.061198 0.759135 0.007878 0.158456
2 2 0.019941 0.064519 0.770169 0.009508 0.135862
2 4 0.025738 0.074532 0.721285 0.010623 0.167822
2 4 0.026689 0.079678 0.675703 0.007304 0.210626
2 4 0.009235 0.050407 0.814902 0.004614 0.120842
2 4 0.005592 0.035649 0.883611 0.003666 0.071482
2 4 0.007392 0.041156 0.856389 0.003737 0.091327
2 4 0.014740 0.054578 0.798593 0.003953 0.128136
2 4 0.007235 0.035802 0.889303 0.003686 0.063973
2 4 0.005316 0.031141 0.906875 0.003594 0.053074
2 4 0.003525 0.023731 0.934363 0.002813 0.035568
2 4 0.002460 0.019525 0.947457 0.002193 0.028364
2 4 0.001776 0.016610 0.956111 0.002023 0.023480
2 4 0.001299 0.014439 0.961642 0.001677 0.020943
2 4 0.001318 0.015786 0.955529 0.001782 0.025585
2 4 0.002459 0.024621 0.916348 0.001948 0.054624
2 4 0.003467 0.031623 0.879939 0.002196 0.082775
2 4 0.007705 0.049690 0.773111 0.002531 0.166962
2 4 0.013561 0.061702 0.701144 0.002000 0.221592
2 4 0.023324 0.071765 0.649988 0.001935 0.252988
4 4 0.017336 0.083320 0.429761 0.006214 0.463369
4 4 0.025779 0.089977 0.363532 0.005524 0.515189
4 4 0.031627 0.088125 0.331259 0.002626 0.546363
4 4 0.043856 0.090497 0.423621 0.002293 0.439732
2 4 0.030698 0.066820 0.695373 0.001257 0.205852
2 4 0.017786 0.048926 0.808252 0.000833 0.124203
2 4 0.021896 0.048690 0.826297 0.001054 0.102064
2 4 0.029358 0.050733 0.834116 0.001031 0.084762
2 4 0.026510 0.050470 0.864884 0.001111 0.057026
2 4 0.011897 0.031142 0.931277 0.002053 0.023631
2 4 0.005213 0.021666 0.956639 0.003082 0.013399
2 2 0.001724 0.011262 0.976711 0.004672 0.005631
2 2 0.000537 0.005525 0.985711 0.005746 0.002482
2 2 0.000599 0.003949 0.989554 0.004656 0.001243
2 0 0.012053 0.011845 0.969200 0.001028 0.005874
2 0 0.049441 0.048952 0.817086 0.002436 0.082086
4 0 0.241155 0.082684 0.119220 0.000808 0.556134
0 1 0.394007 0.086574 0.348524 0.002200 0.168694
2 1 0.377936 0.121178 0.441136 0.001610 0.058141
2 1 0.209778 0.095157 0.654932 0.000847 0.039287
2 0 0.133946 0.110650 0.712724 0.001430 0.041251
2 1 0.073081 0.093838 0.799547 0.001333 0.032201
2 1 0.043744 0.065044 0.866184 0.001465 0.023563
2 2 0.016433 0.023919 0.949132 0.002117 0.008400
2 2 0.056015 0.039387 0.880547 0.005353 0.018697
2 2 0.069299 0.045245 0.853061 0.007947 0.024448
2 0 0.226575 0.096497 0.575138 0.005581 0.096208
0 0 0.427411 0.088754 0.406243 0.003923 0.073668
0 0 0.527049 0.083271 0.319664 0.002693 0.067323
0 0 0.589162 0.118024 0.227959 0.001770 0.063084
0 1 0.493055 0.171470 0.273745 0.001333 0.060397
0 1 0.404014 0.192784 0.341541 0.001380 0.060282
2 1 0.325148 0.190672 0.424328 0.001446 0.058406
2 1 0.335880 0.166139 0.440176 0.001347 0.056458
2 1 0.307946 0.153078 0.481312 0.001483 0.056182
2 1 0.183285 0.162127 0.606195 0.001289 0.047104
2 2 0.128439 0.176396 0.649186 0.001462 0.044517
2 2 0.053639 0.138928 0.771794 0.001739 0.033900
2 2 0.051393 0.144130 0.768919 0.001765 0.033794
2 2 0.036674 0.104236 0.832020 0.001905 0.025164
2 2 0.093913 0.202104 0.656661 0.002001 0.045321
2 2 0.106210 0.230069 0.616375 0.001769 0.045577
2 2 0.099118 0.240590 0.613176 0.001919 0.045197
2 2 0.140619 0.282604 0.520748 0.002002 0.054026
2 2 0.165492 0.260629 0.512425 0.002379 0.059075
2 2 0.265081 0.266252 0.395332 0.002786 0.070548
2 2 0.260240 0.254985 0.411327 0.002879 0.070569
2 2 0.257857 0.269331 0.400481 0.002714 0.069617
2 2 0.304606 0.276565 0.343808 0.002689 0.072331
2 2 0.253210 0.297278 0.378407 0.002530 0.068575
2 2 0.250661 0.325910 0.355221 0.002185 0.066022
2 2 0.151384 0.278831 0.507700 0.002666 0.059419
2 2 0.061583 0.214083 0.688686 0.002363 0.033286
2 2 0.034001 0.135595 0.806899 0.002927 0.020578
2 2 0.008869 0.044095 0.938752 0.002155 0.006129
2 2 0.004394 0.021276 0.968832 0.002470 0.003027
2 2 0.002046 0.009746 0.984225 0.002531 0.001453
2 2 0.001516 0.006105 0.988648 0.002741 0.000990
2 2 0.001442 0.005390 0.989539 0.002637 0.000992
2 2 0.001813 0.007064 0.986117 0.003550 0.001455
2 2 0.000050 0.000807 0.997362 0.001630 0.000150
2 2 0.000084 0.000968 0.997160 0.001614 0.000175
2 2 0.000070 0.000775 0.997534 0.001500 0.000121
2 2 0.000081 0.000894 0.996652 0.002227 0.000147
2 2 0.000087 0.001136 0.995779 0.002772 0.000226
2 2 0.000089 0.001349 0.992824 0.005447 0.000290
2 2 0.000073 0.001170 0.991483 0.007060 0.000214
2 2 0.000076 0.001048 0.990160 0.008559 0.000157
2 2 0.000104 0.001106 0.992770 0.005855 0.000165
2 2 0.000095 0.000998 0.991937 0.006832 0.000138
2 2 0.000118 0.001076 0.993398 0.005253 0.000155
2 2 0.000099 0.001000 0.993811 0.004946 0.000144
2 2 0.000050 0.000703 0.995321 0.003832 0.000094
2 2 0.000027 0.000587 0.994677 0.004625 0.000084
2 2 0.000023 0.000522 0.994018 0.005367 0.000070
2 2 0.000081 0.001190 0.991346 0.007144 0.000238
