0 0 0.782652 0.104491 0.052699 0.001932 0.058226
0 0 0.791957 0.105674 0.034733 0.001215 0.066421
0 0 0.817071 0.093828 0.028989 0.000741 0.059370
0 0 0.836627 0.087100 0.018789 0.000191 0.057292
0 0 0.863312 0.071210 0.014751 0.000249 0.050478
0 0 0.839497 0.083306 0.019477 0.000433 0.057287
0 0 0.793639 0.105900 0.030058 0.001035 0.069368
0 0 0.793908 0.105770 0.029990 0.001031 0.069301
0 0 0.801922 0.101892 0.028008 0.000897 0.067281
0 0 0.827152 0.089483 0.022138 0.000559 0.060668
0 0 0.830912 0.087608 0.021313 0.000518 0.059649
0 0 0.814314 0.095834 0.025053 0.000716 0.064082
0 0 0.784564 0.098418 0.063773 0.002199 0.051046
0 0 0.748616 0.112182 0.084152 0.001949 0.053101
0 0 0.772765 0.114425 0.051255 0.000768 0.060788
0 0 0.853139 0.076067 0.021381 0.000366 0.049047
0 0 0.796770 0.097492 0.050188 0.001630 0.053920
0 0 0.796781 0.096031 0.053557 0.001718 0.051913
0 0 0.805414 0.096550 0.040098 0.001237 0.056700
0 0 0.710328 0.134036 0.086227 0.002766 0.066643
0 0 0.558410 0.161726 0.185075 0.022104 0.072684
0 0 0.712909 0.134716 0.074135 0.004480 0.073759
0 0 0.830523 0.086585 0.027577 0.000679 0.054637
0 0 0.803666 0.101044 0.027584 0.000870 0.066837
0 0 0.791911 0.106220 0.032728 0.001146 0.067996
0 0 0.696600 0.143381 0.075213 0.005102 0.079704
0 0 0.774575 0.111608 0.046083 0.001842 0.065892
0 0 0.858917 0.073459 0.015582 0.000278 0.051764
0 0 0.852056 0.076955 0.016917 0.000327 0.053744
0 0 0.822135 0.091973 0.023259 0.000617 0.062015
0 0 0.659428 0.165529 0.071059 0.006244 0.097740
0 0 0.562831 0.200757 0.108474 0.016042 0.111896
0 0 0.495359 0.221826 0.143116 0.023693 0.116005
2 0 0.265896 0.257771 0.343253 0.035330 0.097750
2 0 0.178816 0.220929 0.486668 0.043610 0.069977
2 0 0.136862 0.205528 0.542717 0.053760 0.061133
2 0 0.276076 0.246476 0.352684 0.033180 0.091584
2 0 0.237058 0.260398 0.388020 0.023907 0.090617
0 0 0.555320 0.211319 0.112212 0.009087 0.112062
0 0 0.609534 0.184833 0.097804 0.007757 0.100071
0 0 0.436862 0.290389 0.146303 0.001430 0.125016
0 0 0.444909 0.286440 0.142817 0.001442 0.124391
2 0 0.180172 0.265758 0.471492 0.006668 0.075910
2 0 0.082006 0.212477 0.638078 0.015754 0.051685
2 0 0.078171 0.201357 0.631384 0.037166 0.051922
2 0 0.171211 0.245069 0.451659 0.050047 0.082014
2 0 0.202372 0.275817 0.385044 0.037337 0.099430
2 0 0.194395 0.305389 0.378098 0.016620 0.105498
2 0 0.232819 0.309041 0.349924 0.005616 0.102600
2 0 0.201689 0.285062 0.423923 0.004807 0.084519
2 0 0.164675 0.273598 0.469242 0.011118 0.081367
2 0 0.193901 0.275448 0.424277 0.016917 0.089458
0 0 0.371199 0.302346 0.191371 0.005218 0.129867
0 0 0.434998 0.258219 0.198586 0.003633 0.104564
0 0 0.690594 0.158947 0.070855 0.000749 0.078856
0 0 0.738023 0.131260 0.058718 0.001288 0.070711
0 0 0.772489 0.118909 0.033938 0.000739 0.073926
0 0 0.730485 0.141214 0.044321 0.000895 0.083086
0 0 0.745090 0.135276 0.039476 0.000570 0.079588
0 0 0.790442 0.110780 0.028975 0.000451 0.069353
0 0 0.832461 0.086834 0.020976 0.000502 0.059226
0 0 0.765081 0.119454 0.037578 0.001634 0.076254
0 0 0.650726 0.169000 0.074184 0.006855 0.099234
0 0 0.764750 0.119609 0.037669 0.001642 0.076331
0 0 0.839327 0.083392 0.019513 0.000434 0.057334
0 0 0.849912 0.078045 0.017343 0.000343 0.054357
0 0 0.763698 0.120099 0.037959 0.001668 0.076575
0 0 0.819886 0.093087 0.023770 0.000644 0.062613
0 0 0.762404 0.120703 0.038318 0.001700 0.076875
0 0 0.690259 0.152808 0.060417 0.004407 0.092110
0 0 0.572394 0.197618 0.104522 0.014728 0.110738
0 0 0.547900 0.205489 0.114739 0.018279 0.113594
0 0 0.686262 0.154493 0.061758 0.004618 0.092869
0 0 0.832883 0.086623 0.020885 0.000497 0.059111
0 0 0.848777 0.079077 0.017671 0.000296 0.054179
0 0 0.853698 0.071359 0.034397 0.000648 0.039898
0 0 0.879585 0.062817 0.011841 0.000162 0.045595
0 0 0.845417 0.080321 0.018252 0.000380 0.055630
0 1 0.604486 0.186495 0.091635 0.010930 0.106453
0 1 0.469769 0.226513 0.149095 0.034467 0.120155
0 1 0.857122 0.074376 0.015927 0.000290 0.052285
0 0 0.852763 0.076596 0.016777 0.000321 0.053542
0 0 0.841107 0.082496 0.019141 0.000418 0.056839
0 0 0.772874 0.119740 0.033230 0.000571 0.073584
0 0 0.676262 0.146622 0.102260 0.003772 0.071085
0 0 0.590753 0.168331 0.152727 0.010618 0.077572
0 0 0.622917 0.149039 0.145211 0.013017 0.069816
0 0 0.560010 0.169175 0.170628 0.021338 0.078848
0 0 0.555721 0.127549 0.245128 0.022286 0.049316
0 0 0.663534 0.123893 0.148502 0.009591 0.054480
0 0 0.596058 0.128440 0.206502 0.016849 0.052151
0 0 0.600522 0.115566 0.223607 0.015864 0.044441
0 0 0.573831 0.117257 0.245635 0.019129 0.044148
0 0 0.566534 0.112428 0.260249 0.019656 0.041133
0 0 0.649587 0.117819 0.172725 0.010941 0.048928
0 0 0.709576 0.107894 0.129015 0.006234 0.047282
0 0 0.810775 0.091024 0.046501 0.001337 0.050364
0 0 0.870030 0.067755 0.013695 0.000213 0.048307
0 1 0.837970 0.084074 0.019799 0.000447 0.057711
0 1 0.784334 0.110362 0.032432 0.001208 0.071663
0 1 0.623423 0.139083 0.162212 0.013430 0.061852
0 0 0.558285 0.144304 0.214843 0.022477 0.060090
0 0 0.547536 0.156145 0.204532 0.024249 0.067538
0 0 0.544086 0.168402 0.186643 0.024400 0.076470
0 0 0.484847 0.181885 0.214739 0.037079 0.081450
0 0 0.547149 0.184798 0.154889 0.022229 0.090936
0 0 0.518078 0.143886 0.251083 0.029571 0.057381
0 0 0.470128 0.125109 0.322781 0.037322 0.044658
2 0 0.316598 0.082114 0.515276 0.063196 0.022815
2 0 0.323532 0.091480 0.491427 0.066961 0.026599
0 0 0.461967 0.109366 0.356377 0.035819 0.036472
0 0 0.539790 0.135550 0.246061 0.025245 0.053353
0 0 0.489110 0.138699 0.284227 0.035073 0.052890
0 0 0.682221 0.123452 0.130147 0.007932 0.056247
0 0 0.750958 0.099000 0.100871 0.003917 0.045254
0 0 0.783134 0.091030 0.080008 0.002560 0.043268
0 0 0.710896 0.127471 0.093928 0.004481 0.063224
0 0 0.429578 0.219063 0.260301 0.008184 0.082874
0 1 0.330539 0.245636 0.318440 0.015018 0.090367
2 1 0.252358 0.260744 0.394091 0.008962 0.083845
1 1 0.247514 0.341251 0.252775 0.004898 0.153562
1 1 0.230761 0.344738 0.287889 0.007728 0.128884
2 1 0.114484 0.363850 0.402956 0.006582 0.112128
2 1 0.088347 0.358679 0.441781 0.006873 0.104321
2 1 0.021451 0.210601 0.722104 0.006022 0.039823
2 2 0.015363 0.147957 0.805099 0.006987 0.024594
2 2 0.004821 0.083125 0.892343 0.006213 0.013498
2 2 0.004899 0.095642 0.864219 0.005511 0.029729
2 2 0.004228 0.093502 0.867570 0.004247 0.030453
2 2 0.003243 0.085105 0.878951 0.003486 0.029215
2 2 0.003283 0.082998 0.884889 0.003102 0.025729
2 2 0.002189 0.076411 0.887704 0.002829 0.030867
2 2 0.001937 0.074505 0.890589 0.002447 0.030523
2 2 0.001115 0.051012 0.928980 0.002108 0.016786
2 2 0.001075 0.046276 0.936504 0.002382 0.013763
2 2 0.001120 0.045052 0.940678 0.002551 0.010599
2 2 0.001441 0.054206 0.928958 0.002620 0.012775
2 2 0.001243 0.044342 0.943608 0.002926 0.007881
2 2 0.000955 0.033709 0.957847 0.003104 0.004384
2 2 0.000807 0.028338 0.963039 0.003505 0.004311
2 2 0.000528 0.024256 0.963761 0.002951 0.008504
2 2 0.000389 0.016130 0.972991 0.004858 0.005631
2 2 0.000266 0.009771 0.982557 0.005587 0.001819
2 2 0.000247 0.008476 0.983697 0.006258 0.001322
2 3 0.000161 0.004538 0.982439 0.012305 0.000557
2 3 0.000177 0.004302 0.970710 0.023970 0.000841
2 3 0.000152 0.003161 0.944224 0.051637 0.000826
2 3 0.000187 0.003742 0.933253 0.061449 0.001369
2 3 0.000218 0.004203 0.931692 0.062194 0.001693
2 3 0.000188 0.003614 0.924056 0.070680 0.001463
2 3 0.000177 0.003177 0.918058 0.077584 0.001004
2 3 0.000187 0.003270 0.934245 0.061601 0.000697
2 3 0.000260 0.004102 0.907029 0.087263 0.001346
2 3 0.000208 0.003100 0.865564 0.129982 0.001146
2 3 0.000226 0.003053 0.760684 0.233863 0.002173
2 3 0.000188 0.002690 0.752618 0.242453 0.002051
2 3 0.000277 0.003831 0.795440 0.197894 0.002558
2 3 0.000288 0.003648 0.773361 0.220565 0.002137
2 3 0.000322 0.003735 0.792437 0.202072 0.001434
2 3 0.000302 0.004135 0.882964 0.111512 0.001087
2 3 0.000460 0.004537 0.548768 0.436962 0.009273
2 3 0.000455 0.004623 0.601315 0.386656 0.006952
2 3 0.000331 0.003423 0.603863 0.388410 0.003974
2 3 0.000404 0.003468 0.556688 0.435666 0.003775
2 3 0.000466 0.003597 0.564882 0.427840 0.003216
2 3 0.000328 0.002640 0.547702 0.447067 0.002263
2 3 0.000292 0.002590 0.645190 0.350409 0.001519
2 3 0.000236 0.002377 0.701543 0.294689 0.001155
2 3 0.000213 0.002360 0.746718 0.249741 0.000968
2 3 0.000284 0.003359 0.783427 0.211415 0.001515
2 3 0.000294 0.003499 0.718922 0.274654 0.002632
2 3 0.000295 0.003375 0.688741 0.305116 0.002473
2 3 0.000293 0.003242 0.666839 0.327342 0.002284
2 3 0.000351 0.003007 0.554169 0.440131 0.002342
3 3 0.000330 0.002561 0.482639 0.512135 0.002334
3 3 0.000241 0.001528 0.358685 0.638220 0.001326
3 3 0.000287 0.001884 0.374065 0.621918 0.001845
3 3 0.000283 0.001824 0.358384 0.637733 0.001776
3 3 0.000334 0.002330 0.386657 0.607759 0.002920
3 3 0.000432 0.002617 0.392633 0.601623 0.002696
3 3 0.000701 0.004285 0.401542 0.587385 0.006087
3 3 0.000473 0.003404 0.455580 0.536580 0.003963
3 3 0.000378 0.002654 0.417821 0.576042 0.003105
3 3 0.000268 0.001914 0.386636 0.609230 0.001952
3 3 0.000225 0.001454 0.333119 0.663856 0.001346
3 3 0.000348 0.001994 0.328916 0.666846 0.001895
3 3 0.000483 0.002510 0.348509 0.646360 0.002138
3 3 0.000533 0.003178 0.416298 0.576997 0.002995
2 3 0.000549 0.003866 0.518213 0.473879 0.003493
2 3 0.000467 0.003791 0.603960 0.389057 0.002725
2 3 0.000373 0.003338 0.645468 0.348804 0.002018
2 3 0.000354 0.003556 0.690540 0.303381 0.002169
2 3 0.000507 0.004863 0.710584 0.280812 0.003234
2 3 0.000420 0.003904 0.643422 0.348902 0.003352
2 3 0.000399 0.003045 0.518132 0.475486 0.002937
3 3 0.000408 0.002374 0.368597 0.626083 0.002538
3 3 0.000620 0.003263 0.336185 0.655472 0.004461
3 3 0.000805 0.004024 0.323134 0.665581 0.006457
3 3 0.000619 0.003549 0.313692 0.674621 0.007519
3 3 0.000474 0.002839 0.333361 0.658577 0.004748
3 3 0.000286 0.002418 0.390400 0.601801 0.005096
2 3 0.001210 0.007224 0.513016 0.467539 0.011011
2 3 0.002885 0.015504 0.681663 0.283965 0.015983
2 3 0.005635 0.027127 0.860843 0.096122 0.010272
2 3 0.008347 0.034410 0.861631 0.087302 0.008309
2 2 0.008493 0.041887 0.880758 0.062919 0.005943
2 3 0.005856 0.041353 0.915018 0.032491 0.005282
2 3 0.002272 0.026810 0.949672 0.018534 0.002712
2 2 0.001924 0.022769 0.956171 0.016962 0.002175
2 2 0.001725 0.018328 0.961398 0.016893 0.001657
2 2 0.002637 0.023128 0.959452 0.012559 0.002225
2 2 0.005242 0.032085 0.946077 0.013057 0.003540
2 2 0.005001 0.032179 0.948701 0.010643 0.003476
2 2 0.008386 0.046910 0.929893 0.009113 0.005697
2 2 0.003727 0.031041 0.953692 0.008370 0.003170
2 2 0.003148 0.030413 0.955908 0.007517 0.003015
2 2 0.001400 0.020111 0.969835 0.006970 0.001684
2 2 0.000759 0.015149 0.977020 0.005956 0.001116
2 2 0.000544 0.013680 0.978625 0.006192 0.000959
2 2 0.000827 0.017140 0.974169 0.006549 0.001315
2 2 0.000441 0.012788 0.980554 0.005360 0.000857
2 2 0.000514 0.014170 0.978670 0.005658 0.000988
2 2 0.000607 0.015963 0.976356 0.005911 0.001162
2 2 0.000575 0.014346 0.977357 0.006694 0.001028
2 2 0.000577 0.015626 0.977013 0.005660 0.001123
2 2 0.000426 0.013410 0.980688 0.004584 0.000893
2 2 0.000255 0.009416 0.985897 0.003884 0.000549
2 2 0.000329 0.009712 0.983683 0.005674 0.000602
2 2 0.000656 0.015062 0.975566 0.007602 0.001115
2 2 0.000273 0.007242 0.984588 0.007472 0.000426
2 2 0.000288 0.006764 0.983117 0.009429 0.000402
2 2 0.000241 0.005957 0.984515 0.008949 0.000338
2 2 0.000276 0.006964 0.984102 0.008248 0.000410
2 2 0.000339 0.009439 0.983316 0.006318 0.000589
2 2 0.000196 0.005962 0.987275 0.006245 0.000322
2 2 0.000282 0.007756 0.984616 0.006885 0.000460
2 3 0.000322 0.009063 0.983755 0.006302 0.000558
2 3 0.000211 0.005902 0.986282 0.007280 0.000324
2 3 0.000213 0.005891 0.986131 0.007440 0.000325
2 3 0.000210 0.005387 0.985450 0.008659 0.000295
2 3 0.000602 0.009420 0.972340 0.016964 0.000674
2 3 0.002599 0.019436 0.945082 0.030931 0.001952
2 3 0.002716 0.019757 0.950922 0.024647 0.001958
2 3 0.002242 0.022424 0.958019 0.015169 0.002145
2 3 0.001583 0.018981 0.956377 0.021310 0.001749
2 2 0.002376 0.030103 0.943120 0.019080 0.005321
2 2 0.001027 0.020624 0.960923 0.011719 0.005707
2 2 0.000510 0.014557 0.962903 0.013422 0.008608
2 2 0.000397 0.014055 0.972222 0.006795 0.006531
2 2 0.000457 0.012930 0.974552 0.008181 0.003880
2 2 0.000337 0.010945 0.980553 0.006130 0.002036
2 2 0.000289 0.008418 0.982796 0.007405 0.001092
2 2 0.000324 0.009443 0.982334 0.006835 0.001064
2 2 0.000518 0.014611 0.976267 0.006500 0.002104
2 2 0.000596 0.018439 0.972480 0.005312 0.003173
2 2 0.000512 0.018605 0.973202 0.004152 0.003529
2 2 0.000617 0.021555 0.969756 0.004143 0.003929
2 2 0.000552 0.017317 0.975199 0.004856 0.002077
2 2 0.000714 0.019849 0.972055 0.005378 0.002004
2 2 0.000706 0.018378 0.972952 0.006153 0.001810
2 2 0.000315 0.013293 0.975068 0.006765 0.004559
2 2 0.000424 0.014745 0.968632 0.010040 0.006159
2 2 0.000361 0.012328 0.968062 0.013316 0.005932
2 3 0.000386 0.011344 0.955789 0.025286 0.007195
2 3 0.000451 0.010072 0.933271 0.049600 0.006606
2 3 0.000479 0.008587 0.905517 0.079986 0.005431
2 3 0.000538 0.008001 0.887101 0.099897 0.004462
2 3 0.000438 0.006336 0.863393 0.126051 0.003782
2 3 0.000367 0.005460 0.798156 0.190540 0.005477
2 3 0.000389 0.005043 0.735706 0.253513 0.005349
2 3 0.000568 0.006110 0.732827 0.254895 0.005600
2 3 0.000769 0.006889 0.793785 0.195177 0.003380
2 3 0.000721 0.007146 0.893024 0.097018 0.002091
2 3 0.001003 0.009029 0.930299 0.058091 0.001578
2 2 0.002715 0.015890 0.914991 0.063732 0.002672
2 2 0.003416 0.024964 0.929802 0.037295 0.004524
2 2 0.005053 0.051880 0.914015 0.014618 0.014433
2 2 0.003373 0.056070 0.914479 0.010395 0.015683
2 2 0.004477 0.070019 0.889193 0.010917 0.025393
2 2 0.001607 0.043356 0.930162 0.005855 0.019019
2 2 0.000223 0.010068 0.983880 0.003765 0.002065
2 2 0.000190 0.007442 0.986511 0.004822 0.001035
2 2 0.000232 0.008744 0.985344 0.004649 0.001032
2 2 0.000246 0.009577 0.984232 0.004524 0.001420
2 2 0.000285 0.011923 0.981959 0.003803 0.002030
2 2 0.000491 0.018623 0.971800 0.004209 0.004877
2 2 0.000613 0.023052 0.964085 0.004199 0.008051
2 2 0.000489 0.019865 0.969319 0.003856 0.006471
2 2 0.000373 0.017887 0.972216 0.003130 0.006394
2 2 0.000363 0.018162 0.972783 0.002825 0.005866
2 2 0.000317 0.018272 0.972780 0.002272 0.006359
2 2 0.000134 0.008736 0.987158 0.002158 0.001814
2 2 0.000122 0.007264 0.988758 0.002587 0.001268
2 2 0.000106 0.005416 0.990541 0.003328 0.000610
2 2 0.000097 0.004744 0.991125 0.003584 0.000450
2 2 0.000145 0.004962 0.988335 0.006146 0.000412
2 2 0.000124 0.004058 0.988295 0.007184 0.000339
2 2 0.000341 0.008332 0.981166 0.009328 0.000832
2 1 0.005753 0.035232 0.924092 0.026255 0.008668
2 2 0.008213 0.054529 0.899243 0.017771 0.020244
2 2 0.000418 0.020874 0.966484 0.002900 0.009324
2 2 0.000417 0.025026 0.958256 0.002095 0.014206
2 2 0.000538 0.036050 0.929556 0.001649 0.032207
2 2 0.000592 0.046654 0.877718 0.001224 0.073812
2 2 0.001047 0.076989 0.719865 0.000865 0.201234
2 2 0.001351 0.086667 0.552448 0.000867 0.358667
4 2 0.002642 0.107335 0.284385 0.000557 0.605080
4 2 0.004473 0.058427 0.053804 0.000287 0.883010
4 4 0.007142 0.034718 0.027762 0.000690 0.929688
4 4 0.009175 0.018785 0.012469 0.000911 0.958660
4 4 0.012223 0.015273 0.010696 0.002595 0.959213
4 4 0.014343 0.021205 0.014852 0.002364 0.947237
4 4 0.019197 0.038176 0.025280 0.001496 0.915851
4 4 0.023441 0.060948 0.036163 0.000716 0.878732
4 4 0.047792 0.166767 0.113729 0.001479 0.670232
4 4 0.031221 0.196401 0.152490 0.001070 0.618818
4 4 0.012433 0.218321 0.243618 0.000739 0.524889
4 4 0.009376 0.218167 0.254888 0.000462 0.517107
4 4 0.011173 0.181478 0.171351 0.000360 0.635637
4 4 0.040745 0.181815 0.120142 0.000891 0.656408
4 4 0.027502 0.024571 0.013000 0.001439 0.933488
4 4 0.022354 0.017442 0.009738 0.001647 0.948819
4 4 0.023400 0.013781 0.007584 0.001714 0.953522
4 4 0.025938 0.009811 0.004590 0.000937 0.958724
4 4 0.025892 0.007238 0.002987 0.000544 0.963340
4 4 0.028695 0.005765 0.002404 0.000677 0.962459
4 4 0.026349 0.006497 0.003392 0.001824 0.961938
4 4 0.026303 0.003970 0.001874 0.001256 0.966598
4 4 0.025816 0.004527 0.002305 0.001731 0.965621
4 4 0.020738 0.005238 0.002552 0.001060 0.970412
4 4 0.021979 0.005137 0.002377 0.000879 0.969629
4 4 0.026852 0.006278 0.002716 0.000741 0.963414
4 4 0.030031 0.006413 0.002336 0.000355 0.960865
4 4 0.032294 0.006784 0.002186 0.000206 0.958531
4 4 0.034567 0.005194 0.001393 0.000096 0.958750
4 4 0.071620 0.011227 0.003551 0.000384 0.913218
4 1 0.145274 0.050567 0.022384 0.002853 0.778922
4 1 0.118081 0.071349 0.034580 0.003268 0.772721
4 1 0.157495 0.177634 0.112058 0.001726 0.551087
4 1 0.095735 0.231690 0.292300 0.003851 0.376424
2 1 0.017562 0.308123 0.563268 0.002755 0.108291
2 1 0.013596 0.272842 0.619223 0.002591 0.091747
2 2 0.006552 0.186091 0.725947 0.002209 0.079201
2 2 0.003377 0.132308 0.798550 0.001725 0.064040
2 2 0.002255 0.108553 0.820831 0.001455 0.066907
2 2 0.002161 0.115552 0.800850 0.001190 0.080247
2 2 0.001648 0.097363 0.846148 0.001090 0.053751
2 2 0.001985 0.107666 0.827179 0.001186 0.061984
2 2 0.001370 0.082650 0.872709 0.001142 0.042128
2 2 0.001158 0.070024 0.887944 0.001274 0.039600
2 2 0.000971 0.059705 0.897253 0.001398 0.040673
2 2 0.000762 0.049895 0.913384 0.001385 0.034575
2 2 0.000438 0.035553 0.938142 0.001140 0.024728
2 2 0.000335 0.031416 0.943979 0.000958 0.023312
2 2 0.000445 0.043276 0.905626 0.000849 0.049803
2 2 0.000373 0.039736 0.910704 0.000849 0.048337
2 2 0.000492 0.048677 0.884190 0.000898 0.065743
2 2 0.000793 0.069592 0.831085 0.000793 0.097737
2 2 0.000779 0.075772 0.808505 0.000634 0.114310
2 2 0.000710 0.073978 0.809096 0.000577 0.115640
2 2 0.000342 0.036414 0.911101 0.001020 0.051123
2 2 0.000419 0.044475 0.900618 0.000732 0.053756
2 2 0.000693 0.067598 0.827879 0.000682 0.103149
2 2 0.000800 0.077137 0.786190 0.000640 0.135233
2 2 0.000836 0.078422 0.741897 0.000754 0.178092
2 2 0.000527 0.059333 0.862888 0.000570 0.076681
2 2 0.000346 0.038476 0.923259 0.000744 0.037174
2 2 0.000366 0.034427 0.940294 0.000905 0.024008
2 2 0.000244 0.024446 0.961095 0.000892 0.013324
2 2 0.000261 0.022278 0.966503 0.001151 0.009807
2 2 0.000289 0.021082 0.969717 0.001450 0.007462
2 2 0.000397 0.023122 0.968075 0.001914 0.006492
2 2 0.000450 0.023452 0.968978 0.002140 0.004980
2 2 0.000462 0.020885 0.972035 0.002746 0.003872
2 2 0.000361 0.016152 0.978791 0.002765 0.001930
2 2 0.000330 0.013288 0.981081 0.003616 0.001685
2 2 0.000280 0.012229 0.982216 0.003419 0.001856
2 2 0.003513 0.045322 0.918516 0.013673 0.018976
2 1 0.013143 0.086031 0.832689 0.010781 0.057357
2 1 0.027068 0.144831 0.675741 0.007532 0.144829
4 1 0.022241 0.051332 0.109242 0.016746 0.800439
4 1 0.031418 0.050741 0.104696 0.019970 0.793175
4 1 0.020524 0.058036 0.136836 0.012063 0.772540
4 1 0.015711 0.058047 0.176823 0.023018 0.726402
4 1 0.011546 0.063581 0.172175 0.012925 0.739773
4 1 0.008172 0.070155 0.237366 0.016700 0.667606
4 1 0.006384 0.080682 0.297849 0.013000 0.602085
4 2 0.007434 0.077730 0.253961 0.014652 0.646223
4 2 0.008467 0.079203 0.220179 0.007633 0.684519
4 2 0.008765 0.059735 0.135647 0.004862 0.790991
4 2 0.007816 0.057328 0.107548 0.002304 0.825004
4 2 0.006533 0.048039 0.101741 0.004032 0.839656
4 2 0.008575 0.048204 0.090622 0.003956 0.848644
4 2 0.006718 0.045863 0.126746 0.006728 0.813945
4 2 0.005679 0.049250 0.202511 0.009939 0.732621
4 2 0.006822 0.045560 0.155873 0.008082 0.783664
4 2 0.006867 0.047625 0.232255 0.023520 0.689732
4 2 0.007934 0.039287 0.168134 0.029006 0.755638
4 2 0.006327 0.037543 0.249251 0.086842 0.620036
4 2 0.007369 0.031518 0.185022 0.108176 0.667914
4 2 0.008003 0.031947 0.175461 0.167065 0.617525
4 2 0.013528 0.041101 0.213038 0.148378 0.583955
4 2 0.013406 0.031293 0.191221 0.292238 0.471842
4 2 0.012277 0.023012 0.114264 0.349981 0.500466
4 3 0.009955 0.018950 0.090352 0.416489 0.464254
4 3 0.006361 0.016879 0.102497 0.404180 0.470083
4 3 0.004184 0.015472 0.119690 0.390183 0.470471
3 3 0.002456 0.012057 0.139486 0.499983 0.346017
3 3 0.002121 0.008220 0.099714 0.691641 0.198303
3 3 0.003037 0.009271 0.091881 0.681551 0.214261
3 3 0.003097 0.006850 0.061025 0.727985 0.201042
3 3 0.003647 0.007499 0.062487 0.654743 0.271625
3 3 0.003053 0.006575 0.061332 0.650809 0.278230
3 3 0.005098 0.009044 0.063955 0.512370 0.409532
3 3 0.003804 0.007825 0.065980 0.602498 0.319893
3 3 0.006906 0.010003 0.058239 0.494575 0.430277
4 3 0.009016 0.012532 0.050242 0.321392 0.606818
4 3 0.009557 0.011030 0.041164 0.344910 0.593339
3 3 0.006075 0.007736 0.040515 0.552709 0.392965
4 3 0.012076 0.012979 0.048993 0.372308 0.553643
4 3 0.015926 0.011241 0.026107 0.246058 0.700669
3 3 0.010414 0.011591 0.045504 0.469996 0.462496
3 3 0.008608 0.009981 0.042590 0.536534 0.402286
3 3 0.007343 0.009717 0.039278 0.543856 0.399806
4 3 0.008658 0.009229 0.029253 0.444018 0.508842
3 3 0.006517 0.008472 0.028943 0.499089 0.456979
3 3 0.005092 0.008943 0.045131 0.626414 0.314420
3 3 0.009996 0.014452 0.064712 0.589003 0.321838
3 3 0.013626 0.021328 0.109825 0.515455 0.339766
3 3 0.015827 0.020216 0.124767 0.537919 0.301271
3 3 0.010239 0.014677 0.121255 0.680390 0.173439
3 3 0.009034 0.013220 0.115569 0.704826 0.157351
3 3 0.008383 0.012964 0.099684 0.691057 0.187911
3 3 0.007840 0.013239 0.076889 0.590105 0.311927
3 3 0.006189 0.009372 0.055221 0.669202 0.260016
3 3 0.006529 0.008814 0.044303 0.626704 0.313650
3 3 0.004549 0.006679 0.039887 0.718535 0.230350
3 3 0.005510 0.008888 0.056096 0.699261 0.230244
3 3 0.005035 0.009813 0.067660 0.670017 0.247476
3 3 0.006525 0.012142 0.086922 0.627116 0.267295
3 3 0.004292 0.008264 0.076204 0.702281 0.208960
3 3 0.002397 0.004981 0.057112 0.795223 0.140286
3 3 0.001323 0.003126 0.051643 0.882215 0.061692
3 3 0.001555 0.003754 0.054021 0.853569 0.087100
3 3 0.003623 0.011616 0.166587 0.683717 0.134457
3 3 0.003880 0.014144 0.209449 0.625568 0.146958
3 3 0.006566 0.020491 0.254887 0.552970 0.165086
3 3 0.004771 0.016207 0.227471 0.599420 0.152131
3 3 0.007903 0.019766 0.162929 0.502584 0.306818
3 3 0.005133 0.011415 0.099229 0.669940 0.214283
3 3 0.005590 0.010815 0.070589 0.587426 0.325580
3 3 0.005890 0.010644 0.057915 0.543470 0.382080
3 3 0.006238 0.010305 0.049414 0.512360 0.421683
4 3 0.014300 0.017420 0.061035 0.338851 0.568393
4 3 0.074829 0.043865 0.082004 0.119620 0.679682
4 1 0.215351 0.096302 0.150607 0.031530 0.506211
4 1 0.241050 0.134633 0.154868 0.010459 0.458991
2 2 0.095719 0.157244 0.491405 0.021389 0.234242
2 2 0.056163 0.189930 0.572174 0.020470 0.161264
2 2 0.042999 0.222479 0.553692 0.011189 0.169640
2 2 0.001812 0.028930 0.948597 0.011306 0.009355
2 2 0.001948 0.038604 0.932808 0.009644 0.016996
2 2 0.004334 0.085057 0.831645 0.005659 0.073305
2 2 0.001838 0.065879 0.877643 0.003343 0.051297
2 2 0.000770 0.055014 0.860718 0.001537 0.081962
2 2 0.000530 0.043947 0.900606 0.001331 0.053585
2 2 0.000419 0.042252 0.895323 0.000958 0.061048
2 2 0.000362 0.035584 0.914415 0.001138 0.048501
2 2 0.000251 0.026212 0.925733 0.001633 0.046171
2 2 0.000255 0.026701 0.932304 0.001584 0.039155
2 2 0.000184 0.021781 0.945016 0.001521 0.031498
2 2 0.000154 0.020918 0.953683 0.001008 0.024236
2 2 0.000169 0.020909 0.946434 0.001380 0.031108
2 2 0.000189 0.023802 0.940317 0.001132 0.034561
2 2 0.000170 0.019748 0.947811 0.001749 0.030523
2 2 0.000250 0.024936 0.925873 0.002299 0.046642
2 2 0.000350 0.033908 0.881902 0.001990 0.081850
2 2 0.000290 0.034032 0.886706 0.001195 0.077778
2 2 0.000207 0.025570 0.915567 0.001322 0.057333
2 2 0.000234 0.026886 0.914981 0.001376 0.056523
2 2 0.000165 0.017254 0.957927 0.002038 0.022615
2 2 0.000156 0.016099 0.947535 0.003055 0.033155
2 2 0.000109 0.010518 0.949280 0.007857 0.032237
2 2 0.000115 0.011589 0.940361 0.007319 0.040616
2 2 0.000165 0.015236 0.899745 0.008493 0.076361
2 2 0.000159 0.016564 0.900189 0.005639 0.077448
2 2 0.000238 0.025615 0.827695 0.003634 0.142819
2 2 0.000370 0.036333 0.741000 0.002934 0.219363
2 2 0.000528 0.046918 0.691309 0.002737 0.258507
2 2 0.000667 0.057789 0.628422 0.002165 0.310956
2 2 0.001009 0.073638 0.541552 0.001948 0.381853
4 2 0.001157 0.079068 0.418581 0.001564 0.499629
4 2 0.001357 0.086843 0.374866 0.001307 0.535627
4 2 0.001616 0.084611 0.285536 0.000863 0.627373
4 2 0.002228 0.077926 0.176302 0.000667 0.742878
4 2 0.003077 0.061024 0.078343 0.000391 0.857164
4 2 0.004181 0.047458 0.050493 0.000704 0.897164
4 2 0.005053 0.052990 0.054594 0.000711 0.886652
4 2 0.006253 0.065324 0.069976 0.000932 0.857516
4 1 0.027061 0.106708 0.074259 0.001206 0.790766
2 2 0.007849 0.178397 0.721799 0.001570 0.090385
2 1 0.006759 0.144966 0.773248 0.002348 0.072679
2 2 0.001839 0.081748 0.872801 0.001862 0.041751
2 2 0.000937 0.055188 0.905479 0.001559 0.036838
2 2 0.000980 0.059392 0.891893 0.001475 0.046259
2 2 0.000714 0.042299 0.927443 0.001753 0.027790
2 2 0.000844 0.043106 0.929730 0.002149 0.024170
2 2 0.000652 0.032413 0.952126 0.002340 0.012470
2 2 0.001486 0.060701 0.909176 0.002490 0.026147
2 2 0.002080 0.076512 0.888774 0.002576 0.030057
2 2 0.003263 0.106502 0.850570 0.002336 0.037330
2 2 0.002822 0.101864 0.867013 0.002068 0.026233
2 2 0.002220 0.089796 0.883096 0.001835 0.023054
2 2 0.002024 0.092098 0.875791 0.001551 0.028537
2 2 0.001478 0.073164 0.899846 0.001545 0.023968
2 2 0.001310 0.067215 0.906937 0.001535 0.023003
2 2 0.000796 0.048859 0.936940 0.001231 0.012174
2 2 0.000879 0.055549 0.928154 0.001114 0.014305
2 2 0.000751 0.048772 0.934499 0.001177 0.014801
2 2 0.000391 0.028394 0.960910 0.001254 0.009050
2 2 0.000423 0.019951 0.973658 0.002553 0.003415
2 2 0.000470 0.020161 0.974139 0.002737 0.002493
2 2 0.000518 0.023130 0.971642 0.002311 0.002399
2 2 0.000565 0.026174 0.967877 0.002165 0.003219
2 2 0.000679 0.028908 0.964269 0.002418 0.003726
2 2 0.000718 0.027464 0.965693 0.002888 0.003237
2 2 0.000945 0.031723 0.960353 0.003349 0.003631
2 2 0.000616 0.019191 0.974594 0.004169 0.001431
2 2 0.000514 0.017888 0.976276 0.003733 0.001590
2 2 0.000454 0.018152 0.975772 0.003251 0.002370
2 2 0.000403 0.019006 0.974243 0.002686 0.003662
2 2 0.000211 0.010863 0.984625 0.002704 0.001597
2 2 0.000526 0.013159 0.978094 0.007143 0.001078
2 2 0.001252 0.022271 0.964105 0.010399 0.001973
2 1 0.001154 0.023653 0.965192 0.007968 0.002033
2 2 0.020770 0.074203 0.879631 0.014044 0.011352
2 0 0.063404 0.113846 0.769234 0.023405 0.030111
2 0 0.152142 0.172433 0.589057 0.022355 0.064013
2 1 0.266071 0.265051 0.324741 0.016066 0.128071
2 0 0.285423 0.221041 0.392045 0.025562 0.075930
2 0 0.190854 0.313701 0.387501 0.005200 0.102744
2 1 0.030015 0.145003 0.791660 0.007454 0.025868
2 1 0.019317 0.135175 0.812640 0.009770 0.023098
2 0 0.057587 0.247824 0.630873 0.007125 0.056591
2 0 0.140409 0.316388 0.441667 0.007286 0.094250
2 1 0.125913 0.377758 0.377779 0.003471 0.115078
2 1 0.109112 0.376570 0.399824 0.003547 0.110948
2 0 0.130938 0.363537 0.387087 0.005299 0.113140
1 0 0.137395 0.378898 0.362977 0.003230 0.117500
1 0 0.129591 0.386765 0.365525 0.002223 0.115895
2 0 0.056795 0.376655 0.473413 0.001537 0.091600
2 1 0.037400 0.303614 0.590908 0.002624 0.065454
2 1 0.012114 0.198834 0.735624 0.002221 0.051207
2 2 0.002721 0.094929 0.863162 0.002286 0.036902
2 2 0.001295 0.065202 0.894023 0.001804 0.037676
2 2 0.000755 0.044618 0.930373 0.001621 0.022632
2 2 0.000845 0.045460 0.932198 0.001812 0.019684
2 2 0.000783 0.041451 0.941984 0.001828 0.013955
2 2 0.001096 0.053806 0.920434 0.001936 0.022729
2 2 0.001076 0.057841 0.915357 0.001602 0.024125
2 2 0.001913 0.100913 0.831821 0.001316 0.064037
2 2 0.001861 0.094602 0.849424 0.001427 0.052686
2 2 0.001612 0.087986 0.864502 0.001300 0.044599
2 2 0.001284 0.071313 0.896656 0.001361 0.029386
2 2 0.001091 0.058857 0.921471 0.001454 0.017126
2 2 0.000844 0.046160 0.941241 0.001491 0.010265
2 2 0.000646 0.034917 0.956914 0.001607 0.005915
2 2 0.000532 0.028149 0.965168 0.001783 0.004368
2 2 0.000761 0.039250 0.949536 0.001767 0.008685
2 2 0.000555 0.031207 0.959189 0.001715 0.007335
2 2 0.000492 0.030673 0.958907 0.001511 0.008416
2 2 0.000509 0.032395 0.956375 0.001440 0.009282
2 2 0.000598 0.036984 0.948765 0.001477 0.012176
2 2 0.000655 0.036805 0.949384 0.001711 0.011445
2 2 0.000383 0.024025 0.968444 0.001586 0.005562
2 2 0.000425 0.025838 0.966411 0.001604 0.005723
2 2 0.000402 0.025825 0.966591 0.001462 0.005721
2 2 0.000433 0.023925 0.968632 0.001923 0.005087
2 2 0.000217 0.014397 0.980985 0.001688 0.002714
2 2 0.000249 0.013902 0.981370 0.002204 0.002274
2 2 0.000488 0.032375 0.952714 0.001462 0.012961
2 2 0.000220 0.014749 0.977119 0.002514 0.005398
2 2 0.000136 0.011488 0.982818 0.001695 0.003863
2 2 0.000188 0.013489 0.977800 0.002374 0.006149
2 2 0.000186 0.013863 0.976557 0.002268 0.007127
2 2 0.000127 0.008455 0.984820 0.003520 0.003079
2 2 0.000094 0.006719 0.988560 0.002956 0.001671
2 2 0.000170 0.011190 0.982864 0.002510 0.003267
2 2 0.000132 0.008535 0.985923 0.003110 0.002300
2 2 0.000155 0.011432 0.981506 0.002318 0.004588
2 2 0.000116 0.007819 0.984293 0.004237 0.003534
2 2 0.000172 0.012465 0.978736 0.002589 0.006038
2 2 0.000328 0.020421 0.966482 0.002427 0.010341
2 2 0.000363 0.021990 0.967749 0.001954 0.007943
2 2 0.000264 0.017937 0.974488 0.001731 0.005580
2 2 0.000288 0.019476 0.972322 0.001660 0.006253
2 2 0.000335 0.021645 0.969425 0.001708 0.006887
2 2 0.000171 0.011573 0.981884 0.002601 0.003770
2 2 0.000156 0.011751 0.981745 0.002096 0.004252
2 2 0.000155 0.011882 0.979995 0.002357 0.005610
2 2 0.000166 0.012775 0.974172 0.003461 0.009425
2 2 0.000100 0.007267 0.983744 0.004985 0.003904
2 2 0.000130 0.007808 0.979979 0.007545 0.004538
2 2 0.000175 0.009760 0.976941 0.007210 0.005914
2 2 0.000111 0.006054 0.984435 0.007239 0.002161
2 2 0.000127 0.007058 0.981801 0.007600 0.003414
2 2 0.000124 0.006888 0.985545 0.005393 0.002050
2 2 0.000215 0.012853 0.978199 0.003449 0.005284
2 2 0.000340 0.019381 0.964618 0.003781 0.011880
2 2 0.000279 0.017186 0.966389 0.004020 0.012126
2 2 0.000449 0.023661 0.942261 0.006593 0.027036
2 2 0.000279 0.016259 0.961059 0.006754 0.015649
2 2 0.000318 0.015991 0.955943 0.010416 0.017332
2 2 0.000253 0.011865 0.957580 0.016532 0.013770
2 3 0.000232 0.009550 0.955441 0.024147 0.010630
2 3 0.000259 0.012311 0.952975 0.017178 0.017277
2 3 0.000133 0.007990 0.973946 0.010483 0.007448
2 3 0.000123 0.009528 0.973708 0.006003 0.010639
2 3 0.000109 0.008709 0.974886 0.006136 0.010160
2 3 0.000094 0.008411 0.975598 0.005543 0.010355
2 3 0.000246 0.014026 0.969240 0.005875 0.010614
2 3 0.000175 0.009844 0.974434 0.008255 0.007291
2 3 0.000314 0.014118 0.961758 0.011399 0.012410
2 3 0.000235 0.011428 0.969174 0.010921 0.008243
2 3 0.000258 0.011645 0.963664 0.014371 0.010062
2 3 0.000380 0.014324 0.954638 0.016853 0.013805
2 3 0.000389 0.017280 0.950737 0.010702 0.020892
2 3 0.000427 0.019068 0.949243 0.008956 0.022305
2 3 0.000285 0.015684 0.962948 0.005836 0.015247
2 2 0.000257 0.013345 0.967567 0.007467 0.011365
2 2 0.000252 0.015400 0.968570 0.004371 0.011407
2 2 0.000175 0.011755 0.976623 0.003848 0.007599
2 2 0.000084 0.005580 0.983291 0.007390 0.003655
2 2 0.000102 0.006261 0.980304 0.008560 0.004773
2 2 0.000100 0.006274 0.981626 0.007321 0.004679
2 2 0.000123 0.008441 0.979470 0.005099 0.006867
2 2 0.000117 0.008572 0.979046 0.004362 0.007903
2 2 0.000189 0.013820 0.965900 0.003506 0.016585
2 2 0.000226 0.020484 0.958613 0.001383 0.019294
2 2 0.000204 0.018318 0.969710 0.001226 0.010543
2 2 0.007826 0.072288 0.863246 0.009381 0.047259
2 2 0.013147 0.115890 0.765027 0.004820 0.101116
2 2 0.005545 0.091861 0.844445 0.002843 0.055306
2 2 0.005293 0.105529 0.837161 0.003647 0.048370
2 2 0.003899 0.107941 0.823264 0.003509 0.061387
2 2 0.002803 0.103762 0.828152 0.002315 0.062969
2 2 0.000452 0.041923 0.887083 0.001247 0.069295
2 2 0.001603 0.086211 0.588017 0.001873 0.322295
4 2 0.003683 0.084943 0.186652 0.000995 0.723726
4 4 0.005573 0.070146 0.075487 0.000609 0.848184
4 4 0.009033 0.057181 0.050698 0.000741 0.882348
4 4 0.013541 0.052216 0.037379 0.000653 0.896212
4 4 0.024585 0.044440 0.023697 0.000602 0.906675
4 4 0.036131 0.047490 0.022460 0.000635 0.893284
4 4 0.034795 0.031483 0.016096 0.001462 0.916165
4 4 0.034032 0.031255 0.017562 0.002281 0.914871
4 4 0.032651 0.034406 0.021278 0.003223 0.908442
4 4 0.032436 0.036220 0.020433 0.001937 0.908974
4 4 0.027023 0.050498 0.033545 0.002179 0.886755
4 4 0.017062 0.060846 0.048279 0.001767 0.872046
4 4 0.018622 0.020954 0.013644 0.002502 0.944279
4 4 0.017822 0.048408 0.041961 0.003895 0.887913
4 4 0.028896 0.064193 0.045298 0.002444 0.859169
4 4 0.029097 0.040579 0.026089 0.002758 0.901477
4 4 0.032169 0.053770 0.034823 0.002329 0.876908
4 4 0.030365 0.024436 0.014908 0.003240 0.927050
4 4 0.026289 0.012928 0.006828 0.001610 0.952345
4 4 0.016078 0.006775 0.003746 0.001413 0.971988
4 4 0.015191 0.006591 0.003634 0.001320 0.973264
4 4 0.011210 0.005531 0.003683 0.002538 0.977038
4 4 0.012605 0.005117 0.002792 0.001097 0.978389
4 4 0.012332 0.005536 0.003459 0.002051 0.976621
4 4 0.014736 0.004439 0.002308 0.001059 0.977458
4 4 0.012033 0.003598 0.002582 0.004432 0.977354
4 4 0.019225 0.004615 0.002727 0.002627 0.970806
4 4 0.035366 0.005072 0.002683 0.002842 0.954037
4 4 0.038069 0.006162 0.002904 0.001652 0.951213
4 4 0.046677 0.008162 0.003218 0.000789 0.941154
4 4 0.050682 0.019294 0.009411 0.001969 0.918645
4 4 0.041046 0.019489 0.009654 0.001693 0.928117
4 4 0.012593 0.236948 0.302289 0.001324 0.446846
2 4 0.010091 0.260191 0.397046 0.001336 0.331336
4 4 0.012430 0.244725 0.331141 0.001604 0.410101
4 4 0.015411 0.223149 0.243597 0.001034 0.516809
4 4 0.011085 0.168720 0.166251 0.000489 0.653455
4 4 0.012973 0.124768 0.100509 0.000373 0.761377
4 4 0.015967 0.123063 0.090631 0.000375 0.769964
4 4 0.028155 0.082550 0.045368 0.000465 0.843461
4 4 0.033471 0.082235 0.048424 0.000888 0.834982
4 4 0.020026 0.102381 0.083244 0.001118 0.793231
4 4 0.017632 0.112808 0.110415 0.001916 0.757228
4 4 0.018590 0.169776 0.182168 0.002054 0.627412
4 4 0.019404 0.212387 0.233413 0.001880 0.532917
4 4 0.012782 0.255429 0.361094 0.001808 0.368887
4 4 0.011534 0.243092 0.339278 0.001660 0.404437
4 4 0.016127 0.220104 0.238998 0.001166 0.523605
4 4 0.014853 0.122437 0.114116 0.001211 0.747382
4 4 0.011320 0.107307 0.112174 0.001508 0.767691
4 4 0.009036 0.098447 0.108542 0.001489 0.782486
4 4 0.010718 0.120598 0.133460 0.001566 0.733658
4 4 0.010888 0.236803 0.353852 0.000918 0.397539
2 4 0.008523 0.249502 0.423420 0.001045 0.317510
2 0 0.014752 0.290712 0.430791 0.001494 0.262250
2 1 0.012980 0.296137 0.512313 0.001817 0.176752
2 1 0.008672 0.276033 0.486394 0.001083 0.227818
2 2 0.005335 0.197924 0.629005 0.001450 0.166287
2 2 0.002754 0.119998 0.780920 0.001984 0.094345
2 2 0.001184 0.066622 0.884251 0.001906 0.046037
2 2 0.000748 0.053415 0.905220 0.001289 0.039328
2 2 0.000760 0.063263 0.877199 0.000869 0.057909
2 2 0.000555 0.052248 0.894853 0.000878 0.051467
2 2 0.000511 0.054121 0.883444 0.000770 0.061155
2 2 0.000611 0.057084 0.878507 0.000880 0.062918
2 2 0.001078 0.083005 0.775105 0.001008 0.139804
2 2 0.001154 0.086210 0.763490 0.000989 0.148157
2 2 0.000872 0.073871 0.798561 0.000919 0.125778
2 2 0.001330 0.102307 0.733391 0.000745 0.162227
2 2 0.001476 0.108483 0.750540 0.000767 0.138733
2 2 0.001420 0.115914 0.725076 0.000609 0.156980
2 2 0.001360 0.118292 0.690222 0.000530 0.189596
2 2 0.000667 0.076469 0.806931 0.000479 0.115454
2 2 0.000851 0.087671 0.779588 0.000519 0.131371
2 2 0.000843 0.088357 0.773663 0.000501 0.136636
2 2 0.000823 0.088006 0.777598 0.000486 0.133088
2 2 0.000629 0.077417 0.787786 0.000425 0.133743
2 2 0.000862 0.087931 0.745175 0.000525 0.165507
2 2 0.001176 0.101277 0.683256 0.000483 0.213808
2 2 0.001190 0.101149 0.727179 0.000635 0.169848
2 2 0.001093 0.094042 0.768755 0.000663 0.135446
2 2 0.001077 0.089334 0.802997 0.000724 0.105868
2 2 0.000624 0.062330 0.870077 0.000659 0.066311
2 2 0.000400 0.045724 0.907476 0.000629 0.045771
2 2 0.000346 0.042877 0.890864 0.000691 0.065223
2 2 0.000408 0.046179 0.851689 0.000923 0.100801
2 2 0.000390 0.047170 0.814905 0.000892 0.136643
2 2 0.000422 0.052269 0.790002 0.000793 0.156514
2 2 0.000411 0.050235 0.843267 0.000742 0.105345
2 2 0.000326 0.039263 0.869259 0.001123 0.090029
2 2 0.000204 0.023217 0.933735 0.001808 0.041036
2 2 0.000212 0.022864 0.932522 0.002032 0.042370
2 2 0.000117 0.014391 0.969185 0.001605 0.014702
2 2 0.000079 0.009511 0.976530 0.002619 0.011261
2 2 0.000081 0.009546 0.977491 0.002370 0.010512
2 2 0.000071 0.007616 0.979142 0.003914 0.009258
2 2 0.000082 0.010235 0.966819 0.003221 0.019643
2 2 0.000069 0.009238 0.973878 0.002741 0.014074
2 2 0.000086 0.010539 0.960576 0.004111 0.024688
2 2 0.000110 0.011011 0.960255 0.005894 0.022731
2 3 0.000113 0.010385 0.957313 0.008653 0.023535
2 3 0.000142 0.011273 0.956318 0.009903 0.022364
2 3 0.000118 0.007638 0.964094 0.016940 0.011210
2 3 0.000148 0.009079 0.958733 0.017110 0.014930
2 3 0.000144 0.009469 0.957610 0.015171 0.017606
2 3 0.000134 0.008177 0.952253 0.021117 0.018319
2 3 0.000129 0.008431 0.948106 0.020278 0.023056
2 3 0.000124 0.006230 0.931343 0.045170 0.017133
2 3 0.000117 0.007074 0.939949 0.030737 0.022122
2 3 0.000151 0.007693 0.942105 0.031870 0.018181
2 3 0.000149 0.007402 0.949428 0.028832 0.014189
2 3 0.000156 0.007516 0.948370 0.030173 0.013785
2 3 0.000310 0.011139 0.914299 0.049246 0.025006
2 3 0.000203 0.006765 0.915431 0.066746 0.010855
2 3 0.000179 0.005658 0.913553 0.073055 0.007556
2 3 0.000100 0.003382 0.914126 0.078776 0.003616
2 3 0.000089 0.003160 0.894396 0.097902 0.004452
2 3 0.000064 0.002157 0.859349 0.135584 0.002846
2 3 0.000104 0.003549 0.899383 0.092005 0.004960
2 3 0.000143 0.004947 0.923901 0.064118 0.006892
2 3 0.000151 0.006791 0.955967 0.027556 0.009535
2 3 0.000217 0.011314 0.956366 0.014247 0.017855
2 3 0.000404 0.021592 0.934520 0.007904 0.035580
2 3 0.000431 0.023146 0.939446 0.006723 0.030254
2 3 0.000344 0.020220 0.954071 0.005569 0.019796
2 3 0.000317 0.019061 0.960397 0.004830 0.015396
2 3 0.000261 0.013979 0.968823 0.007047 0.009889
2 3 0.000195 0.009366 0.969855 0.013201 0.007383
2 3 0.000155 0.005489 0.955196 0.035364 0.003796
2 3 0.000217 0.006816 0.947142 0.040585 0.005240
2 3 0.000310 0.008090 0.943549 0.042794 0.005257
2 3 0.000193 0.006033 0.956214 0.033707 0.003853
2 3 0.000394 0.012276 0.950473 0.026367 0.010489
2 3 0.000318 0.008020 0.939365 0.046301 0.005996
2 3 0.000257 0.006577 0.940128 0.049108 0.003930
2 3 0.000199 0.005223 0.921962 0.068879 0.003736
2 3 0.000202 0.004903 0.905032 0.086659 0.003204
2 3 0.000221 0.005535 0.898869 0.090916 0.004459
2 3 0.000260 0.006571 0.901918 0.084805 0.006446
2 3 0.000152 0.003830 0.863276 0.128753 0.003990
2 3 0.000208 0.004262 0.804672 0.185117 0.005741
2 3 0.000344 0.006282 0.825020 0.159607 0.008747
2 3 0.000587 0.009467 0.830681 0.144772 0.014493
2 3 0.000645 0.010439 0.861425 0.114411 0.013079
2 2 0.011203 0.056976 0.857551 0.045669 0.028601
2 2 0.030075 0.105952 0.771224 0.022979 0.069770
2 2 0.024887 0.153302 0.697382 0.007885 0.116544
2 2 0.018972 0.180493 0.686447 0.007274 0.106813
2 2 0.019703 0.257058 0.528706 0.004056 0.190477
2 2 0.012109 0.216763 0.644177 0.003125 0.123825
2 2 0.000818 0.048691 0.928223 0.001477 0.020791
2 2 0.000682 0.042631 0.930687 0.001549 0.024450
2 2 0.000615 0.020897 0.973462 0.003484 0.001541
2 2 0.000951 0.031416 0.960707 0.003429 0.003498
2 2 0.001750 0.055852 0.930456 0.003083 0.008858
2 2 0.001719 0.057035 0.930801 0.002748 0.007697
2 2 0.001628 0.051022 0.937643 0.003146 0.006561
2 2 0.001739 0.056521 0.932010 0.002790 0.006941
2 2 0.001284 0.042318 0.947768 0.003149 0.005481
2 2 0.000999 0.030873 0.961403 0.003727 0.002999
2 2 0.000540 0.018463 0.975799 0.003703 0.001495
2 2 0.000572 0.020634 0.973121 0.003483 0.002189
2 2 0.000525 0.021212 0.972293 0.003048 0.002922
2 2 0.000363 0.015849 0.978874 0.002933 0.001980
2 2 0.000698 0.025359 0.967216 0.003348 0.003379
2 2 0.000725 0.024294 0.969064 0.003588 0.002329
2 2 0.000620 0.022161 0.972446 0.003131 0.001640
2 2 0.000582 0.022193 0.972808 0.002799 0.001618
