0 0 0.975417 0.006033 0.000653 0.000008 0.017888
0 0 0.970339 0.005563 0.000554 0.000018 0.023526
0 0 0.989317 0.002588 0.000124 0.000018 0.007954
0 0 0.987878 0.003518 0.000183 0.000045 0.008375
0 0 0.974070 0.013571 0.001311 0.000427 0.010620
0 0 0.929737 0.033081 0.002511 0.000578 0.034092
0 0 0.672919 0.193079 0.045809 0.000649 0.087544
0 0 0.452168 0.291231 0.136199 0.000673 0.119730
1 0 0.341596 0.361775 0.205330 0.000648 0.090652
0 0 0.407554 0.352052 0.165414 0.000593 0.074386
1 0 0.370624 0.374054 0.190275 0.000675 0.064372
0 1 0.437873 0.349722 0.143605 0.000534 0.068266
0 1 0.479348 0.330047 0.128655 0.000716 0.061234
0 1 0.422631 0.343399 0.147940 0.000640 0.085390
0 1 0.390580 0.344029 0.153594 0.000841 0.110956
0 1 0.421427 0.313068 0.134137 0.000593 0.130774
0 1 0.441631 0.310327 0.137459 0.000556 0.110027
0 1 0.482367 0.303079 0.136356 0.000620 0.077578
0 1 0.502638 0.296166 0.125772 0.000622 0.074803
0 1 0.463848 0.317706 0.124241 0.000826 0.093379
1 1 0.240420 0.343543 0.264118 0.000842 0.151077
1 1 0.184000 0.379166 0.314070 0.001541 0.121223
1 1 0.137465 0.380779 0.380625 0.003658 0.097473
2 1 0.113975 0.363672 0.434380 0.003951 0.084022
2 2 0.099357 0.323901 0.503314 0.005504 0.067924
2 2 0.095812 0.315637 0.507745 0.006870 0.073935
2 2 0.070606 0.294681 0.561418 0.009524 0.063771
2 2 0.043546 0.225147 0.679887 0.014563 0.036858
2 2 0.035959 0.224137 0.688120 0.013941 0.037843
2 2 0.022078 0.168408 0.770423 0.012376 0.026715
2 2 0.017152 0.151261 0.799908 0.010535 0.021144
2 2 0.012128 0.110889 0.849369 0.013075 0.014539
2 2 0.027057 0.155336 0.780912 0.014666 0.022028
2 2 0.082905 0.240038 0.611460 0.009957 0.055639
2 2 0.083485 0.237728 0.613528 0.008987 0.056272
2 2 0.038011 0.235858 0.671938 0.005626 0.048566
2 2 0.028011 0.273168 0.646237 0.003379 0.049205
2 2 0.029524 0.320619 0.570055 0.002309 0.077493
2 2 0.017982 0.203294 0.735666 0.005803 0.037255
2 2 0.005590 0.057629 0.899731 0.024053 0.012997
2 2 0.001134 0.008749 0.862469 0.125634 0.002014
2 3 0.001793 0.011833 0.847482 0.135834 0.003058
2 3 0.002171 0.013158 0.832788 0.148120 0.003763
2 3 0.001684 0.011066 0.835608 0.148763 0.002879
2 3 0.001542 0.009123 0.749313 0.237446 0.002576
2 3 0.001496 0.009303 0.779409 0.207253 0.002540
2 3 0.001880 0.009992 0.711903 0.273151 0.003074
2 3 0.001797 0.008947 0.654224 0.332031 0.003001
2 3 0.002269 0.009505 0.572369 0.412100 0.003757
3 3 0.002414 0.008468 0.465700 0.518956 0.004463
3 3 0.003898 0.009900 0.336706 0.643091 0.006406
3 3 0.003631 0.007721 0.222531 0.761205 0.004912
3 3 0.007492 0.012575 0.201555 0.770263 0.008114
3 3 0.011036 0.018440 0.244077 0.715097 0.011349
3 3 0.011751 0.019301 0.238836 0.719019 0.011092
3 3 0.007984 0.013605 0.208304 0.762332 0.007775
3 3 0.005306 0.008740 0.155492 0.825180 0.005283
3 3 0.004718 0.006897 0.108803 0.875646 0.003936
3 3 0.002649 0.003826 0.069583 0.922186 0.001756
3 3 0.002404 0.003499 0.066301 0.926224 0.001572
3 3 0.002118 0.002908 0.051310 0.942515 0.001148
3 3 0.002186 0.002780 0.042295 0.951747 0.000991
3 3 0.002502 0.002839 0.033808 0.959954 0.000897
3 3 0.004388 0.004490 0.037998 0.951655 0.001469
3 3 0.053725 0.032148 0.104117 0.796835 0.013175
3 3 0.115630 0.088016 0.281643 0.498780 0.015931
2 3 0.107114 0.132683 0.433217 0.313551 0.013435
2 2 0.115237 0.176499 0.508347 0.184165 0.015752
2 2 0.105001 0.187048 0.529036 0.154438 0.024477
2 3 0.093945 0.149823 0.447996 0.272160 0.036076
3 3 0.006792 0.013856 0.276399 0.695315 0.007637
3 3 0.007778 0.011792 0.159626 0.813936 0.006868
3 3 0.011009 0.012944 0.108459 0.860447 0.007142
3 3 0.012185 0.012882 0.096852 0.871398 0.006682
3 3 0.012472 0.013134 0.087301 0.880692 0.006401
3 3 0.008867 0.009291 0.067504 0.910347 0.003991
3 3 0.009153 0.008969 0.057221 0.921132 0.003525
3 3 0.006790 0.006260 0.038841 0.946075 0.002034
3 3 0.004042 0.003772 0.027577 0.963558 0.001051
3 3 0.003927 0.003512 0.023913 0.967736 0.000911
3 3 0.005214 0.004432 0.025464 0.963717 0.001173
3 3 0.002823 0.002450 0.017240 0.976941 0.000547
3 3 0.002371 0.002024 0.014492 0.980696 0.000417
3 3 0.002050 0.001820 0.014557 0.981194 0.000378
3 3 0.002785 0.002438 0.017515 0.976713 0.000549
3 3 0.002795 0.002458 0.017795 0.976394 0.000558
3 3 0.004205 0.003212 0.019114 0.972723 0.000747
3 3 0.003330 0.002700 0.017162 0.976210 0.000598
3 3 0.005484 0.003988 0.021024 0.968540 0.000964
3 3 0.002729 0.002318 0.015825 0.978632 0.000496
3 3 0.002094 0.001787 0.013220 0.982545 0.000354
3 3 0.001481 0.001405 0.013854 0.982971 0.000289
3 3 0.001622 0.001608 0.016784 0.979624 0.000363
3 3 0.001581 0.001494 0.014368 0.982245 0.000312
3 3 0.001985 0.001671 0.012211 0.983815 0.000318
3 3 0.002132 0.001608 0.009415 0.986577 0.000268
3 3 0.001807 0.001428 0.009527 0.986996 0.000241
3 3 0.001816 0.001423 0.009329 0.987193 0.000238
3 3 0.001392 0.001177 0.009527 0.987703 0.000201
3 3 0.001752 0.001408 0.009773 0.986826 0.000241
3 3 0.005988 0.003855 0.014338 0.975057 0.000762
3 3 0.005794 0.003835 0.013813 0.975816 0.000742
3 3 0.003217 0.002342 0.011503 0.982515 0.000424
3 3 0.003059 0.002304 0.012224 0.981982 0.000431
3 3 0.002259 0.001877 0.012947 0.982552 0.000366
3 3 0.014716 0.007311 0.024346 0.951757 0.001871
3 3 0.169299 0.074428 0.132591 0.613503 0.010180
3 3 0.216904 0.101184 0.135738 0.539735 0.006440
0 3 0.296271 0.213756 0.262035 0.216312 0.011626
0 3 0.283772 0.212163 0.214001 0.275631 0.014433
0 3 0.410972 0.224442 0.154871 0.179009 0.030706
3 3 0.161192 0.124681 0.247499 0.434882 0.031747
3 3 0.015912 0.021472 0.187690 0.761945 0.012980
3 3 0.025270 0.025304 0.157516 0.774791 0.017119
3 3 0.031342 0.028329 0.145174 0.776919 0.018237
3 3 0.033699 0.027504 0.139032 0.782402 0.017363
3 3 0.035827 0.039417 0.246669 0.661093 0.016994
3 3 0.061422 0.062060 0.329366 0.523830 0.023322
3 3 0.076183 0.068916 0.315310 0.513029 0.026562
3 3 0.077249 0.051904 0.187400 0.660240 0.023207
3 3 0.011588 0.005443 0.014941 0.966939 0.001090
3 3 0.008167 0.003912 0.010589 0.976667 0.000664
3 3 0.011597 0.005214 0.011183 0.971111 0.000896
3 3 0.030437 0.011481 0.018587 0.936996 0.002498
3 3 0.027399 0.009725 0.013838 0.947214 0.001824
3 3 0.018685 0.008087 0.016633 0.954916 0.001679
3 3 0.031834 0.011371 0.017872 0.936492 0.002431
3 3 0.037043 0.013685 0.024174 0.921684 0.003414
3 3 0.025616 0.010135 0.019303 0.942684 0.002262
3 3 0.010618 0.005074 0.012633 0.970744 0.000931
3 3 0.010047 0.004999 0.012845 0.971186 0.000924
3 3 0.006880 0.004106 0.012850 0.975400 0.000764
3 3 0.004668 0.003092 0.012348 0.979320 0.000572
3 3 0.006230 0.003789 0.014063 0.975174 0.000744
3 3 0.008097 0.004608 0.016739 0.969572 0.000984
3 3 0.016109 0.007713 0.022419 0.951876 0.001883
3 3 0.010965 0.004802 0.013014 0.970316 0.000903
3 3 0.019974 0.006683 0.012019 0.960131 0.001193
3 3 0.015891 0.004961 0.008190 0.970222 0.000736
3 3 0.037582 0.009137 0.009439 0.942413 0.001429
3 3 0.052943 0.015349 0.019843 0.908393 0.003472
3 3 0.032835 0.009708 0.011965 0.943792 0.001701
3 3 0.035386 0.011408 0.014359 0.936670 0.002176
3 3 0.022132 0.008128 0.012394 0.955897 0.001449
3 3 0.024501 0.008635 0.013542 0.951708 0.001613
3 3 0.032934 0.009872 0.014639 0.940627 0.001928
3 3 0.014848 0.005386 0.013137 0.965609 0.001020
3 3 0.017622 0.005783 0.012539 0.962989 0.001068
3 3 0.018558 0.006033 0.011821 0.962511 0.001076
3 3 0.030900 0.009585 0.014233 0.943439 0.001843
3 3 0.039377 0.012176 0.014657 0.931444 0.002347
3 3 0.016987 0.007724 0.015120 0.958647 0.001522
3 3 0.014482 0.007326 0.016093 0.960608 0.001491
3 3 0.015761 0.008627 0.023376 0.950113 0.002123
3 3 0.012842 0.007297 0.021170 0.956975 0.001716
3 3 0.010821 0.005986 0.016833 0.965099 0.001261
3 3 0.007864 0.004628 0.013505 0.973125 0.000877
3 3 0.011169 0.005474 0.011471 0.970938 0.000946
3 3 0.012809 0.005497 0.009390 0.971446 0.000857
3 3 0.011890 0.004694 0.007726 0.975021 0.000669
3 3 0.010780 0.004141 0.008497 0.975954 0.000628
3 3 0.014653 0.005336 0.009309 0.969864 0.000837
3 3 0.006345 0.002993 0.007461 0.982772 0.000429
3 3 0.003246 0.001837 0.005927 0.988751 0.000239
3 3 0.002809 0.001818 0.007444 0.987662 0.000266
3 3 0.010187 0.004555 0.011775 0.972669 0.000813
3 3 0.031849 0.012043 0.026419 0.926516 0.003173
3 3 0.039220 0.024496 0.075678 0.855696 0.004911
3 2 0.041390 0.044348 0.195718 0.710728 0.007817
3 2 0.072605 0.073413 0.302345 0.530035 0.021601
3 2 0.050423 0.067092 0.349451 0.504008 0.029025
2 2 0.008750 0.024822 0.589766 0.360783 0.015879
2 2 0.006295 0.020243 0.642204 0.316569 0.014689
2 2 0.006388 0.027247 0.767427 0.185257 0.013681
2 2 0.008823 0.042665 0.806600 0.120966 0.020946
2 2 0.008258 0.052602 0.837785 0.074151 0.027204
2 2 0.009571 0.068925 0.811458 0.058253 0.051793
2 2 0.011802 0.104115 0.757473 0.031515 0.095094
2 2 0.009364 0.103023 0.757454 0.023728 0.106430
2 2 0.010480 0.127550 0.722955 0.015690 0.123325
2 2 0.006404 0.124895 0.732445 0.007900 0.128357
2 2 0.007998 0.140107 0.747062 0.007384 0.097448
2 2 0.013575 0.204374 0.658887 0.005406 0.117757
2 2 0.016644 0.247197 0.616382 0.003931 0.115846
2 2 0.021190 0.316207 0.504585 0.002434 0.155584
2 2 0.017644 0.274289 0.589892 0.003001 0.115173
2 2 0.017571 0.265615 0.590717 0.003371 0.122727
2 2 0.012383 0.202352 0.651573 0.004926 0.128765
2 2 0.010612 0.166293 0.622182 0.007513 0.193400
2 2 0.011028 0.171374 0.622947 0.007251 0.187400
2 2 0.014176 0.201699 0.522378 0.006020 0.255727
2 2 0.015590 0.219107 0.470433 0.004987 0.289882
2 2 0.018144 0.224725 0.440518 0.005503 0.311110
2 2 0.018850 0.224138 0.474013 0.006276 0.276724
2 2 0.015159 0.202452 0.574832 0.006887 0.200670
2 2 0.015763 0.209989 0.594239 0.006511 0.173499
2 2 0.015262 0.214633 0.567290 0.005744 0.197072
2 2 0.013826 0.215237 0.580525 0.004907 0.185505
2 2 0.011279 0.199055 0.613087 0.004638 0.171941
2 2 0.015920 0.210424 0.575921 0.006555 0.191180
2 2 0.167694 0.303359 0.363928 0.001914 0.163105
2 2 0.085042 0.333428 0.440134 0.002499 0.138896
2 2 0.052776 0.332827 0.442666 0.004637 0.167095
2 2 0.003021 0.065508 0.904589 0.007747 0.019135
2 2 0.001855 0.049114 0.926523 0.007304 0.015204
2 2 0.002146 0.056427 0.919072 0.006358 0.015998
2 2 0.003852 0.073241 0.901176 0.007251 0.014481
2 2 0.008155 0.104200 0.861198 0.009186 0.017261
2 2 0.014786 0.161247 0.791636 0.007432 0.024899
2 2 0.021416 0.210702 0.731411 0.004657 0.031814
2 2 0.086714 0.314732 0.537697 0.004252 0.056604
2 2 0.165571 0.316046 0.459727 0.006101 0.052556
2 2 0.173840 0.294055 0.466725 0.008608 0.056771
2 2 0.103120 0.234696 0.609840 0.011321 0.041024
2 2 0.050761 0.220530 0.687589 0.009095 0.032025
2 2 0.026344 0.166393 0.767139 0.013047 0.027078
2 2 0.007163 0.093779 0.875748 0.009265 0.014044
2 2 0.003049 0.049069 0.927326 0.012088 0.008468
2 2 0.001677 0.032272 0.949873 0.011477 0.004700
2 2 0.002146 0.034286 0.943926 0.014660 0.004982
2 2 0.001236 0.015286 0.944593 0.036776 0.002110
2 2 0.001784 0.021241 0.944810 0.029570 0.002595
2 2 0.002124 0.022716 0.936906 0.035128 0.003126
2 2 0.003601 0.030781 0.915938 0.044356 0.005324
2 2 0.004759 0.036833 0.902551 0.048474 0.007382
2 2 0.005533 0.032773 0.872983 0.081202 0.007509
2 2 0.006243 0.031325 0.848634 0.106304 0.007494
2 2 0.006767 0.031439 0.830260 0.123018 0.008517
2 2 0.006694 0.029802 0.813146 0.141107 0.009251
2 2 0.008009 0.041302 0.843553 0.094572 0.012564
2 2 0.007198 0.043784 0.874710 0.064313 0.009995
2 2 0.004856 0.034085 0.891611 0.061807 0.007641
2 2 0.005864 0.036412 0.879054 0.070461 0.008209
2 2 0.005388 0.024973 0.811388 0.150285 0.007966
2 2 0.010265 0.031517 0.660154 0.282656 0.015408
3 2 0.014806 0.026667 0.383615 0.554251 0.020661
3 2 0.021392 0.029531 0.301725 0.618162 0.029190
3 2 0.015980 0.023144 0.250722 0.689120 0.021035
3 2 0.059044 0.060557 0.398630 0.430875 0.050895
2 1 0.135703 0.129738 0.585418 0.090832 0.058309
2 2 0.003953 0.029584 0.888888 0.069070 0.008506
2 2 0.002466 0.027050 0.914413 0.046446 0.009625
2 2 0.002833 0.026940 0.900735 0.059171 0.010321
2 2 0.003242 0.025637 0.879871 0.080928 0.010322
2 2 0.003786 0.029715 0.871375 0.080582 0.014543
2 2 0.005522 0.027666 0.780370 0.168010 0.018433
2 2 0.005270 0.021943 0.736387 0.223604 0.012797
2 2 0.003271 0.014307 0.724898 0.250217 0.007308
2 2 0.003183 0.013713 0.712418 0.263290 0.007395
2 2 0.002600 0.012049 0.724285 0.254930 0.006136
2 2 0.002354 0.011088 0.715424 0.265536 0.005597
2 2 0.002754 0.013927 0.762071 0.214466 0.006781
2 2 0.003069 0.015942 0.797544 0.177488 0.005956
2 2 0.004506 0.018364 0.730235 0.237716 0.009179
2 2 0.004686 0.016972 0.644440 0.324938 0.008964
2 2 0.004541 0.013962 0.515523 0.457012 0.008962
2 2 0.003503 0.011640 0.535628 0.441057 0.008171
3 2 0.002351 0.008315 0.469838 0.514988 0.004508
2 2 0.003407 0.012475 0.591874 0.385069 0.007176
2 2 0.002528 0.010638 0.650245 0.330354 0.006235
3 3 0.005193 0.009655 0.223326 0.753440 0.008386
3 3 0.006836 0.011823 0.222041 0.749167 0.010133
3 3 0.005946 0.009431 0.160034 0.817941 0.006648
3 3 0.007693 0.010541 0.128487 0.846798 0.006481
3 3 0.007607 0.010159 0.118797 0.857461 0.005977
3 3 0.007410 0.010247 0.128327 0.847712 0.006304
3 3 0.007466 0.009976 0.117412 0.859310 0.005835
3 3 0.006935 0.009201 0.109274 0.869407 0.005184
3 3 0.008117 0.010280 0.107426 0.868473 0.005703
3 3 0.010057 0.012712 0.124227 0.845408 0.007595
3 3 0.012124 0.014633 0.124707 0.839828 0.008708
3 3 0.012214 0.016027 0.157455 0.803384 0.010920
3 3 0.018903 0.024154 0.197140 0.741116 0.018687
3 3 0.016402 0.019826 0.154334 0.796196 0.013242
3 3 0.019373 0.023183 0.168236 0.772959 0.016249
3 3 0.012619 0.014778 0.118060 0.846029 0.008514
3 3 0.011555 0.012670 0.092535 0.876849 0.006392
3 3 0.009970 0.010210 0.068852 0.906555 0.004412
3 3 0.009027 0.008625 0.052785 0.926312 0.003251
3 3 0.006543 0.006024 0.037670 0.947833 0.001930
3 3 0.004354 0.003715 0.022567 0.968433 0.000932
3 3 0.002176 0.001750 0.011479 0.984274 0.000322
3 3 0.002714 0.002091 0.011940 0.982867 0.000388
3 3 0.003612 0.002804 0.015053 0.977954 0.000578
3 3 0.004333 0.003509 0.021494 0.969801 0.000863
3 3 0.008265 0.005856 0.028038 0.956225 0.001616
3 3 0.011462 0.008649 0.040659 0.936383 0.002847
3 3 0.012564 0.008807 0.032700 0.943356 0.002573
3 3 0.008990 0.006367 0.023274 0.959793 0.001575
3 3 0.008456 0.005749 0.020941 0.963500 0.001355
3 3 0.007453 0.005428 0.021790 0.964021 0.001308
3 3 0.006467 0.004825 0.020577 0.966995 0.001135
3 3 0.008020 0.005089 0.018300 0.967464 0.001127
3 3 0.008874 0.004922 0.013733 0.971531 0.000940
3 3 0.007699 0.004584 0.014348 0.972471 0.000898
3 3 0.006560 0.003542 0.009737 0.979586 0.000575
3 3 0.006241 0.003531 0.010269 0.979370 0.000589
3 3 0.007611 0.004303 0.011448 0.975887 0.000751
3 3 0.006905 0.003597 0.008887 0.980054 0.000556
3 3 0.013109 0.005795 0.011694 0.968389 0.001014
3 3 0.015577 0.008314 0.022266 0.951843 0.002000
3 3 0.011439 0.006004 0.015838 0.965493 0.001226
3 3 0.015077 0.007915 0.019256 0.955987 0.001765
3 3 0.029196 0.013296 0.028648 0.925257 0.003602
3 3 0.030273 0.013340 0.027862 0.924961 0.003565
3 3 0.012747 0.007380 0.024697 0.953289 0.001887
3 3 0.006191 0.004301 0.017448 0.971125 0.000935
3 3 0.004301 0.002900 0.011446 0.980836 0.000517
3 3 0.003817 0.002562 0.010351 0.982834 0.000436
3 3 0.003235 0.002205 0.009571 0.984626 0.000364
3 3 0.004053 0.002676 0.011451 0.981340 0.000480
3 3 0.005428 0.003657 0.015329 0.974835 0.000751
3 3 0.107215 0.033515 0.048696 0.798338 0.012236
3 3 0.226405 0.058307 0.068440 0.619079 0.027768
0 2 0.646491 0.116753 0.063466 0.108415 0.064876
0 2 0.528143 0.192226 0.154625 0.046792 0.078214
0 2 0.356839 0.276024 0.226442 0.022879 0.117817
1 2 0.184774 0.331930 0.291127 0.014715 0.177454
2 2 0.004518 0.027735 0.880102 0.083708 0.003937
2 2 0.002341 0.014134 0.821355 0.158989 0.003181
2 2 0.006582 0.022102 0.602324 0.346303 0.022689
2 2 0.003747 0.024515 0.837092 0.121205 0.013441
2 2 0.003419 0.044273 0.900139 0.029825 0.022345
2 4 0.004226 0.070707 0.862402 0.015541 0.047124
2 4 0.006961 0.129472 0.762152 0.007467 0.093948
2 4 0.011041 0.165216 0.686488 0.007848 0.129407
2 4 0.011105 0.182832 0.674953 0.005731 0.125379
2 4 0.012187 0.182820 0.666793 0.006674 0.131526
2 4 0.009938 0.174877 0.670459 0.005654 0.139072
2 4 0.008737 0.154260 0.676213 0.006942 0.153848
2 4 0.007560 0.137564 0.691295 0.007889 0.155691
2 4 0.008179 0.151651 0.663935 0.006669 0.169566
2 4 0.010513 0.186061 0.603145 0.005178 0.195102
2 4 0.016593 0.244118 0.393660 0.002760 0.342869
4 4 0.038795 0.240249 0.188963 0.000818 0.531174
4 4 0.160737 0.227592 0.158218 0.000447 0.453006
4 4 0.215620 0.212286 0.140058 0.000340 0.431696
4 4 0.257031 0.220844 0.154011 0.000359 0.367755
4 4 0.228626 0.212597 0.123159 0.000094 0.435524
4 4 0.250435 0.274779 0.108370 0.000343 0.366073
4 4 0.026063 0.296775 0.315467 0.002029 0.359666
4 4 0.035069 0.259496 0.228846 0.001367 0.475222
4 4 0.047434 0.190546 0.125519 0.000700 0.635801
4 4 0.057162 0.123613 0.059850 0.000368 0.759008
4 4 0.068780 0.114837 0.053805 0.000378 0.762199
4 4 0.065266 0.125725 0.060366 0.000313 0.748329
4 4 0.074734 0.134729 0.053797 0.000285 0.736455
4 4 0.083137 0.215557 0.119807 0.001257 0.580243
4 4 0.046964 0.282410 0.273308 0.001874 0.395443
2 4 0.027433 0.297978 0.455225 0.002197 0.217167
2 1 0.028847 0.318396 0.467786 0.001763 0.183209
2 1 0.030444 0.333176 0.454051 0.002154 0.180175
2 1 0.032816 0.340664 0.428423 0.003306 0.194791
2 1 0.022346 0.311150 0.438300 0.002639 0.225565
2 1 0.017534 0.260690 0.486776 0.003522 0.231478
2 1 0.015281 0.239204 0.500184 0.003832 0.241499
2 1 0.023816 0.269761 0.404965 0.003714 0.297744
4 1 0.061638 0.304099 0.312919 0.001710 0.319633
4 1 0.136162 0.279740 0.242740 0.000826 0.340532
4 1 0.162693 0.267291 0.209523 0.000452 0.360041
4 1 0.035103 0.297665 0.305411 0.001738 0.360083
4 2 0.041436 0.303861 0.287435 0.001647 0.365620
2 2 0.028869 0.306411 0.404035 0.003259 0.257426
2 2 0.029164 0.284756 0.436718 0.004350 0.245012
2 2 0.026669 0.240041 0.524892 0.009085 0.199313
2 2 0.020431 0.189904 0.596863 0.013319 0.179484
2 2 0.018841 0.193087 0.577611 0.011156 0.199305
2 2 0.014393 0.162472 0.697517 0.012070 0.113549
2 2 0.016657 0.188166 0.681390 0.009374 0.104413
2 2 0.016417 0.185383 0.713240 0.008793 0.076167
2 2 0.013079 0.171626 0.749927 0.007189 0.058179
2 2 0.007903 0.107697 0.844611 0.010126 0.029663
2 2 0.005454 0.077070 0.887477 0.011948 0.018051
2 2 0.002183 0.035497 0.934298 0.018558 0.009463
2 2 0.002340 0.034014 0.932045 0.022625 0.008976
2 2 0.005442 0.092682 0.856876 0.009473 0.035526
2 2 0.005460 0.094279 0.846742 0.009873 0.043646
2 2 0.006220 0.109863 0.819418 0.008544 0.055955
2 2 0.007272 0.100354 0.816864 0.014611 0.060899
2 2 0.006761 0.096627 0.822138 0.014483 0.059991
0 2 0.639192 0.117352 0.090078 0.000709 0.152669
0 2 0.604932 0.150479 0.091812 0.000773 0.152004
0 1 0.446956 0.285959 0.153450 0.003436 0.110199
2 1 0.108605 0.387204 0.409473 0.002540 0.092177
2 2 0.062999 0.382099 0.419542 0.002665 0.132695
2 2 0.008885 0.158962 0.779894 0.004628 0.047631
2 2 0.007568 0.137516 0.804978 0.005444 0.044493
2 2 0.006840 0.122078 0.817862 0.006753 0.046467
2 2 0.006881 0.119942 0.815808 0.007392 0.049976
2 2 0.009172 0.131602 0.799725 0.008820 0.050681
2 2 0.169469 0.291591 0.384583 0.004414 0.149944
0 2 0.440477 0.208537 0.255475 0.002370 0.093141
0 0 0.623308 0.141273 0.127944 0.000679 0.106796
0 0 0.695379 0.126055 0.099127 0.000378 0.079062
0 1 0.792472 0.107621 0.050334 0.000168 0.049405
0 1 0.588213 0.259987 0.084480 0.000733 0.066587
1 1 0.304203 0.371119 0.154537 0.000744 0.169397
2 1 0.096832 0.361051 0.491827 0.000960 0.049330
2 1 0.103741 0.357439 0.485440 0.001139 0.052242
2 2 0.125849 0.369913 0.447702 0.001781 0.054756
0 1 0.626497 0.168782 0.070550 0.000116 0.134055
0 1 0.665935 0.185388 0.050986 0.000373 0.097318
0 1 0.517458 0.236157 0.114137 0.000334 0.131914
0 1 0.534085 0.175216 0.090315 0.000217 0.200168
0 1 0.406155 0.184888 0.116430 0.000243 0.292285
0 1 0.343637 0.220389 0.159807 0.000805 0.275363
4 1 0.167552 0.272887 0.266648 0.002116 0.290797
2 2 0.099133 0.297324 0.329677 0.003255 0.270611
2 2 0.032067 0.192790 0.627170 0.010740 0.137232
2 2 0.009464 0.074577 0.872930 0.026332 0.016697
2 2 0.010105 0.056595 0.857583 0.061910 0.013806
2 2 0.016363 0.091393 0.829975 0.036935 0.025335
2 2 0.015953 0.101023 0.824696 0.032951 0.025376
2 2 0.013161 0.101873 0.836197 0.023963 0.024806
2 2 0.012502 0.105814 0.835175 0.020368 0.026140
2 2 0.007928 0.083091 0.865778 0.019424 0.023779
2 2 0.007914 0.085895 0.863883 0.017858 0.024451
2 2 0.009151 0.082267 0.864699 0.023305 0.020577
2 2 0.016409 0.129719 0.801888 0.018854 0.033130
2 2 0.015535 0.127507 0.805866 0.018201 0.032890
2 2 0.067003 0.261517 0.569179 0.004923 0.097378
2 2 0.070043 0.243300 0.585987 0.011441 0.089229
2 2 0.105176 0.250252 0.502660 0.015661 0.126251
2 2 0.076580 0.190621 0.594411 0.027992 0.110396
2 2 0.038343 0.116443 0.733747 0.056626 0.054842
2 2 0.050347 0.127116 0.715017 0.044930 0.062590
2 2 0.046704 0.133476 0.706827 0.042386 0.070606
2 2 0.059450 0.159382 0.670902 0.031501 0.078765
2 2 0.029793 0.114989 0.748544 0.051026 0.055647
2 2 0.019935 0.090188 0.770771 0.074523 0.044583
2 2 0.051769 0.147842 0.620907 0.070443 0.109038
2 2 0.030651 0.082210 0.679916 0.164283 0.042940
2 2 0.042350 0.083350 0.600234 0.217881 0.056186
2 2 0.045846 0.081379 0.583302 0.219096 0.070376
2 2 0.041120 0.098576 0.646986 0.140187 0.073131
2 2 0.026773 0.089821 0.726976 0.111887 0.044543
2 2 0.025560 0.090166 0.733483 0.105369 0.045423
2 2 0.016326 0.073154 0.793986 0.085920 0.030615
2 2 0.013875 0.053619 0.763983 0.140739 0.027784
2 2 0.012912 0.055607 0.796559 0.111276 0.023646
2 2 0.027631 0.062949 0.672752 0.195643 0.041024
2 2 0.021642 0.047814 0.593068 0.307173 0.030304
2 2 0.022524 0.058856 0.665494 0.214863 0.038262
2 2 0.013984 0.043043 0.715313 0.207065 0.020594
2 2 0.019869 0.055457 0.702099 0.196241 0.026334
2 2 0.019267 0.053873 0.742908 0.161338 0.022614
2 2 0.030298 0.054787 0.622347 0.263576 0.028992
3 2 0.016428 0.028984 0.403426 0.533927 0.017236
3 2 0.017844 0.022270 0.266280 0.673905 0.019701
3 2 0.021607 0.028211 0.326587 0.592226 0.031369
3 2 0.014155 0.019660 0.214422 0.735589 0.016174
3 2 0.017187 0.024305 0.241547 0.695464 0.021498
3 2 0.013928 0.020179 0.224119 0.724722 0.017051
3 2 0.014734 0.021683 0.242248 0.702071 0.019265
3 2 0.022272 0.029437 0.253969 0.667386 0.026936
3 2 0.022720 0.028192 0.228488 0.696559 0.024041
3 2 0.098811 0.072190 0.322452 0.432986 0.073560
2 0 0.196744 0.134397 0.428681 0.160745 0.079433
2 1 0.254060 0.172619 0.441287 0.057516 0.074518
2 2 0.286103 0.213367 0.393980 0.041238 0.065312
2 2 0.107191 0.224194 0.557154 0.024594 0.086866
2 2 0.067617 0.165607 0.683896 0.045069 0.037810
2 2 0.041805 0.108297 0.728406 0.070569 0.050923
2 2 0.030244 0.091517 0.753726 0.072210 0.052302
2 2 0.012085 0.055050 0.796750 0.106916 0.029199
2 2 0.010501 0.051708 0.834190 0.086165 0.017437
2 2 0.011479 0.044949 0.839038 0.092790 0.011744
2 2 0.070909 0.110442 0.728207 0.044433 0.046009
2 2 0.218500 0.174536 0.508874 0.036508 0.061582
0 0 0.527499 0.182984 0.202981 0.017689 0.068848
0 0 0.733654 0.142303 0.080225 0.011937 0.031880
0 0 0.833296 0.102001 0.035298 0.005827 0.023578
0 0 0.906559 0.063165 0.014304 0.002325 0.013646
0 0 0.912448 0.055741 0.011846 0.002930 0.017034
0 0 0.907134 0.058946 0.013366 0.002623 0.017932
0 0 0.806227 0.118190 0.042667 0.007386 0.025530
0 0 0.804017 0.119036 0.048095 0.003247 0.025604
0 0 0.781511 0.122601 0.057402 0.002506 0.035979
0 0 0.773717 0.122951 0.060307 0.002315 0.040710
0 0 0.732519 0.146797 0.077945 0.003735 0.039004
0 0 0.617083 0.196562 0.061238 0.000653 0.124463
0 0 0.582203 0.242905 0.044845 0.000252 0.129795
0 0 0.667477 0.124726 0.029967 0.000060 0.177769
0 1 0.566972 0.148893 0.100406 0.000151 0.183578
0 1 0.575706 0.134271 0.089989 0.000259 0.199775
0 1 0.606637 0.152205 0.076072 0.000336 0.164750
0 1 0.588795 0.215532 0.061315 0.000619 0.133738
0 1 0.560439 0.265705 0.050988 0.000733 0.122135
0 1 0.388269 0.374527 0.128008 0.000363 0.108834
1 1 0.330808 0.408836 0.167667 0.000399 0.092291
1 1 0.280653 0.433506 0.196195 0.000728 0.088918
1 1 0.129479 0.465119 0.320884 0.001397 0.083121
2 2 0.050810 0.424444 0.436396 0.001220 0.087130
2 2 0.023662 0.342334 0.563423 0.001878 0.068703
2 2 0.014956 0.246564 0.690161 0.002531 0.045788
2 2 0.008113 0.123639 0.839135 0.006263 0.022850
2 2 0.003283 0.059834 0.919740 0.008048 0.009094
2 2 0.002208 0.042472 0.938423 0.009945 0.006951
2 2 0.001837 0.037650 0.945013 0.009618 0.005882
2 2 0.001299 0.026282 0.956554 0.012129 0.003737
2 2 0.000321 0.007077 0.974342 0.017791 0.000468
2 2 0.000348 0.007932 0.976318 0.014925 0.000477
2 2 0.000432 0.010487 0.976142 0.012195 0.000745
2 2 0.000483 0.012316 0.974793 0.011314 0.001095
2 2 0.001064 0.022970 0.961818 0.011292 0.002855
2 2 0.001014 0.022431 0.962507 0.011184 0.002865
2 2 0.001053 0.023531 0.961436 0.010859 0.003120
2 2 0.000585 0.014723 0.972401 0.010824 0.001466
2 2 0.000485 0.011399 0.973147 0.013901 0.001067
2 2 0.000698 0.013786 0.969238 0.015131 0.001148
2 2 0.000955 0.015972 0.963031 0.018578 0.001465
2 2 0.001799 0.026075 0.951603 0.017763 0.002759
2 2 0.002019 0.027008 0.947917 0.020061 0.002994
2 2 0.001792 0.026124 0.951294 0.017917 0.002873
2 2 0.001119 0.018160 0.960034 0.018823 0.001863
2 2 0.000959 0.016635 0.961302 0.019165 0.001939
2 2 0.001217 0.020275 0.957560 0.018422 0.002527
2 2 0.001186 0.017856 0.956407 0.022510 0.002041
2 2 0.001153 0.016094 0.954881 0.026166 0.001706
2 2 0.001696 0.022168 0.947535 0.025713 0.002889
2 2 0.317817 0.241018 0.337376 0.005702 0.098086
2 2 0.232149 0.279585 0.384723 0.002649 0.100894
2 2 0.180463 0.327912 0.386758 0.001688 0.103179
2 1 0.087209 0.363857 0.423655 0.003253 0.122026
2 2 0.014741 0.098837 0.852635 0.019562 0.014224
2 2 0.039620 0.121159 0.775465 0.023608 0.040148
2 2 0.063065 0.109049 0.747586 0.033319 0.046981
2 2 0.085738 0.162569 0.692237 0.010821 0.048634
2 2 0.118692 0.208705 0.612597 0.006385 0.053621
2 2 0.085513 0.249239 0.596118 0.009712 0.059418
2 2 0.031550 0.158342 0.746173 0.024593 0.039343
2 2 0.004249 0.043543 0.912099 0.030144 0.009965
2 2 0.003176 0.029118 0.919078 0.043155 0.005473
2 2 0.003949 0.041878 0.923490 0.024332 0.006351
2 2 0.004007 0.050096 0.923624 0.015588 0.006686
2 2 0.004632 0.063978 0.914981 0.009795 0.006615
2 2 0.004815 0.063237 0.912625 0.011588 0.007735
2 2 0.004988 0.063153 0.908542 0.013651 0.009665
2 2 0.001416 0.027127 0.950845 0.015200 0.005413
2 2 0.001250 0.021804 0.952147 0.020453 0.004346
2 2 0.001352 0.016291 0.938457 0.041037 0.002864
2 2 0.000917 0.010099 0.930613 0.056972 0.001400
2 2 0.000852 0.010143 0.939240 0.048491 0.001275
2 2 0.001517 0.018829 0.944455 0.032495 0.002704
2 2 0.002154 0.029435 0.939147 0.023652 0.005613
2 2 0.001967 0.037463 0.943293 0.011107 0.006171
2 2 0.001165 0.026981 0.957689 0.010018 0.004148
2 2 0.000809 0.021943 0.966547 0.008044 0.002657
2 2 0.000752 0.018522 0.967414 0.010901 0.002411
2 2 0.000394 0.010332 0.974744 0.013408 0.001122
2 2 0.000455 0.009030 0.968191 0.021444 0.000880
2 2 0.000528 0.009781 0.964764 0.023862 0.001065
2 2 0.000708 0.012441 0.961905 0.023414 0.001532
2 2 0.001175 0.019898 0.952602 0.022473 0.003851
2 2 0.000976 0.013799 0.945623 0.037028 0.002574
2 2 0.001071 0.014296 0.941660 0.040198 0.002775
2 2 0.000642 0.008391 0.936059 0.053547 0.001361
2 2 0.000756 0.008676 0.927532 0.061705 0.001332
2 2 0.000657 0.006747 0.908114 0.083462 0.001020
2 2 0.000531 0.005635 0.902125 0.090808 0.000901
2 2 0.001381 0.008640 0.795272 0.191653 0.003054
2 2 0.001074 0.007422 0.808705 0.180475 0.002323
2 2 0.000793 0.006251 0.834220 0.157013 0.001723
2 2 0.000830 0.006720 0.850087 0.140689 0.001673
2 3 0.000796 0.005505 0.762348 0.229401 0.001950
3 3 0.001028 0.004256 0.437451 0.554605 0.002661
3 3 0.001825 0.005067 0.295599 0.692937 0.004572
3 3 0.002464 0.006055 0.281115 0.704069 0.006296
3 3 0.003063 0.007206 0.290082 0.692058 0.007591
2 3 0.005299 0.014900 0.495145 0.473065 0.011591
2 3 0.006717 0.017768 0.497891 0.463408 0.014216
3 3 0.010843 0.023917 0.431008 0.517946 0.016285
3 3 0.013414 0.023477 0.316323 0.628789 0.017996
3 3 0.020542 0.031457 0.295127 0.630186 0.022687
3 3 0.024869 0.038756 0.336882 0.571062 0.028431
3 3 0.020565 0.028903 0.255650 0.671488 0.023395
3 3 0.022185 0.029869 0.250854 0.670047 0.027045
3 3 0.011924 0.021777 0.314121 0.637381 0.014797
3 3 0.010567 0.019018 0.273888 0.685506 0.011021
3 3 0.007328 0.014544 0.257265 0.714270 0.006594
3 3 0.116064 0.083359 0.246810 0.470232 0.083535
3 3 0.101947 0.069509 0.212930 0.555013 0.060602
3 3 0.058398 0.043722 0.166037 0.700921 0.030922
3 3 0.045855 0.039358 0.150573 0.738382 0.025831
3 3 0.041930 0.034887 0.142243 0.758769 0.022170
3 3 0.028563 0.027841 0.138819 0.787427 0.017350
3 3 0.033231 0.031835 0.174841 0.737155 0.022938
3 3 0.025229 0.026448 0.150518 0.780504 0.017302
3 3 0.016078 0.017580 0.115804 0.840591 0.009946
3 3 0.013215 0.014748 0.106807 0.857211 0.008020
3 3 0.010498 0.012646 0.112173 0.857561 0.007122
3 3 0.016722 0.018291 0.119146 0.835335 0.010506
3 3 0.017776 0.018745 0.112421 0.840657 0.010400
3 3 0.042158 0.032722 0.133096 0.771954 0.020069
3 3 0.057035 0.037426 0.141390 0.740039 0.024110
3 3 0.057535 0.036646 0.134085 0.748849 0.022885
3 3 0.046208 0.030615 0.103734 0.803124 0.016318
3 3 0.065399 0.043551 0.147496 0.715489 0.028065
3 3 0.031277 0.027357 0.133346 0.791269 0.016751
3 3 0.024531 0.023964 0.146508 0.789457 0.015540
0 3 0.349046 0.242279 0.314042 0.021788 0.072846
2 2 0.219563 0.296255 0.420156 0.023093 0.040934
2 2 0.082983 0.360900 0.439296 0.004979 0.111842
2 2 0.037001 0.308454 0.569105 0.005080 0.080360
2 2 0.007398 0.103801 0.841184 0.011118 0.036498
2 2 0.010006 0.123609 0.802389 0.012241 0.051755
2 4 0.016599 0.159454 0.737890 0.013962 0.072094
2 4 0.020062 0.188886 0.705511 0.004986 0.080554
2 4 0.117421 0.286082 0.339042 0.000997 0.256458
4 4 0.279003 0.226636 0.143289 0.000109 0.350964
4 4 0.243092 0.212287 0.126687 0.000117 0.417816
4 4 0.181482 0.251882 0.157624 0.000086 0.408927
1 4 0.113017 0.317688 0.252287 0.000153 0.316855
4 4 0.102723 0.325432 0.205034 0.000193 0.366618
1 4 0.111684 0.360887 0.240571 0.001130 0.285728
4 4 0.102381 0.300343 0.224344 0.001169 0.371765
4 4 0.210576 0.292493 0.145939 0.001301 0.349690
4 4 0.302337 0.253224 0.093240 0.000614 0.350585
0 4 0.341315 0.235177 0.113253 0.000600 0.309654
0 4 0.414738 0.190947 0.102368 0.000762 0.291186
4 4 0.045413 0.305239 0.320683 0.001078 0.327587
4 4 0.142562 0.275766 0.211176 0.000320 0.370176
1 4 0.147532 0.312633 0.259298 0.000205 0.280332
1 4 0.123769 0.336025 0.256678 0.000064 0.283463
4 4 0.109931 0.316659 0.191767 0.000017 0.381626
4 4 0.110510 0.245503 0.110827 0.000017 0.533144
4 4 0.100805 0.291477 0.106342 0.000132 0.501245
4 4 0.038886 0.234242 0.178382 0.000700 0.547791
4 4 0.064765 0.131448 0.064980 0.000177 0.738630
4 4 0.116728 0.092900 0.030718 0.000108 0.759545
4 4 0.122399 0.071765 0.023771 0.000033 0.782032
4 4 0.150886 0.110465 0.045284 0.000065 0.693300
4 4 0.202549 0.116527 0.049106 0.000067 0.631751
4 4 0.338919 0.182850 0.055995 0.000359 0.421877
4 4 0.281361 0.250839 0.073801 0.000397 0.393601
4 4 0.197601 0.328317 0.126946 0.000332 0.346803
4 4 0.170986 0.288084 0.131250 0.000387 0.409293
4 4 0.181507 0.265514 0.131674 0.000297 0.421009
4 4 0.195463 0.216968 0.136813 0.000339 0.450417
4 4 0.175482 0.240354 0.163166 0.000247 0.420751
4 4 0.110789 0.149523 0.064913 0.000034 0.674740
4 4 0.147231 0.283301 0.100783 0.000150 0.468535
4 4 0.144333 0.319659 0.109705 0.000176 0.426126
4 4 0.063469 0.317338 0.153160 0.000120 0.465912
4 4 0.081679 0.321073 0.131826 0.000204 0.465218
4 4 0.082751 0.324584 0.136593 0.000206 0.455866
4 4 0.064612 0.343542 0.199142 0.000231 0.392473
4 4 0.069718 0.360048 0.190739 0.000218 0.379277
4 4 0.091400 0.349019 0.161448 0.000333 0.397799
4 4 0.126896 0.329525 0.140574 0.000451 0.402554
4 4 0.140100 0.262592 0.130298 0.000255 0.466755
4 4 0.148033 0.212008 0.109995 0.000168 0.529796
4 4 0.200114 0.189585 0.087764 0.000268 0.522268
4 4 0.232624 0.181828 0.070484 0.000179 0.514885
4 4 0.196560 0.191696 0.077438 0.000164 0.534142
4 4 0.223953 0.169176 0.054831 0.000145 0.551895
4 4 0.230390 0.166643 0.059166 0.000112 0.543689
4 4 0.238221 0.169188 0.059309 0.000203 0.533079
4 4 0.220982 0.189741 0.063253 0.000239 0.525785
4 4 0.244936 0.253027 0.082217 0.000744 0.419076
4 4 0.107047 0.296546 0.158771 0.000108 0.437528
1 1 0.107419 0.353397 0.213862 0.000772 0.324549
4 4 0.040752 0.254928 0.200010 0.000579 0.503732
4 4 0.060373 0.235192 0.159228 0.000426 0.544781
4 4 0.067308 0.244681 0.140748 0.000480 0.546783
4 4 0.105440 0.216751 0.081318 0.000382 0.596109
4 4 0.085248 0.262348 0.119724 0.000423 0.532257
4 4 0.056385 0.276538 0.177803 0.000467 0.488807
4 4 0.055091 0.252453 0.170611 0.000251 0.521594
4 4 0.061230 0.275193 0.180394 0.000496 0.482686
4 4 0.078018 0.301879 0.180375 0.000958 0.438769
4 4 0.046394 0.319491 0.259199 0.000690 0.374226
4 4 0.079426 0.297465 0.204261 0.000399 0.418450
4 4 0.059848 0.271259 0.191017 0.000173 0.477703
4 4 0.053497 0.306889 0.240047 0.000181 0.399386
4 4 0.047109 0.318541 0.241699 0.000101 0.392550
4 4 0.046854 0.277727 0.186755 0.000090 0.488574
4 4 0.093009 0.335756 0.150510 0.000440 0.420285
1 4 0.070394 0.341343 0.255473 0.000965 0.331824
4 1 0.131168 0.230499 0.170039 0.000763 0.467530
4 1 0.070711 0.333546 0.251895 0.000585 0.343263
1 1 0.088910 0.349105 0.277309 0.001243 0.283433
1 1 0.097166 0.350245 0.250437 0.001344 0.300808
1 4 0.089356 0.372979 0.233495 0.001129 0.303041
1 4 0.106407 0.367337 0.178783 0.000615 0.346858
4 4 0.110534 0.336111 0.152294 0.000208 0.400853
4 4 0.157077 0.287582 0.110225 0.000146 0.444969
4 4 0.247052 0.257693 0.093712 0.000192 0.401352
4 4 0.166926 0.314195 0.175196 0.000453 0.343230
4 4 0.096804 0.315427 0.228227 0.000414 0.359128
4 4 0.073152 0.332119 0.261780 0.000481 0.332468
1 4 0.085212 0.358782 0.227127 0.000636 0.328243
1 4 0.084911 0.381706 0.220056 0.000872 0.312455
1 4 0.045054 0.354436 0.288646 0.000512 0.311352
1 4 0.044318 0.328851 0.309004 0.000402 0.317425
1 4 0.046885 0.319954 0.316940 0.000724 0.315498
2 4 0.024144 0.241224 0.524106 0.002165 0.208360
2 4 0.011729 0.201938 0.643904 0.003220 0.139209
2 4 0.016185 0.257867 0.558229 0.002035 0.165684
2 4 0.015358 0.273687 0.531257 0.001385 0.178313
4 4 0.053807 0.297035 0.257425 0.000544 0.391189
2 4 0.030517 0.275949 0.403383 0.001190 0.288961
4 4 0.042168 0.235845 0.247599 0.000896 0.473491
4 4 0.070515 0.200036 0.150026 0.000581 0.578842
4 4 0.119578 0.183770 0.111744 0.000398 0.584510
4 4 0.180404 0.145791 0.076180 0.000242 0.597382
4 4 0.239696 0.107478 0.046644 0.000169 0.606013
4 4 0.322199 0.092921 0.026266 0.000251 0.558363
4 4 0.368263 0.100996 0.027417 0.000189 0.503135
4 4 0.345263 0.136526 0.059681 0.000207 0.458324
0 4 0.551220 0.103649 0.041558 0.000188 0.303385
0 4 0.626036 0.082238 0.041963 0.000150 0.249613
0 4 0.714118 0.054632 0.025569 0.000179 0.205501
0 4 0.633835 0.065306 0.029575 0.000187 0.271097
0 4 0.637143 0.108633 0.042207 0.000390 0.211627
0 4 0.372210 0.261800 0.090576 0.001013 0.274402
4 4 0.249836 0.320121 0.108294 0.001566 0.320183
1 4 0.056157 0.335013 0.286584 0.000955 0.321291
2 4 0.044702 0.334659 0.368288 0.000918 0.251433
2 4 0.041310 0.339108 0.385727 0.000913 0.232941
2 4 0.021899 0.338660 0.386987 0.000778 0.251675
2 4 0.019289 0.313546 0.501533 0.001781 0.163851
2 4 0.015196 0.254835 0.604321 0.003111 0.122536
2 4 0.007833 0.148468 0.758322 0.005644 0.079734
2 4 0.010244 0.172570 0.710280 0.005777 0.101128
2 4 0.011152 0.173717 0.702303 0.006535 0.106293
2 4 0.013380 0.205813 0.659938 0.005151 0.115718
2 4 0.015784 0.222539 0.619002 0.005294 0.137382
2 2 0.010906 0.172288 0.713455 0.006328 0.097022
2 2 0.007515 0.151570 0.747720 0.005123 0.088072
2 2 0.006307 0.138170 0.765163 0.005112 0.085248
2 2 0.006274 0.136000 0.769830 0.005267 0.082628
2 2 0.011027 0.195244 0.649688 0.004678 0.139363
2 2 0.012990 0.192455 0.644191 0.006337 0.144026
2 2 0.015507 0.214470 0.572053 0.005910 0.192060
2 2 0.016073 0.186392 0.583586 0.009824 0.204126
2 2 0.011827 0.147100 0.693032 0.012546 0.135495
2 2 0.008492 0.111676 0.769412 0.015729 0.094692
2 2 0.005916 0.108733 0.800018 0.009103 0.076230
2 2 0.004060 0.105808 0.817107 0.005256 0.067770
2 2 0.004049 0.098156 0.841373 0.005840 0.050581
2 2 0.006398 0.124563 0.799800 0.006431 0.062808
2 2 0.006226 0.111894 0.814739 0.008266 0.058876
2 2 0.008277 0.121495 0.796972 0.010341 0.062914
2 2 0.004653 0.078084 0.874271 0.011522 0.031470
2 2 0.003132 0.054627 0.904632 0.014791 0.022818
2 2 0.002030 0.040870 0.927045 0.014279 0.015776
2 2 0.001847 0.042804 0.926560 0.011350 0.017439
2 2 0.001341 0.038283 0.934953 0.009103 0.016321
2 2 0.001317 0.047430 0.926374 0.005281 0.019598
2 2 0.001615 0.051195 0.920971 0.005967 0.020252
2 2 0.002305 0.065678 0.900467 0.005753 0.025796
2 2 0.002730 0.066918 0.899432 0.006896 0.024023
2 2 0.001857 0.050868 0.925128 0.006680 0.015467
2 2 0.002147 0.060609 0.911610 0.005748 0.019885
2 2 0.001808 0.051297 0.924628 0.006340 0.015928
2 2 0.001923 0.049854 0.924419 0.007630 0.016174
2 2 0.005584 0.096575 0.848836 0.009183 0.039823
2 1 0.076504 0.213991 0.593095 0.009896 0.106514
2 2 0.170300 0.228302 0.484653 0.007642 0.109103
1 2 0.154886 0.314108 0.289881 0.000385 0.240741
2 2 0.111847 0.332731 0.395709 0.000898 0.158816
2 2 0.037620 0.252378 0.629168 0.002040 0.078793
2 2 0.003722 0.077204 0.898000 0.004688 0.016386
2 2 0.002598 0.063379 0.915481 0.004911 0.013629
2 2 0.002544 0.056717 0.921776 0.007113 0.011850
2 2 0.002997 0.063097 0.912517 0.007364 0.014024
2 2 0.002887 0.062912 0.914509 0.006744 0.012948
2 2 0.003506 0.074536 0.899647 0.006244 0.016067
2 2 0.002152 0.053471 0.927991 0.006051 0.010335
2 2 0.004123 0.078106 0.895705 0.006865 0.015201
2 2 0.004302 0.080125 0.896226 0.006339 0.013008
2 2 0.004972 0.091287 0.886377 0.005275 0.012088
2 2 0.006383 0.106745 0.868079 0.005223 0.013570
2 2 0.004072 0.069457 0.910603 0.007213 0.008655
2 2 0.003615 0.060147 0.918845 0.008915 0.008478
2 2 0.002263 0.040033 0.939698 0.011660 0.006345
2 2 0.001772 0.031545 0.949501 0.012831 0.004350
2 2 0.002638 0.041167 0.938474 0.012489 0.005231
2 2 0.002731 0.039801 0.938217 0.014211 0.005040
2 2 0.000488 0.009155 0.962615 0.026559 0.001183
2 2 0.001057 0.015895 0.955389 0.025640 0.002020
2 2 0.001428 0.020554 0.953086 0.022461 0.002470
2 2 0.002020 0.027588 0.946646 0.020292 0.003454
2 2 0.002329 0.031005 0.942357 0.020135 0.004175
2 2 0.001450 0.023074 0.954186 0.018335 0.002956
2 2 0.001363 0.022334 0.954763 0.018493 0.003047
2 2 0.000931 0.014041 0.955746 0.027527 0.001755
2 2 0.000726 0.011068 0.957025 0.029949 0.001232
2 2 0.000724 0.009360 0.948432 0.040554 0.000930
2 2 0.000962 0.010709 0.941072 0.046204 0.001054
2 2 0.000940 0.010849 0.943961 0.043196 0.001054
2 2 0.000858 0.009552 0.938866 0.049780 0.000944
2 2 0.000815 0.009615 0.945912 0.042825 0.000832
2 2 0.000720 0.008718 0.945594 0.044201 0.000767
2 2 0.000513 0.006938 0.950256 0.041729 0.000564
2 2 0.000327 0.004929 0.950136 0.044203 0.000405
2 2 0.000377 0.005240 0.942816 0.051074 0.000492
2 2 0.000759 0.008370 0.932108 0.057833 0.000930
2 2 0.001660 0.014634 0.923429 0.058513 0.001765
2 2 0.000343 0.004145 0.906238 0.088649 0.000625
2 2 0.000321 0.003950 0.906604 0.088533 0.000591
2 2 0.000531 0.006037 0.919737 0.072900 0.000795
2 2 0.000842 0.008313 0.913938 0.075729 0.001179
2 2 0.001396 0.012320 0.915958 0.068648 0.001678
2 2 0.001848 0.013742 0.889594 0.092319 0.002497
2 2 0.002459 0.016626 0.881265 0.096420 0.003230
2 3 0.002144 0.013456 0.823297 0.158367 0.002736
2 3 0.001637 0.011354 0.841791 0.142970 0.002248
2 3 0.001453 0.010390 0.846032 0.139969 0.002155
2 3 0.001036 0.008839 0.888469 0.100019 0.001636
2 2 0.001026 0.009121 0.899530 0.088806 0.001516
2 2 0.000701 0.007110 0.909076 0.082048 0.001065
2 2 0.000534 0.005834 0.910381 0.082395 0.000856
2 2 0.000434 0.004797 0.898856 0.095127 0.000786
2 2 0.000533 0.004825 0.847710 0.145737 0.001195
