4 0 0.151135 0.054740 0.014260 0.000064 0.779801
4 0 0.099214 0.089155 0.028596 0.000071 0.782964
4 0 0.096650 0.080166 0.025030 0.000060 0.798094
4 0 0.063020 0.066014 0.023991 0.000056 0.846920
4 0 0.066934 0.068367 0.022691 0.000041 0.841968
4 0 0.065950 0.063504 0.019853 0.000030 0.850663
4 0 0.078197 0.041242 0.011830 0.000029 0.868701
4 0 0.090944 0.038645 0.009356 0.000018 0.861037
4 0 0.097134 0.052548 0.013767 0.000028 0.836523
4 0 0.097579 0.048938 0.012002 0.000021 0.841460
4 0 0.102291 0.048696 0.011363 0.000018 0.837631
4 0 0.096944 0.038631 0.008058 0.000010 0.856357
4 0 0.088113 0.037496 0.008349 0.000011 0.866031
4 0 0.112046 0.046260 0.009274 0.000011 0.832410
4 0 0.144713 0.047542 0.008541 0.000010 0.799194
4 0 0.141656 0.051218 0.009862 0.000014 0.797250
4 0 0.126976 0.043112 0.007674 0.000008 0.822230
4 0 0.115630 0.047183 0.009620 0.000012 0.827555
4 0 0.100768 0.042950 0.009685 0.000015 0.846582
4 0 0.075936 0.025934 0.006619 0.000017 0.891494
4 1 0.117727 0.050669 0.011713 0.000023 0.819868
4 1 0.227661 0.079607 0.019853 0.000113 0.672767
4 1 0.373098 0.085727 0.022708 0.000430 0.518036
4 1 0.413127 0.104906 0.032076 0.001072 0.448819
0 0 0.688662 0.102447 0.026220 0.002142 0.180529
0 0 0.600102 0.137507 0.036997 0.001732 0.223662
0 0 0.571492 0.123328 0.026636 0.000503 0.278042
4 0 0.174092 0.064289 0.016780 0.000083 0.744756
4 0 0.157799 0.068987 0.014894 0.000028 0.758293
4 0 0.104806 0.049323 0.010941 0.000015 0.834916
4 0 0.075231 0.040348 0.012705 0.000043 0.871674
4 1 0.052641 0.036054 0.014974 0.000081 0.896249
4 1 0.042476 0.032047 0.014063 0.000072 0.911342
4 1 0.027530 0.038020 0.024112 0.000176 0.910162
4 1 0.022082 0.036977 0.025797 0.000184 0.914961
4 1 0.023054 0.040321 0.029490 0.000245 0.906890
4 2 0.021458 0.050875 0.046792 0.000613 0.880263
4 2 0.028695 0.063763 0.060519 0.001189 0.845834
4 1 0.036873 0.057738 0.044092 0.000686 0.860611
4 2 0.054942 0.056316 0.034091 0.000485 0.854167
2 2 0.016395 0.111157 0.633472 0.042113 0.196862
2 2 0.009868 0.068001 0.778080 0.060979 0.083072
2 2 0.006711 0.038219 0.831856 0.094478 0.028737
2 2 0.006832 0.048446 0.842761 0.055078 0.046883
2 2 0.007572 0.045808 0.841354 0.056959 0.048307
2 2 0.004622 0.026477 0.890855 0.057405 0.020641
2 2 0.002552 0.016815 0.915029 0.052996 0.012609
2 2 0.002391 0.016820 0.925191 0.044105 0.011494
2 2 0.002498 0.018762 0.918240 0.043960 0.016540
2 2 0.003378 0.027931 0.899599 0.037438 0.031654
2 2 0.003123 0.028388 0.896019 0.036490 0.035980
2 2 0.005316 0.051222 0.836528 0.029090 0.077844
2 2 0.006519 0.062410 0.784607 0.027535 0.118930
2 2 0.009851 0.070824 0.687503 0.038740 0.193082
2 2 0.008198 0.067936 0.686130 0.044064 0.193672
2 2 0.007906 0.062221 0.744060 0.050946 0.134867
2 2 0.007375 0.059986 0.791165 0.040793 0.100681
2 2 0.004426 0.031292 0.862448 0.064200 0.037635
2 2 0.003518 0.019291 0.875737 0.087701 0.013753
2 2 0.003445 0.013348 0.812804 0.162423 0.007980
2 2 0.009925 0.029129 0.705209 0.232214 0.023522
2 2 0.010295 0.023548 0.581979 0.368679 0.015499
3 2 0.008242 0.014700 0.464734 0.505161 0.007162
3 2 0.005221 0.006789 0.345961 0.639940 0.002089
3 2 0.005308 0.009295 0.447473 0.534093 0.003831
3 2 0.004531 0.006385 0.305269 0.681580 0.002235
3 2 0.003788 0.005257 0.271478 0.717687 0.001790
3 2 0.004335 0.007026 0.285486 0.700089 0.003064
3 2 0.005624 0.007577 0.228457 0.755208 0.003133
3 2 0.008036 0.013964 0.288033 0.681539 0.008429
3 3 0.006472 0.008088 0.177260 0.804582 0.003598
3 3 0.005747 0.006581 0.155923 0.829115 0.002634
3 3 0.005905 0.005212 0.122522 0.864727 0.001634
3 3 0.008157 0.007264 0.139043 0.843093 0.002443
3 3 0.007482 0.006644 0.132805 0.850864 0.002205
3 3 0.004434 0.003890 0.116152 0.874409 0.001115
3 3 0.004940 0.004332 0.107238 0.882146 0.001344
3 3 0.003883 0.003374 0.087524 0.904176 0.001043
3 3 0.003846 0.003332 0.079622 0.912129 0.001071
3 3 0.002925 0.002500 0.055408 0.938317 0.000849
3 3 0.003062 0.002616 0.053166 0.940236 0.000921
3 3 0.002253 0.001903 0.041167 0.954011 0.000665
3 3 0.002291 0.001938 0.043102 0.952000 0.000668
3 3 0.002712 0.002304 0.046074 0.948086 0.000824
3 3 0.003025 0.002586 0.054194 0.939297 0.000898
3 3 0.002605 0.002218 0.051669 0.942766 0.000742
3 3 0.002410 0.002049 0.050311 0.944557 0.000672
3 3 0.002153 0.001813 0.036932 0.958449 0.000654
3 3 0.002401 0.002029 0.040079 0.954755 0.000736
3 3 0.002263 0.001911 0.039772 0.955373 0.000680
3 3 0.003333 0.002860 0.059825 0.932995 0.000988
3 3 0.005078 0.004418 0.078573 0.910337 0.001594
3 3 0.009545 0.008484 0.119847 0.858876 0.003248
3 3 0.006637 0.005886 0.135390 0.850239 0.001847
3 3 0.005081 0.004441 0.093929 0.895070 0.001479
3 3 0.003417 0.002938 0.063131 0.929514 0.001000
3 3 0.002948 0.002518 0.054338 0.939331 0.000865
3 3 0.004126 0.003552 0.059539 0.931446 0.001338
3 3 0.003535 0.003025 0.051713 0.940585 0.001141
3 3 0.003144 0.002676 0.045002 0.948152 0.001026
3 3 0.002461 0.002095 0.052812 0.941953 0.000678
3 3 0.001785 0.001503 0.041443 0.954792 0.000478
3 3 0.001739 0.001455 0.032849 0.963449 0.000508
3 3 0.001786 0.001495 0.031964 0.964221 0.000534
3 3 0.001999 0.001679 0.034427 0.961288 0.000607
3 3 0.001846 0.001550 0.035732 0.960338 0.000533
3 3 0.002221 0.001872 0.037480 0.957747 0.000679
3 3 0.001994 0.001671 0.032119 0.963593 0.000622
3 3 0.002696 0.002281 0.038369 0.955770 0.000884
3 3 0.001775 0.001483 0.030147 0.966052 0.000543
3 3 0.001870 0.001565 0.030831 0.965156 0.000578
3 3 0.002417 0.002038 0.035985 0.958783 0.000778
3 3 0.001386 0.001154 0.030180 0.966897 0.000382
3 3 0.001412 0.001172 0.026395 0.970606 0.000415
3 3 0.001354 0.001122 0.025319 0.971807 0.000398
3 3 0.001248 0.001032 0.024288 0.973071 0.000361
3 3 0.002397 0.002015 0.032185 0.962596 0.000806
3 3 0.002422 0.002042 0.036410 0.958349 0.000776
3 3 0.002193 0.001849 0.037989 0.957307 0.000663
3 3 0.002815 0.002388 0.042114 0.951780 0.000903
3 3 0.003653 0.003125 0.049724 0.942283 0.001216
3 3 0.001965 0.001645 0.030820 0.964951 0.000620
3 3 0.002852 0.002413 0.037446 0.956323 0.000966
3 3 0.003879 0.003316 0.046959 0.944491 0.001356
3 3 0.005681 0.004944 0.074559 0.912905 0.001910
3 3 0.006214 0.005461 0.101952 0.884476 0.001898
3 3 0.010981 0.009883 0.168763 0.806950 0.003423
3 3 0.019362 0.026694 0.317935 0.620840 0.015169
2 2 0.021481 0.056185 0.521146 0.339400 0.061789
2 2 0.016769 0.083403 0.603900 0.119832 0.176096
2 2 0.016193 0.081642 0.610166 0.119416 0.172584
2 2 0.014269 0.082463 0.613749 0.092978 0.196542
2 2 0.015141 0.081220 0.677663 0.110119 0.115857
2 2 0.012566 0.068472 0.690189 0.127411 0.101362
2 2 0.009020 0.039682 0.692663 0.207609 0.051026
2 2 0.007134 0.024107 0.638224 0.307775 0.022760
2 2 0.006543 0.025925 0.698168 0.241539 0.027825
2 2 0.005361 0.020876 0.653495 0.298867 0.021402
2 2 0.006287 0.031322 0.671037 0.244362 0.046991
2 2 0.008545 0.041951 0.649562 0.230147 0.069796
3 2 0.006087 0.009337 0.241074 0.738841 0.004661
3 2 0.010166 0.011775 0.203837 0.769045 0.005176
3 2 0.007770 0.008523 0.202622 0.777941 0.003145
3 2 0.006203 0.006452 0.188276 0.796964 0.002105
3 2 0.004485 0.005885 0.213145 0.774255 0.002230
3 2 0.004408 0.004431 0.181003 0.808922 0.001236
3 2 0.003874 0.003861 0.209817 0.781508 0.000940
3 2 0.004399 0.003909 0.179615 0.811161 0.000916
3 2 0.005844 0.005200 0.161639 0.825886 0.001431
3 3 0.010289 0.009244 0.165247 0.812070 0.003150
3 3 0.006813 0.006029 0.124207 0.860964 0.001987
3 3 0.003603 0.003140 0.102370 0.890008 0.000878
3 3 0.002353 0.002032 0.092190 0.902921 0.000503
3 3 0.002030 0.001742 0.079660 0.916134 0.000434
3 3 0.001809 0.001543 0.066836 0.929414 0.000398
3 3 0.001863 0.001584 0.059341 0.936778 0.000436
3 3 0.002240 0.001906 0.055273 0.939999 0.000583
3 3 0.002062 0.001747 0.049147 0.946500 0.000545
3 3 0.002395 0.002037 0.051553 0.943355 0.000660
3 3 0.001840 0.001559 0.052527 0.943623 0.000451
3 3 0.002548 0.002166 0.048524 0.946023 0.000739
3 3 0.004097 0.003537 0.066821 0.924284 0.001261
3 3 0.004349 0.003762 0.069520 0.921021 0.001349
3 3 0.006442 0.005625 0.078840 0.906865 0.002227
3 3 0.007770 0.006793 0.074157 0.908302 0.002978
3 3 0.005047 0.004339 0.049901 0.938796 0.001916
3 3 0.003876 0.003311 0.045790 0.945656 0.001369
3 3 0.003365 0.002871 0.047275 0.945384 0.001106
3 3 0.004088 0.003507 0.052043 0.938964 0.001398
3 3 0.004794 0.004129 0.055585 0.933790 0.001702
3 3 0.003051 0.002598 0.046671 0.946712 0.000968
3 3 0.003504 0.002983 0.042264 0.950022 0.001228
3 3 0.004850 0.004152 0.043350 0.945727 0.001922
3 3 0.005055 0.004336 0.045984 0.942637 0.001988
3 2 0.012007 0.009662 0.082313 0.891332 0.004685
3 2 0.172748 0.079928 0.233580 0.456516 0.057229
2 2 0.263317 0.177210 0.301520 0.161018 0.096936
2 2 0.229099 0.258841 0.330044 0.078360 0.103656
2 2 0.037870 0.112906 0.691817 0.123480 0.033927
2 2 0.022112 0.083450 0.751667 0.113739 0.029032
2 2 0.121985 0.172641 0.475823 0.031699 0.197852
2 2 0.121384 0.176177 0.391298 0.016894 0.294247
2 2 0.060166 0.167111 0.466329 0.021915 0.284480
4 0 0.052963 0.195353 0.311463 0.012615 0.427606
4 1 0.030875 0.199281 0.297294 0.010518 0.462032
2 2 0.014342 0.152503 0.556778 0.018859 0.257518
2 2 0.012559 0.113734 0.639811 0.026003 0.207893
2 2 0.009303 0.062179 0.792086 0.049662 0.086771
2 2 0.007852 0.058147 0.791370 0.051454 0.091176
2 2 0.005958 0.043607 0.841471 0.056121 0.052843
2 2 0.008756 0.059007 0.791309 0.055577 0.085351
2 2 0.007355 0.043472 0.803611 0.085907 0.059656
2 2 0.005443 0.019017 0.749912 0.213018 0.012609
2 2 0.005816 0.020109 0.737983 0.221451 0.014641
2 2 0.005113 0.015800 0.733412 0.236904 0.008771
2 2 0.004216 0.013821 0.734816 0.237820 0.009327
2 2 0.004097 0.013394 0.724601 0.248897 0.009010
2 2 0.005142 0.018049 0.742876 0.219648 0.014285
2 2 0.006463 0.027940 0.750517 0.183324 0.031755
2 2 0.007035 0.022323 0.729313 0.223954 0.017375
2 2 0.009398 0.071560 0.719337 0.042078 0.157627
2 2 0.010637 0.087667 0.639625 0.038111 0.223960
2 2 0.009265 0.088967 0.616797 0.033291 0.251679
2 2 0.008446 0.095332 0.647201 0.026822 0.222198
2 2 0.008159 0.096935 0.635463 0.022645 0.236798
2 2 0.007755 0.092930 0.622124 0.020110 0.257082
2 2 0.006083 0.069255 0.694964 0.022920 0.206778
2 2 0.004640 0.057517 0.770207 0.019263 0.148373
2 2 0.004292 0.059968 0.793579 0.014595 0.127566
2 2 0.004815 0.067361 0.741481 0.015811 0.170532
2 4 0.005093 0.069564 0.725998 0.016722 0.182623
2 4 0.006003 0.066456 0.694437 0.030775 0.202329
2 4 0.007434 0.090595 0.522716 0.021110 0.358146
2 4 0.006419 0.096253 0.500887 0.015140 0.381301
2 4 0.005939 0.098401 0.476532 0.010811 0.408317
2 4 0.004604 0.091551 0.571389 0.009985 0.322471
2 4 0.004707 0.096807 0.553295 0.008126 0.337065
2 4 0.006065 0.106556 0.486206 0.006353 0.394820
2 4 0.005576 0.096594 0.500137 0.006033 0.391660
2 4 0.005971 0.098644 0.477781 0.005967 0.411638
4 4 0.010501 0.119565 0.234678 0.006060 0.629195
4 4 0.010698 0.137923 0.304514 0.007631 0.539234
4 4 0.009820 0.135046 0.376929 0.009022 0.469183
4 4 0.009623 0.132142 0.406586 0.011347 0.440302
4 4 0.010665 0.130065 0.387878 0.011958 0.459435
4 4 0.011829 0.108211 0.241444 0.007963 0.630553
4 4 0.010182 0.102138 0.294450 0.010245 0.582986
4 4 0.007949 0.106003 0.374783 0.013996 0.497269
2 4 0.008123 0.110825 0.446977 0.016182 0.417893
4 4 0.012281 0.151257 0.342964 0.014840 0.478658
4 4 0.016655 0.141367 0.333289 0.016377 0.492312
2 2 0.014806 0.135832 0.475907 0.022032 0.351423
2 2 0.015966 0.140874 0.549945 0.026088 0.267127
2 2 0.020057 0.181390 0.465540 0.014356 0.318657
2 2 0.017470 0.169669 0.519519 0.010682 0.282660
2 2 0.007922 0.101471 0.636902 0.011883 0.241821
2 2 0.006117 0.096689 0.659715 0.010650 0.226829
2 2 0.005076 0.094615 0.763372 0.007885 0.129053
2 2 0.002402 0.058010 0.825834 0.005959 0.107795
2 2 0.001806 0.037577 0.889803 0.006730 0.064085
2 2 0.031461 0.147883 0.541949 0.014757 0.263949
2 2 0.047287 0.152091 0.512313 0.021505 0.266804
2 2 0.026641 0.145705 0.530196 0.023505 0.273953
2 2 0.019961 0.189175 0.559080 0.017695 0.214089
2 2 0.009895 0.144048 0.599906 0.011880 0.234271
2 2 0.007878 0.113970 0.734090 0.010811 0.133252
2 2 0.007173 0.072544 0.812949 0.021844 0.085490
2 2 0.005552 0.051982 0.852599 0.028998 0.060870
2 2 0.005173 0.041942 0.858241 0.041811 0.052833
2 2 0.005999 0.062000 0.795848 0.024799 0.111353
2 2 0.007929 0.085741 0.733905 0.020086 0.152339
2 2 0.006277 0.084642 0.728181 0.015040 0.165861
2 2 0.010484 0.092852 0.642829 0.016809 0.237026
2 2 0.009396 0.096293 0.653778 0.012181 0.228353
2 2 0.008966 0.085430 0.668063 0.014962 0.222579
2 2 0.005894 0.072788 0.729076 0.017172 0.175070
2 2 0.005438 0.069104 0.724814 0.018559 0.182085
2 2 0.005180 0.079456 0.705563 0.013602 0.196198
2 2 0.003191 0.052688 0.835018 0.010530 0.098574
2 2 0.005240 0.063910 0.835173 0.014046 0.081632
4 0 0.050518 0.085696 0.053999 0.000479 0.809308
4 1 0.051562 0.081262 0.045013 0.000272 0.821891
4 0 0.060606 0.078364 0.034974 0.000133 0.825923
4 0 0.066400 0.132238 0.060369 0.000170 0.740822
4 1 0.039573 0.143811 0.093390 0.000343 0.722882
4 1 0.023086 0.134431 0.161405 0.002395 0.678684
4 2 0.016558 0.116689 0.215559 0.010441 0.640753
4 2 0.013910 0.108645 0.382502 0.019852 0.475092
2 2 0.007546 0.073848 0.756036 0.022648 0.139922
2 2 0.007182 0.072294 0.802524 0.019602 0.098398
2 2 0.008857 0.078688 0.781256 0.024353 0.106846
2 2 0.010788 0.107584 0.687151 0.021619 0.172858
2 2 0.011100 0.106361 0.651954 0.024600 0.205984
2 2 0.009337 0.079007 0.724985 0.031888 0.154782
2 2 0.008228 0.077682 0.709776 0.027238 0.177076
2 2 0.007162 0.078892 0.723876 0.021123 0.168946
2 2 0.005595 0.077807 0.748729 0.014392 0.153477
2 2 0.006073 0.084721 0.748893 0.013560 0.146754
2 2 0.005524 0.076446 0.794942 0.014247 0.108841
2 2 0.007514 0.078756 0.791580 0.018353 0.103797
2 2 0.004019 0.058332 0.810101 0.015971 0.111576
2 2 0.004950 0.072880 0.778017 0.013466 0.130688
2 2 0.005468 0.074484 0.765111 0.014537 0.140400
2 2 0.006104 0.056040 0.812096 0.043633 0.082127
2 2 0.005184 0.036523 0.840217 0.074479 0.043598
2 2 0.005900 0.040863 0.850503 0.063528 0.039206
2 2 0.004488 0.029583 0.872973 0.069315 0.023641
2 2 0.004036 0.030036 0.880434 0.057659 0.027834
2 2 0.004734 0.033548 0.844432 0.073127 0.044159
2 2 0.003835 0.032568 0.880669 0.051437 0.031491
2 2 0.004822 0.031630 0.854869 0.080142 0.028537
2 2 0.003527 0.020201 0.880437 0.083039 0.012797
2 2 0.005143 0.021546 0.845340 0.116457 0.011515
2 2 0.003646 0.008687 0.722651 0.262781 0.002236
2 2 0.003739 0.005389 0.559625 0.430324 0.000922
2 2 0.003798 0.006361 0.514855 0.473052 0.001935
3 2 0.003230 0.004937 0.394839 0.595502 0.001491
3 2 0.003591 0.005857 0.358735 0.629688 0.002129
3 2 0.004651 0.008079 0.355078 0.628631 0.003560
3 2 0.008663 0.017843 0.454192 0.508277 0.011025
2 2 0.008806 0.017612 0.486229 0.477261 0.010092
3 2 0.009257 0.008664 0.190746 0.788533 0.002800
3 2 0.013258 0.016855 0.276147 0.685746 0.007994
3 2 0.013763 0.018874 0.281165 0.676177 0.010022
3 2 0.016807 0.019210 0.285862 0.672096 0.006025
3 2 0.019595 0.021391 0.265412 0.687080 0.006522
3 2 0.012151 0.011099 0.249498 0.723910 0.003342
3 2 0.014169 0.015013 0.273888 0.691286 0.005644
3 2 0.007308 0.006527 0.162569 0.821639 0.001957
3 2 0.012363 0.011208 0.199517 0.773145 0.003768
3 2 0.006868 0.006099 0.138884 0.846232 0.001917
3 2 0.008942 0.008658 0.182899 0.797003 0.002497
3 2 0.006888 0.006082 0.114099 0.870839 0.002092
3 3 0.007209 0.006340 0.096129 0.887922 0.002400
3 3 0.004875 0.004232 0.074191 0.915160 0.001542
3 3 0.001917 0.001624 0.049668 0.946301 0.000489
3 3 0.001519 0.001282 0.050131 0.946718 0.000351
3 3 0.000834 0.000691 0.035291 0.963010 0.000175
3 3 0.000716 0.000591 0.031811 0.966736 0.000147
3 3 0.000589 0.000484 0.029506 0.969306 0.000115
3 3 0.000727 0.000593 0.018995 0.979498 0.000187
3 3 0.000705 0.000572 0.016226 0.982304 0.000192
3 3 0.001011 0.000826 0.017039 0.980811 0.000312
3 3 0.001602 0.001323 0.020160 0.976359 0.000556
3 3 0.004543 0.003870 0.037002 0.952710 0.001875
3 3 0.006973 0.006011 0.045457 0.938412 0.003146
3 3 0.007619 0.006569 0.043526 0.938654 0.003631
3 3 0.010360 0.009005 0.049127 0.926184 0.005324
3 3 0.004821 0.004123 0.041703 0.947415 0.001938
3 3 0.004737 0.004082 0.056877 0.932648 0.001657
3 3 0.002663 0.002256 0.041411 0.952828 0.000841
3 3 0.002456 0.002077 0.040441 0.954269 0.000757
3 3 0.002026 0.001706 0.038269 0.957409 0.000591
3 3 0.001980 0.001661 0.033231 0.962521 0.000607
3 3 0.002335 0.001963 0.032686 0.962244 0.000772
3 3 0.001193 0.000986 0.025161 0.972327 0.000334
3 3 0.000958 0.000788 0.023681 0.974322 0.000251
3 3 0.001284 0.001065 0.027107 0.970186 0.000359
3 3 0.001201 0.000993 0.024638 0.972827 0.000340
3 3 0.000667 0.000544 0.020867 0.977763 0.000159
3 3 0.001772 0.001478 0.028409 0.967787 0.000555
3 3 0.001988 0.001670 0.035140 0.960605 0.000597
3 3 0.002223 0.001876 0.039021 0.956212 0.000668
3 3 0.001525 0.001268 0.027956 0.968799 0.000452
3 3 0.001518 0.001254 0.021045 0.975676 0.000507
3 3 0.001112 0.000911 0.017711 0.979915 0.000351
3 3 0.001054 0.000863 0.018149 0.979611 0.000322
3 3 0.001637 0.001355 0.021294 0.975153 0.000561
3 3 0.001285 0.001055 0.018376 0.978860 0.000424
3 3 0.001366 0.001132 0.025111 0.971985 0.000405
3 3 0.000642 0.000521 0.016354 0.982316 0.000167
3 3 0.000684 0.000555 0.016474 0.982104 0.000182
3 3 0.000702 0.000570 0.017052 0.981490 0.000186
3 3 0.000627 0.000508 0.016663 0.982041 0.000160
3 3 0.000661 0.000537 0.017665 0.980968 0.000169
3 3 0.000556 0.000449 0.014980 0.983874 0.000142
3 3 0.001098 0.000901 0.019395 0.978274 0.000332
3 3 0.001326 0.001090 0.018817 0.978328 0.000439
3 1 0.009115 0.006323 0.047283 0.933870 0.003409
3 1 0.068505 0.036474 0.142046 0.728708 0.024268
2 2 0.016843 0.155938 0.603862 0.020462 0.202895
2 2 0.019723 0.146261 0.683796 0.027940 0.122279
2 2 0.012382 0.084230 0.806401 0.043859 0.053128
2 2 0.008505 0.066185 0.844463 0.039521 0.041325
2 2 0.007083 0.054593 0.851246 0.048528 0.038551
2 2 0.004116 0.025586 0.848682 0.096491 0.025125
2 2 0.006448 0.044644 0.821268 0.065739 0.061902
2 2 0.005465 0.025671 0.806655 0.134213 0.027996
2 2 0.006512 0.036874 0.804480 0.096106 0.056028
2 2 0.008512 0.052636 0.797457 0.066538 0.074858
2 2 0.007705 0.066526 0.779478 0.037303 0.108988
2 2 0.013890 0.109396 0.614774 0.033474 0.228466
2 2 0.023310 0.129361 0.561209 0.026456 0.259664
2 2 0.028020 0.138082 0.427909 0.018171 0.387817
2 2 0.020972 0.143061 0.493558 0.024013 0.318396
2 2 0.013670 0.137181 0.543822 0.022185 0.283141
2 2 0.012648 0.151812 0.495353 0.016458 0.323730
2 2 0.006656 0.082030 0.730584 0.020047 0.160683
2 2 0.004218 0.048003 0.843980 0.028335 0.075465
2 2 0.003360 0.030134 0.900804 0.035789 0.029912
2 2 0.004948 0.051551 0.842260 0.021135 0.080106
2 2 0.006474 0.054982 0.831573 0.032734 0.074237
2 2 0.006641 0.041446 0.867625 0.051960 0.032328
2 2 0.014990 0.073329 0.805281 0.031490 0.074910
2 2 0.026855 0.091739 0.731671 0.023945 0.125791
2 2 0.011292 0.067597 0.813529 0.027645 0.079937
2 1 0.011696 0.095247 0.738046 0.022323 0.132687
2 2 0.010956 0.097743 0.801192 0.017761 0.072348
2 2 0.011775 0.089897 0.825808 0.024834 0.047685
2 2 0.004258 0.023767 0.912008 0.050708 0.009258
2 2 0.004080 0.013097 0.848639 0.130640 0.003543
2 2 0.006190 0.017848 0.797806 0.170417 0.007739
2 2 0.004185 0.016360 0.820343 0.148632 0.010482
2 2 0.004172 0.018814 0.820102 0.141569 0.015344
2 2 0.003658 0.023714 0.870265 0.081906 0.020456
2 2 0.003619 0.024765 0.886768 0.068287 0.016562
2 2 0.002111 0.014499 0.917070 0.058886 0.007433
2 2 0.002360 0.012843 0.900784 0.078730 0.005283
2 2 0.004259 0.015483 0.843024 0.131277 0.005958
2 2 0.006115 0.018397 0.816616 0.152041 0.006830
2 2 0.002375 0.013830 0.897829 0.076634 0.009331
2 2 0.003035 0.017737 0.884841 0.078946 0.015442
2 2 0.003891 0.027056 0.881482 0.058964 0.028608
2 2 0.004270 0.030137 0.866911 0.064566 0.034116
2 2 0.005261 0.025307 0.823600 0.119840 0.025991
2 2 0.006059 0.024413 0.764880 0.180439 0.024209
2 2 0.005777 0.017281 0.671668 0.292996 0.012278
2 2 0.004351 0.009283 0.512436 0.469846 0.004084
2 2 0.005063 0.010134 0.576878 0.405072 0.002854
2 2 0.005702 0.011858 0.593694 0.383325 0.005421
2 2 0.006441 0.014355 0.658803 0.313331 0.007070
2 2 0.008913 0.016189 0.622407 0.345524 0.006966
2 2 0.031636 0.035077 0.644935 0.273782 0.014570
2 1 0.029073 0.049347 0.748123 0.144691 0.028767
2 2 0.016813 0.046763 0.808463 0.105813 0.022148
2 2 0.009251 0.037570 0.851929 0.085013 0.016238
2 2 0.010337 0.043204 0.841255 0.088465 0.016739
2 2 0.003927 0.016541 0.818908 0.149807 0.010818
2 2 0.004071 0.014323 0.767571 0.203857 0.010178
2 2 0.004769 0.014435 0.708209 0.263228 0.009359
2 2 0.050902 0.163480 0.634674 0.034080 0.116864
2 2 0.048020 0.149125 0.668361 0.061433 0.073062
2 1 0.069332 0.261385 0.445876 0.040800 0.182607
2 2 0.047399 0.212142 0.570250 0.057579 0.112629
2 2 0.009697 0.050218 0.796497 0.098789 0.044798
2 2 0.009980 0.038348 0.810231 0.121589 0.019851
2 2 0.013052 0.048331 0.813506 0.102417 0.022694
2 2 0.012211 0.037501 0.765420 0.164238 0.020629
2 2 0.011821 0.030857 0.749215 0.195360 0.012747
2 2 0.012095 0.028900 0.688663 0.252478 0.017863
2 2 0.011366 0.033878 0.737793 0.188781 0.028182
2 2 0.011330 0.027284 0.691730 0.252250 0.017406
2 2 0.007229 0.026363 0.827152 0.127581 0.011675
2 2 0.008276 0.022400 0.760986 0.200724 0.007614
2 2 0.006648 0.019110 0.722112 0.241706 0.010422
2 2 0.006468 0.013263 0.562803 0.411028 0.006439
3 2 0.005862 0.009576 0.457670 0.523234 0.003659
3 2 0.009330 0.013731 0.417756 0.553533 0.005649
3 2 0.006239 0.005670 0.250081 0.736689 0.001321
3 2 0.007819 0.007381 0.295960 0.687165 0.001674
2 2 0.005882 0.011080 0.607678 0.371386 0.003974
2 2 0.014553 0.030925 0.682805 0.257098 0.014618
2 2 0.015529 0.053914 0.767287 0.118464 0.044805
2 2 0.013484 0.080645 0.756180 0.046573 0.103118
4 2 0.028984 0.107973 0.285400 0.013152 0.564491
4 4 0.019478 0.084190 0.202737 0.005153 0.688442
4 4 0.011328 0.057619 0.098734 0.001547 0.830772
4 4 0.011899 0.057144 0.090883 0.001446 0.838627
4 4 0.010725 0.054792 0.078154 0.001348 0.854981
4 4 0.010539 0.059271 0.091270 0.001866 0.837054
4 4 0.010277 0.056373 0.084326 0.001558 0.847465
4 4 0.012285 0.043688 0.047905 0.000512 0.895610
4 4 0.014379 0.049110 0.054470 0.000712 0.881329
4 4 0.019409 0.064378 0.076147 0.001634 0.838432
4 4 0.030590 0.074896 0.078720 0.002143 0.813651
4 4 0.031499 0.044316 0.029622 0.000283 0.894281
4 4 0.028780 0.048553 0.036699 0.000421 0.885547
4 4 0.023809 0.044291 0.034374 0.000340 0.897187
4 4 0.025632 0.062674 0.062314 0.001204 0.848177
4 4 0.019504 0.042612 0.035666 0.000337 0.901880
4 4 0.008091 0.052373 0.077629 0.000967 0.860940
4 4 0.009970 0.072532 0.106003 0.001296 0.810199
4 4 0.010513 0.084382 0.123150 0.001412 0.780543
4 4 0.010975 0.112151 0.164113 0.001555 0.711207
4 4 0.013665 0.058033 0.076119 0.001408 0.850775
4 4 0.012134 0.058321 0.081984 0.001571 0.845991
4 4 0.009566 0.045610 0.059370 0.000722 0.884731
4 4 0.011888 0.038429 0.038605 0.000324 0.910753
4 4 0.015438 0.041229 0.038099 0.000351 0.904884
4 4 0.026169 0.056487 0.050916 0.000795 0.865634
4 4 0.034530 0.082027 0.087324 0.002837 0.793283
4 4 0.043941 0.076081 0.077260 0.002591 0.800127
4 4 0.061416 0.069235 0.057448 0.001659 0.810241
4 4 0.078828 0.070514 0.061289 0.002322 0.787046
4 4 0.077068 0.064749 0.048759 0.001365 0.808060
4 4 0.057526 0.057014 0.039596 0.000722 0.845142
4 4 0.033819 0.044730 0.029621 0.000294 0.891536
4 4 0.041325 0.065506 0.052285 0.001030 0.839853
4 1 0.057453 0.077762 0.060172 0.001624 0.802990
4 1 0.105234 0.105742 0.054182 0.000714 0.734129
4 1 0.010984 0.068014 0.085966 0.000779 0.834257
4 1 0.009162 0.105356 0.161721 0.001400 0.722362
4 1 0.009045 0.100184 0.152320 0.001303 0.737149
4 1 0.009826 0.125843 0.199995 0.001672 0.662664
4 1 0.012116 0.135090 0.238519 0.001431 0.612844
4 1 0.016972 0.145992 0.241788 0.001118 0.594130
4 1 0.020225 0.158118 0.273981 0.001072 0.546604
4 1 0.015577 0.141748 0.230493 0.001167 0.611015
4 1 0.020032 0.097405 0.103151 0.000999 0.778413
4 1 0.012651 0.081978 0.106820 0.001156 0.797395
4 4 0.007326 0.062720 0.124094 0.003148 0.802712
4 4 0.006119 0.059429 0.123974 0.002918 0.807559
4 4 0.005581 0.065010 0.154764 0.004637 0.770008
4 4 0.008456 0.069046 0.137347 0.004196 0.780955
4 4 0.007134 0.098797 0.321700 0.006171 0.566198
4 4 0.009326 0.101519 0.297466 0.004492 0.587196
4 4 0.010720 0.107866 0.228546 0.002298 0.650570
4 4 0.012538 0.091311 0.127217 0.001513 0.767421
4 4 0.011570 0.091322 0.128919 0.001435 0.766754
4 4 0.011760 0.065147 0.091904 0.001495 0.829695
4 4 0.017409 0.036107 0.028071 0.000198 0.918215
4 4 0.028344 0.038035 0.024421 0.000185 0.909015
4 4 0.030499 0.042799 0.030461 0.000305 0.895936
4 4 0.023933 0.039459 0.028061 0.000226 0.908321
4 4 0.018798 0.040588 0.033303 0.000289 0.907022
4 4 0.011912 0.038347 0.038415 0.000321 0.911005
4 4 0.012069 0.037977 0.037477 0.000307 0.912170
4 4 0.009590 0.033625 0.034024 0.000230 0.922532
4 4 0.018732 0.050654 0.050937 0.000697 0.878980
4 4 0.037521 0.055591 0.045663 0.000782 0.860443
4 4 0.077045 0.057630 0.032426 0.000537 0.832361
4 4 0.125182 0.056082 0.023164 0.000346 0.795226
4 4 0.148660 0.053736 0.018780 0.000246 0.778579
4 4 0.086463 0.060131 0.030316 0.000478 0.822612
4 4 0.027582 0.025120 0.011403 0.000039 0.935856
4 4 0.029050 0.033180 0.018318 0.000103 0.919349
4 4 0.032535 0.073222 0.042642 0.000147 0.851454
4 4 0.028338 0.141941 0.111895 0.000464 0.717362
4 4 0.016302 0.129129 0.153578 0.001196 0.699795
4 4 0.011648 0.132591 0.206949 0.002415 0.646397
4 4 0.006458 0.108620 0.333298 0.006347 0.545277
4 4 0.007030 0.107812 0.301560 0.004682 0.578916
4 4 0.007168 0.113980 0.260269 0.002902 0.615681
4 4 0.006484 0.127762 0.309010 0.003909 0.552836
4 4 0.008292 0.126009 0.239326 0.003357 0.623017
4 4 0.013528 0.072074 0.114614 0.003409 0.796375
4 4 0.012370 0.067693 0.107053 0.002823 0.810061
4 4 0.012340 0.060612 0.087242 0.001807 0.837998
4 4 0.014742 0.068174 0.098473 0.002531 0.816080
4 4 0.014170 0.057896 0.074303 0.001358 0.852273
4 4 0.011164 0.062323 0.097081 0.002184 0.827248
4 4 0.009247 0.066210 0.120689 0.003258 0.800596
4 2 0.009229 0.072729 0.144348 0.004875 0.768819
4 2 0.008660 0.111628 0.248003 0.007746 0.623963
4 2 0.007714 0.124579 0.296942 0.008757 0.562008
4 2 0.009900 0.137055 0.304832 0.008689 0.539524
4 2 0.011661 0.138111 0.277304 0.007638 0.565287
4 2 0.010835 0.112553 0.218240 0.005993 0.652379
4 2 0.010783 0.122416 0.235920 0.005838 0.625045
4 2 0.009636 0.131407 0.268295 0.006413 0.584249
2 2 0.011689 0.100366 0.771047 0.023093 0.093806
2 2 0.013054 0.096979 0.742869 0.036456 0.110641
2 2 0.011601 0.101338 0.655607 0.036525 0.194929
2 2 0.009827 0.110903 0.575876 0.020747 0.282648
2 2 0.007244 0.098317 0.570028 0.016980 0.307431
2 2 0.005775 0.095029 0.562892 0.013052 0.323251
2 2 0.005650 0.100885 0.601032 0.010927 0.281505
2 2 0.006633 0.114258 0.603256 0.010718 0.265134
2 2 0.007610 0.109651 0.682701 0.012760 0.187277
2 2 0.009292 0.109455 0.683145 0.017044 0.181064
2 2 0.008548 0.092572 0.772550 0.019908 0.106423
2 2 0.008409 0.071677 0.784872 0.042421 0.092620
2 2 0.009577 0.079400 0.750384 0.047732 0.112908
2 2 0.010484 0.085553 0.723494 0.047555 0.132914
2 2 0.008847 0.095110 0.698641 0.022688 0.174714
2 2 0.006772 0.091363 0.726249 0.014377 0.161239
2 2 0.005458 0.085364 0.733543 0.011923 0.163711
2 2 0.004410 0.083999 0.724082 0.009232 0.178277
2 2 0.003925 0.073561 0.805980 0.007998 0.108536
2 2 0.004513 0.075279 0.809045 0.009172 0.101991
2 2 0.004110 0.078303 0.691442 0.010224 0.215921
2 2 0.004407 0.083271 0.720406 0.009468 0.182448
2 2 0.003617 0.064920 0.788039 0.009901 0.133524
2 2 0.003317 0.058929 0.812363 0.009764 0.115627
2 2 0.003795 0.053732 0.802342 0.014808 0.125324
2 2 0.004411 0.066815 0.728651 0.014562 0.185561
2 2 0.005123 0.067109 0.770522 0.016112 0.141134
2 2 0.004848 0.082953 0.720170 0.010982 0.181047
2 2 0.004913 0.081896 0.739452 0.010996 0.162743
2 2 0.006307 0.089298 0.737699 0.013224 0.153473
2 2 0.007907 0.078245 0.810910 0.018753 0.084186
2 2 0.008957 0.074416 0.810727 0.027862 0.078037
2 2 0.008607 0.066497 0.817745 0.036599 0.070551
2 2 0.005652 0.055761 0.834627 0.030869 0.073092
2 2 0.006001 0.076853 0.815011 0.013557 0.088577
2 2 0.003989 0.050490 0.859065 0.018299 0.068157
2 2 0.005718 0.066869 0.782917 0.020075 0.124422
2 2 0.006555 0.054691 0.798024 0.038964 0.101767
2 2 0.014793 0.087106 0.719171 0.047972 0.130957
2 0 0.042442 0.117757 0.641837 0.055665 0.142298
4 1 0.019007 0.156117 0.184474 0.001367 0.639034
4 1 0.019810 0.169240 0.253392 0.002417 0.555141
2 2 0.013019 0.187352 0.466376 0.007278 0.325976
2 2 0.011527 0.183117 0.504127 0.009589 0.291639
2 2 0.008202 0.122344 0.570411 0.013095 0.285948
2 2 0.006344 0.092116 0.707627 0.013433 0.180481
2 2 0.003971 0.063154 0.839052 0.009604 0.084218
2 2 0.002814 0.054421 0.883106 0.005959 0.053701
2 2 0.002958 0.056142 0.865201 0.006918 0.068781
2 2 0.003423 0.075089 0.773099 0.007072 0.141317
2 2 0.004506 0.083189 0.711424 0.009986 0.190894
2 2 0.004799 0.093633 0.604420 0.009939 0.287210
2 2 0.004752 0.105443 0.536556 0.008001 0.345248
2 2 0.004005 0.090009 0.665590 0.007696 0.232700
2 2 0.003660 0.089929 0.647628 0.006895 0.251888
2 2 0.003260 0.073524 0.756245 0.007219 0.159752
2 2 0.003928 0.079815 0.734450 0.008457 0.173350
2 2 0.003863 0.069261 0.772766 0.010005 0.144105
2 2 0.003659 0.055807 0.824886 0.014719 0.100929
2 2 0.004021 0.070745 0.761304 0.010494 0.153436
2 2 0.003216 0.042550 0.870801 0.021665 0.061768
2 2 0.003151 0.031351 0.878811 0.040313 0.046374
2 2 0.003007 0.030824 0.880136 0.041694 0.044340
2 2 0.003842 0.044503 0.863093 0.027140 0.061421
2 2 0.003868 0.032839 0.878712 0.049742 0.034838
2 2 0.003618 0.020501 0.877358 0.082130 0.016393
2 2 0.004784 0.019818 0.845967 0.117898 0.011533
2 2 0.006846 0.019360 0.816128 0.150116 0.007550
2 2 0.012603 0.029918 0.717686 0.226185 0.013608
2 2 0.011471 0.020745 0.563039 0.397060 0.007686
2 2 0.008030 0.018095 0.551254 0.411756 0.010866
2 2 0.005914 0.014446 0.530549 0.440051 0.009040
2 2 0.004808 0.019674 0.697985 0.257693 0.019838
2 2 0.002751 0.008223 0.601943 0.382295 0.004789
2 2 0.002254 0.007000 0.660949 0.326039 0.003758
2 2 0.002512 0.006826 0.658713 0.328792 0.003157
2 2 0.002749 0.008269 0.714676 0.270179 0.004128
2 2 0.004696 0.016278 0.728037 0.238532 0.012456
2 2 0.005211 0.015522 0.610689 0.357310 0.011269
2 2 0.007606 0.026332 0.625278 0.314097 0.026687
2 2 0.009101 0.020451 0.500017 0.456651 0.013780
3 3 0.010231 0.021663 0.465282 0.488230 0.014593
3 3 0.009545 0.015970 0.336619 0.628907 0.008959
3 3 0.005716 0.007331 0.181615 0.802146 0.003192
3 3 0.003973 0.005303 0.152603 0.835792 0.002330
3 3 0.004033 0.005428 0.151373 0.836729 0.002436
3 3 0.002919 0.005725 0.253170 0.735170 0.003016
3 3 0.002482 0.003475 0.195862 0.796971 0.001210
3 3 0.002053 0.002659 0.189987 0.804519 0.000783
3 3 0.003069 0.004249 0.224254 0.766957 0.001471
3 3 0.004121 0.006033 0.265803 0.721728 0.002315
3 3 0.004396 0.005802 0.203490 0.784058 0.002254
3 3 0.003289 0.003519 0.137962 0.854128 0.001102
3 3 0.003136 0.003472 0.146159 0.846143 0.001090
3 3 0.003273 0.002849 0.103524 0.889591 0.000763
3 3 0.003364 0.002924 0.096429 0.896466 0.000817
3 3 0.002761 0.002373 0.071321 0.922843 0.000702
3 3 0.002785 0.002391 0.067196 0.926898 0.000730
3 3 0.002771 0.002373 0.061723 0.932383 0.000751
3 3 0.003669 0.003174 0.076961 0.915180 0.001016
3 3 0.004666 0.004072 0.093155 0.896791 0.001316
3 3 0.006686 0.005939 0.142921 0.842630 0.001823
3 3 0.020376 0.021216 0.313761 0.636369 0.008278
2 3 0.054130 0.061282 0.533670 0.332029 0.018888
2 2 0.101539 0.192963 0.563820 0.042090 0.099588
2 2 0.085387 0.223261 0.483532 0.015974 0.191846
2 2 0.017582 0.189069 0.605292 0.012770 0.175288
2 2 0.020061 0.219988 0.613524 0.011679 0.134748
2 2 0.012927 0.160558 0.647035 0.012653 0.166828
2 2 0.012494 0.114580 0.717927 0.021763 0.133237
2 2 0.014615 0.096576 0.772888 0.019917 0.096003
2 2 0.022224 0.109010 0.617027 0.011917 0.239822
4 2 0.045334 0.152364 0.395651 0.004438 0.402214
4 2 0.030876 0.132162 0.197698 0.001312 0.637953
4 2 0.038239 0.113527 0.085057 0.000636 0.762540
4 2 0.061948 0.103999 0.061854 0.000527 0.771672
4 1 0.043556 0.082546 0.057453 0.000582 0.815862
4 1 0.054625 0.131417 0.107324 0.001873 0.704761
4 2 0.025597 0.149111 0.275333 0.009132 0.540828
4 2 0.023959 0.184407 0.306833 0.014059 0.470742
2 2 0.022629 0.111815 0.493650 0.012437 0.359469
4 2 0.030919 0.112110 0.374123 0.007673 0.475175
4 2 0.028630 0.111674 0.219899 0.004350 0.635448
4 1 0.024134 0.103119 0.128508 0.003076 0.741163
4 2 0.026165 0.148505 0.205991 0.006202 0.613137
4 2 0.020791 0.109734 0.165663 0.005900 0.697913
4 2 0.014398 0.097995 0.175344 0.005056 0.707207
4 2 0.010642 0.097420 0.312970 0.009000 0.569968
4 2 0.018260 0.075009 0.110513 0.003162 0.793056
4 2 0.022034 0.071624 0.081528 0.001708 0.823107
4 1 0.040165 0.053471 0.036619 0.000486 0.869260
4 1 0.066163 0.054591 0.029218 0.000386 0.849641
4 0 0.109759 0.051364 0.020143 0.000236 0.818497
4 0 0.169519 0.053421 0.017425 0.000230 0.759405
4 0 0.175909 0.053172 0.017136 0.000229 0.753554
4 0 0.161732 0.032935 0.007435 0.000040 0.797857
4 0 0.131942 0.030934 0.007344 0.000034 0.829745
4 0 0.130401 0.034277 0.008888 0.000050 0.826384
4 0 0.194627 0.041033 0.010683 0.000097 0.753560
4 0 0.316789 0.045494 0.014650 0.000327 0.622740
0 0 0.930242 0.007667 0.000939 0.000060 0.061092
0 0 0.973719 0.005184 0.000601 0.000109 0.020387
0 0 0.978226 0.003761 0.000277 0.000026 0.017709
0 0 0.972527 0.004889 0.000353 0.000028 0.022202
0 0 0.948716 0.008958 0.000842 0.000065 0.041420
0 0 0.938739 0.013085 0.001991 0.000336 0.045848
0 0 0.955752 0.009706 0.001317 0.000239 0.032987
0 0 0.957344 0.009277 0.001238 0.000222 0.031919
0 0 0.942777 0.013316 0.002054 0.000404 0.041450
0 0 0.916901 0.023041 0.003084 0.000299 0.056675
0 0 0.842561 0.033597 0.005242 0.000456 0.118142
4 0 0.246166 0.040334 0.008789 0.000076 0.704635
4 0 0.114300 0.036551 0.010664 0.000067 0.838418
4 0 0.071480 0.040966 0.016673 0.000128 0.870753
4 0 0.068251 0.036468 0.013842 0.000086 0.881353
4 0 0.071978 0.031735 0.010479 0.000051 0.885757
4 0 0.080961 0.028620 0.008186 0.000033 0.882200
4 0 0.073105 0.035029 0.012421 0.000072 0.879374
4 0 0.077349 0.028612 0.008377 0.000034 0.885628
4 1 0.064976 0.026272 0.007866 0.000027 0.900858
4 1 0.033675 0.056796 0.030230 0.000106 0.879194
4 1 0.042321 0.055143 0.025861 0.000090 0.876585
4 1 0.047030 0.048398 0.020133 0.000063 0.884376
4 1 0.059611 0.069352 0.026771 0.000066 0.844199
4 1 0.052911 0.108411 0.047581 0.000093 0.791003
4 1 0.037531 0.165317 0.103579 0.000263 0.693310
4 1 0.036192 0.120166 0.070053 0.000174 0.773415
4 1 0.035220 0.077613 0.044649 0.000160 0.842357
4 1 0.037845 0.084446 0.049895 0.000206 0.827608
4 1 0.033449 0.077229 0.049072 0.000233 0.840018
4 1 0.028583 0.071062 0.046997 0.000212 0.853146
4 1 0.030692 0.075202 0.044603 0.000144 0.849359
4 1 0.027731 0.070882 0.045035 0.000166 0.856187
4 1 0.025661 0.083455 0.057196 0.000202 0.833486
4 1 0.023003 0.073680 0.051438 0.000182 0.851696
4 1 0.018030 0.067558 0.056958 0.000286 0.857169
4 1 0.018114 0.086096 0.087113 0.000671 0.808006
4 2 0.020938 0.124344 0.139802 0.001447 0.713469
4 2 0.019167 0.140532 0.181868 0.002451 0.655982
4 2 0.017467 0.141940 0.221345 0.005155 0.614092
2 2 0.007373 0.086622 0.651119 0.020895 0.233991
2 2 0.006556 0.078522 0.717785 0.019078 0.178059
2 2 0.007182 0.080165 0.727126 0.020382 0.165145
2 2 0.006443 0.070673 0.755357 0.020939 0.146588
2 2 0.006024 0.059693 0.816342 0.021432 0.096509
2 2 0.005742 0.050517 0.834865 0.028383 0.080492
2 2 0.005677 0.052607 0.823862 0.029555 0.088299
2 2 0.008280 0.066676 0.740680 0.038451 0.145913
2 2 0.008081 0.083865 0.622652 0.026087 0.259316
2 2 0.008839 0.088794 0.636422 0.026112 0.239833
2 2 0.007626 0.105112 0.608506 0.015539 0.263216
2 2 0.008463 0.117176 0.642085 0.013899 0.218377
2 2 0.010025 0.145600 0.585341 0.012035 0.247000
2 2 0.008826 0.108994 0.654562 0.016824 0.210793
2 2 0.006555 0.064273 0.788009 0.035687 0.105476
2 2 0.006945 0.064217 0.773311 0.039462 0.116064
2 2 0.008779 0.081721 0.682500 0.036139 0.190861
2 2 0.009872 0.089218 0.595558 0.038881 0.266471
2 4 0.010187 0.097834 0.509776 0.036753 0.345451
2 4 0.012092 0.096362 0.476115 0.051494 0.363938
4 4 0.006392 0.093710 0.265249 0.007370 0.627279
4 4 0.007838 0.110645 0.239349 0.005632 0.636536
4 4 0.008138 0.110739 0.227158 0.004644 0.649321
4 4 0.009999 0.087818 0.163380 0.004141 0.734662
4 4 0.010122 0.079516 0.174140 0.006734 0.729487
4 4 0.011386 0.066995 0.109923 0.002890 0.808806
4 4 0.023426 0.074910 0.091059 0.002608 0.807997
4 4 0.029678 0.089606 0.087829 0.001437 0.791450
4 4 0.037445 0.129971 0.122374 0.001823 0.708387
4 1 0.033100 0.146534 0.146752 0.001963 0.671652
4 1 0.025014 0.197240 0.266132 0.005296 0.506317
4 1 0.020858 0.238964 0.356475 0.007180 0.376524
4 1 0.013354 0.152059 0.357267 0.008711 0.468609
2 4 0.010786 0.142602 0.478941 0.014870 0.352801
4 4 0.012458 0.129836 0.411310 0.021989 0.424407
4 4 0.014509 0.105465 0.323098 0.023107 0.533821
4 4 0.017498 0.092155 0.204368 0.008384 0.677595
4 4 0.013624 0.077504 0.146868 0.004626 0.757379
4 4 0.010972 0.071021 0.125239 0.003802 0.788966
4 4 0.012972 0.051178 0.062130 0.000898 0.872822
4 4 0.032412 0.046620 0.031987 0.000335 0.888646
4 4 0.024451 0.055565 0.051244 0.000783 0.867958
4 4 0.020460 0.049125 0.045037 0.000555 0.884823
4 4 0.019411 0.060174 0.067214 0.001253 0.851949
4 4 0.016733 0.070641 0.098145 0.002653 0.811828
4 4 0.019865 0.067023 0.081012 0.001884 0.830215
4 4 0.020819 0.057884 0.060249 0.001025 0.860023
4 4 0.019732 0.059711 0.065677 0.001202 0.853678
4 4 0.021802 0.041533 0.032065 0.000284 0.904316
4 4 0.017714 0.042779 0.037832 0.000366 0.901310
4 4 0.019158 0.045165 0.040034 0.000424 0.895219
4 4 0.016849 0.048335 0.048557 0.000599 0.885660
4 4 0.015884 0.040968 0.037086 0.000336 0.905726
4 4 0.020162 0.031794 0.020613 0.000113 0.927319
4 4 0.017644 0.031735 0.022067 0.000122 0.928431
4 4 0.011201 0.042807 0.048528 0.000506 0.896957
4 4 0.012943 0.047838 0.054967 0.000695 0.883557
4 4 0.014336 0.055645 0.068624 0.001153 0.860241
4 4 0.020341 0.065599 0.076852 0.001700 0.835509
4 4 0.019713 0.059245 0.064770 0.001167 0.855106
4 4 0.135573 0.048234 0.031143 0.000876 0.784173
4 4 0.121353 0.050102 0.032998 0.000896 0.794651
4 4 0.099750 0.066305 0.057886 0.002528 0.773531
4 4 0.090253 0.062167 0.042033 0.001093 0.804455
4 4 0.073238 0.057027 0.032254 0.000514 0.836966
4 4 0.043677 0.040617 0.021260 0.000167 0.894279
4 4 0.026536 0.035846 0.022104 0.000145 0.915368
4 4 0.027483 0.046023 0.034127 0.000356 0.892011
4 4 0.039683 0.056122 0.040255 0.000587 0.863354
4 4 0.085293 0.054576 0.028250 0.000429 0.831451
4 4 0.096076 0.054819 0.028108 0.000462 0.820535
4 4 0.086267 0.066247 0.043674 0.001105 0.802708
4 4 0.065764 0.096963 0.095270 0.004975 0.737027
4 4 0.033309 0.044208 0.028625 0.000270 0.893589
4 4 0.020418 0.036372 0.026112 0.000182 0.916916
4 4 0.014536 0.029916 0.022520 0.000119 0.932909
4 4 0.024894 0.042592 0.044432 0.000689 0.887393
4 4 0.036019 0.047986 0.043694 0.000768 0.871533
4 4 0.036796 0.041584 0.028765 0.000308 0.892547
4 4 0.043185 0.041177 0.021926 0.000176 0.893535
4 4 0.020938 0.065395 0.075216 0.001644 0.836806
4 4 0.017628 0.078772 0.117018 0.004003 0.782579
4 4 0.016025 0.074638 0.111446 0.003445 0.794446
4 4 0.015696 0.065064 0.087214 0.001997 0.830029
4 4 0.014833 0.047618 0.050623 0.000619 0.886307
4 4 0.015458 0.050736 0.055594 0.000765 0.877448
4 4 0.022655 0.055416 0.053135 0.000817 0.867976
4 4 0.040482 0.055267 0.045477 0.000819 0.857955
4 4 0.113887 0.075008 0.053571 0.002095 0.755439
4 4 0.175195 0.072115 0.044451 0.001955 0.706285
4 4 0.223597 0.080143 0.052143 0.003454 0.640663
4 4 0.211212 0.065668 0.039153 0.001827 0.682140
4 4 0.163226 0.066045 0.046048 0.002146 0.722536
4 4 0.126673 0.070290 0.056496 0.002757 0.743784
4 4 0.066198 0.060943 0.057020 0.001905 0.813934
4 4 0.049968 0.057995 0.060673 0.001896 0.829468
