0 0 0.973522 0.002379 0.001897 0.021779 0.000423
0 0 0.973480 0.004643 0.003471 0.017538 0.000868
0 0 0.958151 0.012673 0.008854 0.017146 0.003175
0 0 0.955824 0.015242 0.010181 0.014540 0.004213
0 0 0.940556 0.020462 0.012521 0.014650 0.011810
0 0 0.923184 0.018154 0.010522 0.019602 0.028538
0 0 0.864710 0.039346 0.022830 0.019775 0.053339
0 0 0.873565 0.043336 0.025490 0.017266 0.040344
0 0 0.773680 0.106995 0.065180 0.012963 0.041182
0 0 0.496089 0.213514 0.146164 0.025906 0.118328
1 1 0.203108 0.302466 0.258332 0.028040 0.208054
2 1 0.057078 0.236896 0.477426 0.034475 0.194125
2 1 0.026808 0.163902 0.622619 0.056164 0.130508
2 1 0.016540 0.118595 0.690803 0.089965 0.084098
2 1 0.010999 0.090914 0.774167 0.092118 0.031802
2 1 0.009061 0.065529 0.798117 0.106896 0.020397
2 1 0.033518 0.119229 0.707553 0.102241 0.037459
2 1 0.121589 0.189549 0.551690 0.077446 0.059727
2 1 0.080968 0.185195 0.568202 0.101394 0.064241
2 1 0.070277 0.212401 0.585291 0.056995 0.075036
4 1 0.094512 0.180597 0.276917 0.095284 0.352690
0 4 0.248365 0.195988 0.240051 0.108190 0.207406
0 4 0.481955 0.133293 0.124727 0.078572 0.181453
0 4 0.595379 0.137876 0.125810 0.053642 0.087293
0 4 0.684230 0.115714 0.080180 0.028422 0.091455
0 1 0.600005 0.146880 0.117715 0.040760 0.094640
0 1 0.714403 0.108612 0.080398 0.036227 0.060360
0 0 0.690444 0.121912 0.094994 0.042302 0.050348
0 0 0.549800 0.133778 0.149219 0.113695 0.053508
0 0 0.420241 0.133906 0.208725 0.188079 0.049050
3 0 0.024775 0.026186 0.197475 0.740322 0.011242
3 0 0.006294 0.012439 0.170232 0.805591 0.005444
3 0 0.001485 0.007993 0.268315 0.720496 0.001711
3 0 0.001114 0.007326 0.318547 0.671868 0.001145
3 0 0.006402 0.014417 0.308199 0.667278 0.003705
3 0 0.008274 0.015735 0.271189 0.697225 0.007577
3 0 0.021677 0.038821 0.372756 0.535818 0.030928
3 1 0.021988 0.042625 0.300711 0.578070 0.056607
3 2 0.010350 0.019744 0.156491 0.789547 0.023868
3 2 0.003611 0.012905 0.144050 0.826152 0.013282
3 2 0.000038 0.002036 0.309939 0.687717 0.000270
3 2 0.000036 0.001599 0.235668 0.762488 0.000209
3 2 0.000039 0.001306 0.165651 0.832784 0.000221
3 2 0.000058 0.001240 0.103775 0.894606 0.000322
3 2 0.000051 0.001172 0.089607 0.908789 0.000381
3 2 0.000039 0.000970 0.076125 0.922559 0.000306
3 2 0.000043 0.000860 0.059307 0.939462 0.000328
3 2 0.000038 0.000698 0.052427 0.946566 0.000271
3 3 0.000041 0.000804 0.056734 0.942086 0.000334
3 3 0.000037 0.000566 0.041232 0.957957 0.000208
3 3 0.000067 0.000555 0.027102 0.972032 0.000244
3 3 0.000064 0.000501 0.022172 0.977004 0.000259
3 3 0.000140 0.000770 0.025151 0.973489 0.000450
3 3 0.000160 0.000867 0.026276 0.972112 0.000585
3 3 0.000282 0.001057 0.026445 0.971474 0.000742
3 3 0.000351 0.001245 0.028520 0.968972 0.000912
3 3 0.000393 0.001200 0.027522 0.970145 0.000739
3 3 0.000400 0.001250 0.028399 0.969182 0.000769
3 3 0.000302 0.001012 0.025933 0.972188 0.000565
3 3 0.000243 0.000795 0.022068 0.976434 0.000461
3 3 0.000086 0.000399 0.015371 0.983847 0.000296
3 3 0.000139 0.000493 0.015857 0.983101 0.000410
3 3 0.000106 0.000437 0.015579 0.983539 0.000338
3 3 0.000085 0.000370 0.014347 0.984919 0.000279
3 3 0.000133 0.000535 0.017854 0.981109 0.000369
3 3 0.000174 0.000528 0.016403 0.982543 0.000351
3 3 0.000256 0.000685 0.018472 0.980123 0.000464
3 3 0.000233 0.000511 0.014430 0.984460 0.000365
3 3 0.000161 0.000361 0.011285 0.987867 0.000326
3 3 0.000135 0.000355 0.011361 0.987771 0.000378
3 3 0.000134 0.000403 0.012483 0.986486 0.000495
3 3 0.000152 0.000476 0.014091 0.984721 0.000559
3 3 0.000137 0.000438 0.013872 0.985122 0.000431
3 3 0.000192 0.000521 0.015314 0.983565 0.000408
3 3 0.000250 0.000619 0.016495 0.982141 0.000495
3 3 0.000196 0.000603 0.017722 0.981057 0.000422
3 3 0.000242 0.000606 0.016261 0.982391 0.000501
3 3 0.000220 0.000505 0.014299 0.984581 0.000395
3 3 0.000328 0.000624 0.015134 0.983372 0.000543
3 3 0.000283 0.000620 0.016211 0.982440 0.000448
3 3 0.000106 0.000375 0.012989 0.986154 0.000375
3 3 0.000150 0.000422 0.013426 0.985650 0.000352
3 3 0.000284 0.000583 0.014755 0.983856 0.000522
3 3 0.000243 0.000482 0.012873 0.985943 0.000458
3 3 0.000232 0.000454 0.012012 0.986792 0.000510
3 3 0.000273 0.000441 0.011120 0.987664 0.000501
3 3 0.000258 0.000412 0.010600 0.988252 0.000477
3 3 0.000302 0.000468 0.011402 0.987300 0.000528
3 3 0.000360 0.000532 0.012169 0.986337 0.000602
3 3 0.000475 0.000665 0.013992 0.984198 0.000670
3 3 0.000404 0.000616 0.014014 0.984422 0.000545
3 3 0.000240 0.000424 0.011666 0.987298 0.000372
3 3 0.000172 0.000356 0.010899 0.988248 0.000325
3 3 0.000173 0.000397 0.012124 0.986961 0.000345
3 3 0.000184 0.000430 0.012775 0.986235 0.000377
3 3 0.000174 0.000368 0.011359 0.987791 0.000308
3 3 0.000206 0.000410 0.011781 0.987232 0.000372
3 3 0.000149 0.000371 0.011932 0.987229 0.000319
3 3 0.000234 0.000409 0.011259 0.987717 0.000381
3 3 0.000206 0.000384 0.011203 0.987878 0.000329
3 3 0.001176 0.000999 0.015800 0.981124 0.000901
3 3 0.001170 0.001105 0.018602 0.978460 0.000664
3 3 0.001087 0.001060 0.018953 0.978379 0.000522
3 3 0.001712 0.001796 0.030453 0.965423 0.000616
3 3 0.001854 0.002021 0.041726 0.953936 0.000462
3 3 0.003012 0.003387 0.073618 0.919521 0.000462
3 3 0.003413 0.004896 0.122305 0.868702 0.000683
3 3 0.011384 0.009619 0.140015 0.837334 0.001647
3 3 0.084962 0.026709 0.158301 0.723711 0.006318
0 3 0.470386 0.081642 0.182825 0.243508 0.021639
0 0 0.754071 0.067098 0.080333 0.079287 0.019212
0 0 0.888027 0.039201 0.028560 0.031028 0.013185
0 0 0.901399 0.040117 0.027244 0.019322 0.011918
0 1 0.945024 0.021149 0.013231 0.012710 0.007887
0 1 0.934570 0.027501 0.016718 0.011107 0.010104
0 4 0.831269 0.065620 0.040791 0.019691 0.042629
0 4 0.660592 0.127444 0.081225 0.025191 0.105548
0 4 0.711060 0.100964 0.066063 0.031355 0.090558
0 4 0.758213 0.096198 0.064146 0.027108 0.054335
0 4 0.555345 0.149276 0.159895 0.083706 0.051778
0 4 0.516738 0.129592 0.071233 0.015726 0.266711
0 4 0.475454 0.171708 0.105366 0.022096 0.225376
0 4 0.378870 0.207631 0.127791 0.019158 0.266550
0 4 0.533652 0.134776 0.082069 0.025735 0.223769
0 4 0.674380 0.090040 0.055509 0.030838 0.149234
0 4 0.410490 0.121759 0.191301 0.220769 0.055681
0 4 0.479548 0.124882 0.152043 0.143703 0.099823
0 4 0.503780 0.113553 0.125323 0.127437 0.129907
0 4 0.463394 0.126066 0.129809 0.106279 0.174453
0 4 0.441863 0.137485 0.124447 0.077395 0.218810
0 4 0.460245 0.130435 0.115531 0.079990 0.213799
0 4 0.492834 0.147217 0.139011 0.083941 0.136997
0 4 0.412236 0.157567 0.219796 0.142998 0.067404
2 4 0.263612 0.160065 0.387835 0.140484 0.048004
0 4 0.469700 0.167929 0.236332 0.072079 0.053960
0 4 0.689335 0.134498 0.099447 0.029131 0.047589
0 4 0.648555 0.137398 0.119554 0.046931 0.047562
0 4 0.736966 0.098928 0.073779 0.035898 0.054429
0 4 0.646756 0.114555 0.095819 0.054235 0.088634
0 4 0.578233 0.149245 0.134558 0.058108 0.079857
0 4 0.591325 0.182130 0.120436 0.021153 0.084956
0 4 0.675596 0.137115 0.090961 0.024473 0.071855
0 4 0.621230 0.165023 0.109319 0.022680 0.081746
0 4 0.625973 0.156250 0.106845 0.027192 0.083741
0 4 0.348969 0.252087 0.233952 0.045009 0.119983
1 4 0.208358 0.305383 0.304726 0.037626 0.143908
2 4 0.122078 0.324876 0.362218 0.029107 0.161720
2 4 0.037317 0.211318 0.629338 0.037710 0.084318
2 4 0.067152 0.228030 0.575770 0.044063 0.084985
2 4 0.078754 0.209159 0.542308 0.076092 0.093688
2 4 0.052871 0.158775 0.608644 0.124846 0.054864
2 4 0.185794 0.215800 0.339233 0.112594 0.146579
2 4 0.221742 0.205795 0.358842 0.118637 0.094985
2 4 0.292362 0.250158 0.316664 0.048299 0.092518
0 4 0.374281 0.229914 0.227698 0.042698 0.125409
0 4 0.440218 0.189856 0.137910 0.027764 0.204251
0 4 0.517201 0.154426 0.093539 0.021060 0.213774
0 4 0.476789 0.183985 0.132985 0.033072 0.173168
0 4 0.502599 0.179324 0.111875 0.021920 0.184282
0 4 0.379859 0.167188 0.138392 0.054671 0.259890
3 4 0.001679 0.023602 0.228843 0.694921 0.050956
3 4 0.000327 0.011246 0.282896 0.694492 0.011039
3 4 0.000257 0.012126 0.435433 0.545259 0.006925
2 1 0.000549 0.017966 0.486097 0.485445 0.009943
2 1 0.000649 0.019409 0.558555 0.410540 0.010847
2 1 0.000876 0.022176 0.604914 0.359004 0.013031
2 1 0.000509 0.016197 0.617344 0.353977 0.011974
2 1 0.000343 0.013680 0.620837 0.356825 0.008314
2 1 0.000289 0.012703 0.585958 0.393562 0.007488
2 1 0.000239 0.012199 0.583767 0.398761 0.005034
2 2 0.000187 0.010806 0.499147 0.485218 0.004642
3 2 0.000107 0.007380 0.472429 0.517753 0.002331
3 2 0.000107 0.005218 0.348253 0.644827 0.001596
3 2 0.000064 0.004067 0.372103 0.622613 0.001153
3 2 0.000099 0.005098 0.381974 0.611344 0.001485
3 2 0.000262 0.008022 0.404154 0.585195 0.002367
3 2 0.000710 0.010824 0.341918 0.642875 0.003673
3 2 0.004503 0.020731 0.341971 0.626140 0.006655
2 4 0.047580 0.085645 0.428893 0.390959 0.046923
2 4 0.140962 0.191287 0.452352 0.123919 0.091480
3 4 0.000625 0.016877 0.418494 0.543469 0.020535
3 4 0.000675 0.016973 0.347811 0.611304 0.023237
3 4 0.001415 0.024790 0.348641 0.592275 0.032879
3 4 0.003043 0.036926 0.371353 0.542814 0.045864
2 4 0.008747 0.067581 0.428631 0.417516 0.077526
3 4 0.037413 0.110490 0.349714 0.358439 0.143944
2 4 0.091814 0.139183 0.283829 0.261097 0.224076
4 4 0.197752 0.136759 0.213545 0.210407 0.241537
0 4 0.323226 0.130870 0.157522 0.142319 0.246063
0 4 0.420434 0.133374 0.124984 0.082895 0.238314
0 0 0.537670 0.126280 0.094086 0.048664 0.193300
0 0 0.519303 0.144017 0.091020 0.028049 0.217611
0 0 0.372070 0.185972 0.180297 0.072982 0.188679
4 1 0.164459 0.212296 0.258206 0.085182 0.279858
2 1 0.020704 0.088336 0.393800 0.371787 0.125373
3 1 0.003504 0.038040 0.383087 0.515043 0.060325
3 1 0.001080 0.019878 0.290784 0.651792 0.036466
3 1 0.000888 0.016878 0.277393 0.679061 0.025781
3 1 0.000376 0.011647 0.269302 0.704138 0.014537
3 1 0.000227 0.009211 0.303229 0.679416 0.007917
3 1 0.000426 0.011072 0.424258 0.560146 0.004097
3 2 0.000122 0.004410 0.364665 0.629893 0.000910
3 2 0.000149 0.003894 0.368808 0.626570 0.000579
3 2 0.000494 0.005790 0.362140 0.630776 0.000801
3 2 0.002829 0.010535 0.295021 0.689836 0.001778
3 2 0.018654 0.022061 0.258469 0.696050 0.004766
3 2 0.177956 0.064997 0.224599 0.510023 0.022426
0 2 0.721811 0.074041 0.071710 0.089366 0.043072
0 2 0.826215 0.059555 0.041006 0.034775 0.038450
0 0 0.806562 0.071437 0.046345 0.026141 0.049515
0 0 0.757652 0.093660 0.061269 0.026420 0.060999
0 0 0.518933 0.155968 0.118892 0.045610 0.160597
0 1 0.285578 0.223756 0.179384 0.032779 0.278503
4 1 0.118366 0.233827 0.238958 0.026500 0.382348
4 1 0.121636 0.207467 0.219932 0.038338 0.412627
4 1 0.262619 0.185346 0.184367 0.061919 0.305748
0 1 0.590680 0.141470 0.113296 0.045174 0.109380
0 0 0.678313 0.127204 0.081541 0.023877 0.089064
0 0 0.699291 0.110226 0.069090 0.024219 0.097174
0 0 0.658307 0.119211 0.083212 0.037761 0.101509
3 1 0.002448 0.031052 0.367861 0.542241 0.056398
3 1 0.002678 0.031871 0.341406 0.561872 0.062173
3 1 0.001864 0.028697 0.399656 0.531243 0.038539
3 1 0.001392 0.023763 0.326381 0.620626 0.027838
3 1 0.000443 0.012672 0.352600 0.627008 0.007277
3 1 0.000473 0.010997 0.313803 0.669551 0.005176
3 1 0.000328 0.008034 0.330113 0.659089 0.002436
3 2 0.000157 0.004771 0.387132 0.607267 0.000673
2 2 0.000152 0.004224 0.508962 0.486153 0.000509
3 2 0.000828 0.007273 0.466740 0.524164 0.000995
3 2 0.005223 0.015822 0.406715 0.569398 0.002842
3 2 0.018998 0.028141 0.325279 0.621045 0.006538
3 2 0.053244 0.051659 0.303412 0.576985 0.014700
0 2 0.296743 0.127869 0.228496 0.290625 0.056266
0 2 0.398786 0.162923 0.205488 0.139886 0.092917
0 4 0.304370 0.205729 0.231297 0.090190 0.168414
2 4 0.124197 0.215102 0.316162 0.111968 0.232571
3 4 0.009903 0.058758 0.342457 0.514949 0.073933
3 4 0.002222 0.028972 0.296333 0.630397 0.042076
3 4 0.000640 0.014132 0.267536 0.700981 0.016711
3 2 0.073864 0.084720 0.318020 0.484144 0.039251
2 2 0.141735 0.157466 0.332217 0.262129 0.106452
0 2 0.299582 0.176438 0.180365 0.076312 0.267303
4 2 0.262404 0.183652 0.187659 0.066500 0.299785
0 2 0.268347 0.192945 0.216496 0.083297 0.238915
0 2 0.387189 0.176206 0.190114 0.095567 0.150923
0 2 0.473534 0.182804 0.142011 0.042238 0.159413
0 2 0.392386 0.192380 0.171310 0.060412 0.183511
0 4 0.399632 0.211629 0.175472 0.039186 0.174080
0 4 0.380885 0.183394 0.140073 0.037493 0.258156
0 4 0.367163 0.157623 0.142502 0.068176 0.264536
0 4 0.322437 0.173432 0.199471 0.119685 0.184975
0 4 0.284482 0.191503 0.232748 0.127627 0.163640
2 4 0.149607 0.175802 0.311803 0.238824 0.123965
3 4 0.028990 0.051672 0.191352 0.674552 0.053433
3 4 0.001303 0.011438 0.175755 0.802310 0.009195
3 2 0.000690 0.006970 0.152820 0.835801 0.003718
3 2 0.000334 0.004268 0.138864 0.854917 0.001617
3 2 0.000451 0.003448 0.087241 0.907250 0.001609
3 2 0.000417 0.002572 0.063732 0.931894 0.001385
3 2 0.000130 0.002772 0.164324 0.831873 0.000900
3 2 0.000122 0.002602 0.168529 0.828163 0.000585
3 2 0.000155 0.003838 0.221008 0.774212 0.000787
3 2 0.000087 0.002395 0.177951 0.819137 0.000430
3 2 0.000043 0.001866 0.226535 0.771316 0.000239
3 2 0.000038 0.001365 0.166177 0.832224 0.000195
3 2 0.000036 0.001343 0.191138 0.807326 0.000158
3 2 0.000060 0.001887 0.212505 0.785308 0.000239
3 2 0.000051 0.001984 0.235195 0.762512 0.000258
3 2 0.000071 0.002429 0.208486 0.788534 0.000480
3 2 0.000154 0.004687 0.268123 0.725862 0.001174
3 2 0.000128 0.004694 0.272341 0.721421 0.001415
3 2 0.000162 0.005573 0.338435 0.654441 0.001389
3 2 0.000108 0.004469 0.372549 0.621895 0.000979
3 2 0.000086 0.003061 0.320923 0.675469 0.000461
3 2 0.000048 0.002080 0.248339 0.749184 0.000349
3 2 0.000052 0.001757 0.186517 0.811389 0.000285
3 3 0.000052 0.001853 0.177514 0.820236 0.000345
3 3 0.000070 0.001877 0.159339 0.838399 0.000315
3 3 0.000060 0.001590 0.141390 0.856691 0.000269
3 3 0.000161 0.001772 0.084606 0.912942 0.000520
3 3 0.000090 0.001188 0.068293 0.930089 0.000340
3 3 0.000041 0.000728 0.054419 0.944597 0.000215
3 3 0.000022 0.000473 0.045559 0.953819 0.000127
3 3 0.000018 0.000431 0.045314 0.954119 0.000118
3 3 0.000044 0.000635 0.042778 0.956333 0.000211
3 3 0.000080 0.000815 0.040975 0.957832 0.000297
3 3 0.000088 0.000905 0.043640 0.955001 0.000367
3 3 0.000197 0.001363 0.049380 0.948518 0.000542
3 3 0.000131 0.001104 0.046590 0.951801 0.000374
3 3 0.000165 0.001045 0.036182 0.962200 0.000407
3 3 0.000125 0.000952 0.034906 0.963636 0.000381
3 3 0.000196 0.001136 0.033164 0.964925 0.000579
3 3 0.000168 0.000879 0.027099 0.971362 0.000492
3 3 0.000142 0.000747 0.024451 0.974232 0.000428
3 3 0.000203 0.000960 0.027507 0.970761 0.000569
3 3 0.000200 0.000897 0.025493 0.972821 0.000590
3 3 0.000215 0.000792 0.022020 0.976414 0.000559
3 3 0.000158 0.000717 0.022080 0.976543 0.000502
3 3 0.000202 0.000913 0.026203 0.972127 0.000556
3 3 0.000112 0.000657 0.021228 0.977343 0.000661
3 3 0.000065 0.000443 0.017703 0.981383 0.000407
3 3 0.000054 0.000373 0.015500 0.983671 0.000401
3 3 0.000064 0.000481 0.018905 0.980074 0.000476
3 3 0.000077 0.000476 0.017816 0.981176 0.000455
3 3 0.000113 0.000461 0.015320 0.983639 0.000468
3 3 0.000164 0.000570 0.017455 0.981372 0.000438
3 3 0.000249 0.000708 0.019225 0.979343 0.000476
3 3 0.000307 0.000823 0.020630 0.977675 0.000565
3 3 0.000311 0.000867 0.021477 0.976735 0.000609
3 3 0.000258 0.000716 0.018591 0.979850 0.000585
3 3 0.000355 0.000882 0.020111 0.977861 0.000791
3 3 0.000347 0.000920 0.020832 0.977032 0.000869
3 3 0.000338 0.000920 0.020822 0.977006 0.000915
3 3 0.000198 0.000635 0.017773 0.980830 0.000564
3 3 0.000313 0.000718 0.017346 0.980985 0.000638
3 3 0.000204 0.000572 0.015802 0.982872 0.000550
3 3 0.000146 0.000473 0.014590 0.984322 0.000468
3 3 0.000087 0.000407 0.014608 0.984460 0.000438
3 3 0.000108 0.000453 0.015301 0.983679 0.000458
3 3 0.000198 0.000641 0.017442 0.981053 0.000667
3 3 0.000136 0.000409 0.013229 0.985852 0.000374
3 3 0.000102 0.000383 0.013903 0.985305 0.000307
3 3 0.000075 0.000279 0.011558 0.987880 0.000208
3 3 0.000092 0.000315 0.012057 0.987289 0.000246
3 3 0.000189 0.000402 0.011964 0.987103 0.000342
3 3 0.000319 0.000511 0.012268 0.986357 0.000545
3 3 0.000417 0.000521 0.011171 0.987215 0.000676
3 3 0.000665 0.000693 0.012588 0.985153 0.000902
3 3 0.000399 0.000631 0.013373 0.984747 0.000850
3 3 0.000390 0.000678 0.015432 0.982896 0.000604
3 3 0.000453 0.000635 0.013547 0.984706 0.000659
3 3 0.000542 0.000671 0.013774 0.984391 0.000622
3 3 0.000788 0.000860 0.015198 0.982276 0.000878
3 3 0.000506 0.000677 0.013846 0.984255 0.000717
3 3 0.000691 0.000688 0.012989 0.984957 0.000675
3 3 0.000701 0.000809 0.015275 0.982502 0.000713
3 3 0.000456 0.000710 0.015558 0.982687 0.000589
3 3 0.000456 0.000809 0.017264 0.980744 0.000728
3 3 0.000232 0.000472 0.012481 0.986296 0.000519
3 3 0.000463 0.000923 0.017986 0.979357 0.001271
3 3 0.000348 0.000813 0.018253 0.979720 0.000866
3 3 0.000646 0.001168 0.021239 0.975749 0.001198
3 3 0.000686 0.001006 0.017895 0.979265 0.001148
3 3 0.000611 0.000798 0.014891 0.982749 0.000952
3 3 0.000337 0.000576 0.013037 0.985311 0.000740
3 3 0.000288 0.000647 0.015333 0.982950 0.000782
3 3 0.000401 0.000827 0.017413 0.980366 0.000992
3 3 0.000571 0.000994 0.019130 0.978313 0.000992
3 3 0.000916 0.001387 0.022974 0.973497 0.001226
3 3 0.000926 0.001456 0.024664 0.971874 0.001081
3 3 0.000748 0.001149 0.021047 0.976166 0.000890
3 3 0.000884 0.001040 0.018315 0.978955 0.000806
3 3 0.000684 0.000790 0.015488 0.982446 0.000591
3 3 0.000710 0.000689 0.012866 0.985044 0.000690
3 3 0.000498 0.000458 0.009714 0.988836 0.000495
3 3 0.000528 0.000421 0.008751 0.989812 0.000487
3 3 0.000518 0.000466 0.009666 0.988817 0.000533
3 3 0.000499 0.000524 0.011134 0.987317 0.000525
3 3 0.000521 0.000632 0.012969 0.985228 0.000650
3 3 0.000639 0.001181 0.022278 0.974911 0.000992
3 3 0.000965 0.001539 0.025505 0.970821 0.001169
3 3 0.000743 0.001301 0.024393 0.972730 0.000832
3 3 0.005086 0.004607 0.043940 0.943683 0.002684
3 3 0.003865 0.005160 0.054005 0.934367 0.002602
3 3 0.007324 0.012917 0.123057 0.851808 0.004893
3 3 0.003920 0.010638 0.109479 0.871027 0.004936
3 3 0.000902 0.003974 0.060924 0.931193 0.003006
3 3 0.000358 0.002231 0.043040 0.951321 0.003050
3 2 0.000091 0.001462 0.040536 0.954703 0.003209
3 2 0.000051 0.001035 0.035705 0.961098 0.002111
3 2 0.000081 0.001428 0.042030 0.953756 0.002704
3 2 0.000080 0.001441 0.045729 0.950959 0.001792
3 2 0.000114 0.002143 0.066628 0.929179 0.001937
3 2 0.000080 0.003299 0.148527 0.846223 0.001871
3 2 0.000089 0.004550 0.189453 0.802940 0.002968
3 1 0.000155 0.006329 0.183608 0.803938 0.005970
3 1 0.000274 0.007976 0.168352 0.812616 0.010782
3 1 0.000511 0.010845 0.164286 0.801342 0.023016
3 1 0.000508 0.012468 0.197148 0.761401 0.028475
3 1 0.001045 0.017422 0.174247 0.765162 0.042124
3 1 0.000425 0.008744 0.122140 0.846470 0.022221
3 1 0.000690 0.010501 0.121971 0.836800 0.030038
3 1 0.000422 0.008651 0.126587 0.841470 0.022869
3 1 0.000309 0.009065 0.162460 0.807275 0.020890
3 4 0.000300 0.009597 0.185353 0.785140 0.019610
3 4 0.000603 0.013428 0.187743 0.766635 0.031590
3 4 0.000734 0.015023 0.194917 0.755277 0.034049
3 4 0.001086 0.017120 0.168855 0.763028 0.049912
3 4 0.002196 0.021842 0.146717 0.726495 0.102750
3 4 0.002003 0.019825 0.133920 0.731596 0.112656
3 4 0.003973 0.028957 0.152172 0.667989 0.146909
3 4 0.005227 0.034801 0.168601 0.643222 0.148149
3 4 0.012440 0.071334 0.258428 0.457088 0.200710
3 4 0.006564 0.057819 0.383890 0.448216 0.103512
2 4 0.006242 0.064458 0.535357 0.318264 0.075679
2 4 0.005097 0.057989 0.545616 0.324741 0.066558
3 4 0.004142 0.046494 0.430186 0.451954 0.067224
2 4 0.005551 0.057277 0.423472 0.406080 0.107620
2 4 0.004708 0.052615 0.416873 0.416215 0.109589
3 4 0.000390 0.011959 0.222693 0.747562 0.017396
3 4 0.000204 0.008555 0.207535 0.771881 0.011825
3 1 0.000146 0.006935 0.183961 0.798356 0.010602
3 1 0.000274 0.009449 0.199338 0.773667 0.017272
3 1 0.000492 0.013203 0.232664 0.730892 0.022749
3 1 0.000679 0.016156 0.273453 0.684184 0.025528
3 1 0.000728 0.017484 0.327126 0.630453 0.024209
3 1 0.000617 0.016496 0.316311 0.647621 0.018955
3 1 0.000769 0.018726 0.302798 0.658713 0.018994
3 1 0.002047 0.017119 0.192878 0.773118 0.014837
3 1 0.006945 0.028018 0.208616 0.736363 0.020058
3 0 0.033308 0.054587 0.192825 0.666625 0.052654
3 0 0.151748 0.092279 0.189599 0.438560 0.127814
0 1 0.326537 0.133464 0.146084 0.126795 0.267119
4 1 0.254695 0.136630 0.144925 0.105921 0.357830
4 1 0.179992 0.157385 0.131056 0.042527 0.489040
4 1 0.079937 0.130873 0.195824 0.160978 0.432389
2 1 0.035599 0.124471 0.297929 0.289709 0.252293
3 1 0.011649 0.069263 0.254755 0.459391 0.204941
3 1 0.003786 0.028740 0.223127 0.694809 0.049539
4 4 0.058084 0.092619 0.092508 0.033143 0.723646
4 4 0.046068 0.082046 0.103990 0.058779 0.709117
4 4 0.031288 0.076747 0.147345 0.168674 0.575946
4 4 0.022033 0.088465 0.209995 0.227213 0.452294
4 4 0.025406 0.098229 0.188055 0.138820 0.549490
4 4 0.034386 0.105882 0.144095 0.061252 0.654385
4 4 0.025215 0.088776 0.131817 0.061839 0.692352
4 4 0.032008 0.095880 0.122548 0.043221 0.706342
4 4 0.047380 0.107437 0.099691 0.020459 0.725034
4 4 0.083190 0.137147 0.116722 0.024616 0.638324
4 4 0.070015 0.138057 0.088825 0.008626 0.694476
4 4 0.042045 0.106176 0.106088 0.026976 0.718714
4 4 0.040202 0.147442 0.189402 0.041105 0.581849
2 4 0.010210 0.078446 0.341763 0.323667 0.245913
3 4 0.006695 0.048744 0.239689 0.534704 0.170168
3 4 0.023648 0.066082 0.200696 0.465809 0.243766
3 4 0.065231 0.100903 0.225049 0.346098 0.262719
4 4 0.064825 0.146975 0.267963 0.175824 0.344413
4 4 0.057619 0.163659 0.266903 0.123861 0.387957
4 4 0.072624 0.130536 0.086243 0.011046 0.699551
4 4 0.050437 0.130422 0.122565 0.022383 0.674194
4 4 0.044824 0.155835 0.193965 0.040973 0.564403
4 4 0.041369 0.158418 0.199796 0.036390 0.564027
4 4 0.036972 0.133029 0.164760 0.034835 0.630405
4 4 0.045867 0.136297 0.149308 0.029709 0.638819
4 4 0.080590 0.159147 0.166139 0.043132 0.550993
4 4 0.079425 0.164347 0.168268 0.041018 0.546943
4 4 0.102576 0.116789 0.134129 0.082184 0.564322
4 4 0.096124 0.134276 0.159048 0.074877 0.535675
4 4 0.043204 0.125715 0.173376 0.061490 0.596215
4 4 0.052329 0.109772 0.136899 0.054162 0.646838
4 4 0.065386 0.128287 0.140347 0.039717 0.626263
4 4 0.047611 0.135962 0.138142 0.025686 0.652600
4 4 0.049104 0.129970 0.119402 0.019624 0.681901
4 4 0.035024 0.115668 0.161658 0.061978 0.625672
4 4 0.021539 0.085739 0.163112 0.122558 0.607051
3 4 0.005995 0.039847 0.184490 0.606933 0.162736
3 4 0.003627 0.029253 0.165009 0.681989 0.120123
3 4 0.001890 0.021807 0.164510 0.740789 0.071004
3 4 0.000900 0.014956 0.163334 0.792033 0.028778
3 2 0.000876 0.020975 0.315256 0.646606 0.016286
3 2 0.000599 0.017221 0.304459 0.664394 0.013327
3 2 0.001450 0.018683 0.252951 0.710513 0.016403
3 2 0.010062 0.028298 0.136420 0.760088 0.065132
3 2 0.054794 0.067670 0.164405 0.462607 0.250525
4 2 0.107699 0.093810 0.134908 0.175035 0.488548
4 2 0.111423 0.098650 0.123772 0.129137 0.537018
4 2 0.114468 0.094502 0.105681 0.096171 0.589178
4 2 0.054188 0.084595 0.148828 0.218142 0.494248
3 2 0.017836 0.048449 0.166387 0.579385 0.187943
3 2 0.002684 0.021072 0.144231 0.760750 0.071263
3 2 0.000863 0.014170 0.160395 0.791087 0.033484
3 2 0.000281 0.009531 0.222639 0.756949 0.010601
3 2 0.000207 0.010067 0.310466 0.671685 0.007576
3 2 0.000336 0.013655 0.370311 0.607550 0.008148
2 2 0.001283 0.028318 0.528936 0.428388 0.013075
2 2 0.002715 0.041581 0.590507 0.348549 0.016649
2 2 0.007135 0.065860 0.628496 0.273233 0.025277
2 2 0.042901 0.189035 0.475479 0.128418 0.164168
2 2 0.188236 0.259349 0.270245 0.040295 0.241875
4 2 0.205829 0.060203 0.029968 0.010979 0.693021
4 4 0.146529 0.067989 0.035542 0.010965 0.738975
4 4 0.159854 0.073820 0.041306 0.016407 0.708613
4 4 0.068893 0.162434 0.147867 0.025563 0.595242
4 4 0.055098 0.168944 0.175880 0.026918 0.573160
2 4 0.021659 0.139539 0.402307 0.108883 0.327611
3 4 0.007020 0.059223 0.316044 0.486725 0.130989
3 4 0.002780 0.031310 0.240983 0.665865 0.059063
3 4 0.000941 0.019425 0.246510 0.708319 0.024805
3 4 0.000556 0.015792 0.268247 0.700481 0.014924
3 4 0.000259 0.009022 0.204178 0.779133 0.007407
3 4 0.000101 0.005108 0.186065 0.805548 0.003178
3 2 0.000088 0.004598 0.179238 0.813213 0.002863
3 2 0.000066 0.004028 0.181996 0.811490 0.002420
3 2 0.000057 0.003119 0.162882 0.832398 0.001544
3 2 0.000033 0.002414 0.159077 0.837334 0.001142
3 2 0.000033 0.002467 0.169236 0.827211 0.001053
3 2 0.000042 0.002775 0.139973 0.855510 0.001700
3 2 0.000055 0.003613 0.135016 0.858218 0.003098
3 2 0.000093 0.005306 0.142803 0.846083 0.005715
3 2 0.000558 0.016658 0.316033 0.653741 0.013009
3 2 0.000256 0.011107 0.287715 0.692439 0.008483
3 2 0.000233 0.010865 0.314430 0.666978 0.007495
3 2 0.000287 0.012731 0.381179 0.598625 0.007178
3 2 0.000159 0.009460 0.374947 0.610332 0.005103
3 2 0.000191 0.010193 0.382592 0.600694 0.006329
3 2 0.000223 0.010427 0.357257 0.623157 0.008936
3 2 0.000589 0.016373 0.346227 0.618693 0.018117
3 2 0.001453 0.025141 0.350700 0.589393 0.033312
3 2 0.003829 0.040074 0.371474 0.524769 0.059853
3 2 0.004883 0.047838 0.444481 0.448096 0.054701
2 2 0.008577 0.068288 0.431751 0.392196 0.099189
3 4 0.012785 0.074650 0.278405 0.445520 0.188639
4 4 0.017077 0.086515 0.242201 0.297253 0.356954
3 4 0.010622 0.069311 0.248964 0.394581 0.276522
4 4 0.013677 0.087088 0.270736 0.282492 0.346005
2 4 0.011912 0.083593 0.311261 0.287078 0.306156
3 4 0.006540 0.056378 0.300900 0.455161 0.181020
3 4 0.005642 0.055141 0.364701 0.435991 0.138525
3 4 0.002424 0.030710 0.306596 0.582954 0.077316
3 4 0.005619 0.038161 0.185881 0.639214 0.131125
3 4 0.010529 0.058447 0.211763 0.474712 0.244548
3 4 0.009630 0.068605 0.313945 0.436564 0.171257
3 4 0.012312 0.085147 0.344229 0.381330 0.176981
2 4 0.028952 0.141867 0.331495 0.195779 0.301906
2 4 0.039659 0.179271 0.337225 0.114691 0.329153
2 4 0.029188 0.158204 0.371568 0.169734 0.271305
2 4 0.020194 0.135240 0.430872 0.180700 0.232994
2 4 0.032250 0.174226 0.387939 0.076995 0.328591
2 4 0.029464 0.162949 0.418738 0.090101 0.298748
2 4 0.015899 0.115281 0.481537 0.199237 0.188045
3 4 0.007890 0.057347 0.310980 0.517589 0.106195
3 4 0.003149 0.034923 0.254546 0.655132 0.052250
3 4 0.001442 0.022490 0.210764 0.733219 0.032085
3 4 0.003879 0.019879 0.140964 0.801438 0.033840
3 4 0.013190 0.027315 0.132120 0.784878 0.042496
3 4 0.028750 0.028809 0.110199 0.787313 0.044929
3 4 0.075638 0.035328 0.093407 0.720377 0.075250
3 4 0.223484 0.045631 0.079108 0.528386 0.123391
0 4 0.397434 0.075316 0.084186 0.218053 0.225011
4 4 0.034739 0.140675 0.260426 0.127116 0.437044
3 4 0.013650 0.065539 0.228207 0.502751 0.189853
3 4 0.012453 0.054596 0.224791 0.611729 0.096430
3 4 0.015266 0.085378 0.380930 0.404373 0.114052
2 4 0.008407 0.069134 0.509617 0.358694 0.054148
2 4 0.005895 0.058288 0.504791 0.364808 0.066218
3 4 0.000854 0.018206 0.363140 0.597838 0.019962
3 4 0.000715 0.017003 0.289510 0.668693 0.024079
3 1 0.000373 0.011636 0.243073 0.730137 0.014780
3 1 0.000183 0.007998 0.229997 0.753806 0.008016
3 1 0.000114 0.005584 0.245447 0.745337 0.003517
3 2 0.000139 0.006493 0.326377 0.664180 0.002811
3 2 0.000263 0.009215 0.339463 0.647076 0.003982
3 2 0.000287 0.009782 0.375933 0.610495 0.003505
3 2 0.000223 0.008812 0.392693 0.595468 0.002804
3 2 0.000185 0.007521 0.363479 0.626394 0.002420
3 2 0.000154 0.006350 0.328784 0.662623 0.002090
3 2 0.000103 0.005721 0.318266 0.673677 0.002233
3 2 0.000063 0.004486 0.290770 0.703102 0.001578
3 2 0.000068 0.004759 0.338230 0.655539 0.001405
3 2 0.000074 0.004363 0.255566 0.738389 0.001608
3 2 0.000056 0.003661 0.273209 0.721950 0.001124
3 2 0.000119 0.005152 0.290273 0.703026 0.001430
3 2 0.000060 0.002963 0.180547 0.815427 0.001003
3 2 0.000050 0.002702 0.162680 0.833551 0.001018
3 2 0.000067 0.003566 0.188158 0.806766 0.001443
3 2 0.000084 0.003704 0.224677 0.770425 0.001110
3 2 0.000063 0.003221 0.297324 0.698789 0.000602
3 2 0.000049 0.002712 0.339272 0.657549 0.000418
3 2 0.000068 0.002860 0.272078 0.724397 0.000598
3 2 0.000087 0.002494 0.165652 0.831105 0.000661
3 2 0.000117 0.002950 0.136266 0.859573 0.001094
3 2 0.000081 0.002121 0.097426 0.899543 0.000829
3 2 0.000133 0.003207 0.118540 0.876875 0.001244
3 2 0.000172 0.003473 0.110574 0.884330 0.001450
3 2 0.000234 0.003770 0.108946 0.885561 0.001490
3 2 0.000112 0.002479 0.098115 0.898391 0.000903
3 2 0.000092 0.002093 0.087413 0.909573 0.000829
3 2 0.000116 0.002425 0.091600 0.904944 0.000914
3 2 0.000120 0.002160 0.071093 0.925680 0.000947
3 2 0.000083 0.001484 0.052394 0.945122 0.000918
3 3 0.000067 0.001086 0.041453 0.956650 0.000746
3 3 0.000115 0.001271 0.040988 0.956786 0.000840
3 3 0.000191 0.001558 0.041375 0.955685 0.001190
3 3 0.000310 0.001995 0.044506 0.951590 0.001599
3 3 0.000308 0.002104 0.046266 0.949533 0.001789
3 3 0.000247 0.001797 0.042642 0.953741 0.001573
3 3 0.000188 0.001452 0.037353 0.959574 0.001433
3 3 0.000163 0.001328 0.036239 0.961022 0.001248
3 3 0.000146 0.001041 0.029883 0.967924 0.001006
3 3 0.000155 0.001028 0.028792 0.968975 0.001050
3 3 0.000156 0.001071 0.029827 0.967853 0.001093
3 3 0.000198 0.001052 0.027419 0.970266 0.001064
3 3 0.000249 0.000984 0.023609 0.974027 0.001132
3 3 0.000108 0.000560 0.017970 0.980687 0.000676
3 3 0.000117 0.000679 0.021302 0.977168 0.000735
3 3 0.000087 0.000557 0.019251 0.979476 0.000630
3 3 0.000114 0.000611 0.019689 0.978958 0.000628
3 3 0.000175 0.000799 0.022045 0.976150 0.000831
3 3 0.000163 0.000836 0.023258 0.974825 0.000918
3 3 0.000133 0.000550 0.017025 0.981710 0.000582
3 3 0.000116 0.000466 0.015349 0.983600 0.000471
3 3 0.000185 0.000622 0.016989 0.981482 0.000721
3 3 0.000185 0.000583 0.015429 0.982967 0.000835
3 3 0.000274 0.000732 0.016419 0.981335 0.001240
3 3 0.000169 0.000611 0.016755 0.981652 0.000812
3 3 0.000182 0.000660 0.018073 0.980336 0.000749
3 3 0.000196 0.000732 0.020126 0.978268 0.000677
3 3 0.000110 0.000549 0.018458 0.980386 0.000498
3 3 0.000134 0.000607 0.018618 0.980013 0.000628
3 3 0.000222 0.000709 0.018348 0.979953 0.000767
3 3 0.000229 0.000557 0.014070 0.984401 0.000743
3 3 0.000359 0.000755 0.016109 0.981716 0.001061
3 3 0.000470 0.000799 0.015433 0.982081 0.001218
3 3 0.000360 0.000713 0.015013 0.982805 0.001109
3 3 0.000200 0.000570 0.014942 0.983525 0.000763
3 3 0.000113 0.000442 0.013808 0.984985 0.000652
3 3 0.000139 0.000584 0.017053 0.981454 0.000769
3 3 0.000155 0.000617 0.017882 0.980658 0.000689
3 3 0.000194 0.000689 0.018846 0.979580 0.000690
3 3 0.000737 0.001211 0.020490 0.976089 0.001474
3 3 0.000855 0.001327 0.021745 0.974636 0.001438
3 3 0.000826 0.001298 0.021835 0.974743 0.001298
3 3 0.000410 0.000875 0.019352 0.978627 0.000736
3 3 0.000535 0.001034 0.020754 0.976791 0.000886
3 3 0.000481 0.001059 0.022035 0.975556 0.000869
3 3 0.000678 0.001244 0.022865 0.974145 0.001067
3 3 0.000501 0.001301 0.026270 0.970872 0.001056
3 3 0.000362 0.001127 0.025561 0.972068 0.000882
3 3 0.000325 0.001059 0.024305 0.973352 0.000959
3 3 0.000266 0.000944 0.022885 0.974969 0.000936
3 3 0.000160 0.000681 0.019563 0.978880 0.000717
3 3 0.000105 0.000634 0.021482 0.977235 0.000543
3 2 0.000112 0.000550 0.018831 0.980077 0.000431
3 2 0.000182 0.000827 0.024338 0.974106 0.000548
3 2 0.000411 0.001810 0.039059 0.957562 0.001158
3 2 0.000565 0.002941 0.054643 0.939910 0.001942
3 2 0.000386 0.002394 0.050620 0.944981 0.001619
3 2 0.000358 0.002742 0.056990 0.937778 0.002131
3 2 0.000426 0.002893 0.058829 0.935851 0.002000
3 2 0.006299 0.030170 0.165510 0.728783 0.069237
3 2 0.003157 0.018163 0.118319 0.788223 0.072137
3 2 0.005557 0.028165 0.144401 0.713017 0.108860
3 4 0.004341 0.033355 0.179563 0.665668 0.117073
3 4 0.021042 0.062394 0.200867 0.544799 0.170899
3 4 0.023288 0.084270 0.283765 0.477367 0.131310
2 4 0.030611 0.135356 0.447784 0.244316 0.141934
2 4 0.020396 0.115452 0.462378 0.269912 0.131862
2 4 0.027549 0.124846 0.334187 0.275498 0.237920
4 4 0.031906 0.089753 0.218272 0.307215 0.352855
3 4 0.012053 0.052973 0.170550 0.399286 0.365138
4 4 0.010121 0.057779 0.177385 0.295208 0.459507
4 4 0.014406 0.074214 0.188443 0.205275 0.517661
4 4 0.024003 0.102532 0.196218 0.118825 0.558421
4 4 0.031283 0.109842 0.166325 0.073345 0.619205
4 4 0.037411 0.148158 0.280533 0.107719 0.426178
4 4 0.041920 0.147634 0.227169 0.085675 0.497601
4 4 0.035032 0.138110 0.239211 0.105340 0.482307
4 4 0.031626 0.142949 0.263104 0.104016 0.458305
4 4 0.019264 0.094022 0.190562 0.112233 0.583919
4 4 0.038285 0.149051 0.256508 0.107155 0.449001
4 4 0.051084 0.106378 0.194812 0.192123 0.455602
4 4 0.054752 0.085467 0.158848 0.233678 0.467254
4 4 0.046463 0.068454 0.141901 0.308528 0.434654
3 4 0.036184 0.057212 0.135613 0.385815 0.385175
4 4 0.049291 0.071743 0.109177 0.144286 0.625503
4 4 0.072182 0.051297 0.067037 0.140495 0.668990
4 4 0.084790 0.082095 0.088776 0.065766 0.678572
4 4 0.066191 0.077596 0.093156 0.075809 0.687248
4 4 0.075933 0.073407 0.064302 0.030792 0.755566
4 4 0.093452 0.064647 0.052370 0.031446 0.758084
4 4 0.084359 0.063363 0.050002 0.026392 0.775885
4 4 0.077327 0.090078 0.089874 0.043250 0.699471
4 4 0.061175 0.096897 0.088850 0.025525 0.727553
4 4 0.103902 0.124926 0.107726 0.027935 0.635511
4 4 0.058050 0.132309 0.109589 0.016059 0.683993
4 4 0.045422 0.123578 0.133339 0.033827 0.663834
4 4 0.044453 0.127859 0.137430 0.030655 0.659602
4 4 0.030704 0.088898 0.123640 0.060977 0.695781
4 4 0.034483 0.112068 0.149503 0.050429 0.653517
4 4 0.015352 0.053629 0.113011 0.141144 0.676863
4 4 0.017841 0.053328 0.122981 0.224139 0.581712
4 4 0.013322 0.060033 0.151529 0.230559 0.544557
4 4 0.016924 0.073707 0.171845 0.201958 0.535566
4 4 0.018739 0.095544 0.243482 0.141505 0.500729
4 4 0.024767 0.116307 0.242351 0.113444 0.503130
4 4 0.030999 0.147841 0.258781 0.074705 0.487674
4 4 0.037197 0.151201 0.225853 0.060324 0.525426
4 4 0.028432 0.111395 0.180475 0.073998 0.605700
4 4 0.030447 0.084617 0.143790 0.101791 0.639355
4 4 0.018041 0.063865 0.129526 0.131136 0.657431
4 4 0.019768 0.056267 0.109578 0.131796 0.682591
4 4 0.027866 0.072225 0.135981 0.140363 0.623564
4 4 0.023706 0.097553 0.160657 0.069761 0.648323
4 4 0.026136 0.101666 0.157580 0.064566 0.650052
4 4 0.028634 0.115082 0.213991 0.114125 0.528169
3 4 0.017662 0.080063 0.250060 0.378010 0.274205
3 4 0.002004 0.027063 0.308434 0.615133 0.047366
3 4 0.003456 0.036331 0.326608 0.566385 0.067220
3 4 0.003939 0.037686 0.286663 0.564370 0.107342
4 4 0.021376 0.096208 0.202791 0.149197 0.530428
3 4 0.010654 0.068667 0.260154 0.388379 0.272146
3 4 0.008702 0.059082 0.248702 0.453739 0.229775
4 4 0.015007 0.081891 0.214662 0.214749 0.473692
4 4 0.024235 0.117485 0.231574 0.111172 0.515535
4 4 0.024794 0.107516 0.171579 0.060696 0.635415
4 4 0.027336 0.112784 0.170102 0.054786 0.634992
4 4 0.031033 0.108317 0.228667 0.175096 0.456887
4 4 0.051717 0.130747 0.260951 0.200171 0.356414
3 4 0.033741 0.100827 0.320343 0.405153 0.139936
3 4 0.030086 0.090997 0.344662 0.451827 0.082429
3 4 0.021459 0.073545 0.302645 0.520176 0.082175
3 4 0.008814 0.058577 0.337112 0.522560 0.072937
3 4 0.004201 0.034911 0.213245 0.645826 0.101817
3 4 0.003907 0.031354 0.196002 0.643221 0.125516
3 4 0.004171 0.035175 0.232468 0.592089 0.136097
3 4 0.002832 0.029076 0.275154 0.594928 0.098009
3 4 0.003481 0.031305 0.268898 0.594596 0.101721
3 4 0.008065 0.048849 0.273528 0.515797 0.153762
3 4 0.010756 0.069991 0.374648 0.407292 0.137313
4 4 0.016498 0.088072 0.236726 0.192940 0.465763
3 4 0.004653 0.045242 0.339760 0.483986 0.126359
3 4 0.004573 0.042124 0.326543 0.530495 0.096265
3 4 0.002353 0.031322 0.341136 0.578711 0.046478
3 4 0.001569 0.026394 0.383693 0.553950 0.034394
3 4 0.001708 0.028191 0.462761 0.474081 0.033259
3 1 0.000890 0.019888 0.444232 0.508205 0.026784
3 1 0.001703 0.025501 0.350716 0.572113 0.049967
3 1 0.005078 0.050477 0.352923 0.463886 0.127636
2 1 0.010013 0.085321 0.421582 0.289056 0.194028
2 1 0.010327 0.087680 0.479656 0.249752 0.172584
2 1 0.007520 0.069602 0.512478 0.299055 0.111345
2 1 0.008170 0.072283 0.529890 0.275295 0.114362
2 1 0.006295 0.064011 0.608064 0.255576 0.066055
2 1 0.003198 0.039363 0.544130 0.374859 0.038450
2 1 0.002142 0.033657 0.552187 0.386476 0.025537
2 1 0.001691 0.029807 0.502172 0.442247 0.024084
3 1 0.001021 0.023782 0.464300 0.494633 0.016265
3 1 0.001062 0.024007 0.427705 0.529918 0.017307
3 1 0.000747 0.019846 0.380094 0.584570 0.014743
3 1 0.000338 0.013712 0.380767 0.596965 0.008217
3 2 0.000132 0.009005 0.399856 0.587229 0.003778
3 2 0.000188 0.010679 0.382383 0.602082 0.004667
3 2 0.000150 0.009559 0.374724 0.611547 0.004019
3 2 0.000131 0.009030 0.397023 0.590210 0.003606
3 2 0.000166 0.009493 0.351774 0.632976 0.005591
3 2 0.000230 0.010751 0.336566 0.644443 0.008009
3 2 0.000187 0.009731 0.363597 0.619184 0.007302
3 2 0.000413 0.014345 0.336768 0.637012 0.011462
3 2 0.002327 0.032856 0.394686 0.549047 0.021083
3 2 0.017893 0.077178 0.376784 0.468760 0.059386
2 2 0.046036 0.134140 0.440471 0.295543 0.083810
2 2 0.043944 0.188305 0.450467 0.152852 0.164432
2 2 0.060426 0.218974 0.372681 0.115204 0.232715
2 2 0.043658 0.178846 0.392807 0.202822 0.181866
3 0 0.015436 0.081728 0.369976 0.473512 0.059349
2 0 0.004837 0.055739 0.589936 0.328575 0.020913
2 1 0.002001 0.035093 0.711350 0.241083 0.010473
2 1 0.001226 0.027853 0.733008 0.230263 0.007650
2 1 0.001391 0.030010 0.649079 0.309306 0.010214
3 1 0.000227 0.010801 0.352917 0.628262 0.007792
3 2 0.000380 0.013985 0.351756 0.623514 0.010365
3 2 0.000326 0.013382 0.385504 0.592417 0.008372
3 2 0.000433 0.015736 0.441627 0.532900 0.009305
2 2 0.000276 0.012889 0.512321 0.468165 0.006349
2 2 0.000207 0.011589 0.560916 0.423044 0.004244
2 2 0.000169 0.010672 0.544892 0.440774 0.003492
3 2 0.000181 0.010786 0.465552 0.519293 0.004187
3 2 0.000293 0.013093 0.403799 0.576020 0.006795
3 2 0.000408 0.015544 0.407721 0.568334 0.007993
3 2 0.000458 0.016938 0.434598 0.540513 0.007492
3 2 0.000366 0.015368 0.439073 0.539077 0.006116
3 2 0.000364 0.015377 0.452869 0.525381 0.006008
3 2 0.000208 0.011713 0.454395 0.529511 0.004173
3 2 0.000219 0.011915 0.458689 0.524610 0.004566
2 2 0.000141 0.009767 0.532011 0.455363 0.002719
2 2 0.000102 0.007873 0.528530 0.461631 0.001864
2 2 0.000122 0.009383 0.615924 0.372729 0.001844
2 2 0.000154 0.010744 0.577763 0.408982 0.002359
2 2 0.000220 0.012797 0.544914 0.439004 0.003065
3 2 0.000208 0.007868 0.292137 0.696465 0.003322
3 2 0.000130 0.004700 0.226308 0.767280 0.001582
3 2 0.000205 0.005779 0.247357 0.745164 0.001495
3 2 0.000212 0.005181 0.199595 0.793616 0.001396
3 2 0.000271 0.006155 0.220998 0.771018 0.001557
3 2 0.000214 0.005680 0.231026 0.761597 0.001483
3 2 0.000160 0.005057 0.241281 0.752138 0.001365
3 2 0.000058 0.003101 0.213985 0.781952 0.000904
3 2 0.000022 0.001599 0.144043 0.853755 0.000581
3 2 0.000016 0.001160 0.113179 0.885201 0.000445
3 2 0.000019 0.001039 0.083760 0.914696 0.000486
3 2 0.000016 0.000941 0.083002 0.915652 0.000389
3 2 0.000023 0.001323 0.116808 0.881448 0.000397
3 2 0.000026 0.001958 0.175713 0.821713 0.000590
3 2 0.000040 0.002769 0.231159 0.765283 0.000749
3 2 0.000033 0.002135 0.158597 0.838400 0.000836
3 2 0.000043 0.002068 0.127857 0.869150 0.000883
3 2 0.000084 0.002958 0.129383 0.866110 0.001465
3 3 0.000080 0.003109 0.135604 0.859697 0.001511
3 3 0.000085 0.004192 0.198203 0.795905 0.001616
3 3 0.000982 0.013690 0.267327 0.711707 0.006294
3 3 0.000135 0.005259 0.189115 0.802179 0.003312
3 3 0.000059 0.004277 0.253694 0.739918 0.002052
3 3 0.000114 0.006663 0.335715 0.654738 0.002771
3 3 0.000105 0.006440 0.343278 0.648054 0.002123
3 3 0.000128 0.007214 0.332905 0.657341 0.002412
3 3 0.000120 0.006581 0.326497 0.665031 0.001772
3 3 0.000140 0.005591 0.251102 0.741426 0.001741
3 3 0.000092 0.004071 0.225909 0.768839 0.001090
3 3 0.000077 0.003370 0.186873 0.808677 0.001003
3 3 0.000066 0.003227 0.221984 0.773907 0.000816
3 3 0.000118 0.003471 0.192856 0.802610 0.000946
3 3 0.000135 0.003737 0.232360 0.763030 0.000739
3 3 0.000581 0.006615 0.263479 0.728239 0.001086
3 3 0.009462 0.028299 0.328804 0.626176 0.007258
3 2 0.017798 0.035985 0.364366 0.572343 0.009508
