0 0 0.716189 0.075058 0.048909 0.048206 0.111638
0 0 0.785275 0.063505 0.029302 0.024573 0.097344
0 0 0.854617 0.052683 0.012523 0.009497 0.070680
0 0 0.911288 0.041953 0.004439 0.003780 0.038540
0 0 0.957871 0.020372 0.001343 0.000919 0.019495
0 0 0.974845 0.016962 0.000738 0.001253 0.006202
0 0 0.963143 0.026199 0.001236 0.004506 0.004917
0 0 0.967467 0.023677 0.000898 0.005282 0.002675
0 0 0.972457 0.021861 0.001098 0.002305 0.002279
0 0 0.968308 0.024162 0.001838 0.001304 0.004387
0 0 0.946941 0.038501 0.005706 0.001509 0.007342
0 0 0.890666 0.072366 0.028776 0.001766 0.006426
0 0 0.919470 0.055767 0.016347 0.001319 0.007098
0 0 0.949134 0.037776 0.007681 0.000767 0.004642
0 0 0.940865 0.040641 0.009614 0.000694 0.008185
0 0 0.934178 0.043698 0.010111 0.000910 0.011104
0 0 0.944014 0.038507 0.006887 0.001014 0.009578
0 0 0.935031 0.040284 0.006440 0.000499 0.017745
0 1 0.883048 0.056167 0.005864 0.000189 0.054733
0 1 0.778526 0.122237 0.014260 0.000396 0.084581
4 1 0.008757 0.170004 0.379401 0.006512 0.435325
2 4 0.008321 0.162548 0.439563 0.009563 0.380005
2 4 0.008494 0.155148 0.456132 0.013459 0.366767
2 4 0.009413 0.150447 0.439138 0.012595 0.388407
2 4 0.009170 0.137051 0.425898 0.009552 0.418330
4 4 0.010457 0.134745 0.400102 0.008736 0.445960
4 4 0.015929 0.126585 0.289222 0.004798 0.563467
4 4 0.021402 0.130150 0.208797 0.002878 0.636772
4 4 0.027966 0.129765 0.142437 0.001596 0.698236
4 4 0.035291 0.099887 0.100821 0.000908 0.763092
4 4 0.029449 0.099664 0.153366 0.001862 0.715659
4 4 0.026450 0.089696 0.190621 0.002660 0.690573
4 4 0.028271 0.084828 0.194734 0.003061 0.689105
4 4 0.024170 0.101830 0.223918 0.003768 0.646315
4 4 0.027606 0.101745 0.208632 0.003793 0.658224
4 4 0.031983 0.110888 0.146409 0.001960 0.708759
4 4 0.043015 0.111253 0.122576 0.002023 0.721133
4 4 0.043043 0.108133 0.141059 0.002813 0.704951
4 4 0.043269 0.092049 0.190484 0.005778 0.668421
4 4 0.033645 0.092730 0.298474 0.014862 0.560289
2 4 0.007329 0.170752 0.484904 0.017099 0.319916
2 4 0.005936 0.151338 0.562881 0.017491 0.262355
2 4 0.006953 0.163863 0.501175 0.018275 0.309733
2 4 0.004745 0.126854 0.592342 0.024036 0.252024
2 4 0.004150 0.112758 0.626449 0.027916 0.228726
2 4 0.003850 0.101199 0.652277 0.033622 0.209052
2 4 0.003595 0.096077 0.697394 0.029673 0.173262
2 4 0.002995 0.078787 0.768954 0.029115 0.120148
2 4 0.001504 0.046045 0.870287 0.025533 0.056631
2 4 0.000852 0.024946 0.921045 0.028111 0.025047
2 4 0.000467 0.013765 0.942335 0.031181 0.012253
2 4 0.000346 0.008722 0.931667 0.051122 0.008143
2 4 0.000353 0.007360 0.899273 0.085164 0.007850
2 4 0.000367 0.007292 0.904961 0.080223 0.007157
2 4 0.000332 0.005492 0.866036 0.122413 0.005728
2 2 0.000325 0.005456 0.899309 0.090286 0.004623
2 2 0.000273 0.004047 0.877414 0.114907 0.003359
2 2 0.000264 0.003805 0.862779 0.129835 0.003317
2 2 0.000140 0.001648 0.779899 0.216890 0.001422
2 2 0.000124 0.001275 0.714998 0.282441 0.001162
3 2 0.000564 0.002261 0.151732 0.842535 0.002908
3 2 0.000980 0.002783 0.093404 0.901078 0.001754
3 2 0.005135 0.010403 0.144533 0.836670 0.003259
3 3 0.011450 0.019861 0.183023 0.781231 0.004435
3 3 0.006578 0.012426 0.174041 0.804789 0.002166
3 3 0.004295 0.009817 0.181514 0.800879 0.003495
3 3 0.003305 0.008451 0.187865 0.796005 0.004374
3 3 0.002838 0.008751 0.247784 0.732049 0.008579
3 3 0.001956 0.006218 0.191603 0.792989 0.007234
3 3 0.001883 0.005526 0.146445 0.840362 0.005784
3 3 0.001401 0.004063 0.118810 0.872207 0.003519
3 3 0.001077 0.003053 0.095611 0.898094 0.002165
3 3 0.000984 0.002696 0.083393 0.911266 0.001661
3 3 0.000856 0.002409 0.081426 0.913817 0.001493
3 3 0.000699 0.002007 0.075253 0.920850 0.001191
3 3 0.000714 0.001937 0.066519 0.929840 0.000989
3 3 0.000975 0.002355 0.060966 0.934699 0.001005
3 3 0.001222 0.002678 0.055477 0.939654 0.000969
3 3 0.001034 0.002317 0.052673 0.943153 0.000823
3 3 0.001257 0.002616 0.049782 0.945516 0.000829
3 3 0.000642 0.001272 0.028791 0.969040 0.000255
3 3 0.000400 0.000786 0.020796 0.977895 0.000123
3 3 0.000390 0.000762 0.020187 0.978546 0.000116
3 3 0.000329 0.000692 0.021669 0.977191 0.000119
3 3 0.000353 0.000799 0.027245 0.971428 0.000175
3 3 0.000343 0.000808 0.029594 0.969060 0.000195
3 3 0.000399 0.000941 0.032573 0.965842 0.000244
3 3 0.000655 0.001347 0.031894 0.965802 0.000302
3 3 0.000694 0.001380 0.030502 0.967135 0.000290
3 3 0.000998 0.001873 0.033345 0.963388 0.000397
3 3 0.000654 0.001268 0.027591 0.970245 0.000241
3 3 0.000637 0.001221 0.026365 0.971556 0.000222
3 3 0.000572 0.001118 0.025816 0.972290 0.000204
3 3 0.000514 0.001069 0.028093 0.970104 0.000220
3 3 0.000536 0.001084 0.026903 0.971266 0.000210
3 3 0.000448 0.000912 0.024344 0.974131 0.000165
3 3 0.000541 0.001023 0.022902 0.975369 0.000165
3 3 0.000394 0.000762 0.019736 0.978995 0.000112
3 3 0.000433 0.000842 0.021295 0.977297 0.000132
3 3 0.000350 0.000729 0.022068 0.976727 0.000126
3 3 0.011349 0.012859 0.045108 0.928545 0.002138
3 3 0.027584 0.031136 0.108819 0.829049 0.003412
3 3 0.032028 0.039119 0.141923 0.780948 0.005982
3 3 0.026135 0.035304 0.139986 0.789520 0.009054
3 3 0.007533 0.014877 0.135069 0.832855 0.009666
3 3 0.005547 0.013057 0.171414 0.798178 0.011804
3 3 0.007002 0.016227 0.217584 0.748014 0.011173
3 3 0.009299 0.021938 0.307693 0.648300 0.012770
3 3 0.009109 0.021890 0.378389 0.582326 0.008287
3 2 0.011995 0.026507 0.419797 0.535429 0.006272
3 2 0.033533 0.056736 0.405101 0.493688 0.010942
2 0 0.104166 0.116714 0.372779 0.372497 0.033845
0 0 0.282630 0.183967 0.246339 0.226799 0.060266
2 1 0.234495 0.195398 0.284202 0.211140 0.074765
0 1 0.246848 0.238555 0.237124 0.069457 0.208015
2 1 0.033247 0.133053 0.474102 0.107423 0.252175
2 1 0.008699 0.060827 0.562819 0.234755 0.132901
2 2 0.008202 0.055674 0.567461 0.249481 0.119183
2 2 0.006633 0.047069 0.679568 0.193806 0.072924
2 2 0.009795 0.063318 0.712198 0.137677 0.077012
2 2 0.010258 0.081980 0.789471 0.052805 0.065485
2 2 0.006690 0.055200 0.842782 0.055827 0.039502
2 2 0.002677 0.024958 0.914233 0.045203 0.012930
2 2 0.002174 0.018926 0.893840 0.073356 0.011705
2 2 0.002875 0.029545 0.912833 0.038839 0.015909
2 2 0.000742 0.008562 0.927810 0.058377 0.004509
2 2 0.001445 0.018166 0.945794 0.026791 0.007805
2 2 0.001817 0.022973 0.940056 0.024944 0.010209
2 2 0.001665 0.018988 0.929402 0.040077 0.009868
2 2 0.001248 0.013295 0.926671 0.051873 0.006913
2 2 0.001790 0.016607 0.923214 0.050317 0.008073
2 2 0.002125 0.018546 0.905160 0.063787 0.010382
2 2 0.001659 0.011571 0.854150 0.125181 0.007439
2 2 0.000939 0.005625 0.746411 0.242660 0.004365
2 2 0.001035 0.005570 0.693511 0.295147 0.004737
2 2 0.001046 0.006173 0.681990 0.304751 0.006041
2 2 0.000825 0.004499 0.616801 0.373383 0.004492
2 2 0.001186 0.006061 0.673688 0.313684 0.005382
2 2 0.000686 0.004012 0.720189 0.272047 0.003067
2 2 0.000697 0.004035 0.726783 0.265674 0.002811
3 2 0.000922 0.004385 0.459054 0.531766 0.003873
3 2 0.000857 0.003835 0.371362 0.620905 0.003041
3 2 0.000928 0.004215 0.461712 0.530669 0.002476
3 2 0.000982 0.003945 0.347726 0.645457 0.001890
3 2 0.001486 0.005075 0.309164 0.682443 0.001831
3 3 0.001551 0.004580 0.199543 0.792786 0.001539
3 3 0.001625 0.004558 0.172581 0.819684 0.001552
3 3 0.001414 0.004084 0.157023 0.835761 0.001719
3 3 0.001099 0.003014 0.091536 0.902499 0.001852
3 3 0.001559 0.003809 0.084226 0.908287 0.002119
3 3 0.002205 0.004722 0.076080 0.914854 0.002139
3 3 0.003676 0.006688 0.070569 0.916619 0.002448
3 3 0.002182 0.004019 0.052377 0.940242 0.001179
3 3 0.001143 0.002346 0.045284 0.950545 0.000683
3 3 0.000702 0.001564 0.040557 0.956724 0.000452
3 3 0.000359 0.000914 0.036755 0.961693 0.000279
3 3 0.000531 0.001189 0.034410 0.963564 0.000306
3 3 0.000384 0.000903 0.031510 0.966975 0.000228
3 3 0.000405 0.000925 0.030459 0.967989 0.000222
3 3 0.000374 0.000827 0.026640 0.971986 0.000174
3 3 0.001295 0.002119 0.028099 0.968140 0.000347
3 3 0.001468 0.002245 0.025737 0.970227 0.000323
3 3 0.001361 0.001991 0.021971 0.974432 0.000244
3 3 0.001113 0.001695 0.021314 0.975667 0.000211
3 3 0.000871 0.001348 0.018948 0.978676 0.000156
3 3 0.001297 0.001898 0.021319 0.975258 0.000227
3 3 0.000845 0.001373 0.020976 0.976626 0.000180
3 3 0.000569 0.001042 0.021859 0.976372 0.000158
3 3 0.000501 0.000988 0.024167 0.974171 0.000173
3 3 0.000550 0.001058 0.024190 0.974022 0.000181
3 3 0.000541 0.000960 0.019628 0.978741 0.000130
3 3 0.000450 0.000755 0.015151 0.983564 0.000080
3 3 0.000573 0.000877 0.014088 0.984382 0.000081
3 3 0.000757 0.000971 0.010885 0.987325 0.000063
3 3 0.001361 0.001496 0.010805 0.986256 0.000083
3 3 0.001562 0.001698 0.011484 0.985159 0.000097
3 3 0.001718 0.001922 0.013118 0.983118 0.000124
3 3 0.001692 0.001999 0.014870 0.981290 0.000149
3 3 0.001158 0.001551 0.015919 0.981234 0.000138
3 3 0.000754 0.001075 0.014118 0.983960 0.000093
3 3 0.001056 0.001328 0.012819 0.984703 0.000095
3 3 0.002007 0.002285 0.015130 0.980411 0.000167
3 3 0.002037 0.002268 0.014456 0.981081 0.000157
3 3 0.002634 0.002904 0.016640 0.977602 0.000221
3 3 0.002319 0.002635 0.016539 0.978302 0.000205
3 3 0.003044 0.003391 0.018742 0.974538 0.000285
3 3 0.002811 0.003019 0.016270 0.977679 0.000220
3 3 0.002241 0.002486 0.015236 0.979858 0.000178
3 3 0.001030 0.001262 0.011840 0.985785 0.000083
3 3 0.000535 0.000759 0.011137 0.987514 0.000055
3 3 0.000556 0.000801 0.011885 0.986697 0.000061
3 3 0.000689 0.000913 0.011096 0.987240 0.000062
3 3 0.000806 0.001036 0.011378 0.986711 0.000069
3 3 0.000739 0.000949 0.010728 0.987523 0.000061
3 3 0.000672 0.000910 0.011498 0.986855 0.000064
3 3 0.000675 0.000898 0.011065 0.987301 0.000061
3 3 0.000395 0.000597 0.010776 0.988187 0.000045
3 3 0.000389 0.000583 0.010414 0.988571 0.000042
3 3 0.000424 0.000651 0.011687 0.987185 0.000052
3 3 0.000588 0.000878 0.013476 0.984982 0.000076
3 3 0.000824 0.001197 0.015615 0.982251 0.000113
3 3 0.001090 0.001311 0.011696 0.985820 0.000084
3 3 0.002589 0.002637 0.013522 0.981093 0.000160
3 3 0.003879 0.003780 0.015713 0.976382 0.000245
3 3 0.004080 0.004091 0.017422 0.974113 0.000294
3 3 0.001942 0.002216 0.014900 0.980781 0.000161
3 3 0.001143 0.001428 0.013264 0.984062 0.000104
3 3 0.000685 0.000954 0.012527 0.985760 0.000074
3 3 0.000767 0.000971 0.010612 0.987591 0.000061
3 3 0.000761 0.000933 0.009743 0.988510 0.000053
3 3 0.000745 0.000939 0.010279 0.987981 0.000057
3 3 0.000605 0.000800 0.010165 0.988380 0.000051
3 3 0.000554 0.000759 0.010451 0.988186 0.000050
3 3 0.000440 0.000640 0.010482 0.988392 0.000045
3 3 0.000625 0.000905 0.012968 0.985427 0.000074
3 3 0.000753 0.001052 0.013386 0.984724 0.000086
3 3 0.000964 0.001388 0.016924 0.980587 0.000138
3 3 0.000978 0.001426 0.017636 0.979812 0.000148
3 3 0.000844 0.001346 0.019998 0.977646 0.000167
3 3 0.000640 0.001017 0.016583 0.981650 0.000109
3 3 0.000550 0.000883 0.015445 0.983030 0.000091
3 3 0.000495 0.000787 0.014074 0.984569 0.000075
3 3 0.000525 0.000840 0.014864 0.983687 0.000084
3 3 0.000539 0.000868 0.015383 0.983120 0.000090
3 3 0.000488 0.000792 0.014697 0.983944 0.000080
3 3 0.000665 0.001014 0.015349 0.982872 0.000099
3 3 0.000819 0.001211 0.016276 0.981574 0.000120
3 3 0.000923 0.001327 0.016364 0.981258 0.000128
3 3 0.000798 0.001233 0.017841 0.979991 0.000136
3 3 0.000947 0.001427 0.018715 0.978751 0.000160
3 3 0.001086 0.001707 0.022736 0.974241 0.000230
3 3 0.000926 0.001387 0.018195 0.979342 0.000151
3 3 0.000427 0.000703 0.013968 0.984832 0.000069
3 3 0.000332 0.000600 0.014935 0.984065 0.000068
3 3 0.000413 0.000706 0.015013 0.983792 0.000076
3 3 0.000376 0.000677 0.016036 0.982831 0.000080
3 3 0.000601 0.001025 0.019000 0.979242 0.000131
3 3 0.000805 0.001272 0.018953 0.978820 0.000150
3 3 0.000911 0.001370 0.018196 0.979373 0.000150
3 3 0.000716 0.001038 0.014220 0.983934 0.000091
3 3 0.000739 0.001254 0.021444 0.976390 0.000174
3 3 0.000707 0.001188 0.020352 0.977597 0.000157
3 3 0.000440 0.000745 0.015277 0.983458 0.000080
3 3 0.000338 0.000599 0.014488 0.984509 0.000065
3 3 0.000456 0.000754 0.014770 0.983943 0.000078
3 3 0.000525 0.000829 0.014407 0.984159 0.000080
3 3 0.000604 0.000974 0.016589 0.981727 0.000106
3 3 0.000784 0.001226 0.018197 0.979654 0.000139
3 3 0.000925 0.001495 0.021950 0.975428 0.000201
3 3 0.001201 0.001877 0.023861 0.972801 0.000260
3 3 0.000922 0.001424 0.019573 0.977913 0.000169
3 3 0.000744 0.001146 0.016932 0.981056 0.000122
3 3 0.000862 0.001199 0.014439 0.983398 0.000103
3 3 0.001738 0.002085 0.015713 0.980299 0.000165
3 3 0.006334 0.006118 0.021036 0.966023 0.000489
3 3 0.015883 0.013344 0.026716 0.942930 0.001127
3 3 0.045723 0.035790 0.048530 0.865041 0.004916
3 3 0.080737 0.065677 0.071907 0.768352 0.013327
0 3 0.332038 0.176133 0.107845 0.277220 0.106763
0 0 0.284973 0.160142 0.145062 0.251372 0.158450
0 0 0.640650 0.184540 0.060637 0.106099 0.008074
0 0 0.732729 0.134515 0.024098 0.095586 0.013072
0 0 0.399748 0.222433 0.152441 0.184953 0.040426
2 1 0.103515 0.221972 0.468721 0.125701 0.080091
2 1 0.016926 0.112487 0.697219 0.065840 0.107529
2 1 0.004844 0.073368 0.793536 0.043052 0.085200
2 4 0.004110 0.076136 0.751171 0.048829 0.119755
2 4 0.001938 0.044733 0.815216 0.060864 0.077249
2 4 0.002437 0.057947 0.762037 0.060653 0.116926
2 4 0.003147 0.074780 0.706075 0.054092 0.161906
2 4 0.003095 0.073674 0.708560 0.054810 0.159862
2 4 0.005459 0.116983 0.605855 0.035879 0.235824
2 4 0.005336 0.116688 0.607539 0.035101 0.235335
2 4 0.006243 0.130644 0.573347 0.031374 0.258392
2 4 0.006373 0.121403 0.572793 0.028829 0.270602
2 4 0.007681 0.107043 0.550180 0.025000 0.310097
2 4 0.007687 0.096639 0.560999 0.026301 0.308374
2 4 0.006689 0.091737 0.602132 0.036187 0.263255
2 4 0.009215 0.104018 0.535552 0.027743 0.323472
2 4 0.009536 0.107869 0.513757 0.022871 0.345967
2 4 0.019979 0.097936 0.761165 0.059914 0.061005
2 4 0.006476 0.039113 0.834849 0.092748 0.026815
2 0 0.003466 0.029502 0.883226 0.064771 0.019034
2 1 0.002004 0.020197 0.911766 0.054263 0.011770
2 1 0.000560 0.010525 0.940469 0.041363 0.007083
2 1 0.000866 0.018311 0.933357 0.033399 0.014066
2 1 0.000821 0.023676 0.932492 0.022847 0.020163
2 1 0.001143 0.040707 0.906893 0.014182 0.037075
2 1 0.001459 0.049435 0.888839 0.014059 0.046209
2 1 0.001477 0.052157 0.880104 0.014224 0.052038
2 1 0.001908 0.057566 0.862735 0.017675 0.060115
2 1 0.001234 0.035188 0.909010 0.021656 0.032912
2 1 0.001735 0.041136 0.898682 0.022653 0.035794
2 1 0.001813 0.044588 0.902450 0.016944 0.034206
2 1 0.001872 0.041254 0.899869 0.022968 0.034037
2 1 0.001587 0.038615 0.903191 0.022853 0.033754
2 1 0.001346 0.034913 0.900090 0.028107 0.035544
2 1 0.001361 0.042731 0.889027 0.021032 0.045849
2 1 0.001266 0.044371 0.892801 0.016380 0.045181
2 2 0.000972 0.030110 0.918779 0.021595 0.028542
4 2 0.306842 0.137535 0.122092 0.015172 0.418359
0 2 0.533473 0.117267 0.051914 0.020188 0.277157
0 2 0.627742 0.120985 0.039348 0.024587 0.187338
0 0 0.446564 0.202765 0.114511 0.100225 0.135936
2 0 0.034528 0.091492 0.579384 0.267764 0.026833
2 1 0.003576 0.032331 0.880869 0.061378 0.021845
2 1 0.000603 0.010808 0.951565 0.031150 0.005875
2 2 0.000244 0.005253 0.957769 0.033896 0.002837
2 2 0.000222 0.004006 0.955180 0.038716 0.001876
2 2 0.000276 0.005216 0.963353 0.028880 0.002275
2 2 0.000735 0.009327 0.928237 0.056372 0.005329
2 2 0.000328 0.005579 0.941481 0.049402 0.003209
2 2 0.000328 0.006066 0.944027 0.045922 0.003657
2 2 0.000461 0.011707 0.959217 0.021676 0.006939
2 2 0.000416 0.011910 0.962039 0.018522 0.007113
2 2 0.000693 0.015256 0.953008 0.022212 0.008829
2 2 0.000827 0.019287 0.953302 0.016228 0.010357
2 2 0.000768 0.017832 0.956392 0.015840 0.009169
2 2 0.000388 0.010292 0.965485 0.018347 0.005489
2 2 0.000337 0.007709 0.948242 0.038401 0.005312
2 2 0.049491 0.077870 0.695155 0.119913 0.057571
0 2 0.415622 0.133597 0.169650 0.019377 0.261754
0 2 0.692336 0.106853 0.046702 0.007129 0.146980
0 0 0.861699 0.053446 0.007665 0.004754 0.072436
0 0 0.967270 0.019197 0.001049 0.001139 0.011345
0 0 0.990045 0.007593 0.000174 0.000372 0.001817
0 0 0.992497 0.006331 0.000094 0.000547 0.000531
0 0 0.986980 0.010470 0.000199 0.001673 0.000678
0 0 0.980274 0.015165 0.000379 0.003063 0.001119
0 0 0.970988 0.021371 0.000723 0.004859 0.002060
0 0 0.967607 0.023378 0.001020 0.003663 0.004333
0 0 0.943588 0.037730 0.002010 0.011942 0.004731
0 0 0.932076 0.043789 0.003200 0.009701 0.011234
0 0 0.902265 0.058776 0.005589 0.015098 0.018271
0 1 0.853538 0.080252 0.014075 0.012490 0.039645
0 1 0.569317 0.214987 0.134288 0.054757 0.026650
0 1 0.434207 0.240294 0.237810 0.053646 0.034043
0 1 0.374514 0.246231 0.273453 0.061705 0.044097
2 1 0.260419 0.239002 0.372875 0.093414 0.034290
0 1 0.363095 0.250049 0.269514 0.073196 0.044147
2 1 0.093449 0.240453 0.554471 0.045139 0.066488
2 1 0.131327 0.291758 0.482701 0.041390 0.052823
2 1 0.112731 0.260183 0.541337 0.038637 0.047112
2 1 0.088833 0.255557 0.583423 0.026557 0.045630
2 1 0.050436 0.159554 0.717511 0.035462 0.037037
2 2 0.031816 0.109349 0.789901 0.043269 0.025664
2 2 0.026728 0.099130 0.804501 0.041253 0.028388
2 2 0.018949 0.081243 0.835569 0.035465 0.028774
2 2 0.026461 0.104127 0.792468 0.037202 0.039743
2 2 0.024728 0.092198 0.795554 0.049181 0.038340
2 2 0.034206 0.115849 0.747451 0.051150 0.051344
2 2 0.036718 0.096100 0.735255 0.086516 0.045411
2 2 0.031641 0.073913 0.749327 0.117384 0.027735
2 2 0.028872 0.069030 0.720034 0.155107 0.026957
2 2 0.017187 0.058597 0.809042 0.093222 0.021952
2 2 0.010034 0.042934 0.835782 0.089141 0.022109
2 2 0.054268 0.104827 0.726048 0.090972 0.023885
2 2 0.116636 0.149821 0.608156 0.100121 0.025266
2 2 0.274259 0.192008 0.421124 0.072972 0.039636
2 2 0.245015 0.183263 0.397603 0.153554 0.020566
2 2 0.000909 0.007261 0.898255 0.089989 0.003587
2 2 0.000816 0.006958 0.903520 0.085253 0.003453
2 2 0.000443 0.005683 0.944569 0.046800 0.002504
2 2 0.000087 0.001497 0.911989 0.085571 0.000855
2 2 0.000098 0.001953 0.924614 0.072116 0.001220
2 2 0.000187 0.003693 0.922930 0.070494 0.002695
2 2 0.000163 0.003493 0.929514 0.064306 0.002523
2 2 0.000185 0.003376 0.915977 0.078048 0.002414
2 2 0.000192 0.002998 0.909320 0.085555 0.001935
2 2 0.000201 0.002929 0.912671 0.082471 0.001728
2 2 0.000152 0.002198 0.899892 0.096434 0.001324
2 2 0.000125 0.001935 0.892210 0.104473 0.001256
2 2 0.000157 0.002490 0.907644 0.088137 0.001571
2 2 0.000306 0.005194 0.923697 0.067228 0.003576
2 2 0.000505 0.006608 0.890053 0.097745 0.005090
2 2 0.000614 0.006121 0.810057 0.177483 0.005725
2 2 0.000712 0.005851 0.756182 0.231516 0.005739
2 2 0.001283 0.009560 0.763969 0.215752 0.009436
2 2 0.001474 0.008947 0.688322 0.291643 0.009614
2 2 0.000881 0.005570 0.721386 0.267240 0.004923
2 2 0.000905 0.006383 0.865507 0.123772 0.003434
2 2 0.000884 0.006005 0.858966 0.130941 0.003204
2 2 0.000807 0.004660 0.819067 0.172971 0.002495
2 2 0.001237 0.006607 0.788295 0.199731 0.004130
2 2 0.001200 0.006512 0.760432 0.227742 0.004114
2 2 0.000767 0.005717 0.786185 0.202750 0.004582
2 2 0.001165 0.007123 0.771387 0.214970 0.005355
2 2 0.000580 0.003665 0.689789 0.302737 0.003227
2 2 0.000503 0.003316 0.661825 0.331133 0.003222
2 2 0.000270 0.002296 0.728308 0.267125 0.002002
2 2 0.000318 0.002656 0.707972 0.286507 0.002547
2 2 0.000199 0.001916 0.648071 0.347525 0.002289
3 2 0.000145 0.001125 0.444777 0.552167 0.001786
3 2 0.000214 0.001495 0.422617 0.573152 0.002522
3 2 0.000459 0.002462 0.356658 0.637378 0.003043
3 2 0.000505 0.002405 0.279268 0.715451 0.002371
3 2 0.000517 0.002246 0.205870 0.789099 0.002267
3 2 0.000793 0.003210 0.222166 0.770389 0.003443
3 2 0.000529 0.002625 0.308090 0.685554 0.003202
3 2 0.001906 0.007011 0.353549 0.631806 0.005728
2 2 0.000255 0.003540 0.822446 0.170159 0.003600
2 2 0.000219 0.003448 0.883345 0.110196 0.002792
2 2 0.000493 0.008089 0.914677 0.070373 0.006369
2 2 0.000811 0.013286 0.898252 0.074945 0.012705
2 2 0.000740 0.012171 0.880046 0.093756 0.013287
2 2 0.000712 0.009701 0.840198 0.138218 0.011170
2 2 0.000655 0.008005 0.871018 0.113468 0.006854
2 2 0.000536 0.006677 0.893198 0.094746 0.004843
2 2 0.000368 0.004605 0.880915 0.110757 0.003356
2 2 0.000302 0.003940 0.873633 0.119134 0.002990
2 2 0.000264 0.002894 0.826633 0.167959 0.002250
2 2 0.000331 0.004390 0.907921 0.084615 0.002743
2 2 0.000591 0.006464 0.889311 0.099335 0.004298
2 2 0.000520 0.005255 0.853978 0.136372 0.003875
2 2 0.000517 0.004115 0.736466 0.255039 0.003863
2 2 0.000969 0.005001 0.535658 0.451894 0.006477
3 2 0.001030 0.004591 0.369662 0.619543 0.005173
3 2 0.002208 0.006447 0.215195 0.772804 0.003346
3 2 0.001351 0.004152 0.181254 0.811318 0.001925
3 2 0.001304 0.003956 0.174224 0.818841 0.001674
2 2 0.000595 0.005619 0.851947 0.137813 0.004027
2 2 0.000452 0.003929 0.798737 0.193793 0.003090
2 2 0.000415 0.003161 0.768050 0.225999 0.002376
2 2 0.000740 0.004411 0.684917 0.306506 0.003426
2 2 0.000550 0.003149 0.552520 0.441187 0.002594
3 2 0.000353 0.002121 0.441810 0.553389 0.002327
3 2 0.000329 0.002081 0.426129 0.568630 0.002831
2 2 0.000483 0.003817 0.528196 0.460803 0.006702
2 2 0.000784 0.006922 0.625676 0.355023 0.011595
2 2 0.002171 0.012296 0.615488 0.353118 0.016926
2 2 0.006939 0.026151 0.738801 0.208485 0.019624
2 2 0.015336 0.051097 0.740305 0.164992 0.028270
2 2 0.012916 0.038876 0.755899 0.177964 0.014345
2 2 0.014171 0.034209 0.593463 0.349146 0.009010
3 2 0.008786 0.021338 0.422427 0.541353 0.006095
3 2 0.003914 0.010903 0.298614 0.681426 0.005142
3 2 0.000999 0.003468 0.153665 0.837968 0.003900
3 2 0.000522 0.002250 0.197229 0.797578 0.002421
3 2 0.000385 0.002040 0.289365 0.705495 0.002716
3 2 0.000416 0.002515 0.451744 0.541566 0.003759
2 2 0.000208 0.004132 0.934496 0.058399 0.002764
2 2 0.000502 0.006865 0.911883 0.076090 0.004659
2 2 0.000518 0.006472 0.873280 0.114400 0.005330
2 2 0.000367 0.005033 0.847189 0.142514 0.004897
2 2 0.000271 0.002664 0.694252 0.299749 0.003064
2 2 0.000529 0.004328 0.705700 0.284762 0.004681
3 2 0.000704 0.003759 0.486415 0.504574 0.004548
3 2 0.002564 0.009380 0.463585 0.518104 0.006366
2 2 0.007455 0.021175 0.512397 0.448931 0.010043
2 2 0.013587 0.033976 0.639959 0.303658 0.008820
2 2 0.008239 0.033043 0.828548 0.119416 0.010753
2 2 0.006595 0.025233 0.750499 0.206284 0.011389
2 2 0.009368 0.042498 0.795598 0.127061 0.025475
2 2 0.003710 0.022478 0.673084 0.270216 0.030511
3 2 0.001235 0.006653 0.377363 0.600984 0.013766
3 2 0.000609 0.002827 0.213935 0.776280 0.006348
3 2 0.000568 0.002582 0.196627 0.794919 0.005303
3 2 0.000903 0.007078 0.486965 0.488687 0.016366
2 2 0.000919 0.011001 0.752393 0.218542 0.017145
2 1 0.000468 0.008221 0.880406 0.101993 0.008912
2 1 0.008902 0.121014 0.520650 0.017475 0.331959
2 4 0.014090 0.103408 0.456752 0.021797 0.403953
4 4 0.022189 0.108450 0.368991 0.017887 0.482483
4 4 0.027285 0.124203 0.325577 0.016781 0.506154
4 4 0.030522 0.128236 0.268709 0.010522 0.562010
4 4 0.033321 0.131816 0.276779 0.013631 0.544454
4 4 0.025368 0.126095 0.303876 0.011686 0.532975
4 4 0.024592 0.105435 0.331671 0.013743 0.524559
4 4 0.022755 0.089587 0.364647 0.016032 0.506978
4 4 0.030068 0.075622 0.322096 0.014838 0.557375
4 4 0.033236 0.069717 0.315945 0.015907 0.565195
4 4 0.041844 0.074178 0.208140 0.006507 0.669332
4 4 0.054135 0.073153 0.139736 0.003497 0.729479
4 4 0.050395 0.082098 0.147322 0.003665 0.716520
4 4 0.039950 0.100180 0.202793 0.006225 0.650852
4 4 0.030126 0.117562 0.224689 0.005701 0.621922
4 4 0.022114 0.129719 0.273353 0.006714 0.568101
4 4 0.024399 0.129176 0.252678 0.006102 0.587644
4 4 0.027657 0.121708 0.224961 0.005091 0.620584
4 4 0.026772 0.101937 0.252202 0.006246 0.612843
4 4 0.039628 0.134763 0.088587 0.000911 0.736111
4 4 0.040648 0.127979 0.108759 0.001481 0.721133
4 4 0.031517 0.139770 0.171793 0.003200 0.653721
4 4 0.025047 0.129990 0.290528 0.009995 0.544440
4 4 0.019876 0.093513 0.391217 0.017507 0.477887
2 4 0.019568 0.074754 0.468107 0.036963 0.400609
2 4 0.022357 0.071150 0.461371 0.042973 0.402149
4 4 0.026110 0.083237 0.400078 0.029250 0.461325
4 4 0.042250 0.106749 0.313298 0.028448 0.509255
4 4 0.087758 0.143851 0.209564 0.016152 0.542675
4 4 0.133759 0.231801 0.222386 0.005426 0.406628
2 4 0.070124 0.226378 0.405063 0.007195 0.291240
2 4 0.026280 0.178284 0.668734 0.011558 0.115144
2 4 0.005417 0.073110 0.850352 0.022362 0.048760
2 4 0.001522 0.036950 0.910091 0.021209 0.030228
2 2 0.000607 0.021081 0.922300 0.031252 0.024759
2 2 0.000618 0.020076 0.924182 0.032597 0.022527
2 2 0.000621 0.017235 0.916384 0.045697 0.020063
2 2 0.000572 0.014730 0.916927 0.051259 0.016512
2 2 0.000676 0.015453 0.910291 0.056597 0.016983
2 2 0.000112 0.003374 0.972581 0.022309 0.001624
2 2 0.000076 0.002835 0.974852 0.020751 0.001485
2 2 0.000129 0.005391 0.975809 0.015541 0.003130
2 2 0.000269 0.009899 0.964317 0.018591 0.006925
2 2 0.000449 0.015598 0.953186 0.018766 0.012001
2 2 0.000548 0.020062 0.944922 0.017635 0.016833
2 2 0.000651 0.021508 0.941056 0.019042 0.017743
2 2 0.001015 0.028484 0.923558 0.022178 0.024765
2 2 0.005692 0.079622 0.829954 0.024383 0.060350
2 2 0.012657 0.088755 0.816530 0.033839 0.048219
2 2 0.115660 0.163770 0.621755 0.034303 0.064512
2 0 0.255274 0.211476 0.375966 0.030242 0.127042
0 0 0.349400 0.254998 0.272759 0.034299 0.088543
1 0 0.247716 0.343411 0.300088 0.019419 0.089367
1 1 0.135940 0.404709 0.303423 0.026707 0.129222
1 1 0.095387 0.385650 0.327092 0.015736 0.176135
2 1 0.026322 0.219254 0.645078 0.009256 0.100091
2 2 0.023156 0.190961 0.671397 0.013536 0.100949
2 2 0.024832 0.224366 0.617169 0.010412 0.123220
2 2 0.028679 0.257574 0.551612 0.009465 0.152669
2 2 0.034548 0.243272 0.580297 0.012285 0.129598
2 2 0.044302 0.292303 0.450273 0.006758 0.206364
2 2 0.044829 0.290675 0.460957 0.006755 0.196784
2 2 0.038343 0.256057 0.570001 0.010843 0.124756
2 2 0.043643 0.252297 0.588768 0.010698 0.104594
2 2 0.112303 0.218711 0.564939 0.012281 0.091766
2 2 0.272061 0.214099 0.397761 0.028116 0.087963
2 2 0.253006 0.205990 0.413531 0.044449 0.083023
2 2 0.206294 0.239852 0.458058 0.022371 0.073424
2 2 0.050097 0.180249 0.700835 0.024246 0.044573
2 2 0.013475 0.107352 0.822708 0.017835 0.038630
2 2 0.000616 0.015095 0.944408 0.028678 0.011203
2 2 0.000574 0.016141 0.938152 0.030753 0.014381
2 2 0.000535 0.014963 0.923487 0.044538 0.016477
2 2 0.000411 0.011776 0.932824 0.043004 0.011986
2 2 0.000305 0.009754 0.947525 0.033643 0.008773
2 2 0.000315 0.009121 0.934253 0.047112 0.009199
2 2 0.000251 0.006134 0.916712 0.070663 0.006239
2 2 0.000370 0.008446 0.926452 0.057003 0.007729
2 2 0.000357 0.007670 0.926070 0.059261 0.006641
2 2 0.000603 0.014163 0.871154 0.092368 0.021712
2 2 0.000519 0.011026 0.858655 0.113200 0.016600
2 2 0.000303 0.005834 0.835067 0.150577 0.008219
2 2 0.000257 0.005143 0.874923 0.113828 0.005849
2 2 0.000264 0.005453 0.899295 0.089525 0.005463
2 2 0.000242 0.005011 0.900221 0.089606 0.004920
2 2 0.000319 0.005626 0.890029 0.098690 0.005336
2 2 0.000353 0.006074 0.891059 0.096812 0.005702
2 2 0.000529 0.007394 0.845501 0.138550 0.008026
2 2 0.000571 0.006614 0.761791 0.222340 0.008684
2 2 0.000689 0.006537 0.625251 0.356054 0.011470
2 2 0.000613 0.006313 0.651680 0.330578 0.010816
2 2 0.000630 0.004451 0.598778 0.390127 0.006014
2 2 0.000774 0.005812 0.720772 0.266641 0.006001
2 2 0.000952 0.007529 0.777855 0.206666 0.006998
2 2 0.000445 0.004528 0.737877 0.251844 0.005306
2 2 0.000626 0.006352 0.696135 0.287554 0.009333
2 2 0.000493 0.004554 0.569634 0.416889 0.008430
2 2 0.000636 0.005604 0.617043 0.367597 0.009120
2 2 0.000474 0.004558 0.688756 0.300175 0.006037
3 2 0.000464 0.001832 0.125209 0.870274 0.002222
3 2 0.000576 0.002186 0.130578 0.864012 0.002648
3 2 0.000397 0.001478 0.098781 0.897948 0.001396
3 2 0.000333 0.001293 0.097977 0.899134 0.001263
3 2 0.000353 0.001194 0.072941 0.924702 0.000810
3 2 0.000403 0.001344 0.076452 0.920868 0.000932
3 2 0.000307 0.000954 0.054193 0.944072 0.000474
3 2 0.000263 0.000771 0.042723 0.955941 0.000303
3 2 0.000483 0.001161 0.038588 0.959419 0.000348
3 2 0.000922 0.001987 0.044563 0.951929 0.000599
3 2 0.002178 0.004375 0.064622 0.927185 0.001640
3 3 0.002937 0.006408 0.095088 0.892033 0.003534
3 3 0.003519 0.008364 0.130287 0.851328 0.006503
3 3 0.002923 0.008369 0.179779 0.798646 0.010283
3 3 0.001659 0.005287 0.164396 0.822043 0.006615
3 3 0.001494 0.004778 0.155594 0.832422 0.005713
3 3 0.001133 0.003801 0.147284 0.843248 0.004534
3 2 0.001282 0.004283 0.161904 0.827544 0.004987
3 2 0.001096 0.003313 0.112772 0.879961 0.002858
3 0 0.003466 0.007384 0.100693 0.884440 0.004017
2 0 0.001093 0.009769 0.769653 0.208492 0.010993
2 1 0.001028 0.010799 0.802491 0.173351 0.012330
2 2 0.000686 0.010635 0.867147 0.109692 0.011840
2 2 0.000609 0.011750 0.920062 0.057230 0.010348
2 2 0.000588 0.012539 0.940922 0.036784 0.009167
2 2 0.000569 0.013421 0.952395 0.025074 0.008541
2 2 0.000644 0.013483 0.950043 0.027572 0.008258
2 2 0.004541 0.041006 0.877176 0.050775 0.026503
2 2 0.019640 0.092285 0.811392 0.037713 0.038970
2 2 0.035693 0.143047 0.716066 0.037979 0.067215
2 2 0.025721 0.127942 0.764485 0.027594 0.054258
2 2 0.013106 0.095707 0.830291 0.020687 0.040209
2 2 0.003418 0.038133 0.922939 0.019887 0.015623
2 2 0.000404 0.008530 0.954805 0.031291 0.004970
2 2 0.000322 0.009220 0.957340 0.026705 0.006412
2 2 0.000278 0.007439 0.944691 0.041520 0.006072
2 2 0.000288 0.008686 0.947776 0.035774 0.007476
2 2 0.000324 0.009539 0.951046 0.031466 0.007625
2 2 0.000293 0.008982 0.948780 0.034253 0.007691
2 2 0.000426 0.012716 0.954133 0.023432 0.009294
2 2 0.001059 0.022063 0.931653 0.028994 0.016231
2 2 0.000596 0.011258 0.917527 0.060629 0.009990
2 2 0.000370 0.006389 0.909199 0.078759 0.005283
2 2 0.000733 0.011250 0.901785 0.076436 0.009796
2 2 0.000945 0.014409 0.909996 0.062848 0.011802
2 2 0.000905 0.014862 0.912096 0.059519 0.012619
2 2 0.000691 0.011373 0.918985 0.060005 0.008946
2 2 0.000667 0.013086 0.950902 0.027785 0.007561
2 2 0.000581 0.009086 0.934929 0.049749 0.005655
2 2 0.001609 0.018249 0.917476 0.051658 0.011008
2 2 0.005593 0.023730 0.877825 0.080840 0.012012
2 2 0.008050 0.030315 0.870708 0.074203 0.016724
2 2 0.013508 0.051626 0.857573 0.050867 0.026426
2 2 0.009479 0.047167 0.850915 0.068659 0.023781
2 2 0.003971 0.026127 0.890358 0.066314 0.013229
2 2 0.000910 0.010547 0.897275 0.083697 0.007571
2 2 0.001007 0.013368 0.922646 0.054341 0.008638
2 2 0.001414 0.019025 0.920736 0.046327 0.012497
2 2 0.003639 0.043827 0.902397 0.026162 0.023976
2 2 0.002160 0.022540 0.895365 0.064237 0.015697
2 2 0.003603 0.023396 0.845586 0.111167 0.016248
2 2 0.002402 0.016980 0.846124 0.122259 0.012235
2 2 0.001088 0.008963 0.787320 0.194006 0.008623
2 2 0.000314 0.003077 0.689357 0.303522 0.003731
2 2 0.000316 0.002973 0.628248 0.364279 0.004184
2 2 0.000533 0.007198 0.810104 0.173214 0.008952
2 2 0.000881 0.015683 0.836605 0.122657 0.024175
2 2 0.001439 0.031623 0.824677 0.084804 0.057457
2 4 0.002275 0.055258 0.748055 0.065059 0.129353
2 4 0.003167 0.082176 0.685808 0.032566 0.196282
2 4 0.002168 0.067594 0.738948 0.042718 0.148573
2 4 0.002682 0.078194 0.711000 0.039918 0.168206
2 4 0.003019 0.087922 0.722522 0.028712 0.157825
2 4 0.003782 0.097986 0.673918 0.028819 0.195496
2 4 0.005710 0.107159 0.577542 0.021537 0.288052
2 4 0.004782 0.101456 0.602937 0.021348 0.269477
2 4 0.007331 0.111930 0.503648 0.013452 0.363639
2 4 0.008084 0.104864 0.505153 0.015220 0.366679
2 4 0.008057 0.104399 0.542369 0.023887 0.321289
2 4 0.008866 0.106679 0.530457 0.024708 0.329290
4 4 0.020182 0.106713 0.329557 0.009839 0.533710
4 4 0.027369 0.103020 0.248021 0.006175 0.615415
4 4 0.027573 0.117639 0.233202 0.005532 0.616053
4 4 0.029987 0.127906 0.212182 0.005013 0.624912
4 4 0.030879 0.131647 0.183882 0.003595 0.649996
4 4 0.028070 0.139219 0.233116 0.006221 0.593374
4 4 0.022781 0.126536 0.293653 0.008769 0.548260
4 4 0.024210 0.110878 0.277690 0.007479 0.579744
4 4 0.024047 0.115637 0.258266 0.006019 0.596031
4 4 0.033396 0.123174 0.201393 0.005033 0.637004
4 4 0.040740 0.120712 0.173617 0.004577 0.660353
4 4 0.044304 0.114331 0.164642 0.004448 0.672275
4 4 0.045550 0.097138 0.189832 0.006343 0.661136
4 4 0.046358 0.092565 0.191896 0.006603 0.662578
4 4 0.041579 0.102641 0.194701 0.005993 0.655086
4 4 0.049540 0.095608 0.110816 0.001889 0.742147
4 4 0.040985 0.110532 0.165196 0.003907 0.679381
4 4 0.035544 0.100043 0.168810 0.003176 0.692426
4 4 0.027786 0.095605 0.175136 0.002350 0.699123
4 4 0.023480 0.103314 0.203017 0.002765 0.667425
2 4 0.008251 0.147091 0.508870 0.012005 0.323783
2 4 0.005955 0.137915 0.570953 0.013356 0.271821
2 4 0.005183 0.139450 0.593524 0.011804 0.250039
2 4 0.007277 0.135014 0.479074 0.011099 0.367535
2 4 0.005650 0.116804 0.548230 0.015649 0.313666
2 4 0.006225 0.108816 0.533505 0.014301 0.337153
2 4 0.008801 0.117616 0.473976 0.013416 0.386190
4 4 0.020449 0.143104 0.307167 0.008311 0.520969
4 4 0.030650 0.161646 0.220828 0.003408 0.583468
4 4 0.054756 0.210374 0.244790 0.002394 0.487686
2 4 0.049296 0.225888 0.372314 0.003880 0.348622
2 4 0.042951 0.255589 0.452457 0.003241 0.245763
2 4 0.008808 0.131723 0.777686 0.009377 0.072406
2 4 0.007890 0.123158 0.692820 0.018552 0.157580
2 4 0.012676 0.146768 0.487514 0.018714 0.334328
2 4 0.009756 0.132959 0.424590 0.010114 0.422580
4 4 0.013301 0.120172 0.360115 0.007633 0.498780
4 4 0.019603 0.123841 0.258844 0.004583 0.593129
4 4 0.029141 0.117032 0.167228 0.002427 0.684172
4 4 0.045514 0.104676 0.101548 0.001393 0.746869
4 4 0.052829 0.071373 0.100559 0.001540 0.773699
4 4 0.047951 0.069098 0.094251 0.001133 0.787567
4 4 0.037928 0.070613 0.148558 0.002294 0.740607
4 4 0.036407 0.071648 0.158056 0.002518 0.731370
4 4 0.031762 0.071946 0.214119 0.004513 0.677661
4 4 0.032611 0.072276 0.187039 0.003273 0.704800
4 4 0.038056 0.089391 0.188878 0.004557 0.679117
4 4 0.034900 0.111327 0.175110 0.003539 0.675123
4 4 0.037665 0.121656 0.188906 0.005079 0.646694
4 4 0.037810 0.122520 0.162443 0.003445 0.673781
4 4 0.029240 0.128183 0.170129 0.002659 0.669790
4 4 0.028890 0.109912 0.166552 0.002310 0.692336
4 4 0.023106 0.117590 0.227664 0.003926 0.627713
4 4 0.027441 0.112778 0.171922 0.002340 0.685519
4 4 0.031143 0.103065 0.145933 0.001816 0.718044
4 4 0.033419 0.104043 0.140823 0.001861 0.719854
4 4 0.040009 0.119900 0.119387 0.001748 0.718956
4 4 0.031831 0.153526 0.158271 0.002731 0.653641
4 4 0.025701 0.158219 0.189514 0.003261 0.623305
4 4 0.019847 0.157944 0.245451 0.004602 0.572157
4 4 0.030590 0.114910 0.204307 0.004418 0.645775
4 4 0.023290 0.144107 0.310074 0.011965 0.510564
4 4 0.014739 0.170738 0.394562 0.017794 0.402167
2 4 0.006686 0.151050 0.578464 0.019235 0.244565
2 4 0.005376 0.151112 0.555248 0.014779 0.273485
2 4 0.004236 0.135108 0.625303 0.014356 0.220997
2 4 0.004150 0.121465 0.664857 0.017564 0.191964
2 4 0.003840 0.107708 0.730827 0.016593 0.141033
2 4 0.003521 0.097948 0.791262 0.012050 0.095218
2 4 0.001681 0.050118 0.893721 0.013484 0.040996
2 2 0.001124 0.036296 0.918436 0.014547 0.029597
2 2 0.000758 0.027795 0.935351 0.013817 0.022280
2 1 0.000396 0.016193 0.954840 0.015659 0.012911
2 1 0.000506 0.019820 0.951910 0.013166 0.014599
2 1 0.000465 0.018646 0.955552 0.012225 0.013112
2 2 0.000515 0.021434 0.953099 0.010321 0.014631
2 2 0.000428 0.017958 0.956675 0.012076 0.012864
2 2 0.000387 0.016489 0.958683 0.012524 0.011918
2 2 0.000581 0.024754 0.945460 0.010711 0.018494
2 2 0.000333 0.016138 0.962373 0.009965 0.011191
2 2 0.001372 0.047724 0.887998 0.015326 0.047579
2 2 0.001564 0.050442 0.877862 0.017545 0.052586
2 2 0.001681 0.051592 0.875861 0.018001 0.052866
2 2 0.001561 0.049169 0.886879 0.015867 0.046524
2 2 0.001554 0.051829 0.887360 0.012996 0.046261
2 2 0.000814 0.029934 0.932720 0.012900 0.023633
2 2 0.000544 0.021979 0.947790 0.012806 0.016882
2 2 0.000509 0.020486 0.952126 0.012090 0.014789
2 2 0.000465 0.019261 0.954397 0.011990 0.013887
2 2 0.000607 0.023670 0.945150 0.012650 0.017922
2 2 0.000399 0.015445 0.957232 0.015439 0.011485
2 2 0.000517 0.019446 0.955505 0.011736 0.012795
2 2 0.000465 0.017138 0.959285 0.012203 0.010908
2 2 0.000593 0.020528 0.954759 0.011481 0.012640
2 2 0.000836 0.027357 0.944840 0.010395 0.016573
2 2 0.000354 0.013199 0.967871 0.011163 0.007413
2 2 0.000377 0.012925 0.968263 0.011565 0.006870
2 2 0.000493 0.013972 0.963945 0.014223 0.007368
2 2 0.000641 0.015415 0.954492 0.020330 0.009122
2 2 0.000442 0.010592 0.958921 0.023882 0.006162
2 2 0.000399 0.013940 0.963256 0.013813 0.008592
2 2 0.000386 0.011936 0.959805 0.019916 0.007956
2 2 0.000268 0.008369 0.963652 0.022280 0.005432
2 2 0.000239 0.005210 0.955073 0.036502 0.002976
2 2 0.000398 0.007156 0.947932 0.040441 0.004072
2 2 0.000405 0.005747 0.919450 0.070762 0.003637
2 2 0.000910 0.005994 0.779576 0.209013 0.004507
2 2 0.010880 0.029816 0.649567 0.299118 0.010619
2 2 0.275286 0.158073 0.332977 0.144986 0.088678
0 0 0.535703 0.142908 0.083979 0.123356 0.114054
0 0 0.802348 0.091309 0.019247 0.043294 0.043801
0 0 0.910313 0.053137 0.005323 0.015610 0.015618
0 0 0.928331 0.045052 0.003568 0.008942 0.014107
0 0 0.904432 0.049401 0.005365 0.006221 0.034581
0 0 0.853629 0.066483 0.009771 0.009454 0.060662
0 0 0.673979 0.064861 0.016581 0.004196 0.240382
0 1 0.473782 0.052965 0.019108 0.002189 0.451956
4 0 0.246311 0.077961 0.035822 0.002131 0.637775
4 0 0.348773 0.075412 0.027421 0.001859 0.546535
0 0 0.524181 0.039499 0.014462 0.000668 0.421190
0 0 0.421237 0.252429 0.149543 0.025607 0.151183
0 0 0.364841 0.284584 0.215300 0.025967 0.109307
0 0 0.307055 0.291194 0.254428 0.044391 0.102932
0 0 0.315073 0.300608 0.239262 0.050263 0.094794
2 1 0.210864 0.306588 0.343891 0.048751 0.089906
2 1 0.165658 0.299503 0.385328 0.026792 0.122719
2 1 0.158095 0.292596 0.400214 0.018963 0.130132
2 2 0.149155 0.288050 0.434738 0.023518 0.104539
2 2 0.203078 0.316878 0.350473 0.017230 0.112340
2 2 0.173320 0.323721 0.369462 0.020198 0.113299
1 2 0.204752 0.339125 0.295040 0.014779 0.146304
2 2 0.142183 0.336470 0.382158 0.017177 0.122011
2 2 0.100161 0.308704 0.477941 0.015086 0.098108
2 2 0.102877 0.304649 0.471041 0.013138 0.108294
2 2 0.093016 0.297644 0.498194 0.017840 0.093306
2 2 0.093275 0.298991 0.494030 0.028351 0.085353
2 2 0.081754 0.284603 0.538073 0.021394 0.074175
2 2 0.068686 0.280810 0.545432 0.017342 0.087730
2 2 0.042615 0.220173 0.650138 0.011319 0.075755
2 2 0.024419 0.167755 0.740021 0.010401 0.057405
2 2 0.004276 0.070358 0.877428 0.011783 0.036155
2 2 0.002054 0.038721 0.921463 0.016046 0.021716
2 2 0.001360 0.028138 0.937326 0.017184 0.015992
2 2 0.000761 0.018613 0.958084 0.013408 0.009135
2 2 0.000519 0.013710 0.965235 0.013869 0.006667
2 2 0.000360 0.010238 0.966389 0.017421 0.005592
2 2 0.000182 0.004765 0.960968 0.031284 0.002801
2 2 0.000266 0.005562 0.945828 0.044783 0.003561
2 2 0.000185 0.004238 0.956503 0.036690 0.002384
2 2 0.000242 0.005235 0.953411 0.038056 0.003056
2 2 0.000259 0.005801 0.945856 0.044137 0.003946
2 2 0.000377 0.008902 0.945872 0.038292 0.006556
2 2 0.000428 0.012735 0.951572 0.025470 0.009796
2 2 0.000383 0.012191 0.952728 0.025023 0.009675
2 2 0.000447 0.014644 0.952932 0.020760 0.011217
2 2 0.000287 0.010445 0.959269 0.021867 0.008131
2 2 0.000404 0.014685 0.953584 0.019521 0.011806
2 2 0.000445 0.016780 0.948614 0.019602 0.014559
2 2 0.000504 0.018487 0.941775 0.021904 0.017329
2 2 0.000330 0.011107 0.949142 0.029452 0.009970
2 2 0.000640 0.021909 0.932295 0.023646 0.021510
2 2 0.000390 0.012635 0.935735 0.037820 0.013420
2 2 0.000304 0.009702 0.936176 0.043535 0.010282
2 2 0.000195 0.005502 0.920131 0.068207 0.005965
2 2 0.000215 0.006117 0.915434 0.071137 0.007098
2 2 0.000188 0.005015 0.888610 0.099623 0.006564
2 2 0.000160 0.004205 0.873466 0.116399 0.005770
2 2 0.000196 0.004093 0.824351 0.165385 0.005975
2 2 0.000194 0.003264 0.797464 0.194838 0.004240
2 2 0.000418 0.006517 0.831004 0.153964 0.008097
2 2 0.000297 0.004501 0.828056 0.162066 0.005081
2 2 0.000195 0.002580 0.732903 0.261017 0.003306
2 2 0.000269 0.002805 0.722186 0.271613 0.003126
2 2 0.000314 0.003314 0.740687 0.252024 0.003661
2 2 0.000452 0.004525 0.715507 0.273852 0.005664
2 2 0.000228 0.002040 0.503735 0.490395 0.003603
