0 0 0.921291 0.046985 0.010608 0.000772 0.020344
0 0 0.939522 0.037820 0.008571 0.000626 0.013460
0 0 0.919846 0.047700 0.011285 0.000872 0.020297
0 0 0.920136 0.047292 0.013813 0.001399 0.017359
0 0 0.944560 0.034951 0.009125 0.000799 0.010566
0 0 0.898323 0.057079 0.012029 0.000670 0.031899
0 0 0.962057 0.025503 0.003934 0.000175 0.008331
0 0 0.981086 0.013819 0.001274 0.000029 0.003792
0 0 0.987415 0.009692 0.001309 0.000049 0.001534
0 0 0.986124 0.010536 0.001641 0.000074 0.001626
0 0 0.951947 0.031185 0.005516 0.000293 0.011059
0 0 0.978569 0.015047 0.001060 0.000017 0.005307
0 0 0.977671 0.015308 0.000920 0.000012 0.006088
0 0 0.956359 0.027531 0.002556 0.000059 0.013495
0 0 0.951670 0.028282 0.001863 0.000025 0.018160
0 0 0.943007 0.030008 0.001539 0.000011 0.025436
0 0 0.896871 0.044843 0.002450 0.000013 0.055823
0 0 0.781431 0.071935 0.004588 0.000020 0.142027
0 0 0.831256 0.068999 0.006095 0.000065 0.093586
0 0 0.803607 0.077063 0.007417 0.000084 0.111829
0 0 0.732827 0.088342 0.007865 0.000060 0.170906
0 0 0.772672 0.081823 0.007382 0.000066 0.138058
0 0 0.801229 0.078412 0.007835 0.000095 0.112429
0 0 0.912448 0.045172 0.003822 0.000059 0.038499
0 0 0.903755 0.051988 0.006319 0.000201 0.037737
0 0 0.917283 0.045684 0.004911 0.000133 0.031988
0 0 0.904137 0.049209 0.004644 0.000085 0.041925
0 0 0.892075 0.055812 0.006527 0.000175 0.045411
0 0 0.899804 0.054155 0.007056 0.000254 0.038731
0 0 0.888422 0.060436 0.010061 0.000497 0.040585
0 0 0.912636 0.051155 0.012750 0.001055 0.022404
0 0 0.947325 0.032583 0.010921 0.001316 0.007855
0 0 0.963508 0.022099 0.009571 0.001598 0.003224
0 0 0.976626 0.015819 0.004852 0.000520 0.002184
0 0 0.975298 0.017274 0.004052 0.000308 0.003069
0 0 0.961168 0.024223 0.009146 0.001282 0.004182
0 0 0.944431 0.033172 0.013156 0.001968 0.007273
0 0 0.902636 0.051705 0.025934 0.005258 0.014466
0 0 0.887133 0.062079 0.022263 0.002940 0.025585
0 0 0.834160 0.081280 0.041182 0.008487 0.034890
0 0 0.663751 0.185977 0.088964 0.002861 0.058447
0 0 0.576502 0.204437 0.151107 0.008706 0.059248
0 0 0.673715 0.167732 0.075407 0.004389 0.078757
0 0 0.712179 0.144637 0.059885 0.004591 0.078708
0 0 0.703479 0.150049 0.049662 0.002667 0.094144
0 0 0.813704 0.098518 0.021199 0.000926 0.065653
0 0 0.877836 0.064317 0.009841 0.000423 0.047583
0 0 0.889046 0.057078 0.006797 0.000186 0.046893
0 0 0.869733 0.065773 0.009278 0.000327 0.054889
0 0 0.862606 0.070453 0.011888 0.000598 0.054455
0 0 0.841031 0.079340 0.015126 0.000890 0.063613
0 0 0.777576 0.103377 0.026352 0.002255 0.090439
0 0 0.766483 0.113158 0.029951 0.002081 0.088328
0 0 0.788729 0.099075 0.023646 0.001823 0.086727
0 0 0.799120 0.095550 0.022265 0.001697 0.081368
0 0 0.807570 0.092389 0.020738 0.001506 0.077797
0 0 0.805226 0.089542 0.016113 0.000709 0.088409
0 0 0.823233 0.085271 0.016440 0.000911 0.074145
0 0 0.800796 0.093581 0.019784 0.001221 0.084618
0 0 0.812400 0.090332 0.019515 0.001329 0.076423
0 0 0.811106 0.089739 0.018126 0.001056 0.079973
0 0 0.855701 0.074667 0.015457 0.001010 0.053165
0 0 0.929230 0.042080 0.006006 0.000243 0.022442
0 0 0.959296 0.026565 0.003017 0.000091 0.011031
0 0 0.972542 0.019294 0.002527 0.000091 0.005546
0 0 0.978210 0.015775 0.001879 0.000060 0.004076
0 0 0.971281 0.019579 0.001752 0.000039 0.007349
0 0 0.944697 0.032475 0.002634 0.000051 0.020143
0 0 0.866673 0.068445 0.010994 0.000507 0.053381
0 1 0.821134 0.084989 0.015425 0.000741 0.077711
0 1 0.662858 0.136134 0.041615 0.003670 0.155723
0 1 0.409281 0.206909 0.112135 0.012135 0.259540
4 2 0.165780 0.262464 0.197983 0.007432 0.366342
2 2 0.062254 0.279491 0.368344 0.007737 0.282174
4 2 0.063932 0.240086 0.273065 0.009024 0.413892
2 1 0.034134 0.233182 0.467333 0.013380 0.251972
2 2 0.025677 0.205355 0.517416 0.012914 0.238638
2 2 0.014368 0.155485 0.638553 0.012834 0.178760
2 2 0.008093 0.098271 0.774441 0.019352 0.099843
2 2 0.006586 0.104520 0.763561 0.010954 0.114379
2 2 0.182209 0.353386 0.392394 0.004040 0.067971
2 2 0.109236 0.339053 0.495488 0.003905 0.052318
2 0 0.072843 0.292230 0.568623 0.007798 0.058506
2 1 0.061493 0.300412 0.562165 0.006355 0.069574
2 2 0.010833 0.121175 0.794698 0.021121 0.052174
2 2 0.001884 0.026758 0.920701 0.046273 0.004383
2 2 0.002273 0.027656 0.907358 0.058169 0.004543
2 2 0.002844 0.030229 0.895179 0.067423 0.004326
2 2 0.005151 0.043339 0.867043 0.077665 0.006802
2 2 0.006814 0.058555 0.865539 0.060893 0.008199
2 2 0.009223 0.071987 0.852808 0.057795 0.008187
2 2 0.068579 0.185415 0.696698 0.030237 0.019071
2 2 0.094031 0.176275 0.668746 0.043500 0.017448
2 2 0.156951 0.181097 0.601596 0.044259 0.016097
2 2 0.234397 0.213827 0.491732 0.033718 0.026327
0 2 0.379535 0.219327 0.342103 0.024357 0.034678
0 2 0.477544 0.233472 0.230102 0.010539 0.048343
0 2 0.436370 0.233479 0.265953 0.015387 0.048811
0 0 0.712950 0.148478 0.097007 0.006037 0.035528
0 0 0.633900 0.174377 0.133811 0.010395 0.047516
2 1 0.014217 0.162326 0.618750 0.010529 0.194178
2 2 0.006499 0.076205 0.785255 0.024865 0.107176
2 2 0.002890 0.040204 0.885131 0.033362 0.038412
2 2 0.002508 0.032807 0.897576 0.043881 0.023228
2 2 0.003069 0.031307 0.879253 0.069948 0.016423
2 2 0.002055 0.017230 0.837425 0.137845 0.005446
2 2 0.001629 0.010253 0.727468 0.257757 0.002893
2 2 0.001274 0.007606 0.679858 0.308910 0.002352
2 2 0.001846 0.007283 0.532820 0.455063 0.002988
3 2 0.001319 0.004417 0.421687 0.570644 0.001932
3 3 0.002062 0.005134 0.348883 0.641568 0.002353
3 2 0.003322 0.007171 0.339252 0.646636 0.003618
3 2 0.006051 0.010413 0.308795 0.668453 0.006288
3 2 0.004411 0.005783 0.199958 0.785560 0.004288
3 2 0.003426 0.004764 0.198589 0.789743 0.003477
3 2 0.002600 0.003786 0.192340 0.798517 0.002758
3 2 0.002546 0.003443 0.173463 0.817954 0.002595
3 2 0.002338 0.002840 0.146334 0.846277 0.002211
3 2 0.001969 0.002118 0.115999 0.878020 0.001894
3 2 0.001430 0.001657 0.114562 0.880878 0.001474
3 3 0.000879 0.000815 0.069796 0.927633 0.000877
3 2 0.000613 0.000441 0.042187 0.956174 0.000585
3 2 0.000687 0.000502 0.044834 0.953295 0.000681
3 2 0.001612 0.001251 0.066520 0.928857 0.001760
3 2 0.001740 0.001356 0.068797 0.926199 0.001908
3 2 0.001258 0.001122 0.075197 0.921168 0.001254
3 2 0.001095 0.000840 0.057279 0.939694 0.001092
3 2 0.001073 0.000800 0.054459 0.942595 0.001073
3 2 0.001025 0.000771 0.054042 0.943095 0.001067
3 2 0.001691 0.001304 0.067283 0.927929 0.001792
3 2 0.000964 0.000702 0.050850 0.946589 0.000895
3 2 0.000941 0.000745 0.057132 0.940320 0.000862
3 2 0.000719 0.000515 0.044549 0.953562 0.000654
3 2 0.001152 0.000869 0.056674 0.940117 0.001189
3 2 0.001045 0.000784 0.054322 0.942773 0.001076
3 2 0.001052 0.000789 0.054354 0.942730 0.001075
3 2 0.000911 0.000661 0.049553 0.948033 0.000841
3 2 0.001203 0.000872 0.055071 0.941792 0.001061
3 2 0.000644 0.000449 0.041331 0.957040 0.000536
3 2 0.000734 0.000526 0.044905 0.953170 0.000666
3 2 0.001011 0.000713 0.049945 0.947504 0.000827
3 2 0.000829 0.000579 0.045749 0.952170 0.000673
3 3 0.001427 0.001044 0.059377 0.936883 0.001269
3 2 0.001134 0.000831 0.054456 0.942531 0.001048
3 2 0.002470 0.001930 0.078725 0.914281 0.002593
3 2 0.002253 0.001772 0.076604 0.916913 0.002457
3 2 0.002338 0.001851 0.078284 0.914923 0.002603
3 2 0.001148 0.000888 0.058267 0.938392 0.001305
3 3 0.001428 0.001118 0.064162 0.931651 0.001641
3 2 0.000830 0.000607 0.048252 0.949509 0.000801
3 2 0.000703 0.000505 0.044381 0.953758 0.000653
3 3 0.000568 0.000407 0.040750 0.957735 0.000539
3 3 0.000554 0.000405 0.041298 0.957174 0.000569
3 2 0.000870 0.000668 0.051937 0.945523 0.001001
3 2 0.000778 0.000586 0.048758 0.949026 0.000852
3 2 0.001533 0.001186 0.065043 0.930571 0.001668
3 3 0.001288 0.000973 0.059252 0.937171 0.001315
3 3 0.000716 0.000524 0.045644 0.952405 0.000710
3 2 0.000494 0.000356 0.038923 0.959735 0.000492
3 2 0.000339 0.000243 0.033424 0.965643 0.000350
3 2 0.002605 0.002115 0.084131 0.908032 0.003117
3 2 0.001851 0.001494 0.073272 0.921087 0.002296
3 2 0.002093 0.001694 0.076971 0.916668 0.002575
3 2 0.001992 0.001611 0.075529 0.918401 0.002466
3 2 0.001727 0.001391 0.071254 0.923476 0.002152
3 2 0.001455 0.001135 0.064397 0.931364 0.001649
3 2 0.001449 0.001123 0.063830 0.931994 0.001603
3 2 0.001086 0.000811 0.054833 0.942178 0.001092
3 2 0.000651 0.000464 0.042616 0.955680 0.000590
3 2 0.000503 0.000352 0.037774 0.960928 0.000442
3 2 0.000752 0.000539 0.045405 0.952620 0.000684
3 2 0.000597 0.000431 0.041887 0.956506 0.000578
3 2 0.000691 0.000506 0.045043 0.953070 0.000690
3 2 0.000912 0.000669 0.050208 0.947333 0.000878
3 2 0.001357 0.001014 0.059731 0.936576 0.001322
3 2 0.002397 0.001905 0.079319 0.913686 0.002693
3 2 0.001845 0.001450 0.071006 0.923629 0.002070
3 2 0.001736 0.001370 0.069731 0.925165 0.001998
3 2 0.001468 0.001155 0.065269 0.930390 0.001718
3 2 0.001432 0.001130 0.064858 0.930880 0.001700
2 2 0.152815 0.197541 0.375619 0.138569 0.135456
2 2 0.169254 0.230932 0.470945 0.058146 0.070724
2 2 0.305172 0.258177 0.350829 0.022235 0.063586
0 0 0.460080 0.265246 0.182065 0.005911 0.086698
0 0 0.400956 0.297264 0.196375 0.004566 0.100839
2 1 0.185254 0.315161 0.384205 0.012478 0.102902
2 1 0.102646 0.275464 0.470352 0.026898 0.124640
2 1 0.056095 0.234567 0.381228 0.024244 0.303867
2 2 0.038502 0.237438 0.364925 0.010228 0.348908
2 2 0.017162 0.159162 0.588851 0.014656 0.220169
2 2 0.010056 0.104605 0.716507 0.022229 0.146603
2 2 0.007461 0.082769 0.785565 0.027125 0.097080
2 2 0.014076 0.140513 0.605859 0.014575 0.224977
2 2 0.024711 0.207510 0.429721 0.008215 0.329843
4 4 0.031919 0.187425 0.245083 0.006439 0.529135
4 4 0.037845 0.142100 0.104031 0.002579 0.713444
4 4 0.033760 0.104246 0.053150 0.000944 0.807900
4 4 0.035379 0.085412 0.031250 0.000396 0.847564
4 4 0.032843 0.108139 0.046565 0.000402 0.812051
4 4 0.032326 0.115140 0.050406 0.000362 0.801766
4 4 0.027672 0.123796 0.068169 0.000596 0.779767
4 4 0.021527 0.118363 0.076889 0.000812 0.782407
4 4 0.021644 0.132069 0.096653 0.001041 0.748592
4 4 0.020871 0.142380 0.122156 0.001557 0.713036
4 4 0.022698 0.133130 0.107329 0.001674 0.735169
4 4 0.027228 0.123131 0.090357 0.001948 0.757337
4 4 0.032689 0.137075 0.092438 0.001510 0.736289
4 4 0.040454 0.167723 0.106909 0.001096 0.683819
4 4 0.032479 0.135441 0.074753 0.000664 0.756663
4 4 0.031495 0.118515 0.055073 0.000415 0.794503
4 4 0.028852 0.132823 0.069612 0.000445 0.768269
4 4 0.022608 0.145160 0.098566 0.000660 0.733005
4 4 0.028031 0.154804 0.108912 0.000991 0.707262
4 4 0.029660 0.161956 0.117515 0.001122 0.689747
4 4 0.039836 0.197070 0.133667 0.000905 0.628522
4 4 0.051936 0.187833 0.096438 0.000542 0.663250
4 4 0.050080 0.215390 0.133416 0.000763 0.600351
4 4 0.040970 0.256217 0.229105 0.001334 0.472374
4 2 0.039544 0.283927 0.313654 0.001859 0.361015
4 2 0.050169 0.288839 0.269408 0.001512 0.390072
1 2 0.058579 0.358677 0.353562 0.000925 0.228256
2 2 0.044021 0.322192 0.430832 0.002119 0.200836
2 2 0.016807 0.208865 0.610204 0.005416 0.158708
2 2 0.012299 0.173810 0.703355 0.008546 0.101990
2 2 0.011472 0.170035 0.715104 0.008169 0.095220
2 2 0.009847 0.147797 0.755723 0.008636 0.077996
2 2 0.010487 0.128716 0.809030 0.009305 0.042462
2 2 0.079752 0.274093 0.596830 0.006891 0.042435
2 2 0.269300 0.268647 0.434177 0.006376 0.021500
0 2 0.469491 0.175197 0.336679 0.010559 0.008075
0 2 0.694259 0.091778 0.194280 0.016592 0.003091
0 2 0.906435 0.027174 0.039442 0.025045 0.001904
0 2 0.904595 0.039506 0.040474 0.011668 0.003757
0 2 0.704603 0.129562 0.149299 0.006930 0.009605
0 2 0.564939 0.250179 0.142570 0.001497 0.040815
0 2 0.507930 0.276854 0.135517 0.001757 0.077942
0 2 0.328183 0.319911 0.189027 0.002700 0.160178
2 2 0.119982 0.345948 0.349122 0.003569 0.181379
2 2 0.110799 0.351362 0.365339 0.003113 0.169387
1 2 0.195344 0.357158 0.306025 0.003231 0.138242
2 2 0.226341 0.249218 0.459165 0.023753 0.041524
0 2 0.482476 0.233858 0.225579 0.009878 0.048209
0 0 0.433591 0.265508 0.202363 0.008217 0.090320
0 1 0.370131 0.291074 0.213499 0.007568 0.117728
1 1 0.280221 0.309485 0.248608 0.007608 0.154078
1 2 0.306781 0.312254 0.264519 0.007678 0.108767
0 2 0.451355 0.273463 0.184940 0.005093 0.085149
0 2 0.470849 0.254002 0.222524 0.005838 0.046787
0 2 0.575673 0.218174 0.163192 0.004316 0.038645
0 2 0.681023 0.171924 0.112839 0.003637 0.030577
0 2 0.789894 0.093210 0.090533 0.012937 0.013426
0 2 0.881915 0.059434 0.040474 0.007258 0.010919
0 0 0.701353 0.140663 0.129016 0.008622 0.020346
0 1 0.607198 0.188861 0.167745 0.006843 0.029352
0 1 0.455649 0.260075 0.229985 0.005853 0.048438
1 1 0.305972 0.323724 0.267505 0.005627 0.097173
2 1 0.159579 0.312823 0.337289 0.010240 0.180070
2 2 0.071319 0.302657 0.492147 0.008723 0.125154
2 2 0.052777 0.285460 0.532688 0.009336 0.119738
2 2 0.052060 0.286084 0.545244 0.008829 0.107783
2 2 0.158457 0.353991 0.422067 0.003731 0.061755
2 2 0.179595 0.281192 0.505523 0.007053 0.026637
2 2 0.351020 0.194084 0.425834 0.017152 0.011910
2 2 0.406941 0.133564 0.415284 0.038670 0.005541
0 2 0.693090 0.063859 0.181371 0.059148 0.002532
0 2 0.841962 0.038873 0.074568 0.042263 0.002335
0 2 0.921586 0.021525 0.031108 0.024354 0.001428
0 2 0.922560 0.027162 0.030454 0.017244 0.002579
0 2 0.839868 0.071081 0.069435 0.011207 0.008409
0 2 0.497315 0.201003 0.279224 0.007632 0.014825
2 2 0.182558 0.322020 0.461590 0.003340 0.030492
2 2 0.117588 0.333181 0.483096 0.005342 0.060794
2 2 0.117410 0.326489 0.372324 0.006375 0.177402
2 2 0.079099 0.308992 0.451951 0.008040 0.151918
2 2 0.052782 0.241278 0.627309 0.016174 0.062456
2 2 0.099730 0.318052 0.427192 0.008019 0.147007
2 2 0.074085 0.316185 0.460972 0.006189 0.142569
2 2 0.049046 0.281733 0.360374 0.004523 0.304324
2 2 0.009478 0.147988 0.736988 0.008593 0.096954
2 2 0.075355 0.306054 0.561975 0.005963 0.050653
2 2 0.345404 0.199746 0.426832 0.015615 0.012404
0 2 0.345952 0.302470 0.305461 0.004087 0.042030
1 2 0.231306 0.355424 0.337627 0.003495 0.072147
2 2 0.135466 0.354050 0.431213 0.003732 0.075539
2 2 0.074152 0.319907 0.540866 0.004489 0.060585
2 2 0.040908 0.281021 0.627891 0.004408 0.045771
2 2 0.028299 0.247839 0.683345 0.005138 0.035378
2 2 0.012991 0.162634 0.791435 0.007357 0.025584
2 2 0.010813 0.145114 0.808458 0.007457 0.028158
2 2 0.014618 0.168316 0.772865 0.006869 0.037331
2 2 0.024897 0.234847 0.678433 0.005821 0.056002
2 2 0.032329 0.266521 0.638478 0.005327 0.057345
2 2 0.025802 0.238954 0.680178 0.006848 0.048217
2 2 0.023424 0.237196 0.689445 0.004970 0.044965
2 2 0.016928 0.193239 0.748824 0.005369 0.035640
2 2 0.012521 0.139725 0.809821 0.009857 0.028077
2 2 0.006042 0.085771 0.877710 0.015584 0.014893
2 2 0.005637 0.083572 0.875479 0.019257 0.016056
2 2 0.004782 0.072333 0.891333 0.020776 0.010777
2 2 0.003615 0.053179 0.909223 0.027249 0.006734
0 2 0.802377 0.051206 0.130786 0.014768 0.000863
0 2 0.957897 0.010604 0.016670 0.014468 0.000361
0 2 0.974443 0.010063 0.010113 0.004944 0.000436
0 2 0.974930 0.012324 0.009024 0.002944 0.000778
0 0 0.966913 0.019586 0.009322 0.001756 0.002423
0 0 0.934399 0.038342 0.015451 0.002361 0.009446
0 0 0.905386 0.054414 0.012070 0.000860 0.027270
0 0 0.798849 0.117426 0.026075 0.000608 0.057042
0 1 0.592087 0.244115 0.095868 0.001014 0.066916
1 1 0.283571 0.388951 0.241000 0.000831 0.085645
1 1 0.224076 0.404115 0.276868 0.000822 0.094120
1 2 0.210234 0.398127 0.292553 0.001056 0.098030
1 2 0.177310 0.403677 0.334156 0.001029 0.083828
2 2 0.071867 0.336892 0.542009 0.002312 0.046919
2 2 0.079424 0.353641 0.518806 0.001694 0.046436
2 2 0.076878 0.340906 0.541204 0.001990 0.039022
2 2 0.146805 0.379782 0.431274 0.001398 0.040742
2 2 0.286248 0.305176 0.384414 0.002486 0.021676
2 0 0.352386 0.242632 0.378014 0.007814 0.019155
2 1 0.339907 0.260562 0.363083 0.008186 0.028263
2 2 0.006199 0.108017 0.701999 0.007715 0.176070
2 2 0.002587 0.059404 0.836629 0.009771 0.091609
2 2 0.002001 0.049256 0.886355 0.010592 0.051795
2 2 0.002111 0.044922 0.900864 0.015107 0.036995
2 2 0.003900 0.060771 0.870655 0.020678 0.043996
2 2 0.003746 0.045444 0.874389 0.039229 0.037193
2 2 0.002883 0.033319 0.880215 0.052492 0.031090
2 2 0.004142 0.051193 0.845255 0.032783 0.066627
2 2 0.004639 0.058717 0.819880 0.027356 0.089408
2 2 0.002652 0.038847 0.874087 0.030930 0.053483
2 2 0.003660 0.040877 0.862797 0.048624 0.044042
2 2 0.004647 0.051933 0.859396 0.041432 0.042592
2 2 0.007587 0.069429 0.854051 0.051489 0.017444
2 2 0.027336 0.182942 0.730939 0.024213 0.034571
2 1 0.054393 0.246773 0.639464 0.014761 0.044609
2 1 0.034297 0.222478 0.706492 0.008865 0.027868
2 2 0.037882 0.257954 0.660280 0.006159 0.037725
2 1 0.056359 0.287313 0.598120 0.006681 0.051526
2 2 0.055656 0.295079 0.570475 0.006493 0.072297
2 2 0.045704 0.273942 0.611103 0.007927 0.061323
0 2 0.488926 0.189933 0.298814 0.009720 0.012607
0 2 0.449408 0.121785 0.368762 0.053930 0.006115
0 2 0.658088 0.106347 0.195265 0.032116 0.008185
0 2 0.703240 0.124190 0.144909 0.013583 0.014078
0 2 0.535045 0.231377 0.191639 0.004726 0.037212
0 2 0.559697 0.250346 0.109789 0.001650 0.078519
0 1 0.576979 0.233233 0.100846 0.002133 0.086809
0 1 0.332135 0.259180 0.110424 0.002053 0.296208
1 1 0.175725 0.314159 0.214637 0.002928 0.292551
1 2 0.098305 0.316808 0.280050 0.002848 0.301988
1 2 0.103583 0.331994 0.308055 0.002916 0.253452
2 2 0.093905 0.319353 0.388636 0.006174 0.191932
2 2 0.106502 0.319759 0.410586 0.007902 0.155251
2 2 0.133079 0.356779 0.358609 0.003243 0.148291
1 1 0.142451 0.366147 0.354155 0.002680 0.134567
2 2 0.122014 0.356271 0.392459 0.003394 0.125862
1 2 0.177154 0.355809 0.251474 0.001884 0.213680
4 2 0.135843 0.322380 0.215057 0.001684 0.325036
4 2 0.092069 0.290595 0.256747 0.003587 0.357002
2 2 0.039197 0.244261 0.412569 0.012331 0.291643
2 2 0.104776 0.346810 0.438253 0.003978 0.106184
2 2 0.149927 0.336072 0.434774 0.006346 0.072880
2 2 0.238207 0.306625 0.384173 0.009125 0.061869
2 2 0.247752 0.285437 0.392354 0.014078 0.060378
0 1 0.527153 0.229569 0.168765 0.007574 0.066938
0 1 0.441929 0.268016 0.229362 0.005798 0.054896
0 1 0.343300 0.323790 0.238751 0.003988 0.090172
2 1 0.204457 0.333662 0.365883 0.007263 0.088735
2 1 0.131272 0.326928 0.461755 0.007497 0.072549
2 2 0.077218 0.304126 0.559174 0.006635 0.052847
2 2 0.053761 0.267466 0.635578 0.007035 0.036160
2 2 0.089323 0.326010 0.531817 0.004212 0.048638
2 2 0.080560 0.326468 0.547398 0.003302 0.042272
2 2 0.145268 0.375362 0.433383 0.001682 0.044305
2 2 0.189485 0.339508 0.433814 0.002641 0.034552
2 0 0.288908 0.297758 0.378777 0.004402 0.030156
0 0 0.387878 0.252044 0.317298 0.009331 0.033448
0 1 0.407863 0.259515 0.283464 0.008047 0.041111
0 1 0.653287 0.197166 0.099412 0.002253 0.047881
0 1 0.590532 0.237096 0.096090 0.001389 0.074893
0 0 0.727493 0.113473 0.024510 0.001219 0.133305
0 0 0.804858 0.079197 0.008515 0.000123 0.107308
0 0 0.784088 0.084226 0.009223 0.000128 0.122335
0 1 0.786341 0.094652 0.016940 0.000684 0.101383
0 1 0.819320 0.087061 0.017827 0.001024 0.074768
0 0 0.860762 0.072908 0.015795 0.001049 0.049486
0 0 0.891788 0.058081 0.008645 0.000338 0.041148
0 0 0.809399 0.086561 0.014120 0.000510 0.089409
0 0 0.823964 0.080836 0.012071 0.000383 0.082745
0 0 0.874635 0.060525 0.006521 0.000131 0.058188
0 0 0.849966 0.065767 0.006293 0.000086 0.077887
0 0 0.879045 0.048069 0.002398 0.000010 0.070478
0 0 0.857024 0.056977 0.003618 0.000021 0.082360
0 0 0.866062 0.052276 0.002826 0.000012 0.078823
0 0 0.836939 0.057726 0.003003 0.000011 0.102321
0 0 0.866751 0.050821 0.002530 0.000009 0.079889
0 0 0.813079 0.070905 0.005633 0.000044 0.110338
0 0 0.875690 0.056661 0.004775 0.000057 0.062817
0 0 0.888158 0.055327 0.005575 0.000105 0.050835
0 0 0.934773 0.038008 0.003868 0.000101 0.023251
0 0 0.952425 0.029898 0.003161 0.000087 0.014429
0 0 0.931210 0.039938 0.004355 0.000125 0.024372
0 0 0.924638 0.042478 0.004403 0.000118 0.028363
0 0 0.901706 0.051393 0.005481 0.000129 0.041291
0 1 0.846540 0.067136 0.006596 0.000094 0.079634
0 1 0.735654 0.134984 0.019294 0.000119 0.109950
0 0 0.529629 0.283696 0.086521 0.000310 0.099844
0 1 0.536140 0.264466 0.077505 0.000384 0.121505
1 1 0.320688 0.367734 0.222892 0.001112 0.087573
2 1 0.196815 0.370794 0.372555 0.002307 0.057528
2 1 0.160407 0.361077 0.418264 0.002983 0.057270
2 2 0.126053 0.361684 0.450652 0.002604 0.059008
2 2 0.108785 0.362646 0.462433 0.002325 0.063811
2 2 0.095369 0.344167 0.493262 0.003307 0.063895
2 2 0.087304 0.349403 0.490811 0.002715 0.069767
2 2 0.071184 0.342540 0.530675 0.002143 0.053459
2 2 0.110684 0.352745 0.489424 0.002482 0.044665
2 2 0.162991 0.332788 0.460753 0.003651 0.039817
2 2 0.098896 0.264923 0.613684 0.004776 0.017720
2 2 0.127292 0.260635 0.583011 0.007771 0.021290
2 2 0.020173 0.202380 0.745774 0.004977 0.026695
2 2 0.079451 0.314390 0.548645 0.005211 0.052303
2 2 0.073429 0.321061 0.534811 0.003896 0.066802
2 2 0.096449 0.362577 0.469028 0.002149 0.069797
2 2 0.085297 0.379757 0.420605 0.001327 0.113015
2 2 0.126461 0.389050 0.392562 0.001448 0.090479
1 2 0.180481 0.371383 0.351971 0.002564 0.093601
1 2 0.252322 0.344813 0.316927 0.004391 0.081547
1 2 0.308480 0.322857 0.288840 0.005029 0.074794
1 0 0.303033 0.335335 0.271147 0.004106 0.086378
0 1 0.410064 0.314023 0.192461 0.002427 0.081025
0 1 0.665819 0.211992 0.066996 0.000540 0.054653
0 1 0.747289 0.135690 0.028757 0.000516 0.087747
0 0 0.688691 0.102626 0.011778 0.000135 0.196770
0 1 0.641100 0.117356 0.017136 0.000289 0.224119
0 1 0.720321 0.101632 0.013395 0.000225 0.164427
0 1 0.721907 0.104112 0.015116 0.000313 0.158552
0 1 0.648597 0.131558 0.023927 0.000516 0.195401
0 1 0.322841 0.264725 0.101058 0.001217 0.310160
4 2 0.144058 0.312586 0.208899 0.002084 0.332373
2 2 0.049910 0.324408 0.407491 0.002218 0.215973
2 2 0.025992 0.253231 0.553746 0.004908 0.162123
2 2 0.017334 0.202187 0.616603 0.007527 0.156350
2 2 0.022566 0.199825 0.710776 0.007799 0.059034
2 2 0.186071 0.364787 0.386171 0.002808 0.060163
2 2 0.307888 0.282174 0.385163 0.003825 0.020950
0 2 0.501085 0.214592 0.267474 0.003948 0.012902
0 2 0.526961 0.190427 0.262875 0.007008 0.012728
0 0 0.644448 0.168752 0.169484 0.004092 0.013225
0 1 0.695526 0.172397 0.103377 0.002234 0.026466
0 1 0.430001 0.282420 0.223873 0.004477 0.059229
0 2 0.612231 0.225912 0.086904 0.001295 0.073658
0 2 0.678810 0.189069 0.061477 0.001049 0.069595
0 0 0.772031 0.129798 0.037229 0.001218 0.059724
0 0 0.726328 0.143519 0.065838 0.004446 0.059870
0 0 0.828522 0.089983 0.032948 0.003575 0.044972
0 1 0.828681 0.090212 0.028172 0.002508 0.050427
0 1 0.791413 0.106623 0.025391 0.001335 0.075238
0 1 0.668708 0.129057 0.021808 0.000380 0.180047
0 1 0.469097 0.175828 0.027296 0.000132 0.327647
4 1 0.052223 0.161699 0.076078 0.000553 0.709447
4 1 0.053597 0.161346 0.074169 0.000530 0.710358
4 4 0.056096 0.106421 0.036353 0.000438 0.800693
4 4 0.043184 0.089330 0.032186 0.000494 0.834807
4 4 0.042573 0.086640 0.029286 0.000392 0.841110
4 4 0.037000 0.075088 0.020600 0.000168 0.867145
4 4 0.048424 0.066825 0.010155 0.000029 0.874567
4 4 0.073540 0.076419 0.010314 0.000029 0.839698
4 4 0.103897 0.080395 0.008609 0.000018 0.807081
4 4 0.176752 0.099082 0.013659 0.000055 0.710452
4 4 0.218519 0.105910 0.015379 0.000076 0.660116
4 4 0.167840 0.098834 0.016472 0.000085 0.716770
4 4 0.209369 0.101999 0.010460 0.000031 0.678141
4 4 0.120400 0.083931 0.008643 0.000018 0.787008
4 4 0.093195 0.074621 0.008861 0.000019 0.823304
4 4 0.028910 0.045246 0.013391 0.000052 0.912401
4 4 0.029269 0.041401 0.009942 0.000025 0.919363
4 4 0.037558 0.042628 0.008542 0.000017 0.911256
4 4 0.055212 0.054566 0.006444 0.000009 0.883770
4 4 0.052682 0.059337 0.008164 0.000016 0.879801
4 4 0.114791 0.078547 0.007490 0.000013 0.799159
4 4 0.076630 0.080173 0.014432 0.000063 0.828701
4 4 0.078526 0.070094 0.007128 0.000012 0.844241
4 4 0.042144 0.068435 0.012859 0.000052 0.876509
4 4 0.032063 0.067370 0.018749 0.000133 0.881685
4 4 0.052711 0.082667 0.019494 0.000141 0.844988
4 4 0.069595 0.091133 0.020355 0.000153 0.818765
4 4 0.097522 0.102489 0.024436 0.000231 0.775324
4 4 0.153681 0.107257 0.017825 0.000108 0.721129
4 4 0.115197 0.092794 0.014888 0.000068 0.777053
4 4 0.092320 0.082358 0.010565 0.000030 0.814727
4 4 0.124272 0.082116 0.007763 0.000014 0.785835
4 4 0.157349 0.080465 0.005790 0.000007 0.756390
4 4 0.126032 0.071949 0.004835 0.000004 0.797180
4 0 0.110781 0.075891 0.006603 0.000010 0.806716
4 4 0.191761 0.082636 0.005343 0.000006 0.720254
4 4 0.200377 0.085185 0.005729 0.000007 0.708701
4 4 0.152199 0.086827 0.007790 0.000014 0.753170
4 4 0.085346 0.091736 0.016771 0.000094 0.806053
4 4 0.051800 0.085888 0.022770 0.000206 0.839336
4 4 0.075042 0.079763 0.012270 0.000044 0.832880
4 4 0.068338 0.073592 0.009778 0.000025 0.848267
4 4 0.048703 0.068777 0.011153 0.000036 0.871330
4 4 0.049048 0.062540 0.007961 0.000016 0.880435
4 4 0.040944 0.060180 0.008503 0.000019 0.890354
4 4 0.033494 0.062789 0.012317 0.000049 0.891351
4 4 0.025059 0.069240 0.026964 0.000337 0.878399
4 4 0.030364 0.067493 0.029659 0.000389 0.872094
4 4 0.031781 0.063444 0.026281 0.000281 0.878213
4 4 0.043189 0.072340 0.023554 0.000213 0.860703
4 4 0.044924 0.074249 0.018503 0.000123 0.862200
4 4 0.028505 0.065363 0.024427 0.000250 0.881454
4 4 0.021392 0.060749 0.038865 0.000771 0.878222
4 4 0.020420 0.061130 0.048341 0.001306 0.868803
4 4 0.026121 0.061840 0.038864 0.000729 0.872446
4 4 0.038256 0.070131 0.035482 0.000560 0.855571
4 4 0.031604 0.064956 0.032920 0.000479 0.870041
4 4 0.044504 0.071474 0.021861 0.000177 0.861984
4 4 0.079259 0.089439 0.016570 0.000091 0.814641
4 4 0.069436 0.081653 0.014705 0.000068 0.834137
4 4 0.062296 0.075177 0.011632 0.000039 0.850857
4 4 0.083067 0.090310 0.016321 0.000088 0.810214
4 4 0.035411 0.066470 0.032174 0.000444 0.865501
4 4 0.041242 0.062399 0.036220 0.000539 0.859600
4 4 0.057588 0.070948 0.041217 0.000709 0.829539
4 4 0.147994 0.107481 0.025501 0.000246 0.718777
4 4 0.133027 0.110050 0.020574 0.000154 0.736195
4 4 0.087280 0.102038 0.023991 0.000226 0.786466
4 4 0.044274 0.084028 0.025099 0.000267 0.846333
4 4 0.029819 0.081602 0.035531 0.000660 0.852388
4 4 0.035255 0.083350 0.031599 0.000483 0.849312
4 4 0.032293 0.084351 0.036529 0.000700 0.846127
4 4 0.026688 0.068141 0.024917 0.000273 0.879980
4 4 0.035126 0.074156 0.034966 0.000573 0.855179
4 4 0.070802 0.087745 0.033752 0.000476 0.807225
4 4 0.123414 0.103035 0.021902 0.000173 0.751476
4 4 0.129819 0.098039 0.013904 0.000059 0.758180
4 4 0.119032 0.093071 0.012580 0.000046 0.775271
4 4 0.123200 0.107274 0.020212 0.000147 0.749167
4 4 0.097150 0.136728 0.039251 0.000329 0.726542
4 4 0.045336 0.095688 0.034098 0.000443 0.824435
4 4 0.037471 0.090856 0.039628 0.000815 0.831230
4 4 0.046212 0.095953 0.038689 0.000773 0.818373
4 4 0.028157 0.085358 0.039295 0.000677 0.846512
4 4 0.021711 0.101206 0.058869 0.000746 0.817468
4 4 0.024730 0.117902 0.074579 0.000962 0.781828
4 4 0.028886 0.128458 0.078362 0.000913 0.763382
4 4 0.083146 0.221088 0.111882 0.000802 0.583081
4 4 0.159056 0.252648 0.094277 0.000495 0.493524
4 4 0.230041 0.292833 0.081505 0.000168 0.395453
4 0 0.288692 0.304752 0.062901 0.000057 0.343598
4 1 0.294481 0.288503 0.057456 0.000060 0.359500
0 1 0.444657 0.234340 0.041846 0.000100 0.279058
4 1 0.324500 0.206181 0.033536 0.000076 0.435706
4 1 0.155903 0.158795 0.027284 0.000061 0.657958
4 1 0.107666 0.189643 0.044017 0.000073 0.658601
4 1 0.115358 0.162118 0.030752 0.000052 0.691720
4 1 0.133291 0.135662 0.023854 0.000074 0.707119
4 1 0.189234 0.153913 0.028556 0.000126 0.628171
4 1 0.136605 0.190135 0.053398 0.000249 0.619613
4 1 0.068507 0.301053 0.216892 0.000901 0.412648
4 2 0.058942 0.313936 0.241700 0.000754 0.384667
4 2 0.069641 0.304403 0.183737 0.000457 0.441763
4 2 0.063168 0.293735 0.205697 0.000759 0.436640
4 2 0.048813 0.254441 0.218725 0.001099 0.476922
4 2 0.027303 0.192605 0.282176 0.002533 0.495383
4 2 0.028582 0.223406 0.306270 0.002002 0.439739
4 2 0.026427 0.231296 0.344666 0.002304 0.395308
4 2 0.029475 0.254941 0.314595 0.002037 0.398952
2 2 0.030231 0.269477 0.362397 0.002183 0.335712
2 2 0.045065 0.311294 0.460961 0.003272 0.179408
2 2 0.050158 0.330651 0.472226 0.002412 0.144553
2 2 0.046509 0.352529 0.478435 0.001203 0.121324
2 2 0.035262 0.344131 0.484483 0.000962 0.135163
2 2 0.047376 0.333787 0.390641 0.001465 0.226730
2 2 0.050948 0.313476 0.330144 0.001687 0.303745
4 2 0.022683 0.234624 0.336570 0.003185 0.402938
2 2 0.013657 0.160117 0.452154 0.005575 0.368496
2 2 0.013375 0.143479 0.428649 0.006509 0.407987
2 2 0.010328 0.132443 0.450347 0.005296 0.401586
2 2 0.011096 0.111985 0.562453 0.014503 0.299963
2 2 0.009693 0.099978 0.617848 0.017692 0.254789
2 2 0.012252 0.124125 0.527537 0.011867 0.324219
2 2 0.013125 0.125273 0.529168 0.013348 0.319087
2 2 0.010095 0.102199 0.677631 0.021307 0.188769
2 2 0.015549 0.124357 0.749797 0.035486 0.074811
2 2 0.017124 0.149068 0.758777 0.027765 0.047266
2 2 0.018428 0.192172 0.736499 0.011945 0.040956
2 2 0.029439 0.245443 0.676036 0.006326 0.042756
2 2 0.064417 0.303734 0.565008 0.005758 0.061083
2 2 0.123145 0.336353 0.474102 0.005127 0.061274
2 2 0.106576 0.302167 0.539454 0.007026 0.044778
2 1 0.110761 0.297702 0.540650 0.007591 0.043297
2 1 0.127542 0.278117 0.546604 0.010459 0.037278
2 1 0.099148 0.238466 0.619035 0.015845 0.027505
2 1 0.062454 0.213791 0.684352 0.013142 0.026261
2 2 0.013840 0.146235 0.812966 0.004933 0.022026
2 2 0.059734 0.292924 0.589202 0.005696 0.052445
2 2 0.037775 0.251071 0.650976 0.009356 0.050822
2 2 0.024551 0.255807 0.642623 0.005265 0.071754
2 2 0.009694 0.169696 0.703461 0.005668 0.111481
2 2 0.009493 0.145130 0.730669 0.008905 0.105804
2 2 0.008976 0.131155 0.711839 0.009864 0.138166
2 2 0.007133 0.086505 0.826602 0.024032 0.055728
2 2 0.009229 0.085168 0.812655 0.038538 0.054411
2 2 0.009831 0.085731 0.818884 0.044146 0.041408
2 2 0.006027 0.047914 0.843329 0.079766 0.022965
2 2 0.005055 0.039976 0.845288 0.090740 0.018940
2 2 0.005594 0.032999 0.788633 0.157563 0.015210
2 2 0.005775 0.041248 0.831450 0.105900 0.015627
2 2 0.002939 0.023222 0.838670 0.129389 0.005779
2 2 0.002706 0.031840 0.899524 0.056682 0.009248
2 1 0.002019 0.031026 0.920709 0.036010 0.010236
2 2 0.001363 0.032753 0.936812 0.015440 0.013631
2 2 0.001115 0.021183 0.938580 0.032333 0.006789
2 2 0.002293 0.028671 0.904963 0.054981 0.009091
2 2 0.003204 0.035711 0.890986 0.056978 0.013120
2 2 0.002092 0.021702 0.880742 0.086636 0.008828
2 2 0.003796 0.037821 0.868074 0.062754 0.027554
2 2 0.006385 0.050901 0.832751 0.073890 0.036073
2 2 0.010359 0.048021 0.739776 0.179084 0.022761
2 2 0.013193 0.067083 0.756121 0.125362 0.038241
2 2 0.010989 0.046657 0.711216 0.198151 0.032987
2 2 0.012814 0.051633 0.696919 0.196858 0.041776
2 2 0.015837 0.063857 0.697150 0.171210 0.051946
2 2 0.011758 0.054331 0.732107 0.160004 0.041800
2 2 0.007791 0.032672 0.692828 0.242742 0.023968
2 2 0.006527 0.024868 0.644633 0.306836 0.017137
2 2 0.011664 0.037017 0.619046 0.313455 0.018817
2 2 0.016515 0.047089 0.600389 0.312428 0.023579
2 2 0.015390 0.041686 0.578136 0.344639 0.020149
2 2 0.014068 0.036403 0.550404 0.379817 0.019309
2 2 0.012040 0.028119 0.491897 0.451224 0.016720
3 2 0.009058 0.020786 0.453592 0.502343 0.014220
2 2 0.015106 0.039804 0.555068 0.355291 0.034730
2 2 0.011370 0.029786 0.531911 0.402735 0.024198
2 2 0.016306 0.040502 0.538644 0.369036 0.035512
2 2 0.020339 0.053764 0.572867 0.303237 0.049793
2 2 0.020622 0.063632 0.626141 0.235884 0.053722
2 2 0.025998 0.105202 0.658001 0.109039 0.101761
2 2 0.017875 0.075229 0.713602 0.149965 0.043328
2 2 0.012074 0.043129 0.661680 0.258046 0.025071
2 2 0.013352 0.049609 0.674380 0.222167 0.040493
2 2 0.011211 0.045416 0.699621 0.213832 0.029921
2 2 0.013502 0.059522 0.725793 0.161072 0.040111
2 2 0.014079 0.060434 0.731275 0.172735 0.021477
2 2 0.013800 0.053280 0.705731 0.209585 0.017604
2 2 0.015978 0.066623 0.730550 0.166691 0.020158
2 2 0.009018 0.035699 0.691233 0.251432 0.012618
2 2 0.007225 0.033876 0.737467 0.211023 0.010409
2 2 0.004548 0.021468 0.705776 0.261053 0.007155
2 2 0.004435 0.016453 0.603337 0.369497 0.006278
3 2 0.003400 0.010283 0.483279 0.498703 0.004335
3 2 0.004671 0.011704 0.433141 0.544787 0.005696
3 2 0.005218 0.011738 0.399631 0.577518 0.005895
3 2 0.005899 0.015582 0.484378 0.487652 0.006488
3 2 0.006012 0.015834 0.484573 0.486864 0.006717
2 2 0.004879 0.014435 0.513282 0.461436 0.005969
3 2 0.004116 0.009847 0.400290 0.580812 0.004934
3 2 0.003979 0.008962 0.372097 0.610300 0.004661
2 2 0.007016 0.019271 0.518566 0.447010 0.008137
3 2 0.005526 0.012710 0.419099 0.557292 0.005373
3 2 0.006347 0.011311 0.329019 0.647484 0.005838
3 2 0.008069 0.013901 0.337163 0.633290 0.007578
3 2 0.004671 0.006993 0.241855 0.741900 0.004581
3 2 0.006184 0.010271 0.296636 0.680152 0.006756
3 2 0.004807 0.008021 0.275665 0.705855 0.005651
3 2 0.002963 0.005299 0.259395 0.728788 0.003555
3 2 0.004029 0.007801 0.314762 0.668895 0.004514
3 2 0.002707 0.004489 0.230929 0.758966 0.002909
3 2 0.001780 0.002450 0.158101 0.835936 0.001733
3 2 0.001506 0.002128 0.156319 0.838735 0.001312
3 2 0.001974 0.002578 0.154137 0.839647 0.001664
3 2 0.001754 0.002146 0.135639 0.859050 0.001411
3 2 0.001580 0.001680 0.106416 0.888935 0.001388
3 2 0.002337 0.002925 0.151371 0.840950 0.002417
3 2 0.003359 0.004714 0.196704 0.791098 0.004126
3 2 0.003706 0.006072 0.247683 0.737849 0.004690
3 2 0.005835 0.008088 0.230819 0.748218 0.007040
3 2 0.006472 0.007022 0.172898 0.805999 0.007609
3 2 0.012284 0.017830 0.307497 0.650104 0.012285
3 2 0.006648 0.009228 0.243323 0.733813 0.006988
3 2 0.004453 0.006914 0.247478 0.736258 0.004898
3 2 0.003282 0.004654 0.200062 0.788464 0.003538
3 2 0.005189 0.007349 0.229682 0.751778 0.006003
3 2 0.003574 0.004494 0.175371 0.812788 0.003773
3 2 0.002829 0.003533 0.161392 0.829409 0.002837
3 2 0.011658 0.014124 0.245690 0.718340 0.010188
3 2 0.024398 0.034011 0.359545 0.566428 0.015618
2 2 0.073946 0.138632 0.545501 0.199993 0.041929
2 0 0.122635 0.231357 0.541532 0.046300 0.058176
2 1 0.173106 0.307277 0.440420 0.011081 0.068116
2 2 0.228654 0.321506 0.406021 0.004260 0.039560
0 2 0.477051 0.280544 0.214442 0.001397 0.026566
0 2 0.609732 0.222989 0.141335 0.001335 0.024609
0 2 0.587294 0.170889 0.223681 0.006789 0.011347
0 2 0.571314 0.130049 0.244016 0.041526 0.013096
0 2 0.671634 0.124315 0.151396 0.029916 0.022738
0 2 0.378817 0.247486 0.305123 0.016687 0.051887
2 2 0.128989 0.318809 0.464458 0.009474 0.078270
2 2 0.111866 0.320161 0.469415 0.008481 0.090077
2 2 0.076681 0.293560 0.437218 0.011046 0.181495
2 2 0.029266 0.251234 0.505528 0.009381 0.204591
2 2 0.024301 0.272812 0.489204 0.003424 0.210259
4 2 0.034058 0.260633 0.301309 0.002258 0.401742
4 2 0.059343 0.282913 0.270347 0.002412 0.384986
4 2 0.025776 0.177216 0.185237 0.002959 0.608812
4 2 0.024443 0.184773 0.227007 0.003432 0.560345
4 2 0.024088 0.176785 0.184131 0.002576 0.612421
4 2 0.023380 0.171656 0.174386 0.002384 0.628194
4 2 0.026055 0.163179 0.159612 0.002889 0.648266
4 2 0.026085 0.160038 0.154236 0.002869 0.656771
4 2 0.036334 0.166985 0.135387 0.002418 0.658876
4 2 0.073728 0.251207 0.192306 0.002331 0.480428
1 2 0.199870 0.348242 0.276843 0.003273 0.171772
0 2 0.573179 0.263907 0.104054 0.000705 0.058154
0 2 0.590418 0.246932 0.114417 0.001018 0.047216
0 2 0.482677 0.290869 0.178908 0.001477 0.046070
2 2 0.271596 0.298715 0.385280 0.006061 0.038348
0 2 0.368839 0.322796 0.231963 0.002968 0.073435
4 2 0.031974 0.253945 0.294274 0.002216 0.417591
4 2 0.017060 0.149999 0.259826 0.003763 0.569353
4 2 0.016856 0.124973 0.191227 0.003459 0.663484
4 2 0.026496 0.131223 0.104184 0.001867 0.736231
4 2 0.058154 0.172468 0.103321 0.001578 0.664479
4 2 0.246529 0.297104 0.142443 0.001506 0.312419
0 2 0.360934 0.316662 0.154189 0.001512 0.166702
0 2 0.403275 0.321485 0.131934 0.000737 0.142569
1 2 0.253171 0.373976 0.259105 0.001566 0.112183
2 2 0.151906 0.354118 0.430661 0.003599 0.059716
1 2 0.205568 0.374853 0.361843 0.001999 0.055737
1 2 0.182920 0.385485 0.344425 0.001711 0.085459
2 2 0.108795 0.362891 0.447154 0.002519 0.078641
2 2 0.196863 0.367872 0.373141 0.002540 0.059585
1 2 0.334902 0.352034 0.256799 0.001555 0.054710
0 0 0.465877 0.268891 0.237684 0.002187 0.025361
0 0 0.628674 0.194307 0.147359 0.003439 0.026221
0 0 0.630714 0.168559 0.160295 0.010917 0.029515
0 1 0.744911 0.147296 0.062967 0.002118 0.042708
0 1 0.837648 0.088965 0.015566 0.000429 0.057392
0 1 0.463675 0.187424 0.022331 0.000036 0.326535
0 1 0.559952 0.155189 0.015698 0.000031 0.269130
0 1 0.480659 0.204109 0.022507 0.000021 0.292705
0 1 0.560580 0.205884 0.028332 0.000048 0.205157
0 1 0.673128 0.175178 0.027970 0.000106 0.123617
0 1 0.715081 0.124407 0.016586 0.000132 0.143793
0 1 0.703309 0.137426 0.019960 0.000145 0.139161
0 0 0.685177 0.127314 0.014980 0.000082 0.172447
0 0 0.735075 0.078103 0.004827 0.000017 0.181978
0 0 0.517245 0.085135 0.003861 0.000004 0.393754
4 1 0.358887 0.141285 0.012906 0.000019 0.486904
4 1 0.248936 0.170265 0.024870 0.000055 0.555874
4 1 0.225236 0.165898 0.026676 0.000076 0.582115
4 1 0.165792 0.181418 0.040475 0.000148 0.612166
4 1 0.172997 0.197274 0.051431 0.000248 0.578050
4 1 0.174017 0.215079 0.061778 0.000301 0.548825
4 1 0.217705 0.194205 0.043199 0.000192 0.544700
0 0 0.419514 0.194104 0.032789 0.000134 0.353459
0 1 0.352017 0.299481 0.069965 0.000120 0.278418
0 1 0.380836 0.327886 0.076814 0.000088 0.214375
2 1 0.073262 0.335107 0.491424 0.003592 0.096615
2 1 0.070369 0.322641 0.493942 0.004887 0.108161
2 1 0.028029 0.242184 0.666081 0.004614 0.059092
2 2 0.005632 0.093805 0.869156 0.008983 0.022423
2 2 0.006696 0.107823 0.842310 0.010269 0.032902
2 2 0.023127 0.223034 0.682563 0.005630 0.065646
2 2 0.010874 0.146016 0.778398 0.008990 0.055722
2 2 0.013352 0.170450 0.732470 0.007018 0.076710
2 2 0.031517 0.275233 0.548303 0.003366 0.141581
2 2 0.049688 0.334003 0.426351 0.001906 0.188052
2 2 0.020313 0.211071 0.588467 0.004118 0.176031
2 2 0.005806 0.102192 0.719258 0.008252 0.164492
2 2 0.004802 0.087880 0.705389 0.008160 0.193769
2 2 0.003699 0.066352 0.664624 0.009223 0.256103
2 2 0.004320 0.069216 0.549183 0.007809 0.369471
4 4 0.007166 0.083061 0.347352 0.005616 0.556806
4 4 0.012651 0.103571 0.234755 0.004702 0.644321
4 4 0.022793 0.112032 0.127689 0.004094 0.733392
4 4 0.029773 0.111533 0.084678 0.003374 0.770641
4 4 0.029445 0.114263 0.088016 0.003314 0.764963
0 4 0.398797 0.300385 0.108725 0.000667 0.191425
0 4 0.355543 0.318576 0.102299 0.000332 0.223251
0 0 0.420089 0.262953 0.080456 0.000595 0.235906
0 0 0.566663 0.181489 0.042579 0.000650 0.208618
4 4 0.325843 0.131232 0.019831 0.000175 0.522920
4 4 0.098900 0.090973 0.013977 0.000060 0.796091
4 4 0.051506 0.068460 0.021143 0.000154 0.858736
4 4 0.053162 0.066502 0.023035 0.000182 0.857118
4 4 0.067887 0.072026 0.016937 0.000088 0.843061
4 4 0.056903 0.069720 0.020841 0.000146 0.852390
4 4 0.077245 0.076576 0.021423 0.000151 0.824606
4 4 0.092891 0.078423 0.018596 0.000106 0.809984
4 4 0.067210 0.066831 0.021354 0.000144 0.844460
4 4 0.061341 0.066763 0.025084 0.000214 0.846599
4 4 0.047122 0.064204 0.029892 0.000337 0.858444
4 4 0.109235 0.087143 0.026198 0.000241 0.777183
4 4 0.150223 0.098110 0.026644 0.000257 0.724766
4 4 0.235907 0.108390 0.029174 0.000340 0.626190
0 0 0.436951 0.137631 0.026659 0.000449 0.398309
0 1 0.542754 0.130908 0.020707 0.000327 0.305304
4 4 0.034101 0.075837 0.023406 0.000232 0.866424
4 4 0.022276 0.066287 0.029379 0.000417 0.881640
4 4 0.030616 0.074782 0.025188 0.000282 0.869132
4 4 0.040268 0.077103 0.020565 0.000165 0.861899
4 4 0.036714 0.070314 0.016491 0.000098 0.876384
4 4 0.027023 0.061456 0.018186 0.000125 0.893209
4 4 0.021751 0.048749 0.018432 0.000123 0.910945
4 4 0.052258 0.066411 0.018279 0.000108 0.862945
4 4 0.093547 0.084077 0.023729 0.000193 0.798453
4 4 0.143364 0.105061 0.019685 0.000134 0.731757
4 4 0.132995 0.097387 0.013265 0.000052 0.756301
4 4 0.084919 0.093845 0.018281 0.000116 0.802840
4 4 0.048552 0.084937 0.023519 0.000225 0.842766
4 4 0.060277 0.087637 0.020699 0.000161 0.831226
4 4 0.075494 0.087462 0.016119 0.000086 0.820839
4 4 0.056696 0.074378 0.012409 0.000046 0.856470
