0 0 0.703730 0.130875 0.065549 0.005051 0.094795
0 0 0.547772 0.217620 0.157074 0.005825 0.071709
0 0 0.385740 0.276031 0.260345 0.007931 0.069953
2 1 0.166232 0.274289 0.453807 0.019826 0.085846
2 1 0.112045 0.248710 0.522209 0.022326 0.094710
2 1 0.069357 0.220559 0.599638 0.019516 0.090930
2 1 0.042624 0.166837 0.729748 0.020263 0.040528
2 1 0.118152 0.240104 0.563636 0.019641 0.058467
2 2 0.106969 0.232103 0.601857 0.017894 0.041178
2 2 0.170551 0.275481 0.493767 0.013299 0.046902
2 2 0.137367 0.254598 0.559867 0.013817 0.034351
2 2 0.074730 0.191962 0.696354 0.017232 0.019721
2 2 0.048365 0.151680 0.765644 0.020344 0.013966
2 2 0.020057 0.093929 0.856064 0.023769 0.006181
2 2 0.088726 0.196266 0.673073 0.020529 0.021406
2 2 0.273867 0.258694 0.387282 0.021446 0.058712
2 2 0.298294 0.233386 0.364304 0.032755 0.071262
0 2 0.363239 0.201703 0.308599 0.045472 0.080987
0 2 0.364183 0.198238 0.330390 0.042952 0.064236
0 2 0.637088 0.146674 0.139030 0.014790 0.062418
0 2 0.384289 0.246812 0.293790 0.014174 0.060936
2 2 0.228752 0.237272 0.488426 0.014300 0.031251
2 2 0.075398 0.159248 0.724028 0.024636 0.016689
2 2 0.023726 0.092724 0.850217 0.026905 0.006428
2 2 0.005739 0.041906 0.916162 0.034087 0.002107
2 2 0.004083 0.032363 0.927647 0.034550 0.001357
2 2 0.002939 0.029556 0.939070 0.027349 0.001085
2 2 0.004518 0.037028 0.931581 0.025455 0.001419
2 2 0.004232 0.037776 0.934014 0.022618 0.001361
2 2 0.005517 0.044938 0.928220 0.019745 0.001580
2 2 0.018411 0.083386 0.875916 0.018234 0.004053
2 2 0.031548 0.104318 0.833827 0.023265 0.007042
2 2 0.091303 0.147207 0.718200 0.027884 0.015406
2 2 0.114969 0.173004 0.656622 0.032038 0.023368
2 2 0.269616 0.224024 0.444118 0.020642 0.041600
2 2 0.298084 0.238998 0.390705 0.022157 0.050055
2 2 0.263278 0.266971 0.391160 0.019298 0.059294
2 2 0.276684 0.297645 0.328252 0.016255 0.081165
0 2 0.321427 0.286616 0.241700 0.014061 0.136196
0 1 0.379910 0.267785 0.240389 0.014157 0.097759
4 1 0.225108 0.280939 0.148177 0.002518 0.343259
0 1 0.362370 0.220615 0.093868 0.003587 0.319560
4 1 0.332345 0.159033 0.057976 0.003545 0.447100
4 1 0.259590 0.154260 0.049973 0.001618 0.534558
4 1 0.138216 0.212801 0.122967 0.003379 0.522637
4 1 0.174413 0.172326 0.077879 0.002757 0.572625
4 1 0.354504 0.169559 0.067175 0.003926 0.404836
0 1 0.616341 0.156485 0.068926 0.006235 0.152012
0 1 0.541747 0.222901 0.119392 0.004832 0.111127
0 1 0.605681 0.182014 0.072663 0.003443 0.136199
0 1 0.436276 0.236445 0.094551 0.002520 0.230208
4 1 0.276662 0.235441 0.121831 0.003795 0.362271
4 1 0.203097 0.172549 0.108370 0.007660 0.508324
4 1 0.215113 0.156245 0.080439 0.004342 0.543862
0 1 0.510097 0.116731 0.037967 0.003795 0.331409
0 1 0.570796 0.149457 0.043310 0.002302 0.234135
0 1 0.498137 0.208863 0.069945 0.001950 0.221105
0 1 0.404545 0.257938 0.092854 0.001596 0.243066
0 1 0.373136 0.256817 0.090711 0.001426 0.277908
0 1 0.476713 0.212374 0.063587 0.001376 0.245950
4 1 0.187981 0.174010 0.072627 0.002502 0.562880
4 1 0.299255 0.239204 0.106236 0.004237 0.351068
1 1 0.254275 0.286697 0.180094 0.005945 0.272989
1 1 0.259263 0.302258 0.239985 0.010346 0.188148
2 1 0.213719 0.315553 0.323950 0.010648 0.136130
2 1 0.140115 0.270669 0.456078 0.018208 0.114931
2 1 0.193601 0.267296 0.425906 0.021949 0.091248
0 1 0.441863 0.257443 0.165668 0.006897 0.128129
0 4 0.462387 0.254617 0.180900 0.006916 0.095181
1 4 0.285580 0.317689 0.243309 0.002985 0.150436
2 4 0.104573 0.289261 0.325101 0.002280 0.278785
2 4 0.051209 0.227007 0.432017 0.004483 0.285285
4 4 0.102943 0.215067 0.196279 0.003987 0.481723
4 4 0.163978 0.251701 0.220753 0.008356 0.355213
4 4 0.269542 0.266882 0.161733 0.006491 0.295353
1 4 0.244641 0.304316 0.230699 0.007991 0.212353
0 4 0.402449 0.260120 0.178110 0.012153 0.147169
0 4 0.397260 0.278505 0.191863 0.009260 0.123112
0 4 0.390790 0.285967 0.211174 0.008381 0.103688
0 4 0.524957 0.229413 0.118204 0.004899 0.122526
4 4 0.076762 0.179599 0.304827 0.014754 0.424058
2 4 0.062945 0.175821 0.382980 0.016991 0.361262
4 4 0.116945 0.225251 0.265243 0.006931 0.385630
4 4 0.296778 0.251918 0.119230 0.002663 0.329411
0 4 0.321998 0.300785 0.185991 0.005431 0.185795
0 4 0.350726 0.279324 0.208733 0.008817 0.152401
2 4 0.155262 0.289251 0.295678 0.006399 0.253410
4 4 0.113986 0.237231 0.250629 0.006180 0.391975
4 4 0.148335 0.198680 0.118578 0.004241 0.530165
4 4 0.269981 0.251642 0.124936 0.004438 0.349003
0 4 0.384840 0.266605 0.100432 0.001618 0.246504
1 4 0.320370 0.329193 0.198013 0.002546 0.149876
1 4 0.233910 0.346582 0.333011 0.004041 0.082456
2 4 0.240922 0.339191 0.350707 0.004856 0.064324
2 2 0.255075 0.334329 0.350455 0.005177 0.054964
2 2 0.179334 0.296396 0.485456 0.007536 0.031278
2 2 0.065932 0.185797 0.719875 0.013869 0.014526
2 2 0.047370 0.155442 0.770416 0.015656 0.011115
2 2 0.049249 0.155490 0.766038 0.016729 0.012494
2 2 0.065413 0.175167 0.724702 0.017727 0.016991
2 2 0.031179 0.120937 0.813160 0.025034 0.009690
2 2 0.004939 0.040793 0.919581 0.032855 0.001831
2 2 0.009078 0.045630 0.899044 0.043774 0.002474
2 2 0.008148 0.040108 0.895988 0.053492 0.002264
2 2 0.009383 0.040275 0.883608 0.064110 0.002624
2 2 0.009739 0.037426 0.872344 0.077845 0.002645
2 2 0.009059 0.031522 0.833064 0.123499 0.002857
2 2 0.005706 0.027182 0.858966 0.106130 0.002016
2 2 0.003641 0.020531 0.832637 0.141519 0.001671
2 2 0.004179 0.025323 0.859617 0.108962 0.001920
2 2 0.002629 0.018391 0.863467 0.114259 0.001254
2 2 0.001429 0.013029 0.870928 0.113743 0.000871
2 2 0.000854 0.009903 0.885361 0.103289 0.000594
2 2 0.001025 0.010158 0.864959 0.123183 0.000675
2 2 0.001325 0.010666 0.834961 0.152238 0.000810
2 2 0.002829 0.015066 0.822005 0.159031 0.001069
2 2 0.008597 0.027582 0.831803 0.129872 0.002146
2 2 0.010529 0.029642 0.841871 0.115908 0.002051
2 2 0.013532 0.034732 0.834325 0.114577 0.002835
2 2 0.022784 0.045652 0.790575 0.135964 0.005025
2 2 0.004143 0.013279 0.573529 0.406131 0.002919
3 2 0.003434 0.009215 0.454214 0.530449 0.002687
3 3 0.003824 0.009423 0.420561 0.563013 0.003178
3 3 0.005272 0.012825 0.484077 0.494249 0.003577
2 3 0.005452 0.014145 0.551422 0.425992 0.002989
2 3 0.008874 0.019514 0.566100 0.400583 0.004929
2 3 0.009442 0.021277 0.556248 0.407172 0.005861
2 3 0.006125 0.018550 0.583116 0.387613 0.004597
2 3 0.006377 0.018058 0.563236 0.407701 0.004628
2 3 0.007342 0.021290 0.603106 0.363368 0.004894
2 3 0.014638 0.035993 0.634499 0.306373 0.008497
2 3 0.022518 0.050969 0.654662 0.259475 0.012376
2 3 0.013535 0.039899 0.697822 0.241008 0.007736
2 3 0.015227 0.047210 0.748061 0.181861 0.007641
2 3 0.012980 0.044508 0.790681 0.145954 0.005878
2 3 0.021347 0.054074 0.774689 0.142010 0.007880
2 2 0.025688 0.056445 0.778853 0.130615 0.008400
2 2 0.035263 0.050518 0.672766 0.229804 0.011650
2 2 0.041784 0.059293 0.680158 0.204542 0.014222
2 2 0.016858 0.027064 0.544751 0.403016 0.008310
3 2 0.003751 0.006426 0.228366 0.756452 0.005005
3 2 0.005706 0.009449 0.289382 0.689972 0.005491
3 2 0.005440 0.007698 0.225614 0.755449 0.005799
3 2 0.008802 0.014219 0.352655 0.617636 0.006688
3 2 0.017199 0.025182 0.442401 0.504846 0.010372
3 2 0.015215 0.020647 0.376526 0.577719 0.009892
2 2 0.021468 0.033980 0.511867 0.420822 0.011863
3 2 0.025191 0.029724 0.404604 0.526075 0.014405
3 2 0.030295 0.035122 0.457098 0.462602 0.014883
3 2 0.022782 0.021196 0.316213 0.625744 0.014064
3 2 0.034065 0.029432 0.348615 0.566902 0.020986
3 2 0.017320 0.019542 0.350967 0.600334 0.011837
3 3 0.014776 0.022778 0.458285 0.495643 0.008518
2 3 0.011710 0.024458 0.554213 0.402912 0.006706
2 3 0.023006 0.040486 0.586937 0.337921 0.011650
2 2 0.013488 0.033210 0.618231 0.327308 0.007763
2 2 0.032022 0.056660 0.625148 0.271499 0.014671
2 2 0.014583 0.035048 0.636064 0.306991 0.007315
2 2 0.017208 0.030581 0.541290 0.402617 0.008303
2 2 0.011904 0.028537 0.612530 0.340655 0.006374
2 2 0.017308 0.045356 0.708011 0.219655 0.009669
2 2 0.007040 0.023877 0.681265 0.283586 0.004231
2 2 0.007064 0.017266 0.524892 0.446122 0.004656
2 2 0.011144 0.023103 0.525695 0.432946 0.007112
2 2 0.018765 0.032505 0.498968 0.436826 0.012936
2 2 0.020742 0.038705 0.512843 0.412158 0.015552
2 2 0.016337 0.034874 0.515451 0.419590 0.013749
2 2 0.020704 0.045817 0.599774 0.319922 0.013784
2 2 0.022467 0.056938 0.729748 0.180688 0.010160
2 2 0.033037 0.068145 0.763362 0.125748 0.009708
2 2 0.114668 0.121444 0.665670 0.077562 0.020656
2 2 0.340834 0.181554 0.418803 0.027119 0.031690
0 0 0.554352 0.162839 0.221388 0.019709 0.041712
0 0 0.588156 0.146331 0.183499 0.026959 0.055055
0 1 0.626940 0.100009 0.121381 0.067543 0.084127
0 1 0.589316 0.099912 0.121978 0.089171 0.099622
0 1 0.585126 0.118263 0.148659 0.063981 0.083971
0 1 0.359473 0.188309 0.316395 0.056611 0.079212
2 2 0.130117 0.189697 0.578448 0.057593 0.044144
2 2 0.019196 0.085021 0.826777 0.060471 0.008537
2 2 0.003391 0.025523 0.930123 0.039952 0.001011
2 2 0.001133 0.011737 0.907128 0.079495 0.000507
2 2 0.000897 0.008212 0.844093 0.146256 0.000542
2 2 0.001120 0.008593 0.794049 0.195471 0.000767
2 2 0.001377 0.007880 0.681147 0.308498 0.001097
2 2 0.002138 0.009284 0.592951 0.393720 0.001908
3 2 0.003004 0.009037 0.456710 0.528370 0.002878
3 2 0.003916 0.008110 0.332561 0.651370 0.004044
3 3 0.003379 0.005867 0.233309 0.753326 0.004119
3 3 0.002358 0.003637 0.167710 0.823055 0.003240
3 3 0.001722 0.002680 0.136770 0.855891 0.002937
3 3 0.001871 0.003588 0.188894 0.802586 0.003061
3 3 0.002718 0.003619 0.128427 0.860378 0.004858
3 3 0.002242 0.002994 0.119178 0.871516 0.004069
3 3 0.003040 0.003689 0.122790 0.865467 0.005013
3 3 0.001862 0.002182 0.097723 0.895185 0.003049
3 3 0.001900 0.002064 0.091622 0.901500 0.002915
3 3 0.002863 0.003037 0.105561 0.884316 0.004223
3 3 0.005013 0.006108 0.149521 0.831259 0.008100
3 2 0.005617 0.008454 0.211760 0.765778 0.008392
3 2 0.004782 0.011419 0.381206 0.596984 0.005609
3 2 0.006047 0.009203 0.258067 0.720394 0.006289
3 2 0.004817 0.006224 0.177327 0.805454 0.006177
3 2 0.007105 0.007784 0.154753 0.820043 0.010315
3 2 0.008100 0.010098 0.185712 0.783545 0.012545
3 2 0.006890 0.013330 0.331412 0.639931 0.008437
2 2 0.008420 0.021065 0.494029 0.468393 0.008093
3 2 0.007053 0.018200 0.477523 0.489991 0.007232
3 2 0.010493 0.019381 0.372944 0.585744 0.011437
3 2 0.011600 0.017028 0.296073 0.662598 0.012702
3 2 0.009381 0.011698 0.212156 0.754668 0.012097
3 2 0.008510 0.009528 0.175261 0.795200 0.011502
3 2 0.005545 0.006073 0.141125 0.839146 0.008112
3 2 0.004043 0.004564 0.131644 0.853890 0.005858
3 2 0.002594 0.003034 0.111355 0.878840 0.004176
3 3 0.002249 0.002551 0.102175 0.889475 0.003551
3 3 0.002699 0.003021 0.108514 0.881588 0.004178
3 3 0.004178 0.003560 0.099590 0.887647 0.005025
3 3 0.004250 0.003213 0.089413 0.898511 0.004613
3 3 0.030221 0.013844 0.157242 0.782712 0.015981
2 3 0.002469 0.017794 0.839572 0.138562 0.001604
2 3 0.002517 0.017884 0.826584 0.151200 0.001815
2 3 0.002534 0.016462 0.791694 0.187330 0.001980
2 3 0.004648 0.020414 0.750875 0.221350 0.002713
2 3 0.003236 0.015473 0.738083 0.241238 0.001970
2 3 0.007563 0.026225 0.730023 0.231974 0.004215
2 3 0.007597 0.024498 0.680945 0.281966 0.004995
2 3 0.006554 0.017064 0.488116 0.482129 0.006138
3 3 0.005037 0.013460 0.436454 0.539249 0.005800
3 3 0.002511 0.006783 0.309976 0.676414 0.004317
3 3 0.003812 0.010772 0.426899 0.554074 0.004442
2 3 0.004728 0.012211 0.513956 0.465810 0.003296
2 3 0.015292 0.027285 0.646166 0.305084 0.006174
2 3 0.029167 0.039496 0.725394 0.199487 0.006455
2 3 0.033724 0.044536 0.721680 0.192573 0.007487
2 3 0.118082 0.093851 0.630518 0.136606 0.020943
2 3 0.071853 0.070087 0.605961 0.232372 0.019728
2 1 0.045314 0.050337 0.574687 0.315183 0.014478
2 1 0.047360 0.047276 0.502386 0.385549 0.017430
2 1 0.035252 0.041294 0.550976 0.360602 0.011876
0 1 0.517299 0.133392 0.299381 0.030026 0.019903
0 2 0.481181 0.146538 0.302720 0.040206 0.029355
0 2 0.458263 0.174529 0.290337 0.033863 0.043007
0 2 0.585104 0.151264 0.182289 0.024535 0.056809
0 1 0.459646 0.156825 0.266358 0.053201 0.063970
2 2 0.111905 0.104918 0.575805 0.172732 0.034639
2 2 0.019469 0.041773 0.736603 0.195776 0.006380
2 2 0.060147 0.072585 0.706123 0.148202 0.012943
2 4 0.199496 0.126489 0.470847 0.147191 0.055977
0 4 0.475518 0.125889 0.185954 0.086285 0.126353
0 4 0.399955 0.098595 0.128871 0.059332 0.313247
4 4 0.248484 0.088337 0.210211 0.096692 0.356276
2 4 0.120685 0.076364 0.322945 0.167552 0.312454
4 4 0.086053 0.090073 0.346581 0.088066 0.389227
4 4 0.137811 0.092675 0.206613 0.032192 0.530709
4 4 0.191910 0.095601 0.118202 0.011856 0.582431
4 4 0.209049 0.101951 0.131332 0.017292 0.540375
4 4 0.293855 0.106404 0.071731 0.006818 0.521192
4 4 0.357417 0.087232 0.040912 0.002734 0.511705
4 4 0.224004 0.088860 0.032735 0.000735 0.653666
4 4 0.202252 0.127174 0.032188 0.000431 0.637955
4 4 0.114515 0.103363 0.037926 0.000410 0.743786
4 4 0.099325 0.076387 0.043757 0.000696 0.779834
4 4 0.092689 0.054083 0.040066 0.000752 0.812410
4 4 0.099225 0.053705 0.054312 0.001791 0.790967
4 4 0.087620 0.059354 0.053407 0.001344 0.798275
4 4 0.206327 0.083367 0.058389 0.003178 0.648738
4 4 0.290584 0.120875 0.062576 0.004183 0.521782
4 4 0.306431 0.219120 0.141818 0.007509 0.325121
0 4 0.344544 0.291333 0.270964 0.010845 0.082316
0 4 0.401148 0.275618 0.258693 0.006805 0.057736
0 4 0.410471 0.274359 0.264262 0.005095 0.045813
2 4 0.300280 0.310575 0.331188 0.006856 0.051101
2 4 0.197736 0.276838 0.482246 0.009452 0.033728
2 4 0.205904 0.284937 0.462043 0.009832 0.037284
2 4 0.235536 0.298967 0.407160 0.010250 0.048087
2 4 0.173125 0.279835 0.490540 0.014285 0.042215
2 4 0.118099 0.241685 0.586661 0.019925 0.033630
2 4 0.111409 0.216528 0.619534 0.023644 0.028884
2 4 0.037248 0.129359 0.792449 0.029260 0.011684
2 2 0.006090 0.047526 0.894636 0.049019 0.002729
2 2 0.009435 0.047015 0.893450 0.047369 0.002731
2 2 0.023307 0.070307 0.844998 0.055578 0.005810
2 2 0.030530 0.080331 0.816589 0.064676 0.007874
2 2 0.108349 0.180510 0.629811 0.050721 0.030610
2 2 0.127562 0.220239 0.587722 0.031248 0.033229
2 2 0.132070 0.202630 0.609506 0.029479 0.026314
2 2 0.132556 0.183093 0.629199 0.032560 0.022592
2 2 0.076454 0.125769 0.745785 0.039345 0.012648
2 2 0.169707 0.167397 0.611529 0.030581 0.020785
2 2 0.173639 0.166667 0.596650 0.038196 0.024848
2 2 0.140225 0.155346 0.627175 0.051618 0.025635
2 2 0.050000 0.087148 0.733739 0.114316 0.014797
2 2 0.046192 0.084122 0.670896 0.178196 0.020595
2 2 0.079734 0.127614 0.647687 0.114801 0.030164
2 2 0.032869 0.096132 0.745684 0.109118 0.016197
2 2 0.008582 0.043695 0.823810 0.119044 0.004868
2 2 0.064133 0.113197 0.774913 0.038981 0.008776
2 2 0.370660 0.181604 0.414265 0.014463 0.019008
2 2 0.301648 0.164352 0.506777 0.014343 0.012880
2 2 0.004186 0.037810 0.937423 0.019354 0.001227
2 2 0.002235 0.026102 0.950845 0.020132 0.000686
2 2 0.004324 0.039239 0.939916 0.015434 0.001087
2 2 0.001981 0.024195 0.953749 0.019470 0.000606
2 2 0.000707 0.011775 0.955564 0.031687 0.000267
2 2 0.000870 0.012059 0.950110 0.036664 0.000296
2 2 0.001194 0.013980 0.934380 0.049993 0.000454
2 2 0.000787 0.010735 0.934668 0.053466 0.000345
2 2 0.000814 0.010539 0.914222 0.073948 0.000478
2 2 0.001571 0.016307 0.902978 0.078237 0.000906
2 2 0.003860 0.026221 0.881758 0.086158 0.002004
2 2 0.001466 0.013239 0.861605 0.122702 0.000988
2 2 0.001435 0.013286 0.854920 0.129259 0.001100
2 2 0.001163 0.011388 0.834419 0.151915 0.001115
2 2 0.000983 0.009040 0.779312 0.209527 0.001138
2 2 0.000823 0.006826 0.687324 0.303823 0.001204
2 2 0.001043 0.006678 0.608165 0.382655 0.001459
2 2 0.001284 0.008595 0.673016 0.315520 0.001584
2 2 0.002750 0.009503 0.499392 0.485578 0.002778
3 2 0.003319 0.009272 0.401093 0.582308 0.004008
2 2 0.004007 0.024192 0.791016 0.177346 0.003439
2 2 0.005748 0.028639 0.756166 0.204554 0.004893
2 2 0.007319 0.025968 0.611807 0.346960 0.007946
2 2 0.006834 0.022565 0.575648 0.387631 0.007322
3 2 0.008464 0.021642 0.476031 0.484170 0.009695
2 2 0.010253 0.025699 0.523792 0.429711 0.010545
2 2 0.009949 0.028491 0.622435 0.330861 0.008265
2 2 0.011655 0.031938 0.641826 0.305796 0.008785
2 2 0.011460 0.029455 0.642893 0.308951 0.007241
2 2 0.011047 0.025181 0.547040 0.408239 0.008493
2 2 0.013540 0.028438 0.567069 0.381585 0.009368
3 2 0.013108 0.022947 0.453217 0.500174 0.010554
3 2 0.021628 0.025257 0.395001 0.542710 0.015403
3 2 0.010661 0.013378 0.304560 0.662547 0.008854
3 2 0.005264 0.008767 0.279875 0.700792 0.005302
3 2 0.011396 0.012474 0.253702 0.712487 0.009941
3 3 0.009481 0.008819 0.155544 0.814037 0.012118
3 3 0.006683 0.006093 0.127819 0.851072 0.008333
3 3 0.004556 0.004257 0.112509 0.872774 0.005903
3 3 0.002798 0.002584 0.091609 0.899337 0.003672
3 3 0.002164 0.003406 0.137122 0.852785 0.004523
3 3 0.001472 0.002560 0.129400 0.863159 0.003410
3 3 0.002796 0.004570 0.162327 0.824778 0.005529
3 3 0.002953 0.004840 0.163682 0.822499 0.006026
3 3 0.002873 0.004774 0.178419 0.808975 0.004959
3 3 0.002330 0.003267 0.126682 0.863322 0.004399
3 3 0.002663 0.003079 0.111335 0.878682 0.004241
3 3 0.003593 0.003308 0.100966 0.887486 0.004647
3 3 0.003682 0.002900 0.087780 0.901474 0.004165
3 3 0.003054 0.002241 0.076006 0.915417 0.003281
3 3 0.002636 0.002244 0.082669 0.909216 0.003236
3 3 0.002300 0.002165 0.086199 0.906240 0.003095
3 3 0.001744 0.001954 0.091180 0.902364 0.002758
3 3 0.002131 0.002166 0.090003 0.902626 0.003073
3 3 0.002487 0.002580 0.097683 0.893627 0.003623
3 3 0.002033 0.001787 0.076734 0.916850 0.002596
3 3 0.001481 0.001142 0.059255 0.936407 0.001715
3 3 0.002440 0.001430 0.055620 0.938323 0.002186
3 3 0.002483 0.001415 0.054508 0.939422 0.002171
3 3 0.004228 0.002441 0.068706 0.920977 0.003647
3 3 0.003561 0.002678 0.082833 0.907049 0.003879
3 3 0.002259 0.001993 0.080368 0.912502 0.002879
3 3 0.002942 0.002390 0.082600 0.908616 0.003452
3 3 0.002662 0.001982 0.072874 0.919569 0.002914
3 3 0.004361 0.003184 0.087370 0.900496 0.004589
3 3 0.003774 0.003250 0.096585 0.891790 0.004601
3 3 0.001693 0.001698 0.080949 0.913220 0.002440
3 3 0.001195 0.001182 0.069193 0.926701 0.001729
3 3 0.001558 0.001414 0.070969 0.923991 0.002069
3 3 0.004823 0.004250 0.108841 0.876159 0.005928
3 3 0.007774 0.007145 0.144317 0.832184 0.008581
3 3 0.031814 0.028218 0.306263 0.611705 0.022000
3 3 0.025121 0.034211 0.445672 0.479738 0.015259
2 2 0.018678 0.048499 0.682744 0.239707 0.010371
2 2 0.009731 0.047638 0.829668 0.107656 0.005308
2 2 0.004025 0.030453 0.902076 0.061769 0.001677
2 2 0.003184 0.028783 0.916241 0.050414 0.001378
2 2 0.002579 0.025757 0.915648 0.054738 0.001277
2 2 0.002539 0.025439 0.906644 0.063854 0.001523
2 2 0.002210 0.020364 0.871091 0.104555 0.001780
2 2 0.001830 0.019858 0.887358 0.089328 0.001625
2 2 0.003013 0.024682 0.863243 0.106747 0.002315
2 2 0.002672 0.022864 0.847243 0.124608 0.002613
2 2 0.002634 0.020946 0.836523 0.137523 0.002375
2 2 0.003401 0.019346 0.732892 0.240800 0.003561
2 2 0.003882 0.015990 0.601585 0.374157 0.004386
3 2 0.004112 0.010958 0.403731 0.576180 0.005019
3 2 0.003585 0.010838 0.412438 0.567844 0.005295
3 2 0.004488 0.011591 0.376852 0.600633 0.006435
3 2 0.006872 0.018121 0.435819 0.529618 0.009570
2 2 0.008359 0.023565 0.534192 0.425260 0.008624
3 2 0.008019 0.017942 0.419975 0.545261 0.008803
3 2 0.009678 0.016187 0.328333 0.634714 0.011089
3 2 0.007930 0.009011 0.166625 0.804622 0.011811
3 3 0.022669 0.017103 0.184014 0.752404 0.023810
3 3 0.008603 0.008077 0.144371 0.828092 0.010856
3 3 0.022874 0.017340 0.190876 0.744397 0.024513
3 3 0.007063 0.008736 0.199192 0.776408 0.008601
3 3 0.004407 0.006322 0.188337 0.794726 0.006209
3 3 0.002909 0.004415 0.149111 0.837791 0.005774
3 3 0.002504 0.005269 0.260938 0.728075 0.003214
3 3 0.004980 0.007573 0.231921 0.749822 0.005703
3 3 0.006321 0.009900 0.281115 0.696639 0.006024
3 3 0.019685 0.022687 0.350011 0.594326 0.013290
3 3 0.019861 0.028263 0.416516 0.520816 0.014544
3 3 0.016379 0.023548 0.374841 0.572543 0.012689
3 3 0.011944 0.018181 0.306918 0.649226 0.013731
3 3 0.007009 0.009173 0.194412 0.779297 0.010109
3 3 0.005464 0.006139 0.143408 0.836782 0.008207
3 3 0.003268 0.003716 0.118833 0.869100 0.005082
3 3 0.002940 0.003314 0.113029 0.876156 0.004561
3 3 0.004040 0.004672 0.131134 0.853845 0.006309
3 3 0.004202 0.005201 0.141810 0.841848 0.006939
3 3 0.004639 0.006918 0.188983 0.791944 0.007515
3 2 0.004254 0.008113 0.234163 0.745511 0.007959
3 2 0.005549 0.011249 0.292261 0.681980 0.008961
3 2 0.005976 0.015051 0.395460 0.574842 0.008672
2 2 0.004754 0.019890 0.677972 0.293422 0.003962
2 2 0.006824 0.029714 0.752707 0.206130 0.004625
2 2 0.005634 0.031886 0.832708 0.126526 0.003246
2 2 0.002323 0.024425 0.906322 0.065398 0.001532
2 2 0.001012 0.014022 0.912817 0.071327 0.000823
2 2 0.000774 0.011156 0.897369 0.089934 0.000767
2 2 0.000684 0.008645 0.858412 0.131546 0.000713
2 2 0.003191 0.023299 0.828298 0.142422 0.002790
2 1 0.031897 0.093571 0.739310 0.113785 0.021437
2 1 0.096668 0.143750 0.570867 0.128984 0.059730
2 1 0.181196 0.214030 0.416219 0.060898 0.127658
4 1 0.155255 0.222728 0.251911 0.016506 0.353600
4 1 0.191512 0.216243 0.117637 0.003152 0.471455
4 1 0.145933 0.235672 0.170738 0.004005 0.443652
2 4 0.207310 0.245998 0.368053 0.030104 0.148535
0 4 0.311860 0.237857 0.244644 0.023924 0.181715
0 4 0.359563 0.243222 0.276704 0.020559 0.099953
0 4 0.382780 0.218978 0.326311 0.017804 0.054128
0 4 0.543723 0.207497 0.211478 0.004655 0.032647
0 4 0.548808 0.210420 0.200191 0.004442 0.036139
0 4 0.609887 0.214339 0.124199 0.001763 0.049813
0 4 0.566416 0.228726 0.150754 0.002534 0.051570
0 4 0.687074 0.172622 0.085470 0.001525 0.053310
0 4 0.468528 0.207242 0.275568 0.011898 0.036764
0 4 0.407399 0.243898 0.302754 0.008501 0.037447
0 4 0.443270 0.267357 0.238340 0.004351 0.046682
0 4 0.354534 0.328540 0.258324 0.003195 0.055408
2 4 0.126022 0.338450 0.433837 0.003151 0.098540
1 4 0.146868 0.352380 0.344561 0.002572 0.153619
1 4 0.209227 0.327820 0.243288 0.003632 0.216033
4 4 0.267443 0.254395 0.106724 0.001997 0.369442
4 4 0.170515 0.199957 0.085565 0.002261 0.541702
4 4 0.172428 0.142741 0.058141 0.001470 0.625219
4 4 0.191642 0.102515 0.040885 0.000921 0.664036
4 4 0.132805 0.081678 0.037731 0.000610 0.747176
4 4 0.162248 0.069955 0.030214 0.000513 0.737070
4 4 0.188114 0.085331 0.043099 0.001245 0.682211
4 4 0.355745 0.061987 0.019329 0.000553 0.562385
4 4 0.432876 0.061883 0.018292 0.000692 0.486258
4 4 0.327883 0.069864 0.026249 0.000934 0.575070
0 4 0.558567 0.050444 0.020262 0.002030 0.368697
0 4 0.497796 0.066503 0.041473 0.007487 0.386742
0 4 0.543273 0.073047 0.031032 0.003979 0.348670
4 4 0.167054 0.093343 0.059825 0.002243 0.677536
4 4 0.152772 0.089367 0.054961 0.001700 0.701200
4 4 0.141429 0.098879 0.081143 0.003759 0.674789
4 4 0.221085 0.100804 0.059407 0.003008 0.615696
4 4 0.265772 0.105079 0.055633 0.003158 0.570357
4 4 0.320150 0.110904 0.034013 0.001108 0.533824
4 4 0.313446 0.103274 0.026593 0.000606 0.556082
4 4 0.250778 0.149367 0.051343 0.001696 0.546816
4 4 0.183283 0.168611 0.076212 0.002827 0.569068
4 4 0.168489 0.183310 0.071807 0.002016 0.574378
4 4 0.153657 0.206817 0.092317 0.001868 0.545341
4 4 0.202599 0.242987 0.104508 0.001540 0.448366
1 4 0.161037 0.318087 0.227683 0.002359 0.290834
2 4 0.121496 0.334316 0.378838 0.004005 0.161347
2 4 0.118551 0.327423 0.442532 0.005449 0.106045
2 4 0.096098 0.287407 0.540808 0.007125 0.068561
2 4 0.105856 0.281055 0.540134 0.008598 0.064357
2 4 0.126579 0.320445 0.450278 0.005892 0.096806
1 4 0.202265 0.314243 0.254073 0.006142 0.223277
4 4 0.189278 0.233173 0.109502 0.002392 0.465656
0 4 0.566814 0.198872 0.083546 0.001825 0.148943
0 4 0.457403 0.252647 0.202391 0.007531 0.080028
0 4 0.414335 0.298863 0.209211 0.004021 0.073571
0 4 0.478836 0.282663 0.159408 0.002465 0.076628
2 4 0.236455 0.327078 0.367448 0.006577 0.062441
2 4 0.040313 0.193430 0.725425 0.009797 0.031035
2 4 0.022018 0.142284 0.805292 0.011352 0.019053
2 4 0.026227 0.154977 0.791997 0.009626 0.017173
2 4 0.029574 0.169796 0.771128 0.008846 0.020656
2 4 0.033110 0.179041 0.751794 0.010105 0.025950
2 4 0.048832 0.217031 0.685321 0.009877 0.038938
2 2 0.071698 0.255618 0.602875 0.010001 0.059807
1 2 0.206643 0.329536 0.298533 0.006199 0.159090
0 2 0.309396 0.266311 0.131950 0.004327 0.288015
4 2 0.256743 0.238802 0.116070 0.004886 0.383499
4 2 0.277303 0.187140 0.081341 0.004801 0.449415
4 2 0.246192 0.210455 0.106426 0.005745 0.431181
4 2 0.288594 0.249293 0.127497 0.005190 0.329425
1 2 0.218002 0.309457 0.253287 0.007927 0.211326
2 2 0.119777 0.292772 0.476361 0.010429 0.100661
2 2 0.012733 0.098804 0.859866 0.015729 0.012868
2 2 0.016813 0.102751 0.852307 0.017825 0.010303
2 2 0.020220 0.118157 0.834491 0.014556 0.012575
2 2 0.017559 0.098338 0.862158 0.014920 0.007025
2 2 0.032709 0.143072 0.798576 0.012427 0.013216
2 2 0.064087 0.200955 0.706065 0.009300 0.019594
2 2 0.059313 0.198125 0.712604 0.010066 0.019892
2 2 0.067684 0.225211 0.671932 0.008311 0.026862
2 2 0.055629 0.194384 0.715183 0.012882 0.021923
2 2 0.040387 0.171099 0.755442 0.013365 0.019708
2 2 0.016338 0.100335 0.853282 0.020686 0.009360
2 2 0.015718 0.099850 0.854191 0.020452 0.009789
2 2 0.024276 0.129643 0.812286 0.017884 0.015911
2 2 0.040479 0.164354 0.756086 0.018016 0.021065
2 2 0.085741 0.222369 0.650517 0.014658 0.026715
2 2 0.157022 0.290099 0.501913 0.009613 0.041353
2 2 0.140973 0.266033 0.553551 0.010594 0.028848
2 2 0.130536 0.256980 0.575851 0.010356 0.026277
2 2 0.065639 0.184127 0.723465 0.012713 0.014056
2 2 0.047573 0.153240 0.771626 0.015898 0.011663
2 2 0.025927 0.108126 0.839324 0.019369 0.007253
2 2 0.025816 0.107623 0.838347 0.020712 0.007503
2 2 0.019287 0.090873 0.857532 0.025949 0.006359
2 2 0.010979 0.064465 0.881973 0.037960 0.004622
2 2 0.007268 0.049645 0.889419 0.049957 0.003711
2 2 0.001858 0.021519 0.917193 0.058273 0.001157
2 2 0.001101 0.015793 0.934938 0.047534 0.000634
2 2 0.000713 0.012166 0.945861 0.040868 0.000391
2 2 0.000967 0.015202 0.948723 0.034667 0.000441
2 2 0.001309 0.018551 0.945176 0.034399 0.000565
2 2 0.001395 0.019454 0.945651 0.032925 0.000575
2 2 0.001696 0.022001 0.942783 0.032839 0.000681
2 2 0.001512 0.020233 0.943178 0.034430 0.000647
2 2 0.006533 0.048962 0.916626 0.025699 0.002180
2 2 0.002580 0.027851 0.937988 0.030571 0.001010
2 2 0.000850 0.013809 0.947244 0.037673 0.000424
2 2 0.001144 0.016602 0.941458 0.040224 0.000572
2 2 0.000717 0.012090 0.943156 0.043623 0.000414
2 2 0.000850 0.013233 0.935250 0.050134 0.000534
2 2 0.000556 0.009637 0.924870 0.064475 0.000461
2 2 0.007524 0.044733 0.901702 0.043390 0.002651
2 2 0.002201 0.022626 0.926820 0.047378 0.000973
2 2 0.000981 0.014680 0.936812 0.046956 0.000571
2 2 0.000484 0.009221 0.942139 0.047833 0.000322
2 2 0.000277 0.006168 0.933159 0.060151 0.000244
2 2 0.000243 0.005455 0.918469 0.075568 0.000265
2 2 0.000315 0.006048 0.882322 0.110862 0.000453
2 2 0.000679 0.008945 0.845672 0.143803 0.000901
2 2 0.001032 0.009519 0.751094 0.236809 0.001546
2 2 0.002522 0.013900 0.679002 0.301716 0.002859
2 2 0.002876 0.015094 0.662530 0.316018 0.003482
2 2 0.002148 0.012886 0.679395 0.302835 0.002735
2 2 0.001660 0.011583 0.699205 0.285218 0.002335
2 2 0.001104 0.009086 0.716340 0.271848 0.001622
2 2 0.000846 0.007156 0.725386 0.265578 0.001034
2 2 0.000450 0.004189 0.659052 0.335620 0.000689
2 2 0.000443 0.003858 0.613965 0.381000 0.000735
2 2 0.000603 0.004435 0.533970 0.459708 0.001284
3 2 0.001433 0.007302 0.485191 0.503215 0.002858
3 2 0.002207 0.009551 0.474088 0.510012 0.004143
3 2 0.002534 0.009751 0.445724 0.537440 0.004551
3 2 0.002139 0.007047 0.332617 0.653432 0.004765
3 2 0.017010 0.023256 0.431611 0.518660 0.009463
2 2 0.096886 0.078707 0.574881 0.227150 0.022377
2 2 0.158642 0.115605 0.559248 0.139214 0.027290
2 2 0.229427 0.172435 0.498992 0.065715 0.033431
2 2 0.353822 0.192768 0.367204 0.042944 0.043263
0 2 0.461199 0.193774 0.276332 0.022357 0.046339
2 2 0.182759 0.206682 0.521724 0.048780 0.040054
2 2 0.112946 0.225979 0.593270 0.032055 0.035750
2 2 0.089823 0.212198 0.646109 0.025005 0.026865
2 2 0.027936 0.113959 0.814980 0.033182 0.009944
2 2 0.007780 0.053538 0.896675 0.038761 0.003245
2 2 0.003859 0.035617 0.919281 0.039586 0.001657
2 2 0.004938 0.041558 0.914076 0.037424 0.002003
2 2 0.002094 0.024100 0.926508 0.046239 0.001060
2 2 0.001841 0.022387 0.931600 0.043271 0.000902
2 2 0.005537 0.043426 0.901579 0.046837 0.002622
2 2 0.008985 0.057300 0.878349 0.050959 0.004407
2 2 0.005108 0.037735 0.868316 0.085432 0.003408
2 2 0.001072 0.009111 0.803592 0.185354 0.000871
2 2 0.000906 0.007065 0.776174 0.215215 0.000641
2 2 0.001338 0.009423 0.797370 0.191069 0.000800
2 2 0.000849 0.007762 0.859994 0.130979 0.000417
2 2 0.000851 0.007776 0.846288 0.144603 0.000482
2 2 0.001343 0.011663 0.883820 0.102586 0.000587
2 2 0.002531 0.017410 0.856195 0.122627 0.001237
2 2 0.003717 0.024824 0.879339 0.090443 0.001678
2 2 0.003041 0.022189 0.860251 0.112702 0.001818
2 2 0.117289 0.142139 0.671986 0.048230 0.020356
2 2 0.185623 0.164845 0.557829 0.057883 0.033820
2 2 0.170238 0.145039 0.529566 0.113773 0.041384
2 2 0.078760 0.112318 0.628788 0.151230 0.028903
2 2 0.083641 0.130336 0.678585 0.083970 0.023467
2 2 0.050580 0.113395 0.763066 0.059765 0.013193
2 2 0.001387 0.016833 0.915941 0.064951 0.000888
2 2 0.001416 0.017996 0.920981 0.058682 0.000925
2 2 0.001708 0.020533 0.921180 0.055541 0.001037
2 2 0.001668 0.020276 0.922611 0.054445 0.001000
2 2 0.000828 0.012925 0.933428 0.052279 0.000540
2 2 0.001485 0.017541 0.896150 0.083533 0.001291
2 2 0.001634 0.019039 0.903863 0.074198 0.001267
2 2 0.002207 0.023893 0.911557 0.060957 0.001385
2 2 0.002057 0.022853 0.913166 0.060623 0.001301
2 2 0.003326 0.031327 0.904532 0.058915 0.001901
2 2 0.017365 0.085807 0.841765 0.047400 0.007663
2 2 0.027246 0.106004 0.810269 0.045742 0.010739
2 2 0.033342 0.115833 0.788987 0.047595 0.014242
2 2 0.060886 0.153578 0.729561 0.035425 0.020550
2 2 0.092246 0.180722 0.678095 0.026190 0.022747
2 2 0.048234 0.118933 0.786485 0.035327 0.011021
2 2 0.006373 0.046982 0.904669 0.039312 0.002664
2 2 0.005164 0.042111 0.902304 0.047993 0.002428
2 2 0.004343 0.037970 0.908702 0.046944 0.002041
2 2 0.003602 0.033430 0.907066 0.054010 0.001894
2 2 0.002221 0.024107 0.913108 0.059204 0.001360
2 2 0.001499 0.017789 0.912989 0.066729 0.000994
2 2 0.001206 0.014096 0.894805 0.088962 0.000931
2 2 0.001387 0.014325 0.869322 0.113786 0.001180
2 2 0.001166 0.012115 0.841640 0.143855 0.001224
2 2 0.002393 0.023391 0.906344 0.066532 0.001340
2 2 0.000831 0.010332 0.914221 0.074173 0.000444
2 2 0.001706 0.015299 0.876372 0.105587 0.001036
2 2 0.001458 0.014270 0.872505 0.110700 0.001067
2 2 0.002271 0.017519 0.820865 0.157323 0.002021
2 2 0.003815 0.021549 0.711843 0.257887 0.004905
2 2 0.006728 0.029687 0.708515 0.248555 0.006515
2 2 0.086835 0.119944 0.663289 0.102741 0.027191
2 2 0.148444 0.139596 0.588343 0.088305 0.035313
2 2 0.318720 0.168720 0.387225 0.064870 0.060464
2 2 0.271594 0.193595 0.435554 0.049830 0.049428
2 1 0.191540 0.191680 0.555375 0.032785 0.028620
0 1 0.366786 0.245224 0.321671 0.014151 0.052168
2 1 0.217827 0.240531 0.454369 0.028806 0.058467
2 4 0.130164 0.231941 0.555251 0.032489 0.050154
2 4 0.142107 0.247228 0.520745 0.032147 0.057774
2 4 0.297902 0.255234 0.330078 0.025649 0.091136
0 4 0.325663 0.280304 0.275185 0.015274 0.103574
2 4 0.250372 0.280229 0.354896 0.015909 0.098595
0 4 0.311863 0.309905 0.240364 0.008321 0.129548
4 4 0.165172 0.077105 0.030381 0.000479 0.726863
4 4 0.142712 0.121818 0.082910 0.003477 0.649082
4 4 0.191088 0.119224 0.088218 0.005707 0.595762
4 4 0.350197 0.113449 0.049505 0.003397 0.483452
0 4 0.596450 0.080332 0.025669 0.002959 0.294589
0 4 0.528624 0.101775 0.032821 0.003177 0.333604
0 4 0.551902 0.091095 0.027864 0.002567 0.326572
4 4 0.282776 0.094053 0.027893 0.000640 0.594638
4 4 0.304666 0.090286 0.026081 0.000629 0.578337
4 4 0.163361 0.094225 0.044472 0.001024 0.696918
4 4 0.100085 0.087930 0.058569 0.001290 0.752127
4 4 0.109537 0.077731 0.079386 0.003421 0.729926
4 4 0.112234 0.076534 0.077483 0.003323 0.730425
4 4 0.077567 0.083587 0.135371 0.007459 0.696016
4 4 0.100489 0.090860 0.109517 0.005283 0.693850
4 4 0.093679 0.093949 0.138210 0.007129 0.667033
4 4 0.220882 0.101309 0.108921 0.010458 0.558430
4 4 0.291435 0.123800 0.083338 0.005392 0.496035
4 4 0.247753 0.187234 0.160091 0.007553 0.397370
4 4 0.281851 0.230921 0.150589 0.005439 0.331199
0 4 0.551082 0.169463 0.058941 0.003093 0.217422
0 4 0.601271 0.183728 0.092955 0.005315 0.116731
0 4 0.542577 0.227960 0.148318 0.004590 0.076556
0 4 0.375494 0.257699 0.292749 0.010587 0.063471
0 4 0.399034 0.242016 0.285779 0.011962 0.061209
2 1 0.322189 0.204886 0.416586 0.020451 0.035887
2 1 0.223429 0.182468 0.547005 0.025204 0.021894
0 1 0.416231 0.216612 0.325597 0.009816 0.031744
0 1 0.366243 0.279639 0.290989 0.007597 0.055532
0 1 0.318910 0.306964 0.316204 0.006459 0.051463
2 1 0.149465 0.237804 0.542368 0.026852 0.043512
2 1 0.055054 0.150407 0.731731 0.043816 0.018993
2 1 0.011597 0.066439 0.857711 0.058238 0.006015
2 1 0.004763 0.038741 0.887407 0.066257 0.002832
2 2 0.004380 0.037113 0.894093 0.061917 0.002496
2 2 0.001853 0.021963 0.924642 0.050514 0.001027
2 2 0.001409 0.018046 0.922722 0.056921 0.000901
2 2 0.003275 0.031512 0.910249 0.053236 0.001728
2 2 0.002025 0.022756 0.915640 0.058334 0.001244
2 2 0.001914 0.021904 0.916203 0.058786 0.001193
0 2 0.395635 0.310958 0.204447 0.004043 0.084917
0 2 0.358735 0.315409 0.210227 0.004530 0.111098
1 2 0.221318 0.328076 0.298413 0.006908 0.145284
2 1 0.064439 0.272889 0.415689 0.009604 0.237379
2 1 0.061088 0.279438 0.518893 0.009105 0.131476
2 1 0.065384 0.272375 0.559280 0.010498 0.092464
2 1 0.054699 0.251416 0.608404 0.010711 0.074770
2 1 0.066381 0.288919 0.546331 0.006326 0.092043
2 1 0.058507 0.266116 0.604728 0.006583 0.064066
2 1 0.052318 0.252513 0.638447 0.006465 0.050257
2 1 0.039983 0.247463 0.652404 0.004731 0.055418
2 1 0.050176 0.283906 0.583269 0.003712 0.078938
2 1 0.024240 0.180969 0.750235 0.007793 0.036762
2 1 0.033841 0.213881 0.698514 0.007114 0.046650
1 1 0.297037 0.324139 0.309666 0.006675 0.062483
0 1 0.383081 0.296652 0.261503 0.004740 0.054024
0 0 0.572657 0.217591 0.165583 0.002821 0.041348
0 0 0.499297 0.225525 0.229265 0.005884 0.040028
0 0 0.578394 0.173871 0.204347 0.009006 0.034382
0 0 0.763368 0.085061 0.118324 0.012505 0.020741
0 0 0.804524 0.039318 0.055962 0.063744 0.036453
0 0 0.817043 0.012565 0.016574 0.119510 0.034309
0 0 0.801958 0.010588 0.014105 0.139322 0.034028
0 0 0.900808 0.005852 0.006194 0.063990 0.023157
0 0 0.896928 0.010788 0.009199 0.045251 0.037835
0 0 0.750788 0.036978 0.035116 0.075354 0.101764
0 0 0.665385 0.090220 0.074604 0.045546 0.124245
0 0 0.639873 0.153745 0.097039 0.009291 0.100052
0 0 0.572656 0.203137 0.158800 0.005828 0.059579
0 0 0.582471 0.194216 0.167763 0.006030 0.049520
0 0 0.683260 0.169069 0.094381 0.002063 0.051228
0 0 0.745316 0.139803 0.064227 0.001310 0.049344
0 0 0.648218 0.182421 0.110777 0.002810 0.055774
0 0 0.785321 0.111042 0.035155 0.000897 0.067585
0 0 0.764224 0.111820 0.024351 0.000551 0.099054
0 0 0.696981 0.117786 0.033451 0.001423 0.150358
0 0 0.697384 0.091352 0.023686 0.001990 0.185588
0 0 0.783530 0.081733 0.017499 0.000886 0.116353
0 0 0.746896 0.103099 0.020055 0.000648 0.129301
0 1 0.616868 0.206483 0.070668 0.001298 0.104683
0 1 0.602081 0.185342 0.110841 0.006224 0.095511
0 1 0.581398 0.207775 0.101794 0.003676 0.105357
0 1 0.581685 0.168411 0.068414 0.005096 0.176394
0 1 0.587451 0.185634 0.075594 0.003872 0.147448
0 1 0.572092 0.198795 0.103241 0.005582 0.120291
0 1 0.598786 0.189084 0.091234 0.004494 0.116403
0 1 0.607801 0.190949 0.082247 0.003183 0.115821
0 1 0.566235 0.208731 0.121083 0.005360 0.098591
0 1 0.527645 0.227452 0.158149 0.006045 0.080709
0 1 0.662563 0.155222 0.105566 0.006509 0.070141
0 0 0.749190 0.120326 0.075165 0.003898 0.051421
0 0 0.752016 0.121132 0.074474 0.003421 0.048957
0 0 0.682626 0.136910 0.111777 0.009441 0.059245
0 0 0.753997 0.095207 0.052470 0.005079 0.093247
0 1 0.436899 0.086760 0.068138 0.013515 0.394688
4 1 0.261038 0.111427 0.144192 0.028434 0.454910
0 1 0.460178 0.136548 0.171405 0.064935 0.166936
0 1 0.618512 0.175717 0.104188 0.006351 0.095232
0 1 0.592171 0.198469 0.098849 0.004088 0.106423
0 1 0.360843 0.307773 0.177910 0.003677 0.149797
2 1 0.159013 0.325172 0.358180 0.007535 0.150100
2 1 0.164903 0.326834 0.346837 0.007083 0.154343
1 1 0.219290 0.323290 0.320037 0.009132 0.128251
1 1 0.199088 0.326066 0.301677 0.006827 0.166342
1 1 0.154645 0.324658 0.321773 0.005802 0.193122
2 1 0.141212 0.331940 0.335900 0.004378 0.186570
2 1 0.125039 0.335250 0.345344 0.003361 0.191006
2 1 0.139565 0.341394 0.351160 0.003507 0.164374
1 1 0.166293 0.349034 0.327299 0.003101 0.154273
1 1 0.206915 0.350380 0.311333 0.003388 0.127985
1 2 0.284417 0.332158 0.256637 0.004698 0.122090
2 2 0.175244 0.330802 0.379466 0.007253 0.107236
2 2 0.140321 0.318531 0.424918 0.009252 0.106977
2 2 0.167225 0.334011 0.371070 0.006198 0.121496
1 2 0.269159 0.325230 0.300514 0.007776 0.097321
2 2 0.219038 0.338494 0.340742 0.005670 0.096056
2 2 0.169905 0.333374 0.401792 0.006354 0.088575
2 2 0.152053 0.334629 0.419954 0.005514 0.087849
2 2 0.103570 0.314519 0.490668 0.006384 0.084858
2 2 0.123910 0.318540 0.477964 0.006825 0.072761
2 2 0.099199 0.257750 0.606103 0.009828 0.027120
2 2 0.117487 0.270897 0.576512 0.009308 0.025796
2 2 0.106099 0.246472 0.616261 0.011521 0.019647
2 2 0.233476 0.310099 0.402667 0.009308 0.044451
2 2 0.215493 0.302123 0.414724 0.012889 0.054771
2 2 0.190115 0.292766 0.437854 0.016114 0.063150
2 2 0.190211 0.291377 0.452671 0.014919 0.050822
0 2 0.330870 0.306387 0.285169 0.007906 0.069669
2 2 0.218468 0.308282 0.419924 0.008514 0.044812
2 2 0.071545 0.192061 0.702245 0.016563 0.017588
2 2 0.065768 0.184197 0.720066 0.014775 0.015195
2 2 0.080965 0.204612 0.681349 0.014426 0.018648
2 2 0.104100 0.246363 0.615124 0.009523 0.024890
2 2 0.106250 0.238214 0.623434 0.010885 0.021218
2 2 0.180722 0.305362 0.471757 0.007205 0.034953
2 2 0.099226 0.233021 0.639579 0.010085 0.018089
2 2 0.124883 0.258369 0.584002 0.009763 0.022982
2 2 0.129000 0.246707 0.591956 0.010520 0.021818
2 2 0.268661 0.219594 0.482090 0.009842 0.019814
0 2 0.449026 0.221467 0.302587 0.005083 0.021836
2 2 0.173466 0.327658 0.415498 0.007464 0.075914
2 2 0.238443 0.330262 0.332348 0.007363 0.091585
2 2 0.143998 0.320293 0.438962 0.008572 0.088174
2 2 0.140807 0.318109 0.431800 0.009326 0.099957
2 2 0.119374 0.318791 0.424031 0.007480 0.130324
2 2 0.187652 0.309702 0.424964 0.012922 0.064760
2 2 0.245588 0.322299 0.356670 0.009008 0.066435
2 2 0.207445 0.318222 0.399967 0.008603 0.065764
0 2 0.371851 0.277750 0.284232 0.008539 0.057628
0 2 0.327776 0.286351 0.320634 0.009882 0.055357
0 1 0.468827 0.232459 0.219917 0.010799 0.067998
0 1 0.463866 0.248427 0.221594 0.006872 0.059242
0 1 0.451030 0.247372 0.257103 0.005463 0.039032
0 1 0.403029 0.274461 0.261652 0.006492 0.054367
0 1 0.342643 0.307933 0.272788 0.006879 0.069757
2 1 0.283015 0.307367 0.330867 0.010039 0.068712
1 1 0.287793 0.314958 0.309235 0.010432 0.077582
2 1 0.108812 0.266631 0.511966 0.025007 0.087583
2 1 0.121836 0.301028 0.446810 0.014285 0.116041
2 1 0.162491 0.321557 0.375909 0.009298 0.130745
0 2 0.416767 0.165643 0.044912 0.001644 0.371034
0 2 0.347154 0.277801 0.118310 0.002045 0.254689
0 2 0.466075 0.182755 0.043555 0.001021 0.306595
4 2 0.353748 0.201880 0.060581 0.001254 0.382537
4 2 0.213654 0.174632 0.062748 0.001119 0.547847
4 2 0.189785 0.123777 0.047247 0.001102 0.638090
4 2 0.290462 0.114281 0.035975 0.001065 0.558217
4 2 0.391063 0.100353 0.022808 0.000618 0.485158
4 4 0.274209 0.148479 0.038060 0.000891 0.538362
4 4 0.246988 0.192244 0.060674 0.001312 0.498782
4 4 0.135749 0.167466 0.063548 0.001175 0.632062
4 4 0.132114 0.174138 0.074939 0.001747 0.617061
4 4 0.268774 0.169660 0.065771 0.003291 0.492504
0 4 0.456500 0.144755 0.049397 0.004898 0.344450
0 4 0.519255 0.141614 0.041810 0.002911 0.294411
4 4 0.272147 0.154102 0.044583 0.001290 0.527878
