0 0 0.653499 0.159747 0.052142 0.013009 0.121603
0 0 0.591116 0.184800 0.066044 0.014278 0.143762
0 0 0.648560 0.161355 0.079358 0.036347 0.074380
0 1 0.532725 0.204728 0.122757 0.046250 0.093540
0 1 0.416836 0.238027 0.189993 0.055545 0.099600
0 1 0.546424 0.200844 0.115423 0.042886 0.094422
2 1 0.242280 0.260164 0.341102 0.064658 0.091796
2 1 0.163852 0.263773 0.414117 0.065651 0.092607
2 1 0.038910 0.169760 0.702585 0.049182 0.039563
2 1 0.034178 0.157654 0.715107 0.056754 0.036307
2 2 0.030502 0.143647 0.709021 0.082679 0.034151
2 2 0.030588 0.116489 0.688203 0.139031 0.025689
2 2 0.018446 0.078720 0.701866 0.185330 0.015639
2 2 0.021722 0.079305 0.672879 0.210321 0.015773
2 2 0.027362 0.074688 0.589681 0.289184 0.019084
2 2 0.050612 0.094083 0.521931 0.305665 0.027710
2 2 0.057689 0.090552 0.466255 0.355902 0.029601
3 3 0.073528 0.080250 0.351989 0.461826 0.032407
3 3 0.119351 0.090094 0.292836 0.457908 0.039811
3 3 0.139478 0.083443 0.244790 0.490159 0.042130
3 3 0.021843 0.014936 0.118434 0.835661 0.009126
3 3 0.012916 0.008711 0.085718 0.886309 0.006347
3 3 0.053478 0.037180 0.204205 0.684986 0.020151
3 3 0.063080 0.068778 0.353075 0.483463 0.031605
2 3 0.111393 0.157436 0.485813 0.190936 0.054422
2 2 0.122509 0.221921 0.508532 0.082388 0.064650
2 2 0.271254 0.259005 0.312232 0.063769 0.093739
2 2 0.169838 0.257094 0.422261 0.065296 0.085511
2 2 0.042454 0.175604 0.686835 0.052746 0.042362
2 2 0.030301 0.148294 0.729122 0.058977 0.033306
2 2 0.027114 0.125564 0.718729 0.100499 0.028094
2 2 0.084220 0.159428 0.541012 0.172920 0.042420
2 2 0.046573 0.083720 0.491577 0.353431 0.024699
3 3 0.032823 0.045886 0.325271 0.576962 0.019059
3 3 0.055790 0.045885 0.232581 0.644154 0.021590
3 3 0.053249 0.032631 0.170137 0.726520 0.017463
3 3 0.076787 0.031502 0.140054 0.734829 0.016828
3 3 0.042891 0.015705 0.090161 0.840551 0.010692
3 3 0.028343 0.010767 0.073957 0.878905 0.008028
3 3 0.033243 0.014874 0.096822 0.845374 0.009687
3 3 0.051345 0.009628 0.046154 0.881889 0.010984
3 3 0.030681 0.004226 0.024830 0.934476 0.005786
3 3 0.043312 0.004964 0.024877 0.920046 0.006801
3 3 0.035989 0.003564 0.019432 0.936102 0.004913
3 3 0.040188 0.003630 0.018823 0.932370 0.004988
3 3 0.018434 0.002392 0.017401 0.958236 0.003538
3 3 0.021745 0.002416 0.016192 0.955957 0.003690
3 3 0.039496 0.003512 0.017861 0.933666 0.005464
3 3 0.027806 0.002722 0.016289 0.948989 0.004193
3 3 0.036738 0.003663 0.019990 0.934795 0.004815
3 3 0.026308 0.003835 0.025042 0.940352 0.004463
3 3 0.036912 0.005253 0.030350 0.922225 0.005261
3 3 0.046350 0.006671 0.034409 0.905667 0.006902
3 3 0.044419 0.005404 0.027982 0.916152 0.006043
3 3 0.045433 0.005833 0.029981 0.912329 0.006424
3 3 0.056326 0.005094 0.023287 0.909226 0.006067
3 3 0.058302 0.004792 0.021208 0.909555 0.006143
3 3 0.053027 0.004526 0.020809 0.915657 0.005981
3 3 0.066316 0.005857 0.024702 0.896048 0.007077
3 3 0.084002 0.009579 0.037533 0.859372 0.009514
3 3 0.059018 0.007586 0.036311 0.890517 0.006568
3 3 0.023880 0.003119 0.021488 0.948038 0.003475
3 3 0.018590 0.002739 0.021177 0.954472 0.003022
3 3 0.037735 0.004475 0.025734 0.927677 0.004379
3 3 0.059355 0.006034 0.028221 0.900614 0.005776
3 3 0.159345 0.009812 0.028387 0.793480 0.008977
3 3 0.215913 0.012821 0.030653 0.727699 0.012915
3 3 0.129271 0.009157 0.027774 0.822716 0.011082
3 3 0.160195 0.011844 0.032178 0.781730 0.014053
3 3 0.083780 0.006002 0.022140 0.880063 0.008015
3 3 0.124864 0.007692 0.023682 0.834282 0.009480
3 3 0.101069 0.007141 0.024376 0.858501 0.008913
3 3 0.050429 0.004721 0.022359 0.916428 0.006063
3 3 0.058986 0.004959 0.021891 0.907888 0.006276
3 3 0.072001 0.006079 0.024812 0.889974 0.007134
3 3 0.091016 0.006793 0.025020 0.869583 0.007589
3 3 0.077244 0.006271 0.024704 0.884364 0.007416
3 3 0.087317 0.007511 0.028414 0.868635 0.008123
3 3 0.062209 0.004564 0.019566 0.907778 0.005883
3 3 0.085283 0.005817 0.021396 0.879934 0.007570
3 3 0.112939 0.006825 0.021078 0.848705 0.010452
3 3 0.150406 0.006334 0.016743 0.816402 0.010116
3 3 0.128162 0.005387 0.015477 0.842391 0.008583
3 3 0.141365 0.006242 0.017628 0.826207 0.008557
3 3 0.153911 0.007272 0.019705 0.809302 0.009810
3 3 0.108197 0.004450 0.013951 0.866376 0.007025
3 3 0.114925 0.004607 0.013649 0.858626 0.008193
3 3 0.067944 0.003026 0.011313 0.911745 0.005972
3 3 0.109460 0.004016 0.012110 0.867059 0.007355
3 3 0.087808 0.004182 0.014416 0.886753 0.006840
3 3 0.068913 0.005476 0.022422 0.896214 0.006975
3 3 0.112445 0.006300 0.020234 0.852847 0.008173
3 3 0.089155 0.005611 0.019961 0.877575 0.007698
3 3 0.044182 0.003114 0.014761 0.932684 0.005259
3 3 0.009895 0.001064 0.009464 0.977363 0.002215
3 3 0.020931 0.002165 0.014534 0.958827 0.003543
3 3 0.040010 0.003516 0.017970 0.933299 0.005205
3 3 0.109185 0.008591 0.028652 0.843612 0.009960
3 3 0.093213 0.006832 0.024349 0.867200 0.008406
3 3 0.054677 0.004478 0.020121 0.914572 0.006152
3 3 0.032815 0.002217 0.011928 0.949138 0.003901
3 3 0.044666 0.002440 0.011643 0.937370 0.003881
3 3 0.047683 0.002943 0.013738 0.931113 0.004523
3 3 0.058993 0.004989 0.022163 0.907724 0.006130
3 3 0.139079 0.018729 0.057663 0.767820 0.016709
3 3 0.166706 0.042713 0.120347 0.641026 0.029208
3 3 0.084027 0.077739 0.318703 0.483905 0.035627
2 3 0.064442 0.105625 0.455954 0.333070 0.040909
2 3 0.104624 0.187470 0.491092 0.151731 0.065084
2 3 0.032795 0.117599 0.663879 0.149868 0.035859
2 1 0.038147 0.161002 0.694769 0.065167 0.040916
2 1 0.051626 0.191409 0.654478 0.053599 0.048889
2 1 0.053610 0.202845 0.638161 0.048119 0.057265
2 1 0.043687 0.220256 0.624818 0.027572 0.083667
2 1 0.030179 0.188484 0.693426 0.025020 0.062891
2 1 0.035804 0.205873 0.657944 0.025056 0.075323
2 1 0.050181 0.218185 0.621660 0.035136 0.074838
2 1 0.059670 0.206034 0.623799 0.053502 0.056995
2 1 0.069631 0.215460 0.595883 0.058095 0.060930
2 1 0.098939 0.243804 0.516198 0.062682 0.078377
0 1 0.436846 0.245352 0.137115 0.030017 0.150670
0 1 0.528799 0.208993 0.118569 0.039747 0.103892
0 1 0.656179 0.158335 0.076794 0.035659 0.073033
0 0 0.749601 0.119716 0.048109 0.026888 0.055686
0 0 0.710539 0.136215 0.059490 0.030631 0.063125
0 0 0.721112 0.130544 0.057228 0.031254 0.059861
0 0 0.694492 0.127417 0.072734 0.052578 0.052780
0 0 0.642085 0.152094 0.089018 0.051835 0.064968
0 0 0.669205 0.147884 0.076126 0.041074 0.065711
0 0 0.498999 0.216378 0.137082 0.048921 0.098620
0 0 0.292741 0.270420 0.250827 0.066378 0.119634
2 0 0.208413 0.288106 0.309594 0.065641 0.128246
2 0 0.218798 0.286946 0.301035 0.065354 0.127866
1 0 0.250002 0.282510 0.276936 0.064280 0.126272
1 0 0.240640 0.283979 0.283931 0.064633 0.126817
2 0 0.217572 0.287092 0.302030 0.065390 0.127915
2 0 0.220014 0.286799 0.300051 0.065318 0.127817
0 0 0.286468 0.275815 0.251344 0.062690 0.123683
0 0 0.323341 0.267710 0.227743 0.060787 0.120418
2 0 0.196526 0.280066 0.343499 0.065989 0.113921
2 0 0.208413 0.288106 0.309594 0.065641 0.128246
2 0 0.199945 0.286936 0.322169 0.065888 0.125063
2 0 0.199244 0.286826 0.323230 0.065906 0.124795
2 0 0.190957 0.284380 0.338562 0.066090 0.120011
0 0 0.339706 0.263747 0.217894 0.059862 0.118791
0 0 0.358032 0.259072 0.207270 0.058773 0.116853
0 0 0.300908 0.272786 0.241854 0.061977 0.122475
0 0 0.316890 0.270305 0.229903 0.059284 0.123618
1 0 0.262129 0.290736 0.246047 0.046591 0.154497
2 0 0.225291 0.287827 0.293016 0.062604 0.131261
2 0 0.156174 0.275781 0.394960 0.066133 0.106952
2 0 0.168580 0.279894 0.372885 0.066260 0.112380
1 0 0.244275 0.292307 0.263335 0.050297 0.149787
0 0 0.381755 0.252676 0.194104 0.057288 0.114176
0 0 0.283490 0.278994 0.248896 0.058602 0.130018
0 0 0.326998 0.266843 0.225511 0.060585 0.120064
0 0 0.313162 0.270067 0.234055 0.061339 0.121377
1 0 0.274754 0.278123 0.259297 0.063236 0.124590
0 0 0.288604 0.275380 0.249918 0.062588 0.123510
2 0 0.169904 0.277073 0.378257 0.066190 0.108577
2 0 0.127457 0.262767 0.451294 0.065085 0.093397
2 0 0.121971 0.259643 0.463007 0.064743 0.090637
2 0 0.147173 0.267590 0.422157 0.065709 0.097371
2 0 0.276846 0.270792 0.277075 0.063471 0.111815
0 0 0.368433 0.256313 0.201419 0.058132 0.115702
0 0 0.510761 0.212369 0.131992 0.048002 0.096876
0 0 0.713079 0.135596 0.057913 0.029087 0.064325
0 0 0.812502 0.092082 0.031649 0.020635 0.043133
0 0 0.771491 0.110250 0.042116 0.024744 0.051399
0 0 0.618959 0.172902 0.089646 0.038978 0.079515
0 0 0.435876 0.242904 0.152497 0.040253 0.128470
2 0 0.222869 0.285166 0.306638 0.058432 0.126895
2 1 0.116234 0.260246 0.469926 0.060891 0.092703
2 1 0.069326 0.241719 0.559633 0.040336 0.088986
2 1 0.044436 0.219890 0.624846 0.028467 0.082361
2 1 0.058866 0.281158 0.461725 0.016155 0.182095
2 1 0.040521 0.260830 0.517396 0.012349 0.168904
2 1 0.045599 0.276557 0.460089 0.010926 0.206829
2 1 0.043512 0.275639 0.458596 0.010134 0.212118
2 1 0.059115 0.296399 0.371962 0.010252 0.262272
2 1 0.049837 0.289589 0.388254 0.008717 0.263603
2 1 0.064998 0.302096 0.326205 0.009331 0.297370
4 1 0.073270 0.306111 0.295177 0.009422 0.316021
4 1 0.087642 0.303632 0.210515 0.007544 0.390667
4 1 0.063805 0.283885 0.183081 0.004128 0.465102
4 1 0.062604 0.284917 0.189251 0.004201 0.459027
4 1 0.064817 0.301044 0.276946 0.007217 0.349976
2 1 0.094878 0.308561 0.349686 0.018577 0.228297
1 1 0.153840 0.315544 0.265337 0.021480 0.243798
1 4 0.253441 0.298655 0.183552 0.019870 0.244482
0 4 0.342562 0.275803 0.158920 0.024124 0.198590
0 4 0.354976 0.238824 0.115490 0.017644 0.273067
4 4 0.322940 0.232787 0.101438 0.012329 0.330507
4 4 0.144107 0.266979 0.144423 0.006571 0.437921
4 4 0.076744 0.267491 0.140814 0.002600 0.512351
4 4 0.067352 0.291464 0.221125 0.004605 0.415454
4 4 0.102368 0.292423 0.175555 0.005076 0.424577
4 4 0.066235 0.299343 0.275725 0.006520 0.352177
4 4 0.097227 0.292465 0.174190 0.005225 0.430893
4 4 0.143725 0.221814 0.061164 0.001425 0.571872
4 4 0.161720 0.202050 0.076379 0.004123 0.555728
4 4 0.235509 0.230386 0.062860 0.002430 0.468815
4 4 0.150584 0.239362 0.075230 0.002070 0.532754
4 4 0.085717 0.284110 0.156702 0.004391 0.469080
2 4 0.042464 0.284745 0.379460 0.006698 0.286633
2 4 0.048363 0.288623 0.388107 0.008352 0.266555
4 0 0.096434 0.287815 0.157406 0.004910 0.453436
4 0 0.123511 0.302063 0.178101 0.007832 0.388493
1 0 0.125005 0.314716 0.243700 0.013403 0.303175
1 0 0.257999 0.298864 0.199484 0.024989 0.218664
0 0 0.498351 0.221811 0.124958 0.036160 0.118720
0 0 0.657015 0.158002 0.076515 0.035583 0.072884
0 0 0.539816 0.198648 0.132465 0.046487 0.082584
0 0 0.398935 0.235629 0.219563 0.057203 0.088670
2 0 0.292026 0.255626 0.296890 0.062943 0.092516
2 0 0.186541 0.254483 0.410940 0.065145 0.082891
2 0 0.185560 0.262791 0.394488 0.065601 0.091559
2 0 0.093424 0.230735 0.546432 0.061210 0.068200
2 0 0.062067 0.205791 0.618695 0.057371 0.056076
2 0 0.041023 0.172456 0.691025 0.054114 0.041382
1 0 0.286619 0.290654 0.207063 0.033383 0.182280
0 0 0.334370 0.277644 0.183346 0.033099 0.171540
0 0 0.474747 0.232141 0.121663 0.028298 0.143151
0 0 0.519373 0.215791 0.102127 0.024493 0.138216
0 0 0.441824 0.242764 0.116311 0.020629 0.178472
1 0 0.285908 0.291856 0.194529 0.028109 0.199598
1 0 0.229924 0.300407 0.173754 0.015226 0.280689
0 0 0.318042 0.269875 0.117503 0.010936 0.283643
0 0 0.362604 0.253814 0.099215 0.009763 0.274603
4 0 0.284552 0.268476 0.113007 0.008917 0.325049
0 0 0.341485 0.230361 0.100451 0.013183 0.314519
4 0 0.297142 0.258081 0.093681 0.006426 0.344671
4 1 0.278422 0.251924 0.084375 0.004882 0.380398
4 1 0.229870 0.291005 0.143889 0.010284 0.324951
4 1 0.298034 0.272881 0.118228 0.010009 0.300848
0 1 0.367610 0.253577 0.100244 0.010205 0.268364
0 1 0.378849 0.250701 0.098410 0.010394 0.261645
0 1 0.381266 0.250502 0.098822 0.010604 0.258806
0 1 0.302566 0.271821 0.117213 0.010068 0.298332
4 1 0.273542 0.283622 0.135860 0.011630 0.295347
2 1 0.068251 0.300449 0.369813 0.012499 0.248988
2 1 0.069027 0.283889 0.456608 0.020213 0.170263
2 1 0.077707 0.284612 0.453909 0.024219 0.159553
2 1 0.097207 0.301888 0.386089 0.023769 0.191048
2 2 0.087234 0.292916 0.423453 0.024623 0.171773
2 2 0.098573 0.274689 0.465545 0.040464 0.120729
2 2 0.085032 0.266771 0.495617 0.037374 0.115205
2 2 0.096932 0.242189 0.521179 0.062448 0.077253
2 2 0.139577 0.267641 0.429335 0.065605 0.097843
2 2 0.245297 0.280734 0.287505 0.064570 0.121895
2 2 0.236409 0.280346 0.298857 0.064932 0.119457
2 2 0.177967 0.282480 0.356979 0.066246 0.116328
2 2 0.178642 0.282649 0.355861 0.066241 0.116607
1 2 0.218239 0.292903 0.290757 0.056484 0.141617
1 2 0.198969 0.306560 0.273175 0.038400 0.182897
2 2 0.218940 0.288337 0.303583 0.056568 0.132572
1 2 0.157663 0.311689 0.298728 0.029470 0.202451
2 2 0.085158 0.269186 0.490304 0.036093 0.119259
2 2 0.078142 0.297679 0.402575 0.018267 0.203337
1 2 0.162034 0.312558 0.285307 0.026365 0.213735
2 2 0.136748 0.307706 0.339018 0.032580 0.183948
2 2 0.074632 0.240018 0.555792 0.045793 0.083764
2 2 0.066023 0.220789 0.595425 0.050301 0.067461
2 2 0.042486 0.182112 0.682481 0.046403 0.046518
2 2 0.056916 0.204769 0.630115 0.050975 0.057224
2 2 0.056873 0.217758 0.613356 0.042494 0.069518
2 2 0.098233 0.276516 0.461901 0.039149 0.124201
2 2 0.089606 0.269501 0.485448 0.038547 0.116897
2 2 0.092834 0.269866 0.481474 0.040219 0.115607
2 2 0.120539 0.281532 0.427818 0.046704 0.123406
2 2 0.114266 0.255856 0.478712 0.063333 0.087833
2 2 0.131214 0.264779 0.443463 0.065290 0.095254
2 2 0.079104 0.225847 0.568342 0.059880 0.066828
2 2 0.108696 0.243037 0.508891 0.063032 0.076344
2 2 0.048580 0.186642 0.665398 0.052654 0.046726
2 2 0.039564 0.170998 0.699932 0.049443 0.040063
2 2 0.025540 0.140445 0.762577 0.042706 0.028733
2 2 0.016073 0.111725 0.811503 0.040429 0.020270
2 2 0.011473 0.095963 0.839998 0.036140 0.016427
2 2 0.014515 0.104281 0.813251 0.048932 0.019021
2 2 0.095399 0.200860 0.535786 0.109164 0.058791
2 2 0.058038 0.178709 0.603639 0.109161 0.050453
2 2 0.042086 0.168708 0.670302 0.075843 0.043061
2 2 0.071127 0.217190 0.591404 0.058400 0.061880
2 2 0.068121 0.213675 0.600461 0.057778 0.059964
2 2 0.051572 0.191327 0.654666 0.053583 0.048852
2 2 0.038748 0.169453 0.703242 0.049117 0.039440
2 2 0.027703 0.144111 0.747130 0.050209 0.030847
2 2 0.020102 0.121569 0.777287 0.056546 0.024496
2 2 0.008367 0.075402 0.832865 0.070501 0.012864
2 2 0.014514 0.087651 0.752604 0.122445 0.022785
2 2 0.030721 0.106167 0.648662 0.178704 0.035746
2 3 0.052106 0.141746 0.600922 0.154529 0.050697
2 3 0.054125 0.139141 0.589895 0.166544 0.050295
2 3 0.032200 0.117674 0.664383 0.147336 0.038406
2 3 0.029990 0.128213 0.692383 0.111511 0.037903
2 3 0.050188 0.182304 0.648591 0.069274 0.049642
2 3 0.036703 0.162204 0.702795 0.059907 0.038392
2 2 0.050075 0.189011 0.659996 0.053126 0.047793
2 2 0.092971 0.238878 0.531190 0.061955 0.075007
2 2 0.037251 0.175222 0.685616 0.047374 0.054535
2 2 0.044294 0.179514 0.681370 0.051212 0.043610
2 2 0.055813 0.212247 0.622599 0.044677 0.064664
2 2 0.055894 0.201231 0.635953 0.052202 0.054721
2 2 0.069998 0.215887 0.594781 0.058171 0.061164
2 2 0.084267 0.230977 0.554101 0.060721 0.069933
2 2 0.103875 0.247604 0.504201 0.063219 0.081101
2 2 0.065626 0.207072 0.602030 0.066106 0.059166
2 2 0.046899 0.181115 0.664758 0.061240 0.045988
2 2 0.038674 0.169312 0.703544 0.049087 0.039383
2 2 0.043840 0.178727 0.683108 0.051050 0.043274
2 2 0.025920 0.140454 0.757976 0.046439 0.029212
2 2 0.018350 0.116686 0.788712 0.053451 0.022801
2 2 0.024833 0.136423 0.759434 0.050841 0.028468
2 2 0.027245 0.142481 0.747688 0.052045 0.030541
2 2 0.053312 0.193948 0.648576 0.054095 0.050069
2 2 0.042262 0.175945 0.689216 0.050476 0.042101
2 2 0.059122 0.202209 0.628945 0.055676 0.054049
2 2 0.063467 0.207931 0.614923 0.056739 0.056940
2 2 0.090459 0.236689 0.537669 0.061621 0.073562
2 2 0.065026 0.209897 0.610018 0.057098 0.057961
2 2 0.064833 0.209657 0.610620 0.057054 0.057836
2 2 0.147075 0.272219 0.411971 0.065923 0.102812
2 2 0.172040 0.277188 0.375824 0.066187 0.108761
2 2 0.173459 0.281292 0.364536 0.066264 0.114449
2 2 0.231574 0.285293 0.290891 0.064951 0.127292
2 2 0.174604 0.281603 0.362603 0.066261 0.114929
2 2 0.143538 0.275246 0.411800 0.061729 0.107687
2 2 0.039527 0.198130 0.666739 0.032847 0.062758
2 2 0.031043 0.162476 0.727677 0.039485 0.039320
2 2 0.027561 0.145461 0.752670 0.043853 0.030455
2 2 0.022878 0.133426 0.776216 0.041073 0.026408
2 2 0.024964 0.138969 0.765467 0.042365 0.028235
2 2 0.053431 0.194126 0.648161 0.054130 0.050153
2 2 0.160566 0.260429 0.424460 0.065446 0.089098
0 2 0.404173 0.242034 0.195533 0.056344 0.101917
0 2 0.494148 0.216654 0.144073 0.049591 0.095534
0 2 0.547009 0.199652 0.116933 0.045088 0.091317
0 2 0.281866 0.267996 0.278448 0.063306 0.108385
2 2 0.100605 0.245114 0.512110 0.062870 0.079302
2 2 0.032147 0.160543 0.712480 0.053869 0.040962
2 2 0.033004 0.155564 0.721323 0.054803 0.035305
2 2 0.067410 0.212822 0.602634 0.057626 0.059507
2 2 0.167122 0.263347 0.411792 0.065641 0.092098
2 2 0.139121 0.264649 0.436263 0.065436 0.094531
2 2 0.181713 0.278492 0.362833 0.066157 0.110805
2 2 0.153661 0.274846 0.399585 0.066085 0.105822
2 2 0.186368 0.291822 0.329332 0.058479 0.133998
2 2 0.097982 0.250601 0.508493 0.056625 0.086299
2 2 0.059763 0.230433 0.589979 0.038198 0.081627
2 2 0.081957 0.231352 0.557270 0.058307 0.071114
2 2 0.137387 0.267871 0.430913 0.065580 0.098249
2 2 0.215263 0.287361 0.303915 0.065456 0.128005
1 2 0.223337 0.295697 0.278808 0.050846 0.151312
1 2 0.233406 0.296817 0.263830 0.046040 0.159908
1 2 0.224376 0.302081 0.256850 0.039226 0.177467
1 1 0.271357 0.293177 0.223186 0.037037 0.175244
1 1 0.172814 0.314914 0.251296 0.024611 0.236366
4 1 0.116885 0.313877 0.226112 0.012138 0.330988
4 1 0.114907 0.315273 0.237190 0.013118 0.319511
2 2 0.138594 0.303333 0.353307 0.036728 0.168037
2 2 0.153974 0.294540 0.361701 0.048468 0.141316
2 2 0.136569 0.301157 0.362235 0.037901 0.162138
2 2 0.137996 0.285681 0.399503 0.050705 0.126115
2 2 0.175551 0.281856 0.361010 0.066258 0.115325
1 2 0.266652 0.282175 0.260588 0.059524 0.131061
0 2 0.315511 0.269531 0.232585 0.061213 0.121160
0 2 0.286079 0.275894 0.251604 0.062709 0.123714
0 2 0.354587 0.259969 0.209236 0.058982 0.117226
0 0 0.490592 0.225545 0.123701 0.033104 0.127058
0 0 0.633176 0.170744 0.075084 0.026418 0.094578
0 0 0.694713 0.144851 0.058922 0.024712 0.076802
0 0 0.791402 0.102619 0.031069 0.014296 0.060614
0 0 0.897191 0.051565 0.011933 0.009422 0.029888
0 0 0.908177 0.044557 0.010797 0.011237 0.025232
0 0 0.925745 0.038698 0.008442 0.008615 0.018499
0 0 0.925962 0.038591 0.008408 0.008591 0.018449
0 0 0.928343 0.037409 0.008026 0.008326 0.017896
0 0 0.961005 0.020875 0.003379 0.004627 0.010113
0 0 0.942385 0.030378 0.005887 0.006751 0.014599
1 0 0.283351 0.290381 0.165282 0.018672 0.242314
0 0 0.328392 0.280084 0.177452 0.029157 0.184915
0 0 0.489705 0.226696 0.109671 0.024030 0.149898
0 0 0.593003 0.186483 0.073749 0.018493 0.128272
0 0 0.677281 0.149471 0.046216 0.011934 0.115097
0 0 0.772042 0.106099 0.024606 0.007043 0.090210
0 0 0.783836 0.102502 0.024626 0.007876 0.081160
0 0 0.738498 0.110588 0.021093 0.004056 0.125766
0 0 0.550878 0.175152 0.041826 0.004784 0.227360
0 0 0.626192 0.146240 0.030007 0.003876 0.193686
0 0 0.765128 0.112042 0.029737 0.009728 0.083365
0 0 0.903640 0.049536 0.012228 0.011047 0.023550
0 0 0.916781 0.043121 0.009927 0.009607 0.020564
0 0 0.923153 0.039981 0.008864 0.008902 0.019099
0 0 0.794825 0.100558 0.028111 0.011775 0.064731
0 0 0.567479 0.175434 0.044763 0.005852 0.206471
0 0 0.494179 0.191767 0.048084 0.004716 0.261254
4 0 0.324155 0.225448 0.060791 0.003413 0.386193
0 0 0.424471 0.203138 0.049858 0.003721 0.318812
0 0 0.404403 0.247474 0.101619 0.012579 0.233925
0 0 0.394626 0.191563 0.039918 0.002281 0.371611
4 0 0.279696 0.227080 0.060483 0.002791 0.429951
4 0 0.207719 0.252846 0.084305 0.003448 0.451682
4 0 0.175306 0.253201 0.086492 0.003017 0.481984
4 0 0.173134 0.251359 0.084722 0.002878 0.487907
4 0 0.183097 0.282469 0.125085 0.006019 0.403329
4 0 0.186987 0.300319 0.163469 0.010302 0.338923
1 0 0.243864 0.299283 0.177333 0.017325 0.262196
0 0 0.375775 0.265611 0.159649 0.030016 0.168949
0 0 0.443840 0.242121 0.141110 0.034062 0.138867
0 0 0.415964 0.252474 0.144542 0.030039 0.156980
0 0 0.373738 0.265387 0.139258 0.021156 0.200460
0 0 0.473896 0.232421 0.114736 0.024268 0.154679
0 0 0.600282 0.184105 0.075057 0.020292 0.120264
0 0 0.602637 0.183411 0.081005 0.024973 0.107974
0 0 0.535860 0.208319 0.087239 0.018724 0.149858
0 0 0.413307 0.244955 0.100110 0.012763 0.228866
0 0 0.336987 0.257492 0.099181 0.008629 0.297711
4 0 0.249488 0.282660 0.128320 0.009140 0.330392
4 0 0.258538 0.287380 0.141144 0.011591 0.301347
0 0 0.387086 0.253091 0.106486 0.012682 0.240656
0 0 0.445938 0.241775 0.118001 0.021863 0.172424
0 0 0.464419 0.225778 0.083242 0.011376 0.215185
0 0 0.442059 0.235948 0.093926 0.012969 0.215097
4 0 0.262202 0.288906 0.146573 0.012777 0.289542
0 0 0.431469 0.227630 0.075994 0.008123 0.256784
0 0 0.616624 0.155428 0.035557 0.004971 0.187421
0 0 0.808268 0.086863 0.016291 0.004466 0.084111
0 0 0.915652 0.043675 0.010119 0.009731 0.020822
0 0 0.947179 0.027952 0.005203 0.006208 0.013458
0 0 0.955795 0.023557 0.004040 0.005226 0.011383
0 0 0.882816 0.059544 0.016155 0.013297 0.028188
0 0 0.769295 0.111207 0.042705 0.024960 0.051833
0 0 0.681201 0.148275 0.068616 0.033371 0.068537
0 0 0.604650 0.178681 0.094279 0.039474 0.082915
0 0 0.508227 0.212840 0.077966 0.012518 0.188449
4 0 0.292045 0.251530 0.084864 0.005255 0.366305
4 0 0.255663 0.243054 0.074151 0.003514 0.423617
4 0 0.254809 0.260953 0.094033 0.005280 0.384926
4 1 0.245216 0.251514 0.082641 0.004022 0.416606
4 1 0.294845 0.264109 0.102150 0.007453 0.331443
1 1 0.266036 0.289463 0.149815 0.013661 0.281026
1 1 0.220747 0.303246 0.182064 0.015949 0.277994
1 1 0.246085 0.301195 0.195398 0.022000 0.235322
1 1 0.246442 0.301569 0.207746 0.025648 0.218596
1 1 0.243894 0.302141 0.208152 0.025341 0.220472
1 1 0.222191 0.306427 0.208369 0.021987 0.241026
1 1 0.186844 0.312955 0.232352 0.022444 0.245405
1 1 0.151159 0.317310 0.256463 0.021777 0.253291
1 1 0.149431 0.317189 0.270558 0.024633 0.238189
2 1 0.102494 0.298877 0.396169 0.027644 0.174816
2 2 0.089789 0.289686 0.433390 0.027471 0.159663
2 2 0.044529 0.211828 0.638807 0.032170 0.072666
2 2 0.052957 0.218735 0.617280 0.037767 0.073260
2 2 0.054600 0.202704 0.636597 0.049483 0.056617
2 2 0.072862 0.236121 0.564101 0.046744 0.080172
2 2 0.072209 0.241430 0.556630 0.042896 0.086835
2 2 0.047814 0.191885 0.661358 0.047735 0.051208
2 2 0.053787 0.205096 0.635113 0.046841 0.059164
2 2 0.068578 0.214219 0.599070 0.057875 0.060257
2 2 0.073188 0.219517 0.585313 0.058805 0.063176
2 2 0.074134 0.220565 0.582547 0.058986 0.063768
2 2 0.049260 0.187727 0.662930 0.052871 0.047213
2 2 0.035321 0.162690 0.717543 0.047671 0.036775
2 2 0.051277 0.190875 0.655712 0.053494 0.048643
2 2 0.039105 0.170132 0.701789 0.049260 0.039713
2 2 0.029672 0.150447 0.742687 0.044977 0.032218
2 2 0.036086 0.164239 0.714294 0.048005 0.037376
2 2 0.047597 0.185053 0.668995 0.052336 0.046019
2 2 0.062451 0.206625 0.618157 0.056498 0.056270
2 2 0.035788 0.163639 0.715555 0.047875 0.037143
2 2 0.033348 0.158579 0.726088 0.046777 0.035208
2 2 0.034225 0.160427 0.722260 0.047180 0.035908
2 2 0.037839 0.167703 0.706973 0.048745 0.038740
2 0 0.082641 0.213958 0.587127 0.058829 0.057445
2 0 0.108666 0.205982 0.560294 0.072570 0.052488
2 0 0.103458 0.218530 0.558811 0.061123 0.058077
2 0 0.106007 0.217845 0.545993 0.070206 0.059949
2 2 0.125022 0.240007 0.493767 0.067505 0.073699
2 2 0.062913 0.206398 0.614980 0.058986 0.056723
2 2 0.017280 0.073200 0.690999 0.203046 0.015475
2 3 0.010887 0.037573 0.529550 0.411459 0.010531
3 3 0.016798 0.038611 0.436002 0.496212 0.012377
3 3 0.034030 0.036592 0.267569 0.646808 0.015001
3 3 0.038526 0.025117 0.152803 0.769374 0.014179
3 3 0.013417 0.009941 0.096156 0.873432 0.007053
3 3 0.012095 0.008930 0.087981 0.883678 0.007317
3 3 0.013341 0.009508 0.088491 0.880414 0.008246
3 3 0.018878 0.012489 0.101563 0.857540 0.009531
3 3 0.031494 0.016572 0.108354 0.832042 0.011538
3 3 0.020166 0.012216 0.098243 0.860756 0.008619
3 3 0.013936 0.007795 0.073016 0.899081 0.006172
3 3 0.021736 0.009776 0.075150 0.885762 0.007576
3 3 0.021305 0.009098 0.070486 0.891960 0.007151
3 3 0.039287 0.014211 0.084451 0.851964 0.010088
3 3 0.022370 0.007091 0.052687 0.911587 0.006265
3 3 0.032657 0.007495 0.046025 0.906590 0.007233
3 3 0.032289 0.006364 0.038980 0.915946 0.006420
3 3 0.023720 0.005111 0.035549 0.930114 0.005506
3 3 0.040505 0.008546 0.047521 0.895208 0.008220
3 3 0.133996 0.012470 0.036501 0.801043 0.015990
3 3 0.042790 0.003745 0.018204 0.929216 0.006046
3 3 0.061285 0.004441 0.018041 0.908685 0.007548
3 3 0.023165 0.002016 0.012335 0.958407 0.004077
3 3 0.027743 0.003014 0.017538 0.946397 0.005308
3 3 0.037544 0.003131 0.015663 0.937835 0.005827
3 3 0.061324 0.004899 0.020026 0.905658 0.008093
3 3 0.060980 0.005184 0.021630 0.904316 0.007890
3 3 0.046515 0.004384 0.021187 0.921815 0.006099
3 3 0.040352 0.005432 0.028924 0.918745 0.006546
3 3 0.034212 0.004900 0.028258 0.926821 0.005809
3 3 0.034908 0.004241 0.023641 0.931574 0.005636
3 3 0.028964 0.002679 0.015565 0.948462 0.004330
3 3 0.044079 0.003042 0.014371 0.933271 0.005237
3 3 0.042675 0.002281 0.010624 0.939965 0.004455
3 3 0.058929 0.002211 0.008830 0.925680 0.004351
3 3 0.028122 0.001428 0.007941 0.959573 0.002936
3 3 0.033802 0.002199 0.011746 0.948502 0.003752
3 3 0.086388 0.004713 0.016194 0.884583 0.008122
3 3 0.085375 0.006259 0.022394 0.876770 0.009201
3 3 0.176537 0.016745 0.045785 0.746160 0.014774
3 3 0.079677 0.007621 0.029958 0.874282 0.008462
3 3 0.098167 0.007443 0.025859 0.859390 0.009142
3 3 0.116162 0.008042 0.026139 0.840528 0.009129
3 3 0.111866 0.007126 0.023309 0.849112 0.008587
3 3 0.126894 0.007665 0.023463 0.832637 0.009342
3 3 0.092038 0.006567 0.023133 0.869492 0.008771
3 3 0.085267 0.004494 0.015790 0.887256 0.007194
3 3 0.058566 0.003027 0.012597 0.920753 0.005057
3 3 0.038280 0.002145 0.010789 0.945086 0.003701
3 3 0.036275 0.002569 0.013510 0.943566 0.004079
3 3 0.029070 0.002280 0.013093 0.951716 0.003841
3 3 0.047179 0.003154 0.014447 0.929810 0.005410
3 3 0.032152 0.001979 0.010371 0.951417 0.004082
3 3 0.038769 0.002520 0.012372 0.941588 0.004751
3 3 0.057184 0.003145 0.013093 0.921049 0.005529
3 3 0.061695 0.003798 0.015865 0.913041 0.005601
3 3 0.070489 0.003928 0.015530 0.904472 0.005581
3 3 0.061844 0.003065 0.012727 0.917763 0.004600
3 3 0.071244 0.003693 0.014485 0.905273 0.005305
3 3 0.073375 0.004835 0.018656 0.896094 0.007040
3 3 0.135669 0.006394 0.018742 0.831046 0.008149
3 3 0.142324 0.008023 0.023548 0.817054 0.009052
3 3 0.175697 0.015500 0.043058 0.752745 0.013001
3 3 0.349922 0.036084 0.066394 0.522626 0.024973
3 3 0.202412 0.051200 0.129948 0.584454 0.031986
3 3 0.284400 0.092577 0.179049 0.395885 0.048090
3 2 0.222050 0.117941 0.245472 0.354929 0.059608
3 2 0.219889 0.119386 0.244812 0.351295 0.064618
2 2 0.149366 0.137192 0.333268 0.305779 0.074395
2 2 0.047293 0.088129 0.421068 0.389670 0.053840
2 2 0.036194 0.095592 0.517839 0.301355 0.049019
2 2 0.121449 0.179217 0.426545 0.187346 0.085443
2 2 0.071472 0.161453 0.533786 0.168304 0.064984
2 2 0.018906 0.098378 0.718450 0.136128 0.028138
2 2 0.020275 0.108342 0.741657 0.101573 0.028153
2 2 0.011523 0.086863 0.809687 0.074881 0.017046
2 2 0.016228 0.109332 0.798798 0.054809 0.020833
2 2 0.014934 0.102883 0.808153 0.053811 0.020219
2 2 0.017653 0.117982 0.805370 0.037368 0.021626
4 2 0.165661 0.283894 0.129028 0.005728 0.415689
4 1 0.113876 0.270348 0.126843 0.004120 0.484812
4 1 0.101179 0.264728 0.115210 0.002946 0.515937
4 1 0.084155 0.268046 0.134205 0.003424 0.510171
4 1 0.101848 0.277975 0.135673 0.003939 0.480565
4 1 0.123682 0.295185 0.160596 0.006422 0.414116
4 1 0.151503 0.270775 0.110687 0.003981 0.463054
4 0 0.142636 0.243803 0.096362 0.003600 0.513599
4 0 0.163902 0.215397 0.067693 0.002432 0.550576
4 0 0.163134 0.143151 0.038201 0.001914 0.653599
4 0 0.080344 0.074831 0.018284 0.000867 0.825674
4 0 0.044334 0.064193 0.019688 0.000838 0.870947
4 0 0.032196 0.087518 0.038912 0.001357 0.840016
4 0 0.041782 0.051742 0.015601 0.000823 0.890052
4 0 0.033353 0.046667 0.012765 0.000497 0.906717
4 0 0.055954 0.059355 0.016266 0.000851 0.867575
4 0 0.059465 0.058520 0.019817 0.001663 0.860535
4 0 0.085309 0.065408 0.021116 0.002159 0.826007
4 0 0.109491 0.096744 0.023296 0.001077 0.769392
4 0 0.243382 0.179262 0.054382 0.003894 0.519080
4 0 0.062543 0.209027 0.068908 0.000870 0.658652
4 0 0.084475 0.182914 0.081629 0.003122 0.647859
4 2 0.069718 0.124241 0.060202 0.003783 0.742056
4 4 0.062146 0.075869 0.037930 0.004566 0.819489
4 4 0.082987 0.048086 0.019831 0.004766 0.844330
4 4 0.048792 0.024036 0.008165 0.001991 0.917016
4 4 0.088557 0.026958 0.010073 0.005153 0.869260
4 4 0.092909 0.048491 0.021060 0.006299 0.831241
4 4 0.114995 0.062947 0.025990 0.006284 0.789784
4 4 0.114251 0.090395 0.031787 0.003353 0.760213
4 4 0.107818 0.139433 0.035047 0.000993 0.716709
4 4 0.067423 0.238111 0.096705 0.001577 0.596184
4 4 0.074707 0.264608 0.128884 0.002766 0.529035
4 4 0.090334 0.270809 0.129376 0.003264 0.506217
4 4 0.086682 0.255260 0.108384 0.002330 0.547344
4 4 0.085293 0.250748 0.103170 0.002118 0.558671
4 4 0.094936 0.228453 0.089198 0.002206 0.585207
4 4 0.076687 0.178279 0.063022 0.001477 0.680535
4 4 0.086041 0.224106 0.078366 0.001459 0.610029
4 4 0.088745 0.225274 0.074276 0.001286 0.610418
4 4 0.228985 0.296831 0.160037 0.012709 0.301438
4 4 0.199679 0.292646 0.144622 0.008731 0.354322
4 1 0.161738 0.294960 0.151208 0.007515 0.384579
4 1 0.177263 0.296105 0.152571 0.008451 0.365610
4 1 0.219912 0.288699 0.137295 0.008867 0.345227
4 1 0.157011 0.311327 0.202248 0.013123 0.316291
1 1 0.171109 0.314058 0.223063 0.018128 0.273641
1 1 0.138571 0.318130 0.260140 0.020293 0.262867
1 0 0.144588 0.316313 0.233628 0.016483 0.288988
1 0 0.173276 0.314674 0.234154 0.020686 0.257209
1 0 0.161998 0.312356 0.207757 0.014431 0.303457
4 0 0.127473 0.311910 0.210883 0.011429 0.338306
4 0 0.097894 0.285611 0.151976 0.004665 0.459853
4 0 0.085114 0.291992 0.175188 0.005367 0.442338
4 0 0.081374 0.306304 0.244322 0.008289 0.359711
2 0 0.088811 0.308549 0.343652 0.016201 0.242788
2 0 0.083738 0.299047 0.398449 0.019943 0.198824
2 0 0.083631 0.290841 0.431642 0.024053 0.169833
1 0 0.165351 0.315178 0.261978 0.024815 0.232678
0 0 0.292812 0.289985 0.192854 0.028754 0.195595
0 0 0.626505 0.170969 0.058620 0.013900 0.130007
0 0 0.679806 0.147236 0.043506 0.010709 0.118743
0 0 0.717194 0.121141 0.025284 0.004861 0.131520
0 0 0.746544 0.110374 0.022296 0.004750 0.116036
0 0 0.730671 0.123581 0.030961 0.007860 0.106928
0 0 0.628371 0.166970 0.051670 0.010797 0.142192
0 0 0.335011 0.260590 0.104019 0.009365 0.291015
4 1 0.162344 0.268940 0.106680 0.003997 0.458039
4 1 0.104297 0.289241 0.156035 0.005185 0.445242
4 1 0.114870 0.306844 0.197079 0.008929 0.372278
4 1 0.128189 0.304414 0.183160 0.008593 0.375644
4 1 0.114541 0.295556 0.165204 0.006296 0.418404
4 1 0.087437 0.300795 0.197828 0.006954 0.406986
2 1 0.078690 0.306524 0.341385 0.013318 0.260083
2 1 0.081098 0.301597 0.383767 0.017483 0.216056
2 1 0.096524 0.310729 0.333880 0.017483 0.241384
1 1 0.095961 0.313047 0.302097 0.014527 0.274369
1 1 0.098636 0.313782 0.295670 0.014615 0.277298
1 1 0.137588 0.314484 0.220923 0.013728 0.313277
1 1 0.141001 0.314527 0.220551 0.014054 0.309868
4 1 0.134176 0.310462 0.206196 0.010931 0.338235
1 1 0.095053 0.313191 0.283499 0.012914 0.295343
2 1 0.084358 0.309903 0.312437 0.012665 0.280637
2 1 0.080987 0.301049 0.386788 0.017734 0.213442
2 1 0.070281 0.282764 0.460730 0.021312 0.164913
2 1 0.044202 0.239511 0.583614 0.020903 0.111770
2 1 0.029864 0.226179 0.612679 0.013421 0.117856
2 1 0.024174 0.198215 0.677237 0.014913 0.085461
2 1 0.026670 0.205246 0.662350 0.015663 0.090071
2 2 0.034039 0.207691 0.655773 0.022478 0.080019
2 2 0.034175 0.220204 0.629493 0.018596 0.097533
2 2 0.080542 0.280011 0.466726 0.027860 0.144861
1 2 0.135861 0.314108 0.307467 0.026353 0.216211
2 2 0.084526 0.271492 0.485672 0.034452 0.123857
2 2 0.084022 0.238559 0.544892 0.054730 0.077798
2 2 0.048415 0.193689 0.658189 0.047358 0.052348
2 2 0.075972 0.228924 0.569557 0.054520 0.071026
2 2 0.041271 0.204361 0.654811 0.031981 0.067576
2 2 0.031165 0.179288 0.706379 0.030400 0.052768
2 2 0.043214 0.208202 0.646279 0.032417 0.069887
2 2 0.053517 0.199937 0.641863 0.049833 0.054851
2 2 0.020956 0.127732 0.785657 0.040922 0.024732
2 2 0.035125 0.162290 0.718380 0.047584 0.036621
2 2 0.026519 0.142905 0.757735 0.043270 0.029571
2 2 0.016582 0.114484 0.811822 0.036507 0.020605
2 2 0.009441 0.086786 0.861098 0.029382 0.013294
2 2 0.019283 0.123073 0.795884 0.038607 0.023153
2 2 0.020734 0.127385 0.787755 0.039643 0.024484
2 2 0.020030 0.125317 0.791664 0.039148 0.023841
2 2 0.016491 0.114181 0.812379 0.036432 0.020518
2 2 0.017510 0.117523 0.806221 0.037256 0.021491
2 2 0.016524 0.114290 0.812178 0.036459 0.020549
2 2 0.011304 0.094924 0.846936 0.031534 0.015302
2 2 0.008565 0.080959 0.861162 0.036769 0.012546
2 2 0.024882 0.135676 0.756225 0.054576 0.028642
2 2 0.029051 0.144539 0.731717 0.062296 0.032398
2 2 0.075082 0.217877 0.583674 0.061061 0.062306
2 2 0.065745 0.210790 0.607776 0.057260 0.058430
2 2 0.069204 0.214959 0.597173 0.058007 0.060658
2 2 0.073257 0.219595 0.585109 0.058819 0.063220
2 2 0.046831 0.228774 0.605916 0.027056 0.091424
2 2 0.052673 0.258619 0.533873 0.020417 0.134418
2 2 0.040654 0.232634 0.600395 0.020325 0.105993
2 2 0.040827 0.234421 0.596153 0.019894 0.108705
2 2 0.053134 0.240601 0.577320 0.027577 0.101369
2 2 0.058372 0.211609 0.619362 0.048045 0.062612
2 2 0.104413 0.248003 0.502916 0.063274 0.081394
2 2 0.140146 0.267505 0.429089 0.065607 0.097653
2 2 0.200890 0.263603 0.377057 0.065520 0.092929
2 2 0.068819 0.211425 0.603968 0.057581 0.058207
2 2 0.064141 0.207598 0.610337 0.060329 0.057596
2 2 0.052064 0.210765 0.622857 0.041801 0.072513
2 2 0.012499 0.121823 0.800047 0.028021 0.037611
2 2 0.005580 0.079407 0.872565 0.025568 0.016880
2 2 0.002849 0.047498 0.909604 0.033465 0.006584
2 2 0.002202 0.038801 0.919669 0.034866 0.004462
2 2 0.012050 0.095816 0.833297 0.042453 0.016384
2 2 0.010146 0.085073 0.831648 0.058431 0.014702
2 2 0.057353 0.196326 0.626970 0.065908 0.053443
2 1 0.192285 0.267269 0.377843 0.065749 0.096854
2 1 0.047083 0.225175 0.612674 0.028788 0.086280
2 1 0.026357 0.163308 0.736134 0.030330 0.043871
2 1 0.020970 0.146005 0.768385 0.028593 0.036046
2 1 0.032140 0.176555 0.708583 0.033275 0.049447
2 2 0.030122 0.164535 0.727336 0.036493 0.041514
2 2 0.029954 0.151126 0.741351 0.045098 0.032470
2 2 0.022435 0.132208 0.778556 0.040787 0.026014
2 2 0.022244 0.131680 0.779570 0.040662 0.025844
2 2 0.025252 0.139709 0.764019 0.042536 0.028484
2 2 0.027489 0.145286 0.753019 0.043813 0.030394
2 2 0.052485 0.192711 0.651458 0.053854 0.049492
2 2 0.076603 0.225176 0.573168 0.057934 0.067117
2 2 0.110393 0.290888 0.415699 0.035853 0.147168
2 2 0.151637 0.300664 0.348271 0.042333 0.157095
2 2 0.120618 0.313913 0.315853 0.022620 0.226996
2 1 0.149601 0.304328 0.339044 0.038752 0.168275
1 0 0.273539 0.278354 0.260136 0.063291 0.124681
0 0 0.347977 0.261667 0.213048 0.059377 0.117931
0 0 0.423366 0.240621 0.172446 0.054500 0.109067
0 0 0.655207 0.158721 0.077120 0.035747 0.073205
2 0 0.136667 0.288923 0.394078 0.047607 0.132725
2 1 0.126384 0.264863 0.449749 0.062705 0.096298
2 1 0.107631 0.270409 0.464168 0.048249 0.109544
2 1 0.078109 0.259075 0.518114 0.037212 0.107489
2 1 0.066576 0.277416 0.478319 0.021585 0.156103
2 1 0.044045 0.253073 0.547312 0.016585 0.138985
2 1 0.046649 0.258933 0.530989 0.016512 0.146918
2 1 0.039334 0.254358 0.538730 0.013262 0.154316
2 1 0.038842 0.255495 0.534060 0.012683 0.158920
2 1 0.054520 0.290989 0.399940 0.010487 0.244064
2 1 0.060794 0.295301 0.388952 0.011624 0.243329
1 1 0.092573 0.312390 0.273842 0.011767 0.309427
4 1 0.081007 0.308149 0.266251 0.009304 0.335289
4 1 0.078817 0.298602 0.205408 0.006320 0.410854
4 1 0.072241 0.271438 0.142473 0.003204 0.510643
4 1 0.084101 0.272895 0.136486 0.003373 0.503144
4 1 0.099792 0.292265 0.170519 0.005289 0.432135
4 1 0.096871 0.273292 0.130125 0.003502 0.496210
4 1 0.146248 0.272647 0.114211 0.004063 0.462830
4 4 0.100642 0.150550 0.037203 0.000837 0.710768
4 4 0.072386 0.184675 0.112834 0.005593 0.624512
4 4 0.152559 0.198616 0.053791 0.001548 0.593487
4 4 0.147727 0.165045 0.039170 0.001140 0.646917
4 4 0.109196 0.146658 0.045602 0.001772 0.696772
4 4 0.108220 0.109000 0.045837 0.004693 0.732249
4 4 0.092095 0.114160 0.064032 0.008334 0.721379
4 4 0.094228 0.086072 0.064685 0.021809 0.733206
4 4 0.108737 0.070616 0.043601 0.016756 0.760289
4 4 0.160396 0.069400 0.031178 0.011358 0.727668
4 4 0.174527 0.077765 0.034988 0.011947 0.700773
4 4 0.188786 0.086708 0.049931 0.024492 0.650083
4 4 0.268971 0.054735 0.018597 0.010888 0.646809
4 4 0.337164 0.073545 0.022670 0.009354 0.557267
4 4 0.341713 0.108329 0.040332 0.013161 0.496464
4 4 0.358572 0.112246 0.045168 0.016870 0.467144
4 4 0.247153 0.097723 0.046865 0.019217 0.589044
4 4 0.150597 0.067896 0.034085 0.014455 0.732966
4 4 0.096477 0.080023 0.047351 0.012203 0.763946
4 4 0.091923 0.074498 0.031553 0.004722 0.797305
4 4 0.121244 0.068501 0.018850 0.002090 0.789315
4 4 0.134884 0.049395 0.020439 0.008625 0.786657
4 4 0.236608 0.039195 0.014159 0.013000 0.697037
4 4 0.337990 0.037303 0.015231 0.028217 0.581259
4 4 0.259614 0.043687 0.022909 0.038468 0.635321
4 4 0.249540 0.034482 0.013132 0.017017 0.685829
4 4 0.179626 0.028134 0.008333 0.006297 0.777611
4 4 0.088995 0.038828 0.011605 0.002351 0.858221
4 4 0.051986 0.050192 0.021462 0.002890 0.873470
4 4 0.037329 0.051605 0.025941 0.002958 0.882166
4 4 0.036492 0.058118 0.021812 0.001208 0.882369
4 4 0.045196 0.062536 0.027258 0.002306 0.862704
4 4 0.042152 0.057908 0.015157 0.000532 0.884251
4 4 0.021657 0.049216 0.020274 0.000881 0.907971
4 4 0.020079 0.095834 0.053875 0.001377 0.828834
4 4 0.030033 0.111191 0.114587 0.009889 0.734300
4 4 0.036201 0.095541 0.115305 0.020205 0.732749
4 4 0.081751 0.090349 0.094262 0.039547 0.694091
4 4 0.068850 0.110453 0.102550 0.022987 0.695160
4 4 0.087671 0.130299 0.076926 0.008443 0.696662
4 4 0.074377 0.135717 0.059584 0.002983 0.727339
4 4 0.117809 0.254715 0.117436 0.004245 0.505795
4 4 0.084246 0.300304 0.275489 0.011560 0.328401
2 4 0.061116 0.282752 0.417770 0.015068 0.223293
2 4 0.061415 0.296121 0.384420 0.011531 0.246513
2 4 0.074498 0.300900 0.380380 0.015057 0.229165
1 4 0.106791 0.315495 0.279145 0.015028 0.283541
1 4 0.114063 0.316328 0.283184 0.017044 0.269379
1 1 0.101530 0.314174 0.261537 0.012582 0.310178
2 1 0.066669 0.297304 0.390193 0.013405 0.232429
2 1 0.071206 0.299516 0.384157 0.014341 0.230781
2 1 0.071007 0.280488 0.468277 0.022651 0.157577
2 1 0.064456 0.278073 0.475963 0.020193 0.161315
2 1 0.075881 0.261545 0.515080 0.034403 0.113091
2 1 0.074386 0.226227 0.575420 0.054955 0.069011
2 2 0.078121 0.256044 0.524029 0.038912 0.102894
2 2 0.077968 0.257952 0.520485 0.037737 0.105858
2 2 0.077323 0.291567 0.429166 0.020817 0.181126
2 2 0.075950 0.293760 0.419687 0.019180 0.191423
2 2 0.057432 0.281176 0.460228 0.015428 0.185736
2 2 0.061021 0.284978 0.447716 0.015840 0.190445
4 2 0.082315 0.307487 0.251735 0.008783 0.349681
4 2 0.085307 0.309398 0.260716 0.009715 0.334864
2 2 0.075331 0.306729 0.319527 0.011138 0.287274
2 2 0.072117 0.303017 0.357884 0.012751 0.254230
2 2 0.045674 0.258778 0.530800 0.015958 0.148789
2 2 0.055617 0.276738 0.476279 0.016009 0.175358
2 2 0.078942 0.306127 0.346591 0.013755 0.254586
2 2 0.065833 0.286662 0.444552 0.017525 0.185428
2 2 0.054594 0.235491 0.586442 0.031028 0.092446
2 2 0.046001 0.182633 0.674705 0.051640 0.045021
2 1 0.066007 0.211113 0.606963 0.057318 0.058600
2 1 0.057242 0.199615 0.635182 0.055185 0.052775
2 1 0.035181 0.160072 0.711869 0.055830 0.037048
2 1 0.042880 0.177043 0.686812 0.050704 0.042562
2 1 0.031144 0.153783 0.735925 0.045721 0.033427
2 1 0.020554 0.126862 0.788745 0.039518 0.024320
