0 0 0.501759 0.077363 0.032271 0.002207 0.386400
4 0 0.425597 0.071864 0.028242 0.004303 0.469994
4 0 0.213621 0.069060 0.027836 0.000345 0.689138
4 0 0.187175 0.056848 0.018474 0.000186 0.737318
4 0 0.352728 0.053008 0.012169 0.000085 0.582010
4 0 0.358975 0.073552 0.027026 0.000125 0.540322
0 0 0.543560 0.065979 0.020635 0.000138 0.369688
0 0 0.705128 0.061614 0.020327 0.000296 0.212634
0 0 0.705109 0.072885 0.024902 0.000375 0.196729
0 0 0.686918 0.065386 0.023671 0.000392 0.223633
0 0 0.660417 0.064926 0.022609 0.000306 0.251741
0 0 0.528343 0.083679 0.037838 0.000531 0.349609
4 0 0.413687 0.079527 0.032195 0.000300 0.474291
4 0 0.379783 0.069772 0.023430 0.000282 0.526733
4 0 0.398942 0.057496 0.014445 0.000191 0.528926
4 0 0.385391 0.054115 0.012545 0.000094 0.547854
4 0 0.308588 0.052231 0.012209 0.000104 0.626867
4 1 0.316069 0.054464 0.013404 0.000078 0.615984
4 1 0.278082 0.054550 0.014068 0.000050 0.653250
4 1 0.321930 0.060532 0.017222 0.000059 0.600257
4 1 0.185228 0.086754 0.052581 0.000519 0.674918
4 1 0.125125 0.089457 0.067250 0.001445 0.716723
4 1 0.086815 0.096841 0.080584 0.001774 0.733986
4 1 0.060282 0.076743 0.073035 0.003757 0.786183
4 1 0.059297 0.108940 0.124997 0.006374 0.700392
4 1 0.019696 0.102210 0.301453 0.024851 0.551790
4 1 0.019088 0.103312 0.374608 0.053123 0.449868
2 1 0.009498 0.100617 0.575044 0.046671 0.268170
2 1 0.005914 0.078444 0.690800 0.048936 0.175907
2 1 0.001401 0.030136 0.890422 0.049932 0.028109
2 1 0.001828 0.024299 0.863262 0.090249 0.020361
2 1 0.003285 0.033083 0.841761 0.093897 0.027974
2 2 0.005199 0.048659 0.836484 0.061597 0.048061
2 2 0.004927 0.041090 0.779464 0.120892 0.053627
2 2 0.003679 0.028723 0.773920 0.160209 0.033468
2 2 0.003549 0.030630 0.746211 0.175479 0.044131
2 2 0.002285 0.019306 0.691030 0.261719 0.025660
2 2 0.002283 0.014334 0.530626 0.437685 0.015073
3 2 0.004155 0.013930 0.375645 0.594741 0.011530
3 2 0.007821 0.020148 0.406175 0.549147 0.016709
3 2 0.001123 0.003698 0.161551 0.831446 0.002182
3 2 0.000431 0.001660 0.087064 0.909832 0.001013
3 2 0.000424 0.001652 0.087925 0.908994 0.001005
3 2 0.000330 0.001407 0.084136 0.913284 0.000844
3 2 0.000282 0.001288 0.083865 0.913802 0.000763
3 3 0.000190 0.000993 0.076689 0.921550 0.000578
3 3 0.000216 0.001010 0.067415 0.930750 0.000609
3 3 0.000119 0.000615 0.046563 0.952328 0.000376
3 3 0.000096 0.000412 0.024090 0.975125 0.000278
3 3 0.000090 0.000378 0.021486 0.977788 0.000259
3 3 0.000086 0.000377 0.022506 0.976774 0.000255
3 3 0.000081 0.000330 0.018040 0.981318 0.000231
3 3 0.000114 0.000378 0.015822 0.983408 0.000278
3 3 0.000068 0.000229 0.009593 0.989935 0.000176
3 3 0.000079 0.000230 0.008020 0.991486 0.000185
3 3 0.000041 0.000123 0.004483 0.995250 0.000104
3 3 0.000052 0.000125 0.003352 0.996358 0.000113
3 3 0.000051 0.000114 0.002758 0.996972 0.000106
3 3 0.000098 0.000209 0.004809 0.994697 0.000187
3 3 0.000174 0.000353 0.007763 0.991405 0.000305
3 3 0.000048 0.000112 0.002883 0.996854 0.000103
3 3 0.000049 0.000115 0.002972 0.996758 0.000106
3 3 0.000027 0.000069 0.001968 0.997871 0.000065
3 3 0.000038 0.000088 0.002181 0.997611 0.000083
3 3 0.000048 0.000093 0.001892 0.997874 0.000093
3 3 0.000052 0.000091 0.001605 0.998158 0.000094
3 3 0.000037 0.000081 0.001869 0.997935 0.000078
3 3 0.000049 0.000104 0.002341 0.997406 0.000100
3 3 0.000040 0.000067 0.001115 0.998706 0.000072
3 3 0.000031 0.000057 0.001049 0.998801 0.000061
3 3 0.000022 0.000039 0.000712 0.999184 0.000043
3 3 0.000020 0.000038 0.000687 0.999213 0.000041
3 3 0.000062 0.000092 0.001278 0.998469 0.000099
3 3 0.000039 0.000064 0.001031 0.998796 0.000069
3 3 0.000046 0.000069 0.000997 0.998811 0.000077
3 3 0.000028 0.000050 0.000901 0.998967 0.000054
3 3 0.000047 0.000073 0.001074 0.998726 0.000080
3 3 0.000043 0.000069 0.001071 0.998743 0.000074
3 3 0.000127 0.000167 0.002041 0.997488 0.000177
3 3 0.000142 0.000223 0.003448 0.995969 0.000218
3 3 0.000268 0.000592 0.014631 0.984033 0.000476
3 3 0.000351 0.000691 0.014761 0.983630 0.000567
3 3 0.000370 0.000836 0.021507 0.976641 0.000646
3 3 0.000308 0.000714 0.018929 0.979494 0.000555
3 3 0.000310 0.000808 0.025072 0.973212 0.000598
3 3 0.000395 0.001116 0.038732 0.958977 0.000781
3 3 0.000860 0.001924 0.049820 0.946019 0.001376
3 3 0.000814 0.001991 0.058016 0.937800 0.001379
3 3 0.001077 0.002515 0.069399 0.925281 0.001728
3 3 0.001720 0.002783 0.047649 0.945720 0.002128
3 3 0.001252 0.001985 0.032841 0.962343 0.001578
3 3 0.001459 0.002447 0.043758 0.950462 0.001873
3 3 0.000701 0.001983 0.069912 0.926092 0.001312
3 3 0.000440 0.001356 0.052986 0.944313 0.000906
3 3 0.000524 0.001504 0.053642 0.943311 0.001018
3 3 0.000331 0.000949 0.033414 0.964635 0.000672
3 3 0.000706 0.001822 0.056887 0.939333 0.001252
3 3 0.001023 0.002336 0.062455 0.932558 0.001628
3 3 0.001373 0.002847 0.067421 0.926352 0.002007
3 3 0.001592 0.003353 0.081396 0.911346 0.002314
3 3 0.002423 0.003902 0.066923 0.923861 0.002891
3 3 0.000989 0.001837 0.037295 0.958480 0.001399
3 3 0.000906 0.001887 0.044447 0.951376 0.001383
3 3 0.000486 0.001268 0.039711 0.957636 0.000899
3 3 0.000336 0.001187 0.055160 0.942546 0.000770
3 3 0.000362 0.001360 0.068765 0.928659 0.000853
3 3 0.000117 0.000668 0.057400 0.941422 0.000393
3 3 0.000103 0.000648 0.062826 0.936052 0.000371
3 3 0.000110 0.000668 0.062191 0.936645 0.000386
3 3 0.000604 0.002361 0.127415 0.868238 0.001382
3 3 0.001570 0.003271 0.078205 0.914682 0.002271
3 3 0.004059 0.005699 0.082510 0.903486 0.004247
3 3 0.004342 0.005827 0.079575 0.905861 0.004396
3 3 0.002739 0.003375 0.040665 0.950461 0.002761
3 3 0.001582 0.002281 0.033428 0.960864 0.001844
3 3 0.000740 0.001199 0.020146 0.976923 0.000993
3 3 0.000288 0.000657 0.017007 0.981532 0.000517
3 3 0.000281 0.000713 0.021277 0.977190 0.000539
3 3 0.000288 0.000748 0.023041 0.975365 0.000558
3 3 0.000415 0.001011 0.028815 0.969011 0.000749
3 3 0.002073 0.004340 0.105208 0.885455 0.002923
3 3 0.001016 0.002397 0.066910 0.928026 0.001650
3 3 0.000654 0.001828 0.063318 0.932975 0.001224
3 3 0.001419 0.003269 0.089208 0.903907 0.002197
3 3 0.002453 0.005346 0.137367 0.851360 0.003475
3 3 0.002102 0.004738 0.125303 0.864736 0.003120
3 3 0.002060 0.005525 0.164713 0.823954 0.003747
3 3 0.002099 0.004585 0.117661 0.872628 0.003028
3 3 0.001229 0.003207 0.102942 0.890547 0.002074
3 3 0.000765 0.001914 0.057413 0.938586 0.001322
3 3 0.000733 0.001698 0.045892 0.950461 0.001216
3 3 0.000576 0.001333 0.035743 0.961371 0.000977
3 3 0.000380 0.000996 0.031254 0.966649 0.000722
3 3 0.000464 0.001299 0.044664 0.952673 0.000899
3 3 0.000392 0.001242 0.050150 0.947387 0.000830
3 3 0.000184 0.000753 0.042110 0.956466 0.000487
3 3 0.000340 0.001036 0.039597 0.958314 0.000713
3 3 0.000311 0.000777 0.022760 0.975566 0.000585
3 3 0.000660 0.001422 0.034813 0.962046 0.001059
3 3 0.001141 0.002296 0.052056 0.942838 0.001669
2 1 0.047863 0.068835 0.428350 0.352182 0.102770
3 1 0.017062 0.037422 0.394948 0.504309 0.046259
2 1 0.007371 0.037845 0.541057 0.337614 0.076113
2 1 0.002335 0.019367 0.534723 0.410448 0.033127
2 2 0.003486 0.027559 0.688371 0.234180 0.046404
2 2 0.004837 0.040263 0.785597 0.092010 0.077292
2 2 0.005204 0.061625 0.790836 0.025590 0.116745
2 2 0.023614 0.102754 0.446490 0.006822 0.420319
4 2 0.041452 0.116990 0.356163 0.005023 0.480373
4 2 0.072305 0.108657 0.220610 0.002762 0.595667
4 4 0.098769 0.108069 0.163798 0.001755 0.627609
4 4 0.092243 0.108679 0.180025 0.001979 0.617074
4 4 0.081562 0.109880 0.218007 0.002569 0.587982
4 4 0.090570 0.108121 0.185233 0.001939 0.614138
4 4 0.107025 0.089074 0.086354 0.001024 0.716524
4 4 0.127972 0.081229 0.054222 0.000619 0.735959
4 4 0.102645 0.076725 0.053377 0.000939 0.766315
4 4 0.105298 0.068283 0.039380 0.000594 0.786445
4 4 0.186063 0.070129 0.030870 0.000341 0.712597
4 4 0.244663 0.074280 0.031397 0.000243 0.649417
4 4 0.332736 0.106367 0.076423 0.001050 0.483424
4 4 0.304926 0.111457 0.089036 0.001339 0.493242
4 4 0.267394 0.099574 0.065166 0.000641 0.567225
4 4 0.227904 0.105965 0.083519 0.000942 0.581670
4 4 0.134110 0.112563 0.145824 0.001777 0.605726
4 4 0.071661 0.110102 0.252634 0.003271 0.562332
4 4 0.054213 0.104799 0.284836 0.003471 0.552681
4 4 0.031246 0.100361 0.382394 0.004231 0.481768
4 4 0.029405 0.102958 0.385062 0.004010 0.478565
2 4 0.021435 0.093121 0.472387 0.006276 0.406781
2 4 0.015489 0.093536 0.570698 0.007720 0.312557
2 4 0.014329 0.095269 0.566374 0.007510 0.316518
2 4 0.011978 0.097006 0.568064 0.006590 0.316361
2 4 0.003113 0.048329 0.796447 0.019127 0.132983
2 4 0.002053 0.032165 0.841913 0.031187 0.092681
2 2 0.002618 0.035997 0.825708 0.028267 0.107409
2 2 0.001615 0.024422 0.873125 0.049981 0.050858
2 2 0.001341 0.021281 0.878171 0.063727 0.035481
2 2 0.001757 0.021137 0.869181 0.083393 0.024532
2 2 0.004670 0.064567 0.846335 0.026860 0.057569
4 2 0.072792 0.080008 0.083651 0.000566 0.762983
4 2 0.062123 0.082186 0.096585 0.000982 0.758125
4 2 0.055338 0.064055 0.054102 0.000723 0.825782
4 2 0.089308 0.068067 0.043176 0.000808 0.798641
4 2 0.099351 0.069112 0.044251 0.000971 0.786315
4 2 0.201909 0.071236 0.032246 0.001991 0.692619
4 2 0.306102 0.069745 0.024726 0.000410 0.599017
4 2 0.216023 0.100853 0.072166 0.001911 0.609046
4 2 0.179943 0.234761 0.181860 0.001391 0.402045
2 2 0.066024 0.248315 0.373126 0.003779 0.308756
2 2 0.020982 0.134509 0.619213 0.014422 0.210875
2 2 0.004871 0.053630 0.812553 0.046076 0.082870
2 2 0.003281 0.039032 0.851494 0.050991 0.055202
2 2 0.002412 0.036038 0.858395 0.043085 0.060069
2 2 0.004740 0.051320 0.777376 0.030508 0.136055
4 2 0.019315 0.086915 0.424655 0.013106 0.456010
4 2 0.025966 0.085996 0.253264 0.012226 0.622548
4 2 0.037956 0.097712 0.298763 0.026962 0.538607
4 2 0.053385 0.106792 0.296793 0.037634 0.505395
4 2 0.056116 0.111644 0.341695 0.032473 0.458072
2 2 0.000818 0.013059 0.894364 0.084799 0.006960
2 2 0.000868 0.013924 0.892597 0.082633 0.009977
2 2 0.000933 0.015592 0.886544 0.078772 0.018158
2 2 0.001084 0.019530 0.874203 0.071379 0.033803
2 2 0.001397 0.024921 0.874923 0.054031 0.044727
2 2 0.002148 0.029180 0.820534 0.095799 0.052338
2 2 0.007225 0.045462 0.765994 0.119540 0.061779
2 2 0.013500 0.042270 0.662333 0.235098 0.046798
2 2 0.010693 0.026617 0.592693 0.351419 0.018577
2 2 0.008129 0.024090 0.643623 0.308784 0.015374
2 2 0.003595 0.012249 0.525453 0.452042 0.006661
2 3 0.002849 0.010623 0.518376 0.462526 0.005626
2 3 0.001182 0.008127 0.607378 0.378293 0.005021
3 3 0.001000 0.006155 0.471677 0.517652 0.003516
3 3 0.001296 0.006869 0.389435 0.597858 0.004541
3 3 0.000951 0.003814 0.216099 0.777039 0.002097
3 3 0.000765 0.003067 0.157700 0.836588 0.001881
3 3 0.001744 0.004087 0.114619 0.876880 0.002670
3 3 0.001177 0.002347 0.052584 0.942184 0.001708
3 3 0.002000 0.003461 0.065012 0.926992 0.002536
3 3 0.000399 0.002275 0.201600 0.794549 0.001178
3 3 0.000383 0.001866 0.133911 0.862799 0.001041
3 3 0.000512 0.001926 0.098452 0.897944 0.001166
3 3 0.000317 0.001153 0.055669 0.942119 0.000743
3 3 0.000450 0.001308 0.047238 0.950112 0.000893
3 3 0.000177 0.000558 0.022020 0.976842 0.000403
3 3 0.000220 0.000665 0.024846 0.973789 0.000479
3 3 0.000162 0.000534 0.022316 0.976606 0.000382
3 3 0.000616 0.001422 0.038073 0.958852 0.001037
3 3 0.000448 0.001135 0.034086 0.963510 0.000821
3 3 0.000358 0.000940 0.029578 0.968439 0.000684
3 3 0.000415 0.001123 0.036827 0.960839 0.000796
3 3 0.000324 0.000857 0.027181 0.971010 0.000628
3 3 0.000455 0.000929 0.021034 0.976849 0.000733
3 3 0.000647 0.001107 0.019934 0.977403 0.000908
3 3 0.000909 0.001409 0.022417 0.974099 0.001166
3 3 0.000646 0.000996 0.015606 0.981900 0.000852
3 3 0.001117 0.001426 0.017650 0.978555 0.001252
3 3 0.000343 0.000515 0.007655 0.991015 0.000473
3 3 0.000206 0.000352 0.006178 0.992942 0.000322
3 3 0.000087 0.000194 0.004719 0.994828 0.000172
3 3 0.000099 0.000203 0.004412 0.995102 0.000184
3 3 0.000104 0.000194 0.003733 0.995788 0.000182
3 3 0.000116 0.000184 0.002900 0.996618 0.000182
3 3 0.000102 0.000149 0.002079 0.997515 0.000155
3 3 0.000177 0.000230 0.002789 0.996567 0.000238
3 3 0.000089 0.000133 0.001903 0.997736 0.000139
3 3 0.000101 0.000132 0.001609 0.998014 0.000144
3 3 0.000079 0.000095 0.001037 0.998680 0.000109
3 3 0.000103 0.000133 0.001576 0.998043 0.000145
3 3 0.000065 0.000093 0.001273 0.998467 0.000102
3 3 0.000057 0.000082 0.001127 0.998643 0.000090
3 3 0.000038 0.000071 0.001342 0.998477 0.000073
3 3 0.000044 0.000079 0.001435 0.998361 0.000081
3 3 0.000109 0.000173 0.002709 0.996837 0.000172
3 3 0.000110 0.000145 0.001781 0.997808 0.000156
3 3 0.000124 0.000157 0.001828 0.997722 0.000169
3 3 0.000123 0.000154 0.001768 0.997788 0.000167
3 3 0.000150 0.000177 0.001879 0.997602 0.000193
3 3 0.000272 0.000288 0.002693 0.996435 0.000311
3 3 0.000079 0.000096 0.001047 0.998667 0.000110
3 3 0.000040 0.000054 0.000666 0.999175 0.000064
3 3 0.000034 0.000052 0.000751 0.999104 0.000059
3 3 0.000047 0.000061 0.000703 0.999118 0.000071
3 3 0.000041 0.000054 0.000637 0.999205 0.000063
3 3 0.000046 0.000060 0.000729 0.999094 0.000070
3 3 0.000047 0.000066 0.000846 0.998966 0.000075
3 3 0.000080 0.000095 0.001000 0.998716 0.000109
3 3 0.000069 0.000088 0.001005 0.998739 0.000100
3 3 0.000073 0.000093 0.001074 0.998656 0.000105
3 3 0.000077 0.000116 0.001691 0.997994 0.000122
3 3 0.000074 0.000125 0.002095 0.997580 0.000126
3 3 0.000096 0.000147 0.002217 0.997390 0.000151
3 3 0.000071 0.000115 0.001843 0.997852 0.000119
3 3 0.000103 0.000153 0.002187 0.997398 0.000158
3 3 0.000122 0.000156 0.001843 0.997711 0.000168
3 3 0.000192 0.000181 0.001435 0.997981 0.000212
3 3 0.000234 0.000223 0.001811 0.997476 0.000255
3 3 0.000144 0.000143 0.001209 0.998336 0.000168
3 3 0.000133 0.000159 0.001708 0.997826 0.000175
3 3 0.000222 0.000299 0.003823 0.995357 0.000299
3 3 0.000203 0.000267 0.003292 0.995967 0.000271
3 3 0.000116 0.000151 0.001814 0.997757 0.000162
3 3 0.000104 0.000129 0.001461 0.998163 0.000143
3 3 0.000048 0.000070 0.000974 0.998829 0.000078
3 3 0.000039 0.000065 0.001059 0.998768 0.000070
3 3 0.000039 0.000055 0.000712 0.999132 0.000063
3 3 0.000032 0.000043 0.000507 0.999367 0.000051
3 3 0.000034 0.000046 0.000562 0.999302 0.000055
3 3 0.000048 0.000058 0.000612 0.999213 0.000070
3 3 0.000096 0.000085 0.000610 0.999095 0.000114
3 3 0.000082 0.000083 0.000695 0.999039 0.000102
3 3 0.000063 0.000082 0.000967 0.998796 0.000093
3 3 0.000043 0.000066 0.000966 0.998851 0.000073
3 3 0.000044 0.000058 0.000692 0.999139 0.000067
3 3 0.000039 0.000052 0.000612 0.999236 0.000061
3 3 0.000043 0.000063 0.000866 0.998956 0.000071
3 3 0.000042 0.000063 0.000903 0.998923 0.000070
3 3 0.000066 0.000091 0.001149 0.998593 0.000101
3 3 0.000653 0.000619 0.005088 0.992994 0.000645
3 3 0.002821 0.002446 0.018486 0.973942 0.002305
3 3 0.004991 0.004898 0.044220 0.941738 0.004153
3 3 0.005168 0.005752 0.061477 0.922991 0.004613
3 3 0.022068 0.015690 0.095786 0.853358 0.013098
3 3 0.047475 0.031767 0.182826 0.713019 0.024914
0 3 0.340010 0.109406 0.259325 0.198725 0.092533
0 3 0.441647 0.117490 0.218943 0.124859 0.097060
0 3 0.464525 0.109942 0.176212 0.147804 0.101517
0 2 0.565977 0.113831 0.154319 0.050532 0.115342
0 2 0.552447 0.112501 0.153508 0.067306 0.114238
0 2 0.623743 0.104520 0.114150 0.035059 0.122528
0 2 0.660784 0.090892 0.077085 0.042959 0.128281
0 2 0.710628 0.070632 0.039814 0.045151 0.133775
0 2 0.754305 0.060337 0.026410 0.023881 0.135067
0 1 0.728628 0.061931 0.028677 0.045638 0.135125
0 1 0.741638 0.069098 0.036883 0.018953 0.133428
0 1 0.691962 0.080008 0.054651 0.041612 0.131766
0 1 0.676276 0.092009 0.078220 0.025411 0.128084
0 1 0.774018 0.065680 0.033363 0.001972 0.124968
0 1 0.800934 0.054649 0.021662 0.000831 0.121924
0 1 0.471203 0.226699 0.191645 0.012361 0.098092
1 1 0.289173 0.295747 0.249298 0.005397 0.160385
4 1 0.100056 0.164874 0.264474 0.002788 0.467807
4 1 0.045762 0.119333 0.365341 0.004976 0.464588
4 1 0.067926 0.111944 0.268124 0.004184 0.547822
4 1 0.057464 0.077638 0.090024 0.001128 0.773746
4 1 0.072294 0.063518 0.041308 0.001001 0.821879
4 1 0.089926 0.057157 0.028001 0.001587 0.823331
4 4 0.120419 0.056320 0.022819 0.001610 0.798831
4 4 0.089611 0.050415 0.020732 0.001222 0.838019
4 4 0.084289 0.034561 0.008756 0.000427 0.871968
4 4 0.126927 0.047175 0.014483 0.000360 0.811055
4 4 0.141172 0.050374 0.015987 0.000240 0.792227
4 4 0.174343 0.054223 0.017084 0.000135 0.754216
4 4 0.183283 0.061736 0.022791 0.000168 0.732022
4 4 0.132427 0.065726 0.031493 0.000223 0.770131
4 4 0.074968 0.053018 0.026041 0.000493 0.845481
4 4 0.057105 0.044900 0.020639 0.000939 0.876417
4 4 0.041340 0.048377 0.030265 0.001653 0.878365
4 4 0.055949 0.045695 0.021799 0.000898 0.875659
4 4 0.286608 0.078946 0.034399 0.000167 0.599881
4 4 0.268124 0.078607 0.034864 0.000161 0.618243
4 4 0.238661 0.075771 0.033339 0.000131 0.652097
4 4 0.259555 0.089299 0.048702 0.000335 0.602109
4 4 0.222382 0.077720 0.036617 0.000153 0.663129
4 4 0.259329 0.072642 0.029035 0.000104 0.638891
4 4 0.123547 0.076863 0.048183 0.000190 0.751217
4 4 0.124312 0.072518 0.042855 0.000133 0.760182
4 4 0.071723 0.075820 0.073259 0.000251 0.778947
4 4 0.184456 0.079650 0.043238 0.000183 0.692473
4 4 0.151252 0.089870 0.068668 0.000389 0.689821
4 4 0.122247 0.081538 0.060903 0.000499 0.734813
4 4 0.063942 0.069352 0.064988 0.001404 0.800314
4 4 0.036335 0.061991 0.070474 0.003050 0.828150
4 4 0.041332 0.047922 0.029561 0.000938 0.880247
4 4 0.047940 0.042390 0.020059 0.000659 0.888954
4 4 0.159683 0.052004 0.016159 0.000303 0.771851
4 4 0.202380 0.064999 0.024612 0.000388 0.707622
4 4 0.378253 0.081680 0.027234 0.000141 0.512693
4 4 0.362693 0.076188 0.026352 0.000144 0.534624
4 4 0.190332 0.103861 0.085864 0.000869 0.619075
4 4 0.219054 0.113869 0.108423 0.001508 0.557148
4 4 0.174970 0.129864 0.159361 0.001961 0.533844
4 1 0.198313 0.152586 0.186577 0.002566 0.459958
4 1 0.133356 0.164982 0.301212 0.004975 0.395476
4 1 0.153082 0.162920 0.273639 0.005018 0.405342
4 2 0.141053 0.157214 0.278367 0.004967 0.418399
4 2 0.070108 0.141629 0.375955 0.005774 0.406533
4 2 0.058885 0.132160 0.393011 0.006052 0.409892
4 2 0.065867 0.135988 0.338076 0.004243 0.455827
4 2 0.057290 0.145066 0.357238 0.003754 0.436652
4 2 0.056651 0.135898 0.323694 0.003232 0.480526
4 2 0.060780 0.135866 0.324354 0.003375 0.475625
4 2 0.064766 0.138505 0.333687 0.003590 0.459452
4 2 0.067938 0.150633 0.351293 0.003788 0.426348
2 2 0.040087 0.147011 0.500676 0.006036 0.306190
2 2 0.038285 0.137878 0.463162 0.004875 0.355801
2 2 0.027331 0.124148 0.560605 0.007251 0.280664
2 2 0.010148 0.080407 0.711574 0.013417 0.184454
2 2 0.017529 0.096016 0.614930 0.011325 0.260200
4 2 0.156387 0.120389 0.185255 0.002654 0.535315
4 2 0.130090 0.094371 0.083947 0.000582 0.691009
4 2 0.139347 0.088240 0.064234 0.000386 0.707792
4 2 0.116418 0.080670 0.056265 0.000261 0.746386
4 2 0.254968 0.062664 0.020361 0.000046 0.661961
4 1 0.294426 0.047114 0.009694 0.000035 0.648732
4 1 0.389536 0.047084 0.008954 0.000037 0.554389
4 1 0.170333 0.084170 0.050824 0.000263 0.694409
4 1 0.180733 0.086667 0.053102 0.000303 0.679195
4 1 0.339613 0.108456 0.056372 0.000472 0.495087
4 1 0.308039 0.222897 0.104005 0.000479 0.364580
4 1 0.359275 0.178217 0.082455 0.000491 0.379561
4 1 0.229072 0.219331 0.171542 0.001901 0.378155
4 1 0.111400 0.201569 0.320074 0.005347 0.361611
2 1 0.062423 0.154530 0.421061 0.009686 0.352301
2 1 0.027329 0.108372 0.435444 0.007519 0.421336
4 1 0.021189 0.088489 0.403758 0.008065 0.478500
2 1 0.009647 0.068666 0.616655 0.013870 0.291162
2 2 0.010491 0.069582 0.622986 0.014193 0.282749
2 2 0.009458 0.067287 0.621961 0.012190 0.289103
2 2 0.005431 0.065052 0.745688 0.013545 0.170284
2 2 0.005319 0.073492 0.763393 0.011987 0.145809
2 2 0.002477 0.045096 0.872080 0.026944 0.053404
2 2 0.003224 0.052314 0.839740 0.021561 0.083161
2 2 0.002243 0.041513 0.851060 0.023668 0.081515
2 2 0.001473 0.029133 0.879654 0.032443 0.057297
2 2 0.001135 0.023932 0.887023 0.038681 0.049229
2 2 0.001017 0.020768 0.892275 0.050064 0.035876
2 2 0.001032 0.019674 0.887292 0.056348 0.035655
2 2 0.000706 0.014809 0.895604 0.063861 0.025020
2 2 0.000932 0.018374 0.881988 0.062980 0.035726
2 2 0.001091 0.021544 0.865930 0.062688 0.048747
2 2 0.001064 0.020468 0.862383 0.072131 0.043954
2 2 0.001626 0.028868 0.836626 0.050204 0.082675
2 2 0.002053 0.030858 0.821510 0.061218 0.084361
2 2 0.003583 0.044686 0.764142 0.028382 0.159206
2 2 0.002600 0.038772 0.799166 0.028469 0.130993
2 2 0.001288 0.024124 0.860211 0.057107 0.057269
2 2 0.001644 0.027225 0.842625 0.060475 0.068031
2 2 0.005971 0.041342 0.795210 0.078177 0.079300
2 2 0.027492 0.040336 0.559194 0.346546 0.026432
2 2 0.011303 0.030465 0.709642 0.229834 0.018756
2 2 0.007238 0.028701 0.770395 0.176999 0.016666
2 2 0.004365 0.028969 0.838884 0.111749 0.016033
2 2 0.002887 0.016705 0.777072 0.190959 0.012378
2 2 0.002506 0.013902 0.602088 0.370256 0.011249
3 2 0.002413 0.009846 0.369953 0.610438 0.007350
3 2 0.001623 0.006789 0.292358 0.694493 0.004736
3 2 0.001625 0.005367 0.238036 0.751943 0.003030
3 2 0.002140 0.006626 0.271596 0.715910 0.003727
3 2 0.004231 0.011279 0.386693 0.591579 0.006218
2 2 0.007886 0.020916 0.626676 0.334493 0.010029
2 2 0.006455 0.019004 0.676269 0.288150 0.010121
2 2 0.003595 0.022421 0.810097 0.145149 0.018738
2 2 0.002802 0.022241 0.790333 0.157723 0.026901
2 2 0.001783 0.016284 0.738818 0.224424 0.018692
2 2 0.002314 0.018231 0.669480 0.287483 0.022492
2 2 0.004246 0.026935 0.696987 0.235572 0.036261
2 2 0.003135 0.019900 0.654205 0.300367 0.022392
2 2 0.002809 0.015775 0.583527 0.383475 0.014413
2 2 0.002831 0.015615 0.550042 0.416329 0.015182
3 2 0.002932 0.011780 0.384874 0.590707 0.009707
3 2 0.003225 0.016873 0.453043 0.506630 0.020229
2 2 0.003023 0.017458 0.489979 0.467784 0.021755
2 2 0.001221 0.009289 0.536025 0.445504 0.007961
3 2 0.001464 0.007388 0.432147 0.554502 0.004499
2 2 0.001035 0.007092 0.657902 0.330386 0.003585
2 2 0.001032 0.006972 0.694214 0.294539 0.003243
2 2 0.000978 0.007143 0.712645 0.275704 0.003530
3 2 0.000735 0.004119 0.363465 0.629694 0.001988
3 2 0.000927 0.004400 0.312442 0.679993 0.002239
3 2 0.000964 0.006070 0.352427 0.635909 0.004629
3 2 0.000876 0.004911 0.265775 0.724741 0.003697
3 2 0.001156 0.005991 0.238705 0.748651 0.005498
3 2 0.000955 0.003745 0.168757 0.824042 0.002501
3 3 0.000805 0.003739 0.174335 0.818312 0.002809
3 3 0.000732 0.002458 0.105122 0.890132 0.001557
3 3 0.000850 0.002437 0.087856 0.907285 0.001572
3 3 0.001071 0.002783 0.088440 0.905877 0.001829
3 3 0.001985 0.004246 0.105812 0.885111 0.002846
3 3 0.004957 0.009135 0.191219 0.788774 0.005915
3 3 0.004452 0.008115 0.166859 0.815228 0.005346
3 3 0.002130 0.004399 0.104842 0.885658 0.002971
3 3 0.001323 0.003333 0.102169 0.891002 0.002172
3 3 0.001441 0.004102 0.148386 0.843559 0.002512
3 3 0.004169 0.012379 0.413019 0.562819 0.007615
2 3 0.002293 0.010358 0.571908 0.409679 0.005762
2 3 0.000977 0.008077 0.735362 0.250922 0.004663
2 3 0.000531 0.006740 0.717974 0.269640 0.005116
2 3 0.000405 0.004920 0.503450 0.487251 0.003975
3 3 0.000321 0.003435 0.341899 0.651681 0.002664
3 3 0.000344 0.002661 0.220674 0.774434 0.001887
3 3 0.000594 0.003300 0.193243 0.800488 0.002374
3 3 0.000623 0.002964 0.183186 0.811442 0.001785
3 3 0.000707 0.003114 0.198307 0.796173 0.001698
3 3 0.000935 0.003864 0.227814 0.765286 0.002100
3 3 0.000569 0.002623 0.176420 0.818950 0.001437
3 3 0.001120 0.003933 0.187191 0.805501 0.002255
3 3 0.000695 0.002452 0.116009 0.879366 0.001478
3 3 0.000396 0.001626 0.092874 0.904130 0.000974
3 3 0.004820 0.017347 0.374181 0.585224 0.018427
3 3 0.002114 0.011670 0.367784 0.605255 0.013177
3 3 0.002012 0.007926 0.242899 0.740053 0.007111
3 3 0.001947 0.007635 0.213321 0.769632 0.007465
3 3 0.001550 0.004700 0.157309 0.833206 0.003234
3 3 0.001178 0.003251 0.109366 0.884092 0.002112
3 3 0.000884 0.002599 0.096951 0.897913 0.001653
3 3 0.001113 0.003269 0.122458 0.871129 0.002031
3 3 0.001248 0.003653 0.136744 0.856111 0.002244
3 3 0.001252 0.003699 0.140171 0.852616 0.002263
3 3 0.001934 0.005446 0.195903 0.793476 0.003242
3 3 0.003926 0.012447 0.383293 0.591578 0.008756
3 3 0.002198 0.009401 0.384315 0.597303 0.006783
3 3 0.001135 0.004656 0.239977 0.751433 0.002799
3 3 0.000978 0.003763 0.198195 0.794926 0.002138
3 3 0.000558 0.002478 0.158563 0.837018 0.001383
3 3 0.000816 0.003098 0.162183 0.832126 0.001778
3 3 0.000348 0.001327 0.068355 0.929140 0.000830
3 3 0.000538 0.001539 0.054746 0.942137 0.001040
3 3 0.001320 0.002911 0.074768 0.918992 0.002008
2 3 0.008999 0.034439 0.732480 0.188980 0.035102
2 3 0.008517 0.030721 0.679465 0.251285 0.030012
3 3 0.005064 0.017279 0.452385 0.510734 0.014537
3 3 0.010299 0.027926 0.433109 0.498796 0.029869
3 3 0.008800 0.021473 0.355922 0.593485 0.020319
2 3 0.025898 0.066547 0.635331 0.210813 0.061411
2 3 0.022552 0.071700 0.708993 0.106348 0.090407
2 3 0.011271 0.040184 0.742195 0.171611 0.034738
2 3 0.008140 0.029637 0.616547 0.315385 0.030291
3 3 0.009349 0.021242 0.314918 0.633477 0.021014
3 3 0.008038 0.023572 0.411914 0.531848 0.024628
3 3 0.004230 0.012529 0.349853 0.624281 0.009107
2 3 0.011981 0.029398 0.628041 0.309637 0.020943
2 3 0.009959 0.035680 0.766493 0.153585 0.034283
2 3 0.006303 0.027682 0.776770 0.168763 0.020481
2 3 0.004438 0.045195 0.868270 0.051714 0.030384
2 3 0.012957 0.075465 0.813208 0.057153 0.041217
2 3 0.013288 0.074973 0.772221 0.074715 0.064802
2 3 0.005361 0.023819 0.635644 0.315647 0.019529
3 3 0.004981 0.016457 0.455031 0.510680 0.012851
2 2 0.020612 0.086575 0.741015 0.036633 0.115165
2 2 0.009774 0.051814 0.823505 0.087711 0.027195
2 2 0.011736 0.041387 0.777794 0.150043 0.019040
2 2 0.006654 0.025168 0.761139 0.196271 0.010768
2 2 0.014696 0.039187 0.711650 0.205488 0.028979
3 2 0.005084 0.014637 0.431288 0.539322 0.009670
3 2 0.002521 0.009106 0.440679 0.542862 0.004833
3 2 0.001797 0.006465 0.322685 0.665598 0.003455
2 2 0.002442 0.011245 0.529560 0.449391 0.007362
2 2 0.002997 0.015866 0.610009 0.357557 0.013572
2 2 0.005464 0.020957 0.515855 0.437552 0.020171
2 2 0.010578 0.035566 0.569130 0.341521 0.043204
2 2 0.007080 0.037790 0.585483 0.318438 0.051209
2 2 0.006033 0.041232 0.665381 0.237466 0.049887
2 2 0.005537 0.030724 0.551560 0.370133 0.042046
2 2 0.004125 0.023284 0.617502 0.326491 0.028598
2 2 0.001251 0.011010 0.680802 0.297269 0.009668
2 2 0.000884 0.008224 0.753736 0.231846 0.005310
2 2 0.000886 0.008188 0.794943 0.191061 0.004922
2 2 0.001619 0.014721 0.845812 0.131392 0.006455
2 2 0.008803 0.032485 0.763831 0.173835 0.021047
3 2 0.001864 0.007424 0.426272 0.560704 0.003735
3 2 0.001724 0.007221 0.442667 0.544813 0.003576
2 2 0.005228 0.016732 0.686097 0.283451 0.008493
2 2 0.040546 0.105929 0.733690 0.065630 0.054204
2 2 0.133491 0.186381 0.569756 0.039788 0.070585
2 2 0.285015 0.286424 0.336656 0.014602 0.077303
0 2 0.340418 0.312774 0.259669 0.009260 0.077879
1 2 0.303474 0.349960 0.264683 0.007284 0.074600
2 2 0.062144 0.230878 0.642616 0.022774 0.041588
2 2 0.015552 0.078821 0.832120 0.059501 0.014007
2 2 0.013766 0.058765 0.821527 0.092468 0.013474
2 2 0.004549 0.026868 0.837742 0.124025 0.006817
2 2 0.006188 0.039071 0.859591 0.087064 0.008085
2 2 0.013742 0.057694 0.819587 0.095483 0.013493
2 2 0.074684 0.147356 0.665229 0.075432 0.037299
2 2 0.127907 0.180906 0.568715 0.071984 0.050488
2 2 0.273042 0.257541 0.367431 0.026927 0.075059
0 2 0.480882 0.270925 0.149327 0.003277 0.095589
0 2 0.577901 0.223887 0.091219 0.001265 0.105728
2 2 0.006837 0.056757 0.834565 0.042572 0.059269
2 2 0.009672 0.083517 0.725745 0.014480 0.166587
2 2 0.011980 0.087892 0.650618 0.010259 0.239251
2 2 0.032415 0.116896 0.441377 0.005572 0.403741
4 2 0.051767 0.130496 0.324637 0.003195 0.489905
4 2 0.061855 0.142894 0.305304 0.002703 0.487246
4 2 0.123125 0.110244 0.153599 0.001619 0.611413
4 2 0.141677 0.101619 0.108935 0.000822 0.646947
4 2 0.096860 0.104942 0.170553 0.001408 0.626237
4 4 0.111363 0.097552 0.118673 0.000742 0.671669
4 4 0.174977 0.077743 0.042668 0.000160 0.704451
4 4 0.189681 0.067890 0.028263 0.000081 0.714084
4 4 0.213699 0.069737 0.028528 0.000085 0.687951
4 4 0.239678 0.072884 0.030231 0.000106 0.657101
4 4 0.374933 0.077032 0.030082 0.000169 0.517784
4 4 0.422897 0.071954 0.024972 0.000132 0.480045
4 4 0.406945 0.080663 0.033428 0.000242 0.478724
4 4 0.297108 0.089973 0.047326 0.000360 0.565232
4 4 0.235388 0.093144 0.056456 0.000431 0.614580
4 4 0.236028 0.080621 0.039094 0.000186 0.644071
4 4 0.132646 0.060711 0.025938 0.000184 0.780522
4 4 0.149934 0.056180 0.020126 0.000109 0.773651
4 4 0.085368 0.057604 0.029440 0.000249 0.827339
4 4 0.163865 0.048334 0.013388 0.000113 0.774300
4 4 0.166543 0.057183 0.019868 0.000290 0.756116
4 4 0.210128 0.058725 0.018914 0.000097 0.712135
4 4 0.248966 0.069591 0.026552 0.000107 0.654785
4 4 0.264907 0.074437 0.030586 0.000119 0.629951
4 4 0.251548 0.048662 0.011127 0.000039 0.688624
4 4 0.281598 0.057327 0.015777 0.000139 0.645159
4 4 0.119397 0.040907 0.010677 0.000209 0.828810
4 4 0.070787 0.041066 0.014627 0.001127 0.872394
4 4 0.062743 0.043212 0.017773 0.001157 0.875115
4 4 0.045715 0.036127 0.014125 0.001091 0.902943
4 4 0.097157 0.050735 0.020073 0.000614 0.831421
4 4 0.069558 0.037349 0.011808 0.000210 0.881076
4 4 0.119484 0.050610 0.017740 0.000076 0.812090
4 4 0.133106 0.064006 0.029451 0.000097 0.773341
4 4 0.207500 0.069152 0.028326 0.000090 0.694931
4 4 0.237622 0.060107 0.018941 0.000089 0.683241
4 4 0.196734 0.059958 0.020515 0.000115 0.722678
4 4 0.385654 0.076020 0.028963 0.000161 0.509202
0 4 0.471788 0.078132 0.030807 0.000257 0.419016
0 4 0.605864 0.064442 0.020510 0.000182 0.309001
0 4 0.628780 0.069690 0.025921 0.000355 0.275254
0 4 0.551750 0.115079 0.048842 0.000584 0.283745
0 4 0.467392 0.172816 0.088634 0.001126 0.270032
0 4 0.459237 0.154941 0.067210 0.000544 0.318068
4 4 0.335301 0.105992 0.050759 0.000344 0.507604
4 4 0.342712 0.089054 0.043770 0.000350 0.524113
4 4 0.227658 0.093471 0.057790 0.000442 0.620639
4 4 0.277622 0.096748 0.058432 0.000548 0.566650
4 4 0.116324 0.094039 0.092325 0.000740 0.696571
4 4 0.180158 0.107403 0.101846 0.001077 0.609515
4 4 0.152564 0.134234 0.177308 0.002234 0.533661
4 4 0.169424 0.193457 0.249124 0.002813 0.385182
4 4 0.188585 0.204446 0.271707 0.003549 0.331713
4 4 0.149658 0.200998 0.309247 0.003675 0.336422
4 4 0.217832 0.157394 0.170342 0.002144 0.452289
4 4 0.349755 0.101965 0.061930 0.000812 0.485538
0 4 0.594571 0.083110 0.039823 0.000971 0.281525
4 4 0.337858 0.077018 0.030752 0.000239 0.554133
4 4 0.355676 0.082885 0.035649 0.000225 0.525564
4 4 0.171424 0.120956 0.097518 0.000844 0.609259
4 4 0.100722 0.149026 0.234746 0.002665 0.512841
2 4 0.055964 0.153464 0.393812 0.005410 0.391351
4 4 0.068260 0.159542 0.346861 0.004907 0.420430
4 4 0.086846 0.161118 0.304777 0.004655 0.442604
4 4 0.141698 0.186157 0.211920 0.002866 0.457359
4 4 0.220043 0.174337 0.140963 0.001636 0.463021
4 4 0.275761 0.190357 0.134509 0.001521 0.397851
4 4 0.212339 0.225686 0.177693 0.001759 0.382523
2 4 0.057078 0.187958 0.437453 0.005396 0.312114
2 4 0.022050 0.156421 0.548603 0.005710 0.267215
2 4 0.010137 0.112168 0.596954 0.005645 0.275096
2 4 0.004025 0.071551 0.737985 0.009282 0.177157
2 4 0.004260 0.063216 0.770415 0.014419 0.147689
2 4 0.013837 0.099185 0.584053 0.008091 0.294834
2 4 0.026718 0.103796 0.438638 0.005921 0.424928
4 4 0.035683 0.084179 0.170628 0.001299 0.708212
0 4 0.823379 0.049356 0.011929 0.000164 0.115172
0 4 0.806690 0.061652 0.015366 0.000190 0.116102
0 4 0.725860 0.098365 0.033816 0.000546 0.141413
0 4 0.470376 0.224046 0.113396 0.001483 0.190698
4 4 0.300180 0.225577 0.160846 0.002142 0.311255
2 1 0.066065 0.217996 0.480841 0.008334 0.226763
2 1 0.014611 0.122236 0.695087 0.013384 0.154682
2 1 0.008066 0.072402 0.786103 0.031050 0.102378
2 1 0.003505 0.047486 0.853524 0.037037 0.058448
2 1 0.002820 0.036778 0.847706 0.042401 0.070297
2 1 0.001850 0.025261 0.864241 0.064508 0.044141
2 1 0.004297 0.037978 0.825139 0.052766 0.079819
2 2 0.006081 0.046332 0.768306 0.067179 0.112102
2 2 0.005890 0.052225 0.774483 0.039038 0.128364
2 2 0.004502 0.046337 0.763616 0.041910 0.143635
2 2 0.002927 0.040803 0.786020 0.026794 0.143456
2 2 0.003005 0.043231 0.755501 0.025631 0.172631
2 2 0.001983 0.032402 0.847118 0.032740 0.085757
2 2 0.001392 0.024131 0.856323 0.062413 0.055741
2 2 0.001608 0.023964 0.871665 0.061727 0.041036
2 2 0.001080 0.023186 0.881063 0.048874 0.045796
2 2 0.001453 0.020127 0.854110 0.095221 0.029089
2 2 0.001640 0.018510 0.829591 0.127671 0.022589
2 2 0.002292 0.020659 0.824538 0.131602 0.020909
2 2 0.001978 0.022744 0.868716 0.082091 0.024471
2 2 0.001092 0.014099 0.872361 0.101761 0.010687
2 2 0.001066 0.016065 0.891373 0.079449 0.012047
2 2 0.000559 0.008001 0.821870 0.163893 0.005677
2 2 0.000500 0.006716 0.760269 0.227511 0.005005
2 2 0.000667 0.006338 0.575751 0.412782 0.004462
3 2 0.000559 0.003524 0.361203 0.633050 0.001664
3 2 0.000764 0.004815 0.398434 0.593296 0.002691
2 2 0.001099 0.007054 0.517523 0.470044 0.004279
2 2 0.000913 0.006579 0.512920 0.475382 0.004206
3 2 0.001087 0.006453 0.415670 0.572590 0.004199
3 2 0.001170 0.004821 0.284790 0.706668 0.002551
3 3 0.001380 0.004798 0.226931 0.764194 0.002697
3 3 0.000626 0.002657 0.160304 0.834918 0.001494
3 3 0.000393 0.001753 0.111875 0.884966 0.001014
3 3 0.000331 0.001384 0.080638 0.916811 0.000837
3 3 0.001312 0.003383 0.106967 0.886153 0.002185
3 3 0.001502 0.003332 0.086497 0.906406 0.002263
3 3 0.002340 0.003866 0.068568 0.922383 0.002843
3 3 0.001057 0.001845 0.034512 0.961154 0.001433
3 3 0.001197 0.002085 0.039066 0.956050 0.001602
3 3 0.000436 0.000991 0.025773 0.972049 0.000752
3 3 0.000532 0.001248 0.034070 0.963234 0.000916
3 3 0.000183 0.000503 0.016525 0.982406 0.000383
3 3 0.000483 0.001121 0.030089 0.967473 0.000834
3 3 0.000561 0.001178 0.027782 0.969577 0.000901
3 3 0.000358 0.000733 0.016518 0.981801 0.000591
3 3 0.000449 0.000734 0.012347 0.985835 0.000635
3 3 0.000345 0.000589 0.010416 0.988137 0.000513
3 3 0.000198 0.000363 0.007005 0.992111 0.000323
3 3 0.000153 0.000271 0.004949 0.994377 0.000251
3 3 0.000117 0.000228 0.004709 0.994738 0.000208
3 3 0.000108 0.000232 0.005440 0.994016 0.000205
3 3 0.000144 0.000341 0.009143 0.990090 0.000282
3 3 0.000127 0.000324 0.009548 0.989737 0.000263
3 3 0.000127 0.000329 0.009918 0.989361 0.000265
3 3 0.000108 0.000284 0.008697 0.990680 0.000231
3 3 0.000168 0.000399 0.010752 0.988355 0.000325
3 3 0.000187 0.000395 0.009119 0.989965 0.000334
3 3 0.000288 0.000497 0.008893 0.989883 0.000438
3 3 0.000460 0.000654 0.009140 0.989148 0.000597
3 3 0.000339 0.000524 0.008140 0.990520 0.000476
3 3 0.000182 0.000343 0.006820 0.992351 0.000304
3 3 0.000187 0.000365 0.007615 0.991516 0.000318
3 3 0.000170 0.000345 0.007525 0.991661 0.000299
3 3 0.000235 0.000401 0.007050 0.991952 0.000362
3 3 0.000830 0.000983 0.010907 0.986365 0.000915
3 3 0.004819 0.004135 0.031214 0.956114 0.003718
3 3 0.064906 0.034840 0.151099 0.719520 0.029635
2 3 0.093915 0.066872 0.431222 0.362841 0.045150
2 3 0.113512 0.083646 0.474580 0.275663 0.052598
2 3 0.044987 0.045497 0.448281 0.432271 0.028964
3 3 0.007232 0.020060 0.474979 0.482536 0.015192
2 3 0.004531 0.018273 0.619132 0.344431 0.013633
2 3 0.002162 0.012320 0.760638 0.218791 0.006088
2 3 0.002382 0.015729 0.809250 0.166108 0.006531
2 3 0.007765 0.060568 0.784021 0.077049 0.070597
2 3 0.004477 0.047029 0.828472 0.071157 0.048864
2 2 0.005528 0.053723 0.803184 0.065475 0.072090
2 2 0.005736 0.056933 0.809538 0.046142 0.081651
2 2 0.009240 0.064910 0.790131 0.042461 0.093259
2 2 0.024026 0.087026 0.708265 0.042802 0.137882
2 2 0.034743 0.103734 0.676030 0.045551 0.139942
2 2 0.036479 0.116065 0.639849 0.034993 0.172614
2 2 0.018866 0.102494 0.659886 0.034771 0.183984
2 2 0.010208 0.080051 0.729382 0.055578 0.124781
2 2 0.004896 0.048184 0.779541 0.091054 0.076325
2 2 0.007676 0.061263 0.772129 0.044447 0.114485
2 2 0.010415 0.065765 0.764356 0.043828 0.115636
2 2 0.007000 0.056990 0.813027 0.043804 0.079179
2 2 0.008528 0.065073 0.804964 0.040944 0.080491
2 2 0.011406 0.075899 0.777838 0.037507 0.097351
2 2 0.010286 0.071199 0.799330 0.042684 0.076502
2 2 0.008133 0.051525 0.814098 0.068682 0.057561
2 2 0.009697 0.050266 0.797437 0.086454 0.056146
2 2 0.008432 0.037150 0.745764 0.177419 0.031235
2 2 0.002985 0.024455 0.772361 0.179651 0.020547
2 2 0.004651 0.034150 0.787062 0.145793 0.028344
2 2 0.005416 0.041322 0.832563 0.094938 0.025762
2 2 0.005799 0.059538 0.837396 0.054934 0.042332
2 2 0.009018 0.081195 0.778478 0.048244 0.083065
2 2 0.016647 0.120338 0.639298 0.025952 0.197766
2 2 0.015046 0.114579 0.624264 0.019582 0.226529
2 2 0.008953 0.081414 0.754629 0.043977 0.111026
2 2 0.008051 0.055667 0.792349 0.087346 0.056586
2 2 0.006306 0.033876 0.753444 0.177757 0.028618
2 2 0.004770 0.023980 0.723289 0.230301 0.017659
2 2 0.003441 0.014625 0.581149 0.390658 0.010127
3 2 0.002714 0.010098 0.437939 0.543214 0.006035
3 2 0.002199 0.008115 0.422497 0.563040 0.004149
2 2 0.008018 0.020452 0.579993 0.381548 0.009989
2 2 0.022091 0.035463 0.553695 0.369402 0.019349
3 2 0.030363 0.035605 0.431178 0.480476 0.022378
3 2 0.017734 0.023727 0.336298 0.607062 0.015179
3 2 0.017568 0.027467 0.393469 0.545954 0.015543
3 2 0.015198 0.018794 0.238190 0.715038 0.012779
2 2 0.003316 0.019086 0.511171 0.440892 0.025535
3 2 0.003348 0.018002 0.426441 0.527465 0.024745
3 2 0.004418 0.015810 0.300712 0.660032 0.019029
2 2 0.004881 0.022462 0.496666 0.448090 0.027900
2 2 0.005392 0.018830 0.492310 0.467478 0.015991
3 2 0.007645 0.018808 0.372366 0.585810 0.015372
3 2 0.004187 0.008379 0.190955 0.791045 0.005433
3 2 0.003202 0.007534 0.193740 0.790442 0.005082
3 2 0.005452 0.016433 0.345828 0.616896 0.015390
2 2 0.012997 0.041712 0.572630 0.312537 0.060124
2 2 0.012084 0.057896 0.733841 0.073400 0.122779
2 2 0.014318 0.076677 0.664647 0.019166 0.225193
2 2 0.025429 0.107421 0.483109 0.006056 0.377985
4 2 0.050974 0.112264 0.351209 0.004655 0.480898
4 4 0.063571 0.118075 0.295966 0.003382 0.519006
4 4 0.080975 0.100982 0.171773 0.001300 0.644970
4 4 0.166820 0.090241 0.064016 0.000386 0.678538
4 4 0.187872 0.084703 0.049157 0.000261 0.678006
4 4 0.242756 0.087079 0.046916 0.000289 0.622960
4 4 0.243771 0.079181 0.036869 0.000173 0.640006
4 4 0.071345 0.072995 0.068651 0.001683 0.785325
4 4 0.064234 0.066521 0.057099 0.001338 0.810807
4 4 0.092470 0.072049 0.051561 0.001366 0.782554
4 4 0.071093 0.051454 0.025020 0.000793 0.851641
4 4 0.097443 0.062305 0.033918 0.003156 0.803177
4 4 0.050744 0.039800 0.016657 0.001039 0.891760
4 4 0.056968 0.042912 0.018551 0.000721 0.880849
4 4 0.072177 0.057043 0.031818 0.000295 0.838668
4 4 0.105507 0.058321 0.026781 0.000243 0.809148
4 4 0.258026 0.065827 0.022824 0.000287 0.653036
4 4 0.196267 0.047361 0.011654 0.000091 0.744627
4 4 0.237171 0.065795 0.023607 0.000247 0.673179
4 4 0.212650 0.076809 0.036266 0.000438 0.673836
4 4 0.169702 0.059140 0.021347 0.000226 0.749585
4 4 0.103952 0.042942 0.012968 0.000141 0.839997
4 4 0.142155 0.050684 0.016164 0.000225 0.790773
4 4 0.128115 0.053881 0.019817 0.000239 0.797949
4 4 0.193215 0.049983 0.013355 0.000119 0.743328
4 4 0.256729 0.051610 0.012694 0.000146 0.678820
4 4 0.339981 0.063138 0.018784 0.000145 0.577953
0 4 0.491020 0.076584 0.029421 0.000250 0.402726
0 4 0.480422 0.078805 0.031563 0.000282 0.408929
0 4 0.493369 0.088568 0.031436 0.000210 0.386417
0 4 0.456999 0.141823 0.056838 0.000381 0.343959
0 4 0.457833 0.145362 0.063408 0.000523 0.332874
0 4 0.429381 0.145805 0.076649 0.000893 0.347272
4 4 0.341805 0.131628 0.081477 0.000992 0.444098
4 4 0.144519 0.107447 0.118354 0.001216 0.628465
4 4 0.131156 0.105961 0.121059 0.001187 0.640637
4 4 0.102507 0.103717 0.137984 0.001260 0.654533
4 4 0.121233 0.108579 0.139242 0.001494 0.629451
4 4 0.153467 0.115332 0.127545 0.001502 0.602154
4 4 0.159435 0.119146 0.138992 0.001901 0.580526
4 4 0.199026 0.128654 0.095792 0.000821 0.575707
4 4 0.169476 0.133899 0.095434 0.000609 0.600581
4 4 0.208252 0.135640 0.080473 0.000428 0.575207
