4 0 0.266051 0.075456 0.023465 0.000021 0.635008
0 0 0.604301 0.122691 0.036610 0.000158 0.236240
4 0 0.118175 0.035891 0.015995 0.000019 0.829920
4 0 0.444829 0.065810 0.023866 0.000073 0.465422
0 1 0.501382 0.296172 0.115139 0.006053 0.081254
0 1 0.533480 0.278331 0.113486 0.009314 0.065389
0 1 0.529451 0.287047 0.106383 0.005313 0.071806
0 0 0.754398 0.166418 0.053550 0.005642 0.019991
0 0 0.792767 0.134990 0.047733 0.009857 0.014653
0 0 0.893287 0.058433 0.019740 0.026970 0.001570
0 0 0.900645 0.058297 0.022312 0.012829 0.005916
0 0 0.837657 0.090563 0.039625 0.015836 0.016319
0 0 0.845120 0.078167 0.028574 0.001666 0.046472
0 0 0.829943 0.079021 0.026146 0.000705 0.064185
0 0 0.742555 0.166850 0.048247 0.001505 0.040843
0 1 0.485316 0.354336 0.108274 0.003734 0.048340
0 1 0.428300 0.390991 0.129268 0.006472 0.044969
0 1 0.477387 0.351851 0.119332 0.006898 0.044532
1 1 0.399212 0.405865 0.141792 0.008862 0.044270
1 1 0.282051 0.465980 0.179943 0.010291 0.061735
1 1 0.203821 0.441577 0.196775 0.006380 0.151447
1 1 0.200357 0.454623 0.197964 0.006293 0.140763
1 1 0.212362 0.460409 0.189437 0.005261 0.132531
1 1 0.209804 0.468694 0.191854 0.005587 0.124061
1 1 0.266361 0.428160 0.169494 0.004515 0.131470
1 1 0.270285 0.426422 0.164476 0.003845 0.134973
1 4 0.302647 0.397116 0.154159 0.003650 0.142428
0 4 0.365416 0.346761 0.137284 0.003645 0.146895
0 4 0.474754 0.245514 0.100789 0.002634 0.176309
0 4 0.399017 0.271318 0.115086 0.002656 0.211923
1 4 0.199351 0.326368 0.190068 0.003682 0.280531
1 4 0.190625 0.335125 0.219339 0.005370 0.249542
1 4 0.207576 0.330037 0.255970 0.009301 0.197116
2 4 0.156119 0.342710 0.353993 0.013326 0.133852
2 4 0.028501 0.163909 0.745790 0.024562 0.037238
2 4 0.025260 0.127751 0.787792 0.033012 0.026186
2 4 0.015269 0.063124 0.857267 0.054088 0.010252
2 4 0.012046 0.055197 0.875016 0.048375 0.009365
2 2 0.010724 0.039552 0.877520 0.067195 0.005010
2 2 0.012694 0.043349 0.866267 0.072531 0.005159
0 2 0.616700 0.116405 0.128260 0.088601 0.050033
0 2 0.583530 0.114167 0.104899 0.164326 0.033078
0 2 0.466331 0.122961 0.113789 0.259463 0.037457
0 4 0.591065 0.137983 0.101599 0.134226 0.035126
0 4 0.434881 0.156741 0.174070 0.209260 0.025048
2 4 0.109203 0.095190 0.499614 0.291149 0.004845
2 2 0.109954 0.094316 0.536976 0.254340 0.004415
2 2 0.091259 0.081405 0.506788 0.315724 0.004825
2 2 0.065953 0.068402 0.496045 0.365008 0.004592
2 2 0.035747 0.047025 0.570403 0.343689 0.003136
2 2 0.029062 0.041026 0.621484 0.306129 0.002300
2 2 0.020550 0.031955 0.719618 0.226740 0.001136
2 2 0.012215 0.022388 0.787723 0.177045 0.000629
2 2 0.017607 0.027063 0.728476 0.226129 0.000725
2 2 0.016281 0.024786 0.712829 0.245480 0.000625
2 2 0.019978 0.025419 0.579193 0.374725 0.000685
2 2 0.021825 0.027443 0.583350 0.366615 0.000768
2 2 0.022282 0.027835 0.560620 0.388399 0.000864
2 2 0.024759 0.031177 0.591924 0.351154 0.000985
2 2 0.023794 0.031504 0.683076 0.260855 0.000771
2 2 0.034813 0.040930 0.656793 0.266422 0.001041
2 2 0.038963 0.042655 0.680122 0.237465 0.000795
2 2 0.033290 0.037464 0.666168 0.262369 0.000708
2 2 0.020205 0.023958 0.590765 0.364623 0.000449
2 2 0.033891 0.034058 0.594821 0.336675 0.000555
2 2 0.038873 0.040583 0.636437 0.283350 0.000757
2 2 0.031012 0.035150 0.636501 0.296606 0.000730
2 2 0.037749 0.039342 0.648245 0.273999 0.000664
2 2 0.033041 0.036419 0.670817 0.259117 0.000607
2 2 0.028216 0.030734 0.692779 0.247910 0.000361
2 2 0.029688 0.030483 0.689894 0.249641 0.000295
2 2 0.016113 0.018890 0.695528 0.269314 0.000154
2 2 0.016053 0.018695 0.665412 0.299670 0.000170
2 2 0.015161 0.016165 0.544541 0.423972 0.000161
3 2 0.026809 0.022782 0.447255 0.502886 0.000268
3 2 0.026895 0.022515 0.394687 0.555571 0.000332
3 2 0.016432 0.014738 0.289657 0.678860 0.000312
3 2 0.021046 0.018854 0.343832 0.615890 0.000378
3 2 0.019818 0.019890 0.423675 0.536228 0.000389
2 2 0.021427 0.022525 0.527639 0.428056 0.000353
3 2 0.057208 0.032422 0.215341 0.694273 0.000757
3 2 0.057506 0.030293 0.186059 0.725457 0.000685
3 2 0.047654 0.031365 0.265063 0.655165 0.000752
3 2 0.038339 0.033517 0.375471 0.551615 0.001058
2 2 0.035093 0.035018 0.471297 0.457527 0.001065
2 2 0.050726 0.048375 0.495399 0.403851 0.001650
2 2 0.023743 0.031780 0.610110 0.333211 0.001156
2 2 0.020722 0.028961 0.553379 0.395516 0.001422
2 2 0.017867 0.028310 0.619524 0.332800 0.001499
2 2 0.020544 0.031774 0.636109 0.309918 0.001655
2 2 0.028190 0.039539 0.679297 0.251409 0.001565
2 2 0.026603 0.034420 0.561978 0.375447 0.001553
2 2 0.030220 0.035816 0.513484 0.418874 0.001606
3 2 0.021089 0.025205 0.388690 0.563562 0.001455
3 2 0.012008 0.017496 0.404332 0.565049 0.001115
3 2 0.010655 0.013738 0.306615 0.668207 0.000785
3 2 0.015198 0.016444 0.285098 0.682485 0.000774
3 2 0.019840 0.019474 0.310170 0.649826 0.000690
3 2 0.018055 0.019465 0.389959 0.571953 0.000569
3 2 0.017411 0.020736 0.471630 0.489636 0.000587
3 2 0.020132 0.022806 0.389503 0.566594 0.000965
3 2 0.013464 0.016436 0.387638 0.581872 0.000591
3 2 0.011399 0.014342 0.383050 0.590718 0.000491
3 2 0.015281 0.019844 0.462177 0.501956 0.000743
2 2 0.024566 0.030901 0.585229 0.358310 0.000994
2 2 0.021788 0.030409 0.619411 0.327240 0.001153
2 2 0.025009 0.032601 0.585937 0.355196 0.001257
2 2 0.029493 0.034533 0.537920 0.396796 0.001260
2 2 0.046016 0.049168 0.564258 0.338788 0.001770
2 2 0.043377 0.048605 0.573256 0.332823 0.001938
2 2 0.023638 0.031436 0.588810 0.354894 0.001222
2 2 0.019712 0.027409 0.586016 0.365806 0.001057
2 2 0.018391 0.026440 0.573312 0.380700 0.001157
2 2 0.041897 0.043116 0.484032 0.429200 0.001755
3 2 0.022458 0.027437 0.451223 0.497540 0.001342
2 2 0.019246 0.024209 0.479211 0.476371 0.000963
2 2 0.022873 0.028486 0.527467 0.420116 0.001058
2 2 0.027857 0.034438 0.620795 0.315903 0.001007
2 2 0.020980 0.026508 0.589990 0.361822 0.000699
2 2 0.032038 0.034653 0.568149 0.364319 0.000840
2 2 0.021509 0.031048 0.675539 0.270871 0.001034
2 2 0.018311 0.025911 0.611589 0.343313 0.000875
2 2 0.023076 0.032236 0.639402 0.304088 0.001198
2 2 0.024156 0.036215 0.673234 0.264730 0.001665
2 2 0.044154 0.054134 0.655469 0.244052 0.002190
2 2 0.047485 0.057176 0.655465 0.237567 0.002308
2 2 0.088576 0.082781 0.588776 0.236984 0.002884
2 2 0.063239 0.066081 0.632858 0.235671 0.002150
2 2 0.141916 0.096308 0.488484 0.271112 0.002180
2 2 0.192483 0.113393 0.428748 0.262113 0.003263
0 2 0.537675 0.182687 0.160761 0.112242 0.006634
0 2 0.797546 0.098974 0.043901 0.053556 0.006023
0 0 0.907632 0.054939 0.020259 0.012494 0.004676
0 0 0.905456 0.055595 0.021511 0.009982 0.007457
0 0 0.923531 0.046983 0.016191 0.009878 0.003416
0 0 0.833242 0.109857 0.036364 0.005075 0.015461
0 0 0.672926 0.230949 0.062689 0.002128 0.031308
0 0 0.841967 0.116060 0.030967 0.004295 0.006711
0 0 0.850948 0.092641 0.034460 0.008958 0.012992
0 0 0.759383 0.150567 0.057274 0.010622 0.022154
0 0 0.789651 0.097141 0.069179 0.032404 0.011626
0 0 0.792144 0.100996 0.057988 0.036589 0.012283
0 0 0.773166 0.130703 0.056602 0.017355 0.022174
0 0 0.840702 0.083488 0.039249 0.017854 0.018708
0 0 0.826140 0.089253 0.043312 0.019951 0.021345
0 0 0.757631 0.126001 0.062478 0.026054 0.027836
0 0 0.821899 0.092784 0.043067 0.030069 0.012181
0 0 0.884370 0.067472 0.026780 0.012870 0.008508
0 0 0.899939 0.058648 0.022440 0.013162 0.005811
0 0 0.889690 0.063500 0.025039 0.015307 0.006465
0 0 0.829150 0.081791 0.053867 0.015272 0.019920
0 0 0.887977 0.059030 0.025649 0.006760 0.020584
0 0 0.892978 0.054331 0.023528 0.005004 0.024159
0 0 0.894420 0.054219 0.023338 0.005119 0.022904
0 0 0.896484 0.055522 0.023496 0.006117 0.018381
0 0 0.861792 0.071802 0.033067 0.010796 0.022544
0 0 0.876656 0.065264 0.029008 0.008891 0.020182
0 0 0.846443 0.075255 0.038111 0.010467 0.029723
0 0 0.878506 0.059806 0.027002 0.005864 0.028822
0 0 0.860660 0.067688 0.033128 0.007780 0.030745
0 0 0.434693 0.254823 0.220990 0.037323 0.052171
0 1 0.378038 0.208057 0.297585 0.085553 0.030768
2 0 0.131409 0.195040 0.564266 0.090025 0.019260
2 0 0.093172 0.156465 0.626190 0.112007 0.012166
2 0 0.103353 0.103079 0.584513 0.200717 0.008338
2 0 0.351800 0.142222 0.358496 0.134414 0.013069
0 0 0.589847 0.136032 0.186539 0.069605 0.017977
0 0 0.794089 0.090810 0.065993 0.024461 0.024646
0 0 0.862840 0.065228 0.033691 0.014469 0.023772
0 0 0.865315 0.063789 0.031681 0.009498 0.029717
0 0 0.805282 0.070917 0.042644 0.010950 0.070207
0 0 0.744884 0.065393 0.042429 0.006637 0.140656
0 1 0.809794 0.061200 0.034759 0.005381 0.088865
0 1 0.887958 0.049360 0.021910 0.003101 0.037671
0 0 0.915103 0.046195 0.018475 0.004065 0.016162
0 0 0.923784 0.044074 0.016765 0.004440 0.010936
0 0 0.865054 0.074597 0.030989 0.022154 0.007206
0 0 0.827547 0.086874 0.035821 0.045568 0.004189
0 0 0.829895 0.086475 0.035818 0.043340 0.004472
0 0 0.845974 0.091155 0.033967 0.023852 0.005052
1 0 0.215473 0.533635 0.184348 0.005972 0.060573
1 0 0.167201 0.516412 0.218309 0.009360 0.088717
1 4 0.110220 0.447107 0.328780 0.013944 0.099949
2 4 0.063022 0.313952 0.516620 0.019459 0.086946
2 4 0.063596 0.329592 0.494376 0.017357 0.095079
2 4 0.077235 0.340002 0.455438 0.012946 0.114379
1 4 0.119329 0.392452 0.326081 0.008076 0.154061
1 4 0.153525 0.424839 0.251519 0.008430 0.161687
1 4 0.142531 0.442125 0.231535 0.009080 0.174729
1 4 0.142277 0.458028 0.234516 0.010865 0.154314
1 4 0.136060 0.457323 0.244935 0.013978 0.147705
1 4 0.107714 0.450242 0.295495 0.013021 0.133527
1 4 0.135203 0.455783 0.246128 0.014386 0.148501
1 4 0.178101 0.382662 0.206861 0.008735 0.223641
4 4 0.192483 0.269758 0.137974 0.002278 0.397506
4 4 0.223809 0.149729 0.078099 0.000861 0.547503
4 4 0.161602 0.048775 0.029974 0.000202 0.759446
4 4 0.087552 0.013571 0.013547 0.000156 0.885173
4 4 0.069855 0.013493 0.015778 0.000273 0.900600
4 4 0.060024 0.013371 0.017392 0.000396 0.908817
4 4 0.148850 0.019076 0.021274 0.000755 0.810046
4 4 0.206021 0.021030 0.014170 0.000107 0.758672
4 4 0.162748 0.019965 0.012406 0.000052 0.804829
4 4 0.076146 0.035184 0.030656 0.000318 0.857696
4 4 0.062929 0.022305 0.029707 0.001033 0.884026
4 4 0.095338 0.022012 0.026813 0.000948 0.854889
4 4 0.123286 0.019576 0.023412 0.000917 0.832809
4 4 0.131133 0.038729 0.027822 0.000240 0.802076
4 4 0.130221 0.098305 0.058171 0.000445 0.712858
4 4 0.183633 0.230145 0.120083 0.001663 0.464475
4 4 0.318145 0.204350 0.096327 0.001447 0.379731
0 4 0.391151 0.293082 0.129067 0.004171 0.182529
1 4 0.285930 0.340569 0.249013 0.007409 0.117078
0 4 0.318773 0.292834 0.238161 0.009047 0.141185
1 4 0.309398 0.358327 0.215102 0.010700 0.106473
0 4 0.422269 0.309758 0.141672 0.009234 0.117067
0 4 0.546495 0.241330 0.149317 0.015327 0.047531
0 0 0.662747 0.143375 0.142638 0.026261 0.024978
0 0 0.660500 0.168062 0.127663 0.023809 0.019965
0 0 0.770141 0.121719 0.071995 0.017210 0.018936
0 0 0.959774 0.026667 0.008012 0.002431 0.003116
0 0 0.965044 0.023475 0.006796 0.001853 0.002832
0 0 0.959890 0.026219 0.008001 0.002089 0.003801
0 0 0.939592 0.033782 0.012239 0.002109 0.012278
0 0 0.884084 0.058478 0.025935 0.005879 0.025623
0 0 0.745432 0.095348 0.055685 0.011630 0.091905
0 0 0.495534 0.170153 0.099710 0.008005 0.226597
0 0 0.565953 0.177579 0.088525 0.005630 0.162313
0 0 0.713408 0.114942 0.054374 0.003905 0.113371
0 0 0.793600 0.078695 0.037618 0.003426 0.086660
0 0 0.790633 0.085040 0.049540 0.007707 0.067081
0 0 0.813478 0.069601 0.037607 0.006469 0.072846
0 0 0.801092 0.078927 0.042724 0.008377 0.068880
0 0 0.838774 0.065713 0.034131 0.006622 0.054760
0 0 0.860620 0.067936 0.031973 0.007810 0.031661
0 0 0.820686 0.090001 0.050467 0.023660 0.015186
0 0 0.860807 0.076201 0.033328 0.018091 0.011574
0 0 0.864944 0.074708 0.031512 0.020424 0.008413
0 0 0.901884 0.057186 0.022504 0.010159 0.008267
0 0 0.883472 0.065969 0.027308 0.013600 0.009651
2 0 0.129528 0.345124 0.441238 0.035154 0.048955
2 0 0.094048 0.280455 0.565488 0.034673 0.025337
2 0 0.090883 0.285678 0.567635 0.031115 0.024690
2 1 0.109922 0.213417 0.581188 0.077481 0.017992
2 4 0.137618 0.184705 0.535614 0.128824 0.013239
2 4 0.173600 0.142743 0.446229 0.229604 0.007823
2 4 0.164630 0.161624 0.478481 0.185562 0.009703
2 4 0.157848 0.117844 0.429299 0.289124 0.005885
2 4 0.130331 0.106048 0.447139 0.310150 0.006332
2 2 0.160694 0.103685 0.456332 0.276770 0.002519
0 2 0.367347 0.122032 0.304993 0.203013 0.002615
0 2 0.725475 0.106610 0.083181 0.081138 0.003596
0 2 0.869375 0.069542 0.025714 0.032831 0.002538
0 2 0.750942 0.139715 0.058517 0.042115 0.008711
0 2 0.600540 0.238666 0.102090 0.040830 0.017875
0 2 0.526025 0.304125 0.120094 0.021241 0.028515
0 2 0.532426 0.260251 0.113507 0.009174 0.084642
1 2 0.316581 0.356357 0.223437 0.014385 0.089239
2 2 0.252519 0.277852 0.375566 0.031815 0.062249
0 2 0.315565 0.273552 0.311960 0.027006 0.071917
0 2 0.858988 0.074758 0.034135 0.012921 0.019199
0 2 0.869725 0.074516 0.030482 0.016374 0.008903
0 2 0.910894 0.052520 0.020226 0.008185 0.008175
0 2 0.902844 0.056585 0.022298 0.009669 0.008604
0 2 0.845033 0.097172 0.035872 0.010681 0.011243
0 0 0.554667 0.263505 0.117607 0.039273 0.024947
0 0 0.420366 0.362934 0.153449 0.024506 0.038746
1 0 0.240826 0.450834 0.206018 0.014891 0.087430
1 1 0.178351 0.358922 0.339232 0.027131 0.096363
2 1 0.074863 0.244893 0.577925 0.045268 0.057051
2 2 0.190371 0.199647 0.479482 0.087442 0.043058
0 2 0.364157 0.184304 0.339228 0.070350 0.041961
2 2 0.282894 0.217095 0.382025 0.091347 0.026639
2 2 0.270770 0.286571 0.353793 0.055426 0.033440
1 2 0.178420 0.389521 0.374737 0.024049 0.033274
2 2 0.224266 0.293062 0.390914 0.075918 0.015838
2 2 0.122203 0.137354 0.570474 0.164005 0.005964
2 2 0.120924 0.149855 0.562612 0.156902 0.009708
2 2 0.069512 0.093162 0.629117 0.200727 0.007481
2 2 0.049038 0.081802 0.697868 0.164270 0.007022
2 2 0.018260 0.038070 0.810068 0.130952 0.002650
2 2 0.012864 0.029690 0.841903 0.113754 0.001789
2 2 0.007692 0.020008 0.850272 0.120950 0.001078
2 2 0.007653 0.018382 0.822960 0.150188 0.000817
2 2 0.005032 0.014266 0.876121 0.104013 0.000567
2 2 0.003764 0.011450 0.875652 0.108693 0.000441
2 2 0.003017 0.009649 0.868290 0.118671 0.000373
2 2 0.003392 0.010564 0.875341 0.110305 0.000399
2 2 0.002783 0.009762 0.888578 0.098428 0.000448
2 2 0.003395 0.010821 0.849809 0.135436 0.000540
2 2 0.006668 0.015896 0.822990 0.153870 0.000576
2 2 0.017463 0.029678 0.811392 0.140683 0.000784
2 2 0.023562 0.034475 0.783026 0.158164 0.000773
2 2 0.023736 0.033159 0.739467 0.202863 0.000776
2 2 0.029897 0.040339 0.737169 0.191533 0.001062
2 2 0.037333 0.045692 0.702507 0.213274 0.001195
2 2 0.052948 0.057654 0.684712 0.203263 0.001424
2 2 0.037926 0.046977 0.733626 0.180358 0.001113
2 2 0.031550 0.042907 0.756715 0.167716 0.001112
2 2 0.042762 0.060776 0.747220 0.147542 0.001699
2 2 0.062607 0.096701 0.715273 0.121982 0.003438
2 2 0.063233 0.065115 0.654617 0.215270 0.001766
2 2 0.052174 0.060054 0.685185 0.200722 0.001866
2 2 0.044054 0.053081 0.711711 0.189684 0.001469
2 2 0.069434 0.068350 0.626695 0.233586 0.001935
2 2 0.082674 0.077808 0.603890 0.233213 0.002415
2 2 0.049144 0.055540 0.633570 0.259785 0.001960
2 2 0.016144 0.027294 0.733353 0.222218 0.000991
2 2 0.012000 0.021364 0.715140 0.250749 0.000746
2 2 0.011316 0.020458 0.711226 0.256274 0.000726
2 2 0.006244 0.013640 0.743486 0.236164 0.000465
2 2 0.012780 0.017812 0.597368 0.371660 0.000381
2 2 0.043720 0.043520 0.630646 0.281344 0.000771
2 2 0.071299 0.063360 0.627691 0.236489 0.001161
2 2 0.062251 0.064544 0.657303 0.214150 0.001751
2 2 0.091113 0.077653 0.587199 0.242170 0.001864
2 2 0.104244 0.081718 0.539683 0.272362 0.001993
2 4 0.054763 0.058026 0.654706 0.230962 0.001544
2 4 0.058069 0.054443 0.537243 0.348623 0.001622
2 4 0.095305 0.073490 0.490734 0.338480 0.001991
2 4 0.025567 0.038070 0.751812 0.183342 0.001209
2 4 0.043661 0.052611 0.713127 0.189168 0.001432
2 4 0.027496 0.040079 0.743500 0.187611 0.001314
2 2 0.040298 0.049403 0.724948 0.184101 0.001251
2 2 0.034563 0.045416 0.745211 0.173622 0.001189
2 2 0.038558 0.047434 0.731407 0.181478 0.001123
2 2 0.023535 0.031619 0.720419 0.223750 0.000677
2 2 0.068651 0.057203 0.604482 0.268811 0.000853
0 2 0.385871 0.116709 0.246110 0.249912 0.001397
0 2 0.602078 0.116006 0.116631 0.163464 0.001821
0 2 0.779236 0.095950 0.039030 0.083350 0.002435
0 2 0.722455 0.155568 0.059946 0.057170 0.004861
0 2 0.726553 0.180785 0.062264 0.021939 0.008459
0 2 0.697764 0.180268 0.070852 0.042666 0.008449
0 2 0.709165 0.157056 0.095866 0.021116 0.016797
0 0 0.731987 0.103509 0.116560 0.035686 0.012258
0 0 0.904479 0.056167 0.021749 0.010117 0.007488
0 0 0.864256 0.078991 0.032022 0.014313 0.010418
0 1 0.680048 0.223179 0.070903 0.016312 0.009558
0 1 0.475790 0.376415 0.117397 0.015592 0.014804
2 2 0.014255 0.028914 0.818500 0.137048 0.001284
2 2 0.020819 0.034424 0.797881 0.145811 0.001065
2 2 0.024881 0.038157 0.767935 0.167801 0.001226
2 2 0.019150 0.032102 0.785051 0.162660 0.001038
2 2 0.019894 0.030227 0.728719 0.220271 0.000889
2 2 0.025297 0.034659 0.734547 0.204676 0.000820
2 2 0.070449 0.066217 0.637337 0.224535 0.001462
2 2 0.093643 0.079655 0.581060 0.243631 0.002011
2 2 0.109880 0.126626 0.617113 0.143078 0.003303
2 2 0.095953 0.186711 0.649134 0.062083 0.006119
2 2 0.092629 0.214290 0.640911 0.044836 0.007333
2 2 0.134836 0.231991 0.566731 0.059732 0.006710
2 2 0.129255 0.152686 0.583732 0.129833 0.004494
2 2 0.045642 0.054061 0.706617 0.192201 0.001479
2 2 0.013396 0.024141 0.688073 0.273225 0.001164
2 2 0.008356 0.017613 0.746364 0.226940 0.000727
2 2 0.011229 0.021163 0.769583 0.197353 0.000671
2 2 0.056288 0.052229 0.679075 0.211715 0.000693
2 2 0.179950 0.103697 0.433191 0.281151 0.002011
0 2 0.412626 0.143481 0.184745 0.255074 0.004074
2 2 0.073348 0.069798 0.628719 0.226361 0.001774
2 2 0.129681 0.091469 0.510610 0.266239 0.002001
2 2 0.164313 0.164756 0.526370 0.140482 0.004079
2 2 0.134028 0.140953 0.572410 0.149010 0.003599
2 2 0.118971 0.130680 0.594849 0.151862 0.003639
2 2 0.095696 0.134882 0.652673 0.112687 0.004062
2 2 0.088307 0.111443 0.661651 0.135709 0.002891
2 2 0.048816 0.054599 0.697542 0.197739 0.001304
2 2 0.028056 0.040402 0.770435 0.160006 0.001100
2 2 0.020681 0.033651 0.803118 0.141619 0.000931
2 2 0.007446 0.018209 0.881535 0.092243 0.000567
2 2 0.003061 0.009859 0.897807 0.088952 0.000321
2 2 0.002239 0.008245 0.908134 0.081075 0.000307
2 2 0.002181 0.007661 0.893518 0.096390 0.000251
2 2 0.002140 0.007168 0.857572 0.132882 0.000237
2 2 0.003988 0.009897 0.787227 0.198614 0.000274
2 2 0.009628 0.017391 0.730490 0.242033 0.000457
2 2 0.010914 0.017630 0.641522 0.329440 0.000495
2 2 0.007949 0.014110 0.594767 0.382668 0.000505
2 2 0.012442 0.018090 0.534901 0.433958 0.000609
2 2 0.005266 0.015069 0.860899 0.118029 0.000737
2 2 0.016818 0.028061 0.778496 0.175832 0.000793
2 2 0.029509 0.037475 0.697575 0.234531 0.000910
2 2 0.019345 0.024638 0.623863 0.331634 0.000519
2 2 0.092784 0.060733 0.515841 0.329975 0.000667
2 2 0.196241 0.101264 0.409728 0.291330 0.001436
0 2 0.424457 0.152494 0.214400 0.204512 0.004137
2 2 0.275198 0.298376 0.335040 0.078849 0.012538
1 2 0.267452 0.397115 0.272548 0.038969 0.023916
1 2 0.272820 0.399792 0.261054 0.039494 0.026840
2 2 0.075008 0.182453 0.675786 0.055999 0.010754
2 2 0.034234 0.051044 0.742416 0.169948 0.002358
2 2 0.012272 0.023480 0.752115 0.211158 0.000974
2 2 0.012255 0.023104 0.772345 0.191491 0.000805
2 2 0.015019 0.026150 0.779747 0.178305 0.000779
2 2 0.017396 0.029119 0.752977 0.199510 0.000998
2 2 0.016497 0.028665 0.734963 0.218674 0.001200
2 2 0.016397 0.031830 0.777372 0.172660 0.001741
2 2 0.007778 0.018903 0.802013 0.170285 0.001020
2 2 0.009952 0.019958 0.746992 0.222284 0.000814
2 2 0.017903 0.024425 0.621595 0.335429 0.000647
2 2 0.030463 0.032403 0.585054 0.351449 0.000631
2 2 0.054695 0.047446 0.552383 0.344617 0.000859
2 2 0.027137 0.029307 0.554657 0.388285 0.000614
2 2 0.025840 0.025959 0.516284 0.431474 0.000443
2 2 0.048269 0.041406 0.532624 0.377022 0.000680
2 2 0.165131 0.094186 0.455440 0.283879 0.001364
2 2 0.181025 0.104087 0.442438 0.270286 0.002164
0 2 0.294827 0.137899 0.284962 0.278401 0.003910
0 2 0.362540 0.248508 0.256863 0.123316 0.008772
0 2 0.451899 0.335919 0.151162 0.048194 0.012826
0 2 0.473383 0.339903 0.141125 0.028357 0.017231
2 2 0.187204 0.299596 0.442465 0.057256 0.013479
2 2 0.039206 0.070797 0.768720 0.118086 0.003190
2 2 0.029970 0.049087 0.760070 0.158257 0.002615
2 2 0.030530 0.048989 0.755890 0.162020 0.002571
2 2 0.034661 0.053319 0.739295 0.169810 0.002915
2 2 0.038269 0.052712 0.728836 0.178105 0.002077
2 2 0.056844 0.065918 0.669398 0.205327 0.002513
2 2 0.048301 0.060729 0.694849 0.193673 0.002448
2 2 0.006022 0.018358 0.892451 0.082073 0.001097
2 2 0.005100 0.015132 0.856885 0.122021 0.000862
2 2 0.003949 0.012243 0.818602 0.164422 0.000785
2 2 0.003690 0.011865 0.829106 0.154563 0.000776
2 2 0.004222 0.013322 0.839383 0.142183 0.000890
2 2 0.001908 0.008014 0.869722 0.119758 0.000598
2 2 0.001138 0.005614 0.894724 0.098147 0.000378
2 2 0.001050 0.005127 0.888937 0.104576 0.000310
2 2 0.001354 0.005887 0.876448 0.115994 0.000317
2 2 0.001102 0.004575 0.822063 0.172047 0.000213
2 2 0.001051 0.004147 0.764463 0.230145 0.000193
2 2 0.001297 0.004377 0.730598 0.263575 0.000153
2 2 0.001461 0.004819 0.757168 0.236396 0.000156
2 2 0.001358 0.004800 0.819753 0.173949 0.000141
2 2 0.001055 0.004148 0.850314 0.144363 0.000120
2 2 0.000714 0.002986 0.794450 0.201755 0.000094
2 2 0.000944 0.003207 0.663419 0.332326 0.000104
2 2 0.001072 0.003192 0.550723 0.444901 0.000111
2 2 0.001762 0.004517 0.560085 0.433490 0.000145
2 2 0.001902 0.005317 0.668130 0.324479 0.000172
3 2 0.003126 0.005256 0.289439 0.701948 0.000232
3 3 0.005044 0.007395 0.340151 0.647181 0.000230
3 3 0.006291 0.008963 0.374852 0.609630 0.000263
3 3 0.004398 0.006709 0.345992 0.642699 0.000202
3 3 0.005453 0.008200 0.408709 0.577427 0.000211
3 3 0.006095 0.009589 0.490723 0.493364 0.000228
3 3 0.004232 0.006921 0.460092 0.528612 0.000143
3 3 0.003473 0.005638 0.402057 0.588713 0.000119
3 3 0.003805 0.005433 0.317981 0.672661 0.000119
3 3 0.003071 0.004319 0.261269 0.731240 0.000101
3 3 0.001008 0.001726 0.180837 0.816380 0.000049
3 3 0.001212 0.002076 0.221502 0.775160 0.000050
3 3 0.002167 0.003375 0.276580 0.717806 0.000071
3 3 0.003118 0.004289 0.273449 0.719060 0.000084
3 3 0.003488 0.004237 0.233528 0.758673 0.000075
3 3 0.004577 0.005386 0.266452 0.723495 0.000090
3 3 0.008386 0.009483 0.377424 0.604569 0.000137
3 3 0.008599 0.009881 0.411267 0.570122 0.000131
3 3 0.007246 0.008776 0.404989 0.578867 0.000123
3 3 0.006171 0.008245 0.451551 0.533919 0.000115
3 3 0.025510 0.022898 0.382523 0.568602 0.000468
3 3 0.023754 0.018879 0.295410 0.661603 0.000354
3 3 0.036607 0.025212 0.297357 0.640405 0.000418
3 3 0.022884 0.017973 0.292075 0.666757 0.000311
3 3 0.026156 0.019621 0.284571 0.669307 0.000345
3 3 0.032118 0.021947 0.281751 0.663850 0.000333
3 3 0.034464 0.024351 0.306264 0.634525 0.000395
3 3 0.028383 0.020985 0.301148 0.649144 0.000340
3 3 0.014486 0.013493 0.313507 0.658271 0.000244
3 3 0.014176 0.012756 0.288312 0.684527 0.000229
3 3 0.013979 0.012781 0.287016 0.685980 0.000245
3 3 0.041431 0.025877 0.251242 0.680993 0.000457
3 3 0.082103 0.041409 0.230447 0.645274 0.000768
3 3 0.168924 0.076368 0.261167 0.492035 0.001506
3 0 0.205787 0.102831 0.316474 0.372413 0.002496
2 2 0.208287 0.122556 0.382408 0.282881 0.003868
2 2 0.279011 0.204027 0.345410 0.164196 0.007356
2 2 0.155450 0.210648 0.522878 0.101208 0.009817
2 2 0.099293 0.169030 0.638356 0.086247 0.007074
2 2 0.057460 0.076088 0.699203 0.164460 0.002789
2 2 0.082982 0.168853 0.664873 0.074000 0.009292
2 2 0.041375 0.107128 0.780050 0.065295 0.006153
2 2 0.051507 0.122222 0.750780 0.068931 0.006559
2 2 0.044610 0.151573 0.758215 0.036867 0.008735
2 1 0.040911 0.229765 0.698568 0.014107 0.016649
2 4 0.097660 0.403967 0.452326 0.013417 0.032631
2 4 0.082083 0.300297 0.556357 0.026075 0.035188
1 4 0.161885 0.415818 0.331711 0.016312 0.074275
1 4 0.299214 0.340377 0.223316 0.011755 0.125338
0 4 0.372966 0.250690 0.173496 0.006585 0.196262
0 4 0.393787 0.249677 0.149739 0.006025 0.200773
0 4 0.440563 0.194111 0.103156 0.004682 0.257488
0 4 0.385871 0.160254 0.086250 0.002423 0.365203
4 4 0.175801 0.095059 0.067770 0.001365 0.660005
4 4 0.077907 0.047323 0.044261 0.000745 0.829764
4 4 0.090147 0.061786 0.046970 0.000480 0.800617
4 4 0.114769 0.063643 0.035744 0.000143 0.785701
4 4 0.197214 0.095908 0.045703 0.000215 0.660960
4 4 0.260227 0.124965 0.057233 0.000363 0.557211
4 4 0.221653 0.251908 0.123877 0.001824 0.400739
4 4 0.102333 0.056102 0.043240 0.000491 0.797834
4 4 0.090457 0.051316 0.046881 0.000870 0.810476
4 4 0.123956 0.075662 0.048203 0.000385 0.751794
4 4 0.195376 0.092286 0.045450 0.000237 0.666650
4 4 0.271109 0.183604 0.086239 0.000904 0.458144
1 4 0.278028 0.299820 0.130624 0.002013 0.289515
0 4 0.482730 0.231127 0.096967 0.002579 0.186597
0 4 0.560544 0.216468 0.084243 0.002427 0.136318
0 4 0.485211 0.282326 0.103115 0.002494 0.126854
0 4 0.441006 0.328514 0.119852 0.003455 0.107173
0 4 0.427172 0.368151 0.124227 0.003760 0.076690
0 4 0.459931 0.315867 0.115416 0.003446 0.105339
1 4 0.313277 0.319608 0.139809 0.003183 0.224124
4 4 0.178700 0.184081 0.101146 0.001346 0.534727
4 4 0.145683 0.102134 0.056906 0.000397 0.694880
4 4 0.094419 0.078291 0.047330 0.000243 0.779718
4 4 0.092249 0.080869 0.045936 0.000185 0.780761
4 4 0.138523 0.110004 0.053906 0.000228 0.697338
4 4 0.300934 0.086848 0.041694 0.000297 0.570227
0 4 0.432184 0.131137 0.061199 0.000902 0.374577
4 4 0.314069 0.209415 0.091093 0.000962 0.384461
4 4 0.339656 0.209946 0.089742 0.000993 0.359663
0 4 0.485044 0.255500 0.090953 0.001414 0.167089
0 4 0.396304 0.283528 0.112642 0.002062 0.205464
0 4 0.453992 0.296520 0.116870 0.003760 0.128858
1 4 0.339357 0.344801 0.148057 0.004733 0.163052
1 4 0.292377 0.343926 0.149047 0.003425 0.211225
1 4 0.262487 0.330220 0.147238 0.002847 0.257207
1 4 0.221121 0.359962 0.163549 0.003252 0.252115
1 4 0.249846 0.329948 0.147602 0.002665 0.269940
1 4 0.266657 0.376674 0.159229 0.003529 0.193910
1 4 0.277135 0.379980 0.162166 0.004253 0.176466
1 4 0.228583 0.418464 0.183256 0.005323 0.164374
1 4 0.159026 0.435711 0.225770 0.006734 0.172760
1 4 0.128335 0.419815 0.241875 0.006887 0.203089
1 4 0.140924 0.380036 0.296290 0.009067 0.173684
1 0 0.151866 0.347864 0.218104 0.004729 0.277436
1 0 0.229865 0.396692 0.174953 0.003781 0.194709
1 0 0.363629 0.392704 0.136424 0.003138 0.104106
1 0 0.404609 0.441531 0.115389 0.002750 0.035722
1 0 0.305422 0.546160 0.129020 0.004651 0.014748
1 0 0.373984 0.474643 0.123536 0.004431 0.023406
0 0 0.462739 0.403195 0.105947 0.004125 0.023993
0 0 0.524524 0.359308 0.088894 0.002696 0.024578
1 0 0.419297 0.448571 0.103896 0.002124 0.026112
1 0 0.308235 0.512538 0.138324 0.003195 0.037708
1 0 0.232589 0.395103 0.327993 0.018192 0.026122
1 0 0.304827 0.387371 0.266917 0.012330 0.028555
0 0 0.450948 0.305952 0.207357 0.013479 0.022264
0 0 0.694159 0.179443 0.093013 0.008868 0.024518
0 0 0.796806 0.133796 0.045979 0.007925 0.015494
0 0 0.774617 0.147029 0.051916 0.009125 0.017314
0 0 0.665516 0.241371 0.069277 0.005219 0.018617
0 0 0.519061 0.355416 0.098527 0.005528 0.021469
1 0 0.428232 0.434134 0.113086 0.005237 0.019312
0 0 0.631093 0.271266 0.074096 0.004476 0.019069
0 0 0.740350 0.183891 0.055226 0.006487 0.014046
0 0 0.918823 0.053437 0.017031 0.006799 0.003910
0 0 0.955569 0.029649 0.008716 0.004111 0.001955
0 0 0.961818 0.025994 0.007311 0.003208 0.001669
0 0 0.624810 0.234042 0.075072 0.002348 0.063727
0 0 0.611100 0.266147 0.078799 0.002901 0.041052
0 0 0.717171 0.186261 0.055482 0.002112 0.038974
0 0 0.733043 0.163289 0.054551 0.002699 0.046418
0 0 0.718290 0.182157 0.057495 0.002752 0.039307
0 0 0.731074 0.182121 0.052278 0.002068 0.032458
0 0 0.772325 0.143293 0.039957 0.000962 0.043462
0 0 0.816145 0.123503 0.036184 0.002144 0.022023
0 0 0.851851 0.098233 0.030477 0.002914 0.016526
0 0 0.875725 0.084097 0.025594 0.003182 0.011401
0 0 0.858370 0.092441 0.030942 0.005091 0.013155
0 0 0.742278 0.151952 0.064572 0.018471 0.022728
0 0 0.691956 0.182684 0.077273 0.015115 0.032972
0 0 0.589527 0.235970 0.100681 0.010274 0.063548
0 0 0.552531 0.294518 0.101787 0.006471 0.044693
0 0 0.515766 0.328291 0.108034 0.005973 0.041936
0 1 0.502813 0.345194 0.108808 0.005660 0.037525
0 1 0.576272 0.297549 0.089954 0.004851 0.031375
0 1 0.609136 0.270515 0.081926 0.004021 0.034401
0 1 0.609734 0.286614 0.075788 0.003019 0.024845
1 1 0.112481 0.527698 0.301259 0.006816 0.051746
1 1 0.164276 0.497170 0.274540 0.007509 0.056504
1 1 0.132889 0.450621 0.350604 0.007000 0.058886
1 1 0.137202 0.455062 0.325405 0.006615 0.075716
1 4 0.128892 0.444073 0.319781 0.008290 0.098964
1 4 0.077418 0.412279 0.405042 0.011333 0.093929
2 4 0.041535 0.311004 0.536429 0.010660 0.100371
2 4 0.017512 0.163697 0.754493 0.012226 0.052072
2 4 0.014152 0.112249 0.821873 0.018758 0.032968
2 4 0.010703 0.080051 0.866868 0.022219 0.020159
2 2 0.018383 0.111213 0.820667 0.026332 0.023405
2 2 0.025416 0.140043 0.780223 0.027061 0.027257
2 2 0.034241 0.206559 0.698691 0.019050 0.041459
2 2 0.046719 0.274298 0.614203 0.015524 0.049256
2 2 0.029859 0.213867 0.699291 0.014051 0.042932
2 2 0.040205 0.282542 0.608818 0.011680 0.056756
2 2 0.034525 0.232832 0.668572 0.014854 0.049217
2 2 0.022997 0.179301 0.751086 0.013247 0.033368
2 2 0.017765 0.142778 0.796642 0.014447 0.028368
2 2 0.009863 0.090590 0.865747 0.014253 0.019547
2 2 0.073513 0.374675 0.445037 0.010214 0.096561
2 2 0.039482 0.248969 0.651961 0.014980 0.044607
2 2 0.051637 0.278245 0.603089 0.017523 0.049507
2 2 0.053333 0.219674 0.655169 0.027110 0.044714
2 2 0.035739 0.183972 0.714271 0.026946 0.039072
2 2 0.023035 0.121747 0.801722 0.030502 0.022993
2 2 0.012792 0.084501 0.854643 0.026819 0.021245
2 2 0.013193 0.109785 0.830844 0.016896 0.029282
2 2 0.009577 0.067016 0.881149 0.025955 0.016303
2 2 0.005350 0.039640 0.921850 0.025290 0.007870
2 2 0.007233 0.055355 0.903850 0.022198 0.011364
2 2 0.013795 0.091018 0.853468 0.023934 0.017785
2 2 0.020416 0.119917 0.809701 0.026239 0.023727
2 2 0.030699 0.202967 0.707787 0.016722 0.041825
2 2 0.031117 0.198162 0.712295 0.017996 0.040430
2 2 0.035145 0.262683 0.634254 0.011473 0.056445
2 2 0.023871 0.196421 0.720139 0.012467 0.047103
2 2 0.012958 0.121171 0.819960 0.013363 0.032548
2 2 0.005517 0.051704 0.911822 0.017534 0.013424
2 2 0.003098 0.027217 0.940235 0.022654 0.006797
2 2 0.135125 0.293903 0.486138 0.021446 0.063387
0 2 0.514562 0.250815 0.154944 0.012764 0.066915
0 2 0.739664 0.158668 0.058437 0.005398 0.037834
0 2 0.789689 0.128408 0.046127 0.004466 0.031309
0 0 0.832339 0.118004 0.032681 0.002330 0.014646
0 0 0.797924 0.152393 0.038160 0.003744 0.007779
0 0 0.715338 0.218438 0.053405 0.007105 0.005714
0 0 0.761101 0.181345 0.045432 0.005875 0.006247
0 0 0.798958 0.151307 0.037366 0.002759 0.009610
0 0 0.844889 0.111108 0.029302 0.001930 0.012771
0 0 0.864942 0.088999 0.027146 0.002330 0.016583
0 0 0.925660 0.043106 0.015905 0.003329 0.012000
0 0 0.926310 0.041122 0.015726 0.003313 0.013529
0 0 0.927089 0.041579 0.015744 0.003644 0.011945
0 0 0.883594 0.064514 0.026158 0.005377 0.020358
0 0 0.806568 0.121623 0.040850 0.003364 0.027594
0 0 0.730046 0.173254 0.056532 0.003299 0.036868
0 1 0.706853 0.207570 0.060394 0.004132 0.021052
0 1 0.628195 0.269643 0.077180 0.005544 0.019438
0 1 0.464850 0.398094 0.110223 0.006303 0.020531
1 1 0.196432 0.502133 0.223558 0.015263 0.062615
1 1 0.201718 0.491049 0.228790 0.015613 0.062831
1 1 0.165516 0.503680 0.247456 0.013275 0.070073
2 2 0.066540 0.393428 0.456698 0.010197 0.073138
1 2 0.066721 0.432325 0.408938 0.007633 0.084383
2 2 0.042376 0.292284 0.581468 0.012279 0.071593
2 2 0.061104 0.330806 0.510091 0.015053 0.082947
2 2 0.077058 0.316107 0.515558 0.024424 0.066853
2 2 0.073996 0.322321 0.511203 0.021990 0.070490
1 4 0.135379 0.446923 0.299415 0.014101 0.104182
2 4 0.088150 0.373237 0.448442 0.018276 0.071896
2 4 0.057596 0.310972 0.557523 0.015867 0.058042
2 2 0.074018 0.343865 0.504967 0.017460 0.059689
1 2 0.119722 0.414936 0.378419 0.019389 0.067533
1 2 0.182505 0.468155 0.268830 0.019491 0.061019
1 2 0.257448 0.455413 0.207640 0.026327 0.053171
1 4 0.302853 0.451864 0.184958 0.026039 0.034286
1 4 0.333230 0.439632 0.172428 0.023442 0.031268
1 4 0.336209 0.449933 0.166287 0.022802 0.024770
1 2 0.199855 0.400888 0.347742 0.029629 0.021886
2 2 0.082163 0.280787 0.589269 0.026692 0.021088
2 2 0.045492 0.136598 0.765275 0.045456 0.007179
2 2 0.035371 0.121346 0.796031 0.040205 0.007047
2 2 0.038898 0.117200 0.785610 0.051086 0.007206
2 2 0.039159 0.110150 0.786321 0.057762 0.006609
2 2 0.049312 0.140809 0.746110 0.053820 0.009950
2 2 0.064868 0.194987 0.685149 0.041476 0.013520
2 2 0.067835 0.179737 0.689125 0.051575 0.011729
2 2 0.075764 0.177087 0.674862 0.061364 0.010923
2 2 0.054958 0.147002 0.729376 0.058258 0.010406
2 2 0.042120 0.143514 0.759173 0.043129 0.012064
2 2 0.034375 0.120617 0.792425 0.043211 0.009372
2 2 0.062235 0.184865 0.694759 0.044534 0.013607
2 2 0.092592 0.274434 0.583416 0.031912 0.017647
2 2 0.106391 0.275854 0.565471 0.036765 0.015520
2 2 0.127188 0.327411 0.494688 0.031343 0.019369
2 2 0.097136 0.275089 0.574669 0.034556 0.018549
2 2 0.121485 0.317600 0.498934 0.035517 0.026465
2 4 0.194732 0.289029 0.440791 0.037934 0.037513
2 0 0.254462 0.236125 0.426005 0.049248 0.034160
1 0 0.303657 0.378622 0.169843 0.007413 0.140465
1 0 0.330404 0.347876 0.149127 0.004524 0.168070
1 0 0.322119 0.381760 0.164816 0.007262 0.124043
1 1 0.191424 0.447333 0.235414 0.009783 0.116045
2 1 0.077641 0.405810 0.437847 0.011417 0.067285
2 1 0.069302 0.322754 0.539530 0.017721 0.050693
2 2 0.041957 0.252526 0.649665 0.015429 0.040423
2 2 0.046619 0.203208 0.695419 0.028208 0.026546
2 2 0.024247 0.117381 0.812374 0.031071 0.014927
2 2 0.015373 0.076357 0.866851 0.032974 0.008445
2 2 0.008487 0.043626 0.906295 0.036687 0.004904
2 2 0.004905 0.024834 0.922623 0.044558 0.003080
2 2 0.005379 0.027153 0.919892 0.044153 0.003424
2 2 0.004189 0.021030 0.922246 0.049504 0.003030
2 2 0.003262 0.019116 0.935811 0.039078 0.002733
2 2 0.003333 0.019180 0.934661 0.040108 0.002719
2 2 0.004300 0.018973 0.912136 0.061909 0.002681
2 2 0.004443 0.022068 0.920683 0.049661 0.003145
2 2 0.003472 0.019431 0.930520 0.043522 0.003055
2 2 0.001959 0.010337 0.937725 0.048773 0.001207
2 2 0.002046 0.011597 0.935139 0.049200 0.002017
2 2 0.003367 0.015174 0.917415 0.061962 0.002082
2 2 0.011774 0.038586 0.863083 0.081622 0.004935
2 2 0.006515 0.029918 0.907890 0.051647 0.004030
2 2 0.012291 0.051229 0.879422 0.050869 0.006189
2 2 0.014123 0.064693 0.869010 0.043128 0.009046
2 2 0.018311 0.106287 0.836664 0.024449 0.014289
2 2 0.007594 0.050818 0.908714 0.025283 0.007590
2 2 0.004910 0.025537 0.921412 0.044520 0.003620
2 2 0.004840 0.030072 0.928058 0.032558 0.004472
2 2 0.003902 0.022778 0.933558 0.036756 0.003007
2 2 0.004749 0.020001 0.912701 0.060336 0.002212
2 2 0.003191 0.013778 0.920626 0.060984 0.001421
2 2 0.004247 0.017035 0.910488 0.066423 0.001806
2 2 0.004906 0.018321 0.901051 0.073747 0.001976
2 2 0.004831 0.021423 0.915197 0.056023 0.002526
2 2 0.005750 0.025579 0.912161 0.053514 0.002996
2 2 0.006407 0.026017 0.901969 0.062461 0.003146
2 2 0.007944 0.028187 0.891764 0.069455 0.002650
2 2 0.010082 0.027110 0.858902 0.101734 0.002172
2 2 0.008722 0.053836 0.900393 0.028782 0.008267
2 2 0.009959 0.041900 0.895694 0.048441 0.004005
2 2 0.007839 0.025665 0.889353 0.075149 0.001993
2 2 0.005302 0.018113 0.898182 0.076926 0.001476
2 2 0.001560 0.007989 0.945302 0.044588 0.000562
2 2 0.001291 0.007284 0.950095 0.040741 0.000589
2 2 0.001281 0.007372 0.950181 0.040522 0.000644
2 2 0.001314 0.007368 0.949636 0.041086 0.000595
2 2 0.001500 0.008011 0.946202 0.043646 0.000642
2 2 0.000979 0.006079 0.954252 0.038183 0.000508
2 2 0.001033 0.006233 0.950519 0.041697 0.000517
2 2 0.001074 0.006500 0.953242 0.038634 0.000549
2 2 0.001740 0.008875 0.941995 0.046659 0.000732
2 2 0.001429 0.007931 0.947363 0.042576 0.000701
2 2 0.001340 0.007391 0.936433 0.054155 0.000681
2 2 0.001344 0.007692 0.940401 0.049765 0.000798
2 2 0.001543 0.008997 0.944659 0.043673 0.001128
2 2 0.001227 0.008308 0.950034 0.039005 0.001426
2 2 0.000663 0.005710 0.960213 0.032249 0.001164
2 2 0.000554 0.005018 0.957702 0.035642 0.001085
2 2 0.003584 0.019244 0.924560 0.049137 0.003475
2 2 0.003563 0.015986 0.914677 0.063415 0.002359
2 2 0.004582 0.019439 0.905554 0.067456 0.002968
2 2 0.006642 0.035398 0.911659 0.040865 0.005437
2 2 0.016132 0.080924 0.856207 0.035078 0.011659
2 2 0.035375 0.174544 0.741635 0.025384 0.023062
2 2 0.028180 0.132908 0.795404 0.029080 0.014429
2 2 0.041626 0.207940 0.704607 0.021529 0.024299
2 2 0.038055 0.214782 0.705372 0.017188 0.024602
2 2 0.090732 0.322547 0.523414 0.025220 0.038088
2 2 0.044165 0.173622 0.727045 0.035007 0.020161
2 2 0.039199 0.170955 0.739452 0.030143 0.020251
2 2 0.060364 0.279251 0.602982 0.020326 0.037077
2 2 0.081430 0.337296 0.522676 0.019074 0.039524
2 2 0.113688 0.408274 0.411768 0.017834 0.048436
1 2 0.129252 0.409092 0.400587 0.020096 0.040973
1 2 0.154434 0.478330 0.296004 0.015047 0.056186
1 2 0.109567 0.446472 0.377941 0.012736 0.053285
2 2 0.058698 0.304936 0.571637 0.016439 0.048290
2 2 0.029581 0.186728 0.735464 0.017607 0.030620
2 2 0.056738 0.211134 0.666950 0.035917 0.029261
1 2 0.140581 0.415620 0.367290 0.022550 0.053958
1 2 0.230245 0.457091 0.241444 0.024447 0.046773
1 2 0.222991 0.498251 0.205414 0.014434 0.058911
1 2 0.234386 0.503083 0.200052 0.016074 0.046405
1 2 0.287385 0.443431 0.188864 0.015402 0.064919
0 2 0.418351 0.368371 0.143556 0.010368 0.059354
0 2 0.402026 0.378247 0.148111 0.010420 0.061197
0 2 0.511515 0.316903 0.106591 0.004291 0.060700
0 0 0.583161 0.279493 0.081979 0.002187 0.053180
1 0 0.401386 0.427650 0.123752 0.003619 0.043593
0 0 0.445723 0.396679 0.125565 0.015629 0.016404
1 1 0.375035 0.427447 0.153259 0.018955 0.025303
1 1 0.285666 0.482721 0.171136 0.008318 0.052158
1 1 0.195674 0.518721 0.199709 0.007234 0.078661
1 1 0.161450 0.506571 0.220898 0.009045 0.102035
1 2 0.116074 0.455355 0.303046 0.011989 0.113536
1 2 0.122811 0.445957 0.294801 0.012014 0.124417
1 2 0.085165 0.409901 0.384423 0.013489 0.107021
2 2 0.074933 0.385631 0.433543 0.013544 0.092349
1 2 0.254814 0.361204 0.221240 0.005371 0.157371
0 2 0.415609 0.349577 0.133616 0.005213 0.095984
0 2 0.489107 0.329239 0.107160 0.003122 0.071372
0 2 0.531983 0.326073 0.099914 0.004689 0.037341
0 0 0.563278 0.291592 0.097247 0.005692 0.042191
0 0 0.653128 0.212501 0.067802 0.002021 0.064548
0 0 0.575092 0.260545 0.084578 0.002245 0.077540
0 0 0.577306 0.250766 0.089752 0.003505 0.078671
0 0 0.518041 0.289559 0.113688 0.007216 0.071497
0 0 0.459384 0.321287 0.124227 0.005642 0.089460
1 0 0.345525 0.378341 0.153022 0.005637 0.117475
1 0 0.289789 0.413533 0.176377 0.007917 0.112384
1 1 0.253578 0.361916 0.183801 0.008547 0.192158
1 1 0.288857 0.294265 0.153299 0.005806 0.257773
4 1 0.231616 0.293322 0.159800 0.005227 0.310035
4 4 0.268631 0.139500 0.071935 0.000871 0.519063
4 4 0.162233 0.126648 0.070177 0.000644 0.640298
4 4 0.094154 0.057807 0.044776 0.000489 0.802774
4 4 0.053824 0.041058 0.048585 0.001354 0.855179
4 4 0.033660 0.026698 0.041666 0.001763 0.896213
4 4 0.101897 0.125773 0.078274 0.000705 0.693350
4 4 0.309153 0.169459 0.080688 0.000984 0.439716
0 4 0.330288 0.230505 0.110971 0.002307 0.325929
1 4 0.264964 0.336221 0.153126 0.003500 0.242189
1 4 0.240825 0.330813 0.154001 0.003205 0.271156
1 4 0.296053 0.299839 0.141755 0.003624 0.258729
0 4 0.388845 0.271477 0.118983 0.003019 0.217676
0 4 0.354337 0.315802 0.138880 0.004219 0.186762
1 4 0.291606 0.298778 0.135127 0.002686 0.271803
1 4 0.279933 0.299269 0.136967 0.002694 0.281136
4 4 0.246130 0.297919 0.134879 0.002039 0.319033
1 4 0.221425 0.342260 0.160077 0.003244 0.272995
1 4 0.234187 0.319262 0.158892 0.004055 0.283604
0 4 0.326981 0.247659 0.122140 0.003143 0.300077
4 4 0.267612 0.272907 0.131607 0.002592 0.325282
4 4 0.214968 0.242289 0.123888 0.001993 0.416862
