0 0 0.888453 0.016734 0.016439 0.067172 0.011202
0 0 0.795005 0.013345 0.019611 0.161459 0.010580
0 0 0.748667 0.012626 0.022511 0.202211 0.013985
0 0 0.865242 0.017413 0.022457 0.062101 0.032787
0 0 0.878516 0.024803 0.023188 0.030867 0.042626
0 0 0.780093 0.030278 0.040796 0.102473 0.046359
0 0 0.618705 0.036559 0.064611 0.226391 0.053734
0 0 0.696968 0.050436 0.065479 0.088326 0.098792
0 0 0.873125 0.033346 0.023876 0.017366 0.052287
0 0 0.860958 0.026304 0.022082 0.014660 0.075996
0 0 0.911664 0.014736 0.014937 0.024269 0.034395
0 0 0.878267 0.008872 0.015082 0.072242 0.025537
0 0 0.917279 0.006901 0.010635 0.038818 0.026368
0 0 0.965199 0.005665 0.004998 0.010470 0.013668
0 0 0.953931 0.009253 0.007168 0.009812 0.019836
0 0 0.954974 0.011380 0.006282 0.004153 0.023211
0 0 0.970383 0.010546 0.003728 0.001598 0.013745
0 0 0.966506 0.013399 0.004798 0.002392 0.012905
0 0 0.967053 0.013542 0.005074 0.003130 0.011201
0 0 0.958607 0.016080 0.006630 0.004134 0.014549
0 0 0.939254 0.028846 0.011159 0.008359 0.012381
0 0 0.931489 0.025396 0.013143 0.020079 0.009893
0 0 0.856761 0.029280 0.026884 0.066313 0.020761
0 0 0.858061 0.030529 0.028404 0.052568 0.030438
0 0 0.886616 0.026357 0.022458 0.033402 0.031167
0 0 0.876370 0.040244 0.022478 0.011192 0.049715
0 0 0.773340 0.071393 0.039192 0.011118 0.104957
0 0 0.856510 0.046204 0.015797 0.002095 0.079394
0 0 0.862018 0.040930 0.011048 0.000843 0.085161
0 0 0.867541 0.054510 0.022800 0.007307 0.047842
0 0 0.708825 0.084753 0.070307 0.056798 0.079318
0 0 0.817016 0.065854 0.040720 0.028650 0.047760
0 0 0.911707 0.040570 0.017052 0.011098 0.019572
0 0 0.936983 0.031568 0.011899 0.014617 0.004934
0 0 0.878264 0.046452 0.032222 0.039126 0.003936
0 0 0.928513 0.020805 0.012196 0.035794 0.002693
0 0 0.942684 0.010352 0.007055 0.036700 0.003208
0 0 0.855600 0.006052 0.007770 0.127856 0.002722
0 0 0.942604 0.007548 0.006775 0.038203 0.004871
0 0 0.931841 0.013275 0.010924 0.034297 0.009664
0 0 0.681271 0.069958 0.055059 0.018859 0.174853
0 0 0.771543 0.053494 0.045863 0.029555 0.099546
0 0 0.815579 0.046044 0.037914 0.029775 0.070687
0 0 0.896513 0.032964 0.019775 0.013904 0.036844
0 0 0.910266 0.027026 0.017988 0.024578 0.020142
0 0 0.909786 0.023783 0.017235 0.034049 0.015147
0 0 0.800566 0.020509 0.024292 0.143409 0.011224
0 0 0.929858 0.011470 0.009356 0.043677 0.005638
0 0 0.934812 0.012807 0.009550 0.036826 0.006006
0 0 0.941521 0.023387 0.010932 0.016228 0.007932
0 0 0.876735 0.061871 0.023754 0.011180 0.026460
0 0 0.876780 0.072435 0.014641 0.001660 0.034484
0 0 0.733870 0.119855 0.017775 0.000382 0.128119
0 0 0.461314 0.192883 0.039998 0.000707 0.305098
4 0 0.340662 0.239726 0.075162 0.001780 0.342671
4 0 0.333075 0.230979 0.068095 0.001569 0.366282
4 4 0.316130 0.228022 0.067035 0.001463 0.387351
4 4 0.193988 0.250575 0.106420 0.002016 0.447001
4 4 0.119656 0.256145 0.146825 0.001861 0.475513
4 4 0.067325 0.253610 0.215785 0.001877 0.461402
2 4 0.006479 0.158661 0.602175 0.002997 0.229688
2 4 0.008212 0.170237 0.567918 0.003016 0.250617
2 4 0.006647 0.157334 0.614219 0.003787 0.218013
2 4 0.006521 0.158739 0.602756 0.003065 0.228919
2 4 0.004744 0.143272 0.648096 0.003122 0.200766
2 4 0.004648 0.142478 0.649889 0.003076 0.199909
2 4 0.003901 0.130053 0.694588 0.004478 0.166979
2 4 0.003327 0.124617 0.705666 0.003870 0.162520
2 4 0.003380 0.125149 0.704584 0.003926 0.162961
2 4 0.004345 0.138084 0.665601 0.003434 0.188536
2 4 0.007198 0.164810 0.580222 0.002724 0.245046
2 4 0.007179 0.162671 0.593844 0.003296 0.233010
2 4 0.008522 0.174159 0.546911 0.002435 0.267973
2 4 0.006472 0.159418 0.597145 0.002780 0.234184
2 4 0.006881 0.165488 0.566224 0.002040 0.259368
2 4 0.004392 0.141859 0.645810 0.002563 0.205376
2 4 0.003366 0.128639 0.686546 0.002837 0.178612
2 4 0.003901 0.138168 0.651176 0.002178 0.204576
2 4 0.004519 0.144222 0.635666 0.002328 0.213264
2 1 0.007074 0.166834 0.561930 0.002036 0.262126
2 4 0.010600 0.184667 0.514480 0.002473 0.287780
2 4 0.008424 0.173369 0.550413 0.002494 0.265300
2 4 0.011979 0.193638 0.462263 0.001603 0.330516
2 4 0.010096 0.184288 0.503990 0.001945 0.299680
2 4 0.009018 0.175724 0.547590 0.002766 0.264902
2 4 0.007769 0.161892 0.610289 0.004999 0.215050
2 4 0.007712 0.155692 0.640181 0.008001 0.188414
2 1 0.009897 0.164934 0.621722 0.010499 0.192948
2 1 0.008866 0.150326 0.723121 0.014957 0.102730
2 1 0.014139 0.167538 0.715820 0.019907 0.082596
2 1 0.018390 0.172410 0.727370 0.024567 0.057263
2 1 0.038338 0.224458 0.637644 0.021740 0.077820
2 1 0.074073 0.269903 0.538541 0.022105 0.095378
2 0 0.157880 0.303092 0.417726 0.022935 0.098367
2 1 0.115214 0.282402 0.497260 0.027388 0.077736
2 0 0.125334 0.292252 0.471648 0.023326 0.087440
2 1 0.186458 0.307862 0.382334 0.021941 0.101406
1 1 0.253051 0.309819 0.305035 0.018710 0.113385
2 1 0.234962 0.304296 0.349334 0.023038 0.088370
2 1 0.197698 0.305821 0.376316 0.022633 0.097531
2 1 0.138281 0.272072 0.462282 0.047092 0.080273
2 1 0.186710 0.224384 0.418977 0.122876 0.047053
2 2 0.144250 0.203897 0.476021 0.140846 0.034987
2 2 0.123779 0.201848 0.510865 0.131930 0.031577
2 2 0.137471 0.238267 0.503779 0.080413 0.040071
2 4 0.171842 0.252012 0.467086 0.066492 0.042568
2 4 0.115224 0.209035 0.576174 0.080276 0.019291
2 4 0.148443 0.210340 0.521528 0.099218 0.020472
2 2 0.125370 0.206879 0.535186 0.109483 0.023083
2 4 0.122694 0.192732 0.506402 0.154795 0.023376
2 4 0.111796 0.211062 0.526894 0.116575 0.033672
2 4 0.115665 0.223589 0.560424 0.073193 0.027130
2 0 0.138262 0.258544 0.530265 0.037856 0.035074
2 1 0.194508 0.321407 0.378277 0.013626 0.092182
2 1 0.144561 0.315746 0.428323 0.015642 0.095727
2 2 0.045388 0.198063 0.698840 0.034440 0.023269
2 2 0.058807 0.227195 0.646754 0.030903 0.036341
2 2 0.015799 0.135714 0.800818 0.031930 0.015738
2 2 0.028750 0.200180 0.706563 0.017367 0.047139
2 2 0.032490 0.186109 0.730209 0.025862 0.025330
2 2 0.001232 0.035475 0.925339 0.036550 0.001405
2 2 0.001233 0.035882 0.926113 0.035413 0.001359
2 2 0.000925 0.029459 0.931697 0.036886 0.001033
2 2 0.001309 0.036488 0.923357 0.037515 0.001332
2 2 0.002765 0.054079 0.893779 0.046585 0.002793
2 2 0.002577 0.046360 0.885694 0.062885 0.002483
2 2 0.002860 0.047963 0.877811 0.068430 0.002936
2 2 0.001187 0.029985 0.912887 0.054510 0.001430
2 2 0.000303 0.014120 0.946128 0.038979 0.000471
2 2 0.000173 0.010610 0.957161 0.031748 0.000308
2 2 0.000074 0.005471 0.950870 0.043415 0.000169
2 3 0.000064 0.004992 0.951767 0.042987 0.000190
2 3 0.000050 0.004236 0.950957 0.044548 0.000209
2 3 0.000060 0.004237 0.934692 0.060775 0.000236
2 3 0.000053 0.003101 0.891095 0.105598 0.000152
2 3 0.000069 0.003012 0.829679 0.167073 0.000167
2 3 0.000048 0.001847 0.726028 0.271976 0.000101
2 3 0.000029 0.001074 0.621670 0.377160 0.000067
2 3 0.000019 0.000802 0.614122 0.385013 0.000044
2 3 0.000015 0.000721 0.647511 0.351719 0.000034
2 3 0.000066 0.001510 0.527981 0.470376 0.000066
3 3 0.000069 0.001389 0.475227 0.523250 0.000064
3 3 0.000111 0.001800 0.459385 0.538617 0.000087
3 3 0.000129 0.001894 0.443427 0.554459 0.000091
3 3 0.000172 0.001862 0.371023 0.626862 0.000081
3 3 0.000194 0.001745 0.325720 0.672271 0.000071
3 3 0.000152 0.001649 0.365177 0.632963 0.000059
3 3 0.000098 0.001138 0.330288 0.668433 0.000043
3 3 0.000081 0.000924 0.294840 0.704113 0.000041
3 3 0.000066 0.000803 0.285467 0.713623 0.000042
3 3 0.000081 0.000942 0.294110 0.704813 0.000054
3 3 0.000054 0.000933 0.378810 0.620152 0.000051
3 3 0.000046 0.000716 0.328249 0.670954 0.000036
3 3 0.000057 0.000865 0.349695 0.649343 0.000040
3 3 0.000044 0.000754 0.361383 0.637792 0.000027
3 3 0.000079 0.001328 0.433277 0.565267 0.000049
3 3 0.000072 0.001267 0.437970 0.560645 0.000046
2 3 0.000108 0.002158 0.550437 0.447211 0.000085
2 3 0.000065 0.001463 0.517190 0.481213 0.000068
3 3 0.000034 0.000898 0.482256 0.516760 0.000052
3 3 0.000150 0.001243 0.257601 0.740935 0.000072
3 3 0.000141 0.001146 0.243266 0.755371 0.000076
3 3 0.000194 0.001626 0.283219 0.714837 0.000124
3 3 0.000121 0.001235 0.286348 0.712199 0.000097
3 3 0.000112 0.001318 0.323874 0.674587 0.000109
3 3 0.000127 0.001383 0.315141 0.683238 0.000112
3 3 0.000089 0.001221 0.357021 0.641595 0.000075
3 3 0.000098 0.001095 0.301894 0.696850 0.000063
3 3 0.000087 0.000974 0.290978 0.707908 0.000053
3 3 0.000110 0.001134 0.291104 0.707590 0.000063
3 3 0.000093 0.001067 0.305021 0.693759 0.000060
3 3 0.000094 0.001136 0.324556 0.674156 0.000058
3 3 0.000085 0.001115 0.342733 0.656014 0.000053
3 3 0.000099 0.001532 0.431288 0.567017 0.000064
3 3 0.000118 0.001641 0.414068 0.584101 0.000072
3 3 0.000131 0.001769 0.411139 0.586871 0.000089
3 3 0.000120 0.001386 0.337690 0.660724 0.000081
3 3 0.000051 0.000791 0.326286 0.672825 0.000047
3 3 0.000052 0.000761 0.308247 0.690895 0.000046
3 3 0.000049 0.000664 0.277501 0.721747 0.000039
3 3 0.000287 0.002659 0.360217 0.636654 0.000183
3 3 0.000170 0.001710 0.327199 0.670828 0.000093
3 3 0.000121 0.001278 0.304023 0.694518 0.000059
3 3 0.000112 0.001346 0.340578 0.657902 0.000061
3 3 0.000162 0.001664 0.329984 0.668097 0.000093
3 3 0.000126 0.001446 0.337600 0.660750 0.000078
3 3 0.000098 0.001120 0.305825 0.692895 0.000063
3 3 0.000144 0.001590 0.342932 0.655242 0.000092
3 3 0.000077 0.000934 0.300000 0.698936 0.000053
3 3 0.000117 0.001133 0.278469 0.720210 0.000071
3 3 0.000110 0.000998 0.253833 0.744995 0.000064
3 3 0.000127 0.001091 0.254266 0.744440 0.000076
3 3 0.000095 0.000954 0.270589 0.728306 0.000056
3 3 0.000117 0.001195 0.302483 0.696142 0.000064
3 3 0.000166 0.001618 0.327979 0.670152 0.000085
3 3 0.000129 0.001094 0.252296 0.746421 0.000060
3 3 0.000129 0.001023 0.226902 0.771871 0.000075
3 3 0.000149 0.001158 0.233075 0.765519 0.000099
3 3 0.000168 0.001216 0.224621 0.773875 0.000119
3 3 0.000139 0.001044 0.216825 0.781894 0.000098
3 3 0.000571 0.004068 0.344722 0.650073 0.000567
3 3 0.000602 0.003751 0.312102 0.683052 0.000493
3 3 0.000776 0.004273 0.308559 0.685891 0.000500
3 3 0.002021 0.010353 0.421934 0.564964 0.000728
2 3 0.003073 0.017011 0.528327 0.450916 0.000673
2 2 0.012626 0.063309 0.743546 0.178683 0.001836
2 2 0.007393 0.070382 0.848397 0.071757 0.002071
2 2 0.010505 0.089781 0.839343 0.056624 0.003748
2 2 0.006283 0.075285 0.870670 0.044545 0.003217
2 2 0.008359 0.083230 0.838580 0.065535 0.004295
2 2 0.001873 0.037552 0.894799 0.064287 0.001489
2 2 0.001712 0.036833 0.901617 0.058277 0.001561
2 2 0.001648 0.042373 0.916868 0.037226 0.001885
2 2 0.002311 0.056913 0.907164 0.029593 0.004019
2 2 0.002460 0.058661 0.904238 0.030350 0.004291
2 2 0.003747 0.068587 0.881152 0.040769 0.005746
2 2 0.004903 0.075688 0.864088 0.049020 0.006302
2 0 0.004184 0.066216 0.870603 0.054218 0.004780
2 1 0.005770 0.075896 0.858182 0.054489 0.005662
2 0 0.003043 0.053421 0.886039 0.054854 0.002643
2 0 0.164000 0.251494 0.492357 0.056060 0.036090
2 0 0.259741 0.265464 0.370281 0.052282 0.052233
2 0 0.215129 0.290536 0.369089 0.038014 0.087232
2 1 0.073264 0.262012 0.540176 0.030191 0.094357
2 1 0.020688 0.172785 0.733268 0.027446 0.045813
2 2 0.010420 0.127200 0.811437 0.026982 0.023961
2 2 0.004001 0.072298 0.877950 0.039351 0.006399
2 2 0.002071 0.044742 0.902139 0.048018 0.003029
2 2 0.002386 0.049603 0.897211 0.046328 0.004472
2 2 0.002377 0.047612 0.894647 0.051453 0.003911
2 2 0.003906 0.066952 0.876420 0.046901 0.005821
2 2 0.001007 0.033213 0.933102 0.030948 0.001730
2 2 0.001286 0.042263 0.930046 0.024178 0.002226
2 2 0.001494 0.046392 0.925204 0.024270 0.002640
2 2 0.001978 0.053734 0.914160 0.026421 0.003708
2 2 0.001257 0.040501 0.930314 0.026113 0.001814
2 2 0.001534 0.043095 0.922311 0.031226 0.001834
2 2 0.004708 0.075670 0.884756 0.029946 0.004920
2 2 0.008502 0.101308 0.849483 0.031777 0.008930
2 2 0.007440 0.089939 0.855118 0.040944 0.006558
2 2 0.013887 0.129475 0.804237 0.035799 0.016603
2 2 0.009156 0.102503 0.838314 0.040416 0.009611
2 2 0.060217 0.241555 0.621036 0.023899 0.053293
2 2 0.033961 0.200001 0.707233 0.022302 0.036503
2 1 0.050943 0.234675 0.643260 0.020635 0.050487
2 1 0.046600 0.224943 0.659632 0.022654 0.046171
2 2 0.054869 0.233601 0.639656 0.025065 0.046810
2 2 0.033502 0.190588 0.718202 0.027763 0.029945
2 2 0.048306 0.224572 0.660143 0.023830 0.043148
2 2 0.056942 0.242927 0.622062 0.022065 0.056005
2 2 0.075788 0.271302 0.557910 0.018830 0.076170
2 2 0.047490 0.229729 0.653428 0.020341 0.049013
2 2 0.039521 0.206890 0.693016 0.023920 0.036653
2 2 0.096490 0.260883 0.558634 0.029303 0.054689
2 2 0.051838 0.204820 0.672072 0.039872 0.031397
2 0 0.151630 0.258398 0.517002 0.039230 0.033740
2 1 0.094124 0.217364 0.619113 0.049542 0.019857
2 1 0.028264 0.152456 0.764690 0.042672 0.011918
2 1 0.026163 0.163257 0.762225 0.030635 0.017720
2 1 0.024220 0.158720 0.763433 0.034719 0.018907
2 1 0.040443 0.190211 0.683686 0.053551 0.032109
2 1 0.047191 0.177077 0.660952 0.090385 0.024394
2 1 0.040400 0.168725 0.685063 0.083751 0.022062
2 2 0.064824 0.193720 0.645947 0.072983 0.022527
2 2 0.031129 0.154450 0.746857 0.053885 0.013678
2 2 0.029034 0.167955 0.755741 0.030280 0.016990
2 2 0.014574 0.127136 0.817540 0.029386 0.011363
2 2 0.007953 0.098872 0.855869 0.028977 0.008329
2 2 0.001940 0.048564 0.914704 0.032462 0.002330
2 2 0.002081 0.049480 0.913731 0.032475 0.002233
2 2 0.001799 0.044654 0.914345 0.037409 0.001793
2 2 0.003923 0.064394 0.886997 0.041400 0.003286
2 2 0.007288 0.086672 0.855096 0.045164 0.005780
2 2 0.017416 0.121786 0.794512 0.056652 0.009634
2 2 0.062596 0.192072 0.667612 0.058836 0.018884
2 2 0.047448 0.176167 0.703030 0.056573 0.016783
2 2 0.091631 0.235355 0.600491 0.040190 0.032333
2 2 0.101163 0.235821 0.582296 0.047681 0.033039
2 2 0.156240 0.251441 0.491939 0.060285 0.040096
2 2 0.159406 0.248389 0.482577 0.068117 0.041512
2 2 0.131858 0.255415 0.543963 0.036353 0.032411
2 2 0.132407 0.246589 0.545052 0.045611 0.030342
2 2 0.076938 0.198086 0.634797 0.069965 0.020213
2 2 0.055550 0.175707 0.675771 0.076245 0.016728
2 2 0.070290 0.186773 0.635541 0.088170 0.019226
2 2 0.048283 0.173437 0.688549 0.072122 0.017609
2 2 0.050030 0.170153 0.689831 0.074677 0.015308
2 2 0.034036 0.142805 0.738674 0.074692 0.009792
2 2 0.041956 0.156341 0.720363 0.069815 0.011525
2 2 0.063538 0.202303 0.666957 0.045606 0.021597
2 2 0.092886 0.234308 0.600471 0.041147 0.031187
2 2 0.136026 0.264225 0.524850 0.034700 0.040199
2 2 0.140100 0.250144 0.535043 0.043724 0.030989
2 0 0.171958 0.269919 0.486955 0.033252 0.037915
2 1 0.093934 0.256032 0.570654 0.031794 0.047585
2 1 0.067538 0.254649 0.587571 0.024334 0.065907
2 1 0.034232 0.207582 0.678689 0.024884 0.054613
2 0 0.023823 0.178093 0.723922 0.030266 0.043895
2 0 0.009327 0.122256 0.814286 0.029176 0.024955
2 0 0.014472 0.147624 0.791225 0.020362 0.026317
2 0 0.008343 0.163299 0.661294 0.005911 0.161153
2 0 0.011247 0.174936 0.658063 0.007978 0.147777
2 0 0.008472 0.152534 0.712249 0.011702 0.115044
2 0 0.012176 0.171607 0.674777 0.012664 0.128775
2 1 0.007150 0.131122 0.789128 0.016012 0.056587
2 1 0.013093 0.164256 0.750272 0.012940 0.059439
2 1 0.032509 0.226826 0.652368 0.010824 0.077473
2 1 0.089563 0.300151 0.490710 0.010709 0.108867
2 1 0.180462 0.312753 0.411534 0.016609 0.078641
1 1 0.302879 0.308913 0.303685 0.011751 0.072773
0 1 0.316458 0.300620 0.307830 0.013202 0.061890
0 1 0.333799 0.302146 0.286189 0.011239 0.066627
2 1 0.296647 0.300287 0.329219 0.014808 0.059039
2 1 0.273615 0.288589 0.368814 0.021209 0.047773
2 0 0.217867 0.285361 0.424376 0.026147 0.046249
2 1 0.190725 0.283746 0.439069 0.032487 0.053974
2 1 0.099932 0.277432 0.526993 0.025083 0.070559
2 1 0.087312 0.285416 0.497480 0.019253 0.110539
2 1 0.069508 0.270917 0.541103 0.018465 0.100007
2 1 0.059926 0.232123 0.614852 0.037128 0.055972
2 1 0.228015 0.277956 0.418371 0.031737 0.043920
0 1 0.361324 0.269529 0.290117 0.027220 0.051809
0 1 0.463680 0.245960 0.224542 0.021633 0.044186
0 0 0.549828 0.221398 0.163545 0.018083 0.047146
0 0 0.599349 0.210077 0.113510 0.010023 0.067040
0 0 0.659774 0.181633 0.065249 0.004122 0.089222
0 0 0.537311 0.226985 0.081006 0.002882 0.151816
0 0 0.328376 0.305929 0.173493 0.004989 0.187213
1 0 0.151683 0.334521 0.274175 0.003275 0.236347
2 0 0.093684 0.327631 0.400445 0.003223 0.175017
2 0 0.059774 0.290661 0.545245 0.004471 0.099849
2 0 0.118291 0.325798 0.470064 0.005865 0.079982
2 0 0.190468 0.341004 0.360489 0.006638 0.101401
1 0 0.202579 0.336748 0.280105 0.006759 0.173809
2 4 0.096411 0.303462 0.460937 0.011771 0.127420
2 4 0.040255 0.241844 0.598689 0.013601 0.105610
2 4 0.034724 0.241288 0.463322 0.007662 0.253003
2 4 0.007705 0.153853 0.661375 0.009034 0.168032
2 4 0.013558 0.195497 0.486393 0.002844 0.301707
2 4 0.009424 0.174129 0.567393 0.004012 0.245042
4 4 0.026795 0.227521 0.349234 0.001917 0.394533
4 4 0.029825 0.231489 0.347526 0.002352 0.388807
2 4 0.015910 0.201133 0.481357 0.003736 0.297864
2 4 0.009352 0.171551 0.582050 0.004889 0.232158
2 4 0.007513 0.159355 0.619576 0.005369 0.208186
2 4 0.006545 0.153131 0.635228 0.005085 0.200012
2 4 0.006347 0.149487 0.649922 0.006053 0.188192
2 4 0.008767 0.172723 0.563391 0.003248 0.251871
2 4 0.011090 0.184857 0.524356 0.003107 0.276589
2 4 0.019284 0.213573 0.409948 0.002168 0.355026
2 4 0.016024 0.203732 0.457879 0.002768 0.319597
4 4 0.020867 0.217751 0.378009 0.001675 0.381699
2 4 0.020909 0.217715 0.381655 0.001765 0.377956
4 4 0.032576 0.188508 0.247008 0.001170 0.530737
4 4 0.031760 0.214829 0.309884 0.001992 0.441535
2 4 0.032803 0.233962 0.375416 0.004269 0.353551
4 4 0.032264 0.234428 0.341589 0.002565 0.389154
4 4 0.034138 0.236315 0.350060 0.003268 0.376219
4 4 0.033254 0.235176 0.357727 0.003435 0.370407
2 4 0.023667 0.215600 0.462495 0.006932 0.291306
2 4 0.010835 0.190014 0.465700 0.001367 0.332085
4 4 0.017872 0.212171 0.372349 0.001131 0.396477
2 4 0.012393 0.195692 0.449985 0.001467 0.340463
2 4 0.010741 0.188467 0.481052 0.001637 0.318104
2 4 0.010568 0.188759 0.471166 0.001394 0.328113
2 4 0.018409 0.210006 0.438823 0.002883 0.329879
2 4 0.016835 0.190111 0.596439 0.014000 0.182616
2 0 0.012465 0.154846 0.747162 0.022504 0.063023
2 0 0.018127 0.175689 0.730914 0.018708 0.056563
2 0 0.023945 0.199733 0.684541 0.016220 0.075562
2 4 0.033989 0.233602 0.594525 0.012879 0.125005
2 4 0.016549 0.189485 0.664614 0.011631 0.117721
2 1 0.020094 0.205670 0.575553 0.010271 0.188411
2 4 0.011525 0.174438 0.595065 0.009413 0.209559
2 4 0.008995 0.169576 0.587708 0.004886 0.228835
2 4 0.006857 0.157412 0.618169 0.004302 0.213259
2 0 0.011076 0.181120 0.550981 0.004493 0.252331
2 0 0.011036 0.169376 0.611892 0.011537 0.196159
2 4 0.014668 0.185165 0.606596 0.011572 0.181999
2 4 0.014995 0.188410 0.632229 0.009907 0.154459
2 1 0.012053 0.183642 0.549818 0.005316 0.249171
2 4 0.013948 0.184708 0.620397 0.009825 0.171122
2 4 0.011530 0.165778 0.715585 0.012127 0.094980
2 1 0.020215 0.204553 0.631175 0.010470 0.133587
2 1 0.033388 0.238318 0.563641 0.010108 0.154545
2 1 0.023724 0.191093 0.707753 0.019410 0.058020
2 1 0.053115 0.256257 0.587262 0.014673 0.088693
2 0 0.027710 0.196517 0.713155 0.017721 0.044897
2 0 0.040092 0.234035 0.649824 0.012495 0.063554
2 0 0.044049 0.249703 0.624525 0.008938 0.072784
2 1 0.098406 0.306502 0.470490 0.010569 0.114032
2 1 0.066848 0.279361 0.548354 0.010738 0.094700
2 1 0.045430 0.270805 0.531383 0.005472 0.146910
2 0 0.040831 0.265047 0.519432 0.005034 0.169655
2 0 0.040841 0.260038 0.570170 0.006131 0.122819
2 1 0.054460 0.278754 0.552623 0.006128 0.108035
2 1 0.090220 0.311938 0.484697 0.006322 0.106822
2 0 0.197979 0.339564 0.374668 0.006017 0.081772
2 0 0.178734 0.300951 0.476803 0.009023 0.034489
2 0 0.302530 0.285193 0.371678 0.011279 0.029320
0 0 0.975921 0.012339 0.003792 0.005264 0.002683
0 0 0.975549 0.011782 0.003897 0.006023 0.002749
0 0 0.957419 0.012683 0.006350 0.020530 0.003019
0 0 0.950503 0.012616 0.006899 0.027060 0.002922
0 0 0.935393 0.016877 0.010009 0.032979 0.004742
0 0 0.912842 0.043797 0.016890 0.014556 0.011916
0 0 0.904093 0.057995 0.015321 0.004905 0.017686
0 0 0.837545 0.097008 0.028189 0.003529 0.033729
0 0 0.670982 0.174816 0.059819 0.003922 0.090461
0 0 0.584410 0.211919 0.082184 0.004436 0.117051
0 0 0.597991 0.189885 0.053330 0.002137 0.156656
0 0 0.661803 0.152369 0.031731 0.001154 0.152942
0 0 0.591990 0.205821 0.071882 0.003361 0.126947
0 0 0.385458 0.285659 0.228510 0.014075 0.086299
0 0 0.421442 0.273492 0.223404 0.014211 0.067451
0 0 0.508297 0.251349 0.179793 0.008775 0.051786
0 0 0.447848 0.272204 0.201957 0.009991 0.068000
0 0 0.357018 0.296039 0.244623 0.012810 0.089510
0 0 0.478187 0.259042 0.116020 0.003974 0.142778
0 0 0.448812 0.259230 0.107988 0.003627 0.180344
0 0 0.457682 0.202587 0.048905 0.001227 0.289598
0 0 0.478940 0.198373 0.044155 0.000862 0.277670
0 0 0.382255 0.265561 0.092329 0.001595 0.258260
1 0 0.304281 0.321065 0.188797 0.003826 0.182030
1 1 0.286807 0.329813 0.229369 0.004965 0.149047
1 1 0.300618 0.327787 0.225367 0.004846 0.141382
1 1 0.306477 0.326704 0.235177 0.005295 0.126347
1 1 0.317915 0.323949 0.217781 0.004769 0.135586
1 1 0.255453 0.331479 0.262772 0.006899 0.143396
1 1 0.258654 0.328292 0.257155 0.007484 0.148415
1 1 0.271391 0.321271 0.239161 0.008219 0.159958
1 1 0.264074 0.324530 0.268114 0.009096 0.134187
2 0 0.141179 0.304834 0.459092 0.018439 0.076455
2 0 0.139254 0.306290 0.461557 0.017351 0.075549
2 1 0.064362 0.253270 0.609474 0.018945 0.053949
2 1 0.060137 0.258688 0.599973 0.014846 0.066356
2 1 0.041029 0.227691 0.664236 0.014938 0.052106
2 1 0.052268 0.252363 0.595674 0.016005 0.083690
2 1 0.071651 0.290307 0.449911 0.008932 0.179199
2 1 0.064282 0.287113 0.477839 0.007764 0.163002
2 1 0.027006 0.188821 0.725030 0.020744 0.038398
2 1 0.036742 0.207249 0.699201 0.019819 0.036988
2 1 0.034443 0.203209 0.708946 0.018448 0.034955
2 1 0.058894 0.265669 0.586391 0.011581 0.077465
2 2 0.087072 0.296364 0.517694 0.010387 0.088483
2 2 0.160183 0.310942 0.438076 0.014644 0.076155
2 2 0.266518 0.309405 0.327327 0.015767 0.080982
0 2 0.312524 0.308159 0.277989 0.012277 0.089052
2 2 0.278156 0.310806 0.312812 0.014182 0.084043
0 2 0.403595 0.294397 0.214744 0.007035 0.080229
0 0 0.394723 0.298946 0.176654 0.004815 0.124862
0 1 0.355164 0.295868 0.133656 0.002510 0.212803
1 1 0.248485 0.324747 0.221290 0.005447 0.200031
2 1 0.088536 0.300395 0.363648 0.006838 0.240582
2 2 0.022852 0.206384 0.576254 0.015693 0.178817
2 2 0.005753 0.144002 0.665941 0.006392 0.177913
2 2 0.003109 0.122350 0.710279 0.003636 0.160626
2 2 0.002190 0.107389 0.772953 0.003224 0.114244
2 2 0.002807 0.114044 0.767932 0.004275 0.110942
2 2 0.003628 0.113494 0.777199 0.007222 0.098456
2 2 0.018957 0.183423 0.712404 0.016832 0.068384
2 2 0.037752 0.247722 0.534851 0.009477 0.170198
2 2 0.025963 0.217395 0.623457 0.011788 0.121397
2 2 0.020697 0.198195 0.674712 0.012917 0.093478
2 2 0.018079 0.189352 0.692653 0.012639 0.087277
2 2 0.011648 0.151652 0.765458 0.018042 0.053201
2 2 0.008322 0.130613 0.805835 0.017264 0.037966
2 2 0.009203 0.138342 0.801019 0.013321 0.038115
2 2 0.015786 0.173107 0.750509 0.011176 0.049422
2 2 0.014225 0.152467 0.782433 0.018250 0.032626
2 2 0.010225 0.128431 0.815843 0.022069 0.023433
2 2 0.005984 0.100718 0.852917 0.024056 0.016326
2 2 0.002988 0.067851 0.894212 0.028270 0.006679
2 2 0.002132 0.056326 0.910906 0.026424 0.004212
2 2 0.004214 0.078736 0.889057 0.021356 0.006638
2 2 0.005643 0.086653 0.881258 0.020312 0.006134
2 2 0.006804 0.088587 0.878563 0.021299 0.004748
2 1 0.050536 0.207448 0.709883 0.016552 0.015581
2 2 0.095502 0.273119 0.584475 0.012712 0.034192
2 2 0.078228 0.251755 0.620382 0.018535 0.031100
2 2 0.000629 0.037017 0.950081 0.009582 0.002691
2 2 0.000633 0.033607 0.951254 0.012799 0.001708
2 2 0.000523 0.028237 0.955476 0.014790 0.000974
2 2 0.000692 0.030609 0.948082 0.019618 0.000999
2 1 0.001175 0.040490 0.933289 0.023156 0.001890
2 2 0.001566 0.047307 0.923422 0.024975 0.002730
2 2 0.001377 0.047972 0.928192 0.019065 0.003393
2 2 0.001117 0.046043 0.934549 0.014667 0.003624
2 2 0.001028 0.041238 0.938021 0.017301 0.002412
2 2 0.000875 0.036162 0.942608 0.018747 0.001607
2 2 0.000907 0.036891 0.941608 0.018908 0.001686
2 2 0.000630 0.031878 0.951399 0.014745 0.001348
2 2 0.000827 0.038820 0.944133 0.013835 0.002384
2 2 0.000739 0.036981 0.947170 0.012919 0.002192
2 2 0.000577 0.033470 0.953148 0.010925 0.001881
2 2 0.000289 0.022062 0.966536 0.010139 0.000975
2 2 0.000182 0.016872 0.972955 0.009295 0.000696
2 2 0.000121 0.013079 0.977238 0.009091 0.000472
2 2 0.000153 0.015881 0.975482 0.007962 0.000522
2 2 0.000070 0.009813 0.982461 0.007409 0.000247
2 2 0.001501 0.051444 0.924597 0.018237 0.004220
2 2 0.000995 0.039599 0.939033 0.018289 0.002084
2 1 0.058328 0.250212 0.637846 0.011742 0.041872
2 1 0.173983 0.298003 0.463900 0.016234 0.047881
2 0 0.130522 0.275051 0.536610 0.020873 0.036945
2 1 0.072615 0.260302 0.602590 0.016994 0.047499
2 1 0.065476 0.256555 0.587558 0.021935 0.068475
2 2 0.045066 0.241922 0.591920 0.019187 0.101905
2 2 0.002676 0.081224 0.884587 0.013510 0.018004
2 2 0.002697 0.083904 0.880095 0.012384 0.020920
2 2 0.001385 0.061743 0.916661 0.009193 0.011017
2 2 0.002016 0.071948 0.900145 0.011601 0.014290
2 2 0.001385 0.058714 0.920548 0.010685 0.008668
2 2 0.000832 0.044368 0.940895 0.009504 0.004401
2 2 0.000381 0.029794 0.960883 0.007094 0.001849
2 2 0.000388 0.029535 0.960818 0.007524 0.001735
2 2 0.000458 0.030955 0.957912 0.008924 0.001751
2 2 0.000479 0.029308 0.957541 0.011346 0.001326
2 2 0.000725 0.034459 0.947930 0.015265 0.001622
2 2 0.000855 0.036262 0.943281 0.017842 0.001760
2 2 0.000271 0.020652 0.967647 0.010819 0.000611
2 2 0.000224 0.015172 0.965756 0.018447 0.000400
2 2 0.000097 0.008424 0.970555 0.020776 0.000149
2 2 0.000180 0.011218 0.959751 0.028642 0.000209
2 2 0.000434 0.020057 0.951452 0.027633 0.000424
2 2 0.000207 0.012125 0.957498 0.029934 0.000235
2 2 0.000286 0.014972 0.954757 0.029666 0.000320
2 2 0.000405 0.018913 0.951414 0.028837 0.000432
2 2 0.001174 0.034753 0.927841 0.035280 0.000951
2 2 0.001333 0.036288 0.922296 0.039084 0.000999
2 2 0.003179 0.052645 0.899346 0.043306 0.001523
2 1 0.001652 0.037342 0.912136 0.048026 0.000843
2 1 0.000838 0.025637 0.927870 0.045053 0.000602
2 2 0.000726 0.026488 0.940331 0.031890 0.000567
2 2 0.001322 0.035596 0.921548 0.040608 0.000926
2 2 0.001364 0.036218 0.920276 0.041034 0.001108
2 2 0.000229 0.014314 0.962470 0.022655 0.000332
2 2 0.000259 0.015320 0.960601 0.023362 0.000458
2 2 0.000363 0.020344 0.959313 0.019380 0.000600
2 2 0.000283 0.016791 0.961181 0.021225 0.000520
2 2 0.000292 0.017582 0.961888 0.019740 0.000498
2 2 0.000206 0.012369 0.959030 0.028085 0.000311
2 2 0.000220 0.011460 0.948738 0.039265 0.000317
2 2 0.000282 0.012427 0.938309 0.048564 0.000417
2 2 0.000282 0.012164 0.935374 0.051751 0.000428
2 2 0.000426 0.014660 0.920935 0.063487 0.000492
2 2 0.000790 0.019228 0.892122 0.087219 0.000642
2 3 0.001112 0.023853 0.886389 0.087852 0.000793
2 2 0.000975 0.021894 0.888314 0.088122 0.000696
2 2 0.000579 0.017245 0.912396 0.069240 0.000541
2 2 0.000362 0.014838 0.937725 0.046609 0.000466
2 2 0.000305 0.015305 0.952371 0.031557 0.000461
2 2 0.000215 0.013028 0.959966 0.026409 0.000382
2 2 0.000229 0.014260 0.962037 0.022997 0.000478
2 2 0.000200 0.013849 0.966030 0.019468 0.000453
2 2 0.000198 0.013937 0.966524 0.018870 0.000471
2 2 0.000226 0.014350 0.962804 0.022150 0.000470
2 2 0.000209 0.012908 0.960589 0.025869 0.000426
2 2 0.000196 0.012036 0.959553 0.027832 0.000384
2 2 0.000165 0.010046 0.955546 0.033872 0.000372
2 2 0.000132 0.010604 0.969513 0.019378 0.000373
2 2 0.000114 0.008188 0.960679 0.030737 0.000282
2 2 0.000172 0.010462 0.956231 0.032764 0.000372
2 2 0.000187 0.009580 0.941430 0.048437 0.000366
2 2 0.000306 0.011555 0.919771 0.067898 0.000470
2 2 0.000189 0.008333 0.920480 0.070690 0.000309
2 2 0.000249 0.009791 0.916151 0.073479 0.000330
2 2 0.000255 0.010014 0.916975 0.072394 0.000362
2 2 0.000362 0.011767 0.901852 0.085532 0.000487
2 2 0.000456 0.012627 0.882486 0.103834 0.000598
2 2 0.000439 0.011889 0.873954 0.113128 0.000591
2 2 0.000342 0.010012 0.873300 0.115897 0.000448
2 3 0.000212 0.007881 0.893692 0.097910 0.000305
2 2 0.000191 0.007652 0.902902 0.088977 0.000278
2 2 0.000175 0.007774 0.917194 0.074587 0.000269
2 2 0.000143 0.007528 0.934767 0.057316 0.000246
2 2 0.000125 0.006956 0.936085 0.056608 0.000226
2 2 0.000143 0.007396 0.932266 0.059971 0.000225
2 2 0.000192 0.008563 0.923474 0.067501 0.000270
2 2 0.000250 0.009561 0.910966 0.078911 0.000311
2 2 0.000036 0.003184 0.943412 0.053270 0.000097
2 2 0.000059 0.003906 0.924542 0.071374 0.000119
2 2 0.000061 0.003911 0.921696 0.074217 0.000115
2 2 0.000068 0.004439 0.931383 0.063994 0.000116
2 3 0.000089 0.005196 0.927374 0.067194 0.000147
2 2 0.000097 0.005354 0.922122 0.072257 0.000170
2 2 0.000113 0.004894 0.880165 0.114667 0.000161
2 2 0.000164 0.006029 0.869777 0.123829 0.000201
2 3 0.000308 0.007858 0.823163 0.168453 0.000218
2 0 0.000492 0.011824 0.853777 0.133596 0.000311
2 2 0.000416 0.013280 0.908319 0.077742 0.000242
2 2 0.000591 0.021526 0.938146 0.039308 0.000429
2 2 0.000627 0.026986 0.948443 0.023307 0.000637
2 2 0.001212 0.042351 0.932624 0.021579 0.002234
2 2 0.000160 0.016926 0.975298 0.007192 0.000424
2 2 0.000207 0.019290 0.972035 0.007928 0.000539
2 2 0.000170 0.015620 0.973658 0.010163 0.000389
2 2 0.000267 0.018974 0.966769 0.013457 0.000533
2 1 0.000610 0.029758 0.951727 0.016881 0.001025
2 2 0.000604 0.029692 0.951993 0.016684 0.001027
2 2 0.001860 0.051913 0.916701 0.026123 0.003404
2 2 0.001762 0.049194 0.918594 0.027611 0.002838
2 2 0.001373 0.043103 0.927759 0.025678 0.002087
2 2 0.000859 0.035473 0.943031 0.019131 0.001506
2 2 0.000639 0.031886 0.951019 0.015130 0.001326
2 2 0.000323 0.022907 0.964912 0.011119 0.000739
2 2 0.000573 0.031771 0.953660 0.012503 0.001494
2 2 0.000753 0.037009 0.946731 0.013359 0.002148
2 2 0.000566 0.032135 0.953854 0.011849 0.001597
2 2 0.000396 0.026972 0.961368 0.010152 0.001111
2 2 0.000303 0.023457 0.966184 0.009238 0.000817
2 2 0.000392 0.025932 0.961594 0.011142 0.000940
2 2 0.000086 0.009405 0.978043 0.012253 0.000212
2 2 0.000039 0.005273 0.979352 0.015226 0.000110
2 2 0.000043 0.005647 0.979661 0.014525 0.000125
2 2 0.000089 0.009186 0.976389 0.014086 0.000251
2 2 0.000094 0.008785 0.973103 0.017749 0.000268
2 2 0.000088 0.007570 0.968015 0.024113 0.000214
2 2 0.000214 0.012650 0.958350 0.028404 0.000383
2 2 0.000383 0.017127 0.947317 0.034673 0.000500
2 2 0.000482 0.022064 0.951239 0.025653 0.000562
2 2 0.000446 0.019651 0.948466 0.030923 0.000513
2 2 0.000411 0.018119 0.947482 0.033492 0.000497
2 2 0.000334 0.016042 0.950697 0.032468 0.000459
2 2 0.000258 0.014396 0.957338 0.027630 0.000378
2 2 0.000303 0.016198 0.956601 0.026484 0.000414
2 2 0.000356 0.016516 0.949137 0.033537 0.000453
2 2 0.000192 0.010571 0.950684 0.038290 0.000263
2 2 0.000160 0.008453 0.939850 0.051306 0.000231
2 2 0.000156 0.007847 0.932187 0.059582 0.000228
2 2 0.000134 0.007084 0.932430 0.060155 0.000197
2 2 0.000186 0.008604 0.927545 0.063396 0.000268
2 2 0.000217 0.009890 0.932821 0.056802 0.000270
2 2 0.000457 0.015473 0.921723 0.061906 0.000440
2 2 0.000556 0.017598 0.920264 0.061144 0.000438
2 2 0.000378 0.015020 0.936170 0.048122 0.000310
2 3 0.000391 0.015315 0.935581 0.048397 0.000315
2 2 0.000329 0.013220 0.933137 0.053057 0.000257
2 2 0.000241 0.009940 0.923145 0.066469 0.000205
2 2 0.000210 0.009167 0.924945 0.065463 0.000214
2 2 0.000445 0.012722 0.889361 0.097106 0.000365
2 2 0.000424 0.011652 0.877296 0.110368 0.000261
2 2 0.002733 0.033920 0.831631 0.131012 0.000703
2 2 0.002760 0.042264 0.891622 0.062568 0.000787
2 0 0.010083 0.093252 0.855663 0.037123 0.003879
2 0 0.008040 0.102228 0.857671 0.023259 0.008802
2 0 0.017514 0.172792 0.740365 0.017773 0.051555
2 1 0.010618 0.157957 0.721181 0.015510 0.094735
2 1 0.008886 0.159592 0.649324 0.010199 0.172001
2 1 0.007533 0.153712 0.652778 0.008462 0.177515
2 1 0.005477 0.135212 0.738901 0.008548 0.111862
2 1 0.005063 0.123001 0.792579 0.011076 0.068282
2 1 0.004140 0.108319 0.831289 0.011969 0.044283
2 2 0.003699 0.094599 0.861067 0.015248 0.025387
2 2 0.002366 0.072225 0.898091 0.015427 0.011892
2 0 0.002235 0.061670 0.911521 0.019060 0.005514
2 0 0.012722 0.137304 0.821337 0.012880 0.015756
2 1 0.009246 0.115873 0.852692 0.012222 0.009966
2 1 0.011103 0.126702 0.839227 0.011445 0.011523
2 1 0.017662 0.177324 0.757640 0.009019 0.038356
2 1 0.002268 0.085954 0.873837 0.008238 0.029703
2 1 0.002081 0.076613 0.892520 0.010131 0.018655
2 1 0.001350 0.059491 0.919829 0.009800 0.009530
2 1 0.001029 0.048746 0.934301 0.010688 0.005236
2 1 0.000773 0.041840 0.943870 0.009847 0.003669
2 2 0.000931 0.045549 0.938370 0.010828 0.004322
2 2 0.000925 0.044076 0.939478 0.011785 0.003736
2 2 0.001416 0.050650 0.926564 0.017154 0.004217
2 2 0.001642 0.052450 0.921485 0.020282 0.004141
2 2 0.002132 0.057987 0.910743 0.024324 0.004814
2 2 0.001631 0.051968 0.921823 0.020577 0.004001
2 2 0.001322 0.048713 0.929183 0.016957 0.003825
2 2 0.000798 0.040183 0.944369 0.011726 0.002924
2 2 0.000536 0.032910 0.954615 0.010034 0.001905
2 2 0.000488 0.030658 0.956987 0.010320 0.001546
2 2 0.000422 0.028282 0.960073 0.009944 0.001279
2 2 0.000446 0.028898 0.958985 0.010353 0.001318
2 2 0.000721 0.035053 0.948061 0.014399 0.001766
2 2 0.000860 0.038244 0.943284 0.015489 0.002122
2 1 0.000803 0.037595 0.945095 0.014375 0.002132
2 0 0.163943 0.317271 0.401749 0.016411 0.100626
2 0 0.056716 0.229165 0.662658 0.020535 0.030927
2 0 0.093427 0.269337 0.597481 0.010794 0.028961
2 0 0.036154 0.170985 0.764912 0.019246 0.008703
2 0 0.022648 0.144736 0.803189 0.021232 0.008195
2 0 0.023034 0.158598 0.787851 0.017339 0.013178
2 0 0.024082 0.157915 0.774089 0.028062 0.015852
2 0 0.017704 0.156394 0.779079 0.021329 0.025495
2 1 0.013368 0.165683 0.743394 0.013802 0.063754
2 4 0.005792 0.125066 0.793746 0.013632 0.061765
2 4 0.004570 0.128620 0.751527 0.007255 0.108028
2 4 0.004661 0.136324 0.681759 0.005271 0.171985
2 4 0.005747 0.152155 0.623378 0.003194 0.215526
2 4 0.006851 0.163121 0.582522 0.002538 0.244968
2 4 0.006725 0.161408 0.590746 0.002746 0.238375
2 4 0.004562 0.135643 0.682942 0.005133 0.171720
2 4 0.004782 0.139465 0.669212 0.004484 0.182058
2 4 0.005239 0.141382 0.669210 0.005484 0.178685
2 4 0.006180 0.151417 0.637271 0.004635 0.200497
2 4 0.009138 0.173654 0.564931 0.003626 0.248651
2 4 0.011887 0.173996 0.598478 0.010981 0.204658
2 4 0.019230 0.203417 0.506059 0.008068 0.263226
2 4 0.019270 0.210556 0.500733 0.005152 0.264289
2 4 0.013060 0.188222 0.534687 0.005102 0.258928
2 4 0.015216 0.192469 0.534430 0.007154 0.250731
2 4 0.006575 0.149010 0.655530 0.007223 0.181662
2 4 0.004064 0.131475 0.691686 0.004649 0.168127
2 4 0.002965 0.120783 0.713465 0.003481 0.159306
2 4 0.003251 0.123840 0.707247 0.003789 0.161873
2 4 0.003695 0.128184 0.698401 0.004261 0.165459
2 4 0.005354 0.141353 0.671414 0.005985 0.175893
2 4 0.006821 0.150405 0.652616 0.007470 0.182689
2 4 0.009670 0.174634 0.568670 0.004320 0.242705
2 4 0.011026 0.184307 0.527296 0.003195 0.274177
2 4 0.011658 0.186910 0.520015 0.003254 0.278163
2 4 0.007817 0.159538 0.623377 0.006233 0.203036
2 4 0.005911 0.145012 0.663847 0.006553 0.178677
2 4 0.006227 0.153709 0.625766 0.003930 0.210368
2 4 0.006888 0.161130 0.596705 0.003149 0.232128
2 4 0.006766 0.158019 0.612808 0.003851 0.218556
2 4 0.009054 0.173659 0.563165 0.003467 0.250654
2 4 0.008953 0.174267 0.556720 0.003092 0.256968
2 4 0.008447 0.174372 0.543194 0.002273 0.271714
2 4 0.007983 0.170169 0.562765 0.002645 0.256437
2 4 0.006289 0.148611 0.653153 0.006264 0.185683
2 4 0.011707 0.182661 0.550958 0.005069 0.249606
4 4 0.028211 0.229486 0.337945 0.001830 0.402528
4 4 0.050986 0.237952 0.187257 0.000611 0.523194
4 4 0.061781 0.236274 0.252252 0.003496 0.446198
4 4 0.058749 0.248926 0.291258 0.005029 0.396037
4 4 0.048207 0.244782 0.241865 0.001387 0.463759
4 4 0.027101 0.227322 0.306145 0.001080 0.438352
4 4 0.027961 0.224110 0.277601 0.000792 0.469536
2 4 0.015773 0.195000 0.482657 0.004018 0.302553
2 4 0.010159 0.177817 0.556849 0.004053 0.251122
2 4 0.008605 0.171511 0.568113 0.003339 0.248433
2 4 0.009393 0.178040 0.538990 0.002677 0.270900
2 4 0.009219 0.170677 0.584993 0.004951 0.230160
2 4 0.010966 0.173365 0.593376 0.008330 0.213963
2 4 0.007790 0.155513 0.641873 0.008436 0.186388
2 4 0.002019 0.108646 0.738136 0.002447 0.148753
2 4 0.001991 0.108231 0.738979 0.002416 0.148382
2 4 0.002281 0.112392 0.730518 0.002737 0.152073
2 4 0.002110 0.109999 0.735384 0.002549 0.149959
2 4 0.001799 0.104471 0.754139 0.002298 0.137293
2 4 0.001731 0.104059 0.747479 0.002124 0.144608
2 4 0.001927 0.107250 0.740977 0.002345 0.147501
2 4 0.001782 0.104915 0.745734 0.002182 0.145388
2 4 0.002530 0.115658 0.723880 0.003010 0.154922
2 4 0.002488 0.115120 0.724974 0.002964 0.154455
2 1 0.003626 0.127538 0.699717 0.004188 0.164930
2 1 0.002808 0.119011 0.717066 0.003313 0.157802
2 1 0.002056 0.098923 0.795391 0.003849 0.099780
2 1 0.001733 0.093594 0.814109 0.003418 0.087146
2 1 0.002044 0.106202 0.768735 0.002894 0.120125
2 1 0.002987 0.121028 0.712967 0.003505 0.159513
2 1 0.002722 0.117124 0.730398 0.003389 0.146367
2 1 0.003417 0.125518 0.703833 0.003966 0.163267
2 1 0.003443 0.125771 0.703317 0.003993 0.163476
2 1 0.004269 0.133207 0.688146 0.004864 0.169515
2 0 0.003648 0.099476 0.863424 0.008139 0.025312
2 1 0.004332 0.096856 0.856477 0.018977 0.023358
2 1 0.002531 0.082750 0.882034 0.011480 0.021205
2 1 0.001872 0.078672 0.887378 0.007626 0.024452
2 1 0.001750 0.071755 0.900604 0.008980 0.016911
2 1 0.001335 0.060208 0.918963 0.009255 0.010239
2 2 0.001193 0.054480 0.926862 0.010127 0.007338
2 2 0.000499 0.035040 0.954340 0.007333 0.002788
2 2 0.000412 0.032887 0.957882 0.006172 0.002646
2 2 0.000513 0.038594 0.950840 0.005829 0.004224
2 2 0.000370 0.031840 0.959628 0.005552 0.002610
2 2 0.000161 0.017348 0.974568 0.006922 0.001000
2 2 0.000090 0.011638 0.980309 0.007408 0.000555
2 2 0.000102 0.013333 0.979636 0.006271 0.000658
2 2 0.000040 0.007100 0.985892 0.006618 0.000350
2 2 0.000018 0.004002 0.987675 0.008120 0.000184
2 2 0.000015 0.003487 0.988015 0.008327 0.000156
2 2 0.000029 0.005686 0.986992 0.007019 0.000274
2 2 0.000031 0.005778 0.986159 0.007756 0.000276
2 2 0.000041 0.006663 0.984600 0.008420 0.000276
2 2 0.000018 0.003692 0.986021 0.010070 0.000199
2 2 0.000011 0.002579 0.985752 0.011529 0.000129
2 2 0.000010 0.002385 0.985045 0.012449 0.000109
2 2 0.000015 0.003169 0.985324 0.011365 0.000127
2 2 0.000020 0.003584 0.983455 0.012789 0.000152
2 2 0.000028 0.004368 0.981035 0.014355 0.000215
2 2 0.000018 0.002967 0.979021 0.017862 0.000133
2 2 0.000024 0.003570 0.976901 0.019339 0.000166
2 2 0.000021 0.003522 0.980797 0.015513 0.000147
2 2 0.000022 0.003687 0.980961 0.015173 0.000156
2 2 0.000022 0.003323 0.977198 0.019317 0.000141
2 2 0.000027 0.003418 0.969395 0.026999 0.000161
2 2 0.000033 0.003613 0.963410 0.032768 0.000177
2 2 0.000052 0.004418 0.953524 0.041763 0.000243
2 3 0.000099 0.005228 0.914214 0.080131 0.000329
2 3 0.000100 0.004266 0.861320 0.134030 0.000284
2 3 0.000106 0.004004 0.830151 0.165467 0.000271
2 3 0.000082 0.003122 0.799916 0.196655 0.000225
2 3 0.000109 0.004068 0.828892 0.166673 0.000258
2 3 0.000057 0.002919 0.860290 0.136576 0.000158
2 3 0.000148 0.004408 0.782089 0.212927 0.000428
2 3 0.000091 0.002795 0.725683 0.271239 0.000192
2 3 0.000114 0.003393 0.747423 0.248857 0.000214
2 3 0.000260 0.006033 0.761486 0.231797 0.000425
2 3 0.000194 0.004150 0.680262 0.315098 0.000296
2 3 0.000189 0.004416 0.715984 0.279114 0.000296
2 3 0.000198 0.004496 0.711599 0.283417 0.000290
2 3 0.000178 0.005601 0.828026 0.165848 0.000346
2 2 0.000074 0.004240 0.911210 0.084288 0.000188
2 2 0.000049 0.004876 0.966067 0.028859 0.000148
2 2 0.000055 0.006298 0.976431 0.017051 0.000165
2 2 0.000068 0.007442 0.976791 0.015529 0.000170
2 2 0.000046 0.005757 0.978432 0.015652 0.000113
2 2 0.000056 0.006384 0.976869 0.016563 0.000129
2 2 0.000038 0.004853 0.976659 0.018349 0.000100
2 2 0.000031 0.003922 0.973264 0.022696 0.000087
