4 4 0.276934 0.185304 0.112345 0.018217 0.407200
4 4 0.271305 0.216011 0.137079 0.015364 0.360242
4 4 0.259740 0.215441 0.217953 0.029430 0.277436
0 4 0.359023 0.206999 0.169279 0.027518 0.237180
0 4 0.544499 0.180186 0.096499 0.017338 0.161478
0 4 0.498889 0.205734 0.097401 0.009132 0.188844
1 4 0.193058 0.295208 0.227885 0.008519 0.275330
4 4 0.157825 0.278198 0.220456 0.008910 0.334611
2 4 0.110373 0.278423 0.336973 0.010716 0.263516
2 4 0.096421 0.282842 0.381055 0.009966 0.229717
2 4 0.041796 0.235468 0.575358 0.010792 0.136586
2 4 0.031611 0.213580 0.627369 0.011256 0.116184
2 4 0.032322 0.222369 0.638549 0.008396 0.098365
2 4 0.047169 0.220092 0.654539 0.010043 0.068157
2 4 0.073982 0.232192 0.616652 0.012390 0.064784
2 4 0.074588 0.193838 0.661373 0.020738 0.049463
2 4 0.143190 0.200673 0.556550 0.037516 0.062071
2 4 0.251621 0.190845 0.442126 0.055410 0.059998
0 0 0.373197 0.182135 0.332833 0.055954 0.055880
0 1 0.432608 0.167196 0.282804 0.061683 0.055709
0 1 0.357162 0.208917 0.175119 0.028470 0.230332
0 1 0.391606 0.218203 0.221554 0.028643 0.139994
2 1 0.232506 0.242561 0.374367 0.027055 0.123510
2 1 0.067710 0.183236 0.661181 0.024118 0.063755
2 2 0.061707 0.152360 0.689694 0.039419 0.056821
2 2 0.038076 0.114207 0.767170 0.045338 0.035209
2 2 0.091635 0.125122 0.644496 0.094860 0.043887
2 2 0.095277 0.121645 0.609838 0.118764 0.054475
2 2 0.076994 0.103526 0.656064 0.126211 0.037206
2 2 0.021778 0.058722 0.786637 0.117178 0.015685
2 2 0.013289 0.056195 0.848971 0.068412 0.013133
2 2 0.002924 0.028543 0.913288 0.050223 0.005022
2 2 0.000720 0.016245 0.947116 0.033456 0.002463
2 2 0.000345 0.009528 0.941364 0.047564 0.001200
2 2 0.000123 0.005415 0.943250 0.050618 0.000594
2 2 0.000139 0.006244 0.953276 0.039656 0.000684
2 2 0.000046 0.003059 0.938707 0.057915 0.000273
2 2 0.000053 0.002957 0.918227 0.078492 0.000271
2 3 0.000065 0.002812 0.881399 0.115473 0.000251
2 2 0.000089 0.002908 0.847610 0.149119 0.000274
3 3 0.000262 0.002255 0.426589 0.570496 0.000399
3 3 0.000623 0.003243 0.396682 0.598883 0.000569
3 3 0.000344 0.002109 0.345998 0.651187 0.000363
3 3 0.000444 0.002808 0.412802 0.583504 0.000442
3 3 0.000229 0.001454 0.295044 0.703042 0.000231
3 3 0.000266 0.001370 0.249611 0.748518 0.000235
3 3 0.000429 0.001585 0.212563 0.785112 0.000311
3 3 0.000376 0.001020 0.135399 0.862975 0.000229
3 3 0.000271 0.000584 0.083861 0.915144 0.000140
3 3 0.000219 0.000483 0.078476 0.920713 0.000109
3 3 0.000205 0.000398 0.062838 0.936461 0.000098
3 3 0.000207 0.000373 0.055962 0.943361 0.000098
3 3 0.000189 0.000257 0.036244 0.963237 0.000074
3 3 0.000289 0.000376 0.043468 0.955756 0.000110
3 3 0.000493 0.000660 0.062813 0.935848 0.000186
3 3 0.000515 0.000769 0.072302 0.926181 0.000233
3 3 0.000312 0.000618 0.078263 0.920630 0.000177
3 3 0.000376 0.000667 0.071574 0.927145 0.000239
3 3 0.000183 0.000277 0.038480 0.960958 0.000102
3 3 0.000178 0.000183 0.021080 0.978462 0.000098
3 3 0.000162 0.000248 0.033243 0.966219 0.000127
3 3 0.000119 0.000131 0.017143 0.982518 0.000088
3 3 0.000192 0.000193 0.020127 0.979358 0.000130
3 3 0.000157 0.000156 0.017706 0.981889 0.000093
3 3 0.000198 0.000194 0.020264 0.979241 0.000103
3 3 0.000160 0.000194 0.024513 0.975045 0.000088
3 3 0.000175 0.000195 0.023513 0.976033 0.000085
3 3 0.000150 0.000143 0.016842 0.982789 0.000076
3 3 0.000104 0.000112 0.015460 0.984258 0.000066
3 3 0.000100 0.000119 0.017526 0.982188 0.000067
3 3 0.000058 0.000077 0.015074 0.984750 0.000041
3 3 0.000049 0.000057 0.011077 0.988784 0.000034
3 3 0.000048 0.000058 0.011777 0.988082 0.000035
3 3 0.000048 0.000055 0.011209 0.988655 0.000033
3 3 0.000053 0.000062 0.011527 0.988319 0.000039
3 3 0.000122 0.000123 0.014552 0.985119 0.000084
3 3 0.000149 0.000136 0.014499 0.985127 0.000090
3 3 0.000142 0.000121 0.013157 0.986504 0.000076
3 3 0.000187 0.000138 0.013318 0.986280 0.000079
3 3 0.000168 0.000122 0.013263 0.986384 0.000064
3 3 0.000139 0.000197 0.031172 0.968424 0.000067
3 3 0.000210 0.000189 0.021963 0.977568 0.000071
3 3 0.000460 0.000276 0.018779 0.980343 0.000142
3 3 0.000672 0.000406 0.021623 0.977061 0.000238
3 3 0.001259 0.000725 0.027664 0.969883 0.000469
3 3 0.002196 0.001096 0.030669 0.965316 0.000722
3 3 0.004330 0.002040 0.039034 0.953086 0.001509
3 2 0.004539 0.002277 0.043648 0.947801 0.001735
3 3 0.005923 0.003043 0.052529 0.936103 0.002402
3 3 0.007843 0.004140 0.064917 0.919762 0.003338
3 3 0.009427 0.004358 0.061300 0.921588 0.003327
3 3 0.014389 0.008262 0.106820 0.863572 0.006958
3 2 0.010673 0.006747 0.106340 0.870701 0.005540
3 2 0.011843 0.011009 0.191893 0.777507 0.007747
3 2 0.012106 0.013520 0.229437 0.734115 0.010822
3 2 0.013951 0.013478 0.199515 0.760504 0.012551
3 2 0.012075 0.010610 0.162359 0.804286 0.010670
3 2 0.014382 0.011593 0.164937 0.798192 0.010895
3 2 0.023871 0.022005 0.285839 0.653231 0.015054
3 2 0.013459 0.020824 0.417320 0.538617 0.009779
2 2 0.096320 0.080446 0.532330 0.257480 0.033424
2 2 0.179816 0.089677 0.442604 0.256459 0.031443
2 2 0.165257 0.083614 0.466979 0.258431 0.025719
2 2 0.227758 0.099764 0.422083 0.216220 0.034175
2 2 0.228000 0.090101 0.382543 0.262955 0.036401
3 2 0.208364 0.073984 0.332040 0.350373 0.035240
3 2 0.082868 0.034307 0.254420 0.608989 0.019416
3 2 0.060602 0.029641 0.230374 0.658511 0.020872
3 2 0.053931 0.027844 0.219434 0.677575 0.021217
3 2 0.021866 0.014125 0.175969 0.776661 0.011380
3 2 0.039569 0.030582 0.318724 0.589852 0.021274
2 2 0.044794 0.046840 0.497227 0.390035 0.021105
2 2 0.127396 0.085329 0.468922 0.280430 0.037923
2 2 0.113104 0.084748 0.543045 0.231883 0.027220
2 2 0.062535 0.055044 0.510762 0.350590 0.021069
2 2 0.049816 0.043840 0.482796 0.407734 0.015814
2 2 0.064293 0.051001 0.468452 0.396791 0.019462
2 2 0.038334 0.042212 0.558553 0.349467 0.011434
2 2 0.018445 0.029600 0.601688 0.343386 0.006881
2 2 0.021380 0.036309 0.658233 0.275855 0.008223
2 2 0.064583 0.057754 0.519347 0.334360 0.023956
2 2 0.067139 0.051369 0.479278 0.382742 0.019472
2 2 0.101863 0.061814 0.417552 0.389148 0.029623
3 2 0.144901 0.070369 0.372968 0.375917 0.035845
3 2 0.161889 0.066020 0.326102 0.411760 0.034230
3 2 0.213278 0.079879 0.331607 0.336254 0.038983
2 2 0.231939 0.095257 0.357958 0.270566 0.044280
2 2 0.286237 0.096401 0.314016 0.262491 0.040856
0 2 0.307911 0.101032 0.303378 0.246083 0.041596
3 2 0.233258 0.071761 0.282069 0.380263 0.032649
3 2 0.231444 0.076246 0.313337 0.346063 0.032910
2 2 0.281272 0.084488 0.303941 0.295262 0.035037
2 2 0.226754 0.081699 0.362736 0.300654 0.028157
2 2 0.143121 0.094056 0.531821 0.205520 0.025482
2 2 0.126723 0.097962 0.567810 0.181206 0.026299
2 2 0.128993 0.108351 0.582762 0.150846 0.029048
2 2 0.199664 0.119411 0.500975 0.149278 0.030671
2 2 0.223348 0.115851 0.475202 0.156794 0.028805
2 2 0.227040 0.122229 0.484002 0.137329 0.029399
2 2 0.257413 0.129418 0.457190 0.125698 0.030282
0 2 0.418707 0.121309 0.312670 0.120300 0.027014
0 2 0.432191 0.118227 0.297883 0.125070 0.026630
2 2 0.362330 0.129608 0.364869 0.115534 0.027659
0 2 0.446264 0.118715 0.290337 0.119649 0.025034
0 2 0.447036 0.108455 0.289870 0.134033 0.020606
0 2 0.404674 0.102828 0.317764 0.157101 0.017634
2 2 0.308568 0.106330 0.400592 0.166347 0.018163
2 2 0.286703 0.114503 0.421991 0.154841 0.021961
2 2 0.260133 0.121816 0.453038 0.140149 0.024865
2 2 0.198097 0.132507 0.537001 0.105519 0.026875
2 2 0.273744 0.127848 0.444930 0.126084 0.027395
2 2 0.239864 0.125570 0.475434 0.131173 0.027958
2 2 0.206716 0.127458 0.520593 0.119175 0.026058
2 2 0.205509 0.133466 0.530921 0.104707 0.025396
2 2 0.243139 0.133574 0.477832 0.117166 0.028289
2 2 0.283398 0.128147 0.426456 0.134236 0.027762
2 2 0.354095 0.132790 0.369527 0.115284 0.028303
2 2 0.239221 0.137380 0.488956 0.105998 0.028446
2 2 0.325191 0.138899 0.395076 0.108923 0.031912
2 2 0.247982 0.152907 0.482293 0.083234 0.033585
2 2 0.034702 0.066534 0.770475 0.115951 0.012339
2 2 0.042025 0.066331 0.751497 0.130325 0.009822
2 2 0.023153 0.050175 0.798721 0.121671 0.006280
2 2 0.013186 0.037026 0.823550 0.122036 0.004202
2 2 0.008197 0.027283 0.814887 0.146498 0.003134
2 2 0.011557 0.033172 0.805817 0.145126 0.004328
2 2 0.019132 0.046712 0.811521 0.116369 0.006266
2 2 0.011012 0.038017 0.848718 0.097452 0.004802
2 2 0.018424 0.053496 0.848781 0.072599 0.006700
2 2 0.034592 0.061968 0.775904 0.117448 0.010089
2 2 0.060723 0.072223 0.701847 0.151957 0.013251
2 2 0.080282 0.081062 0.648535 0.171115 0.019005
2 2 0.059803 0.083463 0.698423 0.136375 0.021937
2 2 0.052124 0.095678 0.750627 0.080418 0.021153
2 2 0.035277 0.096597 0.795746 0.051336 0.021045
2 2 0.028630 0.074134 0.789119 0.089854 0.018262
2 2 0.011246 0.042487 0.815888 0.120321 0.010059
2 2 0.008590 0.031363 0.770159 0.181822 0.008065
2 2 0.008519 0.039506 0.842684 0.100027 0.009264
2 2 0.004598 0.035204 0.888985 0.063252 0.007962
2 2 0.001506 0.027892 0.943174 0.023073 0.004355
2 2 0.007755 0.047389 0.881124 0.054407 0.009326
2 2 0.015367 0.061089 0.826841 0.080633 0.016070
2 2 0.023474 0.084081 0.812483 0.056986 0.022975
2 2 0.047938 0.120234 0.714861 0.068777 0.048190
2 2 0.069478 0.142968 0.648002 0.071579 0.067973
2 2 0.028129 0.095035 0.773328 0.067743 0.035765
2 2 0.038991 0.101973 0.728229 0.088392 0.042415
2 2 0.047555 0.100174 0.706117 0.105284 0.040871
2 2 0.071423 0.105866 0.637401 0.137351 0.047959
2 2 0.094207 0.126180 0.638635 0.095633 0.045345
2 2 0.126380 0.127311 0.590818 0.111097 0.044393
2 4 0.265757 0.148889 0.424000 0.103826 0.057528
2 4 0.212150 0.141986 0.485076 0.108883 0.051905
2 4 0.236001 0.125071 0.451079 0.144901 0.042947
2 4 0.293794 0.129975 0.399449 0.133646 0.043135
0 4 0.350252 0.143985 0.349081 0.106519 0.050163
0 4 0.348952 0.161319 0.347264 0.084404 0.058060
2 4 0.341583 0.168098 0.347990 0.077713 0.064616
2 4 0.271192 0.194052 0.407828 0.055256 0.071672
0 4 0.499139 0.193657 0.194534 0.026527 0.086143
0 4 0.657617 0.164559 0.096684 0.012736 0.068404
0 0 0.522970 0.220755 0.154983 0.011644 0.089649
0 4 0.578050 0.181837 0.115991 0.016585 0.107537
0 4 0.395397 0.198908 0.270637 0.040161 0.094896
0 4 0.405643 0.176526 0.268036 0.060628 0.089167
0 4 0.409003 0.161476 0.229245 0.084956 0.115319
0 4 0.418442 0.159331 0.222485 0.087818 0.111924
0 4 0.393306 0.146487 0.264879 0.115963 0.079364
0 4 0.388651 0.136456 0.282948 0.129956 0.061989
0 4 0.476610 0.142805 0.249145 0.083330 0.048110
0 4 0.397690 0.163429 0.318080 0.070967 0.049835
0 4 0.383920 0.185926 0.344835 0.042688 0.042630
0 1 0.600467 0.137349 0.177775 0.047510 0.036900
0 0 0.630313 0.127260 0.157961 0.048155 0.036310
0 1 0.711156 0.118184 0.109083 0.029733 0.031843
0 1 0.526942 0.145299 0.242438 0.054925 0.030396
0 1 0.553755 0.150752 0.211091 0.048330 0.036072
0 1 0.616261 0.117322 0.164187 0.072206 0.030024
0 0 0.501458 0.120463 0.245226 0.105039 0.027813
0 1 0.467615 0.142172 0.260143 0.090668 0.039401
0 1 0.367729 0.122247 0.334916 0.148137 0.026972
0 1 0.548531 0.125008 0.211722 0.086179 0.028559
0 1 0.707698 0.095586 0.112629 0.061062 0.023026
0 1 0.801965 0.084932 0.065708 0.027158 0.020237
0 1 0.799315 0.080995 0.068948 0.030927 0.019815
0 1 0.768181 0.098293 0.080930 0.025734 0.026863
0 1 0.685241 0.138519 0.121847 0.020042 0.034352
0 0 0.476292 0.215851 0.248961 0.015590 0.043305
2 1 0.268777 0.235810 0.438800 0.017289 0.039324
0 1 0.412406 0.182200 0.319402 0.043857 0.042135
2 1 0.134981 0.135939 0.625241 0.077054 0.026784
2 4 0.101274 0.106623 0.658629 0.111641 0.021833
2 2 0.063037 0.079710 0.724884 0.119249 0.013120
2 2 0.049241 0.065726 0.731847 0.142687 0.010500
2 2 0.077358 0.080114 0.683311 0.144834 0.014384
2 2 0.036108 0.061109 0.761792 0.129892 0.011098
2 2 0.024053 0.052594 0.797512 0.116996 0.008844
2 2 0.032682 0.065478 0.787176 0.102544 0.012120
2 2 0.074186 0.100819 0.702317 0.099410 0.023268
2 2 0.204045 0.145486 0.516136 0.097340 0.036993
2 2 0.163009 0.104355 0.551286 0.161913 0.019437
2 2 0.137857 0.100237 0.584506 0.159379 0.018021
2 2 0.195631 0.109196 0.505230 0.168578 0.021366
2 2 0.083760 0.079844 0.645706 0.176266 0.014423
2 2 0.048640 0.059511 0.696075 0.186319 0.009455
2 2 0.065844 0.059551 0.621151 0.242690 0.010763
2 2 0.076213 0.065691 0.618092 0.227459 0.012545
2 2 0.039364 0.049331 0.663612 0.238335 0.009358
2 2 0.016865 0.036239 0.732241 0.208221 0.006434
2 2 0.011550 0.031474 0.737770 0.213033 0.006173
2 2 0.012780 0.034297 0.756017 0.190543 0.006363
2 2 0.024920 0.040896 0.670383 0.254949 0.008852
2 2 0.027425 0.040785 0.628488 0.292973 0.010329
2 2 0.084947 0.068313 0.566917 0.262730 0.017092
2 2 0.097178 0.071924 0.512935 0.294817 0.023146
2 2 0.119820 0.080699 0.512975 0.261909 0.024597
3 2 0.109592 0.059336 0.400177 0.406765 0.024131
2 2 0.132213 0.070892 0.445844 0.326313 0.024737
2 2 0.232468 0.099164 0.412468 0.222774 0.033127
2 2 0.023064 0.048850 0.761850 0.156782 0.009454
2 2 0.016644 0.035909 0.746002 0.195855 0.005590
2 2 0.027290 0.045473 0.716150 0.202882 0.008205
2 2 0.058691 0.068251 0.671137 0.186889 0.015033
2 2 0.063401 0.066401 0.653529 0.202097 0.014572
2 2 0.064790 0.061444 0.629792 0.230902 0.013072
2 2 0.167925 0.091745 0.520331 0.199658 0.020340
2 2 0.270397 0.098502 0.415040 0.195341 0.020719
2 2 0.347829 0.098529 0.352269 0.182679 0.018695
0 2 0.363263 0.104113 0.353593 0.160193 0.018837
0 2 0.575444 0.100326 0.196620 0.106614 0.020996
0 2 0.642836 0.099814 0.156281 0.078620 0.022448
0 1 0.492132 0.125634 0.271334 0.087238 0.023662
0 1 0.413662 0.129981 0.334207 0.098488 0.023663
2 2 0.233493 0.127515 0.507169 0.109682 0.022141
2 2 0.122691 0.111209 0.655079 0.095051 0.015970
2 2 0.083785 0.092312 0.699947 0.110719 0.013236
2 2 0.096256 0.093352 0.676322 0.122138 0.011931
2 2 0.204428 0.109730 0.515318 0.154591 0.015934
2 2 0.320230 0.106033 0.389084 0.169657 0.014996
0 2 0.655356 0.100051 0.140016 0.077552 0.027026
0 2 0.807095 0.072794 0.058385 0.039499 0.022227
0 1 0.854976 0.064160 0.039658 0.023114 0.018093
0 0 0.740813 0.097150 0.096524 0.039923 0.025591
0 1 0.776876 0.095186 0.076350 0.026310 0.025278
0 1 0.480516 0.135919 0.243419 0.092472 0.047674
0 1 0.377291 0.139351 0.323685 0.113750 0.045923
0 1 0.408055 0.148022 0.283021 0.101899 0.059003
0 1 0.373151 0.113525 0.272445 0.192020 0.048858
0 1 0.443948 0.093163 0.200819 0.222730 0.039340
0 1 0.368387 0.086700 0.249535 0.265177 0.030201
2 1 0.328485 0.112856 0.366246 0.164472 0.027941
2 1 0.285365 0.114750 0.402818 0.167476 0.029590
2 1 0.214900 0.111468 0.482246 0.165599 0.025787
2 2 0.166311 0.122007 0.566203 0.119269 0.026209
2 2 0.163485 0.120693 0.571758 0.118177 0.025887
2 2 0.075189 0.098467 0.720066 0.089277 0.017000
2 2 0.079045 0.108975 0.722782 0.071556 0.017643
2 2 0.101055 0.127685 0.668970 0.075267 0.027023
2 2 0.102266 0.122662 0.648110 0.095596 0.031366
2 2 0.005880 0.029204 0.837885 0.121744 0.005286
2 2 0.029297 0.077873 0.823104 0.057618 0.012108
2 2 0.030277 0.075964 0.821861 0.060472 0.011425
2 2 0.057752 0.095716 0.766905 0.065674 0.013953
2 2 0.036104 0.075326 0.811395 0.066623 0.010552
2 2 0.041065 0.082574 0.802173 0.062403 0.011785
2 2 0.009362 0.037395 0.869733 0.078787 0.004723
2 2 0.014955 0.044583 0.844376 0.090477 0.005608
2 2 0.011035 0.035611 0.836990 0.111838 0.004526
2 2 0.019311 0.045222 0.819688 0.110558 0.005220
2 2 0.069600 0.085148 0.722523 0.109532 0.013198
2 2 0.187725 0.131327 0.561421 0.094669 0.024858
2 2 0.284745 0.142327 0.457715 0.089556 0.025657
2 2 0.349916 0.151986 0.394396 0.075440 0.028262
0 2 0.479168 0.128946 0.267132 0.093963 0.030791
0 2 0.590581 0.109539 0.189139 0.085645 0.025096
0 2 0.681065 0.089671 0.136622 0.075630 0.017011
0 0 0.744549 0.081165 0.105431 0.055672 0.013183
0 0 0.862059 0.051464 0.043639 0.034300 0.008538
0 0 0.932458 0.031017 0.016117 0.015770 0.004638
0 0 0.836458 0.065052 0.054698 0.031673 0.012118
0 0 0.806512 0.061694 0.061024 0.056149 0.014621
0 0 0.688806 0.085876 0.116112 0.085723 0.023482
0 0 0.728150 0.081312 0.096632 0.071635 0.022271
0 0 0.648157 0.096598 0.150066 0.083085 0.022093
0 0 0.570568 0.128430 0.197729 0.068772 0.034502
0 0 0.472408 0.171330 0.252194 0.049489 0.054579
2 0 0.285739 0.229886 0.363875 0.032680 0.087820
2 4 0.215994 0.290063 0.332776 0.014225 0.146941
2 4 0.086265 0.262058 0.472134 0.014227 0.165316
2 4 0.089156 0.265428 0.344547 0.013652 0.287218
4 4 0.123175 0.254770 0.264397 0.016091 0.341567
4 4 0.091863 0.217779 0.313216 0.027936 0.349207
2 4 0.089372 0.176657 0.340733 0.056741 0.336497
4 4 0.101074 0.172966 0.332085 0.060932 0.332942
4 4 0.141377 0.175665 0.236000 0.050089 0.396868
4 4 0.135250 0.153836 0.213534 0.060711 0.436669
4 4 0.123636 0.153049 0.220548 0.055541 0.447225
4 4 0.127907 0.138040 0.282889 0.124843 0.326322
2 4 0.156811 0.134364 0.287087 0.163437 0.258301
4 4 0.285087 0.157254 0.152548 0.087054 0.318058
0 4 0.419923 0.152129 0.121283 0.078816 0.227849
0 4 0.343689 0.145714 0.134902 0.116436 0.259259
0 4 0.312638 0.142886 0.139334 0.130494 0.274649
0 4 0.324491 0.132185 0.137218 0.171019 0.235087
0 4 0.385644 0.145391 0.128911 0.108633 0.231421
0 4 0.411246 0.146553 0.141296 0.104148 0.196757
0 4 0.351806 0.152935 0.209701 0.107823 0.177734
2 4 0.222695 0.135246 0.313843 0.166969 0.161246
0 4 0.318824 0.158563 0.210758 0.098841 0.213014
4 4 0.188473 0.158808 0.228251 0.083972 0.340496
4 4 0.259383 0.152069 0.181991 0.113323 0.293234
0 4 0.310533 0.154707 0.192984 0.109296 0.232480
0 4 0.289294 0.152290 0.201546 0.119359 0.237511
4 4 0.258937 0.163216 0.182219 0.078863 0.316765
4 4 0.240124 0.147969 0.193002 0.128149 0.290756
0 4 0.321774 0.156551 0.186884 0.101815 0.232977
2 4 0.258188 0.156577 0.259980 0.108378 0.216877
0 4 0.319481 0.161424 0.233987 0.090651 0.194457
0 4 0.438972 0.157303 0.186164 0.071078 0.146483
4 4 0.160217 0.138148 0.147139 0.096563 0.457933
4 4 0.226359 0.138964 0.148381 0.136769 0.349526
4 4 0.226341 0.140203 0.148816 0.131445 0.353196
0 4 0.324059 0.156632 0.134464 0.081709 0.303136
0 4 0.352223 0.161099 0.128213 0.066417 0.292048
2 4 0.098821 0.149546 0.446018 0.105780 0.199836
2 4 0.037707 0.101869 0.578632 0.138221 0.143571
2 4 0.066551 0.110060 0.482567 0.164363 0.176459
2 4 0.072653 0.101265 0.379180 0.217093 0.229808
3 4 0.088336 0.082633 0.320006 0.362720 0.146305
2 4 0.180320 0.123658 0.267711 0.221058 0.207253
0 4 0.298339 0.146305 0.182038 0.135543 0.237775
0 4 0.470383 0.143247 0.113874 0.086602 0.185895
0 4 0.530646 0.120196 0.101436 0.122941 0.124781
0 4 0.619674 0.118825 0.084834 0.074155 0.102513
0 4 0.540288 0.134808 0.100775 0.077990 0.146139
0 4 0.469872 0.166140 0.102617 0.033384 0.227987
0 4 0.356445 0.190967 0.094227 0.011002 0.347358
4 4 0.263340 0.189625 0.095706 0.008985 0.442344
4 4 0.272046 0.207365 0.103500 0.007587 0.409501
2 4 0.021783 0.233479 0.622897 0.009253 0.112588
2 4 0.025686 0.251456 0.589008 0.008841 0.125009
2 4 0.038394 0.284694 0.525564 0.007556 0.143792
2 4 0.029396 0.239647 0.627072 0.007080 0.096805
2 4 0.063279 0.257871 0.563336 0.010454 0.105061
2 4 0.095035 0.248522 0.497892 0.019442 0.139109
2 1 0.152171 0.277144 0.400183 0.016712 0.153790
2 4 0.073009 0.256014 0.560916 0.011185 0.098876
2 4 0.059676 0.298595 0.523760 0.004809 0.113159
2 4 0.027292 0.222894 0.668736 0.005973 0.075105
2 4 0.010508 0.151374 0.784329 0.007138 0.046651
2 4 0.003743 0.094545 0.875598 0.005572 0.020542
2 4 0.002243 0.077429 0.898576 0.005710 0.016042
2 4 0.003178 0.098851 0.870660 0.005596 0.021716
2 4 0.002655 0.085528 0.884000 0.007168 0.020648
2 4 0.004026 0.106500 0.860323 0.005481 0.023670
2 4 0.005392 0.109613 0.850668 0.006488 0.027839
2 4 0.009296 0.132702 0.809555 0.007643 0.040804
2 4 0.011890 0.142968 0.792234 0.007600 0.045308
2 4 0.041002 0.203147 0.603347 0.017633 0.134871
2 4 0.017662 0.191173 0.698232 0.009647 0.083286
2 4 0.024054 0.237241 0.642963 0.006614 0.089129
2 4 0.020951 0.208381 0.667925 0.009303 0.093440
2 4 0.021555 0.203431 0.662235 0.010888 0.101890
2 4 0.022719 0.197276 0.658421 0.012567 0.109017
2 4 0.061429 0.227731 0.608876 0.015077 0.086887
2 4 0.139046 0.226546 0.532995 0.027640 0.073772
2 4 0.300249 0.220166 0.367331 0.036369 0.075885
2 0 0.278091 0.220625 0.383253 0.035905 0.082127
2 4 0.244073 0.256761 0.380846 0.020507 0.097813
2 4 0.165542 0.305961 0.417105 0.009382 0.102011
2 4 0.104346 0.249585 0.455755 0.020981 0.169333
2 4 0.055695 0.179765 0.547522 0.042468 0.174550
2 4 0.041025 0.141976 0.609782 0.064284 0.142933
2 4 0.033575 0.111605 0.669002 0.093636 0.092181
2 4 0.025370 0.116296 0.733988 0.054419 0.069927
2 4 0.093309 0.175045 0.555265 0.060588 0.115793
2 4 0.148638 0.170366 0.495154 0.077157 0.108685
2 1 0.149506 0.145533 0.453116 0.116566 0.135279
2 1 0.101844 0.120862 0.499079 0.154508 0.123706
2 1 0.034775 0.113375 0.701877 0.069882 0.080092
2 2 0.062971 0.113585 0.673176 0.095006 0.055262
2 2 0.147837 0.155198 0.572907 0.070161 0.053897
2 4 0.140987 0.176822 0.575375 0.049012 0.057803
2 4 0.089999 0.173291 0.664096 0.030749 0.041865
2 0 0.086289 0.130703 0.708864 0.052738 0.021406
2 1 0.119790 0.132568 0.655092 0.070688 0.021862
2 2 0.091722 0.116439 0.671977 0.093000 0.026862
2 2 0.040425 0.081703 0.734190 0.115408 0.028274
2 1 0.046522 0.094970 0.732763 0.090474 0.035270
2 2 0.049125 0.102146 0.747320 0.071698 0.029711
2 2 0.025370 0.095996 0.806114 0.043642 0.028878
2 2 0.026136 0.108093 0.792271 0.037524 0.035977
2 2 0.009836 0.052069 0.823753 0.093996 0.020346
2 2 0.011386 0.051879 0.788588 0.123337 0.024810
2 2 0.004885 0.028906 0.765550 0.187045 0.013615
2 2 0.006411 0.036756 0.761986 0.174260 0.020588
2 2 0.012252 0.047855 0.755879 0.163615 0.020398
2 1 0.042075 0.060960 0.627645 0.249850 0.019470
2 2 0.100063 0.112296 0.613851 0.138146 0.035644
2 2 0.000267 0.012538 0.949555 0.034332 0.003308
2 2 0.000358 0.013335 0.953988 0.029970 0.002348
2 2 0.000258 0.009359 0.943035 0.045867 0.001481
2 2 0.000597 0.013023 0.927865 0.056373 0.002141
2 2 0.000882 0.014058 0.906906 0.075735 0.002419
2 2 0.001016 0.014031 0.894808 0.087766 0.002379
2 2 0.001831 0.017229 0.857913 0.119631 0.003396
2 2 0.004381 0.021021 0.719133 0.248850 0.006615
2 2 0.007641 0.029845 0.709528 0.241039 0.011946
2 2 0.005922 0.026498 0.701218 0.255309 0.011054
2 2 0.007848 0.046157 0.828555 0.100100 0.017340
2 2 0.026461 0.094204 0.795649 0.054596 0.029089
2 2 0.042467 0.120397 0.769658 0.039428 0.028051
2 2 0.021612 0.110413 0.825254 0.019170 0.023550
2 2 0.083309 0.137839 0.676998 0.060263 0.041591
2 2 0.084618 0.105721 0.680911 0.101920 0.026831
2 2 0.051086 0.075388 0.712824 0.140375 0.020327
2 2 0.019447 0.044144 0.756359 0.170075 0.009975
2 2 0.012823 0.056498 0.852113 0.065065 0.013501
2 2 0.013986 0.074402 0.860683 0.034762 0.016168
2 2 0.015865 0.032991 0.637566 0.304907 0.008671
2 2 0.043259 0.042628 0.533104 0.369777 0.011232
2 2 0.047168 0.046813 0.557538 0.335292 0.013188
2 2 0.111873 0.073562 0.490320 0.297090 0.027156
2 2 0.044929 0.048048 0.466204 0.412727 0.028092
3 2 0.027362 0.032219 0.363657 0.551545 0.025217
3 2 0.016974 0.028440 0.391133 0.538285 0.025168
2 2 0.006180 0.023680 0.598147 0.359669 0.012325
2 2 0.001355 0.010553 0.668829 0.315973 0.003290
2 2 0.000591 0.007336 0.728627 0.261683 0.001763
2 2 0.000317 0.004366 0.663509 0.330878 0.000930
2 2 0.000371 0.004540 0.631268 0.362734 0.001088
2 2 0.000353 0.004204 0.606738 0.387713 0.000992
2 2 0.000380 0.004152 0.563332 0.431043 0.001093
2 2 0.000748 0.007308 0.626657 0.363025 0.002261
2 2 0.001423 0.009093 0.530790 0.454722 0.003973
3 2 0.000720 0.005366 0.460013 0.531581 0.002319
3 2 0.000775 0.005478 0.435457 0.555641 0.002649
2 2 0.000701 0.005902 0.498872 0.492028 0.002496
2 2 0.000625 0.007478 0.633717 0.355300 0.002881
2 2 0.000157 0.002361 0.573361 0.423737 0.000384
2 2 0.000273 0.003221 0.595100 0.400899 0.000507
2 2 0.000485 0.004257 0.562708 0.431753 0.000796
2 2 0.000420 0.004508 0.600077 0.394019 0.000975
2 2 0.000674 0.006427 0.645828 0.345717 0.001354
2 2 0.000545 0.006052 0.679828 0.312470 0.001104
2 2 0.000496 0.006337 0.735462 0.256683 0.001024
2 2 0.000539 0.005487 0.650922 0.342130 0.000922
3 2 0.000572 0.003782 0.448534 0.546267 0.000844
3 2 0.000775 0.002583 0.240843 0.755068 0.000731
3 3 0.002942 0.004716 0.183092 0.807024 0.002227
3 3 0.003485 0.004889 0.174887 0.814447 0.002292
3 2 0.006941 0.009854 0.258420 0.720262 0.004523
3 2 0.005679 0.014504 0.460804 0.513960 0.005054
2 2 0.002530 0.013759 0.634434 0.345225 0.004053
2 2 0.002490 0.015768 0.694914 0.281902 0.004926
2 2 0.001726 0.013863 0.714789 0.264944 0.004678
2 2 0.001805 0.014326 0.697312 0.281463 0.005094
2 2 0.001857 0.014298 0.709113 0.270516 0.004216
2 2 0.001983 0.015179 0.753412 0.225936 0.003489
2 2 0.002276 0.010729 0.533280 0.449516 0.004199
3 2 0.001550 0.007301 0.469832 0.518849 0.002468
3 2 0.001774 0.006389 0.370004 0.619440 0.002393
3 2 0.003432 0.009558 0.351915 0.630488 0.004607
3 2 0.003743 0.008278 0.279730 0.703685 0.004564
3 2 0.004867 0.013440 0.407047 0.567785 0.006860
3 2 0.002254 0.009173 0.453372 0.531843 0.003357
2 2 0.001135 0.008969 0.664092 0.323811 0.001993
2 2 0.000716 0.005986 0.586973 0.404987 0.001338
3 2 0.000454 0.003682 0.492695 0.502406 0.000763
3 2 0.000370 0.003015 0.459948 0.536099 0.000568
2 2 0.000330 0.003217 0.506333 0.489515 0.000605
2 2 0.000352 0.004260 0.630264 0.364425 0.000698
2 2 0.000459 0.005254 0.642308 0.350933 0.001045
2 2 0.000269 0.003725 0.620078 0.375239 0.000689
2 2 0.000768 0.005577 0.531766 0.460590 0.001299
2 2 0.001571 0.007462 0.498218 0.490911 0.001837
2 2 0.001961 0.009368 0.567731 0.418775 0.002165
2 2 0.000728 0.005493 0.592068 0.400700 0.001010
2 2 0.000434 0.004101 0.584456 0.410283 0.000726
2 2 0.001642 0.008690 0.604957 0.383042 0.001668
3 2 0.001457 0.006217 0.483219 0.507899 0.001209
2 3 0.002727 0.009321 0.524730 0.461279 0.001943
2 3 0.002230 0.008136 0.494103 0.493767 0.001764
3 2 0.002332 0.007672 0.427360 0.560596 0.002040
3 2 0.007276 0.014214 0.421188 0.552892 0.004429
3 2 0.008280 0.013890 0.343380 0.628433 0.006018
3 2 0.009585 0.019423 0.463569 0.500904 0.006519
2 2 0.005879 0.020553 0.612924 0.355199 0.005444
2 2 0.003161 0.023525 0.839214 0.130501 0.003599
2 2 0.004616 0.033134 0.885374 0.072598 0.004278
2 2 0.004204 0.030151 0.884950 0.076621 0.004074
2 2 0.007291 0.038555 0.871267 0.077134 0.005752
2 2 0.014447 0.062814 0.853926 0.057055 0.011757
2 2 0.020554 0.066218 0.816440 0.083307 0.013481
2 2 0.040044 0.089180 0.750542 0.097920 0.022314
2 2 0.040956 0.072205 0.700117 0.167958 0.018764
2 2 0.033040 0.056716 0.689413 0.207441 0.013391
2 2 0.019603 0.042967 0.675618 0.249953 0.011859
2 2 0.021613 0.053064 0.739246 0.172441 0.013636
2 2 0.012142 0.046475 0.816919 0.114247 0.010218
2 2 0.024436 0.055570 0.759917 0.148096 0.011981
2 2 0.025224 0.053595 0.713767 0.192460 0.014954
2 1 0.031904 0.061047 0.681363 0.204565 0.021120
2 2 0.059471 0.087996 0.642141 0.174341 0.036051
2 2 0.036051 0.069606 0.673310 0.190848 0.030185
2 2 0.093976 0.118674 0.605121 0.130295 0.051934
2 1 0.144374 0.155819 0.534983 0.093867 0.070957
2 1 0.251776 0.200229 0.405900 0.055046 0.087049
2 4 0.219788 0.203086 0.452977 0.047445 0.076703
2 4 0.215244 0.201157 0.459655 0.045709 0.078235
2 4 0.281027 0.176477 0.391240 0.073443 0.077814
2 4 0.221769 0.181706 0.452480 0.067309 0.076735
2 1 0.188725 0.171970 0.480953 0.081537 0.076815
2 1 0.130095 0.185332 0.574297 0.047804 0.062472
2 2 0.055558 0.160393 0.715938 0.026586 0.041526
2 4 0.064718 0.152678 0.715131 0.031213 0.036260
2 4 0.056146 0.135551 0.735199 0.038338 0.034767
2 4 0.065562 0.119576 0.714681 0.066349 0.033833
2 4 0.116487 0.137428 0.628962 0.079241 0.037882
2 1 0.180769 0.158853 0.544956 0.074360 0.041062
2 1 0.263219 0.146545 0.418158 0.121325 0.050752
2 1 0.268158 0.145070 0.412425 0.123853 0.050494
2 1 0.188993 0.148200 0.500288 0.108537 0.053981
2 4 0.238828 0.189807 0.426570 0.063278 0.081517
2 4 0.229202 0.206231 0.420220 0.053117 0.091230
2 2 0.080311 0.148293 0.639195 0.071482 0.060720
2 4 0.014755 0.071691 0.854019 0.044780 0.014756
2 2 0.003569 0.040049 0.924712 0.025898 0.005772
2 2 0.007011 0.064010 0.901304 0.017850 0.009825
2 2 0.003771 0.042244 0.923847 0.024267 0.005871
2 2 0.008036 0.049991 0.888202 0.046312 0.007459
2 2 0.025889 0.084447 0.825617 0.049067 0.014981
2 2 0.032113 0.077684 0.788695 0.085775 0.015733
2 2 0.035973 0.076411 0.775879 0.095741 0.015996
2 2 0.058850 0.101642 0.731709 0.085455 0.022344
2 2 0.077095 0.115371 0.706291 0.077684 0.023560
2 2 0.044509 0.092680 0.791480 0.057412 0.013918
2 2 0.046545 0.080833 0.773847 0.085799 0.012976
2 2 0.056917 0.083240 0.741927 0.102958 0.014958
2 2 0.024572 0.119242 0.812031 0.019625 0.024530
2 2 0.009771 0.087986 0.883253 0.008509 0.010481
2 2 0.003890 0.055184 0.925437 0.009029 0.006459
2 2 0.001449 0.031373 0.953452 0.010566 0.003161
2 2 0.001729 0.028129 0.947882 0.019213 0.003047
2 2 0.004981 0.042970 0.920802 0.025981 0.005267
2 2 0.005657 0.033732 0.886179 0.069495 0.004937
2 2 0.009711 0.037259 0.838889 0.108154 0.005987
2 2 0.009117 0.037051 0.847304 0.100723 0.005805
2 2 0.077140 0.098126 0.722960 0.087546 0.014228
2 2 0.092285 0.099182 0.690035 0.102525 0.015972
2 0 0.094126 0.121867 0.693004 0.068764 0.022240
2 1 0.070014 0.123860 0.738955 0.044947 0.022225
2 2 0.161451 0.184174 0.546797 0.048664 0.058915
2 1 0.211093 0.205577 0.465367 0.046540 0.071423
2 2 0.059369 0.132825 0.632558 0.093809 0.081439
2 2 0.021874 0.116625 0.755128 0.045046 0.061326
2 2 0.011266 0.080900 0.809312 0.055889 0.042633
2 2 0.015077 0.104934 0.754758 0.047170 0.078061
2 2 0.006475 0.065641 0.861594 0.038019 0.028272
2 1 0.066719 0.272915 0.482612 0.009753 0.168001
2 2 0.040228 0.275150 0.582354 0.005091 0.097176
2 2 0.018567 0.219005 0.711601 0.003407 0.047421
2 2 0.010773 0.163861 0.789202 0.003680 0.032484
2 2 0.007509 0.118864 0.846021 0.004820 0.022786
2 2 0.007840 0.087489 0.882836 0.008908 0.012927
2 2 0.006034 0.057229 0.913556 0.016187 0.006993
2 2 0.006475 0.045849 0.910097 0.032034 0.005545
2 2 0.005723 0.040566 0.910948 0.037655 0.005107
2 2 0.007499 0.044530 0.894655 0.047150 0.006166
2 2 0.010956 0.046423 0.853048 0.081603 0.007970
2 2 0.015500 0.056939 0.825000 0.090110 0.012451
2 2 0.018704 0.065096 0.823160 0.078997 0.014043
2 2 0.025598 0.079079 0.810749 0.067709 0.016866
2 2 0.037022 0.100625 0.795161 0.048974 0.018218
2 1 0.059432 0.133215 0.736492 0.043104 0.027756
2 1 0.044092 0.131283 0.769053 0.030659 0.024914
2 2 0.031775 0.114796 0.807161 0.026925 0.019343
2 2 0.024033 0.098501 0.830592 0.029235 0.017639
2 2 0.031454 0.095983 0.817235 0.039101 0.016228
2 2 0.059162 0.109785 0.736793 0.069557 0.024703
2 2 0.045832 0.096710 0.782548 0.058807 0.016103
2 2 0.029601 0.083557 0.828653 0.046394 0.011795
2 2 0.026303 0.077003 0.836239 0.049643 0.010812
2 2 0.031648 0.081687 0.823987 0.051280 0.011397
2 2 0.060769 0.107103 0.763447 0.052692 0.015989
2 2 0.108231 0.129438 0.676633 0.063842 0.021857
2 2 0.114401 0.138941 0.666608 0.056466 0.023585
2 2 0.132103 0.137641 0.634286 0.070513 0.025457
2 2 0.105370 0.123782 0.668207 0.079869 0.022772
2 2 0.186372 0.135129 0.542655 0.105829 0.030014
0 4 0.365021 0.134540 0.353164 0.114673 0.032601
0 4 0.409411 0.121567 0.314284 0.125732 0.029007
0 4 0.547784 0.124323 0.220688 0.078519 0.028686
0 4 0.480217 0.149968 0.266004 0.066576 0.037235
0 4 0.440160 0.167801 0.297628 0.053052 0.041359
0 4 0.380414 0.175760 0.344949 0.054382 0.044494
0 4 0.397389 0.184917 0.328274 0.044179 0.045242
0 4 0.418055 0.171352 0.314468 0.054550 0.041575
2 4 0.366884 0.177415 0.371580 0.050338 0.033782
0 4 0.495159 0.194187 0.161014 0.026829 0.122810
0 4 0.516861 0.162898 0.186357 0.051683 0.082202
0 4 0.359536 0.169391 0.323764 0.078683 0.068626
2 4 0.319508 0.160970 0.369231 0.092702 0.057589
2 4 0.284441 0.146960 0.386277 0.121360 0.060963
2 4 0.295231 0.154225 0.377605 0.106323 0.066617
2 4 0.160319 0.145001 0.529856 0.105449 0.059375
2 4 0.124330 0.152386 0.584131 0.083246 0.055908
2 4 0.140058 0.160243 0.575035 0.076621 0.048042
2 4 0.166800 0.178117 0.534479 0.066430 0.054174
2 4 0.105284 0.180603 0.650267 0.031270 0.032576
2 4 0.098246 0.200842 0.642359 0.021517 0.037037
2 4 0.081787 0.229038 0.623337 0.013398 0.052439
2 4 0.029912 0.187578 0.734887 0.007861 0.039762
2 4 0.007997 0.131893 0.828950 0.004304 0.026856
2 4 0.005349 0.109370 0.859466 0.004701 0.021114
2 4 0.004064 0.090699 0.878520 0.006523 0.020194
2 4 0.003440 0.082934 0.885193 0.007643 0.020791
2 4 0.006044 0.107882 0.850884 0.006927 0.028264
2 4 0.009074 0.122742 0.821999 0.008051 0.038134
4 4 0.166753 0.126957 0.152773 0.160270 0.393247
4 4 0.161914 0.120605 0.178402 0.210906 0.328173
4 4 0.184683 0.122788 0.223766 0.227766 0.240996
4 4 0.211620 0.143160 0.240033 0.148909 0.256277
2 4 0.191362 0.182260 0.348537 0.081130 0.196711
0 4 0.292782 0.194549 0.187187 0.042753 0.282728
2 4 0.235050 0.183153 0.311081 0.078888 0.191827
0 4 0.323363 0.161724 0.209104 0.089657 0.216153
2 4 0.245845 0.162102 0.249938 0.092320 0.249795
4 4 0.230265 0.164909 0.230557 0.080549 0.293720
0 4 0.287622 0.166006 0.209459 0.080556 0.256357
4 4 0.236384 0.164930 0.215130 0.078994 0.304562
4 4 0.131661 0.141877 0.255505 0.108759 0.362199
4 4 0.085557 0.122985 0.306236 0.133905 0.351318
4 4 0.151304 0.135149 0.203626 0.139053 0.370868
4 4 0.194528 0.143345 0.150343 0.103541 0.408242
4 4 0.138455 0.119842 0.202706 0.204898 0.334099
4 4 0.235271 0.134623 0.168583 0.171895 0.289628
0 4 0.321317 0.152782 0.143083 0.098190 0.284628
0 4 0.354312 0.157449 0.130009 0.076746 0.281484
4 4 0.157410 0.135230 0.149560 0.107932 0.449869
4 4 0.127678 0.119095 0.234275 0.207716 0.311236
4 4 0.126075 0.108521 0.222949 0.265395 0.277060
3 4 0.149285 0.104360 0.195405 0.305136 0.245813
3 4 0.149911 0.100393 0.199287 0.329948 0.220460
3 4 0.158757 0.110067 0.195080 0.277395 0.258701
3 4 0.150736 0.114394 0.249445 0.254760 0.230665
2 4 0.195619 0.125439 0.259006 0.217483 0.202453
2 4 0.222110 0.121189 0.299418 0.220514 0.136769
0 4 0.275628 0.156907 0.249980 0.107309 0.210176
0 4 0.359728 0.159005 0.188131 0.089600 0.203536
0 4 0.422883 0.147099 0.121536 0.092419 0.216063
0 4 0.327246 0.135032 0.136070 0.159033 0.242619
0 4 0.285924 0.121910 0.138207 0.221002 0.232957
0 4 0.369443 0.146183 0.130540 0.109834 0.244000
0 4 0.407796 0.142342 0.125355 0.111999 0.212508
0 4 0.374407 0.160408 0.125326 0.065605 0.274254
4 4 0.204018 0.160149 0.188958 0.074431 0.372445
4 4 0.175027 0.199146 0.158656 0.020870 0.446301
4 4 0.088388 0.228869 0.288947 0.020752 0.373044
0 4 0.319104 0.191132 0.177092 0.048531 0.264141
0 4 0.598288 0.172589 0.098514 0.020045 0.110564
2 4 0.222777 0.267732 0.382254 0.019221 0.108017
2 4 0.111763 0.249945 0.537788 0.015830 0.084673
2 4 0.039836 0.203928 0.681628 0.010338 0.064270
2 4 0.035750 0.241178 0.643205 0.005437 0.074430
2 4 0.033012 0.237098 0.649449 0.005800 0.074642
2 4 0.015800 0.176271 0.757649 0.005354 0.044925
2 4 0.039477 0.214085 0.669778 0.011003 0.065657
2 4 0.065329 0.241252 0.583123 0.015091 0.095205
2 4 0.107587 0.232653 0.523202 0.027048 0.109510
2 4 0.134485 0.241148 0.495407 0.025514 0.103446
2 4 0.237450 0.252820 0.382421 0.024229 0.103080
2 4 0.304397 0.253494 0.332971 0.021445 0.087693
2 4 0.160863 0.204660 0.551810 0.032525 0.050142
2 4 0.269850 0.201198 0.414721 0.048605 0.065626
2 4 0.253507 0.177064 0.443643 0.069662 0.056125
2 4 0.292599 0.160745 0.372056 0.102683 0.071917
0 4 0.439652 0.143498 0.224424 0.107235 0.085192
0 4 0.487464 0.116172 0.178214 0.144944 0.073206
2 4 0.087243 0.205190 0.604082 0.023971 0.079514
2 0 0.165561 0.268693 0.427158 0.017206 0.121382
2 4 0.204157 0.260281 0.377690 0.023481 0.134390
2 4 0.097105 0.191058 0.479257 0.053762 0.178818
2 4 0.122529 0.146560 0.433086 0.130426 0.167399
2 4 0.119613 0.140362 0.479963 0.138868 0.121194
2 4 0.160289 0.129557 0.478115 0.162347 0.069692
2 4 0.145583 0.136040 0.560537 0.108634 0.049206
2 4 0.205758 0.188485 0.496441 0.043434 0.065882
2 4 0.148540 0.239464 0.502113 0.015268 0.094615
2 0 0.156690 0.303253 0.361380 0.006403 0.172273
2 4 0.172489 0.254706 0.447678 0.015654 0.109473
2 4 0.166284 0.184529 0.533413 0.046265 0.069509
2 4 0.259053 0.171655 0.428806 0.072837 0.067649
2 4 0.240426 0.152661 0.392254 0.115955 0.098704
0 4 0.322539 0.146857 0.286585 0.128047 0.115973
0 4 0.458092 0.136149 0.194791 0.112704 0.098264
0 4 0.412252 0.132005 0.231469 0.137903 0.086372
0 4 0.446935 0.136349 0.214863 0.114833 0.087020
0 4 0.435448 0.140291 0.223667 0.108000 0.092594
2 4 0.172223 0.202782 0.433104 0.051593 0.140299
2 4 0.117058 0.160352 0.589706 0.066131 0.066754
2 4 0.086875 0.182948 0.621433 0.037841 0.070904
2 4 0.108212 0.212937 0.547057 0.035640 0.096154
2 4 0.051759 0.167676 0.666156 0.040037 0.074373
2 2 0.098782 0.193571 0.548108 0.050352 0.109188
2 4 0.092086 0.181279 0.595995 0.048354 0.082286
2 2 0.083085 0.160572 0.632261 0.058180 0.065901
2 2 0.169237 0.165461 0.494678 0.094429 0.076196
2 2 0.227181 0.158072 0.367089 0.127173 0.120485
2 2 0.200745 0.146536 0.361213 0.150504 0.141002
2 1 0.067119 0.111480 0.579186 0.158897 0.083319
2 2 0.081135 0.140613 0.561505 0.116095 0.100652
2 2 0.048673 0.158333 0.650502 0.050838 0.091654
2 2 0.013988 0.095421 0.828151 0.030469 0.031971
2 2 0.001817 0.035809 0.927730 0.025786 0.008857
2 2 0.002759 0.044080 0.920423 0.022498 0.010240
2 2 0.002881 0.051229 0.919478 0.015004 0.011407
2 2 0.001901 0.039527 0.932536 0.017906 0.008131
2 1 0.005950 0.053562 0.903259 0.026813 0.010416
2 2 0.000757 0.018900 0.931013 0.044672 0.004659
2 2 0.000202 0.008641 0.952893 0.037018 0.001245
2 2 0.000236 0.009598 0.952121 0.036568 0.001478
2 2 0.000094 0.006153 0.958073 0.034814 0.000865
2 2 0.000030 0.003565 0.962451 0.033486 0.000469
2 2 0.000022 0.003154 0.970274 0.026195 0.000356
2 2 0.000055 0.004920 0.965796 0.028589 0.000641
2 2 0.000103 0.005830 0.947923 0.045304 0.000840
2 1 0.000256 0.007121 0.889338 0.102085 0.001200
2 2 0.000596 0.012770 0.912142 0.072191 0.002301
2 2 0.001268 0.019672 0.918523 0.057271 0.003267
2 2 0.000543 0.013511 0.944582 0.039731 0.001633
2 2 0.000144 0.005807 0.931392 0.062005 0.000650
2 2 0.000090 0.004588 0.933911 0.060917 0.000493
2 2 0.000089 0.004703 0.932620 0.062026 0.000562
2 2 0.000067 0.003820 0.916018 0.079623 0.000472
2 2 0.000069 0.003411 0.885182 0.110891 0.000447
2 3 0.000088 0.003572 0.869593 0.126310 0.000437
2 2 0.000133 0.004715 0.899156 0.095482 0.000514
2 2 0.000089 0.004159 0.910476 0.084829 0.000446
2 2 0.004668 0.029426 0.813657 0.143628 0.008621
2 1 0.003617 0.018174 0.713587 0.260371 0.004251
2 2 0.000218 0.005167 0.848398 0.145504 0.000714
2 2 0.000253 0.005678 0.837076 0.156046 0.000948
2 2 0.000296 0.006375 0.855915 0.136401 0.001013
2 2 0.000480 0.008567 0.864188 0.125374 0.001391
2 2 0.000340 0.007287 0.870233 0.121103 0.001037
2 3 0.000331 0.006724 0.823481 0.168308 0.001155
2 2 0.000398 0.007153 0.778373 0.212684 0.001392
2 3 0.000675 0.008779 0.717397 0.270993 0.002155
2 3 0.001093 0.013447 0.757870 0.223948 0.003642
2 2 0.000901 0.011576 0.758197 0.226633 0.002692
2 2 0.000822 0.012267 0.825208 0.159168 0.002535
2 2 0.000841 0.011397 0.842116 0.143596 0.002051
2 2 0.000430 0.007732 0.863122 0.127529 0.001187
2 2 0.000452 0.008974 0.913433 0.076032 0.001109
2 2 0.000184 0.005966 0.932003 0.061237 0.000610
2 2 0.000163 0.005757 0.941912 0.051676 0.000491
2 2 0.000179 0.005346 0.921187 0.072853 0.000436
2 2 0.000311 0.006606 0.901519 0.090954 0.000609
2 3 0.000312 0.006299 0.872113 0.120696 0.000580
2 2 0.000666 0.010250 0.906138 0.082055 0.000891
2 3 0.000711 0.012207 0.923026 0.062959 0.001097
2 2 0.000681 0.012656 0.927682 0.057877 0.001104
2 2 0.001255 0.019073 0.933077 0.044980 0.001614
2 2 0.000981 0.015603 0.924678 0.057382 0.001357
2 2 0.000873 0.013383 0.915504 0.069141 0.001099
2 2 0.000387 0.007425 0.886336 0.105257 0.000595
2 2 0.000455 0.007056 0.840319 0.151545 0.000624
2 2 0.000382 0.006837 0.863037 0.129136 0.000609
2 2 0.000262 0.004909 0.819193 0.175194 0.000442
2 2 0.000183 0.004099 0.828136 0.167210 0.000373
2 2 0.000231 0.004067 0.771677 0.223591 0.000434
2 2 0.000356 0.004809 0.742611 0.251668 0.000556
2 3 0.000285 0.003905 0.693162 0.302177 0.000471
2 2 0.000200 0.002851 0.625860 0.370757 0.000332
