3 3 0.001962 0.000644 0.026970 0.969215 0.001209
3 3 0.001184 0.000323 0.018267 0.979591 0.000635
3 3 0.001583 0.000399 0.018935 0.978240 0.000842
3 3 0.002164 0.000502 0.019695 0.976497 0.001143
3 3 0.002156 0.000517 0.020350 0.975821 0.001157
3 3 0.002037 0.000494 0.020130 0.976246 0.001093
3 3 0.001426 0.000382 0.019299 0.978120 0.000772
3 3 0.002139 0.000564 0.022344 0.973753 0.001200
3 3 0.002393 0.000551 0.020371 0.975411 0.001274
3 3 0.002908 0.000620 0.020338 0.974612 0.001523
3 3 0.004413 0.001108 0.028348 0.963522 0.002608
3 3 0.003409 0.000777 0.023197 0.970743 0.001873
3 3 0.003228 0.000720 0.022207 0.972100 0.001746
3 3 0.001602 0.000314 0.014732 0.982593 0.000758
3 3 0.001220 0.000264 0.014611 0.983317 0.000588
3 3 0.001091 0.000252 0.014908 0.983213 0.000536
3 3 0.001073 0.000201 0.011992 0.986256 0.000477
3 3 0.001138 0.000209 0.011998 0.986152 0.000504
3 3 0.001337 0.000225 0.011730 0.986129 0.000578
3 3 0.001872 0.000405 0.017305 0.979475 0.000943
3 3 0.003677 0.000624 0.017716 0.976212 0.001772
3 3 0.003759 0.000525 0.014672 0.979386 0.001657
3 3 0.002797 0.000357 0.011892 0.983808 0.001146
3 3 0.002421 0.000373 0.013605 0.982533 0.001068
3 3 0.002524 0.000408 0.014506 0.981419 0.001143
3 3 0.002318 0.000412 0.015453 0.980728 0.001089
3 3 0.002874 0.000551 0.018193 0.976951 0.001430
3 3 0.002953 0.000512 0.016613 0.978517 0.001406
3 3 0.003779 0.000737 0.020640 0.972893 0.001951
3 3 0.002619 0.000560 0.019578 0.975886 0.001358
3 3 0.002647 0.000594 0.020653 0.974700 0.001406
3 3 0.002352 0.000513 0.019130 0.976788 0.001218
3 3 0.002111 0.000447 0.017786 0.978590 0.001066
3 3 0.001498 0.000336 0.016454 0.980961 0.000750
3 3 0.001412 0.000354 0.017974 0.979519 0.000741
3 3 0.001647 0.000429 0.019881 0.977149 0.000894
3 3 0.001881 0.000418 0.017821 0.978921 0.000960
3 3 0.002186 0.000473 0.018424 0.977798 0.001119
3 3 0.002067 0.000376 0.015133 0.981454 0.000970
3 3 0.002544 0.000462 0.016389 0.979386 0.001218
3 3 0.001272 0.000191 0.010206 0.987813 0.000518
3 3 0.001403 0.000186 0.009352 0.988515 0.000544
3 3 0.001654 0.000219 0.010006 0.987468 0.000653
3 3 0.002338 0.000287 0.010619 0.985834 0.000923
3 3 0.002725 0.000409 0.013864 0.981802 0.001201
3 3 0.002878 0.000434 0.014239 0.981171 0.001279
3 3 0.003089 0.000408 0.012802 0.982402 0.001299
3 3 0.002923 0.000349 0.011291 0.984272 0.001165
3 3 0.002825 0.000319 0.010524 0.985240 0.001093
3 3 0.002027 0.000290 0.011726 0.985111 0.000847
3 3 0.002685 0.000487 0.016734 0.978800 0.001293
3 3 0.004227 0.000936 0.024541 0.967952 0.002344
3 3 0.006138 0.001419 0.029682 0.959150 0.003611
3 3 0.006880 0.001512 0.029496 0.958113 0.004000
3 3 0.006348 0.001244 0.025465 0.963476 0.003467
3 3 0.004573 0.000729 0.018143 0.974366 0.002189
3 3 0.002690 0.000414 0.014145 0.981553 0.001198
3 3 0.002953 0.000525 0.017013 0.978088 0.001422
3 3 0.003312 0.000757 0.023016 0.971097 0.001818
3 3 0.003860 0.001272 0.035357 0.956953 0.002558
2 3 0.258917 0.110524 0.393926 0.210848 0.025785
0 3 0.374445 0.128852 0.333966 0.136259 0.026479
0 0 0.435113 0.171564 0.291118 0.070196 0.032009
0 0 0.448378 0.237758 0.255818 0.024312 0.033735
0 0 0.395490 0.343852 0.206328 0.006903 0.047427
0 2 0.362507 0.361538 0.184221 0.003658 0.088076
1 1 0.258842 0.369483 0.244493 0.004470 0.122712
1 2 0.258468 0.367963 0.262607 0.005701 0.105261
1 1 0.248765 0.364052 0.286188 0.007476 0.093519
1 1 0.256297 0.364622 0.277319 0.007214 0.094548
1 1 0.212987 0.349329 0.344092 0.010979 0.082614
2 1 0.155562 0.310687 0.455510 0.018935 0.059305
1 2 0.214743 0.348565 0.337739 0.013676 0.085276
2 2 0.209373 0.346544 0.346694 0.014540 0.082849
2 2 0.189755 0.341342 0.363223 0.014867 0.090813
2 1 0.190178 0.350556 0.358947 0.010618 0.089701
2 2 0.160032 0.331390 0.422994 0.013139 0.072444
1 2 0.200696 0.356783 0.352364 0.008717 0.081440
2 2 0.163116 0.324751 0.434977 0.015262 0.061894
2 2 0.165639 0.330323 0.418826 0.014692 0.070520
2 2 0.070714 0.243820 0.600259 0.025418 0.059788
2 2 0.055010 0.218530 0.671479 0.017603 0.037378
2 1 0.043390 0.195348 0.715123 0.016222 0.029918
2 2 0.078134 0.249980 0.631015 0.011136 0.029735
2 2 0.124455 0.312711 0.513210 0.008437 0.041187
2 2 0.181547 0.349018 0.412255 0.007827 0.049353
2 2 0.177544 0.345081 0.409538 0.009930 0.057906
2 2 0.168326 0.350844 0.404126 0.007425 0.069279
1 1 0.184516 0.357464 0.328513 0.006737 0.122771
1 1 0.162601 0.353434 0.353342 0.006251 0.124372
1 2 0.224829 0.367418 0.261343 0.004270 0.142140
1 2 0.230017 0.369984 0.257823 0.003896 0.138279
1 1 0.224736 0.362683 0.238004 0.003749 0.170828
1 2 0.236902 0.361903 0.213581 0.002955 0.184659
1 2 0.250944 0.368256 0.197530 0.001938 0.181331
1 1 0.331918 0.361983 0.146634 0.001368 0.158096
1 2 0.270769 0.373827 0.187544 0.001530 0.166329
1 2 0.205149 0.381722 0.287504 0.002317 0.123308
1 2 0.178296 0.376066 0.335321 0.002720 0.107597
2 2 0.121852 0.339031 0.446779 0.005249 0.087090
0 1 0.409383 0.354809 0.105678 0.000511 0.129619
1 1 0.352141 0.382319 0.145873 0.000584 0.119082
1 1 0.277305 0.399422 0.181107 0.000472 0.141694
1 1 0.169097 0.389886 0.265536 0.000658 0.174823
1 2 0.118137 0.359684 0.313188 0.000937 0.208055
2 2 0.067499 0.304067 0.448477 0.002574 0.177382
2 2 0.080882 0.318736 0.460410 0.002999 0.136973
2 2 0.105518 0.335946 0.407673 0.003528 0.147334
1 2 0.153097 0.354609 0.326427 0.004017 0.161850
1 1 0.209126 0.365762 0.253333 0.003289 0.168490
1 1 0.241073 0.360137 0.188094 0.001897 0.208799
1 1 0.273154 0.370214 0.179558 0.001505 0.175570
0 1 0.460866 0.325782 0.086664 0.000775 0.125913
0 1 0.536086 0.264870 0.109443 0.003776 0.085825
0 0 0.570547 0.254105 0.093066 0.002347 0.079936
0 0 0.705884 0.182168 0.063558 0.001624 0.046767
0 0 0.763284 0.148438 0.052615 0.001521 0.034142
0 0 0.812393 0.115571 0.045045 0.001834 0.025157
0 0 0.719141 0.177097 0.067911 0.002422 0.033429
0 0 0.576780 0.256882 0.103709 0.002241 0.060387
0 0 0.510599 0.249464 0.176710 0.012827 0.050400
0 0 0.703233 0.175385 0.079609 0.004458 0.037315
0 0 0.646140 0.194514 0.092078 0.005179 0.062089
0 0 0.695234 0.174629 0.071277 0.002735 0.056125
0 0 0.672251 0.185789 0.066803 0.001691 0.073465
0 0 0.680032 0.175355 0.054203 0.000866 0.089544
0 0 0.687672 0.168633 0.056310 0.001130 0.086256
0 0 0.654017 0.172794 0.056788 0.001021 0.115381
0 0 0.691035 0.153338 0.046993 0.000712 0.107923
0 0 0.636224 0.168956 0.058970 0.001215 0.134635
0 0 0.605670 0.194985 0.060319 0.000868 0.138158
0 0 0.560514 0.207113 0.062467 0.000792 0.169114
0 0 0.482559 0.257454 0.071421 0.000677 0.187889
0 0 0.426160 0.295744 0.072528 0.000464 0.205103
0 0 0.392333 0.318986 0.077123 0.000463 0.211095
0 0 0.432110 0.298938 0.059247 0.000208 0.209497
0 0 0.430954 0.315072 0.065424 0.000266 0.188283
0 0 0.402348 0.319106 0.075390 0.000430 0.202726
0 0 0.402084 0.290875 0.068169 0.000369 0.238503
4 0 0.349513 0.203193 0.053109 0.000349 0.393836
0 0 0.563072 0.188841 0.049589 0.000414 0.198083
0 0 0.434804 0.240005 0.055931 0.000297 0.268963
0 0 0.364825 0.294798 0.052956 0.000128 0.287292
4 0 0.324970 0.284645 0.052588 0.000131 0.337666
0 0 0.355688 0.299974 0.060340 0.000200 0.283797
0 0 0.359491 0.304147 0.064208 0.000247 0.271908
4 0 0.313044 0.297278 0.070243 0.000350 0.319085
0 0 0.323120 0.304492 0.076147 0.000454 0.295787
0 0 0.362974 0.298849 0.079874 0.000605 0.257698
0 0 0.473612 0.266913 0.074825 0.000730 0.183920
0 0 0.509498 0.258295 0.059314 0.000339 0.172554
0 0 0.507474 0.232724 0.057776 0.000400 0.201626
0 0 0.521249 0.242456 0.060199 0.000430 0.175667
0 0 0.477670 0.263078 0.074505 0.000750 0.183997
0 0 0.466185 0.326790 0.097218 0.001229 0.108578
0 0 0.474779 0.310932 0.102020 0.001703 0.110566
0 0 0.617567 0.223940 0.072577 0.001306 0.084610
0 0 0.716040 0.174460 0.061737 0.001652 0.046111
0 0 0.734882 0.168229 0.051715 0.000943 0.044231
0 0 0.737399 0.179771 0.043542 0.000415 0.038873
0 0 0.698422 0.202998 0.037735 0.000155 0.060691
0 0 0.729641 0.187930 0.039666 0.000251 0.042511
0 0 0.696117 0.213770 0.036567 0.000121 0.053425
0 0 0.724222 0.182950 0.040126 0.000272 0.052429
0 0 0.773678 0.142287 0.034139 0.000307 0.049589
0 0 0.791176 0.131792 0.036763 0.000530 0.039739
0 0 0.786843 0.127061 0.039239 0.000734 0.046123
0 0 0.810640 0.101152 0.034514 0.000843 0.052852
0 0 0.800286 0.095094 0.042709 0.002211 0.059700
0 0 0.808872 0.082503 0.048557 0.005512 0.054556
0 0 0.820462 0.068827 0.045357 0.007044 0.058311
0 0 0.794758 0.083922 0.044317 0.003491 0.073512
0 0 0.676979 0.133876 0.045761 0.000895 0.142489
0 0 0.421468 0.218311 0.065522 0.000697 0.294003
4 0 0.354121 0.208245 0.047549 0.000214 0.389871
4 0 0.351784 0.170859 0.038392 0.000162 0.438802
4 0 0.349715 0.182272 0.048488 0.000332 0.419193
0 0 0.376561 0.192949 0.054002 0.000441 0.376046
0 0 0.420055 0.184724 0.054476 0.000538 0.340208
0 0 0.421419 0.221905 0.062921 0.000570 0.293185
0 0 0.345986 0.280178 0.044027 0.000070 0.329738
0 0 0.407083 0.272246 0.047755 0.000112 0.272804
0 0 0.417313 0.297956 0.055248 0.000157 0.229326
0 0 0.408759 0.308213 0.064591 0.000260 0.218177
0 0 0.474809 0.257903 0.058732 0.000312 0.208244
0 0 0.517257 0.232976 0.061056 0.000501 0.188210
0 0 0.557883 0.210935 0.064475 0.000851 0.165856
0 0 0.493425 0.244437 0.080152 0.001234 0.180752
0 0 0.632807 0.179790 0.055630 0.000818 0.130956
0 0 0.685001 0.163640 0.052751 0.000936 0.097671
0 0 0.654395 0.186413 0.060886 0.001109 0.097198
0 0 0.515172 0.280110 0.074143 0.000667 0.129907
0 0 0.482155 0.288228 0.057948 0.000225 0.171445
0 0 0.532258 0.247254 0.049604 0.000196 0.170688
0 0 0.556077 0.221415 0.041975 0.000141 0.180391
0 0 0.563193 0.240547 0.044193 0.000141 0.151926
0 0 0.530590 0.261736 0.053539 0.000227 0.153907
0 0 0.535913 0.257783 0.058218 0.000330 0.147757
0 0 0.526601 0.254468 0.065755 0.000540 0.152636
0 0 0.589425 0.205057 0.066692 0.001099 0.137727
0 0 0.467756 0.321766 0.081041 0.000621 0.128816
0 0 0.604855 0.238855 0.085672 0.002124 0.068494
0 0 0.745545 0.143402 0.060899 0.002747 0.047407
0 0 0.812785 0.106203 0.052300 0.004146 0.024566
0 0 0.742929 0.157243 0.055301 0.001487 0.043040
0 0 0.661593 0.207945 0.065153 0.001140 0.064168
0 0 0.622859 0.220020 0.059507 0.000628 0.096986
0 0 0.623602 0.222725 0.060198 0.000639 0.092836
0 0 0.592061 0.249918 0.071571 0.000897 0.085553
0 0 0.464266 0.328752 0.091244 0.000859 0.114879
0 0 0.446983 0.325430 0.083920 0.000667 0.142999
0 0 0.439060 0.324201 0.080882 0.000575 0.155282
0 0 0.426055 0.326277 0.086177 0.000710 0.160780
0 0 0.400269 0.325668 0.088143 0.000749 0.185172
0 0 0.416768 0.321547 0.077377 0.000476 0.183832
0 0 0.468277 0.306617 0.061244 0.000233 0.163629
0 0 0.622111 0.231664 0.065963 0.000834 0.079427
0 0 0.670138 0.202136 0.057966 0.000782 0.068979
0 0 0.739186 0.150503 0.043273 0.000608 0.066431
0 0 0.761513 0.139986 0.035113 0.000341 0.063047
0 0 0.487341 0.229480 0.046652 0.000177 0.236350
0 0 0.414999 0.226425 0.051920 0.000255 0.306401
4 0 0.370354 0.175028 0.045021 0.000285 0.409313
4 0 0.252844 0.138218 0.048600 0.000651 0.559686
4 0 0.194777 0.113434 0.039937 0.000497 0.651356
4 0 0.226818 0.163726 0.037267 0.000142 0.572047
4 0 0.273721 0.227466 0.044109 0.000115 0.454589
0 0 0.388202 0.197375 0.038900 0.000119 0.375405
0 0 0.450940 0.224762 0.043167 0.000133 0.280998
0 0 0.516509 0.217935 0.041586 0.000135 0.223836
0 0 0.529316 0.235938 0.044609 0.000146 0.189991
0 0 0.541847 0.217155 0.044136 0.000177 0.196685
0 0 0.511941 0.217788 0.049352 0.000261 0.220659
0 0 0.470105 0.244759 0.053398 0.000246 0.231491
0 0 0.413284 0.290309 0.070627 0.000432 0.225349
0 0 0.356913 0.314879 0.082160 0.000534 0.245515
4 0 0.297153 0.293013 0.071118 0.000374 0.338341
4 0 0.193906 0.219877 0.064419 0.000490 0.521308
4 0 0.147673 0.181229 0.051149 0.000322 0.619627
4 0 0.231428 0.133383 0.036034 0.000223 0.598932
0 0 0.638954 0.169545 0.046726 0.000488 0.144287
0 0 0.573157 0.168279 0.042123 0.000304 0.216137
0 0 0.456105 0.177563 0.042392 0.000237 0.323704
0 0 0.512930 0.145405 0.033566 0.000177 0.307922
0 0 0.500740 0.154714 0.038392 0.000247 0.305906
4 0 0.360884 0.199938 0.046165 0.000215 0.392797
4 0 0.332056 0.182626 0.042292 0.000191 0.442835
4 0 0.252148 0.181709 0.043899 0.000205 0.522039
4 0 0.183049 0.186147 0.041534 0.000142 0.589129
4 0 0.184998 0.222457 0.047523 0.000146 0.544876
4 0 0.190341 0.224064 0.046340 0.000131 0.539124
4 0 0.224010 0.231698 0.049002 0.000154 0.495135
4 0 0.216833 0.238734 0.051855 0.000175 0.492403
4 0 0.269162 0.265691 0.051965 0.000141 0.413042
0 0 0.337684 0.289981 0.054431 0.000144 0.317761
4 0 0.327375 0.247141 0.046632 0.000121 0.378731
4 0 0.309427 0.234675 0.044434 0.000113 0.411350
4 0 0.302932 0.237911 0.045638 0.000120 0.413399
4 0 0.330282 0.270715 0.045229 0.000084 0.353689
4 0 0.338647 0.270495 0.044418 0.000079 0.346360
0 0 0.737139 0.098117 0.027340 0.000310 0.137094
0 0 0.823651 0.076522 0.021810 0.000301 0.077717
0 0 0.855332 0.062255 0.017432 0.000239 0.064741
0 0 0.827740 0.078048 0.018565 0.000155 0.075492
0 0 0.770512 0.104020 0.024890 0.000196 0.100383
0 0 0.708828 0.126420 0.031813 0.000268 0.132671
0 0 0.614025 0.176911 0.040243 0.000235 0.168585
0 0 0.555445 0.220097 0.045853 0.000202 0.178403
0 0 0.495649 0.267511 0.045784 0.000111 0.190944
0 0 0.511704 0.240112 0.042030 0.000108 0.206046
0 0 0.507116 0.240334 0.039376 0.000083 0.213091
0 0 0.625871 0.200168 0.044299 0.000252 0.129409
0 0 0.717058 0.148840 0.040153 0.000439 0.093510
0 0 0.801300 0.094231 0.028905 0.000489 0.075076
0 0 0.831464 0.075632 0.023069 0.000394 0.069441
0 0 0.798969 0.107133 0.025165 0.000203 0.068530
0 0 0.800922 0.117359 0.027062 0.000216 0.054441
0 0 0.756367 0.134962 0.031338 0.000236 0.077097
0 0 0.683485 0.166731 0.039054 0.000275 0.110455
0 0 0.631190 0.185659 0.048545 0.000441 0.134164
0 0 0.413067 0.190747 0.044518 0.000225 0.351442
0 0 0.489987 0.178317 0.039863 0.000191 0.291642
0 0 0.585385 0.150255 0.031584 0.000138 0.232638
0 0 0.742611 0.119815 0.036962 0.000590 0.100023
0 0 0.773773 0.084088 0.043389 0.003031 0.095719
0 0 0.846057 0.057426 0.035219 0.004532 0.056765
0 0 0.922825 0.026429 0.014841 0.001691 0.034214
0 0 0.957933 0.013999 0.007813 0.000994 0.019260
0 0 0.979221 0.006880 0.004362 0.000941 0.008596
0 0 0.963350 0.011986 0.007300 0.001234 0.016131
0 0 0.928043 0.019166 0.013148 0.002619 0.037025
0 0 0.924315 0.024490 0.015440 0.002457 0.033297
0 0 0.935194 0.022268 0.014023 0.002336 0.026178
0 0 0.950806 0.019081 0.010685 0.001378 0.018050
0 0 0.932018 0.033578 0.013941 0.000749 0.019715
0 0 0.889606 0.061719 0.023421 0.000918 0.024337
0 0 0.819045 0.110278 0.040297 0.001335 0.029045
0 0 0.757694 0.145518 0.059160 0.002502 0.035127
0 0 0.744339 0.149489 0.065630 0.003398 0.037143
0 0 0.630000 0.216810 0.075284 0.001687 0.076219
0 0 0.436080 0.231052 0.053148 0.000271 0.279450
0 0 0.482753 0.253452 0.069265 0.000626 0.193903
0 0 0.492450 0.249644 0.077263 0.001011 0.179631
0 0 0.444015 0.290071 0.092859 0.001316 0.171739
0 0 0.477582 0.263473 0.085041 0.001253 0.172650
0 0 0.402019 0.329294 0.096623 0.001047 0.171018
0 0 0.368375 0.341851 0.108219 0.000907 0.180649
0 0 0.430917 0.315351 0.065829 0.000272 0.187631
0 0 0.376909 0.319812 0.082196 0.000577 0.220507
0 0 0.333988 0.312539 0.084241 0.000636 0.268596
0 0 0.404093 0.275457 0.093125 0.001436 0.225890
0 0 0.472342 0.234928 0.086103 0.001759 0.204868
0 0 0.558765 0.223465 0.076971 0.001469 0.139330
0 0 0.483834 0.265018 0.076083 0.000806 0.174258
0 0 0.451528 0.284147 0.061170 0.000275 0.202880
0 0 0.334502 0.300515 0.066873 0.000289 0.297821
4 0 0.240770 0.263036 0.061077 0.000260 0.434857
4 0 0.212679 0.246572 0.057388 0.000235 0.483126
4 0 0.187245 0.196460 0.044679 0.000163 0.571453
4 0 0.312339 0.203151 0.057643 0.000460 0.426408
0 0 0.743710 0.113600 0.066508 0.006950 0.069231
0 0 0.801642 0.084157 0.056373 0.009407 0.048420
0 0 0.715140 0.124929 0.081482 0.011507 0.066943
0 0 0.700347 0.143747 0.063720 0.002846 0.089339
0 0 0.560288 0.169996 0.057167 0.000949 0.211599
0 0 0.466545 0.195024 0.051796 0.000401 0.286233
0 0 0.448744 0.168204 0.052072 0.000602 0.330378
0 0 0.476406 0.203419 0.054428 0.000438 0.265310
0 0 0.514647 0.175938 0.054182 0.000666 0.254567
0 0 0.485500 0.219311 0.076076 0.001325 0.217787
0 0 0.599408 0.162966 0.065591 0.001912 0.170123
0 0 0.564893 0.160762 0.066369 0.001982 0.205994
0 0 0.530573 0.211190 0.079391 0.001838 0.177008
0 0 0.480023 0.223207 0.074148 0.001136 0.221486
0 0 0.466849 0.257152 0.070944 0.000648 0.204407
0 0 0.471717 0.219658 0.057428 0.000436 0.250761
0 0 0.517321 0.223719 0.065240 0.000721 0.192999
0 0 0.605830 0.192390 0.063872 0.001125 0.136783
0 0 0.559956 0.214575 0.082068 0.002103 0.141298
0 0 0.654275 0.173990 0.070856 0.002403 0.098475
4 0 0.186289 0.206966 0.036891 0.000067 0.569787
4 0 0.322887 0.238812 0.049586 0.000167 0.388549
4 0 0.328828 0.218737 0.048312 0.000194 0.403930
0 0 0.407420 0.200331 0.054802 0.000435 0.337012
0 0 0.469755 0.179700 0.049980 0.000438 0.300126
0 0 0.451702 0.197573 0.056944 0.000549 0.293232
0 0 0.503704 0.229533 0.059205 0.000454 0.207104
0 0 0.468734 0.215687 0.046162 0.000196 0.269220
0 0 0.429052 0.209034 0.047641 0.000231 0.314042
0 0 0.425421 0.207405 0.041428 0.000137 0.325609
0 0 0.488978 0.230879 0.047193 0.000182 0.232768
0 0 0.517451 0.229670 0.050792 0.000255 0.201832
0 0 0.584867 0.214867 0.041515 0.000153 0.158598
0 0 0.522104 0.247042 0.036793 0.000061 0.194000
0 0 0.525128 0.272869 0.036951 0.000048 0.165004
0 0 0.485103 0.298762 0.044228 0.000072 0.171835
0 0 0.583489 0.213257 0.048326 0.000280 0.154647
0 0 0.657052 0.131351 0.050819 0.001373 0.159406
0 0 0.841029 0.048299 0.027270 0.002608 0.080794
0 0 0.928008 0.015782 0.013241 0.004644 0.038326
0 0 0.971810 0.007370 0.004711 0.000934 0.015175
0 0 0.944021 0.021655 0.012129 0.001520 0.020674
0 0 0.883779 0.060226 0.023830 0.001003 0.031162
0 0 0.740091 0.148340 0.044507 0.000706 0.066357
0 0 0.452819 0.241217 0.052420 0.000233 0.253311
0 0 0.333503 0.296703 0.053791 0.000093 0.315910
0 0 0.366581 0.310789 0.056842 0.000094 0.265695
0 0 0.445742 0.261200 0.054124 0.000212 0.238722
0 0 0.442873 0.234818 0.056462 0.000330 0.265517
4 0 0.315598 0.177770 0.035430 0.000103 0.471100
4 0 0.377507 0.162975 0.041249 0.000250 0.418020
0 0 0.508568 0.151117 0.049027 0.000682 0.290607
0 0 0.478739 0.143663 0.052334 0.000977 0.324287
0 0 0.551297 0.136880 0.059696 0.002004 0.250123
0 0 0.684006 0.122781 0.054319 0.002226 0.136667
0 0 0.686881 0.141436 0.061710 0.002538 0.107435
0 0 0.653370 0.156291 0.054039 0.001091 0.135209
0 0 0.590024 0.185637 0.050554 0.000485 0.173300
0 0 0.505969 0.194555 0.047909 0.000312 0.251255
0 0 0.410058 0.181484 0.059080 0.000764 0.348614
0 0 0.570761 0.182626 0.044421 0.000299 0.201892
0 0 0.469557 0.209324 0.042192 0.000151 0.278776
0 0 0.509253 0.189668 0.043716 0.000236 0.257128
0 0 0.507493 0.192464 0.051863 0.000437 0.247743
0 0 0.442188 0.256162 0.062816 0.000395 0.238439
0 0 0.467175 0.270242 0.079049 0.000869 0.182666
0 0 0.536938 0.245785 0.067835 0.000678 0.148765
0 0 0.644588 0.173239 0.048789 0.000551 0.132833
0 0 0.681863 0.142662 0.049695 0.001051 0.124729
0 0 0.682631 0.149914 0.040805 0.000429 0.126221
0 0 0.740810 0.123616 0.036553 0.000519 0.098502
0 0 0.786640 0.108572 0.029051 0.000332 0.075406
0 0 0.787106 0.088368 0.030152 0.000660 0.093715
0 0 0.776522 0.097591 0.032772 0.000684 0.092432
0 0 0.600713 0.159402 0.046733 0.000545 0.192608
0 0 0.496903 0.172794 0.042190 0.000261 0.287852
0 0 0.463882 0.177201 0.036496 0.000135 0.322285
0 0 0.559539 0.171572 0.036285 0.000160 0.232444
0 0 0.583284 0.196405 0.030687 0.000060 0.189564
0 0 0.516707 0.280859 0.034514 0.000034 0.167886
0 0 0.728413 0.138803 0.019637 0.000034 0.113113
0 0 0.760364 0.146188 0.022127 0.000050 0.071270
0 0 0.775352 0.136422 0.019849 0.000041 0.068335
0 0 0.788252 0.133067 0.017396 0.000027 0.061257
0 0 0.790209 0.135273 0.016747 0.000023 0.057748
0 0 0.823377 0.111938 0.014504 0.000023 0.050158
0 0 0.823737 0.108978 0.015011 0.000028 0.052245
0 0 0.814214 0.111898 0.016745 0.000039 0.057103
0 0 0.793171 0.120729 0.019317 0.000053 0.066730
0 0 0.780789 0.142104 0.021526 0.000052 0.055530
0 0 0.712582 0.189029 0.029200 0.000070 0.069120
0 0 0.777804 0.153534 0.025368 0.000082 0.043212
0 0 0.769787 0.149221 0.031875 0.000207 0.048910
0 0 0.733866 0.179648 0.048345 0.000623 0.037518
0 0 0.809483 0.119678 0.035632 0.000638 0.034569
0 1 0.722326 0.164914 0.056427 0.001333 0.054999
0 1 0.632767 0.225705 0.081278 0.002123 0.058128
1 1 0.317751 0.350830 0.144334 0.001863 0.185222
2 1 0.116081 0.324138 0.354553 0.006312 0.198915
4 1 0.045719 0.212713 0.311643 0.010582 0.419342
4 1 0.033321 0.169477 0.162615 0.001018 0.633569
4 1 0.032789 0.170981 0.171978 0.001157 0.623096
4 1 0.054588 0.217629 0.206351 0.002228 0.519203
4 1 0.071757 0.246391 0.240697 0.004268 0.436888
4 1 0.108013 0.241661 0.129663 0.001388 0.519275
4 1 0.154032 0.285265 0.137791 0.001298 0.421615
4 4 0.159407 0.289588 0.144875 0.001666 0.404464
4 4 0.163476 0.269146 0.118904 0.001613 0.446860
4 4 0.174256 0.221293 0.052428 0.000212 0.551811
4 4 0.205964 0.258951 0.071935 0.000415 0.462736
1 4 0.203978 0.348326 0.187797 0.001604 0.258295
4 4 0.119997 0.270882 0.171710 0.002629 0.434782
4 4 0.060940 0.187426 0.140763 0.003046 0.607825
2 4 0.099309 0.283193 0.375213 0.005521 0.236764
4 4 0.122889 0.310037 0.251428 0.002528 0.313118
4 4 0.096001 0.217244 0.091478 0.000378 0.594899
4 4 0.115695 0.234336 0.083123 0.000208 0.566638
4 4 0.070360 0.138879 0.043018 0.000223 0.747520
4 4 0.080638 0.112566 0.042707 0.000531 0.763557
4 4 0.038554 0.059668 0.024301 0.000313 0.877163
