0 0 0.877378 0.043995 0.069016 0.009176 0.000435
0 0 0.932305 0.022962 0.035679 0.008887 0.000168
0 0 0.974793 0.009559 0.009182 0.006355 0.000110
0 0 0.977755 0.008411 0.006965 0.006734 0.000135
0 0 0.984874 0.006828 0.004144 0.004017 0.000136
0 0 0.984067 0.006512 0.004660 0.004662 0.000099
0 0 0.974376 0.010166 0.011410 0.003988 0.000059
0 0 0.959116 0.019432 0.018406 0.002880 0.000165
0 0 0.943561 0.028257 0.025284 0.002604 0.000294
0 0 0.922232 0.037579 0.033433 0.005911 0.000845
0 0 0.900726 0.035717 0.047957 0.014944 0.000656
0 0 0.939649 0.024440 0.026155 0.009323 0.000433
0 0 0.967530 0.011363 0.012650 0.008333 0.000124
0 0 0.984138 0.004116 0.005350 0.006378 0.000018
0 0 0.976403 0.003116 0.008386 0.012091 0.000004
0 0 0.983219 0.001696 0.006201 0.008882 0.000001
0 0 0.988256 0.001185 0.003998 0.006560 0.000000
0 0 0.989034 0.001046 0.002751 0.007168 0.000001
0 0 0.982765 0.001888 0.004141 0.011203 0.000003
0 0 0.969404 0.004913 0.010455 0.015214 0.000015
0 0 0.952400 0.021883 0.021165 0.004298 0.000254
0 0 0.937579 0.031119 0.027056 0.003768 0.000479
0 0 0.924120 0.029656 0.037155 0.008686 0.000381
0 0 0.946265 0.022374 0.023661 0.007374 0.000327
0 0 0.949488 0.021389 0.021816 0.006988 0.000319
0 0 0.948490 0.021636 0.022173 0.007367 0.000334
0 0 0.956717 0.020117 0.016895 0.005877 0.000394
0 0 0.959942 0.018777 0.014767 0.006088 0.000425
0 0 0.936113 0.025334 0.027937 0.010160 0.000456
0 0 0.923728 0.030169 0.035467 0.010129 0.000507
0 0 0.899218 0.041744 0.047930 0.010245 0.000864
0 0 0.894614 0.047096 0.048542 0.008607 0.001140
0 0 0.874086 0.053099 0.062081 0.009604 0.001129
0 0 0.852346 0.052519 0.083537 0.010963 0.000635
0 0 0.872398 0.043521 0.072756 0.010898 0.000427
0 0 0.861029 0.039177 0.080596 0.018839 0.000359
0 0 0.852317 0.036774 0.085197 0.025390 0.000321
0 0 0.856889 0.035435 0.080052 0.027284 0.000339
0 0 0.877673 0.036684 0.065072 0.020099 0.000471
0 0 0.851221 0.049453 0.083066 0.015581 0.000680
0 0 0.869324 0.076296 0.044499 0.004741 0.005140
0 0 0.878453 0.051704 0.060638 0.008248 0.000957
0 0 0.889958 0.043344 0.055791 0.010197 0.000709
0 0 0.866374 0.044374 0.075227 0.013520 0.000505
0 0 0.798648 0.053192 0.127360 0.020354 0.000447
0 0 0.867021 0.047449 0.075254 0.009776 0.000500
0 0 0.867375 0.055038 0.068082 0.008542 0.000963
0 0 0.853045 0.061974 0.075000 0.008748 0.001233
0 0 0.850956 0.066316 0.073086 0.008071 0.001572
0 0 0.856306 0.061999 0.072131 0.008278 0.001286
0 0 0.855898 0.066392 0.068019 0.007882 0.001809
0 0 0.863188 0.057928 0.069035 0.008704 0.001145
0 0 0.830593 0.067535 0.091398 0.009309 0.001165
0 0 0.830721 0.073188 0.086871 0.007711 0.001509
0 0 0.770504 0.096242 0.122662 0.008420 0.002172
0 0 0.739528 0.118095 0.129347 0.008702 0.004327
0 0 0.723691 0.125670 0.136462 0.009091 0.005086
0 0 0.790426 0.112124 0.084148 0.006401 0.006901
0 0 0.775630 0.111552 0.102450 0.006086 0.004281
0 0 0.748382 0.102728 0.139539 0.007422 0.001929
0 0 0.820906 0.120436 0.040575 0.001764 0.016319
0 0 0.873090 0.076218 0.017066 0.002982 0.030645
0 0 0.841975 0.095946 0.025492 0.003437 0.033149
0 0 0.869455 0.082542 0.021989 0.002954 0.023061
0 0 0.870833 0.078240 0.036953 0.005041 0.008933
0 0 0.900156 0.058033 0.032281 0.005362 0.004168
0 0 0.858948 0.063807 0.066145 0.009224 0.001876
0 0 0.831966 0.066192 0.087812 0.012542 0.001488
0 0 0.853271 0.067088 0.068388 0.009164 0.002090
0 0 0.861761 0.069560 0.056590 0.008645 0.003444
0 0 0.885485 0.068460 0.035492 0.004825 0.005738
0 0 0.869259 0.076292 0.043339 0.005229 0.005880
0 0 0.883471 0.071874 0.033523 0.004168 0.006963
0 0 0.823139 0.087949 0.076291 0.008399 0.004222
0 0 0.828411 0.081107 0.076250 0.010507 0.003724
0 0 0.815082 0.077311 0.092831 0.012440 0.002337
0 0 0.883425 0.052822 0.053390 0.008913 0.001450
0 0 0.895769 0.045800 0.050396 0.007209 0.000826
0 0 0.882823 0.053616 0.055184 0.007174 0.001203
0 0 0.887349 0.053442 0.050871 0.006953 0.001386
0 0 0.857639 0.092284 0.035789 0.002855 0.011432
0 0 0.895932 0.069632 0.026033 0.002081 0.006322
0 0 0.914069 0.057398 0.021198 0.002212 0.005123
0 0 0.917928 0.051268 0.025496 0.002696 0.002612
0 0 0.931615 0.042053 0.021412 0.002933 0.001987
0 0 0.916567 0.042984 0.035605 0.003962 0.000882
0 0 0.876842 0.057181 0.058660 0.006134 0.001182
0 0 0.818566 0.079099 0.094441 0.006430 0.001463
0 0 0.809824 0.103165 0.075723 0.005600 0.005688
0 0 0.784968 0.125433 0.074285 0.004609 0.010704
0 0 0.716852 0.164973 0.092688 0.004972 0.020515
0 0 0.655781 0.195835 0.116456 0.005334 0.026593
0 0 0.633140 0.202170 0.134155 0.005955 0.024581
0 0 0.726126 0.154536 0.097130 0.005868 0.016341
0 0 0.815208 0.102734 0.070482 0.005307 0.006269
0 0 0.862375 0.074854 0.054443 0.005080 0.003248
0 0 0.875784 0.063193 0.053963 0.005246 0.001814
0 0 0.900911 0.054864 0.038699 0.003791 0.001735
0 0 0.921927 0.050050 0.023328 0.002204 0.002492
0 0 0.914677 0.058542 0.016886 0.001865 0.008030
0 0 0.802850 0.063098 0.115626 0.017516 0.000909
0 0 0.767172 0.059972 0.149766 0.022549 0.000542
0 0 0.785004 0.053411 0.142698 0.018554 0.000334
0 0 0.882386 0.054215 0.059130 0.003632 0.000636
0 0 0.838932 0.072314 0.083107 0.004588 0.001059
0 0 0.856756 0.076370 0.055885 0.006827 0.004162
0 0 0.835248 0.082213 0.070690 0.008093 0.003757
0 0 0.819506 0.085141 0.083676 0.008563 0.003115
0 0 0.850241 0.074035 0.066405 0.006782 0.002537
0 0 0.871187 0.059005 0.059315 0.008780 0.001713
0 0 0.828680 0.062788 0.095280 0.012241 0.001010
0 0 0.797244 0.070746 0.117610 0.013320 0.001079
0 0 0.739077 0.089927 0.159357 0.010467 0.001171
0 0 0.729596 0.116975 0.141979 0.008169 0.003281
0 0 0.676072 0.155306 0.155032 0.006643 0.006946
0 0 0.708500 0.153684 0.117657 0.007382 0.012777
0 0 0.784899 0.111708 0.091420 0.006326 0.005647
0 0 0.833878 0.076468 0.080695 0.007026 0.001933
0 0 0.859072 0.046460 0.080547 0.013408 0.000513
0 0 0.857315 0.032107 0.074911 0.035331 0.000337
0 0 0.873757 0.048244 0.058653 0.017881 0.001465
0 0 0.852156 0.050690 0.082139 0.014302 0.000712
0 0 0.831111 0.066841 0.091797 0.009154 0.001097
0 0 0.823793 0.079938 0.087149 0.007157 0.001962
0 0 0.798294 0.103483 0.082152 0.009038 0.007034
0 0 0.763707 0.118822 0.102011 0.008393 0.007068
0 0 0.765541 0.111488 0.109629 0.008519 0.004823
0 0 0.747535 0.124021 0.116816 0.006504 0.005124
0 0 0.789537 0.115659 0.082016 0.005501 0.007286
0 0 0.774637 0.133120 0.076102 0.004222 0.011919
0 0 0.859184 0.092172 0.029896 0.002657 0.016091
0 0 0.895880 0.066408 0.013084 0.001848 0.022779
0 0 0.894420 0.066979 0.014452 0.002250 0.021900
0 0 0.919070 0.053143 0.014181 0.002657 0.010949
0 0 0.929697 0.046343 0.013713 0.002812 0.007434
0 0 0.944676 0.037509 0.009350 0.002080 0.006386
0 0 0.930374 0.046117 0.013572 0.002699 0.007238
0 0 0.936459 0.042634 0.012015 0.002396 0.006497
0 0 0.923446 0.051228 0.013600 0.002311 0.009415
0 0 0.907782 0.060031 0.023506 0.002844 0.005837
0 0 0.771431 0.112094 0.105965 0.006325 0.004186
0 0 0.804168 0.086810 0.098751 0.008032 0.002240
0 0 0.856007 0.068884 0.063655 0.008837 0.002617
0 0 0.828632 0.076123 0.077683 0.014015 0.003546
0 0 0.764578 0.089747 0.122056 0.020238 0.003380
0 0 0.764487 0.091431 0.120968 0.019526 0.003588
0 0 0.732403 0.104965 0.142238 0.016595 0.003798
0 0 0.754000 0.105965 0.123554 0.012330 0.004151
0 0 0.737202 0.104759 0.143419 0.011794 0.002826
0 0 0.807297 0.091780 0.088676 0.008593 0.003654
0 0 0.798256 0.098807 0.091188 0.007618 0.004132
0 0 0.764377 0.110138 0.114254 0.007435 0.003796
0 0 0.794779 0.104005 0.090228 0.006474 0.004514
0 0 0.789762 0.117477 0.079249 0.005358 0.008154
0 0 0.687744 0.150948 0.147215 0.006946 0.007147
0 0 0.749932 0.132510 0.102957 0.006254 0.008347
0 0 0.815522 0.098644 0.076267 0.005141 0.004426
0 0 0.830737 0.080665 0.077921 0.007894 0.002783
0 0 0.859032 0.058851 0.071315 0.009582 0.001219
0 0 0.889251 0.045462 0.054557 0.009866 0.000864
0 0 0.814579 0.110602 0.059653 0.004566 0.010600
0 0 0.848950 0.096973 0.034008 0.003190 0.016879
0 0 0.875466 0.081121 0.018351 0.001918 0.023145
0 0 0.813296 0.120293 0.036835 0.002544 0.027033
0 0 0.762037 0.149817 0.055274 0.003070 0.029802
0 0 0.708239 0.178264 0.077434 0.003646 0.032417
0 0 0.490444 0.285130 0.180530 0.003281 0.040616
1 1 0.286862 0.375609 0.277226 0.001712 0.058590
2 1 0.111349 0.407903 0.408617 0.000861 0.071270
2 2 0.054531 0.374005 0.484248 0.000737 0.086479
2 2 0.032231 0.286699 0.572601 0.001995 0.106473
2 1 0.036288 0.281605 0.569705 0.002858 0.109543
2 2 0.021554 0.217447 0.681057 0.004040 0.075902
2 2 0.018161 0.204837 0.715949 0.003257 0.057797
2 2 0.056658 0.327654 0.477067 0.002539 0.136082
2 2 0.083805 0.365196 0.380449 0.002018 0.168532
2 2 0.060510 0.334517 0.447482 0.002518 0.154973
2 1 0.073481 0.324248 0.485344 0.003785 0.113142
1 1 0.134804 0.356779 0.324147 0.003719 0.180551
4 1 0.200918 0.309457 0.171407 0.003651 0.314568
1 1 0.222051 0.302957 0.181157 0.005526 0.288309
0 1 0.315554 0.300480 0.167198 0.005871 0.210897
1 1 0.262050 0.332653 0.221370 0.005098 0.178829
1 1 0.262882 0.330349 0.219047 0.005270 0.182452
1 1 0.300407 0.303934 0.173713 0.005904 0.216042
0 1 0.353020 0.286766 0.162060 0.007575 0.190580
0 0 0.557308 0.212389 0.157346 0.017194 0.055763
0 0 0.703616 0.138764 0.119297 0.019843 0.018479
0 1 0.770117 0.112006 0.097644 0.012009 0.008224
0 1 0.619351 0.184242 0.165806 0.011725 0.018876
0 1 0.364333 0.296439 0.300316 0.006616 0.032296
2 2 0.161393 0.353408 0.376922 0.004670 0.103607
2 2 0.055906 0.279766 0.570054 0.005769 0.088505
2 2 0.015640 0.148633 0.779173 0.011922 0.044631
2 2 0.004268 0.060034 0.898299 0.025441 0.011959
2 2 0.003016 0.038087 0.914235 0.040026 0.004635
2 2 0.002497 0.033056 0.913856 0.046583 0.004008
2 2 0.003292 0.042382 0.911261 0.037226 0.005839
2 2 0.001480 0.025724 0.924990 0.044675 0.003132
2 2 0.001245 0.020025 0.922325 0.054519 0.001886
2 2 0.000441 0.004767 0.740736 0.253819 0.000238
2 2 0.000889 0.006238 0.753133 0.239520 0.000221
2 2 0.002106 0.008179 0.664607 0.324809 0.000299
2 2 0.013900 0.023043 0.720453 0.241899 0.000705
2 1 0.029560 0.027630 0.621213 0.320702 0.000895
2 2 0.038238 0.030955 0.658650 0.271418 0.000739
2 2 0.063995 0.049750 0.733770 0.151500 0.000985
2 1 0.029905 0.047261 0.844767 0.077189 0.000878
2 2 0.022579 0.053297 0.866370 0.056342 0.001412
2 2 0.020100 0.059299 0.868552 0.049846 0.002202
2 2 0.022119 0.066697 0.853718 0.054177 0.003289
2 2 0.011531 0.053010 0.869439 0.062231 0.003789
2 2 0.008242 0.044391 0.884794 0.059633 0.002940
2 2 0.004988 0.027028 0.862181 0.104190 0.001614
2 2 0.004601 0.023904 0.862367 0.107941 0.001187
2 2 0.002531 0.013700 0.776635 0.206376 0.000757
2 2 0.001624 0.009971 0.713216 0.274525 0.000665
2 2 0.001145 0.006443 0.578069 0.413867 0.000477
2 2 0.000739 0.004364 0.529318 0.465299 0.000280
2 3 0.000914 0.004540 0.535091 0.459222 0.000233
3 3 0.000824 0.000917 0.051702 0.946275 0.000283
3 3 0.000736 0.000769 0.044962 0.953290 0.000243
3 3 0.000823 0.000848 0.046105 0.951939 0.000284
3 3 0.000641 0.000852 0.054890 0.943351 0.000266
3 3 0.000694 0.000749 0.045129 0.953191 0.000237
3 3 0.000821 0.000863 0.046320 0.951695 0.000302
3 3 0.000914 0.000876 0.045219 0.952704 0.000288
3 3 0.001145 0.000870 0.039415 0.958286 0.000285
3 3 0.001964 0.001106 0.037402 0.959158 0.000370
3 3 0.002280 0.001588 0.059349 0.936376 0.000407
3 3 0.002218 0.001702 0.068512 0.927171 0.000397
3 3 0.001228 0.000858 0.036139 0.961469 0.000307
3 3 0.001471 0.000811 0.029052 0.968334 0.000332
3 3 0.001227 0.000658 0.026297 0.971572 0.000247
3 3 0.001484 0.000647 0.023188 0.974441 0.000240
3 3 0.001601 0.000649 0.022111 0.975395 0.000245
3 3 0.001579 0.000583 0.019145 0.978453 0.000240
3 3 0.001589 0.000533 0.016546 0.981086 0.000246
3 3 0.001545 0.000496 0.015235 0.982483 0.000241
3 3 0.001379 0.000424 0.013921 0.984082 0.000194
3 3 0.000415 0.000342 0.026524 0.972625 0.000094
3 3 0.000373 0.000331 0.028036 0.971176 0.000084
3 3 0.000625 0.000429 0.025391 0.973415 0.000140
3 3 0.000644 0.000384 0.021640 0.977202 0.000131
3 3 0.000837 0.000351 0.016200 0.982482 0.000131
3 3 0.001359 0.000413 0.014234 0.983828 0.000167
3 3 0.001255 0.000418 0.015229 0.982932 0.000166
3 3 0.001115 0.000401 0.016354 0.981991 0.000139
3 3 0.000982 0.000410 0.018485 0.979991 0.000133
3 3 0.001151 0.000424 0.017081 0.981195 0.000147
3 3 0.002856 0.000788 0.018098 0.977887 0.000371
3 3 0.002236 0.000709 0.018526 0.978193 0.000336
3 3 0.001465 0.000666 0.023582 0.974023 0.000264
3 3 0.001191 0.000772 0.032918 0.964849 0.000270
3 2 0.001330 0.001049 0.045328 0.951961 0.000332
3 2 0.004284 0.003139 0.105102 0.886937 0.000539
3 2 0.006351 0.006375 0.256233 0.730559 0.000481
3 1 0.017143 0.013969 0.387919 0.580234 0.000735
3 2 0.022987 0.017150 0.400462 0.558428 0.000974
3 2 0.020615 0.019721 0.435178 0.523033 0.001453
3 2 0.014490 0.016169 0.378508 0.589023 0.001809
3 2 0.018038 0.009758 0.231827 0.739554 0.000823
3 2 0.022974 0.008515 0.210226 0.757828 0.000457
3 2 0.034171 0.009153 0.217814 0.738550 0.000313
3 2 0.055080 0.012885 0.263666 0.668024 0.000345
3 2 0.074565 0.019555 0.323479 0.581812 0.000589
2 2 0.119778 0.037238 0.428354 0.413318 0.001312
2 2 0.090329 0.055033 0.574518 0.277370 0.002750
2 2 0.020049 0.040090 0.732327 0.204864 0.002670
2 2 0.009692 0.031712 0.743028 0.212696 0.002871
2 3 0.005028 0.022842 0.757293 0.212796 0.002042
2 3 0.003414 0.014505 0.606241 0.374138 0.001701
3 2 0.001483 0.006433 0.475585 0.515901 0.000599
3 2 0.000702 0.002985 0.315915 0.680087 0.000311
3 2 0.000528 0.001942 0.229102 0.768210 0.000218
3 2 0.000563 0.002016 0.237335 0.759871 0.000215
3 3 0.000564 0.001580 0.155832 0.841777 0.000247
3 2 0.000656 0.001666 0.135738 0.861602 0.000338
3 2 0.001076 0.001364 0.075481 0.921738 0.000341
3 2 0.001517 0.001440 0.058943 0.937634 0.000467
3 2 0.001208 0.002476 0.157797 0.838104 0.000415
3 2 0.001075 0.001574 0.101624 0.895452 0.000275
3 2 0.001696 0.001564 0.071741 0.924665 0.000334
3 2 0.001211 0.000957 0.047870 0.949735 0.000227
3 3 0.001131 0.000655 0.031023 0.967017 0.000174
3 3 0.000736 0.000444 0.025585 0.973115 0.000121
3 3 0.000796 0.000552 0.030588 0.967905 0.000159
3 3 0.001122 0.000646 0.030864 0.967198 0.000169
3 3 0.012370 0.004922 0.151954 0.830471 0.000283
3 2 0.016535 0.006469 0.237034 0.739788 0.000174
3 2 0.059632 0.019132 0.460113 0.460884 0.000239
3 2 0.020389 0.009917 0.326958 0.642479 0.000257
3 2 0.022864 0.012167 0.252933 0.711115 0.000922
3 2 0.008423 0.010490 0.309617 0.670234 0.001236
3 2 0.002845 0.006428 0.272591 0.716961 0.001175
3 2 0.002296 0.007700 0.432159 0.557018 0.000827
3 2 0.001891 0.005864 0.345964 0.645554 0.000728
3 2 0.003201 0.009524 0.432212 0.553894 0.001168
3 2 0.002952 0.007758 0.381282 0.607084 0.000924
3 1 0.003515 0.005796 0.299909 0.690264 0.000516
2 1 0.290220 0.074961 0.469889 0.162998 0.001931
2 2 0.318672 0.068950 0.411062 0.199232 0.002084
0 1 0.530857 0.077458 0.299851 0.090182 0.001652
0 2 0.421501 0.081789 0.412055 0.083425 0.001230
2 1 0.277178 0.080327 0.553022 0.088402 0.001071
2 1 0.080317 0.056224 0.770959 0.091808 0.000692
2 2 0.029783 0.045705 0.843447 0.080236 0.000828
2 2 0.012894 0.037802 0.876356 0.071901 0.001047
2 2 0.004972 0.024387 0.838459 0.130758 0.001424
2 2 0.003520 0.020696 0.820144 0.154125 0.001515
2 2 0.002955 0.016648 0.748969 0.229960 0.001468
2 2 0.002116 0.014918 0.775901 0.205740 0.001324
2 2 0.002489 0.019303 0.837269 0.139264 0.001674
2 2 0.002174 0.018543 0.867188 0.110754 0.001341
2 2 0.002655 0.023375 0.881088 0.090936 0.001947
2 2 0.004032 0.026997 0.838649 0.127617 0.002705
2 2 0.007274 0.037370 0.806508 0.144158 0.004690
2 1 0.013686 0.053813 0.807904 0.118345 0.006252
2 1 0.014339 0.045260 0.809099 0.127987 0.003314
2 1 0.013297 0.041061 0.844872 0.098866 0.001904
2 2 0.014683 0.083017 0.866404 0.028525 0.007371
2 2 0.007502 0.043352 0.912377 0.034916 0.001853
2 2 0.005011 0.033920 0.924471 0.035297 0.001300
2 2 0.003069 0.028299 0.937777 0.029738 0.001116
2 2 0.001430 0.016779 0.944448 0.036782 0.000561
2 2 0.001416 0.016509 0.941106 0.040385 0.000583
2 2 0.001832 0.017189 0.909207 0.070963 0.000810
2 2 0.002083 0.017725 0.909383 0.070059 0.000749
2 2 0.001828 0.015275 0.861704 0.120281 0.000912
2 2 0.002267 0.016094 0.882723 0.098256 0.000659
2 2 0.006748 0.028600 0.859475 0.103868 0.001310
2 0 0.021588 0.044321 0.872275 0.061008 0.000807
2 1 0.110039 0.087582 0.729861 0.070611 0.001907
2 2 0.082706 0.065082 0.749643 0.101338 0.001232
2 2 0.093901 0.077826 0.717476 0.108379 0.002417
2 2 0.085194 0.089916 0.740702 0.080960 0.003229
2 2 0.032422 0.071798 0.833297 0.059601 0.002881
2 2 0.021778 0.061798 0.851020 0.062522 0.002882
2 2 0.009437 0.040119 0.879110 0.069399 0.001935
2 1 0.009419 0.040118 0.874661 0.073741 0.002061
2 1 0.017687 0.060204 0.867054 0.052160 0.002896
2 2 0.011874 0.043915 0.871621 0.070570 0.002020
2 2 0.009207 0.038016 0.881532 0.069605 0.001640
2 2 0.005197 0.024604 0.852519 0.116466 0.001215
2 2 0.004527 0.024660 0.894415 0.075459 0.000938
2 2 0.005157 0.028843 0.895090 0.069615 0.001296
2 2 0.004852 0.029875 0.905738 0.058187 0.001349
2 2 0.004383 0.026183 0.900407 0.067923 0.001104
2 2 0.004304 0.027615 0.916380 0.050660 0.001040
2 2 0.002981 0.023428 0.931993 0.040830 0.000768
2 2 0.002821 0.021880 0.928697 0.045886 0.000716
2 2 0.002145 0.017003 0.926839 0.053537 0.000476
2 2 0.002698 0.018061 0.909870 0.068819 0.000552
2 2 0.004037 0.017853 0.862039 0.115553 0.000519
2 1 0.009277 0.020705 0.807017 0.162573 0.000428
2 1 0.172054 0.056502 0.569788 0.200769 0.000888
0 1 0.473623 0.054613 0.320263 0.150918 0.000584
0 1 0.565435 0.054659 0.267540 0.111853 0.000513
0 2 0.613742 0.074842 0.263653 0.046999 0.000764
0 2 0.520168 0.117171 0.331453 0.029285 0.001923
2 2 0.025671 0.089722 0.857328 0.023369 0.003910
2 2 0.028110 0.093170 0.845197 0.028683 0.004840
2 2 0.023888 0.088875 0.855671 0.026865 0.004701
2 2 0.016973 0.058349 0.863140 0.058504 0.003035
2 2 0.010070 0.044566 0.890984 0.052379 0.002001
2 2 0.008876 0.042616 0.885319 0.060866 0.002322
2 2 0.011577 0.057551 0.876570 0.050120 0.004182
2 2 0.010004 0.050304 0.880509 0.055791 0.003392
2 2 0.015729 0.067520 0.871004 0.041500 0.004248
2 2 0.010392 0.046088 0.882831 0.058279 0.002410
2 2 0.015433 0.056705 0.863167 0.061447 0.003249
2 2 0.010888 0.040009 0.854330 0.092657 0.002117
2 2 0.010784 0.036125 0.820899 0.130066 0.002125
2 2 0.011962 0.039897 0.824568 0.121103 0.002470
2 2 0.008275 0.030018 0.807994 0.151881 0.001834
2 2 0.012677 0.036782 0.811657 0.136884 0.001999
2 2 0.009255 0.022549 0.690252 0.276593 0.001351
2 2 0.015696 0.022514 0.519542 0.440290 0.001958
3 2 0.011323 0.014308 0.355078 0.617516 0.001775
3 2 0.009974 0.014745 0.395831 0.577713 0.001736
2 2 0.021012 0.027623 0.560882 0.388512 0.001971
3 2 0.059726 0.028225 0.396801 0.513663 0.001585
3 2 0.177329 0.039384 0.357767 0.424050 0.001470
0 2 0.408002 0.055449 0.297814 0.237151 0.001585
2 1 0.334917 0.055592 0.391301 0.217192 0.000998
2 1 0.351752 0.076120 0.466787 0.104349 0.000992
2 1 0.384090 0.119894 0.457664 0.036470 0.001882
2 2 0.347587 0.172180 0.454984 0.020353 0.004896
2 2 0.138828 0.161848 0.659270 0.031338 0.008717
2 2 0.134723 0.184895 0.639328 0.027396 0.013657
2 2 0.033589 0.098658 0.825742 0.036021 0.005990
2 2 0.044611 0.127694 0.796935 0.022913 0.007847
2 2 0.024042 0.094630 0.848929 0.026508 0.005891
2 2 0.025805 0.102014 0.842435 0.023323 0.006423
2 2 0.025316 0.100906 0.846824 0.021167 0.005787
2 2 0.021297 0.092669 0.858233 0.022323 0.005477
2 2 0.014496 0.074961 0.886396 0.020409 0.003739
2 2 0.009091 0.050557 0.912458 0.025947 0.001947
2 2 0.011612 0.054349 0.905927 0.026262 0.001851
2 2 0.007335 0.040789 0.906840 0.043188 0.001847
2 1 0.098524 0.084153 0.742336 0.073025 0.001963
2 1 0.131288 0.088977 0.690318 0.087100 0.002317
2 1 0.075157 0.079701 0.763626 0.079280 0.002237
2 2 0.032388 0.064813 0.831389 0.069154 0.002256
2 2 0.017797 0.056364 0.867731 0.055729 0.002380
2 2 0.006135 0.030480 0.878342 0.083537 0.001506
2 2 0.003062 0.020636 0.881988 0.093281 0.001033
2 2 0.003570 0.025310 0.872399 0.096864 0.001856
2 2 0.002053 0.019842 0.896745 0.080033 0.001327
2 2 0.001867 0.020803 0.913658 0.062266 0.001406
2 2 0.001856 0.020064 0.918713 0.058206 0.001161
2 2 0.002016 0.022480 0.920057 0.053978 0.001470
2 2 0.002451 0.025963 0.925302 0.044681 0.001602
2 2 0.019611 0.062336 0.810054 0.102275 0.005724
2 0 0.244718 0.120393 0.579243 0.053399 0.002247
0 0 0.464566 0.071015 0.398889 0.065092 0.000439
0 0 0.689818 0.046563 0.231094 0.032403 0.000123
0 0 0.941362 0.013308 0.032598 0.012695 0.000037
0 0 0.983654 0.004765 0.005825 0.005733 0.000023
0 0 0.990013 0.003074 0.002661 0.004230 0.000021
0 0 0.906156 0.071219 0.013331 0.000420 0.008874
0 0 0.843103 0.116970 0.030948 0.000412 0.008566
0 0 0.869535 0.097621 0.024415 0.000459 0.007971
0 0 0.876872 0.087197 0.031186 0.000672 0.004073
0 0 0.874002 0.087287 0.033714 0.000855 0.004143
0 0 0.856117 0.102804 0.034606 0.000648 0.005826
0 0 0.855403 0.107468 0.028017 0.000474 0.008639
0 0 0.843161 0.114921 0.030683 0.000580 0.010654
0 0 0.791528 0.147112 0.048267 0.000755 0.012338
0 0 0.786667 0.149343 0.049959 0.000841 0.013189
0 0 0.779032 0.153735 0.052815 0.000881 0.013537
0 0 0.773806 0.157440 0.054925 0.000830 0.012999
0 0 0.743049 0.175714 0.067373 0.000850 0.013014
0 0 0.793993 0.145851 0.048834 0.000675 0.010647
0 0 0.850242 0.096862 0.047753 0.001274 0.003869
0 0 0.901264 0.058701 0.036754 0.001850 0.001431
0 0 0.930575 0.038738 0.027886 0.002155 0.000646
0 0 0.941381 0.034152 0.022025 0.001834 0.000607
0 0 0.954471 0.030278 0.013401 0.001070 0.000781
0 0 0.920952 0.056439 0.019616 0.000684 0.002309
0 1 0.795039 0.145611 0.046595 0.000692 0.012063
0 1 0.823018 0.128346 0.034612 0.000599 0.013426
0 0 0.810413 0.138199 0.035393 0.000488 0.015506
0 1 0.839687 0.120418 0.024556 0.000298 0.015040
0 1 0.853117 0.111987 0.019550 0.000206 0.015140
0 1 0.868507 0.102124 0.016779 0.000164 0.012426
0 1 0.882746 0.090977 0.016083 0.000218 0.009975
0 0 0.893261 0.083165 0.016070 0.000254 0.007250
0 1 0.912032 0.069061 0.012263 0.000250 0.006394
0 1 0.896656 0.080950 0.015960 0.000240 0.006193
0 1 0.902013 0.077339 0.014676 0.000214 0.005758
0 1 0.896064 0.081340 0.014052 0.000212 0.008332
0 1 0.825481 0.132000 0.024053 0.000199 0.018267
0 1 0.762861 0.170041 0.033323 0.000269 0.033507
0 1 0.731013 0.184019 0.040758 0.000451 0.043758
0 1 0.701706 0.195363 0.044978 0.000587 0.057366
0 1 0.704147 0.192078 0.045315 0.000676 0.057784
0 0 0.799448 0.134178 0.030246 0.000879 0.035249
0 0 0.861852 0.097387 0.022540 0.000942 0.017279
0 1 0.867825 0.096464 0.022971 0.000693 0.012047
0 1 0.602359 0.253732 0.084194 0.000953 0.058762
0 1 0.620834 0.241820 0.085535 0.001180 0.050631
0 1 0.593810 0.257105 0.088692 0.001049 0.059344
0 1 0.616399 0.236685 0.070384 0.001062 0.075470
0 1 0.612744 0.240005 0.085104 0.001476 0.060672
0 1 0.677079 0.200235 0.066783 0.001856 0.054047
0 1 0.622281 0.230421 0.090007 0.002106 0.055185
0 1 0.644044 0.213540 0.073291 0.002114 0.067011
0 1 0.682487 0.200861 0.061110 0.001344 0.054198
0 1 0.613106 0.239966 0.084772 0.001459 0.060697
0 1 0.565115 0.253101 0.087028 0.001698 0.093058
0 1 0.412492 0.294430 0.127653 0.003034 0.162392
0 1 0.489552 0.224652 0.079416 0.004786 0.201594
0 1 0.484699 0.244665 0.091213 0.003976 0.175447
0 0 0.477133 0.265612 0.095122 0.002473 0.159660
0 1 0.565577 0.217983 0.058724 0.001837 0.155878
0 1 0.652057 0.148555 0.033867 0.003236 0.162286
0 1 0.627261 0.155249 0.040408 0.004748 0.172333
0 1 0.484253 0.203286 0.069087 0.006183 0.237191
0 1 0.331862 0.237141 0.105864 0.008097 0.317035
4 1 0.155916 0.292811 0.146999 0.002369 0.401905
1 1 0.166170 0.327710 0.181178 0.002270 0.322671
1 1 0.122189 0.348808 0.248047 0.002257 0.278698
1 1 0.233706 0.330270 0.210041 0.004564 0.221419
0 1 0.355962 0.288968 0.153216 0.006200 0.195654
0 0 0.554992 0.243170 0.110886 0.004565 0.086387
0 0 0.736410 0.157074 0.068301 0.004998 0.033217
0 1 0.805270 0.121598 0.055865 0.003380 0.013887
0 1 0.850277 0.099024 0.040706 0.001887 0.008107
0 1 0.835948 0.115895 0.032257 0.000987 0.014913
0 1 0.839232 0.112958 0.028137 0.000932 0.018741
0 1 0.672253 0.217474 0.070762 0.000920 0.038591
0 1 0.551427 0.284678 0.107099 0.000923 0.055874
1 1 0.308796 0.403910 0.215257 0.000657 0.071380
1 1 0.280983 0.413802 0.218458 0.000631 0.086126
1 1 0.213674 0.415241 0.292033 0.000921 0.078131
1 1 0.174904 0.399002 0.366473 0.001251 0.058370
2 2 0.039348 0.268733 0.659845 0.001550 0.030524
2 2 0.025566 0.231435 0.705709 0.001949 0.035341
2 1 0.025422 0.240826 0.682116 0.002085 0.049550
1 1 0.204595 0.401994 0.321150 0.001283 0.070978
2 2 0.041260 0.258920 0.674886 0.001631 0.023302
2 2 0.018164 0.165309 0.795876 0.003400 0.017251
2 2 0.037427 0.243282 0.685649 0.002656 0.030986
2 2 0.008176 0.114343 0.859869 0.004062 0.013550
2 2 0.005096 0.089778 0.888088 0.005028 0.012011
2 2 0.006026 0.105840 0.866299 0.004354 0.017480
2 2 0.005522 0.106957 0.860501 0.004490 0.022530
2 2 0.003767 0.091572 0.880138 0.004247 0.020276
2 2 0.002416 0.070067 0.907148 0.005222 0.015146
2 2 0.001830 0.058626 0.921889 0.005802 0.011853
2 2 0.001181 0.045588 0.939669 0.005654 0.007908
2 2 0.001365 0.045938 0.937806 0.007124 0.007767
2 2 0.001593 0.045151 0.937356 0.009046 0.006854
2 2 0.002866 0.064398 0.915109 0.007503 0.010125
2 2 0.003254 0.070943 0.907134 0.006883 0.011786
2 2 0.002451 0.058692 0.922032 0.007812 0.009013
2 2 0.002878 0.059143 0.917300 0.011074 0.009604
2 2 0.002899 0.054510 0.917958 0.015485 0.009147
2 2 0.004372 0.080489 0.888202 0.009680 0.017257
2 2 0.001557 0.032792 0.942390 0.019625 0.003635
2 2 0.001607 0.027681 0.943770 0.024796 0.002145
2 2 0.001337 0.024143 0.940971 0.031488 0.002060
2 2 0.001627 0.026511 0.939237 0.030467 0.002158
2 2 0.002121 0.030760 0.931029 0.033275 0.002815
2 2 0.002223 0.025799 0.919088 0.050866 0.002024
2 2 0.002867 0.027559 0.901174 0.066061 0.002338
2 2 0.003517 0.030564 0.901687 0.061802 0.002430
2 2 0.002879 0.029343 0.905601 0.059521 0.002655
2 2 0.002293 0.027420 0.925667 0.042561 0.002059
2 2 0.003121 0.030796 0.918093 0.045774 0.002216
2 1 0.069081 0.128758 0.767196 0.029334 0.005631
2 0 0.229108 0.139540 0.595243 0.033244 0.002865
0 1 0.441705 0.121556 0.405524 0.029526 0.001689
0 1 0.532304 0.109036 0.332424 0.024965 0.001271
0 2 0.788318 0.098181 0.102730 0.007632 0.003140
0 2 0.795439 0.123260 0.069334 0.003211 0.008756
0 2 0.622103 0.217745 0.143650 0.002424 0.014078
0 2 0.511924 0.275733 0.188237 0.002339 0.021767
0 2 0.443382 0.295796 0.235374 0.002763 0.022685
2 2 0.029413 0.108152 0.837990 0.018827 0.005617
2 2 0.019504 0.076135 0.870702 0.029926 0.003733
2 2 0.019022 0.075667 0.871612 0.029928 0.003771
2 2 0.017799 0.069473 0.883062 0.026963 0.002703
2 2 0.013278 0.056768 0.900800 0.027274 0.001881
2 2 0.024110 0.089358 0.867401 0.016081 0.003050
2 2 0.016636 0.067902 0.892496 0.020809 0.002157
2 2 0.017865 0.078222 0.882437 0.018441 0.003035
2 2 0.013017 0.068089 0.896486 0.019529 0.002878
2 2 0.008280 0.050935 0.917579 0.021294 0.001912
2 2 0.008794 0.052937 0.910359 0.025521 0.002390
2 2 0.011245 0.051779 0.899594 0.035282 0.002100
2 2 0.011713 0.054042 0.884968 0.046274 0.003002
2 2 0.013023 0.052795 0.872355 0.058837 0.002990
2 2 0.009461 0.039186 0.868600 0.080698 0.002055
2 3 0.009634 0.038420 0.860522 0.089355 0.002068
2 2 0.007213 0.030732 0.861567 0.099002 0.001485
2 2 0.004220 0.022453 0.844314 0.127734 0.001279
2 2 0.003845 0.022050 0.859786 0.113132 0.001186
2 2 0.003391 0.020111 0.828518 0.146629 0.001350
2 2 0.005751 0.029781 0.884258 0.078788 0.001422
2 2 0.008510 0.029730 0.819221 0.140983 0.001556
2 2 0.020835 0.038876 0.797230 0.141752 0.001306
2 2 0.065841 0.062320 0.755991 0.114345 0.001504
2 1 0.135342 0.078120 0.690632 0.094504 0.001402
2 1 0.240525 0.087859 0.601965 0.068595 0.001056
0 2 0.473275 0.102478 0.381896 0.040961 0.001391
0 1 0.555070 0.119874 0.297377 0.025337 0.002342
0 1 0.427915 0.123076 0.414232 0.032639 0.002137
2 2 0.392717 0.137045 0.442877 0.024946 0.002415
2 2 0.342291 0.156073 0.479602 0.018965 0.003068
2 2 0.365398 0.188816 0.428525 0.012311 0.004949
2 2 0.102255 0.153617 0.722636 0.016548 0.004944
2 2 0.059717 0.130479 0.792438 0.013646 0.003720
2 2 0.057086 0.118508 0.805515 0.015865 0.003026
2 2 0.147526 0.145101 0.682533 0.021492 0.003348
2 2 0.273795 0.162862 0.536935 0.022278 0.004130
2 2 0.167888 0.124900 0.673495 0.031248 0.002469
2 1 0.124499 0.101626 0.735001 0.037178 0.001695
2 2 0.302738 0.152899 0.518101 0.022915 0.003348
0 2 0.426118 0.188058 0.380322 0.003574 0.001929
0 1 0.409715 0.199095 0.383765 0.004520 0.002906
2 2 0.359405 0.243132 0.386662 0.004281 0.006520
2 2 0.259265 0.274948 0.440587 0.007131 0.018070
2 2 0.170310 0.266574 0.532906 0.008659 0.021550
2 2 0.081494 0.213106 0.681021 0.009129 0.015249
2 2 0.098824 0.232635 0.643125 0.008327 0.017089
2 2 0.048056 0.161819 0.778046 0.006136 0.005943
2 2 0.128267 0.217480 0.642714 0.005100 0.006439
0 2 0.413321 0.189461 0.389052 0.005466 0.002701
0 0 0.517120 0.112692 0.359125 0.010428 0.000636
0 0 0.731168 0.070855 0.177320 0.020006 0.000651
0 1 0.790588 0.073032 0.121768 0.013472 0.001140
0 1 0.699542 0.084142 0.202147 0.013470 0.000698
0 1 0.681458 0.132715 0.178347 0.005137 0.002343
0 1 0.543804 0.237929 0.204671 0.002659 0.010936
0 2 0.468507 0.277890 0.200660 0.006107 0.046836
1 2 0.260145 0.356609 0.315624 0.003436 0.064186
2 1 0.168498 0.356798 0.397613 0.003972 0.073118
2 1 0.055940 0.263145 0.624692 0.005501 0.050723
2 1 0.007201 0.135855 0.816467 0.003441 0.037037
2 2 0.004337 0.084514 0.885644 0.007633 0.017872
2 2 0.007302 0.103824 0.863147 0.007482 0.018245
2 2 0.007396 0.099186 0.869969 0.008153 0.015296
2 2 0.009469 0.109987 0.858570 0.007346 0.014627
2 2 0.010375 0.116872 0.845874 0.008216 0.018662
2 2 0.007027 0.112565 0.850075 0.006024 0.024308
2 2 0.003678 0.085830 0.879399 0.006890 0.024203
2 2 0.002111 0.059209 0.907423 0.012198 0.019059
2 2 0.002786 0.061495 0.897402 0.018091 0.020225
2 2 0.004432 0.086774 0.860554 0.013602 0.034639
2 2 0.005079 0.099212 0.848321 0.009598 0.037792
2 2 0.010538 0.151502 0.763251 0.007106 0.067602
2 1 0.012314 0.151060 0.775487 0.007979 0.053160
2 1 0.023693 0.194417 0.728006 0.006286 0.047598
2 1 0.046003 0.275251 0.628806 0.002715 0.047224
2 1 0.084718 0.359693 0.488341 0.001506 0.065741
2 1 0.115793 0.357750 0.472839 0.002004 0.051615
2 1 0.049765 0.241053 0.681203 0.003760 0.024218
2 1 0.112798 0.327480 0.519147 0.002916 0.037659
0 0 0.465254 0.189652 0.071940 0.011232 0.261923
0 4 0.567772 0.184198 0.074240 0.012171 0.161619
0 4 0.575196 0.199268 0.090770 0.011709 0.123056
0 0 0.614999 0.185324 0.079833 0.010988 0.108857
0 0 0.738727 0.134823 0.040851 0.005986 0.079612
0 4 0.576092 0.202294 0.068812 0.004921 0.147881
0 4 0.470895 0.254332 0.102857 0.004382 0.167533
0 4 0.358183 0.306609 0.153915 0.003996 0.177297
1 4 0.282446 0.293901 0.152035 0.005076 0.266543
0 4 0.360706 0.271680 0.115461 0.004360 0.247793
0 4 0.349301 0.275452 0.117721 0.004165 0.253361
0 4 0.499025 0.204701 0.060274 0.003733 0.232267
0 4 0.500785 0.233436 0.068960 0.002288 0.194531
0 4 0.482667 0.240985 0.068846 0.001881 0.205621
0 4 0.380495 0.317545 0.114229 0.001317 0.186414
0 4 0.336233 0.331741 0.143737 0.001847 0.186443
1 4 0.224795 0.339180 0.173173 0.002192 0.260660
1 4 0.234405 0.332200 0.187674 0.003293 0.242427
1 4 0.232388 0.334713 0.198989 0.003600 0.230311
1 4 0.252726 0.331282 0.196953 0.003990 0.215048
1 4 0.268916 0.291943 0.149622 0.004903 0.284616
1 4 0.305178 0.309534 0.156877 0.003958 0.224454
1 4 0.260475 0.325670 0.153153 0.002348 0.258354
1 4 0.295337 0.335275 0.148616 0.001852 0.218920
1 4 0.283134 0.345255 0.161948 0.001842 0.207820
1 4 0.335699 0.337755 0.150220 0.001794 0.174533
1 0 0.280080 0.364228 0.183276 0.001624 0.170792
1 4 0.236719 0.381872 0.220443 0.001592 0.159373
1 4 0.273379 0.366673 0.199325 0.001848 0.158776
0 4 0.344197 0.313189 0.146911 0.003052 0.192650
0 4 0.403264 0.286266 0.120921 0.003325 0.186225
0 1 0.462165 0.277696 0.125173 0.003819 0.131147
0 4 0.486585 0.269650 0.115785 0.003540 0.124441
0 4 0.473161 0.238921 0.084601 0.003880 0.199437
0 4 0.376333 0.259518 0.103875 0.004384 0.255890
0 4 0.371316 0.294957 0.136598 0.003874 0.193255
0 4 0.330611 0.274660 0.115336 0.003913 0.275480
4 4 0.338619 0.223590 0.079922 0.004874 0.352996
0 4 0.361454 0.259415 0.102998 0.004242 0.271891
1 4 0.260446 0.332289 0.170956 0.002750 0.233560
1 4 0.129885 0.355926 0.253486 0.002230 0.258472
1 4 0.208991 0.349909 0.202641 0.002482 0.235977
1 4 0.210444 0.342678 0.205511 0.003029 0.238338
1 4 0.200892 0.340884 0.225166 0.003790 0.229268
1 4 0.226302 0.315949 0.196861 0.005236 0.255651
1 4 0.304519 0.311321 0.193038 0.006378 0.184745
0 4 0.408188 0.299795 0.151264 0.004012 0.136741
0 0 0.591292 0.236616 0.095879 0.002915 0.073298
0 1 0.731369 0.172718 0.062659 0.002060 0.031194
0 1 0.819496 0.125072 0.037367 0.001209 0.016856
0 1 0.866864 0.097674 0.023348 0.000642 0.011472
0 1 0.892229 0.080407 0.016584 0.000530 0.010250
0 1 0.905732 0.069690 0.013120 0.000578 0.010881
0 1 0.905022 0.070207 0.013286 0.000580 0.010904
0 1 0.867005 0.097211 0.023240 0.000677 0.011868
0 1 0.839809 0.116170 0.031587 0.000678 0.011755
0 1 0.838887 0.117358 0.031978 0.000625 0.011153
0 1 0.847882 0.110661 0.029027 0.000675 0.011755
0 1 0.828928 0.122038 0.034886 0.000830 0.013318
0 0 0.819270 0.125953 0.037626 0.001118 0.016033
0 0 0.588811 0.236548 0.138439 0.003997 0.032205
0 1 0.514389 0.271101 0.171250 0.003847 0.039413
1 1 0.302160 0.369251 0.272457 0.001792 0.054340
1 1 0.190243 0.385759 0.368470 0.001660 0.053868
1 1 0.196386 0.385320 0.342595 0.002010 0.073689
1 1 0.230954 0.359869 0.344274 0.003359 0.061545
2 1 0.193427 0.353882 0.401281 0.003364 0.048046
2 1 0.087374 0.308244 0.569285 0.002725 0.032372
2 1 0.109534 0.363830 0.460577 0.002009 0.064050
2 2 0.100932 0.378460 0.420078 0.001718 0.098811
2 2 0.031976 0.264327 0.625408 0.002621 0.075667
2 2 0.009159 0.153245 0.795462 0.003019 0.039115
2 2 0.008540 0.146869 0.806690 0.002973 0.034928
2 2 0.006299 0.130072 0.827569 0.002976 0.033085
2 2 0.006850 0.127579 0.836864 0.003037 0.025670
2 2 0.005773 0.111387 0.856748 0.003884 0.022208
2 2 0.005814 0.117799 0.847050 0.003405 0.025932
2 2 0.007329 0.130362 0.829560 0.003536 0.029213
2 2 0.006299 0.121566 0.840603 0.003639 0.027893
2 1 0.007143 0.128961 0.834633 0.003171 0.026093
2 1 0.109034 0.343205 0.498824 0.002169 0.046768
2 1 0.060524 0.288188 0.607010 0.002667 0.041611
2 1 0.028487 0.222086 0.718282 0.002510 0.028634
2 1 0.016936 0.173079 0.785264 0.002906 0.021814
2 2 0.010747 0.143993 0.821314 0.003125 0.020821
2 2 0.007411 0.114737 0.858368 0.003811 0.015674
2 2 0.003336 0.062248 0.919945 0.007495 0.006976
2 2 0.003176 0.052745 0.929322 0.010056 0.004701
2 2 0.003725 0.047202 0.929120 0.016492 0.003461
2 2 0.003881 0.047688 0.927097 0.017718 0.003618
2 2 0.004358 0.050444 0.924806 0.016762 0.003630
2 2 0.004482 0.050907 0.919398 0.020839 0.004374
2 2 0.004682 0.063132 0.911073 0.014041 0.007073
2 2 0.005005 0.066648 0.902569 0.016437 0.009341
2 2 0.004422 0.054032 0.908672 0.025860 0.007014
2 2 0.004933 0.050467 0.908762 0.030617 0.005221
2 2 0.004619 0.043380 0.912039 0.036209 0.003753
2 2 0.006913 0.047818 0.912135 0.030479 0.002655
2 1 0.013722 0.049647 0.906248 0.029231 0.001152
2 2 0.057956 0.072719 0.848298 0.020489 0.000538
2 2 0.018252 0.169126 0.783502 0.004392 0.024728
2 2 0.013557 0.130294 0.829754 0.007760 0.018636
2 2 0.017324 0.117491 0.838139 0.014041 0.013005
2 2 0.019281 0.133805 0.822438 0.009836 0.014640
2 2 0.020850 0.155762 0.802672 0.005495 0.015220
2 2 0.013367 0.090859 0.875872 0.013680 0.006222
2 2 0.007582 0.054890 0.913820 0.020890 0.002818
2 2 0.011257 0.059488 0.895700 0.030446 0.003109
2 2 0.013706 0.049678 0.898054 0.037126 0.001436
2 1 0.015833 0.039948 0.896032 0.047533 0.000653
2 1 0.012909 0.034530 0.902953 0.049094 0.000515
2 1 0.040293 0.080746 0.844799 0.032246 0.001915
2 1 0.294434 0.194591 0.477633 0.023702 0.009641
0 1 0.532370 0.165836 0.278564 0.016896 0.006334
0 1 0.673224 0.130098 0.174000 0.016855 0.005823
0 1 0.676262 0.110211 0.192026 0.018730 0.002771
0 1 0.702164 0.108842 0.175715 0.011193 0.002087
0 1 0.570892 0.162206 0.253251 0.009388 0.004262
0 2 0.395067 0.235054 0.353953 0.006847 0.009079
2 2 0.188977 0.247439 0.544093 0.008360 0.011131
2 2 0.013039 0.110812 0.849783 0.012308 0.014057
2 2 0.011319 0.106398 0.859204 0.010367 0.012713
2 2 0.008500 0.077199 0.891900 0.015484 0.006917
2 2 0.007670 0.069733 0.896540 0.019506 0.006550
2 2 0.007725 0.068476 0.899444 0.018580 0.005776
2 2 0.004215 0.045593 0.914583 0.031124 0.004484
2 2 0.003489 0.035258 0.921657 0.037007 0.002589
2 2 0.002601 0.024123 0.910144 0.061609 0.001523
2 2 0.003395 0.027781 0.893106 0.073597 0.002122
2 2 0.003032 0.023630 0.884355 0.087365 0.001617
2 2 0.002638 0.020714 0.891440 0.084053 0.001156
2 2 0.003147 0.022293 0.879817 0.093416 0.001326
2 2 0.003782 0.024465 0.868095 0.102061 0.001596
2 2 0.002650 0.017546 0.790052 0.188184 0.001568
2 2 0.001756 0.011347 0.757129 0.229041 0.000727
2 2 0.001465 0.008071 0.631251 0.358644 0.000570
2 2 0.002423 0.011068 0.638108 0.347545 0.000856
3 2 0.000905 0.005161 0.495434 0.498027 0.000473
3 3 0.000775 0.004282 0.491170 0.503469 0.000305
3 2 0.000384 0.002079 0.318352 0.679003 0.000183
3 2 0.000820 0.002325 0.181217 0.815236 0.000401
3 2 0.001243 0.002304 0.133796 0.862179 0.000478
3 2 0.001562 0.003568 0.184427 0.809645 0.000798
3 2 0.001130 0.002930 0.159090 0.836034 0.000815
3 2 0.000923 0.002585 0.158435 0.837374 0.000682
3 2 0.001515 0.003131 0.139732 0.854639 0.000983
3 3 0.000788 0.001694 0.117891 0.879238 0.000389
3 3 0.000526 0.000985 0.077228 0.921007 0.000254
3 3 0.000333 0.000618 0.066250 0.932677 0.000122
3 2 0.000442 0.000657 0.056782 0.941969 0.000151
3 2 0.000343 0.000640 0.064429 0.934444 0.000143
3 2 0.000521 0.000637 0.046259 0.952402 0.000181
3 3 0.000817 0.000789 0.042981 0.955155 0.000259
3 3 0.001127 0.000702 0.030236 0.967682 0.000253
3 3 0.000754 0.000524 0.029529 0.969038 0.000155
3 3 0.000413 0.000382 0.033395 0.965732 0.000079
3 3 0.000633 0.000605 0.041510 0.957109 0.000143
3 3 0.000807 0.000834 0.048405 0.949717 0.000238
3 3 0.000866 0.000948 0.050751 0.947119 0.000316
3 3 0.000879 0.000891 0.044957 0.952939 0.000336
3 3 0.001184 0.000993 0.042763 0.954689 0.000371
3 3 0.001416 0.000972 0.035436 0.961744 0.000432
3 3 0.001206 0.000776 0.030231 0.967445 0.000343
3 3 0.000874 0.000486 0.021941 0.976496 0.000204
3 3 0.000803 0.000405 0.019085 0.979546 0.000161
3 3 0.000729 0.000357 0.017644 0.981130 0.000140
3 3 0.000654 0.000379 0.020597 0.978231 0.000139
3 3 0.000586 0.000413 0.025456 0.973415 0.000131
3 3 0.000594 0.000526 0.033184 0.965528 0.000168
3 3 0.001028 0.000801 0.036121 0.961741 0.000309
3 3 0.000894 0.000970 0.048277 0.949479 0.000380
3 3 0.000750 0.000841 0.044548 0.953508 0.000353
3 3 0.000725 0.000769 0.041363 0.956828 0.000316
3 3 0.000704 0.000780 0.042528 0.955662 0.000326
3 3 0.000549 0.000621 0.039145 0.959446 0.000240
3 3 0.000467 0.000459 0.030591 0.968305 0.000178
3 3 0.000472 0.000365 0.024462 0.974574 0.000126
3 3 0.000728 0.000491 0.026087 0.972517 0.000177
3 3 0.000854 0.000456 0.021358 0.977158 0.000175
3 3 0.000851 0.000475 0.022233 0.976256 0.000186
3 3 0.000446 0.000315 0.021132 0.977993 0.000113
3 3 0.000694 0.000253 0.012548 0.986412 0.000093
3 3 0.000897 0.000321 0.015098 0.983586 0.000098
3 2 0.001047 0.000427 0.020903 0.977523 0.000100
3 3 0.002910 0.001523 0.059504 0.935823 0.000240
3 2 0.005235 0.003493 0.100800 0.889800 0.000671
3 2 0.006396 0.006156 0.174717 0.811635 0.001095
3 2 0.002268 0.005662 0.293423 0.697814 0.000832
3 2 0.001570 0.006553 0.445392 0.545775 0.000709
3 2 0.002586 0.009266 0.471731 0.515354 0.001064
2 2 0.004431 0.014211 0.549832 0.430025 0.001501
2 3 0.004321 0.013146 0.529278 0.451936 0.001320
2 2 0.003890 0.013102 0.591440 0.390508 0.001060
2 2 0.003631 0.013904 0.595282 0.385765 0.001418
2 2 0.003190 0.010998 0.504717 0.479825 0.001270
3 3 0.002254 0.007702 0.418769 0.570345 0.000929
