0 0 0.947810 0.030245 0.012983 0.000666 0.008295
0 0 0.942918 0.034112 0.014793 0.000760 0.007418
0 0 0.925276 0.042807 0.021255 0.001348 0.009314
0 0 0.899280 0.058077 0.029810 0.002025 0.010808
0 0 0.838566 0.084771 0.051934 0.004867 0.019862
0 0 0.898095 0.056385 0.027803 0.001742 0.015975
0 1 0.814777 0.037563 0.014924 0.000622 0.132113
0 0 0.670332 0.046802 0.016783 0.000525 0.265558
0 1 0.501487 0.058113 0.018696 0.000426 0.421278
0 1 0.834901 0.035377 0.011338 0.000298 0.118085
0 0 0.918915 0.047398 0.018508 0.000716 0.014462
0 0 0.826717 0.100283 0.058255 0.004688 0.010057
0 0 0.748450 0.113252 0.114127 0.018079 0.006092
0 0 0.798762 0.090663 0.094387 0.013762 0.002427
0 0 0.778199 0.098031 0.107422 0.015243 0.001104
0 0 0.885385 0.080288 0.032227 0.001169 0.000931
0 0 0.925390 0.041692 0.026433 0.002104 0.004381
0 0 0.939386 0.032476 0.019865 0.001584 0.006690
0 1 0.947004 0.029709 0.015504 0.001003 0.006780
0 0 0.953025 0.028559 0.011650 0.000538 0.006227
0 0 0.920904 0.034154 0.017634 0.001337 0.025971
0 0 0.895865 0.057349 0.030456 0.002238 0.014091
0 0 0.849059 0.089940 0.040342 0.001887 0.018772
0 0 0.768190 0.156076 0.053660 0.001258 0.020816
0 0 0.730339 0.188513 0.061795 0.001253 0.018100
0 0 0.899782 0.067203 0.027559 0.001107 0.004349
0 0 0.921463 0.052960 0.021981 0.000943 0.002653
0 0 0.942022 0.038493 0.015421 0.000648 0.003417
0 0 0.934166 0.035105 0.025909 0.002340 0.002480
0 0 0.980413 0.010881 0.007307 0.000505 0.000894
0 0 0.974219 0.010072 0.013410 0.001994 0.000304
0 0 0.981303 0.007138 0.010035 0.001411 0.000113
0 0 0.983752 0.006062 0.008958 0.001186 0.000042
0 0 0.971368 0.009882 0.016063 0.002611 0.000076
0 0 0.978315 0.011412 0.009524 0.000658 0.000091
0 0 0.958294 0.021551 0.018143 0.001562 0.000450
0 0 0.941257 0.035785 0.020570 0.001216 0.001172
0 0 0.966623 0.022823 0.008419 0.000291 0.001844
0 0 0.972584 0.017267 0.005977 0.000209 0.003963
0 0 0.969518 0.019152 0.006834 0.000251 0.004246
0 0 0.931488 0.031286 0.028688 0.003744 0.004794
0 0 0.955085 0.021865 0.018272 0.001962 0.002816
0 0 0.953498 0.023271 0.018045 0.001798 0.003388
0 0 0.949841 0.022135 0.018466 0.002232 0.007325
0 0 0.976962 0.006952 0.002392 0.000096 0.013599
0 0 0.966756 0.010715 0.005723 0.000422 0.016384
0 0 0.967289 0.009873 0.004662 0.000295 0.017881
0 0 0.965861 0.008873 0.005335 0.000469 0.019463
0 0 0.957927 0.007516 0.003389 0.000216 0.030952
0 0 0.982555 0.004040 0.001221 0.000040 0.012144
0 0 0.985863 0.004547 0.001333 0.000040 0.008217
0 0 0.960341 0.016430 0.003630 0.000048 0.019551
0 0 0.940237 0.017791 0.002844 0.000018 0.039111
0 0 0.922419 0.028224 0.005326 0.000046 0.043986
0 0 0.908978 0.065738 0.016301 0.000219 0.008764
0 0 0.914805 0.059741 0.023259 0.000844 0.001351
0 0 0.848688 0.078303 0.064433 0.006638 0.001938
0 0 0.977919 0.013312 0.007844 0.000425 0.000500
0 0 0.989971 0.006222 0.003319 0.000149 0.000340
0 0 0.955025 0.020602 0.021537 0.002433 0.000403
0 0 0.962313 0.012166 0.020017 0.004554 0.000951
0 0 0.962034 0.009652 0.021017 0.006618 0.000678
0 0 0.962281 0.009582 0.020975 0.006556 0.000606
0 0 0.980151 0.005766 0.011136 0.002665 0.000283
0 0 0.976725 0.005881 0.013383 0.003810 0.000200
0 0 0.983103 0.005323 0.009493 0.001914 0.000167
0 0 0.984172 0.004539 0.008818 0.002153 0.000318
0 0 0.975725 0.005994 0.013946 0.004122 0.000213
0 0 0.955519 0.012432 0.024889 0.006701 0.000459
0 0 0.970132 0.012659 0.013954 0.001947 0.001307
0 0 0.961107 0.016998 0.013291 0.001465 0.007139
0 0 0.941259 0.024309 0.023627 0.003498 0.007307
0 0 0.926717 0.031444 0.030590 0.004508 0.006742
0 0 0.926587 0.034739 0.028223 0.003307 0.007145
0 0 0.933063 0.034978 0.020450 0.001616 0.009892
0 0 0.938388 0.033284 0.015349 0.000909 0.012070
0 0 0.937689 0.030308 0.014340 0.000914 0.016748
0 0 0.955100 0.020995 0.009013 0.000493 0.014398
0 0 0.967040 0.016271 0.006315 0.000289 0.010085
0 0 0.973612 0.012691 0.003783 0.000101 0.009814
0 0 0.913391 0.031288 0.006922 0.000083 0.048317
0 0 0.917681 0.033491 0.010895 0.000300 0.037634
0 0 0.892210 0.046005 0.019680 0.000938 0.041167
0 0 0.879680 0.055699 0.025834 0.001422 0.037365
0 0 0.942550 0.028106 0.012959 0.000791 0.015594
0 0 0.926337 0.038394 0.018844 0.001250 0.015175
0 0 0.927366 0.032083 0.016094 0.001158 0.023299
0 0 0.869390 0.044893 0.023270 0.001699 0.060749
0 0 0.871240 0.044929 0.023271 0.001696 0.058864
0 0 0.918954 0.038422 0.018680 0.001216 0.022728
0 0 0.911784 0.043467 0.020644 0.001249 0.022856
0 0 0.916135 0.040545 0.020574 0.001457 0.021288
0 0 0.911751 0.042326 0.022339 0.001712 0.021872
0 0 0.864801 0.066477 0.038929 0.003461 0.026332
0 0 0.880841 0.045453 0.013492 0.000288 0.059926
0 0 0.852885 0.038314 0.010330 0.000184 0.098288
0 0 0.900777 0.031301 0.010203 0.000286 0.057433
0 0 0.802066 0.038855 0.012384 0.000315 0.146379
0 0 0.816839 0.029296 0.009805 0.000292 0.143768
0 0 0.941830 0.015857 0.007275 0.000485 0.034553
0 0 0.961125 0.012249 0.004982 0.000266 0.021378
0 0 0.961018 0.015299 0.007693 0.000522 0.015469
0 0 0.973499 0.012803 0.006803 0.000443 0.006451
0 0 0.975617 0.013176 0.006535 0.000370 0.004302
0 0 0.964897 0.018497 0.010418 0.000721 0.005468
0 0 0.974375 0.014137 0.006537 0.000340 0.004611
0 0 0.970381 0.015497 0.008026 0.000498 0.005598
0 0 0.970621 0.015574 0.007003 0.000367 0.006436
0 0 0.981264 0.008952 0.002921 0.000100 0.006762
0 0 0.979541 0.005638 0.001834 0.000068 0.012919
0 0 0.977275 0.007329 0.002317 0.000077 0.013002
0 0 0.973275 0.011222 0.003693 0.000125 0.011686
0 0 0.974720 0.011656 0.003742 0.000119 0.009763
0 0 0.968722 0.016011 0.004814 0.000126 0.010327
0 0 0.969435 0.016195 0.006088 0.000259 0.008023
0 0 0.977362 0.013129 0.004429 0.000153 0.004926
0 0 0.978774 0.012085 0.004017 0.000136 0.004988
0 0 0.982303 0.010105 0.003179 0.000098 0.004316
0 0 0.984245 0.009656 0.002884 0.000080 0.003136
0 0 0.988021 0.007232 0.001999 0.000049 0.002699
0 0 0.988634 0.005776 0.001607 0.000042 0.003941
0 0 0.993255 0.004057 0.000944 0.000017 0.001726
0 0 0.985098 0.008945 0.003190 0.000109 0.002658
0 0 0.979063 0.011715 0.005975 0.000333 0.002914
0 0 0.975879 0.012856 0.007413 0.000495 0.003356
0 0 0.946900 0.023601 0.021695 0.002841 0.004963
0 0 0.938303 0.030791 0.023754 0.002460 0.004693
0 0 0.945472 0.025938 0.020180 0.002184 0.006226
0 0 0.958324 0.019831 0.017074 0.001908 0.002862
0 0 0.979306 0.010956 0.007238 0.000540 0.001960
0 0 0.981534 0.009326 0.007148 0.000619 0.001372
0 0 0.978072 0.010850 0.008579 0.000797 0.001701
0 0 0.967791 0.015251 0.013027 0.001413 0.002519
0 0 0.974080 0.013809 0.008029 0.000547 0.003537
0 0 0.961897 0.017537 0.013872 0.001492 0.005202
0 0 0.978402 0.009537 0.005618 0.000415 0.006028
0 0 0.977633 0.010286 0.006818 0.000570 0.004693
0 0 0.970404 0.013105 0.007496 0.000557 0.008438
0 0 0.971592 0.011791 0.006099 0.000406 0.010113
0 0 0.974689 0.007731 0.003071 0.000150 0.014359
0 0 0.953474 0.024646 0.011707 0.000696 0.009477
0 0 0.948899 0.022492 0.016863 0.001839 0.009907
0 0 0.946941 0.021888 0.015653 0.001673 0.013845
0 0 0.962486 0.016057 0.009503 0.000767 0.011187
0 0 0.970384 0.012662 0.004783 0.000215 0.011956
0 0 0.963806 0.011534 0.004587 0.000235 0.019838
0 0 0.929591 0.009353 0.003227 0.000125 0.057704
0 0 0.821259 0.020569 0.007287 0.000261 0.150625
0 0 0.843611 0.018015 0.006086 0.000201 0.132087
0 0 0.834090 0.023987 0.009477 0.000421 0.132025
0 0 0.901579 0.012567 0.004514 0.000182 0.081157
0 0 0.952436 0.006512 0.002119 0.000077 0.038857
0 0 0.970368 0.007020 0.002350 0.000089 0.020172
0 0 0.964870 0.008563 0.002463 0.000065 0.024039
0 0 0.919312 0.023884 0.006396 0.000122 0.050287
0 0 0.885064 0.033639 0.007731 0.000099 0.073467
0 0 0.880707 0.035939 0.007640 0.000081 0.075633
0 0 0.869803 0.039459 0.008335 0.000086 0.082316
0 0 0.855603 0.037824 0.008317 0.000095 0.098162
0 0 0.831469 0.032254 0.007735 0.000109 0.128433
0 0 0.726567 0.083259 0.019830 0.000231 0.170112
0 0 0.614484 0.079339 0.022425 0.000376 0.283376
0 0 0.609164 0.079185 0.022852 0.000401 0.288398
0 0 0.738966 0.060424 0.016112 0.000255 0.184244
0 0 0.821554 0.057972 0.012229 0.000118 0.108128
0 0 0.811347 0.072721 0.013440 0.000093 0.102399
0 0 0.817345 0.076958 0.013591 0.000084 0.092021
0 0 0.872965 0.061402 0.009860 0.000052 0.055721
0 0 0.903784 0.045801 0.008987 0.000077 0.041350
0 0 0.933332 0.034592 0.008023 0.000104 0.023948
0 0 0.867757 0.059310 0.015002 0.000215 0.057716
0 0 0.779232 0.081364 0.015272 0.000107 0.124026
0 1 0.700132 0.148374 0.038784 0.000501 0.112209
0 1 0.629835 0.224609 0.081463 0.001980 0.062113
1 1 0.332328 0.428050 0.138434 0.002137 0.099052
1 1 0.154874 0.441636 0.192358 0.005082 0.206050
1 2 0.153140 0.434075 0.196845 0.005691 0.210249
1 2 0.123687 0.437273 0.206400 0.004422 0.228217
1 2 0.095261 0.447704 0.210139 0.002741 0.244155
1 1 0.067892 0.395347 0.256017 0.003913 0.276831
4 2 0.047729 0.231627 0.115975 0.003886 0.600783
4 4 0.049980 0.239163 0.125688 0.004693 0.580476
4 4 0.065215 0.218317 0.101529 0.003065 0.611874
4 4 0.078827 0.234349 0.105247 0.002994 0.578582
4 4 0.079650 0.293296 0.127585 0.003263 0.496206
4 4 0.068428 0.321325 0.181252 0.007895 0.421100
4 4 0.054943 0.291155 0.170357 0.007907 0.475637
4 4 0.068001 0.297592 0.197721 0.012496 0.424190
4 4 0.064319 0.279855 0.202933 0.015576 0.437317
4 0 0.057645 0.226775 0.127366 0.005679 0.582536
4 4 0.086797 0.205767 0.111838 0.005024 0.590574
4 4 0.131392 0.201664 0.094101 0.003232 0.569610
4 1 0.255710 0.220227 0.089970 0.002515 0.431577
4 1 0.245769 0.183596 0.065457 0.001390 0.503788
4 4 0.296198 0.143502 0.041677 0.000604 0.518019
4 1 0.267025 0.121148 0.036192 0.000565 0.575070
4 1 0.257807 0.113016 0.035918 0.000647 0.592613
4 1 0.197451 0.106803 0.034959 0.000651 0.660136
4 1 0.202404 0.140945 0.048328 0.000955 0.607367
4 4 0.187431 0.169677 0.063145 0.001433 0.578314
4 1 0.248848 0.104787 0.044138 0.001488 0.600739
4 1 0.358815 0.133416 0.038560 0.000576 0.468633
4 1 0.413665 0.131367 0.032195 0.000342 0.422431
0 4 0.400827 0.204320 0.044174 0.000330 0.350349
0 4 0.431492 0.217640 0.055742 0.000604 0.294522
4 4 0.299009 0.210188 0.068246 0.001188 0.421370
4 4 0.274102 0.179745 0.069078 0.001765 0.475310
4 4 0.328227 0.186477 0.064913 0.001362 0.419021
4 4 0.306974 0.167919 0.058006 0.001206 0.465894
4 4 0.305986 0.154686 0.059643 0.001601 0.478085
4 4 0.268377 0.148107 0.045942 0.000754 0.536820
4 4 0.377654 0.130425 0.031344 0.000315 0.460261
0 4 0.408915 0.157459 0.039625 0.000433 0.393568
4 4 0.342283 0.209086 0.070171 0.001341 0.377119
0 4 0.334214 0.277341 0.096107 0.001871 0.290467
4 4 0.281762 0.304637 0.096785 0.001494 0.315322
4 4 0.309751 0.284163 0.085623 0.001207 0.319256
4 4 0.316095 0.248252 0.071159 0.000923 0.363571
4 4 0.240634 0.240862 0.078992 0.001329 0.438183
4 4 0.255799 0.241035 0.081514 0.001481 0.420171
4 4 0.081736 0.277559 0.172596 0.009819 0.458291
4 4 0.095344 0.311886 0.196320 0.011513 0.384936
4 4 0.101018 0.323809 0.185723 0.008899 0.380553
1 2 0.074375 0.353422 0.247187 0.006803 0.318213
2 2 0.040148 0.321581 0.367385 0.005958 0.264928
2 2 0.037797 0.306559 0.378095 0.004833 0.272716
2 2 0.023793 0.254859 0.520821 0.006780 0.193748
2 2 0.018992 0.223309 0.566783 0.008505 0.182411
2 2 0.012350 0.188033 0.635534 0.007560 0.156522
2 2 0.011933 0.193824 0.601966 0.006962 0.185315
2 2 0.016152 0.207648 0.597592 0.008430 0.170178
2 1 0.021327 0.229927 0.541629 0.009578 0.197539
2 2 0.032052 0.279793 0.476962 0.007885 0.203308
1 2 0.070217 0.372877 0.288321 0.006133 0.262452
1 1 0.136936 0.416393 0.200482 0.006550 0.239639
1 2 0.125116 0.399200 0.177614 0.004850 0.293220
1 2 0.125806 0.386327 0.149525 0.003025 0.335316
1 2 0.121275 0.382725 0.159116 0.003753 0.333132
1 2 0.104459 0.358306 0.231087 0.011008 0.295139
4 2 0.063498 0.314839 0.290966 0.012630 0.318067
2 2 0.019135 0.140297 0.666278 0.049288 0.125002
2 2 0.025923 0.141835 0.636330 0.074401 0.121512
2 2 0.037573 0.195363 0.543357 0.047555 0.176151
2 2 0.032867 0.168488 0.593140 0.061773 0.143732
2 2 0.025781 0.140432 0.643651 0.073737 0.116398
2 3 0.033622 0.148445 0.595612 0.095084 0.127237
2 2 0.031350 0.127335 0.614425 0.124858 0.102033
2 3 0.039236 0.140582 0.570366 0.132684 0.117132
2 3 0.049636 0.143636 0.523176 0.164683 0.118870
2 3 0.069101 0.190823 0.460463 0.114579 0.165034
2 3 0.057231 0.159838 0.489638 0.152818 0.140475
2 3 0.042980 0.139496 0.555551 0.148507 0.113466
2 3 0.051355 0.158388 0.542173 0.127856 0.120227
2 2 0.058449 0.173362 0.546293 0.107738 0.114158
2 3 0.055303 0.179761 0.548971 0.092551 0.123413
2 3 0.040812 0.123203 0.564511 0.178367 0.093107
2 3 0.049768 0.176471 0.542292 0.091921 0.139548
2 2 0.045816 0.168519 0.546751 0.097839 0.141075
2 2 0.034742 0.133832 0.599622 0.124982 0.106822
2 2 0.026365 0.087277 0.598229 0.224018 0.064112
2 2 0.055233 0.106231 0.399494 0.340885 0.098157
2 3 0.047745 0.090843 0.397637 0.382531 0.081244
2 2 0.038594 0.076261 0.419411 0.403880 0.061855
2 2 0.060569 0.105328 0.391293 0.353402 0.089408
2 2 0.093676 0.142671 0.335989 0.293691 0.133974
2 3 0.091371 0.144283 0.339841 0.286049 0.138457
3 2 0.072159 0.106401 0.325426 0.395382 0.100633
3 2 0.050400 0.068622 0.285037 0.532114 0.063827
3 3 0.053653 0.081191 0.311043 0.474318 0.079795
3 3 0.065536 0.110055 0.342186 0.369512 0.112710
3 3 0.064965 0.101936 0.330532 0.401905 0.100663
3 3 0.050672 0.070472 0.289722 0.522816 0.066318
3 3 0.043930 0.058537 0.268722 0.574512 0.054298
3 3 0.060628 0.096687 0.329401 0.416388 0.096897
2 3 0.074317 0.127221 0.348568 0.319777 0.130116
2 3 0.074191 0.122252 0.343521 0.337514 0.122523
3 3 0.075654 0.117743 0.335910 0.356481 0.114211
2 3 0.081488 0.132905 0.343651 0.310686 0.131270
3 3 0.070465 0.103762 0.323989 0.403521 0.098263
3 3 0.062759 0.090179 0.312568 0.449441 0.085054
3 3 0.056566 0.077226 0.295069 0.499799 0.071340
3 3 0.041206 0.052626 0.254578 0.603747 0.047843
3 3 0.065405 0.088732 0.304672 0.460411 0.080779
3 3 0.062785 0.088819 0.309677 0.455679 0.083040
3 3 0.049126 0.063972 0.273980 0.554807 0.058116
3 3 0.041409 0.052914 0.255124 0.602450 0.048104
3 3 0.042518 0.054485 0.258052 0.595418 0.049527
3 3 0.036073 0.045432 0.239880 0.637291 0.041325
3 3 0.038433 0.048724 0.246865 0.621669 0.044308
3 3 0.037628 0.047599 0.244527 0.626958 0.043288
3 3 0.052658 0.069997 0.283975 0.529345 0.064025
3 3 0.053927 0.071678 0.285940 0.523007 0.065448
3 3 0.049419 0.064398 0.274629 0.553053 0.058501
3 3 0.040167 0.051991 0.254908 0.605224 0.047711
3 3 0.041067 0.053965 0.259896 0.595189 0.049883
3 3 0.052542 0.074236 0.295872 0.507049 0.070302
3 3 0.042856 0.055174 0.259674 0.592036 0.050260
3 3 0.043746 0.056233 0.261207 0.587705 0.051110
3 3 0.047007 0.060908 0.269147 0.567597 0.055342
3 3 0.044404 0.057628 0.264432 0.580923 0.052614
3 3 0.058495 0.077765 0.292530 0.500619 0.070591
3 3 0.058260 0.077414 0.292118 0.501934 0.070274
3 3 0.058509 0.077785 0.292554 0.500543 0.070609
3 3 0.044918 0.057908 0.264133 0.580415 0.052626
3 3 0.048575 0.063173 0.272747 0.558113 0.057393
3 3 0.058016 0.082024 0.303827 0.478999 0.077133
3 3 0.061421 0.090264 0.315292 0.446667 0.086357
3 3 0.054762 0.076991 0.298244 0.497517 0.072486
3 3 0.054932 0.073117 0.287735 0.517491 0.066725
3 3 0.061565 0.088165 0.310606 0.456541 0.083122
3 3 0.044879 0.059944 0.271099 0.568481 0.055597
3 3 0.031406 0.039005 0.224824 0.669267 0.035497
3 3 0.039295 0.049933 0.249317 0.616053 0.045403
3 3 0.048129 0.062527 0.271736 0.560800 0.056808
3 3 0.077330 0.106709 0.317730 0.401502 0.096730
3 3 0.076033 0.104664 0.316465 0.407954 0.094884
3 3 0.077662 0.112673 0.326096 0.378624 0.104945
3 3 0.073686 0.107088 0.324027 0.394902 0.100297
3 3 0.078785 0.121933 0.336290 0.345515 0.117477
3 3 0.063970 0.086018 0.301441 0.470516 0.078054
3 3 0.065362 0.102756 0.331188 0.399168 0.101526
3 3 0.035619 0.044973 0.239221 0.639187 0.041000
3 3 0.028958 0.035679 0.216193 0.686690 0.032480
3 3 0.023198 0.027985 0.193545 0.729776 0.025496
3 3 0.030661 0.039489 0.229475 0.663616 0.036759
3 3 0.030879 0.042826 0.244340 0.640359 0.041596
3 3 0.040384 0.058179 0.276830 0.567852 0.056754
3 3 0.059854 0.091727 0.321334 0.437070 0.090014
3 3 0.072322 0.105062 0.323030 0.401051 0.098535
2 3 0.083022 0.127354 0.336225 0.331892 0.121507
3 2 0.085479 0.120595 0.331233 0.357366 0.105327
2 2 0.132467 0.152553 0.370630 0.268344 0.076007
2 2 0.139799 0.187188 0.446302 0.158950 0.067761
2 2 0.137192 0.234071 0.472051 0.079845 0.076840
2 2 0.101099 0.242147 0.497873 0.058604 0.100277
2 0 0.174956 0.295475 0.406816 0.040947 0.081806
2 1 0.193284 0.271087 0.428384 0.049942 0.057304
1 1 0.237554 0.345885 0.308143 0.024457 0.083962
1 2 0.197589 0.375529 0.301532 0.016335 0.109015
1 2 0.207931 0.387802 0.246796 0.015122 0.142349
2 2 0.045016 0.309471 0.363378 0.008779 0.273356
2 2 0.044820 0.307556 0.345035 0.008844 0.293745
4 2 0.028699 0.273675 0.286062 0.006232 0.405332
4 1 0.036800 0.278915 0.242367 0.007458 0.434460
4 2 0.046395 0.278675 0.246939 0.011468 0.416524
4 2 0.046223 0.286432 0.251555 0.010238 0.405552
1 1 0.056980 0.338075 0.283384 0.007280 0.314281
1 1 0.115735 0.438913 0.214827 0.003648 0.226877
1 2 0.192958 0.426494 0.161369 0.003255 0.215925
1 2 0.200433 0.407617 0.166253 0.004011 0.221686
1 2 0.237665 0.411593 0.153607 0.003121 0.194014
1 2 0.275500 0.411776 0.138637 0.002295 0.171792
1 2 0.333039 0.388518 0.123817 0.001887 0.152739
1 2 0.264996 0.416612 0.125389 0.001610 0.191393
1 2 0.198154 0.440822 0.147178 0.002251 0.211596
1 2 0.200998 0.431908 0.163680 0.003326 0.200087
1 2 0.156622 0.430319 0.195689 0.005721 0.211649
1 2 0.105095 0.388714 0.192063 0.006460 0.307669
1 1 0.089622 0.357009 0.193925 0.007957 0.351486
4 1 0.107751 0.261495 0.158193 0.008930 0.463631
1 1 0.172777 0.464244 0.182609 0.003884 0.176486
1 2 0.188824 0.438049 0.187070 0.004882 0.181174
1 1 0.203150 0.446935 0.180507 0.004197 0.165212
1 1 0.219998 0.440666 0.152334 0.002554 0.184449
1 1 0.233030 0.445113 0.136996 0.001791 0.183071
1 1 0.254369 0.420873 0.123367 0.001483 0.199908
1 1 0.145318 0.427729 0.184060 0.004718 0.238175
1 1 0.119945 0.389275 0.206626 0.008298 0.275856
1 1 0.110924 0.355667 0.222147 0.012808 0.298453
4 2 0.060204 0.303141 0.266517 0.012955 0.357183
4 2 0.048535 0.301967 0.262788 0.009076 0.377633
4 2 0.050431 0.327712 0.275641 0.006793 0.339423
1 2 0.069735 0.382638 0.237232 0.004457 0.305937
1 2 0.090602 0.401892 0.263100 0.005608 0.238799
1 2 0.125108 0.458318 0.165064 0.002763 0.248748
1 2 0.131535 0.490278 0.150034 0.001747 0.226407
1 1 0.131881 0.456712 0.170516 0.003115 0.237774
1 1 0.154650 0.446619 0.163780 0.002959 0.231993
1 1 0.230875 0.397896 0.130793 0.002015 0.238421
1 1 0.310060 0.380437 0.103468 0.001106 0.204929
1 1 0.337564 0.437110 0.104679 0.000834 0.119813
1 1 0.330319 0.475274 0.110500 0.000809 0.083099
1 2 0.306383 0.489890 0.110483 0.000744 0.092500
1 2 0.260803 0.487443 0.114115 0.000817 0.136823
1 2 0.305771 0.439045 0.098069 0.000661 0.156455
1 2 0.290153 0.445254 0.100687 0.000690 0.163216
1 2 0.296802 0.435127 0.091229 0.000534 0.176309
1 2 0.282775 0.431408 0.095584 0.000628 0.189605
1 2 0.255199 0.433383 0.105789 0.000846 0.204783
1 2 0.242321 0.453955 0.133567 0.001585 0.168572
1 2 0.175062 0.488548 0.163099 0.002401 0.170889
1 2 0.158942 0.481121 0.167598 0.002678 0.189662
1 2 0.166437 0.462835 0.181931 0.003845 0.184952
1 2 0.276106 0.393466 0.161247 0.004147 0.165034
1 0 0.379606 0.409286 0.155884 0.003529 0.051695
1 1 0.341555 0.459384 0.124460 0.001288 0.073313
1 1 0.221352 0.498464 0.081037 0.000253 0.198894
1 1 0.202394 0.538621 0.136273 0.001094 0.121617
1 2 0.248870 0.519990 0.140885 0.001362 0.088893
1 2 0.227178 0.471696 0.179459 0.003680 0.117987
1 2 0.142317 0.372348 0.304636 0.015163 0.165537
1 2 0.291684 0.364568 0.243062 0.018545 0.082141
0 2 0.498192 0.249347 0.187579 0.021488 0.043393
0 0 0.775453 0.109930 0.072623 0.007640 0.034353
0 0 0.784525 0.105798 0.072613 0.008365 0.028699
0 1 0.730128 0.133482 0.097285 0.012172 0.026932
0 1 0.505983 0.202339 0.196072 0.040768 0.054839
1 1 0.261417 0.304294 0.177561 0.010316 0.246412
4 1 0.061841 0.214515 0.122605 0.005797 0.595241
4 1 0.103485 0.288889 0.132576 0.003982 0.471069
4 1 0.092816 0.255935 0.106183 0.002564 0.542503
4 1 0.099170 0.361832 0.135110 0.002464 0.401424
1 1 0.096641 0.408275 0.169451 0.003802 0.321830
1 1 0.108750 0.411038 0.148857 0.002517 0.328838
1 1 0.142677 0.381293 0.122803 0.001695 0.351532
1 1 0.190789 0.395245 0.137861 0.002354 0.273750
1 1 0.191289 0.421297 0.163832 0.003513 0.220070
1 1 0.202119 0.437517 0.144359 0.002160 0.213845
1 1 0.195945 0.443027 0.152064 0.002465 0.206499
1 1 0.194369 0.431014 0.162398 0.003243 0.208975
1 0 0.265192 0.357550 0.131538 0.002700 0.243019
1 1 0.222715 0.428901 0.211379 0.007767 0.129238
1 1 0.167783 0.413456 0.217117 0.008859 0.192785
4 1 0.053903 0.305332 0.255340 0.010002 0.375422
4 1 0.054756 0.280717 0.177447 0.009818 0.477262
4 2 0.049790 0.277969 0.251402 0.013346 0.407493
4 2 0.056563 0.279734 0.223162 0.014096 0.426444
1 2 0.067755 0.332400 0.258129 0.009752 0.331964
1 2 0.074020 0.370867 0.236963 0.005953 0.312197
1 2 0.076834 0.394233 0.276126 0.005042 0.247766
1 2 0.066360 0.357117 0.280650 0.006970 0.288903
1 2 0.084249 0.360582 0.282478 0.009581 0.263110
4 2 0.061479 0.292057 0.251308 0.015106 0.380050
4 2 0.057057 0.280162 0.215311 0.013618 0.433852
4 2 0.059327 0.280684 0.189757 0.012323 0.457909
4 2 0.063629 0.280017 0.201131 0.015092 0.440132
4 2 0.061535 0.288111 0.189699 0.011638 0.449018
4 2 0.063596 0.292081 0.191722 0.011715 0.440886
4 2 0.075450 0.299139 0.212234 0.015731 0.397446
4 2 0.072630 0.291012 0.212842 0.016848 0.406668
1 2 0.312831 0.366068 0.223829 0.014260 0.083014
0 2 0.553542 0.226321 0.144882 0.012049 0.063205
0 0 0.835289 0.087471 0.053929 0.005047 0.018265
0 0 0.949435 0.026000 0.012243 0.000739 0.011584
0 0 0.964624 0.018327 0.008806 0.000516 0.007727
0 0 0.964058 0.018518 0.009383 0.000587 0.007455
0 0 0.965378 0.017800 0.007989 0.000432 0.008401
0 0 0.942513 0.026349 0.013288 0.000921 0.016929
0 0 0.932537 0.032115 0.017695 0.001376 0.016277
0 0 0.924644 0.035002 0.023627 0.002368 0.014359
0 0 0.901040 0.050449 0.036280 0.003724 0.008506
0 0 0.862047 0.076615 0.043616 0.003541 0.014180
0 0 0.779385 0.112988 0.076370 0.008392 0.022865
0 0 0.633589 0.147416 0.111975 0.014912 0.092109
0 0 0.690805 0.103630 0.076144 0.010140 0.119281
0 0 0.694995 0.098676 0.055056 0.004041 0.147232
0 1 0.804720 0.078795 0.042614 0.003082 0.070788
0 1 0.754828 0.126867 0.058504 0.002723 0.057078
0 1 0.473580 0.321749 0.087732 0.001031 0.115908
0 1 0.385475 0.351431 0.084215 0.000713 0.178167
1 1 0.140225 0.424375 0.125710 0.001413 0.308277
1 1 0.171669 0.367299 0.109224 0.001309 0.350498
4 1 0.211491 0.306057 0.101039 0.001624 0.379789
4 4 0.250994 0.259803 0.094422 0.001979 0.392802
4 4 0.268501 0.203090 0.067379 0.001217 0.459813
4 4 0.244157 0.145307 0.051297 0.001107 0.558132
4 4 0.273344 0.137056 0.047555 0.001015 0.541030
4 4 0.284779 0.103949 0.037065 0.000885 0.573323
4 4 0.336621 0.123711 0.044196 0.001056 0.494416
4 4 0.316451 0.095359 0.035611 0.000970 0.551609
4 4 0.284508 0.098799 0.036393 0.000941 0.579359
4 4 0.248581 0.098942 0.035441 0.000844 0.616192
4 4 0.291556 0.102271 0.031949 0.000574 0.573650
4 4 0.391007 0.052698 0.014231 0.000216 0.541847
4 4 0.418993 0.040438 0.010022 0.000133 0.530414
4 4 0.297080 0.052517 0.012365 0.000133 0.637904
4 4 0.382005 0.043258 0.009847 0.000106 0.564785
4 4 0.453137 0.037100 0.009626 0.000145 0.499992
0 4 0.567897 0.026030 0.006332 0.000091 0.399651
0 4 0.513465 0.046886 0.012645 0.000203 0.426801
0 4 0.523057 0.102870 0.021574 0.000176 0.352323
0 4 0.500477 0.130458 0.027391 0.000213 0.341461
0 4 0.449499 0.188452 0.043413 0.000384 0.318253
0 1 0.374290 0.231408 0.054530 0.000477 0.339295
1 1 0.302145 0.312135 0.094952 0.001340 0.289428
0 1 0.323635 0.306262 0.094744 0.001406 0.273953
0 1 0.328353 0.302369 0.089859 0.001226 0.278193
0 1 0.343976 0.293460 0.086847 0.001188 0.274529
0 1 0.341411 0.330976 0.100528 0.001424 0.225660
1 1 0.321821 0.335687 0.090650 0.000981 0.250862
1 1 0.295764 0.349142 0.092552 0.000943 0.261599
1 1 0.274342 0.326874 0.101134 0.001449 0.296201
1 1 0.225523 0.341410 0.122555 0.002346 0.308166
1 1 0.222666 0.355505 0.121225 0.002054 0.298550
1 1 0.216025 0.345831 0.110813 0.001638 0.325694
1 1 0.186468 0.358285 0.114572 0.001639 0.339036
1 1 0.206177 0.365292 0.113597 0.001546 0.313388
1 1 0.228589 0.352332 0.108770 0.001489 0.308820
1 1 0.278317 0.342350 0.101342 0.001309 0.276682
1 1 0.318493 0.359348 0.107291 0.001428 0.213440
0 0 0.487816 0.245520 0.039016 0.000147 0.227500
0 0 0.687568 0.183822 0.030119 0.000134 0.098357
0 1 0.603409 0.236703 0.041865 0.000207 0.117816
0 1 0.454057 0.297811 0.059528 0.000356 0.188249
0 1 0.409994 0.305345 0.059850 0.000337 0.224474
0 1 0.483055 0.267508 0.050295 0.000271 0.198873
1 1 0.351321 0.387011 0.086409 0.000607 0.174652
1 1 0.291962 0.422205 0.117026 0.001268 0.167538
1 1 0.250350 0.439025 0.135277 0.001796 0.173552
1 1 0.228133 0.430433 0.141267 0.002134 0.198033
1 1 0.235876 0.374384 0.121016 0.001822 0.266901
1 1 0.242761 0.350696 0.120927 0.002132 0.283483
0 1 0.350944 0.288844 0.086760 0.001234 0.272218
0 1 0.348947 0.304161 0.088973 0.001182 0.256737
0 1 0.366761 0.330183 0.083429 0.000797 0.218830
1 2 0.294166 0.384380 0.095688 0.000834 0.224931
1 1 0.257664 0.430262 0.119706 0.001280 0.191088
1 2 0.230711 0.464435 0.149395 0.002132 0.153328
1 2 0.230902 0.450637 0.144397 0.002055 0.172010
1 1 0.231318 0.448415 0.143841 0.002054 0.174372
1 2 0.096205 0.409194 0.268940 0.003201 0.222461
1 2 0.074080 0.389071 0.353106 0.005003 0.178740
1 2 0.066630 0.376585 0.368933 0.005424 0.182428
1 2 0.126169 0.428826 0.332451 0.004839 0.107715
1 2 0.200425 0.459963 0.253013 0.003923 0.082676
1 0 0.305375 0.458400 0.157244 0.002691 0.076290
0 0 0.453950 0.379824 0.107401 0.001315 0.057510
0 1 0.581254 0.293011 0.060505 0.000402 0.064828
0 0 0.592088 0.296414 0.049930 0.000212 0.061355
0 0 0.507623 0.285595 0.048107 0.000202 0.158473
0 1 0.395101 0.356324 0.068404 0.000356 0.179814
1 1 0.358783 0.367375 0.081898 0.000581 0.191363
0 1 0.397926 0.329912 0.080588 0.000723 0.190851
0 0 0.439745 0.255759 0.070321 0.000868 0.233307
0 0 0.549040 0.191213 0.051087 0.000642 0.208017
0 1 0.499069 0.198507 0.056317 0.000793 0.245314
0 1 0.537377 0.165250 0.046831 0.000685 0.249856
0 1 0.639325 0.131591 0.038850 0.000662 0.189571
0 2 0.506839 0.211395 0.073582 0.001610 0.206575
4 2 0.299989 0.278586 0.101390 0.002163 0.317874
0 0 0.437191 0.164413 0.057346 0.001288 0.339762
0 0 0.491364 0.192492 0.060987 0.001098 0.254059
0 0 0.600995 0.165743 0.047112 0.000704 0.185445
0 0 0.496472 0.262181 0.066364 0.000692 0.174291
1 1 0.251444 0.423378 0.124315 0.001496 0.199366
1 1 0.208468 0.457960 0.146472 0.002039 0.185061
1 1 0.301830 0.379897 0.133285 0.002484 0.182504
0 1 0.378526 0.346973 0.114377 0.001952 0.158172
0 0 0.403968 0.314448 0.112672 0.002373 0.166539
0 0 0.620429 0.167139 0.067306 0.002170 0.142956
0 0 0.795669 0.093613 0.061035 0.006441 0.043242
0 0 0.909425 0.042651 0.022763 0.001786 0.023375
0 0 0.937712 0.030231 0.014306 0.000913 0.016837
0 0 0.943503 0.022022 0.010229 0.000662 0.023583
0 0 0.951697 0.024600 0.010691 0.000585 0.012427
0 0 0.957845 0.021467 0.008952 0.000457 0.011279
0 0 0.917934 0.043784 0.022026 0.001507 0.014749
0 0 0.873544 0.066835 0.038157 0.003201 0.018264
0 0 0.736417 0.124995 0.092499 0.012136 0.033953
0 0 0.600211 0.172687 0.106933 0.008787 0.111382
1 1 0.274201 0.355478 0.078581 0.000529 0.291210
4 1 0.180660 0.341838 0.093043 0.000937 0.383522
4 1 0.139580 0.342684 0.113204 0.001677 0.402855
4 1 0.098967 0.364679 0.159016 0.004072 0.373266
1 1 0.108158 0.368642 0.172952 0.005263 0.344984
1 1 0.097568 0.363684 0.200322 0.008558 0.329868
1 1 0.100302 0.348817 0.214660 0.011837 0.324384
1 2 0.091853 0.344669 0.282034 0.013749 0.267695
1 2 0.098240 0.363151 0.300605 0.011694 0.226310
1 2 0.081422 0.356263 0.292926 0.009896 0.259492
1 2 0.076271 0.361901 0.307686 0.008416 0.245727
1 2 0.103032 0.381334 0.286597 0.009340 0.219698
1 1 0.130012 0.405055 0.242836 0.008205 0.213892
1 1 0.141270 0.439285 0.197103 0.004857 0.217486
1 2 0.077828 0.401387 0.230706 0.004110 0.285969
1 0 0.083616 0.402078 0.229571 0.004528 0.280206
1 1 0.136371 0.334991 0.210698 0.012867 0.305072
4 1 0.210611 0.288570 0.166532 0.009229 0.325058
4 1 0.213609 0.280493 0.133397 0.004866 0.367635
1 1 0.156992 0.333565 0.185862 0.005984 0.317596
1 1 0.288149 0.399726 0.157028 0.003691 0.151406
1 1 0.296600 0.396043 0.184571 0.006347 0.116440
4 1 0.076576 0.345335 0.180579 0.006691 0.390820
4 1 0.087240 0.355276 0.191536 0.007705 0.358243
1 1 0.107969 0.368923 0.209182 0.009649 0.304277
1 1 0.202827 0.407254 0.207509 0.008175 0.174235
1 1 0.253333 0.407886 0.185516 0.005882 0.147384
1 0 0.265418 0.390220 0.139744 0.002662 0.201956
1 1 0.286229 0.392740 0.185921 0.006595 0.128515
1 1 0.247814 0.439042 0.172766 0.003918 0.136459
1 1 0.170121 0.458020 0.186212 0.004260 0.181387
1 1 0.068269 0.391016 0.203326 0.003388 0.334000
4 2 0.047886 0.352593 0.239772 0.003778 0.355971
1 2 0.046485 0.345155 0.344026 0.005150 0.259184
2 2 0.030322 0.264057 0.510769 0.009070 0.185781
2 2 0.025818 0.253301 0.575887 0.006866 0.138128
2 2 0.022837 0.267004 0.563983 0.004380 0.141796
2 2 0.028045 0.272565 0.558908 0.005544 0.134938
2 2 0.024200 0.250847 0.563825 0.006919 0.154208
2 2 0.029345 0.260563 0.547328 0.008178 0.154586
2 2 0.078607 0.278494 0.543651 0.018713 0.080536
2 2 0.056685 0.238946 0.607546 0.020929 0.075893
2 2 0.044932 0.230469 0.603700 0.021212 0.099687
2 2 0.045685 0.268013 0.554634 0.012763 0.118905
2 2 0.034506 0.252569 0.577646 0.010742 0.124537
2 2 0.032522 0.262953 0.583088 0.007483 0.113953
2 2 0.020574 0.181233 0.718598 0.010845 0.068751
2 2 0.026326 0.182722 0.703243 0.016784 0.070924
2 2 0.029833 0.184302 0.683458 0.022545 0.079863
2 2 0.028752 0.165130 0.634713 0.047769 0.123636
2 2 0.036870 0.205281 0.530993 0.038795 0.188061
2 2 0.075231 0.234272 0.478715 0.058359 0.153424
1 0 0.278467 0.355339 0.254137 0.022578 0.089478
0 0 0.377252 0.300339 0.205067 0.017742 0.099600
0 2 0.359060 0.330704 0.143783 0.004514 0.161940
0 2 0.450321 0.327619 0.155542 0.006102 0.060415
1 2 0.373304 0.424883 0.141233 0.002351 0.058229
1 2 0.321044 0.463046 0.134306 0.001599 0.080005
1 2 0.234255 0.467890 0.180934 0.003868 0.113054
1 2 0.210882 0.428273 0.180677 0.004572 0.175596
1 2 0.206587 0.428579 0.249305 0.007378 0.108151
1 2 0.174928 0.403291 0.330373 0.008338 0.083071
1 1 0.158322 0.398504 0.360500 0.007518 0.075155
2 2 0.077799 0.267305 0.592512 0.013788 0.048596
2 2 0.038984 0.186896 0.710557 0.018995 0.044568
2 2 0.035550 0.194115 0.685958 0.019980 0.064396
2 2 0.047081 0.226113 0.662068 0.013379 0.051359
2 2 0.076654 0.301918 0.530326 0.012107 0.078996
2 2 0.107288 0.320309 0.479217 0.014963 0.078222
2 2 0.097593 0.348897 0.453777 0.009558 0.090174
2 2 0.073114 0.304502 0.528298 0.011242 0.082844
2 2 0.063550 0.287764 0.547672 0.012440 0.088573
2 2 0.054676 0.288694 0.523341 0.012315 0.120974
2 2 0.044284 0.274325 0.531634 0.012097 0.137660
2 2 0.031786 0.220853 0.569304 0.020172 0.157885
2 2 0.032687 0.206221 0.597280 0.025898 0.137914
2 2 0.033763 0.207921 0.614678 0.023769 0.119870
2 2 0.024603 0.169382 0.717488 0.020098 0.068429
2 2 0.016161 0.094572 0.785447 0.061889 0.041931
2 2 0.014424 0.084986 0.771244 0.083239 0.046107
2 2 0.045446 0.269753 0.564192 0.011468 0.109142
2 2 0.035843 0.239326 0.615261 0.011976 0.097594
2 2 0.039862 0.227244 0.620383 0.017664 0.094846
2 2 0.045580 0.242533 0.610541 0.015262 0.086083
2 2 0.044024 0.238036 0.623710 0.014571 0.079659
2 2 0.033875 0.203526 0.671336 0.017184 0.074079
2 2 0.036859 0.189375 0.663262 0.029302 0.081202
2 2 0.036083 0.182490 0.668199 0.032685 0.080543
2 2 0.036585 0.187028 0.654829 0.032920 0.088638
2 2 0.039968 0.208285 0.606657 0.030230 0.114860
2 2 0.039326 0.200087 0.641576 0.028573 0.090437
2 2 0.036403 0.215626 0.631101 0.019462 0.097407
2 2 0.032276 0.179432 0.676041 0.029901 0.082349
2 2 0.017924 0.111808 0.733384 0.064915 0.071969
2 2 0.022885 0.144575 0.715471 0.038864 0.078204
2 2 0.027071 0.182799 0.675467 0.022614 0.092049
2 2 0.038107 0.226065 0.633901 0.015415 0.086512
2 2 0.034504 0.200977 0.668746 0.019298 0.076475
2 2 0.030739 0.170817 0.705989 0.026960 0.065495
2 2 0.035559 0.172026 0.692991 0.033651 0.065774
2 2 0.062186 0.226033 0.614481 0.028325 0.068975
2 2 0.062506 0.221682 0.638022 0.024364 0.053426
2 2 0.058458 0.243070 0.639205 0.012688 0.046579
2 1 0.067331 0.301777 0.533099 0.010736 0.087056
2 1 0.056772 0.287364 0.513378 0.013986 0.128500
2 1 0.049840 0.271045 0.482072 0.018184 0.178859
2 2 0.034344 0.234658 0.464770 0.021460 0.244768
2 2 0.027309 0.204268 0.549542 0.024752 0.194128
2 2 0.030859 0.179429 0.585815 0.046304 0.157593
2 2 0.029418 0.125902 0.638957 0.111335 0.094388
2 2 0.034624 0.134296 0.619864 0.113707 0.097509
2 2 0.031081 0.144441 0.629901 0.083607 0.110971
2 2 0.024256 0.105204 0.663281 0.131341 0.075918
2 2 0.026653 0.130644 0.651435 0.089999 0.101269
2 2 0.034808 0.167900 0.597410 0.065045 0.134835
2 2 0.040035 0.199000 0.617854 0.034939 0.108172
2 2 0.042565 0.192668 0.628415 0.040052 0.096299
2 2 0.036279 0.197587 0.632477 0.029645 0.104011
2 2 0.034796 0.193459 0.638616 0.029980 0.103148
2 2 0.023735 0.135140 0.678873 0.063979 0.098272
2 2 0.027321 0.161838 0.674722 0.039817 0.096301
2 2 0.034174 0.205338 0.640992 0.021785 0.097710
2 2 0.032716 0.148765 0.710874 0.048761 0.058884
2 2 0.047944 0.194370 0.635911 0.041034 0.080741
2 2 0.055549 0.233886 0.585931 0.027540 0.097094
2 2 0.050927 0.196620 0.648887 0.036080 0.067486
2 2 0.189388 0.286536 0.434547 0.036284 0.053245
0 0 0.361804 0.278485 0.274073 0.044328 0.041310
1 0 0.293238 0.345461 0.255926 0.024863 0.080511
0 1 0.358313 0.311261 0.249569 0.030177 0.050679
1 2 0.272907 0.424776 0.204160 0.007318 0.090840
1 2 0.274912 0.352537 0.257201 0.023862 0.091488
1 2 0.144299 0.321149 0.290539 0.034026 0.209986
2 2 0.064738 0.260991 0.323427 0.033294 0.317549
2 2 0.067312 0.294786 0.332277 0.020490 0.285136
2 2 0.058148 0.282805 0.415861 0.020480 0.222707
2 2 0.098403 0.329620 0.345039 0.019903 0.207034
2 2 0.119642 0.334734 0.344053 0.022720 0.178851
1 2 0.122669 0.366758 0.324721 0.014224 0.171628
1 2 0.111180 0.384164 0.333683 0.009584 0.161389
2 2 0.068807 0.342958 0.381580 0.009727 0.196928
2 2 0.054720 0.346837 0.400856 0.006346 0.191240
2 2 0.054761 0.341370 0.441852 0.006323 0.155694
2 2 0.059944 0.353291 0.427681 0.006057 0.153028
1 2 0.140404 0.445399 0.278026 0.004676 0.131496
1 2 0.138944 0.437110 0.299342 0.005043 0.119561
1 2 0.150514 0.388019 0.353852 0.010022 0.097592
1 2 0.181979 0.437524 0.235111 0.006468 0.138918
1 2 0.155541 0.440524 0.193399 0.005205 0.205332
1 1 0.123582 0.414332 0.192316 0.005714 0.264056
4 1 0.069403 0.281218 0.213648 0.018366 0.417365
4 2 0.064608 0.300858 0.226200 0.012777 0.395557
4 1 0.072295 0.339823 0.176317 0.006383 0.405182
4 1 0.068309 0.332722 0.173149 0.006278 0.419542
4 1 0.066340 0.300375 0.191880 0.011063 0.430342
4 2 0.066792 0.285836 0.204066 0.015168 0.428138
4 2 0.060215 0.283729 0.192438 0.012254 0.451364
4 2 0.067234 0.304187 0.197736 0.011076 0.419766
4 2 0.085306 0.352796 0.190242 0.007640 0.364017
1 2 0.090618 0.352380 0.198676 0.008883 0.349443
4 2 0.060790 0.266369 0.174479 0.010706 0.487655
4 2 0.060315 0.280584 0.192388 0.012922 0.453791
4 2 0.068308 0.278628 0.213263 0.018619 0.421181
4 2 0.100221 0.313193 0.241680 0.022325 0.322581
1 2 0.248495 0.345661 0.268707 0.028352 0.108785
1 2 0.323407 0.336621 0.249736 0.024777 0.065458
1 0 0.238182 0.419513 0.207925 0.007844 0.126536
1 1 0.285366 0.421450 0.147429 0.002656 0.143099
1 1 0.327434 0.396616 0.108615 0.001179 0.166156
1 1 0.362831 0.396294 0.113769 0.001389 0.125717
1 1 0.347479 0.351246 0.103365 0.001355 0.196554
1 1 0.270225 0.402713 0.105118 0.000996 0.220948
1 1 0.267033 0.412112 0.100833 0.000824 0.219197
1 1 0.224296 0.436975 0.119670 0.001208 0.217851
1 1 0.266562 0.390825 0.107672 0.001153 0.233787
1 2 0.257285 0.397837 0.122361 0.001655 0.220863
1 1 0.226486 0.444434 0.140857 0.001957 0.186266
1 1 0.207444 0.482057 0.154318 0.002130 0.154051
1 0 0.202270 0.484292 0.146083 0.001761 0.165594
1 4 0.277063 0.455528 0.156448 0.002654 0.108306
4 4 0.130567 0.263821 0.120325 0.003752 0.481535
4 4 0.142606 0.192546 0.085461 0.002683 0.576703
4 4 0.162262 0.192016 0.080735 0.002296 0.562691
4 4 0.235081 0.085704 0.028371 0.000577 0.650268
4 4 0.307981 0.061657 0.019660 0.000405 0.610297
4 4 0.371904 0.039365 0.011676 0.000227 0.576827
4 4 0.439563 0.027330 0.008153 0.000175 0.524779
4 4 0.338808 0.018309 0.004879 0.000084 0.637920
4 4 0.190683 0.014602 0.004753 0.000121 0.789841
4 4 0.141005 0.015942 0.005076 0.000115 0.837861
4 4 0.209737 0.013778 0.004414 0.000111 0.771960
4 4 0.275191 0.016346 0.005391 0.000146 0.702925
4 4 0.241991 0.022322 0.007741 0.000218 0.727728
4 4 0.321085 0.032385 0.009538 0.000184 0.636808
4 4 0.301329 0.042529 0.012358 0.000220 0.643565
4 4 0.325230 0.039034 0.012306 0.000269 0.623161
4 4 0.371697 0.044369 0.013987 0.000305 0.569642
4 4 0.323501 0.046436 0.014043 0.000272 0.615748
4 4 0.288021 0.072366 0.026503 0.000714 0.612397
4 4 0.360794 0.085849 0.036453 0.001368 0.515537
4 4 0.102785 0.021668 0.009111 0.000346 0.866091
4 4 0.279035 0.031053 0.013080 0.000548 0.676284
4 4 0.264238 0.051558 0.019327 0.000572 0.664306
4 4 0.363722 0.088759 0.026259 0.000443 0.520817
4 4 0.294275 0.140280 0.048107 0.001008 0.516331
4 4 0.266666 0.214386 0.052949 0.000494 0.465505
4 4 0.364856 0.185093 0.038450 0.000263 0.411337
4 4 0.381571 0.178690 0.040677 0.000345 0.398717
0 4 0.485659 0.124666 0.033908 0.000469 0.355298
0 4 0.444798 0.122670 0.043203 0.001044 0.388285
4 4 0.190167 0.036951 0.011525 0.000228 0.761128
4 4 0.267651 0.042270 0.012636 0.000235 0.677208
4 4 0.354062 0.075854 0.020288 0.000280 0.549516
4 4 0.441394 0.087912 0.024861 0.000391 0.445441
0 4 0.540394 0.070223 0.021089 0.000405 0.367889
0 4 0.470693 0.071644 0.026723 0.000808 0.430132
4 4 0.281457 0.091673 0.037538 0.001239 0.588093
4 4 0.146553 0.111865 0.055688 0.002474 0.683420
4 4 0.138464 0.127882 0.059952 0.002263 0.671439
4 4 0.242148 0.117001 0.043487 0.001088 0.596275
4 4 0.156924 0.255483 0.095143 0.001964 0.490486
4 4 0.159915 0.254593 0.106881 0.002882 0.475729
4 4 0.173683 0.222834 0.080921 0.001643 0.520920
4 4 0.210310 0.212219 0.073254 0.001381 0.502836
4 4 0.389479 0.115006 0.038306 0.000811 0.456398
4 4 0.424034 0.098185 0.038700 0.001235 0.437847
4 4 0.407593 0.061601 0.021256 0.000543 0.509006
4 4 0.257870 0.034914 0.011125 0.000244 0.695847
4 4 0.276650 0.037308 0.011481 0.000234 0.674328
4 4 0.286742 0.034550 0.010918 0.000240 0.667551
4 4 0.274036 0.046008 0.014090 0.000274 0.665592
4 4 0.240263 0.097008 0.028549 0.000440 0.633738
4 4 0.290016 0.115483 0.027317 0.000260 0.566924
0 4 0.457697 0.096120 0.023287 0.000258 0.422638
4 4 0.397726 0.104052 0.026631 0.000322 0.471269
4 4 0.325497 0.139913 0.045690 0.000873 0.488027
4 4 0.276203 0.086725 0.030368 0.000715 0.605989
4 4 0.199054 0.053238 0.020570 0.000620 0.726518
4 4 0.137241 0.044385 0.016884 0.000478 0.801012
4 4 0.133876 0.042699 0.014763 0.000340 0.808323
4 4 0.407737 0.047584 0.012858 0.000200 0.531620
4 4 0.457563 0.064586 0.016744 0.000230 0.460877
4 4 0.398689 0.118012 0.032660 0.000460 0.450179
4 4 0.322336 0.093318 0.026087 0.000378 0.557882
4 4 0.322978 0.106527 0.034064 0.000649 0.535781
4 4 0.247111 0.122212 0.040794 0.000802 0.589080
4 1 0.246019 0.135853 0.041223 0.000645 0.576260
4 1 0.234486 0.214974 0.065490 0.000951 0.484098
4 1 0.238258 0.262567 0.087303 0.001490 0.410382
1 1 0.216485 0.341972 0.130132 0.002814 0.308597
4 1 0.198038 0.319573 0.117979 0.002383 0.362027
4 1 0.208669 0.333040 0.114511 0.001979 0.341801
4 1 0.304273 0.287407 0.080405 0.000958 0.326957
0 1 0.349679 0.288120 0.079071 0.000922 0.282209
0 0 0.439242 0.230308 0.064889 0.000861 0.264700
0 1 0.386990 0.280803 0.090984 0.001558 0.239666
