0 0 0.927915 0.032164 0.006782 0.000350 0.032789
0 0 0.908172 0.032832 0.005982 0.000137 0.052877
0 0 0.552432 0.084726 0.019066 0.000197 0.343579
0 0 0.628429 0.059608 0.010375 0.000053 0.301535
0 0 0.659974 0.056942 0.009748 0.000052 0.273285
0 0 0.918499 0.029250 0.005086 0.000108 0.047057
0 0 0.894086 0.039869 0.008160 0.000260 0.057626
0 0 0.918832 0.031259 0.005845 0.000166 0.043898
0 0 0.914208 0.040678 0.010078 0.000866 0.034171
0 0 0.927842 0.038223 0.010598 0.001805 0.021532
0 0 0.918350 0.042486 0.012110 0.002045 0.025010
0 0 0.885110 0.056537 0.017287 0.002754 0.038313
0 0 0.738434 0.090175 0.025904 0.001278 0.144210
0 0 0.629790 0.137870 0.047831 0.002651 0.181857
0 0 0.689798 0.088225 0.021763 0.000438 0.199777
0 0 0.605420 0.127089 0.035697 0.000643 0.231150
0 1 0.496344 0.238471 0.078820 0.000711 0.185654
0 1 0.429662 0.285281 0.104897 0.000983 0.179177
1 1 0.329391 0.369615 0.158551 0.001334 0.141110
1 1 0.163026 0.442238 0.231710 0.001496 0.161530
1 1 0.138948 0.389593 0.209331 0.001855 0.260274
1 1 0.087450 0.385052 0.218648 0.001359 0.307491
1 1 0.068591 0.400685 0.255607 0.001917 0.273201
1 2 0.068732 0.369292 0.210800 0.001029 0.350147
1 2 0.131083 0.398390 0.219718 0.001950 0.248858
1 2 0.207609 0.405887 0.203679 0.001877 0.180947
1 2 0.233147 0.413698 0.210119 0.002231 0.140804
1 2 0.192370 0.440875 0.243994 0.002645 0.120116
1 2 0.090979 0.457426 0.294914 0.002364 0.154317
2 2 0.040290 0.388867 0.432877 0.002380 0.135586
2 2 0.021899 0.264977 0.628559 0.001633 0.082933
2 2 0.015529 0.179026 0.742432 0.001506 0.061507
2 2 0.016710 0.170927 0.740595 0.001453 0.070315
2 2 0.023720 0.217526 0.644903 0.001227 0.112624
2 2 0.034403 0.302047 0.486034 0.001004 0.176511
1 2 0.042693 0.385605 0.330566 0.000671 0.240465
1 2 0.068629 0.438296 0.251489 0.000608 0.240977
1 2 0.089487 0.448812 0.221486 0.000401 0.239814
1 2 0.080687 0.447578 0.213285 0.000270 0.258180
1 2 0.086655 0.451912 0.213134 0.000275 0.248023
1 2 0.052276 0.419578 0.220474 0.000298 0.307373
1 2 0.076192 0.456203 0.230816 0.000358 0.236432
1 2 0.091947 0.471324 0.227133 0.000320 0.209275
1 2 0.130969 0.459923 0.200190 0.000286 0.208632
1 2 0.192923 0.435944 0.172768 0.000291 0.198074
1 2 0.188018 0.447704 0.177973 0.000271 0.186034
1 2 0.167964 0.472326 0.195111 0.000267 0.164332
1 2 0.176488 0.469804 0.187226 0.000226 0.166256
1 2 0.193152 0.440840 0.162272 0.000171 0.203565
1 2 0.212146 0.427860 0.155016 0.000185 0.204794
1 2 0.213026 0.432760 0.157897 0.000190 0.196126
0 4 0.347127 0.253659 0.071859 0.000147 0.327208
4 4 0.282898 0.229298 0.068580 0.000187 0.419037
4 4 0.209475 0.257954 0.086378 0.000230 0.445963
4 4 0.229176 0.291940 0.098350 0.000232 0.380301
0 4 0.360052 0.231376 0.063008 0.000132 0.345432
0 4 0.418503 0.238150 0.064731 0.000151 0.278465
0 4 0.502694 0.220883 0.058368 0.000166 0.217888
0 4 0.486216 0.202038 0.057039 0.000294 0.254413
0 4 0.444966 0.184876 0.056709 0.000544 0.312906
1 4 0.267452 0.408964 0.145967 0.000244 0.177373
1 4 0.285233 0.394356 0.140884 0.000285 0.179242
1 4 0.285803 0.401702 0.149318 0.000361 0.162816
1 4 0.260307 0.398485 0.145753 0.000296 0.195159
4 4 0.291680 0.295548 0.093050 0.000198 0.319523
4 4 0.288542 0.285500 0.091614 0.000235 0.334109
4 4 0.279024 0.258819 0.083965 0.000279 0.377913
0 4 0.372744 0.276165 0.093500 0.000503 0.257088
0 4 0.387124 0.249989 0.077274 0.000321 0.285292
0 4 0.439928 0.268201 0.083029 0.000334 0.208508
0 4 0.359794 0.357873 0.125869 0.000397 0.156066
1 4 0.346062 0.356419 0.128147 0.000451 0.168922
0 4 0.400738 0.337491 0.123616 0.000649 0.137507
1 4 0.319659 0.351956 0.134943 0.000665 0.192776
0 4 0.340934 0.309719 0.110475 0.000544 0.238329
1 4 0.307331 0.308644 0.106096 0.000371 0.277560
1 4 0.294235 0.319994 0.111344 0.000360 0.274068
1 4 0.293132 0.390282 0.146730 0.000428 0.169429
1 4 0.220598 0.432841 0.168565 0.000311 0.177685
1 4 0.205864 0.436342 0.172171 0.000307 0.185316
1 4 0.053202 0.452365 0.270365 0.000640 0.223427
1 4 0.043449 0.433759 0.341651 0.001217 0.179924
1 4 0.061007 0.448911 0.294926 0.001248 0.193908
1 2 0.094391 0.467618 0.295061 0.002037 0.140892
1 2 0.170187 0.458309 0.260097 0.002391 0.109016
1 2 0.213852 0.454222 0.251915 0.002658 0.077352
1 2 0.248650 0.451842 0.235223 0.002022 0.062263
1 2 0.253587 0.451866 0.229577 0.001763 0.063207
1 2 0.271088 0.443222 0.221650 0.001787 0.062253
1 2 0.269839 0.431366 0.216855 0.002071 0.079869
1 2 0.214943 0.447445 0.256863 0.003490 0.077260
1 2 0.125564 0.474105 0.328676 0.004896 0.066759
1 2 0.127762 0.473504 0.318677 0.004268 0.075790
1 2 0.155733 0.451893 0.280347 0.003955 0.108072
1 2 0.204569 0.442628 0.265299 0.004544 0.082960
1 2 0.219190 0.441424 0.262806 0.004635 0.071946
1 2 0.256436 0.434564 0.242297 0.003652 0.063051
1 2 0.298085 0.418083 0.211199 0.002502 0.070131
1 2 0.239520 0.439065 0.230419 0.002352 0.088644
1 2 0.171478 0.455083 0.241071 0.001586 0.130783
1 2 0.161107 0.457929 0.294182 0.004809 0.081973
1 2 0.110366 0.455902 0.350984 0.007546 0.075202
1 2 0.096298 0.445844 0.356359 0.005606 0.095893
1 2 0.088187 0.444088 0.298810 0.003228 0.165686
2 2 0.030860 0.310451 0.580374 0.003479 0.074836
2 2 0.016217 0.243830 0.686512 0.002018 0.051423
2 2 0.011291 0.164339 0.788951 0.002380 0.033038
2 2 0.013721 0.175047 0.768137 0.002683 0.040412
2 2 0.019890 0.199685 0.737420 0.004070 0.038934
2 2 0.038809 0.257629 0.659898 0.006644 0.037020
1 2 0.158117 0.428408 0.350935 0.007832 0.054708
0 2 0.440306 0.319856 0.157013 0.005388 0.077437
0 2 0.511373 0.276571 0.124571 0.004455 0.083030
0 2 0.442180 0.301842 0.143417 0.005127 0.107433
0 2 0.411060 0.314858 0.150562 0.004709 0.118812
0 2 0.605430 0.195212 0.068607 0.001674 0.129077
0 2 0.581180 0.139115 0.042126 0.000947 0.236632
0 4 0.606922 0.175256 0.061311 0.001942 0.154570
1 4 0.320913 0.328963 0.161673 0.004223 0.184228
0 4 0.442714 0.255329 0.095149 0.001343 0.205465
0 4 0.499202 0.278346 0.111244 0.001983 0.109225
1 4 0.281769 0.412246 0.226951 0.004385 0.074649
1 4 0.324223 0.347648 0.164549 0.002945 0.160635
1 4 0.212107 0.370148 0.197390 0.003543 0.216812
1 4 0.172149 0.394945 0.242125 0.005999 0.184782
1 2 0.137585 0.385415 0.322257 0.010600 0.144142
1 2 0.190878 0.387879 0.266211 0.010277 0.144755
1 2 0.193765 0.394746 0.243121 0.007212 0.161155
2 2 0.064374 0.355987 0.499938 0.007412 0.072289
2 2 0.030176 0.286725 0.621101 0.006576 0.055423
2 2 0.033155 0.279430 0.604877 0.006206 0.076332
2 2 0.047423 0.282893 0.540961 0.005582 0.123140
2 2 0.046469 0.230846 0.609050 0.005998 0.107636
2 2 0.045590 0.238610 0.617788 0.007094 0.090918
2 2 0.048833 0.274386 0.582849 0.007534 0.086398
2 2 0.051286 0.332557 0.495737 0.007151 0.113270
2 2 0.028744 0.287296 0.617917 0.008269 0.057773
2 2 0.008143 0.115839 0.847154 0.012438 0.016426
2 2 0.004844 0.076949 0.894260 0.011437 0.012510
2 2 0.015581 0.152559 0.793665 0.008521 0.029674
1 2 0.261049 0.382554 0.273059 0.011980 0.071358
1 2 0.311701 0.373284 0.227584 0.012068 0.075363
0 2 0.377670 0.348307 0.179423 0.005657 0.088943
1 2 0.274850 0.390535 0.213477 0.004955 0.116183
1 2 0.130798 0.453070 0.307481 0.005515 0.103136
1 2 0.142084 0.437504 0.291036 0.006072 0.123304
1 2 0.223657 0.410155 0.266563 0.010510 0.089115
1 2 0.271489 0.382504 0.271200 0.015182 0.059624
1 2 0.259260 0.407253 0.265863 0.011858 0.055766
1 2 0.216663 0.425114 0.296909 0.012942 0.048372
1 2 0.133933 0.452694 0.351880 0.011750 0.049743
1 2 0.180852 0.432478 0.277082 0.006603 0.102985
1 2 0.229425 0.349832 0.346171 0.017300 0.057272
0 2 0.341660 0.270277 0.312306 0.026768 0.048989
0 2 0.354179 0.270259 0.305426 0.029422 0.040714
0 0 0.474091 0.298120 0.171496 0.013988 0.042305
0 0 0.609848 0.240319 0.115797 0.007498 0.026539
0 2 0.500096 0.295739 0.172602 0.014614 0.016949
1 2 0.282289 0.400225 0.269923 0.014595 0.032968
1 2 0.111912 0.452228 0.384627 0.014848 0.036386
2 2 0.004726 0.095995 0.886161 0.004854 0.008265
2 2 0.003018 0.069626 0.918605 0.003488 0.005262
2 2 0.001671 0.048169 0.940900 0.004388 0.004872
2 2 0.001232 0.034581 0.955726 0.005202 0.003259
2 2 0.000543 0.015666 0.969477 0.012737 0.001578
2 2 0.000471 0.011746 0.963274 0.023392 0.001117
2 2 0.000626 0.010892 0.938230 0.049191 0.001061
2 2 0.002208 0.019768 0.918084 0.058323 0.001617
2 2 0.002401 0.016485 0.857669 0.121965 0.001481
2 2 0.005385 0.022929 0.792624 0.176816 0.002246
2 2 0.009505 0.038151 0.818646 0.129850 0.003848
2 2 0.008522 0.038768 0.832025 0.116796 0.003890
2 2 0.009997 0.045782 0.840252 0.099946 0.004023
2 3 0.006392 0.037653 0.842414 0.109484 0.004056
2 3 0.005245 0.031415 0.859796 0.100297 0.003247
2 3 0.002763 0.020286 0.879458 0.095473 0.002019
2 3 0.001299 0.011841 0.859098 0.126396 0.001365
2 3 0.001916 0.013055 0.831867 0.151983 0.001179
2 3 0.001653 0.012106 0.808185 0.176846 0.001210
2 3 0.002266 0.014475 0.779951 0.202005 0.001301
3 3 0.002967 0.006065 0.209796 0.779577 0.001595
3 3 0.001852 0.003827 0.160708 0.832664 0.000948
3 3 0.005615 0.007719 0.189976 0.794888 0.001802
3 3 0.005598 0.007993 0.198283 0.786176 0.001950
3 3 0.008168 0.012616 0.240630 0.735632 0.002954
3 3 0.006409 0.012158 0.272909 0.706130 0.002393
3 3 0.035929 0.033892 0.342055 0.583364 0.004760
3 3 0.069967 0.038559 0.287185 0.599874 0.004416
3 3 0.072225 0.042942 0.343384 0.537641 0.003808
3 3 0.098297 0.061086 0.410834 0.426144 0.003639
2 3 0.255674 0.103081 0.412838 0.224364 0.004042
2 3 0.345721 0.162001 0.412733 0.070114 0.009431
2 3 0.190630 0.227647 0.516733 0.048080 0.016910
2 2 0.105181 0.293279 0.557318 0.019977 0.024245
2 2 0.053667 0.270982 0.631791 0.012786 0.030773
2 2 0.024349 0.209133 0.733430 0.011067 0.022020
2 2 0.021526 0.227684 0.704148 0.005189 0.041452
2 2 0.019095 0.193417 0.736019 0.005260 0.046208
2 2 0.024322 0.209238 0.714434 0.004507 0.047499
2 2 0.027020 0.210647 0.715614 0.005106 0.041614
2 2 0.015852 0.147913 0.794998 0.010550 0.030688
2 2 0.018288 0.157406 0.786850 0.016206 0.021249
2 2 0.007450 0.092878 0.871356 0.014748 0.013569
2 2 0.009139 0.098974 0.864046 0.014585 0.013256
2 2 0.005026 0.062203 0.905461 0.018653 0.008657
2 2 0.004485 0.054714 0.906075 0.025292 0.009433
2 2 0.005973 0.071531 0.886067 0.021553 0.014875
2 2 0.006373 0.080268 0.873002 0.022266 0.018092
2 2 0.005033 0.069167 0.894841 0.017546 0.013412
2 2 0.014499 0.101217 0.847207 0.023301 0.013776
2 2 0.022744 0.134475 0.808318 0.020084 0.014379
2 2 0.024613 0.157054 0.783343 0.017544 0.017445
2 2 0.006649 0.079531 0.888185 0.015496 0.010138
2 2 0.008219 0.095345 0.873617 0.013606 0.009212
2 2 0.003161 0.065888 0.915887 0.006966 0.008097
2 2 0.002518 0.054860 0.928921 0.006560 0.007141
2 2 0.002916 0.051898 0.923086 0.013448 0.008653
2 2 0.002362 0.042840 0.924395 0.021417 0.008986
2 2 0.003729 0.045537 0.892745 0.049457 0.008532
2 2 0.003855 0.040599 0.863355 0.084832 0.007359
2 2 0.005656 0.025999 0.674322 0.289646 0.004376
3 2 0.001927 0.009850 0.465086 0.521057 0.002081
3 3 0.003769 0.012506 0.480146 0.501347 0.002231
3 3 0.006397 0.013144 0.359474 0.618341 0.002644
3 3 0.009628 0.011554 0.237379 0.739488 0.001951
3 3 0.007807 0.007128 0.130019 0.853648 0.001398
3 3 0.008749 0.006507 0.091222 0.892171 0.001351
3 3 0.013570 0.007904 0.074114 0.903002 0.001410
3 3 0.006491 0.005495 0.070724 0.916137 0.001153
3 3 0.003240 0.003520 0.056908 0.935554 0.000778
3 3 0.001478 0.002624 0.067402 0.927730 0.000766
3 3 0.002661 0.003990 0.085422 0.906768 0.001160
3 3 0.003512 0.004756 0.112951 0.877382 0.001398
3 3 0.004491 0.004961 0.101877 0.887395 0.001277
3 3 0.005090 0.005631 0.102006 0.885795 0.001477
3 3 0.005699 0.005348 0.081426 0.906310 0.001216
3 3 0.008072 0.006891 0.087344 0.896140 0.001553
3 3 0.006449 0.005525 0.066959 0.919908 0.001159
3 3 0.006066 0.005077 0.064714 0.923110 0.001032
3 3 0.013266 0.008783 0.067053 0.909211 0.001687
3 3 0.002816 0.002373 0.036770 0.957640 0.000400
3 3 0.006254 0.003847 0.043697 0.945612 0.000590
3 3 0.005706 0.003135 0.032456 0.958284 0.000418
3 3 0.007626 0.003419 0.029220 0.959333 0.000403
3 3 0.008803 0.003676 0.029678 0.957422 0.000421
3 3 0.043237 0.009813 0.044630 0.901359 0.000960
3 3 0.063061 0.019856 0.106071 0.808929 0.002084
3 3 0.026793 0.028550 0.322375 0.619929 0.002353
3 3 0.017309 0.032952 0.468949 0.477729 0.003061
2 3 0.007436 0.024605 0.543517 0.421163 0.003280
2 3 0.006616 0.021850 0.531348 0.437086 0.003100
3 3 0.004839 0.015275 0.438736 0.538187 0.002964
3 3 0.005028 0.013938 0.418566 0.560021 0.002448
3 3 0.006612 0.013737 0.347820 0.629437 0.002395
3 3 0.005356 0.011657 0.329208 0.651634 0.002145
3 3 0.007910 0.010626 0.214589 0.764805 0.002070
3 3 0.007687 0.007222 0.129935 0.853667 0.001489
3 3 0.009290 0.006527 0.094124 0.888741 0.001318
3 3 0.014881 0.007955 0.086541 0.889238 0.001385
3 3 0.014077 0.007673 0.073520 0.903421 0.001309
3 3 0.014626 0.007911 0.052546 0.923638 0.001279
3 3 0.006787 0.004243 0.036727 0.951594 0.000649
3 3 0.006525 0.003625 0.030656 0.958702 0.000492
3 3 0.006178 0.003187 0.025856 0.964383 0.000397
3 3 0.004063 0.002547 0.027522 0.965520 0.000348
3 3 0.007247 0.003551 0.030177 0.958580 0.000445
3 3 0.007131 0.003642 0.031686 0.957067 0.000473
3 3 0.006582 0.003148 0.026529 0.963365 0.000376
3 3 0.012572 0.004875 0.033985 0.948002 0.000566
3 3 0.009610 0.004711 0.041439 0.943596 0.000645
3 3 0.013115 0.005058 0.038541 0.942686 0.000600
3 3 0.032621 0.010767 0.055915 0.899322 0.001375
3 3 0.040862 0.010989 0.050244 0.896677 0.001229
3 3 0.059249 0.015705 0.058596 0.864566 0.001885
3 3 0.019108 0.011127 0.067716 0.899996 0.002053
3 3 0.026336 0.018166 0.102913 0.848322 0.004264
3 3 0.027323 0.022835 0.148973 0.794692 0.006177
3 3 0.027053 0.023483 0.178415 0.765452 0.005597
3 3 0.012746 0.014102 0.187397 0.782059 0.003696
3 3 0.012951 0.015038 0.212367 0.755440 0.004204
2 3 0.015013 0.054001 0.773980 0.152018 0.004988
2 3 0.019450 0.078839 0.826444 0.070017 0.005251
2 3 0.084005 0.156810 0.696320 0.055987 0.006877
2 3 0.132251 0.174483 0.636694 0.044698 0.011874
2 3 0.227249 0.256853 0.452843 0.039850 0.023205
2 3 0.130702 0.287854 0.530634 0.027923 0.022886
2 2 0.083179 0.321782 0.553053 0.018508 0.023477
2 2 0.063019 0.355834 0.530901 0.014227 0.036018
2 2 0.035624 0.356218 0.556012 0.004630 0.047516
2 2 0.038567 0.377454 0.433069 0.001701 0.149208
1 2 0.050181 0.397805 0.378836 0.001233 0.171945
1 2 0.092409 0.466384 0.256939 0.000816 0.183453
1 2 0.117658 0.471291 0.226425 0.000453 0.184173
1 2 0.115066 0.458143 0.199849 0.000242 0.226700
1 2 0.097478 0.447937 0.190247 0.000163 0.264175
1 2 0.090710 0.425011 0.180959 0.000163 0.303157
1 2 0.079636 0.400696 0.172173 0.000156 0.347339
1 2 0.087761 0.401026 0.171117 0.000174 0.339923
1 2 0.126677 0.417090 0.174377 0.000250 0.281606
1 2 0.212347 0.433118 0.185866 0.000575 0.168094
0 0 0.573318 0.275779 0.099857 0.000939 0.050107
0 0 0.395868 0.369550 0.149443 0.000988 0.084151
1 0 0.247062 0.428081 0.179204 0.000597 0.145057
1 0 0.126529 0.433091 0.192729 0.000358 0.247292
1 2 0.168005 0.406581 0.182847 0.000661 0.241906
1 4 0.234486 0.398995 0.183733 0.001266 0.181519
1 4 0.359618 0.366520 0.161656 0.001746 0.110460
0 4 0.537397 0.279365 0.108051 0.001534 0.073654
0 4 0.586182 0.254350 0.090760 0.001064 0.067644
0 4 0.546757 0.288795 0.100565 0.000678 0.063204
1 4 0.372253 0.394363 0.156479 0.000701 0.076204
0 4 0.381870 0.336698 0.121047 0.000553 0.159832
1 4 0.307071 0.355602 0.137359 0.000656 0.199311
1 4 0.224365 0.365737 0.146748 0.000545 0.262604
1 4 0.195276 0.382654 0.162299 0.000610 0.259161
1 4 0.161271 0.399619 0.175164 0.000538 0.263407
1 4 0.148794 0.392310 0.166673 0.000397 0.291826
1 4 0.135689 0.474700 0.229911 0.000575 0.159125
1 4 0.129988 0.476621 0.242722 0.000749 0.149920
1 4 0.126628 0.479035 0.250624 0.000851 0.142862
1 4 0.034811 0.404258 0.384230 0.000749 0.175953
2 4 0.032360 0.390811 0.443362 0.001259 0.132209
2 4 0.032082 0.388277 0.448375 0.001286 0.129979
1 4 0.049009 0.410058 0.401419 0.001551 0.137964
1 4 0.155587 0.445512 0.317664 0.004193 0.077044
1 2 0.258998 0.385087 0.291692 0.008685 0.055539
1 2 0.338326 0.383291 0.226517 0.008812 0.043054
0 2 0.434861 0.348223 0.177435 0.004737 0.034744
0 2 0.575128 0.277833 0.115739 0.002118 0.029182
0 0 0.540320 0.303677 0.128803 0.001879 0.025321
1 0 0.379223 0.403869 0.188111 0.001546 0.027250
1 0 0.268512 0.457909 0.236217 0.001740 0.035622
1 0 0.172146 0.496579 0.281335 0.001654 0.048287
1 2 0.165022 0.489857 0.280856 0.001866 0.062400
1 2 0.178933 0.469115 0.252620 0.001673 0.097658
1 2 0.199418 0.463017 0.257820 0.002383 0.077361
1 2 0.214069 0.448851 0.249885 0.002858 0.084337
1 4 0.203418 0.445682 0.258777 0.003638 0.088484
1 4 0.167684 0.460709 0.285778 0.003970 0.081859
1 4 0.170211 0.451104 0.276888 0.004111 0.097685
1 4 0.134788 0.450551 0.287476 0.003989 0.123196
1 2 0.161903 0.447693 0.299940 0.005862 0.084603
1 2 0.162483 0.462689 0.292999 0.004266 0.077563
1 2 0.185632 0.466876 0.288657 0.003934 0.054901
1 2 0.169055 0.478985 0.298567 0.003355 0.050039
1 2 0.087251 0.492536 0.368490 0.002960 0.048764
2 2 0.043367 0.395401 0.517972 0.003532 0.039728
2 2 0.048758 0.388291 0.511695 0.004522 0.046735
2 2 0.067439 0.367044 0.525669 0.006931 0.032917
2 2 0.103948 0.389674 0.463372 0.009611 0.033394
1 2 0.152160 0.446918 0.362100 0.009204 0.029618
0 2 0.519020 0.296089 0.137757 0.004239 0.042895
0 2 0.573314 0.266724 0.120438 0.004205 0.035318
0 2 0.574272 0.262744 0.113005 0.003334 0.046645
0 2 0.497413 0.307143 0.138566 0.003295 0.053583
0 2 0.425673 0.350505 0.171255 0.003789 0.048778
1 2 0.268157 0.417481 0.237885 0.005022 0.071455
1 2 0.084367 0.490064 0.376485 0.004387 0.044698
1 2 0.047029 0.459132 0.392958 0.002629 0.098252
2 2 0.030279 0.363398 0.513659 0.002777 0.089886
2 2 0.013741 0.203053 0.735606 0.001802 0.045798
2 2 0.010664 0.163463 0.789905 0.001851 0.034118
2 2 0.006343 0.106655 0.869271 0.003348 0.014383
2 2 0.008071 0.123135 0.845493 0.003025 0.020276
2 2 0.009272 0.141282 0.822631 0.002957 0.023858
2 2 0.005199 0.088244 0.891960 0.004065 0.010532
2 2 0.007228 0.101568 0.871425 0.004843 0.014935
2 2 0.005424 0.084941 0.895194 0.005709 0.008732
2 2 0.010040 0.134157 0.832277 0.006171 0.017355
2 2 0.009774 0.125123 0.841960 0.008124 0.015019
2 2 0.009618 0.121137 0.844221 0.008572 0.016452
2 2 0.011351 0.138631 0.829088 0.007428 0.013502
2 2 0.023365 0.172070 0.773982 0.012251 0.018332
2 2 0.051136 0.189547 0.729024 0.018280 0.012013
2 2 0.135573 0.257652 0.561132 0.023939 0.021705
2 2 0.204623 0.372518 0.375627 0.016098 0.031134
1 2 0.207760 0.416339 0.322497 0.014968 0.038437
1 2 0.228130 0.428244 0.294897 0.011519 0.037211
1 2 0.112597 0.451250 0.375152 0.013989 0.047012
1 2 0.101045 0.461227 0.363701 0.008757 0.065269
2 2 0.014774 0.146967 0.818496 0.007392 0.012370
2 2 0.033405 0.152282 0.790646 0.013666 0.010002
2 2 0.051010 0.198029 0.726675 0.013843 0.010442
2 2 0.142779 0.249934 0.571941 0.022702 0.012644
2 2 0.300676 0.307218 0.352950 0.016700 0.022456
1 2 0.344299 0.374453 0.241326 0.011987 0.027935
0 2 0.485691 0.314337 0.151151 0.004566 0.044255
0 0 0.517775 0.292299 0.137857 0.004884 0.047184
0 0 0.487444 0.308467 0.147716 0.004804 0.051569
0 0 0.462834 0.325594 0.153667 0.003811 0.054093
0 0 0.478151 0.309093 0.140666 0.003561 0.068529
0 0 0.464701 0.314622 0.152132 0.005017 0.063529
1 2 0.340656 0.401084 0.212489 0.003834 0.041937
1 2 0.367599 0.391827 0.193874 0.002777 0.043923
0 0 0.408854 0.372670 0.173233 0.002217 0.043027
0 0 0.439652 0.353944 0.148250 0.001380 0.056774
0 4 0.400040 0.378141 0.170877 0.001801 0.049141
0 4 0.469058 0.334027 0.140743 0.001682 0.054490
0 4 0.497187 0.294056 0.123633 0.002424 0.082700
0 4 0.502641 0.261820 0.101297 0.001814 0.132429
1 4 0.193163 0.444738 0.189075 0.000450 0.172574
1 4 0.194792 0.463789 0.208090 0.000586 0.132744
1 4 0.148769 0.486860 0.234867 0.000590 0.128914
1 4 0.149762 0.491085 0.242222 0.000668 0.116262
1 4 0.123557 0.489041 0.246838 0.000612 0.139952
1 4 0.099738 0.484118 0.275757 0.001028 0.139359
1 4 0.087059 0.469346 0.291221 0.001608 0.150766
1 4 0.075823 0.469795 0.304598 0.001735 0.148049
1 4 0.058269 0.452662 0.304409 0.001623 0.183036
1 2 0.049335 0.449508 0.318468 0.001790 0.180900
2 2 0.039665 0.402083 0.434274 0.002858 0.121120
1 2 0.071870 0.459392 0.348488 0.003491 0.116759
1 2 0.077791 0.461577 0.370982 0.004165 0.085484
1 2 0.069459 0.450138 0.411007 0.004334 0.065062
1 2 0.070234 0.480769 0.383291 0.004474 0.061231
1 2 0.063347 0.484910 0.390241 0.004179 0.057324
1 2 0.066681 0.477511 0.407513 0.005829 0.042467
2 2 0.073031 0.393283 0.478113 0.009839 0.045734
2 2 0.069058 0.408842 0.460977 0.008699 0.052423
2 2 0.050473 0.391003 0.509073 0.007530 0.041921
2 2 0.042547 0.289275 0.633234 0.006163 0.028781
2 2 0.087274 0.300558 0.573115 0.013605 0.025448
2 2 0.200028 0.337789 0.410829 0.018889 0.032465
1 2 0.336131 0.361113 0.244255 0.012288 0.046213
0 2 0.402920 0.348276 0.183067 0.006315 0.059422
0 2 0.490477 0.310033 0.147493 0.004473 0.047525
0 2 0.545638 0.281072 0.122094 0.003095 0.048101
0 2 0.444463 0.328256 0.152350 0.003457 0.071473
1 2 0.189201 0.470528 0.281534 0.003196 0.055542
1 2 0.077001 0.498172 0.371546 0.003113 0.050168
2 2 0.034417 0.404865 0.501929 0.003876 0.054913
2 2 0.026343 0.328852 0.585726 0.004158 0.054921
2 2 0.017869 0.239419 0.698448 0.005229 0.039035
2 2 0.025369 0.207720 0.735932 0.010330 0.020650
2 2 0.053400 0.236620 0.667202 0.014907 0.027871
2 2 0.073533 0.291512 0.593684 0.013381 0.027890
2 2 0.048639 0.280781 0.629970 0.011778 0.028833
2 2 0.029409 0.237379 0.702272 0.009378 0.021562
2 2 0.016945 0.216801 0.731189 0.008332 0.026732
2 2 0.007912 0.154811 0.820058 0.006749 0.010470
2 2 0.007135 0.120119 0.854612 0.003724 0.014411
2 2 0.004144 0.074305 0.909175 0.004831 0.007545
2 2 0.002084 0.050108 0.937471 0.004715 0.005622
2 2 0.002579 0.055410 0.930955 0.004785 0.006270
2 2 0.001551 0.040590 0.946663 0.005811 0.005386
2 2 0.000743 0.026261 0.963894 0.005417 0.003684
2 2 0.000792 0.027735 0.962842 0.004978 0.003652
2 2 0.000767 0.023352 0.966614 0.006428 0.002839
2 2 0.000729 0.020430 0.968824 0.007409 0.002607
2 2 0.000509 0.012458 0.968771 0.016596 0.001667
2 2 0.000293 0.008843 0.975040 0.014494 0.001330
2 2 0.000209 0.006928 0.971215 0.020461 0.001186
2 2 0.000334 0.008189 0.958577 0.031722 0.001178
2 2 0.001164 0.016921 0.930349 0.049162 0.002404
2 2 0.000994 0.014573 0.895926 0.086221 0.002286
2 2 0.001272 0.015472 0.849072 0.131428 0.002756
2 2 0.001751 0.020304 0.901363 0.073619 0.002964
2 2 0.002935 0.031542 0.905975 0.054536 0.005013
2 2 0.000813 0.020226 0.950074 0.024550 0.004337
2 2 0.000422 0.014134 0.955182 0.026994 0.003267
2 2 0.002609 0.045298 0.896151 0.039470 0.016471
2 2 0.002285 0.031535 0.861225 0.093142 0.011814
2 2 0.003024 0.027551 0.818268 0.144611 0.006546
2 2 0.004220 0.036135 0.849578 0.101308 0.008759
2 2 0.006455 0.039830 0.842321 0.104799 0.006596
2 2 0.004384 0.032163 0.843521 0.114550 0.005382
2 2 0.002079 0.021385 0.846375 0.126138 0.004023
2 2 0.001232 0.019357 0.886546 0.089104 0.003761
2 2 0.000770 0.012907 0.844646 0.138147 0.003531
2 2 0.001422 0.014088 0.761361 0.219553 0.003577
2 2 0.002561 0.015598 0.663343 0.314333 0.004164
2 2 0.009934 0.029142 0.609040 0.345465 0.006419
2 2 0.005260 0.018076 0.518692 0.454157 0.003815
2 3 0.003577 0.017242 0.574185 0.401630 0.003366
2 3 0.002950 0.021613 0.701133 0.269943 0.004361
2 3 0.003558 0.027969 0.687132 0.274485 0.006855
2 3 0.002249 0.021340 0.673103 0.296646 0.006662
2 3 0.001893 0.016979 0.664091 0.311609 0.005428
2 3 0.002447 0.016907 0.623620 0.351288 0.005737
2 3 0.001862 0.011653 0.536656 0.445989 0.003840
3 3 0.003435 0.008734 0.211475 0.772238 0.004118
3 3 0.002349 0.006916 0.235811 0.752038 0.002885
3 3 0.001814 0.006507 0.258523 0.730683 0.002473
3 3 0.001560 0.008808 0.405368 0.581778 0.002486
3 3 0.002181 0.010859 0.388462 0.595197 0.003301
3 3 0.002368 0.013155 0.473880 0.506907 0.003690
3 3 0.002849 0.014743 0.406157 0.570331 0.005921
3 3 0.003586 0.012780 0.270982 0.706638 0.006014
3 3 0.003399 0.013554 0.286525 0.689969 0.006554
3 3 0.002098 0.006881 0.166312 0.820938 0.003772
3 3 0.001790 0.006214 0.166516 0.822028 0.003453
3 3 0.003189 0.007466 0.132036 0.853987 0.003320
3 3 0.002785 0.006543 0.104655 0.883270 0.002747
3 3 0.002813 0.006873 0.117548 0.869731 0.003035
3 3 0.001305 0.003818 0.098190 0.895008 0.001678
3 3 0.001187 0.003108 0.090897 0.903580 0.001228
3 3 0.002877 0.005384 0.108606 0.881196 0.001937
3 3 0.002997 0.005508 0.118734 0.870764 0.001997
3 3 0.002222 0.004242 0.089939 0.902151 0.001447
3 3 0.001679 0.003676 0.081611 0.911723 0.001312
3 3 0.003496 0.004649 0.052018 0.938651 0.001186
3 3 0.001900 0.002443 0.036235 0.958891 0.000530
3 3 0.000968 0.001508 0.027941 0.969254 0.000330
3 3 0.000992 0.001536 0.028586 0.968548 0.000337
3 3 0.001073 0.001675 0.027896 0.968983 0.000372
3 3 0.001802 0.002408 0.031523 0.963745 0.000522
3 3 0.001418 0.002015 0.030286 0.965841 0.000440
3 3 0.000416 0.000914 0.023346 0.975100 0.000224
3 3 0.003517 0.003958 0.040603 0.951061 0.000861
3 3 0.003086 0.003927 0.043287 0.948774 0.000927
3 3 0.005498 0.006082 0.051194 0.935787 0.001440
3 3 0.005037 0.006564 0.079450 0.907092 0.001857
3 3 0.031113 0.028327 0.216282 0.714756 0.009521
2 3 0.213256 0.126489 0.394120 0.241224 0.024911
0 3 0.415630 0.186714 0.322328 0.056039 0.019290
0 0 0.414217 0.187474 0.336065 0.046093 0.016151
0 0 0.473779 0.272081 0.213123 0.018651 0.022366
0 2 0.563482 0.264842 0.133716 0.008604 0.029357
0 2 0.545152 0.283677 0.135185 0.005088 0.030898
1 2 0.346505 0.388306 0.212647 0.005402 0.047140
1 2 0.206038 0.458707 0.203704 0.000603 0.130948
1 2 0.269444 0.439507 0.190631 0.000758 0.099660
1 2 0.305474 0.421227 0.173966 0.000686 0.098647
1 2 0.307827 0.428051 0.188769 0.000990 0.074363
1 4 0.302599 0.430617 0.189590 0.000953 0.076241
1 4 0.350112 0.407444 0.177602 0.001127 0.063715
1 4 0.338912 0.415914 0.184523 0.001156 0.059495
1 4 0.327873 0.421118 0.183460 0.000986 0.066563
1 4 0.304474 0.429563 0.183170 0.000787 0.082006
1 4 0.284630 0.430622 0.178023 0.000615 0.106110
1 4 0.277783 0.436724 0.184463 0.000665 0.100365
1 4 0.313347 0.411362 0.164309 0.000601 0.110382
0 4 0.385129 0.312733 0.110181 0.000559 0.191398
0 4 0.461523 0.265066 0.094753 0.000975 0.177683
0 4 0.455492 0.230286 0.076602 0.000729 0.236892
0 4 0.570568 0.185560 0.057651 0.000749 0.185473
0 4 0.650302 0.128026 0.033335 0.000388 0.187949
0 4 0.727406 0.117455 0.031797 0.000582 0.122759
0 4 0.626141 0.202920 0.063395 0.000681 0.106863
0 4 0.409202 0.305824 0.108303 0.000638 0.176032
0 4 0.373570 0.360044 0.156454 0.001691 0.108240
0 4 0.484149 0.294590 0.111943 0.001229 0.108089
0 4 0.437472 0.326177 0.129219 0.001248 0.105884
0 4 0.390767 0.335879 0.124721 0.000708 0.147926
0 4 0.339808 0.337208 0.110875 0.000264 0.211846
1 4 0.261485 0.318452 0.102583 0.000180 0.317300
1 4 0.261720 0.326235 0.107026 0.000197 0.304822
1 4 0.306241 0.345814 0.125675 0.000451 0.221819
0 4 0.382027 0.270789 0.089412 0.000447 0.257324
0 4 0.428774 0.248918 0.083418 0.000642 0.238248
0 4 0.387747 0.201065 0.064886 0.000590 0.345712
4 4 0.331748 0.235701 0.086679 0.000982 0.344889
0 4 0.463196 0.143716 0.042983 0.000656 0.349447
4 4 0.362783 0.142723 0.043570 0.000556 0.450368
0 4 0.377920 0.182932 0.063167 0.001044 0.374937
0 4 0.416904 0.182549 0.060247 0.000861 0.339440
0 4 0.585816 0.186861 0.060355 0.000988 0.165980
0 4 0.585678 0.154836 0.045001 0.000615 0.213871
0 4 0.629975 0.175978 0.054378 0.000811 0.138859
0 4 0.569167 0.214306 0.066141 0.000566 0.149820
0 4 0.664200 0.103278 0.029442 0.000991 0.202089
0 4 0.578764 0.111125 0.032294 0.000935 0.276882
0 4 0.529552 0.127348 0.041019 0.001508 0.300572
0 4 0.571965 0.108849 0.030885 0.000800 0.287502
0 4 0.590288 0.112440 0.030739 0.000606 0.265927
0 4 0.692945 0.125428 0.032591 0.000399 0.148636
0 4 0.718843 0.091899 0.020820 0.000229 0.168209
0 4 0.703813 0.140509 0.039101 0.000545 0.116031
0 4 0.652155 0.171719 0.054071 0.000961 0.121094
0 4 0.703782 0.140052 0.040910 0.000772 0.114484
0 4 0.718646 0.128538 0.035904 0.000638 0.116274
0 4 0.704645 0.154592 0.044444 0.000584 0.095737
0 4 0.487888 0.307014 0.109277 0.000711 0.095110
1 4 0.379602 0.379877 0.140841 0.000508 0.099172
1 4 0.318651 0.397011 0.146434 0.000391 0.137512
1 4 0.283610 0.430229 0.167883 0.000419 0.117859
1 4 0.241907 0.462717 0.196861 0.000518 0.097997
1 4 0.217911 0.467014 0.197728 0.000443 0.116904
1 4 0.231944 0.460981 0.188828 0.000394 0.117854
1 0 0.311417 0.420666 0.172922 0.000675 0.094320
1 1 0.232233 0.472451 0.197467 0.000416 0.097433
1 1 0.242955 0.465814 0.187918 0.000360 0.102953
1 1 0.274594 0.440064 0.166076 0.000306 0.118960
1 1 0.266753 0.432258 0.160316 0.000278 0.140396
1 1 0.319520 0.420968 0.154835 0.000328 0.104349
1 1 0.310957 0.420688 0.164296 0.000481 0.103578
1 1 0.315468 0.402580 0.151216 0.000424 0.130313
1 0 0.251132 0.442116 0.187426 0.000604 0.118721
1 0 0.232731 0.450755 0.191791 0.000543 0.124179
1 0 0.292636 0.431541 0.197771 0.001203 0.076849
1 0 0.314884 0.423308 0.184974 0.000981 0.075853
1 0 0.302060 0.427808 0.172646 0.000557 0.096929
1 0 0.332567 0.415382 0.162696 0.000528 0.088826
0 0 0.398431 0.386462 0.152790 0.000724 0.061592
0 0 0.436489 0.358469 0.148661 0.001239 0.055141
0 0 0.463258 0.331224 0.135086 0.001430 0.069002
0 0 0.402462 0.368491 0.167996 0.002126 0.058924
0 0 0.445122 0.349451 0.153304 0.001907 0.050216
0 0 0.412866 0.359637 0.171472 0.003026 0.052998
1 0 0.341553 0.410511 0.206877 0.002544 0.038515
1 0 0.212581 0.450742 0.181772 0.000343 0.154563
1 0 0.313800 0.420705 0.162413 0.000448 0.102634
0 1 0.391320 0.384732 0.151691 0.000730 0.071527
0 1 0.409969 0.370157 0.147302 0.000880 0.071692
1 1 0.383054 0.392741 0.163827 0.000968 0.059410
0 1 0.429219 0.367457 0.142881 0.000759 0.059684
1 0 0.346379 0.409006 0.181757 0.001251 0.061607
1 0 0.311107 0.420889 0.195818 0.001481 0.070706
1 0 0.206637 0.468332 0.242855 0.001520 0.080656
1 0 0.209916 0.453624 0.226327 0.001361 0.108772
1 0 0.254012 0.442982 0.224760 0.001913 0.076333
1 0 0.274567 0.438267 0.224515 0.002174 0.060477
1 1 0.290765 0.430311 0.196256 0.001177 0.081491
1 1 0.243637 0.455212 0.213212 0.001021 0.086919
1 1 0.217981 0.448004 0.191609 0.000533 0.141873
1 1 0.221963 0.448385 0.194255 0.000592 0.134805
1 1 0.239615 0.453539 0.204508 0.000801 0.101537
1 1 0.246355 0.452493 0.207583 0.000922 0.092647
1 1 0.209139 0.479643 0.234795 0.000976 0.075447
1 1 0.202962 0.479525 0.240478 0.001107 0.075929
1 1 0.170480 0.460159 0.266632 0.002689 0.100039
1 2 0.119438 0.470113 0.311859 0.003749 0.094841
1 2 0.085564 0.472694 0.328041 0.003105 0.110597
1 2 0.065676 0.457280 0.311924 0.002089 0.163031
1 2 0.103432 0.453154 0.349895 0.005014 0.088505
1 2 0.124318 0.453919 0.340095 0.005720 0.075949
1 2 0.123467 0.464526 0.337703 0.006868 0.067435
1 2 0.166230 0.458859 0.317316 0.007220 0.050375
1 2 0.329508 0.391380 0.207589 0.004438 0.067084
1 2 0.343483 0.390601 0.207778 0.004495 0.053643
1 2 0.289770 0.424511 0.226801 0.003235 0.055684
1 2 0.259484 0.442312 0.236665 0.002653 0.058886
1 2 0.137269 0.492001 0.307202 0.002496 0.061032
1 2 0.089735 0.495418 0.309150 0.001459 0.104238
1 2 0.038872 0.460207 0.366759 0.001453 0.132709
2 2 0.029180 0.374512 0.483856 0.001451 0.111002
2 2 0.023803 0.301287 0.589265 0.001844 0.083801
2 2 0.019362 0.236180 0.669367 0.001614 0.073476
2 2 0.022541 0.254399 0.628957 0.001435 0.092668
2 2 0.024804 0.285031 0.598329 0.001256 0.090580
1 2 0.115581 0.461329 0.355618 0.008969 0.058503
1 2 0.085530 0.454974 0.384019 0.006120 0.069357
2 2 0.061527 0.433890 0.454579 0.005291 0.044713
2 2 0.062858 0.411040 0.448607 0.004806 0.072689
2 2 0.047613 0.380700 0.498880 0.004339 0.068468
2 2 0.042483 0.358996 0.521846 0.004188 0.072487
2 2 0.037109 0.344942 0.530631 0.003537 0.083781
2 2 0.045067 0.345051 0.530606 0.004263 0.075011
2 2 0.131935 0.340122 0.466705 0.009243 0.051994
2 2 0.210918 0.294417 0.424015 0.016974 0.053676
2 2 0.151537 0.345088 0.430150 0.013550 0.059676
2 2 0.099071 0.400958 0.434633 0.008396 0.056943
1 2 0.130825 0.455949 0.343002 0.009422 0.060802
2 2 0.053257 0.405719 0.487310 0.010662 0.043051
2 2 0.037955 0.384429 0.511134 0.003479 0.063003
2 2 0.012796 0.205961 0.742678 0.002428 0.036137
2 2 0.012041 0.182226 0.761946 0.001547 0.042240
2 2 0.015731 0.211577 0.712364 0.001519 0.058809
2 2 0.012158 0.175815 0.771890 0.002079 0.038058
2 2 0.016315 0.209680 0.722605 0.002637 0.048763
2 2 0.014236 0.188179 0.752078 0.002472 0.043036
2 2 0.009466 0.140032 0.825790 0.004749 0.019964
2 2 0.009358 0.145381 0.821163 0.004811 0.019287
2 2 0.009135 0.135456 0.831800 0.005225 0.018384
2 2 0.008321 0.122124 0.847548 0.004939 0.017069
2 2 0.005408 0.089322 0.890033 0.005679 0.009559
2 2 0.006642 0.100304 0.874975 0.006055 0.012024
2 2 0.006506 0.109395 0.866589 0.004363 0.013148
2 2 0.003879 0.073455 0.910938 0.004420 0.007308
2 2 0.004367 0.075677 0.907223 0.003334 0.009399
2 2 0.001541 0.038562 0.950021 0.004889 0.004986
2 2 0.001939 0.046761 0.936411 0.007989 0.006900
2 2 0.012455 0.081693 0.877796 0.020945 0.007111
2 2 0.078958 0.164253 0.697750 0.044543 0.014496
2 2 0.124525 0.221092 0.591010 0.037132 0.026241
2 2 0.121930 0.259359 0.558896 0.032303 0.027513
2 2 0.124555 0.332454 0.478649 0.022018 0.042323
1 2 0.125406 0.422960 0.363124 0.010825 0.077685
1 2 0.087965 0.466065 0.363630 0.004206 0.078132
1 2 0.107610 0.437394 0.381574 0.005164 0.068257
1 2 0.215178 0.441236 0.210922 0.001149 0.131515
1 2 0.148280 0.479045 0.290609 0.002611 0.079456
1 2 0.161215 0.467729 0.276063 0.002670 0.092323
1 2 0.220621 0.431487 0.253837 0.004758 0.089296
1 4 0.253251 0.404457 0.231078 0.005529 0.105685
1 4 0.182263 0.428933 0.276352 0.007083 0.105369
1 4 0.114114 0.453807 0.308822 0.004689 0.118568
1 4 0.091371 0.458385 0.311623 0.003320 0.135301
1 4 0.042829 0.453183 0.381187 0.002935 0.119865
2 4 0.025070 0.310823 0.583258 0.002464 0.078385
2 2 0.021247 0.230181 0.672948 0.002225 0.073399
2 2 0.017516 0.201398 0.718367 0.002081 0.060638
2 2 0.017532 0.206608 0.713355 0.002058 0.060447
2 2 0.017407 0.216346 0.706234 0.002139 0.057874
2 2 0.014497 0.209741 0.728272 0.002129 0.045361
2 2 0.016703 0.240540 0.687899 0.002119 0.052739
2 2 0.013153 0.192468 0.751370 0.002116 0.040892
2 2 0.010430 0.159261 0.797019 0.002164 0.031125
2 2 0.011315 0.159748 0.793051 0.002371 0.033514
2 2 0.013487 0.174091 0.780623 0.003596 0.028202
2 2 0.040708 0.313884 0.577839 0.005966 0.061602
2 2 0.029888 0.258513 0.667049 0.008924 0.035626
2 2 0.029348 0.236280 0.692998 0.012990 0.028384
2 2 0.027227 0.212090 0.727002 0.013878 0.019804
2 2 0.039652 0.282821 0.629412 0.008641 0.039474
2 2 0.074259 0.367360 0.495716 0.008709 0.053956
1 2 0.120413 0.435489 0.349599 0.008117 0.086382
1 2 0.160303 0.443805 0.306700 0.008294 0.080898
1 2 0.160858 0.452284 0.312219 0.007587 0.067052
1 2 0.105558 0.461689 0.341653 0.006540 0.084559
2 2 0.061521 0.404404 0.445285 0.005662 0.083129
2 2 0.022547 0.268483 0.647558 0.003238 0.058174
2 2 0.024603 0.267607 0.642354 0.003345 0.062090
2 2 0.132090 0.315507 0.497730 0.012420 0.042254
2 2 0.218089 0.334643 0.380663 0.015549 0.051056
1 2 0.179409 0.417605 0.314264 0.009986 0.078736
1 2 0.106364 0.464889 0.341032 0.006099 0.081617
1 2 0.101877 0.450960 0.297255 0.003343 0.146564
1 2 0.085030 0.460189 0.358671 0.006752 0.089358
2 2 0.033705 0.325573 0.556958 0.002144 0.081620
2 2 0.014801 0.208112 0.735004 0.003262 0.038821
2 2 0.010127 0.160959 0.800748 0.003215 0.024952
2 2 0.012892 0.175589 0.770366 0.002412 0.038740
2 2 0.025107 0.243492 0.660796 0.002613 0.067992
2 2 0.023365 0.220412 0.689052 0.002878 0.064294
2 2 0.042395 0.293405 0.587788 0.003320 0.073092
2 2 0.025557 0.223432 0.697739 0.003785 0.049488
2 2 0.030750 0.258606 0.654651 0.003416 0.052577
2 2 0.016334 0.188660 0.752132 0.004107 0.038767
2 2 0.011336 0.156099 0.801723 0.004009 0.026833
2 2 0.009575 0.123571 0.841246 0.005065 0.020542
2 2 0.038884 0.182740 0.718965 0.011026 0.048386
2 2 0.073614 0.246764 0.598972 0.013273 0.067376
2 2 0.058664 0.275366 0.590439 0.010504 0.065026
2 2 0.052027 0.285448 0.604628 0.006435 0.051463
2 2 0.055362 0.287030 0.584897 0.008711 0.063999
2 2 0.016258 0.193088 0.764221 0.005288 0.021144
2 2 0.011074 0.166367 0.791547 0.003293 0.027720
2 2 0.008887 0.144287 0.821743 0.003035 0.022048
2 2 0.012170 0.177284 0.779511 0.004799 0.026236
1 2 0.092391 0.446874 0.355136 0.006280 0.099319
1 2 0.064106 0.426970 0.408253 0.006482 0.094189
1 2 0.054855 0.439980 0.391783 0.005082 0.108300
2 2 0.058402 0.415864 0.442884 0.008244 0.074606
2 2 0.069764 0.388952 0.473132 0.008674 0.059478
2 2 0.110223 0.338940 0.495791 0.016716 0.038330
2 2 0.114858 0.355614 0.469133 0.016913 0.043482
2 2 0.054698 0.326411 0.562071 0.011884 0.044935
2 2 0.025177 0.275402 0.651407 0.007193 0.040821
2 2 0.014702 0.190877 0.757145 0.005309 0.031966
2 2 0.012968 0.159417 0.794888 0.005105 0.027622
2 2 0.031877 0.184416 0.733759 0.009320 0.040627
2 2 0.048238 0.202670 0.687218 0.017469 0.044406
2 2 0.162444 0.283851 0.447013 0.022087 0.084604
2 2 0.132732 0.269833 0.488388 0.021533 0.087514
2 2 0.090585 0.236790 0.592509 0.024148 0.055968
2 2 0.037689 0.185662 0.735416 0.017992 0.023241
2 2 0.021554 0.190934 0.737666 0.008213 0.041632
2 2 0.028836 0.267096 0.636517 0.005841 0.061710
2 2 0.015164 0.204989 0.744935 0.005510 0.029403
2 2 0.021757 0.205191 0.714895 0.005698 0.052459
2 2 0.023746 0.211819 0.697184 0.004957 0.062293
2 2 0.021814 0.226362 0.694642 0.005473 0.051709
2 2 0.027029 0.282615 0.617603 0.004758 0.067996
2 2 0.030001 0.306574 0.577601 0.004000 0.081825
2 2 0.027853 0.309674 0.589953 0.004853 0.067666
2 2 0.039511 0.299800 0.593560 0.009096 0.058034
2 2 0.094909 0.275420 0.561922 0.025198 0.042550
2 2 0.171936 0.281428 0.464367 0.035126 0.047143
2 2 0.135179 0.258802 0.531693 0.044063 0.030264
2 2 0.116435 0.258908 0.543942 0.057798 0.022917
2 2 0.081775 0.290931 0.558223 0.039832 0.029239
2 2 0.041249 0.292361 0.613641 0.027903 0.024846
2 2 0.022469 0.222737 0.713046 0.017268 0.024479
2 2 0.040592 0.270222 0.633268 0.016412 0.039507
2 2 0.043031 0.249023 0.654282 0.019066 0.034597
2 2 0.048279 0.274389 0.620369 0.012680 0.044284
2 2 0.048498 0.245896 0.656961 0.013158 0.035488
2 2 0.045020 0.255923 0.647211 0.007079 0.044766
2 2 0.040628 0.272406 0.622515 0.004109 0.060342
2 2 0.054064 0.349161 0.497741 0.008224 0.090810
2 2 0.037571 0.264421 0.638807 0.009008 0.050193
2 2 0.026111 0.208893 0.734906 0.007951 0.022138
2 2 0.016184 0.171533 0.780346 0.004595 0.027341
2 2 0.014254 0.177226 0.779489 0.004719 0.024311
2 2 0.043351 0.221323 0.696228 0.014792 0.024306
2 2 0.081069 0.278804 0.581556 0.019621 0.038951
2 2 0.072178 0.285115 0.579231 0.019587 0.043888
2 2 0.064275 0.331689 0.525244 0.012930 0.065861
2 2 0.044611 0.291003 0.603070 0.012778 0.048537
2 2 0.039573 0.324613 0.568438 0.008463 0.058913
2 2 0.018254 0.227021 0.706702 0.004600 0.043423
2 2 0.017200 0.209102 0.731143 0.006023 0.036532
2 2 0.069433 0.285000 0.575043 0.013354 0.057170
2 2 0.138861 0.317469 0.453961 0.020777 0.068932
2 2 0.076738 0.336735 0.469725 0.013115 0.103688
2 2 0.068660 0.390628 0.404473 0.007375 0.128865
2 2 0.045656 0.374298 0.464666 0.005683 0.109697
2 2 0.053277 0.391711 0.478009 0.006349 0.070655
2 2 0.024075 0.304151 0.597061 0.002691 0.072023
2 2 0.008802 0.155387 0.813044 0.003996 0.018771
2 2 0.005632 0.106836 0.872053 0.003343 0.012136
2 2 0.006387 0.107923 0.867536 0.003036 0.015117
2 2 0.003104 0.058372 0.926605 0.004802 0.007116
2 2 0.004584 0.078615 0.902115 0.005135 0.009551
2 2 0.003217 0.063311 0.920353 0.005622 0.007497
2 2 0.007329 0.098567 0.873127 0.004597 0.016380
2 2 0.008337 0.105346 0.863076 0.004459 0.018782
2 2 0.003823 0.063088 0.912250 0.010036 0.010804
2 2 0.002271 0.045365 0.931280 0.012061 0.009024
2 2 0.003815 0.061493 0.909362 0.013293 0.012037
2 2 0.004092 0.060845 0.907367 0.016931 0.010765
2 2 0.004257 0.049013 0.897741 0.040281 0.008708
2 3 0.003402 0.038423 0.866175 0.083369 0.008631
2 3 0.004598 0.038178 0.797851 0.151512 0.007861
2 3 0.002557 0.026549 0.800236 0.165026 0.005632
