0 0 0.536474 0.117359 0.068390 0.004720 0.273057
0 0 0.595788 0.114114 0.061120 0.003566 0.225412
0 0 0.549335 0.104006 0.050672 0.002379 0.293608
0 0 0.561195 0.062993 0.028689 0.000751 0.346372
0 0 0.579026 0.037534 0.014695 0.000179 0.368567
0 0 0.631057 0.025924 0.009337 0.000085 0.333597
0 0 0.559105 0.038708 0.017172 0.000303 0.384712
4 0 0.424909 0.040449 0.017336 0.000178 0.517128
4 0 0.388592 0.036740 0.016388 0.000163 0.558117
4 0 0.397829 0.045668 0.018156 0.000141 0.538206
4 0 0.354044 0.063582 0.030503 0.000469 0.551402
4 0 0.351033 0.071389 0.034178 0.000553 0.542848
4 0 0.383796 0.064432 0.030459 0.000495 0.520818
4 0 0.399109 0.062908 0.027586 0.000360 0.510036
4 0 0.358249 0.072151 0.032890 0.000463 0.536247
4 0 0.368796 0.052058 0.019792 0.000129 0.559226
4 0 0.339778 0.057490 0.028894 0.000469 0.573369
4 0 0.268215 0.071411 0.040501 0.000877 0.618996
4 0 0.226047 0.070629 0.039095 0.000659 0.663570
4 0 0.238631 0.057837 0.024804 0.000164 0.678563
4 0 0.014614 0.355979 0.222448 0.003838 0.403121
4 0 0.014457 0.359703 0.226939 0.004120 0.394780
4 0 0.016595 0.351234 0.228315 0.004855 0.399002
4 0 0.019118 0.329275 0.222937 0.005415 0.423255
4 1 0.019362 0.307048 0.211985 0.004997 0.456607
4 1 0.021997 0.310120 0.218341 0.006104 0.443437
4 1 0.021843 0.286753 0.205544 0.005445 0.480414
4 1 0.021092 0.280676 0.201009 0.005039 0.492184
4 1 0.027747 0.257818 0.197594 0.006776 0.510063
4 1 0.025893 0.231099 0.179573 0.005433 0.558002
4 0 0.026269 0.213983 0.169693 0.005130 0.584924
4 0 0.024543 0.172250 0.128724 0.002448 0.672035
4 1 0.038088 0.176655 0.156138 0.007301 0.621817
4 1 0.072618 0.166941 0.149678 0.010681 0.600082
4 0 0.095865 0.184682 0.113729 0.002770 0.602954
4 0 0.140550 0.166791 0.081600 0.001075 0.609983
4 1 0.114175 0.140762 0.061985 0.000425 0.682652
4 0 0.114972 0.198850 0.112519 0.002480 0.571179
4 0 0.049087 0.226753 0.192128 0.011856 0.520176
4 0 0.030641 0.156883 0.128344 0.003566 0.680566
4 0 0.042594 0.249137 0.207242 0.012258 0.488769
4 1 0.060836 0.201363 0.210996 0.021824 0.504982
4 1 0.158680 0.179137 0.245187 0.108110 0.308886
4 1 0.289983 0.162771 0.167960 0.047643 0.331643
0 1 0.426219 0.131732 0.156103 0.038908 0.247038
0 0 0.500077 0.111496 0.175871 0.058548 0.154009
0 0 0.564991 0.087193 0.167042 0.059534 0.121240
0 0 0.627856 0.072541 0.127008 0.031308 0.141287
0 0 0.551377 0.086566 0.104044 0.016454 0.241560
0 0 0.552487 0.096767 0.071871 0.005977 0.272898
0 0 0.468676 0.082998 0.043246 0.001506 0.403574
0 0 0.485066 0.095167 0.054576 0.003024 0.362167
4 0 0.359235 0.076878 0.050517 0.002637 0.510733
4 0 0.235424 0.094357 0.079101 0.007073 0.584045
4 0 0.244746 0.083058 0.077315 0.009524 0.585356
4 0 0.357299 0.078722 0.082433 0.011140 0.470405
0 0 0.404668 0.120554 0.139600 0.031015 0.304162
0 0 0.507134 0.074486 0.062600 0.005077 0.350703
0 0 0.530664 0.091395 0.072030 0.006276 0.299635
0 0 0.401810 0.116076 0.160794 0.046187 0.275132
0 1 0.487839 0.097271 0.076137 0.007098 0.331654
0 1 0.461263 0.098298 0.104555 0.016025 0.319860
0 0 0.436763 0.102004 0.093983 0.012149 0.355101
4 0 0.388213 0.095272 0.068237 0.005927 0.442350
4 0 0.389154 0.078576 0.054128 0.003758 0.474384
0 0 0.435254 0.079026 0.059893 0.004609 0.421218
0 0 0.442214 0.076240 0.056911 0.004127 0.420507
0 0 0.506307 0.053494 0.047794 0.003204 0.389202
0 0 0.583477 0.048820 0.036328 0.001650 0.329725
0 0 0.673454 0.039971 0.026670 0.000852 0.259053
0 0 0.833438 0.037550 0.015083 0.000228 0.113703
0 0 0.864359 0.038615 0.018715 0.000401 0.077909
0 0 0.842406 0.060246 0.028211 0.000850 0.068286
0 0 0.778850 0.071276 0.054063 0.003713 0.092098
0 0 0.795971 0.052923 0.048913 0.003457 0.098735
0 0 0.757267 0.055131 0.108483 0.028145 0.050974
0 0 0.705610 0.057372 0.142944 0.061736 0.032338
0 0 0.701154 0.052067 0.147003 0.074528 0.025247
0 0 0.728814 0.043959 0.135187 0.066143 0.025897
0 0 0.733495 0.049116 0.129732 0.051688 0.035970
4 0 0.399146 0.112866 0.048900 0.000903 0.438185
0 0 0.473891 0.129203 0.058288 0.001858 0.336760
0 0 0.529970 0.096725 0.041595 0.001085 0.330625
0 0 0.618464 0.089096 0.052399 0.002795 0.237246
0 0 0.679040 0.060139 0.039001 0.001694 0.220126
0 0 0.696668 0.056751 0.019458 0.000311 0.226812
0 0 0.641792 0.056018 0.023107 0.000483 0.278600
0 0 0.563801 0.062531 0.032133 0.001045 0.340490
4 0 0.435280 0.057751 0.038515 0.001882 0.466572
4 0 0.278982 0.031258 0.028065 0.001582 0.660112
4 0 0.267294 0.033904 0.032125 0.002139 0.664539
4 1 0.249174 0.050356 0.093562 0.024362 0.582546
4 1 0.231670 0.065303 0.142222 0.061687 0.499117
4 1 0.196583 0.075979 0.200638 0.151486 0.375315
3 2 0.190886 0.086646 0.241099 0.242850 0.238519
4 2 0.255365 0.139819 0.191107 0.077998 0.335712
4 2 0.157135 0.129707 0.250724 0.210320 0.252114
2 2 0.109390 0.221263 0.298575 0.137893 0.232879
4 2 0.091412 0.245673 0.232964 0.040929 0.389021
4 2 0.101743 0.231714 0.226828 0.045394 0.394320
2 2 0.106474 0.253843 0.293375 0.112728 0.233580
3 2 0.131018 0.169829 0.294470 0.306667 0.098016
2 2 0.240948 0.198675 0.301480 0.167622 0.091275
0 2 0.336280 0.185405 0.245678 0.129040 0.103598
0 3 0.384682 0.203624 0.211382 0.074305 0.126007
0 3 0.416531 0.205786 0.174492 0.041771 0.161419
0 3 0.400310 0.253878 0.149455 0.025013 0.171345
1 3 0.191009 0.332475 0.223616 0.037640 0.215260
2 3 0.060541 0.287381 0.414174 0.074674 0.163230
2 3 0.044067 0.246394 0.525372 0.065440 0.118727
2 2 0.053944 0.288680 0.456341 0.055731 0.145304
2 2 0.053412 0.244713 0.493105 0.085698 0.123072
2 2 0.062784 0.286332 0.423195 0.072820 0.154869
2 2 0.056217 0.245831 0.481798 0.090703 0.125451
2 3 0.058341 0.232013 0.468697 0.115958 0.124991
2 3 0.056704 0.196252 0.483897 0.158559 0.104588
2 3 0.077307 0.254061 0.425160 0.111371 0.132101
2 3 0.081247 0.143092 0.365431 0.330941 0.079290
2 3 0.222056 0.149459 0.306287 0.232193 0.090005
3 3 0.260871 0.115214 0.269794 0.274310 0.079811
0 3 0.762050 0.035798 0.039975 0.002553 0.159624
0 0 0.771575 0.052606 0.043834 0.002555 0.129429
0 0 0.728965 0.061157 0.051227 0.003375 0.155276
0 0 0.664844 0.067035 0.054462 0.003662 0.209996
0 1 0.674385 0.062180 0.044845 0.002354 0.216235
0 0 0.710458 0.072458 0.057562 0.004070 0.155453
0 0 0.710115 0.079466 0.108335 0.020685 0.081400
0 0 0.781630 0.066202 0.053243 0.003727 0.095198
0 0 0.825697 0.058445 0.015171 0.000176 0.100511
0 0 0.824508 0.062244 0.013865 0.000136 0.099248
0 0 0.619105 0.157752 0.037923 0.000327 0.184893
0 0 0.573469 0.158720 0.034902 0.000171 0.232739
0 0 0.476434 0.160327 0.035170 0.000111 0.327958
4 1 0.263864 0.219179 0.067276 0.000395 0.449286
4 1 0.141749 0.299386 0.124866 0.001718 0.432281
4 1 0.077539 0.333730 0.185435 0.005427 0.397869
4 0 0.106518 0.276244 0.126144 0.001720 0.489374
4 0 0.123791 0.252694 0.124411 0.002260 0.496843
4 0 0.143857 0.181945 0.100206 0.002202 0.571790
4 0 0.156480 0.090634 0.053489 0.000960 0.698437
4 0 0.174683 0.229241 0.114652 0.002655 0.478769
4 0 0.233038 0.166460 0.074037 0.001086 0.525379
4 1 0.297655 0.144047 0.056566 0.000617 0.501115
4 0 0.306619 0.094621 0.043509 0.000626 0.554625
4 0 0.405937 0.082394 0.047679 0.001970 0.462020
4 0 0.317158 0.086016 0.047154 0.001216 0.548455
4 0 0.341649 0.053442 0.022054 0.000176 0.582678
4 0 0.266172 0.036672 0.012979 0.000039 0.684138
4 1 0.281309 0.050907 0.016760 0.000049 0.650975
4 0 0.364185 0.075633 0.026225 0.000152 0.533806
4 0 0.232652 0.108540 0.056710 0.001052 0.601046
4 0 0.275063 0.076400 0.047929 0.001572 0.599036
4 0 0.337734 0.070419 0.054206 0.004311 0.533329
4 0 0.398524 0.070488 0.047131 0.002829 0.481027
0 0 0.462064 0.102476 0.069365 0.005528 0.360566
4 0 0.373838 0.136179 0.081651 0.005102 0.403230
0 0 0.426813 0.171340 0.057565 0.000705 0.343577
0 0 0.398842 0.300117 0.071492 0.000494 0.229054
0 0 0.374216 0.303260 0.065039 0.000273 0.257211
0 0 0.397787 0.259912 0.066223 0.000451 0.275626
4 1 0.253307 0.260551 0.078947 0.000513 0.406682
1 0 0.324148 0.339595 0.090921 0.000819 0.244516
0 1 0.340196 0.293469 0.092034 0.001228 0.273072
4 1 0.310011 0.241970 0.079363 0.000808 0.367849
4 0 0.367307 0.126060 0.049416 0.000625 0.456592
0 0 0.460163 0.071787 0.028155 0.000333 0.439561
0 0 0.603547 0.047318 0.019114 0.000324 0.329697
0 0 0.536762 0.051436 0.020353 0.000264 0.391186
4 0 0.380669 0.061673 0.023082 0.000163 0.534413
0 0 0.579721 0.103577 0.026448 0.000146 0.290108
0 0 0.532830 0.246506 0.065637 0.001056 0.153972
0 0 0.410957 0.351897 0.093079 0.001581 0.142486
0 0 0.460209 0.273695 0.068831 0.000692 0.196573
0 0 0.543760 0.173567 0.064104 0.001952 0.216617
0 0 0.466034 0.104153 0.052197 0.001933 0.375683
0 0 0.490295 0.082923 0.037774 0.000920 0.388089
0 0 0.564800 0.058879 0.017603 0.000105 0.358614
0 0 0.647472 0.048788 0.013142 0.000068 0.290530
0 0 0.653618 0.088659 0.026232 0.000298 0.231193
4 0 0.382380 0.101454 0.036564 0.000311 0.479291
0 0 0.457405 0.097819 0.026941 0.000115 0.417721
0 0 0.556597 0.117372 0.029652 0.000159 0.296220
0 0 0.435968 0.098351 0.030963 0.000195 0.434523
4 0 0.376741 0.091945 0.035494 0.000350 0.495470
4 0 0.292184 0.064752 0.030293 0.000349 0.612422
4 0 0.224792 0.062177 0.039037 0.000939 0.673054
4 0 0.215974 0.068059 0.055492 0.003352 0.657124
4 0 0.414827 0.100399 0.061216 0.003637 0.419921
0 0 0.527319 0.086752 0.044315 0.001920 0.339694
0 0 0.654685 0.106870 0.037127 0.000902 0.200415
0 0 0.707582 0.137240 0.038995 0.000955 0.115229
0 0 0.663213 0.215600 0.044232 0.000626 0.076329
0 0 0.804602 0.119116 0.022474 0.000296 0.053512
0 0 0.715304 0.159241 0.042795 0.001304 0.081356
0 0 0.717432 0.114340 0.033461 0.000730 0.134037
0 0 0.661269 0.075086 0.021480 0.000196 0.241969
0 0 0.581939 0.060949 0.022168 0.000283 0.334661
0 0 0.506631 0.044403 0.021252 0.000438 0.427276
4 0 0.261566 0.039313 0.024416 0.000510 0.674196
4 0 0.135408 0.025093 0.017064 0.000229 0.822206
4 0 0.045762 0.265793 0.216859 0.013694 0.457892
4 0 0.090447 0.235263 0.167499 0.008579 0.498213
4 1 0.120962 0.230936 0.169489 0.011981 0.466632
4 1 0.196985 0.198941 0.116776 0.004648 0.482649
4 1 0.231419 0.197548 0.100432 0.002769 0.467832
0 0 0.497568 0.122772 0.057682 0.002233 0.319746
0 0 0.592347 0.113629 0.057694 0.003091 0.233239
0 1 0.537495 0.120410 0.059677 0.003272 0.279146
0 0 0.543411 0.124445 0.068471 0.004563 0.259110
0 0 0.562475 0.084730 0.060917 0.004261 0.287616
0 0 0.620717 0.083783 0.075284 0.007256 0.212960
0 0 0.565226 0.073591 0.056254 0.003807 0.301122
0 0 0.590288 0.086203 0.068342 0.005593 0.249574
0 0 0.693495 0.074423 0.049227 0.002676 0.180179
0 0 0.691223 0.080827 0.043847 0.001902 0.182201
0 0 0.717807 0.090677 0.044056 0.001822 0.145639
0 0 0.599334 0.127632 0.067975 0.004381 0.200678
0 0 0.557677 0.116102 0.052712 0.002223 0.271286
0 0 0.469580 0.119746 0.058337 0.002238 0.350099
4 0 0.315924 0.175216 0.111553 0.008937 0.388369
2 0 0.093217 0.298453 0.341064 0.013564 0.253702
0 0 0.278294 0.257612 0.203382 0.019792 0.240919
0 1 0.429535 0.198383 0.118841 0.015098 0.238143
4 1 0.362711 0.163212 0.099784 0.007742 0.366551
0 0 0.380858 0.163072 0.152616 0.033402 0.270052
0 0 0.398259 0.155269 0.114741 0.015934 0.315797
4 1 0.217809 0.163552 0.097922 0.003804 0.516914
4 1 0.075813 0.245880 0.152249 0.004291 0.521767
4 1 0.037967 0.283679 0.192884 0.005818 0.479652
4 1 0.023721 0.311604 0.221994 0.006868 0.435813
4 1 0.015687 0.326057 0.213862 0.004000 0.440394
4 0 0.013801 0.296341 0.194586 0.002931 0.492341
4 1 0.013456 0.279002 0.185049 0.002630 0.519864
4 1 0.013328 0.264310 0.173337 0.002195 0.546830
4 1 0.017354 0.235431 0.149593 0.001732 0.595889
4 4 0.017769 0.243500 0.156576 0.001990 0.580164
4 4 0.020345 0.201526 0.138716 0.002020 0.637392
4 4 0.025200 0.138406 0.092916 0.001035 0.742443
4 4 0.029050 0.101520 0.066813 0.000615 0.802002
4 4 0.026273 0.128339 0.096403 0.001547 0.747438
4 4 0.042991 0.143057 0.127649 0.005536 0.680766
4 4 0.057566 0.135146 0.126780 0.007580 0.672928
4 4 0.119143 0.129240 0.101562 0.005145 0.644910
4 4 0.111012 0.131116 0.106253 0.005765 0.645855
4 1 0.119457 0.168023 0.181898 0.034456 0.496165
4 1 0.102340 0.232608 0.259507 0.067353 0.338193
4 1 0.075481 0.305116 0.265207 0.042305 0.311890
1 1 0.054704 0.366018 0.287280 0.035322 0.256677
1 1 0.045118 0.370020 0.294202 0.029688 0.260972
2 1 0.036629 0.332644 0.348333 0.039382 0.243013
2 1 0.027938 0.342425 0.347649 0.027021 0.254967
1 2 0.028263 0.377772 0.306679 0.016888 0.270399
1 2 0.029901 0.392791 0.274914 0.014925 0.287469
1 2 0.031705 0.389942 0.277965 0.016464 0.283924
1 2 0.033005 0.390085 0.277046 0.017089 0.282776
1 2 0.032237 0.390885 0.276375 0.016516 0.283988
1 2 0.030716 0.392471 0.274969 0.015401 0.286444
1 2 0.027874 0.395447 0.272035 0.013386 0.291258
1 2 0.019052 0.382203 0.339005 0.009292 0.250448
2 2 0.017454 0.369755 0.376518 0.008972 0.227301
2 2 0.015658 0.255098 0.587768 0.018415 0.123062
2 2 0.014528 0.216960 0.658843 0.019353 0.090316
2 2 0.090416 0.313161 0.434392 0.021818 0.140213
0 3 0.332544 0.223706 0.329682 0.039159 0.074910
0 3 0.610051 0.117178 0.149532 0.038078 0.085161
0 3 0.753097 0.062882 0.094155 0.016951 0.072915
0 0 0.788016 0.046279 0.071988 0.010207 0.083511
0 0 0.816988 0.041742 0.033168 0.001513 0.106589
0 0 0.619342 0.112580 0.064611 0.004135 0.199333
0 1 0.395374 0.153534 0.068995 0.001870 0.380226
4 1 0.161771 0.134234 0.090503 0.003482 0.610009
4 1 0.093766 0.161812 0.092181 0.001499 0.650743
4 1 0.111566 0.221076 0.116402 0.002149 0.548807
4 1 0.168073 0.304391 0.123167 0.001817 0.402553
4 1 0.264160 0.270589 0.115342 0.002881 0.347029
4 1 0.250833 0.312482 0.115955 0.002031 0.318698
4 1 0.384077 0.167012 0.062805 0.000939 0.385168
0 1 0.570075 0.107813 0.045966 0.001521 0.274626
0 0 0.638368 0.123621 0.072679 0.005325 0.160007
0 1 0.679936 0.120843 0.056713 0.002908 0.139600
1 1 0.032978 0.379643 0.311728 0.018524 0.257127
2 1 0.026182 0.344899 0.416657 0.017093 0.195170
2 1 0.019945 0.288560 0.542893 0.015782 0.132820
2 2 0.017194 0.276044 0.571378 0.013800 0.121583
2 2 0.019761 0.297874 0.523139 0.015447 0.143779
2 2 0.019549 0.254065 0.583539 0.023283 0.119564
2 2 0.025962 0.261155 0.576506 0.025044 0.111332
2 2 0.096455 0.330081 0.461684 0.012722 0.099057
2 2 0.226223 0.310297 0.350023 0.012239 0.101218
1 2 0.294030 0.313888 0.211525 0.008328 0.172230
1 2 0.290459 0.295770 0.148167 0.008808 0.256796
1 2 0.194142 0.359153 0.181417 0.009072 0.256215
1 2 0.108825 0.361263 0.204780 0.010064 0.315068
1 2 0.036476 0.384098 0.278545 0.019469 0.281411
2 3 0.022937 0.327550 0.424611 0.020549 0.204353
2 3 0.011933 0.179234 0.693826 0.031001 0.084006
2 3 0.006747 0.080622 0.819962 0.060607 0.032062
2 3 0.006759 0.064143 0.808000 0.095271 0.025827
2 3 0.011292 0.098192 0.735949 0.107494 0.047073
2 3 0.016394 0.100242 0.644214 0.184664 0.054487
2 3 0.019273 0.078635 0.593315 0.269157 0.039620
2 3 0.024231 0.081647 0.537602 0.313978 0.042543
2 3 0.030403 0.105663 0.505842 0.297136 0.060956
2 3 0.031448 0.082581 0.434298 0.403489 0.048183
2 3 0.038898 0.104536 0.439169 0.355632 0.061764
3 3 0.028304 0.060926 0.412372 0.466049 0.032348
3 3 0.025447 0.051535 0.396149 0.500058 0.026810
3 3 0.020189 0.035105 0.339862 0.586815 0.018029
3 3 0.022368 0.032108 0.261300 0.665983 0.018241
3 3 0.023447 0.036234 0.270435 0.648499 0.021385
3 3 0.023493 0.031420 0.220578 0.704907 0.019603
3 3 0.018930 0.026479 0.248286 0.691463 0.014842
3 3 0.025967 0.043967 0.326564 0.579417 0.024085
3 3 0.022947 0.032853 0.263824 0.661802 0.018575
3 3 0.017323 0.020879 0.203894 0.745954 0.011949
3 3 0.025651 0.032437 0.221171 0.701057 0.019684
3 3 0.030459 0.038216 0.206368 0.699735 0.025223
3 3 0.031216 0.035741 0.188884 0.720484 0.023675
3 3 0.019611 0.019040 0.148961 0.800378 0.012009
3 3 0.025502 0.027286 0.178805 0.751259 0.017148
3 3 0.027159 0.028592 0.174369 0.751548 0.018332
3 3 0.019804 0.018210 0.148021 0.802891 0.011073
3 3 0.014891 0.012509 0.117940 0.846826 0.007834
3 3 0.016663 0.013838 0.114501 0.845986 0.009012
3 3 0.014635 0.012095 0.110797 0.854678 0.007794
3 3 0.018874 0.016251 0.125926 0.828490 0.010459
3 3 0.089240 0.077509 0.261379 0.529134 0.042738
3 3 0.142341 0.088230 0.257679 0.464278 0.047472
0 3 0.387286 0.141123 0.237768 0.132493 0.101330
0 3 0.450453 0.109899 0.214912 0.109100 0.115636
0 3 0.618331 0.082690 0.155782 0.052235 0.090962
0 3 0.600514 0.081778 0.178896 0.083081 0.055732
0 3 0.558478 0.108237 0.181305 0.068246 0.083734
0 3 0.510962 0.149102 0.180555 0.054750 0.104631
0 3 0.389094 0.216265 0.198718 0.059926 0.135997
2 3 0.161578 0.253064 0.290921 0.150704 0.143733
2 3 0.064720 0.245757 0.372136 0.147717 0.169670
2 3 0.032449 0.224311 0.473104 0.110576 0.159560
2 2 0.014123 0.101858 0.663905 0.155238 0.064877
2 3 0.010509 0.076200 0.693203 0.175356 0.044732
2 3 0.023489 0.182106 0.513724 0.050670 0.230011
2 3 0.018348 0.219395 0.469231 0.022896 0.270131
2 3 0.015242 0.231624 0.527910 0.020094 0.205130
2 3 0.014866 0.234102 0.564141 0.020147 0.166743
2 3 0.018491 0.293643 0.473594 0.010312 0.203960
2 3 0.020078 0.290439 0.448624 0.008757 0.232101
4 2 0.034074 0.256030 0.278339 0.008156 0.423401
4 2 0.031716 0.196022 0.216756 0.006887 0.548619
4 2 0.035003 0.253667 0.229704 0.009931 0.471695
4 2 0.026187 0.301632 0.220344 0.007595 0.444243
4 2 0.021968 0.305922 0.228804 0.006851 0.436455
4 2 0.021614 0.337066 0.266252 0.009550 0.365518
2 2 0.016632 0.320369 0.340389 0.014346 0.308264
2 2 0.016197 0.297965 0.391221 0.016409 0.278207
1 2 0.022663 0.364020 0.247317 0.008212 0.357788
4 2 0.020943 0.340881 0.232403 0.006532 0.399241
4 2 0.024631 0.332220 0.234416 0.007991 0.400742
4 2 0.021730 0.340042 0.284425 0.011436 0.342368
4 2 0.029732 0.321382 0.236162 0.010077 0.402647
1 2 0.075786 0.359027 0.211470 0.008813 0.344904
0 2 0.743567 0.064810 0.103493 0.021509 0.066621
0 2 0.626480 0.099708 0.154253 0.046584 0.072975
0 0 0.502618 0.129129 0.169812 0.048748 0.149693
2 0 0.203743 0.120812 0.264999 0.257609 0.152838
3 0 0.115243 0.086137 0.250952 0.395700 0.151968
3 0 0.106987 0.090596 0.253173 0.425040 0.124203
3 1 0.112517 0.089882 0.254439 0.422548 0.120614
3 1 0.164346 0.086868 0.261973 0.386486 0.100328
0 1 0.285588 0.115648 0.260151 0.218523 0.120090
0 1 0.453071 0.129146 0.192041 0.069524 0.156218
0 1 0.460997 0.127645 0.162661 0.043625 0.205072
0 1 0.295754 0.156896 0.229234 0.114633 0.203482
4 1 0.193937 0.187272 0.237785 0.133194 0.247811
4 1 0.149809 0.175358 0.232269 0.104191 0.338372
4 1 0.226548 0.159920 0.196251 0.081528 0.335753
4 1 0.200678 0.164678 0.123793 0.010243 0.500607
4 1 0.151587 0.177952 0.108044 0.003442 0.558976
4 1 0.138281 0.194639 0.104261 0.002138 0.560680
4 0 0.100915 0.179837 0.120537 0.004033 0.594678
4 1 0.059874 0.141957 0.121452 0.005566 0.671151
4 1 0.143721 0.185813 0.108411 0.002983 0.559073
4 1 0.145562 0.094043 0.049149 0.000561 0.710685
4 1 0.220289 0.098024 0.037781 0.000218 0.643688
4 1 0.297521 0.169735 0.066078 0.000804 0.465863
4 1 0.084933 0.106570 0.052670 0.000365 0.755463
4 1 0.068587 0.239926 0.151187 0.004119 0.536182
4 1 0.071176 0.204030 0.135985 0.003927 0.584881
4 1 0.092182 0.232192 0.169431 0.005790 0.500405
4 1 0.194637 0.231309 0.130323 0.005244 0.438486
4 1 0.193109 0.180644 0.095818 0.002358 0.528071
4 0 0.156096 0.158594 0.094070 0.002553 0.588687
4 1 0.161084 0.160642 0.091582 0.002241 0.584451
4 1 0.066694 0.206726 0.134324 0.003429 0.588828
4 1 0.027266 0.218254 0.173411 0.005518 0.575551
4 1 0.019516 0.259489 0.186809 0.004109 0.530077
4 1 0.020906 0.217682 0.165237 0.003770 0.592406
4 0 0.032502 0.199265 0.150673 0.004052 0.613508
4 0 0.068342 0.203320 0.143826 0.005002 0.579510
4 0 0.178464 0.161812 0.100515 0.003668 0.555541
0 0 0.461277 0.115042 0.062826 0.003381 0.357475
0 0 0.550926 0.063802 0.054286 0.003835 0.327151
0 0 0.462975 0.084036 0.111221 0.020692 0.321076
0 0 0.485914 0.068598 0.075363 0.008641 0.361484
0 0 0.488415 0.081998 0.086901 0.011031 0.331655
0 0 0.547029 0.087718 0.065211 0.004978 0.295064
0 0 0.546786 0.099611 0.079501 0.007596 0.266506
0 0 0.490449 0.091412 0.090137 0.011291 0.316712
4 0 0.339371 0.101715 0.115714 0.022759 0.420441
4 0 0.316665 0.117495 0.080371 0.005667 0.479802
4 0 0.392238 0.114785 0.069160 0.004044 0.419773
0 0 0.414344 0.138400 0.088641 0.008471 0.350144
4 0 0.297327 0.188242 0.113733 0.007510 0.393188
4 0 0.212737 0.166880 0.109037 0.005784 0.505562
4 1 0.156714 0.170806 0.112357 0.004730 0.555395
4 1 0.065389 0.227671 0.170101 0.007949 0.528889
4 1 0.048307 0.229949 0.151383 0.003642 0.566719
4 1 0.034904 0.229948 0.128402 0.001388 0.605357
4 1 0.021897 0.249728 0.185084 0.004643 0.538648
4 1 0.015381 0.365198 0.231975 0.004627 0.382819
1 1 0.013657 0.376080 0.234675 0.004187 0.371400
2 1 0.012244 0.322010 0.358685 0.009911 0.297150
2 1 0.011773 0.318372 0.404183 0.012431 0.253241
2 1 0.010499 0.312534 0.408846 0.009105 0.259016
2 1 0.009228 0.283989 0.483213 0.009869 0.213701
2 2 0.009075 0.265072 0.492101 0.009218 0.224535
2 2 0.009746 0.269151 0.437032 0.007161 0.276910
2 2 0.013130 0.232665 0.535718 0.014052 0.204436
2 2 0.039875 0.264247 0.395319 0.008115 0.292443
2 2 0.191537 0.280659 0.367724 0.013315 0.146766
0 2 0.305935 0.248824 0.181747 0.007740 0.255753
0 0 0.500607 0.166996 0.083507 0.004954 0.243937
0 0 0.579520 0.137956 0.105125 0.012914 0.164485
0 0 0.704013 0.106832 0.055631 0.002994 0.130529
0 0 0.640600 0.121298 0.047152 0.001793 0.189157
0 0 0.695201 0.097948 0.034559 0.000937 0.171355
0 0 0.681468 0.102119 0.067245 0.004920 0.144247
0 0 0.598716 0.129486 0.091046 0.009203 0.171549
0 0 0.519868 0.149733 0.075762 0.005342 0.249295
4 0 0.301713 0.183738 0.114661 0.008467 0.391420
4 0 0.176715 0.285615 0.163367 0.008530 0.365773
0 1 0.457884 0.232988 0.111899 0.008073 0.189156
0 1 0.529990 0.171788 0.093695 0.008524 0.196003
0 1 0.511332 0.176883 0.091836 0.007996 0.211954
0 0 0.424678 0.206143 0.102859 0.006775 0.259545
4 0 0.227564 0.302952 0.149194 0.006446 0.313843
4 1 0.086927 0.281382 0.200806 0.012956 0.417929
4 1 0.047031 0.293674 0.238613 0.017814 0.402869
4 1 0.043397 0.263605 0.217002 0.013528 0.462468
4 1 0.070809 0.263249 0.204690 0.014324 0.446929
4 1 0.147369 0.204022 0.161722 0.015589 0.471297
4 1 0.250636 0.173781 0.123860 0.011240 0.440484
0 1 0.425717 0.167296 0.118810 0.016580 0.271597
0 1 0.509523 0.121833 0.138790 0.028841 0.201012
0 0 0.548934 0.108427 0.153186 0.040480 0.148973
0 0 0.570210 0.116533 0.101533 0.012915 0.198810
0 1 0.503392 0.127020 0.100410 0.012105 0.257074
0 1 0.482826 0.126093 0.162526 0.043627 0.184928
0 0 0.433511 0.159189 0.198893 0.069063 0.139344
0 0 0.565725 0.135509 0.157640 0.039643 0.101483
0 0 0.510945 0.089232 0.215219 0.146466 0.038138
3 0 0.255434 0.028594 0.197158 0.509603 0.009211
0 1 0.328167 0.056808 0.293712 0.305048 0.016266
0 1 0.368063 0.079366 0.362564 0.170782 0.019225
2 1 0.373315 0.109590 0.403676 0.089715 0.023703
2 1 0.287606 0.072513 0.465268 0.159500 0.015113
2 1 0.219540 0.040077 0.440340 0.291684 0.008360
3 2 0.139272 0.019037 0.335216 0.502203 0.004272
3 2 0.116346 0.011933 0.248897 0.619997 0.002827
3 2 0.107270 0.007270 0.115976 0.767201 0.002283
3 2 0.092156 0.005142 0.100324 0.800818 0.001561
3 2 0.129717 0.008611 0.126254 0.732778 0.002640
3 2 0.166696 0.016468 0.198302 0.613783 0.004751
3 2 0.237025 0.024545 0.216389 0.514913 0.007128
3 2 0.251283 0.027240 0.217351 0.496040 0.008085
2 2 0.255639 0.046999 0.350803 0.334452 0.012107
2 2 0.308164 0.060848 0.373163 0.242971 0.014855
2 2 0.345311 0.092820 0.446704 0.096875 0.018290
2 2 0.259238 0.078571 0.560085 0.089033 0.013073
2 2 0.158515 0.051727 0.663645 0.118295 0.007818
2 2 0.111832 0.030586 0.613427 0.239083 0.005073
0 3 0.491265 0.038852 0.295114 0.167668 0.007100
0 3 0.563378 0.041377 0.203561 0.182133 0.009552
0 3 0.579859 0.030631 0.175961 0.206648 0.006901
0 3 0.812486 0.021368 0.103936 0.058757 0.003452
0 3 0.802080 0.052472 0.107458 0.027948 0.010042
0 3 0.741995 0.102698 0.127340 0.009960 0.018007
0 3 0.599550 0.173248 0.178913 0.012445 0.035843
0 0 0.580774 0.185824 0.175975 0.014827 0.042600
0 0 0.345750 0.337032 0.206407 0.010225 0.100586
1 1 0.173867 0.411318 0.204984 0.014262 0.195570
1 1 0.134427 0.394365 0.254019 0.021522 0.195667
1 1 0.128956 0.421675 0.265747 0.009465 0.174157
1 2 0.141460 0.448525 0.245015 0.004422 0.160578
1 2 0.131094 0.411159 0.343046 0.003701 0.111001
2 2 0.116033 0.378912 0.399141 0.005173 0.100741
2 2 0.120739 0.348226 0.443094 0.005551 0.082390
1 2 0.151438 0.394642 0.343131 0.004891 0.105899
1 2 0.154348 0.377032 0.353347 0.007635 0.107638
2 3 0.171474 0.308016 0.418355 0.018230 0.083925
2 3 0.191278 0.240667 0.486282 0.026465 0.055308
0 3 0.673443 0.078026 0.157006 0.071398 0.020126
0 3 0.701798 0.024056 0.132734 0.136617 0.004795
0 3 0.792319 0.012109 0.092745 0.100921 0.001906
0 3 0.831977 0.009625 0.077769 0.079247 0.001381
0 3 0.736610 0.010195 0.100955 0.150615 0.001625
0 3 0.562773 0.012111 0.133293 0.289505 0.002319
0 2 0.442746 0.016026 0.157595 0.379994 0.003639
0 2 0.400465 0.024018 0.181310 0.387958 0.006250
0 1 0.430300 0.038531 0.202624 0.317692 0.010853
3 1 0.362261 0.040324 0.212353 0.372748 0.012313
3 1 0.234449 0.025830 0.190914 0.540424 0.008382
3 1 0.201740 0.018968 0.172027 0.601228 0.006036
3 1 0.366862 0.033031 0.208913 0.381866 0.009327
0 1 0.570174 0.044694 0.183862 0.189833 0.011436
3 1 0.326254 0.035099 0.221652 0.406689 0.010307
3 1 0.176220 0.018983 0.182319 0.616412 0.006066
3 1 0.274253 0.035988 0.237080 0.441720 0.010959
3 1 0.272088 0.031471 0.227304 0.459784 0.009353
3 1 0.228920 0.027815 0.273041 0.462900 0.007324
3 1 0.164800 0.017929 0.228763 0.583608 0.004901
3 1 0.090797 0.005824 0.104622 0.796924 0.001833
3 1 0.079994 0.004899 0.096424 0.817140 0.001542
3 1 0.101302 0.007439 0.115944 0.772920 0.002396
3 1 0.149729 0.011397 0.141430 0.693882 0.003561
3 1 0.198979 0.018012 0.169025 0.608295 0.005689
3 1 0.263255 0.029568 0.199128 0.498555 0.009494
3 1 0.267915 0.028264 0.196662 0.498244 0.008915
3 1 0.236540 0.022961 0.184162 0.549115 0.007222
3 1 0.154780 0.013998 0.175526 0.651546 0.004150
3 1 0.100448 0.007332 0.124808 0.765164 0.002247
3 1 0.101933 0.007574 0.116783 0.771266 0.002445
3 1 0.092467 0.007111 0.112568 0.785518 0.002336
3 1 0.161338 0.013048 0.149231 0.672279 0.004105
3 1 0.261480 0.018400 0.172160 0.542668 0.005292
3 1 0.362187 0.022394 0.216886 0.393299 0.005235
0 1 0.673920 0.054483 0.160924 0.097736 0.012937
0 1 0.700251 0.160487 0.088607 0.009032 0.041623
0 1 0.590033 0.251449 0.079687 0.005052 0.073779
1 1 0.275211 0.427986 0.131211 0.002787 0.162805
1 1 0.062258 0.435642 0.224387 0.007311 0.270402
1 1 0.032897 0.357724 0.260061 0.014161 0.335157
4 1 0.039678 0.330496 0.234654 0.011109 0.384063
4 1 0.049315 0.311649 0.216634 0.004985 0.417417
4 1 0.038590 0.289471 0.237804 0.006871 0.427263
4 1 0.034210 0.308059 0.260804 0.012532 0.384396
1 1 0.030696 0.351109 0.343125 0.025206 0.249865
2 1 0.019127 0.241928 0.521392 0.050973 0.166579
2 2 0.015308 0.166319 0.627023 0.086194 0.105156
2 2 0.013728 0.164826 0.650336 0.071784 0.099327
2 2 0.013179 0.207468 0.619346 0.037965 0.122042
2 2 0.009712 0.153363 0.717060 0.041367 0.078498
2 2 0.008281 0.147134 0.742281 0.032268 0.070036
2 2 0.008522 0.176050 0.711386 0.021389 0.082653
2 2 0.008945 0.166484 0.716730 0.027485 0.080355
2 2 0.010399 0.156842 0.720229 0.037385 0.075145
2 2 0.009935 0.128168 0.758677 0.046645 0.056575
2 2 0.012335 0.126001 0.753537 0.055616 0.052512
2 2 0.016082 0.133935 0.713294 0.076634 0.060056
2 2 0.019882 0.140256 0.674436 0.098497 0.066929
2 2 0.024450 0.176550 0.603934 0.097752 0.097314
2 2 0.039851 0.111212 0.423297 0.355702 0.069937
3 3 0.026160 0.058194 0.369792 0.511018 0.034837
3 3 0.023078 0.052110 0.380472 0.514265 0.030074
3 3 0.029598 0.068198 0.363749 0.495171 0.043284
3 3 0.021940 0.047495 0.334864 0.566014 0.029687
3 3 0.016235 0.030265 0.306147 0.630130 0.017223
3 3 0.021675 0.037561 0.311372 0.608282 0.021111
3 3 0.030543 0.046940 0.275324 0.618612 0.028582
3 3 0.039483 0.057241 0.241028 0.623282 0.038967
3 3 0.030708 0.037516 0.199110 0.707673 0.024993
3 3 0.023401 0.025919 0.178627 0.755610 0.016444
3 3 0.020591 0.021742 0.171302 0.773033 0.013332
3 3 0.017865 0.018579 0.168673 0.783856 0.011028
3 3 0.016168 0.016950 0.165047 0.791774 0.010062
3 3 0.016861 0.015983 0.132573 0.824163 0.010421
3 3 0.014186 0.012163 0.116483 0.849443 0.007725
3 3 0.018458 0.015729 0.114385 0.840708 0.010721
3 3 0.022194 0.021280 0.137336 0.804666 0.014525
3 3 0.023178 0.022365 0.140421 0.798798 0.015238
3 3 0.025194 0.022701 0.135855 0.800958 0.015293
3 3 0.025944 0.026627 0.154952 0.774343 0.018133
3 3 0.023583 0.024136 0.149279 0.786480 0.016522
3 3 0.028290 0.030772 0.168467 0.751504 0.020967
3 3 0.027887 0.027852 0.155108 0.770313 0.018840
3 3 0.024442 0.021663 0.132259 0.807042 0.014595
3 3 0.019476 0.019272 0.144263 0.804365 0.012624
3 3 0.024715 0.026879 0.160569 0.769379 0.018458
3 3 0.023760 0.025063 0.153920 0.780058 0.017199
3 3 0.019851 0.019218 0.132863 0.814856 0.013212
3 3 0.013073 0.010275 0.092097 0.877479 0.007077
3 3 0.015762 0.012632 0.101245 0.861729 0.008631
3 3 0.016486 0.013132 0.102472 0.858965 0.008946
3 3 0.019052 0.015693 0.112089 0.842523 0.010642
3 3 0.021807 0.020238 0.132307 0.811865 0.013784
3 3 0.018883 0.015563 0.111763 0.843231 0.010560
3 3 0.024553 0.021479 0.130863 0.808656 0.014449
3 3 0.021617 0.018343 0.121126 0.826524 0.012390
3 3 0.018894 0.015532 0.111512 0.843526 0.010536
3 3 0.017139 0.013776 0.104981 0.854731 0.009373
3 3 0.015524 0.012197 0.098700 0.865255 0.008324
3 3 0.020934 0.017776 0.121386 0.827996 0.011907
3 3 0.025139 0.022118 0.132738 0.805137 0.014867
3 3 0.020704 0.017389 0.117967 0.832178 0.011762
3 3 0.018086 0.014718 0.108541 0.848657 0.009997
3 3 0.019768 0.016424 0.114666 0.838017 0.011125
3 3 0.022358 0.019125 0.123641 0.821972 0.012904
3 3 0.022420 0.019191 0.123850 0.821592 0.012947
3 3 0.023256 0.020081 0.126635 0.816496 0.013532
3 3 0.022302 0.019066 0.123453 0.822314 0.012865
3 3 0.020873 0.017566 0.118560 0.831123 0.011878
3 3 0.031875 0.029741 0.152835 0.765714 0.019834
3 3 0.081870 0.078746 0.259441 0.535058 0.044885
3 3 0.114786 0.098172 0.315923 0.423083 0.048036
2 3 0.227757 0.138989 0.335121 0.238896 0.059236
0 3 0.522066 0.125177 0.188032 0.068405 0.096321
0 3 0.705908 0.091333 0.113976 0.022293 0.066489
0 3 0.742966 0.105531 0.087954 0.010856 0.052693
0 3 0.701684 0.124609 0.041396 0.001304 0.131007
0 3 0.482727 0.219775 0.073984 0.001660 0.221855
4 3 0.297856 0.263695 0.106899 0.002513 0.329037
4 2 0.037982 0.291507 0.228865 0.012653 0.428993
4 2 0.051733 0.230544 0.208406 0.012357 0.496961
4 2 0.189081 0.239422 0.229160 0.011427 0.330911
4 2 0.282085 0.205606 0.179866 0.008139 0.324304
0 2 0.383206 0.231196 0.105150 0.004725 0.275723
1 2 0.260547 0.308135 0.170230 0.007131 0.253957
4 2 0.121315 0.328075 0.163645 0.004415 0.382550
4 2 0.086232 0.336210 0.184571 0.005669 0.387319
4 2 0.032187 0.329542 0.243883 0.011838 0.382550
4 2 0.032924 0.314523 0.236459 0.011382 0.404712
4 2 0.029411 0.327422 0.239022 0.010206 0.393939
4 2 0.024738 0.315734 0.225824 0.007448 0.426257
4 2 0.027455 0.277063 0.208328 0.007280 0.479874
4 2 0.023214 0.269137 0.197957 0.005502 0.504189
4 2 0.019112 0.205664 0.155703 0.003146 0.616376
4 2 0.018401 0.201589 0.152303 0.002928 0.624779
4 2 0.019401 0.222155 0.165751 0.003464 0.589229
4 2 0.022323 0.217903 0.167268 0.004141 0.588365
4 2 0.021981 0.193863 0.152442 0.003628 0.628086
4 2 0.042917 0.156103 0.144855 0.007789 0.648336
4 2 0.118133 0.159868 0.122320 0.006678 0.593001
4 2 0.075399 0.112087 0.080287 0.001921 0.730306
4 2 0.044123 0.143438 0.123140 0.004736 0.684563
4 1 0.030268 0.154495 0.135220 0.004692 0.675325
4 1 0.035917 0.218435 0.182014 0.008226 0.555408
4 1 0.038800 0.258092 0.262941 0.019347 0.420821
4 1 0.024502 0.258536 0.216661 0.007324 0.492976
4 1 0.021685 0.200945 0.287057 0.014712 0.475601
4 1 0.026154 0.164097 0.231974 0.012452 0.565323
4 1 0.027184 0.147649 0.147899 0.005251 0.672017
4 1 0.025521 0.105022 0.097160 0.002773 0.769525
4 1 0.041210 0.087505 0.055302 0.000500 0.815483
4 1 0.044446 0.109252 0.062118 0.000468 0.783717
4 1 0.045985 0.162454 0.096324 0.001129 0.694107
4 1 0.019794 0.216463 0.162960 0.003470 0.597313
4 1 0.019992 0.313479 0.216518 0.005387 0.444625
4 1 0.014810 0.366704 0.231171 0.004406 0.382910
4 2 0.016838 0.340600 0.223698 0.004729 0.414135
4 2 0.018093 0.287346 0.199252 0.004158 0.491151
4 2 0.019888 0.296796 0.207576 0.004967 0.470773
1 2 0.018808 0.395552 0.254623 0.007239 0.323779
1 2 0.018813 0.401657 0.257484 0.007473 0.314574
1 2 0.019486 0.380603 0.249053 0.007087 0.343772
1 2 0.019599 0.368161 0.243279 0.006728 0.362233
4 2 0.026423 0.310434 0.225510 0.008015 0.429618
4 2 0.038554 0.293779 0.221805 0.010722 0.435139
4 2 0.065252 0.223480 0.137238 0.003043 0.570988
4 2 0.098422 0.184661 0.095770 0.001291 0.619857
4 2 0.057200 0.186035 0.127851 0.003264 0.625650
4 2 0.043009 0.228754 0.186607 0.009227 0.532403
4 2 0.023361 0.247171 0.185711 0.005037 0.538719
4 2 0.042365 0.196729 0.154225 0.005518 0.601162
4 2 0.126946 0.234926 0.127277 0.003077 0.507773
4 1 0.168817 0.244296 0.120779 0.002797 0.463311
4 1 0.134741 0.198114 0.094732 0.001291 0.571123
4 1 0.152374 0.253001 0.109170 0.001466 0.483989
1 1 0.151590 0.313797 0.227750 0.011006 0.295857
4 1 0.077850 0.246400 0.230012 0.005778 0.439961
4 1 0.062288 0.149560 0.111301 0.001690 0.675161
4 0 0.131876 0.091101 0.052741 0.000648 0.723634
0 0 0.617050 0.147082 0.093323 0.009274 0.133270
0 0 0.387568 0.323693 0.115604 0.004286 0.168848
1 0 0.103629 0.359015 0.203556 0.009444 0.324356
1 0 0.025441 0.363825 0.262712 0.010912 0.337110
1 1 0.018852 0.353051 0.292541 0.010553 0.325004
1 1 0.017347 0.375238 0.241615 0.005797 0.360003
4 1 0.038144 0.343079 0.258540 0.016568 0.343669
1 1 0.252516 0.296486 0.176043 0.018288 0.256667
0 1 0.583831 0.177194 0.090569 0.007757 0.140650
0 1 0.662750 0.126161 0.070906 0.005002 0.135181
0 1 0.750936 0.060043 0.044447 0.002410 0.142164
0 0 0.771480 0.044977 0.025787 0.000740 0.157017
0 0 0.618781 0.035347 0.019219 0.000414 0.326239
4 0 0.313589 0.028684 0.020813 0.000756 0.636159
4 0 0.113870 0.022528 0.024887 0.001462 0.837254
4 0 0.055150 0.036144 0.034741 0.000990 0.872975
4 0 0.036756 0.056297 0.047911 0.000880 0.858156
4 1 0.041105 0.150329 0.107009 0.002098 0.699459
4 1 0.029867 0.318281 0.234639 0.009996 0.407217
1 1 0.024343 0.399172 0.267736 0.011013 0.297735
4 1 0.401208 0.041978 0.021200 0.000360 0.535254
0 0 0.493820 0.040923 0.020948 0.000498 0.443812
4 0 0.277534 0.040697 0.025489 0.000590 0.655691
4 0 0.152470 0.078230 0.048913 0.000961 0.719426
4 0 0.062351 0.097839 0.074976 0.001834 0.763000
4 0 0.033651 0.136731 0.111192 0.002872 0.715554
4 0 0.035677 0.218836 0.182058 0.008161 0.555268
4 1 0.043008 0.236033 0.177494 0.006701 0.536764
4 1 0.078205 0.298351 0.185575 0.004644 0.433225
4 1 0.162804 0.225140 0.104655 0.001712 0.505689
4 1 0.126091 0.145409 0.071054 0.000771 0.656675
4 1 0.176077 0.183297 0.093219 0.001842 0.545566
4 0 0.113797 0.285481 0.139796 0.002707 0.458219
4 1 0.066056 0.305011 0.177000 0.004711 0.447223
1 1 0.035026 0.348093 0.257605 0.014858 0.344418
4 1 0.028650 0.352103 0.251131 0.011080 0.357036
4 1 0.059343 0.291192 0.229376 0.017530 0.402559
4 1 0.154627 0.250502 0.167766 0.009483 0.417623
4 1 0.219257 0.223296 0.109103 0.002816 0.445528
4 1 0.185058 0.253629 0.113606 0.002094 0.445612
4 1 0.028203 0.251338 0.194342 0.006738 0.519379
4 1 0.035204 0.263823 0.176469 0.004328 0.520176
4 1 0.039600 0.306467 0.175216 0.003139 0.475578
4 1 0.027844 0.316096 0.213154 0.006016 0.436891
4 1 0.024856 0.309357 0.222572 0.007284 0.435932
4 1 0.021788 0.322835 0.224665 0.006376 0.424335
4 1 0.021031 0.347242 0.235793 0.006771 0.389164
1 1 0.022721 0.368428 0.249626 0.008426 0.350799
1 1 0.024525 0.375735 0.256554 0.009832 0.333354
1 1 0.023671 0.399886 0.266823 0.010579 0.299041
1 1 0.022906 0.400700 0.265741 0.010091 0.300562
1 2 0.023484 0.400085 0.266562 0.010458 0.299411
1 2 0.021440 0.402266 0.263535 0.009176 0.303583
1 2 0.022296 0.389301 0.282509 0.011571 0.294324
1 2 0.022724 0.356367 0.336793 0.018131 0.265985
1 2 0.023102 0.356113 0.332819 0.018766 0.269199
1 2 0.024316 0.369256 0.310806 0.016744 0.278878
4 2 0.035007 0.332463 0.248999 0.013683 0.369848
4 2 0.043143 0.314554 0.247533 0.017325 0.377445
4 2 0.060414 0.253022 0.173755 0.006367 0.506442
1 2 0.028845 0.367797 0.310872 0.014352 0.278133
2 2 0.018280 0.296913 0.474007 0.022713 0.188088
2 2 0.014972 0.215208 0.604915 0.039491 0.125414
2 2 0.014676 0.273246 0.532524 0.019841 0.159713
2 2 0.014494 0.265913 0.547555 0.020320 0.151719
2 2 0.012969 0.212847 0.632008 0.028858 0.113318
2 2 0.011621 0.203420 0.660188 0.024395 0.100376
2 2 0.012862 0.249180 0.591944 0.017536 0.128478
2 2 0.014350 0.281363 0.525525 0.017100 0.161662
2 2 0.013296 0.231352 0.595201 0.027467 0.132685
2 2 0.011288 0.230974 0.610019 0.020811 0.126907
2 2 0.018200 0.303658 0.459259 0.014759 0.204124
4 2 0.032687 0.310688 0.309990 0.013609 0.333027
4 2 0.097308 0.305269 0.258236 0.012905 0.326282
4 2 0.135487 0.282790 0.196589 0.006995 0.378139
4 2 0.125507 0.295034 0.200959 0.004327 0.374173
1 2 0.090457 0.320023 0.275887 0.006677 0.306955
2 2 0.048397 0.323611 0.340753 0.009277 0.277961
1 2 0.033671 0.319258 0.317591 0.015050 0.314430
2 2 0.024004 0.323426 0.325911 0.009642 0.317017
2 2 0.004481 0.070141 0.858528 0.041073 0.025777
2 2 0.005396 0.082340 0.840099 0.040734 0.031431
2 2 0.004669 0.072564 0.851984 0.043255 0.027528
2 2 0.009435 0.164236 0.721069 0.028427 0.076833
2 2 0.008862 0.133899 0.745629 0.045909 0.065701
2 3 0.012598 0.164474 0.676761 0.055506 0.090661
2 3 0.014344 0.208200 0.603161 0.045541 0.128755
2 3 0.014761 0.194398 0.609097 0.058378 0.123366
2 3 0.014808 0.166488 0.640028 0.077483 0.101194
2 3 0.014021 0.144725 0.685103 0.078524 0.077627
2 3 0.011498 0.117876 0.749999 0.067823 0.052805
2 3 0.017786 0.165426 0.679512 0.059740 0.077536
2 3 0.022251 0.152389 0.665291 0.081159 0.078910
2 3 0.037062 0.168243 0.619990 0.070710 0.103996
2 3 0.039862 0.219582 0.508360 0.027286 0.204910
4 3 0.038561 0.231630 0.354172 0.014268 0.361370
4 3 0.038152 0.244805 0.212497 0.010461 0.494085
4 3 0.031093 0.327151 0.257717 0.011604 0.372435
1 3 0.023459 0.372522 0.324043 0.014424 0.265553
2 3 0.016507 0.240533 0.538536 0.042362 0.162062
2 3 0.017295 0.306515 0.362636 0.015119 0.298435
2 3 0.018019 0.335299 0.339068 0.015463 0.292151
2 3 0.020133 0.328271 0.373303 0.023423 0.254870
2 3 0.023386 0.285577 0.423192 0.045965 0.221880
2 3 0.025473 0.238494 0.488289 0.076444 0.171300
2 3 0.027315 0.225246 0.512189 0.085015 0.150235
2 3 0.024496 0.236316 0.548423 0.053712 0.137052
2 3 0.020894 0.217757 0.595302 0.048763 0.117283
2 3 0.016536 0.166249 0.666480 0.065072 0.085664
2 3 0.011127 0.108759 0.751817 0.078864 0.049434
2 3 0.009682 0.112669 0.768749 0.059157 0.049742
2 3 0.009337 0.137408 0.749183 0.040722 0.063351
2 3 0.010498 0.103809 0.742641 0.092436 0.050616
2 3 0.012079 0.103179 0.716092 0.116395 0.052255
2 3 0.015063 0.151278 0.674019 0.078113 0.081527
2 3 0.014134 0.152251 0.694960 0.062467 0.076187
2 3 0.013148 0.125288 0.720396 0.080666 0.060502
2 3 0.013290 0.102791 0.716618 0.117894 0.049406
2 3 0.012559 0.099495 0.718304 0.121100 0.048543
2 3 0.013256 0.119005 0.695581 0.108494 0.063665
2 3 0.037417 0.273379 0.444681 0.066730 0.177793
2 3 0.040185 0.238177 0.459631 0.104797 0.157211
2 3 0.037452 0.210774 0.511217 0.114236 0.126320
2 3 0.034588 0.221204 0.528706 0.088758 0.126744
2 3 0.034313 0.196680 0.555294 0.106390 0.107322
2 3 0.033609 0.179686 0.567912 0.122510 0.096284
2 3 0.027452 0.163553 0.621917 0.106496 0.080582
2 3 0.027017 0.159433 0.613928 0.117876 0.081746
2 3 0.028230 0.153773 0.600898 0.136494 0.080605
2 3 0.028689 0.143893 0.601710 0.151761 0.073947
2 3 0.029712 0.191701 0.597918 0.084718 0.095951
2 3 0.024986 0.154315 0.647262 0.100763 0.072674
2 3 0.027710 0.150300 0.630068 0.120225 0.071697
2 3 0.034195 0.164503 0.572671 0.142565 0.086066
2 3 0.041845 0.190829 0.513646 0.144656 0.109025
2 3 0.046416 0.240249 0.450045 0.110551 0.152739
