3 0 0.063117 0.051456 0.315966 0.526947 0.042512
3 0 0.009854 0.010776 0.101596 0.868648 0.009125
3 0 0.008811 0.010049 0.101908 0.870736 0.008496
3 0 0.008126 0.008987 0.085798 0.889527 0.007562
3 0 0.013452 0.016865 0.140614 0.816851 0.012218
3 0 0.009998 0.018810 0.246628 0.713434 0.011130
3 0 0.013160 0.031954 0.401602 0.538374 0.014910
2 0 0.016274 0.060068 0.668937 0.236044 0.018678
2 0 0.014953 0.065615 0.724893 0.177207 0.017331
2 0 0.014450 0.082408 0.795685 0.091057 0.016399
2 0 0.006520 0.040080 0.786694 0.157250 0.009456
2 0 0.005459 0.041873 0.849242 0.095208 0.008219
2 0 0.005938 0.058267 0.886897 0.040584 0.008314
2 0 0.006354 0.069280 0.889503 0.026374 0.008489
2 0 0.005640 0.067741 0.900145 0.018697 0.007777
2 0 0.006094 0.069857 0.898075 0.017625 0.008349
2 0 0.011247 0.101406 0.852969 0.021412 0.012966
2 0 0.020808 0.130368 0.794807 0.033377 0.020639
2 0 0.047579 0.168975 0.719045 0.029234 0.035167
2 0 0.080101 0.172795 0.666565 0.030754 0.049784
0 0 0.768247 0.053632 0.057527 0.018044 0.102549
0 0 0.866616 0.026828 0.021865 0.014158 0.070534
0 0 0.909208 0.015950 0.011796 0.008552 0.054495
0 0 0.919035 0.013024 0.009530 0.009180 0.049230
0 0 0.901855 0.017048 0.012349 0.013646 0.055103
0 0 0.879192 0.023023 0.016603 0.018483 0.062698
0 0 0.847313 0.033552 0.024399 0.020369 0.074366
0 0 0.795399 0.053020 0.039041 0.021717 0.090822
0 0 0.779399 0.059145 0.043585 0.023034 0.094837
0 0 0.641474 0.086847 0.087712 0.071159 0.112808
0 0 0.645533 0.076362 0.080218 0.090973 0.106915
0 0 0.565740 0.073466 0.103692 0.150011 0.107090
0 0 0.501814 0.070944 0.111127 0.214514 0.101602
0 0 0.520893 0.075399 0.118152 0.178258 0.107299
0 0 0.440160 0.079005 0.142899 0.232885 0.105050
0 0 0.672489 0.078671 0.080695 0.056967 0.111179
0 0 0.663447 0.095295 0.075578 0.035209 0.130472
0 0 0.540759 0.138012 0.084731 0.022879 0.213619
0 0 0.438488 0.138589 0.088847 0.012928 0.321147
0 0 0.542976 0.120477 0.069940 0.010901 0.255705
0 0 0.650744 0.107670 0.077861 0.049899 0.113825
3 0 0.295638 0.058337 0.093021 0.484007 0.068998
3 0 0.021724 0.008703 0.031219 0.929497 0.008858
3 0 0.210582 0.064422 0.054815 0.621500 0.048682
0 0 0.436781 0.137655 0.092565 0.234600 0.098399
0 0 0.547368 0.149914 0.107351 0.074066 0.121302
0 0 0.306775 0.269029 0.187677 0.052718 0.183801
2 0 0.137293 0.224166 0.336923 0.037580 0.264037
4 0 0.123619 0.166250 0.243246 0.016894 0.449992
2 0 0.236597 0.143400 0.305568 0.072966 0.241469
0 0 0.334653 0.089288 0.229208 0.237651 0.109200
0 0 0.730044 0.055217 0.048003 0.075598 0.091138
0 0 0.720523 0.036907 0.024338 0.152113 0.066119
0 0 0.642119 0.025446 0.016082 0.266119 0.050235
0 0 0.619129 0.023934 0.015011 0.294371 0.047556
0 0 0.769344 0.029262 0.019372 0.120727 0.061295
0 0 0.809626 0.036468 0.025294 0.055853 0.072759
0 0 0.689739 0.072137 0.049842 0.095272 0.093010
0 0 0.570667 0.054593 0.068295 0.218338 0.088108
0 0 0.756300 0.046735 0.039969 0.072013 0.084982
0 0 0.719170 0.070791 0.046048 0.026756 0.137236
0 0 0.737229 0.061362 0.038994 0.026709 0.135706
0 0 0.747292 0.062665 0.043834 0.049596 0.096612
0 0 0.749582 0.066026 0.047465 0.040851 0.096076
0 0 0.744618 0.066086 0.054424 0.034071 0.100802
0 0 0.787737 0.054506 0.043432 0.019987 0.094337
0 0 0.794838 0.046168 0.043795 0.022919 0.092280
0 0 0.776939 0.043068 0.046222 0.043259 0.090513
0 0 0.705794 0.040245 0.053930 0.112210 0.087821
0 0 0.780516 0.037666 0.036848 0.063554 0.081417
0 0 0.766431 0.052519 0.036777 0.059166 0.085106
0 0 0.647142 0.072685 0.049213 0.142114 0.088847
3 0 0.383689 0.089023 0.057315 0.398094 0.071879
0 0 0.408453 0.072479 0.046312 0.405995 0.066762
0 0 0.482464 0.079743 0.051941 0.308454 0.077398
0 0 0.600076 0.090685 0.061622 0.152182 0.095435
0 0 0.546590 0.099974 0.070892 0.186119 0.096425
3 0 0.338427 0.084765 0.091964 0.406273 0.078570
0 0 0.427763 0.072147 0.059597 0.365778 0.074715
3 0 0.354461 0.059617 0.040726 0.487930 0.057267
2 0 0.157510 0.292702 0.348985 0.124428 0.076374
2 1 0.117818 0.324061 0.415640 0.057794 0.084687
2 1 0.037355 0.215389 0.631264 0.052312 0.063679
2 1 0.014992 0.153802 0.738001 0.041939 0.051266
2 2 0.004291 0.056913 0.864348 0.058429 0.016020
2 2 0.003166 0.056118 0.874690 0.048961 0.017065
2 2 0.000793 0.025696 0.929782 0.035384 0.008346
2 2 0.000239 0.011957 0.960723 0.024026 0.003055
2 2 0.000282 0.015348 0.968158 0.013187 0.003025
2 2 0.000143 0.010621 0.979236 0.008152 0.001849
2 2 0.000118 0.006381 0.978846 0.013727 0.000928
2 2 0.000087 0.004195 0.969886 0.025039 0.000793
2 2 0.000106 0.004038 0.948214 0.046751 0.000891
2 2 0.000111 0.003244 0.909804 0.086060 0.000782
2 2 0.000146 0.002928 0.857308 0.138959 0.000659
2 2 0.000258 0.004060 0.818360 0.176423 0.000899
2 3 0.000216 0.003223 0.776944 0.218820 0.000797
2 3 0.000077 0.001232 0.661670 0.336645 0.000376
2 3 0.000065 0.000910 0.575915 0.422774 0.000336
3 3 0.000068 0.000664 0.382875 0.616066 0.000327
3 3 0.000066 0.000622 0.335555 0.663454 0.000303
3 3 0.000033 0.000343 0.277577 0.721867 0.000178
3 3 0.000028 0.000270 0.228252 0.771297 0.000152
3 3 0.000026 0.000181 0.139751 0.859913 0.000130
3 3 0.000040 0.000285 0.182083 0.817403 0.000189
3 3 0.000023 0.000165 0.140799 0.858891 0.000122
3 3 0.000044 0.000270 0.148014 0.851477 0.000196
3 3 0.000035 0.000218 0.136138 0.863447 0.000162
3 3 0.000028 0.000173 0.113992 0.885672 0.000134
3 3 0.000040 0.000270 0.154324 0.845185 0.000182
3 3 0.000036 0.000240 0.142970 0.856591 0.000163
3 3 0.000031 0.000216 0.142305 0.857298 0.000150
3 3 0.000017 0.000106 0.090583 0.909206 0.000088
3 3 0.000017 0.000101 0.092705 0.907090 0.000088
3 3 0.000021 0.000118 0.092493 0.907264 0.000104
3 3 0.000025 0.000124 0.079964 0.919771 0.000116
3 3 0.000031 0.000137 0.071490 0.928212 0.000131
3 3 0.000025 0.000101 0.052666 0.947101 0.000106
3 3 0.000026 0.000108 0.058659 0.941097 0.000109
3 3 0.000023 0.000088 0.048192 0.951602 0.000096
3 3 0.000026 0.000072 0.026899 0.972912 0.000092
3 3 0.000028 0.000091 0.038750 0.961026 0.000105
3 3 0.000031 0.000100 0.041048 0.958705 0.000117
3 3 0.000022 0.000087 0.049347 0.950447 0.000096
3 3 0.000029 0.000103 0.043765 0.955990 0.000112
3 3 0.000039 0.000142 0.053593 0.946083 0.000143
3 3 0.000064 0.000191 0.046169 0.953380 0.000196
3 3 0.000036 0.000115 0.039631 0.960092 0.000126
3 3 0.000026 0.000097 0.045305 0.954469 0.000103
3 3 0.000027 0.000094 0.041316 0.958461 0.000102
3 3 0.000024 0.000087 0.041735 0.958061 0.000094
3 3 0.000027 0.000103 0.046698 0.953068 0.000105
3 3 0.000035 0.000141 0.058760 0.940931 0.000134
3 3 0.000051 0.000190 0.059923 0.939658 0.000178
3 3 0.000038 0.000130 0.045934 0.953763 0.000134
3 3 0.000036 0.000128 0.048705 0.951000 0.000131
3 3 0.000033 0.000108 0.038230 0.961514 0.000115
3 3 0.000037 0.000127 0.041621 0.958087 0.000128
3 3 0.000035 0.000102 0.030681 0.969068 0.000114
3 3 0.000028 0.000085 0.031497 0.968292 0.000098
3 0 0.001922 0.007353 0.375115 0.611928 0.003681
3 3 0.000729 0.002107 0.141133 0.854577 0.001454
3 3 0.000068 0.000314 0.111069 0.888295 0.000255
3 3 0.000020 0.000141 0.127845 0.871884 0.000109
3 3 0.000014 0.000101 0.109834 0.889968 0.000083
3 3 0.000013 0.000104 0.125877 0.873930 0.000077
3 3 0.000012 0.000079 0.079141 0.920701 0.000067
3 3 0.000021 0.000130 0.096513 0.903234 0.000102
3 3 0.000016 0.000098 0.088026 0.911776 0.000084
3 3 0.000015 0.000078 0.064424 0.935411 0.000073
3 3 0.000033 0.000145 0.065032 0.934658 0.000131
3 3 0.000029 0.000101 0.040192 0.959573 0.000106
3 3 0.000044 0.000148 0.046477 0.953181 0.000149
3 3 0.000046 0.000185 0.064981 0.934624 0.000165
3 3 0.000050 0.000206 0.069578 0.929989 0.000177
3 3 0.000058 0.000285 0.101239 0.898202 0.000216
3 3 0.000025 0.000118 0.069471 0.930278 0.000109
3 3 0.000015 0.000075 0.061234 0.938601 0.000075
3 3 0.000028 0.000122 0.064995 0.934737 0.000118
3 3 0.000026 0.000109 0.056452 0.943305 0.000109
3 3 0.000013 0.000045 0.026151 0.973737 0.000054
3 3 0.000019 0.000055 0.023718 0.976137 0.000071
3 3 0.000017 0.000042 0.016871 0.983008 0.000061
3 3 0.000026 0.000058 0.017563 0.982269 0.000083
3 3 0.000043 0.000087 0.019245 0.980503 0.000122
3 3 0.000027 0.000060 0.017209 0.982619 0.000085
3 3 0.000039 0.000071 0.014863 0.984920 0.000108
3 3 0.000034 0.000071 0.018248 0.981544 0.000103
3 3 0.000046 0.000104 0.024871 0.974841 0.000138
3 3 0.000048 0.000113 0.027430 0.972265 0.000145
3 -1 0.000079 0.000189 0.036305 0.963205 0.000222
3 0 0.000808 0.001521 0.066701 0.929650 0.001320
3 0 0.001136 0.002238 0.086760 0.908071 0.001795
3 0 0.002254 0.005466 0.161571 0.827408 0.003300
3 0 0.002335 0.003324 0.048626 0.943283 0.002433
3 0 0.002127 0.001937 0.014303 0.980044 0.001589
3 1 0.003277 0.002854 0.015277 0.976428 0.002164
3 1 0.039871 0.060379 0.173599 0.702388 0.023763
2 1 0.071653 0.272245 0.546689 0.065379 0.044034
2 1 0.035660 0.208152 0.696054 0.032207 0.027927
2 1 0.045041 0.240369 0.649110 0.019949 0.045531
2 0 0.024930 0.252649 0.660181 0.012724 0.049517
2 1 0.021120 0.355289 0.499949 0.007133 0.116508
2 2 0.013259 0.313726 0.590211 0.004689 0.078114
2 2 0.004720 0.221536 0.713758 0.002719 0.057267
2 2 0.002122 0.097551 0.874137 0.004778 0.021412
2 2 0.001729 0.092526 0.881678 0.004075 0.019991
2 2 0.001287 0.067556 0.912116 0.005120 0.013921
2 2 0.000668 0.029725 0.951559 0.011901 0.006146
2 2 0.000704 0.029567 0.951815 0.012389 0.005525
2 2 0.000389 0.015151 0.965813 0.016456 0.002190
2 2 0.000255 0.008664 0.963849 0.026072 0.001161
2 2 0.000167 0.004874 0.954570 0.039774 0.000616
2 2 0.000188 0.004752 0.950238 0.044123 0.000700
2 2 0.000122 0.003205 0.950132 0.046011 0.000530
2 2 0.000178 0.004301 0.954380 0.040442 0.000699
2 3 0.000223 0.004874 0.940348 0.053740 0.000816
2 3 0.000902 0.011472 0.898368 0.086964 0.002294
2 3 0.024518 0.137980 0.766609 0.047703 0.023190
2 2 0.088658 0.265998 0.516875 0.074513 0.053956
2 2 0.000165 0.004735 0.967918 0.026546 0.000637
2 2 0.000187 0.004895 0.960823 0.033389 0.000706
2 3 0.000140 0.003944 0.952884 0.042469 0.000563
2 2 0.000212 0.005512 0.942392 0.050793 0.001091
2 2 0.000365 0.018827 0.960028 0.014432 0.006348
2 4 0.000458 0.035460 0.940729 0.006252 0.017101
2 4 0.000784 0.059093 0.904282 0.002385 0.033457
2 4 0.001522 0.115145 0.813105 0.001068 0.069159
2 4 0.005768 0.316766 0.474785 0.000394 0.202287
2 4 0.004734 0.293233 0.555404 0.000342 0.146287
2 4 0.005100 0.288423 0.558418 0.000313 0.147745
2 4 0.003787 0.250845 0.639636 0.000359 0.105373
2 4 0.002310 0.176884 0.755303 0.000361 0.065142
2 4 0.002079 0.170411 0.785411 0.000789 0.041311
2 4 0.001901 0.165907 0.796855 0.001067 0.034270
2 4 0.002487 0.184372 0.779457 0.001190 0.032493
2 4 0.003937 0.183792 0.784031 0.001536 0.026705
2 4 0.007286 0.210715 0.753054 0.003150 0.025795
2 4 0.007744 0.231726 0.723985 0.003166 0.033379
2 4 0.005816 0.305277 0.599444 0.001589 0.087875
2 4 0.007200 0.276179 0.434356 0.000973 0.281292
2 4 0.006732 0.248805 0.469674 0.000488 0.274301
2 4 0.005560 0.216436 0.534656 0.000681 0.242668
2 4 0.006689 0.244110 0.423626 0.000491 0.325084
4 4 0.008809 0.266169 0.361504 0.000751 0.362767
1 4 0.010333 0.346191 0.334968 0.000832 0.307676
1 4 0.012271 0.354696 0.340863 0.001193 0.290977
2 4 0.009937 0.365455 0.411825 0.001728 0.211055
2 4 0.009952 0.370879 0.403310 0.001924 0.213934
2 4 0.008262 0.356334 0.490639 0.002340 0.142425
2 4 0.007691 0.335790 0.542543 0.002305 0.111671
2 4 0.017797 0.365175 0.457900 0.004414 0.154715
2 1 0.019837 0.336247 0.531674 0.005277 0.106965
2 4 0.017678 0.325272 0.566007 0.006354 0.084689
2 4 0.016543 0.299764 0.612849 0.006327 0.064518
2 4 0.012782 0.333236 0.551749 0.004239 0.097993
2 4 0.014286 0.381937 0.416069 0.004042 0.183666
2 4 0.006408 0.217002 0.615850 0.002193 0.158546
2 4 0.007082 0.254902 0.575881 0.002044 0.160090
2 4 0.009623 0.336418 0.494521 0.002005 0.157433
2 4 0.002666 0.222593 0.668121 0.001019 0.105601
2 4 0.002603 0.217854 0.693220 0.001485 0.084837
2 4 0.002694 0.197126 0.704307 0.001281 0.094593
2 4 0.001929 0.142984 0.782917 0.001065 0.071104
2 4 0.001155 0.107957 0.828505 0.000756 0.061627
2 4 0.001497 0.110680 0.815264 0.000707 0.071852
2 4 0.001499 0.125347 0.796402 0.000723 0.076030
2 4 0.003453 0.199570 0.689149 0.000996 0.106833
2 4 0.004940 0.218114 0.707736 0.002243 0.066967
2 1 0.006576 0.237843 0.699191 0.003186 0.053204
2 1 0.008392 0.247653 0.700704 0.003317 0.039935
2 1 0.004710 0.144262 0.829046 0.003729 0.018253
2 2 0.003983 0.122507 0.853212 0.004141 0.016158
2 2 0.001450 0.104242 0.868831 0.002159 0.023317
2 2 0.000731 0.065164 0.906932 0.001427 0.025746
2 2 0.001068 0.081222 0.879304 0.001182 0.037224
2 1 0.001469 0.102585 0.869469 0.002343 0.024134
2 1 0.007511 0.287824 0.637312 0.002589 0.064764
2 1 0.011003 0.325903 0.566815 0.003632 0.092648
2 1 0.011926 0.286706 0.638008 0.004475 0.058885
2 1 0.000222 0.010763 0.983545 0.004799 0.000671
2 1 0.000135 0.007464 0.987056 0.004875 0.000470
2 2 0.000475 0.015270 0.975441 0.007575 0.001239
2 2 0.002559 0.048445 0.936590 0.008182 0.004224
2 2 0.007788 0.098918 0.872726 0.011210 0.009358
2 2 0.024154 0.199586 0.741523 0.014275 0.020463
2 2 0.021090 0.214277 0.730971 0.010803 0.022858
2 1 0.014974 0.182494 0.771302 0.010094 0.021136
2 1 0.000847 0.039124 0.949375 0.004641 0.006013
2 1 0.001257 0.070338 0.909298 0.003715 0.015392
2 2 0.000972 0.080873 0.889838 0.002885 0.025431
2 2 0.001465 0.119703 0.828902 0.002730 0.047201
2 2 0.001888 0.090813 0.873145 0.006818 0.027336
2 1 0.001926 0.085563 0.883810 0.006425 0.022276
2 1 0.001251 0.065367 0.913688 0.004908 0.014786
2 2 0.000361 0.017801 0.970126 0.008530 0.003183
2 2 0.000354 0.016486 0.969679 0.010520 0.002961
2 2 0.000197 0.006399 0.967283 0.025215 0.000905
2 2 0.000139 0.007250 0.979316 0.012174 0.001121
2 2 0.000074 0.004129 0.982418 0.012723 0.000657
2 2 0.000197 0.005766 0.943116 0.049857 0.001064
2 2 0.000164 0.004271 0.929900 0.065014 0.000650
2 3 0.000174 0.004112 0.926015 0.069035 0.000664
2 2 0.000170 0.003639 0.895818 0.099717 0.000657
2 2 0.000206 0.004027 0.902459 0.092531 0.000777
2 3 0.000215 0.006082 0.938066 0.054070 0.001567
2 2 0.000115 0.003348 0.936505 0.059236 0.000797
2 2 0.000248 0.006625 0.946985 0.044842 0.001300
2 2 0.000248 0.007350 0.953378 0.037699 0.001326
2 2 0.000189 0.005537 0.941679 0.051603 0.000993
2 2 0.000086 0.002196 0.890420 0.106897 0.000401
2 3 0.000063 0.001718 0.876422 0.121476 0.000320
2 2 0.000066 0.001694 0.864969 0.132936 0.000334
2 2 0.000100 0.002256 0.867184 0.130009 0.000452
2 2 0.000058 0.001225 0.759336 0.239079 0.000303
2 2 0.000076 0.001617 0.805378 0.192560 0.000370
2 2 0.000112 0.002096 0.789450 0.207851 0.000491
2 2 0.000118 0.001976 0.752933 0.244456 0.000517
2 2 0.000184 0.002156 0.625933 0.371021 0.000707
3 3 0.000058 0.000610 0.379579 0.619467 0.000286
2 2 0.000699 0.008061 0.781989 0.207428 0.001823
2 2 0.000395 0.004396 0.685373 0.308626 0.001209
2 2 0.000357 0.003711 0.611872 0.382961 0.001099
2 2 0.000231 0.002675 0.621683 0.374600 0.000812
2 2 0.000255 0.003165 0.692481 0.303211 0.000889
2 2 0.000128 0.001681 0.628486 0.369163 0.000543
2 2 0.000060 0.000854 0.557787 0.440992 0.000308
3 2 0.000043 0.000554 0.440621 0.558547 0.000234
3 2 0.000056 0.000708 0.467304 0.531646 0.000287
3 3 0.000084 0.000975 0.478540 0.520017 0.000384
3 3 0.000062 0.000753 0.456797 0.542083 0.000306
2 2 0.000074 0.000999 0.531800 0.466778 0.000349
2 3 0.000058 0.000830 0.526000 0.472822 0.000292
2 3 0.000045 0.000685 0.518118 0.480911 0.000242
3 3 0.000043 0.000559 0.423039 0.576126 0.000232
3 3 0.000038 0.000475 0.413431 0.585844 0.000212
3 3 0.000027 0.000385 0.433761 0.565660 0.000167
3 3 0.000027 0.000392 0.434249 0.565165 0.000167
3 3 0.000026 0.000383 0.419517 0.579913 0.000160
3 3 0.000035 0.000515 0.467230 0.532021 0.000199
3 3 0.000025 0.000245 0.231774 0.767818 0.000138
3 3 0.000029 0.000283 0.230365 0.769167 0.000156
3 3 0.000026 0.000297 0.274900 0.724629 0.000148
3 3 0.000030 0.000298 0.246149 0.753365 0.000158
3 3 0.000057 0.000571 0.318283 0.680823 0.000265
3 3 0.000087 0.000707 0.287511 0.711335 0.000359
3 3 0.000058 0.000418 0.191592 0.807687 0.000244
3 3 0.000075 0.000416 0.140331 0.858902 0.000277
3 3 0.000037 0.000176 0.078620 0.921020 0.000147
3 3 0.000018 0.000097 0.069863 0.929936 0.000086
3 3 0.000021 0.000110 0.072730 0.927043 0.000096
3 3 0.000017 0.000080 0.051885 0.947940 0.000077
3 3 0.000040 0.000163 0.064391 0.935256 0.000151
3 3 0.000033 0.000147 0.070297 0.929389 0.000133
3 3 0.000027 0.000120 0.064960 0.934776 0.000117
3 3 0.000067 0.000286 0.096488 0.902915 0.000244
3 3 0.000033 0.000151 0.080024 0.919652 0.000140
3 3 0.000052 0.000246 0.100764 0.898732 0.000205
3 3 0.000025 0.000112 0.060990 0.938766 0.000106
3 3 0.000019 0.000074 0.038918 0.960911 0.000078
3 3 0.000041 0.000159 0.062298 0.937350 0.000153
3 3 0.000028 0.000101 0.045925 0.953837 0.000109
3 3 0.000043 0.000142 0.048955 0.950707 0.000153
3 3 0.000047 0.000162 0.056750 0.942871 0.000170
3 3 0.000064 0.000208 0.061428 0.938083 0.000217
3 3 0.000052 0.000217 0.086988 0.912543 0.000201
3 3 0.000084 0.000407 0.136025 0.863173 0.000310
3 3 0.000055 0.000271 0.110728 0.888732 0.000214
3 3 0.000029 0.000138 0.072324 0.927387 0.000122
3 3 0.000015 0.000073 0.055381 0.944459 0.000072
3 3 0.000010 0.000057 0.060253 0.939624 0.000055
3 3 0.000015 0.000072 0.056174 0.943667 0.000071
3 3 0.000012 0.000045 0.031995 0.967894 0.000054
3 3 0.000008 0.000034 0.034486 0.965431 0.000041
3 3 0.000014 0.000055 0.041187 0.958680 0.000065
3 3 0.000018 0.000064 0.035964 0.963876 0.000078
3 3 0.000032 0.000092 0.031447 0.968316 0.000113
3 3 0.000039 0.000111 0.033180 0.966541 0.000129
3 3 0.000048 0.000159 0.047702 0.951932 0.000160
3 3 0.000052 0.000178 0.050592 0.949008 0.000170
3 3 0.000116 0.000350 0.060081 0.939137 0.000316
3 3 0.000078 0.000225 0.044021 0.955455 0.000221
3 3 0.000043 0.000133 0.039882 0.959801 0.000142
3 3 0.000050 0.000136 0.033310 0.966350 0.000153
3 3 0.000038 0.000101 0.029918 0.969819 0.000124
3 3 0.000025 0.000059 0.020592 0.979239 0.000085
3 3 0.000014 0.000042 0.024471 0.975412 0.000060
3 3 0.000034 0.000109 0.044687 0.955040 0.000131
3 3 0.000026 0.000093 0.048502 0.951269 0.000109
3 3 0.000025 0.000084 0.039887 0.959903 0.000101
3 3 0.000014 0.000040 0.021363 0.978526 0.000057
3 3 0.000024 0.000070 0.029124 0.970693 0.000089
3 3 0.000022 0.000067 0.030082 0.969743 0.000085
3 3 0.000020 0.000067 0.034771 0.965063 0.000080
3 3 0.000024 0.000079 0.034172 0.965631 0.000093
3 3 0.000038 0.000118 0.039659 0.960054 0.000131
3 3 0.000038 0.000124 0.042099 0.957606 0.000133
3 3 0.000049 0.000158 0.048054 0.951575 0.000165
3 3 0.000057 0.000192 0.057803 0.941755 0.000193
3 3 0.000051 0.000156 0.046027 0.953597 0.000168
3 3 0.000010 0.000047 0.041428 0.958464 0.000051
3 3 0.000017 0.000071 0.041741 0.958097 0.000073
3 3 0.000038 0.000126 0.040604 0.959101 0.000132
3 3 0.000050 0.000154 0.042711 0.956923 0.000163
3 3 0.000058 0.000181 0.047410 0.952169 0.000183
3 3 0.000020 0.000055 0.023541 0.976307 0.000076
3 3 0.000021 0.000066 0.030907 0.968923 0.000083
3 3 0.000020 0.000060 0.030735 0.969106 0.000080
3 3 0.000017 0.000060 0.037571 0.962279 0.000073
3 3 0.000019 0.000076 0.045855 0.953966 0.000084
3 3 0.000027 0.000119 0.063180 0.936559 0.000115
3 3 0.000022 0.000113 0.073460 0.926304 0.000101
3 3 0.000015 0.000068 0.051354 0.948489 0.000073
3 3 0.000019 0.000079 0.051864 0.947954 0.000085
3 3 0.000097 0.000296 0.070843 0.928456 0.000307
3 2 0.000300 0.001407 0.269122 0.728233 0.000938
2 3 0.000388 0.003312 0.631972 0.363037 0.001291
2 3 0.000295 0.004423 0.848249 0.146006 0.001027
2 3 0.000316 0.005608 0.881866 0.111187 0.001024
2 2 0.000206 0.004172 0.890914 0.103953 0.000754
2 2 0.000369 0.009268 0.958092 0.031189 0.001081
2 2 0.000403 0.008552 0.938399 0.051466 0.001180
2 3 0.000421 0.008738 0.931394 0.058240 0.001208
2 2 0.000394 0.008434 0.937222 0.052794 0.001156
2 3 0.000324 0.006719 0.935028 0.056890 0.001040
2 2 0.000451 0.008449 0.941729 0.048026 0.001345
2 2 0.000521 0.007290 0.905255 0.085343 0.001591
2 2 0.000636 0.011053 0.942411 0.043626 0.002272
2 2 0.000359 0.011466 0.965432 0.020072 0.002670
2 2 0.000747 0.018747 0.955134 0.021781 0.003592
2 2 0.001440 0.021871 0.929660 0.043275 0.003754
2 2 0.002504 0.038957 0.909714 0.041506 0.007318
2 2 0.001800 0.022855 0.908716 0.063074 0.003555
2 2 0.001523 0.021605 0.915235 0.058173 0.003464
2 2 0.001137 0.019199 0.928601 0.047882 0.003180
2 2 0.000479 0.008975 0.931747 0.057428 0.001371
2 2 0.000149 0.003280 0.901479 0.094487 0.000605
2 2 0.000135 0.003176 0.917643 0.078484 0.000563
2 4 0.000140 0.003275 0.930654 0.065342 0.000589
2 4 0.000112 0.003748 0.954935 0.040397 0.000809
2 4 0.012927 0.338055 0.362626 0.000830 0.285563
2 4 0.011442 0.278523 0.423533 0.001092 0.285410
2 4 0.008293 0.239207 0.480444 0.000960 0.271096
2 4 0.009431 0.277730 0.467160 0.001160 0.244518
2 4 0.007425 0.308737 0.561242 0.001002 0.121594
2 4 0.005493 0.269076 0.661247 0.001389 0.062794
2 4 0.006072 0.243438 0.707979 0.002295 0.040217
2 4 0.008513 0.285548 0.641111 0.003003 0.061825
2 4 0.012239 0.307065 0.591448 0.002983 0.086264
2 4 0.009299 0.293799 0.553037 0.000587 0.143278
2 4 0.012054 0.313021 0.537925 0.001264 0.135736
2 1 0.011525 0.319095 0.528207 0.001329 0.139845
2 4 0.014164 0.343426 0.404952 0.001188 0.236270
2 4 0.016132 0.349031 0.413063 0.001633 0.220141
2 4 0.016373 0.363835 0.436465 0.003088 0.180239
2 4 0.016476 0.386050 0.386848 0.004235 0.206391
1 4 0.013439 0.351744 0.291184 0.001206 0.342428
1 4 0.012701 0.354851 0.292925 0.001241 0.338282
2 4 0.012105 0.341495 0.347442 0.000843 0.298115
2 4 0.014887 0.335783 0.341305 0.000854 0.307171
4 4 0.015360 0.198041 0.197918 0.000617 0.588063
4 4 0.012778 0.188281 0.185789 0.000608 0.612544
4 4 0.007909 0.211756 0.285633 0.000604 0.494098
4 4 0.009952 0.241011 0.258756 0.000811 0.489471
4 4 0.010029 0.260972 0.257969 0.000579 0.470451
4 4 0.017801 0.295698 0.218882 0.000511 0.467108
4 4 0.026548 0.285282 0.279232 0.000399 0.408538
4 4 0.044288 0.294218 0.297011 0.000781 0.363702
4 4 0.049945 0.313664 0.297531 0.001496 0.337363
4 4 0.061617 0.285821 0.216158 0.001231 0.435173
4 4 0.050333 0.324428 0.266160 0.002138 0.356941
1 4 0.044769 0.349918 0.265834 0.003614 0.335865
1 4 0.027461 0.372734 0.369502 0.004361 0.225942
2 4 0.021811 0.369901 0.430040 0.004776 0.173472
2 4 0.024227 0.379490 0.423221 0.006996 0.166065
2 4 0.021534 0.341703 0.519217 0.005817 0.111729
2 4 0.021298 0.340397 0.473742 0.002678 0.161886
2 4 0.019807 0.327894 0.479595 0.001711 0.170993
2 4 0.022316 0.324787 0.386947 0.000977 0.264972
4 4 0.029231 0.268828 0.242088 0.000506 0.459347
4 4 0.020149 0.055684 0.069939 0.000863 0.853365
4 4 0.079866 0.067519 0.049871 0.001263 0.801480
4 4 0.109036 0.087977 0.079017 0.006941 0.717027
4 4 0.067686 0.074849 0.048306 0.003814 0.805345
4 4 0.062570 0.089335 0.050013 0.003548 0.794534
4 4 0.048229 0.141306 0.068182 0.002402 0.739881
4 4 0.056739 0.199093 0.063984 0.001262 0.678922
4 4 0.046138 0.187055 0.069168 0.000735 0.696904
4 4 0.046170 0.129585 0.037790 0.000265 0.786190
4 4 0.060744 0.125065 0.038643 0.000254 0.775294
4 4 0.073945 0.122666 0.052938 0.000576 0.749874
4 4 0.050714 0.084902 0.049005 0.000646 0.814734
4 4 0.052789 0.089923 0.046976 0.000571 0.809740
4 4 0.047540 0.080827 0.042721 0.000369 0.828543
4 4 0.029621 0.094187 0.064703 0.000506 0.810983
4 4 0.038059 0.176508 0.060292 0.000974 0.724168
4 4 0.026289 0.230480 0.120004 0.001097 0.622129
4 4 0.022750 0.281045 0.142674 0.001013 0.552518
4 4 0.030889 0.268174 0.107591 0.001601 0.591746
4 4 0.026922 0.305414 0.173628 0.001345 0.492690
2 4 0.008164 0.344889 0.415067 0.000828 0.231051
2 4 0.008701 0.349293 0.410462 0.000966 0.230579
2 4 0.009342 0.352463 0.401040 0.001069 0.236086
2 4 0.008366 0.351221 0.431243 0.001117 0.208053
2 4 0.010165 0.365667 0.401790 0.001671 0.220707
1 4 0.012856 0.363573 0.349246 0.001581 0.272744
2 4 0.011411 0.368523 0.375011 0.001761 0.243294
2 4 0.011011 0.365189 0.402119 0.001765 0.219916
2 4 0.010060 0.363697 0.387399 0.001462 0.237383
2 4 0.009250 0.370233 0.396139 0.001709 0.222669
1 4 0.011629 0.367573 0.363793 0.001678 0.255326
1 4 0.014411 0.350877 0.329463 0.001221 0.304028
4 4 0.019877 0.338836 0.260812 0.001309 0.379167
4 4 0.016132 0.347848 0.267815 0.001341 0.366864
4 4 0.020096 0.340111 0.220111 0.001657 0.418025
4 4 0.020342 0.348319 0.220770 0.002024 0.408545
4 4 0.016786 0.311004 0.177493 0.001012 0.493705
4 4 0.018867 0.344745 0.270668 0.001403 0.364318
2 4 0.012863 0.347762 0.349213 0.001045 0.289117
2 4 0.011297 0.351413 0.407867 0.001252 0.228171
2 4 0.007833 0.333829 0.535347 0.001881 0.121110
2 2 0.007418 0.318624 0.549379 0.001226 0.123352
2 2 0.004350 0.247595 0.656224 0.001661 0.090171
2 2 0.004058 0.252732 0.664752 0.001868 0.076590
2 2 0.002450 0.177864 0.768115 0.001884 0.049686
2 2 0.001440 0.117670 0.844065 0.002106 0.034720
2 2 0.001215 0.109867 0.851450 0.002031 0.035438
2 2 0.000825 0.085240 0.880454 0.001378 0.032102
2 2 0.000592 0.072556 0.903889 0.001528 0.021435
2 2 0.001644 0.137319 0.827487 0.001599 0.031951
2 2 0.002136 0.120106 0.854673 0.002316 0.020770
2 2 0.005235 0.238366 0.715597 0.001957 0.038846
2 2 0.004950 0.225698 0.727194 0.002156 0.040002
2 2 0.003370 0.163865 0.800888 0.002454 0.029423
2 2 0.005005 0.235613 0.707101 0.002266 0.050015
2 2 0.004929 0.238847 0.697898 0.002307 0.056019
2 2 0.006933 0.278041 0.651525 0.002481 0.061020
2 2 0.004061 0.177514 0.777152 0.003060 0.038212
2 2 0.002201 0.150349 0.807672 0.002092 0.037686
2 2 0.001567 0.136360 0.811879 0.001266 0.048928
2 2 0.000142 0.021925 0.968106 0.002667 0.007160
2 2 0.000148 0.022305 0.969101 0.002215 0.006232
2 2 0.000320 0.040131 0.944262 0.000952 0.014334
2 2 0.000667 0.065647 0.907045 0.000684 0.025956
2 2 0.001281 0.105338 0.853912 0.000731 0.038739
2 2 0.001585 0.136318 0.825156 0.000920 0.036021
2 2 0.002966 0.239382 0.694813 0.000820 0.062019
2 2 0.002236 0.208539 0.744379 0.000974 0.043872
2 2 0.001671 0.146531 0.819995 0.001337 0.030466
2 2 0.001193 0.107433 0.869532 0.001408 0.020434
2 2 0.000771 0.078052 0.905794 0.001323 0.014061
2 2 0.000775 0.074439 0.910615 0.001393 0.012778
2 2 0.000944 0.079422 0.906321 0.001457 0.011856
2 2 0.001088 0.079745 0.905992 0.001698 0.011477
2 2 0.001698 0.092596 0.891868 0.002140 0.011698
2 2 0.002514 0.100514 0.881179 0.003262 0.012532
2 2 0.002371 0.085746 0.896381 0.004282 0.011220
2 2 0.001124 0.044065 0.943711 0.005573 0.005528
2 2 0.000716 0.033570 0.957120 0.004438 0.004157
2 2 0.000484 0.027139 0.966249 0.003132 0.002996
2 2 0.000529 0.032483 0.961579 0.001627 0.003782
2 2 0.000921 0.044059 0.948207 0.002660 0.004153
2 2 0.001722 0.062692 0.924681 0.003860 0.007044
2 2 0.001701 0.039655 0.946737 0.007853 0.004054
2 4 0.001004 0.024454 0.962426 0.009399 0.002717
2 2 0.000454 0.011952 0.972787 0.013535 0.001272
2 2 0.000787 0.019576 0.967653 0.010139 0.001845
2 2 0.000838 0.021865 0.965424 0.010002 0.001871
2 2 0.000681 0.020346 0.969096 0.008305 0.001573
2 2 0.000783 0.029287 0.961684 0.005504 0.002742
2 2 0.001253 0.059147 0.929317 0.003305 0.006977
2 2 0.001999 0.097194 0.884439 0.002648 0.013720
2 2 0.001231 0.059704 0.927272 0.003303 0.008490
2 2 0.001810 0.068795 0.915673 0.004144 0.009578
2 2 0.002930 0.119704 0.860500 0.002669 0.014196
2 2 0.001472 0.060331 0.928831 0.003305 0.006062
2 2 0.001261 0.050135 0.939567 0.004273 0.004765
2 2 0.000651 0.028798 0.961912 0.005732 0.002906
2 2 0.000505 0.019484 0.969812 0.008311 0.001887
2 2 0.000540 0.014129 0.965128 0.018826 0.001378
2 2 0.000414 0.011537 0.971357 0.015532 0.001160
2 2 0.000328 0.010817 0.978562 0.009322 0.000971
2 2 0.000116 0.007018 0.989004 0.003441 0.000421
2 2 0.000121 0.006804 0.989393 0.003232 0.000450
2 2 0.000319 0.012905 0.980879 0.004994 0.000903
2 2 0.000220 0.007957 0.981893 0.009196 0.000734
2 3 0.000300 0.010845 0.980378 0.007530 0.000947
2 2 0.000277 0.009991 0.978966 0.009780 0.000986
2 3 0.000908 0.027722 0.958023 0.010005 0.003343
2 3 0.001702 0.044757 0.936544 0.011269 0.005729
2 3 0.001387 0.046246 0.937003 0.009171 0.006192
2 3 0.000864 0.028552 0.955988 0.011297 0.003299
2 3 0.000777 0.021748 0.961020 0.014210 0.002245
2 2 0.000691 0.027305 0.962478 0.006676 0.002850
2 2 0.000379 0.014152 0.973359 0.010652 0.001458
2 2 0.000164 0.006474 0.980376 0.012407 0.000579
2 2 0.000076 0.003786 0.985051 0.010757 0.000331
2 2 0.000039 0.002475 0.989935 0.007343 0.000208
2 2 0.000063 0.003302 0.987947 0.008394 0.000294
2 2 0.000073 0.003759 0.987582 0.008259 0.000327
2 2 0.000922 0.032188 0.949182 0.011968 0.005740
2 2 0.000948 0.034818 0.949245 0.009042 0.005946
2 2 0.001266 0.047694 0.936499 0.006535 0.008007
2 2 0.000733 0.033097 0.954468 0.006367 0.005335
2 2 0.000857 0.017845 0.957659 0.021643 0.001996
2 2 0.008809 0.086125 0.873532 0.020590 0.010944
2 2 0.008918 0.088596 0.871945 0.019572 0.010969
2 1 0.012419 0.108023 0.843774 0.021888 0.013896
2 2 0.005509 0.064254 0.904617 0.017798 0.007821
2 2 0.004632 0.047799 0.902392 0.038083 0.007093
2 2 0.001912 0.034187 0.941661 0.018781 0.003459
2 2 0.000484 0.015236 0.973607 0.009426 0.001246
2 2 0.000239 0.010357 0.979563 0.008805 0.001037
2 2 0.000214 0.013468 0.978896 0.005517 0.001905
2 2 0.000209 0.020635 0.971282 0.003386 0.004489
2 2 0.000169 0.013461 0.979086 0.004897 0.002387
2 2 0.000377 0.024761 0.963929 0.005865 0.005068
2 2 0.000454 0.024716 0.960851 0.008812 0.005167
2 2 0.000380 0.017038 0.964584 0.014636 0.003361
2 2 0.000367 0.013100 0.958749 0.024962 0.002822
2 2 0.000081 0.003093 0.960736 0.035561 0.000529
2 2 0.000081 0.002959 0.954044 0.042394 0.000522
2 2 0.000086 0.002143 0.895439 0.101924 0.000408
2 2 0.000104 0.002094 0.825720 0.171612 0.000470
2 2 0.000112 0.001991 0.774866 0.222536 0.000495
2 2 0.000117 0.002508 0.857958 0.138910 0.000506
2 2 0.000065 0.001749 0.885661 0.112197 0.000328
2 2 0.000062 0.001712 0.902285 0.095621 0.000320
2 2 0.000068 0.002068 0.937872 0.059651 0.000342
2 2 0.000065 0.001850 0.937821 0.059919 0.000345
2 2 0.000070 0.001973 0.925423 0.072181 0.000354
2 2 0.000128 0.002918 0.909575 0.086828 0.000551
2 2 0.000339 0.006719 0.927329 0.064536 0.001076
2 2 0.000663 0.012718 0.937638 0.046968 0.002013
2 2 0.000759 0.020317 0.937051 0.037100 0.004772
2 2 0.000529 0.009279 0.903717 0.084882 0.001593
2 2 0.000390 0.007083 0.902803 0.088529 0.001195
2 2 0.000514 0.010082 0.921369 0.066188 0.001847
2 3 0.000281 0.005310 0.900278 0.093184 0.000947
2 3 0.000213 0.003885 0.861742 0.133379 0.000782
2 3 0.000083 0.001246 0.649395 0.348874 0.000401
2 3 0.000078 0.001371 0.757968 0.240184 0.000398
2 3 0.000196 0.003326 0.854918 0.140797 0.000763
2 3 0.000138 0.003085 0.898543 0.097666 0.000569
2 2 0.000232 0.006255 0.954924 0.037810 0.000779
2 2 0.000127 0.004583 0.968164 0.026636 0.000491
2 2 0.000195 0.007364 0.977719 0.014071 0.000650
2 2 0.000168 0.006782 0.979151 0.013322 0.000578
2 2 0.000137 0.005993 0.980538 0.012838 0.000494
2 2 0.000232 0.009035 0.977639 0.012378 0.000716
2 2 0.000160 0.005766 0.968387 0.025124 0.000563
2 2 0.000194 0.006759 0.969061 0.023339 0.000647
2 2 0.000121 0.004405 0.962044 0.032964 0.000466
2 2 0.000099 0.003837 0.966176 0.029481 0.000407
2 2 0.000054 0.002260 0.958905 0.038515 0.000266
2 2 0.000032 0.001404 0.949700 0.048679 0.000186
2 2 0.000021 0.001021 0.954075 0.044743 0.000140
2 2 0.000026 0.001085 0.941393 0.057330 0.000165
2 2 0.000023 0.000953 0.931921 0.066947 0.000156
2 2 0.000028 0.001022 0.914697 0.084077 0.000176
2 2 0.000027 0.001305 0.961482 0.037022 0.000164
2 2 0.000050 0.002172 0.967269 0.030256 0.000254
2 2 0.000039 0.001987 0.976026 0.021740 0.000209
2 2 0.000038 0.001949 0.978572 0.019233 0.000208
2 2 0.000053 0.002671 0.982548 0.014468 0.000261
2 2 0.000057 0.002653 0.978428 0.018584 0.000278
2 2 0.000110 0.004267 0.972979 0.022200 0.000443
2 2 0.000117 0.004202 0.965839 0.029376 0.000466
2 2 0.000078 0.002948 0.961238 0.035387 0.000349
2 2 0.000120 0.003911 0.955686 0.039802 0.000481
2 2 0.000111 0.003254 0.938685 0.057483 0.000466
2 2 0.000137 0.003442 0.913284 0.082590 0.000547
2 3 0.000104 0.002557 0.884719 0.112165 0.000454
2 2 0.000082 0.001878 0.831417 0.166239 0.000385
2 2 0.000040 0.001008 0.797779 0.200943 0.000230
2 3 0.000056 0.001156 0.741011 0.257478 0.000299
2 3 0.000128 0.001961 0.725016 0.272343 0.000551
2 2 0.000263 0.003862 0.809201 0.185740 0.000933
2 2 0.000109 0.002061 0.810622 0.186719 0.000490
2 2 0.000053 0.001316 0.833678 0.164663 0.000289
2 3 0.001529 0.013149 0.872196 0.109457 0.003669
2 2 0.002043 0.019937 0.918687 0.054925 0.004408
2 2 0.002123 0.023996 0.935439 0.034059 0.004382
2 2 0.002586 0.046100 0.929099 0.014553 0.007662
2 2 0.004670 0.068946 0.894094 0.020903 0.011386
2 2 0.004909 0.098708 0.865053 0.014584 0.016746
2 2 0.004270 0.105714 0.865352 0.009461 0.015202
2 2 0.002576 0.066051 0.913623 0.010437 0.007313
2 2 0.001580 0.039722 0.940387 0.014003 0.004308
2 2 0.001196 0.037153 0.946855 0.010226 0.004570
2 2 0.000459 0.022607 0.963569 0.009520 0.003845
2 2 0.000361 0.018152 0.965105 0.012884 0.003498
2 2 0.000548 0.026654 0.956637 0.010771 0.005391
2 2 0.000451 0.028811 0.957684 0.006754 0.006301
2 3 0.000567 0.038918 0.946321 0.005224 0.008969
2 2 0.000251 0.014156 0.967726 0.014405 0.003462
2 2 0.000582 0.032486 0.948029 0.010057 0.008846
2 2 0.000567 0.038677 0.941487 0.007633 0.011637
2 2 0.000601 0.047401 0.932024 0.005420 0.014554
2 2 0.000835 0.049031 0.930085 0.006962 0.013086
2 4 0.003345 0.195600 0.674688 0.000787 0.125579
2 4 0.006055 0.259738 0.607728 0.001042 0.125437
2 4 0.009241 0.312565 0.549584 0.001167 0.127443
2 4 0.011783 0.324413 0.499514 0.001144 0.163146
2 4 0.017567 0.316046 0.548481 0.002539 0.115367
2 4 0.010397 0.242591 0.671099 0.001935 0.073977
2 1 0.013269 0.312439 0.565327 0.002224 0.106741
2 4 0.010766 0.315994 0.553562 0.001664 0.118013
2 4 0.014124 0.353506 0.486410 0.003288 0.142672
2 4 0.017320 0.361178 0.470347 0.004348 0.146808
2 4 0.012174 0.349552 0.454831 0.001746 0.181698
2 4 0.010382 0.332767 0.550753 0.003214 0.102884
2 4 0.017554 0.327522 0.553623 0.004939 0.096361
2 4 0.013493 0.306439 0.603361 0.004889 0.071819
2 4 0.017520 0.321518 0.521150 0.001996 0.137816
2 4 0.025413 0.314518 0.366110 0.000787 0.293171
2 4 0.041791 0.219553 0.536667 0.003554 0.198435
2 4 0.034339 0.172940 0.445166 0.003165 0.344390
4 4 0.023860 0.166823 0.305468 0.001622 0.502227
4 4 0.023820 0.186912 0.192410 0.001511 0.595347
4 4 0.018502 0.244637 0.183505 0.001601 0.551754
4 4 0.013948 0.240228 0.253823 0.002113 0.489888
4 4 0.023616 0.199308 0.158722 0.001520 0.616834
4 4 0.021225 0.173464 0.206180 0.000599 0.598532
4 4 0.026360 0.139523 0.084736 0.000272 0.749109
4 4 0.036692 0.186234 0.188839 0.001201 0.587034
4 4 0.071035 0.302009 0.238562 0.006244 0.382150
1 4 0.098598 0.330082 0.237795 0.006474 0.327050
4 4 0.064746 0.322579 0.207798 0.003557 0.401321
4 4 0.032550 0.335513 0.259798 0.001867 0.370273
4 4 0.035355 0.276707 0.180436 0.000933 0.506570
4 4 0.024280 0.196326 0.184336 0.000861 0.594197
4 4 0.031538 0.088106 0.051547 0.000277 0.828533
4 4 0.030080 0.107230 0.085579 0.000895 0.776216
4 4 0.030344 0.118742 0.108002 0.001725 0.741187
4 4 0.038984 0.220133 0.142690 0.002053 0.596140
1 4 0.030511 0.371745 0.249715 0.004411 0.343617
1 4 0.019107 0.391908 0.316726 0.004405 0.267853
2 4 0.005697 0.311212 0.564450 0.000941 0.117701
2 4 0.006653 0.302293 0.532946 0.000471 0.157636
4 4 0.025498 0.128799 0.095465 0.001749 0.748489
4 4 0.028371 0.100029 0.068533 0.001141 0.801926
4 4 0.023342 0.060780 0.045382 0.000305 0.870190
4 4 0.019601 0.044679 0.034927 0.000148 0.900646
4 4 0.021640 0.055291 0.034183 0.000113 0.888774
4 4 0.018246 0.055863 0.029026 0.000062 0.896803
4 4 0.027248 0.106866 0.029519 0.000143 0.836224
4 4 0.030156 0.220839 0.075812 0.000958 0.672236
4 4 0.016888 0.284157 0.164493 0.000603 0.533860
4 4 0.018038 0.284823 0.174693 0.000575 0.521870
4 4 0.019386 0.307947 0.206099 0.000816 0.465752
1 4 0.019030 0.340995 0.334967 0.001198 0.303811
2 1 0.024145 0.344782 0.426322 0.002302 0.202449
2 1 0.017572 0.343920 0.489572 0.003010 0.145926
2 1 0.017771 0.312837 0.589058 0.006628 0.073705
2 1 0.010349 0.261334 0.679019 0.004075 0.045223
2 1 0.012826 0.243407 0.702893 0.005526 0.035349
2 1 0.008390 0.240137 0.711593 0.003391 0.036489
2 1 0.005578 0.204848 0.762230 0.002345 0.024998
2 1 0.005038 0.173574 0.802813 0.002322 0.016253
2 1 0.003942 0.211758 0.737953 0.002042 0.044304
2 1 0.009010 0.219412 0.732672 0.004559 0.034347
2 1 0.010869 0.254455 0.686288 0.004578 0.043810
2 1 0.010543 0.290022 0.633171 0.003835 0.062429
2 1 0.009649 0.280635 0.634631 0.001933 0.073152
2 1 0.009114 0.276528 0.655978 0.003359 0.055022
2 1 0.010966 0.216408 0.741696 0.004998 0.025933
2 1 0.004713 0.160930 0.816481 0.002487 0.015391
2 2 0.003394 0.106814 0.875689 0.003468 0.010635
2 1 0.004656 0.149686 0.825317 0.003193 0.017147
2 2 0.004874 0.156249 0.818817 0.003022 0.017038
2 2 0.004761 0.170861 0.800449 0.002730 0.021199
2 2 0.004479 0.190091 0.776128 0.002272 0.027030
2 2 0.002539 0.128080 0.845296 0.002537 0.021548
2 2 0.001836 0.102799 0.874397 0.002563 0.018404
2 2 0.001586 0.072919 0.911649 0.003260 0.010586
2 2 0.001614 0.051617 0.936393 0.004845 0.005531
2 2 0.001857 0.049447 0.941497 0.004079 0.003121
2 2 0.001059 0.036072 0.957799 0.003024 0.002046
2 2 0.001238 0.047375 0.947196 0.002018 0.002173
2 2 0.000613 0.027505 0.968509 0.002031 0.001341
2 2 0.001076 0.040702 0.953953 0.002268 0.002001
2 2 0.001945 0.060846 0.931574 0.002586 0.003050
2 2 0.004697 0.109182 0.877296 0.003140 0.005686
2 1 0.003198 0.078735 0.910095 0.003528 0.004445
2 1 0.003137 0.071988 0.916062 0.004317 0.004497
2 2 0.002786 0.059019 0.927612 0.006316 0.004267
2 2 0.001104 0.026542 0.958795 0.011293 0.002266
2 1 0.000909 0.022981 0.962437 0.011705 0.001968
2 2 0.000729 0.019453 0.965840 0.012297 0.001682
2 1 0.011515 0.093413 0.853704 0.027781 0.013588
2 0 0.052946 0.181431 0.697132 0.030622 0.037870
2 1 0.063752 0.272219 0.589977 0.031867 0.042185
2 1 0.054623 0.303228 0.557934 0.024824 0.059391
2 1 0.047364 0.362994 0.453732 0.017621 0.118287
1 2 0.032280 0.394804 0.362100 0.009856 0.200959
2 2 0.006541 0.344181 0.519102 0.001849 0.128327
2 2 0.005220 0.342116 0.519483 0.001422 0.131759
2 2 0.005815 0.322201 0.569410 0.001727 0.100847
2 2 0.005780 0.327630 0.557231 0.001685 0.107674
2 2 0.002692 0.260355 0.678706 0.000835 0.057413
2 2 0.001264 0.124375 0.850542 0.001135 0.022683
2 2 0.000695 0.066662 0.917763 0.001870 0.013009
2 2 0.000437 0.039214 0.950225 0.002711 0.007413
2 2 0.000427 0.036976 0.952431 0.003057 0.007109
2 2 0.000514 0.036141 0.953622 0.003659 0.006065
2 2 0.000754 0.048763 0.938068 0.003715 0.008700
2 2 0.000861 0.061515 0.922949 0.003176 0.011499
2 2 0.000596 0.052211 0.931996 0.002953 0.012244
2 2 0.000384 0.039271 0.944672 0.003610 0.012064
2 2 0.000878 0.094111 0.871190 0.001916 0.031905
2 2 0.000917 0.097328 0.869361 0.001773 0.030620
2 2 0.001338 0.115854 0.855375 0.001610 0.025823
2 2 0.001799 0.143216 0.824995 0.001490 0.028499
2 2 0.001047 0.080743 0.903548 0.001990 0.012673
2 2 0.000880 0.065721 0.921528 0.002103 0.009768
2 2 0.000761 0.064706 0.922545 0.001721 0.010267
2 2 0.000800 0.057081 0.930623 0.002483 0.009013
2 2 0.001282 0.085791 0.896545 0.002193 0.014188
2 2 0.001792 0.075723 0.907630 0.004580 0.010276
2 2 0.000805 0.056917 0.924368 0.003710 0.014201
2 2 0.001088 0.055046 0.926835 0.005664 0.011366
2 2 0.000775 0.040476 0.944359 0.006246 0.008144
2 2 0.000844 0.035370 0.949587 0.007889 0.006309
2 2 0.000560 0.018732 0.961229 0.016322 0.003157
2 2 0.000920 0.028079 0.949481 0.016675 0.004845
2 2 0.000699 0.023609 0.953065 0.018232 0.004395
2 2 0.000869 0.023107 0.941564 0.029884 0.004576
2 2 0.000947 0.026386 0.944169 0.023471 0.005027
2 2 0.000969 0.019110 0.927169 0.049400 0.003352
2 2 0.001552 0.031032 0.920330 0.041430 0.005656
2 2 0.000972 0.014210 0.891144 0.091148 0.002526
2 2 0.000713 0.009940 0.885045 0.102426 0.001876
2 2 0.000281 0.004594 0.856737 0.137422 0.000966
2 2 0.000221 0.003507 0.817814 0.177643 0.000815
2 2 0.000176 0.003056 0.807197 0.188896 0.000675
