0 0 0.917659 0.042227 0.008751 0.000050 0.031313
0 0 0.958454 0.022991 0.003741 0.000007 0.014808
0 0 0.891050 0.057051 0.013448 0.000137 0.038315
0 0 0.875342 0.055579 0.012870 0.000123 0.056087
0 0 0.907107 0.049428 0.010970 0.000085 0.032410
0 0 0.920180 0.050758 0.011585 0.000100 0.017377
0 0 0.939024 0.044785 0.009999 0.000075 0.006117
0 0 0.905074 0.066004 0.018165 0.000293 0.010464
0 0 0.856950 0.096626 0.029704 0.000959 0.015761
0 0 0.815297 0.122810 0.042363 0.002295 0.017236
0 0 0.855468 0.095633 0.029101 0.000904 0.018895
0 0 0.861842 0.096628 0.030084 0.001014 0.010432
0 0 0.821440 0.116996 0.039195 0.001874 0.020495
0 0 0.800538 0.130238 0.046079 0.002810 0.020334
0 1 0.751956 0.157438 0.061403 0.005815 0.023390
0 2 0.515205 0.230468 0.212393 0.016822 0.025111
2 2 0.195295 0.176038 0.557693 0.050560 0.020413
2 2 0.012232 0.038697 0.913287 0.032089 0.003695
2 2 0.001221 0.009804 0.952095 0.035557 0.001323
2 2 0.000224 0.004144 0.978909 0.016220 0.000503
2 2 0.000031 0.001438 0.979483 0.018754 0.000294
2 2 0.000030 0.001400 0.977799 0.020485 0.000286
2 2 0.000091 0.003190 0.984726 0.011508 0.000485
2 2 0.000062 0.002257 0.982007 0.015317 0.000357
2 2 0.000083 0.003005 0.986952 0.009542 0.000419
2 2 0.000061 0.001776 0.974560 0.023329 0.000273
2 2 0.000069 0.001810 0.968326 0.029500 0.000295
2 2 0.000446 0.004909 0.950855 0.043142 0.000648
2 2 0.002849 0.012782 0.941400 0.041874 0.001095
2 2 0.025721 0.046910 0.891911 0.032731 0.002727
2 1 0.081312 0.087925 0.787306 0.037830 0.005627
2 0 0.238363 0.156813 0.566270 0.027693 0.010860
0 0 0.562358 0.193301 0.216998 0.011779 0.015564
0 0 0.694967 0.171132 0.104682 0.009456 0.019762
0 0 0.655778 0.195606 0.117598 0.009413 0.021606
0 1 0.430871 0.242693 0.293369 0.013949 0.019118
2 2 0.111206 0.263835 0.587233 0.009692 0.028034
2 2 0.022703 0.106734 0.847031 0.012136 0.011396
2 4 0.004612 0.039786 0.918359 0.029632 0.007610
2 4 0.000949 0.015940 0.924499 0.050963 0.007648
2 4 0.010114 0.245548 0.503231 0.001393 0.239715
2 4 0.022299 0.266425 0.378282 0.001622 0.331372
4 4 0.040319 0.208285 0.180899 0.002100 0.568396
4 4 0.058855 0.176362 0.108634 0.001867 0.654282
4 4 0.048648 0.212059 0.176514 0.004301 0.558478
4 4 0.033342 0.266864 0.340156 0.008640 0.350998
2 4 0.029107 0.275430 0.358409 0.008953 0.328102
4 4 0.063301 0.271613 0.215207 0.008631 0.441248
2 4 0.055305 0.317901 0.462985 0.005036 0.158772
2 4 0.085772 0.318753 0.360692 0.004901 0.229882
4 4 0.182870 0.301721 0.180486 0.004703 0.330219
4 4 0.161010 0.253367 0.135141 0.002272 0.448211
4 4 0.212916 0.264144 0.134099 0.002423 0.386418
4 4 0.112812 0.250776 0.142097 0.001738 0.492577
4 4 0.053644 0.247656 0.180526 0.001744 0.516429
4 4 0.033194 0.184199 0.130021 0.001708 0.650879
4 4 0.020481 0.170244 0.133858 0.001979 0.673438
4 4 0.027040 0.239235 0.228938 0.001983 0.502804
4 4 0.045915 0.239062 0.164322 0.001606 0.549095
4 4 0.078657 0.293754 0.182936 0.001255 0.443399
4 4 0.020006 0.173625 0.139427 0.001270 0.665671
4 4 0.020764 0.263381 0.303757 0.001060 0.411038
4 4 0.030945 0.233130 0.186527 0.000748 0.548650
4 4 0.043723 0.236171 0.161345 0.001295 0.557466
4 4 0.037679 0.291840 0.281635 0.002598 0.386248
4 4 0.058500 0.239205 0.160457 0.002541 0.539296
4 4 0.103452 0.210774 0.116682 0.001568 0.567524
4 4 0.094641 0.260396 0.168477 0.002426 0.474060
4 4 0.066292 0.292453 0.283486 0.004808 0.352960
2 4 0.040679 0.308450 0.422429 0.004563 0.223878
4 4 0.043164 0.222883 0.226116 0.007524 0.500313
4 4 0.038553 0.209856 0.305128 0.009015 0.437447
4 4 0.048869 0.157450 0.330820 0.024330 0.438531
4 4 0.060099 0.148243 0.177374 0.010900 0.603384
4 4 0.100244 0.165716 0.096131 0.003153 0.634756
4 4 0.110252 0.167400 0.088022 0.001806 0.632519
4 4 0.125452 0.244063 0.133699 0.001649 0.495137
1 4 0.086472 0.327320 0.290139 0.001809 0.294259
2 4 0.040177 0.313604 0.455455 0.001510 0.189254
2 4 0.030057 0.289517 0.394521 0.001644 0.284261
2 4 0.005254 0.217215 0.679451 0.000566 0.097515
2 4 0.005309 0.207021 0.683040 0.000549 0.104081
2 4 0.002927 0.143201 0.783617 0.000601 0.069654
2 4 0.004234 0.165518 0.754922 0.000530 0.074796
2 4 0.005782 0.192935 0.731077 0.000552 0.069655
2 4 0.005488 0.192873 0.734924 0.000632 0.066083
2 4 0.003589 0.160722 0.787546 0.000717 0.047426
2 2 0.001912 0.106241 0.864497 0.000607 0.026743
2 2 0.001554 0.089706 0.880582 0.000680 0.027478
2 2 0.000612 0.039868 0.946735 0.000958 0.011827
2 2 0.000552 0.031862 0.958078 0.000957 0.008551
2 2 0.000972 0.039841 0.950608 0.000601 0.007979
2 2 0.001787 0.046975 0.944492 0.000651 0.006096
2 2 0.001618 0.035970 0.958465 0.001004 0.002943
2 2 0.001833 0.029712 0.964787 0.001650 0.002018
2 2 0.000858 0.014751 0.980787 0.002585 0.001020
2 2 0.000624 0.010381 0.984141 0.004073 0.000782
2 2 0.000258 0.005271 0.983146 0.010717 0.000608
2 2 0.000257 0.005893 0.975919 0.016974 0.000957
2 2 0.000149 0.004212 0.979326 0.015659 0.000655
2 2 0.000130 0.002167 0.891945 0.105200 0.000558
2 2 0.000091 0.001045 0.785324 0.213290 0.000250
2 2 0.000110 0.001241 0.819674 0.178723 0.000251
2 2 0.000107 0.001238 0.816653 0.181747 0.000255
2 2 0.000047 0.000804 0.825377 0.173580 0.000193
2 3 0.000024 0.000492 0.835692 0.163680 0.000112
2 3 0.000035 0.000557 0.785480 0.213799 0.000129
2 3 0.000053 0.000846 0.791598 0.207290 0.000213
2 3 0.000106 0.001548 0.834567 0.163393 0.000386
2 3 0.000110 0.001327 0.793449 0.204787 0.000326
2 3 0.000118 0.001090 0.639885 0.358574 0.000333
2 3 0.000183 0.001381 0.597895 0.400111 0.000430
3 3 0.000122 0.000957 0.456942 0.541523 0.000456
3 3 0.000085 0.000659 0.411540 0.587383 0.000333
3 3 0.000076 0.000504 0.338903 0.660255 0.000261
3 3 0.000069 0.000447 0.327220 0.672043 0.000222
3 3 0.000106 0.000646 0.342592 0.656339 0.000316
3 3 0.000071 0.000396 0.269392 0.729920 0.000221
3 3 0.000144 0.000667 0.263185 0.735616 0.000388
3 3 0.000250 0.001283 0.355717 0.642107 0.000643
2 3 0.000539 0.002143 0.670632 0.326285 0.000401
3 3 0.000190 0.000754 0.474583 0.524262 0.000211
3 3 0.000209 0.000705 0.296515 0.702243 0.000328
3 3 0.000256 0.000704 0.158830 0.839633 0.000576
3 3 0.000368 0.000817 0.117353 0.880601 0.000862
3 3 0.000408 0.000978 0.138511 0.859173 0.000930
3 3 0.000161 0.000549 0.174490 0.824391 0.000409
3 3 0.000118 0.000506 0.310818 0.688337 0.000221
3 3 0.000134 0.000587 0.421150 0.577943 0.000187
3 3 0.000228 0.000865 0.454311 0.544336 0.000260
3 3 0.000187 0.000735 0.418313 0.580525 0.000240
3 3 0.000317 0.001053 0.369145 0.629075 0.000410
3 3 0.000240 0.000803 0.320798 0.677808 0.000351
3 3 0.000235 0.000752 0.259740 0.738871 0.000401
3 3 0.000145 0.000502 0.237686 0.761389 0.000278
3 3 0.000059 0.000251 0.184894 0.814634 0.000163
3 3 0.000066 0.000263 0.166794 0.832691 0.000187
3 3 0.000036 0.000150 0.139473 0.860226 0.000115
3 3 0.000070 0.000251 0.139530 0.859945 0.000204
3 3 0.000075 0.000241 0.119799 0.879665 0.000219
3 3 0.000458 0.001460 0.227254 0.769846 0.000981
3 3 0.000263 0.000860 0.194931 0.803329 0.000618
3 3 0.000360 0.001165 0.240983 0.756776 0.000716
3 3 0.000167 0.000646 0.231455 0.767344 0.000387
3 3 0.000211 0.000741 0.257428 0.741218 0.000403
3 3 0.000147 0.000533 0.202638 0.796333 0.000349
3 3 0.000189 0.000602 0.166078 0.832659 0.000472
3 3 0.000096 0.000295 0.121560 0.877777 0.000271
3 3 0.000137 0.000334 0.095079 0.904077 0.000373
3 3 0.000154 0.000391 0.106347 0.892699 0.000410
3 3 0.000170 0.000415 0.103051 0.895918 0.000447
3 3 0.000131 0.000356 0.111917 0.887242 0.000355
3 3 0.000125 0.000393 0.139822 0.859325 0.000335
3 3 0.000175 0.000549 0.157528 0.841303 0.000444
3 3 0.000094 0.000322 0.144613 0.854710 0.000262
3 3 0.000131 0.000371 0.120204 0.878942 0.000352
3 3 0.000158 0.000434 0.121863 0.877130 0.000415
3 3 0.000127 0.000369 0.123370 0.875792 0.000343
3 3 0.000113 0.000370 0.144505 0.854706 0.000306
3 3 0.000071 0.000246 0.132333 0.867143 0.000207
3 3 0.001370 0.002866 0.172515 0.820661 0.002587
3 3 0.000800 0.001816 0.170488 0.825330 0.001565
3 3 0.000460 0.000996 0.122508 0.874996 0.001041
3 3 0.000500 0.001017 0.113789 0.883568 0.001126
3 3 0.000393 0.000891 0.124662 0.873147 0.000907
3 3 0.000266 0.000745 0.152479 0.845871 0.000639
3 3 0.000227 0.000812 0.220665 0.777775 0.000521
3 3 0.000207 0.000742 0.206640 0.791910 0.000500
3 3 0.000333 0.000939 0.167656 0.830305 0.000767
3 3 0.000305 0.000716 0.119986 0.878259 0.000733
3 3 0.000252 0.000582 0.108974 0.889567 0.000625
3 3 0.000300 0.000678 0.111900 0.886396 0.000726
3 3 0.000360 0.000742 0.102710 0.895334 0.000855
3 3 0.000774 0.001457 0.117906 0.878229 0.001634
3 3 0.000691 0.001345 0.119269 0.877214 0.001482
3 3 0.001362 0.002467 0.136286 0.857258 0.002627
3 3 0.000525 0.001028 0.108676 0.888593 0.001178
3 3 0.000332 0.000719 0.108429 0.889726 0.000794
3 3 0.000147 0.000401 0.116983 0.882077 0.000392
3 3 0.000112 0.000310 0.108519 0.890749 0.000311
3 3 0.000215 0.000689 0.175278 0.823292 0.000525
3 3 0.000273 0.000758 0.151886 0.846428 0.000654
3 3 0.000247 0.000658 0.136951 0.861541 0.000604
3 3 0.000497 0.001393 0.191511 0.805528 0.001071
3 3 0.000435 0.001303 0.202724 0.794589 0.000949
3 3 0.000247 0.000849 0.207743 0.790584 0.000578
3 3 0.000243 0.000772 0.180735 0.817668 0.000582
3 3 0.000239 0.000633 0.133873 0.864668 0.000588
3 3 0.000417 0.001072 0.209419 0.788372 0.000720
3 3 0.003707 0.005514 0.364619 0.623682 0.002479
2 3 0.024406 0.022268 0.640977 0.307522 0.004827
2 2 0.170576 0.100419 0.603332 0.111282 0.014391
2 1 0.347227 0.154892 0.446312 0.037010 0.014559
0 2 0.434508 0.208806 0.316842 0.020859 0.018985
0 2 0.453844 0.242520 0.263246 0.017049 0.023341
0 2 0.378195 0.288904 0.256871 0.023002 0.053027
0 0 0.467069 0.274917 0.159939 0.018682 0.079393
0 0 0.479049 0.254592 0.190675 0.030402 0.045282
0 0 0.558249 0.234561 0.140111 0.023732 0.043347
0 0 0.720409 0.164547 0.064969 0.006638 0.043436
2 1 0.003765 0.052912 0.884189 0.012304 0.046829
2 2 0.001686 0.022151 0.897487 0.042639 0.036037
2 2 0.001778 0.019204 0.884665 0.052941 0.041412
2 2 0.002221 0.025181 0.874441 0.044076 0.054080
2 2 0.002479 0.041236 0.855313 0.017801 0.083171
2 2 0.003607 0.083840 0.756628 0.007692 0.148234
2 2 0.002294 0.089652 0.788184 0.004974 0.114896
2 2 0.000831 0.065063 0.879401 0.003652 0.051052
2 2 0.001170 0.089915 0.833015 0.002657 0.073243
2 2 0.004348 0.162460 0.669294 0.001722 0.162174
2 2 0.005688 0.175991 0.677978 0.001309 0.139034
2 2 0.004349 0.147763 0.734714 0.001342 0.111832
2 2 0.006130 0.187274 0.705980 0.000723 0.099894
2 2 0.013996 0.277405 0.487811 0.000596 0.220192
2 2 0.013385 0.283529 0.533506 0.000564 0.169016
2 2 0.005775 0.223901 0.664627 0.000572 0.105124
2 2 0.003255 0.162364 0.778658 0.000871 0.054852
2 2 0.004056 0.174441 0.756255 0.001103 0.064146
2 2 0.003044 0.144588 0.798992 0.001415 0.051961
2 4 0.002375 0.112407 0.852282 0.001186 0.031749
0 4 0.545581 0.115878 0.041022 0.002768 0.294750
0 4 0.815216 0.119918 0.050385 0.003307 0.011174
0 4 0.849147 0.104354 0.037143 0.001669 0.007687
0 0 0.917114 0.061360 0.018777 0.000339 0.002410
0 0 0.949331 0.040445 0.009227 0.000072 0.000925
0 0 0.957050 0.031872 0.010329 0.000081 0.000668
0 0 0.946012 0.026698 0.026092 0.000448 0.000750
0 0 0.897742 0.034823 0.062920 0.002825 0.001689
0 0 0.946484 0.040357 0.012011 0.000119 0.001029
0 0 0.944564 0.043919 0.010322 0.000092 0.001104
0 0 0.913305 0.065786 0.017946 0.000321 0.002642
0 0 0.872215 0.090097 0.027196 0.000797 0.009695
0 0 0.891154 0.067109 0.017201 0.000251 0.024286
0 0 0.857675 0.069823 0.017933 0.000271 0.054298
0 0 0.687403 0.131719 0.043618 0.001231 0.136029
1 1 0.205915 0.306430 0.210415 0.003196 0.274045
2 1 0.054964 0.271205 0.456884 0.004054 0.212893
2 2 0.008182 0.125981 0.809275 0.003072 0.053490
2 2 0.001471 0.040757 0.946416 0.002912 0.008444
2 2 0.000301 0.014288 0.975445 0.006375 0.003591
2 2 0.000253 0.019038 0.965043 0.005514 0.010153
2 2 0.000925 0.047886 0.924339 0.003131 0.023719
2 2 0.008100 0.154480 0.755271 0.001856 0.080293
2 2 0.055026 0.319588 0.454177 0.002107 0.169102
1 2 0.179113 0.343358 0.236462 0.003107 0.237960
4 2 0.279540 0.280422 0.136132 0.002475 0.301431
1 2 0.260483 0.316615 0.163346 0.003180 0.256376
1 2 0.099419 0.357143 0.344730 0.003533 0.195175
2 2 0.029212 0.298011 0.509618 0.001670 0.161489
2 2 0.003762 0.127788 0.802900 0.001282 0.064268
2 2 0.001414 0.068058 0.900844 0.001308 0.028375
2 2 0.001021 0.048780 0.930838 0.001466 0.017895
2 2 0.000461 0.028613 0.962574 0.001563 0.006790
2 2 0.000602 0.035276 0.952637 0.001520 0.009965
2 2 0.000953 0.044242 0.939170 0.001733 0.013903
2 2 0.000545 0.026961 0.964502 0.001868 0.006124
2 2 0.000499 0.022069 0.970480 0.002546 0.004405
2 2 0.002137 0.038130 0.952676 0.002290 0.004768
2 2 0.028074 0.141129 0.812914 0.002832 0.015052
2 0 0.132407 0.233226 0.604911 0.008026 0.021430
2 0 0.012357 0.169795 0.730379 0.006948 0.080521
2 1 0.003576 0.058877 0.926103 0.003860 0.007585
2 2 0.001394 0.024891 0.965594 0.005260 0.002860
2 2 0.000361 0.007786 0.981832 0.009123 0.000898
2 2 0.000462 0.010781 0.980928 0.006538 0.001291
2 2 0.000196 0.006042 0.983745 0.009069 0.000948
2 2 0.000150 0.004978 0.987482 0.006683 0.000707
2 2 0.000164 0.007225 0.988463 0.003135 0.001014
2 2 0.000130 0.006387 0.989202 0.003342 0.000939
2 2 0.000145 0.007801 0.988277 0.002675 0.001103
2 2 0.000166 0.007647 0.985275 0.005603 0.001310
2 2 0.000316 0.012053 0.981254 0.004582 0.001795
2 2 0.000437 0.015980 0.977715 0.003686 0.002182
2 2 0.000304 0.012272 0.979776 0.005613 0.002035
2 2 0.000304 0.011150 0.969842 0.015903 0.002801
2 2 0.000308 0.011470 0.965598 0.019216 0.003408
2 2 0.000297 0.011466 0.963987 0.019633 0.004618
2 2 0.000213 0.007752 0.962155 0.026922 0.002958
2 2 0.000409 0.010622 0.952862 0.032689 0.003418
2 2 0.003972 0.034213 0.936537 0.020538 0.004740
2 2 0.050990 0.289284 0.423187 0.003391 0.233148
2 2 0.057748 0.267661 0.522065 0.005662 0.146864
2 2 0.030199 0.161164 0.759195 0.006349 0.043093
2 2 0.008222 0.071326 0.895895 0.006438 0.018119
2 2 0.001781 0.024568 0.960109 0.007728 0.005814
2 2 0.000207 0.005985 0.982423 0.010325 0.001059
2 2 0.000156 0.006459 0.987804 0.004574 0.001008
2 2 0.000207 0.007530 0.983559 0.007314 0.001390
2 2 0.000265 0.007666 0.986729 0.004418 0.000921
2 2 0.000310 0.006771 0.984874 0.007253 0.000791
2 2 0.000216 0.004202 0.984400 0.010706 0.000475
2 2 0.000363 0.006144 0.979305 0.013423 0.000765
2 2 0.000192 0.004689 0.985920 0.008660 0.000540
2 2 0.000196 0.005428 0.985384 0.008318 0.000674
2 2 0.000132 0.004611 0.983573 0.010957 0.000727
2 2 0.000194 0.005804 0.980740 0.012328 0.000935
2 2 0.000258 0.005770 0.975403 0.017733 0.000836
2 2 0.000433 0.006598 0.964075 0.028002 0.000892
2 2 0.000537 0.008610 0.976864 0.013096 0.000894
2 2 0.000351 0.007309 0.974315 0.016971 0.001053
2 2 0.001213 0.024668 0.963297 0.007120 0.003702
2 2 0.000535 0.012082 0.969859 0.015194 0.002330
2 2 0.000744 0.014253 0.964095 0.018119 0.002790
2 3 0.009464 0.049124 0.923382 0.013578 0.004452
2 2 0.074693 0.135535 0.762370 0.018224 0.009178
2 2 0.257802 0.289615 0.385711 0.009325 0.057547
0 2 0.435037 0.268123 0.165211 0.010382 0.121248
2 2 0.132217 0.302440 0.503991 0.003618 0.057735
2 1 0.033428 0.246502 0.659906 0.001225 0.058939
2 2 0.001016 0.033677 0.954606 0.002512 0.008189
2 2 0.001455 0.041443 0.941277 0.004481 0.011344
2 2 0.006555 0.063113 0.916943 0.006713 0.006677
2 2 0.112146 0.194029 0.649927 0.016807 0.027091
0 0 0.357305 0.225830 0.348582 0.032408 0.035874
0 0 0.608115 0.175235 0.144528 0.016893 0.055229
0 0 0.793501 0.104406 0.032365 0.001140 0.068588
0 0 0.856813 0.073390 0.019305 0.000324 0.050168
0 0 0.788191 0.102315 0.031400 0.001062 0.077032
0 2 0.392953 0.256639 0.149524 0.003940 0.196943
2 2 0.085354 0.253142 0.361768 0.005995 0.293741
2 2 0.003384 0.103752 0.686254 0.002779 0.203830
4 2 0.012874 0.169913 0.313350 0.001209 0.502654
4 1 0.028081 0.139280 0.096835 0.000474 0.735330
4 1 0.038707 0.107536 0.058030 0.000278 0.795450
4 1 0.044467 0.075580 0.036374 0.000228 0.843351
4 1 0.070207 0.097870 0.047983 0.000298 0.783642
4 1 0.131123 0.113746 0.047825 0.000384 0.706922
4 1 0.210849 0.131336 0.052321 0.000561 0.604934
4 0 0.217314 0.118618 0.044663 0.000366 0.619039
4 0 0.300514 0.141071 0.051861 0.000449 0.506105
4 0 0.264848 0.166633 0.064109 0.000357 0.504052
4 1 0.162540 0.178246 0.076856 0.000312 0.582047
4 4 0.051323 0.105886 0.053189 0.000266 0.789336
4 4 0.026385 0.078849 0.044086 0.000304 0.850377
4 4 0.018543 0.120519 0.111243 0.000721 0.748974
4 4 0.022315 0.109927 0.071576 0.000613 0.795570
4 4 0.023617 0.234394 0.271955 0.000815 0.469219
4 4 0.030666 0.214527 0.184787 0.000894 0.569127
4 4 0.044616 0.222263 0.140546 0.000547 0.592028
4 4 0.060991 0.262897 0.166200 0.000939 0.508974
4 4 0.044923 0.096417 0.050322 0.000385 0.807953
4 4 0.030219 0.081924 0.046418 0.000523 0.840917
4 4 0.040642 0.094474 0.051068 0.000483 0.813333
4 4 0.027899 0.110975 0.069577 0.000734 0.790815
4 4 0.028984 0.137507 0.089927 0.000836 0.742746
4 4 0.019710 0.186354 0.159441 0.001126 0.633369
4 4 0.018012 0.172527 0.132800 0.000819 0.675841
4 4 0.019853 0.196523 0.167546 0.000666 0.615412
2 4 0.012213 0.243005 0.426666 0.000824 0.317292
4 4 0.017641 0.241609 0.367976 0.001091 0.371683
2 4 0.023445 0.285130 0.426635 0.000700 0.264089
4 4 0.051234 0.204901 0.138609 0.000772 0.604484
4 4 0.071437 0.247738 0.178731 0.000882 0.501211
4 4 0.065180 0.256565 0.234140 0.001060 0.443054
4 4 0.090193 0.130811 0.063586 0.000604 0.714806
4 4 0.093776 0.100541 0.044611 0.000387 0.760685
4 4 0.135041 0.086712 0.033806 0.000305 0.744135
4 4 0.165522 0.113725 0.045335 0.000385 0.675033
4 4 0.152260 0.119151 0.049542 0.000470 0.678577
4 4 0.194798 0.137517 0.056235 0.000554 0.610896
2 2 0.002081 0.088291 0.894888 0.000658 0.014082
2 2 0.000879 0.054038 0.935542 0.000726 0.008815
2 2 0.000734 0.054926 0.930255 0.001091 0.012995
2 2 0.000740 0.063164 0.915967 0.001118 0.019011
2 2 0.000542 0.046054 0.940684 0.000959 0.011761
2 2 0.000313 0.029064 0.963858 0.000725 0.006040
2 2 0.000399 0.025571 0.970331 0.000533 0.003167
2 2 0.001155 0.045498 0.946140 0.000735 0.006472
2 2 0.002080 0.063402 0.920332 0.000903 0.013283
2 2 0.001318 0.054775 0.925564 0.001506 0.016837
2 2 0.002239 0.092372 0.867701 0.001233 0.036455
2 2 0.002192 0.105962 0.846833 0.000995 0.044018
2 2 0.005301 0.179692 0.740356 0.000701 0.073950
2 2 0.001933 0.091688 0.883516 0.000451 0.022411
2 2 0.001736 0.070945 0.912530 0.000579 0.014210
2 2 0.001794 0.071635 0.912965 0.000460 0.013146
2 2 0.000777 0.042403 0.950892 0.000415 0.005513
2 2 0.000871 0.046337 0.946375 0.000350 0.006066
2 2 0.000440 0.025035 0.971045 0.000547 0.002932
2 2 0.000384 0.021870 0.974548 0.000635 0.002563
2 2 0.000193 0.008953 0.988897 0.001249 0.000708
2 2 0.001544 0.019700 0.976040 0.001824 0.000892
2 2 0.030457 0.076932 0.883320 0.006210 0.003080
2 2 0.178020 0.167825 0.630982 0.014339 0.008834
2 2 0.259294 0.209538 0.492552 0.021247 0.017369
2 2 0.280163 0.222590 0.464907 0.015635 0.016706
2 2 0.260488 0.289761 0.413369 0.008068 0.028315
2 2 0.107949 0.294647 0.553962 0.003742 0.039700
2 2 0.005488 0.093185 0.878248 0.002983 0.020097
2 2 0.001569 0.052708 0.933075 0.002359 0.010290
2 2 0.000851 0.041962 0.948133 0.001359 0.007696
2 2 0.000142 0.011969 0.984045 0.001570 0.002274
2 2 0.000077 0.006687 0.990373 0.001688 0.001175
2 2 0.000067 0.004866 0.992277 0.002051 0.000739
2 2 0.000091 0.005317 0.991759 0.002149 0.000684
2 2 0.000060 0.003480 0.993717 0.002365 0.000379
2 2 0.000072 0.003486 0.992605 0.003448 0.000388
2 2 0.000098 0.003416 0.991814 0.004359 0.000313
2 2 0.000163 0.004954 0.989737 0.004685 0.000462
2 2 0.000407 0.009990 0.985422 0.003338 0.000842
2 2 0.000218 0.004402 0.983628 0.011354 0.000398
2 2 0.000144 0.002886 0.979645 0.017020 0.000305
2 2 0.000187 0.003767 0.980643 0.014979 0.000424
2 2 0.000114 0.002764 0.985532 0.011304 0.000286
2 2 0.000118 0.002567 0.981907 0.015130 0.000279
2 2 0.000105 0.002231 0.982047 0.015374 0.000243
2 2 0.000098 0.002274 0.980777 0.016569 0.000282
2 2 0.000109 0.002417 0.980132 0.017049 0.000293
2 2 0.000176 0.003150 0.967259 0.028977 0.000438
2 2 0.000380 0.005311 0.975492 0.018276 0.000540
2 2 0.000481 0.005955 0.978798 0.014254 0.000512
2 2 0.000668 0.007373 0.974241 0.016980 0.000738
2 2 0.000804 0.007468 0.964671 0.026197 0.000860
2 2 0.000748 0.007599 0.960423 0.030264 0.000965
2 2 0.000690 0.006284 0.951299 0.040991 0.000737
2 2 0.000591 0.004917 0.929853 0.064035 0.000604
2 2 0.000631 0.005043 0.932396 0.061336 0.000593
2 2 0.000394 0.003931 0.928020 0.067093 0.000562
2 2 0.000297 0.003242 0.926941 0.069076 0.000444
2 2 0.000433 0.003993 0.925151 0.069944 0.000477
2 2 0.000208 0.001917 0.776415 0.221031 0.000428
2 2 0.000242 0.001666 0.767582 0.230218 0.000292
2 2 0.000243 0.001877 0.699111 0.298302 0.000467
2 2 0.000170 0.001272 0.609568 0.388634 0.000356
3 2 0.000244 0.001295 0.478435 0.519620 0.000405
2 3 0.000274 0.001465 0.565655 0.432234 0.000372
2 3 0.000380 0.001778 0.524712 0.472625 0.000504
3 3 0.000598 0.002578 0.427186 0.568601 0.001038
3 3 0.000670 0.002912 0.394682 0.600331 0.001405
3 3 0.000664 0.002604 0.398264 0.597376 0.001091
3 3 0.000335 0.001823 0.465567 0.531595 0.000680
2 3 0.000562 0.003111 0.524775 0.470415 0.001137
2 3 0.000294 0.002210 0.559007 0.437669 0.000819
2 3 0.000189 0.001910 0.644635 0.352604 0.000662
2 3 0.000115 0.001069 0.555731 0.442702 0.000382
3 3 0.000133 0.001094 0.495943 0.502348 0.000482
3 3 0.000193 0.001116 0.442272 0.555920 0.000498
3 3 0.000109 0.000593 0.314634 0.684329 0.000336
3 3 0.000224 0.000781 0.279859 0.718741 0.000394
3 3 0.000124 0.000526 0.306192 0.692924 0.000234
3 3 0.000857 0.003119 0.399189 0.595511 0.001325
3 3 0.000313 0.001276 0.292145 0.705588 0.000679
3 3 0.000112 0.000478 0.219575 0.779543 0.000292
3 3 0.000119 0.000395 0.149821 0.849345 0.000320
3 3 0.000168 0.000490 0.137836 0.861072 0.000433
3 3 0.000244 0.000628 0.128849 0.869679 0.000600
3 3 0.000495 0.001341 0.181192 0.815901 0.001072
3 3 0.000282 0.000817 0.164669 0.833566 0.000666
3 3 0.000596 0.001619 0.194430 0.802106 0.001249
3 3 0.000300 0.000967 0.199822 0.798221 0.000690
3 3 0.001238 0.002939 0.246916 0.746969 0.001939
3 3 0.001226 0.002604 0.178756 0.815167 0.002248
3 3 0.001446 0.002356 0.116890 0.876507 0.002801
3 3 0.001608 0.002366 0.102447 0.890479 0.003100
3 3 0.001599 0.002277 0.096753 0.896272 0.003099
3 3 0.002439 0.003148 0.096068 0.893887 0.004458
3 3 0.001233 0.001446 0.062765 0.932003 0.002553
3 3 0.001346 0.001570 0.064393 0.929943 0.002748
3 3 0.000585 0.000681 0.046318 0.951046 0.001370
3 3 0.000234 0.000307 0.039673 0.959157 0.000629
3 3 0.000520 0.001054 0.114755 0.882507 0.001164
3 3 0.000433 0.000820 0.095611 0.902130 0.001006
3 3 0.000449 0.000822 0.091492 0.906196 0.001042
3 3 0.000452 0.000664 0.062864 0.934945 0.001075
3 3 0.000348 0.000424 0.040924 0.957420 0.000883
3 3 0.000331 0.000387 0.037263 0.961167 0.000851
3 3 0.000365 0.000411 0.036237 0.962060 0.000927
3 3 0.000554 0.000616 0.041915 0.955600 0.001315
3 3 0.000584 0.000614 0.038711 0.958708 0.001383
3 3 0.000680 0.000847 0.055426 0.941506 0.001541
3 3 0.000631 0.000706 0.044433 0.952763 0.001467
3 3 0.001045 0.001313 0.066358 0.929077 0.002206
3 3 0.000962 0.001054 0.050633 0.945260 0.002091
3 3 0.000909 0.001025 0.052118 0.943962 0.001987
3 3 0.001242 0.001360 0.055936 0.938875 0.002588
3 3 0.001005 0.001225 0.061976 0.933650 0.002143
3 3 0.000997 0.001289 0.068496 0.927106 0.002113
3 3 0.000908 0.001176 0.066261 0.929702 0.001954
3 3 0.001078 0.001415 0.072446 0.922809 0.002252
3 3 0.000509 0.000720 0.061637 0.935939 0.001194
3 3 0.006532 0.007918 0.164090 0.813475 0.007985
3 3 0.058538 0.042550 0.418402 0.462848 0.017663
2 3 0.181936 0.099949 0.483169 0.210016 0.024930
0 3 0.403561 0.155323 0.365144 0.054706 0.021267
0 0 0.461615 0.188094 0.307824 0.024095 0.018371
0 0 0.613752 0.211491 0.143167 0.010027 0.021563
0 0 0.484543 0.254392 0.191563 0.015657 0.053845
2 0 0.157545 0.282997 0.416726 0.022765 0.119967
2 1 0.047034 0.240805 0.602781 0.013394 0.095986
2 2 0.074825 0.259206 0.612675 0.012379 0.040915
2 2 0.202186 0.283332 0.470715 0.013689 0.030079
2 2 0.241218 0.266386 0.437973 0.023496 0.030927
0 2 0.594153 0.218532 0.135835 0.013616 0.037863
0 1 0.565344 0.225353 0.148637 0.014876 0.045790
0 1 0.592314 0.222367 0.118465 0.014473 0.052382
2 1 0.125308 0.318500 0.462823 0.015163 0.078206
2 2 0.026322 0.156237 0.752411 0.026584 0.038447
2 2 0.036645 0.202374 0.590134 0.011155 0.159693
2 4 0.018423 0.120385 0.615352 0.021607 0.224234
2 4 0.015293 0.084637 0.593174 0.032249 0.274647
4 4 0.039720 0.139939 0.084671 0.000749 0.734921
4 4 0.051934 0.131308 0.073372 0.000702 0.742684
4 4 0.075706 0.120844 0.062527 0.001036 0.739887
4 4 0.065727 0.138229 0.077730 0.001464 0.716850
4 4 0.056647 0.173567 0.112526 0.003591 0.653669
4 4 0.064839 0.302793 0.247928 0.004603 0.379837
2 4 0.027539 0.304314 0.414367 0.003069 0.250711
2 4 0.043702 0.304452 0.341591 0.003557 0.306697
4 4 0.049099 0.244218 0.222051 0.001852 0.482780
4 4 0.114707 0.181431 0.096542 0.001937 0.605383
4 4 0.168680 0.118317 0.051203 0.001198 0.660602
4 4 0.200975 0.102232 0.040562 0.000919 0.655312
4 4 0.168251 0.083658 0.033433 0.000999 0.713660
4 4 0.120272 0.083715 0.036062 0.000968 0.758984
4 4 0.055956 0.084667 0.045329 0.001673 0.812375
4 4 0.042921 0.092873 0.053390 0.001479 0.809338
4 4 0.059993 0.179689 0.110595 0.001864 0.647859
4 4 0.080940 0.182224 0.102142 0.001268 0.633426
4 4 0.099225 0.189370 0.109975 0.001471 0.599959
4 4 0.073436 0.132030 0.121263 0.002910 0.670361
4 4 0.102973 0.179604 0.090220 0.000608 0.626596
1 4 0.096025 0.340869 0.287185 0.001976 0.273945
4 4 0.090404 0.309587 0.220448 0.002245 0.377316
4 4 0.075440 0.289228 0.243608 0.002177 0.389546
4 4 0.066685 0.281869 0.265444 0.002274 0.383728
2 4 0.035525 0.279291 0.388599 0.002897 0.293688
2 4 0.021175 0.260907 0.391287 0.003034 0.323597
2 4 0.006848 0.222883 0.506125 0.002835 0.261309
2 4 0.004151 0.208652 0.610109 0.002062 0.175026
2 4 0.001400 0.118647 0.838237 0.000688 0.041027
2 4 0.001941 0.128061 0.829052 0.000759 0.040187
2 4 0.005435 0.213251 0.688296 0.001069 0.091949
2 4 0.005051 0.216224 0.679428 0.001402 0.097895
2 4 0.006466 0.237658 0.643655 0.001393 0.110828
2 4 0.005984 0.226766 0.678447 0.001045 0.087758
2 4 0.005776 0.230039 0.656638 0.001116 0.106432
2 4 0.005188 0.216104 0.697263 0.000790 0.080655
2 4 0.003975 0.203113 0.703007 0.001099 0.088806
2 4 0.004701 0.207709 0.689774 0.001152 0.096664
2 4 0.002411 0.142977 0.789412 0.001750 0.063449
2 4 0.001208 0.078272 0.889447 0.002014 0.029058
2 4 0.000989 0.059328 0.919108 0.002007 0.018567
2 4 0.000714 0.046385 0.937142 0.002098 0.013661
2 2 0.000619 0.037283 0.951756 0.001882 0.008461
2 2 0.000486 0.024726 0.968091 0.002353 0.004344
2 2 0.000703 0.029441 0.965403 0.001266 0.003187
2 2 0.001313 0.034258 0.959681 0.001735 0.003013
2 2 0.002014 0.034540 0.959097 0.002054 0.002295
2 2 0.002083 0.036145 0.957774 0.001680 0.002318
2 2 0.005406 0.051077 0.938035 0.002667 0.002815
2 2 0.074575 0.146419 0.764129 0.008119 0.006759
2 2 0.286562 0.219472 0.471137 0.011739 0.011090
0 0 0.511103 0.208488 0.259329 0.008597 0.012483
0 0 0.823392 0.119994 0.043670 0.002487 0.010457
0 0 0.868407 0.094165 0.029320 0.000977 0.007131
0 0 0.925935 0.056494 0.014315 0.000185 0.003071
0 0 0.930086 0.049546 0.011425 0.000101 0.008843
0 0 0.916764 0.056738 0.013740 0.000152 0.012606
0 0 0.910136 0.058525 0.014244 0.000163 0.016932
0 0 0.854629 0.089265 0.025989 0.000672 0.029445
0 0 0.687893 0.159255 0.061610 0.005884 0.085358
0 0 0.707971 0.155459 0.059258 0.005265 0.072048
0 0 0.769759 0.145501 0.054202 0.004198 0.026340
0 0 0.790952 0.129829 0.045380 0.002660 0.031180
0 0 0.785085 0.122997 0.041497 0.002108 0.048313
0 0 0.669797 0.157327 0.058081 0.003110 0.111686
0 0 0.394283 0.226207 0.099438 0.003299 0.276773
1 0 0.119790 0.317679 0.273770 0.004142 0.284618
2 1 0.043821 0.299540 0.450022 0.003500 0.203117
2 2 0.019985 0.246602 0.652428 0.001644 0.079341
2 2 0.012608 0.184898 0.740206 0.001914 0.060374
2 2 0.020477 0.209362 0.645735 0.002462 0.121964
2 2 0.027668 0.205921 0.608848 0.003667 0.153896
2 2 0.017900 0.171235 0.665111 0.003818 0.141936
2 2 0.022217 0.200855 0.601057 0.003141 0.172730
2 2 0.016417 0.205659 0.660989 0.002156 0.114779
2 2 0.005949 0.146627 0.785103 0.001955 0.060365
2 2 0.001895 0.089913 0.884526 0.001483 0.022183
2 2 0.000983 0.062809 0.922329 0.001067 0.012813
2 2 0.000324 0.027796 0.964022 0.001596 0.006262
2 2 0.000453 0.039369 0.946474 0.001729 0.011975
2 2 0.000334 0.026617 0.962171 0.002640 0.008238
2 2 0.000332 0.026261 0.961715 0.002934 0.008758
2 2 0.000250 0.020973 0.968742 0.002690 0.007345
2 2 0.000349 0.031339 0.953563 0.001744 0.013005
2 2 0.000338 0.029979 0.954457 0.002374 0.012852
2 2 0.000357 0.031240 0.954502 0.002418 0.011483
2 2 0.000387 0.033197 0.954825 0.001759 0.009833
2 2 0.000292 0.019617 0.973226 0.002559 0.004305
2 2 0.000224 0.013280 0.980686 0.003289 0.002521
2 2 0.000696 0.019018 0.971925 0.005677 0.002684
2 2 0.002267 0.040135 0.941687 0.009256 0.006655
2 2 0.005848 0.069945 0.902354 0.010315 0.011538
2 2 0.002933 0.041699 0.934363 0.013444 0.007561
2 2 0.001690 0.028224 0.958889 0.007433 0.003764
2 2 0.001345 0.027475 0.965816 0.002797 0.002568
2 2 0.000460 0.014122 0.982425 0.001773 0.001221
2 2 0.000272 0.010930 0.985874 0.001794 0.001131
2 2 0.000327 0.012065 0.984605 0.001775 0.001227
2 2 0.000523 0.021257 0.974021 0.001547 0.002652
2 2 0.000605 0.012625 0.979920 0.005521 0.001330
2 2 0.002033 0.014643 0.972225 0.010171 0.000927
2 2 0.010657 0.040482 0.936015 0.010611 0.002236
2 2 0.097860 0.171522 0.706584 0.010849 0.013184
0 2 0.389429 0.253395 0.314490 0.010183 0.032504
0 2 0.450246 0.243504 0.247704 0.014017 0.044529
0 2 0.643365 0.192304 0.102425 0.008285 0.053621
0 0 0.631248 0.162166 0.064936 0.006753 0.134896
0 0 0.642937 0.163483 0.064762 0.006967 0.121850
0 0 0.443301 0.257576 0.123036 0.009532 0.166555
1 1 0.139762 0.333472 0.238362 0.003068 0.285335
2 2 0.067370 0.338418 0.418493 0.004630 0.171088
2 2 0.006983 0.145893 0.792587 0.002013 0.052523
2 2 0.000776 0.033395 0.957080 0.001676 0.007074
2 2 0.001451 0.034103 0.959055 0.001472 0.003920
2 2 0.014098 0.094580 0.878300 0.004227 0.008796
2 0 0.117083 0.162250 0.692177 0.018732 0.009758
0 0 0.533956 0.230697 0.189372 0.012349 0.033625
0 0 0.739469 0.157251 0.073255 0.003822 0.026203
0 0 0.751490 0.128455 0.102473 0.003708 0.013875
0 0 0.884853 0.077091 0.029551 0.000867 0.007638
0 0 0.913982 0.060655 0.020118 0.000362 0.004883
0 0 0.866809 0.086687 0.037632 0.001519 0.007353
0 0 0.854150 0.093633 0.034531 0.001265 0.016420
0 0 0.784415 0.132542 0.046758 0.002862 0.033422
0 0 0.725782 0.159617 0.061887 0.005845 0.046869
0 0 0.739340 0.142190 0.051621 0.003672 0.063177
0 0 0.662872 0.183116 0.096494 0.006376 0.051142
0 0 0.767576 0.130107 0.045119 0.002602 0.054597
0 0 0.797915 0.121314 0.040800 0.002027 0.037944
0 0 0.826183 0.105860 0.033357 0.001234 0.033366
0 0 0.868456 0.084664 0.024217 0.000574 0.022090
0 0 0.875190 0.086887 0.025635 0.000682 0.011605
0 0 0.925760 0.055226 0.013597 0.000157 0.005259
0 0 0.928770 0.052161 0.012430 0.000125 0.006513
0 0 0.922046 0.057437 0.014327 0.000177 0.006013
0 0 0.918798 0.057347 0.014074 0.000164 0.009618
0 0 0.916252 0.059628 0.014924 0.000189 0.009007
0 0 0.928610 0.050461 0.011719 0.000107 0.009103
0 0 0.914944 0.055926 0.013369 0.000141 0.015621
0 0 0.639863 0.093178 0.028587 0.001008 0.237364
0 0 0.690282 0.076090 0.020937 0.000452 0.212239
0 0 0.522152 0.079674 0.024341 0.000860 0.372973
0 0 0.646329 0.083737 0.024455 0.000693 0.244785
0 0 0.739750 0.092611 0.027342 0.000795 0.139502
0 0 0.806429 0.080150 0.021902 0.000444 0.091074
0 0 0.850122 0.071750 0.018642 0.000297 0.059188
0 0 0.832594 0.072781 0.019008 0.000313 0.075305
0 0 0.834093 0.075397 0.020019 0.000354 0.070136
0 0 0.862911 0.065865 0.016471 0.000221 0.054532
0 0 0.842883 0.080890 0.022242 0.000455 0.053530
0 0 0.882392 0.074970 0.020269 0.000373 0.021996
0 0 0.937751 0.044999 0.010015 0.000075 0.007161
0 0 0.968180 0.024285 0.004414 0.000011 0.003109
0 0 0.978478 0.016827 0.002559 0.000003 0.002132
0 0 0.980499 0.015155 0.002205 0.000002 0.002140
0 0 0.956435 0.028952 0.005275 0.000016 0.009321
0 0 0.931331 0.037854 0.007535 0.000036 0.023244
0 0 0.889297 0.060235 0.014570 0.000166 0.035732
0 0 0.902188 0.061111 0.015064 0.000184 0.021453
0 0 0.841479 0.085451 0.024140 0.000555 0.048375
0 0 0.880433 0.073480 0.019595 0.000341 0.026150
0 0 0.917845 0.054994 0.013093 0.000135 0.013933
0 0 0.942779 0.039802 0.010393 0.000075 0.006950
0 0 0.964061 0.026043 0.005383 0.000017 0.004497
0 0 0.979575 0.015110 0.002166 0.000002 0.003148
0 0 0.982491 0.010889 0.001336 0.000001 0.005284
0 0 0.962240 0.018177 0.002666 0.000003 0.016914
0 0 0.924524 0.038013 0.007533 0.000035 0.029895
0 0 0.873689 0.066013 0.016580 0.000225 0.043493
0 0 0.837522 0.087026 0.024785 0.000592 0.050074
0 0 0.808721 0.098351 0.029628 0.000916 0.062384
0 0 0.810444 0.094493 0.027912 0.000792 0.066359
0 0 0.852262 0.077787 0.021030 0.000398 0.048522
0 0 0.833497 0.068756 0.017492 0.000257 0.079999
0 0 0.827069 0.059998 0.014360 0.000162 0.098411
0 0 0.729725 0.060997 0.015041 0.000199 0.194038
0 0 0.583004 0.063383 0.016952 0.000329 0.336331
0 0 0.671272 0.057418 0.014108 0.000185 0.257016
0 0 0.691978 0.069160 0.018249 0.000327 0.220286
4 0 0.391147 0.063477 0.019448 0.000711 0.525217
4 0 0.404600 0.057305 0.016618 0.000475 0.521002
4 0 0.399283 0.046366 0.012358 0.000243 0.541750
4 0 0.263383 0.038171 0.010480 0.000169 0.687797
4 0 0.366040 0.047098 0.012213 0.000119 0.574530
4 0 0.307341 0.045453 0.011729 0.000070 0.635407
4 0 0.406683 0.058888 0.015112 0.000076 0.519241
0 0 0.466541 0.061395 0.015839 0.000112 0.456112
0 0 0.523173 0.085755 0.024590 0.000281 0.366201
0 0 0.506393 0.106943 0.033885 0.000574 0.352205
0 0 0.564165 0.111284 0.035804 0.000862 0.287885
0 0 0.679083 0.114270 0.036570 0.001150 0.168927
0 0 0.741519 0.135813 0.064340 0.001598 0.056730
0 0 0.703571 0.149421 0.094296 0.005301 0.047412
0 0 0.769757 0.127774 0.045094 0.002564 0.054810
0 0 0.858126 0.079446 0.029826 0.000817 0.031785
0 0 0.854404 0.088030 0.025422 0.000636 0.031508
0 0 0.829283 0.100360 0.030725 0.001004 0.038627
0 0 0.807175 0.072499 0.018925 0.000314 0.101086
0 0 0.772915 0.086855 0.024730 0.000607 0.114893
4 0 0.037462 0.047301 0.021455 0.000200 0.893582
4 0 0.037303 0.082525 0.044978 0.000594 0.834601
4 1 0.030577 0.201812 0.151952 0.002507 0.613153
4 1 0.021915 0.268224 0.267740 0.005305 0.436816
2 1 0.032101 0.303253 0.384051 0.010772 0.269823
4 1 0.071087 0.276419 0.232795 0.009770 0.409929
4 1 0.143752 0.274854 0.170992 0.007368 0.403034
4 1 0.150798 0.291095 0.188464 0.006060 0.363584
1 1 0.126012 0.339120 0.262265 0.005261 0.267341
1 1 0.048974 0.324577 0.310306 0.002860 0.313283
4 1 0.014018 0.250429 0.291113 0.001882 0.442558
2 1 0.005642 0.242939 0.520559 0.001116 0.229743
4 1 0.013457 0.254157 0.362939 0.000739 0.368709
4 1 0.029499 0.256138 0.335799 0.000994 0.377570
4 1 0.136633 0.221081 0.154130 0.001182 0.486973
0 0 0.392518 0.154285 0.059614 0.001382 0.392201
0 0 0.688991 0.100036 0.031050 0.001140 0.178783
0 0 0.757416 0.096308 0.028781 0.000865 0.116630
0 0 0.659015 0.149423 0.050971 0.001170 0.139420
0 1 0.611145 0.154358 0.053311 0.001087 0.180099
2 2 0.023694 0.280715 0.581823 0.001986 0.111781
2 2 0.011542 0.213938 0.694457 0.002648 0.077414
2 2 0.003759 0.116744 0.832871 0.002958 0.043667
2 2 0.000809 0.042267 0.930502 0.005708 0.020714
2 2 0.000381 0.029475 0.953552 0.003710 0.012883
2 2 0.000189 0.020988 0.963363 0.004316 0.011144
2 2 0.000267 0.033693 0.946168 0.002365 0.017507
2 2 0.000476 0.050194 0.920550 0.002320 0.026461
2 2 0.000668 0.063893 0.904958 0.001655 0.028826
2 2 0.000571 0.059968 0.912221 0.001347 0.025893
2 2 0.001533 0.093724 0.873004 0.000915 0.030824
2 2 0.007333 0.206629 0.720993 0.000701 0.064344
2 2 0.015609 0.275104 0.602927 0.000866 0.105495
2 2 0.018616 0.278161 0.605689 0.001395 0.096139
2 2 0.024034 0.295318 0.548868 0.002178 0.129602
2 2 0.021905 0.257548 0.638907 0.001950 0.079689
2 2 0.018865 0.236332 0.648282 0.002166 0.094354
2 2 0.023565 0.222733 0.646782 0.002536 0.104384
2 2 0.028109 0.260137 0.635623 0.001896 0.074234
2 2 0.062338 0.338187 0.491471 0.002584 0.105421
2 2 0.010048 0.214468 0.730969 0.000844 0.043670
2 2 0.010387 0.204002 0.739491 0.000946 0.045174
2 2 0.017128 0.256269 0.664621 0.000853 0.061128
2 2 0.008425 0.179671 0.779238 0.000842 0.031825
2 2 0.004331 0.105788 0.875675 0.000862 0.013344
2 2 0.004908 0.094075 0.891581 0.000856 0.008579
2 2 0.002937 0.062767 0.929537 0.000592 0.004167
2 2 0.001027 0.033679 0.961678 0.000717 0.002899
2 2 0.000807 0.029382 0.965970 0.000825 0.003015
2 2 0.000875 0.034328 0.960916 0.000588 0.003292
2 2 0.001042 0.036324 0.958954 0.000578 0.003103
2 2 0.000996 0.034873 0.960660 0.000583 0.002889
2 2 0.000641 0.025506 0.971082 0.000607 0.002163
2 2 0.000442 0.023067 0.973177 0.000411 0.002904
2 2 0.000674 0.024423 0.969964 0.000593 0.004346
2 2 0.006817 0.068091 0.911464 0.001599 0.012029
2 0 0.046192 0.127951 0.801434 0.008468 0.015955
0 0 0.440424 0.235042 0.280938 0.011021 0.032575
0 0 0.625593 0.194086 0.144363 0.006927 0.029030
0 0 0.658873 0.177030 0.131564 0.007657 0.024877
2 1 0.011760 0.231090 0.396633 0.001135 0.359382
2 1 0.012265 0.240896 0.412286 0.001444 0.333108
2 1 0.014787 0.251691 0.436273 0.001258 0.295990
2 1 0.003780 0.154222 0.736251 0.001444 0.104303
2 2 0.002590 0.130079 0.795844 0.001133 0.070354
2 2 0.000990 0.065815 0.908020 0.001137 0.024039
2 2 0.001263 0.079176 0.895637 0.000659 0.023265
2 2 0.000508 0.040226 0.947189 0.000672 0.011406
2 2 0.000635 0.041544 0.941199 0.000920 0.015702
2 2 0.006346 0.104188 0.871478 0.002704 0.015284
2 2 0.070233 0.257009 0.602147 0.015559 0.055052
0 0 0.336391 0.273404 0.168252 0.018753 0.203200
0 0 0.624944 0.186568 0.079565 0.011809 0.097115
0 1 0.579221 0.222053 0.101308 0.014224 0.083194
0 1 0.486203 0.277890 0.149530 0.009091 0.077285
0 1 0.466676 0.249699 0.114029 0.006399 0.163198
0 1 0.458740 0.249547 0.110911 0.004203 0.176600
0 1 0.345716 0.279879 0.138870 0.006354 0.229180
1 1 0.243438 0.328343 0.181917 0.006271 0.240030
1 2 0.170198 0.378795 0.260356 0.004458 0.186192
2 2 0.000078 0.006354 0.991856 0.000952 0.000760
2 2 0.000078 0.006067 0.992123 0.000990 0.000741
2 2 0.000207 0.011765 0.986133 0.000666 0.001228
2 2 0.000615 0.020251 0.976072 0.000896 0.002166
2 2 0.000645 0.017653 0.979168 0.000966 0.001569
2 2 0.001045 0.019187 0.977025 0.001323 0.001420
2 2 0.000755 0.013835 0.982058 0.002267 0.001085
2 2 0.001247 0.021807 0.973483 0.001784 0.001679
2 2 0.000431 0.011259 0.985170 0.002222 0.000919
2 2 0.000284 0.010430 0.986569 0.001747 0.000971
2 2 0.000144 0.007883 0.989466 0.001632 0.000875
2 2 0.000107 0.006458 0.990285 0.002301 0.000850
2 2 0.000085 0.005735 0.991013 0.002362 0.000806
2 2 0.000520 0.011958 0.979343 0.006706 0.001473
2 2 0.008415 0.062312 0.912850 0.010055 0.006369
2 1 0.054110 0.228199 0.647244 0.010494 0.059952
1 1 0.167355 0.321986 0.273754 0.007422 0.229483
1 1 0.123948 0.330229 0.283752 0.006068 0.256003
4 1 0.140540 0.326049 0.195233 0.003447 0.334732
4 2 0.053132 0.318452 0.270162 0.001074 0.357180
2 2 0.023557 0.208537 0.614900 0.002501 0.150505
2 2 0.092338 0.275943 0.419957 0.007458 0.204304
4 2 0.150217 0.234131 0.131604 0.004875 0.479173
4 2 0.196158 0.217575 0.113400 0.004892 0.467975
4 2 0.069823 0.292210 0.238027 0.002347 0.397592
2 2 0.063010 0.335968 0.452457 0.003470 0.145096
2 2 0.017952 0.197253 0.758288 0.001542 0.024964
2 2 0.008629 0.128400 0.844117 0.001888 0.016966
2 2 0.002527 0.046804 0.942752 0.002563 0.005354
2 2 0.000430 0.011574 0.984367 0.002547 0.001083
2 2 0.000344 0.010402 0.985730 0.002510 0.001013
2 2 0.000382 0.011512 0.984396 0.002524 0.001184
2 2 0.000191 0.007222 0.988923 0.002809 0.000855
2 2 0.000192 0.006890 0.989768 0.002420 0.000729
2 2 0.000487 0.010869 0.983904 0.003695 0.001045
2 2 0.006231 0.047838 0.937698 0.003772 0.004460
