0 0 0.575966 0.150087 0.043749 0.004412 0.225787
0 0 0.508150 0.089174 0.011998 0.000091 0.390587
0 0 0.635216 0.060758 0.007034 0.000039 0.296953
0 0 0.633243 0.063853 0.007728 0.000049 0.295127
0 0 0.625133 0.107878 0.022691 0.000841 0.243458
0 0 0.578935 0.062029 0.007039 0.000027 0.351971
0 0 0.777035 0.045092 0.005798 0.000056 0.172018
0 0 0.747979 0.067915 0.012211 0.000329 0.171565
0 0 0.751823 0.077599 0.016769 0.000827 0.152983
0 0 0.779374 0.055440 0.008986 0.000184 0.156017
0 0 0.824007 0.039125 0.005346 0.000069 0.131452
0 0 0.849605 0.028846 0.003304 0.000026 0.118220
0 0 0.873121 0.026674 0.003271 0.000034 0.096900
0 0 0.824532 0.029643 0.003066 0.000016 0.142742
0 0 0.785551 0.026756 0.002147 0.000005 0.185541
0 0 0.548024 0.032823 0.001876 0.000001 0.417276
0 0 0.582442 0.033930 0.002100 0.000002 0.381526
0 0 0.506076 0.066713 0.006769 0.000021 0.420421
0 0 0.704682 0.097998 0.023789 0.001585 0.171946
0 0 0.729076 0.070780 0.012431 0.000301 0.187412
2 0 0.127088 0.313460 0.383864 0.024729 0.150859
2 0 0.091021 0.298117 0.428935 0.026812 0.155116
2 1 0.057393 0.265560 0.504829 0.014827 0.157392
2 1 0.051727 0.256287 0.531272 0.012587 0.148126
2 1 0.047963 0.247813 0.554942 0.010072 0.139209
2 1 0.060163 0.266850 0.474519 0.010515 0.187953
4 1 0.108444 0.292276 0.286521 0.012427 0.300332
4 4 0.117368 0.269417 0.206065 0.007547 0.399602
4 4 0.127599 0.233162 0.137676 0.003310 0.498253
4 4 0.140740 0.155167 0.058167 0.000366 0.645560
4 4 0.173241 0.129942 0.036509 0.000147 0.660162
4 1 0.158272 0.119663 0.033523 0.000096 0.688446
4 1 0.211711 0.140393 0.036517 0.000233 0.611147
4 1 0.173853 0.170176 0.059306 0.000618 0.596046
4 1 0.168908 0.227827 0.103888 0.003479 0.495898
2 1 0.096334 0.284679 0.317678 0.008361 0.292948
4 4 0.147893 0.297160 0.226695 0.013016 0.315237
4 4 0.141886 0.283142 0.215678 0.007212 0.352082
4 4 0.128800 0.232441 0.147504 0.002063 0.489193
4 1 0.084732 0.176291 0.104981 0.000832 0.633163
4 1 0.099181 0.174249 0.091900 0.000736 0.633935
4 1 0.154662 0.188212 0.077294 0.001087 0.578745
4 1 0.133331 0.228225 0.122149 0.003716 0.512579
4 1 0.188240 0.287736 0.174042 0.009950 0.340032
2 1 0.083948 0.280508 0.444934 0.007116 0.183494
2 1 0.052495 0.245691 0.581396 0.008529 0.111889
2 1 0.039701 0.230954 0.615074 0.012359 0.101912
2 1 0.033706 0.214924 0.656309 0.011493 0.083568
2 1 0.028280 0.197573 0.694587 0.008948 0.070612
2 1 0.007516 0.085453 0.877917 0.011864 0.017250
2 1 0.003417 0.053354 0.921428 0.012150 0.009650
2 1 0.001270 0.028477 0.958478 0.008079 0.003697
2 2 0.000378 0.013686 0.977740 0.006676 0.001520
2 2 0.000550 0.017620 0.972911 0.006689 0.002230
2 2 0.000452 0.015360 0.972623 0.009624 0.001941
2 2 0.000479 0.015188 0.968915 0.013654 0.001764
2 2 0.000674 0.017940 0.959112 0.020235 0.002039
2 2 0.000762 0.020410 0.961723 0.014463 0.002642
2 2 0.000440 0.014518 0.969107 0.014204 0.001732
2 2 0.000344 0.011925 0.962126 0.024275 0.001330
2 2 0.000221 0.007669 0.948106 0.043383 0.000621
2 2 0.000212 0.006021 0.908800 0.084547 0.000420
2 3 0.000309 0.006444 0.864955 0.127845 0.000446
2 3 0.000347 0.005830 0.799460 0.193962 0.000401
2 3 0.000327 0.004792 0.706692 0.287847 0.000342
2 3 0.000259 0.003093 0.546749 0.449684 0.000215
2 3 0.000350 0.003601 0.515249 0.480531 0.000269
2 3 0.000371 0.003750 0.537883 0.457732 0.000264
2 3 0.000345 0.003246 0.522528 0.473679 0.000202
3 3 0.000285 0.002572 0.493338 0.503663 0.000143
3 3 0.000268 0.001870 0.418088 0.579690 0.000083
3 3 0.000375 0.002188 0.430864 0.566486 0.000088
3 3 0.000441 0.002206 0.385524 0.611738 0.000091
3 3 0.000476 0.002005 0.318477 0.678957 0.000085
3 3 0.000645 0.002547 0.287649 0.709020 0.000139
3 3 0.000470 0.002716 0.396235 0.600435 0.000143
3 3 0.000435 0.003171 0.497783 0.498445 0.000165
3 3 0.000386 0.002548 0.471251 0.525702 0.000112
3 3 0.000309 0.002019 0.450790 0.546803 0.000080
3 3 0.000348 0.002112 0.430340 0.567115 0.000086
3 3 0.000309 0.001674 0.296057 0.701873 0.000087
3 3 0.000236 0.001634 0.371099 0.626955 0.000077
3 3 0.000499 0.002275 0.310095 0.687012 0.000119
3 3 0.000282 0.001670 0.311906 0.686054 0.000088
3 3 0.000232 0.000999 0.185372 0.813344 0.000053
3 3 0.000138 0.000813 0.241282 0.757732 0.000035
3 3 0.000173 0.000846 0.237457 0.761492 0.000033
3 3 0.000211 0.000846 0.215721 0.783192 0.000031
3 3 0.000172 0.000798 0.229314 0.769688 0.000029
3 3 0.000161 0.000661 0.174695 0.824457 0.000027
3 3 0.000192 0.000859 0.200647 0.798265 0.000038
3 3 0.000265 0.001019 0.184149 0.814517 0.000050
3 3 0.000590 0.001865 0.203697 0.793746 0.000103
3 3 0.000492 0.001331 0.153258 0.844847 0.000071
3 3 0.000628 0.001643 0.159048 0.838586 0.000094
3 3 0.000749 0.002557 0.240853 0.755687 0.000154
3 3 0.000935 0.003336 0.274786 0.720729 0.000214
3 3 0.000892 0.002872 0.227264 0.768780 0.000192
3 3 0.001112 0.003336 0.226792 0.768527 0.000234
3 3 0.001080 0.002934 0.214030 0.781773 0.000184
3 3 0.000750 0.002453 0.233498 0.763156 0.000144
3 3 0.000525 0.002074 0.258985 0.738304 0.000112
3 3 0.000564 0.002111 0.248518 0.748690 0.000116
3 3 0.000429 0.001741 0.250389 0.747353 0.000089
3 3 0.000423 0.001592 0.240696 0.757215 0.000075
3 3 0.000229 0.000892 0.202805 0.796040 0.000035
3 3 0.000193 0.000798 0.209776 0.789204 0.000029
3 3 0.000216 0.000673 0.158715 0.840373 0.000024
3 3 0.000178 0.000569 0.147370 0.851863 0.000020
3 3 0.000208 0.000382 0.070302 0.929093 0.000015
3 3 0.000337 0.000513 0.063786 0.935341 0.000023
3 3 0.000277 0.000413 0.054074 0.945218 0.000019
3 3 0.000433 0.000561 0.060405 0.938577 0.000024
3 3 0.000481 0.000635 0.067683 0.931174 0.000027
3 3 0.000673 0.000658 0.056887 0.941756 0.000027
3 3 0.000503 0.000601 0.061383 0.937488 0.000025
3 3 0.000301 0.000388 0.054662 0.944635 0.000014
3 3 0.000307 0.000603 0.085830 0.913234 0.000027
3 3 0.000382 0.000962 0.123585 0.875022 0.000049
3 3 0.000530 0.001463 0.157273 0.840652 0.000082
3 3 0.000252 0.000293 0.031037 0.968402 0.000016
3 3 0.000220 0.000221 0.025006 0.974541 0.000011
3 3 0.000216 0.000238 0.031231 0.968305 0.000010
3 3 0.000201 0.000274 0.043451 0.956063 0.000011
3 3 0.000265 0.000416 0.069721 0.929583 0.000015
3 3 0.000210 0.000408 0.089151 0.910219 0.000013
3 3 0.000260 0.000512 0.090182 0.909027 0.000019
3 3 0.000189 0.000357 0.066641 0.932798 0.000014
3 3 0.000295 0.000524 0.069663 0.929493 0.000025
3 3 0.000220 0.000428 0.066624 0.932708 0.000020
3 3 0.000280 0.000500 0.062869 0.936325 0.000026
3 3 0.000325 0.000540 0.053349 0.945753 0.000033
3 3 0.000292 0.000397 0.038362 0.960926 0.000024
3 3 0.000691 0.000850 0.057039 0.941369 0.000051
3 3 0.000652 0.000747 0.058083 0.940482 0.000037
3 3 0.000714 0.000930 0.081416 0.916898 0.000041
3 3 0.000527 0.000821 0.092655 0.905964 0.000034
3 3 0.000574 0.000923 0.101146 0.897319 0.000038
3 3 0.000517 0.000717 0.075596 0.923139 0.000031
3 3 0.000270 0.000540 0.087379 0.911788 0.000022
3 3 0.000506 0.001699 0.196437 0.801261 0.000097
3 3 0.000402 0.001183 0.156229 0.842126 0.000061
3 3 0.000461 0.000993 0.111193 0.887302 0.000051
3 3 0.000286 0.000574 0.083882 0.915232 0.000026
3 3 0.000309 0.000500 0.063409 0.935759 0.000023
3 3 0.000266 0.000490 0.065011 0.934209 0.000025
3 3 0.000266 0.000558 0.079913 0.919236 0.000027
3 3 0.000331 0.000780 0.105199 0.893650 0.000039
3 3 0.000389 0.000958 0.126766 0.871841 0.000046
3 3 0.000547 0.000978 0.091297 0.907126 0.000053
3 3 0.000389 0.000744 0.082881 0.915947 0.000039
3 3 0.000408 0.000526 0.056091 0.942951 0.000024
3 3 0.000776 0.000609 0.043106 0.955484 0.000026
3 3 0.000904 0.000960 0.066872 0.931219 0.000046
3 3 0.002130 0.003464 0.148632 0.845535 0.000238
2 2 0.001599 0.008849 0.495369 0.493430 0.000752
2 2 0.004084 0.023609 0.636411 0.333187 0.002709
2 2 0.001418 0.024882 0.904014 0.066180 0.003506
2 2 0.000748 0.018012 0.928723 0.050257 0.002260
2 2 0.000676 0.017964 0.936082 0.042771 0.002507
2 2 0.000249 0.009060 0.940713 0.049083 0.000895
2 2 0.000177 0.007707 0.967793 0.023612 0.000710
2 2 0.000167 0.007714 0.977622 0.013791 0.000707
2 2 0.000150 0.007032 0.980907 0.011357 0.000554
2 2 0.000229 0.009221 0.979724 0.010061 0.000765
2 2 0.000183 0.008383 0.984641 0.006084 0.000710
2 2 0.000256 0.010978 0.981248 0.006285 0.001233
2 2 0.000309 0.012066 0.975529 0.010643 0.001453
2 2 0.000275 0.011232 0.971767 0.015274 0.001451
2 2 0.000309 0.012134 0.973083 0.012911 0.001562
2 2 0.000258 0.010542 0.972172 0.015781 0.001246
2 2 0.000132 0.007130 0.981198 0.010772 0.000767
2 2 0.000202 0.009598 0.979110 0.009868 0.001223
2 2 0.000606 0.019451 0.965655 0.011035 0.003253
2 0 0.002886 0.051210 0.916688 0.016769 0.012448
2 0 0.008597 0.093366 0.852139 0.022262 0.023635
2 2 0.016525 0.125489 0.801322 0.029512 0.027152
2 2 0.022562 0.152655 0.762706 0.025468 0.036608
2 2 0.015862 0.130401 0.798437 0.021805 0.033496
2 2 0.004903 0.063308 0.896642 0.023252 0.011895
2 2 0.000268 0.011269 0.980450 0.006731 0.001282
2 2 0.000134 0.007138 0.984157 0.007880 0.000691
2 2 0.000167 0.008157 0.980605 0.010215 0.000855
2 2 0.000356 0.013596 0.971900 0.012213 0.001935
2 2 0.000269 0.012050 0.978335 0.007545 0.001801
2 2 0.000272 0.011743 0.976894 0.009454 0.001637
2 2 0.000174 0.008049 0.975657 0.015304 0.000817
2 2 0.000198 0.008709 0.974243 0.015945 0.000904
2 2 0.000147 0.007485 0.978510 0.013061 0.000797
2 2 0.000167 0.008466 0.979427 0.010902 0.001038
2 2 0.000346 0.013429 0.972116 0.012165 0.001944
2 2 0.001162 0.027051 0.950119 0.017437 0.004232
2 2 0.026939 0.148599 0.761430 0.035007 0.028025
2 1 0.139885 0.297053 0.470764 0.019813 0.072485
2 1 0.168530 0.313502 0.400848 0.018514 0.098605
2 1 0.180082 0.322620 0.351143 0.024038 0.122117
2 1 0.136711 0.312021 0.404231 0.052016 0.095021
2 1 0.141800 0.316256 0.379174 0.057441 0.105329
2 1 0.064470 0.268834 0.536684 0.028568 0.101445
2 1 0.047385 0.243611 0.578736 0.024551 0.105718
2 2 0.000171 0.008200 0.985889 0.005031 0.000710
2 2 0.000317 0.012775 0.980654 0.004766 0.001488
2 2 0.000353 0.014714 0.979941 0.002931 0.002060
2 2 0.000114 0.006835 0.988613 0.003762 0.000676
2 2 0.000152 0.008186 0.986482 0.004304 0.000875
2 2 0.000230 0.010718 0.983318 0.004450 0.001284
2 2 0.000290 0.012448 0.979059 0.006488 0.001715
2 2 0.000284 0.011362 0.977278 0.009795 0.001281
2 2 0.000494 0.015486 0.966777 0.015381 0.001863
2 2 0.000821 0.022780 0.962142 0.010728 0.003528
2 2 0.000410 0.016030 0.974370 0.006505 0.002685
2 2 0.000122 0.007397 0.986569 0.004995 0.000917
2 2 0.000098 0.006126 0.987524 0.005632 0.000620
2 2 0.000443 0.015449 0.974381 0.007749 0.001978
2 2 0.001039 0.026815 0.960502 0.007427 0.004217
2 1 0.005380 0.070241 0.898317 0.010986 0.015076
2 1 0.040354 0.171945 0.724080 0.009333 0.054288
0 1 0.364385 0.273242 0.205887 0.007118 0.149368
0 1 0.417018 0.234550 0.105683 0.003720 0.239030
4 1 0.339409 0.223982 0.072826 0.002226 0.361558
2 1 0.009478 0.093507 0.866551 0.013674 0.016791
2 1 0.003723 0.052259 0.921468 0.014954 0.007596
2 1 0.001849 0.035711 0.946217 0.011039 0.005184
2 1 0.000815 0.023131 0.965004 0.007506 0.003543
2 2 0.000310 0.012254 0.977585 0.008389 0.001461
2 2 0.000262 0.010439 0.979503 0.008795 0.001002
2 2 0.000371 0.013266 0.978984 0.006043 0.001336
2 2 0.000210 0.009758 0.984413 0.004610 0.001008
2 2 0.000266 0.011059 0.982501 0.005060 0.001115
2 2 0.001503 0.032668 0.950173 0.010410 0.005245
2 2 0.009236 0.092866 0.863853 0.009760 0.024286
2 1 0.074766 0.243971 0.593672 0.010175 0.077417
2 1 0.197663 0.309537 0.381157 0.009041 0.102602
1 1 0.250998 0.313820 0.265158 0.006965 0.163059
1 1 0.229316 0.321863 0.257864 0.015101 0.175855
2 1 0.115310 0.283534 0.513936 0.028515 0.058705
2 1 0.053477 0.216989 0.674856 0.020204 0.034474
2 2 0.008962 0.083317 0.878796 0.017570 0.011355
2 2 0.006491 0.071584 0.884115 0.025740 0.012070
2 2 0.002607 0.043433 0.932153 0.015031 0.006776
2 2 0.000091 0.005854 0.989859 0.003668 0.000528
2 2 0.000110 0.006552 0.989225 0.003519 0.000594
2 2 0.000063 0.004597 0.991058 0.003900 0.000382
2 2 0.000043 0.003604 0.991975 0.004095 0.000283
2 2 0.000034 0.003026 0.991682 0.005036 0.000222
2 2 0.000042 0.003379 0.986925 0.009394 0.000260
2 2 0.000058 0.004185 0.987762 0.007649 0.000346
2 2 0.000130 0.007104 0.984953 0.007099 0.000714
2 2 0.000160 0.008153 0.984170 0.006668 0.000849
2 2 0.000327 0.012058 0.974134 0.012165 0.001316
2 2 0.000468 0.014692 0.967903 0.015309 0.001629
2 2 0.000717 0.019615 0.964851 0.012406 0.002411
2 2 0.001300 0.027970 0.952909 0.014134 0.003688
2 2 0.002792 0.043590 0.926357 0.020813 0.006447
2 0 0.009836 0.077059 0.856371 0.047004 0.009731
2 0 0.039502 0.099972 0.766579 0.082429 0.011517
2 0 0.234281 0.206430 0.484817 0.033655 0.040817
0 0 0.435236 0.186999 0.304149 0.032442 0.041174
0 0 0.752675 0.110070 0.052799 0.001757 0.082700
0 0 0.822470 0.070321 0.022032 0.000693 0.084485
0 0 0.691121 0.072829 0.011670 0.000198 0.224182
0 0 0.638507 0.078848 0.011977 0.000159 0.270510
4 0 0.330162 0.100651 0.021712 0.000074 0.547400
4 0 0.169011 0.100563 0.024753 0.000042 0.705630
4 0 0.321986 0.144492 0.034791 0.000420 0.498311
4 0 0.288460 0.145474 0.031497 0.000345 0.534224
4 0 0.334061 0.188643 0.045754 0.001809 0.429733
1 1 0.247342 0.299480 0.150807 0.022350 0.280021
2 1 0.141806 0.316283 0.378879 0.057592 0.105440
2 1 0.113723 0.295441 0.458019 0.060171 0.072646
2 1 0.092624 0.268651 0.544877 0.044548 0.049299
2 1 0.070248 0.236603 0.628497 0.029453 0.035198
2 1 0.052830 0.210668 0.687142 0.019690 0.029671
2 1 0.048615 0.210363 0.688920 0.017737 0.034364
2 1 0.038341 0.194821 0.719278 0.012864 0.034695
2 1 0.030710 0.174124 0.755493 0.010551 0.029122
2 1 0.034383 0.180267 0.745102 0.011997 0.028251
2 1 0.039814 0.195700 0.717883 0.013499 0.033105
2 2 0.022153 0.142498 0.797955 0.014804 0.022590
2 2 0.014366 0.114312 0.840697 0.012541 0.018085
2 2 0.000187 0.008992 0.986893 0.003121 0.000807
2 2 0.000150 0.008163 0.988516 0.002387 0.000786
2 2 0.000092 0.005851 0.991097 0.002485 0.000475
2 2 0.000084 0.005682 0.991873 0.001883 0.000478
2 2 0.000091 0.006154 0.991708 0.001495 0.000552
2 2 0.000102 0.006561 0.990875 0.001857 0.000605
2 2 0.000079 0.005235 0.991501 0.002782 0.000403
2 2 0.000178 0.008689 0.986857 0.003488 0.000789
2 2 0.000106 0.006305 0.989870 0.003194 0.000524
2 2 0.000061 0.004475 0.991918 0.003202 0.000344
2 2 0.000077 0.005136 0.990979 0.003398 0.000411
2 2 0.000067 0.004675 0.991154 0.003739 0.000365
2 2 0.001320 0.027158 0.955974 0.012543 0.003005
2 0 0.010170 0.076808 0.851328 0.051861 0.009833
2 0 0.155543 0.237341 0.507782 0.046774 0.052560
2 0 0.207928 0.255832 0.456485 0.032161 0.047596
2 1 0.163751 0.276794 0.474473 0.027176 0.057806
2 1 0.111724 0.287697 0.495456 0.042258 0.062866
2 1 0.083603 0.262758 0.564480 0.038594 0.050565
2 1 0.044686 0.213698 0.681151 0.016076 0.044390
2 2 0.000971 0.025713 0.962923 0.006514 0.003880
2 2 0.000961 0.023408 0.965897 0.007146 0.002589
2 2 0.002164 0.037413 0.948077 0.008083 0.004264
2 2 0.000832 0.022369 0.969130 0.005039 0.002630
2 2 0.000314 0.012530 0.982155 0.003694 0.001307
2 2 0.000120 0.006929 0.988967 0.003349 0.000636
2 2 0.000198 0.008992 0.985671 0.004369 0.000770
2 2 0.000460 0.014577 0.977437 0.006211 0.001315
2 2 0.000511 0.015118 0.975863 0.007221 0.001286
2 2 0.000223 0.009056 0.982274 0.007742 0.000705
2 2 0.000202 0.008648 0.983757 0.006714 0.000680
2 2 0.000358 0.011965 0.976886 0.009799 0.000993
2 2 0.003370 0.042422 0.920139 0.029942 0.004128
2 0 0.045355 0.161294 0.725583 0.043042 0.024726
2 0 0.254652 0.255316 0.417056 0.020570 0.052406
0 0 0.326612 0.279299 0.270502 0.012878 0.110709
0 0 0.350967 0.274476 0.228661 0.018790 0.127106
1 0 0.243153 0.317588 0.228462 0.013617 0.197179
2 0 0.185199 0.321874 0.350313 0.020457 0.122157
2 1 0.141749 0.310363 0.421054 0.036796 0.090037
2 1 0.000723 0.021768 0.967439 0.006713 0.003356
2 2 0.000566 0.017284 0.972088 0.008069 0.001992
2 2 0.000529 0.017198 0.972794 0.007276 0.002202
2 2 0.000657 0.020566 0.970041 0.005698 0.003037
2 2 0.000271 0.011191 0.981440 0.005924 0.001173
2 2 0.000665 0.019847 0.971719 0.005310 0.002460
2 2 0.001896 0.037418 0.949638 0.005775 0.005274
2 2 0.002447 0.043818 0.941228 0.005992 0.006514
2 2 0.005224 0.069222 0.905312 0.007975 0.012267
2 2 0.010199 0.102886 0.855992 0.009667 0.021256
2 2 0.002268 0.045706 0.937961 0.004995 0.009069
2 2 0.002218 0.043418 0.938896 0.007346 0.008123
2 2 0.000289 0.010985 0.978315 0.009367 0.001045
2 2 0.000339 0.012264 0.978111 0.008084 0.001202
2 2 0.000170 0.008079 0.984337 0.006699 0.000715
2 2 0.000059 0.004446 0.991083 0.004027 0.000386
2 2 0.000086 0.005376 0.987847 0.006238 0.000454
2 2 0.000069 0.004576 0.985770 0.009212 0.000373
2 2 0.000153 0.007670 0.983068 0.008368 0.000741
2 2 0.000086 0.005410 0.986267 0.007740 0.000497
2 2 0.187562 0.162011 0.595374 0.038085 0.016968
0 0 0.407164 0.178514 0.362024 0.028254 0.024043
2 0 0.340586 0.236152 0.348872 0.023168 0.051222
2 0 0.262864 0.285164 0.345649 0.019243 0.087080
2 0 0.174710 0.320929 0.364502 0.024337 0.115522
2 0 0.119196 0.301845 0.429302 0.067665 0.081992
2 0 0.069994 0.252561 0.591479 0.031506 0.054460
2 1 0.002715 0.045598 0.934139 0.010380 0.007168
2 2 0.000729 0.020931 0.967310 0.008166 0.002863
2 2 0.000102 0.006205 0.986934 0.006149 0.000609
2 2 0.000098 0.005813 0.984294 0.009257 0.000538
2 2 0.000150 0.007873 0.985802 0.005386 0.000789
2 2 0.000091 0.005929 0.989491 0.003915 0.000574
2 2 0.000096 0.005826 0.989492 0.004110 0.000476
2 2 0.000065 0.004161 0.988028 0.007487 0.000260
2 2 0.000103 0.005716 0.986250 0.007505 0.000425
2 2 0.000166 0.007814 0.981639 0.009683 0.000698
2 2 0.000094 0.005668 0.984053 0.009654 0.000531
2 2 0.000054 0.003767 0.983089 0.012814 0.000277
2 2 0.000050 0.003588 0.986671 0.009452 0.000239
2 2 0.000084 0.005637 0.990388 0.003370 0.000521
2 2 0.000041 0.003412 0.991288 0.005008 0.000251
2 2 0.000047 0.003937 0.992287 0.003389 0.000340
2 2 0.000048 0.003877 0.992522 0.003252 0.000301
2 2 0.000027 0.002482 0.989143 0.008192 0.000156
2 2 0.000050 0.003647 0.988665 0.007390 0.000247
2 2 0.000062 0.004415 0.989322 0.005845 0.000356
2 2 0.000052 0.004096 0.990447 0.005043 0.000362
2 2 0.000041 0.003329 0.987965 0.008412 0.000252
2 2 0.000062 0.004194 0.985642 0.009788 0.000314
2 2 0.000897 0.020688 0.958734 0.017607 0.002074
2 2 0.011800 0.072671 0.854100 0.054717 0.006713
2 0 0.158819 0.148471 0.634503 0.042798 0.015409
0 0 0.471050 0.176550 0.303108 0.020962 0.028330
0 0 0.514031 0.186896 0.240945 0.014443 0.043685
0 0 0.397235 0.234225 0.293013 0.012839 0.062688
0 0 0.534272 0.195772 0.095320 0.001822 0.172813
0 0 0.395846 0.227172 0.086968 0.003196 0.286817
0 0 0.562432 0.130954 0.030898 0.000638 0.275078
0 0 0.553271 0.197497 0.134251 0.002409 0.112572
2 0 0.138567 0.316021 0.369873 0.021693 0.153847
1 0 0.205554 0.326333 0.283992 0.023430 0.160691
2 0 0.188681 0.321050 0.350548 0.018101 0.121620
2 0 0.152934 0.302932 0.446362 0.017034 0.080737
2 0 0.164483 0.304670 0.432297 0.013327 0.085224
2 0 0.166483 0.313815 0.401243 0.019865 0.098594
1 0 0.285156 0.296784 0.172917 0.006843 0.238300
0 0 0.338822 0.249581 0.102370 0.002400 0.306827
4 0 0.333546 0.201973 0.066569 0.000631 0.397281
4 0 0.222537 0.159476 0.050287 0.000221 0.567479
4 0 0.306803 0.101849 0.015888 0.000060 0.575400
4 0 0.217053 0.119443 0.026822 0.000103 0.636579
4 0 0.337756 0.091100 0.012187 0.000039 0.558919
4 0 0.110476 0.091222 0.026499 0.000026 0.771778
4 0 0.069944 0.061820 0.018230 0.000005 0.850002
4 0 0.047179 0.058627 0.021921 0.000004 0.872270
4 0 0.087601 0.054450 0.012389 0.000002 0.845557
4 0 0.066894 0.056250 0.015890 0.000003 0.860962
4 0 0.087060 0.099113 0.036387 0.000040 0.777399
4 0 0.061361 0.133479 0.084826 0.000225 0.720109
4 0 0.301852 0.127244 0.026561 0.000189 0.544154
4 0 0.414515 0.130240 0.023360 0.000355 0.431529
0 0 0.551604 0.130627 0.029319 0.000945 0.287506
0 0 0.469169 0.230633 0.187039 0.006409 0.106750
0 0 0.451566 0.232291 0.220240 0.007607 0.088298
0 0 0.513285 0.207655 0.189442 0.012263 0.077355
0 0 0.508101 0.203710 0.207516 0.015529 0.065143
2 0 0.321847 0.180026 0.431697 0.046375 0.020054
2 0 0.194857 0.201619 0.548515 0.030147 0.024863
2 0 0.206711 0.314885 0.349039 0.012522 0.116843
1 0 0.272050 0.306939 0.211016 0.006891 0.203103
0 0 0.293056 0.290297 0.158440 0.006097 0.252111
1 0 0.265963 0.308984 0.209516 0.008391 0.207146
0 0 0.293696 0.279284 0.130945 0.007101 0.288973
0 0 0.311333 0.262564 0.110170 0.004783 0.311150
4 0 0.307233 0.255182 0.098168 0.005409 0.334007
1 0 0.188104 0.323504 0.292057 0.019467 0.176869
4 0 0.262613 0.276606 0.132159 0.007096 0.321527
4 0 0.205004 0.242062 0.109446 0.003626 0.439862
4 0 0.133984 0.207144 0.106600 0.001506 0.550766
4 0 0.064868 0.064909 0.020983 0.000006 0.849235
4 0 0.089508 0.055066 0.012449 0.000003 0.842974
4 0 0.156479 0.068483 0.012415 0.000007 0.762616
4 0 0.163957 0.087744 0.018733 0.000021 0.729544
4 0 0.132124 0.093352 0.024352 0.000028 0.750143
4 0 0.141770 0.090346 0.021856 0.000024 0.746004
4 1 0.172424 0.153322 0.049380 0.000349 0.624525
4 1 0.185291 0.282725 0.216559 0.002683 0.312741
1 1 0.173091 0.310280 0.303241 0.007360 0.206028
2 1 0.151406 0.313571 0.337172 0.012041 0.185810
2 1 0.139742 0.311677 0.369203 0.013192 0.166186
2 1 0.069468 0.264010 0.542143 0.009226 0.115153
2 1 0.042462 0.223416 0.645573 0.008539 0.080010
2 1 0.034989 0.211599 0.667394 0.008657 0.077362
2 1 0.032608 0.205638 0.679344 0.007976 0.074435
2 1 0.036853 0.211605 0.666819 0.006487 0.078237
2 1 0.028906 0.190615 0.713424 0.006336 0.060719
2 1 0.025194 0.181135 0.733389 0.007508 0.052774
2 1 0.034419 0.207139 0.683739 0.010745 0.063958
2 1 0.062698 0.260969 0.558694 0.015811 0.101828
2 1 0.109044 0.286830 0.494788 0.046893 0.062445
2 1 0.114790 0.292068 0.480254 0.045575 0.067313
2 1 0.103873 0.283580 0.498885 0.053470 0.060192
2 1 0.100902 0.282559 0.503739 0.051366 0.061435
2 1 0.040388 0.214240 0.675894 0.014224 0.055254
2 1 0.026271 0.170821 0.753276 0.011403 0.038230
2 1 0.017869 0.142403 0.797010 0.009800 0.032918
2 1 0.006309 0.075759 0.896361 0.008678 0.012893
2 1 0.004183 0.057843 0.920499 0.008962 0.008512
2 2 0.004722 0.061616 0.915524 0.009198 0.008941
2 2 0.002996 0.049246 0.932180 0.007757 0.007821
2 2 0.001181 0.027854 0.959155 0.007927 0.003883
2 2 0.000320 0.011238 0.974886 0.012559 0.000996
2 2 0.000356 0.012615 0.976094 0.009654 0.001280
2 2 0.000303 0.012157 0.980796 0.005405 0.001339
2 2 0.000203 0.010101 0.983815 0.004596 0.001284
2 2 0.000354 0.014044 0.979465 0.004337 0.001800
2 2 0.000778 0.022333 0.969503 0.004447 0.002939
2 2 0.002236 0.042841 0.943354 0.004803 0.006766
2 2 0.005324 0.070302 0.905657 0.006586 0.012131
2 2 0.014575 0.116937 0.837151 0.011911 0.019426
2 2 0.006477 0.075259 0.896113 0.009974 0.012177
2 2 0.002654 0.043799 0.938166 0.009342 0.006039
2 2 0.001675 0.033210 0.950543 0.010127 0.004446
2 2 0.002945 0.045025 0.935164 0.011134 0.005733
2 2 0.006726 0.070367 0.898401 0.015539 0.008967
2 2 0.052321 0.135293 0.780654 0.016035 0.015697
2 2 0.315208 0.203671 0.433786 0.015039 0.032297
0 0 0.435741 0.203867 0.303430 0.015434 0.041528
0 1 0.626280 0.164579 0.139005 0.005600 0.064536
0 1 0.618505 0.170102 0.124492 0.007306 0.079594
0 0 0.570321 0.185144 0.093249 0.004103 0.147183
0 0 0.369085 0.252388 0.114230 0.006945 0.257351
0 0 0.374608 0.252339 0.119630 0.003627 0.249796
0 0 0.355309 0.275680 0.181019 0.005610 0.182382
2 0 0.170824 0.318017 0.381138 0.022413 0.107607
2 1 0.177373 0.323645 0.346836 0.027669 0.124476
2 2 0.141025 0.313008 0.405133 0.045185 0.095649
2 2 0.109656 0.291077 0.472972 0.058548 0.067746
2 2 0.097484 0.284452 0.500033 0.049393 0.068638
2 2 0.005519 0.068634 0.896555 0.016771 0.012521
2 2 0.004514 0.058034 0.907199 0.021176 0.009077
2 2 0.002498 0.039788 0.930700 0.021666 0.005349
2 2 0.003559 0.049146 0.914475 0.025660 0.007159
2 2 0.006629 0.067301 0.876703 0.039740 0.009627
2 2 0.003517 0.045089 0.907221 0.038737 0.005436
2 2 0.004601 0.055081 0.900524 0.032231 0.007563
2 2 0.002221 0.035055 0.924011 0.034447 0.004266
2 2 0.002423 0.036755 0.919247 0.037050 0.004525
2 2 0.006319 0.067828 0.880414 0.034754 0.010685
2 2 0.002978 0.041340 0.899221 0.050866 0.005596
2 2 0.005831 0.062454 0.868011 0.053962 0.009742
2 2 0.002268 0.034677 0.911740 0.047068 0.004247
2 2 0.001961 0.033771 0.926016 0.033600 0.004652
2 2 0.001221 0.024912 0.929248 0.041377 0.003242
2 2 0.000663 0.016659 0.930914 0.049851 0.001913
2 2 0.001051 0.021628 0.920420 0.054411 0.002490
2 2 0.000867 0.018713 0.919077 0.059382 0.001961
2 2 0.001454 0.025769 0.903539 0.066212 0.003026
2 2 0.001313 0.024439 0.897312 0.073885 0.003050
2 3 0.000517 0.014366 0.939930 0.043622 0.001566
2 2 0.000487 0.014326 0.952420 0.031172 0.001595
2 2 0.000245 0.009363 0.967540 0.021990 0.000862
2 2 0.000193 0.008108 0.971028 0.019952 0.000719
2 2 0.000266 0.009256 0.952626 0.037062 0.000790
2 2 0.000775 0.014637 0.913528 0.069790 0.001270
2 2 0.000633 0.016777 0.949983 0.030710 0.001897
2 2 0.000783 0.019863 0.953106 0.023762 0.002486
2 2 0.000839 0.021737 0.963057 0.011621 0.002745
2 2 0.000920 0.022951 0.963001 0.010304 0.002826
2 2 0.001103 0.025443 0.961849 0.008628 0.002976
2 2 0.000300 0.011111 0.976845 0.010699 0.001045
2 2 0.000477 0.014297 0.968978 0.014884 0.001364
2 2 0.000324 0.011265 0.971740 0.015637 0.001033
2 2 0.000256 0.010079 0.975988 0.012705 0.000972
2 2 0.000147 0.007304 0.978636 0.013197 0.000716
2 2 0.000156 0.007099 0.961625 0.030438 0.000682
2 2 0.000267 0.009650 0.948899 0.040206 0.000978
2 2 0.000308 0.011226 0.964499 0.022712 0.001255
2 2 0.000128 0.006801 0.978377 0.013992 0.000702
2 2 0.000360 0.011785 0.945483 0.041049 0.001323
2 3 0.000241 0.008659 0.939497 0.050645 0.000958
2 3 0.000263 0.008644 0.934512 0.055650 0.000931
2 3 0.000226 0.006864 0.932734 0.059572 0.000605
2 3 0.000193 0.005378 0.918668 0.075360 0.000402
2 3 0.000220 0.003863 0.813806 0.181913 0.000200
2 3 0.000257 0.004327 0.809589 0.185576 0.000252
2 3 0.000222 0.003815 0.793868 0.201885 0.000210
2 3 0.000202 0.003501 0.736246 0.259838 0.000213
2 3 0.000305 0.003994 0.626084 0.369330 0.000287
2 3 0.000390 0.004802 0.591290 0.403105 0.000413
2 3 0.000374 0.004253 0.564823 0.430213 0.000337
3 3 0.000588 0.004752 0.494207 0.500084 0.000369
3 3 0.000614 0.004656 0.493205 0.501188 0.000337
2 3 0.000416 0.004059 0.538974 0.456259 0.000291
2 3 0.000439 0.004346 0.529262 0.465611 0.000343
2 3 0.000620 0.005511 0.528437 0.464964 0.000467
2 3 0.000612 0.005157 0.537243 0.456602 0.000386
2 3 0.000713 0.005288 0.508989 0.484619 0.000391
3 3 0.000425 0.002741 0.396992 0.599682 0.000161
3 3 0.003510 0.008993 0.296999 0.689715 0.000782
3 3 0.002479 0.005566 0.224483 0.767036 0.000436
3 3 0.001531 0.002988 0.164707 0.830581 0.000193
3 3 0.001368 0.002668 0.175441 0.820376 0.000147
3 3 0.000861 0.001614 0.147230 0.850220 0.000074
3 3 0.001044 0.001477 0.122636 0.874783 0.000061
3 3 0.000784 0.000819 0.079033 0.919336 0.000028
3 3 0.001233 0.001022 0.079511 0.918201 0.000033
3 3 0.000682 0.000653 0.070405 0.928240 0.000020
3 3 0.000665 0.000713 0.077342 0.921257 0.000023
3 3 0.000591 0.000710 0.087356 0.911319 0.000022
3 3 0.000488 0.000670 0.096681 0.902141 0.000020
3 3 0.000618 0.000739 0.104738 0.893886 0.000019
3 3 0.000672 0.000794 0.110738 0.887776 0.000020
3 3 0.001238 0.001474 0.151511 0.845738 0.000040
3 3 0.001167 0.001780 0.204191 0.792814 0.000048
3 3 0.000711 0.001146 0.158248 0.839862 0.000032
3 3 0.000836 0.001089 0.113423 0.884615 0.000037
3 3 0.000693 0.000781 0.077163 0.921334 0.000028
3 3 0.000856 0.001075 0.092477 0.905549 0.000044
3 3 0.000739 0.001330 0.131071 0.866802 0.000059
3 3 0.000853 0.001701 0.159094 0.838274 0.000078
3 3 0.000892 0.001885 0.170496 0.826637 0.000090
3 3 0.000849 0.001459 0.132829 0.864799 0.000065
3 3 0.001090 0.001607 0.117493 0.879733 0.000077
3 3 0.001195 0.001525 0.111038 0.886176 0.000066
3 3 0.001532 0.001950 0.138493 0.857948 0.000077
3 3 0.001519 0.001649 0.110865 0.885901 0.000065
3 3 0.001648 0.001528 0.100113 0.896655 0.000056
3 3 0.001267 0.001485 0.124474 0.872723 0.000051
3 3 0.001331 0.001545 0.122226 0.874843 0.000055
3 3 0.001161 0.001216 0.091011 0.906565 0.000047
3 3 0.000995 0.000979 0.074514 0.923473 0.000039
3 3 0.001091 0.001047 0.077007 0.920815 0.000041
3 3 0.002103 0.002304 0.129902 0.865595 0.000096
3 3 0.001767 0.001745 0.108022 0.888398 0.000068
3 3 0.002492 0.002210 0.109366 0.885841 0.000091
3 3 0.002237 0.002640 0.139536 0.855467 0.000120
3 3 0.004186 0.004393 0.155282 0.835912 0.000226
3 3 0.002380 0.003992 0.192525 0.800875 0.000228
3 3 0.001121 0.001361 0.088984 0.908468 0.000067
3 3 0.001371 0.001579 0.093520 0.903452 0.000078
3 3 0.001247 0.001889 0.147607 0.849177 0.000079
3 3 0.001186 0.001642 0.129731 0.867375 0.000067
3 3 0.001056 0.001245 0.110003 0.887652 0.000044
3 3 0.001129 0.001041 0.087995 0.909802 0.000033
3 3 0.001014 0.000842 0.068765 0.929351 0.000028
3 3 0.001424 0.001289 0.093823 0.903420 0.000044
3 3 0.001244 0.001308 0.106875 0.890530 0.000044
3 3 0.000984 0.000997 0.089635 0.908351 0.000033
3 3 0.001223 0.001160 0.083822 0.913751 0.000044
3 3 0.000829 0.000989 0.087182 0.910962 0.000039
3 3 0.001202 0.001288 0.095945 0.901516 0.000050
3 3 0.002181 0.002952 0.168204 0.826532 0.000131
3 2 0.003415 0.007528 0.358328 0.630340 0.000389
2 2 0.005408 0.024060 0.736291 0.232646 0.001596
2 2 0.007930 0.058067 0.873248 0.054931 0.005824
2 1 0.034695 0.131448 0.767765 0.050825 0.015267
2 1 0.060419 0.211467 0.658154 0.035606 0.034356
2 1 0.087824 0.253535 0.585976 0.031339 0.041326
0 0 0.364914 0.230843 0.083464 0.003476 0.317304
4 0 0.328867 0.240408 0.087061 0.003065 0.340598
4 0 0.330794 0.238390 0.085345 0.002908 0.342563
4 1 0.328817 0.225453 0.079909 0.001562 0.364259
4 1 0.238339 0.218077 0.091495 0.000970 0.451119
0 0 0.343446 0.273369 0.151928 0.004229 0.227029
4 0 0.301641 0.262413 0.106015 0.006224 0.323708
4 0 0.314909 0.244861 0.088068 0.004395 0.347768
4 0 0.349761 0.218280 0.069859 0.001688 0.360412
4 0 0.320850 0.168777 0.044634 0.000828 0.464911
4 0 0.184441 0.114612 0.027880 0.000079 0.672987
4 0 0.113984 0.097708 0.029323 0.000035 0.758949
4 0 0.117709 0.122570 0.043092 0.000108 0.716522
4 1 0.263247 0.148386 0.034743 0.000354 0.553269
0 1 0.393059 0.220440 0.087062 0.003840 0.295600
0 1 0.448745 0.223244 0.098710 0.005142 0.224160
0 1 0.457987 0.216852 0.092161 0.004252 0.228748
0 1 0.469583 0.155071 0.036846 0.001017 0.337483
0 1 0.596207 0.115580 0.024546 0.000901 0.262765
0 0 0.623116 0.109547 0.023362 0.000903 0.243072
4 0 0.262541 0.049557 0.004861 0.000002 0.683039
4 0 0.331421 0.053385 0.004738 0.000003 0.610454
4 0 0.218707 0.080408 0.013110 0.000015 0.687759
4 0 0.158059 0.106828 0.027362 0.000055 0.707696
4 0 0.136391 0.104300 0.029062 0.000048 0.730199
4 0 0.275889 0.100587 0.016700 0.000051 0.606772
4 0 0.411203 0.099041 0.014834 0.000086 0.474837
4 0 0.325798 0.103611 0.015735 0.000069 0.554787
0 0 0.481477 0.098270 0.014016 0.000124 0.406113
0 0 0.473709 0.112923 0.018394 0.000245 0.394729
0 0 0.541178 0.145506 0.037881 0.001280 0.274155
4 0 0.252315 0.153331 0.049638 0.000485 0.544231
4 0 0.140143 0.133382 0.048080 0.000173 0.678222
4 0 0.159207 0.138716 0.058910 0.000246 0.642922
0 0 0.394813 0.154051 0.061463 0.001294 0.388379
4 0 0.201330 0.149902 0.060205 0.000404 0.588159
4 0 0.181926 0.134300 0.041576 0.000187 0.642010
4 0 0.125616 0.101146 0.029139 0.000042 0.744058
4 0 0.094045 0.080019 0.023470 0.000014 0.802451
4 0 0.072304 0.088391 0.033790 0.000024 0.805492
4 0 0.107804 0.069239 0.016448 0.000007 0.806502
4 0 0.124092 0.042490 0.006222 0.000001 0.827196
4 0 0.333882 0.079508 0.009620 0.000020 0.576971
4 0 0.351110 0.157649 0.031929 0.000686 0.458627
4 0 0.318790 0.208921 0.056908 0.003211 0.412170
4 0 0.279265 0.176163 0.045552 0.000965 0.498055
4 0 0.225845 0.162646 0.045568 0.000527 0.565414
4 0 0.123354 0.158436 0.066276 0.000413 0.651521
4 0 0.096843 0.120178 0.047729 0.000101 0.735149
4 0 0.177728 0.138930 0.040461 0.000209 0.642672
4 0 0.330997 0.135847 0.025365 0.000280 0.507511
4 0 0.354648 0.159509 0.032400 0.000744 0.452699
4 0 0.305444 0.145565 0.030335 0.000368 0.518288
4 0 0.209472 0.151847 0.042386 0.000351 0.595945
4 0 0.118563 0.145687 0.058554 0.000264 0.676933
4 0 0.091666 0.149997 0.074039 0.000325 0.683974
4 0 0.179288 0.182972 0.066219 0.000940 0.570582
4 0 0.279815 0.210821 0.063149 0.002878 0.443338
4 0 0.293237 0.239753 0.077595 0.007421 0.381994
1 0 0.257522 0.301290 0.161041 0.016019 0.264128
4 0 0.318255 0.209610 0.057317 0.003272 0.411547
4 1 0.253281 0.174013 0.047611 0.000827 0.524268
4 1 0.241540 0.111291 0.021940 0.000077 0.625153
4 1 0.178208 0.103084 0.023601 0.000047 0.695060
4 4 0.153877 0.088660 0.019951 0.000022 0.737490
4 4 0.066201 0.103323 0.047613 0.000052 0.782810
4 4 0.054726 0.090710 0.043136 0.000030 0.811399
4 4 0.054823 0.099129 0.050532 0.000046 0.795470
4 4 0.030291 0.069411 0.040656 0.000010 0.859632
4 4 0.066701 0.086244 0.034235 0.000022 0.812799
4 4 0.187766 0.132987 0.035990 0.000169 0.643088
4 4 0.352733 0.162295 0.033555 0.000814 0.450603
4 1 0.331609 0.206770 0.057270 0.002341 0.402010
0 1 0.289757 0.281041 0.132254 0.007849 0.289099
1 1 0.244459 0.316353 0.216639 0.014736 0.207813
1 1 0.226070 0.322643 0.242565 0.019578 0.189144
1 1 0.252336 0.308987 0.183677 0.015711 0.239289
4 1 0.282811 0.281675 0.129732 0.009575 0.296207
1 1 0.271436 0.297941 0.161790 0.010867 0.257967
1 1 0.260242 0.307349 0.185824 0.012356 0.234230
1 1 0.221698 0.323769 0.248467 0.020983 0.185083
1 1 0.238424 0.319388 0.244420 0.013258 0.184510
1 1 0.248363 0.316150 0.233464 0.011044 0.190980
2 1 0.172633 0.319469 0.373213 0.023361 0.111323
2 1 0.148152 0.312297 0.413974 0.032274 0.093302
1 1 0.208193 0.324148 0.302409 0.017454 0.147797
1 1 0.215788 0.324023 0.284564 0.016953 0.158671
2 1 0.180110 0.322272 0.353082 0.023441 0.121094
2 1 0.171593 0.325472 0.332485 0.038748 0.131703
1 1 0.159870 0.323719 0.297033 0.072314 0.147064
1 1 0.158358 0.321286 0.274599 0.087635 0.158121
2 1 0.131225 0.312093 0.371693 0.080832 0.104157
2 1 0.134850 0.314077 0.367785 0.076258 0.107031
2 1 0.124956 0.307268 0.402163 0.073700 0.091913
2 1 0.140611 0.316239 0.374059 0.062222 0.106869
2 1 0.165626 0.323515 0.349746 0.038625 0.122488
2 1 0.137506 0.307128 0.434300 0.036189 0.084877
2 1 0.153357 0.313215 0.409806 0.028398 0.095224
2 1 0.175235 0.320368 0.366963 0.023167 0.114268
2 1 0.175005 0.321394 0.361834 0.024919 0.116847
2 1 0.097885 0.300103 0.321784 0.025552 0.254676
2 1 0.081945 0.297509 0.391402 0.043898 0.185246
2 1 0.053835 0.259776 0.545987 0.022587 0.117815
2 1 0.042653 0.231312 0.628369 0.015803 0.081863
2 1 0.022962 0.165421 0.760300 0.009587 0.041729
2 1 0.020739 0.165671 0.757485 0.006931 0.049175
2 1 0.013726 0.132135 0.813155 0.005722 0.035262
2 1 0.022205 0.169936 0.754438 0.006305 0.047116
2 1 0.022508 0.167564 0.761325 0.006370 0.042232
2 1 0.023143 0.174402 0.745453 0.006682 0.050321
2 1 0.026075 0.175394 0.749138 0.008135 0.041258
2 1 0.039175 0.200666 0.703720 0.015340 0.041099
2 1 0.073556 0.253487 0.590651 0.032213 0.050093
2 1 0.115616 0.298051 0.445850 0.064126 0.076357
2 1 0.115892 0.298354 0.444583 0.064393 0.076778
2 1 0.106287 0.286794 0.488108 0.055553 0.063257
2 1 0.108773 0.289033 0.482607 0.054359 0.065228
2 1 0.092480 0.266864 0.549136 0.044293 0.047227
2 1 0.062072 0.231689 0.642518 0.024980 0.038741
2 2 0.039392 0.193170 0.722807 0.013264 0.031367
2 2 0.002084 0.042108 0.945742 0.003369 0.006696
2 2 0.001828 0.035422 0.953921 0.004655 0.004174
2 2 0.000796 0.021065 0.971332 0.004666 0.002141
2 2 0.003142 0.049772 0.934708 0.005529 0.006849
2 2 0.001597 0.032214 0.957520 0.005048 0.003621
2 2 0.002064 0.037965 0.949778 0.005544 0.004648
2 2 0.003685 0.053797 0.929449 0.005911 0.007158
2 2 0.002437 0.042183 0.942601 0.007090 0.005689
2 2 0.003777 0.054185 0.927911 0.006858 0.007270
2 2 0.001719 0.033678 0.954565 0.006056 0.003983
2 2 0.001572 0.030416 0.958990 0.006055 0.002967
2 2 0.000817 0.021219 0.972836 0.003207 0.001921
2 2 0.000516 0.015829 0.979228 0.003135 0.001292
2 2 0.000662 0.018677 0.975371 0.003592 0.001697
2 2 0.001133 0.025327 0.966811 0.004381 0.002348
2 2 0.000521 0.016408 0.977672 0.003829 0.001569
2 2 0.001132 0.026055 0.966230 0.003953 0.002629
2 2 0.000943 0.023132 0.969323 0.004331 0.002271
2 2 0.000730 0.019381 0.974882 0.003391 0.001617
2 2 0.001629 0.032404 0.959163 0.003519 0.003284
2 2 0.001287 0.027209 0.959787 0.008776 0.002941
2 2 0.000841 0.021318 0.970197 0.005553 0.002090
2 2 0.000618 0.017719 0.975572 0.004477 0.001614
2 2 0.000504 0.015963 0.978886 0.003221 0.001426
2 2 0.001050 0.023940 0.968919 0.004013 0.002079
2 2 0.003040 0.044754 0.942328 0.005486 0.004392
2 2 0.006868 0.073786 0.904614 0.006110 0.008622
2 2 0.003410 0.049471 0.934745 0.006585 0.005789
2 2 0.002203 0.039728 0.948159 0.005010 0.004900
2 2 0.000545 0.017351 0.976310 0.003928 0.001865
2 2 0.000578 0.018358 0.975501 0.003473 0.002090
2 2 0.000902 0.024124 0.968596 0.003470 0.002909
2 2 0.000393 0.014447 0.980644 0.003010 0.001505
2 2 0.000793 0.021695 0.971862 0.003348 0.002301
2 2 0.000202 0.008981 0.986968 0.003165 0.000684
2 2 0.000278 0.011111 0.984411 0.003259 0.000941
2 2 0.000129 0.006868 0.988982 0.003494 0.000526
2 2 0.000077 0.005029 0.989976 0.004525 0.000393
2 2 0.000380 0.013021 0.976837 0.008508 0.001255
2 2 0.001868 0.033318 0.942785 0.017933 0.004096
2 2 0.188934 0.258975 0.486446 0.018368 0.047276
2 2 0.204232 0.213998 0.513618 0.034536 0.033617
2 0 0.179839 0.192405 0.541707 0.056938 0.029112
0 0 0.371098 0.241434 0.293312 0.028469 0.065687
0 0 0.447630 0.236340 0.131861 0.005708 0.178461
4 0 0.330999 0.243570 0.091460 0.002918 0.331052
4 0 0.321183 0.234663 0.078888 0.003638 0.361628
4 0 0.289013 0.280860 0.131457 0.008039 0.290631
1 0 0.238226 0.301179 0.151558 0.028246 0.280791
1 0 0.211858 0.319008 0.201276 0.040931 0.226927
2 0 0.102359 0.306797 0.383734 0.031919 0.175191
2 1 0.081531 0.290532 0.465205 0.034010 0.128722
2 1 0.094504 0.299503 0.439580 0.042091 0.124322
2 1 0.113307 0.304869 0.418283 0.064244 0.099297
2 1 0.127628 0.309472 0.389314 0.076660 0.096925
2 1 0.147584 0.319718 0.355571 0.060921 0.116206
2 1 0.149125 0.316075 0.392744 0.025467 0.116589
2 1 0.136857 0.303235 0.451187 0.027328 0.081392
2 1 0.060062 0.232426 0.641514 0.024003 0.041995
2 1 0.059884 0.220820 0.664829 0.023438 0.031030
2 1 0.153742 0.320537 0.367470 0.032280 0.125971
1 1 0.177505 0.325845 0.322187 0.030373 0.144090
2 1 0.168186 0.324947 0.336473 0.041103 0.129291
1 1 0.201272 0.327230 0.275107 0.029188 0.167204
1 1 0.226529 0.321858 0.230548 0.021706 0.199359
1 1 0.214572 0.325011 0.274117 0.019827 0.166473
2 1 0.154251 0.315008 0.357240 0.013215 0.160286
4 4 0.269680 0.256050 0.111698 0.003803 0.358770
4 4 0.254010 0.276952 0.143479 0.005122 0.320436
4 4 0.192615 0.222879 0.096811 0.002157 0.485538
4 1 0.254890 0.237731 0.093764 0.003102 0.410513
4 1 0.241797 0.202206 0.067529 0.001493 0.486976
4 1 0.291230 0.228435 0.072748 0.004573 0.403014
1 1 0.222585 0.317592 0.231543 0.015033 0.213246
2 1 0.123738 0.300720 0.311266 0.010255 0.254020
2 1 0.134720 0.311371 0.366369 0.014287 0.173253
2 4 0.113868 0.293090 0.346055 0.006320 0.240667
4 4 0.132009 0.284597 0.251258 0.005408 0.326727
4 4 0.150904 0.174445 0.068491 0.000700 0.605461
4 4 0.173328 0.158818 0.052439 0.000422 0.614993
0 4 0.413080 0.248463 0.136471 0.005380 0.196607
0 4 0.392882 0.240911 0.106077 0.003869 0.256261
0 1 0.458693 0.235563 0.149827 0.005392 0.150524
0 1 0.461706 0.229599 0.127359 0.002874 0.178462
0 1 0.517090 0.202134 0.095382 0.003640 0.181754
0 1 0.557076 0.188294 0.091407 0.003104 0.160119
0 0 0.455959 0.220515 0.112574 0.003586 0.207366
0 0 0.402587 0.178988 0.057888 0.001672 0.358866
0 0 0.434432 0.176393 0.045904 0.002631 0.340640
4 0 0.256938 0.191597 0.056176 0.001467 0.493822
4 0 0.312632 0.216730 0.061678 0.003979 0.404981
4 0 0.325919 0.208068 0.057347 0.002701 0.405966
4 1 0.332445 0.213213 0.062245 0.002431 0.389666
4 1 0.272413 0.246828 0.109704 0.002091 0.368965
0 1 0.300277 0.273765 0.141733 0.003084 0.281141
1 1 0.249013 0.297689 0.179859 0.007620 0.265819
