0 0 0.714484 0.110617 0.030840 0.000464 0.143594
0 0 0.628876 0.204164 0.057614 0.000428 0.108918
0 0 0.351405 0.311982 0.100114 0.000463 0.236035
1 0 0.194412 0.380314 0.146107 0.000567 0.278600
1 0 0.151937 0.422737 0.164520 0.000478 0.260328
4 0 0.150983 0.305838 0.108771 0.000352 0.434057
4 0 0.137424 0.314158 0.114355 0.000354 0.433709
4 0 0.133198 0.293395 0.111716 0.000413 0.461278
4 0 0.175674 0.196275 0.061566 0.000251 0.566234
4 0 0.366989 0.117568 0.027635 0.000152 0.487656
0 0 0.500673 0.076952 0.014619 0.000085 0.407671
0 0 0.509661 0.097957 0.025024 0.000271 0.367088
0 0 0.448429 0.210272 0.061124 0.000395 0.279780
0 0 0.512667 0.165957 0.050171 0.000512 0.270693
0 0 0.526138 0.193744 0.049541 0.000270 0.230307
0 0 0.399195 0.209437 0.068515 0.000572 0.322281
0 0 0.434662 0.195360 0.055142 0.000346 0.314490
0 0 0.576246 0.146213 0.037248 0.000288 0.240006
0 0 0.844155 0.050077 0.011039 0.000203 0.094526
0 0 0.911935 0.040502 0.009544 0.000255 0.037763
0 0 0.889107 0.048970 0.013837 0.000518 0.047567
0 0 0.883318 0.059886 0.014922 0.000313 0.041561
0 0 0.888884 0.052984 0.013906 0.000386 0.043840
0 0 0.882297 0.057338 0.015237 0.000404 0.044724
0 0 0.900699 0.045734 0.011597 0.000339 0.041631
0 0 0.906244 0.041116 0.010530 0.000353 0.041757
0 0 0.938753 0.025183 0.005194 0.000151 0.030719
0 0 0.925399 0.030252 0.007158 0.000260 0.036932
0 0 0.931168 0.028078 0.006281 0.000208 0.034266
0 0 0.937875 0.025521 0.005316 0.000157 0.031132
0 0 0.931834 0.027825 0.006182 0.000203 0.033956
0 0 0.938651 0.025223 0.005208 0.000152 0.030767
0 0 0.920281 0.032162 0.007971 0.000312 0.039275
0 0 0.911298 0.035472 0.009475 0.000418 0.043337
0 0 0.910090 0.035913 0.009685 0.000434 0.043878
0 0 0.931400 0.027989 0.006246 0.000206 0.034158
0 0 0.950727 0.020529 0.003642 0.000083 0.025019
0 0 0.946026 0.022369 0.004226 0.000106 0.027272
0 0 0.946241 0.022286 0.004199 0.000105 0.027169
0 0 0.940043 0.024687 0.005017 0.000142 0.030111
0 0 0.873605 0.058951 0.017125 0.000573 0.049746
0 0 0.899248 0.039831 0.011639 0.000594 0.048688
0 0 0.872730 0.057646 0.017314 0.000653 0.051657
0 0 0.846202 0.072780 0.023457 0.000848 0.056713
0 0 0.849167 0.072497 0.022709 0.000759 0.054868
0 0 0.822722 0.082911 0.029469 0.001228 0.063670
0 0 0.898784 0.040657 0.011766 0.000572 0.048221
0 0 0.860618 0.073198 0.019719 0.000420 0.046044
0 0 0.917865 0.040229 0.008522 0.000167 0.033217
0 0 0.941906 0.029126 0.004849 0.000064 0.024055
0 0 0.953614 0.021825 0.003355 0.000047 0.021159
0 0 0.944551 0.027458 0.004497 0.000060 0.023434
0 0 0.800554 0.118736 0.035746 0.000541 0.044423
0 0 0.553256 0.235425 0.140051 0.004977 0.066291
0 1 0.323090 0.307505 0.279265 0.016382 0.073758
1 1 0.140969 0.345541 0.257391 0.005507 0.250593
4 4 0.041767 0.274488 0.279232 0.006652 0.397862
4 4 0.022460 0.080237 0.086101 0.004991 0.806212
4 4 0.019161 0.066176 0.073269 0.004709 0.836685
4 4 0.028931 0.061353 0.043972 0.001304 0.864439
4 4 0.198017 0.130192 0.098150 0.008283 0.565358
4 4 0.203594 0.127688 0.091192 0.006884 0.570641
4 4 0.170039 0.124338 0.092731 0.006997 0.605895
4 4 0.149196 0.188380 0.132958 0.005009 0.524457
1 4 0.088370 0.352939 0.254484 0.003292 0.300916
1 4 0.096554 0.385892 0.228534 0.001653 0.287367
1 4 0.136931 0.454172 0.297855 0.003018 0.108024
1 4 0.210077 0.410484 0.267572 0.004273 0.107594
1 4 0.195758 0.394223 0.280656 0.005733 0.123630
1 4 0.169843 0.330783 0.287672 0.011530 0.200172
4 4 0.195957 0.197526 0.166068 0.012275 0.428174
4 4 0.134525 0.116661 0.088344 0.006090 0.654380
4 4 0.064422 0.073687 0.040848 0.000968 0.820075
4 4 0.070142 0.073297 0.038082 0.000811 0.817669
4 4 0.074091 0.134861 0.073062 0.001000 0.716987
4 4 0.132941 0.249307 0.129356 0.001371 0.487026
1 4 0.100926 0.367274 0.199126 0.001237 0.331437
1 4 0.102789 0.357515 0.230867 0.002455 0.306374
4 4 0.081570 0.299749 0.218401 0.003279 0.397001
2 4 0.116118 0.283476 0.294226 0.013658 0.292522
4 4 0.033327 0.062468 0.041736 0.001124 0.861346
4 4 0.057165 0.097026 0.079344 0.003931 0.762533
4 4 0.124097 0.234657 0.185270 0.006510 0.449467
1 4 0.256451 0.268510 0.212519 0.009478 0.253042
0 4 0.545786 0.212917 0.131784 0.007894 0.101619
0 4 0.577396 0.184874 0.136139 0.012357 0.089234
0 4 0.579875 0.185719 0.137816 0.012120 0.084470
0 4 0.727354 0.112521 0.070731 0.007891 0.081503
0 4 0.698328 0.130545 0.060477 0.003116 0.107533
0 4 0.300844 0.267310 0.168799 0.005616 0.257430
4 4 0.136126 0.279099 0.192505 0.004131 0.388139
4 4 0.105262 0.230448 0.237302 0.014532 0.412457
4 4 0.093450 0.138889 0.220121 0.060630 0.486909
4 4 0.064896 0.120027 0.266755 0.103058 0.445263
4 4 0.052775 0.114451 0.257085 0.070556 0.505133
4 4 0.039907 0.123821 0.344292 0.069451 0.422529
2 4 0.033382 0.121517 0.425495 0.083396 0.336210
2 4 0.014506 0.097692 0.651807 0.066229 0.169766
2 4 0.023467 0.098929 0.431146 0.063829 0.382628
4 4 0.029095 0.091468 0.180131 0.025259 0.674047
4 4 0.100599 0.079652 0.037484 0.000755 0.781510
4 4 0.091154 0.101735 0.076944 0.004348 0.725819
4 4 0.052159 0.097123 0.106147 0.009581 0.734990
4 4 0.041747 0.176122 0.267042 0.021154 0.493934
2 4 0.027400 0.196433 0.457768 0.021276 0.297123
2 4 0.009508 0.116297 0.772824 0.025354 0.076017
2 4 0.010151 0.122392 0.745237 0.023287 0.098933
2 4 0.003740 0.049668 0.862144 0.048716 0.035732
2 4 0.002719 0.033259 0.870952 0.075284 0.017786
2 4 0.004310 0.043575 0.846386 0.080819 0.024910
2 4 0.005034 0.041299 0.815123 0.116398 0.022145
2 4 0.004889 0.034428 0.791032 0.156521 0.013131
2 4 0.004451 0.032890 0.809670 0.140682 0.012306
2 4 0.006052 0.045407 0.815676 0.112639 0.020225
2 4 0.005811 0.039980 0.789458 0.146939 0.017812
2 2 0.007570 0.050778 0.775017 0.140271 0.026364
2 2 0.011355 0.064996 0.753400 0.137345 0.032905
2 2 0.014443 0.086157 0.731176 0.104057 0.064167
2 2 0.009983 0.059687 0.750490 0.138971 0.040869
2 2 0.008726 0.043439 0.715168 0.207399 0.025268
3 3 0.008363 0.013611 0.246369 0.722513 0.009143
3 3 0.009084 0.013105 0.229245 0.740657 0.007909
3 3 0.006438 0.009412 0.209903 0.769427 0.004820
3 3 0.005303 0.008563 0.229865 0.751984 0.004286
3 3 0.003837 0.005967 0.187574 0.800222 0.002400
3 3 0.005832 0.008143 0.190422 0.791780 0.003822
3 3 0.005996 0.007592 0.149044 0.833766 0.003601
3 3 0.004085 0.004736 0.105438 0.883899 0.001843
3 3 0.004589 0.004914 0.101874 0.886775 0.001847
3 3 0.006894 0.006363 0.100721 0.883547 0.002476
3 3 0.008869 0.007359 0.094045 0.886753 0.002973
3 3 0.007408 0.005712 0.071239 0.913493 0.002148
3 3 0.008062 0.005785 0.064282 0.919690 0.002181
3 3 0.007354 0.005301 0.061135 0.924259 0.001951
3 3 0.009039 0.006484 0.068769 0.913176 0.002532
3 3 0.010532 0.007456 0.074299 0.904702 0.003012
3 3 0.011848 0.008337 0.079157 0.897184 0.003474
3 3 0.010898 0.008447 0.092623 0.884492 0.003540
3 3 0.008248 0.006694 0.085495 0.896930 0.002633
3 3 0.007723 0.006056 0.075973 0.907933 0.002315
3 3 0.007709 0.005544 0.062731 0.921950 0.002066
3 3 0.006565 0.004759 0.057457 0.929518 0.001702
3 3 0.006695 0.004849 0.058078 0.928635 0.001743
3 3 0.005628 0.004112 0.052800 0.936047 0.001413
3 3 0.007227 0.005214 0.060557 0.925091 0.001911
3 3 0.005981 0.004356 0.054595 0.933546 0.001521
3 3 0.006656 0.004822 0.057892 0.928900 0.001730
3 3 0.006990 0.005052 0.059466 0.926656 0.001836
3 3 0.005926 0.004318 0.054320 0.933932 0.001504
3 3 0.006605 0.004787 0.057650 0.929243 0.001714
3 3 0.005953 0.004337 0.054455 0.933742 0.001512
3 3 0.005593 0.004087 0.052620 0.936296 0.001403
3 3 0.005581 0.004079 0.052558 0.936383 0.001399
3 3 0.005173 0.003795 0.050406 0.939348 0.001277
3 3 0.004879 0.003590 0.048806 0.941535 0.001190
3 3 0.005754 0.004199 0.053447 0.935148 0.001452
3 3 0.006259 0.004548 0.055973 0.931613 0.001607
3 3 0.006457 0.004685 0.056935 0.930255 0.001668
3 3 0.005948 0.004334 0.054430 0.933777 0.001511
3 3 0.005556 0.004061 0.052425 0.936567 0.001391
3 3 0.003607 0.002694 0.041291 0.951582 0.000827
3 3 0.004603 0.003396 0.047258 0.943635 0.001109
3 3 0.004131 0.003065 0.044517 0.947314 0.000974
3 3 0.003635 0.002714 0.041471 0.951345 0.000835
3 3 0.002855 0.002156 0.036257 0.958108 0.000624
3 3 0.003566 0.002665 0.041032 0.951921 0.000816
3 3 0.003361 0.002519 0.039702 0.953658 0.000760
3 3 0.004301 0.003184 0.045519 0.945974 0.001022
3 3 0.004935 0.003629 0.049112 0.941119 0.001206
3 3 0.005662 0.004135 0.052976 0.935802 0.001424
3 3 0.006378 0.004630 0.056554 0.930795 0.001643
3 3 0.004315 0.003194 0.045601 0.945863 0.001026
3 3 0.004034 0.002996 0.043933 0.948091 0.000946
3 3 0.003260 0.002446 0.039033 0.954529 0.000732
3 3 0.003225 0.002422 0.038802 0.954829 0.000723
3 3 0.003184 0.002392 0.038525 0.955188 0.000712
3 3 0.003206 0.002408 0.038672 0.954997 0.000718
3 3 0.003510 0.002625 0.040674 0.952390 0.000801
3 3 0.003573 0.002669 0.041075 0.951865 0.000818
3 3 0.003615 0.002700 0.041345 0.951510 0.000830
3 3 0.004824 0.003551 0.048502 0.941948 0.001174
3 3 0.004495 0.003321 0.046645 0.944461 0.001078
3 3 0.004865 0.003580 0.048726 0.941643 0.001186
3 3 0.004448 0.003287 0.046372 0.944828 0.001064
3 3 0.004448 0.003287 0.046372 0.944828 0.001064
3 3 0.004501 0.003325 0.046679 0.944415 0.001080
3 3 0.003831 0.002853 0.042696 0.949731 0.000889
3 3 0.003368 0.002523 0.039747 0.953600 0.000762
3 3 0.003180 0.002389 0.038500 0.955220 0.000711
3 3 0.003286 0.002465 0.039209 0.954301 0.000739
3 3 0.002947 0.002223 0.036905 0.957276 0.000649
3 3 0.003049 0.002296 0.037608 0.956372 0.000676
3 3 0.002865 0.002164 0.036331 0.958013 0.000627
3 3 0.003328 0.002495 0.039487 0.953938 0.000751
3 3 0.003207 0.002409 0.038684 0.954981 0.000718
3 3 0.003944 0.002932 0.043387 0.948816 0.000921
3 3 0.004699 0.003464 0.047803 0.942897 0.001137
3 3 0.005529 0.004043 0.052288 0.936755 0.001384
3 3 0.003655 0.002728 0.041594 0.951183 0.000840
3 3 0.003798 0.002829 0.042489 0.950004 0.000880
3 3 0.006241 0.004536 0.055885 0.931736 0.001601
3 3 0.005126 0.003762 0.050151 0.939699 0.001263
3 3 0.006598 0.004782 0.057615 0.929293 0.001712
3 3 0.005817 0.004243 0.053767 0.934703 0.001471
3 3 0.007154 0.005164 0.060222 0.925573 0.001888
3 3 0.006122 0.004454 0.055298 0.932562 0.001564
3 3 0.006062 0.004412 0.054999 0.932981 0.001546
3 3 0.005045 0.003706 0.049715 0.940295 0.001239
3 3 0.005000 0.003674 0.049468 0.940632 0.001226
3 3 0.004655 0.003433 0.047554 0.943233 0.001124
3 3 0.003569 0.002666 0.041047 0.951901 0.000817
3 3 0.003660 0.002731 0.041627 0.951140 0.000842
3 3 0.003188 0.002395 0.038551 0.955154 0.000713
3 3 0.003855 0.002869 0.042842 0.949537 0.000896
3 3 0.003392 0.002541 0.039907 0.953392 0.000768
3 3 0.003463 0.002591 0.040365 0.952794 0.000787
3 3 0.003867 0.002878 0.042915 0.949441 0.000899
3 3 0.004219 0.003126 0.045036 0.946621 0.000999
3 3 0.004835 0.003559 0.048561 0.941867 0.001177
3 3 0.005380 0.003939 0.051508 0.937834 0.001339
3 3 0.005061 0.003717 0.049801 0.940178 0.001244
3 3 0.003978 0.002956 0.043595 0.948540 0.000931
3 3 0.003709 0.002766 0.041935 0.950735 0.000855
3 3 0.003487 0.002608 0.040520 0.952591 0.000794
3 3 0.002988 0.002252 0.037186 0.956915 0.000659
3 3 0.003932 0.002924 0.043314 0.948913 0.000918
3 3 0.003691 0.002753 0.041824 0.950880 0.000851
3 3 0.003497 0.002615 0.040585 0.952507 0.000797
3 3 0.003044 0.002292 0.037578 0.956410 0.000675
3 3 0.003810 0.002837 0.042563 0.949906 0.000883
3 3 0.003528 0.002637 0.040784 0.952246 0.000805
3 3 0.003973 0.002953 0.043563 0.948583 0.000929
3 3 0.003839 0.002858 0.042745 0.949666 0.000892
3 3 0.006301 0.004577 0.056178 0.931325 0.001619
3 3 0.006723 0.004868 0.058209 0.928449 0.001751
3 3 0.007735 0.005548 0.062759 0.921894 0.002065
3 3 0.010280 0.007181 0.072772 0.906919 0.002849
3 3 0.013060 0.009145 0.083396 0.890490 0.003909
3 3 0.013457 0.009408 0.084740 0.888342 0.004054
3 3 0.013215 0.009864 0.096602 0.876003 0.004314
2 3 0.005568 0.021005 0.584607 0.384860 0.003960
2 1 0.005186 0.020569 0.592386 0.378199 0.003660
2 1 0.010130 0.035548 0.640758 0.305535 0.008029
2 1 0.014770 0.049966 0.660302 0.255552 0.019410
2 1 0.021140 0.074662 0.686216 0.182088 0.035895
2 1 0.019487 0.091292 0.728372 0.112491 0.048358
2 1 0.023902 0.155149 0.674491 0.041263 0.105194
2 1 0.029738 0.209793 0.460094 0.016407 0.283968
2 1 0.036392 0.194960 0.531998 0.042298 0.194353
2 1 0.028648 0.178424 0.586487 0.046700 0.159741
2 1 0.033063 0.176849 0.547150 0.048705 0.194233
2 1 0.039664 0.213683 0.415555 0.025471 0.305627
4 4 0.032172 0.183145 0.350132 0.017117 0.417434
4 4 0.028357 0.200752 0.357851 0.009541 0.403498
4 4 0.036766 0.216544 0.288943 0.009750 0.447997
4 4 0.046641 0.193014 0.243818 0.014522 0.502003
4 4 0.041571 0.178498 0.221870 0.012453 0.545608
4 4 0.034167 0.133135 0.179752 0.013253 0.639693
4 4 0.038309 0.128990 0.158546 0.011850 0.662305
4 4 0.042679 0.138732 0.157787 0.010736 0.650066
4 4 0.036022 0.116743 0.294997 0.048532 0.503706
4 4 0.049992 0.121981 0.259232 0.060380 0.508415
4 4 0.042879 0.141149 0.254899 0.036320 0.524753
4 4 0.039810 0.205966 0.350341 0.025221 0.378663
2 4 0.031753 0.219240 0.468562 0.026879 0.253566
2 4 0.036335 0.211713 0.481197 0.037485 0.233270
2 4 0.023146 0.156105 0.631622 0.050435 0.138692
2 4 0.009782 0.080689 0.774361 0.078032 0.057137
2 4 0.004037 0.042804 0.842356 0.090782 0.020022
2 4 0.003837 0.041045 0.852389 0.087403 0.015327
2 4 0.003546 0.031927 0.829322 0.125445 0.009760
2 4 0.003668 0.026486 0.802284 0.157150 0.010412
2 4 0.003418 0.020994 0.766901 0.201203 0.007485
2 4 0.003797 0.022144 0.760700 0.204238 0.009121
2 2 0.002771 0.018883 0.782817 0.188268 0.007261
2 2 0.002332 0.020987 0.843160 0.125790 0.007731
2 2 0.001554 0.016878 0.854145 0.122962 0.004462
2 2 0.001618 0.018330 0.860563 0.114358 0.005131
2 2 0.002824 0.016381 0.735290 0.241077 0.004429
2 2 0.007006 0.020530 0.603909 0.361167 0.007387
2 2 0.006810 0.055191 0.809329 0.096548 0.032121
2 2 0.003053 0.030706 0.849634 0.103395 0.013212
2 2 0.001996 0.021576 0.862957 0.105281 0.008189
2 2 0.002266 0.018414 0.821750 0.150954 0.006615
2 2 0.002476 0.016535 0.772614 0.202810 0.005564
2 2 0.002077 0.011579 0.657457 0.325452 0.003434
2 2 0.001898 0.010960 0.649355 0.334453 0.003334
3 2 0.001362 0.005582 0.460679 0.531136 0.001241
3 2 0.002520 0.008162 0.451029 0.535142 0.003147
2 2 0.002657 0.009981 0.531398 0.452096 0.003868
3 3 0.002526 0.006973 0.352248 0.635367 0.002886
3 3 0.003105 0.006907 0.286867 0.700653 0.002468
3 3 0.003418 0.005051 0.174433 0.815246 0.001852
3 3 0.006367 0.008985 0.214305 0.766869 0.003473
3 3 0.009868 0.011324 0.193596 0.779808 0.005405
3 3 0.011603 0.011181 0.153966 0.818127 0.005123
3 3 0.023233 0.019253 0.172122 0.775092 0.010299
3 3 0.036950 0.027984 0.198251 0.720309 0.016506
3 3 0.040777 0.031824 0.222776 0.686615 0.018007
3 3 0.022753 0.026917 0.269206 0.669804 0.011320
2 3 0.081833 0.122714 0.542325 0.213473 0.039656
2 3 0.021857 0.065178 0.617785 0.281834 0.013346
2 3 0.011411 0.034106 0.538407 0.409415 0.006662
2 3 0.011129 0.038474 0.585724 0.355779 0.008894
2 3 0.003489 0.015970 0.594940 0.381439 0.004162
3 3 0.002788 0.010285 0.481736 0.501687 0.003504
3 3 0.003175 0.009754 0.433432 0.550509 0.003130
2 3 0.005215 0.016330 0.500896 0.471752 0.005808
2 3 0.004680 0.015281 0.489819 0.486101 0.004119
3 3 0.005097 0.013856 0.405499 0.571540 0.004008
3 3 0.005695 0.013774 0.378035 0.598105 0.004391
3 3 0.003478 0.008037 0.305625 0.680743 0.002118
3 3 0.004602 0.006146 0.171875 0.814967 0.002409
3 3 0.003827 0.004756 0.130729 0.858959 0.001729
3 3 0.004986 0.005303 0.099095 0.888488 0.002129
3 3 0.004672 0.005253 0.105380 0.882564 0.002131
3 3 0.004209 0.004034 0.079373 0.910999 0.001385
3 3 0.007474 0.007301 0.119994 0.862272 0.002959
3 3 0.016834 0.016471 0.185217 0.772532 0.008945
3 3 0.012691 0.012027 0.155287 0.814322 0.005673
3 3 0.007948 0.008134 0.132288 0.848126 0.003504
3 3 0.007205 0.006969 0.109224 0.873722 0.002880
3 3 0.004569 0.004153 0.074548 0.915294 0.001436
3 3 0.008146 0.007037 0.087049 0.894741 0.003028
3 3 0.008795 0.007497 0.090595 0.889874 0.003239
3 3 0.008908 0.007216 0.082206 0.898601 0.003069
3 3 0.008671 0.006696 0.079222 0.902780 0.002631
3 3 0.010826 0.007743 0.077362 0.900907 0.003162
3 3 0.014092 0.010493 0.100130 0.870615 0.004670
3 3 0.008221 0.006295 0.075099 0.907954 0.002431
3 3 0.009497 0.006758 0.070260 0.910827 0.002658
3 3 0.006754 0.004890 0.058359 0.928236 0.001761
3 3 0.006995 0.005059 0.059530 0.926576 0.001840
3 3 0.005461 0.003995 0.051931 0.937250 0.001363
3 3 0.007250 0.005230 0.060664 0.924937 0.001918
3 3 0.009899 0.007140 0.072965 0.907109 0.002887
3 3 0.009268 0.006604 0.069336 0.912212 0.002581
3 3 0.006346 0.004996 0.067387 0.919459 0.001812
3 3 0.010105 0.007626 0.083218 0.895946 0.003104
3 3 0.030868 0.020425 0.129638 0.808132 0.010936
3 3 0.013561 0.012947 0.166398 0.800900 0.006194
3 3 0.007931 0.008748 0.161491 0.818071 0.003759
3 3 0.007427 0.008539 0.163618 0.816680 0.003735
3 3 0.012348 0.013340 0.181473 0.785824 0.007015
3 3 0.034141 0.027778 0.208499 0.712903 0.016679
3 3 0.063360 0.038240 0.207143 0.667984 0.023274
2 3 0.034162 0.059932 0.489367 0.399573 0.016965
2 3 0.027731 0.067777 0.560692 0.329871 0.013929
2 3 0.022318 0.060965 0.563401 0.341187 0.012129
3 3 0.021977 0.035981 0.372516 0.558095 0.011431
3 3 0.012186 0.019265 0.294191 0.668127 0.006232
3 3 0.009718 0.009286 0.135254 0.841713 0.004029
3 3 0.014474 0.012426 0.124269 0.842555 0.006276
3 3 0.024599 0.022809 0.168959 0.767911 0.015722
3 3 0.017209 0.019296 0.195260 0.755139 0.013095
3 3 0.009965 0.011828 0.183370 0.788577 0.006260
3 3 0.010527 0.011171 0.177594 0.795560 0.005149
3 3 0.009161 0.009896 0.169111 0.807428 0.004404
3 3 0.014691 0.019299 0.262415 0.696027 0.007568
3 3 0.007161 0.010183 0.214974 0.763928 0.003754
2 3 0.025568 0.076545 0.683597 0.184162 0.030128
2 3 0.023837 0.068895 0.678129 0.209315 0.019824
2 3 0.019553 0.074606 0.708679 0.179641 0.017520
2 3 0.018726 0.061072 0.634672 0.269097 0.016433
2 3 0.013912 0.034844 0.497219 0.443666 0.010358
3 3 0.005819 0.015671 0.425279 0.548858 0.004372
3 3 0.005931 0.015150 0.407450 0.565871 0.005598
3 3 0.003917 0.012771 0.458262 0.520941 0.004109
2 3 0.006751 0.024195 0.573882 0.384685 0.010487
2 3 0.005262 0.019227 0.564751 0.403975 0.006786
2 3 0.007826 0.022255 0.508824 0.452115 0.008981
2 3 0.009986 0.032157 0.595324 0.351452 0.011082
2 3 0.010370 0.032817 0.564273 0.383328 0.009212
3 3 0.005268 0.016316 0.464392 0.510753 0.003271
3 3 0.005111 0.014080 0.406226 0.571541 0.003042
3 3 0.003836 0.010412 0.372794 0.610587 0.002370
3 3 0.003731 0.007202 0.248939 0.738013 0.002116
3 3 0.005372 0.007152 0.188116 0.796428 0.002932
3 3 0.005098 0.006284 0.154732 0.831420 0.002467
3 3 0.005683 0.006757 0.153485 0.831372 0.002704
3 3 0.006029 0.007844 0.179096 0.803567 0.003465
3 3 0.004361 0.005582 0.151871 0.836063 0.002122
3 3 0.005048 0.006014 0.143009 0.843603 0.002327
3 3 0.004403 0.005200 0.126087 0.862353 0.001956
3 3 0.006344 0.006760 0.121625 0.862454 0.002817
3 3 0.007102 0.006691 0.104232 0.879278 0.002696
3 3 0.006242 0.005611 0.089159 0.896882 0.002106
3 3 0.005960 0.005008 0.074630 0.912583 0.001819
3 3 0.008575 0.006134 0.066474 0.916468 0.002349
3 3 0.008153 0.005847 0.064675 0.919114 0.002210
3 3 0.006981 0.005046 0.059422 0.926719 0.001833
3 3 0.007011 0.005163 0.062121 0.923818 0.001888
3 3 0.006163 0.004721 0.062254 0.925177 0.001685
3 3 0.005243 0.003844 0.050778 0.938838 0.001298
3 3 0.005198 0.003930 0.052104 0.937399 0.001369
3 3 0.004641 0.003698 0.051305 0.939040 0.001317
3 3 0.005544 0.004286 0.055376 0.933233 0.001560
3 3 0.007362 0.005307 0.061173 0.924205 0.001954
3 3 0.008178 0.005864 0.064783 0.918956 0.002219
3 3 0.012356 0.008676 0.080961 0.894351 0.003655
0 3 0.311635 0.111456 0.247015 0.256743 0.073151
0 3 0.501006 0.146187 0.192384 0.070304 0.090120
2 3 0.258473 0.216893 0.386226 0.070359 0.068049
2 3 0.149305 0.211327 0.510159 0.078388 0.050821
2 3 0.157299 0.201649 0.468975 0.106486 0.065591
2 3 0.141240 0.214863 0.480493 0.095347 0.068058
2 3 0.130150 0.238249 0.471383 0.062087 0.098131
2 3 0.068953 0.206484 0.610435 0.050521 0.063607
2 3 0.182319 0.280019 0.416505 0.026028 0.095129
2 0 0.145485 0.299254 0.458944 0.017587 0.078729
2 0 0.202666 0.346502 0.361776 0.013325 0.075731
0 0 0.357067 0.307467 0.230141 0.011380 0.093945
0 0 0.682671 0.166336 0.072170 0.002338 0.076485
0 0 0.838410 0.086991 0.022228 0.000340 0.052030
0 0 0.758038 0.107361 0.036425 0.001003 0.097172
0 0 0.751980 0.072927 0.025244 0.001117 0.148733
0 0 0.757910 0.071058 0.023874 0.000999 0.146159
0 1 0.635888 0.074292 0.019108 0.000325 0.270387
0 1 0.369239 0.198132 0.099926 0.002865 0.329839
4 4 0.211906 0.171438 0.097772 0.002967 0.515917
4 4 0.026267 0.154321 0.194599 0.007961 0.616852
4 4 0.026988 0.190378 0.207264 0.005314 0.570056
4 4 0.033046 0.269327 0.313991 0.005034 0.378602
4 4 0.036370 0.306513 0.257778 0.001937 0.397402
4 4 0.062237 0.300385 0.190124 0.001518 0.445736
4 4 0.119490 0.260103 0.148330 0.001797 0.470281
4 4 0.149454 0.276987 0.160945 0.002319 0.410294
4 4 0.122344 0.245138 0.146823 0.002222 0.483473
4 4 0.110329 0.162042 0.084504 0.001212 0.641913
4 4 0.121776 0.113227 0.042742 0.000379 0.721876
4 4 0.141296 0.110833 0.041597 0.000421 0.705853
4 4 0.142817 0.112476 0.047841 0.000689 0.696176
4 4 0.194433 0.097466 0.043259 0.001056 0.663787
4 4 0.220331 0.096750 0.040271 0.000915 0.641732
4 4 0.169634 0.099708 0.049875 0.001495 0.679288
4 4 0.165350 0.106850 0.061088 0.002452 0.664259
4 4 0.135709 0.111726 0.077625 0.004402 0.670539
4 4 0.121631 0.130216 0.123544 0.013302 0.611308
4 4 0.123035 0.116019 0.091953 0.006729 0.662263
4 4 0.140035 0.111580 0.075887 0.004164 0.668335
4 4 0.060940 0.112178 0.149182 0.022442 0.655258
4 4 0.072936 0.117057 0.146336 0.021342 0.642329
4 4 0.070912 0.113423 0.136479 0.017549 0.661637
4 4 0.072092 0.113631 0.132963 0.016690 0.664624
4 4 0.103035 0.114261 0.098783 0.008087 0.675834
4 4 0.087953 0.110624 0.101798 0.008628 0.690996
4 4 0.081314 0.104802 0.090394 0.006544 0.716945
4 4 0.065869 0.104210 0.105491 0.009607 0.714823
4 4 0.066704 0.112229 0.137747 0.018156 0.665164
4 4 0.080296 0.123497 0.164236 0.028895 0.603076
4 4 0.057651 0.113778 0.162988 0.028911 0.636671
4 4 0.121962 0.127985 0.124765 0.014804 0.610484
4 4 0.087896 0.171317 0.149935 0.007330 0.583521
4 4 0.083672 0.210174 0.186816 0.007347 0.511990
4 4 0.057603 0.207903 0.170661 0.003951 0.559882
4 4 0.072223 0.125243 0.113921 0.007179 0.681434
4 4 0.105277 0.126553 0.116770 0.010570 0.640829
4 4 0.104774 0.106969 0.080806 0.004876 0.702574
4 4 0.160045 0.110076 0.067570 0.003139 0.659170
4 4 0.264818 0.111426 0.054735 0.002023 0.566998
2 4 0.062880 0.188782 0.389322 0.072927 0.286089
2 4 0.041556 0.128432 0.494275 0.145578 0.190158
2 4 0.031693 0.114729 0.549774 0.141286 0.162518
2 4 0.023012 0.116858 0.636933 0.101803 0.121394
2 4 0.025776 0.131023 0.624064 0.080511 0.138626
2 4 0.024228 0.148332 0.598392 0.041568 0.187479
2 4 0.029068 0.204439 0.503330 0.016547 0.246616
2 4 0.032366 0.266215 0.397934 0.007055 0.296429
4 4 0.055227 0.300608 0.287790 0.004385 0.351991
4 4 0.085797 0.330214 0.231653 0.002925 0.349410
4 4 0.082145 0.298274 0.223948 0.002984 0.392649
2 4 0.067135 0.297023 0.343594 0.006055 0.286192
2 4 0.048172 0.277261 0.337781 0.006467 0.330320
4 4 0.046536 0.251637 0.341125 0.009428 0.351273
2 4 0.065628 0.267060 0.347108 0.011113 0.309090
2 4 0.089577 0.305360 0.408621 0.013122 0.183320
1 4 0.241203 0.311461 0.285382 0.017560 0.144395
0 4 0.307935 0.289002 0.233944 0.012897 0.156223
2 1 0.266355 0.248865 0.295010 0.039946 0.149824
4 1 0.170667 0.209082 0.277220 0.048205 0.294826
2 1 0.020788 0.150363 0.665616 0.035793 0.127440
2 1 0.030594 0.280276 0.457124 0.007751 0.224255
4 1 0.031528 0.301100 0.318089 0.004396 0.344888
1 1 0.097742 0.334965 0.248916 0.004055 0.314323
1 1 0.165492 0.340245 0.231570 0.004478 0.258216
1 0 0.296641 0.326145 0.184214 0.003500 0.189499
0 0 0.373913 0.302145 0.159569 0.003242 0.161132
0 0 0.362024 0.233607 0.107431 0.001953 0.294985
0 0 0.479174 0.163418 0.089481 0.004813 0.263113
4 1 0.261472 0.138396 0.079996 0.003740 0.516398
4 1 0.165076 0.113464 0.072306 0.003723 0.645431
4 1 0.097716 0.085495 0.045966 0.001233 0.769590
4 1 0.122696 0.087806 0.042833 0.001029 0.745635
4 1 0.112719 0.092608 0.051971 0.001646 0.741055
4 1 0.101032 0.114547 0.100843 0.008528 0.675049
4 1 0.062839 0.127986 0.175277 0.026782 0.607117
4 1 0.046391 0.169190 0.233686 0.018827 0.531905
4 1 0.041657 0.157017 0.229240 0.019630 0.552456
4 1 0.043241 0.166241 0.221537 0.015895 0.553086
4 1 0.063978 0.206931 0.240445 0.016365 0.472280
1 1 0.135335 0.450098 0.186428 0.000544 0.227595
1 1 0.191602 0.409064 0.138094 0.000337 0.260902
0 1 0.341325 0.329496 0.115929 0.000639 0.212610
0 1 0.651387 0.162278 0.037772 0.000215 0.148349
0 0 0.789886 0.110900 0.030008 0.000417 0.068788
0 0 0.882826 0.064021 0.014787 0.000231 0.038134
0 0 0.878228 0.059640 0.016084 0.000427 0.045620
0 0 0.891306 0.058113 0.013201 0.000218 0.037162
0 0 0.870087 0.072924 0.017248 0.000252 0.039490
0 0 0.808727 0.099940 0.033776 0.000943 0.056614
0 0 0.805617 0.075525 0.039832 0.004580 0.074446
0 0 0.740455 0.088860 0.061310 0.012279 0.097097
0 0 0.714730 0.095557 0.066916 0.013853 0.108944
0 0 0.675836 0.113400 0.058678 0.004874 0.147211
0 0 0.611453 0.114206 0.071812 0.009782 0.192747
0 0 0.620885 0.106870 0.056656 0.005155 0.210434
0 0 0.651727 0.112933 0.081799 0.015864 0.137677
0 0 0.688558 0.100685 0.081199 0.020878 0.108679
0 1 0.554766 0.124218 0.130560 0.048687 0.141770
0 1 0.407929 0.180647 0.191571 0.039885 0.179968
4 1 0.255620 0.269981 0.133245 0.001928 0.339225
4 1 0.285722 0.273262 0.123301 0.001491 0.316225
4 1 0.339712 0.193851 0.065854 0.000587 0.399996
4 1 0.314635 0.202119 0.074846 0.000769 0.407631
0 1 0.433394 0.186501 0.072281 0.001176 0.306648
0 1 0.466771 0.173280 0.069160 0.001396 0.289393
0 0 0.624846 0.092529 0.035425 0.001487 0.245712
0 0 0.799326 0.069493 0.028799 0.002268 0.100114
0 0 0.776042 0.090843 0.042688 0.003565 0.086862
0 0 0.749653 0.111308 0.045572 0.002047 0.091420
0 0 0.604913 0.142934 0.050094 0.001014 0.201046
0 0 0.536001 0.156917 0.057911 0.001142 0.248029
0 0 0.503172 0.150594 0.045260 0.000497 0.300477
0 0 0.527892 0.122067 0.042573 0.000920 0.306548
0 0 0.566347 0.134654 0.056314 0.001933 0.240752
0 0 0.824145 0.063198 0.025109 0.001942 0.085606
0 0 0.862094 0.053861 0.019359 0.001323 0.063362
0 0 0.897119 0.040592 0.012038 0.000630 0.049623
0 0 0.855570 0.056815 0.020900 0.001444 0.065272
0 0 0.883951 0.046553 0.015677 0.000958 0.052862
0 0 0.882072 0.046475 0.016660 0.001170 0.053623
0 0 0.843227 0.069614 0.029684 0.001947 0.055527
0 0 0.840317 0.071002 0.033241 0.002481 0.052958
0 0 0.820366 0.069047 0.040876 0.005820 0.063890
0 0 0.837557 0.061290 0.038823 0.006510 0.055821
0 0 0.820353 0.066110 0.045067 0.008503 0.059966
0 0 0.842343 0.060066 0.035633 0.005412 0.056547
0 0 0.879406 0.048017 0.019916 0.001739 0.050922
0 0 0.888412 0.045249 0.019796 0.001856 0.044688
0 0 0.835128 0.061716 0.041270 0.007501 0.054384
0 0 0.851214 0.057404 0.032354 0.004531 0.054497
0 0 0.840088 0.060919 0.032727 0.004305 0.061961
0 0 0.804984 0.070649 0.048601 0.009377 0.066388
0 0 0.835746 0.062035 0.037703 0.005958 0.058558
0 0 0.874140 0.050452 0.022919 0.002252 0.050237
0 0 0.904058 0.041172 0.015626 0.001077 0.038067
0 0 0.906384 0.039221 0.017821 0.001736 0.034838
0 0 0.898557 0.041946 0.019931 0.002090 0.037476
0 0 0.888246 0.045449 0.022232 0.002456 0.041617
0 0 0.861019 0.054293 0.030359 0.004173 0.050156
0 0 0.871340 0.055294 0.020790 0.001284 0.051292
0 0 0.907870 0.038010 0.013217 0.000866 0.040037
0 0 0.927604 0.030820 0.009475 0.000506 0.031594
0 0 0.923815 0.032364 0.010582 0.000622 0.032617
0 0 0.923761 0.031860 0.009212 0.000451 0.034716
0 0 0.861492 0.053209 0.020419 0.001611 0.063270
0 0 0.813865 0.066379 0.027525 0.002282 0.089949
0 0 0.505855 0.123173 0.072615 0.006752 0.291605
4 0 0.298595 0.213572 0.136757 0.006043 0.345032
4 1 0.087655 0.226484 0.196359 0.006643 0.482859
4 1 0.037132 0.208430 0.253364 0.009967 0.491107
4 1 0.026116 0.189810 0.287626 0.011086 0.485362
4 1 0.044925 0.174416 0.257822 0.019590 0.503248
4 1 0.043145 0.122852 0.122896 0.006528 0.704579
4 4 0.058073 0.104412 0.083495 0.003654 0.750366
4 4 0.079451 0.084970 0.051692 0.001664 0.782223
4 4 0.107738 0.090003 0.049534 0.001468 0.751257
4 4 0.123022 0.090563 0.046413 0.001249 0.738754
4 4 0.074828 0.066089 0.027962 0.000387 0.830734
4 4 0.065649 0.061062 0.024886 0.000298 0.848105
4 4 0.118293 0.079830 0.034122 0.000598 0.767157
4 4 0.158210 0.078179 0.027297 0.000350 0.735964
4 4 0.165100 0.077702 0.026245 0.000319 0.730634
4 4 0.161249 0.080490 0.029129 0.000409 0.728723
4 4 0.151785 0.087166 0.037097 0.000728 0.723224
4 4 0.104971 0.075615 0.031894 0.000512 0.787008
4 4 0.090235 0.067920 0.026601 0.000337 0.814907
4 4 0.078060 0.080681 0.045608 0.001234 0.794418
4 4 0.119329 0.086154 0.041434 0.000951 0.752132
4 4 0.161478 0.083926 0.032452 0.000529 0.721615
4 4 0.188797 0.083607 0.029558 0.000427 0.697611
4 4 0.243251 0.085064 0.027403 0.000369 0.643913
4 4 0.220240 0.095271 0.038655 0.000829 0.645005
4 4 0.148425 0.081849 0.031869 0.000506 0.737350
4 4 0.073619 0.070685 0.033588 0.000598 0.821509
4 4 0.039870 0.058349 0.030956 0.000538 0.870288
4 4 0.045302 0.081252 0.067306 0.003377 0.802763
4 4 0.050188 0.083359 0.067109 0.003306 0.796039
4 4 0.094578 0.089730 0.053362 0.001772 0.760559
4 4 0.135646 0.088549 0.041257 0.000939 0.733609
4 4 0.078153 0.087680 0.056817 0.002095 0.775255
4 4 0.076842 0.088557 0.059013 0.002301 0.773287
4 4 0.097340 0.093174 0.057955 0.002161 0.749370
4 4 0.086350 0.109841 0.099307 0.008261 0.696241
4 4 0.060729 0.113789 0.155539 0.025374 0.644569
4 4 0.056925 0.155613 0.275346 0.046249 0.465866
2 4 0.042649 0.182915 0.421411 0.049499 0.303526
2 4 0.017222 0.147100 0.642424 0.032052 0.161201
2 4 0.009582 0.101825 0.746786 0.041055 0.100752
2 4 0.009545 0.112064 0.756272 0.032163 0.089955
2 4 0.013972 0.145562 0.670388 0.029494 0.140584
2 4 0.010088 0.136526 0.667110 0.017836 0.168439
2 4 0.012836 0.144052 0.600372 0.019345 0.223394
2 2 0.014578 0.160181 0.555117 0.014686 0.255438
2 2 0.021108 0.211856 0.433192 0.009573 0.324271
4 2 0.029922 0.238852 0.336898 0.008151 0.386177
4 2 0.031315 0.269239 0.343782 0.007938 0.347726
4 2 0.031458 0.299689 0.300795 0.004554 0.363503
2 2 0.022037 0.279494 0.363277 0.003809 0.331383
4 2 0.020717 0.233550 0.360451 0.005033 0.380250
4 2 0.069198 0.185919 0.166890 0.006558 0.571435
4 2 0.085286 0.220061 0.200692 0.008260 0.485702
4 2 0.100641 0.134864 0.118236 0.008342 0.637918
4 2 0.134360 0.123300 0.102064 0.008570 0.631706
4 2 0.189783 0.117339 0.073758 0.003971 0.615150
4 2 0.384122 0.127998 0.075605 0.005543 0.406732
0 2 0.526341 0.120918 0.072890 0.007016 0.272835
0 2 0.603243 0.134790 0.116984 0.022339 0.122644
0 2 0.382886 0.237299 0.269953 0.034991 0.074871
1 2 0.140211 0.355382 0.300535 0.008332 0.195539
1 2 0.037230 0.332362 0.329915 0.005015 0.295478
2 2 0.021092 0.213774 0.418325 0.009756 0.337053
2 2 0.015034 0.139835 0.663666 0.033522 0.147944
2 2 0.007842 0.084942 0.802611 0.047008 0.057597
2 2 0.006181 0.067093 0.831776 0.052081 0.042868
2 2 0.004563 0.050448 0.850813 0.065982 0.028194
2 2 0.003628 0.040254 0.855614 0.079429 0.021075
2 2 0.005185 0.047502 0.818467 0.103203 0.025644
2 2 0.009580 0.081969 0.768773 0.075521 0.064156
2 2 0.011584 0.100660 0.738849 0.061432 0.087474
2 2 0.005980 0.097444 0.825701 0.017952 0.052923
2 3 0.004851 0.094783 0.822738 0.012370 0.065257
2 3 0.003119 0.071702 0.853352 0.012680 0.059147
2 3 0.002305 0.047854 0.896483 0.022155 0.031203
2 3 0.003304 0.049965 0.869676 0.039144 0.037912
2 3 0.005146 0.059791 0.836373 0.049677 0.049013
2 3 0.004914 0.042803 0.811828 0.109776 0.030679
2 3 0.004416 0.035488 0.799398 0.141451 0.019247
2 3 0.003194 0.027545 0.802675 0.157108 0.009478
2 3 0.004154 0.032244 0.793996 0.157773 0.011834
2 3 0.003254 0.022073 0.751182 0.216736 0.006755
2 3 0.004743 0.022152 0.650713 0.313256 0.009136
2 3 0.004149 0.016576 0.553382 0.418479 0.007416
2 3 0.003698 0.013814 0.491197 0.484159 0.007132
2 3 0.003965 0.014290 0.489708 0.482151 0.009885
2 3 0.003283 0.013737 0.536260 0.437879 0.008842
3 3 0.002529 0.008752 0.428139 0.556895 0.003685
3 3 0.003139 0.008622 0.380437 0.604861 0.002941
3 3 0.006702 0.017933 0.471378 0.497131 0.006856
3 3 0.011000 0.020433 0.357217 0.599431 0.011921
3 3 0.006603 0.008450 0.196823 0.784492 0.003631
3 3 0.007751 0.009934 0.196521 0.781616 0.004178
3 3 0.008029 0.008797 0.149671 0.829537 0.003966
3 3 0.008783 0.009092 0.148475 0.829677 0.003973
3 3 0.008641 0.008677 0.139627 0.839355 0.003700
3 3 0.007087 0.007967 0.156646 0.824965 0.003334
3 3 0.008963 0.009719 0.158876 0.817972 0.004471
3 3 0.006367 0.006755 0.129320 0.854871 0.002687
3 3 0.006936 0.006920 0.119700 0.863679 0.002765
3 3 0.006040 0.006421 0.122614 0.862366 0.002559
3 3 0.007313 0.007677 0.126684 0.854969 0.003357
3 3 0.005710 0.006084 0.109037 0.876636 0.002532
3 3 0.004412 0.005050 0.106126 0.882391 0.002021
3 3 0.005739 0.005870 0.095426 0.890472 0.002494
3 3 0.006858 0.006359 0.090863 0.893255 0.002665
3 3 0.007614 0.006325 0.079919 0.903580 0.002562
3 3 0.007246 0.005467 0.066930 0.918326 0.002030
3 3 0.007553 0.005569 0.063536 0.921222 0.002120
3 3 0.007649 0.006362 0.072153 0.911059 0.002777
3 3 0.008584 0.007277 0.078719 0.902054 0.003365
3 3 0.011693 0.008336 0.079563 0.896900 0.003509
3 3 0.010551 0.007469 0.074371 0.904591 0.003019
3 3 0.011483 0.008093 0.077839 0.899241 0.003344
3 3 0.009541 0.006788 0.070435 0.910563 0.002673
3 3 0.008831 0.006483 0.071730 0.910435 0.002522
3 3 0.007833 0.005629 0.063277 0.921156 0.002106
3 3 0.006786 0.004911 0.058506 0.928026 0.001771
3 3 0.005897 0.004357 0.054910 0.933299 0.001538
3 3 0.006344 0.004641 0.056798 0.930560 0.001658
3 3 0.006575 0.004930 0.059474 0.927192 0.001830
3 3 0.007955 0.006194 0.069167 0.914141 0.002544
3 3 0.006881 0.005395 0.063901 0.921688 0.002134
3 3 0.007696 0.005728 0.064846 0.919514 0.002215
3 3 0.006979 0.005044 0.059412 0.926733 0.001832
3 3 0.005370 0.003932 0.051454 0.937908 0.001336
3 3 0.006359 0.004618 0.056463 0.930922 0.001638
3 3 0.005767 0.004208 0.053515 0.935054 0.001456
3 3 0.008379 0.006001 0.065643 0.917693 0.002284
3 3 0.007947 0.005706 0.063778 0.920426 0.002143
3 3 0.007333 0.005287 0.061041 0.924395 0.001945
3 3 0.010261 0.007539 0.075904 0.903149 0.003147
3 3 0.009552 0.006796 0.070482 0.910492 0.002677
3 3 0.009215 0.006568 0.069124 0.912530 0.002563
3 3 0.012717 0.008917 0.082218 0.892363 0.003785
3 3 0.013881 0.009689 0.086153 0.886068 0.004209
3 3 0.015372 0.010673 0.090949 0.878243 0.004764
3 3 0.010062 0.007140 0.072491 0.907458 0.002850
3 3 0.009724 0.006912 0.071165 0.909464 0.002735
3 3 0.013044 0.009134 0.083341 0.890579 0.003903
3 3 0.010916 0.007713 0.075746 0.902479 0.003146
3 3 0.009939 0.007057 0.072010 0.908187 0.002808
3 3 0.007892 0.005669 0.063536 0.920778 0.002125
3 3 0.007113 0.005136 0.060032 0.925845 0.001874
3 3 0.006195 0.004505 0.055661 0.932053 0.001587
3 3 0.005352 0.003920 0.051359 0.938038 0.001330
3 3 0.004433 0.003277 0.046288 0.944941 0.001060
3 3 0.004589 0.003387 0.047183 0.943736 0.001105
3 3 0.005079 0.003729 0.049896 0.940048 0.001249
3 3 0.004275 0.003166 0.045370 0.946174 0.001015
3 3 0.003905 0.002905 0.043151 0.949129 0.000910
3 3 0.008560 0.006124 0.066411 0.916561 0.002344
3 3 0.007717 0.005550 0.062767 0.921898 0.002068
3 3 0.006316 0.004588 0.056253 0.931219 0.001624
3 3 0.005510 0.004030 0.052189 0.936893 0.001378
3 3 0.006187 0.004499 0.055621 0.932108 0.001584
3 3 0.006395 0.004642 0.056635 0.930679 0.001649
3 3 0.007715 0.005548 0.062758 0.921910 0.002068
3 3 0.006563 0.004758 0.057449 0.929528 0.001701
3 3 0.006047 0.004402 0.054925 0.933085 0.001541
3 3 0.007320 0.005278 0.060980 0.924482 0.001940
3 3 0.005977 0.004354 0.054575 0.933574 0.001520
3 3 0.004515 0.003335 0.046760 0.944306 0.001084
3 3 0.003973 0.002953 0.043564 0.948582 0.000929
3 3 0.004419 0.003267 0.046206 0.945052 0.001056
3 3 0.005338 0.003910 0.051285 0.938141 0.001326
3 3 0.004361 0.003227 0.045872 0.945501 0.001040
3 3 0.005292 0.003878 0.051039 0.938480 0.001312
3 3 0.004366 0.003230 0.045901 0.945462 0.001041
3 3 0.003880 0.002887 0.042999 0.949330 0.000903
3 3 0.004237 0.003139 0.045145 0.946474 0.001004
3 3 0.006654 0.004821 0.057883 0.928912 0.001730
3 3 0.006663 0.004827 0.057927 0.928850 0.001733
3 3 0.006334 0.004600 0.056338 0.931098 0.001630
3 3 0.006302 0.004578 0.056185 0.931314 0.001620
3 3 0.007174 0.005188 0.060428 0.925310 0.001901
3 3 0.009306 0.006759 0.070835 0.910400 0.002701
3 3 0.009502 0.006995 0.072686 0.907960 0.002857
3 3 0.006992 0.005053 0.059473 0.926647 0.001836
3 3 0.007907 0.005679 0.063603 0.920681 0.002130
3 3 0.007360 0.005305 0.061163 0.924219 0.001953
3 3 0.017017 0.011753 0.095964 0.869876 0.005391
3 3 0.048649 0.026952 0.150236 0.759678 0.014484
3 1 0.092183 0.042091 0.186027 0.655502 0.024198
2 1 0.079695 0.091413 0.463915 0.338078 0.026898
2 1 0.095825 0.161145 0.551084 0.154752 0.037194
2 1 0.058282 0.149945 0.594461 0.162557 0.034755
2 1 0.025106 0.092120 0.691866 0.165141 0.025767
2 1 0.011492 0.054899 0.747259 0.166455 0.019896
2 1 0.009241 0.049986 0.765240 0.154343 0.021191
2 1 0.010753 0.059419 0.755287 0.136864 0.037678
4 1 0.036399 0.165251 0.155566 0.004540 0.638244
4 1 0.039732 0.188884 0.190559 0.003749 0.577075
4 1 0.044806 0.222773 0.216539 0.002850 0.513031
4 1 0.042898 0.256783 0.212664 0.002142 0.485512
4 1 0.031156 0.244629 0.221643 0.003357 0.499215
4 1 0.035057 0.323885 0.310894 0.004478 0.325687
4 1 0.053842 0.246258 0.332423 0.019064 0.348413
4 1 0.058742 0.223072 0.289143 0.019425 0.409618
4 1 0.051563 0.157222 0.191929 0.015582 0.583704
4 1 0.039987 0.109714 0.136041 0.012668 0.701591
4 1 0.054012 0.113672 0.115584 0.007870 0.708861
4 1 0.035141 0.153253 0.182850 0.009085 0.619671
4 1 0.028577 0.200103 0.256550 0.008615 0.506155
4 1 0.027436 0.226533 0.304677 0.009043 0.432312
4 1 0.028783 0.210426 0.320712 0.013381 0.426698
2 1 0.024194 0.199180 0.409527 0.015568 0.351531
2 1 0.017293 0.167052 0.550789 0.020714 0.244152
2 1 0.017953 0.154974 0.566181 0.031775 0.229118
2 1 0.017492 0.142761 0.615613 0.040336 0.183799
2 1 0.019479 0.137154 0.590988 0.043996 0.208383
2 1 0.006673 0.037534 0.704680 0.226700 0.024412
2 1 0.005261 0.028544 0.669815 0.280918 0.015462
2 1 0.008529 0.050918 0.723572 0.167531 0.049451
2 1 0.010614 0.075550 0.741802 0.082440 0.089594
2 1 0.026880 0.141755 0.526455 0.038947 0.265963
4 1 0.030718 0.235517 0.361595 0.007977 0.364193
4 1 0.083961 0.334214 0.202291 0.001634 0.377900
1 1 0.156404 0.380516 0.175475 0.000955 0.286651
0 1 0.489914 0.205843 0.081445 0.001374 0.221425
0 0 0.694443 0.142439 0.065500 0.003030 0.094588
0 0 0.768139 0.094724 0.045616 0.003845 0.087677
0 0 0.859099 0.054783 0.025185 0.002600 0.058334
0 0 0.862200 0.053962 0.026835 0.003103 0.053901
0 0 0.841473 0.060459 0.033945 0.004759 0.059363
0 0 0.678388 0.101560 0.097548 0.030797 0.091707
0 1 0.392931 0.191429 0.258050 0.068560 0.089030
2 1 0.086647 0.224030 0.482368 0.089726 0.117229
2 1 0.044431 0.193429 0.497249 0.056142 0.208749
2 1 0.026522 0.158433 0.468574 0.040460 0.306011
2 1 0.021330 0.137430 0.517544 0.046089 0.277606
4 1 0.050962 0.089154 0.079755 0.005035 0.775093
4 1 0.064589 0.090788 0.071006 0.003678 0.769939
4 1 0.073399 0.079328 0.045428 0.001230 0.800616
4 4 0.105233 0.071629 0.027696 0.000366 0.795076
4 4 0.089451 0.082962 0.044926 0.001175 0.781486
4 4 0.120863 0.073552 0.027254 0.000350 0.777981
4 4 0.274815 0.086516 0.027258 0.000374 0.611037
4 4 0.404589 0.078792 0.019295 0.000193 0.497132
0 4 0.465964 0.083914 0.022800 0.000322 0.427001
0 4 0.497551 0.111349 0.051667 0.002665 0.336768
0 4 0.463867 0.125618 0.073794 0.006259 0.330462
0 4 0.393209 0.149794 0.106373 0.011374 0.339250
4 4 0.124012 0.183953 0.226844 0.028450 0.436741
4 4 0.047152 0.115952 0.255189 0.051587 0.530119
4 4 0.024417 0.090248 0.311372 0.046180 0.527783
2 4 0.026882 0.089818 0.403255 0.095752 0.384293
