0 0 0.949171 0.010384 0.008978 0.000011 0.031456
0 0 0.859118 0.054815 0.021539 0.000042 0.064487
0 0 0.511346 0.244842 0.056722 0.000264 0.186826
1 0 0.285132 0.411761 0.115333 0.003319 0.184456
1 0 0.149253 0.346816 0.185531 0.004170 0.314230
4 1 0.128019 0.279434 0.226852 0.002605 0.363090
4 1 0.142029 0.244485 0.177226 0.002460 0.433800
4 1 0.146409 0.219860 0.160215 0.002663 0.470853
4 1 0.192718 0.182829 0.102224 0.001317 0.520912
4 1 0.167827 0.164683 0.133074 0.001389 0.533028
4 1 0.212844 0.137016 0.088852 0.001654 0.559634
4 1 0.206892 0.178679 0.139453 0.004165 0.470811
4 1 0.196476 0.194973 0.173067 0.011099 0.424385
4 1 0.200495 0.189986 0.204771 0.029371 0.375377
0 2 0.264790 0.169783 0.255797 0.094113 0.215517
0 2 0.283077 0.144722 0.269226 0.150977 0.151999
3 2 0.241494 0.087117 0.253161 0.344036 0.074192
3 2 0.080306 0.023517 0.123418 0.760305 0.012453
3 2 0.246345 0.047863 0.213138 0.453865 0.038790
0 2 0.338117 0.067624 0.240637 0.293842 0.059780
0 2 0.470795 0.202291 0.128767 0.005281 0.192866
0 2 0.350762 0.266741 0.170199 0.013987 0.198311
1 4 0.223019 0.299463 0.170620 0.014168 0.292730
1 4 0.195307 0.310715 0.217745 0.042576 0.233658
2 4 0.124594 0.269831 0.367977 0.102123 0.135474
2 4 0.094803 0.254169 0.448526 0.083186 0.119316
2 4 0.065307 0.159145 0.607032 0.115257 0.053258
2 1 0.094024 0.164107 0.545726 0.150514 0.045629
2 1 0.156537 0.193464 0.454710 0.108608 0.086681
0 1 0.284553 0.219413 0.269431 0.095886 0.130717
2 1 0.245216 0.216383 0.268019 0.153552 0.116830
2 1 0.250667 0.161020 0.270196 0.222343 0.095774
3 1 0.216311 0.099629 0.250834 0.368035 0.065191
0 1 0.341447 0.132594 0.255022 0.106884 0.164054
3 1 0.207266 0.104482 0.256605 0.356983 0.074664
2 1 0.237677 0.161516 0.274607 0.213643 0.112557
3 1 0.125413 0.124610 0.241456 0.443184 0.065338
2 4 0.135495 0.237682 0.271121 0.194801 0.160901
2 4 0.065739 0.223125 0.450307 0.083887 0.176942
2 4 0.082720 0.264575 0.374202 0.035388 0.243115
0 4 0.362082 0.250221 0.196115 0.007082 0.184500
1 4 0.284824 0.288034 0.208168 0.009970 0.209004
0 4 0.288646 0.269155 0.160981 0.007044 0.274174
2 4 0.141009 0.317581 0.326752 0.028722 0.185936
2 4 0.061278 0.260611 0.532142 0.036657 0.109312
2 4 0.032772 0.195641 0.677767 0.025219 0.068601
2 4 0.038004 0.194407 0.658292 0.035422 0.073875
2 4 0.054010 0.235240 0.580984 0.038384 0.091383
2 2 0.083315 0.237741 0.503752 0.058036 0.117156
2 2 0.038561 0.188223 0.681937 0.030591 0.060687
2 2 0.022584 0.166332 0.710536 0.028544 0.072004
2 2 0.008362 0.093768 0.832391 0.022811 0.042668
2 2 0.009613 0.119421 0.798098 0.017727 0.055141
2 2 0.011583 0.090530 0.819796 0.038709 0.039383
2 2 0.011438 0.066085 0.844997 0.055560 0.021920
2 2 0.012999 0.069056 0.833320 0.062016 0.022608
2 2 0.010725 0.055559 0.842169 0.073884 0.017663
2 2 0.010421 0.044976 0.804425 0.125084 0.015095
2 2 0.007369 0.036191 0.821776 0.121857 0.012807
2 2 0.004836 0.030205 0.874658 0.080541 0.009759
2 2 0.003496 0.013277 0.735248 0.244302 0.003677
2 2 0.004718 0.011196 0.535632 0.445334 0.003119
3 2 0.007718 0.014593 0.449933 0.523247 0.004509
3 2 0.009058 0.016171 0.429413 0.540157 0.005201
3 2 0.011523 0.017820 0.375705 0.588937 0.006015
3 2 0.013294 0.015305 0.269251 0.697021 0.005129
3 2 0.013225 0.014395 0.250693 0.716914 0.004774
3 2 0.016439 0.016035 0.221112 0.740779 0.005635
3 2 0.014639 0.014416 0.221838 0.744229 0.004879
3 2 0.014387 0.014401 0.226357 0.739998 0.004856
3 2 0.011989 0.012566 0.236790 0.734643 0.004012
3 2 0.015065 0.016915 0.263362 0.698770 0.005888
3 3 0.016687 0.017846 0.249470 0.709612 0.006384
3 3 0.017194 0.015009 0.191038 0.771477 0.005282
3 3 0.017068 0.011493 0.131858 0.835643 0.003939
3 3 0.026564 0.014084 0.096023 0.857833 0.005497
3 3 0.025483 0.011820 0.077872 0.880307 0.004519
3 3 0.026205 0.010653 0.063514 0.895539 0.004088
3 3 0.017867 0.005913 0.043882 0.930347 0.001991
3 3 0.014854 0.004464 0.036710 0.942559 0.001414
3 3 0.030452 0.008095 0.061289 0.896457 0.003706
3 3 0.014781 0.004430 0.036536 0.942853 0.001401
3 3 0.014941 0.004504 0.036919 0.942208 0.001429
3 3 0.014503 0.003954 0.034792 0.945480 0.001269
3 3 0.023418 0.005847 0.048929 0.919407 0.002399
3 3 0.018992 0.005265 0.043180 0.930656 0.001907
3 3 0.015390 0.004621 0.037728 0.940774 0.001488
3 3 0.019934 0.006036 0.046275 0.925568 0.002187
3 3 0.020610 0.005893 0.046523 0.924772 0.002201
3 3 0.016085 0.004941 0.039369 0.937990 0.001614
3 3 0.011888 0.003185 0.029597 0.954393 0.000938
3 3 0.012190 0.003308 0.030325 0.953195 0.000982
3 3 0.008608 0.001957 0.021661 0.967255 0.000519
3 3 0.009751 0.002361 0.024435 0.962801 0.000652
3 3 0.010141 0.002385 0.024934 0.961865 0.000675
3 3 0.011250 0.002392 0.026078 0.959552 0.000729
3 3 0.014990 0.003048 0.032119 0.948772 0.001070
3 3 0.010643 0.002233 0.024848 0.961611 0.000665
3 3 0.009101 0.002128 0.022858 0.965338 0.000575
3 3 0.012974 0.003355 0.031291 0.951342 0.001037
3 3 0.025236 0.025492 0.302689 0.639348 0.007235
3 3 0.050875 0.026340 0.147734 0.767351 0.007700
0 3 0.387411 0.098057 0.251985 0.160891 0.101655
0 3 0.298615 0.096206 0.256460 0.274591 0.074128
3 3 0.091089 0.080995 0.386123 0.409945 0.031848
2 3 0.091275 0.098052 0.436364 0.350132 0.024178
2 3 0.076854 0.090455 0.464295 0.345653 0.022743
3 3 0.050524 0.052188 0.384876 0.498928 0.013483
3 3 0.022533 0.023977 0.252633 0.691363 0.009494
3 3 0.027189 0.012400 0.076319 0.879252 0.004839
3 3 0.028687 0.012261 0.069305 0.884891 0.004856
3 3 0.026632 0.010923 0.064511 0.893718 0.004215
3 3 0.022439 0.008384 0.054682 0.911445 0.003049
3 3 0.023873 0.009224 0.058050 0.905427 0.003426
3 3 0.018186 0.007095 0.057250 0.915055 0.002414
3 3 0.021560 0.010263 0.079759 0.884699 0.003719
3 3 0.021854 0.009689 0.071479 0.893462 0.003515
3 3 0.023383 0.010992 0.078846 0.882691 0.004088
3 3 0.022865 0.008891 0.058385 0.906602 0.003258
3 3 0.021575 0.007893 0.052649 0.915051 0.002832
3 3 0.165335 0.053265 0.176350 0.588604 0.016446
3 3 0.095434 0.039214 0.134987 0.720626 0.009739
3 3 0.036092 0.020513 0.138481 0.798423 0.006491
3 3 0.029919 0.018576 0.139151 0.805905 0.006449
3 3 0.027239 0.014018 0.091962 0.861273 0.005507
3 3 0.024857 0.010960 0.071785 0.888251 0.004147
3 3 0.022732 0.008553 0.055371 0.910219 0.003124
3 3 0.022851 0.008622 0.055651 0.909720 0.003155
3 3 0.023387 0.008936 0.056911 0.907470 0.003296
3 3 0.025269 0.010070 0.061323 0.899523 0.003815
3 3 0.026645 0.010931 0.064541 0.893665 0.004219
3 3 0.048599 0.025668 0.131331 0.785890 0.008512
3 3 0.069618 0.049214 0.261720 0.606862 0.012586
2 3 0.087152 0.087196 0.472173 0.337465 0.016015
2 3 0.090473 0.106656 0.563360 0.222922 0.016589
2 3 0.105380 0.136913 0.578459 0.158180 0.021067
2 3 0.075377 0.112906 0.616193 0.175708 0.019816
2 3 0.048699 0.102064 0.681666 0.145293 0.022279
2 3 0.034216 0.086543 0.678417 0.173842 0.026982
2 3 0.028266 0.081629 0.678570 0.180199 0.031336
3 3 0.013390 0.025542 0.464782 0.486705 0.009582
3 3 0.012651 0.019539 0.377174 0.583828 0.006808
3 3 0.013622 0.019348 0.345769 0.614470 0.006791
3 3 0.021625 0.026700 0.301804 0.639177 0.010693
3 3 0.026412 0.026525 0.236756 0.699311 0.010997
3 3 0.029188 0.023666 0.179320 0.757950 0.009876
3 3 0.042374 0.029085 0.144829 0.770145 0.013568
3 3 0.036032 0.027737 0.168806 0.755050 0.012376
3 3 0.132210 0.100272 0.281945 0.431111 0.054462
3 3 0.147892 0.099818 0.247732 0.457007 0.047551
3 3 0.084928 0.084921 0.325945 0.473023 0.031183
3 3 0.064911 0.074065 0.384505 0.451786 0.024733
2 3 0.062496 0.080535 0.422561 0.406435 0.027971
3 3 0.153430 0.112726 0.302712 0.387432 0.043700
3 3 0.122846 0.069138 0.187813 0.595012 0.025192
3 3 0.173017 0.096346 0.221687 0.474063 0.034888
3 2 0.180243 0.112952 0.241978 0.412606 0.052221
3 2 0.116961 0.093405 0.236490 0.513465 0.039679
2 2 0.116100 0.131456 0.372945 0.332063 0.047436
2 2 0.048788 0.074322 0.523572 0.331927 0.021391
3 2 0.037479 0.052332 0.400402 0.489286 0.020501
3 2 0.054120 0.055453 0.316210 0.554156 0.020061
3 2 0.223811 0.087155 0.262570 0.381133 0.045330
3 2 0.276913 0.068419 0.214541 0.412926 0.027202
0 2 0.511396 0.063512 0.200230 0.198481 0.026381
0 0 0.810668 0.029642 0.106834 0.032944 0.019911
0 0 0.920850 0.013248 0.049094 0.005814 0.010994
0 0 0.965059 0.004436 0.024377 0.002510 0.003619
0 0 0.984170 0.001669 0.012018 0.001083 0.001060
0 0 0.995148 0.000452 0.003964 0.000176 0.000259
0 0 0.996586 0.000398 0.002771 0.000079 0.000165
0 0 0.997825 0.000341 0.001671 0.000018 0.000145
0 0 0.996242 0.000627 0.002637 0.000024 0.000471
0 0 0.984780 0.003917 0.009441 0.000194 0.001668
0 0 0.964837 0.011281 0.019663 0.000641 0.003578
0 0 0.906536 0.037754 0.043867 0.002110 0.009733
0 0 0.909775 0.039039 0.035374 0.000741 0.015072
0 1 0.854534 0.059959 0.049781 0.001021 0.034706
0 1 0.867476 0.068461 0.043097 0.000825 0.020141
0 0 0.897961 0.047085 0.039741 0.001010 0.014203
1 0 0.397454 0.465803 0.085615 0.002311 0.048816
1 0 0.383454 0.488341 0.072708 0.001202 0.054296
0 0 0.438701 0.404327 0.095641 0.003034 0.058297
0 0 0.700899 0.156345 0.079246 0.001986 0.061524
0 0 0.737710 0.120424 0.085883 0.003311 0.052673
0 0 0.687435 0.151677 0.102831 0.005489 0.052567
0 0 0.704791 0.152480 0.080778 0.002187 0.059765
0 1 0.575974 0.232064 0.081510 0.001265 0.109187
0 1 0.349650 0.304387 0.083446 0.000888 0.261629
1 1 0.159861 0.435382 0.191201 0.006670 0.206886
1 1 0.081450 0.430664 0.279401 0.011999 0.196485
1 1 0.079273 0.405758 0.340538 0.013621 0.160809
2 2 0.036862 0.286256 0.553106 0.013657 0.110119
2 2 0.025278 0.235778 0.626219 0.014425 0.098299
2 2 0.013629 0.132425 0.767189 0.024698 0.062059
2 2 0.009745 0.064057 0.837173 0.062565 0.026461
2 2 0.008016 0.052775 0.848453 0.069118 0.021637
2 2 0.010003 0.067511 0.841395 0.053991 0.027100
2 2 0.021048 0.126241 0.706664 0.071327 0.074720
2 2 0.021938 0.099288 0.712866 0.113960 0.051948
2 2 0.006892 0.039104 0.834414 0.103842 0.015747
2 2 0.014146 0.057162 0.752344 0.151970 0.024378
2 2 0.023435 0.066499 0.610592 0.265393 0.034082
2 2 0.018795 0.051418 0.600513 0.304488 0.024787
2 2 0.016546 0.059126 0.677178 0.216747 0.030403
2 2 0.007408 0.033291 0.766970 0.178155 0.014176
2 2 0.003900 0.022318 0.830122 0.135183 0.008477
2 2 0.002745 0.016941 0.847724 0.126705 0.005885
2 2 0.002953 0.020399 0.866177 0.102734 0.007737
2 2 0.004436 0.024839 0.824019 0.136924 0.009782
2 2 0.007221 0.034687 0.782378 0.160582 0.015133
2 2 0.009384 0.043357 0.765150 0.161626 0.020483
2 2 0.015018 0.067694 0.729195 0.151504 0.036590
2 2 0.024707 0.087425 0.703026 0.145702 0.039140
2 2 0.038117 0.112071 0.642051 0.158305 0.049456
2 2 0.075759 0.134408 0.566575 0.173232 0.050026
2 2 0.074429 0.117043 0.503027 0.266061 0.039440
2 2 0.079352 0.110145 0.451905 0.319927 0.038671
2 2 0.082162 0.128254 0.394130 0.330190 0.065264
2 2 0.058775 0.103025 0.425972 0.356904 0.055325
2 2 0.008083 0.038089 0.774856 0.161801 0.017171
2 2 0.007119 0.034731 0.785978 0.156979 0.015192
2 2 0.009700 0.027757 0.625278 0.326611 0.010655
2 2 0.010838 0.027701 0.582257 0.368601 0.010603
2 2 0.016577 0.032963 0.483727 0.453222 0.013511
3 2 0.017297 0.022894 0.323539 0.627670 0.008600
3 2 0.028956 0.023261 0.176972 0.761141 0.009670
3 2 0.039059 0.025422 0.133774 0.790274 0.011471
3 2 0.070132 0.038142 0.147008 0.721777 0.022942
3 2 0.057062 0.029480 0.122379 0.776419 0.014660
3 2 0.050358 0.033970 0.150827 0.749342 0.015503
3 2 0.040933 0.042609 0.282442 0.616731 0.017285
3 2 0.042118 0.046085 0.272311 0.617475 0.022012
3 2 0.037523 0.049676 0.328268 0.559928 0.024605
3 2 0.032192 0.038450 0.293685 0.618061 0.017612
3 2 0.024911 0.033372 0.332476 0.594962 0.014279
3 2 0.022663 0.023807 0.248654 0.695450 0.009426
3 2 0.022304 0.017818 0.172513 0.780589 0.006776
3 2 0.026380 0.020276 0.165452 0.779763 0.008128
3 2 0.028169 0.023641 0.187582 0.750823 0.009785
3 2 0.037722 0.037062 0.233005 0.674850 0.017361
3 2 0.026358 0.037623 0.356046 0.563311 0.016662
2 2 0.013951 0.030686 0.523621 0.419535 0.012208
2 2 0.013027 0.034112 0.594832 0.344123 0.013906
2 2 0.021719 0.053776 0.600941 0.301148 0.022415
2 2 0.034203 0.077934 0.535267 0.312167 0.040428
2 2 0.025040 0.047904 0.466822 0.437663 0.022571
3 2 0.024797 0.036807 0.370438 0.551865 0.016094
3 2 0.025281 0.033459 0.328198 0.598708 0.014354
3 2 0.025686 0.045225 0.435202 0.472918 0.020970
3 2 0.028738 0.044161 0.383322 0.523225 0.020554
3 2 0.026858 0.044716 0.413696 0.493987 0.020743
3 2 0.033248 0.056377 0.414609 0.467348 0.028418
2 2 0.038643 0.074607 0.439218 0.406507 0.041024
3 2 0.037457 0.055592 0.361505 0.517283 0.028163
3 2 0.025799 0.042383 0.408876 0.503642 0.019300
2 2 0.018618 0.044156 0.551365 0.365811 0.020051
2 2 0.019805 0.051341 0.581136 0.323018 0.024700
2 2 0.021000 0.051209 0.558625 0.344572 0.024594
2 2 0.027698 0.061656 0.518240 0.360577 0.031829
2 2 0.024740 0.054870 0.516387 0.377057 0.026946
3 2 0.017452 0.030866 0.436794 0.502436 0.012453
3 2 0.021870 0.027633 0.310104 0.629234 0.011159
2 2 0.029300 0.054877 0.456086 0.432484 0.027254
2 2 0.044652 0.139497 0.513400 0.203414 0.099036
2 2 0.038984 0.131590 0.552254 0.184710 0.092462
2 2 0.036351 0.100981 0.561053 0.240694 0.060922
2 2 0.064461 0.220773 0.464871 0.103833 0.146063
2 2 0.060184 0.257291 0.476581 0.057795 0.148149
2 2 0.046915 0.180200 0.558926 0.106129 0.107829
2 2 0.047873 0.159610 0.563764 0.139135 0.089618
2 2 0.038960 0.185434 0.580633 0.079534 0.115439
2 2 0.036786 0.160216 0.561522 0.123300 0.118176
2 2 0.035733 0.142719 0.577870 0.142904 0.100774
2 2 0.063733 0.129779 0.458675 0.273841 0.073972
2 2 0.163709 0.131759 0.417534 0.202318 0.084680
3 2 0.227366 0.103499 0.306720 0.308654 0.053760
0 2 0.325662 0.111261 0.287031 0.212663 0.063383
0 2 0.553587 0.117781 0.199235 0.060421 0.068976
0 2 0.566892 0.167400 0.162811 0.020885 0.082011
0 2 0.683541 0.109026 0.087269 0.002308 0.117857
0 2 0.728660 0.089912 0.074506 0.001588 0.105334
0 2 0.745311 0.094834 0.077421 0.002051 0.080384
0 0 0.772009 0.097592 0.069259 0.001651 0.059488
0 0 0.567940 0.235323 0.121535 0.007032 0.068169
1 0 0.350040 0.395808 0.140273 0.008796 0.105083
1 0 0.140604 0.424123 0.317988 0.012809 0.104476
2 0 0.066335 0.310286 0.522560 0.015681 0.085139
2 1 0.049140 0.239416 0.598136 0.028526 0.084781
2 1 0.047029 0.186498 0.620407 0.063610 0.082456
2 0 0.035877 0.138347 0.653869 0.102159 0.069748
2 0 0.031045 0.108332 0.690044 0.123000 0.047580
2 0 0.031378 0.108662 0.708112 0.109801 0.042047
2 0 0.034454 0.162501 0.703675 0.041578 0.057792
2 0 0.065286 0.280560 0.548019 0.022430 0.083706
1 0 0.201978 0.329948 0.311515 0.012795 0.143764
0 0 0.432687 0.281771 0.174692 0.012774 0.098075
0 0 0.347467 0.288355 0.250673 0.013372 0.100133
1 0 0.357645 0.358044 0.167490 0.007077 0.109744
1 0 0.294363 0.415312 0.157173 0.006865 0.126286
2 0 0.087745 0.299477 0.517168 0.021523 0.074087
2 0 0.132887 0.264103 0.505865 0.045598 0.051547
2 1 0.104938 0.200031 0.612314 0.054094 0.028624
2 0 0.118155 0.207743 0.583540 0.060028 0.030535
2 0 0.085464 0.175790 0.624439 0.079651 0.034656
2 0 0.050111 0.166447 0.686598 0.052329 0.044516
2 0 0.042048 0.137492 0.715536 0.067444 0.037480
2 1 0.064382 0.195993 0.635266 0.050990 0.053369
2 1 0.137476 0.263069 0.502783 0.035261 0.061411
2 1 0.131283 0.244056 0.533765 0.048014 0.042882
2 1 0.136782 0.299059 0.497647 0.022669 0.043843
2 1 0.210992 0.323870 0.382496 0.024009 0.058632
2 1 0.258767 0.306588 0.322240 0.046940 0.065465
2 1 0.203361 0.222517 0.379307 0.143188 0.051626
2 1 0.138913 0.189034 0.389455 0.211681 0.070917
2 1 0.132195 0.200637 0.449662 0.153887 0.063618
2 1 0.127437 0.320234 0.343827 0.058844 0.149658
2 2 0.055675 0.180218 0.596290 0.090903 0.076913
2 2 0.036974 0.186023 0.638561 0.050685 0.087758
2 2 0.031024 0.142530 0.674885 0.079401 0.072159
2 2 0.028415 0.103775 0.733298 0.097146 0.037366
2 2 0.025289 0.084133 0.738245 0.124262 0.028071
2 2 0.022070 0.076182 0.757561 0.119959 0.024227
2 2 0.023104 0.071377 0.707687 0.171672 0.026160
2 2 0.015413 0.041424 0.599394 0.325380 0.018390
2 2 0.011771 0.033465 0.622462 0.318551 0.013750
2 2 0.013074 0.035883 0.608972 0.326960 0.015111
2 2 0.010828 0.035739 0.674097 0.264175 0.015161
2 2 0.013285 0.046157 0.696914 0.223251 0.020393
2 2 0.017818 0.060246 0.711967 0.185329 0.024640
2 2 0.025509 0.085444 0.732880 0.126482 0.029686
2 2 0.029736 0.104026 0.743819 0.089919 0.032501
2 2 0.041944 0.146894 0.703653 0.062839 0.044669
2 2 0.059460 0.224908 0.589907 0.044951 0.080774
2 2 0.086082 0.294802 0.499477 0.029337 0.090301
2 2 0.050151 0.193160 0.666018 0.036334 0.054337
2 2 0.052257 0.232213 0.618791 0.026608 0.070132
2 2 0.044515 0.206342 0.599406 0.052059 0.097677
2 2 0.028814 0.164131 0.614158 0.078514 0.114383
2 2 0.023489 0.093971 0.648617 0.176816 0.057107
3 2 0.040442 0.054499 0.333442 0.543734 0.027884
3 2 0.034032 0.037118 0.264297 0.647499 0.017053
3 2 0.031141 0.033508 0.259550 0.660921 0.014880
3 2 0.037357 0.039152 0.252205 0.652813 0.018472
3 2 0.032685 0.032791 0.238403 0.681475 0.014645
3 2 0.024828 0.022632 0.208035 0.735440 0.009063
3 2 0.021517 0.018864 0.195550 0.756908 0.007161
3 2 0.021417 0.018846 0.196476 0.756115 0.007146
3 2 0.019145 0.021023 0.260294 0.691626 0.007911
3 2 0.018843 0.023274 0.299965 0.649031 0.008887
3 2 0.014484 0.016840 0.274289 0.688569 0.005817
3 2 0.014507 0.017410 0.285200 0.676835 0.006049
3 2 0.012587 0.014595 0.270532 0.697479 0.004807
3 2 0.013566 0.018252 0.325106 0.636747 0.006328
3 2 0.014872 0.016573 0.260642 0.702175 0.005738
3 2 0.019172 0.020402 0.250242 0.702540 0.007644
3 2 0.034838 0.030742 0.202607 0.718030 0.013783
3 2 0.039066 0.034878 0.206411 0.703335 0.016309
3 2 0.036231 0.032321 0.205787 0.710946 0.014714
3 2 0.031839 0.027568 0.196871 0.731773 0.011948
3 2 0.021049 0.016460 0.166669 0.789697 0.006126
3 2 0.019891 0.011849 0.111503 0.852524 0.004233
3 2 0.020343 0.010608 0.091279 0.873981 0.003788
3 2 0.026964 0.011152 0.065442 0.892119 0.004322
3 2 0.023596 0.009059 0.057401 0.906592 0.003352
3 2 0.018827 0.006406 0.046158 0.926413 0.002195
3 2 0.017086 0.005524 0.042028 0.933529 0.001832
3 2 0.029971 0.009255 0.063860 0.892861 0.004053
3 3 0.017545 0.005100 0.041297 0.934299 0.001759
3 3 0.016745 0.005236 0.040880 0.935404 0.001735
3 3 0.019265 0.006126 0.045863 0.926588 0.002158
3 3 0.019076 0.006175 0.045806 0.926788 0.002156
3 3 0.020809 0.007467 0.050842 0.918236 0.002647
3 3 0.016362 0.005171 0.040306 0.936471 0.001691
3 3 0.016613 0.005292 0.040904 0.935451 0.001739
3 3 0.017149 0.005555 0.042179 0.933272 0.001845
3 3 0.021593 0.007098 0.050704 0.917989 0.002617
3 3 0.016609 0.005291 0.040895 0.935467 0.001738
3 3 0.015995 0.004995 0.039431 0.937958 0.001621
3 3 0.013153 0.003712 0.032638 0.949368 0.001129
3 3 0.015039 0.004548 0.037151 0.941815 0.001446
3 3 0.011154 0.002892 0.027828 0.957292 0.000834
3 3 0.014457 0.003865 0.034460 0.945973 0.001245
3 3 0.017023 0.003997 0.037356 0.940189 0.001435
3 3 0.014983 0.003170 0.032570 0.948175 0.001102
3 3 0.016215 0.003056 0.033228 0.946367 0.001134
3 3 0.020752 0.003285 0.037819 0.936715 0.001429
3 3 0.019718 0.003308 0.037113 0.938477 0.001384
3 3 0.010873 0.002124 0.024625 0.961727 0.000651
3 3 0.011770 0.002095 0.025336 0.960118 0.000682
3 3 0.009497 0.001801 0.021910 0.966269 0.000523
3 3 0.012161 0.002159 0.025970 0.958996 0.000714
3 3 0.014649 0.002620 0.030119 0.951671 0.000941
3 3 0.014308 0.002747 0.030337 0.951650 0.000958
3 3 0.009894 0.001875 0.022621 0.965055 0.000555
3 3 0.008386 0.001655 0.020159 0.969350 0.000450
3 3 0.007162 0.001484 0.018130 0.972852 0.000371
3 3 0.008863 0.002045 0.022280 0.966264 0.000547
3 3 0.035703 0.009942 0.063217 0.888290 0.002849
3 3 0.126003 0.048485 0.151523 0.663402 0.010587
2 2 0.026129 0.160274 0.645094 0.065475 0.103028
2 2 0.033749 0.196280 0.606773 0.051224 0.111975
2 2 0.032810 0.170859 0.619072 0.072726 0.104533
2 2 0.033823 0.198772 0.588103 0.055710 0.123592
2 2 0.030870 0.202777 0.575094 0.052858 0.138401
2 2 0.025161 0.217908 0.509984 0.047218 0.199729
2 2 0.043487 0.220648 0.388837 0.034321 0.312707
4 2 0.052979 0.242827 0.305837 0.033806 0.364551
2 4 0.049215 0.262807 0.337828 0.054628 0.295521
2 4 0.051546 0.262434 0.333080 0.057236 0.295704
4 4 0.054580 0.283417 0.278291 0.025582 0.358129
4 4 0.071737 0.270773 0.180724 0.010745 0.466021
2 4 0.026235 0.245928 0.486531 0.027808 0.213498
2 4 0.050726 0.246998 0.429293 0.032593 0.240390
2 4 0.068015 0.205851 0.378141 0.024453 0.323541
2 4 0.069508 0.196721 0.348932 0.038256 0.346581
2 4 0.055209 0.224061 0.388410 0.062386 0.269934
4 4 0.060323 0.247152 0.290304 0.040311 0.361910
2 4 0.042391 0.276101 0.334792 0.047973 0.298742
4 4 0.039936 0.292166 0.295010 0.036724 0.336164
4 4 0.162808 0.091237 0.061538 0.000740 0.683677
4 4 0.121419 0.127531 0.058442 0.000600 0.692008
4 4 0.111898 0.173457 0.093298 0.002746 0.618601
4 4 0.102084 0.124079 0.070242 0.001325 0.702269
4 4 0.111830 0.140481 0.080233 0.001829 0.665627
4 4 0.148221 0.096961 0.078057 0.001747 0.675014
4 4 0.162193 0.082467 0.063866 0.000908 0.690566
4 4 0.165257 0.094575 0.081941 0.001964 0.656263
4 4 0.135426 0.098107 0.072603 0.001427 0.692437
4 4 0.119017 0.176722 0.091588 0.002435 0.610238
4 4 0.124586 0.219355 0.092454 0.002169 0.561436
4 4 0.111043 0.222973 0.084629 0.001698 0.579657
4 4 0.122862 0.200155 0.081950 0.001494 0.593540
4 4 0.314642 0.161839 0.070851 0.000598 0.452069
0 0 0.337238 0.257050 0.141980 0.002038 0.261693
1 1 0.304481 0.310715 0.207259 0.004060 0.173485
1 1 0.216168 0.349062 0.272949 0.004967 0.156854
1 1 0.263843 0.385872 0.208455 0.012611 0.129219
2 1 0.177610 0.328420 0.381793 0.036906 0.075271
2 1 0.057018 0.256209 0.580004 0.025485 0.081284
0 0 0.435088 0.300565 0.147398 0.010170 0.106779
1 0 0.178259 0.402772 0.253005 0.022277 0.143687
2 1 0.095986 0.351205 0.394695 0.026306 0.131808
1 1 0.139747 0.366453 0.293988 0.022654 0.177158
1 1 0.225755 0.326029 0.236478 0.011363 0.200373
2 4 0.161343 0.288240 0.395664 0.020565 0.134189
1 4 0.226923 0.347501 0.234773 0.014952 0.175851
2 4 0.173217 0.278294 0.296115 0.032837 0.219537
4 4 0.249467 0.234512 0.229168 0.028656 0.258197
4 4 0.188782 0.195012 0.202985 0.034020 0.379201
4 4 0.171287 0.223122 0.214357 0.042959 0.348275
0 4 0.261756 0.233953 0.226455 0.046361 0.231475
0 4 0.336576 0.233009 0.229507 0.055853 0.145057
0 4 0.358154 0.242398 0.249323 0.051704 0.098421
2 0 0.186560 0.281586 0.418176 0.050480 0.063198
2 1 0.206077 0.320311 0.383270 0.035721 0.054621
1 1 0.288882 0.402519 0.221043 0.016362 0.071194
2 1 0.119539 0.381770 0.405808 0.012598 0.080285
1 1 0.139864 0.419181 0.330429 0.012496 0.098029
1 1 0.196462 0.412091 0.300213 0.013573 0.077662
2 1 0.213665 0.253085 0.444999 0.058328 0.029923
2 1 0.305460 0.240657 0.354930 0.075657 0.023295
2 0 0.292908 0.300453 0.340922 0.035924 0.029793
2 1 0.187927 0.323092 0.419993 0.024772 0.044216
2 1 0.144962 0.360109 0.384031 0.022742 0.088156
2 1 0.098524 0.358279 0.390661 0.024153 0.128383
2 1 0.054576 0.314632 0.475853 0.020815 0.134124
2 1 0.042352 0.275360 0.570157 0.016083 0.096048
2 1 0.046529 0.290358 0.546866 0.015820 0.100427
2 1 0.057825 0.307000 0.525615 0.015586 0.093975
2 1 0.041334 0.258574 0.605350 0.015201 0.079541
2 1 0.037229 0.213525 0.657555 0.022274 0.069417
2 1 0.053053 0.287622 0.556795 0.016026 0.086505
2 1 0.060359 0.296089 0.562490 0.012269 0.068793
2 1 0.062667 0.324749 0.525263 0.010408 0.076913
2 1 0.074014 0.346521 0.495099 0.009545 0.074821
2 1 0.093458 0.393776 0.403501 0.010739 0.098527
1 1 0.116439 0.396498 0.367478 0.008387 0.111198
1 1 0.146097 0.382025 0.299890 0.006735 0.165254
1 1 0.123569 0.357965 0.287854 0.008169 0.222444
0 1 0.591942 0.134118 0.146434 0.013081 0.114425
0 1 0.592734 0.153349 0.166097 0.028467 0.059354
0 0 0.471709 0.257135 0.184088 0.041375 0.045694
0 0 0.399730 0.366247 0.160669 0.019563 0.053790
1 0 0.167762 0.384572 0.373008 0.012319 0.062339
2 0 0.118437 0.338995 0.454994 0.017371 0.070203
2 0 0.086370 0.299760 0.530814 0.017605 0.065451
2 0 0.073548 0.253663 0.590301 0.023549 0.058939
2 1 0.068399 0.240703 0.605063 0.026402 0.059432
2 1 0.050634 0.202714 0.662528 0.029413 0.054711
2 1 0.034466 0.142717 0.742339 0.041835 0.038643
2 1 0.038640 0.152505 0.731648 0.039005 0.038203
2 1 0.037456 0.150018 0.735584 0.039023 0.037919
2 1 0.030943 0.122806 0.772893 0.044556 0.028802
2 1 0.025312 0.094751 0.794411 0.063178 0.022347
2 1 0.029650 0.107371 0.777320 0.060312 0.025348
2 1 0.026397 0.096581 0.792554 0.062426 0.022042
2 1 0.025984 0.092094 0.793096 0.068032 0.020794
2 1 0.028951 0.105747 0.789780 0.053108 0.022415
2 1 0.039142 0.149039 0.750373 0.032154 0.029292
2 0 0.119969 0.200765 0.537984 0.098469 0.042813
2 1 0.039910 0.107404 0.723799 0.103145 0.025743
2 1 0.045715 0.122565 0.721798 0.083258 0.026664
2 1 0.048378 0.137698 0.725076 0.061241 0.027608
2 1 0.057678 0.185836 0.683464 0.035406 0.037616
2 2 0.053395 0.164377 0.722503 0.033561 0.026165
2 2 0.048423 0.128790 0.729503 0.068958 0.024326
2 2 0.050648 0.127200 0.734898 0.066274 0.020980
2 2 0.062872 0.133613 0.693591 0.087139 0.022786
2 2 0.052430 0.134793 0.728424 0.061619 0.022734
2 2 0.046900 0.132836 0.743469 0.053894 0.022901
2 2 0.048188 0.110569 0.755647 0.070646 0.014951
2 2 0.051356 0.097209 0.750796 0.089695 0.010944
2 2 0.057071 0.095287 0.740231 0.097954 0.009458
2 2 0.031726 0.067283 0.798957 0.094725 0.007310
2 2 0.026436 0.063054 0.792125 0.109393 0.008991
2 2 0.034874 0.078077 0.736363 0.136290 0.014396
2 2 0.031789 0.084926 0.740881 0.122592 0.019812
2 2 0.043157 0.103437 0.722325 0.109811 0.021270
2 2 0.048490 0.097794 0.691906 0.142749 0.019060
2 2 0.010203 0.037797 0.767067 0.172622 0.012312
2 2 0.011974 0.041195 0.769297 0.165514 0.012020
2 2 0.015101 0.042704 0.679981 0.247628 0.014585
2 2 0.023137 0.048823 0.574166 0.336571 0.017303
2 2 0.027037 0.045944 0.470756 0.438833 0.017430
3 2 0.039296 0.053845 0.418087 0.469677 0.019096
2 2 0.058560 0.077177 0.445007 0.394298 0.024958
2 2 0.049828 0.074125 0.498889 0.354302 0.022856
2 2 0.059972 0.083612 0.485484 0.345871 0.025062
2 2 0.037348 0.061292 0.525558 0.356829 0.018974
3 2 0.033755 0.043951 0.436587 0.473296 0.012411
3 2 0.027748 0.034010 0.397098 0.531714 0.009430
3 2 0.022560 0.025456 0.364757 0.580858 0.006369
3 2 0.026760 0.032150 0.400051 0.532701 0.008337
2 2 0.028799 0.039825 0.489177 0.432609 0.009589
2 2 0.023376 0.035292 0.529083 0.404298 0.007951
2 2 0.027416 0.041486 0.516162 0.404467 0.010469
2 2 0.032940 0.052567 0.537160 0.363094 0.014240
3 2 0.035971 0.048784 0.431902 0.467807 0.015537
3 2 0.028512 0.039283 0.447098 0.473942 0.011165
2 2 0.079509 0.081075 0.434052 0.385942 0.019422
2 2 0.087607 0.087050 0.455464 0.352808 0.017072
2 2 0.093541 0.091532 0.459733 0.338000 0.017194
2 2 0.064444 0.075937 0.516403 0.328385 0.014831
2 2 0.050834 0.072852 0.554109 0.305669 0.016535
2 2 0.101651 0.092606 0.470317 0.316923 0.018502
2 2 0.273601 0.118251 0.361215 0.217123 0.029810
0 2 0.465497 0.131026 0.216161 0.165887 0.021430
0 2 0.474345 0.170733 0.233228 0.106521 0.015171
0 2 0.604503 0.232025 0.126624 0.021459 0.015389
0 0 0.551754 0.334162 0.090432 0.005193 0.018459
1 0 0.417095 0.434908 0.097475 0.003794 0.046728
1 0 0.148350 0.445583 0.323932 0.006951 0.075184
1 0 0.106806 0.403053 0.400544 0.008709 0.080887
2 0 0.087987 0.396779 0.416647 0.008535 0.090052
2 2 0.071839 0.317804 0.525611 0.012524 0.072222
2 2 0.042657 0.242506 0.631814 0.015900 0.067124
2 2 0.035197 0.223354 0.662800 0.015181 0.063467
2 2 0.025226 0.203166 0.690786 0.014297 0.066525
2 2 0.022133 0.189655 0.709384 0.014491 0.064338
2 2 0.029970 0.172830 0.699132 0.032551 0.065517
2 2 0.026231 0.137155 0.738871 0.044862 0.052882
2 2 0.028611 0.112916 0.715198 0.095452 0.047822
2 2 0.045418 0.147121 0.668682 0.085738 0.053042
2 2 0.038752 0.135588 0.698512 0.079560 0.047588
2 2 0.027915 0.110167 0.781081 0.053415 0.027422
2 2 0.027014 0.096736 0.812043 0.047329 0.016878
2 2 0.027383 0.093229 0.806783 0.055808 0.016797
2 2 0.030998 0.112472 0.783742 0.049496 0.023293
2 2 0.018287 0.064645 0.775303 0.122335 0.019430
2 2 0.015328 0.066008 0.818155 0.081525 0.018983
2 2 0.010683 0.044682 0.789911 0.138997 0.015727
2 2 0.006434 0.037293 0.851445 0.091363 0.013464
2 2 0.009973 0.043839 0.752445 0.173079 0.020664
2 2 0.010829 0.041989 0.720245 0.207748 0.019189
2 2 0.016920 0.051943 0.639917 0.265950 0.025270
2 2 0.016867 0.042520 0.575111 0.346460 0.019041
2 2 0.011560 0.029413 0.580775 0.366747 0.011504
2 2 0.009667 0.024811 0.583091 0.373302 0.009128
2 2 0.005668 0.018394 0.668231 0.301584 0.006122
3 2 0.012722 0.024345 0.465356 0.488599 0.008978
3 2 0.011087 0.021901 0.476442 0.482804 0.007766
3 2 0.012119 0.020026 0.403667 0.557204 0.006985
3 2 0.009357 0.018897 0.482568 0.482822 0.006356
2 2 0.007573 0.016878 0.520305 0.449812 0.005433
2 2 0.009445 0.019897 0.500771 0.463089 0.006799
2 2 0.009545 0.019727 0.492815 0.471186 0.006727
3 2 0.007863 0.015893 0.479085 0.492125 0.005034
2 2 0.005681 0.013468 0.540159 0.436692 0.004000
3 2 0.006492 0.013072 0.472574 0.503991 0.003872
3 2 0.008892 0.016597 0.447821 0.521324 0.005366
3 2 0.014660 0.026793 0.448292 0.500002 0.010253
3 2 0.012647 0.021745 0.420815 0.537019 0.007774
2 2 0.010855 0.023286 0.510775 0.446682 0.008403
2 2 0.007431 0.019964 0.598296 0.367508 0.006800
2 2 0.006315 0.020477 0.669079 0.297046 0.007082
2 2 0.008289 0.026903 0.670581 0.283958 0.010269
2 3 0.006683 0.020021 0.639921 0.326531 0.006844
2 3 0.007246 0.020429 0.617285 0.348018 0.007021
2 3 0.006703 0.019137 0.621155 0.346577 0.006428
3 3 0.024976 0.031752 0.313707 0.616113 0.013451
3 3 0.020507 0.020042 0.225270 0.726591 0.007590
3 3 0.015405 0.020410 0.321874 0.634943 0.007369
3 3 0.017703 0.027789 0.389255 0.554329 0.010925
2 3 0.015549 0.034180 0.523668 0.412463 0.014139
2 3 0.039085 0.089836 0.642432 0.199610 0.029037
2 3 0.074550 0.158018 0.611651 0.114216 0.041566
2 3 0.062357 0.208562 0.638099 0.037336 0.053646
2 3 0.043362 0.224656 0.655853 0.017719 0.058410
2 2 0.035214 0.200730 0.687758 0.019349 0.056949
2 2 0.026393 0.187917 0.712097 0.016319 0.057274
2 2 0.023536 0.166211 0.716552 0.027101 0.066600
2 2 0.021030 0.143691 0.747895 0.030588 0.056796
2 2 0.026871 0.156579 0.722128 0.034642 0.059779
2 2 0.034511 0.216178 0.651407 0.021813 0.076091
2 2 0.040451 0.276266 0.585964 0.012468 0.084851
2 2 0.041522 0.298763 0.557324 0.010579 0.091813
2 2 0.049018 0.335889 0.492709 0.010789 0.111596
2 2 0.048309 0.321969 0.513888 0.011522 0.104312
2 2 0.043034 0.293198 0.542463 0.014777 0.106528
2 2 0.020093 0.125682 0.762880 0.039735 0.051611
2 2 0.013818 0.094786 0.802896 0.046600 0.041899
2 2 0.010818 0.074911 0.836619 0.047507 0.030144
2 2 0.011243 0.066776 0.824754 0.069948 0.027279
2 2 0.018407 0.117548 0.782291 0.037756 0.043997
2 2 0.016508 0.075470 0.782450 0.095376 0.030196
2 2 0.011322 0.048404 0.782789 0.138942 0.018543
2 2 0.009038 0.035286 0.726960 0.213603 0.015112
2 2 0.011055 0.047378 0.742558 0.176071 0.022938
2 2 0.014044 0.062984 0.730128 0.159000 0.033844
2 2 0.017246 0.052943 0.639139 0.264724 0.025947
2 2 0.020267 0.064252 0.634443 0.247258 0.033779
2 2 0.020818 0.080239 0.670906 0.182114 0.045924
2 2 0.028989 0.113058 0.710124 0.099316 0.048513
2 2 0.050754 0.182049 0.654279 0.053110 0.059808
2 2 0.059165 0.234701 0.584871 0.038312 0.082952
2 2 0.233574 0.253139 0.387950 0.044780 0.080557
0 0 0.379121 0.169915 0.310789 0.048974 0.091201
0 0 0.752201 0.069124 0.113591 0.012166 0.052918
0 0 0.892555 0.024125 0.055105 0.003278 0.024937
4 0 0.097077 0.236614 0.134516 0.001582 0.530211
4 0 0.132475 0.129470 0.086873 0.002270 0.648912
4 0 0.140540 0.071404 0.065304 0.001201 0.721551
4 1 0.127854 0.067812 0.066911 0.001453 0.735969
4 4 0.277612 0.074841 0.061157 0.000600 0.585790
0 4 0.613068 0.074603 0.078343 0.001357 0.232629
0 4 0.795957 0.054331 0.073334 0.002525 0.073853
0 0 0.756643 0.083645 0.112786 0.014482 0.032444
0 0 0.669715 0.146948 0.134880 0.024322 0.024135
0 0 0.518068 0.291808 0.141901 0.020606 0.027617
1 1 0.381686 0.388158 0.118325 0.004546 0.107287
4 1 0.166985 0.287824 0.164544 0.003478 0.377169
4 2 0.202791 0.183868 0.146051 0.001734 0.465556
4 4 0.220283 0.102037 0.086165 0.001872 0.589644
4 4 0.253020 0.092970 0.086812 0.001903 0.565295
4 4 0.352825 0.100645 0.096854 0.002304 0.447371
0 4 0.468192 0.118247 0.118888 0.004359 0.290314
0 4 0.647787 0.089458 0.076790 0.001271 0.184693
0 4 0.685942 0.090535 0.070563 0.001049 0.151910
0 4 0.514863 0.123395 0.064883 0.000499 0.296360
4 4 0.350598 0.053016 0.035052 0.000100 0.561234
4 4 0.430504 0.079946 0.050750 0.000263 0.438537
4 4 0.311941 0.122957 0.126316 0.001815 0.436971
4 4 0.288013 0.201547 0.162731 0.004581 0.343128
4 4 0.245915 0.272867 0.121932 0.003793 0.355493
4 4 0.200243 0.232750 0.107600 0.002741 0.456666
4 4 0.219382 0.184763 0.108006 0.002953 0.484895
4 4 0.272098 0.121879 0.113623 0.002315 0.490085
4 4 0.324915 0.048379 0.050949 0.000406 0.575351
0 4 0.463282 0.042101 0.050965 0.000389 0.443263
0 4 0.555864 0.030838 0.047927 0.000385 0.364986
0 4 0.550710 0.063123 0.061974 0.000597 0.323596
4 4 0.424001 0.050823 0.038573 0.000135 0.486468
4 4 0.351532 0.098176 0.061367 0.000468 0.488459
4 4 0.215685 0.137231 0.096501 0.002347 0.548237
4 4 0.218954 0.176772 0.124301 0.005056 0.474916
4 4 0.241519 0.193765 0.121344 0.004229 0.439143
0 4 0.432866 0.170427 0.111287 0.002877 0.282543
0 0 0.387333 0.264304 0.141043 0.006712 0.200608
1 0 0.353710 0.354242 0.147445 0.009279 0.135324
1 0 0.310708 0.366750 0.094663 0.001460 0.226418
1 0 0.244680 0.414305 0.128966 0.005047 0.207002
1 0 0.094787 0.419285 0.315497 0.006824 0.163607
1 0 0.135855 0.410112 0.241401 0.004210 0.208421
1 0 0.165516 0.372983 0.232616 0.004094 0.224791
1 1 0.132395 0.399666 0.254640 0.007701 0.205598
1 1 0.149233 0.360712 0.177366 0.005182 0.307507
1 1 0.108687 0.393139 0.195355 0.003314 0.299505
4 2 0.186757 0.293674 0.084192 0.001077 0.434300
4 2 0.238675 0.226829 0.068042 0.000490 0.465964
4 2 0.320618 0.156889 0.062364 0.000384 0.459745
4 2 0.386979 0.132241 0.061755 0.000391 0.418633
0 4 0.493166 0.129879 0.062873 0.000431 0.313652
0 4 0.486967 0.124080 0.056369 0.000297 0.332287
0 4 0.545221 0.125866 0.047750 0.000172 0.280992
0 4 0.498381 0.171975 0.062700 0.000383 0.266560
0 4 0.430627 0.194909 0.074414 0.000646 0.299405
0 4 0.405783 0.234056 0.080510 0.000813 0.278838
4 4 0.268914 0.271947 0.080939 0.000820 0.377380
4 4 0.223410 0.314364 0.085750 0.001046 0.375430
1 0 0.240289 0.487122 0.130854 0.006614 0.135122
1 0 0.057254 0.421633 0.385462 0.005869 0.129782
1 1 0.042147 0.329806 0.322536 0.004547 0.300963
4 1 0.139414 0.253941 0.168993 0.003597 0.434055
4 1 0.274987 0.241022 0.113583 0.002909 0.367498
0 2 0.461060 0.200585 0.121469 0.004111 0.212775
0 2 0.546521 0.183336 0.121333 0.005054 0.143756
0 2 0.470383 0.253716 0.173792 0.018360 0.083748
1 0 0.305771 0.384723 0.195131 0.021265 0.093109
2 0 0.106090 0.336836 0.461216 0.018048 0.077810
1 0 0.167615 0.331086 0.322420 0.012550 0.166328
1 1 0.210314 0.321343 0.249172 0.008350 0.210821
1 1 0.214257 0.378300 0.193527 0.006114 0.207802
1 1 0.227058 0.421814 0.144120 0.004303 0.202705
1 1 0.239651 0.425113 0.109625 0.002713 0.222899
1 1 0.266387 0.394531 0.118145 0.003475 0.217462
1 1 0.309058 0.366360 0.141977 0.003586 0.179019
1 1 0.315056 0.342342 0.143674 0.003558 0.195370
0 1 0.331685 0.321732 0.107116 0.002266 0.237201
1 1 0.292882 0.306876 0.111658 0.002606 0.285979
2 1 0.031914 0.299724 0.486082 0.015694 0.166587
2 1 0.033503 0.270164 0.551445 0.018115 0.126773
2 1 0.023941 0.206998 0.639153 0.024165 0.105744
2 2 0.018355 0.184893 0.653623 0.028010 0.115118
2 2 0.011462 0.148948 0.731221 0.020839 0.087531
2 2 0.018335 0.226433 0.621341 0.013871 0.120020
2 2 0.034616 0.291505 0.536632 0.013564 0.123682
2 2 0.065016 0.355701 0.433628 0.015162 0.130494
2 2 0.098932 0.375715 0.408414 0.014882 0.102056
1 2 0.165092 0.386551 0.352732 0.016381 0.079243
1 2 0.218152 0.404872 0.296080 0.013275 0.067621
2 2 0.208124 0.351411 0.373969 0.019486 0.047009
2 0 0.194649 0.348303 0.389489 0.019377 0.048182
2 0 0.119021 0.288216 0.535846 0.018540 0.038378
2 0 0.107619 0.281279 0.560847 0.015566 0.034690
2 2 0.113074 0.320373 0.507210 0.012719 0.046624
2 2 0.078480 0.303470 0.566914 0.007919 0.043217
2 2 0.072131 0.337219 0.525801 0.007078 0.057771
2 2 0.051566 0.306008 0.569772 0.007867 0.064786
2 2 0.042521 0.300434 0.555956 0.010498 0.090590
2 2 0.016335 0.153563 0.659385 0.049276 0.121442
2 2 0.037813 0.201381 0.552570 0.070297 0.137939
2 2 0.068581 0.181463 0.567882 0.055206 0.126867
2 2 0.199594 0.149278 0.494472 0.084422 0.072234
2 2 0.321317 0.111806 0.418176 0.116577 0.032124
0 2 0.435088 0.126578 0.275725 0.149867 0.012741
0 0 0.395985 0.190489 0.274169 0.124411 0.014946
2 0 0.118455 0.215165 0.610027 0.034900 0.021452
2 0 0.068330 0.239271 0.637917 0.016260 0.038221
2 0 0.040652 0.174326 0.729798 0.021241 0.033984
2 2 0.040223 0.173316 0.737108 0.018765 0.030588
2 2 0.028109 0.118969 0.794917 0.033973 0.024032
2 2 0.038763 0.137837 0.756835 0.039565 0.027000
2 2 0.044745 0.129067 0.736998 0.063430 0.025761
2 2 0.039931 0.105806 0.748054 0.085659 0.020550
2 2 0.042469 0.108224 0.725621 0.100360 0.023326
2 2 0.037521 0.094837 0.735781 0.111726 0.020135
2 2 0.032605 0.077081 0.710899 0.161203 0.018212
2 2 0.027128 0.065519 0.717067 0.174750 0.015536
2 2 0.022281 0.052178 0.710604 0.203024 0.011914
2 2 0.036141 0.052727 0.497009 0.399468 0.014655
3 2 0.029201 0.037210 0.414446 0.508616 0.010527
3 2 0.029466 0.030797 0.305458 0.624447 0.009833
3 2 0.033924 0.026700 0.212569 0.718022 0.008786
3 2 0.029609 0.021591 0.173647 0.767507 0.007646
3 2 0.028274 0.018968 0.161956 0.784685 0.006117
3 3 0.035440 0.022547 0.164315 0.770645 0.007052
3 3 0.045209 0.022526 0.128761 0.796890 0.006614
3 3 0.080569 0.028288 0.124087 0.756436 0.010619
3 3 0.043766 0.017577 0.085673 0.847373 0.005612
3 3 0.040604 0.017531 0.087043 0.848666 0.006155
3 3 0.032339 0.013522 0.076974 0.872446 0.004720
3 3 0.045451 0.020653 0.099359 0.827432 0.007104
3 3 0.036264 0.015567 0.085175 0.857704 0.005290
3 3 0.034386 0.014299 0.075920 0.870233 0.005162
3 3 0.029276 0.011397 0.066036 0.889289 0.004001
3 3 0.021605 0.007910 0.052718 0.914928 0.002840
3 3 0.015931 0.004965 0.039281 0.938214 0.001609
3 3 0.013244 0.003751 0.032858 0.949003 0.001144
3 3 0.012455 0.003417 0.030962 0.952144 0.001021
3 3 0.024270 0.007063 0.053136 0.912695 0.002837
3 3 0.026860 0.007317 0.054952 0.908046 0.002824
3 3 0.019520 0.005816 0.045265 0.927304 0.002095
3 3 0.015014 0.004537 0.037092 0.941916 0.001442
3 3 0.016588 0.005064 0.040236 0.936430 0.001681
3 3 0.023248 0.006536 0.049041 0.918988 0.002188
3 3 0.015726 0.004381 0.037347 0.941095 0.001452
3 3 0.012032 0.003243 0.029944 0.953823 0.000958
3 3 0.010209 0.002530 0.025545 0.961007 0.000709
3 3 0.009147 0.002144 0.022971 0.965157 0.000580
3 3 0.009469 0.002259 0.023753 0.963901 0.000618
3 3 0.010644 0.002675 0.026527 0.959393 0.000761
3 3 0.011099 0.002625 0.026817 0.958686 0.000773
3 3 0.015949 0.003872 0.035933 0.942909 0.001337
3 3 0.015976 0.004312 0.037379 0.940883 0.001451
3 3 0.016258 0.004305 0.037635 0.940334 0.001468
3 3 0.015853 0.004385 0.037486 0.940815 0.001461
3 3 0.010656 0.002699 0.026626 0.959251 0.000767
3 3 0.009158 0.002042 0.022582 0.965658 0.000560
3 3 0.007100 0.001465 0.017978 0.973092 0.000365
3 3 0.012898 0.003603 0.032026 0.950384 0.001089
3 3 0.011534 0.003043 0.028747 0.955790 0.000887
3 3 0.016320 0.004470 0.036598 0.941386 0.001226
3 3 0.013016 0.003375 0.030652 0.952028 0.000928
3 3 0.012592 0.003224 0.030184 0.953056 0.000943
3 3 0.012409 0.003373 0.030768 0.952441 0.001009
3 3 0.015027 0.004191 0.036062 0.943360 0.001360
3 3 0.020959 0.005682 0.046128 0.925090 0.002142
3 3 0.022983 0.005996 0.048198 0.920597 0.002226
3 3 0.015678 0.004388 0.036944 0.941610 0.001380
3 3 0.011031 0.002844 0.027533 0.957775 0.000817
3 3 0.010823 0.002764 0.027029 0.958596 0.000789
3 3 0.015123 0.003483 0.033825 0.946380 0.001190
3 3 0.013494 0.003311 0.031661 0.950478 0.001056
3 3 0.012762 0.003085 0.030148 0.953043 0.000963
3 3 0.008809 0.001970 0.021926 0.966765 0.000530
