4 2 0.032776 0.038625 0.007697 0.000067 0.920835
4 2 0.036868 0.022339 0.003918 0.000052 0.936822
4 4 0.025996 0.007042 0.000766 0.000009 0.966188
4 4 0.024106 0.003703 0.000324 0.000004 0.971862
4 4 0.023712 0.002277 0.000172 0.000003 0.973837
4 4 0.026145 0.002061 0.000157 0.000003 0.971634
4 4 0.028306 0.001755 0.000131 0.000003 0.969805
4 4 0.033950 0.001159 0.000082 0.000003 0.964805
4 4 0.045632 0.001578 0.000137 0.000008 0.952644
4 4 0.046761 0.002578 0.000261 0.000013 0.950387
4 4 0.050026 0.004814 0.000601 0.000027 0.944533
4 4 0.041492 0.003591 0.000383 0.000014 0.954522
4 4 0.048465 0.005257 0.000605 0.000019 0.945654
4 4 0.039343 0.009284 0.001021 0.000012 0.950340
4 4 0.036494 0.023933 0.002966 0.000015 0.936593
4 4 0.025373 0.022872 0.002562 0.000008 0.949184
4 4 0.023708 0.029401 0.003309 0.000007 0.943574
4 4 0.017803 0.013115 0.001401 0.000005 0.967675
4 4 0.013463 0.006673 0.000546 0.000002 0.979317
4 4 0.014452 0.003040 0.000208 0.000001 0.982298
4 4 0.023702 0.001523 0.000102 0.000002 0.974671
4 4 0.030659 0.001772 0.000137 0.000004 0.967428
4 4 0.032592 0.003124 0.000275 0.000006 0.964002
4 4 0.026562 0.005566 0.000535 0.000006 0.967331
4 4 0.050624 0.015305 0.001815 0.000018 0.932238
4 4 0.069869 0.014978 0.001765 0.000023 0.913365
4 4 0.096740 0.014330 0.001877 0.000044 0.887008
4 4 0.216357 0.018825 0.003239 0.000214 0.761364
4 4 0.167741 0.015987 0.002952 0.000234 0.813085
4 4 0.059676 0.007814 0.001206 0.000060 0.931244
4 4 0.041815 0.011718 0.001774 0.000039 0.944654
4 4 0.045074 0.020605 0.003810 0.000076 0.930435
4 2 0.032657 0.019080 0.003045 0.000035 0.945183
4 2 0.043303 0.058847 0.015031 0.000190 0.882630
4 2 0.036039 0.138268 0.077740 0.000785 0.747167
4 2 0.025462 0.198905 0.330711 0.004597 0.440324
4 2 0.025548 0.200186 0.345466 0.005098 0.423701
4 2 0.031495 0.202671 0.271380 0.004217 0.490238
4 2 0.033552 0.208005 0.331082 0.007930 0.419432
4 2 0.038184 0.191329 0.340657 0.013334 0.416497
4 3 0.102659 0.136317 0.246713 0.090357 0.423954
4 3 0.116418 0.116349 0.169188 0.055224 0.542820
4 3 0.134012 0.087007 0.075724 0.017241 0.686017
4 3 0.141558 0.076933 0.057454 0.012523 0.711531
4 3 0.152486 0.075254 0.053967 0.012602 0.705692
4 3 0.140581 0.099179 0.080568 0.016382 0.663289
4 3 0.070155 0.145854 0.260962 0.036861 0.486168
4 3 0.110099 0.130619 0.135984 0.023187 0.600111
4 3 0.079356 0.158937 0.283101 0.055853 0.422753
4 3 0.090000 0.149011 0.304965 0.111895 0.344129
2 3 0.038603 0.124233 0.497823 0.183226 0.156115
2 3 0.039478 0.134091 0.504423 0.168549 0.153458
2 3 0.057528 0.168327 0.449608 0.118858 0.205679
2 3 0.044821 0.134631 0.478561 0.193016 0.148971
2 3 0.073936 0.158287 0.392101 0.154431 0.221245
2 3 0.079028 0.133222 0.359998 0.232423 0.195329
2 3 0.053235 0.092784 0.365278 0.356248 0.132455
3 3 0.032771 0.051192 0.294262 0.545544 0.076231
3 3 0.024467 0.032954 0.233950 0.649652 0.058977
3 3 0.022043 0.029927 0.224171 0.672164 0.051695
3 3 0.017573 0.039109 0.301852 0.595368 0.046098
3 3 0.010436 0.022477 0.231957 0.709744 0.025387
3 3 0.021498 0.037760 0.274244 0.611082 0.055416
3 3 0.061350 0.067009 0.276696 0.434226 0.160720
3 3 0.051914 0.064133 0.290622 0.445482 0.147850
3 3 0.073515 0.075963 0.275029 0.356487 0.219006
3 3 0.068229 0.074040 0.281371 0.372843 0.203517
3 3 0.091216 0.082050 0.254061 0.301689 0.270985
3 3 0.066810 0.073218 0.281846 0.403293 0.174833
3 3 0.049322 0.061326 0.283380 0.490259 0.115714
3 3 0.044962 0.051974 0.261349 0.537224 0.104492
3 3 0.031648 0.065444 0.381505 0.420982 0.100421
3 3 0.012479 0.035972 0.351405 0.557975 0.042169
3 3 0.014934 0.044259 0.361410 0.532409 0.046988
3 3 0.007182 0.020842 0.254663 0.696611 0.020702
3 3 0.022833 0.041332 0.286532 0.591268 0.058035
3 3 0.031044 0.049123 0.291152 0.550609 0.078072
3 3 0.034013 0.040126 0.239280 0.609236 0.077344
3 3 0.062541 0.063061 0.261480 0.466312 0.146606
3 3 0.054551 0.060548 0.269335 0.488874 0.126692
3 3 0.007693 0.016635 0.202104 0.754586 0.018982
3 3 0.007524 0.013621 0.169772 0.792098 0.016985
3 3 0.004564 0.009126 0.146311 0.828672 0.011325
3 3 0.003852 0.007406 0.129556 0.849684 0.009501
3 3 0.005120 0.010743 0.162426 0.808801 0.012911
3 3 0.006091 0.011182 0.155375 0.813246 0.014107
3 3 0.010653 0.022931 0.233283 0.707681 0.025451
3 3 0.008861 0.019192 0.215968 0.734377 0.021602
3 3 0.007157 0.021481 0.274199 0.675745 0.021419
3 3 0.003100 0.012336 0.250429 0.722390 0.011745
3 3 0.006624 0.020199 0.265933 0.687208 0.020036
3 3 0.009766 0.025296 0.268242 0.670685 0.026011
3 3 0.009529 0.020980 0.226467 0.719756 0.023268
3 3 0.007429 0.024239 0.297191 0.648106 0.023034
3 3 0.007654 0.025065 0.303594 0.639920 0.023766
3 3 0.013363 0.034613 0.307402 0.610010 0.034612
3 3 0.015152 0.030842 0.261750 0.658048 0.034209
3 3 0.013888 0.022082 0.200418 0.735848 0.027764
3 0 0.168184 0.086487 0.218067 0.388815 0.138447
0 1 0.463768 0.088872 0.072012 0.061321 0.314027
0 2 0.686318 0.002185 0.000232 0.000112 0.311152
0 0 0.856451 0.004338 0.000595 0.000232 0.138384
0 0 0.865027 0.013806 0.002410 0.000425 0.118332
0 0 0.712861 0.029123 0.004998 0.000378 0.252641
4 0 0.266470 0.024229 0.003397 0.000114 0.705790
4 0 0.044445 0.008563 0.001209 0.000034 0.945749
4 0 0.045440 0.007114 0.000959 0.000030 0.946457
4 1 0.049265 0.008407 0.001229 0.000042 0.941058
4 1 0.055244 0.007830 0.001172 0.000051 0.935703
4 1 0.068592 0.009819 0.001714 0.000102 0.919773
4 1 0.084191 0.010882 0.002131 0.000179 0.902617
4 1 0.066393 0.004534 0.000622 0.000048 0.928403
4 1 0.043854 0.003616 0.000394 0.000015 0.952120
4 2 0.049251 0.004872 0.000606 0.000026 0.945244
4 2 0.053024 0.011725 0.001948 0.000066 0.933236
4 2 0.053923 0.018593 0.003574 0.000104 0.923806
4 2 0.044665 0.019147 0.003449 0.000070 0.932669
4 2 0.059082 0.039967 0.010138 0.000261 0.890553
4 2 0.046508 0.035231 0.007801 0.000134 0.910327
4 2 0.041967 0.021952 0.004025 0.000069 0.931987
4 1 0.035675 0.215125 0.327352 0.007610 0.414239
4 2 0.031454 0.211176 0.362251 0.007915 0.387204
4 2 0.029912 0.206974 0.333558 0.006012 0.423544
4 2 0.042621 0.177242 0.206749 0.004522 0.568865
4 2 0.066704 0.129046 0.103757 0.003775 0.696718
4 2 0.068649 0.079827 0.034542 0.001083 0.815899
4 2 0.078503 0.054903 0.017428 0.000692 0.848474
4 2 0.070227 0.049778 0.014580 0.000483 0.864932
4 2 0.074474 0.069065 0.023277 0.000781 0.832402
4 2 0.060906 0.060372 0.017833 0.000424 0.860465
4 2 0.059355 0.068923 0.021124 0.000460 0.850139
4 1 0.067129 0.081516 0.027988 0.000738 0.822628
4 2 0.065116 0.057454 0.017141 0.000469 0.859820
4 2 0.090582 0.062234 0.017529 0.000493 0.829162
4 2 0.078104 0.064057 0.019462 0.000569 0.837808
4 2 0.107611 0.142305 0.056650 0.001603 0.691831
4 2 0.062723 0.224329 0.164782 0.003016 0.545150
4 2 0.036761 0.185968 0.163236 0.002201 0.611833
4 2 0.032975 0.191154 0.200019 0.002604 0.573248
4 2 0.040757 0.169690 0.127096 0.001821 0.660637
4 2 0.044045 0.188125 0.182064 0.003605 0.582161
4 2 0.041158 0.220769 0.279613 0.005807 0.452653
2 2 0.032389 0.212166 0.453469 0.015778 0.286197
2 2 0.034450 0.213861 0.464346 0.019132 0.268211
2 2 0.027976 0.194415 0.559329 0.028672 0.189608
2 2 0.043213 0.233278 0.502272 0.020510 0.200727
2 2 0.044889 0.234576 0.502293 0.021999 0.196242
2 2 0.055598 0.236086 0.345732 0.018798 0.343786
4 2 0.106235 0.160363 0.093265 0.005908 0.634229
4 2 0.129583 0.094030 0.046104 0.004379 0.725903
4 2 0.123794 0.043273 0.014649 0.001334 0.816950
4 2 0.096632 0.025392 0.006815 0.000527 0.870633
4 2 0.086972 0.021604 0.004594 0.000216 0.886613
4 2 0.071704 0.025981 0.006210 0.000270 0.895835
4 2 0.071055 0.034948 0.008791 0.000303 0.884902
4 2 0.075642 0.033055 0.008720 0.000384 0.882200
4 2 0.063667 0.023623 0.005223 0.000188 0.907299
4 2 0.098648 0.041908 0.013193 0.000859 0.845391
4 1 0.162210 0.111531 0.037426 0.001286 0.687547
4 1 0.161188 0.129397 0.036898 0.000686 0.671831
4 1 0.054992 0.010673 0.001749 0.000066 0.932520
4 1 0.060679 0.009526 0.001569 0.000075 0.928151
4 1 0.072464 0.010204 0.001625 0.000076 0.915632
4 0 0.181485 0.022083 0.003452 0.000128 0.792853
4 1 0.186629 0.027545 0.004406 0.000136 0.781285
4 1 0.144652 0.028275 0.003996 0.000071 0.823005
4 1 0.068445 0.016097 0.001884 0.000022 0.913551
4 1 0.080005 0.012997 0.001371 0.000018 0.905609
4 1 0.043396 0.006833 0.000801 0.000018 0.948951
4 1 0.040173 0.006243 0.000715 0.000015 0.952854
4 1 0.072556 0.010514 0.001391 0.000039 0.915500
4 1 0.129108 0.013656 0.002123 0.000105 0.855007
4 0 0.165126 0.018936 0.002873 0.000110 0.812954
4 1 0.399758 0.046670 0.008325 0.000312 0.544935
4 1 0.447532 0.068726 0.015270 0.000670 0.467801
0 1 0.555756 0.065087 0.013481 0.000583 0.365092
4 1 0.456636 0.050573 0.008419 0.000258 0.484113
4 1 0.391120 0.054170 0.007878 0.000143 0.546689
4 1 0.325723 0.043123 0.006308 0.000136 0.624710
4 1 0.253679 0.020647 0.002091 0.000035 0.723548
4 2 0.163588 0.028058 0.005005 0.000181 0.803169
4 2 0.204939 0.015033 0.001917 0.000073 0.778038
4 2 0.168114 0.008342 0.000811 0.000026 0.822707
4 1 0.176407 0.011063 0.001147 0.000033 0.811351
4 1 0.102544 0.015202 0.001742 0.000029 0.880484
4 1 0.039667 0.009898 0.001125 0.000014 0.949297
4 1 0.063499 0.020990 0.002386 0.000017 0.913107
4 1 0.050082 0.036275 0.004407 0.000016 0.909220
4 1 0.085951 0.048088 0.006093 0.000028 0.859839
4 1 0.160026 0.071395 0.009203 0.000045 0.759330
4 2 0.194200 0.077873 0.012880 0.000127 0.714920
4 2 0.216892 0.140771 0.034768 0.000502 0.607067
4 2 0.189324 0.192033 0.066645 0.001390 0.550608
4 2 0.174038 0.237960 0.092864 0.001828 0.493309
4 2 0.121006 0.303590 0.181841 0.002636 0.390927
4 2 0.163072 0.225075 0.108341 0.003740 0.499773
4 2 0.224248 0.183355 0.063641 0.001599 0.527157
4 1 0.220477 0.104598 0.025730 0.000542 0.648653
4 2 0.147026 0.088916 0.020302 0.000316 0.743440
4 2 0.115004 0.121468 0.030378 0.000333 0.732817
0 2 0.588700 0.135839 0.037054 0.001248 0.237160
0 0 0.477770 0.110122 0.029647 0.001211 0.381251
0 0 0.349833 0.231818 0.090467 0.002913 0.324968
4 1 0.268757 0.200630 0.062128 0.001169 0.467316
0 1 0.409419 0.349094 0.154882 0.003125 0.083480
0 1 0.368811 0.360525 0.198739 0.005753 0.066172
1 1 0.321700 0.352465 0.241371 0.011601 0.072864
1 1 0.248784 0.333101 0.296487 0.026448 0.095181
1 1 0.261446 0.359388 0.196673 0.005778 0.176716
1 2 0.232413 0.348588 0.172705 0.004074 0.242220
2 2 0.085245 0.313962 0.343123 0.004929 0.252741
2 2 0.024028 0.207221 0.527186 0.008865 0.232700
2 2 0.007579 0.107763 0.776612 0.033909 0.074137
2 2 0.001768 0.041241 0.855936 0.081085 0.019969
2 2 0.002537 0.051661 0.848289 0.071924 0.025589
2 2 0.002379 0.047579 0.838737 0.087509 0.023797
2 2 0.006953 0.087603 0.777196 0.073382 0.054866
2 2 0.018227 0.149567 0.643616 0.048394 0.140196
4 4 0.047459 0.218430 0.241895 0.006379 0.485837
4 4 0.046849 0.180927 0.124303 0.002103 0.645818
4 4 0.022012 0.002415 0.000181 0.000002 0.975390
4 4 0.020784 0.000795 0.000042 0.000001 0.978377
4 4 0.019889 0.000901 0.000049 0.000001 0.979161
4 4 0.027437 0.000664 0.000037 0.000001 0.971860
4 4 0.029898 0.000603 0.000034 0.000001 0.969464
4 4 0.034659 0.000775 0.000049 0.000002 0.964515
4 4 0.029960 0.000801 0.000049 0.000002 0.969189
4 4 0.036094 0.000505 0.000029 0.000002 0.963370
4 4 0.038488 0.000530 0.000032 0.000002 0.960947
4 4 0.026547 0.000451 0.000022 0.000001 0.972979
4 4 0.023890 0.000367 0.000016 0.000001 0.975726
4 4 0.021400 0.000346 0.000015 0.000000 0.978239
4 4 0.025669 0.000948 0.000057 0.000002 0.973324
4 4 0.023246 0.003334 0.000279 0.000004 0.973137
4 4 0.022435 0.007086 0.000731 0.000006 0.969743
4 4 0.021258 0.009449 0.001040 0.000007 0.968246
4 4 0.027220 0.013841 0.001871 0.000017 0.957050
4 4 0.036368 0.020529 0.003490 0.000047 0.939566
4 4 0.037890 0.031413 0.006193 0.000076 0.924428
4 4 0.034079 0.046592 0.010020 0.000088 0.909221
4 4 0.041165 0.178095 0.127853 0.001798 0.651089
4 2 0.035120 0.225827 0.362885 0.006316 0.369852
2 2 0.035772 0.234212 0.364122 0.004791 0.361103
2 2 0.017665 0.189146 0.604157 0.007821 0.181211
2 2 0.015898 0.174094 0.678734 0.010502 0.120771
2 2 0.031402 0.222981 0.470719 0.009473 0.265425
2 2 0.070819 0.279178 0.524301 0.015111 0.110591
1 2 0.168410 0.318102 0.208103 0.008223 0.297162
4 0 0.278863 0.298951 0.119769 0.002447 0.299971
0 0 0.460040 0.210930 0.072068 0.002143 0.254820
0 1 0.517783 0.110283 0.028094 0.001026 0.342813
4 1 0.374064 0.091907 0.021857 0.000716 0.511456
4 1 0.113228 0.031027 0.005015 0.000093 0.850638
4 1 0.075745 0.010669 0.001348 0.000034 0.912204
4 1 0.054326 0.009315 0.001459 0.000057 0.934844
4 0 0.082010 0.012026 0.002400 0.000184 0.903381
4 1 0.075134 0.016117 0.003389 0.000195 0.905165
4 1 0.090495 0.026360 0.006105 0.000291 0.876749
4 1 0.183013 0.047420 0.011339 0.000510 0.757717
4 1 0.130484 0.076602 0.021591 0.000634 0.770689
4 1 0.066417 0.057969 0.009922 0.000064 0.865627
4 1 0.132498 0.064960 0.012767 0.000182 0.789593
4 2 0.172617 0.064419 0.014437 0.000361 0.748166
4 1 0.158651 0.068525 0.017023 0.000483 0.755320
4 1 0.106424 0.066900 0.016746 0.000362 0.809568
4 1 0.077970 0.052400 0.011836 0.000204 0.857590
4 2 0.078182 0.093884 0.028488 0.000519 0.798927
4 2 0.056629 0.130498 0.055422 0.000912 0.756539
4 2 0.045565 0.186711 0.129411 0.001800 0.636513
4 2 0.056116 0.256112 0.294851 0.005346 0.387575
2 2 0.084167 0.309934 0.407016 0.007829 0.191054
2 2 0.059927 0.262935 0.599330 0.011884 0.065923
2 2 0.103376 0.323571 0.479136 0.008208 0.085709
2 2 0.127964 0.344892 0.432565 0.006927 0.087652
2 2 0.155058 0.361201 0.399100 0.005802 0.078839
2 2 0.117101 0.322026 0.501651 0.008315 0.050907
2 2 0.082983 0.256513 0.628841 0.012101 0.019562
2 1 0.098927 0.277161 0.589271 0.011422 0.023219
2 2 0.142593 0.332524 0.468484 0.008985 0.047415
2 2 0.088811 0.296391 0.521232 0.013360 0.080206
2 2 0.022659 0.154023 0.784767 0.019136 0.019415
2 2 0.029369 0.171960 0.750608 0.023112 0.024951
2 2 0.023984 0.150724 0.774149 0.028732 0.022412
2 2 0.017397 0.118040 0.792788 0.051210 0.020565
2 2 0.027205 0.137588 0.760997 0.054739 0.019470
2 2 0.086598 0.255945 0.578711 0.031520 0.047226
2 2 0.073907 0.256794 0.587030 0.025224 0.057045
2 1 0.093244 0.299000 0.457393 0.016890 0.133474
2 1 0.112051 0.315943 0.329102 0.010196 0.232708
4 2 0.061654 0.249686 0.259860 0.006171 0.422628
4 2 0.040656 0.219133 0.300312 0.007723 0.432176
2 2 0.032044 0.219560 0.506919 0.013444 0.228033
2 2 0.025232 0.199422 0.569912 0.016346 0.189089
2 2 0.017177 0.170229 0.705128 0.014450 0.093016
2 2 0.021939 0.182310 0.719149 0.013117 0.063484
2 2 0.021004 0.166826 0.760412 0.014792 0.036967
2 2 0.025892 0.175443 0.741162 0.019776 0.037727
2 2 0.028253 0.184880 0.721726 0.019931 0.045209
2 2 0.024647 0.162592 0.749227 0.029473 0.034061
2 2 0.014435 0.124014 0.789187 0.040011 0.032353
2 2 0.005835 0.064836 0.838662 0.076689 0.013979
2 2 0.002716 0.040164 0.820747 0.125289 0.011084
2 2 0.002505 0.037276 0.812112 0.137919 0.010188
2 2 0.002236 0.034672 0.763835 0.185574 0.013682
2 2 0.001922 0.032264 0.775944 0.177530 0.012340
2 2 0.003284 0.043998 0.820623 0.120929 0.011166
2 2 0.005047 0.057926 0.813916 0.107388 0.015723
2 2 0.006276 0.063706 0.795656 0.116598 0.017764
2 2 0.004736 0.054763 0.816132 0.110447 0.013921
2 2 0.004781 0.055249 0.830593 0.097139 0.012238
2 2 0.006576 0.067984 0.856004 0.059040 0.010396
2 2 0.007432 0.069377 0.847964 0.065398 0.009828
2 2 0.011059 0.081982 0.801134 0.091397 0.014428
2 2 0.012457 0.088083 0.759921 0.117194 0.022344
2 2 0.004642 0.052227 0.760991 0.163068 0.019072
2 2 0.006085 0.063347 0.782432 0.127374 0.020762
2 2 0.009838 0.085835 0.760570 0.112189 0.031568
2 2 0.006956 0.070569 0.809675 0.094017 0.018783
2 2 0.004473 0.053037 0.802519 0.124446 0.015525
2 3 0.001934 0.030615 0.799881 0.159606 0.007963
2 2 0.005089 0.049483 0.752769 0.179316 0.013342
2 2 0.001253 0.021731 0.740746 0.230011 0.006260
2 2 0.000598 0.014450 0.766196 0.215132 0.003622
2 2 0.000765 0.016830 0.769496 0.208569 0.004340
2 3 0.003018 0.039075 0.841311 0.110103 0.006493
2 2 0.023803 0.119510 0.757471 0.080971 0.018245
2 3 0.011822 0.070942 0.774457 0.133597 0.009182
2 2 0.018332 0.089471 0.717728 0.158875 0.015594
2 3 0.039577 0.138799 0.637397 0.151083 0.033145
2 3 0.056922 0.151048 0.523964 0.198182 0.069884
2 2 0.064995 0.148114 0.506566 0.196668 0.083657
2 2 0.040846 0.144744 0.521690 0.139537 0.153183
2 2 0.106925 0.262135 0.478846 0.055316 0.096779
1 2 0.278134 0.342837 0.275455 0.019056 0.084519
1 0 0.244930 0.353334 0.209665 0.007446 0.184624
1 1 0.211992 0.335727 0.255622 0.016199 0.180461
4 2 0.175791 0.311880 0.165493 0.004701 0.342135
4 1 0.247443 0.193510 0.068132 0.001769 0.489146
4 1 0.289560 0.046388 0.008410 0.000267 0.655376
4 1 0.256146 0.020898 0.002923 0.000113 0.719921
4 1 0.079543 0.018447 0.002530 0.000043 0.899437
4 1 0.058591 0.026624 0.003949 0.000041 0.910795
4 1 0.028140 0.008285 0.000804 0.000006 0.962765
4 1 0.036940 0.006025 0.000540 0.000006 0.956489
4 1 0.047547 0.007193 0.000599 0.000006 0.944655
4 1 0.201375 0.032296 0.004576 0.000090 0.761663
4 1 0.320393 0.077352 0.012011 0.000146 0.590098
0 1 0.518530 0.155541 0.032591 0.000452 0.292886
0 1 0.563713 0.163791 0.039325 0.000727 0.232444
0 0 0.606063 0.190270 0.063132 0.002036 0.138500
0 1 0.696140 0.124735 0.044795 0.003244 0.131085
0 1 0.749390 0.062536 0.014123 0.000811 0.173140
0 1 0.847315 0.048279 0.009869 0.000539 0.093997
0 0 0.796096 0.055405 0.009835 0.000340 0.138324
0 0 0.806665 0.063270 0.017056 0.001411 0.111598
0 0 0.877543 0.026447 0.007110 0.001633 0.087266
0 0 0.912046 0.010952 0.001797 0.000319 0.074885
0 0 0.863815 0.015198 0.001827 0.000109 0.119051
0 0 0.873411 0.037263 0.004630 0.000093 0.084603
0 0 0.750930 0.079599 0.009203 0.000068 0.160200
0 0 0.955190 0.029475 0.007802 0.000700 0.006833
0 0 0.987096 0.006970 0.002468 0.001719 0.001747
0 0 0.976116 0.009471 0.005195 0.007597 0.001621
0 0 0.973348 0.014125 0.005544 0.002863 0.004120
0 0 0.924222 0.044179 0.019534 0.004200 0.007866
0 0 0.883568 0.069668 0.025605 0.002532 0.018626
0 0 0.834615 0.082952 0.018847 0.000616 0.062971
0 0 0.546638 0.149462 0.027242 0.000283 0.276375
4 0 0.326966 0.174279 0.028305 0.000139 0.470312
4 0 0.277426 0.211167 0.036311 0.000143 0.474952
4 1 0.266314 0.218394 0.036998 0.000131 0.478163
4 1 0.255823 0.199442 0.040908 0.000260 0.503567
4 1 0.254595 0.200934 0.045029 0.000355 0.499087
4 1 0.268450 0.158938 0.036198 0.000422 0.535992
4 1 0.254602 0.195259 0.057196 0.000934 0.492009
4 2 0.232612 0.267831 0.107333 0.002334 0.389889
1 2 0.161380 0.344528 0.246551 0.005510 0.242031
2 2 0.082722 0.289858 0.537679 0.013285 0.076456
2 2 0.056528 0.221938 0.672572 0.021516 0.027446
2 2 0.010841 0.095479 0.863388 0.022195 0.008097
2 2 0.075841 0.234661 0.662849 0.013597 0.013051
2 2 0.140405 0.285534 0.536701 0.017869 0.019490
2 2 0.203489 0.313301 0.443283 0.017281 0.022646
1 2 0.293272 0.346732 0.313685 0.011135 0.035177
2 2 0.192244 0.323610 0.430304 0.017524 0.036317
2 1 0.148776 0.307885 0.483432 0.019659 0.040248
2 2 0.192334 0.353404 0.371105 0.010620 0.072537
2 2 0.163184 0.337398 0.444293 0.009875 0.045250
2 1 0.200187 0.338167 0.413249 0.011638 0.036759
0 1 0.423808 0.317214 0.237011 0.007957 0.014011
0 1 0.472812 0.329942 0.168506 0.003971 0.024768
0 1 0.425266 0.356153 0.166101 0.003234 0.049247
1 1 0.317203 0.348308 0.252016 0.013741 0.068732
1 1 0.231412 0.342275 0.257609 0.015799 0.152905
1 2 0.238822 0.348551 0.234734 0.011149 0.166744
2 2 0.070864 0.289734 0.494547 0.010832 0.134023
2 2 0.023881 0.201890 0.548481 0.011703 0.214045
2 2 0.009331 0.130565 0.732691 0.020421 0.106993
2 2 0.007569 0.121028 0.755107 0.017954 0.098341
2 2 0.006981 0.116001 0.806313 0.012309 0.058395
2 2 0.011690 0.117166 0.839025 0.016396 0.015723
2 2 0.020084 0.146240 0.798418 0.017721 0.017536
2 2 0.022271 0.151875 0.792316 0.016948 0.016591
2 2 0.026074 0.161946 0.776455 0.017793 0.017732
2 2 0.024244 0.157890 0.780407 0.018650 0.018809
2 2 0.018992 0.142543 0.805448 0.016741 0.016277
2 2 0.014937 0.127761 0.827638 0.015601 0.014063
2 2 0.008375 0.090414 0.862466 0.026255 0.012490
2 2 0.009516 0.095361 0.856488 0.026151 0.012485
2 2 0.006323 0.073854 0.877999 0.032205 0.009619
2 2 0.003944 0.054785 0.891763 0.042105 0.007403
2 2 0.004181 0.054667 0.882678 0.050733 0.007741
2 2 0.002966 0.045794 0.881272 0.061890 0.008077
2 2 0.003136 0.046803 0.886199 0.056571 0.007290
2 2 0.001525 0.030427 0.899260 0.064301 0.004486
2 2 0.002805 0.043062 0.902546 0.046584 0.005003
2 2 0.004353 0.055754 0.896824 0.037267 0.005802
2 2 0.007347 0.071825 0.878940 0.035356 0.006533
2 2 0.007646 0.072996 0.873821 0.038471 0.007066
2 2 0.006661 0.066317 0.869351 0.050160 0.007510
2 2 0.012873 0.092496 0.760284 0.109392 0.024955
2 2 0.002728 0.037597 0.837324 0.115315 0.007038
2 2 0.001820 0.029070 0.808581 0.153881 0.006648
2 2 0.000769 0.016956 0.796231 0.182401 0.003644
2 2 0.001575 0.024784 0.807355 0.161939 0.004348
2 2 0.003064 0.034707 0.808175 0.149045 0.005009
2 2 0.002946 0.033038 0.783530 0.175184 0.005302
2 3 0.005641 0.048917 0.776505 0.160442 0.008494
2 3 0.004666 0.044699 0.793425 0.149858 0.007351
2 3 0.009278 0.067401 0.786376 0.125903 0.011042
2 3 0.007900 0.063081 0.801155 0.117683 0.010180
2 3 0.006386 0.054222 0.776254 0.152793 0.010345
2 3 0.008075 0.062152 0.769603 0.148053 0.012115
2 3 0.006044 0.049021 0.727833 0.206337 0.010764
2 3 0.011755 0.070920 0.701893 0.198792 0.016639
2 3 0.007487 0.043580 0.593741 0.343056 0.012137
2 3 0.010991 0.046155 0.520103 0.407578 0.015172
3 2 0.015224 0.038390 0.430202 0.504844 0.011341
3 2 0.016607 0.040001 0.459441 0.474047 0.009904
2 2 0.020610 0.046721 0.501118 0.421450 0.010100
2 2 0.083660 0.198536 0.614767 0.078758 0.024279
2 2 0.034397 0.115789 0.715990 0.119089 0.014736
2 2 0.086038 0.185929 0.613473 0.091030 0.023531
2 2 0.249480 0.259539 0.387970 0.066090 0.036921
2 2 0.259270 0.279547 0.354868 0.056306 0.050010
1 2 0.280411 0.309601 0.283086 0.032287 0.094616
1 1 0.198490 0.347218 0.283715 0.012341 0.158235
2 1 0.120281 0.327346 0.398591 0.011824 0.141959
2 2 0.064032 0.285628 0.474501 0.009243 0.166596
2 2 0.058449 0.279446 0.515548 0.008780 0.137776
2 2 0.074306 0.306298 0.434175 0.006497 0.178725
1 2 0.130419 0.339752 0.268596 0.004323 0.256910
1 1 0.286813 0.354343 0.283562 0.012065 0.063216
1 1 0.338139 0.364119 0.205009 0.006285 0.086449
1 1 0.343070 0.374612 0.156810 0.002443 0.123065
1 1 0.290628 0.367688 0.175296 0.003728 0.162660
1 1 0.246274 0.354746 0.189595 0.005299 0.204085
1 2 0.256196 0.356382 0.146493 0.002238 0.238690
1 2 0.317425 0.373000 0.141068 0.001754 0.166753
1 2 0.124959 0.353150 0.337868 0.004472 0.179551
2 2 0.085225 0.274685 0.585940 0.014343 0.039806
2 2 0.092327 0.266849 0.591749 0.018488 0.030586
2 2 0.079054 0.251844 0.612259 0.022876 0.033967
2 2 0.097003 0.274354 0.571233 0.019892 0.037519
2 2 0.056025 0.217271 0.680481 0.022108 0.024115
2 2 0.060051 0.221972 0.674547 0.020915 0.022514
2 2 0.046027 0.201898 0.709918 0.020490 0.021668
2 2 0.020894 0.137948 0.806692 0.020943 0.013523
2 2 0.018906 0.131830 0.810992 0.023622 0.014649
2 2 0.009242 0.088899 0.863017 0.028823 0.010019
2 2 0.007777 0.080691 0.867175 0.034084 0.010272
2 2 0.005523 0.064190 0.883737 0.039072 0.007477
2 2 0.003307 0.047127 0.871755 0.069488 0.008323
2 2 0.008871 0.079420 0.828179 0.069060 0.014470
2 2 0.007477 0.069093 0.841787 0.071241 0.010402
2 2 0.009146 0.073906 0.838374 0.069327 0.009247
2 2 0.011997 0.080575 0.841437 0.059170 0.006822
2 2 0.016553 0.096871 0.830783 0.048447 0.007347
2 2 0.009308 0.069234 0.860200 0.056181 0.005077
2 2 0.002377 0.032427 0.899531 0.063348 0.002317
2 2 0.006026 0.054111 0.879127 0.057021 0.003714
2 2 0.006148 0.054133 0.863297 0.071894 0.004528
2 2 0.014919 0.087554 0.832632 0.058393 0.006503
2 2 0.014637 0.085693 0.825307 0.067340 0.007023
2 2 0.014228 0.082521 0.827077 0.069816 0.006358
2 2 0.015277 0.083460 0.808995 0.085078 0.007190
2 2 0.008512 0.059123 0.821094 0.105854 0.005417
2 2 0.009279 0.061543 0.825146 0.098925 0.005108
2 2 0.018634 0.093408 0.803071 0.077241 0.007646
2 2 0.021033 0.100297 0.790668 0.079141 0.008861
2 2 0.021608 0.100281 0.766314 0.100734 0.011063
2 2 0.006706 0.049991 0.805051 0.133179 0.005073
2 2 0.006650 0.049910 0.800268 0.137820 0.005353
2 2 0.010262 0.065504 0.822138 0.096575 0.005521
2 2 0.006999 0.054422 0.829538 0.103763 0.005277
2 2 0.009340 0.065296 0.836532 0.083202 0.005629
2 2 0.010660 0.070837 0.829181 0.082888 0.006433
2 2 0.015285 0.091874 0.813800 0.069464 0.009577
2 2 0.007303 0.060566 0.849860 0.076345 0.005926
2 2 0.003135 0.040238 0.882000 0.070409 0.004218
2 2 0.006503 0.058556 0.856866 0.072054 0.006022
2 2 0.003192 0.037854 0.866334 0.088802 0.003818
2 2 0.004325 0.044955 0.860735 0.085455 0.004529
2 2 0.003143 0.036754 0.866723 0.089932 0.003448
2 2 0.003190 0.036688 0.873894 0.083191 0.003037
2 2 0.004326 0.042821 0.856221 0.092762 0.003871
2 2 0.002802 0.031901 0.835717 0.126368 0.003212
2 2 0.003544 0.036659 0.827353 0.128465 0.003980
2 2 0.004270 0.039262 0.801391 0.150468 0.004609
2 2 0.005321 0.044979 0.793441 0.150533 0.005726
2 2 0.004866 0.042173 0.803587 0.144633 0.004740
2 2 0.004766 0.042050 0.803428 0.144858 0.004898
2 2 0.004592 0.040265 0.797908 0.152673 0.004562
2 2 0.006144 0.044889 0.759813 0.183676 0.005479
2 2 0.013569 0.066932 0.718338 0.192734 0.008428
2 2 0.020317 0.080996 0.676954 0.210485 0.011248
2 2 0.018300 0.069321 0.646743 0.255182 0.010454
2 2 0.017864 0.065203 0.653707 0.254388 0.008839
2 2 0.019596 0.069568 0.676971 0.225544 0.008321
2 2 0.013949 0.057439 0.690598 0.231547 0.006467
2 2 0.011512 0.064873 0.738585 0.176116 0.008913
2 2 0.015489 0.065857 0.699700 0.210371 0.008583
2 2 0.010587 0.054437 0.689355 0.237640 0.007982
2 2 0.013406 0.058998 0.665701 0.253468 0.008427
2 2 0.013082 0.059874 0.655608 0.262120 0.009316
2 2 0.020632 0.065202 0.613468 0.290657 0.010041
2 2 0.015541 0.059360 0.635726 0.279827 0.009546
2 2 0.019926 0.075664 0.679920 0.213721 0.010769
2 2 0.023752 0.097563 0.737020 0.130843 0.010823
2 2 0.036596 0.122080 0.701659 0.125657 0.014007
2 2 0.030682 0.108350 0.705154 0.143242 0.012571
2 2 0.019857 0.084995 0.725388 0.159792 0.009968
2 3 0.031717 0.109170 0.709891 0.137675 0.011547
2 2 0.042529 0.127168 0.682912 0.133453 0.013938
2 1 0.086068 0.176183 0.597666 0.118660 0.021423
0 2 0.366241 0.303094 0.292963 0.020337 0.017366
0 0 0.446500 0.303429 0.223120 0.012079 0.014873
0 1 0.426405 0.324859 0.215033 0.009248 0.024456
1 1 0.324757 0.342018 0.260323 0.015877 0.057024
1 2 0.259097 0.349111 0.254287 0.014345 0.123160
4 2 0.080653 0.177963 0.054054 0.000451 0.686878
4 2 0.069210 0.066584 0.015624 0.000201 0.848381
4 4 0.075799 0.055076 0.011875 0.000167 0.857083
4 4 0.059666 0.032338 0.005035 0.000047 0.902913
4 4 0.035546 0.013228 0.001726 0.000019 0.949481
4 4 0.046110 0.008043 0.001131 0.000035 0.944681
4 4 0.051603 0.005748 0.000765 0.000033 0.941851
4 4 0.042830 0.006688 0.000866 0.000025 0.949591
4 4 0.044941 0.011668 0.001814 0.000045 0.941531
4 4 0.043092 0.013822 0.002225 0.000048 0.940813
4 4 0.040852 0.010724 0.001567 0.000034 0.946823
4 4 0.032510 0.010019 0.001315 0.000019 0.956136
4 4 0.028576 0.003829 0.000361 0.000006 0.967227
4 4 0.035536 0.001492 0.000116 0.000005 0.962851
4 4 0.024642 0.000618 0.000032 0.000001 0.974707
4 4 0.026708 0.000564 0.000030 0.000001 0.972697
4 4 0.022538 0.000874 0.000049 0.000001 0.976538
4 4 0.026130 0.000670 0.000037 0.000001 0.973163
4 4 0.028033 0.000774 0.000046 0.000002 0.971146
4 4 0.022835 0.000710 0.000038 0.000001 0.976415
4 4 0.034423 0.011408 0.001037 0.000005 0.953126
4 4 0.050600 0.048367 0.005054 0.000009 0.895970
4 4 0.094645 0.182685 0.033032 0.000079 0.689559
4 4 0.120758 0.229485 0.059029 0.000317 0.590411
1 4 0.202570 0.333115 0.138963 0.001947 0.323405
4 4 0.126293 0.326881 0.212260 0.002600 0.331966
4 4 0.088613 0.286382 0.241059 0.004582 0.379364
4 4 0.124986 0.285896 0.174860 0.004618 0.409640
4 4 0.102989 0.217192 0.069653 0.000627 0.609539
4 4 0.061032 0.142617 0.031681 0.000124 0.764546
4 4 0.024112 0.025203 0.003117 0.000010 0.947557
4 4 0.019498 0.019767 0.002629 0.000011 0.958094
4 4 0.015873 0.012394 0.001328 0.000005 0.970401
4 4 0.016636 0.006284 0.000560 0.000003 0.976517
4 4 0.020994 0.006119 0.000590 0.000005 0.972292
4 4 0.032636 0.015263 0.002276 0.000028 0.949796
4 4 0.068938 0.033865 0.005547 0.000063 0.891587
4 4 0.134612 0.085987 0.014502 0.000100 0.764798
4 4 0.138678 0.097061 0.015949 0.000090 0.748221
4 4 0.073826 0.156862 0.033437 0.000122 0.735752
4 4 0.057264 0.032586 0.002900 0.000006 0.907245
4 4 0.064814 0.025058 0.002259 0.000007 0.907862
4 4 0.053001 0.018095 0.001978 0.000013 0.926912
4 4 0.056805 0.014784 0.001449 0.000010 0.926952
4 4 0.043957 0.011545 0.000919 0.000004 0.943575
4 4 0.025516 0.002913 0.000193 0.000002 0.971377
4 4 0.025518 0.002071 0.000156 0.000003 0.972252
4 4 0.022694 0.001464 0.000096 0.000002 0.975745
4 4 0.031517 0.000723 0.000043 0.000002 0.967715
4 4 0.031344 0.000587 0.000033 0.000002 0.968034
4 4 0.031485 0.000370 0.000018 0.000001 0.968125
4 4 0.037740 0.000620 0.000038 0.000002 0.961599
4 4 0.035934 0.000521 0.000030 0.000002 0.963513
4 4 0.093257 0.002247 0.000261 0.000040 0.904195
4 4 0.104767 0.004424 0.000604 0.000069 0.890135
4 4 0.091912 0.005846 0.000814 0.000063 0.901365
4 4 0.203104 0.013913 0.002042 0.000122 0.780819
4 4 0.222927 0.020769 0.003538 0.000207 0.752560
4 4 0.187305 0.060277 0.010005 0.000132 0.742281
4 4 0.082627 0.051237 0.006090 0.000021 0.860025
4 4 0.019353 0.001114 0.000063 0.000001 0.979470
4 4 0.019949 0.000874 0.000047 0.000001 0.979129
4 4 0.025281 0.000929 0.000055 0.000001 0.973733
4 4 0.023029 0.001160 0.000071 0.000001 0.975738
4 4 0.022591 0.003069 0.000238 0.000003 0.974100
4 4 0.034038 0.011387 0.001006 0.000005 0.953564
4 4 0.049128 0.026149 0.002292 0.000005 0.922425
4 4 0.053442 0.040113 0.003602 0.000006 0.902839
4 4 0.059595 0.028667 0.002220 0.000004 0.909514
4 4 0.054582 0.011610 0.000832 0.000003 0.932973
4 4 0.047564 0.004443 0.000276 0.000002 0.947715
4 4 0.035637 0.001777 0.000107 0.000002 0.962477
4 4 0.042674 0.001741 0.000118 0.000003 0.955464
4 4 0.037360 0.000996 0.000069 0.000003 0.961571
4 4 0.045750 0.001701 0.000115 0.000003 0.952431
4 4 0.039464 0.003653 0.000281 0.000004 0.956597
4 4 0.044006 0.007640 0.000639 0.000005 0.947710
4 4 0.033774 0.008888 0.000821 0.000006 0.956511
4 4 0.127594 0.047873 0.007519 0.000084 0.816930
4 4 0.286646 0.130197 0.020210 0.000118 0.562829
4 4 0.029724 0.003097 0.000180 0.000001 0.966998
4 4 0.041923 0.004571 0.000336 0.000003 0.953167
4 4 0.051001 0.015247 0.001591 0.000011 0.932148
4 4 0.139786 0.148126 0.029131 0.000156 0.682801
4 4 0.208179 0.306545 0.072197 0.000310 0.412769
1 4 0.296946 0.355324 0.083717 0.000353 0.263660
1 4 0.282450 0.358423 0.106534 0.000769 0.251824
4 4 0.133913 0.245819 0.065374 0.000378 0.554516
4 4 0.082836 0.149967 0.042378 0.000374 0.724446
4 4 0.040334 0.044891 0.009361 0.000091 0.905323
4 4 0.030042 0.057818 0.012744 0.000082 0.899313
4 4 0.027529 0.053829 0.011201 0.000063 0.907378
4 4 0.028046 0.050142 0.010260 0.000061 0.911491
4 4 0.040346 0.079806 0.020311 0.000165 0.859371
4 4 0.053479 0.105297 0.023423 0.000121 0.817681
4 4 0.090455 0.197900 0.060022 0.000477 0.651146
4 4 0.079666 0.171482 0.039020 0.000160 0.709672
4 4 0.066691 0.126017 0.024596 0.000087 0.782609
4 4 0.062907 0.069154 0.010882 0.000044 0.857013
4 4 0.066298 0.033183 0.004566 0.000033 0.895921
4 4 0.165154 0.272317 0.065572 0.000299 0.496658
4 4 0.197563 0.300140 0.072919 0.000337 0.429041
1 4 0.258109 0.344068 0.093358 0.000549 0.303916
1 4 0.289830 0.364302 0.121142 0.001129 0.223597
1 4 0.285747 0.356834 0.097660 0.000582 0.259176
1 4 0.269590 0.353400 0.105974 0.000783 0.270253
1 4 0.244208 0.343270 0.109598 0.000940 0.301983
4 4 0.233768 0.252940 0.065914 0.000525 0.446853
4 1 0.217697 0.157882 0.036780 0.000395 0.587247
4 1 0.201900 0.097433 0.020452 0.000292 0.679924
4 1 0.154378 0.046558 0.008244 0.000152 0.790669
4 1 0.142363 0.042882 0.006253 0.000072 0.808431
4 1 0.092907 0.027125 0.003315 0.000030 0.876624
4 1 0.069286 0.030640 0.004385 0.000040 0.895649
4 1 0.077024 0.037327 0.005920 0.000061 0.879668
4 1 0.075010 0.051941 0.009149 0.000081 0.863819
4 0 0.080139 0.099145 0.018199 0.000086 0.802431
4 1 0.088769 0.109354 0.017272 0.000053 0.784553
4 1 0.072346 0.064316 0.006706 0.000011 0.856621
4 0 0.078978 0.043421 0.003538 0.000005 0.874057
4 1 0.052673 0.019031 0.001224 0.000002 0.927069
4 1 0.060219 0.020385 0.001399 0.000003 0.917995
4 1 0.051829 0.025860 0.001949 0.000003 0.920359
4 1 0.052163 0.021807 0.001588 0.000003 0.924438
4 1 0.052909 0.025366 0.001839 0.000003 0.919883
4 1 0.075111 0.042167 0.004005 0.000009 0.878708
4 0 0.066359 0.043484 0.004549 0.000012 0.885596
4 0 0.061581 0.061109 0.006649 0.000012 0.870649
4 1 0.058803 0.049884 0.005055 0.000009 0.886249
4 1 0.071547 0.086121 0.012836 0.000038 0.829458
4 1 0.084436 0.083140 0.012054 0.000040 0.820329
4 1 0.086728 0.061099 0.006628 0.000015 0.845530
4 1 0.090933 0.051127 0.004881 0.000010 0.853049
4 1 0.087554 0.059489 0.006504 0.000016 0.846437
4 1 0.098981 0.056141 0.005213 0.000010 0.839654
4 0 0.091889 0.041150 0.003326 0.000006 0.863629
4 0 0.117543 0.040518 0.003255 0.000007 0.838676
4 0 0.138578 0.055822 0.004769 0.000010 0.800821
4 1 0.149512 0.054823 0.004897 0.000012 0.790757
4 1 0.148908 0.051883 0.005262 0.000019 0.793928
4 0 0.143872 0.194251 0.029725 0.000060 0.632092
4 0 0.224071 0.259997 0.045176 0.000119 0.470636
4 0 0.240747 0.214222 0.032723 0.000085 0.512224
4 1 0.201806 0.223236 0.039836 0.000128 0.534994
4 1 0.207812 0.138033 0.020615 0.000080 0.633460
4 1 0.168592 0.129842 0.021972 0.000109 0.679485
4 1 0.161566 0.107427 0.016648 0.000081 0.714278
4 1 0.187471 0.117810 0.017089 0.000070 0.677561
4 1 0.236838 0.179447 0.033859 0.000189 0.549666
4 1 0.252971 0.274870 0.067937 0.000442 0.403780
1 1 0.293003 0.363633 0.113203 0.000906 0.229254
1 1 0.358319 0.376430 0.137701 0.001570 0.125979
1 1 0.343943 0.363671 0.142974 0.002084 0.147327
1 1 0.332399 0.371546 0.147360 0.002077 0.146618
1 1 0.277602 0.364866 0.168953 0.003373 0.185206
1 2 0.192414 0.351981 0.261176 0.008255 0.186174
1 2 0.193245 0.338298 0.201550 0.005837 0.261071
4 1 0.213610 0.326145 0.108009 0.001015 0.351221
4 1 0.192393 0.308091 0.096205 0.000794 0.402517
4 1 0.224002 0.320633 0.100998 0.000887 0.353479
4 1 0.354133 0.169037 0.050534 0.001306 0.424990
4 1 0.358124 0.117498 0.022461 0.000298 0.501619
4 1 0.366049 0.087976 0.014787 0.000205 0.530983
4 0 0.334353 0.105971 0.023606 0.000508 0.535563
4 0 0.377950 0.113963 0.025704 0.000562 0.481822
0 1 0.404612 0.175939 0.037707 0.000422 0.381320
4 1 0.352286 0.155141 0.031376 0.000332 0.460866
4 1 0.351455 0.207215 0.050815 0.000594 0.389921
1 1 0.281759 0.344842 0.115697 0.001203 0.256499
1 1 0.294242 0.368173 0.140934 0.001812 0.194839
1 1 0.315902 0.372841 0.144764 0.001912 0.164581
1 1 0.321405 0.373653 0.145615 0.001937 0.157389
1 1 0.341644 0.375766 0.139418 0.001649 0.141523
1 1 0.356022 0.363658 0.137114 0.001821 0.141385
0 1 0.407148 0.329427 0.126983 0.002216 0.134226
1 1 0.358319 0.374776 0.153588 0.002270 0.111046
1 2 0.366276 0.374652 0.171669 0.002831 0.084573
1 2 0.279523 0.386771 0.257376 0.003800 0.072529
1 1 0.342092 0.376416 0.211397 0.003839 0.066256
1 2 0.299397 0.375856 0.242493 0.005349 0.076905
1 2 0.308125 0.368622 0.117052 0.000977 0.205224
1 1 0.328016 0.374143 0.153688 0.002302 0.141851
1 2 0.318589 0.371262 0.176123 0.003675 0.130351
1 2 0.326946 0.354203 0.272522 0.008246 0.038083
0 2 0.456847 0.337423 0.171788 0.004040 0.029902
0 2 0.404982 0.358885 0.176850 0.003926 0.055357
1 2 0.324633 0.361512 0.217350 0.007767 0.088737
1 0 0.152819 0.328520 0.286017 0.011956 0.220688
1 2 0.154894 0.356207 0.307408 0.006091 0.175400
2 2 0.072058 0.307793 0.457669 0.005819 0.156661
2 2 0.009189 0.145686 0.726740 0.007205 0.111180
2 2 0.003763 0.091393 0.827743 0.011952 0.065149
2 2 0.004063 0.091360 0.834471 0.013764 0.056342
2 2 0.008803 0.138327 0.739828 0.009538 0.103504
2 2 0.008634 0.138551 0.730559 0.009291 0.112965
2 2 0.008599 0.137375 0.698006 0.011371 0.144649
2 2 0.012044 0.158222 0.650095 0.010865 0.168774
2 2 0.012046 0.158418 0.660038 0.010588 0.158909
2 2 0.014896 0.176769 0.613883 0.008189 0.186264
2 2 0.015360 0.178720 0.649697 0.007884 0.148340
2 2 0.040689 0.261616 0.460108 0.004665 0.232921
2 2 0.028989 0.227718 0.562236 0.007104 0.173953
2 2 0.025907 0.219484 0.550926 0.006868 0.196814
2 2 0.023589 0.207537 0.584065 0.008785 0.176023
2 2 0.016707 0.174507 0.673992 0.012375 0.122420
2 2 0.013632 0.152080 0.749800 0.014227 0.070261
2 2 0.007444 0.103688 0.848218 0.016166 0.024483
2 2 0.005517 0.088784 0.870869 0.015772 0.019058
2 2 0.003729 0.072139 0.896473 0.014517 0.013143
2 2 0.001703 0.043866 0.922563 0.023290 0.008579
2 2 0.004293 0.071699 0.875927 0.029891 0.018191
2 2 0.005289 0.080687 0.848584 0.038033 0.027407
2 2 0.008789 0.108792 0.800393 0.037018 0.045008
2 2 0.007134 0.100082 0.804031 0.039642 0.049110
2 2 0.005170 0.083852 0.842986 0.034987 0.033004
2 2 0.008135 0.104002 0.831317 0.026887 0.029659
2 2 0.006732 0.095822 0.838891 0.028190 0.030365
2 2 0.005537 0.082147 0.856706 0.032440 0.023169
2 2 0.001946 0.044835 0.870913 0.063271 0.019035
2 2 0.001966 0.044046 0.860360 0.073639 0.019989
2 2 0.005549 0.073672 0.811100 0.077570 0.032109
2 2 0.001402 0.031825 0.817595 0.133432 0.015746
2 2 0.001107 0.025821 0.790011 0.170458 0.012603
2 2 0.000890 0.021502 0.760000 0.206931 0.010676
2 2 0.000798 0.018409 0.707000 0.264483 0.009311
2 3 0.000931 0.020753 0.724440 0.243344 0.010531
2 3 0.001845 0.030437 0.710546 0.240806 0.016367
2 3 0.003807 0.047765 0.715286 0.206205 0.026937
2 3 0.002393 0.036903 0.730243 0.210457 0.020004
2 3 0.002108 0.033941 0.726629 0.219051 0.018272
2 3 0.001770 0.031514 0.743728 0.206387 0.016601
2 3 0.002033 0.036035 0.769322 0.173730 0.018880
2 3 0.001010 0.023515 0.767787 0.195953 0.011735
2 3 0.001576 0.028617 0.729096 0.225643 0.015067
2 3 0.002800 0.037498 0.686134 0.252529 0.021039
2 3 0.003107 0.037351 0.647279 0.290741 0.021523
2 3 0.001486 0.021577 0.578681 0.386121 0.012135
2 3 0.001268 0.019254 0.565374 0.403346 0.010759
2 3 0.002077 0.025174 0.552619 0.405430 0.014699
2 3 0.001701 0.022715 0.561320 0.401253 0.013010
2 3 0.001892 0.023008 0.531094 0.430540 0.013467
2 3 0.001396 0.018710 0.513377 0.455739 0.010778
2 3 0.000821 0.013913 0.521111 0.456497 0.007659
2 3 0.000874 0.013955 0.500695 0.476686 0.007790
2 3 0.000763 0.013653 0.535366 0.442791 0.007426
2 3 0.000929 0.015590 0.546906 0.428007 0.008569
2 3 0.000749 0.013551 0.537742 0.440606 0.007352
2 3 0.000889 0.015091 0.542489 0.433248 0.008283
2 3 0.000298 0.007931 0.536218 0.451553 0.004000
2 3 0.000367 0.009689 0.587130 0.397952 0.004861
2 3 0.000283 0.008290 0.582850 0.404496 0.004081
2 3 0.000246 0.007253 0.549610 0.439310 0.003581
2 3 0.000322 0.008389 0.543056 0.443987 0.004245
2 3 0.000455 0.009900 0.521985 0.462463 0.005197
2 3 0.000439 0.009984 0.540458 0.443935 0.005184
2 3 0.000401 0.008989 0.507777 0.478133 0.004700
2 3 0.000526 0.010689 0.517584 0.465512 0.005688
2 3 0.000878 0.014892 0.538870 0.437181 0.008178
2 3 0.001794 0.024071 0.577858 0.382534 0.013742
2 3 0.001467 0.021738 0.588037 0.376595 0.012163
2 3 0.003072 0.034642 0.606201 0.335749 0.020336
2 3 0.002545 0.029397 0.574172 0.376620 0.017266
2 3 0.002870 0.031013 0.563503 0.384142 0.018472
2 3 0.002377 0.027845 0.565670 0.387774 0.016333
2 3 0.003093 0.031768 0.563074 0.384348 0.017718
2 3 0.002908 0.026524 0.483846 0.469881 0.016841
3 3 0.004831 0.030611 0.422154 0.520771 0.021632
3 3 0.002374 0.015235 0.317856 0.653095 0.011440
3 3 0.001280 0.011444 0.332700 0.646737 0.007839
3 3 0.001766 0.019305 0.461148 0.506009 0.011773
2 3 0.001763 0.021427 0.512861 0.451374 0.012575
3 3 0.001682 0.018957 0.470487 0.497346 0.011529
3 3 0.000940 0.012129 0.422072 0.557512 0.007348
3 3 0.001169 0.013240 0.406055 0.571245 0.008292
3 3 0.001934 0.021103 0.472122 0.492134 0.012707
3 3 0.002712 0.021856 0.405916 0.555042 0.014475
