0 0 0.743362 0.142273 0.062641 0.008207 0.043517
0 0 0.773920 0.133588 0.051859 0.005598 0.035036
0 0 0.793107 0.117983 0.038654 0.001967 0.048290
0 0 0.788299 0.109765 0.041220 0.002060 0.058657
0 0 0.684861 0.166209 0.067211 0.003698 0.078021
0 0 0.680828 0.175370 0.082788 0.014241 0.046774
0 0 0.663669 0.152810 0.048436 0.001943 0.133141
0 0 0.747367 0.123139 0.034728 0.000941 0.093825
0 0 0.652423 0.124623 0.034933 0.000643 0.187379
0 0 0.709110 0.139625 0.069517 0.004145 0.077603
0 0 0.669610 0.170568 0.066813 0.005869 0.087140
0 0 0.674087 0.176316 0.076643 0.011718 0.061235
0 0 0.789700 0.122740 0.049484 0.005118 0.032958
0 0 0.771404 0.129338 0.059259 0.008851 0.031148
0 0 0.773329 0.134486 0.054552 0.007119 0.030513
0 0 0.764092 0.125036 0.066022 0.011429 0.033421
0 0 0.801261 0.101237 0.060905 0.011008 0.025589
0 0 0.946930 0.033188 0.014898 0.000911 0.004073
0 0 0.950221 0.031236 0.013992 0.000824 0.003726
0 0 0.934969 0.043927 0.015141 0.000778 0.005185
0 0 0.728052 0.150553 0.056532 0.004948 0.059916
0 0 0.732620 0.152831 0.064419 0.009325 0.040805
0 0 0.662894 0.175064 0.069512 0.007126 0.085404
0 0 0.567222 0.199473 0.079721 0.005605 0.147979
0 0 0.590583 0.182695 0.065819 0.002883 0.158019
0 0 0.595014 0.131472 0.033263 0.000505 0.239746
0 1 0.361635 0.253506 0.118914 0.001367 0.264578
4 0 0.262970 0.254970 0.126266 0.000450 0.355344
0 0 0.359739 0.231270 0.097975 0.000425 0.310591
0 0 0.444257 0.225535 0.095592 0.000905 0.233711
0 1 0.313910 0.269265 0.153973 0.002570 0.260282
1 1 0.234639 0.317757 0.240756 0.004751 0.202097
1 1 0.116993 0.313766 0.270734 0.003458 0.295049
4 1 0.112659 0.293288 0.226507 0.001862 0.365684
4 1 0.052573 0.278893 0.326946 0.001545 0.340042
4 1 0.053361 0.214635 0.191266 0.002892 0.537845
4 1 0.042819 0.221334 0.302586 0.005474 0.427787
4 1 0.038159 0.148058 0.288957 0.014145 0.510681
4 4 0.061613 0.152380 0.145710 0.007979 0.632317
4 4 0.108584 0.169257 0.088269 0.002890 0.631000
4 4 0.079362 0.195950 0.343917 0.012957 0.367814
4 4 0.151227 0.219664 0.232508 0.006192 0.390410
0 4 0.440143 0.206372 0.109292 0.001927 0.242266
0 4 0.357872 0.202336 0.081345 0.003618 0.354828
0 4 0.358466 0.258530 0.137076 0.006715 0.239213
4 4 0.213546 0.162032 0.060534 0.003271 0.560618
4 4 0.159763 0.189777 0.089784 0.006121 0.554555
4 4 0.101595 0.266254 0.197334 0.003833 0.430984
4 4 0.070785 0.294638 0.288269 0.005493 0.340816
4 4 0.078298 0.293531 0.271037 0.004326 0.352808
2 4 0.029798 0.278120 0.516248 0.003586 0.172248
2 4 0.021633 0.258683 0.582060 0.003669 0.133956
2 4 0.021516 0.255762 0.617868 0.002834 0.102020
2 4 0.032417 0.286189 0.515094 0.004776 0.161525
2 4 0.037829 0.292021 0.479562 0.007476 0.183113
2 4 0.042803 0.273068 0.366057 0.011168 0.306904
2 4 0.053774 0.213433 0.448062 0.047573 0.237158
2 4 0.050957 0.201128 0.448802 0.044787 0.254326
2 4 0.062944 0.193402 0.416684 0.065999 0.260971
2 4 0.071675 0.283482 0.357475 0.018476 0.268892
2 4 0.013195 0.196921 0.670965 0.001789 0.117130
2 4 0.021160 0.229662 0.583137 0.003497 0.162545
2 4 0.023741 0.231200 0.473212 0.007855 0.263992
2 4 0.024069 0.225884 0.498776 0.011921 0.239350
2 4 0.021586 0.157432 0.540736 0.023567 0.256679
4 4 0.042016 0.125435 0.370669 0.044267 0.417612
4 4 0.071284 0.104474 0.271161 0.094028 0.459052
4 4 0.086725 0.096643 0.173433 0.065071 0.578128
4 4 0.112904 0.114550 0.181182 0.100623 0.490741
4 4 0.114378 0.146985 0.215852 0.081324 0.441461
4 4 0.135073 0.169551 0.127902 0.027441 0.540032
4 1 0.109863 0.215123 0.133736 0.005151 0.536128
4 1 0.093619 0.165478 0.084107 0.002553 0.654243
4 1 0.096509 0.165694 0.081983 0.001357 0.654456
4 1 0.068800 0.100419 0.039488 0.000999 0.790294
4 1 0.074552 0.087121 0.030160 0.001002 0.807166
4 1 0.175110 0.124785 0.040246 0.001168 0.658690
4 0 0.339603 0.184839 0.076061 0.001458 0.398039
4 0 0.355234 0.196526 0.077988 0.003627 0.366625
0 0 0.435935 0.122305 0.029093 0.000310 0.412357
0 0 0.960613 0.029596 0.007236 0.000190 0.002365
0 0 0.991673 0.006982 0.001109 0.000007 0.000229
0 0 0.904244 0.059645 0.033525 0.000416 0.002171
0 0 0.767075 0.137757 0.065652 0.006144 0.023372
0 0 0.750911 0.144845 0.060562 0.008700 0.034982
0 0 0.833594 0.104615 0.038574 0.003721 0.019497
0 0 0.717941 0.166575 0.078718 0.005473 0.031292
2 0 0.096866 0.306630 0.528986 0.005563 0.061954
2 0 0.083481 0.287260 0.587487 0.008612 0.033160
2 0 0.097477 0.295120 0.565556 0.008289 0.033557
2 0 0.081440 0.282051 0.601256 0.006855 0.028398
2 0 0.072685 0.265133 0.630915 0.007251 0.024015
2 0 0.137935 0.287261 0.535235 0.010747 0.028822
2 0 0.244481 0.314813 0.332433 0.006613 0.101659
1 0 0.278741 0.312204 0.310284 0.008068 0.090702
0 0 0.389834 0.284788 0.244186 0.012243 0.068949
0 0 0.622070 0.198065 0.132989 0.013421 0.033456
0 0 0.579255 0.213694 0.150311 0.017891 0.038848
0 0 0.527557 0.231605 0.165088 0.025256 0.050494
0 0 0.514121 0.235082 0.178152 0.025157 0.047489
0 0 0.854795 0.089894 0.035636 0.003418 0.016258
0 0 0.839603 0.094721 0.041958 0.004821 0.018897
0 0 0.732251 0.153170 0.065579 0.010155 0.038845
0 0 0.766086 0.137877 0.056492 0.007610 0.031936
0 0 0.708018 0.164413 0.076841 0.009079 0.041648
0 0 0.678086 0.153585 0.050324 0.002349 0.115655
0 0 0.598842 0.150056 0.043528 0.001150 0.206424
0 0 0.516206 0.128504 0.031389 0.000391 0.323509
0 0 0.441117 0.125853 0.030628 0.000358 0.402044
0 0 0.427169 0.137967 0.036587 0.000596 0.397681
0 0 0.460376 0.155927 0.045818 0.001151 0.336728
4 1 0.348703 0.173780 0.059296 0.002500 0.415722
4 1 0.239789 0.169977 0.068348 0.004346 0.517540
4 1 0.234376 0.172688 0.066026 0.003916 0.522995
4 0 0.220167 0.161036 0.068906 0.002782 0.547109
4 0 0.310114 0.195801 0.115490 0.006350 0.372246
4 0 0.249454 0.168832 0.103279 0.008620 0.469815
0 0 0.410611 0.177387 0.104897 0.013287 0.293818
0 0 0.414046 0.186415 0.132493 0.028991 0.238056
0 0 0.669258 0.160679 0.068841 0.006440 0.094782
2 1 0.156927 0.130066 0.656991 0.000809 0.055207
2 4 0.325290 0.081669 0.580987 0.002094 0.009960
0 4 0.529401 0.116573 0.334517 0.006244 0.013265
0 4 0.420039 0.163254 0.395775 0.012227 0.008705
0 0 0.718545 0.159735 0.085610 0.008562 0.027548
0 0 0.727308 0.153527 0.061186 0.006901 0.051078
0 0 0.684772 0.161433 0.058371 0.004134 0.091289
0 0 0.603741 0.160180 0.050962 0.001561 0.183556
0 0 0.598257 0.204692 0.142606 0.005767 0.048677
0 0 0.521978 0.235305 0.160388 0.013055 0.069274
0 0 0.645666 0.188084 0.087047 0.016857 0.062346
0 0 0.728134 0.121633 0.032327 0.000672 0.117233
0 0 0.802835 0.109701 0.032003 0.001074 0.054387
0 0 0.685726 0.117677 0.028382 0.000382 0.167834
0 0 0.661917 0.111605 0.025006 0.000245 0.201226
0 4 0.676533 0.099584 0.020238 0.000136 0.203510
0 4 0.582032 0.131147 0.032550 0.000298 0.253972
0 4 0.441035 0.191162 0.066695 0.001050 0.300057
4 4 0.255700 0.210783 0.089882 0.001590 0.442045
1 4 0.106830 0.301781 0.281453 0.008490 0.301446
2 4 0.015833 0.215275 0.684669 0.002389 0.081834
2 2 0.003423 0.088553 0.883182 0.003113 0.021729
2 2 0.004700 0.101647 0.867863 0.002711 0.023079
2 2 0.004960 0.090192 0.877179 0.003512 0.024157
2 2 0.009315 0.125816 0.789880 0.005804 0.069186
2 2 0.024659 0.174517 0.582390 0.005008 0.213426
2 2 0.015950 0.116866 0.600674 0.023139 0.243372
2 2 0.030686 0.154582 0.453444 0.024552 0.336736
2 2 0.041569 0.182870 0.439895 0.033815 0.301851
2 2 0.045095 0.165558 0.459527 0.058073 0.271746
2 2 0.048536 0.166006 0.438655 0.054848 0.291954
2 2 0.020565 0.109240 0.659269 0.057764 0.153163
2 2 0.008275 0.072939 0.777209 0.071009 0.070568
2 2 0.012110 0.078741 0.698730 0.065124 0.145295
4 2 0.055969 0.104567 0.288832 0.022868 0.527763
4 2 0.033419 0.080860 0.273102 0.032503 0.580116
2 2 0.023670 0.114994 0.542640 0.044453 0.274243
2 2 0.024275 0.113846 0.604790 0.081549 0.175541
4 2 0.071181 0.171181 0.327187 0.055749 0.374702
2 2 0.040435 0.130682 0.460907 0.070085 0.297891
2 1 0.146377 0.299551 0.439647 0.033834 0.080591
2 1 0.009674 0.085476 0.835813 0.043055 0.025982
2 2 0.001246 0.025670 0.920414 0.049314 0.003355
2 1 0.001229 0.029574 0.949989 0.016617 0.002591
2 2 0.002107 0.033289 0.930829 0.029294 0.004481
2 2 0.000981 0.016224 0.881078 0.096884 0.004833
2 2 0.001740 0.019161 0.765388 0.204079 0.009632
2 2 0.006562 0.041535 0.667715 0.263741 0.020446
2 2 0.045419 0.107205 0.468949 0.264881 0.113545
3 2 0.074174 0.083361 0.316997 0.456279 0.069189
2 1 0.227479 0.155717 0.379213 0.183523 0.054068
0 1 0.490034 0.186139 0.182809 0.067744 0.073274
0 4 0.752369 0.144183 0.060171 0.008591 0.034686
0 0 0.692015 0.170219 0.076416 0.013751 0.047600
0 0 0.748826 0.146115 0.063425 0.008489 0.033144
0 0 0.622719 0.176770 0.145981 0.020380 0.034149
0 0 0.509681 0.218156 0.208929 0.025945 0.037289
0 0 0.521262 0.191445 0.231260 0.027001 0.029031
2 0 0.337435 0.178438 0.411507 0.049733 0.022887
0 0 0.641339 0.141592 0.185770 0.015257 0.016042
0 0 0.386487 0.271972 0.220562 0.029767 0.091212
0 0 0.414345 0.254820 0.142898 0.010647 0.177290
0 1 0.423579 0.229534 0.099340 0.004134 0.243413
0 1 0.366540 0.214519 0.084705 0.001086 0.333150
4 1 0.240770 0.280880 0.154838 0.000561 0.322952
1 1 0.238906 0.312821 0.196590 0.000534 0.251149
1 1 0.195794 0.327686 0.233144 0.000657 0.242718
1 1 0.160523 0.348059 0.301196 0.001252 0.188971
2 1 0.045514 0.298723 0.554906 0.002885 0.097972
2 1 0.019846 0.233314 0.688108 0.002969 0.055762
2 2 0.005607 0.116804 0.835017 0.005341 0.037230
2 2 0.001201 0.041208 0.938238 0.006462 0.012892
2 2 0.001834 0.053198 0.912675 0.005607 0.026686
2 2 0.004501 0.095976 0.848299 0.004563 0.046661
2 2 0.004616 0.098668 0.831071 0.007897 0.057748
2 2 0.006706 0.102771 0.837065 0.003787 0.049670
2 2 0.003907 0.060029 0.902535 0.004709 0.028819
2 2 0.006877 0.088799 0.826972 0.006573 0.070779
2 2 0.003246 0.064022 0.869738 0.010918 0.052076
2 2 0.004803 0.093036 0.791022 0.008108 0.103030
2 2 0.000751 0.030498 0.948545 0.007863 0.012342
2 2 0.003765 0.060609 0.905331 0.015150 0.015145
2 2 0.015135 0.147585 0.755434 0.021730 0.060115
2 2 0.009168 0.101432 0.802754 0.057799 0.028848
2 2 0.004190 0.052062 0.813333 0.117081 0.013334
2 1 0.002635 0.039964 0.832943 0.113405 0.011052
2 2 0.000919 0.017813 0.839392 0.136858 0.005018
2 2 0.000120 0.004731 0.877071 0.116957 0.001122
2 2 0.000028 0.001659 0.931849 0.066218 0.000246
2 2 0.000064 0.003189 0.934558 0.061719 0.000469
2 2 0.000053 0.002585 0.930951 0.066061 0.000350
2 2 0.000038 0.001995 0.904368 0.093290 0.000309
2 2 0.000079 0.002810 0.817495 0.179039 0.000578
2 2 0.000119 0.003238 0.771282 0.224619 0.000743
2 2 0.000590 0.007306 0.650863 0.338895 0.002346
2 2 0.002349 0.015878 0.566146 0.409374 0.006252
2 2 0.002208 0.015123 0.564025 0.412534 0.006110
2 2 0.003320 0.019927 0.556980 0.411393 0.008381
2 2 0.002739 0.018645 0.586913 0.384524 0.007178
2 2 0.001998 0.016808 0.636960 0.338328 0.005906
2 2 0.000079 0.001262 0.499771 0.498435 0.000452
3 3 0.000081 0.001136 0.449105 0.549262 0.000416
3 3 0.000126 0.000993 0.287166 0.711200 0.000515
3 2 0.000269 0.001309 0.215711 0.781872 0.000838
3 2 0.000303 0.000921 0.127592 0.870401 0.000784
3 3 0.000495 0.000928 0.083301 0.914235 0.001040
3 3 0.000305 0.000563 0.067302 0.931148 0.000682
3 3 0.000206 0.000346 0.050804 0.948157 0.000488
3 3 0.000209 0.000381 0.057032 0.941890 0.000489
3 3 0.000350 0.000591 0.063419 0.934865 0.000775
3 3 0.000337 0.000497 0.052124 0.946283 0.000760
3 3 0.000289 0.000427 0.049164 0.949458 0.000664
3 3 0.000210 0.000278 0.037314 0.961691 0.000508
3 3 0.000200 0.000275 0.038436 0.960603 0.000486
3 3 0.000773 0.000639 0.047870 0.949573 0.001145
3 3 0.001779 0.001070 0.044823 0.949936 0.002392
3 2 0.002411 0.001889 0.054069 0.937503 0.004127
3 3 0.002534 0.002373 0.063681 0.926736 0.004675
3 3 0.003132 0.003822 0.097607 0.889965 0.005474
3 3 0.002603 0.003642 0.108379 0.880787 0.004589
3 3 0.000342 0.001122 0.146862 0.850811 0.000863
3 3 0.000729 0.001230 0.108548 0.888377 0.001117
3 3 0.000820 0.001055 0.077919 0.918893 0.001313
3 3 0.001039 0.001130 0.067083 0.929063 0.001685
3 3 0.000774 0.000824 0.047132 0.949640 0.001630
3 3 0.000524 0.000536 0.038166 0.959612 0.001163
3 3 0.000823 0.000686 0.034813 0.961914 0.001763
3 3 0.000836 0.000632 0.030759 0.965970 0.001803
3 3 0.000904 0.000692 0.032287 0.964189 0.001929
3 3 0.000622 0.000541 0.032915 0.964550 0.001372
3 3 0.000696 0.000583 0.032764 0.964437 0.001520
3 3 0.000486 0.000372 0.025110 0.972913 0.001118
3 3 0.000639 0.000395 0.020952 0.976561 0.001453
3 3 0.000768 0.000390 0.017336 0.979768 0.001738
3 3 0.002693 0.001049 0.025560 0.966517 0.004181
3 2 0.010712 0.004653 0.056035 0.916022 0.012577
3 1 0.019444 0.015288 0.136130 0.807150 0.021989
3 2 0.007346 0.015445 0.256577 0.709885 0.010748
3 2 0.011681 0.031739 0.381599 0.556769 0.018212
3 1 0.022622 0.058602 0.420245 0.462533 0.035999
2 1 0.160618 0.255593 0.430100 0.095982 0.057707
2 0 0.123358 0.270821 0.490940 0.060766 0.054115
2 1 0.052430 0.271762 0.569488 0.041113 0.065207
2 1 0.035598 0.221694 0.649945 0.045138 0.047625
2 1 0.032613 0.194826 0.612047 0.074505 0.086010
2 1 0.031962 0.202943 0.647804 0.055487 0.061804
2 1 0.049403 0.271058 0.560156 0.026177 0.093206
2 1 0.100990 0.312280 0.413737 0.014943 0.158050
1 1 0.136117 0.304059 0.267049 0.013479 0.279296
4 1 0.150162 0.272836 0.180624 0.005400 0.390979
4 1 0.119796 0.269067 0.190476 0.004978 0.415683
4 1 0.169841 0.263737 0.163943 0.008454 0.394025
4 1 0.186172 0.251467 0.148708 0.011398 0.402254
1 0 0.178474 0.289194 0.235263 0.024469 0.272600
2 0 0.163589 0.264492 0.271768 0.055245 0.244905
4 0 0.216741 0.231646 0.169008 0.028959 0.353645
4 1 0.275960 0.248353 0.135536 0.027317 0.312835
4 1 0.226620 0.267132 0.171787 0.029903 0.304558
4 1 0.149756 0.295500 0.232526 0.021709 0.300510
4 1 0.096769 0.273925 0.221280 0.012125 0.395901
2 1 0.054476 0.317343 0.504620 0.001479 0.122082
2 1 0.070137 0.334519 0.479981 0.001651 0.113712
2 1 0.062506 0.322974 0.446805 0.002343 0.165372
2 1 0.027686 0.275908 0.537761 0.002120 0.156525
2 1 0.015982 0.206698 0.604185 0.004745 0.168389
2 4 0.019180 0.200016 0.569525 0.009056 0.202222
4 4 0.040809 0.211989 0.330208 0.013278 0.403716
4 4 0.049352 0.253653 0.281845 0.009774 0.405375
4 4 0.043425 0.252479 0.262439 0.006377 0.435280
4 4 0.054836 0.278958 0.291963 0.006352 0.367890
4 4 0.070535 0.301964 0.305737 0.003497 0.318267
2 4 0.079596 0.318295 0.323644 0.003079 0.275387
2 4 0.073240 0.327615 0.365722 0.002141 0.231281
2 4 0.066125 0.313294 0.338365 0.002808 0.279408
4 4 0.056317 0.287107 0.299229 0.004333 0.353013
2 4 0.048675 0.292444 0.338556 0.005516 0.314809
2 4 0.035567 0.277648 0.398054 0.006110 0.282621
2 4 0.042048 0.276038 0.368050 0.004225 0.309639
2 4 0.040316 0.277860 0.437678 0.003726 0.240420
2 4 0.056493 0.302307 0.368371 0.004118 0.268711
2 4 0.114961 0.075126 0.670798 0.123101 0.016014
2 4 0.225709 0.135464 0.430287 0.171079 0.037460
0 4 0.321673 0.211645 0.192654 0.116247 0.157781
4 4 0.254900 0.195315 0.166534 0.066303 0.316948
4 4 0.214132 0.190974 0.153069 0.052781 0.389043
4 4 0.067538 0.218176 0.305516 0.027111 0.381659
4 4 0.061394 0.269387 0.284255 0.012994 0.371969
4 4 0.076460 0.281886 0.265656 0.009777 0.366222
4 4 0.086006 0.269080 0.218003 0.005495 0.421416
4 4 0.075289 0.285174 0.298943 0.001714 0.338881
2 0 0.134307 0.227355 0.356239 0.003209 0.278890
0 0 0.327581 0.184682 0.164254 0.004760 0.318724
0 0 0.492237 0.174512 0.099006 0.007257 0.226988
0 0 0.749484 0.142468 0.053289 0.004725 0.050034
0 0 0.895670 0.062574 0.024314 0.001210 0.016232
0 0 0.921952 0.049536 0.020247 0.001392 0.006873
0 0 0.868366 0.073401 0.038945 0.004800 0.014487
0 0 0.812655 0.115341 0.044087 0.004766 0.023152
0 1 0.788802 0.124627 0.044184 0.003308 0.039079
0 1 0.585533 0.167922 0.054793 0.002310 0.189443
2 0 0.051335 0.314710 0.422514 0.004123 0.207318
2 1 0.039021 0.302455 0.479360 0.003750 0.175414
2 1 0.014873 0.232111 0.681517 0.002664 0.068836
2 2 0.007243 0.143096 0.817693 0.002148 0.029821
2 2 0.002507 0.069510 0.913373 0.002408 0.012202
2 2 0.003014 0.072159 0.908779 0.003304 0.012744
2 2 0.002646 0.073148 0.909188 0.003340 0.011678
2 2 0.002074 0.062118 0.918458 0.004545 0.012805
2 2 0.002712 0.072992 0.896930 0.003987 0.023380
2 2 0.001370 0.045085 0.929551 0.005096 0.018898
2 2 0.002130 0.054722 0.917131 0.005214 0.020802
2 2 0.000595 0.023697 0.961374 0.007921 0.006413
2 2 0.000314 0.017136 0.973667 0.005797 0.003086
2 2 0.000265 0.014929 0.977520 0.004616 0.002669
2 2 0.000120 0.008838 0.986534 0.002777 0.001731
2 2 0.000150 0.010003 0.984096 0.002395 0.003357
2 2 0.000057 0.005143 0.990909 0.002460 0.001430
2 2 0.000026 0.003530 0.992876 0.002712 0.000856
2 2 0.000056 0.005745 0.990998 0.001974 0.001227
2 2 0.000032 0.003735 0.991203 0.004062 0.000968
2 0 0.012703 0.118079 0.810491 0.040074 0.018653
2 1 0.003686 0.058080 0.888381 0.038281 0.011573
2 2 0.002124 0.040712 0.890220 0.043436 0.023508
2 2 0.001722 0.032539 0.913079 0.035699 0.016962
2 2 0.002248 0.040103 0.902972 0.035151 0.019526
2 2 0.006374 0.069619 0.862580 0.032646 0.028780
2 2 0.010436 0.093732 0.788297 0.018646 0.088888
2 2 0.011429 0.111838 0.751968 0.012033 0.112732
2 2 0.002325 0.043337 0.905269 0.017247 0.031822
2 2 0.003137 0.053624 0.906362 0.013323 0.023554
2 2 0.008328 0.083218 0.858580 0.017154 0.032721
2 2 0.030460 0.172002 0.740111 0.010702 0.046726
2 1 0.045304 0.188443 0.685809 0.018794 0.061649
2 2 0.088914 0.282643 0.537850 0.029488 0.061104
2 1 0.022386 0.177633 0.751524 0.024280 0.024178
2 2 0.012043 0.128792 0.826003 0.018037 0.015124
2 2 0.001699 0.037408 0.927163 0.028683 0.005047
2 2 0.002061 0.029891 0.839197 0.115312 0.013539
2 2 0.000880 0.013392 0.784942 0.195274 0.005511
2 2 0.001104 0.015260 0.779483 0.197273 0.006880
2 2 0.000189 0.007917 0.928561 0.060516 0.002817
2 2 0.000591 0.015042 0.886581 0.092734 0.005052
2 2 0.000786 0.017732 0.863737 0.113129 0.004615
2 2 0.003488 0.041470 0.792587 0.149928 0.012528
2 2 0.006676 0.050332 0.703300 0.221687 0.018004
2 2 0.002247 0.028395 0.786947 0.174518 0.007893
2 1 0.001045 0.017535 0.812108 0.164427 0.004885
2 2 0.001618 0.023923 0.839367 0.129173 0.005920
2 2 0.010342 0.056649 0.725547 0.190863 0.016599
2 2 0.020040 0.070239 0.639435 0.239582 0.030704
2 0 0.025965 0.066300 0.539000 0.333047 0.035688
2 1 0.009119 0.041189 0.550825 0.381673 0.017195
2 2 0.019081 0.089018 0.644995 0.186313 0.060593
2 2 0.014726 0.085413 0.694153 0.095656 0.110052
2 2 0.003326 0.041740 0.846882 0.051622 0.056429
2 2 0.002778 0.041943 0.862227 0.040079 0.052973
2 2 0.002634 0.040305 0.857079 0.033232 0.066751
2 2 0.003205 0.058220 0.844118 0.018600 0.075857
2 2 0.000576 0.022860 0.954614 0.013387 0.008564
2 2 0.000413 0.017393 0.971856 0.007961 0.002378
2 2 0.203502 0.328548 0.367179 0.007400 0.093371
2 1 0.238072 0.310256 0.316107 0.008258 0.127307
2 2 0.124055 0.307919 0.425178 0.013290 0.129558
2 2 0.084720 0.287893 0.522852 0.025691 0.078844
2 1 0.094574 0.294150 0.507107 0.024437 0.079732
2 1 0.069499 0.264965 0.538749 0.060597 0.066190
2 2 0.031754 0.168615 0.601389 0.073847 0.124395
2 2 0.013884 0.078876 0.692938 0.148988 0.065313
2 2 0.025090 0.114131 0.718685 0.073563 0.068531
2 1 0.147517 0.204161 0.539977 0.058313 0.050032
2 0 0.285299 0.262672 0.353737 0.048586 0.049705
0 0 0.463801 0.247777 0.155200 0.043952 0.089270
0 0 0.420965 0.253135 0.150864 0.058989 0.116046
0 1 0.364470 0.269919 0.203215 0.063810 0.098586
1 1 0.203726 0.323032 0.299952 0.029317 0.143973
2 1 0.083703 0.322044 0.453207 0.013746 0.127301
2 1 0.084344 0.325986 0.430518 0.011695 0.147457
1 1 0.125913 0.312381 0.272024 0.011066 0.278616
4 1 0.128223 0.288004 0.219092 0.010547 0.354134
4 2 0.101252 0.257353 0.194337 0.018278 0.428780
2 2 0.003389 0.068572 0.901293 0.018755 0.007991
2 2 0.002718 0.061325 0.912937 0.016253 0.006766
2 1 0.004368 0.088197 0.891619 0.008628 0.007189
2 2 0.002672 0.064321 0.920958 0.006764 0.005286
2 2 0.001936 0.047938 0.939175 0.006436 0.004515
2 2 0.000184 0.009130 0.977136 0.012827 0.000724
2 2 0.000186 0.007763 0.977539 0.013929 0.000583
2 2 0.000531 0.015215 0.971506 0.011752 0.000997
2 2 0.000395 0.013140 0.974313 0.011364 0.000787
2 2 0.000373 0.014641 0.973939 0.010249 0.000799
2 2 0.000140 0.006773 0.969923 0.022639 0.000526
2 2 0.000159 0.007470 0.962295 0.029385 0.000691
2 2 0.000109 0.004967 0.938448 0.055881 0.000596
2 2 0.000137 0.005594 0.891086 0.102259 0.000924
2 2 0.000260 0.007958 0.870679 0.119681 0.001423
2 2 0.000300 0.008932 0.871536 0.117640 0.001591
2 2 0.000128 0.005367 0.892523 0.101122 0.000860
2 2 0.000108 0.004605 0.885774 0.108748 0.000764
2 2 0.000154 0.004706 0.831367 0.162813 0.000960
2 2 0.000297 0.007469 0.829843 0.160794 0.001597
2 2 0.000862 0.010552 0.690893 0.294525 0.003168
2 2 0.000357 0.006849 0.761480 0.229477 0.001836
2 2 0.000240 0.004422 0.702972 0.291025 0.001341
2 2 0.000299 0.005820 0.774261 0.218289 0.001331
2 2 0.000209 0.004775 0.802836 0.191256 0.000923
2 2 0.000120 0.003594 0.828850 0.166840 0.000595
2 2 0.000141 0.005491 0.947753 0.046110 0.000504
2 2 0.000113 0.005159 0.952041 0.042194 0.000493
2 2 0.000295 0.009583 0.951733 0.037478 0.000911
2 2 0.000501 0.010325 0.881270 0.106381 0.001524
2 2 0.000432 0.009157 0.859632 0.129280 0.001497
2 2 0.000290 0.006134 0.775257 0.216949 0.001370
2 2 0.000245 0.004460 0.701651 0.292417 0.001227
2 2 0.000147 0.002898 0.671516 0.324571 0.000869
2 2 0.000102 0.003168 0.822227 0.173867 0.000636
2 2 0.000059 0.002056 0.785017 0.212425 0.000443
2 2 0.000091 0.002213 0.700032 0.297103 0.000562
2 2 0.000210 0.004041 0.705311 0.289390 0.001047
2 2 0.000215 0.003815 0.676284 0.318611 0.001075
2 2 0.000341 0.004507 0.610020 0.383648 0.001484
2 2 0.000253 0.005406 0.764481 0.228511 0.001349
2 3 0.000144 0.003866 0.799214 0.195944 0.000833
2 2 0.000989 0.012169 0.848755 0.136179 0.001908
2 2 0.010885 0.049703 0.855996 0.078124 0.005291
2 2 0.039405 0.092369 0.716419 0.137444 0.014364
2 2 0.045649 0.119688 0.692184 0.122104 0.020375
2 0 0.034949 0.130276 0.734656 0.079818 0.020301
2 1 0.032708 0.170796 0.743206 0.032914 0.020377
2 2 0.002504 0.047070 0.914584 0.030529 0.005314
2 1 0.000929 0.022510 0.916518 0.056729 0.003314
2 2 0.000232 0.009271 0.955228 0.034273 0.000995
2 2 0.000734 0.016524 0.943503 0.037502 0.001737
2 2 0.005769 0.044672 0.903779 0.041568 0.004212
2 1 0.023146 0.122643 0.811261 0.027759 0.015190
2 1 0.111299 0.277779 0.540931 0.029691 0.040300
2 1 0.049165 0.239612 0.650125 0.027721 0.033376
2 2 0.061743 0.266138 0.597650 0.029078 0.045390
2 1 0.019749 0.197678 0.738934 0.008707 0.034932
2 1 0.029621 0.249969 0.647574 0.008465 0.064371
2 1 0.025509 0.227756 0.704299 0.006085 0.036352
2 2 0.001235 0.031813 0.957616 0.005334 0.004002
2 2 0.000542 0.019625 0.969053 0.008732 0.002049
2 2 0.000461 0.018625 0.973014 0.006413 0.001486
2 1 0.000517 0.020168 0.972019 0.004922 0.002374
2 2 0.002389 0.058703 0.928168 0.002707 0.008034
2 2 0.000431 0.017001 0.971853 0.007693 0.003023
2 2 0.001527 0.038781 0.947317 0.004996 0.007379
2 2 0.002484 0.046926 0.933670 0.009840 0.007080
2 2 0.003560 0.071652 0.907945 0.007109 0.009734
2 2 0.001770 0.040649 0.935026 0.017001 0.005554
2 2 0.000681 0.020725 0.961714 0.014702 0.002179
2 2 0.000371 0.014787 0.976119 0.006666 0.002057
2 2 0.000067 0.004754 0.988062 0.006498 0.000619
2 2 0.000171 0.008445 0.986900 0.003224 0.001259
2 2 0.000269 0.012308 0.982915 0.002835 0.001673
2 2 0.000525 0.020623 0.975026 0.002134 0.001692
2 2 0.000398 0.016754 0.979532 0.002592 0.000725
2 2 0.001129 0.035432 0.958998 0.002730 0.001710
2 2 0.001062 0.030288 0.963329 0.003759 0.001563
2 2 0.003287 0.070244 0.917455 0.003146 0.005867
2 2 0.000278 0.012211 0.982161 0.003806 0.001544
2 2 0.000720 0.019409 0.969038 0.008558 0.002275
2 2 0.004809 0.080536 0.899638 0.004313 0.010703
2 2 0.009050 0.131847 0.829750 0.003911 0.025442
2 2 0.008995 0.135999 0.823656 0.005295 0.026055
2 1 0.010634 0.145896 0.784800 0.016974 0.041697
2 1 0.023682 0.203037 0.675121 0.025434 0.072725
2 1 0.041009 0.261735 0.525812 0.027410 0.144033
2 1 0.019997 0.176821 0.663047 0.041242 0.098892
2 1 0.010828 0.107525 0.765297 0.062775 0.053576
2 1 0.009113 0.105350 0.836278 0.020338 0.028920
2 2 0.021025 0.207464 0.712970 0.006841 0.051699
2 2 0.033061 0.267544 0.631106 0.003829 0.064461
2 1 0.044402 0.294440 0.567036 0.003981 0.090140
2 1 0.039364 0.294775 0.571216 0.003343 0.091302
2 2 0.030976 0.275840 0.621648 0.002585 0.068951
2 2 0.050458 0.298671 0.573526 0.001461 0.075884
2 2 0.028208 0.259156 0.649510 0.001321 0.061806
2 2 0.009183 0.146696 0.817385 0.001707 0.025029
2 1 0.008274 0.122960 0.849544 0.001750 0.017472
2 2 0.001105 0.031515 0.921287 0.027348 0.018746
2 2 0.000957 0.028504 0.945103 0.014170 0.011265
2 2 0.012127 0.072217 0.900379 0.004159 0.011118
2 2 0.169696 0.170637 0.631109 0.007994 0.020563
0 2 0.411319 0.273295 0.213388 0.011530 0.090468
0 0 0.488364 0.242496 0.128010 0.015598 0.125532
1 4 0.195177 0.342367 0.338382 0.008982 0.115091
2 4 0.077142 0.308673 0.564210 0.006525 0.043449
2 4 0.036196 0.296225 0.547579 0.003478 0.116521
2 4 0.025759 0.275383 0.570022 0.002857 0.125978
2 4 0.018442 0.214027 0.633410 0.005801 0.128319
2 4 0.028786 0.260001 0.511125 0.006494 0.193594
2 4 0.033459 0.285299 0.519734 0.005840 0.155667
2 4 0.034478 0.284106 0.509151 0.005941 0.166324
2 4 0.056782 0.303500 0.440487 0.006040 0.193192
4 4 0.092342 0.282739 0.285111 0.015050 0.324757
4 4 0.186263 0.201000 0.186844 0.028915 0.396977
4 4 0.294425 0.192959 0.126487 0.022286 0.363843
4 4 0.220133 0.183021 0.130515 0.030836 0.435494
4 4 0.241395 0.202093 0.150894 0.048388 0.357229
4 4 0.142900 0.162277 0.123184 0.033223 0.538416
4 4 0.154811 0.165957 0.087665 0.011553 0.580014
4 4 0.166261 0.174670 0.137786 0.042782 0.478500
4 4 0.140161 0.154099 0.132652 0.042054 0.531035
4 4 0.147276 0.155643 0.157748 0.070868 0.468464
4 4 0.166908 0.162250 0.145636 0.050349 0.474857
4 4 0.181745 0.184146 0.143727 0.046690 0.443691
4 4 0.220222 0.215992 0.151600 0.052344 0.359842
1 4 0.236484 0.255783 0.181109 0.116672 0.209952
1 4 0.172637 0.278644 0.204063 0.067943 0.276713
2 4 0.084195 0.303288 0.352547 0.044913 0.215058
2 4 0.058303 0.301509 0.479939 0.011467 0.148782
4 4 0.068329 0.280393 0.294744 0.004735 0.351798
2 4 0.071490 0.301445 0.328584 0.004551 0.293930
4 4 0.125168 0.234176 0.140128 0.002294 0.498234
4 4 0.208775 0.233088 0.122760 0.004904 0.430473
4 4 0.239966 0.199854 0.100310 0.013538 0.446332
4 4 0.263763 0.189578 0.124011 0.024389 0.398259
4 4 0.244351 0.163706 0.165325 0.062160 0.364459
0 4 0.248502 0.152777 0.208897 0.170373 0.219452
4 4 0.086508 0.266304 0.208206 0.002574 0.436407
4 4 0.098045 0.286820 0.230652 0.002605 0.381877
4 4 0.081420 0.250537 0.187428 0.001593 0.479022
2 4 0.062637 0.306767 0.437843 0.005474 0.187279
2 4 0.083446 0.302317 0.391065 0.004831 0.218341
1 4 0.158229 0.301130 0.258199 0.006286 0.276156
4 4 0.193306 0.277748 0.172474 0.005822 0.350649
1 4 0.121628 0.313517 0.286256 0.006765 0.271833
1 1 0.210652 0.310702 0.269733 0.002448 0.206464
0 4 0.691256 0.140430 0.136716 0.002569 0.029028
0 4 0.954808 0.028747 0.013058 0.000587 0.002800
0 0 0.984649 0.011574 0.003076 0.000053 0.000648
0 0 0.992598 0.004934 0.002164 0.000044 0.000261
0 0 0.990777 0.004964 0.003740 0.000151 0.000368
0 0 0.988473 0.008818 0.002250 0.000031 0.000428
0 0 0.940603 0.042865 0.011752 0.000443 0.004337
0 0 0.927510 0.051066 0.014239 0.000541 0.006644
0 0 0.663179 0.142409 0.041304 0.001152 0.151956
4 4 0.321841 0.226690 0.097024 0.001433 0.353012
4 4 0.154370 0.302852 0.235793 0.002620 0.304364
2 4 0.089955 0.235202 0.473824 0.002425 0.198594
2 0 0.105727 0.261192 0.510261 0.011529 0.111292
2 1 0.085600 0.305708 0.412205 0.009942 0.186545
2 1 0.042005 0.252382 0.460664 0.015750 0.229199
2 1 0.039026 0.271933 0.478927 0.005146 0.204968
2 1 0.023242 0.215726 0.625247 0.002672 0.133113
2 1 0.037120 0.276090 0.602299 0.002007 0.082484
2 1 0.077142 0.293953 0.538646 0.004924 0.085334
2 1 0.114207 0.305942 0.478099 0.009098 0.092654
1 0 0.206135 0.322632 0.320878 0.011556 0.138799
2 1 0.167389 0.316816 0.401163 0.028714 0.085919
2 1 0.090089 0.305419 0.498197 0.032843 0.073453
2 1 0.059457 0.313951 0.433532 0.010979 0.182081
2 1 0.018755 0.245586 0.653427 0.002885 0.079346
2 2 0.017779 0.230919 0.655272 0.003386 0.092644
2 2 0.017419 0.215337 0.648604 0.004780 0.113860
2 2 0.009168 0.151429 0.753471 0.009063 0.076869
2 2 0.008087 0.157622 0.764045 0.009238 0.061007
2 2 0.006427 0.141323 0.784956 0.015433 0.051860
2 2 0.005684 0.117947 0.811525 0.020890 0.043954
2 1 0.021795 0.233185 0.709682 0.001682 0.033656
2 1 0.003862 0.111730 0.870804 0.001562 0.012041
2 2 0.002839 0.084106 0.905175 0.001861 0.006019
2 1 0.000590 0.026172 0.968488 0.003134 0.001616
2 2 0.000752 0.030704 0.963383 0.002852 0.002309
2 2 0.000071 0.005239 0.988223 0.006003 0.000464
2 2 0.000290 0.013406 0.980696 0.004109 0.001500
2 2 0.000854 0.029843 0.959087 0.005759 0.004457
2 2 0.001236 0.041903 0.947735 0.005611 0.003515
2 1 0.004597 0.106934 0.878242 0.002240 0.007987
2 2 0.003384 0.084160 0.906714 0.001396 0.004346
2 2 0.001342 0.046450 0.947871 0.001315 0.003022
2 2 0.000446 0.020549 0.974828 0.002059 0.002118
2 2 0.001356 0.042044 0.947561 0.003035 0.006004
2 1 0.000926 0.039324 0.945485 0.006338 0.007927
2 2 0.001077 0.045007 0.937653 0.009238 0.007026
2 2 0.000668 0.032530 0.954378 0.008077 0.004347
2 2 0.000789 0.035053 0.956522 0.004880 0.002756
2 2 0.000590 0.026486 0.966304 0.003961 0.002660
2 1 0.000452 0.020635 0.968163 0.007520 0.003229
0 2 0.352843 0.281000 0.225117 0.050929 0.090111
2 0 0.242017 0.315326 0.321179 0.036688 0.084789
2 1 0.128297 0.328891 0.481223 0.009505 0.052084
2 1 0.053697 0.288749 0.608804 0.003516 0.045234
2 1 0.023733 0.229873 0.719029 0.001708 0.025658
2 1 0.026381 0.248283 0.681572 0.001427 0.042337
2 1 0.029259 0.262659 0.653513 0.001862 0.052707
2 2 0.017085 0.222668 0.725197 0.001772 0.033278
2 2 0.006649 0.141155 0.837269 0.001770 0.013157
2 2 0.003512 0.107225 0.878843 0.001088 0.009332
2 2 0.000993 0.053081 0.940847 0.000909 0.004169
2 2 0.000147 0.013659 0.982727 0.002342 0.001124
2 2 0.000052 0.005542 0.990080 0.004033 0.000293
2 2 0.000085 0.007017 0.988500 0.004024 0.000375
2 2 0.000155 0.011107 0.985920 0.002073 0.000743
2 2 0.000056 0.005392 0.991509 0.002727 0.000316
2 2 0.000065 0.006237 0.990029 0.003061 0.000609
2 2 0.000100 0.008151 0.987398 0.003597 0.000754
2 2 0.000232 0.015755 0.979241 0.003144 0.001627
2 2 0.000166 0.012557 0.982001 0.004119 0.001157
2 2 0.000077 0.006626 0.961228 0.031217 0.000852
2 2 0.000058 0.004481 0.948374 0.046482 0.000605
2 2 0.000049 0.003444 0.931198 0.064806 0.000504
2 2 0.000059 0.003523 0.914952 0.080900 0.000566
2 2 0.000065 0.003612 0.908003 0.087717 0.000603
2 2 0.000038 0.002713 0.923132 0.073704 0.000412
2 2 0.000017 0.001658 0.951236 0.046893 0.000197
2 2 0.000018 0.001528 0.956957 0.041341 0.000156
2 2 0.000013 0.001214 0.956675 0.041977 0.000121
2 2 0.000023 0.001721 0.938243 0.059802 0.000212
2 2 0.000033 0.002120 0.897505 0.099976 0.000366
2 2 0.000073 0.003266 0.870553 0.125466 0.000641
2 2 0.000050 0.002742 0.891282 0.105461 0.000465
2 2 0.000083 0.003826 0.920391 0.075209 0.000491
2 2 0.000187 0.006574 0.943357 0.049222 0.000660
2 2 0.000305 0.010743 0.955067 0.032903 0.000982
2 2 0.000262 0.010040 0.957042 0.031683 0.000974
2 2 0.000153 0.007542 0.964365 0.027237 0.000702
2 2 0.000200 0.010512 0.968872 0.019466 0.000950
2 2 0.000068 0.005350 0.967919 0.026110 0.000553
2 2 0.000021 0.001387 0.872623 0.125749 0.000219
2 2 0.000036 0.001647 0.824865 0.173159 0.000294
2 2 0.000160 0.004481 0.912149 0.082705 0.000506
2 2 0.001361 0.018954 0.942099 0.036045 0.001542
2 2 0.000902 0.016567 0.962954 0.018513 0.001063
2 2 0.000716 0.017712 0.974273 0.006544 0.000755
2 1 0.000289 0.010217 0.983027 0.006039 0.000427
2 2 0.000511 0.014709 0.977411 0.006734 0.000636
2 2 0.000180 0.007318 0.962563 0.029303 0.000636
2 2 0.000111 0.005124 0.928087 0.065996 0.000682
2 2 0.000114 0.005605 0.913998 0.079363 0.000920
2 2 0.000245 0.010057 0.916728 0.071075 0.001895
2 2 0.000244 0.011982 0.946198 0.039676 0.001901
2 2 0.000186 0.010217 0.960892 0.027322 0.001383
2 2 0.000148 0.008599 0.974181 0.016274 0.000798
2 2 0.000170 0.009437 0.967155 0.022277 0.000961
2 2 0.000098 0.006506 0.970337 0.022439 0.000621
2 2 0.000066 0.004600 0.969335 0.025569 0.000429
2 2 0.000082 0.004257 0.977921 0.017457 0.000283
2 3 0.000110 0.004533 0.970964 0.024062 0.000331
2 2 0.000498 0.013753 0.962639 0.021996 0.001113
2 2 0.002863 0.027523 0.954563 0.013764 0.001287
2 2 0.010865 0.048706 0.914671 0.023097 0.002661
2 2 0.027121 0.118953 0.825806 0.020366 0.007754
2 1 0.021024 0.143466 0.813908 0.012333 0.009269
2 1 0.005288 0.076926 0.905314 0.008058 0.004414
2 2 0.000286 0.012626 0.981145 0.005315 0.000628
2 2 0.000255 0.010000 0.972080 0.016790 0.000875
2 2 0.001080 0.024158 0.960984 0.012205 0.001572
2 1 0.004205 0.067775 0.913216 0.010019 0.004785
2 1 0.005587 0.101705 0.882127 0.005282 0.005299
2 1 0.006659 0.111079 0.874336 0.003073 0.004852
2 2 0.012437 0.147325 0.831921 0.002109 0.006208
2 2 0.009115 0.133708 0.850601 0.001350 0.005226
2 1 0.000815 0.029285 0.966857 0.002054 0.000989
2 2 0.000549 0.019559 0.976915 0.002362 0.000616
2 2 0.000153 0.009614 0.987199 0.002714 0.000320
2 2 0.000235 0.011937 0.982999 0.004334 0.000494
2 0 0.000497 0.010897 0.945882 0.041666 0.001058
2 0 0.002395 0.019531 0.834967 0.140166 0.002941
2 1 0.028244 0.269826 0.617322 0.003744 0.080863
2 1 0.022808 0.249806 0.666335 0.003140 0.057912
2 1 0.008881 0.186299 0.770804 0.002922 0.031093
2 1 0.005109 0.133416 0.837623 0.003029 0.020823
2 1 0.002609 0.081700 0.905313 0.002275 0.008102
2 1 0.004669 0.098467 0.878119 0.002491 0.016254
2 2 0.007319 0.099409 0.859818 0.004702 0.028752
2 2 0.011578 0.145389 0.798176 0.005759 0.039097
2 1 0.019074 0.218217 0.720608 0.005218 0.036883
2 1 0.008904 0.160815 0.811697 0.004850 0.013734
2 2 0.017639 0.201395 0.756184 0.004986 0.019796
2 2 0.022253 0.238511 0.678774 0.003033 0.057429
2 4 0.022603 0.203232 0.613870 0.008345 0.151949
4 4 0.076822 0.163591 0.317578 0.059487 0.382522
4 4 0.149071 0.127931 0.105274 0.019882 0.597843
4 4 0.183385 0.114840 0.086711 0.009824 0.605241
4 4 0.140419 0.107880 0.071582 0.006831 0.673288
4 4 0.158525 0.136679 0.103364 0.018109 0.583322
4 4 0.108291 0.119973 0.097807 0.020241 0.653688
4 4 0.121308 0.126593 0.131956 0.045415 0.574730
2 4 0.010911 0.116460 0.799572 0.007669 0.065387
2 4 0.034077 0.085945 0.854388 0.011686 0.013904
2 4 0.292279 0.106660 0.565739 0.024978 0.010344
0 4 0.599462 0.203796 0.156767 0.010521 0.029453
0 4 0.553720 0.223534 0.147216 0.023737 0.051794
2 0 0.137340 0.272894 0.545461 0.016925 0.027380
2 4 0.047642 0.244742 0.674612 0.008813 0.024189
2 4 0.023803 0.262602 0.605297 0.011711 0.096587
2 4 0.014341 0.221026 0.620467 0.010687 0.133479
2 4 0.020578 0.260979 0.549266 0.010688 0.158489
2 4 0.040227 0.284022 0.392532 0.012667 0.270551
4 4 0.077339 0.257453 0.279090 0.024684 0.361434
4 4 0.094453 0.200116 0.202893 0.027961 0.474577
4 4 0.136014 0.153455 0.146721 0.050313 0.513498
4 4 0.142638 0.161160 0.124787 0.034577 0.536839
4 4 0.140873 0.151795 0.141606 0.051337 0.514390
4 4 0.159008 0.177325 0.146432 0.053653 0.463583
4 4 0.126627 0.188890 0.233371 0.081474 0.369638
4 4 0.179976 0.195837 0.114501 0.023469 0.486216
4 4 0.288230 0.196407 0.107756 0.014567 0.393040
4 4 0.094903 0.092316 0.124157 0.045535 0.643089
4 4 0.094063 0.086434 0.145601 0.075394 0.598507
4 4 0.165463 0.118312 0.124881 0.030666 0.560678
4 4 0.213809 0.160015 0.120038 0.023724 0.482414
4 4 0.227099 0.173727 0.080941 0.007280 0.510953
4 4 0.268623 0.178268 0.067617 0.004011 0.481481
4 4 0.151290 0.161262 0.068638 0.005820 0.612990
4 4 0.128560 0.175040 0.088392 0.008625 0.599383
4 4 0.133392 0.158954 0.099175 0.018273 0.590207
4 4 0.158206 0.178989 0.139494 0.046145 0.477166
4 4 0.167081 0.174045 0.160840 0.070707 0.427327
4 4 0.205426 0.166037 0.198885 0.142524 0.287127
3 4 0.166420 0.121983 0.216420 0.257635 0.237543
3 4 0.161750 0.097957 0.215451 0.372587 0.152254
0 4 0.273194 0.149946 0.210131 0.180539 0.186190
0 4 0.387006 0.215155 0.151128 0.049762 0.196949
0 4 0.342688 0.266244 0.165461 0.057247 0.168360
1 4 0.167211 0.299351 0.240536 0.042968 0.249934
2 4 0.074039 0.314657 0.354234 0.019122 0.237948
2 4 0.017607 0.253498 0.622262 0.003525 0.103108
2 4 0.019839 0.217771 0.624264 0.021479 0.116646
2 4 0.020834 0.192353 0.650248 0.040360 0.096205
2 2 0.014265 0.145115 0.717632 0.054473 0.068515
2 2 0.009983 0.115632 0.756743 0.047529 0.070113
2 2 0.006886 0.112492 0.828120 0.017519 0.034983
2 2 0.007060 0.134752 0.805800 0.015462 0.036925
2 2 0.008542 0.138753 0.778421 0.037973 0.036312
2 2 0.008182 0.111342 0.786891 0.060051 0.033534
2 2 0.016424 0.159956 0.699831 0.056089 0.067701
2 2 0.013178 0.153596 0.732285 0.051232 0.049709
2 2 0.012567 0.158886 0.737507 0.047001 0.044038
2 2 0.008175 0.107266 0.855250 0.016457 0.012853
2 2 0.132817 0.180794 0.666372 0.005328 0.014689
0 0 0.487288 0.221838 0.257640 0.001927 0.031308
0 0 0.611998 0.187334 0.073799 0.006936 0.119932
0 1 0.481794 0.207178 0.082776 0.007337 0.220915
0 1 0.504196 0.193549 0.070840 0.003394 0.228020
1 1 0.249634 0.334380 0.260194 0.007114 0.148677
2 1 0.107850 0.353216 0.428498 0.002585 0.107850
2 1 0.038404 0.282913 0.621339 0.003846 0.053499
2 2 0.043666 0.158588 0.783030 0.007215 0.007501
2 2 0.273435 0.276597 0.387900 0.026173 0.035895
0 2 0.370386 0.272008 0.288270 0.026165 0.043170
2 0 0.248866 0.286503 0.408472 0.020733 0.035425
2 1 0.198728 0.287641 0.481280 0.008121 0.024230
2 1 0.150406 0.308162 0.502857 0.006680 0.031894
2 1 0.079259 0.273414 0.618915 0.005241 0.023172
2 2 0.039355 0.223888 0.713475 0.006052 0.017230
2 2 0.022569 0.182847 0.777899 0.005200 0.011485
2 2 0.020089 0.181042 0.779876 0.006250 0.012744
2 2 0.013874 0.152862 0.821073 0.004137 0.008053
2 2 0.014961 0.159726 0.812744 0.003876 0.008692
2 2 0.021188 0.176739 0.788284 0.003998 0.009791
2 1 0.033041 0.193075 0.759842 0.004070 0.009972
2 2 0.068057 0.222041 0.691997 0.005966 0.011939
2 1 0.108202 0.243742 0.629008 0.005828 0.013220
2 2 0.122916 0.252994 0.603190 0.006173 0.014727
2 2 0.057441 0.200505 0.730438 0.003751 0.007865
2 2 0.050894 0.197239 0.738321 0.004872 0.008674
2 2 0.037196 0.181140 0.769956 0.004223 0.007485
2 2 0.005530 0.108759 0.878416 0.002834 0.004461
2 2 0.002599 0.058304 0.933464 0.003477 0.002156
2 2 0.002801 0.056493 0.934763 0.003839 0.002104
2 2 0.003924 0.069758 0.919306 0.004263 0.002749
2 2 0.002753 0.055230 0.933666 0.005867 0.002483
2 2 0.005550 0.091936 0.891497 0.006252 0.004765
2 2 0.004986 0.084563 0.898126 0.007441 0.004884
2 2 0.004716 0.090093 0.893684 0.006266 0.005240
2 2 0.003928 0.083277 0.904211 0.004383 0.004202
2 2 0.005492 0.061914 0.925760 0.004523 0.002311
2 2 0.039286 0.115119 0.822389 0.017102 0.006103
2 0 0.062772 0.159976 0.728237 0.034687 0.014328
2 1 0.110019 0.275707 0.519721 0.046105 0.048448
2 2 0.090502 0.259135 0.560474 0.048467 0.041423
2 2 0.006544 0.113133 0.869650 0.005268 0.005405
2 2 0.000382 0.014010 0.981425 0.003654 0.000529
2 2 0.000022 0.002000 0.984979 0.012859 0.000140
2 2 0.000020 0.001843 0.974639 0.023329 0.000169
2 2 0.000064 0.003261 0.917131 0.079049 0.000496
2 2 0.000106 0.004114 0.879517 0.115554 0.000709
2 2 0.000013 0.000775 0.815135 0.183920 0.000157
2 2 0.000011 0.000699 0.808160 0.190984 0.000145
2 2 0.000012 0.000960 0.880662 0.118204 0.000163
2 2 0.000012 0.001048 0.898004 0.100774 0.000162
2 2 0.000018 0.001229 0.890396 0.108172 0.000186
2 2 0.000037 0.001694 0.824331 0.173613 0.000325
2 2 0.000044 0.001607 0.770712 0.227290 0.000347
2 2 0.000099 0.002221 0.757154 0.240099 0.000426
2 3 0.000702 0.007078 0.871899 0.119513 0.000808
2 3 0.001548 0.015930 0.913367 0.067632 0.001524
2 0 0.002903 0.029738 0.914888 0.049786 0.002685
2 2 0.004474 0.048135 0.893806 0.048507 0.005079
2 2 0.002285 0.038388 0.923496 0.032125 0.003707
2 2 0.000531 0.016249 0.953213 0.028489 0.001518
2 2 0.000219 0.010524 0.947495 0.040479 0.001283
2 2 0.000068 0.004411 0.932053 0.062806 0.000662
