0 0 0.857640 0.082448 0.022900 0.013589 0.023422
0 0 0.895465 0.072553 0.012563 0.003694 0.015725
0 0 0.905582 0.068897 0.010693 0.002795 0.012033
0 0 0.887811 0.080043 0.013348 0.003007 0.015791
0 0 0.862652 0.088831 0.017932 0.004765 0.025819
0 0 0.843291 0.093245 0.019560 0.004935 0.038969
0 0 0.825134 0.100353 0.021971 0.005121 0.047422
0 0 0.828121 0.102604 0.023074 0.005535 0.040666
0 0 0.830922 0.111059 0.022173 0.003635 0.032211
0 0 0.795245 0.127873 0.026786 0.003495 0.046601
0 0 0.718032 0.158760 0.043588 0.005752 0.073869
0 0 0.561499 0.204015 0.080031 0.009322 0.145134
0 1 0.478642 0.227291 0.078482 0.004053 0.211532
0 0 0.341078 0.275311 0.096303 0.001663 0.285645
4 0 0.173617 0.309047 0.141845 0.000868 0.374624
4 0 0.119109 0.310508 0.198494 0.001154 0.370735
4 1 0.122475 0.299753 0.195385 0.001387 0.380999
1 0 0.177855 0.306947 0.234242 0.004715 0.276240
1 0 0.283727 0.295110 0.232882 0.013672 0.174609
0 0 0.290157 0.277183 0.216822 0.015815 0.200024
0 0 0.772589 0.085662 0.022942 0.009461 0.109346
0 0 0.872215 0.072919 0.014838 0.005725 0.034303
0 0 0.865800 0.092304 0.015747 0.002756 0.023393
0 0 0.832967 0.108412 0.025820 0.006493 0.026307
0 0 0.728783 0.160389 0.057323 0.012190 0.041315
0 0 0.665116 0.185078 0.089744 0.022175 0.037886
0 0 0.831664 0.105873 0.029606 0.010949 0.021908
0 0 0.895610 0.072987 0.014946 0.006289 0.010168
0 0 0.926571 0.054552 0.008985 0.004238 0.005654
0 0 0.939434 0.043041 0.007730 0.006893 0.002902
0 0 0.939024 0.042828 0.007819 0.007269 0.003059
0 0 0.909622 0.060933 0.013625 0.009852 0.005968
0 0 0.798115 0.119854 0.039162 0.015057 0.027811
0 0 0.692191 0.167711 0.057115 0.010095 0.072888
0 4 0.489973 0.223532 0.060731 0.001979 0.223786
4 4 0.269491 0.293199 0.107110 0.001093 0.329107
4 4 0.095654 0.268488 0.150315 0.000607 0.484936
4 4 0.080580 0.210352 0.121513 0.000647 0.586908
4 4 0.075082 0.127687 0.123465 0.004769 0.668997
4 4 0.075704 0.067529 0.062154 0.007786 0.786828
4 4 0.070212 0.123396 0.091624 0.001881 0.712887
4 4 0.069297 0.167705 0.141084 0.001924 0.619990
4 4 0.055156 0.200357 0.189389 0.001386 0.553711
4 4 0.042396 0.225406 0.324192 0.002565 0.405441
4 4 0.045224 0.179349 0.271189 0.004403 0.499834
4 4 0.045550 0.143486 0.218246 0.005799 0.586919
4 4 0.051920 0.131391 0.192136 0.007508 0.617045
4 4 0.042394 0.163258 0.266648 0.005388 0.522312
4 4 0.040759 0.222535 0.307028 0.002093 0.427585
4 4 0.035641 0.280235 0.332380 0.000764 0.350981
2 4 0.021862 0.264573 0.476818 0.001053 0.235694
2 4 0.022930 0.261707 0.487211 0.001310 0.226841
2 4 0.026528 0.268985 0.447986 0.001227 0.255273
2 4 0.028529 0.266512 0.456408 0.001586 0.246965
2 4 0.045943 0.296095 0.441135 0.002317 0.214510
2 4 0.038108 0.285047 0.456446 0.002087 0.218311
2 4 0.038211 0.283194 0.477501 0.002459 0.198636
2 4 0.023657 0.245434 0.573827 0.002989 0.154093
2 4 0.023761 0.237739 0.608198 0.004058 0.126244
2 1 0.018106 0.208979 0.674845 0.005456 0.092614
2 1 0.003088 0.086658 0.874984 0.012419 0.022850
2 1 0.003702 0.095507 0.865242 0.011775 0.023774
2 1 0.004349 0.094406 0.855678 0.016775 0.028792
2 1 0.004778 0.090186 0.849168 0.022038 0.033830
2 2 0.005076 0.079094 0.844413 0.038303 0.033114
2 2 0.005062 0.079744 0.845924 0.036848 0.032422
2 2 0.003747 0.062155 0.865987 0.045065 0.023047
2 2 0.001307 0.032929 0.908624 0.047970 0.009169
2 2 0.000740 0.019490 0.897178 0.077359 0.005233
2 2 0.000278 0.011013 0.907651 0.078506 0.002551
2 2 0.000108 0.005456 0.877555 0.115615 0.001266
2 2 0.000111 0.005203 0.859797 0.133659 0.001230
2 2 0.000225 0.005854 0.756032 0.236342 0.001547
2 2 0.000544 0.007580 0.638068 0.351154 0.002653
2 2 0.000630 0.007114 0.566373 0.422926 0.002957
3 2 0.000726 0.004263 0.321456 0.671690 0.001865
3 3 0.000692 0.002628 0.194031 0.801594 0.001055
3 2 0.000556 0.001662 0.129857 0.867246 0.000680
3 3 0.000380 0.001080 0.099513 0.898616 0.000410
3 2 0.000360 0.001073 0.104269 0.893920 0.000378
3 2 0.000824 0.001653 0.098720 0.898301 0.000501
3 3 0.000655 0.001156 0.075009 0.922885 0.000295
3 2 0.000495 0.001056 0.082974 0.915202 0.000274
3 3 0.000563 0.001207 0.089657 0.908259 0.000314
3 3 0.000630 0.001165 0.077554 0.920338 0.000314
3 3 0.001049 0.001532 0.076865 0.920212 0.000343
3 3 0.001851 0.002007 0.071582 0.924163 0.000397
3 3 0.003102 0.003266 0.091096 0.901861 0.000675
3 3 0.002750 0.002774 0.079340 0.914516 0.000620
3 3 0.002243 0.002200 0.067429 0.927604 0.000525
3 3 0.001149 0.001395 0.061075 0.936010 0.000370
3 3 0.000814 0.000968 0.049315 0.948660 0.000243
3 3 0.001097 0.001338 0.059862 0.937349 0.000355
3 3 0.000900 0.001089 0.053217 0.944513 0.000280
3 3 0.001388 0.001588 0.063706 0.932940 0.000378
3 3 0.001680 0.001996 0.075126 0.920740 0.000458
3 3 0.001141 0.001657 0.077913 0.918852 0.000436
3 3 0.001023 0.001571 0.077123 0.919798 0.000485
3 3 0.000617 0.000955 0.057564 0.940531 0.000333
3 3 0.000770 0.001197 0.064808 0.932777 0.000448
3 3 0.001757 0.001863 0.064844 0.931066 0.000471
3 3 0.001902 0.001599 0.050965 0.945210 0.000324
3 3 0.001422 0.001421 0.054683 0.942177 0.000297
3 3 0.001537 0.001708 0.065803 0.930582 0.000370
3 3 0.001692 0.001986 0.073982 0.921878 0.000462
3 3 0.001751 0.002073 0.077199 0.918528 0.000448
3 3 0.001397 0.001792 0.075399 0.921007 0.000405
3 3 0.001695 0.001990 0.074487 0.921381 0.000448
3 3 0.001629 0.001904 0.070969 0.925011 0.000486
3 3 0.002081 0.002285 0.074054 0.920964 0.000616
3 3 0.001396 0.001753 0.070478 0.925869 0.000504
3 3 0.001422 0.001725 0.066960 0.929352 0.000540
3 3 0.000968 0.001384 0.066483 0.930683 0.000482
3 3 0.000522 0.000928 0.061401 0.936754 0.000394
3 3 0.000753 0.001234 0.068786 0.928764 0.000462
3 3 0.000474 0.000827 0.058210 0.940191 0.000298
3 3 0.000908 0.001431 0.074157 0.923040 0.000463
3 3 0.001047 0.001536 0.071799 0.925073 0.000545
3 3 0.001318 0.001748 0.073147 0.923269 0.000518
3 3 0.001846 0.002197 0.076790 0.918548 0.000618
3 3 0.000786 0.000939 0.047486 0.950517 0.000273
3 3 0.000909 0.000960 0.045016 0.952891 0.000223
3 3 0.000804 0.001068 0.057004 0.940853 0.000270
3 3 0.000841 0.001072 0.056164 0.941679 0.000244
3 3 0.001339 0.001579 0.065853 0.930881 0.000348
3 3 0.001250 0.001423 0.060516 0.936504 0.000308
3 3 0.002024 0.001877 0.059835 0.935859 0.000405
3 3 0.001182 0.001247 0.052234 0.945049 0.000289
3 3 0.000766 0.000893 0.045837 0.952266 0.000238
3 3 0.000931 0.001166 0.056314 0.941269 0.000320
3 3 0.000976 0.001162 0.054067 0.943483 0.000312
3 3 0.001660 0.001862 0.067131 0.928844 0.000503
3 3 0.002019 0.002188 0.070960 0.924217 0.000616
3 3 0.001462 0.001865 0.072542 0.923532 0.000600
3 3 0.001440 0.001821 0.071146 0.925010 0.000582
3 3 0.001237 0.001521 0.064810 0.932029 0.000403
3 3 0.001457 0.001568 0.062042 0.934626 0.000307
3 3 0.001005 0.001306 0.065526 0.931912 0.000251
3 1 0.002512 0.003081 0.104775 0.889167 0.000466
3 1 0.009987 0.008405 0.140681 0.839999 0.000929
2 1 0.129087 0.273101 0.523516 0.036410 0.037886
2 1 0.204359 0.314497 0.407111 0.023280 0.050753
2 1 0.100075 0.269607 0.547721 0.028479 0.054119
2 0 0.069994 0.239762 0.609529 0.032030 0.048684
2 1 0.071737 0.281445 0.542991 0.012519 0.091307
2 1 0.114082 0.324033 0.402925 0.007317 0.151643
2 2 0.156668 0.322169 0.342931 0.008980 0.169253
1 1 0.263665 0.300669 0.265413 0.016010 0.154243
0 0 0.642018 0.181999 0.071924 0.013318 0.090741
0 1 0.776428 0.135672 0.033822 0.005530 0.048547
0 0 0.806270 0.122836 0.025993 0.003819 0.041083
0 0 0.865087 0.087656 0.018545 0.005617 0.023095
0 0 0.861275 0.080463 0.019467 0.008989 0.029807
0 0 0.910815 0.054765 0.009444 0.004598 0.020378
0 0 0.892817 0.062596 0.011015 0.004249 0.029322
0 0 0.870112 0.077318 0.015531 0.005252 0.031787
0 0 0.888390 0.073644 0.014635 0.005534 0.017797
0 0 0.884667 0.081026 0.013890 0.003223 0.017194
0 0 0.878001 0.082888 0.015724 0.004286 0.019101
0 0 0.886363 0.074866 0.014264 0.004760 0.019746
0 0 0.863261 0.090058 0.015579 0.002904 0.028198
0 0 0.906530 0.061101 0.010204 0.003812 0.018352
0 0 0.905509 0.061987 0.010655 0.004124 0.017724
0 0 0.907210 0.063008 0.010120 0.003311 0.016351
0 0 0.923874 0.054584 0.008259 0.003187 0.010096
0 0 0.916897 0.059979 0.009977 0.003957 0.009189
0 0 0.911817 0.062994 0.011124 0.004555 0.009510
0 0 0.912199 0.062464 0.011270 0.004911 0.009157
0 0 0.891007 0.075651 0.014167 0.004547 0.014627
0 0 0.843230 0.102743 0.024435 0.006896 0.022697
0 0 0.862173 0.093634 0.019634 0.005193 0.019365
0 0 0.829273 0.111128 0.024856 0.005181 0.029563
0 0 0.758819 0.136679 0.034398 0.005406 0.064698
0 0 0.787366 0.111183 0.027210 0.006148 0.068093
0 0 0.779664 0.100073 0.026472 0.008291 0.085501
0 0 0.733738 0.117637 0.034883 0.009416 0.104326
0 0 0.820443 0.108526 0.021372 0.003434 0.046225
0 0 0.818416 0.116875 0.018935 0.001757 0.044017
0 0 0.780913 0.129832 0.017272 0.000798 0.071185
0 0 0.685575 0.160189 0.024338 0.000813 0.129086
0 0 0.397859 0.311828 0.079379 0.000615 0.210319
0 0 0.376017 0.340129 0.119341 0.001321 0.163192
1 0 0.342725 0.354517 0.163333 0.002428 0.136997
0 1 0.371815 0.339692 0.149346 0.002631 0.136516
0 1 0.479542 0.295650 0.097998 0.002110 0.124700
0 1 0.477926 0.289612 0.123739 0.004832 0.103891
0 1 0.626558 0.210470 0.075485 0.007155 0.080332
0 0 0.759251 0.143043 0.035006 0.004805 0.057895
0 0 0.757767 0.143599 0.032257 0.003643 0.062734
0 0 0.664721 0.180168 0.053300 0.005587 0.096224
0 1 0.381490 0.299266 0.142717 0.004667 0.171860
1 1 0.187220 0.347609 0.222150 0.002339 0.240683
2 1 0.084827 0.341044 0.345156 0.001984 0.226988
2 1 0.023651 0.259627 0.541835 0.001938 0.172949
2 1 0.016395 0.218286 0.630268 0.003111 0.131940
2 1 0.013103 0.187757 0.702255 0.005150 0.091735
2 1 0.007842 0.134759 0.801692 0.010726 0.044981
2 1 0.008973 0.140095 0.790506 0.011628 0.048798
2 2 0.008859 0.129833 0.802904 0.016501 0.041903
2 1 0.013116 0.151873 0.764702 0.016541 0.053768
0 1 0.442512 0.262386 0.158752 0.015803 0.120546
0 0 0.596953 0.230728 0.079591 0.005063 0.087665
0 0 0.547276 0.267155 0.089735 0.003148 0.092685
0 1 0.561224 0.279506 0.092066 0.002650 0.064554
0 1 0.431511 0.339450 0.131798 0.002178 0.095063
0 1 0.415597 0.349911 0.151149 0.002634 0.080709
1 1 0.314526 0.381397 0.219101 0.003320 0.081656
1 1 0.294991 0.382435 0.250785 0.004270 0.067519
1 1 0.213963 0.363484 0.353796 0.008376 0.060381
2 2 0.167574 0.324705 0.431042 0.016439 0.060240
2 2 0.153513 0.286771 0.479812 0.033111 0.046792
2 2 0.144848 0.285163 0.493977 0.032442 0.043570
2 2 0.133025 0.278074 0.519144 0.034099 0.035659
2 2 0.140669 0.274961 0.514697 0.038204 0.031469
2 1 0.235514 0.309309 0.388128 0.027395 0.039654
2 1 0.234822 0.308462 0.384219 0.027557 0.044940
2 1 0.229710 0.322056 0.381520 0.020949 0.045765
1 1 0.275033 0.340787 0.316213 0.013173 0.054793
1 1 0.289607 0.358125 0.283319 0.008245 0.060704
1 1 0.245551 0.362332 0.311426 0.007852 0.072839
1 2 0.235177 0.347271 0.342144 0.011615 0.063793
1 2 0.277569 0.350254 0.313920 0.011051 0.047205
0 1 0.359112 0.347668 0.241093 0.008101 0.044025
1 2 0.344926 0.357908 0.247825 0.007008 0.042333
1 1 0.289084 0.370130 0.279379 0.006510 0.054897
2 1 0.190940 0.363932 0.383673 0.008256 0.053200
2 1 0.124554 0.329568 0.485806 0.011344 0.048728
2 1 0.107610 0.317161 0.518662 0.012073 0.044494
2 2 0.059549 0.251127 0.636585 0.018948 0.033791
2 2 0.071955 0.273405 0.599167 0.016142 0.039331
2 2 0.050948 0.233054 0.664571 0.021603 0.029825
2 2 0.060315 0.247390 0.641321 0.020828 0.030146
2 2 0.074707 0.259515 0.614742 0.022530 0.028507
2 1 0.105651 0.290211 0.546570 0.020241 0.037327
2 1 0.112273 0.303168 0.521874 0.016919 0.045766
2 2 0.074427 0.268825 0.594613 0.018839 0.043296
2 2 0.061983 0.259237 0.615187 0.017201 0.046391
2 2 0.028497 0.190048 0.730351 0.022161 0.028943
2 2 0.028405 0.200643 0.718607 0.016936 0.035409
2 2 0.010815 0.130815 0.816251 0.021516 0.020603
1 2 0.339927 0.355329 0.228677 0.006125 0.069941
0 1 0.400869 0.340733 0.216846 0.007420 0.034132
1 1 0.285983 0.353410 0.313933 0.010526 0.036149
1 1 0.283886 0.351419 0.313851 0.010918 0.039926
2 1 0.204714 0.332691 0.408969 0.016651 0.036976
2 1 0.164921 0.304489 0.472601 0.025111 0.032879
2 2 0.126316 0.275654 0.535477 0.033424 0.029130
2 2 0.054985 0.184002 0.678309 0.069106 0.013598
2 2 0.035319 0.148748 0.731579 0.074602 0.009753
2 2 0.019307 0.115528 0.790011 0.066949 0.008205
2 2 0.037344 0.160558 0.723450 0.065073 0.013575
2 2 0.052117 0.198440 0.682505 0.047804 0.019134
2 2 0.068246 0.220693 0.644244 0.044333 0.022483
2 2 0.082101 0.251199 0.608759 0.030880 0.027060
2 2 0.095313 0.274343 0.572480 0.024119 0.033746
2 2 0.087861 0.269121 0.585359 0.023885 0.033774
2 2 0.064610 0.228628 0.647914 0.034550 0.024298
2 2 0.041996 0.192155 0.707288 0.039361 0.019201
2 2 0.031193 0.156761 0.741527 0.056783 0.013737
2 2 0.029472 0.138817 0.745760 0.073065 0.012887
2 2 0.102572 0.262030 0.547407 0.034319 0.053671
2 1 0.009789 0.084993 0.833869 0.061567 0.009782
2 1 0.003049 0.050741 0.894945 0.045157 0.006108
2 2 0.001906 0.042426 0.913594 0.036558 0.005516
2 2 0.005059 0.067247 0.870325 0.046314 0.011056
2 2 0.009067 0.088952 0.839889 0.050035 0.012056
2 1 0.022837 0.134719 0.767673 0.058164 0.016607
2 1 0.047224 0.216627 0.672855 0.028303 0.034991
2 1 0.063883 0.243974 0.632298 0.025000 0.034845
2 2 0.040710 0.217194 0.687782 0.021428 0.032886
2 2 0.030138 0.183592 0.728456 0.029209 0.028606
2 2 0.016591 0.131531 0.790951 0.040914 0.020014
2 2 0.011143 0.110141 0.822599 0.038327 0.017790
2 2 0.004813 0.073652 0.876199 0.033891 0.011445
2 2 0.006534 0.084577 0.859810 0.036344 0.012735
2 2 0.008184 0.096395 0.847033 0.035094 0.013294
2 2 0.008463 0.106902 0.840814 0.027922 0.015898
2 2 0.009993 0.117993 0.827541 0.026974 0.017498
2 2 0.005020 0.082496 0.876062 0.026116 0.010306
2 2 0.004736 0.076880 0.881342 0.028655 0.008388
2 2 0.007979 0.056402 0.808354 0.121826 0.005440
2 2 0.006877 0.055451 0.827707 0.105037 0.004928
2 2 0.004278 0.055381 0.876797 0.057602 0.005941
2 1 0.002665 0.053189 0.904778 0.032981 0.006387
2 1 0.002268 0.049291 0.911605 0.031471 0.005365
2 2 0.002140 0.049107 0.913082 0.029555 0.006116
2 2 0.003459 0.057904 0.890482 0.039393 0.008762
2 2 0.004160 0.062017 0.881455 0.042955 0.009415
2 2 0.004181 0.060619 0.883034 0.044919 0.007247
2 2 0.004985 0.069387 0.877890 0.040340 0.007398
2 2 0.006088 0.076663 0.867940 0.041288 0.008021
2 1 0.012044 0.101750 0.823260 0.051402 0.011544
2 1 0.016737 0.116083 0.795010 0.057281 0.014888
2 1 0.025296 0.139513 0.756760 0.060649 0.017782
2 1 0.007366 0.081204 0.855414 0.046805 0.009210
2 2 0.004555 0.067153 0.881454 0.038941 0.007897
2 2 0.001468 0.037083 0.921054 0.035411 0.004984
2 2 0.000371 0.018073 0.951065 0.028589 0.001903
2 2 0.000248 0.012668 0.948397 0.037644 0.001044
2 2 0.000171 0.010557 0.954638 0.033897 0.000737
2 2 0.000333 0.015848 0.948427 0.033791 0.001602
2 2 0.000312 0.013633 0.940998 0.043911 0.001146
2 2 0.000383 0.015342 0.938282 0.044557 0.001436
2 2 0.000521 0.017704 0.931119 0.048927 0.001729
2 2 0.000559 0.018649 0.930746 0.048045 0.002001
2 2 0.000504 0.018837 0.937985 0.040566 0.002108
2 2 0.000531 0.020000 0.938828 0.038132 0.002510
2 2 0.000548 0.021134 0.940529 0.034991 0.002798
2 2 0.000384 0.015490 0.936706 0.045472 0.001947
2 2 0.000399 0.013573 0.915696 0.068350 0.001982
2 2 0.000477 0.012265 0.866416 0.118474 0.002368
2 2 0.000371 0.008311 0.789995 0.199592 0.001731
2 2 0.000605 0.008705 0.701354 0.287808 0.001528
2 3 0.000672 0.010197 0.756061 0.231629 0.001440
2 2 0.000870 0.010513 0.714536 0.272863 0.001218
2 2 0.002263 0.018857 0.729577 0.247587 0.001717
2 1 0.004304 0.028837 0.739091 0.225221 0.002547
2 1 0.008780 0.049005 0.760592 0.177629 0.003993
2 1 0.042689 0.122150 0.677045 0.147355 0.010762
2 1 0.255306 0.296617 0.366399 0.034460 0.047218
2 1 0.036564 0.183200 0.718833 0.039868 0.021535
2 1 0.015935 0.122338 0.804424 0.045674 0.011628
2 2 0.006124 0.078076 0.870475 0.038873 0.006451
2 2 0.002627 0.048292 0.905979 0.039530 0.003572
2 2 0.003237 0.050080 0.894559 0.048460 0.003663
2 2 0.004553 0.055309 0.873801 0.061634 0.004704
2 2 0.004760 0.059511 0.873593 0.055801 0.006336
2 2 0.002057 0.041267 0.909497 0.042862 0.004316
2 2 0.001500 0.040231 0.925828 0.028645 0.003796
2 2 0.003668 0.066594 0.894951 0.028513 0.006274
2 2 0.005699 0.086492 0.872071 0.027132 0.008605
2 2 0.003114 0.054973 0.900422 0.036762 0.004729
2 2 0.003365 0.054357 0.895461 0.042212 0.004605
2 1 0.002677 0.045278 0.900163 0.048192 0.003689
2 2 0.012980 0.096551 0.816843 0.064229 0.009397
2 1 0.014891 0.100027 0.804992 0.070366 0.009725
2 2 0.007352 0.065913 0.844879 0.076367 0.005488
2 2 0.007385 0.071459 0.849064 0.064494 0.007598
2 2 0.007133 0.071869 0.852972 0.060558 0.007469
2 2 0.009101 0.094713 0.843963 0.041951 0.010272
2 1 0.009739 0.089854 0.838894 0.052512 0.009000
2 1 0.003604 0.054936 0.890962 0.045554 0.004944
2 2 0.003191 0.050755 0.892604 0.047784 0.005665
2 2 0.004387 0.064978 0.880875 0.040765 0.008996
2 2 0.003042 0.049049 0.895139 0.048021 0.004750
2 2 0.013600 0.110340 0.818342 0.048076 0.009641
2 2 0.036864 0.183305 0.722290 0.039338 0.018203
2 1 0.064233 0.229522 0.648566 0.033536 0.024144
2 1 0.085027 0.252808 0.602678 0.031520 0.027967
2 1 0.167535 0.323347 0.452317 0.017595 0.039205
2 1 0.178734 0.346212 0.409520 0.011372 0.054161
2 2 0.171767 0.345128 0.419522 0.011372 0.052211
2 1 0.128669 0.327653 0.484578 0.012284 0.046816
2 2 0.102683 0.301954 0.544621 0.015319 0.035422
2 1 0.074795 0.274902 0.605678 0.016267 0.028357
2 2 0.052270 0.237847 0.669578 0.019347 0.020958
2 2 0.036504 0.196030 0.722825 0.027512 0.017130
2 2 0.053558 0.228440 0.670020 0.025336 0.022646
2 2 0.072784 0.266714 0.608559 0.018777 0.033166
2 2 0.057545 0.241521 0.648407 0.021974 0.030554
2 2 0.054360 0.239164 0.647893 0.021382 0.037202
2 2 0.031401 0.184498 0.731547 0.029785 0.022769
2 0 0.026087 0.156357 0.752207 0.046224 0.019125
2 1 0.014785 0.130466 0.800693 0.035508 0.018547
2 2 0.006066 0.084192 0.862709 0.033275 0.013758
2 2 0.002511 0.051370 0.906917 0.033075 0.006128
2 2 0.001103 0.034415 0.933553 0.027433 0.003496
2 2 0.001847 0.047358 0.919465 0.025945 0.005385
2 2 0.001461 0.045201 0.926566 0.020941 0.005830
2 2 0.001469 0.043309 0.926399 0.023513 0.005310
2 2 0.001568 0.047301 0.923721 0.020802 0.006609
2 2 0.001787 0.046466 0.919443 0.026282 0.006023
2 2 0.001292 0.038399 0.928731 0.026704 0.004874
2 2 0.000908 0.032001 0.937710 0.025369 0.004012
2 2 0.001810 0.043720 0.917266 0.031446 0.005757
2 2 0.002187 0.052313 0.909513 0.026720 0.009268
2 4 0.003717 0.069299 0.882367 0.028264 0.016353
2 4 0.025929 0.192648 0.664400 0.017070 0.099953
2 4 0.062902 0.221197 0.377435 0.010613 0.327852
4 4 0.094754 0.102548 0.130188 0.023568 0.648942
4 4 0.074313 0.063945 0.059433 0.008523 0.793786
4 4 0.095204 0.092146 0.062732 0.003854 0.746063
4 4 0.103434 0.140220 0.093953 0.002763 0.659630
4 4 0.099134 0.147802 0.114434 0.003726 0.634905
4 4 0.107364 0.111829 0.096518 0.008456 0.675832
4 4 0.077198 0.064360 0.061592 0.010478 0.786372
4 4 0.068392 0.056084 0.056698 0.011122 0.807703
4 4 0.094032 0.098358 0.081288 0.006376 0.719946
4 4 0.068998 0.165608 0.136308 0.001805 0.627280
4 4 0.066591 0.226442 0.117858 0.000285 0.588824
4 4 0.047193 0.253473 0.156092 0.000201 0.543041
4 4 0.034891 0.280853 0.318826 0.000633 0.364798
4 4 0.071398 0.239680 0.186556 0.001094 0.501273
4 4 0.085838 0.128563 0.123771 0.006252 0.655576
4 4 0.084074 0.072712 0.049427 0.003806 0.789982
4 4 0.090131 0.079229 0.048264 0.002864 0.779512
4 4 0.097208 0.101440 0.046638 0.001071 0.753643
4 4 0.092632 0.135183 0.051803 0.000398 0.719983
4 4 0.101884 0.106368 0.037283 0.000484 0.753981
4 4 0.082693 0.103318 0.096079 0.006585 0.711324
4 4 0.049506 0.155911 0.088032 0.000290 0.706261
4 4 0.056077 0.186023 0.126648 0.000560 0.630692
4 4 0.042869 0.254517 0.211851 0.000416 0.490347
4 4 0.041441 0.271466 0.217207 0.000319 0.469568
4 4 0.028277 0.282623 0.319673 0.000394 0.369033
4 1 0.051525 0.314745 0.262046 0.000444 0.371239
4 1 0.070017 0.332430 0.241914 0.000503 0.355136
4 1 0.125344 0.339383 0.157240 0.000386 0.377647
1 0 0.236210 0.327267 0.120548 0.000712 0.315263
1 1 0.257459 0.346511 0.167643 0.001813 0.226574
1 0 0.266624 0.361115 0.204979 0.002899 0.164384
1 0 0.185444 0.362959 0.308907 0.004869 0.137821
1 1 0.209309 0.358534 0.259006 0.003923 0.169228
1 1 0.190207 0.366483 0.299259 0.004430 0.139622
1 1 0.148975 0.367246 0.365809 0.004790 0.113180
2 1 0.136170 0.369367 0.384193 0.004439 0.105830
2 1 0.131272 0.365782 0.409349 0.005072 0.088524
2 1 0.167722 0.371420 0.373230 0.005766 0.081861
1 1 0.169535 0.370453 0.369713 0.005838 0.084462
1 1 0.193691 0.375137 0.339731 0.005550 0.085891
2 1 0.083479 0.311123 0.461541 0.006929 0.136927
2 1 0.074498 0.299916 0.500795 0.008138 0.116652
2 1 0.051961 0.266514 0.591020 0.010360 0.080145
2 1 0.049805 0.253795 0.626553 0.013263 0.056583
2 1 0.071392 0.274222 0.586090 0.015686 0.052610
2 1 0.103178 0.309669 0.511460 0.012916 0.062777
2 1 0.111077 0.305668 0.517858 0.015814 0.049583
2 1 0.176259 0.341350 0.407694 0.012087 0.062610
2 1 0.175522 0.348119 0.396132 0.010191 0.070036
2 0 0.147317 0.344490 0.409947 0.008766 0.089480
2 1 0.099849 0.321785 0.492703 0.009289 0.076375
2 1 0.084917 0.315053 0.513595 0.008360 0.078076
2 1 0.075730 0.314298 0.508464 0.006708 0.094799
2 1 0.058383 0.282816 0.568895 0.008853 0.081052
2 1 0.056542 0.280736 0.572400 0.008749 0.081573
2 1 0.039779 0.255756 0.620604 0.008195 0.075666
2 2 0.019552 0.199979 0.709842 0.008499 0.062128
2 2 0.008133 0.132968 0.814676 0.011969 0.032254
2 2 0.003509 0.095315 0.867974 0.010704 0.022498
2 2 0.001400 0.059183 0.918257 0.009836 0.011324
2 2 0.004536 0.100227 0.861586 0.013549 0.020102
2 2 0.005043 0.103477 0.860001 0.014329 0.017150
2 2 0.003564 0.087335 0.880957 0.013697 0.014447
2 2 0.001977 0.063317 0.911910 0.013515 0.009281
2 2 0.004037 0.098012 0.867018 0.012070 0.018863
2 2 0.003238 0.084070 0.882249 0.013384 0.017060
2 2 0.001208 0.049473 0.927753 0.012721 0.008845
2 2 0.000811 0.039129 0.940160 0.013022 0.006878
2 2 0.000548 0.032852 0.950067 0.011295 0.005238
2 2 0.000462 0.027654 0.953792 0.013740 0.004351
2 2 0.001110 0.033463 0.931939 0.029926 0.003562
2 2 0.005491 0.065678 0.869902 0.052639 0.006290
2 0 0.050069 0.170994 0.681873 0.076669 0.020395
2 0 0.080091 0.210642 0.619847 0.066388 0.023032
2 1 0.180621 0.289437 0.464723 0.035826 0.029393
2 1 0.214702 0.323884 0.407369 0.020249 0.033795
2 1 0.171431 0.339231 0.428150 0.012904 0.048284
2 2 0.085998 0.289006 0.568803 0.015442 0.040751
2 2 0.057337 0.259807 0.630897 0.014750 0.037208
2 2 0.036778 0.215414 0.704301 0.018081 0.025426
2 1 0.093897 0.301373 0.533109 0.013503 0.058118
2 0 0.027372 0.182914 0.739382 0.024640 0.025692
2 1 0.009600 0.121483 0.830644 0.023153 0.015119
2 1 0.002018 0.067383 0.907241 0.011899 0.011459
2 2 0.000937 0.042246 0.936071 0.013223 0.007523
2 2 0.000417 0.025334 0.955669 0.014773 0.003807
2 2 0.000364 0.021085 0.956679 0.019109 0.002763
2 2 0.000736 0.029754 0.943040 0.022517 0.003953
2 2 0.001036 0.036689 0.934378 0.022111 0.005787
2 2 0.000624 0.025765 0.944119 0.025779 0.003713
2 2 0.000596 0.022817 0.940817 0.032671 0.003099
2 2 0.000784 0.026344 0.935680 0.033741 0.003451
2 2 0.000938 0.029261 0.931362 0.034069 0.004369
2 2 0.001000 0.029050 0.928596 0.037558 0.003796
2 2 0.001162 0.033978 0.928709 0.031536 0.004615
2 2 0.001184 0.037188 0.931016 0.025643 0.004969
2 2 0.000884 0.030991 0.937892 0.026434 0.003798
2 2 0.000550 0.021931 0.943920 0.031296 0.002303
2 2 0.000665 0.021482 0.931703 0.043716 0.002433
2 2 0.000893 0.021599 0.910345 0.064824 0.002339
2 2 0.000731 0.011874 0.777050 0.207914 0.002431
2 2 0.000901 0.010383 0.669545 0.316957 0.002214
2 2 0.002473 0.015029 0.573591 0.405724 0.003183
2 2 0.004657 0.028748 0.708337 0.253579 0.004678
2 2 0.004392 0.028819 0.724894 0.237599 0.004296
2 2 0.004440 0.029547 0.731133 0.230439 0.004441
2 2 0.002069 0.015728 0.664110 0.316149 0.001943
2 2 0.002579 0.018221 0.666809 0.309655 0.002735
2 2 0.001394 0.012433 0.645331 0.338638 0.002204
2 2 0.001131 0.008543 0.529659 0.459140 0.001527
2 2 0.001168 0.009578 0.570095 0.417260 0.001899
3 2 0.001712 0.009264 0.453567 0.533333 0.002124
3 2 0.003156 0.010454 0.355914 0.627512 0.002963
3 2 0.003606 0.007883 0.240083 0.746065 0.002362
3 2 0.004294 0.007676 0.206363 0.779372 0.002295
3 2 0.001760 0.004273 0.188760 0.803887 0.001321
3 2 0.001975 0.004028 0.160613 0.832072 0.001313
3 3 0.001546 0.003598 0.165766 0.827877 0.001211
3 2 0.001541 0.003208 0.144765 0.849454 0.001032
3 2 0.002213 0.003928 0.145446 0.847306 0.001106
3 2 0.001692 0.002633 0.102792 0.892015 0.000868
3 2 0.001378 0.001793 0.074213 0.922134 0.000482
3 2 0.001721 0.002131 0.079349 0.916262 0.000537
3 3 0.002022 0.002442 0.083642 0.911268 0.000627
3 3 0.001559 0.002069 0.081765 0.914053 0.000554
3 2 0.001538 0.002402 0.098874 0.896438 0.000748
3 3 0.001604 0.002172 0.084917 0.910706 0.000601
3 3 0.001335 0.002020 0.090651 0.905489 0.000505
3 3 0.001697 0.002403 0.094042 0.901233 0.000625
3 3 0.001628 0.002424 0.095460 0.899724 0.000764
3 3 0.001451 0.002106 0.087184 0.908629 0.000630
3 3 0.001186 0.001670 0.074646 0.921994 0.000504
3 3 0.002026 0.002793 0.097557 0.896772 0.000851
3 3 0.001995 0.002760 0.097531 0.896892 0.000822
3 3 0.002183 0.003194 0.110566 0.883107 0.000951
3 3 0.002402 0.003519 0.117496 0.875577 0.001005
3 3 0.001278 0.002000 0.092387 0.903824 0.000510
3 3 0.001792 0.002655 0.103666 0.891221 0.000666
3 3 0.001260 0.001893 0.088661 0.907765 0.000421
3 3 0.001316 0.001856 0.081920 0.914450 0.000458
3 3 0.002590 0.004918 0.167668 0.823135 0.001689
3 3 0.000970 0.001793 0.095523 0.901127 0.000588
3 3 0.001159 0.001680 0.074381 0.922168 0.000612
3 3 0.000882 0.001323 0.065272 0.931961 0.000562
3 3 0.000533 0.000836 0.050495 0.947698 0.000437
3 3 0.000947 0.001377 0.062748 0.934193 0.000736
3 3 0.000575 0.000860 0.050000 0.948149 0.000417
3 3 0.000818 0.001119 0.054754 0.942818 0.000491
3 3 0.001051 0.001297 0.054570 0.942500 0.000582
3 3 0.000644 0.000964 0.051712 0.946116 0.000565
3 3 0.000288 0.000600 0.050692 0.948020 0.000401
3 3 0.000460 0.000830 0.054388 0.943777 0.000544
3 3 0.000808 0.001244 0.063827 0.933565 0.000556
3 3 0.001741 0.002138 0.075962 0.919472 0.000687
3 3 0.001771 0.002115 0.074731 0.920754 0.000628
3 3 0.001460 0.001903 0.075080 0.920965 0.000591
3 3 0.002808 0.003120 0.086840 0.906256 0.000975
3 3 0.002469 0.002679 0.077189 0.916750 0.000913
3 3 0.001912 0.002137 0.068644 0.926507 0.000799
3 3 0.001178 0.001284 0.050252 0.946794 0.000491
3 3 0.000738 0.001353 0.073582 0.923516 0.000811
3 3 0.000856 0.001300 0.065054 0.932225 0.000566
3 3 0.000872 0.001534 0.079563 0.917316 0.000715
3 3 0.000841 0.001581 0.085216 0.911619 0.000743
3 3 0.000799 0.001545 0.085374 0.911514 0.000767
3 3 0.000906 0.001691 0.085502 0.910952 0.000948
3 3 0.000861 0.001636 0.082472 0.913908 0.001123
3 3 0.000451 0.000874 0.057909 0.940101 0.000666
3 3 0.000599 0.000996 0.057112 0.940689 0.000603
3 3 0.000482 0.000823 0.053301 0.944947 0.000447
3 3 0.000623 0.000993 0.056367 0.941490 0.000527
3 3 0.000663 0.001036 0.056773 0.940981 0.000547
3 3 0.000749 0.001174 0.060992 0.936459 0.000626
3 3 0.000960 0.001537 0.073074 0.923669 0.000759
3 3 0.000777 0.001344 0.071942 0.925259 0.000678
3 3 0.001197 0.001575 0.066505 0.930160 0.000563
3 3 0.001829 0.002367 0.082381 0.912571 0.000852
3 3 0.003601 0.003864 0.094954 0.896369 0.001212
3 3 0.003081 0.003097 0.079096 0.913711 0.001016
3 3 0.001434 0.001792 0.067865 0.928226 0.000683
3 3 0.000992 0.001740 0.081805 0.914424 0.001039
3 3 0.001412 0.001897 0.073932 0.922012 0.000748
3 3 0.002012 0.003089 0.113503 0.880513 0.000883
3 3 0.006193 0.009123 0.206830 0.776233 0.001620
2 3 0.009130 0.031811 0.597172 0.359297 0.002589
2 2 0.013655 0.049451 0.674918 0.259196 0.002779
2 1 0.121474 0.167024 0.532439 0.166737 0.012325
2 1 0.241289 0.242111 0.402998 0.087269 0.026332
2 1 0.148016 0.214035 0.509855 0.107290 0.020804
2 1 0.151271 0.247376 0.513332 0.066592 0.021429
2 1 0.174233 0.261125 0.488095 0.057294 0.019253
2 1 0.226852 0.311219 0.407707 0.026349 0.027873
2 1 0.200526 0.298174 0.437301 0.032391 0.031608
2 1 0.233526 0.303040 0.398000 0.031088 0.034347
2 2 0.130500 0.261678 0.535440 0.045222 0.027161
2 2 0.117297 0.255377 0.561845 0.044348 0.021132
2 0 0.127706 0.272021 0.538521 0.035995 0.025758
2 1 0.080981 0.239040 0.613269 0.039179 0.027531
2 2 0.017861 0.116310 0.790980 0.061598 0.013249
2 1 0.012970 0.101209 0.815292 0.057978 0.012551
2 1 0.024156 0.164870 0.748720 0.033298 0.028955
2 1 0.045415 0.213300 0.677531 0.028682 0.035072
2 1 0.057393 0.242012 0.631682 0.022176 0.046737
2 2 0.040975 0.204618 0.685882 0.029924 0.038600
2 1 0.055094 0.243485 0.632732 0.020028 0.048662
2 1 0.062351 0.258035 0.618097 0.017818 0.043698
2 1 0.054073 0.248635 0.642634 0.017106 0.037553
2 2 0.027662 0.183007 0.742206 0.024603 0.022522
2 2 0.041641 0.224465 0.682237 0.018707 0.032951
2 2 0.037257 0.214905 0.694875 0.019356 0.033607
2 2 0.067627 0.279099 0.579655 0.012823 0.060797
2 1 0.052084 0.261468 0.610349 0.011991 0.064107
2 1 0.051915 0.255601 0.626487 0.013734 0.052264
2 2 0.095593 0.302607 0.519858 0.013222 0.068720
2 1 0.142124 0.324895 0.445285 0.013502 0.074193
2 1 0.092308 0.290158 0.525762 0.015985 0.075785
2 1 0.104849 0.287300 0.536554 0.021225 0.050073
2 1 0.121306 0.288438 0.528212 0.025044 0.036999
2 1 0.230030 0.334290 0.371850 0.016276 0.047554
2 1 0.196867 0.320367 0.415729 0.020583 0.046454
1 1 0.212861 0.371547 0.348282 0.007065 0.060244
1 1 0.267142 0.376304 0.289508 0.005874 0.061172
1 1 0.276626 0.367542 0.294105 0.007257 0.054470
1 1 0.272320 0.365292 0.301517 0.007801 0.053070
1 1 0.243865 0.366907 0.331354 0.008111 0.049763
2 0 0.180973 0.362374 0.393672 0.008240 0.054743
1 1 0.218468 0.362775 0.355169 0.008738 0.054849
2 1 0.137546 0.339756 0.464022 0.010397 0.048280
2 1 0.113808 0.341698 0.471158 0.007649 0.065687
2 1 0.086998 0.331532 0.505468 0.006342 0.069660
2 1 0.067430 0.312153 0.552660 0.006353 0.061403
2 1 0.082699 0.318435 0.536229 0.007890 0.054746
2 1 0.116361 0.317003 0.507483 0.013430 0.045724
2 1 0.200055 0.310059 0.404103 0.024409 0.061374
0 0 0.373381 0.281963 0.221212 0.022510 0.100934
2 1 0.264215 0.283293 0.287549 0.027207 0.137737
2 1 0.148572 0.313728 0.394834 0.013599 0.129268
2 1 0.123548 0.337732 0.397504 0.006603 0.134612
2 1 0.118355 0.345146 0.451084 0.007181 0.078234
2 1 0.094188 0.329982 0.467886 0.006566 0.101377
1 1 0.172295 0.385119 0.335760 0.003824 0.103002
2 1 0.161070 0.374563 0.383255 0.005430 0.075683
2 1 0.154215 0.371632 0.397214 0.005693 0.071246
2 1 0.121144 0.351076 0.456405 0.006879 0.064496
2 1 0.146247 0.353318 0.432787 0.008226 0.059422
2 1 0.162612 0.350041 0.428777 0.009959 0.048611
2 1 0.168218 0.343093 0.433719 0.011885 0.043085
2 1 0.187035 0.318012 0.418924 0.020519 0.055510
2 0 0.245990 0.296759 0.357467 0.032101 0.067682
0 0 0.394257 0.277145 0.190324 0.017407 0.120867
1 0 0.286795 0.297101 0.231142 0.013157 0.171806
1 1 0.274856 0.325630 0.196712 0.004658 0.198143
1 1 0.329469 0.347562 0.191775 0.004123 0.127071
1 1 0.353515 0.366256 0.196952 0.003611 0.079665
0 1 0.428658 0.342634 0.169420 0.004137 0.055151
0 1 0.521209 0.304343 0.123946 0.003742 0.046760
0 1 0.464257 0.316903 0.163748 0.006187 0.048905
0 1 0.453585 0.315425 0.173723 0.007378 0.049889
0 1 0.463102 0.318677 0.163026 0.005914 0.049281
0 1 0.506546 0.310557 0.128239 0.003662 0.050997
1 1 0.278988 0.297747 0.267209 0.018819 0.137236
1 0 0.219299 0.334347 0.332418 0.012291 0.101645
1 0 0.259712 0.347979 0.301585 0.009939 0.080785
1 1 0.311965 0.344370 0.262436 0.009454 0.071775
0 1 0.459746 0.288547 0.159517 0.009987 0.082203
0 0 0.585726 0.221839 0.110883 0.016546 0.065006
0 0 0.650416 0.185701 0.093405 0.024962 0.045516
0 0 0.787115 0.127447 0.039278 0.011631 0.034529
0 0 0.843103 0.102109 0.025269 0.007853 0.021667
0 0 0.867212 0.091349 0.018050 0.004437 0.018952
0 0 0.895092 0.076195 0.011634 0.002403 0.014675
0 0 0.871989 0.089331 0.015468 0.003006 0.020205
0 0 0.871041 0.088454 0.016639 0.003920 0.019945
0 0 0.895813 0.076101 0.011132 0.002105 0.014849
0 0 0.857502 0.097646 0.017066 0.002800 0.024986
0 0 0.785809 0.131825 0.030894 0.004758 0.046714
0 0 0.830282 0.109395 0.026892 0.007082 0.026349
0 0 0.864797 0.090123 0.021273 0.007819 0.015988
0 0 0.864626 0.089653 0.021728 0.008531 0.015463
0 0 0.892015 0.073352 0.016575 0.008485 0.009575
0 0 0.810324 0.117234 0.033462 0.010280 0.028700
0 0 0.856148 0.094523 0.020783 0.005888 0.022658
0 0 0.868244 0.076425 0.019410 0.011078 0.024843
0 0 0.914108 0.050643 0.009780 0.007009 0.018459
0 0 0.926905 0.046420 0.007345 0.004118 0.015212
0 0 0.920342 0.054595 0.009200 0.004425 0.011438
0 0 0.892570 0.077502 0.012880 0.003084 0.013963
0 0 0.769577 0.130927 0.047642 0.018465 0.033389
0 0 0.705573 0.172285 0.055004 0.007718 0.059420
0 0 0.502505 0.276104 0.113608 0.005071 0.102712
0 0 0.515518 0.271642 0.093728 0.003134 0.115978
0 0 0.435813 0.293264 0.143265 0.006350 0.121308
0 0 0.642503 0.188423 0.070775 0.010600 0.087699
0 0 0.728950 0.153664 0.048042 0.009137 0.060207
0 0 0.805175 0.117894 0.036386 0.012947 0.027599
0 0 0.840017 0.101715 0.027691 0.010574 0.020003
0 0 0.865968 0.090244 0.020391 0.006823 0.016574
0 0 0.863659 0.092063 0.018655 0.004729 0.020895
0 0 0.868351 0.086985 0.017207 0.004607 0.022851
0 0 0.846781 0.094519 0.019916 0.005007 0.033776
0 0 0.883694 0.075313 0.015816 0.006403 0.018774
0 0 0.866172 0.082172 0.020420 0.009799 0.021437
0 0 0.807576 0.116227 0.028791 0.006539 0.040867
0 0 0.779196 0.134321 0.034064 0.005922 0.046496
0 0 0.753857 0.145002 0.038159 0.005902 0.057080
0 0 0.802212 0.124634 0.027161 0.004104 0.041889
0 0 0.818966 0.115898 0.027377 0.005819 0.031940
0 0 0.857715 0.096169 0.020256 0.005108 0.020752
0 0 0.871917 0.087634 0.018593 0.005796 0.016059
0 0 0.873685 0.088578 0.015412 0.003085 0.019240
0 0 0.782433 0.133252 0.026335 0.002734 0.055247
0 0 0.719435 0.155594 0.029832 0.001889 0.093251
0 0 0.623201 0.186513 0.050193 0.003684 0.136409
0 0 0.703037 0.164057 0.046417 0.005932 0.080557
0 0 0.746630 0.147746 0.040404 0.006451 0.058769
0 0 0.812630 0.119973 0.023955 0.003285 0.040157
0 0 0.832948 0.094839 0.022400 0.006903 0.042911
0 0 0.878517 0.063214 0.012294 0.005569 0.040407
0 0 0.914441 0.048347 0.007169 0.003141 0.026903
0 0 0.944474 0.036954 0.004189 0.001778 0.012604
0 0 0.785507 0.128476 0.039251 0.011202 0.035563
0 0 0.840109 0.102295 0.027173 0.009744 0.020679
0 0 0.845297 0.101536 0.024193 0.007032 0.021941
0 0 0.880042 0.084101 0.015919 0.004248 0.015691
0 0 0.908171 0.066707 0.009788 0.002408 0.012925
0 0 0.935368 0.048083 0.005577 0.001557 0.009415
0 0 0.900365 0.064409 0.010972 0.003846 0.020409
0 0 0.863538 0.082943 0.016458 0.004733 0.032328
0 0 0.861860 0.085159 0.015135 0.003269 0.034576
0 0 0.852651 0.092515 0.015673 0.002593 0.036569
0 0 0.858464 0.093765 0.014754 0.002069 0.030948
0 0 0.860918 0.090943 0.017726 0.004179 0.026235
0 0 0.916373 0.058381 0.008544 0.002672 0.014029
0 0 0.916449 0.054580 0.008760 0.003738 0.016472
0 0 0.934797 0.043460 0.005968 0.002823 0.012952
0 0 0.929985 0.042889 0.006585 0.003987 0.016554
0 0 0.938670 0.038544 0.005736 0.003999 0.013052
0 0 0.915268 0.052616 0.008454 0.003828 0.019834
0 0 0.854520 0.086106 0.021078 0.008751 0.029544
0 0 0.844090 0.101683 0.022352 0.005419 0.026456
0 0 0.793923 0.109321 0.029653 0.008754 0.058349
0 0 0.842854 0.088492 0.022942 0.009979 0.035734
0 0 0.871300 0.074702 0.017884 0.009401 0.026713
0 0 0.878135 0.069430 0.016271 0.009409 0.026756
0 0 0.915254 0.052644 0.008672 0.004140 0.019289
0 0 0.900597 0.053767 0.009367 0.004669 0.031601
0 0 0.874044 0.064558 0.011876 0.004552 0.044970
0 0 0.840757 0.081565 0.016499 0.004793 0.056385
0 0 0.770360 0.117008 0.030367 0.006833 0.075432
0 0 0.797561 0.120962 0.024707 0.003370 0.053400
0 0 0.717490 0.145753 0.043378 0.007853 0.085526
0 0 0.684299 0.152151 0.049249 0.009063 0.105237
0 0 0.672188 0.143136 0.045477 0.008624 0.130575
0 0 0.686552 0.141062 0.039574 0.006129 0.126684
0 0 0.736529 0.134312 0.029325 0.003297 0.096537
0 0 0.705629 0.143544 0.032837 0.003355 0.114635
0 0 0.780821 0.130266 0.021977 0.001680 0.065256
0 0 0.810888 0.120798 0.023651 0.003060 0.041604
0 0 0.828348 0.112466 0.021654 0.003191 0.034341
0 1 0.823666 0.114756 0.020303 0.002381 0.038893
0 1 0.541488 0.255284 0.128440 0.011560 0.063229
0 0 0.650499 0.210628 0.090734 0.011657 0.036482
0 0 0.766215 0.155328 0.045129 0.006335 0.026993
0 0 0.696965 0.186355 0.070062 0.010216 0.036402
0 0 0.829449 0.111078 0.024736 0.005113 0.029624
0 0 0.792267 0.126930 0.035532 0.008716 0.036554
0 0 0.770838 0.133167 0.044786 0.014251 0.036958
0 0 0.667954 0.162059 0.087998 0.034262 0.047728
0 0 0.745188 0.145541 0.048573 0.012196 0.048502
0 0 0.722741 0.156469 0.047489 0.008077 0.065223
0 1 0.578754 0.225571 0.081679 0.006083 0.107913
0 1 0.376262 0.315610 0.153079 0.004289 0.150760
1 1 0.289539 0.351181 0.208307 0.004064 0.146909
1 1 0.331762 0.337077 0.179626 0.004048 0.147487
0 1 0.341189 0.322913 0.181764 0.005514 0.148619
0 0 0.418361 0.289514 0.155809 0.008314 0.128002
0 1 0.460721 0.272719 0.160450 0.013836 0.092274
0 0 0.640379 0.214978 0.075376 0.006321 0.062946
0 0 0.659036 0.208861 0.067895 0.005342 0.058866
0 0 0.640387 0.214468 0.075890 0.006536 0.062719
0 0 0.785396 0.101850 0.025051 0.006607 0.081096
0 0 0.826518 0.088763 0.020077 0.006198 0.058444
0 0 0.810280 0.081764 0.019325 0.007244 0.081386
0 0 0.845982 0.066439 0.015112 0.008122 0.064345
0 0 0.853317 0.056501 0.012773 0.009104 0.068304
0 0 0.872384 0.052766 0.010550 0.006800 0.057499
0 0 0.910042 0.046466 0.007609 0.004361 0.031522
0 0 0.917322 0.047041 0.007719 0.004443 0.023475
0 0 0.918215 0.048543 0.008028 0.004469 0.020745
0 0 0.918391 0.048508 0.007849 0.004175 0.021076
0 0 0.900474 0.055440 0.011021 0.006934 0.026131
0 0 0.882445 0.072888 0.013493 0.004370 0.026805
0 0 0.806399 0.117802 0.029036 0.006359 0.040404
0 0 0.785796 0.130591 0.035337 0.007544 0.040731
0 0 0.767986 0.137252 0.041344 0.009762 0.043657
0 0 0.810410 0.119819 0.029367 0.006249 0.034154
0 0 0.848277 0.100916 0.022370 0.005662 0.022775
0 0 0.933125 0.052240 0.006510 0.001843 0.006283
0 0 0.948245 0.041189 0.004313 0.001317 0.004936
0 0 0.961151 0.031823 0.002796 0.000950 0.003280
0 0 0.874488 0.083743 0.016991 0.005213 0.019566
0 0 0.846999 0.096291 0.024222 0.008684 0.023804
0 0 0.802911 0.114092 0.029236 0.007276 0.046485
0 0 0.764617 0.130941 0.033427 0.005913 0.065102
0 0 0.645524 0.153713 0.045534 0.006097 0.149131
0 0 0.639581 0.145870 0.044095 0.006630 0.163824
0 0 0.635989 0.132560 0.049581 0.013730 0.168140
0 0 0.843265 0.082881 0.021854 0.011018 0.040983
0 0 0.882174 0.072259 0.015212 0.006598 0.023756
0 0 0.842045 0.098272 0.020966 0.005010 0.033706
0 0 0.790290 0.129582 0.031500 0.005469 0.043159
0 0 0.797113 0.126758 0.029205 0.004772 0.042152
0 0 0.808856 0.121409 0.026984 0.004526 0.038225
0 0 0.745701 0.142635 0.033993 0.004269 0.073402
0 0 0.740600 0.140466 0.036143 0.005419 0.077372
0 0 0.860061 0.088653 0.016555 0.003701 0.031029
0 0 0.870677 0.083585 0.016877 0.005079 0.023782
0 0 0.872742 0.086214 0.016288 0.004059 0.020697
0 0 0.858893 0.096985 0.016438 0.002563 0.025121
0 0 0.848942 0.102195 0.017954 0.002696 0.028213
0 0 0.803434 0.122801 0.031351 0.006862 0.035552
0 0 0.847434 0.099777 0.024469 0.007845 0.020474
0 0 0.863929 0.091844 0.020309 0.006258 0.017660
0 0 0.870454 0.087380 0.019844 0.007178 0.015144
0 0 0.866624 0.089067 0.020945 0.007831 0.015533
0 0 0.826868 0.108092 0.030823 0.011336 0.022881
0 0 0.794940 0.125314 0.035617 0.009294 0.034834
0 0 0.813021 0.117335 0.031107 0.008187 0.030350
0 0 0.859540 0.094712 0.020577 0.005724 0.019447
0 0 0.899079 0.072757 0.012888 0.004018 0.011258
0 0 0.934762 0.051313 0.006081 0.001600 0.006244
0 0 0.940526 0.046632 0.005993 0.002255 0.004594
0 0 0.914896 0.063967 0.009296 0.002460 0.009381
0 0 0.793845 0.128123 0.030299 0.005100 0.042633
0 0 0.769349 0.138695 0.028405 0.002875 0.060676
0 0 0.544737 0.237313 0.094763 0.007023 0.116163
