0 0 0.968227 0.021477 0.001417 0.003435 0.005444
0 0 0.902576 0.077948 0.008843 0.003021 0.007612
0 0 0.955221 0.033395 0.002566 0.003068 0.005750
0 0 0.958737 0.025553 0.002134 0.005271 0.008305
0 0 0.963953 0.024442 0.001760 0.003736 0.006108
0 0 0.977169 0.014860 0.000791 0.002953 0.004228
0 0 0.978265 0.012903 0.000688 0.003494 0.004649
0 0 0.944824 0.036917 0.003626 0.005249 0.009384
0 0 0.986235 0.007944 0.000306 0.002522 0.002995
0 0 0.871083 0.098897 0.014491 0.004313 0.011215
0 0 0.874264 0.096162 0.013960 0.004375 0.011238
0 0 0.963806 0.027536 0.001785 0.002440 0.004433
0 0 0.969534 0.021410 0.001333 0.002947 0.004776
0 0 0.923145 0.060952 0.006089 0.002957 0.006857
0 0 0.902824 0.076651 0.008953 0.003337 0.008236
0 0 0.946523 0.042396 0.003358 0.002492 0.005231
0 0 0.942160 0.045917 0.003818 0.002575 0.005529
0 0 0.932685 0.052212 0.004988 0.003188 0.006927
0 0 0.954213 0.034347 0.002661 0.003032 0.005747
0 0 0.890180 0.090925 0.010113 0.002330 0.006452
0 0 0.942775 0.040453 0.004163 0.004606 0.008003
0 0 0.954467 0.031673 0.002638 0.004061 0.007162
0 0 0.979216 0.013473 0.000672 0.002768 0.003872
0 0 0.945145 0.043259 0.003516 0.002607 0.005473
0 0 0.888105 0.090426 0.010790 0.002859 0.007820
0 0 0.970129 0.022300 0.001294 0.002321 0.003956
0 0 0.935064 0.045196 0.004816 0.005102 0.009822
0 0 0.973503 0.017991 0.001040 0.002955 0.004512
0 0 0.953511 0.034328 0.002738 0.003281 0.006143
0 0 0.966443 0.022685 0.001556 0.003576 0.005739
0 0 0.959157 0.028295 0.002191 0.003818 0.006540
0 0 0.973446 0.017318 0.001027 0.003308 0.004902
0 0 0.960145 0.025593 0.002047 0.004690 0.007525
0 0 0.975138 0.016674 0.000928 0.002913 0.004346
0 0 0.974681 0.015952 0.000929 0.003471 0.004967
0 0 0.972844 0.018146 0.001078 0.003152 0.004780
0 0 0.981443 0.011153 0.000528 0.002993 0.003882
0 0 0.972141 0.018682 0.001128 0.003182 0.004867
0 0 0.975268 0.014388 0.000848 0.004041 0.005455
0 0 0.980083 0.011097 0.000565 0.003660 0.004596
0 0 0.962958 0.025692 0.001855 0.003548 0.005947
0 0 0.970987 0.020391 0.001226 0.002841 0.004554
0 0 0.930897 0.049589 0.005349 0.004702 0.009463
0 0 0.972027 0.017931 0.001113 0.003600 0.005329
0 0 0.971974 0.016987 0.001082 0.004107 0.005850
0 0 0.974250 0.015333 0.000924 0.003985 0.005508
0 0 0.966675 0.021095 0.001495 0.004252 0.006484
0 0 0.966052 0.021858 0.001556 0.004131 0.006404
0 0 0.970408 0.018017 0.001192 0.004245 0.006138
0 0 0.972131 0.016066 0.001036 0.004529 0.006238
0 0 0.922536 0.058976 0.006358 0.003780 0.008350
0 0 0.893592 0.085020 0.010197 0.003121 0.008071
0 0 0.881088 0.094792 0.012198 0.003246 0.008676
0 0 0.818988 0.143898 0.023492 0.003320 0.010303
0 0 0.794459 0.171804 0.022600 0.001708 0.009430
0 0 0.745406 0.213883 0.028939 0.001377 0.010395
0 0 0.584878 0.352193 0.045884 0.001126 0.015920
0 0 0.805622 0.156653 0.025207 0.002845 0.009673
0 0 0.686534 0.261375 0.036648 0.001199 0.014243
0 0 0.788434 0.171405 0.028485 0.002634 0.009042
0 0 0.966334 0.024894 0.001586 0.002627 0.004560
0 0 0.984000 0.010378 0.000428 0.002236 0.002959
0 0 0.985638 0.009280 0.000354 0.002064 0.002664
0 0 0.952049 0.035219 0.002886 0.003422 0.006423
0 0 0.967833 0.022633 0.001463 0.003054 0.005016
0 0 0.927913 0.044372 0.007661 0.009188 0.010865
0 0 0.960548 0.028972 0.002076 0.003012 0.005392
0 0 0.966978 0.023588 0.001533 0.002954 0.004946
0 0 0.980288 0.014474 0.000637 0.001820 0.002781
0 0 0.978670 0.015982 0.000730 0.001787 0.002832
0 0 0.970867 0.021737 0.001240 0.002285 0.003870
0 0 0.980731 0.013451 0.000607 0.002121 0.003089
0 0 0.981139 0.012799 0.000580 0.002268 0.003214
0 0 0.982581 0.011230 0.000494 0.002432 0.003263
0 0 0.988086 0.007781 0.000258 0.001722 0.002153
0 0 0.988233 0.007456 0.000248 0.001829 0.002234
0 0 0.990879 0.005498 0.000155 0.001635 0.001833
0 0 0.971828 0.019943 0.001168 0.002714 0.004348
0 0 0.917730 0.066809 0.006615 0.002566 0.006280
0 0 0.974376 0.015523 0.000927 0.003828 0.005347
0 0 0.872053 0.097060 0.014457 0.004620 0.011810
0 0 0.811641 0.146323 0.025908 0.003994 0.012134
0 0 0.649850 0.252051 0.084394 0.003778 0.009927
0 0 0.617596 0.316376 0.058590 0.001111 0.006328
1 0 0.386583 0.507517 0.097362 0.000399 0.008139
1 0 0.433673 0.467501 0.091279 0.000509 0.007038
1 0 0.353111 0.504693 0.132541 0.000664 0.008990
0 0 0.497803 0.411627 0.080959 0.000780 0.008831
1 0 0.231641 0.634259 0.126248 0.000270 0.007582
1 0 0.196279 0.684039 0.111328 0.000210 0.008144
1 0 0.414980 0.477877 0.096321 0.000562 0.010260
1 0 0.286019 0.603608 0.103396 0.000250 0.006727
1 0 0.107977 0.734852 0.147153 0.000217 0.009802
1 0 0.299609 0.558676 0.132320 0.000472 0.008923
0 0 0.552035 0.353953 0.084987 0.001479 0.007546
1 0 0.215419 0.661823 0.109470 0.000539 0.012749
1 0 0.161144 0.706440 0.120303 0.000517 0.011597
1 0 0.110211 0.725525 0.155594 0.000223 0.008447
0 0 0.507559 0.395755 0.087567 0.001020 0.008100
0 0 0.731429 0.198332 0.047220 0.005514 0.017506
0 0 0.936768 0.044751 0.004609 0.004716 0.009156
0 0 0.881255 0.092744 0.012479 0.003763 0.009760
0 0 0.923218 0.055759 0.006372 0.004736 0.009915
0 0 0.933733 0.050952 0.004886 0.003320 0.007109
0 0 0.936665 0.049471 0.004489 0.002971 0.006404
0 0 0.942282 0.044562 0.003877 0.003018 0.006260
0 0 0.895563 0.081488 0.010166 0.003667 0.009116
0 0 0.938559 0.045851 0.004362 0.003705 0.007523
0 0 0.899038 0.079802 0.009499 0.003328 0.008334
0 0 0.920628 0.060577 0.006609 0.003772 0.008414
0 0 0.876917 0.101565 0.012143 0.002427 0.006948
0 0 0.864061 0.114175 0.013551 0.002017 0.006195
0 0 0.887626 0.081444 0.012002 0.005689 0.013240
0 0 0.888384 0.082186 0.017746 0.005097 0.006587
0 0 0.943068 0.044131 0.003781 0.002932 0.006088
0 0 0.925466 0.057669 0.005909 0.003394 0.007562
0 0 0.931578 0.054492 0.005017 0.002737 0.006176
0 0 0.958822 0.031509 0.002214 0.002584 0.004872
0 0 0.937286 0.050517 0.004302 0.002439 0.005456
0 0 0.896573 0.085035 0.009332 0.002462 0.006599
0 0 0.963163 0.029845 0.001777 0.001760 0.003455
0 0 0.916097 0.071385 0.006269 0.001705 0.004544
0 0 0.936838 0.048676 0.004507 0.003199 0.006780
0 0 0.975390 0.018695 0.000929 0.001876 0.003110
0 0 0.962260 0.028139 0.001923 0.002744 0.004933
0 0 0.985544 0.009813 0.000367 0.001828 0.002448
0 0 0.986476 0.009051 0.000325 0.001798 0.002349
0 0 0.981410 0.013387 0.000575 0.001864 0.002764
0 0 0.973935 0.019618 0.001026 0.002034 0.003387
0 0 0.983313 0.011638 0.000474 0.001898 0.002677
0 0 0.988751 0.007220 0.000232 0.001710 0.002087
0 0 0.984458 0.010486 0.000415 0.001971 0.002669
0 0 0.989561 0.006263 0.000195 0.001852 0.002129
0 0 0.987163 0.008504 0.000296 0.001769 0.002269
0 0 0.988221 0.007649 0.000252 0.001730 0.002149
0 0 0.981771 0.013948 0.000557 0.001454 0.002270
0 0 0.986254 0.009767 0.000342 0.001533 0.002106
0 0 0.989416 0.006796 0.000208 0.001623 0.001956
0 0 0.984686 0.010222 0.000402 0.002005 0.002685
0 0 0.985001 0.011280 0.000400 0.001343 0.001976
0 0 0.892295 0.083448 0.010755 0.003872 0.009630
0 0 0.864123 0.106287 0.015430 0.003807 0.010353
0 0 0.815698 0.144551 0.024696 0.003710 0.011344
0 0 0.773667 0.182958 0.031579 0.002606 0.009190
0 0 0.633118 0.312238 0.047627 0.000796 0.006221
0 0 0.463797 0.462399 0.065393 0.000319 0.008093
0 0 0.683655 0.260417 0.047520 0.001559 0.006849
0 0 0.566084 0.366143 0.059092 0.000699 0.007981
0 0 0.753299 0.207032 0.031869 0.001561 0.006239
0 0 0.627302 0.318280 0.046544 0.000743 0.007131
0 0 0.726550 0.229983 0.036271 0.001370 0.005825
0 0 0.475940 0.448794 0.069649 0.000354 0.005263
1 0 0.327174 0.588721 0.077262 0.000164 0.006678
1 0 0.411149 0.494543 0.086514 0.000365 0.007430
1 0 0.279305 0.608619 0.104625 0.000157 0.007295
1 1 0.142918 0.650223 0.198402 0.000164 0.008293
1 1 0.124980 0.726683 0.139252 0.000081 0.009003
1 1 0.246558 0.615913 0.127733 0.000202 0.009595
1 1 0.126690 0.741721 0.120800 0.000039 0.010750
1 1 0.135626 0.733389 0.122647 0.000042 0.008297
1 2 0.049618 0.768465 0.170640 0.000016 0.011262
1 2 0.025501 0.677512 0.278118 0.000024 0.018844
1 2 0.027513 0.552724 0.396435 0.000106 0.023222
1 2 0.014303 0.527250 0.435913 0.000051 0.022484
2 2 0.004392 0.193934 0.779102 0.000150 0.022422
1 2 0.032807 0.605827 0.343008 0.000074 0.018284
1 2 0.024190 0.537935 0.415874 0.000100 0.021900
2 2 0.001846 0.076383 0.901658 0.000336 0.019778
2 2 0.033833 0.387688 0.555414 0.000475 0.022590
2 2 0.001413 0.023881 0.967951 0.001670 0.005086
1 1 0.151688 0.656322 0.178829 0.000166 0.012995
1 1 0.075727 0.741555 0.173241 0.000033 0.009445
1 0 0.216537 0.633933 0.142436 0.000167 0.006926
1 0 0.091832 0.757752 0.143282 0.000026 0.007108
1 0 0.216827 0.609554 0.158964 0.000298 0.014357
1 0 0.115996 0.734802 0.141482 0.000042 0.007678
1 0 0.153915 0.708102 0.130229 0.000062 0.007693
1 1 0.075350 0.691098 0.224182 0.000066 0.009304
1 1 0.050098 0.690320 0.253519 0.000135 0.005928
1 1 0.093704 0.723654 0.174698 0.000047 0.007896
1 1 0.082446 0.573672 0.339238 0.000367 0.004278
1 1 0.015066 0.572643 0.409568 0.000121 0.002602
1 2 0.026402 0.620252 0.348881 0.000393 0.004071
2 2 0.006677 0.271626 0.718992 0.000645 0.002060
1 2 0.021917 0.591320 0.382938 0.000161 0.003664
2 2 0.037406 0.366746 0.589581 0.001417 0.004851
2 2 0.005829 0.119047 0.872195 0.000658 0.002272
2 2 0.005291 0.023826 0.963434 0.006303 0.001146
2 2 0.001870 0.138758 0.857048 0.000631 0.001693
2 2 0.000366 0.007773 0.987864 0.003693 0.000304
2 2 0.001177 0.027858 0.968477 0.001217 0.001272
2 2 0.000768 0.020758 0.977427 0.000549 0.000498
2 2 0.000288 0.002992 0.991067 0.005446 0.000206
2 2 0.008581 0.061779 0.924107 0.003696 0.001836
2 2 0.000590 0.006472 0.988755 0.003570 0.000613
2 2 0.005257 0.030431 0.956065 0.006199 0.002048
2 2 0.000690 0.008089 0.985858 0.004810 0.000553
2 2 0.000381 0.003386 0.977053 0.018795 0.000385
2 3 0.000916 0.010275 0.960017 0.027659 0.001132
2 3 0.000239 0.002406 0.903165 0.093815 0.000375
2 3 0.013584 0.031228 0.872544 0.078794 0.003851
2 3 0.009083 0.019448 0.887461 0.080351 0.003657
2 3 0.011208 0.013755 0.775326 0.196513 0.003198
2 3 0.010540 0.013055 0.739877 0.234017 0.002511
2 3 0.026920 0.033003 0.762472 0.171601 0.006004
0 2 0.388357 0.263668 0.292633 0.028865 0.026476
1 2 0.142030 0.450220 0.389031 0.005245 0.013474
1 0 0.083234 0.676104 0.232391 0.000699 0.007572
1 0 0.138584 0.622571 0.230371 0.000562 0.007912
0 0 0.514071 0.389116 0.089454 0.001180 0.006178
0 0 0.509316 0.365878 0.107665 0.003575 0.013566
1 0 0.398628 0.449871 0.140649 0.001286 0.009566
1 0 0.338016 0.473020 0.177471 0.001377 0.010115
1 0 0.373201 0.528403 0.090290 0.000286 0.007820
0 0 0.584354 0.329754 0.076310 0.001637 0.007945
1 0 0.201655 0.676429 0.114478 0.000137 0.007300
1 0 0.284465 0.594354 0.111875 0.000315 0.008991
1 0 0.309662 0.576423 0.106756 0.000221 0.006939
1 0 0.350690 0.476253 0.164598 0.001108 0.007352
0 0 0.566171 0.324904 0.093463 0.002829 0.012633
0 0 0.524214 0.361673 0.091991 0.002086 0.020037
0 0 0.594444 0.296579 0.083627 0.003833 0.021517
1 0 0.444104 0.466880 0.073203 0.000449 0.015364
1 1 0.314139 0.552901 0.113574 0.000405 0.018981
1 1 0.282532 0.571652 0.125541 0.000384 0.019891
1 1 0.191258 0.691149 0.100077 0.000102 0.017413
1 1 0.383052 0.493692 0.105385 0.000642 0.017231
1 1 0.265837 0.605300 0.108917 0.000264 0.019682
1 1 0.099583 0.742847 0.141093 0.000041 0.016436
1 1 0.139802 0.708236 0.129137 0.000075 0.022750
1 1 0.164789 0.696086 0.119214 0.000084 0.019828
1 1 0.207573 0.667940 0.108963 0.000105 0.015419
1 1 0.413092 0.469757 0.095797 0.000736 0.020618
1 1 0.409326 0.466679 0.103524 0.000846 0.019625
1 1 0.255132 0.633781 0.091086 0.000130 0.019872
1 1 0.292962 0.593028 0.095798 0.000208 0.018004
1 1 0.157972 0.696440 0.119121 0.000086 0.026381
1 1 0.171645 0.688553 0.117420 0.000093 0.022289
1 1 0.164386 0.671529 0.138249 0.000135 0.025701
1 1 0.228940 0.625231 0.116532 0.000209 0.029088
1 1 0.061653 0.761671 0.167381 0.000052 0.009242
1 1 0.058743 0.763595 0.165886 0.000020 0.011756
1 1 0.198622 0.622564 0.169799 0.000235 0.008781
1 1 0.074748 0.755583 0.159971 0.000030 0.009669
1 1 0.064733 0.745044 0.183199 0.000029 0.006995
1 1 0.022596 0.612424 0.342866 0.000043 0.022071
2 2 0.005669 0.462588 0.523655 0.000046 0.008042
2 2 0.002442 0.036344 0.952758 0.001583 0.006873
1 0 0.261306 0.585117 0.143552 0.000323 0.009702
0 0 0.622179 0.237380 0.119069 0.007414 0.013958
0 0 0.456450 0.392892 0.136103 0.002396 0.012160
1 0 0.117484 0.743001 0.132109 0.000035 0.007371
1 0 0.357985 0.506114 0.127486 0.000595 0.007820
1 0 0.353088 0.532606 0.106212 0.000351 0.007744
1 0 0.326558 0.535191 0.130906 0.000442 0.006903
1 0 0.127174 0.725344 0.139865 0.000065 0.007553
1 0 0.197314 0.636588 0.156643 0.000190 0.009265
1 1 0.057980 0.695062 0.236327 0.000082 0.010549
1 1 0.067656 0.650374 0.272375 0.000097 0.009497
1 1 0.044230 0.651736 0.295294 0.000077 0.008663
2 2 0.001655 0.040926 0.955817 0.000515 0.001087
2 2 0.013949 0.472937 0.507839 0.000156 0.005118
2 2 0.000694 0.013887 0.982909 0.001431 0.001080
2 2 0.000466 0.013407 0.985070 0.000631 0.000425
2 2 0.014973 0.454094 0.522221 0.000203 0.008509
2 2 0.000256 0.005808 0.992424 0.001052 0.000460
2 2 0.000594 0.009582 0.986809 0.001855 0.001160
2 2 0.000191 0.003231 0.992141 0.004109 0.000327
1 2 0.030838 0.590605 0.371419 0.000145 0.006992
2 2 0.000798 0.009465 0.985042 0.003843 0.000852
2 2 0.000369 0.013441 0.983732 0.000467 0.001992
2 2 0.000483 0.006487 0.988659 0.002601 0.001770
2 2 0.000305 0.004568 0.991843 0.002759 0.000524
2 2 0.001047 0.008941 0.981666 0.005521 0.002825
2 2 0.001129 0.010592 0.977728 0.009555 0.000996
2 2 0.031473 0.441500 0.517784 0.001021 0.008221
2 2 0.000743 0.024897 0.971131 0.002379 0.000851
2 2 0.001133 0.009023 0.982797 0.006053 0.000994
2 2 0.001080 0.008377 0.983495 0.006311 0.000737
2 2 0.000601 0.005029 0.983983 0.009904 0.000483
2 2 0.000628 0.006011 0.643461 0.348170 0.001730
2 2 0.000774 0.006150 0.696442 0.294972 0.001663
3 3 0.000294 0.003070 0.417206 0.578184 0.001246
2 3 0.001501 0.005440 0.519413 0.470639 0.003007
3 3 0.000409 0.002074 0.371097 0.625367 0.001053
3 3 0.002110 0.007372 0.366661 0.619911 0.003945
3 3 0.000318 0.001794 0.313205 0.684069 0.000614
3 3 0.000985 0.002768 0.190660 0.804393 0.001195
3 3 0.000747 0.001879 0.170157 0.826194 0.001023
3 3 0.000801 0.002309 0.117774 0.878079 0.001038
3 3 0.000413 0.001525 0.191683 0.805629 0.000750
3 3 0.000865 0.001463 0.068418 0.928548 0.000706
3 3 0.000231 0.000707 0.043720 0.955057 0.000285
3 3 0.000737 0.001305 0.048041 0.949386 0.000531
3 3 0.000704 0.001716 0.066806 0.930044 0.000730
3 3 0.001653 0.003026 0.031796 0.962570 0.000955
3 3 0.000809 0.001384 0.043034 0.954242 0.000532
3 3 0.001516 0.003121 0.071091 0.922805 0.001467
3 3 0.001080 0.001925 0.044838 0.951417 0.000740
3 3 0.001126 0.002290 0.047826 0.947858 0.000899
3 3 0.004056 0.005321 0.048520 0.940103 0.002001
3 3 0.003947 0.004266 0.029363 0.961155 0.001269
3 3 0.008219 0.008004 0.026750 0.954832 0.002196
3 3 0.007629 0.008098 0.033228 0.948577 0.002468
3 3 0.003029 0.003615 0.016605 0.975928 0.000824
3 3 0.005395 0.006304 0.021804 0.964910 0.001587
3 3 0.002865 0.004613 0.019128 0.972284 0.001110
3 3 0.003293 0.005715 0.026719 0.962676 0.001597
3 3 0.004023 0.004152 0.015182 0.975744 0.000899
3 3 0.005232 0.006555 0.023436 0.963071 0.001705
3 3 0.004946 0.004150 0.019295 0.970601 0.001008
3 3 0.004157 0.005595 0.018700 0.970233 0.001316
3 3 0.006947 0.008127 0.016932 0.966210 0.001784
3 3 0.002282 0.002091 0.015573 0.979577 0.000477
3 3 0.004822 0.004535 0.016799 0.972820 0.001025
3 3 0.004657 0.007284 0.032274 0.953585 0.002200
3 3 0.004984 0.005235 0.023501 0.964900 0.001381
3 3 0.002331 0.002597 0.011551 0.983014 0.000507
3 3 0.003065 0.004760 0.026775 0.964054 0.001345
3 3 0.006218 0.005889 0.015634 0.970992 0.001267
3 3 0.009452 0.008585 0.023655 0.956098 0.002210
3 3 0.006738 0.006660 0.016057 0.969103 0.001442
3 3 0.007579 0.007799 0.017946 0.964909 0.001766
3 3 0.010465 0.011036 0.026196 0.949357 0.002946
3 3 0.004393 0.005281 0.018732 0.970347 0.001248
3 3 0.007175 0.007294 0.030477 0.952911 0.002143
3 3 0.004423 0.005497 0.035065 0.953257 0.001758
3 3 0.008011 0.008067 0.029384 0.952222 0.002316
3 3 0.009895 0.008169 0.024601 0.955185 0.002150
3 3 0.005117 0.005108 0.015393 0.973283 0.001100
3 3 0.004029 0.004579 0.010951 0.979598 0.000842
3 3 0.006006 0.006024 0.028306 0.957939 0.001726
3 3 0.003322 0.003603 0.013771 0.978554 0.000750
3 3 0.004084 0.005174 0.022980 0.966411 0.001351
3 3 0.009804 0.009969 0.019162 0.958766 0.002299
3 3 0.010811 0.010902 0.018778 0.957032 0.002478
3 3 0.009573 0.008180 0.018806 0.961551 0.001890
3 3 0.005508 0.006165 0.024702 0.961974 0.001651
3 3 0.010069 0.010090 0.018756 0.958783 0.002301
3 3 0.006275 0.007989 0.030747 0.952643 0.002345
3 3 0.006601 0.005364 0.015798 0.971070 0.001166
3 3 0.010916 0.009593 0.024809 0.952169 0.002513
3 3 0.007742 0.006971 0.025843 0.957549 0.001895
3 3 0.005696 0.005466 0.020242 0.967257 0.001338
3 3 0.010053 0.009756 0.021737 0.956059 0.002394
3 3 0.011536 0.010580 0.024233 0.950925 0.002726
3 3 0.006008 0.006378 0.022670 0.963309 0.001635
3 3 0.007007 0.006939 0.017753 0.966728 0.001573
3 3 0.008619 0.009738 0.022963 0.956226 0.002454
3 3 0.010257 0.009654 0.021529 0.956200 0.002360
3 3 0.005404 0.005855 0.024213 0.962970 0.001557
3 3 0.006810 0.007549 0.017256 0.966705 0.001680
3 3 0.008745 0.009293 0.032065 0.947135 0.002762
3 3 0.010173 0.009114 0.028265 0.949897 0.002551
3 3 0.004552 0.005381 0.014398 0.974550 0.001119
3 3 0.007703 0.007702 0.022641 0.960001 0.001953
3 3 0.011063 0.011018 0.020621 0.954679 0.002619
3 3 0.010480 0.007084 0.020297 0.960426 0.001712
3 3 0.008171 0.009294 0.025048 0.955039 0.002449
3 3 0.011546 0.011602 0.026218 0.947544 0.003090
3 3 0.015534 0.010491 0.026158 0.945007 0.002810
3 3 0.010722 0.008565 0.021015 0.957614 0.002083
3 3 0.007899 0.007818 0.021477 0.960875 0.001930
3 3 0.012065 0.011901 0.035433 0.936932 0.003669
3 3 0.009055 0.006538 0.022230 0.960518 0.001659
3 3 0.012176 0.009698 0.029299 0.946072 0.002755
3 3 0.008676 0.007341 0.021862 0.960286 0.001835
3 3 0.009210 0.011345 0.027266 0.949098 0.003082
3 3 0.008963 0.006435 0.037975 0.944505 0.002122
3 3 0.008467 0.007662 0.020982 0.961017 0.001873
3 3 0.007225 0.008890 0.029436 0.951909 0.002540
3 3 0.005796 0.004280 0.021312 0.967522 0.001090
3 3 0.016439 0.018826 0.036464 0.922516 0.005755
3 3 0.027022 0.018586 0.028512 0.920820 0.005059
3 3 0.019281 0.012602 0.025172 0.939660 0.003285
3 3 0.017004 0.015835 0.026053 0.936965 0.004143
3 3 0.010250 0.008173 0.023876 0.955581 0.002120
3 3 0.015848 0.013897 0.038493 0.927332 0.004431
2 0 0.065621 0.064224 0.539286 0.308481 0.022388
2 0 0.014434 0.045214 0.764401 0.161379 0.014571
2 1 0.006926 0.043134 0.921582 0.008576 0.019783
2 1 0.010855 0.030402 0.913845 0.032798 0.012100
2 1 0.001366 0.008183 0.975025 0.010162 0.005264
2 2 0.002668 0.048678 0.933033 0.004024 0.011596
2 2 0.002094 0.020126 0.959794 0.004423 0.013563
2 2 0.000540 0.009967 0.982317 0.001526 0.005650
2 2 0.003186 0.070236 0.873801 0.000967 0.051810
2 2 0.001183 0.023153 0.961087 0.001329 0.013247
2 2 0.003748 0.216054 0.597574 0.000127 0.182496
2 2 0.001568 0.065978 0.904208 0.000333 0.027913
2 2 0.001865 0.065052 0.891753 0.000455 0.040875
2 2 0.002424 0.125299 0.791973 0.000205 0.080098
2 2 0.000765 0.028361 0.962842 0.000444 0.007588
2 2 0.002526 0.064021 0.886723 0.000778 0.045952
2 2 0.004942 0.294505 0.394976 0.000079 0.305499
2 2 0.001222 0.038745 0.945325 0.000566 0.014142
2 2 0.002343 0.149418 0.713241 0.000130 0.134869
2 2 0.002981 0.210728 0.645109 0.000097 0.141085
2 2 0.004060 0.138902 0.780716 0.000402 0.075920
2 2 0.002626 0.087996 0.862111 0.000465 0.046801
2 2 0.002264 0.298220 0.490164 0.000026 0.209327
2 2 0.000846 0.052852 0.906700 0.000175 0.039427
2 2 0.001401 0.234776 0.650858 0.000023 0.112943
2 2 0.001833 0.313200 0.420735 0.000014 0.264218
2 2 0.002410 0.209613 0.564633 0.000060 0.223283
2 2 0.002316 0.353163 0.355176 0.000014 0.289332
2 2 0.002922 0.352874 0.390913 0.000023 0.253269
2 2 0.001313 0.149083 0.760278 0.000052 0.089274
2 2 0.002340 0.246404 0.548494 0.000042 0.202720
2 2 0.001398 0.133251 0.790067 0.000073 0.075211
2 2 0.001851 0.114690 0.823752 0.000157 0.059551
2 2 0.001191 0.094220 0.856608 0.000109 0.047872
2 2 0.001415 0.068346 0.870380 0.000259 0.059600
2 2 0.001672 0.210702 0.702515 0.000039 0.085072
2 2 0.001204 0.055591 0.909724 0.000290 0.033190
2 2 0.001072 0.088748 0.866936 0.000102 0.043143
2 2 0.002737 0.062366 0.896926 0.000937 0.037034
2 2 0.001247 0.015896 0.964754 0.002806 0.015296
2 2 0.000627 0.028133 0.943206 0.000325 0.027710
2 2 0.000739 0.021607 0.965231 0.000679 0.011744
2 2 0.000808 0.009089 0.984178 0.003467 0.002458
2 2 0.000627 0.010059 0.984331 0.001910 0.003073
2 2 0.000803 0.007674 0.985156 0.004573 0.001794
2 2 0.000802 0.022591 0.970586 0.000711 0.005310
2 2 0.000878 0.017863 0.978477 0.001216 0.001566
2 2 0.000763 0.011486 0.983633 0.002090 0.002027
2 2 0.001686 0.010357 0.977480 0.009304 0.001173
2 2 0.001683 0.013603 0.975970 0.005902 0.002842
2 2 0.002572 0.015391 0.967763 0.009762 0.004511
2 2 0.000791 0.005292 0.984567 0.008355 0.000994
2 2 0.005402 0.028650 0.952698 0.009030 0.004220
2 2 0.001301 0.008839 0.979675 0.008051 0.002135
2 2 0.001984 0.010196 0.971815 0.012817 0.003188
2 2 0.002755 0.013856 0.965084 0.013160 0.005146
2 2 0.002889 0.011172 0.962224 0.020407 0.003308
2 2 0.001238 0.004837 0.951329 0.041398 0.001198
2 2 0.007064 0.030579 0.929391 0.016158 0.016807
2 2 0.001276 0.007926 0.978332 0.009472 0.002994
2 2 0.005196 0.014135 0.940288 0.035899 0.004483
2 2 0.002963 0.021572 0.960131 0.006958 0.008375
2 2 0.006742 0.013759 0.940243 0.036639 0.002617
0 0 0.361107 0.307169 0.310324 0.008464 0.012936
1 0 0.073128 0.576134 0.344032 0.000959 0.005746
2 2 0.007443 0.204952 0.778927 0.000300 0.008379
2 2 0.087992 0.262023 0.630150 0.008390 0.011444
2 2 0.020512 0.063474 0.903698 0.008813 0.003503
2 2 0.007119 0.284445 0.704222 0.000659 0.003555
2 2 0.002879 0.020872 0.971718 0.003663 0.000869
2 2 0.002943 0.013868 0.975784 0.006683 0.000722
2 2 0.025178 0.343249 0.619456 0.000447 0.011670
2 2 0.090283 0.178599 0.710664 0.010184 0.010270
1 2 0.114132 0.517294 0.355466 0.000793 0.012315
1 2 0.024910 0.598141 0.368889 0.000147 0.007912
2 2 0.001718 0.011430 0.981331 0.004920 0.000600
2 2 0.003898 0.029712 0.958535 0.004620 0.003235
2 2 0.000282 0.003854 0.993006 0.002521 0.000337
2 2 0.000684 0.014452 0.982262 0.001756 0.000846
2 2 0.001054 0.012113 0.982668 0.003549 0.000615
2 2 0.018651 0.067932 0.891861 0.013237 0.008318
2 2 0.009992 0.054646 0.922642 0.009352 0.003367
2 2 0.002256 0.018097 0.974204 0.003937 0.001505
2 2 0.085120 0.183938 0.709568 0.009900 0.011474
2 2 0.015281 0.161552 0.815499 0.001042 0.006627
2 2 0.003506 0.012577 0.968779 0.013882 0.001255
1 0 0.385844 0.442543 0.160421 0.001654 0.009536
1 0 0.071302 0.689292 0.231419 0.000340 0.007648
1 2 0.091828 0.573773 0.312327 0.000392 0.021679
2 2 0.048970 0.161021 0.777756 0.005132 0.007120
2 2 0.044778 0.158704 0.780785 0.007594 0.008140
2 2 0.008861 0.046107 0.940324 0.003473 0.001234
2 2 0.091700 0.441332 0.459446 0.001808 0.005715
2 2 0.018213 0.060434 0.912907 0.006222 0.002224
2 0 0.340807 0.186604 0.430525 0.026585 0.015480
0 0 0.525237 0.356355 0.103965 0.002644 0.011800
1 0 0.122215 0.651594 0.219295 0.000940 0.005955
0 0 0.464338 0.387996 0.132936 0.002446 0.012284
1 0 0.150556 0.693358 0.150822 0.000175 0.005089
1 0 0.178205 0.618370 0.197009 0.000565 0.005850
1 0 0.155764 0.614284 0.224854 0.000314 0.004785
1 0 0.154361 0.599375 0.239814 0.000670 0.005780
1 0 0.224634 0.634153 0.131662 0.000379 0.009172
1 0 0.192620 0.677264 0.119638 0.000412 0.010067
1 0 0.227397 0.639389 0.122105 0.000602 0.010508
0 0 0.740955 0.197453 0.042633 0.004477 0.014482
0 0 0.553999 0.326244 0.096460 0.005485 0.017811
1 0 0.164667 0.683798 0.141826 0.000817 0.008891
1 0 0.297542 0.574106 0.118660 0.001109 0.008583
1 0 0.266655 0.611362 0.114017 0.000422 0.007543
1 0 0.115102 0.741930 0.135082 0.000461 0.007425
1 0 0.172408 0.702358 0.114951 0.000163 0.010120
1 0 0.057824 0.810078 0.124504 0.000100 0.007494
1 0 0.097752 0.775989 0.116499 0.000308 0.009452
1 0 0.104026 0.762677 0.124589 0.000404 0.008305
1 0 0.158560 0.708244 0.124625 0.000253 0.008318
1 1 0.129325 0.757016 0.105034 0.000244 0.008382
1 1 0.055861 0.808728 0.127411 0.000204 0.007797
1 1 0.039306 0.793389 0.159821 0.000243 0.007241
1 1 0.039515 0.787101 0.166743 0.000280 0.006361
1 1 0.037497 0.735978 0.219464 0.000189 0.006872
1 1 0.024936 0.746511 0.220867 0.000290 0.007397
1 1 0.130490 0.704605 0.156649 0.000341 0.007915
1 1 0.071915 0.783961 0.136500 0.000114 0.007511
1 1 0.096256 0.748510 0.145172 0.000215 0.009848
1 1 0.071230 0.759911 0.161954 0.000249 0.006656
1 0 0.249625 0.578877 0.157840 0.001312 0.012347
1 0 0.091084 0.771647 0.127918 0.000239 0.009111
1 0 0.070627 0.789067 0.133284 0.000145 0.006877
1 1 0.104036 0.759295 0.126080 0.000296 0.010293
1 1 0.086610 0.778779 0.127118 0.000098 0.007395
1 1 0.056683 0.803429 0.133871 0.000114 0.005903
1 0 0.138678 0.706049 0.146704 0.000188 0.008381
0 0 0.527602 0.359570 0.100514 0.002128 0.010186
0 0 0.467062 0.403046 0.107729 0.006449 0.015714
1 0 0.162950 0.653617 0.172482 0.000905 0.010047
1 0 0.139181 0.731946 0.121464 0.000262 0.007148
1 0 0.123608 0.740855 0.128049 0.000139 0.007348
1 0 0.096597 0.765454 0.132108 0.000134 0.005707
1 0 0.156462 0.738005 0.097182 0.000149 0.008202
1 0 0.073983 0.761176 0.157972 0.000084 0.006786
1 0 0.351483 0.537987 0.103497 0.000306 0.006727
1 0 0.223473 0.641799 0.124190 0.000285 0.010254
1 0 0.102472 0.748847 0.139288 0.000166 0.009227
1 0 0.095529 0.742601 0.151384 0.000204 0.010283
1 0 0.135109 0.725305 0.128828 0.000249 0.010509
1 0 0.092432 0.760036 0.139088 0.000279 0.008165
1 1 0.127586 0.724468 0.139326 0.000195 0.008425
1 1 0.055512 0.779988 0.158001 0.000105 0.006394
1 1 0.077169 0.773374 0.140984 0.000086 0.008387
1 1 0.137075 0.700948 0.149022 0.000220 0.012734
1 1 0.135102 0.676732 0.175681 0.000580 0.011904
1 0 0.376799 0.435156 0.163881 0.005846 0.018319
1 0 0.230503 0.633170 0.125123 0.000261 0.010943
1 0 0.267222 0.602248 0.119622 0.000277 0.010632
1 0 0.128473 0.737461 0.123886 0.000059 0.010121
1 0 0.125819 0.735712 0.126354 0.000066 0.012048
1 0 0.181757 0.648822 0.158087 0.000238 0.011096
1 0 0.252562 0.583130 0.150729 0.000378 0.013202
1 0 0.212376 0.645266 0.127499 0.000160 0.014699
1 0 0.268435 0.552276 0.165262 0.000586 0.013441
1 0 0.115859 0.743511 0.126815 0.000096 0.013719
1 0 0.159290 0.724824 0.107937 0.000042 0.007907
1 0 0.049983 0.819249 0.122172 0.000044 0.008553
1 0 0.411271 0.446225 0.134517 0.001132 0.006855
1 0 0.123166 0.738785 0.130980 0.000268 0.006801
1 0 0.139826 0.745293 0.107644 0.000112 0.007125
1 0 0.396909 0.470114 0.116150 0.000920 0.015907
1 0 0.272186 0.611473 0.103518 0.000175 0.012648
1 0 0.186231 0.681560 0.122031 0.000150 0.010028
1 0 0.166744 0.670805 0.153579 0.000255 0.008617
1 0 0.227289 0.652845 0.112408 0.000199 0.007260
1 0 0.084813 0.725329 0.182556 0.000259 0.007043
1 0 0.151251 0.668525 0.171633 0.000530 0.008062
0 0 0.546826 0.354564 0.088799 0.001625 0.008187
1 0 0.337778 0.557770 0.097364 0.000410 0.006678
0 0 0.472395 0.409241 0.105985 0.001334 0.011045
0 0 0.586422 0.338553 0.063323 0.001166 0.010535
0 0 0.546841 0.376920 0.068593 0.000841 0.006805
1 0 0.433576 0.461121 0.098501 0.000588 0.006214
1 0 0.188797 0.669176 0.135092 0.000264 0.006671
0 0 0.640864 0.286306 0.062336 0.001946 0.008547
0 0 0.742278 0.213527 0.035342 0.001782 0.007071
0 0 0.498768 0.429875 0.063771 0.000404 0.007183
1 0 0.427202 0.502482 0.062836 0.000197 0.007283
1 0 0.256910 0.658515 0.077290 0.000060 0.007224
1 0 0.114046 0.791711 0.087967 0.000012 0.006264
1 0 0.120330 0.737846 0.133049 0.000040 0.008735
1 0 0.095508 0.726207 0.168800 0.000048 0.009437
1 0 0.076643 0.694541 0.219132 0.000064 0.009620
1 0 0.036277 0.763785 0.190601 0.000033 0.009303
1 0 0.090429 0.718071 0.183337 0.000059 0.008103
1 0 0.141600 0.659921 0.190183 0.000141 0.008155
1 0 0.155829 0.709500 0.125607 0.000061 0.009003
0 0 0.500419 0.349400 0.128697 0.003945 0.017538
1 0 0.105990 0.762628 0.124544 0.000050 0.006788
1 1 0.043094 0.783767 0.163995 0.000034 0.009110
1 1 0.044103 0.765241 0.180577 0.000014 0.010065
1 1 0.034653 0.736585 0.216041 0.000062 0.012660
1 1 0.037066 0.728062 0.226644 0.000025 0.008204
1 1 0.019274 0.618687 0.354809 0.000047 0.007183
2 2 0.016410 0.263013 0.709995 0.000386 0.010195
2 2 0.000267 0.017330 0.981609 0.000170 0.000624
2 2 0.000198 0.014873 0.984275 0.000134 0.000520
2 2 0.000327 0.012856 0.986216 0.000298 0.000303
2 2 0.000140 0.009347 0.990116 0.000165 0.000232
2 2 0.000169 0.012852 0.986284 0.000132 0.000563
2 2 0.000269 0.018003 0.980615 0.000162 0.000950
2 2 0.000033 0.001691 0.997882 0.000272 0.000122
2 2 0.006376 0.182934 0.807249 0.000215 0.003226
2 2 0.005790 0.037176 0.952713 0.003161 0.001160
2 2 0.000743 0.047314 0.951164 0.000149 0.000630
2 2 0.000324 0.010905 0.987714 0.000547 0.000509
2 2 0.005293 0.120262 0.871355 0.000424 0.002666
2 2 0.008436 0.037443 0.949187 0.003950 0.000984
2 2 0.002326 0.201093 0.793974 0.000167 0.002440
2 2 0.000231 0.005554 0.992943 0.000951 0.000321
2 2 0.001279 0.037544 0.960061 0.000352 0.000765
2 2 0.013847 0.150518 0.832021 0.000996 0.002617
2 2 0.001409 0.032590 0.964152 0.000583 0.001266
2 2 0.000164 0.004533 0.993879 0.000771 0.000653
2 2 0.013848 0.073500 0.905694 0.004080 0.002878
2 2 0.000152 0.001792 0.994746 0.003215 0.000095
2 2 0.000049 0.000928 0.993328 0.005651 0.000046
2 2 0.000261 0.004934 0.993144 0.001421 0.000239
2 2 0.000315 0.002489 0.986862 0.010097 0.000237
2 2 0.000173 0.003147 0.994135 0.002360 0.000186
2 2 0.000646 0.003998 0.980602 0.014260 0.000494
2 2 0.000224 0.002651 0.991544 0.005410 0.000170
2 2 0.000056 0.000978 0.975511 0.023372 0.000082
2 2 0.000032 0.001532 0.983441 0.014925 0.000070
2 2 0.000211 0.002531 0.988126 0.008941 0.000191
2 2 0.000112 0.001971 0.982883 0.014889 0.000146
2 2 0.000167 0.003099 0.992288 0.004296 0.000151
2 2 0.000022 0.000759 0.981125 0.018053 0.000042
2 2 0.000637 0.004880 0.961227 0.032523 0.000733
2 2 0.000074 0.002036 0.982442 0.015324 0.000124
2 3 0.000343 0.002895 0.974665 0.021747 0.000351
2 3 0.000099 0.001584 0.982804 0.015391 0.000122
2 3 0.000515 0.005995 0.976505 0.016548 0.000437
2 3 0.000235 0.003016 0.948999 0.047354 0.000396
2 3 0.000136 0.002038 0.959093 0.038507 0.000226
2 3 0.000241 0.002072 0.662554 0.334422 0.000711
3 3 0.000185 0.001344 0.473093 0.524733 0.000645
3 3 0.000055 0.001104 0.331501 0.666933 0.000407
2 3 0.000292 0.002174 0.572812 0.423807 0.000916
2 3 0.000177 0.001929 0.509176 0.487975 0.000743
3 3 0.000867 0.002893 0.393177 0.601146 0.001916
2 3 0.000918 0.010303 0.532071 0.452603 0.004105
3 3 0.000051 0.000294 0.122991 0.876536 0.000128
3 3 0.000093 0.000589 0.172527 0.826500 0.000291
3 3 0.000487 0.003101 0.360049 0.634659 0.001704
3 3 0.000240 0.001427 0.251587 0.745930 0.000815
3 3 0.000201 0.001028 0.248931 0.749318 0.000522
3 3 0.000096 0.000759 0.279295 0.719432 0.000418
3 3 0.000228 0.001507 0.345456 0.651882 0.000926
3 3 0.000178 0.000984 0.140710 0.857418 0.000710
3 3 0.000202 0.000817 0.099235 0.899250 0.000495
3 3 0.000286 0.001567 0.129339 0.867818 0.000989
3 3 0.000034 0.000333 0.168789 0.830731 0.000114
3 3 0.000744 0.002349 0.111016 0.884476 0.001414
3 3 0.000087 0.000536 0.088931 0.910132 0.000315
3 3 0.000226 0.000906 0.133235 0.865344 0.000288
3 3 0.003119 0.003627 0.079168 0.912302 0.001784
3 3 0.000602 0.002353 0.195793 0.800165 0.001087
3 3 0.000384 0.001640 0.173104 0.824212 0.000660
3 3 0.002194 0.002631 0.067090 0.926872 0.001212
3 3 0.001328 0.002186 0.069979 0.925660 0.000848
3 3 0.001172 0.001975 0.047945 0.948125 0.000783
3 3 0.000638 0.001292 0.096435 0.901137 0.000499
3 3 0.000669 0.001189 0.051438 0.946326 0.000378
3 3 0.001883 0.001965 0.042544 0.952875 0.000734
3 3 0.000464 0.005553 0.456537 0.535926 0.001520
3 3 0.002189 0.003842 0.185754 0.806812 0.001403
2 2 0.008528 0.018302 0.622113 0.344826 0.006230
2 2 0.015564 0.073870 0.698033 0.197740 0.014793
2 2 0.016776 0.125365 0.793261 0.052049 0.012549
2 2 0.001259 0.006962 0.845709 0.144465 0.001606
2 2 0.002533 0.012432 0.922868 0.060229 0.001938
2 2 0.000748 0.004116 0.790214 0.204194 0.000728
2 2 0.001159 0.006207 0.919024 0.072696 0.000914
2 2 0.000805 0.005471 0.867019 0.125652 0.001053
2 2 0.002311 0.029253 0.960850 0.002667 0.004919
2 2 0.000973 0.009585 0.980989 0.004363 0.004091
2 2 0.003325 0.052216 0.929412 0.002384 0.012663
2 2 0.002218 0.012059 0.970885 0.011561 0.003277
2 2 0.001566 0.019143 0.970191 0.002934 0.006165
2 2 0.063754 0.389381 0.504944 0.002117 0.039804
2 2 0.006052 0.372163 0.595140 0.000070 0.026574
2 2 0.000565 0.010938 0.983543 0.001392 0.003561
2 2 0.001287 0.068288 0.911460 0.000225 0.018740
2 2 0.000898 0.026822 0.954763 0.000647 0.016869
2 2 0.000700 0.019926 0.972120 0.000708 0.006546
2 2 0.002968 0.289772 0.569960 0.000049 0.137252
2 2 0.002828 0.315848 0.548794 0.000037 0.132493
2 4 0.004283 0.362343 0.454103 0.000049 0.179222
2 4 0.003779 0.359162 0.407932 0.000036 0.229091
2 4 0.001968 0.258687 0.659763 0.000034 0.079548
2 4 0.003028 0.244594 0.584454 0.000070 0.167854
2 4 0.003808 0.281266 0.551736 0.000076 0.163114
2 4 0.002439 0.166769 0.701088 0.000113 0.129592
2 4 0.002994 0.224012 0.632233 0.000086 0.140675
4 4 0.020930 0.247354 0.128431 0.000232 0.603053
4 4 0.195961 0.340482 0.093937 0.001466 0.368155
4 4 0.060588 0.362085 0.116215 0.000313 0.460799
4 4 0.021270 0.277404 0.151940 0.000230 0.549156
4 4 0.016700 0.317431 0.140831 0.000090 0.524948
4 4 0.077332 0.109820 0.027391 0.001016 0.784441
4 4 0.085268 0.166246 0.062875 0.001742 0.683868
4 4 0.029771 0.336002 0.157499 0.000231 0.476497
1 4 0.075011 0.427295 0.121832 0.000279 0.375584
4 4 0.047926 0.289161 0.108002 0.000381 0.554530
4 4 0.033283 0.328002 0.124745 0.000192 0.513779
4 4 0.044164 0.364061 0.133666 0.000245 0.457864
4 4 0.029310 0.221760 0.104290 0.000369 0.644270
4 4 0.057320 0.104574 0.036922 0.001315 0.799869
4 4 0.277865 0.138539 0.035760 0.005862 0.541974
4 4 0.071249 0.167345 0.063749 0.001330 0.696327
4 4 0.074963 0.138729 0.046328 0.001351 0.738629
4 4 0.115087 0.121107 0.029520 0.001628 0.732658
4 4 0.068170 0.137771 0.039216 0.000862 0.753982
4 4 0.167275 0.144172 0.036545 0.002596 0.649413
4 4 0.067554 0.142677 0.060301 0.001762 0.727706
4 4 0.017425 0.139402 0.100690 0.000604 0.741879
4 4 0.012214 0.242151 0.116164 0.000088 0.629383
4 4 0.015499 0.280175 0.129693 0.000101 0.574532
4 4 0.008147 0.272402 0.128236 0.000039 0.591177
4 4 0.004546 0.235202 0.167754 0.000040 0.592458
4 4 0.015480 0.163247 0.086124 0.000233 0.734915
4 4 0.006247 0.262263 0.156356 0.000042 0.575092
4 4 0.008660 0.224584 0.182201 0.000149 0.584407
4 4 0.007750 0.240698 0.138394 0.000061 0.613097
4 4 0.007910 0.268626 0.178905 0.000072 0.544486
4 4 0.013938 0.322079 0.126671 0.000053 0.537259
4 4 0.004041 0.269149 0.220280 0.000036 0.506493
4 4 0.007574 0.163275 0.113268 0.000127 0.715756
4 4 0.004795 0.269643 0.195621 0.000038 0.529903
4 4 0.008298 0.129697 0.083750 0.000163 0.778092
4 4 0.010276 0.241468 0.145057 0.000102 0.603096
1 4 0.026655 0.496552 0.170610 0.000063 0.306120
4 4 0.004537 0.235835 0.181226 0.000046 0.578356
4 4 0.009166 0.132183 0.086894 0.000193 0.771564
4 4 0.051490 0.099679 0.039880 0.001486 0.807466
4 4 0.011517 0.182785 0.077386 0.000085 0.728228
4 4 0.008353 0.149038 0.096456 0.000143 0.746010
4 4 0.024938 0.345187 0.130030 0.000113 0.499733
4 4 0.005856 0.257791 0.165808 0.000044 0.570501
4 4 0.007646 0.230527 0.137805 0.000067 0.623955
4 4 0.011775 0.374433 0.150693 0.000035 0.463064
4 4 0.007737 0.331195 0.166424 0.000032 0.494612
4 4 0.006425 0.278692 0.186412 0.000050 0.528421
4 4 0.009512 0.197981 0.110639 0.000099 0.681770
4 4 0.005749 0.255165 0.140459 0.000033 0.598595
4 4 0.003874 0.275557 0.164935 0.000019 0.555615
4 4 0.005873 0.279283 0.171771 0.000037 0.543036
4 4 0.011558 0.282669 0.144256 0.000076 0.561441
4 4 0.005780 0.247769 0.201673 0.000070 0.544708
4 4 0.005595 0.210633 0.156934 0.000068 0.626770
4 4 0.005014 0.216646 0.161445 0.000056 0.616839
4 4 0.003834 0.265469 0.213907 0.000033 0.516757
4 4 0.008267 0.280170 0.165079 0.000059 0.546425
4 4 0.011510 0.249232 0.129754 0.000090 0.609414
4 4 0.003683 0.286749 0.242317 0.000031 0.467221
4 4 0.003220 0.278317 0.226224 0.000024 0.492215
4 4 0.002269 0.297126 0.241894 0.000013 0.458698
4 4 0.001992 0.299685 0.241391 0.000010 0.456922
4 4 0.001686 0.312004 0.253874 0.000007 0.432428
4 4 0.002251 0.308162 0.258057 0.000013 0.431517
4 4 0.002857 0.287751 0.343823 0.000028 0.365541
4 4 0.003771 0.286006 0.241980 0.000032 0.468211
4 2 0.003272 0.309437 0.273893 0.000025 0.413374
4 2 0.001758 0.277758 0.208775 0.000008 0.511702
4 2 0.002913 0.323150 0.293474 0.000020 0.380442
2 2 0.002411 0.184119 0.521948 0.000070 0.291452
4 2 0.004422 0.273731 0.286437 0.000054 0.435357
1 2 0.001942 0.361447 0.301750 0.000008 0.334853
2 2 0.003610 0.254870 0.442517 0.000067 0.298937
4 2 0.005021 0.284868 0.296535 0.000064 0.413512
4 2 0.002939 0.318882 0.286037 0.000021 0.392122
4 2 0.003445 0.279575 0.305959 0.000036 0.410985
2 2 0.003096 0.192492 0.523065 0.000099 0.281247
4 2 0.001597 0.312196 0.252306 0.000007 0.433895
2 2 0.002070 0.231749 0.623817 0.000043 0.142321
2 2 0.002800 0.361217 0.386646 0.000021 0.249316
2 2 0.002079 0.374244 0.416532 0.000013 0.207132
2 2 0.002069 0.310808 0.518742 0.000022 0.168360
2 2 0.001880 0.377841 0.426369 0.000011 0.193899
2 2 0.002203 0.295896 0.565371 0.000028 0.136502
2 2 0.001992 0.271862 0.583817 0.000029 0.142300
2 2 0.001423 0.233857 0.519575 0.000019 0.245126
2 2 0.002770 0.231158 0.616623 0.000070 0.149378
2 2 0.002526 0.211883 0.706622 0.000079 0.078890
2 2 0.002004 0.177174 0.698999 0.000073 0.121751
2 2 0.001586 0.247917 0.639650 0.000025 0.110822
2 2 0.001093 0.086451 0.860872 0.000110 0.051475
2 2 0.001809 0.091148 0.848297 0.000231 0.058514
2 2 0.000152 0.012841 0.980153 0.000117 0.006737
2 2 0.000197 0.020110 0.967921 0.000083 0.011689
2 2 0.000481 0.082977 0.878004 0.000030 0.038508
2 2 0.000219 0.012432 0.979252 0.000228 0.007869
2 2 0.000600 0.081396 0.883622 0.000045 0.034337
2 2 0.000558 0.024532 0.956117 0.000340 0.018453
2 2 0.000279 0.003721 0.992944 0.002625 0.000430
2 2 0.000217 0.008141 0.989915 0.000455 0.001272
2 2 0.000593 0.021560 0.974551 0.000459 0.002836
2 2 0.000161 0.003827 0.994392 0.001006 0.000614
2 2 0.000203 0.006821 0.991119 0.001111 0.000747
2 2 0.000378 0.005507 0.990946 0.002253 0.000915
2 2 0.000256 0.006065 0.991772 0.000992 0.000915
2 2 0.123707 0.307729 0.539925 0.006899 0.021739
2 2 0.000372 0.034797 0.962013 0.000279 0.002538
2 2 0.000188 0.015459 0.983560 0.000115 0.000678
2 2 0.000200 0.003603 0.994204 0.001587 0.000406
2 2 0.000217 0.006704 0.992143 0.000613 0.000324
2 2 0.000025 0.001062 0.997594 0.001268 0.000051
2 2 0.000343 0.014567 0.983581 0.000716 0.000793
2 2 0.000714 0.008067 0.987212 0.003359 0.000649
2 2 0.001008 0.014999 0.981686 0.001665 0.000642
2 2 0.000449 0.005452 0.990298 0.003052 0.000750
2 2 0.000650 0.009555 0.986753 0.002154 0.000888
2 2 0.000155 0.006100 0.992607 0.000418 0.000721
2 2 0.000487 0.013697 0.983398 0.001554 0.000863
2 2 0.002263 0.011340 0.936426 0.047478 0.002493
2 2 0.000210 0.002137 0.718553 0.278480 0.000619
2 2 0.003576 0.016938 0.806823 0.166361 0.006302
2 2 0.000516 0.003936 0.910211 0.084512 0.000824
2 2 0.000516 0.003687 0.717652 0.276851 0.001294
2 2 0.001348 0.004933 0.835478 0.156371 0.001870
2 3 0.000892 0.003263 0.641526 0.352557 0.001761
2 3 0.000625 0.004632 0.857173 0.136379 0.001191
2 3 0.000987 0.005364 0.665923 0.325353 0.002373
2 3 0.000397 0.003330 0.771358 0.223938 0.000977
2 3 0.001574 0.006610 0.731650 0.257194 0.002971
2 3 0.000401 0.003624 0.775756 0.219198 0.001022
2 3 0.002557 0.005589 0.531590 0.455633 0.004631
3 3 0.000932 0.003523 0.359172 0.633504 0.002869
3 3 0.000342 0.002231 0.227910 0.767900 0.001616
3 3 0.000322 0.002144 0.346023 0.650175 0.001336
