0 0 0.860718 0.050594 0.048911 0.000351 0.039426
0 0 0.735152 0.100870 0.121076 0.001002 0.041900
2 0 0.277342 0.209544 0.363472 0.097696 0.051946
0 0 0.661131 0.181562 0.119172 0.000403 0.037733
0 0 0.828482 0.067878 0.058229 0.000586 0.044825
0 0 0.805333 0.083048 0.069934 0.000437 0.041247
0 0 0.776863 0.095336 0.085198 0.000575 0.042028
0 0 0.842831 0.059607 0.050904 0.000619 0.046038
0 0 0.774182 0.074609 0.099125 0.002079 0.050005
0 0 0.821371 0.081543 0.055339 0.000315 0.041432
0 0 0.714878 0.109157 0.133487 0.001068 0.041411
0 0 0.853058 0.050026 0.056642 0.000465 0.039810
0 0 0.890683 0.028772 0.028950 0.000979 0.050615
0 0 0.825022 0.060782 0.071221 0.000699 0.042276
0 0 0.787152 0.095857 0.074655 0.000453 0.041883
0 0 0.875659 0.048418 0.033251 0.000289 0.042384
0 0 0.837710 0.069972 0.049174 0.000356 0.042789
0 0 0.794772 0.080977 0.081284 0.000643 0.042324
0 0 0.817321 0.068259 0.068271 0.000789 0.045360
0 0 0.688249 0.136734 0.132412 0.000911 0.041694
0 0 0.765353 0.084310 0.099136 0.001747 0.049454
0 0 0.750839 0.103719 0.098972 0.000982 0.045488
0 0 0.819947 0.059264 0.073439 0.001127 0.046222
0 0 0.792110 0.092104 0.068602 0.000643 0.046541
0 0 0.819132 0.076019 0.060854 0.000487 0.043508
0 0 0.810761 0.059929 0.080624 0.001402 0.047284
0 0 0.912343 0.026722 0.015232 0.000269 0.045433
0 0 0.882313 0.038816 0.037076 0.000396 0.041399
0 0 0.889672 0.034781 0.030010 0.000485 0.045052
0 0 0.825866 0.063891 0.046087 0.001820 0.062337
0 0 0.798121 0.078730 0.071021 0.001109 0.051018
0 0 0.801782 0.070839 0.077795 0.001050 0.048533
0 0 0.853136 0.059384 0.044676 0.000356 0.042448
0 0 0.771534 0.098270 0.084136 0.000748 0.045313
0 0 0.662707 0.107387 0.179733 0.002870 0.047303
0 0 0.838341 0.049505 0.065364 0.001090 0.045701
0 0 0.804823 0.077807 0.072480 0.000675 0.044215
0 0 0.791478 0.097499 0.068492 0.000398 0.042133
0 0 0.851275 0.057406 0.044679 0.000534 0.046106
0 0 0.844698 0.053471 0.062644 0.000446 0.038741
0 0 0.927058 0.020415 0.011352 0.000160 0.041015
0 0 0.910341 0.028295 0.014076 0.000263 0.047026
0 0 0.875629 0.046921 0.030683 0.000398 0.046369
0 0 0.875797 0.051644 0.031525 0.000210 0.040824
0 0 0.873768 0.044640 0.041275 0.000336 0.039982
0 0 0.872733 0.050257 0.033907 0.000297 0.042805
0 0 0.921154 0.025320 0.014209 0.000136 0.039181
0 0 0.867351 0.055056 0.031879 0.000319 0.045395
0 0 0.924491 0.023432 0.013469 0.000128 0.038479
0 0 0.774104 0.094185 0.084144 0.000843 0.046724
0 0 0.931411 0.018745 0.012269 0.000133 0.037442
0 0 0.915565 0.027867 0.018401 0.000150 0.038017
0 0 0.939622 0.010599 0.004346 0.000159 0.045275
0 0 0.932616 0.018591 0.010501 0.000118 0.038174
0 0 0.918334 0.022060 0.022868 0.000228 0.036509
0 0 0.915359 0.029235 0.020951 0.000108 0.034347
0 0 0.926644 0.022998 0.015357 0.000102 0.034899
0 0 0.881107 0.043895 0.029706 0.000357 0.044935
0 0 0.730527 0.143728 0.085074 0.000339 0.040331
0 0 0.895127 0.039923 0.025423 0.000178 0.039350
0 0 0.838379 0.076021 0.046755 0.000192 0.038653
0 0 0.885183 0.039930 0.033130 0.000326 0.041430
0 0 0.917973 0.028585 0.015475 0.000113 0.037854
0 0 0.921645 0.026596 0.018197 0.000089 0.033473
0 0 0.910420 0.030194 0.023278 0.000148 0.035960
0 0 0.872282 0.048373 0.036180 0.000342 0.042822
0 0 0.899486 0.036707 0.026092 0.000166 0.037549
0 0 0.822477 0.077077 0.060908 0.000303 0.039234
0 0 0.923647 0.025799 0.016302 0.000087 0.034165
0 0 0.847107 0.067333 0.044961 0.000249 0.040349
0 0 0.881686 0.046864 0.028833 0.000244 0.042373
0 0 0.887638 0.043968 0.027238 0.000208 0.040948
0 0 0.890591 0.042179 0.026648 0.000199 0.040382
0 0 0.860665 0.056014 0.039151 0.000359 0.043811
0 0 0.779447 0.109632 0.069021 0.000341 0.041560
0 0 0.906327 0.036194 0.014619 0.000133 0.042726
0 0 0.929463 0.020893 0.009852 0.000111 0.039680
0 0 0.908743 0.033101 0.012642 0.000159 0.045355
0 0 0.905371 0.034680 0.016129 0.000177 0.043644
0 0 0.924203 0.025180 0.013389 0.000099 0.037129
0 0 0.937490 0.018331 0.006724 0.000060 0.037395
0 0 0.924849 0.025358 0.010220 0.000089 0.039483
0 0 0.889259 0.050200 0.019805 0.000110 0.040625
0 0 0.950695 0.008356 0.002948 0.000059 0.037942
0 0 0.952315 0.011098 0.003121 0.000025 0.033441
0 0 0.935578 0.020789 0.007855 0.000052 0.035726
0 0 0.939332 0.014649 0.011735 0.000114 0.034169
0 0 0.932016 0.018513 0.010386 0.000128 0.038958
0 0 0.971309 0.001585 0.000352 0.000007 0.026748
0 0 0.962361 0.005941 0.002514 0.000024 0.029160
0 0 0.923465 0.026536 0.010546 0.000087 0.039366
0 0 0.919171 0.027606 0.013237 0.000119 0.039867
0 0 0.937838 0.017869 0.007688 0.000067 0.036538
0 0 0.948550 0.011755 0.005796 0.000056 0.033842
0 0 0.964269 0.004329 0.002771 0.000037 0.028593
0 0 0.911008 0.033302 0.015103 0.000121 0.040465
0 0 0.921750 0.029430 0.011880 0.000067 0.036872
0 0 0.931659 0.025374 0.007917 0.000037 0.035013
0 0 0.910101 0.036416 0.015662 0.000084 0.037737
0 0 0.929931 0.016446 0.009951 0.000228 0.043443
0 0 0.821666 0.059955 0.073684 0.000880 0.043815
0 0 0.870337 0.061344 0.027836 0.000137 0.040346
0 0 0.868883 0.054204 0.036845 0.000224 0.039844
0 0 0.885687 0.052153 0.022019 0.000114 0.040026
0 0 0.887057 0.055093 0.018903 0.000076 0.038871
0 0 0.857253 0.075620 0.028631 0.000092 0.038404
0 0 0.858439 0.072051 0.030715 0.000110 0.038684
0 0 0.894695 0.052336 0.017181 0.000049 0.035739
0 0 0.883888 0.055183 0.022172 0.000093 0.038665
0 0 0.870947 0.064805 0.027786 0.000081 0.036380
0 1 0.687763 0.172247 0.107846 0.000164 0.031980
0 1 0.466368 0.292165 0.207137 0.000310 0.034020
0 1 0.449670 0.283447 0.237373 0.000257 0.029252
0 0 0.871074 0.063753 0.025277 0.000108 0.039788
0 1 0.797203 0.105630 0.056282 0.000231 0.040654
0 1 0.748016 0.142382 0.071189 0.000199 0.038213
0 0 0.879138 0.059463 0.019552 0.000101 0.041747
0 1 0.528590 0.298763 0.133901 0.000179 0.038567
0 1 0.556772 0.278413 0.126349 0.000301 0.038166
0 2 0.394264 0.320758 0.238868 0.000645 0.045465
2 2 0.056273 0.141516 0.775728 0.007259 0.019223
2 2 0.014606 0.117120 0.837608 0.008003 0.022662
2 2 0.034635 0.105896 0.830432 0.013948 0.015090
2 2 0.020636 0.161436 0.787404 0.002302 0.028223
2 2 0.006611 0.159650 0.783803 0.003456 0.046480
2 2 0.006667 0.160269 0.783227 0.003379 0.046458
2 2 0.008993 0.087856 0.882778 0.005455 0.014918
2 2 0.006888 0.148264 0.802996 0.003069 0.038783
2 2 0.003517 0.121033 0.838159 0.003007 0.034283
2 2 0.002412 0.032191 0.953852 0.007309 0.004235
2 2 0.002685 0.033370 0.944062 0.014925 0.004958
2 2 0.001808 0.053472 0.933079 0.002268 0.009373
2 2 0.002267 0.031502 0.954043 0.007951 0.004238
2 2 0.002147 0.015836 0.973920 0.006858 0.001239
2 2 0.002712 0.024497 0.952586 0.017277 0.002927
2 2 0.000677 0.015301 0.972035 0.010046 0.001941
2 2 0.002128 0.015656 0.972201 0.008740 0.001274
2 2 0.000672 0.016112 0.974963 0.006296 0.001957
2 2 0.005708 0.030111 0.930866 0.029769 0.003545
2 2 0.000626 0.008992 0.974560 0.014981 0.000841
2 2 0.000740 0.003653 0.844773 0.150569 0.000265
2 2 0.001046 0.004761 0.726929 0.266817 0.000448
2 2 0.001494 0.006119 0.780886 0.210941 0.000560
2 2 0.001139 0.009814 0.866608 0.121221 0.001219
2 3 0.002357 0.008507 0.748176 0.240077 0.000883
2 3 0.000127 0.001033 0.547327 0.451426 0.000087
2 3 0.000417 0.002419 0.533384 0.463528 0.000253
2 3 0.000439 0.002554 0.727257 0.269542 0.000208
2 3 0.000370 0.002221 0.535003 0.462178 0.000228
3 3 0.000065 0.000614 0.399956 0.599309 0.000057
3 3 0.000722 0.003510 0.446717 0.548599 0.000452
3 3 0.000409 0.002330 0.437697 0.559288 0.000276
3 3 0.000180 0.001315 0.495970 0.502409 0.000126
2 3 0.000828 0.003981 0.565906 0.428838 0.000448
3 3 0.000549 0.002863 0.421026 0.575197 0.000365
3 3 0.000038 0.000385 0.245546 0.753990 0.000042
2 2 0.032877 0.067862 0.852773 0.038302 0.008186
2 0 0.224753 0.197149 0.549158 0.006001 0.022939
2 0 0.250406 0.204019 0.520236 0.003513 0.021826
0 0 0.373698 0.232355 0.348003 0.005765 0.040179
0 0 0.762425 0.134531 0.053589 0.000406 0.049050
0 0 0.849693 0.071630 0.033261 0.000248 0.045168
0 0 0.848886 0.085332 0.025980 0.000082 0.039720
0 0 0.770152 0.141475 0.051207 0.000104 0.037063
0 0 0.786611 0.126435 0.049055 0.000116 0.037784
0 0 0.748529 0.141918 0.072267 0.000180 0.037106
0 0 0.821552 0.102980 0.035555 0.000108 0.039806
0 1 0.359313 0.354816 0.233219 0.000414 0.052238
0 0 0.795027 0.119145 0.049421 0.000103 0.036304
0 0 0.802394 0.114619 0.042366 0.000137 0.040485
0 0 0.817155 0.104384 0.042427 0.000088 0.035946
0 1 0.558956 0.258012 0.158176 0.000104 0.024753
0 0 0.835293 0.090706 0.033220 0.000121 0.040660
0 0 0.710090 0.174152 0.082372 0.000121 0.033265
0 0 0.805549 0.099764 0.057553 0.000165 0.036969
0 1 0.715585 0.180312 0.069914 0.000100 0.034088
0 1 0.613337 0.266214 0.084375 0.000126 0.035948
0 0 0.855222 0.080660 0.023612 0.000082 0.040424
0 1 0.669358 0.181241 0.116156 0.000212 0.033032
0 1 0.766387 0.140542 0.050401 0.000187 0.042483
2 1 0.136677 0.270091 0.561390 0.000611 0.031231
2 2 0.071183 0.346869 0.511958 0.000823 0.069168
2 2 0.296859 0.325097 0.326567 0.001134 0.050343
2 2 0.094846 0.368637 0.461973 0.000869 0.073675
0 1 0.376922 0.345986 0.226157 0.000439 0.050497
2 2 0.021241 0.337833 0.533094 0.001005 0.106827
2 2 0.016139 0.155990 0.794550 0.002907 0.030414
2 2 0.078989 0.374954 0.448016 0.001881 0.096161
2 2 0.020565 0.201319 0.734639 0.001901 0.041576
2 2 0.011696 0.291601 0.580526 0.002076 0.114101
2 2 0.005194 0.091825 0.884125 0.002194 0.016661
2 2 0.004564 0.087564 0.877700 0.009060 0.021111
2 2 0.001902 0.052187 0.931544 0.004424 0.009943
2 2 0.004095 0.065162 0.921724 0.000881 0.008137
2 2 0.001716 0.024285 0.964552 0.006585 0.002862
2 2 0.000771 0.014157 0.976473 0.007090 0.001509
2 2 0.000825 0.014738 0.973240 0.009529 0.001668
2 2 0.001592 0.016442 0.965733 0.014525 0.001707
2 2 0.001124 0.032536 0.958629 0.002881 0.004829
2 2 0.000771 0.024543 0.965688 0.005025 0.003973
2 2 0.000030 0.000373 0.728590 0.270988 0.000019
2 2 0.001067 0.006496 0.814974 0.176794 0.000669
2 2 0.000264 0.001764 0.615655 0.382163 0.000154
2 2 0.000477 0.002699 0.783738 0.212882 0.000204
2 2 0.000296 0.001908 0.811841 0.185828 0.000127
2 2 0.000131 0.001075 0.692534 0.306183 0.000076
3 2 0.000148 0.001106 0.394773 0.603855 0.000118
3 3 0.000075 0.000659 0.328796 0.670401 0.000069
3 3 0.000795 0.003652 0.362835 0.632180 0.000538
3 3 0.000101 0.000864 0.479132 0.519826 0.000077
2 3 0.000590 0.003084 0.504696 0.491274 0.000355
3 3 0.000455 0.002481 0.397194 0.599552 0.000317
3 3 0.000131 0.001022 0.423688 0.575058 0.000102
3 3 0.000035 0.000346 0.189040 0.810538 0.000042
3 3 0.000244 0.001556 0.349919 0.648089 0.000192
3 3 0.000161 0.001196 0.441556 0.556966 0.000121
3 3 0.000034 0.000375 0.338067 0.661490 0.000034
3 3 0.000050 0.000450 0.186799 0.812643 0.000058
3 3 0.000075 0.000620 0.219654 0.779571 0.000080
3 3 0.000167 0.001057 0.207014 0.791599 0.000163
3 3 0.000158 0.000899 0.220239 0.778559 0.000146
3 3 0.000275 0.001011 0.149204 0.849259 0.000251
3 3 0.001721 0.002564 0.119716 0.874782 0.001217
3 3 0.000583 0.001278 0.142430 0.855256 0.000453
3 3 0.001248 0.002353 0.173069 0.822480 0.000849
3 3 0.000542 0.000920 0.083528 0.914547 0.000462
3 3 0.000453 0.000859 0.102646 0.895664 0.000377
3 3 0.000168 0.000362 0.063242 0.936054 0.000174
3 3 0.000260 0.000807 0.107250 0.891431 0.000251
3 3 0.000142 0.000352 0.066814 0.932541 0.000151
3 3 0.001253 0.000832 0.050955 0.946047 0.000913
3 3 0.000884 0.001388 0.095455 0.901576 0.000696
3 3 0.000212 0.000403 0.062235 0.936939 0.000210
3 3 0.001197 0.001331 0.079654 0.916928 0.000891
2 3 0.001221 0.005231 0.536295 0.456601 0.000652
2 2 0.004124 0.012694 0.732274 0.249435 0.001472
2 2 0.011710 0.026045 0.834330 0.125036 0.002879
2 2 0.000845 0.004058 0.798483 0.196286 0.000329
2 2 0.010344 0.035719 0.848029 0.100888 0.005020
2 2 0.002845 0.009547 0.850322 0.136440 0.000846
2 2 0.002453 0.016984 0.968050 0.011055 0.001457
2 2 0.037632 0.183138 0.740698 0.004988 0.033544
2 2 0.007657 0.099424 0.869339 0.004475 0.019106
2 2 0.007783 0.076093 0.893540 0.009223 0.013362
2 2 0.007960 0.019711 0.937935 0.032893 0.001501
2 2 0.003149 0.086283 0.887675 0.003315 0.019578
2 2 0.000612 0.003037 0.930472 0.065711 0.000168
2 2 0.012683 0.170580 0.769798 0.004245 0.042694
2 2 0.007378 0.098680 0.859021 0.011855 0.023065
2 2 0.002102 0.024256 0.965286 0.005776 0.002580
2 2 0.003032 0.043287 0.943373 0.004322 0.005987
2 2 0.003994 0.031503 0.952291 0.008756 0.003456
2 2 0.015139 0.082860 0.885759 0.005317 0.010925
2 2 0.007049 0.053213 0.926064 0.006818 0.006856
2 2 0.001614 0.026370 0.950106 0.017821 0.004089
2 2 0.010844 0.069635 0.905213 0.005271 0.009038
2 2 0.006393 0.056082 0.920351 0.008947 0.008227
2 2 0.002301 0.017256 0.969273 0.009672 0.001498
2 2 0.000934 0.011383 0.981660 0.005125 0.000898
2 2 0.012293 0.112697 0.850696 0.004394 0.019920
2 2 0.005967 0.031629 0.949754 0.009384 0.003266
2 2 0.025254 0.076189 0.874079 0.008577 0.015900
2 2 0.029156 0.048145 0.896050 0.018574 0.008076
2 2 0.187168 0.201736 0.575372 0.005247 0.030477
0 0 0.659043 0.179071 0.121738 0.000526 0.039622
0 0 0.773383 0.131233 0.058615 0.000129 0.036640
0 0 0.698954 0.162281 0.099836 0.000340 0.038589
0 0 0.707037 0.113012 0.135877 0.001250 0.042824
0 0 0.841906 0.083354 0.026289 0.000203 0.048248
0 0 0.781197 0.124690 0.055337 0.000155 0.038620
0 0 0.859070 0.079254 0.020706 0.000073 0.040897
0 0 0.860956 0.075553 0.021764 0.000089 0.041638
0 0 0.851412 0.084559 0.022893 0.000080 0.041057
0 0 0.695612 0.132464 0.129439 0.000883 0.041603
0 0 0.791030 0.120323 0.049784 0.000137 0.038726
0 0 0.842592 0.093028 0.024684 0.000069 0.039627
0 0 0.802748 0.114200 0.043752 0.000125 0.039175
0 0 0.830949 0.095770 0.034047 0.000101 0.039134
0 0 0.851656 0.084156 0.022444 0.000083 0.041660
0 0 0.837341 0.095720 0.028040 0.000074 0.038825
0 0 0.792269 0.122927 0.049549 0.000087 0.035167
0 1 0.477702 0.263867 0.210422 0.000312 0.047698
2 1 0.060727 0.323328 0.549412 0.001043 0.065490
1 1 0.187393 0.391157 0.350244 0.000710 0.070496
2 1 0.053681 0.303738 0.575133 0.001671 0.065777
2 1 0.091435 0.336688 0.507439 0.001094 0.063343
2 2 0.300858 0.306174 0.351004 0.000492 0.041471
2 2 0.068817 0.376704 0.475228 0.000576 0.078675
2 2 0.031026 0.219431 0.695975 0.004142 0.049426
2 2 0.022759 0.138958 0.812743 0.003381 0.022158
2 2 0.033855 0.192631 0.728727 0.005524 0.039264
2 2 0.010598 0.107359 0.852365 0.007912 0.021765
2 2 0.015678 0.118557 0.848318 0.001427 0.016020
2 2 0.019407 0.137968 0.814103 0.004239 0.024283
2 2 0.009335 0.149406 0.801998 0.003454 0.035807
2 2 0.022362 0.199131 0.738717 0.001618 0.038171
2 2 0.008178 0.094493 0.878316 0.003230 0.015783
2 2 0.010495 0.121749 0.845356 0.001827 0.020573
2 2 0.004229 0.027615 0.953359 0.011943 0.002854
2 2 0.004645 0.048207 0.936945 0.004116 0.006088
2 2 0.002130 0.038373 0.948739 0.005075 0.005683
2 2 0.002812 0.065260 0.912574 0.005734 0.013619
2 2 0.000284 0.002647 0.977132 0.019799 0.000138
2 2 0.017020 0.165590 0.782653 0.002458 0.032280
2 2 0.001037 0.018759 0.973405 0.004738 0.002061
2 2 0.004120 0.041883 0.945272 0.003817 0.004909
2 2 0.002413 0.043079 0.945893 0.002684 0.005931
2 2 0.000320 0.001821 0.963011 0.034771 0.000076
2 2 0.004098 0.055160 0.927354 0.004928 0.008460
2 2 0.000588 0.010754 0.974018 0.013482 0.001159
2 2 0.002511 0.025552 0.965271 0.004174 0.002492
2 2 0.008624 0.117033 0.837557 0.008655 0.028131
2 2 0.000909 0.007323 0.970896 0.020334 0.000538
2 2 0.000983 0.005475 0.973305 0.019925 0.000311
2 2 0.001654 0.016600 0.970144 0.010006 0.001596
2 2 0.001780 0.010017 0.978422 0.009158 0.000624
2 1 0.225935 0.171972 0.587031 0.001482 0.013579
2 1 0.014395 0.143897 0.807081 0.004649 0.029978
2 2 0.009461 0.098263 0.866987 0.006635 0.018654
2 2 0.011385 0.073420 0.901407 0.004356 0.009432
2 2 0.081017 0.181714 0.715062 0.001730 0.020476
2 2 0.025337 0.164199 0.780522 0.002503 0.027439
2 2 0.020960 0.080513 0.878118 0.010216 0.010193
2 2 0.041950 0.207047 0.715434 0.001895 0.033674
2 2 0.009777 0.042711 0.938848 0.004884 0.003781
2 2 0.024652 0.101604 0.861804 0.001615 0.010326
2 2 0.005655 0.023936 0.948733 0.019506 0.002169
2 2 0.062017 0.188673 0.720523 0.002628 0.026158
2 2 0.072646 0.202912 0.691730 0.003136 0.029576
2 2 0.062903 0.179494 0.736986 0.001017 0.019600
2 2 0.218934 0.314223 0.425611 0.000695 0.040537
0 0 0.721879 0.162217 0.082233 0.000130 0.033541
0 0 0.820914 0.086819 0.053959 0.000196 0.038113
0 0 0.790848 0.120873 0.048365 0.000147 0.039767
0 0 0.796562 0.121359 0.040322 0.000137 0.041620
0 0 0.807563 0.111197 0.038231 0.000156 0.042853
0 0 0.791979 0.123361 0.044388 0.000133 0.040139
0 0 0.733310 0.145353 0.087402 0.000160 0.033775
0 0 0.745646 0.146341 0.067552 0.000226 0.040235
0 0 0.740456 0.152326 0.069366 0.000171 0.037680
0 0 0.815292 0.104648 0.041700 0.000113 0.038247
0 0 0.856465 0.083170 0.021962 0.000057 0.038346
0 0 0.871525 0.071753 0.018218 0.000052 0.038453
0 0 0.868379 0.070642 0.020265 0.000078 0.040636
0 0 0.818828 0.106609 0.035512 0.000095 0.038956
0 1 0.611722 0.259045 0.096912 0.000124 0.032196
0 0 0.622923 0.159399 0.175521 0.001358 0.040799
0 0 0.889183 0.054963 0.016422 0.000067 0.039366
0 0 0.887799 0.057474 0.015444 0.000057 0.039225
0 0 0.882399 0.063081 0.014219 0.000052 0.040249
0 0 0.924184 0.026794 0.008123 0.000071 0.040828
0 0 0.910686 0.041962 0.008215 0.000034 0.039102
0 0 0.901636 0.050465 0.010672 0.000032 0.037195
0 0 0.881619 0.063365 0.017596 0.000050 0.037370
0 0 0.889605 0.060420 0.013646 0.000032 0.036297
0 0 0.905856 0.045609 0.010885 0.000038 0.037611
0 0 0.889709 0.057743 0.014487 0.000045 0.038015
0 0 0.895628 0.054904 0.013530 0.000034 0.035905
0 0 0.885321 0.064783 0.014300 0.000029 0.035568
0 0 0.837828 0.067524 0.051708 0.000389 0.042551
0 0 0.870970 0.071503 0.017705 0.000058 0.039764
0 0 0.860492 0.064510 0.026552 0.000268 0.048179
0 0 0.894747 0.051888 0.014037 0.000057 0.039271
0 0 0.902946 0.046933 0.010620 0.000044 0.039457
0 0 0.895860 0.053404 0.012818 0.000041 0.037876
0 0 0.889838 0.050799 0.018666 0.000100 0.040596
0 0 0.878238 0.060956 0.020930 0.000087 0.039789
0 0 0.797489 0.081572 0.074445 0.000781 0.045713
0 0 0.906861 0.045228 0.011793 0.000036 0.036082
0 0 0.894815 0.051757 0.013830 0.000057 0.039541
0 0 0.896873 0.052226 0.012776 0.000043 0.038081
0 0 0.876324 0.069651 0.016616 0.000041 0.037368
0 0 0.916528 0.039159 0.007683 0.000026 0.036604
0 0 0.865549 0.076554 0.021365 0.000048 0.036485
0 0 0.882431 0.058027 0.019582 0.000085 0.039876
0 0 0.900393 0.049818 0.011838 0.000040 0.037912
0 0 0.870096 0.072079 0.020621 0.000052 0.037152
0 0 0.884597 0.063587 0.016676 0.000035 0.035106
0 0 0.862830 0.077731 0.023177 0.000051 0.036212
0 0 0.693812 0.184806 0.090085 0.000103 0.031194
0 1 0.786675 0.145236 0.033348 0.000040 0.034701
0 1 0.768936 0.148849 0.044522 0.000086 0.037606
0 1 0.409894 0.359635 0.175432 0.000270 0.054769
0 0 0.833014 0.104564 0.026129 0.000045 0.036247
0 0 0.905941 0.045785 0.011532 0.000037 0.036705
0 0 0.856849 0.047797 0.034131 0.001429 0.059794
0 0 0.893641 0.050677 0.015556 0.000073 0.040052
0 0 0.915807 0.036947 0.006719 0.000036 0.040491
0 0 0.874398 0.068396 0.017033 0.000060 0.040112
0 0 0.854699 0.079255 0.027105 0.000085 0.038856
0 0 0.868853 0.071571 0.019955 0.000067 0.039554
0 0 0.889492 0.058917 0.013329 0.000041 0.038221
0 0 0.886907 0.060183 0.013997 0.000046 0.038867
0 1 0.690793 0.204618 0.059793 0.000105 0.044691
0 1 0.686769 0.188302 0.086450 0.000225 0.038254
0 1 0.677125 0.209390 0.072312 0.000134 0.041039
0 1 0.684562 0.209110 0.062772 0.000133 0.043424
1 2 0.124929 0.403048 0.369686 0.001774 0.100563
2 2 0.262419 0.316175 0.372218 0.001045 0.048143
0 2 0.374969 0.331723 0.245671 0.000560 0.047077
0 2 0.726972 0.154062 0.082910 0.000184 0.035873
0 2 0.434224 0.333243 0.186125 0.000292 0.046117
2 2 0.199855 0.307940 0.448026 0.001102 0.043077
0 0 0.837691 0.094841 0.030574 0.000066 0.036828
0 0 0.791550 0.115911 0.058054 0.000106 0.034380
0 0 0.854605 0.080768 0.023569 0.000086 0.040971
0 0 0.867234 0.071621 0.021844 0.000073 0.039228
0 0 0.830678 0.092328 0.038476 0.000115 0.038403
0 0 0.813050 0.114271 0.035768 0.000070 0.036841
0 0 0.830760 0.097942 0.031513 0.000094 0.039691
0 1 0.590408 0.213278 0.167610 0.000221 0.028483
0 1 0.473027 0.319027 0.164160 0.000266 0.043520
0 1 0.784541 0.122689 0.056481 0.000121 0.036167
0 0 0.850644 0.083580 0.029056 0.000069 0.036652
0 1 0.483006 0.329359 0.147178 0.000103 0.040353
0 1 0.491676 0.275938 0.202690 0.000186 0.029510
0 2 0.346650 0.323263 0.289538 0.000423 0.040126
2 2 0.203353 0.295543 0.461833 0.000980 0.038291
0 0 0.649032 0.189951 0.124513 0.000355 0.036149
0 0 0.742965 0.156292 0.068290 0.000084 0.032370
2 1 0.121215 0.226403 0.624401 0.001391 0.026590
2 2 0.023703 0.133628 0.816491 0.004602 0.021576
2 2 0.010307 0.122130 0.842401 0.002681 0.022480
2 2 0.010343 0.105372 0.859018 0.005520 0.019749
2 2 0.013496 0.108350 0.849070 0.008570 0.020514
2 2 0.018269 0.102392 0.861167 0.004003 0.014169
2 2 0.031515 0.132572 0.816971 0.002287 0.016654
2 2 0.017642 0.116044 0.844793 0.003722 0.017799
2 2 0.007552 0.037620 0.944877 0.006416 0.003534
2 2 0.010556 0.072133 0.898587 0.008165 0.010559
2 2 0.005847 0.032930 0.953952 0.004400 0.002871
2 2 0.008247 0.050834 0.930732 0.004645 0.005543
2 2 0.002700 0.034967 0.953838 0.004241 0.004254
2 2 0.012207 0.062975 0.914662 0.003481 0.006675
2 2 0.001847 0.024219 0.967756 0.003690 0.002489
2 2 0.001171 0.024024 0.969376 0.002677 0.002751
2 2 0.004281 0.062401 0.918598 0.004537 0.010183
2 2 0.001229 0.018712 0.975476 0.002832 0.001751
2 2 0.001290 0.010480 0.978412 0.009056 0.000762
2 2 0.002000 0.010693 0.970556 0.016007 0.000744
2 2 0.000708 0.017912 0.970414 0.008518 0.002448
2 2 0.000238 0.002694 0.965555 0.031346 0.000167
2 2 0.000861 0.015852 0.961149 0.019988 0.002149
2 2 0.001215 0.005029 0.913441 0.079985 0.000330
2 2 0.001301 0.011664 0.949771 0.036067 0.001198
2 2 0.000405 0.005703 0.979841 0.013615 0.000436
2 2 0.000126 0.000970 0.939046 0.059817 0.000040
2 2 0.000706 0.004873 0.942536 0.051537 0.000348
2 2 0.000384 0.002301 0.811328 0.185827 0.000160
2 2 0.001919 0.017278 0.954206 0.024674 0.001923
2 2 0.000694 0.005527 0.963755 0.029633 0.000391
2 2 0.000192 0.001374 0.872752 0.125607 0.000075
2 2 0.001431 0.022978 0.945175 0.026791 0.003625
2 2 0.001506 0.013459 0.962407 0.021311 0.001316
2 2 0.000192 0.001827 0.962937 0.034951 0.000093
2 3 0.000157 0.001201 0.841953 0.156621 0.000068
2 3 0.000265 0.001779 0.655798 0.342010 0.000148
2 3 0.000305 0.001967 0.733825 0.263754 0.000150
2 3 0.000086 0.000789 0.653165 0.345906 0.000054
2 2 0.000498 0.004135 0.894382 0.100639 0.000346
2 2 0.005941 0.016290 0.807838 0.168180 0.001752
2 2 0.033180 0.106482 0.838153 0.008183 0.014001
2 2 0.005503 0.018767 0.958690 0.015672 0.001369
2 2 0.007842 0.031967 0.944818 0.012417 0.002955
2 2 0.004242 0.016160 0.967158 0.011350 0.001090
2 2 0.002798 0.022785 0.954654 0.017221 0.002541
2 2 0.000380 0.002031 0.968921 0.028585 0.000083
2 2 0.002559 0.008648 0.896358 0.091766 0.000668
2 2 0.004205 0.036591 0.942475 0.011998 0.004731
2 2 0.000624 0.005185 0.978581 0.015290 0.000320
2 2 0.036248 0.053780 0.864444 0.040163 0.005365
2 2 0.018827 0.090624 0.860279 0.015667 0.014603
2 2 0.006089 0.027022 0.942870 0.021347 0.002672
2 2 0.001105 0.004308 0.970354 0.024031 0.000202
2 2 0.000528 0.002701 0.940513 0.056119 0.000140
2 2 0.001829 0.009235 0.977421 0.010961 0.000553
2 2 0.017882 0.034548 0.904135 0.040294 0.003140
2 2 0.002504 0.019019 0.969930 0.006926 0.001620
2 2 0.000656 0.003575 0.978859 0.016745 0.000166
2 2 0.001953 0.013814 0.960471 0.022500 0.001262
2 2 0.000727 0.005699 0.971552 0.021640 0.000381
2 2 0.000890 0.007507 0.983426 0.007705 0.000472
2 2 0.002350 0.012421 0.973926 0.010460 0.000842
2 3 0.001322 0.005298 0.922665 0.070375 0.000340
2 3 0.000885 0.004333 0.915952 0.078545 0.000285
2 3 0.000110 0.000940 0.626713 0.372167 0.000070
2 3 0.001618 0.006506 0.733894 0.257331 0.000650
2 3 0.005075 0.014663 0.771566 0.207050 0.001646
2 3 0.003528 0.011186 0.830908 0.153312 0.001066
2 0 0.225874 0.181944 0.573514 0.002303 0.016365
2 0 0.358623 0.232326 0.385591 0.001012 0.022447
2 1 0.053636 0.239931 0.646205 0.006701 0.053526
2 1 0.141628 0.240651 0.581658 0.002827 0.033236
2 1 0.181644 0.235160 0.552519 0.002211 0.028466
2 2 0.040561 0.159993 0.759888 0.010325 0.029234
2 2 0.072326 0.187677 0.708668 0.004258 0.027072
2 2 0.022166 0.073589 0.889201 0.006979 0.008064
0 2 0.396488 0.240561 0.339316 0.000692 0.022943
2 1 0.356041 0.231432 0.385887 0.001743 0.024897
0 0 0.389750 0.239469 0.346360 0.000850 0.023572
2 1 0.011974 0.236195 0.674918 0.002457 0.074457
2 2 0.007071 0.111612 0.846644 0.007588 0.027086
2 2 0.014227 0.117038 0.835651 0.009444 0.023639
2 2 0.001848 0.023616 0.961701 0.009976 0.002859
2 2 0.001937 0.019159 0.968558 0.008467 0.001879
2 2 0.015243 0.217353 0.699562 0.004146 0.063696
2 2 0.001801 0.024796 0.966018 0.004651 0.002734
2 2 0.002189 0.017754 0.971617 0.006931 0.001509
2 2 0.002994 0.065882 0.916876 0.002578 0.011671
2 2 0.019326 0.100563 0.859752 0.005873 0.014486
2 2 0.003342 0.015480 0.959630 0.020314 0.001234
2 2 0.002327 0.033387 0.950787 0.008760 0.004740
2 2 0.002948 0.024699 0.957601 0.012065 0.002688
2 2 0.001653 0.005985 0.953534 0.038486 0.000341
2 2 0.000540 0.014917 0.977748 0.005017 0.001778
2 2 0.001881 0.011542 0.965382 0.020283 0.000912
2 2 0.002759 0.025888 0.957410 0.010998 0.002945
2 2 0.002559 0.038915 0.948661 0.004541 0.005324
2 2 0.000737 0.009245 0.981079 0.008197 0.000742
2 2 0.002509 0.012215 0.956282 0.028031 0.000963
2 2 0.014054 0.084508 0.863019 0.015064 0.023355
2 2 0.005482 0.073326 0.877172 0.022746 0.021274
2 2 0.002799 0.037983 0.926792 0.021686 0.010740
2 2 0.003319 0.045816 0.902389 0.032629 0.015847
2 2 0.022495 0.185693 0.610853 0.013978 0.166981
4 2 0.058110 0.313295 0.217582 0.002220 0.408793
4 4 0.144640 0.132890 0.036085 0.000469 0.685916
4 4 0.119318 0.288026 0.094254 0.000628 0.497774
4 4 0.038861 0.370491 0.183266 0.001787 0.405594
4 4 0.043880 0.273695 0.112721 0.000931 0.568772
4 4 0.125571 0.347047 0.077455 0.000403 0.449524
4 4 0.039816 0.127545 0.066951 0.001346 0.764343
4 4 0.089932 0.192698 0.074594 0.001299 0.641476
4 4 0.081032 0.219240 0.071392 0.000711 0.627625
4 4 0.172117 0.097417 0.039785 0.000590 0.690090
4 4 0.102357 0.255584 0.112490 0.001053 0.528515
4 4 0.088387 0.131575 0.058043 0.001654 0.720342
4 4 0.100684 0.129200 0.039656 0.000588 0.729872
4 4 0.111489 0.325184 0.082264 0.000518 0.480545
4 4 0.113877 0.155653 0.058292 0.001348 0.670830
4 4 0.114638 0.017343 0.002335 0.000024 0.865661
4 4 0.068830 0.137940 0.013356 0.000010 0.779863
4 4 0.046605 0.217025 0.035885 0.000047 0.700438
4 4 0.058880 0.090082 0.010078 0.000012 0.840948
4 4 0.084480 0.141234 0.012562 0.000010 0.761714
4 4 0.123047 0.040823 0.004571 0.000019 0.831540
4 4 0.098637 0.019988 0.002164 0.000011 0.879200
4 4 0.074512 0.085730 0.009700 0.000016 0.830042
4 4 0.113491 0.019887 0.003047 0.000038 0.863537
4 4 0.097917 0.040982 0.006428 0.000045 0.854628
4 4 0.068102 0.015163 0.002210 0.000018 0.914507
4 4 0.084771 0.039087 0.006349 0.000043 0.869750
4 4 0.210616 0.159303 0.008867 0.000006 0.621208
4 4 0.103802 0.132922 0.014750 0.000024 0.748502
4 4 0.064649 0.014315 0.002463 0.000029 0.918544
4 4 0.086090 0.069279 0.009832 0.000034 0.834764
4 4 0.150075 0.017851 0.001525 0.000007 0.830541
4 4 0.074791 0.164025 0.018095 0.000018 0.743071
4 4 0.132456 0.126680 0.013433 0.000025 0.727406
4 4 0.150214 0.132359 0.010004 0.000010 0.707413
4 4 0.057082 0.182394 0.011473 0.000002 0.749049
4 4 0.076129 0.086752 0.009796 0.000016 0.827307
4 4 0.070720 0.170652 0.020258 0.000022 0.738348
4 4 0.029810 0.134169 0.024944 0.000037 0.811040
4 4 0.094455 0.129082 0.016151 0.000031 0.760281
4 4 0.041418 0.221271 0.028081 0.000018 0.709212
4 4 0.050131 0.164495 0.025099 0.000035 0.760240
4 4 0.081887 0.056337 0.009729 0.000057 0.851990
4 4 0.075411 0.016288 0.003042 0.000045 0.905213
4 4 0.087194 0.019908 0.003058 0.000030 0.889809
4 4 0.100645 0.015552 0.002048 0.000019 0.881736
4 4 0.072106 0.025703 0.003992 0.000028 0.898171
4 4 0.154562 0.047341 0.004116 0.000011 0.793969
4 4 0.029446 0.162797 0.025650 0.000023 0.782083
4 4 0.074895 0.033980 0.004832 0.000024 0.886270
4 4 0.055434 0.012324 0.001717 0.000012 0.930513
4 4 0.050269 0.247612 0.027601 0.000015 0.674502
4 4 0.100889 0.015670 0.002870 0.000056 0.880516
4 4 0.094092 0.074115 0.006906 0.000010 0.824877
4 4 0.050128 0.122079 0.016308 0.000021 0.811464
4 4 0.041913 0.095637 0.052771 0.000783 0.808896
4 4 0.031380 0.402955 0.143477 0.000521 0.421667
1 4 0.021230 0.473145 0.187421 0.000433 0.317771
4 4 0.070382 0.105411 0.044266 0.000810 0.779131
1 4 0.022873 0.437413 0.140866 0.000292 0.398556
4 4 0.034551 0.296455 0.123454 0.000736 0.544804
1 4 0.260853 0.337834 0.079129 0.000269 0.321915
0 4 0.432301 0.281780 0.074188 0.000230 0.211502
4 4 0.120313 0.354338 0.070836 0.000274 0.454239
1 2 0.130950 0.409517 0.184829 0.000580 0.274124
1 2 0.031933 0.446380 0.227931 0.000634 0.293122
1 2 0.016441 0.439819 0.266071 0.001054 0.276615
1 2 0.019252 0.431932 0.285136 0.001566 0.262115
2 2 0.015650 0.347108 0.449151 0.001560 0.186531
2 2 0.013561 0.363323 0.396461 0.004082 0.222573
1 2 0.009015 0.348318 0.321685 0.001724 0.319258
2 2 0.005807 0.215178 0.679875 0.004715 0.094425
2 2 0.017818 0.306673 0.556414 0.002950 0.116145
2 2 0.008753 0.183910 0.749574 0.003352 0.054411
2 2 0.020816 0.291388 0.493457 0.003639 0.190700
2 2 0.001792 0.039584 0.924201 0.025699 0.008723
2 2 0.009172 0.082663 0.885584 0.008269 0.014312
2 2 0.005639 0.104531 0.854174 0.008783 0.026872
2 2 0.001708 0.042024 0.943584 0.005340 0.007343
2 2 0.002423 0.052851 0.925188 0.008867 0.010671
2 2 0.000998 0.027413 0.957909 0.009051 0.004629
2 2 0.000638 0.012823 0.976747 0.008388 0.001404
2 2 0.000496 0.007884 0.981179 0.009768 0.000672
2 2 0.001131 0.008914 0.966343 0.022894 0.000718
2 2 0.000927 0.020368 0.968682 0.007325 0.002698
2 2 0.000467 0.004770 0.975911 0.018532 0.000320
2 2 0.001004 0.020649 0.967537 0.008079 0.002731
2 2 0.000301 0.006007 0.980193 0.012968 0.000530
2 2 0.000913 0.006225 0.949376 0.043018 0.000468
2 2 0.000219 0.003990 0.981920 0.013578 0.000293
2 2 0.000395 0.005642 0.944994 0.048415 0.000555
2 2 0.000716 0.005056 0.961134 0.032758 0.000336
2 2 0.000691 0.009244 0.923969 0.064953 0.001143
2 2 0.000817 0.004257 0.872333 0.122276 0.000317
2 2 0.000386 0.007218 0.953739 0.037836 0.000822
2 2 0.000199 0.001447 0.675754 0.322489 0.000111
2 2 0.000222 0.001541 0.544125 0.453969 0.000143
3 2 0.000942 0.003497 0.350036 0.644920 0.000605
2 2 0.006834 0.017629 0.864192 0.109643 0.001701
2 2 0.000819 0.003957 0.814570 0.180345 0.000310
2 2 0.002209 0.010039 0.895370 0.091462 0.000919
2 2 0.000663 0.003421 0.781383 0.214258 0.000275
2 2 0.001300 0.005965 0.880138 0.112126 0.000471
2 2 0.000659 0.003332 0.868633 0.127150 0.000225
2 2 0.000384 0.002279 0.847630 0.149559 0.000148
2 2 0.000238 0.001618 0.847850 0.150197 0.000097
2 2 0.000448 0.003529 0.896363 0.099389 0.000271
2 3 0.000244 0.001666 0.799831 0.198148 0.000110
2 3 0.000395 0.002353 0.799368 0.197716 0.000168
2 3 0.000199 0.001442 0.624142 0.374098 0.000119
3 3 0.000253 0.001670 0.477564 0.520339 0.000173
3 3 0.000142 0.001107 0.485192 0.513456 0.000103
3 3 0.000093 0.000752 0.285614 0.713454 0.000088
3 3 0.000029 0.000293 0.146737 0.852902 0.000039
3 3 0.000188 0.001259 0.302322 0.696070 0.000161
3 3 0.000375 0.000722 0.087531 0.911041 0.000331
3 3 0.002291 0.007310 0.361547 0.627298 0.001554
3 3 0.000375 0.001973 0.381304 0.616084 0.000265
3 3 0.000875 0.001091 0.077375 0.919973 0.000686
3 3 0.000478 0.002213 0.259871 0.737060 0.000378
3 3 0.000525 0.000794 0.074385 0.923848 0.000448
3 3 0.000975 0.000826 0.057170 0.940284 0.000744
3 3 0.002352 0.001234 0.053703 0.941168 0.001543
3 3 0.000519 0.000479 0.047284 0.951280 0.000438
3 3 0.000771 0.000566 0.045431 0.952623 0.000608
3 3 0.001091 0.000498 0.034032 0.963576 0.000803
3 3 0.000840 0.000442 0.034702 0.963369 0.000647
3 3 0.001061 0.000678 0.045840 0.951629 0.000792
3 3 0.001124 0.000964 0.061388 0.935685 0.000839
3 3 0.000714 0.000863 0.069110 0.928736 0.000578
3 3 0.000700 0.000533 0.045049 0.953158 0.000560
3 3 0.000822 0.000380 0.030546 0.967618 0.000632
3 3 0.000939 0.000794 0.056159 0.941388 0.000720
3 3 0.000796 0.000498 0.039780 0.958305 0.000621
3 3 0.000201 0.000121 0.021165 0.978319 0.000194
3 3 0.000928 0.000312 0.023938 0.974129 0.000693
3 3 0.001733 0.000606 0.032518 0.963966 0.001177
3 3 0.000684 0.000437 0.037965 0.960368 0.000546
3 3 0.001150 0.000844 0.053815 0.943338 0.000852
3 3 0.001193 0.000371 0.024814 0.972767 0.000855
3 3 0.000384 0.000222 0.026984 0.972075 0.000335
3 3 0.003240 0.000826 0.031752 0.962205 0.001977
3 3 0.000802 0.000499 0.039655 0.958419 0.000625
3 3 0.000928 0.000291 0.022440 0.975650 0.000691
3 3 0.001163 0.000457 0.030517 0.967019 0.000843
3 3 0.001805 0.000938 0.047591 0.948432 0.001233
3 3 0.001264 0.000433 0.027870 0.969532 0.000901
3 3 0.000798 0.000354 0.028992 0.969241 0.000615
3 3 0.001634 0.000984 0.052154 0.944090 0.001139
3 3 0.001149 0.000404 0.027412 0.970203 0.000832
3 3 0.000833 0.000363 0.029063 0.969102 0.000638
3 3 0.000555 0.000157 0.016330 0.982512 0.000446
3 3 0.002415 0.000887 0.039186 0.955952 0.001561
3 3 0.001131 0.000305 0.021276 0.976474 0.000814
3 3 0.001152 0.000396 0.026839 0.970781 0.000833
3 3 0.000428 0.000607 0.064432 0.934156 0.000377
3 3 0.000932 0.000507 0.037441 0.960414 0.000707
3 3 0.000941 0.000654 0.046998 0.950689 0.000718
3 3 0.000522 0.000715 0.067833 0.930484 0.000445
3 3 0.000591 0.000557 0.050947 0.947416 0.000489
3 3 0.000612 0.000561 0.050433 0.947890 0.000503
3 3 0.000346 0.000375 0.045986 0.952981 0.000313
3 3 0.000327 0.000303 0.038993 0.960081 0.000296
3 3 0.007843 0.014159 0.395473 0.578956 0.003569
2 3 0.003366 0.010952 0.625353 0.358898 0.001431
2 2 0.004810 0.014161 0.738133 0.241231 0.001665
2 2 0.002489 0.008856 0.677894 0.309733 0.001027
2 2 0.004804 0.013877 0.841697 0.138272 0.001350
2 2 0.004477 0.014967 0.805323 0.173540 0.001693
2 2 0.003203 0.010547 0.783365 0.201802 0.001083
2 2 0.013687 0.031993 0.800033 0.150160 0.004126
2 2 0.022958 0.067540 0.822415 0.076102 0.010986
2 2 0.006809 0.021231 0.865017 0.104600 0.002342
2 2 0.008921 0.035406 0.822391 0.127730 0.005552
2 2 0.003243 0.010784 0.887657 0.097400 0.000916
2 2 0.001774 0.016163 0.964980 0.015474 0.001609
2 2 0.003875 0.025484 0.946759 0.021035 0.002848
2 2 0.003416 0.017026 0.950032 0.027982 0.001543
2 2 0.012590 0.113325 0.837355 0.012228 0.024502
2 2 0.004165 0.037856 0.924864 0.027207 0.005907
2 2 0.000990 0.009701 0.943797 0.044511 0.001001
2 2 0.000461 0.002490 0.925664 0.071251 0.000134
2 2 0.001282 0.005076 0.941060 0.052284 0.000299
2 2 0.004372 0.035411 0.925756 0.029240 0.005221
2 2 0.002595 0.014043 0.948845 0.033257 0.001259
2 2 0.002431 0.023305 0.957146 0.014422 0.002697
2 2 0.001094 0.006505 0.941640 0.050274 0.000488
2 2 0.007848 0.196318 0.719051 0.005410 0.071372
2 2 0.008043 0.075729 0.885786 0.015927 0.014514
2 2 0.012955 0.182004 0.731113 0.013178 0.060750
2 2 0.006436 0.132457 0.810362 0.009912 0.040834
2 2 0.006202 0.110183 0.845120 0.009584 0.028911
2 2 0.006979 0.238912 0.629764 0.006641 0.117705
2 2 0.036020 0.291125 0.428438 0.009687 0.234730
2 2 0.011818 0.253576 0.616719 0.007474 0.110414
4 2 0.012976 0.292675 0.169864 0.000928 0.523557
4 2 0.031903 0.305482 0.235522 0.001400 0.425693
4 4 0.025346 0.155892 0.072549 0.000643 0.745570
4 4 0.030673 0.110791 0.049143 0.000581 0.808813
4 4 0.068631 0.231652 0.086766 0.000331 0.612621
4 4 0.042686 0.242335 0.096439 0.000766 0.617774
4 4 0.021987 0.260426 0.106362 0.000459 0.610765
4 4 0.007332 0.263067 0.202725 0.001298 0.525578
4 4 0.021710 0.292910 0.153125 0.001072 0.531183
4 4 0.021067 0.213920 0.117117 0.001041 0.646854
4 4 0.010343 0.266116 0.167697 0.000933 0.554911
4 4 0.017452 0.244555 0.124751 0.000737 0.612506
4 4 0.022331 0.270293 0.190694 0.001013 0.515669
4 4 0.005112 0.309705 0.261515 0.001379 0.422290
4 4 0.009902 0.222258 0.165198 0.001405 0.601237
4 4 0.004843 0.234042 0.213545 0.001441 0.546129
4 4 0.021091 0.251403 0.115469 0.000635 0.611401
4 4 0.012891 0.312467 0.116490 0.000225 0.557927
4 4 0.030494 0.211223 0.077410 0.000402 0.680471
4 4 0.009910 0.294896 0.163951 0.000628 0.530615
1 4 0.087447 0.396345 0.264507 0.001436 0.250265
1 4 0.062877 0.474220 0.267523 0.001149 0.194231
4 4 0.229325 0.124638 0.109776 0.001828 0.534434
4 4 0.196630 0.305680 0.136090 0.000782 0.360818
1 4 0.123972 0.509970 0.148040 0.000286 0.217731
1 4 0.104598 0.481081 0.209975 0.000745 0.203601
1 4 0.192592 0.359648 0.237880 0.001221 0.208659
1 4 0.053638 0.426239 0.384444 0.001013 0.134666
2 4 0.041150 0.393882 0.439773 0.001169 0.124026
1 4 0.097065 0.431798 0.364039 0.000739 0.106358
2 4 0.056098 0.332438 0.507184 0.001738 0.102543
2 2 0.012001 0.225996 0.672865 0.006411 0.082726
2 2 0.020906 0.170498 0.772561 0.003125 0.032911
2 2 0.013720 0.201224 0.727374 0.003321 0.054361
0 0 0.394997 0.205491 0.363509 0.003793 0.032211
0 0 0.596554 0.265203 0.087739 0.000743 0.049762
0 0 0.708454 0.189374 0.061115 0.000115 0.040943
1 1 0.186161 0.449446 0.261993 0.000585 0.101815
1 1 0.272573 0.439464 0.202643 0.000289 0.085032
1 1 0.101079 0.402861 0.397610 0.001211 0.097239
0 0 0.727700 0.147469 0.083443 0.000349 0.041039
1 1 0.247480 0.419935 0.255620 0.000406 0.076560
2 1 0.116949 0.341235 0.473879 0.001644 0.066293
1 2 0.217067 0.410587 0.299645 0.000447 0.072253
2 2 0.060946 0.306525 0.564137 0.001970 0.066422
2 2 0.122269 0.308485 0.521824 0.000938 0.046485
0 0 0.824416 0.099497 0.036694 0.000110 0.039282
0 0 0.568496 0.222551 0.169862 0.000849 0.038241
0 0 0.858806 0.080598 0.019274 0.000067 0.041255
0 0 0.735552 0.165642 0.061686 0.000124 0.036996
0 1 0.387610 0.385452 0.164054 0.000214 0.062669
1 1 0.245602 0.457991 0.191939 0.000394 0.104074
0 1 0.754371 0.134075 0.071524 0.000251 0.039778
1 1 0.204712 0.408468 0.318714 0.000357 0.067749
1 1 0.207440 0.377598 0.346804 0.000467 0.067690
2 1 0.108719 0.345172 0.477623 0.001396 0.067091
2 2 0.073722 0.399192 0.425366 0.001021 0.100698
2 2 0.080680 0.254105 0.624433 0.001622 0.039161
2 2 0.085907 0.234088 0.645535 0.001688 0.032782
2 2 0.136403 0.278772 0.548718 0.000807 0.035300
2 2 0.044136 0.208685 0.716862 0.000966 0.029351
2 2 0.074565 0.177125 0.726845 0.001639 0.019826
2 2 0.051928 0.226280 0.684873 0.001492 0.035427
2 2 0.058443 0.179292 0.736865 0.002146 0.023253
2 2 0.053592 0.154681 0.768272 0.003495 0.019960
2 2 0.031775 0.112953 0.836862 0.004365 0.014045
2 2 0.134294 0.265724 0.565051 0.001059 0.033871
2 2 0.058786 0.158859 0.762645 0.001832 0.017879
2 2 0.122182 0.237337 0.605809 0.002331 0.032341
2 2 0.065715 0.185624 0.722311 0.002251 0.024099
2 2 0.142112 0.306425 0.507545 0.000837 0.043082
2 2 0.095606 0.264038 0.601411 0.001195 0.037750
2 2 0.064502 0.175606 0.740507 0.000960 0.018425
2 2 0.025578 0.109445 0.844484 0.005474 0.015020
2 2 0.009430 0.068037 0.910321 0.003670 0.008542
2 2 0.004778 0.030696 0.959076 0.002931 0.002519
2 2 0.009232 0.047265 0.935252 0.003767 0.004485
2 2 0.013513 0.067332 0.911066 0.001813 0.006277
2 2 0.002765 0.047241 0.941321 0.002250 0.006423
2 2 0.001145 0.020760 0.972260 0.003578 0.002257
2 2 0.000633 0.011669 0.974796 0.011636 0.001266
2 2 0.000997 0.025813 0.962740 0.006534 0.003916
2 2 0.001062 0.004584 0.957873 0.036233 0.000249
2 2 0.000189 0.007375 0.987229 0.004460 0.000747
2 2 0.000262 0.005805 0.990252 0.003274 0.000408
2 2 0.000235 0.003653 0.987621 0.008268 0.000222
2 2 0.000832 0.011173 0.974884 0.012047 0.001064
2 2 0.000308 0.003827 0.980080 0.015540 0.000245
2 2 0.000503 0.009674 0.985283 0.003737 0.000804
2 2 0.000300 0.002594 0.969840 0.027127 0.000139
2 2 0.007361 0.065957 0.911895 0.005299 0.009488
2 2 0.000522 0.012664 0.980106 0.005345 0.001363
2 2 0.000489 0.002656 0.978651 0.018092 0.000111
2 2 0.000316 0.009491 0.982274 0.006881 0.001038
2 2 0.000329 0.005173 0.982013 0.012096 0.000389
2 2 0.003263 0.014087 0.964474 0.017156 0.001020
