0 0 0.926941 0.026413 0.002390 0.000013 0.044243
0 0 0.838469 0.028306 0.006742 0.000175 0.126308
0 0 0.902480 0.005462 0.004152 0.000932 0.086974
0 0 0.935181 0.007292 0.003791 0.000517 0.053220
0 0 0.803836 0.057592 0.019315 0.000867 0.118389
0 0 0.679670 0.125693 0.033768 0.000879 0.159989
0 0 0.758751 0.080359 0.014201 0.000190 0.146498
0 0 0.711093 0.110613 0.015712 0.000135 0.162447
0 0 0.690012 0.173541 0.031366 0.000420 0.104661
0 0 0.452418 0.297035 0.059168 0.000745 0.190633
0 0 0.684808 0.156689 0.028222 0.000366 0.129915
0 0 0.774029 0.128207 0.022516 0.000317 0.074931
0 0 0.773602 0.128301 0.020122 0.000230 0.077744
0 0 0.719899 0.079649 0.026955 0.001103 0.172394
0 0 0.910458 0.012370 0.006221 0.000729 0.070222
0 0 0.770610 0.044808 0.024229 0.001618 0.158735
0 0 0.837202 0.002648 0.001474 0.000206 0.158471
0 0 0.780001 0.049495 0.032775 0.002180 0.135548
0 0 0.786166 0.080962 0.018941 0.000436 0.113495
0 0 0.857437 0.028949 0.010802 0.000646 0.102167
0 0 0.822277 0.017036 0.009421 0.001109 0.150157
0 0 0.847699 0.008465 0.007532 0.002075 0.134228
0 0 0.808158 0.010664 0.006651 0.000985 0.173541
0 0 0.787804 0.015485 0.010014 0.001507 0.185189
0 0 0.861658 0.007152 0.005490 0.001297 0.124404
0 0 0.509188 0.011558 0.013186 0.004404 0.461664
0 0 0.790296 0.006597 0.007352 0.003116 0.192639
0 0 0.822859 0.005173 0.005551 0.002322 0.164094
0 0 0.713214 0.009171 0.010787 0.004562 0.262266
0 0 0.774800 0.023390 0.013961 0.001750 0.186098
0 0 0.588095 0.026228 0.022377 0.004460 0.358840
0 0 0.652359 0.021829 0.014046 0.001804 0.309962
0 0 0.826985 0.005015 0.004902 0.001749 0.161350
0 0 0.801449 0.016378 0.009359 0.001142 0.171671
0 0 0.781024 0.010441 0.011820 0.004940 0.191775
0 0 0.732801 0.005990 0.008576 0.005416 0.247217
0 0 0.920046 0.002559 0.002619 0.001236 0.073541
0 0 0.960496 0.002218 0.001310 0.000265 0.035711
0 0 0.951904 0.002171 0.001666 0.000521 0.043738
0 0 0.885668 0.004449 0.003974 0.001321 0.104587
0 0 0.907961 0.002840 0.003191 0.001722 0.084287
0 0 0.918079 0.005925 0.004623 0.001117 0.070256
0 0 0.929826 0.005509 0.004454 0.001341 0.058870
0 0 0.920051 0.003918 0.004240 0.002147 0.069643
0 0 0.836191 0.008912 0.011491 0.003425 0.139981
0 0 0.934431 0.006446 0.003514 0.000524 0.055084
0 0 0.892515 0.017035 0.008040 0.000797 0.081613
0 0 0.935451 0.003331 0.002961 0.001108 0.057148
0 0 0.914672 0.007195 0.006545 0.002307 0.069281
0 0 0.898588 0.011432 0.005926 0.000717 0.083337
0 0 0.946453 0.006832 0.003425 0.000456 0.042834
0 0 0.917451 0.009380 0.004977 0.000662 0.067529
0 0 0.878785 0.008836 0.007611 0.002239 0.102529
0 0 0.847577 0.014892 0.011527 0.002120 0.123884
0 0 0.929719 0.006407 0.003229 0.000413 0.060232
0 0 0.920667 0.003414 0.002594 0.000705 0.072619
0 0 0.887703 0.011993 0.005514 0.000526 0.094264
0 0 0.929463 0.004141 0.003868 0.001534 0.060994
0 0 0.925421 0.003607 0.002967 0.000936 0.067069
0 0 0.921567 0.006695 0.003877 0.000621 0.067240
0 0 0.948790 0.004740 0.002731 0.000480 0.043260
0 0 0.948197 0.006397 0.002839 0.000307 0.042260
0 0 0.964915 0.001293 0.000829 0.000206 0.032757
0 0 0.924289 0.007637 0.003487 0.000365 0.064222
0 0 0.915815 0.009929 0.005789 0.000879 0.067587
0 0 0.916147 0.008806 0.004657 0.000616 0.069774
0 0 0.941508 0.004798 0.003277 0.000761 0.049656
0 0 0.918715 0.012267 0.005528 0.000543 0.062946
0 0 0.947679 0.006026 0.003143 0.000454 0.042699
0 0 0.946600 0.004763 0.002895 0.000555 0.045188
0 0 0.874624 0.014114 0.012618 0.001761 0.096883
0 0 0.912241 0.007946 0.005504 0.001176 0.073132
0 0 0.932544 0.006348 0.003605 0.000576 0.056927
0 0 0.930776 0.006438 0.003720 0.000605 0.058461
0 0 0.939591 0.005857 0.003616 0.000688 0.050248
0 0 0.929181 0.005233 0.004740 0.001353 0.059493
0 0 0.945756 0.005827 0.003252 0.000527 0.044638
0 0 0.944214 0.006197 0.003473 0.000563 0.045553
0 0 0.939627 0.003707 0.001878 0.000259 0.054529
0 0 0.954784 0.003366 0.001951 0.000362 0.039536
0 0 0.966513 0.005281 0.001590 0.000094 0.026522
0 0 0.971215 0.002372 0.000812 0.000065 0.025536
0 0 0.890585 0.047234 0.006088 0.000058 0.056035
0 0 0.717798 0.157770 0.021480 0.000177 0.102775
0 0 0.792184 0.110727 0.013062 0.000091 0.083936
0 0 0.946911 0.008272 0.002737 0.000172 0.041908
0 0 0.965912 0.000531 0.000468 0.000221 0.032868
0 0 0.970386 0.002224 0.000901 0.000098 0.026392
0 0 0.954619 0.004298 0.001452 0.000101 0.039530
0 0 0.924846 0.006177 0.002927 0.000332 0.065718
0 0 0.958513 0.005374 0.002170 0.000209 0.033734
0 0 0.949325 0.002200 0.001123 0.000168 0.047185
0 0 0.949976 0.007576 0.002188 0.000110 0.040151
0 0 0.961437 0.006420 0.001901 0.000106 0.030136
0 0 0.940063 0.005685 0.002798 0.000356 0.051098
0 0 0.933557 0.007173 0.001864 0.000073 0.057333
0 0 0.944906 0.011403 0.002371 0.000064 0.041257
0 0 0.969425 0.007129 0.001524 0.000049 0.021872
0 0 0.964390 0.008289 0.002008 0.000078 0.025235
0 0 0.958951 0.006023 0.002240 0.000185 0.032601
0 0 0.852764 0.009100 0.002694 0.000113 0.135328
0 0 0.912740 0.014945 0.003445 0.000100 0.068770
0 0 0.907589 0.011421 0.004344 0.000308 0.076339
0 0 0.888104 0.015913 0.003077 0.000062 0.092843
0 0 0.864320 0.005881 0.001537 0.000054 0.128207
0 0 0.862674 0.005521 0.002105 0.000146 0.129554
0 0 0.857594 0.007869 0.002781 0.000163 0.131592
0 0 0.796396 0.002721 0.001325 0.000139 0.199419
0 0 0.892547 0.017608 0.002423 0.000027 0.087395
0 0 0.904629 0.015372 0.002731 0.000049 0.077219
0 0 0.899997 0.011731 0.003450 0.000152 0.084670
0 0 0.841872 0.013767 0.003840 0.000139 0.140382
0 0 0.823033 0.054719 0.006776 0.000053 0.115420
0 0 0.917090 0.009780 0.002477 0.000088 0.070565
0 0 0.835065 0.024884 0.004860 0.000089 0.135102
0 0 0.818641 0.008823 0.002785 0.000126 0.169625
0 0 0.866921 0.043841 0.004502 0.000027 0.084708
0 0 0.801853 0.078133 0.007323 0.000034 0.112658
0 0 0.872869 0.069114 0.005414 0.000021 0.052582
0 0 0.841660 0.036018 0.004788 0.000044 0.117491
0 0 0.682237 0.177491 0.037045 0.000639 0.102589
1 0 0.181567 0.424570 0.103096 0.001359 0.289408
1 1 0.274156 0.383716 0.080764 0.000932 0.260432
1 1 0.129222 0.379327 0.113158 0.001209 0.377083
4 1 0.083454 0.206416 0.200486 0.002813 0.506832
4 1 0.044280 0.364468 0.137244 0.002692 0.451317
4 2 0.034185 0.337000 0.218101 0.005581 0.405134
1 2 0.055898 0.364906 0.267253 0.003930 0.308013
1 2 0.032293 0.461849 0.178800 0.003520 0.323538
2 2 0.004043 0.250318 0.631033 0.004369 0.110237
1 2 0.023819 0.431512 0.263585 0.006044 0.275040
2 2 0.009267 0.205954 0.628475 0.019633 0.136670
2 2 0.002469 0.131464 0.781038 0.002145 0.082884
2 2 0.011698 0.249414 0.586210 0.006341 0.146336
2 2 0.001470 0.102599 0.837056 0.002872 0.056003
2 2 0.002233 0.073241 0.870618 0.003415 0.050493
2 2 0.002585 0.131166 0.789688 0.004515 0.072046
2 2 0.000048 0.008016 0.979276 0.011802 0.000857
2 2 0.003740 0.141176 0.774754 0.003084 0.077247
2 2 0.000158 0.020817 0.971530 0.002170 0.005324
2 2 0.000004 0.000551 0.936648 0.062788 0.000009
2 2 0.000002 0.000436 0.933306 0.066249 0.000006
2 2 0.000002 0.000409 0.939267 0.060317 0.000006
2 2 0.000012 0.000998 0.875384 0.123581 0.000025
2 2 0.000001 0.000231 0.934196 0.065570 0.000002
2 2 0.000000 0.000130 0.930230 0.069639 0.000001
2 2 0.000000 0.000112 0.902522 0.097365 0.000001
2 2 0.000000 0.000087 0.889932 0.109980 0.000000
2 2 0.000000 0.000049 0.821949 0.178001 0.000000
2 2 0.000000 0.000141 0.784289 0.215568 0.000001
2 3 0.000000 0.000057 0.764669 0.235274 0.000000
2 3 0.000000 0.000099 0.744672 0.255228 0.000001
2 3 0.000000 0.000029 0.895305 0.104666 0.000000
3 3 0.000000 0.000050 0.415082 0.584866 0.000001
3 3 0.000001 0.000097 0.384946 0.614954 0.000003
2 3 0.000000 0.000042 0.721927 0.278030 0.000000
3 3 0.000001 0.000069 0.391616 0.608311 0.000003
2 3 0.000000 0.000027 0.579491 0.420481 0.000000
3 3 0.000000 0.000032 0.419217 0.580750 0.000001
3 3 0.000001 0.000059 0.375941 0.623996 0.000003
3 3 0.000001 0.000046 0.244809 0.755142 0.000003
3 3 0.000000 0.000017 0.191967 0.808015 0.000001
3 3 0.000025 0.000128 0.078460 0.921329 0.000057
3 3 0.000002 0.000051 0.167541 0.832402 0.000005
3 3 0.000000 0.000010 0.256892 0.743098 0.000000
3 3 0.000001 0.000045 0.222223 0.777729 0.000003
3 3 0.000001 0.000039 0.162862 0.837094 0.000003
3 3 0.000001 0.000024 0.079463 0.920507 0.000004
3 3 0.000000 0.000025 0.162613 0.837360 0.000002
3 3 0.000001 0.000033 0.162126 0.837838 0.000003
3 3 0.000000 0.000021 0.194534 0.805444 0.000001
3 3 0.000001 0.000026 0.143093 0.856877 0.000003
3 3 0.000002 0.000038 0.090858 0.909093 0.000008
3 3 0.000001 0.000037 0.141438 0.858520 0.000004
3 3 0.000002 0.000030 0.078319 0.921641 0.000007
3 3 0.000000 0.000025 0.201253 0.798720 0.000001
3 3 0.000002 0.000051 0.132590 0.867349 0.000007
3 3 0.000000 0.000012 0.125697 0.874290 0.000001
3 3 0.000001 0.000026 0.157624 0.842346 0.000003
3 3 0.000000 0.000026 0.213344 0.786629 0.000001
3 3 0.000000 0.000012 0.110563 0.889425 0.000001
3 3 0.000000 0.000005 0.204218 0.795777 0.000000
3 3 0.000000 0.000007 0.097743 0.902250 0.000001
3 3 0.000001 0.000022 0.091796 0.908178 0.000003
3 3 0.000000 0.000013 0.157547 0.842439 0.000001
3 3 0.000001 0.000028 0.168769 0.831201 0.000002
3 3 0.000000 0.000015 0.152449 0.847535 0.000001
3 3 0.000002 0.000037 0.089425 0.910529 0.000007
3 3 0.000002 0.000016 0.042819 0.957159 0.000005
3 3 0.000000 0.000005 0.230944 0.769052 0.000000
3 3 0.000000 0.000021 0.137392 0.862585 0.000001
3 3 0.000003 0.000040 0.100840 0.899108 0.000008
3 3 0.000001 0.000023 0.102932 0.897041 0.000003
3 3 0.000000 0.000015 0.092025 0.907957 0.000002
3 3 0.000002 0.000033 0.095802 0.904158 0.000006
3 3 0.000003 0.000032 0.060824 0.939130 0.000010
3 3 0.000000 0.000017 0.116476 0.883506 0.000002
3 3 0.000000 0.000012 0.151639 0.848348 0.000001
3 3 0.000000 0.000009 0.203490 0.796501 0.000000
3 3 0.000001 0.000019 0.088053 0.911925 0.000003
3 3 0.000000 0.000017 0.181999 0.817983 0.000001
3 3 0.000000 0.000008 0.119336 0.880655 0.000000
3 3 0.000000 0.000009 0.070838 0.929152 0.000001
3 3 0.000000 0.000009 0.158751 0.841240 0.000000
3 3 0.000000 0.000003 0.152372 0.847625 0.000000
3 3 0.000000 0.000013 0.113510 0.886477 0.000001
3 3 0.000000 0.000006 0.190485 0.809509 0.000000
2 3 0.001102 0.006979 0.505251 0.485337 0.001330
3 3 0.000000 0.000067 0.453728 0.546203 0.000002
2 3 0.000000 0.000032 0.663686 0.336282 0.000000
2 3 0.000001 0.000107 0.535912 0.463977 0.000003
2 2 0.000001 0.000253 0.807723 0.192020 0.000003
2 2 0.000000 0.000041 0.764502 0.235457 0.000000
2 2 0.000000 0.000075 0.769337 0.230587 0.000000
2 2 0.000006 0.000770 0.922169 0.077042 0.000013
2 2 0.000002 0.000432 0.892105 0.107456 0.000005
2 2 0.000008 0.000724 0.835123 0.164126 0.000019
2 2 0.000000 0.000179 0.898280 0.101540 0.000001
2 2 0.000112 0.003839 0.934387 0.061491 0.000170
2 0 0.237453 0.206325 0.457505 0.027182 0.071535
0 0 0.501964 0.271767 0.048750 0.000532 0.176987
1 2 0.185528 0.308153 0.294336 0.002178 0.209805
2 2 0.303182 0.250983 0.335167 0.001762 0.108906
1 2 0.188591 0.413874 0.134299 0.001863 0.261372
0 2 0.352972 0.339111 0.102184 0.001199 0.204534
0 2 0.508749 0.257006 0.089913 0.000774 0.143557
1 2 0.152303 0.381349 0.258061 0.003563 0.204724
2 2 0.030110 0.251281 0.591879 0.005926 0.120804
0 0 0.742681 0.145213 0.027116 0.000410 0.084580
0 0 0.662417 0.185943 0.022233 0.000136 0.129271
0 0 0.566909 0.238223 0.040723 0.000433 0.153711
0 0 0.683445 0.176809 0.028280 0.000301 0.111166
0 0 0.488672 0.278661 0.056189 0.000749 0.175729
0 2 0.368967 0.331752 0.105104 0.002070 0.192107
1 2 0.233278 0.345073 0.239527 0.001960 0.180162
0 2 0.454064 0.295632 0.068461 0.001136 0.180707
1 2 0.198814 0.393771 0.180274 0.003596 0.223545
1 2 0.186577 0.328332 0.324797 0.005898 0.154396
2 2 0.033117 0.170344 0.725240 0.007553 0.063746
2 2 0.011990 0.150943 0.771665 0.006375 0.059027
2 2 0.002052 0.020207 0.966452 0.007006 0.004283
2 2 0.010849 0.073694 0.879513 0.014249 0.021696
2 2 0.006745 0.077749 0.882362 0.008306 0.024838
2 2 0.000519 0.009653 0.972158 0.016635 0.001036
2 2 0.000963 0.010513 0.965420 0.021912 0.001192
2 2 0.006016 0.042695 0.929355 0.010827 0.011107
2 2 0.006918 0.073354 0.888008 0.008867 0.022853
2 2 0.011064 0.051392 0.908762 0.017662 0.011120
2 2 0.027237 0.200355 0.677560 0.016171 0.078676
2 2 0.004650 0.035782 0.940311 0.010632 0.008625
2 2 0.011240 0.077027 0.879997 0.008234 0.023501
2 2 0.005886 0.049346 0.921547 0.009653 0.013568
2 2 0.151417 0.165563 0.610393 0.019223 0.053404
0 0 0.626524 0.172934 0.123521 0.004137 0.072884
0 0 0.711594 0.153329 0.060545 0.003495 0.071037
0 0 0.777142 0.119510 0.046156 0.001239 0.055954
0 0 0.689207 0.161595 0.071721 0.004050 0.073426
0 0 0.745638 0.137913 0.048887 0.002408 0.065154
1 1 0.265196 0.336116 0.227471 0.006614 0.164603
1 2 0.278295 0.328381 0.227822 0.007239 0.158263
2 2 0.152808 0.254868 0.480315 0.010389 0.101620
2 2 0.056753 0.176760 0.683655 0.021094 0.061738
2 2 0.036636 0.239435 0.604698 0.021202 0.098029
2 2 0.024436 0.211467 0.666270 0.010646 0.087181
2 2 0.005365 0.071928 0.892856 0.006853 0.022999
2 2 0.008576 0.089814 0.861829 0.013038 0.026744
2 2 0.005311 0.057892 0.911882 0.007812 0.017103
2 2 0.001950 0.035081 0.949421 0.003685 0.009863
2 2 0.000182 0.008674 0.986255 0.003702 0.001188
2 2 0.000139 0.012951 0.981937 0.003075 0.001897
2 2 0.022804 0.063631 0.877196 0.020393 0.015975
0 1 0.353163 0.315550 0.167758 0.009195 0.154334
2 1 0.029757 0.180131 0.707419 0.015246 0.067447
2 2 0.021358 0.179749 0.714425 0.015433 0.069035
2 2 0.001194 0.017866 0.971637 0.005776 0.003527
2 2 0.004821 0.052049 0.920607 0.007544 0.014978
2 2 0.000189 0.005475 0.982474 0.011370 0.000491
2 2 0.000944 0.016597 0.973203 0.006250 0.003007
2 2 0.000262 0.005754 0.986880 0.006435 0.000669
2 2 0.000344 0.011785 0.979885 0.006356 0.001629
2 2 0.005176 0.026326 0.950154 0.012471 0.005873
2 2 0.000065 0.001943 0.987796 0.010073 0.000123
2 2 0.000054 0.001950 0.981124 0.016771 0.000101
2 2 0.000035 0.001596 0.977859 0.020441 0.000069
2 2 0.000022 0.001312 0.968577 0.030045 0.000044
2 2 0.000008 0.000604 0.988992 0.010376 0.000020
2 2 0.000002 0.000369 0.974655 0.024967 0.000007
2 2 0.000016 0.001058 0.973792 0.025101 0.000034
0 1 0.345183 0.248524 0.284623 0.024090 0.097580
2 1 0.022374 0.230162 0.636109 0.013148 0.098207
2 2 0.000261 0.004951 0.974005 0.020395 0.000388
2 2 0.001100 0.011068 0.969353 0.017071 0.001408
2 2 0.000006 0.000571 0.981895 0.017513 0.000015
2 2 0.000066 0.002608 0.977633 0.019553 0.000141
2 2 0.000010 0.000702 0.985398 0.013868 0.000023
2 2 0.000002 0.000314 0.980468 0.019210 0.000006
2 2 0.000005 0.000500 0.984752 0.014730 0.000013
2 2 0.000008 0.000558 0.992099 0.007315 0.000021
2 2 0.000001 0.000162 0.974705 0.025130 0.000002
2 2 0.000011 0.000832 0.978154 0.020977 0.000025
2 2 0.000658 0.009181 0.956806 0.032558 0.000797
2 2 0.010790 0.036920 0.936655 0.008162 0.007474
0 2 0.632352 0.186009 0.091521 0.007302 0.082815
2 2 0.041851 0.231534 0.613846 0.020109 0.092659
2 2 0.030094 0.152758 0.739575 0.025029 0.052544
0 1 0.339061 0.221682 0.336444 0.020937 0.081876
2 2 0.046504 0.226331 0.610884 0.028471 0.087810
2 2 0.003196 0.029980 0.940534 0.021068 0.005221
2 2 0.003419 0.022218 0.945263 0.025583 0.003517
2 2 0.016874 0.058007 0.876188 0.037530 0.011401
0 2 0.450417 0.233019 0.212168 0.004240 0.100155
0 0 0.761420 0.130498 0.043833 0.001994 0.062254
0 0 0.811017 0.071934 0.039637 0.001213 0.076198
0 0 0.697318 0.153552 0.077699 0.002935 0.068496
0 0 0.762328 0.122286 0.058915 0.001144 0.055326
0 0 0.686603 0.157062 0.083645 0.002451 0.070240
0 0 0.840852 0.089812 0.023992 0.000546 0.044799
0 0 0.704027 0.160933 0.053663 0.002244 0.079133
1 1 0.295585 0.353495 0.156965 0.006133 0.187822
1 2 0.236089 0.321767 0.284963 0.005007 0.152174
2 2 0.018636 0.092137 0.839965 0.021710 0.027552
2 2 0.008150 0.068525 0.890298 0.014251 0.018776
2 2 0.000095 0.002792 0.977235 0.019714 0.000164
2 2 0.000550 0.014590 0.970501 0.012506 0.001853
2 2 0.000038 0.002849 0.983612 0.013343 0.000157
2 2 0.000643 0.009899 0.967886 0.020529 0.001043
2 2 0.000012 0.000950 0.967087 0.031926 0.000026
2 2 0.000002 0.000417 0.933827 0.065749 0.000006
2 2 0.000042 0.003370 0.978256 0.018156 0.000176
2 2 0.000006 0.000664 0.958953 0.040363 0.000014
2 2 0.000006 0.000670 0.954069 0.045242 0.000013
2 2 0.000001 0.000237 0.972062 0.027696 0.000003
2 2 0.000004 0.000577 0.944708 0.054701 0.000010
2 2 0.000009 0.000714 0.981766 0.017490 0.000021
2 2 0.000555 0.009109 0.939967 0.049676 0.000693
2 2 0.000165 0.006350 0.977982 0.014984 0.000519
2 2 0.000008 0.000676 0.981166 0.018130 0.000019
2 2 0.000359 0.006134 0.969044 0.023958 0.000505
2 2 0.000003 0.000452 0.973468 0.026068 0.000009
2 2 0.000002 0.000314 0.960933 0.038747 0.000004
2 2 0.000004 0.000480 0.967058 0.032448 0.000009
2 2 0.000000 0.000052 0.982930 0.017017 0.000000
2 2 0.000001 0.000262 0.972578 0.027154 0.000004
2 2 0.042870 0.101882 0.778622 0.047935 0.028690
2 2 0.000244 0.009704 0.970057 0.019143 0.000852
2 2 0.000002 0.000496 0.981961 0.017530 0.000011
2 2 0.000006 0.000589 0.973152 0.026240 0.000014
2 2 0.000001 0.000177 0.971058 0.028762 0.000002
2 2 0.000000 0.000125 0.967095 0.032778 0.000001
2 2 0.000001 0.000221 0.981891 0.017884 0.000004
2 2 0.000000 0.000114 0.975295 0.024590 0.000001
2 2 0.000000 0.000067 0.955155 0.044778 0.000000
2 2 0.000000 0.000097 0.942153 0.057749 0.000001
2 2 0.000000 0.000133 0.975204 0.024661 0.000001
2 2 0.000000 0.000117 0.967724 0.032158 0.000001
2 2 0.000060 0.002497 0.977904 0.019408 0.000131
2 2 0.000000 0.000058 0.951918 0.048023 0.000000
2 2 0.000000 0.000152 0.961547 0.038299 0.000001
2 2 0.000026 0.001428 0.969638 0.028858 0.000051
2 2 0.000015 0.001176 0.979242 0.019525 0.000041
2 2 0.001827 0.080941 0.742960 0.003292 0.170981
4 2 0.004574 0.170629 0.318278 0.003332 0.503188
4 2 0.002591 0.187344 0.243424 0.001422 0.565219
4 4 0.007306 0.104756 0.094689 0.002650 0.790598
4 4 0.004211 0.065843 0.040885 0.001182 0.887879
4 4 0.033413 0.265597 0.095483 0.001591 0.603916
4 4 0.003038 0.093744 0.060418 0.001690 0.841110
4 4 0.003049 0.181983 0.300799 0.001932 0.512237
4 4 0.005861 0.099987 0.056308 0.001438 0.836406
4 4 0.004663 0.156054 0.067641 0.001002 0.770641
4 4 0.020208 0.139379 0.041838 0.000457 0.798118
4 4 0.009997 0.144555 0.054658 0.000761 0.790028
4 4 0.008304 0.093443 0.041649 0.000764 0.855841
4 4 0.005062 0.163983 0.079527 0.001465 0.749963
4 4 0.001542 0.068541 0.041161 0.000884 0.887873
4 4 0.001615 0.029268 0.050242 0.002510 0.916365
4 4 0.005101 0.057860 0.064591 0.005605 0.866842
4 4 0.002852 0.047166 0.049599 0.003417 0.896967
4 4 0.007749 0.153811 0.070939 0.001324 0.766178
4 4 0.044459 0.158318 0.029931 0.000172 0.767120
4 4 0.010750 0.055990 0.011342 0.000056 0.921860
4 4 0.001587 0.037344 0.016723 0.000224 0.944122
4 4 0.002498 0.094564 0.029938 0.000225 0.872775
4 4 0.005536 0.056653 0.014133 0.000087 0.923591
4 4 0.001185 0.003489 0.006112 0.000602 0.988612
4 4 0.002185 0.008520 0.006419 0.000264 0.982612
4 4 0.016954 0.064026 0.009672 0.000031 0.909318
4 4 0.001108 0.028500 0.013966 0.000207 0.956219
4 4 0.004457 0.035081 0.011174 0.000105 0.949184
4 4 0.105831 0.150166 0.010944 0.000014 0.733044
4 4 0.001032 0.036102 0.024534 0.000540 0.937792
4 4 0.001131 0.068131 0.023847 0.000182 0.906709
4 4 0.000982 0.015740 0.009555 0.000211 0.973513
4 4 0.002832 0.037717 0.014184 0.000160 0.945107
4 4 0.001820 0.075052 0.020234 0.000108 0.902787
4 4 0.014938 0.116643 0.016913 0.000048 0.851458
4 4 0.001438 0.055184 0.020514 0.000187 0.922677
4 2 0.002596 0.032458 0.018088 0.000406 0.946452
4 2 0.002706 0.048437 0.014988 0.000116 0.933754
4 2 0.028205 0.140624 0.012788 0.000018 0.818365
4 2 0.004384 0.247827 0.096832 0.001158 0.649799
1 2 0.045610 0.469171 0.102172 0.000765 0.382282
4 4 0.003452 0.174458 0.091364 0.001269 0.729456
4 4 0.003442 0.158075 0.094393 0.001434 0.742656
4 4 0.007709 0.223016 0.121663 0.002515 0.645097
4 4 0.014307 0.412812 0.119510 0.001116 0.452254
4 4 0.002325 0.123525 0.062860 0.001064 0.810227
4 4 0.005434 0.202270 0.098860 0.001866 0.691570
4 4 0.002912 0.090777 0.058726 0.001640 0.845944
4 4 0.005709 0.306812 0.113968 0.001325 0.572186
1 2 0.013882 0.461869 0.154363 0.001886 0.368000
4 2 0.005390 0.256233 0.105969 0.001473 0.630934
4 2 0.003702 0.185951 0.112629 0.001436 0.696283
4 2 0.007873 0.270479 0.157508 0.002597 0.561542
1 2 0.003717 0.447541 0.147462 0.001261 0.400018
4 2 0.026184 0.356194 0.207423 0.007951 0.402248
2 2 0.004390 0.194637 0.475150 0.003084 0.322739
4 2 0.011582 0.270331 0.171453 0.004155 0.542478
2 2 0.001192 0.100698 0.816829 0.001271 0.080010
2 2 0.001229 0.095917 0.743411 0.001609 0.157834
2 2 0.000009 0.000759 0.977881 0.021328 0.000022
2 2 0.000007 0.001010 0.969822 0.029137 0.000026
2 2 0.007032 0.053948 0.823081 0.108707 0.007231
2 2 0.003834 0.081791 0.866972 0.032223 0.015180
2 2 0.000046 0.004077 0.982025 0.013608 0.000245
2 2 0.000026 0.002150 0.979372 0.018358 0.000094
2 2 0.000169 0.005402 0.919624 0.074480 0.000325
2 2 0.000278 0.008640 0.943471 0.047036 0.000574
2 2 0.000095 0.003242 0.895836 0.100676 0.000151
2 2 0.000003 0.000476 0.920699 0.078816 0.000006
2 2 0.000410 0.021273 0.953564 0.022517 0.002236
2 2 0.000077 0.003046 0.940449 0.056305 0.000124
2 2 0.000174 0.007306 0.927061 0.065071 0.000387
2 2 0.000081 0.005281 0.979595 0.014679 0.000364
2 2 0.000012 0.002183 0.979755 0.017967 0.000083
2 2 0.000007 0.000930 0.957528 0.041513 0.000021
2 2 0.000013 0.000980 0.892540 0.106439 0.000027
2 2 0.000052 0.002480 0.932992 0.064388 0.000088
2 2 0.000012 0.000995 0.960265 0.038702 0.000026
2 2 0.000019 0.001371 0.941486 0.057088 0.000036
2 2 0.000000 0.000064 0.880757 0.119178 0.000000
2 2 0.000003 0.000431 0.840234 0.159324 0.000007
2 2 0.000033 0.001792 0.799723 0.198395 0.000058
2 2 0.000049 0.001179 0.649441 0.349234 0.000097
2 2 0.000006 0.000631 0.811503 0.187848 0.000013
2 2 0.000007 0.000444 0.599759 0.399772 0.000018
2 3 0.000018 0.000914 0.664598 0.334432 0.000037
2 3 0.000007 0.000386 0.574224 0.425366 0.000017
2 3 0.000164 0.002490 0.503094 0.494002 0.000251
2 3 0.000008 0.000413 0.525573 0.473987 0.000019
3 3 0.000015 0.000484 0.452529 0.546938 0.000034
2 3 0.000002 0.000305 0.664586 0.335102 0.000006
3 3 0.000003 0.000218 0.413951 0.585821 0.000008
3 3 0.000013 0.000309 0.347219 0.652427 0.000032
3 3 0.000006 0.000238 0.370895 0.628845 0.000016
3 3 0.000090 0.000974 0.351645 0.647124 0.000167
3 3 0.000160 0.001625 0.387906 0.610044 0.000264
3 3 0.000077 0.000617 0.236448 0.762709 0.000149
3 3 0.000097 0.000755 0.273687 0.725278 0.000183
3 3 0.000099 0.000778 0.263971 0.734968 0.000184
3 3 0.005318 0.016053 0.377916 0.595836 0.004877
3 3 0.000005 0.000197 0.332544 0.667243 0.000012
3 3 0.000022 0.000324 0.231636 0.767969 0.000049
3 3 0.000009 0.000139 0.192540 0.807290 0.000023
3 3 0.000037 0.000312 0.158161 0.841413 0.000077
3 3 0.000242 0.001435 0.294781 0.703145 0.000397
3 3 0.000065 0.000586 0.221532 0.777694 0.000123
3 3 0.001617 0.004792 0.339430 0.652124 0.002037
3 3 0.000004 0.000131 0.223710 0.776145 0.000011
2 3 0.000004 0.000553 0.755258 0.244174 0.000010
2 3 0.000001 0.000382 0.860500 0.139113 0.000004
3 3 0.000004 0.000210 0.431197 0.568578 0.000010
2 3 0.000006 0.000373 0.613414 0.386190 0.000016
2 3 0.000003 0.000332 0.648973 0.350683 0.000009
2 3 0.000022 0.000908 0.625689 0.373335 0.000046
3 3 0.000004 0.000167 0.338927 0.660893 0.000010
3 3 0.000008 0.000318 0.429404 0.570251 0.000019
2 3 0.000001 0.000144 0.523844 0.476008 0.000003
3 3 0.000006 0.000122 0.196965 0.802890 0.000017
3 3 0.000002 0.000172 0.493618 0.506203 0.000005
3 3 0.000031 0.000256 0.157196 0.842450 0.000068
3 3 0.000021 0.000218 0.175905 0.823805 0.000050
3 3 0.000001 0.000029 0.131832 0.868135 0.000003
3 3 0.000022 0.000147 0.089021 0.910761 0.000049
3 3 0.000013 0.000143 0.143903 0.855910 0.000032
3 3 0.000008 0.000169 0.185340 0.814462 0.000021
3 3 0.000003 0.000041 0.085432 0.914513 0.000010
3 3 0.000003 0.000062 0.167042 0.832885 0.000008
3 3 0.000007 0.000084 0.099170 0.900720 0.000019
3 3 0.000001 0.000067 0.215629 0.784298 0.000004
3 3 0.000030 0.000262 0.183887 0.815752 0.000068
3 3 0.000002 0.000055 0.143813 0.856124 0.000006
3 3 0.000002 0.000048 0.135179 0.864764 0.000007
3 3 0.000006 0.000104 0.159761 0.840112 0.000017
3 3 0.000002 0.000047 0.134558 0.865388 0.000005
3 3 0.000009 0.000151 0.201188 0.798629 0.000022
3 3 0.000009 0.000109 0.109911 0.889947 0.000023
3 3 0.000011 0.000111 0.111103 0.888747 0.000027
3 3 0.000003 0.000074 0.185679 0.814234 0.000009
3 3 0.000018 0.000162 0.135130 0.864648 0.000043
3 3 0.000002 0.000060 0.161743 0.838188 0.000007
3 3 0.000005 0.000104 0.170304 0.829576 0.000012
3 3 0.000010 0.000107 0.115993 0.883863 0.000026
3 3 0.000008 0.000112 0.135683 0.864175 0.000022
3 3 0.000015 0.000143 0.145529 0.854276 0.000038
3 3 0.000001 0.000047 0.175242 0.824705 0.000005
3 3 0.000001 0.000023 0.083196 0.916777 0.000003
3 3 0.000002 0.000060 0.180331 0.819601 0.000006
3 3 0.000031 0.000248 0.144443 0.855210 0.000068
3 3 0.000005 0.000097 0.131592 0.868291 0.000014
3 3 0.000003 0.000089 0.188677 0.811223 0.000008
3 3 0.000010 0.000154 0.144442 0.855372 0.000023
3 3 0.000024 0.000144 0.079075 0.920705 0.000052
2 2 0.005672 0.024810 0.620111 0.344250 0.005157
3 2 0.000003 0.000096 0.247441 0.752453 0.000008
3 2 0.000015 0.000465 0.309314 0.690174 0.000032
2 2 0.000003 0.000439 0.786643 0.212907 0.000007
2 2 0.000004 0.000612 0.848557 0.150817 0.000010
2 2 0.000002 0.000225 0.572631 0.427135 0.000007
2 2 0.000182 0.005628 0.886859 0.107085 0.000247
2 2 0.000004 0.000460 0.973135 0.026392 0.000009
2 2 0.000000 0.000078 0.922510 0.077411 0.000000
2 2 0.000029 0.002273 0.969443 0.028166 0.000090
2 2 0.000001 0.000247 0.969614 0.030135 0.000003
2 2 0.000008 0.000754 0.962874 0.036346 0.000017
2 2 0.000000 0.000148 0.944711 0.055139 0.000001
2 2 0.000000 0.000134 0.916095 0.083770 0.000001
2 2 0.000001 0.000208 0.936826 0.062964 0.000002
2 2 0.000009 0.000822 0.958405 0.040745 0.000019
2 2 0.000000 0.000050 0.873321 0.126629 0.000000
2 2 0.000000 0.000060 0.943727 0.056213 0.000000
2 2 0.000000 0.000110 0.904521 0.095369 0.000001
2 2 0.000022 0.001754 0.872481 0.125704 0.000039
2 2 0.000149 0.004858 0.905864 0.088916 0.000212
2 2 0.000013 0.001054 0.959030 0.039875 0.000028
2 2 0.000001 0.000264 0.959564 0.040167 0.000003
2 2 0.000001 0.000279 0.971501 0.028214 0.000004
2 2 0.000003 0.000491 0.926747 0.072752 0.000007
2 2 0.000023 0.001574 0.931938 0.066422 0.000042
2 2 0.000002 0.000371 0.966480 0.033141 0.000006
2 2 0.000000 0.000025 0.951094 0.048881 0.000000
2 2 0.000000 0.000038 0.936279 0.063683 0.000000
2 2 0.000000 0.000034 0.958301 0.041665 0.000000
2 2 0.000000 0.000065 0.933630 0.066304 0.000000
2 2 0.000000 0.000028 0.935330 0.064641 0.000000
2 2 0.000000 0.000005 0.866192 0.133803 0.000000
2 2 0.000000 0.000047 0.881043 0.118910 0.000000
2 2 0.000000 0.000011 0.943384 0.056605 0.000000
2 2 0.000001 0.000162 0.970415 0.029421 0.000002
2 2 0.000000 0.000011 0.913265 0.086724 0.000000
2 2 0.000000 0.000023 0.900510 0.099467 0.000000
2 2 0.000002 0.000362 0.921063 0.078569 0.000004
2 2 0.000000 0.000013 0.892259 0.107728 0.000000
2 2 0.000000 0.000051 0.916405 0.083543 0.000000
2 2 0.000000 0.000035 0.917733 0.082231 0.000000
2 2 0.000000 0.000060 0.950714 0.049226 0.000000
2 2 0.000000 0.000051 0.898620 0.101329 0.000000
2 2 0.000000 0.000020 0.925381 0.074600 0.000000
2 2 0.000001 0.000298 0.943647 0.056050 0.000003
2 2 0.000000 0.000022 0.942513 0.057465 0.000000
2 2 0.000001 0.000230 0.925494 0.074273 0.000002
2 2 0.000001 0.000241 0.899721 0.100035 0.000002
2 2 0.000001 0.000176 0.748183 0.251638 0.000003
2 2 0.000002 0.000379 0.925409 0.074206 0.000005
2 2 0.000000 0.000057 0.838403 0.161539 0.000000
2 2 0.000000 0.000061 0.879379 0.120561 0.000000
2 2 0.000000 0.000086 0.914793 0.085120 0.000000
2 2 0.000001 0.000203 0.800864 0.198931 0.000002
2 2 0.000001 0.000134 0.672258 0.327606 0.000002
2 2 0.000007 0.000931 0.876699 0.122348 0.000015
2 2 0.000000 0.000092 0.819525 0.180382 0.000001
2 2 0.000000 0.000040 0.868633 0.131327 0.000000
2 2 0.000001 0.000280 0.888397 0.111320 0.000002
2 2 0.000003 0.000353 0.782110 0.217526 0.000008
2 2 0.000000 0.000035 0.891081 0.108884 0.000000
2 2 0.000001 0.000179 0.772952 0.226866 0.000002
2 2 0.000000 0.000147 0.868480 0.131372 0.000001
2 2 0.000000 0.000102 0.668781 0.331116 0.000001
2 2 0.000001 0.000184 0.624136 0.375674 0.000004
2 2 0.000000 0.000026 0.801857 0.198117 0.000000
2 2 0.000002 0.000411 0.855777 0.143807 0.000004
2 2 0.000002 0.000317 0.781113 0.218564 0.000005
2 2 0.000000 0.000123 0.705365 0.294510 0.000001
2 2 0.000029 0.001886 0.807222 0.190812 0.000051
2 2 0.000002 0.000471 0.857718 0.141804 0.000005
2 2 0.008640 0.047119 0.854730 0.082473 0.007039
2 2 0.000001 0.000303 0.931630 0.068063 0.000003
2 2 0.000025 0.001706 0.920603 0.077622 0.000045
2 2 0.000000 0.000057 0.932798 0.067145 0.000000
2 2 0.000001 0.000318 0.947093 0.052584 0.000004
2 2 0.000092 0.005246 0.944259 0.050128 0.000275
2 2 0.000063 0.006238 0.965405 0.027954 0.000341
2 2 0.000634 0.029683 0.938740 0.027564 0.003378
2 2 0.012142 0.197178 0.706589 0.014707 0.069384
2 2 0.000283 0.011650 0.964929 0.022102 0.001036
2 2 0.002300 0.035112 0.924458 0.033059 0.005071
2 2 0.002705 0.063856 0.891433 0.031325 0.010681
2 4 0.016860 0.253655 0.514710 0.030934 0.183842
2 4 0.006569 0.140084 0.777048 0.019801 0.056498
2 4 0.011222 0.124819 0.808877 0.010298 0.044783
2 1 0.002325 0.034730 0.945890 0.009613 0.007443
2 1 0.024301 0.241677 0.615841 0.013712 0.104468
2 2 0.006958 0.313288 0.533561 0.006358 0.139836
2 4 0.003517 0.289482 0.574618 0.003949 0.128434
2 4 0.003113 0.270146 0.586317 0.006010 0.134414
2 4 0.009252 0.206184 0.691945 0.007729 0.084890
2 4 0.006585 0.194318 0.705067 0.004170 0.089861
2 2 0.000214 0.022578 0.968165 0.005821 0.003222
2 2 0.000155 0.011129 0.979401 0.008121 0.001194
2 2 0.000002 0.000416 0.969251 0.030323 0.000007
2 2 0.000053 0.014475 0.976253 0.007913 0.001306
2 2 0.000008 0.001081 0.982319 0.016557 0.000035
2 2 0.000006 0.000898 0.960285 0.038792 0.000020
2 2 0.000004 0.000539 0.969488 0.029958 0.000011
2 2 0.000048 0.001911 0.977203 0.020747 0.000090
2 2 0.000010 0.000823 0.989666 0.009469 0.000032
2 2 0.000011 0.001014 0.970237 0.028708 0.000029
2 2 0.000003 0.001174 0.992867 0.005912 0.000044
2 2 0.000005 0.000524 0.979355 0.020103 0.000013
2 2 0.000051 0.003198 0.985875 0.010672 0.000204
2 2 0.000024 0.001223 0.982690 0.016012 0.000051
2 1 0.042667 0.115455 0.763403 0.044530 0.033946
2 2 0.043060 0.193421 0.662917 0.030089 0.070513
2 2 0.005714 0.046479 0.925484 0.009809 0.012514
2 2 0.000037 0.002923 0.992168 0.004648 0.000225
2 2 0.000028 0.001871 0.989958 0.008037 0.000106
2 2 0.000075 0.005583 0.987828 0.006007 0.000508
2 2 0.000011 0.000797 0.983347 0.015818 0.000026
2 2 0.000010 0.001330 0.990237 0.008368 0.000056
2 2 0.000045 0.004614 0.989299 0.005671 0.000372
2 2 0.000015 0.003257 0.992786 0.003717 0.000226
2 2 0.000033 0.002669 0.989379 0.007750 0.000168
2 2 0.000008 0.001116 0.987366 0.011470 0.000040
2 2 0.000032 0.003469 0.987746 0.008534 0.000220
2 2 0.000042 0.002808 0.990401 0.006551 0.000198
2 2 0.000010 0.000928 0.945897 0.053144 0.000021
2 2 0.000006 0.000828 0.977491 0.021653 0.000022
2 2 0.000010 0.001642 0.988471 0.009807 0.000069
2 2 0.000031 0.002225 0.987850 0.009768 0.000125
2 2 0.000006 0.001200 0.978833 0.019927 0.000034
2 2 0.000000 0.000164 0.957143 0.042691 0.000002
2 2 0.000001 0.000193 0.967712 0.032092 0.000002
2 2 0.000000 0.000077 0.962078 0.037844 0.000001
2 2 0.000000 0.000106 0.960258 0.039635 0.000001
2 2 0.000001 0.000280 0.940395 0.059321 0.000003
2 2 0.000001 0.000265 0.969749 0.029981 0.000004
2 2 0.000000 0.000061 0.896350 0.103588 0.000000
2 2 0.000001 0.000199 0.913829 0.085970 0.000002
2 2 0.000002 0.000377 0.950098 0.049518 0.000005
2 2 0.000000 0.000048 0.956448 0.043504 0.000000
2 2 0.000001 0.000205 0.939159 0.060633 0.000002
2 2 0.000000 0.000130 0.936677 0.063191 0.000001
2 2 0.000001 0.000193 0.928442 0.071362 0.000002
2 2 0.000000 0.000174 0.938527 0.061297 0.000002
2 2 0.000001 0.000251 0.936765 0.062980 0.000003
2 2 0.000000 0.000053 0.943873 0.056074 0.000000
2 2 0.000002 0.000338 0.941552 0.058104 0.000004
2 2 0.000000 0.000119 0.900293 0.099587 0.000001
2 2 0.000001 0.000212 0.909536 0.090250 0.000002
2 2 0.000000 0.000096 0.907695 0.092209 0.000001
2 2 0.000000 0.000067 0.902521 0.097411 0.000000
2 2 0.000000 0.000067 0.890879 0.109053 0.000000
2 2 0.000000 0.000101 0.867282 0.132616 0.000000
2 2 0.000000 0.000078 0.883126 0.116796 0.000000
2 2 0.000000 0.000105 0.764757 0.235137 0.000001
2 2 0.000011 0.001016 0.854848 0.144102 0.000023
2 2 0.000000 0.000080 0.849456 0.150463 0.000000
2 2 0.000000 0.000104 0.830588 0.169307 0.000001
2 3 0.000000 0.000057 0.683391 0.316551 0.000000
2 3 0.000000 0.000087 0.762963 0.236949 0.000000
2 3 0.000000 0.000134 0.800016 0.199849 0.000001
2 3 0.000000 0.000071 0.789784 0.210145 0.000000
2 3 0.000002 0.000201 0.727751 0.272041 0.000005
2 3 0.000000 0.000055 0.769852 0.230092 0.000000
2 3 0.000000 0.000053 0.783209 0.216738 0.000000
2 3 0.000000 0.000060 0.597892 0.402047 0.000001
2 3 0.000002 0.000294 0.634327 0.365371 0.000006
2 3 0.000000 0.000100 0.571296 0.428602 0.000002
3 3 0.000001 0.000083 0.467530 0.532385 0.000002
3 3 0.000000 0.000044 0.403515 0.596440 0.000001
2 3 0.000008 0.000633 0.738331 0.261011 0.000018
2 3 0.000001 0.000160 0.594176 0.405659 0.000003
3 3 0.000018 0.000474 0.447894 0.551573 0.000041
2 3 0.000003 0.000199 0.506027 0.493764 0.000007
3 2 0.001266 0.007248 0.470380 0.519615 0.001490
2 2 0.000060 0.003244 0.835596 0.161008 0.000091
2 2 0.011912 0.053401 0.862549 0.062640 0.009498
2 2 0.000038 0.001991 0.947409 0.050494 0.000068
2 2 0.000019 0.001234 0.964769 0.033940 0.000038
2 2 0.000001 0.000184 0.947335 0.052478 0.000002
2 2 0.000006 0.000771 0.931951 0.067257 0.000014
2 2 0.000013 0.001031 0.962470 0.036458 0.000028
2 2 0.000000 0.000130 0.966305 0.033563 0.000001
2 2 0.000013 0.001089 0.947234 0.051637 0.000027
2 2 0.000012 0.000950 0.963315 0.035699 0.000025
2 2 0.000003 0.000425 0.959030 0.040536 0.000007
2 2 0.000004 0.000560 0.962574 0.036851 0.000011
2 2 0.000162 0.004217 0.960780 0.034594 0.000247
2 2 0.000001 0.000286 0.916815 0.082895 0.000003
2 2 0.000011 0.000983 0.945018 0.053966 0.000022
2 2 0.000095 0.003244 0.954980 0.041527 0.000154
2 1 0.104860 0.175990 0.585184 0.077363 0.056603
2 2 0.001278 0.013833 0.972702 0.009951 0.002236
2 2 0.000084 0.003280 0.934819 0.061683 0.000134
2 2 0.000259 0.005506 0.959094 0.034771 0.000370
2 2 0.000017 0.001040 0.978174 0.020734 0.000036
2 2 0.000028 0.001382 0.979791 0.018742 0.000057
2 2 0.000012 0.000977 0.958113 0.040873 0.000025
2 2 0.000118 0.003088 0.978464 0.018131 0.000198
2 2 0.000051 0.001942 0.979041 0.018870 0.000096
2 2 0.000006 0.000601 0.975535 0.023843 0.000015
2 2 0.000184 0.004127 0.973284 0.022120 0.000285
2 2 0.000003 0.000518 0.937336 0.062135 0.000008
0 0 0.377418 0.228654 0.285258 0.021546 0.087125
2 1 0.038716 0.187860 0.677344 0.027636 0.068444
2 2 0.000012 0.001124 0.928938 0.069900 0.000025
2 2 0.047256 0.112507 0.760482 0.047144 0.032611
2 2 0.002017 0.030394 0.935377 0.027802 0.004410
2 2 0.000487 0.007725 0.959311 0.031834 0.000642
2 2 0.000142 0.004317 0.938896 0.056434 0.000211
2 2 0.000074 0.002396 0.977927 0.019473 0.000131
2 2 0.003099 0.022315 0.936942 0.034496 0.003149
2 2 0.000097 0.002815 0.977004 0.019918 0.000166
2 2 0.000013 0.000954 0.974033 0.024971 0.000029
2 2 0.000045 0.002466 0.983560 0.013794 0.000136
2 2 0.000042 0.001783 0.976034 0.022063 0.000079
2 2 0.000001 0.000211 0.947757 0.052030 0.000002
2 2 0.000148 0.004616 0.984291 0.010553 0.000392
2 2 0.000001 0.000281 0.964809 0.034904 0.000004
2 2 0.000604 0.014455 0.964612 0.018685 0.001645
2 2 0.000030 0.001406 0.982608 0.015893 0.000062
2 2 0.000009 0.000796 0.968186 0.030989 0.000020
2 2 0.007316 0.036783 0.911678 0.037684 0.006539
2 2 0.012516 0.057449 0.891291 0.024699 0.014044
2 2 0.022648 0.063559 0.871940 0.026322 0.015532
2 2 0.101218 0.228511 0.543328 0.043467 0.083476
2 2 0.050318 0.150960 0.713183 0.036538 0.049001
2 2 0.009135 0.091903 0.858647 0.010286 0.030029
2 2 0.001632 0.018557 0.938448 0.039229 0.002135
2 1 0.064402 0.211423 0.612781 0.034033 0.077361
2 2 0.011104 0.340200 0.432679 0.004082 0.211935
2 2 0.001134 0.056834 0.896028 0.003262 0.042741
2 2 0.000191 0.023115 0.960756 0.007066 0.008872
2 2 0.001360 0.034285 0.931863 0.013340 0.019151
2 2 0.000147 0.015593 0.972824 0.008858 0.002577
2 2 0.000252 0.031042 0.957394 0.002011 0.009301
2 2 0.000007 0.002310 0.974267 0.023307 0.000109
2 2 0.000691 0.057270 0.905633 0.004874 0.031532
2 2 0.003291 0.216649 0.545547 0.002962 0.231551
2 2 0.009392 0.333410 0.335519 0.003368 0.318311
4 4 0.010994 0.348059 0.195741 0.003083 0.442123
4 4 0.007871 0.304433 0.206133 0.002574 0.478989
4 4 0.007834 0.334112 0.131453 0.001833 0.524768
4 4 0.015952 0.348467 0.206359 0.004748 0.424476
4 4 0.009411 0.183856 0.200320 0.008327 0.598086
4 4 0.007864 0.259552 0.129147 0.002454 0.600984
4 4 0.008063 0.164571 0.152586 0.007514 0.667266
4 4 0.015831 0.170440 0.152073 0.006781 0.654875
4 4 0.004311 0.033652 0.084252 0.008797 0.868988
4 4 0.008537 0.174074 0.178357 0.009755 0.629277
4 4 0.003616 0.017134 0.014926 0.000843 0.963481
4 4 0.056175 0.138224 0.022526 0.000106 0.782968
4 4 0.010126 0.048846 0.021295 0.000412 0.919321
4 4 0.004904 0.056813 0.028357 0.000582 0.909344
4 4 0.005526 0.012602 0.008949 0.000398 0.972525
4 4 0.004450 0.018099 0.012667 0.000507 0.964277
4 4 0.042031 0.147432 0.029101 0.000179 0.781256
4 1 0.116356 0.416912 0.032256 0.000031 0.434445
4 1 0.027954 0.138019 0.029460 0.000189 0.804377
4 4 0.003259 0.041537 0.021944 0.000463 0.932797
4 4 0.008894 0.132031 0.057475 0.001006 0.800594
4 4 0.009261 0.073425 0.037819 0.000936 0.878560
4 4 0.021520 0.135440 0.056559 0.001132 0.785349
4 4 0.003685 0.119298 0.049549 0.000652 0.826815
4 1 0.028211 0.162645 0.050954 0.000645 0.757545
4 1 0.084056 0.394099 0.042684 0.000105 0.479055
4 4 0.002469 0.082315 0.048435 0.001106 0.865675
4 4 0.002911 0.118306 0.064538 0.001309 0.812937
4 4 0.003982 0.093230 0.054590 0.001371 0.846828
4 4 0.002346 0.020049 0.014285 0.000504 0.962816
4 4 0.002920 0.013352 0.020400 0.003036 0.960292
4 4 0.001769 0.029777 0.016171 0.000319 0.951963
4 4 0.018693 0.131518 0.027281 0.000152 0.822357
4 4 0.032907 0.147602 0.037918 0.000351 0.781221
4 4 0.002024 0.087586 0.038535 0.000498 0.871358
4 4 0.002719 0.035912 0.028224 0.000833 0.932311
4 4 0.017674 0.100716 0.025961 0.000213 0.855435
4 4 0.096432 0.168641 0.021028 0.000070 0.713830
4 4 0.003869 0.068509 0.038429 0.000906 0.888287
4 4 0.014177 0.157840 0.056890 0.000787 0.770306
4 2 0.003889 0.113187 0.056371 0.001043 0.825509
4 2 0.006742 0.122621 0.079483 0.002311 0.788844
4 2 0.008069 0.115193 0.039603 0.000448 0.836687
4 2 0.040675 0.338099 0.050602 0.000184 0.570441
4 2 0.002649 0.121102 0.062690 0.001131 0.812428
4 2 0.002151 0.099853 0.053898 0.001009 0.843089
4 2 0.002791 0.092223 0.046334 0.000815 0.857836
4 2 0.002233 0.093405 0.038743 0.000459 0.865161
4 4 0.002854 0.020849 0.018932 0.001072 0.956292
4 4 0.003422 0.054170 0.032822 0.000877 0.908709
4 4 0.002861 0.060035 0.032840 0.000696 0.903568
4 4 0.006470 0.042501 0.018790 0.000339 0.931900
4 4 0.005984 0.091804 0.030890 0.000318 0.871003
4 4 0.002385 0.079199 0.036225 0.000525 0.881666
4 4 0.001406 0.021092 0.019672 0.000989 0.956841
4 4 0.002467 0.052898 0.030403 0.000686 0.913546
4 4 0.000941 0.035025 0.026213 0.000779 0.937042
4 4 0.001217 0.053781 0.032631 0.000687 0.911683
4 4 0.001448 0.016502 0.011020 0.000314 0.970715
4 4 0.001467 0.049167 0.025046 0.000406 0.923915
4 4 0.001373 0.050273 0.035014 0.000974 0.912367
4 4 0.003126 0.100718 0.053125 0.001041 0.841989
4 4 0.001678 0.055352 0.039323 0.001179 0.902468
4 4 0.004333 0.087123 0.048279 0.001126 0.859140
4 4 0.003418 0.046380 0.024925 0.000544 0.924733
4 1 0.101391 0.417481 0.035963 0.000062 0.445102
