0 0 0.716870 0.200006 0.038323 0.000100 0.044701
0 0 0.891587 0.042984 0.022215 0.003620 0.039593
0 0 0.871915 0.080596 0.030052 0.000576 0.016862
0 0 0.823557 0.121896 0.035948 0.000418 0.018181
0 0 0.944819 0.026668 0.010462 0.000599 0.017451
0 0 0.904502 0.048614 0.030002 0.001035 0.015847
0 0 0.922378 0.047940 0.019234 0.000265 0.010184
0 0 0.896366 0.054005 0.035119 0.000880 0.013629
0 0 0.862489 0.085570 0.035947 0.000595 0.015399
0 0 0.919914 0.037423 0.023484 0.001271 0.017908
0 0 0.934451 0.032466 0.021969 0.000584 0.010530
0 0 0.891055 0.069779 0.026724 0.000341 0.012101
0 0 0.899767 0.041934 0.036715 0.002357 0.019227
0 0 0.864875 0.060588 0.051398 0.002607 0.020532
0 0 0.854025 0.087752 0.031806 0.001095 0.025321
0 0 0.896767 0.050430 0.027876 0.001668 0.023258
0 0 0.878207 0.051721 0.036990 0.003625 0.029456
0 0 0.912853 0.035498 0.032983 0.002001 0.016666
0 0 0.893924 0.061346 0.026768 0.000730 0.017232
0 0 0.909421 0.041755 0.035719 0.001051 0.012054
0 0 0.930089 0.035985 0.007325 0.000459 0.026142
0 0 0.919700 0.025607 0.018218 0.003999 0.032476
0 0 0.859683 0.029580 0.009276 0.003931 0.097529
0 0 0.771138 0.112652 0.024183 0.001282 0.090746
0 0 0.922892 0.040726 0.019450 0.000727 0.016205
0 0 0.909334 0.050389 0.018394 0.000773 0.021110
0 0 0.907601 0.046211 0.014845 0.001154 0.030189
0 0 0.884074 0.065695 0.020287 0.001044 0.028901
0 0 0.871279 0.068809 0.020068 0.001259 0.038586
0 0 0.917326 0.048577 0.016451 0.000490 0.017156
0 0 0.869580 0.084897 0.023968 0.000554 0.021001
0 0 0.921029 0.038145 0.011723 0.000949 0.028154
0 0 0.879450 0.064454 0.024647 0.001512 0.029937
0 0 0.908897 0.045345 0.026414 0.000868 0.018476
0 0 0.808348 0.131499 0.038150 0.000292 0.021711
0 0 0.899252 0.045064 0.023527 0.002301 0.029856
0 0 0.966249 0.016190 0.008505 0.000286 0.008771
0 0 0.892398 0.044538 0.018383 0.001203 0.043477
0 0 0.951311 0.022492 0.015818 0.000539 0.009840
0 0 0.925322 0.043407 0.022587 0.000280 0.008404
0 0 0.940719 0.034186 0.014497 0.000286 0.010313
0 0 0.909477 0.060314 0.013906 0.000172 0.016131
0 0 0.914573 0.041126 0.025044 0.001238 0.018019
0 0 0.935226 0.042970 0.011960 0.000142 0.009702
0 0 0.926143 0.040346 0.016727 0.000590 0.016194
0 0 0.949092 0.017673 0.006902 0.001074 0.025259
0 0 0.921306 0.046124 0.017651 0.000440 0.014479
0 0 0.943451 0.010667 0.002667 0.001277 0.041938
0 0 0.937775 0.040712 0.008007 0.000145 0.013362
0 0 0.848134 0.097960 0.017489 0.000111 0.036307
0 0 0.935739 0.029838 0.009169 0.000742 0.024512
0 0 0.927428 0.040989 0.012338 0.000472 0.018773
0 0 0.928212 0.033322 0.013113 0.000543 0.024811
0 0 0.930226 0.034794 0.022828 0.000649 0.011504
0 0 0.927387 0.040919 0.026296 0.000174 0.005225
0 0 0.882171 0.058011 0.058735 0.000023 0.001061
0 0 0.930618 0.030420 0.036403 0.000121 0.002438
0 0 0.928986 0.031562 0.037113 0.000103 0.002237
0 0 0.835088 0.053131 0.111058 0.000031 0.000693
0 0 0.929971 0.038440 0.028901 0.000070 0.002619
0 0 0.926835 0.032952 0.037100 0.000153 0.002960
0 0 0.885427 0.054219 0.059558 0.000016 0.000780
0 0 0.821716 0.060468 0.117075 0.000030 0.000711
0 0 0.851660 0.076560 0.069489 0.000070 0.002222
0 0 0.887724 0.064559 0.045820 0.000038 0.001860
0 0 0.873978 0.057886 0.067227 0.000021 0.000888
0 0 0.906743 0.044321 0.037226 0.000864 0.010845
0 0 0.956481 0.011289 0.008632 0.002132 0.021465
0 0 0.894654 0.047208 0.017457 0.001575 0.039105
0 0 0.915649 0.062405 0.005274 0.000037 0.016636
0 0 0.856735 0.101707 0.006345 0.000011 0.035202
0 0 0.792803 0.124229 0.008254 0.000102 0.074612
0 0 0.786231 0.128554 0.012824 0.000053 0.072339
0 0 0.859674 0.015460 0.001142 0.000255 0.123469
0 0 0.895158 0.041052 0.002466 0.000109 0.061214
0 0 0.836499 0.100515 0.007881 0.000064 0.055042
0 0 0.866770 0.076679 0.017480 0.000289 0.038781
0 0 0.902675 0.032419 0.001657 0.000041 0.063208
0 0 0.817939 0.047477 0.003446 0.000358 0.130780
0 0 0.855284 0.102449 0.008690 0.000038 0.033538
0 0 0.680739 0.218681 0.023008 0.000030 0.077543
0 0 0.778855 0.149517 0.015929 0.000095 0.055604
0 0 0.942542 0.029690 0.014321 0.000347 0.013100
0 0 0.815127 0.082377 0.099140 0.000192 0.003164
0 0 0.859086 0.079979 0.050544 0.000519 0.009872
0 0 0.838004 0.108907 0.041714 0.000311 0.011065
0 0 0.899053 0.077632 0.016763 0.000017 0.006534
0 0 0.925372 0.054640 0.017157 0.000022 0.002809
0 0 0.915510 0.063862 0.014657 0.000049 0.005921
0 0 0.871253 0.095946 0.026435 0.000014 0.006352
0 0 0.931404 0.052128 0.013090 0.000022 0.003356
0 0 0.946151 0.043337 0.007783 0.000005 0.002724
0 0 0.850210 0.112225 0.028191 0.000018 0.009357
0 0 0.917904 0.067248 0.009453 0.000002 0.005393
0 0 0.888805 0.086176 0.019916 0.000004 0.005099
0 0 0.940996 0.046845 0.007102 0.000020 0.005037
0 0 0.917644 0.066463 0.009857 0.000005 0.006032
0 0 0.821699 0.140746 0.025143 0.000003 0.012408
0 1 0.891038 0.086774 0.009787 0.000006 0.012395
0 1 0.934096 0.052462 0.004135 0.000006 0.009301
0 1 0.820158 0.137989 0.026835 0.000011 0.015008
0 1 0.818908 0.143610 0.022991 0.000003 0.014488
0 1 0.522440 0.355531 0.074997 0.000003 0.047029
0 1 0.717424 0.217741 0.034561 0.000004 0.030270
0 1 0.874212 0.098006 0.011816 0.000011 0.015955
1 1 0.376230 0.416106 0.088266 0.000035 0.119363
0 1 0.748822 0.106780 0.009306 0.000335 0.134758
0 1 0.697835 0.208547 0.028532 0.000071 0.065014
0 1 0.701647 0.213476 0.052094 0.000055 0.032729
0 1 0.753333 0.173156 0.033550 0.000167 0.039794
0 1 0.562124 0.292862 0.082616 0.000173 0.062225
0 1 0.709929 0.208767 0.038285 0.000051 0.042969
0 1 0.568666 0.292813 0.053815 0.000082 0.084624
1 2 0.331315 0.442798 0.109995 0.000034 0.115857
0 2 0.399745 0.392742 0.068971 0.000043 0.138499
1 2 0.299377 0.446796 0.100350 0.000053 0.153423
1 2 0.321760 0.430997 0.113165 0.000094 0.133984
0 2 0.399048 0.379952 0.111636 0.000236 0.109128
1 2 0.097677 0.492030 0.162974 0.000109 0.247210
1 2 0.369313 0.414545 0.091925 0.000051 0.124166
1 2 0.164442 0.483601 0.124958 0.000086 0.226913
1 2 0.216648 0.468923 0.149413 0.000141 0.164875
1 2 0.071940 0.505206 0.218317 0.000072 0.204465
1 1 0.213537 0.473373 0.207975 0.000088 0.105027
0 1 0.413001 0.374160 0.052055 0.000037 0.160747
0 2 0.607748 0.275479 0.046878 0.000040 0.069855
1 2 0.255309 0.413106 0.065387 0.000112 0.266087
1 2 0.287104 0.436568 0.090590 0.000085 0.185652
1 2 0.283157 0.434134 0.077597 0.000063 0.205050
1 2 0.062733 0.475907 0.138567 0.000076 0.322718
1 1 0.270090 0.441645 0.130386 0.000194 0.157685
1 2 0.210555 0.472031 0.093702 0.000046 0.223666
1 2 0.257138 0.369703 0.027752 0.000017 0.345390
1 2 0.170132 0.477974 0.100070 0.000056 0.251768
1 2 0.108223 0.437933 0.100027 0.000210 0.353608
1 2 0.112115 0.495712 0.221026 0.000127 0.171019
1 2 0.159359 0.471449 0.154926 0.000237 0.214028
1 2 0.251130 0.463481 0.156682 0.000098 0.128610
1 2 0.060431 0.470903 0.212563 0.000235 0.255867
1 2 0.232813 0.494240 0.121444 0.000023 0.151480
2 2 0.038969 0.395453 0.454936 0.000575 0.110068
2 2 0.011190 0.225056 0.708426 0.003867 0.051462
2 2 0.012606 0.261454 0.633912 0.005717 0.086310
2 2 0.006319 0.276115 0.583996 0.002430 0.131140
2 2 0.004603 0.245344 0.653687 0.001678 0.094688
2 2 0.010267 0.206512 0.746032 0.001943 0.035246
2 2 0.006902 0.244150 0.664117 0.002761 0.082071
2 2 0.008028 0.163653 0.777567 0.007705 0.043047
2 2 0.005561 0.104043 0.850851 0.011570 0.027975
2 2 0.003647 0.106895 0.862683 0.004070 0.022706
2 2 0.004482 0.140722 0.825581 0.002275 0.026940
2 2 0.003122 0.084498 0.895345 0.002123 0.014912
2 2 0.005144 0.078062 0.878174 0.020034 0.018586
2 2 0.003063 0.068379 0.913257 0.004430 0.010870
2 2 0.044137 0.222963 0.652586 0.014559 0.065755
2 2 0.025742 0.080648 0.823587 0.056569 0.013454
2 2 0.014132 0.115108 0.824442 0.020001 0.026317
2 1 0.239708 0.193985 0.527437 0.018421 0.020449
2 2 0.105113 0.391521 0.433954 0.000727 0.068686
2 2 0.008611 0.234763 0.685271 0.003646 0.067708
2 2 0.003857 0.064399 0.919623 0.004700 0.007422
2 2 0.015147 0.129166 0.833083 0.004213 0.018391
2 2 0.014277 0.263624 0.629763 0.006652 0.085683
2 2 0.002762 0.109990 0.870028 0.001046 0.016174
2 2 0.011540 0.096934 0.872668 0.005813 0.013044
2 2 0.010731 0.150601 0.793411 0.010134 0.035122
2 2 0.011719 0.079304 0.850221 0.041041 0.017715
2 2 0.018009 0.051495 0.862937 0.060826 0.006733
2 2 0.044714 0.047023 0.590365 0.303162 0.014736
3 3 0.029963 0.035278 0.396270 0.518990 0.019500
2 3 0.027387 0.088549 0.683777 0.173195 0.027092
2 3 0.021288 0.088973 0.703129 0.155363 0.031247
3 3 0.037920 0.021012 0.176944 0.730398 0.033725
2 3 0.014842 0.058429 0.760504 0.153218 0.013008
2 3 0.019855 0.053051 0.627487 0.279903 0.019705
3 3 0.046108 0.035587 0.266725 0.615730 0.035851
3 3 0.028953 0.029411 0.305097 0.611836 0.024704
3 3 0.042264 0.033267 0.264446 0.627192 0.032831
3 3 0.022719 0.014525 0.129785 0.805465 0.027505
3 3 0.027063 0.012249 0.086847 0.838778 0.035063
3 3 0.034327 0.007945 0.051688 0.864044 0.041995
3 3 0.038995 0.020414 0.119526 0.775846 0.045219
3 3 0.041788 0.034870 0.188418 0.688649 0.046275
3 3 0.030771 0.043532 0.278591 0.468758 0.178348
3 3 0.039445 0.019686 0.126248 0.772039 0.042582
3 3 0.050987 0.018736 0.078150 0.788573 0.063554
3 3 0.030780 0.015266 0.104188 0.812162 0.037604
3 3 0.050022 0.013084 0.069166 0.812290 0.055437
3 3 0.037941 0.013779 0.091264 0.814579 0.042436
3 3 0.030986 0.012619 0.079411 0.836818 0.040166
3 3 0.036121 0.024404 0.226630 0.683313 0.029532
2 3 0.030834 0.074952 0.625054 0.229137 0.040022
3 3 0.040928 0.039142 0.207199 0.644555 0.068176
3 3 0.033444 0.032356 0.242729 0.659183 0.032287
3 3 0.035367 0.019465 0.138671 0.768324 0.038172
3 3 0.022550 0.008061 0.062333 0.875963 0.031093
3 3 0.058060 0.029246 0.134682 0.671330 0.106681
3 3 0.039331 0.005462 0.030834 0.875297 0.049076
3 3 0.059002 0.013428 0.061702 0.801017 0.064851
3 3 0.027172 0.003987 0.024547 0.904768 0.039526
3 3 0.120368 0.050115 0.143735 0.583166 0.102616
2 2 0.015918 0.101403 0.816377 0.046724 0.019578
2 2 0.061006 0.121581 0.653731 0.131625 0.032057
2 2 0.025107 0.149158 0.783714 0.017682 0.024338
2 2 0.053769 0.210161 0.688824 0.011716 0.035531
2 2 0.016240 0.054193 0.906408 0.018027 0.005131
2 2 0.020563 0.126672 0.802069 0.025307 0.025389
2 2 0.004801 0.071622 0.904641 0.009043 0.009894
2 2 0.042271 0.069953 0.774303 0.103125 0.010349
2 2 0.029414 0.068726 0.688543 0.190428 0.022889
2 2 0.017388 0.058438 0.833344 0.082451 0.008379
2 2 0.051764 0.097447 0.590865 0.215044 0.044881
3 3 0.042649 0.022569 0.133917 0.754636 0.046229
2 3 0.036008 0.065533 0.481215 0.388267 0.028977
3 3 0.027508 0.021536 0.168071 0.751248 0.031637
3 3 0.030745 0.019262 0.157170 0.760706 0.032117
3 3 0.040192 0.024021 0.129649 0.758490 0.047648
3 3 0.025148 0.008187 0.060882 0.872291 0.033491
3 3 0.031451 0.013819 0.085493 0.828558 0.040680
3 3 0.032411 0.010703 0.061885 0.851470 0.043531
3 3 0.032202 0.008281 0.045539 0.868859 0.045119
3 3 0.032929 0.011166 0.062200 0.848914 0.044791
3 3 0.040040 0.013001 0.065977 0.829479 0.051503
3 3 0.019567 0.003176 0.022999 0.923390 0.030868
0 1 0.438123 0.242581 0.236818 0.027032 0.055446
2 1 0.165907 0.296324 0.485505 0.009723 0.042541
2 2 0.035606 0.285202 0.568843 0.020190 0.090159
2 2 0.019445 0.217063 0.715615 0.007792 0.040085
2 2 0.283515 0.274992 0.400551 0.008850 0.032093
2 2 0.056302 0.258240 0.589469 0.036082 0.059907
2 2 0.010999 0.242713 0.671216 0.004896 0.070176
2 2 0.045190 0.258729 0.612796 0.021292 0.061993
2 2 0.039104 0.298591 0.597955 0.002636 0.061715
2 2 0.018764 0.266923 0.622064 0.009285 0.082964
2 2 0.041575 0.262714 0.656582 0.002284 0.036845
2 2 0.009939 0.236053 0.683559 0.004344 0.066105
2 2 0.010744 0.135802 0.813456 0.011531 0.028468
2 2 0.005604 0.070894 0.911654 0.003228 0.008621
2 2 0.009684 0.108060 0.857875 0.006083 0.018298
2 2 0.007356 0.076169 0.886031 0.017150 0.013293
2 2 0.002165 0.034539 0.952946 0.006455 0.003895
2 2 0.003618 0.047437 0.937693 0.005865 0.005387
2 2 0.004981 0.109171 0.850191 0.008114 0.027543
2 2 0.015231 0.083912 0.854493 0.030225 0.016140
2 2 0.005245 0.043942 0.929938 0.015488 0.005387
2 2 0.014568 0.084873 0.869543 0.016487 0.014529
2 2 0.004817 0.092132 0.863623 0.014555 0.024874
2 2 0.012028 0.054042 0.879432 0.046367 0.008130
2 2 0.017601 0.138125 0.761836 0.039178 0.043261
2 2 0.007417 0.130985 0.812986 0.012614 0.035997
2 2 0.010026 0.104986 0.829620 0.027269 0.028099
2 2 0.007475 0.122538 0.815604 0.017139 0.037244
2 2 0.008887 0.145392 0.764867 0.021413 0.059441
2 2 0.008857 0.215223 0.672123 0.008242 0.095556
2 2 0.017632 0.309522 0.514490 0.008414 0.149943
4 2 0.013634 0.331776 0.314257 0.006158 0.334174
2 2 0.013399 0.314325 0.487671 0.006000 0.178604
4 2 0.007167 0.318019 0.327099 0.002815 0.344899
2 2 0.016024 0.321842 0.464555 0.007452 0.190128
4 2 0.005019 0.309541 0.328658 0.001827 0.354955
4 2 0.021763 0.262752 0.112142 0.000840 0.602502
4 2 0.012288 0.364511 0.216248 0.000630 0.406323
4 2 0.014072 0.343101 0.147791 0.000604 0.494431
4 2 0.011032 0.335303 0.139854 0.000382 0.513429
4 2 0.006757 0.316624 0.220569 0.001212 0.454838
4 2 0.008600 0.318762 0.254028 0.002777 0.415834
4 2 0.013300 0.341157 0.167774 0.000898 0.476872
4 2 0.008428 0.327235 0.160237 0.000465 0.503635
4 2 0.023345 0.369743 0.176070 0.001201 0.429641
4 2 0.011523 0.334775 0.117404 0.000219 0.536079
1 2 0.027944 0.418017 0.185532 0.000325 0.368183
4 2 0.027372 0.365093 0.106949 0.000332 0.500254
4 2 0.013628 0.340497 0.120840 0.000289 0.524746
4 2 0.029360 0.356746 0.085370 0.000209 0.528315
4 2 0.009378 0.325808 0.224238 0.001843 0.438734
4 2 0.016155 0.346949 0.166829 0.001089 0.468977
4 2 0.012751 0.359570 0.147188 0.000246 0.480245
4 2 0.045800 0.373605 0.122961 0.001226 0.456409
4 2 0.033234 0.337539 0.099437 0.000489 0.529302
4 2 0.066521 0.358885 0.049819 0.000097 0.524679
4 2 0.029519 0.253855 0.110716 0.001329 0.604582
4 2 0.015143 0.344750 0.194018 0.001668 0.444421
4 2 0.008596 0.326430 0.193936 0.000958 0.470081
2 2 0.008957 0.323749 0.342265 0.003683 0.321346
2 2 0.019815 0.316919 0.491827 0.009682 0.161756
4 2 0.009445 0.348581 0.184694 0.000409 0.456871
4 2 0.006209 0.321211 0.311611 0.001669 0.359301
4 2 0.008436 0.322097 0.332797 0.003428 0.333241
2 2 0.005210 0.309810 0.407735 0.001898 0.275346
2 2 0.011148 0.248145 0.631724 0.007109 0.101874
2 2 0.013450 0.321159 0.491591 0.003995 0.169806
2 2 0.003356 0.185176 0.737944 0.002250 0.071274
2 2 0.012030 0.268789 0.617468 0.005374 0.096339
2 2 0.006979 0.179406 0.767040 0.002683 0.043893
2 2 0.007404 0.157408 0.795282 0.004207 0.035699
2 2 0.006372 0.165005 0.789837 0.001673 0.037113
2 2 0.002082 0.109350 0.859957 0.002177 0.026434
2 2 0.011060 0.277902 0.619200 0.001179 0.090660
2 2 0.005632 0.109651 0.862771 0.003243 0.018702
2 2 0.010388 0.141049 0.813459 0.004679 0.030426
2 2 0.006271 0.144464 0.803819 0.005202 0.040244
2 2 0.015062 0.133047 0.821940 0.005604 0.024348
2 2 0.014349 0.083432 0.866930 0.021658 0.013631
2 2 0.022067 0.157919 0.766999 0.016260 0.036755
2 2 0.025449 0.139610 0.785261 0.018271 0.031409
2 2 0.051647 0.212748 0.633901 0.029833 0.071870
2 2 0.045999 0.228352 0.623494 0.023102 0.079053
2 2 0.029513 0.192779 0.717026 0.011193 0.049490
2 2 0.154935 0.086143 0.381997 0.319918 0.057007
2 2 0.045247 0.079165 0.670060 0.178962 0.026566
3 2 0.056435 0.063616 0.327895 0.507113 0.044941
2 2 0.050529 0.086369 0.636397 0.192491 0.034214
3 2 0.077838 0.085705 0.357639 0.365226 0.113592
3 2 0.062025 0.044367 0.222860 0.617258 0.053490
3 2 0.072042 0.039310 0.159983 0.658789 0.069876
3 2 0.062890 0.018943 0.077288 0.770386 0.070493
3 3 0.034924 0.015980 0.099506 0.807472 0.042117
3 3 0.076005 0.042909 0.182586 0.630186 0.068315
3 3 0.078063 0.017394 0.069809 0.753912 0.080823
3 3 0.041638 0.017629 0.085028 0.802438 0.053268
3 3 0.063173 0.013317 0.064385 0.794351 0.064773
3 3 0.041053 0.011809 0.061036 0.834399 0.051703
3 3 0.031542 0.016453 0.105587 0.807058 0.039359
3 3 0.030421 0.005768 0.032551 0.887637 0.043623
3 3 0.037784 0.021288 0.118820 0.776271 0.045836
3 3 0.036703 0.014339 0.075602 0.825209 0.048146
3 3 0.036318 0.006667 0.032161 0.873047 0.051806
3 3 0.027347 0.003238 0.018766 0.909478 0.041171
3 3 0.070241 0.020334 0.076807 0.755478 0.077141
3 3 0.047903 0.009869 0.048798 0.836178 0.057251
3 3 0.093600 0.027515 0.077324 0.699685 0.101876
3 3 0.049699 0.016310 0.063207 0.804577 0.066207
3 3 0.020963 0.003343 0.021513 0.919991 0.034190
3 3 0.035609 0.007851 0.046263 0.864913 0.045364
3 3 0.028497 0.003061 0.016039 0.907849 0.044554
3 3 0.036173 0.008602 0.042258 0.862096 0.050871
3 3 0.038407 0.006413 0.032837 0.871029 0.051314
3 3 0.044046 0.018691 0.085883 0.795273 0.056107
3 3 0.036007 0.009727 0.047162 0.856103 0.051002
3 3 0.027206 0.005913 0.033933 0.891940 0.041008
3 3 0.038841 0.008460 0.036090 0.859425 0.057184
3 3 0.038726 0.008381 0.040556 0.859363 0.052974
3 3 0.142867 0.034745 0.059521 0.606442 0.156425
3 3 0.076776 0.068946 0.208073 0.566289 0.079916
3 3 0.050318 0.033642 0.156493 0.703565 0.055981
3 3 0.036564 0.010692 0.064749 0.843301 0.044694
3 3 0.038358 0.016665 0.091763 0.805821 0.047393
3 3 0.055458 0.025729 0.098202 0.752368 0.068243
3 3 0.040589 0.018749 0.099777 0.791593 0.049292
3 3 0.050188 0.015265 0.081969 0.798025 0.054553
3 3 0.032988 0.013810 0.081099 0.829140 0.042963
3 3 0.040876 0.011047 0.060046 0.837868 0.050164
3 3 0.055510 0.009776 0.044137 0.826043 0.064534
3 3 0.061343 0.009741 0.040945 0.817640 0.070330
3 3 0.020162 0.003207 0.021460 0.922360 0.032811
3 3 0.039141 0.007248 0.039978 0.864255 0.049378
3 3 0.027520 0.005769 0.034527 0.891967 0.040217
3 3 0.023295 0.004369 0.027184 0.908620 0.036531
3 3 0.026939 0.004756 0.025786 0.900147 0.042372
3 3 0.032905 0.004762 0.023209 0.889649 0.049475
3 3 0.022457 0.005048 0.034228 0.904233 0.034033
3 3 0.032011 0.010700 0.060800 0.852739 0.043750
3 3 0.045790 0.009086 0.043104 0.844350 0.057669
3 3 0.028228 0.005425 0.031565 0.893356 0.041426
3 3 0.039011 0.006285 0.030226 0.870820 0.053657
3 3 0.026445 0.003763 0.020305 0.907250 0.042237
3 3 0.034833 0.008991 0.044235 0.862036 0.049906
3 3 0.030336 0.003724 0.018483 0.900183 0.047274
3 3 0.025788 0.005965 0.036451 0.893278 0.038517
3 3 0.027465 0.005325 0.033692 0.894602 0.038916
3 3 0.032368 0.003411 0.014110 0.895883 0.054228
3 3 0.023316 0.004318 0.026737 0.908973 0.036656
3 3 0.014912 0.001875 0.014657 0.942503 0.026052
3 3 0.024172 0.005368 0.035823 0.899121 0.035517
3 3 0.025273 0.004616 0.026655 0.903815 0.039640
3 3 0.019823 0.003703 0.026934 0.918621 0.030920
3 3 0.018577 0.001647 0.010789 0.936890 0.032096
3 3 0.023288 0.003870 0.023179 0.912241 0.037421
3 3 0.053858 0.008101 0.029595 0.835944 0.072503
3 3 0.025320 0.004620 0.026626 0.903717 0.039717
3 3 0.022995 0.003424 0.019998 0.915780 0.037804
3 3 0.033242 0.006861 0.037203 0.876316 0.046377
3 3 0.031415 0.004567 0.023940 0.893665 0.046413
3 3 0.020973 0.003003 0.019193 0.922464 0.034367
3 3 0.044670 0.007282 0.031509 0.855992 0.060547
3 3 0.025457 0.005406 0.032520 0.897900 0.038718
3 3 0.019436 0.002774 0.018299 0.926924 0.032567
3 3 0.033649 0.008389 0.042058 0.867244 0.048660
3 3 0.017369 0.001829 0.012460 0.937965 0.030376
3 3 0.027790 0.003846 0.019341 0.903981 0.045042
3 3 0.042743 0.009747 0.044664 0.845851 0.056994
3 3 0.042186 0.005305 0.022854 0.870203 0.059452
3 3 0.031860 0.003599 0.016022 0.896967 0.051551
3 3 0.040835 0.002698 0.012794 0.887985 0.055688
3 3 0.031230 0.005931 0.031795 0.885536 0.045508
3 3 0.023875 0.004306 0.025940 0.908200 0.037678
3 3 0.019455 0.003314 0.023130 0.922642 0.031459
3 3 0.017369 0.002107 0.014414 0.935832 0.030278
3 3 0.030719 0.003236 0.017226 0.903141 0.045677
3 3 0.045918 0.010438 0.052914 0.835484 0.055246
3 3 0.080518 0.026698 0.090863 0.716436 0.085485
3 3 0.031112 0.003267 0.017765 0.902490 0.045365
3 3 0.030187 0.005289 0.026045 0.891272 0.047207
3 3 0.024014 0.003364 0.018821 0.914228 0.039573
3 3 0.037844 0.002966 0.011138 0.886439 0.061614
3 3 0.025405 0.003334 0.018005 0.911773 0.041483
3 3 0.028116 0.003563 0.020342 0.905939 0.042041
3 3 0.027036 0.002651 0.013905 0.912909 0.043498
3 3 0.031045 0.006216 0.031184 0.884379 0.047177
3 3 0.036746 0.006234 0.030345 0.874816 0.051860
3 3 0.019186 0.002292 0.015191 0.931014 0.032317
3 3 0.023165 0.002850 0.017227 0.919536 0.037222
3 3 0.024377 0.003958 0.023970 0.909736 0.037960
3 3 0.078457 0.003790 0.010712 0.807655 0.099386
3 3 0.039588 0.003114 0.013542 0.886043 0.057714
3 3 0.038574 0.005008 0.023661 0.878635 0.054122
3 3 0.166535 0.022822 0.040792 0.605851 0.163999
3 1 0.117493 0.085876 0.259673 0.457619 0.079340
2 1 0.074322 0.181183 0.598017 0.100538 0.045940
2 2 0.051158 0.161303 0.636172 0.110597 0.040769
2 2 0.026736 0.131733 0.780656 0.032605 0.028271
2 2 0.030150 0.195294 0.706011 0.017653 0.050891
2 2 0.013790 0.069340 0.860544 0.045222 0.011104
2 2 0.036609 0.130874 0.736612 0.064369 0.031536
2 2 0.033721 0.105793 0.712927 0.116465 0.031094
2 2 0.017848 0.117887 0.811879 0.026771 0.025615
2 2 0.018326 0.086984 0.772843 0.100207 0.021640
2 2 0.022534 0.181389 0.692122 0.040056 0.063898
2 2 0.039113 0.170576 0.711579 0.031564 0.047168
2 2 0.021684 0.088818 0.743809 0.121103 0.024586
2 2 0.023019 0.184200 0.721656 0.017924 0.053201
2 1 0.133179 0.266468 0.537278 0.015729 0.047347
2 2 0.021546 0.109916 0.768835 0.070173 0.029530
2 2 0.022816 0.093139 0.736125 0.124177 0.023742
2 2 0.001854 0.065777 0.909643 0.006303 0.016423
2 2 0.006709 0.056461 0.872831 0.052139 0.011861
2 2 0.004194 0.282956 0.541244 0.001466 0.170141
2 2 0.005331 0.081942 0.875065 0.018500 0.019161
4 2 0.021411 0.328073 0.297777 0.012564 0.340175
4 2 0.009813 0.319268 0.270127 0.004165 0.396628
4 2 0.013218 0.310294 0.159094 0.000946 0.516447
4 2 0.028400 0.296166 0.117503 0.001014 0.556918
4 2 0.011916 0.337594 0.137168 0.000388 0.512933
4 2 0.011476 0.336023 0.181745 0.001026 0.469730
4 2 0.015106 0.294862 0.137957 0.000781 0.551294
1 2 0.026680 0.416030 0.143100 0.000140 0.414051
4 2 0.010097 0.332195 0.181023 0.000880 0.475805
4 2 0.014381 0.342263 0.121627 0.000313 0.521416
4 2 0.014829 0.340971 0.207598 0.002261 0.434341
4 4 0.010142 0.332926 0.166513 0.000651 0.489767
4 4 0.024998 0.359711 0.143241 0.001027 0.471023
4 4 0.026278 0.095264 0.048888 0.001190 0.828379
4 4 0.058964 0.260719 0.073489 0.000753 0.606075
4 4 0.025104 0.089320 0.044154 0.000959 0.840464
4 4 0.028041 0.362722 0.147325 0.001297 0.460616
4 4 0.021176 0.262003 0.131005 0.001411 0.584404
4 4 0.023676 0.358000 0.133909 0.000760 0.483655
4 4 0.019299 0.124410 0.079971 0.001936 0.774383
4 4 0.020668 0.116140 0.075106 0.002095 0.785992
4 4 0.028953 0.174174 0.078524 0.001155 0.717193
4 4 0.016671 0.346596 0.119440 0.000345 0.516947
4 4 0.021286 0.327109 0.196612 0.003342 0.451651
1 4 0.120243 0.409699 0.316371 0.003962 0.149724
2 4 0.024692 0.404911 0.508948 0.000019 0.061431
1 4 0.048187 0.491640 0.347996 0.000026 0.112151
1 4 0.124079 0.462246 0.071901 0.000027 0.341747
0 1 0.544334 0.217584 0.203504 0.006756 0.027822
1 1 0.054413 0.427099 0.176611 0.000739 0.341138
4 1 0.018763 0.351191 0.167809 0.001316 0.460921
4 1 0.005425 0.303835 0.265778 0.002032 0.422930
4 1 0.008153 0.243794 0.204914 0.002416 0.540723
1 1 0.028036 0.406752 0.272882 0.001072 0.291257
2 2 0.008680 0.331516 0.341470 0.002417 0.315918
4 2 0.007040 0.317344 0.224804 0.001365 0.449447
4 2 0.017593 0.341114 0.158884 0.001070 0.481339
4 2 0.023362 0.357747 0.137275 0.000817 0.480800
4 2 0.005683 0.314264 0.184224 0.000510 0.495319
4 2 0.007503 0.314621 0.282017 0.002999 0.392861
4 2 0.007584 0.312700 0.268442 0.003048 0.408225
2 2 0.020810 0.292282 0.518546 0.014252 0.154111
2 2 0.006758 0.256180 0.618950 0.003228 0.114885
2 2 0.011619 0.293195 0.611469 0.000938 0.082779
2 2 0.008556 0.225526 0.674187 0.005701 0.086030
2 2 0.003062 0.175034 0.759217 0.001981 0.060706
2 2 0.014176 0.193619 0.747894 0.003728 0.040583
2 2 0.005782 0.245776 0.657606 0.002219 0.088618
2 2 0.002163 0.153149 0.806272 0.001012 0.037404
2 2 0.002659 0.095099 0.878080 0.003071 0.021091
2 2 0.012808 0.285708 0.585885 0.004637 0.110961
2 2 0.003192 0.206242 0.712994 0.001461 0.076111
2 2 0.016532 0.303967 0.549520 0.005371 0.124609
2 2 0.009959 0.188618 0.717341 0.011955 0.072127
2 2 0.029600 0.282221 0.600987 0.003709 0.083483
2 2 0.016718 0.266367 0.617652 0.005084 0.094180
2 2 0.025355 0.222056 0.682694 0.013363 0.056533
2 2 0.029352 0.359603 0.437965 0.003288 0.169791
2 2 0.012848 0.194817 0.732077 0.008337 0.051921
2 2 0.031136 0.339130 0.512992 0.003602 0.113141
2 2 0.013167 0.160754 0.786667 0.005713 0.033699
2 2 0.050050 0.289911 0.583826 0.005341 0.070873
2 2 0.021738 0.274167 0.621657 0.005307 0.077131
2 2 0.049260 0.219585 0.660686 0.014894 0.055575
2 2 0.064885 0.228494 0.651368 0.010005 0.045248
2 2 0.013526 0.182916 0.752374 0.005604 0.045580
2 2 0.032113 0.171250 0.730139 0.025356 0.041143
2 1 0.068994 0.287790 0.585488 0.007889 0.049838
2 2 0.008245 0.166259 0.785956 0.002579 0.036961
2 2 0.011523 0.189024 0.750783 0.003356 0.045314
2 2 0.004743 0.072041 0.909430 0.003942 0.009845
2 2 0.008767 0.089256 0.884460 0.005748 0.011768
2 2 0.015633 0.141298 0.798333 0.013783 0.030953
2 1 0.208693 0.303516 0.421548 0.010935 0.055307
2 2 0.005496 0.154796 0.791860 0.002951 0.044898
2 2 0.015140 0.188024 0.751977 0.004406 0.040454
2 2 0.012303 0.147789 0.800826 0.007266 0.031816
2 2 0.035817 0.238651 0.655662 0.010157 0.059713
2 2 0.059386 0.164212 0.708764 0.036606 0.031032
0 2 0.578955 0.179132 0.182729 0.015799 0.043385
1 2 0.191738 0.390422 0.342151 0.001417 0.074272
0 2 0.410568 0.292899 0.247947 0.004290 0.044296
0 2 0.602079 0.180570 0.210509 0.000113 0.006730
0 2 0.391161 0.221581 0.372508 0.000870 0.013880
0 2 0.646942 0.210426 0.128077 0.000126 0.014429
0 2 0.684827 0.190529 0.109943 0.000203 0.014499
0 2 0.430362 0.332476 0.182700 0.000627 0.053835
0 2 0.444341 0.339361 0.164929 0.000259 0.051110
0 2 0.632887 0.239351 0.086196 0.000414 0.041151
0 2 0.548263 0.256433 0.150509 0.002502 0.042292
0 1 0.741612 0.150041 0.094715 0.000888 0.012744
0 1 0.447974 0.292848 0.207269 0.003286 0.048623
1 2 0.363162 0.376224 0.135284 0.000967 0.124363
0 2 0.551809 0.289208 0.051765 0.000201 0.107017
0 2 0.729033 0.162458 0.088594 0.001351 0.018565
0 2 0.480505 0.188187 0.297834 0.010297 0.023177
0 2 0.601797 0.211881 0.137892 0.003337 0.045093
0 2 0.621257 0.258577 0.072058 0.000138 0.047971
0 2 0.726758 0.159990 0.101453 0.000367 0.011432
2 2 0.256467 0.255159 0.467815 0.000937 0.019621
0 2 0.697080 0.182901 0.105455 0.000253 0.014310
0 2 0.787894 0.101043 0.107653 0.000177 0.003232
0 2 0.758385 0.110445 0.127869 0.000202 0.003099
0 2 0.764157 0.140562 0.083138 0.000644 0.011499
2 2 0.212148 0.347920 0.384842 0.002493 0.052596
2 2 0.080639 0.325968 0.540015 0.002242 0.051136
2 2 0.035494 0.305773 0.578138 0.004760 0.075835
2 2 0.055217 0.270936 0.626943 0.005472 0.041431
2 2 0.024907 0.299617 0.562846 0.008711 0.103919
2 2 0.032451 0.304470 0.599145 0.001963 0.061972
2 2 0.011034 0.248759 0.670303 0.003034 0.066870
2 2 0.005191 0.100212 0.867141 0.006219 0.021237
2 2 0.037762 0.388841 0.456072 0.000830 0.116495
2 2 0.031338 0.283073 0.618305 0.004815 0.062470
2 2 0.003499 0.128749 0.838496 0.002695 0.026561
2 2 0.008833 0.175541 0.771572 0.002392 0.041663
2 2 0.017535 0.130800 0.824420 0.007370 0.019875
2 2 0.005789 0.140752 0.816415 0.004884 0.032161
2 2 0.018961 0.233388 0.698430 0.002221 0.047000
2 2 0.006302 0.229138 0.718144 0.000485 0.045931
2 2 0.006544 0.122551 0.843789 0.003541 0.023575
2 2 0.035104 0.315455 0.574205 0.002150 0.073086
2 2 0.005431 0.171838 0.772196 0.003806 0.046730
2 2 0.003866 0.079649 0.898363 0.005407 0.012716
2 2 0.004741 0.159494 0.807530 0.001467 0.026769
2 2 0.006443 0.085689 0.882694 0.010102 0.015071
2 2 0.005206 0.223723 0.701562 0.001982 0.067527
2 2 0.001718 0.085292 0.892622 0.002401 0.017967
2 2 0.002391 0.077609 0.901699 0.003444 0.014857
2 2 0.005894 0.192446 0.746343 0.003193 0.052125
2 2 0.007490 0.076487 0.887770 0.014706 0.013547
2 2 0.003980 0.058521 0.919834 0.008643 0.009023
2 2 0.005837 0.090315 0.885681 0.004789 0.013377
2 2 0.008358 0.203106 0.723095 0.005384 0.060056
2 2 0.019142 0.078321 0.845249 0.045167 0.012121
2 2 0.006335 0.121643 0.838873 0.007683 0.025465
2 2 0.003165 0.067563 0.912678 0.006565 0.010029
2 2 0.008649 0.082190 0.873314 0.021491 0.014357
2 2 0.005770 0.071259 0.897101 0.014081 0.011790
2 2 0.015818 0.148657 0.759056 0.030722 0.045748
2 2 0.008828 0.083612 0.874063 0.017812 0.015685
2 2 0.008839 0.107410 0.845106 0.015512 0.023134
2 2 0.005598 0.140318 0.821812 0.002603 0.029669
2 2 0.016656 0.173710 0.757131 0.010610 0.041893
2 2 0.002759 0.064967 0.916679 0.004796 0.010799
2 2 0.012078 0.103000 0.846809 0.016248 0.021865
2 2 0.002970 0.063484 0.916990 0.006099 0.010457
2 2 0.009255 0.056629 0.900640 0.025286 0.008191
2 2 0.021836 0.126818 0.811989 0.018195 0.021162
2 2 0.010852 0.079054 0.890490 0.009019 0.010586
2 2 0.020130 0.169651 0.759391 0.008921 0.041907
2 2 0.025923 0.076606 0.823603 0.061558 0.012309
2 2 0.008435 0.078334 0.887309 0.013301 0.012621
2 2 0.022650 0.179674 0.700202 0.034858 0.062616
2 2 0.042336 0.079016 0.758991 0.105969 0.013687
2 2 0.023358 0.075719 0.845634 0.044377 0.010912
2 2 0.025598 0.145189 0.751072 0.039626 0.038515
2 2 0.023944 0.102454 0.809709 0.041688 0.022206
2 2 0.028803 0.083217 0.827919 0.047298 0.012763
2 2 0.049326 0.076596 0.705256 0.155264 0.013558
2 2 0.021226 0.070820 0.831183 0.061102 0.015669
2 2 0.068061 0.163358 0.663825 0.063925 0.040831
2 2 0.045110 0.049180 0.572994 0.316407 0.016310
2 2 0.043747 0.124907 0.716633 0.085442 0.029271
2 2 0.012084 0.072263 0.844315 0.057511 0.013826
2 1 0.099080 0.224862 0.602176 0.042409 0.031473
2 2 0.016736 0.075015 0.832116 0.065496 0.010637
2 2 0.012817 0.102344 0.855097 0.015199 0.014543
2 2 0.004837 0.057025 0.927081 0.004897 0.006160
2 2 0.005582 0.096151 0.875206 0.007109 0.015952
2 2 0.003657 0.059129 0.917991 0.010184 0.009039
2 2 0.028815 0.065529 0.814127 0.082512 0.009017
2 2 0.006981 0.067102 0.906382 0.011084 0.008451
2 2 0.007782 0.047066 0.932814 0.008951 0.003388
2 2 0.029158 0.164337 0.749264 0.022651 0.034590
2 1 0.197059 0.219595 0.517847 0.041609 0.023890
2 2 0.004790 0.079395 0.888774 0.012314 0.014728
2 2 0.005418 0.045977 0.907775 0.033054 0.007776
2 2 0.017028 0.108518 0.813859 0.033241 0.027353
2 2 0.005245 0.057828 0.920673 0.009382 0.006872
2 2 0.010672 0.185529 0.729883 0.011810 0.062107
2 2 0.004998 0.049358 0.922267 0.016666 0.006711
2 1 0.218333 0.307657 0.404810 0.014968 0.054232
2 2 0.028573 0.217263 0.677776 0.016815 0.059572
2 2 0.013088 0.180053 0.747307 0.012751 0.046801
2 2 0.009873 0.064303 0.889251 0.025893 0.010680
2 2 0.008256 0.124286 0.814882 0.016298 0.036278
2 2 0.015490 0.114035 0.814841 0.030871 0.024762
2 2 0.011342 0.138586 0.771914 0.029183 0.048975
4 2 0.018981 0.105849 0.216946 0.050672 0.607552
4 2 0.006761 0.316199 0.320299 0.002625 0.354116
2 2 0.007404 0.247655 0.583856 0.005901 0.155183
4 2 0.006669 0.309330 0.267476 0.002609 0.413917
4 2 0.009652 0.318853 0.270029 0.004082 0.397384
4 2 0.009463 0.215311 0.233158 0.006698 0.535369
4 2 0.010187 0.257867 0.214786 0.003295 0.513865
1 1 0.080525 0.406429 0.367848 0.002746 0.142451
4 2 0.006603 0.309069 0.267398 0.002577 0.414353
4 2 0.018084 0.368315 0.180386 0.000776 0.432438
4 2 0.009055 0.350722 0.275303 0.000928 0.363993
4 2 0.005444 0.319338 0.186047 0.000382 0.488789
4 4 0.005402 0.303717 0.265740 0.002022 0.423120
4 4 0.025688 0.357137 0.103379 0.000341 0.513454
4 4 0.027345 0.359931 0.110051 0.000453 0.502219
4 4 0.027618 0.349135 0.094484 0.000291 0.528471
4 4 0.048138 0.244733 0.087261 0.001240 0.618628
4 4 0.093454 0.127212 0.035378 0.000920 0.743036
4 4 0.070285 0.092747 0.028886 0.000799 0.807283
4 4 0.038543 0.359969 0.073544 0.000176 0.527769
4 4 0.136176 0.364690 0.053281 0.000323 0.445530
4 4 0.029287 0.373606 0.089997 0.000137 0.506973
4 4 0.015764 0.343779 0.111035 0.000253 0.529169
4 4 0.015145 0.351763 0.104920 0.000134 0.528039
4 4 0.013568 0.342014 0.156912 0.000719 0.486787
4 4 0.047125 0.363836 0.071270 0.000201 0.517568
4 4 0.041044 0.360660 0.071382 0.000172 0.526742
4 4 0.048377 0.374386 0.083206 0.000277 0.493754
4 4 0.024470 0.382037 0.162730 0.000642 0.430122
4 4 0.026146 0.115411 0.043536 0.000448 0.814460
4 4 0.035043 0.127179 0.031510 0.000164 0.806103
4 4 0.036591 0.254128 0.052680 0.000135 0.656467
4 4 0.021782 0.347567 0.083649 0.000140 0.546862
4 4 0.018036 0.101437 0.041227 0.000334 0.838966
4 4 0.057928 0.370266 0.077449 0.000341 0.494016
4 4 0.035948 0.364091 0.092946 0.000351 0.506663
4 4 0.055181 0.368956 0.076223 0.000304 0.499336
4 4 0.034452 0.244968 0.062961 0.000254 0.657365
4 4 0.054234 0.199629 0.060143 0.000720 0.685275
4 4 0.053225 0.387125 0.087691 0.000258 0.471700
4 4 0.027920 0.385182 0.114860 0.000215 0.471823
4 4 0.015964 0.341170 0.095289 0.000154 0.547424
4 4 0.030903 0.376652 0.105077 0.000260 0.487108
4 4 0.019573 0.347240 0.094289 0.000185 0.538713
1 4 0.104373 0.439287 0.199456 0.001387 0.255497
1 1 0.134191 0.463134 0.152340 0.000344 0.249990
4 1 0.005646 0.311988 0.119629 0.000111 0.562627
4 2 0.009095 0.328208 0.193073 0.001001 0.468623
4 2 0.016464 0.346561 0.122787 0.000375 0.513813
4 2 0.007592 0.323828 0.169662 0.000512 0.498406
4 4 0.030101 0.111738 0.037726 0.000364 0.820071
4 4 0.023185 0.342377 0.065722 0.000069 0.568647
4 4 0.025727 0.352759 0.084555 0.000175 0.536784
4 4 0.015234 0.346446 0.109602 0.000200 0.528518
4 4 0.010477 0.333648 0.139331 0.000357 0.516188
4 4 0.062227 0.365737 0.063194 0.000191 0.508652
4 4 0.014851 0.344170 0.132506 0.000436 0.508037
4 4 0.013493 0.357624 0.132918 0.000207 0.495758
4 4 0.016527 0.341002 0.090297 0.000134 0.552040
4 4 0.050385 0.367597 0.077535 0.000288 0.504196
4 4 0.030187 0.137392 0.043310 0.000317 0.788795
4 4 0.029308 0.205540 0.068156 0.000445 0.696551
4 4 0.053887 0.184127 0.043164 0.000289 0.718533
4 4 0.051420 0.241690 0.058071 0.000343 0.648476
4 4 0.026076 0.361745 0.130902 0.000747 0.480531
4 4 0.016858 0.347404 0.124080 0.000399 0.511260
4 4 0.058903 0.376387 0.067274 0.000152 0.497285
4 4 0.032567 0.355419 0.080226 0.000196 0.531592
4 4 0.037518 0.367883 0.108261 0.000619 0.485719
4 4 0.008187 0.326306 0.155741 0.000407 0.509359
4 4 0.019047 0.351763 0.134141 0.000599 0.494451
4 4 0.016243 0.347382 0.144425 0.000651 0.491298
4 4 0.016558 0.347588 0.168493 0.001161 0.466200
1 4 0.034053 0.404004 0.205065 0.001082 0.355796
1 1 0.056120 0.480471 0.236346 0.000158 0.226905
4 1 0.002288 0.282203 0.240194 0.000545 0.474770
4 2 0.002532 0.283025 0.258299 0.000809 0.455336
4 2 0.003188 0.289362 0.260728 0.001069 0.445653
4 2 0.003711 0.293524 0.262256 0.001284 0.439225
4 2 0.009596 0.318214 0.269871 0.004063 0.398256
4 2 0.004433 0.306523 0.183873 0.000390 0.504780
4 2 0.005236 0.310695 0.201384 0.000652 0.482033
4 2 0.021412 0.385275 0.116839 0.000127 0.476347
4 2 0.010861 0.349725 0.281202 0.001522 0.356690
4 2 0.003044 0.288095 0.260252 0.001011 0.447597
1 2 0.051447 0.414446 0.351996 0.001680 0.180431
1 1 0.173775 0.462617 0.204207 0.000385 0.159016
4 1 0.007684 0.319022 0.231701 0.001690 0.439903
4 2 0.006760 0.310079 0.269793 0.002650 0.410717
4 2 0.006492 0.314098 0.306898 0.002505 0.370008
2 2 0.015626 0.363579 0.418343 0.001415 0.201037
2 2 0.008769 0.317792 0.444393 0.003316 0.225729
2 2 0.009008 0.321322 0.408275 0.003692 0.257704
2 2 0.006537 0.237432 0.611807 0.005175 0.139048
2 2 0.005154 0.162583 0.767954 0.005813 0.058495
2 2 0.001636 0.176572 0.739897 0.001000 0.080896
2 2 0.001913 0.074280 0.903183 0.004220 0.016405
2 2 0.009758 0.182765 0.722792 0.013002 0.071683
2 2 0.004922 0.196962 0.737179 0.002525 0.058412
2 2 0.000730 0.065093 0.916341 0.001454 0.016382
2 2 0.003473 0.217564 0.667653 0.002074 0.109236
2 2 0.002179 0.165027 0.779335 0.001190 0.052269
2 2 0.005126 0.224561 0.673889 0.002839 0.093585
2 2 0.001428 0.122988 0.834994 0.001291 0.039298
2 2 0.004774 0.207289 0.717950 0.002357 0.067630
2 2 0.002201 0.181659 0.754181 0.001009 0.060950
2 2 0.003343 0.105124 0.862979 0.004705 0.023850
2 2 0.013964 0.307250 0.515654 0.006328 0.156805
2 2 0.002280 0.084830 0.889938 0.004122 0.018830
2 2 0.001839 0.125047 0.829794 0.001952 0.041368
2 2 0.003762 0.065863 0.901754 0.014987 0.013634
2 2 0.007631 0.224062 0.651941 0.006498 0.109868
2 2 0.007341 0.138850 0.787549 0.015524 0.050736
2 2 0.005044 0.127839 0.821969 0.007874 0.037274
2 2 0.009823 0.151062 0.766092 0.019143 0.053880
2 2 0.005885 0.200775 0.718867 0.003949 0.070524
2 2 0.001390 0.052145 0.931707 0.004727 0.010031
2 2 0.002473 0.059233 0.920782 0.007469 0.010043
2 2 0.014488 0.166149 0.713255 0.034237 0.071871
2 2 0.005023 0.183336 0.742243 0.003888 0.065509
2 2 0.012680 0.167091 0.735792 0.022827 0.061610
2 2 0.016604 0.267327 0.570419 0.009245 0.136405
2 2 0.004137 0.147163 0.797365 0.004517 0.046818
2 2 0.016743 0.150522 0.711705 0.054852 0.066178
2 2 0.006026 0.074199 0.887076 0.015992 0.016706
2 2 0.004103 0.265866 0.596891 0.001439 0.131700
2 2 0.018691 0.207295 0.679649 0.021850 0.072515
2 2 0.023376 0.145223 0.736691 0.048379 0.046331
2 2 0.027111 0.262014 0.554694 0.027881 0.128300
2 2 0.023912 0.231858 0.606898 0.031177 0.106155
2 2 0.021760 0.263360 0.572995 0.018976 0.122909
2 2 0.036363 0.133459 0.533516 0.196737 0.099924
2 2 0.013951 0.155655 0.727321 0.037176 0.065897
2 2 0.014823 0.115038 0.780093 0.055285 0.034760
2 2 0.018263 0.179464 0.681654 0.040769 0.079850
1 2 0.056342 0.322611 0.306927 0.047653 0.266467
2 1 0.060881 0.349013 0.444265 0.013400 0.132441
2 2 0.011530 0.329021 0.365618 0.004995 0.288836
2 2 0.008198 0.148867 0.775814 0.014749 0.052373
2 2 0.008416 0.070021 0.888973 0.020283 0.012307
2 2 0.019222 0.277804 0.564349 0.012900 0.125726
2 2 0.008297 0.234088 0.652455 0.005540 0.099619
2 2 0.021870 0.243955 0.631817 0.010831 0.091527
2 2 0.016800 0.162561 0.713580 0.041445 0.065615
2 2 0.018647 0.112662 0.815013 0.029793 0.023885
2 2 0.012590 0.099750 0.810092 0.051143 0.026425
2 2 0.040022 0.193865 0.564546 0.105821 0.095746
2 2 0.011717 0.078240 0.801106 0.086313 0.022624
2 2 0.041444 0.186778 0.615163 0.086903 0.069712
2 2 0.007404 0.079636 0.853859 0.038147 0.020954
2 2 0.033013 0.120457 0.614859 0.170593 0.061077
2 2 0.060150 0.138414 0.437058 0.272242 0.092136
3 2 0.055832 0.067800 0.265432 0.527090 0.083846
2 2 0.046689 0.101445 0.435851 0.323775 0.092240
2 2 0.054782 0.127964 0.409427 0.306255 0.101573
2 2 0.080164 0.141390 0.407636 0.285724 0.085086
3 2 0.068042 0.044522 0.233099 0.600778 0.053558
2 2 0.039368 0.080094 0.477287 0.347100 0.056151
3 2 0.065677 0.045021 0.226368 0.601040 0.061893
3 2 0.035947 0.027277 0.166880 0.728832 0.041065
3 2 0.064050 0.112550 0.338540 0.371417 0.113443
3 2 0.051149 0.035443 0.159119 0.683156 0.071132
3 2 0.056545 0.041599 0.205293 0.641910 0.054653
3 2 0.041597 0.026741 0.140395 0.742519 0.048748
3 2 0.073332 0.071747 0.207141 0.518168 0.129612
3 2 0.045826 0.019734 0.106571 0.776521 0.051348
3 3 0.082176 0.067584 0.217297 0.496972 0.135971
3 3 0.035898 0.033109 0.206797 0.684891 0.039305
3 3 0.057473 0.077312 0.397146 0.428169 0.039899
3 3 0.053223 0.038914 0.157343 0.660793 0.089727
3 3 0.070977 0.090442 0.321307 0.406885 0.110389
3 3 0.051525 0.032390 0.152937 0.700670 0.062479
3 3 0.052024 0.025363 0.114891 0.748152 0.059569
3 3 0.050342 0.031516 0.163304 0.702382 0.052456
3 3 0.047257 0.070752 0.266776 0.380465 0.234750
3 3 0.058158 0.047747 0.206794 0.628046 0.059254
3 3 0.077456 0.036161 0.129358 0.677758 0.079268
3 3 0.083396 0.031498 0.115220 0.688206 0.081680
3 3 0.066708 0.122943 0.275131 0.277407 0.257811
3 3 0.047909 0.024649 0.150206 0.729873 0.047365
3 3 0.061150 0.033393 0.140454 0.699818 0.065185
3 3 0.051809 0.030861 0.131361 0.725200 0.060769
3 3 0.072624 0.047893 0.177718 0.617720 0.084045
3 3 0.059006 0.028602 0.112869 0.729267 0.070257
3 3 0.069152 0.046209 0.141347 0.621130 0.122162
3 2 0.047847 0.030522 0.153947 0.715212 0.052472
2 2 0.158800 0.318716 0.402525 0.028735 0.091225
2 2 0.020349 0.329490 0.439863 0.009966 0.200331
2 2 0.009465 0.216676 0.705474 0.003625 0.064760
