0 0 0.439899 0.349816 0.053614 0.000276 0.156394
1 0 0.255446 0.505435 0.124373 0.000075 0.114671
1 0 0.376902 0.387143 0.048561 0.000064 0.187331
0 0 0.593701 0.244960 0.069685 0.000324 0.091330
0 0 0.554583 0.336584 0.057496 0.000171 0.051166
1 0 0.209860 0.447958 0.154995 0.000678 0.186509
1 0 0.230562 0.527767 0.152098 0.000065 0.089508
1 0 0.319497 0.425181 0.078716 0.000151 0.176455
1 0 0.351954 0.465640 0.110245 0.000105 0.072056
0 0 0.447805 0.416757 0.066206 0.000049 0.069183
1 0 0.226641 0.466940 0.138340 0.000193 0.167885
1 0 0.367658 0.448871 0.090844 0.000100 0.092528
1 0 0.390517 0.436415 0.091568 0.000127 0.081373
4 0 0.356868 0.223211 0.041917 0.000338 0.377666
0 0 0.794627 0.100299 0.015058 0.000602 0.089414
0 0 0.827642 0.102658 0.037573 0.000669 0.031459
0 0 0.647692 0.234633 0.070095 0.000753 0.046827
1 0 0.312279 0.331402 0.056439 0.000308 0.299572
0 0 0.602223 0.195091 0.028493 0.000227 0.173966
1 0 0.305242 0.434451 0.066603 0.000060 0.193644
4 0 0.088470 0.182123 0.048041 0.000160 0.681206
4 0 0.064220 0.306791 0.102386 0.000348 0.526255
1 0 0.096622 0.492879 0.113629 0.000015 0.296854
1 0 0.073278 0.490834 0.183909 0.000049 0.251930
4 0 0.076714 0.408434 0.076000 0.000011 0.438841
1 0 0.063310 0.465558 0.184513 0.000060 0.286559
4 0 0.066417 0.187810 0.048242 0.000100 0.697431
1 0 0.103733 0.447583 0.073484 0.000008 0.375192
1 0 0.096212 0.512316 0.130669 0.000017 0.260785
4 0 0.067582 0.381377 0.114958 0.000085 0.435998
1 0 0.049314 0.533187 0.174495 0.000006 0.242999
1 0 0.110846 0.491144 0.112361 0.000021 0.285627
1 0 0.141227 0.516491 0.089541 0.000009 0.252732
1 0 0.103430 0.471652 0.142116 0.000070 0.282732
1 0 0.108557 0.539151 0.120538 0.000009 0.231745
1 0 0.093373 0.495068 0.127104 0.000021 0.284435
1 0 0.095555 0.460834 0.089272 0.000011 0.354327
1 0 0.087607 0.450479 0.117807 0.000036 0.344070
4 0 0.044318 0.332252 0.090030 0.000034 0.533366
1 0 0.081381 0.432307 0.102990 0.000026 0.383296
0 0 0.461421 0.332548 0.060596 0.000254 0.145181
0 0 0.405775 0.370781 0.095716 0.000494 0.127234
0 0 0.515520 0.303842 0.072942 0.000723 0.106973
1 0 0.322480 0.482358 0.082915 0.000034 0.112214
1 0 0.354459 0.421248 0.083769 0.000204 0.140321
4 0 0.354550 0.216635 0.056620 0.000473 0.371722
0 0 0.448354 0.203906 0.051912 0.001672 0.294157
1 0 0.251230 0.467808 0.188316 0.000633 0.092012
1 0 0.310477 0.377472 0.061298 0.000206 0.250547
1 0 0.256080 0.477204 0.112409 0.000124 0.154183
1 0 0.297896 0.507406 0.097708 0.000029 0.096961
1 0 0.239299 0.510369 0.143151 0.000098 0.107083
1 0 0.193576 0.483279 0.157189 0.000251 0.165704
1 0 0.215102 0.506054 0.107613 0.000044 0.171186
1 0 0.335562 0.467362 0.104044 0.000102 0.092930
1 0 0.203389 0.509811 0.167131 0.000147 0.119523
1 0 0.286805 0.475397 0.126507 0.000181 0.111110
1 0 0.219989 0.437639 0.085843 0.000106 0.256423
0 0 0.700927 0.151148 0.078722 0.005629 0.063573
0 0 0.772351 0.150824 0.042106 0.000410 0.034309
0 0 0.974558 0.012382 0.001736 0.000086 0.011238
0 0 0.980416 0.008064 0.000939 0.000086 0.010495
0 0 0.951339 0.030406 0.004154 0.000061 0.014041
0 0 0.948785 0.031045 0.004105 0.000081 0.015984
0 0 0.955301 0.032280 0.001869 0.000008 0.010542
0 0 0.935183 0.048030 0.003068 0.000012 0.013707
0 0 0.966648 0.017384 0.002288 0.000093 0.013586
0 0 0.947237 0.039883 0.002038 0.000006 0.010836
0 0 0.859303 0.117112 0.008173 0.000008 0.015404
0 0 0.966828 0.021508 0.001679 0.000016 0.009970
0 0 0.911865 0.042703 0.019731 0.001098 0.024603
0 0 0.764991 0.180173 0.029497 0.000071 0.025269
0 0 0.927691 0.045942 0.005432 0.000097 0.020837
0 0 0.911581 0.055496 0.008133 0.000171 0.024619
0 0 0.921522 0.058124 0.003562 0.000017 0.016775
0 0 0.917592 0.036845 0.011413 0.001586 0.032565
0 0 0.845787 0.102595 0.015646 0.000278 0.035694
0 0 0.935534 0.024718 0.007048 0.001829 0.030871
0 0 0.925381 0.036325 0.006651 0.000675 0.030969
0 0 0.849822 0.098619 0.017663 0.000305 0.033591
0 0 0.880404 0.072142 0.015958 0.000446 0.031050
0 0 0.967045 0.013826 0.002653 0.000321 0.016155
0 0 0.966876 0.015904 0.002372 0.000151 0.014697
0 0 0.919087 0.060526 0.004774 0.000019 0.015593
0 0 0.934320 0.041472 0.004863 0.000086 0.019260
0 0 0.963122 0.018271 0.001928 0.000113 0.016566
0 0 0.972125 0.012563 0.003879 0.000248 0.011184
0 0 0.978078 0.010456 0.002522 0.000111 0.008832
0 0 0.979945 0.009547 0.002994 0.000108 0.007405
0 0 0.958407 0.021394 0.006683 0.000234 0.013281
0 0 0.988602 0.002340 0.000508 0.000371 0.008180
0 0 0.975960 0.011980 0.001803 0.000075 0.010182
0 0 0.959499 0.022735 0.002175 0.000066 0.015525
0 0 0.831339 0.139826 0.008830 0.000012 0.019993
0 0 0.896313 0.083023 0.005512 0.000010 0.015141
0 0 0.920332 0.057688 0.004266 0.000026 0.017688
0 0 0.772357 0.189065 0.014951 0.000020 0.023606
0 0 0.905173 0.069789 0.006037 0.000032 0.018969
0 0 0.973864 0.015627 0.001106 0.000016 0.009387
0 0 0.920953 0.060745 0.004395 0.000012 0.013895
0 0 0.928348 0.056843 0.003565 0.000006 0.011237
0 0 0.954343 0.030904 0.001802 0.000015 0.012936
0 0 0.903233 0.079155 0.004570 0.000006 0.013036
0 0 0.912140 0.069613 0.002934 0.000007 0.015306
0 0 0.842093 0.142255 0.005294 0.000001 0.010357
0 0 0.873471 0.112332 0.003366 0.000001 0.010830
0 0 0.992506 0.001437 0.000400 0.000275 0.005382
0 0 0.990330 0.001604 0.000568 0.000660 0.006838
0 0 0.991102 0.003999 0.000939 0.000031 0.003928
0 0 0.987431 0.004943 0.001652 0.000123 0.005852
0 0 0.988656 0.002757 0.000992 0.000435 0.007160
0 0 0.990346 0.001877 0.000624 0.000480 0.006674
0 0 0.992232 0.001549 0.000423 0.000266 0.005530
0 0 0.986869 0.004363 0.001444 0.000234 0.007090
0 0 0.967838 0.016971 0.004246 0.000124 0.010821
0 0 0.972856 0.015764 0.002174 0.000037 0.009169
0 0 0.980932 0.012503 0.001605 0.000008 0.004952
0 0 0.990074 0.003539 0.001412 0.000132 0.004843
0 0 0.990585 0.004463 0.000917 0.000025 0.004011
0 0 0.987476 0.005259 0.001887 0.000096 0.005283
0 0 0.958463 0.017923 0.006991 0.000637 0.015985
0 0 0.963175 0.016233 0.004922 0.000436 0.015234
0 0 0.957450 0.024303 0.005243 0.000113 0.012892
0 0 0.980873 0.007325 0.001306 0.000164 0.010332
0 0 0.971426 0.013423 0.004349 0.000213 0.010589
0 0 0.970227 0.013360 0.003806 0.000273 0.012334
0 0 0.983991 0.005516 0.001654 0.000269 0.008571
0 0 0.964071 0.018072 0.004474 0.000198 0.013185
0 0 0.960056 0.022217 0.002889 0.000089 0.014748
0 0 0.975173 0.016232 0.000799 0.000006 0.007790
0 0 0.972975 0.013674 0.002663 0.000103 0.010585
0 0 0.979401 0.012002 0.001117 0.000016 0.007464
0 0 0.973456 0.013110 0.001844 0.000087 0.011504
0 0 0.975489 0.013874 0.001277 0.000026 0.009334
0 0 0.962834 0.024691 0.001715 0.000014 0.010746
0 0 0.920439 0.063783 0.003362 0.000005 0.012410
0 0 0.921319 0.065278 0.002939 0.000003 0.010461
0 0 0.952436 0.037077 0.001744 0.000003 0.008740
0 0 0.811603 0.166648 0.008099 0.000003 0.013647
0 0 0.808010 0.177963 0.007189 0.000000 0.006837
1 0 0.288490 0.534473 0.079556 0.000007 0.097474
1 0 0.151385 0.473149 0.095446 0.000034 0.279986
1 1 0.098730 0.613363 0.168960 0.000004 0.118944
1 1 0.101383 0.613536 0.162153 0.000004 0.122925
1 1 0.098279 0.615455 0.203832 0.000005 0.082429
1 1 0.133939 0.597138 0.185730 0.000010 0.083183
1 0 0.183309 0.532986 0.213886 0.000096 0.069723
1 1 0.069659 0.577529 0.261426 0.000011 0.091376
1 1 0.068329 0.636938 0.219546 0.000001 0.075185
2 2 0.017792 0.409884 0.522531 0.000026 0.049766
2 2 0.018129 0.403668 0.420112 0.000075 0.158015
2 2 0.013951 0.284578 0.619939 0.001200 0.080332
2 2 0.006009 0.179159 0.675412 0.001557 0.137862
2 2 0.000272 0.030117 0.955065 0.000369 0.014177
2 2 0.003573 0.131604 0.783873 0.001359 0.079591
2 2 0.000239 0.032022 0.950842 0.000225 0.016672
2 2 0.000070 0.014270 0.965391 0.000298 0.019971
2 2 0.000236 0.032559 0.938523 0.000276 0.028406
2 2 0.000117 0.018380 0.965202 0.000340 0.015961
2 2 0.000058 0.012061 0.976561 0.000252 0.011068
2 2 0.000151 0.010033 0.979736 0.003281 0.006798
2 2 0.000336 0.021940 0.959499 0.002430 0.015794
2 2 0.000943 0.015190 0.966356 0.009603 0.007908
2 2 0.000654 0.017494 0.974384 0.003812 0.003656
2 2 0.003809 0.045466 0.928901 0.011484 0.010340
2 2 0.000874 0.015903 0.974375 0.004355 0.004493
2 2 0.001709 0.018551 0.964068 0.013713 0.001959
2 3 0.001791 0.022316 0.954678 0.015708 0.005507
2 3 0.000830 0.010526 0.968936 0.016786 0.002922
2 3 0.001783 0.020269 0.949025 0.024517 0.004406
2 3 0.001757 0.025494 0.940693 0.025021 0.007035
2 3 0.001815 0.014632 0.964018 0.015475 0.004060
2 3 0.003948 0.017563 0.919469 0.054812 0.004207
2 3 0.002510 0.019513 0.947656 0.022310 0.008012
2 3 0.002895 0.016207 0.880693 0.094320 0.005885
2 3 0.017226 0.047557 0.873515 0.046222 0.015481
2 3 0.009975 0.037915 0.868229 0.055445 0.028436
2 3 0.006014 0.018845 0.806185 0.161723 0.007234
2 3 0.003830 0.021474 0.850900 0.114922 0.008875
2 3 0.004435 0.021367 0.802558 0.160072 0.011567
2 3 0.007476 0.015369 0.662635 0.306939 0.007581
2 3 0.029560 0.046937 0.668930 0.225915 0.028659
2 3 0.010723 0.020483 0.615630 0.331390 0.021775
2 3 0.043117 0.047040 0.750513 0.139921 0.019408
2 3 0.018984 0.022692 0.588956 0.355741 0.013628
2 3 0.009939 0.022669 0.573628 0.370258 0.023506
3 3 0.028642 0.028979 0.428673 0.467339 0.046366
2 3 0.013145 0.015436 0.504339 0.456100 0.010980
2 2 0.044606 0.099791 0.701159 0.124662 0.029782
2 2 0.017819 0.119710 0.733513 0.080481 0.048476
2 2 0.016670 0.125771 0.826515 0.013869 0.017175
2 2 0.011221 0.077838 0.876031 0.022718 0.012192
2 2 0.018516 0.184399 0.738096 0.011620 0.047369
2 2 0.131160 0.387452 0.458488 0.000938 0.021961
1 1 0.197954 0.477009 0.306537 0.000180 0.018320
2 2 0.032285 0.348715 0.564009 0.000959 0.054033
2 2 0.013315 0.150210 0.795048 0.011641 0.029786
2 2 0.009708 0.169435 0.800713 0.001840 0.018305
2 2 0.001006 0.027690 0.956712 0.008738 0.005854
2 2 0.000948 0.031281 0.954696 0.005382 0.007693
2 2 0.000645 0.019001 0.973491 0.003964 0.002898
2 2 0.000388 0.010803 0.981882 0.005669 0.001258
2 2 0.000615 0.019738 0.972310 0.002882 0.004454
2 2 0.000224 0.007162 0.984583 0.006232 0.001800
2 2 0.000294 0.013006 0.975738 0.006758 0.004203
2 2 0.000751 0.011452 0.980863 0.005855 0.001078
2 2 0.000602 0.013229 0.971793 0.010560 0.003816
2 2 0.000997 0.014174 0.978607 0.005370 0.000852
2 3 0.002816 0.023308 0.959400 0.012106 0.002370
2 3 0.004220 0.022601 0.939979 0.029884 0.003316
2 3 0.003475 0.023191 0.923919 0.044816 0.004599
2 3 0.006362 0.023773 0.914397 0.050738 0.004729
2 3 0.010238 0.020400 0.750400 0.210713 0.008249
2 3 0.006207 0.026619 0.907279 0.054744 0.005151
2 3 0.017179 0.063315 0.878706 0.019988 0.020812
2 3 0.008896 0.019044 0.805798 0.159447 0.006815
2 3 0.014231 0.031382 0.811859 0.126892 0.015635
3 3 0.014113 0.014618 0.350002 0.605763 0.015504
2 3 0.012403 0.021553 0.738787 0.217976 0.009282
2 3 0.020460 0.031110 0.657402 0.270269 0.020759
3 3 0.010542 0.002846 0.071506 0.907677 0.007429
2 3 0.037288 0.034109 0.561050 0.344976 0.022577
3 3 0.024933 0.013118 0.304220 0.641426 0.016303
3 3 0.038762 0.014718 0.366573 0.563085 0.016862
3 3 0.012198 0.003481 0.096192 0.880144 0.007984
3 3 0.018350 0.011167 0.240489 0.715695 0.014299
3 3 0.012067 0.007355 0.236426 0.734675 0.009477
3 3 0.015777 0.003121 0.073185 0.899074 0.008843
3 3 0.005673 0.004717 0.222212 0.761548 0.005851
3 3 0.007636 0.001687 0.051107 0.934315 0.005255
2 2 0.030900 0.070919 0.710363 0.163427 0.024392
2 2 0.005340 0.060207 0.852402 0.053636 0.028416
2 2 0.009553 0.028961 0.766823 0.184760 0.009904
2 3 0.012906 0.057466 0.872791 0.043294 0.013544
2 3 0.006886 0.021768 0.860150 0.105357 0.005839
2 3 0.010551 0.029297 0.662424 0.284821 0.012908
2 3 0.012199 0.014984 0.531143 0.431602 0.010072
2 3 0.028202 0.063959 0.705318 0.173160 0.029361
3 3 0.038803 0.016373 0.292263 0.631856 0.020705
3 3 0.007545 0.004551 0.154078 0.826701 0.007125
3 3 0.019725 0.006854 0.193567 0.768645 0.011208
3 3 0.024197 0.005267 0.115237 0.843435 0.011865
3 3 0.016051 0.002232 0.043009 0.930472 0.008236
3 3 0.012229 0.002482 0.069895 0.908398 0.006996
3 3 0.047562 0.007571 0.077755 0.843818 0.023294
3 3 0.035503 0.007209 0.117823 0.822949 0.016516
3 3 0.022527 0.004954 0.077153 0.882310 0.013056
3 3 0.023918 0.002697 0.045767 0.917308 0.010310
3 3 0.020758 0.002694 0.049435 0.917431 0.009681
3 3 0.019174 0.005576 0.151446 0.813282 0.010522
3 3 0.010961 0.002527 0.064812 0.914554 0.007146
3 3 0.007108 0.000577 0.019264 0.969754 0.003297
3 3 0.010472 0.001350 0.036224 0.946483 0.005471
3 3 0.014389 0.001688 0.041003 0.936186 0.006735
3 3 0.009891 0.001089 0.030661 0.953473 0.004885
3 3 0.007665 0.000756 0.019533 0.968040 0.004005
3 3 0.011436 0.001541 0.030210 0.950402 0.006412
3 3 0.016301 0.001114 0.022081 0.954244 0.006260
3 3 0.015907 0.001487 0.026343 0.948237 0.008026
3 3 0.009305 0.000681 0.017530 0.968407 0.004076
3 3 0.018825 0.002109 0.037934 0.932531 0.008601
3 3 0.024076 0.002872 0.045919 0.915575 0.011558
3 3 0.032289 0.004435 0.061803 0.887131 0.014342
3 3 0.031961 0.003938 0.048921 0.899911 0.015269
3 3 0.018991 0.001693 0.033421 0.938168 0.007728
3 3 0.030622 0.003192 0.040949 0.912512 0.012725
3 3 0.038168 0.004684 0.056238 0.884915 0.015994
3 3 0.019082 0.001449 0.021404 0.950227 0.007838
3 3 0.029499 0.004370 0.054668 0.897169 0.014294
3 3 0.024218 0.002135 0.029596 0.934096 0.009955
3 3 0.040844 0.002738 0.030922 0.912022 0.013475
3 3 0.040609 0.003703 0.044469 0.896338 0.014881
3 3 0.024288 0.001402 0.022007 0.944117 0.008185
3 3 0.050226 0.004255 0.035047 0.892071 0.018401
3 3 0.036732 0.003861 0.039120 0.900344 0.019943
3 2 0.075893 0.020298 0.198305 0.674018 0.031486
2 2 0.038303 0.086084 0.422149 0.403414 0.050051
2 1 0.134914 0.374848 0.452496 0.003761 0.033980
2 2 0.143701 0.378734 0.417778 0.009606 0.050182
2 2 0.150312 0.337525 0.437364 0.016276 0.058523
1 2 0.083116 0.458359 0.402959 0.000386 0.055181
2 2 0.059080 0.425912 0.465287 0.000407 0.049313
2 2 0.039770 0.427605 0.490143 0.000119 0.042363
1 2 0.138407 0.472306 0.347622 0.000442 0.041223
2 2 0.014783 0.331164 0.608020 0.000152 0.045881
2 2 0.024012 0.337130 0.606594 0.000310 0.031954
2 2 0.019992 0.362763 0.552358 0.000200 0.064687
2 2 0.010752 0.256602 0.686359 0.000813 0.045474
2 2 0.010225 0.227903 0.706198 0.001179 0.054495
2 2 0.004468 0.119353 0.847370 0.001192 0.027617
2 2 0.010095 0.197982 0.756273 0.001003 0.034647
2 2 0.000718 0.034534 0.957365 0.001510 0.005873
2 2 0.002806 0.069080 0.910310 0.004483 0.013320
2 2 0.005228 0.126923 0.847520 0.001970 0.018360
2 2 0.002348 0.059843 0.925143 0.004028 0.008639
2 2 0.020270 0.310747 0.624696 0.000689 0.043598
2 2 0.002497 0.085660 0.888739 0.001767 0.021337
2 2 0.021192 0.243300 0.697224 0.004275 0.034010
2 2 0.015822 0.294085 0.623059 0.000996 0.066038
2 2 0.000291 0.013189 0.981749 0.003310 0.001461
2 2 0.012001 0.342490 0.522401 0.000152 0.122956
2 2 0.000259 0.028178 0.945666 0.000592 0.025305
2 2 0.000052 0.009754 0.982318 0.000366 0.007510
2 2 0.000727 0.069580 0.899806 0.000216 0.029671
2 2 0.013478 0.428168 0.440078 0.000015 0.118262
2 2 0.006378 0.258504 0.469230 0.000308 0.265580
2 2 0.000388 0.051486 0.902574 0.000189 0.045363
2 2 0.003258 0.219348 0.542234 0.000130 0.235030
2 2 0.003706 0.149513 0.585673 0.001051 0.260056
4 2 0.007190 0.233347 0.261686 0.000308 0.497469
2 2 0.004210 0.195457 0.437499 0.000348 0.362485
2 2 0.003660 0.198798 0.643358 0.000279 0.153905
2 2 0.005344 0.188004 0.437793 0.000759 0.368100
4 4 0.009537 0.296080 0.237386 0.000057 0.456940
4 4 0.011366 0.257722 0.341003 0.000691 0.389217
2 4 0.008853 0.302417 0.410171 0.000210 0.278349
2 4 0.004374 0.209684 0.521469 0.000332 0.264142
4 4 0.006293 0.211245 0.316317 0.000450 0.465695
4 4 0.013639 0.274995 0.181140 0.000113 0.530114
4 4 0.007170 0.263022 0.322854 0.000171 0.406783
4 4 0.007775 0.008834 0.009211 0.000325 0.973855
4 4 0.008759 0.147548 0.056118 0.000044 0.787532
4 4 0.005146 0.120954 0.050604 0.000030 0.823266
4 4 0.003068 0.073029 0.051183 0.000103 0.872617
4 4 0.003875 0.071724 0.047539 0.000104 0.876758
4 4 0.003463 0.111537 0.117204 0.000270 0.767527
4 4 0.003123 0.113285 0.233236 0.000640 0.649716
4 4 0.004606 0.116350 0.057679 0.000054 0.821311
4 4 0.003439 0.053891 0.039890 0.000116 0.902664
4 4 0.007550 0.165922 0.117266 0.000263 0.708999
4 4 0.005350 0.132703 0.053113 0.000019 0.808815
4 4 0.002687 0.107025 0.183383 0.000367 0.706538
4 4 0.004980 0.119809 0.057802 0.000054 0.817355
4 4 0.006995 0.058821 0.047217 0.000396 0.886571
4 4 0.004499 0.031696 0.026043 0.000163 0.937599
4 4 0.004482 0.115256 0.060273 0.000066 0.819923
4 4 0.009449 0.148652 0.027431 0.000002 0.814467
4 4 0.006188 0.129486 0.049315 0.000026 0.814985
4 4 0.003774 0.118457 0.119741 0.000146 0.757882
4 4 0.035026 0.251338 0.037346 0.000004 0.676286
2 4 0.009384 0.325782 0.526414 0.000137 0.138283
2 4 0.015522 0.322256 0.512569 0.000678 0.148974
2 4 0.007960 0.275446 0.622003 0.000382 0.094208
2 4 0.010294 0.293570 0.640596 0.000237 0.055303
2 2 0.013347 0.288917 0.609214 0.000985 0.087537
2 2 0.007027 0.212912 0.726245 0.000381 0.053435
2 2 0.000294 0.042585 0.939011 0.000124 0.017985
2 2 0.000737 0.080923 0.902099 0.000085 0.016156
2 2 0.000751 0.066635 0.907716 0.000255 0.024643
2 2 0.007796 0.230777 0.715628 0.000620 0.045178
2 2 0.000774 0.066384 0.906056 0.000290 0.026496
2 2 0.001202 0.055034 0.931024 0.001223 0.011516
2 2 0.047467 0.354604 0.559317 0.000850 0.037762
2 2 0.000737 0.066946 0.916411 0.000185 0.015721
2 2 0.002561 0.122266 0.859001 0.000350 0.015823
2 2 0.002585 0.134623 0.816004 0.000421 0.046367
2 2 0.000211 0.027558 0.958417 0.000269 0.013544
2 2 0.000365 0.025708 0.963700 0.001154 0.009074
2 2 0.001303 0.050793 0.934210 0.002102 0.011592
2 2 0.004182 0.158350 0.800511 0.000311 0.036646
2 2 0.009880 0.101899 0.852957 0.018714 0.016551
2 2 0.005780 0.073238 0.904980 0.005936 0.010065
2 2 0.006428 0.084761 0.885275 0.006388 0.017148
2 2 0.008217 0.081396 0.881579 0.015369 0.013440
2 2 0.001127 0.025831 0.958577 0.007392 0.007073
2 2 0.005351 0.094539 0.880486 0.005386 0.014237
2 2 0.005867 0.061543 0.907923 0.013581 0.011086
2 2 0.007825 0.065778 0.891661 0.023807 0.010929
2 2 0.013178 0.101079 0.830421 0.025630 0.029693
2 2 0.029493 0.090206 0.843004 0.023701 0.013597
2 2 0.005669 0.074854 0.874459 0.024001 0.021017
2 3 0.032334 0.192699 0.730765 0.015683 0.028519
2 3 0.001768 0.021653 0.932534 0.040953 0.003092
2 3 0.016856 0.110453 0.824772 0.033699 0.014220
2 3 0.008278 0.072618 0.839652 0.061125 0.018327
2 3 0.005365 0.060651 0.899389 0.021785 0.012810
2 3 0.002014 0.035943 0.948160 0.006707 0.007176
2 3 0.006242 0.056168 0.890295 0.038090 0.009205
2 3 0.015676 0.092357 0.866699 0.015378 0.009891
2 3 0.008479 0.062572 0.898120 0.020471 0.010359
2 3 0.020420 0.073800 0.803438 0.085122 0.017220
2 3 0.013029 0.077013 0.810242 0.080784 0.018932
2 3 0.009653 0.064162 0.889350 0.028555 0.008279
2 3 0.029187 0.077361 0.800424 0.074181 0.018848
2 3 0.007994 0.051342 0.866784 0.064709 0.009171
2 3 0.044371 0.126599 0.782153 0.025789 0.021088
2 3 0.018500 0.075051 0.851853 0.041744 0.012852
2 3 0.037891 0.098157 0.765266 0.073563 0.025123
2 3 0.027618 0.125198 0.752801 0.059359 0.035024
2 3 0.026716 0.065262 0.795138 0.093633 0.019252
2 3 0.029398 0.079988 0.768170 0.096789 0.025655
2 3 0.013590 0.053188 0.827011 0.093346 0.012864
2 3 0.011503 0.055594 0.776577 0.142015 0.014311
2 3 0.056197 0.108336 0.683894 0.115419 0.036154
2 3 0.026645 0.063924 0.769099 0.121138 0.019194
2 3 0.068210 0.102289 0.663969 0.123195 0.042336
2 3 0.023184 0.054916 0.746557 0.156895 0.018447
2 3 0.047832 0.069910 0.709091 0.146264 0.026903
2 3 0.046079 0.075425 0.768981 0.086205 0.023310
2 3 0.033805 0.061395 0.681907 0.197326 0.025566
2 3 0.088123 0.070198 0.517580 0.278820 0.045279
2 3 0.039020 0.090112 0.744960 0.099094 0.026814
2 3 0.068430 0.064606 0.625284 0.207961 0.033718
2 3 0.090147 0.062618 0.527023 0.278999 0.041212
2 3 0.089626 0.047257 0.450417 0.373268 0.039432
2 3 0.062998 0.087273 0.490974 0.309235 0.049520
3 3 0.089014 0.052645 0.389556 0.422161 0.046624
3 3 0.128703 0.059154 0.302015 0.447833 0.062295
2 3 0.074609 0.055261 0.511596 0.321284 0.037250
3 3 0.056703 0.032559 0.383757 0.496139 0.030842
3 3 0.098592 0.056157 0.391295 0.405063 0.048893
2 3 0.033204 0.029688 0.517809 0.398432 0.020868
3 3 0.116148 0.050862 0.388311 0.396827 0.047852
3 3 0.083999 0.007891 0.052726 0.826974 0.028410
2 3 0.095907 0.067622 0.564718 0.231568 0.040185
2 3 0.129219 0.058478 0.414339 0.346585 0.051379
2 1 0.127187 0.059412 0.543720 0.232781 0.036900
2 2 0.039314 0.088611 0.694507 0.146867 0.030702
2 2 0.062050 0.229739 0.631534 0.037273 0.039404
2 1 0.271819 0.237498 0.432649 0.011814 0.046220
1 1 0.115220 0.490080 0.335845 0.000284 0.058571
2 2 0.042334 0.395852 0.500026 0.000539 0.061249
2 2 0.009272 0.217210 0.698741 0.001581 0.073195
2 2 0.000640 0.028888 0.965897 0.000867 0.003707
1 2 0.057354 0.467531 0.434632 0.000092 0.040391
2 2 0.049290 0.435946 0.480321 0.000126 0.034317
2 2 0.013992 0.313615 0.618424 0.000281 0.053689
2 2 0.010309 0.193763 0.738969 0.002231 0.054729
2 2 0.001300 0.065744 0.916684 0.000843 0.015428
2 2 0.013147 0.277348 0.673336 0.000388 0.035781
2 2 0.001722 0.065191 0.920380 0.001490 0.011217
2 2 0.002496 0.119880 0.848167 0.000498 0.028958
2 2 0.002906 0.114918 0.846610 0.000944 0.034622
2 2 0.004600 0.121085 0.860460 0.001418 0.012438
2 2 0.000135 0.015592 0.980721 0.000372 0.003180
2 2 0.000208 0.030284 0.958758 0.000153 0.010597
2 2 0.002168 0.080122 0.893197 0.001624 0.022889
2 2 0.000242 0.026154 0.961862 0.000430 0.011312
2 2 0.000083 0.008707 0.989183 0.000682 0.001345
2 2 0.070462 0.414328 0.489177 0.000378 0.025655
2 2 0.002167 0.058656 0.928625 0.002326 0.008226
2 2 0.000392 0.021832 0.968642 0.002296 0.006838
2 2 0.000252 0.018817 0.975298 0.000517 0.005116
2 2 0.000585 0.030486 0.962642 0.001022 0.005265
2 2 0.000229 0.013441 0.980440 0.002668 0.003223
2 2 0.000439 0.021843 0.973782 0.000677 0.003259
2 2 0.001556 0.057535 0.907294 0.003375 0.030240
2 2 0.012249 0.146914 0.812849 0.001810 0.026178
2 2 0.013467 0.130097 0.838072 0.003554 0.014809
2 2 0.016373 0.279207 0.672391 0.000715 0.031314
2 2 0.000262 0.015628 0.976726 0.002594 0.004790
2 2 0.004213 0.131366 0.843771 0.000251 0.020400
2 2 0.105979 0.361248 0.498937 0.003845 0.029991
1 1 0.254403 0.452201 0.258703 0.000740 0.033952
2 2 0.032997 0.391674 0.504218 0.000366 0.070746
2 2 0.017228 0.231765 0.700103 0.004541 0.046363
2 2 0.001969 0.061622 0.922061 0.001751 0.012597
2 2 0.001722 0.047551 0.942949 0.003131 0.004647
2 2 0.000143 0.013278 0.982542 0.000840 0.003198
2 2 0.000273 0.013979 0.979022 0.003543 0.003183
2 2 0.000647 0.054631 0.920617 0.000389 0.023717
2 2 0.000755 0.040029 0.947935 0.001276 0.010005
2 2 0.000180 0.019858 0.972500 0.000468 0.006994
2 2 0.014641 0.188756 0.780625 0.000519 0.015460
2 2 0.001157 0.041601 0.937654 0.004160 0.015427
2 2 0.000215 0.024916 0.963622 0.000378 0.010868
2 2 0.000493 0.028477 0.965593 0.001069 0.004369
2 2 0.000118 0.015626 0.979224 0.000332 0.004701
2 2 0.000880 0.060996 0.914360 0.000534 0.023230
2 2 0.009413 0.086634 0.892202 0.003777 0.007974
2 2 0.024712 0.289404 0.653089 0.001595 0.031200
2 2 0.000266 0.024916 0.966319 0.000544 0.007955
2 2 0.011706 0.269926 0.687688 0.000256 0.030425
2 2 0.000139 0.023267 0.966159 0.000157 0.010278
2 2 0.000052 0.008020 0.987990 0.000499 0.003440
2 2 0.000103 0.013404 0.980309 0.000495 0.005689
2 2 0.022881 0.325331 0.601664 0.000633 0.049491
2 2 0.001393 0.076898 0.898571 0.000645 0.022494
2 2 0.000037 0.004983 0.993306 0.000688 0.000986
2 2 0.025108 0.373710 0.558589 0.000120 0.042472
2 2 0.022794 0.400411 0.527415 0.000069 0.049312
2 2 0.007003 0.162198 0.786622 0.001175 0.043003
2 2 0.015708 0.291648 0.632704 0.000933 0.059007
2 2 0.000609 0.026387 0.961069 0.003639 0.008296
1 2 0.078673 0.478803 0.401220 0.000139 0.041165
2 2 0.001890 0.099173 0.882317 0.000287 0.016333
2 2 0.001900 0.095829 0.886537 0.000418 0.015316
2 2 0.000377 0.027879 0.964494 0.000742 0.006508
1 2 0.123561 0.512739 0.328173 0.000096 0.035431
2 2 0.036872 0.446630 0.480140 0.000047 0.036311
1 1 0.253003 0.429588 0.267467 0.002241 0.047701
2 2 0.055584 0.443002 0.447082 0.000238 0.054093
2 2 0.026532 0.356367 0.529319 0.000721 0.087061
2 2 0.006603 0.181885 0.789846 0.000601 0.021064
2 2 0.003178 0.113265 0.864804 0.000763 0.017990
2 2 0.008193 0.105961 0.871148 0.003086 0.011612
2 2 0.000239 0.023314 0.970877 0.000419 0.005151
2 2 0.000691 0.036006 0.944222 0.002130 0.016953
2 2 0.006512 0.170537 0.775087 0.001448 0.046416
2 2 0.000903 0.069651 0.897676 0.000386 0.031384
2 2 0.000037 0.005253 0.992818 0.000632 0.001261
2 2 0.000907 0.037754 0.952975 0.001993 0.006371
2 2 0.000326 0.027421 0.962005 0.000684 0.009564
2 2 0.000025 0.004430 0.994548 0.000315 0.000682
2 2 0.000469 0.020799 0.971124 0.003338 0.004269
2 2 0.000078 0.013050 0.982928 0.000209 0.003735
2 2 0.000103 0.007889 0.986968 0.002587 0.002452
2 2 0.000053 0.009492 0.986568 0.000276 0.003611
2 2 0.000210 0.014132 0.981333 0.001593 0.002731
2 2 0.000435 0.030524 0.956860 0.001012 0.011169
2 2 0.000071 0.007554 0.989505 0.000988 0.001883
2 2 0.000363 0.015034 0.976905 0.004968 0.002730
2 2 0.001024 0.036026 0.952313 0.003514 0.007124
2 2 0.000994 0.060237 0.923630 0.000501 0.014638
2 2 0.002366 0.068423 0.913207 0.001745 0.014258
2 2 0.000368 0.023889 0.969066 0.001187 0.005491
2 2 0.000674 0.042198 0.946233 0.000775 0.010119
2 2 0.000116 0.010467 0.987268 0.000784 0.001365
2 2 0.000232 0.008595 0.983463 0.006975 0.000735
2 2 0.002024 0.075594 0.910221 0.000887 0.011275
2 2 0.003084 0.051534 0.929398 0.010893 0.005091
2 2 0.000119 0.013209 0.981984 0.000619 0.004068
2 2 0.001319 0.035649 0.949722 0.006686 0.006624
2 2 0.000127 0.009788 0.986387 0.001646 0.002052
2 2 0.000576 0.029367 0.959674 0.002049 0.008334
2 2 0.000132 0.007365 0.986623 0.004500 0.001380
2 2 0.000209 0.015041 0.980915 0.001111 0.002724
2 2 0.000540 0.009836 0.963401 0.025051 0.001173
2 2 0.000278 0.023074 0.966923 0.000879 0.008846
2 2 0.000373 0.015508 0.978247 0.003159 0.002713
2 2 0.002656 0.037627 0.946197 0.008767 0.004752
2 2 0.000315 0.014011 0.978744 0.003220 0.003710
2 2 0.000553 0.013472 0.975112 0.008582 0.002282
2 2 0.013403 0.086525 0.875735 0.015225 0.009112
2 2 0.003761 0.049716 0.930187 0.010009 0.006327
2 2 0.001401 0.022318 0.961342 0.011524 0.003415
2 3 0.000685 0.023450 0.966750 0.004072 0.005043
2 3 0.011199 0.100060 0.876094 0.003641 0.009005
2 3 0.000553 0.015981 0.971647 0.007976 0.003844
2 3 0.000743 0.026885 0.958027 0.005720 0.008625
2 3 0.016393 0.060465 0.842753 0.060507 0.019881
2 3 0.020788 0.100824 0.833415 0.030084 0.014890
2 3 0.008833 0.042582 0.890765 0.050113 0.007707
2 3 0.007530 0.047393 0.923543 0.016274 0.005260
2 3 0.022573 0.084668 0.822733 0.053346 0.016680
2 3 0.006594 0.036240 0.875068 0.074608 0.007490
2 3 0.006497 0.038361 0.883058 0.064866 0.007218
2 3 0.015079 0.039273 0.856464 0.079119 0.010065
2 3 0.013857 0.045814 0.850535 0.072656 0.017138
2 3 0.008219 0.056869 0.880838 0.035682 0.018391
2 3 0.010266 0.037767 0.896756 0.047768 0.007442
2 3 0.013739 0.037405 0.835611 0.102773 0.010471
2 3 0.010294 0.042590 0.871294 0.066787 0.009035
2 3 0.007138 0.040712 0.807503 0.134751 0.009896
2 3 0.031838 0.041961 0.788914 0.121931 0.015356
2 3 0.054826 0.054718 0.610044 0.250429 0.029983
2 3 0.047689 0.080107 0.705503 0.127091 0.039610
2 3 0.094488 0.104221 0.699576 0.068621 0.033095
2 0 0.104603 0.356572 0.491985 0.008388 0.038452
2 0 0.190467 0.236844 0.539197 0.004773 0.028719
0 0 0.537166 0.374516 0.066433 0.000032 0.021854
0 0 0.705593 0.263937 0.019937 0.000002 0.010532
0 0 0.673277 0.269166 0.040605 0.000015 0.016937
0 0 0.875150 0.092447 0.010227 0.000052 0.022124
0 0 0.859637 0.101490 0.013382 0.000089 0.025401
0 0 0.787561 0.179141 0.011728 0.000013 0.021556
0 0 0.547601 0.351037 0.067406 0.000124 0.033832
0 0 0.722126 0.249723 0.017584 0.000001 0.010566
0 0 0.697335 0.267833 0.020187 0.000002 0.014643
1 1 0.299781 0.577669 0.103111 0.000001 0.019439
1 1 0.276145 0.547561 0.147221 0.000012 0.029061
1 1 0.175065 0.486618 0.229994 0.000501 0.107822
0 0 0.643833 0.227851 0.060660 0.000804 0.066852
0 0 0.742543 0.209233 0.019803 0.000040 0.028381
0 0 0.875754 0.096637 0.007461 0.000023 0.020124
0 0 0.784725 0.187149 0.011199 0.000006 0.016922
0 0 0.641680 0.283718 0.053961 0.000035 0.020607
0 0 0.592070 0.335915 0.049371 0.000028 0.022615
0 0 0.688440 0.266846 0.025731 0.000011 0.018971
0 0 0.713972 0.251978 0.020010 0.000004 0.014037
1 0 0.396025 0.482537 0.075773 0.000010 0.045656
1 0 0.349483 0.519819 0.075507 0.000005 0.055186
0 0 0.482567 0.435267 0.047844 0.000003 0.034319
0 0 0.456878 0.456742 0.037871 0.000001 0.048508
1 0 0.365176 0.542951 0.063431 0.000001 0.028441
1 0 0.288842 0.575449 0.093203 0.000002 0.042504
1 0 0.381596 0.518258 0.064685 0.000002 0.035460
1 0 0.337813 0.560814 0.054928 0.000000 0.046444
1 0 0.231340 0.640405 0.079573 0.000000 0.048682
1 1 0.272358 0.598045 0.076298 0.000001 0.053298
1 1 0.118348 0.644802 0.202421 0.000001 0.034427
1 1 0.102606 0.650288 0.199923 0.000001 0.047182
1 1 0.122856 0.706595 0.140967 0.000000 0.029582
1 1 0.194085 0.654894 0.103059 0.000000 0.047962
1 2 0.185314 0.554397 0.183778 0.000042 0.076469
1 1 0.218312 0.651582 0.087817 0.000000 0.042288
1 1 0.229936 0.634170 0.091580 0.000000 0.044313
1 1 0.292882 0.583160 0.070525 0.000001 0.053431
1 1 0.276384 0.600317 0.068868 0.000000 0.054431
1 1 0.218157 0.631310 0.112296 0.000001 0.038237
2 1 0.021080 0.445874 0.510466 0.000005 0.022574
2 1 0.015864 0.356966 0.604659 0.000031 0.022479
2 1 0.012455 0.376451 0.583124 0.000012 0.027958
2 2 0.005578 0.223331 0.745413 0.000202 0.025476
2 2 0.007591 0.267106 0.649125 0.000365 0.075814
2 2 0.001022 0.049408 0.932517 0.001500 0.015554
2 2 0.002091 0.115824 0.829515 0.000497 0.052074
2 2 0.001211 0.088266 0.890142 0.000237 0.020143
2 2 0.001235 0.069493 0.912491 0.000602 0.016179
2 2 0.001913 0.116721 0.827573 0.000388 0.053405
2 2 0.000870 0.096048 0.879849 0.000077 0.023156
2 2 0.000512 0.038960 0.946062 0.000637 0.013829
2 2 0.000074 0.010053 0.985727 0.000519 0.003626
2 2 0.000022 0.006242 0.991884 0.000105 0.001747
2 2 0.000231 0.028129 0.964242 0.000216 0.007182
2 2 0.000208 0.032474 0.955797 0.000119 0.011403
2 2 0.000024 0.005011 0.993582 0.000234 0.001150
2 2 0.000072 0.014152 0.979736 0.000161 0.005879
2 2 0.000175 0.033410 0.952053 0.000056 0.014306
2 2 0.011848 0.341671 0.590962 0.000072 0.055447
2 2 0.004620 0.158928 0.791810 0.000871 0.043771
2 2 0.000535 0.046238 0.939255 0.000348 0.013624
2 2 0.000125 0.013444 0.982593 0.000574 0.003264
2 2 0.002191 0.122452 0.845442 0.000330 0.029585
2 2 0.001491 0.070796 0.915512 0.000740 0.011461
2 2 0.000055 0.006692 0.991316 0.000664 0.001274
2 2 0.000129 0.013634 0.983772 0.000438 0.002027
2 2 0.000045 0.006274 0.992414 0.000416 0.000850
2 2 0.000026 0.004234 0.994223 0.000542 0.000975
2 2 0.000052 0.005593 0.992655 0.000914 0.000786
2 2 0.000020 0.002209 0.995215 0.002193 0.000362
2 2 0.001740 0.059588 0.926109 0.002133 0.010431
2 2 0.000005 0.000784 0.997756 0.001400 0.000055
2 2 0.000024 0.005221 0.993533 0.000186 0.001037
2 2 0.000032 0.004591 0.993157 0.000806 0.001415
2 2 0.000046 0.005181 0.992272 0.001218 0.001283
2 2 0.000699 0.042050 0.947727 0.000268 0.009256
2 2 0.000318 0.022620 0.969507 0.001120 0.006436
2 2 0.000195 0.022140 0.971691 0.000323 0.005651
2 2 0.000048 0.004782 0.991893 0.001921 0.001357
2 2 0.002002 0.126312 0.841481 0.000231 0.029974
2 2 0.000113 0.017634 0.977581 0.000175 0.004498
2 2 0.000018 0.005906 0.991329 0.000102 0.002645
2 2 0.000034 0.006361 0.989657 0.000443 0.003505
2 2 0.000070 0.009485 0.987399 0.000459 0.002587
2 2 0.000235 0.028164 0.960686 0.000186 0.010728
2 2 0.000621 0.041071 0.947621 0.000696 0.009991
2 2 0.017722 0.220506 0.716211 0.001018 0.044543
2 2 0.005865 0.259226 0.664287 0.000212 0.070410
2 2 0.001190 0.087781 0.870595 0.000336 0.040097
2 2 0.000096 0.013007 0.981323 0.000440 0.005133
2 2 0.000070 0.012488 0.984099 0.000175 0.003168
2 2 0.000017 0.004543 0.993398 0.000210 0.001832
2 2 0.003810 0.177083 0.799538 0.000041 0.019528
2 2 0.001861 0.113250 0.862388 0.000260 0.022241
2 2 0.020830 0.361969 0.533354 0.000297 0.083549
2 2 0.002182 0.105739 0.876483 0.000423 0.015173
2 2 0.002933 0.142939 0.817372 0.000336 0.036421
1 2 0.052021 0.566905 0.338458 0.000005 0.042611
1 2 0.047117 0.471676 0.422865 0.000076 0.058266
1 1 0.272281 0.564969 0.081435 0.000003 0.081313
1 1 0.312291 0.583714 0.056948 0.000000 0.047047
1 1 0.195025 0.610578 0.126548 0.000003 0.067846
1 1 0.162375 0.574888 0.203011 0.000022 0.059705
1 1 0.087147 0.543980 0.281201 0.000044 0.087628
2 2 0.041274 0.384714 0.505939 0.000777 0.067297
1 2 0.117551 0.585813 0.214722 0.000015 0.081898
1 1 0.366188 0.523230 0.050191 0.000001 0.060390
1 1 0.384603 0.514295 0.049688 0.000001 0.051413
0 0 0.609505 0.263991 0.076145 0.000774 0.049584
0 0 0.769921 0.185246 0.019067 0.000018 0.025748
0 0 0.672038 0.262564 0.017072 0.000008 0.048317
0 0 0.714143 0.206667 0.015849 0.000014 0.063326
0 0 0.750476 0.162924 0.030447 0.000275 0.055878
0 0 0.873692 0.096464 0.010516 0.000030 0.019298
0 0 0.869707 0.064829 0.013000 0.000318 0.052146
0 0 0.718781 0.228834 0.012247 0.000005 0.040133
0 0 0.648539 0.290433 0.015747 0.000002 0.045279
1 1 0.215884 0.607630 0.123640 0.000003 0.052843
1 1 0.330661 0.565942 0.075340 0.000001 0.028056
1 1 0.032322 0.526907 0.390323 0.000005 0.050442
2 1 0.011297 0.408208 0.544950 0.000005 0.035540
2 2 0.009354 0.282701 0.599756 0.000527 0.107661
1 2 0.030243 0.592235 0.252475 0.000001 0.125046
1 2 0.027145 0.522497 0.376195 0.000005 0.074157
2 2 0.008817 0.311742 0.611297 0.000103 0.068043
2 2 0.005229 0.257668 0.664960 0.000164 0.071979
2 2 0.000157 0.018113 0.970726 0.000599 0.010406
2 2 0.001742 0.109046 0.811159 0.000484 0.077569
2 2 0.002582 0.153093 0.795133 0.000245 0.048947
2 2 0.001910 0.090137 0.856791 0.001127 0.050036
2 2 0.007711 0.342535 0.506852 0.000045 0.142857
2 2 0.000143 0.023296 0.968652 0.000144 0.007765
2 2 0.004114 0.245695 0.649644 0.000126 0.100422
2 2 0.000063 0.011294 0.983009 0.000273 0.005361
2 2 0.000248 0.043516 0.931520 0.000087 0.024629
2 2 0.000014 0.005848 0.990664 0.000066 0.003408
2 2 0.000088 0.016036 0.977261 0.000168 0.006447
2 2 0.003771 0.220607 0.633744 0.000183 0.141695
2 2 0.000007 0.003790 0.992434 0.000061 0.003709
2 2 0.000198 0.021855 0.971032 0.000384 0.006531
2 2 0.000062 0.010113 0.986966 0.000261 0.002599
2 2 0.000030 0.008504 0.988159 0.000097 0.003209
2 2 0.000175 0.026890 0.959471 0.000182 0.013282
2 2 0.000371 0.032528 0.955688 0.000512 0.010901
2 2 0.008119 0.324452 0.611926 0.000042 0.055461
1 1 0.234114 0.576790 0.150582 0.000008 0.038506
1 2 0.037814 0.566364 0.327009 0.000004 0.068810
1 2 0.033575 0.440330 0.399147 0.000130 0.126818
1 2 0.066166 0.576385 0.263873 0.000010 0.093566
1 1 0.170590 0.607763 0.132507 0.000004 0.089136
1 1 0.043058 0.578807 0.316632 0.000003 0.061500
2 2 0.014583 0.401703 0.525183 0.000023 0.058508
2 2 0.011092 0.334645 0.554969 0.000135 0.099159
2 2 0.000151 0.013373 0.982705 0.000878 0.002893
2 2 0.013081 0.346735 0.553694 0.000131 0.086360
2 2 0.000519 0.037121 0.950164 0.000723 0.011473
2 2 0.002377 0.154651 0.806649 0.000163 0.036159
2 2 0.000274 0.038696 0.942927 0.000154 0.017948
2 2 0.002531 0.140110 0.812036 0.000330 0.044993
2 2 0.000043 0.006447 0.991315 0.000509 0.001686
2 2 0.001947 0.103106 0.872220 0.000437 0.022290
2 2 0.000108 0.011070 0.986840 0.000536 0.001446
2 2 0.000020 0.003482 0.995840 0.000334 0.000324
2 2 0.000092 0.007069 0.989462 0.002054 0.001323
2 2 0.000063 0.007436 0.989288 0.000888 0.002325
2 2 0.000025 0.003154 0.996008 0.000615 0.000198
2 2 0.000099 0.006608 0.990672 0.001988 0.000634
2 2 0.000103 0.008009 0.989807 0.000879 0.001202
2 2 0.000277 0.018328 0.975812 0.001436 0.004147
2 2 0.002801 0.106696 0.844331 0.001385 0.044787
2 2 0.000003 0.000993 0.998317 0.000420 0.000267
2 2 0.000012 0.000844 0.989554 0.009531 0.000059
2 2 0.000056 0.009515 0.986580 0.000308 0.003542
2 2 0.000010 0.002060 0.996418 0.000786 0.000725
2 2 0.000039 0.004464 0.993662 0.001082 0.000753
2 2 0.000054 0.001904 0.968855 0.029024 0.000163
2 2 0.000077 0.003987 0.989053 0.006490 0.000393
2 2 0.000063 0.004364 0.992233 0.002885 0.000455
2 2 0.000374 0.019314 0.973169 0.002628 0.004514
2 2 0.000115 0.015678 0.952538 0.000888 0.030781
4 2 0.007865 0.044533 0.037642 0.000452 0.909508
4 4 0.005539 0.124888 0.064470 0.000085 0.805018
4 4 0.007668 0.073450 0.036558 0.000066 0.882257
4 4 0.007749 0.004796 0.004973 0.000202 0.982279
4 4 0.012275 0.164685 0.034453 0.000005 0.788582
4 4 0.004582 0.072683 0.064600 0.000262 0.857873
4 4 0.007327 0.054662 0.021413 0.000017 0.916581
4 4 0.004522 0.082579 0.059908 0.000207 0.852784
4 4 0.011894 0.004594 0.005317 0.000512 0.977682
4 4 0.015742 0.018785 0.010932 0.000102 0.954439
4 4 0.015172 0.056900 0.009174 0.000001 0.918753
4 1 0.110564 0.227989 0.023798 0.000005 0.637644
4 1 0.027748 0.215782 0.023221 0.000001 0.733249
4 2 0.005137 0.120862 0.050419 0.000030 0.823553
4 2 0.008063 0.143042 0.053938 0.000037 0.794920
4 4 0.007321 0.006052 0.006578 0.000275 0.979774
4 4 0.013715 0.093491 0.019844 0.000004 0.872946
4 4 0.008280 0.002618 0.003226 0.000295 0.985581
4 4 0.008511 0.071133 0.036084 0.000078 0.884194
4 4 0.004063 0.000840 0.001094 0.000074 0.993929
4 4 0.009891 0.037856 0.004816 0.000000 0.947438
4 4 0.007960 0.014828 0.005760 0.000007 0.971445
4 4 0.006096 0.001774 0.001474 0.000029 0.990628
4 4 0.007504 0.002320 0.001925 0.000044 0.988208
4 4 0.011212 0.000829 0.001149 0.000301 0.986508
4 4 0.008514 0.000849 0.001217 0.000259 0.989161
4 4 0.011557 0.002667 0.002174 0.000073 0.983529
4 4 0.008858 0.018765 0.004146 0.000001 0.968230
4 4 0.008398 0.004320 0.003566 0.000077 0.983639
4 4 0.008849 0.001190 0.001064 0.000045 0.988853
4 4 0.011181 0.010198 0.003885 0.000007 0.974729
4 4 0.007646 0.024222 0.006582 0.000002 0.961548
4 4 0.004923 0.002460 0.002276 0.000046 0.990295
4 4 0.006328 0.124753 0.014251 0.000000 0.854668
4 4 0.003964 0.007623 0.006692 0.000065 0.981656
4 4 0.004026 0.063483 0.017763 0.000002 0.914726
4 4 0.003742 0.002272 0.002211 0.000039 0.991736
4 4 0.007069 0.007169 0.004502 0.000028 0.981232
4 4 0.013231 0.003244 0.001923 0.000025 0.981577
4 4 0.023484 0.005267 0.004223 0.000252 0.966774
4 4 0.036927 0.001789 0.002337 0.001593 0.957355
4 4 0.113426 0.005516 0.001624 0.000022 0.879412
4 4 0.026654 0.002555 0.002872 0.000739 0.967180
4 4 0.028878 0.001469 0.001280 0.000181 0.968193
4 4 0.013895 0.003719 0.002872 0.000091 0.979423
4 4 0.016877 0.002893 0.003604 0.000748 0.975878
4 4 0.036330 0.005024 0.002254 0.000033 0.956360
4 4 0.064969 0.017102 0.002400 0.000001 0.915528
4 4 0.030740 0.002922 0.002181 0.000164 0.963993
4 4 0.044602 0.002902 0.002133 0.000235 0.950128
4 4 0.024099 0.013017 0.004355 0.000012 0.958516
4 4 0.033448 0.002554 0.002827 0.000897 0.960274
4 4 0.022169 0.001530 0.001666 0.000360 0.974274
4 4 0.022599 0.000529 0.000626 0.000245 0.976001
4 4 0.107916 0.005413 0.001847 0.000039 0.884785
4 4 0.009576 0.007323 0.007201 0.000278 0.975622
4 4 0.015932 0.007975 0.004224 0.000036 0.971832
4 4 0.032509 0.003128 0.002394 0.000205 0.961765
4 4 0.123528 0.009223 0.002868 0.000045 0.864336
4 4 0.005967 0.003182 0.003583 0.000159 0.987109
4 4 0.014540 0.000218 0.000400 0.000518 0.984325
4 4 0.017484 0.000717 0.001153 0.000855 0.979791
4 4 0.011494 0.001822 0.002278 0.000351 0.984056
4 4 0.036893 0.010443 0.004569 0.000051 0.948044
4 4 0.010399 0.001803 0.002403 0.000410 0.984986
4 4 0.013129 0.001063 0.001565 0.000559 0.983684
4 4 0.010314 0.002871 0.003428 0.000354 0.983033
4 4 0.022114 0.001061 0.001095 0.000219 0.975512
4 4 0.013694 0.001075 0.001588 0.000602 0.983041
4 4 0.008102 0.054537 0.019374 0.000013 0.917975
4 4 0.014032 0.068229 0.015944 0.000005 0.901790
4 4 0.006047 0.090922 0.026881 0.000006 0.876144
4 4 0.006868 0.072340 0.026406 0.000015 0.894371
4 4 0.006745 0.070315 0.021665 0.000007 0.901268
4 4 0.009631 0.119644 0.016718 0.000001 0.854007
