0 0 0.981991 0.009751 0.006978 0.000140 0.001140
0 0 0.988126 0.007187 0.003566 0.000035 0.001086
0 0 0.986783 0.009128 0.002511 0.000007 0.001571
0 0 0.991005 0.006122 0.001579 0.000004 0.001289
0 0 0.991818 0.005249 0.001613 0.000008 0.001312
0 0 0.980121 0.013436 0.004198 0.000016 0.002229
0 0 0.993030 0.004255 0.001482 0.000011 0.001223
0 0 0.990013 0.006668 0.001859 0.000006 0.001454
0 0 0.984442 0.010374 0.002368 0.000006 0.002810
0 0 0.984264 0.008794 0.004949 0.000098 0.001895
0 0 0.978585 0.012892 0.005953 0.000069 0.002500
0 0 0.909053 0.053297 0.024306 0.000177 0.013168
0 0 0.984661 0.008564 0.003761 0.000063 0.002950
0 0 0.975354 0.016148 0.004565 0.000003 0.003930
0 0 0.972424 0.015312 0.008459 0.000188 0.003617
0 0 0.987063 0.008855 0.002563 0.000008 0.001512
0 0 0.992416 0.005348 0.001201 0.000002 0.001032
0 0 0.985385 0.010148 0.002573 0.000006 0.001887
0 0 0.985521 0.010337 0.002362 0.000004 0.001776
0 0 0.984720 0.011122 0.002385 0.000003 0.001770
0 0 0.986026 0.010337 0.002655 0.000003 0.000979
0 0 0.991709 0.005785 0.001628 0.000003 0.000876
0 0 0.978837 0.013629 0.005647 0.000004 0.001884
0 0 0.988658 0.008171 0.002133 0.000003 0.001036
0 0 0.984429 0.011685 0.002738 0.000003 0.001145
0 0 0.983461 0.012511 0.002712 0.000003 0.001313
0 0 0.976102 0.018153 0.003760 0.000003 0.001983
0 0 0.963282 0.028070 0.005525 0.000004 0.003119
0 0 0.989670 0.007500 0.002135 0.000003 0.000691
0 0 0.988362 0.008004 0.002683 0.000002 0.000949
0 0 0.946434 0.043771 0.006476 0.000002 0.003317
0 0 0.890214 0.094677 0.010407 0.000001 0.004701
0 0 0.983527 0.011760 0.003733 0.000007 0.000973
0 0 0.982636 0.010970 0.004931 0.000035 0.001428
0 0 0.989749 0.006849 0.002833 0.000010 0.000559
0 0 0.988016 0.007275 0.003774 0.000021 0.000914
0 0 0.982814 0.011060 0.004833 0.000007 0.001286
0 0 0.986541 0.007437 0.004826 0.000092 0.001104
0 0 0.992930 0.004234 0.002552 0.000016 0.000268
0 0 0.992335 0.005615 0.001406 0.000002 0.000642
0 0 0.964029 0.027807 0.003869 0.000002 0.004293
0 0 0.963570 0.028869 0.004256 0.000002 0.003303
0 0 0.987774 0.008795 0.001889 0.000003 0.001539
0 0 0.982858 0.012399 0.002753 0.000004 0.001985
0 0 0.941218 0.047036 0.005620 0.000002 0.006124
0 0 0.879407 0.101276 0.011078 0.000002 0.008237
0 0 0.722073 0.239793 0.019951 0.000002 0.018181
0 0 0.958170 0.029557 0.006359 0.000002 0.005912
1 0 0.323454 0.614091 0.034650 0.000001 0.027805
1 1 0.272621 0.662461 0.042389 0.000001 0.022528
0 1 0.806351 0.156861 0.024264 0.000012 0.012512
0 0 0.950662 0.038150 0.006747 0.000005 0.004435
0 0 0.805862 0.161731 0.019714 0.000004 0.012689
1 1 0.296545 0.631765 0.044373 0.000002 0.027315
0 1 0.819666 0.113569 0.048104 0.000007 0.018654
0 0 0.987522 0.008959 0.001968 0.000003 0.001549
1 1 0.463409 0.478943 0.033004 0.000002 0.024642
1 1 0.307494 0.627940 0.037749 0.000001 0.026815
1 1 0.166811 0.727485 0.070137 0.000010 0.035556
1 1 0.090802 0.785996 0.091104 0.000019 0.032079
1 2 0.039848 0.626530 0.297045 0.000742 0.035835
2 2 0.051460 0.392392 0.524278 0.002309 0.029561
0 2 0.432084 0.373030 0.165543 0.000467 0.028875
2 2 0.018030 0.419627 0.526942 0.002066 0.033336
2 2 0.018172 0.433377 0.499918 0.002962 0.045571
1 2 0.021897 0.507546 0.415194 0.002329 0.053033
2 2 0.019726 0.305077 0.626408 0.004549 0.044240
2 2 0.002391 0.062451 0.915933 0.003841 0.015384
1 2 0.022126 0.482169 0.444206 0.002821 0.048678
2 2 0.008255 0.082254 0.882024 0.009892 0.017576
2 2 0.006359 0.052168 0.880966 0.053442 0.007064
2 2 0.011256 0.256282 0.688725 0.005553 0.038184
2 2 0.005690 0.068680 0.886366 0.028277 0.010987
2 2 0.020665 0.127165 0.803264 0.035267 0.013638
2 2 0.008162 0.155780 0.789575 0.009901 0.036582
2 2 0.007973 0.057680 0.865089 0.059267 0.009991
2 2 0.006890 0.072854 0.888605 0.012077 0.019574
2 3 0.014820 0.097717 0.826897 0.046498 0.014068
2 3 0.022309 0.137641 0.761449 0.053632 0.024969
2 3 0.016235 0.058135 0.871620 0.046832 0.007178
2 3 0.004733 0.038503 0.905400 0.046544 0.004820
2 3 0.012698 0.131759 0.813553 0.022303 0.019687
2 3 0.043781 0.189352 0.678483 0.059634 0.028751
0 0 0.865620 0.052107 0.073232 0.002716 0.006324
0 0 0.917093 0.043824 0.030169 0.001037 0.007877
1 1 0.446252 0.450871 0.078095 0.000043 0.024739
1 1 0.118837 0.628251 0.197648 0.000157 0.055106
1 2 0.109152 0.643110 0.206390 0.000134 0.041213
1 2 0.089162 0.556600 0.312789 0.000312 0.041137
0 1 0.624903 0.299798 0.057803 0.000040 0.017456
1 2 0.053532 0.664796 0.238845 0.000300 0.042527
1 2 0.108251 0.650083 0.204279 0.000279 0.037109
0 0 0.945192 0.033664 0.016958 0.000174 0.004012
0 0 0.960377 0.028145 0.007898 0.000018 0.003562
0 0 0.795231 0.137243 0.055189 0.000063 0.012274
0 0 0.639544 0.270515 0.070077 0.000061 0.019803
0 0 0.971428 0.017036 0.008645 0.000111 0.002780
0 0 0.831645 0.138839 0.021453 0.000007 0.008057
1 0 0.227365 0.652952 0.094518 0.000028 0.025138
1 1 0.403864 0.484842 0.087856 0.000049 0.023389
1 1 0.176037 0.701257 0.097561 0.000025 0.025119
1 2 0.125136 0.744731 0.089579 0.000025 0.040529
1 2 0.032186 0.701782 0.214554 0.000199 0.051279
1 2 0.107726 0.691488 0.158528 0.000127 0.042131
0 2 0.612947 0.327850 0.029383 0.000005 0.029815
0 1 0.479664 0.448702 0.038010 0.000005 0.033619
1 2 0.132441 0.749792 0.076761 0.000015 0.040991
1 1 0.308976 0.564861 0.075067 0.000032 0.051064
0 1 0.958754 0.027473 0.009563 0.000020 0.004190
0 0 0.951157 0.038513 0.005082 0.000002 0.005246
0 0 0.907759 0.072321 0.008645 0.000004 0.011271
1 1 0.215396 0.677442 0.074065 0.000014 0.033082
0 0 0.881011 0.082580 0.024178 0.000031 0.012200
1 1 0.112269 0.789519 0.062159 0.000005 0.036048
1 1 0.063755 0.792304 0.106568 0.000039 0.037335
1 2 0.103893 0.761040 0.091791 0.000028 0.043247
1 2 0.198948 0.595661 0.155933 0.000243 0.049215
1 2 0.046041 0.667255 0.235119 0.000164 0.051420
1 2 0.109379 0.581151 0.276381 0.000779 0.032310
0 2 0.612858 0.319467 0.031812 0.000008 0.035855
2 2 0.035310 0.349566 0.564439 0.013422 0.037264
2 2 0.014054 0.147180 0.795221 0.024458 0.019087
2 2 0.012886 0.154255 0.793570 0.019763 0.019526
2 2 0.011665 0.118038 0.826983 0.028762 0.014552
2 2 0.008659 0.081877 0.860731 0.037105 0.011629
2 2 0.007195 0.047278 0.856242 0.083930 0.005355
2 2 0.001566 0.018173 0.931837 0.047465 0.000961
2 2 0.005203 0.040000 0.885826 0.064411 0.004560
2 2 0.008583 0.039240 0.781688 0.164881 0.005607
2 2 0.007622 0.028431 0.673790 0.284759 0.005398
2 2 0.011025 0.030501 0.542644 0.407412 0.008417
2 2 0.019341 0.119209 0.746543 0.078066 0.036842
2 2 0.020263 0.076989 0.640298 0.226846 0.035603
3 3 0.013073 0.017247 0.246592 0.716954 0.006134
3 3 0.008732 0.015074 0.316310 0.656120 0.003763
3 3 0.005698 0.009994 0.267963 0.713490 0.002854
3 3 0.009786 0.010112 0.147725 0.827251 0.005125
3 3 0.017777 0.020296 0.154862 0.789621 0.017445
3 3 0.005098 0.005432 0.127884 0.859978 0.001609
3 3 0.009276 0.009169 0.137147 0.840178 0.004230
2 3 0.240979 0.109388 0.580766 0.060414 0.008452
1 2 0.173569 0.621976 0.171529 0.000342 0.032584
1 2 0.242953 0.591413 0.142431 0.000145 0.023058
0 0 0.969327 0.019884 0.009582 0.000041 0.001166
0 0 0.967198 0.019540 0.010910 0.000127 0.002224
0 0 0.886096 0.097039 0.012288 0.000002 0.004574
1 0 0.414200 0.528829 0.042991 0.000002 0.013979
1 1 0.241974 0.638302 0.096146 0.000029 0.023548
1 1 0.169246 0.702428 0.098204 0.000022 0.030100
0 0 0.971935 0.017760 0.008678 0.000010 0.001617
0 0 0.977927 0.014119 0.006372 0.000040 0.001542
0 0 0.984253 0.011224 0.003093 0.000006 0.001423
0 0 0.987399 0.008535 0.003164 0.000011 0.000891
0 0 0.967849 0.024694 0.005653 0.000005 0.001799
0 0 0.979768 0.015198 0.003900 0.000004 0.001130
0 0 0.960215 0.031590 0.006199 0.000003 0.001993
0 0 0.784217 0.187863 0.020839 0.000002 0.007079
0 0 0.936019 0.052794 0.007361 0.000002 0.003824
0 0 0.558746 0.390579 0.033173 0.000002 0.017499
1 1 0.282172 0.624469 0.074815 0.000010 0.018534
1 1 0.235846 0.684808 0.056858 0.000004 0.022483
1 1 0.202801 0.686587 0.081554 0.000016 0.029041
1 1 0.418101 0.515336 0.046104 0.000004 0.020456
0 0 0.990467 0.006444 0.002354 0.000008 0.000727
0 0 0.979411 0.015450 0.003343 0.000004 0.001791
0 0 0.988711 0.008225 0.002036 0.000003 0.001025
0 0 0.976520 0.018745 0.002357 0.000001 0.002377
0 0 0.967047 0.026613 0.004058 0.000002 0.002280
0 0 0.976589 0.017878 0.003919 0.000004 0.001611
0 0 0.956956 0.034942 0.005519 0.000002 0.002581
0 0 0.982291 0.013607 0.002623 0.000002 0.001477
0 0 0.976204 0.019266 0.002941 0.000001 0.001588
0 0 0.967778 0.025877 0.003586 0.000001 0.002757
0 0 0.951555 0.040310 0.005237 0.000001 0.002897
0 0 0.836079 0.141948 0.010077 0.000001 0.011895
1 1 0.180726 0.737389 0.061896 0.000004 0.019985
1 1 0.211656 0.713153 0.053749 0.000003 0.021440
0 0 0.987236 0.008866 0.002721 0.000003 0.001174
0 0 0.978793 0.016375 0.002909 0.000002 0.001920
0 0 0.957905 0.031678 0.007653 0.000009 0.002754
0 0 0.972999 0.021495 0.003374 0.000002 0.002130
0 0 0.896752 0.086526 0.009372 0.000002 0.007348
0 0 0.654914 0.290356 0.031643 0.000004 0.023082
0 0 0.983114 0.012454 0.002400 0.000003 0.002029
0 0 0.806244 0.161106 0.012819 0.000002 0.019830
1 1 0.086159 0.820088 0.061246 0.000004 0.032502
1 1 0.209989 0.715365 0.051511 0.000002 0.023133
1 2 0.276403 0.645320 0.048771 0.000003 0.029503
1 2 0.127623 0.765702 0.069294 0.000009 0.037372
0 0 0.971337 0.020157 0.006223 0.000014 0.002270
0 0 0.988015 0.009009 0.001635 0.000001 0.001340
0 0 0.907903 0.077529 0.006850 0.000001 0.007717
0 0 0.985784 0.010077 0.002528 0.000005 0.001606
0 0 0.980676 0.013232 0.003811 0.000012 0.002269
0 0 0.984269 0.011508 0.002192 0.000003 0.002028
0 0 0.983044 0.012221 0.002723 0.000004 0.002008
0 0 0.982813 0.011382 0.003828 0.000018 0.001959
0 0 0.970695 0.022863 0.004312 0.000003 0.002127
0 0 0.940741 0.048207 0.007138 0.000003 0.003910
0 0 0.980798 0.015075 0.002024 0.000001 0.002102
0 0 0.968041 0.023871 0.005807 0.000008 0.002274
0 0 0.879433 0.104243 0.010352 0.000001 0.005971
0 0 0.949126 0.042243 0.005704 0.000001 0.002924
0 0 0.924131 0.063822 0.006711 0.000001 0.005334
0 0 0.485491 0.467243 0.027198 0.000001 0.020067
0 0 0.917423 0.068319 0.007317 0.000002 0.006939
0 0 0.598293 0.366334 0.018369 0.000000 0.017004
1 1 0.423132 0.520298 0.029628 0.000001 0.026941
1 1 0.421978 0.512095 0.031966 0.000002 0.033960
0 0 0.921948 0.053747 0.014879 0.000002 0.009424
0 0 0.985952 0.010448 0.002423 0.000003 0.001174
0 0 0.978101 0.017096 0.002468 0.000001 0.002334
0 0 0.964019 0.030618 0.002689 0.000000 0.002675
0 0 0.858418 0.121472 0.007610 0.000000 0.012499
0 1 0.889358 0.091390 0.008437 0.000002 0.010814
0 1 0.841811 0.129362 0.010648 0.000001 0.018178
0 1 0.477439 0.459367 0.027749 0.000002 0.035444
0 1 0.873882 0.104273 0.011440 0.000003 0.010403
0 0 0.963083 0.024864 0.009943 0.000039 0.002071
0 0 0.982935 0.013070 0.002418 0.000002 0.001575
0 0 0.850058 0.119832 0.017087 0.000009 0.013014
1 1 0.199329 0.702005 0.066428 0.000008 0.032230
0 0 0.790012 0.169683 0.026260 0.000013 0.014031
0 0 0.924736 0.053093 0.016408 0.000049 0.005715
0 0 0.587781 0.345714 0.041273 0.000011 0.025221
1 1 0.094281 0.764136 0.092257 0.000028 0.049298
1 2 0.023975 0.511078 0.419818 0.000811 0.044317
1 2 0.011064 0.475011 0.464057 0.000753 0.049115
2 2 0.034253 0.249473 0.664530 0.000602 0.051142
2 2 0.005909 0.348912 0.589122 0.001024 0.055033
2 2 0.003432 0.141855 0.808306 0.003074 0.043334
2 2 0.008250 0.376651 0.563191 0.001056 0.050852
2 2 0.016131 0.214035 0.725418 0.000477 0.043939
1 1 0.346447 0.517880 0.099175 0.000037 0.036461
1 1 0.029025 0.659896 0.264008 0.000136 0.046935
1 2 0.011180 0.495342 0.434706 0.000736 0.058036
2 2 0.011874 0.307702 0.644799 0.000370 0.035256
2 2 0.007758 0.332849 0.613001 0.000461 0.045931
2 2 0.007454 0.139205 0.808855 0.001255 0.043230
2 2 0.007465 0.309764 0.631001 0.001277 0.050493
2 2 0.006691 0.089496 0.870779 0.011695 0.021339
2 2 0.015157 0.110144 0.835822 0.006361 0.032515
2 2 0.006440 0.149542 0.806527 0.004697 0.032795
2 2 0.001966 0.050854 0.928660 0.005681 0.012839
2 2 0.023345 0.117923 0.833413 0.006228 0.019091
2 2 0.005201 0.143660 0.823885 0.006179 0.021076
2 2 0.003063 0.041590 0.918198 0.028682 0.008468
2 2 0.002844 0.060404 0.914300 0.009719 0.012733
2 2 0.002411 0.082551 0.888443 0.003285 0.023311
2 2 0.003443 0.033502 0.930271 0.027878 0.004906
2 2 0.006566 0.073819 0.890876 0.007687 0.021052
2 2 0.004304 0.029539 0.953963 0.007318 0.004876
2 2 0.002785 0.031081 0.936497 0.024859 0.004779
2 2 0.021481 0.219643 0.557502 0.016904 0.184470
2 2 0.013318 0.155872 0.773176 0.010262 0.047371
2 2 0.009595 0.087983 0.839632 0.009569 0.053222
2 2 0.008374 0.196338 0.665534 0.005553 0.124202
2 2 0.011603 0.075626 0.866770 0.013263 0.032738
2 2 0.008535 0.175997 0.695115 0.007316 0.113036
2 2 0.010519 0.146769 0.729554 0.014567 0.098591
2 2 0.012089 0.348246 0.423582 0.001958 0.214126
2 2 0.019138 0.195581 0.613486 0.000994 0.170801
2 2 0.005366 0.138899 0.761261 0.003870 0.090603
1 2 0.015972 0.518499 0.152891 0.000398 0.312240
1 2 0.017998 0.408651 0.256512 0.000107 0.316732
1 2 0.012496 0.461808 0.228375 0.000217 0.297105
2 2 0.003496 0.211783 0.662955 0.001335 0.120431
1 2 0.006833 0.495156 0.214313 0.000120 0.283578
1 2 0.006629 0.487501 0.237025 0.000213 0.268631
1 2 0.053209 0.446638 0.064825 0.000016 0.435312
1 2 0.044312 0.605683 0.097471 0.000122 0.252412
0 0 0.402979 0.385641 0.095365 0.000652 0.115362
1 1 0.023889 0.462878 0.385729 0.000167 0.127337
1 2 0.018360 0.545363 0.160532 0.000476 0.275269
1 2 0.036957 0.441428 0.119451 0.000032 0.402132
4 1 0.205925 0.289942 0.094297 0.000052 0.409783
1 1 0.043603 0.473666 0.140269 0.000060 0.342402
2 2 0.005354 0.379277 0.403468 0.000457 0.211442
1 2 0.006473 0.400909 0.366169 0.000505 0.225944
1 2 0.016350 0.508217 0.108879 0.000031 0.366523
2 2 0.009492 0.300224 0.505064 0.002227 0.182993
2 2 0.011140 0.256622 0.565653 0.004294 0.162291
2 2 0.006356 0.103205 0.807474 0.014641 0.068325
2 2 0.001500 0.046781 0.915501 0.006870 0.029348
2 2 0.009596 0.112030 0.779234 0.022234 0.076906
2 2 0.005157 0.072393 0.865183 0.021834 0.035433
2 2 0.001521 0.023682 0.957558 0.013018 0.004221
2 2 0.006536 0.078982 0.850750 0.026002 0.037729
2 2 0.014372 0.167170 0.734093 0.018427 0.065938
2 2 0.002203 0.031139 0.945945 0.012371 0.008341
2 2 0.002492 0.028211 0.907644 0.055070 0.006582
2 2 0.006716 0.068599 0.859431 0.035787 0.029468
2 2 0.007123 0.040370 0.799738 0.140943 0.011825
2 3 0.012335 0.042157 0.585202 0.336582 0.023724
2 3 0.013650 0.041440 0.623458 0.309395 0.012058
2 3 0.012593 0.070699 0.763701 0.115561 0.037446
2 3 0.031428 0.090829 0.504054 0.288147 0.085542
3 3 0.007300 0.010056 0.199491 0.778714 0.004439
3 3 0.013508 0.020470 0.233157 0.717645 0.015220
3 3 0.016146 0.029641 0.324124 0.610941 0.019148
3 3 0.006033 0.004947 0.057687 0.924707 0.006626
3 3 0.008165 0.006613 0.071852 0.907447 0.005922
3 3 0.014396 0.015080 0.117526 0.838433 0.014564
3 3 0.002398 0.001329 0.026683 0.968343 0.001248
3 3 0.003853 0.002804 0.041225 0.948457 0.003662
3 3 0.004437 0.003786 0.049188 0.936488 0.006102
3 3 0.002807 0.001894 0.032197 0.960461 0.002640
3 3 0.002081 0.001302 0.024802 0.969642 0.002173
3 3 0.004287 0.003471 0.046844 0.940256 0.005141
3 3 0.002870 0.002002 0.033256 0.958947 0.002926
3 3 0.003257 0.002736 0.040590 0.948621 0.004796
3 3 0.001761 0.000997 0.022217 0.973878 0.001147
3 3 0.001152 0.000660 0.016737 0.980372 0.001080
3 3 0.001436 0.000900 0.020045 0.975983 0.001635
3 3 0.001736 0.000973 0.021151 0.974811 0.001330
3 3 0.002180 0.001484 0.026983 0.966644 0.002708
3 3 0.000940 0.000532 0.014208 0.983211 0.001108
3 3 0.001309 0.000728 0.017252 0.979432 0.001279
3 3 0.001440 0.000936 0.020265 0.975431 0.001929
3 3 0.002459 0.001817 0.030743 0.961535 0.003446
3 3 0.003196 0.002688 0.039164 0.949504 0.005448
3 3 0.001678 0.001016 0.019911 0.974852 0.002544
3 3 0.002104 0.001492 0.026767 0.966515 0.003122
3 3 0.002780 0.002075 0.033082 0.958111 0.003952
3 3 0.000564 0.000285 0.009233 0.989131 0.000787
3 3 0.001583 0.001009 0.020257 0.974652 0.002499
3 3 0.000764 0.000375 0.010821 0.987120 0.000921
3 3 0.000715 0.000366 0.010712 0.987245 0.000962
3 3 0.002476 0.001763 0.029479 0.962700 0.003582
3 3 0.001705 0.001077 0.021191 0.973542 0.002485
3 3 0.002358 0.001548 0.027653 0.965840 0.002602
3 3 0.000481 0.000236 0.008340 0.990330 0.000613
3 3 0.002743 0.001966 0.031319 0.959988 0.003985
3 3 0.000668 0.000408 0.010857 0.986129 0.001938
3 3 0.001947 0.001410 0.025618 0.967711 0.003314
3 3 0.001117 0.000624 0.014639 0.981921 0.001700
3 3 0.000889 0.000509 0.013454 0.983868 0.001280
3 3 0.000741 0.000363 0.010696 0.987343 0.000857
3 3 0.001019 0.000621 0.015259 0.981516 0.001586
3 3 0.001624 0.001103 0.022375 0.972565 0.002333
3 3 0.001970 0.001044 0.022010 0.973712 0.001264
3 3 0.001289 0.000659 0.016205 0.980820 0.001027
3 3 0.001347 0.000689 0.017326 0.979783 0.000854
3 3 0.002497 0.001427 0.026086 0.968014 0.001976
3 3 0.001538 0.000798 0.018465 0.978098 0.001101
3 3 0.001904 0.001069 0.021450 0.973788 0.001789
3 3 0.001955 0.001038 0.021172 0.974305 0.001531
3 3 0.002358 0.001280 0.025123 0.969801 0.001439
3 3 0.002226 0.001191 0.024069 0.971186 0.001329
3 3 0.001418 0.000731 0.017331 0.979434 0.001086
3 3 0.003164 0.001748 0.030044 0.963148 0.001896
2 1 0.295210 0.191117 0.384720 0.106742 0.022210
2 1 0.079034 0.195397 0.490962 0.207407 0.027200
2 1 0.133857 0.317508 0.459840 0.058702 0.030093
2 1 0.138602 0.269676 0.507098 0.062697 0.021927
2 1 0.094036 0.085586 0.523270 0.289063 0.008045
2 1 0.193257 0.376661 0.387978 0.016645 0.025459
2 2 0.221282 0.256367 0.449873 0.054171 0.018307
2 2 0.032976 0.087459 0.787408 0.088538 0.003620
2 2 0.052512 0.151650 0.717159 0.068521 0.010157
2 2 0.018454 0.056811 0.901393 0.015108 0.008234
2 2 0.023517 0.208431 0.727726 0.019623 0.020703
2 2 0.008501 0.060350 0.862283 0.061708 0.007158
2 2 0.011140 0.097330 0.839319 0.038459 0.013751
2 2 0.026232 0.077446 0.865889 0.016578 0.013855
2 2 0.012098 0.133910 0.809554 0.023715 0.020723
2 2 0.008608 0.076401 0.862806 0.041652 0.010533
2 2 0.019323 0.126333 0.787993 0.046264 0.020086
2 2 0.004689 0.031842 0.916258 0.044724 0.002487
2 2 0.037098 0.128222 0.747156 0.068839 0.018685
2 3 0.030026 0.154219 0.706989 0.076164 0.032602
2 3 0.016398 0.064361 0.851804 0.060110 0.007327
2 3 0.006563 0.035569 0.838191 0.116827 0.002850
2 3 0.046476 0.130821 0.766037 0.038805 0.017861
2 3 0.041922 0.226155 0.672790 0.034856 0.024277
2 3 0.014471 0.065328 0.899705 0.010703 0.009793
2 3 0.008180 0.045262 0.896017 0.045156 0.005383
2 3 0.019391 0.088117 0.836330 0.044581 0.011581
0 1 0.424340 0.165699 0.370847 0.017781 0.021333
0 1 0.343310 0.325351 0.297524 0.003529 0.030286
0 1 0.384315 0.261551 0.334523 0.002179 0.017432
0 1 0.408498 0.290766 0.276806 0.000756 0.023175
2 2 0.044606 0.396496 0.527657 0.002291 0.028949
2 2 0.107482 0.164123 0.699034 0.007174 0.022186
2 2 0.079841 0.073318 0.829033 0.007186 0.010622
2 2 0.196446 0.334413 0.439993 0.003104 0.026044
2 2 0.015692 0.224932 0.737486 0.002984 0.018906
2 2 0.010397 0.160030 0.800356 0.007691 0.021525
2 2 0.010513 0.056083 0.916947 0.004552 0.011906
2 2 0.021713 0.114881 0.839468 0.007381 0.016557
2 2 0.022515 0.122930 0.817689 0.007834 0.029032
2 2 0.011921 0.071835 0.894378 0.008964 0.012902
2 2 0.035999 0.102345 0.827324 0.005364 0.028967
2 2 0.088128 0.248436 0.627633 0.003084 0.032719
2 2 0.008385 0.150995 0.803524 0.002066 0.035030
2 2 0.053538 0.217911 0.694715 0.002418 0.031418
2 2 0.024357 0.148151 0.790389 0.008907 0.028197
2 2 0.011037 0.073246 0.884223 0.011957 0.019537
0 0 0.667497 0.166711 0.146251 0.001125 0.018417
1 0 0.312782 0.518283 0.151431 0.000202 0.017302
1 1 0.101162 0.545653 0.321386 0.000761 0.031038
2 1 0.154770 0.403030 0.413183 0.001383 0.027634
2 2 0.045243 0.198932 0.736201 0.001461 0.018163
2 2 0.032981 0.348412 0.593101 0.001347 0.024158
2 2 0.028775 0.252900 0.694809 0.001157 0.022358
0 0 0.472439 0.228818 0.281606 0.002151 0.014987
0 0 0.857616 0.069428 0.066624 0.002007 0.004324
0 0 0.625458 0.258733 0.098823 0.000396 0.016590
1 1 0.077699 0.502314 0.380058 0.000451 0.039478
2 1 0.038121 0.377358 0.546435 0.001536 0.036551
1 2 0.146714 0.548880 0.262024 0.000585 0.041798
2 2 0.040043 0.259831 0.662185 0.005174 0.032767
2 2 0.069125 0.195559 0.708312 0.001517 0.025487
0 0 0.858483 0.084433 0.050226 0.000568 0.006290
0 1 0.779323 0.154777 0.057131 0.000165 0.008604
2 2 0.024914 0.405684 0.535050 0.001329 0.033023
2 2 0.029646 0.279350 0.638876 0.002158 0.049970
2 2 0.057011 0.258025 0.646085 0.003462 0.035417
2 2 0.014742 0.299445 0.642464 0.003410 0.039939
2 2 0.012717 0.063676 0.907648 0.006757 0.009202
2 2 0.010519 0.167793 0.716191 0.000191 0.105306
2 2 0.009625 0.049266 0.904085 0.000753 0.036271
2 2 0.009495 0.200861 0.749289 0.001931 0.038424
2 2 0.012706 0.089656 0.863149 0.010566 0.023923
2 2 0.007910 0.157426 0.745162 0.005602 0.083900
2 2 0.007750 0.114276 0.786523 0.002397 0.089054
2 2 0.011959 0.289570 0.543354 0.003658 0.151459
2 2 0.017554 0.229470 0.615190 0.001866 0.135920
2 2 0.006551 0.101341 0.809386 0.001634 0.081088
2 2 0.009547 0.132933 0.748715 0.000704 0.108101
2 2 0.008268 0.111750 0.792682 0.001678 0.085623
1 2 0.007233 0.501604 0.199759 0.000103 0.291301
2 2 0.007138 0.296336 0.498245 0.000326 0.197955
1 2 0.008583 0.519596 0.178267 0.000183 0.293371
2 2 0.046418 0.297479 0.352740 0.000230 0.303133
1 2 0.023615 0.463066 0.171223 0.000164 0.341931
1 2 0.007303 0.550390 0.140771 0.000102 0.301433
1 2 0.007346 0.513253 0.192330 0.000153 0.286918
1 4 0.012620 0.512558 0.156212 0.000148 0.318462
4 4 0.058168 0.380680 0.099997 0.000116 0.461039
4 4 0.013761 0.106249 0.002908 0.000000 0.877083
4 4 0.065691 0.026534 0.000996 0.000000 0.906778
4 4 0.038292 0.065513 0.001166 0.000000 0.895028
4 4 0.032601 0.216065 0.003772 0.000000 0.747562
4 4 0.073126 0.008490 0.000198 0.000000 0.918186
4 4 0.056871 0.016856 0.000408 0.000000 0.925865
4 4 0.114495 0.021036 0.000460 0.000000 0.864009
4 4 0.081884 0.084403 0.000733 0.000000 0.832979
4 4 0.047353 0.085284 0.000758 0.000000 0.866605
4 4 0.039242 0.210378 0.003168 0.000000 0.747211
4 4 0.040463 0.127026 0.001333 0.000000 0.831178
4 4 0.054091 0.228657 0.007101 0.000000 0.710151
4 4 0.008856 0.244877 0.020438 0.000000 0.725828
4 4 0.021237 0.213497 0.010586 0.000000 0.754679
4 4 0.025829 0.062188 0.002544 0.000000 0.909438
4 4 0.027046 0.344338 0.003950 0.000000 0.624667
4 4 0.022870 0.333646 0.003699 0.000000 0.639786
4 4 0.027373 0.270939 0.008529 0.000000 0.693159
4 4 0.051708 0.157449 0.001517 0.000000 0.789326
4 4 0.050339 0.288389 0.004474 0.000000 0.656798
4 4 0.161380 0.090623 0.001489 0.000000 0.746509
4 4 0.118165 0.271316 0.004005 0.000000 0.606513
4 4 0.143624 0.187712 0.004095 0.000000 0.664569
4 4 0.089115 0.094069 0.002963 0.000000 0.813853
4 4 0.165775 0.049865 0.001804 0.000001 0.782555
4 4 0.075972 0.406871 0.004425 0.000000 0.512733
4 4 0.349889 0.012067 0.000373 0.000000 0.637671
4 4 0.112013 0.312955 0.002507 0.000000 0.572525
4 4 0.155901 0.131022 0.002286 0.000000 0.710791
4 4 0.082890 0.020725 0.000597 0.000000 0.895788
4 4 0.103780 0.078396 0.001528 0.000000 0.816296
4 4 0.317078 0.159032 0.001684 0.000000 0.522205
4 4 0.200077 0.129867 0.006786 0.000000 0.663270
4 4 0.046752 0.388018 0.009978 0.000000 0.555252
4 4 0.180897 0.221092 0.002348 0.000000 0.595664
4 4 0.084399 0.302252 0.006872 0.000000 0.606477
4 4 0.139944 0.092044 0.001586 0.000000 0.766425
4 4 0.079895 0.223889 0.005497 0.000000 0.690719
4 4 0.437423 0.052294 0.001876 0.000001 0.508406
0 0 0.468814 0.153453 0.001319 0.000000 0.376415
4 1 0.050809 0.415275 0.098765 0.000013 0.435138
1 2 0.015692 0.437891 0.240908 0.000196 0.305313
1 2 0.022663 0.513951 0.069881 0.000020 0.393485
4 2 0.071234 0.418739 0.041942 0.000005 0.468081
4 2 0.284683 0.315473 0.059297 0.000020 0.340526
1 2 0.182181 0.393311 0.060670 0.000031 0.363807
1 2 0.028088 0.394879 0.219223 0.000050 0.357760
1 2 0.045231 0.631669 0.137584 0.000130 0.185386
2 2 0.037564 0.222350 0.499373 0.000244 0.240468
2 2 0.031654 0.330604 0.356057 0.000520 0.281165
2 2 0.020787 0.216623 0.532698 0.000068 0.229824
2 2 0.023770 0.335058 0.351930 0.000181 0.289061
2 2 0.023672 0.159854 0.649353 0.000420 0.166701
2 2 0.039163 0.247328 0.441347 0.000135 0.272028
2 2 0.007975 0.228494 0.590504 0.000280 0.172748
0 0 0.894785 0.047379 0.038407 0.000412 0.019017
0 0 0.898575 0.062883 0.016380 0.000103 0.022060
0 0 0.972081 0.017054 0.004680 0.000028 0.006157
0 0 0.917080 0.050466 0.015390 0.000132 0.016932
0 0 0.881165 0.090775 0.011664 0.000007 0.016389
0 0 0.986921 0.008129 0.002225 0.000011 0.002714
0 0 0.981674 0.009830 0.003851 0.000066 0.004579
0 0 0.988782 0.006558 0.001390 0.000005 0.003264
0 0 0.979906 0.011459 0.004499 0.000061 0.004074
0 0 0.873196 0.093786 0.009859 0.000005 0.023154
0 0 0.939946 0.044157 0.005226 0.000003 0.010669
0 0 0.988649 0.007232 0.001410 0.000003 0.002706
0 0 0.989091 0.006572 0.001432 0.000005 0.002900
0 0 0.975931 0.015802 0.002092 0.000002 0.006173
0 0 0.986506 0.008439 0.001030 0.000001 0.004025
0 0 0.923197 0.056727 0.004306 0.000001 0.015770
0 0 0.970123 0.020800 0.001978 0.000001 0.007098
0 0 0.994377 0.002990 0.000703 0.000004 0.001925
0 0 0.991728 0.004446 0.001171 0.000009 0.002646
0 0 0.990611 0.005219 0.001176 0.000006 0.002989
0 0 0.986392 0.007841 0.001277 0.000003 0.004487
0 0 0.991563 0.005536 0.001023 0.000002 0.001875
0 0 0.991334 0.005373 0.001017 0.000002 0.002274
0 0 0.988151 0.004560 0.000507 0.000001 0.006781
0 0 0.980448 0.014160 0.001564 0.000001 0.003826
0 0 0.840232 0.127086 0.006246 0.000000 0.026436
0 0 0.954979 0.029271 0.001548 0.000000 0.014202
0 0 0.892706 0.086902 0.004357 0.000000 0.016036
0 0 0.893931 0.078188 0.003233 0.000000 0.024648
0 0 0.934392 0.045005 0.001669 0.000000 0.018934
0 0 0.938943 0.041255 0.001630 0.000000 0.018172
0 0 0.840590 0.116989 0.005183 0.000000 0.037237
0 0 0.632880 0.275447 0.013985 0.000000 0.077689
1 1 0.207236 0.616620 0.022302 0.000000 0.153841
1 1 0.039336 0.688663 0.041533 0.000001 0.230467
1 1 0.088716 0.667364 0.050166 0.000001 0.193753
0 1 0.482230 0.324979 0.031189 0.000001 0.161602
1 1 0.069130 0.694115 0.037079 0.000000 0.199674
1 2 0.061472 0.587409 0.167367 0.000005 0.183747
1 2 0.027495 0.774605 0.051300 0.000001 0.146599
1 2 0.026269 0.745880 0.083359 0.000003 0.144490
1 2 0.011418 0.548671 0.159336 0.000004 0.280571
1 2 0.025272 0.683478 0.089812 0.000004 0.201434
1 2 0.023520 0.626875 0.078861 0.000003 0.270741
1 2 0.016094 0.625880 0.081336 0.000002 0.276688
2 2 0.001732 0.144847 0.787586 0.001149 0.064686
2 2 0.001461 0.128874 0.798023 0.001118 0.070524
2 2 0.000651 0.078946 0.877675 0.000906 0.041821
2 2 0.000435 0.038001 0.938628 0.001966 0.020970
2 2 0.000565 0.029324 0.949749 0.001900 0.018462
2 2 0.000349 0.028998 0.952267 0.002202 0.016184
2 2 0.002264 0.191602 0.700191 0.000899 0.105044
2 2 0.001400 0.087383 0.859112 0.002281 0.049825
2 2 0.000596 0.026691 0.953268 0.002246 0.017200
2 2 0.001452 0.085319 0.858272 0.000710 0.054247
2 2 0.001050 0.045273 0.922458 0.001801 0.029419
2 2 0.000599 0.030801 0.946512 0.003713 0.018375
2 2 0.001842 0.056350 0.914428 0.007954 0.019425
2 2 0.001019 0.055619 0.907563 0.001751 0.034048
2 2 0.001661 0.030570 0.939309 0.020598 0.007862
2 2 0.003186 0.156731 0.746360 0.002297 0.091426
2 2 0.000699 0.031927 0.944780 0.002185 0.020409
2 2 0.000302 0.012059 0.980931 0.003725 0.002982
2 2 0.000896 0.046823 0.921475 0.002370 0.028436
2 2 0.000431 0.032333 0.946477 0.002597 0.018163
2 2 0.004200 0.025252 0.818960 0.148369 0.003219
2 2 0.006879 0.028711 0.741436 0.219777 0.003198
2 2 0.003528 0.019187 0.785905 0.189698 0.001682
2 2 0.004378 0.015266 0.570173 0.407606 0.002578
2 2 0.005552 0.021137 0.666049 0.304547 0.002716
2 3 0.013309 0.035384 0.562466 0.382052 0.006788
2 3 0.004382 0.014099 0.544777 0.434859 0.001883
3 3 0.005900 0.014963 0.451308 0.525115 0.002714
2 3 0.006910 0.019054 0.515092 0.455460 0.003484
3 3 0.004485 0.008648 0.306946 0.678656 0.001265
3 3 0.004492 0.007156 0.217974 0.768538 0.001840
3 3 0.003857 0.005989 0.203085 0.785759 0.001310
3 3 0.004477 0.005177 0.133137 0.855502 0.001708
3 3 0.008970 0.014402 0.255471 0.716022 0.005135
3 3 0.004037 0.006349 0.205633 0.782383 0.001597
3 3 0.005974 0.007281 0.157533 0.826372 0.002840
3 3 0.005591 0.007866 0.185133 0.798100 0.003310
3 3 0.003446 0.003490 0.099634 0.892401 0.001029
3 3 0.006036 0.005216 0.095109 0.891570 0.002069
3 3 0.010722 0.009539 0.105296 0.868532 0.005910
3 3 0.006779 0.004554 0.057091 0.928125 0.003451
3 3 0.007200 0.005584 0.065369 0.917067 0.004781
3 3 0.006830 0.005127 0.059482 0.923148 0.005413
3 3 0.005231 0.003913 0.051780 0.935029 0.004048
3 3 0.003876 0.002620 0.042827 0.948700 0.001977
3 3 0.004291 0.002558 0.040555 0.950700 0.001895
3 3 0.001541 0.000797 0.019156 0.977610 0.000895
3 3 0.002381 0.001279 0.025874 0.969271 0.001195
3 3 0.004418 0.003528 0.045500 0.940318 0.006236
3 3 0.003760 0.002831 0.042001 0.947740 0.003669
3 3 0.001263 0.000677 0.016660 0.980328 0.001073
3 3 0.007489 0.007104 0.075053 0.902010 0.008344
3 3 0.002526 0.001364 0.026886 0.967963 0.001261
3 3 0.003168 0.002283 0.036250 0.955042 0.003257
3 3 0.004162 0.002840 0.041420 0.948271 0.003307
3 3 0.002084 0.001219 0.024649 0.970524 0.001524
3 3 0.002433 0.001476 0.027036 0.966964 0.002091
3 3 0.002707 0.001503 0.028156 0.966120 0.001514
3 3 0.002280 0.001425 0.026651 0.967557 0.002087
3 3 0.001374 0.000706 0.017195 0.979742 0.000983
3 3 0.001471 0.000756 0.019293 0.977791 0.000689
3 3 0.001956 0.001036 0.021770 0.973936 0.001302
3 3 0.002886 0.001571 0.030621 0.963825 0.001097
3 3 0.003297 0.001819 0.032918 0.960622 0.001343
3 3 0.001587 0.000824 0.019282 0.977317 0.000990
3 3 0.001665 0.000868 0.019854 0.976569 0.001044
3 3 0.001166 0.000595 0.014335 0.982574 0.001330
3 3 0.001765 0.000922 0.021560 0.974904 0.000849
3 3 0.002543 0.001371 0.027727 0.967275 0.001084
3 3 0.003633 0.002613 0.038101 0.951477 0.004177
3 3 0.001950 0.001118 0.022263 0.972851 0.001818
3 3 0.051271 0.024741 0.168532 0.748600 0.006855
2 1 0.279597 0.167590 0.399770 0.143156 0.009888
2 1 0.053404 0.159099 0.568279 0.180260 0.038958
2 2 0.033965 0.108820 0.628350 0.202892 0.025972
2 2 0.010099 0.032946 0.723936 0.229551 0.003468
2 2 0.019266 0.053166 0.569169 0.341822 0.016577
2 2 0.025918 0.092088 0.709137 0.162009 0.010847
2 2 0.010226 0.024610 0.527286 0.434711 0.003167
2 2 0.021536 0.066360 0.667275 0.236108 0.008721
2 2 0.055867 0.131004 0.778279 0.011611 0.023238
2 2 0.017093 0.172394 0.778616 0.008418 0.023478
2 2 0.067363 0.147708 0.760055 0.006064 0.018810
2 2 0.014662 0.208700 0.742689 0.003416 0.030532
2 2 0.019866 0.071814 0.887145 0.003249 0.017926
2 2 0.058386 0.189150 0.722640 0.004797 0.025026
2 2 0.013702 0.170642 0.781253 0.001759 0.032645
2 2 0.003265 0.026651 0.944643 0.022975 0.002467
2 2 0.009703 0.195304 0.760321 0.004510 0.030162
2 2 0.013880 0.072244 0.892404 0.008006 0.013466
2 2 0.021031 0.099293 0.857102 0.003688 0.018887
2 2 0.005396 0.033222 0.944627 0.011984 0.004771
2 2 0.003540 0.032396 0.947032 0.010105 0.006927
2 2 0.044114 0.144151 0.777571 0.012485 0.021679
2 2 0.009330 0.039457 0.935499 0.009654 0.006060
2 2 0.031708 0.217243 0.713627 0.007459 0.029963
2 2 0.047324 0.078794 0.843219 0.016436 0.014226
2 2 0.019540 0.063858 0.894643 0.007076 0.014883
2 2 0.017739 0.050708 0.912513 0.011447 0.007594
2 2 0.011129 0.342247 0.435817 0.001853 0.208955
1 2 0.030468 0.422298 0.147420 0.000017 0.399797
4 2 0.043963 0.440613 0.027189 0.000001 0.488234
1 2 0.007222 0.437284 0.229894 0.000009 0.325592
2 2 0.002762 0.346704 0.463839 0.000173 0.186522
1 2 0.004552 0.522626 0.172578 0.000023 0.300221
1 2 0.008604 0.483386 0.162319 0.000011 0.345680
1 2 0.002896 0.577480 0.122946 0.000011 0.296666
4 2 0.018596 0.429391 0.080509 0.000001 0.471502
4 2 0.076645 0.387718 0.027269 0.000001 0.508368
1 2 0.011121 0.497990 0.069279 0.000001 0.421608
1 2 0.008606 0.546072 0.028447 0.000000 0.416875
1 2 0.001498 0.589838 0.134746 0.000006 0.273911
1 2 0.004504 0.566690 0.043959 0.000000 0.384846
1 2 0.013090 0.451569 0.110147 0.000001 0.425193
1 2 0.007630 0.560856 0.037705 0.000001 0.393808
4 2 0.130577 0.351113 0.006285 0.000000 0.512025
1 2 0.017418 0.502489 0.057808 0.000002 0.422283
1 2 0.010429 0.502204 0.078941 0.000001 0.408424
4 4 0.012871 0.436638 0.019011 0.000000 0.531479
4 4 0.047743 0.405087 0.007879 0.000000 0.539291
4 4 0.153844 0.158255 0.002928 0.000000 0.684973
4 4 0.173427 0.193170 0.003225 0.000000 0.630177
4 4 0.209149 0.082103 0.002069 0.000000 0.706679
4 4 0.223816 0.279668 0.009389 0.000000 0.487127
4 4 0.049874 0.446479 0.007046 0.000000 0.496601
4 4 0.107247 0.283915 0.004576 0.000000 0.604262
4 4 0.392212 0.012156 0.000431 0.000000 0.595201
0 4 0.491230 0.064080 0.000954 0.000000 0.443736
4 4 0.108763 0.357033 0.007711 0.000000 0.526493
4 4 0.063721 0.375127 0.019666 0.000000 0.541486
4 4 0.104880 0.283253 0.008536 0.000000 0.603332
4 4 0.148644 0.323875 0.002584 0.000000 0.524897
4 4 0.242074 0.016776 0.000929 0.000001 0.740220
4 4 0.440459 0.085368 0.001723 0.000000 0.472450
4 4 0.223204 0.281107 0.003316 0.000000 0.492373
4 4 0.078574 0.131732 0.002856 0.000000 0.786837
4 1 0.300725 0.244804 0.003508 0.000000 0.450964
4 1 0.243936 0.258864 0.007293 0.000000 0.489908
4 2 0.059678 0.346262 0.011664 0.000000 0.582396
4 2 0.062048 0.306536 0.010896 0.000000 0.620520
4 2 0.136413 0.235924 0.013750 0.000000 0.613913
4 2 0.016015 0.395553 0.032159 0.000000 0.556273
4 2 0.044312 0.401814 0.012811 0.000000 0.541063
4 2 0.041747 0.237417 0.005345 0.000000 0.715491
4 2 0.032550 0.240000 0.025692 0.000000 0.701757
4 2 0.016160 0.380039 0.062594 0.000000 0.541206
4 4 0.013757 0.348965 0.018660 0.000000 0.618619
4 4 0.050923 0.333526 0.003290 0.000000 0.612261
4 4 0.050590 0.366659 0.004691 0.000000 0.578060
4 4 0.022895 0.461342 0.004448 0.000000 0.511315
4 4 0.023135 0.462284 0.006220 0.000000 0.508361
4 4 0.085329 0.122374 0.001300 0.000000 0.790997
4 4 0.087441 0.354035 0.006327 0.000000 0.552197
4 4 0.105437 0.058355 0.001123 0.000000 0.835085
4 4 0.130254 0.048561 0.001087 0.000000 0.820098
0 4 0.521874 0.107331 0.000956 0.000000 0.369839
4 4 0.039270 0.420344 0.011062 0.000000 0.529324
4 4 0.196307 0.016826 0.000428 0.000000 0.786439
4 4 0.234894 0.266360 0.002837 0.000000 0.495909
4 4 0.019906 0.437671 0.028405 0.000000 0.514018
1 4 0.007072 0.515832 0.101065 0.000002 0.376028
1 4 0.024285 0.473069 0.044124 0.000001 0.458521
4 4 0.047746 0.425860 0.024858 0.000000 0.501535
4 4 0.219189 0.098714 0.004704 0.000003 0.677390
4 4 0.266288 0.258210 0.004841 0.000000 0.470660
4 4 0.036443 0.424041 0.064165 0.000001 0.475350
1 4 0.086843 0.465084 0.017231 0.000002 0.430840
4 4 0.113720 0.397345 0.010504 0.000001 0.478429
4 1 0.074491 0.395501 0.025543 0.000001 0.504465
0 0 0.870038 0.070211 0.012532 0.000059 0.047160
0 0 0.624623 0.166444 0.004431 0.000000 0.204502
4 1 0.037254 0.440255 0.028953 0.000000 0.493538
4 1 0.026794 0.454087 0.053658 0.000001 0.465460
1 1 0.007946 0.461190 0.164355 0.000003 0.366506
1 2 0.012500 0.492497 0.101729 0.000004 0.393270
1 2 0.008582 0.474942 0.147145 0.000004 0.369327
2 2 0.006218 0.342642 0.375697 0.000010 0.275433
1 2 0.003868 0.403021 0.323341 0.000012 0.269758
1 2 0.007334 0.414974 0.291609 0.000040 0.286043
2 2 0.002525 0.213810 0.644458 0.000093 0.139114
2 2 0.001334 0.244953 0.623257 0.000112 0.130344
2 2 0.015463 0.197787 0.621544 0.000992 0.164214
2 2 0.004455 0.262180 0.554941 0.000116 0.178308
2 2 0.003670 0.258446 0.565392 0.000091 0.172400
2 2 0.001386 0.214962 0.673265 0.000339 0.110048
2 2 0.004018 0.357504 0.439136 0.000277 0.199065
1 2 0.006217 0.457270 0.255697 0.000063 0.280752
2 2 0.001498 0.129624 0.781174 0.000084 0.087619
2 2 0.010659 0.144791 0.709872 0.000280 0.134398
2 2 0.003533 0.227463 0.631091 0.000485 0.137428
2 2 0.003631 0.253732 0.599940 0.000905 0.141793
1 2 0.003715 0.453770 0.289123 0.000057 0.253335
1 2 0.005169 0.528856 0.150652 0.000017 0.315307
1 2 0.004598 0.430567 0.297882 0.000035 0.266918
2 2 0.001855 0.286085 0.564141 0.000222 0.147697
1 2 0.023539 0.416696 0.187727 0.000025 0.372014
1 2 0.007826 0.461254 0.409383 0.000223 0.121314
2 2 0.007552 0.220102 0.592660 0.000106 0.179580
1 1 0.193521 0.366451 0.196957 0.001273 0.241798
1 2 0.009052 0.427288 0.276839 0.000085 0.286735
1 2 0.002774 0.614224 0.043780 0.000001 0.339220
1 2 0.008150 0.492544 0.070306 0.000000 0.428999
1 2 0.022094 0.485384 0.009425 0.000000 0.483098
1 2 0.003894 0.517108 0.109533 0.000001 0.369464
1 2 0.003546 0.548158 0.070861 0.000000 0.377434
1 2 0.005187 0.437361 0.216557 0.000002 0.340893
1 2 0.004409 0.515505 0.132220 0.000002 0.347864
1 2 0.006118 0.439785 0.179587 0.000001 0.374510
1 2 0.007683 0.533468 0.048044 0.000000 0.410805
1 2 0.001493 0.542810 0.163253 0.000002 0.292442
1 2 0.001905 0.549607 0.126205 0.000001 0.322283
1 2 0.003539 0.530539 0.116599 0.000001 0.349322
1 1 0.038466 0.492042 0.026661 0.000004 0.442827
1 1 0.010792 0.490209 0.078263 0.000001 0.420736
1 2 0.015467 0.437471 0.159762 0.000006 0.387294
2 2 0.001644 0.281157 0.566720 0.000108 0.150371
4 2 0.012434 0.364534 0.027707 0.000000 0.595323
4 2 0.036662 0.451353 0.016364 0.000000 0.495620
1 2 0.010921 0.494583 0.037393 0.000000 0.457102
1 2 0.006533 0.486258 0.116595 0.000001 0.390613
2 2 0.001656 0.339149 0.491446 0.000132 0.167617
2 2 0.003504 0.166842 0.706411 0.000126 0.123116
2 2 0.008545 0.301866 0.480895 0.000326 0.208369
2 2 0.001895 0.142351 0.770088 0.000545 0.085120
2 2 0.003464 0.264675 0.584721 0.000758 0.146383
1 2 0.004726 0.425377 0.321156 0.000091 0.248650
1 2 0.020082 0.387368 0.279749 0.000118 0.312684
2 2 0.003558 0.102081 0.802640 0.000067 0.091655
2 2 0.004431 0.164522 0.703234 0.000137 0.127676
2 2 0.007787 0.127687 0.761224 0.001183 0.102118
1 2 0.003143 0.446977 0.320496 0.000121 0.229262
1 2 0.003175 0.399895 0.384421 0.000148 0.212360
1 2 0.002286 0.429066 0.355041 0.000093 0.213514
1 2 0.003031 0.495515 0.237363 0.000033 0.264057
1 2 0.003317 0.425940 0.336415 0.000074 0.234253
1 2 0.011672 0.424227 0.286437 0.000260 0.277403
1 1 0.264151 0.477178 0.174284 0.002003 0.082384
2 1 0.011227 0.295770 0.479689 0.000452 0.212861
2 2 0.002157 0.146900 0.766771 0.001499 0.082672
2 2 0.005544 0.309448 0.477074 0.000122 0.207812
1 2 0.003875 0.514062 0.211427 0.000059 0.270577
1 2 0.007307 0.550053 0.068839 0.000003 0.373799
2 2 0.004004 0.187155 0.667149 0.000086 0.141605
2 2 0.004004 0.290592 0.509175 0.000060 0.196168
4 4 0.010934 0.419943 0.143970 0.000004 0.425148
1 4 0.011320 0.525054 0.066298 0.000003 0.397325
1 4 0.002871 0.466402 0.295106 0.000089 0.235532
1 4 0.018291 0.483338 0.053682 0.000001 0.444688
1 4 0.020791 0.485780 0.017742 0.000000 0.475687
4 4 0.100620 0.346986 0.018174 0.000000 0.534220
4 4 0.140551 0.128276 0.006535 0.000002 0.724635
4 4 0.194615 0.114317 0.003963 0.000001 0.687105
4 4 0.065362 0.428011 0.008714 0.000000 0.497913
0 1 0.463151 0.177057 0.004293 0.000001 0.355499
4 1 0.266651 0.251831 0.010544 0.000000 0.470973
4 1 0.028729 0.450298 0.019160 0.000000 0.501813
4 1 0.018535 0.421285 0.107800 0.000001 0.452380
1 2 0.017157 0.428437 0.145931 0.000003 0.408472
4 2 0.091107 0.384032 0.005607 0.000000 0.519254
4 2 0.021369 0.401438 0.163375 0.000003 0.413815
2 2 0.001571 0.058676 0.897743 0.000964 0.041046
2 2 0.002445 0.123817 0.798512 0.002187 0.073039
2 2 0.003246 0.092209 0.826923 0.000168 0.077453
2 2 0.001327 0.083125 0.865830 0.002325 0.047393
2 2 0.002576 0.139642 0.771958 0.001180 0.084645
2 2 0.003916 0.054772 0.889375 0.000414 0.051523
2 2 0.003433 0.074884 0.864074 0.001777 0.055832
2 2 0.013563 0.272722 0.517983 0.001249 0.194483
2 2 0.003330 0.091631 0.830541 0.000291 0.074207
2 2 0.005420 0.031989 0.949238 0.001462 0.011891
2 2 0.002737 0.036932 0.927039 0.002142 0.031149
2 2 0.003911 0.087759 0.843953 0.004452 0.059925
2 2 0.003063 0.061261 0.885722 0.008593 0.041361
2 2 0.004976 0.053788 0.896782 0.007325 0.037128
2 2 0.005821 0.176205 0.705322 0.004231 0.108422
2 2 0.002169 0.054164 0.902196 0.001760 0.039711
