0 0 0.539595 0.285098 0.030755 0.000259 0.144294
0 0 0.882952 0.008693 0.002391 0.001836 0.104127
0 0 0.947920 0.018191 0.005145 0.001224 0.027519
0 0 0.968707 0.006950 0.001589 0.000644 0.022109
0 0 0.994610 0.000986 0.000154 0.000096 0.004154
0 0 0.900144 0.030933 0.005459 0.000626 0.062837
0 0 0.731424 0.195062 0.005636 0.000008 0.067870
0 0 0.808630 0.116436 0.012040 0.000167 0.062727
0 0 0.740495 0.174685 0.005902 0.000012 0.078905
0 0 0.843450 0.099676 0.011214 0.000172 0.045487
0 0 0.807724 0.134336 0.004448 0.000010 0.053482
0 1 0.713038 0.211240 0.005345 0.000006 0.070371
0 1 0.745476 0.184803 0.005591 0.000008 0.064121
0 1 0.731292 0.164700 0.003949 0.000006 0.100052
0 1 0.606226 0.287763 0.007927 0.000008 0.098077
0 1 0.820052 0.111105 0.003333 0.000009 0.065502
0 1 0.525713 0.347683 0.015157 0.000025 0.111422
1 1 0.296502 0.571699 0.013324 0.000005 0.118471
1 1 0.283277 0.589636 0.011717 0.000003 0.115367
1 1 0.245939 0.531916 0.017522 0.000013 0.204610
1 1 0.055855 0.562410 0.158797 0.000106 0.222833
1 1 0.052911 0.580776 0.168659 0.000083 0.197571
1 1 0.072826 0.500137 0.187607 0.000392 0.239038
1 1 0.046646 0.534810 0.230417 0.000171 0.187956
1 2 0.050335 0.535111 0.220640 0.000182 0.193732
1 2 0.033094 0.453123 0.353427 0.000385 0.159971
1 2 0.040766 0.537593 0.243438 0.000142 0.178062
1 2 0.048204 0.487516 0.275380 0.000378 0.188522
2 2 0.021779 0.371452 0.476920 0.000627 0.129223
1 2 0.038415 0.451747 0.340224 0.000486 0.169127
2 2 0.020436 0.286848 0.577959 0.001970 0.112788
2 2 0.031973 0.394422 0.421428 0.000847 0.151330
2 2 0.017062 0.283325 0.594641 0.001488 0.103485
2 2 0.007380 0.188215 0.741639 0.001641 0.061125
1 2 0.096486 0.486369 0.171473 0.000577 0.245095
2 2 0.012255 0.279301 0.513172 0.001545 0.193726
2 2 0.005545 0.166453 0.653971 0.004834 0.169197
2 2 0.023417 0.351276 0.379982 0.001224 0.244101
2 2 0.004480 0.157266 0.699963 0.003735 0.134555
2 2 0.009428 0.213735 0.637663 0.002958 0.136216
2 2 0.004067 0.041024 0.809770 0.128436 0.016703
2 3 0.007694 0.073875 0.754309 0.110776 0.053346
2 3 0.001960 0.024201 0.750384 0.211913 0.011542
2 3 0.005977 0.034298 0.630366 0.313514 0.015846
2 3 0.001159 0.012784 0.662790 0.319447 0.003820
2 3 0.005107 0.032062 0.649330 0.299466 0.014035
2 3 0.001684 0.019091 0.679925 0.290158 0.009142
2 3 0.000894 0.007855 0.545265 0.444328 0.001658
2 3 0.002146 0.018584 0.628895 0.342796 0.007580
2 3 0.001062 0.009529 0.498241 0.486661 0.004508
3 3 0.001364 0.010596 0.463938 0.519504 0.004597
3 3 0.003315 0.005326 0.155434 0.831004 0.004921
3 3 0.004757 0.009564 0.246603 0.734069 0.005007
3 3 0.002501 0.012589 0.370955 0.606734 0.007221
3 3 0.003858 0.004887 0.092648 0.884218 0.014389
3 3 0.002775 0.003174 0.085577 0.904214 0.004260
3 3 0.001267 0.004516 0.238165 0.753680 0.002372
3 3 0.002316 0.004534 0.163027 0.827020 0.003103
3 3 0.002381 0.003180 0.110239 0.882480 0.001720
3 3 0.003888 0.005773 0.156699 0.829124 0.004515
3 3 0.003378 0.001139 0.039495 0.954589 0.001400
3 3 0.004080 0.001226 0.035572 0.956481 0.002642
3 3 0.002665 0.001469 0.048617 0.945120 0.002129
3 3 0.003199 0.000920 0.029687 0.963958 0.002236
3 3 0.005916 0.002723 0.065366 0.922532 0.003462
3 3 0.002923 0.000867 0.029157 0.964996 0.002057
3 3 0.004957 0.001547 0.038100 0.950978 0.004418
0 2 0.367123 0.176983 0.318232 0.095323 0.042339
3 2 0.011749 0.018492 0.315879 0.648155 0.005725
3 3 0.003660 0.008103 0.290242 0.695359 0.002635
3 3 0.008434 0.011844 0.262913 0.712326 0.004483
3 3 0.011105 0.005927 0.104811 0.872467 0.005690
3 3 0.009912 0.003708 0.072175 0.909324 0.004880
3 3 0.005021 0.002831 0.089220 0.901279 0.001649
3 3 0.005618 0.002466 0.066295 0.923444 0.002176
3 3 0.009160 0.004061 0.078913 0.902675 0.005191
3 3 0.002977 0.000666 0.024370 0.970557 0.001430
3 3 0.004387 0.001094 0.032919 0.959488 0.002112
3 3 0.003187 0.000732 0.025790 0.968740 0.001552
3 3 0.004376 0.001174 0.035105 0.957207 0.002138
3 3 0.002594 0.000550 0.020525 0.974744 0.001587
3 3 0.004547 0.000942 0.028500 0.963955 0.002055
3 3 0.001997 0.000425 0.018464 0.978039 0.001075
3 3 0.001237 0.000208 0.011462 0.986407 0.000686
3 3 0.003185 0.000581 0.020596 0.974046 0.001591
3 3 0.002343 0.000375 0.015846 0.980381 0.001055
3 3 0.002318 0.000367 0.015774 0.980546 0.000995
3 3 0.002808 0.000572 0.021379 0.973816 0.001425
3 3 0.002874 0.000765 0.028773 0.966335 0.001254
3 3 0.002389 0.000526 0.019780 0.975620 0.001685
3 3 0.002223 0.000405 0.016579 0.979500 0.001294
3 3 0.002173 0.000478 0.019411 0.976615 0.001322
3 3 0.002194 0.000353 0.015835 0.980750 0.000867
3 3 0.001878 0.000328 0.013846 0.982550 0.001398
3 3 0.003226 0.000795 0.028644 0.965991 0.001344
3 3 0.001971 0.000439 0.017329 0.978541 0.001720
3 3 0.001675 0.000305 0.014522 0.982585 0.000913
3 3 0.002136 0.000621 0.025803 0.970304 0.001136
3 3 0.001934 0.000312 0.014761 0.982202 0.000791
3 3 0.001675 0.000315 0.015234 0.981941 0.000835
3 3 0.002046 0.000536 0.021900 0.974181 0.001337
3 3 0.005260 0.001394 0.038868 0.952139 0.002339
3 3 0.003026 0.000788 0.026115 0.967904 0.002167
3 3 0.002644 0.000618 0.022267 0.972692 0.001780
3 3 0.002625 0.000714 0.025456 0.969370 0.001835
3 3 0.003759 0.000892 0.027485 0.965512 0.002352
3 3 0.001875 0.000472 0.019824 0.976500 0.001329
3 3 0.004750 0.001101 0.031059 0.960462 0.002628
0 3 0.350021 0.057456 0.249818 0.330107 0.012598
3 3 0.012284 0.011297 0.170531 0.798015 0.007873
3 3 0.007777 0.014724 0.377031 0.595998 0.004470
3 3 0.008161 0.023506 0.477837 0.484910 0.005587
3 3 0.011143 0.024735 0.413827 0.544009 0.006285
3 3 0.006876 0.013687 0.327984 0.648194 0.003259
3 3 0.005198 0.006254 0.153598 0.831976 0.002974
3 3 0.007625 0.005203 0.113372 0.870564 0.003235
3 3 0.014409 0.011362 0.176379 0.792184 0.005667
3 3 0.009395 0.007075 0.133373 0.845614 0.004543
3 3 0.010229 0.012120 0.232578 0.740258 0.004814
3 3 0.006020 0.003940 0.094177 0.892827 0.003035
3 3 0.005980 0.002362 0.054450 0.932837 0.004372
3 3 0.003143 0.001027 0.034928 0.959186 0.001716
3 3 0.006991 0.002608 0.058718 0.927688 0.003994
3 3 0.005324 0.001584 0.042567 0.947867 0.002658
3 3 0.006586 0.002401 0.060012 0.928372 0.002629
3 3 0.003130 0.000620 0.023485 0.971608 0.001157
3 3 0.004992 0.001652 0.045328 0.945475 0.002554
3 3 0.006099 0.003016 0.069920 0.917136 0.003829
3 3 0.003348 0.000972 0.033572 0.960599 0.001508
3 3 0.006783 0.001864 0.046860 0.941817 0.002676
3 3 0.002902 0.000639 0.022683 0.972066 0.001710
3 3 0.003943 0.000825 0.025712 0.967368 0.002151
3 3 0.002638 0.000649 0.022509 0.972080 0.002124
3 3 0.003071 0.000604 0.022242 0.972718 0.001365
3 3 0.002616 0.000525 0.020174 0.975316 0.001370
3 3 0.005045 0.001202 0.035327 0.956453 0.001973
3 3 0.002926 0.000565 0.021812 0.973534 0.001164
3 3 0.002389 0.000429 0.017179 0.978704 0.001299
3 3 0.002896 0.000524 0.019523 0.975626 0.001431
3 3 0.003794 0.001358 0.041164 0.951428 0.002256
3 3 0.003177 0.000563 0.022008 0.973252 0.001001
3 3 0.002587 0.000377 0.015428 0.980498 0.001110
3 3 0.003377 0.000592 0.022292 0.972633 0.001107
3 3 0.004028 0.000776 0.024805 0.968499 0.001891
3 3 0.003644 0.000527 0.017710 0.976313 0.001807
3 3 0.002463 0.000467 0.019166 0.976803 0.001101
3 3 0.002627 0.000385 0.017007 0.979227 0.000753
3 3 0.003446 0.000805 0.028277 0.966065 0.001407
3 3 0.003527 0.000577 0.019752 0.974465 0.001679
3 3 0.005083 0.000892 0.026645 0.965427 0.001952
3 3 0.002813 0.000599 0.021573 0.973332 0.001683
3 3 0.004604 0.000803 0.022895 0.968899 0.002800
3 3 0.002620 0.000454 0.017925 0.977756 0.001245
3 3 0.004116 0.000795 0.026145 0.967346 0.001598
3 3 0.003702 0.000620 0.021858 0.972455 0.001364
3 3 0.003572 0.000696 0.023238 0.970694 0.001799
3 3 0.003892 0.001168 0.035635 0.957091 0.002214
3 3 0.003683 0.000634 0.021668 0.972428 0.001588
3 3 0.002683 0.000399 0.016557 0.979376 0.000984
3 3 0.003651 0.000591 0.020586 0.973686 0.001486
3 3 0.002773 0.001055 0.036674 0.957735 0.001762
3 3 0.003414 0.001492 0.046649 0.946320 0.002124
3 3 0.002285 0.000932 0.037185 0.958440 0.001157
3 3 0.002783 0.001273 0.045410 0.949066 0.001469
3 3 0.001760 0.000633 0.026337 0.969876 0.001394
3 3 0.002124 0.000641 0.024923 0.970751 0.001562
3 3 0.002213 0.000669 0.026748 0.969083 0.001288
3 3 0.003466 0.001211 0.039723 0.953848 0.001752
2 2 0.204043 0.187278 0.506025 0.080555 0.022099
3 2 0.007277 0.025668 0.335086 0.606837 0.025132
2 2 0.008968 0.050785 0.674752 0.238090 0.027406
2 2 0.008081 0.053969 0.780268 0.138411 0.019271
2 2 0.004608 0.054623 0.725545 0.152213 0.063011
2 2 0.008215 0.065909 0.748784 0.132837 0.044254
2 2 0.013631 0.107143 0.704447 0.079023 0.095756
2 2 0.018785 0.114870 0.748173 0.063859 0.054313
2 2 0.020246 0.177013 0.620843 0.024158 0.157740
2 2 0.033561 0.262587 0.472968 0.009355 0.221529
2 2 0.025566 0.208260 0.414562 0.019436 0.332176
2 2 0.018120 0.153716 0.654150 0.035992 0.138023
4 2 0.006088 0.255518 0.225678 0.000460 0.512256
4 2 0.006721 0.282010 0.173886 0.000224 0.537158
4 2 0.007907 0.293941 0.226888 0.000361 0.470903
4 2 0.005166 0.238771 0.200343 0.000402 0.555318
4 2 0.012215 0.280435 0.266267 0.001092 0.439990
4 2 0.012264 0.269348 0.281012 0.001425 0.435951
4 2 0.005404 0.251276 0.214126 0.000381 0.528812
4 2 0.005312 0.236501 0.277378 0.000716 0.480092
4 2 0.007124 0.261844 0.213239 0.000479 0.517314
4 2 0.004342 0.228368 0.161796 0.000261 0.605232
4 2 0.006289 0.259863 0.192364 0.000348 0.541137
4 2 0.005559 0.249686 0.210199 0.000398 0.534158
4 2 0.006477 0.250927 0.163882 0.000325 0.578390
4 2 0.005250 0.221067 0.172268 0.000450 0.600965
4 2 0.007932 0.283743 0.193798 0.000335 0.514191
4 2 0.005265 0.218944 0.222907 0.000723 0.552161
4 2 0.006343 0.258146 0.211499 0.000423 0.523590
4 2 0.004837 0.219797 0.223990 0.000629 0.550747
4 2 0.006767 0.272627 0.224957 0.000400 0.495249
4 2 0.006878 0.190496 0.211034 0.001831 0.589761
2 2 0.009441 0.284643 0.553666 0.000820 0.151430
1 2 0.085386 0.434808 0.242309 0.001460 0.236038
2 2 0.022297 0.314125 0.541343 0.001501 0.120733
2 2 0.002650 0.164836 0.749740 0.000844 0.081930
2 2 0.003478 0.162903 0.759684 0.001188 0.072748
2 2 0.009933 0.258917 0.631306 0.000981 0.098863
2 2 0.000266 0.032249 0.956719 0.001490 0.009277
2 2 0.000821 0.065484 0.903905 0.001922 0.027868
2 2 0.004182 0.134653 0.789341 0.003346 0.068477
2 2 0.084664 0.373345 0.406262 0.004664 0.131065
2 2 0.001656 0.082630 0.891645 0.001675 0.022394
2 2 0.004574 0.163137 0.784737 0.001088 0.046464
2 2 0.026871 0.290909 0.550977 0.003035 0.128209
2 2 0.016320 0.268768 0.613501 0.001738 0.099672
2 2 0.000353 0.036292 0.952876 0.001402 0.009077
2 2 0.001829 0.071852 0.900649 0.003425 0.022245
2 2 0.000558 0.035911 0.951888 0.003284 0.008359
2 2 0.001364 0.067153 0.910246 0.002351 0.018886
2 2 0.000190 0.021675 0.969283 0.003129 0.005723
2 2 0.001623 0.054901 0.919924 0.007002 0.016551
2 2 0.001276 0.052371 0.917305 0.007538 0.021510
2 2 0.001949 0.042539 0.937352 0.011689 0.006470
2 2 0.000481 0.028002 0.959889 0.005645 0.005983
2 2 0.002018 0.060962 0.908913 0.007929 0.020178
2 2 0.000468 0.025624 0.965957 0.004417 0.003535
2 2 0.002116 0.052063 0.930199 0.007041 0.008581
2 2 0.002956 0.062379 0.913343 0.008609 0.012714
2 2 0.004991 0.091309 0.864886 0.009366 0.029448
2 2 0.000871 0.035748 0.950829 0.005980 0.006572
2 2 0.005178 0.076033 0.894518 0.010889 0.013382
2 2 0.001054 0.039805 0.947241 0.005195 0.006706
2 2 0.001278 0.044546 0.936232 0.007391 0.010553
2 2 0.005325 0.083663 0.877436 0.011670 0.021907
2 2 0.002017 0.048587 0.922307 0.014337 0.012751
2 2 0.002987 0.043630 0.912716 0.031980 0.008687
2 2 0.004161 0.085528 0.845232 0.015740 0.049340
2 2 0.003899 0.052709 0.922353 0.014740 0.006298
2 2 0.001447 0.028586 0.934932 0.030398 0.004638
2 2 0.013125 0.074126 0.852116 0.050124 0.010509
0 1 0.349251 0.284361 0.313543 0.019389 0.033456
2 2 0.017312 0.118728 0.801207 0.029750 0.033003
2 2 0.001226 0.048464 0.822509 0.041796 0.086005
2 2 0.000103 0.008470 0.957763 0.031296 0.002367
2 2 0.000259 0.015458 0.935197 0.041174 0.007912
2 2 0.000231 0.017117 0.930227 0.038666 0.013759
2 2 0.001068 0.042735 0.898872 0.023718 0.033607
2 2 0.001134 0.026581 0.881192 0.078487 0.012606
2 2 0.000281 0.016061 0.909094 0.062439 0.012125
2 2 0.002187 0.034372 0.743046 0.184375 0.036020
2 2 0.000653 0.012506 0.792485 0.190485 0.003872
2 2 0.001918 0.047102 0.811207 0.076563 0.063209
2 2 0.000146 0.009503 0.863646 0.118755 0.007949
2 2 0.000086 0.006114 0.939603 0.052833 0.001364
2 2 0.000559 0.017594 0.796023 0.168374 0.017450
2 2 0.000924 0.015413 0.801932 0.177022 0.004709
2 2 0.001565 0.023380 0.798239 0.166487 0.010329
2 2 0.000311 0.012938 0.883443 0.096729 0.006579
2 2 0.000302 0.009893 0.875759 0.111355 0.002690
2 2 0.001889 0.029927 0.724300 0.212794 0.031091
3 2 0.002675 0.019772 0.474456 0.486164 0.016933
3 3 0.003603 0.011221 0.326390 0.652727 0.006059
3 3 0.005343 0.018320 0.452352 0.517020 0.006965
3 3 0.003145 0.013363 0.365024 0.608208 0.010261
2 3 0.004131 0.021046 0.533001 0.433719 0.008103
3 3 0.007168 0.008814 0.150915 0.822588 0.010514
3 3 0.002663 0.007745 0.199242 0.780042 0.010309
3 3 0.003697 0.010649 0.363516 0.618156 0.003982
2 3 0.002495 0.014497 0.491043 0.485269 0.006695
3 3 0.007302 0.006447 0.109298 0.866226 0.010728
3 3 0.005229 0.005708 0.106947 0.872124 0.009992
3 3 0.003452 0.013142 0.243557 0.721390 0.018459
3 3 0.002434 0.009082 0.298366 0.684167 0.005951
3 3 0.004226 0.008954 0.199155 0.779822 0.007843
3 3 0.014774 0.027773 0.266615 0.655368 0.035470
3 3 0.004412 0.004462 0.100893 0.884935 0.005299
3 3 0.014413 0.016380 0.167623 0.755387 0.046197
3 3 0.004940 0.003758 0.075541 0.906789 0.008972
3 3 0.005942 0.004802 0.089888 0.889952 0.009416
3 3 0.003588 0.002251 0.056875 0.932286 0.005000
3 3 0.001914 0.001186 0.038740 0.954689 0.003472
3 3 0.005760 0.004822 0.090094 0.889510 0.009814
3 3 0.006318 0.002205 0.051020 0.936337 0.004120
3 3 0.003644 0.000926 0.030697 0.963039 0.001694
3 3 0.005210 0.003759 0.077365 0.906130 0.007536
3 3 0.002368 0.000700 0.024616 0.970109 0.002206
3 3 0.005666 0.003774 0.074491 0.907660 0.008409
3 3 0.005050 0.002815 0.070804 0.918090 0.003241
3 3 0.007610 0.004244 0.077001 0.902375 0.008770
3 3 0.004349 0.002033 0.048412 0.939646 0.005560
3 3 0.004870 0.002067 0.050698 0.938131 0.004234
3 3 0.003338 0.001058 0.028731 0.962157 0.004717
3 3 0.004443 0.002387 0.060885 0.928594 0.003692
3 3 0.003273 0.000953 0.029011 0.963902 0.002860
3 3 0.006097 0.002488 0.058145 0.929340 0.003930
3 3 0.002868 0.000923 0.029042 0.964321 0.002845
3 3 0.002420 0.000586 0.020743 0.974077 0.002174
3 3 0.004367 0.001262 0.035698 0.955914 0.002758
3 3 0.006010 0.002443 0.054015 0.932268 0.005265
3 3 0.002830 0.000896 0.030021 0.964101 0.002151
3 3 0.005466 0.003127 0.072461 0.914670 0.004276
3 3 0.003317 0.000660 0.021403 0.972351 0.002270
3 3 0.007347 0.003025 0.056946 0.923901 0.008782
3 3 0.005051 0.001647 0.040428 0.948546 0.004328
3 3 0.006279 0.002482 0.054069 0.931805 0.005365
3 3 0.009355 0.003196 0.059547 0.921113 0.006789
3 3 0.007294 0.002110 0.043748 0.940787 0.006061
3 3 0.010681 0.004161 0.074211 0.904343 0.006602
3 3 0.005308 0.001597 0.041598 0.948396 0.003101
3 3 0.005838 0.001377 0.033048 0.955430 0.004308
3 3 0.005935 0.001783 0.044627 0.944435 0.003220
3 3 0.005601 0.002335 0.061155 0.928381 0.002528
3 3 0.006100 0.002323 0.050223 0.935493 0.005861
3 3 0.004867 0.001289 0.033437 0.956720 0.003687
3 3 0.079052 0.017974 0.134165 0.735352 0.033457
2 2 0.207661 0.190715 0.511773 0.069029 0.020822
2 2 0.054151 0.136122 0.685014 0.092120 0.032593
2 2 0.009096 0.031433 0.684382 0.270862 0.004226
2 2 0.004293 0.025975 0.802244 0.164419 0.003069
2 2 0.002122 0.012391 0.587388 0.395926 0.002173
2 2 0.006182 0.017332 0.563235 0.410740 0.002511
2 2 0.008163 0.173099 0.594822 0.008421 0.215495
2 2 0.007459 0.120839 0.790094 0.013905 0.067703
2 2 0.011021 0.221858 0.522883 0.004425 0.239812
4 4 0.007594 0.221338 0.110038 0.000349 0.660680
4 4 0.009234 0.253010 0.265380 0.001150 0.471226
4 4 0.009545 0.266351 0.151922 0.000393 0.571788
4 4 0.011008 0.245240 0.111866 0.000405 0.631481
4 4 0.013596 0.267849 0.169764 0.000795 0.547996
4 4 0.006634 0.195988 0.140497 0.000756 0.656125
4 4 0.010107 0.262868 0.161411 0.000506 0.565108
4 4 0.007295 0.206981 0.115349 0.000480 0.669895
4 4 0.006818 0.172570 0.140966 0.001366 0.678280
4 4 0.008353 0.224881 0.146671 0.000640 0.619455
4 4 0.005868 0.190649 0.102778 0.000393 0.700311
4 4 0.010593 0.176468 0.081879 0.000870 0.730191
4 4 0.006888 0.173085 0.152550 0.001581 0.665896
1 4 0.225160 0.434821 0.046454 0.000270 0.293295
4 4 0.010721 0.266789 0.132658 0.000366 0.589466
4 4 0.007237 0.223280 0.096284 0.000242 0.672956
4 4 0.008181 0.162978 0.075402 0.000697 0.752743
4 4 0.005009 0.165328 0.118073 0.000735 0.710855
4 4 0.005566 0.214304 0.107178 0.000238 0.672715
4 4 0.005159 0.205968 0.104146 0.000238 0.684489
4 4 0.004107 0.160279 0.086760 0.000342 0.748513
4 4 0.004534 0.153649 0.099924 0.000624 0.741268
4 4 0.002811 0.067310 0.030313 0.000681 0.898885
4 4 0.007656 0.228109 0.083182 0.000182 0.680872
4 4 0.005968 0.209564 0.110553 0.000309 0.673607
4 4 0.006285 0.219615 0.110580 0.000273 0.663247
4 4 0.007321 0.216423 0.137779 0.000552 0.637924
4 1 0.014181 0.254425 0.137469 0.000738 0.593187
4 1 0.010511 0.270085 0.142357 0.000381 0.576665
4 1 0.007880 0.238906 0.103422 0.000235 0.649557
4 1 0.007337 0.238322 0.129989 0.000327 0.624025
4 1 0.010407 0.290860 0.160442 0.000330 0.537961
4 1 0.004763 0.195494 0.124853 0.000370 0.674519
4 1 0.004950 0.185114 0.102493 0.000342 0.707102
4 1 0.011541 0.248363 0.177398 0.000940 0.561759
1 1 0.175631 0.368863 0.090742 0.001877 0.362887
4 1 0.006820 0.224483 0.094156 0.000207 0.674333
4 1 0.009092 0.281766 0.347085 0.000919 0.361137
4 2 0.004871 0.248384 0.350811 0.000660 0.395276
2 2 0.004878 0.251922 0.403356 0.000689 0.339155
2 2 0.006483 0.272084 0.386896 0.000710 0.333826
2 2 0.004862 0.204290 0.651755 0.001347 0.137745
2 2 0.007527 0.239997 0.466085 0.001764 0.284627
2 2 0.003492 0.209837 0.496129 0.001061 0.289480
2 2 0.000827 0.090936 0.787075 0.002559 0.118602
2 2 0.000278 0.049593 0.905488 0.001866 0.042775
2 2 0.019606 0.236930 0.454460 0.007619 0.281384
2 2 0.001513 0.130151 0.705081 0.001876 0.161379
2 2 0.000470 0.060048 0.879499 0.002702 0.057281
2 2 0.000239 0.034908 0.926896 0.004475 0.033482
2 2 0.000276 0.034453 0.935568 0.004232 0.025471
2 2 0.000530 0.070215 0.824108 0.003218 0.101928
2 2 0.001063 0.094381 0.767207 0.003605 0.133744
2 2 0.000710 0.067353 0.858075 0.003995 0.069867
2 2 0.006026 0.258953 0.486003 0.000850 0.248168
2 2 0.000366 0.055658 0.883362 0.002547 0.058067
2 2 0.000248 0.033766 0.906960 0.008732 0.050294
1 2 0.024725 0.430584 0.406270 0.000332 0.138089
1 2 0.060582 0.385920 0.252570 0.002025 0.298903
2 1 0.058276 0.337647 0.499905 0.004388 0.099783
1 1 0.219708 0.459160 0.217276 0.002366 0.101491
2 2 0.019499 0.363449 0.497793 0.000565 0.118694
2 2 0.023325 0.403412 0.440452 0.000440 0.132372
2 2 0.006214 0.195834 0.729708 0.001172 0.067071
2 2 0.009071 0.247457 0.668679 0.000793 0.074001
2 2 0.012643 0.292007 0.603516 0.000728 0.091105
2 2 0.004341 0.145375 0.805283 0.001529 0.043471
2 2 0.011358 0.263178 0.640709 0.000945 0.083810
2 2 0.042061 0.355447 0.465423 0.002269 0.134800
0 0 0.485055 0.307455 0.155757 0.005325 0.046408
0 0 0.430186 0.409338 0.070394 0.000552 0.089531
1 1 0.065566 0.603653 0.118972 0.000052 0.211756
1 1 0.068171 0.509128 0.234325 0.000414 0.187962
1 1 0.055869 0.617971 0.126327 0.000039 0.199795
1 1 0.037137 0.537670 0.253698 0.000128 0.171366
1 1 0.049715 0.548363 0.208753 0.000144 0.193024
1 2 0.037412 0.498934 0.293168 0.000233 0.170253
2 1 0.036887 0.232464 0.609431 0.013164 0.108054
1 1 0.344880 0.435670 0.126083 0.001796 0.091572
1 1 0.111416 0.439058 0.322470 0.002387 0.124669
1 1 0.049773 0.562874 0.194026 0.000112 0.193215
1 1 0.050808 0.478016 0.278646 0.000464 0.192067
1 1 0.031082 0.526519 0.283636 0.000121 0.158642
1 1 0.037678 0.538164 0.251619 0.000129 0.172410
1 2 0.025769 0.438786 0.393860 0.000317 0.141268
2 2 0.005451 0.187522 0.753107 0.000897 0.053023
2 2 0.008596 0.303979 0.609866 0.000284 0.077276
2 2 0.009075 0.242115 0.674471 0.000872 0.073466
2 2 0.036247 0.359626 0.446376 0.001734 0.156017
2 2 0.020790 0.369979 0.485857 0.000577 0.122796
2 2 0.006590 0.192330 0.730712 0.001431 0.068937
2 2 0.001104 0.069180 0.911064 0.001352 0.017301
2 2 0.002234 0.089643 0.879202 0.002339 0.026582
2 2 0.012754 0.315610 0.577358 0.000514 0.093763
2 2 0.005504 0.213184 0.725029 0.000542 0.055741
2 2 0.002261 0.110630 0.857064 0.001103 0.028943
2 2 0.002017 0.101729 0.868484 0.001185 0.026585
2 2 0.003983 0.165226 0.777712 0.000950 0.052129
2 2 0.001099 0.064323 0.907134 0.002787 0.024657
2 2 0.004626 0.185076 0.745761 0.000907 0.063629
2 2 0.002624 0.108356 0.856598 0.001629 0.030793
2 2 0.003751 0.133281 0.822072 0.001576 0.039321
2 2 0.003199 0.119843 0.822999 0.002635 0.051325
2 2 0.000430 0.038850 0.947306 0.001942 0.011471
2 2 0.000746 0.047179 0.928753 0.003980 0.019342
2 2 0.000581 0.043334 0.938766 0.002697 0.014621
2 2 0.003021 0.113298 0.848377 0.001853 0.033451
2 2 0.001143 0.064754 0.915111 0.001846 0.017146
2 2 0.000623 0.045010 0.939896 0.002095 0.012377
2 2 0.002200 0.081810 0.883832 0.003621 0.028538
2 2 0.000598 0.043606 0.936629 0.003093 0.016073
2 2 0.002329 0.092448 0.869223 0.002863 0.033137
2 2 0.001633 0.064605 0.909566 0.003948 0.020248
2 2 0.000602 0.043243 0.932976 0.004011 0.019168
2 2 0.001092 0.068940 0.907974 0.001646 0.020349
2 2 0.000690 0.046169 0.933696 0.003121 0.016325
2 2 0.008263 0.178620 0.747352 0.002547 0.063219
2 2 0.005560 0.129697 0.814028 0.003943 0.046772
2 2 0.002215 0.054849 0.926035 0.007010 0.009891
2 2 0.007732 0.182734 0.745697 0.002033 0.061805
2 2 0.002948 0.083666 0.878541 0.005366 0.029479
2 2 0.002176 0.093357 0.875890 0.001908 0.026668
2 2 0.003971 0.102362 0.852319 0.004768 0.036579
2 2 0.002357 0.056941 0.922684 0.007245 0.010772
2 2 0.004296 0.127917 0.824086 0.002441 0.041260
2 2 0.002710 0.064674 0.900094 0.011098 0.021425
2 2 0.000818 0.026837 0.959532 0.009517 0.003296
2 2 0.004061 0.072635 0.885348 0.014693 0.023263
2 2 0.005008 0.099270 0.849945 0.008170 0.037607
2 2 0.002921 0.069515 0.893531 0.010163 0.023870
2 2 0.006237 0.113021 0.825543 0.008344 0.046855
2 2 0.001800 0.031507 0.952227 0.012249 0.002216
2 2 0.019473 0.225943 0.639506 0.005556 0.109521
2 2 0.000629 0.016517 0.962565 0.019034 0.001255
0 0 0.329755 0.299613 0.306833 0.023064 0.040736
2 1 0.014999 0.244927 0.644882 0.002230 0.092962
2 2 0.000588 0.030829 0.956349 0.005731 0.006504
2 2 0.065497 0.297772 0.542587 0.008992 0.085153
2 2 0.071087 0.330951 0.476410 0.006801 0.114750
2 2 0.077380 0.348689 0.510354 0.004277 0.059300
2 2 0.112925 0.360441 0.456734 0.006123 0.063777
2 2 0.071374 0.282833 0.585237 0.009618 0.050937
1 2 0.083820 0.434868 0.366028 0.001824 0.113461
2 2 0.036625 0.178670 0.727800 0.020308 0.036597
2 2 0.087539 0.328873 0.485483 0.008450 0.089655
2 2 0.044371 0.239208 0.676585 0.007325 0.032510
0 0 0.877352 0.057038 0.031002 0.005945 0.028664
0 0 0.902318 0.054350 0.017985 0.001624 0.023723
0 0 0.973952 0.009488 0.003927 0.001786 0.010846
0 0 0.967749 0.009907 0.003408 0.001505 0.017431
0 0 0.965848 0.014026 0.004855 0.001344 0.013927
0 0 0.970433 0.009181 0.003601 0.001885 0.014900
0 0 0.913945 0.048499 0.016280 0.001517 0.019760
0 0 0.931878 0.030034 0.017754 0.005114 0.015220
0 0 0.926033 0.036233 0.015123 0.002592 0.020019
0 0 0.757147 0.151848 0.040985 0.001423 0.048596
0 0 0.896073 0.052657 0.021845 0.002978 0.026447
0 0 0.534010 0.209703 0.075771 0.005315 0.175200
0 0 0.531208 0.303825 0.067503 0.001160 0.096304
1 0 0.163954 0.540687 0.032765 0.000029 0.262565
1 1 0.081081 0.628694 0.069131 0.000021 0.221073
1 1 0.098390 0.595925 0.068711 0.000038 0.236936
1 1 0.137036 0.484145 0.107364 0.000431 0.271023
1 1 0.088494 0.594216 0.085416 0.000050 0.231825
1 1 0.078139 0.613787 0.086305 0.000035 0.221734
1 1 0.092031 0.588029 0.084901 0.000055 0.234985
1 1 0.078995 0.627930 0.073126 0.000023 0.219926
1 1 0.065524 0.624828 0.099991 0.000031 0.209625
1 1 0.057396 0.597709 0.141961 0.000061 0.202873
1 2 0.040839 0.519528 0.261877 0.000190 0.177565
1 2 0.033398 0.493247 0.311187 0.000218 0.161950
1 2 0.041820 0.512261 0.266692 0.000218 0.179009
1 2 0.028512 0.440705 0.382575 0.000364 0.147844
2 2 0.010746 0.285697 0.599763 0.000713 0.103081
2 2 0.019536 0.357446 0.504177 0.000618 0.118224
2 2 0.019019 0.372660 0.489641 0.000473 0.118206
2 2 0.008539 0.207444 0.714835 0.001482 0.067700
2 2 0.000404 0.038471 0.951251 0.001277 0.008596
2 2 0.000030 0.013648 0.982446 0.000433 0.003443
2 2 0.000271 0.032091 0.953808 0.002102 0.011728
2 2 0.000357 0.036726 0.953793 0.001156 0.007968
2 2 0.000018 0.010103 0.986934 0.000470 0.002476
2 2 0.000021 0.011392 0.983334 0.000726 0.004527
2 2 0.000111 0.021740 0.967499 0.001800 0.008850
2 2 0.000104 0.022426 0.970765 0.000835 0.005870
2 2 0.000379 0.037568 0.952571 0.001214 0.008269
2 2 0.000377 0.037478 0.952701 0.001207 0.008236
2 2 0.000068 0.018460 0.972356 0.001325 0.007791
2 2 0.000020 0.008292 0.988578 0.001194 0.001915
2 2 0.000024 0.008416 0.990498 0.000402 0.000660
2 2 0.000269 0.031419 0.959604 0.001325 0.007382
2 2 0.000070 0.013294 0.983814 0.001124 0.001698
2 2 0.000063 0.014214 0.983992 0.000463 0.001268
2 2 0.000157 0.026351 0.965486 0.001032 0.006974
2 2 0.000160 0.025787 0.967608 0.000902 0.005543
2 2 0.000043 0.010418 0.987536 0.000882 0.001120
2 2 0.000246 0.029989 0.961923 0.001226 0.006616
2 2 0.000240 0.031529 0.960990 0.000866 0.006375
2 2 0.000269 0.030573 0.961833 0.001208 0.006117
2 2 0.043848 0.217861 0.684948 0.012676 0.040667
2 1 0.033712 0.271637 0.661027 0.002571 0.031053
2 2 0.008272 0.226799 0.695152 0.000957 0.068820
2 2 0.000629 0.045420 0.940836 0.001827 0.011288
2 2 0.001128 0.061733 0.918282 0.002128 0.016728
2 2 0.014815 0.203365 0.690345 0.004790 0.086686
2 2 0.015881 0.287362 0.594932 0.001216 0.100609
2 2 0.002367 0.087719 0.879966 0.002859 0.027089
2 2 0.000255 0.032305 0.960099 0.000879 0.006463
2 2 0.000184 0.028040 0.963160 0.001128 0.007488
2 2 0.000133 0.024097 0.964007 0.001782 0.009983
2 2 0.000155 0.020259 0.970520 0.003097 0.005969
2 2 0.007584 0.182123 0.747134 0.001981 0.061178
2 2 0.000550 0.050304 0.930187 0.001675 0.017283
2 2 0.000180 0.026820 0.956137 0.002849 0.014014
2 2 0.000569 0.043958 0.943183 0.001657 0.010634
2 2 0.000154 0.023416 0.966139 0.002165 0.008126
2 2 0.000453 0.034568 0.949605 0.003871 0.011502
2 2 0.000123 0.023641 0.967191 0.001248 0.007797
2 2 0.000116 0.023224 0.968310 0.001122 0.007228
2 2 0.000128 0.021961 0.970898 0.001337 0.005676
2 2 0.000071 0.018945 0.973151 0.001070 0.006763
2 2 0.000766 0.056978 0.920498 0.001993 0.019764
2 2 0.000063 0.011270 0.986219 0.001298 0.001150
2 2 0.000031 0.007526 0.989325 0.002066 0.001052
2 2 0.000225 0.029515 0.954739 0.002500 0.013022
2 2 0.001006 0.051640 0.926378 0.003908 0.017067
2 2 0.000212 0.029309 0.958958 0.001666 0.009854
2 2 0.000278 0.031911 0.950827 0.002834 0.014150
2 2 0.000675 0.038880 0.950569 0.002677 0.007199
2 2 0.000281 0.031191 0.958414 0.001740 0.008373
2 2 0.000117 0.022934 0.966064 0.001618 0.009267
2 2 0.000175 0.022458 0.964849 0.003735 0.008782
2 2 0.000027 0.008413 0.985953 0.002960 0.002647
2 2 0.000047 0.011573 0.984706 0.001428 0.002246
2 2 0.000179 0.024809 0.962052 0.002830 0.010131
2 2 0.000087 0.019537 0.964865 0.002904 0.012607
2 2 0.000944 0.039525 0.950298 0.003556 0.005677
2 2 0.001565 0.034320 0.901744 0.048831 0.013539
2 2 0.001581 0.024060 0.829755 0.135744 0.008860
2 2 0.001768 0.031596 0.817087 0.127814 0.021735
2 2 0.000837 0.024570 0.922315 0.043858 0.008420
2 3 0.000880 0.016431 0.894504 0.085331 0.002855
2 3 0.000798 0.016541 0.857654 0.120038 0.004969
2 3 0.005764 0.059370 0.822113 0.083989 0.028763
2 3 0.005603 0.034182 0.725878 0.224665 0.009673
2 3 0.004292 0.037885 0.714856 0.220211 0.022755
2 3 0.001644 0.022125 0.868515 0.103403 0.004314
2 3 0.002326 0.022271 0.714004 0.253278 0.008122
2 3 0.002294 0.024387 0.760694 0.203925 0.008701
2 3 0.002777 0.025390 0.657176 0.300391 0.014266
2 3 0.006448 0.047441 0.724393 0.195922 0.025796
2 3 0.000514 0.008971 0.680226 0.307185 0.003104
2 3 0.005109 0.042203 0.767784 0.166826 0.018077
2 3 0.003795 0.028969 0.716422 0.240686 0.010128
2 3 0.001825 0.015734 0.737968 0.241807 0.002666
2 3 0.001633 0.014862 0.659056 0.320354 0.004094
3 3 0.001828 0.010520 0.387826 0.595235 0.004591
3 3 0.005905 0.017036 0.452847 0.519660 0.004552
3 3 0.009509 0.024991 0.317892 0.630542 0.017067
3 3 0.006257 0.022539 0.428470 0.531324 0.011410
3 3 0.006033 0.022929 0.473547 0.489069 0.008423
3 3 0.014164 0.020490 0.230642 0.713975 0.020730
3 3 0.010285 0.024584 0.293070 0.653519 0.018541
2 3 0.007382 0.031021 0.602386 0.350063 0.009148
3 3 0.010597 0.025519 0.367818 0.581810 0.014257
3 3 0.015878 0.025984 0.304512 0.639984 0.013643
3 3 0.012680 0.016788 0.209440 0.745994 0.015098
3 3 0.008295 0.014395 0.216916 0.750206 0.010189
2 3 0.017820 0.065374 0.576640 0.300068 0.040099
3 3 0.004647 0.007727 0.178433 0.803602 0.005591
3 3 0.007864 0.018020 0.305152 0.658885 0.010080
2 3 0.006498 0.026684 0.577426 0.382153 0.007239
3 3 0.011859 0.014525 0.190773 0.768860 0.013983
3 3 0.010095 0.022261 0.334514 0.621511 0.011619
3 3 0.008120 0.025219 0.413735 0.541692 0.011235
3 3 0.006402 0.008013 0.151433 0.827758 0.006393
3 3 0.017418 0.024016 0.248571 0.687924 0.022072
2 3 0.036037 0.258773 0.440175 0.011584 0.253431
2 2 0.125900 0.354362 0.393227 0.009596 0.116915
1 2 0.278399 0.431824 0.066766 0.000610 0.222401
1 2 0.056308 0.470622 0.215529 0.000490 0.257050
2 2 0.004851 0.184790 0.664609 0.002186 0.143564
1 2 0.023608 0.369299 0.311282 0.000854 0.294957
1 4 0.043994 0.423218 0.145515 0.000376 0.386896
4 4 0.020991 0.368084 0.105339 0.000148 0.505437
4 4 0.025366 0.394709 0.135614 0.000217 0.444095
4 4 0.070245 0.341097 0.074522 0.000638 0.513497
4 4 0.023854 0.350344 0.087049 0.000159 0.538593
1 4 0.225128 0.435730 0.045867 0.000260 0.293015
4 4 0.020732 0.345829 0.086912 0.000137 0.546390
4 4 0.017917 0.276198 0.128271 0.000641 0.576973
4 4 0.025747 0.374407 0.083189 0.000119 0.516539
4 4 0.028311 0.383924 0.077960 0.000107 0.509698
4 4 0.032939 0.278862 0.056737 0.000321 0.631142
4 4 0.033010 0.337963 0.072675 0.000216 0.556136
4 4 0.024957 0.073379 0.025673 0.001502 0.874489
4 4 0.034792 0.337648 0.062997 0.000178 0.564385
4 4 0.008941 0.189354 0.049468 0.000183 0.752054
4 4 0.012968 0.246827 0.045119 0.000086 0.695001
4 4 0.006729 0.144567 0.047051 0.000332 0.801321
4 4 0.008409 0.183487 0.048110 0.000180 0.759815
4 4 0.018632 0.190851 0.036420 0.000291 0.753806
1 4 0.137908 0.441134 0.025850 0.000051 0.395057
4 4 0.007180 0.173572 0.042877 0.000142 0.776230
4 4 0.009085 0.156496 0.031171 0.000164 0.803084
4 4 0.005237 0.078734 0.022803 0.000393 0.892834
4 4 0.012568 0.208443 0.031077 0.000080 0.747832
4 4 0.008167 0.041581 0.012377 0.000503 0.937373
4 4 0.014470 0.019776 0.007071 0.000994 0.957689
4 4 0.009919 0.196726 0.033316 0.000082 0.759957
4 4 0.007421 0.149860 0.029251 0.000126 0.813341
4 4 0.011483 0.142439 0.035949 0.000464 0.809666
4 4 0.019389 0.200639 0.037574 0.000267 0.742132
4 4 0.010108 0.154656 0.032674 0.000223 0.802339
4 4 0.008119 0.026183 0.009208 0.000712 0.955777
4 4 0.008334 0.036060 0.016041 0.001335 0.938230
4 4 0.007508 0.147090 0.032243 0.000169 0.812990
4 4 0.007753 0.103243 0.025382 0.000338 0.863283
4 4 0.051557 0.272307 0.055443 0.000655 0.620038
4 4 0.011307 0.176399 0.023407 0.000077 0.788810
4 4 0.011420 0.203007 0.051703 0.000216 0.733654
4 4 0.008969 0.115786 0.021853 0.000195 0.853198
4 4 0.007301 0.094885 0.024119 0.000352 0.873344
4 4 0.006645 0.132344 0.050960 0.000552 0.809498
4 4 0.011217 0.161005 0.019086 0.000073 0.808619
4 4 0.017801 0.177424 0.037851 0.000401 0.766523
4 4 0.013278 0.208092 0.060323 0.000333 0.717975
4 4 0.010093 0.059591 0.017603 0.000581 0.912131
4 4 0.012322 0.165424 0.026249 0.000145 0.795860
4 4 0.008891 0.049214 0.009373 0.000181 0.932342
4 4 0.006059 0.051889 0.015328 0.000428 0.926296
4 4 0.011279 0.162397 0.018567 0.000067 0.807689
4 4 0.010406 0.146862 0.029381 0.000232 0.813118
4 4 0.007228 0.044991 0.011160 0.000303 0.936318
4 4 0.007339 0.050346 0.014693 0.000461 0.927161
4 4 0.010789 0.176546 0.034946 0.000162 0.777557
4 4 0.007365 0.128918 0.021592 0.000124 0.842001
4 4 0.084840 0.394260 0.070544 0.000364 0.449991
4 1 0.029722 0.319071 0.112571 0.000553 0.538083
4 4 0.010703 0.242337 0.083403 0.000234 0.663323
4 4 0.012457 0.277776 0.092629 0.000197 0.616941
4 4 0.006662 0.140673 0.057609 0.000551 0.794505
4 4 0.006965 0.149585 0.057420 0.000454 0.785575
4 4 0.011855 0.217072 0.054621 0.000192 0.716260
4 4 0.011564 0.234990 0.064837 0.000184 0.688425
4 4 0.006878 0.137563 0.044112 0.000370 0.811076
4 4 0.012840 0.263589 0.067784 0.000142 0.655645
4 4 0.012526 0.249676 0.077650 0.000227 0.659921
4 4 0.010076 0.251534 0.088996 0.000205 0.649189
4 4 0.013796 0.256413 0.067890 0.000180 0.661722
4 4 0.009880 0.226840 0.064720 0.000168 0.698392
4 4 0.046703 0.334696 0.085816 0.000515 0.532270
4 4 0.010856 0.268535 0.097880 0.000206 0.622522
4 4 0.007982 0.220616 0.083020 0.000223 0.688158
4 4 0.010483 0.249479 0.081625 0.000191 0.658222
4 4 0.015520 0.275034 0.085636 0.000247 0.623562
1 1 0.240235 0.419412 0.071634 0.000815 0.267903
4 1 0.005354 0.239413 0.161880 0.000293 0.593060
4 1 0.004165 0.219321 0.255053 0.000615 0.520846
4 1 0.011745 0.322328 0.217573 0.000399 0.447955
4 4 0.006804 0.280809 0.178103 0.000242 0.534042
4 4 0.007310 0.265383 0.176206 0.000344 0.550758
4 4 0.004034 0.173518 0.118047 0.000429 0.703972
4 4 0.005223 0.216806 0.129801 0.000293 0.647877
4 4 0.004521 0.166070 0.114253 0.000579 0.714578
4 4 0.005405 0.216150 0.142243 0.000370 0.635833
4 4 0.010670 0.251306 0.249359 0.001353 0.487311
4 4 0.004408 0.235309 0.179148 0.000279 0.580856
4 4 0.004731 0.226637 0.163441 0.000314 0.604877
4 4 0.005131 0.220604 0.148361 0.000337 0.625567
4 4 0.007083 0.261614 0.141579 0.000239 0.589485
4 4 0.004845 0.232634 0.150480 0.000251 0.611791
4 4 0.008635 0.296959 0.201221 0.000328 0.492856
4 4 0.004462 0.213303 0.164753 0.000379 0.617102
4 4 0.004621 0.230547 0.143455 0.000223 0.621154
4 4 0.006000 0.250526 0.195898 0.000393 0.547184
4 4 0.006244 0.230443 0.133309 0.000310 0.629695
4 4 0.004650 0.113445 0.032168 0.000236 0.849502
4 4 0.009146 0.194798 0.055138 0.000209 0.740710
4 4 0.010045 0.205808 0.042116 0.000111 0.741920
4 4 0.006330 0.162716 0.045597 0.000173 0.785183
4 4 0.007238 0.166848 0.043452 0.000174 0.782288
4 4 0.006606 0.145856 0.043047 0.000260 0.804230
4 4 0.010756 0.034403 0.010913 0.000672 0.943257
4 4 0.005336 0.106202 0.020131 0.000145 0.868186
4 4 0.004181 0.087782 0.025697 0.000358 0.881982
4 4 0.006289 0.121196 0.050156 0.000706 0.821653
4 4 0.004470 0.021926 0.008133 0.000564 0.964907
4 4 0.004917 0.042166 0.008033 0.000127 0.944757
4 4 0.203097 0.155523 0.019107 0.000387 0.621885
4 4 0.032028 0.212084 0.057397 0.000978 0.697513
4 4 0.008134 0.162549 0.036865 0.000166 0.792286
4 4 0.009313 0.185978 0.050015 0.000215 0.754479
4 4 0.004985 0.107655 0.024736 0.000189 0.862435
4 4 0.014544 0.216165 0.055343 0.000273 0.713675
4 4 0.009765 0.173936 0.037647 0.000173 0.778480
4 4 0.012033 0.218920 0.040326 0.000103 0.728618
4 4 0.004433 0.180616 0.227136 0.001326 0.586489
4 4 0.010736 0.290270 0.226921 0.000610 0.471463
4 4 0.005962 0.246214 0.243946 0.000593 0.503284
4 4 0.005375 0.222638 0.269177 0.000919 0.501890
4 4 0.005074 0.234377 0.302697 0.000780 0.457072
4 4 0.005718 0.257813 0.287408 0.000565 0.448497
4 4 0.006706 0.277739 0.285300 0.000503 0.429753
4 4 0.006113 0.279802 0.289004 0.000429 0.424654
4 2 0.005999 0.252240 0.336403 0.000808 0.404549
4 2 0.004982 0.217002 0.254521 0.000847 0.522649
4 2 0.006263 0.254713 0.274328 0.000646 0.464051
4 2 0.005567 0.202687 0.303521 0.001734 0.486490
4 2 0.004301 0.230049 0.252612 0.000515 0.512522
4 2 0.004578 0.171158 0.301117 0.002668 0.520480
2 2 0.003659 0.155564 0.440715 0.004299 0.395763
2 2 0.002592 0.155390 0.468435 0.002649 0.370935
2 2 0.000719 0.096603 0.704919 0.002444 0.195316
2 2 0.001040 0.096683 0.716161 0.004074 0.182042
4 2 0.005606 0.250694 0.299529 0.000658 0.443513
2 2 0.003293 0.183555 0.571809 0.001733 0.239610
2 2 0.009796 0.283851 0.526701 0.000977 0.178675
2 2 0.001889 0.111258 0.807909 0.002503 0.076442
2 2 0.000695 0.082271 0.838150 0.001902 0.076983
2 2 0.001245 0.090481 0.831684 0.002995 0.073595
2 2 0.000661 0.066874 0.867471 0.003215 0.061779
2 2 0.002914 0.128991 0.690697 0.005560 0.171838
2 2 0.000588 0.048335 0.914336 0.004637 0.032103
2 2 0.002066 0.134821 0.723592 0.002271 0.137250
2 2 0.005989 0.217576 0.602578 0.001640 0.172217
2 2 0.000778 0.068560 0.855057 0.004372 0.071232
2 2 0.001000 0.089025 0.837523 0.002175 0.070277
2 2 0.000048 0.015677 0.970965 0.002290 0.011020
2 2 0.000359 0.051820 0.899692 0.002496 0.045633
2 2 0.007420 0.197030 0.632734 0.003383 0.159433
2 2 0.000031 0.013184 0.974069 0.002224 0.010491
2 2 0.000885 0.082234 0.831332 0.002976 0.082573
2 2 0.001649 0.114857 0.771460 0.002573 0.109461
2 2 0.001065 0.063944 0.902033 0.003388 0.029570
1 1 0.372820 0.407649 0.152907 0.002802 0.063821
2 2 0.026705 0.350894 0.485891 0.001185 0.135325
2 2 0.004163 0.188025 0.738185 0.000784 0.068842
2 2 0.058311 0.357188 0.466013 0.003452 0.115037
2 2 0.007504 0.253835 0.669809 0.000485 0.068367
2 2 0.000349 0.037295 0.952693 0.001143 0.008520
2 2 0.000543 0.059920 0.913682 0.001251 0.024605
2 2 0.000440 0.044343 0.938017 0.001722 0.015478
2 2 0.000145 0.024630 0.959440 0.002648 0.013138
2 2 0.000443 0.042089 0.934891 0.002886 0.019690
2 2 0.000326 0.042381 0.943011 0.001069 0.013212
2 2 0.000513 0.041573 0.943299 0.002156 0.012459
2 2 0.001781 0.115070 0.856305 0.000576 0.026267
2 2 0.000572 0.043317 0.940502 0.002340 0.013268
2 2 0.000643 0.067192 0.913823 0.000679 0.017663
2 2 0.000386 0.036310 0.942683 0.003536 0.017085
2 2 0.000620 0.044821 0.939389 0.002236 0.012934
2 2 0.000674 0.053958 0.919189 0.002538 0.023641
2 2 0.005169 0.172379 0.771142 0.001127 0.050183
2 2 0.000290 0.033254 0.954444 0.001721 0.010291
2 2 0.000423 0.036496 0.928194 0.007174 0.027713
2 2 0.001132 0.056472 0.923113 0.002971 0.016312
2 2 0.000636 0.040272 0.931819 0.006848 0.020426
2 2 0.000229 0.023834 0.967144 0.002909 0.005883
2 2 0.000660 0.044170 0.924904 0.005730 0.024537
2 2 0.000079 0.015533 0.971983 0.004347 0.008058
2 2 0.001548 0.048617 0.931632 0.007238 0.010964
2 2 0.000425 0.027011 0.961895 0.004989 0.005680
2 2 0.000890 0.049484 0.915433 0.006617 0.027577
2 2 0.000244 0.030334 0.951931 0.002925 0.014566
2 2 0.000031 0.007519 0.985259 0.005055 0.002136
2 2 0.000260 0.030069 0.938287 0.006444 0.024941
2 2 0.000275 0.016847 0.969630 0.010218 0.003030
2 2 0.000371 0.036087 0.946298 0.002776 0.014467
2 2 0.000784 0.039062 0.925605 0.012755 0.021794
2 2 0.000426 0.031953 0.942799 0.007940 0.016882
2 2 0.000513 0.030014 0.935351 0.016301 0.017821
2 2 0.001087 0.036182 0.917452 0.027305 0.017974
2 2 0.000347 0.033609 0.940111 0.005255 0.020678
2 2 0.001988 0.044527 0.892749 0.038620 0.022115
2 2 0.000112 0.012538 0.968772 0.013631 0.004948
2 2 0.000482 0.018503 0.955986 0.021623 0.003407
2 2 0.002729 0.042748 0.854944 0.077615 0.021964
2 2 0.000568 0.016061 0.890243 0.087707 0.005420
2 2 0.001930 0.034178 0.863751 0.083889 0.016252
2 2 0.000519 0.011666 0.800755 0.183058 0.004001
2 2 0.000264 0.008596 0.916325 0.073586 0.001229
2 2 0.000389 0.011202 0.893436 0.092540 0.002433
2 2 0.002138 0.027930 0.767478 0.187129 0.015325
2 3 0.001087 0.019807 0.754524 0.211486 0.013095
2 3 0.001742 0.018049 0.632314 0.338679 0.009216
2 3 0.003811 0.031626 0.719419 0.231425 0.013719
2 3 0.003044 0.056305 0.893415 0.026303 0.020934
2 2 0.000127 0.007961 0.951103 0.039198 0.001611
2 2 0.000335 0.013064 0.945753 0.038380 0.002469
2 2 0.000403 0.014831 0.910358 0.069061 0.005346
2 2 0.000762 0.015851 0.839774 0.138319 0.005293
2 2 0.002846 0.042253 0.868161 0.069434 0.017305
