0 0 0.861604 0.055452 0.006759 0.000516 0.075669
0 0 0.815278 0.052280 0.003693 0.000117 0.128632
0 0 0.837281 0.054189 0.003596 0.000073 0.104861
0 0 0.613249 0.222436 0.013580 0.000011 0.150723
0 0 0.645420 0.203711 0.009153 0.000004 0.141711
0 0 0.630394 0.218819 0.010775 0.000005 0.140008
0 0 0.567610 0.278134 0.016232 0.000006 0.138018
0 0 0.462860 0.368579 0.017243 0.000002 0.151316
0 0 0.605908 0.258847 0.014709 0.000005 0.120531
1 0 0.353194 0.465903 0.024621 0.000001 0.156282
1 0 0.410764 0.450330 0.022077 0.000001 0.116829
0 0 0.460970 0.390519 0.019979 0.000002 0.128531
1 0 0.157543 0.664431 0.045518 0.000001 0.132507
0 0 0.707254 0.193759 0.009028 0.000003 0.089956
1 0 0.382508 0.417219 0.024462 0.000003 0.175809
0 0 0.565642 0.268539 0.017471 0.000010 0.148339
0 0 0.793235 0.071030 0.003896 0.000031 0.131807
0 0 0.471522 0.346593 0.017551 0.000003 0.164332
0 0 0.623735 0.214726 0.014381 0.000016 0.147143
0 0 0.629383 0.227599 0.013062 0.000007 0.129949
1 1 0.151011 0.589899 0.038500 0.000001 0.220589
0 1 0.589612 0.264530 0.012810 0.000003 0.133045
1 1 0.266985 0.491342 0.029898 0.000002 0.211772
1 1 0.188650 0.597536 0.033131 0.000001 0.180681
0 0 0.680416 0.154850 0.044742 0.004970 0.115021
0 0 0.830962 0.071531 0.016611 0.004298 0.076597
0 0 0.549334 0.224417 0.038042 0.000574 0.187632
0 0 0.750825 0.152016 0.009742 0.000014 0.087404
0 0 0.490433 0.329682 0.023524 0.000010 0.156351
1 0 0.142589 0.624334 0.041064 0.000001 0.192012
0 0 0.419865 0.403133 0.021050 0.000002 0.155950
1 1 0.051912 0.728173 0.069268 0.000001 0.150645
1 1 0.051135 0.753524 0.062186 0.000000 0.133155
1 1 0.117595 0.640818 0.050847 0.000002 0.190738
1 1 0.045840 0.704194 0.066005 0.000001 0.183960
1 1 0.045907 0.705605 0.065947 0.000001 0.182539
1 2 0.037850 0.684192 0.087605 0.000002 0.190351
1 2 0.053869 0.657190 0.078036 0.000004 0.210902
1 1 0.112074 0.705770 0.043814 0.000000 0.138343
1 2 0.038484 0.644779 0.089150 0.000003 0.227583
2 2 0.001194 0.167908 0.470009 0.000398 0.360491
2 2 0.001956 0.129171 0.672141 0.003642 0.193090
2 2 0.000426 0.054667 0.885158 0.003766 0.055983
2 2 0.001322 0.143490 0.620771 0.001230 0.233186
2 2 0.000357 0.084803 0.791296 0.000793 0.122750
2 2 0.000282 0.039676 0.921034 0.004384 0.034624
2 2 0.000175 0.029833 0.940353 0.004244 0.025395
2 2 0.000240 0.044532 0.907799 0.002517 0.044912
2 2 0.000234 0.032512 0.934906 0.005478 0.026870
2 2 0.000515 0.099639 0.749980 0.000890 0.148975
2 2 0.000126 0.015480 0.960847 0.013251 0.010297
2 2 0.000445 0.103819 0.732010 0.000601 0.163126
2 2 0.000364 0.033896 0.929903 0.010034 0.025803
2 2 0.000403 0.078253 0.826453 0.001214 0.093678
2 2 0.000216 0.031924 0.935845 0.005050 0.026964
2 2 0.000324 0.045843 0.904455 0.003874 0.045504
2 2 0.000127 0.009785 0.945660 0.039515 0.004914
2 2 0.000863 0.044162 0.894728 0.021830 0.038417
2 2 0.000294 0.042306 0.914326 0.004024 0.039050
2 2 0.000056 0.006297 0.959645 0.031066 0.002936
3 2 0.001286 0.004466 0.217164 0.774319 0.002764
2 2 0.003290 0.024641 0.575246 0.382436 0.014387
3 2 0.000659 0.003746 0.282663 0.711057 0.001874
3 2 0.003196 0.016434 0.412696 0.558099 0.009575
3 2 0.002394 0.007245 0.225600 0.760088 0.004673
3 2 0.000954 0.002791 0.163607 0.830837 0.001811
3 2 0.000764 0.002218 0.152283 0.843279 0.001455
2 2 0.010240 0.047737 0.498415 0.405208 0.038400
3 2 0.002095 0.006242 0.224817 0.762539 0.004308
3 2 0.007094 0.014461 0.219297 0.746893 0.012255
3 3 0.001920 0.003357 0.118921 0.873132 0.002672
3 3 0.002263 0.003993 0.127154 0.863408 0.003181
3 3 0.002821 0.004189 0.115938 0.873395 0.003656
3 3 0.000279 0.000626 0.078286 0.920378 0.000431
3 3 0.001343 0.001858 0.082311 0.912853 0.001634
3 3 0.001938 0.005632 0.206959 0.781708 0.003764
3 3 0.000920 0.001655 0.093447 0.902714 0.001264
3 3 0.001749 0.002621 0.098427 0.894965 0.002238
3 3 0.001178 0.001601 0.077007 0.918801 0.001413
3 3 0.000941 0.001308 0.072406 0.924213 0.001132
3 3 0.002315 0.002303 0.071893 0.921066 0.002423
3 3 0.001801 0.001727 0.062959 0.931679 0.001833
3 3 0.002088 0.001999 0.066459 0.927319 0.002135
3 3 0.001185 0.000910 0.042618 0.954228 0.001060
3 3 0.000928 0.000615 0.033215 0.964479 0.000763
3 3 0.001449 0.001434 0.059953 0.935677 0.001487
3 3 0.000515 0.000512 0.040619 0.957844 0.000511
3 3 0.001574 0.001821 0.072717 0.922132 0.001756
3 3 0.000937 0.000876 0.047864 0.949404 0.000920
3 3 0.001525 0.001015 0.040381 0.955800 0.001279
3 3 0.002248 0.002764 0.088288 0.904079 0.002621
3 3 0.001308 0.001946 0.087775 0.907322 0.001650
3 3 0.001035 0.001825 0.099034 0.896641 0.001466
3 3 0.002625 0.002766 0.079894 0.911871 0.002843
3 3 0.003398 0.004014 0.098608 0.890041 0.003940
3 3 0.000780 0.000894 0.055241 0.942239 0.000845
3 3 0.001760 0.001242 0.045347 0.950123 0.001529
3 3 0.001328 0.001218 0.053601 0.942545 0.001307
3 3 0.001419 0.001328 0.056147 0.939690 0.001415
3 3 0.001259 0.001261 0.057587 0.938600 0.001294
3 3 0.001577 0.001071 0.041784 0.954229 0.001338
3 3 0.000849 0.000546 0.031084 0.966835 0.000686
3 3 0.000613 0.000381 0.026459 0.972066 0.000481
3 3 0.001371 0.001122 0.048189 0.948044 0.001274
3 3 0.000979 0.000639 0.033349 0.964233 0.000800
3 3 0.002811 0.001839 0.050065 0.942895 0.002389
3 3 0.001432 0.000672 0.027260 0.969632 0.001003
3 3 0.001562 0.000999 0.039098 0.957055 0.001286
3 3 0.000882 0.000591 0.032926 0.964872 0.000728
3 3 0.000852 0.000478 0.026922 0.971108 0.000641
3 3 0.001542 0.000775 0.030138 0.966426 0.001120
3 3 0.000634 0.000434 0.029710 0.968698 0.000523
3 3 0.002793 0.002354 0.064978 0.927171 0.002703
3 3 0.000894 0.000481 0.026231 0.971734 0.000660
3 3 0.002707 0.001703 0.047375 0.945963 0.002252
3 3 0.003331 0.002741 0.067689 0.923035 0.003204
3 3 0.000847 0.000437 0.024592 0.973513 0.000611
3 3 0.000626 0.000436 0.030072 0.968344 0.000521
3 3 0.001041 0.000523 0.025909 0.971782 0.000746
3 3 0.000776 0.000536 0.032401 0.965638 0.000648
3 3 0.000372 0.000462 0.045314 0.953443 0.000409
3 3 0.000756 0.000539 0.033188 0.964875 0.000641
3 3 0.000494 0.000421 0.033969 0.964664 0.000452
3 3 0.000772 0.000684 0.042042 0.955770 0.000732
3 3 0.000418 0.000444 0.040226 0.958487 0.000426
3 3 0.000988 0.001000 0.053114 0.943885 0.001012
3 3 0.007098 0.010548 0.159939 0.812888 0.009527
3 3 0.008176 0.015563 0.211015 0.752690 0.012556
3 2 0.009521 0.040085 0.457427 0.463559 0.029408
3 2 0.000870 0.005017 0.312014 0.679578 0.002521
2 2 0.005196 0.043649 0.662629 0.258192 0.030334
2 2 0.002843 0.018544 0.498708 0.469743 0.010162
3 2 0.001910 0.012006 0.428301 0.551550 0.006232
3 2 0.000684 0.005895 0.421629 0.569185 0.002607
2 2 0.010527 0.049036 0.501924 0.399372 0.039141
3 2 0.002134 0.012574 0.416032 0.562605 0.006655
3 2 0.001434 0.007195 0.316748 0.670777 0.003846
3 2 0.003127 0.016900 0.430354 0.540139 0.009480
3 2 0.006687 0.020167 0.303534 0.655850 0.013763
3 2 0.002290 0.011503 0.369315 0.610469 0.006422
3 2 0.005608 0.013398 0.238358 0.732669 0.009967
3 2 0.001793 0.008629 0.337092 0.647541 0.004946
3 2 0.001240 0.004460 0.218719 0.772913 0.002668
3 2 0.002077 0.008340 0.285813 0.698912 0.004859
3 2 0.001175 0.003895 0.198823 0.793693 0.002414
3 2 0.001642 0.005831 0.239915 0.749011 0.003601
3 2 0.001059 0.003424 0.182865 0.810575 0.002077
3 2 0.000429 0.004910 0.482084 0.510555 0.002021
3 2 0.000825 0.003068 0.198114 0.796200 0.001793
3 3 0.001809 0.003676 0.136765 0.854997 0.002753
3 3 0.001640 0.008227 0.336257 0.649333 0.004544
3 3 0.003210 0.008818 0.231280 0.750533 0.006159
3 3 0.001943 0.005773 0.216256 0.772103 0.003924
3 3 0.000773 0.002109 0.138616 0.857134 0.001368
3 3 0.001883 0.004618 0.169422 0.820849 0.003228
3 3 0.000805 0.000975 0.059183 0.938139 0.000898
3 3 0.002302 0.005233 0.169067 0.819569 0.003829
3 3 0.000715 0.001349 0.089362 0.907577 0.000997
3 3 0.003679 0.004674 0.109154 0.878051 0.004443
3 3 0.000964 0.001505 0.082324 0.913974 0.001233
3 3 0.000984 0.000898 0.047584 0.949578 0.000956
3 3 0.002630 0.002436 0.070022 0.922247 0.002666
3 3 0.001555 0.002602 0.108662 0.885013 0.002168
3 3 0.001322 0.001296 0.057338 0.938698 0.001346
3 3 0.001306 0.001241 0.055246 0.940899 0.001308
3 3 0.003337 0.002786 0.068740 0.921902 0.003235
3 3 0.004331 0.003526 0.073794 0.914166 0.004183
3 3 0.002263 0.001638 0.051244 0.942845 0.002010
3 3 0.000739 0.000735 0.046676 0.951107 0.000743
3 3 0.002915 0.002130 0.056954 0.935374 0.002626
3 3 0.003695 0.002336 0.053554 0.937299 0.003116
3 3 0.001961 0.001360 0.046401 0.948583 0.001695
3 3 0.000838 0.000486 0.027740 0.970294 0.000641
3 3 0.009950 0.006661 0.081778 0.892652 0.008959
3 2 0.002284 0.002917 0.092308 0.899774 0.002717
3 2 0.025160 0.053946 0.341455 0.536598 0.042841
2 2 0.017915 0.064806 0.463190 0.402885 0.051204
2 2 0.003496 0.020759 0.485471 0.478502 0.011771
3 2 0.001833 0.009689 0.362987 0.620228 0.005263
2 2 0.001612 0.012734 0.504771 0.474508 0.006375
2 2 0.019262 0.195283 0.698779 0.012434 0.074242
2 2 0.001398 0.174409 0.715231 0.000260 0.108702
2 2 0.000373 0.035086 0.939946 0.006368 0.018227
1 0 0.091551 0.379992 0.310944 0.006688 0.210825
2 1 0.001258 0.203238 0.692452 0.000083 0.102969
2 2 0.000848 0.118094 0.786761 0.000706 0.093591
2 2 0.000356 0.039007 0.922562 0.006663 0.031411
2 2 0.000340 0.042350 0.918083 0.004883 0.034344
2 2 0.000724 0.074137 0.865978 0.002754 0.056408
2 2 0.000942 0.120531 0.789532 0.000732 0.088263
2 2 0.000361 0.050322 0.902643 0.003381 0.043292
2 2 0.000651 0.041288 0.916266 0.013685 0.028110
2 2 0.000835 0.114985 0.747371 0.001141 0.135668
2 2 0.000309 0.018423 0.952064 0.022109 0.007095
2 2 0.000046 0.011176 0.980021 0.003865 0.004892
2 2 0.000191 0.016834 0.954413 0.019316 0.009245
2 2 0.000726 0.088781 0.804104 0.002264 0.104125
2 2 0.000174 0.032518 0.941346 0.003058 0.022904
2 2 0.000287 0.057341 0.885205 0.001624 0.055543
2 2 0.000986 0.073181 0.857290 0.005895 0.062649
4 2 0.000196 0.130394 0.333618 0.000026 0.535766
2 2 0.000090 0.112622 0.528134 0.000022 0.359132
4 2 0.000177 0.131802 0.294168 0.000016 0.573837
4 2 0.000211 0.123042 0.200272 0.000015 0.676460
4 2 0.000549 0.123808 0.099014 0.000018 0.776611
4 2 0.000157 0.110464 0.141013 0.000006 0.748359
4 2 0.000180 0.123754 0.232052 0.000014 0.643999
4 2 0.000242 0.147581 0.297437 0.000017 0.554722
4 2 0.000492 0.186423 0.208675 0.000009 0.604401
4 2 0.000291 0.137560 0.354031 0.000048 0.508070
4 4 0.000394 0.148566 0.159291 0.000011 0.691737
4 4 0.000236 0.108230 0.073349 0.000003 0.818181
4 4 0.000231 0.108127 0.110513 0.000009 0.781119
4 4 0.000204 0.107635 0.115983 0.000008 0.776170
4 4 0.000165 0.105597 0.120495 0.000006 0.773737
4 4 0.000197 0.132117 0.156593 0.000005 0.711088
4 4 0.001305 0.308184 0.187595 0.000003 0.502912
4 4 0.000593 0.155331 0.118459 0.000010 0.725607
4 4 0.000426 0.197461 0.125118 0.000002 0.676994
4 4 0.000201 0.100033 0.082010 0.000005 0.817751
4 4 0.001082 0.083307 0.024278 0.000015 0.891317
4 4 0.001576 0.291425 0.222542 0.000009 0.484448
4 4 0.000397 0.223532 0.238410 0.000003 0.537658
2 4 0.000924 0.284179 0.360305 0.000008 0.354585
4 4 0.001206 0.292775 0.204124 0.000004 0.501890
4 4 0.000679 0.179329 0.135323 0.000008 0.684662
4 4 0.001597 0.334326 0.246095 0.000005 0.417976
4 4 0.000804 0.239897 0.227947 0.000008 0.531346
4 4 0.001088 0.157985 0.067450 0.000008 0.773468
4 4 0.000443 0.154314 0.266498 0.000035 0.578710
4 4 0.000238 0.129406 0.242646 0.000022 0.627688
1 2 0.009378 0.415033 0.168774 0.000021 0.406793
4 2 0.000329 0.144384 0.224700 0.000020 0.630568
2 2 0.000173 0.119641 0.560846 0.000060 0.319279
1 2 0.002446 0.358333 0.283663 0.000010 0.355548
2 2 0.000210 0.128509 0.481717 0.000054 0.389510
2 2 0.000276 0.165439 0.487733 0.000023 0.346529
2 2 0.000092 0.115632 0.729283 0.000015 0.154978
2 2 0.000213 0.118416 0.602151 0.000096 0.279124
2 2 0.000297 0.159501 0.514457 0.000034 0.325710
2 2 0.000156 0.051133 0.912244 0.000511 0.035956
2 2 0.000440 0.131805 0.745771 0.000135 0.121848
2 2 0.003668 0.060161 0.903484 0.020246 0.012441
2 2 0.000942 0.146116 0.777008 0.000216 0.075719
2 2 0.000986 0.137506 0.792885 0.000294 0.068329
2 2 0.000390 0.077017 0.842144 0.001071 0.079378
2 2 0.000626 0.111239 0.828677 0.000302 0.059156
2 2 0.000268 0.058261 0.900071 0.000890 0.040510
2 2 0.000352 0.019954 0.934853 0.034160 0.010682
2 2 0.000635 0.116884 0.794956 0.000385 0.087140
2 2 0.000102 0.045896 0.924033 0.000308 0.029661
2 2 0.000178 0.046215 0.934977 0.000456 0.018173
2 2 0.000851 0.135368 0.681028 0.000615 0.182138
2 2 0.000325 0.027650 0.958022 0.005519 0.008483
2 2 0.000247 0.085931 0.821655 0.000316 0.091852
2 2 0.000291 0.068034 0.870483 0.000748 0.060444
2 2 0.000306 0.045715 0.922321 0.002211 0.029447
2 2 0.000353 0.099486 0.804624 0.000310 0.095226
2 2 0.000463 0.071090 0.875130 0.001307 0.052010
2 2 0.007808 0.104005 0.849983 0.014290 0.023915
1 0 0.038855 0.528654 0.256410 0.000105 0.175976
2 1 0.003747 0.390026 0.427793 0.000017 0.178418
1 0 0.054406 0.523851 0.225891 0.000181 0.195671
1 0 0.056911 0.625078 0.149699 0.000022 0.168289
1 1 0.009650 0.499235 0.309829 0.000014 0.181272
1 1 0.055146 0.575774 0.152809 0.000047 0.216224
2 2 0.002579 0.314884 0.496178 0.000037 0.186321
2 2 0.002245 0.301905 0.535288 0.000034 0.160527
2 2 0.000168 0.048689 0.914245 0.000704 0.036195
2 2 0.000705 0.152973 0.745390 0.000127 0.100806
2 2 0.000348 0.075111 0.858299 0.000739 0.065503
2 2 0.000544 0.122184 0.765312 0.000288 0.111672
2 2 0.000646 0.076978 0.860001 0.001875 0.060500
2 2 0.000426 0.069029 0.860737 0.001759 0.068049
2 2 0.000810 0.145016 0.711331 0.000314 0.142529
2 2 0.000569 0.123218 0.758670 0.000316 0.117226
2 2 0.000275 0.084349 0.824817 0.000386 0.090174
2 2 0.000235 0.095201 0.800846 0.000189 0.103528
2 2 0.000189 0.027848 0.952387 0.004032 0.015543
2 2 0.005791 0.317750 0.553452 0.000135 0.122871
2 2 0.000545 0.022795 0.914946 0.049331 0.012382
2 2 0.000900 0.045804 0.893113 0.021039 0.039144
2 2 0.000431 0.049420 0.901517 0.004890 0.043743
2 2 0.000200 0.015575 0.949827 0.025905 0.008493
2 2 0.001518 0.085215 0.814823 0.008942 0.089502
2 2 0.000244 0.014815 0.936445 0.040572 0.007923
2 2 0.001159 0.033053 0.873977 0.068856 0.022956
2 2 0.000447 0.024681 0.929331 0.030552 0.014989
2 2 0.001300 0.071521 0.844328 0.011496 0.071355
2 2 0.001275 0.062315 0.862895 0.016209 0.057306
2 2 0.000816 0.058625 0.877515 0.009083 0.053961
2 2 0.000218 0.008194 0.867851 0.120698 0.003039
2 2 0.000319 0.017212 0.929254 0.043500 0.009714
2 2 0.001609 0.027199 0.795849 0.159370 0.015973
2 2 0.000555 0.007403 0.586813 0.402045 0.003185
2 2 0.000912 0.014511 0.721943 0.255000 0.007633
2 2 0.001780 0.048079 0.862523 0.052566 0.035052
2 2 0.001296 0.030856 0.850163 0.096034 0.021652
2 2 0.002484 0.029211 0.709001 0.239436 0.019868
2 2 0.000511 0.012513 0.810555 0.170127 0.006295
3 2 0.000852 0.006384 0.405562 0.584132 0.003070
3 2 0.001045 0.007071 0.388488 0.599902 0.003494
3 2 0.001095 0.007899 0.417048 0.570110 0.003848
3 2 0.000523 0.003115 0.281491 0.713306 0.001565
3 2 0.001063 0.002878 0.155298 0.838847 0.001914
3 2 0.002160 0.011657 0.381658 0.598306 0.006218
3 2 0.000742 0.003460 0.253851 0.739967 0.001980
3 2 0.000612 0.004170 0.328687 0.664576 0.001955
3 2 0.003393 0.005823 0.142760 0.843253 0.004771
3 2 0.001826 0.004110 0.156770 0.834249 0.003045
3 2 0.001155 0.003708 0.202294 0.790362 0.002482
3 2 0.004534 0.011622 0.236315 0.739289 0.008240
3 2 0.003228 0.004345 0.110350 0.878080 0.003997
3 3 0.002547 0.003105 0.091635 0.899742 0.002971
3 3 0.002106 0.002552 0.084908 0.908003 0.002432
3 3 0.001731 0.001886 0.070790 0.923715 0.001879
3 3 0.001139 0.001599 0.078548 0.917327 0.001388
3 3 0.002366 0.001999 0.061212 0.932143 0.002279
3 3 0.003509 0.003500 0.084053 0.905204 0.003734
3 3 0.001271 0.001111 0.050133 0.946267 0.001218
3 3 0.002850 0.001999 0.054105 0.938534 0.002512
3 3 0.004339 0.003602 0.075333 0.912492 0.004233
3 3 0.001175 0.000813 0.038096 0.958919 0.000997
3 3 0.002282 0.001724 0.053770 0.940151 0.002073
3 3 0.002882 0.002166 0.058371 0.933949 0.002632
3 3 0.001550 0.001641 0.065932 0.929226 0.001651
3 3 0.001287 0.001151 0.051593 0.944720 0.001249
3 3 0.002337 0.001600 0.048938 0.945105 0.002020
3 3 0.001940 0.001314 0.045097 0.949993 0.001656
3 3 0.001625 0.001477 0.057325 0.937970 0.001603
3 3 0.000900 0.000878 0.049342 0.947977 0.000902
3 3 0.002048 0.001751 0.058697 0.935529 0.001975
3 3 0.001115 0.000718 0.034590 0.962667 0.000910
3 3 0.000882 0.000543 0.030114 0.967764 0.000697
3 3 0.001713 0.001149 0.042562 0.953126 0.001449
3 3 0.000910 0.000469 0.025243 0.972720 0.000657
3 3 0.001377 0.000982 0.041754 0.954695 0.001192
3 3 0.000478 0.000256 0.020539 0.978382 0.000345
3 3 0.001073 0.000521 0.025241 0.972409 0.000756
3 3 0.000932 0.000640 0.034584 0.963063 0.000781
3 3 0.000944 0.000326 0.016723 0.981450 0.000556
3 3 0.003354 0.001528 0.036617 0.956118 0.002383
3 3 0.002079 0.001143 0.037194 0.957984 0.001599
3 3 0.003240 0.001943 0.048238 0.943932 0.002647
3 3 0.001820 0.000789 0.027501 0.968656 0.001233
3 3 0.002570 0.001459 0.041690 0.952257 0.002024
3 3 0.000684 0.000419 0.027190 0.971172 0.000535
3 3 0.002604 0.001220 0.034244 0.960071 0.001860
3 3 0.005531 0.002728 0.048092 0.939483 0.004166
3 3 0.001223 0.000640 0.028796 0.968440 0.000900
3 3 0.000861 0.000363 0.019941 0.978276 0.000560
3 3 0.004005 0.002074 0.044817 0.946046 0.003058
3 3 0.000932 0.000448 0.023656 0.974314 0.000650
3 3 0.002296 0.000939 0.028264 0.966978 0.001523
3 3 0.001345 0.000568 0.023793 0.973404 0.000890
3 3 0.001842 0.000688 0.023562 0.972750 0.001157
3 3 0.000586 0.000252 0.017542 0.981240 0.000380
3 3 0.000811 0.000308 0.017437 0.980945 0.000499
3 1 0.023579 0.009214 0.064020 0.886573 0.016614
3 1 0.047036 0.091350 0.327633 0.446765 0.087216
2 2 0.000664 0.135364 0.603495 0.000443 0.260035
2 2 0.001293 0.126142 0.671660 0.001932 0.198972
2 2 0.000779 0.116546 0.721041 0.001067 0.160567
2 2 0.003541 0.267222 0.589699 0.000168 0.139370
2 2 0.001292 0.153974 0.719886 0.000509 0.124338
2 2 0.000308 0.081136 0.814296 0.000692 0.103569
2 2 0.000281 0.117952 0.745114 0.000112 0.136542
2 2 0.001340 0.083558 0.818281 0.007709 0.089111
2 2 0.000342 0.072509 0.838860 0.001156 0.087133
2 2 0.000296 0.070669 0.841344 0.000980 0.086712
2 2 0.000335 0.125574 0.688084 0.000144 0.185863
2 2 0.000253 0.045689 0.907645 0.002518 0.043896
2 2 0.000524 0.129801 0.693642 0.000285 0.175749
2 2 0.001392 0.209233 0.585701 0.000145 0.203529
2 2 0.000287 0.112898 0.765973 0.000132 0.120710
2 2 0.000486 0.084042 0.814984 0.001342 0.099146
2 2 0.000265 0.102228 0.726727 0.000257 0.170523
2 2 0.000162 0.069838 0.843969 0.000356 0.085675
2 2 0.000103 0.017867 0.964154 0.006282 0.011593
2 2 0.000096 0.031988 0.938233 0.001261 0.028422
2 2 0.000327 0.039472 0.920022 0.005741 0.034439
2 2 0.000100 0.015956 0.967060 0.007731 0.009153
2 2 0.000313 0.074594 0.851575 0.000739 0.072779
2 2 0.000798 0.067944 0.883021 0.003307 0.044930
2 2 0.000147 0.014999 0.959054 0.017375 0.008425
2 2 0.000115 0.015956 0.965566 0.009542 0.008821
2 1 0.009005 0.213998 0.677374 0.002855 0.096768
2 2 0.000804 0.078580 0.853094 0.002880 0.064642
2 2 0.000458 0.045753 0.911420 0.006470 0.035899
2 2 0.000983 0.165281 0.697988 0.000213 0.135534
2 2 0.000159 0.007897 0.903709 0.085126 0.003109
2 2 0.000329 0.046194 0.909965 0.003690 0.039822
2 2 0.000247 0.010126 0.889281 0.095887 0.004458
2 2 0.000362 0.065981 0.864813 0.001625 0.067220
2 2 0.000483 0.039835 0.918399 0.010447 0.030836
2 2 0.000614 0.054350 0.888296 0.006939 0.049801
2 2 0.000603 0.031095 0.919676 0.028052 0.020574
2 2 0.000312 0.033456 0.932879 0.007977 0.025376
2 2 0.000205 0.017062 0.951135 0.021809 0.009789
2 2 0.000254 0.039705 0.921469 0.003672 0.034899
2 2 0.000137 0.009378 0.965271 0.023109 0.002105
2 2 0.000307 0.023488 0.955523 0.011310 0.009371
2 2 0.000247 0.040230 0.932736 0.002262 0.024524
2 2 0.001041 0.026545 0.859674 0.095934 0.016806
2 2 0.000899 0.078547 0.838721 0.004588 0.077244
2 2 0.000267 0.029163 0.944728 0.008024 0.017819
2 2 0.001348 0.029867 0.870272 0.083260 0.015254
2 2 0.000301 0.008336 0.803072 0.184757 0.003534
2 2 0.000268 0.008153 0.855430 0.133578 0.002570
2 2 0.000439 0.013211 0.881025 0.100541 0.004785
2 2 0.001978 0.082022 0.856797 0.009607 0.049596
2 2 0.000154 0.008543 0.950096 0.039011 0.002197
2 2 0.000493 0.023968 0.925943 0.036575 0.013021
2 1 0.076452 0.310148 0.530707 0.010981 0.071712
2 2 0.000810 0.047314 0.900792 0.014899 0.036185
2 2 0.000568 0.014140 0.832844 0.146183 0.006265
2 2 0.000106 0.008773 0.951205 0.036194 0.003722
2 2 0.000665 0.041266 0.919049 0.013361 0.025660
2 2 0.000222 0.011039 0.915254 0.068158 0.005327
2 2 0.000697 0.018039 0.849514 0.122156 0.009595
2 2 0.000547 0.018537 0.890274 0.080950 0.009692
2 2 0.001046 0.024510 0.894592 0.071066 0.008786
2 1 0.137581 0.320495 0.418995 0.024910 0.098018
2 2 0.001412 0.045644 0.893716 0.033848 0.025380
2 2 0.001776 0.037811 0.848943 0.088796 0.022674
2 2 0.000593 0.041650 0.915677 0.012604 0.029476
2 2 0.001014 0.019278 0.804619 0.166076 0.009013
2 2 0.000597 0.015118 0.843042 0.134698 0.006545
2 2 0.000826 0.031700 0.918361 0.033505 0.015607
2 2 0.000907 0.030420 0.895780 0.054261 0.018633
2 2 0.001006 0.019858 0.806442 0.162032 0.010663
2 2 0.000846 0.027884 0.892227 0.061701 0.017342
2 2 0.000452 0.020681 0.940256 0.030861 0.007751
2 2 0.001108 0.027299 0.871121 0.085752 0.014721
2 2 0.000524 0.012756 0.851039 0.131244 0.004437
2 2 0.001619 0.033834 0.841244 0.102206 0.021098
2 2 0.000795 0.014372 0.840508 0.140109 0.004216
2 2 0.000392 0.008058 0.772898 0.216058 0.002593
2 2 0.000192 0.005205 0.749578 0.243170 0.001855
2 2 0.001300 0.034113 0.880287 0.065581 0.018719
2 2 0.001726 0.154317 0.478588 0.001150 0.364219
2 2 0.001272 0.108284 0.718620 0.003224 0.168600
2 2 0.000328 0.047365 0.897707 0.003711 0.050889
2 2 0.000614 0.082751 0.798884 0.002196 0.115556
4 2 0.008090 0.183156 0.218637 0.002653 0.587463
4 4 0.010264 0.206642 0.069082 0.000178 0.713835
4 4 0.005179 0.154721 0.042666 0.000063 0.797371
4 4 0.008113 0.056557 0.008279 0.000098 0.926953
4 4 0.002858 0.120925 0.039859 0.000059 0.836300
4 4 0.008450 0.037351 0.004255 0.000067 0.949877
4 4 0.002464 0.117963 0.049014 0.000084 0.830474
4 4 0.004183 0.093314 0.020207 0.000073 0.882222
4 4 0.006255 0.115024 0.019195 0.000049 0.859477
4 4 0.013550 0.013825 0.000921 0.000048 0.971656
4 4 0.011313 0.030588 0.003192 0.000083 0.954824
4 4 0.006780 0.117850 0.020035 0.000053 0.855282
4 4 0.020480 0.007246 0.000348 0.000046 0.971880
4 4 0.004894 0.167071 0.033857 0.000021 0.794157
4 4 0.017837 0.017213 0.001346 0.000091 0.963512
4 4 0.008917 0.032322 0.003394 0.000062 0.955305
4 4 0.016473 0.013115 0.000778 0.000041 0.969594
4 4 0.012580 0.076440 0.007064 0.000019 0.903897
4 4 0.010385 0.124429 0.013776 0.000016 0.851394
4 4 0.039963 0.252459 0.025855 0.000018 0.681706
4 4 0.022239 0.241492 0.029073 0.000019 0.707178
4 4 0.022095 0.211492 0.020129 0.000009 0.746276
4 4 0.015634 0.329652 0.039152 0.000007 0.615555
4 4 0.010804 0.016670 0.001207 0.000041 0.971277
4 4 0.015995 0.299484 0.038505 0.000012 0.646004
4 4 0.016749 0.010818 0.000640 0.000051 0.971741
4 4 0.042247 0.005256 0.000230 0.000102 0.952165
4 4 0.029161 0.007258 0.000364 0.000080 0.963137
4 4 0.033061 0.009157 0.000534 0.000122 0.957125
4 4 0.029311 0.006111 0.000278 0.000068 0.964233
4 4 0.031494 0.021476 0.001132 0.000029 0.945869
4 4 0.028623 0.045915 0.003058 0.000025 0.922379
4 4 0.018422 0.009386 0.000517 0.000051 0.971624
4 4 0.091909 0.033830 0.002728 0.000245 0.871287
4 1 0.112834 0.189454 0.017682 0.000053 0.679977
4 1 0.015152 0.296784 0.035478 0.000009 0.652577
4 1 0.010127 0.259874 0.021348 0.000002 0.708650
4 1 0.003040 0.324881 0.081378 0.000002 0.590700
4 1 0.001100 0.184782 0.046919 0.000001 0.767197
4 1 0.001513 0.207973 0.063244 0.000003 0.727268
4 1 0.004479 0.391489 0.054714 0.000001 0.549318
4 1 0.004143 0.361309 0.061220 0.000001 0.573327
4 1 0.017283 0.394745 0.052027 0.000006 0.535939
4 1 0.009362 0.412930 0.028652 0.000000 0.549056
4 1 0.002658 0.312380 0.042485 0.000000 0.642476
4 1 0.005872 0.389890 0.052606 0.000001 0.551631
4 4 0.006130 0.130468 0.012021 0.000004 0.851377
4 4 0.000966 0.235905 0.083148 0.000001 0.679980
4 4 0.001543 0.314382 0.083176 0.000001 0.600898
4 4 0.004215 0.351514 0.041970 0.000000 0.602300
4 4 0.011777 0.446480 0.046263 0.000001 0.495479
4 4 0.000972 0.300312 0.138775 0.000001 0.559940
4 4 0.001265 0.296567 0.075919 0.000000 0.626248
4 4 0.001617 0.237749 0.050579 0.000001 0.710054
4 4 0.000679 0.200135 0.076180 0.000001 0.723005
4 4 0.000224 0.086208 0.039247 0.000002 0.874319
4 4 0.007856 0.051286 0.004921 0.000022 0.935915
4 4 0.012450 0.007604 0.000354 0.000023 0.979569
4 4 0.010774 0.017422 0.001295 0.000043 0.970466
4 4 0.009704 0.016984 0.001229 0.000036 0.972047
4 4 0.011763 0.004975 0.000180 0.000014 0.983068
4 4 0.018437 0.007728 0.000380 0.000042 0.973413
4 4 0.012151 0.180660 0.023254 0.000020 0.783915
4 4 0.004017 0.056123 0.005381 0.000009 0.934469
4 4 0.007824 0.037747 0.004290 0.000060 0.950078
4 4 0.023135 0.003586 0.000116 0.000027 0.973136
4 4 0.053106 0.007884 0.000450 0.000220 0.938340
4 4 0.024217 0.009633 0.000557 0.000080 0.965513
4 4 0.008473 0.017553 0.001233 0.000027 0.972714
4 4 0.148485 0.223724 0.014501 0.000013 0.613277
4 4 0.118176 0.198408 0.010496 0.000006 0.672914
4 4 0.020117 0.275827 0.024404 0.000004 0.679647
4 4 0.008519 0.164996 0.026623 0.000036 0.799826
4 4 0.012378 0.268821 0.029061 0.000006 0.689735
4 4 0.009060 0.187774 0.029494 0.000027 0.773646
4 4 0.011892 0.239769 0.033181 0.000017 0.715141
4 4 0.000225 0.138779 0.070060 0.000001 0.790936
4 4 0.000382 0.170562 0.118692 0.000003 0.710361
4 4 0.000099 0.089981 0.072520 0.000001 0.837398
4 4 0.002124 0.262092 0.053133 0.000001 0.682650
4 4 0.001402 0.180165 0.051331 0.000003 0.767100
4 4 0.000454 0.137234 0.033932 0.000000 0.828379
4 4 0.000130 0.081058 0.054744 0.000002 0.864065
4 4 0.000419 0.088025 0.029691 0.000003 0.881862
4 4 0.005413 0.007477 0.000314 0.000006 0.986790
4 4 0.002519 0.097875 0.009340 0.000003 0.890264
4 4 0.000892 0.072509 0.009468 0.000002 0.917130
4 4 0.000454 0.154723 0.057843 0.000001 0.786979
4 2 0.000407 0.182606 0.100831 0.000001 0.716155
4 2 0.000299 0.116114 0.064479 0.000003 0.819106
4 2 0.000315 0.153203 0.087939 0.000001 0.758542
4 2 0.002556 0.268754 0.044691 0.000001 0.683999
4 2 0.000748 0.186074 0.084046 0.000003 0.729130
4 2 0.001699 0.284802 0.062746 0.000001 0.650753
4 2 0.000332 0.096437 0.031483 0.000001 0.871747
4 2 0.000170 0.110701 0.102028 0.000003 0.787098
2 2 0.001161 0.188210 0.456601 0.000191 0.353837
2 2 0.000266 0.184738 0.436423 0.000010 0.378563
2 2 0.000314 0.130697 0.611340 0.000119 0.257529
2 2 0.000149 0.136981 0.504102 0.000020 0.358748
2 2 0.000776 0.240729 0.382301 0.000017 0.376177
4 2 0.000189 0.134683 0.292610 0.000016 0.572502
2 2 0.000338 0.216437 0.449628 0.000007 0.333590
4 2 0.001086 0.267737 0.315926 0.000013 0.415237
2 2 0.000275 0.145950 0.448443 0.000043 0.405288
2 2 0.000231 0.127524 0.519595 0.000073 0.352577
4 2 0.000925 0.258173 0.339848 0.000013 0.401041
2 2 0.000319 0.200385 0.450031 0.000010 0.349255
2 2 0.000363 0.131342 0.557531 0.000158 0.310607
2 2 0.000378 0.135975 0.514485 0.000137 0.349025
2 2 0.000167 0.134095 0.468890 0.000026 0.396822
2 2 0.000114 0.113813 0.626483 0.000033 0.259556
2 2 0.000225 0.188833 0.630317 0.000006 0.180619
2 2 0.000351 0.149292 0.585884 0.000071 0.264402
2 2 0.000177 0.105698 0.683923 0.000110 0.210092
2 2 0.000178 0.138736 0.645786 0.000025 0.215275
2 2 0.000390 0.082937 0.816657 0.000898 0.099118
2 2 0.000225 0.106393 0.800406 0.000085 0.092893
2 2 0.000630 0.148303 0.729248 0.000145 0.121673
2 2 0.000112 0.049543 0.897324 0.000498 0.052524
2 2 0.000078 0.021071 0.970848 0.000969 0.007035
2 2 0.000561 0.090622 0.817408 0.000927 0.090483
2 2 0.000095 0.066660 0.871370 0.000110 0.061766
2 2 0.000672 0.151765 0.665461 0.000201 0.181901
2 2 0.000307 0.086011 0.835761 0.000372 0.077548
2 2 0.000106 0.038732 0.924759 0.000875 0.035528
2 2 0.000216 0.083508 0.821726 0.000290 0.094260
2 2 0.000195 0.028232 0.947926 0.004979 0.018668
2 2 0.000190 0.090409 0.827576 0.000125 0.081701
2 2 0.000170 0.093136 0.835102 0.000074 0.071518
2 2 0.000143 0.051833 0.904646 0.000517 0.042861
2 2 0.000119 0.048811 0.921386 0.000295 0.029389
2 2 0.000090 0.021070 0.963780 0.002565 0.012496
2 2 0.000093 0.045236 0.907259 0.000468 0.046945
2 2 0.004559 0.125693 0.801733 0.006893 0.061122
1 0 0.037171 0.458203 0.394373 0.000321 0.109933
2 1 0.000640 0.239484 0.524326 0.000014 0.235536
2 1 0.000540 0.281666 0.519725 0.000003 0.198067
2 2 0.004513 0.330893 0.410570 0.000083 0.253941
1 2 0.002286 0.409587 0.368256 0.000004 0.219867
2 2 0.000521 0.230886 0.565017 0.000011 0.203565
2 2 0.000171 0.127675 0.610220 0.000040 0.261894
2 2 0.000137 0.064690 0.842800 0.000349 0.092024
2 2 0.000099 0.114116 0.690055 0.000022 0.195708
2 2 0.000183 0.094839 0.745579 0.000174 0.159225
2 2 0.000102 0.122536 0.682703 0.000015 0.194644
2 2 0.000109 0.124381 0.698777 0.000015 0.176718
2 2 0.000097 0.103397 0.639321 0.000040 0.257146
2 2 0.000132 0.096843 0.713943 0.000092 0.188989
2 2 0.000085 0.098932 0.679197 0.000037 0.221749
2 2 0.000128 0.102165 0.676404 0.000071 0.221232
2 2 0.000100 0.117807 0.646216 0.000020 0.235857
2 2 0.000098 0.073845 0.813738 0.000132 0.112186
2 2 0.000119 0.113778 0.665230 0.000034 0.220839
2 2 0.000088 0.073398 0.815921 0.000110 0.110484
2 2 0.000128 0.107903 0.703744 0.000048 0.188177
2 2 0.000588 0.071795 0.849285 0.002944 0.075389
2 2 0.000071 0.005655 0.938273 0.053938 0.002063
2 2 0.000796 0.029574 0.900350 0.049887 0.019394
2 2 0.000324 0.017455 0.930311 0.042392 0.009519
2 2 0.000533 0.035095 0.922120 0.017050 0.025202
2 2 0.000577 0.046097 0.903437 0.009796 0.040093
2 2 0.000287 0.023658 0.945202 0.016397 0.014455
2 2 0.001354 0.012673 0.561629 0.417996 0.006348
2 2 0.000063 0.002874 0.808967 0.187231 0.000866
2 2 0.000365 0.022591 0.935701 0.027597 0.013746
2 2 0.000998 0.017477 0.766950 0.205175 0.009399
2 2 0.000548 0.029297 0.922335 0.028197 0.019623
2 2 0.000885 0.012575 0.666669 0.312790 0.007081
2 2 0.001263 0.041937 0.874897 0.046242 0.035661
2 2 0.000773 0.021855 0.868369 0.095955 0.013048
2 2 0.001528 0.027043 0.803758 0.151618 0.016053
2 2 0.001208 0.030286 0.858154 0.089747 0.020605
2 2 0.003649 0.078393 0.790313 0.048089 0.079556
2 2 0.003457 0.040888 0.733392 0.191595 0.030669
2 2 0.000639 0.018913 0.863491 0.104728 0.012229
3 2 0.001145 0.007078 0.367370 0.620799 0.003608
2 3 0.002816 0.017964 0.484452 0.484451 0.010317
3 3 0.004311 0.015099 0.326811 0.643671 0.010107
3 3 0.004424 0.016115 0.331023 0.637903 0.010536
3 3 0.001430 0.003777 0.166501 0.825751 0.002541
3 3 0.006175 0.010437 0.172964 0.801508 0.008917
3 3 0.004971 0.012034 0.229332 0.744945 0.008717
3 3 0.002916 0.005372 0.149183 0.838163 0.004366
3 3 0.003405 0.009710 0.242249 0.738010 0.006627
3 3 0.004626 0.006078 0.122461 0.861104 0.005732
3 3 0.004660 0.006904 0.138143 0.844146 0.006147
3 3 0.004874 0.005213 0.101628 0.882842 0.005442
3 3 0.009591 0.013171 0.163926 0.800812 0.012500
3 3 0.009218 0.012086 0.154832 0.812152 0.011712
3 3 0.001826 0.002488 0.090780 0.902677 0.002229
3 3 0.002121 0.005389 0.185613 0.803082 0.003795
3 3 0.007583 0.011787 0.171420 0.798521 0.010689
3 3 0.010829 0.015976 0.183067 0.775097 0.015031
3 3 0.001363 0.002412 0.109257 0.885025 0.001942
3 3 0.012334 0.021340 0.223920 0.721936 0.020470
3 3 0.002660 0.003705 0.109684 0.880514 0.003438
3 3 0.012146 0.029932 0.324337 0.597718 0.035867
3 3 0.007382 0.010441 0.160873 0.811180 0.010123
3 3 0.010122 0.010554 0.131426 0.835420 0.012478
2 2 0.016512 0.075737 0.536636 0.309644 0.061472
2 2 0.015406 0.245462 0.555669 0.005848 0.177615
2 2 0.038731 0.398530 0.405731 0.001228 0.155781
2 2 0.005959 0.243316 0.556270 0.001041 0.193414
2 2 0.002717 0.116926 0.741450 0.008934 0.129973
2 2 0.001844 0.123357 0.778649 0.002436 0.093715
2 2 0.001223 0.109513 0.777677 0.002248 0.109338
2 2 0.009827 0.139207 0.787355 0.012941 0.050670
2 2 0.006004 0.280267 0.557137 0.000387 0.156205
2 2 0.013369 0.311770 0.507591 0.000974 0.166296
2 2 0.004510 0.261752 0.573907 0.000341 0.159489
2 2 0.042989 0.366737 0.393864 0.002876 0.193534
2 1 0.041025 0.404344 0.408423 0.001182 0.145027
2 1 0.005811 0.297343 0.538267 0.000251 0.158328
2 2 0.004502 0.247490 0.608133 0.000436 0.139439
2 2 0.005055 0.219853 0.641405 0.001074 0.132613
1 2 0.061680 0.428316 0.104754 0.000232 0.405018
4 2 0.043276 0.362804 0.153733 0.000804 0.439384
1 2 0.071638 0.436685 0.115810 0.000334 0.375533
0 1 0.453874 0.291466 0.023839 0.000027 0.230794
4 2 0.313862 0.166837 0.014319 0.000099 0.504882
1 2 0.205454 0.386559 0.029656 0.000011 0.378321
1 2 0.065727 0.440601 0.108674 0.000235 0.384763
4 2 0.061504 0.363990 0.124853 0.000957 0.448696
1 2 0.188073 0.406591 0.032988 0.000011 0.372337
1 2 0.093298 0.445227 0.053720 0.000024 0.407730
0 1 0.594347 0.090801 0.006451 0.000115 0.308286
4 1 0.451187 0.030774 0.001551 0.000147 0.516342
0 0 0.678182 0.027242 0.001881 0.000467 0.292228
0 0 0.687338 0.087244 0.004692 0.000034 0.220692
0 0 0.491118 0.243896 0.013903 0.000010 0.251073
0 0 0.580825 0.056037 0.003171 0.000099 0.359868
0 0 0.526366 0.067816 0.003672 0.000068 0.402079
0 0 0.525178 0.008769 0.000516 0.001222 0.464315
4 0 0.231361 0.003373 0.000159 0.001139 0.763968
4 0 0.290127 0.004036 0.000228 0.002158 0.703451
0 0 0.948582 0.007028 0.000758 0.002140 0.041492
0 0 0.965085 0.005802 0.000655 0.001990 0.026468
0 0 0.969114 0.011787 0.002069 0.002411 0.014619
0 0 0.978362 0.007731 0.001479 0.003314 0.009114
0 0 0.949380 0.012690 0.001665 0.001829 0.034436
0 0 0.977713 0.010388 0.001399 0.000670 0.009830
0 0 0.965730 0.009790 0.001404 0.002064 0.021011
0 0 0.971754 0.009982 0.002165 0.004900 0.011199
0 0 0.972954 0.009411 0.001698 0.003055 0.012882
0 0 0.968689 0.011251 0.000978 0.000234 0.018849
0 0 0.946316 0.025421 0.001442 0.000025 0.026796
0 0 0.946752 0.028528 0.001895 0.000034 0.022791
0 0 0.953169 0.020689 0.001338 0.000049 0.024755
0 0 0.839929 0.107110 0.007586 0.000017 0.045358
0 0 0.925972 0.043728 0.002916 0.000025 0.027358
0 0 0.879435 0.084509 0.005243 0.000009 0.030804
0 0 0.822209 0.132427 0.007259 0.000004 0.038101
0 0 0.835353 0.113228 0.006876 0.000009 0.044534
0 0 0.715476 0.208606 0.012517 0.000005 0.063395
0 1 0.641361 0.274440 0.016413 0.000003 0.067783
1 1 0.171097 0.467479 0.023565 0.000001 0.337858
1 1 0.033333 0.693493 0.048834 0.000000 0.224339
1 1 0.028993 0.670461 0.049499 0.000000 0.251047
1 1 0.028877 0.754491 0.044614 0.000000 0.172018
1 1 0.023822 0.658682 0.043256 0.000000 0.274240
1 1 0.027481 0.707206 0.039834 0.000000 0.225479
1 1 0.015437 0.667083 0.047735 0.000000 0.269744
1 1 0.024161 0.631034 0.044843 0.000000 0.299962
1 1 0.089590 0.517595 0.039255 0.000003 0.353558
1 1 0.062827 0.597717 0.041590 0.000001 0.297865
1 1 0.013620 0.635394 0.051364 0.000000 0.299622
1 1 0.024595 0.671639 0.043749 0.000000 0.260017
1 1 0.070382 0.609199 0.034813 0.000000 0.285605
1 1 0.020801 0.620612 0.054819 0.000000 0.303768
1 1 0.016362 0.588929 0.053481 0.000000 0.341228
1 1 0.022637 0.610996 0.043422 0.000000 0.322945
1 1 0.008704 0.589009 0.087458 0.000000 0.314828
1 2 0.002419 0.387360 0.233568 0.000004 0.376649
1 2 0.004414 0.509937 0.166735 0.000001 0.318913
1 2 0.003611 0.476660 0.164878 0.000001 0.354850
2 2 0.000203 0.162506 0.421692 0.000012 0.415587
4 2 0.000078 0.115783 0.376672 0.000009 0.507458
4 2 0.000156 0.166056 0.396484 0.000006 0.437298
2 2 0.000177 0.177862 0.535503 0.000006 0.286452
2 2 0.000130 0.113490 0.582089 0.000045 0.304245
2 2 0.000231 0.156860 0.474862 0.000022 0.368025
4 2 0.000341 0.184385 0.391986 0.000015 0.423272
2 2 0.000146 0.094163 0.736095 0.000121 0.169475
4 2 0.000245 0.137736 0.430472 0.000045 0.431501
2 2 0.000206 0.125273 0.525543 0.000064 0.348912
4 2 0.000671 0.216495 0.192562 0.000007 0.590266
2 2 0.000102 0.128102 0.616677 0.000014 0.255106
2 2 0.000133 0.122776 0.445596 0.000025 0.431470
2 2 0.000256 0.172750 0.583997 0.000016 0.242982
2 2 0.000147 0.148353 0.442658 0.000011 0.408830
2 2 0.000174 0.126146 0.469127 0.000040 0.404513
4 2 0.000170 0.125572 0.270603 0.000016 0.603639
4 2 0.000210 0.127761 0.249794 0.000019 0.622216
4 4 0.000261 0.128049 0.212176 0.000021 0.659493
4 4 0.000297 0.132258 0.137223 0.000008 0.730214
4 4 0.000151 0.099422 0.072516 0.000002 0.827909
4 4 0.000957 0.200587 0.050798 0.000001 0.747657
4 4 0.000442 0.154212 0.062855 0.000001 0.782490
4 4 0.000247 0.092550 0.044453 0.000002 0.862748
4 4 0.000677 0.142960 0.051585 0.000003 0.804775
4 4 0.000541 0.137286 0.050054 0.000002 0.812117
4 4 0.001770 0.232978 0.068987 0.000003 0.696262
4 4 0.001127 0.184651 0.045670 0.000001 0.768552
4 4 0.002648 0.047111 0.003319 0.000002 0.946921
4 1 0.022399 0.442664 0.057325 0.000007 0.477606
4 1 0.000422 0.148986 0.080932 0.000002 0.769658
4 1 0.000402 0.140548 0.063224 0.000002 0.795824
4 1 0.000532 0.179193 0.111996 0.000003 0.708276
4 4 0.001534 0.239372 0.061209 0.000001 0.697883
4 4 0.000149 0.109802 0.148379 0.000007 0.741664
4 4 0.000278 0.097058 0.042649 0.000002 0.860013
4 4 0.001698 0.168836 0.021961 0.000001 0.807505
4 4 0.000538 0.058647 0.008425 0.000001 0.932388
4 4 0.000433 0.113513 0.037990 0.000002 0.848063
4 4 0.000742 0.034846 0.004538 0.000003 0.959872
4 4 0.008553 0.004603 0.000154 0.000008 0.986683
4 4 0.005800 0.013983 0.000852 0.000014 0.979352
4 4 0.011640 0.015002 0.000819 0.000017 0.972522
4 4 0.010978 0.025432 0.002171 0.000047 0.961372
4 4 0.008262 0.201506 0.025417 0.000010 0.764803
4 4 0.002630 0.067233 0.006896 0.000006 0.923236
4 4 0.017622 0.012872 0.000848 0.000066 0.968592
4 4 0.007655 0.215735 0.023725 0.000005 0.752881
4 4 0.002811 0.017727 0.001148 0.000006 0.978308
4 4 0.008559 0.195126 0.019757 0.000005 0.776553
4 4 0.009137 0.040384 0.002957 0.000012 0.947510
4 4 0.006004 0.080165 0.007263 0.000007 0.906560
4 4 0.004337 0.027269 0.002041 0.000010 0.966344
4 4 0.008955 0.085677 0.006552 0.000006 0.898810
4 4 0.006790 0.029562 0.002073 0.000011 0.961565
4 4 0.007692 0.240012 0.023493 0.000003 0.728800
4 4 0.003410 0.112314 0.013302 0.000007 0.870967
4 4 0.011577 0.238103 0.026812 0.000007 0.723501
4 4 0.003941 0.093364 0.011958 0.000014 0.890722
4 4 0.012527 0.005564 0.000216 0.000017 0.981676
4 4 0.038030 0.001807 0.000042 0.000030 0.960091
4 4 0.049089 0.001471 0.000031 0.000036 0.949372
4 4 0.036340 0.003615 0.000125 0.000055 0.959865
4 4 0.040067 0.003167 0.000102 0.000056 0.956607
4 4 0.042873 0.002123 0.000055 0.000042 0.954907
4 4 0.027179 0.004012 0.000141 0.000039 0.968629
4 4 0.020653 0.009804 0.000561 0.000064 0.968918
4 4 0.037985 0.027778 0.001566 0.000033 0.932638
4 4 0.030854 0.009410 0.000553 0.000113 0.959070
4 4 0.035816 0.002214 0.000057 0.000033 0.961879
4 4 0.027655 0.023945 0.001825 0.000088 0.946487
4 4 0.043826 0.003455 0.000119 0.000071 0.952530
4 4 0.034643 0.021423 0.001136 0.000032 0.942766
4 4 0.031406 0.104341 0.010574 0.000047 0.853632
4 4 0.031278 0.005304 0.000224 0.000065 0.963130
4 4 0.030416 0.004154 0.000152 0.000048 0.965229
4 4 0.028676 0.005100 0.000202 0.000049 0.965972
4 4 0.032386 0.009218 0.000538 0.000119 0.957738
4 4 0.023239 0.026617 0.001916 0.000052 0.948176
4 4 0.015328 0.020189 0.001536 0.000058 0.962889
4 4 0.018877 0.005615 0.000230 0.000032 0.975246
4 4 0.104385 0.122590 0.006619 0.000012 0.766394
4 4 0.009065 0.041486 0.004517 0.000053 0.944878
4 4 0.012380 0.058521 0.005082 0.000021 0.923996
4 4 0.015378 0.103018 0.010822 0.000026 0.870756
4 4 0.008785 0.100767 0.013266 0.000034 0.877149
4 4 0.014030 0.022133 0.001350 0.000020 0.962466
4 4 0.019561 0.007200 0.000342 0.000043 0.972854
4 4 0.029533 0.003092 0.000095 0.000034 0.967245
4 4 0.036816 0.001239 0.000023 0.000019 0.961903
4 4 0.043680 0.001709 0.000039 0.000035 0.954537
4 4 0.034103 0.004822 0.000195 0.000067 0.960813
4 4 0.019530 0.002755 0.000075 0.000016 0.977623
4 4 0.030000 0.003829 0.000133 0.000044 0.965995
4 4 0.032407 0.003166 0.000100 0.000041 0.964287
4 4 0.040581 0.031117 0.002208 0.000073 0.926021
