0 0 0.977271 0.010995 0.001998 0.000030 0.009707
0 0 0.973671 0.014991 0.002785 0.000056 0.008498
0 0 0.980473 0.011184 0.001800 0.000027 0.006515
0 0 0.983505 0.009784 0.001434 0.000019 0.005257
0 0 0.981986 0.010788 0.001641 0.000024 0.005561
0 0 0.980231 0.012397 0.001924 0.000032 0.005415
0 0 0.982385 0.010810 0.001608 0.000024 0.005174
0 0 0.981274 0.011068 0.001725 0.000026 0.005908
0 0 0.979178 0.011842 0.001971 0.000032 0.006978
0 0 0.981449 0.011696 0.001757 0.000028 0.005070
0 0 0.979976 0.012146 0.001930 0.000032 0.005917
0 0 0.979848 0.012304 0.001954 0.000033 0.005861
0 0 0.983632 0.010039 0.001443 0.000020 0.004866
0 0 0.980902 0.011426 0.001787 0.000028 0.005857
0 0 0.977919 0.011775 0.002060 0.000033 0.008214
0 0 0.978489 0.013342 0.002166 0.000039 0.005964
0 0 0.975619 0.014288 0.002529 0.000049 0.007516
0 0 0.983604 0.009797 0.001427 0.000019 0.005153
0 0 0.982476 0.010099 0.001541 0.000021 0.005863
0 0 0.980534 0.011385 0.001815 0.000028 0.006238
0 0 0.977327 0.012708 0.002214 0.000038 0.007713
0 0 0.980038 0.010437 0.001749 0.000025 0.007751
0 0 0.981115 0.009267 0.001535 0.000019 0.008064
0 0 0.978942 0.011045 0.001898 0.000028 0.008088
0 0 0.977168 0.013611 0.002318 0.000043 0.006859
0 0 0.978791 0.011378 0.001949 0.000030 0.007853
0 0 0.971964 0.014685 0.002894 0.000057 0.010400
0 0 0.978306 0.011329 0.001977 0.000030 0.008358
0 0 0.977010 0.012246 0.002184 0.000036 0.008524
0 0 0.979889 0.010402 0.001754 0.000025 0.007931
0 0 0.978454 0.010878 0.001908 0.000028 0.008732
0 0 0.978962 0.011071 0.001899 0.000028 0.008040
0 0 0.976704 0.010425 0.001944 0.000027 0.010900
0 0 0.978017 0.011198 0.001979 0.000030 0.008776
0 0 0.976316 0.012098 0.002215 0.000036 0.009335
0 0 0.979182 0.010794 0.001850 0.000027 0.008147
0 0 0.977557 0.010723 0.001942 0.000028 0.009751
0 0 0.974122 0.014020 0.002632 0.000049 0.009178
0 0 0.976076 0.014107 0.002468 0.000047 0.007303
0 0 0.979860 0.010814 0.001806 0.000026 0.007494
0 0 0.910860 0.047216 0.015879 0.000995 0.025050
0 0 0.895714 0.050907 0.019080 0.001296 0.033003
0 0 0.912929 0.036621 0.013159 0.000636 0.036655
0 0 0.894315 0.043279 0.017206 0.000991 0.044209
0 0 0.884277 0.058467 0.022633 0.001779 0.032845
0 0 0.788899 0.124814 0.031596 0.001315 0.053376
0 0 0.873143 0.078951 0.020686 0.001078 0.026142
0 0 0.718131 0.173593 0.045125 0.002218 0.060934
1 1 0.393065 0.429330 0.120633 0.001695 0.055276
2 1 0.232261 0.311023 0.329193 0.011545 0.115978
1 1 0.086355 0.520045 0.282198 0.003906 0.107496
2 1 0.012655 0.200031 0.759084 0.002588 0.025642
2 1 0.018113 0.111731 0.837255 0.012944 0.019956
2 2 0.010017 0.040797 0.928892 0.011218 0.009075
2 2 0.018568 0.043488 0.917116 0.008957 0.011871
2 2 0.004735 0.024535 0.958108 0.009835 0.002787
2 2 0.007003 0.025858 0.943949 0.015622 0.007568
2 2 0.059092 0.071960 0.829334 0.012281 0.027333
2 2 0.040808 0.071122 0.846818 0.026474 0.014778
2 2 0.013710 0.034344 0.830409 0.081492 0.040044
2 2 0.008153 0.020683 0.828832 0.130660 0.011672
2 2 0.006036 0.021126 0.734755 0.233996 0.004088
2 2 0.002991 0.013783 0.766144 0.214802 0.002281
2 2 0.003547 0.012964 0.586430 0.394190 0.002869
3 2 0.008557 0.019640 0.434300 0.531293 0.006210
2 2 0.004665 0.013403 0.552781 0.426450 0.002702
3 2 0.008387 0.023904 0.467111 0.491087 0.009510
2 3 0.003013 0.014128 0.632326 0.346888 0.003645
3 3 0.004073 0.010132 0.256186 0.725276 0.004333
3 3 0.004214 0.010788 0.269826 0.710533 0.004639
3 3 0.005792 0.014110 0.326793 0.647807 0.005498
3 3 0.005120 0.006977 0.093812 0.889599 0.004493
3 3 0.007448 0.010259 0.122801 0.853046 0.006445
3 3 0.003429 0.005127 0.085469 0.902792 0.003184
3 3 0.008366 0.012877 0.162753 0.808482 0.007522
3 3 0.008201 0.011215 0.129085 0.844457 0.007043
3 3 0.002244 0.004548 0.114319 0.876487 0.002403
3 3 0.005635 0.007075 0.085696 0.896833 0.004762
3 3 0.006774 0.011683 0.174952 0.800150 0.006440
3 3 0.002944 0.003963 0.063147 0.927308 0.002638
3 3 0.001938 0.002727 0.051713 0.941820 0.001802
3 3 0.003029 0.004066 0.064012 0.926184 0.002708
3 3 0.003269 0.004353 0.066370 0.923105 0.002903
3 3 0.002161 0.003006 0.054486 0.938357 0.001991
3 3 0.002221 0.003081 0.055209 0.937448 0.002041
3 3 0.002429 0.003338 0.057626 0.934391 0.002215
3 3 0.001580 0.002272 0.046881 0.947771 0.001497
3 3 0.001597 0.002293 0.047119 0.947480 0.001511
3 3 0.002125 0.002961 0.054050 0.938904 0.001960
3 3 0.002530 0.003461 0.058750 0.932961 0.002298
3 3 0.001245 0.001835 0.041789 0.953927 0.001204
3 3 0.001363 0.001990 0.043657 0.951681 0.001308
3 3 0.001763 0.002506 0.049422 0.944655 0.001654
3 3 0.001396 0.002034 0.044167 0.951067 0.001337
3 3 0.001535 0.002214 0.046232 0.948562 0.001458
3 3 0.002370 0.003265 0.056946 0.935254 0.002165
3 3 0.001455 0.002110 0.045053 0.949994 0.001388
3 3 0.002055 0.002874 0.053193 0.939977 0.001902
3 3 0.002276 0.003149 0.055858 0.936630 0.002087
3 3 0.002039 0.002855 0.052998 0.940219 0.001888
3 3 0.001024 0.001541 0.038020 0.958407 0.001008
3 3 0.001782 0.002531 0.049681 0.944335 0.001670
3 3 0.000945 0.001434 0.036566 0.960119 0.000937
3 3 0.001299 0.001907 0.042665 0.952876 0.001252
3 3 0.001116 0.001664 0.039629 0.956502 0.001090
3 3 0.001193 0.001767 0.040935 0.954947 0.001158
3 3 0.002336 0.003223 0.056553 0.935752 0.002137
3 3 0.022746 0.015697 0.128903 0.825854 0.006800
3 3 0.006781 0.008345 0.093368 0.885871 0.005634
3 3 0.005718 0.011542 0.256815 0.721438 0.004486
3 3 0.002920 0.006895 0.180464 0.806442 0.003280
3 3 0.005828 0.007291 0.087049 0.894922 0.004910
3 3 0.004595 0.008698 0.199461 0.783688 0.003559
3 3 0.003286 0.004563 0.072183 0.917001 0.002967
3 3 0.003081 0.004128 0.064527 0.925515 0.002750
3 3 0.002468 0.003386 0.058064 0.933835 0.002247
3 3 0.003213 0.004286 0.065823 0.923822 0.002857
3 3 0.002742 0.003720 0.061053 0.930012 0.002473
3 3 0.001568 0.002257 0.046717 0.947971 0.001487
3 3 0.002212 0.003070 0.055101 0.937583 0.002034
3 3 0.002081 0.002906 0.053510 0.939580 0.001923
3 3 0.001401 0.002040 0.044242 0.950976 0.001341
3 3 0.001996 0.002800 0.052455 0.940897 0.001852
3 3 0.000940 0.001428 0.036477 0.960223 0.000932
3 3 0.001156 0.001717 0.040315 0.955686 0.001126
3 3 0.001329 0.001946 0.043135 0.952311 0.001279
3 3 0.000914 0.001392 0.035986 0.960798 0.000909
3 3 0.000725 0.001131 0.032147 0.965262 0.000735
3 3 0.001288 0.001892 0.042475 0.953104 0.001242
3 3 0.000734 0.001143 0.032334 0.965046 0.000744
3 3 0.001146 0.001704 0.040149 0.955884 0.001117
3 3 0.003079 0.004126 0.064511 0.925535 0.002749
3 3 0.001129 0.001682 0.039861 0.956226 0.001102
3 3 0.001377 0.002008 0.043870 0.951426 0.001320
3 3 0.000980 0.001481 0.037213 0.959358 0.000968
3 3 0.001417 0.002061 0.044492 0.950674 0.001356
3 3 0.001698 0.002423 0.048531 0.945751 0.001598
3 3 0.001100 0.001643 0.039356 0.956826 0.001076
3 3 0.001820 0.002579 0.050188 0.943710 0.001703
3 3 0.000876 0.001340 0.035253 0.961656 0.000874
3 3 0.001794 0.002545 0.049832 0.944149 0.001680
3 3 0.001387 0.002022 0.044027 0.951236 0.001329
3 3 0.001218 0.001800 0.041358 0.954442 0.001181
3 3 0.002224 0.003084 0.055242 0.937406 0.002043
3 3 0.001343 0.001964 0.043348 0.952054 0.001290
3 3 0.001806 0.002560 0.049995 0.943949 0.001690
3 3 0.001938 0.002727 0.051717 0.941815 0.001803
3 3 0.001591 0.002285 0.047033 0.947585 0.001506
3 3 0.003126 0.004181 0.064969 0.924937 0.002786
3 3 0.001931 0.002718 0.051628 0.941926 0.001797
3 3 0.003190 0.004259 0.065603 0.924110 0.002839
3 2 0.021508 0.024853 0.310271 0.635391 0.007977
3 2 0.024473 0.032861 0.395328 0.536771 0.010568
2 2 0.109286 0.091340 0.654661 0.131378 0.013335
2 2 0.046236 0.060983 0.724135 0.159132 0.009514
2 2 0.032219 0.061442 0.834446 0.063913 0.007980
2 2 0.025951 0.043682 0.858062 0.068411 0.003894
2 2 0.080802 0.074747 0.757059 0.080231 0.007161
2 2 0.015952 0.034179 0.913657 0.033989 0.002223
2 2 0.024580 0.041927 0.884712 0.045759 0.003022
2 2 0.005373 0.025007 0.966864 0.001966 0.000790
2 2 0.013467 0.037596 0.942231 0.005171 0.001535
2 2 0.027354 0.051793 0.886458 0.030311 0.004084
2 2 0.008929 0.033203 0.944983 0.010757 0.002127
2 2 0.015352 0.045475 0.926175 0.010005 0.002993
2 2 0.019505 0.060377 0.913227 0.003462 0.003429
2 2 0.021042 0.119269 0.837677 0.007419 0.014592
2 2 0.006777 0.025653 0.936177 0.029332 0.002061
2 2 0.161434 0.137413 0.653679 0.031595 0.015878
2 2 0.015389 0.072429 0.901909 0.004460 0.005812
2 2 0.228575 0.156913 0.554187 0.038709 0.021617
2 2 0.011334 0.083087 0.900601 0.000911 0.004067
2 2 0.009092 0.024159 0.954245 0.011589 0.000914
2 2 0.022793 0.046207 0.888078 0.039005 0.003917
0 0 0.525956 0.168123 0.244936 0.031975 0.029010
0 0 0.531989 0.229088 0.208957 0.004528 0.025437
0 1 0.369161 0.318057 0.230498 0.012423 0.069860
2 2 0.067933 0.117046 0.798151 0.007173 0.009697
2 2 0.061489 0.092004 0.831850 0.008698 0.005960
2 2 0.019427 0.054946 0.917707 0.004873 0.003047
2 1 0.362399 0.177070 0.430607 0.012886 0.017038
2 1 0.126781 0.381583 0.453317 0.002223 0.036097
2 1 0.006349 0.107142 0.883528 0.000150 0.002832
2 2 0.016082 0.066600 0.910810 0.002857 0.003651
2 2 0.008524 0.026094 0.962530 0.002062 0.000789
2 2 0.046646 0.168959 0.774175 0.001266 0.008955
2 2 0.007466 0.026325 0.965564 0.000317 0.000328
2 2 0.005985 0.029649 0.961895 0.001524 0.000947
2 2 0.007787 0.024936 0.963592 0.003019 0.000666
2 2 0.005916 0.019243 0.970754 0.003540 0.000547
2 2 0.005974 0.030522 0.953440 0.007919 0.002145
2 2 0.006096 0.089015 0.898204 0.000763 0.005922
2 2 0.005841 0.034245 0.951045 0.006537 0.002332
2 2 0.008926 0.107185 0.872853 0.001906 0.009129
2 2 0.008013 0.061554 0.927536 0.000228 0.002669
2 2 0.006199 0.169725 0.798353 0.000893 0.024830
2 2 0.008685 0.319626 0.645900 0.000209 0.025580
2 2 0.006803 0.423173 0.510555 0.000834 0.058634
1 2 0.007535 0.478666 0.471196 0.000300 0.042304
1 2 0.009202 0.527935 0.434197 0.000107 0.028559
2 2 0.003904 0.320017 0.628897 0.000820 0.046362
2 2 0.005316 0.246120 0.722993 0.000586 0.024985
2 2 0.002520 0.055176 0.933721 0.000423 0.008160
2 2 0.014707 0.179418 0.785540 0.000776 0.019559
2 2 0.002655 0.048124 0.943634 0.000175 0.005412
2 2 0.007584 0.022655 0.967038 0.000537 0.002185
2 2 0.002810 0.093158 0.856010 0.000886 0.047137
2 2 0.001413 0.006549 0.989712 0.001620 0.000706
2 2 0.014399 0.080660 0.879824 0.001087 0.024029
2 2 0.003297 0.084245 0.892915 0.000810 0.018733
2 2 0.004873 0.018509 0.966155 0.003828 0.006635
2 2 0.002287 0.016661 0.971562 0.000138 0.009352
2 2 0.003411 0.015003 0.968972 0.001595 0.011018
2 2 0.005841 0.047319 0.919533 0.009888 0.017420
2 2 0.003079 0.112122 0.856407 0.005823 0.022569
2 2 0.002794 0.019938 0.971777 0.001937 0.003554
2 2 0.003008 0.039405 0.943215 0.005631 0.008741
2 2 0.024503 0.069615 0.889879 0.005491 0.010513
2 2 0.015582 0.049123 0.915883 0.013454 0.005957
2 2 0.004356 0.063168 0.903402 0.016616 0.012459
2 2 0.013351 0.031083 0.925356 0.028349 0.001861
2 2 0.011945 0.043326 0.910383 0.026747 0.007600
2 2 0.059317 0.067673 0.744837 0.119509 0.008664
0 0 0.429563 0.167659 0.324362 0.048838 0.029578
2 1 0.063341 0.099644 0.798797 0.026553 0.011664
2 2 0.007165 0.029958 0.957699 0.003877 0.001301
2 2 0.005932 0.021995 0.960800 0.010280 0.000992
2 2 0.006651 0.023892 0.952210 0.015909 0.001338
2 2 0.007484 0.028216 0.952460 0.010266 0.001574
2 2 0.004875 0.022242 0.949315 0.021901 0.001666
2 2 0.008160 0.019670 0.890332 0.080483 0.001355
2 2 0.005486 0.023307 0.939775 0.029503 0.001929
2 2 0.016409 0.040496 0.823870 0.113071 0.006154
2 2 0.010871 0.030442 0.761000 0.192047 0.005640
2 2 0.012137 0.027198 0.847424 0.110551 0.002689
2 2 0.005836 0.022133 0.857184 0.111860 0.002987
2 2 0.006912 0.022664 0.760706 0.205736 0.003982
2 2 0.006466 0.026953 0.828870 0.132599 0.005112
2 2 0.009614 0.029795 0.799070 0.156332 0.005189
2 2 0.061348 0.075831 0.715285 0.135030 0.012507
2 2 0.011095 0.029248 0.714438 0.239381 0.005838
2 2 0.013878 0.033390 0.679258 0.265980 0.007493
2 2 0.009641 0.021418 0.567979 0.396369 0.004594
2 2 0.256466 0.133577 0.469802 0.116472 0.023683
2 2 0.010065 0.036800 0.946145 0.005119 0.001871
2 2 0.012734 0.037250 0.888764 0.056919 0.004334
2 2 0.027015 0.045076 0.813565 0.109127 0.005217
2 1 0.332890 0.162785 0.409501 0.065298 0.029526
2 2 0.013731 0.032202 0.935442 0.017015 0.001610
2 2 0.018796 0.045346 0.927012 0.006733 0.002114
2 2 0.005920 0.019349 0.960148 0.013789 0.000794
2 2 0.009533 0.027824 0.952897 0.008609 0.001137
2 2 0.010287 0.031707 0.911859 0.043166 0.002981
2 2 0.005306 0.018838 0.935872 0.038721 0.001262
2 2 0.012760 0.028509 0.920903 0.036123 0.001704
2 2 0.005996 0.020642 0.944034 0.028070 0.001257
2 2 0.003550 0.014244 0.934395 0.046880 0.000932
2 2 0.008381 0.023575 0.834683 0.130569 0.002792
2 2 0.043782 0.060102 0.694782 0.190510 0.010824
2 2 0.017467 0.035334 0.755535 0.186225 0.005440
2 2 0.018754 0.030804 0.665053 0.280570 0.004819
2 2 0.008081 0.017372 0.489117 0.481472 0.003959
2 2 0.012806 0.030030 0.765999 0.186562 0.004603
2 2 0.005369 0.014677 0.537670 0.439120 0.003164
3 2 0.009071 0.017215 0.433517 0.536026 0.004172
2 2 0.010050 0.023296 0.648294 0.314024 0.004336
2 2 0.014567 0.032415 0.577149 0.366796 0.009073
3 2 0.024228 0.030119 0.368061 0.568201 0.009391
3 3 0.019331 0.023389 0.316430 0.633551 0.007299
3 3 0.004504 0.009341 0.218168 0.764073 0.003913
3 3 0.013927 0.019615 0.209419 0.746495 0.010543
3 3 0.010280 0.015032 0.248975 0.720191 0.005521
3 3 0.003814 0.006637 0.126756 0.859212 0.003582
3 3 0.011521 0.012758 0.159340 0.810745 0.005636
3 3 0.005596 0.011573 0.273396 0.705186 0.004249
3 3 0.007936 0.009679 0.108285 0.868033 0.006067
3 3 0.007911 0.009573 0.100210 0.875825 0.006480
3 3 0.006993 0.008499 0.094260 0.884562 0.005687
3 3 0.003606 0.004350 0.066404 0.922990 0.002650
3 3 0.005389 0.006723 0.083452 0.899967 0.004468
3 3 0.005746 0.007200 0.086478 0.895729 0.004847
3 3 0.004093 0.005320 0.073795 0.913231 0.003561
3 3 0.004397 0.005671 0.076323 0.909809 0.003801
3 3 0.008508 0.010213 0.103591 0.870765 0.006922
3 3 0.004488 0.005776 0.077063 0.908800 0.003872
3 3 0.005792 0.007251 0.086798 0.895276 0.004882
3 3 0.002433 0.003342 0.057666 0.934342 0.002218
3 3 0.002442 0.003353 0.057766 0.934214 0.002225
3 3 0.003860 0.005049 0.071792 0.915922 0.003376
3 3 0.003099 0.004150 0.064710 0.925276 0.002765
3 3 0.007046 0.008635 0.095027 0.883459 0.005834
3 3 0.023376 0.025712 0.219948 0.718338 0.012626
3 3 0.013195 0.023990 0.444349 0.511606 0.006860
3 3 0.014154 0.024821 0.387735 0.564717 0.008574
3 3 0.020619 0.028030 0.420775 0.523128 0.007446
3 3 0.008739 0.012820 0.221550 0.752021 0.004871
3 3 0.016216 0.023683 0.224858 0.721451 0.013791
3 3 0.014225 0.027262 0.431387 0.517763 0.009363
3 3 0.006388 0.007912 0.090825 0.889539 0.005336
3 3 0.013140 0.014215 0.122514 0.840971 0.009161
3 3 0.021430 0.016272 0.156416 0.799640 0.006242
3 3 0.005248 0.006641 0.082908 0.900739 0.004464
3 3 0.008679 0.010394 0.104530 0.869349 0.007048
3 3 0.002883 0.003890 0.062524 0.928114 0.002589
3 3 0.001959 0.002754 0.051988 0.941478 0.001821
3 3 0.003737 0.004905 0.070703 0.917375 0.003278
3 3 0.004112 0.005342 0.073954 0.913017 0.003576
3 3 0.006634 0.008184 0.092428 0.887230 0.005523
3 3 0.003126 0.004182 0.064974 0.924932 0.002786
3 3 0.004412 0.005689 0.076449 0.909637 0.003813
3 3 0.001710 0.002438 0.048696 0.945548 0.001608
3 3 0.007619 0.008203 0.092637 0.886652 0.004890
3 3 0.002692 0.003659 0.060513 0.930705 0.002432
3 3 0.003153 0.004214 0.065236 0.924590 0.002808
3 3 0.001899 0.002678 0.051220 0.942432 0.001770
3 3 0.002431 0.003340 0.057647 0.934365 0.002216
3 3 0.002751 0.003731 0.061146 0.929892 0.002480
3 3 0.001407 0.002047 0.044327 0.950873 0.001346
3 3 0.002687 0.003653 0.060462 0.930771 0.002428
3 3 0.002219 0.003078 0.055180 0.937485 0.002039
3 3 0.006254 0.007765 0.089942 0.890804 0.005235
3 3 0.007457 0.009082 0.097534 0.879785 0.006142
3 3 0.005753 0.007207 0.086525 0.895663 0.004852
3 3 0.009654 0.011427 0.109700 0.861455 0.007763
3 3 0.004035 0.005253 0.073302 0.913895 0.003515
3 3 0.004435 0.005715 0.076634 0.909384 0.003831
3 3 0.010962 0.012792 0.116146 0.851390 0.008709
2 2 0.305515 0.121821 0.401059 0.150603 0.021002
2 2 0.019919 0.047800 0.870183 0.056367 0.005731
2 2 0.040998 0.066792 0.801622 0.081360 0.009229
2 2 0.040008 0.076829 0.871324 0.007082 0.004757
2 2 0.030589 0.054135 0.889449 0.022169 0.003657
2 2 0.017557 0.044713 0.892896 0.040300 0.004535
2 2 0.013244 0.034640 0.939853 0.010596 0.001668
2 2 0.020064 0.052310 0.893141 0.029073 0.005412
2 2 0.053698 0.066717 0.752842 0.117777 0.008965
2 2 0.011318 0.033444 0.938688 0.014564 0.001987
2 2 0.008186 0.025063 0.942449 0.022834 0.001469
2 2 0.125062 0.106888 0.703301 0.053182 0.011567
2 2 0.046626 0.141109 0.792569 0.006885 0.012811
2 2 0.005248 0.020334 0.973131 0.000942 0.000346
2 2 0.004924 0.017777 0.966784 0.009864 0.000651
2 2 0.035524 0.061000 0.891198 0.009184 0.003095
2 2 0.003745 0.019236 0.975500 0.001092 0.000428
2 2 0.001127 0.007605 0.988460 0.002658 0.000150
2 2 0.013077 0.036419 0.943526 0.005496 0.001482
2 2 0.002929 0.018524 0.977811 0.000412 0.000324
2 2 0.004416 0.021019 0.971947 0.002022 0.000597
2 2 0.006588 0.022682 0.967598 0.002570 0.000563
2 2 0.002661 0.009842 0.976788 0.010471 0.000238
2 2 0.006732 0.018917 0.954481 0.019109 0.000762
2 2 0.005752 0.094022 0.894598 0.000689 0.004939
2 2 0.003366 0.031773 0.962228 0.001284 0.001348
2 2 0.004433 0.027746 0.964868 0.001646 0.001307
2 2 0.002195 0.012562 0.976612 0.008140 0.000491
2 2 0.005076 0.020023 0.970221 0.003704 0.000975
2 2 0.004273 0.046130 0.945403 0.001860 0.002333
2 2 0.007839 0.024970 0.958927 0.007318 0.000947
2 2 0.024419 0.051464 0.877565 0.041460 0.005092
2 1 0.152060 0.169368 0.663381 0.004768 0.010423
2 2 0.013665 0.044922 0.937039 0.002623 0.001751
2 2 0.007479 0.029709 0.957776 0.003819 0.001216
2 2 0.032968 0.064728 0.876744 0.020175 0.005386
2 2 0.003672 0.048072 0.944328 0.001491 0.002437
2 2 0.006680 0.027901 0.963464 0.001230 0.000725
2 2 0.008149 0.028394 0.954514 0.007628 0.001315
2 2 0.013048 0.062178 0.920392 0.001689 0.002693
2 2 0.071676 0.145619 0.754947 0.011900 0.015858
2 2 0.008263 0.026276 0.959146 0.005397 0.000917
2 2 0.006381 0.025732 0.963876 0.003131 0.000879
2 2 0.020394 0.048254 0.928516 0.001543 0.001294
2 1 0.362164 0.175148 0.425718 0.017880 0.019089
2 1 0.138219 0.233137 0.598044 0.006071 0.024529
2 2 0.036642 0.057333 0.863638 0.037771 0.004617
2 2 0.003855 0.018383 0.974957 0.002309 0.000496
2 2 0.004385 0.022521 0.946856 0.024139 0.002099
2 4 0.007867 0.110480 0.874406 0.000807 0.006440
2 4 0.008683 0.331270 0.517361 0.005030 0.137656
2 4 0.008894 0.286303 0.634675 0.001848 0.068279
4 4 0.112886 0.171664 0.152473 0.019279 0.543698
4 4 0.021026 0.042672 0.012071 0.000056 0.924176
4 4 0.012789 0.013174 0.010276 0.000152 0.963609
4 4 0.012427 0.026511 0.015710 0.000214 0.945138
4 4 0.009467 0.022210 0.012698 0.000144 0.955480
4 4 0.018438 0.039153 0.009483 0.000031 0.932896
4 4 0.012389 0.051232 0.017739 0.000134 0.918507
4 4 0.206554 0.015174 0.013498 0.000328 0.764446
4 4 0.054320 0.062001 0.010200 0.000022 0.873457
4 4 0.035983 0.040572 0.008805 0.000024 0.914616
4 4 0.012503 0.055291 0.014412 0.000067 0.917728
4 4 0.030382 0.086276 0.020934 0.000116 0.862292
4 4 0.035625 0.036979 0.008106 0.000022 0.919270
4 4 0.071640 0.139663 0.022419 0.000083 0.766195
4 4 0.022454 0.058184 0.013676 0.000055 0.905631
4 4 0.029745 0.030660 0.009093 0.000038 0.930465
4 4 0.022396 0.069800 0.010928 0.000023 0.896852
4 4 0.032856 0.126554 0.015263 0.000030 0.825296
4 4 0.023656 0.154902 0.018783 0.000042 0.802617
4 4 0.011039 0.016465 0.008673 0.000070 0.963752
4 1 0.208122 0.157551 0.008789 0.000006 0.625533
2 1 0.006454 0.386585 0.576694 0.000309 0.029959
2 1 0.004287 0.222839 0.758297 0.000336 0.014241
2 2 0.002264 0.099368 0.876080 0.000263 0.022025
2 2 0.005376 0.061964 0.925284 0.000277 0.007098
2 2 0.002103 0.011876 0.984510 0.000106 0.001405
2 2 0.001219 0.015698 0.981006 0.000394 0.001683
2 2 0.001954 0.047316 0.943329 0.000038 0.007363
2 2 0.002107 0.012729 0.983781 0.000112 0.001271
2 2 0.004884 0.129063 0.837220 0.000262 0.028571
2 2 0.003680 0.052597 0.934439 0.000033 0.009251
2 2 0.003724 0.049931 0.934650 0.000058 0.011637
2 2 0.001881 0.012355 0.982553 0.000564 0.002646
2 2 0.001345 0.032183 0.957513 0.000485 0.008474
2 2 0.002938 0.019078 0.975279 0.000185 0.002520
2 2 0.004516 0.012211 0.980614 0.000322 0.002338
2 2 0.003313 0.010203 0.984257 0.000327 0.001900
2 2 0.002007 0.077202 0.887372 0.000284 0.033136
2 2 0.002011 0.027143 0.958309 0.000115 0.012422
2 2 0.001107 0.028805 0.962071 0.000393 0.007624
2 2 0.002603 0.013515 0.971953 0.000275 0.011654
2 2 0.002550 0.020000 0.975279 0.000867 0.001305
2 2 0.002030 0.017242 0.978668 0.000328 0.001731
2 2 0.004099 0.019646 0.970696 0.000264 0.005294
2 2 0.002322 0.013151 0.981615 0.001679 0.001233
2 2 0.003642 0.020171 0.970746 0.000369 0.005072
2 2 0.004171 0.013764 0.979808 0.000687 0.001570
2 2 0.000959 0.013307 0.982727 0.001657 0.001351
2 2 0.006190 0.025787 0.962378 0.004571 0.001074
2 2 0.007236 0.026607 0.960726 0.000569 0.004863
2 2 0.004423 0.023256 0.969847 0.001541 0.000934
2 2 0.003308 0.017893 0.971797 0.004224 0.002778
2 2 0.007585 0.032805 0.944000 0.013033 0.002578
2 2 0.002351 0.033409 0.957805 0.000976 0.005460
2 2 0.003477 0.015054 0.976511 0.004112 0.000846
2 2 0.006613 0.024638 0.956000 0.010980 0.001769
2 2 0.030285 0.066066 0.864609 0.031594 0.007446
2 2 0.004090 0.016981 0.975863 0.002664 0.000402
2 2 0.003512 0.011667 0.982072 0.002031 0.000719
2 2 0.005475 0.043761 0.941835 0.005827 0.003101
2 2 0.003437 0.018168 0.972645 0.004848 0.000902
2 2 0.004334 0.021925 0.961806 0.010613 0.001321
2 2 0.001901 0.011858 0.940927 0.044337 0.000977
2 2 0.004713 0.019115 0.955373 0.019139 0.001660
2 2 0.008272 0.022184 0.881401 0.086226 0.001917
2 2 0.005099 0.027045 0.878051 0.084787 0.005018
2 2 0.005783 0.021094 0.955014 0.016995 0.001114
2 2 0.003834 0.020503 0.920311 0.052906 0.002445
2 2 0.025754 0.054791 0.818803 0.092149 0.008503
2 2 0.015475 0.039631 0.905746 0.035660 0.003487
2 2 0.005979 0.024669 0.930428 0.036637 0.002287
2 2 0.007057 0.034051 0.918523 0.035991 0.004377
2 2 0.017921 0.039385 0.880085 0.058827 0.003781
2 2 0.004425 0.020397 0.943965 0.029576 0.001636
2 2 0.017975 0.048288 0.873825 0.053607 0.006304
2 2 0.005033 0.020729 0.934918 0.037630 0.001691
2 2 0.019771 0.046560 0.897962 0.031576 0.004130
2 2 0.008924 0.036816 0.804182 0.140793 0.009285
2 2 0.010397 0.038760 0.909607 0.035310 0.005926
2 2 0.014468 0.036364 0.827014 0.116929 0.005224
2 2 0.010225 0.030301 0.924178 0.032944 0.002352
2 2 0.005411 0.022068 0.813159 0.155522 0.003840
2 2 0.019781 0.051140 0.771004 0.146518 0.011557
2 2 0.007528 0.024254 0.730199 0.233157 0.004862
2 2 0.011909 0.029216 0.727010 0.226375 0.005489
2 2 0.010541 0.030992 0.840419 0.113634 0.004413
2 2 0.013259 0.039713 0.857639 0.083389 0.005999
2 2 0.024799 0.051099 0.711109 0.201301 0.011692
2 2 0.006133 0.030545 0.904275 0.054286 0.004761
2 2 0.008647 0.022356 0.780878 0.185200 0.002920
2 2 0.005550 0.024430 0.889400 0.077252 0.003368
2 2 0.005536 0.020370 0.863169 0.108463 0.002462
2 2 0.012683 0.035635 0.783695 0.161254 0.006732
2 2 0.011163 0.032192 0.785371 0.165463 0.005811
2 2 0.010895 0.029831 0.734313 0.219109 0.005853
2 2 0.011533 0.031718 0.824015 0.128094 0.004640
2 2 0.024125 0.056558 0.761993 0.144593 0.012731
2 2 0.008864 0.023818 0.778465 0.185460 0.003393
2 2 0.007959 0.027721 0.795034 0.164077 0.005209
2 2 0.012143 0.033259 0.846492 0.103626 0.004481
2 2 0.012605 0.035864 0.712174 0.230508 0.008849
2 2 0.043956 0.066991 0.768263 0.110444 0.010345
2 2 0.014019 0.038928 0.872108 0.069992 0.004953
2 2 0.009217 0.023732 0.811982 0.152210 0.002859
2 2 0.033881 0.068259 0.661795 0.214834 0.021231
2 2 0.010881 0.035222 0.713351 0.230923 0.009623
2 2 0.020724 0.042036 0.632023 0.294337 0.010880
2 2 0.074988 0.071698 0.644215 0.197330 0.011769
2 2 0.013841 0.040580 0.933362 0.009828 0.002389
2 2 0.016942 0.047639 0.917920 0.013932 0.003566
2 2 0.008389 0.034999 0.946248 0.008057 0.002307
2 2 0.008351 0.031670 0.947508 0.010503 0.001968
2 2 0.039605 0.067180 0.871050 0.017379 0.004786
2 2 0.017588 0.042208 0.920858 0.016675 0.002672
2 2 0.033634 0.060199 0.885685 0.016500 0.003982
2 2 0.011778 0.040550 0.931259 0.013297 0.003116
2 2 0.004519 0.016691 0.969742 0.008489 0.000559
2 2 0.005626 0.023948 0.965106 0.004392 0.000929
2 2 0.013968 0.038604 0.913200 0.030888 0.003340
2 2 0.014180 0.044231 0.933203 0.005970 0.002416
2 2 0.012621 0.048459 0.930076 0.005804 0.003040
2 2 0.001617 0.012358 0.983956 0.001734 0.000334
2 2 0.016993 0.050213 0.930024 0.001375 0.001395
2 0 0.278114 0.169315 0.525758 0.012492 0.014321
2 1 0.076508 0.112968 0.791573 0.009690 0.009261
2 1 0.002093 0.030332 0.965188 0.001229 0.001159
2 2 0.007791 0.023814 0.963879 0.003867 0.000649
2 2 0.006002 0.031622 0.961083 0.000591 0.000702
2 2 0.005442 0.024873 0.965846 0.002936 0.000903
2 2 0.005799 0.024124 0.968462 0.001085 0.000529
2 2 0.006592 0.052296 0.939743 0.000229 0.001141
2 2 0.003277 0.025318 0.968401 0.002038 0.000966
2 2 0.005382 0.023436 0.969696 0.000982 0.000503
2 2 0.004525 0.102693 0.888852 0.000234 0.003696
2 1 0.107016 0.094482 0.753124 0.037641 0.007737
2 1 0.023779 0.127601 0.843126 0.000664 0.004830
2 2 0.003928 0.015511 0.978195 0.002070 0.000296
2 2 0.012730 0.030558 0.948367 0.007288 0.001057
2 2 0.006490 0.022803 0.963312 0.006554 0.000841
2 2 0.012417 0.032223 0.952294 0.002282 0.000785
2 2 0.007355 0.022349 0.968055 0.001815 0.000427
2 2 0.056665 0.093264 0.837981 0.006285 0.005805
2 2 0.087077 0.118301 0.779719 0.006042 0.008861
2 2 0.087354 0.089098 0.779800 0.036223 0.007525
2 2 0.372561 0.201466 0.402323 0.005515 0.018135
2 2 0.308359 0.185129 0.488416 0.003415 0.014680
2 2 0.090149 0.123049 0.769216 0.007938 0.009648
2 2 0.246087 0.201055 0.504482 0.018121 0.030254
0 0 0.815590 0.115317 0.054217 0.002122 0.012754
0 0 0.937860 0.043296 0.010012 0.000581 0.008250
0 0 0.949962 0.033902 0.007450 0.000337 0.008349
0 0 0.965518 0.021328 0.004301 0.000122 0.008731
0 0 0.936327 0.043055 0.010427 0.000600 0.009591
0 0 0.947069 0.032661 0.007971 0.000345 0.011954
0 0 0.937026 0.046040 0.009952 0.000618 0.006364
0 0 0.947303 0.035916 0.008006 0.000384 0.008391
0 0 0.941210 0.042695 0.007905 0.000309 0.007881
0 0 0.670914 0.274661 0.032263 0.000282 0.021880
0 0 0.709167 0.240831 0.025105 0.000396 0.024501
0 0 0.925492 0.057603 0.009567 0.000394 0.006943
0 0 0.949505 0.033457 0.007546 0.000336 0.009155
0 0 0.936159 0.039045 0.007843 0.000214 0.016739
0 0 0.948038 0.029308 0.007240 0.000260 0.015155
0 0 0.764168 0.187643 0.024063 0.000590 0.023536
0 1 0.632061 0.307091 0.027566 0.000380 0.032902
0 0 0.838940 0.114872 0.019095 0.000527 0.026566
0 0 0.955853 0.029046 0.006234 0.000241 0.008626
0 0 0.949815 0.028180 0.007101 0.000264 0.014640
0 0 0.935945 0.037015 0.008871 0.000314 0.017855
0 0 0.920296 0.058476 0.008836 0.000219 0.012172
0 0 0.782914 0.177096 0.018548 0.000321 0.021121
0 0 0.681159 0.261472 0.027450 0.000493 0.029426
0 0 0.625090 0.307444 0.031153 0.000511 0.035802
0 1 0.576443 0.323512 0.048371 0.001377 0.050297
1 1 0.326572 0.512658 0.066912 0.001338 0.092520
1 1 0.333935 0.513565 0.066339 0.001128 0.085032
1 1 0.405021 0.476263 0.056712 0.000680 0.061324
1 1 0.193027 0.545439 0.124729 0.003439 0.133365
0 1 0.483078 0.338143 0.115156 0.003492 0.060131
1 2 0.294045 0.348149 0.307842 0.003057 0.046907
2 2 0.111518 0.357533 0.486492 0.003441 0.041016
2 2 0.007656 0.123792 0.863867 0.000268 0.004418
2 2 0.006017 0.078270 0.913906 0.000115 0.001692
2 2 0.008489 0.027870 0.962866 0.000165 0.000610
2 2 0.029016 0.279914 0.681926 0.000203 0.008941
2 2 0.042603 0.404945 0.531800 0.000363 0.020290
0 0 0.449825 0.320888 0.202293 0.001555 0.025440
1 1 0.133249 0.479902 0.345201 0.001129 0.040519
2 1 0.045883 0.301883 0.621498 0.002043 0.028694
2 2 0.063808 0.283630 0.634398 0.001076 0.017089
2 2 0.036980 0.331995 0.611924 0.000563 0.018538
2 2 0.006890 0.033145 0.959144 0.000270 0.000551
2 2 0.005061 0.041640 0.952767 0.000061 0.000470
2 2 0.006466 0.025139 0.968027 0.000116 0.000252
2 2 0.003454 0.016900 0.978819 0.000575 0.000252
2 2 0.002648 0.062906 0.932742 0.000164 0.001540
2 2 0.002917 0.063184 0.932789 0.000058 0.001052
2 2 0.002716 0.038516 0.958121 0.000102 0.000545
2 2 0.001939 0.012647 0.984973 0.000291 0.000149
2 2 0.005253 0.039053 0.954968 0.000170 0.000555
2 2 0.004029 0.111999 0.881951 0.000048 0.001973
2 2 0.003071 0.014989 0.981602 0.000203 0.000135
2 2 0.001241 0.009633 0.988874 0.000165 0.000086
2 2 0.004144 0.015529 0.978873 0.001224 0.000230
2 2 0.000950 0.006181 0.991736 0.001063 0.000070
2 2 0.001104 0.009409 0.989167 0.000223 0.000097
2 2 0.008909 0.054090 0.934792 0.000713 0.001496
2 2 0.005712 0.020859 0.972844 0.000352 0.000233
2 2 0.001187 0.008011 0.990560 0.000184 0.000057
2 2 0.004137 0.021048 0.974370 0.000163 0.000282
2 2 0.002376 0.014726 0.981933 0.000700 0.000264
2 2 0.002366 0.012370 0.979835 0.005064 0.000364
2 2 0.002173 0.017463 0.980034 0.000140 0.000190
2 2 0.002054 0.010582 0.980294 0.006764 0.000306
2 2 0.000846 0.006858 0.990382 0.001788 0.000126
2 2 0.002400 0.010252 0.983307 0.003845 0.000195
2 2 0.004474 0.015909 0.978142 0.000926 0.000549
2 2 0.002036 0.013727 0.983591 0.000437 0.000209
2 2 0.002220 0.012696 0.983420 0.001414 0.000249
2 2 0.003167 0.013859 0.981234 0.001505 0.000234
2 2 0.007826 0.043784 0.946098 0.000897 0.001395
2 2 0.004927 0.028456 0.771587 0.005335 0.189695
2 2 0.002875 0.014537 0.871353 0.006508 0.104727
4 4 0.048250 0.091025 0.090890 0.003786 0.766049
4 4 0.025427 0.035455 0.021725 0.000384 0.917010
4 4 0.025261 0.018939 0.017632 0.000462 0.937707
4 4 0.025322 0.034616 0.018424 0.000246 0.921391
4 4 0.034149 0.133959 0.040316 0.000459 0.791117
4 4 0.037242 0.029612 0.015063 0.000169 0.917913
4 4 0.037361 0.018478 0.011680 0.000147 0.932334
4 4 0.037846 0.028405 0.020369 0.000426 0.912955
4 4 0.065663 0.169813 0.028653 0.000134 0.735737
4 4 0.100907 0.014967 0.009465 0.000110 0.874550
4 4 0.025093 0.035269 0.021163 0.000358 0.918117
4 4 0.070818 0.021240 0.011654 0.000126 0.896163
4 4 0.104071 0.012949 0.010949 0.000202 0.871829
4 4 0.155541 0.012767 0.010836 0.000208 0.820649
4 4 0.122632 0.012854 0.013246 0.000357 0.850910
4 4 0.030803 0.022661 0.018616 0.000433 0.927487
4 4 0.103880 0.015545 0.008556 0.000079 0.871940
4 4 0.042739 0.021640 0.011023 0.000103 0.924495
4 4 0.040100 0.019717 0.006140 0.000021 0.934022
4 4 0.120780 0.014007 0.006943 0.000050 0.858219
4 4 0.059074 0.080472 0.015422 0.000054 0.844978
4 4 0.016459 0.023405 0.013770 0.000172 0.946193
4 4 0.043524 0.049979 0.013402 0.000063 0.893032
4 4 0.045686 0.014560 0.011704 0.000201 0.927849
4 4 0.129137 0.036119 0.007935 0.000023 0.826786
4 4 0.071641 0.154311 0.017117 0.000034 0.756897
0 4 0.449613 0.134630 0.012427 0.000024 0.403307
4 4 0.088912 0.085299 0.013403 0.000034 0.812352
4 4 0.084911 0.059159 0.009547 0.000020 0.846363
4 4 0.025936 0.103430 0.023014 0.000122 0.847498
4 4 0.048601 0.040331 0.010410 0.000040 0.900618
4 4 0.091986 0.018857 0.008518 0.000060 0.880578
4 4 0.021870 0.016372 0.008228 0.000062 0.953469
4 4 0.040572 0.068977 0.012165 0.000032 0.878254
4 4 0.068004 0.010823 0.009286 0.000153 0.911734
4 4 0.046695 0.012087 0.007175 0.000062 0.933980
4 4 0.039377 0.024947 0.010326 0.000071 0.925279
4 4 0.098291 0.041462 0.008391 0.000022 0.851834
4 4 0.111325 0.119897 0.015262 0.000034 0.753482
4 4 0.111301 0.012265 0.006052 0.000040 0.870343
4 4 0.150983 0.080728 0.012584 0.000032 0.755672
4 4 0.075514 0.037734 0.012442 0.000075 0.874236
4 4 0.116198 0.014754 0.009079 0.000101 0.859868
4 4 0.062864 0.012340 0.006865 0.000054 0.917877
4 4 0.126730 0.014806 0.006724 0.000043 0.851698
4 4 0.154284 0.043798 0.007174 0.000014 0.794730
4 4 0.121289 0.031145 0.007931 0.000027 0.839609
4 4 0.115785 0.014573 0.006843 0.000045 0.862754
4 4 0.223508 0.018930 0.008889 0.000076 0.748598
4 4 0.051064 0.017377 0.015249 0.000346 0.915963
4 4 0.193631 0.013296 0.004643 0.000018 0.788413
4 4 0.072364 0.024084 0.011230 0.000097 0.892225
4 4 0.135639 0.020161 0.006970 0.000032 0.837197
4 4 0.225400 0.013147 0.005091 0.000024 0.756338
4 4 0.130040 0.017789 0.006941 0.000037 0.845193
4 4 0.076731 0.032447 0.010707 0.000058 0.880056
4 4 0.120494 0.017194 0.007451 0.000047 0.854814
4 4 0.080491 0.009025 0.005363 0.000040 0.905081
4 4 0.061837 0.013499 0.008628 0.000093 0.915943
4 4 0.140432 0.014760 0.008633 0.000089 0.836085
0 4 0.497132 0.010998 0.005566 0.000051 0.486252
4 4 0.265418 0.017929 0.005907 0.000026 0.710720
4 4 0.065222 0.016750 0.007781 0.000053 0.910193
4 4 0.169896 0.057657 0.009556 0.000022 0.762869
4 4 0.046469 0.072291 0.015766 0.000064 0.865409
4 4 0.081667 0.029780 0.010586 0.000063 0.877904
4 4 0.127805 0.020980 0.006232 0.000022 0.844961
4 4 0.137660 0.017661 0.008367 0.000065 0.836247
4 4 0.069310 0.034709 0.008549 0.000028 0.887404
4 4 0.072015 0.042032 0.009631 0.000031 0.876291
4 4 0.080872 0.053797 0.013047 0.000055 0.852229
4 4 0.107080 0.148428 0.016808 0.000035 0.727649
4 4 0.088768 0.040556 0.010209 0.000039 0.860429
4 4 0.070714 0.050418 0.014713 0.000084 0.864071
4 4 0.096950 0.135178 0.019628 0.000060 0.748185
4 4 0.034489 0.089862 0.025671 0.000200 0.849779
4 4 0.053286 0.112156 0.016143 0.000041 0.818374
4 4 0.044785 0.160160 0.025066 0.000095 0.769893
4 4 0.027730 0.227127 0.013945 0.000012 0.731187
4 4 0.056770 0.034152 0.023015 0.000489 0.885574
4 4 0.232441 0.031963 0.019643 0.000389 0.715564
4 4 0.007809 0.013025 0.007426 0.000060 0.971680
4 4 0.017085 0.017317 0.010263 0.000108 0.955227
4 4 0.017378 0.185370 0.015502 0.000020 0.781731
4 4 0.004597 0.121302 0.030365 0.000184 0.843552
4 4 0.022084 0.173479 0.019425 0.000034 0.784978
4 4 0.012233 0.210293 0.019672 0.000025 0.757777
4 4 0.006897 0.143334 0.029332 0.000101 0.820335
4 4 0.018455 0.178047 0.020285 0.000045 0.783168
4 1 0.123024 0.223338 0.026787 0.000086 0.626765
4 1 0.006701 0.131151 0.025188 0.000112 0.836848
4 1 0.024795 0.167854 0.028245 0.000026 0.779080
4 1 0.008212 0.153162 0.049424 0.000247 0.788954
4 1 0.006211 0.193911 0.078673 0.000453 0.720753
4 1 0.006733 0.139684 0.061417 0.000374 0.791791
4 1 0.024303 0.200503 0.039840 0.000022 0.735332
4 1 0.006830 0.175319 0.028849 0.000064 0.788937
4 1 0.004427 0.194417 0.114328 0.000339 0.686490
2 1 0.004858 0.301868 0.568794 0.000008 0.124472
4 1 0.017122 0.244901 0.164895 0.000106 0.572976
2 1 0.001095 0.244544 0.440289 0.000181 0.313891
2 1 0.001719 0.315921 0.384225 0.000094 0.298041
2 1 0.009998 0.250894 0.545910 0.000030 0.193168
1 1 0.002952 0.413426 0.358374 0.000052 0.225196
2 1 0.002414 0.317795 0.499526 0.000107 0.180158
2 1 0.001639 0.194947 0.605655 0.000099 0.197660
2 1 0.003698 0.166284 0.732964 0.000014 0.097040
2 2 0.007475 0.256322 0.597254 0.000177 0.138772
2 2 0.001007 0.296901 0.428678 0.000202 0.273211
2 2 0.002011 0.080588 0.860000 0.000012 0.057389
2 2 0.001470 0.291304 0.489072 0.000279 0.217876
2 2 0.001071 0.113186 0.766599 0.000013 0.119131
2 2 0.003337 0.201136 0.643929 0.000091 0.151507
2 2 0.001527 0.099903 0.811404 0.000112 0.087054
2 2 0.002698 0.054738 0.906515 0.000016 0.036034
2 2 0.003405 0.114015 0.755278 0.000123 0.127179
2 2 0.001487 0.257665 0.516080 0.000351 0.224418
2 2 0.001427 0.023094 0.945389 0.000031 0.030059
2 2 0.000899 0.027832 0.967668 0.001485 0.002115
2 2 0.001319 0.016239 0.979227 0.000043 0.003172
2 2 0.000429 0.004890 0.991727 0.002682 0.000271
2 2 0.000523 0.020515 0.976558 0.000171 0.002233
2 2 0.000864 0.003579 0.994905 0.000254 0.000397
2 2 0.000956 0.009238 0.988188 0.000235 0.001383
2 2 0.000519 0.007714 0.990686 0.000451 0.000631
2 2 0.000969 0.010829 0.986703 0.000093 0.001407
2 2 0.000137 0.001805 0.991819 0.006061 0.000178
2 2 0.001527 0.013686 0.980192 0.000619 0.003976
2 2 0.000208 0.007765 0.990391 0.001176 0.000461
2 2 0.001881 0.007619 0.986791 0.003089 0.000620
2 2 0.001803 0.048016 0.941834 0.000380 0.007967
2 2 0.000389 0.003453 0.993169 0.002410 0.000580
2 2 0.000940 0.005784 0.987013 0.004481 0.001782
2 2 0.002072 0.036940 0.954734 0.003526 0.002728
2 2 0.001719 0.034065 0.960962 0.001552 0.001702
2 2 0.000956 0.008552 0.960243 0.029614 0.000635
2 2 0.000979 0.009022 0.971711 0.017710 0.000578
2 2 0.002176 0.013237 0.943583 0.039896 0.001108
2 2 0.003722 0.041679 0.918297 0.029267 0.007035
2 2 0.001394 0.008126 0.899863 0.089959 0.000658
2 2 0.001382 0.012451 0.925488 0.058986 0.001692
2 2 0.003581 0.016602 0.923908 0.054416 0.001493
2 2 0.004967 0.026004 0.895047 0.069789 0.004194
2 2 0.005550 0.021578 0.883319 0.086996 0.002557
2 2 0.001458 0.013477 0.904370 0.078409 0.002286
2 2 0.016707 0.051106 0.724615 0.193147 0.014424
2 2 0.003253 0.019463 0.777308 0.194963 0.005013
2 2 0.003492 0.018577 0.815927 0.158384 0.003620
2 2 0.005622 0.026037 0.897097 0.067539 0.003704
2 2 0.001865 0.013334 0.884202 0.098600 0.001998
2 2 0.004201 0.020008 0.707108 0.263309 0.005374
2 2 0.002560 0.013258 0.717649 0.263764 0.002768
2 2 0.007309 0.022083 0.585455 0.379078 0.006075
2 2 0.001941 0.010886 0.870530 0.115426 0.001217
2 2 0.009357 0.025171 0.730863 0.230226 0.004382
2 2 0.005134 0.024406 0.765783 0.198468 0.006208
2 2 0.117574 0.101309 0.670058 0.096860 0.014199
2 0 0.297479 0.279774 0.372280 0.009244 0.041223
2 1 0.011751 0.167384 0.801309 0.002183 0.017373
2 1 0.003889 0.071658 0.917204 0.001989 0.005260
2 2 0.008138 0.025667 0.964426 0.000666 0.001103
2 2 0.002740 0.062066 0.932909 0.000277 0.002008
2 2 0.001595 0.028310 0.968659 0.000363 0.001073
2 2 0.002590 0.012907 0.981574 0.002327 0.000602
2 2 0.002097 0.011991 0.984517 0.000659 0.000736
2 2 0.001963 0.013279 0.981268 0.002678 0.000813
2 2 0.001930 0.043363 0.944545 0.000258 0.009903
2 2 0.001789 0.013758 0.979519 0.004217 0.000717
2 2 0.001791 0.016571 0.962167 0.017764 0.001707
2 2 0.000352 0.003962 0.991087 0.004484 0.000115
2 2 0.001177 0.019520 0.976766 0.001702 0.000836
2 2 0.002037 0.010907 0.985200 0.001140 0.000716
2 2 0.001168 0.021492 0.972779 0.002795 0.001766
2 2 0.001156 0.008724 0.984769 0.003830 0.001521
2 2 0.000861 0.007981 0.976698 0.014035 0.000425
2 2 0.001803 0.058316 0.929899 0.003301 0.006681
2 2 0.002394 0.012616 0.980452 0.004185 0.000352
2 2 0.005427 0.023120 0.940413 0.029143 0.001896
2 2 0.001159 0.018379 0.977239 0.001680 0.001543
2 2 0.000880 0.010917 0.985278 0.001636 0.001289
2 2 0.000846 0.006837 0.982838 0.008969 0.000510
2 2 0.003458 0.073201 0.917309 0.000286 0.005746
2 2 0.006386 0.027296 0.909845 0.053123 0.003350
2 2 0.006377 0.059976 0.921077 0.005286 0.007284
2 2 0.000969 0.010530 0.982698 0.005353 0.000450
2 2 0.001448 0.010067 0.985873 0.002135 0.000477
2 2 0.005058 0.025505 0.960604 0.007133 0.001699
2 2 0.001284 0.022347 0.972073 0.000934 0.003361
2 2 0.009131 0.023031 0.955265 0.011767 0.000806
2 2 0.001910 0.031482 0.961543 0.001838 0.003227
2 2 0.002240 0.010585 0.978120 0.008740 0.000314
2 2 0.006283 0.028672 0.955824 0.007525 0.001696
2 2 0.001828 0.058573 0.932891 0.001316 0.005392
2 2 0.001961 0.013410 0.964574 0.019022 0.001032
2 2 0.004570 0.019764 0.966795 0.004330 0.004541
2 2 0.004212 0.017815 0.971190 0.005735 0.001048
2 2 0.002735 0.071685 0.910414 0.005219 0.009947
2 2 0.007544 0.038706 0.938965 0.011871 0.002915
