0 0 0.997572 0.002030 0.000073 0.000000 0.000325
0 0 0.987372 0.007315 0.000874 0.000082 0.004357
0 0 0.981548 0.008091 0.001425 0.000386 0.008550
0 0 0.974538 0.012328 0.002164 0.000453 0.010518
0 0 0.990076 0.003909 0.000634 0.000208 0.005173
0 0 0.980226 0.008071 0.001534 0.000518 0.009650
0 0 0.992876 0.002232 0.000385 0.000210 0.004296
0 0 0.991788 0.002253 0.000436 0.000329 0.005194
0 0 0.981193 0.007378 0.001426 0.000533 0.009471
0 0 0.993247 0.002429 0.000378 0.000146 0.003800
0 0 0.991145 0.003734 0.000510 0.000101 0.004511
0 0 0.989346 0.001557 0.000303 0.000244 0.008549
0 0 0.989727 0.004293 0.000671 0.000188 0.005120
0 0 0.961984 0.021744 0.002540 0.000102 0.013630
0 0 0.987571 0.005145 0.000854 0.000255 0.006176
0 0 0.990502 0.004142 0.000613 0.000149 0.004595
0 0 0.919405 0.059049 0.004273 0.000021 0.017252
0 0 0.981516 0.010247 0.001065 0.000049 0.007124
0 0 0.981544 0.012101 0.000921 0.000015 0.005419
0 0 0.969187 0.016482 0.001629 0.000044 0.012658
0 0 0.937279 0.039412 0.003224 0.000028 0.020057
0 0 0.855831 0.082904 0.010730 0.000220 0.050316
0 0 0.800691 0.118639 0.013108 0.000121 0.067441
0 0 0.848378 0.081769 0.011012 0.000248 0.058593
0 0 0.876437 0.087637 0.013416 0.000570 0.021941
0 0 0.771539 0.170964 0.014615 0.000054 0.042829
0 0 0.917679 0.052581 0.008870 0.000688 0.020182
0 0 0.909548 0.041314 0.005775 0.000227 0.043135
0 0 0.910229 0.036942 0.005635 0.000304 0.046891
0 0 0.776560 0.175841 0.013721 0.000039 0.033839
0 0 0.725910 0.199263 0.016017 0.000040 0.058770
0 0 0.775852 0.178285 0.012190 0.000023 0.033650
0 0 0.476609 0.454664 0.026720 0.000013 0.041994
0 0 0.752604 0.191418 0.019555 0.000125 0.036298
0 0 0.618557 0.330525 0.020149 0.000017 0.030752
1 0 0.449985 0.472480 0.027343 0.000012 0.050180
1 0 0.444164 0.462801 0.036047 0.000040 0.056948
0 0 0.863317 0.080982 0.017432 0.002049 0.036220
0 0 0.890598 0.074857 0.008758 0.000163 0.025625
0 0 0.494632 0.447526 0.022660 0.000007 0.035174
1 0 0.392986 0.511886 0.025367 0.000005 0.069756
1 0 0.417286 0.498113 0.024937 0.000006 0.059657
1 0 0.398768 0.516313 0.021463 0.000003 0.063453
1 0 0.420059 0.444245 0.034706 0.000033 0.100956
0 0 0.876250 0.091843 0.010625 0.000179 0.021103
0 0 0.552764 0.327382 0.045809 0.000434 0.073611
1 1 0.415285 0.500275 0.024448 0.000005 0.059987
1 1 0.343826 0.521353 0.032787 0.000012 0.102022
1 1 0.251685 0.530576 0.036547 0.000013 0.181180
1 2 0.196444 0.498148 0.044728 0.000030 0.260651
1 2 0.161552 0.536054 0.133995 0.000315 0.168084
1 2 0.206122 0.514228 0.069610 0.000104 0.209936
1 2 0.079746 0.495587 0.233380 0.000593 0.190693
1 2 0.114297 0.559936 0.144832 0.000130 0.180806
1 2 0.044810 0.429490 0.411482 0.001219 0.112999
2 2 0.026713 0.327524 0.490172 0.004249 0.151342
2 2 0.025419 0.325934 0.422584 0.003447 0.222616
2 2 0.010921 0.219059 0.645789 0.003790 0.120442
2 2 0.004769 0.124759 0.799566 0.004278 0.066628
1 2 0.075224 0.472944 0.217795 0.000671 0.233366
2 2 0.000100 0.008134 0.985120 0.004497 0.002149
2 2 0.007286 0.079335 0.872392 0.019755 0.021232
2 2 0.002917 0.098066 0.849709 0.006218 0.043090
2 2 0.001340 0.037676 0.926922 0.016080 0.017982
2 2 0.000535 0.020783 0.956645 0.011925 0.010111
2 2 0.000188 0.010286 0.977532 0.008773 0.003221
2 2 0.000333 0.017457 0.966030 0.007306 0.008874
2 2 0.000061 0.003086 0.983595 0.011609 0.001649
2 2 0.000106 0.005575 0.979412 0.012797 0.002110
2 2 0.000189 0.007411 0.972350 0.015556 0.004494
2 2 0.000859 0.017016 0.930831 0.037743 0.013550
2 2 0.000457 0.004705 0.912181 0.078822 0.003835
2 2 0.001443 0.010841 0.889859 0.081641 0.016216
2 2 0.004349 0.025153 0.767787 0.170734 0.031977
2 2 0.000529 0.013680 0.951377 0.025497 0.008917
2 2 0.002038 0.013562 0.820692 0.151394 0.012314
2 3 0.002337 0.008469 0.756517 0.218459 0.014218
2 3 0.004923 0.013051 0.626785 0.332143 0.023098
3 3 0.007452 0.010790 0.479616 0.479765 0.022378
2 3 0.003196 0.007616 0.584917 0.391385 0.012886
3 3 0.012168 0.008662 0.219801 0.742191 0.017178
3 3 0.017517 0.014097 0.229667 0.715949 0.022769
3 3 0.020548 0.007471 0.130695 0.803881 0.037406
3 3 0.024135 0.006976 0.108743 0.820625 0.039522
3 3 0.011574 0.003419 0.096321 0.876415 0.012270
3 3 0.016256 0.009960 0.207117 0.735879 0.030787
3 3 0.008488 0.002440 0.090693 0.888560 0.009819
3 3 0.004790 0.001038 0.048805 0.943058 0.002309
3 3 0.006263 0.001563 0.059840 0.927687 0.004647
3 3 0.019998 0.003382 0.058417 0.898271 0.019932
3 3 0.018033 0.001857 0.034586 0.931939 0.013585
3 3 0.006178 0.000804 0.028882 0.961155 0.002981
3 3 0.009319 0.001785 0.050005 0.932489 0.006402
3 3 0.019655 0.003666 0.055287 0.907627 0.013764
3 3 0.007674 0.001194 0.035373 0.951799 0.003961
3 3 0.011347 0.001282 0.030615 0.950301 0.006454
3 3 0.019609 0.005896 0.101639 0.846476 0.026380
3 3 0.006404 0.000575 0.020600 0.969522 0.002898
3 3 0.004074 0.000356 0.019523 0.973869 0.002179
3 3 0.003707 0.000328 0.016307 0.978377 0.001281
3 3 0.004627 0.000249 0.010791 0.982905 0.001428
3 3 0.007038 0.001430 0.051643 0.934094 0.005795
3 3 0.007736 0.000405 0.012003 0.977345 0.002511
3 3 0.008291 0.000381 0.012452 0.975132 0.003744
3 3 0.019640 0.001210 0.020389 0.948023 0.010737
3 3 0.003936 0.000268 0.012919 0.981604 0.001273
3 3 0.012365 0.001232 0.029101 0.949592 0.007711
3 3 0.007391 0.000847 0.026084 0.962290 0.003388
3 3 0.013935 0.000824 0.015621 0.964617 0.005003
3 3 0.007663 0.000446 0.013251 0.976081 0.002560
3 3 0.012637 0.000962 0.019673 0.961694 0.005035
3 3 0.005526 0.000264 0.010114 0.982410 0.001685
3 3 0.012104 0.000922 0.021198 0.959815 0.005961
3 3 0.007540 0.000753 0.021885 0.966904 0.002918
3 3 0.003440 0.000260 0.013764 0.981409 0.001128
3 3 0.006054 0.000355 0.012550 0.979068 0.001973
3 3 0.006992 0.000451 0.014249 0.975931 0.002377
3 3 0.009563 0.000776 0.021724 0.962974 0.004964
3 3 0.014752 0.000963 0.017384 0.961424 0.005478
3 3 0.013266 0.001303 0.028117 0.949799 0.007515
3 3 0.006844 0.000303 0.010675 0.979667 0.002512
3 3 0.004771 0.000351 0.014617 0.978650 0.001611
3 3 0.011453 0.000762 0.016623 0.967009 0.004154
3 3 0.010308 0.000512 0.012301 0.973471 0.003408
3 3 0.010123 0.000651 0.015612 0.970027 0.003587
3 3 0.006247 0.000381 0.013126 0.978182 0.002065
3 3 0.009225 0.000373 0.009845 0.977712 0.002846
3 3 0.007608 0.000301 0.009198 0.980609 0.002284
3 3 0.008909 0.000440 0.011787 0.975972 0.002893
3 3 0.006547 0.000442 0.014640 0.976132 0.002238
3 3 0.006499 0.000732 0.023590 0.966621 0.002557
3 3 0.004759 0.000211 0.009044 0.984590 0.001397
3 3 0.010497 0.000380 0.009169 0.976767 0.003188
3 3 0.010356 0.000238 0.005957 0.980676 0.002773
3 3 0.006662 0.000470 0.015326 0.975232 0.002310
3 3 0.006298 0.000384 0.013161 0.978072 0.002084
3 3 0.006532 0.000225 0.007760 0.983627 0.001855
3 3 0.010545 0.000698 0.016202 0.968772 0.003783
3 3 0.007940 0.000374 0.010951 0.978223 0.002512
3 3 0.007255 0.000420 0.012981 0.976941 0.002404
3 3 0.007715 0.000334 0.010025 0.979550 0.002376
3 3 0.007773 0.000387 0.011470 0.977880 0.002490
3 3 0.011106 0.000579 0.013129 0.971432 0.003754
3 3 0.010651 0.000477 0.011261 0.974174 0.003436
3 3 0.005306 0.000175 0.007064 0.985999 0.001455
3 3 0.013313 0.000496 0.010005 0.972000 0.004187
3 3 0.009734 0.000371 0.009456 0.977465 0.002974
3 3 0.009595 0.000585 0.014637 0.971854 0.003329
3 3 0.012573 0.000833 0.016944 0.965047 0.004603
3 3 0.007488 0.000265 0.008229 0.981843 0.002175
3 3 0.026772 0.002230 0.027364 0.929451 0.014183
3 3 0.010367 0.000443 0.010696 0.975202 0.003291
3 3 0.007902 0.000263 0.007885 0.981678 0.002271
3 3 0.009203 0.000367 0.009710 0.977894 0.002827
3 3 0.005804 0.000271 0.010011 0.982147 0.001768
3 3 0.009564 0.000684 0.016999 0.969287 0.003467
3 3 0.009330 0.000650 0.016481 0.970190 0.003348
3 3 0.012653 0.000618 0.012749 0.969718 0.004262
3 3 0.011508 0.000552 0.012243 0.971881 0.003816
3 3 0.012466 0.000723 0.014927 0.967488 0.004396
3 3 0.014927 0.001345 0.023577 0.954081 0.006069
3 3 0.017296 0.001615 0.025256 0.948610 0.007223
3 3 0.018399 0.000674 0.010676 0.964259 0.005992
3 3 0.020815 0.001289 0.018004 0.951964 0.007927
3 3 0.015649 0.000975 0.016888 0.960712 0.005776
3 3 0.035252 0.002696 0.024728 0.922187 0.015137
3 3 0.020719 0.000918 0.013132 0.958042 0.007189
3 3 0.012948 0.000504 0.010359 0.972080 0.004109
3 3 0.024729 0.001923 0.023185 0.939930 0.010232
3 3 0.013458 0.000682 0.013398 0.967851 0.004612
3 3 0.020303 0.001796 0.024951 0.944443 0.008508
3 3 0.016851 0.000870 0.014424 0.961899 0.005956
3 3 0.013442 0.000774 0.015102 0.965912 0.004770
3 3 0.022524 0.001291 0.017057 0.950656 0.008473
3 3 0.025441 0.001582 0.018948 0.944102 0.009928
3 3 0.020427 0.001010 0.014507 0.956763 0.007293
3 3 0.022814 0.002100 0.026611 0.938676 0.009799
3 3 0.015320 0.000709 0.012714 0.966059 0.005198
3 3 0.025565 0.001285 0.015545 0.948194 0.009412
3 3 0.013087 0.000901 0.017749 0.963397 0.004865
4 3 0.115440 0.052474 0.128534 0.256193 0.447358
4 3 0.039824 0.138080 0.212446 0.036728 0.572922
4 2 0.015112 0.221599 0.227128 0.002248 0.533912
1 2 0.132566 0.418225 0.110114 0.000991 0.338104
1 1 0.399727 0.404834 0.101711 0.004468 0.089260
4 2 0.014775 0.252909 0.286869 0.002194 0.443252
1 2 0.029624 0.341817 0.330085 0.002283 0.296191
4 2 0.022290 0.290144 0.311437 0.003137 0.372992
4 2 0.017320 0.232573 0.252725 0.004235 0.493147
4 2 0.026958 0.323188 0.170830 0.000426 0.478598
1 2 0.044741 0.442932 0.158311 0.000125 0.353891
1 2 0.048771 0.404632 0.224637 0.000875 0.321086
4 2 0.048709 0.362905 0.150782 0.000611 0.436993
4 2 0.027248 0.288005 0.173652 0.001048 0.510047
4 2 0.015727 0.252813 0.221578 0.001232 0.508650
4 2 0.036198 0.315072 0.160178 0.000929 0.487624
4 2 0.018255 0.220121 0.169075 0.002080 0.590468
2 2 0.011733 0.201022 0.429393 0.006163 0.351689
4 2 0.020703 0.220199 0.346694 0.010987 0.401416
2 2 0.009595 0.195562 0.420768 0.004311 0.369763
1 2 0.040141 0.399398 0.338066 0.001527 0.220868
2 2 0.010857 0.251898 0.598451 0.001861 0.136932
1 2 0.108760 0.484001 0.284829 0.001972 0.120437
1 2 0.131844 0.565136 0.214381 0.000322 0.088318
2 2 0.024760 0.374489 0.493275 0.000997 0.106479
2 2 0.007967 0.165323 0.675241 0.008985 0.142484
1 2 0.064401 0.439412 0.375548 0.002213 0.118426
2 2 0.019101 0.260297 0.571386 0.006407 0.142808
2 2 0.056123 0.395921 0.468196 0.003500 0.076260
2 2 0.021981 0.348462 0.526380 0.001274 0.101903
2 2 0.041395 0.376937 0.449158 0.002991 0.129518
2 2 0.003105 0.122015 0.827184 0.002061 0.045635
0 0 0.763573 0.169420 0.029806 0.001189 0.036012
1 1 0.367452 0.507609 0.048473 0.000051 0.076415
1 1 0.049109 0.448896 0.378106 0.000967 0.122921
2 2 0.024703 0.339839 0.559394 0.001916 0.074147
1 1 0.220438 0.579145 0.130272 0.000154 0.069991
1 2 0.098624 0.528762 0.216056 0.000430 0.156128
2 2 0.008923 0.178143 0.708443 0.006216 0.098274
2 2 0.052194 0.392202 0.472407 0.003664 0.079533
1 1 0.183156 0.400435 0.166022 0.005362 0.245025
1 1 0.144829 0.548233 0.170846 0.000372 0.135720
2 2 0.025344 0.309055 0.571252 0.005040 0.089310
2 2 0.011483 0.180353 0.534358 0.010639 0.263167
2 2 0.004447 0.119885 0.773304 0.007663 0.094700
2 2 0.001515 0.078238 0.873901 0.003119 0.043227
2 2 0.025860 0.279083 0.377577 0.009673 0.307808
2 2 0.004682 0.143698 0.758750 0.005255 0.087615
2 2 0.005467 0.147903 0.718416 0.006161 0.122053
2 2 0.005663 0.149382 0.724970 0.005788 0.114197
2 2 0.016722 0.196459 0.528066 0.017712 0.241040
2 2 0.008840 0.164287 0.681194 0.011025 0.134654
2 2 0.010711 0.164347 0.599318 0.013793 0.211831
2 2 0.007208 0.132839 0.724924 0.014054 0.120974
2 2 0.003648 0.122193 0.744383 0.004698 0.125078
0 2 0.406288 0.354120 0.148839 0.011630 0.079122
2 2 0.007785 0.166331 0.726646 0.009348 0.089888
2 2 0.001059 0.065814 0.882844 0.002406 0.047876
2 2 0.002244 0.111117 0.813722 0.002506 0.070411
2 2 0.004720 0.143877 0.708777 0.004852 0.137773
2 2 0.000775 0.037430 0.942494 0.005663 0.013638
2 2 0.001162 0.064998 0.880547 0.002970 0.050322
2 2 0.002304 0.056915 0.888585 0.016022 0.036174
2 2 0.002221 0.097998 0.822621 0.003506 0.073653
2 2 0.001347 0.051273 0.909269 0.007432 0.030679
2 2 0.000251 0.012242 0.971609 0.010035 0.005863
2 2 0.003265 0.087964 0.813919 0.009668 0.085184
2 2 0.001520 0.079999 0.856717 0.002904 0.058861
2 2 0.001196 0.060712 0.886223 0.003755 0.048114
2 2 0.005011 0.122358 0.762955 0.009044 0.100632
2 2 0.000576 0.021751 0.955370 0.012266 0.010036
2 2 0.001389 0.048863 0.902521 0.008834 0.038392
2 2 0.000517 0.022837 0.956023 0.008845 0.011778
2 2 0.001092 0.041165 0.916789 0.008582 0.032372
2 2 0.009125 0.158088 0.673786 0.013083 0.145919
1 1 0.301023 0.413416 0.203786 0.009135 0.072640
2 2 0.005991 0.194390 0.747044 0.001623 0.050952
2 2 0.001936 0.098561 0.841584 0.002712 0.055207
2 2 0.001649 0.072289 0.891933 0.004590 0.029540
2 2 0.001595 0.066701 0.892220 0.005262 0.034223
2 2 0.002004 0.065909 0.905074 0.005991 0.021023
2 2 0.005126 0.156460 0.774299 0.002086 0.062028
1 1 0.374950 0.430611 0.123341 0.003612 0.067486
1 2 0.037781 0.472135 0.424170 0.000248 0.065666
2 2 0.004549 0.134784 0.789494 0.005082 0.066090
2 2 0.005782 0.199608 0.736834 0.001068 0.056708
1 2 0.090172 0.439162 0.412517 0.003316 0.054833
2 2 0.004097 0.109822 0.856141 0.004042 0.025899
2 2 0.022283 0.361102 0.538817 0.000888 0.076909
2 2 0.003403 0.081458 0.887224 0.006993 0.020922
2 2 0.009116 0.207920 0.720216 0.002110 0.060638
2 2 0.022336 0.319240 0.619640 0.001431 0.037354
1 2 0.132851 0.491044 0.329438 0.001723 0.044944
1 2 0.100971 0.526024 0.281033 0.000654 0.091319
2 2 0.022254 0.362564 0.562240 0.000648 0.052294
2 2 0.011606 0.204172 0.750585 0.002860 0.030778
2 2 0.040693 0.370962 0.554143 0.001674 0.032528
2 2 0.002938 0.091673 0.878620 0.002943 0.023826
2 2 0.002656 0.100128 0.869143 0.002208 0.025865
2 2 0.005756 0.161385 0.798729 0.002061 0.032070
2 2 0.001785 0.077824 0.883454 0.003571 0.033366
2 2 0.005822 0.090619 0.886310 0.007451 0.009797
2 2 0.006875 0.100122 0.874575 0.008162 0.010265
2 2 0.003923 0.088500 0.867162 0.014088 0.026327
2 2 0.000763 0.049179 0.940817 0.001058 0.008183
2 2 0.001207 0.053656 0.926133 0.004549 0.014456
2 2 0.002145 0.039583 0.927091 0.022081 0.009099
2 2 0.005207 0.111458 0.824158 0.013575 0.045603
2 2 0.000974 0.015664 0.919848 0.061178 0.002336
2 2 0.002672 0.078146 0.878640 0.009592 0.030949
2 2 0.080661 0.273020 0.605071 0.012273 0.028975
2 2 0.015392 0.247918 0.703692 0.002766 0.030233
2 2 0.001533 0.066846 0.899469 0.004877 0.027275
2 2 0.006892 0.189657 0.755453 0.002158 0.045840
2 2 0.000066 0.004733 0.986420 0.007562 0.001219
2 2 0.002788 0.120918 0.826812 0.002446 0.047036
2 2 0.000530 0.031213 0.953624 0.004247 0.010385
2 2 0.001085 0.038226 0.936893 0.010329 0.013467
2 2 0.000226 0.017751 0.973427 0.003259 0.005337
2 2 0.000341 0.018573 0.968054 0.006547 0.006484
2 2 0.000473 0.018575 0.958981 0.012384 0.009587
2 2 0.000667 0.024846 0.949445 0.011744 0.013298
2 2 0.000751 0.019804 0.939329 0.025640 0.014477
2 2 0.000241 0.015010 0.972111 0.005612 0.007026
2 2 0.002014 0.032386 0.887250 0.049389 0.028961
2 2 0.001136 0.020221 0.915297 0.052692 0.010654
2 2 0.000488 0.021559 0.957326 0.009098 0.011529
2 2 0.001961 0.038200 0.911958 0.032033 0.015848
2 2 0.000186 0.008328 0.974346 0.014305 0.002835
2 2 0.004501 0.067391 0.869110 0.025987 0.033012
2 2 0.000431 0.014102 0.961252 0.020114 0.004102
2 2 0.000109 0.004473 0.971554 0.022815 0.001049
2 2 0.001203 0.039884 0.920958 0.011258 0.026698
2 2 0.000336 0.009199 0.953869 0.034523 0.002073
2 2 0.000796 0.026094 0.947212 0.014648 0.011249
2 2 0.000324 0.016179 0.968111 0.008318 0.007068
2 2 0.000680 0.014760 0.936551 0.042728 0.005281
2 2 0.000349 0.011036 0.959098 0.024398 0.005119
2 2 0.001109 0.028257 0.930433 0.022681 0.017520
2 2 0.000963 0.018363 0.945308 0.031695 0.003670
2 2 0.000769 0.019119 0.947839 0.028926 0.003347
2 2 0.000210 0.005967 0.953304 0.039462 0.001058
2 2 0.000367 0.013687 0.966373 0.015863 0.003710
2 2 0.000217 0.008538 0.971473 0.017993 0.001778
2 2 0.000104 0.005604 0.981096 0.012059 0.001137
2 2 0.000235 0.008401 0.967512 0.021919 0.001934
2 2 0.001515 0.030297 0.919662 0.034536 0.013990
2 2 0.000092 0.006856 0.985623 0.005791 0.001638
2 2 0.000296 0.003062 0.827765 0.168376 0.000500
2 2 0.000859 0.023062 0.948168 0.022771 0.005140
2 2 0.000171 0.006462 0.969770 0.022209 0.001388
2 2 0.000980 0.011693 0.851355 0.133485 0.002487
2 3 0.000480 0.010049 0.933346 0.054242 0.001883
2 3 0.000233 0.010062 0.973045 0.013945 0.002715
2 3 0.000590 0.003966 0.769465 0.224534 0.001445
2 3 0.000527 0.013757 0.950405 0.031230 0.004081
2 3 0.000823 0.011003 0.873014 0.113461 0.001699
2 3 0.000426 0.013930 0.960668 0.020310 0.004667
2 3 0.001186 0.020807 0.917673 0.053239 0.007095
2 3 0.003133 0.040649 0.879132 0.065140 0.011946
2 3 0.000441 0.014209 0.960690 0.020600 0.004060
2 3 0.000892 0.027412 0.947067 0.016127 0.008502
2 3 0.000167 0.011026 0.980197 0.005863 0.002747
2 2 0.000215 0.008672 0.971839 0.017042 0.002233
2 2 0.000199 0.006691 0.964339 0.027288 0.001484
2 2 0.000290 0.013278 0.969098 0.010893 0.006442
2 2 0.000516 0.010421 0.928898 0.057246 0.002919
2 2 0.000367 0.014637 0.966553 0.013551 0.004892
2 3 0.000788 0.021095 0.945932 0.024088 0.008098
2 3 0.000305 0.009382 0.960026 0.027616 0.002671
2 3 0.000396 0.016779 0.965182 0.011218 0.006425
2 3 0.001778 0.044357 0.910896 0.018357 0.024612
2 3 0.001359 0.024561 0.918373 0.046463 0.009244
2 3 0.000669 0.017619 0.949517 0.027191 0.005004
2 3 0.001592 0.036936 0.926914 0.023478 0.011080
2 3 0.000420 0.005849 0.886825 0.104980 0.001926
2 3 0.000150 0.006427 0.974101 0.017736 0.001586
2 3 0.000986 0.015959 0.907254 0.069905 0.005895
2 3 0.000660 0.013561 0.932459 0.049151 0.004169
2 3 0.000167 0.005898 0.966474 0.026333 0.001128
2 3 0.001756 0.051708 0.889290 0.011970 0.045275
2 3 0.003459 0.062358 0.862241 0.027323 0.044620
2 3 0.263076 0.207701 0.433341 0.055767 0.040115
1 1 0.086627 0.471501 0.382824 0.001522 0.057525
2 2 0.005759 0.152488 0.767351 0.006019 0.068384
2 2 0.004243 0.081932 0.817047 0.019390 0.077388
2 2 0.004045 0.106763 0.828583 0.008651 0.051959
2 2 0.006953 0.116945 0.754410 0.018987 0.102705
2 2 0.000342 0.017639 0.966996 0.007462 0.007562
2 2 0.007748 0.159986 0.719426 0.010074 0.102766
2 2 0.020744 0.222024 0.611938 0.017800 0.127495
2 2 0.002433 0.065102 0.882332 0.012659 0.037475
2 2 0.001357 0.056345 0.906359 0.005934 0.030005
2 2 0.001615 0.039075 0.918874 0.020968 0.019468
4 4 0.018553 0.235176 0.339809 0.007297 0.399165
4 4 0.014966 0.205255 0.325370 0.006290 0.448119
1 4 0.049952 0.423445 0.262259 0.000962 0.263382
2 4 0.019969 0.229740 0.522355 0.010071 0.217865
1 4 0.035177 0.333874 0.300319 0.003442 0.327188
4 4 0.021019 0.222666 0.241009 0.004867 0.510438
4 4 0.090010 0.095037 0.019964 0.000206 0.794783
4 4 0.079706 0.346169 0.048301 0.000073 0.525750
4 4 0.109296 0.319345 0.051800 0.000166 0.519393
4 4 0.102063 0.306607 0.045544 0.000105 0.545682
4 4 0.121086 0.047185 0.010241 0.000198 0.821291
4 4 0.079223 0.325460 0.061482 0.000255 0.533581
4 4 0.325186 0.044422 0.009218 0.000334 0.620840
4 4 0.429455 0.118609 0.014013 0.000068 0.437855
1 4 0.227201 0.494428 0.029146 0.000006 0.249220
4 4 0.109652 0.120424 0.018186 0.000067 0.751671
4 4 0.128782 0.177299 0.021546 0.000037 0.672335
4 4 0.180150 0.085661 0.018404 0.000355 0.715430
4 4 0.220232 0.009385 0.003499 0.001272 0.765612
4 4 0.091305 0.044602 0.011086 0.000278 0.852729
4 4 0.182260 0.185309 0.016261 0.000012 0.616158
4 4 0.224974 0.307143 0.026240 0.000018 0.441626
0 0 0.897347 0.027887 0.010180 0.010187 0.054399
0 0 0.983328 0.007762 0.001262 0.000279 0.007368
1 0 0.367305 0.482870 0.024612 0.000005 0.125207
1 0 0.265258 0.571436 0.020612 0.000001 0.142694
0 0 0.487425 0.418004 0.047649 0.000211 0.046711
1 0 0.294141 0.566385 0.020450 0.000001 0.119023
1 1 0.215999 0.527260 0.035099 0.000010 0.221632
1 1 0.183879 0.508802 0.036648 0.000011 0.270660
1 1 0.331079 0.538912 0.026624 0.000004 0.103381
1 1 0.239014 0.547699 0.028248 0.000004 0.185035
1 1 0.137646 0.459805 0.040127 0.000018 0.362404
1 1 0.315585 0.355186 0.027153 0.000017 0.302060
1 1 0.437877 0.455896 0.024164 0.000007 0.082056
1 1 0.328796 0.547220 0.023409 0.000002 0.100573
0 0 0.829474 0.126997 0.018701 0.000554 0.024275
1 0 0.326421 0.552726 0.021559 0.000002 0.099293
1 0 0.368901 0.536701 0.019980 0.000002 0.074417
1 1 0.282691 0.565443 0.021695 0.000001 0.130169
1 1 0.187607 0.508988 0.037507 0.000013 0.265885
1 1 0.225399 0.532173 0.034129 0.000009 0.208292
1 2 0.165729 0.470473 0.048457 0.000044 0.315296
1 2 0.166720 0.483229 0.042551 0.000023 0.307477
1 2 0.140549 0.433698 0.055256 0.000090 0.370407
1 2 0.169314 0.491150 0.039884 0.000017 0.299635
4 2 0.009333 0.298407 0.326211 0.000266 0.365783
2 2 0.003468 0.201744 0.435357 0.000564 0.358867
2 2 0.005676 0.203883 0.399902 0.001282 0.389258
2 2 0.003336 0.177380 0.559386 0.001038 0.258860
2 2 0.006158 0.207209 0.475225 0.001861 0.309546
2 2 0.001845 0.133892 0.645012 0.000798 0.218452
2 2 0.002744 0.128639 0.705970 0.002191 0.160457
2 2 0.001299 0.130728 0.655568 0.000434 0.211970
2 2 0.000328 0.045495 0.887440 0.000605 0.066132
2 2 0.001197 0.093599 0.752235 0.001031 0.151938
2 2 0.000162 0.028162 0.942959 0.000530 0.028187
2 2 0.000563 0.074380 0.839285 0.000479 0.085293
2 2 0.000255 0.042206 0.900665 0.000451 0.056424
2 2 0.000096 0.018789 0.960790 0.000523 0.019803
2 2 0.000061 0.017294 0.966601 0.000267 0.015777
2 2 0.000753 0.058120 0.870878 0.001649 0.068601
2 2 0.000079 0.028717 0.928945 0.000121 0.042138
2 2 0.000233 0.028744 0.939576 0.001032 0.030416
2 2 0.000034 0.006878 0.986264 0.000826 0.005999
2 2 0.000696 0.068151 0.851816 0.000922 0.078415
2 2 0.000047 0.007013 0.987789 0.001511 0.003640
2 2 0.000047 0.007721 0.987779 0.001183 0.003270
2 2 0.000203 0.014220 0.974470 0.004618 0.006489
2 2 0.000014 0.002511 0.995131 0.001599 0.000746
2 2 0.000023 0.003155 0.993084 0.002699 0.001038
2 2 0.000129 0.008650 0.981224 0.006414 0.003583
2 2 0.000168 0.014713 0.974616 0.002930 0.007572
2 2 0.000055 0.006350 0.987534 0.002560 0.003503
2 2 0.000176 0.011582 0.977280 0.005777 0.005184
2 2 0.000030 0.003944 0.991967 0.002588 0.001470
2 2 0.000152 0.012978 0.978164 0.003289 0.005417
2 2 0.000045 0.003194 0.986519 0.009189 0.001054
2 2 0.000055 0.005171 0.988529 0.004260 0.001985
2 2 0.000032 0.003237 0.991130 0.004668 0.000933
2 2 0.000081 0.006540 0.985438 0.005137 0.002805
2 2 0.000085 0.005801 0.984215 0.007607 0.002292
2 2 0.000074 0.005189 0.984888 0.007549 0.002301
2 2 0.000096 0.004318 0.974601 0.019682 0.001303
2 2 0.000047 0.004241 0.988643 0.005236 0.001832
2 2 0.000182 0.009200 0.975693 0.010848 0.004076
2 2 0.001052 0.020743 0.924946 0.043123 0.010137
2 2 0.001334 0.016644 0.871949 0.103864 0.006209
2 2 0.001917 0.010076 0.719809 0.261209 0.006989
2 3 0.002654 0.029619 0.848223 0.098652 0.020851
2 3 0.002019 0.005215 0.510864 0.478482 0.003419
2 3 0.000921 0.008574 0.860726 0.125353 0.004426
2 3 0.001668 0.016578 0.832757 0.139615 0.009382
2 3 0.001135 0.006878 0.733074 0.256913 0.001999
2 3 0.001922 0.012018 0.748195 0.232881 0.004985
2 3 0.003947 0.014384 0.587147 0.384692 0.009830
2 3 0.002897 0.008786 0.528388 0.455282 0.004647
2 3 0.003968 0.010717 0.512935 0.465241 0.007140
3 3 0.005258 0.010969 0.473757 0.500967 0.009049
2 3 0.008239 0.030348 0.605727 0.328136 0.027550
2 3 0.008595 0.016051 0.488959 0.457649 0.028746
3 3 0.006090 0.007715 0.315369 0.662831 0.007996
2 3 0.007150 0.018661 0.540262 0.410765 0.023161
2 3 0.005034 0.014279 0.568124 0.397460 0.015104
3 3 0.004325 0.008340 0.466784 0.511637 0.008914
3 3 0.026754 0.018542 0.229235 0.675015 0.050455
2 3 0.008515 0.048092 0.723650 0.144569 0.075175
2 3 0.009558 0.022938 0.527372 0.410771 0.029361
3 3 0.008201 0.007518 0.281860 0.689230 0.013190
3 3 0.050693 0.045049 0.281929 0.437456 0.184872
3 3 0.005847 0.012039 0.415091 0.557052 0.009971
2 3 0.009126 0.032843 0.624336 0.300305 0.033389
2 3 0.003482 0.012330 0.653753 0.317426 0.013008
2 3 0.004041 0.016676 0.633372 0.336015 0.009896
3 3 0.008183 0.003020 0.099016 0.884642 0.005139
3 3 0.020127 0.013413 0.236700 0.687892 0.041867
3 3 0.016946 0.004915 0.080007 0.884823 0.013309
3 3 0.016832 0.005854 0.108131 0.854532 0.014650
2 3 0.003907 0.034717 0.806501 0.132460 0.022415
2 3 0.001552 0.022594 0.893131 0.071441 0.011283
2 3 0.000690 0.011738 0.908281 0.074021 0.005269
2 3 0.002923 0.039891 0.871488 0.059647 0.026051
2 2 0.001101 0.018658 0.910368 0.059941 0.009932
2 2 0.008119 0.075228 0.782092 0.080128 0.054433
2 2 0.000415 0.011110 0.951972 0.033066 0.003437
2 2 0.001532 0.023649 0.900665 0.062984 0.011170
2 2 0.000438 0.030271 0.946120 0.003147 0.020025
2 2 0.000235 0.021499 0.963268 0.002191 0.012808
2 2 0.000740 0.046436 0.920577 0.002971 0.029276
2 2 0.001640 0.059346 0.891992 0.007448 0.039574
2 2 0.002012 0.073585 0.860018 0.006242 0.058142
2 2 0.000729 0.039265 0.934641 0.004438 0.020927
2 2 0.000162 0.014288 0.973136 0.002923 0.009491
2 2 0.000481 0.025949 0.953103 0.005581 0.014886
2 2 0.002939 0.083528 0.825612 0.009107 0.078813
2 2 0.000104 0.009308 0.983095 0.003545 0.003947
2 2 0.007235 0.171598 0.627000 0.006102 0.188065
2 2 0.003694 0.113302 0.786673 0.006266 0.090065
2 2 0.006170 0.179226 0.574964 0.003245 0.236395
1 2 0.078582 0.416559 0.249172 0.002157 0.253530
1 1 0.274707 0.453214 0.187550 0.005687 0.078843
2 1 0.016111 0.298007 0.412623 0.002006 0.271253
2 2 0.029885 0.368083 0.376211 0.001681 0.224141
4 2 0.019469 0.237465 0.315489 0.007022 0.420556
4 4 0.017037 0.181861 0.145990 0.003352 0.651760
1 4 0.029707 0.415070 0.290979 0.000371 0.263873
4 4 0.005753 0.001514 0.000783 0.000144 0.991805
4 4 0.010810 0.001821 0.000721 0.000079 0.986569
4 4 0.009475 0.011655 0.003441 0.000057 0.975373
4 4 0.010971 0.002894 0.001410 0.000248 0.984477
4 4 0.013029 0.002723 0.000991 0.000078 0.983179
4 4 0.006570 0.011755 0.004292 0.000109 0.977275
4 4 0.012330 0.002518 0.001305 0.000325 0.983522
4 4 0.015232 0.002380 0.000864 0.000081 0.981443
4 4 0.017471 0.003647 0.001250 0.000087 0.977545
4 4 0.019779 0.022343 0.003300 0.000007 0.954571
4 4 0.045784 0.065857 0.006110 0.000003 0.882246
4 4 0.008047 0.018891 0.003801 0.000013 0.969248
4 4 0.011559 0.003895 0.001157 0.000037 0.983351
4 4 0.009707 0.010108 0.002175 0.000014 0.977996
4 4 0.015517 0.057857 0.006254 0.000003 0.920370
4 4 0.014426 0.004706 0.001359 0.000042 0.979467
4 4 0.004313 0.004855 0.001979 0.000080 0.988773
4 4 0.023945 0.004129 0.001275 0.000075 0.970577
4 4 0.019894 0.010663 0.002669 0.000045 0.966729
4 4 0.014425 0.023188 0.003680 0.000008 0.958700
4 4 0.006106 0.026653 0.007497 0.000053 0.959691
4 4 0.011520 0.070804 0.011640 0.000014 0.906022
4 4 0.009643 0.017977 0.003874 0.000019 0.968487
4 4 0.023354 0.013176 0.002581 0.000020 0.960869
4 4 0.085202 0.036950 0.006353 0.000050 0.871444
4 4 0.009434 0.003371 0.001204 0.000065 0.985926
4 4 0.029550 0.001579 0.000765 0.000350 0.967755
4 4 0.013770 0.004410 0.001967 0.000250 0.979602
4 4 0.013465 0.010698 0.002783 0.000040 0.973014
4 4 0.025758 0.002218 0.000925 0.000202 0.970897
4 4 0.013917 0.005203 0.001844 0.000104 0.978931
4 4 0.021477 0.004336 0.001416 0.000090 0.972681
4 4 0.024372 0.061143 0.007991 0.000008 0.906486
4 4 0.042847 0.008478 0.002178 0.000076 0.946421
4 4 0.026403 0.002932 0.001043 0.000121 0.969501
4 4 0.021703 0.001559 0.000591 0.000098 0.976049
4 4 0.037936 0.001245 0.000719 0.000774 0.959325
4 4 0.019598 0.004718 0.001837 0.000186 0.973661
4 4 0.075672 0.005173 0.001814 0.000325 0.917016
4 4 0.054964 0.020331 0.003693 0.000033 0.920979
4 4 0.028541 0.128379 0.015031 0.000009 0.828039
4 4 0.014289 0.007422 0.002319 0.000075 0.975895
4 4 0.013000 0.003441 0.001634 0.000275 0.981651
4 4 0.083722 0.105821 0.011573 0.000013 0.798871
4 4 0.067352 0.049685 0.011668 0.000186 0.871109
4 4 0.016677 0.040959 0.013916 0.000302 0.928146
4 4 0.016897 0.012780 0.004409 0.000173 0.965741
4 4 0.015318 0.055562 0.014265 0.000102 0.914752
4 4 0.028804 0.007939 0.003320 0.000439 0.959498
4 4 0.051968 0.003239 0.001648 0.000942 0.942203
4 4 0.053532 0.000595 0.000413 0.001437 0.944023
4 1 0.041576 0.076914 0.012110 0.000031 0.869368
4 2 0.022599 0.046681 0.014860 0.000305 0.915556
4 1 0.197157 0.035745 0.009662 0.000618 0.756818
4 2 0.041288 0.123950 0.027374 0.000170 0.807218
4 2 0.022677 0.083718 0.021289 0.000163 0.872152
4 2 0.013198 0.109533 0.047493 0.001263 0.828513
4 2 0.011158 0.097347 0.042281 0.001057 0.848157
4 2 0.014840 0.112508 0.033577 0.000283 0.838792
4 2 0.010526 0.096671 0.041502 0.000962 0.850340
4 4 0.002514 0.021878 0.007392 0.000056 0.968160
4 4 0.005121 0.069713 0.019938 0.000086 0.905142
4 4 0.009659 0.004254 0.002514 0.000635 0.982938
4 4 0.023262 0.007904 0.002744 0.000171 0.965920
4 4 0.010504 0.062026 0.011825 0.000024 0.915621
4 4 0.054752 0.004458 0.001283 0.000103 0.939403
4 4 0.009535 0.020060 0.005521 0.000057 0.964827
4 4 0.004138 0.013444 0.003126 0.000012 0.979280
4 4 0.008765 0.057322 0.014773 0.000072 0.919068
4 4 0.006495 0.068005 0.017526 0.000064 0.907910
4 4 0.005411 0.006388 0.003196 0.000260 0.984745
4 4 0.004729 0.008245 0.002977 0.000068 0.983981
4 4 0.006474 0.044277 0.008804 0.000017 0.940429
4 4 0.005548 0.074126 0.019494 0.000066 0.900766
4 4 0.005102 0.065361 0.025065 0.000288 0.904184
4 4 0.006258 0.036393 0.010915 0.000084 0.946350
4 4 0.010981 0.123942 0.018331 0.000012 0.846733
4 4 0.007531 0.026833 0.007698 0.000067 0.957870
4 4 0.004733 0.010272 0.004739 0.000217 0.980038
4 4 0.004545 0.065514 0.018096 0.000066 0.911779
4 4 0.012129 0.122351 0.025248 0.000054 0.840219
4 4 0.018514 0.002284 0.001418 0.000883 0.976901
4 4 0.018075 0.039850 0.007046 0.000020 0.935009
4 4 0.054545 0.022188 0.008361 0.000771 0.914136
4 4 0.021815 0.125237 0.024575 0.000066 0.828306
4 4 0.009212 0.098138 0.027578 0.000145 0.864926
4 4 0.008002 0.052682 0.014659 0.000089 0.924568
4 4 0.009452 0.099692 0.027876 0.000146 0.862833
4 2 0.007126 0.078422 0.031664 0.000501 0.882287
4 2 0.008063 0.083833 0.034508 0.000615 0.872981
4 2 0.011231 0.110121 0.030542 0.000169 0.847938
4 2 0.009086 0.093595 0.031688 0.000310 0.865321
4 4 0.030755 0.016275 0.004343 0.000100 0.948528
4 4 0.008633 0.016995 0.005262 0.000080 0.969031
4 4 0.012212 0.055520 0.013926 0.000079 0.918263
4 4 0.007991 0.012843 0.004237 0.000085 0.974844
4 4 0.007958 0.041094 0.010497 0.000054 0.940397
4 4 0.021776 0.084496 0.017731 0.000070 0.875926
4 4 0.013654 0.117327 0.024469 0.000060 0.844490
4 4 0.007969 0.086263 0.030122 0.000308 0.875338
4 4 0.021163 0.036904 0.008113 0.000053 0.933767
4 4 0.006384 0.069424 0.016021 0.000040 0.908130
4 2 0.006742 0.061572 0.025189 0.000445 0.906053
4 2 0.009372 0.090878 0.038303 0.000791 0.860655
4 2 0.006955 0.049406 0.014858 0.000109 0.928673
4 2 0.004622 0.041047 0.016192 0.000234 0.937905
4 2 0.008304 0.067051 0.028407 0.000626 0.895613
4 4 0.012573 0.003139 0.001103 0.000071 0.983114
4 4 0.005599 0.007887 0.002975 0.000090 0.983449
4 4 0.005782 0.004447 0.002349 0.000283 0.987140
4 4 0.025859 0.001009 0.000504 0.000285 0.972343
4 4 0.021762 0.002543 0.001016 0.000161 0.974518
4 4 0.013261 0.002623 0.001198 0.000204 0.982715
4 4 0.009342 0.005478 0.001795 0.000058 0.983327
4 4 0.022204 0.001227 0.000825 0.001008 0.974736
4 4 0.009342 0.002482 0.000996 0.000090 0.987090
4 4 0.017378 0.001397 0.000621 0.000156 0.980448
4 4 0.056739 0.116543 0.025537 0.000199 0.800982
4 4 0.013368 0.039915 0.009573 0.000058 0.937085
4 4 0.011344 0.059318 0.016498 0.000121 0.912719
4 4 0.011973 0.103480 0.045350 0.001195 0.838003
4 2 0.014833 0.115718 0.052506 0.001717 0.815227
4 2 0.012580 0.041615 0.020224 0.001149 0.924433
4 4 0.032723 0.007021 0.002983 0.000480 0.956793
4 4 0.012672 0.006569 0.003908 0.000997 0.975853
4 4 0.050886 0.005532 0.002918 0.001443 0.939222
4 4 0.021133 0.117252 0.026342 0.000111 0.835162
4 4 0.009922 0.095137 0.037685 0.000649 0.856608
4 4 0.012007 0.037234 0.012253 0.000199 0.938307
4 4 0.011777 0.010321 0.005342 0.000670 0.971891
4 4 0.069567 0.258906 0.063963 0.000625 0.606939
4 4 0.009357 0.098895 0.027951 0.000151 0.863646
4 2 0.027475 0.057580 0.020885 0.000684 0.893377
4 2 0.047293 0.248316 0.055267 0.000295 0.648828
4 2 0.015217 0.117256 0.053426 0.001793 0.812308
4 2 0.013940 0.112049 0.050328 0.001545 0.822138
4 2 0.015893 0.119910 0.055028 0.001931 0.807238
4 2 0.013860 0.111712 0.050130 0.001530 0.822769
4 2 0.019533 0.133185 0.063254 0.002747 0.781281
4 2 0.018249 0.128686 0.060424 0.002445 0.790196
4 2 0.003744 0.171990 0.292794 0.000544 0.530928
4 2 0.004158 0.166592 0.206412 0.000432 0.622405
4 2 0.004244 0.176617 0.272500 0.000587 0.546052
4 2 0.005967 0.193528 0.257731 0.000843 0.541932
4 2 0.007231 0.176362 0.305287 0.001991 0.509128
4 2 0.011006 0.255534 0.142922 0.000107 0.590430
4 2 0.004127 0.180649 0.257485 0.000483 0.557256
4 2 0.005494 0.161376 0.167237 0.000593 0.665300
4 2 0.002677 0.148456 0.191094 0.000215 0.657558
2 2 0.004290 0.161475 0.477834 0.001711 0.354690
4 2 0.003932 0.164987 0.242386 0.000503 0.588193
4 2 0.004890 0.167611 0.247535 0.000767 0.579197
4 2 0.005918 0.181312 0.236342 0.000858 0.575570
4 2 0.004345 0.143336 0.339609 0.001429 0.511281
2 2 0.001356 0.089186 0.775630 0.001552 0.132277
4 2 0.003737 0.152151 0.414336 0.001227 0.428548
2 2 0.000637 0.091057 0.740672 0.000311 0.167323
2 2 0.000589 0.079667 0.740883 0.000372 0.178489
4 2 0.003650 0.152263 0.328532 0.000831 0.514723
2 2 0.000445 0.058259 0.831735 0.000548 0.109012
2 2 0.000017 0.003542 0.994102 0.001065 0.001274
2 2 0.000024 0.007043 0.989140 0.000392 0.003401
2 2 0.000157 0.019491 0.967588 0.001275 0.011488
2 2 0.000112 0.010401 0.979255 0.003144 0.007089
2 2 0.000276 0.024495 0.954883 0.002162 0.018184
2 2 0.000149 0.010890 0.978453 0.004868 0.005639
2 2 0.000087 0.011227 0.979584 0.001559 0.007543
2 2 0.000150 0.013554 0.974259 0.002888 0.009149
2 2 0.000269 0.023409 0.957227 0.002310 0.016784
2 2 0.000011 0.003312 0.994505 0.000520 0.001653
2 2 0.000026 0.003982 0.992398 0.001881 0.001713
2 2 0.000010 0.001706 0.995165 0.002489 0.000630
2 2 0.000240 0.018274 0.967333 0.003420 0.010733
2 2 0.000118 0.008186 0.981043 0.006215 0.004438
2 2 0.000205 0.017117 0.968461 0.002960 0.011257
2 2 0.000125 0.013390 0.973714 0.002067 0.010704
2 2 0.000073 0.006333 0.986290 0.004578 0.002726
2 2 0.000335 0.016775 0.961431 0.008161 0.013299
2 2 0.000137 0.011683 0.978007 0.003468 0.006705
2 2 0.000088 0.008234 0.983658 0.003451 0.004570
2 2 0.003200 0.020509 0.795534 0.155841 0.024916
2 3 0.001236 0.019377 0.912317 0.042150 0.024921
2 3 0.001607 0.019164 0.885656 0.077066 0.016507
2 3 0.004095 0.031710 0.813060 0.111942 0.039193
2 3 0.010383 0.026951 0.629386 0.282034 0.051245
2 3 0.011913 0.058288 0.661174 0.172134 0.096491
2 3 0.011031 0.070278 0.679841 0.142493 0.096357
2 3 0.004316 0.014826 0.736414 0.215536 0.028908
2 3 0.008631 0.054232 0.722147 0.110106 0.104884
2 3 0.004502 0.018751 0.726669 0.225875 0.024202
3 3 0.005988 0.007751 0.318572 0.659461 0.008228
2 3 0.032302 0.055147 0.414162 0.312913 0.185476
2 3 0.012674 0.043734 0.579781 0.297033 0.066778
2 3 0.029210 0.055068 0.446210 0.278659 0.190853
2 3 0.005595 0.017270 0.639141 0.307595 0.030399
3 3 0.026222 0.028164 0.349677 0.516520 0.079417
3 3 0.018355 0.019204 0.347597 0.569896 0.044948
3 3 0.019359 0.025147 0.373839 0.525689 0.055967
2 3 0.017109 0.032302 0.449329 0.440023 0.061237
2 3 0.019287 0.032738 0.455714 0.410848 0.081413
3 3 0.012726 0.009760 0.187405 0.777539 0.012570
3 3 0.020692 0.011389 0.168726 0.773618 0.025575
3 3 0.010503 0.009145 0.238696 0.728939 0.012717
3 3 0.015941 0.003370 0.053677 0.918254 0.008758
3 3 0.030198 0.010745 0.117319 0.806405 0.035334
3 3 0.019439 0.006915 0.107959 0.845116 0.020571
3 3 0.015675 0.005568 0.098852 0.866492 0.013412
3 3 0.033814 0.009074 0.093729 0.826822 0.036561
3 3 0.027247 0.009052 0.114203 0.813692 0.035806
3 3 0.017086 0.005712 0.087158 0.878499 0.011545
3 3 0.014831 0.001604 0.027883 0.949346 0.006337
3 3 0.009332 0.004042 0.111411 0.869225 0.005991
3 3 0.033832 0.007085 0.072716 0.855807 0.030561
3 3 0.007108 0.001198 0.039479 0.948825 0.003390
3 3 0.010148 0.002470 0.068117 0.911917 0.007348
3 3 0.009535 0.002822 0.085764 0.894038 0.007841
3 3 0.036033 0.029883 0.268634 0.562701 0.102750
3 3 0.009051 0.001184 0.029553 0.956331 0.003880
3 3 0.011310 0.001549 0.032490 0.949650 0.005002
3 3 0.045249 0.009403 0.086701 0.795467 0.063179
3 3 0.015971 0.002178 0.039184 0.932947 0.009720
3 3 0.004579 0.002295 0.129850 0.859177 0.004099
3 3 0.022210 0.004515 0.061988 0.894687 0.016600
3 3 0.033815 0.015165 0.164728 0.727309 0.058983
3 3 0.051118 0.029734 0.213806 0.561776 0.143566
3 3 0.013438 0.003142 0.064218 0.908726 0.010477
3 3 0.012442 0.002243 0.051187 0.925312 0.008816
3 3 0.012284 0.003764 0.085017 0.890170 0.008765
3 3 0.037518 0.012889 0.123759 0.773985 0.051850
3 3 0.005411 0.001785 0.072693 0.917145 0.002965
3 3 0.011333 0.001278 0.027153 0.955485 0.004751
3 3 0.017340 0.002095 0.033797 0.937865 0.008902
3 3 0.013019 0.002639 0.055679 0.921532 0.007131
3 3 0.058758 0.014940 0.108633 0.718148 0.099521
3 3 0.023008 0.004257 0.054359 0.903851 0.014525
3 3 0.014562 0.010148 0.210046 0.745138 0.020106
3 3 0.016030 0.004712 0.088920 0.876748 0.013589
3 3 0.025004 0.007119 0.087814 0.857729 0.022334
3 3 0.010032 0.004719 0.140848 0.834481 0.009920
3 3 0.014111 0.010194 0.222497 0.736967 0.016231
2 3 0.035721 0.131733 0.432033 0.090930 0.309583
2 3 0.016251 0.040506 0.608865 0.193927 0.140450
2 3 0.034628 0.047612 0.400816 0.400052 0.116892
2 3 0.028567 0.080391 0.403006 0.099956 0.388079
0 1 0.452036 0.391896 0.088547 0.003287 0.064236
1 2 0.060391 0.415599 0.330304 0.002887 0.190818
2 2 0.020968 0.210683 0.574874 0.025656 0.167819
2 2 0.017850 0.239164 0.461780 0.010101 0.271106
2 2 0.013166 0.185301 0.662818 0.012867 0.125848
1 1 0.322921 0.438507 0.107236 0.002680 0.128655
2 2 0.033837 0.399112 0.412988 0.001272 0.152791
2 2 0.035742 0.348315 0.409459 0.004729 0.201755
2 2 0.021222 0.215985 0.492353 0.020202 0.250239
2 2 0.005801 0.128565 0.642644 0.008397 0.214593
4 2 0.024391 0.260776 0.283496 0.006668 0.424669
2 2 0.023817 0.303669 0.348866 0.003531 0.320118
2 2 0.022874 0.249236 0.396607 0.011963 0.319321
4 2 0.026670 0.241123 0.349394 0.014597 0.368216
1 1 0.163097 0.437240 0.177482 0.004339 0.217843
2 2 0.020699 0.251327 0.373611 0.008819 0.345544
4 2 0.013456 0.124819 0.064112 0.001580 0.796034
4 2 0.013705 0.113321 0.046304 0.001027 0.825644
4 2 0.010090 0.094858 0.039799 0.000838 0.854415
4 2 0.012448 0.108751 0.041936 0.000732 0.836132
4 4 0.010728 0.062441 0.028123 0.000933 0.897776
4 4 0.010380 0.106206 0.028312 0.000132 0.854970
4 4 0.021759 0.162567 0.040299 0.000208 0.775166
4 4 0.012758 0.107677 0.046299 0.001178 0.832087
4 4 0.017199 0.132452 0.047071 0.000727 0.802551
4 4 0.007105 0.014871 0.007170 0.000425 0.970429
4 4 0.020531 0.004323 0.002334 0.000739 0.972073
4 4 0.008581 0.005702 0.003048 0.000448 0.982222
4 4 0.027703 0.079302 0.015378 0.000057 0.877560
4 4 0.014663 0.122354 0.041731 0.000521 0.820731
4 4 0.009717 0.089671 0.036212 0.000671 0.863729
4 4 0.008258 0.086104 0.033360 0.000491 0.871787
4 4 0.012187 0.107657 0.041169 0.000692 0.838295
1 1 0.299590 0.474176 0.069697 0.000359 0.156178
4 1 0.068108 0.279009 0.080452 0.001254 0.571177
4 2 0.011638 0.124318 0.067473 0.001293 0.795277
4 2 0.005382 0.135714 0.159319 0.000815 0.698769
4 2 0.005301 0.139396 0.132255 0.000561 0.722487
4 2 0.005688 0.146073 0.147845 0.000677 0.699716
4 2 0.006699 0.110369 0.065886 0.000565 0.816481
4 2 0.005521 0.114535 0.077293 0.000446 0.802206
4 2 0.004851 0.135457 0.136403 0.000530 0.722759
4 2 0.006063 0.107617 0.065112 0.000485 0.820723
4 2 0.005543 0.129032 0.109099 0.000558 0.755769
4 2 0.008004 0.154983 0.128455 0.000931 0.707628
4 4 0.005652 0.016974 0.009324 0.000383 0.967668
4 4 0.005923 0.064001 0.020208 0.000138 0.909730
4 4 0.003893 0.088087 0.051484 0.000235 0.856300
4 4 0.005064 0.137142 0.140775 0.000586 0.716433
4 4 0.004514 0.132613 0.115976 0.000381 0.746516
4 4 0.007870 0.145389 0.193754 0.001940 0.651046
4 2 0.005342 0.140169 0.206937 0.001091 0.646461
