0 0 0.967369 0.004923 0.011852 0.003532 0.012324
0 0 0.968267 0.004426 0.013386 0.003847 0.010074
0 0 0.986996 0.001354 0.002994 0.000916 0.007739
0 0 0.981101 0.002155 0.005508 0.001893 0.009343
0 0 0.978142 0.003105 0.007833 0.001997 0.008923
0 0 0.984145 0.002026 0.004861 0.001245 0.007723
0 0 0.980341 0.003331 0.005878 0.001130 0.009321
0 0 0.980204 0.002931 0.005229 0.001278 0.010357
0 0 0.977897 0.003826 0.006230 0.001271 0.010776
0 0 0.969164 0.006823 0.010268 0.001642 0.012103
0 0 0.986550 0.002226 0.004464 0.000658 0.006102
0 0 0.982550 0.001942 0.003580 0.001213 0.010714
0 0 0.973470 0.005060 0.004667 0.000880 0.015922
0 0 0.982786 0.002328 0.004622 0.001176 0.009089
0 0 0.977944 0.004468 0.006696 0.001020 0.009872
0 0 0.978518 0.005069 0.004995 0.000568 0.010850
0 0 0.977679 0.005254 0.007752 0.000846 0.008470
0 0 0.979757 0.004285 0.006734 0.000860 0.008364
0 0 0.975071 0.006750 0.008515 0.000754 0.008910
0 0 0.982230 0.003768 0.004665 0.000564 0.008773
0 0 0.978950 0.005107 0.008645 0.000742 0.006555
0 0 0.966809 0.007705 0.013022 0.001781 0.010683
0 0 0.973209 0.006837 0.011143 0.001003 0.007807
0 0 0.969381 0.007525 0.011488 0.001372 0.010234
0 0 0.963841 0.008545 0.012191 0.001913 0.013511
0 0 0.987247 0.002222 0.004242 0.000549 0.005740
0 0 0.975872 0.007045 0.005905 0.000471 0.010708
0 0 0.987288 0.001096 0.001291 0.000381 0.009944
0 0 0.979390 0.005280 0.006045 0.000554 0.008730
0 0 0.977166 0.004923 0.008868 0.001088 0.007955
0 0 0.977855 0.003541 0.006131 0.001431 0.011042
0 0 0.974145 0.003236 0.005766 0.002204 0.014649
0 0 0.967862 0.006580 0.015771 0.002009 0.007777
0 0 0.953396 0.006945 0.019544 0.006376 0.013739
0 0 0.978892 0.002803 0.006803 0.001966 0.009536
0 0 0.982869 0.002207 0.008459 0.001572 0.004892
0 0 0.987657 0.001656 0.003284 0.000663 0.006740
0 0 0.973218 0.003955 0.012113 0.002695 0.008019
0 0 0.976734 0.004393 0.006372 0.001168 0.011333
0 0 0.973984 0.006908 0.007039 0.000729 0.011340
0 0 0.945644 0.016601 0.008526 0.001111 0.028118
0 0 0.941668 0.011282 0.016559 0.005567 0.024924
0 0 0.961231 0.007877 0.007661 0.001793 0.021438
0 0 0.953883 0.009826 0.014525 0.003397 0.018369
0 0 0.949144 0.011802 0.015710 0.003402 0.019942
0 0 0.944571 0.011017 0.013095 0.004214 0.027104
0 0 0.947988 0.008891 0.011808 0.004635 0.026678
0 0 0.951000 0.009337 0.007467 0.002195 0.030000
0 0 0.943595 0.011827 0.012004 0.003575 0.028999
0 0 0.973904 0.004027 0.004734 0.001275 0.016060
0 0 0.926456 0.030727 0.016958 0.001342 0.024517
0 0 0.914961 0.035341 0.012329 0.001087 0.036282
0 0 0.937939 0.021523 0.007209 0.000699 0.032630
0 0 0.927514 0.033788 0.005019 0.000195 0.033484
0 0 0.871747 0.077164 0.005125 0.000102 0.045863
0 0 0.889837 0.063442 0.007555 0.000214 0.038952
0 4 0.879626 0.059856 0.004355 0.000144 0.056019
0 4 0.575324 0.247401 0.036181 0.001161 0.139933
0 4 0.599556 0.190399 0.025534 0.000997 0.183513
0 4 0.594646 0.274722 0.037546 0.000696 0.092391
4 4 0.003029 0.228572 0.111892 0.000000 0.656508
4 4 0.002678 0.254316 0.140035 0.000001 0.602970
4 4 0.004594 0.193295 0.084702 0.000001 0.717408
4 4 0.004829 0.201977 0.078138 0.000000 0.715056
4 4 0.003304 0.253390 0.128389 0.000001 0.614917
4 4 0.003004 0.262086 0.134228 0.000001 0.600681
4 4 0.001825 0.252837 0.171295 0.000001 0.574042
4 4 0.005378 0.272880 0.108830 0.000000 0.612912
4 4 0.003033 0.276802 0.136267 0.000000 0.583897
4 4 0.003119 0.232229 0.113731 0.000001 0.650922
4 4 0.003169 0.227289 0.110763 0.000001 0.658778
4 4 0.001764 0.097286 0.056796 0.000002 0.844152
4 4 0.002489 0.250109 0.142197 0.000001 0.605204
4 4 0.006954 0.256963 0.083265 0.000000 0.652819
4 4 0.003955 0.255625 0.124549 0.000001 0.615870
4 4 0.007149 0.246599 0.079701 0.000000 0.666551
4 4 0.010835 0.317699 0.093439 0.000000 0.578026
4 4 0.008468 0.129633 0.040482 0.000001 0.821415
4 4 0.010007 0.315104 0.093245 0.000000 0.581644
4 1 0.012786 0.285575 0.075900 0.000000 0.625738
1 4 0.121161 0.499430 0.094374 0.000011 0.285024
4 4 0.020663 0.398802 0.119296 0.000002 0.461237
1 4 0.033897 0.479157 0.123612 0.000002 0.363332
1 4 0.099529 0.504767 0.089971 0.000003 0.305730
1 4 0.071165 0.502767 0.097312 0.000002 0.328754
1 4 0.021902 0.464566 0.123852 0.000001 0.389680
1 4 0.041059 0.488548 0.111327 0.000001 0.359065
1 1 0.037163 0.484804 0.114591 0.000001 0.363440
1 1 0.021104 0.464427 0.119843 0.000000 0.394625
1 1 0.046919 0.495817 0.098752 0.000001 0.358511
1 1 0.045975 0.491723 0.109990 0.000002 0.352310
1 1 0.108722 0.508066 0.076463 0.000001 0.306748
1 1 0.125864 0.505708 0.073771 0.000001 0.294655
1 0 0.149016 0.500517 0.071253 0.000002 0.279211
1 1 0.143334 0.501420 0.073427 0.000002 0.281817
1 0 0.167444 0.498487 0.059358 0.000001 0.274710
0 1 0.425327 0.379943 0.038437 0.000009 0.156285
1 1 0.311577 0.439257 0.047317 0.000004 0.201845
1 1 0.074670 0.501750 0.101041 0.000004 0.322535
1 1 0.082918 0.498435 0.110397 0.000011 0.308239
1 1 0.058371 0.484125 0.141649 0.000036 0.315818
1 1 0.056628 0.473619 0.165773 0.000151 0.303828
1 2 0.022769 0.431225 0.315204 0.000142 0.230661
1 2 0.095552 0.489693 0.129380 0.000081 0.285294
1 2 0.023919 0.421245 0.310011 0.000532 0.244294
2 4 0.005540 0.353238 0.371703 0.000089 0.269430
1 4 0.148979 0.479399 0.122714 0.000296 0.248611
1 4 0.053770 0.471741 0.178644 0.000185 0.295660
1 2 0.075016 0.473256 0.169600 0.000478 0.281650
2 4 0.004740 0.241397 0.672052 0.000429 0.081382
1 4 0.072454 0.489536 0.177825 0.000114 0.260071
1 4 0.091972 0.494052 0.178778 0.000141 0.235058
1 0 0.044112 0.469477 0.184702 0.000105 0.301604
0 1 0.392465 0.382479 0.112958 0.002613 0.109484
1 1 0.044296 0.478045 0.145261 0.000020 0.332378
1 2 0.020048 0.414486 0.359361 0.000183 0.205921
1 2 0.026440 0.432662 0.358918 0.000092 0.181887
1 2 0.033317 0.459190 0.177209 0.000058 0.330226
2 2 0.000242 0.072816 0.903809 0.001052 0.022080
2 2 0.008795 0.357581 0.409242 0.000389 0.223993
2 2 0.000016 0.017245 0.979645 0.000185 0.002909
2 2 0.000036 0.024670 0.970682 0.000348 0.004265
2 2 0.000039 0.002702 0.992682 0.004434 0.000144
2 2 0.000428 0.054607 0.933257 0.003109 0.008598
2 2 0.002239 0.082210 0.904792 0.002136 0.008624
2 2 0.000330 0.085446 0.884910 0.001271 0.028043
2 2 0.000169 0.052453 0.934349 0.001000 0.012029
2 2 0.000054 0.025248 0.970386 0.000555 0.003757
2 2 0.000018 0.004425 0.994207 0.000945 0.000406
2 2 0.000020 0.005159 0.993367 0.000921 0.000533
2 2 0.000034 0.005299 0.992420 0.001766 0.000481
2 3 0.000068 0.031477 0.962269 0.000575 0.005612
2 3 0.000091 0.003557 0.986912 0.009155 0.000285
2 3 0.000209 0.010848 0.980051 0.007626 0.001266
2 3 0.000054 0.001806 0.987795 0.010248 0.000097
2 3 0.000092 0.008382 0.986852 0.003644 0.001030
2 3 0.000088 0.003380 0.986980 0.009289 0.000262
2 3 0.000082 0.001432 0.976808 0.021584 0.000093
2 3 0.000062 0.000510 0.952675 0.046735 0.000018
2 3 0.000247 0.003474 0.963797 0.032227 0.000255
2 3 0.000476 0.000968 0.724989 0.273472 0.000095
2 3 0.000329 0.000342 0.557967 0.441337 0.000025
2 3 0.000413 0.000402 0.525548 0.473603 0.000034
2 3 0.000283 0.000284 0.524069 0.475326 0.000039
3 3 0.000186 0.000084 0.311925 0.687799 0.000006
2 3 0.000104 0.000123 0.613918 0.385844 0.000011
2 3 0.000072 0.000057 0.511633 0.488234 0.000003
3 3 0.000314 0.000149 0.300117 0.699405 0.000016
2 3 0.000621 0.001276 0.714260 0.283667 0.000177
3 3 0.000351 0.000130 0.227398 0.772105 0.000016
2 3 0.000669 0.000735 0.502106 0.496321 0.000170
3 3 0.000575 0.000558 0.472985 0.525779 0.000103
3 3 0.000427 0.000237 0.294182 0.705086 0.000067
3 3 0.000150 0.000074 0.340686 0.659085 0.000006
3 3 0.000239 0.000201 0.476229 0.523309 0.000023
2 3 0.000343 0.000384 0.564879 0.434355 0.000039
3 3 0.000288 0.000146 0.310324 0.689223 0.000019
3 3 0.000300 0.000112 0.224015 0.775559 0.000015
3 3 0.000195 0.000107 0.334674 0.665010 0.000015
3 3 0.000266 0.000078 0.172061 0.827581 0.000013
2 3 0.000350 0.000575 0.649416 0.349551 0.000108
3 3 0.000568 0.000387 0.354202 0.644753 0.000091
3 3 0.000092 0.000016 0.098696 0.901193 0.000003
3 3 0.000659 0.000428 0.330219 0.668585 0.000110
3 3 0.000352 0.000244 0.392086 0.607283 0.000036
2 3 0.000354 0.000493 0.604584 0.394487 0.000082
3 3 0.000279 0.000111 0.232007 0.767583 0.000021
3 3 0.000610 0.000501 0.412343 0.586434 0.000113
2 3 0.000801 0.001058 0.566796 0.431147 0.000198
3 3 0.000631 0.000200 0.166261 0.832864 0.000044
3 3 0.000384 0.000125 0.172235 0.827222 0.000034
3 3 0.000175 0.000072 0.265915 0.733830 0.000008
3 3 0.000340 0.000131 0.211073 0.788423 0.000033
3 3 0.000391 0.000178 0.254036 0.745356 0.000038
3 3 0.000777 0.000299 0.182740 0.816072 0.000112
3 3 0.000287 0.000083 0.155916 0.843695 0.000020
3 3 0.000198 0.000078 0.236164 0.763546 0.000014
2 3 0.000300 0.000446 0.642339 0.356856 0.000058
3 3 0.000317 0.000147 0.257254 0.742246 0.000036
3 3 0.000632 0.000446 0.351843 0.646956 0.000123
3 3 0.000555 0.000422 0.386697 0.612220 0.000106
3 3 0.000138 0.000046 0.215738 0.784071 0.000007
3 3 0.000188 0.000056 0.175985 0.823761 0.000009
3 3 0.000639 0.000292 0.236786 0.762202 0.000081
3 3 0.001011 0.000858 0.385257 0.612577 0.000297
3 3 0.000440 0.000264 0.324700 0.674538 0.000058
3 3 0.000623 0.000219 0.172749 0.826338 0.000071
3 3 0.000171 0.000081 0.277681 0.722050 0.000017
3 3 0.000129 0.000043 0.213034 0.786787 0.000007
3 3 0.000362 0.000094 0.124879 0.874630 0.000035
3 3 0.000441 0.000163 0.192246 0.807101 0.000050
3 3 0.000418 0.000170 0.200296 0.799044 0.000072
3 3 0.000051 0.000009 0.106890 0.893048 0.000001
3 3 0.000237 0.000058 0.129745 0.869947 0.000013
3 3 0.000063 0.000014 0.143230 0.856691 0.000002
3 3 0.000138 0.000026 0.104620 0.895210 0.000006
3 3 0.000130 0.000056 0.264693 0.735111 0.000010
3 3 0.000449 0.000211 0.253096 0.746188 0.000057
3 3 0.000326 0.000144 0.237570 0.761919 0.000041
3 3 0.000069 0.000017 0.163785 0.836126 0.000003
2 3 0.002696 0.049600 0.905310 0.032555 0.009839
2 3 0.000594 0.006360 0.944032 0.048380 0.000633
2 3 0.000355 0.011019 0.972808 0.014163 0.001655
2 3 0.000652 0.018517 0.960847 0.017043 0.002942
2 3 0.001012 0.026631 0.948568 0.019847 0.003942
2 2 0.006417 0.191494 0.731333 0.018507 0.052249
2 2 0.023697 0.284769 0.625208 0.003962 0.062364
2 2 0.049052 0.301727 0.592927 0.005556 0.050737
2 2 0.008410 0.168641 0.796285 0.002008 0.024656
2 2 0.004182 0.154409 0.790054 0.014719 0.036636
2 2 0.002172 0.110435 0.862086 0.005140 0.020167
2 2 0.005846 0.250278 0.642942 0.002874 0.098060
2 2 0.005149 0.195129 0.750557 0.001499 0.047665
2 2 0.002609 0.129969 0.834432 0.005357 0.027633
2 2 0.000687 0.094628 0.880731 0.001024 0.022930
2 2 0.001678 0.117270 0.846103 0.006716 0.028234
2 2 0.003107 0.102415 0.876775 0.004428 0.013275
2 0 0.001887 0.069706 0.919581 0.002416 0.006410
2 1 0.037080 0.248897 0.680382 0.002617 0.031024
2 0 0.040538 0.260020 0.668561 0.000904 0.029978
0 0 0.522868 0.315358 0.062841 0.002086 0.096847
0 0 0.409498 0.385009 0.095601 0.000594 0.109298
0 0 0.481771 0.343181 0.071492 0.000949 0.102608
0 1 0.524809 0.316532 0.044600 0.000418 0.113642
1 1 0.114302 0.493805 0.112077 0.000042 0.279774
1 2 0.106481 0.495286 0.112129 0.000032 0.286073
2 2 0.004958 0.295032 0.561397 0.000182 0.138431
1 2 0.035267 0.446741 0.355916 0.000066 0.162009
2 2 0.001473 0.152702 0.789872 0.001950 0.054003
2 2 0.004356 0.229243 0.695286 0.000300 0.070814
2 2 0.006047 0.325393 0.507993 0.000098 0.160470
2 2 0.018848 0.323932 0.582847 0.000129 0.074245
1 2 0.023425 0.418880 0.389495 0.000093 0.168107
2 2 0.000140 0.072070 0.899358 0.000527 0.027904
2 2 0.024262 0.342667 0.562412 0.000063 0.070597
1 2 0.051791 0.492851 0.240525 0.000029 0.214804
2 2 0.016012 0.333979 0.550012 0.000281 0.099716
1 2 0.059201 0.488966 0.129924 0.000017 0.321893
2 2 0.007218 0.352102 0.427712 0.000152 0.212815
2 2 0.004505 0.185800 0.772115 0.000232 0.037349
1 2 0.125213 0.507250 0.142394 0.000036 0.225106
1 2 0.055664 0.488829 0.296055 0.000017 0.159434
2 2 0.029818 0.393484 0.480346 0.000041 0.096311
1 2 0.094100 0.511499 0.172468 0.000027 0.221906
1 1 0.086605 0.520137 0.151781 0.000008 0.241469
1 1 0.328055 0.430392 0.048192 0.000006 0.193354
1 2 0.242020 0.471235 0.105672 0.000079 0.180994
1 2 0.298394 0.450851 0.121590 0.000092 0.129073
0 2 0.431993 0.375379 0.040229 0.000015 0.152383
0 2 0.435564 0.373091 0.040722 0.000018 0.150605
1 2 0.211102 0.480447 0.064435 0.000005 0.244010
1 2 0.300260 0.441705 0.056511 0.000013 0.201511
1 2 0.322453 0.430860 0.054787 0.000016 0.191884
0 2 0.440958 0.370447 0.039366 0.000016 0.149214
1 2 0.260388 0.458435 0.064490 0.000016 0.216670
1 0 0.381243 0.402146 0.046287 0.000015 0.170309
0 1 0.421845 0.380265 0.070055 0.000265 0.127570
1 1 0.228470 0.473365 0.069788 0.000012 0.228366
1 1 0.215121 0.491185 0.111998 0.000025 0.181672
1 1 0.183710 0.501448 0.131129 0.000028 0.183685
1 1 0.295765 0.443459 0.057887 0.000014 0.202875
1 1 0.108815 0.509839 0.149983 0.000030 0.231333
1 1 0.062353 0.481486 0.278357 0.000086 0.177718
1 2 0.109894 0.498792 0.185056 0.000116 0.206141
1 2 0.086689 0.477821 0.299425 0.000094 0.135971
1 2 0.148382 0.487665 0.232003 0.000099 0.131851
1 2 0.199052 0.492083 0.124264 0.000046 0.184555
1 2 0.077030 0.478943 0.321486 0.000029 0.122513
2 2 0.019995 0.313982 0.600838 0.000134 0.065050
1 2 0.081210 0.469036 0.319590 0.000116 0.130048
1 2 0.125149 0.496661 0.228785 0.000072 0.149333
1 2 0.165122 0.491702 0.123063 0.000085 0.220028
2 2 0.025527 0.385987 0.480657 0.000083 0.107747
1 2 0.118343 0.487995 0.283809 0.000024 0.109829
1 2 0.079674 0.498517 0.268585 0.000025 0.153199
1 2 0.263648 0.455709 0.124720 0.000297 0.155627
1 2 0.138203 0.491344 0.103566 0.000044 0.266843
1 2 0.089016 0.476543 0.321516 0.000033 0.112892
1 2 0.163302 0.502171 0.178394 0.000043 0.156091
1 2 0.257401 0.467211 0.112032 0.000084 0.163272
0 2 0.449891 0.366724 0.035239 0.000007 0.148138
0 2 0.607842 0.273811 0.021194 0.000007 0.097147
1 2 0.381015 0.401014 0.049439 0.000027 0.168505
1 2 0.379919 0.401797 0.049032 0.000024 0.169227
0 2 0.499691 0.337300 0.033745 0.000018 0.129247
0 2 0.641726 0.252387 0.019290 0.000009 0.086589
1 2 0.196011 0.490436 0.159768 0.000071 0.153714
1 2 0.072693 0.472397 0.305850 0.000135 0.148925
1 2 0.364430 0.410134 0.049802 0.000019 0.175615
0 2 0.561304 0.302202 0.025037 0.000007 0.111450
0 2 0.530127 0.321353 0.026048 0.000004 0.122467
0 2 0.531348 0.319518 0.029086 0.000012 0.120037
0 2 0.576050 0.292863 0.024976 0.000011 0.106100
0 0 0.523008 0.324825 0.028739 0.000008 0.123419
0 1 0.667587 0.233447 0.023308 0.000114 0.075544
0 1 0.404224 0.390506 0.042697 0.000013 0.162561
1 1 0.239443 0.462990 0.077136 0.000047 0.220383
1 0 0.392168 0.396392 0.045233 0.000016 0.166191
0 0 0.684395 0.224306 0.018384 0.000027 0.072889
0 0 0.796163 0.148981 0.013026 0.000204 0.041626
0 0 0.551008 0.305717 0.032580 0.000054 0.110642
0 0 0.546059 0.310436 0.028743 0.000016 0.114746
0 0 0.756493 0.177106 0.012960 0.000026 0.053415
0 0 0.632387 0.257028 0.023151 0.000032 0.087402
0 1 0.487332 0.344367 0.034979 0.000018 0.133304
1 1 0.308404 0.434734 0.063322 0.000042 0.193498
1 1 0.274158 0.453061 0.060908 0.000013 0.211861
1 1 0.368534 0.409071 0.046704 0.000012 0.175679
0 1 0.501583 0.336087 0.033871 0.000020 0.128439
0 1 0.652091 0.246779 0.015598 0.000002 0.085529
0 1 0.578966 0.292103 0.021824 0.000004 0.107103
0 1 0.622631 0.264733 0.019709 0.000006 0.092921
0 1 0.639651 0.253089 0.021052 0.000018 0.086191
0 1 0.693879 0.219490 0.014122 0.000004 0.072505
0 0 0.716086 0.202327 0.019116 0.000130 0.062342
0 1 0.585878 0.284389 0.030165 0.000075 0.099493
1 1 0.322497 0.430936 0.054534 0.000016 0.192018
1 1 0.356485 0.415929 0.046068 0.000008 0.181510
0 1 0.511394 0.332688 0.026632 0.000003 0.129283
0 1 0.520705 0.326451 0.028172 0.000007 0.124665
0 1 0.662005 0.239538 0.017747 0.000009 0.080701
0 1 0.597345 0.279429 0.024345 0.000017 0.098865
0 1 0.663458 0.239076 0.016282 0.000005 0.081179
0 0 0.615032 0.269601 0.019900 0.000005 0.095462
0 0 0.839672 0.119754 0.008652 0.000085 0.031837
0 0 0.831417 0.125384 0.009421 0.000102 0.033676
0 0 0.847493 0.114383 0.007950 0.000071 0.030103
0 0 0.822427 0.132185 0.008806 0.000032 0.036551
0 0 0.794593 0.151100 0.011069 0.000046 0.043193
0 0 0.709137 0.208279 0.016538 0.000028 0.066019
0 0 0.678225 0.228546 0.018168 0.000019 0.075041
0 0 0.732873 0.193076 0.013906 0.000017 0.060128
0 0 0.673231 0.230344 0.021806 0.000078 0.074541
0 0 0.733275 0.189308 0.020751 0.000560 0.056104
1 4 0.393838 0.395360 0.045448 0.000017 0.165337
1 4 0.261851 0.455812 0.068971 0.000030 0.213336
1 4 0.200246 0.479406 0.078939 0.000021 0.241388
1 4 0.212878 0.472681 0.082348 0.000043 0.232049
0 4 0.493674 0.336455 0.044101 0.000162 0.125608
1 4 0.390579 0.396763 0.046576 0.000020 0.166063
4 4 0.037689 0.151163 0.035834 0.000011 0.775304
4 4 0.034282 0.234820 0.059345 0.000006 0.671547
4 4 0.021851 0.104938 0.025906 0.000005 0.847300
4 4 0.015256 0.181758 0.054934 0.000003 0.748049
4 4 0.017949 0.182445 0.054425 0.000004 0.745176
4 4 0.055073 0.253908 0.051474 0.000004 0.639542
4 4 0.013477 0.177147 0.058661 0.000004 0.750711
4 4 0.027919 0.288002 0.072808 0.000002 0.611268
4 4 0.056890 0.085345 0.014572 0.000009 0.843184
4 4 0.017188 0.239233 0.072965 0.000003 0.670612
4 4 0.016415 0.124456 0.036370 0.000006 0.822754
4 4 0.035615 0.086182 0.015483 0.000003 0.862717
4 4 0.025698 0.117077 0.026808 0.000004 0.830414
4 4 0.027126 0.169578 0.040136 0.000003 0.763158
4 4 0.012096 0.068517 0.020853 0.000009 0.898525
4 4 0.105458 0.341116 0.054306 0.000003 0.499117
4 4 0.219391 0.144921 0.018960 0.000033 0.616695
4 4 0.053227 0.137459 0.025287 0.000005 0.784021
4 4 0.026789 0.248572 0.065630 0.000003 0.659006
4 4 0.025718 0.171953 0.042853 0.000004 0.759472
4 4 0.025595 0.406505 0.115367 0.000002 0.452531
1 4 0.150931 0.452104 0.071145 0.000006 0.325814
4 4 0.056906 0.303775 0.062490 0.000004 0.576824
1 4 0.064808 0.436406 0.081270 0.000001 0.417515
1 4 0.161346 0.480974 0.071321 0.000004 0.286355
1 4 0.066680 0.480902 0.098630 0.000003 0.353785
4 4 0.049948 0.416104 0.093486 0.000003 0.440459
1 0 0.069850 0.436937 0.077584 0.000001 0.415628
1 0 0.245485 0.464187 0.067420 0.000016 0.222892
0 0 0.427553 0.378849 0.037892 0.000008 0.155697
0 4 0.467833 0.356242 0.034723 0.000010 0.141192
4 4 0.123488 0.306744 0.054570 0.000015 0.515183
1 1 0.084583 0.437670 0.075850 0.000002 0.401895
1 4 0.168348 0.496827 0.063818 0.000001 0.271005
4 4 0.040030 0.409599 0.105727 0.000005 0.444639
1 4 0.044401 0.488674 0.108647 0.000001 0.358276
1 0 0.036128 0.483841 0.115101 0.000001 0.364929
1 0 0.256053 0.462914 0.057738 0.000005 0.223290
0 4 0.483577 0.349224 0.027611 0.000002 0.139586
1 4 0.029961 0.451143 0.121000 0.000002 0.397895
1 1 0.118334 0.502084 0.088914 0.000006 0.290663
1 4 0.370798 0.410057 0.040490 0.000004 0.178651
1 4 0.263539 0.456700 0.064774 0.000018 0.214970
1 1 0.233089 0.471553 0.062855 0.000007 0.232496
0 1 0.587057 0.286892 0.022000 0.000005 0.104046
1 1 0.168476 0.490431 0.081737 0.000012 0.259344
1 1 0.158365 0.493785 0.081945 0.000010 0.265894
1 0 0.351700 0.419802 0.042425 0.000004 0.186070
0 0 0.667026 0.233428 0.024113 0.000151 0.075282
0 0 0.705837 0.210942 0.015486 0.000014 0.067721
0 1 0.769353 0.169002 0.010741 0.000010 0.050894
1 1 0.313748 0.436991 0.050595 0.000007 0.198660
1 1 0.164595 0.494325 0.074901 0.000005 0.266174
0 0 0.399290 0.394469 0.039565 0.000006 0.166669
0 0 0.439298 0.372556 0.036347 0.000007 0.151792
0 1 0.782451 0.160083 0.010070 0.000011 0.047386
0 1 0.535915 0.317464 0.026912 0.000007 0.119702
0 0 0.740447 0.189016 0.010558 0.000002 0.059976
0 0 0.801948 0.145158 0.012399 0.000183 0.040312
0 0 0.746673 0.180907 0.018965 0.000460 0.052995
0 0 0.946586 0.015127 0.025083 0.002332 0.010871
0 0 0.966498 0.008256 0.014772 0.001562 0.008911
0 0 0.974805 0.007903 0.009234 0.000544 0.007515
0 0 0.959315 0.012960 0.013615 0.001203 0.012908
0 0 0.961006 0.008245 0.015999 0.002792 0.011959
0 0 0.978117 0.004095 0.009202 0.001330 0.007255
0 0 0.939926 0.014575 0.032350 0.003385 0.009764
0 0 0.930470 0.036780 0.017053 0.000519 0.015178
0 0 0.868081 0.095128 0.014125 0.000173 0.022494
0 0 0.950519 0.018916 0.015648 0.001007 0.013910
0 0 0.878644 0.091189 0.007935 0.000062 0.022171
0 0 0.845601 0.115686 0.008117 0.000075 0.030522
0 0 0.913370 0.061549 0.008403 0.000077 0.016601
0 0 0.878577 0.089793 0.010223 0.000095 0.021311
0 0 0.882620 0.089795 0.005117 0.000028 0.022440
0 0 0.920571 0.046018 0.013226 0.000349 0.019836
0 0 0.950700 0.027892 0.007172 0.000139 0.014098
0 0 0.912980 0.053104 0.011677 0.000263 0.021975
0 0 0.862254 0.096734 0.012317 0.000186 0.028509
0 0 0.903121 0.063216 0.009865 0.000168 0.023630
0 0 0.801070 0.146380 0.011275 0.000076 0.041198
0 0 0.815983 0.097292 0.007972 0.000242 0.078511
0 0 0.835907 0.122888 0.007797 0.000027 0.033381
0 0 0.828470 0.128189 0.007959 0.000020 0.035362
0 1 0.711384 0.208236 0.012387 0.000003 0.067990
1 1 0.336235 0.426499 0.046983 0.000006 0.190278
1 1 0.307369 0.443262 0.041362 0.000001 0.208006
0 1 0.463532 0.360549 0.029614 0.000002 0.146303
1 1 0.337058 0.427458 0.042900 0.000003 0.192581
1 1 0.391802 0.400106 0.035234 0.000002 0.172856
0 1 0.407881 0.390643 0.036505 0.000004 0.164968
1 1 0.312877 0.440148 0.042463 0.000001 0.204511
1 0 0.347544 0.423782 0.036705 0.000001 0.191968
0 0 0.488884 0.343546 0.034663 0.000017 0.132890
0 1 0.787420 0.156839 0.009381 0.000008 0.046353
1 1 0.324450 0.434157 0.042601 0.000002 0.198791
1 1 0.099117 0.507957 0.080640 0.000001 0.312285
1 1 0.148657 0.498915 0.076234 0.000004 0.276189
1 1 0.331870 0.428811 0.046983 0.000005 0.192330
1 1 0.212210 0.481484 0.060100 0.000003 0.246203
1 1 0.070605 0.498813 0.108357 0.000006 0.322220
1 1 0.065474 0.488003 0.134916 0.000033 0.311575
1 1 0.333672 0.427438 0.048154 0.000007 0.190729
1 1 0.095311 0.503944 0.093536 0.000004 0.307205
1 2 0.053991 0.495826 0.107445 0.000002 0.342736
1 2 0.035681 0.478570 0.156058 0.000009 0.329682
1 2 0.150625 0.497858 0.077542 0.000005 0.273970
1 2 0.351620 0.416147 0.052382 0.000022 0.179828
1 2 0.098369 0.502574 0.096437 0.000006 0.302613
1 2 0.121342 0.503836 0.082262 0.000003 0.292558
1 0 0.079849 0.502279 0.100070 0.000004 0.317798
1 1 0.086505 0.451072 0.343684 0.000334 0.118406
1 1 0.156224 0.497582 0.073417 0.000003 0.272774
1 1 0.045344 0.490497 0.129729 0.000005 0.334425
1 2 0.012309 0.430032 0.232127 0.000008 0.325525
2 2 0.006336 0.347007 0.488883 0.000015 0.157758
2 2 0.000749 0.204999 0.670205 0.000026 0.124021
2 2 0.000314 0.147593 0.776670 0.000011 0.075412
1 2 0.009083 0.417126 0.261417 0.000005 0.312369
2 2 0.001998 0.255671 0.649621 0.000002 0.092708
2 2 0.000071 0.054401 0.925610 0.000318 0.019600
2 2 0.003255 0.332518 0.424810 0.000016 0.239402
2 2 0.001051 0.164575 0.789282 0.000006 0.045087
2 2 0.001198 0.191541 0.749460 0.000003 0.057799
2 2 0.009382 0.388690 0.454655 0.000002 0.147271
2 2 0.003459 0.296693 0.589721 0.000003 0.110124
2 2 0.000912 0.157104 0.798986 0.000005 0.042992
2 2 0.000871 0.159983 0.790624 0.000008 0.048514
2 2 0.000079 0.058017 0.929111 0.000001 0.012792
1 2 0.028760 0.474273 0.123006 0.000001 0.373960
1 2 0.022331 0.468962 0.290725 0.000004 0.217978
2 2 0.004072 0.282644 0.617486 0.000008 0.095791
2 2 0.007079 0.350791 0.518048 0.000003 0.124079
2 2 0.000487 0.118169 0.846608 0.000027 0.034709
2 2 0.015490 0.379753 0.474646 0.000038 0.130073
2 2 0.026047 0.345917 0.573271 0.000007 0.054758
2 2 0.012307 0.310198 0.618313 0.000005 0.059178
2 1 0.042073 0.386888 0.479459 0.000284 0.091295
1 2 0.026973 0.486499 0.244352 0.000003 0.242172
2 2 0.001369 0.208471 0.713661 0.000008 0.076491
2 2 0.001092 0.207015 0.701492 0.000012 0.090389
2 2 0.004284 0.241410 0.696716 0.000009 0.057581
2 2 0.000025 0.024286 0.971926 0.000016 0.003747
2 2 0.000158 0.041350 0.954064 0.000009 0.004419
2 1 0.001266 0.120567 0.860630 0.000005 0.017532
2 2 0.014631 0.330811 0.572804 0.000038 0.081716
2 2 0.001261 0.202207 0.715482 0.000019 0.081031
2 2 0.000583 0.111108 0.864179 0.000010 0.024120
2 2 0.001327 0.162261 0.795288 0.000014 0.041109
2 2 0.000453 0.090510 0.893401 0.000005 0.015630
2 2 0.000991 0.129696 0.844063 0.000007 0.025244
2 2 0.000131 0.069232 0.909567 0.000055 0.021017
2 2 0.000288 0.087986 0.891316 0.000011 0.020399
2 2 0.000101 0.058379 0.926230 0.000035 0.015255
2 2 0.000220 0.100309 0.863188 0.000023 0.036260
2 2 0.001020 0.151128 0.810711 0.000007 0.037135
2 2 0.000152 0.042899 0.952138 0.000006 0.004805
2 2 0.000047 0.033764 0.959768 0.000040 0.006380
2 2 0.000169 0.079463 0.898675 0.000011 0.021683
2 2 0.000052 0.051562 0.928931 0.000156 0.019299
2 2 0.000514 0.073039 0.917692 0.000007 0.008748
2 2 0.000050 0.047161 0.936976 0.000137 0.015676
2 1 0.000472 0.080487 0.904893 0.000047 0.014101
2 1 0.009941 0.389649 0.399418 0.000025 0.200966
2 0 0.000876 0.164913 0.772510 0.000040 0.061660
2 1 0.058145 0.293378 0.609551 0.001644 0.037282
1 1 0.058528 0.480947 0.294403 0.000051 0.166071
2 2 0.010132 0.340729 0.521106 0.000086 0.127947
2 2 0.000054 0.033742 0.960340 0.000038 0.005827
2 2 0.000189 0.062596 0.925699 0.000014 0.011501
2 2 0.000026 0.027526 0.967435 0.000014 0.004999
2 2 0.000078 0.043618 0.948074 0.000019 0.008211
2 2 0.000050 0.039612 0.950896 0.000058 0.009384
2 2 0.000041 0.026711 0.968989 0.000079 0.004180
2 2 0.000032 0.027562 0.966764 0.000137 0.005505
2 2 0.000091 0.034326 0.960651 0.000088 0.004843
2 2 0.000058 0.031726 0.963125 0.000060 0.005031
2 2 0.000017 0.023222 0.971670 0.000087 0.005004
2 2 0.000181 0.078031 0.891220 0.000662 0.029906
2 2 0.000056 0.027376 0.967599 0.000534 0.004435
2 2 0.000056 0.031287 0.963448 0.000084 0.005124
2 2 0.000064 0.030450 0.965291 0.000043 0.004152
2 2 0.000285 0.039196 0.956651 0.000183 0.003686
2 2 0.000102 0.048800 0.937680 0.000574 0.012845
2 2 0.000195 0.039157 0.953240 0.001704 0.005705
2 2 0.000207 0.059089 0.926647 0.000550 0.013507
2 2 0.000187 0.036498 0.958938 0.000266 0.004111
2 2 0.000162 0.039520 0.955825 0.000036 0.004457
2 2 0.000027 0.016671 0.980933 0.000374 0.001996
2 2 0.000923 0.098364 0.877809 0.001249 0.021655
2 2 0.000112 0.047043 0.943006 0.000141 0.009698
2 1 0.003776 0.140810 0.833948 0.000409 0.021057
2 1 0.011304 0.226718 0.723420 0.000308 0.038250
2 2 0.000350 0.053270 0.940356 0.000042 0.005982
2 2 0.000033 0.021213 0.975899 0.000090 0.002766
2 2 0.000085 0.028124 0.968669 0.000070 0.003052
2 2 0.000047 0.027269 0.968132 0.000176 0.004377
2 2 0.000024 0.018539 0.979062 0.000066 0.002309
2 2 0.000012 0.012732 0.985531 0.000194 0.001531
2 2 0.000157 0.042332 0.951305 0.000125 0.006081
2 2 0.000107 0.029250 0.967237 0.000186 0.003219
2 2 0.000097 0.032380 0.963653 0.000047 0.003825
2 2 0.000208 0.056337 0.929333 0.001190 0.012933
2 2 0.000066 0.026969 0.968322 0.000669 0.003974
2 2 0.000048 0.024797 0.970868 0.000492 0.003795
2 2 0.000118 0.030328 0.964351 0.001222 0.003981
2 2 0.000018 0.017253 0.979928 0.000219 0.002581
2 3 0.000217 0.047096 0.942790 0.001569 0.008328
2 2 0.000113 0.023122 0.972999 0.001590 0.002177
2 2 0.000541 0.055703 0.936738 0.000473 0.006545
2 2 0.000355 0.057525 0.932968 0.000350 0.008801
2 2 0.000107 0.038312 0.954326 0.000478 0.006777
2 2 0.000165 0.053154 0.934494 0.000465 0.011722
2 2 0.000391 0.065758 0.922905 0.000168 0.010778
2 2 0.000052 0.034632 0.957022 0.000364 0.007931
2 2 0.000032 0.017785 0.980014 0.000199 0.001970
2 2 0.000063 0.024938 0.970921 0.000698 0.003380
2 2 0.000058 0.021857 0.974756 0.000723 0.002607
2 2 0.000242 0.038996 0.956480 0.000214 0.004069
2 2 0.000017 0.011899 0.986636 0.000313 0.001134
2 2 0.000057 0.020332 0.976616 0.000784 0.002211
2 2 0.000029 0.015858 0.982116 0.000327 0.001670
2 2 0.000027 0.018172 0.979031 0.000338 0.002431
2 2 0.000021 0.009049 0.989529 0.000550 0.000852
2 2 0.000188 0.035418 0.957961 0.001836 0.004597
2 2 0.000085 0.024093 0.972040 0.001052 0.002730
2 2 0.000351 0.042391 0.948754 0.003277 0.005228
2 2 0.000503 0.050211 0.938500 0.004217 0.006569
2 2 0.000314 0.040968 0.950674 0.002958 0.005087
2 2 0.000362 0.028403 0.962880 0.005346 0.003008
2 2 0.000192 0.024736 0.969670 0.002834 0.002569
2 2 0.000256 0.035748 0.957231 0.002692 0.004072
2 3 0.000476 0.062779 0.922392 0.002993 0.011360
2 2 0.000619 0.049762 0.938216 0.005556 0.005847
2 2 0.000067 0.009421 0.987538 0.002219 0.000755
2 2 0.000177 0.033533 0.960309 0.001819 0.004162
2 2 0.000529 0.057203 0.929729 0.003844 0.008695
2 2 0.000582 0.034104 0.954104 0.007899 0.003311
2 2 0.000403 0.052207 0.936390 0.003037 0.007964
2 2 0.000542 0.057377 0.929472 0.003948 0.008661
2 2 0.000302 0.043006 0.948240 0.002656 0.005796
2 2 0.000176 0.032277 0.961839 0.001880 0.003828
2 2 0.000092 0.030549 0.963934 0.000881 0.004545
2 2 0.000283 0.041916 0.949651 0.002528 0.005622
2 3 0.000371 0.044992 0.945512 0.003275 0.005850
2 2 0.000336 0.041208 0.950253 0.003208 0.004995
2 2 0.000107 0.026051 0.969617 0.001289 0.002936
2 2 0.000330 0.040410 0.951239 0.003206 0.004815
2 3 0.000364 0.030729 0.961174 0.004986 0.002746
2 0 0.000850 0.074681 0.906331 0.005049 0.013089
2 2 0.040886 0.203930 0.732253 0.004838 0.018093
2 2 0.003688 0.122221 0.859251 0.000327 0.014513
2 2 0.000603 0.105223 0.865807 0.000238 0.028129
2 2 0.000017 0.014611 0.983317 0.000250 0.001804
2 2 0.000082 0.024348 0.972934 0.000201 0.002435
2 2 0.000283 0.032443 0.964305 0.000432 0.002538
2 2 0.000319 0.049298 0.944786 0.000073 0.005524
2 2 0.000384 0.045524 0.950134 0.000048 0.003911
2 1 0.000258 0.040709 0.954110 0.000356 0.004568
2 2 0.002887 0.111576 0.873156 0.000141 0.012241
2 2 0.001169 0.084340 0.904349 0.000106 0.010036
2 2 0.001057 0.088134 0.899918 0.000041 0.010849
2 2 0.008862 0.216817 0.739567 0.000094 0.034660
2 2 0.001183 0.104058 0.878534 0.000067 0.016158
2 2 0.000014 0.011956 0.986631 0.000167 0.001232
2 2 0.000114 0.029582 0.967482 0.000044 0.002778
2 2 0.000389 0.047636 0.948078 0.000015 0.003882
2 2 0.000041 0.024494 0.972075 0.000064 0.003327
2 2 0.000087 0.036077 0.958964 0.000019 0.004853
2 2 0.000018 0.016177 0.981891 0.000037 0.001877
2 2 0.000006 0.012206 0.986029 0.000034 0.001724
2 2 0.000041 0.026166 0.968799 0.000379 0.004615
2 2 0.000093 0.037302 0.955097 0.000538 0.006970
2 2 0.000074 0.020814 0.977649 0.000024 0.001439
2 2 0.000055 0.021471 0.975222 0.000693 0.002559
2 2 0.000075 0.024036 0.973833 0.000025 0.002032
2 2 0.000070 0.028634 0.967891 0.000040 0.003365
2 2 0.000811 0.063683 0.929363 0.000084 0.006059
2 2 0.000148 0.040935 0.952638 0.000204 0.006076
2 2 0.000042 0.018920 0.978298 0.000568 0.002172
2 2 0.000095 0.029524 0.965754 0.000643 0.003985
2 2 0.000163 0.028631 0.966232 0.001967 0.003008
2 2 0.000076 0.019443 0.977549 0.001176 0.001756
2 2 0.000198 0.032338 0.961640 0.002187 0.003637
2 2 0.000249 0.046543 0.943706 0.001888 0.007615
2 2 0.000386 0.054432 0.933494 0.002731 0.008958
2 2 0.000419 0.044244 0.946120 0.003892 0.005325
2 2 0.000309 0.050923 0.938042 0.002234 0.008492
2 2 0.000534 0.070434 0.911903 0.003009 0.014120
2 2 0.000206 0.033058 0.960740 0.002237 0.003760
2 2 0.000539 0.050266 0.938217 0.004598 0.006380
2 2 0.000162 0.033654 0.960194 0.001617 0.004373
2 2 0.000121 0.021984 0.974064 0.001844 0.001986
2 2 0.000108 0.023408 0.972347 0.001468 0.002669
2 2 0.001637 0.074060 0.903083 0.011700 0.009520
2 2 0.000280 0.037311 0.955226 0.002869 0.004314
2 3 0.000122 0.023339 0.972326 0.001722 0.002491
2 2 0.000421 0.045826 0.944204 0.003760 0.005789
2 2 0.001930 0.105306 0.863133 0.009242 0.020390
2 2 0.000340 0.055487 0.931969 0.002268 0.009937
2 2 0.000166 0.035451 0.957939 0.001571 0.004873
2 2 0.000072 0.026214 0.969949 0.000403 0.003362
2 2 0.000238 0.038573 0.957561 0.000065 0.003562
2 2 0.001427 0.111063 0.863703 0.001177 0.022629
2 0 0.000583 0.090793 0.881909 0.002162 0.024553
2 0 0.042574 0.207876 0.727843 0.003620 0.018086
1 0 0.163144 0.462042 0.275644 0.000171 0.099000
1 1 0.139118 0.502422 0.195482 0.000058 0.162919
1 1 0.169725 0.488335 0.182356 0.000165 0.159420
1 1 0.080734 0.495038 0.216156 0.000101 0.207971
1 1 0.038079 0.469107 0.294843 0.000043 0.197926
2 1 0.021217 0.372188 0.498362 0.000097 0.108135
2 1 0.008626 0.226066 0.725973 0.000087 0.039249
2 2 0.011422 0.341159 0.523903 0.000124 0.123392
2 2 0.011224 0.308560 0.605764 0.000027 0.074425
2 0 0.007623 0.222828 0.731123 0.000050 0.038376
0 0 0.382518 0.365265 0.183608 0.003126 0.065484
1 1 0.392015 0.405783 0.096903 0.000095 0.105204
1 1 0.177318 0.490630 0.164849 0.000121 0.167083
1 1 0.062980 0.480104 0.285783 0.000085 0.171048
1 1 0.052306 0.497000 0.201138 0.000022 0.249533
2 1 0.004338 0.344754 0.418665 0.000024 0.232219
1 1 0.019745 0.457981 0.294810 0.000006 0.227457
2 1 0.006988 0.315376 0.584497 0.000007 0.093133
2 1 0.004422 0.319473 0.533843 0.000010 0.142251
2 2 0.001708 0.215999 0.712668 0.000005 0.069620
2 2 0.000360 0.095842 0.882163 0.000008 0.021627
2 2 0.000815 0.114689 0.866134 0.000002 0.018359
2 2 0.002743 0.205241 0.744394 0.000009 0.047613
1 2 0.010186 0.405084 0.392680 0.000006 0.192045
2 2 0.002856 0.255003 0.659800 0.000005 0.082337
2 2 0.000605 0.099943 0.883159 0.000004 0.016289
2 2 0.000252 0.074308 0.912062 0.000005 0.013373
2 2 0.000143 0.054603 0.937589 0.000001 0.007663
2 2 0.000101 0.053024 0.936296 0.000009 0.010570
2 2 0.007977 0.284517 0.644288 0.000008 0.063209
2 2 0.000220 0.100603 0.866335 0.000008 0.032834
2 2 0.000266 0.090584 0.888193 0.000004 0.020952
2 2 0.001794 0.184677 0.768419 0.000007 0.045103
2 1 0.001234 0.149705 0.815593 0.000010 0.033458
1 0 0.233025 0.454439 0.101930 0.000517 0.210088
0 0 0.555843 0.302018 0.033942 0.000088 0.108109
0 0 0.680482 0.225919 0.020758 0.000067 0.072774
0 0 0.607705 0.274881 0.033215 0.000094 0.084105
0 0 0.865929 0.101859 0.005739 0.000018 0.026455
0 0 0.414389 0.368759 0.144676 0.001027 0.071150
0 0 0.496578 0.339811 0.038235 0.000034 0.125342
0 0 0.630203 0.257497 0.025874 0.000075 0.086350
1 1 0.325857 0.438877 0.073767 0.000030 0.161469
1 4 0.083502 0.513997 0.211698 0.000016 0.190787
1 4 0.051161 0.470347 0.322346 0.000048 0.156098
1 4 0.043202 0.492254 0.234262 0.000016 0.230267
1 4 0.092036 0.495079 0.117477 0.000029 0.295381
1 4 0.057359 0.491541 0.126613 0.000010 0.324476
1 4 0.077270 0.496320 0.115933 0.000014 0.310462
1 4 0.048444 0.489225 0.142950 0.000011 0.319369
1 4 0.064886 0.501293 0.166645 0.000023 0.267153
1 4 0.056510 0.487365 0.139020 0.000022 0.317083
1 4 0.118364 0.495720 0.105312 0.000027 0.280576
1 4 0.046340 0.478479 0.146503 0.000025 0.328654
4 4 0.005055 0.242151 0.116848 0.000002 0.635945
4 4 0.003204 0.121360 0.062890 0.000003 0.812543
4 4 0.013937 0.157232 0.048702 0.000003 0.780126
4 4 0.005480 0.292009 0.153527 0.000004 0.548980
4 4 0.031861 0.197940 0.043155 0.000002 0.727042
4 4 0.007846 0.069690 0.021741 0.000003 0.900720
4 4 0.003293 0.190397 0.096876 0.000001 0.709433
4 4 0.004844 0.224194 0.116495 0.000004 0.654464
4 4 0.010912 0.124557 0.039750 0.000003 0.824778
4 4 0.012654 0.247016 0.074909 0.000001 0.665419
4 4 0.005643 0.180199 0.076557 0.000002 0.737599
4 4 0.009186 0.161688 0.055622 0.000002 0.773502
4 4 0.006464 0.141750 0.053080 0.000002 0.798705
4 4 0.010793 0.282521 0.091701 0.000001 0.614983
4 4 0.014454 0.160259 0.048608 0.000003 0.776676
4 4 0.006803 0.130872 0.048053 0.000002 0.814271
4 4 0.005391 0.256886 0.120695 0.000002 0.617026
4 4 0.011839 0.163130 0.049583 0.000002 0.775446
4 4 0.007421 0.239157 0.087916 0.000001 0.665505
4 4 0.010383 0.135152 0.042396 0.000002 0.812068
4 4 0.022356 0.273772 0.071772 0.000002 0.632099
4 4 0.013845 0.270260 0.080145 0.000001 0.635748
4 4 0.022075 0.183005 0.043919 0.000001 0.750999
4 4 0.017538 0.130994 0.034951 0.000003 0.816513
4 4 0.019281 0.277018 0.069575 0.000001 0.634126
4 4 0.011847 0.177603 0.049862 0.000001 0.760687
4 4 0.023743 0.275361 0.071397 0.000002 0.629498
4 4 0.029718 0.254044 0.057243 0.000001 0.658994
4 4 0.015063 0.039084 0.010451 0.000019 0.935383
4 4 0.015869 0.122900 0.031806 0.000002 0.829423
4 4 0.058088 0.238115 0.058758 0.000028 0.645011
4 4 0.017848 0.103144 0.027032 0.000004 0.851971
4 4 0.011786 0.233286 0.078035 0.000002 0.676891
4 4 0.017806 0.228329 0.062394 0.000001 0.691469
4 4 0.026779 0.171796 0.038675 0.000002 0.762748
1 4 0.038063 0.431504 0.101364 0.000002 0.429068
4 4 0.018799 0.123283 0.030944 0.000003 0.826972
4 4 0.022945 0.298481 0.072898 0.000001 0.605675
4 4 0.024762 0.333561 0.086524 0.000001 0.555152
4 4 0.014240 0.268844 0.082049 0.000001 0.634865
4 4 0.009766 0.375644 0.128083 0.000000 0.486506
4 4 0.005867 0.374252 0.158910 0.000001 0.460970
4 4 0.011537 0.330778 0.106529 0.000001 0.551156
4 4 0.006851 0.319132 0.127091 0.000001 0.546926
4 4 0.011441 0.412741 0.139394 0.000001 0.436424
4 4 0.016605 0.397589 0.111905 0.000001 0.473901
4 4 0.006519 0.404943 0.158504 0.000000 0.430033
4 4 0.000746 0.274407 0.313532 0.000004 0.411311
4 4 0.006962 0.370172 0.162143 0.000001 0.460722
4 4 0.002280 0.339601 0.232306 0.000002 0.425812
4 1 0.004783 0.387180 0.174348 0.000000 0.433689
4 1 0.002716 0.347894 0.227878 0.000002 0.421510
4 1 0.004762 0.383953 0.184625 0.000001 0.426659
4 1 0.000499 0.254000 0.338298 0.000004 0.407198
4 1 0.002669 0.344519 0.236672 0.000003 0.416137
4 1 0.001166 0.298740 0.284124 0.000003 0.415967
4 1 0.005699 0.394990 0.172922 0.000001 0.426389
4 1 0.001620 0.321250 0.249311 0.000002 0.427817
4 1 0.007601 0.409943 0.163475 0.000001 0.418980
4 1 0.003246 0.361026 0.208208 0.000001 0.427519
1 0 0.009764 0.403167 0.361200 0.000013 0.225856
2 1 0.018777 0.199916 0.746881 0.006833 0.027593
1 1 0.012074 0.410494 0.365310 0.000017 0.212105
1 1 0.008958 0.399391 0.358566 0.000012 0.233072
2 1 0.003045 0.314252 0.497711 0.000013 0.184979
2 1 0.001052 0.206836 0.690249 0.000028 0.101835
2 2 0.000085 0.069179 0.901639 0.000110 0.028988
2 2 0.002816 0.272643 0.607205 0.000016 0.117321
2 2 0.000199 0.096519 0.869461 0.000017 0.033803
2 2 0.000051 0.046422 0.939835 0.000056 0.013636
2 2 0.000412 0.112663 0.855744 0.000011 0.031169
2 2 0.000603 0.166429 0.760008 0.000016 0.072944
2 2 0.000227 0.108587 0.849244 0.000015 0.041926
2 2 0.000001 0.005469 0.993748 0.000017 0.000765
2 2 0.000011 0.028030 0.962669 0.000035 0.009255
2 2 0.000007 0.019075 0.975762 0.000056 0.005100
2 2 0.000020 0.024477 0.971502 0.000005 0.003996
2 2 0.000006 0.020491 0.973583 0.000021 0.005900
2 2 0.000013 0.025361 0.967863 0.000038 0.006726
2 2 0.000011 0.020809 0.974153 0.000097 0.004929
2 2 0.000037 0.031802 0.960312 0.000265 0.007584
2 2 0.000010 0.009553 0.988981 0.000200 0.001256
2 2 0.000019 0.018171 0.978403 0.000217 0.003190
2 2 0.000024 0.024137 0.970743 0.000214 0.004882
2 2 0.000010 0.008388 0.990186 0.000217 0.001201
2 2 0.000055 0.025887 0.967363 0.000544 0.006152
2 2 0.000017 0.015259 0.981545 0.000223 0.002957
2 2 0.000096 0.053209 0.930014 0.000476 0.016205
2 2 0.000009 0.014494 0.982472 0.000102 0.002923
2 2 0.000030 0.012624 0.985179 0.000585 0.001582
2 2 0.000051 0.038497 0.949580 0.000313 0.011559
2 2 0.000047 0.014161 0.982190 0.000876 0.002725
2 2 0.000062 0.013089 0.983542 0.001358 0.001949
2 2 0.000093 0.039811 0.951103 0.000653 0.008340
2 3 0.000164 0.049946 0.933180 0.000991 0.015720
2 3 0.000031 0.005818 0.992059 0.001411 0.000681
2 3 0.000074 0.011871 0.984154 0.001852 0.002050
2 3 0.000057 0.014960 0.981123 0.001033 0.002828
2 3 0.000136 0.035300 0.955677 0.001189 0.007698
2 3 0.000239 0.053760 0.931484 0.001490 0.013027
2 3 0.000182 0.009530 0.981730 0.007322 0.001237
2 3 0.000084 0.004744 0.988617 0.006035 0.000520
2 3 0.000135 0.005453 0.984495 0.009280 0.000637
2 3 0.000539 0.013024 0.964805 0.019881 0.001751
2 3 0.000375 0.005848 0.962870 0.030311 0.000596
2 3 0.000276 0.005095 0.969861 0.024290 0.000477
2 3 0.000363 0.020636 0.967836 0.007306 0.003858
2 3 0.001262 0.019447 0.940076 0.036068 0.003147
2 2 0.001614 0.148017 0.794357 0.004625 0.051387
2 2 0.000237 0.052543 0.935352 0.001531 0.010337
2 2 0.000114 0.032780 0.961199 0.001064 0.004843
2 2 0.000165 0.038159 0.954452 0.001422 0.005802
2 2 0.000077 0.021805 0.974803 0.001041 0.002274
2 2 0.000070 0.025989 0.969633 0.000748 0.003560
2 2 0.000137 0.031824 0.962247 0.001383 0.004409
2 2 0.000055 0.009430 0.987862 0.001727 0.000926
