4 1 0.056520 0.343832 0.163193 0.000297 0.436158
1 1 0.091965 0.398213 0.158376 0.000265 0.351182
4 1 0.164208 0.150730 0.095102 0.010284 0.579677
1 0 0.260322 0.284426 0.166190 0.006475 0.282588
1 0 0.095297 0.402350 0.260522 0.001355 0.240476
4 1 0.167389 0.346153 0.135826 0.000719 0.349914
1 1 0.051599 0.373534 0.219240 0.000484 0.355144
4 1 0.047354 0.333396 0.136504 0.000143 0.482603
4 1 0.020506 0.253617 0.137266 0.000583 0.588028
4 1 0.027005 0.401112 0.161406 0.000105 0.410371
4 1 0.175423 0.140516 0.082873 0.009628 0.591560
1 1 0.046645 0.412973 0.192103 0.000158 0.348121
1 1 0.008454 0.393116 0.215400 0.000606 0.382423
1 1 0.044004 0.394755 0.208934 0.000240 0.352067
1 1 0.029904 0.388267 0.218335 0.000170 0.363324
4 1 0.036587 0.268833 0.180437 0.001087 0.513055
1 1 0.028271 0.398248 0.211767 0.000480 0.361234
4 1 0.027645 0.323113 0.184643 0.000872 0.463727
1 1 0.053346 0.409856 0.158391 0.000104 0.378303
4 1 0.012206 0.325138 0.170571 0.000319 0.491765
1 1 0.023331 0.419764 0.300883 0.011982 0.244040
1 1 0.052269 0.459830 0.313705 0.001976 0.172221
1 1 0.045869 0.420403 0.336847 0.002194 0.194687
2 1 0.099123 0.390702 0.426055 0.004977 0.079143
1 1 0.016131 0.502289 0.361964 0.002283 0.117333
1 1 0.059979 0.463466 0.345786 0.004706 0.126063
1 1 0.011798 0.471478 0.385962 0.003609 0.127153
2 1 0.006534 0.403886 0.479278 0.003760 0.106542
2 1 0.014277 0.356706 0.568446 0.009484 0.051087
2 1 0.026898 0.330339 0.572492 0.004597 0.065674
2 1 0.014937 0.368013 0.535519 0.025880 0.055651
2 1 0.012031 0.244641 0.702717 0.019825 0.020786
2 1 0.015101 0.173416 0.736131 0.047540 0.027812
2 1 0.015832 0.168894 0.776046 0.023454 0.015773
2 1 0.012651 0.174116 0.780156 0.016101 0.016975
2 1 0.204502 0.261742 0.391524 0.030540 0.111693
2 2 0.109963 0.259955 0.548271 0.017893 0.063918
0 2 0.652592 0.129692 0.058309 0.016392 0.143016
2 2 0.181020 0.351099 0.352565 0.013878 0.101438
2 2 0.075300 0.351097 0.506930 0.015021 0.051652
2 2 0.023684 0.455204 0.484515 0.021533 0.015064
2 2 0.007260 0.095183 0.810315 0.081064 0.006178
2 2 0.014613 0.197343 0.741271 0.038113 0.008661
2 2 0.000986 0.019323 0.919633 0.059308 0.000749
2 2 0.090404 0.350405 0.515534 0.019024 0.024633
0 2 0.789124 0.090814 0.039765 0.005781 0.074517
0 2 0.428199 0.333661 0.179467 0.003738 0.054935
0 2 0.576946 0.241549 0.105556 0.003071 0.072878
1 2 0.291833 0.406934 0.232402 0.007777 0.061054
0 2 0.393390 0.261977 0.246542 0.026612 0.071479
1 2 0.041902 0.503559 0.409620 0.023569 0.021350
2 2 0.326820 0.210880 0.393897 0.018214 0.050188
0 2 0.385525 0.361935 0.168496 0.012889 0.071156
2 2 0.075034 0.423470 0.452639 0.023586 0.025272
2 2 0.020280 0.246389 0.680283 0.041003 0.012045
2 2 0.187438 0.303407 0.457180 0.015957 0.036018
2 2 0.029674 0.413187 0.530118 0.014209 0.012812
2 2 0.096041 0.283869 0.571182 0.022829 0.026079
2 2 0.130939 0.181656 0.611189 0.050941 0.025275
1 2 0.193827 0.501368 0.253476 0.008133 0.043196
1 2 0.200976 0.517663 0.239376 0.010899 0.031087
2 2 0.075846 0.407885 0.455871 0.034087 0.026311
1 2 0.394191 0.450901 0.108739 0.003578 0.042592
0 2 0.431741 0.416880 0.101322 0.005646 0.044411
0 2 0.805161 0.139963 0.019264 0.000924 0.034687
1 2 0.148749 0.667514 0.161771 0.002839 0.019127
1 2 0.381660 0.487384 0.095562 0.002622 0.032771
1 2 0.084092 0.671506 0.216026 0.008830 0.019546
1 2 0.049546 0.619247 0.292723 0.017885 0.020599
2 2 0.019650 0.200999 0.712613 0.055269 0.011468
2 2 0.032326 0.195158 0.707765 0.053928 0.010823
0 2 0.787351 0.111523 0.046059 0.002474 0.052594
1 2 0.339166 0.516714 0.108139 0.003164 0.032817
0 2 0.755929 0.153137 0.034191 0.001540 0.055202
0 2 0.727425 0.172347 0.038204 0.002628 0.059397
0 2 0.868572 0.082849 0.012791 0.000482 0.035307
0 0 0.919504 0.038797 0.005329 0.000701 0.035669
0 0 0.887322 0.057824 0.009651 0.000999 0.044204
0 0 0.928494 0.034908 0.004390 0.000546 0.031663
0 0 0.902211 0.045446 0.008678 0.001255 0.042410
0 0 0.679991 0.117302 0.041944 0.008672 0.152090
0 0 0.902610 0.045915 0.007277 0.001049 0.043150
0 0 0.770001 0.087873 0.021767 0.003324 0.117036
4 0 0.353078 0.149588 0.067670 0.008913 0.420752
1 1 0.107035 0.377580 0.161006 0.001805 0.352574
1 1 0.173980 0.433686 0.170795 0.000677 0.220862
1 1 0.023864 0.467011 0.262054 0.003225 0.243846
1 1 0.004685 0.422978 0.253121 0.002521 0.316695
1 1 0.049393 0.480343 0.168190 0.000210 0.301864
1 1 0.076803 0.377939 0.167607 0.001282 0.376369
4 1 0.183233 0.273426 0.093019 0.000686 0.449636
1 1 0.046072 0.454292 0.196126 0.001852 0.301658
4 1 0.188963 0.277216 0.088800 0.000595 0.444426
1 1 0.104734 0.377948 0.145962 0.000887 0.370469
4 1 0.068977 0.372005 0.144378 0.001911 0.412729
4 1 0.144251 0.357688 0.112879 0.001227 0.383955
4 4 0.054799 0.204246 0.094497 0.005508 0.640951
4 4 0.067062 0.391179 0.129804 0.001288 0.410667
4 4 0.064932 0.150511 0.063598 0.004579 0.716379
4 4 0.157993 0.115595 0.050773 0.003618 0.672020
4 4 0.028831 0.077298 0.058469 0.004437 0.830965
4 4 0.006866 0.118619 0.153071 0.012768 0.708676
4 4 0.012485 0.144828 0.135465 0.004497 0.702725
4 4 0.013388 0.071851 0.053160 0.000926 0.860675
4 4 0.006421 0.187930 0.166028 0.005968 0.633653
4 4 0.016115 0.168165 0.088713 0.000243 0.726763
4 4 0.044624 0.193775 0.177335 0.004181 0.580085
4 4 0.084744 0.256650 0.188184 0.003545 0.466877
4 4 0.026961 0.227919 0.177036 0.000914 0.567170
4 4 0.026649 0.183356 0.109593 0.000465 0.679938
4 4 0.011320 0.193460 0.136773 0.001549 0.656899
4 4 0.017265 0.241769 0.175997 0.001503 0.563466
4 4 0.007212 0.165216 0.151269 0.001496 0.674807
4 4 0.029891 0.246749 0.163800 0.000802 0.558758
4 4 0.007247 0.237724 0.237027 0.003593 0.514409
4 4 0.025864 0.199707 0.118614 0.001379 0.654435
4 4 0.035444 0.303573 0.229369 0.000858 0.430756
4 4 0.004832 0.265275 0.239304 0.000914 0.489675
4 4 0.005349 0.236979 0.164810 0.001800 0.591062
4 4 0.015339 0.217790 0.177824 0.000597 0.588451
4 4 0.029050 0.334344 0.247023 0.006539 0.383045
4 4 0.035603 0.313266 0.224566 0.004076 0.422489
4 4 0.070931 0.243002 0.296226 0.009556 0.380286
4 4 0.038834 0.250767 0.313027 0.008778 0.388593
4 4 0.078933 0.123475 0.088386 0.006872 0.702334
4 4 0.057300 0.324859 0.267625 0.005147 0.345068
1 4 0.053758 0.335444 0.324102 0.005437 0.281259
0 4 0.399373 0.174333 0.121634 0.036503 0.268156
0 4 0.736699 0.105533 0.036934 0.008843 0.111990
1 4 0.181813 0.347870 0.279084 0.008046 0.183187
1 4 0.008393 0.413474 0.339968 0.007999 0.230166
2 4 0.019038 0.393578 0.395790 0.003472 0.188122
1 2 0.008723 0.431860 0.290167 0.002003 0.267246
1 2 0.020932 0.362507 0.309709 0.004687 0.302164
4 2 0.049548 0.218891 0.214641 0.005320 0.511601
4 2 0.036765 0.245530 0.217172 0.010047 0.490486
4 2 0.092476 0.322120 0.182567 0.004745 0.398092
1 2 0.051902 0.396190 0.286802 0.002944 0.262162
1 2 0.043245 0.360296 0.337196 0.007754 0.251510
1 2 0.037598 0.405597 0.313725 0.003517 0.239563
2 2 0.007500 0.249384 0.622884 0.048097 0.072135
2 2 0.017636 0.248934 0.607979 0.037214 0.088237
2 2 0.007906 0.299782 0.569677 0.022666 0.099969
2 2 0.008802 0.148524 0.773780 0.040939 0.027956
2 2 0.010555 0.090425 0.815491 0.070496 0.013032
2 2 0.005567 0.242386 0.663000 0.040499 0.048547
2 2 0.015247 0.102707 0.803039 0.064060 0.014948
2 2 0.007197 0.112865 0.639729 0.226570 0.013639
2 2 0.008649 0.092338 0.718689 0.163671 0.016652
2 2 0.006026 0.042119 0.723471 0.222677 0.005708
2 2 0.004985 0.025349 0.608511 0.356758 0.004397
3 2 0.001475 0.006399 0.345013 0.645932 0.001179
3 2 0.001531 0.003832 0.485184 0.508614 0.000840
2 2 0.003233 0.005677 0.632529 0.356966 0.001595
2 2 0.001401 0.005554 0.578375 0.413827 0.000844
3 2 0.001449 0.006186 0.469141 0.522220 0.001004
3 2 0.001266 0.003953 0.346742 0.647195 0.000844
2 2 0.002284 0.007533 0.629581 0.359236 0.001366
3 2 0.000855 0.001829 0.462770 0.534157 0.000389
3 2 0.001183 0.002282 0.212139 0.783633 0.000764
3 2 0.000662 0.001731 0.078205 0.918790 0.000613
3 2 0.000444 0.001251 0.056258 0.941613 0.000434
3 2 0.000369 0.001505 0.036219 0.961432 0.000475
3 2 0.000952 0.002425 0.076029 0.919633 0.000961
3 2 0.001154 0.005243 0.043376 0.948304 0.001922
3 2 0.000372 0.001196 0.046777 0.951260 0.000395
3 2 0.000747 0.002284 0.059100 0.937025 0.000844
3 2 0.000195 0.001201 0.019631 0.978652 0.000320
3 2 0.000429 0.001973 0.033109 0.963866 0.000623
3 3 0.000512 0.003472 0.022790 0.972178 0.001048
3 3 0.000294 0.001943 0.020269 0.976951 0.000543
3 3 0.000411 0.001708 0.036507 0.960829 0.000546
3 3 0.000273 0.001488 0.024437 0.973377 0.000426
3 3 0.000327 0.001757 0.026114 0.971284 0.000518
3 3 0.000227 0.001775 0.015708 0.981828 0.000463
3 3 0.000172 0.001185 0.016732 0.981607 0.000303
3 3 0.000207 0.001399 0.018055 0.979969 0.000370
3 3 0.000094 0.001049 0.008450 0.990181 0.000226
3 3 0.000587 0.003135 0.030579 0.964691 0.001008
3 3 0.000123 0.001060 0.012022 0.986547 0.000248
3 3 0.000183 0.001169 0.018578 0.979764 0.000307
3 3 0.000143 0.001056 0.014751 0.983790 0.000260
3 3 0.000312 0.002094 0.020219 0.976787 0.000589
3 3 0.000111 0.001062 0.010492 0.988094 0.000241
3 3 0.000187 0.001486 0.014687 0.983264 0.000376
3 3 0.000259 0.002046 0.016107 0.981045 0.000543
3 3 0.000189 0.001469 0.015127 0.982841 0.000374
3 3 0.000078 0.000654 0.011029 0.988095 0.000144
3 3 0.000111 0.000970 0.011472 0.987225 0.000223
3 3 0.000214 0.001741 0.014826 0.982772 0.000447
3 3 0.000136 0.001287 0.011147 0.987128 0.000301
3 3 0.000129 0.001092 0.012430 0.986090 0.000258
3 3 0.000130 0.001052 0.013129 0.985437 0.000252
3 3 0.000163 0.001521 0.011883 0.986066 0.000366
3 3 0.000177 0.001561 0.012907 0.984971 0.000384
3 3 0.000094 0.001045 0.008496 0.990140 0.000225
3 3 0.000289 0.002376 0.015914 0.980784 0.000637
3 3 0.000266 0.002289 0.014799 0.982045 0.000601
3 3 0.000161 0.001400 0.012775 0.985324 0.000341
3 3 0.000216 0.001757 0.014885 0.982690 0.000452
3 3 0.000176 0.001318 0.015407 0.982764 0.000334
3 3 0.000225 0.001779 0.015497 0.982037 0.000463
3 3 0.000220 0.001613 0.016717 0.981026 0.000424
3 3 0.000162 0.001516 0.011825 0.986132 0.000364
3 3 0.000199 0.001602 0.014746 0.983046 0.000408
3 3 0.000083 0.001007 0.007383 0.991319 0.000209
3 3 0.000097 0.001067 0.008701 0.989903 0.000231
3 3 0.000127 0.000992 0.013501 0.985143 0.000238
3 3 0.000203 0.001749 0.013728 0.983879 0.000441
3 3 0.000153 0.001395 0.011951 0.986167 0.000334
3 3 0.000070 0.000745 0.008214 0.990816 0.000155
3 3 0.000114 0.001238 0.009169 0.989204 0.000275
3 3 0.000208 0.001959 0.012544 0.984801 0.000488
3 3 0.000114 0.001278 0.008885 0.989440 0.000283
3 3 0.000077 0.000863 0.007913 0.990967 0.000180
3 3 0.000136 0.001555 0.009103 0.988855 0.000352
3 3 0.000150 0.001329 0.012348 0.985853 0.000319
3 3 0.000133 0.001142 0.012342 0.986112 0.000271
3 3 0.000123 0.001416 0.008768 0.989378 0.000315
3 3 0.000224 0.001794 0.015318 0.982198 0.000465
3 3 0.000236 0.001762 0.016691 0.980845 0.000466
3 3 0.000097 0.000890 0.010518 0.988297 0.000199
3 3 0.000127 0.001185 0.011078 0.987336 0.000275
3 3 0.000091 0.000803 0.010848 0.988077 0.000179
3 3 0.000092 0.000832 0.010601 0.988289 0.000185
3 3 0.000268 0.002330 0.014665 0.982126 0.000612
3 3 0.000088 0.000823 0.010000 0.988908 0.000181
3 3 0.000175 0.001727 0.011361 0.986321 0.000416
3 3 0.000228 0.001585 0.017899 0.979866 0.000422
3 3 0.000166 0.001610 0.011430 0.986408 0.000386
3 3 0.000166 0.001440 0.012922 0.985120 0.000352
3 3 0.000099 0.001137 0.008267 0.990252 0.000245
3 3 0.000074 0.000813 0.008060 0.990884 0.000169
3 3 0.000063 0.000736 0.007277 0.991775 0.000148
3 3 0.000095 0.000893 0.010248 0.988565 0.000199
3 3 0.000198 0.001612 0.014516 0.983265 0.000409
3 3 0.000155 0.001463 0.011556 0.986478 0.000349
3 3 0.000072 0.000778 0.008119 0.990869 0.000162
3 3 0.000130 0.001253 0.010840 0.987486 0.000290
3 3 0.000257 0.002202 0.014706 0.982260 0.000576
3 3 0.000306 0.001848 0.022612 0.974706 0.000528
3 3 0.001168 0.004419 0.052842 0.939893 0.001678
3 3 0.000364 0.001030 0.073623 0.924675 0.000309
3 3 0.001208 0.004536 0.088653 0.904156 0.001447
3 3 0.000381 0.001198 0.048202 0.949820 0.000398
3 3 0.001756 0.006447 0.200054 0.790070 0.001673
3 3 0.002507 0.013075 0.383590 0.598547 0.002282
3 3 0.000393 0.001088 0.059523 0.938634 0.000363
3 3 0.001046 0.006494 0.467698 0.523972 0.000790
3 3 0.000369 0.000876 0.155214 0.843319 0.000222
3 3 0.000683 0.002001 0.060376 0.936204 0.000735
3 3 0.000756 0.002771 0.136933 0.858858 0.000683
3 3 0.001122 0.003913 0.247291 0.746802 0.000872
3 3 0.000342 0.000827 0.072427 0.926135 0.000269
3 3 0.000797 0.002838 0.102280 0.893284 0.000801
3 3 0.000379 0.001018 0.110803 0.887527 0.000273
3 3 0.000431 0.001117 0.060981 0.937079 0.000392
3 3 0.000462 0.001097 0.074442 0.923617 0.000383
3 3 0.011571 0.033780 0.089332 0.849024 0.016293
3 3 0.001167 0.002820 0.084557 0.910292 0.001164
2 3 0.151528 0.139844 0.525303 0.096075 0.087250
3 3 0.012324 0.032318 0.416374 0.526880 0.012104
3 3 0.022739 0.041059 0.233089 0.675353 0.027760
3 3 0.003985 0.015244 0.392732 0.584414 0.003624
2 3 0.002234 0.010340 0.541820 0.443944 0.001662
2 3 0.001646 0.006267 0.764853 0.226376 0.000859
2 2 0.079251 0.154152 0.653184 0.060514 0.052898
2 2 0.095983 0.218790 0.588919 0.029366 0.066943
2 2 0.014742 0.059071 0.595327 0.315710 0.015151
2 2 0.013813 0.078985 0.558466 0.327737 0.020999
2 2 0.016867 0.179668 0.606465 0.160919 0.036081
2 2 0.008431 0.168600 0.625530 0.127129 0.070311
2 2 0.010097 0.119376 0.634103 0.188784 0.047639
2 2 0.010498 0.272893 0.559839 0.088662 0.068107
2 2 0.012219 0.219307 0.596689 0.079937 0.091848
2 2 0.005721 0.122447 0.510146 0.295524 0.066162
2 2 0.004755 0.348112 0.424111 0.054643 0.168379
2 2 0.005775 0.312140 0.514493 0.059525 0.108067
2 2 0.012100 0.189836 0.587269 0.088844 0.121951
2 2 0.008985 0.216974 0.660347 0.057910 0.055784
2 2 0.013032 0.188397 0.524415 0.088184 0.185973
4 2 0.004563 0.201705 0.344758 0.095712 0.353262
2 2 0.005405 0.273260 0.480070 0.027577 0.213688
2 2 0.013796 0.202135 0.467625 0.082566 0.233879
2 2 0.003446 0.281446 0.429525 0.040117 0.245467
4 2 0.003147 0.235099 0.346154 0.061491 0.354109
2 2 0.009294 0.259486 0.475325 0.028859 0.227036
2 2 0.002763 0.286482 0.416489 0.008764 0.285502
4 2 0.009627 0.232104 0.290823 0.015057 0.452389
2 2 0.006063 0.303070 0.464568 0.015210 0.211090
2 2 0.023513 0.130760 0.451211 0.052434 0.342082
2 2 0.012132 0.243463 0.457604 0.024061 0.262740
2 2 0.007711 0.250619 0.499097 0.020466 0.222107
2 2 0.004006 0.202605 0.439380 0.039129 0.314881
2 1 0.008920 0.188387 0.486740 0.043292 0.272660
2 1 0.008783 0.295478 0.401492 0.006940 0.287308
2 1 0.014291 0.235003 0.493049 0.029910 0.227747
2 1 0.007605 0.297354 0.496170 0.015408 0.183462
2 1 0.014171 0.231819 0.565464 0.034497 0.154048
2 1 0.127567 0.162886 0.362637 0.091320 0.255589
2 1 0.022056 0.247994 0.698901 0.016046 0.015003
2 1 0.003779 0.166905 0.784938 0.038665 0.005713
2 1 0.007174 0.070093 0.560436 0.352857 0.009440
2 1 0.002762 0.048674 0.809590 0.136024 0.002949
2 1 0.004168 0.091583 0.774129 0.124675 0.005445
2 1 0.010224 0.096240 0.737787 0.146639 0.009111
2 2 0.005033 0.125719 0.810942 0.051809 0.006497
2 2 0.001259 0.008839 0.697311 0.291737 0.000854
2 2 0.006292 0.070465 0.835689 0.082085 0.005469
2 2 0.008344 0.099180 0.780323 0.105013 0.007140
2 2 0.009710 0.096394 0.864617 0.023202 0.006077
2 2 0.016095 0.171334 0.722118 0.078376 0.012078
2 2 0.002703 0.018350 0.731476 0.245480 0.001991
2 2 0.004787 0.091906 0.858618 0.040147 0.004541
2 2 0.004538 0.081131 0.854843 0.055282 0.004206
2 2 0.023998 0.106788 0.787710 0.063215 0.018289
2 2 0.046758 0.327258 0.580764 0.020870 0.024350
2 2 0.003409 0.122736 0.793989 0.074938 0.004928
2 2 0.002023 0.022629 0.769176 0.204421 0.001751
2 2 0.000860 0.012862 0.900651 0.085038 0.000589
2 2 0.001326 0.015282 0.910024 0.072486 0.000882
2 2 0.002755 0.019610 0.750032 0.225694 0.001908
2 2 0.003259 0.027179 0.880196 0.087526 0.001839
2 2 0.008463 0.218242 0.721783 0.041805 0.009708
2 2 0.007382 0.114443 0.818540 0.053403 0.006232
2 2 0.003794 0.121625 0.826176 0.043740 0.004666
2 2 0.005355 0.097284 0.823423 0.068982 0.004955
2 2 0.000950 0.018261 0.875170 0.104849 0.000769
2 2 0.001644 0.050517 0.901005 0.045151 0.001682
2 2 0.000967 0.011897 0.933030 0.053517 0.000588
2 2 0.000425 0.006726 0.922351 0.070253 0.000245
2 2 0.001213 0.025271 0.934193 0.038380 0.000944
2 2 0.034556 0.160351 0.742067 0.045118 0.017908
2 2 0.010078 0.102641 0.797520 0.081387 0.008374
2 2 0.001813 0.028386 0.899922 0.068395 0.001483
2 2 0.002984 0.093846 0.877616 0.022946 0.002607
2 2 0.001024 0.033123 0.918176 0.046726 0.000952
2 2 0.003137 0.007896 0.801105 0.186626 0.001235
2 2 0.000905 0.027047 0.940240 0.031059 0.000748
2 2 0.014122 0.084868 0.756012 0.135263 0.009735
2 2 0.002506 0.017405 0.841119 0.137681 0.001288
2 2 0.004074 0.035602 0.907832 0.050227 0.002266
2 2 0.003924 0.029028 0.862047 0.103023 0.001978
2 2 0.018386 0.141459 0.789179 0.042607 0.008369
2 2 0.001266 0.008437 0.859894 0.129803 0.000601
2 2 0.058744 0.290490 0.604487 0.022420 0.023859
1 2 0.204666 0.387507 0.330930 0.008736 0.068161
2 2 0.020157 0.305306 0.631254 0.031837 0.011446
2 2 0.004442 0.117557 0.825556 0.048309 0.004136
2 2 0.005321 0.047818 0.827273 0.116669 0.002919
2 2 0.025485 0.204417 0.696517 0.061334 0.012248
2 2 0.019058 0.288698 0.648371 0.032492 0.011381
2 2 0.009847 0.270100 0.682710 0.028806 0.008536
2 2 0.013605 0.258409 0.686330 0.032681 0.008975
2 2 0.018585 0.257687 0.684696 0.028160 0.010872
0 2 0.648991 0.113219 0.154080 0.015366 0.068344
2 2 0.016673 0.394924 0.552510 0.023492 0.012400
2 2 0.026719 0.360442 0.562801 0.034226 0.015813
2 2 0.099224 0.348325 0.457062 0.055643 0.039745
2 2 0.014195 0.247985 0.682763 0.043377 0.011679
2 2 0.015478 0.214032 0.715916 0.036328 0.018247
2 2 0.067767 0.430958 0.449812 0.013471 0.037993
2 2 0.028840 0.444247 0.491632 0.010513 0.024768
0 2 0.683074 0.097446 0.095460 0.023850 0.100171
0 2 0.770292 0.094794 0.029535 0.006564 0.098816
1 1 0.251031 0.388046 0.274698 0.005430 0.080795
2 1 0.039643 0.304149 0.597284 0.025315 0.033609
2 4 0.030124 0.310506 0.616398 0.015366 0.027605
2 4 0.056597 0.179469 0.592488 0.119879 0.051568
1 4 0.063808 0.528358 0.310589 0.007709 0.089536
1 4 0.118377 0.487275 0.294707 0.006426 0.093215
1 4 0.015046 0.496942 0.365950 0.011410 0.110652
1 4 0.055162 0.515591 0.353189 0.005220 0.070838
2 4 0.071333 0.376291 0.446408 0.004210 0.101758
1 4 0.029843 0.467308 0.360323 0.019767 0.122759
1 4 0.149587 0.500763 0.249667 0.003593 0.096390
1 4 0.044333 0.548696 0.301347 0.003636 0.101988
1 4 0.132356 0.489284 0.299518 0.005665 0.073177
1 4 0.129715 0.477503 0.267244 0.006598 0.118939
1 4 0.065132 0.466879 0.336169 0.010004 0.121817
4 4 0.090164 0.181996 0.273860 0.018108 0.435872
4 4 0.288311 0.182284 0.159509 0.051307 0.318589
1 4 0.102489 0.418958 0.283142 0.002277 0.193134
4 4 0.023292 0.311713 0.239552 0.020981 0.404461
4 4 0.021436 0.145743 0.232490 0.025421 0.574909
4 4 0.091567 0.209588 0.161049 0.007695 0.530101
4 4 0.030106 0.306200 0.248870 0.021557 0.393267
4 4 0.044266 0.125237 0.117069 0.014436 0.698992
4 4 0.211117 0.257656 0.230044 0.023350 0.277834
4 4 0.071977 0.174841 0.124799 0.015580 0.612803
4 4 0.084444 0.117998 0.130480 0.016157 0.650921
4 4 0.082953 0.292550 0.267869 0.005970 0.350658
1 4 0.033215 0.327617 0.309499 0.010767 0.318902
4 4 0.059180 0.179215 0.139315 0.011357 0.610933
4 4 0.074566 0.287184 0.291335 0.007349 0.339566
4 4 0.090314 0.289757 0.196796 0.003032 0.420102
4 4 0.082734 0.186569 0.208969 0.012910 0.508818
1 4 0.022572 0.367793 0.271559 0.015343 0.322733
4 4 0.048731 0.243675 0.235957 0.015646 0.455990
4 4 0.019036 0.276163 0.292281 0.018750 0.393770
4 4 0.020976 0.208042 0.344216 0.019763 0.407004
4 4 0.056181 0.160452 0.324724 0.023370 0.435272
4 4 0.004855 0.189324 0.208632 0.024252 0.572936
4 4 0.009155 0.232058 0.327341 0.006003 0.425442
2 4 0.009459 0.219125 0.433865 0.008959 0.328593
4 4 0.006210 0.297910 0.341771 0.004216 0.349893
4 4 0.007271 0.221275 0.329091 0.034567 0.407796
4 4 0.004709 0.179099 0.237664 0.063918 0.514610
4 4 0.010097 0.190876 0.323544 0.022992 0.452490
4 4 0.023910 0.259336 0.329631 0.004638 0.382485
2 4 0.019382 0.250531 0.412062 0.011736 0.306289
4 4 0.009153 0.247896 0.365140 0.007065 0.370746
4 4 0.010403 0.270032 0.345376 0.011827 0.362363
4 4 0.006086 0.271061 0.340555 0.003998 0.378300
4 4 0.007109 0.197857 0.368598 0.017810 0.408626
2 4 0.005922 0.325260 0.411074 0.014009 0.243735
4 4 0.004844 0.288234 0.333285 0.006066 0.367572
4 4 0.010490 0.257019 0.350849 0.004324 0.377317
2 2 0.003663 0.335689 0.415696 0.017665 0.227288
2 2 0.011453 0.230603 0.506373 0.013071 0.238500
2 2 0.020512 0.250799 0.684213 0.025902 0.018574
2 2 0.046100 0.435057 0.441614 0.027479 0.049751
0 2 0.342393 0.289021 0.215811 0.017254 0.135521
2 2 0.049994 0.394694 0.475954 0.039420 0.039939
2 2 0.032562 0.400546 0.519989 0.023393 0.023510
2 2 0.011138 0.261935 0.661239 0.049314 0.016373
2 2 0.017109 0.169735 0.763566 0.033676 0.015914
0 2 0.622567 0.137371 0.066908 0.019800 0.153354
2 2 0.070005 0.317583 0.564006 0.016447 0.031959
2 2 0.031500 0.277995 0.638238 0.030027 0.022239
2 2 0.008363 0.236182 0.724540 0.020840 0.010075
2 2 0.013405 0.271035 0.667781 0.033083 0.014696
2 2 0.007895 0.120181 0.792558 0.069821 0.009546
2 2 0.002894 0.035266 0.902695 0.056818 0.002326
2 2 0.002935 0.039360 0.915231 0.040122 0.002351
2 2 0.006915 0.071789 0.869904 0.045993 0.005399
2 2 0.003270 0.034057 0.914381 0.045833 0.002458
2 2 0.003067 0.046422 0.908799 0.039082 0.002630
2 2 0.001285 0.014488 0.902825 0.080550 0.000852
2 2 0.007762 0.099618 0.851712 0.034036 0.006871
2 2 0.007107 0.029724 0.856886 0.103079 0.003205
2 2 0.103807 0.306768 0.538443 0.008610 0.042373
2 2 0.005212 0.127624 0.816025 0.044537 0.006602
2 2 0.088698 0.160977 0.707859 0.017989 0.024477
2 2 0.203397 0.301040 0.435889 0.010360 0.049314
2 2 0.013414 0.267503 0.680770 0.024560 0.013753
2 2 0.003484 0.048687 0.824914 0.119432 0.003483
2 2 0.002843 0.038668 0.907879 0.048270 0.002340
2 2 0.019867 0.181085 0.745342 0.037880 0.015825
2 2 0.005331 0.054307 0.901065 0.035353 0.003944
2 2 0.003660 0.014699 0.850044 0.129449 0.002149
2 2 0.001676 0.025384 0.899384 0.072221 0.001334
2 2 0.001093 0.010880 0.959473 0.027979 0.000575
2 2 0.001663 0.017424 0.947647 0.032255 0.001011
2 2 0.001119 0.013570 0.946433 0.038206 0.000671
2 2 0.000901 0.009159 0.955165 0.034306 0.000468
2 2 0.115131 0.107790 0.649579 0.086101 0.041398
2 2 0.136006 0.356527 0.453067 0.004945 0.049456
2 2 0.026892 0.134007 0.802567 0.022039 0.014496
2 2 0.008309 0.156813 0.802540 0.025297 0.007041
2 2 0.002568 0.041808 0.845725 0.107417 0.002482
2 2 0.002920 0.034546 0.882809 0.077788 0.001937
2 2 0.022012 0.096605 0.793692 0.077082 0.010610
2 2 0.014477 0.223549 0.736335 0.016519 0.009120
2 2 0.007088 0.126892 0.798854 0.060856 0.006309
2 2 0.237619 0.237021 0.451265 0.014452 0.059643
0 2 0.391408 0.267463 0.211704 0.013998 0.115427
2 2 0.014467 0.261598 0.667611 0.043982 0.012343
2 2 0.012301 0.351316 0.605243 0.021347 0.009793
2 2 0.005222 0.161192 0.801325 0.027035 0.005226
2 2 0.049722 0.175011 0.715216 0.042481 0.017569
2 2 0.004358 0.060947 0.860531 0.070700 0.003464
2 2 0.000863 0.011877 0.942174 0.044563 0.000523
2 2 0.001619 0.022812 0.898552 0.075842 0.001175
2 2 0.001783 0.028332 0.900000 0.068474 0.001411
2 2 0.002374 0.023546 0.888350 0.084320 0.001409
2 2 0.001759 0.023988 0.928480 0.044505 0.001269
2 2 0.001192 0.011976 0.904158 0.081935 0.000739
2 2 0.000848 0.009011 0.883952 0.105675 0.000515
2 2 0.001462 0.016578 0.838962 0.141902 0.001096
2 2 0.009793 0.036410 0.761798 0.188445 0.003554
2 2 0.008795 0.078441 0.791956 0.116299 0.004508
2 2 0.015704 0.080412 0.756211 0.141090 0.006582
2 2 0.006753 0.038753 0.625814 0.325505 0.003176
0 2 0.403363 0.088911 0.252333 0.198766 0.056627
0 2 0.635867 0.226569 0.089858 0.001224 0.046482
1 2 0.124159 0.630050 0.210470 0.008298 0.027022
0 2 0.492218 0.304503 0.135055 0.007929 0.060294
0 2 0.763097 0.136528 0.032435 0.002652 0.065289
1 2 0.166617 0.421646 0.355135 0.021523 0.035078
0 0 0.854526 0.048397 0.046632 0.008121 0.042324
0 0 0.805916 0.090682 0.025511 0.003529 0.074362
0 0 0.915374 0.040011 0.006970 0.000941 0.036704
0 0 0.966658 0.016631 0.003080 0.000272 0.013358
0 0 0.847351 0.080458 0.016084 0.001553 0.054553
1 0 0.182017 0.623995 0.163876 0.004193 0.025919
1 1 0.319517 0.510812 0.125688 0.004846 0.039137
1 1 0.060186 0.663789 0.251135 0.007986 0.016904
1 1 0.117674 0.527150 0.296530 0.025724 0.032921
0 1 0.730943 0.154172 0.063479 0.003627 0.047779
0 1 0.659430 0.178940 0.055128 0.002787 0.103715
1 1 0.149900 0.558010 0.247572 0.006577 0.037941
0 0 0.721966 0.110046 0.040387 0.009969 0.117632
0 0 0.816042 0.079133 0.020547 0.004063 0.080216
0 0 0.825081 0.075892 0.018924 0.003647 0.076456
0 0 0.824926 0.075948 0.018952 0.003653 0.076520
0 0 0.735160 0.107030 0.045066 0.014353 0.098391
0 0 0.545702 0.247544 0.097779 0.009100 0.099874
1 0 0.240894 0.463080 0.226495 0.007817 0.061714
1 1 0.180355 0.532540 0.231362 0.009436 0.046307
1 1 0.147952 0.506273 0.280491 0.013198 0.052086
1 1 0.154774 0.540505 0.249908 0.006122 0.048690
1 1 0.258258 0.466776 0.144673 0.004512 0.125781
1 1 0.118530 0.602305 0.184023 0.004389 0.090753
1 1 0.227866 0.495180 0.144428 0.009234 0.123293
1 4 0.240608 0.451381 0.172368 0.006843 0.128800
0 4 0.557429 0.207730 0.060426 0.008688 0.165727
0 4 0.514334 0.206831 0.084264 0.013648 0.180923
1 4 0.211438 0.408423 0.158810 0.012048 0.209282
1 4 0.237528 0.519567 0.144955 0.007050 0.090900
4 4 0.039450 0.092253 0.084737 0.007829 0.775731
4 4 0.014002 0.263163 0.179298 0.006936 0.536602
4 4 0.030985 0.229768 0.143864 0.004038 0.591346
4 4 0.009918 0.195345 0.140976 0.004614 0.649148
4 4 0.028970 0.105385 0.084155 0.015109 0.766380
4 4 0.010411 0.071749 0.061142 0.009091 0.847606
4 4 0.038511 0.205135 0.171228 0.006702 0.578424
4 4 0.007140 0.151824 0.124387 0.010051 0.706597
4 4 0.009170 0.086589 0.061892 0.018001 0.824348
4 4 0.016147 0.200634 0.192068 0.011123 0.580028
4 4 0.028440 0.099185 0.082078 0.006857 0.783441
4 4 0.016450 0.134846 0.102340 0.004372 0.741992
4 4 0.018094 0.117364 0.084256 0.011608 0.768679
4 4 0.015198 0.105321 0.091788 0.007400 0.780293
4 4 0.031968 0.126709 0.090218 0.015398 0.735707
4 4 0.002573 0.177974 0.143075 0.022615 0.653762
4 4 0.018245 0.217990 0.176283 0.018310 0.569172
4 4 0.018342 0.078518 0.102411 0.011238 0.789490
4 4 0.013492 0.240386 0.238134 0.007696 0.500292
4 4 0.013201 0.196681 0.143361 0.006345 0.640411
2 4 0.019852 0.179139 0.526414 0.030559 0.244036
2 4 0.004202 0.316312 0.405247 0.014739 0.259500
2 4 0.027454 0.213639 0.454128 0.009697 0.295082
2 4 0.005882 0.260040 0.362259 0.015692 0.356128
4 4 0.015859 0.195726 0.337276 0.019808 0.431331
4 4 0.015355 0.236294 0.331680 0.006809 0.409861
2 4 0.011378 0.252492 0.506079 0.023693 0.206357
2 4 0.005522 0.257050 0.554254 0.017125 0.166048
2 4 0.005934 0.334176 0.495771 0.003336 0.160784
2 4 0.005523 0.254836 0.546292 0.012642 0.180707
2 4 0.010407 0.255907 0.521920 0.015392 0.196374
2 4 0.013313 0.264490 0.492776 0.043900 0.185521
2 4 0.012396 0.203734 0.596805 0.088717 0.098348
2 4 0.006340 0.349811 0.502725 0.008381 0.132742
2 4 0.016869 0.108095 0.695778 0.121319 0.057939
2 1 0.007248 0.218044 0.629582 0.039442 0.105684
2 1 0.013498 0.216824 0.617230 0.037088 0.115360
2 1 0.007181 0.194278 0.675282 0.022724 0.100536
2 1 0.013561 0.049743 0.581856 0.339360 0.015480
2 1 0.015547 0.131707 0.683559 0.104401 0.064786
2 1 0.004330 0.036022 0.902806 0.053942 0.002900
2 1 0.002170 0.018326 0.902040 0.076031 0.001433
2 1 0.001845 0.018518 0.883258 0.095076 0.001303
2 2 0.004675 0.023857 0.848761 0.119502 0.003205
2 2 0.000891 0.005062 0.896137 0.097499 0.000411
2 2 0.001824 0.015566 0.813325 0.167973 0.001313
2 2 0.058067 0.097264 0.814231 0.014071 0.016368
2 2 0.089924 0.244892 0.588920 0.032844 0.043419
0 2 0.703172 0.115629 0.044972 0.011521 0.124705
2 2 0.041486 0.397911 0.532395 0.007719 0.020489
2 2 0.029047 0.283768 0.645862 0.024536 0.016787
2 2 0.014749 0.247685 0.688722 0.037641 0.011203
2 2 0.004638 0.115236 0.815116 0.059976 0.005034
2 2 0.064173 0.261284 0.606472 0.030961 0.037109
2 2 0.006526 0.086778 0.851622 0.048421 0.006653
2 2 0.022912 0.129302 0.770737 0.062776 0.014273
2 2 0.008392 0.184886 0.774923 0.024161 0.007638
2 2 0.004865 0.039177 0.885956 0.066947 0.003056
2 2 0.002900 0.061582 0.871417 0.061070 0.003031
2 2 0.002528 0.064197 0.901772 0.028988 0.002514
2 2 0.000262 0.002778 0.679046 0.317765 0.000148
2 2 0.000298 0.001834 0.647356 0.350370 0.000141
2 2 0.000189 0.005378 0.909883 0.084432 0.000118
2 2 0.001126 0.004531 0.582008 0.411690 0.000646
2 2 0.000315 0.005348 0.889439 0.104714 0.000184
2 2 0.000444 0.007061 0.777931 0.214253 0.000311
2 2 0.000171 0.002206 0.767513 0.230023 0.000088
2 2 0.000363 0.001768 0.654355 0.343352 0.000162
2 2 0.000414 0.001815 0.512032 0.485533 0.000206
2 2 0.000272 0.002029 0.540867 0.456682 0.000150
2 2 0.001478 0.006790 0.559843 0.430912 0.000977
3 2 0.000263 0.001223 0.451503 0.546883 0.000127
3 2 0.000379 0.001442 0.451769 0.546227 0.000184
3 3 0.000159 0.000362 0.205086 0.794324 0.000069
3 3 0.000185 0.001040 0.416195 0.582487 0.000093
3 3 0.000657 0.001654 0.350845 0.646505 0.000339
3 3 0.000208 0.000884 0.322916 0.675887 0.000105
3 3 0.000382 0.002083 0.342698 0.654592 0.000244
3 3 0.000598 0.001557 0.281565 0.715945 0.000334
3 3 0.000186 0.000770 0.328336 0.670618 0.000090
3 3 0.000645 0.003287 0.198885 0.796620 0.000563
3 3 0.000354 0.001856 0.145213 0.852273 0.000304
3 3 0.000769 0.002296 0.172324 0.824026 0.000585
3 3 0.000465 0.001569 0.047139 0.950296 0.000531
3 3 0.000392 0.001536 0.038423 0.959156 0.000492
3 3 0.000253 0.000975 0.065096 0.933440 0.000235
3 3 0.000235 0.000900 0.034517 0.964079 0.000269
3 3 0.000445 0.001652 0.042028 0.955330 0.000545
3 3 0.000268 0.001050 0.034713 0.963652 0.000318
3 3 0.000184 0.000970 0.022776 0.975807 0.000263
3 3 0.000204 0.000717 0.036464 0.962402 0.000213
3 3 0.000525 0.002501 0.033608 0.962557 0.000808
3 3 0.000334 0.001477 0.032373 0.965364 0.000452
3 3 0.000322 0.001758 0.025557 0.971846 0.000516
3 3 0.000400 0.001531 0.039529 0.958046 0.000494
3 3 0.000191 0.000878 0.026821 0.971864 0.000246
3 3 0.000246 0.001212 0.026512 0.971683 0.000348
3 3 0.000234 0.001002 0.030399 0.968073 0.000293
3 3 0.000268 0.001317 0.027241 0.970791 0.000383
3 3 0.000193 0.001228 0.018870 0.979384 0.000325
3 3 0.000244 0.001850 0.016623 0.980793 0.000491
3 3 0.000171 0.001519 0.012746 0.985192 0.000372
3 3 0.000163 0.001093 0.016976 0.981490 0.000279
3 3 0.000209 0.001532 0.016497 0.981363 0.000399
3 3 0.000269 0.001668 0.021159 0.976440 0.000465
3 3 0.000275 0.002017 0.016506 0.980675 0.000527
3 3 0.000323 0.002373 0.018539 0.978105 0.000660
3 3 0.000095 0.001054 0.008457 0.990168 0.000227
3 3 0.000209 0.001662 0.014780 0.982927 0.000422
3 3 0.000232 0.001461 0.020093 0.977815 0.000398
3 3 0.000131 0.001033 0.013534 0.985054 0.000248
3 3 0.000282 0.002109 0.017483 0.979555 0.000573
3 3 0.000219 0.001893 0.013990 0.983416 0.000483
3 3 0.000337 0.002544 0.018198 0.978212 0.000708
3 3 0.000104 0.001047 0.009681 0.988936 0.000233
3 3 0.000188 0.001779 0.012132 0.985466 0.000436
3 3 0.000270 0.001795 0.019633 0.977808 0.000495
3 3 0.000165 0.001367 0.013544 0.984588 0.000337
3 3 0.000214 0.002062 0.012126 0.985088 0.000510
3 3 0.000892 0.006634 0.023817 0.966518 0.002139
3 3 0.003163 0.008089 0.089929 0.895236 0.003582
2 3 0.025615 0.079607 0.551567 0.321466 0.021746
3 3 0.003579 0.013026 0.313295 0.667088 0.003011
3 3 0.004337 0.018428 0.396577 0.576464 0.004194
2 3 0.010779 0.072477 0.696745 0.212234 0.007766
2 3 0.001376 0.011111 0.588126 0.398273 0.001114
2 3 0.003405 0.017879 0.534361 0.441779 0.002575
2 3 0.018692 0.087678 0.741300 0.135820 0.016511
2 3 0.005675 0.030806 0.614380 0.344078 0.005062
2 3 0.003268 0.040304 0.762069 0.191150 0.003208
2 3 0.001923 0.021900 0.759680 0.214823 0.001673
2 3 0.001616 0.013375 0.624421 0.359282 0.001306
2 3 0.050421 0.114518 0.508384 0.293005 0.033673
2 3 0.003960 0.013551 0.621639 0.358343 0.002506
2 3 0.002315 0.017481 0.719527 0.258844 0.001833
2 3 0.000646 0.003602 0.695549 0.299865 0.000338
2 2 0.000932 0.004651 0.718354 0.275565 0.000498
2 2 0.002286 0.023738 0.747354 0.224609 0.002014
2 2 0.000273 0.002914 0.816625 0.180051 0.000138
2 2 0.001185 0.013034 0.688639 0.296173 0.000969
2 2 0.002465 0.009489 0.790858 0.195803 0.001386
2 2 0.004615 0.028899 0.803406 0.159452 0.003629
2 2 0.011081 0.026997 0.849907 0.105325 0.006689
2 2 0.026399 0.159193 0.678976 0.103912 0.031519
3 2 0.004273 0.012230 0.446995 0.533207 0.003295
2 2 0.005871 0.033758 0.547297 0.407087 0.005986
2 2 0.003381 0.020242 0.733397 0.240367 0.002613
2 2 0.002397 0.006171 0.838134 0.152227 0.001071
2 2 0.011426 0.219026 0.604366 0.082872 0.082309
2 2 0.013157 0.225807 0.597289 0.067888 0.095859
3 2 0.059429 0.107832 0.355763 0.377913 0.099064
2 4 0.069788 0.141111 0.396366 0.168655 0.224080
2 4 0.007864 0.219502 0.619903 0.045577 0.107154
2 4 0.012275 0.208322 0.520680 0.144373 0.114350
2 4 0.031815 0.113787 0.606169 0.212573 0.035657
2 4 0.006886 0.311753 0.478097 0.015106 0.188158
2 4 0.021912 0.192488 0.535748 0.093520 0.156331
2 4 0.042003 0.150072 0.654498 0.107970 0.045457
2 4 0.018776 0.190920 0.491973 0.101427 0.196904
2 4 0.025249 0.185942 0.515146 0.069540 0.204123
4 4 0.015884 0.164962 0.223702 0.035462 0.559990
4 4 0.003375 0.163123 0.219583 0.014313 0.599606
4 4 0.006106 0.119868 0.183125 0.023339 0.667562
4 4 0.003671 0.208133 0.291684 0.017790 0.478723
4 4 0.006057 0.161612 0.255745 0.062478 0.514107
4 4 0.009760 0.228431 0.265719 0.015687 0.480404
4 4 0.033023 0.145868 0.329428 0.024284 0.467397
2 4 0.003890 0.317773 0.354265 0.007951 0.316122
4 4 0.006908 0.256672 0.320803 0.012587 0.403030
4 4 0.006000 0.158948 0.250754 0.024651 0.559646
4 4 0.006122 0.141628 0.189507 0.024455 0.638288
4 4 0.018452 0.110354 0.137846 0.036259 0.697088
4 4 0.002227 0.245654 0.288750 0.007334 0.456035
4 4 0.009825 0.168827 0.310914 0.009962 0.500472
4 4 0.010885 0.090656 0.127686 0.028334 0.742439
4 4 0.003109 0.266816 0.313596 0.010596 0.405884
4 4 0.003395 0.214226 0.235070 0.012551 0.534759
4 4 0.001999 0.195200 0.296182 0.008209 0.498411
4 4 0.006541 0.224509 0.299910 0.006974 0.462066
4 4 0.002891 0.259569 0.307224 0.007833 0.422482
2 4 0.041733 0.108115 0.776937 0.046588 0.026627
2 4 0.023173 0.161592 0.757194 0.039745 0.018297
0 4 0.326686 0.223989 0.301292 0.030319 0.117714
2 1 0.129564 0.300863 0.461526 0.029341 0.078706
2 1 0.005179 0.151675 0.802874 0.033375 0.006897
2 1 0.004387 0.087391 0.817229 0.085759 0.005234
2 1 0.005224 0.111327 0.782327 0.094251 0.006871
2 1 0.004543 0.110499 0.814908 0.064269 0.005782
2 1 0.003099 0.084679 0.870223 0.038506 0.003492
2 1 0.002399 0.050734 0.852999 0.091350 0.002518
2 1 0.002426 0.026372 0.880692 0.088626 0.001884
2 1 0.004460 0.096698 0.827837 0.066111 0.004895
2 1 0.004774 0.080177 0.840805 0.069028 0.005217
2 2 0.002497 0.025523 0.841275 0.128693 0.002013
2 2 0.001557 0.026702 0.901354 0.069109 0.001278
2 2 0.131228 0.242822 0.550203 0.016821 0.058926
2 2 0.007121 0.107743 0.809139 0.068235 0.007763
2 2 0.000829 0.012861 0.912567 0.073183 0.000560
2 2 0.000815 0.009722 0.955424 0.033597 0.000442
2 2 0.001742 0.021581 0.933612 0.041873 0.001192
2 2 0.001170 0.012759 0.865785 0.119493 0.000793
2 2 0.000929 0.022519 0.898087 0.077672 0.000793
2 2 0.001011 0.005339 0.830567 0.162576 0.000506
2 2 0.000768 0.006524 0.892099 0.100199 0.000409
2 2 0.001256 0.010067 0.820076 0.167800 0.000801
2 2 0.000176 0.003688 0.966011 0.030042 0.000083
2 2 0.000259 0.003592 0.899194 0.096825 0.000130
2 2 0.000277 0.002723 0.949059 0.047830 0.000111
2 2 0.000426 0.006881 0.946169 0.046290 0.000234
2 2 0.000447 0.009019 0.926664 0.063585 0.000286
2 2 0.000919 0.011347 0.914720 0.072439 0.000576
2 2 0.000554 0.004915 0.894477 0.099777 0.000277
2 2 0.015907 0.134518 0.808317 0.031245 0.010013
2 2 0.006500 0.035659 0.720224 0.231939 0.005678
2 2 0.001870 0.027190 0.831516 0.137768 0.001657
2 2 0.002069 0.016562 0.833853 0.146059 0.001457
2 2 0.001422 0.028420 0.859002 0.109850 0.001306
2 2 0.002065 0.048163 0.869023 0.078618 0.002131
2 2 0.000692 0.015213 0.919471 0.064112 0.000512
2 2 0.001068 0.020227 0.900816 0.077042 0.000846
0 0 0.810782 0.060362 0.060953 0.011326 0.056578
0 0 0.412893 0.238905 0.238775 0.026141 0.083285
1 0 0.042790 0.523809 0.403058 0.010999 0.019345
1 1 0.258250 0.324754 0.309782 0.026491 0.080723
2 1 0.022408 0.309768 0.614530 0.039213 0.014081
2 1 0.024897 0.311834 0.612092 0.037399 0.013778
2 1 0.106674 0.271726 0.526830 0.043207 0.051563
0 1 0.813875 0.066971 0.045951 0.008790 0.064413
1 1 0.114739 0.501918 0.324310 0.011918 0.047115
1 1 0.083789 0.529609 0.337424 0.015596 0.033582
2 1 0.017050 0.261899 0.662115 0.045031 0.013906
2 1 0.011387 0.069905 0.726915 0.183663 0.008130
2 1 0.008203 0.111933 0.795480 0.078373 0.006011
2 1 0.002940 0.052249 0.894750 0.048025 0.002036
2 1 0.002021 0.013876 0.786482 0.196488 0.001132
2 2 0.007744 0.027879 0.799905 0.160739 0.003733
2 2 0.078012 0.152645 0.647666 0.093819 0.027858
2 2 0.008339 0.155428 0.747358 0.082081 0.006794
2 2 0.016813 0.060760 0.782356 0.132072 0.007999
2 2 0.029041 0.198936 0.684286 0.072721 0.015016
2 2 0.002415 0.030153 0.843332 0.122008 0.002092
2 2 0.000546 0.004067 0.714433 0.280648 0.000306
2 2 0.003662 0.020957 0.557946 0.414128 0.003308
2 2 0.001480 0.016324 0.720944 0.260012 0.001240
2 2 0.002565 0.011000 0.666076 0.318649 0.001711
2 2 0.000566 0.004945 0.897529 0.096679 0.000282
2 2 0.001022 0.005234 0.733434 0.259753 0.000557
2 2 0.000978 0.007953 0.834840 0.155648 0.000582
2 2 0.006792 0.017708 0.832044 0.140427 0.003030
3 2 0.025923 0.048779 0.391497 0.510530 0.023271
2 2 0.002549 0.011591 0.617701 0.366343 0.001816
2 2 0.002095 0.006137 0.531302 0.459195 0.001271
2 2 0.000923 0.016265 0.851708 0.130366 0.000739
2 2 0.001825 0.007007 0.769298 0.220895 0.000975
2 2 0.000515 0.003258 0.747731 0.248238 0.000258
2 2 0.000655 0.005206 0.848866 0.144927 0.000346
2 2 0.003050 0.014116 0.800118 0.180784 0.001932
2 2 0.000923 0.004825 0.729828 0.263928 0.000497
2 2 0.002098 0.010517 0.745870 0.240186 0.001329
2 2 0.067988 0.131734 0.623823 0.133571 0.042884
2 3 0.001087 0.015467 0.774782 0.207767 0.000898
2 3 0.001863 0.007981 0.763960 0.225141 0.001054
2 3 0.000471 0.002616 0.583216 0.413445 0.000252
2 3 0.000311 0.004083 0.831440 0.163991 0.000174
2 3 0.000697 0.004341 0.763448 0.231146 0.000367
2 3 0.000196 0.002923 0.823481 0.173296 0.000105
2 3 0.000412 0.002165 0.712442 0.284795 0.000186
2 3 0.223509 0.229525 0.379776 0.050620 0.116571
2 3 0.001496 0.015823 0.702509 0.278917 0.001255
2 3 0.002098 0.023892 0.621028 0.350870 0.002112
2 3 0.002620 0.038927 0.717747 0.237862 0.002845
2 3 0.002429 0.007941 0.580154 0.407942 0.001533
2 3 0.000369 0.004057 0.835532 0.159844 0.000198
2 3 0.001173 0.010482 0.678228 0.309235 0.000882
3 3 0.001425 0.004497 0.473252 0.519967 0.000859
2 2 0.000484 0.007206 0.734791 0.257169 0.000350
2 2 0.000469 0.002528 0.698822 0.297958 0.000223
2 2 0.000667 0.010094 0.824644 0.164115 0.000480
2 2 0.000165 0.003082 0.840073 0.156588 0.000091
2 2 0.000586 0.005845 0.670166 0.323007 0.000395
2 2 0.000490 0.006414 0.690216 0.302531 0.000349
2 2 0.000331 0.003195 0.672907 0.323376 0.000191
3 2 0.000412 0.002441 0.495673 0.501238 0.000237
2 2 0.000306 0.001876 0.645344 0.352328 0.000146
2 2 0.000520 0.003692 0.592037 0.403437 0.000314
3 2 0.000729 0.003649 0.429024 0.566120 0.000478
2 2 0.000691 0.003991 0.728665 0.266290 0.000363
3 2 0.000412 0.002525 0.457808 0.539004 0.000250
2 2 0.000862 0.006092 0.523425 0.468998 0.000623
3 2 0.000393 0.001876 0.445865 0.551654 0.000213
3 2 0.000876 0.002988 0.310188 0.685366 0.000581
3 2 0.000302 0.001263 0.359605 0.638671 0.000159
3 2 0.000649 0.002732 0.352951 0.643251 0.000416
3 2 0.001133 0.003389 0.362640 0.632131 0.000708
3 2 0.000193 0.000803 0.358499 0.640414 0.000091
3 2 0.001485 0.002938 0.261060 0.733572 0.000945
