0 0 0.856220 0.104592 0.027982 0.000739 0.010467
0 0 0.939318 0.039409 0.010671 0.000874 0.009729
0 0 0.904661 0.063937 0.019758 0.001456 0.010188
0 0 0.946070 0.035288 0.008085 0.000454 0.010103
0 0 0.914193 0.058652 0.014165 0.000616 0.012374
0 0 0.806332 0.144215 0.033345 0.000521 0.015588
0 0 0.587200 0.320525 0.054383 0.000237 0.037656
0 0 0.905469 0.065507 0.021242 0.001228 0.006554
0 0 0.960525 0.025606 0.008924 0.001219 0.003726
0 0 0.975145 0.013273 0.006704 0.003245 0.001633
0 0 0.928714 0.049175 0.014723 0.000914 0.006473
0 0 0.912565 0.061524 0.019627 0.000973 0.005311
1 1 0.409143 0.455433 0.099934 0.000558 0.034933
0 1 0.442214 0.360550 0.082388 0.001586 0.113262
0 1 0.523960 0.129088 0.027404 0.002277 0.317272
0 1 0.457469 0.377171 0.083099 0.001223 0.081037
1 1 0.270100 0.326367 0.204909 0.010171 0.188453
0 1 0.371024 0.328581 0.081541 0.002026 0.216828
2 1 0.080029 0.392067 0.443012 0.016352 0.068539
2 1 0.060548 0.329199 0.545898 0.015017 0.049338
2 2 0.003983 0.025250 0.955560 0.013606 0.001600
1 0 0.265348 0.449030 0.236186 0.003981 0.045454
1 0 0.177334 0.516442 0.265433 0.004874 0.035917
1 0 0.169846 0.404894 0.398123 0.007264 0.019872
0 0 0.505160 0.284940 0.197970 0.007049 0.004881
0 0 0.555910 0.269787 0.160322 0.008633 0.005347
0 0 0.636797 0.208654 0.139311 0.011670 0.003567
2 0 0.320343 0.264990 0.343209 0.054425 0.017033
1 1 0.025306 0.473980 0.365611 0.000939 0.134164
2 1 0.014869 0.266807 0.610467 0.009366 0.098490
2 1 0.004833 0.079314 0.878063 0.015825 0.021966
2 1 0.008044 0.136694 0.806704 0.011282 0.037275
2 2 0.059497 0.208035 0.706166 0.013466 0.012836
2 2 0.021528 0.314049 0.605857 0.004141 0.054426
2 2 0.001287 0.024388 0.957279 0.012116 0.004930
2 2 0.002587 0.009628 0.944997 0.042088 0.000700
2 2 0.005357 0.022515 0.947817 0.020041 0.004270
2 2 0.012137 0.019238 0.898064 0.068526 0.002034
2 2 0.004073 0.006072 0.927178 0.062501 0.000176
2 2 0.007216 0.015237 0.881696 0.094798 0.001053
2 2 0.004029 0.001360 0.531758 0.462816 0.000038
2 3 0.025724 0.006521 0.541885 0.425708 0.000162
3 3 0.007002 0.000661 0.227080 0.765246 0.000012
3 3 0.003974 0.000887 0.219359 0.775737 0.000044
2 3 0.013094 0.004346 0.711258 0.271224 0.000079
3 3 0.001461 0.000235 0.227004 0.771294 0.000006
3 3 0.008934 0.001073 0.174072 0.815886 0.000035
3 3 0.004708 0.000627 0.250420 0.744230 0.000014
3 3 0.001359 0.000214 0.098961 0.899453 0.000012
3 3 0.003419 0.000505 0.180956 0.815103 0.000018
3 3 0.001970 0.000301 0.135571 0.862145 0.000013
3 3 0.000551 0.000119 0.086114 0.913206 0.000010
3 3 0.004383 0.000641 0.210768 0.784188 0.000020
3 3 0.001376 0.000215 0.061397 0.936993 0.000019
3 3 0.000494 0.000089 0.052606 0.946802 0.000009
3 3 0.000394 0.000062 0.035759 0.963778 0.000007
3 3 0.000509 0.000108 0.032340 0.967022 0.000021
3 3 0.000593 0.000114 0.068224 0.931058 0.000010
3 3 0.000519 0.000066 0.037492 0.961918 0.000006
3 3 0.000155 0.000018 0.014294 0.985530 0.000003
3 3 0.000260 0.000035 0.010254 0.989442 0.000009
3 3 0.000359 0.000061 0.016355 0.983210 0.000015
3 3 0.000079 0.000009 0.005869 0.994042 0.000002
3 3 0.000159 0.000016 0.009669 0.990153 0.000003
3 3 0.000662 0.000091 0.023336 0.975897 0.000014
3 3 0.000349 0.000061 0.014943 0.984630 0.000017
3 3 0.000236 0.000039 0.021431 0.978287 0.000007
3 3 0.000885 0.000145 0.028470 0.970475 0.000025
3 3 0.000191 0.000016 0.008140 0.991651 0.000003
3 3 0.000294 0.000033 0.009305 0.990360 0.000008
3 3 0.000291 0.000034 0.011143 0.988526 0.000007
3 3 0.000377 0.000037 0.013151 0.986430 0.000006
3 3 0.000231 0.000024 0.011676 0.988064 0.000004
3 3 0.000128 0.000012 0.005349 0.994507 0.000003
3 3 0.000260 0.000021 0.011227 0.988490 0.000003
3 3 0.000329 0.000039 0.009349 0.990273 0.000010
3 3 0.000231 0.000018 0.006911 0.992836 0.000003
3 3 0.000300 0.000029 0.008199 0.991467 0.000006
3 3 0.000152 0.000012 0.006179 0.993655 0.000002
3 3 0.000788 0.000083 0.010431 0.988678 0.000020
3 3 0.000223 0.000025 0.009218 0.990528 0.000006
3 3 0.000600 0.000072 0.008745 0.990561 0.000022
3 3 0.000333 0.000042 0.010420 0.989195 0.000011
3 3 0.000174 0.000020 0.006603 0.993197 0.000006
3 3 0.000267 0.000024 0.004081 0.995620 0.000008
3 3 0.000293 0.000034 0.006507 0.993156 0.000011
3 3 0.002505 0.000165 0.009847 0.987456 0.000027
3 3 0.000223 0.000025 0.006076 0.993667 0.000008
3 3 0.000239 0.000031 0.005457 0.994259 0.000014
3 3 0.000270 0.000026 0.003575 0.996119 0.000011
3 3 0.000175 0.000020 0.010157 0.989643 0.000004
3 3 0.000338 0.000038 0.008410 0.991204 0.000010
3 3 0.000921 0.000080 0.011717 0.987269 0.000014
3 3 0.000722 0.000178 0.013504 0.985502 0.000095
3 3 0.000641 0.000169 0.014857 0.984244 0.000089
3 3 0.000721 0.000150 0.012834 0.986228 0.000068
3 3 0.001555 0.000139 0.009602 0.988673 0.000032
3 3 0.011470 0.002193 0.093314 0.892775 0.000249
3 3 0.001072 0.000433 0.042102 0.956221 0.000172
3 3 0.002293 0.001357 0.114416 0.881533 0.000402
2 3 0.014791 0.022636 0.720718 0.239211 0.002644
2 3 0.040256 0.022186 0.546056 0.389998 0.001503
2 3 0.014957 0.024877 0.625884 0.329737 0.004546
2 3 0.007610 0.007066 0.523142 0.461382 0.000800
2 3 0.009570 0.026543 0.633923 0.321596 0.008367
2 3 0.008167 0.009230 0.783118 0.198944 0.000541
2 3 0.012394 0.067401 0.808230 0.093392 0.018583
2 3 0.007980 0.026442 0.909510 0.053883 0.002185
2 3 0.010586 0.027246 0.802307 0.155912 0.003949
2 3 0.005654 0.017854 0.918651 0.056504 0.001336
2 3 0.004715 0.008669 0.808457 0.177391 0.000769
2 3 0.003184 0.006547 0.816872 0.172790 0.000607
2 3 0.018900 0.018789 0.801898 0.159495 0.000918
3 3 0.005608 0.004922 0.415759 0.573018 0.000694
3 3 0.007016 0.004012 0.389143 0.599456 0.000373
2 3 0.006911 0.013513 0.802199 0.175987 0.001390
2 3 0.021910 0.015683 0.612171 0.349120 0.001115
3 3 0.004968 0.004693 0.318472 0.670872 0.000995
3 3 0.004650 0.008023 0.356742 0.627454 0.003131
2 3 0.003047 0.005560 0.580153 0.410176 0.001063
2 3 0.006673 0.015982 0.804612 0.170668 0.002064
2 3 0.002556 0.012506 0.647713 0.330669 0.006556
2 3 0.002880 0.014907 0.660218 0.313830 0.008165
2 3 0.004412 0.015238 0.520194 0.451738 0.008418
2 3 0.004722 0.018746 0.634245 0.333769 0.008518
2 3 0.005932 0.036206 0.888877 0.061933 0.007052
2 2 0.017931 0.211629 0.580227 0.046127 0.144087
2 2 0.009119 0.077177 0.738017 0.127361 0.048326
2 2 0.011454 0.208132 0.582753 0.029215 0.168446
2 2 0.009935 0.235207 0.542920 0.017166 0.194771
2 2 0.019154 0.312878 0.414275 0.018165 0.235527
2 2 0.003805 0.073694 0.787843 0.064677 0.069980
2 2 0.004800 0.064192 0.782970 0.096607 0.051430
2 2 0.000844 0.011365 0.880165 0.101429 0.006198
2 2 0.009740 0.286716 0.533031 0.006427 0.164086
2 2 0.019112 0.260386 0.617933 0.013550 0.089020
2 2 0.022152 0.349555 0.513413 0.006678 0.108201
2 2 0.031595 0.417706 0.427443 0.005872 0.117384
1 2 0.034149 0.424118 0.409255 0.006648 0.125830
4 2 0.021068 0.091762 0.056868 0.001546 0.828756
4 2 0.098095 0.270540 0.114172 0.002400 0.514793
4 2 0.045825 0.371234 0.208769 0.000919 0.373253
1 2 0.021280 0.364021 0.291548 0.001235 0.321915
2 2 0.009642 0.334418 0.351023 0.000917 0.304001
1 2 0.017638 0.336216 0.328802 0.003837 0.313507
2 2 0.009808 0.341807 0.359638 0.000944 0.287803
4 2 0.017407 0.279183 0.242374 0.002145 0.458891
1 2 0.020744 0.376034 0.295227 0.000903 0.307092
4 2 0.044614 0.324232 0.194468 0.001883 0.434804
4 2 0.023290 0.321892 0.247918 0.001598 0.405301
4 2 0.031928 0.350187 0.227094 0.000971 0.389820
1 1 0.032396 0.376374 0.234310 0.000630 0.356291
4 1 0.030212 0.338248 0.244471 0.002057 0.385012
4 1 0.013235 0.328773 0.299592 0.000886 0.357514
1 1 0.018732 0.354157 0.316994 0.002073 0.308045
4 1 0.016722 0.336647 0.295249 0.001350 0.350031
4 1 0.030066 0.335782 0.218598 0.000899 0.414656
4 1 0.024831 0.301148 0.218020 0.001402 0.454598
4 1 0.031566 0.311666 0.201948 0.001199 0.453620
4 1 0.025896 0.299286 0.214298 0.001498 0.459023
4 1 0.034137 0.234303 0.149169 0.002550 0.579841
4 1 0.032975 0.226960 0.139534 0.001852 0.598679
4 1 0.084131 0.105449 0.030674 0.000634 0.779112
4 1 0.095581 0.221381 0.082096 0.001241 0.599701
4 1 0.043213 0.066944 0.022948 0.000707 0.866189
4 1 0.074491 0.235869 0.089565 0.000567 0.599507
4 1 0.094050 0.202822 0.067544 0.000613 0.634972
4 1 0.110523 0.294204 0.103570 0.000708 0.490995
4 1 0.104137 0.224432 0.081133 0.001309 0.588990
4 1 0.051842 0.090097 0.031451 0.000763 0.825846
4 1 0.050598 0.103961 0.039862 0.001069 0.804511
4 1 0.082233 0.128954 0.043421 0.001184 0.744208
4 0 0.059244 0.134328 0.054337 0.001545 0.750545
4 0 0.037267 0.042655 0.011875 0.000232 0.907971
4 0 0.076584 0.276255 0.120235 0.001283 0.525643
4 1 0.044314 0.115032 0.046210 0.000791 0.793653
4 1 0.047542 0.091501 0.033869 0.000878 0.826210
4 1 0.042176 0.137290 0.062065 0.001144 0.757326
4 1 0.047720 0.092742 0.032295 0.000533 0.826709
4 1 0.062465 0.105265 0.034149 0.000560 0.797562
4 0 0.238743 0.099200 0.026475 0.002384 0.633198
4 0 0.078636 0.051444 0.012235 0.000524 0.857161
0 0 0.493959 0.205559 0.032714 0.000451 0.267317
4 0 0.318840 0.099869 0.017028 0.000632 0.563631
4 0 0.220386 0.124509 0.023163 0.000316 0.631626
4 0 0.356735 0.174348 0.033172 0.000887 0.434857
0 0 0.423243 0.162389 0.031307 0.002052 0.381009
4 0 0.213433 0.128295 0.029077 0.001260 0.627936
4 0 0.185222 0.335498 0.080598 0.000145 0.398538
4 0 0.130599 0.254967 0.085129 0.001117 0.528188
4 0 0.170967 0.268387 0.076931 0.000733 0.482981
4 0 0.207151 0.121005 0.024495 0.000534 0.646814
4 0 0.316360 0.219188 0.043483 0.000494 0.420475
4 0 0.106873 0.071958 0.016451 0.000498 0.804220
4 0 0.301011 0.157616 0.032671 0.001237 0.507465
0 0 0.620337 0.088069 0.011803 0.000581 0.279211
4 0 0.125788 0.092404 0.022090 0.000692 0.759026
4 1 0.170187 0.181110 0.050642 0.001431 0.596630
4 1 0.092304 0.088136 0.025643 0.001296 0.792621
4 1 0.274244 0.141722 0.028082 0.000806 0.555146
4 1 0.062218 0.068418 0.020580 0.000805 0.847979
4 1 0.072707 0.174845 0.057435 0.000326 0.694687
4 1 0.042618 0.249732 0.115516 0.000371 0.591763
4 1 0.025999 0.188744 0.133011 0.003735 0.648511
4 1 0.019506 0.200470 0.141005 0.001239 0.637780
4 1 0.057983 0.253215 0.106804 0.000482 0.581516
4 1 0.035111 0.242127 0.129912 0.000674 0.592176
4 1 0.049088 0.217932 0.095503 0.000525 0.636952
4 1 0.030806 0.274121 0.176968 0.001428 0.516677
4 1 0.057225 0.218088 0.101311 0.001382 0.621994
4 1 0.037019 0.047698 0.014196 0.000299 0.900788
4 1 0.027300 0.030703 0.011439 0.000227 0.930332
4 1 0.031843 0.075861 0.030917 0.000757 0.860623
4 1 0.041963 0.236143 0.114526 0.000580 0.606788
4 1 0.028279 0.138341 0.076308 0.001434 0.755639
4 1 0.041193 0.337419 0.182834 0.000593 0.437962
4 1 0.074325 0.238585 0.082983 0.000274 0.603833
4 1 0.060949 0.105140 0.040111 0.001858 0.791942
4 0 0.236683 0.124714 0.028839 0.001783 0.607981
4 0 0.136223 0.095275 0.023390 0.000900 0.744212
0 0 0.891843 0.049490 0.011006 0.001337 0.046324
0 0 0.654931 0.128622 0.029915 0.003999 0.182533
0 0 0.489578 0.227008 0.045300 0.002096 0.236018
0 0 0.467321 0.104949 0.021803 0.002637 0.403289
0 0 0.588822 0.148841 0.025388 0.000924 0.236026
0 0 0.648126 0.152968 0.025642 0.000929 0.172335
0 0 0.865888 0.037905 0.009644 0.003951 0.082612
0 0 0.884319 0.027876 0.006984 0.003688 0.077133
0 0 0.781521 0.055483 0.007204 0.000359 0.155433
0 1 0.649737 0.194594 0.024669 0.000219 0.130781
0 1 0.659328 0.177660 0.021516 0.000196 0.141300
0 1 0.905517 0.015371 0.002142 0.000340 0.076631
0 1 0.714075 0.091813 0.015548 0.001107 0.177456
0 1 0.537607 0.209140 0.032100 0.000436 0.220717
0 1 0.581258 0.179541 0.026759 0.000634 0.211807
0 1 0.533866 0.196094 0.033120 0.001045 0.235876
0 1 0.721075 0.062987 0.011518 0.001490 0.202929
0 1 0.621881 0.214398 0.029939 0.000325 0.133457
0 1 0.685886 0.173817 0.019374 0.000123 0.120800
0 1 0.610218 0.228365 0.033237 0.000368 0.127812
0 1 0.603669 0.297000 0.041250 0.000141 0.057941
0 1 0.713418 0.206236 0.031697 0.000219 0.048430
0 1 0.601880 0.296837 0.047033 0.000245 0.054004
0 4 0.690500 0.216902 0.032905 0.000242 0.059450
0 4 0.694072 0.080542 0.012171 0.000805 0.212410
0 4 0.641359 0.253273 0.032736 0.000139 0.072493
0 4 0.624925 0.278040 0.036987 0.000131 0.059916
0 4 0.589460 0.309816 0.045150 0.000174 0.055399
0 4 0.718508 0.198040 0.025078 0.000114 0.058260
0 4 0.724229 0.167896 0.028219 0.000500 0.079156
0 4 0.506893 0.297417 0.051178 0.000407 0.144105
0 4 0.631904 0.193148 0.025741 0.000299 0.148907
0 4 0.350437 0.349030 0.081886 0.000939 0.217708
0 4 0.621984 0.221980 0.031099 0.000310 0.124626
0 0 0.581264 0.232291 0.040517 0.000863 0.145066
0 0 0.754665 0.107567 0.022348 0.001794 0.113626
0 0 0.648475 0.133313 0.017432 0.000248 0.200533
0 0 0.562678 0.295565 0.050012 0.000491 0.091254
0 0 0.555391 0.186120 0.025803 0.000283 0.232404
0 0 0.517258 0.273417 0.047369 0.000552 0.161403
4 0 0.436958 0.061850 0.005800 0.000068 0.495323
0 0 0.690350 0.048161 0.005665 0.000291 0.255533
4 0 0.427453 0.045938 0.007756 0.000585 0.518268
4 0 0.200058 0.009699 0.002073 0.000361 0.787809
4 0 0.156735 0.011451 0.001569 0.000101 0.830144
0 0 0.493381 0.018075 0.002971 0.000997 0.484576
4 0 0.120466 0.029301 0.005847 0.000368 0.844017
0 0 0.480148 0.050399 0.005109 0.000275 0.464069
4 0 0.426177 0.074252 0.008961 0.000304 0.490305
4 0 0.366148 0.009190 0.001719 0.000717 0.622225
4 0 0.283901 0.021000 0.004077 0.000667 0.690355
4 0 0.069286 0.006196 0.001331 0.000054 0.923133
4 0 0.342626 0.025218 0.004011 0.000518 0.627627
4 0 0.204129 0.039561 0.004888 0.000129 0.751293
4 0 0.124654 0.005628 0.000996 0.000071 0.868651
4 0 0.048972 0.014748 0.002677 0.000048 0.933555
4 0 0.201686 0.016057 0.002806 0.000354 0.779098
4 0 0.241435 0.044550 0.009368 0.001837 0.702810
4 1 0.211060 0.207869 0.050578 0.000719 0.529773
4 1 0.100476 0.287012 0.124802 0.002887 0.484822
4 1 0.235564 0.196553 0.046903 0.001009 0.519972
4 0 0.160440 0.079301 0.018850 0.001130 0.740278
0 0 0.513656 0.027439 0.006045 0.001958 0.450902
4 0 0.151602 0.043778 0.013643 0.002196 0.788782
4 0 0.110062 0.038546 0.012028 0.001224 0.838139
4 0 0.345246 0.056285 0.010580 0.001017 0.586873
4 0 0.049679 0.028756 0.007526 0.000206 0.913832
0 0 0.412865 0.160973 0.026414 0.000540 0.399208
4 0 0.379846 0.174272 0.028015 0.000290 0.417578
4 0 0.074337 0.037072 0.007588 0.000252 0.880752
4 0 0.237584 0.259522 0.060879 0.000487 0.441528
1 1 0.141368 0.402262 0.161038 0.002231 0.293101
1 0 0.248603 0.345391 0.085846 0.000476 0.319684
4 0 0.086458 0.118807 0.039208 0.001436 0.754091
4 0 0.156688 0.023776 0.004211 0.000350 0.814975
4 0 0.148703 0.053626 0.009102 0.000277 0.788292
4 0 0.259481 0.097691 0.016926 0.000537 0.625365
4 0 0.349767 0.123138 0.016892 0.000137 0.510066
4 0 0.288808 0.062918 0.011799 0.001294 0.635181
0 0 0.497551 0.082462 0.008909 0.000169 0.410910
4 0 0.184801 0.075456 0.013090 0.000314 0.726339
4 0 0.397356 0.057163 0.006768 0.000218 0.538495
4 0 0.106295 0.070110 0.015093 0.000323 0.808179
4 0 0.052002 0.024677 0.005056 0.000108 0.918157
4 0 0.051321 0.037257 0.008558 0.000200 0.902664
4 0 0.049230 0.020351 0.004676 0.000110 0.925633
4 0 0.130361 0.076268 0.016524 0.000553 0.776293
4 0 0.032206 0.020848 0.004963 0.000070 0.941914
4 0 0.066804 0.022438 0.004191 0.000112 0.906455
4 0 0.165422 0.054068 0.009436 0.000483 0.770590
4 0 0.127532 0.218901 0.064497 0.000541 0.588529
4 0 0.064807 0.233753 0.103565 0.001231 0.596645
4 0 0.239829 0.158632 0.029532 0.000244 0.571762
0 1 0.399345 0.183890 0.027653 0.000180 0.388932
4 1 0.398764 0.128236 0.015959 0.000090 0.456951
4 1 0.222183 0.310643 0.077132 0.000409 0.389633
4 1 0.363165 0.131516 0.017530 0.000107 0.487681
0 0 0.501388 0.030852 0.002929 0.000086 0.464745
0 0 0.685049 0.069852 0.006554 0.000121 0.238425
4 0 0.408349 0.061651 0.007992 0.000207 0.521801
0 0 0.879036 0.031438 0.004198 0.000276 0.085052
0 0 0.715723 0.118689 0.012872 0.000143 0.152574
0 0 0.747981 0.057240 0.006734 0.000272 0.187773
0 0 0.843715 0.070852 0.007947 0.000106 0.077379
0 0 0.877461 0.037904 0.003587 0.000060 0.080989
0 0 0.832432 0.060545 0.006225 0.000094 0.100704
0 0 0.913457 0.025542 0.004605 0.000717 0.055678
0 0 0.796755 0.088646 0.007955 0.000052 0.106592
0 0 0.932077 0.033364 0.006584 0.000560 0.027415
0 0 0.758300 0.088058 0.010192 0.000191 0.143259
0 0 0.671099 0.139936 0.013984 0.000078 0.174903
0 0 0.697708 0.170904 0.018303 0.000099 0.112985
0 0 0.810140 0.053705 0.006097 0.000178 0.129880
0 0 0.749742 0.108246 0.010819 0.000092 0.131101
0 0 0.683937 0.213551 0.024178 0.000089 0.078246
0 0 0.682582 0.194662 0.022233 0.000115 0.100408
0 0 0.672264 0.212710 0.025192 0.000119 0.089715
0 0 0.745901 0.160016 0.014352 0.000036 0.079694
0 0 0.721012 0.199978 0.019530 0.000039 0.059442
0 0 0.659194 0.178739 0.021685 0.000196 0.140186
0 0 0.423420 0.342436 0.060080 0.000188 0.173877
0 0 0.483892 0.334825 0.055010 0.000187 0.126087
0 0 0.390006 0.367071 0.059733 0.000067 0.183122
0 1 0.396288 0.359930 0.063655 0.000143 0.179984
1 1 0.191087 0.430755 0.155873 0.002376 0.219908
1 1 0.243149 0.434541 0.113734 0.000404 0.208172
1 1 0.287860 0.437495 0.103638 0.000320 0.170687
0 1 0.336484 0.277540 0.060075 0.000716 0.325185
0 0 0.552139 0.240476 0.034753 0.000219 0.172413
0 0 0.846693 0.027800 0.003261 0.000217 0.122029
0 0 0.859182 0.018073 0.002789 0.000728 0.119228
0 0 0.604605 0.069348 0.016506 0.004681 0.304860
0 0 0.805444 0.046097 0.005190 0.000191 0.143079
0 0 0.827342 0.034727 0.003002 0.000063 0.134867
0 0 0.737055 0.143130 0.013049 0.000050 0.106716
0 0 0.762316 0.054248 0.005463 0.000115 0.177857
0 0 0.829120 0.061466 0.003464 0.000008 0.105942
0 0 0.856875 0.037797 0.003956 0.000110 0.101262
0 0 0.908237 0.022342 0.003140 0.000295 0.065986
0 0 0.856876 0.022683 0.002541 0.000180 0.117720
0 0 0.956522 0.017508 0.002374 0.000112 0.023484
0 0 0.899916 0.040402 0.003518 0.000031 0.056133
0 0 0.893233 0.022357 0.002673 0.000177 0.081560
0 0 0.814564 0.078108 0.010519 0.000270 0.096539
0 0 0.811533 0.110878 0.012617 0.000090 0.064882
0 0 0.888956 0.058862 0.009511 0.000314 0.042357
0 0 0.671236 0.194936 0.023125 0.000145 0.110558
0 0 0.717320 0.126650 0.021651 0.000866 0.133514
0 0 0.656215 0.171698 0.018179 0.000072 0.153835
0 0 0.687292 0.189569 0.021272 0.000108 0.101759
0 0 0.777560 0.128865 0.010195 0.000023 0.083357
0 0 0.699841 0.164341 0.017359 0.000098 0.118361
0 0 0.699887 0.177531 0.018978 0.000091 0.103514
0 0 0.695534 0.182321 0.022847 0.000171 0.099127
0 0 0.701301 0.142345 0.014437 0.000098 0.141818
0 0 0.605827 0.208685 0.026921 0.000168 0.158399
0 0 0.603679 0.094070 0.011859 0.000314 0.290078
0 0 0.711228 0.107752 0.014664 0.000406 0.165950
0 0 0.608431 0.192981 0.026833 0.000367 0.171388
1 1 0.365359 0.411039 0.078965 0.000157 0.144479
4 1 0.312755 0.150030 0.027222 0.000550 0.509443
4 1 0.326064 0.270380 0.058001 0.000635 0.344919
4 1 0.175483 0.254974 0.079664 0.001770 0.488108
4 1 0.265752 0.116001 0.021608 0.000700 0.595939
4 1 0.180558 0.243706 0.077086 0.002373 0.496277
4 1 0.128877 0.053287 0.009749 0.000316 0.807771
4 1 0.217921 0.060744 0.011799 0.000724 0.708812
4 0 0.269224 0.182097 0.044087 0.002097 0.502494
0 0 0.641690 0.033368 0.004584 0.000411 0.319947
4 0 0.282010 0.032334 0.004838 0.000414 0.680405
4 0 0.301868 0.201036 0.040884 0.000623 0.455590
4 0 0.374243 0.171761 0.033140 0.001203 0.419652
4 0 0.194087 0.127575 0.030072 0.001268 0.647000
0 0 0.689837 0.075097 0.010534 0.000523 0.224008
4 0 0.344586 0.081518 0.016185 0.001136 0.556575
4 0 0.107745 0.196548 0.066687 0.001197 0.627823
4 0 0.249504 0.249145 0.062113 0.001017 0.438221
4 0 0.204424 0.193190 0.048846 0.001031 0.552508
4 0 0.168021 0.247577 0.075271 0.001319 0.507812
4 0 0.288290 0.065590 0.010246 0.000330 0.635543
4 0 0.159594 0.160509 0.042024 0.000902 0.636971
4 0 0.410859 0.119048 0.018026 0.000354 0.451713
4 0 0.418823 0.134769 0.021079 0.000485 0.424844
0 0 0.350300 0.255209 0.052157 0.000627 0.341707
4 0 0.268426 0.058474 0.011587 0.000611 0.660902
4 0 0.264523 0.261526 0.069760 0.001893 0.402299
0 0 0.447669 0.368287 0.085136 0.001739 0.097169
1 0 0.141835 0.488105 0.171862 0.000540 0.197658
1 0 0.137901 0.392796 0.136459 0.000704 0.332139
0 0 0.447155 0.307160 0.061566 0.000821 0.183298
1 0 0.179268 0.343939 0.176976 0.007129 0.292687
1 0 0.170250 0.416845 0.131096 0.000570 0.281239
1 0 0.199399 0.420566 0.119111 0.000415 0.260510
1 1 0.239219 0.372311 0.100961 0.000706 0.286804
1 1 0.172348 0.473251 0.143032 0.000330 0.211038
4 1 0.132590 0.258609 0.078768 0.000551 0.529482
1 1 0.286076 0.340132 0.078246 0.000428 0.295118
1 1 0.212320 0.442183 0.113151 0.000206 0.232140
1 1 0.248577 0.400882 0.102027 0.000414 0.248100
1 1 0.116093 0.493132 0.179350 0.000349 0.211075
2 1 0.027901 0.364504 0.529690 0.004719 0.073186
1 1 0.027887 0.500372 0.390789 0.001299 0.079653
1 1 0.031080 0.509004 0.379252 0.001235 0.079428
2 1 0.020552 0.411605 0.470834 0.002481 0.094528
2 1 0.017699 0.303917 0.615925 0.003805 0.058653
2 1 0.014461 0.239169 0.695735 0.004974 0.045661
2 1 0.013566 0.261314 0.665297 0.004173 0.055651
2 2 0.013745 0.199312 0.738512 0.007749 0.040681
2 2 0.011894 0.190721 0.751584 0.006800 0.039000
2 2 0.008320 0.093563 0.864339 0.016016 0.017761
2 2 0.005990 0.058084 0.916791 0.012356 0.006779
2 2 0.014540 0.242805 0.709821 0.002666 0.030169
2 2 0.005908 0.172418 0.799128 0.001323 0.021222
2 2 0.007008 0.040624 0.933233 0.015700 0.003435
2 2 0.010003 0.171357 0.785760 0.004799 0.028080
2 2 0.012240 0.164554 0.794562 0.005789 0.022855
2 2 0.011309 0.216036 0.740902 0.002619 0.029134
2 2 0.010973 0.152820 0.801524 0.007912 0.026772
2 2 0.003775 0.060971 0.922050 0.005685 0.007519
2 3 0.009983 0.070080 0.895512 0.016988 0.007437
2 3 0.011899 0.031181 0.932059 0.023710 0.001151
2 3 0.008099 0.026659 0.947231 0.017044 0.000966
2 3 0.002115 0.006420 0.963798 0.027442 0.000225
2 3 0.008133 0.026783 0.945744 0.018318 0.001022
2 3 0.006094 0.017903 0.953375 0.021997 0.000631
2 3 0.007620 0.016736 0.941671 0.033402 0.000570
2 3 0.003055 0.005887 0.956337 0.034575 0.000146
2 3 0.007108 0.020139 0.945737 0.026225 0.000791
2 3 0.008266 0.006278 0.891697 0.093639 0.000119
2 3 0.006018 0.010043 0.934711 0.048927 0.000302
2 3 0.002980 0.004543 0.936659 0.055700 0.000117
2 3 0.001559 0.001295 0.763855 0.233247 0.000043
2 3 0.018812 0.010622 0.702414 0.267749 0.000403
2 3 0.018060 0.009744 0.833832 0.138173 0.000191
2 3 0.003069 0.004159 0.875869 0.116739 0.000163
2 3 0.013766 0.007689 0.776566 0.201773 0.000206
2 3 0.011235 0.004910 0.633840 0.349854 0.000161
2 3 0.017541 0.006022 0.671681 0.304619 0.000136
2 3 0.005845 0.002889 0.629255 0.361909 0.000101
3 3 0.006592 0.002472 0.493773 0.497067 0.000095
3 3 0.005469 0.001492 0.217026 0.775911 0.000102
3 3 0.007199 0.002579 0.217148 0.772813 0.000261
3 3 0.002042 0.000574 0.055634 0.941624 0.000126
3 3 0.011423 0.003593 0.411288 0.573539 0.000158
3 3 0.002824 0.000951 0.194761 0.801378 0.000085
3 3 0.000791 0.000157 0.089188 0.909851 0.000012
3 3 0.001706 0.000521 0.057886 0.939769 0.000119
3 3 0.002262 0.000585 0.086121 0.910953 0.000079
3 3 0.001464 0.000279 0.048196 0.950021 0.000040
3 3 0.001935 0.000686 0.125331 0.871953 0.000095
3 3 0.002302 0.000412 0.058710 0.938527 0.000050
3 3 0.001230 0.000202 0.057412 0.941136 0.000020
3 3 0.000643 0.000079 0.023044 0.976224 0.000011
3 3 0.001001 0.000205 0.048104 0.950660 0.000030
3 3 0.000285 0.000031 0.008176 0.991501 0.000008
3 3 0.000977 0.000110 0.026889 0.972011 0.000013
3 3 0.000714 0.000097 0.021722 0.977451 0.000016
3 3 0.000890 0.000140 0.035779 0.963172 0.000019
3 3 0.001109 0.000279 0.048592 0.949967 0.000054
3 3 0.000882 0.000166 0.033352 0.965570 0.000030
3 3 0.000289 0.000038 0.004862 0.994792 0.000019
3 3 0.000460 0.000067 0.010196 0.989254 0.000022
3 3 0.000198 0.000023 0.007171 0.992601 0.000006
3 3 0.000339 0.000051 0.007250 0.992338 0.000022
3 3 0.000368 0.000037 0.005774 0.993809 0.000012
3 3 0.000269 0.000038 0.007000 0.992677 0.000015
3 3 0.000277 0.000039 0.006642 0.993028 0.000016
3 3 0.000314 0.000038 0.006510 0.993124 0.000013
3 3 0.000208 0.000013 0.002007 0.997768 0.000005
3 3 0.000202 0.000021 0.006009 0.993762 0.000006
3 3 0.000636 0.000092 0.005260 0.993956 0.000056
3 3 0.000218 0.000024 0.004083 0.995664 0.000011
3 3 0.000288 0.000031 0.005708 0.993964 0.000010
3 3 0.000191 0.000020 0.003496 0.996285 0.000009
3 3 0.000217 0.000024 0.003174 0.996573 0.000013
3 3 0.000232 0.000017 0.001570 0.998171 0.000011
3 3 0.000347 0.000037 0.005504 0.994099 0.000013
3 3 0.000241 0.000032 0.005116 0.994596 0.000015
3 3 0.000245 0.000029 0.003537 0.996172 0.000016
3 3 0.000311 0.000036 0.003465 0.996167 0.000021
3 3 0.000151 0.000015 0.002787 0.997040 0.000007
3 3 0.000222 0.000026 0.003326 0.996412 0.000014
3 3 0.000088 0.000008 0.002080 0.997820 0.000004
3 3 0.000242 0.000035 0.004948 0.994756 0.000019
3 3 0.000179 0.000018 0.002642 0.997151 0.000010
3 3 0.000109 0.000012 0.003169 0.996703 0.000006
3 3 0.000190 0.000020 0.003135 0.996645 0.000010
3 3 0.000219 0.000021 0.002391 0.997357 0.000012
3 3 0.000309 0.000048 0.006801 0.992819 0.000022
3 3 0.000244 0.000028 0.003362 0.996351 0.000016
3 3 0.000245 0.000027 0.004243 0.995474 0.000012
3 3 0.000142 0.000013 0.002751 0.997089 0.000006
3 3 0.000239 0.000016 0.002346 0.997393 0.000006
3 3 0.000189 0.000022 0.003508 0.996269 0.000012
3 3 0.000354 0.000044 0.007945 0.991642 0.000014
3 3 0.000300 0.000058 0.011947 0.987674 0.000022
3 3 0.000092 0.000007 0.001534 0.998362 0.000004
3 3 0.000279 0.000027 0.003060 0.996620 0.000014
3 3 0.000204 0.000023 0.003885 0.995877 0.000011
3 3 0.000194 0.000022 0.003148 0.996624 0.000012
3 3 0.000223 0.000020 0.002141 0.997605 0.000012
3 3 0.000866 0.000090 0.003034 0.995948 0.000061
3 3 0.000416 0.000032 0.001726 0.997806 0.000021
3 3 0.000568 0.000055 0.002585 0.996757 0.000036
3 3 0.000553 0.000047 0.002112 0.997256 0.000032
3 3 0.000275 0.000022 0.001769 0.997921 0.000014
3 3 0.000422 0.000048 0.003371 0.996130 0.000029
3 3 0.000232 0.000020 0.002056 0.997680 0.000012
3 3 0.000335 0.000026 0.001676 0.997948 0.000016
3 3 0.000227 0.000016 0.001466 0.998282 0.000010
3 3 0.000548 0.000065 0.003721 0.995626 0.000040
3 3 0.000224 0.000014 0.001220 0.998532 0.000009
3 3 0.000344 0.000034 0.002635 0.996967 0.000021
3 3 0.000302 0.000032 0.002876 0.996772 0.000019
3 3 0.000233 0.000028 0.003659 0.996064 0.000016
3 3 0.000521 0.000043 0.001960 0.997448 0.000029
3 3 0.000241 0.000021 0.002056 0.997670 0.000012
3 3 0.000314 0.000033 0.002917 0.996716 0.000020
3 3 0.000547 0.000061 0.003315 0.996038 0.000038
3 3 0.000431 0.000041 0.002445 0.997058 0.000026
3 3 0.000731 0.000177 0.012893 0.986102 0.000097
3 3 0.000736 0.000178 0.016525 0.982482 0.000078
3 3 0.000973 0.000314 0.021438 0.977108 0.000167
3 3 0.001124 0.000364 0.021785 0.976529 0.000197
3 3 0.004078 0.003181 0.186554 0.805271 0.000916
3 3 0.011255 0.012376 0.451386 0.522679 0.002304
2 3 0.006641 0.017863 0.866196 0.107471 0.001829
2 3 0.008541 0.025535 0.855530 0.107236 0.003158
2 3 0.007589 0.023475 0.849112 0.116660 0.003163
2 3 0.002625 0.007043 0.853400 0.136208 0.000724
2 3 0.009387 0.033854 0.914683 0.039492 0.002584
2 3 0.006020 0.017641 0.895966 0.078816 0.001556
2 3 0.014399 0.027534 0.830028 0.125614 0.002425
2 3 0.052554 0.166801 0.716261 0.044596 0.019787
2 3 0.027958 0.132005 0.768196 0.048395 0.023445
2 3 0.009103 0.031797 0.888667 0.067028 0.003406
2 3 0.011126 0.042439 0.881929 0.059608 0.004898
2 3 0.032530 0.111511 0.795255 0.047871 0.012832
2 3 0.032768 0.113634 0.808078 0.034943 0.010577
2 3 0.014088 0.052595 0.853038 0.072999 0.007280
2 2 0.004134 0.037354 0.935312 0.018420 0.004779
2 2 0.010521 0.088639 0.873504 0.015646 0.011690
2 2 0.007361 0.049071 0.910901 0.026533 0.006135
2 2 0.002215 0.010445 0.946610 0.039885 0.000845
2 2 0.001488 0.016023 0.968592 0.012322 0.001575
2 2 0.000738 0.013103 0.979047 0.005811 0.001301
2 2 0.014549 0.108287 0.854976 0.011536 0.010652
2 2 0.004240 0.023616 0.951659 0.018884 0.001601
2 2 0.006576 0.040434 0.928613 0.020688 0.003689
2 2 0.006249 0.035872 0.929506 0.025008 0.003366
2 2 0.004607 0.043067 0.923917 0.021749 0.006660
2 2 0.010286 0.142919 0.822428 0.005517 0.018850
2 2 0.004221 0.031647 0.940730 0.020055 0.003346
2 2 0.012678 0.120119 0.831816 0.015507 0.019881
2 2 0.003139 0.024018 0.951285 0.019186 0.002371
2 2 0.003344 0.048498 0.932130 0.009103 0.006924
2 2 0.003297 0.036282 0.947750 0.009132 0.003538
2 2 0.007553 0.042578 0.909174 0.035466 0.005229
2 2 0.025894 0.336069 0.545061 0.007563 0.085413
2 2 0.148310 0.309474 0.494427 0.024209 0.023580
2 2 0.029390 0.366176 0.487390 0.008581 0.108463
2 2 0.014027 0.391265 0.426677 0.003107 0.164924
2 2 0.011523 0.327080 0.429380 0.006566 0.225451
2 2 0.003173 0.083283 0.811401 0.032521 0.069622
2 2 0.006362 0.156674 0.707916 0.019636 0.109412
2 2 0.001268 0.036498 0.885802 0.043580 0.032852
2 2 0.005874 0.117687 0.774042 0.028654 0.073743
2 2 0.000913 0.026734 0.923445 0.031154 0.017754
2 2 0.000269 0.006408 0.968531 0.022795 0.001996
2 2 0.008788 0.213840 0.624918 0.014038 0.138415
2 2 0.006804 0.244918 0.575795 0.006766 0.165717
2 2 0.001979 0.076654 0.880734 0.007380 0.033252
2 2 0.000991 0.023157 0.919669 0.041943 0.014240
2 2 0.001393 0.068883 0.869077 0.010582 0.050065
2 2 0.001095 0.034692 0.937411 0.009256 0.017546
2 2 0.002152 0.059181 0.887024 0.019593 0.032051
2 2 0.001928 0.038010 0.926385 0.020714 0.012963
2 2 0.001882 0.056243 0.921000 0.006218 0.014657
2 2 0.000582 0.012577 0.973555 0.010893 0.002392
2 2 0.000383 0.007516 0.966400 0.023711 0.001989
2 2 0.001443 0.028193 0.954983 0.010037 0.005343
2 2 0.006935 0.130991 0.828675 0.006526 0.026873
2 2 0.001070 0.019553 0.964426 0.011468 0.003483
2 2 0.001369 0.017779 0.966660 0.012020 0.002172
2 2 0.001429 0.020495 0.963717 0.011549 0.002811
2 2 0.006791 0.097485 0.861334 0.012984 0.021406
2 2 0.013955 0.105127 0.836750 0.025774 0.018395
1 0 0.169206 0.417840 0.377464 0.009178 0.026312
2 2 0.078636 0.361071 0.499350 0.014048 0.046895
2 2 0.019539 0.338470 0.491020 0.008541 0.142429
2 2 0.015245 0.325785 0.503540 0.007050 0.148380
2 2 0.014068 0.289168 0.559287 0.008607 0.128870
2 2 0.005241 0.136680 0.761604 0.015875 0.080599
2 2 0.009383 0.160170 0.724223 0.023717 0.082508
2 2 0.002378 0.047534 0.895121 0.031434 0.023534
2 2 0.009913 0.128951 0.759524 0.038787 0.062824
2 2 0.008839 0.159480 0.732969 0.020468 0.078243
2 2 0.001511 0.038710 0.935630 0.011972 0.012178
2 2 0.000841 0.017174 0.963612 0.014409 0.003963
2 2 0.001429 0.028455 0.954390 0.010155 0.005570
2 2 0.015525 0.145651 0.773597 0.010677 0.054550
2 2 0.019246 0.167280 0.772386 0.014230 0.026858
2 2 0.007542 0.103543 0.863337 0.007091 0.018487
1 2 0.080209 0.513471 0.288241 0.002957 0.115121
1 2 0.219109 0.509470 0.193158 0.003909 0.074354
1 2 0.175919 0.488867 0.212440 0.005935 0.116839
1 2 0.079328 0.474865 0.278342 0.004699 0.162766
1 2 0.073059 0.501300 0.286918 0.002646 0.136077
1 2 0.078342 0.490941 0.307101 0.007105 0.116510
2 2 0.031509 0.313142 0.586255 0.008797 0.060296
1 2 0.157504 0.515030 0.221857 0.003435 0.102174
1 2 0.113261 0.446675 0.317497 0.007459 0.115108
1 0 0.232513 0.371496 0.112937 0.001592 0.281462
4 0 0.162707 0.309098 0.098783 0.001072 0.428340
1 0 0.240586 0.454766 0.144219 0.001621 0.158808
0 0 0.359857 0.330181 0.253765 0.015703 0.040493
1 0 0.126881 0.494959 0.309549 0.006827 0.061784
1 0 0.077973 0.525457 0.306051 0.003468 0.087052
4 0 0.114579 0.244145 0.124555 0.006750 0.509972
1 1 0.165172 0.445491 0.177616 0.002924 0.208797
4 1 0.150509 0.239136 0.081071 0.002333 0.526951
4 1 0.114798 0.291772 0.116758 0.002250 0.474422
4 1 0.090724 0.259155 0.105477 0.001530 0.543114
4 0 0.168865 0.244734 0.079374 0.002291 0.504736
1 0 0.215885 0.384574 0.141251 0.005141 0.253150
4 0 0.063263 0.122489 0.048089 0.001868 0.764290
4 0 0.077064 0.036493 0.009409 0.000449 0.876584
4 4 0.065541 0.151005 0.092885 0.011077 0.679492
4 4 0.164016 0.164503 0.047790 0.002124 0.621567
4 4 0.165350 0.223644 0.071910 0.002441 0.536654
4 4 0.069802 0.078693 0.025011 0.001328 0.825166
4 4 0.095402 0.064778 0.016469 0.001000 0.822351
4 4 0.045384 0.103258 0.044994 0.002075 0.804289
4 4 0.037568 0.137899 0.070295 0.001990 0.752248
4 4 0.053327 0.063387 0.018132 0.000386 0.864769
4 4 0.054807 0.328652 0.180523 0.001806 0.434212
4 4 0.065409 0.342812 0.193538 0.003682 0.394558
4 4 0.048580 0.337064 0.222401 0.004883 0.387072
1 4 0.057127 0.347717 0.245160 0.013236 0.336759
4 4 0.056022 0.329043 0.192077 0.003136 0.419723
4 4 0.030336 0.342294 0.240354 0.001616 0.385401
1 4 0.043610 0.401261 0.227064 0.000691 0.327374
4 4 0.036826 0.357422 0.243228 0.002184 0.360341
4 4 0.030292 0.327354 0.206449 0.000758 0.435147
4 4 0.040886 0.285964 0.149091 0.000615 0.523445
4 4 0.016085 0.347329 0.276635 0.000517 0.359433
4 4 0.028315 0.329857 0.238778 0.001773 0.401277
4 4 0.018050 0.326820 0.285138 0.001781 0.368212
4 4 0.027624 0.315804 0.247673 0.003390 0.405509
4 4 0.050473 0.219495 0.115304 0.002369 0.612359
4 4 0.032029 0.061208 0.022181 0.000496 0.884086
4 4 0.062355 0.146936 0.057366 0.001131 0.732212
4 4 0.048328 0.282489 0.126283 0.000327 0.542574
4 4 0.032410 0.295160 0.177522 0.000819 0.494088
4 4 0.025752 0.269449 0.172163 0.000754 0.531882
4 4 0.031071 0.358976 0.230576 0.000779 0.378598
4 4 0.030484 0.331434 0.213575 0.000893 0.423614
4 4 0.034705 0.346531 0.248807 0.002934 0.367024
4 4 0.028399 0.350336 0.235691 0.000879 0.384694
4 4 0.066439 0.298739 0.169165 0.003081 0.462575
4 1 0.181807 0.315595 0.125010 0.008093 0.369495
4 1 0.355816 0.191496 0.041289 0.001706 0.409692
4 4 0.042119 0.141409 0.073089 0.003066 0.740316
1 4 0.043282 0.414703 0.281327 0.002646 0.258042
4 4 0.075634 0.349538 0.182819 0.003125 0.388884
1 4 0.064899 0.449108 0.273721 0.003679 0.208593
1 4 0.054020 0.441843 0.323548 0.008922 0.171668
1 4 0.054960 0.447739 0.316748 0.006980 0.173573
1 4 0.054397 0.431451 0.298744 0.006134 0.209273
1 4 0.289236 0.375262 0.210034 0.012756 0.112712
4 4 0.163883 0.198074 0.090772 0.008676 0.538595
4 0 0.144398 0.174694 0.051847 0.001437 0.627623
4 0 0.273936 0.299923 0.077089 0.001172 0.347880
1 1 0.077794 0.415835 0.192102 0.000880 0.313389
1 1 0.043270 0.361518 0.255118 0.004858 0.335236
1 1 0.057917 0.360936 0.249351 0.010869 0.320928
1 1 0.037836 0.387931 0.298223 0.005269 0.270741
0 1 0.474526 0.353144 0.075637 0.001272 0.095421
1 1 0.304394 0.408200 0.120062 0.002490 0.164853
4 1 0.166448 0.102385 0.021749 0.000549 0.708868
4 1 0.046924 0.204191 0.091182 0.000606 0.657097
4 1 0.020700 0.222928 0.142934 0.000573 0.612866
4 1 0.016761 0.210891 0.159150 0.001166 0.612032
4 1 0.024464 0.252175 0.164794 0.000880 0.557686
4 1 0.081605 0.230895 0.077534 0.000305 0.609661
4 1 0.049665 0.263217 0.140752 0.001723 0.544643
4 1 0.124590 0.325391 0.098348 0.000253 0.451417
4 1 0.061365 0.338680 0.134851 0.000193 0.464911
4 1 0.034575 0.296915 0.143373 0.000177 0.524960
4 1 0.021550 0.284491 0.205296 0.000968 0.487694
4 1 0.026330 0.331511 0.210454 0.000488 0.431217
4 1 0.020547 0.304093 0.238809 0.001393 0.435158
4 1 0.029321 0.336368 0.221939 0.000916 0.411456
4 0 0.047812 0.321923 0.182063 0.001513 0.446690
4 0 0.171737 0.242521 0.074003 0.001529 0.510211
4 0 0.030720 0.085376 0.038212 0.001078 0.844615
4 0 0.024875 0.217393 0.136518 0.000946 0.620268
4 0 0.021067 0.204793 0.143151 0.001451 0.629538
4 0 0.014148 0.121049 0.083857 0.001174 0.779772
4 0 0.143181 0.224296 0.065504 0.000702 0.566316
4 0 0.092830 0.283393 0.121139 0.001994 0.500645
4 1 0.034039 0.345887 0.235746 0.001829 0.382500
4 1 0.049024 0.342996 0.221021 0.004016 0.382943
4 1 0.031199 0.188682 0.126588 0.004643 0.648888
4 1 0.034069 0.318684 0.218479 0.002299 0.426468
4 1 0.031059 0.264386 0.180647 0.002489 0.521419
4 1 0.022179 0.231965 0.210886 0.010412 0.524558
1 1 0.017899 0.366806 0.350193 0.002761 0.262340
1 1 0.022339 0.394771 0.385975 0.005981 0.190933
1 1 0.045084 0.387445 0.352717 0.004711 0.210044
1 0 0.061308 0.377903 0.218398 0.002887 0.339504
1 0 0.267953 0.429677 0.135807 0.002562 0.164000
4 0 0.072947 0.229290 0.126197 0.005004 0.566562
4 0 0.137985 0.193417 0.052820 0.000510 0.615268
1 0 0.232892 0.370523 0.120814 0.002802 0.272970
1 0 0.114131 0.402163 0.144111 0.000455 0.339140
1 1 0.037414 0.367804 0.227225 0.001006 0.366551
1 0 0.041442 0.372255 0.256263 0.003244 0.326795
0 0 0.361571 0.343838 0.092628 0.003221 0.198742
1 0 0.068712 0.421890 0.219069 0.001424 0.288905
1 0 0.338385 0.345824 0.193546 0.022366 0.099879
4 0 0.410095 0.132230 0.022910 0.000520 0.434245
0 0 0.654357 0.177661 0.066391 0.015064 0.086526
1 0 0.196080 0.408030 0.124903 0.000774 0.270213
1 0 0.143282 0.352249 0.153901 0.006227 0.344340
4 0 0.128645 0.359187 0.142957 0.001991 0.367220
1 0 0.106790 0.390244 0.186100 0.003733 0.313133
4 0 0.084712 0.240649 0.106134 0.002710 0.565795
1 0 0.101747 0.418553 0.293966 0.006548 0.179186
1 0 0.174472 0.413690 0.130950 0.000662 0.280227
1 1 0.061508 0.462438 0.293547 0.004004 0.178503
1 1 0.081653 0.489956 0.257119 0.002010 0.169262
1 1 0.163131 0.448080 0.165868 0.001538 0.221383
0 0 0.388667 0.343204 0.093690 0.004600 0.169839
1 0 0.283817 0.399144 0.118159 0.002166 0.196714
4 0 0.258258 0.145495 0.036328 0.001002 0.558916
4 1 0.265955 0.301071 0.091504 0.003956 0.337513
1 1 0.124407 0.438324 0.229076 0.010039 0.198154
1 1 0.082646 0.496790 0.247799 0.001358 0.171407
1 1 0.059296 0.464214 0.291731 0.003245 0.181513
1 1 0.046360 0.456280 0.314100 0.003061 0.180199
1 1 0.088348 0.498267 0.231984 0.000975 0.180426
1 1 0.172977 0.386956 0.123190 0.000778 0.316099
1 1 0.057161 0.481057 0.269982 0.001083 0.190716
1 1 0.055513 0.482707 0.274917 0.001097 0.185766
1 1 0.054640 0.494064 0.290619 0.001284 0.159393
1 1 0.152864 0.432402 0.214894 0.007098 0.192741
4 1 0.151828 0.351329 0.131677 0.002260 0.362907
1 1 0.122572 0.398107 0.152352 0.000992 0.325976
4 4 0.254009 0.280103 0.067554 0.000640 0.397694
1 4 0.153315 0.397058 0.150660 0.001970 0.296998
4 4 0.089417 0.207454 0.076311 0.001079 0.625739
4 4 0.041737 0.283882 0.163135 0.001443 0.509802
4 4 0.097465 0.336367 0.137823 0.001148 0.427197
1 4 0.170709 0.359303 0.124477 0.001708 0.343802
1 4 0.052492 0.384361 0.225589 0.001876 0.335682
1 4 0.061367 0.385806 0.211001 0.001789 0.340038
4 4 0.060388 0.323954 0.167187 0.001572 0.446899
4 4 0.096788 0.369719 0.146491 0.000699 0.386303
1 4 0.061204 0.396777 0.222011 0.001999 0.318009
4 4 0.038581 0.351132 0.252299 0.004078 0.353909
2 4 0.020087 0.337249 0.513038 0.007633 0.121994
2 1 0.112824 0.197573 0.637203 0.039525 0.012875
1 1 0.218074 0.347897 0.260337 0.018757 0.154933
1 1 0.070180 0.447780 0.330516 0.006551 0.144973
1 1 0.027005 0.395195 0.342871 0.004320 0.230609
2 1 0.017236 0.317628 0.495465 0.009861 0.159810
2 1 0.004251 0.128700 0.766068 0.015174 0.085807
2 1 0.007278 0.089923 0.829637 0.037940 0.035221
2 1 0.003330 0.048458 0.913942 0.021547 0.012723
2 1 0.004951 0.102104 0.858256 0.008671 0.026017
2 1 0.000664 0.013143 0.968608 0.014765 0.002820
2 1 0.000819 0.019020 0.972690 0.004984 0.002487
2 1 0.001041 0.022931 0.969374 0.003081 0.003574
2 1 0.001144 0.016726 0.972186 0.007760 0.002183
2 1 0.003331 0.046759 0.936532 0.007034 0.006344
2 2 0.002828 0.039533 0.943759 0.008831 0.005049
2 2 0.001874 0.017787 0.965162 0.013526 0.001650
2 2 0.007148 0.075861 0.901260 0.004619 0.011112
2 2 0.001320 0.013416 0.971361 0.012687 0.001216
2 2 0.003745 0.011756 0.969438 0.014752 0.000310
2 2 0.012218 0.035547 0.940799 0.010575 0.000862
2 2 0.006051 0.019827 0.963090 0.010550 0.000482
2 2 0.005865 0.011151 0.954142 0.028573 0.000268
2 2 0.004529 0.012825 0.967763 0.014577 0.000305
2 2 0.002035 0.005884 0.973368 0.018567 0.000146
2 2 0.002259 0.005767 0.967276 0.024546 0.000151
2 2 0.016130 0.043948 0.928598 0.010300 0.001024
2 2 0.004456 0.011840 0.961047 0.022310 0.000348
2 2 0.004932 0.008181 0.954732 0.031982 0.000173
2 2 0.025776 0.051957 0.906512 0.014593 0.001162
2 2 0.012021 0.021748 0.939067 0.026624 0.000540
2 2 0.002718 0.006263 0.965273 0.025592 0.000154
2 2 0.004150 0.010962 0.971413 0.013255 0.000220
2 3 0.003253 0.008632 0.962209 0.025643 0.000263
2 3 0.014942 0.025294 0.937242 0.021994 0.000528
