0 0 0.904541 0.002621 0.000962 0.000067 0.091809
0 0 0.804147 0.017768 0.003440 0.000072 0.174573
0 0 0.557549 0.021819 0.005584 0.000114 0.414934
0 0 0.926533 0.001964 0.000589 0.000027 0.070887
0 0 0.852782 0.005349 0.002055 0.000157 0.139656
0 0 0.525187 0.080881 0.008705 0.000042 0.385185
4 0 0.046359 0.036649 0.006126 0.000014 0.910852
4 0 0.046621 0.113465 0.013261 0.000023 0.826630
4 1 0.011912 0.166815 0.049867 0.000389 0.771017
4 1 0.018871 0.196991 0.058244 0.000328 0.725567
4 1 0.018111 0.179878 0.048172 0.000271 0.753569
4 1 0.024576 0.180510 0.041878 0.000178 0.752858
4 1 0.066783 0.181160 0.025747 0.000110 0.726201
4 1 0.012865 0.199522 0.072889 0.000530 0.714194
4 1 0.025725 0.171199 0.035799 0.000221 0.767056
4 1 0.078018 0.148721 0.016428 0.000036 0.756798
4 1 0.038488 0.175442 0.030971 0.000178 0.754921
4 1 0.022848 0.152051 0.029232 0.000157 0.795712
4 1 0.027506 0.173029 0.035268 0.000253 0.763944
4 4 0.062379 0.021048 0.006822 0.000066 0.909685
4 4 0.005102 0.024897 0.022652 0.000509 0.946841
4 4 0.015121 0.070881 0.048137 0.000864 0.864998
4 4 0.007337 0.038124 0.043213 0.002102 0.909225
2 4 0.001167 0.207020 0.403489 0.000619 0.387705
2 4 0.002400 0.245329 0.438704 0.001343 0.312224
4 4 0.003159 0.251259 0.339234 0.001791 0.404557
2 4 0.002337 0.244270 0.496943 0.001312 0.255138
2 1 0.002535 0.247378 0.420648 0.001421 0.328018
4 1 0.001970 0.216059 0.283884 0.001079 0.497009
2 1 0.003475 0.265015 0.485928 0.002005 0.243577
2 1 0.005046 0.284272 0.393980 0.002969 0.313733
2 1 0.002923 0.254084 0.524835 0.001672 0.216486
2 1 0.001898 0.204319 0.661347 0.001270 0.131166
2 2 0.005143 0.271485 0.588769 0.003105 0.131498
2 2 0.002998 0.252978 0.550790 0.001725 0.191509
2 2 0.000345 0.060709 0.897288 0.000822 0.040835
2 2 0.000185 0.040098 0.935570 0.000568 0.023578
2 2 0.000126 0.042478 0.923438 0.000318 0.033640
2 2 0.000217 0.033142 0.946870 0.001015 0.018756
2 2 0.000032 0.012497 0.975620 0.000299 0.011553
2 2 0.000246 0.006014 0.967502 0.022738 0.003499
2 2 0.000315 0.006000 0.965351 0.026247 0.002087
2 2 0.000152 0.004926 0.977252 0.014729 0.002940
2 2 0.000272 0.006540 0.964618 0.024435 0.004135
2 2 0.000860 0.004652 0.804432 0.188178 0.001878
2 2 0.000692 0.006478 0.870659 0.117193 0.004977
2 2 0.000418 0.003879 0.897534 0.096288 0.001881
2 2 0.000509 0.004983 0.856633 0.132347 0.005527
2 2 0.010843 0.081616 0.837938 0.049167 0.020437
2 2 0.006185 0.047095 0.825443 0.102641 0.018635
2 2 0.001950 0.012112 0.855302 0.127217 0.003419
2 2 0.000471 0.003714 0.917549 0.077520 0.000746
2 2 0.000669 0.004403 0.848874 0.144247 0.001807
2 2 0.002376 0.021513 0.850776 0.110493 0.014841
3 2 0.002250 0.006470 0.479989 0.504996 0.006295
2 3 0.000989 0.003182 0.621609 0.372707 0.001514
3 3 0.002061 0.004185 0.320691 0.667974 0.005089
2 3 0.003053 0.012070 0.653060 0.323874 0.007943
2 3 0.002794 0.017341 0.793256 0.176458 0.010151
3 3 0.004081 0.009537 0.337432 0.634021 0.014930
3 3 0.003749 0.004878 0.167431 0.816240 0.007703
3 3 0.001816 0.002779 0.224294 0.767517 0.003594
3 3 0.001122 0.001331 0.136754 0.858321 0.002473
3 3 0.000552 0.001087 0.299444 0.697485 0.001432
3 3 0.003124 0.003288 0.118849 0.868815 0.005924
3 3 0.002054 0.001834 0.086164 0.905966 0.003983
3 3 0.003033 0.004275 0.138263 0.840678 0.013752
3 3 0.009983 0.013137 0.192072 0.769085 0.015722
3 3 0.004421 0.004976 0.131894 0.849789 0.008920
3 3 0.003619 0.004790 0.164663 0.818659 0.008269
3 3 0.002493 0.003020 0.144546 0.844650 0.005290
3 3 0.003746 0.003261 0.090127 0.896663 0.006202
3 3 0.003174 0.002517 0.075636 0.913446 0.005226
3 3 0.001674 0.001598 0.093111 0.900094 0.003523
3 3 0.002992 0.002514 0.082398 0.906955 0.005141
3 3 0.004138 0.002711 0.057344 0.929998 0.005809
3 3 0.002740 0.001804 0.054423 0.936774 0.004259
3 3 0.002941 0.002344 0.075421 0.914351 0.004944
3 3 0.003521 0.002642 0.070118 0.918218 0.005500
3 3 0.002351 0.001595 0.055895 0.936311 0.003849
3 3 0.006175 0.002635 0.029516 0.955345 0.006329
3 3 0.003098 0.002084 0.057430 0.932663 0.004725
3 3 0.006634 0.003341 0.039538 0.943212 0.007275
3 3 0.006567 0.002942 0.032368 0.951325 0.006799
3 3 0.005112 0.002702 0.041273 0.944796 0.006118
3 3 0.003164 0.001395 0.028236 0.963333 0.003872
3 3 0.006512 0.003535 0.038693 0.940965 0.010296
3 3 0.005149 0.001978 0.024023 0.963627 0.005223
3 3 0.004978 0.002201 0.028241 0.958149 0.006431
3 3 0.004460 0.002285 0.037588 0.949974 0.005692
3 3 0.003375 0.001404 0.025824 0.965449 0.003948
3 3 0.006821 0.002668 0.025830 0.958153 0.006527
3 3 0.006306 0.002307 0.022769 0.962676 0.005941
3 3 0.003195 0.001444 0.029498 0.961912 0.003951
3 3 0.004959 0.001606 0.017809 0.970979 0.004647
3 3 0.004066 0.001330 0.017558 0.973031 0.004015
3 3 0.003778 0.001337 0.019894 0.971035 0.003956
3 3 0.004736 0.001602 0.019051 0.970023 0.004588
3 3 0.006697 0.002660 0.025200 0.958233 0.007210
3 3 0.003878 0.000966 0.010876 0.980919 0.003360
3 3 0.008177 0.002195 0.013882 0.969585 0.006162
3 3 0.006472 0.001933 0.016126 0.970015 0.005455
3 3 0.005786 0.001848 0.017789 0.969390 0.005187
3 3 0.008283 0.002326 0.015036 0.967984 0.006371
3 3 0.008471 0.002238 0.013572 0.969442 0.006277
3 3 0.007111 0.002003 0.014767 0.970437 0.005682
3 3 0.008880 0.002834 0.017427 0.962245 0.008614
3 3 0.009158 0.003105 0.021113 0.959043 0.007581
3 3 0.008003 0.002207 0.014493 0.969151 0.006147
3 3 0.008081 0.002048 0.012548 0.971394 0.005928
3 3 0.009089 0.002308 0.012806 0.969311 0.006486
3 3 0.008643 0.003042 0.021575 0.958773 0.007967
3 3 0.005711 0.001298 0.009855 0.978835 0.004301
3 3 0.005410 0.001201 0.009378 0.979935 0.004076
3 3 0.006484 0.002210 0.020237 0.965220 0.005849
3 3 0.007837 0.001839 0.010928 0.973833 0.005563
3 3 0.009709 0.002915 0.017275 0.962660 0.007441
3 3 0.009429 0.002929 0.018240 0.961994 0.007408
3 3 0.008252 0.002085 0.012516 0.971134 0.006013
3 3 0.004876 0.001422 0.014816 0.974542 0.004344
3 3 0.006395 0.002313 0.022366 0.962957 0.005969
3 3 0.011391 0.003518 0.018558 0.958010 0.008523
3 3 0.009033 0.002420 0.014037 0.967871 0.006639
3 3 0.005303 0.001035 0.007479 0.982429 0.003754
3 3 0.006719 0.001499 0.009787 0.977174 0.004821
3 3 0.012288 0.003654 0.017570 0.957638 0.008851
3 3 0.011141 0.003250 0.016540 0.960683 0.008385
3 3 0.005072 0.000970 0.007162 0.983207 0.003589
3 3 0.009243 0.002798 0.017391 0.963369 0.007199
3 3 0.006514 0.001401 0.009132 0.978335 0.004618
3 3 0.006416 0.001438 0.009791 0.977690 0.004665
3 3 0.007770 0.001816 0.010837 0.974061 0.005515
3 3 0.007346 0.002360 0.018629 0.965429 0.006237
3 3 0.004704 0.000868 0.006658 0.984443 0.003327
3 3 0.007446 0.002450 0.019448 0.964277 0.006380
3 3 0.005618 0.001600 0.014534 0.973470 0.004778
3 3 0.006949 0.001541 0.009724 0.976857 0.004929
3 3 0.007613 0.002179 0.015344 0.968829 0.006035
3 3 0.008319 0.002008 0.011579 0.972187 0.005907
3 3 0.005638 0.001128 0.007915 0.981333 0.003986
3 3 0.004779 0.002510 0.040448 0.946468 0.005795
3 3 0.004619 0.003498 0.074017 0.911078 0.006788
3 3 0.007442 0.008423 0.148796 0.823547 0.011792
3 3 0.005253 0.005427 0.123822 0.856803 0.008694
3 3 0.006673 0.006426 0.115566 0.861254 0.010081
3 3 0.011978 0.016576 0.209977 0.743064 0.018405
3 3 0.051805 0.090628 0.327681 0.435931 0.093955
3 3 0.007539 0.014327 0.265224 0.690388 0.022522
3 3 0.018128 0.042721 0.395633 0.507775 0.035744
3 3 0.005334 0.009518 0.277839 0.696155 0.011154
2 3 0.009650 0.043834 0.555033 0.327663 0.063821
2 2 0.004901 0.020667 0.761882 0.207038 0.005513
3 2 0.005683 0.012137 0.306708 0.656947 0.018525
2 2 0.003743 0.014351 0.711909 0.265024 0.004972
2 2 0.015249 0.102311 0.505100 0.179700 0.197639
4 4 0.018104 0.155591 0.271255 0.079485 0.475566
2 4 0.025878 0.162963 0.569809 0.127767 0.113583
2 4 0.024940 0.182420 0.441124 0.107763 0.243753
2 4 0.024633 0.183105 0.491272 0.104753 0.196237
2 4 0.019905 0.188691 0.488849 0.074110 0.228446
2 4 0.005514 0.167630 0.715101 0.010973 0.100783
2 2 0.008434 0.215903 0.627335 0.012969 0.135358
2 2 0.015922 0.248411 0.523277 0.027037 0.185353
2 2 0.002870 0.076226 0.813756 0.022609 0.084539
2 2 0.000479 0.047730 0.932248 0.001582 0.017961
2 2 0.006020 0.174898 0.673289 0.012739 0.133054
2 2 0.000512 0.040456 0.940168 0.002468 0.016397
2 2 0.001361 0.105945 0.820153 0.002826 0.069715
2 2 0.000110 0.014649 0.977779 0.001153 0.006309
2 2 0.004198 0.162156 0.771091 0.005810 0.056745
2 2 0.008513 0.094961 0.812308 0.050174 0.034044
2 2 0.015955 0.271693 0.592005 0.017786 0.102562
2 2 0.000786 0.050356 0.933168 0.002656 0.013035
2 2 0.003232 0.131932 0.822565 0.005033 0.037238
2 2 0.000434 0.026852 0.962414 0.003042 0.007258
2 2 0.000101 0.006354 0.989573 0.002689 0.001284
2 2 0.000343 0.024289 0.968705 0.002005 0.004658
2 2 0.001125 0.035558 0.953865 0.005473 0.003979
2 2 0.001418 0.031166 0.956600 0.008316 0.002501
2 2 0.002152 0.053742 0.928149 0.008680 0.007277
2 2 0.002925 0.049661 0.927891 0.014296 0.005227
2 2 0.006438 0.077791 0.877026 0.027771 0.010974
2 2 0.002436 0.036671 0.938806 0.018128 0.003958
2 2 0.004521 0.048930 0.899979 0.038402 0.008168
2 2 0.008350 0.072637 0.789603 0.091961 0.037449
2 2 0.018710 0.197952 0.700664 0.035958 0.046716
2 2 0.053463 0.241367 0.611344 0.069554 0.024273
2 2 0.043902 0.289744 0.394481 0.047057 0.224816
2 2 0.038671 0.353299 0.426121 0.037162 0.144747
2 2 0.014222 0.224720 0.639571 0.023842 0.097644
2 2 0.006587 0.155286 0.786282 0.011385 0.040460
2 2 0.022569 0.331065 0.553781 0.015903 0.076683
2 2 0.031648 0.338354 0.538133 0.024026 0.067839
2 2 0.015974 0.202803 0.721769 0.023238 0.036216
2 2 0.001416 0.052502 0.923923 0.006968 0.015192
2 2 0.004561 0.083543 0.887880 0.013284 0.010732
2 2 0.002561 0.068751 0.907371 0.008843 0.012474
2 2 0.020447 0.221938 0.594978 0.046194 0.116443
2 2 0.125432 0.313209 0.418393 0.053708 0.089258
2 2 0.022380 0.314851 0.542505 0.020119 0.100145
1 2 0.146046 0.435707 0.204572 0.015348 0.198326
1 2 0.041683 0.400591 0.367097 0.028905 0.161724
4 2 0.052306 0.292481 0.282013 0.029053 0.344147
4 1 0.078689 0.359550 0.184289 0.013376 0.364095
4 1 0.124369 0.281857 0.119308 0.003308 0.471159
1 1 0.047437 0.407535 0.324786 0.033081 0.187161
2 1 0.032760 0.389413 0.401000 0.014456 0.162371
1 1 0.051931 0.403685 0.381547 0.036857 0.125980
2 2 0.013661 0.302341 0.601869 0.008986 0.073144
2 2 0.008496 0.226220 0.718279 0.006697 0.040308
2 2 0.030054 0.339945 0.547346 0.020993 0.061662
1 2 0.095715 0.424602 0.336065 0.035071 0.108547
1 1 0.106360 0.432240 0.222943 0.007510 0.230947
2 1 0.035105 0.383372 0.435883 0.024247 0.121393
2 1 0.039970 0.370102 0.482482 0.028246 0.079200
2 1 0.011053 0.304688 0.578364 0.007093 0.098802
2 2 0.003653 0.105354 0.867200 0.006865 0.016928
2 2 0.000457 0.034448 0.951317 0.001964 0.011814
2 2 0.002022 0.094632 0.878366 0.002415 0.022566
2 2 0.003363 0.173358 0.759717 0.003509 0.060052
2 2 0.006167 0.126924 0.819546 0.013771 0.033593
2 2 0.001640 0.063475 0.914051 0.002379 0.018455
2 2 0.000566 0.035894 0.947380 0.003350 0.012810
2 2 0.004201 0.165673 0.737657 0.006733 0.085736
2 2 0.020383 0.348774 0.503781 0.013580 0.113482
2 2 0.002314 0.071593 0.901652 0.003872 0.020570
1 2 0.106755 0.321712 0.297818 0.001902 0.271813
4 2 0.097905 0.330742 0.153906 0.007584 0.409862
4 2 0.136281 0.192060 0.064797 0.003261 0.603601
4 1 0.040071 0.338925 0.151312 0.002920 0.466773
4 1 0.234024 0.230780 0.060302 0.002563 0.472332
0 1 0.561945 0.068324 0.022325 0.001579 0.345827
4 0 0.069949 0.345112 0.118917 0.002243 0.463778
2 0 0.038052 0.392274 0.404874 0.026331 0.138469
1 1 0.028449 0.383625 0.331209 0.019004 0.237713
1 1 0.031879 0.383064 0.277398 0.021388 0.286270
1 1 0.042060 0.398951 0.387705 0.026526 0.144759
2 1 0.023496 0.360174 0.479518 0.015778 0.121035
2 1 0.046588 0.397292 0.403038 0.032850 0.120231
1 1 0.267705 0.406291 0.137801 0.011701 0.176503
1 1 0.294566 0.392131 0.138213 0.043995 0.131096
1 1 0.163213 0.414689 0.185218 0.075161 0.161719
0 1 0.511952 0.301385 0.068863 0.009523 0.108277
0 1 0.396881 0.356419 0.102890 0.022733 0.121077
1 1 0.196868 0.404605 0.128400 0.017097 0.253030
0 1 0.759723 0.102846 0.030137 0.005558 0.101736
1 1 0.320200 0.384339 0.129984 0.039273 0.126204
1 1 0.127726 0.405842 0.273852 0.097983 0.094597
1 1 0.118053 0.414294 0.249436 0.089205 0.129011
1 1 0.174699 0.412089 0.205215 0.083876 0.124120
0 1 0.895458 0.036382 0.007661 0.000636 0.059864
0 0 0.920241 0.005994 0.002397 0.000365 0.071004
0 0 0.759421 0.107719 0.016160 0.000552 0.116148
1 0 0.333004 0.360101 0.085850 0.007361 0.213684
0 0 0.902835 0.006881 0.002813 0.000408 0.087063
0 0 0.915153 0.012410 0.004237 0.000635 0.067565
0 0 0.682681 0.124491 0.026899 0.001742 0.164187
4 0 0.350056 0.215796 0.047403 0.001716 0.385028
0 0 0.756908 0.088062 0.015822 0.000664 0.138544
0 1 0.514033 0.109812 0.030540 0.001773 0.343842
4 1 0.054426 0.149284 0.046775 0.001113 0.748402
4 1 0.026071 0.279043 0.107598 0.005347 0.581941
4 1 0.045410 0.302692 0.099613 0.004311 0.547974
4 1 0.042763 0.273548 0.080302 0.002031 0.601356
4 1 0.048485 0.226071 0.048481 0.000583 0.676379
4 1 0.068839 0.174347 0.086606 0.007898 0.662311
4 1 0.030781 0.358602 0.207901 0.012864 0.389851
4 1 0.096083 0.161463 0.037676 0.000576 0.704202
4 1 0.156115 0.166311 0.035405 0.000552 0.641617
4 1 0.102092 0.293839 0.063798 0.001344 0.538927
4 0 0.397936 0.087796 0.022179 0.000648 0.491442
4 0 0.270675 0.055477 0.023835 0.001445 0.648567
4 0 0.280272 0.083463 0.024829 0.000793 0.610643
0 0 0.599924 0.020314 0.008405 0.000588 0.370769
0 0 0.507607 0.033045 0.011458 0.000536 0.447355
0 0 0.705727 0.038918 0.011343 0.000668 0.243345
0 0 0.789797 0.030639 0.011778 0.001680 0.166105
0 0 0.817011 0.067611 0.011431 0.000472 0.103476
0 0 0.746638 0.051565 0.013237 0.000810 0.187750
4 0 0.088689 0.189406 0.053480 0.001409 0.667016
4 1 0.004597 0.231538 0.186957 0.002673 0.574236
4 1 0.009892 0.214585 0.099182 0.001002 0.675338
4 1 0.005818 0.269908 0.261766 0.002635 0.459874
4 1 0.008847 0.149546 0.046960 0.000601 0.794046
4 1 0.011425 0.189576 0.068616 0.000539 0.729843
4 1 0.021440 0.105323 0.033903 0.000501 0.838834
4 1 0.010422 0.178911 0.063175 0.000438 0.747054
4 1 0.013099 0.032061 0.016676 0.000358 0.937806
4 4 0.047839 0.015893 0.008898 0.000254 0.927116
4 4 0.092615 0.192424 0.029444 0.000179 0.685339
4 4 0.026368 0.232605 0.069392 0.001512 0.670123
4 4 0.055965 0.228064 0.046257 0.000516 0.669197
4 0 0.347902 0.024089 0.010277 0.000474 0.617257
4 0 0.036572 0.045563 0.019604 0.000449 0.897812
4 0 0.072396 0.021619 0.007606 0.000096 0.898284
4 0 0.060043 0.058385 0.014787 0.000128 0.866657
4 0 0.027118 0.205839 0.052105 0.000633 0.714305
4 0 0.009525 0.242644 0.135250 0.002809 0.609771
4 0 0.020837 0.174701 0.041736 0.000262 0.762463
4 1 0.008903 0.230041 0.127896 0.000756 0.632404
4 1 0.345381 0.119469 0.024612 0.000470 0.510068
4 4 0.052577 0.045085 0.021345 0.000697 0.880296
4 4 0.087627 0.213923 0.051898 0.001025 0.645526
4 4 0.063848 0.294926 0.079238 0.002329 0.559659
4 4 0.042211 0.220336 0.061006 0.001283 0.675164
4 4 0.032404 0.123159 0.047159 0.001346 0.795933
4 4 0.041089 0.243222 0.092376 0.004056 0.619256
4 4 0.014875 0.312600 0.213486 0.006442 0.452598
4 4 0.011702 0.325704 0.308990 0.007284 0.346319
4 4 0.016476 0.319302 0.217174 0.004438 0.442609
4 4 0.025617 0.245605 0.081371 0.001300 0.646107
4 4 0.093330 0.173835 0.051366 0.001454 0.680015
1 4 0.028605 0.366988 0.242838 0.012154 0.349414
4 4 0.052602 0.210590 0.091524 0.006219 0.639064
4 1 0.037299 0.341497 0.156709 0.007440 0.457055
4 1 0.160559 0.264098 0.062525 0.001860 0.510958
4 1 0.017818 0.334728 0.238343 0.010230 0.398881
4 1 0.010598 0.268315 0.163760 0.006537 0.550790
4 1 0.010995 0.294678 0.216308 0.005578 0.472442
4 1 0.110971 0.206062 0.055422 0.001522 0.626022
4 1 0.187105 0.246721 0.055666 0.001507 0.509000
4 1 0.141737 0.147572 0.048587 0.001937 0.660167
4 1 0.266124 0.180145 0.046774 0.001733 0.505223
4 1 0.255897 0.228442 0.036037 0.000463 0.479161
4 1 0.071656 0.352747 0.122382 0.004147 0.449068
4 1 0.044141 0.320086 0.118384 0.004567 0.512823
0 1 0.510526 0.131064 0.026529 0.000800 0.331081
4 1 0.138147 0.174467 0.043646 0.000983 0.642757
4 1 0.185916 0.246758 0.060054 0.000645 0.506627
4 1 0.418834 0.130974 0.022567 0.000357 0.427267
0 1 0.558652 0.114746 0.023256 0.000730 0.302615
4 1 0.189148 0.193862 0.049235 0.001469 0.566285
4 1 0.238114 0.305336 0.053649 0.001137 0.401764
0 1 0.410486 0.315121 0.059730 0.002998 0.211665
1 1 0.117812 0.419903 0.192592 0.052669 0.217023
1 1 0.140145 0.400750 0.134330 0.015618 0.309158
0 1 0.689596 0.165269 0.016517 0.000232 0.128386
0 0 0.852582 0.023453 0.005065 0.000213 0.118687
0 0 0.655247 0.201579 0.026490 0.000834 0.115851
4 0 0.133856 0.372261 0.107503 0.005661 0.380720
0 0 0.855195 0.027518 0.005887 0.000274 0.111125
0 0 0.444797 0.284022 0.045342 0.001412 0.224429
0 0 0.752811 0.021984 0.008046 0.000707 0.216452
0 0 0.957729 0.000360 0.000257 0.000068 0.041586
0 0 0.964565 0.000157 0.000126 0.000035 0.035116
0 0 0.965140 0.003408 0.000929 0.000085 0.030438
0 0 0.956506 0.000925 0.000474 0.000085 0.042010
0 0 0.932460 0.000813 0.000486 0.000084 0.066157
0 0 0.919072 0.002336 0.000798 0.000051 0.077743
0 0 0.896476 0.014200 0.004908 0.000677 0.083739
0 0 0.493771 0.065514 0.029641 0.003798 0.407275
4 0 0.238196 0.206773 0.055072 0.002253 0.497706
4 0 0.380910 0.059238 0.024649 0.001848 0.533355
4 1 0.253481 0.107796 0.041865 0.002812 0.594046
4 4 0.397405 0.057393 0.023417 0.001706 0.520078
0 4 0.513959 0.010065 0.008280 0.001753 0.465942
0 4 0.531658 0.033805 0.016720 0.001986 0.415831
0 4 0.517404 0.068686 0.028855 0.003373 0.381682
0 4 0.614571 0.022972 0.015810 0.004240 0.342408
0 4 0.566463 0.005008 0.005052 0.001419 0.422057
0 4 0.439803 0.092038 0.042067 0.006054 0.420038
4 4 0.140007 0.023881 0.015004 0.001049 0.820058
4 4 0.111073 0.007865 0.007512 0.000771 0.872779
4 4 0.185498 0.014638 0.011439 0.001223 0.787203
4 4 0.147870 0.011519 0.008330 0.000592 0.831688
4 4 0.170892 0.010911 0.010484 0.001541 0.806172
4 4 0.110664 0.022326 0.015595 0.001230 0.850186
4 4 0.166183 0.007755 0.011118 0.003610 0.811334
4 4 0.102855 0.020251 0.012765 0.000727 0.863402
4 4 0.080823 0.042858 0.015353 0.000293 0.860673
4 4 0.109277 0.010604 0.009355 0.000905 0.869860
4 4 0.110918 0.009969 0.008588 0.000767 0.869758
4 4 0.136883 0.011846 0.008818 0.000657 0.841795
4 4 0.049821 0.035130 0.021957 0.001214 0.891877
4 4 0.118038 0.005866 0.007790 0.001583 0.866724
4 4 0.110713 0.040190 0.025109 0.002025 0.821963
4 4 0.179520 0.020312 0.014402 0.001401 0.784364
4 4 0.128629 0.007880 0.008049 0.001034 0.854407
4 4 0.071241 0.026919 0.019303 0.001490 0.881046
4 4 0.053148 0.038063 0.023718 0.001388 0.883683
4 4 0.003859 0.091031 0.024203 0.000064 0.880844
4 4 0.015912 0.003742 0.003181 0.000087 0.977078
4 4 0.017041 0.133216 0.026056 0.000122 0.823565
4 4 0.006390 0.062644 0.017700 0.000096 0.913170
4 4 0.005789 0.101827 0.039809 0.000287 0.852288
4 4 0.007523 0.029947 0.013993 0.000187 0.948350
4 4 0.070092 0.022594 0.019614 0.002194 0.885507
4 4 0.049527 0.005962 0.003811 0.000096 0.940604
4 4 0.006027 0.020647 0.013039 0.000280 0.960007
4 4 0.004739 0.164372 0.079539 0.000482 0.750868
4 4 0.010829 0.057227 0.018593 0.000161 0.913190
4 4 0.002021 0.148926 0.099290 0.000880 0.748884
4 4 0.007695 0.078380 0.019725 0.000097 0.894102
4 4 0.002908 0.062123 0.034088 0.000714 0.900167
4 4 0.005088 0.142989 0.078061 0.000804 0.773058
4 4 0.003832 0.141713 0.062132 0.000629 0.791695
4 4 0.005057 0.218962 0.149559 0.002966 0.623456
4 4 0.005425 0.037860 0.021779 0.000485 0.934450
4 4 0.002734 0.129831 0.061390 0.000508 0.805537
4 4 0.002271 0.156942 0.104333 0.001268 0.735187
4 4 0.005461 0.284820 0.352028 0.003222 0.354469
4 4 0.008502 0.302084 0.293321 0.005166 0.390927
4 1 0.003512 0.256747 0.336002 0.002007 0.401732
4 1 0.005226 0.272172 0.293788 0.003066 0.425748
4 1 0.007160 0.287364 0.276605 0.004294 0.424577
4 1 0.008179 0.304676 0.318889 0.004961 0.363294
4 1 0.007020 0.295672 0.321989 0.004212 0.371107
4 1 0.006375 0.281486 0.281858 0.003793 0.426489
2 1 0.006968 0.300395 0.358685 0.004187 0.329764
4 1 0.007241 0.299776 0.335677 0.004357 0.352949
4 1 0.006725 0.294480 0.330878 0.004024 0.363892
4 1 0.018820 0.281050 0.137896 0.001796 0.560438
4 1 0.006614 0.289055 0.306101 0.003948 0.394282
4 1 0.008829 0.132847 0.073954 0.001875 0.782497
4 0 0.224805 0.087070 0.027362 0.000892 0.659871
4 1 0.007468 0.277749 0.234722 0.004490 0.475571
4 1 0.012867 0.323311 0.270699 0.008051 0.385072
4 1 0.031973 0.363772 0.218597 0.006521 0.379137
4 1 0.119539 0.286236 0.060695 0.001267 0.532262
4 1 0.111732 0.254533 0.050425 0.000775 0.582535
2 1 0.011195 0.328308 0.395472 0.007217 0.257808
2 1 0.005376 0.234996 0.418227 0.005639 0.335761
2 1 0.005242 0.286447 0.393236 0.003092 0.311983
2 1 0.006932 0.273665 0.547916 0.005335 0.166152
2 1 0.010638 0.239671 0.561081 0.015474 0.173136
2 1 0.001418 0.138022 0.740262 0.002024 0.118274
2 1 0.000606 0.049263 0.914665 0.003018 0.032449
2 2 0.000034 0.019578 0.962193 0.000151 0.018045
2 2 0.000063 0.018211 0.967201 0.000442 0.014083
2 2 0.000168 0.029611 0.946291 0.000959 0.022971
2 2 0.000120 0.030741 0.938355 0.000587 0.030197
2 2 0.002184 0.161864 0.724936 0.002686 0.108329
2 2 0.000131 0.033961 0.946178 0.000420 0.019310
2 2 0.000269 0.053592 0.913113 0.000642 0.032383
2 2 0.000162 0.046070 0.899879 0.000515 0.053373
2 2 0.000076 0.026336 0.942594 0.000398 0.030596
2 2 0.000317 0.061836 0.888766 0.000749 0.048332
2 2 0.000162 0.032373 0.945758 0.000701 0.021006
2 2 0.021345 0.326021 0.455509 0.014102 0.183023
2 2 0.000027 0.013834 0.972485 0.000200 0.013454
2 2 0.000094 0.021539 0.966362 0.000513 0.011492
2 2 0.001094 0.062124 0.888531 0.005429 0.042822
2 2 0.000046 0.013373 0.977030 0.000408 0.009143
2 2 0.000083 0.020071 0.960868 0.000645 0.018333
2 2 0.000045 0.014339 0.974045 0.000382 0.011188
2 2 0.000101 0.017378 0.971043 0.000915 0.010564
2 2 0.000063 0.005453 0.989828 0.002420 0.002235
2 2 0.000560 0.028907 0.943680 0.006944 0.019908
2 2 0.000033 0.005858 0.990310 0.000810 0.002989
2 2 0.000076 0.010878 0.979528 0.001416 0.008103
2 2 0.001653 0.103881 0.828276 0.003865 0.062325
2 2 0.000355 0.024370 0.955659 0.004197 0.015419
2 2 0.000325 0.027794 0.952116 0.002813 0.016953
2 2 0.000354 0.050093 0.917883 0.001151 0.030519
2 2 0.012344 0.140499 0.780094 0.035173 0.031890
2 2 0.007489 0.103237 0.827035 0.031898 0.030341
2 2 0.002599 0.022886 0.899635 0.069294 0.005587
2 2 0.000762 0.061167 0.909806 0.002353 0.025911
2 2 0.000933 0.028618 0.952982 0.009706 0.007761
2 2 0.000787 0.051934 0.919688 0.003498 0.024092
2 2 0.014088 0.183786 0.670317 0.038073 0.093736
2 2 0.001004 0.026484 0.931693 0.021509 0.019309
2 2 0.006367 0.081642 0.797211 0.057289 0.057491
2 2 0.000830 0.019875 0.942229 0.024124 0.012943
2 2 0.005681 0.049432 0.814189 0.101659 0.029038
2 2 0.001357 0.025772 0.930303 0.029880 0.012688
2 2 0.008425 0.091637 0.682167 0.092740 0.125031
2 2 0.003654 0.036291 0.858694 0.082558 0.018802
2 2 0.001530 0.032247 0.919553 0.027339 0.019331
2 2 0.002800 0.058281 0.879516 0.025823 0.033579
2 2 0.010926 0.063248 0.623045 0.226810 0.075970
2 2 0.001685 0.039015 0.927558 0.017638 0.014103
2 2 0.022468 0.222546 0.644154 0.042669 0.068163
2 2 0.002517 0.042902 0.812227 0.063895 0.078459
2 2 0.000338 0.008591 0.966844 0.019969 0.004258
2 2 0.001422 0.031291 0.931651 0.021828 0.013808
2 2 0.002280 0.050467 0.892662 0.024110 0.030480
2 2 0.000969 0.031247 0.928597 0.015704 0.023482
2 2 0.003329 0.024674 0.779850 0.168377 0.023771
2 2 0.001904 0.027288 0.927863 0.035004 0.007942
2 2 0.002032 0.074270 0.855129 0.011512 0.057057
2 2 0.003289 0.088431 0.858680 0.013305 0.036295
2 2 0.012646 0.122225 0.754135 0.062254 0.048740
2 2 0.000463 0.018368 0.955966 0.011571 0.013632
2 2 0.005719 0.087722 0.842297 0.031475 0.032786
2 2 0.001843 0.023566 0.906940 0.056064 0.011587
2 2 0.008897 0.072696 0.571691 0.169950 0.176767
2 2 0.017198 0.197406 0.687719 0.036201 0.061476
1 2 0.138021 0.399067 0.349971 0.035217 0.077725
2 2 0.038813 0.374524 0.470608 0.027269 0.088786
2 2 0.015102 0.198596 0.736051 0.020285 0.029965
2 2 0.036920 0.308659 0.534546 0.041413 0.078462
2 2 0.049276 0.373872 0.472765 0.034456 0.069631
1 2 0.176791 0.415147 0.326468 0.019085 0.062509
2 2 0.023624 0.340787 0.538887 0.016080 0.080622
2 2 0.015737 0.309691 0.592576 0.010460 0.071535
2 2 0.013852 0.215442 0.720726 0.015490 0.034489
2 2 0.036563 0.317033 0.584685 0.026400 0.035320
2 1 0.036526 0.344612 0.539519 0.024084 0.055259
1 1 0.162370 0.400364 0.368649 0.020743 0.047875
2 1 0.032377 0.369437 0.480268 0.020119 0.097798
2 1 0.014368 0.307337 0.592946 0.009471 0.075877
2 2 0.010404 0.288834 0.615623 0.001935 0.083203
1 2 0.045132 0.406845 0.372094 0.012636 0.163293
2 2 0.042516 0.384349 0.444771 0.029966 0.098398
2 2 0.101751 0.399418 0.400945 0.037208 0.060678
1 2 0.076565 0.425891 0.328588 0.027515 0.141442
1 2 0.173895 0.420095 0.274820 0.046940 0.084250
1 2 0.172940 0.426414 0.171783 0.006519 0.222343
1 2 0.199934 0.430035 0.247342 0.021488 0.101202
0 2 0.601859 0.252866 0.048966 0.004048 0.092261
0 0 0.430734 0.338043 0.083786 0.008031 0.139407
0 0 0.678395 0.198368 0.028042 0.001240 0.093955
1 0 0.138574 0.436352 0.209661 0.011339 0.204074
2 1 0.015872 0.348772 0.450147 0.010257 0.174953
1 1 0.060372 0.421137 0.297119 0.013119 0.208253
2 1 0.020483 0.356383 0.473964 0.013575 0.135595
1 1 0.070786 0.421645 0.348595 0.026203 0.132772
0 1 0.440598 0.337707 0.088616 0.003721 0.129358
1 1 0.243048 0.420578 0.216003 0.022094 0.098277
1 1 0.132928 0.436383 0.263351 0.031648 0.135689
1 1 0.092098 0.427623 0.223675 0.013568 0.243037
0 1 0.478789 0.305423 0.062300 0.005072 0.148416
0 0 0.613213 0.182783 0.017719 0.000175 0.186110
1 0 0.354534 0.369371 0.102129 0.016282 0.157684
1 0 0.035018 0.392757 0.307700 0.007219 0.257306
1 1 0.042795 0.396629 0.268170 0.004838 0.287567
0 1 0.368781 0.297874 0.048531 0.001276 0.283538
0 0 0.440954 0.173283 0.022620 0.000240 0.362902
1 0 0.032486 0.382546 0.274715 0.007262 0.302991
1 1 0.065562 0.392919 0.188439 0.003698 0.349383
4 1 0.084951 0.366360 0.127766 0.003144 0.417778
4 1 0.275518 0.192946 0.031625 0.000409 0.499502
1 0 0.258888 0.366123 0.087147 0.005588 0.282254
0 0 0.369818 0.345175 0.077179 0.006016 0.201813
0 0 0.596221 0.218019 0.027778 0.000645 0.157336
0 0 0.630075 0.221522 0.032827 0.001437 0.114139
0 0 0.366076 0.334100 0.068409 0.003868 0.227547
1 1 0.105497 0.426723 0.205290 0.007883 0.254606
4 1 0.195181 0.249008 0.048276 0.000193 0.507341
4 0 0.105863 0.258341 0.046380 0.000552 0.588863
0 0 0.531340 0.197879 0.033529 0.001042 0.236210
1 0 0.068093 0.389003 0.176750 0.003784 0.362370
4 0 0.008119 0.304996 0.323520 0.004923 0.358442
2 1 0.005874 0.289681 0.355792 0.003485 0.345167
4 1 0.004726 0.274963 0.348445 0.002157 0.369709
4 1 0.005372 0.258577 0.243375 0.001655 0.491021
4 1 0.007302 0.287133 0.280660 0.002103 0.422803
4 1 0.007186 0.264110 0.210175 0.002077 0.516452
4 1 0.013392 0.298354 0.206714 0.001615 0.479925
4 1 0.007056 0.267326 0.226877 0.001200 0.497541
4 1 0.018286 0.242410 0.094738 0.001366 0.643200
4 1 0.170155 0.342999 0.078142 0.002898 0.405806
4 1 0.016179 0.340705 0.283015 0.007837 0.352264
2 1 0.010957 0.330000 0.381208 0.006822 0.271013
4 1 0.007466 0.290861 0.280200 0.004492 0.416981
4 4 0.012753 0.123543 0.041045 0.000546 0.822112
4 4 0.005297 0.247245 0.208251 0.002519 0.536687
4 4 0.031482 0.150319 0.039442 0.000351 0.778406
4 4 0.023389 0.078629 0.020541 0.000160 0.877281
4 4 0.033735 0.004671 0.004698 0.000275 0.956621
4 4 0.043159 0.009023 0.007638 0.000436 0.939744
4 4 0.009765 0.131566 0.040463 0.000469 0.817736
4 4 0.035924 0.037697 0.015509 0.000288 0.910582
4 4 0.019987 0.041920 0.022170 0.000651 0.915272
4 4 0.007290 0.108464 0.044444 0.000840 0.838962
4 4 0.010548 0.080596 0.017232 0.000064 0.891559
4 4 0.026421 0.005878 0.005339 0.000250 0.962113
4 4 0.034249 0.008571 0.004372 0.000067 0.952741
4 4 0.016319 0.039551 0.013527 0.000126 0.930478
4 4 0.010921 0.057690 0.017894 0.000139 0.913355
4 4 0.014373 0.033246 0.014392 0.000208 0.937781
4 4 0.021260 0.009075 0.006003 0.000149 0.963513
4 4 0.028716 0.003841 0.002879 0.000072 0.964492
4 4 0.061432 0.071431 0.016104 0.000118 0.850915
4 4 0.341129 0.042901 0.011994 0.000263 0.603713
4 4 0.055595 0.191362 0.031502 0.000186 0.721356
4 4 0.011588 0.104579 0.035570 0.000487 0.847775
4 4 0.014970 0.034396 0.011711 0.000098 0.938825
4 4 0.061508 0.026923 0.012768 0.000344 0.898458
4 4 0.014276 0.125895 0.024626 0.000105 0.835099
4 4 0.004777 0.145250 0.059726 0.000317 0.789930
4 4 0.020940 0.150045 0.030378 0.000080 0.798557
4 4 0.023425 0.032410 0.011026 0.000104 0.933035
4 4 0.016718 0.140055 0.028555 0.000151 0.814521
4 4 0.049567 0.015301 0.007496 0.000154 0.927481
4 4 0.044438 0.082823 0.020197 0.000172 0.852371
4 4 0.044483 0.172104 0.027770 0.000134 0.755510
4 4 0.037611 0.046662 0.010977 0.000060 0.904690
4 4 0.007704 0.235058 0.142753 0.001960 0.612525
4 4 0.006000 0.214440 0.130955 0.001417 0.647188
4 4 0.009262 0.207245 0.091836 0.002071 0.689586
4 4 0.115084 0.031687 0.010276 0.000154 0.842800
4 4 0.050737 0.182193 0.030976 0.000184 0.735911
4 4 0.024014 0.083644 0.030568 0.000561 0.861214
4 4 0.034238 0.023409 0.012217 0.000314 0.929822
4 4 0.029995 0.027719 0.010922 0.000148 0.931215
4 4 0.009889 0.173280 0.060209 0.000437 0.756185
4 4 0.004177 0.209740 0.150916 0.002279 0.632888
4 4 0.011463 0.139461 0.034016 0.000245 0.814815
1 4 0.037671 0.393268 0.281035 0.025629 0.262397
4 4 0.063379 0.359273 0.136835 0.006015 0.434498
4 1 0.112696 0.267723 0.052792 0.000733 0.566056
4 1 0.062240 0.348087 0.127855 0.003089 0.458729
4 1 0.031725 0.271988 0.093187 0.001908 0.601192
4 1 0.052204 0.319908 0.112571 0.001350 0.513967
1 1 0.024401 0.360172 0.261385 0.005278 0.348765
1 1 0.027052 0.371093 0.268678 0.017904 0.315274
1 1 0.249409 0.381840 0.104174 0.002785 0.261793
4 1 0.175669 0.319342 0.065044 0.001701 0.438244
1 1 0.183847 0.409674 0.137650 0.008906 0.259923
1 1 0.185101 0.432195 0.189619 0.017698 0.175388
1 1 0.082924 0.430875 0.273023 0.023343 0.189834
4 1 0.145792 0.363872 0.097032 0.005095 0.388210
4 1 0.218491 0.212758 0.062134 0.003096 0.503521
1 1 0.114650 0.430584 0.207213 0.008793 0.238760
1 1 0.032780 0.391102 0.329468 0.022152 0.224498
2 1 0.034682 0.390263 0.398785 0.023773 0.152496
2 1 0.037382 0.392253 0.402001 0.025812 0.142551
4 1 0.081945 0.380044 0.146943 0.003377 0.387692
1 1 0.032059 0.385659 0.288992 0.019443 0.273847
1 1 0.038786 0.399314 0.330930 0.026593 0.204377
1 1 0.032685 0.389249 0.388865 0.022252 0.166950
1 2 0.073205 0.364583 0.287424 0.005096 0.269692
1 2 0.057495 0.409654 0.246288 0.007703 0.278860
1 2 0.037086 0.397023 0.324260 0.025309 0.216322
4 2 0.270023 0.326725 0.062013 0.001932 0.339306
0 0 0.679165 0.076218 0.018713 0.001036 0.224869
1 1 0.086100 0.407152 0.179086 0.017475 0.310187
1 1 0.161529 0.430816 0.183802 0.015933 0.207920
4 1 0.098412 0.380521 0.133433 0.004328 0.383306
1 1 0.092236 0.408179 0.175696 0.009928 0.313962
0 1 0.544747 0.133972 0.027099 0.000923 0.293259
4 1 0.200800 0.348186 0.077821 0.003141 0.370051
0 1 0.777063 0.097745 0.015453 0.000606 0.109133
1 1 0.336260 0.348302 0.076347 0.004930 0.234161
1 1 0.061319 0.413061 0.242528 0.013077 0.270015
4 1 0.213463 0.309805 0.095017 0.007863 0.373852
1 1 0.298494 0.391484 0.123559 0.025922 0.160540
1 1 0.250864 0.418362 0.172530 0.020494 0.137751
2 1 0.040082 0.375462 0.468780 0.028238 0.087438
1 1 0.050074 0.409035 0.275972 0.010518 0.254402
2 1 0.034489 0.382412 0.437915 0.023792 0.121392
2 1 0.031295 0.355797 0.512904 0.021745 0.078258
2 1 0.034930 0.388812 0.417743 0.018251 0.140265
2 1 0.034315 0.337291 0.552118 0.024335 0.051942
2 1 0.025001 0.369928 0.446239 0.016779 0.142053
2 1 0.031498 0.336816 0.553673 0.022149 0.055864
2 2 0.017631 0.221616 0.697891 0.022887 0.039975
1 2 0.101617 0.426575 0.362359 0.011073 0.098376
1 2 0.094391 0.435071 0.318430 0.012147 0.139962
1 2 0.049666 0.407670 0.393931 0.009418 0.139316
1 1 0.286562 0.410095 0.162668 0.006082 0.134593
1 1 0.079780 0.423048 0.367452 0.016349 0.113370
2 1 0.022612 0.362375 0.464204 0.015090 0.135719
2 1 0.028560 0.359722 0.498805 0.019604 0.093309
1 1 0.086064 0.431989 0.333437 0.009286 0.139224
2 1 0.020416 0.364779 0.418011 0.013409 0.183385
2 1 0.025707 0.370161 0.453959 0.013753 0.136420
2 1 0.016112 0.340344 0.502068 0.010514 0.130963
2 1 0.048426 0.289007 0.524950 0.034478 0.103138
0 1 0.386925 0.329221 0.225635 0.007563 0.050656
0 1 0.690536 0.198544 0.045237 0.002281 0.063401
2 1 0.044409 0.395938 0.425104 0.016829 0.117719
2 1 0.020427 0.336050 0.466222 0.016765 0.160536
2 1 0.017987 0.342353 0.511033 0.011870 0.116758
2 1 0.017524 0.295583 0.549743 0.017395 0.119755
2 1 0.019818 0.353167 0.482550 0.013117 0.131347
2 1 0.021837 0.179991 0.629173 0.076861 0.092139
2 1 0.026387 0.327399 0.498604 0.020231 0.127380
2 1 0.025206 0.370222 0.446357 0.016929 0.141285
2 1 0.010499 0.079666 0.737904 0.120727 0.051204
2 1 0.033860 0.343028 0.541334 0.023901 0.057878
2 1 0.014995 0.293301 0.618162 0.010594 0.062948
2 2 0.002546 0.078857 0.870368 0.011517 0.036712
2 2 0.012387 0.161644 0.750167 0.030338 0.045464
2 2 0.014324 0.200282 0.702153 0.025452 0.057788
2 2 0.003318 0.058928 0.890496 0.025953 0.021305
2 2 0.005691 0.115287 0.832025 0.015987 0.031011
2 2 0.020122 0.210166 0.617796 0.032424 0.119492
2 2 0.007517 0.108674 0.803496 0.035006 0.045307
2 2 0.000493 0.014254 0.967245 0.012971 0.005037
2 2 0.000093 0.005345 0.984946 0.006110 0.003506
2 2 0.000158 0.007701 0.980577 0.007295 0.004269
2 2 0.000151 0.007278 0.979787 0.008039 0.004744
2 2 0.000401 0.006634 0.958976 0.031741 0.002248
2 2 0.000243 0.006917 0.970350 0.018246 0.004245
2 2 0.000294 0.004559 0.964890 0.029203 0.001053
2 2 0.000456 0.009406 0.950041 0.033152 0.006945
2 2 0.000257 0.006840 0.972638 0.017272 0.002993
2 2 0.000906 0.005076 0.867775 0.125286 0.000958
2 2 0.000399 0.005069 0.950577 0.042629 0.001325
2 2 0.002495 0.009363 0.658392 0.324676 0.005074
2 2 0.001206 0.009748 0.855899 0.127208 0.005939
2 2 0.000307 0.005222 0.923570 0.064027 0.006873
2 2 0.006879 0.036780 0.651830 0.262181 0.042330
2 2 0.001551 0.005440 0.665934 0.324700 0.002374
2 2 0.001273 0.007270 0.780126 0.206936 0.004394
2 2 0.001457 0.006787 0.751623 0.237078 0.003055
2 2 0.001398 0.005374 0.636456 0.352953 0.003820
3 2 0.004696 0.008211 0.299855 0.679532 0.007705
3 2 0.002936 0.004558 0.243343 0.744004 0.005159
3 3 0.002734 0.002575 0.097834 0.891780 0.005077
3 3 0.005752 0.008597 0.161957 0.800427 0.023268
3 3 0.003691 0.003466 0.101583 0.884897 0.006363
3 3 0.001407 0.001130 0.068460 0.926168 0.002835
3 3 0.005288 0.007698 0.169653 0.800308 0.017053
3 3 0.002534 0.002781 0.125183 0.864470 0.005032
3 3 0.004351 0.004120 0.105283 0.879011 0.007235
3 3 0.002387 0.002047 0.082482 0.908710 0.004375
3 3 0.004163 0.004253 0.097594 0.882577 0.011414
3 3 0.004846 0.007383 0.181713 0.790252 0.015805
3 3 0.003839 0.003707 0.100979 0.883894 0.007582
3 3 0.001871 0.001347 0.059674 0.933773 0.003335
3 3 0.002520 0.001794 0.061228 0.930301 0.004157
3 3 0.003987 0.003067 0.074362 0.912466 0.006119
3 3 0.003822 0.002494 0.056302 0.931924 0.005458
3 3 0.004248 0.002807 0.058387 0.928606 0.005952
3 3 0.003514 0.002793 0.077062 0.910980 0.005651
3 3 0.002102 0.001450 0.056580 0.936302 0.003565
3 3 0.008768 0.007440 0.079786 0.885704 0.018303
3 3 0.004556 0.002232 0.035690 0.952129 0.005393
3 3 0.007851 0.003855 0.033093 0.943589 0.011611
3 3 0.007638 0.003357 0.032033 0.949422 0.007551
3 3 0.005487 0.003010 0.044398 0.940527 0.006579
3 3 0.006361 0.002592 0.027421 0.957304 0.006322
3 3 0.004849 0.002018 0.027284 0.960649 0.005200
3 3 0.007356 0.003036 0.027864 0.954201 0.007542
3 3 0.003316 0.001157 0.019022 0.972949 0.003556
3 3 0.010440 0.007036 0.059671 0.906710 0.016142
3 3 0.005207 0.001624 0.016808 0.971632 0.004728
3 3 0.003843 0.001299 0.018438 0.972506 0.003914
3 3 0.006006 0.003278 0.044618 0.939070 0.007028
3 3 0.006269 0.002210 0.021335 0.964386 0.005801
3 3 0.005330 0.001884 0.020923 0.966728 0.005136
3 3 0.003628 0.001306 0.020360 0.970836 0.003870
3 3 0.006123 0.002315 0.023986 0.961667 0.005909
3 3 0.005596 0.002377 0.028864 0.957305 0.005859
3 3 0.003343 0.001110 0.017487 0.974573 0.003487
3 3 0.007780 0.002666 0.020988 0.961829 0.006736
3 3 0.007933 0.002563 0.019023 0.963849 0.006631
3 3 0.006900 0.002408 0.021270 0.963215 0.006207
3 3 0.007541 0.001992 0.013342 0.971378 0.005747
3 3 0.007608 0.002999 0.026087 0.955878 0.007428
3 3 0.008126 0.001940 0.011318 0.972848 0.005769
3 3 0.011381 0.003960 0.021212 0.952877 0.010570
3 3 0.010090 0.003127 0.018342 0.960654 0.007788
3 3 0.008988 0.002458 0.014533 0.967337 0.006685
3 3 0.010190 0.003791 0.024389 0.952426 0.009204
3 3 0.007539 0.002309 0.017224 0.966722 0.006205
3 3 0.010149 0.003578 0.021947 0.955145 0.009181
3 3 0.008393 0.002210 0.013479 0.969696 0.006223
3 3 0.006453 0.002504 0.025275 0.959535 0.006232
3 3 0.009647 0.003584 0.024877 0.953625 0.008268
3 3 0.006945 0.001743 0.012058 0.973999 0.005256
3 3 0.006414 0.001578 0.011506 0.975606 0.004896
3 3 0.007794 0.001947 0.012172 0.972362 0.005724
3 3 0.006585 0.001667 0.012145 0.974532 0.005071
3 3 0.009748 0.002995 0.017975 0.961729 0.007553
3 3 0.006206 0.001455 0.010536 0.977146 0.004657
3 3 0.008047 0.001912 0.011212 0.973116 0.005713
3 3 0.008161 0.002202 0.013998 0.969471 0.006169
3 3 0.009028 0.002275 0.012630 0.969638 0.006429
3 3 0.007854 0.002400 0.017257 0.966095 0.006393
3 3 0.009226 0.002339 0.012803 0.969076 0.006556
3 3 0.007438 0.002119 0.015173 0.969353 0.005916
3 3 0.010752 0.003168 0.016964 0.961155 0.007961
3 3 0.007064 0.001988 0.014743 0.970552 0.005652
3 3 0.007446 0.001705 0.010397 0.975168 0.005283
3 3 0.005533 0.001308 0.010496 0.978377 0.004286
3 3 0.006636 0.001439 0.009298 0.977922 0.004705
3 3 0.008100 0.002246 0.014665 0.968765 0.006223
3 3 0.005457 0.001080 0.007690 0.981911 0.003864
3 3 0.006609 0.002286 0.020821 0.964304 0.005980
3 3 0.006392 0.001362 0.008965 0.978750 0.004530
3 3 0.006423 0.001372 0.009008 0.978645 0.004553
3 3 0.006095 0.001270 0.008561 0.979755 0.004319
3 3 0.006346 0.001348 0.008903 0.978906 0.004498
3 3 0.006217 0.001600 0.012384 0.974903 0.004895
3 3 0.008857 0.002202 0.012305 0.970343 0.006292
3 3 0.008521 0.003125 0.023899 0.956980 0.007475
3 3 0.007940 0.003349 0.030029 0.951069 0.007613
3 3 0.011762 0.004203 0.023934 0.950684 0.009416
3 3 0.009219 0.003987 0.032020 0.946137 0.008636
3 3 0.006111 0.002786 0.032999 0.951608 0.006496
3 3 0.009211 0.005544 0.055802 0.919236 0.010206
3 3 0.010280 0.008148 0.088777 0.880093 0.012702
3 3 0.008331 0.008971 0.139832 0.830322 0.012544
3 3 0.004228 0.006784 0.250517 0.730767 0.007704
2 3 0.046009 0.079192 0.443664 0.391832 0.039304
2 3 0.023503 0.114783 0.345538 0.229958 0.286218
2 2 0.023532 0.136909 0.347837 0.169368 0.322354
2 2 0.060223 0.279281 0.414251 0.119523 0.126722
2 2 0.032096 0.148757 0.396117 0.214305 0.208726
2 2 0.098324 0.218615 0.369668 0.231121 0.082272
4 2 0.043316 0.111163 0.207363 0.101154 0.537005
4 4 0.017626 0.108011 0.300762 0.147449 0.426152
4 4 0.021343 0.106850 0.326587 0.195698 0.349522
2 4 0.028310 0.140908 0.411488 0.207588 0.211706
4 4 0.067255 0.058461 0.117578 0.218398 0.538308
4 4 0.059183 0.020163 0.026471 0.007175 0.887008
4 4 0.115437 0.102294 0.042557 0.002169 0.737543
4 4 0.095760 0.078377 0.050827 0.006078 0.768957
4 4 0.038139 0.099798 0.054969 0.003568 0.803525
4 4 0.087303 0.034762 0.032445 0.005853 0.839636
4 4 0.061044 0.009588 0.017670 0.007701 0.903997
4 4 0.136943 0.025979 0.017573 0.001515 0.817990
4 4 0.150334 0.022238 0.022909 0.005295 0.799224
4 4 0.119445 0.054421 0.038913 0.005290 0.781931
4 4 0.122965 0.020624 0.024657 0.007207 0.824547
4 4 0.081479 0.021362 0.016932 0.001567 0.878659
4 4 0.062495 0.011919 0.020869 0.008998 0.895719
4 4 0.421977 0.050531 0.020332 0.001410 0.505751
4 4 0.053327 0.024089 0.027228 0.005386 0.889970
4 4 0.146117 0.007850 0.012247 0.004621 0.829165
4 4 0.131265 0.003673 0.006065 0.001758 0.857239
