0 0 0.933187 0.027855 0.003921 0.000022 0.035016
0 0 0.928632 0.029741 0.004406 0.000027 0.037195
0 0 0.913677 0.039620 0.006919 0.000051 0.039733
0 0 0.870578 0.079589 0.014306 0.000049 0.035478
0 0 0.820882 0.116565 0.020328 0.000054 0.042172
0 0 0.877807 0.070814 0.016151 0.000109 0.035118
0 0 0.937191 0.026191 0.003515 0.000017 0.033085
0 0 0.864884 0.055408 0.013569 0.000276 0.065864
0 0 0.898724 0.046082 0.009106 0.000091 0.045997
0 0 0.812468 0.119673 0.017893 0.000038 0.049927
1 0 0.351372 0.445199 0.085464 0.000234 0.117731
0 0 0.548770 0.293256 0.092518 0.000640 0.064816
0 0 0.563428 0.267549 0.116538 0.001468 0.051016
1 0 0.360245 0.445782 0.100617 0.000312 0.093044
1 1 0.228180 0.514991 0.137277 0.000735 0.118818
1 1 0.309521 0.461665 0.097088 0.000361 0.131365
1 1 0.141215 0.492759 0.264915 0.002087 0.099023
1 1 0.092003 0.540014 0.200247 0.001503 0.166234
1 1 0.095668 0.525319 0.216262 0.002382 0.160368
1 1 0.074737 0.602452 0.112807 0.000443 0.209560
4 1 0.054957 0.284847 0.044514 0.000044 0.615637
4 4 0.026663 0.339277 0.039602 0.000050 0.594409
4 4 0.018985 0.367748 0.070910 0.000130 0.542226
4 4 0.013060 0.403000 0.068514 0.000159 0.515267
1 4 0.016504 0.536162 0.118508 0.000495 0.328332
4 4 0.012982 0.352159 0.046058 0.000025 0.588776
4 4 0.007926 0.316417 0.094322 0.000161 0.581173
1 4 0.025270 0.506246 0.101456 0.000681 0.366347
4 4 0.013758 0.445848 0.087751 0.000275 0.452368
4 4 0.016487 0.386623 0.127732 0.000769 0.468388
4 4 0.020094 0.379811 0.080015 0.000307 0.519772
4 4 0.010297 0.289662 0.082006 0.000307 0.617729
4 4 0.016872 0.362146 0.104595 0.000310 0.516077
4 4 0.015405 0.318787 0.067359 0.000084 0.598365
4 4 0.020077 0.405100 0.131842 0.000553 0.442428
1 4 0.009759 0.426428 0.342651 0.005507 0.215655
1 4 0.019607 0.507343 0.153583 0.000795 0.318672
1 4 0.014095 0.524873 0.158004 0.000743 0.302284
4 4 0.038028 0.365829 0.105110 0.000374 0.490659
4 0 0.334984 0.263814 0.037518 0.000292 0.363393
2 0 0.010705 0.384666 0.571385 0.018914 0.014329
2 1 0.004466 0.295998 0.677721 0.009642 0.012172
2 1 0.005188 0.324280 0.643424 0.013639 0.013469
2 2 0.020570 0.309528 0.624744 0.036897 0.008260
2 2 0.005972 0.198223 0.774768 0.014158 0.006880
2 2 0.004506 0.225971 0.732012 0.030199 0.007313
2 2 0.002028 0.126690 0.831964 0.035983 0.003336
2 2 0.003012 0.094285 0.856801 0.042923 0.002979
2 2 0.000588 0.028592 0.917173 0.053001 0.000646
2 2 0.000265 0.018935 0.951298 0.028972 0.000530
2 2 0.000155 0.009972 0.910681 0.078978 0.000214
2 2 0.000218 0.013584 0.922567 0.063435 0.000196
2 2 0.000026 0.002358 0.950639 0.046916 0.000062
2 2 0.000154 0.008479 0.934565 0.056672 0.000130
2 2 0.000070 0.004292 0.887764 0.107815 0.000059
2 2 0.001368 0.077558 0.896751 0.022293 0.002031
2 2 0.013016 0.099950 0.734693 0.150794 0.001547
2 2 0.000215 0.011431 0.904865 0.083251 0.000237
2 2 0.000825 0.051507 0.897741 0.048656 0.001270
2 2 0.000039 0.003282 0.955009 0.041592 0.000078
2 2 0.000027 0.001792 0.795321 0.202832 0.000027
2 2 0.000005 0.000533 0.821792 0.177660 0.000010
2 2 0.000199 0.007910 0.771727 0.219996 0.000168
2 2 0.000032 0.001538 0.617774 0.380637 0.000019
3 2 0.000008 0.000405 0.396344 0.603237 0.000006
2 2 0.000033 0.001636 0.633826 0.364484 0.000020
3 2 0.000007 0.000330 0.292527 0.707132 0.000004
2 2 0.000008 0.000546 0.535841 0.463600 0.000005
3 2 0.000003 0.000141 0.255909 0.743945 0.000002
3 2 0.000011 0.000345 0.259494 0.740143 0.000007
3 2 0.000003 0.000129 0.259785 0.740081 0.000003
3 2 0.000004 0.000185 0.228900 0.770909 0.000002
3 3 0.000005 0.000159 0.157357 0.842476 0.000003
3 3 0.000004 0.000256 0.384814 0.614921 0.000004
3 3 0.000002 0.000066 0.099700 0.900230 0.000002
3 3 0.000002 0.000047 0.075951 0.923999 0.000001
3 3 0.000005 0.000155 0.177912 0.821926 0.000003
3 3 0.000002 0.000051 0.086667 0.913279 0.000002
3 3 0.000002 0.000085 0.194871 0.805040 0.000001
3 3 0.000002 0.000051 0.079040 0.920905 0.000002
3 3 0.000002 0.000036 0.044844 0.955114 0.000003
3 3 0.000002 0.000044 0.068274 0.931678 0.000002
3 3 0.000006 0.000118 0.084359 0.915508 0.000008
3 3 0.000001 0.000011 0.042579 0.957409 0.000001
3 3 0.000001 0.000018 0.028498 0.971481 0.000001
3 3 0.000002 0.000022 0.027173 0.972801 0.000002
3 3 0.000002 0.000047 0.064652 0.935296 0.000003
3 3 0.000013 0.000103 0.041110 0.958766 0.000008
3 3 0.000001 0.000019 0.034465 0.965513 0.000002
3 3 0.000001 0.000017 0.033508 0.966472 0.000002
3 3 0.000002 0.000019 0.026764 0.973213 0.000003
3 3 0.000003 0.000034 0.037062 0.962898 0.000003
3 3 0.000001 0.000019 0.034257 0.965721 0.000001
3 3 0.000003 0.000022 0.025226 0.974747 0.000003
3 3 0.000003 0.000040 0.042686 0.957268 0.000003
3 3 0.000001 0.000013 0.034210 0.965776 0.000001
3 3 0.000006 0.000048 0.032900 0.967042 0.000005
3 3 0.000001 0.000007 0.017259 0.982732 0.000002
3 3 0.000001 0.000010 0.017401 0.982587 0.000001
3 3 0.000003 0.000030 0.031874 0.968090 0.000003
3 3 0.000001 0.000016 0.038572 0.961409 0.000002
3 3 0.000001 0.000008 0.012630 0.987358 0.000003
3 3 0.000002 0.000016 0.026867 0.973112 0.000003
3 3 0.000002 0.000015 0.016345 0.983635 0.000003
3 3 0.000001 0.000005 0.006965 0.993028 0.000002
3 3 0.000003 0.000012 0.009613 0.990368 0.000005
3 3 0.000003 0.000022 0.021786 0.978185 0.000004
3 3 0.000001 0.000009 0.012557 0.987431 0.000002
3 3 0.000001 0.000005 0.010169 0.989824 0.000001
3 3 0.000001 0.000004 0.005272 0.994721 0.000001
3 3 0.000001 0.000009 0.019315 0.980674 0.000001
3 3 0.000001 0.000010 0.010837 0.989149 0.000003
3 3 0.000002 0.000014 0.014597 0.985385 0.000003
3 3 0.000001 0.000007 0.012337 0.987653 0.000002
3 3 0.000002 0.000017 0.023927 0.976050 0.000004
3 3 0.000001 0.000003 0.005577 0.994418 0.000001
3 3 0.000001 0.000014 0.019630 0.980352 0.000002
3 3 0.000003 0.000014 0.010940 0.989039 0.000004
3 3 0.000001 0.000007 0.015156 0.984835 0.000001
3 3 0.000001 0.000009 0.011767 0.988222 0.000002
3 3 0.000009 0.000059 0.029935 0.969991 0.000006
3 3 0.000002 0.000009 0.007742 0.992243 0.000003
3 3 0.000015 0.000052 0.016151 0.983771 0.000011
3 3 0.000003 0.000030 0.032824 0.967140 0.000003
3 3 0.000004 0.000013 0.009087 0.990892 0.000004
3 3 0.000005 0.000018 0.010950 0.989023 0.000004
3 3 0.000006 0.000053 0.037518 0.962417 0.000006
3 3 0.000002 0.000021 0.030330 0.969646 0.000002
3 3 0.000028 0.000056 0.009960 0.989940 0.000017
3 3 0.000007 0.000096 0.071902 0.927989 0.000006
3 3 0.000191 0.000664 0.073431 0.925554 0.000159
3 0 0.000814 0.000990 0.038620 0.958957 0.000619
3 0 0.037685 0.026001 0.196744 0.722930 0.016639
3 1 0.000768 0.003158 0.183412 0.812123 0.000538
3 1 0.001051 0.001153 0.037145 0.959938 0.000713
3 1 0.000237 0.000833 0.105316 0.893259 0.000356
3 1 0.000403 0.000479 0.024066 0.974775 0.000277
3 0 0.002891 0.002917 0.058392 0.933863 0.001938
3 0 0.001214 0.001316 0.039636 0.957011 0.000822
3 0 0.002055 0.002133 0.050175 0.944254 0.001383
3 0 0.013120 0.009495 0.115914 0.854743 0.006727
3 0 0.003135 0.003141 0.060520 0.931105 0.002099
3 0 0.022259 0.015559 0.145195 0.805718 0.011270
3 0 0.002937 0.006522 0.179634 0.808508 0.002400
3 0 0.005638 0.005013 0.079185 0.906725 0.003439
3 0 0.002602 0.002648 0.055730 0.937274 0.001746
3 0 0.003119 0.003019 0.060744 0.931117 0.002001
2 2 0.002146 0.018117 0.711215 0.266916 0.001606
3 2 0.013946 0.017279 0.315583 0.645354 0.007838
2 2 0.049969 0.065467 0.488929 0.386427 0.009208
2 2 0.079786 0.094248 0.512764 0.298663 0.014540
2 0 0.187491 0.126762 0.423532 0.223311 0.038904
3 0 0.018999 0.020733 0.236990 0.716088 0.007190
3 0 0.036328 0.034478 0.297472 0.614039 0.017682
2 0 0.033066 0.045890 0.486581 0.413607 0.020857
2 0 0.004215 0.030448 0.842621 0.118445 0.004271
2 0 0.017337 0.041877 0.770381 0.155837 0.014568
0 0 0.461851 0.114799 0.214583 0.104082 0.104685
0 0 0.430687 0.110953 0.231236 0.127524 0.099600
0 0 0.681990 0.099788 0.103362 0.017132 0.097728
2 0 0.100562 0.257052 0.579397 0.051369 0.011619
2 1 0.019886 0.192446 0.666392 0.114351 0.006925
2 1 0.019992 0.289284 0.627807 0.053178 0.009738
2 2 0.004919 0.062276 0.797181 0.134413 0.001211
2 2 0.001084 0.022709 0.881074 0.094556 0.000577
2 2 0.003068 0.044689 0.833362 0.117694 0.001187
2 2 0.021708 0.195675 0.691000 0.087145 0.004472
2 2 0.133964 0.249016 0.542543 0.057938 0.016539
2 2 0.029876 0.292762 0.606723 0.059026 0.011614
2 2 0.023891 0.363816 0.557926 0.037691 0.016676
2 2 0.018448 0.240184 0.658054 0.075256 0.008058
2 2 0.007675 0.073295 0.767654 0.149217 0.002160
2 2 0.000513 0.014033 0.879779 0.105290 0.000385
2 2 0.036453 0.278161 0.613210 0.063115 0.009061
2 2 0.069289 0.284555 0.598144 0.039713 0.008299
2 2 0.078652 0.156730 0.617982 0.128559 0.018078
2 2 0.091087 0.390218 0.485583 0.016700 0.016412
2 2 0.073117 0.332531 0.538039 0.040262 0.016051
2 2 0.021560 0.396375 0.526631 0.032688 0.022746
2 2 0.024026 0.366401 0.554556 0.037652 0.017364
2 2 0.032189 0.258636 0.645171 0.057304 0.006699
2 2 0.003020 0.038976 0.901532 0.054493 0.001978
2 2 0.001649 0.025818 0.927181 0.044099 0.001254
2 2 0.016450 0.089069 0.842336 0.047253 0.004892
0 0 0.414685 0.210224 0.302516 0.028281 0.044295
0 0 0.360954 0.239183 0.331672 0.028264 0.039928
2 0 0.087831 0.398994 0.475530 0.017786 0.019859
2 0 0.046623 0.201758 0.660178 0.085282 0.006159
2 1 0.002845 0.031551 0.845927 0.118047 0.001631
2 1 0.108270 0.351644 0.510496 0.018390 0.011200
0 1 0.505480 0.222568 0.228623 0.008428 0.034901
2 0 0.252125 0.353017 0.365670 0.009975 0.019213
2 0 0.157611 0.280566 0.486080 0.049794 0.025949
0 0 0.417027 0.363775 0.192331 0.001353 0.025514
0 0 0.364992 0.321756 0.274735 0.008293 0.030224
2 1 0.032659 0.332735 0.593332 0.032117 0.009157
2 1 0.040737 0.346211 0.572159 0.029880 0.011013
2 2 0.059809 0.410956 0.497963 0.015268 0.016004
2 2 0.144758 0.350545 0.473172 0.017709 0.013816
0 0 0.333056 0.297988 0.332507 0.011436 0.025013
0 0 0.811478 0.116285 0.035754 0.000309 0.036174
0 1 0.783655 0.126493 0.044144 0.000602 0.045106
0 1 0.642029 0.196504 0.113004 0.002748 0.045715
0 1 0.813182 0.115842 0.035286 0.000292 0.035399
0 0 0.842140 0.063533 0.021303 0.000672 0.072351
0 0 0.895797 0.043140 0.008590 0.000107 0.052365
0 0 0.908371 0.038051 0.006848 0.000067 0.046662
0 0 0.621515 0.146064 0.132897 0.014851 0.084672
0 0 0.755750 0.145609 0.053105 0.000694 0.044841
0 1 0.395923 0.333938 0.210770 0.005553 0.053817
1 1 0.183130 0.494979 0.263685 0.003346 0.054860
1 1 0.262004 0.425930 0.258495 0.004506 0.049066
0 0 0.641308 0.114053 0.109440 0.021228 0.113971
0 0 0.605004 0.253457 0.096889 0.000799 0.043851
0 0 0.396247 0.349486 0.219497 0.003074 0.031696
0 0 0.706828 0.180746 0.075585 0.000868 0.035972
0 0 0.801338 0.106192 0.035687 0.000672 0.056111
0 1 0.908028 0.038191 0.006893 0.000068 0.046819
0 1 0.886005 0.047065 0.010062 0.000149 0.056719
0 1 0.767672 0.089902 0.040169 0.002623 0.099634
0 1 0.917729 0.034229 0.005663 0.000046 0.042333
0 1 0.932214 0.028258 0.004022 0.000023 0.035483
0 0 0.944806 0.023017 0.002796 0.000011 0.029369
0 0 0.944996 0.022938 0.002779 0.000011 0.029276
0 0 0.892555 0.044444 0.009067 0.000120 0.053815
0 0 0.945987 0.022524 0.002691 0.000010 0.028788
0 0 0.971085 0.011971 0.000887 0.000001 0.016056
0 0 0.948940 0.021288 0.002436 0.000008 0.027328
0 0 0.924223 0.031560 0.004898 0.000034 0.039285
0 0 0.926374 0.036495 0.005687 0.000027 0.031417
0 0 0.873638 0.051707 0.014202 0.000290 0.060163
0 0 0.936059 0.026662 0.003628 0.000018 0.033632
0 0 0.939558 0.025207 0.003284 0.000015 0.031936
0 0 0.913329 0.036030 0.006208 0.000055 0.044377
0 0 0.970247 0.012324 0.000934 0.000001 0.016494
0 0 0.950890 0.020471 0.002274 0.000007 0.026358
0 0 0.949449 0.021075 0.002393 0.000008 0.027075
0 0 0.918596 0.033874 0.005558 0.000044 0.041928
0 0 0.937760 0.025955 0.003459 0.000017 0.032809
0 0 0.911281 0.036866 0.006469 0.000060 0.045324
0 0 0.940295 0.024900 0.003214 0.000014 0.031577
0 0 0.896957 0.042673 0.008422 0.000103 0.051844
0 0 0.937923 0.025887 0.003443 0.000017 0.032730
0 0 0.898176 0.042182 0.008248 0.000099 0.051296
0 0 0.868106 0.054146 0.013005 0.000253 0.064490
0 0 0.868438 0.054016 0.012948 0.000251 0.064348
0 0 0.949036 0.021248 0.002428 0.000008 0.027280
0 0 0.910566 0.037157 0.006561 0.000062 0.045653
0 0 0.898481 0.042059 0.008204 0.000098 0.051158
0 0 0.860909 0.059914 0.015133 0.000296 0.063748
0 0 0.841180 0.086464 0.024336 0.000310 0.047710
0 0 0.869075 0.053766 0.012838 0.000246 0.064075
0 0 0.908439 0.038024 0.006839 0.000067 0.046631
0 0 0.920244 0.033197 0.005361 0.000041 0.041157
0 0 0.965335 0.014396 0.001225 0.000002 0.019041
0 0 0.957318 0.017772 0.001773 0.000004 0.023132
0 0 0.955660 0.018469 0.001897 0.000005 0.023969
0 0 0.958064 0.017458 0.001718 0.000004 0.022755
0 0 0.959569 0.022996 0.002296 0.000003 0.015137
0 0 0.932387 0.035282 0.005171 0.000019 0.027141
0 0 0.959005 0.021398 0.001816 0.000002 0.017779
0 0 0.960277 0.016527 0.001561 0.000003 0.021632
0 0 0.923208 0.031978 0.005014 0.000036 0.039764
0 0 0.955862 0.018384 0.001882 0.000005 0.023867
0 0 0.956901 0.017807 0.001739 0.000004 0.023550
0 0 0.923248 0.031962 0.005010 0.000036 0.039745
0 0 0.913105 0.036121 0.006236 0.000056 0.044481
0 0 0.938583 0.025613 0.003378 0.000016 0.032410
0 0 0.929330 0.029452 0.004330 0.000026 0.036862
0 0 0.944395 0.023189 0.002833 0.000011 0.029571
0 0 0.883662 0.047999 0.010429 0.000160 0.057750
0 0 0.921762 0.032706 0.005208 0.000038 0.040287
0 0 0.934165 0.030948 0.004399 0.000019 0.030469
0 0 0.777903 0.091339 0.044359 0.002414 0.083985
0 1 0.637294 0.230332 0.038976 0.000115 0.093282
1 1 0.297098 0.448694 0.149893 0.001328 0.102987
0 1 0.590063 0.276443 0.043980 0.000090 0.089424
0 0 0.924297 0.036845 0.005644 0.000027 0.033187
0 0 0.930598 0.028623 0.003977 0.000022 0.036781
0 0 0.909535 0.033152 0.003673 0.000015 0.053625
4 0 0.157259 0.051357 0.001354 0.000000 0.790029
4 0 0.202203 0.072705 0.004079 0.000002 0.721010
4 0 0.184006 0.071761 0.003871 0.000002 0.740360
4 0 0.172496 0.053835 0.001193 0.000000 0.772475
4 4 0.010303 0.052937 0.010607 0.000025 0.926128
4 4 0.014551 0.064662 0.008922 0.000076 0.911790
4 4 0.012526 0.048961 0.005535 0.000015 0.932964
4 4 0.015439 0.053078 0.005972 0.000019 0.925492
4 4 0.013162 0.057631 0.009316 0.000042 0.919848
4 4 0.023552 0.063115 0.006567 0.000039 0.906727
4 4 0.032698 0.161675 0.030273 0.000567 0.774787
4 4 0.012797 0.089326 0.032604 0.000195 0.865078
4 4 0.011035 0.062020 0.015085 0.000085 0.911775
4 4 0.024277 0.055124 0.004028 0.000015 0.916556
4 4 0.029539 0.154411 0.023949 0.000528 0.791573
4 4 0.015828 0.061203 0.010656 0.000041 0.912272
4 4 0.027510 0.121356 0.018899 0.000263 0.831973
4 4 0.013474 0.087639 0.026860 0.000153 0.871875
4 4 0.034438 0.215097 0.040854 0.000602 0.709009
4 4 0.016123 0.084092 0.017189 0.000105 0.882490
1 4 0.040940 0.549459 0.318321 0.007736 0.083545
1 4 0.032915 0.557586 0.310999 0.007568 0.090932
1 4 0.027923 0.548641 0.355969 0.008043 0.059425
1 4 0.018014 0.465742 0.461816 0.011114 0.043315
1 4 0.050405 0.511391 0.362674 0.011359 0.064171
1 4 0.021366 0.459357 0.448112 0.024848 0.046317
1 4 0.024181 0.553346 0.355234 0.006665 0.060573
2 4 0.022965 0.431267 0.490169 0.025754 0.029845
2 4 0.017066 0.356854 0.563883 0.026467 0.035729
2 4 0.014983 0.378404 0.544099 0.023022 0.039492
2 4 0.069325 0.373921 0.502025 0.020934 0.033795
0 0 0.495264 0.223968 0.216740 0.013223 0.050806
0 0 0.557998 0.212428 0.107216 0.001144 0.121214
0 1 0.505472 0.256191 0.127774 0.002683 0.107881
1 1 0.028832 0.491676 0.433074 0.012350 0.034068
1 1 0.046274 0.540692 0.361616 0.006379 0.045038
2 1 0.135854 0.330969 0.463549 0.009408 0.060220
2 1 0.276816 0.310912 0.370237 0.005920 0.036115
0 0 0.409493 0.295711 0.243165 0.010212 0.041419
1 0 0.089772 0.526570 0.328236 0.005393 0.050029
2 1 0.289413 0.231908 0.407882 0.039667 0.031130
2 1 0.076094 0.248139 0.607988 0.058078 0.009699
2 1 0.013328 0.329610 0.626897 0.012432 0.017732
2 1 0.055515 0.285420 0.605814 0.038572 0.014678
2 1 0.290814 0.310513 0.349391 0.018573 0.030710
1 1 0.239602 0.388145 0.334718 0.008439 0.029096
2 4 0.235204 0.341134 0.386058 0.014810 0.022793
2 4 0.013595 0.270018 0.677299 0.025601 0.013488
2 4 0.013539 0.303307 0.642812 0.024474 0.015868
2 4 0.004784 0.128918 0.808177 0.053215 0.004906
2 4 0.007037 0.185656 0.779477 0.018667 0.009164
2 4 0.005396 0.140813 0.825019 0.021814 0.006959
2 4 0.009001 0.146978 0.803133 0.034748 0.006141
2 2 0.007372 0.191232 0.774675 0.016539 0.010182
2 2 0.004019 0.118834 0.851634 0.017226 0.008287
2 2 0.004981 0.076613 0.891565 0.024028 0.002813
2 2 0.002298 0.076667 0.894747 0.022789 0.003499
2 2 0.001216 0.033904 0.930636 0.033301 0.000943
2 2 0.002392 0.070570 0.906436 0.016875 0.003727
2 2 0.002194 0.073662 0.902587 0.018504 0.003054
2 2 0.000394 0.013837 0.911597 0.073858 0.000313
2 2 0.000205 0.010745 0.927327 0.061445 0.000278
2 2 0.000162 0.008942 0.934837 0.055858 0.000201
2 2 0.000314 0.013563 0.905938 0.079800 0.000386
2 2 0.000665 0.017678 0.874392 0.106901 0.000364
2 2 0.000326 0.014942 0.897370 0.086918 0.000446
2 2 0.000954 0.031971 0.860285 0.105862 0.000927
2 2 0.000395 0.012463 0.878288 0.108602 0.000252
2 2 0.027193 0.117118 0.676537 0.175296 0.003855
2 2 0.000529 0.016294 0.841597 0.141001 0.000579
2 2 0.001001 0.025927 0.874635 0.096977 0.001460
2 2 0.001193 0.023570 0.849794 0.124820 0.000622
2 2 0.000278 0.010495 0.881720 0.107316 0.000192
2 2 0.001687 0.024671 0.766286 0.206573 0.000784
2 2 0.002458 0.047143 0.845412 0.102748 0.002238
2 2 0.000886 0.012863 0.704343 0.281356 0.000552
2 2 0.005531 0.020035 0.500300 0.466469 0.007665
2 2 0.007935 0.045470 0.770741 0.164139 0.011714
2 2 0.000375 0.008707 0.734167 0.256557 0.000194
2 2 0.001375 0.017650 0.707394 0.272854 0.000726
2 2 0.000401 0.006120 0.626008 0.367094 0.000376
3 2 0.010938 0.013050 0.169146 0.797380 0.009486
3 2 0.008321 0.015342 0.253499 0.719883 0.002956
3 2 0.000677 0.003850 0.226792 0.768350 0.000331
3 2 0.052661 0.059425 0.428083 0.446737 0.013094
2 2 0.148892 0.135881 0.515096 0.177301 0.022831
2 2 0.022481 0.064126 0.490745 0.417368 0.005280
2 2 0.013321 0.071403 0.634704 0.278458 0.002114
2 2 0.002660 0.028733 0.703594 0.264265 0.000749
2 2 0.002592 0.028491 0.664848 0.303364 0.000705
2 2 0.003923 0.034370 0.729931 0.230712 0.001063
2 2 0.015186 0.096670 0.675870 0.209911 0.002364
2 2 0.036867 0.109369 0.713699 0.133888 0.006177
2 2 0.032323 0.132417 0.651524 0.178468 0.005268
2 2 0.010340 0.079201 0.664044 0.244744 0.001671
2 2 0.002211 0.026497 0.761599 0.208820 0.000874
2 2 0.029411 0.086211 0.668062 0.206139 0.010177
2 0 0.217050 0.108806 0.378384 0.248768 0.046991
2 0 0.226296 0.198826 0.457527 0.085180 0.032171
2 0 0.092382 0.122214 0.606878 0.167438 0.011088
2 0 0.024316 0.312157 0.593856 0.049565 0.020105
2 1 0.004733 0.191664 0.720131 0.076966 0.006506
2 1 0.001639 0.045019 0.799866 0.152543 0.000932
2 2 0.000197 0.008709 0.861761 0.129191 0.000143
2 2 0.000134 0.006683 0.873658 0.119406 0.000119
2 2 0.000054 0.003158 0.854412 0.142323 0.000052
2 2 0.000110 0.010141 0.930798 0.058670 0.000281
2 2 0.000099 0.006578 0.817502 0.175731 0.000089
2 2 0.000022 0.002217 0.867323 0.130417 0.000021
2 2 0.000275 0.013193 0.870405 0.115860 0.000267
2 2 0.000344 0.010333 0.794305 0.194885 0.000133
2 2 0.000104 0.005833 0.873635 0.120364 0.000064
2 2 0.000090 0.005261 0.901949 0.092626 0.000074
2 2 0.000871 0.031166 0.863210 0.104153 0.000600
2 2 0.000117 0.005015 0.780200 0.214614 0.000054
2 2 0.000229 0.007624 0.776642 0.215409 0.000096
2 2 0.000331 0.010739 0.675519 0.313269 0.000143
2 2 0.000068 0.003015 0.721274 0.275603 0.000040
2 2 0.000100 0.004888 0.763329 0.231615 0.000068
2 2 0.000253 0.008328 0.681264 0.310003 0.000152
2 2 0.000044 0.001804 0.588787 0.409339 0.000025
3 3 0.000284 0.004306 0.486968 0.508272 0.000169
2 3 0.000088 0.003109 0.646467 0.350289 0.000046
3 3 0.000009 0.000406 0.339014 0.660566 0.000005
2 3 0.000139 0.004868 0.738459 0.256460 0.000074
2 2 0.000235 0.011050 0.824507 0.164047 0.000161
3 2 0.000028 0.001089 0.461061 0.537808 0.000014
3 2 0.000031 0.001273 0.488626 0.510056 0.000015
2 2 0.000155 0.004536 0.636250 0.358996 0.000063
2 2 0.000039 0.002066 0.729075 0.268792 0.000028
3 2 0.000029 0.001131 0.443209 0.555618 0.000012
2 2 0.000195 0.005830 0.564706 0.429198 0.000072
2 2 0.000029 0.001368 0.582930 0.415655 0.000018
3 2 0.000095 0.002214 0.389913 0.607748 0.000029
2 2 0.000094 0.002793 0.507622 0.489460 0.000031
3 2 0.000048 0.001289 0.363595 0.635048 0.000020
3 2 0.000064 0.001534 0.356057 0.642323 0.000023
2 2 0.007669 0.037373 0.559016 0.394808 0.001134
3 2 0.001001 0.007966 0.330879 0.659897 0.000258
2 2 0.000192 0.004284 0.510341 0.485122 0.000061
2 2 0.000311 0.007113 0.639840 0.352624 0.000112
2 2 0.004242 0.050798 0.603851 0.339730 0.001379
2 2 0.000670 0.009921 0.538169 0.451060 0.000180
2 2 0.001196 0.018313 0.643314 0.336914 0.000262
2 2 0.001511 0.022943 0.647140 0.328089 0.000317
2 2 0.000039 0.001664 0.594093 0.404180 0.000024
2 2 0.000134 0.004748 0.723728 0.271326 0.000065
2 2 0.000768 0.016561 0.738137 0.244258 0.000277
2 2 0.000137 0.005042 0.726485 0.268280 0.000057
2 2 0.000513 0.012346 0.716148 0.270761 0.000232
2 2 0.000586 0.013490 0.588045 0.397618 0.000261
2 2 0.000423 0.009679 0.642561 0.347197 0.000140
3 2 0.000141 0.003313 0.458613 0.537893 0.000040
2 2 0.000129 0.003352 0.523931 0.472540 0.000047
2 2 0.000078 0.002717 0.520252 0.476920 0.000034
3 2 0.000232 0.004588 0.485694 0.509414 0.000072
3 2 0.000252 0.004666 0.440198 0.554821 0.000063
3 2 0.000844 0.008188 0.444883 0.545724 0.000361
3 2 0.000082 0.001498 0.334664 0.663711 0.000045
3 2 0.000062 0.001675 0.480585 0.517635 0.000042
3 2 0.036307 0.053833 0.416404 0.484654 0.008801
2 0 0.020651 0.065279 0.504228 0.401828 0.008014
3 0 0.001745 0.009183 0.316036 0.672291 0.000746
3 0 0.002517 0.013063 0.437562 0.544976 0.001882
2 0 0.000755 0.008507 0.602449 0.387593 0.000696
2 4 0.109728 0.150016 0.498591 0.217417 0.024247
2 4 0.175940 0.147909 0.444003 0.195255 0.036894
3 4 0.194674 0.071161 0.283656 0.392011 0.058498
3 1 0.119679 0.127205 0.348803 0.353679 0.050633
2 1 0.051789 0.287935 0.549992 0.084994 0.025290
2 4 0.025335 0.284065 0.586303 0.083080 0.021217
2 4 0.029641 0.295332 0.555801 0.089081 0.030145
2 4 0.021919 0.208948 0.627852 0.128378 0.012902
2 4 0.014411 0.100176 0.648251 0.233876 0.003285
2 4 0.004313 0.041890 0.716169 0.236161 0.001468
2 4 0.002528 0.030988 0.785800 0.179372 0.001312
2 4 0.046076 0.312948 0.560482 0.061713 0.018781
0 4 0.419997 0.191834 0.259185 0.051936 0.077049
2 0 0.197783 0.135577 0.394788 0.224049 0.047803
2 0 0.128257 0.365161 0.396291 0.042932 0.067360
2 0 0.026749 0.404230 0.452299 0.047951 0.068771
2 4 0.016679 0.269726 0.617895 0.078888 0.016811
2 4 0.018683 0.276364 0.599545 0.084154 0.021255
2 4 0.014676 0.270804 0.613439 0.078420 0.022661
2 4 0.001476 0.033221 0.839338 0.123756 0.002209
2 4 0.009239 0.141753 0.705276 0.135746 0.007986
2 2 0.002327 0.091793 0.825173 0.073848 0.006859
2 2 0.009501 0.215001 0.691374 0.055756 0.028369
2 2 0.006671 0.098537 0.778237 0.111242 0.005314
2 2 0.003372 0.055035 0.811547 0.126868 0.003178
2 2 0.015994 0.104435 0.769014 0.103744 0.006813
2 2 0.054517 0.229983 0.574398 0.123814 0.017288
2 0 0.271671 0.174080 0.387106 0.116560 0.050582
2 0 0.034682 0.402962 0.470245 0.044985 0.047126
2 1 0.042586 0.373239 0.473140 0.059917 0.051117
2 1 0.042594 0.260309 0.521778 0.053694 0.121624
2 1 0.036694 0.060464 0.463739 0.414138 0.024965
2 0 0.049238 0.160061 0.454932 0.271900 0.063869
2 0 0.003566 0.031526 0.810064 0.152178 0.002666
2 2 0.009434 0.092270 0.738811 0.152331 0.007154
2 2 0.041593 0.124261 0.702438 0.123155 0.008553
2 2 0.124302 0.188206 0.569678 0.095813 0.022000
1 2 0.276366 0.347933 0.334986 0.011982 0.028732
2 2 0.055690 0.179931 0.631229 0.124497 0.008653
2 2 0.004058 0.034074 0.861394 0.097186 0.003287
2 2 0.005277 0.038679 0.847925 0.104012 0.004107
2 2 0.071412 0.176112 0.663712 0.076821 0.011943
0 2 0.769964 0.087150 0.045548 0.003250 0.094088
0 2 0.413077 0.236703 0.280787 0.022434 0.046999
0 0 0.756186 0.089427 0.055469 0.004777 0.094140
0 0 0.749253 0.091558 0.057695 0.005221 0.096274
0 0 0.730102 0.100623 0.055525 0.005165 0.108585
0 0 0.716047 0.101907 0.067512 0.007551 0.106983
0 0 0.761279 0.085867 0.058838 0.005208 0.088808
0 0 0.383870 0.110777 0.245149 0.161238 0.098966
0 0 0.596450 0.108221 0.162932 0.040623 0.091774
0 0 0.674140 0.107732 0.094323 0.015063 0.108743
0 0 0.384686 0.249640 0.281816 0.028596 0.055263
2 1 0.152093 0.383834 0.405268 0.022145 0.036660
1 1 0.144720 0.480430 0.308120 0.006981 0.059749
4 4 0.006049 0.063013 0.019283 0.000469 0.911186
4 4 0.007481 0.071580 0.028321 0.000662 0.891956
4 4 0.005798 0.070450 0.037610 0.000799 0.885344
4 4 0.010871 0.065423 0.013572 0.000206 0.909927
4 4 0.005877 0.064441 0.025732 0.000435 0.903514
4 4 0.004185 0.051323 0.021331 0.000098 0.923063
4 4 0.003075 0.051480 0.025092 0.000212 0.920141
4 4 0.006049 0.070335 0.037364 0.000690 0.885563
4 4 0.011470 0.086727 0.043372 0.001069 0.857362
4 4 0.008992 0.063711 0.016912 0.000189 0.910196
4 4 0.009083 0.062285 0.017291 0.000133 0.911208
4 4 0.003730 0.067572 0.049876 0.001297 0.877526
4 4 0.008731 0.059066 0.012276 0.000134 0.919793
4 4 0.003538 0.060625 0.040727 0.000514 0.894596
4 4 0.004224 0.064515 0.039161 0.000678 0.891421
4 4 0.010784 0.068236 0.019329 0.000205 0.901446
4 4 0.006185 0.056284 0.016410 0.000136 0.920985
4 4 0.008025 0.058029 0.012756 0.000131 0.921058
4 4 0.005837 0.054828 0.016554 0.000116 0.922665
4 4 0.007684 0.064171 0.017727 0.000315 0.910102
4 4 0.010354 0.142053 0.085419 0.007297 0.754877
4 4 0.008410 0.081514 0.034695 0.001777 0.873603
4 4 0.007778 0.199564 0.141117 0.006003 0.645539
4 4 0.006476 0.081643 0.056000 0.002140 0.853741
4 4 0.010467 0.095731 0.041475 0.004405 0.847922
4 4 0.009573 0.076464 0.032463 0.000572 0.880928
4 4 0.007938 0.071803 0.037925 0.000370 0.881964
4 4 0.010563 0.097160 0.063746 0.003660 0.824872
4 4 0.008863 0.100471 0.084699 0.007285 0.798682
4 4 0.013288 0.132258 0.082112 0.010049 0.762292
4 4 0.005970 0.064117 0.029514 0.000315 0.900083
4 4 0.014978 0.089987 0.030968 0.001213 0.862853
4 4 0.009492 0.080819 0.044410 0.000759 0.864519
4 4 0.007067 0.114688 0.090225 0.001827 0.786193
4 4 0.006875 0.072491 0.039264 0.000627 0.880743
4 4 0.006829 0.112876 0.119073 0.006392 0.754831
4 4 0.013399 0.228791 0.186887 0.012663 0.558260
4 4 0.012943 0.239673 0.174806 0.011973 0.560605
4 4 0.009484 0.272547 0.208637 0.009594 0.499738
4 4 0.013346 0.292072 0.251290 0.013786 0.429506
1 4 0.225736 0.380178 0.299179 0.017366 0.077541
1 4 0.024354 0.461302 0.409946 0.030033 0.074365
1 2 0.048826 0.403651 0.394288 0.054029 0.099206
1 2 0.026204 0.469324 0.348083 0.029061 0.127327
1 2 0.028655 0.447464 0.412648 0.034730 0.076503
2 2 0.017882 0.231176 0.496843 0.023707 0.230393
2 2 0.051370 0.222627 0.373840 0.009788 0.342375
2 2 0.052351 0.376591 0.423429 0.065953 0.081676
1 2 0.029874 0.439158 0.414242 0.035970 0.080755
1 2 0.027679 0.451378 0.409724 0.033544 0.077675
1 2 0.029575 0.435922 0.419112 0.035855 0.079537
1 2 0.028334 0.442521 0.426707 0.035160 0.067278
2 2 0.024717 0.400556 0.463643 0.047792 0.063292
2 2 0.025098 0.393754 0.488462 0.041603 0.051083
2 2 0.039670 0.354847 0.488446 0.067996 0.049040
2 2 0.027744 0.256904 0.561057 0.105534 0.048761
2 2 0.044742 0.393949 0.435867 0.055372 0.070070
2 2 0.027232 0.359745 0.500484 0.050005 0.062535
2 3 0.049719 0.216775 0.520399 0.173805 0.039303
2 3 0.052724 0.363675 0.453097 0.053476 0.077028
2 3 0.025388 0.201854 0.710406 0.055713 0.006639
2 2 0.017418 0.401912 0.533893 0.027575 0.019202
2 2 0.008237 0.212969 0.728637 0.040011 0.010146
2 2 0.002601 0.107423 0.836922 0.049945 0.003109
2 2 0.003770 0.107247 0.815322 0.068876 0.004784
2 2 0.025223 0.132501 0.657828 0.178771 0.005676
2 2 0.007440 0.235087 0.706760 0.014268 0.036444
2 2 0.006091 0.165522 0.777253 0.041147 0.009987
2 2 0.004215 0.214360 0.729561 0.036280 0.015584
2 2 0.002531 0.107106 0.826371 0.057023 0.006968
2 2 0.000142 0.010557 0.969700 0.018316 0.001284
2 2 0.000215 0.012032 0.963650 0.023235 0.000869
2 2 0.000606 0.023013 0.928579 0.045943 0.001859
2 2 0.000181 0.008931 0.958181 0.031759 0.000949
2 2 0.000273 0.012563 0.946816 0.039666 0.000681
2 2 0.000275 0.011348 0.962974 0.024630 0.000772
2 2 0.000220 0.015738 0.935464 0.047545 0.001032
2 2 0.000294 0.018674 0.908819 0.071352 0.000861
2 2 0.000715 0.030048 0.912257 0.055439 0.001540
2 2 0.000311 0.020777 0.930499 0.047285 0.001129
2 2 0.000018 0.001102 0.680699 0.318146 0.000034
2 2 0.000034 0.001332 0.652274 0.346307 0.000052
3 2 0.000068 0.002060 0.462445 0.535330 0.000097
2 2 0.000034 0.001420 0.664829 0.333666 0.000051
2 2 0.000018 0.000863 0.623571 0.375519 0.000029
2 2 0.000003 0.000218 0.521524 0.478250 0.000005
3 2 0.000011 0.000488 0.488472 0.511012 0.000017
3 2 0.000026 0.001284 0.429783 0.568868 0.000039
2 2 0.000085 0.001952 0.523718 0.474155 0.000089
3 2 0.000013 0.000251 0.179929 0.819791 0.000015
3 2 0.000006 0.000215 0.248921 0.750848 0.000010
3 2 0.000007 0.000269 0.306343 0.693374 0.000008
3 2 0.000037 0.000570 0.205134 0.794188 0.000071
3 3 0.000020 0.000253 0.110258 0.889448 0.000021
3 3 0.000006 0.000057 0.051497 0.948431 0.000009
3 3 0.000022 0.000228 0.098081 0.901644 0.000025
3 3 0.000003 0.000044 0.074593 0.925355 0.000005
3 3 0.000002 0.000030 0.061114 0.938853 0.000002
3 3 0.000013 0.000209 0.160300 0.839455 0.000022
3 3 0.000004 0.000062 0.085195 0.914732 0.000006
3 3 0.000003 0.000019 0.022214 0.977758 0.000006
3 3 0.000004 0.000034 0.033269 0.966687 0.000006
3 3 0.000009 0.000066 0.048896 0.951014 0.000016
3 3 0.000003 0.000038 0.060276 0.939680 0.000005
3 3 0.000020 0.000245 0.083440 0.916276 0.000019
3 3 0.000004 0.000086 0.119991 0.879912 0.000007
3 3 0.000011 0.000122 0.075058 0.924799 0.000010
3 3 0.000008 0.000069 0.039020 0.960895 0.000009
3 3 0.000016 0.000173 0.068776 0.931020 0.000016
3 3 0.000003 0.000024 0.028698 0.971271 0.000004
3 3 0.000001 0.000017 0.027169 0.972810 0.000003
3 3 0.000022 0.000162 0.059813 0.939980 0.000023
3 3 0.000005 0.000061 0.063518 0.936411 0.000006
3 3 0.000006 0.000045 0.029746 0.970194 0.000009
3 3 0.000006 0.000068 0.042282 0.957631 0.000013
3 3 0.000008 0.000050 0.024300 0.975628 0.000014
3 3 0.000013 0.000063 0.025875 0.974036 0.000013
3 3 0.000009 0.000036 0.013366 0.986573 0.000017
3 3 0.000006 0.000052 0.034956 0.964980 0.000006
3 3 0.000006 0.000037 0.022241 0.977706 0.000009
3 3 0.000003 0.000013 0.011046 0.988932 0.000005
3 3 0.000001 0.000006 0.010613 0.989379 0.000001
3 3 0.000006 0.000031 0.018876 0.981078 0.000008
3 3 0.000003 0.000023 0.022829 0.977134 0.000010
3 3 0.000005 0.000035 0.028937 0.971014 0.000009
3 3 0.000003 0.000019 0.017284 0.982688 0.000005
3 3 0.000001 0.000006 0.011439 0.988553 0.000001
3 3 0.000002 0.000005 0.006218 0.993772 0.000003
3 3 0.000004 0.000018 0.013456 0.986515 0.000007
3 3 0.000001 0.000004 0.005217 0.994776 0.000002
3 3 0.000001 0.000005 0.004875 0.995116 0.000002
3 3 0.000002 0.000006 0.007266 0.992723 0.000003
3 3 0.000002 0.000007 0.007323 0.992665 0.000003
3 3 0.000002 0.000008 0.007365 0.992621 0.000004
3 3 0.000004 0.000015 0.010042 0.989930 0.000008
3 3 0.000003 0.000024 0.022734 0.977233 0.000005
3 3 0.000003 0.000012 0.012246 0.987732 0.000006
3 3 0.000003 0.000019 0.015727 0.984241 0.000010
3 3 0.000005 0.000030 0.020044 0.979914 0.000007
3 3 0.000002 0.000008 0.005644 0.994341 0.000004
3 3 0.000001 0.000004 0.004388 0.995606 0.000002
3 3 0.000002 0.000009 0.008302 0.991681 0.000005
3 3 0.000003 0.000007 0.004647 0.995340 0.000003
3 3 0.000004 0.000011 0.006606 0.993373 0.000006
3 3 0.000003 0.000014 0.011658 0.988321 0.000005
3 3 0.000004 0.000017 0.011479 0.988489 0.000011
3 3 0.000001 0.000002 0.004195 0.995801 0.000001
3 3 0.000003 0.000009 0.004798 0.995186 0.000005
3 3 0.000001 0.000005 0.006773 0.993218 0.000003
3 3 0.000002 0.000007 0.005378 0.994609 0.000004
3 3 0.000001 0.000009 0.015130 0.984856 0.000003
3 3 0.000001 0.000003 0.003872 0.996124 0.000001
3 3 0.000001 0.000005 0.005221 0.994771 0.000003
3 3 0.000001 0.000003 0.004457 0.995537 0.000002
3 3 0.000003 0.000010 0.006346 0.993636 0.000005
3 3 0.000004 0.000042 0.037733 0.962212 0.000009
3 3 0.000001 0.000003 0.004820 0.995175 0.000001
3 3 0.000009 0.000135 0.097254 0.902594 0.000008
3 3 0.000157 0.000841 0.115387 0.883488 0.000126
3 3 0.000020 0.000460 0.250509 0.748997 0.000016
2 3 0.000118 0.003932 0.799027 0.196771 0.000153
2 3 0.000256 0.012313 0.841028 0.145734 0.000669
2 2 0.004523 0.083196 0.770161 0.122570 0.019550
2 2 0.003375 0.100897 0.811031 0.069747 0.014949
2 2 0.000684 0.015908 0.831382 0.150557 0.001469
2 2 0.010105 0.110183 0.678295 0.173301 0.028116
2 2 0.006093 0.197277 0.688880 0.064354 0.043395
2 2 0.004147 0.123683 0.753064 0.098378 0.020728
2 2 0.006856 0.176573 0.693824 0.082056 0.040691
2 2 0.007017 0.285923 0.527243 0.012928 0.166889
2 2 0.006006 0.200387 0.661220 0.043752 0.088634
2 2 0.004295 0.116012 0.747717 0.105926 0.026050
2 2 0.009726 0.273216 0.616607 0.044142 0.056309
2 2 0.008941 0.238810 0.635787 0.071401 0.045061
2 2 0.008792 0.273495 0.614480 0.023817 0.079416
2 2 0.009960 0.265687 0.586207 0.044945 0.093200
2 2 0.009640 0.264973 0.576956 0.033758 0.114672
2 4 0.004815 0.187549 0.545036 0.020108 0.242493
2 4 0.015988 0.263654 0.551834 0.061170 0.107354
2 4 0.008069 0.228842 0.606377 0.020910 0.135802
2 4 0.006267 0.218588 0.589535 0.032776 0.152834
2 4 0.010555 0.326345 0.506391 0.017910 0.138799
2 4 0.012374 0.271631 0.535392 0.020954 0.159649
2 4 0.012085 0.280855 0.577717 0.026501 0.102843
2 4 0.004994 0.294946 0.542408 0.008052 0.149600
2 4 0.007983 0.292704 0.531360 0.012039 0.155916
2 4 0.004813 0.287301 0.559719 0.007935 0.140232
2 4 0.008244 0.249374 0.626640 0.047631 0.068112
2 4 0.005524 0.248198 0.591247 0.018570 0.136461
2 4 0.006294 0.259748 0.629580 0.025694 0.078683
2 4 0.005601 0.241926 0.639154 0.020616 0.092703
2 4 0.009087 0.241766 0.670504 0.031355 0.047287
2 4 0.006337 0.197632 0.714334 0.025657 0.056040
2 4 0.010015 0.253771 0.656527 0.035547 0.044139
2 4 0.002662 0.072669 0.876224 0.034687 0.013758
2 2 0.019000 0.235614 0.648686 0.047408 0.049292
2 2 0.011290 0.240738 0.665238 0.021270 0.061463
2 2 0.002950 0.126610 0.831573 0.018800 0.020067
2 2 0.002097 0.080581 0.886284 0.021499 0.009539
2 2 0.001844 0.078221 0.881090 0.031011 0.007833
2 2 0.000297 0.014438 0.940734 0.044147 0.000384
2 2 0.000739 0.029396 0.922564 0.046241 0.001060
2 2 0.000671 0.027200 0.920768 0.050614 0.000748
2 2 0.002578 0.068509 0.862999 0.063807 0.002108
2 2 0.049953 0.155508 0.586445 0.197552 0.010542
2 2 0.044488 0.211875 0.629896 0.104550 0.009191
2 2 0.008527 0.096753 0.685201 0.207051 0.002468
2 2 0.006537 0.163301 0.748675 0.073374 0.008112
2 2 0.001513 0.037692 0.906294 0.053369 0.001131
2 2 0.003479 0.091219 0.843760 0.057874 0.003668
2 2 0.000550 0.028595 0.921953 0.048049 0.000853
2 2 0.001883 0.044639 0.853141 0.099186 0.001150
2 2 0.000222 0.008892 0.883471 0.107268 0.000147
2 2 0.000906 0.025960 0.890539 0.082034 0.000561
2 2 0.001456 0.069809 0.850668 0.075547 0.002521
2 2 0.000490 0.022534 0.916138 0.060314 0.000524
2 2 0.000191 0.006704 0.831746 0.161219 0.000140
2 2 0.000618 0.019851 0.801320 0.177829 0.000381
2 2 0.003146 0.099621 0.835102 0.059119 0.003011
2 2 0.001724 0.053418 0.844788 0.098424 0.001647
2 2 0.010554 0.078491 0.756314 0.151122 0.003519
2 2 0.017298 0.112050 0.697208 0.169306 0.004138
2 2 0.012635 0.246767 0.625770 0.096029 0.018799
2 2 0.011315 0.316497 0.607214 0.045810 0.019164
2 2 0.000170 0.007140 0.836001 0.156523 0.000166
2 2 0.000473 0.017958 0.824166 0.156964 0.000440
2 2 0.000204 0.008004 0.921283 0.070221 0.000288
2 2 0.000335 0.012313 0.865746 0.121209 0.000398
2 2 0.000565 0.023540 0.890085 0.084823 0.000986
2 2 0.000142 0.008327 0.904109 0.087274 0.000148
2 2 0.001813 0.060030 0.872948 0.061437 0.003772
2 2 0.000925 0.035326 0.868110 0.094562 0.001077
2 2 0.001644 0.044140 0.796967 0.155883 0.001366
2 2 0.000431 0.017948 0.823738 0.157367 0.000516
2 2 0.001085 0.033235 0.809651 0.155235 0.000795
2 2 0.001288 0.024184 0.784600 0.189270 0.000658
2 2 0.001326 0.037782 0.854027 0.105650 0.001215
2 2 0.000333 0.011168 0.832109 0.156094 0.000297
2 2 0.000803 0.021465 0.833877 0.143375 0.000480
2 2 0.000162 0.005677 0.826533 0.167487 0.000142
2 2 0.000680 0.015164 0.792659 0.191149 0.000348
2 2 0.002168 0.033655 0.754427 0.209068 0.000682
2 2 0.020163 0.080470 0.667858 0.228743 0.002767
2 0 0.035972 0.103228 0.675292 0.181223 0.004285
2 0 0.073251 0.142860 0.620544 0.153386 0.009959
2 0 0.004395 0.041842 0.639683 0.313048 0.001032
2 2 0.000573 0.010282 0.594862 0.394059 0.000223
2 2 0.004536 0.053240 0.737249 0.203563 0.001412
2 2 0.000396 0.010946 0.719057 0.269378 0.000222
2 2 0.000425 0.011297 0.775431 0.212663 0.000184
2 2 0.000166 0.005484 0.721190 0.273087 0.000073
2 2 0.000610 0.016011 0.845198 0.137904 0.000278
2 2 0.000725 0.013679 0.700784 0.284576 0.000236
2 2 0.000488 0.014398 0.819015 0.165842 0.000258
2 2 0.000258 0.006642 0.701174 0.291801 0.000125
2 2 0.022831 0.055197 0.498017 0.419427 0.004528
2 2 0.003081 0.033853 0.566247 0.396157 0.000662
2 2 0.000164 0.005184 0.789811 0.204693 0.000148
2 2 0.000154 0.005212 0.738618 0.255937 0.000079
2 2 0.000958 0.018172 0.735079 0.245423 0.000368
2 2 0.001432 0.020919 0.709298 0.267887 0.000464
0 2 0.439778 0.175391 0.274038 0.047413 0.063380
0 0 0.501581 0.123141 0.184981 0.074119 0.116177
2 0 0.083135 0.193367 0.582389 0.126983 0.014126
2 2 0.029641 0.213262 0.603045 0.138570 0.015483
2 2 0.013836 0.216693 0.661584 0.096979 0.010907
2 4 0.017126 0.216607 0.659950 0.097445 0.008872
2 4 0.063569 0.314065 0.560012 0.048417 0.013936
2 4 0.023026 0.399615 0.517603 0.034068 0.025687
2 4 0.018005 0.212598 0.658941 0.101703 0.008754
2 4 0.024932 0.373676 0.531743 0.043269 0.026380
2 2 0.002593 0.049103 0.782156 0.164668 0.001480
2 2 0.004760 0.065244 0.764409 0.163329 0.002259
2 2 0.001664 0.027418 0.769767 0.200218 0.000933
2 2 0.001547 0.026683 0.842351 0.128577 0.000842
2 2 0.010577 0.165436 0.728883 0.087118 0.007987
2 2 0.125213 0.248444 0.547202 0.062747 0.016394
2 2 0.264314 0.230972 0.330362 0.095789 0.078562
2 2 0.029061 0.390966 0.508370 0.041041 0.030562
2 4 0.027011 0.363880 0.541633 0.044623 0.022852
2 4 0.006448 0.167803 0.746326 0.073338 0.006086
2 4 0.012661 0.142237 0.640503 0.196017 0.008582
2 4 0.005385 0.169039 0.745444 0.074292 0.005839
2 4 0.001506 0.099966 0.838154 0.055657 0.004717
2 4 0.003533 0.094500 0.806067 0.092885 0.003015
2 2 0.001753 0.047655 0.813426 0.136397 0.000769
2 2 0.000239 0.009629 0.883411 0.106518 0.000203
2 2 0.000246 0.012313 0.897297 0.089816 0.000329
2 2 0.000323 0.017421 0.882003 0.099757 0.000496
2 2 0.001437 0.047386 0.897013 0.052484 0.001679
2 2 0.006429 0.062167 0.825071 0.104165 0.002168
2 2 0.039428 0.247773 0.619432 0.083489 0.009878
2 2 0.020793 0.165388 0.702833 0.100273 0.010713
2 2 0.015428 0.300024 0.611057 0.057770 0.015721
2 2 0.003149 0.078856 0.834555 0.081810 0.001630
2 2 0.000387 0.018992 0.882477 0.097821 0.000323
2 2 0.000507 0.022621 0.893339 0.083098 0.000436
2 2 0.001113 0.042467 0.868223 0.086880 0.001317
2 2 0.000353 0.012904 0.827679 0.158800 0.000264
2 2 0.002524 0.074530 0.837041 0.083611 0.002295
2 2 0.001211 0.033039 0.891304 0.073077 0.001369
2 2 0.008491 0.208773 0.727721 0.044076 0.010938
2 2 0.003653 0.059350 0.827180 0.107236 0.002581
2 2 0.010371 0.157330 0.762978 0.059941 0.009379
2 2 0.027626 0.123564 0.667669 0.173756 0.007385
2 2 0.042197 0.210875 0.665081 0.076319 0.005528
2 2 0.068126 0.322082 0.506549 0.068054 0.035190
2 2 0.027915 0.412040 0.482771 0.037980 0.039294
2 2 0.028362 0.308034 0.584920 0.061753 0.016930
2 2 0.013601 0.351519 0.561228 0.024095 0.049556
2 2 0.019927 0.351916 0.554430 0.040808 0.032919
2 2 0.002493 0.103659 0.844516 0.040824 0.008508
2 2 0.034325 0.313277 0.563419 0.067928 0.021051
2 0 0.269786 0.255350 0.383787 0.044050 0.047027
2 0 0.291198 0.315527 0.334879 0.021322 0.037076
2 0 0.037161 0.305193 0.558500 0.060161 0.038986
