0 0 0.958078 0.012127 0.001991 0.000088 0.027716
0 0 0.952066 0.018308 0.003419 0.000159 0.026048
0 0 0.960995 0.012431 0.003222 0.000454 0.022899
0 0 0.907578 0.030462 0.005015 0.000121 0.056824
0 0 0.970096 0.011248 0.001821 0.000080 0.016756
0 0 0.936782 0.017523 0.004183 0.000384 0.041128
0 0 0.961744 0.012412 0.002219 0.000119 0.023505
0 0 0.945474 0.019101 0.003768 0.000197 0.031460
0 0 0.937405 0.030154 0.002625 0.000012 0.029804
0 0 0.639510 0.146901 0.026271 0.000235 0.187082
0 0 0.938747 0.015226 0.005288 0.001415 0.039324
0 0 0.941681 0.022129 0.007613 0.001516 0.027060
0 0 0.904432 0.031186 0.008028 0.000607 0.055747
0 0 0.968572 0.008994 0.002437 0.000476 0.019520
0 0 0.932977 0.020661 0.007511 0.001830 0.037021
0 0 0.952374 0.012907 0.003198 0.000395 0.031126
0 0 0.943215 0.015699 0.003584 0.000315 0.037188
0 0 0.972346 0.013447 0.002921 0.000238 0.011048
0 0 0.981990 0.007427 0.001940 0.000377 0.008265
0 0 0.969148 0.009955 0.002411 0.000328 0.018159
0 0 0.876959 0.011739 0.001446 0.000032 0.109824
0 0 0.589785 0.039377 0.008523 0.000300 0.362016
0 0 0.799338 0.031847 0.005806 0.000174 0.162835
0 0 0.679633 0.038581 0.003311 0.000011 0.278463
0 0 0.639787 0.056993 0.002177 0.000001 0.301042
0 0 0.502215 0.039959 0.005786 0.000065 0.451974
4 1 0.185264 0.067012 0.002900 0.000001 0.744824
4 0 0.167039 0.071843 0.005165 0.000003 0.755949
4 0 0.351440 0.062448 0.003193 0.000001 0.582917
0 0 0.675059 0.021795 0.002169 0.000016 0.300961
4 1 0.221221 0.081916 0.004142 0.000001 0.692720
4 1 0.080625 0.093499 0.005366 0.000001 0.820510
4 1 0.114622 0.117200 0.004876 0.000000 0.763302
4 1 0.021702 0.103368 0.010394 0.000002 0.864534
4 1 0.017745 0.130926 0.015227 0.000002 0.836100
4 1 0.067350 0.100287 0.005878 0.000001 0.826483
4 1 0.048536 0.101078 0.005625 0.000000 0.844761
4 1 0.104334 0.055539 0.004114 0.000003 0.836010
4 4 0.049136 0.112757 0.006086 0.000000 0.832020
4 4 0.045661 0.137348 0.008790 0.000001 0.808200
4 4 0.005728 0.054647 0.005852 0.000001 0.933773
4 4 0.009891 0.039255 0.003439 0.000001 0.947414
4 4 0.041197 0.027649 0.002176 0.000001 0.928976
4 4 0.194423 0.087169 0.006216 0.000004 0.712188
4 4 0.010528 0.048732 0.006016 0.000002 0.934722
4 4 0.029929 0.023384 0.002213 0.000002 0.944472
4 4 0.023551 0.030170 0.002088 0.000001 0.944191
4 4 0.006858 0.067571 0.006370 0.000000 0.919201
4 4 0.007520 0.042047 0.003520 0.000000 0.946913
4 4 0.001999 0.050231 0.009211 0.000002 0.938557
4 4 0.003599 0.051466 0.008520 0.000002 0.936414
4 4 0.011225 0.050932 0.005100 0.000001 0.932742
4 4 0.004672 0.039037 0.006730 0.000003 0.949558
4 4 0.005058 0.060883 0.006241 0.000000 0.927817
4 4 0.004693 0.051193 0.008644 0.000003 0.935468
4 4 0.002626 0.069249 0.007116 0.000000 0.921009
4 4 0.029619 0.025458 0.002945 0.000005 0.941973
4 4 0.018249 0.021121 0.003745 0.000015 0.956871
4 4 0.006640 0.056071 0.006027 0.000001 0.931261
4 4 0.004237 0.079945 0.007611 0.000000 0.908206
4 4 0.003236 0.112314 0.025578 0.000006 0.858867
4 4 0.006009 0.110865 0.021261 0.000006 0.861859
4 4 0.014340 0.124175 0.011344 0.000001 0.850140
4 4 0.004854 0.099864 0.023508 0.000010 0.871765
4 4 0.019930 0.062572 0.008927 0.000006 0.908564
4 4 0.013804 0.064077 0.009106 0.000004 0.913009
4 4 0.005838 0.107594 0.014770 0.000002 0.871796
4 4 0.021169 0.073463 0.006178 0.000001 0.899189
4 4 0.064659 0.047537 0.005621 0.000010 0.882173
4 4 0.086690 0.053685 0.005040 0.000005 0.854580
4 4 0.011184 0.117932 0.012104 0.000001 0.858780
4 1 0.028209 0.111657 0.011138 0.000002 0.848993
4 1 0.010185 0.093269 0.010956 0.000001 0.885589
4 1 0.006818 0.123506 0.013471 0.000001 0.856204
4 1 0.021248 0.094254 0.008347 0.000001 0.876150
4 1 0.011588 0.111637 0.010529 0.000001 0.866245
4 1 0.017618 0.106747 0.014835 0.000005 0.860795
0 0 0.425810 0.204711 0.036597 0.000211 0.332670
4 0 0.370297 0.102999 0.006311 0.000003 0.520390
0 0 0.936711 0.022754 0.000291 0.000000 0.040244
0 0 0.938470 0.050658 0.002523 0.000002 0.008348
0 0 0.999231 0.000735 0.000022 0.000000 0.000013
0 0 0.960924 0.033045 0.002886 0.000011 0.003134
0 0 0.944559 0.037388 0.002598 0.000006 0.015450
0 0 0.995662 0.003983 0.000224 0.000001 0.000130
0 0 0.935014 0.048228 0.003733 0.000009 0.013017
0 0 0.961315 0.024401 0.002331 0.000015 0.011938
0 0 0.759497 0.193330 0.008627 0.000001 0.038544
0 0 0.603154 0.255243 0.021442 0.000014 0.120147
0 0 0.895308 0.075530 0.011479 0.000096 0.017587
0 0 0.943541 0.032800 0.007261 0.000342 0.016056
0 0 0.974045 0.015946 0.001780 0.000023 0.008207
0 0 0.965228 0.020180 0.002572 0.000040 0.011980
0 0 0.937077 0.034619 0.003465 0.000020 0.024817
0 0 0.958071 0.020879 0.001630 0.000007 0.019413
0 0 0.945598 0.035836 0.006610 0.000180 0.011777
0 0 0.974408 0.015814 0.003380 0.000230 0.006168
0 0 0.973514 0.016082 0.002049 0.000036 0.008319
0 0 0.955684 0.029472 0.002694 0.000014 0.012137
0 0 0.936523 0.043618 0.003852 0.000013 0.015994
0 0 0.768759 0.037857 0.005292 0.000070 0.188021
0 0 0.662382 0.082015 0.010133 0.000053 0.245417
0 0 0.925863 0.021575 0.005065 0.000388 0.047109
0 0 0.919419 0.028341 0.003769 0.000055 0.048417
0 0 0.981220 0.008795 0.001482 0.000082 0.008421
0 0 0.948963 0.010995 0.001164 0.000018 0.038860
0 0 0.947520 0.009971 0.001147 0.000023 0.041339
0 0 0.946174 0.008252 0.000887 0.000017 0.044670
0 0 0.899618 0.021411 0.002312 0.000024 0.076635
0 0 0.872046 0.044859 0.003527 0.000010 0.079559
0 0 0.774009 0.071909 0.003788 0.000003 0.150292
0 1 0.613182 0.145041 0.006802 0.000002 0.234973
0 1 0.581081 0.141623 0.006521 0.000002 0.270773
0 1 0.500322 0.176601 0.008967 0.000002 0.314107
0 0 0.596847 0.132135 0.008697 0.000006 0.262315
0 0 0.827202 0.034535 0.003557 0.000023 0.134683
0 0 0.804691 0.038594 0.004377 0.000033 0.152304
0 0 0.890621 0.023896 0.003017 0.000043 0.082422
0 0 0.969616 0.011296 0.001274 0.000022 0.017792
0 0 0.929921 0.020347 0.002691 0.000048 0.046994
0 1 0.550054 0.100362 0.004007 0.000001 0.345577
4 4 0.389603 0.132831 0.008417 0.000004 0.469145
4 4 0.204718 0.226667 0.018393 0.000006 0.550217
0 4 0.473815 0.317857 0.039629 0.000052 0.168647
0 0 0.827249 0.043601 0.004009 0.000016 0.125124
0 0 0.807571 0.021706 0.002607 0.000034 0.168082
0 0 0.841312 0.038458 0.003734 0.000019 0.116476
0 0 0.853461 0.045164 0.003266 0.000007 0.098102
0 0 0.819188 0.049234 0.005096 0.000026 0.126456
0 0 0.977190 0.005658 0.000247 0.000001 0.016904
0 0 0.956733 0.006683 0.000672 0.000013 0.035899
0 0 0.963857 0.009110 0.001179 0.000034 0.025820
0 0 0.901393 0.014638 0.001418 0.000014 0.082537
0 0 0.891099 0.019450 0.000923 0.000001 0.088525
0 0 0.847166 0.030361 0.001537 0.000002 0.120934
0 4 0.481916 0.185962 0.005759 0.000000 0.326362
0 4 0.459744 0.104533 0.005547 0.000002 0.430173
4 4 0.110380 0.249006 0.021722 0.000004 0.618889
4 4 0.111791 0.213754 0.020629 0.000006 0.653820
4 4 0.051371 0.336098 0.063811 0.000035 0.548685
4 4 0.002084 0.248325 0.095347 0.000024 0.654220
4 2 0.002167 0.210523 0.211095 0.000153 0.576062
4 2 0.001720 0.237624 0.098662 0.000027 0.661966
1 2 0.004110 0.426008 0.148531 0.000029 0.421323
4 2 0.003705 0.223657 0.078424 0.000031 0.694183
4 2 0.001561 0.372441 0.133374 0.000013 0.492611
2 2 0.000970 0.213290 0.460909 0.000070 0.324761
4 2 0.002759 0.320868 0.116713 0.000025 0.559636
4 2 0.002361 0.256214 0.076110 0.000010 0.665305
2 2 0.000381 0.175591 0.562657 0.000044 0.261327
4 2 0.002369 0.333790 0.148970 0.000046 0.514825
2 2 0.002829 0.220407 0.481850 0.001069 0.293845
4 2 0.008735 0.212489 0.049524 0.000015 0.729237
4 2 0.001120 0.289351 0.165724 0.000017 0.543788
2 2 0.000571 0.123852 0.744508 0.000136 0.130933
4 2 0.010985 0.161723 0.046538 0.000044 0.780710
4 2 0.003042 0.307938 0.140482 0.000064 0.548474
2 2 0.005484 0.254239 0.372498 0.000321 0.367459
4 2 0.002035 0.267498 0.115574 0.000037 0.614857
2 2 0.000615 0.189583 0.617618 0.000047 0.192137
1 1 0.354941 0.409927 0.128886 0.001216 0.105030
1 1 0.075108 0.524056 0.165952 0.000301 0.234584
2 2 0.023048 0.310066 0.517422 0.002271 0.147193
1 1 0.231889 0.476721 0.107553 0.000242 0.183596
2 2 0.021768 0.373697 0.526190 0.000843 0.077501
2 2 0.002735 0.096570 0.868663 0.000519 0.031514
2 2 0.024764 0.206191 0.694620 0.003636 0.070788
2 2 0.033386 0.184076 0.727169 0.021773 0.033596
2 2 0.009536 0.214066 0.729147 0.008119 0.039132
1 2 0.130506 0.530742 0.176732 0.000590 0.161430
1 1 0.257403 0.457502 0.110640 0.000348 0.174107
1 1 0.345782 0.373211 0.087897 0.000435 0.192675
1 4 0.207777 0.393141 0.133664 0.001117 0.264301
0 0 0.457679 0.333071 0.090549 0.000932 0.117769
0 0 0.486860 0.352595 0.082779 0.000529 0.077237
0 0 0.794036 0.112668 0.054421 0.007980 0.030896
0 0 0.596090 0.262759 0.081826 0.001690 0.057635
0 0 0.471094 0.349279 0.112210 0.001528 0.065889
0 0 0.699784 0.135741 0.116664 0.013691 0.034119
0 0 0.854311 0.095067 0.030970 0.001851 0.017800
0 0 0.562677 0.187741 0.082502 0.005965 0.161116
4 0 0.269725 0.127601 0.019424 0.000079 0.583171
4 1 0.155690 0.187605 0.014319 0.000004 0.642382
4 1 0.094956 0.211833 0.020299 0.000005 0.672907
4 1 0.249649 0.174160 0.017490 0.000016 0.558685
4 1 0.015000 0.188991 0.032633 0.000008 0.763367
4 1 0.084531 0.237767 0.016224 0.000001 0.661476
4 1 0.011075 0.226791 0.030497 0.000002 0.731635
4 1 0.003877 0.232332 0.044994 0.000003 0.718794
4 1 0.006281 0.191607 0.045722 0.000012 0.756378
4 2 0.004514 0.334126 0.088044 0.000012 0.573304
4 2 0.004419 0.219856 0.055189 0.000010 0.720526
4 2 0.005042 0.309324 0.109554 0.000040 0.576040
4 2 0.010459 0.213149 0.042018 0.000010 0.734365
4 2 0.007801 0.293936 0.061176 0.000008 0.637078
4 2 0.001462 0.327856 0.329347 0.000039 0.341296
4 2 0.006383 0.323857 0.081551 0.000014 0.588195
4 2 0.003390 0.286677 0.094329 0.000021 0.615582
4 2 0.008796 0.369825 0.084733 0.000013 0.536634
4 2 0.003629 0.292408 0.102026 0.000028 0.601908
2 2 0.004924 0.316492 0.478608 0.001374 0.198602
2 2 0.006130 0.140357 0.832730 0.005532 0.015252
1 2 0.021931 0.414945 0.270019 0.001500 0.291605
2 2 0.002175 0.162986 0.783303 0.001224 0.050312
1 2 0.016591 0.390826 0.383265 0.002562 0.206756
1 1 0.069230 0.438152 0.292186 0.004222 0.196209
2 2 0.000708 0.084772 0.884471 0.000907 0.029143
2 2 0.001387 0.070285 0.903427 0.006832 0.018068
2 2 0.001156 0.087924 0.874802 0.000973 0.035146
2 2 0.000971 0.065073 0.912995 0.001581 0.019380
2 2 0.000740 0.048139 0.922220 0.001014 0.027888
2 2 0.006963 0.110555 0.851808 0.012563 0.018111
2 2 0.000488 0.047717 0.913885 0.001535 0.036374
2 2 0.003274 0.055122 0.920538 0.014444 0.006622
2 2 0.001034 0.044006 0.918025 0.014201 0.022734
2 2 0.023753 0.189245 0.699425 0.031346 0.056231
2 2 0.004655 0.207637 0.677858 0.002312 0.107538
2 2 0.000454 0.022846 0.970527 0.002242 0.003932
2 2 0.001461 0.041613 0.943639 0.006974 0.006312
2 2 0.001232 0.031527 0.948754 0.012860 0.005627
2 2 0.003152 0.008840 0.633599 0.351213 0.003197
2 3 0.005572 0.013865 0.572996 0.401674 0.005893
3 3 0.008258 0.012916 0.454678 0.517616 0.006531
2 2 0.002045 0.007804 0.689501 0.298050 0.002600
3 2 0.007908 0.007794 0.346631 0.633225 0.004442
3 3 0.005193 0.006786 0.407777 0.576850 0.003393
2 3 0.004922 0.009501 0.509422 0.471913 0.004241
3 3 0.006086 0.004456 0.266655 0.720102 0.002700
3 3 0.006361 0.005665 0.303808 0.680897 0.003269
3 3 0.007138 0.004195 0.224650 0.761245 0.002772
3 3 0.006622 0.003978 0.215755 0.771031 0.002614
3 3 0.005946 0.007748 0.407278 0.575082 0.003946
3 3 0.008565 0.005375 0.242711 0.739798 0.003551
3 3 0.007944 0.002797 0.136973 0.850090 0.002197
3 3 0.005794 0.003568 0.219278 0.769072 0.002288
3 3 0.008844 0.005465 0.246867 0.735200 0.003623
2 2 0.007426 0.037376 0.725006 0.216310 0.013881
3 3 0.004824 0.004125 0.284717 0.703996 0.002338
3 3 0.004221 0.006260 0.454342 0.532256 0.002921
2 3 0.005731 0.013258 0.572464 0.402827 0.005720
3 3 0.008050 0.013141 0.467499 0.504769 0.006540
3 3 0.006385 0.009110 0.427254 0.552675 0.004575
3 3 0.007791 0.008723 0.356630 0.622016 0.004840
3 3 0.009478 0.005325 0.216902 0.764659 0.003637
3 3 0.008656 0.006911 0.296180 0.684009 0.004244
3 3 0.008419 0.006765 0.287461 0.693195 0.004159
3 3 0.012589 0.005972 0.178160 0.798689 0.004589
3 3 0.008337 0.005733 0.246386 0.735832 0.003712
3 3 0.008503 0.006062 0.259170 0.722389 0.003876
3 3 0.008584 0.003789 0.161610 0.823169 0.002848
3 3 0.008725 0.003688 0.182044 0.802960 0.002583
3 3 0.010619 0.004718 0.168795 0.812252 0.003616
3 3 0.012300 0.005882 0.186080 0.791274 0.004464
3 3 0.009022 0.003909 0.170107 0.814024 0.002938
3 3 0.010629 0.010819 0.352424 0.619769 0.006360
2 2 0.028137 0.060104 0.600345 0.282618 0.028797
2 1 0.157754 0.137112 0.570349 0.095946 0.038839
2 2 0.074144 0.164753 0.659498 0.060394 0.041212
2 2 0.054003 0.111172 0.715378 0.089387 0.030060
2 1 0.140555 0.252436 0.468672 0.055693 0.082644
4 1 0.276893 0.148571 0.020081 0.000055 0.554400
4 0 0.249589 0.117640 0.035168 0.000834 0.596768
4 1 0.187910 0.167252 0.013042 0.000005 0.631791
4 1 0.062920 0.197952 0.025032 0.000010 0.714087
4 1 0.030906 0.194872 0.034199 0.000018 0.740005
4 1 0.305805 0.159095 0.010855 0.000004 0.524240
4 1 0.241942 0.120058 0.014227 0.000029 0.623743
4 1 0.275900 0.188597 0.013216 0.000004 0.522283
4 1 0.037763 0.185062 0.018558 0.000003 0.758614
4 1 0.043199 0.194843 0.020333 0.000003 0.741622
4 1 0.263806 0.097679 0.005524 0.000002 0.632989
4 1 0.168535 0.186273 0.010877 0.000001 0.634315
4 1 0.183848 0.101154 0.010978 0.000017 0.704002
4 0 0.374853 0.107255 0.007134 0.000005 0.510754
4 0 0.218038 0.110986 0.011259 0.000015 0.659701
4 0 0.180582 0.124840 0.013129 0.000015 0.681434
4 1 0.044660 0.207113 0.020428 0.000003 0.727797
4 1 0.033557 0.261843 0.026997 0.000002 0.677601
4 1 0.018775 0.204725 0.032940 0.000008 0.743552
4 1 0.017780 0.198141 0.025750 0.000003 0.758325
4 1 0.005094 0.125900 0.014445 0.000001 0.854561
4 1 0.008945 0.100280 0.008384 0.000000 0.882391
4 1 0.007107 0.106101 0.012011 0.000001 0.874781
4 1 0.005610 0.094069 0.011630 0.000001 0.888689
4 1 0.003314 0.118689 0.021381 0.000002 0.856614
4 4 0.032822 0.032295 0.005242 0.000018 0.929624
4 4 0.005508 0.086036 0.010113 0.000001 0.898343
4 4 0.006576 0.083515 0.014215 0.000004 0.895690
4 4 0.017431 0.070611 0.008923 0.000003 0.903031
4 4 0.021664 0.039086 0.005384 0.000006 0.933859
4 4 0.002494 0.069744 0.016225 0.000005 0.911532
4 4 0.010269 0.115556 0.009251 0.000000 0.864924
4 4 0.008869 0.076222 0.009629 0.000002 0.905278
4 4 0.007874 0.076960 0.011032 0.000002 0.904130
4 4 0.014837 0.082321 0.006171 0.000000 0.896671
4 4 0.011912 0.062878 0.011548 0.000010 0.913652
4 4 0.029906 0.095334 0.007277 0.000001 0.867482
4 4 0.025828 0.117521 0.009039 0.000001 0.847611
4 4 0.007885 0.082420 0.013878 0.000005 0.895812
4 4 0.010141 0.079516 0.008496 0.000001 0.901846
4 4 0.145379 0.101041 0.006812 0.000002 0.746765
0 4 0.378014 0.312662 0.043012 0.000065 0.266246
4 4 0.215935 0.036075 0.009385 0.000317 0.738287
4 4 0.286433 0.025773 0.009388 0.001131 0.677276
4 4 0.253218 0.099699 0.006289 0.000003 0.640790
4 4 0.124054 0.137677 0.010421 0.000003 0.727844
4 4 0.208493 0.072626 0.007126 0.000012 0.711743
4 4 0.071052 0.116618 0.010941 0.000004 0.801384
4 4 0.080981 0.133478 0.013047 0.000005 0.772489
4 4 0.206165 0.091773 0.006672 0.000004 0.695386
4 0 0.267058 0.102645 0.006751 0.000004 0.623543
4 0 0.460592 0.061985 0.004904 0.000008 0.472511
0 0 0.669134 0.034281 0.004710 0.000059 0.291815
0 0 0.784984 0.021931 0.002851 0.000045 0.190189
0 0 0.887029 0.023052 0.003410 0.000076 0.086433
0 0 0.639506 0.031383 0.005956 0.000181 0.322973
4 0 0.350632 0.098178 0.003656 0.000001 0.547534
0 0 0.556116 0.068186 0.003640 0.000002 0.372057
4 1 0.219646 0.133808 0.004084 0.000000 0.642462
4 1 0.189204 0.120770 0.006372 0.000001 0.683653
4 0 0.107531 0.254331 0.055143 0.000125 0.582870
4 1 0.004005 0.306092 0.121645 0.000050 0.568208
4 1 0.005211 0.335793 0.155251 0.000112 0.503633
4 2 0.002652 0.385550 0.166467 0.000043 0.445288
4 2 0.002057 0.260881 0.253584 0.000256 0.483221
4 2 0.002137 0.272481 0.345463 0.000437 0.379482
2 2 0.000389 0.113832 0.778456 0.000360 0.106962
4 2 0.001866 0.246042 0.319417 0.000045 0.432630
4 2 0.002989 0.302213 0.130503 0.000052 0.564243
2 2 0.000260 0.093612 0.789537 0.000093 0.116498
2 2 0.001062 0.187989 0.581649 0.000292 0.229008
2 2 0.001070 0.148860 0.652258 0.000302 0.197510
4 2 0.003342 0.344120 0.160552 0.000075 0.491911
2 2 0.000487 0.082793 0.822225 0.000246 0.094249
2 2 0.000117 0.032682 0.908579 0.000104 0.058519
2 2 0.000448 0.078421 0.830091 0.000198 0.090842
2 2 0.000336 0.083638 0.793170 0.000282 0.122574
2 2 0.000225 0.066219 0.842540 0.000075 0.090941
2 2 0.000599 0.111549 0.685608 0.000086 0.202158
2 2 0.000517 0.059791 0.848210 0.000174 0.091308
0 0 0.497146 0.286131 0.130811 0.007032 0.078880
4 1 0.016060 0.308914 0.201261 0.001235 0.472530
2 2 0.002143 0.159530 0.709216 0.001031 0.128080
2 2 0.002489 0.202572 0.688027 0.000395 0.106516
2 2 0.002897 0.272373 0.563693 0.000417 0.160620
2 2 0.007286 0.354705 0.357790 0.000226 0.279992
2 2 0.002399 0.264297 0.597967 0.000248 0.135089
2 2 0.000690 0.086273 0.832239 0.000731 0.080067
2 2 0.001530 0.164605 0.701240 0.000401 0.132224
1 2 0.006287 0.348013 0.338949 0.000414 0.306337
2 2 0.001513 0.096317 0.820400 0.000233 0.081537
2 2 0.003085 0.278466 0.592130 0.000375 0.125944
1 1 0.172294 0.412204 0.304274 0.004999 0.106230
4 2 0.042945 0.313491 0.183575 0.002127 0.457862
4 1 0.004868 0.240902 0.356460 0.002334 0.395436
2 2 0.000155 0.042592 0.899335 0.000412 0.057506
2 2 0.006012 0.202536 0.655748 0.000596 0.135109
2 2 0.000737 0.093002 0.823284 0.000415 0.082561
2 2 0.000276 0.056528 0.905383 0.000662 0.037151
2 2 0.000501 0.079344 0.818008 0.000649 0.101498
2 2 0.000419 0.070473 0.886475 0.000390 0.042242
2 2 0.000404 0.039042 0.928705 0.001528 0.030321
2 2 0.000190 0.031567 0.914597 0.001875 0.051772
2 2 0.001600 0.174791 0.720277 0.002605 0.100727
2 2 0.000128 0.034613 0.938117 0.000395 0.026747
2 2 0.000468 0.071926 0.865061 0.002763 0.059782
2 1 0.009592 0.130153 0.811144 0.006703 0.042408
2 2 0.000440 0.107716 0.834657 0.000518 0.056670
2 2 0.000352 0.042468 0.913785 0.000875 0.042520
2 2 0.001460 0.113362 0.839985 0.001956 0.043238
2 0 0.048572 0.205727 0.665910 0.021536 0.058255
1 1 0.015492 0.465254 0.265640 0.000628 0.252986
2 2 0.000226 0.036123 0.938442 0.000427 0.024782
2 2 0.005243 0.261417 0.633857 0.001104 0.098380
2 2 0.003984 0.275994 0.540857 0.000703 0.178461
2 2 0.000796 0.081025 0.838008 0.000230 0.079941
2 2 0.001604 0.081972 0.893764 0.001010 0.021650
2 2 0.000645 0.075693 0.854805 0.000348 0.068509
2 2 0.000511 0.089471 0.856139 0.000325 0.053554
2 2 0.002746 0.123499 0.791568 0.000528 0.081659
1 2 0.092947 0.347850 0.258474 0.003503 0.297227
1 1 0.037392 0.399954 0.227591 0.001548 0.333516
4 2 0.021947 0.312312 0.319910 0.002515 0.343317
2 2 0.005335 0.206469 0.563386 0.001052 0.223759
0 1 0.375167 0.251427 0.103023 0.004060 0.266323
4 1 0.077402 0.351891 0.126914 0.000584 0.443208
2 2 0.021731 0.333912 0.448653 0.002617 0.193087
2 2 0.006687 0.167596 0.683064 0.006692 0.135961
2 2 0.004509 0.105429 0.791384 0.003679 0.094998
4 1 0.043389 0.380398 0.159317 0.000578 0.416318
0 0 0.417483 0.281340 0.119204 0.005000 0.176973
0 0 0.582923 0.161924 0.076277 0.007484 0.171391
4 0 0.282189 0.316458 0.081983 0.000563 0.318807
1 1 0.075532 0.487702 0.136304 0.000197 0.300265
1 1 0.053169 0.435171 0.152119 0.000341 0.359201
1 1 0.026250 0.517429 0.211341 0.000288 0.244693
4 1 0.020799 0.374754 0.188277 0.000566 0.415604
1 1 0.031911 0.403194 0.179934 0.000536 0.384426
4 1 0.094088 0.353073 0.134575 0.000864 0.417400
1 2 0.006376 0.425329 0.265186 0.000384 0.302725
2 2 0.001089 0.111433 0.859715 0.001486 0.026277
2 2 0.000117 0.018624 0.976116 0.000316 0.004827
2 1 0.015206 0.303209 0.557217 0.008285 0.116082
2 2 0.004949 0.142494 0.772036 0.006128 0.074392
2 2 0.000575 0.029736 0.957352 0.002650 0.009687
2 2 0.000718 0.060173 0.916709 0.002614 0.019786
2 2 0.000172 0.039336 0.934984 0.001698 0.023811
2 2 0.000118 0.023348 0.965275 0.000406 0.010854
2 2 0.000215 0.033766 0.933020 0.003019 0.029980
2 2 0.000408 0.035514 0.940886 0.001369 0.021823
2 2 0.001545 0.061737 0.902158 0.009669 0.024891
2 2 0.000302 0.063229 0.893159 0.001941 0.041369
2 2 0.000687 0.040320 0.930685 0.016890 0.011418
2 2 0.000632 0.031392 0.944616 0.015314 0.008046
2 2 0.001068 0.047705 0.936673 0.007642 0.006911
2 2 0.000716 0.029385 0.935889 0.027355 0.006656
2 2 0.000503 0.027835 0.946951 0.006421 0.018289
2 2 0.002835 0.035939 0.896216 0.057075 0.007935
2 2 0.000807 0.080458 0.882398 0.005518 0.030819
2 2 0.003493 0.049299 0.860320 0.073740 0.013148
2 2 0.001916 0.024690 0.942843 0.027126 0.003425
2 2 0.005588 0.041827 0.907483 0.037932 0.007170
2 2 0.002689 0.038601 0.940154 0.014305 0.004252
2 2 0.000806 0.019525 0.958838 0.018542 0.002290
2 2 0.000729 0.019896 0.938790 0.037224 0.003361
2 2 0.001249 0.020242 0.962470 0.014039 0.002001
2 2 0.003442 0.034055 0.874276 0.079853 0.008374
2 2 0.002051 0.023183 0.960877 0.011811 0.002079
2 2 0.000480 0.026793 0.947634 0.015785 0.009307
2 2 0.000855 0.039349 0.926614 0.018238 0.014944
2 2 0.001951 0.014707 0.868486 0.111369 0.003486
2 2 0.003809 0.061734 0.886902 0.035646 0.011910
2 2 0.001123 0.016754 0.953930 0.026028 0.002165
2 2 0.003456 0.020689 0.908882 0.063179 0.003794
2 2 0.005895 0.030145 0.896521 0.061643 0.005797
2 2 0.003855 0.051646 0.898867 0.034602 0.011030
2 2 0.004747 0.030084 0.901915 0.057426 0.005829
2 2 0.002673 0.051046 0.897786 0.038478 0.010017
2 2 0.003685 0.029184 0.825664 0.132638 0.008828
2 2 0.007465 0.051614 0.862861 0.065847 0.012213
2 2 0.008623 0.066464 0.894880 0.019779 0.010254
2 3 0.004291 0.068500 0.899101 0.014330 0.013778
2 2 0.019514 0.186185 0.716001 0.016453 0.061847
2 2 0.000420 0.065054 0.908729 0.000844 0.024954
2 2 0.004042 0.053967 0.913034 0.014739 0.014218
2 2 0.042754 0.160318 0.725338 0.022832 0.048759
0 0 0.510122 0.277179 0.141919 0.006961 0.063820
1 1 0.066048 0.387638 0.270699 0.005717 0.269897
2 2 0.008064 0.250698 0.565861 0.002110 0.173267
2 1 0.066583 0.353258 0.448367 0.003600 0.128192
2 2 0.010803 0.179387 0.748118 0.009569 0.052123
1 2 0.043599 0.433143 0.357087 0.001783 0.164388
1 2 0.047480 0.422197 0.237253 0.001070 0.292000
1 1 0.261539 0.394830 0.202667 0.006091 0.134873
1 1 0.050879 0.402349 0.235709 0.002306 0.308758
2 1 0.012889 0.396951 0.422216 0.000858 0.167086
2 2 0.026290 0.344486 0.484871 0.002346 0.142007
1 1 0.105178 0.401209 0.200382 0.002523 0.290709
1 1 0.052075 0.466644 0.237008 0.001300 0.242973
1 1 0.026449 0.500487 0.228338 0.000444 0.244282
2 2 0.002224 0.315578 0.535169 0.000193 0.146835
2 2 0.001159 0.189000 0.740251 0.000117 0.069473
2 2 0.001222 0.143087 0.755054 0.000103 0.100533
1 1 0.032867 0.435212 0.137990 0.000149 0.393782
2 2 0.001129 0.318963 0.523693 0.000070 0.156145
2 2 0.000975 0.319773 0.571258 0.000046 0.107947
2 2 0.001851 0.265546 0.516365 0.000265 0.215973
4 2 0.004297 0.328681 0.235756 0.000291 0.430976
2 2 0.001309 0.271171 0.590271 0.000071 0.137177
1 2 0.007289 0.430503 0.177999 0.000095 0.384115
2 2 0.000959 0.148434 0.761715 0.000117 0.088775
2 2 0.002710 0.331126 0.357792 0.000089 0.308282
2 2 0.000855 0.148874 0.745665 0.000235 0.104370
2 2 0.000344 0.079762 0.828349 0.000039 0.091507
1 2 0.006589 0.413400 0.232950 0.000068 0.346993
2 2 0.001795 0.319339 0.504057 0.000087 0.174722
2 2 0.001760 0.269899 0.508787 0.000066 0.219488
2 2 0.001763 0.363017 0.413141 0.000074 0.222005
2 2 0.000554 0.147462 0.774453 0.000197 0.077335
1 2 0.022083 0.422448 0.143533 0.000133 0.411803
4 2 0.001379 0.350182 0.205749 0.000037 0.442654
2 2 0.000761 0.094733 0.839464 0.000171 0.064870
4 2 0.010181 0.360921 0.108939 0.000042 0.519917
1 2 0.005969 0.416598 0.315364 0.000208 0.261861
4 2 0.004621 0.411161 0.162922 0.000053 0.421243
4 1 0.030505 0.423124 0.098703 0.000044 0.447624
4 1 0.037545 0.237801 0.066840 0.000124 0.657690
4 1 0.047470 0.183951 0.063749 0.000360 0.704470
4 1 0.012078 0.387021 0.118288 0.000051 0.482561
4 1 0.013969 0.373878 0.094461 0.000029 0.517664
4 1 0.004538 0.373227 0.158639 0.000069 0.463526
4 2 0.016269 0.418039 0.108690 0.000036 0.456966
4 2 0.002095 0.384721 0.136524 0.000016 0.476643
4 1 0.017141 0.332378 0.102256 0.000076 0.548149
4 1 0.013992 0.294897 0.102483 0.000102 0.588526
1 2 0.003273 0.364835 0.273564 0.000044 0.358285
2 2 0.003492 0.268143 0.389101 0.000048 0.339217
4 2 0.004057 0.381139 0.138753 0.000034 0.476017
2 2 0.004671 0.219118 0.556127 0.000198 0.219886
4 1 0.013168 0.314219 0.089414 0.000045 0.583155
4 2 0.007419 0.366753 0.081202 0.000010 0.544617
4 2 0.011693 0.325401 0.108856 0.000073 0.553977
4 2 0.006536 0.260432 0.222685 0.000088 0.510260
2 2 0.002017 0.126321 0.646067 0.000231 0.225363
4 2 0.008478 0.260341 0.080450 0.000041 0.650690
0 0 0.547123 0.219129 0.032315 0.000122 0.201310
4 4 0.135634 0.182634 0.026304 0.000035 0.655393
4 4 0.014873 0.199672 0.081102 0.000211 0.704142
4 4 0.015635 0.220109 0.085936 0.000187 0.678133
4 4 0.006841 0.250847 0.106093 0.000111 0.636107
4 4 0.025420 0.209063 0.066591 0.000140 0.698786
4 4 0.035096 0.213946 0.057065 0.000097 0.693795
4 4 0.022443 0.185179 0.070216 0.000245 0.721917
4 4 0.041570 0.223506 0.043474 0.000034 0.691416
4 4 0.015556 0.184280 0.059119 0.000091 0.740953
4 4 0.043255 0.146173 0.040279 0.000143 0.770150
4 4 0.178950 0.071026 0.039958 0.005671 0.704395
4 4 0.103081 0.107204 0.026316 0.000221 0.763178
4 4 0.038555 0.227050 0.055723 0.000077 0.678595
4 4 0.080048 0.084624 0.024714 0.000348 0.810266
4 4 0.062124 0.058758 0.014463 0.000143 0.864512
4 4 0.027627 0.039185 0.013006 0.000224 0.919957
4 4 0.082512 0.062492 0.008882 0.000024 0.846090
4 4 0.086223 0.058450 0.006665 0.000011 0.848651
4 4 0.033241 0.034380 0.012704 0.000355 0.919321
4 4 0.062303 0.035613 0.009542 0.000166 0.892377
4 4 0.033207 0.040157 0.010252 0.000098 0.916287
4 4 0.053337 0.048326 0.008214 0.000032 0.890091
4 4 0.049081 0.048280 0.012723 0.000149 0.889767
4 4 0.030964 0.041183 0.008793 0.000046 0.919013
4 4 0.044557 0.079650 0.013588 0.000026 0.862179
4 4 0.032817 0.066512 0.015470 0.000064 0.885137
4 4 0.030601 0.053767 0.015450 0.000137 0.900044
4 4 0.135933 0.070496 0.005660 0.000004 0.787907
4 4 0.023209 0.069153 0.016285 0.000048 0.891306
4 4 0.070418 0.032070 0.012371 0.000640 0.884500
4 4 0.037898 0.024264 0.008735 0.000312 0.928791
4 4 0.070162 0.038234 0.012140 0.000336 0.879128
4 4 0.039615 0.045087 0.010948 0.000095 0.904255
4 4 0.083456 0.062711 0.006402 0.000007 0.847423
0 4 0.456631 0.147839 0.009256 0.000005 0.386270
4 4 0.286089 0.225450 0.015957 0.000004 0.472500
4 4 0.284982 0.270224 0.018132 0.000004 0.426658
4 4 0.215283 0.286871 0.023727 0.000006 0.474113
4 4 0.386357 0.179141 0.010814 0.000003 0.423684
4 4 0.302799 0.211437 0.018853 0.000011 0.466900
0 4 0.465156 0.196746 0.015908 0.000011 0.322179
0 4 0.458562 0.140428 0.008160 0.000003 0.392847
0 1 0.605671 0.137185 0.005668 0.000001 0.251476
4 4 0.227666 0.228798 0.020227 0.000008 0.523301
4 4 0.438005 0.110282 0.005431 0.000002 0.446281
0 0 0.993523 0.004593 0.000077 0.000000 0.001807
0 0 0.996381 0.000984 0.000019 0.000000 0.002617
0 0 0.997070 0.001596 0.000054 0.000000 0.001279
0 0 0.859381 0.036087 0.002354 0.000005 0.102173
0 0 0.763670 0.058725 0.003892 0.000005 0.173709
0 0 0.596906 0.134948 0.005418 0.000001 0.262726
0 0 0.654939 0.074191 0.004675 0.000005 0.266190
0 4 0.496959 0.138889 0.007146 0.000002 0.357004
4 4 0.286370 0.251124 0.018653 0.000005 0.443848
4 4 0.074650 0.178168 0.027897 0.000027 0.719257
0 0 0.688676 0.220862 0.040036 0.000275 0.050151
4 1 0.091401 0.257875 0.030380 0.000011 0.620333
4 1 0.058273 0.248860 0.036655 0.000016 0.656196
4 1 0.016690 0.177159 0.048971 0.000056 0.757125
4 1 0.010128 0.222055 0.053473 0.000020 0.714324
4 1 0.006815 0.229505 0.081934 0.000059 0.681688
4 1 0.008686 0.260439 0.085431 0.000053 0.645391
4 1 0.173413 0.123943 0.023341 0.000129 0.679173
0 0 0.504746 0.224396 0.051041 0.000562 0.219255
4 1 0.016161 0.226921 0.071751 0.000086 0.685081
4 1 0.012496 0.197503 0.064344 0.000077 0.725579
4 1 0.011917 0.235564 0.118700 0.000374 0.633445
4 1 0.005943 0.275145 0.106127 0.000067 0.612718
4 2 0.009103 0.222005 0.066895 0.000041 0.701955
4 2 0.004043 0.209018 0.098226 0.000103 0.688611
4 2 0.010240 0.266943 0.099102 0.000099 0.623617
4 2 0.005277 0.224624 0.146505 0.000372 0.623222
4 2 0.003495 0.194910 0.296545 0.000432 0.504617
4 2 0.018621 0.272027 0.086150 0.000096 0.623105
1 1 0.036854 0.425090 0.343178 0.004848 0.190029
2 1 0.001947 0.248814 0.439766 0.000958 0.308516
2 2 0.000554 0.075838 0.873685 0.000150 0.049772
2 1 0.009911 0.383363 0.404026 0.000544 0.202157
2 2 0.000450 0.064222 0.878492 0.000201 0.056634
2 2 0.000398 0.055218 0.879592 0.000431 0.064361
2 2 0.000610 0.034822 0.944498 0.000541 0.019529
2 2 0.001230 0.113606 0.789313 0.000557 0.095295
2 2 0.000664 0.065589 0.879174 0.000053 0.054520
1 1 0.014191 0.421880 0.307268 0.001125 0.255536
2 2 0.000259 0.044718 0.914982 0.000094 0.039946
2 2 0.001861 0.105371 0.775521 0.000372 0.116875
2 2 0.000540 0.057988 0.890068 0.000696 0.050708
2 2 0.000552 0.066241 0.862155 0.000394 0.070658
1 1 0.020646 0.364586 0.284835 0.001718 0.328215
2 2 0.000308 0.053366 0.903761 0.000305 0.042260
2 2 0.000822 0.072966 0.847750 0.000753 0.077709
2 2 0.000563 0.048826 0.926932 0.000335 0.023344
2 2 0.001815 0.127037 0.783789 0.001158 0.086201
2 1 0.002890 0.126312 0.802962 0.001126 0.066711
2 2 0.001519 0.088569 0.852999 0.000711 0.056201
0 0 0.547755 0.200603 0.194352 0.012005 0.045286
1 1 0.085267 0.443120 0.204637 0.001489 0.265487
1 1 0.015189 0.418064 0.213110 0.000425 0.353213
1 1 0.007244 0.351659 0.332820 0.000563 0.307714
1 1 0.010228 0.359699 0.314566 0.000510 0.314997
2 1 0.006600 0.251051 0.509344 0.004077 0.228929
2 2 0.002615 0.208149 0.604636 0.000372 0.184228
1 2 0.029932 0.447830 0.218449 0.000675 0.303115
2 2 0.001967 0.177647 0.693288 0.000602 0.126496
2 2 0.000839 0.057122 0.907151 0.000710 0.034178
2 2 0.000593 0.069501 0.871212 0.000258 0.058437
2 2 0.000282 0.040946 0.928517 0.000373 0.029882
2 2 0.000987 0.064620 0.904389 0.000248 0.029757
2 2 0.000664 0.043543 0.935382 0.000344 0.020067
2 2 0.000422 0.045650 0.914939 0.000128 0.038861
2 2 0.000488 0.042035 0.924719 0.001183 0.031575
2 2 0.000660 0.069912 0.859019 0.000110 0.070300
2 2 0.000464 0.047880 0.907769 0.000117 0.043769
2 2 0.000521 0.053453 0.895817 0.000356 0.049854
2 2 0.000287 0.041634 0.923042 0.001911 0.033126
2 2 0.000355 0.025704 0.961027 0.001512 0.011402
2 2 0.000277 0.033834 0.930159 0.001799 0.033931
2 2 0.000274 0.013341 0.980492 0.001445 0.004448
2 2 0.000177 0.013135 0.976995 0.003136 0.006556
2 2 0.000690 0.029998 0.938224 0.017280 0.013807
2 2 0.002105 0.071922 0.893351 0.010769 0.021853
2 2 0.000645 0.028426 0.950923 0.006674 0.013332
2 2 0.000814 0.017184 0.976963 0.002927 0.002112
2 2 0.000815 0.013106 0.972485 0.012457 0.001138
2 2 0.003533 0.046760 0.926645 0.015755 0.007306
2 2 0.000870 0.015828 0.953278 0.027884 0.002139
2 2 0.001022 0.023393 0.943599 0.023116 0.008871
2 2 0.001886 0.034855 0.937619 0.019719 0.005922
2 2 0.028592 0.093412 0.817489 0.041859 0.018649
2 2 0.026580 0.189838 0.723324 0.023268 0.036990
2 2 0.000569 0.036723 0.942014 0.001916 0.018779
2 2 0.000799 0.032236 0.952375 0.006008 0.008582
2 2 0.001789 0.035226 0.945640 0.008778 0.008567
2 2 0.000522 0.022136 0.962711 0.009029 0.005602
2 2 0.001137 0.032280 0.953283 0.008652 0.004648
2 2 0.000930 0.020301 0.966012 0.008484 0.004273
2 2 0.005386 0.045294 0.910226 0.031808 0.007285
2 2 0.002646 0.032553 0.929126 0.030659 0.005016
2 2 0.003961 0.064094 0.880339 0.036569 0.015037
2 2 0.076349 0.128542 0.728211 0.040266 0.026631
2 1 0.064883 0.289455 0.592863 0.009860 0.042940
2 2 0.002167 0.044099 0.935667 0.009198 0.008869
2 2 0.001087 0.055128 0.927747 0.002023 0.014015
2 2 0.000471 0.018959 0.969229 0.008909 0.002432
2 2 0.004786 0.046212 0.921127 0.021650 0.006226
2 2 0.001745 0.044156 0.932659 0.008533 0.012907
2 2 0.000845 0.043308 0.936371 0.001576 0.017900
2 2 0.000591 0.021498 0.968539 0.002291 0.007080
2 2 0.001408 0.037604 0.950831 0.004073 0.006083
2 2 0.015706 0.145666 0.790653 0.014049 0.033926
2 2 0.002259 0.054673 0.922714 0.008919 0.011436
2 2 0.001558 0.019495 0.971009 0.006581 0.001357
2 2 0.001984 0.026476 0.952310 0.016334 0.002895
2 3 0.001363 0.021904 0.961992 0.012357 0.002383
2 2 0.006645 0.180865 0.762858 0.004494 0.045138
2 2 0.001148 0.047006 0.938143 0.003418 0.010286
2 2 0.003716 0.077596 0.899604 0.004298 0.014786
2 2 0.013730 0.268077 0.633220 0.002532 0.082440
2 1 0.292502 0.242094 0.388915 0.020858 0.055631
2 1 0.022762 0.312676 0.549873 0.004578 0.110112
2 2 0.001106 0.038451 0.952604 0.001318 0.006521
2 2 0.002615 0.077054 0.892562 0.001055 0.026713
2 2 0.001825 0.081421 0.878253 0.000962 0.037539
2 1 0.045822 0.347342 0.543915 0.004567 0.058354
1 1 0.120011 0.502146 0.290975 0.003439 0.083429
1 1 0.014424 0.408448 0.331892 0.000864 0.244373
2 2 0.001315 0.082364 0.878841 0.000561 0.036919
2 2 0.016442 0.162397 0.725379 0.001223 0.094559
2 1 0.036904 0.396670 0.446514 0.002863 0.117049
2 2 0.005814 0.101538 0.866370 0.005249 0.021029
2 2 0.002182 0.116620 0.828537 0.000506 0.052155
2 2 0.001306 0.042015 0.949971 0.002944 0.003764
2 0 0.308620 0.191362 0.377995 0.035914 0.086109
1 0 0.280236 0.433423 0.202175 0.004151 0.080015
4 1 0.003659 0.179654 0.052007 0.000015 0.764665
4 1 0.006667 0.155351 0.049490 0.000040 0.788452
4 1 0.009417 0.185675 0.049276 0.000027 0.755605
4 1 0.006980 0.207571 0.040608 0.000006 0.744835
4 1 0.011230 0.163933 0.043114 0.000032 0.781691
4 1 0.003148 0.185824 0.110971 0.000204 0.699852
4 2 0.003185 0.225765 0.144563 0.000044 0.626444
2 2 0.000907 0.078815 0.685016 0.000057 0.235205
4 1 0.024627 0.142859 0.038923 0.000080 0.793511
4 1 0.018029 0.223398 0.045459 0.000018 0.713096
4 2 0.001715 0.194775 0.150826 0.000118 0.652566
2 2 0.001808 0.115655 0.460884 0.000207 0.421445
4 4 0.019516 0.105219 0.031749 0.000098 0.843418
4 4 0.019211 0.031861 0.012597 0.000315 0.936016
4 4 0.052101 0.040682 0.015878 0.000601 0.890738
4 4 0.036431 0.041489 0.021762 0.001408 0.898910
4 4 0.010032 0.153867 0.030622 0.000010 0.805469
4 4 0.023743 0.062593 0.021625 0.000213 0.891826
4 4 0.026226 0.067148 0.024495 0.000285 0.881846
4 4 0.007116 0.148922 0.049306 0.000050 0.794607
4 4 0.028696 0.131375 0.029301 0.000044 0.810585
4 4 0.062158 0.065131 0.016391 0.000160 0.856159
4 4 0.062176 0.063368 0.014284 0.000106 0.860066
4 4 0.058401 0.148034 0.019909 0.000012 0.773643
4 4 0.156152 0.133202 0.016732 0.000025 0.693890
0 0 0.424987 0.168867 0.016667 0.000023 0.389456
4 4 0.037115 0.145818 0.031360 0.000048 0.785659
4 4 0.033133 0.073521 0.022265 0.000174 0.870907
4 4 0.037778 0.138323 0.031108 0.000058 0.792732
4 4 0.026739 0.137252 0.047865 0.000222 0.787922
4 4 0.043171 0.127789 0.022351 0.000026 0.806663
4 4 0.035194 0.155555 0.030081 0.000030 0.779139
4 4 0.063556 0.072400 0.017200 0.000130 0.846714
4 4 0.040131 0.116945 0.023926 0.000044 0.818954
4 4 0.073556 0.082374 0.014280 0.000044 0.829746
4 4 0.060376 0.061704 0.014489 0.000121 0.863311
4 4 0.045089 0.054610 0.016155 0.000223 0.883923
4 4 0.062450 0.078567 0.018247 0.000116 0.840620
4 4 0.069654 0.069507 0.016628 0.000146 0.844065
4 4 0.067587 0.053004 0.015716 0.000285 0.863408
4 4 0.034843 0.038517 0.008270 0.000054 0.918317
4 4 0.058527 0.055521 0.010907 0.000060 0.874984
4 4 0.054292 0.030731 0.007992 0.000130 0.906855
4 4 0.046344 0.026822 0.011141 0.000611 0.915083
4 4 0.055025 0.022829 0.009634 0.000681 0.911831
4 4 0.092207 0.057969 0.005799 0.000007 0.844018
4 4 0.047990 0.040740 0.005719 0.000014 0.905536
4 4 0.070313 0.039184 0.013850 0.000498 0.876154
4 4 0.025709 0.031881 0.010813 0.000217 0.931380
4 4 0.018320 0.027408 0.009815 0.000204 0.944253
4 4 0.026706 0.032263 0.008871 0.000105 0.932055
4 4 0.075145 0.030074 0.009514 0.000319 0.884947
4 4 0.113634 0.024198 0.010896 0.001364 0.849908
4 4 0.084586 0.021436 0.008525 0.000701 0.884752
4 4 0.069398 0.042213 0.009798 0.000111 0.878480
4 4 0.050386 0.049254 0.009615 0.000052 0.890693
4 4 0.023392 0.057472 0.017442 0.000129 0.901564
4 4 0.047048 0.048011 0.008897 0.000040 0.896004
4 4 0.081458 0.056442 0.006563 0.000011 0.855526
4 4 0.022278 0.063037 0.018297 0.000103 0.896285
4 4 0.042581 0.345861 0.190379 0.001627 0.419552
4 4 0.025961 0.299772 0.254850 0.002926 0.416491
1 2 0.043276 0.366330 0.245430 0.003370 0.341595
1 2 0.026562 0.406707 0.252157 0.001522 0.313053
1 2 0.022645 0.390118 0.217427 0.000893 0.368917
4 2 0.022983 0.358795 0.226025 0.001472 0.390725
1 2 0.040115 0.394161 0.205062 0.001193 0.359470
1 2 0.011669 0.376325 0.261375 0.001081 0.349551
1 2 0.013145 0.437412 0.265414 0.000691 0.283337
2 2 0.027692 0.309052 0.363737 0.006715 0.292805
4 2 0.032472 0.299165 0.206423 0.003046 0.458893
1 2 0.014770 0.422914 0.273566 0.000892 0.287858
1 2 0.024905 0.386942 0.239452 0.001449 0.347252
0 0 0.631205 0.250454 0.073332 0.001514 0.043496
0 0 0.422686 0.350108 0.089591 0.000696 0.136919
1 1 0.087741 0.397113 0.165966 0.001102 0.348078
1 1 0.036726 0.380999 0.200922 0.001167 0.380187
4 1 0.022084 0.353400 0.250058 0.002193 0.372265
1 1 0.035349 0.387896 0.213407 0.001309 0.362039
4 1 0.023600 0.348387 0.197259 0.000949 0.429805
2 2 0.001078 0.065655 0.906162 0.000195 0.026910
2 2 0.003586 0.173789 0.719459 0.000480 0.102686
2 2 0.006694 0.323863 0.486015 0.000928 0.182499
0 0 0.638802 0.260941 0.063960 0.000752 0.035545
1 1 0.387682 0.481583 0.087247 0.000140 0.043348
1 1 0.132917 0.634940 0.118568 0.000062 0.113513
1 1 0.036144 0.594069 0.229555 0.000289 0.139943
2 2 0.020519 0.421589 0.447073 0.000273 0.110546
2 2 0.024470 0.429615 0.442205 0.000332 0.103378
2 2 0.017002 0.183757 0.751503 0.000410 0.047328
2 2 0.004006 0.106137 0.849218 0.000276 0.040363
2 2 0.005487 0.158809 0.759352 0.000356 0.075996
2 2 0.004557 0.100559 0.843970 0.000568 0.050347
1 1 0.036973 0.595098 0.219668 0.000090 0.148170
2 2 0.013953 0.289902 0.614239 0.000119 0.081787
1 1 0.374749 0.460431 0.120379 0.000552 0.043889
2 2 0.023565 0.349307 0.574281 0.000335 0.052512
2 2 0.011849 0.155622 0.806183 0.001086 0.025261
2 2 0.004051 0.139203 0.816437 0.000118 0.040191
2 2 0.001989 0.092404 0.870704 0.000234 0.034669
2 2 0.001606 0.043823 0.943180 0.000304 0.011087
2 2 0.000781 0.030430 0.961914 0.000756 0.006120
2 2 0.000704 0.047144 0.939360 0.000200 0.012592
2 2 0.000347 0.021557 0.974503 0.000545 0.003048
2 2 0.003394 0.057211 0.926214 0.001871 0.011311
2 2 0.000923 0.042169 0.944831 0.000650 0.011426
2 2 0.002403 0.053812 0.933494 0.003024 0.007267
2 2 0.001165 0.058980 0.921179 0.000351 0.018325
2 2 0.001266 0.059656 0.920274 0.001177 0.017627
2 2 0.001924 0.058084 0.927522 0.001017 0.011453
2 2 0.001025 0.040158 0.939672 0.002978 0.016166
2 0 0.319696 0.220874 0.397960 0.017249 0.044221
2 1 0.049608 0.421647 0.496556 0.001411 0.030778
2 2 0.001292 0.033568 0.960763 0.000483 0.003894
2 2 0.000990 0.051302 0.914773 0.000692 0.032243
2 2 0.000301 0.022556 0.973047 0.000370 0.003725
2 2 0.001069 0.020585 0.973027 0.002595 0.002725
2 2 0.000440 0.034080 0.950474 0.000615 0.014391
2 2 0.001408 0.028399 0.957589 0.008102 0.004502
2 2 0.001070 0.018113 0.975825 0.003054 0.001938
2 2 0.001650 0.016669 0.959457 0.020390 0.001834
2 2 0.002975 0.020792 0.905269 0.067000 0.003964
2 2 0.001725 0.018705 0.965387 0.012524 0.001659
2 2 0.001047 0.012664 0.962027 0.022827 0.001435
2 2 0.002649 0.017276 0.947377 0.030579 0.002120
2 2 0.003019 0.033568 0.941173 0.018267 0.003973
2 2 0.001550 0.018270 0.939834 0.037531 0.002816
2 2 0.014730 0.040096 0.834164 0.101782 0.009228
2 3 0.006106 0.037512 0.913442 0.036947 0.005993
2 3 0.009212 0.037381 0.862646 0.082424 0.008337
2 0 0.102831 0.250803 0.586777 0.015965 0.043624
2 2 0.004248 0.033058 0.940777 0.018157 0.003759
2 2 0.004218 0.036736 0.937106 0.017692 0.004248
2 2 0.001083 0.017324 0.977945 0.001690 0.001957
2 2 0.000990 0.028013 0.960555 0.003724 0.006718
2 2 0.000502 0.024255 0.967235 0.002429 0.005578
