4 0 0.177683 0.228668 0.006248 0.000000 0.587400
4 0 0.253548 0.153100 0.002495 0.000000 0.590857
1 0 0.070818 0.702593 0.003982 0.000000 0.222607
1 1 0.010320 0.521616 0.018313 0.000007 0.449744
1 1 0.004663 0.514348 0.044994 0.000014 0.435980
4 1 0.015027 0.380260 0.014065 0.000001 0.590647
4 1 0.010996 0.387615 0.018449 0.000001 0.582939
4 1 0.011187 0.425909 0.026067 0.000001 0.536836
4 1 0.011195 0.338868 0.020826 0.000000 0.629110
4 1 0.005743 0.476841 0.027743 0.000002 0.489671
4 1 0.015779 0.367448 0.017547 0.000001 0.599224
4 1 0.006986 0.392965 0.034295 0.000003 0.565751
4 1 0.026014 0.361243 0.017284 0.000000 0.595459
4 1 0.006497 0.410181 0.034917 0.000001 0.548404
4 4 0.030162 0.100210 0.003768 0.000000 0.865859
4 4 0.016584 0.093777 0.003968 0.000000 0.885670
4 4 0.022899 0.308810 0.011767 0.000000 0.656524
4 4 0.017723 0.366295 0.011430 0.000000 0.604551
4 4 0.022085 0.442120 0.016374 0.000001 0.519421
4 4 0.008627 0.434484 0.028258 0.000001 0.528629
1 1 0.021045 0.672976 0.187491 0.000145 0.118343
1 1 0.012831 0.592565 0.192721 0.000164 0.201720
1 1 0.027288 0.657575 0.148844 0.000448 0.165845
1 1 0.013674 0.629160 0.169170 0.000831 0.187165
1 1 0.007445 0.624604 0.217014 0.000494 0.150442
1 1 0.012595 0.633653 0.177423 0.000548 0.175781
1 1 0.008562 0.621186 0.197313 0.000524 0.172415
1 1 0.012290 0.597681 0.213140 0.001070 0.175820
1 1 0.006410 0.676216 0.234705 0.000446 0.082222
1 1 0.019976 0.581342 0.186127 0.002083 0.210473
1 1 0.008724 0.681090 0.209848 0.000644 0.099693
1 1 0.009179 0.703085 0.174076 0.000596 0.113064
1 2 0.023377 0.586360 0.261002 0.003612 0.125650
1 2 0.011118 0.656947 0.226208 0.000997 0.104730
2 2 0.041618 0.299132 0.536785 0.048898 0.073567
2 2 0.035172 0.206403 0.617964 0.091636 0.048825
2 2 0.022508 0.217884 0.678855 0.041500 0.039253
2 2 0.044180 0.163553 0.544703 0.199381 0.048184
2 2 0.051005 0.343180 0.486432 0.032051 0.087334
2 3 0.064979 0.142326 0.519462 0.227805 0.045428
3 3 0.020320 0.029842 0.248269 0.690339 0.011230
3 3 0.027115 0.035334 0.223772 0.698503 0.015277
3 3 0.018449 0.028137 0.230381 0.712224 0.010809
3 3 0.020371 0.017416 0.133569 0.820166 0.008478
3 3 0.050494 0.054723 0.191952 0.672428 0.030403
3 3 0.021649 0.021177 0.136459 0.809900 0.010815
3 3 0.016117 0.016205 0.124301 0.835432 0.007945
3 3 0.015724 0.016527 0.126654 0.833095 0.008000
3 3 0.008808 0.009227 0.100737 0.877046 0.004183
3 3 0.008859 0.009272 0.100912 0.876750 0.004207
3 3 0.014848 0.015641 0.124088 0.837907 0.007517
3 3 0.014756 0.014235 0.117025 0.847012 0.006973
3 3 0.011831 0.014742 0.126558 0.840222 0.006646
3 3 0.009651 0.010563 0.107501 0.867494 0.004791
3 3 0.037289 0.044536 0.185329 0.709554 0.023292
3 3 0.015061 0.018186 0.136022 0.822240 0.008492
3 3 0.040897 0.052323 0.198069 0.681411 0.027301
3 3 0.022979 0.022965 0.141336 0.800965 0.011755
3 3 0.010911 0.011882 0.112474 0.859262 0.005471
3 3 0.015191 0.018978 0.139406 0.817622 0.008803
3 3 0.022957 0.023136 0.142022 0.800065 0.011820
3 3 0.030999 0.038022 0.177432 0.734236 0.019310
3 3 0.009368 0.010737 0.109472 0.865620 0.004803
3 3 0.010630 0.012676 0.118040 0.852953 0.005701
3 3 0.016147 0.019226 0.138400 0.817148 0.009079
3 3 0.018268 0.025005 0.157874 0.787234 0.011620
3 3 0.018390 0.018989 0.132871 0.820352 0.009399
3 3 0.014860 0.016988 0.130743 0.829393 0.008017
3 3 0.010364 0.010669 0.106269 0.867751 0.004946
3 3 0.015254 0.018005 0.134733 0.823546 0.008462
3 3 0.010102 0.011233 0.110597 0.862966 0.005103
3 3 0.006208 0.006871 0.090686 0.893276 0.002958
3 3 0.010281 0.011784 0.113570 0.859038 0.005327
3 3 0.009017 0.010776 0.110792 0.864660 0.004754
3 3 0.005634 0.006332 0.088047 0.897300 0.002687
3 3 0.006553 0.007192 0.092185 0.890949 0.003121
3 3 0.007857 0.009181 0.103358 0.875596 0.004008
3 3 0.016744 0.018137 0.132198 0.824137 0.008784
3 3 0.007702 0.009123 0.103446 0.875768 0.003962
3 3 0.008525 0.010063 0.107486 0.869503 0.004424
3 3 0.018034 0.021373 0.143781 0.806576 0.010236
3 3 0.011208 0.012730 0.116789 0.853448 0.005824
3 3 0.019312 0.024099 0.152201 0.792883 0.011505
3 3 0.010720 0.011639 0.111479 0.860810 0.005352
3 3 0.007817 0.008770 0.100439 0.879112 0.003862
3 3 0.010708 0.011982 0.113623 0.858214 0.005471
3 3 0.009654 0.011618 0.114332 0.859238 0.005157
3 3 0.012617 0.013846 0.119628 0.847439 0.006471
3 3 0.011403 0.012481 0.114810 0.855537 0.005769
3 3 0.015228 0.018534 0.137271 0.820316 0.008650
3 3 0.008188 0.009067 0.101451 0.877269 0.004026
3 3 0.018077 0.016874 0.123854 0.832671 0.008525
3 3 0.015305 0.017899 0.134120 0.824243 0.008433
3 3 0.024498 0.028656 0.159254 0.773311 0.014281
3 3 0.023758 0.024727 0.146683 0.792237 0.012595
3 3 0.021188 0.023752 0.147341 0.795979 0.011740
3 3 0.008138 0.008632 0.098393 0.880969 0.003868
3 3 0.012336 0.012248 0.111184 0.858392 0.005839
3 3 0.016464 0.019587 0.139336 0.815340 0.009273
3 3 0.013496 0.015387 0.125809 0.838122 0.007185
3 3 0.008005 0.008513 0.097909 0.881767 0.003805
3 3 0.004837 0.005567 0.084027 0.903258 0.002310
3 3 0.007469 0.008030 0.095895 0.885053 0.003553
3 3 0.010061 0.010839 0.108171 0.865972 0.004957
3 3 0.008445 0.009398 0.103049 0.874925 0.004183
3 3 0.009166 0.009541 0.101934 0.875007 0.004351
3 3 0.007324 0.007899 0.095334 0.885959 0.003484
3 3 0.009244 0.010555 0.108628 0.866854 0.004718
3 3 0.006490 0.007420 0.094333 0.888571 0.003186
3 3 0.005878 0.006562 0.089192 0.895565 0.002802
3 3 0.005320 0.006032 0.086516 0.899593 0.002539
3 3 0.011973 0.013599 0.119835 0.848324 0.006269
3 3 0.006850 0.007466 0.093432 0.888991 0.003261
3 3 0.010135 0.010535 0.105999 0.868471 0.004861
3 3 0.008974 0.009704 0.103618 0.873327 0.004377
3 3 0.007879 0.008617 0.099085 0.880600 0.003820
3 3 0.009156 0.010523 0.108678 0.866950 0.004692
3 3 0.005936 0.006616 0.089458 0.895160 0.002830
3 3 0.011535 0.011799 0.110400 0.860721 0.005545
3 3 0.005611 0.006310 0.087937 0.897467 0.002676
3 3 0.005560 0.006299 0.088043 0.897433 0.002665
3 3 0.010166 0.011770 0.113801 0.858962 0.005302
3 3 0.011208 0.013110 0.119021 0.850703 0.005958
3 3 0.018605 0.019243 0.133588 0.819030 0.009534
3 3 0.006753 0.007386 0.093109 0.889533 0.003219
3 3 0.006460 0.007347 0.093830 0.889206 0.003157
3 3 0.011647 0.013369 0.119360 0.849496 0.006128
3 3 0.009353 0.010831 0.110136 0.864847 0.004833
3 3 0.008361 0.009666 0.105219 0.872494 0.004260
3 3 0.008686 0.009119 0.100323 0.877746 0.004126
3 3 0.011317 0.012997 0.118069 0.851679 0.005938
3 3 0.008914 0.010348 0.108225 0.867924 0.004589
3 3 0.017742 0.021031 0.142934 0.808242 0.010052
3 3 0.006949 0.007914 0.096732 0.884978 0.003428
3 3 0.008883 0.009998 0.105930 0.870725 0.004464
3 3 0.006711 0.007515 0.094327 0.888192 0.003255
3 3 0.005534 0.006406 0.089136 0.896230 0.002695
3 3 0.009218 0.010439 0.107926 0.867744 0.004674
3 3 0.010661 0.011765 0.112413 0.859775 0.005386
3 3 0.009137 0.010539 0.108839 0.866792 0.004694
3 3 0.006834 0.008162 0.099125 0.882389 0.003490
3 3 0.006368 0.007020 0.091389 0.892190 0.003034
3 3 0.010782 0.013177 0.120583 0.849555 0.005903
3 3 0.005708 0.006508 0.089366 0.895661 0.002757
3 3 0.015779 0.019150 0.138864 0.817227 0.008981
3 3 0.009247 0.010281 0.106778 0.869071 0.004624
3 3 0.010367 0.011526 0.111722 0.861133 0.005251
3 3 0.010587 0.012034 0.114268 0.857643 0.005468
3 3 0.015785 0.019357 0.139786 0.816014 0.009057
3 3 0.007121 0.008502 0.100762 0.879961 0.003653
3 3 0.010882 0.014417 0.127419 0.840932 0.006350
3 3 0.011549 0.015842 0.133277 0.832361 0.006971
3 3 0.006509 0.007152 0.092000 0.891238 0.003100
3 3 0.012167 0.012107 0.110744 0.859221 0.005760
3 3 0.007968 0.008480 0.097772 0.881993 0.003788
3 3 0.059852 0.059216 0.191262 0.655355 0.034315
3 3 0.011775 0.013833 0.139408 0.829105 0.005880
3 3 0.025190 0.049074 0.357337 0.551912 0.016487
3 2 0.050857 0.084899 0.348232 0.481190 0.034822
2 1 0.044108 0.118909 0.564079 0.238669 0.034235
1 1 0.103002 0.424811 0.353655 0.009967 0.108565
2 1 0.034133 0.377675 0.495747 0.014963 0.077482
1 1 0.033495 0.526225 0.306722 0.007552 0.126006
2 2 0.015259 0.159390 0.761533 0.039878 0.023941
1 2 0.038843 0.487304 0.331211 0.010441 0.132202
2 2 0.031351 0.409306 0.461258 0.006129 0.091954
1 2 0.028766 0.452697 0.419469 0.008663 0.090404
2 2 0.017096 0.249070 0.653570 0.014899 0.065364
2 2 0.024447 0.354420 0.541995 0.014856 0.064282
2 2 0.031958 0.429122 0.436496 0.012034 0.090390
1 2 0.038721 0.458320 0.367933 0.011766 0.123261
1 2 0.028473 0.526843 0.283001 0.005302 0.156382
1 2 0.017323 0.521932 0.337722 0.002882 0.120141
1 2 0.028741 0.583035 0.262637 0.003116 0.122471
1 2 0.051182 0.624329 0.225860 0.000519 0.098109
1 2 0.015529 0.559290 0.332112 0.002445 0.090623
1 2 0.019661 0.485482 0.408554 0.004558 0.081746
1 2 0.039084 0.520174 0.342774 0.003054 0.094915
1 2 0.043423 0.594964 0.276353 0.000602 0.084658
1 2 0.101673 0.632313 0.163724 0.000213 0.102077
0 2 0.588926 0.224550 0.103015 0.002165 0.081345
1 2 0.152412 0.583038 0.174501 0.000183 0.089867
1 2 0.096745 0.601771 0.220076 0.000210 0.081198
1 2 0.132549 0.594757 0.186429 0.000171 0.086094
1 2 0.099379 0.632914 0.189745 0.000099 0.077862
0 1 0.555054 0.255532 0.087674 0.001908 0.099831
1 1 0.179752 0.561659 0.167985 0.000193 0.090412
1 1 0.055742 0.646446 0.202311 0.000295 0.095206
1 1 0.077156 0.560472 0.271010 0.000795 0.090567
1 1 0.112789 0.570748 0.225485 0.000416 0.090562
1 1 0.077829 0.576484 0.255897 0.000574 0.089216
1 1 0.088677 0.546109 0.289964 0.000457 0.074793
1 1 0.050605 0.535475 0.313156 0.002272 0.098492
1 1 0.036380 0.564159 0.302328 0.001655 0.095478
1 1 0.018886 0.556279 0.364063 0.000546 0.060227
2 2 0.034213 0.375889 0.507887 0.011214 0.070797
2 2 0.015275 0.396508 0.529088 0.004621 0.054508
1 2 0.027372 0.498768 0.398229 0.002148 0.073483
2 2 0.024228 0.422599 0.480116 0.005416 0.067641
1 2 0.030577 0.469100 0.392990 0.008744 0.098588
2 2 0.039549 0.290471 0.547009 0.052359 0.070612
2 2 0.030096 0.180872 0.661540 0.088323 0.039170
2 2 0.039806 0.278873 0.560949 0.053413 0.066958
2 2 0.038551 0.218770 0.592916 0.095185 0.054578
2 2 0.045657 0.227092 0.567197 0.099329 0.060726
2 2 0.030001 0.194216 0.656741 0.077471 0.041571
2 2 0.022574 0.138329 0.705459 0.106290 0.027349
2 2 0.043448 0.218263 0.564180 0.114974 0.059136
2 2 0.025983 0.131806 0.690712 0.123797 0.027702
2 2 0.052973 0.200279 0.510836 0.172729 0.063183
2 2 0.054004 0.218116 0.525417 0.136434 0.066030
2 2 0.053101 0.226034 0.513320 0.138131 0.069413
2 2 0.038959 0.151915 0.537943 0.226710 0.044473
2 2 0.064546 0.276638 0.448685 0.116136 0.093996
2 2 0.043242 0.145539 0.491059 0.273307 0.046853
2 3 0.040425 0.168500 0.559759 0.183767 0.047549
2 3 0.045809 0.151785 0.505189 0.249004 0.048213
2 3 0.068289 0.109536 0.506026 0.280871 0.035278
2 3 0.097996 0.319616 0.450463 0.037987 0.093938
2 2 0.082037 0.359615 0.444830 0.021111 0.092408
1 2 0.332710 0.358214 0.217497 0.002189 0.089390
0 0 0.759777 0.133040 0.028322 0.001177 0.077684
1 0 0.076909 0.706997 0.095377 0.000083 0.120634
1 0 0.042587 0.597856 0.234554 0.001871 0.123132
1 1 0.095173 0.545779 0.255226 0.001201 0.102622
1 1 0.043498 0.583416 0.275380 0.001116 0.096590
1 1 0.092228 0.652806 0.152046 0.000166 0.102754
1 1 0.120086 0.587202 0.191661 0.000379 0.100672
1 0 0.127018 0.644848 0.123157 0.000105 0.104872
0 0 0.653533 0.187351 0.070961 0.002669 0.085486
1 0 0.050214 0.657724 0.166937 0.000548 0.124576
1 1 0.057087 0.461190 0.398981 0.003192 0.079550
1 1 0.089084 0.487621 0.353789 0.000861 0.068644
1 1 0.046681 0.656378 0.221506 0.000140 0.075295
1 1 0.052997 0.513161 0.344333 0.002084 0.087424
1 2 0.033638 0.574153 0.306349 0.001005 0.084854
2 2 0.033449 0.440929 0.444876 0.005122 0.075625
1 2 0.046312 0.648641 0.191039 0.000559 0.113449
1 2 0.042664 0.590583 0.298218 0.000311 0.068224
1 2 0.030631 0.594647 0.276474 0.001210 0.097039
2 2 0.020804 0.275337 0.642328 0.017292 0.044240
2 2 0.030821 0.401213 0.476783 0.011806 0.079377
2 2 0.022080 0.326094 0.589760 0.010398 0.051668
2 2 0.037582 0.370979 0.494170 0.017498 0.079772
2 2 0.030537 0.424849 0.448723 0.010547 0.085344
2 2 0.027382 0.289820 0.607550 0.022028 0.053219
2 2 0.028283 0.410867 0.481209 0.007554 0.072087
2 2 0.027760 0.381655 0.509045 0.011155 0.070385
2 2 0.040172 0.358659 0.501739 0.020172 0.079257
2 2 0.027073 0.279564 0.617025 0.024707 0.051631
2 2 0.032209 0.136341 0.612814 0.184396 0.034239
1 2 0.039029 0.446554 0.396129 0.013189 0.105099
2 2 0.031876 0.306427 0.579499 0.022236 0.059962
2 2 0.129197 0.320218 0.432895 0.026863 0.090827
1 2 0.297016 0.348932 0.235186 0.007495 0.111371
1 2 0.192356 0.435195 0.234751 0.006054 0.131643
1 2 0.057655 0.569096 0.250726 0.002206 0.120317
1 2 0.033691 0.495884 0.347787 0.008782 0.113855
2 2 0.037289 0.369099 0.494860 0.018698 0.080054
1 2 0.028904 0.446613 0.426656 0.008945 0.088883
1 2 0.040236 0.569281 0.240677 0.004937 0.144868
1 2 0.031547 0.477332 0.381428 0.008319 0.101375
1 2 0.045370 0.483064 0.327686 0.013385 0.130495
1 2 0.031948 0.508902 0.336081 0.007741 0.115328
1 2 0.035780 0.530751 0.292009 0.007983 0.133477
1 2 0.049054 0.455898 0.353889 0.016733 0.124425
2 2 0.044943 0.318023 0.516697 0.041160 0.079176
2 2 0.041749 0.414897 0.424140 0.018520 0.100694
2 2 0.039220 0.397323 0.449669 0.020317 0.093471
2 2 0.055746 0.322986 0.489220 0.044312 0.087736
0 2 0.601705 0.182785 0.122935 0.009340 0.083235
0 0 0.967695 0.018309 0.003602 0.000048 0.010347
1 0 0.090063 0.648852 0.119721 0.000365 0.140999
0 0 0.968257 0.016493 0.003470 0.000037 0.011743
0 0 0.737468 0.139552 0.039108 0.002338 0.081534
1 1 0.026554 0.696299 0.150476 0.000455 0.126216
1 1 0.028655 0.622404 0.174830 0.003539 0.170572
1 2 0.022758 0.633668 0.190015 0.002621 0.150938
1 2 0.028542 0.588877 0.233665 0.004478 0.144438
1 2 0.047246 0.570083 0.177761 0.008103 0.196808
1 2 0.013453 0.586869 0.138559 0.000902 0.260218
4 4 0.026745 0.196318 0.104644 0.002054 0.670239
1 4 0.015366 0.468175 0.123137 0.001133 0.392189
4 4 0.020675 0.077567 0.036353 0.000668 0.864737
4 4 0.025239 0.276066 0.102761 0.003127 0.592807
4 4 0.027668 0.280243 0.099197 0.003049 0.589844
4 4 0.020069 0.293352 0.118388 0.002263 0.565929
4 4 0.022615 0.361386 0.134130 0.002557 0.479312
1 4 0.024815 0.557083 0.199900 0.002627 0.215575
1 4 0.014421 0.590623 0.137067 0.000998 0.256891
4 4 0.104155 0.231354 0.112665 0.000804 0.551022
1 1 0.021786 0.667981 0.204515 0.000153 0.105564
1 1 0.019908 0.450912 0.174309 0.002164 0.352707
1 1 0.013711 0.550006 0.133897 0.000927 0.301458
1 1 0.019960 0.452840 0.154949 0.002010 0.370242
1 1 0.020694 0.489535 0.190588 0.002353 0.296829
1 1 0.026773 0.470469 0.179684 0.003463 0.319612
1 1 0.013920 0.515398 0.174638 0.001159 0.294886
1 1 0.014863 0.561587 0.151872 0.001136 0.270542
1 1 0.025356 0.508616 0.187031 0.003162 0.275835
0 0 0.490123 0.301343 0.111030 0.001314 0.096190
1 0 0.374233 0.460031 0.056997 0.000073 0.108667
0 0 0.801310 0.106887 0.043631 0.001131 0.047041
0 0 0.984707 0.008741 0.001660 0.000015 0.004878
0 0 0.560718 0.282278 0.061608 0.000443 0.094953
1 0 0.235819 0.617945 0.031681 0.000007 0.114547
1 0 0.199756 0.644776 0.035641 0.000010 0.119818
1 0 0.356592 0.503707 0.035143 0.000014 0.104544
1 0 0.265576 0.563676 0.056996 0.000038 0.113714
1 0 0.402775 0.451605 0.045419 0.000034 0.100167
1 0 0.271757 0.560065 0.045621 0.000032 0.122525
1 0 0.353405 0.459964 0.069850 0.000154 0.116627
1 0 0.314111 0.527061 0.036130 0.000024 0.122674
1 0 0.276772 0.533186 0.065811 0.000095 0.124135
1 0 0.310242 0.486961 0.075487 0.000208 0.127102
1 0 0.295330 0.520511 0.061226 0.000085 0.122848
1 0 0.236397 0.549455 0.088524 0.000175 0.125448
0 0 0.527239 0.295129 0.070047 0.000781 0.106805
1 0 0.336485 0.446637 0.095520 0.000418 0.120940
0 0 0.899879 0.048281 0.019255 0.001534 0.031050
0 0 0.626401 0.124790 0.101482 0.055691 0.091636
0 0 0.503137 0.230476 0.094184 0.020571 0.151632
1 0 0.051406 0.489827 0.355538 0.004604 0.098625
2 0 0.034244 0.332383 0.570462 0.008960 0.053951
2 1 0.025807 0.214174 0.709088 0.019203 0.031728
2 1 0.040061 0.422424 0.445307 0.008720 0.083489
2 1 0.037084 0.418929 0.465269 0.005936 0.072781
2 1 0.027974 0.351363 0.539950 0.014991 0.065722
2 1 0.036079 0.294401 0.599126 0.017680 0.052714
2 2 0.038453 0.258335 0.592778 0.051440 0.058995
2 2 0.041821 0.423604 0.439215 0.009277 0.086084
2 2 0.033278 0.296845 0.581561 0.027734 0.060582
2 2 0.038826 0.347909 0.513518 0.022887 0.076861
2 2 0.050380 0.364596 0.470212 0.025100 0.089712
2 2 0.046273 0.313127 0.520372 0.041949 0.078279
2 2 0.052600 0.373725 0.442398 0.030690 0.100587
2 2 0.053595 0.257982 0.511335 0.100666 0.076422
2 2 0.049645 0.300934 0.515221 0.054308 0.079893
1 3 0.054064 0.423224 0.375443 0.025306 0.121965
2 3 0.033777 0.211632 0.629091 0.077571 0.047930
2 3 0.039306 0.131428 0.534736 0.255700 0.038830
2 3 0.029253 0.105321 0.586927 0.251364 0.027135
3 3 0.037451 0.076576 0.378927 0.479163 0.027883
3 3 0.017655 0.031060 0.262353 0.677822 0.011110
2 3 0.049284 0.115788 0.405766 0.385579 0.043583
3 3 0.018544 0.021673 0.144012 0.805323 0.010447
3 3 0.014279 0.021748 0.199128 0.756493 0.008353
3 3 0.023965 0.054138 0.370957 0.533181 0.017758
3 3 0.019396 0.025149 0.192840 0.751982 0.010633
3 3 0.017286 0.018496 0.132766 0.822435 0.009017
3 3 0.048375 0.056315 0.197261 0.667400 0.030649
3 3 0.033326 0.040117 0.179677 0.726235 0.020645
3 3 0.010114 0.010901 0.108433 0.865564 0.004988
3 3 0.021171 0.022412 0.142169 0.803032 0.011217
3 3 0.024597 0.033551 0.174850 0.750823 0.016180
3 3 0.019606 0.025003 0.155083 0.788407 0.011901
3 3 0.013849 0.016416 0.130239 0.831874 0.007622
3 3 0.014867 0.016804 0.129828 0.830551 0.007951
3 3 0.009407 0.010231 0.105978 0.869752 0.004633
3 3 0.010354 0.011910 0.114146 0.858207 0.005384
3 3 0.020336 0.025333 0.154894 0.787263 0.012174
3 3 0.008921 0.010706 0.110623 0.865038 0.004713
3 3 0.008199 0.009338 0.103388 0.874954 0.004121
3 3 0.006409 0.007420 0.094630 0.888369 0.003173
3 3 0.009027 0.010820 0.111052 0.864330 0.004771
3 3 0.005639 0.006337 0.088073 0.897261 0.002690
3 3 0.018839 0.020146 0.137047 0.814046 0.009922
3 3 0.008045 0.008876 0.100497 0.878644 0.003937
3 3 0.011971 0.015435 0.129923 0.835756 0.006915
3 3 0.010943 0.013902 0.124319 0.844651 0.006185
3 3 0.006584 0.007221 0.092320 0.890738 0.003136
3 3 0.009714 0.011520 0.113532 0.860098 0.005135
3 3 0.008782 0.009765 0.104613 0.872473 0.004366
3 3 0.009107 0.011188 0.113229 0.861566 0.004911
3 3 0.019343 0.025405 0.157137 0.786120 0.011995
3 3 0.004793 0.005524 0.083789 0.903605 0.002289
3 3 0.007097 0.007692 0.094432 0.887402 0.003377
3 3 0.007899 0.009287 0.103995 0.874767 0.004051
3 3 0.013629 0.018401 0.140515 0.819170 0.008284
3 3 0.012666 0.013459 0.117357 0.850180 0.006338
3 3 0.006602 0.007604 0.095452 0.887075 0.003266
3 3 0.011400 0.013552 0.121057 0.847844 0.006148
3 3 0.008898 0.010603 0.109998 0.865827 0.004674
3 3 0.007124 0.008713 0.102382 0.878056 0.003724
3 3 0.007393 0.008946 0.103194 0.876619 0.003848
3 3 0.009757 0.011598 0.113901 0.859576 0.005169
3 3 0.006848 0.007651 0.094954 0.887224 0.003323
3 3 0.005208 0.005925 0.085953 0.900428 0.002486
3 3 0.019358 0.023067 0.148062 0.798384 0.011128
3 3 0.006408 0.007817 0.097933 0.884539 0.003303
3 3 0.006322 0.007288 0.093841 0.889436 0.003115
3 3 0.012008 0.014170 0.122937 0.844408 0.006478
3 3 0.009910 0.012076 0.116447 0.856206 0.005362
3 3 0.010566 0.012187 0.115260 0.856467 0.005519
3 3 0.006027 0.007129 0.093613 0.890218 0.003013
3 3 0.011527 0.013738 0.121776 0.846722 0.006237
3 3 0.013044 0.015952 0.129833 0.833867 0.007304
3 3 0.012139 0.013850 0.120828 0.846795 0.006388
3 3 0.012463 0.013384 0.117417 0.850460 0.006276
3 3 0.007360 0.009004 0.103745 0.876029 0.003862
3 3 0.005206 0.005924 0.085946 0.900439 0.002485
3 3 0.006129 0.007544 0.096756 0.886405 0.003166
3 3 0.004963 0.005689 0.084694 0.902284 0.002370
3 3 0.006105 0.006910 0.091412 0.892619 0.002954
3 3 0.008915 0.009808 0.104516 0.872357 0.004403
3 3 0.006921 0.007737 0.095397 0.886582 0.003364
3 3 0.009762 0.010415 0.106213 0.868853 0.004757
3 3 0.011919 0.014152 0.123068 0.844406 0.006455
3 3 0.007424 0.008571 0.100236 0.880041 0.003728
3 3 0.006728 0.007441 0.093650 0.888949 0.003233
3 3 0.007944 0.008962 0.101456 0.877690 0.003949
3 3 0.008046 0.009395 0.104296 0.874150 0.004113
3 3 0.008812 0.009583 0.103247 0.874051 0.004308
3 3 0.004298 0.005039 0.081021 0.907587 0.002055
3 3 0.006887 0.008056 0.098090 0.883501 0.003465
3 3 0.008713 0.010478 0.109736 0.866475 0.004598
3 3 0.003862 0.004603 0.078377 0.911309 0.001849
3 3 0.006677 0.008498 0.102382 0.878871 0.003573
3 3 0.005219 0.005936 0.086009 0.900345 0.002491
3 3 0.003942 0.004684 0.078881 0.910606 0.001887
3 3 0.014756 0.017523 0.133565 0.825962 0.008193
3 3 0.007828 0.008785 0.100510 0.879009 0.003869
3 3 0.008375 0.009567 0.104470 0.873359 0.004229
3 3 0.012308 0.014591 0.124482 0.841937 0.006682
3 3 0.011510 0.014525 0.126233 0.841223 0.006509
3 3 0.011832 0.011826 0.109851 0.860889 0.005603
2 3 0.047240 0.113476 0.406320 0.390661 0.042304
3 0 0.206461 0.143504 0.212680 0.336498 0.100857
2 0 0.078221 0.289630 0.459365 0.077824 0.094960
2 0 0.050771 0.322422 0.508477 0.036789 0.081541
1 0 0.069982 0.456794 0.281477 0.027511 0.164236
2 2 0.055079 0.361387 0.430785 0.046268 0.106481
1 2 0.061543 0.465182 0.303090 0.020634 0.149550
2 2 0.067571 0.333266 0.429506 0.057868 0.111788
1 2 0.065993 0.434188 0.328090 0.028680 0.143050
2 2 0.042874 0.364534 0.475400 0.028135 0.089057
1 2 0.075514 0.419059 0.314836 0.038562 0.152029
1 2 0.084451 0.401828 0.307260 0.049461 0.157001
1 2 0.073512 0.399534 0.346439 0.041875 0.138639
4 4 0.082435 0.307931 0.250516 0.048094 0.311024
4 4 0.028098 0.356907 0.171213 0.004220 0.439562
4 4 0.034516 0.281484 0.130323 0.005809 0.547867
4 4 0.034922 0.278140 0.125634 0.005841 0.555462
4 4 0.032405 0.258470 0.171968 0.007621 0.529536
4 4 0.028599 0.182441 0.117058 0.005804 0.666098
4 4 0.028395 0.127772 0.083715 0.006646 0.753472
4 4 0.049913 0.261143 0.149129 0.015168 0.524648
4 4 0.027153 0.320731 0.140477 0.003796 0.507843
4 4 0.020411 0.088358 0.064979 0.004180 0.822071
4 4 0.024649 0.128770 0.068288 0.004281 0.774013
4 4 0.031973 0.165336 0.077415 0.005688 0.719589
4 4 0.015633 0.399187 0.182575 0.001625 0.400980
4 4 0.029652 0.161342 0.109653 0.006253 0.693100
4 4 0.036753 0.323161 0.130684 0.005848 0.503554
4 4 0.040929 0.302888 0.158365 0.008140 0.489678
4 4 0.029274 0.238700 0.091716 0.004118 0.636193
4 4 0.031730 0.104738 0.086450 0.008562 0.768520
1 4 0.018845 0.511469 0.215019 0.002176 0.252492
4 4 0.021878 0.281687 0.165925 0.003258 0.527252
4 4 0.043070 0.277463 0.115783 0.007787 0.555898
1 4 0.048020 0.535600 0.238959 0.010674 0.166747
1 4 0.021155 0.562521 0.303934 0.003595 0.108795
1 4 0.027579 0.531860 0.320403 0.005792 0.114366
1 4 0.014669 0.617538 0.271360 0.001217 0.095216
1 2 0.154353 0.389444 0.330168 0.012970 0.113064
1 1 0.045958 0.545934 0.334313 0.000746 0.073050
1 1 0.022023 0.607375 0.258919 0.001790 0.109892
1 2 0.014074 0.616587 0.264012 0.001654 0.103673
1 2 0.014333 0.613028 0.267449 0.001723 0.103467
1 2 0.015052 0.613468 0.269146 0.001536 0.100799
1 2 0.024070 0.612634 0.259002 0.001277 0.103017
1 0 0.105168 0.452507 0.341576 0.004211 0.096539
1 0 0.249270 0.348917 0.296738 0.007790 0.097285
1 0 0.236755 0.394775 0.270588 0.003214 0.094667
1 0 0.264562 0.461653 0.139344 0.001328 0.133112
1 0 0.134080 0.556130 0.223338 0.000350 0.086101
1 0 0.047003 0.677652 0.170056 0.000256 0.105034
1 0 0.173489 0.517825 0.195507 0.000963 0.112216
1 0 0.117682 0.434060 0.367149 0.002513 0.078595
1 0 0.091309 0.631144 0.183589 0.000205 0.093753
1 0 0.017213 0.532296 0.373359 0.001823 0.075308
1 0 0.019794 0.460722 0.438401 0.005088 0.075995
2 0 0.042468 0.397220 0.493367 0.004460 0.062484
2 0 0.015555 0.408164 0.514685 0.004520 0.057076
2 0 0.023902 0.252570 0.670475 0.014519 0.038533
2 0 0.019024 0.378435 0.538417 0.006748 0.057377
2 1 0.021163 0.345964 0.569641 0.008980 0.054252
2 1 0.014443 0.367622 0.564854 0.004815 0.048268
2 2 0.016435 0.273847 0.667605 0.007292 0.034822
2 2 0.017156 0.413921 0.502812 0.005057 0.061054
2 2 0.029173 0.372156 0.541791 0.004352 0.052527
2 2 0.015120 0.365463 0.567353 0.004590 0.047474
2 2 0.025358 0.320956 0.586414 0.012876 0.054395
2 2 0.024927 0.372479 0.554697 0.002667 0.045230
2 2 0.021703 0.315918 0.602384 0.010633 0.049363
2 2 0.019672 0.373546 0.542150 0.007214 0.057418
2 2 0.022299 0.401233 0.501832 0.007632 0.067004
2 2 0.019873 0.382736 0.530860 0.007039 0.059491
2 2 0.029184 0.341596 0.552045 0.014211 0.062965
2 2 0.020101 0.383283 0.529538 0.007134 0.059943
2 2 0.034043 0.197784 0.653366 0.071712 0.043095
2 2 0.027853 0.280369 0.618323 0.022316 0.051139
2 2 0.037512 0.360053 0.507385 0.018321 0.076730
2 2 0.031086 0.296944 0.597761 0.019020 0.055188
2 2 0.031184 0.233715 0.648528 0.040304 0.046270
2 2 0.037924 0.346380 0.522382 0.019759 0.073556
2 2 0.026504 0.170650 0.698024 0.071297 0.033525
2 2 0.040339 0.299420 0.567171 0.028334 0.064736
2 2 0.030039 0.266955 0.629725 0.023934 0.049346
2 2 0.021948 0.333447 0.581744 0.009978 0.052883
2 2 0.035362 0.253793 0.621844 0.036681 0.052320
2 2 0.040962 0.315273 0.550067 0.025239 0.068457
2 2 0.035032 0.239173 0.620525 0.053093 0.052177
2 3 0.036429 0.246620 0.611948 0.050636 0.054367
2 2 0.194367 0.281829 0.412490 0.027406 0.083908
2 0 0.167471 0.313429 0.398611 0.026077 0.094411
2 0 0.042428 0.378156 0.471837 0.020010 0.087570
1 0 0.040460 0.439276 0.407662 0.012373 0.100230
1 0 0.032026 0.480662 0.373393 0.008822 0.105097
2 0 0.031834 0.430214 0.441811 0.009858 0.086284
1 1 0.046700 0.438233 0.384414 0.017123 0.113529
1 1 0.025548 0.533340 0.325946 0.005225 0.109941
1 1 0.029124 0.478888 0.385074 0.007870 0.099043
2 1 0.041446 0.394325 0.453051 0.018915 0.092263
1 1 0.037200 0.430555 0.421981 0.013312 0.096952
1 1 0.049518 0.456905 0.351129 0.016840 0.125607
1 1 0.060499 0.399915 0.395368 0.027961 0.116258
2 1 0.036954 0.387686 0.475585 0.015994 0.083781
1 1 0.040517 0.488041 0.336236 0.011422 0.123784
1 1 0.037109 0.470185 0.371081 0.011136 0.110489
1 2 0.034925 0.537273 0.285648 0.007504 0.134650
1 2 0.034675 0.496869 0.343206 0.009060 0.116190
1 2 0.044875 0.492732 0.315598 0.012597 0.134198
1 2 0.046293 0.475215 0.335746 0.014241 0.128505
1 2 0.040066 0.468079 0.364719 0.012368 0.114768
2 2 0.028779 0.268821 0.616050 0.033517 0.052833
1 2 0.044224 0.456136 0.368020 0.014752 0.116867
1 2 0.039656 0.469496 0.364094 0.012133 0.114621
1 2 0.051258 0.451162 0.353782 0.018030 0.125769
1 2 0.038196 0.486566 0.348268 0.010158 0.116811
1 2 0.036526 0.455037 0.392679 0.011679 0.104079
1 2 0.051932 0.482641 0.336203 0.009504 0.119720
1 2 0.037388 0.478820 0.358726 0.010808 0.114258
1 2 0.027620 0.512881 0.345755 0.006330 0.107414
1 2 0.036014 0.439165 0.414566 0.012298 0.097958
1 2 0.035621 0.501908 0.333192 0.009147 0.120131
1 2 0.045353 0.464809 0.366470 0.011199 0.112169
2 0 0.286345 0.267045 0.349775 0.017125 0.079710
1 0 0.076924 0.450694 0.372167 0.005470 0.094745
1 0 0.033156 0.456022 0.401699 0.010274 0.098848
1 0 0.037700 0.511061 0.349818 0.003931 0.097490
1 1 0.026138 0.550280 0.323346 0.002701 0.097535
2 1 0.063644 0.401302 0.453973 0.006201 0.074880
1 1 0.052249 0.489457 0.366927 0.003140 0.088227
2 1 0.060317 0.384807 0.461469 0.011528 0.081879
1 1 0.029968 0.495173 0.381866 0.004189 0.088804
1 1 0.033320 0.497756 0.360660 0.006072 0.102192
2 0 0.241456 0.334628 0.350468 0.003652 0.069796
1 0 0.093999 0.514279 0.295314 0.001609 0.094799
0 0 0.411839 0.260296 0.232098 0.009365 0.086401
1 0 0.033180 0.492133 0.354496 0.008764 0.111427
1 0 0.027438 0.523995 0.331562 0.005968 0.111036
2 0 0.035084 0.428082 0.429914 0.013016 0.093905
2 0 0.028646 0.424031 0.455358 0.009724 0.082241
2 2 0.023683 0.386014 0.510971 0.010852 0.068481
1 2 0.024796 0.514315 0.353877 0.005478 0.101533
1 2 0.021760 0.488705 0.326743 0.003978 0.158814
1 2 0.030437 0.455875 0.323866 0.006842 0.182980
1 2 0.022856 0.539431 0.257933 0.003402 0.176379
1 2 0.026959 0.465046 0.313713 0.005428 0.188855
1 2 0.025413 0.477959 0.293311 0.004608 0.198709
1 2 0.016286 0.548014 0.292148 0.002232 0.141320
1 2 0.019121 0.602149 0.258273 0.002607 0.117850
1 2 0.072991 0.504229 0.305582 0.004283 0.112915
1 2 0.012230 0.604748 0.289501 0.001460 0.092060
1 2 0.026380 0.583342 0.251990 0.004232 0.134056
1 4 0.026977 0.532040 0.243397 0.004226 0.193360
1 4 0.027852 0.337564 0.301601 0.006338 0.326645
4 4 0.021116 0.290116 0.248924 0.003909 0.435935
4 4 0.022280 0.320644 0.211919 0.003583 0.441574
1 4 0.039376 0.585921 0.186246 0.006223 0.182233
1 4 0.050159 0.462404 0.115154 0.007186 0.365097
1 4 0.017710 0.683372 0.130812 0.001331 0.166776
1 4 0.110325 0.382368 0.134578 0.001970 0.370760
1 4 0.017824 0.639147 0.210499 0.001944 0.130586
1 4 0.043023 0.445059 0.206368 0.008357 0.297194
1 4 0.035964 0.417271 0.125562 0.004700 0.416503
4 4 0.070735 0.233673 0.112971 0.002856 0.579764
1 4 0.147157 0.532143 0.108298 0.002816 0.209586
1 4 0.128433 0.605037 0.137773 0.000411 0.128346
1 4 0.026682 0.629827 0.197976 0.002241 0.143274
1 4 0.026016 0.640970 0.154214 0.002757 0.176042
1 4 0.035961 0.490687 0.154136 0.002572 0.316644
1 4 0.029397 0.616378 0.182044 0.003807 0.168373
1 1 0.037885 0.595646 0.259518 0.001345 0.105606
1 1 0.027870 0.642174 0.226176 0.000713 0.103067
1 0 0.064093 0.538797 0.283957 0.001304 0.111848
0 0 0.538155 0.218888 0.128367 0.010936 0.103654
1 0 0.064880 0.599211 0.234043 0.000701 0.101165
1 1 0.019396 0.648548 0.185447 0.001998 0.144610
1 1 0.159883 0.464947 0.253809 0.003603 0.117757
1 1 0.308102 0.369577 0.177818 0.007066 0.137437
1 1 0.010925 0.557162 0.356921 0.001454 0.073538
1 1 0.018165 0.555516 0.325709 0.003052 0.097559
1 1 0.017527 0.478907 0.424118 0.004009 0.075438
1 2 0.016601 0.528827 0.366113 0.003039 0.085420
1 2 0.012163 0.521950 0.392713 0.002053 0.071120
2 2 0.019981 0.418974 0.487905 0.006107 0.067032
1 2 0.015989 0.537450 0.357784 0.002789 0.085988
2 2 0.018226 0.431744 0.478346 0.005113 0.066571
2 2 0.014072 0.436501 0.486636 0.003513 0.059278
2 2 0.020336 0.284709 0.644963 0.009601 0.040391
2 2 0.022120 0.391897 0.513402 0.007847 0.064734
2 2 0.022338 0.392997 0.511454 0.007917 0.065295
2 2 0.017233 0.375262 0.547506 0.005964 0.054035
2 2 0.025163 0.274099 0.633344 0.020052 0.047342
2 2 0.012827 0.432690 0.495404 0.003136 0.055942
2 2 0.028035 0.408764 0.509686 0.002236 0.051278
1 0 0.191129 0.383223 0.328912 0.005388 0.091348
2 0 0.164534 0.371330 0.380035 0.005104 0.078997
0 0 0.579133 0.208544 0.137108 0.003508 0.071707
1 0 0.093288 0.568704 0.241007 0.000679 0.096323
1 0 0.317177 0.411648 0.157515 0.001409 0.112250
1 0 0.050949 0.711844 0.135791 0.000103 0.101313
1 0 0.022254 0.705337 0.178657 0.000201 0.093551
1 0 0.028522 0.646003 0.220992 0.000671 0.103812
1 1 0.024861 0.495291 0.385267 0.004814 0.089767
1 1 0.055212 0.616909 0.239624 0.000389 0.087865
1 1 0.026185 0.501023 0.372325 0.005245 0.095222
2 2 0.039721 0.427200 0.453737 0.005320 0.074022
1 2 0.040070 0.502462 0.358711 0.003931 0.094827
1 2 0.035745 0.540117 0.336499 0.001702 0.085937
1 2 0.028726 0.579722 0.297173 0.001386 0.092993
1 2 0.023410 0.547515 0.350718 0.001338 0.077019
1 2 0.029064 0.525076 0.361615 0.002076 0.082170
0 0 0.602125 0.202234 0.087184 0.006186 0.102270
0 0 0.616793 0.210662 0.064775 0.002899 0.104870
0 0 0.483442 0.230811 0.187458 0.010448 0.087842
1 0 0.258011 0.471464 0.152063 0.000891 0.117571
0 0 0.440945 0.234025 0.211335 0.018369 0.095327
1 0 0.120358 0.682345 0.091395 0.000044 0.105858
1 0 0.030899 0.711815 0.131142 0.000281 0.125863
1 0 0.025653 0.696500 0.110882 0.000715 0.166250
1 0 0.280137 0.485036 0.066514 0.000512 0.167801
1 0 0.330510 0.393413 0.157108 0.002021 0.116948
1 0 0.203011 0.593441 0.067966 0.000098 0.135484
0 0 0.830310 0.092492 0.021648 0.000878 0.054671
1 0 0.212790 0.513746 0.037520 0.000153 0.235792
1 0 0.267041 0.488833 0.096698 0.000667 0.146761
1 0 0.099280 0.675309 0.072608 0.000133 0.152670
1 0 0.036655 0.752221 0.086944 0.000077 0.124104
1 0 0.018041 0.725457 0.120183 0.000361 0.135957
1 1 0.016825 0.692319 0.118240 0.001144 0.171472
1 1 0.021700 0.671183 0.117657 0.001704 0.187756
1 4 0.043183 0.607242 0.085647 0.000474 0.263454
1 4 0.045084 0.483729 0.078640 0.000857 0.391691
4 4 0.080492 0.313793 0.061545 0.000603 0.543567
1 4 0.033330 0.530624 0.097551 0.001429 0.337066
4 4 0.108389 0.379387 0.062443 0.001246 0.448535
4 4 0.085537 0.305159 0.046082 0.000817 0.562405
4 4 0.044276 0.164321 0.008163 0.000004 0.783237
4 4 0.032370 0.220314 0.007265 0.000003 0.740048
4 4 0.053143 0.035072 0.004161 0.000001 0.907623
4 4 0.032830 0.016467 0.003507 0.000001 0.947195
4 4 0.032615 0.082476 0.002981 0.000000 0.881928
4 4 0.044694 0.066027 0.004037 0.000001 0.885242
4 4 0.054070 0.045585 0.003294 0.000000 0.897050
4 4 0.034905 0.133660 0.007745 0.000004 0.823687
4 4 0.032517 0.029994 0.004946 0.000001 0.932542
4 4 0.060245 0.022844 0.004461 0.000001 0.912449
4 4 0.048313 0.018915 0.003505 0.000000 0.929266
4 4 0.155206 0.033122 0.012982 0.000016 0.798674
4 4 0.032208 0.099725 0.005887 0.000002 0.862179
4 4 0.056787 0.068062 0.006003 0.000002 0.869145
4 4 0.043084 0.018042 0.003158 0.000000 0.935715
4 4 0.036952 0.095991 0.007421 0.000003 0.859632
4 4 0.043745 0.047110 0.004349 0.000001 0.904795
4 4 0.034597 0.068556 0.005890 0.000002 0.890956
4 4 0.026538 0.037909 0.004321 0.000001 0.931231
4 4 0.026637 0.077880 0.005896 0.000002 0.889586
4 4 0.079326 0.019626 0.005088 0.000001 0.895958
4 4 0.056663 0.020223 0.005631 0.000002 0.917482
4 4 0.082195 0.026501 0.005541 0.000001 0.885761
4 4 0.056925 0.032859 0.007242 0.000003 0.902971
4 4 0.017303 0.092559 0.008533 0.000007 0.881597
4 4 0.053284 0.040354 0.007656 0.000004 0.898701
4 4 0.048642 0.046406 0.008817 0.000006 0.896129
4 4 0.037379 0.019162 0.003783 0.000001 0.939675
4 0 0.126999 0.124987 0.009916 0.000005 0.738093
4 0 0.067195 0.173739 0.015806 0.000020 0.743240
4 4 0.032512 0.143442 0.009823 0.000008 0.814214
4 4 0.039577 0.247907 0.041248 0.000018 0.671250
4 4 0.023570 0.267726 0.007721 0.000004 0.700978
4 4 0.027918 0.197825 0.013011 0.000021 0.761226
4 4 0.025817 0.032964 0.008733 0.000009 0.932477
4 4 0.037206 0.049900 0.007331 0.000004 0.905560
4 4 0.025387 0.152149 0.009875 0.000009 0.812579
4 4 0.045188 0.141930 0.015911 0.000033 0.796939
4 4 0.048057 0.035658 0.006860 0.000003 0.909422
4 4 0.059859 0.072427 0.009921 0.000007 0.857785
4 4 0.019450 0.101160 0.012842 0.000025 0.866523
4 4 0.056031 0.184870 0.019686 0.000058 0.739354
4 4 0.020420 0.397356 0.039078 0.000115 0.543031
4 4 0.013180 0.133714 0.015104 0.000047 0.837954
4 4 0.030603 0.241904 0.014323 0.000027 0.713143
4 4 0.050920 0.278509 0.031270 0.000098 0.639203
4 4 0.015000 0.156749 0.018403 0.000081 0.809766
4 4 0.029397 0.219450 0.020479 0.000085 0.730590
4 4 0.024206 0.190059 0.016494 0.000046 0.769195
4 4 0.018214 0.041634 0.007012 0.000005 0.933135
4 4 0.031315 0.130513 0.012812 0.000019 0.825341
4 4 0.015389 0.251920 0.035477 0.000503 0.696710
4 4 0.024565 0.077441 0.024776 0.000185 0.873033
4 4 0.084962 0.204426 0.026772 0.000053 0.683788
1 4 0.009518 0.541982 0.056453 0.000315 0.391732
4 4 0.319969 0.068959 0.013168 0.000014 0.597891
4 1 0.009662 0.168477 0.038775 0.000021 0.783065
1 1 0.016822 0.572001 0.036473 0.000021 0.374683
1 1 0.011331 0.476723 0.065269 0.000414 0.446263
1 1 0.015607 0.458710 0.068916 0.000500 0.456267
1 1 0.011524 0.638793 0.189514 0.000883 0.159286
1 1 0.012106 0.700235 0.191326 0.000345 0.095988
1 1 0.006074 0.604501 0.225769 0.000369 0.163287
1 1 0.007586 0.691732 0.205814 0.000487 0.094381
1 1 0.007832 0.674440 0.227338 0.000554 0.089836
1 1 0.010890 0.620869 0.206617 0.000278 0.161346
1 1 0.007308 0.678636 0.199714 0.000461 0.113881
1 1 0.012564 0.621832 0.265236 0.001395 0.098973
1 1 0.007139 0.669841 0.237180 0.000530 0.085311
1 1 0.010333 0.637015 0.227613 0.000876 0.124162
1 1 0.009821 0.629834 0.216468 0.000766 0.143111
1 1 0.012038 0.650535 0.201739 0.001005 0.134683
1 1 0.011419 0.660282 0.219500 0.001012 0.107788
1 1 0.009047 0.672573 0.219142 0.000708 0.098530
1 1 0.006973 0.716083 0.175608 0.000395 0.100941
1 1 0.009308 0.680941 0.205506 0.000699 0.103546
1 1 0.008227 0.661526 0.239947 0.000664 0.089635
1 1 0.012199 0.660392 0.214079 0.001096 0.112235
1 1 0.008826 0.688753 0.198243 0.000625 0.103553
1 1 0.035591 0.538016 0.283067 0.007508 0.135819
0 0 0.313833 0.310122 0.293160 0.004971 0.077915
1 0 0.038243 0.501734 0.395074 0.001019 0.063930
1 0 0.086046 0.421351 0.391342 0.007672 0.093588
1 0 0.023296 0.600480 0.289202 0.000883 0.086138
1 0 0.010981 0.569784 0.339912 0.001473 0.077851
1 0 0.013245 0.566625 0.333084 0.001919 0.085128
1 0 0.009246 0.518594 0.409454 0.001427 0.061279
2 0 0.012691 0.398924 0.534740 0.003535 0.050110
2 1 0.013424 0.369414 0.566012 0.004314 0.046837
1 0 0.030310 0.472570 0.429188 0.002029 0.065903
1 0 0.013331 0.575846 0.334906 0.001067 0.074850
1 0 0.013665 0.539723 0.373512 0.001530 0.071569
1 1 0.010418 0.526527 0.394813 0.001631 0.066610
2 2 0.016814 0.403844 0.515678 0.005124 0.058541
1 2 0.014279 0.476817 0.438377 0.003057 0.067469
1 2 0.020520 0.499171 0.388498 0.004560 0.087252
2 2 0.022511 0.350600 0.557900 0.010792 0.058197
2 2 0.019241 0.275928 0.644469 0.016958 0.043403
2 2 0.030006 0.365374 0.519613 0.014446 0.070561
2 2 0.016456 0.377682 0.547097 0.005538 0.053227
2 2 0.023840 0.165764 0.696136 0.081712 0.032548
2 2 0.022995 0.198867 0.687102 0.053979 0.037057
2 2 0.037137 0.225387 0.623409 0.063221 0.050846
2 2 0.026622 0.334249 0.565021 0.014392 0.059717
2 2 0.017492 0.108182 0.748750 0.106439 0.019137
2 2 0.029217 0.159368 0.686656 0.091380 0.033379
2 2 0.016441 0.123819 0.774369 0.065528 0.019844
2 2 0.020716 0.098504 0.708305 0.152915 0.019560
2 2 0.018928 0.092065 0.694116 0.176458 0.018433
2 2 0.026452 0.190047 0.682216 0.063799 0.037487
2 3 0.025338 0.137476 0.690068 0.118446 0.028672
2 3 0.034211 0.121698 0.579358 0.232032 0.032701
2 3 0.037584 0.178167 0.612065 0.127465 0.044720
2 3 0.024565 0.090029 0.610348 0.253491 0.021567
2 3 0.029719 0.119988 0.588313 0.230993 0.030988
2 3 0.027660 0.095768 0.585210 0.266952 0.024410
2 3 0.026438 0.071778 0.496797 0.384713 0.020275
2 3 0.033824 0.115200 0.534805 0.283109 0.033061
2 3 0.055053 0.183111 0.509951 0.193065 0.058820
2 3 0.034112 0.119745 0.578024 0.235893 0.032226
3 3 0.030649 0.068090 0.351498 0.525025 0.024738
3 3 0.037729 0.061948 0.251000 0.620994 0.028328
3 3 0.030667 0.062596 0.310441 0.571969 0.024326
3 3 0.037448 0.063820 0.267130 0.603400 0.028202
3 3 0.048737 0.082821 0.283691 0.546729 0.038021
3 3 0.020474 0.023822 0.148903 0.795171 0.011630
3 3 0.025808 0.036566 0.195849 0.724882 0.016896
3 3 0.026738 0.042448 0.240646 0.672265 0.017902
3 3 0.044437 0.085332 0.330710 0.504307 0.035214
3 3 0.035752 0.068529 0.314666 0.553604 0.027449
3 3 0.067807 0.091200 0.232071 0.558577 0.050345
3 3 0.053996 0.074273 0.221537 0.610514 0.039679
3 3 0.032888 0.056708 0.258115 0.627649 0.024640
3 3 0.019732 0.022945 0.146864 0.799305 0.011154
3 3 0.025233 0.033512 0.173604 0.751345 0.016306
3 3 0.019395 0.025625 0.157860 0.785034 0.012087
3 3 0.034760 0.044630 0.188966 0.708865 0.022778
3 3 0.017978 0.022634 0.149096 0.799600 0.010693
3 3 0.035673 0.047852 0.195256 0.696938 0.024280
3 3 0.019446 0.024981 0.155323 0.788389 0.011860
3 3 0.008213 0.009220 0.102488 0.875996 0.004082
3 3 0.033299 0.041292 0.182741 0.721554 0.021114
3 3 0.024585 0.028611 0.158958 0.773566 0.014280
3 3 0.018186 0.024597 0.156469 0.789294 0.011454
3 3 0.034526 0.041629 0.181890 0.720443 0.021513
3 3 0.012838 0.014135 0.120693 0.845719 0.006614
3 3 0.018035 0.023023 0.150555 0.797538 0.010848
3 3 0.011097 0.013517 0.121682 0.847624 0.006080
3 3 0.030818 0.043845 0.192930 0.710846 0.021560
3 3 0.011136 0.013288 0.120247 0.849321 0.006007
3 3 0.016707 0.021073 0.145301 0.807054 0.009865
3 3 0.012949 0.017261 0.136722 0.825321 0.007746
3 3 0.033550 0.051060 0.205663 0.684697 0.025030
3 3 0.011268 0.013394 0.120500 0.848770 0.006069
3 3 0.036379 0.046781 0.191808 0.701023 0.024010
3 3 0.019196 0.027199 0.164113 0.776873 0.012619
