0 0 0.905558 0.061965 0.006828 0.000154 0.025495
0 0 0.920471 0.050623 0.004489 0.000066 0.024352
0 0 0.827443 0.106753 0.013201 0.000215 0.052389
0 0 0.877335 0.075096 0.008294 0.000171 0.039104
0 0 0.838096 0.091602 0.010323 0.000200 0.059779
0 0 0.920255 0.050052 0.004284 0.000058 0.025351
0 0 0.862757 0.077317 0.007594 0.000115 0.052217
0 0 0.679080 0.173021 0.026596 0.000553 0.120751
0 0 0.891422 0.063034 0.005573 0.000072 0.039899
0 0 0.567863 0.268846 0.052250 0.000619 0.110422
0 0 0.719973 0.168066 0.028714 0.000746 0.082500
0 0 0.522351 0.304892 0.060982 0.000510 0.111264
0 0 0.586222 0.263361 0.063543 0.001651 0.085223
0 0 0.490525 0.339281 0.076033 0.000585 0.093576
0 0 0.762307 0.146896 0.022582 0.000468 0.067747
0 0 0.863390 0.073230 0.006622 0.000085 0.056674
0 0 0.687993 0.195180 0.027593 0.000206 0.089028
0 0 0.791553 0.128433 0.016705 0.000234 0.063076
0 0 0.552497 0.277595 0.056975 0.000767 0.112166
0 0 0.731190 0.155088 0.021004 0.000281 0.092437
0 0 0.575164 0.238316 0.042964 0.000691 0.142865
0 0 0.532173 0.270647 0.054941 0.000919 0.141321
0 0 0.528496 0.211036 0.031090 0.000418 0.228960
1 0 0.142232 0.522894 0.216774 0.001320 0.116781
1 1 0.306474 0.432545 0.132449 0.001366 0.127165
1 1 0.296209 0.420924 0.121927 0.001290 0.159651
1 1 0.176512 0.456904 0.160448 0.001799 0.204338
1 1 0.337516 0.382182 0.092981 0.000868 0.186453
1 1 0.186662 0.484960 0.181855 0.001730 0.144793
0 4 0.468809 0.323028 0.063546 0.000471 0.144146
0 4 0.763885 0.125930 0.016945 0.000423 0.092817
1 4 0.218827 0.417380 0.111912 0.000865 0.251016
4 4 0.282757 0.279626 0.054908 0.000618 0.382091
1 4 0.188858 0.491040 0.203678 0.002296 0.114128
0 4 0.625804 0.166787 0.022243 0.000382 0.184784
1 4 0.292055 0.360472 0.075495 0.000509 0.271469
0 4 0.543820 0.219907 0.032468 0.000362 0.203444
1 4 0.335521 0.386632 0.090074 0.000667 0.187106
0 4 0.404269 0.313067 0.063162 0.000713 0.218788
1 4 0.315396 0.403565 0.105375 0.000966 0.174699
0 4 0.491308 0.296999 0.065180 0.001082 0.145431
0 4 0.477131 0.335041 0.078157 0.000842 0.108828
0 4 0.877947 0.068214 0.006033 0.000075 0.047732
0 4 0.762666 0.132714 0.017660 0.000335 0.086626
1 4 0.345518 0.431945 0.140427 0.001393 0.080717
0 4 0.535250 0.309577 0.071720 0.000828 0.082625
0 4 0.737136 0.170586 0.029224 0.000562 0.062492
0 0 0.942625 0.043843 0.007846 0.000694 0.004991
0 0 0.943798 0.037874 0.003108 0.000043 0.015177
0 0 0.692825 0.198233 0.030168 0.000263 0.078510
0 0 0.782290 0.144693 0.021704 0.000319 0.050994
0 0 0.886656 0.067724 0.006618 0.000106 0.038897
0 0 0.752392 0.150513 0.020202 0.000240 0.076653
0 0 0.776795 0.108590 0.011513 0.000172 0.102930
0 0 0.722277 0.173261 0.024125 0.000225 0.080113
1 1 0.176309 0.498736 0.212969 0.002239 0.109747
1 1 0.163246 0.514392 0.245494 0.002231 0.074637
1 1 0.201498 0.498465 0.225462 0.002394 0.072181
0 4 0.479085 0.343101 0.086446 0.001006 0.090362
0 4 0.686032 0.193679 0.030033 0.000348 0.089907
1 4 0.316473 0.448008 0.133440 0.000902 0.101177
0 4 0.423319 0.379362 0.097301 0.000842 0.099176
1 4 0.376272 0.413933 0.124367 0.001177 0.084252
1 4 0.218751 0.504175 0.198241 0.001352 0.077482
0 4 0.651911 0.220343 0.036041 0.000348 0.091357
0 4 0.578619 0.266476 0.048109 0.000416 0.106381
0 4 0.529125 0.309660 0.064285 0.000530 0.096400
1 4 0.236196 0.488026 0.198189 0.001888 0.075701
1 4 0.314068 0.447169 0.148472 0.001400 0.088891
1 4 0.311883 0.438498 0.121920 0.000808 0.126891
1 4 0.312402 0.446826 0.160107 0.001843 0.078823
1 4 0.354171 0.427286 0.141525 0.001519 0.075499
0 4 0.434739 0.357737 0.094995 0.001339 0.111190
1 4 0.168684 0.507696 0.203889 0.001567 0.118163
1 4 0.308572 0.448791 0.155017 0.001616 0.086003
0 4 0.867375 0.082583 0.010175 0.000261 0.039606
0 4 0.701245 0.220224 0.047775 0.000534 0.030222
0 4 0.634238 0.265003 0.053478 0.000360 0.046921
0 4 0.829612 0.123748 0.020732 0.000391 0.025517
0 4 0.640373 0.237758 0.045304 0.000554 0.076011
1 4 0.369314 0.408165 0.109335 0.000862 0.112324
0 1 0.547155 0.297798 0.060410 0.000514 0.094122
0 0 0.900561 0.062752 0.006050 0.000088 0.030548
0 0 0.892594 0.072723 0.009972 0.000357 0.024354
0 0 0.801708 0.127580 0.017083 0.000235 0.053394
0 0 0.679940 0.183052 0.025313 0.000257 0.111438
0 0 0.868575 0.075672 0.007562 0.000121 0.048071
0 0 0.629120 0.196898 0.027458 0.000283 0.146242
0 0 0.807617 0.109365 0.013526 0.000270 0.069222
0 0 0.561245 0.286713 0.056636 0.000500 0.094906
0 1 0.651826 0.208938 0.031361 0.000286 0.107589
1 1 0.225940 0.479516 0.185771 0.002053 0.106719
1 4 0.224018 0.489839 0.163574 0.001002 0.121567
0 4 0.533768 0.270996 0.047883 0.000451 0.146903
0 4 0.823992 0.086420 0.007727 0.000086 0.081775
1 4 0.347390 0.412863 0.130647 0.001804 0.107297
1 4 0.295253 0.459031 0.131735 0.000714 0.113267
0 4 0.545150 0.269565 0.045112 0.000331 0.139842
1 4 0.299399 0.435391 0.117707 0.000772 0.146731
0 4 0.638174 0.234176 0.049803 0.001043 0.076804
0 4 0.697388 0.171714 0.020138 0.000121 0.110639
1 4 0.180636 0.486235 0.162282 0.001032 0.169815
0 4 0.623107 0.158655 0.015715 0.000090 0.202433
0 4 0.823788 0.089539 0.008563 0.000111 0.077999
0 4 0.418356 0.327684 0.067285 0.000639 0.186035
0 4 0.792161 0.104756 0.010049 0.000098 0.092936
0 0 0.849315 0.087439 0.009375 0.000150 0.053721
0 1 0.629862 0.171679 0.017703 0.000088 0.180668
1 4 0.322843 0.414606 0.096394 0.000478 0.165679
0 0 0.907243 0.053990 0.004289 0.000046 0.034432
0 0 0.920262 0.046714 0.003387 0.000031 0.029605
1 1 0.331728 0.401267 0.098132 0.000710 0.168163
1 1 0.171494 0.437163 0.129325 0.000955 0.261063
1 1 0.123804 0.443655 0.126077 0.000522 0.305943
1 1 0.125866 0.441342 0.123557 0.000504 0.308731
1 1 0.093513 0.476572 0.152727 0.000501 0.276688
1 1 0.122081 0.445408 0.126245 0.000499 0.305767
1 4 0.112076 0.438039 0.126798 0.000486 0.322601
4 4 0.425165 0.119337 0.012448 0.000136 0.442914
4 4 0.242504 0.284052 0.048379 0.000246 0.424819
4 4 0.101588 0.026644 0.002689 0.000064 0.869017
4 4 0.064385 0.169513 0.035827 0.000123 0.730152
4 4 0.051930 0.160698 0.040232 0.000204 0.746935
4 4 0.059842 0.064835 0.011454 0.000137 0.863731
4 4 0.389321 0.070793 0.009149 0.000385 0.530351
4 4 0.102576 0.028059 0.002956 0.000076 0.866333
4 4 0.161489 0.034919 0.004006 0.000146 0.799440
4 4 0.056374 0.272206 0.090602 0.000515 0.580303
4 4 0.205649 0.026527 0.001705 0.000017 0.766103
4 4 0.095029 0.031413 0.003512 0.000078 0.869968
4 4 0.149784 0.063520 0.007238 0.000089 0.779369
4 4 0.165218 0.054236 0.005463 0.000069 0.775014
4 4 0.070248 0.089842 0.015833 0.000125 0.823952
4 4 0.104069 0.066241 0.009835 0.000161 0.819694
4 4 0.086915 0.091558 0.015485 0.000150 0.805892
4 4 0.077232 0.103859 0.020529 0.000225 0.798155
4 4 0.079052 0.233235 0.053066 0.000178 0.634469
4 4 0.104900 0.259987 0.056846 0.000217 0.578049
4 4 0.055330 0.303483 0.090911 0.000255 0.550021
4 4 0.057405 0.173081 0.043855 0.000240 0.725419
1 4 0.019529 0.477442 0.395417 0.002319 0.105293
2 4 0.007826 0.402996 0.529078 0.004249 0.055850
1 4 0.013294 0.477992 0.416527 0.001377 0.090809
1 1 0.016061 0.453076 0.438889 0.003572 0.088402
1 1 0.010467 0.486172 0.416871 0.000775 0.085715
2 1 0.007550 0.414240 0.517576 0.003015 0.057619
2 1 0.010876 0.439534 0.474253 0.002868 0.072468
2 1 0.008091 0.417157 0.511881 0.003147 0.059724
1 1 0.009921 0.462496 0.449612 0.001357 0.076614
2 1 0.003796 0.367920 0.587619 0.002868 0.037798
2 1 0.010171 0.405358 0.516398 0.006156 0.061916
2 1 0.007706 0.409749 0.522019 0.003495 0.057031
2 1 0.006797 0.387314 0.550979 0.004948 0.049961
2 1 0.005376 0.413425 0.528482 0.001713 0.051005
2 1 0.004363 0.361281 0.591420 0.004356 0.038580
2 1 0.006724 0.377587 0.561619 0.006185 0.047885
2 1 0.004516 0.362623 0.589127 0.004480 0.039254
2 1 0.005955 0.373144 0.570212 0.005606 0.045083
2 1 0.003659 0.354350 0.602906 0.003777 0.035309
2 1 0.007418 0.404268 0.529479 0.003760 0.055075
2 1 0.033222 0.344800 0.585491 0.028390 0.008097
2 1 0.006664 0.326078 0.643893 0.009387 0.013978
2 2 0.000379 0.065086 0.925775 0.002294 0.006466
2 2 0.000048 0.004449 0.991818 0.002847 0.000838
2 2 0.000027 0.006807 0.991292 0.001122 0.000753
2 2 0.000027 0.005836 0.992109 0.001310 0.000717
2 2 0.000015 0.005152 0.993500 0.000815 0.000518
2 2 0.000037 0.008095 0.989598 0.001333 0.000938
2 2 0.000029 0.005542 0.992258 0.001448 0.000722
2 2 0.000080 0.008870 0.986959 0.002681 0.001409
2 2 0.000080 0.011401 0.984796 0.002168 0.001555
2 2 0.000132 0.014499 0.980280 0.002918 0.002171
2 2 0.000054 0.007571 0.989220 0.002060 0.001095
2 2 0.000605 0.050049 0.937937 0.004645 0.006765
2 2 0.000168 0.010304 0.982475 0.004929 0.002124
2 2 0.018594 0.120183 0.770666 0.086839 0.003718
2 2 0.000171 0.018419 0.976466 0.003381 0.001563
2 2 0.000397 0.017455 0.971960 0.008492 0.001696
2 2 0.001090 0.047657 0.936998 0.009608 0.004647
2 2 0.000420 0.016972 0.971583 0.008870 0.002155
2 2 0.001118 0.006117 0.922150 0.070256 0.000359
2 2 0.002787 0.015749 0.904699 0.075759 0.001005
2 2 0.000690 0.007404 0.955600 0.035843 0.000463
2 2 0.000890 0.007730 0.945079 0.045883 0.000417
2 2 0.004327 0.005187 0.711655 0.278522 0.000309
2 2 0.002749 0.007115 0.843180 0.146504 0.000451
2 2 0.008874 0.019218 0.776546 0.194253 0.001110
2 2 0.004030 0.011441 0.841164 0.142660 0.000706
2 2 0.005240 0.008280 0.761502 0.224315 0.000662
2 2 0.008130 0.014512 0.746575 0.230120 0.000664
2 2 0.006590 0.005116 0.578486 0.409574 0.000234
2 2 0.003150 0.003865 0.633221 0.359501 0.000263
2 3 0.006424 0.005729 0.593521 0.394090 0.000236
3 3 0.005784 0.004545 0.324355 0.664530 0.000786
3 3 0.003121 0.003443 0.437692 0.555092 0.000652
3 3 0.007954 0.003106 0.178697 0.809773 0.000470
2 3 0.027207 0.030244 0.575071 0.366124 0.001354
2 3 0.006393 0.005144 0.498652 0.489465 0.000345
3 3 0.009867 0.004261 0.108558 0.876276 0.001039
3 3 0.006199 0.002529 0.116915 0.873781 0.000575
3 3 0.012745 0.007501 0.282388 0.696436 0.000931
3 3 0.007701 0.002528 0.078867 0.910506 0.000398
3 3 0.015887 0.006424 0.126448 0.850144 0.001098
3 3 0.010833 0.003557 0.093109 0.892026 0.000475
3 3 0.011207 0.003127 0.078767 0.906595 0.000305
3 3 0.025095 0.008375 0.151101 0.814703 0.000727
2 3 0.064969 0.128558 0.558666 0.244562 0.003245
2 3 0.028964 0.039422 0.613445 0.316841 0.001329
2 3 0.019785 0.133473 0.757298 0.086171 0.003273
2 3 0.004127 0.026621 0.894617 0.073319 0.001317
2 2 0.003457 0.021513 0.901469 0.072297 0.001264
2 2 0.049541 0.296736 0.559957 0.087719 0.006048
2 2 0.073130 0.248595 0.574594 0.097185 0.006496
2 2 0.230534 0.339865 0.345308 0.071384 0.012909
2 2 0.035898 0.294759 0.608712 0.056613 0.004018
2 2 0.036706 0.313272 0.581647 0.060704 0.007670
2 2 0.034695 0.138659 0.693604 0.126406 0.006636
2 2 0.036594 0.267661 0.617063 0.068163 0.010520
2 2 0.000899 0.014015 0.957719 0.026493 0.000874
2 2 0.000372 0.007660 0.973933 0.017400 0.000636
2 2 0.000204 0.010467 0.981474 0.006310 0.001544
2 2 0.000416 0.006269 0.969819 0.022871 0.000625
2 2 0.000703 0.009030 0.959866 0.029731 0.000670
2 2 0.001435 0.007360 0.915572 0.075134 0.000499
2 2 0.000550 0.006598 0.961716 0.030653 0.000484
2 2 0.003457 0.009517 0.842220 0.144234 0.000571
2 2 0.004498 0.014266 0.851506 0.128687 0.001043
2 2 0.004885 0.017010 0.856915 0.119933 0.001258
2 2 0.004417 0.042587 0.895049 0.056855 0.001093
2 2 0.000874 0.004541 0.923874 0.070426 0.000285
2 2 0.002016 0.018075 0.932355 0.045968 0.001587
2 2 0.001118 0.010824 0.948605 0.038226 0.001227
2 2 0.000421 0.004305 0.959486 0.035543 0.000245
2 2 0.000976 0.009392 0.948948 0.039941 0.000743
2 2 0.004737 0.009702 0.784719 0.200173 0.000668
2 2 0.003107 0.037937 0.919059 0.036768 0.003129
2 2 0.002196 0.004972 0.818171 0.174195 0.000465
2 2 0.000727 0.010297 0.961624 0.026397 0.000955
2 2 0.002050 0.005831 0.857400 0.134412 0.000307
2 2 0.002673 0.007602 0.857296 0.131854 0.000575
2 2 0.008844 0.021302 0.789274 0.179388 0.001192
2 2 0.013639 0.042459 0.795443 0.145326 0.003133
2 2 0.037093 0.039647 0.546488 0.374545 0.002227
2 2 0.008324 0.018332 0.783044 0.189183 0.001117
2 2 0.013488 0.013354 0.497939 0.473500 0.001719
2 2 0.005794 0.016559 0.830455 0.146087 0.001105
2 2 0.006995 0.013466 0.767908 0.210938 0.000694
2 2 0.004219 0.013935 0.852954 0.128101 0.000791
2 2 0.011349 0.014243 0.498346 0.474263 0.001798
2 2 0.015132 0.018765 0.631789 0.333224 0.001091
2 2 0.005090 0.010696 0.786713 0.197068 0.000432
2 3 0.013420 0.018392 0.672664 0.294605 0.000919
2 3 0.012814 0.011851 0.600576 0.374210 0.000550
2 3 0.037910 0.260116 0.617778 0.077007 0.007188
2 3 0.047218 0.325389 0.557086 0.061811 0.008496
2 3 0.102676 0.371938 0.469645 0.044652 0.011090
2 2 0.136738 0.406772 0.408482 0.030005 0.018003
2 1 0.017412 0.301425 0.643242 0.031791 0.006130
2 1 0.029701 0.327578 0.587467 0.045057 0.010197
2 1 0.036875 0.321284 0.575088 0.057693 0.009060
2 1 0.007686 0.298979 0.672085 0.013260 0.007990
2 1 0.003455 0.289680 0.693022 0.005935 0.007908
2 1 0.016930 0.170497 0.750668 0.057702 0.004203
2 2 0.000178 0.011771 0.981645 0.005823 0.000584
2 2 0.000398 0.023220 0.967744 0.008002 0.000636
2 2 0.000655 0.031682 0.956531 0.010379 0.000753
2 2 0.000133 0.024807 0.971985 0.002276 0.000799
2 2 0.000148 0.011334 0.983036 0.004760 0.000722
2 2 0.000128 0.009926 0.984608 0.004896 0.000442
2 2 0.000061 0.010204 0.987100 0.002161 0.000474
2 2 0.001824 0.033741 0.932349 0.031653 0.000434
2 2 0.000570 0.033834 0.956263 0.008655 0.000678
2 2 0.000175 0.018124 0.977007 0.004121 0.000573
2 2 0.069599 0.356234 0.525194 0.041004 0.007969
2 2 0.017341 0.269486 0.670127 0.040040 0.003006
2 2 0.000813 0.022472 0.959238 0.016599 0.000879
2 2 0.000115 0.005667 0.986902 0.006972 0.000345
2 2 0.000620 0.005169 0.943048 0.051034 0.000129
2 2 0.000122 0.006996 0.986431 0.005940 0.000511
2 2 0.000272 0.015471 0.976412 0.007023 0.000822
2 2 0.000050 0.004696 0.991612 0.003192 0.000449
2 2 0.000641 0.009513 0.961745 0.027647 0.000453
2 2 0.000092 0.008336 0.987099 0.003420 0.001054
2 2 0.009098 0.121410 0.823364 0.042392 0.003735
2 2 0.004962 0.246479 0.732637 0.011307 0.004615
2 2 0.000531 0.015973 0.968611 0.014135 0.000750
2 2 0.014780 0.292735 0.668629 0.020284 0.003572
2 2 0.013507 0.296066 0.659339 0.025350 0.005737
2 2 0.040727 0.350515 0.568211 0.031956 0.008591
1 2 0.209836 0.400285 0.347293 0.025855 0.016731
2 2 0.004514 0.356738 0.600245 0.004720 0.033783
2 1 0.022427 0.369841 0.556812 0.024995 0.025924
2 1 0.017575 0.359167 0.580793 0.021050 0.021415
2 2 0.000237 0.035185 0.958041 0.002465 0.004071
2 2 0.001078 0.063786 0.921900 0.007192 0.006044
2 2 0.000267 0.012155 0.978582 0.007613 0.001383
2 2 0.000114 0.006905 0.986997 0.005273 0.000710
2 2 0.000082 0.009833 0.986086 0.002515 0.001484
2 2 0.000047 0.004146 0.992096 0.003097 0.000613
2 2 0.000183 0.030798 0.963466 0.002137 0.003416
2 2 0.001634 0.016800 0.941890 0.037654 0.002023
2 2 0.004785 0.098840 0.864865 0.022582 0.008928
2 2 0.011013 0.276202 0.680919 0.019507 0.012360
1 2 0.112428 0.422274 0.421875 0.022910 0.020512
1 0 0.142994 0.423778 0.402173 0.016887 0.014167
2 1 0.019080 0.362132 0.594042 0.013060 0.011686
2 1 0.006319 0.333496 0.634958 0.008357 0.016870
2 2 0.016991 0.350640 0.592827 0.021662 0.017880
2 2 0.000761 0.046769 0.939900 0.006345 0.006226
2 2 0.000441 0.016960 0.971010 0.009191 0.002398
2 2 0.000271 0.023250 0.969470 0.003209 0.003800
2 2 0.001384 0.133869 0.847965 0.004434 0.012349
2 2 0.000807 0.036593 0.950217 0.009127 0.003256
2 2 0.088119 0.400228 0.472412 0.025920 0.013321
2 2 0.023457 0.334197 0.602653 0.029710 0.009983
2 4 0.042974 0.392692 0.532564 0.018103 0.013667
1 4 0.284159 0.398760 0.285851 0.014796 0.016433
1 4 0.089861 0.454895 0.418055 0.011387 0.025802
1 4 0.143249 0.448381 0.363281 0.014989 0.030100
2 4 0.013077 0.352012 0.605940 0.013313 0.015658
2 4 0.016832 0.336090 0.610139 0.023878 0.013061
2 4 0.005320 0.352592 0.607923 0.005908 0.028256
2 2 0.001915 0.079404 0.901430 0.010976 0.006275
2 2 0.000210 0.009315 0.981883 0.007441 0.001151
2 2 0.000376 0.025478 0.965833 0.005523 0.002790
2 2 0.029237 0.367188 0.570304 0.020694 0.012578
2 2 0.091618 0.395291 0.461907 0.034458 0.016725
2 2 0.008082 0.368257 0.580940 0.008334 0.034388
2 2 0.014900 0.316047 0.623596 0.020103 0.025354
2 2 0.001126 0.013305 0.953189 0.030246 0.002133
2 2 0.000068 0.005479 0.989989 0.003390 0.001075
2 2 0.000067 0.006440 0.989439 0.002917 0.001137
2 2 0.000022 0.003040 0.994664 0.001779 0.000495
2 2 0.000098 0.009414 0.985803 0.003101 0.001584
2 2 0.000137 0.013528 0.980986 0.003202 0.002147
2 2 0.000288 0.020136 0.971725 0.004956 0.002895
2 2 0.000123 0.006326 0.986629 0.005414 0.001507
2 2 0.000167 0.008861 0.983413 0.005562 0.001996
2 2 0.002963 0.047652 0.916827 0.026056 0.006502
2 2 0.009267 0.258603 0.704329 0.018313 0.009488
2 2 0.054874 0.360502 0.540095 0.035233 0.009296
2 2 0.022427 0.328512 0.604575 0.033908 0.010578
2 2 0.000593 0.019582 0.966064 0.012527 0.001235
2 2 0.000080 0.005536 0.989242 0.004770 0.000372
2 2 0.000187 0.016148 0.978241 0.004360 0.001065
2 2 0.000346 0.013326 0.975430 0.009976 0.000921
2 2 0.000155 0.016658 0.978688 0.003586 0.000913
2 2 0.000170 0.009817 0.983160 0.006101 0.000753
2 2 0.000106 0.009763 0.985687 0.003784 0.000660
2 2 0.000279 0.015681 0.976043 0.007234 0.000762
2 2 0.004807 0.256580 0.724299 0.011166 0.003148
2 2 0.056465 0.326403 0.566879 0.045595 0.004658
2 2 0.026712 0.317273 0.607821 0.040703 0.007490
2 2 0.004218 0.121758 0.848165 0.016407 0.009452
2 2 0.000616 0.005414 0.950180 0.043510 0.000279
2 2 0.003291 0.058891 0.905972 0.023687 0.008158
2 2 0.006415 0.375883 0.564965 0.005954 0.046783
2 2 0.008508 0.376613 0.565082 0.008198 0.041599
2 2 0.009141 0.377053 0.564191 0.008862 0.040753
2 2 0.006960 0.351748 0.608563 0.008073 0.024656
4 4 0.027728 0.187596 0.107483 0.003202 0.673991
4 4 0.045149 0.144963 0.056484 0.001629 0.751775
4 4 0.095136 0.072139 0.016620 0.001114 0.814992
4 4 0.041264 0.019208 0.003845 0.000522 0.935161
4 4 0.021326 0.168420 0.086605 0.001289 0.722361
4 4 0.102004 0.041354 0.006580 0.000380 0.849681
4 4 0.034506 0.254703 0.129799 0.001838 0.579154
4 4 0.031081 0.116852 0.053526 0.002324 0.796217
4 4 0.038400 0.105556 0.045059 0.002766 0.808218
4 4 0.041953 0.221771 0.098393 0.001600 0.636283
4 4 0.031854 0.254556 0.145590 0.002801 0.565199
4 4 0.054323 0.081345 0.030020 0.003532 0.830779
4 4 0.051877 0.020378 0.003619 0.000382 0.923743
4 4 0.063043 0.043924 0.011013 0.001391 0.880629
4 4 0.054897 0.038233 0.009177 0.001009 0.896684
4 4 0.035805 0.035762 0.010011 0.001040 0.917382
4 4 0.049071 0.052349 0.014172 0.001031 0.883377
4 4 0.048651 0.094379 0.034327 0.002229 0.820414
4 4 0.089194 0.162516 0.052651 0.002060 0.693579
4 4 0.131954 0.184241 0.047821 0.001219 0.634765
4 4 0.093665 0.249142 0.120888 0.009904 0.526402
1 4 0.054438 0.493221 0.265453 0.002098 0.184790
2 4 0.014596 0.401642 0.403682 0.004798 0.175283
1 4 0.025746 0.464322 0.393600 0.004651 0.111681
1 4 0.025649 0.432484 0.410459 0.009033 0.122375
4 4 0.036149 0.132465 0.080455 0.010939 0.739992
1 4 0.035265 0.459429 0.343918 0.004989 0.156400
1 4 0.053524 0.423296 0.256128 0.004728 0.262324
1 4 0.019948 0.376840 0.287864 0.002705 0.312643
1 4 0.030631 0.479283 0.341770 0.002789 0.145527
1 1 0.026366 0.422269 0.412617 0.011442 0.127305
1 1 0.020351 0.414141 0.412814 0.008077 0.144618
1 1 0.024682 0.439926 0.382373 0.005512 0.147508
2 1 0.011001 0.407727 0.481344 0.005340 0.094588
2 1 0.009736 0.400815 0.488649 0.005071 0.095729
2 1 0.014526 0.390319 0.489875 0.012991 0.092288
2 1 0.008790 0.252125 0.629756 0.016335 0.092994
2 1 0.000802 0.027413 0.951945 0.011336 0.008505
2 2 0.009321 0.090688 0.778430 0.042302 0.079258
1 2 0.080765 0.486787 0.329616 0.006922 0.095910
2 2 0.042715 0.396670 0.526454 0.018377 0.015784
2 2 0.043273 0.360199 0.556705 0.030025 0.009798
2 2 0.005374 0.318646 0.655316 0.007808 0.012856
2 2 0.005151 0.304974 0.672026 0.008264 0.009584
2 2 0.001997 0.128118 0.854878 0.007390 0.007617
2 2 0.000026 0.006444 0.991673 0.001133 0.000724
2 2 0.000233 0.017555 0.975964 0.005180 0.001068
2 2 0.000635 0.084637 0.907136 0.003447 0.004145
2 2 0.005858 0.262643 0.714860 0.013239 0.003400
2 2 0.000151 0.024613 0.970951 0.001201 0.003085
2 2 0.000232 0.029199 0.965168 0.003046 0.002355
2 2 0.000149 0.018784 0.976482 0.002819 0.001766
2 2 0.000327 0.028142 0.965025 0.004753 0.001753
2 2 0.000159 0.011842 0.982292 0.005019 0.000688
2 2 0.001100 0.051100 0.935292 0.010869 0.001640
2 2 0.000231 0.026879 0.968075 0.003624 0.001192
2 2 0.001809 0.053935 0.924979 0.017692 0.001586
2 0 0.027348 0.266356 0.648425 0.055623 0.002249
2 0 0.039017 0.226650 0.693377 0.035881 0.005075
1 1 0.195850 0.394913 0.383285 0.018277 0.007675
2 1 0.020597 0.344303 0.614328 0.013980 0.006792
2 1 0.099245 0.389067 0.461269 0.036275 0.014144
2 1 0.028567 0.381171 0.538032 0.025578 0.026652
2 1 0.013763 0.350948 0.599017 0.017260 0.019012
2 1 0.028682 0.326217 0.593279 0.042394 0.009429
2 1 0.079331 0.412442 0.476527 0.018390 0.013311
2 1 0.014249 0.322187 0.633376 0.020830 0.009357
2 1 0.004866 0.354469 0.604603 0.005249 0.030813
2 1 0.000208 0.023135 0.970327 0.003090 0.003240
2 1 0.000115 0.007443 0.986428 0.004452 0.001562
2 2 0.000331 0.021825 0.968754 0.005144 0.003946
2 2 0.000190 0.011322 0.981220 0.005255 0.002014
2 2 0.000102 0.008341 0.986455 0.003566 0.001538
2 2 0.000099 0.008663 0.986317 0.003377 0.001544
2 2 0.000121 0.016787 0.978522 0.002364 0.002206
2 2 0.008234 0.085661 0.871645 0.023612 0.010848
2 2 0.032191 0.353781 0.580114 0.024672 0.009241
2 2 0.003785 0.188874 0.784297 0.009199 0.013845
2 2 0.003900 0.124464 0.844538 0.014030 0.013068
2 2 0.000382 0.023432 0.966343 0.005593 0.004250
2 2 0.002263 0.072665 0.905870 0.017633 0.001570
2 2 0.022389 0.182188 0.720622 0.070042 0.004759
2 2 0.017479 0.206854 0.722658 0.044712 0.008297
2 2 0.000464 0.019077 0.969328 0.009130 0.002001
2 2 0.000136 0.004507 0.985852 0.008755 0.000750
2 2 0.000061 0.005495 0.990375 0.003046 0.001023
2 2 0.000066 0.004281 0.990671 0.004042 0.000939
2 2 0.000530 0.004720 0.956674 0.037568 0.000508
2 2 0.000347 0.004845 0.971145 0.023056 0.000606
2 2 0.000152 0.002529 0.978597 0.018502 0.000220
2 2 0.000291 0.002987 0.965632 0.030792 0.000297
2 2 0.002646 0.012079 0.893621 0.090899 0.000754
2 2 0.006240 0.011935 0.771382 0.209835 0.000608
2 2 0.000765 0.003294 0.866551 0.128836 0.000553
2 2 0.001093 0.002819 0.863323 0.132600 0.000165
2 2 0.002560 0.003830 0.761389 0.232045 0.000176
2 2 0.001270 0.002862 0.848368 0.147303 0.000197
3 2 0.001521 0.000688 0.226433 0.771250 0.000107
2 2 0.002424 0.004187 0.631721 0.360889 0.000779
2 3 0.004332 0.006991 0.579096 0.408521 0.001061
3 3 0.010850 0.005044 0.110181 0.872499 0.001426
3 3 0.019298 0.007704 0.125143 0.846631 0.001224
3 3 0.029202 0.010305 0.066386 0.890954 0.003152
3 3 0.015486 0.004784 0.048320 0.930432 0.000979
3 3 0.021767 0.005626 0.046200 0.925437 0.000970
3 3 0.010077 0.002289 0.022013 0.965207 0.000414
3 3 0.018277 0.006161 0.042130 0.931751 0.001682
3 3 0.007271 0.001925 0.017275 0.972978 0.000551
3 3 0.008934 0.002764 0.022852 0.964325 0.001125
3 3 0.012646 0.003785 0.024188 0.957888 0.001493
3 3 0.007917 0.002785 0.019246 0.968693 0.001359
3 3 0.006943 0.002229 0.016313 0.973543 0.000971
3 3 0.012542 0.004290 0.025144 0.955939 0.002085
3 3 0.007566 0.002127 0.021848 0.967930 0.000529
3 3 0.023128 0.005569 0.024420 0.944983 0.001899
3 3 0.016449 0.004513 0.015702 0.960872 0.002464
3 3 0.007629 0.001422 0.007585 0.983086 0.000278
3 3 0.008383 0.002375 0.017216 0.971423 0.000603
3 3 0.016219 0.003505 0.018621 0.960963 0.000692
3 3 0.013481 0.003047 0.018589 0.964058 0.000825
3 3 0.009354 0.002970 0.019543 0.966908 0.001225
3 3 0.005343 0.001112 0.011497 0.981888 0.000160
3 3 0.013163 0.002029 0.013045 0.971630 0.000132
3 3 0.007895 0.001620 0.011726 0.978457 0.000302
3 3 0.018557 0.003168 0.014380 0.963535 0.000359
3 3 0.009325 0.001918 0.012579 0.975762 0.000416
3 3 0.006747 0.001296 0.011455 0.980298 0.000204
3 3 0.108865 0.023680 0.059178 0.804108 0.004168
3 3 0.040620 0.012686 0.129562 0.816144 0.000988
3 3 0.076649 0.040755 0.354543 0.526556 0.001497
3 3 0.044646 0.016807 0.228839 0.708785 0.000924
2 3 0.247654 0.121570 0.396992 0.230239 0.003546
2 2 0.104164 0.215530 0.483210 0.191739 0.005357
0 2 0.424911 0.169320 0.241394 0.159024 0.005351
2 2 0.081843 0.256295 0.509634 0.141758 0.010470
2 2 0.017198 0.020091 0.486526 0.473727 0.002458
2 2 0.011608 0.021937 0.741561 0.223740 0.001153
3 2 0.007331 0.007349 0.446685 0.537410 0.001225
2 2 0.004813 0.003919 0.631620 0.359391 0.000257
2 2 0.007287 0.012707 0.755767 0.223470 0.000769
2 2 0.001723 0.012665 0.933866 0.049938 0.001809
2 2 0.001872 0.012569 0.926612 0.057668 0.001279
2 2 0.003706 0.013524 0.877677 0.103405 0.001690
2 2 0.001848 0.011102 0.923158 0.062658 0.001235
2 2 0.002322 0.016395 0.924676 0.054458 0.002149
2 2 0.002502 0.012208 0.900857 0.083562 0.000870
2 2 0.002476 0.019068 0.925122 0.050866 0.002469
2 2 0.002441 0.019072 0.923022 0.053916 0.001549
2 2 0.003344 0.021079 0.908794 0.064395 0.002387
2 2 0.001712 0.026137 0.942697 0.024428 0.005026
2 2 0.002484 0.014528 0.915607 0.065600 0.001780
2 2 0.016470 0.124128 0.784231 0.068116 0.007054
2 2 0.031380 0.175451 0.694363 0.088548 0.010259
2 2 0.164045 0.381668 0.402164 0.039526 0.012598
1 0 0.245477 0.424962 0.284321 0.014404 0.030835
0 0 0.418490 0.349555 0.190470 0.013986 0.027500
1 1 0.186261 0.411691 0.367028 0.020318 0.014702
1 1 0.273573 0.408048 0.275790 0.016331 0.026258
1 1 0.129409 0.428203 0.392525 0.023395 0.026469
2 1 0.029460 0.366026 0.547508 0.033871 0.023134
2 1 0.016573 0.385472 0.541569 0.015927 0.040459
2 1 0.001322 0.029611 0.947599 0.017833 0.003635
2 2 0.002778 0.043163 0.921562 0.028584 0.003914
2 2 0.000064 0.003273 0.990813 0.005320 0.000530
2 2 0.000151 0.012842 0.981116 0.003688 0.002204
2 2 0.000034 0.004315 0.992841 0.002102 0.000707
2 2 0.000886 0.015170 0.959742 0.022807 0.001395
2 2 0.000394 0.009150 0.974846 0.014133 0.001477
2 2 0.000073 0.007999 0.987958 0.002673 0.001296
2 2 0.000540 0.015994 0.969181 0.012044 0.002241
2 2 0.000089 0.008111 0.987187 0.003187 0.001425
2 2 0.000120 0.006491 0.986759 0.005212 0.001418
2 2 0.000201 0.016350 0.976660 0.004008 0.002780
2 2 0.000160 0.012004 0.981510 0.004124 0.002203
2 2 0.001367 0.018936 0.949193 0.028392 0.002113
2 2 0.001128 0.007556 0.935386 0.055261 0.000670
2 2 0.000236 0.010170 0.980557 0.007734 0.001303
2 2 0.000297 0.012301 0.977466 0.008027 0.001909
2 2 0.001173 0.016255 0.952644 0.028292 0.001636
2 2 0.000231 0.008097 0.981396 0.008986 0.001291
2 2 0.001745 0.019821 0.939964 0.036852 0.001618
2 2 0.001258 0.018872 0.952148 0.024848 0.002873
2 2 0.001075 0.023476 0.954602 0.018770 0.002078
2 2 0.009661 0.025700 0.799604 0.163343 0.001692
2 2 0.001332 0.017019 0.949682 0.029761 0.002206
2 2 0.010201 0.030756 0.805174 0.152196 0.001672
2 2 0.007683 0.046276 0.864585 0.078066 0.003390
2 2 0.006115 0.014917 0.814601 0.163192 0.001176
2 2 0.036985 0.292754 0.606784 0.059566 0.003911
2 2 0.009299 0.290351 0.677040 0.017725 0.005585
2 2 0.003295 0.015367 0.885477 0.095114 0.000747
2 2 0.000411 0.010253 0.973357 0.015272 0.000707
2 2 0.001029 0.016253 0.954418 0.027469 0.000831
2 2 0.002961 0.038010 0.918627 0.038789 0.001614
2 2 0.020456 0.289376 0.644815 0.037563 0.007791
2 2 0.029229 0.321573 0.593937 0.046271 0.008990
2 2 0.050774 0.278289 0.572637 0.082872 0.015429
2 2 0.000568 0.025649 0.960722 0.007634 0.005427
2 2 0.002131 0.019232 0.929619 0.047671 0.001347
2 2 0.000714 0.031364 0.954518 0.008448 0.004956
2 2 0.000127 0.008164 0.985491 0.004524 0.001694
2 2 0.001776 0.038968 0.935969 0.019517 0.003770
2 2 0.000204 0.011294 0.980818 0.005721 0.001963
2 2 0.000524 0.022336 0.965724 0.008790 0.002626
2 2 0.128365 0.398504 0.439298 0.023936 0.009897
2 2 0.039032 0.388458 0.543037 0.016916 0.012557
2 1 0.005762 0.310704 0.664113 0.008968 0.010452
2 1 0.009766 0.319679 0.644939 0.015023 0.010593
2 1 0.007103 0.123893 0.833105 0.031451 0.004448
2 1 0.004130 0.079162 0.886136 0.026821 0.003750
2 2 0.007106 0.277617 0.696173 0.014563 0.004541
2 2 0.008291 0.311696 0.657322 0.013326 0.009365
2 2 0.008277 0.298135 0.671953 0.014723 0.006912
2 2 0.009774 0.317153 0.647739 0.015320 0.010015
2 2 0.008239 0.325318 0.641783 0.011949 0.012711
2 2 0.005135 0.308793 0.670111 0.006927 0.009035
2 2 0.045336 0.414457 0.509293 0.013631 0.017283
2 4 0.005574 0.313742 0.663602 0.007311 0.009772
2 4 0.008048 0.304053 0.666270 0.013656 0.007972
2 4 0.006074 0.296008 0.679947 0.010634 0.007338
1 4 0.023708 0.459189 0.454954 0.004631 0.057519
1 4 0.042505 0.492366 0.391578 0.003978 0.069573
1 4 0.302912 0.403419 0.212227 0.014290 0.067153
0 4 0.475272 0.300790 0.076679 0.002263 0.144995
1 4 0.087295 0.494871 0.252065 0.002912 0.162858
1 4 0.143151 0.484230 0.244301 0.004755 0.123563
1 4 0.229882 0.439071 0.203988 0.007552 0.119507
1 4 0.340570 0.396579 0.132351 0.003037 0.127463
1 4 0.024895 0.459737 0.425488 0.005306 0.084574
1 4 0.027714 0.454265 0.400806 0.006710 0.110505
1 4 0.025582 0.449238 0.431191 0.007253 0.086736
1 4 0.022757 0.475832 0.387197 0.002899 0.111315
1 4 0.055107 0.484586 0.384810 0.006189 0.069309
1 4 0.032867 0.429546 0.309674 0.004223 0.223690
1 4 0.044462 0.497006 0.279397 0.001736 0.177400
1 4 0.063276 0.447513 0.224060 0.002363 0.262788
1 4 0.060525 0.469891 0.291420 0.005471 0.172693
4 4 0.160586 0.205870 0.061355 0.002680 0.569509
4 4 0.083981 0.268288 0.142441 0.010139 0.495151
1 4 0.035570 0.476784 0.347735 0.004129 0.135781
4 4 0.044027 0.113714 0.032699 0.000453 0.809107
4 4 0.045895 0.016267 0.002447 0.000183 0.935208
4 4 0.064150 0.015570 0.001791 0.000081 0.918408
4 4 0.076977 0.010920 0.001182 0.000075 0.910846
4 4 0.031690 0.011710 0.001884 0.000186 0.954530
4 4 0.051338 0.019091 0.002961 0.000222 0.926388
4 4 0.040513 0.063289 0.015203 0.000313 0.880682
4 4 0.089951 0.025682 0.002866 0.000088 0.881413
4 4 0.050739 0.017668 0.002561 0.000168 0.928864
4 4 0.072084 0.021309 0.002518 0.000095 0.903993
4 4 0.060485 0.020339 0.002796 0.000154 0.916226
4 4 0.030252 0.133157 0.048759 0.000613 0.787219
4 4 0.058341 0.061394 0.013469 0.000414 0.866383
4 4 0.039466 0.153843 0.056637 0.000881 0.749174
4 4 0.023941 0.129222 0.050213 0.000546 0.796078
4 4 0.046298 0.122119 0.039005 0.000776 0.791801
4 4 0.030017 0.035744 0.008678 0.000363 0.925198
4 4 0.024687 0.110674 0.043604 0.000748 0.820287
4 4 0.031099 0.006790 0.000630 0.000021 0.961459
4 4 0.036177 0.239003 0.100024 0.000818 0.623978
4 4 0.022909 0.283858 0.159462 0.001179 0.532593
4 4 0.032886 0.046246 0.016255 0.002054 0.902559
4 4 0.038279 0.068426 0.019248 0.000567 0.873480
4 4 0.056471 0.062175 0.016451 0.000983 0.863921
4 4 0.033417 0.290662 0.141302 0.001148 0.533470
4 4 0.020826 0.258002 0.140460 0.000953 0.579758
4 4 0.054817 0.094310 0.026516 0.000770 0.823587
4 4 0.041934 0.086992 0.028380 0.001070 0.841624
4 4 0.015119 0.261190 0.158878 0.000880 0.563933
4 4 0.013457 0.187256 0.122696 0.001562 0.675029
4 4 0.018307 0.244074 0.137090 0.000934 0.599594
4 4 0.026683 0.058825 0.020284 0.000941 0.893267
4 4 0.041730 0.064497 0.020492 0.001322 0.871960
4 4 0.031335 0.193789 0.094338 0.001723 0.678814
4 4 0.019064 0.281714 0.175654 0.001403 0.522165
4 4 0.015434 0.220161 0.130329 0.000998 0.633077
4 4 0.014958 0.311361 0.236361 0.002021 0.435299
4 1 0.013159 0.269476 0.183398 0.001127 0.532840
4 1 0.012321 0.282853 0.183855 0.000741 0.520231
4 1 0.021060 0.324066 0.179303 0.000776 0.474797
1 1 0.014010 0.401322 0.389232 0.003784 0.191651
2 1 0.010295 0.405938 0.421867 0.002797 0.159105
1 1 0.015908 0.421098 0.369353 0.002756 0.190885
2 1 0.010996 0.414539 0.419912 0.002696 0.151856
2 1 0.012273 0.418418 0.473776 0.005136 0.090397
1 1 0.013993 0.410942 0.392441 0.003347 0.179277
2 1 0.010660 0.414304 0.483388 0.004563 0.087085
2 1 0.008838 0.382659 0.466076 0.004796 0.137631
1 1 0.012155 0.389987 0.367361 0.002670 0.227826
2 1 0.005108 0.379544 0.539306 0.003160 0.072882
2 1 0.018114 0.407509 0.438106 0.009336 0.126935
1 1 0.021390 0.393555 0.298170 0.002764 0.284120
1 1 0.088870 0.504557 0.270156 0.003046 0.133372
1 1 0.047910 0.485992 0.298257 0.003145 0.164696
1 1 0.016826 0.450629 0.439345 0.004070 0.089130
2 1 0.008360 0.429751 0.496028 0.002413 0.063448
1 1 0.022623 0.488295 0.370064 0.001967 0.117051
1 1 0.013636 0.438221 0.428089 0.003009 0.117046
1 1 0.013599 0.473235 0.389294 0.001166 0.122707
1 1 0.046161 0.438840 0.278592 0.004221 0.232185
0 0 0.477507 0.330071 0.110123 0.004222 0.078078
0 0 0.880456 0.077859 0.010137 0.000308 0.031239
0 0 0.896912 0.070365 0.009619 0.000347 0.022756
0 0 0.865738 0.089545 0.014184 0.000651 0.029882
0 0 0.482163 0.323010 0.104065 0.004134 0.086629
0 0 0.657529 0.186478 0.033722 0.001121 0.121149
1 0 0.345288 0.404833 0.121585 0.001672 0.126623
1 0 0.272329 0.463906 0.191674 0.002604 0.069486
1 1 0.363540 0.385368 0.125865 0.003015 0.122212
1 1 0.057163 0.471222 0.371960 0.009015 0.090641
1 1 0.037145 0.461670 0.408635 0.007966 0.084585
2 1 0.036469 0.437478 0.453779 0.013471 0.058803
1 1 0.129435 0.474196 0.250676 0.006179 0.139513
1 1 0.050942 0.456499 0.404339 0.012170 0.076049
1 1 0.065467 0.486586 0.347604 0.006421 0.093922
1 1 0.106747 0.486953 0.311571 0.007244 0.087485
1 1 0.057903 0.475876 0.374391 0.008131 0.083700
1 1 0.099058 0.497004 0.300259 0.005157 0.098521
1 1 0.081747 0.480016 0.350686 0.008796 0.078755
1 4 0.294484 0.408900 0.152592 0.004612 0.139413
1 4 0.108593 0.405109 0.384253 0.030058 0.071988
1 4 0.033571 0.443643 0.398357 0.010873 0.113555
2 4 0.013351 0.391235 0.532475 0.011862 0.051078
2 4 0.013022 0.395956 0.527203 0.010396 0.053422
1 4 0.098612 0.470496 0.337905 0.011699 0.081287
1 4 0.133375 0.422196 0.358393 0.034696 0.051340
1 4 0.068448 0.443890 0.431390 0.016652 0.039620
2 4 0.010427 0.366350 0.582315 0.011279 0.029629
2 4 0.032222 0.389686 0.507483 0.030485 0.040125
2 4 0.010405 0.367538 0.580410 0.011141 0.030506
2 2 0.010339 0.331745 0.615735 0.012647 0.029533
2 2 0.000356 0.028358 0.962331 0.004425 0.004529
2 2 0.000272 0.029772 0.963016 0.002780 0.004161
2 2 0.000261 0.033140 0.960166 0.002064 0.004368
2 2 0.001160 0.115409 0.866146 0.002626 0.014659
2 2 0.013769 0.392966 0.570232 0.005371 0.017663
2 2 0.001375 0.062798 0.918130 0.008845 0.008852
2 2 0.000168 0.013839 0.979758 0.003849 0.002387
2 2 0.000259 0.015140 0.976079 0.005483 0.003038
2 2 0.000044 0.006188 0.991084 0.001742 0.000941
2 2 0.000006 0.001167 0.997549 0.001155 0.000123
2 2 0.000014 0.002534 0.995771 0.001411 0.000270
2 2 0.000031 0.005357 0.992355 0.001626 0.000631
2 2 0.000012 0.001399 0.996375 0.002080 0.000134
2 2 0.000056 0.006040 0.990439 0.003151 0.000314
2 2 0.000044 0.004068 0.992232 0.003444 0.000213
2 2 0.000010 0.002764 0.996040 0.000956 0.000229
2 2 0.000028 0.002493 0.994126 0.003159 0.000195
2 2 0.000041 0.002030 0.991551 0.006292 0.000087
2 2 0.000072 0.003631 0.989569 0.006538 0.000189
2 2 0.000059 0.004557 0.990951 0.004157 0.000277
2 2 0.000032 0.002586 0.993579 0.003638 0.000165
2 2 0.000533 0.006706 0.959690 0.032837 0.000235
2 2 0.000249 0.010260 0.979507 0.009490 0.000495
2 2 0.000032 0.003142 0.993628 0.002904 0.000293
2 2 0.000441 0.002193 0.926152 0.071124 0.000090
2 2 0.000081 0.001472 0.980849 0.017538 0.000060
2 2 0.000151 0.002859 0.978945 0.017898 0.000147
2 2 0.000531 0.001520 0.871472 0.126441 0.000036
2 2 0.000650 0.001579 0.851455 0.146275 0.000041
2 2 0.004629 0.005186 0.682825 0.307149 0.000212
3 2 0.008093 0.002631 0.134062 0.854912 0.000301
3 3 0.009594 0.005081 0.227158 0.757452 0.000714
3 3 0.010292 0.006246 0.348929 0.634151 0.000382
3 3 0.007264 0.003720 0.239230 0.749306 0.000480
3 3 0.005031 0.001427 0.043094 0.950212 0.000236
3 3 0.013344 0.004861 0.106185 0.874870 0.000740
3 3 0.016506 0.006674 0.112431 0.863185 0.001205
3 3 0.016149 0.005529 0.082890 0.894643 0.000790
3 3 0.009045 0.002823 0.052868 0.934800 0.000464
3 3 0.003395 0.001090 0.028593 0.966597 0.000324
3 3 0.007071 0.002541 0.041678 0.948012 0.000698
3 3 0.004218 0.001358 0.044418 0.949695 0.000312
3 3 0.007031 0.001548 0.026905 0.964355 0.000161
3 3 0.005289 0.001520 0.033190 0.959711 0.000290
3 3 0.002823 0.000734 0.023949 0.972345 0.000149
3 3 0.006898 0.001602 0.023140 0.968156 0.000204
3 3 0.005996 0.001620 0.032589 0.959533 0.000262
3 3 0.004923 0.001616 0.029213 0.963787 0.000461
3 3 0.004847 0.001455 0.028151 0.965205 0.000341
3 3 0.031274 0.006812 0.025275 0.935383 0.001257
3 3 0.022161 0.004726 0.030142 0.942360 0.000612
3 3 0.018498 0.002904 0.018850 0.959512 0.000236
3 3 0.019608 0.004482 0.023538 0.951526 0.000847
3 3 0.024077 0.003914 0.019189 0.952441 0.000379
3 3 0.029187 0.005501 0.020392 0.944073 0.000847
3 3 0.012263 0.002712 0.023665 0.960953 0.000407
3 3 0.018066 0.004314 0.022571 0.953999 0.001049
3 3 0.015388 0.003779 0.025755 0.954599 0.000479
3 3 0.044914 0.006539 0.024721 0.923252 0.000575
3 3 0.010771 0.001812 0.012301 0.974863 0.000253
3 3 0.016875 0.003688 0.020997 0.957813 0.000627
3 3 0.026831 0.005266 0.020470 0.946272 0.001161
3 3 0.020125 0.003757 0.021202 0.954467 0.000450
3 3 0.021440 0.004650 0.017664 0.955041 0.001205
3 3 0.020705 0.003981 0.017824 0.956754 0.000735
3 3 0.023895 0.004408 0.023850 0.947329 0.000519
3 3 0.018236 0.003394 0.018001 0.959917 0.000452
3 3 0.032591 0.005975 0.025393 0.935140 0.000901
3 3 0.026730 0.003459 0.012763 0.956739 0.000309
3 3 0.059185 0.007173 0.030826 0.902526 0.000290
3 3 0.036236 0.005603 0.022680 0.934918 0.000563
3 3 0.048685 0.008098 0.023945 0.918395 0.000877
3 3 0.072230 0.009291 0.031383 0.886588 0.000506
3 3 0.023510 0.003203 0.018437 0.954692 0.000157
3 3 0.052454 0.006661 0.017755 0.922686 0.000443
3 3 0.235448 0.019347 0.049611 0.695360 0.000234
3 3 0.128766 0.025981 0.097627 0.746344 0.001282
0 0 0.815961 0.076209 0.050688 0.054803 0.002338
0 0 0.290018 0.161436 0.255858 0.289444 0.003244
2 1 0.157707 0.278381 0.381176 0.174228 0.008508
2 1 0.120053 0.296517 0.415226 0.155381 0.012824
2 1 0.200128 0.161182 0.421624 0.209651 0.007415
2 1 0.106820 0.321177 0.445554 0.114290 0.012159
2 1 0.142357 0.197192 0.402768 0.251777 0.005906
0 1 0.508605 0.212606 0.165632 0.103328 0.009829
2 1 0.219739 0.245424 0.405535 0.120034 0.009268
2 1 0.188814 0.324025 0.402484 0.065742 0.018935
1 1 0.205548 0.354903 0.340377 0.076173 0.022999
2 1 0.083141 0.341291 0.463462 0.094065 0.018039
2 1 0.013779 0.320173 0.463869 0.034748 0.167431
2 1 0.017281 0.293004 0.410971 0.054113 0.224632
2 1 0.014020 0.394826 0.498089 0.011932 0.081133
2 1 0.008670 0.296819 0.495496 0.031640 0.167375
2 1 0.005546 0.295371 0.514254 0.016618 0.168211
2 1 0.008148 0.319929 0.483265 0.015682 0.172975
2 1 0.009387 0.306812 0.457379 0.021044 0.205378
2 1 0.009127 0.284970 0.356323 0.010044 0.339536
4 1 0.010611 0.187212 0.225535 0.020243 0.556399
2 1 0.014246 0.281391 0.344779 0.021703 0.337882
2 1 0.011087 0.285840 0.383662 0.020221 0.299190
2 1 0.006422 0.289384 0.405915 0.008612 0.289666
2 1 0.015318 0.354090 0.449404 0.019347 0.161842
2 1 0.009746 0.276111 0.418742 0.029533 0.265868
2 1 0.006678 0.306220 0.520576 0.019621 0.146905
2 1 0.008352 0.271696 0.463978 0.038773 0.217201
2 1 0.007164 0.212597 0.527081 0.035161 0.217997
2 1 0.007043 0.298301 0.447241 0.013236 0.234179
2 1 0.010444 0.316031 0.344074 0.005699 0.323752
4 1 0.013597 0.252038 0.295190 0.018865 0.420309
1 1 0.025113 0.409472 0.329146 0.004628 0.231640
1 1 0.017621 0.382924 0.317920 0.003096 0.278438
4 4 0.030458 0.135299 0.067653 0.002904 0.763686
4 4 0.037051 0.096581 0.047757 0.006001 0.812610
4 4 0.029010 0.334201 0.230780 0.004078 0.401931
4 4 0.045669 0.243039 0.143348 0.006902 0.561041
4 4 0.021174 0.292627 0.221070 0.004198 0.460931
4 4 0.016754 0.213707 0.171634 0.005532 0.592372
1 4 0.065877 0.471287 0.228566 0.001993 0.232277
1 4 0.039814 0.398252 0.277241 0.005882 0.278811
1 4 0.021237 0.438463 0.385870 0.004424 0.150007
1 4 0.018523 0.382884 0.364428 0.006478 0.227686
1 4 0.029064 0.484005 0.316301 0.001662 0.168968
1 4 0.049061 0.489270 0.289135 0.002720 0.169814
4 4 0.027623 0.344645 0.222762 0.002568 0.402402
1 4 0.017489 0.373422 0.317962 0.003593 0.287533
