0 0 0.996018 0.000733 0.000088 0.000195 0.002965
0 0 0.994427 0.001352 0.000172 0.000238 0.003810
0 0 0.996332 0.000651 0.000077 0.000180 0.002759
0 0 0.990657 0.002494 0.000349 0.000437 0.006063
0 0 0.942883 0.031036 0.005647 0.001260 0.019174
0 0 0.971453 0.017030 0.002627 0.000348 0.008541
0 0 0.971274 0.012775 0.002120 0.000884 0.012946
0 0 0.993905 0.000547 0.000072 0.000586 0.004890
0 0 0.996211 0.000376 0.000045 0.000287 0.003081
0 0 0.996633 0.000500 0.000059 0.000184 0.002624
0 0 0.996582 0.000506 0.000059 0.000189 0.002664
0 0 0.996496 0.000665 0.000078 0.000159 0.002602
0 0 0.983131 0.007975 0.001180 0.000369 0.007345
0 0 0.994080 0.001285 0.000166 0.000291 0.004178
0 0 0.995418 0.001015 0.000125 0.000199 0.003243
0 0 0.982417 0.006212 0.000964 0.000707 0.009700
0 0 0.994095 0.001572 0.000201 0.000232 0.003900
0 0 0.995351 0.001005 0.000124 0.000209 0.003312
0 0 0.996585 0.000621 0.000073 0.000159 0.002562
0 0 0.996294 0.000708 0.000084 0.000171 0.002743
0 0 0.995646 0.000832 0.000102 0.000214 0.003206
0 0 0.997184 0.000397 0.000045 0.000150 0.002224
0 0 0.997457 0.000308 0.000034 0.000145 0.002056
0 0 0.996869 0.000495 0.000057 0.000159 0.002420
0 0 0.996740 0.000436 0.000051 0.000191 0.002582
0 0 0.996567 0.000514 0.000060 0.000188 0.002670
0 0 0.995656 0.000859 0.000105 0.000207 0.003174
0 0 0.997532 0.000379 0.000042 0.000116 0.001931
0 0 0.997337 0.000388 0.000043 0.000135 0.002097
0 0 0.996467 0.000482 0.000057 0.000210 0.002783
0 0 0.995409 0.000779 0.000097 0.000255 0.003460
0 0 0.996217 0.000365 0.000044 0.000292 0.003083
0 0 0.993908 0.001518 0.000196 0.000262 0.004116
0 0 0.995485 0.000422 0.000052 0.000379 0.003662
0 0 0.994968 0.000991 0.000125 0.000255 0.003661
0 0 0.996906 0.000591 0.000068 0.000133 0.002302
0 0 0.995903 0.000989 0.000119 0.000156 0.002833
0 0 0.994367 0.001405 0.000179 0.000234 0.003815
0 0 0.995723 0.001134 0.000136 0.000149 0.002859
0 0 0.997151 0.000369 0.000042 0.000162 0.002277
0 0 0.995689 0.001015 0.000123 0.000172 0.003000
0 0 0.993002 0.000713 0.000096 0.000657 0.005532
0 0 0.995560 0.000382 0.000047 0.000389 0.003622
0 0 0.994467 0.001184 0.000151 0.000268 0.003929
0 0 0.994574 0.001521 0.000191 0.000193 0.003521
0 0 0.995182 0.000918 0.000115 0.000247 0.003538
0 0 0.993214 0.002562 0.000328 0.000169 0.003727
0 0 0.997015 0.000376 0.000043 0.000176 0.002390
0 0 0.993388 0.002422 0.000310 0.000172 0.003708
0 0 0.978271 0.010069 0.001571 0.000548 0.009541
0 0 0.995682 0.000473 0.000058 0.000323 0.003464
0 0 0.997590 0.000330 0.000036 0.000123 0.001921
0 0 0.997719 0.000272 0.000030 0.000126 0.001854
0 0 0.997729 0.000219 0.000024 0.000144 0.001885
0 0 0.997062 0.000512 0.000058 0.000134 0.002234
0 0 0.997908 0.000199 0.000021 0.000129 0.001743
0 0 0.997619 0.000305 0.000033 0.000127 0.001915
0 0 0.994737 0.000914 0.000116 0.000303 0.003930
0 0 0.991518 0.002425 0.000332 0.000351 0.005374
0 0 0.997381 0.000359 0.000040 0.000138 0.002082
0 0 0.994614 0.001375 0.000173 0.000214 0.003623
0 0 0.995898 0.001236 0.000146 0.000119 0.002601
0 0 0.997441 0.000474 0.000052 0.000105 0.001928
0 0 0.994959 0.001270 0.000158 0.000198 0.003415
0 0 0.997134 0.000594 0.000067 0.000111 0.002095
0 0 0.997231 0.000514 0.000058 0.000117 0.002081
0 0 0.994216 0.001793 0.000227 0.000185 0.003579
0 0 0.993740 0.002165 0.000275 0.000175 0.003644
0 0 0.987576 0.005239 0.000744 0.000316 0.006125
0 0 0.985441 0.005566 0.000826 0.000476 0.007691
0 0 0.988012 0.005298 0.000742 0.000271 0.005676
0 0 0.983724 0.007187 0.001069 0.000414 0.007606
0 0 0.984413 0.007702 0.001113 0.000294 0.006478
0 0 0.985111 0.005603 0.000836 0.000505 0.007944
0 0 0.991171 0.003477 0.000466 0.000226 0.004660
0 0 0.991471 0.003151 0.000423 0.000242 0.004713
0 0 0.832262 0.116687 0.023528 0.001312 0.026211
0 0 0.764648 0.158616 0.035183 0.002537 0.039016
0 0 0.811329 0.125040 0.026724 0.002203 0.034704
0 0 0.992681 0.002699 0.000352 0.000196 0.004072
0 0 0.890750 0.004765 0.000991 0.001198 0.102296
0 0 0.836335 0.003169 0.000691 0.001240 0.158565
4 1 0.418659 0.028509 0.009343 0.008091 0.535398
4 1 0.055055 0.181728 0.093368 0.006901 0.662948
4 0 0.242408 0.047094 0.017588 0.005696 0.687214
0 1 0.600769 0.024074 0.006957 0.006149 0.362051
4 4 0.296406 0.053764 0.018645 0.002504 0.628681
4 4 0.378070 0.052527 0.018057 0.009910 0.541435
4 4 0.237080 0.103937 0.039052 0.004193 0.615737
4 4 0.153113 0.044584 0.018554 0.007868 0.775880
4 4 0.145061 0.034464 0.014543 0.010086 0.795846
4 4 0.336341 0.019017 0.006496 0.007385 0.630761
4 4 0.106791 0.033605 0.015113 0.011009 0.833481
4 4 0.103539 0.028788 0.012811 0.007883 0.846978
4 4 0.236077 0.037706 0.014323 0.008813 0.703082
4 4 0.128406 0.079129 0.034567 0.008124 0.749774
4 4 0.219268 0.039241 0.015178 0.009060 0.717252
4 4 0.125468 0.077368 0.034099 0.009195 0.753869
4 4 0.187886 0.046853 0.018835 0.009404 0.737022
4 4 0.207314 0.034383 0.012957 0.003597 0.741749
4 4 0.101705 0.015501 0.006763 0.006828 0.869203
4 4 0.037217 0.006287 0.003094 0.002205 0.951197
4 4 0.038109 0.009992 0.004952 0.002025 0.944922
4 4 0.025439 0.009295 0.004879 0.001346 0.959041
4 4 0.043009 0.024430 0.012129 0.001905 0.918527
4 4 0.029748 0.008839 0.004539 0.001694 0.955180
4 4 0.032764 0.042918 0.021678 0.000536 0.902104
4 4 0.031611 0.009951 0.005096 0.001919 0.951423
4 4 0.018548 0.013468 0.007467 0.000908 0.959609
4 4 0.024659 0.023472 0.012649 0.001114 0.938106
4 4 0.033083 0.023075 0.012098 0.002288 0.929457
4 4 0.041256 0.008078 0.003965 0.002758 0.943944
4 4 0.056787 0.051227 0.024513 0.001728 0.865745
4 4 0.027616 0.014414 0.007622 0.001710 0.948637
4 4 0.032593 0.041131 0.020551 0.000405 0.905319
4 4 0.033500 0.005575 0.002767 0.001817 0.956341
4 4 0.039189 0.006148 0.003003 0.002377 0.949282
4 4 0.061418 0.024508 0.011066 0.000929 0.902079
4 4 0.036255 0.005254 0.002575 0.002025 0.953890
4 4 0.030640 0.007286 0.003698 0.001690 0.956686
4 4 0.012362 0.006911 0.003923 0.000411 0.976394
4 4 0.017174 0.003467 0.001836 0.000575 0.976948
4 4 0.017108 0.012424 0.006936 0.000785 0.962746
4 4 0.017722 0.018142 0.010238 0.000914 0.952983
4 4 0.019025 0.003286 0.001714 0.000664 0.975311
4 4 0.011811 0.004548 0.002552 0.000345 0.980744
4 4 0.011513 0.005469 0.003102 0.000347 0.979568
4 4 0.020863 0.008415 0.004511 0.000966 0.965245
4 4 0.017424 0.044780 0.025747 0.000721 0.911328
4 4 0.009634 0.031824 0.019807 0.000417 0.938318
4 4 0.017139 0.040204 0.023286 0.000864 0.918506
4 4 0.013626 0.009923 0.005648 0.000522 0.970281
4 4 0.010025 0.005108 0.002939 0.000276 0.981652
4 4 0.031044 0.018315 0.009068 0.000452 0.941122
4 4 0.009392 0.026457 0.016404 0.000381 0.947366
4 0 0.015655 0.036367 0.021206 0.000713 0.926059
4 1 0.021977 0.016282 0.008905 0.001239 0.951598
4 2 0.011162 0.039026 0.024029 0.000555 0.925228
4 2 0.011487 0.046268 0.028561 0.000610 0.913073
4 2 0.010743 0.072023 0.045499 0.000635 0.871100
4 2 0.002162 0.155718 0.191510 0.000188 0.650422
4 1 0.003621 0.172825 0.183416 0.000368 0.639770
4 1 0.007782 0.245528 0.236383 0.000468 0.509840
4 1 0.004095 0.156710 0.139676 0.000303 0.699216
2 1 0.002276 0.221564 0.491955 0.001349 0.282856
4 1 0.003542 0.187762 0.219706 0.000401 0.588589
4 1 0.001106 0.143018 0.227081 0.000094 0.628701
2 1 0.000827 0.149978 0.469586 0.000258 0.379350
2 2 0.000671 0.157360 0.504121 0.000228 0.337620
4 2 0.001748 0.184528 0.322190 0.000323 0.491211
4 2 0.001643 0.170512 0.273901 0.000221 0.553723
2 2 0.000455 0.118179 0.728737 0.000591 0.152039
4 2 0.001523 0.182298 0.340182 0.000294 0.475703
4 2 0.001400 0.165835 0.280829 0.000184 0.551753
2 2 0.000439 0.139071 0.660523 0.000330 0.199636
2 2 0.000584 0.135029 0.682807 0.000112 0.181468
2 2 0.000383 0.081798 0.784620 0.000740 0.132459
2 2 0.001121 0.090424 0.504950 0.000242 0.403263
2 2 0.000224 0.044661 0.843636 0.000649 0.110829
2 2 0.000288 0.074483 0.709805 0.000263 0.215161
2 2 0.001221 0.026535 0.918268 0.037565 0.016412
2 2 0.001414 0.008242 0.771806 0.215048 0.003489
2 2 0.001630 0.022165 0.824341 0.132138 0.019726
2 2 0.001630 0.033024 0.874069 0.053712 0.037565
2 2 0.001029 0.013777 0.859059 0.120468 0.005667
2 2 0.002471 0.013966 0.576645 0.400021 0.006898
2 2 0.000906 0.006659 0.673218 0.315993 0.003224
2 3 0.002964 0.018863 0.633946 0.334499 0.009728
2 3 0.001152 0.007961 0.527635 0.458844 0.004408
3 3 0.002794 0.008660 0.326744 0.655318 0.006484
2 3 0.006605 0.033794 0.517302 0.421046 0.021253
3 3 0.001997 0.002610 0.146261 0.846273 0.002860
3 3 0.005829 0.005391 0.130600 0.850889 0.007290
3 3 0.001164 0.000605 0.056057 0.940959 0.001215
3 3 0.002232 0.003866 0.189087 0.801208 0.003606
3 3 0.001816 0.001589 0.100269 0.894085 0.002240
3 3 0.001530 0.000993 0.073354 0.922420 0.001702
3 3 0.002793 0.003085 0.136225 0.853942 0.003955
3 3 0.001087 0.000531 0.052273 0.945014 0.001094
3 3 0.002870 0.002612 0.112539 0.878310 0.003669
3 3 0.001726 0.000731 0.049640 0.946216 0.001687
3 3 0.002098 0.000740 0.043161 0.952064 0.001937
3 3 0.001872 0.000333 0.021208 0.975146 0.001440
3 3 0.002100 0.000520 0.030284 0.965330 0.001766
3 3 0.001838 0.000616 0.039990 0.955885 0.001671
3 3 0.004533 0.003063 0.092936 0.894215 0.005254
3 3 0.003034 0.001512 0.064611 0.927662 0.003180
3 3 0.003097 0.000924 0.039394 0.953830 0.002755
3 3 0.003262 0.000879 0.035918 0.957116 0.002827
3 3 0.001599 0.000398 0.028834 0.967829 0.001340
3 3 0.003638 0.000918 0.034352 0.957987 0.003105
3 3 0.002722 0.001092 0.051574 0.941999 0.002612
3 3 0.001446 0.000345 0.027110 0.969902 0.001197
3 3 0.000994 0.000175 0.018478 0.979599 0.000754
3 3 0.001097 0.000275 0.026987 0.970724 0.000916
3 3 0.000565 0.000074 0.012138 0.986831 0.000392
3 3 0.001859 0.000265 0.016898 0.979630 0.001349
3 3 0.001534 0.000321 0.024025 0.972892 0.001228
3 3 0.000855 0.000117 0.013894 0.984528 0.000606
3 3 0.001601 0.000410 0.029692 0.966946 0.001352
3 3 0.002693 0.000569 0.027094 0.967464 0.002181
3 3 0.001401 0.000198 0.015821 0.981571 0.001009
3 3 0.004365 0.001556 0.050203 0.939782 0.004095
3 3 0.001822 0.000418 0.027254 0.969008 0.001498
3 3 0.001276 0.000153 0.013088 0.984606 0.000878
3 3 0.002094 0.000379 0.022043 0.973863 0.001621
3 3 0.001469 0.000576 0.044763 0.951806 0.001386
3 3 0.004811 0.001436 0.042860 0.946579 0.004314
3 3 0.001747 0.000183 0.012170 0.984733 0.001167
3 3 0.003392 0.000770 0.030493 0.962532 0.002812
3 3 0.001993 0.000302 0.018213 0.978021 0.001471
3 3 0.002469 0.000480 0.024480 0.970616 0.001954
3 3 0.001544 0.000240 0.017764 0.979309 0.001142
3 3 0.002543 0.000347 0.017190 0.978086 0.001834
3 3 0.001144 0.000204 0.019292 0.978487 0.000873
3 3 0.002227 0.000344 0.019005 0.976768 0.001656
3 3 0.006675 0.003969 0.089230 0.892902 0.007224
3 2 0.002708 0.000986 0.046823 0.946950 0.002533
2 3 0.014526 0.030763 0.504775 0.436395 0.013541
2 3 0.011633 0.029967 0.671994 0.277985 0.008420
2 2 0.006941 0.051575 0.828116 0.092882 0.020487
2 2 0.008445 0.114359 0.749460 0.051985 0.075750
2 2 0.010467 0.098435 0.675907 0.135011 0.080180
2 2 0.020154 0.076911 0.658458 0.193493 0.050984
2 2 0.029370 0.092059 0.686581 0.169419 0.022571
2 2 0.030420 0.059523 0.758832 0.139676 0.011550
2 2 0.009918 0.106242 0.799444 0.033936 0.050460
2 2 0.005007 0.042412 0.814342 0.123693 0.014546
2 2 0.004671 0.023619 0.772982 0.191957 0.006771
2 2 0.015831 0.058527 0.748562 0.164614 0.012465
2 2 0.005508 0.056783 0.857743 0.058209 0.021756
2 2 0.008059 0.063319 0.809481 0.081008 0.038133
2 2 0.006253 0.027010 0.805599 0.153504 0.007633
2 3 0.003316 0.015900 0.538718 0.434902 0.007164
2 2 0.002495 0.020800 0.631673 0.335928 0.009104
2 2 0.007932 0.081926 0.830531 0.056707 0.022904
2 2 0.009635 0.058780 0.846691 0.068048 0.016847
2 3 0.004840 0.031244 0.682137 0.264667 0.017112
3 2 0.005543 0.014637 0.481499 0.490968 0.007353
2 3 0.017637 0.080645 0.686401 0.183568 0.031748
2 3 0.004055 0.016153 0.634094 0.339694 0.006004
2 2 0.011860 0.047486 0.710408 0.213718 0.016528
2 2 0.031218 0.042319 0.477372 0.427602 0.021488
2 2 0.017774 0.086544 0.683564 0.186505 0.025613
2 2 0.004786 0.027733 0.700752 0.259590 0.007139
2 2 0.006621 0.036973 0.752297 0.188981 0.015128
2 3 0.005390 0.058398 0.883329 0.031559 0.021324
2 2 0.003973 0.019028 0.744394 0.228343 0.004262
2 2 0.028045 0.078455 0.747810 0.130190 0.015501
2 2 0.008055 0.076967 0.808455 0.074963 0.031560
2 2 0.010865 0.073763 0.819098 0.080999 0.015275
2 2 0.003100 0.042877 0.909192 0.033218 0.011612
2 2 0.007226 0.068197 0.798253 0.089161 0.037163
2 2 0.013179 0.079663 0.744556 0.130770 0.031832
2 2 0.006945 0.050730 0.736684 0.184102 0.021538
2 2 0.005000 0.027458 0.620687 0.335557 0.011297
2 2 0.002414 0.019640 0.732659 0.236871 0.008416
2 2 0.007843 0.064729 0.837921 0.069108 0.020399
2 3 0.008068 0.048014 0.624885 0.278285 0.040749
2 3 0.010484 0.085166 0.698224 0.155761 0.050364
3 3 0.002110 0.009774 0.390955 0.592144 0.005016
2 3 0.012774 0.041011 0.549842 0.379565 0.016808
2 3 0.010285 0.051110 0.574491 0.339639 0.024475
3 0 0.018394 0.025071 0.391735 0.549894 0.014906
2 2 0.119969 0.162922 0.579464 0.101245 0.036400
2 2 0.018753 0.036419 0.598298 0.333529 0.013000
2 2 0.008865 0.066912 0.832375 0.072297 0.019551
2 2 0.005304 0.030897 0.721559 0.225486 0.016754
2 2 0.002507 0.031245 0.880508 0.077921 0.007819
2 2 0.006677 0.033699 0.828843 0.121953 0.008828
2 2 0.002178 0.025987 0.933423 0.030648 0.007764
2 2 0.002325 0.026655 0.878630 0.083497 0.008893
2 3 0.004537 0.034312 0.746189 0.201996 0.012967
2 2 0.004638 0.017806 0.673956 0.298814 0.004785
2 2 0.006146 0.042063 0.829893 0.111302 0.010595
2 2 0.005881 0.044291 0.622946 0.303796 0.023085
2 3 0.005382 0.043786 0.865191 0.076485 0.009155
2 2 0.004727 0.035193 0.838894 0.110958 0.010228
2 3 0.005994 0.045461 0.785420 0.140165 0.022961
2 2 0.004373 0.022338 0.653855 0.311955 0.007478
2 3 0.003477 0.015426 0.647338 0.326735 0.007023
2 3 0.004337 0.017715 0.499279 0.471273 0.007396
2 2 0.013958 0.061564 0.521014 0.355120 0.048343
2 3 0.005885 0.019463 0.573118 0.394576 0.006958
2 2 0.006278 0.022871 0.674859 0.288391 0.007600
3 0 0.036136 0.042688 0.436667 0.461513 0.022995
2 2 0.046371 0.119841 0.718177 0.094048 0.021563
2 2 0.011674 0.113754 0.627464 0.188827 0.058282
2 2 0.004537 0.052181 0.792580 0.122211 0.028491
2 2 0.004723 0.050631 0.820884 0.102758 0.021004
2 2 0.010973 0.045595 0.649110 0.277781 0.016541
2 2 0.010458 0.069432 0.848376 0.056215 0.015519
2 2 0.008719 0.057479 0.834950 0.081024 0.017829
2 2 0.002601 0.014825 0.613243 0.362609 0.006722
2 2 0.003019 0.013551 0.559691 0.419022 0.004718
2 2 0.018283 0.088555 0.640606 0.211652 0.040904
2 2 0.010855 0.050408 0.487283 0.421409 0.030044
2 2 0.014105 0.039096 0.652917 0.282285 0.011598
2 2 0.009658 0.070987 0.648359 0.216878 0.054118
2 2 0.007186 0.039309 0.619751 0.310430 0.023325
2 2 0.018620 0.071555 0.519219 0.319040 0.071566
2 3 0.004847 0.046951 0.722533 0.191334 0.034335
3 2 0.009645 0.024407 0.358266 0.589984 0.017698
2 3 0.007848 0.059759 0.650675 0.240323 0.041394
3 3 0.011101 0.016509 0.322199 0.638709 0.011483
3 3 0.005658 0.015162 0.308042 0.660658 0.010481
3 3 0.001709 0.005623 0.405427 0.584610 0.002631
3 3 0.005726 0.013571 0.374132 0.598894 0.007676
3 0 0.011179 0.023395 0.294756 0.650097 0.020572
3 3 0.007485 0.013550 0.476359 0.496486 0.006121
2 2 0.001868 0.010825 0.619702 0.364386 0.003218
2 2 0.012454 0.074274 0.768141 0.114648 0.030484
2 2 0.003432 0.016656 0.667155 0.308266 0.004491
2 2 0.002417 0.011069 0.635662 0.347695 0.003156
2 3 0.010339 0.074392 0.772809 0.111438 0.031022
2 3 0.003845 0.018688 0.580021 0.390535 0.006912
2 3 0.016488 0.044884 0.595405 0.323757 0.019466
2 2 0.006584 0.022574 0.584368 0.378718 0.007756
2 2 0.005349 0.042000 0.780383 0.155182 0.017085
2 2 0.006239 0.040711 0.817951 0.117572 0.017526
2 3 0.005170 0.045067 0.790513 0.146681 0.012568
2 3 0.003401 0.011735 0.634630 0.346827 0.003407
2 0 0.011545 0.049713 0.691658 0.233241 0.013842
2 2 0.204305 0.209056 0.486175 0.058704 0.041761
2 2 0.011291 0.189742 0.742994 0.007822 0.048152
2 2 0.001887 0.014145 0.838446 0.143407 0.002115
2 2 0.002502 0.017867 0.867212 0.109539 0.002881
2 2 0.003569 0.035249 0.916769 0.038644 0.005768
2 2 0.001955 0.031601 0.849012 0.107170 0.010262
2 2 0.007522 0.098086 0.862669 0.015811 0.015912
2 2 0.008125 0.047403 0.844041 0.093739 0.006692
2 2 0.005812 0.076932 0.836083 0.061408 0.019765
2 2 0.005828 0.035501 0.824857 0.127841 0.005973
2 2 0.005768 0.119168 0.830752 0.009007 0.035306
2 2 0.003481 0.093662 0.833344 0.030318 0.039195
2 2 0.005134 0.057585 0.867266 0.059083 0.010933
2 2 0.013267 0.133550 0.820643 0.009504 0.023035
2 2 0.016046 0.184380 0.754161 0.003028 0.042384
2 2 0.026464 0.276460 0.633618 0.003644 0.059813
2 1 0.006425 0.132261 0.831953 0.004421 0.024940
4 1 0.092773 0.215246 0.096986 0.003284 0.591712
4 1 0.031593 0.231564 0.123751 0.000856 0.612236
4 0 0.064801 0.295637 0.134892 0.001010 0.503660
4 1 0.296688 0.286613 0.098688 0.003713 0.314298
4 0 0.059006 0.124074 0.060429 0.002294 0.754197
4 4 0.028464 0.115993 0.065119 0.002686 0.787739
4 4 0.032148 0.079103 0.043053 0.002439 0.843257
4 4 0.032635 0.079664 0.043158 0.002317 0.842226
4 4 0.013484 0.061380 0.036987 0.000596 0.887553
4 4 0.023737 0.057058 0.031864 0.001292 0.886049
4 4 0.027935 0.137215 0.075192 0.001271 0.758387
4 4 0.044200 0.184761 0.091783 0.000943 0.678313
4 0 0.090224 0.112047 0.050645 0.002809 0.744277
0 0 0.438584 0.169762 0.055372 0.008009 0.328273
4 0 0.177609 0.115791 0.045691 0.002861 0.658049
4 0 0.119296 0.201726 0.081191 0.000599 0.597189
4 1 0.049005 0.331405 0.158736 0.001116 0.459737
4 1 0.022977 0.247359 0.139270 0.001274 0.589119
4 1 0.015586 0.177184 0.108764 0.001554 0.696912
4 1 0.010892 0.231817 0.185160 0.000623 0.571508
2 2 0.001206 0.068210 0.855480 0.011736 0.063368
2 2 0.001418 0.090129 0.831006 0.010956 0.066492
2 2 0.000498 0.038388 0.935119 0.003134 0.022861
2 2 0.000623 0.051818 0.920946 0.000570 0.026044
2 2 0.000630 0.060580 0.869716 0.004809 0.064265
2 2 0.001078 0.041050 0.929533 0.008733 0.019606
2 2 0.000824 0.075186 0.864053 0.004275 0.055661
2 2 0.001070 0.056035 0.903332 0.005047 0.034517
2 2 0.000429 0.034039 0.946057 0.001896 0.017578
2 2 0.001007 0.063160 0.874839 0.006231 0.054762
2 2 0.001289 0.064138 0.896203 0.003302 0.035067
2 2 0.001277 0.114958 0.768239 0.004274 0.111252
2 2 0.000578 0.036068 0.938155 0.004480 0.020719
2 2 0.000587 0.051948 0.905261 0.006552 0.035653
2 2 0.000972 0.070414 0.853582 0.007763 0.067269
2 2 0.000324 0.024869 0.958319 0.001389 0.015099
2 2 0.000774 0.046856 0.923327 0.008516 0.020527
2 2 0.001574 0.070352 0.835678 0.012922 0.079473
2 2 0.000868 0.039486 0.937212 0.005987 0.016447
2 2 0.001090 0.034751 0.923345 0.018474 0.022340
2 2 0.007993 0.022251 0.693278 0.270855 0.005623
2 2 0.013031 0.180345 0.759111 0.011183 0.036331
2 2 0.000683 0.021654 0.951694 0.016774 0.009195
2 2 0.000857 0.031496 0.935520 0.015619 0.016507
2 2 0.002270 0.057983 0.862835 0.049567 0.027345
2 2 0.001345 0.014726 0.919810 0.059323 0.004795
2 2 0.002472 0.035516 0.927695 0.024093 0.010223
2 2 0.001613 0.026987 0.934757 0.028389 0.008254
2 2 0.002230 0.018574 0.891007 0.084095 0.004094
2 2 0.003656 0.069069 0.902631 0.011344 0.013300
2 0 0.002877 0.051687 0.894059 0.033937 0.017440
2 1 0.167487 0.287607 0.516043 0.001591 0.027271
2 2 0.007425 0.195146 0.685866 0.011197 0.100366
2 2 0.002050 0.037114 0.936628 0.014612 0.009597
2 2 0.000826 0.024214 0.945793 0.021822 0.007345
2 2 0.002951 0.049767 0.913979 0.021343 0.011959
2 2 0.000754 0.017923 0.948360 0.028980 0.003983
2 2 0.004067 0.041164 0.922422 0.025682 0.006664
2 2 0.003259 0.049561 0.925331 0.011315 0.010533
2 2 0.002370 0.052053 0.897611 0.029120 0.018846
2 2 0.001383 0.042905 0.894666 0.035321 0.025725
2 2 0.000731 0.027244 0.949604 0.009679 0.012742
2 2 0.000747 0.020404 0.953827 0.015652 0.009370
2 2 0.001465 0.026405 0.946487 0.018282 0.007361
2 2 0.003198 0.050601 0.881356 0.045501 0.019344
2 2 0.003232 0.043693 0.852289 0.082559 0.018228
2 2 0.003432 0.044169 0.895131 0.045159 0.012108
2 2 0.001969 0.017984 0.868151 0.107141 0.004756
2 3 0.003483 0.016973 0.784837 0.189917 0.004790
2 2 0.004053 0.032991 0.858635 0.092223 0.012099
2 2 0.004498 0.049309 0.836180 0.087331 0.022682
2 2 0.002315 0.014964 0.753161 0.222954 0.006607
2 2 0.002462 0.037186 0.882784 0.056753 0.020814
2 2 0.001853 0.017218 0.788042 0.187021 0.005866
2 2 0.006819 0.038949 0.762516 0.177562 0.014153
2 2 0.005992 0.057290 0.691901 0.212173 0.032644
2 2 0.006579 0.031097 0.672032 0.272579 0.017713
2 2 0.005782 0.041244 0.781515 0.154353 0.017105
2 3 0.007727 0.040228 0.724100 0.214236 0.013709
2 3 0.001436 0.008390 0.571808 0.415687 0.002679
3 2 0.001688 0.004606 0.329439 0.661660 0.002608
2 2 0.010079 0.044703 0.616740 0.313585 0.014892
2 3 0.010302 0.045637 0.529249 0.378109 0.036702
2 3 0.014043 0.047919 0.575230 0.342432 0.020376
3 3 0.002359 0.008241 0.342927 0.641787 0.004687
3 3 0.004804 0.008904 0.288871 0.691097 0.006324
2 3 0.010751 0.028198 0.478906 0.468940 0.013206
3 3 0.002001 0.005433 0.308806 0.680394 0.003365
3 3 0.003360 0.005649 0.230990 0.755398 0.004603
3 3 0.004423 0.008535 0.316468 0.665052 0.005522
3 3 0.005778 0.018354 0.347537 0.616916 0.011415
3 3 0.000605 0.000971 0.190952 0.806706 0.000767
3 3 0.006701 0.013117 0.413114 0.560317 0.006751
3 3 0.003137 0.007744 0.267839 0.715706 0.005574
3 3 0.000954 0.000893 0.093547 0.903362 0.001244
3 3 0.004222 0.007961 0.312769 0.669788 0.005260
3 3 0.001497 0.003484 0.261602 0.731044 0.002372
3 3 0.006634 0.004246 0.095582 0.886217 0.007321
3 3 0.003604 0.007250 0.231866 0.751208 0.006073
3 3 0.002342 0.001590 0.083494 0.909971 0.002604
3 3 0.003518 0.002171 0.082387 0.908124 0.003801
3 3 0.002775 0.006585 0.253622 0.732045 0.004973
3 3 0.002396 0.001460 0.075796 0.917785 0.002562
3 3 0.002434 0.002278 0.112274 0.879904 0.003110
3 3 0.001771 0.000696 0.046508 0.949347 0.001678
3 3 0.001545 0.000872 0.064535 0.931430 0.001619
3 3 0.001734 0.000502 0.034122 0.962128 0.001515
3 3 0.004342 0.009577 0.314710 0.665240 0.006131
3 3 0.003284 0.005635 0.212747 0.772688 0.005646
3 3 0.001732 0.002774 0.180697 0.812206 0.002592
3 3 0.004800 0.002496 0.073947 0.913773 0.004984
3 3 0.008183 0.014514 0.248966 0.715761 0.012577
3 3 0.001975 0.005117 0.324621 0.665323 0.002963
2 3 0.005157 0.019942 0.685334 0.283413 0.006153
2 3 0.004524 0.018008 0.557406 0.413561 0.006501
2 3 0.004188 0.016291 0.531229 0.440590 0.007702
3 3 0.007371 0.011677 0.311169 0.661877 0.007906
3 3 0.004466 0.004076 0.131053 0.855165 0.005241
3 3 0.004795 0.011590 0.434532 0.543649 0.005433
3 3 0.004371 0.007250 0.204916 0.776658 0.006806
3 3 0.003867 0.008114 0.273539 0.708549 0.005930
3 3 0.002583 0.001858 0.089461 0.903132 0.002966
3 3 0.009195 0.007069 0.119842 0.853177 0.010717
3 3 0.002334 0.002484 0.125793 0.866322 0.003067
3 3 0.003734 0.001611 0.058830 0.932152 0.003673
3 3 0.002115 0.001113 0.064182 0.930419 0.002171
3 3 0.001716 0.000802 0.054835 0.940946 0.001701
3 3 0.003970 0.001533 0.053367 0.937333 0.003797
3 3 0.001541 0.000769 0.057046 0.939065 0.001579
3 3 0.001095 0.000770 0.074265 0.922625 0.001244
3 3 0.001529 0.000607 0.045660 0.950755 0.001448
3 3 0.005418 0.002890 0.077475 0.908540 0.005676
3 3 0.000881 0.000585 0.066428 0.931075 0.001031
3 3 0.001420 0.000452 0.036078 0.960782 0.001268
3 3 0.001431 0.000492 0.038992 0.957781 0.001304
3 3 0.002587 0.000905 0.044569 0.949547 0.002393
3 3 0.001351 0.000507 0.042137 0.954747 0.001258
3 3 0.001728 0.000618 0.042151 0.953906 0.001597
3 3 0.003269 0.001069 0.043605 0.949074 0.002982
3 3 0.002002 0.000515 0.031142 0.964641 0.001699
3 3 0.004522 0.002219 0.069128 0.919511 0.004619
3 3 0.005455 0.002205 0.059239 0.927789 0.005312
3 3 0.004334 0.001440 0.046750 0.943486 0.003990
3 3 0.002753 0.001346 0.062768 0.930348 0.002785
3 3 0.007744 0.003358 0.067600 0.913568 0.007730
3 3 0.004545 0.002383 0.073806 0.914540 0.004725
3 3 0.001486 0.000371 0.028502 0.968397 0.001244
3 3 0.003794 0.001619 0.058355 0.932508 0.003723
3 0 0.003958 0.001973 0.068483 0.921537 0.004050
3 0 0.007879 0.007837 0.285112 0.693466 0.005706
2 2 0.177129 0.127106 0.439486 0.205361 0.050917
2 2 0.014542 0.045933 0.623448 0.301263 0.014815
2 3 0.003777 0.011780 0.552766 0.427489 0.004188
2 3 0.006156 0.016841 0.625717 0.346114 0.005172
2 3 0.003788 0.016509 0.677649 0.297683 0.004371
2 2 0.012632 0.056671 0.713423 0.203289 0.013984
2 2 0.019273 0.068434 0.714504 0.177310 0.020479
2 4 0.039701 0.128654 0.754561 0.059329 0.017755
2 4 0.030179 0.170512 0.738514 0.018391 0.042404
2 4 0.029376 0.104518 0.825636 0.021059 0.019411
4 4 0.074871 0.022102 0.010257 0.005507 0.887262
4 4 0.057444 0.081166 0.038590 0.001215 0.821585
4 4 0.057866 0.080880 0.039847 0.003204 0.818203
4 4 0.131430 0.031524 0.013144 0.004605 0.819297
4 4 0.120116 0.079210 0.032715 0.001301 0.766658
4 4 0.044596 0.016236 0.007940 0.002094 0.929135
4 4 0.030481 0.004756 0.002374 0.001508 0.960880
4 4 0.041965 0.012764 0.006239 0.001857 0.937175
4 4 0.014242 0.033511 0.019903 0.000772 0.931572
4 4 0.034878 0.010691 0.005412 0.002163 0.946856
4 4 0.040087 0.010497 0.005227 0.002816 0.941373
4 4 0.131906 0.026288 0.010423 0.001433 0.829950
4 4 0.116071 0.080685 0.034659 0.003021 0.765564
4 4 0.063827 0.050922 0.024078 0.002269 0.858904
4 4 0.129361 0.026334 0.010862 0.003625 0.829818
4 4 0.081348 0.055987 0.025374 0.002391 0.834900
4 4 0.050625 0.031610 0.015592 0.002972 0.899201
4 4 0.027355 0.037501 0.020606 0.002185 0.912353
4 4 0.045294 0.015718 0.007832 0.003783 0.927373
4 4 0.034022 0.018798 0.009242 0.000575 0.937362
4 4 0.045816 0.028595 0.014018 0.001662 0.909909
4 0 0.096304 0.045405 0.020562 0.006297 0.831432
4 4 0.313958 0.082814 0.029846 0.008383 0.565000
4 4 0.155881 0.078006 0.032025 0.004468 0.729620
4 4 0.033018 0.048635 0.025996 0.002243 0.890108
4 4 0.025545 0.047220 0.026374 0.002071 0.898790
4 4 0.023425 0.088854 0.050485 0.001542 0.835694
4 4 0.035779 0.059605 0.031000 0.001442 0.872174
4 4 0.031652 0.025993 0.013828 0.002472 0.926054
4 4 0.043034 0.111645 0.058580 0.003469 0.783272
4 4 0.017894 0.050607 0.029649 0.001240 0.900610
4 4 0.029601 0.039377 0.021336 0.002155 0.907530
4 4 0.096732 0.081455 0.035503 0.001719 0.784591
4 4 0.078050 0.029761 0.013666 0.004131 0.874392
4 4 0.022991 0.014501 0.007849 0.001289 0.953369
4 4 0.028899 0.047626 0.025279 0.000992 0.897204
4 4 0.042414 0.046228 0.023864 0.003174 0.884321
4 4 0.029969 0.031685 0.017102 0.002399 0.918844
4 4 0.079385 0.038952 0.017931 0.003990 0.859742
4 4 0.040083 0.049673 0.025561 0.002116 0.882567
4 4 0.025232 0.042191 0.022821 0.000908 0.908849
4 4 0.016532 0.019916 0.011380 0.000842 0.951330
4 4 0.023683 0.055561 0.030712 0.000995 0.889049
4 4 0.064205 0.048375 0.022382 0.001368 0.863669
4 4 0.023087 0.062092 0.034509 0.000953 0.879360
4 4 0.027240 0.030646 0.016721 0.002049 0.923343
4 4 0.062232 0.101833 0.047964 0.001301 0.786670
4 4 0.072085 0.040774 0.019044 0.003482 0.864615
4 4 0.090577 0.044466 0.019636 0.002403 0.842918
4 4 0.110635 0.066116 0.027285 0.000907 0.795057
4 4 0.034499 0.049236 0.025925 0.001864 0.888475
4 4 0.092456 0.068659 0.030205 0.001882 0.806797
4 4 0.031278 0.077034 0.041408 0.001558 0.848722
4 4 0.038582 0.105627 0.053733 0.000913 0.801145
4 4 0.051320 0.060811 0.030064 0.002226 0.855579
4 0 0.060723 0.082610 0.038697 0.001077 0.816893
0 0 0.603909 0.058933 0.016680 0.002500 0.317978
0 0 0.630224 0.026869 0.007249 0.001499 0.334159
4 0 0.409365 0.051259 0.015794 0.000960 0.522622
4 0 0.089829 0.064448 0.029093 0.003299 0.813330
4 0 0.392953 0.154974 0.051212 0.004179 0.396682
4 1 0.249873 0.213495 0.079371 0.005408 0.451853
4 1 0.076208 0.225776 0.107516 0.005370 0.585129
4 1 0.169963 0.224398 0.089567 0.003660 0.512412
4 1 0.153296 0.255836 0.106834 0.007988 0.476046
4 0 0.345040 0.147796 0.050992 0.004950 0.451222
0 1 0.772730 0.057201 0.014060 0.001720 0.154288
4 1 0.225576 0.216809 0.082265 0.004967 0.470383
4 0 0.285193 0.252141 0.089744 0.005147 0.367775
0 0 0.717705 0.049781 0.013248 0.004088 0.215178
0 0 0.919671 0.020026 0.004173 0.002857 0.053273
0 0 0.845335 0.029786 0.006843 0.001805 0.116230
0 0 0.861291 0.022781 0.005226 0.002965 0.107738
0 0 0.901153 0.027491 0.005834 0.001911 0.063611
0 0 0.786596 0.048466 0.012220 0.004690 0.148028
0 0 0.827852 0.011731 0.002713 0.001841 0.155864
0 0 0.872661 0.025182 0.005661 0.002548 0.093949
0 0 0.873010 0.026091 0.005876 0.002739 0.092284
0 0 0.859784 0.024022 0.005500 0.002649 0.108045
0 0 0.791461 0.024765 0.006112 0.003054 0.174609
0 0 0.991041 0.002970 0.000407 0.000308 0.005274
0 0 0.983357 0.004039 0.000636 0.001079 0.010889
0 0 0.991116 0.001540 0.000217 0.000626 0.006502
0 0 0.995795 0.000253 0.000031 0.000437 0.003484
0 0 0.985619 0.003014 0.000464 0.001025 0.009878
0 0 0.991251 0.000621 0.000087 0.001087 0.006953
0 0 0.990562 0.000882 0.000126 0.001039 0.007392
0 0 0.987866 0.002026 0.000304 0.000990 0.008815
0 0 0.985180 0.003773 0.000580 0.000873 0.009594
0 0 0.975804 0.009708 0.001581 0.000872 0.012035
0 0 0.981174 0.005839 0.000929 0.000946 0.011113
0 0 0.979399 0.007238 0.001160 0.000887 0.011316
0 0 0.971469 0.008470 0.001467 0.001771 0.016822
0 0 0.981109 0.006212 0.000985 0.000873 0.010821
0 0 0.985838 0.004670 0.000699 0.000585 0.008207
0 0 0.992949 0.000860 0.000116 0.000591 0.005483
0 0 0.994204 0.000788 0.000103 0.000419 0.004487
0 0 0.993255 0.000943 0.000126 0.000506 0.005170
0 0 0.988515 0.001820 0.000270 0.000956 0.008439
0 0 0.990715 0.002169 0.000305 0.000504 0.006308
0 0 0.575570 0.039284 0.011513 0.004504 0.369129
0 0 0.561593 0.017658 0.005175 0.005869 0.409705
4 1 0.167738 0.089027 0.036196 0.004907 0.702131
4 1 0.014323 0.184637 0.114837 0.001487 0.684717
4 0 0.032706 0.254762 0.133788 0.001154 0.577590
4 1 0.069018 0.148462 0.068430 0.001169 0.712921
4 1 0.033295 0.182102 0.096138 0.001161 0.687304
4 1 0.033007 0.222519 0.117937 0.001366 0.625172
4 1 0.016058 0.212737 0.128468 0.001274 0.641463
4 1 0.016978 0.211468 0.128821 0.002096 0.640637
4 2 0.014088 0.198832 0.123959 0.001515 0.661605
4 1 0.008085 0.227017 0.221801 0.001576 0.541521
4 1 0.024779 0.158330 0.087978 0.001030 0.727883
4 1 0.026682 0.143698 0.079128 0.001155 0.749337
4 1 0.011941 0.188030 0.119625 0.001138 0.679265
4 1 0.016418 0.209162 0.127950 0.001977 0.644494
4 1 0.016510 0.209227 0.126761 0.001571 0.645931
4 1 0.040077 0.152207 0.074684 0.000407 0.732625
4 1 0.038811 0.208551 0.108324 0.001702 0.642611
4 2 0.023114 0.249485 0.139710 0.001146 0.586545
2 2 0.005959 0.295505 0.437057 0.000425 0.261054
2 2 0.002479 0.200021 0.550127 0.002208 0.245165
2 2 0.003064 0.256537 0.559306 0.000627 0.180466
4 2 0.012808 0.314009 0.310915 0.000793 0.361474
1 1 0.123937 0.456955 0.166922 0.000242 0.251945
4 1 0.016673 0.246784 0.156078 0.000625 0.579840
4 1 0.007407 0.243145 0.249764 0.000737 0.498947
4 1 0.010612 0.280551 0.265852 0.000635 0.442351
2 1 0.006939 0.308565 0.369994 0.000117 0.314385
2 2 0.003115 0.205001 0.539208 0.002923 0.249754
2 2 0.002646 0.242017 0.563985 0.000994 0.190358
2 2 0.000377 0.092189 0.796530 0.000840 0.110065
2 2 0.002088 0.177847 0.604607 0.000419 0.215039
2 2 0.002113 0.219557 0.537515 0.000237 0.240578
2 2 0.003314 0.218578 0.625503 0.000296 0.152308
2 2 0.000652 0.076315 0.846818 0.001353 0.074861
1 1 0.018332 0.379509 0.363059 0.000351 0.238749
4 1 0.006275 0.244963 0.281790 0.000743 0.466229
4 1 0.019494 0.322243 0.246359 0.000083 0.411821
4 1 0.005213 0.261726 0.361293 0.000585 0.371182
2 2 0.002910 0.235306 0.506460 0.002016 0.253307
1 2 0.016287 0.358372 0.346531 0.000458 0.278352
4 2 0.006845 0.277089 0.352721 0.000759 0.362585
1 0 0.156700 0.357232 0.301481 0.004431 0.180155
1 1 0.246889 0.332609 0.112963 0.001033 0.306506
4 2 0.005848 0.242811 0.309563 0.001429 0.440350
2 2 0.001173 0.136439 0.687633 0.001554 0.173202
2 2 0.003135 0.190035 0.621196 0.002355 0.183279
2 2 0.005826 0.282463 0.456325 0.001364 0.254022
2 2 0.003994 0.273385 0.561807 0.000727 0.160087
2 2 0.000287 0.021969 0.969267 0.000820 0.007657
2 2 0.000959 0.061639 0.880172 0.006766 0.050465
2 2 0.001194 0.096577 0.837227 0.001076 0.063925
2 2 0.002976 0.102309 0.827138 0.003204 0.064372
2 2 0.005983 0.292021 0.476037 0.000977 0.224982
2 2 0.004475 0.257154 0.476263 0.001846 0.260261
2 2 0.000572 0.096780 0.810606 0.000816 0.091226
2 2 0.004669 0.257356 0.435641 0.001951 0.300384
2 2 0.002213 0.132798 0.793807 0.001260 0.069922
2 2 0.000533 0.025942 0.952585 0.004564 0.016376
2 2 0.000800 0.043042 0.941531 0.000786 0.013842
2 2 0.000720 0.047144 0.933663 0.001118 0.017356
2 2 0.002591 0.109152 0.844405 0.001986 0.041865
2 1 0.000882 0.053929 0.918608 0.000927 0.025653
2 1 0.004554 0.193322 0.711453 0.000791 0.089881
2 1 0.006146 0.111090 0.847107 0.001139 0.034518
2 2 0.006285 0.284859 0.484032 0.001232 0.223592
2 0 0.012420 0.341832 0.535343 0.002277 0.108128
2 0 0.212995 0.331843 0.382625 0.009658 0.062880
0 1 0.401492 0.379501 0.110412 0.001372 0.107223
2 2 0.021099 0.379359 0.434985 0.002365 0.162192
2 2 0.005720 0.192593 0.719488 0.004311 0.077888
2 2 0.001943 0.050155 0.921187 0.005095 0.021620
2 2 0.002741 0.043830 0.931702 0.010092 0.011635
2 2 0.003538 0.163209 0.768260 0.004380 0.060613
2 2 0.000327 0.018414 0.973112 0.002114 0.006034
2 2 0.001825 0.061471 0.910191 0.003001 0.023512
2 2 0.003213 0.184068 0.676967 0.003967 0.131785
2 2 0.002458 0.147093 0.748309 0.003020 0.099120
2 2 0.001090 0.057755 0.921082 0.001737 0.018336
2 2 0.000367 0.015752 0.971284 0.005386 0.007210
2 2 0.002778 0.082736 0.861009 0.010729 0.042748
2 2 0.001266 0.034925 0.947149 0.007458 0.009202
2 2 0.001091 0.038010 0.943675 0.004020 0.013205
2 2 0.000531 0.025203 0.963416 0.005151 0.005699
2 2 0.000637 0.024765 0.926380 0.034274 0.013945
2 2 0.000655 0.032627 0.950448 0.006276 0.009995
2 2 0.000670 0.037951 0.927214 0.008856 0.025309
2 2 0.001446 0.030120 0.961758 0.001604 0.005072
2 2 0.001179 0.025717 0.954767 0.009462 0.008874
2 2 0.001952 0.027528 0.925907 0.033611 0.011003
2 2 0.000974 0.022635 0.945446 0.023150 0.007796
2 2 0.002218 0.086209 0.876617 0.005172 0.029785
2 2 0.001616 0.022949 0.954975 0.014858 0.005603
2 2 0.001785 0.059770 0.859249 0.042513 0.036683
2 2 0.002021 0.048401 0.885419 0.039775 0.024385
2 2 0.001168 0.022795 0.911894 0.054370 0.009773
2 2 0.001262 0.029867 0.944210 0.011662 0.013000
2 2 0.000750 0.013406 0.890888 0.090385 0.004570
2 2 0.000524 0.012553 0.962295 0.019694 0.004935
2 2 0.009884 0.038066 0.677918 0.258826 0.015306
2 3 0.004173 0.030446 0.798860 0.152127 0.014394
3 2 0.004338 0.008277 0.393086 0.589952 0.004347
2 3 0.004779 0.022878 0.616849 0.344684 0.010810
2 3 0.001205 0.007765 0.696384 0.291661 0.002985
3 3 0.002356 0.006845 0.285613 0.700424 0.004762
2 3 0.002976 0.011165 0.493724 0.487682 0.004454
3 3 0.002608 0.003433 0.154964 0.835303 0.003691
3 3 0.001161 0.002322 0.191239 0.803322 0.001958
3 3 0.003472 0.013226 0.404466 0.569971 0.008865
3 3 0.005439 0.006652 0.165470 0.815037 0.007401
3 3 0.002744 0.003744 0.161138 0.828427 0.003948
3 3 0.000616 0.000823 0.118995 0.878647 0.000919
3 3 0.001639 0.002832 0.212714 0.780557 0.002258
3 3 0.001243 0.003852 0.274554 0.717871 0.002481
3 3 0.001946 0.000925 0.057134 0.938055 0.001941
3 3 0.002780 0.001834 0.084093 0.908248 0.003045
3 3 0.002809 0.003308 0.142636 0.847452 0.003795
3 3 0.001899 0.001392 0.086256 0.908292 0.002162
3 3 0.000646 0.000447 0.065422 0.932736 0.000749
3 3 0.002467 0.005906 0.251566 0.735684 0.004377
3 3 0.002134 0.001406 0.078945 0.915087 0.002428
3 3 0.007394 0.009179 0.176820 0.796639 0.009969
3 3 0.002947 0.001015 0.045002 0.948316 0.002720
3 3 0.001843 0.001860 0.115091 0.878850 0.002356
3 3 0.003592 0.000963 0.036423 0.955907 0.003115
3 3 0.001668 0.001122 0.077056 0.918269 0.001886
3 3 0.002912 0.002675 0.114602 0.876173 0.003638
3 3 0.001510 0.000723 0.054793 0.941472 0.001503
3 3 0.003350 0.001987 0.077912 0.913066 0.003685
3 3 0.001262 0.000572 0.050118 0.946814 0.001234
3 3 0.000987 0.000209 0.022218 0.975800 0.000786
3 3 0.002226 0.000837 0.046546 0.948298 0.002093
3 3 0.002082 0.001207 0.070274 0.924241 0.002197
3 3 0.003692 0.001717 0.063173 0.927713 0.003704
3 3 0.003389 0.001143 0.045278 0.947071 0.003119
3 3 0.000564 0.000134 0.022268 0.976576 0.000458
3 3 0.002912 0.001939 0.085589 0.906359 0.003200
3 3 0.000907 0.000167 0.018954 0.979277 0.000695
3 3 0.004264 0.002740 0.088713 0.899611 0.004673
3 3 0.013848 0.024089 0.327385 0.602450 0.032228
3 3 0.007169 0.006721 0.171207 0.807128 0.007775
2 0 0.029706 0.224012 0.426626 0.056866 0.262791
1 1 0.214718 0.439862 0.168476 0.006242 0.170702
2 2 0.033267 0.317510 0.336063 0.003390 0.309771
2 2 0.017996 0.105192 0.826038 0.010234 0.040540
2 2 0.018383 0.131715 0.765678 0.022664 0.061561
2 1 0.023111 0.238550 0.613763 0.009859 0.114717
2 1 0.045455 0.311820 0.478393 0.003786 0.160546
1 1 0.052655 0.374346 0.234162 0.005818 0.333019
1 1 0.195567 0.395180 0.157089 0.003679 0.248485
4 4 0.141151 0.308568 0.134149 0.004873 0.411259
1 4 0.057619 0.359363 0.339312 0.003206 0.240500
2 4 0.131621 0.282534 0.309597 0.004560 0.271687
4 4 0.050460 0.318206 0.299067 0.002199 0.330069
4 4 0.140446 0.130540 0.053916 0.002602 0.672496
4 0 0.079028 0.240220 0.138598 0.004206 0.537948
0 0 0.364885 0.316371 0.157448 0.012215 0.149081
0 4 0.479960 0.176711 0.054922 0.005207 0.283200
1 4 0.201860 0.378395 0.138182 0.003074 0.278489
4 4 0.113383 0.057048 0.024446 0.002981 0.802142
4 4 0.050503 0.008772 0.004145 0.002578 0.934002
4 4 0.467515 0.032965 0.010041 0.002383 0.487096
0 4 0.479200 0.053709 0.017214 0.008799 0.441077
4 4 0.262582 0.067322 0.025519 0.011409 0.633167
4 4 0.111810 0.069323 0.030957 0.007438 0.780472
4 4 0.074361 0.023601 0.010956 0.005115 0.885967
4 4 0.116758 0.075702 0.033266 0.005840 0.768434
4 4 0.053926 0.012225 0.005896 0.004665 0.923288
4 4 0.196072 0.027127 0.010433 0.005313 0.761055
4 4 0.156346 0.034888 0.014027 0.004155 0.790583
4 4 0.129438 0.077893 0.033374 0.005096 0.754198
4 0 0.122151 0.058326 0.024728 0.003281 0.791514
4 0 0.332805 0.088673 0.030629 0.003874 0.544019
4 4 0.355659 0.045546 0.015766 0.008450 0.574579
4 4 0.072531 0.048785 0.023094 0.004560 0.851030
4 4 0.130122 0.058954 0.024780 0.003626 0.782517
4 4 0.092391 0.104836 0.047463 0.003368 0.751942
4 4 0.067214 0.106980 0.051407 0.003191 0.771209
4 4 0.083153 0.103777 0.047754 0.003022 0.762295
4 4 0.049074 0.021904 0.010824 0.003497 0.914701
4 4 0.047860 0.018965 0.009207 0.002171 0.921798
4 4 0.032580 0.007857 0.003970 0.001895 0.953698
4 4 0.036406 0.005768 0.002837 0.002086 0.952903
4 4 0.061410 0.012735 0.005943 0.003628 0.916285
4 4 0.104170 0.014035 0.005902 0.003166 0.872727
4 4 0.032535 0.003012 0.001463 0.001492 0.961498
4 4 0.036079 0.008111 0.004050 0.002239 0.949521
4 4 0.032795 0.001198 0.000559 0.001208 0.964240
4 4 0.027293 0.004057 0.002040 0.001222 0.965389
4 4 0.038586 0.007499 0.003701 0.002438 0.947776
4 4 0.031660 0.008441 0.004293 0.001845 0.953762
4 4 0.035616 0.024324 0.012715 0.002917 0.924427
4 4 0.041301 0.026481 0.013428 0.002553 0.916237
4 4 0.291270 0.027306 0.009805 0.008657 0.662962
4 4 0.162157 0.021328 0.008583 0.007427 0.800505
4 4 0.035253 0.024980 0.013089 0.002892 0.923787
4 4 0.033095 0.017863 0.009185 0.001677 0.938179
4 4 0.031304 0.013118 0.006802 0.002028 0.946749
4 4 0.041749 0.021417 0.010917 0.003613 0.922304
4 4 0.010529 0.082086 0.052191 0.000645 0.854549
4 4 0.015486 0.035464 0.020887 0.000893 0.927270
4 4 0.014186 0.038015 0.022449 0.000599 0.924751
4 4 0.014862 0.039821 0.023491 0.000707 0.921118
4 4 0.027522 0.048226 0.026447 0.001819 0.895987
4 0 0.089283 0.047124 0.020959 0.002595 0.840039
0 0 0.583357 0.116041 0.035357 0.016247 0.248998
4 1 0.073743 0.050891 0.023563 0.002698 0.849105
4 1 0.019137 0.091842 0.052645 0.000724 0.835652
4 1 0.010235 0.080208 0.051143 0.000613 0.857801
4 1 0.008989 0.086167 0.055951 0.000515 0.848377
4 2 0.007556 0.079122 0.052366 0.000383 0.860572
4 2 0.013456 0.102675 0.063073 0.000787 0.820009
4 2 0.011488 0.096071 0.060691 0.000782 0.830968
4 2 0.007842 0.138456 0.092457 0.000510 0.760734
4 1 0.008519 0.090166 0.059014 0.000483 0.841818
