4 0 0.069265 0.202109 0.040312 0.000122 0.688192
4 0 0.089570 0.344610 0.082612 0.000276 0.482932
4 0 0.171930 0.069063 0.010905 0.000337 0.747766
4 0 0.264629 0.170296 0.020939 0.000130 0.544005
4 0 0.026908 0.262685 0.052062 0.000024 0.658320
4 1 0.020307 0.157290 0.051055 0.000174 0.771175
4 0 0.133013 0.312114 0.057566 0.000177 0.497131
4 0 0.081171 0.271150 0.042203 0.000045 0.605431
4 0 0.023711 0.278887 0.063582 0.000035 0.633786
4 0 0.024760 0.248670 0.046228 0.000017 0.680325
4 1 0.027834 0.286207 0.065010 0.000043 0.620906
4 1 0.010901 0.316703 0.119553 0.000083 0.552760
4 1 0.011289 0.287696 0.088321 0.000039 0.612656
4 1 0.008998 0.301916 0.110317 0.000056 0.578712
4 1 0.014563 0.297285 0.089116 0.000051 0.598986
4 1 0.007785 0.279150 0.092017 0.000031 0.621016
4 1 0.014233 0.267321 0.066605 0.000024 0.651817
4 1 0.011252 0.279340 0.091864 0.000053 0.617490
4 1 0.006488 0.175097 0.068230 0.000063 0.750121
4 1 0.009789 0.261384 0.070931 0.000020 0.657876
4 1 0.003905 0.298193 0.241182 0.000445 0.456274
4 1 0.002714 0.253015 0.262002 0.000465 0.481804
4 1 0.002500 0.249933 0.297229 0.000462 0.449877
4 1 0.003259 0.244452 0.326223 0.000904 0.425163
4 1 0.002912 0.202063 0.218043 0.001083 0.575899
4 1 0.003160 0.204118 0.333877 0.001788 0.457056
4 1 0.003381 0.193824 0.395383 0.002750 0.404663
2 2 0.010871 0.213042 0.660251 0.009724 0.106110
2 2 0.003236 0.193759 0.403393 0.002549 0.397062
2 2 0.001105 0.099407 0.742062 0.002858 0.154567
2 2 0.000239 0.036618 0.932050 0.001132 0.029961
2 2 0.000115 0.017881 0.961465 0.000588 0.019951
2 2 0.000150 0.025591 0.935589 0.001986 0.036684
2 2 0.000211 0.024814 0.952347 0.002335 0.020293
2 2 0.000134 0.018946 0.958401 0.002460 0.020059
2 2 0.000340 0.037982 0.899864 0.003827 0.057986
2 2 0.000639 0.052650 0.881018 0.004311 0.061383
2 2 0.000337 0.033956 0.910580 0.004851 0.050275
2 2 0.000310 0.030050 0.921007 0.005460 0.043173
2 2 0.000640 0.015767 0.929980 0.043948 0.009665
2 2 0.000225 0.001882 0.763823 0.233679 0.000390
2 3 0.001386 0.004786 0.647594 0.345692 0.000542
2 3 0.000486 0.003413 0.754375 0.241024 0.000702
3 3 0.000642 0.001521 0.261520 0.735953 0.000363
3 3 0.000324 0.000709 0.251448 0.747406 0.000112
3 3 0.000450 0.000991 0.183155 0.815098 0.000306
3 3 0.000276 0.000881 0.315932 0.682706 0.000205
3 3 0.000394 0.001363 0.365231 0.632673 0.000340
3 3 0.000195 0.000462 0.148072 0.851109 0.000162
3 3 0.000698 0.002264 0.235042 0.760643 0.001353
3 3 0.000181 0.000229 0.068594 0.930937 0.000059
3 3 0.000300 0.000539 0.116122 0.882862 0.000176
3 3 0.000334 0.000381 0.061636 0.937531 0.000117
3 3 0.000170 0.000292 0.154266 0.845228 0.000043
3 3 0.000303 0.000455 0.077216 0.921846 0.000180
3 3 0.000164 0.000181 0.043953 0.955642 0.000061
3 3 0.000325 0.000428 0.060122 0.938940 0.000185
3 3 0.000251 0.000271 0.039445 0.959911 0.000121
3 3 0.000220 0.000225 0.032292 0.967150 0.000112
3 3 0.000257 0.000280 0.050747 0.948624 0.000092
3 3 0.000736 0.000642 0.038655 0.959674 0.000293
3 3 0.000472 0.000384 0.037140 0.961875 0.000130
3 3 0.000921 0.000712 0.027590 0.970341 0.000437
3 3 0.000469 0.000291 0.020825 0.978297 0.000119
3 3 0.000545 0.000311 0.013835 0.985112 0.000198
3 3 0.000454 0.000359 0.039926 0.959161 0.000101
3 3 0.000370 0.000260 0.027962 0.971323 0.000085
3 3 0.000531 0.000459 0.034636 0.964167 0.000207
3 3 0.000491 0.000358 0.025696 0.973293 0.000162
3 3 0.000673 0.000492 0.030792 0.967844 0.000199
3 3 0.000483 0.000405 0.034719 0.964229 0.000164
3 3 0.000736 0.000548 0.027745 0.970693 0.000279
3 3 0.000422 0.000320 0.029357 0.969778 0.000123
3 3 0.000529 0.000447 0.030415 0.968380 0.000230
3 3 0.000810 0.000572 0.023834 0.974454 0.000331
3 3 0.000469 0.000376 0.028289 0.970686 0.000180
3 3 0.000526 0.000418 0.020964 0.977780 0.000312
3 3 0.000412 0.000280 0.024407 0.974793 0.000107
3 3 0.000492 0.000335 0.019162 0.979818 0.000193
3 3 0.000477 0.000302 0.023037 0.976071 0.000113
3 3 0.000169 0.000125 0.021596 0.978062 0.000047
3 3 0.000217 0.000144 0.019339 0.980246 0.000054
3 3 0.000223 0.000128 0.015277 0.984322 0.000049
3 3 0.000253 0.000163 0.017445 0.982068 0.000071
3 3 0.000526 0.000418 0.022299 0.976470 0.000286
3 3 0.000307 0.000191 0.019584 0.979848 0.000071
3 3 0.000244 0.000168 0.021468 0.978058 0.000062
3 3 0.000267 0.000153 0.013742 0.985764 0.000073
3 3 0.000444 0.000266 0.016812 0.982346 0.000132
3 3 0.000215 0.000168 0.025027 0.974525 0.000064
3 3 0.000205 0.000139 0.021441 0.978169 0.000046
3 3 0.000209 0.000154 0.020166 0.979404 0.000068
3 3 0.000346 0.000265 0.025700 0.973574 0.000115
3 3 0.000263 0.000170 0.017750 0.981743 0.000073
3 3 0.000333 0.000253 0.033753 0.965589 0.000072
3 3 0.000260 0.000151 0.013214 0.986298 0.000077
3 3 0.000244 0.000156 0.017586 0.981950 0.000065
3 3 0.000205 0.000144 0.021063 0.978534 0.000054
3 3 0.000161 0.000098 0.018095 0.981616 0.000029
3 3 0.000189 0.000112 0.018397 0.981270 0.000032
3 3 0.000717 0.000450 0.020976 0.977631 0.000226
3 3 0.000470 0.000309 0.024898 0.974210 0.000113
3 3 0.000301 0.000152 0.016612 0.982892 0.000044
3 3 0.000406 0.000239 0.017182 0.982066 0.000107
3 3 0.000609 0.000354 0.018306 0.980563 0.000167
3 3 0.000639 0.000408 0.018425 0.980285 0.000243
3 3 0.000264 0.000135 0.014261 0.985294 0.000046
3 3 0.000472 0.000235 0.018823 0.980403 0.000067
3 3 0.000268 0.000149 0.013658 0.985859 0.000066
3 3 0.000449 0.000246 0.017215 0.981992 0.000097
3 3 0.000388 0.000178 0.011021 0.988333 0.000081
3 3 0.000564 0.000275 0.014767 0.984280 0.000114
3 3 0.000376 0.000197 0.013942 0.985397 0.000087
3 3 0.000318 0.000171 0.012786 0.986641 0.000084
3 3 0.000317 0.000160 0.012208 0.987242 0.000072
3 3 0.000517 0.000282 0.015332 0.983731 0.000138
3 3 0.000406 0.000232 0.016530 0.982731 0.000101
3 3 0.000380 0.000179 0.009923 0.989418 0.000100
3 3 0.000264 0.000117 0.010745 0.988832 0.000043
3 3 0.000483 0.000260 0.015603 0.983537 0.000117
3 3 0.000180 0.000091 0.013649 0.986053 0.000028
3 3 0.000208 0.000093 0.009201 0.990458 0.000039
3 3 0.000225 0.000129 0.019006 0.980603 0.000036
3 3 0.000222 0.000118 0.016962 0.982667 0.000032
3 3 0.000164 0.000079 0.013166 0.986570 0.000021
3 3 0.000349 0.000205 0.017619 0.981745 0.000083
3 3 0.000313 0.000148 0.013104 0.986383 0.000051
3 3 0.000282 0.000130 0.013386 0.986163 0.000039
3 3 0.000245 0.000121 0.014943 0.984656 0.000035
3 3 0.000183 0.000078 0.012474 0.987246 0.000018
3 3 0.000201 0.000095 0.010182 0.989484 0.000038
3 3 0.000263 0.000108 0.009292 0.990296 0.000041
3 3 0.000270 0.000112 0.009048 0.990524 0.000046
3 3 0.000288 0.000149 0.012867 0.986632 0.000064
3 3 0.000258 0.000121 0.011010 0.988562 0.000049
3 3 0.000196 0.000080 0.009080 0.990618 0.000027
3 3 0.000133 0.000054 0.008146 0.991650 0.000017
3 3 0.000151 0.000065 0.010758 0.989007 0.000018
3 3 0.000200 0.000085 0.012102 0.987591 0.000022
3 3 0.000212 0.000094 0.010110 0.989549 0.000034
3 3 0.000409 0.000161 0.008488 0.990865 0.000076
3 3 0.000220 0.000087 0.010633 0.989037 0.000023
3 3 0.000183 0.000078 0.009813 0.989899 0.000026
3 3 0.000379 0.000155 0.009967 0.989437 0.000062
3 3 0.000263 0.000127 0.012665 0.986901 0.000045
3 3 0.000233 0.000111 0.013232 0.986390 0.000034
3 3 0.000358 0.000165 0.015466 0.983964 0.000046
3 3 0.000312 0.000115 0.008330 0.991201 0.000043
3 3 0.000190 0.000070 0.007848 0.991869 0.000023
3 3 0.000279 0.000101 0.009286 0.990306 0.000029
3 3 0.000273 0.000106 0.010063 0.989526 0.000032
3 3 0.000350 0.000167 0.011745 0.987664 0.000073
3 3 0.000256 0.000100 0.008456 0.991149 0.000038
3 3 0.000331 0.000128 0.011270 0.988235 0.000036
3 3 0.000259 0.000104 0.009646 0.989956 0.000035
3 3 0.000248 0.000113 0.009952 0.989637 0.000049
3 3 0.000146 0.000050 0.008087 0.991705 0.000011
3 3 0.000158 0.000078 0.014155 0.985589 0.000020
3 3 0.000104 0.000036 0.007230 0.992621 0.000009
3 3 0.000381 0.000188 0.015831 0.983539 0.000061
3 3 0.000292 0.000223 0.030870 0.968546 0.000068
3 3 0.000200 0.000130 0.021356 0.978274 0.000039
3 3 0.000179 0.000155 0.023633 0.975957 0.000075
3 3 0.000638 0.000563 0.048587 0.950032 0.000180
3 3 0.000678 0.000555 0.045603 0.952997 0.000168
2 3 0.031620 0.055824 0.667377 0.241445 0.003734
2 2 0.008817 0.017690 0.489263 0.481606 0.002624
2 2 0.006304 0.015714 0.513733 0.461284 0.002964
2 2 0.006846 0.022832 0.532739 0.429921 0.007663
2 2 0.021843 0.051931 0.683787 0.236910 0.005530
2 2 0.044930 0.115176 0.703123 0.126060 0.010711
2 1 0.017242 0.106212 0.714968 0.118127 0.043451
2 1 0.020040 0.159588 0.698760 0.056650 0.064962
2 1 0.011627 0.077503 0.758563 0.122197 0.030110
2 1 0.004958 0.029786 0.766155 0.189754 0.009346
2 1 0.013391 0.104232 0.747231 0.088568 0.046578
2 1 0.008407 0.106282 0.804884 0.035523 0.044904
2 1 0.001959 0.014041 0.795812 0.184147 0.004041
2 1 0.013421 0.140821 0.741762 0.041734 0.062261
2 1 0.013385 0.094814 0.773212 0.086432 0.032156
1 1 0.150564 0.388721 0.283776 0.054149 0.122791
1 1 0.137596 0.386124 0.298571 0.060240 0.117469
1 1 0.183351 0.390544 0.249670 0.041888 0.134547
1 1 0.150432 0.388700 0.283923 0.054207 0.122739
1 1 0.207247 0.388516 0.227421 0.035031 0.141786
1 1 0.266002 0.343280 0.254997 0.042913 0.092809
0 1 0.750127 0.147569 0.060812 0.016954 0.024537
0 1 0.827661 0.104281 0.040511 0.012931 0.014616
0 0 0.910166 0.051315 0.021919 0.012691 0.003909
1 0 0.224306 0.385704 0.212712 0.030925 0.146352
1 0 0.306691 0.322358 0.243586 0.027372 0.099993
0 0 0.903463 0.060549 0.021206 0.007918 0.006865
0 0 0.378934 0.333633 0.136607 0.016898 0.133928
0 0 0.952790 0.026608 0.010806 0.008343 0.001452
0 0 0.940602 0.022514 0.013811 0.022449 0.000624
0 0 0.936429 0.039735 0.013829 0.006521 0.003486
0 0 0.949307 0.028457 0.011721 0.008930 0.001585
0 0 0.930450 0.039255 0.016639 0.011101 0.002555
0 0 0.669472 0.187304 0.087209 0.022217 0.033799
0 0 0.882794 0.075716 0.023384 0.006145 0.011961
0 0 0.498392 0.247922 0.065577 0.005316 0.182793
4 0 0.238530 0.274784 0.119737 0.007637 0.359313
0 0 0.357596 0.333757 0.105260 0.006641 0.196745
2 0 0.070904 0.352838 0.429762 0.036094 0.110403
0 0 0.366501 0.327090 0.097096 0.005422 0.203890
0 0 0.535998 0.254557 0.068706 0.005742 0.134998
0 0 0.513081 0.254471 0.059507 0.003765 0.169176
0 0 0.854724 0.094080 0.021932 0.003088 0.026176
0 0 0.350459 0.341855 0.127491 0.012684 0.167510
1 0 0.168122 0.410024 0.222221 0.018289 0.181344
1 0 0.159302 0.410473 0.236107 0.021557 0.172560
0 0 0.579013 0.223495 0.053261 0.004148 0.140083
0 0 0.699169 0.181015 0.050782 0.006250 0.062784
0 0 0.439949 0.294280 0.081587 0.005637 0.178548
0 0 0.727084 0.165685 0.043934 0.005247 0.058050
0 0 0.789436 0.132142 0.037844 0.006097 0.034482
0 0 0.718657 0.170909 0.048224 0.006274 0.055937
0 0 0.690845 0.186180 0.060569 0.009448 0.052959
1 0 0.128474 0.417543 0.256487 0.020398 0.177098
1 0 0.140347 0.416490 0.242416 0.018646 0.182101
1 0 0.069570 0.418497 0.319067 0.020033 0.172834
1 0 0.170726 0.411170 0.199099 0.011766 0.207239
1 0 0.253681 0.381018 0.180292 0.019888 0.165122
1 0 0.073180 0.417590 0.318687 0.021692 0.168850
0 0 0.502409 0.260741 0.062912 0.004104 0.169834
0 0 0.345422 0.341067 0.113929 0.007908 0.191673
1 0 0.130531 0.419422 0.244787 0.016889 0.188370
1 0 0.081725 0.414962 0.317366 0.025830 0.160116
1 0 0.106219 0.419316 0.279370 0.021468 0.173627
1 0 0.105022 0.424686 0.256781 0.014091 0.199420
1 1 0.126743 0.419686 0.249922 0.017559 0.186090
1 1 0.108952 0.420463 0.272047 0.019736 0.178801
1 1 0.087568 0.412820 0.316163 0.028829 0.154620
1 1 0.129638 0.421794 0.224636 0.011451 0.212480
0 0 0.343001 0.341840 0.113701 0.007683 0.193775
0 0 0.467310 0.280983 0.075043 0.005401 0.171262
1 0 0.261308 0.375587 0.136956 0.007178 0.218971
0 0 0.539167 0.235512 0.048349 0.002462 0.174510
0 0 0.505394 0.258992 0.061947 0.004007 0.169661
0 0 0.357023 0.338803 0.123975 0.012110 0.168089
1 0 0.183383 0.390543 0.249638 0.041878 0.134558
1 1 0.137596 0.386124 0.298571 0.060240 0.117469
1 1 0.172437 0.390599 0.260533 0.045547 0.130884
0 0 0.688840 0.186798 0.064374 0.011066 0.048922
0 0 0.779839 0.134972 0.048164 0.011186 0.025839
1 0 0.268182 0.374363 0.178791 0.022609 0.156056
1 0 0.200588 0.389321 0.233419 0.036800 0.139872
1 1 0.126470 0.395202 0.301301 0.049653 0.127375
1 1 0.340762 0.346259 0.132826 0.013582 0.166570
0 0 0.665043 0.198668 0.072910 0.013281 0.050098
0 0 0.757390 0.144789 0.057533 0.015286 0.025002
0 0 0.452584 0.290483 0.082331 0.006348 0.168254
0 0 0.537475 0.262445 0.106569 0.017807 0.075704
0 0 0.659909 0.202498 0.065471 0.009425 0.062697
1 0 0.171415 0.390573 0.261574 0.045909 0.130529
0 0 0.603684 0.229519 0.068636 0.007689 0.090472
0 0 0.854238 0.092314 0.030400 0.007896 0.015153
0 0 0.540878 0.257857 0.076552 0.007503 0.117211
0 0 0.656286 0.197833 0.086010 0.020955 0.038916
1 0 0.204998 0.399126 0.199221 0.017697 0.178958
1 0 0.171180 0.391959 0.130676 0.002611 0.303574
2 0 0.033430 0.369825 0.423625 0.010471 0.162649
1 0 0.041965 0.390410 0.383877 0.012367 0.171382
1 0 0.092028 0.427377 0.228914 0.007032 0.244649
1 0 0.221369 0.365381 0.102055 0.001907 0.309288
1 0 0.113782 0.423887 0.209482 0.006934 0.245915
1 0 0.109008 0.425675 0.235458 0.010318 0.219541
1 0 0.068560 0.426289 0.285163 0.011361 0.208626
1 0 0.060196 0.426553 0.281127 0.008821 0.223303
1 0 0.151126 0.414778 0.185880 0.007124 0.241092
1 0 0.128231 0.421795 0.209591 0.008478 0.231906
1 0 0.082554 0.407112 0.313770 0.013590 0.182974
1 1 0.083935 0.425323 0.280035 0.014357 0.196350
1 1 0.136523 0.419920 0.226930 0.013150 0.203477
1 1 0.102092 0.426537 0.227213 0.008019 0.236139
1 1 0.053834 0.420652 0.319160 0.013426 0.192928
1 1 0.049945 0.421083 0.316214 0.011518 0.201240
1 1 0.047399 0.420440 0.318251 0.011026 0.202885
2 1 0.041546 0.372267 0.420166 0.014340 0.151681
1 1 0.048320 0.420519 0.318424 0.011358 0.201379
1 1 0.278457 0.371649 0.168119 0.019191 0.162584
1 2 0.148937 0.416581 0.223426 0.014546 0.196509
0 2 0.397369 0.318936 0.103967 0.009079 0.170650
1 2 0.182926 0.407247 0.187577 0.010656 0.211593
1 2 0.253118 0.379597 0.187424 0.023645 0.156216
0 2 0.347865 0.343046 0.128901 0.012919 0.167269
0 0 0.459019 0.299502 0.112407 0.014021 0.115050
0 0 0.535511 0.252079 0.064065 0.004820 0.143524
0 0 0.375569 0.316471 0.084236 0.003649 0.220075
1 0 0.285399 0.368488 0.139986 0.009758 0.196369
1 0 0.231590 0.390635 0.177476 0.014543 0.185756
1 0 0.149118 0.417203 0.211711 0.011602 0.210366
1 0 0.093621 0.410342 0.314689 0.032081 0.149268
0 0 0.419538 0.307322 0.094059 0.007726 0.171355
1 0 0.293160 0.365793 0.161681 0.018967 0.160400
0 0 0.423426 0.305241 0.092395 0.007509 0.171429
0 0 0.351006 0.341603 0.127195 0.012636 0.167560
0 0 0.705750 0.170518 0.036878 0.002991 0.083863
0 0 0.495671 0.261423 0.060978 0.003497 0.178431
1 0 0.064060 0.419612 0.319413 0.017602 0.179313
1 1 0.099690 0.407616 0.313001 0.035490 0.144204
0 0 0.649797 0.194008 0.096661 0.014740 0.044794
0 0 0.360032 0.339434 0.129925 0.013775 0.156834
0 0 0.521777 0.267910 0.083470 0.008553 0.118290
0 0 0.815093 0.110038 0.044903 0.015052 0.014915
0 0 0.840331 0.102804 0.026800 0.004333 0.025732
1 0 0.280665 0.371674 0.155735 0.014178 0.177748
0 0 0.875212 0.076162 0.028912 0.010804 0.008910
0 0 0.685015 0.180611 0.079010 0.012098 0.043266
1 0 0.273764 0.372564 0.174838 0.021736 0.157097
0 0 0.826832 0.102401 0.042520 0.015385 0.012861
1 0 0.256128 0.377994 0.187592 0.024622 0.153664
1 0 0.329956 0.349055 0.180748 0.030528 0.109713
1 0 0.130098 0.390918 0.301896 0.054857 0.122232
0 0 0.438767 0.308644 0.123479 0.016539 0.112571
1 0 0.231572 0.384208 0.206722 0.029344 0.148155
1 1 0.197980 0.389588 0.235811 0.037521 0.139100
1 1 0.180884 0.390608 0.252085 0.042683 0.133740
1 2 0.137596 0.386124 0.298571 0.060240 0.117469
1 2 0.105955 0.404570 0.311056 0.039165 0.139253
0 0 0.601889 0.226428 0.060068 0.005491 0.106123
0 0 0.617311 0.217095 0.054417 0.004671 0.106506
0 0 0.631803 0.216234 0.065777 0.008031 0.078155
0 0 0.851770 0.094386 0.019047 0.002077 0.032719
0 0 0.743573 0.143162 0.024574 0.001504 0.087187
0 0 0.450092 0.284445 0.071514 0.003965 0.189984
1 1 0.272822 0.373220 0.142215 0.009190 0.202552
1 1 0.180561 0.406622 0.213917 0.018053 0.180847
1 1 0.099897 0.407519 0.312939 0.035609 0.144036
1 1 0.167857 0.405182 0.240178 0.026505 0.160277
0 0 0.403663 0.315684 0.101079 0.008674 0.170900
0 0 0.558540 0.251440 0.078000 0.008511 0.103510
0 0 0.405102 0.256701 0.071278 0.005594 0.261325
0 0 0.579649 0.225933 0.050210 0.003307 0.140900
0 0 0.662315 0.200144 0.057581 0.006818 0.073142
0 0 0.810626 0.117705 0.040485 0.009686 0.021497
0 0 0.824672 0.110723 0.024623 0.002871 0.037111
1 0 0.341601 0.346163 0.133498 0.013798 0.164940
1 0 0.124898 0.400212 0.296999 0.043378 0.134513
1 0 0.158486 0.408009 0.245125 0.025650 0.162730
1 1 0.149023 0.388475 0.285492 0.054829 0.122180
1 1 0.310793 0.359608 0.156279 0.018533 0.154788
1 0 0.231144 0.384301 0.207070 0.029434 0.148051
0 0 0.777608 0.124499 0.059326 0.023792 0.014775
0 0 0.636293 0.214506 0.068196 0.009065 0.071940
1 0 0.214663 0.387421 0.220913 0.033174 0.143829
1 0 0.243617 0.381372 0.197129 0.026915 0.150967
1 0 0.206418 0.388626 0.228159 0.035245 0.141552
1 1 0.110951 0.401985 0.309369 0.042212 0.135483
1 1 0.104930 0.405084 0.311387 0.038553 0.140045
1 1 0.143152 0.405357 0.269544 0.033592 0.148354
1 1 0.126615 0.393059 0.303366 0.052441 0.124518
1 1 0.114504 0.400067 0.308100 0.044442 0.132888
0 1 0.370577 0.337050 0.146713 0.019844 0.125817
0 0 0.433720 0.310830 0.125426 0.016885 0.113139
0 0 0.861135 0.082477 0.033669 0.013569 0.009151
0 0 0.898530 0.057505 0.025186 0.014236 0.004542
0 0 0.831879 0.097844 0.042222 0.016796 0.011258
0 0 0.714644 0.169243 0.067061 0.015811 0.033242
0 0 0.457362 0.298421 0.102722 0.011019 0.130475
0 0 0.654364 0.205216 0.064227 0.008635 0.067558
0 0 0.763402 0.146742 0.043828 0.007056 0.038972
0 0 0.827720 0.099168 0.043918 0.018100 0.011094
0 0 0.503003 0.269542 0.126899 0.016168 0.084387
0 0 0.892552 0.063983 0.025628 0.011667 0.006170
0 0 0.780357 0.133492 0.049825 0.012594 0.023732
0 0 0.867166 0.084413 0.027749 0.007598 0.013074
0 0 0.667870 0.196625 0.073936 0.014162 0.047407
0 0 0.822285 0.110451 0.038538 0.009856 0.018870
0 0 0.682866 0.188360 0.050293 0.005489 0.072993
0 0 0.827429 0.110339 0.028913 0.004505 0.028814
0 0 0.779435 0.137775 0.038301 0.005690 0.038799
0 0 0.604728 0.226122 0.061486 0.005887 0.101777
0 0 0.538982 0.252713 0.066390 0.005304 0.136611
0 0 0.398634 0.322312 0.119830 0.012325 0.146900
0 0 0.773796 0.140503 0.044385 0.008123 0.033193
0 0 0.353424 0.342176 0.132578 0.014156 0.157665
0 0 0.722519 0.169074 0.048989 0.006733 0.052684
0 0 0.556094 0.252849 0.079317 0.008777 0.102963
0 0 0.356037 0.339265 0.124499 0.012194 0.168005
0 0 0.576951 0.216139 0.041646 0.002184 0.163080
0 0 0.575773 0.216855 0.041938 0.002207 0.163226
0 0 0.579169 0.219997 0.044945 0.002591 0.153298
0 0 0.542631 0.236883 0.050724 0.002947 0.166815
0 0 0.382687 0.282484 0.053682 0.000993 0.280154
0 0 0.543569 0.236320 0.050460 0.002924 0.166727
0 0 0.394537 0.311088 0.084675 0.004336 0.205364
0 0 0.732779 0.145237 0.023711 0.001309 0.096964
0 0 0.656763 0.157205 0.022963 0.000998 0.162071
0 0 0.536623 0.240483 0.052435 0.003100 0.167359
0 0 0.385173 0.280919 0.052966 0.000973 0.279968
0 0 0.664137 0.188401 0.039998 0.002883 0.104581
0 0 0.708296 0.158262 0.027244 0.001547 0.104652
0 0 0.345363 0.318505 0.077114 0.002179 0.256838
1 0 0.244867 0.352333 0.091305 0.001655 0.309840
1 0 0.109752 0.416458 0.175302 0.003432 0.295056
1 1 0.126620 0.421865 0.235301 0.013370 0.202844
0 1 0.357896 0.318499 0.080607 0.002755 0.240242
0 0 0.405163 0.309712 0.088121 0.005420 0.191584
0 0 0.341265 0.341129 0.110063 0.006737 0.200806
0 0 0.435055 0.298946 0.087545 0.006890 0.171564
0 0 0.728355 0.166024 0.048977 0.007044 0.049600
0 0 0.914802 0.053183 0.018825 0.007726 0.005463
0 0 0.811208 0.119511 0.030273 0.004215 0.034792
0 0 0.660919 0.197546 0.050091 0.004786 0.086659
0 0 0.648058 0.203795 0.051972 0.004881 0.091294
0 0 0.857820 0.085069 0.034129 0.013098 0.009885
0 0 0.729782 0.165236 0.048505 0.006941 0.049535
0 0 0.667147 0.196611 0.053558 0.005843 0.076841
0 0 0.736868 0.161253 0.045854 0.006322 0.049703
0 0 0.757067 0.147875 0.034834 0.003675 0.056549
0 0 0.698146 0.182283 0.055372 0.007794 0.056404
1 0 0.261300 0.376479 0.183770 0.023736 0.154715
1 1 0.208029 0.388410 0.226726 0.034829 0.142006
1 1 0.164088 0.401827 0.252372 0.032630 0.149083
0 0 0.582269 0.238276 0.068422 0.006866 0.104168
0 0 0.762388 0.147229 0.040913 0.005793 0.043677
0 0 0.845061 0.097062 0.033356 0.009033 0.015487
0 0 0.668577 0.196327 0.054497 0.006155 0.074443
0 0 0.912439 0.058795 0.015012 0.003298 0.010456
0 0 0.941820 0.035171 0.013045 0.007359 0.002604
0 0 0.834446 0.105704 0.024515 0.003173 0.032162
0 0 0.788853 0.126109 0.050641 0.015078 0.019319
0 0 0.771205 0.142420 0.040692 0.006194 0.039488
0 0 0.879273 0.079285 0.021264 0.004253 0.015927
0 0 0.728091 0.164735 0.042590 0.004885 0.059698
0 0 0.565960 0.241167 0.062849 0.005210 0.124813
0 0 0.800547 0.122493 0.025444 0.002456 0.049060
0 0 0.859335 0.086146 0.022072 0.004362 0.028085
0 0 0.807639 0.105139 0.030946 0.007803 0.048473
0 0 0.791505 0.130464 0.040627 0.007637 0.029766
0 0 0.668845 0.194503 0.050501 0.005103 0.081048
0 0 0.841987 0.101356 0.023351 0.003070 0.030236
0 0 0.843047 0.100953 0.027760 0.004998 0.023241
0 0 0.894615 0.067198 0.016760 0.003589 0.017839
0 0 0.524441 0.247745 0.056020 0.003431 0.168362
0 0 0.461025 0.284536 0.077374 0.005667 0.171398
1 0 0.243191 0.384877 0.185405 0.020016 0.166510
1 1 0.113517 0.417202 0.277069 0.023422 0.168789
0 0 0.833855 0.105257 0.022737 0.002604 0.035546
4 0 0.421368 0.060670 0.007754 0.000558 0.509650
0 0 0.569646 0.097895 0.012486 0.000634 0.319340
4 0 0.399172 0.066953 0.009914 0.000903 0.523059
4 0 0.127792 0.127339 0.016079 0.000059 0.728731
4 0 0.100250 0.241258 0.045372 0.000148 0.612971
0 0 0.618828 0.097475 0.011168 0.000453 0.272075
0 0 0.381643 0.205089 0.042553 0.001762 0.368953
4 0 0.038300 0.345203 0.102989 0.000194 0.513315
4 0 0.046864 0.351489 0.102950 0.000240 0.498457
4 0 0.038862 0.355768 0.113343 0.000255 0.491772
4 0 0.024064 0.362494 0.142256 0.000294 0.470893
4 0 0.023655 0.340451 0.114963 0.000159 0.520772
4 1 0.027481 0.295580 0.071428 0.000054 0.605457
4 1 0.027823 0.300776 0.074776 0.000061 0.596564
4 1 0.047502 0.267568 0.055299 0.000067 0.629564
4 1 0.027287 0.286132 0.065356 0.000043 0.621182
4 1 0.028043 0.230480 0.068286 0.000152 0.673039
4 1 0.030012 0.295111 0.079413 0.000096 0.595368
4 1 0.039760 0.263770 0.053122 0.000047 0.643301
4 1 0.056966 0.176705 0.026037 0.000028 0.740264
4 4 0.019719 0.063058 0.009875 0.000013 0.907334
4 4 0.010434 0.076268 0.016275 0.000017 0.897006
4 4 0.023581 0.019671 0.003357 0.000050 0.953341
4 4 0.035180 0.015525 0.002711 0.000115 0.946469
4 4 0.008208 0.054707 0.014172 0.000032 0.922881
4 4 0.007804 0.131883 0.035385 0.000021 0.824907
4 4 0.030638 0.035247 0.008792 0.000259 0.925064
4 4 0.006501 0.136722 0.047262 0.000044 0.809470
4 2 0.009362 0.116368 0.029467 0.000023 0.844780
4 2 0.006650 0.057265 0.013278 0.000014 0.922793
4 2 0.009771 0.119753 0.028522 0.000019 0.841936
4 0 0.013149 0.148929 0.030544 0.000014 0.807364
4 0 0.014623 0.139281 0.027558 0.000014 0.818524
4 0 0.008022 0.227287 0.060721 0.000015 0.703955
4 1 0.004525 0.210108 0.086349 0.000041 0.698977
4 1 0.004412 0.167062 0.076076 0.000070 0.752380
4 1 0.007828 0.171323 0.040202 0.000010 0.780636
4 1 0.008935 0.165376 0.044394 0.000022 0.781274
4 1 0.004966 0.151913 0.048162 0.000019 0.794940
4 1 0.004821 0.118007 0.035806 0.000018 0.841348
4 1 0.014644 0.320101 0.139460 0.000234 0.525562
4 0 0.124221 0.200819 0.059699 0.001556 0.613705
4 0 0.016515 0.223768 0.079609 0.000151 0.679957
4 0 0.362815 0.118487 0.021505 0.001313 0.495881
0 0 0.474378 0.225461 0.032125 0.000465 0.267572
4 0 0.113177 0.341600 0.079076 0.000339 0.465808
4 1 0.007624 0.297185 0.164805 0.000253 0.530132
4 1 0.011570 0.314025 0.193665 0.000710 0.480029
4 1 0.009375 0.370292 0.245469 0.000624 0.374240
4 1 0.010443 0.300608 0.193289 0.000746 0.494913
4 1 0.010197 0.329952 0.163196 0.000227 0.496428
2 1 0.005737 0.223610 0.528945 0.001243 0.240465
2 1 0.002143 0.147451 0.729667 0.001135 0.119604
2 2 0.036947 0.326207 0.332271 0.000879 0.303696
2 2 0.003746 0.140251 0.671799 0.002461 0.181743
2 2 0.002016 0.088839 0.826148 0.000646 0.082352
2 2 0.001138 0.055394 0.890744 0.000766 0.051959
2 2 0.003250 0.113505 0.804819 0.000501 0.077925
2 2 0.001088 0.084526 0.827950 0.000812 0.085623
2 2 0.001335 0.081727 0.852529 0.000828 0.063581
2 2 0.000291 0.015328 0.979392 0.001390 0.003600
2 2 0.000356 0.017166 0.975581 0.003175 0.003723
2 2 0.000499 0.026304 0.965573 0.002421 0.005203
2 2 0.001003 0.031486 0.959165 0.002300 0.006046
2 2 0.000338 0.018414 0.974731 0.002783 0.003734
2 2 0.000335 0.016804 0.976959 0.002947 0.002955
2 2 0.001156 0.040657 0.946088 0.004162 0.007937
2 2 0.055782 0.210413 0.614431 0.078950 0.040424
2 2 0.004272 0.075209 0.898102 0.004202 0.018216
2 2 0.001089 0.029959 0.953534 0.008871 0.006547
2 2 0.000737 0.020855 0.972659 0.002276 0.003473
2 2 0.000858 0.046469 0.939521 0.001795 0.011357
2 2 0.000368 0.015658 0.978405 0.002143 0.003426
2 2 0.000731 0.026330 0.964556 0.003934 0.004449
2 2 0.000429 0.013985 0.977300 0.006213 0.002072
2 2 0.000175 0.007939 0.984927 0.005482 0.001478
2 2 0.000262 0.012630 0.979699 0.004642 0.002767
2 2 0.000464 0.019524 0.973785 0.003278 0.002950
2 2 0.001783 0.033353 0.946622 0.010876 0.007366
2 2 0.000612 0.022475 0.967481 0.005123 0.004308
2 2 0.000185 0.002157 0.961968 0.035578 0.000112
2 2 0.000105 0.000740 0.865426 0.133691 0.000038
2 2 0.000362 0.003452 0.925943 0.069942 0.000302
2 2 0.000302 0.001951 0.869433 0.128189 0.000125
2 2 0.000573 0.005138 0.904122 0.089547 0.000619
2 2 0.000322 0.003067 0.927348 0.069015 0.000249
2 2 0.000290 0.001864 0.846679 0.151028 0.000139
2 2 0.000273 0.002245 0.885399 0.111880 0.000203
2 2 0.000133 0.000600 0.734236 0.265001 0.000029
2 3 0.000424 0.001832 0.670014 0.327544 0.000185
2 3 0.000541 0.004600 0.899654 0.094696 0.000509
2 3 0.000260 0.001352 0.797707 0.200597 0.000084
2 3 0.000278 0.002023 0.877306 0.120241 0.000152
2 3 0.000379 0.002029 0.819768 0.177688 0.000137
2 3 0.000229 0.001251 0.736706 0.261698 0.000117
2 3 0.000625 0.002330 0.757295 0.239622 0.000127
2 3 0.000227 0.001043 0.784309 0.214371 0.000050
2 3 0.000321 0.001472 0.708502 0.289581 0.000125
2 3 0.000514 0.002030 0.814883 0.182490 0.000081
2 2 0.000445 0.001558 0.694640 0.303269 0.000089
2 3 0.000786 0.002690 0.508877 0.487205 0.000443
2 3 0.000617 0.002978 0.785828 0.210334 0.000244
2 3 0.000278 0.002245 0.906514 0.090806 0.000158
2 3 0.000235 0.001742 0.889043 0.108867 0.000113
2 3 0.000682 0.003706 0.834581 0.160733 0.000297
2 2 0.000866 0.002789 0.724063 0.272130 0.000151
2 2 0.000522 0.002039 0.663390 0.333864 0.000186
2 2 0.000840 0.002899 0.809002 0.187150 0.000110
2 2 0.001800 0.007050 0.859232 0.131587 0.000331
2 2 0.001123 0.004175 0.835228 0.159298 0.000175
2 0 0.036516 0.071762 0.754067 0.133151 0.004504
2 0 0.023054 0.125383 0.759540 0.057473 0.034550
2 1 0.001824 0.017838 0.855017 0.119235 0.006086
2 2 0.000490 0.005532 0.899548 0.093338 0.001092
2 2 0.000890 0.011251 0.960209 0.026434 0.001217
2 2 0.000408 0.005031 0.944965 0.049018 0.000578
2 2 0.003615 0.050408 0.915677 0.015856 0.014444
2 2 0.001072 0.013690 0.943896 0.039218 0.002124
2 2 0.000882 0.009390 0.943966 0.044763 0.000999
2 2 0.000997 0.010470 0.929543 0.057521 0.001470
2 2 0.001483 0.017344 0.917390 0.059882 0.003901
2 2 0.000443 0.008626 0.969607 0.020105 0.001219
2 2 0.001598 0.022347 0.937189 0.034347 0.004520
2 2 0.001297 0.020153 0.951102 0.024111 0.003337
2 2 0.001757 0.019458 0.907286 0.066802 0.004696
2 2 0.001473 0.012385 0.893834 0.090308 0.002000
2 2 0.001434 0.013995 0.909216 0.072848 0.002508
2 2 0.001063 0.005791 0.739125 0.253000 0.001021
2 2 0.071146 0.070799 0.702810 0.151881 0.003364
2 2 0.001892 0.021181 0.887233 0.082899 0.006794
2 2 0.008886 0.059259 0.862164 0.057887 0.011804
2 2 0.005088 0.055968 0.820453 0.087460 0.031032
2 2 0.001389 0.020386 0.930990 0.041979 0.005256
2 2 0.001350 0.017950 0.910376 0.064704 0.005619
2 2 0.000572 0.012576 0.964781 0.019510 0.002561
2 2 0.001066 0.019128 0.934471 0.038927 0.006408
2 2 0.002084 0.033785 0.930811 0.025196 0.008122
2 2 0.002105 0.027878 0.921721 0.041452 0.006843
2 2 0.066970 0.118340 0.615583 0.181595 0.017511
2 2 0.003560 0.043827 0.872653 0.062004 0.017957
2 2 0.000666 0.006228 0.789649 0.201221 0.002236
2 2 0.000319 0.008555 0.962137 0.026204 0.002785
2 2 0.000497 0.015994 0.960823 0.016468 0.006218
2 2 0.000128 0.006021 0.979194 0.012393 0.002264
2 2 0.000494 0.012676 0.967603 0.016326 0.002901
2 2 0.000234 0.005917 0.961851 0.030308 0.001689
2 2 0.000425 0.009570 0.949315 0.037328 0.003362
2 2 0.000814 0.017332 0.931307 0.042316 0.008231
2 2 0.001039 0.016888 0.911327 0.063484 0.007262
2 2 0.000544 0.005923 0.805638 0.185420 0.002475
2 2 0.001462 0.015210 0.847376 0.129997 0.005955
2 2 0.000682 0.009975 0.921330 0.065174 0.002840
2 2 0.000417 0.002823 0.711799 0.284328 0.000633
2 2 0.002352 0.040558 0.928760 0.018869 0.009461
2 2 0.012116 0.058997 0.857872 0.065521 0.005494
2 2 0.000724 0.008408 0.866419 0.121625 0.002824
2 2 0.000980 0.018400 0.955144 0.021759 0.003718
2 2 0.001247 0.012574 0.924697 0.059631 0.001851
2 2 0.001568 0.015827 0.938313 0.042444 0.001848
2 2 0.000810 0.008199 0.956103 0.034311 0.000577
2 2 0.002695 0.014519 0.912629 0.069306 0.000851
2 2 0.002293 0.010548 0.886726 0.099845 0.000588
2 2 0.002017 0.009726 0.889469 0.098229 0.000559
2 2 0.003336 0.013466 0.849769 0.132523 0.000906
2 2 0.001943 0.007316 0.871406 0.119044 0.000290
2 2 0.001546 0.006574 0.819789 0.171617 0.000474
2 2 0.001080 0.005045 0.855864 0.137716 0.000296
2 2 0.000993 0.003370 0.730960 0.264467 0.000210
2 2 0.001610 0.006043 0.750781 0.241049 0.000517
2 2 0.001262 0.004358 0.791046 0.203113 0.000220
2 2 0.000919 0.003996 0.792063 0.202727 0.000294
2 2 0.000864 0.002012 0.522907 0.474081 0.000136
2 2 0.000872 0.002212 0.538737 0.458010 0.000169
2 2 0.000920 0.003465 0.717456 0.277876 0.000283
2 3 0.000386 0.002036 0.807280 0.190152 0.000145
2 3 0.001487 0.004709 0.723382 0.270113 0.000309
2 3 0.000503 0.001378 0.525624 0.472390 0.000105
2 3 0.001043 0.003041 0.709040 0.286722 0.000154
2 3 0.000702 0.002457 0.715122 0.281566 0.000153
2 3 0.001390 0.004480 0.771546 0.222357 0.000227
2 3 0.001915 0.006697 0.825497 0.165564 0.000326
2 3 0.000927 0.003216 0.804599 0.191126 0.000132
2 3 0.002079 0.007353 0.822799 0.167383 0.000387
2 3 0.001362 0.003631 0.610238 0.384498 0.000271
2 3 0.001578 0.005395 0.752598 0.240062 0.000367
2 3 0.001202 0.003750 0.692008 0.302784 0.000256
2 3 0.000689 0.002264 0.712676 0.284248 0.000123
2 3 0.001602 0.004324 0.570036 0.423610 0.000429
2 3 0.000837 0.002137 0.537880 0.458983 0.000164
2 3 0.000708 0.001735 0.603602 0.393872 0.000083
3 3 0.000411 0.000736 0.334927 0.663876 0.000049
2 3 0.095385 0.100946 0.545813 0.253153 0.004703
2 0 0.068912 0.101437 0.636284 0.187305 0.006062
2 0 0.256789 0.206158 0.380260 0.137858 0.018935
2 0 0.287137 0.258141 0.328667 0.090908 0.035147
2 0 0.038522 0.230474 0.634666 0.040976 0.055362
2 0 0.028309 0.098506 0.765881 0.096855 0.010448
2 1 0.009909 0.053995 0.856826 0.072723 0.006547
2 1 0.001280 0.007664 0.907080 0.083484 0.000492
2 1 0.001246 0.007501 0.908424 0.082355 0.000474
2 2 0.000775 0.012959 0.951670 0.031981 0.002615
2 2 0.000507 0.007066 0.954163 0.037331 0.000934
2 2 0.000773 0.009218 0.962880 0.025826 0.001302
2 2 0.000160 0.003662 0.974431 0.021249 0.000498
2 2 0.000183 0.004362 0.966779 0.027781 0.000896
2 2 0.000511 0.006545 0.949675 0.042483 0.000786
2 2 0.000788 0.008312 0.916563 0.072989 0.001347
2 2 0.000469 0.004155 0.899604 0.095296 0.000475
2 2 0.000314 0.002376 0.881046 0.116067 0.000197
2 2 0.000380 0.004947 0.941738 0.052272 0.000662
2 2 0.000743 0.005038 0.795928 0.197396 0.000895
2 2 0.001296 0.015501 0.944251 0.036830 0.002121
2 2 0.001044 0.013839 0.937735 0.044753 0.002629
2 2 0.001690 0.012577 0.863533 0.119962 0.002238
2 2 0.001388 0.015898 0.910245 0.068656 0.003813
2 2 0.000873 0.007867 0.879998 0.109813 0.001448
2 2 0.000776 0.005731 0.863054 0.129673 0.000766
2 2 0.000455 0.003880 0.839814 0.155157 0.000693
2 2 0.000371 0.001907 0.673540 0.323916 0.000266
2 2 0.000677 0.006542 0.872819 0.118597 0.001365
2 2 0.000324 0.001122 0.634567 0.363914 0.000073
2 2 0.000550 0.002517 0.708351 0.288313 0.000269
2 2 0.000365 0.001255 0.667936 0.330371 0.000072
2 2 0.000634 0.002560 0.672905 0.323639 0.000262
3 2 0.000259 0.000670 0.417892 0.581123 0.000055
3 2 0.000160 0.000378 0.382793 0.616645 0.000024
3 3 0.000290 0.000947 0.472603 0.526053 0.000108
3 3 0.000721 0.001758 0.263858 0.733200 0.000464
3 3 0.000214 0.000526 0.315230 0.683969 0.000061
3 3 0.000140 0.000377 0.374520 0.624930 0.000033
3 3 0.000164 0.000421 0.390455 0.608927 0.000032
2 3 0.000403 0.001736 0.658904 0.338777 0.000180
3 3 0.000192 0.000597 0.488055 0.511108 0.000047
3 3 0.000742 0.001886 0.466315 0.530869 0.000189
2 3 0.000360 0.001107 0.533723 0.464719 0.000091
2 3 0.000524 0.001649 0.533819 0.463839 0.000169
3 3 0.000695 0.001614 0.411170 0.586355 0.000167
3 3 0.000227 0.000587 0.348868 0.650254 0.000065
3 3 0.000313 0.000609 0.252911 0.746095 0.000072
3 3 0.000209 0.000578 0.412332 0.586829 0.000052
3 3 0.000189 0.000311 0.276558 0.722925 0.000017
3 3 0.000216 0.000349 0.298322 0.701095 0.000017
3 3 0.000230 0.000337 0.284094 0.715324 0.000015
3 3 0.000478 0.000725 0.225275 0.773451 0.000071
3 3 0.000088 0.000122 0.171152 0.828631 0.000007
3 3 0.000164 0.000170 0.106334 0.893318 0.000014
3 3 0.000079 0.000090 0.144752 0.855075 0.000004
3 3 0.000103 0.000098 0.099146 0.900648 0.000006
3 3 0.000143 0.000126 0.082553 0.917168 0.000010
3 3 0.000238 0.000216 0.082859 0.916665 0.000022
3 3 0.000275 0.000193 0.029462 0.970019 0.000051
3 3 0.000119 0.000093 0.060206 0.939575 0.000008
3 3 0.000275 0.000217 0.066664 0.932820 0.000023
3 3 0.000170 0.000150 0.085429 0.914239 0.000012
3 3 0.000096 0.000070 0.051232 0.948596 0.000006
3 3 0.000211 0.000160 0.057395 0.942217 0.000017
3 3 0.000210 0.000176 0.062019 0.937573 0.000022
3 3 0.000135 0.000086 0.041949 0.957822 0.000008
3 3 0.000119 0.000083 0.057568 0.942225 0.000006
3 3 0.000147 0.000099 0.052459 0.947287 0.000008
3 3 0.000201 0.000129 0.038580 0.961073 0.000016
3 3 0.000333 0.000186 0.029082 0.970367 0.000032
3 3 0.000400 0.000226 0.025338 0.973983 0.000053
3 3 0.000405 0.000264 0.037250 0.962032 0.000050
3 3 0.000699 0.000482 0.039276 0.959419 0.000123
3 3 0.000347 0.000174 0.024526 0.974921 0.000031
3 3 0.000295 0.000176 0.028463 0.971032 0.000035
3 3 0.000420 0.000255 0.027746 0.971516 0.000064
3 3 0.000286 0.000202 0.044977 0.954506 0.000030
3 3 0.000359 0.000195 0.025042 0.974363 0.000041
3 3 0.000388 0.000204 0.022113 0.977246 0.000048
3 3 0.000534 0.000327 0.035726 0.963349 0.000065
3 3 0.000445 0.000231 0.023776 0.975497 0.000051
3 3 0.000296 0.000185 0.034348 0.965140 0.000031
3 3 0.000478 0.000244 0.024682 0.974545 0.000051
3 3 0.000254 0.000118 0.018828 0.980778 0.000022
3 3 0.000480 0.000288 0.028455 0.970705 0.000072
3 3 0.000181 0.000088 0.021190 0.978528 0.000013
3 3 0.000248 0.000144 0.025935 0.973644 0.000028
3 3 0.000379 0.000197 0.023673 0.975709 0.000041
3 3 0.000401 0.000188 0.018135 0.981230 0.000046
3 3 0.000487 0.000303 0.031414 0.967724 0.000072
3 3 0.000425 0.000195 0.016964 0.982364 0.000051
3 3 0.000459 0.000201 0.017278 0.982015 0.000048
3 3 0.000357 0.000188 0.026737 0.972685 0.000033
3 3 0.000248 0.000127 0.020910 0.978690 0.000025
3 3 0.000499 0.000289 0.022472 0.976648 0.000093
3 3 0.000560 0.000267 0.018155 0.980940 0.000078
3 3 0.000297 0.000160 0.021944 0.977563 0.000036
3 3 0.000354 0.000206 0.029141 0.970258 0.000040
3 3 0.000477 0.000220 0.015079 0.984151 0.000073
3 3 0.000140 0.000061 0.016508 0.983282 0.000009
3 3 0.000315 0.000157 0.019368 0.980124 0.000036
3 3 0.000494 0.000264 0.022562 0.976611 0.000070
3 3 0.000275 0.000138 0.018759 0.980797 0.000032
3 3 0.000299 0.000158 0.022114 0.977395 0.000034
3 3 0.000331 0.000165 0.026474 0.973005 0.000025
3 3 0.000804 0.000530 0.034167 0.964341 0.000158
3 3 0.000392 0.000178 0.016811 0.982575 0.000044
3 3 0.000498 0.000222 0.015261 0.983952 0.000068
3 3 0.000460 0.000249 0.024942 0.974292 0.000058
3 3 0.000398 0.000167 0.015505 0.983890 0.000039
3 3 0.000220 0.000087 0.012649 0.987026 0.000018
3 3 0.000304 0.000119 0.014862 0.984693 0.000022
3 3 0.000112 0.000048 0.015872 0.983961 0.000007
3 3 0.000254 0.000141 0.028281 0.971302 0.000022
3 3 0.000193 0.000075 0.015860 0.983862 0.000010
3 3 0.000460 0.000205 0.017243 0.982041 0.000051
3 3 0.000157 0.000057 0.013177 0.986601 0.000008
3 3 0.000314 0.000144 0.019973 0.979543 0.000026
3 3 0.000414 0.000193 0.022086 0.977271 0.000036
3 3 0.000337 0.000156 0.020948 0.978531 0.000028
3 3 0.000255 0.000114 0.018543 0.981068 0.000020
3 3 0.000275 0.000123 0.017747 0.981831 0.000024
3 3 0.000153 0.000055 0.008473 0.991305 0.000014
3 3 0.000276 0.000099 0.009078 0.990518 0.000029
3 3 0.000519 0.000360 0.043739 0.955311 0.000071
3 3 0.003613 0.002782 0.232156 0.761316 0.000133
2 2 0.074991 0.090728 0.595212 0.234796 0.004273
2 2 0.003899 0.013553 0.493506 0.484198 0.004844
4 2 0.013261 0.195383 0.235024 0.016008 0.540323
4 2 0.009426 0.220855 0.251971 0.008534 0.509214
4 2 0.006577 0.249213 0.303841 0.003094 0.437275
4 2 0.012078 0.251255 0.210744 0.003163 0.522761
4 2 0.022537 0.273174 0.154427 0.001472 0.548390
4 2 0.012318 0.308145 0.195306 0.000886 0.483345
4 2 0.010938 0.232691 0.135656 0.000627 0.620087
4 4 0.016121 0.030392 0.016349 0.002715 0.934423
4 4 0.037580 0.025036 0.010341 0.003573 0.923470
4 4 0.144019 0.145638 0.027761 0.000366 0.682217
4 4 0.081119 0.159681 0.058535 0.002284 0.698382
4 4 0.174910 0.325978 0.101411 0.002293 0.395408
4 4 0.012245 0.171551 0.078965 0.000333 0.736906
4 4 0.010064 0.069418 0.042943 0.001477 0.876098
4 4 0.047272 0.081510 0.032839 0.002264 0.836114
4 4 0.034069 0.269540 0.103434 0.000546 0.592411
4 4 0.061215 0.123195 0.031417 0.000382 0.783791
4 4 0.124400 0.136843 0.055694 0.007356 0.675707
4 4 0.008607 0.168926 0.129001 0.001652 0.691814
4 4 0.016382 0.130304 0.063945 0.000798 0.788571
4 4 0.044739 0.027266 0.010177 0.002885 0.914933
4 4 0.123160 0.094903 0.021778 0.000816 0.759344
4 4 0.064928 0.042360 0.014891 0.003026 0.874795
4 4 0.127272 0.152917 0.052607 0.003516 0.663689
4 4 0.053493 0.117292 0.037369 0.000819 0.791027
4 4 0.090099 0.151092 0.038216 0.000582 0.720010
4 4 0.029826 0.084694 0.037483 0.001645 0.846352
4 4 0.332609 0.155071 0.045887 0.007626 0.458807
4 4 0.039666 0.057472 0.032650 0.009055 0.861157
4 4 0.089836 0.047346 0.012207 0.001253 0.849358
4 4 0.088333 0.094397 0.031095 0.002272 0.783904
4 4 0.049084 0.175035 0.075636 0.002029 0.698216
4 4 0.182196 0.086358 0.020414 0.001750 0.709282
4 4 0.188943 0.033056 0.008278 0.004148 0.765576
4 4 0.089877 0.012547 0.003512 0.003858 0.890207
4 4 0.095014 0.024849 0.008208 0.005632 0.866298
4 4 0.280158 0.038284 0.006832 0.001642 0.673083
2 4 0.116055 0.164604 0.390414 0.086361 0.242566
4 4 0.057844 0.162086 0.332739 0.033714 0.413616
4 4 0.038479 0.129167 0.064856 0.003180 0.764318
4 4 0.048941 0.048483 0.011954 0.000413 0.890209
0 4 0.447732 0.110904 0.020197 0.001873 0.419294
4 4 0.394772 0.104651 0.019635 0.001837 0.479104
4 4 0.140879 0.051587 0.015941 0.004988 0.786606
4 4 0.152484 0.169039 0.041080 0.001007 0.636389
4 4 0.034765 0.129626 0.039874 0.000349 0.795386
4 4 0.059595 0.046959 0.011261 0.000503 0.881681
4 4 0.067568 0.022033 0.007235 0.003542 0.899623
4 4 0.110666 0.017140 0.003620 0.001345 0.867229
4 4 0.086581 0.068819 0.022410 0.002535 0.819655
4 4 0.030541 0.031534 0.017396 0.007703 0.912826
4 4 0.122208 0.032691 0.006652 0.000913 0.837536
4 4 0.071601 0.016751 0.004166 0.001411 0.906071
4 4 0.033882 0.027878 0.009732 0.001417 0.927091
4 4 0.065356 0.022687 0.005875 0.001222 0.904860
4 4 0.034187 0.026729 0.008517 0.001003 0.929564
