0 0 0.466033 0.228479 0.029599 0.000628 0.275261
4 1 0.005956 0.252653 0.042172 0.000022 0.699197
4 1 0.011257 0.187032 0.017208 0.000009 0.784493
4 4 0.358282 0.074893 0.003672 0.000078 0.563076
4 4 0.121812 0.351511 0.032335 0.000060 0.494280
4 4 0.005437 0.193783 0.021921 0.000008 0.778850
4 4 0.005520 0.196785 0.029651 0.000018 0.768026
4 4 0.005776 0.286186 0.029409 0.000005 0.678625
4 4 0.006408 0.126540 0.019328 0.000030 0.847695
4 4 0.008079 0.147604 0.020257 0.000025 0.824035
4 4 0.011229 0.182968 0.021155 0.000018 0.784630
4 4 0.036665 0.048874 0.004037 0.000055 0.910369
4 4 0.010153 0.094848 0.011723 0.000031 0.883245
4 4 0.008197 0.098143 0.010162 0.000015 0.883484
4 4 0.017195 0.112306 0.011441 0.000027 0.859031
4 4 0.005582 0.222254 0.026775 0.000009 0.745381
4 4 0.013085 0.103566 0.007860 0.000009 0.875480
4 4 0.008256 0.165427 0.016716 0.000010 0.809592
4 4 0.019633 0.138949 0.013805 0.000025 0.827587
4 4 0.041825 0.046217 0.003134 0.000036 0.908787
4 4 0.066494 0.043748 0.002397 0.000032 0.887330
4 4 0.050058 0.116849 0.005959 0.000011 0.827124
4 4 0.008071 0.174787 0.017798 0.000009 0.799335
4 4 0.045610 0.095841 0.009255 0.000071 0.849223
4 4 0.039399 0.198115 0.010601 0.000007 0.751878
4 1 0.036384 0.308628 0.016048 0.000004 0.638937
4 1 0.009175 0.267507 0.023742 0.000005 0.699571
4 1 0.023296 0.302262 0.023799 0.000009 0.650634
4 1 0.054041 0.298399 0.014126 0.000005 0.633429
4 1 0.010409 0.337616 0.035504 0.000008 0.616463
4 1 0.008462 0.253612 0.032334 0.000014 0.705579
4 1 0.020426 0.343979 0.030211 0.000009 0.605376
4 4 0.052440 0.064873 0.004186 0.000032 0.878468
4 4 0.047730 0.047369 0.002805 0.000028 0.902069
4 4 0.231413 0.067706 0.004622 0.000154 0.696105
4 4 0.098224 0.307397 0.015648 0.000010 0.578721
4 4 0.015163 0.212840 0.020592 0.000013 0.751391
4 1 0.028290 0.360197 0.030047 0.000011 0.581455
4 1 0.033617 0.284717 0.026110 0.000021 0.655536
1 1 0.062894 0.444691 0.051249 0.000048 0.441118
4 1 0.027194 0.344928 0.057947 0.000080 0.569850
4 1 0.048533 0.091347 0.015415 0.000398 0.844307
4 1 0.024764 0.392349 0.051178 0.000031 0.531677
4 2 0.134467 0.186220 0.021803 0.000229 0.657282
4 2 0.027059 0.347994 0.083920 0.000223 0.540804
0 0 0.551154 0.051790 0.005500 0.001191 0.390364
0 0 0.761464 0.062570 0.004186 0.000249 0.171530
4 1 0.027579 0.272985 0.029567 0.000028 0.669841
4 1 0.020519 0.218178 0.042208 0.000134 0.718961
4 2 0.020738 0.270184 0.033123 0.000029 0.675925
4 2 0.011782 0.321564 0.299243 0.000712 0.366699
4 2 0.048139 0.317215 0.047069 0.000108 0.587468
4 2 0.011028 0.306255 0.147417 0.000228 0.535072
4 2 0.017222 0.407699 0.080407 0.000032 0.494640
2 2 0.003548 0.280695 0.617302 0.000087 0.098368
2 2 0.014412 0.275587 0.490151 0.000635 0.219215
2 2 0.002096 0.149979 0.822913 0.000112 0.024900
2 2 0.001227 0.070058 0.919102 0.000430 0.009182
2 2 0.004453 0.093611 0.879141 0.002372 0.020423
4 2 0.021814 0.302936 0.121687 0.000433 0.553131
2 2 0.002429 0.074097 0.913307 0.001098 0.009070
2 2 0.001189 0.060058 0.924928 0.001466 0.012359
2 2 0.000677 0.032410 0.962323 0.001211 0.003379
2 2 0.000693 0.048822 0.943976 0.000456 0.006053
2 2 0.000828 0.040467 0.950860 0.001648 0.006197
2 2 0.000147 0.015348 0.982058 0.000832 0.001615
2 2 0.000614 0.021689 0.973947 0.002093 0.001657
2 2 0.001261 0.040595 0.948245 0.003572 0.006326
2 2 0.013842 0.181456 0.766602 0.002415 0.035686
2 2 0.002675 0.092643 0.876936 0.002378 0.025368
2 2 0.003067 0.071210 0.914845 0.001971 0.008907
2 2 0.002475 0.051887 0.936689 0.003119 0.005831
2 2 0.000237 0.012779 0.984316 0.001755 0.000913
2 2 0.000101 0.015569 0.982481 0.000347 0.001503
2 2 0.001053 0.023887 0.968381 0.004690 0.001988
2 2 0.000823 0.036787 0.941961 0.008145 0.012284
2 2 0.002891 0.066963 0.913211 0.004289 0.012645
2 2 0.001558 0.044371 0.946865 0.002227 0.004980
2 2 0.001760 0.061329 0.925059 0.001840 0.010012
2 2 0.001338 0.039396 0.953420 0.001970 0.003876
2 2 0.007569 0.113906 0.857716 0.002972 0.017836
2 2 0.001729 0.048734 0.937118 0.004062 0.008357
2 2 0.001304 0.036177 0.953969 0.003904 0.004646
2 2 0.002481 0.050541 0.936464 0.004112 0.006402
2 2 0.001871 0.019610 0.948508 0.028176 0.001835
2 2 0.001423 0.031018 0.948002 0.013757 0.005800
2 2 0.006062 0.103366 0.873072 0.002449 0.015052
2 2 0.007906 0.087206 0.884581 0.007295 0.013012
2 2 0.012766 0.182518 0.743037 0.004259 0.057419
2 2 0.001980 0.093011 0.874075 0.001727 0.029205
2 2 0.002863 0.079834 0.905902 0.001233 0.010169
2 2 0.000883 0.024919 0.969179 0.002962 0.002056
2 2 0.000567 0.027976 0.968208 0.000943 0.002306
2 2 0.001672 0.039144 0.952229 0.003069 0.003887
2 2 0.000359 0.028780 0.967596 0.000492 0.002773
2 2 0.001166 0.046851 0.946146 0.000983 0.004854
2 2 0.001747 0.021682 0.958832 0.015887 0.001852
2 2 0.003404 0.088266 0.874722 0.005499 0.028110
2 2 0.000428 0.016747 0.977680 0.003552 0.001592
2 3 0.003809 0.037451 0.877280 0.071269 0.010191
2 3 0.001043 0.032318 0.955973 0.005463 0.005202
2 3 0.001899 0.035364 0.937333 0.018049 0.007355
2 3 0.002744 0.067004 0.902219 0.008200 0.019832
2 3 0.000827 0.029690 0.960579 0.004350 0.004554
2 3 0.002238 0.041794 0.912903 0.029346 0.013720
2 3 0.006580 0.048005 0.799531 0.127621 0.018263
2 3 0.002651 0.023965 0.739574 0.223423 0.010387
2 3 0.014585 0.059142 0.718690 0.178038 0.029545
2 3 0.019480 0.085524 0.709413 0.124090 0.061494
2 3 0.010427 0.049934 0.727468 0.186675 0.025496
2 3 0.002402 0.037044 0.929344 0.023470 0.007740
2 3 0.006644 0.055424 0.899611 0.026606 0.011715
2 2 0.032808 0.112628 0.808451 0.022290 0.023823
0 1 0.436885 0.202353 0.101732 0.017227 0.241803
4 1 0.176981 0.185524 0.038952 0.001605 0.596938
4 1 0.015940 0.206262 0.163161 0.002736 0.611901
2 1 0.010841 0.305820 0.477295 0.000854 0.205190
2 2 0.013210 0.318492 0.518377 0.000704 0.149217
2 2 0.003935 0.104889 0.875224 0.000822 0.015130
2 2 0.001790 0.062709 0.927412 0.000968 0.007122
2 2 0.000259 0.015277 0.980869 0.002085 0.001510
2 2 0.000120 0.007438 0.988464 0.003382 0.000596
2 2 0.000070 0.007694 0.989684 0.001761 0.000790
2 2 0.001351 0.028409 0.957707 0.008879 0.003655
2 2 0.001172 0.038190 0.949841 0.004337 0.006460
2 2 0.001518 0.048974 0.936718 0.003673 0.009117
2 2 0.001582 0.038723 0.951206 0.003917 0.004572
2 2 0.000498 0.013349 0.977064 0.007938 0.001152
2 2 0.000190 0.009706 0.987630 0.001921 0.000554
2 2 0.000397 0.013201 0.976395 0.008528 0.001478
2 2 0.001908 0.061006 0.924243 0.002376 0.010468
2 2 0.001858 0.029881 0.952936 0.011739 0.003586
2 2 0.002025 0.029038 0.933812 0.029785 0.005340
2 2 0.001131 0.019519 0.933315 0.042076 0.003959
2 2 0.000191 0.009318 0.982111 0.007297 0.001083
2 3 0.002493 0.027310 0.884158 0.079126 0.006914
2 3 0.000785 0.018745 0.938479 0.037222 0.004768
2 3 0.001851 0.021045 0.874160 0.097727 0.005216
2 2 0.001126 0.024754 0.958350 0.012162 0.003607
2 2 0.001101 0.026266 0.957768 0.010780 0.004085
2 2 0.001270 0.028090 0.921988 0.039208 0.009444
2 2 0.004505 0.027082 0.867195 0.097024 0.004193
2 2 0.003459 0.024962 0.864464 0.102559 0.004556
2 2 0.002041 0.028286 0.923063 0.040623 0.005986
2 2 0.001283 0.014250 0.937627 0.045343 0.001498
2 2 0.000748 0.011591 0.948756 0.037603 0.001302
2 2 0.001228 0.025109 0.961748 0.009041 0.002875
2 2 0.000639 0.012342 0.931983 0.052753 0.002284
2 2 0.001186 0.040079 0.936825 0.009936 0.011974
2 2 0.000070 0.002607 0.920794 0.076149 0.000380
2 2 0.003848 0.035516 0.890552 0.062284 0.007801
2 2 0.000216 0.004238 0.854425 0.140406 0.000715
2 2 0.002275 0.033719 0.810908 0.132538 0.020560
2 2 0.000622 0.009789 0.865048 0.122330 0.002211
2 3 0.000129 0.002509 0.859455 0.137627 0.000281
2 3 0.000687 0.006334 0.680034 0.311198 0.001747
3 3 0.002252 0.007520 0.384284 0.601856 0.004088
2 3 0.001281 0.010532 0.758047 0.227940 0.002200
2 3 0.000518 0.007433 0.952498 0.038986 0.000566
2 3 0.001982 0.026781 0.878408 0.084191 0.008639
2 3 0.001692 0.044103 0.931808 0.010872 0.011525
2 2 0.001232 0.029853 0.950968 0.012287 0.005660
2 2 0.000472 0.017862 0.973920 0.005508 0.002237
2 2 0.001389 0.017361 0.926341 0.052256 0.002653
2 2 0.001095 0.021290 0.938641 0.034324 0.004650
2 2 0.001596 0.029677 0.957007 0.008382 0.003338
2 2 0.000944 0.043203 0.929759 0.008616 0.017478
2 2 0.001926 0.026695 0.956240 0.012545 0.002594
2 2 0.001355 0.029789 0.957687 0.007416 0.003751
2 2 0.006471 0.055887 0.889495 0.036308 0.011839
2 2 0.016970 0.131829 0.772812 0.028581 0.049808
2 2 0.061316 0.354752 0.366302 0.005427 0.212202
2 2 0.018177 0.202050 0.526451 0.013449 0.239872
2 2 0.003544 0.077522 0.900517 0.003786 0.014631
2 2 0.004408 0.059411 0.922473 0.006434 0.007274
2 2 0.008569 0.146064 0.817131 0.001960 0.026277
2 2 0.030544 0.302170 0.331795 0.005666 0.329826
4 2 0.020065 0.247201 0.320578 0.008777 0.403378
2 2 0.022329 0.324926 0.461379 0.001889 0.189477
2 2 0.001475 0.045524 0.946660 0.001614 0.004726
2 2 0.002535 0.059185 0.919620 0.006153 0.012507
2 2 0.000328 0.014672 0.978735 0.004587 0.001678
2 2 0.000556 0.017658 0.976732 0.003634 0.001420
2 2 0.000727 0.023509 0.971435 0.002433 0.001897
2 2 0.000239 0.014086 0.982035 0.002266 0.001374
2 2 0.000326 0.012593 0.982962 0.003228 0.000892
2 2 0.001153 0.034373 0.958988 0.002230 0.003254
2 2 0.000316 0.014042 0.982918 0.001825 0.000899
2 2 0.000175 0.006579 0.988509 0.004405 0.000332
2 2 0.000312 0.014124 0.982889 0.001768 0.000907
2 2 0.000860 0.020096 0.965374 0.011141 0.002529
2 2 0.000116 0.009159 0.988643 0.001418 0.000664
2 2 0.001004 0.018240 0.936328 0.040787 0.003641
2 2 0.001548 0.046978 0.942165 0.002715 0.006595
2 2 0.000225 0.011181 0.982409 0.004968 0.001216
2 2 0.000399 0.007588 0.927337 0.063598 0.001078
2 2 0.002284 0.026081 0.944061 0.024514 0.003061
2 2 0.027733 0.236328 0.676639 0.003795 0.055505
2 2 0.012750 0.225431 0.654216 0.003215 0.104388
2 2 0.005637 0.061000 0.916029 0.009609 0.007725
2 2 0.000911 0.042930 0.949824 0.001089 0.005247
2 2 0.000468 0.021346 0.975325 0.001282 0.001578
2 2 0.002052 0.060676 0.923090 0.003062 0.011119
2 2 0.000363 0.012380 0.983031 0.003439 0.000788
2 2 0.000884 0.031503 0.961705 0.002388 0.003520
2 2 0.002214 0.056918 0.932720 0.001836 0.006312
2 2 0.003342 0.075219 0.900151 0.004846 0.016442
2 2 0.001064 0.037481 0.956216 0.001558 0.003681
2 2 0.000106 0.005679 0.987313 0.006437 0.000464
2 2 0.000587 0.023071 0.970995 0.002861 0.002485
2 2 0.000595 0.042619 0.950108 0.000674 0.006004
2 2 0.000198 0.009105 0.982712 0.007023 0.000962
4 4 0.056979 0.203701 0.199274 0.006797 0.533248
2 4 0.007423 0.200053 0.589066 0.002494 0.200964
2 4 0.009098 0.228126 0.696328 0.000856 0.065592
2 2 0.000192 0.017645 0.980557 0.000408 0.001198
2 2 0.000673 0.019318 0.975127 0.003431 0.001450
2 2 0.009345 0.213586 0.701528 0.001539 0.074002
2 2 0.002582 0.065386 0.919657 0.002574 0.009801
2 2 0.008637 0.145422 0.814597 0.002387 0.028958
2 2 0.003566 0.130586 0.843803 0.000521 0.021524
4 2 0.135749 0.120612 0.023414 0.001359 0.718865
4 2 0.039675 0.343511 0.059092 0.000116 0.557606
4 2 0.017994 0.210395 0.065643 0.000478 0.705489
4 2 0.044601 0.346168 0.088960 0.000386 0.519885
4 2 0.042386 0.357188 0.172674 0.000775 0.426977
1 2 0.025612 0.362460 0.299681 0.000603 0.311644
4 2 0.128912 0.315586 0.044769 0.000247 0.510486
4 2 0.020458 0.223752 0.167056 0.003102 0.585633
1 2 0.043057 0.432625 0.115471 0.000196 0.408650
4 2 0.042422 0.398430 0.087220 0.000193 0.471734
4 2 0.015356 0.254720 0.235468 0.001232 0.493223
2 2 0.004132 0.110077 0.854049 0.002333 0.029408
1 2 0.015267 0.384773 0.342061 0.000318 0.257580
4 2 0.010535 0.299448 0.311238 0.000522 0.378257
2 2 0.022066 0.224559 0.630523 0.002275 0.120576
1 2 0.019094 0.387591 0.335660 0.000377 0.257277
2 2 0.000849 0.085569 0.886633 0.000479 0.026470
2 2 0.018478 0.222400 0.623940 0.001918 0.133264
2 2 0.014156 0.272507 0.567075 0.000469 0.145792
2 2 0.000730 0.049460 0.940109 0.000878 0.008823
2 2 0.017850 0.217205 0.670076 0.000943 0.093926
2 2 0.013389 0.286203 0.571587 0.000617 0.128204
2 2 0.004176 0.180611 0.745001 0.000726 0.069486
2 2 0.002522 0.077866 0.902404 0.001920 0.015287
2 2 0.004151 0.159463 0.805318 0.000397 0.030672
2 2 0.014810 0.238741 0.646170 0.001046 0.099234
1 2 0.026617 0.401707 0.267824 0.000591 0.303261
1 2 0.038533 0.402707 0.165241 0.000580 0.392939
4 2 0.018020 0.225466 0.116940 0.000497 0.639077
2 2 0.016860 0.359991 0.389130 0.000669 0.233350
2 2 0.014081 0.358815 0.397123 0.000496 0.229485
2 2 0.090625 0.354366 0.415173 0.002537 0.137298
2 2 0.006273 0.223114 0.689044 0.000676 0.080893
2 2 0.005486 0.209265 0.719299 0.000548 0.065401
4 2 0.033365 0.384683 0.100403 0.000249 0.481300
4 2 0.026239 0.260950 0.125975 0.001310 0.585527
2 2 0.002349 0.129301 0.788763 0.001375 0.078213
4 2 0.130996 0.313002 0.045986 0.000280 0.509736
4 4 0.263628 0.078930 0.009949 0.000935 0.646559
0 4 0.502006 0.022165 0.000856 0.000101 0.474872
4 4 0.276493 0.042318 0.001102 0.000014 0.680073
0 0 0.608869 0.009740 0.000336 0.000128 0.380927
0 0 0.956132 0.003679 0.000172 0.000259 0.039758
4 0 0.136002 0.008245 0.000353 0.000085 0.855315
0 0 0.843950 0.004455 0.000215 0.000457 0.150923
0 0 0.788937 0.005662 0.000131 0.000051 0.205219
4 0 0.113039 0.005530 0.000247 0.000102 0.881082
4 1 0.180433 0.088153 0.003412 0.000020 0.727983
4 1 0.122576 0.061863 0.003455 0.000050 0.812056
4 4 0.139620 0.046400 0.001847 0.000025 0.812109
4 4 0.107242 0.112394 0.003697 0.000006 0.776661
4 4 0.411367 0.090541 0.003002 0.000024 0.495066
4 4 0.016178 0.195108 0.012114 0.000004 0.776596
4 4 0.006793 0.291294 0.028180 0.000005 0.673728
4 1 0.008950 0.300573 0.029006 0.000006 0.661465
4 1 0.004975 0.222407 0.024509 0.000006 0.748103
4 1 0.020577 0.166381 0.009428 0.000005 0.803609
4 1 0.005103 0.230170 0.042481 0.000027 0.722219
4 1 0.013172 0.226110 0.012655 0.000002 0.748061
4 1 0.008896 0.218251 0.039046 0.000045 0.733761
4 1 0.014229 0.355683 0.096833 0.000086 0.533170
4 1 0.023288 0.368616 0.054600 0.000045 0.553451
4 1 0.020951 0.342981 0.104820 0.000245 0.531003
4 2 0.003034 0.256363 0.301838 0.000256 0.438510
4 2 0.021774 0.299041 0.100739 0.000536 0.577910
4 2 0.046362 0.353244 0.031135 0.000021 0.569238
4 2 0.021691 0.243979 0.035994 0.000059 0.698276
4 2 0.023773 0.203626 0.023991 0.000039 0.748572
4 2 0.016939 0.339708 0.057793 0.000052 0.585507
4 2 0.033378 0.178259 0.018659 0.000043 0.769661
4 2 0.041589 0.205404 0.026279 0.000087 0.726641
4 2 0.016915 0.234534 0.069582 0.000356 0.678613
4 2 0.034727 0.299902 0.034802 0.000040 0.630528
4 2 0.005263 0.317219 0.268599 0.000167 0.408752
4 2 0.041739 0.280153 0.043572 0.000120 0.634416
4 2 0.046840 0.243164 0.030520 0.000081 0.679395
4 2 0.036227 0.314478 0.051466 0.000109 0.597720
4 2 0.032889 0.156975 0.034280 0.000394 0.775463
4 2 0.010818 0.300785 0.211459 0.000425 0.476513
2 2 0.007652 0.167746 0.773772 0.002085 0.048745
2 2 0.002946 0.113574 0.840951 0.002138 0.040392
2 2 0.000572 0.047009 0.941992 0.000855 0.009572
2 2 0.005177 0.112317 0.842751 0.004836 0.034918
2 2 0.003481 0.107695 0.864261 0.001531 0.023032
2 2 0.015136 0.277652 0.463907 0.003041 0.240265
2 2 0.004596 0.233898 0.690495 0.000249 0.070762
2 2 0.002182 0.068847 0.917669 0.001490 0.009812
2 2 0.009366 0.283504 0.575163 0.000675 0.131292
2 2 0.000900 0.064070 0.926660 0.000310 0.008060
2 2 0.002295 0.078159 0.908212 0.000953 0.010382
2 2 0.000790 0.032701 0.961230 0.001688 0.003591
2 2 0.000938 0.080336 0.906157 0.000223 0.012347
2 2 0.000339 0.026488 0.967956 0.001226 0.003992
2 2 0.001806 0.060326 0.930048 0.001080 0.006740
2 2 0.000173 0.023118 0.974000 0.000300 0.002409
2 2 0.000841 0.037783 0.953579 0.002074 0.005724
2 2 0.001427 0.030350 0.954901 0.009094 0.004228
2 2 0.000390 0.038393 0.944465 0.002319 0.014433
2 2 0.000393 0.017072 0.977831 0.003025 0.001679
2 2 0.000470 0.019444 0.969028 0.007621 0.003437
2 2 0.000405 0.009604 0.980771 0.008628 0.000592
2 2 0.001193 0.033788 0.934970 0.019160 0.010889
2 2 0.000623 0.014685 0.966362 0.016479 0.001851
2 2 0.001745 0.024617 0.918320 0.049889 0.005429
2 2 0.003083 0.102532 0.795810 0.012427 0.086148
2 2 0.002317 0.037547 0.949897 0.006433 0.003806
2 2 0.002912 0.060520 0.926508 0.002825 0.007235
2 2 0.069264 0.237786 0.603912 0.020750 0.068289
2 2 0.012852 0.319883 0.477830 0.000811 0.188624
2 2 0.000524 0.020033 0.973110 0.004041 0.002293
2 2 0.000217 0.014603 0.980510 0.002774 0.001896
2 2 0.001867 0.085087 0.889295 0.001538 0.022212
2 2 0.002226 0.050838 0.938808 0.002594 0.005534
2 2 0.000789 0.031145 0.963993 0.001345 0.002728
2 2 0.000936 0.026431 0.962243 0.006685 0.003705
2 2 0.000090 0.007502 0.986082 0.005253 0.001073
2 2 0.000824 0.028316 0.956078 0.008741 0.006041
2 2 0.000495 0.015780 0.965892 0.015115 0.002718
2 2 0.002741 0.065074 0.863128 0.028760 0.040296
2 2 0.000241 0.007902 0.969905 0.020948 0.001004
2 2 0.000964 0.022475 0.944828 0.026529 0.005204
2 2 0.000306 0.007196 0.958847 0.032853 0.000798
2 2 0.000635 0.025192 0.958018 0.009995 0.006161
2 2 0.000688 0.023472 0.953894 0.015802 0.006144
2 2 0.005730 0.097525 0.830568 0.018844 0.047333
2 2 0.016008 0.095221 0.762469 0.085418 0.040884
2 2 0.006432 0.076099 0.874028 0.021939 0.021502
2 2 0.000368 0.008207 0.952946 0.037447 0.001032
2 2 0.001125 0.036779 0.947604 0.006698 0.007794
2 2 0.002792 0.051897 0.926342 0.009181 0.009788
2 2 0.004186 0.043573 0.907802 0.035503 0.008937
2 2 0.017007 0.205309 0.728642 0.002664 0.046377
2 2 0.008255 0.123049 0.787886 0.017405 0.063404
2 2 0.030735 0.271538 0.562959 0.006394 0.128373
2 0 0.182405 0.308778 0.365705 0.026895 0.116217
2 1 0.026922 0.346537 0.406892 0.001840 0.217810
2 1 0.010409 0.247219 0.518574 0.003037 0.220761
2 2 0.001801 0.064961 0.888019 0.011095 0.034124
2 2 0.007945 0.140112 0.760888 0.011975 0.079080
2 2 0.000026 0.001203 0.978373 0.020345 0.000053
2 2 0.000626 0.013796 0.925104 0.057136 0.003338
2 2 0.000021 0.001260 0.965081 0.033535 0.000103
2 2 0.000002 0.000283 0.986289 0.013415 0.000011
2 2 0.000033 0.001204 0.985473 0.013258 0.000032
2 2 0.000070 0.002872 0.965004 0.031774 0.000279
2 2 0.002760 0.024998 0.942894 0.026982 0.002366
2 2 0.000005 0.000400 0.974531 0.025049 0.000015
2 2 0.000017 0.000860 0.971700 0.027384 0.000039
2 2 0.000027 0.000889 0.763400 0.235557 0.000126
3 3 0.000063 0.000618 0.207222 0.791880 0.000217
2 3 0.000035 0.001162 0.798798 0.199830 0.000175
3 3 0.000089 0.001370 0.472855 0.525319 0.000367
3 3 0.000147 0.001815 0.243939 0.752694 0.001405
3 3 0.000312 0.001880 0.118728 0.877018 0.002062
3 3 0.000057 0.000674 0.160746 0.838082 0.000441
3 3 0.000058 0.000158 0.033375 0.966146 0.000263
3 3 0.000121 0.000587 0.070753 0.927806 0.000732
3 3 0.000146 0.000389 0.053992 0.944975 0.000498
3 3 0.000080 0.000199 0.030978 0.968331 0.000411
3 3 0.000128 0.000391 0.054257 0.944705 0.000519
3 3 0.000156 0.000280 0.026614 0.972144 0.000806
3 3 0.000265 0.000379 0.023715 0.974194 0.001448
3 3 0.000101 0.000181 0.028668 0.970687 0.000362
3 3 0.000021 0.000122 0.046040 0.953685 0.000132
3 3 0.000372 0.000847 0.037152 0.958742 0.002888
3 3 0.000030 0.000075 0.022112 0.977632 0.000150
3 3 0.000093 0.000180 0.024539 0.974721 0.000467
3 3 0.000152 0.000226 0.019007 0.979697 0.000918
3 3 0.000119 0.000197 0.026561 0.972667 0.000457
3 3 0.000065 0.000165 0.026347 0.973028 0.000395
3 3 0.000116 0.000255 0.027671 0.971264 0.000695
3 3 0.000247 0.000295 0.022159 0.976269 0.001030
3 3 0.000100 0.000178 0.024217 0.975044 0.000461
3 3 0.000142 0.000232 0.025081 0.973905 0.000640
3 3 0.000317 0.000384 0.026263 0.971837 0.001199
3 3 0.000170 0.000200 0.016902 0.981872 0.000856
3 3 0.000045 0.000095 0.020128 0.979493 0.000240
3 3 0.000075 0.000096 0.013124 0.986294 0.000410
3 3 0.000026 0.000051 0.015797 0.983993 0.000132
3 3 0.000019 0.000042 0.014264 0.985559 0.000116
3 3 0.000040 0.000065 0.015497 0.984212 0.000185
3 3 0.000038 0.000191 0.036451 0.962956 0.000364
3 3 0.000090 0.000158 0.021113 0.978167 0.000472
3 3 0.000069 0.000101 0.015265 0.984198 0.000367
3 3 0.000090 0.000103 0.013299 0.986070 0.000437
3 3 0.000222 0.000222 0.016564 0.982001 0.000991
3 3 0.000211 0.000254 0.021659 0.977024 0.000852
3 3 0.000093 0.000168 0.018706 0.980402 0.000631
3 3 0.000220 0.000170 0.013271 0.985489 0.000850
3 3 0.000249 0.000208 0.016514 0.982179 0.000850
3 3 0.000427 0.000430 0.020562 0.976594 0.001987
3 3 0.000488 0.000375 0.017831 0.979455 0.001850
3 3 0.000053 0.000077 0.017540 0.982134 0.000195
3 3 0.000111 0.000139 0.014317 0.984800 0.000633
3 3 0.000038 0.000065 0.016131 0.983587 0.000179
3 3 0.000030 0.000036 0.009012 0.990763 0.000158
3 3 0.000299 0.000223 0.012932 0.985212 0.001335
3 3 0.000192 0.000152 0.011698 0.987088 0.000871
3 3 0.000122 0.000110 0.011178 0.988007 0.000583
3 3 0.000142 0.000207 0.021197 0.977783 0.000672
3 3 0.000038 0.000072 0.016261 0.983419 0.000211
3 3 0.000031 0.000069 0.019702 0.980044 0.000153
3 3 0.000148 0.000200 0.018876 0.980027 0.000749
3 3 0.000545 0.000511 0.029433 0.968051 0.001459
3 3 0.000019 0.000035 0.014512 0.985355 0.000079
3 3 0.000067 0.000130 0.024474 0.975045 0.000284
3 3 0.000082 0.000118 0.017192 0.982223 0.000385
3 3 0.000263 0.000218 0.012450 0.985658 0.001411
3 3 0.000412 0.000328 0.018060 0.979709 0.001490
3 3 0.000210 0.000140 0.010358 0.988416 0.000876
2 1 0.105464 0.174017 0.504475 0.144111 0.071933
3 1 0.023009 0.072324 0.250484 0.357797 0.296385
2 1 0.019086 0.119232 0.435235 0.166322 0.260125
2 1 0.014774 0.120716 0.552419 0.138172 0.173920
2 1 0.002453 0.033655 0.779204 0.162451 0.022237
2 2 0.000857 0.007113 0.559665 0.429942 0.002424
2 2 0.000135 0.003275 0.946375 0.049943 0.000274
2 2 0.000482 0.006168 0.751510 0.240410 0.001431
2 2 0.000417 0.005877 0.738840 0.253334 0.001532
2 2 0.000201 0.006530 0.963506 0.028891 0.000873
2 2 0.000143 0.005052 0.965708 0.028493 0.000604
2 2 0.000580 0.009649 0.910846 0.077291 0.001634
2 2 0.000402 0.015299 0.974266 0.007931 0.002101
2 2 0.000275 0.007219 0.983740 0.008373 0.000392
2 2 0.000638 0.011697 0.974843 0.012039 0.000783
2 2 0.000031 0.001762 0.976503 0.021572 0.000132
2 2 0.001558 0.018057 0.931188 0.046771 0.002426
2 2 0.000337 0.011046 0.976628 0.010776 0.001213
2 2 0.000266 0.013321 0.971519 0.012090 0.002804
2 2 0.000777 0.014631 0.961406 0.021490 0.001695
2 2 0.000971 0.013402 0.934849 0.049008 0.001769
2 2 0.000101 0.004331 0.990773 0.004608 0.000187
2 2 0.000476 0.010542 0.957169 0.030419 0.001394
2 2 0.000042 0.002527 0.989092 0.008193 0.000146
2 2 0.000456 0.006176 0.913108 0.079640 0.000620
2 2 0.000268 0.007758 0.978335 0.012995 0.000644
2 2 0.000127 0.003909 0.973473 0.022206 0.000286
2 2 0.000161 0.003407 0.906621 0.089435 0.000376
2 2 0.001134 0.015205 0.922365 0.058869 0.002427
2 2 0.000048 0.002468 0.985265 0.012069 0.000150
2 2 0.000107 0.003591 0.959034 0.036900 0.000367
2 2 0.000122 0.004419 0.940959 0.053773 0.000726
2 2 0.000352 0.010471 0.962893 0.024640 0.001645
2 2 0.000187 0.004165 0.952307 0.042996 0.000344
2 2 0.001071 0.017874 0.911243 0.065444 0.004368
2 2 0.001053 0.009901 0.807273 0.179953 0.001821
2 2 0.000856 0.016551 0.815327 0.158685 0.008581
2 2 0.003290 0.020101 0.716623 0.254277 0.005709
2 2 0.002502 0.020136 0.680641 0.287926 0.008795
2 2 0.001950 0.013101 0.642251 0.338612 0.004086
2 2 0.001160 0.013676 0.849504 0.132510 0.003150
2 2 0.000491 0.007195 0.862266 0.128801 0.001248
2 3 0.000082 0.002296 0.959507 0.037972 0.000143
2 3 0.000073 0.003496 0.973077 0.022979 0.000375
2 3 0.005045 0.036643 0.721486 0.219146 0.017680
2 3 0.000263 0.004726 0.948160 0.046490 0.000362
2 2 0.002497 0.022300 0.944188 0.029017 0.001998
2 2 0.002680 0.016158 0.762075 0.215853 0.003234
2 2 0.001107 0.010046 0.780692 0.206119 0.002036
2 2 0.000064 0.001632 0.895604 0.102560 0.000139
2 2 0.000299 0.006029 0.925498 0.067377 0.000797
2 2 0.000166 0.004262 0.921052 0.073927 0.000593
2 2 0.000638 0.006175 0.805155 0.187183 0.000849
2 2 0.000518 0.006937 0.934377 0.057567 0.000601
2 2 0.002098 0.014677 0.780185 0.200081 0.002959
2 2 0.010067 0.051517 0.838122 0.089489 0.010805
2 2 0.001105 0.012317 0.956953 0.028752 0.000873
2 2 0.000722 0.014281 0.966966 0.016574 0.001457
2 2 0.000890 0.011828 0.929765 0.056024 0.001493
2 2 0.000131 0.005789 0.979817 0.013646 0.000616
2 2 0.000037 0.001497 0.951402 0.046951 0.000114
2 2 0.000109 0.002513 0.963733 0.033518 0.000127
2 2 0.000410 0.008507 0.974033 0.016435 0.000614
2 2 0.000408 0.008425 0.971166 0.019337 0.000663
2 2 0.000090 0.001977 0.926232 0.071571 0.000131
2 2 0.001553 0.023819 0.961801 0.010699 0.002128
2 2 0.000136 0.005811 0.982158 0.011360 0.000536
2 2 0.000245 0.006140 0.973611 0.019535 0.000469
2 2 0.001706 0.017797 0.915843 0.062096 0.002558
2 2 0.000218 0.006151 0.981791 0.011454 0.000385
2 2 0.000136 0.005730 0.976475 0.017007 0.000652
2 2 0.006792 0.043178 0.909330 0.035482 0.005217
2 2 0.000655 0.010831 0.960624 0.026888 0.001002
2 2 0.000181 0.004707 0.965658 0.029063 0.000390
2 2 0.000583 0.011866 0.976917 0.009840 0.000793
2 2 0.000325 0.013362 0.965172 0.018204 0.002938
2 2 0.000312 0.009689 0.970431 0.018321 0.001248
2 2 0.000042 0.002341 0.985549 0.011919 0.000148
2 2 0.000224 0.006125 0.970042 0.023045 0.000565
2 2 0.001316 0.019279 0.964494 0.013319 0.001591
2 2 0.000041 0.002130 0.992922 0.004838 0.000069
2 2 0.000250 0.008806 0.967656 0.021944 0.001343
2 2 0.000246 0.004058 0.958889 0.036589 0.000218
2 2 0.000294 0.007271 0.982595 0.009439 0.000401
2 2 0.000059 0.002924 0.984249 0.012570 0.000198
2 2 0.000067 0.002169 0.964700 0.032927 0.000136
2 2 0.000218 0.006591 0.986053 0.006796 0.000342
2 2 0.000081 0.003370 0.990796 0.005621 0.000133
2 2 0.000416 0.006263 0.781195 0.210599 0.001527
2 2 0.000341 0.009044 0.975123 0.014671 0.000821
2 2 0.000436 0.013049 0.964969 0.019436 0.002109
2 2 0.001293 0.014435 0.957131 0.026054 0.001087
2 2 0.000695 0.016024 0.964178 0.016981 0.002123
2 2 0.000568 0.015743 0.977878 0.004661 0.001151
2 2 0.000129 0.004347 0.979232 0.015985 0.000307
2 2 0.000087 0.003668 0.986301 0.009729 0.000215
2 2 0.000408 0.012097 0.977133 0.009190 0.001171
2 2 0.000538 0.009650 0.975110 0.014101 0.000601
2 2 0.001017 0.026513 0.926434 0.036462 0.009573
2 2 0.015861 0.168108 0.668142 0.026588 0.121301
2 2 0.001284 0.036418 0.946539 0.008242 0.007517
2 2 0.000063 0.005003 0.991898 0.002700 0.000336
2 2 0.000102 0.004432 0.988588 0.006632 0.000245
2 2 0.000454 0.014727 0.978001 0.005493 0.001325
2 2 0.006182 0.073493 0.865578 0.030080 0.024667
2 2 0.000108 0.004375 0.990241 0.005085 0.000191
2 2 0.000345 0.010108 0.980362 0.008390 0.000795
2 2 0.001554 0.045299 0.939490 0.005094 0.008564
2 2 0.000688 0.016729 0.975736 0.005596 0.001250
2 2 0.002381 0.105059 0.863861 0.001147 0.027552
1 2 0.026839 0.391263 0.250222 0.000676 0.330999
4 2 0.016487 0.308665 0.208518 0.001035 0.465295
2 2 0.013514 0.302013 0.479803 0.001344 0.203326
1 2 0.018805 0.403349 0.328065 0.000355 0.249425
2 2 0.002724 0.111763 0.840343 0.002203 0.042967
4 2 0.063106 0.212450 0.067072 0.001614 0.655758
4 4 0.084823 0.106957 0.023542 0.001361 0.783318
4 4 0.127209 0.069144 0.012360 0.001461 0.789827
0 4 0.448529 0.213721 0.031141 0.000936 0.305674
4 4 0.024476 0.308911 0.103206 0.000572 0.562835
4 4 0.023375 0.364156 0.100364 0.000190 0.511916
4 1 0.014749 0.300127 0.104656 0.000287 0.580180
4 1 0.025670 0.366060 0.100131 0.000215 0.507925
4 1 0.024207 0.357736 0.109217 0.000265 0.508575
4 2 0.011694 0.276191 0.155116 0.000653 0.556346
4 2 0.009462 0.229668 0.135067 0.000960 0.624843
4 2 0.035699 0.145769 0.039003 0.000719 0.778810
4 2 0.029001 0.347222 0.102975 0.000384 0.520418
4 2 0.016222 0.259783 0.129260 0.001158 0.593577
4 2 0.009832 0.227285 0.183438 0.001920 0.577526
4 2 0.020099 0.322002 0.175939 0.000862 0.481097
4 2 0.012091 0.264218 0.116866 0.000516 0.606308
4 2 0.009895 0.252323 0.191369 0.001173 0.545241
4 2 0.026447 0.352290 0.081227 0.000187 0.539850
4 2 0.010940 0.262862 0.126112 0.000517 0.599570
4 2 0.008893 0.149100 0.061823 0.000679 0.779505
4 2 0.006427 0.236656 0.165387 0.000601 0.590929
4 2 0.005183 0.221489 0.157408 0.000537 0.615383
4 2 0.012754 0.271668 0.116249 0.000481 0.598849
4 2 0.009119 0.239427 0.143539 0.000805 0.607109
4 2 0.006887 0.289451 0.156971 0.000200 0.546490
4 2 0.014401 0.301690 0.171281 0.000677 0.511952
4 2 0.019868 0.290126 0.084986 0.000337 0.604683
4 1 0.021269 0.151465 0.042534 0.000536 0.784196
4 1 0.011556 0.276704 0.139589 0.000519 0.571632
4 1 0.019969 0.211226 0.062443 0.000455 0.705908
4 4 0.039716 0.239086 0.052738 0.000357 0.668103
4 4 0.006705 0.205812 0.094914 0.000461 0.692107
4 4 0.109354 0.168896 0.021856 0.000270 0.699623
0 0 0.618778 0.151800 0.046498 0.009667 0.173258
4 1 0.014984 0.308461 0.141024 0.000449 0.535083
4 1 0.014346 0.297036 0.156929 0.000630 0.531059
4 1 0.006357 0.250960 0.197391 0.000582 0.544711
4 1 0.005571 0.248348 0.183000 0.000428 0.562653
4 1 0.010846 0.243906 0.123674 0.000741 0.620833
4 1 0.010593 0.252911 0.147677 0.000819 0.588001
4 1 0.016335 0.275398 0.115314 0.000677 0.592276
4 1 0.016945 0.291083 0.085795 0.000290 0.605886
4 4 0.011470 0.209072 0.114924 0.001524 0.663009
4 4 0.015108 0.322144 0.143032 0.000363 0.519353
4 4 0.010110 0.225841 0.145027 0.001356 0.617666
4 4 0.008261 0.262220 0.137425 0.000376 0.591718
4 2 0.009495 0.223299 0.137743 0.001169 0.628295
4 2 0.007035 0.244784 0.168009 0.000603 0.579569
4 2 0.005438 0.206721 0.181014 0.001098 0.605728
4 2 0.018036 0.246310 0.100669 0.000912 0.634073
4 2 0.023094 0.234697 0.082064 0.000785 0.659359
4 2 0.017746 0.249006 0.143368 0.002087 0.587792
4 1 0.024218 0.236269 0.070266 0.000515 0.668731
4 1 0.149755 0.062355 0.004791 0.000154 0.782946
4 4 0.175992 0.033091 0.002794 0.000349 0.787775
4 4 0.043305 0.118508 0.011914 0.000066 0.826208
4 4 0.020098 0.119443 0.015813 0.000067 0.844579
4 4 0.012873 0.160898 0.021264 0.000034 0.804931
4 4 0.035151 0.161478 0.012555 0.000020 0.790796
4 4 0.041196 0.085209 0.008530 0.000077 0.864989
4 4 0.115934 0.099607 0.006277 0.000050 0.778131
4 4 0.161077 0.088487 0.006153 0.000099 0.744185
4 4 0.123048 0.067211 0.005185 0.000124 0.804432
4 4 0.106806 0.091510 0.008159 0.000135 0.793390
4 4 0.033058 0.178487 0.018274 0.000040 0.770141
4 4 0.023486 0.141119 0.016262 0.000047 0.819086
4 4 0.013798 0.264791 0.058031 0.000109 0.663271
4 4 0.041899 0.173874 0.020939 0.000083 0.763205
4 4 0.268750 0.116831 0.007915 0.000119 0.606385
4 4 0.115791 0.054132 0.005915 0.000369 0.823792
4 4 0.245798 0.044516 0.002810 0.000168 0.706707
4 4 0.216083 0.033763 0.001879 0.000123 0.748153
4 4 0.098068 0.050568 0.003443 0.000082 0.847839
4 4 0.129206 0.141748 0.014284 0.000173 0.714589
4 4 0.022792 0.231621 0.029926 0.000044 0.715617
0 0 0.794595 0.045742 0.007213 0.003563 0.148887
4 1 0.394177 0.070539 0.007079 0.000699 0.527507
4 1 0.032105 0.329527 0.042756 0.000047 0.595565
4 1 0.020009 0.255196 0.038261 0.000055 0.686479
4 1 0.017839 0.344667 0.058452 0.000054 0.578988
4 1 0.007250 0.246596 0.055264 0.000063 0.690828
4 1 0.008111 0.252500 0.058645 0.000077 0.680666
4 1 0.008687 0.249003 0.065074 0.000118 0.677118
4 1 0.021757 0.179894 0.026647 0.000076 0.771627
4 1 0.015333 0.212714 0.053949 0.000221 0.717783
4 1 0.018725 0.301166 0.086635 0.000291 0.593183
4 4 0.009553 0.238389 0.073774 0.000220 0.678064
4 4 0.017420 0.231692 0.062514 0.000282 0.688092
4 4 0.030243 0.161220 0.031128 0.000248 0.777161
4 4 0.049852 0.103827 0.013818 0.000188 0.832315
4 4 0.029595 0.217287 0.029770 0.000072 0.723276
4 4 0.054426 0.151249 0.017154 0.000100 0.777072
4 4 0.024695 0.231910 0.054319 0.000268 0.688808
4 4 0.178443 0.110152 0.007856 0.000101 0.703447
4 4 0.158029 0.081377 0.004240 0.000044 0.756310
4 4 0.087215 0.104216 0.009660 0.000114 0.798795
4 4 0.117235 0.130300 0.010855 0.000096 0.741513
4 4 0.063613 0.165099 0.016833 0.000081 0.754374
4 4 0.182613 0.085348 0.006538 0.000151 0.725351
4 4 0.386118 0.047572 0.003585 0.000384 0.562341
4 4 0.057233 0.084700 0.010240 0.000186 0.847640
4 4 0.051333 0.108836 0.012002 0.000108 0.827720
4 4 0.182760 0.083939 0.007616 0.000250 0.725435
4 4 0.178492 0.103997 0.006332 0.000066 0.711113
4 4 0.139565 0.246891 0.013613 0.000021 0.599910
4 1 0.029985 0.231760 0.018861 0.000015 0.719378
4 1 0.010107 0.300898 0.047256 0.000027 0.641711
4 1 0.010413 0.308618 0.045573 0.000023 0.635372
4 4 0.020015 0.202673 0.033932 0.000091 0.743290
4 4 0.075085 0.043433 0.003019 0.000073 0.878389
4 4 0.010873 0.232546 0.044719 0.000065 0.711797
4 4 0.017666 0.376931 0.044867 0.000018 0.560518
4 4 0.013132 0.303202 0.060617 0.000071 0.622978
4 4 0.010918 0.256658 0.076089 0.000210 0.656125
4 4 0.022016 0.158027 0.019219 0.000047 0.800690
4 4 0.019613 0.140988 0.020379 0.000075 0.818945
4 4 0.036817 0.228871 0.024955 0.000044 0.709313
4 4 0.045306 0.200145 0.021834 0.000061 0.732654
4 4 0.059003 0.130073 0.015170 0.000131 0.795624
4 4 0.049385 0.161271 0.016533 0.000065 0.772747
4 4 0.108889 0.106678 0.010140 0.000150 0.774142
4 4 0.322024 0.053518 0.004281 0.000372 0.619804
4 4 0.039272 0.120260 0.010524 0.000039 0.829904
4 4 0.068901 0.060625 0.006991 0.000241 0.863242
4 4 0.011382 0.211108 0.042745 0.000085 0.734679
4 4 0.013274 0.261808 0.049774 0.000070 0.675073
4 4 0.009150 0.128387 0.028191 0.000123 0.834149
4 4 0.029478 0.065718 0.010434 0.000247 0.894123
4 4 0.012486 0.276113 0.072872 0.000162 0.638368
4 4 0.030485 0.207933 0.027455 0.000069 0.734058
4 4 0.008056 0.247603 0.061060 0.000093 0.683189
4 4 0.010156 0.198257 0.051564 0.000164 0.739860
4 4 0.054463 0.134909 0.011236 0.000044 0.799348
4 4 0.104642 0.056239 0.004585 0.000139 0.834395
0 0 0.892944 0.027242 0.008498 0.022146 0.049170
4 1 0.130527 0.238540 0.019497 0.000065 0.611372
4 1 0.008230 0.219241 0.051286 0.000090 0.721154
4 1 0.015875 0.141926 0.020309 0.000058 0.821831
4 1 0.024340 0.330760 0.038269 0.000025 0.606606
4 1 0.006431 0.241460 0.051263 0.000049 0.700798
4 1 0.007173 0.245129 0.055451 0.000065 0.692183
4 1 0.017720 0.172418 0.035171 0.000160 0.774531
4 1 0.090499 0.357811 0.057132 0.000221 0.494337
4 1 0.017627 0.232351 0.034759 0.000052 0.715212
4 1 0.014806 0.112461 0.021360 0.000145 0.851228
4 1 0.011198 0.206365 0.049608 0.000140 0.732690
4 1 0.006617 0.117972 0.034723 0.000218 0.840471
4 1 0.097706 0.130778 0.010599 0.000074 0.760843
4 1 0.027894 0.096107 0.012068 0.000092 0.863839
4 1 0.019405 0.227113 0.063563 0.000356 0.689563
4 1 0.012182 0.233043 0.104797 0.000837 0.649141
4 2 0.002280 0.208957 0.226436 0.000322 0.562005
4 2 0.010437 0.256127 0.065591 0.000132 0.667714
4 2 0.005153 0.181113 0.078849 0.000383 0.734501
4 2 0.014462 0.212974 0.177371 0.005052 0.590141
4 2 0.025295 0.327769 0.092063 0.000341 0.554531
4 2 0.008242 0.250834 0.147160 0.000546 0.593218
4 2 0.012621 0.284566 0.149909 0.000592 0.552313
4 2 0.017301 0.205754 0.072781 0.000671 0.703493
4 2 0.007536 0.296958 0.321169 0.000569 0.373768
4 2 0.014660 0.198283 0.204283 0.006416 0.576357
4 2 0.015255 0.251458 0.108823 0.000886 0.623577
4 2 0.024459 0.227039 0.143978 0.003851 0.600673
4 2 0.007911 0.213592 0.317192 0.004150 0.457155
4 2 0.008255 0.173886 0.103671 0.001586 0.712602
4 2 0.020251 0.273920 0.074830 0.000296 0.630702
4 2 0.006181 0.278805 0.148306 0.000184 0.566524
2 2 0.003832 0.181420 0.603422 0.002795 0.208532
4 2 0.012628 0.301494 0.117209 0.000266 0.568402
4 2 0.006097 0.237592 0.225622 0.000913 0.529776
4 2 0.011829 0.209734 0.162459 0.002281 0.613697
1 2 0.197046 0.383543 0.067102 0.000520 0.351789
4 2 0.022660 0.306723 0.098253 0.000472 0.571892
1 2 0.081473 0.405057 0.145958 0.001443 0.366068
1 2 0.262950 0.376619 0.161374 0.007083 0.191973
1 2 0.023633 0.396947 0.317129 0.000581 0.261710
1 2 0.164186 0.359894 0.322801 0.011204 0.141914
4 2 0.013244 0.260091 0.250262 0.002508 0.473896
4 2 0.026437 0.348687 0.206624 0.001094 0.417158
4 2 0.008924 0.206735 0.267350 0.004956 0.512035
2 2 0.010229 0.280624 0.379037 0.001526 0.328584
2 2 0.004130 0.144423 0.752738 0.004216 0.094493
2 2 0.002997 0.160181 0.660558 0.002994 0.173270
2 2 0.001535 0.064076 0.909034 0.004104 0.021252
4 2 0.005357 0.257056 0.328890 0.000757 0.407939
2 2 0.000110 0.018759 0.975551 0.001069 0.004510
2 2 0.000356 0.037709 0.947257 0.001778 0.012899
2 2 0.001167 0.077339 0.878093 0.002857 0.040545
2 2 0.000243 0.017675 0.978076 0.001774 0.002233
2 2 0.000168 0.025090 0.963482 0.001927 0.009334
2 2 0.010207 0.173719 0.728051 0.006286 0.081737
2 2 0.000830 0.034721 0.953626 0.004040 0.006784
2 2 0.000054 0.011352 0.986057 0.000722 0.001815
2 2 0.000002 0.000288 0.995263 0.004441 0.000007
2 2 0.000077 0.003119 0.952374 0.044041 0.000389
2 2 0.000016 0.001016 0.985114 0.013811 0.000044
2 2 0.000010 0.000833 0.983788 0.015326 0.000044
2 2 0.000003 0.000278 0.968666 0.031041 0.000012
2 2 0.000005 0.000463 0.960853 0.038647 0.000032
2 2 0.000001 0.000236 0.987749 0.012005 0.000010
2 2 0.000003 0.000442 0.973481 0.026041 0.000032
2 2 0.000026 0.001456 0.883514 0.114728 0.000276
2 2 0.000004 0.000310 0.966037 0.033637 0.000012
2 2 0.000042 0.001786 0.923959 0.073992 0.000221
2 2 0.000014 0.000703 0.931235 0.067999 0.000048
2 2 0.000021 0.000801 0.858821 0.140279 0.000077
2 2 0.000036 0.001111 0.707178 0.291456 0.000220
2 2 0.000222 0.004849 0.833864 0.159941 0.001125
2 3 0.000029 0.001072 0.830607 0.168146 0.000146
3 3 0.000014 0.000361 0.484368 0.515196 0.000061
2 3 0.000020 0.000638 0.660308 0.338929 0.000105
2 3 0.000024 0.001000 0.714414 0.284324 0.000238
3 3 0.000160 0.001702 0.415666 0.582010 0.000462
3 3 0.000210 0.002144 0.298814 0.697699 0.001134
3 3 0.000065 0.000909 0.223703 0.774772 0.000551
3 3 0.000044 0.000462 0.148737 0.850529 0.000228
3 3 0.000009 0.000161 0.170853 0.828926 0.000051
3 3 0.000190 0.001861 0.134110 0.861090 0.002749
3 3 0.000127 0.001013 0.103840 0.893909 0.001111
3 3 0.000015 0.000236 0.132688 0.866932 0.000130
3 3 0.000570 0.001392 0.066113 0.929354 0.002571
3 3 0.000068 0.000394 0.075311 0.923854 0.000373
3 3 0.000197 0.001268 0.138115 0.859538 0.000883
3 3 0.000281 0.001577 0.089936 0.905780 0.002425
3 3 0.000009 0.000092 0.058424 0.941407 0.000068
3 3 0.000124 0.000361 0.044736 0.954168 0.000611
3 3 0.000144 0.000403 0.044104 0.954612 0.000736
3 3 0.000167 0.000419 0.036426 0.961964 0.001023
3 3 0.000170 0.000326 0.028640 0.969936 0.000928
3 3 0.000024 0.000109 0.043135 0.956619 0.000114
3 3 0.000170 0.000440 0.032432 0.965624 0.001334
3 3 0.000242 0.000342 0.024344 0.973889 0.001183
3 3 0.000328 0.000801 0.051276 0.945970 0.001625
3 3 0.000142 0.000579 0.056563 0.941740 0.000976
3 3 0.000412 0.000649 0.036427 0.960747 0.001764
3 3 0.000019 0.000093 0.038326 0.961454 0.000109
3 3 0.000345 0.000480 0.028554 0.969061 0.001559
3 3 0.000287 0.000546 0.038061 0.959776 0.001330
3 3 0.000077 0.000354 0.048653 0.950321 0.000595
3 3 0.000059 0.000164 0.023396 0.975895 0.000486
3 3 0.000122 0.000221 0.023842 0.975154 0.000662
3 3 0.000184 0.000401 0.037063 0.961464 0.000888
3 3 0.000082 0.000151 0.016814 0.982321 0.000631
3 3 0.000115 0.000158 0.016824 0.982282 0.000621
3 3 0.000037 0.000102 0.025635 0.974028 0.000198
3 3 0.000099 0.000150 0.017162 0.982019 0.000570
3 3 0.000128 0.000223 0.022801 0.976135 0.000713
3 3 0.000124 0.000311 0.031427 0.967331 0.000807
3 3 0.000101 0.000196 0.025642 0.973562 0.000500
3 3 0.000108 0.000165 0.020133 0.979075 0.000518
3 3 0.000373 0.000355 0.016816 0.980481 0.001975
3 3 0.000051 0.000120 0.025232 0.974344 0.000253
3 3 0.000164 0.000331 0.031377 0.967290 0.000839
3 3 0.000288 0.000394 0.023629 0.974163 0.001526
3 3 0.000179 0.000357 0.028542 0.969831 0.001090
3 3 0.000188 0.000234 0.015520 0.982789 0.001269
3 3 0.000202 0.000283 0.022877 0.975672 0.000966
3 3 0.000195 0.000187 0.014992 0.983758 0.000868
3 3 0.000138 0.000173 0.016382 0.982584 0.000723
3 3 0.000119 0.000123 0.011862 0.987229 0.000667
3 3 0.000147 0.000163 0.016930 0.982150 0.000610
3 3 0.000175 0.000194 0.015118 0.983558 0.000955
3 3 0.000108 0.000183 0.018482 0.980509 0.000718
3 3 0.000533 0.000553 0.027019 0.969953 0.001942
3 3 0.000094 0.000213 0.029130 0.970076 0.000487
3 3 0.000327 0.000343 0.017599 0.979931 0.001799
3 3 0.000258 0.000308 0.022115 0.976210 0.001109
3 3 0.000316 0.000415 0.043681 0.954961 0.000626
3 3 0.052757 0.055124 0.355457 0.509917 0.026745
