0 0 0.988991 0.003843 0.000817 0.000045 0.006304
0 0 0.992235 0.005021 0.000527 0.000018 0.002198
0 0 0.986377 0.008977 0.000982 0.000032 0.003632
0 0 0.993426 0.002059 0.000268 0.000013 0.004234
0 0 0.992863 0.003766 0.000817 0.000042 0.002513
0 0 0.970217 0.018674 0.002949 0.000165 0.007995
0 0 0.972111 0.012551 0.006094 0.000249 0.008996
0 0 0.972529 0.011018 0.004404 0.000116 0.011934
0 0 0.970306 0.011681 0.005411 0.000213 0.012390
0 0 0.946283 0.036921 0.001847 0.000044 0.014905
0 0 0.976005 0.010341 0.002302 0.000151 0.011199
0 0 0.937191 0.036998 0.007194 0.000287 0.018329
0 0 0.800572 0.142215 0.003142 0.000079 0.053992
0 0 0.932575 0.042396 0.005158 0.000177 0.019694
0 0 0.925462 0.049725 0.004048 0.000192 0.020573
0 0 0.814437 0.134273 0.002183 0.000044 0.049062
0 0 0.761297 0.168223 0.003359 0.000058 0.067063
0 0 0.647277 0.234402 0.008838 0.000165 0.109317
0 1 0.756480 0.171419 0.003796 0.000078 0.068227
0 1 0.544927 0.286040 0.013345 0.000141 0.155547
4 1 0.029215 0.258255 0.022513 0.000000 0.690017
4 4 0.024123 0.230307 0.026489 0.000001 0.719080
4 4 0.031793 0.242914 0.030165 0.000003 0.695126
4 4 0.020014 0.182454 0.021879 0.000002 0.775650
4 4 0.035998 0.248657 0.018956 0.000001 0.696387
4 4 0.032828 0.281221 0.029014 0.000001 0.656936
4 4 0.016952 0.222616 0.048132 0.000003 0.712297
4 4 0.024874 0.210051 0.024395 0.000002 0.740677
4 4 0.027495 0.167272 0.011624 0.000001 0.793607
4 4 0.022742 0.145966 0.010299 0.000001 0.820991
4 4 0.037805 0.248862 0.028489 0.000004 0.684840
4 4 0.024257 0.131829 0.015204 0.000015 0.828694
4 4 0.021927 0.240496 0.036370 0.000002 0.701205
4 4 0.027371 0.155881 0.013332 0.000004 0.803412
4 4 0.017271 0.097650 0.009072 0.000008 0.876000
4 4 0.029131 0.113470 0.010445 0.000026 0.846927
4 4 0.015708 0.061552 0.005468 0.000037 0.917235
4 4 0.018874 0.093869 0.009596 0.000019 0.877643
4 4 0.020669 0.053691 0.003085 0.000039 0.922516
4 4 0.013010 0.077246 0.008853 0.000017 0.900874
2 4 0.015074 0.289914 0.402354 0.000309 0.292349
1 4 0.016235 0.337316 0.317783 0.000055 0.328611
2 4 0.019488 0.338472 0.350088 0.000124 0.291827
2 4 0.012798 0.274623 0.451829 0.000369 0.260381
2 4 0.010918 0.326163 0.372157 0.000029 0.290732
4 4 0.012218 0.282575 0.269405 0.000063 0.435738
1 4 0.017959 0.339173 0.316963 0.000072 0.325833
2 4 0.011640 0.313094 0.454931 0.000078 0.220257
2 4 0.011672 0.316898 0.437774 0.000066 0.233590
2 4 0.003888 0.197146 0.728931 0.000097 0.069939
2 4 0.005464 0.194478 0.653637 0.000613 0.145808
2 4 0.000324 0.037092 0.959042 0.000416 0.003126
2 4 0.000010 0.006817 0.992615 0.000142 0.000415
2 4 0.000250 0.033584 0.954172 0.001881 0.010114
2 4 0.000167 0.029223 0.962213 0.000956 0.007441
2 2 0.000070 0.009811 0.979220 0.009984 0.000915
2 2 0.000140 0.021117 0.976053 0.000946 0.001744
2 2 0.000312 0.027851 0.963950 0.004306 0.003581
2 2 0.000219 0.021622 0.972559 0.003779 0.001822
2 2 0.000650 0.041804 0.930612 0.011483 0.015451
3 2 0.003213 0.002071 0.337404 0.656070 0.001243
3 2 0.002943 0.001322 0.116156 0.877125 0.002455
3 2 0.004478 0.002076 0.158514 0.832010 0.002923
3 3 0.002797 0.001368 0.182279 0.811988 0.001568
3 3 0.001884 0.000629 0.050848 0.944329 0.002310
3 3 0.069157 0.032253 0.261680 0.604959 0.031951
2 3 0.022701 0.042492 0.531365 0.381028 0.022414
3 3 0.002646 0.001573 0.148775 0.844533 0.002473
3 3 0.003254 0.002243 0.256415 0.736073 0.002015
3 3 0.003880 0.002074 0.169819 0.821409 0.002817
3 3 0.001757 0.000803 0.088622 0.906948 0.001870
3 3 0.001898 0.000758 0.085161 0.910428 0.001755
3 3 0.002602 0.001293 0.144723 0.849451 0.001930
3 3 0.001616 0.000471 0.046470 0.949698 0.001745
3 3 0.000916 0.000289 0.029528 0.967645 0.001623
3 3 0.000801 0.000180 0.016406 0.981066 0.001546
3 3 0.000775 0.000153 0.011490 0.985815 0.001766
3 3 0.000494 0.000064 0.008078 0.990548 0.000815
3 3 0.000668 0.000094 0.008054 0.989886 0.001298
3 3 0.000445 0.000065 0.008193 0.990456 0.000841
3 3 0.000520 0.000079 0.006359 0.991686 0.001357
3 3 0.000431 0.000083 0.009714 0.988742 0.001030
3 3 0.000161 0.000013 0.001689 0.997639 0.000498
3 3 0.000467 0.000056 0.004015 0.994188 0.001274
3 3 0.000480 0.000116 0.020614 0.978037 0.000754
3 3 0.001026 0.000104 0.004136 0.992456 0.002278
3 3 0.000365 0.000076 0.008534 0.989946 0.001078
3 3 0.000647 0.000058 0.003589 0.994386 0.001319
3 3 0.000396 0.000041 0.003742 0.994899 0.000922
3 3 0.000256 0.000026 0.002917 0.996078 0.000723
3 3 0.000250 0.000023 0.002754 0.996318 0.000655
3 3 0.000187 0.000010 0.001222 0.998129 0.000451
3 3 0.000128 0.000013 0.002290 0.997128 0.000440
3 3 0.000153 0.000020 0.003878 0.995498 0.000450
3 3 0.000234 0.000011 0.001125 0.998140 0.000489
3 3 0.000092 0.000004 0.000813 0.998863 0.000227
3 3 0.000164 0.000012 0.001810 0.997581 0.000433
3 3 0.000136 0.000013 0.002260 0.997188 0.000404
3 3 0.000404 0.000039 0.003320 0.995280 0.000957
3 3 0.000217 0.000008 0.000789 0.998532 0.000455
3 3 0.000996 0.000160 0.011474 0.985622 0.001748
3 3 0.000849 0.000172 0.017140 0.980483 0.001356
3 3 0.003004 0.000521 0.035679 0.958600 0.002196
3 3 0.004404 0.001346 0.045537 0.942698 0.006016
3 3 0.010141 0.017422 0.406831 0.551654 0.013951
3 3 0.022388 0.029857 0.379299 0.543052 0.025405
2 3 0.009593 0.013938 0.573115 0.397823 0.005531
2 3 0.016943 0.034963 0.719027 0.220466 0.008600
2 3 0.010853 0.018489 0.524300 0.436853 0.009505
2 2 0.008659 0.046562 0.880395 0.059100 0.005284
2 2 0.014263 0.025941 0.493025 0.451129 0.015643
0 0 0.795571 0.074379 0.074353 0.006514 0.049183
1 0 0.158882 0.427469 0.294763 0.006999 0.111888
1 1 0.230826 0.411866 0.244878 0.007022 0.105409
2 1 0.049393 0.255290 0.574568 0.036034 0.084716
2 1 0.079942 0.346166 0.449734 0.012626 0.111532
2 1 0.013426 0.115535 0.790011 0.064139 0.016888
2 2 0.041694 0.226827 0.619985 0.047368 0.064125
2 2 0.102043 0.352084 0.402311 0.018487 0.125075
2 2 0.086420 0.359590 0.408805 0.010480 0.134705
2 2 0.025509 0.233340 0.674224 0.009810 0.057117
2 2 0.000779 0.063437 0.929132 0.000317 0.006334
2 2 0.002325 0.072289 0.914883 0.004414 0.006088
2 2 0.001708 0.102203 0.880426 0.000296 0.015366
2 2 0.000126 0.003063 0.959468 0.037158 0.000185
2 2 0.000176 0.025328 0.972690 0.000374 0.001432
2 2 0.002194 0.075054 0.910600 0.003607 0.008545
2 2 0.000136 0.006776 0.983647 0.009268 0.000173
2 2 0.000128 0.005981 0.984310 0.009432 0.000149
2 2 0.005407 0.158393 0.797284 0.001019 0.037897
2 2 0.001356 0.022594 0.952711 0.021911 0.001428
2 2 0.001745 0.032835 0.939165 0.024011 0.002244
2 2 0.000504 0.021794 0.970544 0.006046 0.001112
2 2 0.003013 0.067987 0.907009 0.015500 0.006492
2 2 0.006427 0.047253 0.824769 0.112682 0.008869
2 2 0.003094 0.035689 0.886119 0.070484 0.004614
2 2 0.004332 0.019248 0.802510 0.169976 0.003933
2 2 0.006107 0.099828 0.866198 0.014030 0.013837
2 2 0.011782 0.067312 0.795018 0.113052 0.012836
2 2 0.007303 0.033151 0.634584 0.309451 0.015511
3 2 0.007175 0.006831 0.256443 0.721673 0.007879
3 2 0.006452 0.005168 0.326759 0.657683 0.003938
3 2 0.008157 0.007176 0.293504 0.684358 0.006805
2 2 0.005021 0.008160 0.518647 0.464282 0.003889
3 2 0.002092 0.001347 0.132717 0.861431 0.002413
3 3 0.002157 0.000851 0.087423 0.907627 0.001942
3 3 0.003963 0.003145 0.142584 0.844058 0.006249
3 3 0.000828 0.000433 0.103200 0.894726 0.000813
3 3 0.005845 0.004261 0.151423 0.830446 0.008025
3 3 0.001359 0.000480 0.041376 0.954651 0.002134
3 3 0.004286 0.001849 0.072906 0.915081 0.005878
3 3 0.000939 0.000265 0.028816 0.968518 0.001462
3 3 0.001454 0.000517 0.032768 0.962300 0.002960
3 3 0.001353 0.000683 0.048288 0.946638 0.003039
3 3 0.001313 0.000551 0.048040 0.947842 0.002255
3 3 0.001142 0.000443 0.044444 0.952113 0.001859
3 3 0.000887 0.000308 0.027162 0.969679 0.001964
3 3 0.001101 0.000491 0.042396 0.953720 0.002292
3 3 0.000629 0.000208 0.021736 0.975880 0.001547
3 3 0.001467 0.000459 0.035509 0.960279 0.002286
3 3 0.001032 0.000169 0.011687 0.985269 0.001843
3 3 0.000749 0.000120 0.009931 0.987757 0.001443
3 3 0.000863 0.000133 0.007507 0.989362 0.002135
3 3 0.000389 0.000051 0.006425 0.992352 0.000783
3 3 0.000707 0.000036 0.002227 0.996048 0.000982
3 3 0.000318 0.000058 0.007742 0.991042 0.000839
3 3 0.000268 0.000031 0.003947 0.995064 0.000690
3 3 0.000351 0.000028 0.002656 0.996172 0.000793
3 3 0.000647 0.000031 0.001830 0.996512 0.000979
3 3 0.000248 0.000023 0.003729 0.995523 0.000477
3 3 0.000339 0.000026 0.003167 0.995870 0.000598
3 3 0.000400 0.000013 0.000895 0.998084 0.000608
3 3 0.000112 0.000009 0.002236 0.997394 0.000249
3 3 0.000267 0.000008 0.000752 0.998575 0.000398
3 3 0.000307 0.000007 0.000566 0.998721 0.000398
3 3 0.000465 0.000033 0.002622 0.995965 0.000914
3 3 0.000440 0.000030 0.002288 0.996386 0.000857
3 3 0.000458 0.000025 0.001944 0.996789 0.000785
3 3 0.000371 0.000021 0.001910 0.997022 0.000676
3 3 0.000314 0.000011 0.000946 0.998258 0.000472
3 3 0.000485 0.000012 0.000786 0.998182 0.000534
3 3 0.001672 0.000073 0.002103 0.994338 0.001813
3 3 0.000713 0.000023 0.001093 0.997336 0.000835
3 3 0.000574 0.000021 0.001276 0.997398 0.000731
3 3 0.000883 0.000038 0.002166 0.995943 0.000971
3 3 0.000869 0.000048 0.002460 0.995355 0.001268
3 3 0.000450 0.000010 0.000752 0.998361 0.000428
3 3 0.000457 0.000016 0.001071 0.997827 0.000630
3 3 0.000711 0.000019 0.000903 0.997608 0.000759
3 3 0.000833 0.000034 0.001800 0.996347 0.000986
3 3 0.000822 0.000018 0.000790 0.997656 0.000713
3 3 0.000626 0.000018 0.000830 0.997770 0.000756
3 3 0.001121 0.000077 0.004521 0.992938 0.001343
3 3 0.000504 0.000008 0.000488 0.998614 0.000386
3 3 0.000525 0.000019 0.001264 0.997504 0.000689
3 3 0.000901 0.000047 0.002396 0.995431 0.001226
3 3 0.000539 0.000054 0.003977 0.994258 0.001172
3 3 0.000536 0.000021 0.001397 0.997311 0.000735
3 3 0.000785 0.000022 0.000986 0.997370 0.000836
3 3 0.000578 0.000016 0.000890 0.997852 0.000664
3 3 0.000635 0.000023 0.001479 0.997123 0.000740
3 3 0.000909 0.000027 0.001159 0.997008 0.000897
3 3 0.000700 0.000017 0.001025 0.997688 0.000572
3 3 0.000742 0.000027 0.001513 0.996870 0.000848
3 3 0.000859 0.000025 0.001097 0.997137 0.000882
3 3 0.000527 0.000008 0.000465 0.998595 0.000405
3 3 0.001338 0.000085 0.003516 0.993275 0.001785
3 3 0.001016 0.000039 0.001707 0.996108 0.001129
3 3 0.000767 0.000017 0.000767 0.997775 0.000674
3 3 0.000512 0.000012 0.000753 0.998206 0.000517
3 3 0.000826 0.000017 0.000760 0.997724 0.000672
3 3 0.000930 0.000025 0.001103 0.997111 0.000831
3 3 0.000510 0.000011 0.000606 0.998346 0.000527
3 3 0.000847 0.000025 0.001142 0.997122 0.000864
3 3 0.000739 0.000017 0.000804 0.997742 0.000698
3 3 0.000971 0.000029 0.001347 0.996784 0.000869
3 3 0.000773 0.000023 0.001169 0.997239 0.000797
3 3 0.000936 0.000041 0.001898 0.995974 0.001151
3 3 0.000843 0.000035 0.001526 0.996477 0.001120
3 3 0.000584 0.000020 0.001415 0.997305 0.000676
3 3 0.000460 0.000021 0.001235 0.997458 0.000827
3 3 0.000570 0.000025 0.001575 0.997012 0.000818
3 3 0.000439 0.000016 0.001150 0.997741 0.000653
3 3 0.000439 0.000015 0.000978 0.997914 0.000653
3 3 0.000222 0.000006 0.000582 0.998799 0.000390
3 3 0.000355 0.000029 0.002825 0.996051 0.000740
3 3 0.000215 0.000005 0.000571 0.998923 0.000286
3 3 0.000226 0.000009 0.001035 0.998330 0.000400
3 3 0.000596 0.000029 0.001724 0.996680 0.000970
3 3 0.000552 0.000020 0.001401 0.997349 0.000678
3 3 0.000544 0.000022 0.001373 0.997264 0.000796
3 3 0.000459 0.000011 0.000654 0.998339 0.000536
3 3 0.000502 0.000020 0.001252 0.997481 0.000744
3 3 0.000367 0.000014 0.000911 0.998065 0.000642
3 3 0.000460 0.000014 0.000858 0.998072 0.000596
3 3 0.000480 0.000029 0.001890 0.996611 0.000989
3 3 0.000368 0.000015 0.001109 0.997894 0.000615
3 3 0.001018 0.000045 0.001846 0.995819 0.001272
3 3 0.000423 0.000018 0.001359 0.997523 0.000677
3 3 0.000299 0.000009 0.000879 0.998428 0.000386
3 3 0.000942 0.000025 0.001406 0.996905 0.000722
3 3 0.003745 0.000196 0.004769 0.988466 0.002826
3 3 0.000865 0.000020 0.001084 0.997406 0.000626
3 3 0.002090 0.000073 0.002261 0.994021 0.001556
3 3 0.001619 0.000065 0.002508 0.994389 0.001419
3 3 0.001838 0.000067 0.002078 0.994461 0.001557
3 3 0.001552 0.000045 0.001678 0.995613 0.001112
3 3 0.001783 0.000096 0.003646 0.992666 0.001809
3 3 0.002671 0.000091 0.002482 0.992981 0.001774
3 3 0.001550 0.000053 0.001842 0.995240 0.001316
3 3 0.001627 0.000047 0.001711 0.995458 0.001158
3 3 0.003240 0.000154 0.003924 0.990199 0.002483
3 3 0.001313 0.000044 0.001804 0.995728 0.001113
3 3 0.000917 0.000021 0.001082 0.997309 0.000671
3 3 0.010507 0.002171 0.034439 0.940685 0.012198
3 3 0.025863 0.012098 0.154119 0.786062 0.021858
2 3 0.195709 0.113700 0.457157 0.191899 0.041535
2 3 0.071734 0.152332 0.487580 0.219187 0.069166
3 3 0.051866 0.011702 0.143162 0.744705 0.048565
2 0 0.234682 0.159452 0.477320 0.080759 0.047787
0 0 0.537197 0.192120 0.084174 0.003349 0.183160
0 0 0.837331 0.072950 0.018660 0.000790 0.070269
0 0 0.432929 0.334950 0.028500 0.000408 0.203213
2 1 0.023700 0.206077 0.725987 0.014025 0.030211
2 1 0.023933 0.272537 0.588901 0.002974 0.111656
4 1 0.041688 0.347806 0.226471 0.000333 0.383703
4 4 0.078552 0.314969 0.082048 0.000249 0.524181
4 4 0.043495 0.287844 0.153790 0.000531 0.514340
4 4 0.056703 0.349396 0.216384 0.000741 0.376776
4 4 0.052049 0.334900 0.155269 0.000268 0.457514
4 4 0.044766 0.327466 0.150632 0.000176 0.476960
4 4 0.029236 0.237887 0.130850 0.000397 0.601630
4 4 0.051957 0.308820 0.164575 0.000657 0.473990
4 4 0.031957 0.273390 0.133165 0.000175 0.561313
4 4 0.043697 0.290656 0.153771 0.000495 0.511382
4 4 0.021651 0.184514 0.081137 0.000229 0.712470
4 4 0.032796 0.282014 0.125772 0.000122 0.559295
1 4 0.073488 0.351694 0.226344 0.001818 0.346657
4 4 0.042843 0.325477 0.147689 0.000150 0.483840
4 4 0.034420 0.283831 0.125458 0.000137 0.556154
2 4 0.013715 0.312935 0.465155 0.000138 0.208058
2 4 0.019533 0.306982 0.499386 0.000553 0.173546
2 0 0.054130 0.387811 0.434301 0.001613 0.122145
2 1 0.003859 0.182802 0.755274 0.000152 0.057913
2 1 0.000541 0.060900 0.930634 0.000152 0.007773
2 1 0.008015 0.244705 0.642003 0.000219 0.105059
2 1 0.007618 0.257218 0.611927 0.000128 0.123110
2 1 0.012645 0.330343 0.357305 0.000039 0.299668
2 1 0.012537 0.318951 0.433189 0.000078 0.235246
2 1 0.006931 0.250552 0.625778 0.000115 0.116624
2 1 0.014227 0.333692 0.342290 0.000047 0.309743
2 1 0.016994 0.332916 0.379362 0.000111 0.270618
2 1 0.004624 0.230619 0.662882 0.000058 0.101816
2 1 0.001255 0.090369 0.893601 0.000243 0.014532
2 1 0.011423 0.311013 0.462575 0.000079 0.214909
2 1 0.011141 0.325539 0.380804 0.000034 0.282483
2 1 0.015041 0.333668 0.355045 0.000062 0.296184
2 1 0.003534 0.223539 0.673057 0.000031 0.099839
2 1 0.003889 0.207673 0.708344 0.000069 0.080024
2 2 0.000734 0.101967 0.875797 0.000024 0.021478
2 2 0.018426 0.338072 0.495340 0.000213 0.147950
2 2 0.004307 0.160040 0.794314 0.000474 0.040865
2 2 0.148963 0.342975 0.351998 0.003244 0.152820
0 0 0.605225 0.211652 0.049234 0.001141 0.132748
1 0 0.206478 0.483196 0.128126 0.000586 0.181614
2 1 0.054574 0.396726 0.401217 0.001238 0.146246
2 1 0.009474 0.222516 0.719087 0.000588 0.048336
2 2 0.002577 0.096890 0.890812 0.001094 0.008626
2 2 0.002685 0.156204 0.798052 0.000125 0.042934
2 2 0.008330 0.223003 0.745235 0.000253 0.023179
2 2 0.006689 0.171023 0.801725 0.000789 0.019774
2 2 0.010148 0.217454 0.724106 0.000862 0.047430
2 2 0.003639 0.158904 0.803784 0.000258 0.033416
2 2 0.004684 0.165216 0.807907 0.000341 0.021853
2 2 0.004680 0.172493 0.796608 0.000278 0.025940
2 2 0.028359 0.316720 0.594159 0.001281 0.059481
2 2 0.014119 0.232151 0.694628 0.001647 0.057455
2 2 0.003933 0.138730 0.839766 0.000569 0.017001
2 2 0.005394 0.170326 0.792878 0.000535 0.030868
2 2 0.005413 0.157679 0.822339 0.000569 0.013999
1 2 0.245447 0.355980 0.300160 0.013916 0.084498
1 2 0.275949 0.436450 0.156844 0.004506 0.126251
2 2 0.172761 0.233301 0.512623 0.030757 0.050558
0 0 0.790432 0.104797 0.041579 0.003181 0.060011
0 0 0.703488 0.192111 0.016042 0.000961 0.087398
0 0 0.968085 0.005724 0.003326 0.000655 0.022210
0 0 0.961256 0.007030 0.002418 0.000166 0.029131
0 0 0.983286 0.005325 0.002638 0.000109 0.008641
0 0 0.983809 0.004375 0.002129 0.000115 0.009572
0 0 0.979351 0.006002 0.003289 0.000252 0.011105
0 0 0.973457 0.007926 0.003594 0.000145 0.014879
0 0 0.959792 0.018224 0.011257 0.000860 0.009866
0 0 0.683423 0.214174 0.006508 0.000111 0.095783
0 0 0.667795 0.223594 0.009241 0.000270 0.099101
0 1 0.463668 0.369677 0.056339 0.001824 0.108492
0 1 0.642904 0.237201 0.010955 0.000314 0.108626
0 1 0.616007 0.254875 0.015651 0.000610 0.112856
0 1 0.530951 0.330191 0.035917 0.001175 0.101766
1 1 0.339013 0.433395 0.123580 0.003212 0.100801
1 1 0.168641 0.469007 0.294165 0.003131 0.065057
2 1 0.000714 0.049237 0.947379 0.000586 0.002084
2 1 0.004124 0.112865 0.875660 0.001365 0.005986
2 1 0.007366 0.154606 0.826717 0.001397 0.009914
2 1 0.007290 0.131762 0.848554 0.003755 0.008638
2 1 0.001197 0.037086 0.956844 0.003624 0.001250
2 2 0.000600 0.015914 0.964209 0.018576 0.000700
2 2 0.000727 0.048045 0.949180 0.000569 0.001479
2 2 0.000997 0.051274 0.942882 0.001750 0.003097
2 2 0.004780 0.113499 0.867748 0.003164 0.010809
2 2 0.000600 0.045529 0.950564 0.000663 0.002644
2 2 0.009963 0.150582 0.816573 0.006188 0.016694
2 2 0.002601 0.085063 0.907098 0.001512 0.003726
2 2 0.012042 0.144040 0.819353 0.007087 0.017478
2 2 0.004133 0.052636 0.919404 0.017960 0.005867
2 2 0.003733 0.059797 0.910950 0.021038 0.004482
2 2 0.003153 0.072278 0.907585 0.010289 0.006695
2 2 0.027593 0.229471 0.674371 0.013713 0.054852
2 2 0.105879 0.393920 0.467383 0.005626 0.027192
2 2 0.037108 0.184271 0.741737 0.016745 0.020139
2 2 0.010321 0.035545 0.718932 0.224784 0.010417
2 2 0.000698 0.015942 0.947192 0.035003 0.001164
2 2 0.015585 0.093766 0.835355 0.044615 0.010679
2 2 0.004026 0.111586 0.865350 0.002698 0.016341
2 2 0.000204 0.020988 0.976372 0.001506 0.000930
2 2 0.000117 0.008114 0.984016 0.007554 0.000198
2 2 0.000555 0.036524 0.959302 0.001727 0.001891
2 2 0.000341 0.023160 0.970987 0.004485 0.001026
2 2 0.001947 0.057274 0.925979 0.009906 0.004894
2 2 0.000799 0.043306 0.949980 0.002679 0.003236
2 2 0.000793 0.024776 0.965222 0.007708 0.001500
2 2 0.006891 0.108170 0.852693 0.017076 0.015170
2 2 0.000749 0.042377 0.952996 0.001818 0.002060
2 2 0.002569 0.081136 0.902592 0.003904 0.009798
2 2 0.001328 0.048661 0.940376 0.005761 0.003874
2 2 0.002683 0.037785 0.913507 0.040818 0.005207
2 2 0.010408 0.098659 0.848387 0.030040 0.012506
2 2 0.002606 0.043450 0.928813 0.021444 0.003687
2 2 0.004046 0.030849 0.759066 0.196504 0.009535
2 2 0.001642 0.048133 0.932668 0.014055 0.003502
2 2 0.000831 0.021836 0.956048 0.020198 0.001087
2 2 0.002325 0.040004 0.915722 0.038058 0.003892
2 2 0.001101 0.017784 0.929845 0.049644 0.001626
2 2 0.000641 0.006289 0.927178 0.065357 0.000534
2 2 0.002244 0.006524 0.705514 0.283973 0.001745
2 2 0.003150 0.056342 0.916660 0.018484 0.005363
2 2 0.002474 0.020875 0.928297 0.046825 0.001529
2 2 0.001458 0.006453 0.824525 0.166495 0.001068
2 2 0.003598 0.033104 0.892479 0.067060 0.003760
2 2 0.003521 0.017292 0.808596 0.167084 0.003507
2 2 0.004597 0.040911 0.898324 0.052340 0.003828
2 2 0.001436 0.013632 0.941049 0.042992 0.000891
2 2 0.000576 0.008442 0.943269 0.047082 0.000631
2 2 0.001102 0.009571 0.894654 0.093504 0.001170
2 2 0.003782 0.015111 0.776417 0.201255 0.003436
2 2 0.002047 0.007804 0.628681 0.358289 0.003179
2 2 0.001055 0.005848 0.845169 0.147031 0.000897
2 2 0.001346 0.015180 0.907430 0.074296 0.001749
3 2 0.002011 0.005808 0.489044 0.499603 0.003534
2 2 0.006565 0.045081 0.748143 0.186345 0.013866
2 2 0.021436 0.051325 0.780886 0.137688 0.008665
2 2 0.001511 0.016521 0.860251 0.118725 0.002992
2 2 0.000685 0.009961 0.886085 0.101715 0.001553
2 2 0.001039 0.016074 0.954062 0.027968 0.000858
2 2 0.001790 0.034854 0.935736 0.025123 0.002497
2 2 0.002427 0.018139 0.736741 0.236498 0.006195
2 2 0.001072 0.041256 0.932072 0.020192 0.005408
2 2 0.001435 0.036042 0.934833 0.024943 0.002747
2 2 0.001490 0.039027 0.899120 0.054718 0.005644
2 2 0.006459 0.028356 0.714597 0.241348 0.009239
2 2 0.004627 0.094925 0.872323 0.013190 0.014936
2 2 0.003863 0.070318 0.833919 0.074089 0.017812
2 2 0.005280 0.052864 0.873384 0.056871 0.011602
2 2 0.003950 0.045289 0.874110 0.068874 0.007778
2 2 0.001718 0.022135 0.880515 0.092158 0.003475
3 2 0.006280 0.015895 0.431378 0.533492 0.012955
2 2 0.005856 0.022469 0.622822 0.338503 0.010350
2 2 0.002356 0.018805 0.900488 0.076276 0.002075
2 2 0.002827 0.015729 0.627624 0.346046 0.007774
2 2 0.008732 0.037258 0.633416 0.303437 0.017157
2 2 0.002305 0.007000 0.693374 0.295304 0.002016
2 2 0.004831 0.058697 0.895585 0.034873 0.006015
2 2 0.001472 0.017529 0.887538 0.090917 0.002544
2 2 0.001911 0.014768 0.932855 0.049425 0.001041
2 2 0.001383 0.018186 0.946782 0.032570 0.001078
2 2 0.005281 0.079421 0.870632 0.036421 0.008246
2 2 0.001567 0.007316 0.663636 0.324744 0.002737
2 2 0.001699 0.023480 0.927383 0.045451 0.001987
2 2 0.000541 0.012234 0.949837 0.036504 0.000885
2 2 0.001907 0.012960 0.858456 0.124633 0.002044
2 2 0.000445 0.011323 0.970187 0.017601 0.000444
2 2 0.005940 0.053803 0.877536 0.056925 0.005796
2 2 0.020600 0.059515 0.787782 0.122443 0.009660
2 2 0.011520 0.115553 0.824486 0.038608 0.009833
2 2 0.002910 0.008880 0.785300 0.201214 0.001696
2 2 0.003191 0.011639 0.692966 0.288450 0.003755
2 2 0.000419 0.009527 0.971305 0.018385 0.000364
2 2 0.000412 0.013058 0.970586 0.015444 0.000500
2 2 0.000446 0.009082 0.970375 0.019743 0.000354
2 2 0.000980 0.006772 0.861962 0.129286 0.000999
2 2 0.000212 0.006102 0.979782 0.013723 0.000181
2 2 0.002474 0.064046 0.915938 0.011613 0.005929
2 2 0.001701 0.061130 0.927598 0.004393 0.005178
2 2 0.000627 0.035843 0.958124 0.003210 0.002195
2 2 0.000747 0.022402 0.955308 0.020218 0.001325
2 2 0.002778 0.025291 0.923713 0.046276 0.001942
2 2 0.001683 0.035962 0.914631 0.044064 0.003661
2 2 0.000485 0.034917 0.960622 0.001701 0.002275
2 2 0.001469 0.004508 0.496756 0.494641 0.002626
2 2 0.008264 0.074597 0.807224 0.095703 0.014212
2 2 0.021837 0.083210 0.843753 0.039143 0.012056
2 2 0.002833 0.089929 0.892128 0.003079 0.012030
2 2 0.000237 0.017277 0.975704 0.006184 0.000598
2 2 0.000678 0.010174 0.906939 0.080915 0.001294
2 2 0.000260 0.001764 0.807116 0.190547 0.000313
2 2 0.007008 0.045862 0.882698 0.059094 0.005337
2 2 0.003372 0.047639 0.819885 0.117703 0.011401
2 2 0.006817 0.058767 0.870034 0.057789 0.006593
2 2 0.016764 0.221549 0.689430 0.004284 0.067972
2 2 0.017594 0.243647 0.649543 0.002631 0.086585
2 1 0.007143 0.144086 0.816063 0.004105 0.028603
4 1 0.014520 0.201589 0.081678 0.000026 0.702187
4 4 0.019861 0.182099 0.060548 0.000068 0.737424
4 4 0.027767 0.186316 0.057168 0.000156 0.728593
4 4 0.035532 0.159825 0.016705 0.000018 0.787920
4 4 0.012254 0.084246 0.021266 0.000155 0.882079
4 4 0.018838 0.107020 0.015016 0.000032 0.859094
4 4 0.026460 0.265292 0.067650 0.000012 0.640585
4 4 0.012982 0.074016 0.017268 0.000258 0.895477
4 4 0.007959 0.061134 0.013767 0.000088 0.917052
4 4 0.020126 0.111758 0.018086 0.000055 0.849976
4 4 0.013238 0.086361 0.017258 0.000080 0.883063
4 4 0.028997 0.165931 0.034851 0.000084 0.770136
4 4 0.049953 0.235386 0.025695 0.000011 0.688955
4 4 0.033594 0.199155 0.026809 0.000013 0.740429
4 4 0.036570 0.211789 0.032146 0.000019 0.719475
4 4 0.027478 0.209484 0.041420 0.000018 0.721600
4 4 0.031621 0.271972 0.052083 0.000008 0.644316
4 4 0.022341 0.135383 0.019821 0.000023 0.822431
4 4 0.023304 0.134108 0.014944 0.000011 0.827634
4 4 0.007938 0.053653 0.008653 0.000047 0.929709
4 4 0.062461 0.353259 0.100153 0.000078 0.484049
4 4 0.026693 0.301008 0.118445 0.000027 0.553826
4 4 0.044828 0.332480 0.117271 0.000070 0.505350
4 4 0.030263 0.201087 0.084132 0.000426 0.684093
4 4 0.012601 0.131897 0.056190 0.000141 0.799171
4 4 0.056395 0.341882 0.117509 0.000123 0.484091
4 4 0.046335 0.230815 0.068978 0.000315 0.653558
4 4 0.033629 0.178840 0.050314 0.000281 0.736936
4 4 0.029316 0.275882 0.115275 0.000074 0.579453
4 4 0.031737 0.310497 0.128604 0.000050 0.529112
4 4 0.122306 0.385069 0.079344 0.000159 0.413122
4 4 0.150656 0.391598 0.053819 0.000072 0.403855
4 4 0.032605 0.311928 0.130244 0.000055 0.525168
1 4 0.017691 0.338035 0.335345 0.000082 0.308848
2 4 0.008132 0.274727 0.568247 0.000092 0.148802
2 2 0.007581 0.252587 0.622921 0.000145 0.116767
2 2 0.013501 0.295153 0.525296 0.000247 0.165803
2 2 0.009859 0.247192 0.639725 0.000391 0.102834
2 2 0.003314 0.160824 0.791783 0.000204 0.043875
2 2 0.005068 0.202485 0.721889 0.000188 0.070371
2 2 0.001136 0.082978 0.909649 0.000172 0.006065
2 2 0.001869 0.105828 0.880499 0.000258 0.011546
2 2 0.000380 0.037478 0.959918 0.000413 0.001810
2 2 0.000887 0.072432 0.916785 0.000266 0.009629
2 2 0.000276 0.042098 0.954568 0.000096 0.002962
2 2 0.000242 0.033624 0.963449 0.000241 0.002443
2 2 0.000384 0.058110 0.935273 0.000056 0.006177
2 2 0.001410 0.107069 0.878558 0.000103 0.012861
2 2 0.000346 0.047867 0.946845 0.000122 0.004821
2 2 0.000566 0.057996 0.936567 0.000166 0.004706
1 2 0.122909 0.417424 0.386447 0.006246 0.066973
2 0 0.052220 0.289532 0.618086 0.004441 0.035721
2 0 0.099802 0.422382 0.429808 0.003178 0.044830
2 0 0.000525 0.058529 0.936370 0.000117 0.004458
2 1 0.000162 0.027342 0.970582 0.000197 0.001717
2 1 0.001147 0.074420 0.920641 0.000253 0.003538
2 1 0.001361 0.092455 0.898556 0.000172 0.007456
2 2 0.000663 0.069206 0.924731 0.000092 0.005308
2 2 0.001628 0.099492 0.887509 0.000245 0.011126
2 2 0.001871 0.104143 0.886837 0.000204 0.006945
2 2 0.000255 0.030557 0.966759 0.000460 0.001968
2 2 0.000232 0.036376 0.960513 0.000136 0.002743
2 2 0.000460 0.054806 0.940002 0.000121 0.004611
2 2 0.000872 0.075749 0.915513 0.000159 0.007706
2 2 0.001155 0.083266 0.902944 0.000290 0.012346
2 2 0.001054 0.071544 0.923553 0.000253 0.003596
2 2 0.001125 0.069142 0.920774 0.000705 0.008254
2 2 0.000596 0.053069 0.941724 0.000330 0.004282
2 2 0.049924 0.302895 0.611989 0.006952 0.028241
2 2 0.000486 0.038114 0.958106 0.000979 0.002316
2 2 0.000086 0.021291 0.977424 0.000093 0.001106
2 2 0.000181 0.026144 0.971805 0.000347 0.001523
2 2 0.000173 0.031072 0.966405 0.000127 0.002222
2 2 0.000098 0.023631 0.974750 0.000090 0.001431
2 2 0.000653 0.049936 0.939817 0.001510 0.008084
2 2 0.000165 0.026650 0.971329 0.000237 0.001619
2 2 0.000427 0.038712 0.957263 0.000682 0.002916
2 2 0.000927 0.034873 0.954271 0.006542 0.003388
2 2 0.000818 0.071201 0.917829 0.000241 0.009912
2 2 0.000090 0.015871 0.982889 0.000509 0.000642
2 2 0.000845 0.015046 0.911923 0.069564 0.002622
2 2 0.000858 0.048188 0.924496 0.011325 0.015133
2 2 0.000610 0.021813 0.934930 0.039872 0.002775
2 2 0.001794 0.034749 0.909145 0.047112 0.007199
2 2 0.000814 0.013114 0.890348 0.093009 0.002714
2 2 0.002029 0.031330 0.803387 0.153845 0.009409
2 2 0.000078 0.013125 0.983901 0.002049 0.000848
2 2 0.000706 0.035819 0.946680 0.012274 0.004521
2 2 0.001049 0.009916 0.825252 0.161633 0.002151
2 2 0.000848 0.036329 0.878759 0.070445 0.013619
2 2 0.000363 0.019158 0.961060 0.017397 0.002021
2 2 0.000895 0.017672 0.927959 0.050346 0.003128
2 2 0.000555 0.013763 0.790631 0.190015 0.005036
2 2 0.001556 0.012212 0.692682 0.288535 0.005015
2 2 0.001475 0.050304 0.891480 0.032684 0.024057
2 2 0.000352 0.014820 0.953540 0.029227 0.002062
2 2 0.000380 0.005675 0.805427 0.187011 0.001507
2 2 0.001439 0.028984 0.858856 0.104528 0.006193
2 2 0.001498 0.010872 0.711579 0.272083 0.003969
2 2 0.000692 0.009529 0.752054 0.232978 0.004746
3 2 0.002119 0.004139 0.243969 0.743834 0.005940
3 2 0.005998 0.008072 0.373368 0.606261 0.006301
3 2 0.005346 0.005900 0.301879 0.681237 0.005638
3 2 0.001337 0.000774 0.116371 0.880085 0.001434
3 2 0.003346 0.004188 0.251154 0.736248 0.005064
3 2 0.001444 0.000816 0.105633 0.890427 0.001681
3 2 0.001617 0.001100 0.091691 0.902671 0.002921
3 2 0.001291 0.001191 0.142877 0.852489 0.002153
3 2 0.001094 0.000663 0.109712 0.887233 0.001298
3 2 0.001733 0.000980 0.081759 0.912788 0.002738
3 2 0.001170 0.000588 0.044641 0.950832 0.002769
3 3 0.003388 0.002735 0.229010 0.761808 0.003060
2 3 0.001550 0.003408 0.539477 0.454092 0.001473
3 3 0.001573 0.002152 0.378580 0.616311 0.001383
3 3 0.002129 0.002892 0.338116 0.654580 0.002283
3 3 0.001044 0.001206 0.230703 0.765721 0.001326
3 3 0.004379 0.004951 0.240687 0.743721 0.006262
3 2 0.001488 0.001260 0.230280 0.765702 0.001270
3 2 0.001450 0.000875 0.087206 0.908184 0.002286
2 0 0.069498 0.056097 0.580295 0.277381 0.016730
2 0 0.020946 0.225585 0.720145 0.004872 0.028450
2 1 0.001408 0.057638 0.931527 0.003846 0.005581
2 2 0.000119 0.013599 0.980111 0.005422 0.000750
2 2 0.002967 0.080723 0.886748 0.012916 0.016646
2 2 0.000150 0.018603 0.979410 0.001067 0.000770
2 2 0.000359 0.029383 0.966978 0.001599 0.001681
2 2 0.001448 0.077575 0.908069 0.001056 0.011852
2 2 0.000107 0.019001 0.979687 0.000337 0.000868
2 2 0.000719 0.047675 0.947264 0.001029 0.003312
2 2 0.013921 0.131364 0.813013 0.013673 0.028029
2 2 0.088697 0.376094 0.481968 0.006971 0.046270
2 2 0.000164 0.026972 0.970981 0.000220 0.001663
2 2 0.000040 0.007279 0.989119 0.003344 0.000218
2 2 0.000172 0.029154 0.968863 0.000153 0.001659
2 2 0.000229 0.026243 0.971367 0.000704 0.001458
2 2 0.000354 0.038346 0.958181 0.000378 0.002741
2 2 0.000204 0.026313 0.971496 0.000483 0.001504
2 2 0.000441 0.044513 0.950767 0.000372 0.003908
2 2 0.000503 0.019829 0.971229 0.007440 0.001000
2 2 0.000328 0.044620 0.950711 0.000147 0.004194
2 2 0.000548 0.048404 0.948196 0.000318 0.002533
2 2 0.000223 0.029298 0.968510 0.000339 0.001630
2 2 0.001574 0.046428 0.939115 0.009213 0.003669
2 2 0.001863 0.084105 0.901466 0.001207 0.011359
2 2 0.001010 0.048206 0.943850 0.003154 0.003781
2 2 0.000947 0.050453 0.942185 0.002086 0.004329
2 2 0.000898 0.049864 0.945151 0.001366 0.002722
2 2 0.000470 0.044418 0.950817 0.000460 0.003834
2 2 0.001195 0.027715 0.959817 0.009810 0.001464
2 2 0.000875 0.048730 0.945509 0.001654 0.003232
2 2 0.000211 0.023060 0.974642 0.001008 0.001080
2 2 0.009445 0.139290 0.824581 0.009199 0.017485
2 2 0.067082 0.351817 0.547881 0.004742 0.028477
2 2 0.003646 0.083192 0.894910 0.008136 0.010116
2 2 0.000469 0.044013 0.951277 0.000479 0.003761
2 2 0.000152 0.012992 0.982423 0.004048 0.000385
2 2 0.077907 0.392865 0.484454 0.003247 0.041528
2 2 0.010664 0.208901 0.718804 0.001518 0.060113
2 2 0.000096 0.012400 0.985166 0.001977 0.000361
2 2 0.001536 0.057169 0.931305 0.004878 0.005112
2 2 0.000748 0.053672 0.939636 0.000736 0.005207
2 2 0.013176 0.212564 0.734155 0.002086 0.038018
2 2 0.001987 0.097541 0.884240 0.000671 0.015560
2 2 0.000610 0.054682 0.938681 0.000357 0.005670
2 2 0.001795 0.067654 0.916149 0.004895 0.009507
2 2 0.003043 0.132626 0.832899 0.000522 0.030910
2 2 0.005261 0.130121 0.829797 0.003860 0.030961
4 2 0.044326 0.343149 0.198078 0.000294 0.414152
4 4 0.049691 0.348760 0.219641 0.000518 0.381390
4 4 0.028066 0.311837 0.303754 0.000605 0.355738
4 4 0.024533 0.274493 0.265377 0.000797 0.434800
1 4 0.027789 0.346566 0.279200 0.000175 0.346271
1 4 0.033270 0.333259 0.314975 0.000635 0.317861
4 4 0.037864 0.347579 0.233977 0.000272 0.380309
4 4 0.031101 0.327427 0.288733 0.000470 0.352269
4 4 0.037480 0.292704 0.215131 0.000921 0.453764
4 4 0.028904 0.270957 0.177267 0.000387 0.522485
4 4 0.040462 0.348518 0.248523 0.000398 0.362099
4 4 0.021684 0.227207 0.163490 0.000492 0.587127
4 4 0.038308 0.323823 0.148005 0.000109 0.489754
4 4 0.016148 0.129141 0.025397 0.000025 0.829289
4 4 0.014994 0.116125 0.025021 0.000043 0.843817
4 4 0.026512 0.170986 0.024986 0.000015 0.777502
4 4 0.017299 0.068408 0.004335 0.000010 0.909948
4 4 0.025093 0.210185 0.038020 0.000010 0.726692
4 4 0.044538 0.295344 0.047712 0.000009 0.612396
4 4 0.023640 0.178270 0.028971 0.000012 0.769107
4 4 0.034424 0.202229 0.030083 0.000018 0.733246
4 4 0.030572 0.178092 0.024667 0.000017 0.766653
4 4 0.060952 0.225014 0.014906 0.000005 0.699123
4 4 0.049087 0.129147 0.009646 0.000046 0.812074
4 4 0.027459 0.092305 0.007476 0.000034 0.872726
4 4 0.028995 0.125039 0.014869 0.000042 0.831056
4 4 0.025140 0.082227 0.009598 0.000153 0.882883
4 4 0.034798 0.087768 0.003575 0.000009 0.873850
4 4 0.039179 0.163111 0.013966 0.000011 0.783733
4 4 0.036654 0.200300 0.022871 0.000009 0.740167
4 4 0.022444 0.138646 0.018272 0.000015 0.820623
4 4 0.040562 0.211894 0.022732 0.000008 0.724803
4 4 0.028427 0.225896 0.039032 0.000009 0.706636
4 4 0.020806 0.286643 0.104931 0.000011 0.587608
4 4 0.020770 0.277643 0.105601 0.000015 0.595970
4 4 0.019981 0.267461 0.104260 0.000017 0.608281
4 4 0.025307 0.299278 0.095963 0.000012 0.579441
4 4 0.024799 0.297881 0.098703 0.000013 0.578604
4 4 0.029482 0.306518 0.124201 0.000039 0.539761
4 4 0.022624 0.268080 0.102116 0.000025 0.607155
4 4 0.027655 0.288495 0.090624 0.000018 0.593207
4 4 0.031815 0.283710 0.081681 0.000025 0.602770
4 4 0.101373 0.379393 0.060650 0.000040 0.458544
4 4 0.029760 0.307838 0.103116 0.000021 0.559265
4 4 0.090318 0.373962 0.074952 0.000063 0.460706
4 4 0.021755 0.289262 0.107256 0.000013 0.581714
4 4 0.024183 0.312261 0.141765 0.000028 0.521763
4 4 0.029259 0.315561 0.140879 0.000047 0.514255
4 4 0.010394 0.113527 0.039747 0.000070 0.836262
4 4 0.052357 0.344423 0.058433 0.000009 0.544778
4 4 0.020722 0.219393 0.064574 0.000021 0.695290
4 4 0.056710 0.326020 0.055260 0.000015 0.561995
4 4 0.017087 0.096339 0.013240 0.000033 0.873300
4 4 0.023983 0.075383 0.006957 0.000082 0.893596
4 4 0.017139 0.120836 0.016852 0.000013 0.845161
4 4 0.022978 0.078246 0.005058 0.000017 0.893701
4 4 0.023515 0.169564 0.029241 0.000018 0.777663
4 4 0.009720 0.059126 0.008244 0.000038 0.922871
4 4 0.028134 0.113572 0.012073 0.000039 0.846182
4 4 0.026649 0.122827 0.014927 0.000036 0.835561
4 4 0.010874 0.057286 0.006061 0.000025 0.925754
4 4 0.028685 0.126010 0.014476 0.000034 0.830794
4 4 0.029334 0.122485 0.011514 0.000021 0.836646
4 4 0.034370 0.203822 0.021586 0.000005 0.740216
4 4 0.030459 0.224989 0.035359 0.000008 0.709185
4 4 0.033126 0.164421 0.017200 0.000012 0.785241
4 4 0.035464 0.043609 0.003227 0.000153 0.917547
4 4 0.068154 0.255716 0.018876 0.000006 0.657248
4 4 0.055495 0.253924 0.023500 0.000006 0.667074
4 4 0.036114 0.230946 0.026521 0.000005 0.706414
4 4 0.041507 0.221350 0.022320 0.000006 0.714818
4 4 0.039432 0.251047 0.028723 0.000004 0.680794
4 4 0.033433 0.222749 0.025054 0.000004 0.718759
4 4 0.020963 0.233332 0.100868 0.000059 0.644778
4 4 0.013424 0.128185 0.050067 0.000150 0.808175
4 4 0.039072 0.321125 0.141579 0.000107 0.498117
4 4 0.027764 0.311839 0.135631 0.000038 0.524728
4 4 0.025063 0.307012 0.130501 0.000027 0.537397
4 4 0.017821 0.338317 0.271095 0.000046 0.372722
4 4 0.031313 0.309779 0.127792 0.000048 0.531068
4 4 0.019916 0.328277 0.194843 0.000029 0.456935
4 4 0.019950 0.338009 0.244469 0.000049 0.397523
4 4 0.018394 0.337703 0.255959 0.000043 0.387900
2 2 0.012559 0.308636 0.477235 0.000121 0.201448
2 2 0.002961 0.221519 0.673728 0.000019 0.101774
2 1 0.001205 0.146911 0.804955 0.000016 0.046913
2 1 0.003239 0.186878 0.746059 0.000077 0.063747
2 1 0.001645 0.125101 0.831135 0.000155 0.041963
2 2 0.000186 0.046320 0.948321 0.000021 0.005151
2 2 0.002002 0.187347 0.738729 0.000017 0.071905
2 2 0.000207 0.058537 0.932890 0.000009 0.008356
2 2 0.002870 0.178851 0.759442 0.000069 0.058768
2 2 0.000076 0.030935 0.966339 0.000010 0.002640
2 2 0.000121 0.034505 0.962337 0.000025 0.003012
2 2 0.000112 0.030978 0.966445 0.000034 0.002431
2 2 0.000119 0.031369 0.966605 0.000031 0.001876
2 2 0.000556 0.069844 0.919661 0.000076 0.009863
2 2 0.000075 0.028765 0.968879 0.000014 0.002266
2 2 0.000056 0.025656 0.972381 0.000010 0.001897
2 2 0.000026 0.011942 0.987547 0.000040 0.000445
2 2 0.000106 0.028195 0.970348 0.000033 0.001318
2 2 0.000017 0.009361 0.990318 0.000036 0.000268
2 2 0.000024 0.013834 0.985509 0.000015 0.000618
2 2 0.000022 0.011869 0.987629 0.000027 0.000453
2 2 0.000028 0.015027 0.984218 0.000017 0.000710
2 2 0.000018 0.010190 0.989418 0.000029 0.000345
2 2 0.000063 0.021772 0.976829 0.000033 0.001303
2 2 0.000055 0.017262 0.981833 0.000068 0.000781
2 2 0.000036 0.021404 0.977132 0.000006 0.001421
2 2 0.000013 0.005810 0.993887 0.000177 0.000113
2 2 0.000115 0.023577 0.974938 0.000133 0.001238
2 2 0.000045 0.020051 0.978707 0.000017 0.001179
2 2 0.000023 0.009454 0.990259 0.000070 0.000195
2 2 0.030896 0.286130 0.649153 0.002767 0.031053
2 2 0.017670 0.231635 0.715601 0.002547 0.032548
2 2 0.059546 0.222949 0.674270 0.013354 0.029882
1 2 0.092296 0.412019 0.399538 0.003071 0.093076
2 2 0.015163 0.203859 0.761813 0.001889 0.017277
2 2 0.018673 0.195855 0.759070 0.004936 0.021466
2 2 0.014067 0.086924 0.873158 0.016897 0.008955
2 2 0.039799 0.231802 0.691832 0.007094 0.029474
2 2 0.047077 0.135622 0.770894 0.026662 0.019745
0 0 0.864990 0.050725 0.038046 0.000928 0.045312
0 0 0.961654 0.017060 0.005500 0.000267 0.015520
0 0 0.888963 0.058968 0.014892 0.000322 0.036854
0 0 0.926033 0.044324 0.007872 0.000365 0.021406
0 0 0.956785 0.026437 0.004261 0.000162 0.012356
0 0 0.773647 0.138137 0.011582 0.000141 0.076493
0 0 0.554177 0.282321 0.017276 0.000379 0.145847
0 1 0.387924 0.351387 0.027351 0.000201 0.233138
0 0 0.706312 0.201961 0.007724 0.000296 0.083707
0 0 0.753162 0.146715 0.020578 0.000676 0.078869
0 0 0.801151 0.105707 0.028201 0.001220 0.063720
0 0 0.484169 0.374045 0.025179 0.000125 0.116482
1 0 0.218615 0.519973 0.149086 0.000524 0.111803
1 0 0.075877 0.468847 0.379124 0.000627 0.075525
2 0 0.064575 0.421499 0.476109 0.000966 0.036851
2 1 0.007901 0.200818 0.780342 0.000280 0.010659
2 1 0.005237 0.176392 0.808287 0.000182 0.009902
2 1 0.001801 0.087358 0.906365 0.000409 0.004067
2 2 0.001548 0.087411 0.907599 0.000212 0.003231
2 2 0.003300 0.148770 0.839607 0.000121 0.008203
2 2 0.003661 0.135867 0.855744 0.000211 0.004518
2 2 0.004609 0.176826 0.806111 0.000137 0.012317
2 2 0.001305 0.083613 0.912138 0.000148 0.002796
2 2 0.001014 0.071926 0.922971 0.000227 0.003863
2 2 0.000745 0.064746 0.931349 0.000142 0.003018
2 2 0.002104 0.115820 0.871376 0.000191 0.010509
2 2 0.000958 0.073870 0.922707 0.000111 0.002354
2 2 0.003739 0.153821 0.826200 0.000224 0.016016
2 2 0.000973 0.078427 0.914546 0.000150 0.005904
2 2 0.004639 0.134001 0.851071 0.000834 0.009455
2 2 0.000273 0.039186 0.957965 0.000130 0.002445
2 2 0.000023 0.010270 0.989312 0.000065 0.000330
2 2 0.000049 0.012000 0.987429 0.000235 0.000288
2 2 0.000099 0.025851 0.972294 0.000056 0.001700
2 2 0.000008 0.004570 0.995211 0.000136 0.000075
2 2 0.000062 0.020996 0.977695 0.000038 0.001209
2 2 0.000051 0.011961 0.987266 0.000339 0.000383
2 2 0.000038 0.010332 0.989049 0.000280 0.000300
2 2 0.000047 0.017753 0.981262 0.000038 0.000899
2 2 0.000067 0.015312 0.983781 0.000231 0.000609
2 2 0.000171 0.021063 0.976942 0.000851 0.000975
2 2 0.000018 0.006944 0.992693 0.000191 0.000153
2 2 0.000205 0.029610 0.967980 0.000272 0.001932
2 2 0.000051 0.009925 0.988932 0.000834 0.000259
2 2 0.000039 0.013547 0.985804 0.000078 0.000532
2 2 0.000056 0.014139 0.984254 0.000507 0.001043
2 2 0.000126 0.023332 0.975046 0.000202 0.001294
2 2 0.000107 0.022544 0.975621 0.000193 0.001535
2 2 0.000136 0.021234 0.976619 0.000607 0.001404
2 2 0.000030 0.010131 0.989371 0.000153 0.000315
2 2 0.000132 0.012773 0.981311 0.005024 0.000760
2 2 0.000110 0.015504 0.981037 0.002324 0.001025
2 2 0.000058 0.008302 0.986252 0.005078 0.000310
2 2 0.000039 0.007198 0.987964 0.004534 0.000265
2 2 0.000063 0.006876 0.980547 0.012231 0.000283
2 2 0.000148 0.006130 0.966726 0.026635 0.000361
2 2 0.000063 0.009176 0.979510 0.010636 0.000614
2 2 0.000395 0.007222 0.933910 0.057796 0.000677
2 2 0.000102 0.004551 0.967876 0.027145 0.000326
2 2 0.000024 0.002505 0.986207 0.011183 0.000081
2 2 0.000343 0.004246 0.779504 0.214723 0.001184
2 2 0.000288 0.003314 0.835530 0.160234 0.000634
2 2 0.000062 0.006912 0.979400 0.012825 0.000801
2 2 0.000361 0.003425 0.867079 0.128639 0.000497
2 2 0.001105 0.005469 0.811622 0.180809 0.000995
2 2 0.000260 0.012019 0.952934 0.032582 0.002205
2 2 0.000379 0.005205 0.765714 0.227054 0.001648
