0 0 0.637297 0.072562 0.001945 0.000003 0.288194
0 0 0.691812 0.014448 0.000397 0.000003 0.293340
4 0 0.312377 0.037202 0.006442 0.000005 0.643974
4 0 0.237169 0.004394 0.000016 0.000000 0.758421
4 0 0.355603 0.014039 0.000784 0.000003 0.629571
0 0 0.509192 0.017777 0.000879 0.000006 0.472146
0 0 0.511563 0.076519 0.004070 0.000004 0.407844
0 0 0.525996 0.127007 0.005694 0.000006 0.341297
0 0 0.483673 0.086246 0.004228 0.000003 0.425850
0 0 0.440847 0.118713 0.003988 0.000003 0.436449
4 0 0.410203 0.129543 0.006251 0.000003 0.454000
0 0 0.683933 0.018152 0.000718 0.000004 0.297194
0 0 0.517559 0.075086 0.003616 0.000003 0.403736
0 0 0.549226 0.014866 0.000568 0.000003 0.435336
0 0 0.692099 0.012822 0.000450 0.000002 0.294627
0 0 0.477961 0.090731 0.001645 0.000003 0.429660
4 0 0.154481 0.233711 0.008304 0.000008 0.603496
4 1 0.265424 0.186576 0.008925 0.000004 0.539071
4 1 0.443478 0.026953 0.000992 0.000009 0.528569
0 1 0.593136 0.138916 0.004016 0.000004 0.263927
2 1 0.180816 0.185949 0.343714 0.002050 0.287471
2 1 0.208474 0.311423 0.334127 0.002445 0.143531
2 1 0.108388 0.289711 0.409342 0.006804 0.185755
2 1 0.078538 0.350001 0.383303 0.009555 0.178604
2 1 0.018590 0.301122 0.520442 0.003167 0.156678
2 1 0.025927 0.337282 0.512469 0.006838 0.117483
2 1 0.020834 0.358842 0.504569 0.010609 0.105146
2 1 0.005087 0.185837 0.695159 0.018474 0.095443
2 1 0.003365 0.192295 0.726490 0.015220 0.062630
2 1 0.002994 0.087631 0.852791 0.024958 0.031627
2 1 0.008760 0.262339 0.629409 0.012769 0.086723
2 1 0.004706 0.048246 0.913316 0.019178 0.014554
2 2 0.000543 0.024594 0.938677 0.024398 0.011787
2 2 0.002377 0.058091 0.908636 0.008850 0.022045
2 2 0.003636 0.084249 0.778925 0.068701 0.064490
2 2 0.001512 0.034212 0.907826 0.041232 0.015218
2 2 0.001024 0.016143 0.951368 0.021882 0.009583
2 2 0.001523 0.006954 0.680811 0.307069 0.003643
2 2 0.004405 0.030803 0.832607 0.105896 0.026290
2 2 0.001469 0.029034 0.891410 0.056215 0.021872
3 2 0.000188 0.001773 0.164583 0.832389 0.001067
2 2 0.002122 0.010991 0.525611 0.451299 0.009977
3 2 0.001118 0.006136 0.264847 0.724305 0.003593
3 2 0.000873 0.006305 0.233906 0.753636 0.005280
3 2 0.000332 0.002592 0.118900 0.876634 0.001542
3 3 0.001083 0.006325 0.149190 0.838807 0.004594
3 3 0.000294 0.001729 0.047851 0.949484 0.000643
3 3 0.000304 0.001510 0.030139 0.967599 0.000448
3 3 0.000365 0.002407 0.079467 0.916601 0.001160
3 3 0.000532 0.002447 0.038714 0.957481 0.000825
3 3 0.000367 0.001778 0.032802 0.964503 0.000550
3 3 0.000731 0.003216 0.044579 0.950306 0.001168
3 3 0.000391 0.001877 0.033742 0.963400 0.000590
3 3 0.000439 0.002072 0.035522 0.961298 0.000669
3 3 0.000225 0.001164 0.026309 0.971981 0.000322
3 3 0.000193 0.001021 0.024576 0.973937 0.000273
3 3 0.000300 0.001492 0.029943 0.967826 0.000441
3 3 0.000190 0.001004 0.024364 0.974175 0.000267
3 3 0.000662 0.002953 0.042664 0.952673 0.001048
3 3 0.000381 0.001834 0.033340 0.963872 0.000573
3 3 0.000329 0.001598 0.030858 0.966726 0.000488
3 3 0.000318 0.001570 0.030756 0.966886 0.000470
3 3 0.000534 0.002208 0.034863 0.961562 0.000834
3 3 0.000423 0.002010 0.034960 0.961964 0.000643
3 3 0.000138 0.000765 0.021125 0.977783 0.000189
3 3 0.000188 0.000995 0.024247 0.974307 0.000264
3 3 0.000177 0.000946 0.023610 0.975020 0.000247
3 3 0.000261 0.001324 0.028141 0.969895 0.000379
3 3 0.000138 0.000763 0.021096 0.977815 0.000188
3 3 0.000193 0.001020 0.024557 0.973959 0.000272
3 3 0.000222 0.001151 0.026154 0.972157 0.000317
3 3 0.000289 0.001447 0.029470 0.968370 0.000424
3 3 0.000178 0.000952 0.023689 0.974932 0.000249
3 3 0.000207 0.001084 0.025348 0.973068 0.000294
3 3 0.000152 0.000832 0.022078 0.976727 0.000210
3 3 0.000234 0.001150 0.025531 0.972747 0.000338
3 3 0.000360 0.001708 0.031776 0.965616 0.000539
3 3 0.000081 0.000480 0.016543 0.982792 0.000105
3 3 0.000311 0.001540 0.030442 0.967249 0.000459
3 3 0.000604 0.002729 0.040958 0.954761 0.000948
3 3 0.000308 0.001527 0.030309 0.967402 0.000454
3 3 0.000501 0.002322 0.037682 0.958722 0.000773
3 3 0.001349 0.005450 0.058417 0.932498 0.002286
3 3 0.000913 0.003896 0.049202 0.944499 0.001491
3 3 0.000556 0.002543 0.039489 0.956545 0.000867
3 3 0.001524 0.006037 0.061450 0.928375 0.002614
3 3 0.000565 0.002578 0.039776 0.956198 0.000882
3 3 0.001124 0.008016 0.251313 0.732034 0.007512
3 3 0.001063 0.004443 0.052630 0.940102 0.001762
3 3 0.001289 0.005242 0.057269 0.934026 0.002175
3 3 0.000404 0.001928 0.034213 0.962846 0.000610
3 3 0.000497 0.003106 0.088260 0.906550 0.001586
3 3 0.000348 0.001741 0.034474 0.962886 0.000552
3 3 0.000742 0.003436 0.052291 0.942179 0.001352
3 3 0.000553 0.003430 0.245193 0.749110 0.001713
3 3 0.000403 0.002286 0.076067 0.920349 0.000895
3 3 0.000609 0.003730 0.103498 0.890146 0.002017
3 3 0.001040 0.006607 0.201668 0.785666 0.005019
3 3 0.000540 0.002826 0.056928 0.938551 0.001155
3 3 0.000493 0.002944 0.098032 0.897162 0.001368
3 3 0.003058 0.010987 0.089924 0.889779 0.006252
3 3 0.000872 0.004006 0.058607 0.934842 0.001672
3 3 0.000680 0.003023 0.043179 0.952039 0.001080
3 3 0.000558 0.003085 0.068640 0.926330 0.001387
3 3 0.000812 0.003522 0.046720 0.947635 0.001311
3 3 0.000695 0.003407 0.058268 0.936215 0.001414
3 3 0.001188 0.004520 0.188564 0.804292 0.001436
3 3 0.001003 0.004224 0.051288 0.941833 0.001652
3 3 0.000579 0.003560 0.127176 0.866830 0.001856
3 3 0.000550 0.003109 0.161363 0.833645 0.001333
3 3 0.001873 0.005417 0.072783 0.918469 0.001458
2 3 0.018547 0.025807 0.523132 0.424139 0.008375
3 3 0.000704 0.003116 0.043863 0.951194 0.001122
3 3 0.001094 0.003932 0.082241 0.911579 0.001154
3 3 0.000875 0.003756 0.048288 0.945658 0.001423
3 3 0.002267 0.006929 0.125966 0.862675 0.002163
3 3 0.001361 0.005830 0.198257 0.792098 0.002454
3 3 0.002023 0.006747 0.194570 0.794409 0.002252
3 3 0.003337 0.010887 0.182057 0.799132 0.004587
3 3 0.000965 0.004676 0.235221 0.757110 0.002028
3 3 0.001488 0.005776 0.220402 0.770201 0.002133
3 3 0.001709 0.006675 0.258110 0.730828 0.002678
3 3 0.002043 0.008607 0.225591 0.759402 0.004357
3 3 0.005678 0.019104 0.126750 0.834993 0.013474
3 3 0.001314 0.004590 0.120346 0.872389 0.001362
2 3 0.004861 0.008574 0.520289 0.464533 0.001743
3 3 0.002198 0.012643 0.272807 0.698045 0.014307
3 3 0.001416 0.006510 0.176043 0.812838 0.003192
3 3 0.003106 0.013287 0.138489 0.836167 0.008952
3 3 0.001612 0.006835 0.199908 0.788552 0.003092
2 3 0.002774 0.006984 0.495442 0.493025 0.001775
3 3 0.001415 0.005679 0.059653 0.930844 0.002409
3 3 0.002150 0.006713 0.160467 0.828590 0.002079
3 3 0.005283 0.014916 0.241722 0.731418 0.006661
3 3 0.000667 0.002973 0.042811 0.952492 0.001057
3 3 0.000961 0.003791 0.112229 0.881830 0.001190
3 3 0.000682 0.003030 0.043235 0.951970 0.001083
3 3 0.001761 0.006854 0.065624 0.922700 0.003061
3 3 0.001811 0.006888 0.065167 0.922970 0.003163
2 3 0.043392 0.069153 0.500762 0.322353 0.064340
4 1 0.026075 0.131305 0.359781 0.012271 0.470567
0 1 0.295314 0.209398 0.231968 0.008778 0.254541
2 1 0.014441 0.106025 0.542790 0.224709 0.112035
2 1 0.007138 0.040616 0.624116 0.195411 0.132719
2 2 0.019050 0.090459 0.426096 0.038540 0.425856
2 2 0.002301 0.053279 0.814753 0.079057 0.050610
2 2 0.006777 0.142556 0.687092 0.029746 0.133830
2 2 0.006148 0.089579 0.549827 0.006951 0.347495
2 2 0.006186 0.207128 0.609489 0.007603 0.169594
4 2 0.006360 0.139083 0.373387 0.001190 0.479980
4 4 0.004117 0.086641 0.375848 0.000786 0.532607
4 4 0.008754 0.166752 0.374048 0.002054 0.448393
4 4 0.008174 0.151471 0.239586 0.000579 0.600191
2 4 0.005691 0.153475 0.505008 0.002451 0.333375
4 4 0.010873 0.106777 0.220917 0.001342 0.660091
4 4 0.011841 0.114696 0.214663 0.001394 0.657407
4 4 0.008896 0.192467 0.396598 0.000856 0.401182
4 4 0.013884 0.045176 0.090292 0.001078 0.849569
2 4 0.096319 0.268880 0.319591 0.000307 0.314903
4 4 0.008426 0.134373 0.245598 0.000749 0.610854
4 4 0.011390 0.268524 0.317295 0.000263 0.402528
2 4 0.007663 0.241709 0.484662 0.000191 0.265776
2 4 0.020738 0.263065 0.415697 0.000353 0.300147
2 4 0.003522 0.239155 0.474777 0.000519 0.282028
2 4 0.003949 0.235561 0.422966 0.000420 0.337103
4 4 0.007031 0.245419 0.354184 0.000805 0.392560
2 4 0.014697 0.274464 0.474052 0.000400 0.236388
1 4 0.019451 0.388260 0.372327 0.000580 0.219382
2 4 0.010095 0.263588 0.532650 0.000551 0.193116
2 4 0.003771 0.228326 0.560561 0.000808 0.206535
2 4 0.007010 0.319407 0.475974 0.000715 0.196894
2 4 0.003575 0.126263 0.782397 0.000763 0.087001
2 4 0.001461 0.104267 0.834975 0.002029 0.057267
2 4 0.000920 0.091474 0.816877 0.001753 0.088976
2 4 0.004077 0.095563 0.852109 0.012841 0.035410
2 2 0.002006 0.122259 0.772964 0.003381 0.099389
2 2 0.002372 0.107343 0.795204 0.004687 0.090394
2 2 0.000579 0.025108 0.957491 0.005682 0.011140
2 2 0.020798 0.121571 0.832314 0.003662 0.021654
1 2 0.047949 0.492339 0.299103 0.000192 0.160416
2 2 0.023701 0.287155 0.443329 0.003125 0.242689
2 2 0.010889 0.141291 0.593737 0.008385 0.245697
4 2 0.160096 0.274237 0.254063 0.004449 0.307154
4 2 0.069978 0.328593 0.243672 0.002106 0.355650
2 2 0.194333 0.241662 0.301972 0.004952 0.257081
4 2 0.294309 0.131555 0.093087 0.001533 0.479516
4 2 0.158712 0.080303 0.089360 0.002616 0.669008
4 2 0.092911 0.152171 0.160369 0.003299 0.591250
1 2 0.067792 0.488214 0.223563 0.002009 0.218423
2 2 0.009612 0.228222 0.577575 0.015308 0.169282
2 2 0.007819 0.077778 0.788520 0.062591 0.063293
2 2 0.004380 0.082780 0.817720 0.015702 0.079419
2 2 0.003983 0.055541 0.873053 0.008801 0.058622
2 2 0.006120 0.066755 0.849762 0.004869 0.072494
2 2 0.002288 0.058283 0.858949 0.010358 0.070123
2 2 0.005326 0.112047 0.813864 0.015017 0.053745
2 2 0.126564 0.140096 0.433615 0.009870 0.289855
2 2 0.008738 0.173041 0.634858 0.027174 0.156188
2 2 0.005618 0.036926 0.900433 0.020196 0.036828
2 2 0.003779 0.066052 0.813469 0.067078 0.049622
2 2 0.000596 0.006432 0.834720 0.154555 0.003698
2 2 0.000967 0.005333 0.795317 0.196680 0.001703
2 2 0.000542 0.004265 0.821915 0.171268 0.002010
2 2 0.000440 0.002660 0.558920 0.436740 0.001241
2 2 0.000576 0.007112 0.826527 0.163920 0.001865
2 2 0.000875 0.006821 0.827326 0.161622 0.003355
2 2 0.001347 0.005662 0.627000 0.363335 0.002656
2 2 0.000603 0.004999 0.727498 0.264485 0.002415
2 2 0.000410 0.002926 0.566352 0.428535 0.001777
3 2 0.004883 0.013581 0.267265 0.709026 0.005245
2 2 0.000465 0.002906 0.557800 0.437349 0.001479
2 3 0.001030 0.010608 0.737917 0.242317 0.008128
2 3 0.000939 0.004702 0.564685 0.427309 0.002364
2 3 0.000505 0.005381 0.654536 0.336684 0.002895
3 3 0.000166 0.001149 0.458775 0.539526 0.000384
3 3 0.000583 0.003861 0.412539 0.580725 0.002292
3 3 0.000265 0.002985 0.390428 0.603355 0.002968
3 3 0.002043 0.008848 0.100882 0.883273 0.004954
3 3 0.000225 0.002352 0.332310 0.663262 0.001851
2 3 0.000499 0.002503 0.635370 0.360678 0.000950
3 3 0.001106 0.007052 0.263057 0.723422 0.005363
3 3 0.000941 0.004199 0.298446 0.694860 0.001555
3 3 0.000536 0.004207 0.180001 0.812080 0.003176
3 3 0.000550 0.003257 0.141288 0.853373 0.001533
3 3 0.000254 0.001513 0.067067 0.930654 0.000511
3 3 0.000225 0.001166 0.026334 0.971952 0.000322
3 3 0.000230 0.001369 0.045824 0.952119 0.000459
3 3 0.000820 0.003553 0.046928 0.947373 0.001326
3 3 0.000209 0.001094 0.025474 0.972925 0.000297
3 3 0.001248 0.005097 0.056459 0.935098 0.002099
3 3 0.000327 0.001608 0.031136 0.966445 0.000485
3 3 0.000427 0.002158 0.042190 0.954468 0.000757
3 3 0.000296 0.001474 0.029759 0.968037 0.000434
3 3 0.000140 0.000774 0.021261 0.977633 0.000192
3 3 0.000645 0.002887 0.042167 0.953283 0.001018
3 3 0.000310 0.001535 0.030388 0.967311 0.000457
3 3 0.000244 0.001250 0.027308 0.970846 0.000352
3 3 0.000260 0.001321 0.028106 0.969936 0.000378
3 3 0.000289 0.001444 0.029442 0.968403 0.000423
3 3 0.000199 0.001047 0.024894 0.973579 0.000281
3 3 0.000404 0.001930 0.034234 0.962821 0.000611
3 3 0.000162 0.000877 0.022697 0.976039 0.000225
3 3 0.000287 0.001435 0.029346 0.968513 0.000419
3 3 0.000187 0.000992 0.024202 0.974357 0.000263
3 3 0.000335 0.001640 0.031455 0.966074 0.000497
3 3 0.000165 0.000883 0.022671 0.976051 0.000229
3 3 0.000409 0.001849 0.032635 0.964487 0.000621
3 3 0.000086 0.000510 0.017079 0.982212 0.000113
3 3 0.000215 0.001119 0.025781 0.972578 0.000306
3 3 0.000133 0.000742 0.020791 0.978152 0.000182
3 3 0.000336 0.001619 0.031009 0.966536 0.000499
3 3 0.000273 0.001330 0.027738 0.970261 0.000399
3 3 0.000270 0.001341 0.028093 0.969901 0.000394
3 3 0.000204 0.001070 0.025183 0.973254 0.000289
3 3 0.000155 0.000843 0.022225 0.976564 0.000214
3 3 0.000261 0.001324 0.028144 0.969891 0.000379
3 3 0.000193 0.000983 0.023681 0.974872 0.000272
3 3 0.000183 0.000975 0.023994 0.974590 0.000257
3 3 0.000197 0.001038 0.024783 0.973704 0.000278
3 3 0.000093 0.000542 0.017644 0.981598 0.000122
3 3 0.000186 0.000979 0.023950 0.974624 0.000261
3 3 0.000188 0.000959 0.023332 0.975256 0.000265
3 3 0.000167 0.000902 0.023034 0.975664 0.000233
3 3 0.000116 0.000658 0.019526 0.979543 0.000156
3 3 0.000205 0.001045 0.024529 0.973930 0.000291
3 3 0.000129 0.000719 0.020462 0.978515 0.000175
3 3 0.000160 0.000841 0.021855 0.976922 0.000222
3 3 0.000561 0.002337 0.036168 0.960055 0.000880
3 3 0.000265 0.001297 0.027385 0.970668 0.000386
3 3 0.000267 0.001350 0.028431 0.969563 0.000388
3 3 0.000219 0.001139 0.026021 0.972308 0.000313
3 3 0.000107 0.000613 0.018815 0.980322 0.000143
3 3 0.000312 0.001545 0.030500 0.967182 0.000461
3 3 0.000106 0.000609 0.018752 0.980392 0.000142
3 3 0.000171 0.000921 0.023280 0.975389 0.000239
3 3 0.000258 0.001253 0.026730 0.971383 0.000376
3 3 0.000204 0.001054 0.024830 0.973624 0.000289
3 3 0.000314 0.001492 0.029353 0.968375 0.000466
3 3 0.000225 0.001166 0.026334 0.971953 0.000322
3 3 0.000088 0.000515 0.017175 0.982107 0.000115
3 3 0.000210 0.001099 0.025535 0.972857 0.000299
3 3 0.000292 0.001409 0.028602 0.969269 0.000428
3 3 0.000130 0.000727 0.020581 0.978384 0.000177
3 3 0.000122 0.000688 0.019987 0.979037 0.000165
3 3 0.000157 0.000824 0.021610 0.977192 0.000217
3 3 0.000248 0.001203 0.026101 0.972088 0.000360
3 3 0.000499 0.002182 0.035453 0.961094 0.000772
3 3 0.000227 0.001156 0.026057 0.972236 0.000325
3 3 0.000068 0.000413 0.015296 0.984136 0.000087
3 3 0.000163 0.000880 0.022730 0.976002 0.000226
3 3 0.000203 0.001042 0.024581 0.973886 0.000287
3 3 0.000203 0.001066 0.025137 0.973306 0.000288
3 3 0.000171 0.000899 0.022755 0.975937 0.000238
3 3 0.000186 0.000978 0.023928 0.974647 0.000261
3 3 0.000169 0.000910 0.023132 0.975554 0.000235
3 3 0.000130 0.000726 0.020552 0.978415 0.000177
3 3 0.000217 0.001099 0.025206 0.973167 0.000310
3 3 0.000360 0.001744 0.032465 0.964893 0.000538
3 3 0.000207 0.001083 0.025345 0.973071 0.000294
3 3 0.002065 0.007683 0.070574 0.916256 0.003422
0 3 0.864795 0.057837 0.061803 0.004668 0.010897
2 3 0.086001 0.225329 0.614877 0.061389 0.012404
0 3 0.424095 0.086816 0.341084 0.139111 0.008894
2 3 0.082928 0.089747 0.567490 0.255010 0.004825
2 3 0.313670 0.166660 0.459001 0.050648 0.010022
2 3 0.188223 0.072577 0.494552 0.240904 0.003744
0 3 0.624079 0.168269 0.192548 0.004363 0.010741
2 3 0.136908 0.242555 0.582529 0.028785 0.009223
0 2 0.697760 0.205229 0.090093 0.000139 0.006779
0 2 0.689893 0.148197 0.150085 0.002590 0.009236
0 2 0.983327 0.011497 0.004138 0.000014 0.001023
0 2 0.979210 0.010470 0.009948 0.000055 0.000317
0 2 0.991929 0.005334 0.002514 0.000005 0.000217
0 2 0.990478 0.006654 0.002483 0.000005 0.000380
0 1 0.986086 0.009582 0.001447 0.000004 0.002881
0 1 0.990994 0.005993 0.001657 0.000011 0.001345
0 1 0.986497 0.009523 0.001045 0.000002 0.002933
0 1 0.971823 0.021277 0.002844 0.000004 0.004053
0 1 0.997347 0.001668 0.000913 0.000003 0.000070
0 1 0.971931 0.018962 0.001855 0.000003 0.007249
0 1 0.730947 0.137056 0.041354 0.001381 0.089262
0 1 0.363345 0.344136 0.035350 0.000184 0.256985
4 1 0.129421 0.408175 0.040286 0.000086 0.422033
1 1 0.089490 0.435320 0.076933 0.000280 0.397978
4 1 0.053833 0.412194 0.047480 0.000052 0.486441
4 1 0.012367 0.346718 0.115877 0.000143 0.524896
1 1 0.055166 0.477829 0.040143 0.000052 0.426809
4 1 0.065413 0.241598 0.033264 0.000068 0.659656
4 4 0.066573 0.019290 0.001906 0.000071 0.912161
4 4 0.072894 0.035098 0.006668 0.000077 0.885263
4 4 0.067912 0.078808 0.014771 0.000101 0.838408
4 4 0.060446 0.062750 0.007083 0.000045 0.869676
4 4 0.109164 0.297270 0.018966 0.000017 0.574584
4 4 0.042271 0.051698 0.008483 0.000080 0.897468
4 4 0.029881 0.178507 0.020887 0.000025 0.770701
4 4 0.076358 0.305747 0.017406 0.000032 0.600457
4 4 0.165587 0.059193 0.007287 0.000068 0.767864
4 4 0.130010 0.039941 0.003798 0.000057 0.826194
4 4 0.196845 0.368032 0.020743 0.000022 0.414358
4 4 0.114670 0.257232 0.026272 0.000045 0.601783
4 4 0.011261 0.065143 0.023756 0.000033 0.899807
4 4 0.009330 0.088176 0.024906 0.000016 0.877573
4 4 0.010957 0.101501 0.026789 0.000022 0.860732
4 4 0.009432 0.067635 0.033832 0.000024 0.889077
4 4 0.010901 0.056004 0.011593 0.000010 0.921492
4 4 0.009773 0.073081 0.037414 0.000043 0.879690
4 4 0.009265 0.053486 0.020842 0.000018 0.916390
4 4 0.013555 0.012560 0.007208 0.000056 0.966620
4 4 0.013848 0.061680 0.014481 0.000022 0.909968
4 4 0.007287 0.079388 0.029080 0.000014 0.884231
4 4 0.008071 0.099705 0.046540 0.000032 0.845653
4 4 0.005399 0.067852 0.059513 0.000034 0.867202
4 4 0.010178 0.009070 0.007944 0.000057 0.972751
4 4 0.016532 0.012006 0.006576 0.000079 0.964808
4 4 0.011447 0.029890 0.015563 0.000046 0.943054
4 4 0.006000 0.018970 0.011374 0.000012 0.963645
4 4 0.011310 0.086632 0.031591 0.000038 0.870429
4 4 0.009917 0.037164 0.013529 0.000019 0.939370
4 4 0.007182 0.070488 0.046781 0.000039 0.875511
4 4 0.005971 0.074050 0.048575 0.000026 0.871378
4 4 0.006875 0.138218 0.160086 0.000105 0.694716
4 4 0.004633 0.135904 0.198374 0.000119 0.660969
4 4 0.008748 0.246136 0.224469 0.000061 0.520585
4 1 0.006541 0.149151 0.198532 0.000134 0.645642
4 1 0.006025 0.231078 0.206979 0.000076 0.555841
4 1 0.004113 0.179980 0.202920 0.000071 0.612916
4 2 0.004422 0.208164 0.297558 0.000192 0.489664
4 2 0.006051 0.227265 0.199488 0.000065 0.567131
4 2 0.004308 0.161368 0.213223 0.000099 0.621001
4 2 0.004505 0.182942 0.273256 0.000178 0.539119
4 2 0.007401 0.170863 0.371812 0.000178 0.449746
4 2 0.003872 0.165030 0.299693 0.000179 0.531225
2 2 0.003171 0.200942 0.432803 0.000305 0.362779
4 2 0.003731 0.149984 0.270870 0.000125 0.575291
2 2 0.004934 0.238706 0.379943 0.000468 0.375949
4 2 0.009310 0.253616 0.289432 0.000254 0.447388
2 2 0.003760 0.133312 0.500142 0.000242 0.362544
4 2 0.004712 0.135795 0.310571 0.000372 0.548550
2 2 0.001158 0.134603 0.793430 0.002359 0.068450
4 2 0.005356 0.195027 0.373829 0.000206 0.425582
4 2 0.019010 0.188278 0.263018 0.000312 0.529381
4 2 0.013408 0.195718 0.345043 0.001172 0.444659
4 2 0.035199 0.283114 0.268510 0.000336 0.412841
4 2 0.006391 0.141354 0.344353 0.000933 0.506969
0 2 0.344728 0.146261 0.218534 0.001590 0.288888
4 1 0.203983 0.240651 0.078974 0.000184 0.476209
4 1 0.019816 0.148169 0.084850 0.000456 0.746709
4 1 0.203285 0.270218 0.188380 0.001799 0.336317
4 1 0.206688 0.323020 0.144588 0.000691 0.325012
1 1 0.053343 0.413101 0.218397 0.000517 0.314642
4 1 0.028372 0.346173 0.198573 0.000248 0.426635
1 1 0.012213 0.350761 0.290673 0.001375 0.344978
4 1 0.030005 0.298779 0.231891 0.000545 0.438779
2 1 0.008361 0.189685 0.497975 0.004829 0.299151
2 1 0.005521 0.204826 0.588995 0.004519 0.196140
2 1 0.004634 0.109880 0.695623 0.012168 0.177694
2 1 0.002666 0.106394 0.717251 0.004246 0.169443
2 1 0.002621 0.091894 0.792858 0.015168 0.097460
2 2 0.001369 0.049048 0.806912 0.001160 0.141511
2 2 0.001554 0.047600 0.888607 0.003175 0.059063
2 2 0.000740 0.018602 0.968215 0.008408 0.004036
2 2 0.000703 0.023874 0.948993 0.016594 0.009836
2 2 0.000362 0.012501 0.973107 0.008522 0.005509
2 2 0.000810 0.039669 0.916719 0.017720 0.025082
2 2 0.001954 0.038475 0.913506 0.011398 0.034667
2 2 0.000402 0.009201 0.976706 0.011736 0.001956
2 2 0.000840 0.024112 0.949515 0.016073 0.009460
2 2 0.000958 0.023758 0.953921 0.007240 0.014123
2 2 0.000854 0.032121 0.927642 0.019140 0.020243
2 2 0.000785 0.021191 0.943323 0.025957 0.008745
2 2 0.000953 0.015901 0.961789 0.016196 0.005161
2 2 0.001675 0.047442 0.802284 0.128647 0.019952
2 2 0.001208 0.024606 0.934644 0.027091 0.012450
2 2 0.001545 0.029577 0.862734 0.083742 0.022401
2 2 0.001450 0.015676 0.945431 0.030157 0.007286
2 2 0.000455 0.008829 0.956050 0.031675 0.002991
2 2 0.001066 0.036130 0.886976 0.044517 0.031311
2 2 0.000816 0.020414 0.936630 0.030161 0.011979
2 2 0.000564 0.011332 0.947655 0.036542 0.003907
2 2 0.043609 0.085442 0.638834 0.202047 0.030067
2 2 0.007742 0.061281 0.803450 0.103685 0.023841
2 2 0.001344 0.009450 0.765854 0.220139 0.003215
2 2 0.000665 0.004830 0.872810 0.120284 0.001411
2 2 0.002292 0.015294 0.878160 0.097058 0.007196
2 2 0.001271 0.010418 0.808550 0.173764 0.005996
2 2 0.002073 0.012607 0.880625 0.101181 0.003515
2 2 0.001567 0.024585 0.777851 0.185011 0.010987
2 2 0.000480 0.003603 0.671360 0.323269 0.001288
2 2 0.002421 0.015345 0.517610 0.447843 0.016781
2 2 0.005893 0.022589 0.591291 0.360341 0.019886
2 2 0.003584 0.029651 0.630690 0.310739 0.025336
2 2 0.001194 0.004277 0.762092 0.230789 0.001648
2 2 0.001717 0.024642 0.819697 0.130938 0.023007
2 2 0.000415 0.004906 0.833274 0.160670 0.000735
2 2 0.001905 0.015056 0.771658 0.198530 0.012851
2 2 0.001343 0.013066 0.798295 0.179241 0.008057
2 2 0.000816 0.006287 0.544824 0.441829 0.006244
2 2 0.001346 0.007498 0.865064 0.122410 0.003682
2 2 0.000847 0.006458 0.692721 0.295527 0.004447
2 2 0.001193 0.011513 0.606686 0.374132 0.006476
2 2 0.001050 0.004937 0.506698 0.485038 0.002277
2 2 0.000357 0.002456 0.640609 0.355205 0.001372
2 2 0.001895 0.012937 0.591210 0.376893 0.017066
3 2 0.001060 0.006834 0.480824 0.506733 0.004550
3 2 0.000508 0.003487 0.446976 0.546953 0.002076
2 2 0.000913 0.005058 0.530318 0.460776 0.002935
2 2 0.001615 0.007671 0.656589 0.329044 0.005080
2 2 0.000346 0.002493 0.513092 0.483160 0.000909
2 2 0.002938 0.012060 0.593438 0.383479 0.008085
3 2 0.000265 0.002386 0.429153 0.566581 0.001616
3 2 0.001235 0.007325 0.452728 0.533276 0.005436
3 2 0.000774 0.004572 0.463842 0.528182 0.002630
3 2 0.000776 0.006884 0.423272 0.561002 0.008067
2 2 0.000754 0.004587 0.520701 0.471134 0.002824
3 2 0.000485 0.004577 0.313680 0.676741 0.004517
3 3 0.000599 0.004694 0.255110 0.735890 0.003706
3 3 0.002125 0.012965 0.279356 0.692038 0.013515
3 3 0.000293 0.001292 0.239912 0.758251 0.000252
3 3 0.000254 0.002467 0.233384 0.762087 0.001809
3 3 0.002027 0.006194 0.155126 0.834860 0.001792
3 3 0.000884 0.003791 0.048516 0.945369 0.001440
3 3 0.006288 0.025875 0.219398 0.725146 0.023294
2 3 0.007508 0.024771 0.563569 0.386429 0.017725
3 3 0.000569 0.003841 0.123137 0.870107 0.002346
3 3 0.001655 0.011609 0.328844 0.644620 0.013272
3 3 0.000563 0.004254 0.222753 0.769376 0.003055
2 3 0.001749 0.009225 0.682258 0.298841 0.007926
2 3 0.002052 0.011989 0.569865 0.403851 0.012242
2 3 0.001482 0.005646 0.606907 0.383664 0.002301
2 3 0.002861 0.013032 0.637626 0.335671 0.010810
3 3 0.001242 0.006809 0.451183 0.536367 0.004400
2 3 0.000632 0.003337 0.574350 0.420179 0.001503
2 3 0.000710 0.005835 0.532364 0.455100 0.005992
3 3 0.000894 0.007094 0.447718 0.536872 0.007423
2 3 0.000571 0.003182 0.647624 0.347039 0.001583
3 3 0.000886 0.004640 0.254092 0.738175 0.002207
3 3 0.001405 0.007036 0.270632 0.716970 0.003958
3 3 0.000512 0.002963 0.439430 0.555791 0.001305
3 3 0.000649 0.003845 0.224073 0.769502 0.001930
3 3 0.001024 0.007202 0.224384 0.761120 0.006271
3 3 0.001025 0.005883 0.126791 0.862618 0.003683
3 3 0.001502 0.006094 0.401625 0.588274 0.002504
2 3 0.002818 0.012964 0.565047 0.408811 0.010360
3 3 0.001310 0.007120 0.241483 0.745623 0.004465
3 3 0.001200 0.007838 0.403788 0.580501 0.006673
3 3 0.001597 0.007277 0.094936 0.892261 0.003929
3 3 0.001840 0.008990 0.332361 0.651171 0.005638
2 3 0.001542 0.009776 0.496957 0.482300 0.009426
3 3 0.001223 0.006105 0.098547 0.890778 0.003347
2 3 0.001641 0.009831 0.519030 0.460526 0.008972
3 3 0.002197 0.009948 0.238700 0.743205 0.005950
3 3 0.000882 0.005773 0.489262 0.499754 0.004329
2 3 0.001621 0.005748 0.650213 0.340172 0.002246
2 3 0.001710 0.009375 0.570663 0.410537 0.007715
3 3 0.000552 0.004219 0.170697 0.821442 0.003090
3 3 0.001470 0.007648 0.129287 0.856728 0.004867
3 3 0.001758 0.009971 0.243668 0.736699 0.007905
3 3 0.001508 0.008984 0.338641 0.643648 0.007220
3 3 0.002544 0.011411 0.133643 0.844930 0.007472
3 3 0.014755 0.026437 0.302100 0.648138 0.008570
3 3 0.024996 0.062687 0.361380 0.482257 0.068681
3 3 0.009163 0.041066 0.368883 0.525434 0.055454
2 3 0.015821 0.037231 0.714310 0.194426 0.038213
2 3 0.007986 0.032571 0.639957 0.272970 0.046516
3 3 0.001638 0.009224 0.460478 0.521363 0.007296
2 3 0.002057 0.008755 0.677105 0.306525 0.005558
2 3 0.001015 0.005841 0.602465 0.387338 0.003341
2 3 0.022951 0.032830 0.763798 0.165398 0.015023
2 3 0.019218 0.050987 0.779974 0.110940 0.038881
3 3 0.004520 0.020730 0.227186 0.728706 0.018857
2 3 0.002689 0.010748 0.614788 0.365121 0.006654
2 3 0.000539 0.004375 0.584892 0.406273 0.003921
2 3 0.003008 0.009867 0.782669 0.201250 0.003207
2 3 0.077447 0.200885 0.506273 0.027834 0.187561
2 3 0.009213 0.100674 0.688368 0.115119 0.086626
2 3 0.005188 0.019693 0.643115 0.314176 0.017828
2 3 0.001251 0.007775 0.814874 0.171559 0.004541
2 3 0.001453 0.003825 0.753187 0.240600 0.000934
3 3 0.002018 0.015811 0.426998 0.537586 0.017587
2 3 0.002851 0.011661 0.650962 0.326484 0.008041
2 2 0.003396 0.058840 0.750159 0.135525 0.052081
2 2 0.004779 0.021346 0.773622 0.191721 0.008533
2 2 0.010819 0.088883 0.864645 0.023538 0.012114
2 2 0.012206 0.160105 0.755738 0.032827 0.039124
2 2 0.003679 0.057238 0.830415 0.080639 0.028030
2 2 0.000233 0.001810 0.726149 0.271538 0.000270
2 2 0.000299 0.005653 0.901741 0.090442 0.001864
2 2 0.001762 0.013224 0.927925 0.053731 0.003358
2 2 0.001231 0.008404 0.924797 0.062641 0.002926
2 2 0.000632 0.004085 0.593138 0.400399 0.001747
2 2 0.002693 0.020638 0.893628 0.077409 0.005632
2 2 0.006761 0.043994 0.834430 0.091171 0.023643
2 2 0.011284 0.137138 0.738648 0.065268 0.047662
2 2 0.000317 0.004513 0.887563 0.107223 0.000384
2 2 0.001882 0.011282 0.833444 0.148159 0.005232
2 2 0.002912 0.021731 0.863905 0.100308 0.011144
2 2 0.001107 0.007343 0.959102 0.030208 0.002239
2 2 0.000958 0.008097 0.928225 0.060145 0.002575
2 2 0.012132 0.036123 0.908572 0.037929 0.005243
2 2 0.034087 0.123522 0.800546 0.023108 0.018736
2 2 0.044309 0.299098 0.579245 0.005881 0.071465
2 2 0.010572 0.130902 0.799878 0.008376 0.050272
2 2 0.002478 0.022235 0.931460 0.037648 0.006180
2 2 0.000705 0.012021 0.900266 0.083256 0.003752
2 2 0.002451 0.011315 0.948894 0.036582 0.000759
2 2 0.002315 0.054931 0.900557 0.022945 0.019252
2 2 0.095790 0.239803 0.627922 0.005483 0.031002
1 2 0.158138 0.413398 0.406857 0.000676 0.020932
2 2 0.018406 0.181709 0.765828 0.007984 0.026072
2 2 0.014509 0.134504 0.812033 0.020528 0.018427
2 2 0.005631 0.043362 0.939294 0.007834 0.003879
2 2 0.001944 0.021957 0.938321 0.034928 0.002849
2 2 0.013835 0.097767 0.863948 0.014644 0.009806
2 2 0.014669 0.135925 0.822294 0.012138 0.014974
2 2 0.000843 0.013862 0.978152 0.005881 0.001261
0 2 0.718729 0.171186 0.104536 0.000277 0.005271
2 2 0.079299 0.350972 0.521421 0.003303 0.045005
2 2 0.044019 0.320767 0.594124 0.005858 0.035232
2 2 0.026927 0.298948 0.633460 0.005116 0.035549
2 2 0.006955 0.316461 0.580888 0.008577 0.087119
2 2 0.008609 0.118963 0.571286 0.002264 0.298878
2 2 0.006851 0.194332 0.661144 0.022533 0.115140
2 2 0.001724 0.079432 0.838762 0.015422 0.064661
4 2 0.009316 0.243727 0.338665 0.000555 0.407737
4 2 0.007494 0.228849 0.259185 0.000396 0.504076
4 2 0.016451 0.235118 0.289952 0.000471 0.458008
4 2 0.010403 0.159129 0.155402 0.000349 0.674717
4 2 0.008134 0.183796 0.188743 0.000256 0.619071
4 2 0.011739 0.176130 0.131033 0.000284 0.680814
4 4 0.004561 0.126706 0.264736 0.000247 0.603750
4 4 0.008323 0.110129 0.125287 0.000208 0.756053
4 4 0.013535 0.118436 0.106193 0.000398 0.761438
4 4 0.009979 0.094743 0.111541 0.000295 0.783442
4 4 0.007816 0.075812 0.104592 0.000201 0.811579
4 4 0.011026 0.155387 0.097309 0.000154 0.736123
4 4 0.048018 0.213131 0.107656 0.000228 0.630967
4 4 0.028897 0.106422 0.104976 0.000392 0.759312
4 4 0.011044 0.055791 0.078143 0.000366 0.854656
4 4 0.014177 0.069467 0.053127 0.000226 0.863003
4 4 0.013841 0.017012 0.022423 0.000303 0.946421
4 4 0.017683 0.053285 0.022251 0.000052 0.906730
4 4 0.013735 0.027122 0.004832 0.000009 0.954301
4 4 0.022014 0.011503 0.003439 0.000049 0.962996
4 4 0.013227 0.007665 0.003150 0.000024 0.975934
4 4 0.014716 0.008304 0.003168 0.000027 0.973784
4 4 0.030338 0.048593 0.007284 0.000014 0.913770
4 4 0.015304 0.010228 0.003113 0.000021 0.971334
4 4 0.020668 0.012886 0.005186 0.000076 0.961184
4 4 0.012033 0.039504 0.011492 0.000020 0.936951
4 4 0.026189 0.045323 0.008194 0.000012 0.920282
4 4 0.010858 0.004754 0.001333 0.000007 0.983048
4 4 0.015968 0.007020 0.001763 0.000014 0.975234
4 4 0.016359 0.006694 0.001491 0.000012 0.975444
4 4 0.013506 0.007776 0.003143 0.000025 0.975551
4 4 0.012014 0.007238 0.003256 0.000022 0.977470
4 4 0.012980 0.008439 0.004180 0.000034 0.974367
4 4 0.011224 0.021818 0.005867 0.000012 0.961079
4 4 0.009080 0.026790 0.012298 0.000021 0.951811
4 4 0.014937 0.057386 0.021542 0.000061 0.906075
4 4 0.019423 0.011855 0.004703 0.000062 0.963956
4 4 0.011719 0.067202 0.031915 0.000059 0.889105
4 4 0.044516 0.265200 0.097102 0.000096 0.593086
4 4 0.009321 0.024782 0.020868 0.000065 0.944965
4 4 0.007713 0.224747 0.083836 0.000035 0.683669
4 4 0.010521 0.203894 0.060137 0.000018 0.725430
4 4 0.050560 0.256373 0.088150 0.000032 0.604885
4 4 0.005281 0.152348 0.086771 0.000025 0.755576
4 4 0.009571 0.146259 0.037504 0.000019 0.806647
4 4 0.010063 0.198005 0.066835 0.000046 0.725051
4 4 0.019347 0.204561 0.072884 0.000014 0.703194
4 4 0.010407 0.160070 0.037021 0.000018 0.792484
4 4 0.008422 0.121681 0.033736 0.000015 0.836147
4 4 0.007889 0.196631 0.115575 0.000081 0.679825
4 4 0.071820 0.267294 0.086815 0.000021 0.574050
4 4 0.007180 0.130965 0.050520 0.000020 0.811315
4 4 0.013239 0.258900 0.138581 0.000056 0.589223
4 4 0.011705 0.173841 0.094380 0.000060 0.720015
4 4 0.006196 0.149698 0.117245 0.000066 0.726796
4 4 0.014830 0.264024 0.189466 0.000051 0.531628
4 4 0.027364 0.135310 0.114542 0.000067 0.722718
0 4 0.626903 0.089695 0.066878 0.001704 0.214820
0 4 0.656616 0.026878 0.001049 0.000026 0.315431
4 4 0.035884 0.096180 0.079158 0.000205 0.788573
4 4 0.023726 0.164438 0.097174 0.000202 0.714460
4 4 0.011914 0.245109 0.136747 0.000235 0.605996
4 4 0.013782 0.142698 0.179554 0.001012 0.662954
4 4 0.011543 0.239238 0.281549 0.001255 0.466415
4 4 0.009274 0.142588 0.190866 0.000481 0.656792
2 4 0.004959 0.098329 0.496138 0.002549 0.398025
4 4 0.018110 0.260637 0.114233 0.000388 0.606633
4 4 0.010856 0.236056 0.275942 0.001045 0.476101
4 4 0.027139 0.197969 0.141689 0.000387 0.632816
4 4 0.012681 0.197926 0.160052 0.000461 0.628880
2 4 0.004192 0.160468 0.670590 0.006186 0.158564
4 4 0.011712 0.211897 0.374537 0.003303 0.398550
2 4 0.005146 0.166111 0.505802 0.001861 0.321080
2 4 0.005622 0.160757 0.493606 0.002095 0.337920
4 4 0.018165 0.219147 0.256141 0.000627 0.505920
4 4 0.007416 0.112316 0.410745 0.002823 0.466701
4 4 0.036851 0.139362 0.100469 0.000219 0.723099
2 4 0.022081 0.242310 0.540223 0.002531 0.192854
2 4 0.043083 0.399198 0.443418 0.001357 0.112944
2 4 0.031344 0.376323 0.450394 0.001727 0.140212
2 4 0.168641 0.316452 0.396314 0.001422 0.117171
2 4 0.054581 0.338246 0.457189 0.002081 0.147904
2 1 0.005717 0.264907 0.547540 0.003405 0.178431
2 1 0.001125 0.059025 0.874701 0.015364 0.049784
2 1 0.007300 0.149818 0.774569 0.002798 0.065515
2 1 0.002418 0.113870 0.804708 0.023398 0.055607
2 1 0.002343 0.106200 0.801605 0.014086 0.075766
2 1 0.001062 0.066431 0.871923 0.011418 0.049166
2 1 0.000698 0.021337 0.957986 0.005784 0.014196
2 2 0.001895 0.041015 0.835272 0.007502 0.114315
2 2 0.000687 0.013218 0.963301 0.016677 0.006117
2 2 0.000756 0.027901 0.935735 0.003312 0.032296
2 2 0.000558 0.021323 0.915639 0.043265 0.019215
2 2 0.000869 0.014098 0.962331 0.011805 0.010897
2 2 0.000778 0.038737 0.929422 0.011983 0.019080
2 2 0.000318 0.006950 0.978014 0.012673 0.002044
2 2 0.000883 0.020228 0.919718 0.040487 0.018683
2 2 0.001317 0.017392 0.894985 0.077928 0.008377
2 2 0.000545 0.009734 0.868970 0.117854 0.002898
2 2 0.001249 0.022553 0.797567 0.147019 0.031612
2 2 0.002210 0.015549 0.782605 0.190900 0.008735
2 2 0.000295 0.003508 0.870679 0.123774 0.001743
2 2 0.000604 0.004044 0.663964 0.329791 0.001598
2 2 0.000894 0.014033 0.760069 0.205289 0.019715
2 2 0.001109 0.012690 0.865021 0.116010 0.005170
2 2 0.000129 0.001062 0.768133 0.230457 0.000219
2 2 0.001291 0.008767 0.739380 0.245525 0.005037
3 2 0.000526 0.005920 0.439733 0.545966 0.007855
2 2 0.000258 0.003274 0.541077 0.453525 0.001867
2 2 0.000848 0.009705 0.687853 0.291433 0.010160
2 2 0.000652 0.004776 0.749759 0.240130 0.004684
3 2 0.000519 0.004149 0.462158 0.529878 0.003296
2 2 0.000574 0.006388 0.547575 0.443336 0.002127
3 3 0.000562 0.003711 0.404544 0.589040 0.002143
3 3 0.000726 0.005022 0.402516 0.588125 0.003611
3 3 0.000752 0.005377 0.182742 0.807014 0.004116
3 3 0.000475 0.004271 0.238288 0.753155 0.003812
3 3 0.001539 0.006497 0.073953 0.914933 0.003078
3 3 0.001352 0.005364 0.057439 0.933550 0.002295
3 3 0.003991 0.016058 0.161179 0.805949 0.012824
3 3 0.002044 0.008014 0.075864 0.910213 0.003865
3 3 0.003797 0.012896 0.094078 0.881514 0.007715
3 3 0.001399 0.006366 0.134395 0.854419 0.003420
3 3 0.000917 0.003911 0.049298 0.944377 0.001498
3 3 0.003311 0.011000 0.080451 0.899088 0.006151
3 3 0.000650 0.002909 0.042337 0.953075 0.001028
3 3 0.004218 0.013127 0.086498 0.888114 0.008042
3 3 0.000703 0.003082 0.043415 0.951678 0.001121
3 3 0.000783 0.003328 0.044817 0.949810 0.001262
3 3 0.000625 0.002809 0.041580 0.954002 0.000984
3 3 0.001906 0.006966 0.064509 0.923266 0.003353
3 3 0.000742 0.003208 0.044196 0.950665 0.001188
3 3 0.000449 0.002115 0.035896 0.960854 0.000686
3 3 0.000402 0.001922 0.034164 0.962904 0.000608
3 3 0.001074 0.004323 0.050994 0.941822 0.001786
3 3 0.000499 0.002255 0.036650 0.959826 0.000770
3 3 0.000410 0.001954 0.034454 0.962562 0.000620
3 3 0.001575 0.005821 0.058449 0.931432 0.002722
3 3 0.000344 0.001679 0.031842 0.965623 0.000512
3 3 0.001122 0.004521 0.052363 0.940123 0.001872
3 3 0.000365 0.001768 0.032707 0.964614 0.000546
3 3 0.000926 0.003799 0.047684 0.946072 0.001519
3 3 0.000784 0.003229 0.043452 0.951269 0.001267
3 3 0.000831 0.003407 0.044752 0.949659 0.001350
3 3 0.009334 0.023662 0.109953 0.837665 0.019386
3 3 0.001718 0.006231 0.060305 0.928750 0.002996
3 3 0.000639 0.002867 0.042017 0.953467 0.001009
3 3 0.001782 0.006368 0.060690 0.928040 0.003121
3 3 0.003003 0.010393 0.079234 0.901853 0.005517
2 3 0.111855 0.109470 0.438567 0.283772 0.056336
2 3 0.021477 0.054295 0.523657 0.334807 0.065764
2 3 0.017968 0.046650 0.497623 0.389849 0.047910
3 3 0.008820 0.022164 0.469854 0.487487 0.011675
2 3 0.005695 0.017966 0.555620 0.409095 0.011624
2 3 0.007569 0.020815 0.780385 0.173737 0.017494
2 3 0.014337 0.030167 0.778406 0.153046 0.024045
2 3 0.005599 0.016998 0.714677 0.251924 0.010802
2 3 0.003061 0.049447 0.730551 0.172377 0.044564
2 3 0.000780 0.008230 0.862897 0.125828 0.002265
2 2 0.000751 0.014215 0.899823 0.083195 0.002016
2 2 0.003427 0.065816 0.753190 0.146933 0.030634
2 2 0.001191 0.016492 0.913261 0.066712 0.002343
2 2 0.010676 0.050349 0.899265 0.030997 0.008713
2 2 0.004133 0.049020 0.853158 0.076888 0.016801
2 2 0.007607 0.064667 0.806249 0.092881 0.028595
2 2 0.001166 0.028454 0.933676 0.030562 0.006143
2 2 0.001970 0.033593 0.841953 0.106667 0.015817
2 2 0.001162 0.012033 0.957980 0.027023 0.001802
2 2 0.000809 0.014198 0.913650 0.065184 0.006159
2 2 0.001804 0.025036 0.815151 0.144231 0.013778
2 2 0.002546 0.036987 0.895346 0.044901 0.020220
2 2 0.001588 0.034080 0.941540 0.013305 0.009488
2 2 0.000822 0.018497 0.919637 0.051080 0.009964
2 2 0.002604 0.035594 0.854286 0.085776 0.021741
2 2 0.000417 0.007011 0.925130 0.065961 0.001482
2 2 0.001612 0.011175 0.830285 0.150882 0.006046
2 2 0.000729 0.006314 0.838133 0.153824 0.000999
2 2 0.001297 0.013718 0.852941 0.126948 0.005097
3 2 0.004041 0.015559 0.455419 0.514792 0.010189
3 2 0.004057 0.017803 0.362056 0.601783 0.014300
2 2 0.000961 0.005753 0.522077 0.467285 0.003924
2 2 0.007503 0.029381 0.599476 0.330227 0.033413
2 2 0.005836 0.025227 0.636475 0.304150 0.028313
2 2 0.002274 0.010132 0.769282 0.210939 0.007374
2 2 0.002139 0.010062 0.576582 0.404075 0.007141
2 2 0.003607 0.013608 0.817570 0.152150 0.013065
2 2 0.002649 0.011626 0.683773 0.294111 0.007841
2 2 0.001080 0.005941 0.615812 0.373205 0.003961
3 2 0.001136 0.006737 0.272434 0.715124 0.004569
2 2 0.003852 0.013669 0.523238 0.451439 0.007802
2 2 0.003373 0.026146 0.671383 0.280411 0.018687
2 2 0.001067 0.010406 0.712945 0.270473 0.005109
2 2 0.009671 0.023029 0.528950 0.427583 0.010766
2 2 0.002957 0.020806 0.631417 0.328895 0.015925
2 2 0.004129 0.036625 0.579370 0.342965 0.036911
2 2 0.001844 0.008681 0.667337 0.315985 0.006154
3 2 0.000373 0.002236 0.462439 0.534254 0.000698
2 2 0.002730 0.032024 0.850683 0.091749 0.022814
2 2 0.001668 0.014088 0.530205 0.429624 0.024414
2 2 0.006360 0.030149 0.697383 0.212935 0.053173
2 2 0.002248 0.027062 0.731500 0.193998 0.045193
2 2 0.003037 0.018051 0.651931 0.301226 0.025754
2 2 0.002375 0.014165 0.876187 0.098032 0.009241
2 2 0.003373 0.020012 0.618553 0.332402 0.025660
2 2 0.002520 0.010820 0.769781 0.207998 0.008881
2 2 0.002426 0.020624 0.681779 0.241804 0.053368
2 2 0.005287 0.033854 0.639522 0.223940 0.097397
2 2 0.002820 0.039956 0.767430 0.129875 0.059919
2 2 0.005064 0.153777 0.720937 0.027328 0.092894
2 2 0.009798 0.147803 0.563158 0.015255 0.263986
2 2 0.010775 0.159998 0.438462 0.005806 0.384959
4 4 0.016841 0.125951 0.325637 0.007957 0.523614
2 4 0.013605 0.154649 0.443848 0.010962 0.376936
4 4 0.037984 0.070977 0.144596 0.011218 0.735225
4 4 0.019211 0.051817 0.198002 0.009589 0.721381
4 4 0.018230 0.051281 0.215097 0.010508 0.704883
4 4 0.263216 0.123294 0.160751 0.007980 0.444760
4 4 0.010804 0.007534 0.004406 0.000029 0.977228
4 4 0.008543 0.034477 0.012746 0.000014 0.944221
4 4 0.009945 0.005795 0.002618 0.000014 0.981628
4 4 0.013820 0.009667 0.005272 0.000048 0.971194
4 4 0.008436 0.005443 0.003035 0.000014 0.983072
4 4 0.019340 0.012000 0.004891 0.000065 0.963704
4 4 0.013108 0.012816 0.005105 0.000027 0.968943
4 4 0.020693 0.007987 0.001510 0.000016 0.969794
4 4 0.008290 0.005368 0.003026 0.000013 0.983302
4 4 0.013416 0.009317 0.005070 0.000044 0.972152
4 4 0.011862 0.025339 0.009872 0.000027 0.952900
4 4 0.014539 0.018252 0.004253 0.000015 0.962941
4 4 0.019269 0.009181 0.002473 0.000028 0.969049
4 4 0.012410 0.008558 0.003388 0.000020 0.975624
4 4 0.009513 0.006226 0.003424 0.000018 0.980819
4 4 0.018815 0.021267 0.004986 0.000028 0.954904
4 4 0.010262 0.013429 0.006052 0.000020 0.970237
4 4 0.009955 0.006737 0.003853 0.000022 0.979432
4 4 0.015860 0.015542 0.003381 0.000015 0.965202
4 4 0.010412 0.044906 0.023512 0.000045 0.921125
4 4 0.078252 0.268470 0.059196 0.000071 0.594012
4 4 0.023318 0.277691 0.169643 0.000135 0.529214
4 4 0.017272 0.221320 0.091479 0.000042 0.669888
4 4 0.006318 0.155514 0.098500 0.000046 0.739622
4 4 0.059476 0.305930 0.146331 0.000251 0.488013
4 4 0.018669 0.239789 0.137047 0.000106 0.604389
4 4 0.004196 0.186780 0.209893 0.000078 0.599052
4 4 0.005948 0.184413 0.158325 0.000090 0.651223
4 4 0.004613 0.175957 0.183156 0.000075 0.636199
4 4 0.005748 0.248455 0.184150 0.000090 0.561557
4 4 0.007547 0.213737 0.096645 0.000047 0.682023
4 4 0.007279 0.219928 0.096119 0.000042 0.676633
4 4 0.004553 0.197963 0.124453 0.000028 0.673003
4 4 0.018134 0.184313 0.112453 0.000071 0.685029
4 4 0.009119 0.195695 0.109152 0.000041 0.685993
4 4 0.006277 0.227135 0.194375 0.000133 0.572080
