0 0 0.925752 0.035263 0.000788 0.000006 0.038191
0 0 0.850807 0.039362 0.000396 0.000001 0.109434
0 0 0.968757 0.008644 0.000026 0.000000 0.022573
0 0 0.879600 0.044589 0.000444 0.000001 0.075366
1 1 0.349732 0.473952 0.008697 0.000000 0.167618
1 1 0.297896 0.372998 0.004971 0.000000 0.324135
1 1 0.347148 0.360470 0.005757 0.000000 0.286625
0 0 0.964029 0.026889 0.002006 0.000077 0.006999
0 0 0.986293 0.011604 0.000522 0.000011 0.001570
0 0 0.990919 0.007926 0.000252 0.000004 0.000899
0 0 0.989872 0.008014 0.000105 0.000001 0.002008
0 0 0.978460 0.014753 0.000245 0.000001 0.006541
0 0 0.677623 0.197091 0.002223 0.000000 0.123062
0 0 0.667132 0.150865 0.001653 0.000000 0.180349
0 0 0.856206 0.085626 0.000771 0.000000 0.057397
1 1 0.310586 0.383959 0.006052 0.000000 0.299403
1 1 0.244279 0.425230 0.007435 0.000000 0.323056
0 1 0.372141 0.365242 0.004723 0.000000 0.257894
1 1 0.254827 0.415104 0.006749 0.000000 0.323319
1 1 0.252186 0.407731 0.009059 0.000001 0.331023
4 1 0.033745 0.336484 0.031394 0.000008 0.598369
1 1 0.025323 0.473639 0.052793 0.000005 0.448240
4 1 0.100408 0.299273 0.026182 0.000029 0.574108
1 1 0.028496 0.521604 0.061228 0.000006 0.388666
1 1 0.038101 0.569644 0.078917 0.000010 0.313329
1 1 0.015366 0.560629 0.099130 0.000007 0.324868
1 4 0.029378 0.498886 0.090754 0.000023 0.380959
4 4 0.292206 0.295183 0.020123 0.000036 0.392452
1 4 0.035644 0.548870 0.078335 0.000011 0.337140
1 4 0.026066 0.592791 0.073913 0.000004 0.307227
4 4 0.064322 0.169277 0.026235 0.000232 0.739934
1 4 0.024964 0.493737 0.088893 0.000019 0.392388
4 4 0.046468 0.350046 0.047881 0.000036 0.555569
1 4 0.020045 0.465359 0.167017 0.000114 0.347466
1 4 0.007340 0.621046 0.185961 0.000008 0.185645
2 4 0.004682 0.220369 0.635441 0.001797 0.137712
1 4 0.012408 0.449683 0.163475 0.000074 0.374360
1 4 0.011673 0.481492 0.212679 0.000092 0.294064
2 2 0.015777 0.280979 0.428438 0.002503 0.272303
2 2 0.010180 0.250388 0.444514 0.002800 0.292117
1 2 0.142621 0.466264 0.328862 0.001963 0.060289
1 2 0.082494 0.422093 0.395334 0.004096 0.095983
1 2 0.141012 0.412526 0.361110 0.005554 0.079796
0 4 0.635039 0.169659 0.103597 0.026513 0.065192
2 4 0.062520 0.262766 0.555958 0.034917 0.083839
2 4 0.024015 0.202803 0.713608 0.010993 0.048580
2 2 0.037246 0.371856 0.491977 0.005032 0.093888
2 2 0.020023 0.121602 0.793772 0.027722 0.036881
2 2 0.060865 0.218973 0.621898 0.020825 0.077439
2 2 0.017111 0.260626 0.619758 0.005437 0.097067
2 2 0.007173 0.115667 0.828001 0.012299 0.036861
2 2 0.006500 0.094486 0.825911 0.023915 0.049188
2 2 0.004053 0.070014 0.887697 0.017465 0.020770
2 2 0.010574 0.058549 0.804025 0.097608 0.029244
2 2 0.015625 0.226270 0.679709 0.007218 0.071177
2 2 0.010166 0.079007 0.851354 0.038828 0.020644
2 2 0.006566 0.097270 0.803834 0.035961 0.056368
2 2 0.009683 0.092005 0.775392 0.049107 0.073814
2 2 0.007069 0.067539 0.772755 0.102161 0.050475
2 2 0.011928 0.092248 0.839395 0.029036 0.027392
2 2 0.004087 0.013140 0.517076 0.459225 0.006472
2 2 0.019031 0.079448 0.750222 0.128254 0.023045
2 2 0.015430 0.036488 0.770636 0.173470 0.003977
3 2 0.005612 0.010988 0.296208 0.681612 0.005580
2 2 0.013772 0.031042 0.661104 0.288218 0.005864
3 2 0.004549 0.009286 0.482778 0.501017 0.002369
3 2 0.005746 0.015418 0.331346 0.633585 0.013904
2 2 0.021741 0.054995 0.567920 0.334356 0.020988
3 2 0.007516 0.014188 0.385833 0.586512 0.005951
2 2 0.015575 0.028030 0.600656 0.350757 0.004983
3 2 0.002540 0.005285 0.242387 0.746254 0.003534
3 2 0.002918 0.006427 0.278662 0.708512 0.003481
3 2 0.008923 0.014271 0.328762 0.642413 0.005632
3 2 0.003440 0.002835 0.061127 0.929580 0.003017
3 2 0.002945 0.005653 0.187166 0.798741 0.005495
3 2 0.010794 0.027232 0.441278 0.506504 0.014191
3 2 0.002983 0.005226 0.224233 0.764659 0.002898
3 2 0.008097 0.016104 0.292197 0.670687 0.012915
3 2 0.004432 0.013676 0.408551 0.564100 0.009240
3 2 0.003173 0.005215 0.176468 0.811453 0.003692
3 2 0.008105 0.021378 0.359153 0.592898 0.018467
3 2 0.008211 0.018466 0.219956 0.726333 0.027034
3 2 0.005085 0.005231 0.099579 0.885153 0.004952
3 2 0.007083 0.008009 0.111746 0.864334 0.008828
3 2 0.161379 0.095092 0.233728 0.430214 0.079587
2 2 0.035520 0.068779 0.521458 0.350243 0.024000
2 2 0.023796 0.043431 0.484858 0.432810 0.015106
3 2 0.025387 0.041009 0.421127 0.496658 0.015819
2 2 0.032696 0.122522 0.758518 0.071896 0.014367
2 2 0.031792 0.060001 0.508840 0.378219 0.021148
2 2 0.030442 0.053750 0.597215 0.309683 0.008910
2 2 0.013301 0.050223 0.781851 0.144674 0.009951
2 2 0.018747 0.034748 0.530281 0.408229 0.007995
2 2 0.014363 0.050945 0.646764 0.273125 0.014804
2 2 0.022685 0.120922 0.672015 0.131619 0.052759
2 2 0.012748 0.038842 0.593525 0.338182 0.016703
2 2 0.010822 0.048938 0.537979 0.359602 0.042659
3 2 0.009976 0.022062 0.455775 0.502791 0.009396
2 2 0.035657 0.093490 0.644228 0.205519 0.021106
2 2 0.020288 0.044284 0.452563 0.449691 0.033175
2 2 0.027033 0.102559 0.785709 0.073716 0.010983
2 2 0.009614 0.038926 0.684020 0.249364 0.018076
2 2 0.010652 0.064018 0.805906 0.097938 0.021487
3 2 0.004936 0.012813 0.332303 0.634206 0.015742
2 2 0.027712 0.087211 0.691621 0.171831 0.021625
2 2 0.048103 0.272193 0.579925 0.021781 0.077998
2 2 0.036846 0.141566 0.666108 0.100272 0.055208
2 2 0.050458 0.274891 0.585323 0.020981 0.068347
2 2 0.047867 0.115616 0.717300 0.102313 0.016905
2 2 0.024616 0.101638 0.817721 0.043633 0.012392
2 2 0.042228 0.153842 0.737145 0.037258 0.029527
2 2 0.034850 0.093701 0.742286 0.114093 0.015070
2 2 0.034865 0.077670 0.688653 0.182532 0.016280
2 2 0.023321 0.072745 0.798667 0.097726 0.007541
2 2 0.023542 0.117617 0.816452 0.032230 0.010160
2 2 0.036797 0.068970 0.636205 0.246442 0.011586
2 2 0.031836 0.073536 0.760973 0.126366 0.007290
2 2 0.024753 0.164440 0.754585 0.027355 0.028866
2 2 0.025382 0.064577 0.730245 0.171274 0.008523
2 2 0.073374 0.142369 0.693977 0.077045 0.013235
2 2 0.088823 0.423282 0.467244 0.001666 0.018986
2 2 0.129725 0.379694 0.460389 0.005136 0.025055
2 2 0.037470 0.247939 0.677575 0.010809 0.026206
2 2 0.136530 0.370653 0.451557 0.007494 0.033766
1 2 0.128787 0.462165 0.383241 0.001257 0.024550
1 2 0.080571 0.479072 0.414749 0.000784 0.024824
1 2 0.140571 0.410321 0.405759 0.004075 0.039274
1 2 0.105799 0.453356 0.394198 0.001813 0.044833
1 2 0.219222 0.494512 0.262119 0.000550 0.023598
1 2 0.105781 0.474882 0.399290 0.000800 0.019247
0 2 0.802132 0.144020 0.037624 0.000851 0.015372
0 2 0.975332 0.019078 0.003780 0.000488 0.001322
0 0 0.975980 0.019286 0.002651 0.000217 0.001866
0 0 0.982887 0.013653 0.002499 0.000300 0.000662
0 0 0.962245 0.029437 0.004197 0.000286 0.003835
0 0 0.972300 0.021978 0.002877 0.000220 0.002624
0 0 0.687226 0.265577 0.032242 0.000033 0.014922
0 0 0.814399 0.152407 0.021786 0.000098 0.011310
0 0 0.916534 0.066147 0.008296 0.000157 0.008866
0 0 0.458008 0.448459 0.071949 0.000037 0.021548
0 0 0.801750 0.167615 0.011481 0.000015 0.019140
0 0 0.913026 0.076616 0.002863 0.000003 0.007492
0 0 0.988756 0.009742 0.000441 0.000010 0.001051
0 0 0.982623 0.014133 0.000584 0.000011 0.002649
0 0 0.975669 0.018370 0.000612 0.000008 0.005341
0 0 0.975583 0.019076 0.000976 0.000024 0.004342
0 0 0.982525 0.014204 0.000588 0.000011 0.002672
0 0 0.981712 0.015259 0.001256 0.000056 0.001718
0 0 0.971893 0.020610 0.000790 0.000013 0.006694
0 0 0.989388 0.009294 0.000523 0.000015 0.000780
0 0 0.985763 0.012115 0.000683 0.000019 0.001419
0 0 0.976097 0.018727 0.000947 0.000023 0.004206
0 0 0.972033 0.021311 0.001107 0.000027 0.005522
0 0 0.983709 0.013314 0.000514 0.000009 0.002455
0 0 0.985583 0.012111 0.000534 0.000011 0.001761
0 0 0.981009 0.015386 0.000723 0.000016 0.002866
0 0 0.978457 0.017243 0.000905 0.000023 0.003372
0 0 0.983407 0.013638 0.000587 0.000012 0.002357
0 0 0.983519 0.013327 0.000467 0.000007 0.002680
0 0 0.979131 0.017878 0.000778 0.000008 0.002204
0 0 0.932303 0.057068 0.002833 0.000010 0.007786
0 1 0.986302 0.011315 0.000358 0.000005 0.002021
0 0 0.987627 0.010634 0.000511 0.000012 0.001216
0 0 0.954466 0.033770 0.001336 0.000012 0.010416
0 0 0.954441 0.039341 0.002379 0.000015 0.003825
0 0 0.884457 0.099427 0.005286 0.000008 0.010821
0 0 0.768284 0.192658 0.010435 0.000009 0.028614
0 0 0.978850 0.017155 0.001048 0.000032 0.002915
0 0 0.983110 0.013690 0.000515 0.000009 0.002677
0 0 0.992852 0.006426 0.000253 0.000005 0.000464
0 0 0.986618 0.011247 0.000426 0.000007 0.001701
0 0 0.983723 0.013437 0.000590 0.000012 0.002237
0 1 0.979541 0.016296 0.000727 0.000015 0.003421
0 1 0.988902 0.009638 0.000448 0.000010 0.001002
0 0 0.981703 0.015259 0.001199 0.000050 0.001789
0 0 0.988808 0.009764 0.000678 0.000025 0.000726
0 0 0.985070 0.012418 0.000506 0.000010 0.001997
0 0 0.986548 0.011556 0.000778 0.000027 0.001091
0 0 0.983290 0.013834 0.000671 0.000016 0.002190
0 0 0.767414 0.195087 0.009339 0.000006 0.028154
0 0 0.361777 0.308916 0.004042 0.000000 0.325264
4 0 0.164586 0.387666 0.005666 0.000000 0.442082
4 4 0.042974 0.108283 0.002481 0.000001 0.846261
4 4 0.067638 0.266258 0.004543 0.000000 0.661561
4 4 0.050033 0.199921 0.003300 0.000000 0.746747
4 4 0.123912 0.238684 0.003072 0.000000 0.634332
4 4 0.043042 0.165211 0.003650 0.000000 0.788096
4 4 0.047173 0.156559 0.003001 0.000000 0.793267
4 4 0.059595 0.234420 0.003959 0.000000 0.702026
4 4 0.044866 0.168484 0.002732 0.000000 0.783918
4 4 0.075547 0.273098 0.005767 0.000000 0.645587
4 4 0.064307 0.148623 0.003015 0.000001 0.784055
4 4 0.039187 0.207133 0.004865 0.000000 0.748815
4 4 0.051987 0.076521 0.001531 0.000001 0.869960
4 4 0.043249 0.090497 0.001805 0.000001 0.864448
4 4 0.120843 0.016873 0.000282 0.000009 0.861993
4 4 0.041639 0.123939 0.002360 0.000000 0.832061
4 4 0.077995 0.014147 0.000338 0.000020 0.907501
4 4 0.070134 0.012963 0.000309 0.000019 0.916575
4 4 0.077008 0.015000 0.000411 0.000028 0.907554
4 4 0.370596 0.035912 0.000481 0.000005 0.593006
0 4 0.499770 0.044041 0.000607 0.000005 0.455578
0 4 0.507130 0.143381 0.001596 0.000001 0.347893
4 4 0.319185 0.177568 0.003051 0.000001 0.500195
0 4 0.469164 0.199409 0.002744 0.000001 0.328682
4 4 0.371380 0.041415 0.000737 0.000011 0.586456
0 4 0.677869 0.040942 0.000598 0.000006 0.280585
0 4 0.521675 0.045423 0.000614 0.000005 0.432284
0 4 0.597961 0.051843 0.000783 0.000006 0.349408
0 4 0.434836 0.169968 0.001882 0.000000 0.393313
0 4 0.407439 0.267928 0.003428 0.000000 0.321205
0 4 0.398426 0.275299 0.003597 0.000000 0.322677
0 4 0.920554 0.031214 0.000399 0.000002 0.047831
0 4 0.659926 0.197240 0.002161 0.000000 0.140673
1 4 0.287065 0.385426 0.005031 0.000000 0.322477
1 4 0.330545 0.336478 0.004878 0.000000 0.328099
0 4 0.710845 0.164598 0.002456 0.000001 0.122100
0 0 0.948076 0.029818 0.000816 0.000009 0.021282
0 0 0.967124 0.018301 0.000219 0.000001 0.014356
0 0 0.978428 0.014715 0.000239 0.000001 0.006616
0 0 0.987916 0.009878 0.000226 0.000002 0.001977
0 0 0.940327 0.049256 0.001786 0.000005 0.008627
0 0 0.996724 0.003061 0.000066 0.000001 0.000149
0 0 0.996177 0.003559 0.000134 0.000003 0.000128
0 0 0.989752 0.008822 0.000283 0.000004 0.001138
0 0 0.976440 0.016872 0.000415 0.000004 0.006269
0 0 0.965781 0.024702 0.001187 0.000026 0.008304
0 0 0.985691 0.011541 0.000308 0.000003 0.002456
0 0 0.987560 0.010289 0.000279 0.000003 0.001868
0 0 0.931739 0.056445 0.001716 0.000003 0.010097
0 0 0.982621 0.013783 0.000438 0.000006 0.003152
0 0 0.981385 0.013660 0.000271 0.000002 0.004681
0 0 0.984169 0.012631 0.000361 0.000004 0.002835
0 0 0.985341 0.012180 0.000472 0.000008 0.001999
0 0 0.988388 0.009786 0.000293 0.000004 0.001530
0 0 0.991907 0.007077 0.000185 0.000002 0.000829
0 0 0.987426 0.010371 0.000278 0.000003 0.001922
0 0 0.988076 0.010221 0.000420 0.000008 0.001275
0 0 0.988030 0.010151 0.000351 0.000005 0.001463
0 0 0.991900 0.007187 0.000256 0.000004 0.000652
0 0 0.567953 0.329714 0.068309 0.000222 0.033802
1 0 0.104890 0.697356 0.155971 0.000018 0.041764
1 0 0.113460 0.681201 0.145405 0.000025 0.059909
1 1 0.107030 0.697883 0.148154 0.000018 0.046914
1 4 0.208888 0.601926 0.158430 0.000063 0.030693
1 4 0.139070 0.620268 0.207525 0.000082 0.033055
1 4 0.069753 0.580349 0.317986 0.000165 0.031748
1 4 0.062196 0.660002 0.211582 0.000047 0.066172
1 4 0.069031 0.595754 0.288671 0.000154 0.046391
1 2 0.100771 0.612282 0.198658 0.000126 0.088164
1 2 0.103631 0.570459 0.299339 0.000201 0.026369
0 2 0.906277 0.071974 0.015968 0.000496 0.005285
0 2 0.740365 0.190110 0.048655 0.000679 0.020191
1 2 0.250114 0.600270 0.124473 0.000031 0.025111
1 2 0.242973 0.626818 0.104126 0.000015 0.026068
1 2 0.191540 0.572288 0.121277 0.000103 0.114792
1 2 0.068828 0.692032 0.122756 0.000014 0.116370
1 2 0.088550 0.688305 0.166086 0.000026 0.057034
2 2 0.114274 0.350019 0.405559 0.005170 0.124978
1 2 0.322895 0.556659 0.099508 0.000025 0.020912
0 2 0.869347 0.077879 0.015974 0.001918 0.034882
0 2 0.774117 0.187110 0.023113 0.000063 0.015598
0 2 0.727710 0.215259 0.036361 0.000165 0.020504
0 2 0.761670 0.201730 0.019287 0.000028 0.017285
0 2 0.895568 0.079270 0.011855 0.000301 0.013006
0 0 0.953630 0.033993 0.003661 0.000212 0.008503
0 0 0.902026 0.071546 0.005988 0.000088 0.020352
1 0 0.072896 0.678338 0.141858 0.000024 0.106885
1 1 0.087650 0.630248 0.180710 0.000080 0.101312
1 1 0.022643 0.568958 0.244157 0.000092 0.164149
1 2 0.050209 0.508717 0.209264 0.000331 0.231480
0 2 0.495092 0.382160 0.061643 0.000127 0.060977
0 2 0.939317 0.042886 0.007105 0.000689 0.010003
0 2 0.725715 0.230757 0.029338 0.000046 0.014144
1 2 0.103856 0.669393 0.152561 0.000034 0.074156
1 2 0.099763 0.615885 0.129145 0.000055 0.155153
0 2 0.472885 0.403341 0.081049 0.000159 0.042566
1 2 0.168580 0.544190 0.208335 0.000400 0.078495
1 2 0.066102 0.516394 0.280341 0.000653 0.136510
2 2 0.007711 0.289877 0.643228 0.000878 0.058305
2 2 0.022685 0.260297 0.636546 0.005808 0.074663
2 2 0.047914 0.420803 0.504752 0.001320 0.025212
2 2 0.006634 0.130895 0.829488 0.008913 0.024069
2 2 0.002668 0.077428 0.894797 0.007391 0.017715
2 2 0.001836 0.099467 0.861764 0.005617 0.031316
2 2 0.005452 0.097997 0.857181 0.010824 0.028547
2 2 0.048655 0.358916 0.569829 0.003003 0.019597
2 2 0.006955 0.148607 0.814610 0.007376 0.022452
2 2 0.003383 0.048009 0.922957 0.018591 0.007060
2 2 0.007234 0.079383 0.866270 0.027800 0.019313
2 2 0.004638 0.113236 0.853045 0.007393 0.021688
2 2 0.014405 0.104288 0.835833 0.031660 0.013813
2 2 0.028356 0.186862 0.736562 0.023464 0.024757
2 2 0.003240 0.102239 0.853167 0.008780 0.032573
2 2 0.006342 0.165322 0.767637 0.007857 0.052842
2 2 0.006162 0.147078 0.802424 0.004979 0.039357
2 2 0.032170 0.239189 0.648228 0.014342 0.066070
2 2 0.014685 0.314531 0.607559 0.002914 0.060311
2 2 0.015574 0.138375 0.794484 0.019046 0.032520
2 2 0.037543 0.370285 0.556851 0.002847 0.032474
2 2 0.013255 0.174711 0.761195 0.011062 0.039777
2 2 0.007354 0.113682 0.816457 0.014688 0.047819
2 2 0.013026 0.176303 0.767565 0.012486 0.030619
2 2 0.022423 0.174998 0.729698 0.021640 0.051241
2 2 0.007254 0.153534 0.779589 0.009902 0.049721
2 2 0.003706 0.069132 0.900063 0.013009 0.014090
2 2 0.024006 0.101608 0.724934 0.120699 0.028754
2 2 0.012394 0.102114 0.790226 0.058697 0.036570
2 2 0.010956 0.128009 0.736013 0.034181 0.090842
2 2 0.006163 0.112210 0.838024 0.011640 0.031962
2 2 0.016977 0.045578 0.485629 0.425141 0.026676
2 2 0.005367 0.037116 0.772140 0.161801 0.023576
2 2 0.083670 0.111610 0.603834 0.162007 0.038879
2 2 0.127138 0.337665 0.491632 0.012260 0.031305
2 2 0.020160 0.139044 0.789510 0.034131 0.017154
2 2 0.011985 0.120083 0.822137 0.027248 0.018547
2 2 0.122381 0.176554 0.596875 0.072158 0.032032
2 4 0.067949 0.278337 0.610961 0.019154 0.023599
2 4 0.031144 0.061671 0.639421 0.255196 0.012567
2 4 0.021241 0.109620 0.809363 0.049558 0.010218
2 4 0.045159 0.205563 0.681854 0.045989 0.021435
2 4 0.019338 0.103472 0.826111 0.042723 0.008356
2 4 0.029344 0.149173 0.698950 0.085307 0.037226
2 2 0.041091 0.121218 0.751435 0.069826 0.016432
1 2 0.245759 0.428784 0.300473 0.001716 0.023268
2 2 0.069587 0.248416 0.655378 0.012886 0.013733
2 2 0.009692 0.128327 0.831865 0.012494 0.017621
2 2 0.019136 0.122994 0.813211 0.029880 0.014780
2 2 0.021602 0.174241 0.777142 0.010982 0.016032
2 2 0.130137 0.173056 0.571278 0.095817 0.029712
0 2 0.918046 0.045329 0.023239 0.009068 0.004318
1 2 0.165182 0.554522 0.255230 0.000233 0.024833
0 2 0.454440 0.316072 0.211053 0.003036 0.015399
1 2 0.136652 0.523467 0.327952 0.000253 0.011677
0 2 0.463462 0.331411 0.187842 0.001799 0.015486
0 0 0.916382 0.050197 0.020707 0.006126 0.006588
0 0 0.701167 0.226456 0.063286 0.000317 0.008774
0 0 0.465560 0.390500 0.132512 0.000234 0.011194
1 1 0.091925 0.546742 0.337869 0.000267 0.023198
1 1 0.031560 0.458616 0.452079 0.000836 0.056909
2 2 0.026048 0.209752 0.708726 0.016397 0.039078
2 2 0.002665 0.054266 0.903868 0.019314 0.019886
2 2 0.002724 0.088264 0.876767 0.007864 0.024382
2 2 0.004711 0.103469 0.847264 0.011708 0.032848
2 2 0.003641 0.081293 0.871999 0.014475 0.028592
2 2 0.004066 0.064879 0.872604 0.029467 0.028984
2 2 0.007841 0.113403 0.821669 0.017419 0.039667
2 2 0.009095 0.049265 0.785558 0.137725 0.018357
2 2 0.018899 0.098201 0.742693 0.072409 0.067798
1 2 0.253102 0.375121 0.336215 0.005535 0.030027
2 2 0.084962 0.415509 0.464119 0.002749 0.032660
2 2 0.056690 0.116608 0.669598 0.140856 0.016247
2 2 0.012223 0.088449 0.850776 0.036999 0.011553
2 2 0.025022 0.079957 0.789329 0.096015 0.009677
2 2 0.008785 0.096493 0.852935 0.024383 0.017404
2 2 0.003760 0.065089 0.902948 0.014548 0.013655
2 2 0.015449 0.052209 0.770553 0.151229 0.010560
2 2 0.171327 0.196866 0.524389 0.077188 0.030231
0 2 0.413311 0.295113 0.227739 0.013473 0.050365
2 2 0.090096 0.343134 0.522791 0.009835 0.034144
2 2 0.018599 0.067221 0.812007 0.092118 0.010054
2 2 0.022507 0.086816 0.801005 0.078171 0.011502
2 2 0.045240 0.162614 0.715639 0.061363 0.015144
2 2 0.025997 0.095536 0.787338 0.079497 0.011632
2 2 0.031686 0.105857 0.784431 0.065659 0.012367
2 2 0.092291 0.304900 0.565642 0.014491 0.022676
2 2 0.034939 0.158781 0.730951 0.053815 0.021515
2 2 0.059692 0.147466 0.665781 0.107148 0.019913
2 2 0.033968 0.140524 0.749335 0.060755 0.015417
2 2 0.037049 0.157038 0.728172 0.057905 0.019835
2 2 0.015995 0.148319 0.797132 0.022753 0.015800
2 2 0.008813 0.034338 0.871808 0.082675 0.002366
2 2 0.010432 0.044996 0.856757 0.082326 0.005488
2 2 0.013243 0.056203 0.745315 0.173201 0.012036
2 2 0.015084 0.051452 0.772593 0.152912 0.007959
2 2 0.016135 0.045255 0.654087 0.271162 0.013361
2 2 0.036162 0.056462 0.453371 0.430590 0.023415
2 2 0.019660 0.050098 0.625833 0.290118 0.014290
2 2 0.022640 0.155353 0.750556 0.036843 0.034609
2 2 0.016667 0.043524 0.526435 0.391278 0.022097
2 2 0.006532 0.054797 0.790472 0.115621 0.032578
2 2 0.004539 0.119400 0.773117 0.021003 0.081941
2 2 0.004651 0.057637 0.817814 0.076393 0.043505
2 2 0.012466 0.057346 0.602871 0.284666 0.042651
3 2 0.008658 0.012516 0.151686 0.808169 0.018971
2 2 0.013200 0.101856 0.782834 0.069792 0.032319
3 2 0.019199 0.026264 0.303733 0.637454 0.013351
0 2 0.669545 0.128375 0.100178 0.057543 0.044358
2 2 0.155833 0.322253 0.476253 0.016333 0.029328
2 2 0.051216 0.160570 0.678389 0.083046 0.026779
2 2 0.013649 0.056058 0.816185 0.105754 0.008355
2 2 0.014130 0.173602 0.749362 0.017283 0.045623
2 2 0.009792 0.035606 0.662874 0.276272 0.015456
2 2 0.007618 0.066991 0.830928 0.064457 0.030006
2 2 0.016052 0.122996 0.801078 0.033995 0.025880
2 2 0.009099 0.057409 0.741667 0.158485 0.033340
2 2 0.004000 0.118427 0.814167 0.011977 0.051429
2 2 0.012163 0.140804 0.732352 0.037548 0.077132
2 2 0.021124 0.064852 0.731170 0.169083 0.013770
3 2 0.015973 0.032159 0.431575 0.506840 0.013453
2 2 0.027445 0.097935 0.627230 0.211865 0.035525
2 2 0.012196 0.099978 0.789598 0.059822 0.038406
2 2 0.032130 0.123184 0.736919 0.086663 0.021105
2 2 0.019753 0.069100 0.590654 0.286412 0.034081
3 2 0.007819 0.009499 0.176588 0.797890 0.008204
3 2 0.045204 0.075097 0.383341 0.453790 0.042568
2 2 0.029241 0.086427 0.682784 0.183731 0.017817
3 2 0.036856 0.047100 0.448870 0.453416 0.013758
2 2 0.106136 0.169459 0.620017 0.067045 0.037343
1 2 0.304449 0.353922 0.270524 0.008899 0.062206
2 2 0.103514 0.303242 0.529232 0.023639 0.040373
2 2 0.072530 0.136432 0.668764 0.093630 0.028644
2 2 0.067604 0.286744 0.572616 0.019602 0.053433
2 2 0.008535 0.124190 0.810143 0.017687 0.039446
2 2 0.004445 0.064367 0.892669 0.019857 0.018662
2 2 0.021829 0.103791 0.747884 0.076467 0.050030
2 2 0.027932 0.131070 0.771240 0.050085 0.019674
2 2 0.020583 0.082981 0.808745 0.060949 0.026741
2 2 0.051257 0.341571 0.528303 0.009536 0.069333
2 2 0.025022 0.166488 0.745812 0.031105 0.031574
2 2 0.000376 0.005717 0.807626 0.180706 0.005574
2 2 0.003220 0.021629 0.809766 0.155491 0.009894
2 2 0.004346 0.018023 0.749045 0.223810 0.004775
2 2 0.012739 0.055988 0.831791 0.089162 0.010320
2 2 0.000424 0.009847 0.891316 0.088630 0.009783
2 2 0.000554 0.006130 0.732291 0.256044 0.004981
2 2 0.001694 0.028694 0.923985 0.033358 0.012270
2 2 0.001864 0.010505 0.738100 0.245964 0.003567
2 2 0.001264 0.018481 0.825939 0.130917 0.023399
3 2 0.001342 0.003571 0.366716 0.626899 0.001472
2 2 0.003404 0.018346 0.723365 0.244766 0.010119
3 2 0.002451 0.006886 0.385795 0.601569 0.003299
2 2 0.002926 0.012695 0.579111 0.398821 0.006446
3 2 0.002897 0.008007 0.425774 0.559420 0.003902
3 2 0.005157 0.011250 0.243592 0.730942 0.009058
2 2 0.004602 0.011647 0.498256 0.480871 0.004623
3 2 0.001363 0.001357 0.060911 0.935250 0.001119
3 2 0.003808 0.005804 0.223672 0.763510 0.003206
2 2 0.003372 0.008933 0.535427 0.449336 0.002932
3 2 0.001919 0.003647 0.248394 0.744384 0.001656
3 2 0.004513 0.003562 0.054356 0.934025 0.003544
3 3 0.002875 0.002874 0.118884 0.873906 0.001462
3 3 0.006194 0.010461 0.212486 0.763531 0.007328
3 3 0.002245 0.002132 0.049586 0.943463 0.002574
3 3 0.004697 0.003765 0.047382 0.939292 0.004864
3 3 0.004693 0.003910 0.050810 0.935814 0.004773
3 3 0.003314 0.002380 0.041202 0.950508 0.002596
3 3 0.002123 0.001389 0.033983 0.961312 0.001193
3 3 0.003805 0.003053 0.045332 0.944396 0.003414
3 3 0.003057 0.001864 0.029555 0.963563 0.001960
3 3 0.004439 0.003477 0.041098 0.946373 0.004613
3 3 0.004660 0.004569 0.096127 0.891814 0.002830
3 3 0.004279 0.002431 0.038974 0.952405 0.001910
3 3 0.006088 0.004931 0.071834 0.912980 0.004167
3 3 0.003751 0.002464 0.044906 0.946706 0.002173
3 3 0.005236 0.003229 0.043322 0.945076 0.003136
3 3 0.005071 0.003587 0.061729 0.926777 0.002837
3 3 0.005935 0.004780 0.079438 0.906371 0.003476
3 3 0.004137 0.003652 0.053729 0.933992 0.004490
3 3 0.002350 0.002208 0.063081 0.930472 0.001889
3 3 0.007060 0.008595 0.103629 0.870072 0.010644
3 3 0.006872 0.005079 0.061879 0.920789 0.005381
3 3 0.005331 0.003615 0.038575 0.947314 0.005165
3 3 0.013642 0.009090 0.065027 0.900837 0.011403
3 3 0.008778 0.005803 0.042642 0.933416 0.009362
3 3 0.006396 0.004922 0.039708 0.938481 0.010493
3 3 0.012139 0.012359 0.094212 0.866019 0.015271
3 3 0.009616 0.007126 0.065426 0.908932 0.008900
3 3 0.006476 0.004362 0.043455 0.939690 0.006017
3 3 0.018115 0.026535 0.143694 0.766916 0.044739
3 3 0.016441 0.012856 0.104925 0.853447 0.012332
3 3 0.010904 0.007102 0.058532 0.914720 0.008742
3 3 0.053849 0.030470 0.100704 0.765320 0.049656
3 3 0.135992 0.087593 0.289535 0.442388 0.044492
0 0 0.347410 0.208845 0.275677 0.094736 0.073332
2 2 0.084611 0.141670 0.563294 0.184035 0.026389
2 2 0.075236 0.186904 0.603965 0.099023 0.034872
2 2 0.023783 0.051747 0.527502 0.380771 0.016197
2 2 0.061929 0.086187 0.514107 0.319422 0.018356
2 2 0.075536 0.165968 0.617102 0.115912 0.025482
1 2 0.104676 0.602008 0.143155 0.000085 0.150076
1 2 0.050157 0.623935 0.174069 0.000055 0.151785
1 2 0.028097 0.508425 0.284267 0.000328 0.178883
1 2 0.075698 0.541129 0.110958 0.000071 0.272144
1 1 0.055415 0.672340 0.092007 0.000008 0.180230
1 4 0.072532 0.522126 0.190445 0.000326 0.214572
1 4 0.034173 0.605798 0.162823 0.000040 0.197165
4 4 0.160021 0.321683 0.020817 0.000017 0.497463
4 4 0.179570 0.288169 0.016878 0.000016 0.515366
4 4 0.138372 0.152316 0.013476 0.000114 0.695722
4 4 0.281210 0.137966 0.007347 0.000054 0.573422
4 4 0.290679 0.069223 0.004633 0.000272 0.635193
4 4 0.160869 0.195438 0.015501 0.000068 0.628124
4 4 0.226402 0.047109 0.002289 0.000132 0.724068
4 4 0.122902 0.031577 0.001803 0.000185 0.843532
4 4 0.183820 0.055183 0.002866 0.000109 0.758022
4 4 0.201616 0.247204 0.014325 0.000023 0.536833
4 4 0.075356 0.361726 0.023997 0.000007 0.538915
4 4 0.233805 0.228515 0.010011 0.000012 0.527656
4 4 0.190251 0.287678 0.015541 0.000014 0.506516
4 4 0.158085 0.083162 0.002497 0.000011 0.756246
4 4 0.174678 0.050235 0.001295 0.000014 0.773778
4 4 0.175945 0.029206 0.000805 0.000032 0.794012
4 4 0.143144 0.090525 0.002545 0.000007 0.763779
4 4 0.226596 0.100111 0.002084 0.000004 0.671205
4 4 0.151893 0.256227 0.006137 0.000001 0.585741
4 4 0.073971 0.115106 0.003056 0.000002 0.807864
4 4 0.097744 0.144391 0.004590 0.000004 0.753271
1 4 0.210800 0.457900 0.009584 0.000000 0.321715
0 4 0.864789 0.045843 0.000848 0.000005 0.088515
1 4 0.230476 0.429056 0.010899 0.000001 0.329568
4 4 0.084538 0.193136 0.005105 0.000001 0.717221
4 4 0.141950 0.271465 0.006709 0.000001 0.579875
4 4 0.114225 0.168287 0.005375 0.000004 0.712110
4 4 0.132688 0.170134 0.004012 0.000002 0.693165
4 4 0.138955 0.088776 0.002133 0.000004 0.770131
4 4 0.091503 0.223920 0.007273 0.000002 0.677302
4 4 0.276163 0.081316 0.001464 0.000004 0.641053
4 4 0.365944 0.064248 0.001121 0.000006 0.568681
4 4 0.229563 0.158714 0.003358 0.000002 0.608363
4 4 0.082488 0.423227 0.016495 0.000001 0.477790
0 4 0.437009 0.166067 0.004950 0.000009 0.391964
0 4 0.445644 0.226230 0.004245 0.000001 0.323880
1 4 0.247203 0.400724 0.012760 0.000002 0.339312
1 4 0.077320 0.465025 0.016576 0.000001 0.441078
4 4 0.217585 0.335422 0.008959 0.000001 0.438033
1 4 0.113890 0.467569 0.018496 0.000001 0.400044
4 4 0.146815 0.220657 0.008301 0.000005 0.624221
4 4 0.150923 0.344347 0.010021 0.000001 0.494707
4 4 0.141424 0.223654 0.006810 0.000003 0.628109
1 4 0.141299 0.529299 0.022778 0.000002 0.306623
4 4 0.211054 0.363558 0.007205 0.000000 0.418183
4 4 0.146370 0.339440 0.009589 0.000001 0.504599
1 4 0.100067 0.495123 0.014899 0.000000 0.389910
4 4 0.106280 0.416709 0.018107 0.000002 0.458902
4 4 0.077186 0.410567 0.019587 0.000002 0.492658
0 0 0.377738 0.253649 0.012975 0.000022 0.355616
0 0 0.603304 0.282199 0.007692 0.000002 0.106804
1 0 0.386614 0.461608 0.015245 0.000001 0.136532
1 0 0.157005 0.616516 0.021551 0.000001 0.204927
1 0 0.441136 0.494405 0.032346 0.000003 0.032110
1 0 0.330641 0.593041 0.034505 0.000001 0.041811
0 0 0.516723 0.431604 0.021569 0.000002 0.030103
1 0 0.415359 0.518546 0.030499 0.000002 0.035594
0 0 0.629302 0.328615 0.020105 0.000004 0.021973
0 0 0.751499 0.217327 0.010998 0.000004 0.020172
0 0 0.697899 0.273007 0.018315 0.000004 0.010775
0 0 0.549361 0.412973 0.016873 0.000001 0.020792
0 0 0.573743 0.393990 0.017569 0.000001 0.014696
0 0 0.764535 0.202630 0.018859 0.000022 0.013954
0 0 0.872170 0.115462 0.004536 0.000002 0.007830
0 0 0.744359 0.232528 0.012257 0.000003 0.010854
0 0 0.645466 0.327381 0.016843 0.000001 0.010308
1 0 0.313283 0.612440 0.049189 0.000002 0.025086
1 0 0.373165 0.569129 0.035207 0.000001 0.022498
0 0 0.611698 0.357178 0.018944 0.000001 0.012178
0 0 0.976244 0.019263 0.001924 0.000106 0.002463
0 0 0.978801 0.017408 0.001528 0.000072 0.002191
0 0 0.970352 0.023107 0.001783 0.000071 0.004688
0 0 0.957346 0.036073 0.001136 0.000003 0.005441
0 0 0.813693 0.115746 0.003308 0.000005 0.067247
1 0 0.285383 0.457286 0.014198 0.000001 0.243132
0 0 0.430854 0.400882 0.013559 0.000002 0.154703
0 0 0.827051 0.125529 0.004495 0.000006 0.042919
0 0 0.737663 0.123807 0.004295 0.000014 0.134220
1 0 0.336158 0.367124 0.006728 0.000000 0.289990
0 0 0.783609 0.133803 0.002864 0.000002 0.079722
0 0 0.569175 0.322200 0.007877 0.000001 0.100746
0 0 0.712399 0.220686 0.006172 0.000002 0.060741
0 0 0.952306 0.033191 0.002237 0.000073 0.012193
0 0 0.746530 0.159127 0.007843 0.000021 0.086478
0 0 0.888830 0.048006 0.000873 0.000004 0.062287
0 0 0.630009 0.258500 0.008495 0.000003 0.102992
0 0 0.445525 0.443265 0.014159 0.000001 0.097049
1 0 0.197831 0.529738 0.019716 0.000001 0.252714
0 0 0.719307 0.164728 0.005094 0.000006 0.110866
0 1 0.786950 0.138883 0.005595 0.000012 0.068560
0 1 0.661532 0.258913 0.010228 0.000004 0.069323
0 1 0.736193 0.201296 0.005703 0.000002 0.056805
1 1 0.191758 0.589600 0.027946 0.000002 0.190694
1 1 0.019725 0.595929 0.229722 0.000050 0.154573
1 1 0.012449 0.662674 0.199684 0.000010 0.125184
1 1 0.017427 0.610549 0.225817 0.000035 0.146172
1 1 0.012197 0.614327 0.249708 0.000026 0.123742
1 4 0.010868 0.620722 0.251149 0.000021 0.117240
1 4 0.012430 0.653869 0.180301 0.000009 0.153391
1 4 0.011969 0.578522 0.247401 0.000040 0.162068
1 4 0.007869 0.626225 0.261006 0.000014 0.104886
1 4 0.005428 0.559525 0.335633 0.000029 0.099385
2 4 0.004357 0.449984 0.456418 0.000113 0.089128
1 2 0.012043 0.607667 0.257362 0.000029 0.122898
2 2 0.006388 0.363573 0.498069 0.000404 0.131566
1 2 0.008429 0.606946 0.281006 0.000021 0.103597
2 2 0.002929 0.449083 0.489988 0.000065 0.057935
1 2 0.006076 0.530847 0.376549 0.000051 0.086477
2 2 0.003833 0.312277 0.587449 0.000593 0.095848
1 2 0.009707 0.628857 0.249518 0.000016 0.111902
2 2 0.001277 0.145423 0.823007 0.000583 0.029709
1 2 0.003526 0.448904 0.444544 0.000103 0.102923
2 2 0.001900 0.241989 0.720693 0.000225 0.035193
2 2 0.001308 0.235892 0.736357 0.000196 0.026248
2 2 0.005373 0.441565 0.465352 0.000183 0.087527
2 2 0.006237 0.413071 0.500947 0.000265 0.079480
1 2 0.009827 0.442559 0.436844 0.000368 0.110401
2 2 0.002733 0.279097 0.676256 0.000341 0.041573
2 2 0.002516 0.247229 0.711855 0.000425 0.037976
2 2 0.004572 0.284320 0.639591 0.000771 0.070745
2 2 0.000329 0.067147 0.918570 0.001243 0.012711
2 2 0.001322 0.218468 0.738250 0.000482 0.041478
2 2 0.002222 0.413909 0.519829 0.000086 0.063955
2 2 0.001012 0.141802 0.839597 0.000565 0.017023
2 2 0.000661 0.106103 0.875695 0.000685 0.016856
1 2 0.005904 0.453502 0.445659 0.000147 0.094789
1 2 0.053633 0.508835 0.199248 0.000317 0.237967
2 2 0.007000 0.427694 0.435589 0.000338 0.129379
2 2 0.004090 0.438120 0.485903 0.000129 0.071758
2 2 0.001839 0.377021 0.560639 0.000120 0.060381
2 2 0.000779 0.112473 0.856081 0.001794 0.028872
2 2 0.000809 0.221756 0.747530 0.000246 0.029660
2 2 0.001114 0.167979 0.805657 0.000501 0.024750
2 2 0.005049 0.273279 0.675943 0.000245 0.045484
1 2 0.063225 0.592644 0.094035 0.000022 0.250075
1 2 0.050715 0.661759 0.064780 0.000003 0.222743
1 2 0.102976 0.547169 0.057092 0.000014 0.292749
0 0 0.907001 0.060801 0.005323 0.000157 0.026719
0 0 0.959906 0.028938 0.001863 0.000058 0.009235
0 0 0.957260 0.029519 0.000953 0.000009 0.012259
0 0 0.622430 0.332910 0.014516 0.000002 0.030141
0 0 0.477659 0.451760 0.023875 0.000003 0.046703
0 0 0.838479 0.137563 0.005600 0.000004 0.018353
0 0 0.940811 0.044880 0.002707 0.000035 0.011567
0 0 0.755131 0.218579 0.012963 0.000005 0.013323
0 0 0.927851 0.049450 0.005137 0.000231 0.017331
0 0 0.942187 0.038816 0.002277 0.000052 0.016666
0 0 0.675154 0.275485 0.012431 0.000004 0.036926
1 0 0.190536 0.559969 0.023488 0.000001 0.226006
1 0 0.089799 0.606746 0.035473 0.000002 0.267981
1 1 0.201141 0.466510 0.028386 0.000008 0.303956
0 1 0.513402 0.411908 0.013685 0.000001 0.061004
1 1 0.096845 0.592048 0.035324 0.000002 0.275781
1 1 0.021612 0.649044 0.168347 0.000016 0.160982
1 1 0.017936 0.639821 0.180095 0.000017 0.162131
1 1 0.007846 0.596592 0.271526 0.000022 0.124015
1 2 0.033520 0.672867 0.101770 0.000006 0.191836
1 2 0.009676 0.645640 0.233492 0.000012 0.111180
1 2 0.018407 0.687885 0.124063 0.000004 0.169641
2 2 0.002527 0.398556 0.490650 0.000104 0.108162
1 2 0.009859 0.623650 0.226185 0.000016 0.140290
1 2 0.006431 0.467548 0.319596 0.000125 0.206299
1 4 0.004072 0.471499 0.410709 0.000086 0.113634
1 4 0.012871 0.619498 0.186964 0.000016 0.180652
1 4 0.014067 0.675824 0.177799 0.000008 0.132303
2 2 0.002128 0.419169 0.495593 0.000085 0.083026
1 2 0.025436 0.630425 0.135653 0.000014 0.208470
1 2 0.024112 0.716629 0.094561 0.000002 0.164697
1 2 0.036157 0.649130 0.115064 0.000011 0.199638
1 4 0.024224 0.601259 0.204723 0.000048 0.169747
2 4 0.002830 0.278771 0.645856 0.000316 0.072228
1 4 0.020069 0.574239 0.250221 0.000078 0.155393
2 2 0.001399 0.186917 0.779285 0.000382 0.032016
2 2 0.013365 0.412786 0.463973 0.000509 0.109366
2 2 0.003233 0.258541 0.697779 0.000348 0.040098
2 2 0.004425 0.171751 0.785800 0.001569 0.036455
2 2 0.001998 0.154831 0.812705 0.001203 0.029264
2 2 0.007322 0.208417 0.705979 0.002659 0.075622
2 2 0.005619 0.209276 0.736733 0.001629 0.046742
2 2 0.009934 0.299724 0.610910 0.001282 0.078150
2 2 0.004342 0.172036 0.778228 0.002097 0.043298
1 2 0.008617 0.461272 0.430290 0.000241 0.099580
2 2 0.006473 0.159473 0.771989 0.004911 0.057155
2 2 0.006601 0.420845 0.474209 0.000338 0.098006
2 2 0.002595 0.147359 0.820926 0.001928 0.027193
2 2 0.006743 0.277051 0.655849 0.000783 0.059574
2 2 0.033668 0.289084 0.521558 0.005391 0.150298
1 2 0.018628 0.467896 0.401390 0.000522 0.111565
2 2 0.015189 0.421850 0.433530 0.000903 0.128529
2 2 0.005561 0.260867 0.679063 0.000859 0.053651
2 2 0.003404 0.164560 0.780243 0.003019 0.048775
0 4 0.789596 0.127668 0.043246 0.004491 0.034999
0 0 0.563961 0.273415 0.085645 0.001988 0.074992
0 0 0.482503 0.293070 0.117567 0.004298 0.102562
1 0 0.232483 0.435684 0.149800 0.001183 0.180851
1 0 0.098571 0.513716 0.116301 0.000140 0.271271
1 1 0.033768 0.585764 0.183990 0.000066 0.196412
1 1 0.028206 0.580618 0.209585 0.000076 0.181515
1 1 0.028316 0.594068 0.195643 0.000056 0.181916
1 2 0.014861 0.519497 0.332447 0.000169 0.133025
1 2 0.024603 0.566908 0.237942 0.000099 0.170448
2 2 0.005149 0.435105 0.449224 0.000205 0.110317
2 2 0.013667 0.268558 0.630645 0.001776 0.085353
2 2 0.007724 0.421874 0.477832 0.000390 0.092180
2 2 0.003936 0.364608 0.567678 0.000380 0.063397
2 2 0.006260 0.277535 0.651544 0.001231 0.063431
2 2 0.002440 0.193237 0.729103 0.001923 0.073298
2 2 0.008885 0.403752 0.464912 0.000526 0.121925
2 2 0.000945 0.072103 0.904003 0.003990 0.018959
2 2 0.002546 0.168604 0.793469 0.000965 0.034417
2 2 0.007685 0.381602 0.522948 0.000628 0.087137
2 2 0.003153 0.221485 0.708677 0.001336 0.065349
2 2 0.000895 0.040263 0.913447 0.020316 0.025079
2 2 0.002293 0.157787 0.808676 0.001675 0.029569
2 2 0.000839 0.110593 0.861489 0.001781 0.025298
2 2 0.001140 0.066776 0.903807 0.006531 0.021745
2 2 0.001269 0.088920 0.887263 0.003167 0.019381
2 2 0.001269 0.062810 0.867950 0.019703 0.048267
1 2 0.031428 0.479651 0.385552 0.000729 0.102640
2 2 0.002940 0.105045 0.855165 0.006524 0.030326
2 2 0.002231 0.104572 0.847152 0.005319 0.040726
2 2 0.000462 0.055736 0.931056 0.002096 0.010650
2 2 0.001919 0.182550 0.772682 0.001588 0.041260
2 2 0.000866 0.068814 0.907081 0.004172 0.019067
2 2 0.003641 0.175245 0.753175 0.003704 0.064235
2 2 0.000781 0.080335 0.882218 0.004717 0.031948
2 2 0.001613 0.063725 0.868182 0.021489 0.044990
2 2 0.001006 0.103985 0.847338 0.004366 0.043304
2 2 0.000593 0.044121 0.941139 0.004158 0.009988
2 2 0.001924 0.137675 0.820015 0.003179 0.037206
2 2 0.001259 0.096710 0.848395 0.006821 0.046815
2 2 0.001005 0.027933 0.924328 0.030868 0.015866
2 2 0.002737 0.091922 0.870834 0.006176 0.028332
2 2 0.005280 0.103697 0.783913 0.027596 0.079514
2 2 0.002655 0.131327 0.829955 0.003959 0.032104
2 2 0.007523 0.324347 0.585203 0.001506 0.081421
2 2 0.002015 0.075420 0.875263 0.012989 0.034313
2 2 0.002371 0.061333 0.859797 0.031782 0.044718
2 2 0.001467 0.070227 0.887754 0.010307 0.030244
2 2 0.000871 0.095020 0.872286 0.003068 0.028754
2 2 0.001049 0.023615 0.934702 0.029991 0.010643
2 2 0.001198 0.040952 0.908290 0.024618 0.024943
2 2 0.001380 0.071764 0.892029 0.008114 0.026713
2 2 0.001275 0.089373 0.880600 0.004113 0.024640
2 2 0.000727 0.032907 0.938604 0.013984 0.013779
2 2 0.003003 0.051727 0.831487 0.063235 0.050548
2 2 0.008841 0.225989 0.632488 0.005803 0.126879
2 2 0.001053 0.042662 0.933366 0.009843 0.013076
2 2 0.001527 0.054258 0.907781 0.014000 0.022434
2 2 0.000664 0.029977 0.943408 0.013872 0.012079
2 2 0.001225 0.053930 0.919297 0.008635 0.016913
2 2 0.000892 0.037456 0.915566 0.022415 0.023672
2 2 0.001763 0.063306 0.895636 0.013073 0.026222
2 2 0.001453 0.152520 0.817060 0.001081 0.027886
2 2 0.000720 0.050033 0.926359 0.006425 0.016463
2 2 0.004817 0.213527 0.698562 0.002641 0.080453
2 2 0.002344 0.116785 0.846805 0.003285 0.030782
1 2 0.010686 0.489561 0.387428 0.000198 0.112127
2 2 0.003825 0.144801 0.816334 0.003162 0.031877
2 2 0.015406 0.368317 0.505184 0.001044 0.110049
1 2 0.056748 0.493726 0.372036 0.000911 0.076579
1 2 0.011281 0.454353 0.420775 0.000374 0.113216
2 2 0.004670 0.132757 0.803266 0.006402 0.052905
1 2 0.011497 0.450607 0.423444 0.000407 0.114045
1 2 0.009896 0.560775 0.318496 0.000056 0.110778
2 2 0.004267 0.187517 0.767846 0.001373 0.038996
2 2 0.012451 0.291175 0.613604 0.001381 0.081389
1 2 0.039049 0.522409 0.345819 0.000433 0.092289
1 2 0.030276 0.533155 0.276840 0.000245 0.159484
1 2 0.017062 0.551086 0.288377 0.000109 0.143366
2 2 0.005864 0.272645 0.654891 0.001923 0.064677
2 2 0.002445 0.084239 0.869406 0.011145 0.032765
2 2 0.004296 0.442044 0.483697 0.000127 0.069835
2 2 0.003317 0.182089 0.761638 0.001718 0.051238
2 2 0.002560 0.350070 0.600752 0.000146 0.046473
1 2 0.146379 0.398025 0.116142 0.000805 0.338649
1 2 0.027895 0.686353 0.108350 0.000005 0.177398
1 2 0.040164 0.608769 0.140433 0.000032 0.210601
1 2 0.009556 0.588374 0.292380 0.000033 0.109657
1 2 0.034960 0.577204 0.188382 0.000080 0.199374
1 2 0.038167 0.653907 0.104533 0.000009 0.203385
1 2 0.096808 0.641009 0.095582 0.000019 0.166581
0 0 0.806262 0.108940 0.031253 0.004532 0.049014
0 0 0.423598 0.368313 0.033612 0.000051 0.174426
1 0 0.062476 0.614938 0.076691 0.000010 0.245886
1 1 0.065405 0.601921 0.081246 0.000014 0.251415
1 1 0.035862 0.659554 0.106451 0.000008 0.198124
1 1 0.060084 0.641905 0.060141 0.000004 0.237867
1 1 0.046850 0.667318 0.069406 0.000003 0.216423
1 2 0.028391 0.662924 0.128338 0.000010 0.180337
1 2 0.030037 0.690156 0.097562 0.000004 0.182242
1 2 0.037461 0.650115 0.110116 0.000010 0.202297
1 2 0.041327 0.654297 0.094993 0.000008 0.209376
4 2 0.139454 0.297208 0.008577 0.000001 0.554760
4 2 0.044159 0.381548 0.040123 0.000013 0.534156
0 2 0.485354 0.093731 0.001569 0.000004 0.419343
0 2 0.549552 0.066151 0.001810 0.000026 0.382461
0 0 0.360005 0.306930 0.004569 0.000000 0.328495
4 0 0.267736 0.317032 0.005842 0.000001 0.409389
0 0 0.839738 0.053082 0.001213 0.000010 0.105956
0 0 0.725933 0.055755 0.000829 0.000004 0.217479
0 0 0.433731 0.145226 0.002513 0.000002 0.418527
4 0 0.257854 0.298613 0.005837 0.000001 0.437695
4 0 0.203454 0.312830 0.006134 0.000001 0.477581
4 0 0.107687 0.200105 0.005227 0.000001 0.686979
4 1 0.100583 0.205402 0.007887 0.000004 0.686123
4 1 0.129897 0.091661 0.003105 0.000011 0.775325
4 1 0.083502 0.100857 0.003892 0.000009 0.811740
4 4 0.083649 0.213789 0.007268 0.000002 0.695292
4 4 0.179143 0.076316 0.002898 0.000028 0.741615
4 4 0.210283 0.061136 0.001564 0.000013 0.727005
4 4 0.133979 0.028567 0.001162 0.000081 0.836210
4 4 0.128359 0.026508 0.000994 0.000066 0.844073
4 4 0.084685 0.038082 0.001532 0.000034 0.875667
4 4 0.104616 0.150868 0.006090 0.000008 0.738418
4 4 0.123379 0.281042 0.008369 0.000002 0.587209
4 4 0.191679 0.249339 0.005954 0.000001 0.553026
4 4 0.058930 0.110843 0.004322 0.000006 0.825898
4 4 0.084726 0.163630 0.009140 0.000015 0.742489
4 4 0.130648 0.188507 0.005157 0.000002 0.675686
4 4 0.050043 0.224772 0.012261 0.000005 0.712919
4 4 0.065779 0.109303 0.003088 0.000002 0.821828
4 4 0.086035 0.168840 0.004172 0.000001 0.740951
4 4 0.060055 0.083783 0.003286 0.000008 0.852867
4 4 0.126465 0.272640 0.007623 0.000001 0.593271
4 4 0.044555 0.254875 0.013722 0.000003 0.686845
4 4 0.043230 0.154743 0.007810 0.000006 0.794212
4 4 0.045858 0.104035 0.006053 0.000015 0.844038
4 4 0.047019 0.068636 0.002617 0.000007 0.881721
