0 0 0.941274 0.039196 0.004080 0.000132 0.015318
0 0 0.961391 0.022578 0.002811 0.000278 0.012943
0 0 0.865325 0.099259 0.013933 0.000269 0.021213
0 0 0.893053 0.071456 0.011955 0.000590 0.022946
0 0 0.967176 0.018813 0.004214 0.001618 0.008179
0 0 0.839843 0.108486 0.021400 0.000929 0.029342
0 1 0.759106 0.129726 0.016972 0.000388 0.093807
0 0 0.629548 0.223298 0.041730 0.000909 0.104515
0 1 0.940259 0.016557 0.002126 0.000643 0.040414
0 1 0.475346 0.344223 0.054169 0.000376 0.125886
1 0 0.215699 0.498668 0.142481 0.001249 0.141902
0 0 0.919377 0.042240 0.013675 0.005921 0.018787
0 0 0.841405 0.102837 0.026414 0.002175 0.027169
0 0 0.774554 0.159945 0.034158 0.000978 0.030364
0 0 0.643347 0.215482 0.039053 0.000835 0.101283
0 0 0.976730 0.010543 0.002553 0.002572 0.007602
0 0 0.962874 0.016939 0.003986 0.002622 0.013580
0 0 0.840300 0.101806 0.017891 0.000765 0.039237
0 1 0.864529 0.079288 0.017038 0.001645 0.037501
1 0 0.393038 0.418909 0.079036 0.000493 0.108524
0 0 0.957182 0.017976 0.002265 0.000426 0.022151
0 0 0.987638 0.005918 0.000940 0.000642 0.004862
0 0 0.703854 0.210088 0.047632 0.001099 0.037327
0 0 0.471095 0.413642 0.067742 0.000230 0.047291
0 0 0.689909 0.234230 0.038348 0.000352 0.037160
0 0 0.518038 0.363830 0.058077 0.000275 0.059780
0 0 0.506593 0.364019 0.076218 0.000614 0.052556
0 0 0.662961 0.251857 0.043028 0.000405 0.041748
0 0 0.962155 0.022883 0.005572 0.001869 0.007521
0 0 0.992739 0.002776 0.000439 0.000703 0.003343
0 0 0.974157 0.014528 0.003136 0.001441 0.006738
0 0 0.892055 0.069108 0.019559 0.002812 0.016465
0 0 0.975059 0.016520 0.003368 0.000870 0.004182
0 0 0.980832 0.011837 0.002377 0.000934 0.004020
0 0 0.990046 0.005376 0.000684 0.000273 0.003621
0 0 0.980578 0.011492 0.001919 0.000606 0.005405
0 0 0.859094 0.107995 0.013388 0.000163 0.019360
0 0 0.933341 0.041468 0.003346 0.000067 0.021779
0 0 0.987658 0.004753 0.000370 0.000083 0.007137
0 0 0.995366 0.000627 0.000041 0.000075 0.003892
0 0 0.977423 0.010013 0.000998 0.000176 0.011390
0 0 0.981461 0.005513 0.000863 0.000992 0.011171
0 0 0.960148 0.023156 0.003235 0.000404 0.013057
0 0 0.992406 0.000867 0.000077 0.000243 0.006408
0 0 0.991470 0.001853 0.000150 0.000131 0.006395
0 0 0.977147 0.007975 0.000987 0.000433 0.013458
0 0 0.957518 0.021077 0.001323 0.000038 0.020044
0 0 0.989395 0.000346 0.000014 0.000033 0.010212
0 0 0.981907 0.000613 0.000061 0.000682 0.016737
0 0 0.994636 0.001154 0.000084 0.000087 0.004038
0 0 0.989104 0.001117 0.000093 0.000218 0.009469
0 0 0.632026 0.194833 0.028934 0.000539 0.143668
0 0 0.874549 0.029187 0.002677 0.000251 0.093337
0 0 0.814438 0.108216 0.013126 0.000280 0.063940
0 0 0.985912 0.005878 0.000513 0.000114 0.007583
0 0 0.943137 0.017053 0.003172 0.001984 0.034654
0 0 0.992955 0.002182 0.000307 0.000581 0.003975
0 0 0.991713 0.002294 0.000154 0.000061 0.005778
0 0 0.988671 0.003637 0.000552 0.000783 0.006357
0 0 0.992903 0.002828 0.000318 0.000242 0.003709
0 0 0.921028 0.054773 0.010549 0.000781 0.012869
0 0 0.965109 0.019719 0.004894 0.002206 0.008073
0 0 0.947844 0.026289 0.007679 0.004431 0.013757
0 0 0.982810 0.008642 0.001862 0.001539 0.005148
0 0 0.989893 0.005990 0.001039 0.000590 0.002489
0 0 0.949207 0.028723 0.006979 0.002245 0.012847
0 0 0.982430 0.010440 0.002098 0.000990 0.004043
0 0 0.979168 0.011952 0.002562 0.001302 0.005015
0 0 0.994632 0.003367 0.000380 0.000137 0.001484
0 0 0.994114 0.003596 0.000530 0.000316 0.001445
0 0 0.975670 0.015797 0.002560 0.000484 0.005490
0 0 0.994098 0.003610 0.000450 0.000195 0.001648
0 0 0.956427 0.027936 0.004523 0.000539 0.010575
0 0 0.959711 0.030795 0.002958 0.000071 0.006465
0 0 0.966071 0.025361 0.002508 0.000081 0.005978
0 0 0.962330 0.028381 0.003339 0.000135 0.005815
0 0 0.961329 0.029598 0.002312 0.000037 0.006724
0 0 0.976268 0.015197 0.001368 0.000082 0.007086
0 0 0.948080 0.038976 0.002800 0.000031 0.010113
0 0 0.952943 0.035345 0.002417 0.000026 0.009268
0 0 0.965439 0.008395 0.000668 0.000139 0.025359
0 0 0.935201 0.011938 0.001119 0.000297 0.051445
0 0 0.898658 0.042791 0.004133 0.000193 0.054225
0 0 0.929863 0.022021 0.002855 0.000618 0.044644
0 0 0.937006 0.028564 0.003083 0.000250 0.031098
0 0 0.971931 0.012157 0.001336 0.000253 0.014323
0 0 0.912178 0.031086 0.002941 0.000206 0.053588
0 0 0.964279 0.001082 0.000092 0.000465 0.034082
0 0 0.971524 0.006402 0.000477 0.000114 0.021483
0 0 0.797656 0.043747 0.005558 0.000752 0.152287
0 0 0.854774 0.050278 0.008065 0.001183 0.085699
0 0 0.962217 0.011302 0.001223 0.000334 0.024923
0 0 0.970280 0.002284 0.000260 0.000791 0.026385
0 0 0.918080 0.022246 0.002273 0.000318 0.057083
0 0 0.592153 0.215365 0.032295 0.000536 0.159652
0 0 0.913423 0.015048 0.001320 0.000252 0.069957
0 0 0.949495 0.004856 0.000397 0.000256 0.044996
0 0 0.970596 0.007260 0.000846 0.000467 0.020832
0 0 0.977359 0.004674 0.000315 0.000084 0.017568
0 0 0.979696 0.004192 0.000657 0.001270 0.014185
0 0 0.955334 0.014634 0.001585 0.000321 0.028125
0 0 0.989384 0.000679 0.000061 0.000352 0.009523
0 0 0.979558 0.008457 0.001441 0.001004 0.009540
0 0 0.955839 0.020380 0.001759 0.000115 0.021907
0 0 0.982615 0.005217 0.000627 0.000422 0.011119
0 0 0.976428 0.009469 0.000980 0.000219 0.012905
0 0 0.979250 0.008988 0.000870 0.000162 0.010730
0 0 0.989393 0.001930 0.000177 0.000224 0.008275
0 0 0.988797 0.002781 0.000278 0.000249 0.007895
0 0 0.980889 0.006458 0.000665 0.000240 0.011749
0 0 0.979808 0.008158 0.000575 0.000062 0.011397
0 0 0.967225 0.011750 0.001019 0.000140 0.019867
0 0 0.977099 0.008371 0.000872 0.000240 0.013418
0 0 0.942742 0.030600 0.002891 0.000135 0.023632
0 0 0.984077 0.006224 0.000600 0.000168 0.008931
0 0 0.983217 0.006596 0.000739 0.000275 0.009174
0 0 0.981773 0.006604 0.000646 0.000192 0.010784
0 0 0.979073 0.009357 0.000877 0.000142 0.010551
0 0 0.986379 0.005752 0.000704 0.000332 0.006834
0 0 0.963763 0.017565 0.001651 0.000142 0.016879
0 0 0.987259 0.005866 0.000584 0.000157 0.006133
0 0 0.973949 0.014152 0.001380 0.000135 0.010384
0 0 0.908064 0.066116 0.007872 0.000175 0.017774
0 0 0.977900 0.014913 0.002524 0.000492 0.004172
0 0 0.997117 0.001263 0.000140 0.000182 0.001298
0 0 0.995270 0.002551 0.000375 0.000361 0.001443
0 0 0.835805 0.116596 0.023790 0.000876 0.022933
0 0 0.944569 0.036047 0.007215 0.000995 0.011174
0 0 0.994438 0.002759 0.000299 0.000167 0.002337
0 0 0.992369 0.003252 0.000540 0.000743 0.003097
0 0 0.978410 0.010402 0.001279 0.000315 0.009593
0 0 0.929152 0.040648 0.006030 0.000526 0.023645
0 0 0.994018 0.002391 0.000407 0.000795 0.002389
0 0 0.995494 0.001277 0.000140 0.000265 0.002824
0 0 0.992790 0.003819 0.000605 0.000504 0.002282
0 0 0.995428 0.001227 0.000105 0.000127 0.003112
0 0 0.997376 0.000229 0.000012 0.000042 0.002341
0 0 0.982557 0.009165 0.000925 0.000149 0.007205
0 0 0.977693 0.011437 0.002380 0.001448 0.007042
0 0 0.975814 0.015056 0.003197 0.001118 0.004815
0 0 0.979360 0.008712 0.001454 0.000927 0.009548
0 0 0.932820 0.033209 0.003258 0.000169 0.030545
0 0 0.985949 0.002925 0.000307 0.000333 0.010486
0 0 0.986202 0.001759 0.000141 0.000178 0.011720
0 0 0.967679 0.008341 0.000922 0.000388 0.022670
0 0 0.956204 0.013732 0.001289 0.000207 0.028569
0 0 0.942209 0.012816 0.000989 0.000140 0.043847
0 0 0.950799 0.011417 0.000934 0.000162 0.036688
0 0 0.963980 0.010759 0.000963 0.000180 0.024118
0 0 0.938291 0.017392 0.001335 0.000119 0.042862
0 0 0.974199 0.002433 0.000267 0.000628 0.022472
0 0 0.895582 0.041063 0.004139 0.000235 0.058981
0 0 0.960790 0.009712 0.000948 0.000271 0.028279
0 0 0.963214 0.011358 0.001020 0.000178 0.024230
0 0 0.977357 0.004935 0.000369 0.000115 0.017223
0 0 0.963430 0.009703 0.000790 0.000143 0.025934
0 0 0.957878 0.008574 0.000817 0.000284 0.032447
0 0 0.919784 0.022390 0.002256 0.000298 0.055271
0 0 0.955879 0.007601 0.000620 0.000188 0.035711
0 0 0.961407 0.008709 0.000713 0.000161 0.029009
0 0 0.718177 0.051161 0.005464 0.000451 0.224748
0 0 0.755918 0.077104 0.010130 0.000644 0.156204
0 0 0.803865 0.028094 0.003093 0.000591 0.164357
0 0 0.800691 0.006653 0.000658 0.000814 0.191185
0 0 0.676704 0.058504 0.007988 0.000978 0.255825
0 0 0.773957 0.073443 0.009372 0.000579 0.142648
0 0 0.768683 0.046427 0.005356 0.000566 0.178968
0 0 0.801137 0.047253 0.006215 0.000797 0.144598
0 0 0.697754 0.096368 0.010683 0.000354 0.194842
0 0 0.909193 0.013638 0.001340 0.000396 0.075433
0 0 0.877963 0.009164 0.001207 0.001464 0.110202
0 0 0.763599 0.056961 0.006066 0.000390 0.172985
0 1 0.420514 0.309406 0.031357 0.000118 0.238605
1 1 0.193318 0.555437 0.082350 0.000138 0.168757
1 1 0.198125 0.514230 0.078933 0.000183 0.208530
1 1 0.145045 0.526186 0.083700 0.000170 0.244899
1 2 0.141272 0.435650 0.149376 0.002395 0.271307
4 2 0.096686 0.365454 0.141383 0.003396 0.393081
4 2 0.094471 0.372246 0.129616 0.002362 0.401306
4 1 0.093748 0.351633 0.148856 0.004572 0.401190
4 2 0.038399 0.264277 0.087539 0.000919 0.608865
4 4 0.018316 0.195509 0.167536 0.003439 0.615200
4 4 0.029607 0.227470 0.180088 0.005769 0.557066
4 4 0.015538 0.135342 0.034761 0.000412 0.813948
4 4 0.018168 0.165995 0.089353 0.002245 0.724239
4 4 0.014958 0.156126 0.080541 0.001486 0.746889
4 4 0.014902 0.143112 0.059129 0.001191 0.781666
4 4 0.018621 0.147759 0.054907 0.001528 0.777186
4 4 0.019260 0.173158 0.100448 0.002676 0.704458
4 0 0.020618 0.058602 0.016212 0.001002 0.903566
4 4 0.079872 0.115196 0.028334 0.001515 0.775083
4 4 0.018451 0.160996 0.042256 0.000465 0.777832
4 1 0.023030 0.142384 0.029447 0.000275 0.804864
4 1 0.050497 0.320030 0.058924 0.000218 0.570331
4 4 0.024480 0.184968 0.055831 0.000860 0.733860
4 1 0.019324 0.028907 0.006116 0.000537 0.945115
4 1 0.087984 0.148427 0.023614 0.000344 0.739632
4 1 0.029135 0.193520 0.053639 0.000734 0.722971
4 1 0.039119 0.253756 0.066453 0.000656 0.640017
4 4 0.028964 0.218344 0.051534 0.000402 0.700756
4 1 0.054910 0.150016 0.031931 0.000606 0.762536
4 1 0.079685 0.060501 0.010679 0.000694 0.848440
4 1 0.049077 0.295799 0.063664 0.000375 0.591084
4 4 0.175928 0.112361 0.019175 0.000849 0.691687
4 4 0.065669 0.368936 0.066830 0.000227 0.498339
4 4 0.049408 0.118219 0.019684 0.000282 0.812407
4 4 0.045079 0.290870 0.061129 0.000328 0.602594
4 4 0.042201 0.263002 0.070949 0.000750 0.623097
4 4 0.053745 0.312894 0.072279 0.000486 0.560595
4 4 0.048863 0.149242 0.027047 0.000326 0.774522
4 4 0.051907 0.190592 0.043290 0.000625 0.713586
4 4 0.077166 0.176088 0.038065 0.000768 0.707913
4 4 0.053122 0.306441 0.074989 0.000589 0.564859
4 4 0.061436 0.350375 0.068219 0.000284 0.519686
4 4 0.037853 0.234529 0.077249 0.001413 0.648956
4 4 0.034342 0.236779 0.060446 0.000568 0.667865
4 4 0.037345 0.242555 0.068178 0.000819 0.651103
4 4 0.073101 0.286140 0.048829 0.000249 0.591681
4 4 0.034798 0.218336 0.080524 0.001942 0.664400
4 4 0.035448 0.244018 0.075780 0.000877 0.643877
2 4 0.032052 0.300340 0.399771 0.003653 0.264184
2 4 0.021795 0.212114 0.486983 0.015288 0.263820
2 4 0.038556 0.330061 0.343116 0.002705 0.285562
2 2 0.024767 0.247498 0.404609 0.007263 0.315863
2 2 0.010498 0.157029 0.721471 0.006415 0.104588
2 2 0.032647 0.281978 0.516104 0.005306 0.163965
2 2 0.016611 0.178962 0.696059 0.009355 0.099013
2 2 0.016218 0.180041 0.716241 0.006710 0.080790
2 2 0.024384 0.223749 0.575120 0.011453 0.165295
2 2 0.023972 0.247466 0.528129 0.006408 0.194025
2 2 0.015922 0.140137 0.767828 0.017919 0.058193
2 1 0.027428 0.219016 0.584739 0.015763 0.153054
2 2 0.046244 0.310081 0.501438 0.005818 0.136419
2 2 0.030736 0.269315 0.508984 0.006687 0.184278
2 1 0.056290 0.371678 0.423215 0.002544 0.146273
4 2 0.043193 0.299000 0.272092 0.005587 0.380128
2 2 0.011446 0.139662 0.739047 0.014733 0.095112
2 2 0.013239 0.188745 0.624546 0.006398 0.167072
2 2 0.015164 0.098507 0.798795 0.051535 0.036000
2 2 0.024527 0.218696 0.610914 0.010323 0.135540
2 2 0.011497 0.067804 0.757704 0.130861 0.032134
2 2 0.022329 0.090331 0.698705 0.152573 0.036063
2 2 0.019858 0.111021 0.651321 0.129721 0.088080
2 2 0.023262 0.116165 0.728636 0.084669 0.047268
2 2 0.032201 0.103478 0.573605 0.235571 0.055145
2 3 0.032248 0.135782 0.668288 0.103283 0.060400
2 2 0.012339 0.053272 0.591114 0.309680 0.033595
2 3 0.010470 0.064762 0.726749 0.158457 0.039562
2 3 0.026404 0.095095 0.593117 0.231511 0.053874
2 3 0.025902 0.080581 0.448862 0.373679 0.070976
2 3 0.065749 0.188600 0.519240 0.127360 0.099051
2 3 0.022363 0.111111 0.710692 0.104085 0.051749
2 3 0.017121 0.066528 0.617408 0.263921 0.035022
2 2 0.011271 0.039934 0.483726 0.439331 0.025738
2 3 0.043060 0.162847 0.599390 0.109737 0.084966
3 3 0.012375 0.037790 0.412634 0.511522 0.025679
2 3 0.045449 0.182343 0.605256 0.078945 0.088007
2 2 0.019975 0.078318 0.681430 0.187845 0.032433
2 2 0.038938 0.141454 0.651518 0.111603 0.056486
2 2 0.068600 0.192460 0.550448 0.110220 0.078272
2 2 0.010767 0.040704 0.593607 0.336155 0.018766
2 3 0.030058 0.104791 0.499291 0.277220 0.088641
2 2 0.020681 0.061521 0.493616 0.388265 0.035917
2 2 0.035779 0.121533 0.500430 0.245663 0.096594
2 2 0.017659 0.079589 0.625653 0.225526 0.051573
2 3 0.019702 0.069016 0.509178 0.352501 0.049603
3 2 0.008271 0.022723 0.327471 0.626670 0.014865
2 2 0.024476 0.085095 0.509550 0.316815 0.064065
2 3 0.011668 0.041109 0.483281 0.437244 0.026698
3 3 0.012601 0.035538 0.373793 0.553324 0.024744
3 3 0.015913 0.042280 0.361694 0.548958 0.031155
3 3 0.012821 0.041653 0.447475 0.470007 0.028043
3 3 0.011313 0.030594 0.344972 0.591953 0.021167
3 3 0.011381 0.038682 0.462291 0.462427 0.025218
2 3 0.031706 0.096093 0.443688 0.344113 0.084401
3 3 0.025952 0.066977 0.379033 0.474348 0.053690
3 3 0.012182 0.038401 0.427869 0.495736 0.025811
3 3 0.009920 0.018780 0.256517 0.699106 0.015676
3 3 0.038387 0.095302 0.393328 0.396890 0.076093
3 3 0.022366 0.059163 0.379031 0.492209 0.047231
3 3 0.015885 0.042809 0.368404 0.541489 0.031413
3 3 0.010005 0.027224 0.338279 0.606068 0.018423
3 3 0.013800 0.040821 0.404519 0.512351 0.028508
3 3 0.011568 0.037721 0.441630 0.484169 0.024912
3 3 0.007472 0.021022 0.330422 0.627653 0.013432
3 3 0.013656 0.036576 0.354602 0.568973 0.026193
3 3 0.011874 0.032032 0.347527 0.586209 0.022358
3 3 0.004093 0.004394 0.123022 0.863916 0.004575
3 3 0.009569 0.028336 0.376247 0.567269 0.018578
3 3 0.005085 0.012975 0.276618 0.697063 0.008259
3 3 0.008795 0.024088 0.331007 0.620180 0.015930
3 3 0.005629 0.012893 0.260248 0.712356 0.008874
3 3 0.011484 0.031034 0.345772 0.590179 0.021531
3 3 0.018566 0.048924 0.367967 0.527417 0.037126
3 3 0.006759 0.018754 0.315601 0.647044 0.011842
3 3 0.012124 0.032672 0.348612 0.583701 0.022891
3 3 0.011562 0.031232 0.346126 0.589385 0.021694
3 3 0.005605 0.015693 0.304392 0.664716 0.009594
3 3 0.014749 0.039344 0.358266 0.559059 0.028582
3 3 0.010640 0.028865 0.341669 0.599075 0.019751
3 3 0.008168 0.023167 0.338768 0.614315 0.015581
3 3 0.007110 0.019679 0.318606 0.642067 0.012537
3 3 0.011754 0.031725 0.346995 0.587424 0.022103
3 3 0.012950 0.034781 0.351976 0.575627 0.024665
3 3 0.008715 0.023878 0.330481 0.621160 0.015766
3 3 0.003891 0.003445 0.101250 0.887404 0.004011
3 3 0.005795 0.008718 0.184227 0.793516 0.007744
3 3 0.006109 0.017032 0.309558 0.656733 0.010568
3 3 0.008904 0.024372 0.331715 0.618855 0.016154
3 3 0.007130 0.019731 0.318772 0.641791 0.012576
3 3 0.008434 0.023146 0.328595 0.624631 0.015194
3 3 0.015668 0.041664 0.361011 0.551046 0.030612
3 3 0.009945 0.027072 0.337951 0.606731 0.018301
3 3 0.009937 0.019859 0.267869 0.686275 0.016060
3 3 0.004472 0.009215 0.224772 0.755002 0.006540
3 3 0.017375 0.045949 0.365392 0.536856 0.034428
3 3 0.008770 0.015954 0.241114 0.720764 0.013397
3 3 0.012509 0.033655 0.350219 0.579903 0.023715
3 3 0.009169 0.025060 0.333381 0.615694 0.016696
3 3 0.008079 0.014032 0.227391 0.738526 0.011972
3 3 0.024342 0.063191 0.376086 0.485798 0.050583
3 3 0.018471 0.048686 0.367774 0.528161 0.036909
3 3 0.021175 0.044063 0.329254 0.562086 0.043422
3 3 0.019619 0.035417 0.290730 0.618469 0.035764
3 3 0.011998 0.016613 0.207905 0.746330 0.017154
3 3 0.011140 0.025681 0.306439 0.637308 0.019432
2 3 0.036787 0.090295 0.403775 0.402350 0.066793
3 3 0.014235 0.023977 0.256384 0.683229 0.022175
3 3 0.022040 0.065120 0.417460 0.437327 0.058053
2 3 0.033923 0.093129 0.400538 0.385725 0.086686
2 2 0.052554 0.158521 0.378929 0.217531 0.192465
2 2 0.116166 0.325804 0.383859 0.031971 0.142200
1 2 0.153968 0.374321 0.366128 0.014642 0.090941
2 2 0.079741 0.315443 0.452867 0.018444 0.133505
2 2 0.092951 0.315319 0.435351 0.025176 0.131203
2 0 0.111303 0.349086 0.408022 0.016301 0.115289
1 1 0.315210 0.393140 0.227708 0.011327 0.052616
2 1 0.090913 0.326106 0.368448 0.022210 0.192323
2 2 0.084639 0.313422 0.434518 0.022870 0.144551
2 2 0.021183 0.114336 0.770590 0.056991 0.036901
2 2 0.025971 0.252789 0.483971 0.007290 0.229979
2 2 0.030060 0.255929 0.505998 0.009291 0.198722
2 2 0.020045 0.206864 0.567723 0.011411 0.193957
2 1 0.024788 0.236110 0.548280 0.008896 0.181926
2 2 0.043883 0.308583 0.359972 0.006377 0.281186
2 2 0.024577 0.229714 0.541420 0.010558 0.193730
2 1 0.058725 0.377290 0.380315 0.002732 0.180938
1 1 0.070094 0.388667 0.282936 0.002958 0.255346
2 2 0.035781 0.340641 0.383628 0.001855 0.238094
1 2 0.049964 0.412531 0.335442 0.000872 0.201191
1 2 0.132293 0.491485 0.246378 0.001183 0.128662
2 2 0.029015 0.265483 0.527650 0.006106 0.171745
1 2 0.057358 0.385609 0.329592 0.002154 0.225287
1 2 0.084226 0.457427 0.257210 0.001061 0.200076
1 2 0.052570 0.398981 0.385913 0.001266 0.161271
2 2 0.020067 0.270716 0.526150 0.002055 0.181012
2 2 0.031274 0.295864 0.504650 0.003380 0.164832
2 2 0.031717 0.260216 0.484833 0.009777 0.213458
1 1 0.109056 0.420603 0.243969 0.003676 0.222696
4 1 0.128140 0.268794 0.060782 0.000998 0.541287
1 1 0.055695 0.432712 0.235670 0.000579 0.275343
2 2 0.034759 0.352526 0.462361 0.001139 0.149215
1 1 0.052465 0.424086 0.315253 0.000762 0.207435
1 1 0.123834 0.516711 0.139391 0.000377 0.219687
1 1 0.191016 0.566370 0.083455 0.000128 0.159031
1 1 0.058036 0.415229 0.300187 0.001143 0.225405
1 1 0.126000 0.516893 0.171298 0.000520 0.185289
1 1 0.103222 0.485418 0.190896 0.000719 0.219746
1 1 0.065425 0.421243 0.234739 0.001070 0.277522
1 2 0.063089 0.413144 0.351461 0.001485 0.170820
2 2 0.037345 0.315848 0.468704 0.003444 0.174659
2 2 0.048417 0.379323 0.410832 0.001557 0.159871
1 2 0.092162 0.518896 0.207615 0.000330 0.180998
1 2 0.109964 0.515243 0.177100 0.000429 0.197264
2 2 0.050537 0.378172 0.405210 0.001798 0.164284
1 2 0.064123 0.438093 0.269913 0.000856 0.227015
1 1 0.062196 0.416053 0.385314 0.001230 0.135208
1 1 0.105935 0.506701 0.198617 0.000532 0.188215
1 1 0.177293 0.523484 0.106995 0.000405 0.191823
1 1 0.128047 0.558375 0.131159 0.000172 0.182246
1 1 0.204295 0.554823 0.127937 0.000313 0.112632
1 1 0.277944 0.528262 0.115268 0.000448 0.078078
1 2 0.127335 0.544891 0.202189 0.000339 0.125246
1 2 0.208912 0.540831 0.144229 0.000477 0.105551
1 2 0.236116 0.559140 0.104309 0.000226 0.100208
1 2 0.203505 0.564291 0.129182 0.000251 0.102771
1 2 0.185571 0.544743 0.160076 0.000447 0.109162
1 2 0.152112 0.535886 0.175665 0.000487 0.135851
1 2 0.123192 0.497202 0.214097 0.000906 0.164602
1 2 0.126958 0.478207 0.239215 0.001491 0.154129
1 2 0.135906 0.541100 0.194342 0.000398 0.128255
1 2 0.132403 0.513587 0.201694 0.000702 0.151615
1 2 0.072155 0.416516 0.377641 0.001708 0.131980
1 2 0.089917 0.448084 0.323340 0.001485 0.137173
1 0 0.337065 0.487286 0.128452 0.000766 0.046432
0 1 0.667827 0.251956 0.039648 0.000305 0.040264
1 1 0.216574 0.538191 0.109785 0.000389 0.135060
1 1 0.208161 0.513301 0.142494 0.000889 0.135155
1 2 0.147546 0.484972 0.252009 0.001546 0.113927
1 2 0.074637 0.456673 0.329776 0.000833 0.138081
1 2 0.096237 0.465627 0.250907 0.001179 0.186050
1 2 0.110264 0.441407 0.219462 0.002245 0.226622
1 2 0.085392 0.449601 0.216995 0.001077 0.246935
1 0 0.153260 0.466735 0.194916 0.002233 0.182856
1 0 0.325274 0.438184 0.132496 0.001885 0.102161
0 1 0.561121 0.264956 0.088700 0.004546 0.080678
1 1 0.193982 0.441818 0.086720 0.000503 0.276977
1 1 0.190250 0.556740 0.089454 0.000174 0.163383
1 1 0.178857 0.547426 0.091062 0.000198 0.182458
1 1 0.165159 0.510513 0.109130 0.000475 0.214723
1 1 0.180487 0.500477 0.126734 0.000848 0.191455
1 1 0.093168 0.445105 0.181291 0.001108 0.279328
1 1 0.075541 0.439312 0.228385 0.001043 0.255719
1 1 0.064843 0.385656 0.280487 0.002583 0.266431
1 1 0.154798 0.471461 0.140353 0.001332 0.232056
1 1 0.209617 0.549743 0.099745 0.000261 0.140635
1 1 0.162173 0.504809 0.137499 0.000751 0.194768
1 1 0.117292 0.492387 0.180604 0.000767 0.208950
1 1 0.079889 0.424767 0.312820 0.001989 0.180534
1 1 0.112140 0.458944 0.275809 0.001860 0.151245
2 0 0.055279 0.336916 0.498250 0.004028 0.105528
1 1 0.342072 0.430192 0.160730 0.003074 0.063931
1 1 0.218571 0.526613 0.119323 0.000559 0.134933
1 1 0.116057 0.486763 0.231927 0.001057 0.164196
1 1 0.068066 0.437182 0.339046 0.001046 0.154659
2 2 0.058898 0.365856 0.398304 0.003485 0.173457
2 2 0.038854 0.322876 0.538968 0.002060 0.097242
1 2 0.080361 0.439022 0.338390 0.001419 0.140809
1 2 0.066816 0.416866 0.358192 0.001533 0.156593
1 2 0.100167 0.469217 0.302224 0.001165 0.127228
1 2 0.122107 0.489391 0.277126 0.001042 0.110334
1 2 0.064811 0.401386 0.391225 0.001877 0.140701
2 2 0.031500 0.274510 0.555826 0.004998 0.133166
2 2 0.056872 0.386115 0.453671 0.001478 0.101864
2 2 0.056637 0.378711 0.434984 0.002041 0.127627
1 2 0.068204 0.435315 0.367909 0.001003 0.127569
1 2 0.084789 0.445971 0.351501 0.001260 0.116479
1 2 0.075407 0.417345 0.365931 0.001913 0.139404
1 2 0.083481 0.430582 0.359506 0.001729 0.124702
1 2 0.089637 0.454253 0.340627 0.001190 0.114292
1 2 0.239106 0.459418 0.246375 0.002547 0.052552
1 2 0.256504 0.454439 0.200925 0.003921 0.084210
1 0 0.329825 0.465662 0.152347 0.001635 0.050532
0 0 0.662882 0.264084 0.043586 0.000291 0.029158
0 0 0.982964 0.008732 0.001811 0.001351 0.005142
0 0 0.985525 0.007038 0.001368 0.001164 0.004906
0 0 0.805592 0.139856 0.024683 0.000559 0.029310
0 0 0.988898 0.003522 0.000498 0.000632 0.006451
0 0 0.953405 0.031037 0.005608 0.000687 0.009263
0 0 0.974943 0.017304 0.003353 0.000677 0.003723
0 0 0.793639 0.153945 0.030586 0.000655 0.021175
1 0 0.382212 0.516930 0.069969 0.000074 0.030816
1 0 0.308784 0.574253 0.062797 0.000040 0.054126
0 0 0.955144 0.022468 0.002996 0.000429 0.018962
0 0 0.985682 0.006301 0.001130 0.001030 0.005858
0 0 0.877547 0.084335 0.013235 0.000455 0.024428
0 1 0.491360 0.403956 0.061463 0.000179 0.043041
1 1 0.332723 0.514217 0.094903 0.000258 0.057899
1 1 0.294504 0.525760 0.109458 0.000380 0.069898
1 1 0.293259 0.541845 0.099526 0.000238 0.065131
4 1 0.027565 0.219108 0.045405 0.000252 0.707669
4 1 0.034666 0.210400 0.033970 0.000139 0.720825
4 1 0.015070 0.131297 0.046022 0.001126 0.806485
4 4 0.040352 0.180863 0.032614 0.000246 0.745925
4 4 0.016240 0.046561 0.011058 0.000550 0.925591
4 4 0.025211 0.040847 0.007355 0.000340 0.926247
4 4 0.028638 0.042520 0.006712 0.000241 0.921888
4 4 0.032156 0.083956 0.015093 0.000299 0.868495
4 4 0.027235 0.027838 0.005154 0.000470 0.939303
4 4 0.021259 0.103665 0.024511 0.000469 0.850095
4 4 0.033989 0.048882 0.006631 0.000159 0.910339
4 4 0.024406 0.007230 0.001032 0.000322 0.967010
4 4 0.014668 0.033225 0.005689 0.000199 0.946219
4 4 0.017058 0.017274 0.002968 0.000303 0.962396
4 4 0.025287 0.012411 0.002143 0.000495 0.959663
4 4 0.020335 0.082926 0.014082 0.000170 0.882487
4 4 0.027927 0.127064 0.025285 0.000303 0.819421
4 4 0.026358 0.003380 0.000389 0.000231 0.969643
4 4 0.048606 0.002569 0.000287 0.000391 0.948147
4 4 0.037675 0.064095 0.012693 0.000533 0.885005
4 4 0.015878 0.141395 0.029284 0.000203 0.813240
4 4 0.038981 0.270392 0.054721 0.000271 0.635635
4 4 0.024742 0.176415 0.033232 0.000192 0.765420
4 1 0.043923 0.296725 0.060855 0.000266 0.598232
4 1 0.048374 0.311501 0.058175 0.000225 0.581725
4 1 0.037231 0.272630 0.068311 0.000386 0.621443
4 1 0.040808 0.269989 0.060990 0.000403 0.627810
4 1 0.037679 0.288366 0.052651 0.000149 0.621155
4 1 0.050922 0.321342 0.059280 0.000220 0.568236
4 1 0.077779 0.417129 0.063756 0.000133 0.441202
4 1 0.066917 0.384974 0.060694 0.000142 0.487273
4 1 0.041431 0.297699 0.051052 0.000145 0.609672
4 1 0.042495 0.302783 0.054913 0.000166 0.599643
4 1 0.048932 0.327283 0.056298 0.000155 0.567333
4 1 0.041541 0.324450 0.066885 0.000158 0.566965
4 1 0.028887 0.332223 0.064495 0.000046 0.574349
4 1 0.033794 0.277870 0.076623 0.000343 0.611370
4 1 0.050170 0.325627 0.059369 0.000194 0.564640
4 1 0.059522 0.379950 0.082130 0.000230 0.478168
4 1 0.044751 0.391444 0.093733 0.000117 0.469956
1 0 0.148793 0.573120 0.135017 0.000171 0.142900
1 0 0.385569 0.398979 0.086326 0.000853 0.128274
1 1 0.263438 0.582410 0.076191 0.000076 0.077885
1 1 0.162143 0.514266 0.141611 0.000654 0.181326
1 1 0.152833 0.544589 0.097666 0.000184 0.204728
1 1 0.136171 0.552633 0.160314 0.000274 0.150607
1 1 0.132306 0.506691 0.192369 0.000779 0.167854
1 1 0.113631 0.540073 0.180477 0.000291 0.165529
1 1 0.145069 0.563462 0.140417 0.000210 0.150843
1 1 0.096545 0.463980 0.263008 0.001254 0.175213
1 1 0.090276 0.494945 0.237337 0.000556 0.176885
1 1 0.101137 0.507035 0.191510 0.000462 0.199856
1 1 0.096598 0.487023 0.188824 0.000596 0.226959
1 1 0.082749 0.494389 0.270165 0.000488 0.152208
1 1 0.109814 0.513771 0.209976 0.000521 0.165918
1 2 0.108246 0.520004 0.186106 0.000403 0.185241
1 1 0.047899 0.398017 0.385848 0.001039 0.167197
1 2 0.085328 0.464462 0.277121 0.000978 0.172112
1 2 0.056212 0.414441 0.367956 0.001077 0.160315
2 1 0.060891 0.407301 0.414438 0.001264 0.116107
1 2 0.107498 0.502107 0.225687 0.000662 0.164047
1 2 0.125624 0.502925 0.208473 0.000820 0.162159
2 2 0.047931 0.354110 0.481739 0.002071 0.114148
1 2 0.050043 0.407966 0.382316 0.000923 0.158752
2 2 0.048174 0.383615 0.403205 0.001417 0.163588
2 0 0.027819 0.284082 0.588650 0.002005 0.097443
1 0 0.119624 0.491410 0.246680 0.001024 0.141263
1 1 0.233543 0.575745 0.083762 0.000116 0.106833
1 0 0.188680 0.530441 0.107340 0.000389 0.173150
1 0 0.222436 0.552728 0.099619 0.000251 0.124967
1 1 0.215865 0.563669 0.090924 0.000172 0.129371
1 1 0.151039 0.520200 0.092456 0.000249 0.236056
1 1 0.107064 0.500690 0.160410 0.000461 0.231375
1 0 0.176648 0.539898 0.095051 0.000241 0.188162
0 0 0.490443 0.336641 0.064365 0.000680 0.107870
1 1 0.283856 0.547236 0.098017 0.000222 0.070668
1 1 0.201021 0.580283 0.077357 0.000089 0.141250
1 1 0.154872 0.561514 0.094469 0.000131 0.189014
1 2 0.132459 0.530868 0.116051 0.000246 0.220376
1 2 0.067581 0.419784 0.252442 0.001301 0.258891
1 0 0.306597 0.562861 0.077890 0.000085 0.052568
0 0 0.613867 0.293485 0.037091 0.000154 0.055403
0 0 0.886922 0.039143 0.004686 0.000457 0.068793
0 0 0.744096 0.188976 0.023266 0.000175 0.043488
0 1 0.517537 0.378635 0.052259 0.000154 0.051415
1 1 0.297591 0.566689 0.078346 0.000087 0.057288
1 1 0.267190 0.574228 0.081317 0.000100 0.077165
1 1 0.272416 0.532262 0.113153 0.000414 0.081755
1 0 0.270538 0.575381 0.079760 0.000092 0.074229
0 0 0.798380 0.134441 0.022503 0.000593 0.044082
0 0 0.933081 0.033011 0.002654 0.000089 0.031165
0 0 0.910127 0.043669 0.005180 0.000324 0.040699
0 0 0.948673 0.034306 0.005845 0.000582 0.010594
0 0 0.916702 0.050730 0.011625 0.001773 0.019170
0 0 0.850838 0.103542 0.011591 0.000160 0.033869
0 0 0.898785 0.067479 0.009094 0.000307 0.024335
1 0 0.335292 0.552527 0.072944 0.000067 0.039169
0 0 0.694602 0.226994 0.028838 0.000182 0.049384
0 0 0.768110 0.172392 0.029832 0.000461 0.029206
0 0 0.709412 0.207433 0.033626 0.000428 0.049100
1 1 0.201429 0.563909 0.087975 0.000155 0.146532
1 1 0.070024 0.449958 0.109120 0.000193 0.370705
1 1 0.129679 0.500121 0.085967 0.000221 0.284011
1 1 0.117870 0.489697 0.099605 0.000290 0.292539
1 1 0.059379 0.394808 0.157169 0.000698 0.387946
1 1 0.069722 0.450081 0.208744 0.000625 0.270828
1 1 0.080994 0.435300 0.197410 0.001086 0.285210
1 2 0.134704 0.457593 0.134063 0.001202 0.272438
1 2 0.065906 0.385641 0.202079 0.001713 0.344660
2 2 0.037890 0.327352 0.366241 0.002869 0.265647
1 2 0.054398 0.364835 0.297135 0.002713 0.280920
2 2 0.036087 0.336852 0.391617 0.002076 0.233368
1 1 0.108343 0.489273 0.209293 0.000819 0.192273
1 1 0.083118 0.479615 0.186933 0.000477 0.249857
1 2 0.073826 0.457074 0.261945 0.000804 0.206352
1 0 0.043720 0.378315 0.308506 0.001216 0.268242
1 1 0.263499 0.508511 0.135268 0.000914 0.091807
1 1 0.132633 0.509677 0.123812 0.000401 0.233478
1 1 0.069750 0.392987 0.193249 0.001594 0.342420
1 1 0.060917 0.439865 0.206339 0.000529 0.292350
1 1 0.305760 0.463528 0.165239 0.002304 0.063169
1 1 0.295245 0.512075 0.141307 0.000572 0.050801
1 1 0.127389 0.520001 0.245488 0.000577 0.106546
1 1 0.076687 0.433528 0.345871 0.001438 0.142477
1 1 0.093211 0.480385 0.292589 0.000814 0.133001
1 1 0.123178 0.513193 0.260201 0.000623 0.102805
2 1 0.055773 0.375932 0.412583 0.002330 0.153382
1 0 0.207643 0.508203 0.214793 0.000983 0.068377
1 1 0.344471 0.485880 0.125745 0.000706 0.043197
1 1 0.181143 0.547771 0.156115 0.000407 0.114564
1 1 0.097868 0.514657 0.273315 0.000419 0.113742
1 1 0.107139 0.471121 0.294546 0.001270 0.125924
2 2 0.061206 0.375852 0.484145 0.001675 0.077122
2 2 0.031030 0.281438 0.590202 0.002924 0.094406
2 2 0.044601 0.310985 0.575620 0.002532 0.066262
2 2 0.041759 0.309149 0.542937 0.003583 0.102573
2 2 0.052680 0.323542 0.559722 0.002714 0.061343
2 2 0.019695 0.181476 0.772649 0.002358 0.023822
2 2 0.017080 0.127036 0.829796 0.008038 0.018050
2 2 0.060052 0.347294 0.472398 0.004278 0.115978
2 2 0.064242 0.295881 0.596500 0.004621 0.038756
2 2 0.075622 0.331592 0.510492 0.006944 0.075350
2 2 0.084896 0.326419 0.529589 0.006697 0.052399
2 2 0.024394 0.147248 0.801268 0.008970 0.018120
2 2 0.037256 0.262538 0.638404 0.004358 0.057444
2 2 0.065919 0.274979 0.625567 0.005079 0.028455
2 2 0.051702 0.287330 0.587125 0.006626 0.067217
2 2 0.040990 0.207330 0.722027 0.006581 0.023071
2 2 0.036187 0.202346 0.732093 0.005741 0.023632
2 2 0.101579 0.357081 0.470465 0.006740 0.064134
2 2 0.051154 0.286540 0.588894 0.006534 0.066878
2 2 0.058659 0.309419 0.553075 0.005952 0.072895
2 0 0.051118 0.272201 0.621746 0.005991 0.048944
0 0 0.557361 0.303537 0.116545 0.003064 0.019493
1 2 0.332288 0.456186 0.160071 0.002064 0.049391
1 2 0.145735 0.455721 0.322405 0.002138 0.074001
2 2 0.087401 0.360949 0.487741 0.004094 0.059815
1 2 0.106318 0.410512 0.390939 0.003419 0.088811
2 2 0.042313 0.223981 0.702134 0.005439 0.026133
2 2 0.082353 0.366880 0.476142 0.003786 0.070839
2 2 0.049440 0.301181 0.572443 0.004405 0.072531
2 2 0.045152 0.256551 0.642192 0.006644 0.049461
1 1 0.090483 0.406670 0.375708 0.003352 0.123788
2 2 0.049449 0.320076 0.552357 0.003129 0.074991
2 2 0.091378 0.350492 0.496924 0.005245 0.055961
2 2 0.068733 0.348273 0.471679 0.005386 0.105929
2 2 0.075915 0.326416 0.503701 0.008827 0.085141
2 2 0.075603 0.347092 0.487657 0.005592 0.084056
2 2 0.088424 0.370533 0.442737 0.005394 0.092913
2 2 0.079316 0.357490 0.480069 0.004687 0.078438
2 2 0.094185 0.346671 0.498902 0.005895 0.054346
2 2 0.060271 0.305134 0.534455 0.008865 0.091276
2 2 0.088272 0.320244 0.525771 0.009373 0.056340
2 2 0.037415 0.252367 0.658655 0.004205 0.047357
2 2 0.028767 0.213449 0.716554 0.004427 0.036802
2 2 0.054634 0.307511 0.568900 0.004528 0.064427
2 2 0.054451 0.294127 0.534738 0.010304 0.106380
2 2 0.045710 0.308796 0.528391 0.004953 0.112150
2 2 0.029118 0.195378 0.710202 0.011534 0.053768
2 2 0.091410 0.335940 0.480826 0.010626 0.081198
2 2 0.040385 0.217121 0.626113 0.026350 0.090032
2 2 0.068231 0.247294 0.620369 0.018892 0.045214
2 2 0.040058 0.203509 0.686842 0.019088 0.050503
2 2 0.018718 0.137046 0.801495 0.012719 0.030022
2 2 0.072054 0.319961 0.515692 0.008926 0.083366
2 2 0.097115 0.326440 0.492646 0.012990 0.070808
2 2 0.038923 0.231281 0.658859 0.011292 0.059645
2 2 0.040206 0.231254 0.651812 0.012577 0.064151
2 2 0.043794 0.214960 0.683126 0.014303 0.043817
2 2 0.047100 0.243281 0.609330 0.018231 0.082058
2 2 0.063662 0.305782 0.513331 0.011441 0.105785
2 2 0.111040 0.335947 0.489655 0.010373 0.052986
2 2 0.065567 0.258585 0.614464 0.014557 0.046828
2 2 0.048462 0.226173 0.650361 0.018400 0.056605
2 2 0.088820 0.297677 0.540685 0.015390 0.057428
2 2 0.083203 0.292575 0.563358 0.011720 0.049144
2 2 0.062441 0.286958 0.574822 0.009840 0.065938
2 2 0.051384 0.257048 0.619001 0.011365 0.061202
2 2 0.034717 0.161004 0.717067 0.041315 0.045896
2 2 0.043768 0.217045 0.673513 0.015808 0.049866
2 2 0.053024 0.269355 0.560670 0.015906 0.101044
2 2 0.035098 0.150944 0.771172 0.021341 0.021445
2 2 0.047444 0.268562 0.551103 0.014872 0.118020
2 1 0.081417 0.315168 0.498832 0.014060 0.090523
2 1 0.092622 0.342534 0.481248 0.008765 0.074831
2 1 0.073582 0.252925 0.605370 0.020458 0.047665
2 2 0.042042 0.240654 0.619698 0.014154 0.083453
2 2 0.038824 0.208946 0.640929 0.026885 0.084416
2 2 0.061528 0.293325 0.521614 0.014418 0.109114
2 2 0.027352 0.185542 0.695301 0.019268 0.072536
2 2 0.077026 0.322155 0.469842 0.013483 0.117494
2 2 0.052355 0.274970 0.571267 0.012386 0.089022
2 2 0.054899 0.238998 0.622904 0.020918 0.062280
2 2 0.051629 0.252856 0.610534 0.014776 0.070205
2 2 0.033676 0.220392 0.617295 0.019760 0.108877
2 2 0.063212 0.245993 0.600416 0.024664 0.065715
2 2 0.064614 0.301829 0.502696 0.014093 0.116769
2 2 0.049683 0.238556 0.607670 0.022135 0.081957
2 2 0.066260 0.247779 0.578787 0.030674 0.076500
2 2 0.111650 0.344687 0.423294 0.016660 0.103708
2 2 0.080397 0.320518 0.488901 0.012946 0.097239
2 2 0.054664 0.312053 0.495095 0.008134 0.130053
2 2 0.097833 0.359017 0.440792 0.008644 0.093714
2 2 0.065333 0.304756 0.552070 0.008215 0.069627
2 2 0.079455 0.324067 0.529356 0.007221 0.059900
2 2 0.056609 0.284583 0.557599 0.011522 0.089687
2 2 0.081282 0.359285 0.486606 0.004161 0.068666
2 0 0.078129 0.341004 0.491958 0.006732 0.082177
1 0 0.355646 0.432408 0.169655 0.002854 0.039437
1 1 0.299467 0.486168 0.146320 0.001309 0.066736
1 2 0.262363 0.461695 0.179055 0.003318 0.093570
1 2 0.121062 0.483536 0.277064 0.001189 0.117149
1 2 0.160374 0.453056 0.298797 0.002919 0.084854
1 2 0.093603 0.417019 0.380467 0.002636 0.106275
2 2 0.090367 0.370024 0.458978 0.004721 0.075910
1 2 0.142086 0.403659 0.386968 0.004988 0.062300
1 2 0.138702 0.446575 0.297957 0.003193 0.113572
1 2 0.131593 0.443678 0.320988 0.002903 0.100837
1 2 0.200557 0.471655 0.247991 0.002374 0.077424
1 2 0.179455 0.481571 0.251192 0.001845 0.085936
2 2 0.062508 0.349549 0.497130 0.003476 0.087336
2 2 0.049794 0.336887 0.506294 0.003055 0.103969
1 2 0.094558 0.438072 0.302588 0.002116 0.162666
1 2 0.089351 0.459830 0.312812 0.001150 0.136857
1 2 0.107236 0.478941 0.322060 0.000902 0.090860
1 2 0.074496 0.391277 0.358865 0.003473 0.171889
1 2 0.097893 0.467417 0.248565 0.001172 0.184954
1 2 0.154579 0.499225 0.148939 0.000867 0.196390
1 2 0.100864 0.468182 0.227781 0.001151 0.202022
1 1 0.060454 0.418626 0.293366 0.001161 0.226394
1 1 0.079613 0.483250 0.233095 0.000525 0.203517
1 2 0.074912 0.441483 0.256920 0.001111 0.225573
1 1 0.065399 0.415912 0.268029 0.001379 0.249281
1 1 0.075502 0.431986 0.345266 0.001446 0.145800
1 1 0.102519 0.498903 0.187473 0.000539 0.210565
1 2 0.070680 0.478436 0.266566 0.000481 0.183837
1 2 0.050601 0.364951 0.350599 0.002530 0.231320
2 2 0.048611 0.372763 0.426882 0.001751 0.149994
1 2 0.079967 0.447016 0.257732 0.001162 0.214123
1 2 0.115751 0.514597 0.153632 0.000397 0.215624
1 2 0.208792 0.541115 0.122447 0.000411 0.127235
1 2 0.230103 0.543184 0.123944 0.000398 0.102370
1 2 0.162845 0.517189 0.190481 0.000825 0.128660
1 2 0.157456 0.531922 0.160477 0.000514 0.149632
1 2 0.099195 0.415681 0.403185 0.002405 0.079534
1 2 0.076350 0.425878 0.386156 0.001433 0.110183
1 0 0.281068 0.551768 0.095160 0.000196 0.071809
0 1 0.573474 0.313637 0.083682 0.001142 0.028066
1 1 0.261101 0.547079 0.103091 0.000277 0.088452
1 1 0.190671 0.551877 0.104044 0.000246 0.153162
1 1 0.178638 0.557160 0.126757 0.000272 0.137174
1 1 0.226665 0.537737 0.111535 0.000407 0.123656
1 1 0.118998 0.511992 0.226746 0.000644 0.141620
1 1 0.175812 0.533463 0.133263 0.000462 0.156999
1 1 0.185922 0.508087 0.173599 0.001084 0.131308
1 2 0.192154 0.542894 0.142884 0.000442 0.121627
1 1 0.145618 0.502339 0.206733 0.001035 0.144274
1 1 0.168584 0.541443 0.172310 0.000472 0.117192
1 0 0.162086 0.539305 0.166131 0.000468 0.132010
1 4 0.322095 0.496343 0.127595 0.000725 0.053241
4 4 0.040600 0.055155 0.009521 0.000387 0.894337
4 4 0.011311 0.113608 0.034315 0.000585 0.840180
4 4 0.020438 0.035883 0.008310 0.000690 0.934680
4 4 0.050737 0.077508 0.015024 0.000582 0.856149
4 4 0.021403 0.014180 0.002437 0.000400 0.961580
4 4 0.060885 0.007787 0.000938 0.000383 0.930007
4 4 0.021246 0.010303 0.001592 0.000320 0.966539
4 4 0.041445 0.007876 0.001113 0.000468 0.949099
4 4 0.033300 0.003960 0.000513 0.000389 0.961838
4 4 0.030352 0.014618 0.002810 0.000767 0.951453
4 4 0.052347 0.018406 0.002191 0.000226 0.926831
4 4 0.046880 0.028023 0.004381 0.000423 0.920293
4 4 0.057124 0.001737 0.000204 0.000618 0.940317
4 4 0.056194 0.006747 0.000898 0.000528 0.935632
4 4 0.017787 0.010179 0.001489 0.000231 0.970313
4 4 0.031740 0.013882 0.002369 0.000549 0.951460
4 4 0.040921 0.001159 0.000108 0.000259 0.957553
4 4 0.022860 0.005087 0.000640 0.000232 0.971182
4 4 0.044461 0.025901 0.004490 0.000589 0.924559
4 4 0.068415 0.007097 0.000742 0.000274 0.923472
4 4 0.145629 0.010340 0.001448 0.001119 0.841463
4 4 0.114215 0.003679 0.000386 0.000550 0.881170
4 4 0.093854 0.012426 0.001293 0.000276 0.892150
4 4 0.111658 0.038145 0.005144 0.000461 0.844592
4 4 0.152500 0.080467 0.013376 0.000828 0.752828
4 4 0.062699 0.187363 0.038133 0.000515 0.711290
4 4 0.084070 0.052013 0.008837 0.000685 0.854396
4 4 0.085037 0.020572 0.002021 0.000171 0.892199
4 4 0.058464 0.005727 0.000831 0.000777 0.934201
4 4 0.052414 0.020712 0.002441 0.000209 0.924224
4 4 0.072293 0.046582 0.006711 0.000370 0.874044
4 4 0.061083 0.064046 0.010487 0.000426 0.863959
4 4 0.109489 0.032037 0.003769 0.000312 0.854394
4 4 0.144647 0.184563 0.031653 0.000569 0.638568
4 4 0.097308 0.066448 0.008627 0.000284 0.827333
4 4 0.141325 0.002026 0.000200 0.000684 0.855766
4 4 0.179703 0.006969 0.000585 0.000287 0.812456
4 4 0.061006 0.069226 0.012923 0.000631 0.856214
4 4 0.053718 0.124959 0.029674 0.000939 0.790712
4 4 0.050066 0.082048 0.017895 0.000826 0.849166
4 4 0.028458 0.135886 0.028597 0.000357 0.806703
4 4 0.033693 0.102994 0.027120 0.000986 0.835207
4 4 0.033199 0.172416 0.036334 0.000358 0.757692
4 4 0.034206 0.194201 0.047567 0.000560 0.723465
4 4 0.070091 0.169281 0.032236 0.000480 0.727911
4 4 0.038086 0.158315 0.034083 0.000452 0.769064
4 4 0.025148 0.123423 0.027671 0.000416 0.823342
4 4 0.040259 0.013426 0.001973 0.000416 0.943925
4 4 0.065472 0.004531 0.000580 0.000622 0.928795
4 4 0.036839 0.039098 0.006971 0.000462 0.916630
4 4 0.042658 0.101008 0.016436 0.000250 0.839647
4 4 0.031942 0.013839 0.002010 0.000326 0.951883
4 4 0.022449 0.132749 0.031568 0.000441 0.812792
4 4 0.012879 0.117511 0.037408 0.000762 0.831440
4 4 0.014527 0.032860 0.006429 0.000308 0.945876
4 4 0.037322 0.118377 0.022556 0.000347 0.821398
4 4 0.048506 0.026623 0.003349 0.000218 0.921305
4 4 0.044076 0.002264 0.000217 0.000231 0.953211
4 4 0.034082 0.102042 0.019881 0.000373 0.843623
4 4 0.029289 0.035778 0.006426 0.000406 0.928101
4 4 0.184210 0.007211 0.000613 0.000299 0.807667
4 4 0.080542 0.102285 0.015766 0.000350 0.801058
4 4 0.024120 0.110671 0.024889 0.000429 0.839890
4 4 0.032269 0.174763 0.050220 0.000955 0.741793
4 4 0.084228 0.176145 0.027811 0.000295 0.711521
4 4 0.055530 0.328946 0.066697 0.000315 0.548512
4 1 0.039741 0.073218 0.015680 0.000677 0.870684
4 1 0.047488 0.291404 0.068227 0.000485 0.592396
4 1 0.036511 0.233958 0.071810 0.001094 0.656628
4 1 0.033776 0.224132 0.068074 0.001020 0.672998
4 1 0.029286 0.204031 0.064139 0.001075 0.701469
4 1 0.039912 0.253340 0.069824 0.000788 0.636136
4 1 0.034699 0.227550 0.069307 0.001042 0.667402
4 1 0.074881 0.298682 0.066471 0.000582 0.559384
4 0 0.049543 0.293187 0.073492 0.000623 0.583155
4 1 0.076714 0.415321 0.062889 0.000128 0.444948
