0 0 0.886537 0.067032 0.005208 0.000239 0.040985
0 0 0.877862 0.080217 0.004839 0.000121 0.036961
0 0 0.802268 0.146038 0.008072 0.000105 0.043517
0 0 0.838392 0.108246 0.007506 0.000190 0.045667
0 1 0.734041 0.220719 0.008026 0.000033 0.037181
0 1 0.758828 0.184389 0.010077 0.000104 0.046602
0 1 0.593846 0.288212 0.012937 0.000034 0.104971
0 1 0.486073 0.317886 0.018657 0.000052 0.177333
0 4 0.821124 0.037514 0.005343 0.000592 0.135427
0 4 0.666854 0.075046 0.008343 0.000218 0.249539
0 4 0.503704 0.209977 0.016529 0.000089 0.269702
0 4 0.702343 0.102529 0.011036 0.000293 0.183799
0 4 0.563433 0.158444 0.013192 0.000103 0.264828
0 4 0.649535 0.148334 0.015716 0.000312 0.186103
0 4 0.508634 0.363070 0.015163 0.000025 0.113108
0 4 0.624883 0.243752 0.013423 0.000060 0.117883
0 4 0.411510 0.361870 0.017635 0.000023 0.208961
0 4 0.576547 0.184625 0.015547 0.000132 0.223148
0 4 0.499867 0.057151 0.007759 0.000196 0.435027
0 4 0.541433 0.243650 0.020757 0.000162 0.193999
0 4 0.466122 0.274511 0.039949 0.000802 0.218616
0 4 0.441525 0.120648 0.020512 0.000556 0.416760
4 4 0.345818 0.254050 0.035191 0.000358 0.364583
1 4 0.341860 0.343382 0.044983 0.000414 0.269361
4 4 0.362861 0.177632 0.032438 0.000701 0.426369
0 4 0.370989 0.254951 0.026803 0.000161 0.347097
1 4 0.232958 0.533594 0.048100 0.000129 0.185219
1 4 0.262865 0.560344 0.056867 0.000285 0.119639
1 1 0.247970 0.577358 0.047070 0.000128 0.127473
1 1 0.340374 0.478853 0.044430 0.000236 0.136107
1 1 0.260658 0.521621 0.039435 0.000082 0.178203
1 1 0.159938 0.628910 0.073067 0.000262 0.137823
1 1 0.139185 0.614111 0.091519 0.000475 0.154710
1 1 0.238705 0.555103 0.074094 0.000598 0.131501
1 1 0.319940 0.501653 0.073507 0.001189 0.103711
1 1 0.110111 0.577948 0.155721 0.002527 0.153693
1 1 0.089372 0.586125 0.188016 0.003965 0.132522
1 2 0.097667 0.589974 0.206105 0.006801 0.099454
1 2 0.058360 0.455528 0.358932 0.014833 0.112347
2 2 0.054085 0.356096 0.495922 0.030603 0.063294
2 2 0.007740 0.048849 0.915655 0.022382 0.005374
2 2 0.025369 0.334772 0.574504 0.023996 0.041359
2 2 0.005980 0.031953 0.922824 0.036296 0.002947
2 2 0.009510 0.083129 0.893613 0.008423 0.005325
2 2 0.002561 0.018034 0.961735 0.016688 0.000983
2 3 0.003523 0.017041 0.958972 0.019362 0.001102
2 3 0.006540 0.012134 0.853360 0.125770 0.002196
2 3 0.007755 0.030795 0.891877 0.065588 0.003986
2 3 0.011661 0.061655 0.875781 0.043729 0.007174
2 3 0.007150 0.017576 0.871737 0.100701 0.002836
2 3 0.041185 0.108637 0.745069 0.081503 0.023606
2 3 0.007192 0.020783 0.879831 0.089069 0.003126
2 3 0.006412 0.014519 0.790501 0.185424 0.003144
2 3 0.008620 0.021300 0.854589 0.111758 0.003734
2 3 0.013098 0.016913 0.720561 0.244264 0.005164
2 3 0.003561 0.007833 0.552167 0.433774 0.002664
3 3 0.005864 0.011045 0.470172 0.508096 0.004823
2 3 0.007269 0.011646 0.697376 0.280325 0.003383
2 3 0.007664 0.013135 0.546650 0.427325 0.005226
3 3 0.003970 0.008624 0.458240 0.525578 0.003588
2 3 0.014511 0.020121 0.524527 0.431482 0.009359
3 3 0.006026 0.010843 0.442188 0.535972 0.004970
2 3 0.007868 0.013475 0.519531 0.453451 0.005675
2 3 0.006181 0.011330 0.510120 0.467745 0.004624
3 3 0.003660 0.008704 0.305441 0.677168 0.005027
3 3 0.004310 0.009764 0.277268 0.702396 0.006262
3 3 0.000892 0.003247 0.178892 0.814924 0.002045
3 3 0.001820 0.005307 0.113622 0.874032 0.005219
3 3 0.002295 0.006308 0.168369 0.817989 0.005039
3 3 0.000811 0.003031 0.097384 0.895985 0.002789
3 3 0.003638 0.008645 0.228245 0.753323 0.006149
3 3 0.000889 0.003216 0.068962 0.923182 0.003751
3 3 0.000893 0.003254 0.156937 0.836677 0.002239
3 3 0.002407 0.006269 0.175081 0.811374 0.004869
3 3 0.000501 0.002127 0.059194 0.935763 0.002415
3 3 0.001045 0.003639 0.113925 0.878196 0.003195
3 3 0.002785 0.007038 0.185254 0.799480 0.005443
3 3 0.001004 0.003510 0.071209 0.920160 0.004117
3 3 0.002008 0.005683 0.122958 0.863933 0.005418
3 3 0.000543 0.002264 0.071957 0.922921 0.002315
3 3 0.000497 0.002120 0.065566 0.929563 0.002254
3 3 0.000743 0.002754 0.078157 0.915512 0.002834
3 3 0.001623 0.004815 0.080641 0.907188 0.005733
3 3 0.000238 0.001244 0.048429 0.948727 0.001363
3 3 0.001842 0.005452 0.115185 0.872164 0.005357
3 3 0.000468 0.002026 0.058132 0.937081 0.002293
3 3 0.000254 0.001304 0.049304 0.947703 0.001434
3 3 0.000737 0.002821 0.077192 0.916303 0.002946
3 3 0.000426 0.001894 0.056691 0.938855 0.002134
3 3 0.000911 0.003275 0.069423 0.922566 0.003824
3 3 0.001546 0.004407 0.079461 0.909427 0.005159
3 3 0.000397 0.001800 0.055627 0.940154 0.002022
3 3 0.000436 0.001926 0.057042 0.938425 0.002172
3 3 0.000563 0.002315 0.061081 0.933399 0.002642
3 3 0.000383 0.001764 0.068680 0.927448 0.001724
3 3 0.000348 0.001635 0.053666 0.942526 0.001825
3 3 0.000331 0.001578 0.052958 0.943375 0.001757
3 3 0.000572 0.002340 0.061329 0.933085 0.002673
3 3 0.000757 0.002889 0.104137 0.889708 0.002509
3 3 0.000130 0.000803 0.041065 0.957146 0.000856
3 3 0.000447 0.001960 0.057413 0.937968 0.002213
3 3 0.000438 0.001933 0.057122 0.938325 0.002181
3 3 0.000540 0.002245 0.060393 0.934264 0.002558
3 3 0.000138 0.000839 0.041753 0.956373 0.000897
3 3 0.000456 0.001990 0.057738 0.937567 0.002249
3 3 0.000427 0.001896 0.056711 0.938830 0.002136
3 3 0.000094 0.000637 0.037622 0.960977 0.000669
3 3 0.000216 0.001159 0.047169 0.950191 0.001265
3 3 0.000462 0.002007 0.057928 0.937333 0.002270
3 3 0.000344 0.001622 0.053505 0.942719 0.001809
3 3 0.000192 0.001067 0.045710 0.951873 0.001158
3 3 0.000271 0.001365 0.050158 0.946700 0.001506
3 3 0.000172 0.000985 0.044361 0.953418 0.001064
3 3 0.000353 0.001653 0.053875 0.942274 0.001845
3 3 0.000297 0.001461 0.051446 0.945177 0.001618
3 3 0.000539 0.002242 0.060362 0.934302 0.002554
3 3 0.000637 0.002530 0.063122 0.930808 0.002904
3 3 0.000197 0.001085 0.046012 0.951526 0.001179
3 3 0.000208 0.001130 0.046717 0.950713 0.001231
3 3 0.000577 0.002355 0.061474 0.932903 0.002691
3 3 0.000266 0.001349 0.049931 0.946967 0.001487
3 3 0.000700 0.002708 0.064729 0.928740 0.003123
3 3 0.000301 0.001475 0.051627 0.944962 0.001635
3 3 0.000414 0.001853 0.056231 0.939418 0.002085
3 3 0.000367 0.001700 0.054454 0.941576 0.001902
3 3 0.000315 0.001522 0.052245 0.944227 0.001691
3 3 0.000283 0.001408 0.050744 0.946009 0.001556
3 3 0.000429 0.001904 0.056799 0.938723 0.002146
3 3 0.000465 0.002016 0.058027 0.937211 0.002281
3 3 0.000298 0.001465 0.051495 0.945119 0.001623
3 3 0.000460 0.002001 0.057861 0.937415 0.002262
3 3 0.000350 0.001642 0.053742 0.942434 0.001832
3 3 0.001115 0.003787 0.073214 0.917420 0.004464
3 3 0.000211 0.001142 0.046898 0.950504 0.001245
3 3 0.000259 0.001321 0.049538 0.947429 0.001454
3 3 0.028428 0.032071 0.199000 0.704478 0.036024
2 3 0.193503 0.130940 0.300342 0.255835 0.119379
2 2 0.041623 0.093210 0.492168 0.325313 0.047686
2 2 0.033919 0.062955 0.568736 0.306108 0.028282
2 2 0.014413 0.044690 0.788359 0.142715 0.009823
2 2 0.074317 0.190690 0.604671 0.078346 0.051976
0 2 0.433023 0.273937 0.158347 0.016658 0.118035
1 1 0.416777 0.420942 0.061645 0.001452 0.099185
0 1 0.678348 0.185777 0.053351 0.003005 0.079518
0 0 0.403744 0.213460 0.191997 0.014774 0.176024
1 1 0.130663 0.536326 0.205204 0.010678 0.117128
1 1 0.064299 0.488936 0.287849 0.018119 0.140796
0 0 0.610004 0.125848 0.044805 0.009916 0.209426
0 1 0.457457 0.368037 0.062802 0.002316 0.109388
1 1 0.034952 0.537874 0.264850 0.005336 0.156988
2 1 0.035622 0.286356 0.612590 0.019637 0.045796
2 2 0.022610 0.153249 0.763298 0.040204 0.020639
2 2 0.015033 0.066077 0.858960 0.051082 0.008849
2 2 0.012988 0.029311 0.874061 0.077972 0.005669
2 2 0.018426 0.254260 0.667660 0.015857 0.043797
1 2 0.041391 0.447399 0.424300 0.019803 0.067106
1 2 0.024278 0.493750 0.355003 0.014697 0.112272
2 2 0.032687 0.325543 0.566797 0.004453 0.070520
1 2 0.034534 0.593729 0.199674 0.001519 0.170544
1 2 0.047396 0.563315 0.225604 0.003760 0.159925
2 2 0.010899 0.368021 0.533460 0.004071 0.083549
1 2 0.020920 0.495228 0.365250 0.005573 0.113030
2 2 0.018356 0.392586 0.503470 0.008780 0.076808
2 2 0.025168 0.390173 0.496472 0.012805 0.075382
2 2 0.016734 0.384357 0.465430 0.006698 0.126781
2 2 0.032648 0.376814 0.531778 0.011497 0.047264
2 2 0.015709 0.289356 0.571617 0.007781 0.115537
2 2 0.023264 0.113059 0.819861 0.030254 0.013563
2 2 0.010318 0.099910 0.871311 0.004963 0.013498
2 2 0.011900 0.166772 0.785230 0.006175 0.029923
2 2 0.028510 0.220723 0.696536 0.014795 0.039436
1 2 0.031203 0.542036 0.279845 0.005926 0.140990
2 2 0.031226 0.294161 0.530340 0.006587 0.137685
1 2 0.022553 0.529451 0.332017 0.009309 0.106670
1 2 0.026725 0.504823 0.329918 0.009086 0.129448
2 2 0.044673 0.413981 0.446116 0.008973 0.086256
1 2 0.037329 0.563458 0.260859 0.005260 0.133093
1 2 0.231649 0.521286 0.130500 0.004037 0.112529
0 0 0.736069 0.084957 0.090704 0.019725 0.068544
1 1 0.059385 0.685893 0.185535 0.002407 0.066780
2 1 0.014244 0.210839 0.733041 0.022414 0.019462
2 2 0.005635 0.026294 0.950732 0.014838 0.002502
2 2 0.011175 0.138938 0.836027 0.006769 0.007091
2 2 0.007287 0.042784 0.935405 0.011962 0.002562
1 2 0.068107 0.464221 0.441741 0.001563 0.024368
2 2 0.045286 0.274470 0.661051 0.003467 0.015726
2 2 0.019200 0.076065 0.874735 0.022556 0.007444
2 2 0.022257 0.191100 0.739833 0.025589 0.021222
2 2 0.019198 0.150805 0.820557 0.003255 0.006185
2 2 0.008552 0.080954 0.894164 0.011513 0.004816
2 2 0.009939 0.067470 0.916062 0.003900 0.002629
2 2 0.012303 0.138608 0.827341 0.012390 0.009358
2 2 0.044311 0.282813 0.644941 0.006515 0.021420
2 2 0.023263 0.163907 0.754555 0.036803 0.021472
2 2 0.004171 0.038025 0.953309 0.003342 0.001153
2 2 0.048585 0.220750 0.703434 0.008516 0.018715
2 2 0.019269 0.230106 0.719869 0.012470 0.018286
2 2 0.047016 0.353265 0.559871 0.008290 0.031558
2 2 0.011911 0.226089 0.745462 0.005514 0.011024
2 2 0.003769 0.031692 0.958825 0.004630 0.001085
1 2 0.107321 0.461730 0.401854 0.001478 0.027617
2 2 0.061923 0.412188 0.447324 0.016914 0.061652
2 2 0.035594 0.105538 0.812081 0.032568 0.014219
1 2 0.149455 0.527321 0.240282 0.005067 0.077874
1 2 0.057539 0.599879 0.253717 0.007444 0.081421
0 0 0.515595 0.243932 0.148896 0.008193 0.083384
0 0 0.464356 0.329138 0.082258 0.004936 0.119312
1 0 0.038142 0.536295 0.305386 0.011602 0.108575
2 1 0.021888 0.223218 0.682776 0.013726 0.058392
2 1 0.050966 0.218204 0.700483 0.005000 0.025347
2 2 0.032642 0.315733 0.606682 0.002650 0.042293
1 2 0.109594 0.612993 0.216474 0.002045 0.058895
2 2 0.079787 0.213249 0.662145 0.016640 0.028178
1 2 0.087291 0.565733 0.206579 0.005754 0.134644
1 2 0.088113 0.637376 0.164071 0.002234 0.108206
2 2 0.064263 0.245237 0.643589 0.010870 0.036041
2 2 0.054549 0.221537 0.694942 0.006640 0.022331
1 2 0.130174 0.606276 0.225789 0.000717 0.037044
1 2 0.083646 0.732047 0.124103 0.000819 0.059385
1 2 0.068297 0.493206 0.381842 0.005924 0.050731
1 2 0.062142 0.572176 0.311790 0.003501 0.050391
2 2 0.030388 0.359624 0.584799 0.004062 0.021127
2 2 0.010034 0.052584 0.921939 0.012074 0.003369
1 2 0.285674 0.507410 0.129376 0.001697 0.075843
1 2 0.066191 0.677976 0.182935 0.002574 0.070324
1 2 0.049160 0.476095 0.425997 0.005902 0.042846
1 2 0.094492 0.631087 0.210295 0.002236 0.061890
2 2 0.024990 0.085360 0.859236 0.021621 0.008793
2 2 0.059976 0.173970 0.735497 0.011829 0.018727
1 2 0.073488 0.622641 0.219248 0.004847 0.079775
1 2 0.172285 0.697646 0.077301 0.000261 0.052507
1 2 0.091708 0.710295 0.131375 0.001114 0.065508
1 2 0.083902 0.715374 0.135798 0.001129 0.063798
1 2 0.109491 0.625008 0.179277 0.003325 0.082898
1 2 0.320057 0.509911 0.074800 0.001275 0.093957
0 0 0.535699 0.320262 0.057529 0.001443 0.085067
1 0 0.281213 0.563550 0.071640 0.000793 0.082805
1 0 0.118598 0.693329 0.117195 0.001027 0.069850
1 1 0.124546 0.692024 0.111740 0.000922 0.070769
1 1 0.110897 0.691041 0.125907 0.001213 0.070943
0 1 0.521390 0.384504 0.028212 0.000228 0.065666
0 1 0.802344 0.158760 0.005684 0.000031 0.033182
0 1 0.692354 0.272224 0.006389 0.000010 0.029024
0 1 0.703807 0.253870 0.007834 0.000021 0.034469
0 1 0.620434 0.325183 0.012406 0.000038 0.041940
0 1 0.501646 0.389059 0.034662 0.000389 0.074243
0 1 0.650976 0.293258 0.012157 0.000048 0.043561
0 1 0.682350 0.270198 0.009409 0.000029 0.038014
0 0 0.986962 0.006257 0.000713 0.000022 0.006046
0 0 0.975192 0.008577 0.000793 0.000020 0.015418
0 0 0.975142 0.008370 0.000768 0.000016 0.015703
0 0 0.977121 0.009795 0.001616 0.000032 0.011436
0 0 0.967215 0.010561 0.000905 0.000040 0.021278
0 0 0.989944 0.005027 0.000536 0.000013 0.004480
0 0 0.961169 0.008994 0.000633 0.000007 0.029197
0 0 0.939266 0.009921 0.000570 0.000005 0.050238
0 0 0.969906 0.007780 0.000350 0.000019 0.021945
0 0 0.981927 0.006213 0.000372 0.000014 0.011475
0 0 0.971680 0.010367 0.000731 0.000114 0.017107
0 0 0.885913 0.080893 0.003531 0.000048 0.029615
0 0 0.578127 0.323402 0.027234 0.000347 0.070890
0 0 0.529652 0.385390 0.024661 0.000156 0.060141
0 0 0.522378 0.370424 0.025202 0.000154 0.081841
0 0 0.486842 0.432366 0.022351 0.000077 0.058363
0 0 0.491295 0.406806 0.020263 0.000055 0.081581
1 0 0.416094 0.482996 0.026610 0.000075 0.074225
1 0 0.360709 0.516441 0.025417 0.000040 0.097393
1 1 0.348710 0.537006 0.027768 0.000049 0.086467
0 1 0.477997 0.412820 0.022393 0.000069 0.086721
1 1 0.200102 0.596554 0.030733 0.000020 0.172592
1 1 0.235860 0.566763 0.041428 0.000075 0.155873
1 1 0.190635 0.608802 0.055022 0.000131 0.145410
1 1 0.135184 0.572630 0.053792 0.000076 0.238318
1 1 0.172271 0.543162 0.043031 0.000054 0.241483
1 1 0.194866 0.566967 0.044265 0.000068 0.193835
1 1 0.158025 0.619022 0.063721 0.000159 0.159073
1 1 0.274516 0.571210 0.034595 0.000055 0.119623
0 0 0.797355 0.122295 0.030475 0.001058 0.048817
0 0 0.556849 0.242370 0.060998 0.007224 0.132558
0 0 0.799360 0.118566 0.024822 0.001181 0.056072
0 0 0.876392 0.055753 0.008088 0.001354 0.058413
0 0 0.944890 0.014984 0.001892 0.000033 0.038200
0 0 0.923505 0.022536 0.003970 0.000136 0.049853
0 0 0.845532 0.033179 0.004284 0.000450 0.116555
0 0 0.680809 0.255342 0.013620 0.000099 0.050130
0 0 0.904373 0.035944 0.012022 0.001136 0.046525
0 0 0.909636 0.039369 0.004834 0.000778 0.045382
0 0 0.649445 0.293007 0.012673 0.000054 0.044821
0 0 0.507093 0.416814 0.022339 0.000093 0.053661
0 0 0.429210 0.409222 0.031717 0.000157 0.129694
1 0 0.288200 0.396619 0.025700 0.000036 0.289445
1 0 0.315611 0.387941 0.020323 0.000020 0.276105
1 0 0.338434 0.425436 0.026695 0.000048 0.209388
0 0 0.467332 0.333141 0.017606 0.000036 0.181885
4 0 0.286976 0.221721 0.015277 0.000024 0.476002
0 0 0.622831 0.131317 0.009259 0.000064 0.236529
0 0 0.427952 0.312863 0.020582 0.000055 0.238547
0 0 0.424783 0.315645 0.016208 0.000024 0.243339
0 0 0.696871 0.126932 0.007682 0.000052 0.168464
0 0 0.475980 0.250515 0.014844 0.000037 0.258624
1 0 0.216255 0.524526 0.044651 0.000090 0.214477
0 0 0.538303 0.246484 0.023954 0.000252 0.191008
1 0 0.385733 0.422754 0.036556 0.000185 0.154773
0 0 0.487869 0.169244 0.017661 0.000172 0.325054
4 0 0.436830 0.088899 0.015592 0.000488 0.458191
0 0 0.500119 0.180267 0.020332 0.000248 0.299034
1 0 0.285041 0.459622 0.041315 0.000134 0.213888
0 0 0.429405 0.337770 0.025428 0.000098 0.207299
4 0 0.315928 0.317255 0.024724 0.000058 0.342035
1 0 0.388827 0.406700 0.031493 0.000119 0.172860
0 0 0.398159 0.377248 0.025964 0.000074 0.198555
1 0 0.325190 0.459081 0.042935 0.000197 0.172597
1 0 0.296084 0.334625 0.053121 0.000604 0.315567
4 0 0.173449 0.275418 0.032018 0.000085 0.519030
4 0 0.250918 0.221337 0.032501 0.000243 0.495001
4 0 0.248986 0.267051 0.039078 0.000281 0.444604
1 0 0.230828 0.405606 0.063433 0.000510 0.299624
1 0 0.196568 0.426711 0.048532 0.000148 0.328041
1 0 0.247299 0.383187 0.057997 0.000466 0.311050
4 1 0.263464 0.250366 0.034800 0.000241 0.451130
1 1 0.117318 0.539106 0.142019 0.001976 0.199581
1 1 0.058871 0.631720 0.186370 0.002156 0.120884
1 1 0.094898 0.612276 0.184249 0.004014 0.104563
0 0 0.473298 0.280813 0.098805 0.003980 0.143104
1 0 0.076909 0.641768 0.167468 0.002000 0.111855
1 1 0.092089 0.631255 0.110276 0.000510 0.165870
1 1 0.095434 0.634532 0.168976 0.002858 0.098200
1 1 0.202404 0.560399 0.128556 0.003406 0.105235
1 1 0.045713 0.595604 0.137217 0.000506 0.220960
1 1 0.062117 0.622913 0.197364 0.002944 0.114662
1 1 0.029651 0.561832 0.265918 0.004361 0.138238
1 1 0.040284 0.583922 0.276765 0.007209 0.091820
1 1 0.069354 0.597872 0.183144 0.002501 0.147129
1 2 0.055094 0.586335 0.271202 0.008154 0.079214
1 2 0.030377 0.534139 0.324225 0.011889 0.099370
2 2 0.026790 0.336632 0.551922 0.025508 0.059148
2 2 0.022893 0.280129 0.650807 0.007345 0.038826
2 2 0.005884 0.047018 0.939270 0.001239 0.006589
2 2 0.005210 0.065304 0.917474 0.002958 0.009055
2 2 0.020553 0.139032 0.816350 0.001592 0.022473
2 2 0.329186 0.257270 0.357380 0.008216 0.047949
1 1 0.341096 0.489475 0.072231 0.001342 0.095857
0 1 0.468046 0.406534 0.042735 0.000603 0.082083
1 1 0.134437 0.631678 0.151653 0.002194 0.080037
0 0 0.757740 0.063765 0.024626 0.002183 0.151686
1 1 0.247340 0.633834 0.055815 0.000261 0.062751
1 1 0.063265 0.691238 0.169123 0.001741 0.074633
1 2 0.061726 0.588370 0.252630 0.008925 0.088349
2 2 0.069892 0.195347 0.716150 0.004742 0.013868
2 2 0.012388 0.057996 0.904986 0.019728 0.004902
2 2 0.089805 0.145000 0.754983 0.002231 0.007981
2 2 0.121063 0.370677 0.473693 0.003483 0.031083
2 2 0.086436 0.126363 0.771165 0.004244 0.011792
2 2 0.015193 0.086347 0.888523 0.004639 0.005297
1 2 0.210810 0.431675 0.289728 0.005009 0.062777
0 0 0.472811 0.390221 0.046931 0.000883 0.089154
1 0 0.401001 0.470755 0.048334 0.000526 0.079384
1 0 0.419650 0.430540 0.056146 0.001052 0.092611
1 1 0.117899 0.695529 0.116361 0.000994 0.069217
2 1 0.059307 0.216997 0.670859 0.012097 0.040741
2 2 0.015891 0.097313 0.875785 0.002082 0.008929
2 2 0.005634 0.041644 0.948707 0.001305 0.002711
2 2 0.003898 0.020176 0.968469 0.006613 0.000844
2 2 0.031296 0.259357 0.680387 0.001483 0.027478
2 2 0.007156 0.054208 0.925925 0.008940 0.003771
1 2 0.085601 0.578891 0.240421 0.007259 0.087828
2 2 0.121953 0.250289 0.593920 0.007231 0.026607
1 2 0.279470 0.542569 0.101014 0.001093 0.075854
1 2 0.317925 0.470593 0.095941 0.003089 0.112452
1 2 0.040637 0.643020 0.244325 0.004778 0.067240
2 2 0.012041 0.134607 0.830381 0.004178 0.018793
2 2 0.016541 0.130084 0.834010 0.010502 0.008864
1 0 0.247503 0.548896 0.128148 0.001454 0.073999
1 0 0.272251 0.602568 0.059275 0.000328 0.065578
2 1 0.069289 0.434147 0.450896 0.002034 0.043635
2 2 0.022640 0.142858 0.791787 0.026665 0.016050
1 2 0.105523 0.515849 0.328643 0.003027 0.046959
1 2 0.079759 0.669691 0.175952 0.002425 0.072173
1 2 0.078724 0.700186 0.152271 0.001583 0.067236
2 2 0.010722 0.160487 0.805618 0.012654 0.010518
2 2 0.013933 0.146370 0.828462 0.004595 0.006640
2 2 0.025837 0.257236 0.693681 0.006522 0.016723
2 2 0.019137 0.119616 0.838287 0.013687 0.009273
2 2 0.009257 0.072775 0.908171 0.006399 0.003399
2 2 0.013832 0.110881 0.847794 0.018343 0.009151
2 2 0.030569 0.205100 0.735041 0.011802 0.017488
2 2 0.013104 0.165255 0.804859 0.007204 0.009577
2 2 0.018393 0.143762 0.783998 0.036471 0.017375
2 2 0.005085 0.060667 0.928874 0.003455 0.001919
2 2 0.007543 0.030935 0.937652 0.021424 0.002446
2 2 0.012443 0.109274 0.853779 0.016207 0.008297
2 2 0.011142 0.097544 0.868772 0.015491 0.007052
2 2 0.013815 0.041811 0.875193 0.063019 0.006162
2 2 0.006359 0.044801 0.931103 0.014919 0.002818
2 2 0.008057 0.091391 0.870198 0.023216 0.007137
2 2 0.024293 0.185932 0.729837 0.035468 0.024469
2 2 0.009052 0.024399 0.862151 0.100301 0.004097
2 2 0.010795 0.022494 0.685165 0.274634 0.006912
2 2 0.029303 0.209207 0.673747 0.052449 0.035295
2 2 0.012178 0.028093 0.733285 0.218791 0.007654
2 2 0.010060 0.055885 0.898371 0.030339 0.005344
2 3 0.019493 0.055965 0.798395 0.114256 0.011892
2 3 0.006641 0.024040 0.639238 0.322973 0.007107
2 3 0.014094 0.028190 0.766694 0.183758 0.007263
2 3 0.023352 0.031196 0.499002 0.429694 0.016756
2 3 0.011650 0.024759 0.666718 0.288884 0.007990
2 3 0.009407 0.015528 0.554297 0.414389 0.006380
2 3 0.015382 0.034214 0.691735 0.248023 0.010646
3 3 0.012778 0.020311 0.426993 0.528486 0.011431
2 3 0.019237 0.035861 0.591257 0.339467 0.014177
3 3 0.006048 0.012217 0.371621 0.603423 0.006691
2 3 0.017005 0.027747 0.540086 0.402371 0.012791
2 3 0.006185 0.011756 0.519430 0.457863 0.004767
3 3 0.004277 0.009612 0.282977 0.697088 0.006046
3 3 0.004816 0.010680 0.258187 0.718914 0.007402
2 3 0.008734 0.020297 0.549900 0.413092 0.007977
3 3 0.004655 0.010167 0.365930 0.613900 0.005347
3 3 0.006189 0.011961 0.365921 0.609337 0.006591
3 3 0.003160 0.007973 0.139974 0.841182 0.007712
3 3 0.001993 0.005770 0.157302 0.830236 0.004699
3 3 0.006079 0.011853 0.309194 0.665457 0.007417
3 3 0.002930 0.007450 0.217098 0.767268 0.005254
3 3 0.002090 0.005968 0.163216 0.823938 0.004788
3 3 0.001137 0.003861 0.105061 0.886306 0.003635
3 3 0.001538 0.004778 0.087290 0.900999 0.005396
3 3 0.004233 0.009828 0.200378 0.777619 0.007942
3 3 0.001322 0.004298 0.100625 0.889461 0.004295
3 3 0.000834 0.003072 0.067809 0.924713 0.003572
3 3 0.001022 0.003577 0.100772 0.891249 0.003381
3 3 0.000537 0.002238 0.060321 0.934355 0.002549
3 3 0.001046 0.003615 0.071981 0.919110 0.004248
3 3 0.000653 0.002577 0.063557 0.930250 0.002962
3 3 0.000884 0.003203 0.068860 0.923318 0.003735
3 3 0.000680 0.002653 0.064240 0.929372 0.003055
3 3 0.001102 0.003755 0.072986 0.917733 0.004424
3 3 0.001990 0.005754 0.113699 0.872765 0.005792
3 3 0.000352 0.001651 0.053861 0.942291 0.001844
3 3 0.000813 0.003015 0.067346 0.925324 0.003502
3 3 0.000864 0.003152 0.068452 0.923860 0.003671
3 3 0.000197 0.001086 0.046029 0.951506 0.001181
3 3 0.000354 0.001656 0.053920 0.942220 0.001850
3 3 0.000477 0.002055 0.058441 0.936698 0.002328
3 3 0.000273 0.001374 0.050282 0.946554 0.001516
3 3 0.000520 0.002187 0.059807 0.934999 0.002487
3 3 0.000388 0.001769 0.055261 0.940599 0.001984
3 3 0.000558 0.002301 0.060944 0.933571 0.002625
3 3 0.000716 0.002754 0.065132 0.928219 0.003179
3 3 0.000318 0.001535 0.052403 0.944038 0.001705
3 3 0.000667 0.002614 0.063895 0.929816 0.003008
3 3 0.000588 0.002389 0.061798 0.932492 0.002732
3 3 0.000926 0.003314 0.069720 0.922168 0.003872
3 3 0.000774 0.002913 0.066496 0.926442 0.003375
3 3 0.000492 0.002102 0.058930 0.936091 0.002384
3 3 0.000481 0.002066 0.058554 0.936559 0.002341
3 3 0.000675 0.002638 0.064104 0.929548 0.003036
3 3 0.000265 0.001345 0.049881 0.947026 0.001482
3 3 0.000873 0.003174 0.068630 0.923625 0.003699
3 3 0.000874 0.003178 0.068659 0.923586 0.003703
3 3 0.000772 0.002905 0.066428 0.926530 0.003365
3 3 0.000648 0.002562 0.063414 0.930433 0.002943
3 3 0.000288 0.001428 0.051013 0.945690 0.001580
3 3 0.000430 0.001905 0.056814 0.938704 0.002147
3 3 0.000601 0.002426 0.062152 0.932043 0.002778
3 3 0.000431 0.001909 0.056852 0.938657 0.002151
3 3 0.000632 0.002515 0.062984 0.930983 0.002886
3 3 0.005557 0.010866 0.109628 0.860467 0.013482
1 1 0.283251 0.307707 0.288420 0.022912 0.097710
2 1 0.027919 0.407838 0.468672 0.031542 0.064029
2 1 0.040975 0.292403 0.541056 0.061678 0.063888
2 1 0.033943 0.279939 0.538830 0.081833 0.065456
2 1 0.033520 0.146136 0.655610 0.126171 0.038563
2 2 0.020148 0.119268 0.831481 0.018223 0.010880
2 2 0.012691 0.067417 0.873590 0.038710 0.007592
2 2 0.017617 0.092919 0.840823 0.037411 0.011231
2 2 0.010481 0.056652 0.886302 0.040367 0.006198
2 2 0.033895 0.200768 0.730820 0.014803 0.019713
2 2 0.019782 0.413478 0.487109 0.008778 0.070853
1 2 0.036149 0.533114 0.360381 0.009651 0.060704
1 2 0.032094 0.522249 0.346731 0.018877 0.080049
1 2 0.023248 0.503108 0.395865 0.013096 0.064683
1 2 0.042922 0.550371 0.307455 0.014372 0.084880
1 2 0.069808 0.530110 0.212384 0.005021 0.182677
1 2 0.032510 0.586416 0.260143 0.004377 0.116555
1 2 0.031833 0.602245 0.255131 0.003927 0.106865
1 2 0.033655 0.553727 0.275084 0.005942 0.131593
1 2 0.093342 0.626124 0.160012 0.002177 0.118345
1 2 0.079699 0.641307 0.150315 0.001354 0.127325
1 2 0.056878 0.602662 0.198073 0.002659 0.139728
4 1 0.086271 0.293149 0.074412 0.000539 0.545629
1 1 0.401823 0.418868 0.070303 0.002089 0.106917
1 1 0.065110 0.622486 0.165897 0.001531 0.144976
1 1 0.096844 0.639268 0.126578 0.000913 0.136397
1 1 0.086252 0.600771 0.123127 0.000727 0.189123
1 1 0.131628 0.524145 0.080587 0.000335 0.263304
1 1 0.095341 0.618670 0.140938 0.001356 0.143695
1 1 0.083461 0.521892 0.170916 0.002768 0.220963
1 1 0.050503 0.542110 0.187587 0.002038 0.217762
1 1 0.104288 0.662484 0.096765 0.000371 0.136093
1 1 0.064221 0.568415 0.136366 0.000780 0.230219
1 1 0.099249 0.590168 0.101644 0.000444 0.208494
1 1 0.087085 0.589591 0.110711 0.000510 0.212102
1 1 0.133220 0.523055 0.053864 0.000086 0.289775
1 1 0.151811 0.572194 0.078344 0.000329 0.197323
1 1 0.051867 0.566453 0.138008 0.000637 0.243035
1 1 0.142003 0.640106 0.075619 0.000243 0.142029
1 1 0.143233 0.539648 0.122898 0.001614 0.192608
1 1 0.142134 0.592466 0.122855 0.001482 0.141064
1 1 0.118343 0.560177 0.069124 0.000155 0.252200
0 0 0.504050 0.320960 0.082155 0.002659 0.090176
1 1 0.229713 0.635400 0.066343 0.000403 0.068141
1 1 0.066843 0.655530 0.198480 0.003574 0.075573
1 1 0.239126 0.648050 0.053315 0.000211 0.059298
1 1 0.202702 0.658856 0.071489 0.000416 0.066537
1 1 0.069475 0.690326 0.169948 0.002059 0.068191
1 1 0.108960 0.697137 0.123599 0.001110 0.069194
1 1 0.131264 0.708899 0.095723 0.000583 0.063531
1 1 0.113285 0.708960 0.111538 0.000814 0.065404
1 1 0.180407 0.657380 0.088648 0.000714 0.072851
1 1 0.168177 0.695709 0.074616 0.000358 0.061141
1 1 0.095409 0.689307 0.142326 0.001559 0.071399
1 1 0.086378 0.669305 0.178172 0.001832 0.064313
1 1 0.316759 0.490524 0.098104 0.001901 0.092712
1 1 0.173184 0.570071 0.151372 0.004026 0.101347
1 1 0.028775 0.548044 0.309822 0.008770 0.104590
1 1 0.054126 0.585087 0.280750 0.007164 0.072874
1 1 0.057716 0.606534 0.246651 0.007120 0.081980
1 1 0.024032 0.530510 0.353970 0.014729 0.076761
1 1 0.044350 0.629684 0.248568 0.005642 0.071756
1 1 0.025261 0.543649 0.347074 0.014376 0.069640
2 1 0.013195 0.165978 0.805395 0.006601 0.008832
2 2 0.042527 0.285170 0.649270 0.004612 0.018421
1 2 0.064576 0.547229 0.331328 0.004438 0.052430
1 2 0.044063 0.584655 0.305848 0.005684 0.059750
1 2 0.025423 0.506162 0.414119 0.008222 0.046074
2 2 0.023149 0.345877 0.597361 0.007975 0.025638
2 2 0.045179 0.359167 0.569502 0.003702 0.022449
2 2 0.006401 0.039205 0.939911 0.012190 0.002293
2 2 0.007733 0.061496 0.922475 0.005427 0.002870
2 2 0.016475 0.097465 0.870852 0.009078 0.006130
2 2 0.031302 0.429836 0.520636 0.001439 0.016786
2 2 0.035453 0.142764 0.810128 0.003975 0.007681
1 2 0.123917 0.661920 0.133164 0.001724 0.079275
1 2 0.196109 0.594155 0.121721 0.001834 0.086181
1 0 0.314660 0.535644 0.065397 0.000754 0.083545
1 0 0.083940 0.724311 0.129351 0.000951 0.061446
1 1 0.150246 0.618671 0.137108 0.002563 0.091411
1 1 0.053373 0.585384 0.284806 0.006659 0.069777
1 1 0.219988 0.606896 0.089041 0.001025 0.083049
1 1 0.201612 0.663659 0.069472 0.000375 0.064883
1 1 0.170071 0.645043 0.086896 0.000561 0.097429
1 2 0.032309 0.441035 0.363955 0.017759 0.144942
1 2 0.133187 0.691476 0.105461 0.000830 0.069045
1 2 0.073917 0.692629 0.163124 0.001897 0.068434
1 2 0.288302 0.584701 0.056456 0.000370 0.070171
1 2 0.156303 0.684035 0.091035 0.000628 0.067998
1 1 0.301695 0.586558 0.047742 0.000234 0.063771
1 1 0.056013 0.666533 0.204359 0.003280 0.069814
1 1 0.314660 0.393135 0.125788 0.007684 0.158733
0 1 0.579213 0.259137 0.053921 0.003113 0.104616
0 0 0.661144 0.065981 0.016109 0.002633 0.254133
0 0 0.890877 0.023336 0.002228 0.000177 0.083382
0 0 0.847318 0.075502 0.017961 0.001975 0.057244
0 0 0.844974 0.058510 0.017173 0.001583 0.077760
0 0 0.827050 0.071204 0.016480 0.003352 0.081915
0 0 0.560225 0.344422 0.027007 0.000282 0.068064
1 0 0.206521 0.635598 0.069221 0.000358 0.088302
1 1 0.136744 0.637637 0.075551 0.000228 0.149840
1 1 0.086979 0.637985 0.138058 0.001095 0.135883
1 1 0.117819 0.544513 0.233467 0.008229 0.095971
1 1 0.169814 0.621769 0.059191 0.000138 0.149087
1 1 0.195620 0.645639 0.051935 0.000113 0.106692
1 1 0.105645 0.666561 0.090047 0.000290 0.137457
1 1 0.120547 0.630566 0.152292 0.002697 0.093898
2 2 0.030167 0.152693 0.779401 0.021065 0.016674
1 2 0.184698 0.616055 0.104670 0.001307 0.093271
1 2 0.389575 0.445726 0.065045 0.001389 0.098265
1 2 0.350761 0.532533 0.027187 0.000046 0.089473
1 2 0.233736 0.606948 0.048692 0.000128 0.110497
1 2 0.372650 0.480421 0.039067 0.000193 0.107669
1 2 0.373406 0.501467 0.038222 0.000181 0.086724
1 1 0.119255 0.737757 0.086892 0.000372 0.055724
1 1 0.171632 0.692730 0.073850 0.000356 0.061433
1 1 0.123877 0.706954 0.103383 0.000703 0.065083
1 1 0.197608 0.648170 0.076698 0.000491 0.077033
1 1 0.368076 0.468760 0.066591 0.001255 0.095318
1 1 0.347879 0.545752 0.037430 0.000142 0.068796
1 1 0.354533 0.515386 0.047074 0.000324 0.082683
1 1 0.219240 0.613667 0.049540 0.000119 0.117435
1 1 0.123157 0.626125 0.093490 0.000422 0.156805
1 1 0.121164 0.586091 0.111497 0.000818 0.180429
1 1 0.341781 0.519839 0.057477 0.000597 0.080307
0 0 0.492306 0.343481 0.076294 0.001920 0.085999
1 1 0.195309 0.675556 0.057039 0.000171 0.071924
1 1 0.173991 0.670215 0.085763 0.000602 0.069428
1 1 0.106837 0.674482 0.141079 0.001743 0.075859
1 1 0.057555 0.662607 0.205229 0.003438 0.071171
1 1 0.055602 0.625971 0.234728 0.005713 0.077986
1 1 0.071520 0.681294 0.145538 0.001058 0.100591
1 1 0.300774 0.507129 0.087993 0.001972 0.102132
1 1 0.260845 0.587147 0.059830 0.000342 0.091836
1 1 0.333644 0.517545 0.031352 0.000065 0.117394
1 1 0.266460 0.553411 0.047321 0.000154 0.132654
1 1 0.373693 0.551208 0.026807 0.000061 0.048230
1 1 0.424384 0.501620 0.022840 0.000052 0.051105
1 1 0.155245 0.659062 0.087637 0.000495 0.097560
1 1 0.356617 0.542592 0.038975 0.000181 0.061636
0 1 0.493493 0.436746 0.020517 0.000063 0.049179
0 1 0.675881 0.250186 0.016418 0.000177 0.057338
0 1 0.640858 0.111609 0.011883 0.000234 0.235416
1 1 0.378643 0.481884 0.022244 0.000029 0.117199
1 1 0.273693 0.543644 0.031985 0.000043 0.150635
1 1 0.261008 0.597991 0.036861 0.000062 0.104078
0 1 0.528880 0.374777 0.026783 0.000203 0.069356
1 1 0.295021 0.584772 0.039560 0.000109 0.080537
1 1 0.404039 0.478781 0.027449 0.000074 0.089657
0 1 0.712015 0.199495 0.018907 0.000494 0.069089
0 0 0.915166 0.042440 0.007571 0.000636 0.034186
0 0 0.964714 0.016918 0.005081 0.000274 0.013012
0 0 0.966638 0.015277 0.003063 0.000235 0.014787
0 0 0.815963 0.021692 0.001503 0.000037 0.160804
0 0 0.944217 0.021807 0.005705 0.000231 0.028039
0 0 0.961331 0.014366 0.002210 0.000083 0.022010
0 0 0.954780 0.010409 0.000696 0.000016 0.034099
0 0 0.931348 0.030100 0.012810 0.001177 0.024565
0 0 0.797756 0.163212 0.005776 0.000030 0.033226
0 0 0.857492 0.100089 0.005338 0.000089 0.036992
0 0 0.935159 0.023222 0.003049 0.000831 0.037739
0 0 0.942475 0.024836 0.006687 0.000797 0.025205
0 0 0.938576 0.022048 0.002779 0.000730 0.035867
0 0 0.794852 0.153941 0.008037 0.000089 0.043082
0 0 0.583606 0.317148 0.018113 0.000090 0.081043
0 0 0.571801 0.300067 0.020758 0.000136 0.107238
0 0 0.574422 0.232982 0.012868 0.000042 0.179686
0 0 0.524071 0.228198 0.014239 0.000049 0.233443
0 0 0.377685 0.322500 0.019037 0.000032 0.280747
0 1 0.392121 0.366635 0.023391 0.000053 0.217800
0 1 0.653986 0.128444 0.011160 0.000143 0.206267
0 4 0.664492 0.136130 0.007431 0.000034 0.191913
0 4 0.765097 0.078203 0.006629 0.000142 0.149930
0 4 0.668511 0.048154 0.005403 0.000166 0.277765
4 4 0.342379 0.104191 0.012484 0.000108 0.540838
0 4 0.433569 0.234925 0.017625 0.000063 0.313818
0 4 0.551679 0.075810 0.009453 0.000212 0.362846
0 4 0.543662 0.175819 0.013730 0.000085 0.266704
0 4 0.376790 0.368937 0.028099 0.000089 0.226085
0 4 0.529308 0.102248 0.011483 0.000172 0.356790
0 4 0.773204 0.061584 0.008232 0.000546 0.156435
0 4 0.584559 0.177253 0.022565 0.000518 0.215105
0 4 0.688798 0.039178 0.004906 0.000225 0.266893
0 4 0.687256 0.080883 0.007718 0.000151 0.223991
0 4 0.541041 0.056513 0.010937 0.000718 0.390792
0 4 0.563786 0.194916 0.014865 0.000095 0.226337
0 4 0.473068 0.047700 0.007652 0.000276 0.471304
4 4 0.377094 0.153206 0.016647 0.000118 0.452935
4 4 0.335910 0.246272 0.026982 0.000152 0.390684
4 4 0.231974 0.105528 0.014614 0.000106 0.647778
0 4 0.657750 0.049203 0.007692 0.000484 0.284870
4 4 0.371421 0.117793 0.014681 0.000150 0.495954
1 4 0.270961 0.350099 0.043546 0.000245 0.335149
0 4 0.531328 0.330289 0.016022 0.000039 0.122323
0 4 0.622766 0.135986 0.015077 0.000296 0.225875
4 4 0.291820 0.275301 0.029396 0.000126 0.403356
4 4 0.337794 0.095632 0.015504 0.000271 0.550799
4 4 0.409454 0.049250 0.008623 0.000301 0.532371
4 4 0.407739 0.103989 0.011842 0.000117 0.476312
0 4 0.552626 0.130473 0.027739 0.001883 0.287278
4 4 0.312658 0.311591 0.032769 0.000152 0.342830
0 4 0.540459 0.044874 0.006491 0.000237 0.407938
4 4 0.372176 0.220529 0.024771 0.000175 0.382349
0 4 0.552229 0.111875 0.012344 0.000188 0.323363
0 4 0.427122 0.199237 0.017317 0.000086 0.356238
4 4 0.305673 0.047229 0.007840 0.000165 0.639093
4 4 0.266393 0.289439 0.034433 0.000167 0.409569
4 4 0.317452 0.274242 0.033088 0.000214 0.375004
1 4 0.222080 0.456412 0.034907 0.000051 0.286549
1 4 0.352456 0.412449 0.032777 0.000108 0.202210
0 4 0.650128 0.106483 0.009393 0.000125 0.233871
0 4 0.435167 0.195160 0.026067 0.000361 0.343244
1 4 0.293122 0.469650 0.023140 0.000019 0.214069
1 4 0.174263 0.529328 0.046015 0.000071 0.250323
1 1 0.321179 0.440312 0.038405 0.000139 0.199965
1 4 0.333260 0.342912 0.029497 0.000096 0.294235
1 4 0.201285 0.387707 0.041451 0.000110 0.369448
1 4 0.281150 0.404773 0.055053 0.000429 0.258595
4 4 0.238571 0.185192 0.025956 0.000169 0.550111
1 4 0.243934 0.504380 0.041915 0.000094 0.209677
1 4 0.254215 0.465847 0.053376 0.000257 0.226305
1 4 0.091868 0.613790 0.130907 0.000976 0.162459
4 4 0.295701 0.329138 0.041197 0.000265 0.333698
4 4 0.305217 0.252170 0.030179 0.000181 0.412253
1 4 0.242638 0.518930 0.063439 0.000373 0.174620
4 4 0.259501 0.093957 0.015076 0.000183 0.631283
4 4 0.266912 0.213734 0.038361 0.000499 0.480494
1 4 0.222480 0.519165 0.063866 0.000328 0.194162
4 4 0.227620 0.246161 0.033832 0.000188 0.492199
0 4 0.335771 0.326525 0.032643 0.000152 0.304910
1 4 0.409118 0.443184 0.036372 0.000205 0.111120
1 1 0.178139 0.543780 0.063594 0.000214 0.214274
1 1 0.200694 0.571981 0.071143 0.000366 0.155817
1 1 0.353410 0.445056 0.034163 0.000112 0.167258
1 1 0.179201 0.578713 0.078188 0.000418 0.163480
1 1 0.141119 0.583444 0.074248 0.000240 0.200949
1 4 0.327320 0.403391 0.046207 0.000311 0.222772
0 4 0.356509 0.282434 0.030037 0.000174 0.330846
1 4 0.147109 0.581552 0.078174 0.000306 0.192859
1 1 0.119424 0.659103 0.079530 0.000222 0.141722
1 1 0.141294 0.583099 0.090884 0.000491 0.184231
1 1 0.219172 0.604783 0.071694 0.000445 0.103906
0 0 0.538920 0.341347 0.033527 0.000494 0.085711
1 1 0.137962 0.610318 0.075348 0.000235 0.176138
1 1 0.237021 0.499464 0.053084 0.000203 0.210228
1 1 0.183164 0.572791 0.076931 0.000413 0.166702
1 1 0.146997 0.630411 0.082871 0.000358 0.139363
1 1 0.105611 0.615662 0.136087 0.001374 0.141266
1 1 0.384123 0.470703 0.041089 0.000253 0.103832
0 1 0.429363 0.364176 0.050582 0.000899 0.154979
1 1 0.322266 0.548026 0.048892 0.000286 0.080531
1 1 0.256197 0.569034 0.057277 0.000276 0.117216
1 1 0.345625 0.510085 0.040239 0.000170 0.103881
1 1 0.185633 0.596280 0.095689 0.000920 0.121479
1 1 0.080858 0.693977 0.134069 0.000928 0.090169
1 1 0.080090 0.554876 0.267936 0.009363 0.087735
1 1 0.039646 0.647974 0.203885 0.001934 0.106561
1 1 0.082850 0.676497 0.166238 0.002173 0.072242
1 1 0.062565 0.624066 0.226575 0.005661 0.081132
1 1 0.046072 0.644423 0.228110 0.003978 0.077417
1 1 0.039223 0.587269 0.249059 0.004508 0.119940
1 2 0.024881 0.488594 0.390930 0.013158 0.082437
1 2 0.027304 0.553451 0.273711 0.004538 0.140996
2 2 0.029492 0.218907 0.720096 0.012267 0.019238
2 2 0.014865 0.183559 0.760379 0.005168 0.036029
2 2 0.005387 0.111799 0.868626 0.000689 0.013499
2 2 0.013258 0.155790 0.813996 0.003570 0.013385
2 2 0.026438 0.287199 0.626683 0.001876 0.057803
2 2 0.014465 0.149661 0.813655 0.001856 0.020363
2 2 0.007069 0.058569 0.925740 0.001326 0.007296
2 2 0.025153 0.192726 0.751289 0.002161 0.028671
2 2 0.013247 0.183300 0.761295 0.001339 0.040820
2 2 0.031380 0.136873 0.805232 0.003652 0.022863
2 2 0.324026 0.236928 0.370531 0.013698 0.054817
1 1 0.347524 0.487208 0.081919 0.001118 0.082232
1 1 0.198471 0.526106 0.124589 0.002943 0.147891
2 2 0.012717 0.331322 0.525400 0.003957 0.126604
2 2 0.002563 0.024002 0.963370 0.006450 0.003615
2 2 0.034711 0.266501 0.643020 0.001982 0.053786
2 2 0.050892 0.319547 0.606333 0.002227 0.021001
2 2 0.003824 0.060585 0.905862 0.000515 0.029214
2 2 0.023993 0.157942 0.781148 0.001005 0.035911
2 2 0.026999 0.206646 0.683438 0.010230 0.072688
2 2 0.034168 0.213749 0.718073 0.006676 0.027334
2 2 0.002792 0.071926 0.910383 0.001507 0.013393
1 2 0.149317 0.650606 0.117867 0.001451 0.080759
1 2 0.024057 0.437944 0.394681 0.005567 0.137750
0 0 0.475833 0.373931 0.060132 0.001305 0.088799
1 1 0.058986 0.461953 0.432596 0.001498 0.044966
1 2 0.193274 0.681119 0.065147 0.000283 0.060177
1 2 0.028478 0.492815 0.415154 0.005503 0.058050
2 2 0.014832 0.242168 0.688006 0.007438 0.047556
1 2 0.097935 0.497670 0.345851 0.004863 0.053682
1 2 0.347671 0.458997 0.106269 0.001900 0.085164
1 2 0.183821 0.654186 0.087983 0.000717 0.073292
1 2 0.123350 0.684985 0.118432 0.001123 0.072111
1 2 0.076797 0.601698 0.188913 0.002692 0.129901
1 2 0.040961 0.446653 0.442693 0.013930 0.055764
2 2 0.045670 0.438072 0.463291 0.001458 0.051508
2 2 0.006435 0.074451 0.910519 0.001383 0.007212
2 2 0.013699 0.113556 0.844166 0.011389 0.017190
2 2 0.021426 0.135556 0.821924 0.001010 0.020084
2 2 0.006114 0.093907 0.881174 0.002955 0.015849
2 2 0.010316 0.079488 0.882633 0.017636 0.009926
2 2 0.036229 0.248796 0.611476 0.001583 0.101917
2 2 0.025250 0.208635 0.720697 0.009699 0.035719
2 2 0.100145 0.305308 0.534438 0.005934 0.054175
1 2 0.093867 0.442086 0.398599 0.008595 0.056853
1 2 0.272105 0.521074 0.099515 0.002436 0.104870
1 2 0.057932 0.637926 0.240131 0.003180 0.060830
2 2 0.065656 0.402776 0.470592 0.005706 0.055269
2 2 0.051054 0.175290 0.756282 0.005370 0.012004
1 2 0.233406 0.608118 0.079006 0.000755 0.078715
1 1 0.198731 0.646145 0.081722 0.000634 0.072769
1 1 0.090417 0.638954 0.182501 0.003726 0.084402
1 1 0.043563 0.561638 0.293067 0.010917 0.090815
1 2 0.030594 0.518846 0.406951 0.004761 0.038848
2 2 0.015503 0.243444 0.715578 0.009343 0.016131
2 2 0.015539 0.153068 0.800042 0.011938 0.019413
2 2 0.009941 0.045281 0.925295 0.016185 0.003299
2 2 0.015917 0.130588 0.843706 0.002600 0.007188
2 2 0.018077 0.123867 0.839560 0.010027 0.008469
2 2 0.003897 0.046552 0.942724 0.004835 0.001992
2 2 0.011595 0.063946 0.909509 0.009349 0.005600
2 2 0.012325 0.118722 0.840016 0.019277 0.009660
2 2 0.023245 0.147090 0.810581 0.008453 0.010631
2 2 0.015871 0.087799 0.883850 0.007477 0.005003
2 2 0.053581 0.322044 0.572023 0.014074 0.038278
2 2 0.011535 0.050265 0.876731 0.054943 0.006526
2 2 0.024905 0.112803 0.834753 0.017153 0.010386
2 2 0.020642 0.153790 0.763751 0.041409 0.020408
2 2 0.022194 0.098111 0.814240 0.050899 0.014556
2 2 0.019827 0.116202 0.823879 0.027418 0.012674
2 3 0.019871 0.077000 0.822398 0.068047 0.012684
2 3 0.013734 0.100347 0.830455 0.043464 0.012000
2 3 0.025070 0.107773 0.797931 0.052487 0.016738
2 3 0.015833 0.050102 0.797212 0.126282 0.010572
2 3 0.014118 0.034229 0.778588 0.164859 0.008206
2 3 0.019834 0.045772 0.805524 0.118792 0.010078
2 3 0.087621 0.080835 0.640883 0.159510 0.031151
2 3 0.102345 0.132269 0.649705 0.078582 0.037099
2 3 0.012509 0.073963 0.899269 0.009747 0.004513
2 3 0.019132 0.124324 0.791778 0.047689 0.017076
2 3 0.019531 0.084102 0.874493 0.014986 0.006888
2 2 0.010392 0.041862 0.884773 0.057530 0.005444
2 2 0.006383 0.040820 0.932104 0.017901 0.002792
2 2 0.014434 0.123028 0.835565 0.017020 0.009952
2 2 0.012524 0.126472 0.846199 0.007745 0.007060
2 2 0.016990 0.097041 0.836767 0.037589 0.011613
2 2 0.007741 0.036675 0.906539 0.045080 0.003965
