0 0 0.754745 0.089521 0.043936 0.015261 0.096537
0 0 0.862440 0.047703 0.022259 0.011182 0.056415
0 0 0.912611 0.030545 0.012153 0.004373 0.040318
0 0 0.846261 0.052006 0.023583 0.009521 0.068628
0 1 0.610145 0.208534 0.105423 0.019359 0.056539
0 1 0.793808 0.094391 0.046853 0.017728 0.047219
0 4 0.853072 0.050329 0.023193 0.010432 0.062974
0 4 0.771015 0.112409 0.054828 0.016470 0.045278
0 4 0.775444 0.082863 0.039924 0.013857 0.087913
1 4 0.191409 0.505342 0.255941 0.009999 0.037309
1 4 0.317265 0.425390 0.213987 0.013893 0.029464
1 4 0.077674 0.578358 0.282078 0.004029 0.057861
1 1 0.070357 0.584276 0.280630 0.003421 0.061316
1 1 0.063651 0.556848 0.273935 0.003945 0.101622
1 2 0.100312 0.527722 0.275644 0.006908 0.089414
1 2 0.090549 0.540370 0.272415 0.005258 0.091409
1 2 0.132952 0.491171 0.283242 0.010582 0.082053
1 2 0.135596 0.526856 0.270100 0.008054 0.059394
1 2 0.077739 0.562494 0.277217 0.004182 0.078369
1 2 0.055196 0.494730 0.299495 0.015357 0.135221
1 2 0.045725 0.612739 0.252139 0.001026 0.088371
1 2 0.036961 0.626180 0.237598 0.000553 0.098708
1 3 0.051675 0.565960 0.249872 0.001807 0.130686
1 3 0.020676 0.584068 0.211822 0.000341 0.183093
1 3 0.051077 0.532497 0.198193 0.000593 0.217640
1 3 0.033574 0.634604 0.234789 0.000447 0.096586
1 3 0.025901 0.552277 0.204834 0.000440 0.216548
1 2 0.028690 0.627249 0.210862 0.000228 0.132971
1 2 0.060596 0.515709 0.201715 0.000886 0.221094
1 2 0.034868 0.525306 0.169616 0.000196 0.270013
1 1 0.027155 0.623488 0.203402 0.000184 0.145772
1 1 0.044177 0.539256 0.191299 0.000406 0.224863
1 1 0.034537 0.475148 0.148989 0.000160 0.341167
1 1 0.043147 0.466163 0.156606 0.000278 0.333806
1 1 0.066514 0.493092 0.195961 0.001026 0.243407
1 1 0.032831 0.546570 0.175473 0.000184 0.244943
1 1 0.037555 0.427828 0.150528 0.000356 0.383734
1 1 0.027455 0.516360 0.176292 0.000260 0.279633
1 1 0.045127 0.431111 0.145022 0.000283 0.378456
1 1 0.033695 0.618253 0.219107 0.000346 0.128599
1 1 0.054729 0.442774 0.421759 0.019245 0.061493
1 1 0.061466 0.516151 0.290794 0.009826 0.121763
2 2 0.049057 0.410707 0.480401 0.020723 0.039112
1 2 0.043792 0.459901 0.432401 0.022711 0.041194
2 2 0.052332 0.288195 0.601556 0.039409 0.018508
2 2 0.041136 0.381085 0.527250 0.032883 0.017644
2 2 0.039835 0.358713 0.446499 0.125780 0.029173
2 2 0.026493 0.337873 0.475331 0.131094 0.029209
2 3 0.029117 0.228877 0.526460 0.187617 0.027929
2 3 0.051885 0.286725 0.496196 0.137715 0.027480
2 3 0.026853 0.107184 0.472798 0.374041 0.019124
2 3 0.028179 0.119327 0.442238 0.375573 0.034684
3 3 0.029732 0.047046 0.288286 0.607931 0.027003
3 3 0.021128 0.067553 0.332450 0.546519 0.032350
3 3 0.013544 0.048444 0.401854 0.508268 0.027890
3 3 0.020767 0.024121 0.218447 0.714563 0.022102
3 3 0.012226 0.023901 0.257118 0.689891 0.016864
3 3 0.012633 0.014695 0.139796 0.818972 0.013903
3 3 0.014020 0.015313 0.127183 0.827950 0.015533
3 3 0.020022 0.040374 0.286552 0.627716 0.025336
3 3 0.010438 0.011201 0.061983 0.907510 0.008868
3 3 0.014199 0.015603 0.117638 0.837191 0.015368
3 3 0.013954 0.012796 0.063682 0.899735 0.009833
3 3 0.005866 0.008613 0.045521 0.933381 0.006619
3 3 0.009350 0.010262 0.026666 0.947616 0.006106
3 3 0.010202 0.009231 0.024415 0.950987 0.005164
3 3 0.008386 0.008374 0.026475 0.951820 0.004944
3 3 0.006297 0.006341 0.030920 0.952410 0.004032
3 3 0.013192 0.010563 0.024670 0.945837 0.005738
3 3 0.010753 0.008806 0.015305 0.961010 0.004126
3 3 0.009515 0.005761 0.019079 0.962824 0.002821
3 3 0.015172 0.007953 0.017246 0.956050 0.003579
3 3 0.007738 0.006656 0.011886 0.970777 0.002943
3 3 0.009941 0.008197 0.012605 0.965641 0.003616
3 3 0.010952 0.007050 0.015286 0.963516 0.003196
3 3 0.010303 0.007131 0.010464 0.969224 0.002879
3 3 0.012637 0.007829 0.010346 0.966127 0.003061
3 3 0.007016 0.005664 0.010222 0.974722 0.002376
3 3 0.008936 0.006760 0.009373 0.972246 0.002685
3 3 0.009095 0.005384 0.008979 0.974503 0.002039
3 3 0.009361 0.008488 0.011576 0.966878 0.003698
3 3 0.007870 0.004996 0.006956 0.978411 0.001767
3 3 0.011057 0.007116 0.009543 0.969539 0.002744
3 3 0.011364 0.007318 0.011230 0.967110 0.002978
3 3 0.010781 0.006590 0.008865 0.971297 0.002466
3 3 0.010198 0.005689 0.007704 0.974395 0.002013
3 3 0.008789 0.005071 0.006980 0.977399 0.001761
3 3 0.009314 0.004862 0.006652 0.977539 0.001633
3 3 0.011562 0.005865 0.008262 0.972230 0.002082
3 3 0.007467 0.003851 0.005398 0.982062 0.001221
3 3 0.009256 0.006253 0.008551 0.973573 0.002366
3 3 0.014592 0.006495 0.008461 0.968204 0.002249
3 3 0.010433 0.004814 0.006508 0.976678 0.001567
3 3 0.012440 0.006189 0.008202 0.970995 0.002175
3 3 0.014335 0.007120 0.009289 0.966670 0.002585
3 3 0.014030 0.007576 0.010060 0.965472 0.002862
3 3 0.012001 0.006043 0.009958 0.969721 0.002278
3 3 0.008411 0.003763 0.005209 0.981470 0.001148
3 3 0.011545 0.004887 0.006535 0.975468 0.001565
3 3 0.017581 0.006712 0.008679 0.964758 0.002270
3 3 0.019241 0.008516 0.018527 0.949933 0.003783
3 3 0.012037 0.004765 0.006345 0.975360 0.001493
3 3 0.019647 0.007686 0.009691 0.960287 0.002688
3 3 0.029941 0.009846 0.012956 0.943637 0.003620
3 3 0.020091 0.008526 0.017372 0.950337 0.003674
3 3 0.034662 0.010830 0.014742 0.935669 0.004097
3 3 0.005432 0.002563 0.003721 0.987561 0.000724
3 3 0.014208 0.008200 0.015580 0.958386 0.003625
3 3 0.016204 0.012695 0.028183 0.935812 0.007106
3 3 0.014991 0.010600 0.026150 0.942526 0.005732
3 3 0.015466 0.012594 0.059091 0.903635 0.009213
3 3 0.010751 0.015624 0.036456 0.926503 0.010666
3 3 0.016562 0.012599 0.074353 0.886610 0.009876
3 3 0.016021 0.013095 0.059084 0.902237 0.009564
3 3 0.014766 0.016237 0.106568 0.847052 0.015378
3 3 0.017193 0.017064 0.158720 0.794322 0.012701
3 3 0.017730 0.013662 0.078296 0.879427 0.010885
3 3 0.027361 0.030515 0.161091 0.759282 0.021751
3 3 0.028412 0.070305 0.297671 0.582515 0.021096
3 3 0.014169 0.019183 0.055557 0.896296 0.014795
3 3 0.015081 0.053220 0.306526 0.604573 0.020600
3 3 0.012390 0.017527 0.152194 0.804452 0.013437
3 3 0.007556 0.021598 0.254867 0.705663 0.010316
3 3 0.019776 0.022291 0.215398 0.726938 0.015598
3 3 0.012800 0.027311 0.395283 0.555256 0.009350
3 3 0.008764 0.011885 0.150366 0.821743 0.007242
2 3 0.008071 0.054588 0.704240 0.227358 0.005743
3 3 0.010312 0.021372 0.290625 0.670396 0.007295
3 3 0.016138 0.028377 0.345004 0.598854 0.011626
3 3 0.012139 0.013936 0.107140 0.853326 0.013459
3 3 0.017382 0.016955 0.206464 0.747515 0.011684
3 3 0.007383 0.029378 0.446034 0.510341 0.006863
3 3 0.009345 0.018884 0.237015 0.726350 0.008406
3 3 0.009844 0.009790 0.090341 0.881202 0.008823
3 3 0.008778 0.017569 0.239905 0.724805 0.008943
3 3 0.015838 0.019482 0.143491 0.804825 0.016363
3 3 0.009025 0.009692 0.065157 0.908241 0.007885
3 3 0.008060 0.007491 0.068453 0.909866 0.006130
3 3 0.009511 0.009165 0.100697 0.872048 0.008578
3 3 0.009779 0.016064 0.087178 0.871676 0.015302
3 3 0.016836 0.013520 0.145097 0.813555 0.010991
2 3 0.010831 0.045717 0.472489 0.458791 0.012172
3 3 0.013606 0.017115 0.131490 0.820824 0.016965
3 3 0.013140 0.030874 0.309403 0.637550 0.009034
3 3 0.012841 0.015648 0.160864 0.800977 0.009670
3 3 0.018461 0.016229 0.099060 0.851933 0.014316
3 3 0.007408 0.019957 0.252168 0.712578 0.007888
3 3 0.016239 0.043508 0.430251 0.501328 0.008674
3 3 0.012927 0.026271 0.357596 0.593423 0.009783
3 3 0.014909 0.026387 0.417505 0.533983 0.007216
3 3 0.019546 0.032445 0.297229 0.640808 0.009972
3 3 0.012780 0.049707 0.407574 0.517631 0.012308
3 3 0.013131 0.027378 0.140381 0.798890 0.020219
3 3 0.010747 0.019346 0.199576 0.760703 0.009627
3 3 0.014852 0.025881 0.215283 0.729625 0.014359
3 3 0.015546 0.041899 0.304133 0.625055 0.013367
2 3 0.009994 0.054677 0.543863 0.382141 0.009325
3 3 0.009491 0.029259 0.344011 0.605334 0.011905
3 3 0.013823 0.015767 0.219960 0.742171 0.008278
3 3 0.017356 0.035981 0.352130 0.583855 0.010678
3 3 0.045873 0.040529 0.417174 0.478747 0.017678
3 3 0.016785 0.024063 0.189813 0.753704 0.015636
3 3 0.027105 0.055047 0.343705 0.553233 0.020910
3 3 0.020227 0.036303 0.228594 0.697505 0.017371
3 3 0.031697 0.135667 0.348424 0.458251 0.025961
2 3 0.056962 0.249937 0.502359 0.171895 0.018847
2 3 0.022748 0.177034 0.576511 0.206513 0.017195
2 3 0.035939 0.112973 0.456952 0.362615 0.031520
2 3 0.034442 0.080504 0.508413 0.361136 0.015505
2 3 0.026007 0.078396 0.650514 0.229735 0.015348
2 3 0.033267 0.095338 0.502068 0.346658 0.022669
2 3 0.044515 0.201052 0.613337 0.126268 0.014828
2 3 0.044390 0.259103 0.575461 0.105093 0.015954
2 3 0.027172 0.191155 0.593581 0.170771 0.017321
2 2 0.037751 0.307980 0.583443 0.055766 0.015059
2 2 0.028691 0.276335 0.642122 0.040833 0.012019
2 2 0.055836 0.307203 0.577622 0.045317 0.014022
2 2 0.036900 0.278537 0.590022 0.077062 0.017479
2 2 0.061303 0.317806 0.560352 0.046625 0.013914
2 2 0.091203 0.421660 0.455759 0.023359 0.008019
2 2 0.061989 0.398851 0.451376 0.067582 0.020201
1 2 0.038910 0.510313 0.391097 0.021897 0.037783
1 2 0.046107 0.538595 0.366730 0.015722 0.032846
1 2 0.064122 0.485375 0.415575 0.012896 0.022033
1 2 0.060273 0.449400 0.436629 0.026208 0.027490
2 2 0.045573 0.386595 0.506646 0.040253 0.020933
1 2 0.050655 0.551656 0.351170 0.009908 0.036610
1 2 0.061567 0.550383 0.347626 0.009330 0.031094
1 2 0.073037 0.482177 0.390796 0.023395 0.030596
1 2 0.042855 0.503320 0.364133 0.040118 0.049574
2 2 0.043240 0.410049 0.447688 0.057766 0.041258
2 2 0.067606 0.329676 0.561829 0.026114 0.014774
1 2 0.058938 0.470634 0.408107 0.028248 0.034073
2 2 0.040687 0.447372 0.453004 0.018424 0.040512
2 2 0.030853 0.404336 0.507774 0.020707 0.036330
2 2 0.028727 0.225445 0.543732 0.174420 0.027675
1 2 0.032763 0.492555 0.410509 0.020177 0.043996
1 2 0.046177 0.466264 0.414093 0.031388 0.042078
2 2 0.034123 0.308045 0.475037 0.136660 0.046135
2 2 0.050364 0.313702 0.530648 0.075922 0.029364
1 2 0.069376 0.457267 0.428802 0.020510 0.024044
1 2 0.150050 0.453145 0.350031 0.028700 0.018074
1 2 0.050310 0.547615 0.366070 0.005232 0.030773
1 2 0.047701 0.538956 0.368167 0.015715 0.029461
2 2 0.056156 0.364709 0.435599 0.086135 0.057401
2 2 0.027651 0.312082 0.561010 0.057816 0.041441
2 3 0.037260 0.283732 0.437960 0.203350 0.037698
2 3 0.027343 0.188134 0.678412 0.088284 0.017828
2 3 0.021641 0.175011 0.692232 0.092653 0.018463
2 3 0.046802 0.370303 0.521226 0.035438 0.026232
2 2 0.070651 0.419441 0.471083 0.017497 0.021328
1 2 0.057444 0.523521 0.383804 0.011023 0.024207
1 2 0.054552 0.529313 0.372802 0.021360 0.021974
2 2 0.054632 0.185356 0.561046 0.173220 0.025746
2 3 0.063973 0.279195 0.560285 0.072818 0.023729
2 3 0.048892 0.193302 0.695699 0.046832 0.015275
1 3 0.066522 0.495210 0.406857 0.012559 0.018852
1 1 0.103221 0.430353 0.419274 0.027362 0.019790
1 1 0.075146 0.561629 0.327924 0.008148 0.027153
1 1 0.088991 0.559287 0.318801 0.011069 0.021852
1 1 0.079801 0.550712 0.318630 0.011643 0.039214
1 1 0.052893 0.554533 0.358506 0.005910 0.028158
1 1 0.047766 0.524752 0.360820 0.010732 0.055929
1 2 0.057471 0.508715 0.398964 0.008540 0.026310
1 2 0.056566 0.564359 0.344160 0.006152 0.028764
1 2 0.063233 0.551829 0.353392 0.007958 0.023588
1 2 0.054060 0.589504 0.325053 0.005257 0.026126
1 2 0.094484 0.551029 0.311981 0.010946 0.031559
1 2 0.108599 0.538108 0.314881 0.014788 0.023625
1 2 0.053921 0.600396 0.312627 0.004531 0.028524
1 2 0.071728 0.578101 0.317729 0.007642 0.024800
1 2 0.094588 0.548842 0.314696 0.011767 0.030106
2 2 0.078690 0.329859 0.539622 0.030143 0.021687
1 2 0.083634 0.446839 0.429299 0.017518 0.022711
1 2 0.063271 0.584086 0.315956 0.006292 0.030395
1 2 0.063631 0.581206 0.313340 0.006312 0.035511
1 2 0.055124 0.497404 0.406443 0.007849 0.033179
1 2 0.054951 0.485271 0.404385 0.013636 0.041758
1 2 0.064614 0.532969 0.361302 0.008475 0.032640
2 2 0.030628 0.243897 0.519941 0.177841 0.027693
2 3 0.018468 0.129869 0.505367 0.322435 0.023862
2 3 0.042728 0.256906 0.580175 0.098674 0.021516
2 3 0.027913 0.198482 0.681804 0.079884 0.011916
2 3 0.017655 0.080508 0.735166 0.156470 0.010200
2 3 0.033327 0.324290 0.579480 0.045400 0.017503
2 3 0.025566 0.117697 0.683840 0.158802 0.014095
2 3 0.056068 0.250396 0.601639 0.074499 0.017398
2 3 0.056789 0.334030 0.570309 0.026313 0.012559
2 3 0.069115 0.400197 0.484513 0.031790 0.014385
1 2 0.107912 0.472734 0.383978 0.020721 0.014655
1 2 0.152813 0.508953 0.305676 0.023033 0.009524
2 2 0.097050 0.373582 0.396814 0.095704 0.036850
1 2 0.088767 0.494863 0.364348 0.029831 0.022191
1 2 0.088486 0.495622 0.375504 0.013202 0.027187
2 2 0.046254 0.218963 0.566769 0.143199 0.024815
2 2 0.029831 0.227965 0.592621 0.128223 0.021359
2 3 0.023700 0.080055 0.514666 0.363997 0.017582
2 3 0.029800 0.134138 0.727279 0.097293 0.011490
2 3 0.020300 0.129404 0.773057 0.068936 0.008304
2 3 0.020486 0.088855 0.643610 0.235174 0.011875
2 3 0.023976 0.184044 0.590107 0.181510 0.020363
2 3 0.031201 0.067971 0.644053 0.248069 0.008706
2 3 0.026809 0.142124 0.625591 0.190732 0.014745
2 3 0.010801 0.042234 0.596628 0.344710 0.005628
2 3 0.026595 0.086265 0.720732 0.157495 0.008912
2 3 0.012401 0.086615 0.791067 0.103842 0.006075
2 3 0.023998 0.169572 0.603790 0.186737 0.015902
2 3 0.038770 0.151561 0.637684 0.155371 0.016614
2 2 0.080230 0.364980 0.513193 0.027613 0.013983
2 2 0.065936 0.397473 0.502653 0.022246 0.011692
2 2 0.041483 0.259271 0.623293 0.053424 0.022529
2 2 0.107908 0.384370 0.439889 0.045865 0.021968
2 2 0.100828 0.322864 0.502481 0.053464 0.020363
2 2 0.035967 0.240158 0.674074 0.032805 0.016996
2 2 0.028098 0.296286 0.597095 0.051121 0.027400
2 2 0.031015 0.240296 0.689165 0.023317 0.016207
2 3 0.015213 0.168781 0.524529 0.239896 0.051580
2 3 0.009223 0.059858 0.615803 0.299182 0.015934
2 3 0.017007 0.280373 0.536443 0.045474 0.120703
2 2 0.023200 0.285133 0.626870 0.012309 0.052488
1 2 0.029905 0.439518 0.222879 0.001979 0.305719
1 2 0.023005 0.425618 0.212421 0.003088 0.335868
1 2 0.021596 0.408348 0.178005 0.001200 0.390851
4 4 0.095765 0.314818 0.151466 0.003050 0.434901
4 4 0.070108 0.304581 0.143857 0.003142 0.478312
4 4 0.066218 0.333090 0.148044 0.002077 0.450571
4 4 0.015341 0.336285 0.215863 0.013720 0.418791
4 4 0.062694 0.342074 0.165768 0.003674 0.425789
4 4 0.066774 0.345158 0.166011 0.003588 0.418469
4 4 0.052726 0.308630 0.141448 0.002291 0.494906
4 4 0.047053 0.393238 0.163381 0.001186 0.395142
4 4 0.071992 0.353348 0.168074 0.003445 0.403141
1 4 0.058690 0.472059 0.176632 0.000652 0.291967
1 4 0.071227 0.441670 0.191227 0.001873 0.294003
1 2 0.043506 0.489338 0.206440 0.001299 0.259416
1 2 0.047708 0.555600 0.241568 0.001603 0.153520
1 2 0.025309 0.516085 0.291532 0.007184 0.159890
1 2 0.026383 0.499380 0.271664 0.005769 0.196804
1 2 0.103674 0.473985 0.222360 0.003661 0.196319
1 2 0.018323 0.383728 0.328837 0.031054 0.238058
2 3 0.032259 0.374432 0.423048 0.073922 0.096339
1 3 0.040453 0.407869 0.398779 0.053255 0.099643
2 3 0.034914 0.324317 0.399580 0.156349 0.084840
2 3 0.026436 0.310108 0.456247 0.145792 0.061417
1 3 0.105277 0.436187 0.398586 0.029877 0.030073
1 2 0.141578 0.459204 0.343076 0.025833 0.030309
1 1 0.151467 0.500690 0.298234 0.020647 0.028962
1 1 0.298593 0.387545 0.222552 0.025987 0.065323
1 4 0.147120 0.500399 0.290028 0.016971 0.045482
1 4 0.066615 0.579162 0.315341 0.006763 0.032120
2 4 0.086985 0.401839 0.440896 0.027064 0.043216
1 4 0.062690 0.538875 0.342503 0.018899 0.037034
1 2 0.056932 0.395232 0.331846 0.128841 0.087149
2 2 0.028191 0.356328 0.379342 0.111935 0.124203
2 3 0.018815 0.160629 0.527891 0.254539 0.038126
2 3 0.026268 0.184207 0.487604 0.260825 0.041096
2 2 0.048166 0.175061 0.483187 0.245956 0.047630
1 2 0.063439 0.484990 0.404225 0.009932 0.037414
1 2 0.126559 0.515750 0.313242 0.015854 0.028596
1 2 0.077970 0.465850 0.411654 0.014106 0.030420
1 1 0.085245 0.475491 0.407298 0.014358 0.017608
1 1 0.080163 0.506547 0.339644 0.033521 0.040125
1 1 0.067893 0.521004 0.359078 0.017340 0.034684
1 1 0.045519 0.521101 0.376704 0.013086 0.043591
1 1 0.060548 0.517619 0.388522 0.009737 0.023575
2 1 0.035114 0.418902 0.502040 0.018426 0.025519
1 2 0.034896 0.479651 0.422946 0.029212 0.033295
2 2 0.044416 0.282560 0.445841 0.177719 0.049464
1 3 0.057289 0.495672 0.357457 0.024251 0.065331
2 3 0.048270 0.435890 0.464310 0.027302 0.024227
2 3 0.045553 0.304170 0.598078 0.036833 0.015366
2 3 0.018268 0.245355 0.660875 0.048882 0.026620
2 3 0.064489 0.188738 0.606135 0.110957 0.029680
2 3 0.047166 0.229849 0.617804 0.082645 0.022536
2 3 0.093337 0.345908 0.482806 0.055650 0.022299
2 2 0.108658 0.377766 0.465664 0.031643 0.016269
1 2 0.058051 0.466515 0.443826 0.010577 0.021031
1 2 0.129681 0.458280 0.369940 0.021969 0.020130
1 2 0.292965 0.365645 0.245267 0.051485 0.044638
2 2 0.073852 0.402970 0.475486 0.020262 0.027429
1 2 0.148276 0.499744 0.265325 0.010235 0.076420
1 2 0.128905 0.522955 0.264579 0.007092 0.076470
1 2 0.139724 0.524271 0.256173 0.006245 0.073585
1 0 0.268511 0.453590 0.221503 0.010278 0.046117
1 0 0.315744 0.374141 0.192794 0.014437 0.102884
0 0 0.696304 0.142132 0.072865 0.020875 0.067824
0 0 0.821875 0.058436 0.026177 0.008870 0.084642
0 0 0.826060 0.057023 0.025288 0.008374 0.083256
0 0 0.680230 0.152363 0.078458 0.021386 0.067563
0 0 0.717564 0.107763 0.055309 0.019684 0.099681
0 0 0.515549 0.244841 0.132482 0.025308 0.081820
0 0 0.505343 0.250280 0.131912 0.021542 0.090923
1 0 0.183710 0.494238 0.252292 0.009833 0.059927
1 1 0.131193 0.508640 0.258716 0.007284 0.094167
1 1 0.080930 0.547115 0.258882 0.003366 0.109708
1 1 0.068478 0.528042 0.259261 0.004144 0.140075
1 1 0.104332 0.494581 0.240070 0.004544 0.156474
1 1 0.091352 0.487590 0.273388 0.004484 0.143187
1 1 0.043656 0.478242 0.306116 0.020467 0.151519
1 1 0.089691 0.560549 0.290835 0.006343 0.052583
2 2 0.037291 0.373717 0.560185 0.010333 0.018473
2 2 0.033772 0.398337 0.519908 0.016923 0.031060
2 2 0.057235 0.417482 0.482621 0.018889 0.023773
1 4 0.235633 0.429425 0.268431 0.036766 0.029746
2 4 0.028476 0.382502 0.545180 0.019581 0.024261
1 2 0.032773 0.501230 0.425567 0.013106 0.027323
2 2 0.037808 0.165731 0.470517 0.295034 0.030911
2 3 0.048509 0.244499 0.476557 0.202982 0.027453
2 3 0.014653 0.142388 0.728468 0.099773 0.014718
2 3 0.051037 0.174640 0.617000 0.135158 0.022166
2 3 0.025357 0.157596 0.627017 0.171429 0.018601
2 3 0.017122 0.095164 0.692059 0.182172 0.013483
2 3 0.008932 0.080545 0.838105 0.065939 0.006479
2 3 0.024617 0.076900 0.707654 0.183022 0.007807
2 3 0.013084 0.077683 0.799763 0.103324 0.006146
2 3 0.021311 0.156886 0.758153 0.055382 0.008268
2 3 0.046733 0.328925 0.570555 0.039209 0.014578
2 3 0.066544 0.392227 0.495638 0.031058 0.014533
2 2 0.051104 0.341036 0.567588 0.028231 0.012041
1 2 0.043413 0.502259 0.423550 0.006357 0.024420
1 2 0.048105 0.449776 0.415757 0.053551 0.032810
1 2 0.052031 0.467027 0.444724 0.010424 0.025795
2 2 0.042935 0.435002 0.487555 0.008933 0.025574
1 2 0.076788 0.542069 0.336211 0.011094 0.033840
1 2 0.168262 0.463373 0.297193 0.036116 0.035056
1 2 0.090694 0.466993 0.393848 0.015395 0.033070
1 2 0.058485 0.546903 0.329666 0.013562 0.051384
1 2 0.064846 0.536718 0.329711 0.011779 0.056946
1 2 0.062577 0.518991 0.375795 0.008389 0.034249
1 2 0.059015 0.521007 0.382266 0.008515 0.029197
1 2 0.057673 0.531291 0.359171 0.005136 0.046728
2 2 0.043836 0.438968 0.477266 0.007471 0.032459
1 2 0.057419 0.556852 0.347762 0.006064 0.031904
1 2 0.057165 0.592746 0.300263 0.004138 0.045687
1 2 0.057518 0.597604 0.303685 0.004109 0.037084
1 2 0.048567 0.490805 0.401219 0.011823 0.047586
2 2 0.032927 0.398769 0.528887 0.005349 0.034068
2 2 0.035494 0.408408 0.516304 0.011143 0.028651
2 2 0.050718 0.257192 0.534162 0.124609 0.033319
1 2 0.057489 0.546215 0.361088 0.007252 0.027956
1 2 0.106536 0.537678 0.310031 0.013219 0.032537
1 2 0.122225 0.523936 0.306444 0.013665 0.033730
1 2 0.067120 0.573267 0.319107 0.006832 0.033674
1 2 0.041934 0.574771 0.325003 0.007736 0.050557
1 2 0.078291 0.563335 0.309440 0.007921 0.041012
1 2 0.061290 0.486403 0.400752 0.009136 0.042420
1 2 0.069234 0.543234 0.346377 0.008262 0.032894
1 2 0.066335 0.531083 0.358475 0.008293 0.035813
1 1 0.090259 0.447661 0.403313 0.016334 0.042433
1 1 0.102648 0.487224 0.318133 0.013091 0.078905
1 1 0.066993 0.492261 0.359135 0.020960 0.060651
1 1 0.067523 0.580423 0.310409 0.006162 0.035483
1 1 0.074533 0.520465 0.349993 0.008626 0.046382
1 1 0.134723 0.436659 0.361617 0.023590 0.043412
1 4 0.152322 0.490082 0.293349 0.015614 0.048633
1 4 0.090047 0.564381 0.303010 0.007859 0.034703
1 4 0.045608 0.508400 0.349756 0.030495 0.065741
2 2 0.040889 0.200820 0.417040 0.284881 0.056371
3 3 0.020196 0.060306 0.244670 0.627953 0.046874
2 3 0.032852 0.147507 0.393278 0.345727 0.080635
2 3 0.012763 0.072458 0.678853 0.220670 0.015256
2 3 0.026820 0.284027 0.615600 0.053566 0.019987
2 3 0.039440 0.174862 0.610076 0.156341 0.019282
2 3 0.079077 0.434242 0.453394 0.022084 0.011203
2 3 0.075197 0.262121 0.590993 0.050045 0.021644
2 3 0.100965 0.390607 0.432916 0.053598 0.021914
1 2 0.071344 0.434668 0.430056 0.041851 0.022081
1 2 0.143297 0.455528 0.356760 0.028425 0.015990
2 2 0.029312 0.313311 0.592385 0.046906 0.018086
2 2 0.021372 0.141406 0.741985 0.083013 0.012224
2 2 0.012100 0.181621 0.609735 0.174495 0.022049
2 3 0.012249 0.147832 0.694855 0.128654 0.016410
2 3 0.009354 0.049016 0.746278 0.186437 0.008914
2 3 0.007671 0.064051 0.801570 0.120092 0.006616
2 3 0.006635 0.059481 0.767743 0.159370 0.006771
2 3 0.009551 0.036357 0.611432 0.333131 0.009530
2 3 0.007130 0.035340 0.806146 0.146774 0.004611
2 3 0.011530 0.041542 0.679608 0.259913 0.007407
2 3 0.011050 0.052808 0.573461 0.348698 0.013982
2 3 0.011552 0.083747 0.687873 0.205156 0.011672
3 3 0.008514 0.014069 0.176379 0.791693 0.009344
3 3 0.006443 0.017453 0.223189 0.744313 0.008603
3 3 0.005686 0.010115 0.120584 0.855821 0.007795
3 3 0.003814 0.010771 0.269387 0.710206 0.005822
3 3 0.004140 0.004878 0.069300 0.917354 0.004328
3 3 0.012017 0.013240 0.098180 0.864246 0.012317
3 3 0.005857 0.008579 0.059598 0.918717 0.007250
3 3 0.006653 0.008480 0.037497 0.941444 0.005926
3 3 0.006653 0.008585 0.049034 0.929127 0.006601
3 3 0.006653 0.005999 0.021942 0.962079 0.003327
3 3 0.008639 0.006728 0.045850 0.934137 0.004646
3 3 0.005824 0.006833 0.020464 0.963014 0.003865
3 3 0.006219 0.006541 0.014082 0.969965 0.003194
3 3 0.006864 0.007449 0.021212 0.960300 0.004175
3 3 0.007084 0.008150 0.019558 0.960740 0.004467
3 3 0.007555 0.006496 0.015650 0.967138 0.003161
3 3 0.005712 0.006444 0.011485 0.973379 0.002979
3 3 0.007019 0.006196 0.011187 0.972885 0.002711
3 3 0.009503 0.007822 0.011219 0.968130 0.003326
3 3 0.004276 0.004918 0.007305 0.981507 0.001994
3 3 0.013541 0.008225 0.010788 0.964207 0.003239
3 3 0.006282 0.006071 0.008651 0.976514 0.002482
3 3 0.011007 0.007592 0.010546 0.967798 0.003058
3 3 0.012198 0.006468 0.009498 0.969425 0.002412
3 3 0.010477 0.005456 0.007368 0.974817 0.001881
3 3 0.007819 0.006102 0.008496 0.975207 0.002375
3 3 0.007216 0.005119 0.007193 0.978602 0.001870
3 3 0.011322 0.005986 0.008014 0.972562 0.002117
3 3 0.007044 0.004375 0.006168 0.980919 0.001493
3 3 0.009884 0.006147 0.008348 0.973349 0.002272
3 3 0.004256 0.004226 0.006284 0.983636 0.001598
3 3 0.008806 0.004394 0.006050 0.979324 0.001426
3 3 0.006412 0.003776 0.005380 0.983203 0.001230
3 3 0.007488 0.004288 0.006007 0.980788 0.001429
3 3 0.007840 0.005489 0.007644 0.976995 0.002032
3 3 0.009099 0.005575 0.007641 0.975679 0.002007
3 3 0.012369 0.006283 0.008332 0.970789 0.002227
3 3 0.009028 0.004312 0.005921 0.979359 0.001379
3 3 0.007349 0.004533 0.006361 0.980200 0.001557
3 3 0.007948 0.003852 0.005364 0.981632 0.001204
3 3 0.012581 0.006235 0.008270 0.970720 0.002194
3 3 0.009165 0.003765 0.005165 0.980778 0.001126
3 3 0.007208 0.003304 0.004651 0.983854 0.000983
3 3 0.007857 0.003651 0.005092 0.982283 0.001116
3 3 0.007339 0.004303 0.006040 0.980875 0.001443
3 3 0.005693 0.003167 0.004572 0.985591 0.000977
3 3 0.009773 0.004877 0.006638 0.977091 0.001622
3 3 0.008698 0.004091 0.005641 0.980283 0.001288
3 3 0.007751 0.003328 0.004649 0.983294 0.000977
3 3 0.010065 0.005334 0.007234 0.975531 0.001837
3 3 0.004412 0.001942 0.002885 0.990255 0.000506
3 3 0.010315 0.004517 0.006114 0.977623 0.001431
3 3 0.006669 0.003447 0.004892 0.983925 0.001066
3 3 0.007793 0.003348 0.004674 0.983201 0.000985
3 3 0.008656 0.004684 0.006459 0.978629 0.001573
3 3 0.003919 0.002155 0.003240 0.990079 0.000607
3 3 0.009963 0.004312 0.005860 0.978516 0.001348
3 3 0.008545 0.005054 0.006977 0.977660 0.001764
3 3 0.008003 0.004206 0.005850 0.980574 0.001367
3 3 0.007018 0.003315 0.004679 0.983994 0.000994
3 3 0.005769 0.002891 0.004169 0.986320 0.000852
3 3 0.008056 0.003794 0.005276 0.981699 0.001174
3 3 0.006670 0.002728 0.003875 0.985972 0.000756
3 3 0.010386 0.004428 0.005990 0.977809 0.001387
3 3 0.006583 0.003302 0.004694 0.984417 0.001004
3 3 0.007601 0.003626 0.005075 0.982585 0.001114
3 3 0.005547 0.003619 0.005236 0.984403 0.001195
3 3 0.004961 0.002744 0.004021 0.987456 0.000818
3 3 0.008387 0.004431 0.006132 0.979590 0.001460
3 3 0.006705 0.003494 0.004955 0.983760 0.001086
3 3 0.006452 0.003140 0.004474 0.984998 0.000937
3 3 0.009401 0.004119 0.005634 0.979569 0.001277
3 3 0.006679 0.003387 0.004806 0.984090 0.001038
3 3 0.005929 0.003008 0.004325 0.985841 0.000897
3 3 0.006168 0.002659 0.003808 0.986623 0.000742
3 3 0.008772 0.003513 0.004843 0.981845 0.001028
3 3 0.006543 0.003464 0.004925 0.983990 0.001078
3 3 0.009668 0.003676 0.005014 0.980569 0.001074
3 3 0.007501 0.003411 0.004781 0.983285 0.001021
3 3 0.010529 0.003933 0.005316 0.979059 0.001162
3 3 0.007617 0.003314 0.004638 0.983455 0.000975
3 3 0.007406 0.003823 0.005364 0.982195 0.001211
3 3 0.006533 0.003947 0.005611 0.982602 0.001307
3 3 0.005153 0.003293 0.004804 0.985690 0.001059
3 3 0.008675 0.005915 0.008147 0.975049 0.002214
3 3 0.008923 0.003458 0.004759 0.981859 0.001000
3 3 0.010753 0.004891 0.006589 0.976175 0.001592
3 3 0.005041 0.002894 0.004233 0.986951 0.000881
3 3 0.012425 0.004511 0.005988 0.975708 0.001368
3 3 0.005088 0.002671 0.003905 0.987554 0.000782
3 3 0.005767 0.003520 0.005072 0.984504 0.001137
3 3 0.006687 0.002648 0.003761 0.986180 0.000724
3 3 0.007889 0.003273 0.004564 0.983325 0.000950
3 3 0.006176 0.003287 0.004703 0.984822 0.001012
3 3 0.005527 0.003082 0.004464 0.985981 0.000946
3 3 0.013456 0.005455 0.007174 0.972141 0.001774
3 3 0.008185 0.004454 0.006179 0.979702 0.001480
3 3 0.020130 0.014494 0.032179 0.924907 0.008289
3 3 0.016561 0.010616 0.026421 0.940751 0.005650
3 3 0.012612 0.013006 0.056366 0.908233 0.009783
3 3 0.011211 0.012256 0.111364 0.853833 0.011336
3 3 0.010552 0.010738 0.051687 0.919115 0.007908
3 3 0.011912 0.012725 0.079205 0.885253 0.010904
3 3 0.015018 0.010241 0.094243 0.871823 0.008675
3 3 0.009295 0.008445 0.020984 0.956762 0.004514
3 3 0.017921 0.016028 0.097118 0.854840 0.014092
3 3 0.025047 0.016899 0.078631 0.866446 0.012978
3 3 0.015914 0.015141 0.052218 0.905919 0.010808
3 3 0.014439 0.013291 0.109516 0.850329 0.012425
3 3 0.016920 0.009687 0.024925 0.943497 0.004971
3 3 0.014340 0.013576 0.061593 0.900156 0.010335
3 3 0.018606 0.013623 0.077505 0.879559 0.010707
3 3 0.012552 0.011386 0.035865 0.933014 0.007183
3 3 0.013249 0.012753 0.087707 0.875183 0.011109
3 3 0.010124 0.015202 0.066488 0.895245 0.012940
3 3 0.013286 0.013263 0.046797 0.917386 0.009270
3 3 0.010839 0.030172 0.173054 0.747570 0.038366
3 1 0.009294 0.059275 0.390910 0.493511 0.047011
3 1 0.016749 0.102107 0.362658 0.466463 0.052022
2 1 0.015754 0.112408 0.568013 0.257732 0.046093
4 1 0.031771 0.329580 0.242916 0.046333 0.349400
4 1 0.013413 0.164202 0.148973 0.108510 0.564902
4 1 0.011057 0.159799 0.148365 0.115800 0.564979
4 1 0.011545 0.290333 0.224029 0.040609 0.433484
4 1 0.013591 0.324435 0.213755 0.015435 0.432784
4 1 0.025945 0.309346 0.230749 0.045760 0.388201
4 4 0.012092 0.243849 0.177393 0.026713 0.539954
4 4 0.055385 0.320531 0.199524 0.018700 0.405860
4 4 0.025844 0.281754 0.202883 0.035445 0.454075
4 4 0.026704 0.165323 0.121482 0.035241 0.651251
4 4 0.046838 0.209853 0.141661 0.027025 0.574624
1 4 0.041168 0.404605 0.274447 0.030127 0.249654
4 4 0.046163 0.317107 0.175456 0.007835 0.453439
1 4 0.023333 0.374985 0.233825 0.013669 0.354188
4 4 0.051514 0.181295 0.120827 0.024599 0.621766
4 4 0.021748 0.167168 0.116530 0.022733 0.671821
4 4 0.015075 0.167306 0.118865 0.022197 0.676557
4 4 0.018578 0.206624 0.154138 0.036049 0.584610
4 4 0.038843 0.216338 0.127970 0.010324 0.606525
4 4 0.047445 0.167421 0.109230 0.020051 0.655854
2 4 0.046727 0.373957 0.409728 0.041972 0.127616
1 4 0.050001 0.393330 0.386896 0.065527 0.104246
2 4 0.038853 0.338440 0.517436 0.043555 0.061716
1 4 0.032581 0.429388 0.399982 0.060675 0.077373
2 4 0.025337 0.268383 0.526353 0.109831 0.070097
3 4 0.032375 0.267539 0.263580 0.281316 0.155189
2 2 0.026525 0.310123 0.445304 0.120330 0.097718
2 2 0.017911 0.136331 0.538032 0.249664 0.058061
1 2 0.034259 0.389615 0.373985 0.098357 0.103784
2 2 0.055513 0.305108 0.367575 0.191916 0.079887
2 2 0.038546 0.382269 0.424733 0.043941 0.110510
1 2 0.034991 0.396996 0.353534 0.108946 0.105533
2 2 0.039465 0.324322 0.426037 0.110494 0.099682
2 4 0.024296 0.285534 0.326475 0.246963 0.116731
2 2 0.032806 0.357764 0.361142 0.134088 0.114199
1 2 0.041120 0.402697 0.381464 0.092603 0.082116
2 2 0.023141 0.383299 0.452744 0.073416 0.067400
2 2 0.029764 0.343704 0.495216 0.078680 0.052636
2 2 0.058734 0.394806 0.396214 0.086813 0.063434
1 2 0.125326 0.413744 0.399083 0.031772 0.030075
2 2 0.053898 0.351176 0.451400 0.099134 0.044393
2 2 0.013075 0.202148 0.670427 0.097624 0.016726
2 2 0.015958 0.165620 0.469897 0.311347 0.037177
2 2 0.015698 0.147972 0.590172 0.215751 0.030408
2 2 0.028250 0.323150 0.556062 0.068010 0.024529
2 2 0.034927 0.366040 0.533656 0.042986 0.022391
2 2 0.046833 0.351766 0.539639 0.028038 0.033722
2 2 0.047142 0.345461 0.551010 0.036058 0.020329
2 2 0.026245 0.292602 0.580535 0.071572 0.029046
2 2 0.030078 0.330149 0.560607 0.038364 0.040802
2 2 0.018402 0.146081 0.654630 0.145302 0.035586
2 2 0.021649 0.334934 0.549724 0.055571 0.038122
2 2 0.009560 0.175282 0.697653 0.093127 0.024378
2 2 0.012139 0.168947 0.700113 0.095585 0.023216
2 2 0.013085 0.229851 0.639626 0.094816 0.022622
2 2 0.012944 0.145670 0.635651 0.177974 0.027761
2 2 0.016607 0.138914 0.516717 0.295654 0.032108
2 2 0.011502 0.184489 0.738535 0.049942 0.015532
2 2 0.014511 0.221700 0.603146 0.133890 0.026752
2 2 0.020560 0.221134 0.666245 0.070764 0.021297
2 2 0.011188 0.080946 0.688552 0.207018 0.012296
2 2 0.008104 0.088320 0.792849 0.102006 0.008721
2 2 0.006522 0.066469 0.877956 0.043194 0.005859
2 2 0.009824 0.098482 0.794037 0.089259 0.008398
2 2 0.009722 0.140603 0.732170 0.104940 0.012565
2 2 0.005730 0.043386 0.817820 0.129066 0.003997
2 2 0.003633 0.040491 0.908153 0.044664 0.003059
2 2 0.006193 0.070634 0.852357 0.067018 0.003798
2 2 0.009842 0.077388 0.827966 0.079488 0.005316
2 2 0.008987 0.077152 0.770855 0.134885 0.008121
2 2 0.004453 0.029248 0.694904 0.267334 0.004061
2 2 0.010701 0.096810 0.827652 0.056663 0.008173
2 2 0.025748 0.144509 0.681065 0.136573 0.012104
2 2 0.004481 0.046114 0.890358 0.055608 0.003439
2 2 0.015402 0.108595 0.738004 0.129102 0.008896
2 2 0.037425 0.242098 0.658463 0.054530 0.007483
2 2 0.008953 0.072923 0.541372 0.365402 0.011350
2 2 0.012520 0.157295 0.639385 0.178484 0.012315
2 2 0.013734 0.106971 0.793082 0.077305 0.008908
2 2 0.012935 0.075247 0.597841 0.302056 0.011922
2 2 0.009133 0.078677 0.792023 0.113565 0.006603
2 2 0.006004 0.049850 0.838232 0.100688 0.005226
2 2 0.003875 0.050334 0.871245 0.070533 0.004013
2 2 0.005749 0.074192 0.819830 0.094062 0.006167
2 2 0.003727 0.026862 0.860569 0.106212 0.002630
2 2 0.009697 0.085418 0.822605 0.075951 0.006331
2 2 0.029745 0.068601 0.511644 0.374903 0.015106
2 2 0.019067 0.145838 0.731849 0.096055 0.007191
2 3 0.007701 0.064606 0.618814 0.296374 0.012504
2 3 0.018532 0.190978 0.654658 0.121633 0.014199
2 3 0.016433 0.105396 0.670924 0.195875 0.011372
2 3 0.016227 0.097328 0.693045 0.181140 0.012259
2 3 0.012028 0.122265 0.745638 0.109711 0.010358
2 3 0.009354 0.070297 0.767563 0.146977 0.005809
2 3 0.012884 0.098500 0.736054 0.141770 0.010793
2 3 0.017256 0.147507 0.729645 0.097879 0.007714
2 3 0.011022 0.124564 0.767982 0.085785 0.010646
2 3 0.006021 0.058221 0.845962 0.084814 0.004981
2 3 0.004762 0.030888 0.824145 0.136932 0.003273
2 3 0.014546 0.073673 0.704783 0.199029 0.007969
2 3 0.007709 0.062188 0.815476 0.110563 0.004064
2 3 0.030651 0.101931 0.739685 0.122951 0.004782
2 3 0.016968 0.152798 0.743859 0.078467 0.007907
2 3 0.015777 0.098399 0.718408 0.160387 0.007029
2 3 0.015912 0.078414 0.682623 0.217732 0.005319
2 3 0.008791 0.066754 0.800203 0.120962 0.003290
2 2 0.009585 0.059928 0.876739 0.051376 0.002372
2 2 0.009145 0.053414 0.710426 0.222555 0.004461
2 2 0.017722 0.113877 0.809431 0.055041 0.003929
2 2 0.012306 0.074994 0.769872 0.138041 0.004786
2 2 0.011009 0.039424 0.834065 0.112016 0.003485
2 2 0.009201 0.049706 0.782871 0.155260 0.002962
2 2 0.012958 0.120526 0.785557 0.075555 0.005403
2 2 0.004433 0.031632 0.738946 0.222792 0.002198
2 3 0.008975 0.062152 0.829420 0.096412 0.003040
2 3 0.013728 0.104639 0.779270 0.097440 0.004923
2 3 0.009753 0.037935 0.773900 0.175419 0.002993
2 3 0.013249 0.090737 0.783271 0.108185 0.004559
2 3 0.012817 0.088758 0.712346 0.180556 0.005523
2 3 0.006851 0.022434 0.649576 0.318059 0.003080
2 3 0.021406 0.147347 0.714740 0.106990 0.009518
2 3 0.009424 0.050192 0.664913 0.269017 0.006453
2 3 0.012894 0.043037 0.558494 0.378562 0.007012
2 3 0.017174 0.052910 0.592088 0.329951 0.007877
2 3 0.011120 0.064747 0.780150 0.139079 0.004903
2 3 0.015036 0.071990 0.671777 0.233498 0.007700
2 3 0.011265 0.078374 0.759672 0.144618 0.006071
2 3 0.015265 0.075672 0.508959 0.386345 0.013759
2 3 0.036904 0.161226 0.563520 0.223252 0.015097
3 3 0.010170 0.029493 0.315533 0.632757 0.012047
2 3 0.017594 0.051666 0.601694 0.318791 0.010255
2 3 0.011694 0.040002 0.567799 0.372646 0.007859
2 3 0.022401 0.102131 0.689964 0.174210 0.011294
2 3 0.015387 0.053177 0.505437 0.412873 0.013126
2 3 0.012993 0.055072 0.628315 0.290510 0.013111
2 3 0.012863 0.072212 0.614541 0.286002 0.014382
2 3 0.023126 0.112526 0.703090 0.151435 0.009823
2 3 0.027893 0.108384 0.595783 0.252861 0.015079
2 3 0.062525 0.288332 0.598641 0.041122 0.009380
2 3 0.017326 0.161324 0.748266 0.064592 0.008493
2 2 0.023626 0.224980 0.703258 0.033709 0.014426
2 2 0.043128 0.305215 0.544926 0.083345 0.023386
2 2 0.025999 0.281274 0.586270 0.082562 0.023896
2 2 0.037131 0.314694 0.541081 0.087101 0.019992
2 2 0.014963 0.119552 0.726163 0.123455 0.015867
2 2 0.016996 0.080849 0.589900 0.297049 0.015206
2 3 0.021447 0.137373 0.717671 0.105174 0.018336
2 3 0.016257 0.198224 0.702141 0.066055 0.017323
1 3 0.036973 0.483880 0.436097 0.012152 0.030899
2 3 0.020390 0.157278 0.652171 0.153693 0.016468
2 3 0.025592 0.100796 0.728394 0.132213 0.013006
2 3 0.040392 0.271320 0.642925 0.029125 0.016238
2 3 0.033250 0.182815 0.626651 0.140132 0.017152
1 0 0.230169 0.445738 0.272742 0.033113 0.018239
1 1 0.077549 0.459514 0.431806 0.018060 0.013070
1 1 0.045185 0.452145 0.449821 0.030384 0.022465
2 1 0.031446 0.348432 0.535135 0.062269 0.022718
2 1 0.033586 0.392024 0.470176 0.071087 0.033128
2 1 0.069911 0.345311 0.547277 0.026229 0.011271
2 1 0.028911 0.301597 0.604876 0.044921 0.019696
1 1 0.080749 0.559448 0.288504 0.005617 0.065683
1 1 0.099936 0.531707 0.285445 0.008103 0.074808
1 1 0.069176 0.545266 0.284596 0.006009 0.094953
1 1 0.094960 0.538167 0.283164 0.006974 0.076735
1 1 0.057867 0.577951 0.273405 0.002873 0.087905
1 1 0.043591 0.484800 0.277732 0.009939 0.183938
1 1 0.070041 0.495142 0.266085 0.007710 0.161023
1 2 0.092916 0.498085 0.229101 0.003062 0.176836
1 2 0.101505 0.430043 0.240396 0.011765 0.216289
1 2 0.079156 0.391477 0.218358 0.010598 0.300411
1 4 0.124176 0.407481 0.216939 0.009148 0.242256
1 4 0.092875 0.414884 0.220091 0.008064 0.264085
4 4 0.098420 0.308375 0.163037 0.007732 0.422437
4 4 0.065639 0.185480 0.127824 0.037491 0.583566
0 4 0.717378 0.074287 0.028658 0.003568 0.176109
0 4 0.517504 0.152465 0.085721 0.026569 0.217740
1 4 0.249736 0.347348 0.185481 0.013889 0.203546
1 4 0.076530 0.533622 0.236433 0.002188 0.151226
1 4 0.056592 0.469796 0.265232 0.010042 0.198338
1 4 0.083823 0.490333 0.265577 0.008692 0.151575
1 4 0.100518 0.435241 0.257026 0.016785 0.190430
1 4 0.048872 0.528444 0.269566 0.004712 0.148407
4 4 0.130688 0.168232 0.077572 0.002904 0.620604
1 4 0.096541 0.472986 0.224760 0.003893 0.201820
1 4 0.025694 0.420708 0.209832 0.003214 0.340551
1 4 0.052529 0.405874 0.173330 0.001501 0.366766
4 4 0.023869 0.370949 0.194659 0.004314 0.406208
4 4 0.070980 0.282091 0.154240 0.008356 0.484333
4 4 0.043130 0.283653 0.155442 0.006945 0.510830
1 4 0.058840 0.405812 0.201399 0.004328 0.329621
4 4 0.048452 0.369147 0.186865 0.004516 0.391020
4 4 0.035645 0.360131 0.191448 0.005525 0.407252
1 4 0.105503 0.404957 0.180805 0.002653 0.306082
1 4 0.041310 0.386131 0.221535 0.009906 0.341118
4 4 0.055897 0.379125 0.176555 0.002734 0.385689
4 4 0.135453 0.206328 0.106359 0.006589 0.545271
4 4 0.092215 0.206858 0.096162 0.002807 0.601958
4 4 0.100971 0.161421 0.088157 0.008025 0.641427
1 4 0.136119 0.366798 0.177283 0.004908 0.314891
1 4 0.153809 0.395104 0.205277 0.008342 0.237469
4 4 0.085537 0.145810 0.064630 0.001744 0.702280
4 4 0.025199 0.279295 0.139345 0.002928 0.553233
4 4 0.041435 0.133288 0.072016 0.004846 0.748415
4 4 0.024749 0.137991 0.085729 0.010258 0.741273
4 4 0.030139 0.224479 0.123978 0.005897 0.615508
4 4 0.020124 0.105082 0.054093 0.002358 0.818343
4 4 0.090629 0.127343 0.054189 0.001287 0.726552
4 4 0.035311 0.177285 0.100734 0.007070 0.679601
4 4 0.036948 0.197412 0.096522 0.002684 0.666434
4 4 0.056535 0.124213 0.059461 0.002350 0.757441
4 4 0.263479 0.136816 0.058955 0.003314 0.537436
4 4 0.090891 0.118649 0.050253 0.001233 0.738975
4 4 0.063447 0.143771 0.076423 0.005312 0.711048
4 4 0.095319 0.123139 0.053365 0.001469 0.726708
4 4 0.055472 0.114858 0.051724 0.001492 0.776454
4 4 0.115249 0.356189 0.160851 0.002909 0.364802
4 4 0.164373 0.230852 0.115909 0.006130 0.482736
4 4 0.051016 0.143590 0.079502 0.006410 0.719482
4 4 0.072261 0.112616 0.047542 0.001062 0.766520
4 4 0.045289 0.241405 0.128233 0.005476 0.579596
1 4 0.061603 0.502895 0.239783 0.003349 0.192370
4 4 0.159194 0.278101 0.192732 0.030383 0.339589
1 4 0.072065 0.449186 0.220572 0.004378 0.253798
4 4 0.058461 0.328693 0.189834 0.011600 0.411413
1 4 0.024771 0.344124 0.252337 0.040742 0.338027
1 1 0.040078 0.409621 0.230532 0.008649 0.311120
1 1 0.067124 0.400376 0.265296 0.031159 0.236044
0 1 0.304850 0.272987 0.163867 0.033910 0.224386
1 1 0.117002 0.508838 0.286503 0.011820 0.075836
1 1 0.089589 0.546696 0.285640 0.006452 0.071623
1 1 0.111934 0.516498 0.277372 0.008760 0.085437
1 1 0.070526 0.573387 0.274033 0.003280 0.078774
1 1 0.050894 0.607917 0.265988 0.001580 0.073621
1 1 0.105457 0.500999 0.271161 0.009165 0.113219
1 1 0.059010 0.594100 0.273255 0.002334 0.071301
1 1 0.052040 0.596303 0.250086 0.001247 0.100324
1 1 0.106313 0.500688 0.248819 0.005301 0.138879
1 1 0.060087 0.580139 0.251874 0.001676 0.106223
1 1 0.064118 0.571938 0.251812 0.001897 0.110235
1 1 0.040708 0.525449 0.251162 0.002877 0.179803
2 2 0.025316 0.407311 0.455805 0.025556 0.086013
2 2 0.029745 0.366668 0.467794 0.055908 0.079885
1 2 0.022846 0.477286 0.397201 0.025027 0.077640
2 2 0.031137 0.374465 0.481573 0.050733 0.062093
2 2 0.036680 0.390482 0.424825 0.075992 0.072022
1 2 0.028385 0.441254 0.350148 0.039418 0.140794
1 2 0.051780 0.453978 0.407881 0.035777 0.050583
1 2 0.081995 0.446254 0.362587 0.016636 0.092528
1 2 0.040553 0.488281 0.369247 0.033650 0.068268
2 2 0.025451 0.306519 0.570133 0.051588 0.046308
2 2 0.020079 0.315302 0.571658 0.048126 0.044835
2 2 0.011816 0.268171 0.608170 0.062398 0.049445
2 2 0.013052 0.230353 0.613850 0.093534 0.049210
1 2 0.033874 0.468738 0.413476 0.030041 0.053872
2 2 0.023113 0.340071 0.561872 0.027731 0.047212
2 2 0.017913 0.169081 0.541238 0.220202 0.051566
