0 0 0.786892 0.100838 0.045922 0.023265 0.043083
1 0 0.271123 0.510729 0.163608 0.006047 0.048493
0 0 0.831259 0.111596 0.044566 0.004920 0.007659
0 0 0.839030 0.097861 0.041474 0.008522 0.013113
0 0 0.920216 0.025178 0.013685 0.023165 0.017756
0 0 0.932638 0.021134 0.011636 0.020605 0.013988
0 0 0.777646 0.135042 0.055750 0.010549 0.021014
0 0 0.937885 0.030540 0.015119 0.009386 0.007071
0 0 0.471468 0.357102 0.125371 0.008123 0.037936
1 0 0.383057 0.427332 0.143373 0.006783 0.039455
1 0 0.254766 0.523102 0.166307 0.005904 0.049920
0 0 0.449604 0.363985 0.128909 0.009618 0.047885
0 0 0.934345 0.020576 0.011352 0.020239 0.013489
0 0 0.918449 0.033102 0.016974 0.016922 0.014553
0 0 0.859378 0.078191 0.034914 0.011530 0.015987
0 0 0.851062 0.047240 0.024460 0.034964 0.042274
0 0 0.809426 0.120394 0.049234 0.007627 0.013319
0 0 0.934889 0.020399 0.011261 0.020121 0.013331
1 0 0.161836 0.608403 0.179996 0.003860 0.045906
1 0 0.216004 0.545879 0.171947 0.006160 0.060010
1 0 0.061245 0.658878 0.184616 0.003797 0.091464
1 0 0.315439 0.380769 0.139868 0.020167 0.143757
1 1 0.271095 0.455684 0.156768 0.012599 0.103854
1 1 0.050789 0.687687 0.185262 0.002733 0.073530
1 0 0.080422 0.606741 0.180634 0.006207 0.125997
1 0 0.221384 0.469900 0.160727 0.013783 0.134206
1 0 0.077525 0.614594 0.181429 0.005803 0.120649
1 1 0.241736 0.443797 0.155166 0.015869 0.143432
1 1 0.037909 0.720745 0.185627 0.001646 0.054073
1 1 0.073365 0.625879 0.182459 0.005249 0.113048
1 1 0.057729 0.668515 0.184974 0.003421 0.085361
1 1 0.033455 0.598371 0.236714 0.001284 0.130176
1 0 0.033063 0.486522 0.393282 0.004789 0.082344
1 0 0.041209 0.699801 0.191366 0.001889 0.065735
1 0 0.059544 0.663535 0.184805 0.003613 0.088503
1 1 0.101235 0.604786 0.181809 0.006132 0.106038
1 0 0.052894 0.681846 0.185238 0.002934 0.077088
1 0 0.090711 0.632223 0.184388 0.004750 0.087926
1 0 0.285344 0.443425 0.153970 0.013198 0.104063
0 0 0.574172 0.134273 0.066548 0.048545 0.176462
0 0 0.936725 0.019799 0.010953 0.019722 0.012801
0 0 0.959875 0.012226 0.007003 0.014231 0.006665
0 0 0.950304 0.015357 0.008654 0.016614 0.009071
0 0 0.803432 0.118180 0.049567 0.010284 0.018537
0 0 0.658119 0.243146 0.085274 0.003623 0.009837
0 0 0.885449 0.065285 0.029298 0.009106 0.010863
0 0 0.882614 0.063514 0.029068 0.011232 0.013573
0 0 0.840640 0.093315 0.040333 0.010164 0.015547
0 0 0.823152 0.106072 0.044934 0.009723 0.016118
0 0 0.921957 0.030722 0.015922 0.017209 0.014189
0 0 0.899123 0.046173 0.022580 0.015737 0.016388
0 0 0.909572 0.038483 0.019352 0.016794 0.015799
0 0 0.881251 0.064279 0.029388 0.011305 0.013778
0 0 0.903785 0.049666 0.023467 0.011328 0.011754
0 0 0.912443 0.035503 0.018118 0.017822 0.016114
0 0 0.917476 0.040078 0.019536 0.011950 0.010960
0 0 0.815776 0.122469 0.048386 0.005017 0.008352
0 0 0.909278 0.054812 0.024289 0.005797 0.005824
0 0 0.961479 0.016431 0.008741 0.008784 0.004565
0 0 0.949321 0.015679 0.008822 0.016849 0.009329
0 0 0.958562 0.017097 0.010227 0.009752 0.004362
0 0 0.865529 0.046562 0.070466 0.014972 0.002471
0 0 0.938695 0.025845 0.021960 0.010387 0.003113
0 0 0.978925 0.005042 0.004216 0.010132 0.001685
0 0 0.932247 0.025166 0.028892 0.011539 0.002155
0 0 0.959178 0.019533 0.012286 0.006480 0.002523
0 0 0.964163 0.010570 0.011157 0.012202 0.001907
0 0 0.945991 0.021264 0.011299 0.013095 0.008350
0 0 0.901739 0.050719 0.023929 0.011500 0.012114
0 0 0.952499 0.014639 0.008278 0.016083 0.008502
0 0 0.923646 0.039058 0.018817 0.009837 0.008642
0 0 0.767034 0.139740 0.057812 0.011527 0.023887
0 0 0.838756 0.095395 0.040991 0.009774 0.015084
0 0 0.879564 0.058055 0.027586 0.015802 0.018993
0 1 0.867660 0.075313 0.033457 0.010127 0.013443
1 0 0.102958 0.669745 0.185234 0.002453 0.039611
0 1 0.464894 0.366941 0.127094 0.007187 0.033884
1 1 0.066815 0.709145 0.185729 0.001709 0.036603
1 1 0.067147 0.712821 0.185334 0.001565 0.033133
1 1 0.035268 0.743017 0.182577 0.001171 0.037967
1 1 0.029685 0.582627 0.343596 0.003812 0.040280
1 2 0.027056 0.617730 0.316444 0.002726 0.036043
2 2 0.025401 0.418854 0.511890 0.008995 0.034861
2 2 0.020678 0.325585 0.603204 0.017578 0.032956
2 2 0.005003 0.118065 0.800116 0.064972 0.011843
2 2 0.019826 0.314094 0.625508 0.013441 0.027130
2 2 0.007913 0.159228 0.803799 0.018204 0.010857
2 2 0.005635 0.120851 0.801190 0.058948 0.013376
2 2 0.010881 0.216416 0.729624 0.024149 0.018931
2 2 0.008841 0.112055 0.844520 0.029822 0.004761
2 2 0.003733 0.040325 0.909012 0.044542 0.002387
2 2 0.030919 0.266509 0.615992 0.037409 0.049171
2 3 0.032854 0.130886 0.785740 0.044600 0.005920
2 3 0.034544 0.097558 0.691366 0.168168 0.008364
2 3 0.033616 0.095231 0.712674 0.152428 0.006050
2 3 0.028838 0.071584 0.634906 0.256630 0.008041
2 3 0.036138 0.093732 0.693018 0.170437 0.006675
2 3 0.020216 0.067421 0.723363 0.185474 0.003525
2 2 0.021713 0.042495 0.504721 0.426378 0.004693
2 0 0.063757 0.191202 0.664547 0.065069 0.015425
2 1 0.198918 0.218920 0.550250 0.023761 0.008151
2 1 0.021307 0.458812 0.485984 0.005640 0.028256
1 0 0.052304 0.681485 0.199388 0.002774 0.064050
1 0 0.132972 0.624109 0.189155 0.003844 0.049921
1 2 0.045307 0.735010 0.183918 0.001258 0.034507
2 0 0.100542 0.248037 0.613169 0.024477 0.013776
1 0 0.247020 0.555391 0.167155 0.003273 0.027161
1 2 0.070864 0.721321 0.183489 0.001169 0.023157
1 1 0.024265 0.495756 0.442221 0.005247 0.032510
1 1 0.057397 0.717901 0.185422 0.001590 0.037691
1 2 0.030030 0.598644 0.331795 0.003228 0.036304
2 2 0.006145 0.082022 0.820268 0.085150 0.006415
2 2 0.026418 0.237124 0.712723 0.013347 0.010388
2 3 0.025443 0.139723 0.775007 0.052437 0.007390
2 3 0.030234 0.120240 0.771549 0.071581 0.006396
2 3 0.029125 0.127343 0.734120 0.101110 0.008302
2 3 0.035681 0.096586 0.735159 0.127215 0.005359
2 3 0.021060 0.172290 0.708670 0.080126 0.017854
2 3 0.033060 0.065982 0.555811 0.337509 0.007638
3 3 0.043802 0.041758 0.421721 0.487587 0.005132
2 3 0.028071 0.099445 0.684577 0.180222 0.007685
2 3 0.018260 0.082418 0.509262 0.372954 0.017106
2 3 0.013970 0.064473 0.556170 0.356452 0.008935
3 3 0.003620 0.009016 0.209017 0.776900 0.001446
2 3 0.014062 0.057956 0.527518 0.392588 0.007875
3 3 0.006061 0.017039 0.364063 0.610513 0.002324
2 3 0.010874 0.046670 0.566934 0.371204 0.004317
2 3 0.018777 0.062531 0.579998 0.331391 0.007304
2 3 0.001035 0.044389 0.727896 0.220701 0.005979
2 3 0.002101 0.022076 0.528165 0.445238 0.002421
3 3 0.001659 0.023210 0.344965 0.622171 0.007995
3 3 0.005209 0.028757 0.400364 0.560480 0.005190
2 3 0.006617 0.123238 0.610147 0.227077 0.032922
2 3 0.003592 0.031796 0.579200 0.382260 0.003152
3 3 0.002851 0.013443 0.356098 0.625825 0.001783
3 3 0.004903 0.013310 0.239530 0.739680 0.002577
3 3 0.001546 0.011886 0.458469 0.527113 0.000985
3 3 0.002391 0.009234 0.199989 0.785988 0.002398
2 3 0.008988 0.054943 0.580286 0.348375 0.007409
3 3 0.008030 0.019728 0.294795 0.673721 0.003726
3 3 0.031098 0.066510 0.403396 0.486147 0.012850
3 3 0.016751 0.026104 0.268730 0.683301 0.005113
3 3 0.012582 0.014986 0.203829 0.765437 0.003166
3 3 0.011830 0.016110 0.126411 0.839248 0.006400
3 3 0.013590 0.017258 0.161496 0.801861 0.005796
3 3 0.008831 0.027251 0.267425 0.688806 0.007686
2 3 0.033361 0.050897 0.550847 0.360754 0.004141
2 3 0.045842 0.080405 0.811862 0.060085 0.001806
2 3 0.025446 0.198684 0.695161 0.057881 0.022829
2 2 0.028924 0.107350 0.691821 0.161060 0.010845
2 2 0.043312 0.266368 0.611146 0.044379 0.034794
2 3 0.016945 0.260287 0.656690 0.033147 0.032931
2 2 0.043134 0.144278 0.696742 0.106712 0.009135
2 2 0.040721 0.430550 0.484930 0.009871 0.033927
2 2 0.030539 0.213298 0.731639 0.015579 0.008946
2 1 0.046265 0.356734 0.570358 0.009956 0.016687
2 2 0.068976 0.430869 0.476638 0.007008 0.016508
2 2 0.034040 0.137826 0.735961 0.083099 0.009073
2 2 0.034254 0.259386 0.672607 0.018629 0.015124
2 2 0.033156 0.199165 0.726497 0.031255 0.009928
2 3 0.009682 0.184288 0.723088 0.058418 0.024524
2 2 0.034894 0.089670 0.695496 0.170736 0.009204
2 2 0.021320 0.211908 0.669760 0.058176 0.038836
2 3 0.019694 0.182892 0.672007 0.083044 0.042362
2 3 0.005867 0.080518 0.806379 0.097251 0.009986
2 2 0.013568 0.095529 0.693392 0.182522 0.014990
2 2 0.027814 0.211571 0.624146 0.079765 0.056704
2 2 0.016678 0.191614 0.705626 0.054108 0.031974
2 2 0.002178 0.028134 0.794975 0.173005 0.001708
2 2 0.031335 0.310839 0.579341 0.028372 0.050113
2 2 0.005218 0.085749 0.809650 0.092288 0.007096
2 2 0.006283 0.128173 0.802784 0.051411 0.011348
2 2 0.006855 0.123479 0.760789 0.090056 0.018821
2 2 0.003665 0.056888 0.823695 0.111477 0.004276
2 2 0.002749 0.066276 0.774801 0.147539 0.008635
2 2 0.006685 0.066426 0.754659 0.164750 0.007480
2 2 0.009201 0.170605 0.751098 0.048748 0.020349
2 2 0.009371 0.176847 0.749201 0.044419 0.020163
2 3 0.001230 0.041410 0.839021 0.115022 0.003317
3 2 0.003029 0.016159 0.487086 0.492086 0.001639
2 3 0.017745 0.208057 0.668041 0.066421 0.039736
2 2 0.008053 0.045377 0.521681 0.414357 0.010532
2 3 0.024590 0.304430 0.613379 0.020885 0.036717
2 3 0.020358 0.038781 0.471051 0.464593 0.005216
2 2 0.010146 0.142559 0.724152 0.098107 0.025037
2 3 0.010707 0.175213 0.719208 0.068057 0.026815
2 3 0.011178 0.086746 0.758344 0.135506 0.008226
2 3 0.006348 0.086512 0.782118 0.113260 0.011762
2 2 0.008249 0.058975 0.764436 0.162912 0.005429
2 2 0.003335 0.057139 0.811277 0.122730 0.005518
2 3 0.007555 0.074659 0.761801 0.148183 0.007802
2 3 0.010752 0.069277 0.587241 0.319001 0.013729
2 0 0.021899 0.067182 0.560353 0.340088 0.010478
2 0 0.097978 0.403564 0.459094 0.012832 0.026532
1 0 0.114950 0.681662 0.181423 0.001448 0.020517
1 0 0.060386 0.716864 0.185395 0.001567 0.035787
1 0 0.086062 0.698416 0.184740 0.001640 0.029142
1 0 0.073034 0.697721 0.186196 0.002013 0.041036
1 0 0.109159 0.678106 0.183451 0.001823 0.027461
1 0 0.076998 0.694228 0.186163 0.002062 0.040548
1 1 0.083211 0.700216 0.184935 0.001646 0.029992
1 1 0.036768 0.727421 0.183670 0.001566 0.050575
1 1 0.040848 0.715666 0.184494 0.001875 0.057117
1 2 0.031104 0.744131 0.181887 0.001178 0.041700
2 2 0.026722 0.326385 0.606421 0.013832 0.026640
1 2 0.059680 0.589649 0.309221 0.004290 0.037161
1 2 0.032139 0.569597 0.364986 0.003494 0.029784
2 2 0.023214 0.376626 0.557722 0.010614 0.031824
1 2 0.031329 0.480187 0.437038 0.007790 0.043656
2 2 0.022699 0.240881 0.716436 0.010919 0.009065
1 2 0.024173 0.505336 0.433263 0.004921 0.032306
2 2 0.030154 0.254478 0.663559 0.024818 0.026990
2 2 0.048424 0.377158 0.539774 0.011320 0.023324
1 2 0.046197 0.465175 0.451056 0.007635 0.029938
2 2 0.065556 0.226603 0.657551 0.031815 0.018475
2 1 0.049779 0.440270 0.479575 0.007545 0.022830
1 2 0.030425 0.471347 0.458339 0.006756 0.033133
1 2 0.022582 0.496552 0.446132 0.004788 0.029946
2 3 0.025612 0.385476 0.553645 0.009091 0.026177
2 2 0.025277 0.129423 0.761867 0.070758 0.012675
2 2 0.018022 0.247391 0.663361 0.036963 0.034264
2 3 0.021315 0.138548 0.802755 0.032640 0.004743
2 2 0.030401 0.197796 0.700983 0.049978 0.020841
2 2 0.022898 0.281393 0.648431 0.018749 0.028528
2 2 0.024500 0.103143 0.831025 0.037660 0.003672
2 0 0.039601 0.295530 0.636075 0.013450 0.015344
1 1 0.055303 0.735065 0.183310 0.001076 0.025246
1 1 0.161299 0.457016 0.337395 0.010786 0.033504
2 2 0.106193 0.355138 0.502409 0.015274 0.020986
2 2 0.130919 0.316764 0.519147 0.017112 0.016057
2 2 0.026770 0.344265 0.582583 0.014072 0.032309
2 2 0.036257 0.312193 0.613225 0.015468 0.022857
2 2 0.020171 0.215818 0.703174 0.034951 0.025885
2 2 0.025406 0.320836 0.615644 0.013348 0.024766
2 2 0.027539 0.320022 0.617072 0.012924 0.022443
2 2 0.028310 0.271174 0.670496 0.014310 0.015710
2 2 0.032637 0.267081 0.655183 0.022141 0.022960
2 2 0.018981 0.263972 0.681942 0.015194 0.019912
2 2 0.043237 0.170372 0.719763 0.055405 0.011222
2 0 0.059300 0.278529 0.617149 0.023042 0.021980
0 0 0.532033 0.299400 0.110881 0.011391 0.046295
0 0 0.688315 0.184537 0.074666 0.014277 0.038205
1 0 0.314335 0.489847 0.156384 0.004982 0.034451
0 0 0.455356 0.372824 0.128974 0.007340 0.035506
1 1 0.270789 0.524673 0.163913 0.004579 0.036046
1 1 0.164494 0.614542 0.179480 0.003293 0.038191
1 1 0.070321 0.698583 0.186278 0.002040 0.042777
1 0 0.092174 0.682546 0.185593 0.002165 0.037523
1 0 0.194604 0.591800 0.175444 0.003415 0.034736
1 1 0.106459 0.672098 0.184614 0.002216 0.034612
1 1 0.107297 0.678845 0.183710 0.001852 0.028296
1 2 0.142982 0.645537 0.180862 0.002265 0.028355
1 2 0.077169 0.696864 0.185970 0.001948 0.038049
1 2 0.164109 0.616812 0.179430 0.003153 0.036497
1 2 0.102713 0.667401 0.185380 0.002580 0.041925
1 2 0.068293 0.639774 0.248528 0.003214 0.040191
1 0 0.255426 0.545315 0.166084 0.003633 0.029543
1 0 0.266735 0.546810 0.163047 0.002714 0.020695
1 0 0.363254 0.467685 0.146431 0.003325 0.019305
0 0 0.690919 0.190481 0.075632 0.011765 0.031203
0 0 0.487325 0.364628 0.122662 0.004768 0.020617
1 0 0.292719 0.520777 0.159390 0.003329 0.023785
1 0 0.322879 0.501369 0.153520 0.002983 0.019250
0 0 0.460871 0.384849 0.128073 0.004666 0.021541
1 0 0.307038 0.505467 0.157274 0.003817 0.026404
0 0 0.557416 0.310892 0.107900 0.005126 0.018666
0 0 0.432641 0.395215 0.133833 0.006303 0.032007
0 0 0.424595 0.410794 0.135422 0.004800 0.024388
0 0 0.525159 0.332408 0.114828 0.005548 0.022057
0 0 0.448436 0.379697 0.130487 0.007002 0.034378
1 0 0.367528 0.444121 0.146540 0.005959 0.035851
0 0 0.620374 0.248754 0.093141 0.008976 0.028756
0 0 0.682716 0.186833 0.075639 0.014734 0.040079
0 0 0.816580 0.092664 0.041913 0.018282 0.030560
0 0 0.725662 0.149059 0.063305 0.018419 0.043555
1 0 0.399960 0.413952 0.140050 0.007006 0.039031
0 0 0.596805 0.271092 0.098943 0.007572 0.025588
0 0 0.687538 0.199433 0.077537 0.009684 0.025808
0 0 0.871344 0.074846 0.032990 0.009049 0.011771
0 0 0.845695 0.081975 0.036976 0.014267 0.021086
0 0 0.622789 0.232090 0.090237 0.013009 0.041875
0 0 0.468057 0.341105 0.123787 0.011598 0.055452
0 0 0.783659 0.132099 0.054511 0.010090 0.019640
0 0 0.899837 0.043328 0.021533 0.017495 0.017806
0 0 0.897650 0.048560 0.023473 0.014694 0.015623
0 0 0.802714 0.124680 0.050833 0.007789 0.013985
0 0 0.657840 0.227662 0.085251 0.007561 0.021685
0 0 0.856699 0.067470 0.031846 0.018650 0.025335
0 0 0.739952 0.147076 0.061826 0.015643 0.035503
0 0 0.874419 0.040503 0.021188 0.030830 0.033060
0 0 0.731416 0.158008 0.065096 0.013615 0.031864
0 0 0.851546 0.052260 0.026467 0.030865 0.038861
0 0 0.785898 0.126232 0.053057 0.011871 0.022942
0 0 0.807987 0.095518 0.043246 0.019530 0.033719
0 0 0.817177 0.086424 0.039917 0.021405 0.035077
0 0 0.777529 0.136949 0.056129 0.009829 0.019563
0 0 0.869944 0.048490 0.024503 0.026335 0.030728
0 0 0.786904 0.131904 0.054096 0.009281 0.017814
0 0 0.872021 0.057586 0.027787 0.019088 0.023518
0 0 0.710661 0.149823 0.064361 0.021748 0.053407
0 0 0.704620 0.141848 0.062261 0.026422 0.064848
0 0 0.547243 0.297550 0.108855 0.009491 0.036862
0 0 0.748044 0.125355 0.055328 0.022579 0.048693
0 0 0.403130 0.391664 0.137453 0.010219 0.057534
0 0 0.601942 0.242328 0.094110 0.013987 0.047633
1 1 0.159028 0.597224 0.180027 0.004812 0.058909
1 1 0.043790 0.707302 0.184889 0.002113 0.061906
1 1 0.031809 0.742019 0.182156 0.001224 0.042792
1 1 0.031710 0.742316 0.182119 0.001217 0.042638
1 1 0.033838 0.735997 0.182851 0.001359 0.045954
1 1 0.040897 0.726221 0.184287 0.001567 0.047028
1 1 0.147927 0.642628 0.180158 0.002223 0.027063
1 1 0.151066 0.643059 0.179348 0.002058 0.024470
1 1 0.173314 0.618397 0.177509 0.002587 0.028194
1 1 0.198696 0.597873 0.174058 0.002719 0.026654
1 1 0.171121 0.622100 0.177555 0.002445 0.026780
1 2 0.139370 0.637514 0.182220 0.002910 0.037986
1 2 0.112273 0.660688 0.184650 0.002612 0.039776
1 2 0.225110 0.584187 0.168967 0.002246 0.019491
1 1 0.192160 0.579136 0.176027 0.004576 0.048100
1 1 0.068714 0.722509 0.183650 0.001181 0.023946
1 0 0.050869 0.624409 0.297898 0.002462 0.024361
1 0 0.144927 0.668709 0.174518 0.000958 0.010888
1 0 0.202301 0.607455 0.171314 0.001837 0.017093
1 0 0.266283 0.549497 0.162720 0.002506 0.018995
1 1 0.088415 0.698762 0.184287 0.001556 0.026981
1 1 0.088451 0.713475 0.180961 0.000975 0.016137
1 1 0.088275 0.708979 0.182253 0.001148 0.019345
1 1 0.074631 0.706027 0.185342 0.001642 0.032358
1 2 0.045586 0.731171 0.184303 0.001366 0.037574
1 2 0.038618 0.476006 0.456311 0.005632 0.023434
1 2 0.035206 0.565912 0.370001 0.003325 0.025556
1 2 0.023828 0.591437 0.350629 0.002808 0.031299
2 2 0.018534 0.407476 0.547443 0.005815 0.020733
1 2 0.023690 0.497487 0.447653 0.004478 0.026693
2 2 0.025689 0.229150 0.701029 0.025428 0.018704
1 2 0.019478 0.479898 0.474225 0.004037 0.022363
2 2 0.025423 0.205652 0.735435 0.024004 0.009486
2 2 0.013681 0.322772 0.637976 0.007848 0.017723
2 2 0.020998 0.366053 0.574411 0.010062 0.028475
2 2 0.005129 0.076618 0.860335 0.053231 0.004687
2 2 0.000563 0.030473 0.921833 0.044393 0.002738
2 2 0.013142 0.148337 0.800814 0.029613 0.008094
2 2 0.015280 0.206046 0.733961 0.026053 0.018660
2 2 0.003258 0.107191 0.829546 0.051728 0.008277
2 2 0.013854 0.272276 0.675618 0.016487 0.021765
2 2 0.001362 0.053786 0.860395 0.080618 0.003839
2 2 0.020135 0.323956 0.616970 0.012428 0.026510
2 2 0.005237 0.095532 0.840860 0.052088 0.006283
2 2 0.015911 0.209235 0.704339 0.044312 0.026203
2 2 0.034238 0.326734 0.565049 0.023612 0.050368
2 2 0.004030 0.047241 0.867116 0.078263 0.003350
2 2 0.024739 0.290608 0.628420 0.021004 0.035229
2 2 0.022710 0.197545 0.726651 0.034030 0.019064
2 2 0.019986 0.175306 0.757746 0.035503 0.011460
2 2 0.031899 0.332033 0.579151 0.018499 0.038417
2 2 0.037433 0.373665 0.501841 0.024228 0.062833
2 3 0.005965 0.043411 0.773043 0.174230 0.003351
2 3 0.012423 0.141505 0.784147 0.047571 0.014354
2 3 0.019967 0.207741 0.700256 0.044502 0.027534
2 3 0.006442 0.049831 0.714519 0.225422 0.003786
3 2 0.008024 0.029740 0.431807 0.525780 0.004649
2 3 0.005095 0.112672 0.721210 0.143749 0.017274
2 3 0.001230 0.016924 0.754658 0.226042 0.001146
2 3 0.005985 0.058986 0.733040 0.197739 0.004249
2 3 0.004837 0.041914 0.686175 0.262864 0.004209
2 3 0.009389 0.085521 0.649565 0.242582 0.012943
2 3 0.013709 0.059650 0.693942 0.228303 0.004396
2 3 0.008389 0.079428 0.602249 0.293994 0.015940
2 3 0.010424 0.093512 0.632986 0.249729 0.013349
2 3 0.007570 0.069672 0.691633 0.223268 0.007856
2 3 0.011304 0.057958 0.666161 0.258569 0.006007
2 3 0.006121 0.082115 0.595951 0.293483 0.022330
2 3 0.003111 0.022573 0.516698 0.455332 0.002285
2 3 0.013189 0.048314 0.467989 0.463206 0.007301
3 3 0.009255 0.043231 0.347302 0.585505 0.014707
3 3 0.005522 0.028254 0.446944 0.514880 0.004401
3 3 0.012926 0.043842 0.274294 0.648855 0.020083
2 3 0.008737 0.053441 0.562899 0.365350 0.009574
2 3 0.005254 0.037625 0.615879 0.336549 0.004692
3 3 0.009136 0.042820 0.450100 0.490674 0.007269
2 3 0.004259 0.046170 0.479712 0.461190 0.008668
3 3 0.000828 0.002362 0.058977 0.936882 0.000952
2 3 0.013234 0.194340 0.572123 0.164436 0.055867
3 3 0.011765 0.041018 0.331554 0.605358 0.010305
2 3 0.012694 0.049696 0.544637 0.386167 0.006807
3 3 0.006050 0.045080 0.406362 0.527703 0.014805
2 3 0.009156 0.103458 0.649760 0.215539 0.022086
3 3 0.005225 0.047161 0.416087 0.518220 0.013307
3 3 0.013534 0.046094 0.389470 0.539259 0.011642
3 3 0.004817 0.014265 0.220459 0.757539 0.002922
3 3 0.015745 0.051346 0.324089 0.594986 0.013834
3 3 0.010395 0.023158 0.229693 0.730486 0.006268
3 3 0.022696 0.104449 0.387603 0.444644 0.040607
3 3 0.004480 0.010401 0.104199 0.875519 0.005401
3 3 0.004210 0.016884 0.246731 0.727837 0.004338
3 3 0.007052 0.019609 0.221642 0.746101 0.005597
3 3 0.011375 0.029082 0.219355 0.729984 0.010204
3 3 0.004712 0.013157 0.118104 0.856733 0.007293
3 3 0.002452 0.003753 0.052348 0.939581 0.001866
3 3 0.002210 0.006897 0.135696 0.853228 0.001968
3 3 0.004297 0.008551 0.082687 0.899247 0.005217
3 3 0.004546 0.009026 0.070988 0.910585 0.004855
3 3 0.003210 0.007549 0.075070 0.909132 0.005038
3 3 0.003029 0.009646 0.142226 0.842203 0.002897
3 3 0.001966 0.005294 0.079740 0.910209 0.002791
3 3 0.005118 0.008479 0.105598 0.877491 0.003314
3 3 0.007047 0.019912 0.202076 0.764717 0.006247
3 3 0.010733 0.037043 0.266094 0.672583 0.013546
3 3 0.004819 0.007982 0.099532 0.884669 0.002998
3 3 0.004849 0.010179 0.109485 0.871058 0.004428
3 3 0.001784 0.003830 0.050989 0.941213 0.002185
3 3 0.006855 0.027177 0.269615 0.689658 0.006696
3 3 0.001777 0.005198 0.076319 0.914160 0.002546
3 3 0.002635 0.006564 0.086758 0.901046 0.002996
3 3 0.004383 0.011289 0.100357 0.877085 0.006885
3 3 0.003631 0.007726 0.068276 0.915133 0.005235
3 3 0.002930 0.008946 0.129415 0.855568 0.003140
3 3 0.007672 0.024970 0.218234 0.741593 0.007530
3 3 0.005712 0.014864 0.160648 0.813518 0.005258
3 3 0.002085 0.004102 0.055796 0.935789 0.002228
3 3 0.001946 0.013316 0.272843 0.709683 0.002213
3 3 0.000999 0.001812 0.027624 0.968605 0.000960
3 3 0.002795 0.006139 0.058544 0.928317 0.004206
3 3 0.002132 0.004764 0.049954 0.939992 0.003158
3 3 0.001268 0.004327 0.074405 0.917816 0.002184
3 3 0.001946 0.004230 0.062735 0.929229 0.001860
3 3 0.002415 0.005493 0.062212 0.926449 0.003432
3 3 0.001761 0.004317 0.097502 0.895160 0.001260
3 3 0.001941 0.004106 0.052043 0.939518 0.002391
3 3 0.000845 0.002213 0.046295 0.949596 0.001050
3 3 0.003597 0.014784 0.194124 0.783587 0.003909
3 3 0.001739 0.004945 0.049984 0.939718 0.003614
3 3 0.000814 0.002687 0.041946 0.952917 0.001636
3 3 0.001679 0.003151 0.056479 0.937251 0.001440
3 3 0.001786 0.002753 0.034425 0.959516 0.001520
3 3 0.001360 0.003761 0.061355 0.931536 0.001988
3 3 0.001020 0.002290 0.033539 0.961846 0.001305
3 3 0.001657 0.004730 0.055857 0.934621 0.003135
3 3 0.000563 0.002074 0.048421 0.947975 0.000967
3 3 0.001442 0.006333 0.108445 0.881087 0.002693
3 3 0.000411 0.001346 0.039608 0.958062 0.000573
3 3 0.001019 0.002911 0.050773 0.943736 0.001561
3 3 0.001253 0.002849 0.047620 0.946814 0.001464
3 3 0.001348 0.004221 0.054140 0.937533 0.002758
3 3 0.001244 0.003958 0.053251 0.939014 0.002533
3 3 0.002407 0.006270 0.055349 0.931207 0.004766
3 3 0.000841 0.005543 0.083481 0.906129 0.004006
3 3 0.002125 0.010417 0.116257 0.864714 0.006487
3 3 0.001372 0.006201 0.087010 0.901576 0.003841
3 3 0.000679 0.004587 0.112545 0.880314 0.001876
3 3 0.001795 0.006623 0.138266 0.851369 0.001948
3 3 0.001338 0.011529 0.216976 0.766414 0.003744
3 3 0.002414 0.008096 0.077750 0.905589 0.006151
3 3 0.001030 0.003788 0.064639 0.928365 0.002178
3 3 0.000439 0.001701 0.048957 0.948145 0.000758
3 3 0.001735 0.006088 0.092453 0.896170 0.003555
3 3 0.000926 0.003739 0.066458 0.926719 0.002157
3 3 0.001856 0.008125 0.084613 0.899041 0.006365
3 0 0.000881 0.004614 0.067106 0.924160 0.003239
2 0 0.182128 0.170125 0.442634 0.165505 0.039609
1 0 0.207948 0.538103 0.173457 0.007331 0.073161
1 1 0.251400 0.549925 0.166627 0.003478 0.028570
1 1 0.157298 0.610637 0.187227 0.003654 0.041185
1 2 0.039013 0.458158 0.448157 0.009859 0.044813
2 2 0.072601 0.409491 0.482742 0.010810 0.024357
2 2 0.062288 0.353804 0.535931 0.017417 0.030560
2 2 0.035968 0.444614 0.459936 0.010960 0.048522
2 2 0.061912 0.341393 0.552261 0.017360 0.027074
2 2 0.037206 0.436620 0.466618 0.011582 0.047973
1 2 0.069411 0.628605 0.256272 0.003601 0.042112
2 2 0.054611 0.374263 0.507983 0.018756 0.044387
1 2 0.071728 0.623623 0.245560 0.004321 0.054767
1 0 0.031428 0.473239 0.468140 0.005077 0.022115
1 1 0.094950 0.689074 0.184547 0.001779 0.029650
1 2 0.031568 0.742742 0.182065 0.001208 0.042417
1 2 0.056929 0.516562 0.379431 0.007169 0.039909
1 2 0.036325 0.667246 0.243701 0.002572 0.050157
1 2 0.051806 0.684862 0.185257 0.002829 0.075246
1 2 0.025994 0.590937 0.345386 0.003114 0.034570
1 1 0.030585 0.713549 0.213343 0.001520 0.041004
1 1 0.047701 0.696297 0.185188 0.002450 0.068363
1 1 0.048027 0.683911 0.196338 0.002751 0.068973
1 2 0.039421 0.719756 0.184245 0.001764 0.054815
1 2 0.038785 0.545762 0.354018 0.006428 0.055008
1 2 0.052113 0.684011 0.185253 0.002858 0.075764
1 2 0.046954 0.698392 0.185149 0.002384 0.067121
1 2 0.033262 0.735370 0.183940 0.001318 0.046110
1 2 0.035907 0.740301 0.182878 0.001233 0.039680
1 2 0.083236 0.665717 0.186342 0.003198 0.061508
1 2 0.045379 0.498614 0.402088 0.008174 0.045745
1 2 0.044373 0.705655 0.184949 0.002162 0.062861
1 2 0.035807 0.597342 0.327330 0.003448 0.036072
1 2 0.035926 0.641826 0.269490 0.003081 0.049677
1 2 0.028749 0.642899 0.287406 0.002448 0.038499
1 2 0.038147 0.489350 0.408837 0.009107 0.054559
1 2 0.037150 0.665017 0.243688 0.002668 0.051477
1 2 0.042177 0.711878 0.184691 0.001981 0.059272
2 2 0.007089 0.348311 0.561843 0.000467 0.082291
1 2 0.049814 0.690398 0.185253 0.002642 0.071893
1 2 0.036870 0.727125 0.183695 0.001573 0.050737
1 2 0.031022 0.567767 0.354344 0.004408 0.042460
1 2 0.031631 0.686823 0.236878 0.001946 0.042722
1 2 0.041089 0.714979 0.184532 0.001894 0.057506
1 2 0.029140 0.669373 0.260464 0.002050 0.038972
1 2 0.034455 0.645205 0.270114 0.002890 0.047336
1 2 0.059097 0.498628 0.416535 0.005147 0.020593
2 2 0.008014 0.434148 0.514184 0.000582 0.043072
1 2 0.029569 0.592704 0.314084 0.002434 0.061209
1 2 0.028892 0.591280 0.355562 0.001543 0.022723
1 2 0.019201 0.554505 0.380665 0.001718 0.043911
1 2 0.046855 0.623459 0.257765 0.004425 0.067495
1 2 0.040465 0.522886 0.370881 0.007788 0.057979
2 2 0.025684 0.460723 0.489288 0.004636 0.019669
1 2 0.072303 0.700894 0.186031 0.001902 0.038870
2 2 0.018913 0.293208 0.657432 0.011667 0.018780
2 2 0.022773 0.262722 0.696481 0.009079 0.008946
2 2 0.028220 0.248091 0.660863 0.033691 0.029136
2 2 0.020085 0.353575 0.588814 0.010355 0.027171
2 2 0.021485 0.234701 0.710685 0.016332 0.016796
2 2 0.036719 0.445776 0.453211 0.011557 0.052737
1 2 0.039424 0.562851 0.336009 0.005833 0.055884
2 2 0.009608 0.336039 0.632847 0.003262 0.018244
2 2 0.033637 0.420470 0.485536 0.012346 0.048011
2 2 0.016933 0.238427 0.701503 0.015827 0.027311
2 2 0.027161 0.312115 0.590065 0.026078 0.044581
2 2 0.009792 0.184441 0.774436 0.013343 0.017989
1 2 0.079808 0.498311 0.382563 0.007541 0.031777
2 2 0.039615 0.401534 0.508849 0.012550 0.037453
1 2 0.031880 0.617782 0.303617 0.003248 0.043472
2 2 0.005978 0.165621 0.799981 0.011443 0.016977
2 2 0.014937 0.308148 0.647443 0.009780 0.019691
2 2 0.014446 0.166078 0.786965 0.019316 0.013195
2 2 0.022290 0.305031 0.634282 0.011970 0.026427
2 0 0.081977 0.423588 0.424066 0.017117 0.053252
1 1 0.150402 0.636300 0.180394 0.002502 0.030402
1 1 0.046052 0.570827 0.312439 0.006263 0.064418
1 1 0.070562 0.706498 0.185692 0.001723 0.035524
1 2 0.043063 0.662272 0.232311 0.003036 0.059318
2 2 0.010771 0.119148 0.851270 0.011197 0.007615
2 2 0.035569 0.442374 0.459752 0.011410 0.050896
2 2 0.017947 0.285124 0.669156 0.005830 0.021944
2 2 0.014319 0.311814 0.646114 0.009013 0.018740
2 2 0.014699 0.345538 0.613335 0.007343 0.019086
2 0 0.050429 0.229277 0.690823 0.019103 0.010368
1 0 0.214855 0.429775 0.316961 0.010799 0.027611
1 0 0.252321 0.548656 0.166521 0.003533 0.028969
1 1 0.074542 0.704395 0.185532 0.001708 0.033823
1 2 0.037723 0.738844 0.183185 0.001252 0.038996
1 2 0.031690 0.612865 0.308902 0.003339 0.043205
1 2 0.031419 0.542034 0.377997 0.005278 0.043272
1 2 0.026482 0.503533 0.428742 0.005528 0.035715
2 2 0.029105 0.377749 0.538147 0.013822 0.041176
2 2 0.030027 0.207336 0.715796 0.030770 0.016071
2 2 0.025598 0.420076 0.533366 0.005066 0.015894
2 2 0.033247 0.289019 0.649090 0.013208 0.015436
2 2 0.019378 0.218633 0.721088 0.021684 0.019216
2 2 0.038903 0.421621 0.503309 0.008823 0.027344
2 2 0.029086 0.460560 0.461974 0.008100 0.040280
2 2 0.025876 0.364746 0.560119 0.013111 0.036147
2 2 0.022761 0.368214 0.566874 0.010958 0.031195
2 2 0.024217 0.452014 0.502647 0.004256 0.016867
2 2 0.014067 0.081108 0.796065 0.104864 0.003897
2 2 0.026047 0.429106 0.500382 0.008682 0.035782
2 2 0.014906 0.341575 0.620665 0.006697 0.016158
2 1 0.016900 0.224388 0.739345 0.010675 0.008691
2 1 0.074944 0.427752 0.472109 0.007652 0.017543
1 1 0.036285 0.736327 0.183206 0.001332 0.042849
1 2 0.038475 0.550533 0.350350 0.006179 0.054462
2 1 0.028005 0.298968 0.624570 0.018555 0.029901
2 2 0.042977 0.396592 0.530268 0.008934 0.021229
2 2 0.049346 0.305739 0.615001 0.013981 0.015933
2 2 0.045920 0.197705 0.706602 0.037080 0.012693
2 2 0.031785 0.434279 0.500038 0.007380 0.026517
2 2 0.031775 0.455480 0.486961 0.005362 0.020422
2 2 0.069669 0.362112 0.537394 0.012053 0.018772
2 2 0.031591 0.368657 0.549018 0.014011 0.036722
2 2 0.024743 0.368304 0.570363 0.010094 0.026496
2 2 0.029469 0.384970 0.530511 0.013371 0.041679
2 0 0.045166 0.424522 0.470502 0.013160 0.046649
1 2 0.065238 0.720669 0.184499 0.001328 0.028266
1 2 0.070651 0.668807 0.219313 0.002508 0.038722
1 2 0.031112 0.571485 0.350513 0.004316 0.042575
1 2 0.070326 0.453804 0.437379 0.009197 0.029294
1 2 0.069610 0.535841 0.370724 0.004118 0.019707
1 0 0.067764 0.601130 0.292288 0.003910 0.034908
0 0 0.527973 0.321554 0.113945 0.007274 0.029254
1 1 0.276264 0.506223 0.162712 0.006160 0.048641
1 1 0.046283 0.735216 0.183894 0.001237 0.033370
1 1 0.073794 0.703725 0.185673 0.001754 0.035054
1 2 0.083139 0.688953 0.186029 0.002131 0.039749
1 2 0.079632 0.666848 0.217893 0.002347 0.033280
1 2 0.066180 0.475125 0.435246 0.005561 0.017888
1 2 0.052162 0.497502 0.432275 0.003805 0.014256
2 2 0.102558 0.353216 0.521471 0.010411 0.012342
1 2 0.070417 0.714494 0.184753 0.001425 0.028910
1 2 0.153357 0.642570 0.178843 0.001985 0.023245
1 2 0.097738 0.548212 0.327517 0.004372 0.022161
2 2 0.078516 0.379906 0.492370 0.016455 0.032753
1 2 0.055748 0.714235 0.187048 0.001718 0.041251
1 0 0.185255 0.606897 0.176129 0.002783 0.028937
0 0 0.578209 0.271417 0.101547 0.010607 0.038220
0 0 0.741460 0.172507 0.066154 0.006196 0.013683
0 0 0.489104 0.352077 0.122247 0.006752 0.029818
0 0 0.832869 0.073937 0.035067 0.023269 0.034858
0 0 0.837437 0.070605 0.033732 0.023690 0.034536
0 0 0.729841 0.160501 0.065785 0.013085 0.030787
1 0 0.398125 0.403603 0.139433 0.008822 0.050017
0 0 0.832217 0.082398 0.037898 0.018629 0.028857
0 0 0.892844 0.034010 0.018070 0.028263 0.026812
0 0 0.908370 0.029015 0.015604 0.025454 0.021557
0 0 0.911638 0.027959 0.015078 0.024836 0.020490
0 0 0.705504 0.174070 0.070902 0.013988 0.035536
0 0 0.869210 0.041534 0.021727 0.032190 0.035339
0 0 0.913827 0.027250 0.014724 0.024416 0.019782
0 0 0.845381 0.049014 0.025302 0.035794 0.044509
0 0 0.866991 0.056529 0.027614 0.021772 0.027093
0 0 0.851602 0.070614 0.033131 0.018614 0.026038
0 0 0.845072 0.085805 0.038081 0.012459 0.018583
0 0 0.773481 0.138193 0.056823 0.010424 0.021079
0 0 0.777410 0.140912 0.056816 0.008338 0.016523
0 0 0.722594 0.184693 0.070517 0.006617 0.015578
0 0 0.726206 0.182963 0.069730 0.006352 0.014749
0 0 0.686919 0.211239 0.078901 0.006349 0.016592
0 0 0.543903 0.323524 0.110705 0.004616 0.017252
0 0 0.816290 0.107422 0.045926 0.011209 0.019154
0 0 0.792858 0.125913 0.052278 0.010055 0.018896
0 0 0.797694 0.133292 0.052676 0.005824 0.010514
0 0 0.881905 0.061984 0.028677 0.012426 0.015008
0 0 0.848879 0.084204 0.037354 0.011996 0.017568
0 0 0.731139 0.177861 0.068440 0.006844 0.015717
0 0 0.782565 0.136026 0.055351 0.008838 0.017219
0 0 0.800532 0.114776 0.049081 0.012613 0.022998
0 0 0.785684 0.134504 0.054695 0.008590 0.016526
0 0 0.547759 0.312610 0.109961 0.006201 0.023469
0 0 0.489012 0.365213 0.122215 0.004461 0.019099
0 0 0.802234 0.120928 0.050247 0.009466 0.017125
0 0 0.645248 0.246210 0.088526 0.005140 0.014876
0 0 0.712751 0.185804 0.072214 0.008453 0.020777
0 0 0.684837 0.185035 0.075064 0.014870 0.040193
0 0 0.819252 0.103611 0.044755 0.012057 0.020325
0 0 0.519024 0.325060 0.115631 0.007849 0.032436
0 0 0.474048 0.371841 0.125485 0.005202 0.023424
0 0 0.636428 0.234349 0.089122 0.009829 0.030271
0 0 0.495987 0.357775 0.120880 0.004844 0.020515
0 0 0.540615 0.315665 0.111420 0.006630 0.025670
0 0 0.810283 0.116028 0.048373 0.009207 0.016110
0 0 0.770917 0.139930 0.057442 0.010428 0.021283
0 0 0.810442 0.105503 0.045951 0.013878 0.024227
0 0 0.889146 0.048541 0.023862 0.018314 0.020137
0 0 0.791394 0.126504 0.052557 0.010222 0.019324
0 0 0.554926 0.297096 0.107749 0.008405 0.031824
0 0 0.715434 0.161775 0.067253 0.016064 0.039474
0 0 0.648055 0.229158 0.086886 0.009036 0.026865
0 0 0.521561 0.333827 0.115587 0.005777 0.023248
0 0 0.705963 0.189095 0.073609 0.008915 0.022419
1 0 0.185218 0.601086 0.176627 0.003214 0.033854
1 0 0.254912 0.542391 0.166364 0.003948 0.032385
0 0 0.821211 0.108810 0.045704 0.009091 0.015183
0 0 0.497287 0.358963 0.120501 0.004476 0.018773
0 0 0.435293 0.395289 0.133353 0.005986 0.030080
1 0 0.267725 0.534061 0.164163 0.003851 0.030199
0 0 0.471675 0.370980 0.125996 0.005641 0.025709
0 0 0.422156 0.405920 0.135986 0.005807 0.030131
0 0 0.496132 0.340507 0.120361 0.007988 0.035011
0 0 0.749820 0.147481 0.061118 0.012989 0.028592
0 0 0.567919 0.291528 0.105257 0.007603 0.027692
0 0 0.528974 0.323052 0.113857 0.006830 0.027287
0 0 0.426820 0.405640 0.135062 0.005330 0.027147
0 0 0.509191 0.342026 0.118188 0.005930 0.024665
1 0 0.324696 0.487413 0.154384 0.004387 0.029121
0 0 0.563895 0.298902 0.106405 0.006625 0.024173
0 0 0.487429 0.361438 0.122731 0.005300 0.023102
1 0 0.257206 0.547983 0.165444 0.003260 0.026108
1 0 0.380211 0.446934 0.143949 0.004334 0.024572
1 0 0.186113 0.597619 0.176663 0.003430 0.036176
0 0 0.570370 0.300091 0.105114 0.005384 0.019040
0 0 0.456426 0.380049 0.129093 0.005979 0.028454
0 0 0.665427 0.221486 0.083444 0.007776 0.021867
1 0 0.393993 0.437532 0.141229 0.004223 0.023022
1 0 0.358577 0.456091 0.148278 0.005214 0.031841
0 0 0.444727 0.390600 0.131481 0.005642 0.027551
1 0 0.398777 0.421840 0.140559 0.005948 0.032877
1 0 0.388603 0.436400 0.142515 0.004921 0.027561
0 0 0.468873 0.371629 0.126561 0.005877 0.027059
1 0 0.344589 0.473462 0.150686 0.004308 0.026957
1 0 0.289830 0.511530 0.160641 0.004525 0.033475
1 0 0.372707 0.447105 0.145588 0.005045 0.029556
0 0 0.671807 0.202594 0.079868 0.012017 0.033714
1 0 0.382334 0.434068 0.143739 0.005885 0.033975
0 0 0.611732 0.261542 0.095719 0.007308 0.023699
0 0 0.589537 0.277940 0.100665 0.007186 0.024672
0 0 0.760743 0.149743 0.060411 0.009356 0.019747
0 0 0.467898 0.366370 0.126569 0.006911 0.032253
0 0 0.570314 0.282280 0.103984 0.009321 0.034101
0 0 0.528037 0.311520 0.113010 0.009346 0.038088
0 0 0.621939 0.246209 0.092611 0.009352 0.029890
0 0 0.469440 0.357048 0.125651 0.008393 0.039468
1 0 0.359157 0.438000 0.147447 0.007637 0.047759
1 1 0.340424 0.460230 0.151460 0.006368 0.041517
1 1 0.089582 0.623889 0.183492 0.005218 0.097819
1 1 0.046914 0.698505 0.185147 0.002381 0.067054
1 1 0.090249 0.631868 0.184337 0.004777 0.088768
1 1 0.048146 0.695052 0.185207 0.002490 0.069104
1 0 0.040348 0.717098 0.184411 0.001836 0.056308
1 0 0.153381 0.585409 0.179552 0.005943 0.075714
0 0 0.464621 0.335280 0.123122 0.013190 0.063787
0 0 0.601116 0.210077 0.086454 0.023493 0.078859
0 0 0.697153 0.090434 0.046238 0.049226 0.116949
0 1 0.644648 0.174282 0.074441 0.027099 0.079531
1 1 0.136530 0.564568 0.177246 0.008087 0.113568
1 0 0.052557 0.685144 0.185371 0.002815 0.074112
1 0 0.313990 0.465595 0.155221 0.008014 0.057180
0 0 0.640882 0.181351 0.076663 0.025352 0.075751
0 0 0.438026 0.346048 0.127103 0.014375 0.074447
0 0 0.768240 0.124406 0.053952 0.017545 0.035857
0 0 0.717019 0.170896 0.069177 0.012434 0.030473
0 0 0.754568 0.147419 0.060657 0.011802 0.025555
0 0 0.811468 0.090422 0.041471 0.021090 0.035549
0 0 0.476370 0.329222 0.121079 0.012882 0.060447
0 0 0.684972 0.166926 0.070498 0.021169 0.056435
0 0 0.555191 0.270793 0.103667 0.014515 0.055833
0 0 0.454468 0.351382 0.126671 0.011348 0.056131
0 0 0.482212 0.319817 0.118906 0.014048 0.065017
0 0 0.472489 0.326763 0.120954 0.013894 0.065901
0 0 0.700187 0.174236 0.071377 0.015139 0.039061
0 0 0.730761 0.137378 0.059747 0.021872 0.050243
0 0 0.877882 0.051824 0.025497 0.020665 0.024132
0 0 0.806204 0.088879 0.041198 0.023596 0.040123
0 0 0.834624 0.064883 0.031758 0.028342 0.040392
0 0 0.602549 0.197399 0.082829 0.027278 0.089945
0 0 0.509844 0.310791 0.114929 0.012143 0.052293
0 0 0.830721 0.075287 0.035616 0.023207 0.035169
0 0 0.751207 0.113709 0.051531 0.027100 0.056452
0 0 0.674477 0.160758 0.069222 0.025798 0.069746
0 0 0.639277 0.197828 0.081257 0.020140 0.061498
0 0 0.684479 0.169955 0.071349 0.020178 0.054039
0 0 0.522673 0.276440 0.107128 0.018140 0.075618
0 0 0.581304 0.257178 0.098808 0.013649 0.049060
0 0 0.826692 0.083409 0.038496 0.019925 0.031478
0 0 0.521142 0.302450 0.112462 0.012330 0.051616
1 0 0.176819 0.578487 0.177566 0.005432 0.061696
0 0 0.414891 0.378199 0.134423 0.011194 0.061292
1 0 0.058442 0.666557 0.184912 0.003495 0.086593
1 1 0.312760 0.471679 0.155898 0.007340 0.052322
1 1 0.231869 0.495001 0.164941 0.010422 0.097768
1 1 0.065924 0.673871 0.186100 0.003134 0.070972
1 0 0.043179 0.713475 0.184841 0.001926 0.056580
1 0 0.111095 0.657139 0.184930 0.002846 0.043991
1 0 0.164745 0.609413 0.179604 0.003647 0.042592
1 1 0.113349 0.652054 0.184837 0.003051 0.046709
1 1 0.129851 0.639339 0.183400 0.003187 0.044223
1 0 0.165547 0.600186 0.179506 0.004287 0.050474
1 0 0.089435 0.675868 0.186168 0.002559 0.045970
1 0 0.118335 0.647283 0.184452 0.003147 0.046783
1 0 0.308167 0.485666 0.157343 0.006000 0.042824
1 0 0.322096 0.478035 0.154941 0.005740 0.039188
0 0 0.656976 0.169964 0.072672 0.026117 0.074272
0 0 0.714224 0.081710 0.045379 0.042893 0.115794
0 4 0.595942 0.202953 0.084681 0.026674 0.089750
1 4 0.060097 0.705349 0.186149 0.001985 0.046419
1 4 0.057942 0.681884 0.185823 0.002898 0.071454
1 4 0.063120 0.704223 0.186192 0.001971 0.044494
1 4 0.029475 0.749044 0.181209 0.001076 0.039196
1 4 0.043379 0.723744 0.184646 0.001614 0.046616
1 4 0.040796 0.715817 0.184485 0.001871 0.057031
1 4 0.028434 0.752216 0.180731 0.001012 0.037607
1 4 0.063270 0.700366 0.186334 0.002114 0.047915
1 4 0.035743 0.730407 0.183407 0.001492 0.048951
1 1 0.067091 0.702099 0.186211 0.001972 0.042627
1 0 0.076692 0.702528 0.185501 0.001728 0.033552
1 0 0.147117 0.625327 0.181622 0.003360 0.042573
0 4 0.704393 0.173567 0.070884 0.014416 0.036740
1 4 0.148173 0.611196 0.181467 0.004279 0.054885
1 4 0.203675 0.570216 0.174408 0.004682 0.047019
1 4 0.117920 0.643227 0.184512 0.003399 0.050943
1 4 0.037063 0.726565 0.183742 0.001587 0.051043
1 4 0.081552 0.681431 0.186444 0.002507 0.048067
1 4 0.194620 0.579435 0.175715 0.004415 0.045815
1 4 0.166197 0.605168 0.179462 0.003886 0.045287
1 4 0.355262 0.460404 0.148876 0.004965 0.030492
1 4 0.213558 0.552450 0.172602 0.005691 0.055699
1 4 0.298917 0.488486 0.158780 0.006427 0.047390
1 4 0.191293 0.582348 0.176177 0.004359 0.045823
1 4 0.142633 0.619921 0.182156 0.003915 0.051376
1 0 0.221887 0.557873 0.171746 0.004682 0.043812
1 1 0.232365 0.539347 0.169825 0.005770 0.052692
1 1 0.323221 0.464256 0.154049 0.007389 0.051086
1 0 0.382052 0.426591 0.143483 0.006995 0.040878
0 0 0.827762 0.057133 0.028946 0.036256 0.049903
0 0 0.411105 0.380162 0.135061 0.011281 0.062392
1 0 0.281908 0.467289 0.158113 0.010363 0.082327
0 0 0.429123 0.386020 0.133801 0.008223 0.042833
0 0 0.844008 0.071454 0.033760 0.020839 0.029939
0 0 0.777839 0.122050 0.052681 0.015912 0.031518
0 0 0.778722 0.092431 0.043395 0.030146 0.055306
0 0 0.418721 0.376327 0.133791 0.011085 0.060076
0 0 0.668353 0.191611 0.077844 0.016226 0.045966
0 0 0.718359 0.155407 0.065444 0.017744 0.043046
0 0 0.865148 0.056137 0.027539 0.022763 0.028413
0 0 0.463580 0.361978 0.126917 0.008239 0.039287
0 0 0.463236 0.343432 0.124609 0.011764 0.056959
0 0 0.715452 0.147861 0.063554 0.021376 0.051758
1 0 0.215818 0.559953 0.172619 0.004868 0.046742
0 0 0.458949 0.354966 0.126713 0.010112 0.049260
0 0 0.443608 0.364762 0.129677 0.010210 0.051744
0 0 0.760903 0.127792 0.055344 0.018075 0.037885
0 0 0.820266 0.059482 0.030039 0.037258 0.052954
0 0 0.610998 0.211965 0.086471 0.021101 0.069465
0 0 0.825535 0.055161 0.028200 0.038562 0.052542
0 0 0.494417 0.331991 0.119683 0.009895 0.044015
0 1 0.407447 0.385308 0.136154 0.010809 0.060283
1 1 0.178063 0.580415 0.177570 0.005214 0.058738
1 1 0.032442 0.740133 0.182385 0.001265 0.043775
1 1 0.040795 0.715818 0.184485 0.001871 0.057031
1 1 0.028731 0.751308 0.180871 0.001030 0.038060
