1 0 0.202056 0.427332 0.116550 0.001694 0.252368
1 0 0.313575 0.442416 0.108736 0.001950 0.133323
0 0 0.474047 0.144414 0.025127 0.002650 0.353762
0 0 0.524334 0.213210 0.043078 0.004387 0.214991
0 0 0.735200 0.110417 0.016433 0.003036 0.134914
0 0 0.694335 0.035473 0.003645 0.001396 0.265151
0 0 0.522269 0.271406 0.046256 0.001245 0.158824
0 0 0.733730 0.044166 0.004608 0.001281 0.216216
4 0 0.338062 0.255640 0.053845 0.002079 0.350374
0 0 0.658805 0.117421 0.016912 0.002048 0.204814
0 0 0.850107 0.049494 0.004854 0.000936 0.094608
0 0 0.624222 0.168932 0.025075 0.001424 0.180347
0 0 0.691127 0.117526 0.013792 0.000712 0.176844
0 0 0.521711 0.200351 0.031168 0.001132 0.245638
0 0 0.842506 0.040702 0.003907 0.001043 0.111844
0 0 0.623657 0.089870 0.012353 0.002007 0.272113
4 0 0.243255 0.294871 0.062882 0.001022 0.397970
4 0 0.219884 0.300177 0.066451 0.001017 0.412471
4 0 0.219884 0.300177 0.066451 0.001017 0.412471
4 0 0.219883 0.300177 0.066451 0.001017 0.412471
4 0 0.018651 0.149593 0.126526 0.001200 0.704030
4 0 0.018651 0.149593 0.126525 0.001200 0.704031
4 0 0.018651 0.149593 0.126526 0.001200 0.704030
4 0 0.018651 0.149593 0.126525 0.001200 0.704031
4 0 0.018651 0.149593 0.126526 0.001200 0.704031
4 0 0.018651 0.149593 0.126525 0.001200 0.704031
4 0 0.018651 0.149593 0.126526 0.001200 0.704031
4 0 0.018651 0.149593 0.126526 0.001200 0.704030
4 0 0.018651 0.149593 0.126526 0.001200 0.704030
4 0 0.018651 0.149593 0.126525 0.001200 0.704031
4 0 0.018651 0.149593 0.126525 0.001200 0.704031
4 0 0.018651 0.149593 0.126526 0.001200 0.704031
4 0 0.018651 0.149593 0.126525 0.001200 0.704031
4 0 0.018651 0.149593 0.126526 0.001200 0.704031
4 0 0.018651 0.149593 0.126525 0.001200 0.704031
4 0 0.018651 0.149593 0.126526 0.001200 0.704031
4 0 0.018651 0.149593 0.126526 0.001200 0.704030
4 0 0.018651 0.149593 0.126526 0.001200 0.704031
4 0 0.018651 0.149593 0.126526 0.001200 0.704031
4 0 0.018651 0.149593 0.126525 0.001200 0.704031
0 0 0.434126 0.371006 0.066460 0.000780 0.127628
0 0 0.434126 0.371006 0.066460 0.000780 0.127628
0 0 0.434126 0.371006 0.066460 0.000780 0.127628
0 0 0.434123 0.371008 0.066461 0.000780 0.127628
0 0 0.552528 0.263405 0.039359 0.000686 0.144023
0 0 0.895653 0.044949 0.005935 0.000978 0.052485
0 0 0.887280 0.061238 0.009217 0.001544 0.040722
0 0 0.903259 0.067714 0.006764 0.000647 0.021617
0 0 0.894387 0.028071 0.002266 0.000500 0.074776
0 0 0.845883 0.090872 0.012294 0.002480 0.048471
0 0 0.625998 0.289903 0.044140 0.000706 0.039253
0 0 0.605173 0.313572 0.051587 0.000881 0.028787
0 0 0.592934 0.320366 0.049585 0.000615 0.036501
0 0 0.601375 0.307132 0.047830 0.000703 0.042959
0 0 0.595502 0.322834 0.049999 0.000601 0.031065
0 0 0.558387 0.346747 0.056921 0.000694 0.037251
0 0 0.590405 0.328923 0.051793 0.000624 0.028255
0 0 0.923397 0.045591 0.004159 0.000656 0.026197
0 0 0.906521 0.038450 0.006537 0.001281 0.047210
0 0 0.713591 0.192841 0.028503 0.001315 0.063749
0 0 0.826124 0.096253 0.011743 0.001320 0.064560
0 0 0.779633 0.061306 0.006349 0.000909 0.151804
0 0 0.853005 0.058694 0.006150 0.001093 0.081058
0 0 0.775186 0.123305 0.016703 0.001641 0.083166
0 0 0.577183 0.274475 0.043935 0.000987 0.103420
0 0 0.609059 0.232178 0.036961 0.001312 0.120490
0 0 0.795907 0.115930 0.013432 0.000769 0.073962
0 0 0.563243 0.287261 0.043931 0.000698 0.104868
0 0 0.546922 0.297021 0.044098 0.000545 0.111413
0 0 0.518356 0.299624 0.047463 0.000716 0.133842
0 0 0.702696 0.201664 0.029166 0.001083 0.065391
0 0 0.892550 0.030724 0.002467 0.000558 0.073701
0 0 0.890393 0.038782 0.003465 0.000760 0.066599
0 0 0.886457 0.051902 0.005293 0.001093 0.055254
0 0 0.855180 0.040092 0.003775 0.000965 0.099988
0 0 0.709143 0.136897 0.020061 0.002040 0.131860
0 0 0.778840 0.132279 0.017052 0.001136 0.070694
0 0 0.890467 0.037512 0.003302 0.000729 0.067990
0 0 0.811028 0.128468 0.014473 0.000564 0.045467
0 0 0.625147 0.268364 0.038109 0.000572 0.067808
0 0 0.439593 0.152113 0.026196 0.002066 0.380033
0 0 0.632028 0.073549 0.011202 0.004537 0.278684
0 0 0.580611 0.131596 0.022588 0.003851 0.261354
0 0 0.447179 0.104740 0.015775 0.001579 0.430727
4 0 0.119557 0.225694 0.059430 0.001174 0.594145
4 0 0.133348 0.210865 0.050026 0.000885 0.604876
4 0 0.203715 0.225514 0.055638 0.002262 0.512870
0 0 0.692655 0.113396 0.019809 0.006555 0.167584
0 0 0.431247 0.189803 0.038727 0.003874 0.336350
4 0 0.325581 0.123530 0.024626 0.003414 0.522850
0 0 0.506879 0.186977 0.027643 0.000891 0.277610
4 0 0.313943 0.292815 0.058796 0.001181 0.333264
4 0 0.266095 0.283424 0.055829 0.000821 0.393831
4 0 0.254254 0.290045 0.058204 0.000812 0.396685
1 1 0.198163 0.361412 0.090993 0.001334 0.348098
4 1 0.108549 0.371995 0.128649 0.002332 0.388475
4 1 0.043646 0.308340 0.138648 0.002155 0.507211
1 1 0.080433 0.454689 0.192952 0.003019 0.268907
1 2 0.030889 0.379008 0.226132 0.003912 0.360059
1 2 0.071924 0.431741 0.187072 0.002946 0.306316
4 2 0.001608 0.175463 0.398823 0.001165 0.422941
2 2 0.000737 0.126243 0.685040 0.001005 0.186974
4 2 0.001231 0.141962 0.416541 0.000827 0.439439
2 2 0.001035 0.131459 0.535544 0.000893 0.331069
2 2 0.001055 0.115980 0.669325 0.001255 0.212384
2 2 0.001021 0.108643 0.571260 0.000863 0.318212
2 2 0.000560 0.068257 0.849511 0.001158 0.080514
2 2 0.001433 0.106645 0.619631 0.001356 0.270935
2 2 0.001466 0.132540 0.534968 0.001253 0.329773
2 2 0.000579 0.117086 0.746242 0.000990 0.135103
2 2 0.000573 0.108115 0.793178 0.001209 0.096924
2 2 0.000526 0.101984 0.789667 0.001020 0.106804
2 2 0.000950 0.115528 0.685858 0.001203 0.196461
2 2 0.003020 0.228503 0.462881 0.003075 0.302521
2 2 0.000780 0.134303 0.715608 0.001285 0.148024
2 2 0.001260 0.179806 0.569821 0.001492 0.247620
2 2 0.002033 0.177856 0.664755 0.003415 0.151942
2 2 0.002092 0.228570 0.492253 0.002352 0.274733
2 2 0.006457 0.318988 0.350696 0.006342 0.317517
2 3 0.002439 0.244585 0.457199 0.002610 0.293168
2 3 0.008302 0.213525 0.634285 0.030578 0.113309
2 3 0.016937 0.263717 0.495320 0.074369 0.149658
2 3 0.013003 0.256461 0.532588 0.055634 0.142314
2 3 0.013316 0.239167 0.537372 0.079661 0.130484
2 3 0.010283 0.185025 0.590153 0.119847 0.094693
2 3 0.013657 0.306323 0.465518 0.036903 0.177599
2 3 0.014676 0.252961 0.517565 0.074141 0.140657
2 3 0.015337 0.252277 0.514017 0.077676 0.140693
2 3 0.010445 0.151382 0.580796 0.181700 0.075677
2 3 0.008818 0.148544 0.604032 0.165649 0.072957
2 3 0.011798 0.202660 0.569876 0.109306 0.106359
2 3 0.013128 0.253370 0.527063 0.066726 0.139713
2 3 0.010978 0.197461 0.579701 0.109263 0.102597
2 3 0.010640 0.217163 0.573669 0.084184 0.114344
2 3 0.010892 0.179437 0.583454 0.134324 0.091892
2 3 0.016641 0.155104 0.509231 0.237576 0.081447
2 3 0.015252 0.215237 0.535840 0.117101 0.116570
2 3 0.016733 0.238594 0.514572 0.097520 0.132581
2 3 0.014437 0.241746 0.527744 0.083050 0.133023
2 3 0.008852 0.098523 0.532223 0.313548 0.046854
3 3 0.006152 0.055532 0.439890 0.473553 0.024873
2 3 0.017937 0.176344 0.511441 0.199799 0.094480
2 3 0.012692 0.133154 0.531264 0.255785 0.067105
2 3 0.011705 0.118233 0.522459 0.289013 0.058591
2 3 0.009771 0.100333 0.518145 0.323461 0.048290
2 3 0.008799 0.081350 0.482802 0.388687 0.038363
2 3 0.019100 0.214279 0.507715 0.140530 0.118375
2 3 0.008192 0.081398 0.496797 0.375552 0.038061
2 3 0.005797 0.058198 0.465776 0.444340 0.025889
2 3 0.016484 0.147927 0.503792 0.254498 0.077299
2 3 0.009147 0.125832 0.577518 0.226471 0.061033
2 3 0.008603 0.081775 0.488604 0.382553 0.038466
3 3 0.007548 0.052626 0.385391 0.530231 0.024204
2 3 0.011700 0.126406 0.535963 0.263015 0.062915
2 3 0.013706 0.119820 0.496591 0.309397 0.060486
2 3 0.011192 0.121784 0.536586 0.270266 0.060171
2 3 0.015423 0.132126 0.495430 0.289030 0.067991
2 3 0.011674 0.107755 0.502081 0.325380 0.053110
2 3 0.011259 0.136671 0.556020 0.227887 0.068163
2 3 0.013252 0.130751 0.520378 0.269505 0.066115
3 3 0.007583 0.059838 0.422286 0.482747 0.027546
2 3 0.010847 0.096274 0.487996 0.358068 0.046815
2 3 0.012531 0.099901 0.470158 0.367920 0.049490
2 3 0.012719 0.110024 0.491034 0.331399 0.054824
2 3 0.011778 0.110011 0.505282 0.318596 0.054334
2 3 0.009800 0.092315 0.496393 0.357207 0.044285
2 3 0.010166 0.085023 0.467244 0.396713 0.040854
2 3 0.012912 0.137303 0.533563 0.246736 0.069485
2 3 0.008370 0.075901 0.472871 0.407347 0.035510
2 3 0.010287 0.107509 0.525034 0.304941 0.052230
2 3 0.010856 0.107794 0.515668 0.312989 0.052693
2 3 0.010456 0.087385 0.469333 0.390659 0.042166
2 3 0.008544 0.087244 0.507648 0.355465 0.041098
2 3 0.011824 0.121902 0.526972 0.278709 0.060593
2 3 0.012476 0.127208 0.525825 0.270709 0.063782
2 3 0.008932 0.090410 0.508627 0.349163 0.042870
3 3 0.005819 0.052100 0.431178 0.487745 0.023159
2 3 0.007715 0.083711 0.516123 0.353542 0.038909
2 3 0.019324 0.167133 0.494051 0.229718 0.089775
2 3 0.009427 0.098224 0.519643 0.325670 0.047036
2 3 0.009964 0.110282 0.536668 0.289619 0.053468
2 3 0.009007 0.099740 0.531970 0.311730 0.047554
2 3 0.012195 0.123643 0.524300 0.278139 0.061723
2 3 0.006901 0.069141 0.483398 0.409034 0.031527
2 3 0.007177 0.066049 0.462194 0.434348 0.030232
2 3 0.008624 0.078856 0.477952 0.397505 0.037064
2 3 0.010748 0.101784 0.503770 0.334139 0.049558
2 3 0.009975 0.083560 0.466101 0.400326 0.040039
3 3 0.004534 0.046077 0.441416 0.488149 0.019824
3 3 0.008545 0.066382 0.430090 0.463922 0.031061
3 3 0.005412 0.042483 0.383116 0.550283 0.018707
2 3 0.013746 0.105518 0.466473 0.361296 0.052967
2 3 0.009319 0.092520 0.506575 0.347460 0.044128
2 3 0.009674 0.097122 0.511916 0.334666 0.046621
2 3 0.012514 0.149575 0.551302 0.210599 0.076010
2 3 0.009880 0.101748 0.519481 0.319825 0.049067
3 3 0.008496 0.066303 0.430828 0.463370 0.031002
2 1 0.030021 0.283424 0.466232 0.044676 0.175647
1 2 0.056456 0.454100 0.377800 0.014206 0.097439
1 2 0.047234 0.524649 0.337388 0.007410 0.083318
1 1 0.359384 0.454855 0.128951 0.004634 0.052176
0 1 0.803733 0.139053 0.018520 0.001233 0.037461
0 1 0.415512 0.392283 0.094684 0.003295 0.094226
1 1 0.286810 0.500844 0.145121 0.003131 0.064094
1 1 0.291925 0.517310 0.144353 0.002391 0.044020
1 0 0.379506 0.473375 0.111170 0.001637 0.034312
0 0 0.881998 0.080249 0.009784 0.001579 0.026390
0 1 0.579687 0.285076 0.061532 0.004616 0.069089
1 0 0.423056 0.432233 0.101615 0.002313 0.040784
0 0 0.914053 0.061752 0.006197 0.000725 0.017274
0 1 0.491187 0.358060 0.073519 0.002002 0.075233
0 0 0.462625 0.416481 0.084336 0.001234 0.035323
0 0 0.553019 0.339897 0.060689 0.001141 0.045254
0 0 0.718509 0.196231 0.031172 0.001881 0.052207
0 0 0.881308 0.072619 0.008245 0.001256 0.036572
0 0 0.889885 0.065839 0.007366 0.001310 0.035600
0 0 0.885572 0.041072 0.003846 0.000867 0.068643
0 0 0.857734 0.084083 0.010859 0.002127 0.045197
0 0 0.886254 0.066461 0.007507 0.001372 0.038406
0 0 0.609621 0.301108 0.053421 0.001457 0.034393
0 0 0.892296 0.073265 0.008483 0.001331 0.024624
0 0 0.935815 0.026990 0.001932 0.000333 0.034929
0 0 0.922170 0.031039 0.003070 0.000494 0.043227
0 0 0.914529 0.037811 0.003239 0.000610 0.043811
0 1 0.730985 0.217297 0.030685 0.000779 0.020254
0 0 0.581491 0.334613 0.058004 0.000987 0.024905
0 0 0.716296 0.220684 0.033376 0.001135 0.028509
0 0 0.541390 0.344032 0.059476 0.000932 0.054170
0 0 0.681349 0.229502 0.036482 0.001427 0.051241
0 0 0.839861 0.104182 0.014925 0.002770 0.038262
0 0 0.830226 0.089392 0.013163 0.002818 0.064402
0 0 0.914328 0.047762 0.004515 0.000770 0.032625
0 0 0.887924 0.067430 0.008695 0.001414 0.034537
0 0 0.800097 0.099191 0.014694 0.003625 0.082394
0 0 0.443481 0.393387 0.086790 0.002189 0.074153
1 0 0.338676 0.485305 0.144969 0.004584 0.026466
0 1 0.579109 0.339625 0.059527 0.000994 0.020745
0 1 0.526026 0.376011 0.070742 0.001128 0.026093
1 0 0.225046 0.511894 0.204969 0.010727 0.047363
0 0 0.900948 0.056588 0.007992 0.001873 0.032600
0 1 0.791570 0.117724 0.020846 0.004489 0.065370
0 0 0.586359 0.333072 0.058880 0.001089 0.020600
0 0 0.874519 0.084725 0.010395 0.001536 0.028826
0 0 0.928848 0.056990 0.005495 0.000580 0.008086
0 0 0.828116 0.079228 0.022762 0.010911 0.058982
0 0 0.892476 0.046962 0.010563 0.004717 0.045282
0 0 0.781242 0.125036 0.035868 0.012727 0.045127
0 1 0.685859 0.227348 0.049956 0.007877 0.028960
0 0 0.834902 0.134034 0.019892 0.001992 0.009181
0 0 0.837679 0.075770 0.024428 0.012723 0.049400
0 0 0.839862 0.096409 0.021409 0.006260 0.036060
0 0 0.432596 0.358783 0.146399 0.015539 0.046683
0 0 0.871464 0.091530 0.017776 0.002226 0.017004
0 0 0.927012 0.048496 0.008879 0.001594 0.014019
0 0 0.720795 0.162803 0.044588 0.014229 0.057585
0 0 0.488280 0.353008 0.106320 0.014731 0.037661
0 0 0.899010 0.080051 0.009309 0.001091 0.010539
0 0 0.847759 0.076965 0.048805 0.009663 0.016809
0 1 0.802866 0.110001 0.027806 0.009549 0.049779
0 0 0.753572 0.200505 0.033206 0.001957 0.010758
0 0 0.927468 0.056249 0.005419 0.000607 0.010256
0 0 0.924193 0.053904 0.005215 0.000696 0.015992
0 0 0.888456 0.082975 0.010064 0.001398 0.017108
0 0 0.930503 0.034321 0.008765 0.004163 0.022248
0 0 0.937406 0.047231 0.004195 0.000485 0.010683
0 0 0.873051 0.094139 0.011857 0.001476 0.019477
0 0 0.903990 0.065821 0.007240 0.001096 0.021854
0 0 0.908171 0.051338 0.009940 0.003164 0.027387
0 0 0.863489 0.038085 0.014074 0.012922 0.071429
0 0 0.904576 0.058841 0.008556 0.001436 0.026591
0 0 0.891993 0.079383 0.009427 0.001327 0.017871
0 0 0.904996 0.041662 0.006440 0.002093 0.044809
0 0 0.891773 0.066329 0.011888 0.002783 0.027228
0 0 0.881394 0.091017 0.011505 0.001518 0.014566
0 0 0.928720 0.048477 0.004492 0.000622 0.017689
0 0 0.880157 0.077869 0.016880 0.002256 0.022839
0 0 0.892603 0.030352 0.007601 0.005128 0.064316
0 0 0.856305 0.043598 0.011727 0.007653 0.080716
0 0 0.938723 0.043839 0.003788 0.000470 0.013181
0 0 0.787437 0.178175 0.024004 0.000768 0.009617
0 0 0.837362 0.079911 0.010378 0.002379 0.069970
1 1 0.397115 0.426250 0.130277 0.008668 0.037691
0 0 0.577072 0.340660 0.064325 0.001427 0.016516
0 0 0.793043 0.105461 0.018472 0.005136 0.077888
0 0 0.874049 0.082421 0.010295 0.001770 0.031465
0 0 0.855363 0.082560 0.014068 0.003636 0.044374
0 0 0.946380 0.025301 0.001865 0.000277 0.026176
0 0 0.926537 0.041911 0.003674 0.000586 0.027292
0 0 0.909540 0.061853 0.006509 0.000961 0.021137
0 0 0.916922 0.048963 0.007553 0.001026 0.025536
0 0 0.907177 0.070554 0.006601 0.000411 0.015257
0 0 0.695796 0.240616 0.037085 0.001062 0.025441
0 0 0.610729 0.304392 0.048670 0.000820 0.035390
0 0 0.611663 0.304647 0.048285 0.000780 0.034625
0 0 0.890293 0.064722 0.007188 0.001289 0.036507
0 0 0.679694 0.215214 0.033253 0.001374 0.070465
0 0 0.814865 0.130483 0.019442 0.002462 0.032747
0 0 0.849045 0.084271 0.011024 0.002293 0.053368
0 0 0.818727 0.137726 0.016922 0.000781 0.025844
0 0 0.872872 0.074503 0.008981 0.001703 0.041942
0 0 0.518670 0.337697 0.069725 0.002428 0.071480
0 0 0.773254 0.115426 0.018734 0.004786 0.087800
0 0 0.616171 0.296168 0.046482 0.000793 0.040386
0 0 0.889034 0.073397 0.008561 0.001398 0.027610
0 0 0.882312 0.050562 0.005125 0.001096 0.060906
0 0 0.925026 0.049232 0.004486 0.000578 0.020679
0 0 0.931734 0.041340 0.003565 0.000534 0.022827
0 0 0.886430 0.063722 0.007077 0.001327 0.041444
0 0 0.874688 0.062486 0.008554 0.001546 0.052725
0 0 0.893167 0.026616 0.002001 0.000460 0.077756
0 0 0.798845 0.135212 0.018194 0.001377 0.046372
0 0 0.561115 0.309539 0.058351 0.001880 0.069116
0 0 0.647134 0.266847 0.040539 0.000832 0.044648
0 1 0.865658 0.078619 0.009781 0.001892 0.044050
0 0 0.522116 0.333765 0.071090 0.002947 0.070083
0 0 0.850883 0.065057 0.007626 0.001774 0.074661
0 0 0.892230 0.072972 0.007844 0.000896 0.026059
0 0 0.816288 0.119663 0.015042 0.001137 0.047870
0 0 0.865908 0.058269 0.006403 0.001433 0.067987
0 1 0.878172 0.059402 0.007776 0.001424 0.053226
0 0 0.477409 0.402638 0.092807 0.002615 0.024531
1 0 0.390303 0.469850 0.111871 0.001798 0.026178
0 0 0.877191 0.072764 0.018621 0.003998 0.027426
0 0 0.380133 0.332878 0.247542 0.012978 0.026469
0 1 0.479323 0.232253 0.172516 0.059711 0.056197
1 1 0.330416 0.514604 0.128868 0.001536 0.024576
1 1 0.302932 0.445867 0.187742 0.009680 0.053779
1 1 0.349988 0.476819 0.130566 0.002926 0.039701
1 1 0.155909 0.474886 0.314691 0.013084 0.041430
0 1 0.672772 0.232815 0.067034 0.010421 0.016958
0 1 0.623849 0.192054 0.067709 0.028570 0.087818
0 1 0.386957 0.317435 0.244366 0.009573 0.041668
0 1 0.579562 0.237015 0.146494 0.011880 0.025050
0 0 0.444952 0.414847 0.107196 0.004240 0.028766
0 0 0.783110 0.124692 0.049296 0.013658 0.029244
0 1 0.776732 0.158941 0.042342 0.005604 0.016381
0 1 0.724871 0.127392 0.117647 0.012661 0.017428
0 1 0.398116 0.356354 0.188587 0.022036 0.034908
1 1 0.437740 0.456574 0.090999 0.000788 0.013900
0 1 0.456015 0.436591 0.082122 0.000716 0.024556
1 1 0.183667 0.492161 0.144589 0.001709 0.177875
1 1 0.200073 0.471155 0.169852 0.002326 0.156594
1 1 0.229567 0.499230 0.163261 0.004284 0.103658
1 1 0.283836 0.447119 0.100624 0.001015 0.167405
1 1 0.260017 0.440260 0.102492 0.001077 0.196154
1 1 0.226351 0.443011 0.110297 0.001202 0.219138
1 1 0.243631 0.425611 0.100178 0.001073 0.229507
1 1 0.308883 0.433918 0.098275 0.001269 0.157655
1 1 0.281080 0.429782 0.096640 0.001059 0.191439
1 1 0.245837 0.451393 0.108541 0.001119 0.193111
1 1 0.244172 0.435017 0.113981 0.001861 0.204969
1 1 0.115186 0.450539 0.284359 0.002774 0.147142
0 0 0.657210 0.206734 0.069759 0.012598 0.053700
2 0 0.235863 0.296163 0.380828 0.028247 0.058899
0 0 0.512518 0.216412 0.060059 0.023089 0.187922
0 0 0.654324 0.161538 0.034070 0.010829 0.139239
1 1 0.419653 0.453462 0.096906 0.001208 0.028771
1 1 0.159882 0.592404 0.194370 0.001594 0.051750
1 1 0.154881 0.567543 0.183948 0.001614 0.092014
1 1 0.089394 0.530970 0.212666 0.002098 0.164871
4 1 0.002390 0.167377 0.203458 0.001032 0.625743
4 1 0.001451 0.168228 0.359214 0.000936 0.470171
4 2 0.001871 0.145105 0.393125 0.001187 0.458711
4 2 0.002060 0.184296 0.337849 0.001319 0.474476
4 2 0.002675 0.147822 0.341180 0.001503 0.506820
4 2 0.001905 0.178261 0.345258 0.001220 0.473356
4 2 0.002392 0.125006 0.219128 0.000927 0.652547
4 2 0.003025 0.113220 0.141355 0.000889 0.741511
4 2 0.002341 0.110693 0.236663 0.000895 0.649407
2 2 0.000824 0.078517 0.540517 0.000546 0.379596
2 2 0.001379 0.113972 0.537597 0.001086 0.345966
2 2 0.001151 0.096296 0.511862 0.000782 0.389909
2 2 0.001275 0.074393 0.573339 0.000876 0.350117
2 2 0.001133 0.056841 0.668030 0.000880 0.273117
2 2 0.002060 0.096946 0.450166 0.001194 0.449634
2 2 0.000966 0.066850 0.682601 0.000858 0.248725
4 2 0.002733 0.120940 0.314874 0.001301 0.560152
4 2 0.002177 0.135431 0.295483 0.001059 0.565849
2 2 0.001607 0.077805 0.552687 0.001065 0.366836
2 2 0.002022 0.129299 0.486319 0.001490 0.380870
2 2 0.002698 0.064593 0.790115 0.001052 0.141543
2 2 0.004632 0.122426 0.688942 0.003463 0.180538
2 2 0.002651 0.145081 0.601035 0.002711 0.248522
2 2 0.001906 0.103512 0.754332 0.002946 0.137304
2 2 0.000661 0.049965 0.905307 0.001896 0.042171
2 2 0.003874 0.106184 0.692622 0.001676 0.195643
2 2 0.002537 0.153088 0.606832 0.002917 0.234626
2 2 0.001860 0.056082 0.846376 0.001613 0.094069
2 2 0.003367 0.135290 0.635732 0.003112 0.222499
2 -1 0.002923 0.113499 0.667631 0.003305 0.212642
2 2 0.002361 0.131295 0.738132 0.004185 0.124027
2 2 0.001440 0.059522 0.827780 0.001987 0.109271
2 2 0.002990 0.187842 0.684221 0.005982 0.118965
2 2 0.002762 0.118445 0.725259 0.004122 0.149412
2 2 0.002200 0.152734 0.704168 0.003805 0.137093
2 2 0.001055 0.068156 0.877971 0.002944 0.049874
2 2 0.003303 0.198694 0.517075 0.003502 0.277426
2 2 0.002704 0.165219 0.714099 0.005458 0.112520
2 2 0.001220 0.137152 0.766265 0.002768 0.092595
2 2 0.002076 0.117981 0.812838 0.005847 0.061259
2 2 0.003877 0.207237 0.673494 0.008486 0.106906
2 2 0.005407 0.239672 0.614407 0.013085 0.127430
2 2 0.003783 0.176739 0.721001 0.009005 0.089472
2 2 0.002591 0.231280 0.642744 0.005537 0.117849
2 2 0.003570 0.260896 0.590781 0.006896 0.137857
2 2 0.009056 0.326917 0.459771 0.013562 0.190694
2 2 0.006621 0.338736 0.449883 0.009956 0.194804
2 2 0.003913 0.189822 0.700278 0.008960 0.097027
2 2 0.004352 0.199728 0.682952 0.009612 0.103357
2 2 0.004023 0.172733 0.723069 0.013938 0.086237
2 2 0.008636 0.334254 0.447863 0.015714 0.193533
2 2 0.006295 0.285296 0.539047 0.010854 0.158509
2 2 0.004146 0.232646 0.632427 0.008711 0.122070
2 2 0.018807 0.321781 0.428523 0.036066 0.194824
2 2 0.009936 0.345699 0.424992 0.014029 0.205345
2 3 0.011494 0.344343 0.421668 0.016010 0.206485
2 3 0.014281 0.299846 0.470838 0.041687 0.173348
2 3 0.011853 0.361224 0.391680 0.015717 0.219526
2 3 0.009140 0.345750 0.427201 0.014807 0.203102
2 3 0.011399 0.287775 0.501494 0.037183 0.162148
2 3 0.027445 0.279072 0.433756 0.092471 0.167255
2 3 0.019466 0.307502 0.439156 0.050560 0.183316
2 3 0.014323 0.234142 0.533637 0.089921 0.127977
2 3 0.016102 0.207274 0.531124 0.133346 0.112153
2 3 0.017319 0.332245 0.415902 0.033501 0.201033
2 3 0.023514 0.292628 0.438386 0.070582 0.174889
2 2 0.020565 0.314142 0.427039 0.048989 0.189265
1 2 0.022330 0.393698 0.363357 0.019920 0.200695
1 2 0.029212 0.474419 0.367584 0.009599 0.119186
1 2 0.025413 0.453399 0.373506 0.011022 0.136659
1 1 0.037427 0.546887 0.348446 0.004088 0.063151
1 1 0.058909 0.544571 0.320383 0.006509 0.069628
0 1 0.394647 0.294903 0.239399 0.034273 0.036778
1 1 0.054966 0.530595 0.275471 0.003285 0.135682
2 1 0.035709 0.369756 0.440736 0.021694 0.132105
1 1 0.041292 0.492989 0.293055 0.004450 0.168214
2 1 0.047952 0.398811 0.441142 0.002502 0.109592
2 1 0.030219 0.365590 0.511573 0.004936 0.087681
2 1 0.115580 0.347404 0.416116 0.003506 0.117395
1 1 0.111695 0.542275 0.247303 0.005874 0.092854
1 1 0.172662 0.498792 0.180332 0.004509 0.143704
1 1 0.055634 0.475217 0.323428 0.003424 0.142298
1 1 0.066780 0.515683 0.283975 0.006767 0.126795
2 1 0.046545 0.360829 0.505952 0.009434 0.077240
1 1 0.078406 0.536955 0.274139 0.005657 0.104843
1 2 0.051768 0.499979 0.280361 0.004911 0.162980
1 2 0.030836 0.509504 0.365136 0.006113 0.088412
1 2 0.063757 0.522157 0.344662 0.003681 0.065743
1 2 0.073683 0.560503 0.285305 0.002859 0.077651
1 1 0.069720 0.405437 0.343986 0.011884 0.168973
0 2 0.401362 0.282901 0.100615 0.041131 0.173991
1 2 0.084766 0.513777 0.338833 0.001814 0.060810
2 2 0.041981 0.388207 0.533819 0.002643 0.033350
2 2 0.030655 0.340437 0.584951 0.002334 0.041623
2 1 0.028459 0.424971 0.483001 0.005356 0.058214
0 1 0.442749 0.277931 0.159364 0.034908 0.085047
1 1 0.085753 0.521040 0.287798 0.010554 0.094856
1 1 0.336323 0.401890 0.139634 0.016034 0.106119
1 2 0.079074 0.552452 0.259616 0.003537 0.105320
2 2 0.051816 0.361963 0.466128 0.002496 0.117597
2 2 0.018740 0.315717 0.514688 0.004358 0.146497
1 2 0.043922 0.357248 0.340523 0.003573 0.254734
1 2 0.067274 0.521288 0.244980 0.002960 0.163498
1 2 0.041745 0.427323 0.411645 0.003399 0.115888
1 2 0.058074 0.389999 0.349750 0.003127 0.199051
2 2 0.016624 0.296622 0.553265 0.004121 0.129368
2 2 0.028763 0.342724 0.514774 0.005249 0.108489
2 2 0.028014 0.360586 0.474923 0.003474 0.133003
2 2 0.030410 0.376362 0.450439 0.005597 0.137192
1 2 0.063300 0.432495 0.316018 0.002795 0.185392
2 2 0.022074 0.291164 0.616824 0.003443 0.066496
1 2 0.044849 0.435335 0.361435 0.005726 0.152655
2 1 0.035069 0.392003 0.406157 0.004807 0.161966
1 1 0.102442 0.418084 0.218851 0.016536 0.244087
1 1 0.138760 0.530259 0.208805 0.004263 0.117914
1 0 0.155872 0.567972 0.219896 0.003953 0.052307
1 0 0.309190 0.478305 0.130807 0.002871 0.078827
0 0 0.551733 0.258028 0.072939 0.021728 0.095572
1 0 0.194573 0.582389 0.170099 0.001256 0.051684
1 0 0.100607 0.610517 0.223146 0.001174 0.064556
1 0 0.345665 0.467251 0.115921 0.002098 0.069065
1 0 0.294704 0.481599 0.117533 0.001455 0.104709
0 0 0.723039 0.169479 0.037426 0.008165 0.061891
1 1 0.298006 0.430273 0.129752 0.005622 0.136348
0 1 0.554220 0.218779 0.058098 0.020072 0.148832
1 1 0.120324 0.398661 0.195137 0.016752 0.269126
1 4 0.104573 0.487505 0.206581 0.004391 0.196950
1 4 0.095233 0.420015 0.157565 0.002399 0.324788
1 4 0.105796 0.394156 0.135837 0.002018 0.362194
1 4 0.161540 0.378220 0.122202 0.003333 0.334707
1 4 0.087779 0.481795 0.198581 0.002786 0.229059
1 4 0.120893 0.403463 0.138830 0.002494 0.334320
1 4 0.147786 0.393063 0.138198 0.004234 0.316719
1 4 0.103001 0.445947 0.180960 0.003896 0.266196
1 4 0.272812 0.442157 0.103645 0.001205 0.180181
1 4 0.144815 0.429205 0.138156 0.002236 0.285589
1 4 0.143226 0.433977 0.139448 0.002135 0.281214
1 4 0.117495 0.453482 0.164269 0.002642 0.262113
1 4 0.274883 0.348320 0.104007 0.006416 0.266374
1 4 0.208991 0.397660 0.152004 0.012314 0.229031
4 4 0.020961 0.182327 0.097694 0.002555 0.696464
4 4 0.033893 0.175853 0.079862 0.002738 0.707654
4 4 0.030443 0.175830 0.077131 0.001840 0.714756
4 4 0.022279 0.140161 0.060362 0.001180 0.776018
4 4 0.028402 0.157788 0.061837 0.000984 0.750990
4 4 0.017669 0.109240 0.049238 0.001285 0.822568
4 4 0.012329 0.128879 0.066390 0.001100 0.791302
4 4 0.018316 0.122116 0.053189 0.001006 0.805373
4 4 0.010691 0.131044 0.069213 0.000938 0.788114
4 4 0.019912 0.067486 0.025659 0.001099 0.885845
4 4 0.027241 0.214778 0.102456 0.001854 0.653671
4 4 0.048573 0.108133 0.039259 0.002820 0.801214
4 4 0.049721 0.132391 0.049062 0.002621 0.766205
4 4 0.026957 0.172690 0.083089 0.002461 0.714802
4 4 0.025604 0.079491 0.035237 0.003455 0.856213
4 4 0.037201 0.101070 0.044914 0.005502 0.811313
4 4 0.116791 0.134032 0.043260 0.006279 0.699637
4 4 0.031972 0.160939 0.069963 0.002134 0.734991
4 4 0.028495 0.076514 0.028391 0.001674 0.864926
4 4 0.036168 0.034198 0.010035 0.001808 0.917791
1 4 0.105052 0.394502 0.158409 0.004551 0.337487
4 4 0.024094 0.212042 0.103166 0.001653 0.659045
4 4 0.094973 0.157422 0.050728 0.003478 0.693399
4 4 0.055594 0.084061 0.026198 0.002109 0.832038
4 4 0.086979 0.149792 0.048201 0.003086 0.711942
4 4 0.043304 0.203982 0.090565 0.003266 0.658883
4 4 0.043134 0.243976 0.100720 0.001760 0.610409
4 4 0.023229 0.203735 0.098294 0.001542 0.673199
4 4 0.042850 0.275584 0.114422 0.001547 0.565598
4 4 0.025261 0.221883 0.106087 0.001561 0.645209
1 0 0.197967 0.388886 0.100250 0.001372 0.311525
0 1 0.403842 0.359479 0.081781 0.002683 0.152214
1 1 0.185177 0.415984 0.108870 0.001200 0.288769
1 1 0.076016 0.489091 0.190579 0.001536 0.242778
1 1 0.095545 0.500972 0.179676 0.001458 0.222349
1 1 0.085480 0.472740 0.168028 0.001232 0.272520
1 1 0.055637 0.415100 0.166592 0.001259 0.361411
4 1 0.039245 0.375196 0.173269 0.001577 0.410712
4 1 0.028444 0.342559 0.173916 0.001595 0.453486
4 1 0.028914 0.325769 0.161386 0.001537 0.482394
2 1 0.011992 0.286366 0.405345 0.003107 0.293191
2 1 0.014390 0.288184 0.432207 0.002532 0.262688
1 2 0.035334 0.380126 0.250356 0.001800 0.332384
2 2 0.013499 0.294073 0.457500 0.002620 0.232307
2 2 0.006528 0.090664 0.840802 0.001087 0.060918
2 2 0.013045 0.291187 0.350958 0.002606 0.342204
2 2 0.010834 0.172017 0.606583 0.002148 0.208419
2 2 0.009808 0.186801 0.609245 0.002252 0.191893
2 2 0.007141 0.165019 0.598051 0.002754 0.227036
2 2 0.009633 0.179677 0.580982 0.001806 0.227902
2 2 0.018097 0.263298 0.422603 0.002332 0.293670
2 2 0.020195 0.344482 0.371694 0.002066 0.261562
2 2 0.008037 0.153975 0.748573 0.002156 0.087258
2 2 0.020958 0.238836 0.644574 0.001582 0.094050
2 2 0.016464 0.205122 0.691793 0.001219 0.085402
2 2 0.029413 0.242665 0.642235 0.000970 0.084717
2 2 0.006678 0.150907 0.786062 0.001519 0.054834
2 2 0.025659 0.380640 0.453678 0.001869 0.138154
2 2 0.028880 0.264312 0.627085 0.001316 0.078408
2 2 0.025778 0.299730 0.568468 0.001318 0.104705
2 2 0.021796 0.275916 0.683917 0.001995 0.016376
2 2 0.023742 0.343287 0.609029 0.002176 0.021766
2 2 0.029834 0.325118 0.616698 0.001533 0.026817
2 2 0.033054 0.313561 0.631748 0.001476 0.020161
2 2 0.031602 0.376984 0.566525 0.001855 0.023034
2 1 0.025063 0.318499 0.632042 0.001555 0.022841
1 1 0.060005 0.444503 0.426451 0.003354 0.065687
1 1 0.050993 0.457815 0.397957 0.003066 0.090170
1 1 0.093781 0.603960 0.252654 0.001951 0.047653
2 1 0.023145 0.389879 0.563940 0.001617 0.021419
2 1 0.020201 0.271694 0.692424 0.001725 0.013956
2 2 0.036097 0.320638 0.629526 0.000863 0.012875
2 2 0.019025 0.286045 0.676107 0.001892 0.016931
2 2 0.016267 0.247859 0.725044 0.001093 0.009737
2 2 0.028710 0.351968 0.602446 0.001148 0.015728
2 2 0.015204 0.243970 0.720896 0.002235 0.017695
2 2 0.011552 0.222630 0.748647 0.001771 0.015399
2 2 0.015816 0.280077 0.682324 0.002043 0.019740
2 2 0.030254 0.369657 0.576444 0.002241 0.021404
2 2 0.015374 0.211973 0.761950 0.001326 0.009376
2 2 0.008961 0.113126 0.870372 0.002079 0.005462
2 2 0.015157 0.166255 0.807922 0.002464 0.008201
2 2 0.007329 0.078021 0.906755 0.003478 0.004417
2 2 0.017642 0.190644 0.778824 0.002504 0.010386
2 2 0.007668 0.113307 0.861726 0.004748 0.012552
2 2 0.016755 0.144518 0.827343 0.004333 0.007051
2 2 0.010261 0.117698 0.861450 0.003220 0.007371
2 2 0.010925 0.128966 0.847497 0.003531 0.009082
2 2 0.005455 0.075390 0.906670 0.005156 0.007328
2 2 0.010918 0.111668 0.862736 0.005699 0.008978
2 2 0.009435 0.098611 0.873363 0.008348 0.010243
2 2 0.012609 0.124254 0.851246 0.003965 0.007925
2 2 0.009587 0.135145 0.833042 0.006512 0.015714
2 2 0.015766 0.176963 0.792248 0.003523 0.011500
2 2 0.005071 0.057097 0.920168 0.010512 0.007153
2 2 0.010992 0.117758 0.856986 0.005830 0.008433
2 2 0.005086 0.076762 0.893069 0.011394 0.013690
2 2 0.003726 0.052711 0.856741 0.067958 0.018863
2 2 0.016314 0.215975 0.729026 0.009654 0.029031
2 2 0.013337 0.156683 0.756010 0.033383 0.040588
2 2 0.004565 0.088920 0.842595 0.021737 0.042184
2 2 0.011990 0.326395 0.450100 0.017412 0.194102
2 2 0.010899 0.226683 0.603209 0.035444 0.123764
2 2 0.005965 0.130280 0.770836 0.028543 0.064375
2 2 0.009022 0.186581 0.674490 0.031385 0.098521
2 2 0.010631 0.306655 0.487571 0.016455 0.178688
2 2 0.009839 0.214257 0.629806 0.030320 0.115778
2 2 0.011400 0.222704 0.607393 0.036732 0.121770
2 2 0.009257 0.234642 0.602868 0.025114 0.128119
2 3 0.017682 0.270779 0.485186 0.071243 0.155112
2 3 0.017212 0.226301 0.517413 0.114179 0.124894
2 3 0.016303 0.260245 0.519785 0.055490 0.148176
2 3 0.014956 0.287563 0.490028 0.041362 0.166092
2 3 0.021814 0.290399 0.447590 0.068084 0.172112
2 3 0.011811 0.233058 0.553038 0.076759 0.125335
2 3 0.018576 0.288010 0.470522 0.054164 0.168728
2 3 0.016677 0.282968 0.478521 0.058812 0.163023
2 3 0.018542 0.219131 0.510596 0.130603 0.121127
2 3 0.019658 0.234530 0.498179 0.115847 0.131786
2 3 0.020031 0.241107 0.515708 0.085988 0.137167
2 3 0.013990 0.158117 0.540017 0.206188 0.081689
2 3 0.021470 0.193270 0.489932 0.188765 0.106562
2 3 0.020699 0.231955 0.492855 0.123775 0.130717
2 3 0.023150 0.195819 0.479115 0.192929 0.108986
2 3 0.011711 0.153649 0.564830 0.192034 0.077775
2 3 0.016036 0.171624 0.600982 0.120029 0.091329
2 3 0.016696 0.237631 0.515366 0.098384 0.131922
2 3 0.017923 0.272256 0.482618 0.070880 0.156323
2 3 0.016956 0.168460 0.516109 0.209161 0.089314
2 3 0.014585 0.159603 0.534409 0.208522 0.082881
2 3 0.017711 0.209577 0.518387 0.139740 0.114585
2 3 0.017779 0.148624 0.491514 0.263742 0.078342
2 3 0.009939 0.117372 0.550313 0.265258 0.057118
2 3 0.014572 0.154762 0.530899 0.219640 0.080126
2 3 0.020309 0.240362 0.491688 0.111596 0.136045
2 3 0.011396 0.171144 0.576503 0.153494 0.087463
2 3 0.019073 0.210866 0.508351 0.145508 0.116202
2 3 0.020126 0.233427 0.499167 0.115861 0.131419
2 3 0.022944 0.218168 0.482336 0.153544 0.123009
2 3 0.013517 0.105795 0.521607 0.306280 0.052802
2 3 0.019398 0.179173 0.500494 0.203995 0.096939
2 3 0.016927 0.183278 0.522921 0.178833 0.098041
2 3 0.027232 0.233701 0.456394 0.147239 0.135433
2 3 0.021705 0.222351 0.511887 0.118645 0.125412
2 3 0.021978 0.206420 0.488612 0.167977 0.115013
2 3 0.017122 0.196334 0.523520 0.156983 0.106042
2 3 0.021458 0.167250 0.476750 0.243663 0.090879
2 3 0.023286 0.184986 0.474227 0.215114 0.102387
2 3 0.015285 0.150262 0.518989 0.237481 0.077983
2 3 0.014223 0.134342 0.512937 0.269911 0.068587
2 3 0.016391 0.191284 0.529209 0.160579 0.102537
2 3 0.019080 0.258291 0.487847 0.087384 0.147398
2 3 0.019140 0.168502 0.496570 0.225303 0.090485
2 3 0.016489 0.196241 0.528743 0.152922 0.105605
2 3 0.014250 0.163046 0.540299 0.197754 0.084651
2 3 0.017543 0.177995 0.515620 0.193598 0.095243
2 3 0.017899 0.205810 0.517362 0.146582 0.112347
2 3 0.021470 0.181841 0.485693 0.211401 0.099595
2 3 0.014479 0.134014 0.509352 0.273613 0.068542
2 3 0.014596 0.176211 0.542657 0.174052 0.092483
2 3 0.019635 0.207764 0.504594 0.153431 0.114575
2 3 0.021645 0.228128 0.488358 0.133112 0.128757
2 3 0.020457 0.183830 0.494202 0.201225 0.100286
2 3 0.017856 0.154660 0.496941 0.248728 0.081816
2 3 0.018392 0.128682 0.458359 0.327086 0.067482
2 3 0.016239 0.158308 0.516015 0.226375 0.083063
2 3 0.015640 0.150489 0.515340 0.240228 0.078302
2 3 0.018967 0.261633 0.485984 0.083790 0.149627
2 3 0.015625 0.208171 0.534778 0.129021 0.112405
2 3 0.015469 0.145401 0.511945 0.251830 0.075355
2 3 0.025203 0.228277 0.473656 0.142012 0.130851
2 3 0.018576 0.150180 0.485627 0.266005 0.079612
2 3 0.017393 0.164286 0.509277 0.221923 0.087122
2 3 0.013724 0.169112 0.549142 0.180204 0.087819
2 1 0.018951 0.189353 0.507732 0.181132 0.102832
2 1 0.022519 0.342518 0.387092 0.033227 0.214644
1 1 0.075086 0.433264 0.421685 0.011062 0.058903
1 2 0.037078 0.489812 0.414093 0.004469 0.054549
2 2 0.035196 0.424130 0.481633 0.005747 0.053295
1 2 0.036133 0.493914 0.408097 0.004550 0.057307
2 2 0.029170 0.397121 0.529368 0.004062 0.040279
2 2 0.026168 0.402086 0.501074 0.006332 0.064341
1 2 0.043334 0.542410 0.383065 0.001887 0.029304
1 2 0.044204 0.579083 0.329341 0.002686 0.044686
2 2 0.019507 0.300333 0.661166 0.001795 0.017200
2 2 0.028972 0.278398 0.679982 0.000971 0.011676
2 2 0.015809 0.258708 0.708841 0.001682 0.014960
2 2 0.019861 0.300801 0.658606 0.002016 0.018716
1 2 0.037071 0.478716 0.449267 0.002531 0.032414
1 2 0.046106 0.577514 0.327480 0.002891 0.046010
2 2 0.031094 0.452067 0.477130 0.002910 0.036799
2 2 0.021280 0.267655 0.680637 0.004062 0.026366
2 2 0.027330 0.278996 0.680433 0.001283 0.011958
2 2 0.025007 0.287693 0.675246 0.000999 0.011055
2 2 0.018232 0.290926 0.660158 0.003212 0.027471
1 2 0.047755 0.532874 0.389301 0.002018 0.028052
2 2 0.023710 0.306274 0.655794 0.001153 0.013070
2 2 0.006627 0.122426 0.852387 0.003871 0.014689
2 2 0.012628 0.234306 0.727479 0.002818 0.022769
2 2 0.019994 0.313244 0.576342 0.004646 0.085774
2 2 0.004481 0.149735 0.422247 0.002545 0.420992
4 2 0.008655 0.205584 0.234869 0.002283 0.548609
4 2 0.006803 0.195531 0.171259 0.001547 0.624860
4 2 0.012400 0.210586 0.141834 0.001467 0.633714
4 2 0.015247 0.260468 0.157270 0.001726 0.565289
4 2 0.012805 0.256997 0.167698 0.001908 0.560592
4 2 0.007499 0.173972 0.129260 0.001371 0.687898
4 2 0.005652 0.174244 0.153014 0.001444 0.665646
4 2 0.004951 0.174145 0.144181 0.001634 0.675088
4 2 0.018822 0.256060 0.140221 0.001557 0.583340
1 2 0.029184 0.420264 0.214598 0.001313 0.334641
4 2 0.016587 0.247697 0.143913 0.001752 0.590052
4 2 0.017214 0.250590 0.142786 0.001669 0.587741
4 2 0.019443 0.264180 0.143975 0.001555 0.570846
4 2 0.014836 0.296370 0.188677 0.001858 0.498259
4 2 0.015066 0.257028 0.153937 0.001639 0.572329
4 2 0.005493 0.158198 0.135503 0.001396 0.699409
4 2 0.012192 0.207794 0.123573 0.001352 0.655089
1 2 0.027972 0.443731 0.244496 0.001681 0.282119
1 2 0.024653 0.413082 0.225150 0.001380 0.335735
1 2 0.031090 0.466586 0.252285 0.001725 0.248315
1 2 0.037196 0.472833 0.241050 0.001742 0.247179
1 2 0.036318 0.514264 0.272717 0.001778 0.174924
1 2 0.038121 0.501823 0.255861 0.001657 0.202537
1 2 0.041235 0.471182 0.239961 0.002123 0.245499
4 2 0.021336 0.306978 0.179552 0.002268 0.489866
4 2 0.013139 0.265035 0.179539 0.002192 0.540095
1 2 0.049304 0.455083 0.204178 0.001600 0.289835
1 4 0.054723 0.456210 0.195326 0.001513 0.292227
4 4 0.023742 0.368584 0.218228 0.002346 0.387100
4 4 0.036260 0.325757 0.167007 0.002868 0.468108
4 4 0.031634 0.272477 0.131162 0.001954 0.562772
4 4 0.019913 0.270183 0.158728 0.002385 0.548790
4 4 0.025424 0.264769 0.147257 0.002447 0.560102
4 4 0.069939 0.311348 0.153288 0.008631 0.456793
4 4 0.079737 0.348152 0.150266 0.004705 0.417141
4 1 0.045910 0.378735 0.179890 0.002453 0.393011
1 1 0.086587 0.507773 0.183618 0.001240 0.220783
1 1 0.036939 0.490777 0.242790 0.001380 0.228115
1 1 0.035798 0.496565 0.259024 0.001688 0.206925
1 1 0.079314 0.617831 0.250131 0.001233 0.051491
1 1 0.085660 0.616381 0.246164 0.001328 0.050467
1 1 0.054919 0.593292 0.310891 0.002482 0.038416
1 1 0.048981 0.596080 0.286689 0.001351 0.066900
1 1 0.043068 0.561263 0.333189 0.001456 0.061024
2 1 0.042819 0.451367 0.463164 0.001125 0.041525
1 2 0.062209 0.498306 0.383062 0.001183 0.055240
2 2 0.024181 0.305932 0.649885 0.000981 0.019021
1 2 0.040563 0.510411 0.399111 0.001529 0.048385
1 0 0.044751 0.575817 0.324477 0.001545 0.053410
1 0 0.266076 0.400264 0.253697 0.011900 0.068063
1 1 0.140698 0.530777 0.237487 0.008329 0.082709
1 1 0.087834 0.524471 0.238343 0.004030 0.145323
1 1 0.064650 0.530918 0.274789 0.004368 0.125276
1 2 0.058676 0.449382 0.209696 0.002640 0.279607
2 2 0.033441 0.277064 0.532534 0.002333 0.154629
1 2 0.077124 0.496547 0.214629 0.002679 0.209021
1 2 0.051366 0.386406 0.352225 0.002666 0.207337
2 2 0.047126 0.347734 0.385126 0.002143 0.217871
2 2 0.043823 0.281473 0.507174 0.002428 0.165103
2 2 0.027141 0.307407 0.401834 0.003523 0.260094
2 2 0.025807 0.273525 0.464243 0.002571 0.233854
2 2 0.018996 0.209929 0.563855 0.002053 0.205167
1 2 0.061344 0.522091 0.281219 0.001378 0.133967
2 2 0.034666 0.361094 0.519134 0.002078 0.083028
1 2 0.078517 0.557192 0.229367 0.001735 0.133189
2 2 0.046361 0.333668 0.522657 0.001302 0.096012
1 2 0.048110 0.492241 0.348941 0.002112 0.108596
2 1 0.043736 0.338791 0.529934 0.001336 0.086204
1 1 0.108959 0.592058 0.215208 0.001432 0.082342
1 2 0.058995 0.538549 0.282759 0.001885 0.117812
1 2 0.052453 0.425700 0.405083 0.001589 0.115175
1 2 0.056615 0.480617 0.369162 0.001094 0.092512
2 2 0.053594 0.401538 0.478957 0.001146 0.064765
1 2 0.058674 0.474561 0.400785 0.001048 0.064931
2 2 0.012126 0.331529 0.607441 0.002603 0.046301
2 2 0.015518 0.198186 0.761789 0.001312 0.023196
2 1 0.026456 0.300200 0.623125 0.001224 0.048994
1 1 0.056611 0.559997 0.283960 0.002724 0.096709
1 1 0.073684 0.585513 0.261419 0.002075 0.077308
1 2 0.053340 0.553754 0.336619 0.001680 0.054607
2 2 0.036109 0.385804 0.540562 0.001319 0.036207
2 2 0.034864 0.380753 0.542660 0.001342 0.040381
2 2 0.018493 0.243477 0.717323 0.001453 0.019254
1 2 0.077297 0.474722 0.398151 0.001233 0.048597
1 2 0.040450 0.484275 0.430262 0.001532 0.043481
2 1 0.052609 0.346674 0.533845 0.004579 0.062294
1 1 0.105972 0.418110 0.383476 0.011273 0.081169
1 1 0.126999 0.601108 0.197007 0.001055 0.073831
1 2 0.053642 0.496155 0.308718 0.002807 0.138679
2 2 0.028703 0.288737 0.626417 0.002650 0.053493
2 2 0.026069 0.343315 0.588535 0.002569 0.039511
2 2 0.066541 0.399981 0.490905 0.001203 0.041370
1 2 0.068511 0.602333 0.290803 0.002367 0.035986
1 2 0.061710 0.483573 0.395236 0.001290 0.058192
2 2 0.029765 0.352420 0.587412 0.001222 0.029182
2 2 0.027232 0.251556 0.703848 0.000924 0.016440
1 1 0.059225 0.500555 0.382286 0.001564 0.056371
1 1 0.087839 0.573547 0.260131 0.003243 0.075240
1 1 0.040885 0.501221 0.369529 0.003511 0.084853
1 1 0.124494 0.585284 0.212411 0.001840 0.075972
1 1 0.162207 0.573224 0.217312 0.003656 0.043601
1 1 0.162056 0.583869 0.223115 0.003465 0.027495
1 2 0.061532 0.590304 0.315486 0.001704 0.030975
2 2 0.028395 0.317566 0.640450 0.001088 0.012501
2 2 0.034333 0.328029 0.620759 0.001226 0.015653
2 2 0.021708 0.284574 0.680164 0.001669 0.011885
1 1 0.068885 0.526429 0.371027 0.001206 0.032453
2 1 0.052256 0.427152 0.488282 0.003334 0.028976
1 1 0.189303 0.487394 0.245045 0.006506 0.071752
1 2 0.081869 0.523228 0.309097 0.010012 0.075794
1 2 0.079094 0.518264 0.365342 0.003888 0.033412
1 2 0.087180 0.560332 0.289048 0.006357 0.057083
1 2 0.068847 0.592595 0.294937 0.002656 0.040965
1 1 0.121729 0.421084 0.416499 0.004504 0.036184
0 1 0.512685 0.300452 0.109247 0.024690 0.052926
