1 1 0.058476 0.441824 0.107952 0.000158 0.391589
1 1 0.326381 0.480401 0.026290 0.000027 0.166901
1 1 0.278504 0.485566 0.044395 0.000107 0.191429
1 1 0.051635 0.452366 0.124745 0.000137 0.371117
4 1 0.084296 0.395834 0.062102 0.000211 0.457557
4 1 0.064835 0.393015 0.093593 0.000346 0.448211
1 1 0.075718 0.419858 0.118209 0.000578 0.385638
1 1 0.060412 0.438542 0.140154 0.000352 0.360540
1 1 0.060588 0.438027 0.142733 0.000374 0.358277
2 1 0.065641 0.324321 0.384436 0.022326 0.203276
1 1 0.227628 0.471039 0.158902 0.002236 0.140195
4 1 0.086028 0.395624 0.065004 0.000253 0.453091
0 1 0.826445 0.081489 0.009604 0.000314 0.082148
0 1 0.857988 0.070892 0.011048 0.000654 0.059418
1 1 0.286657 0.437161 0.066377 0.000700 0.209105
0 1 0.730321 0.153447 0.029590 0.001446 0.085195
1 1 0.114162 0.539362 0.084029 0.000059 0.262387
1 1 0.055201 0.446993 0.115996 0.000150 0.381660
2 1 0.115151 0.254391 0.333322 0.045321 0.251815
0 0 0.789021 0.121266 0.024684 0.001530 0.063499
2 0 0.021503 0.272451 0.596408 0.004801 0.104838
2 1 0.016367 0.246899 0.634637 0.004452 0.097646
2 1 0.006578 0.118600 0.833187 0.012941 0.028694
2 1 0.003067 0.070387 0.879158 0.027219 0.020169
2 1 0.004462 0.065541 0.896654 0.025567 0.007774
2 1 0.002951 0.068620 0.866847 0.036711 0.024871
2 1 0.000019 0.005152 0.974730 0.016856 0.003243
2 1 0.000438 0.026431 0.949242 0.016087 0.007802
2 2 0.000034 0.007000 0.945546 0.040099 0.007321
2 2 0.006292 0.073552 0.802060 0.096561 0.021534
2 2 0.001452 0.048173 0.896378 0.034603 0.019394
2 2 0.000089 0.011280 0.977416 0.008493 0.002722
2 2 0.001064 0.041512 0.926145 0.019613 0.011666
2 2 0.000076 0.010731 0.968798 0.015755 0.004640
2 2 0.000079 0.010499 0.960249 0.023695 0.005478
2 2 0.000065 0.006260 0.962523 0.029834 0.001318
2 2 0.000124 0.011023 0.918186 0.063688 0.006979
2 2 0.000208 0.004933 0.763039 0.230273 0.001547
2 2 0.000034 0.001863 0.761054 0.235721 0.001328
2 2 0.000437 0.006424 0.581216 0.408827 0.003095
3 2 0.000393 0.002949 0.313721 0.680869 0.002069
3 2 0.001154 0.003574 0.179738 0.812422 0.003111
3 2 0.000230 0.001473 0.231700 0.765313 0.001284
3 2 0.000369 0.000835 0.074205 0.923193 0.001397
3 3 0.000579 0.000953 0.066386 0.930528 0.001555
3 3 0.000330 0.000343 0.025883 0.972358 0.001086
3 3 0.000639 0.000712 0.041241 0.955927 0.001482
3 3 0.000450 0.000478 0.028795 0.968803 0.001474
3 3 0.000330 0.000200 0.013604 0.985033 0.000834
3 3 0.000698 0.000350 0.014995 0.982414 0.001544
3 3 0.000220 0.000361 0.037321 0.961212 0.000886
3 3 0.000611 0.000483 0.021170 0.975902 0.001834
3 3 0.000354 0.000199 0.012135 0.986418 0.000894
3 3 0.000226 0.000244 0.023559 0.975178 0.000794
3 3 0.000476 0.000623 0.039112 0.958330 0.001459
3 3 0.000259 0.000161 0.011832 0.986966 0.000782
3 3 0.000585 0.000350 0.016038 0.981480 0.001547
3 3 0.000499 0.000232 0.012066 0.986152 0.001051
3 3 0.000321 0.000249 0.015893 0.982456 0.001081
3 3 0.000344 0.000181 0.010737 0.987648 0.001090
3 3 0.000585 0.000228 0.010804 0.987139 0.001243
3 3 0.000251 0.000101 0.007451 0.991592 0.000605
3 3 0.000495 0.000161 0.008306 0.989960 0.001078
3 3 0.000355 0.000125 0.007565 0.991063 0.000892
3 3 0.000891 0.000468 0.018154 0.978854 0.001633
3 3 0.000866 0.000423 0.015861 0.980813 0.002038
3 3 0.000747 0.000324 0.013494 0.983886 0.001549
3 3 0.000537 0.000212 0.010368 0.987623 0.001260
3 3 0.000410 0.000156 0.009162 0.989464 0.000807
3 3 0.000544 0.000178 0.008884 0.989310 0.001084
3 3 0.000734 0.000242 0.010773 0.987149 0.001102
3 3 0.000457 0.000202 0.010892 0.987431 0.001019
3 3 0.000162 0.000081 0.007229 0.991977 0.000551
3 3 0.000310 0.000131 0.008396 0.990310 0.000853
3 3 0.000480 0.000177 0.009591 0.988845 0.000907
3 3 0.000853 0.000563 0.021307 0.975224 0.002053
3 3 0.000256 0.000090 0.006433 0.992535 0.000686
3 3 0.000366 0.000122 0.007453 0.991277 0.000782
3 3 0.000695 0.000232 0.010176 0.987580 0.001318
3 3 0.000594 0.000307 0.015425 0.982540 0.001134
3 3 0.000233 0.000088 0.006724 0.992361 0.000594
3 3 0.000274 0.000087 0.005988 0.992930 0.000722
3 3 0.000335 0.000093 0.005971 0.992902 0.000700
3 3 0.000487 0.000183 0.009378 0.988777 0.001176
3 3 0.000400 0.000168 0.009772 0.988783 0.000878
3 3 0.000293 0.000137 0.008905 0.989745 0.000920
3 3 0.000339 0.000113 0.007017 0.991687 0.000843
3 3 0.000253 0.000081 0.005962 0.993091 0.000614
3 3 0.000261 0.000064 0.004599 0.994460 0.000616
3 3 0.000224 0.000116 0.008543 0.990333 0.000784
3 3 0.000238 0.000067 0.005137 0.994004 0.000554
3 3 0.000338 0.000081 0.005035 0.993747 0.000799
3 3 0.000263 0.000074 0.005241 0.993754 0.000668
3 3 0.000285 0.000084 0.005712 0.993184 0.000735
3 3 0.000210 0.000067 0.005491 0.993737 0.000496
3 3 0.000460 0.000174 0.009099 0.989111 0.001157
3 3 0.000378 0.000103 0.006086 0.992569 0.000865
3 3 0.000321 0.000128 0.008262 0.990510 0.000779
3 3 0.000293 0.000086 0.005714 0.993143 0.000764
3 3 0.000285 0.000102 0.006913 0.991954 0.000746
3 3 0.000434 0.000157 0.008589 0.989776 0.001043
3 3 0.000363 0.000111 0.006788 0.991929 0.000809
3 3 0.000246 0.000075 0.005735 0.993408 0.000536
3 3 0.000148 0.000039 0.003780 0.995639 0.000393
3 3 0.000283 0.000070 0.004979 0.994089 0.000578
3 3 0.000173 0.000074 0.006268 0.992871 0.000615
3 3 0.000149 0.000050 0.004825 0.994563 0.000413
3 3 0.000189 0.000064 0.005262 0.993897 0.000588
3 3 0.000336 0.000093 0.005931 0.992902 0.000738
3 3 0.000187 0.000059 0.005053 0.994204 0.000497
3 3 0.000212 0.000059 0.004614 0.994534 0.000581
3 3 0.000194 0.000069 0.005837 0.993407 0.000493
3 3 0.000314 0.000135 0.008558 0.990089 0.000903
3 3 0.000235 0.000073 0.005485 0.993598 0.000609
3 3 0.000076 0.000020 0.002756 0.996906 0.000241
3 3 0.000228 0.000059 0.004593 0.994571 0.000549
3 3 0.000255 0.000081 0.005859 0.993165 0.000640
3 3 0.000307 0.000096 0.006231 0.992575 0.000792
3 3 0.000146 0.000040 0.003774 0.995597 0.000442
3 3 0.000208 0.000086 0.006769 0.992289 0.000648
3 3 0.000500 0.000076 0.004450 0.994476 0.000498
3 3 0.000513 0.000087 0.005069 0.993814 0.000516
3 3 0.000598 0.000152 0.007867 0.990653 0.000730
3 3 0.000416 0.000076 0.004952 0.994126 0.000430
3 3 0.000563 0.000093 0.005134 0.993638 0.000571
3 3 0.000370 0.000060 0.004072 0.995087 0.000412
3 3 0.000459 0.000065 0.003977 0.995014 0.000484
3 3 0.000530 0.000094 0.005175 0.993572 0.000630
3 3 0.000440 0.000090 0.005546 0.993421 0.000503
3 3 0.000629 0.000118 0.006153 0.992476 0.000624
3 3 0.000696 0.000166 0.007935 0.990391 0.000813
3 3 0.000677 0.000099 0.005017 0.993590 0.000617
3 3 0.003225 0.001100 0.026168 0.967770 0.001738
3 3 0.001237 0.000622 0.021428 0.975089 0.001624
3 3 0.013034 0.006439 0.074030 0.900943 0.005554
3 3 0.007037 0.010028 0.128522 0.842254 0.012160
3 3 0.009149 0.008490 0.092804 0.877516 0.012040
3 3 0.006899 0.003672 0.051146 0.931862 0.006420
3 3 0.058251 0.063225 0.334597 0.518306 0.025621
2 3 0.050885 0.110649 0.534278 0.280665 0.023524
1 3 0.175936 0.442748 0.234864 0.005636 0.140816
1 3 0.369530 0.383597 0.090334 0.002188 0.154352
1 2 0.356462 0.434828 0.092856 0.001691 0.114163
1 2 0.372258 0.450499 0.061844 0.000433 0.114966
1 0 0.346348 0.466567 0.091473 0.000675 0.094937
1 0 0.404821 0.460382 0.064774 0.000224 0.069799
1 2 0.317445 0.428798 0.174383 0.004491 0.074883
1 2 0.258103 0.487519 0.102077 0.000733 0.151568
1 2 0.132216 0.501137 0.157434 0.000667 0.208546
1 2 0.074315 0.461448 0.167688 0.000543 0.296007
1 2 0.241288 0.485144 0.114181 0.000964 0.158423
4 2 0.082933 0.310708 0.117316 0.004377 0.484665
1 2 0.315847 0.431299 0.119470 0.003522 0.129861
1 2 0.150111 0.438740 0.122158 0.001825 0.287166
1 2 0.051958 0.377949 0.343282 0.004227 0.222584
1 2 0.203195 0.500968 0.138296 0.000867 0.156674
0 2 0.415089 0.300412 0.070174 0.003201 0.211123
0 2 0.463623 0.261062 0.078834 0.007132 0.189350
0 2 0.826871 0.086841 0.026522 0.005134 0.054632
1 2 0.305297 0.372890 0.069428 0.001486 0.250899
0 2 0.636695 0.114597 0.011105 0.000254 0.237350
0 2 0.697281 0.108426 0.005136 0.000025 0.189131
0 2 0.892874 0.037263 0.004398 0.000284 0.065181
0 2 0.754269 0.136268 0.006353 0.000019 0.103092
0 2 0.709838 0.104194 0.013509 0.000568 0.171892
0 2 0.816831 0.050657 0.004431 0.000149 0.127932
0 2 0.832512 0.046357 0.004684 0.000225 0.116223
0 2 0.911762 0.018581 0.004090 0.001957 0.063610
4 2 0.142407 0.397755 0.034433 0.000121 0.425284
4 2 0.129955 0.291962 0.054655 0.001239 0.522190
4 2 0.062379 0.346739 0.074484 0.000416 0.515983
4 4 0.046460 0.207556 0.049697 0.000630 0.695657
4 4 0.067876 0.152396 0.036014 0.000849 0.742865
4 4 0.080709 0.247692 0.037258 0.000350 0.633993
4 4 0.078404 0.352672 0.063564 0.000432 0.504928
4 4 0.088832 0.272834 0.044391 0.000509 0.593434
4 4 0.044354 0.212329 0.070160 0.001494 0.671662
4 4 0.169260 0.279559 0.028210 0.000231 0.522740
4 4 0.068497 0.273519 0.054664 0.000668 0.602653
4 4 0.048856 0.279048 0.064449 0.000653 0.606995
4 4 0.011213 0.155619 0.119562 0.002975 0.710630
4 4 0.009677 0.102778 0.120746 0.007262 0.759537
4 4 0.015467 0.086813 0.079263 0.005751 0.812706
4 4 0.015724 0.038472 0.035020 0.004599 0.906184
4 4 0.030228 0.027492 0.025448 0.009371 0.907462
4 4 0.020018 0.021404 0.023707 0.009035 0.925836
4 4 0.006239 0.042616 0.093425 0.019593 0.838127
4 4 0.012460 0.094218 0.075128 0.003138 0.815055
4 4 0.028875 0.020852 0.019889 0.009003 0.921381
4 4 0.015101 0.039974 0.032722 0.003293 0.908909
4 4 0.028438 0.014683 0.014551 0.009016 0.933312
4 4 0.032438 0.025581 0.022001 0.008120 0.911860
4 4 0.006284 0.132203 0.188918 0.005678 0.666917
4 4 0.004199 0.111020 0.152708 0.003225 0.728848
4 4 0.013434 0.086054 0.128576 0.019856 0.752079
4 4 0.005174 0.119180 0.171380 0.004984 0.699282
4 4 0.122184 0.133321 0.025086 0.000717 0.718693
4 4 0.035068 0.268512 0.119841 0.001902 0.574677
4 4 0.016819 0.199721 0.107035 0.001336 0.675088
4 4 0.004111 0.102026 0.112440 0.002264 0.779159
1 4 0.150471 0.445946 0.120684 0.001532 0.281367
0 2 0.597715 0.210482 0.105080 0.018256 0.068467
0 2 0.849693 0.080358 0.020023 0.002556 0.047371
1 2 0.395830 0.444968 0.059000 0.000374 0.099829
1 2 0.342462 0.480424 0.046723 0.000118 0.130272
0 2 0.614154 0.197315 0.038781 0.001862 0.147887
0 2 0.937666 0.031841 0.007011 0.001219 0.022263
0 2 0.951906 0.017229 0.003293 0.000841 0.026731
0 2 0.825362 0.084734 0.013917 0.000853 0.075134
0 2 0.889096 0.064695 0.012420 0.000957 0.032832
0 2 0.872556 0.064380 0.014496 0.001855 0.046713
0 2 0.846779 0.072215 0.018327 0.003010 0.059670
0 2 0.887154 0.056205 0.008003 0.000448 0.048190
0 2 0.895945 0.067220 0.007110 0.000141 0.029584
0 0 0.883205 0.064361 0.006782 0.000170 0.045482
0 0 0.688453 0.205775 0.020583 0.000181 0.085008
0 2 0.880152 0.051653 0.006774 0.000386 0.061036
1 2 0.229637 0.477678 0.133406 0.001500 0.157780
0 2 0.645544 0.247295 0.046714 0.001092 0.059355
1 2 0.439937 0.443545 0.035400 0.000072 0.081046
1 2 0.092678 0.418645 0.113909 0.000862 0.373907
0 2 0.712891 0.124162 0.039397 0.007851 0.115699
0 2 0.360580 0.354274 0.124199 0.009177 0.151770
1 2 0.151624 0.466341 0.111527 0.000846 0.269662
1 2 0.036988 0.384907 0.311411 0.001383 0.265310
1 2 0.032914 0.430157 0.219634 0.000227 0.317067
4 2 0.021528 0.329256 0.307445 0.001077 0.340694
1 2 0.028885 0.361891 0.298509 0.001103 0.309612
1 2 0.030557 0.400088 0.283736 0.000532 0.285087
1 2 0.031271 0.390178 0.297136 0.000745 0.280671
2 2 0.009922 0.250880 0.639225 0.001021 0.098952
2 2 0.024879 0.364253 0.423126 0.000968 0.186774
2 2 0.009687 0.272466 0.565829 0.000720 0.151299
2 2 0.004409 0.166911 0.703371 0.002321 0.122988
2 2 0.000767 0.054144 0.930389 0.001760 0.012940
2 2 0.010301 0.254677 0.597696 0.001320 0.136005
1 2 0.036755 0.368097 0.337767 0.002161 0.255221
1 2 0.055744 0.425407 0.223040 0.001018 0.294792
0 0 0.454860 0.339914 0.074230 0.002142 0.128854
1 2 0.025850 0.362461 0.281966 0.000733 0.328990
2 2 0.003118 0.123519 0.802963 0.003563 0.066837
2 2 0.000519 0.037318 0.953216 0.002416 0.006531
2 2 0.000960 0.039547 0.942911 0.009795 0.006788
2 2 0.000021 0.005519 0.992073 0.001751 0.000636
2 2 0.006553 0.137234 0.771380 0.014425 0.070408
2 2 0.007119 0.180148 0.764018 0.001862 0.046853
2 2 0.000369 0.029749 0.964958 0.001551 0.003373
2 2 0.000613 0.032802 0.958692 0.004102 0.003791
2 2 0.000603 0.041783 0.944880 0.003089 0.009645
2 2 0.001377 0.061663 0.925205 0.002521 0.009234
2 2 0.000314 0.022317 0.972159 0.003101 0.002109
2 2 0.001492 0.049468 0.929735 0.010939 0.008366
2 2 0.001421 0.062728 0.923812 0.002556 0.009483
2 2 0.001316 0.054384 0.932310 0.004020 0.007970
2 2 0.000060 0.009453 0.962281 0.022565 0.005641
2 2 0.002984 0.069940 0.898834 0.015212 0.013031
2 2 0.001846 0.055083 0.923351 0.010867 0.008853
2 2 0.005825 0.108972 0.838860 0.016619 0.029724
2 2 0.001714 0.053069 0.926563 0.010315 0.008338
2 2 0.001608 0.051153 0.914634 0.019512 0.013092
2 2 0.001656 0.027483 0.860462 0.105633 0.004766
2 2 0.000092 0.008912 0.941176 0.045891 0.003930
2 2 0.000225 0.010931 0.930950 0.055628 0.002265
2 2 0.000750 0.014578 0.855887 0.126849 0.001936
2 2 0.001428 0.026913 0.817438 0.146436 0.007786
2 2 0.000381 0.009852 0.690373 0.294044 0.005350
2 2 0.000072 0.005672 0.905684 0.086704 0.001866
2 2 0.000157 0.006651 0.837746 0.152894 0.002553
2 2 0.000263 0.011965 0.880231 0.103316 0.004225
2 2 0.000523 0.012804 0.793634 0.189712 0.003327
3 2 0.000721 0.005604 0.473994 0.518049 0.001633
2 2 0.002196 0.024519 0.712483 0.255098 0.005704
2 2 0.000481 0.008946 0.743665 0.244629 0.002278
2 2 0.000057 0.004441 0.862008 0.130581 0.002913
2 2 0.000221 0.005844 0.755231 0.236796 0.001908
2 2 0.000032 0.001134 0.590880 0.407311 0.000643
2 2 0.000524 0.008285 0.584367 0.402955 0.003869
2 2 0.000335 0.004555 0.529376 0.463592 0.002142
3 2 0.000214 0.002502 0.350878 0.644642 0.001765
2 2 0.000119 0.004927 0.662862 0.327886 0.004206
3 2 0.000570 0.003525 0.401052 0.593791 0.001062
2 3 0.000209 0.003882 0.593164 0.401023 0.001722
3 3 0.001142 0.003739 0.227436 0.765688 0.001994
3 3 0.001509 0.009350 0.400482 0.584866 0.003793
3 3 0.000958 0.007924 0.427827 0.559410 0.003880
3 3 0.000887 0.006999 0.407281 0.581089 0.003745
3 3 0.000298 0.001858 0.246489 0.749977 0.001378
3 3 0.000427 0.003743 0.399924 0.594438 0.001468
3 3 0.001259 0.004771 0.250424 0.740206 0.003339
3 3 0.009448 0.013702 0.337256 0.637650 0.001943
3 3 0.012720 0.021384 0.384320 0.578728 0.002848
2 3 0.161959 0.164823 0.494041 0.170514 0.008663
2 3 0.009207 0.051922 0.675604 0.254510 0.008757
2 3 0.003912 0.016788 0.511673 0.463765 0.003862
2 3 0.003640 0.051259 0.847691 0.085825 0.011586
2 3 0.006198 0.040845 0.766734 0.181892 0.004330
2 3 0.002304 0.028175 0.880652 0.086337 0.002532
2 3 0.003506 0.025448 0.607720 0.356108 0.007218
2 3 0.001803 0.013506 0.614571 0.367523 0.002597
2 3 0.001278 0.013747 0.732854 0.249960 0.002161
2 3 0.001063 0.007779 0.498571 0.490457 0.002130
3 3 0.000910 0.007914 0.463834 0.524497 0.002846
3 3 0.000570 0.005248 0.472700 0.519735 0.001746
2 3 0.000199 0.003143 0.624062 0.371989 0.000606
3 3 0.000389 0.003109 0.353280 0.641907 0.001315
3 3 0.000466 0.004388 0.486487 0.507621 0.001038
3 3 0.000302 0.001852 0.243983 0.752815 0.001048
3 3 0.000264 0.002159 0.313903 0.682787 0.000888
3 3 0.000140 0.001063 0.262010 0.736299 0.000488
3 3 0.000580 0.003130 0.262272 0.732459 0.001560
3 3 0.000126 0.001314 0.330065 0.667803 0.000692
3 3 0.000401 0.002285 0.284949 0.711447 0.000918
3 3 0.000043 0.000785 0.412576 0.586248 0.000348
3 3 0.000199 0.001758 0.360513 0.636914 0.000616
3 3 0.000509 0.003164 0.298148 0.696605 0.001574
3 3 0.000472 0.000792 0.067244 0.930630 0.000863
3 3 0.000459 0.002042 0.205483 0.790941 0.001075
3 3 0.000502 0.004138 0.355119 0.638393 0.001849
2 3 0.000301 0.003824 0.511391 0.483259 0.001225
3 3 0.000393 0.004793 0.435227 0.556946 0.002642
2 3 0.037846 0.072023 0.494756 0.384657 0.010718
2 3 0.031646 0.054947 0.487861 0.418126 0.007421
3 3 0.046424 0.056263 0.431214 0.458552 0.007547
3 3 0.020966 0.016902 0.219375 0.738899 0.003857
3 3 0.325504 0.080071 0.255323 0.328654 0.010449
2 3 0.090780 0.096780 0.471569 0.329282 0.011590
2 3 0.123348 0.180411 0.492979 0.172898 0.030364
2 3 0.224383 0.182661 0.444478 0.132525 0.015952
0 3 0.854071 0.074618 0.049739 0.016588 0.004985
0 0 0.944922 0.032459 0.012890 0.004033 0.005697
0 0 0.758940 0.182260 0.039178 0.001000 0.018623
0 0 0.938603 0.040679 0.012946 0.002031 0.005741
0 0 0.574601 0.330643 0.066362 0.000871 0.027523
0 0 0.863033 0.094351 0.029746 0.002590 0.010281
0 0 0.821503 0.126933 0.036467 0.002137 0.012961
0 0 0.889799 0.078151 0.022709 0.001745 0.007596
0 0 0.894969 0.068640 0.022730 0.003081 0.010580
0 0 0.962606 0.020120 0.007013 0.002988 0.007273
0 0 0.938560 0.039077 0.012074 0.002184 0.008106
0 0 0.751481 0.166358 0.061359 0.004987 0.015815
0 0 0.992200 0.003274 0.000371 0.000063 0.004092
0 0 0.941608 0.036857 0.005577 0.000319 0.015639
0 0 0.985091 0.009368 0.001082 0.000072 0.004388
0 0 0.879238 0.086347 0.009579 0.000150 0.024685
0 0 0.991588 0.004605 0.000508 0.000053 0.003247
0 0 0.948121 0.038777 0.002727 0.000024 0.010351
0 0 0.626985 0.309167 0.017458 0.000022 0.046368
0 1 0.696342 0.218919 0.045862 0.001251 0.037626
0 1 0.747564 0.208696 0.015878 0.000046 0.027816
0 0 0.953303 0.037918 0.001441 0.000003 0.007336
0 0 0.980017 0.013164 0.001069 0.000027 0.005723
0 0 0.750382 0.218029 0.011438 0.000012 0.020139
0 0 0.683065 0.269286 0.013550 0.000014 0.034086
0 0 0.989225 0.005220 0.000690 0.000112 0.004754
0 0 0.993322 0.003391 0.000399 0.000059 0.002829
0 0 0.987663 0.006864 0.000591 0.000030 0.004853
0 0 0.934981 0.052050 0.004280 0.000036 0.008654
0 0 0.984081 0.010081 0.000881 0.000032 0.004925
0 0 0.995840 0.002330 0.000454 0.000188 0.001189
0 0 0.990782 0.006207 0.000655 0.000039 0.002318
0 0 0.987889 0.005349 0.000473 0.000036 0.006253
0 0 0.872177 0.089978 0.007478 0.000067 0.030300
0 0 0.777383 0.112063 0.018897 0.000996 0.090660
1 0 0.145773 0.450739 0.084293 0.000538 0.318658
0 1 0.647807 0.252705 0.024127 0.000144 0.075216
0 1 0.799763 0.120653 0.010962 0.000127 0.068495
0 1 0.940265 0.026093 0.003590 0.000319 0.029734
0 1 0.990155 0.003763 0.000290 0.000022 0.005770
0 0 0.982916 0.007417 0.000575 0.000029 0.009062
0 0 0.947149 0.018491 0.001136 0.000027 0.033198
0 0 0.976581 0.009602 0.001108 0.000119 0.012590
0 0 0.968770 0.014349 0.002079 0.000263 0.014538
0 0 0.952413 0.017641 0.003528 0.000948 0.025469
0 0 0.930331 0.017837 0.002700 0.000535 0.048597
0 0 0.720510 0.230101 0.013287 0.000022 0.036080
0 0 0.810879 0.132394 0.011122 0.000082 0.045523
0 0 0.453538 0.395845 0.033151 0.000102 0.117364
1 0 0.242721 0.459608 0.045608 0.000186 0.251876
1 1 0.161571 0.428884 0.038921 0.000118 0.370506
1 1 0.246875 0.463629 0.040049 0.000121 0.249326
4 1 0.011136 0.097991 0.051339 0.000855 0.838679
4 4 0.080531 0.012247 0.003648 0.001006 0.902568
4 4 0.041452 0.030194 0.010398 0.000869 0.917087
4 4 0.083679 0.013968 0.005088 0.001904 0.895361
4 4 0.052867 0.034274 0.008924 0.000545 0.903390
4 4 0.018081 0.049615 0.035795 0.003012 0.893498
4 4 0.007919 0.135436 0.086596 0.001127 0.768922
4 4 0.007291 0.117167 0.111170 0.002988 0.761384
4 4 0.186567 0.017151 0.005602 0.003851 0.786828
4 4 0.045946 0.011052 0.005405 0.002033 0.935563
4 4 0.042826 0.014897 0.014245 0.013162 0.914870
4 4 0.048868 0.013629 0.007924 0.003727 0.925852
4 4 0.034005 0.010548 0.006774 0.003037 0.945636
4 4 0.022395 0.077170 0.045930 0.002542 0.851963
4 4 0.030545 0.034140 0.017802 0.002010 0.915503
4 4 0.154296 0.256877 0.025519 0.000217 0.563091
4 4 0.036351 0.022610 0.010705 0.001690 0.928644
4 4 0.055626 0.009871 0.004255 0.001736 0.928511
4 4 0.014646 0.055359 0.038519 0.002202 0.889273
4 4 0.040339 0.023038 0.009664 0.001365 0.925595
4 4 0.005326 0.050881 0.081138 0.006972 0.855683
4 4 0.002712 0.084200 0.152560 0.005444 0.755084
4 4 0.004219 0.073854 0.130703 0.008070 0.783154
4 4 0.005658 0.054127 0.096918 0.010576 0.832722
4 4 0.004410 0.035586 0.072951 0.010308 0.876745
4 4 0.005985 0.069717 0.114704 0.009601 0.799993
4 4 0.004053 0.049967 0.103926 0.010776 0.831279
4 4 0.007008 0.050197 0.051303 0.002711 0.888781
4 4 0.002693 0.043041 0.066572 0.002792 0.884902
4 4 0.005011 0.076177 0.124146 0.007847 0.786819
4 4 0.002919 0.087544 0.130993 0.003471 0.775073
4 4 0.005407 0.021991 0.036170 0.006142 0.930290
4 4 0.004012 0.094322 0.167927 0.008451 0.725288
4 4 0.003638 0.104896 0.180700 0.004821 0.705945
4 4 0.004867 0.061217 0.138122 0.017925 0.777869
4 4 0.002986 0.116716 0.219034 0.002294 0.658971
4 4 0.004494 0.105437 0.134432 0.003842 0.751796
4 4 0.003120 0.106823 0.185583 0.002995 0.701479
4 4 0.003617 0.102913 0.273792 0.014799 0.604878
4 4 0.003241 0.090139 0.201376 0.011965 0.693280
2 4 0.017823 0.260571 0.436336 0.005777 0.279494
2 2 0.020923 0.325710 0.425522 0.001577 0.226268
2 2 0.006328 0.201525 0.414882 0.001979 0.375286
2 2 0.017668 0.276869 0.425860 0.003540 0.276063
2 2 0.021206 0.292383 0.364937 0.003258 0.318216
4 2 0.005702 0.180572 0.356849 0.002428 0.454448
4 2 0.004731 0.154065 0.284574 0.002577 0.554054
2 2 0.005543 0.190980 0.415846 0.001986 0.385645
2 2 0.017264 0.319415 0.401577 0.001061 0.260682
2 2 0.008597 0.190280 0.405645 0.006591 0.388887
2 2 0.007352 0.208902 0.421570 0.002392 0.359783
2 2 0.035779 0.346484 0.354999 0.003453 0.259285
1 2 0.045392 0.420198 0.275719 0.000958 0.257733
4 2 0.020498 0.258071 0.252256 0.003637 0.465537
1 2 0.045504 0.400463 0.318112 0.001739 0.234182
2 2 0.017382 0.288658 0.381242 0.002214 0.310504
1 2 0.031187 0.427191 0.312891 0.000369 0.228361
2 2 0.021481 0.377198 0.437674 0.000472 0.163175
4 2 0.017413 0.328654 0.321711 0.000659 0.331564
2 2 0.018448 0.321532 0.348134 0.001027 0.310860
2 2 0.000004 0.002457 0.996173 0.001081 0.000285
2 2 0.000022 0.005645 0.992711 0.001149 0.000473
2 2 0.000019 0.005172 0.987468 0.005852 0.001490
2 2 0.000220 0.018566 0.977228 0.002407 0.001579
2 2 0.000021 0.005516 0.987479 0.005507 0.001477
2 2 0.000001 0.001039 0.996992 0.001719 0.000249
2 2 0.000001 0.001133 0.996815 0.001783 0.000268
2 2 0.000004 0.002210 0.994954 0.002356 0.000476
2 2 0.000001 0.000831 0.997731 0.001262 0.000175
2 2 0.000002 0.001786 0.995554 0.002249 0.000409
2 2 0.000000 0.000725 0.997365 0.001706 0.000203
2 2 0.000007 0.003069 0.990871 0.005051 0.001001
2 2 0.000000 0.000409 0.996512 0.002863 0.000216
2 2 0.000001 0.000883 0.996699 0.002149 0.000268
2 2 0.000004 0.002239 0.990675 0.006114 0.000967
2 2 0.000002 0.001421 0.988253 0.009301 0.001024
2 2 0.000000 0.000615 0.993081 0.005847 0.000457
2 2 0.000000 0.000217 0.998451 0.001249 0.000083
2 2 0.000000 0.000432 0.995609 0.003692 0.000268
2 2 0.000000 0.000670 0.990227 0.008473 0.000630
2 2 0.000005 0.000434 0.683317 0.316001 0.000242
2 2 0.000004 0.000443 0.645314 0.353762 0.000477
2 2 0.000002 0.000455 0.818943 0.180039 0.000561
2 2 0.000007 0.000769 0.762698 0.235829 0.000697
2 2 0.000011 0.000745 0.638045 0.360606 0.000594
3 2 0.000046 0.000920 0.410779 0.587723 0.000531
3 2 0.000004 0.000184 0.412218 0.587393 0.000201
3 2 0.000004 0.000212 0.409243 0.590242 0.000299
3 2 0.000011 0.000366 0.342682 0.656464 0.000476
3 2 0.000008 0.000218 0.299960 0.699555 0.000259
3 2 0.000065 0.000486 0.145477 0.853296 0.000676
3 2 0.000060 0.000552 0.178242 0.820564 0.000581
3 2 0.000038 0.000332 0.134919 0.864178 0.000534
3 2 0.000073 0.000322 0.080606 0.918469 0.000530
3 2 0.000048 0.000292 0.127457 0.871938 0.000265
3 3 0.000034 0.000272 0.112855 0.886383 0.000456
3 3 0.000060 0.000215 0.053242 0.945971 0.000512
3 3 0.000103 0.000311 0.052933 0.945980 0.000673
3 3 0.000033 0.000387 0.198868 0.800255 0.000457
3 3 0.000072 0.000206 0.042872 0.956301 0.000549
3 3 0.000330 0.000253 0.015801 0.982504 0.001112
3 3 0.000227 0.000349 0.033984 0.964316 0.001125
3 3 0.000222 0.000255 0.024542 0.974192 0.000788
3 3 0.000134 0.000117 0.013020 0.986116 0.000613
3 3 0.000117 0.000169 0.024459 0.974624 0.000632
3 3 0.000225 0.000169 0.012233 0.986489 0.000885
3 3 0.000271 0.000184 0.012390 0.986141 0.001015
3 3 0.000254 0.000152 0.010617 0.988129 0.000847
3 3 0.000124 0.000070 0.006873 0.992401 0.000532
3 3 0.000180 0.000158 0.012216 0.986478 0.000968
3 3 0.000148 0.000091 0.008161 0.990966 0.000634
3 3 0.000091 0.000034 0.004077 0.995493 0.000306
3 3 0.000159 0.000077 0.006859 0.992340 0.000565
3 3 0.000143 0.000097 0.008685 0.990378 0.000697
3 3 0.000243 0.000124 0.008836 0.990005 0.000792
3 3 0.000250 0.000172 0.011774 0.986825 0.000979
3 3 0.000282 0.000194 0.014112 0.984541 0.000871
3 3 0.000122 0.000055 0.005577 0.993802 0.000444
3 3 0.000172 0.000066 0.005721 0.993485 0.000555
3 3 0.000051 0.000031 0.004760 0.994876 0.000281
3 3 0.000109 0.000038 0.004197 0.995275 0.000380
3 3 0.000343 0.000176 0.010593 0.987866 0.001022
3 3 0.000146 0.000043 0.003997 0.995300 0.000513
3 3 0.000305 0.000161 0.010226 0.988357 0.000951
3 3 0.000218 0.000089 0.006855 0.992176 0.000662
3 3 0.000145 0.000040 0.003941 0.995493 0.000380
3 3 0.000194 0.000059 0.004779 0.994379 0.000589
3 3 0.000248 0.000097 0.006703 0.992065 0.000886
3 3 0.000150 0.000044 0.004123 0.995217 0.000466
3 3 0.000291 0.000121 0.008092 0.990720 0.000776
3 3 0.000093 0.000026 0.003217 0.996385 0.000278
3 3 0.000104 0.000032 0.003628 0.995920 0.000316
3 3 0.000206 0.000068 0.005333 0.993764 0.000629
3 3 0.000107 0.000030 0.003408 0.996135 0.000319
3 3 0.000201 0.000069 0.005500 0.993626 0.000605
3 3 0.000231 0.000072 0.005450 0.993643 0.000604
3 3 0.000206 0.000059 0.004735 0.994430 0.000569
3 3 0.000153 0.000073 0.006372 0.992759 0.000644
3 3 0.000254 0.000057 0.004144 0.994905 0.000640
3 3 0.000169 0.000083 0.007166 0.991987 0.000595
3 3 0.000162 0.000081 0.007105 0.992052 0.000600
3 3 0.000419 0.000133 0.007356 0.991077 0.001015
3 3 0.000142 0.000046 0.004506 0.994917 0.000389
3 3 0.000328 0.000113 0.007046 0.991648 0.000866
3 3 0.000183 0.000069 0.005649 0.993473 0.000627
3 3 0.000189 0.000056 0.004913 0.994420 0.000422
3 3 0.000163 0.000052 0.004674 0.994628 0.000483
3 3 0.000113 0.000030 0.003277 0.996259 0.000321
3 3 0.000183 0.000069 0.005869 0.993338 0.000541
3 3 0.000202 0.000063 0.005198 0.994024 0.000513
3 3 0.000187 0.000080 0.006716 0.992445 0.000572
3 3 0.000152 0.000051 0.004691 0.994618 0.000489
3 3 0.000094 0.000027 0.003196 0.996380 0.000304
3 3 0.000165 0.000046 0.004258 0.995108 0.000422
3 3 0.000111 0.000033 0.003757 0.995784 0.000314
3 3 0.000208 0.000060 0.004876 0.994335 0.000521
3 3 0.000264 0.000071 0.005001 0.993966 0.000697
3 3 0.000174 0.000045 0.003963 0.995370 0.000449
3 3 0.000141 0.000034 0.003407 0.996043 0.000374
3 3 0.000183 0.000083 0.006998 0.992179 0.000557
3 3 0.000365 0.000061 0.004058 0.995050 0.000466
3 3 0.000270 0.000045 0.003584 0.995753 0.000349
3 3 0.000372 0.000058 0.003861 0.995243 0.000466
3 3 0.000369 0.000064 0.004324 0.994796 0.000447
3 3 0.000435 0.000103 0.006211 0.992649 0.000601
3 3 0.000390 0.000061 0.003975 0.995128 0.000447
3 3 0.000297 0.000050 0.003663 0.995561 0.000429
3 3 0.000463 0.000080 0.004723 0.994158 0.000577
3 3 0.000627 0.000121 0.006120 0.992396 0.000736
3 3 0.000482 0.000074 0.004318 0.994591 0.000535
3 3 0.000345 0.000132 0.008716 0.990211 0.000595
3 3 0.000439 0.000079 0.004566 0.994221 0.000696
3 3 0.000530 0.000093 0.005002 0.993671 0.000705
3 3 0.001050 0.000424 0.015534 0.981411 0.001581
3 3 0.003351 0.001310 0.027255 0.964827 0.003258
3 0 0.080392 0.025801 0.122432 0.761947 0.009428
2 0 0.037520 0.070885 0.464017 0.406233 0.021345
2 2 0.014073 0.075713 0.534729 0.339809 0.035676
2 2 0.011402 0.062477 0.468916 0.417166 0.040040
3 2 0.166799 0.100043 0.267088 0.423544 0.042526
0 2 0.741945 0.107429 0.013767 0.000501 0.136358
1 2 0.300513 0.376128 0.058125 0.000843 0.264391
0 2 0.408129 0.271341 0.051340 0.001830 0.267360
0 2 0.733509 0.111011 0.033141 0.006548 0.115791
0 2 0.581625 0.129982 0.031094 0.004291 0.253009
0 2 0.480789 0.177813 0.042080 0.004127 0.295191
4 2 0.090037 0.336029 0.147716 0.007315 0.418902
4 2 0.045294 0.347046 0.228098 0.003005 0.376557
2 2 0.029144 0.259964 0.361720 0.017113 0.332059
0 2 0.507129 0.152745 0.044558 0.008014 0.287554
0 2 0.592721 0.133037 0.033465 0.004904 0.235873
4 2 0.043777 0.315762 0.146663 0.001914 0.491884
4 2 0.047118 0.330405 0.204454 0.003759 0.414265
4 2 0.032091 0.309251 0.162655 0.001242 0.494760
4 2 0.032648 0.313960 0.173862 0.001381 0.478148
4 2 0.030348 0.295382 0.201974 0.002496 0.469799
4 2 0.040830 0.307021 0.215871 0.004914 0.431365
0 2 0.595617 0.154340 0.039909 0.005038 0.205096
4 2 0.018420 0.214780 0.170166 0.003646 0.592988
4 2 0.025390 0.139025 0.102000 0.006413 0.727172
4 2 0.003204 0.090646 0.149703 0.005187 0.751260
4 2 0.005312 0.042175 0.064851 0.005940 0.881723
4 4 0.007271 0.026254 0.045545 0.010500 0.910431
4 4 0.009748 0.027394 0.049419 0.016618 0.896821
4 4 0.007668 0.034417 0.044676 0.005307 0.907932
4 4 0.011156 0.039923 0.053604 0.009346 0.885972
4 4 0.008924 0.051935 0.082262 0.012447 0.844433
4 4 0.004201 0.047367 0.091068 0.008835 0.848529
4 4 0.009636 0.049692 0.073758 0.011162 0.855752
4 4 0.009051 0.075142 0.142235 0.023724 0.749847
4 4 0.019576 0.068562 0.080985 0.014556 0.816321
4 4 0.007530 0.042740 0.069380 0.010369 0.869981
4 4 0.007671 0.037375 0.042234 0.003677 0.909043
4 4 0.019278 0.205982 0.234692 0.011887 0.528161
4 4 0.003752 0.104300 0.200951 0.007146 0.683851
4 4 0.003522 0.093387 0.176944 0.008681 0.717467
4 4 0.004707 0.074381 0.116665 0.006496 0.797750
4 4 0.008853 0.045080 0.059628 0.007108 0.879331
4 4 0.006484 0.073975 0.111277 0.008311 0.799953
4 4 0.005962 0.048663 0.111855 0.022178 0.811342
0 4 0.472465 0.215584 0.040633 0.001930 0.269387
0 4 0.667647 0.164090 0.033280 0.002018 0.132965
0 4 0.680190 0.207430 0.020166 0.000171 0.092043
0 0 0.953929 0.016914 0.003167 0.000767 0.025224
0 2 0.652596 0.159823 0.022061 0.000661 0.164859
0 2 0.748674 0.111173 0.023831 0.002321 0.114001
0 2 0.890778 0.057055 0.007825 0.000382 0.043959
1 2 0.176456 0.410757 0.089359 0.002033 0.321396
0 2 0.984217 0.005830 0.002208 0.003034 0.004711
0 2 0.956399 0.023562 0.003570 0.000322 0.016146
0 2 0.745283 0.124200 0.037026 0.005768 0.087724
0 2 0.396252 0.368593 0.112727 0.005522 0.116906
0 2 0.733419 0.130823 0.025482 0.001672 0.108604
0 2 0.979052 0.007815 0.001453 0.000498 0.011182
0 2 0.967780 0.009588 0.002038 0.000996 0.019598
0 2 0.993987 0.000766 0.000115 0.000157 0.004975
0 2 0.995124 0.000911 0.000168 0.000258 0.003541
0 2 0.971941 0.010521 0.000987 0.000071 0.016479
0 2 0.993789 0.001885 0.000239 0.000087 0.004001
0 2 0.990042 0.003264 0.000513 0.000211 0.005970
4 2 0.017127 0.163386 0.153029 0.008724 0.657734
4 2 0.018611 0.325015 0.306036 0.000791 0.349548
4 2 0.005573 0.154925 0.306787 0.004624 0.528091
4 2 0.007242 0.175006 0.380663 0.006506 0.430583
4 2 0.013568 0.254097 0.307608 0.001969 0.422758
4 2 0.018767 0.334332 0.301103 0.000636 0.345162
4 2 0.008675 0.191819 0.307266 0.003871 0.488369
4 2 0.011381 0.269443 0.341460 0.000968 0.376747
4 2 0.012914 0.254841 0.331603 0.001938 0.398704
2 2 0.019947 0.372671 0.390017 0.000436 0.216928
4 2 0.013903 0.249056 0.342323 0.002951 0.391767
1 2 0.040722 0.413524 0.261883 0.000761 0.283110
4 2 0.010942 0.247121 0.311798 0.001353 0.428785
4 2 0.008249 0.207774 0.334655 0.002333 0.446988
4 2 0.010922 0.250026 0.324184 0.001337 0.413532
4 2 0.006197 0.191821 0.346822 0.001934 0.453225
4 2 0.010473 0.238682 0.312686 0.001534 0.436625
4 2 0.011362 0.229936 0.332454 0.002796 0.423452
1 2 0.280119 0.450241 0.079242 0.001050 0.189349
1 0 0.086047 0.407023 0.102883 0.000708 0.403340
2 2 0.010704 0.256960 0.651648 0.000856 0.079831
2 2 0.008793 0.212958 0.712043 0.001525 0.064680
2 2 0.004507 0.148430 0.812584 0.001262 0.033217
2 2 0.004507 0.121439 0.833259 0.005193 0.035602
2 2 0.000448 0.027912 0.960438 0.006410 0.004792
2 2 0.000549 0.037857 0.951217 0.003039 0.007338
2 2 0.000189 0.017184 0.970353 0.008461 0.003813
2 2 0.004958 0.158662 0.795304 0.001319 0.039757
2 2 0.000157 0.015637 0.975538 0.005896 0.002772
2 2 0.000178 0.016648 0.978048 0.003267 0.001860
2 2 0.000150 0.015235 0.978303 0.004188 0.002124
2 2 0.000096 0.012100 0.983122 0.003162 0.001520
2 2 0.000254 0.020020 0.972967 0.004255 0.002504
2 2 0.000094 0.011950 0.983427 0.003057 0.001472
2 2 0.000933 0.039020 0.948228 0.006718 0.005101
2 2 0.000120 0.013608 0.981143 0.003413 0.001716
2 2 0.001180 0.043959 0.940764 0.007929 0.006168
2 2 0.003246 0.095561 0.878221 0.004304 0.018668
2 2 0.009866 0.175484 0.752327 0.006681 0.055641
2 2 0.017161 0.247958 0.673230 0.002538 0.059113
2 2 0.000211 0.018168 0.961466 0.014346 0.005809
2 2 0.000039 0.007637 0.982076 0.007933 0.002314
2 2 0.000014 0.004411 0.991501 0.003200 0.000875
2 2 0.000005 0.002530 0.984853 0.011015 0.001597
2 2 0.000024 0.005954 0.985890 0.006409 0.001722
2 2 0.000344 0.023216 0.938155 0.027489 0.010796
2 2 0.000153 0.015407 0.968672 0.011321 0.004447
2 2 0.000035 0.007149 0.979896 0.010230 0.002691
2 2 0.000719 0.034136 0.949713 0.009382 0.006050
2 2 0.000027 0.006321 0.979232 0.011654 0.002766
2 2 0.000271 0.020599 0.948684 0.021916 0.008530
2 2 0.000015 0.003706 0.954514 0.039242 0.002523
2 2 0.000768 0.035228 0.940697 0.014717 0.008591
2 2 0.002330 0.061831 0.909716 0.014444 0.011679
2 2 0.000977 0.036886 0.902287 0.043666 0.016184
2 2 0.000291 0.020758 0.941423 0.028054 0.009474
2 2 0.000469 0.026690 0.888933 0.062315 0.021592
2 2 0.001093 0.036489 0.930153 0.024232 0.008033
2 2 0.000664 0.030387 0.896156 0.055003 0.017789
2 2 0.000773 0.035224 0.929549 0.022633 0.011821
2 2 0.000305 0.010387 0.909506 0.078273 0.001529
2 2 0.000819 0.020593 0.856267 0.116697 0.005623
2 2 0.000092 0.006018 0.911630 0.080779 0.001481
2 2 0.000841 0.020199 0.856149 0.117760 0.005051
2 2 0.000036 0.003104 0.890793 0.104524 0.001544
2 2 0.000266 0.009756 0.813140 0.172458 0.004379
2 2 0.000193 0.012345 0.948991 0.035297 0.003173
2 2 0.000685 0.020313 0.864647 0.107717 0.006639
2 2 0.000016 0.002981 0.948636 0.047119 0.001248
2 2 0.000126 0.005241 0.834412 0.158782 0.001439
2 2 0.000548 0.012054 0.783724 0.200697 0.002976
2 2 0.000436 0.011148 0.801441 0.184131 0.002845
2 2 0.000153 0.003748 0.720611 0.274237 0.001251
3 2 0.003582 0.013578 0.459900 0.520454 0.002486
2 2 0.010705 0.051562 0.717709 0.214715 0.005309
2 2 0.000837 0.012340 0.726563 0.257123 0.003138
2 2 0.002937 0.026296 0.805945 0.162383 0.002438
2 2 0.000444 0.007053 0.744004 0.247362 0.001137
2 2 0.000357 0.009581 0.840549 0.147914 0.001599
2 2 0.000879 0.011675 0.583436 0.399670 0.004340
2 2 0.000142 0.005779 0.866817 0.126196 0.001065
2 2 0.000046 0.001151 0.622571 0.375912 0.000320
2 2 0.000084 0.003934 0.811558 0.183222 0.001202
2 2 0.000197 0.005296 0.694528 0.298091 0.001889
3 2 0.000159 0.001719 0.430490 0.567046 0.000585
2 2 0.000031 0.001151 0.684636 0.313741 0.000440
2 2 0.000542 0.010756 0.776792 0.210072 0.001838
2 2 0.000386 0.010912 0.812073 0.173925 0.002703
2 2 0.000013 0.000839 0.749589 0.249236 0.000324
2 2 0.000152 0.003110 0.658239 0.337664 0.000834
2 2 0.000263 0.004461 0.650590 0.343695 0.000992
2 2 0.000067 0.001774 0.613903 0.383608 0.000648
3 2 0.000158 0.001860 0.460709 0.536777 0.000496
2 2 0.000261 0.003161 0.608401 0.387667 0.000510
3 2 0.000257 0.002508 0.372854 0.623448 0.000933
3 2 0.000146 0.001923 0.445549 0.551706 0.000676
2 2 0.000180 0.002633 0.551862 0.444697 0.000629
3 2 0.000060 0.000910 0.395398 0.603260 0.000371
3 2 0.000121 0.001798 0.449296 0.548070 0.000715
3 2 0.000307 0.003092 0.380878 0.614293 0.001430
3 2 0.000066 0.001121 0.431310 0.567028 0.000475
3 2 0.000084 0.001201 0.381475 0.616709 0.000530
3 2 0.000241 0.002481 0.334088 0.661703 0.001487
3 2 0.000103 0.002036 0.486678 0.510175 0.001008
3 2 0.000084 0.001423 0.379534 0.618086 0.000872
3 2 0.000447 0.002996 0.316280 0.678719 0.001559
3 2 0.000044 0.000667 0.308247 0.690575 0.000468
3 2 0.000127 0.001144 0.272223 0.725810 0.000697
3 2 0.000216 0.002310 0.317833 0.678011 0.001631
3 2 0.000396 0.002578 0.300864 0.694910 0.001252
3 2 0.000119 0.000891 0.168002 0.830073 0.000916
3 2 0.000029 0.000499 0.321884 0.677264 0.000325
3 2 0.000236 0.002135 0.320003 0.676431 0.001195
3 2 0.000290 0.002597 0.312033 0.683432 0.001648
3 2 0.000159 0.001735 0.316064 0.680900 0.001141
3 2 0.000172 0.000507 0.064034 0.934480 0.000808
3 2 0.000047 0.000737 0.305438 0.693260 0.000518
3 2 0.000098 0.001067 0.224246 0.773482 0.001107
3 2 0.000361 0.003447 0.326508 0.667217 0.002467
3 2 0.000176 0.001340 0.239066 0.758571 0.000847
3 2 0.000565 0.004309 0.330618 0.661746 0.002761
3 2 0.000157 0.000781 0.124940 0.873326 0.000796
3 2 0.000214 0.002074 0.325049 0.671289 0.001374
3 2 0.000035 0.000242 0.099627 0.899709 0.000387
3 2 0.000168 0.000962 0.172336 0.825798 0.000736
3 2 0.000155 0.000816 0.130036 0.868115 0.000879
3 2 0.000453 0.001785 0.142581 0.853179 0.002003
3 2 0.000126 0.001365 0.281078 0.716506 0.000925
3 2 0.000239 0.000706 0.086625 0.911537 0.000892
3 2 0.000048 0.000750 0.276143 0.722437 0.000622
3 2 0.000192 0.001538 0.228467 0.768615 0.001187
3 2 0.000442 0.002218 0.190332 0.805128 0.001880
3 2 0.000114 0.000980 0.226837 0.771330 0.000740
3 2 0.000229 0.000578 0.057644 0.940379 0.001169
3 2 0.000125 0.000769 0.146707 0.851586 0.000813
3 2 0.000147 0.000921 0.158530 0.839299 0.001103
3 2 0.000074 0.000532 0.163679 0.835244 0.000471
3 2 0.000146 0.000959 0.155310 0.842569 0.001016
3 2 0.000264 0.000768 0.080397 0.917480 0.001092
3 2 0.000325 0.001562 0.135323 0.860826 0.001964
3 3 0.000085 0.001036 0.246863 0.751036 0.000980
3 3 0.000314 0.001944 0.194337 0.801619 0.001785
3 3 0.000253 0.002244 0.284735 0.711228 0.001540
3 3 0.000052 0.000373 0.115456 0.883592 0.000527
3 3 0.000121 0.000567 0.085576 0.912675 0.001061
3 3 0.000283 0.000821 0.077920 0.919657 0.001319
3 3 0.000110 0.000314 0.049778 0.949104 0.000694
3 3 0.000196 0.000696 0.090591 0.907596 0.000921
3 3 0.000027 0.000169 0.082716 0.916731 0.000357
3 3 0.000245 0.000726 0.072225 0.925540 0.001264
3 3 0.000209 0.000729 0.082588 0.915326 0.001148
3 3 0.000132 0.000349 0.051134 0.947592 0.000793
3 3 0.000070 0.000355 0.081504 0.917350 0.000721
3 3 0.000047 0.000211 0.060766 0.938507 0.000469
3 3 0.000166 0.000433 0.050079 0.948358 0.000964
3 3 0.000093 0.000618 0.131810 0.866707 0.000773
3 3 0.000014 0.000042 0.025641 0.974138 0.000165
3 3 0.000059 0.000321 0.074023 0.924866 0.000732
3 3 0.000161 0.000272 0.029434 0.969252 0.000881
3 3 0.000105 0.000350 0.059205 0.939566 0.000774
3 3 0.000704 0.000935 0.051346 0.945583 0.001432
3 3 0.000714 0.001101 0.075538 0.921340 0.001307
3 3 0.001215 0.001399 0.060570 0.935090 0.001726
3 3 0.001448 0.000521 0.017339 0.979289 0.001403
3 3 0.001220 0.000473 0.017443 0.979719 0.001145
3 3 0.001683 0.001885 0.063998 0.929916 0.002518
3 3 0.003065 0.001080 0.024132 0.969063 0.002660
3 3 0.001252 0.000398 0.014780 0.982526 0.001043
3 3 0.000580 0.000295 0.020336 0.978162 0.000627
3 3 0.002185 0.000652 0.018281 0.977335 0.001547
3 3 0.014005 0.007728 0.080043 0.891134 0.007090
3 3 0.010314 0.005153 0.059409 0.917430 0.007694
3 3 0.028589 0.021561 0.146441 0.784710 0.018699
2 3 0.135031 0.253164 0.547430 0.044825 0.019550
3 3 0.010253 0.039813 0.393490 0.530271 0.026172
2 3 0.019866 0.144871 0.664707 0.104967 0.065589
3 3 0.011749 0.040195 0.368707 0.554012 0.025337
0 0 0.789487 0.098224 0.058241 0.028185 0.025862
0 0 0.644901 0.174831 0.120014 0.038260 0.021993
0 2 0.358987 0.281556 0.267743 0.042244 0.049470
4 2 0.006707 0.136413 0.235638 0.009607 0.611635
4 2 0.009468 0.101927 0.293993 0.086503 0.508110
4 2 0.009796 0.121490 0.265469 0.048633 0.554613
4 2 0.020398 0.209304 0.268969 0.016791 0.484538
4 2 0.011236 0.160938 0.257847 0.016833 0.553146
4 2 0.009244 0.097617 0.235051 0.054890 0.603198
4 2 0.007582 0.051652 0.117996 0.029328 0.793442
4 2 0.020864 0.051058 0.079193 0.031168 0.817717
0 2 0.690881 0.101478 0.035569 0.012264 0.159808
4 2 0.052411 0.040881 0.026049 0.006908 0.873752
4 4 0.012179 0.056405 0.128615 0.052223 0.750578
4 4 0.007893 0.065561 0.187395 0.064496 0.674654
4 4 0.006234 0.112537 0.251805 0.029588 0.599836
4 4 0.009726 0.057850 0.123138 0.033135 0.776151
4 4 0.005141 0.110947 0.228429 0.015824 0.639658
4 4 0.042157 0.021185 0.022981 0.020148 0.893529
