2 0 0.162027 0.167472 0.514201 0.152230 0.004069
2 0 0.170543 0.176814 0.498364 0.149493 0.004786
0 0 0.695553 0.165250 0.106845 0.006943 0.025409
0 0 0.450586 0.244746 0.248533 0.028287 0.027849
0 0 0.812087 0.040419 0.063916 0.018515 0.065063
0 0 0.627196 0.113441 0.162156 0.045791 0.051417
0 0 0.503255 0.244276 0.188469 0.032116 0.031883
0 0 0.504427 0.133245 0.237512 0.073539 0.051277
0 0 0.847349 0.102441 0.029371 0.000849 0.019990
1 1 0.074411 0.556515 0.333695 0.003562 0.031817
2 1 0.032518 0.381364 0.528448 0.006838 0.050832
2 1 0.020870 0.219035 0.685318 0.022305 0.052472
2 1 0.035728 0.375971 0.544894 0.006055 0.037352
2 1 0.018869 0.180004 0.738916 0.027546 0.034665
2 1 0.011127 0.109545 0.836456 0.026423 0.016449
2 1 0.025132 0.206290 0.683791 0.033399 0.051389
2 1 0.028802 0.141746 0.732338 0.068405 0.028710
2 1 0.009109 0.071872 0.875594 0.033744 0.009682
2 2 0.009400 0.104294 0.840728 0.025609 0.019968
2 2 0.004124 0.056141 0.908580 0.021536 0.009619
1 2 0.276907 0.404384 0.239910 0.030898 0.047901
0 4 0.397977 0.142805 0.280235 0.140929 0.038054
0 4 0.683441 0.121814 0.113711 0.016266 0.064768
0 4 0.666740 0.147561 0.123694 0.020407 0.041598
0 4 0.618931 0.141459 0.139277 0.032527 0.067806
0 4 0.639431 0.147403 0.128312 0.020326 0.064528
0 4 0.432884 0.162055 0.272947 0.083923 0.048190
1 4 0.057963 0.430808 0.406508 0.015569 0.089152
2 4 0.034828 0.371012 0.437635 0.017606 0.138919
2 4 0.022225 0.238334 0.646259 0.025477 0.067705
2 4 0.021318 0.145932 0.677596 0.096823 0.058330
0 4 0.670809 0.149403 0.112790 0.012074 0.054924
0 4 0.655634 0.149706 0.105715 0.020895 0.068050
0 4 0.582369 0.186726 0.162832 0.026349 0.041723
0 4 0.480098 0.265883 0.192256 0.028001 0.033762
1 4 0.307498 0.335412 0.279275 0.020867 0.056948
1 4 0.254652 0.360340 0.303991 0.022791 0.058227
0 4 0.385174 0.303908 0.233823 0.024865 0.052230
0 0 0.657379 0.207498 0.083471 0.007142 0.044510
0 0 0.609161 0.143197 0.167443 0.030753 0.049446
0 0 0.420035 0.160000 0.217211 0.103159 0.099595
0 0 0.517743 0.185713 0.163436 0.014067 0.119040
2 0 0.126994 0.311679 0.339647 0.023204 0.198477
1 0 0.068749 0.412415 0.358004 0.009683 0.151149
2 0 0.083837 0.372811 0.387293 0.017475 0.138584
2 0 0.194073 0.298684 0.380610 0.019208 0.107425
0 0 0.561522 0.223965 0.081124 0.004793 0.128597
0 0 0.616849 0.123444 0.148393 0.048275 0.063040
0 0 0.479929 0.229494 0.103234 0.003795 0.183548
2 0 0.114661 0.231812 0.355353 0.024913 0.273261
1 0 0.100266 0.391542 0.369247 0.028311 0.110634
2 0 0.110785 0.354384 0.382580 0.033086 0.119165
2 0 0.041796 0.376363 0.432947 0.015459 0.133436
2 0 0.172256 0.345321 0.363658 0.029754 0.089011
1 0 0.116193 0.354949 0.336760 0.020113 0.171985
2 1 0.020024 0.372196 0.429285 0.010325 0.168171
2 4 0.013769 0.285164 0.534139 0.014795 0.152133
2 4 0.002431 0.156291 0.762583 0.003908 0.074786
2 4 0.055718 0.246397 0.565298 0.075310 0.057277
2 4 0.133521 0.256048 0.474951 0.050598 0.084882
2 4 0.176534 0.197981 0.470792 0.104709 0.049983
2 4 0.035131 0.294909 0.548657 0.030128 0.091175
2 4 0.034085 0.223921 0.512895 0.029192 0.199908
2 4 0.014586 0.272760 0.568466 0.015392 0.128796
2 4 0.007899 0.146014 0.703811 0.036600 0.105677
2 4 0.018467 0.232787 0.517371 0.015819 0.215556
2 4 0.034075 0.174832 0.543884 0.023153 0.224056
2 4 0.004547 0.225812 0.485551 0.008775 0.275316
2 4 0.006833 0.229838 0.591381 0.010094 0.161854
2 2 0.011022 0.224557 0.594450 0.021643 0.148329
2 2 0.017403 0.233807 0.619711 0.022676 0.106403
2 2 0.008535 0.226621 0.543560 0.016236 0.205048
2 2 0.006365 0.217334 0.539350 0.012890 0.224061
2 2 0.015208 0.167483 0.627382 0.066214 0.123714
2 2 0.008184 0.100908 0.718254 0.088941 0.083713
2 2 0.006659 0.131575 0.740845 0.032855 0.088065
2 2 0.010130 0.063136 0.769313 0.133409 0.024013
2 2 0.026395 0.089514 0.569350 0.268626 0.046114
2 2 0.012881 0.059121 0.567488 0.319798 0.040712
2 2 0.003639 0.021186 0.746676 0.221278 0.007220
2 2 0.000451 0.002141 0.733807 0.263389 0.000212
2 2 0.000151 0.001234 0.723664 0.274729 0.000222
2 2 0.005963 0.028414 0.755152 0.202983 0.007489
2 2 0.000431 0.001762 0.583920 0.413640 0.000246
2 2 0.000471 0.004177 0.882266 0.112622 0.000464
2 2 0.005147 0.016920 0.550538 0.421588 0.005807
2 2 0.000125 0.000796 0.659424 0.339558 0.000096
2 2 0.000181 0.000783 0.547365 0.451576 0.000095
2 2 0.000607 0.002066 0.543634 0.453398 0.000296
2 2 0.000203 0.001250 0.711760 0.286644 0.000142
2 2 0.001194 0.003793 0.585511 0.408939 0.000563
2 2 0.000091 0.001100 0.831001 0.167676 0.000132
3 2 0.000176 0.000582 0.270268 0.728824 0.000150
2 2 0.000148 0.001162 0.716724 0.281804 0.000162
3 2 0.000210 0.000781 0.422969 0.575904 0.000137
3 3 0.000233 0.000783 0.374679 0.624179 0.000127
3 3 0.000116 0.000404 0.235053 0.764297 0.000130
3 3 0.000077 0.000258 0.205998 0.793606 0.000062
3 3 0.000009 0.000044 0.250262 0.749679 0.000006
3 3 0.000279 0.000831 0.270906 0.727790 0.000195
3 3 0.000151 0.000417 0.136464 0.862788 0.000180
3 3 0.001049 0.002265 0.164911 0.830621 0.001155
3 3 0.000292 0.000697 0.125570 0.873119 0.000323
3 3 0.000090 0.000318 0.242474 0.757040 0.000078
3 3 0.000175 0.000500 0.167449 0.831691 0.000184
3 3 0.000078 0.000236 0.135240 0.864357 0.000088
3 3 0.000059 0.000202 0.158829 0.840835 0.000076
3 3 0.000212 0.000475 0.090353 0.908725 0.000234
3 3 0.000087 0.000209 0.073611 0.925995 0.000098
3 3 0.000491 0.000990 0.099542 0.898453 0.000523
3 3 0.000032 0.000095 0.085437 0.914397 0.000039
3 3 0.000040 0.000077 0.028664 0.971179 0.000041
3 3 0.007246 0.012593 0.262109 0.713572 0.004480
3 3 0.067403 0.084846 0.415970 0.420763 0.011018
3 3 0.056234 0.068719 0.300568 0.557667 0.016812
3 3 0.014320 0.021735 0.196927 0.752984 0.014034
3 3 0.001726 0.003679 0.196187 0.796511 0.001898
3 3 0.001618 0.004646 0.471712 0.520919 0.001105
3 2 0.000461 0.001423 0.360812 0.636989 0.000316
2 2 0.007428 0.016231 0.633520 0.341373 0.001448
0 2 0.716431 0.127329 0.099815 0.014440 0.041985
0 4 0.470860 0.164175 0.245111 0.078466 0.041388
0 4 0.442401 0.154082 0.270473 0.094060 0.038984
2 4 0.040441 0.235257 0.553789 0.078655 0.091859
3 4 0.011414 0.041043 0.415846 0.501862 0.029836
2 4 0.035982 0.089317 0.558578 0.287586 0.028538
0 4 0.607244 0.125729 0.162779 0.050602 0.053646
0 4 0.437901 0.134223 0.276270 0.101592 0.050012
0 4 0.540553 0.132225 0.193933 0.077328 0.055960
0 4 0.415468 0.194169 0.253335 0.093965 0.043063
0 4 0.460069 0.194885 0.255440 0.045757 0.043848
0 4 0.329293 0.233181 0.304841 0.098046 0.034639
2 4 0.170510 0.305513 0.425944 0.037240 0.060794
2 4 0.300528 0.247999 0.346457 0.042404 0.062612
0 4 0.392936 0.289997 0.244066 0.041146 0.031856
0 4 0.517261 0.206582 0.189920 0.042090 0.044147
1 1 0.118815 0.366536 0.261116 0.011844 0.241689
2 1 0.032217 0.191825 0.666915 0.058094 0.050950
2 1 0.031135 0.160918 0.625210 0.115582 0.067155
2 1 0.103077 0.355942 0.470741 0.032041 0.038200
2 1 0.023955 0.217155 0.634790 0.044153 0.079947
2 2 0.006949 0.048395 0.612643 0.295003 0.037010
2 2 0.011847 0.061041 0.735359 0.170106 0.021646
2 2 0.050159 0.151596 0.599168 0.167535 0.031543
2 2 0.124079 0.314670 0.449437 0.070572 0.041241
2 2 0.092002 0.314180 0.506453 0.035263 0.052101
2 2 0.038287 0.223423 0.655314 0.037938 0.045037
2 4 0.042076 0.208060 0.572560 0.037732 0.139572
2 4 0.050492 0.212315 0.601761 0.043220 0.092211
2 4 0.078129 0.320405 0.434756 0.018829 0.147881
2 4 0.021374 0.199625 0.425055 0.014714 0.339232
2 4 0.024060 0.306224 0.498263 0.022670 0.148783
2 4 0.014052 0.241356 0.458997 0.016811 0.268785
2 4 0.017514 0.196522 0.529881 0.071131 0.184952
2 4 0.010569 0.259167 0.626115 0.008485 0.095663
2 4 0.017760 0.338887 0.479761 0.011423 0.152168
2 4 0.025854 0.295115 0.465444 0.018506 0.195081
2 4 0.023598 0.256523 0.574141 0.031019 0.114720
2 4 0.031561 0.203289 0.518462 0.027297 0.219391
2 4 0.017555 0.276514 0.558929 0.020095 0.126907
4 4 0.188064 0.083365 0.116146 0.039355 0.573070
4 4 0.090013 0.135810 0.275011 0.095902 0.403264
2 4 0.008306 0.224108 0.458613 0.021447 0.287526
4 4 0.051205 0.141761 0.293179 0.078551 0.435305
4 4 0.090495 0.106839 0.186692 0.063163 0.552811
4 4 0.101291 0.098408 0.150168 0.029390 0.620743
4 4 0.080606 0.109575 0.162806 0.046366 0.600648
2 4 0.027280 0.228091 0.362104 0.066377 0.316149
2 4 0.011347 0.224321 0.426033 0.032115 0.306184
4 4 0.031096 0.222775 0.261779 0.036322 0.448027
4 4 0.026766 0.171294 0.368937 0.043854 0.389149
4 4 0.079948 0.122764 0.198806 0.038162 0.560319
4 4 0.075743 0.149307 0.216460 0.037945 0.520545
2 4 0.011543 0.218204 0.470728 0.036677 0.262848
4 4 0.009876 0.258565 0.318532 0.019662 0.393365
2 4 0.016150 0.215078 0.404317 0.049916 0.314539
2 4 0.011841 0.209535 0.450748 0.043181 0.284695
4 4 0.019261 0.187035 0.349767 0.030887 0.413051
2 4 0.013761 0.181628 0.516903 0.040658 0.247051
4 4 0.050839 0.141725 0.348627 0.061128 0.397681
4 4 0.004224 0.241973 0.340018 0.007320 0.406464
2 4 0.009071 0.195327 0.547029 0.030653 0.217921
2 4 0.010019 0.143423 0.632313 0.073410 0.140835
2 4 0.008119 0.221336 0.476149 0.019909 0.274486
2 4 0.023738 0.158810 0.456148 0.050764 0.310539
2 4 0.005879 0.233507 0.397741 0.013419 0.349453
2 4 0.006105 0.232266 0.376510 0.016737 0.368383
4 4 0.007815 0.210302 0.371804 0.014888 0.395191
4 4 0.024667 0.168261 0.310466 0.040954 0.455652
4 4 0.050399 0.124889 0.223290 0.046200 0.555222
4 4 0.014786 0.183504 0.355315 0.023717 0.422679
2 4 0.007203 0.232415 0.439489 0.014805 0.306089
2 4 0.003258 0.206124 0.472617 0.008362 0.309639
2 4 0.015080 0.171251 0.557808 0.084349 0.171511
2 4 0.012494 0.225165 0.469553 0.033836 0.258951
2 4 0.011981 0.181696 0.509478 0.078403 0.218443
2 4 0.064200 0.186252 0.544143 0.065530 0.139873
2 4 0.019141 0.260149 0.560636 0.028676 0.131399
2 4 0.021041 0.203077 0.470484 0.090245 0.215153
2 4 0.031017 0.185788 0.494980 0.137048 0.151166
2 4 0.020991 0.133140 0.705863 0.091447 0.048560
2 4 0.029046 0.224736 0.617514 0.047728 0.080976
2 4 0.162491 0.129274 0.433291 0.231162 0.043781
0 4 0.629475 0.142484 0.133869 0.033984 0.060188
2 4 0.064527 0.260534 0.543027 0.070361 0.061551
0 4 0.329739 0.180993 0.325045 0.098557 0.065665
0 4 0.543186 0.155643 0.153486 0.053807 0.093877
2 4 0.083184 0.213244 0.568216 0.104370 0.030985
2 4 0.248957 0.226842 0.356286 0.120879 0.047037
2 4 0.022016 0.152538 0.705700 0.072019 0.047726
2 4 0.023935 0.104458 0.748925 0.100258 0.022424
2 4 0.012637 0.027619 0.562696 0.391046 0.006003
0 4 0.345715 0.149575 0.289599 0.174052 0.041059
0 4 0.409968 0.166996 0.270365 0.092237 0.060434
2 4 0.078881 0.214316 0.519872 0.139695 0.047236
2 4 0.033593 0.162617 0.646752 0.108037 0.049001
2 4 0.051061 0.148158 0.604478 0.162798 0.033505
0 4 0.386747 0.160617 0.278726 0.115268 0.058642
2 4 0.233756 0.171632 0.396556 0.139811 0.058244
0 4 0.549977 0.141740 0.197683 0.055845 0.054754
3 4 0.035959 0.078796 0.403749 0.435958 0.045538
2 4 0.006908 0.038187 0.683693 0.252534 0.018677
2 4 0.003321 0.044063 0.748028 0.168605 0.035984
2 4 0.000347 0.004628 0.830140 0.163541 0.001343
2 4 0.000075 0.001622 0.873868 0.124101 0.000334
2 2 0.000273 0.004185 0.861888 0.132705 0.000948
2 2 0.000149 0.003210 0.897007 0.098781 0.000852
2 2 0.000166 0.002909 0.900507 0.095886 0.000532
2 2 0.000323 0.003742 0.810396 0.184623 0.000915
2 2 0.000042 0.000611 0.756648 0.242583 0.000116
2 2 0.000441 0.003350 0.689311 0.306008 0.000890
2 2 0.000173 0.003241 0.861916 0.133818 0.000852
2 2 0.000077 0.000592 0.672331 0.326930 0.000070
2 2 0.000152 0.002249 0.804537 0.192500 0.000562
3 2 0.000044 0.000179 0.267980 0.731760 0.000038
2 2 0.000111 0.001145 0.728881 0.269629 0.000234
2 3 0.000152 0.000950 0.586266 0.412466 0.000167
3 3 0.000140 0.000525 0.340946 0.658287 0.000103
3 3 0.000127 0.000531 0.311661 0.687546 0.000134
3 3 0.000662 0.001892 0.308586 0.688264 0.000597
2 3 0.058724 0.082396 0.448483 0.397258 0.013140
3 3 0.002438 0.005015 0.232569 0.757960 0.002018
3 3 0.018111 0.020821 0.135731 0.815842 0.009496
3 2 0.046379 0.066411 0.322086 0.539764 0.025359
3 2 0.003420 0.010122 0.346687 0.634349 0.005423
2 2 0.000588 0.003692 0.714427 0.280569 0.000724
2 2 0.040353 0.068909 0.562348 0.317994 0.010395
2 2 0.006262 0.047900 0.758127 0.166527 0.021184
2 2 0.008005 0.018604 0.565771 0.403958 0.003662
2 2 0.000555 0.005569 0.847177 0.145560 0.001140
2 2 0.000561 0.002255 0.556658 0.440190 0.000336
2 2 0.000954 0.004612 0.689811 0.303923 0.000700
3 2 0.000969 0.002939 0.433458 0.561905 0.000728
3 2 0.000554 0.001744 0.401833 0.595490 0.000380
3 2 0.000283 0.000853 0.300372 0.698323 0.000169
3 2 0.000294 0.001033 0.463478 0.535053 0.000143
3 2 0.000274 0.000876 0.337991 0.660690 0.000169
3 3 0.000240 0.000805 0.306544 0.692206 0.000204
3 3 0.000223 0.000625 0.166760 0.832122 0.000269
3 3 0.000282 0.000686 0.128290 0.870420 0.000322
3 3 0.000117 0.000257 0.066300 0.933198 0.000127
3 3 0.000034 0.000079 0.042140 0.957709 0.000038
3 3 0.000277 0.000559 0.076906 0.921963 0.000294
3 3 0.000133 0.000297 0.073818 0.925607 0.000146
3 3 0.000017 0.000045 0.042556 0.957362 0.000020
3 3 0.000102 0.000222 0.059871 0.939694 0.000111
3 3 0.000070 0.000125 0.029176 0.970559 0.000070
3 3 0.000011 0.000025 0.024432 0.975520 0.000012
3 3 0.000013 0.000028 0.023570 0.976374 0.000014
3 3 0.000114 0.000170 0.022600 0.977009 0.000107
3 3 0.000014 0.000031 0.025633 0.974307 0.000015
3 3 0.000050 0.000070 0.012451 0.987383 0.000046
3 3 0.000007 0.000016 0.018485 0.981485 0.000008
3 3 0.000045 0.000058 0.009710 0.990146 0.000040
3 3 0.000020 0.000037 0.018574 0.981348 0.000020
3 3 0.000020 0.000029 0.009565 0.990367 0.000018
3 3 0.000027 0.000041 0.012150 0.987755 0.000026
3 3 0.000017 0.000026 0.010240 0.989701 0.000016
3 3 0.000006 0.000009 0.006212 0.993767 0.000006
3 3 0.000024 0.000039 0.014338 0.985575 0.000023
3 3 0.000002 0.000003 0.003986 0.996007 0.000002
3 3 0.000024 0.000031 0.007426 0.992497 0.000021
3 3 0.000007 0.000009 0.004457 0.995521 0.000006
3 3 0.000004 0.000005 0.002617 0.997370 0.000003
3 3 0.000015 0.000020 0.006544 0.993409 0.000013
3 3 0.000003 0.000004 0.003456 0.996535 0.000002
3 3 0.000009 0.000011 0.004254 0.995717 0.000008
3 3 0.000012 0.000015 0.004362 0.995601 0.000011
3 3 0.000003 0.000004 0.002896 0.997094 0.000003
3 3 0.000001 0.000001 0.002177 0.997821 0.000001
3 3 0.000029 0.000035 0.006455 0.993456 0.000025
3 3 0.000001 0.000002 0.003815 0.996181 0.000001
3 3 0.000002 0.000003 0.002448 0.997544 0.000002
3 3 0.000006 0.000009 0.006429 0.993550 0.000006
3 3 0.000002 0.000003 0.003832 0.996160 0.000002
3 3 0.000003 0.000004 0.002349 0.997641 0.000003
3 3 0.000010 0.000013 0.004047 0.995921 0.000009
3 3 0.000022 0.000026 0.005630 0.994304 0.000018
3 3 0.000013 0.000016 0.004481 0.995479 0.000011
3 3 0.000008 0.000012 0.005867 0.994105 0.000008
3 3 0.000002 0.000002 0.001825 0.998170 0.000001
3 3 0.000002 0.000003 0.003162 0.996831 0.000002
3 3 0.000007 0.000008 0.003361 0.996617 0.000006
3 3 0.000011 0.000013 0.004167 0.995799 0.000010
3 3 0.000032 0.000040 0.007315 0.992586 0.000028
3 3 0.000075 0.000110 0.017669 0.982076 0.000070
3 3 0.000005 0.000011 0.013611 0.986367 0.000005
3 3 0.000098 0.000135 0.016601 0.983076 0.000089
3 3 0.000187 0.000336 0.047330 0.951958 0.000189
3 3 0.000031 0.000053 0.017698 0.982186 0.000031
3 3 0.000017 0.000033 0.019880 0.980053 0.000017
3 3 0.000054 0.000077 0.014087 0.985732 0.000050
3 3 0.000019 0.000032 0.014129 0.985802 0.000018
3 3 0.000138 0.000216 0.028032 0.971483 0.000132
3 3 0.000021 0.000032 0.011382 0.988545 0.000020
3 3 0.000016 0.000022 0.007871 0.992078 0.000014
3 3 0.000015 0.000021 0.008128 0.991823 0.000013
3 3 0.000011 0.000020 0.012407 0.987550 0.000011
3 3 0.000062 0.000093 0.016824 0.982962 0.000058
3 3 0.000053 0.000063 0.008447 0.991392 0.000045
3 3 0.002181 0.002569 0.045204 0.948135 0.001911
3 3 0.012494 0.012271 0.090624 0.873854 0.010758
3 3 0.029464 0.030266 0.136188 0.775410 0.028672
3 3 0.013983 0.011028 0.090490 0.872436 0.012062
3 3 0.010727 0.009289 0.096496 0.871255 0.012233
3 3 0.013681 0.026485 0.187567 0.738541 0.033726
2 3 0.018870 0.096703 0.393355 0.201298 0.289773
2 3 0.018450 0.117077 0.375722 0.135426 0.353325
2 3 0.012650 0.090260 0.451876 0.289442 0.155772
2 2 0.029831 0.146509 0.372935 0.144308 0.306416
4 2 0.028347 0.151232 0.316741 0.099543 0.404138
4 2 0.027204 0.132558 0.303628 0.087256 0.449354
4 4 0.050975 0.107143 0.264009 0.108427 0.469446
4 4 0.041331 0.117255 0.294560 0.123340 0.423514
4 4 0.049091 0.102443 0.307413 0.201915 0.339139
4 4 0.072483 0.083345 0.272954 0.230808 0.340411
4 4 0.041203 0.117666 0.304695 0.140561 0.395875
4 4 0.067883 0.076480 0.276581 0.225760 0.353297
4 4 0.050466 0.118950 0.293478 0.156172 0.380934
4 4 0.068985 0.101751 0.265266 0.162468 0.401529
4 4 0.069314 0.074631 0.195607 0.070839 0.589609
4 4 0.037815 0.121786 0.252323 0.069148 0.518927
4 4 0.016497 0.187099 0.266074 0.037967 0.492363
4 4 0.015693 0.189561 0.312014 0.057128 0.425605
4 4 0.022666 0.126379 0.229174 0.035331 0.586451
4 4 0.048284 0.151423 0.290606 0.136926 0.372761
4 4 0.024142 0.165370 0.308110 0.080116 0.422262
4 4 0.058739 0.118877 0.227067 0.077923 0.517394
4 4 0.067012 0.113814 0.208808 0.071285 0.539082
4 4 0.041434 0.094482 0.198031 0.043421 0.622632
4 4 0.045043 0.129705 0.223872 0.057867 0.543514
4 4 0.029528 0.177503 0.287898 0.077580 0.427491
4 4 0.022560 0.180174 0.291183 0.055636 0.450448
4 4 0.031194 0.124589 0.282941 0.080412 0.480864
4 4 0.040467 0.142827 0.258792 0.076625 0.481289
4 4 0.030668 0.160618 0.261150 0.060497 0.487067
2 4 0.011435 0.215266 0.400297 0.047251 0.325751
4 4 0.029423 0.193757 0.278355 0.059931 0.438534
4 4 0.011393 0.168945 0.336626 0.055292 0.427743
2 2 0.005919 0.141588 0.566935 0.058115 0.227443
2 2 0.007258 0.099709 0.662287 0.131162 0.099584
2 2 0.015609 0.148879 0.552059 0.134249 0.149204
2 2 0.005483 0.190962 0.500191 0.028183 0.275181
2 2 0.022121 0.161112 0.485338 0.169476 0.161953
2 2 0.013340 0.104616 0.533610 0.245029 0.103404
2 2 0.006604 0.114229 0.674404 0.086632 0.118132
2 2 0.007897 0.079533 0.648373 0.192442 0.071757
2 2 0.004492 0.107981 0.698428 0.068573 0.120526
2 2 0.009909 0.087103 0.613666 0.210597 0.078726
2 2 0.005463 0.123865 0.648951 0.074969 0.146753
2 2 0.009286 0.050209 0.484422 0.414547 0.041536
2 2 0.002562 0.016934 0.610572 0.359512 0.010421
2 2 0.000827 0.011792 0.803226 0.176946 0.007208
2 2 0.004592 0.052174 0.754750 0.148886 0.039599
2 2 0.000695 0.007248 0.684851 0.303028 0.004177
2 2 0.000804 0.009462 0.730941 0.253083 0.005711
3 2 0.001243 0.005872 0.494460 0.495831 0.002593
2 2 0.003065 0.017426 0.568675 0.400195 0.010638
3 2 0.104217 0.131461 0.345521 0.384340 0.034461
3 2 0.032786 0.106817 0.360061 0.406635 0.093701
2 2 0.057930 0.084732 0.424187 0.413906 0.019245
0 2 0.305616 0.109722 0.229191 0.272620 0.082851
3 2 0.082886 0.100240 0.334728 0.460093 0.022053
2 2 0.057283 0.165421 0.527124 0.194165 0.056008
2 2 0.024850 0.132635 0.644342 0.136414 0.061759
2 2 0.004170 0.010153 0.536575 0.447414 0.001688
2 2 0.005129 0.037967 0.820349 0.127699 0.008857
2 2 0.003250 0.014970 0.800151 0.179576 0.002053
2 2 0.003204 0.013184 0.753288 0.228284 0.002041
2 2 0.002647 0.007668 0.660667 0.328076 0.000943
2 2 0.006365 0.020058 0.683240 0.287009 0.003328
2 2 0.037165 0.048170 0.501195 0.407054 0.006416
0 2 0.443793 0.116299 0.240154 0.146023 0.053730
0 4 0.294456 0.151864 0.279734 0.222329 0.051616
2 4 0.260117 0.156631 0.321687 0.227572 0.033993
2 4 0.161201 0.130776 0.446241 0.224102 0.037679
2 4 0.067927 0.179360 0.507471 0.135047 0.110196
2 4 0.040826 0.155339 0.515791 0.210867 0.077177
2 4 0.100846 0.195645 0.475251 0.157016 0.071242
3 4 0.231453 0.121236 0.244218 0.330271 0.072822
0 4 0.405753 0.082027 0.202765 0.220678 0.088778
3 4 0.151439 0.157534 0.292436 0.300920 0.097671
2 4 0.063993 0.189497 0.362313 0.252772 0.131425
0 4 0.353141 0.098637 0.182964 0.238028 0.127231
0 4 0.735261 0.080925 0.069173 0.018916 0.095724
0 4 0.574463 0.148825 0.169391 0.051858 0.055464
0 4 0.599214 0.106969 0.135436 0.063702 0.094678
0 4 0.417535 0.144388 0.218064 0.143898 0.076116
0 4 0.632313 0.096109 0.127189 0.055634 0.088754
0 4 0.654193 0.108277 0.126890 0.040271 0.070368
3 4 0.269659 0.122712 0.197308 0.287793 0.122528
0 4 0.348321 0.215561 0.213107 0.056127 0.166884
0 4 0.639861 0.095793 0.070671 0.029827 0.163848
0 4 0.691540 0.089750 0.089520 0.030561 0.098629
2 4 0.061222 0.277297 0.459429 0.079856 0.122197
2 4 0.248853 0.183206 0.290958 0.200911 0.076072
0 4 0.388088 0.146807 0.153562 0.138883 0.172659
0 4 0.501151 0.122623 0.168852 0.106657 0.100717
3 4 0.248374 0.098330 0.247426 0.329606 0.076263
0 4 0.600364 0.116392 0.102521 0.040902 0.139821
2 4 0.262201 0.162867 0.308791 0.195699 0.070442
2 4 0.251941 0.238757 0.274883 0.142781 0.091638
3 4 0.155896 0.114229 0.266177 0.403322 0.060376
0 4 0.585846 0.117999 0.158233 0.065529 0.072393
0 4 0.411730 0.113353 0.201059 0.178485 0.095372
3 4 0.158003 0.047954 0.205842 0.533944 0.054257
3 4 0.176382 0.143231 0.220036 0.368129 0.092222
2 4 0.094728 0.288546 0.404959 0.114952 0.096815
2 4 0.058823 0.179350 0.439793 0.231033 0.091000
3 4 0.127760 0.123952 0.333925 0.370492 0.043872
0 4 0.447895 0.140618 0.221024 0.124935 0.065529
0 4 0.727490 0.087945 0.080173 0.021184 0.083208
0 4 0.699622 0.099680 0.119350 0.029148 0.052199
0 4 0.529517 0.094155 0.150236 0.110546 0.115546
0 4 0.335915 0.094042 0.258851 0.256202 0.054989
0 4 0.690767 0.074439 0.094766 0.039592 0.100436
0 4 0.790134 0.077853 0.057644 0.009615 0.064753
0 4 0.730702 0.096264 0.111692 0.020884 0.040458
0 4 0.614913 0.092957 0.138334 0.067090 0.086706
0 4 0.474607 0.079029 0.227979 0.165094 0.053290
0 0 0.498789 0.155204 0.233714 0.067746 0.044547
0 0 0.484758 0.098512 0.254681 0.125700 0.036349
0 0 0.359231 0.129997 0.341891 0.126237 0.042643
0 0 0.469185 0.123148 0.246505 0.095208 0.065954
0 0 0.453740 0.136225 0.247802 0.084982 0.077251
2 0 0.151846 0.219857 0.418957 0.110585 0.098754
2 0 0.124946 0.157838 0.292493 0.269870 0.154853
0 0 0.318103 0.089733 0.237669 0.284979 0.069516
0 0 0.667282 0.089821 0.127759 0.046211 0.068927
2 0 0.179100 0.200483 0.388585 0.109884 0.121948
2 0 0.068128 0.278444 0.429825 0.072353 0.151251
2 0 0.285984 0.179577 0.298508 0.133685 0.102245
3 1 0.033566 0.020122 0.138292 0.790850 0.017170
0 1 0.517844 0.113388 0.186548 0.106194 0.076026
3 1 0.161166 0.071949 0.257645 0.468866 0.040374
3 1 0.132697 0.070166 0.172831 0.528581 0.095725
2 1 0.062505 0.242255 0.378302 0.154903 0.162034
2 1 0.076089 0.180549 0.392183 0.264391 0.086787
3 4 0.092458 0.070000 0.169295 0.590646 0.077601
3 4 0.039293 0.045737 0.147375 0.732565 0.035031
2 4 0.063653 0.251833 0.528040 0.083638 0.072836
3 4 0.111149 0.085820 0.196597 0.524676 0.081759
3 4 0.048828 0.062590 0.201650 0.642559 0.044372
3 4 0.067380 0.035182 0.174338 0.691607 0.031493
3 4 0.031288 0.018923 0.112881 0.811788 0.025119
3 4 0.028760 0.032223 0.130735 0.782854 0.025428
3 4 0.162603 0.098985 0.243915 0.436941 0.057555
3 4 0.227957 0.149324 0.257592 0.287240 0.077887
0 4 0.321183 0.083178 0.151001 0.266753 0.177885
3 4 0.052659 0.024645 0.151272 0.745294 0.026129
3 4 0.059125 0.034606 0.213627 0.676701 0.015941
3 4 0.003401 0.003788 0.054012 0.935836 0.002962
3 4 0.101142 0.128159 0.345058 0.391478 0.034163
2 4 0.085995 0.127022 0.429093 0.327728 0.030163
2 4 0.064376 0.183556 0.557947 0.150889 0.043233
2 4 0.042862 0.192018 0.561267 0.131725 0.072128
3 2 0.043332 0.064646 0.333537 0.532328 0.026156
3 2 0.067440 0.068952 0.260116 0.577323 0.026169
3 2 0.049152 0.032948 0.189879 0.710647 0.017374
3 2 0.031420 0.036610 0.136465 0.767536 0.027970
3 2 0.011795 0.012650 0.091860 0.873664 0.010031
3 2 0.005733 0.006728 0.068916 0.913572 0.005051
2 2 0.070081 0.160378 0.612417 0.135219 0.021905
2 2 0.065385 0.109372 0.573596 0.235264 0.016383
2 2 0.023461 0.076431 0.650837 0.229200 0.020071
2 2 0.011234 0.037418 0.740330 0.204489 0.006529
2 2 0.009838 0.033714 0.720971 0.229748 0.005728
2 2 0.007528 0.031538 0.761912 0.192850 0.006173
2 2 0.002733 0.019855 0.837896 0.135846 0.003669
2 2 0.005405 0.036618 0.867612 0.084918 0.005447
2 2 0.002032 0.007313 0.793168 0.196900 0.000586
2 2 0.005694 0.035730 0.868112 0.085390 0.005073
2 2 0.006397 0.015644 0.694042 0.282461 0.001456
3 2 0.056117 0.074598 0.415848 0.442123 0.011314
3 2 0.030386 0.042987 0.264490 0.643599 0.018538
3 2 0.002550 0.003002 0.048432 0.943781 0.002236
3 0 0.008348 0.009334 0.083630 0.892200 0.006488
3 0 0.006564 0.007698 0.073023 0.906928 0.005787
3 0 0.038502 0.040441 0.173187 0.714238 0.033632
3 0 0.060230 0.086466 0.295462 0.509820 0.048022
3 1 0.028177 0.034857 0.152557 0.758761 0.025649
3 1 0.024081 0.028263 0.134507 0.794566 0.018582
3 1 0.035798 0.041817 0.248745 0.664286 0.009354
3 1 0.004362 0.005125 0.061250 0.925425 0.003837
3 1 0.047201 0.056841 0.269123 0.611757 0.015078
3 1 0.008134 0.009532 0.079994 0.895162 0.007177
2 1 0.139118 0.218175 0.511020 0.111838 0.019849
2 1 0.062626 0.111877 0.617603 0.195190 0.012704
3 1 0.040379 0.056751 0.348575 0.539564 0.014732
2 1 0.077007 0.125178 0.600434 0.184079 0.013302
3 1 0.008825 0.010161 0.103412 0.873213 0.004388
3 1 0.007132 0.008277 0.086385 0.893728 0.004477
3 1 0.004816 0.005655 0.063929 0.921362 0.004238
3 0 0.002035 0.002398 0.043996 0.949804 0.001767
3 0 0.069246 0.036227 0.261405 0.622074 0.011049
3 0 0.000662 0.000745 0.026117 0.971905 0.000571
3 0 0.054289 0.032197 0.237641 0.665640 0.010233
3 0 0.017441 0.011761 0.092608 0.864004 0.014187
3 0 0.004631 0.004711 0.068082 0.919656 0.002921
3 0 0.000762 0.000901 0.028291 0.969382 0.000664
3 0 0.075693 0.097517 0.320117 0.470586 0.036087
2 0 0.023207 0.143967 0.511509 0.154682 0.166635
2 1 0.025827 0.108524 0.459824 0.315210 0.090615
3 1 0.039057 0.051121 0.195613 0.677714 0.036495
2 1 0.023679 0.098057 0.600995 0.226004 0.051265
2 1 0.014251 0.102356 0.587619 0.207453 0.088320
3 1 0.042619 0.083327 0.335147 0.481142 0.057765
2 1 0.007397 0.107868 0.714948 0.074903 0.094884
2 1 0.001772 0.023243 0.784932 0.175567 0.014486
2 1 0.009206 0.079668 0.652452 0.192213 0.066461
2 1 0.010194 0.076283 0.643087 0.210107 0.060328
2 1 0.012975 0.188287 0.554094 0.051377 0.193268
2 1 0.014836 0.201210 0.549252 0.050417 0.184285
2 1 0.010684 0.214307 0.480013 0.035246 0.259750
2 1 0.038677 0.196247 0.345241 0.092698 0.327136
2 1 0.059034 0.143858 0.387655 0.116486 0.292967
4 4 0.056242 0.135347 0.224633 0.052020 0.531757
3 4 0.079359 0.066354 0.166504 0.620251 0.067531
4 4 0.090032 0.168745 0.260158 0.133668 0.347398
2 4 0.022434 0.182568 0.420320 0.068496 0.306182
4 4 0.148934 0.069531 0.088216 0.024931 0.668388
4 4 0.287831 0.062320 0.095441 0.066212 0.488196
4 4 0.075407 0.156695 0.200118 0.067140 0.500640
4 4 0.247350 0.068537 0.116096 0.082535 0.485482
4 4 0.129386 0.083322 0.112862 0.034432 0.639998
4 4 0.062917 0.103302 0.143231 0.028657 0.661892
4 4 0.150321 0.118128 0.128596 0.048395 0.554560
4 4 0.097907 0.093837 0.108097 0.023532 0.676627
4 4 0.325431 0.047960 0.074146 0.049225 0.503237
4 4 0.208426 0.057311 0.075102 0.026955 0.632205
4 4 0.095773 0.111333 0.121085 0.027602 0.644207
4 4 0.201464 0.140467 0.161785 0.129920 0.366365
4 4 0.047218 0.186070 0.246006 0.066085 0.454620
4 4 0.049637 0.139467 0.182820 0.036701 0.591375
4 4 0.197997 0.066430 0.111076 0.056022 0.568475
4 4 0.145714 0.127079 0.168705 0.090544 0.467957
4 4 0.039604 0.159205 0.213651 0.038574 0.548966
4 4 0.062674 0.094853 0.157365 0.036019 0.649090
4 4 0.165981 0.077547 0.137726 0.071759 0.546988
4 4 0.211218 0.093465 0.117484 0.061896 0.515937
2 4 0.010924 0.159519 0.629733 0.051209 0.148616
2 4 0.008764 0.102316 0.662854 0.131277 0.094789
2 4 0.007393 0.144411 0.644351 0.052566 0.151280
2 4 0.008939 0.150171 0.622824 0.062102 0.155963
2 4 0.014318 0.096265 0.611296 0.200957 0.077165
2 2 0.012119 0.082222 0.679737 0.167864 0.058058
2 2 0.003925 0.050328 0.766275 0.140125 0.039348
2 2 0.006516 0.114278 0.690609 0.075030 0.113568
2 2 0.017855 0.080551 0.488006 0.348752 0.064836
2 2 0.008703 0.087139 0.617374 0.203679 0.083105
2 2 0.003815 0.028602 0.616612 0.330361 0.020610
2 2 0.004889 0.037760 0.628707 0.300162 0.028482
2 2 0.007618 0.033475 0.496782 0.439321 0.022805
2 2 0.006144 0.032976 0.547715 0.390240 0.022925
2 2 0.000488 0.008094 0.786125 0.200199 0.005094
2 2 0.001156 0.018680 0.815580 0.151676 0.012907
2 2 0.001109 0.008157 0.596008 0.390107 0.004619
2 2 0.002681 0.019536 0.610317 0.354468 0.012999
3 2 0.002391 0.007930 0.375998 0.609507 0.004174
3 2 0.000926 0.003523 0.361143 0.632722 0.001686
3 2 0.000428 0.001118 0.182955 0.814994 0.000504
3 2 0.000379 0.001745 0.460088 0.537341 0.000447
2 2 0.000331 0.003618 0.656340 0.338133 0.001579
3 2 0.000697 0.003282 0.406007 0.588410 0.001604
3 2 0.000310 0.001479 0.301417 0.696066 0.000728
3 2 0.000395 0.001204 0.227226 0.770645 0.000530
3 2 0.000291 0.000577 0.075440 0.923386 0.000307
3 2 0.000986 0.002700 0.217957 0.776968 0.001388
3 2 0.001052 0.002372 0.183886 0.811512 0.001178
3 2 0.000220 0.000586 0.145773 0.853162 0.000260
3 2 0.000105 0.000361 0.235720 0.763717 0.000096
3 3 0.000013 0.000040 0.063437 0.936496 0.000016
3 3 0.000071 0.000174 0.071147 0.928526 0.000081
3 3 0.000607 0.001267 0.119571 0.877898 0.000657
3 3 0.000051 0.000122 0.057316 0.942454 0.000057
3 3 0.000175 0.000347 0.059806 0.939487 0.000184
3 3 0.000010 0.000027 0.035277 0.964674 0.000012
3 3 0.000080 0.000165 0.046218 0.953452 0.000085
3 3 0.000093 0.000233 0.085052 0.914515 0.000107
3 3 0.000010 0.000025 0.029421 0.970533 0.000011
3 3 0.000135 0.000249 0.043749 0.955729 0.000138
3 3 0.000089 0.000139 0.023172 0.976515 0.000085
3 3 0.000002 0.000005 0.013113 0.986877 0.000002
3 3 0.000066 0.000096 0.016590 0.983187 0.000061
3 3 0.000017 0.000032 0.018181 0.981753 0.000017
3 3 0.000024 0.000044 0.018662 0.981245 0.000024
3 3 0.000033 0.000053 0.015630 0.984252 0.000032
3 3 0.000026 0.000046 0.017320 0.982582 0.000026
3 3 0.000025 0.000042 0.014935 0.984973 0.000025
3 3 0.000166 0.000206 0.016050 0.983432 0.000146
3 3 0.000022 0.000034 0.010886 0.989037 0.000021
3 3 0.000011 0.000022 0.017934 0.982023 0.000011
3 3 0.000104 0.000134 0.014397 0.985274 0.000092
3 3 0.000047 0.000056 0.008282 0.991575 0.000040
3 3 0.000022 0.000029 0.007535 0.992396 0.000019
3 3 0.000004 0.000005 0.004928 0.995059 0.000003
3 3 0.000005 0.000009 0.008797 0.991183 0.000005
3 3 0.000074 0.000107 0.017172 0.982579 0.000068
3 3 0.000014 0.000021 0.008721 0.991231 0.000013
3 3 0.000021 0.000025 0.005507 0.994430 0.000018
3 3 0.000021 0.000028 0.007179 0.992753 0.000019
3 3 0.000016 0.000023 0.007961 0.991984 0.000015
3 3 0.000010 0.000016 0.008283 0.991682 0.000010
3 3 0.000006 0.000009 0.007343 0.992637 0.000005
3 3 0.000002 0.000003 0.005156 0.994838 0.000002
3 3 0.000026 0.000037 0.010475 0.989438 0.000024
3 3 0.000031 0.000039 0.007805 0.992097 0.000027
3 3 0.000005 0.000009 0.008820 0.991161 0.000005
3 3 0.000016 0.000019 0.004884 0.995067 0.000014
3 3 0.000022 0.000031 0.009181 0.990745 0.000020
3 3 0.000005 0.000008 0.004534 0.995448 0.000005
3 3 0.000017 0.000023 0.007065 0.992881 0.000015
3 3 0.000008 0.000010 0.004993 0.994982 0.000007
3 3 0.000003 0.000005 0.007232 0.992757 0.000003
3 3 0.000005 0.000007 0.006318 0.993666 0.000004
3 3 0.000004 0.000006 0.005370 0.994617 0.000004
3 3 0.000004 0.000007 0.006659 0.993326 0.000004
3 3 0.000011 0.000014 0.005312 0.994654 0.000009
3 3 0.000027 0.000043 0.013917 0.985989 0.000025
3 3 0.000015 0.000019 0.005898 0.994056 0.000013
3 3 0.000006 0.000010 0.006877 0.993101 0.000006
3 3 0.000013 0.000020 0.009051 0.990904 0.000012
3 3 0.000007 0.000011 0.007177 0.992799 0.000006
3 3 0.000024 0.000033 0.008524 0.991396 0.000022
3 3 0.000062 0.000074 0.009064 0.990748 0.000053
3 3 0.000003 0.000005 0.006219 0.993771 0.000002
3 3 0.000011 0.000013 0.004111 0.995856 0.000009
3 3 0.000011 0.000014 0.004414 0.995552 0.000009
3 3 0.000016 0.000019 0.004855 0.995097 0.000013
3 3 0.000007 0.000011 0.007404 0.992571 0.000007
3 3 0.000004 0.000006 0.004139 0.995847 0.000004
3 3 0.000002 0.000003 0.005375 0.994617 0.000002
3 3 0.000055 0.000065 0.008590 0.991243 0.000047
3 3 0.000126 0.000150 0.012528 0.987088 0.000108
3 3 0.000543 0.000643 0.024289 0.974054 0.000472
3 3 0.000292 0.000590 0.079189 0.919618 0.000311
3 3 0.000822 0.001643 0.121710 0.874948 0.000877
3 2 0.000234 0.000565 0.114984 0.883951 0.000266
3 2 0.001383 0.003135 0.242376 0.752008 0.001098
3 2 0.001185 0.002490 0.170515 0.824658 0.001152
3 2 0.000931 0.002832 0.487088 0.508662 0.000487
3 2 0.002853 0.004215 0.097423 0.892968 0.002541
3 2 0.004488 0.007284 0.146221 0.837533 0.004473
3 2 0.015019 0.027480 0.437105 0.514023 0.006373
3 2 0.003556 0.008208 0.371406 0.614195 0.002635
2 2 0.003227 0.011650 0.623268 0.359034 0.002821
3 2 0.043661 0.059984 0.409313 0.477551 0.009492
3 2 0.001135 0.002682 0.213388 0.781501 0.001295
2 2 0.002894 0.007490 0.495601 0.492455 0.001560
2 2 0.002162 0.006125 0.564170 0.426534 0.001009
2 2 0.002380 0.013711 0.738479 0.242439 0.002990
2 2 0.004509 0.017049 0.708823 0.266325 0.003295
2 2 0.001216 0.004115 0.703619 0.290639 0.000411
2 2 0.000511 0.001888 0.650745 0.346674 0.000183
3 2 0.002498 0.006634 0.482767 0.506614 0.001488
3 2 0.001284 0.003489 0.448711 0.545930 0.000586
3 2 0.002062 0.005182 0.408522 0.583042 0.001192
3 2 0.000190 0.000658 0.344511 0.654515 0.000127
3 2 0.002816 0.005411 0.202376 0.786958 0.002439
3 2 0.025986 0.036519 0.278974 0.646673 0.011847
3 2 0.161680 0.140242 0.267861 0.280394 0.149823
3 2 0.033315 0.081342 0.305379 0.440793 0.139170
3 2 0.045550 0.066945 0.245894 0.535859 0.105752
4 2 0.011851 0.169157 0.339245 0.054813 0.424934
4 2 0.034791 0.111928 0.303521 0.115077 0.434683
4 2 0.024239 0.161496 0.294722 0.066610 0.452933
4 4 0.071926 0.093663 0.182536 0.057362 0.594513
4 4 0.074548 0.110307 0.214571 0.085826 0.514748
4 4 0.035851 0.148245 0.250220 0.062183 0.503501
4 4 0.074882 0.111295 0.219513 0.091725 0.502586
4 4 0.047893 0.102929 0.250147 0.087383 0.511648
4 4 0.143778 0.106737 0.211169 0.224365 0.313950
4 4 0.130041 0.081876 0.193798 0.133441 0.460844
4 4 0.252901 0.055751 0.106416 0.074095 0.510836
0 4 0.317854 0.038904 0.120227 0.231243 0.291772
4 4 0.211916 0.087080 0.105218 0.049146 0.546640
4 4 0.024893 0.158209 0.261196 0.050885 0.504816
4 4 0.051955 0.132118 0.255325 0.094994 0.465607
4 4 0.121376 0.090037 0.204042 0.139211 0.445334
4 4 0.074968 0.094225 0.152321 0.039053 0.639433
4 4 0.059336 0.106139 0.155221 0.032313 0.646990
0 4 0.388840 0.036597 0.086441 0.113947 0.374175
4 4 0.132975 0.129230 0.149763 0.059598 0.528434
4 4 0.023591 0.128895 0.144585 0.012990 0.689939
4 4 0.107327 0.109201 0.151865 0.051535 0.580072
4 4 0.114892 0.109340 0.167065 0.069488 0.539216
4 4 0.254804 0.057820 0.103737 0.069445 0.514193
4 4 0.039832 0.163348 0.251544 0.068499 0.476777
4 4 0.063950 0.121624 0.169967 0.040720 0.603740
4 4 0.058085 0.070585 0.104785 0.015820 0.750726
4 4 0.110869 0.126827 0.139691 0.042283 0.580330
4 4 0.109516 0.086444 0.126335 0.037168 0.640537
4 4 0.061420 0.115185 0.156303 0.033020 0.634071
4 4 0.235605 0.061201 0.126544 0.100362 0.476287
4 4 0.100269 0.107594 0.139914 0.040241 0.611982
4 4 0.082358 0.094601 0.136264 0.033084 0.653693
4 4 0.107468 0.084118 0.124549 0.035727 0.648138
4 4 0.200975 0.064829 0.087846 0.034374 0.611977
4 4 0.090107 0.142436 0.189898 0.070872 0.506686
4 4 0.126304 0.121892 0.215904 0.119759 0.416141
2 4 0.009574 0.166535 0.579277 0.059789 0.184825
2 4 0.006439 0.159162 0.587038 0.049705 0.197656
2 4 0.012346 0.189446 0.514315 0.064477 0.219416
2 4 0.010495 0.181251 0.518742 0.067517 0.221994
2 4 0.013553 0.165944 0.533581 0.103083 0.183839
2 4 0.009558 0.203049 0.465428 0.048018 0.273947
2 4 0.012032 0.129343 0.636442 0.105045 0.117138
2 4 0.011608 0.150224 0.601821 0.085571 0.150776
2 4 0.012727 0.172216 0.553192 0.076935 0.184929
2 2 0.014116 0.166491 0.572873 0.081329 0.165191
2 2 0.015929 0.159961 0.552361 0.111921 0.159828
2 2 0.018502 0.153717 0.571217 0.118368 0.138195
2 2 0.007612 0.180036 0.562835 0.036620 0.212897
2 2 0.017969 0.155767 0.562878 0.118787 0.144599
2 2 0.025440 0.137707 0.418511 0.236479 0.181863
2 2 0.032759 0.170511 0.514527 0.163306 0.118897
2 2 0.027760 0.155910 0.568607 0.145293 0.102431
3 2 0.031815 0.076650 0.388085 0.450400 0.053050
2 2 0.021144 0.114310 0.583254 0.194890 0.086401
2 2 0.054268 0.134300 0.511945 0.248207 0.051280
2 2 0.015934 0.088076 0.753468 0.116861 0.025661
2 2 0.005685 0.035953 0.767875 0.178185 0.012302
2 2 0.011508 0.037304 0.560051 0.375610 0.015528
2 2 0.042837 0.140657 0.664991 0.123813 0.027702
2 2 0.005294 0.024515 0.706905 0.255669 0.007617
2 2 0.008854 0.062659 0.750346 0.154300 0.023842
2 2 0.007759 0.024371 0.583140 0.376962 0.007768
2 2 0.002040 0.014291 0.857202 0.124419 0.002048
2 2 0.000486 0.002888 0.707047 0.289066 0.000513
2 2 0.000571 0.008594 0.916823 0.072469 0.001542
2 2 0.000258 0.002183 0.771247 0.225942 0.000370
2 2 0.000446 0.004232 0.834013 0.160591 0.000718
2 2 0.000815 0.005473 0.822569 0.170487 0.000656
2 2 0.000484 0.002470 0.717821 0.278931 0.000294
2 2 0.000265 0.002177 0.808042 0.189245 0.000272
2 2 0.000337 0.002761 0.807215 0.189309 0.000379
2 2 0.001247 0.007089 0.775319 0.215295 0.001050
2 2 0.000146 0.001656 0.842917 0.155047 0.000234
2 2 0.000370 0.002769 0.771281 0.225177 0.000402
2 2 0.000883 0.006276 0.743021 0.248312 0.001509
2 2 0.000973 0.004469 0.755429 0.238679 0.000450
2 2 0.001200 0.005126 0.719726 0.273347 0.000601
2 2 0.000609 0.002265 0.653432 0.343431 0.000263
2 2 0.000423 0.001483 0.517777 0.480112 0.000206
2 2 0.001461 0.006880 0.694648 0.295744 0.001268
2 2 0.000401 0.001450 0.590814 0.407192 0.000143
2 2 0.000654 0.002314 0.655704 0.341108 0.000220
2 2 0.000509 0.002657 0.703858 0.292648 0.000328
2 2 0.001191 0.003558 0.531389 0.463327 0.000536
2 2 0.000463 0.001932 0.572769 0.424530 0.000306
3 2 0.000296 0.000993 0.395848 0.602692 0.000171
2 2 0.000755 0.002417 0.521288 0.475182 0.000358
2 2 0.000223 0.001051 0.593971 0.404638 0.000118
2 2 0.000230 0.001111 0.557585 0.440906 0.000168
3 2 0.001799 0.004830 0.432710 0.559499 0.001162
3 2 0.000791 0.002401 0.397527 0.598744 0.000537
2 2 0.000739 0.002385 0.506445 0.490037 0.000394
3 2 0.000280 0.000841 0.276856 0.721825 0.000198
3 2 0.000285 0.000943 0.374453 0.624148 0.000170
2 2 0.001152 0.003484 0.564296 0.430624 0.000444
3 2 0.000340 0.001048 0.265636 0.732605 0.000371
3 2 0.000058 0.000192 0.171368 0.828331 0.000052
3 2 0.000206 0.000666 0.270381 0.728567 0.000180
3 2 0.000539 0.001637 0.382162 0.615330 0.000331
3 2 0.000302 0.000808 0.169356 0.829183 0.000351
3 2 0.001534 0.002866 0.133481 0.860518 0.001601
3 2 0.017844 0.021154 0.116512 0.829108 0.015382
3 2 0.015135 0.022670 0.194664 0.752766 0.014764
3 2 0.001260 0.004394 0.274962 0.716881 0.002503
2 2 0.000323 0.002898 0.603126 0.392459 0.001194
3 2 0.001738 0.004086 0.249644 0.742546 0.001986
2 2 0.000188 0.000924 0.560187 0.438550 0.000151
2 2 0.000851 0.003698 0.585741 0.408927 0.000783
3 2 0.000806 0.003687 0.483630 0.510804 0.001073
3 2 0.000186 0.000949 0.326746 0.671703 0.000416
2 2 0.000413 0.002901 0.763535 0.232707 0.000445
2 2 0.001455 0.008171 0.506129 0.479648 0.004598
3 2 0.000340 0.001829 0.399268 0.597718 0.000845
3 2 0.000254 0.000853 0.322671 0.676004 0.000217
3 2 0.001621 0.003703 0.226650 0.766196 0.001830
3 2 0.000714 0.002224 0.241646 0.754313 0.001102
3 2 0.000794 0.002222 0.332181 0.664239 0.000563
3 2 0.001065 0.002846 0.222199 0.772442 0.001448
3 2 0.000403 0.000909 0.122383 0.875857 0.000448
3 2 0.000269 0.000799 0.252384 0.746335 0.000212
3 2 0.000101 0.000314 0.176754 0.822738 0.000093
3 3 0.000209 0.000506 0.111192 0.887856 0.000238
3 3 0.000660 0.001309 0.108196 0.889134 0.000701
3 3 0.000105 0.000242 0.070888 0.928649 0.000117
3 3 0.000525 0.001213 0.145926 0.851746 0.000590
3 3 0.000954 0.001865 0.122461 0.873710 0.001010
3 3 0.000268 0.000657 0.127824 0.870944 0.000307
3 3 0.000682 0.001500 0.143696 0.853367 0.000754
3 3 0.000243 0.000956 0.280096 0.718397 0.000308
3 3 0.000038 0.000103 0.071078 0.928738 0.000044
3 3 0.000540 0.001183 0.128925 0.868758 0.000595
