0 0 0.953065 0.015612 0.001571 0.000368 0.029385
0 0 0.955881 0.015021 0.001521 0.000398 0.027178
0 0 0.927338 0.022669 0.002530 0.000405 0.047058
0 0 0.944894 0.018653 0.002066 0.000495 0.033892
0 0 0.927528 0.021138 0.002151 0.000270 0.048913
0 0 0.895240 0.032265 0.004184 0.000571 0.067740
0 1 0.781110 0.050614 0.005814 0.000144 0.162318
0 1 0.895557 0.033032 0.004440 0.000672 0.066299
0 1 0.866417 0.067707 0.007974 0.000145 0.057758
0 1 0.757653 0.128649 0.018318 0.000151 0.095230
0 4 0.937928 0.019827 0.002080 0.000345 0.039820
0 1 0.773950 0.124549 0.016545 0.000113 0.084843
1 1 0.341398 0.412537 0.098902 0.000130 0.147033
0 4 0.437045 0.203819 0.057858 0.001156 0.300123
0 4 0.479609 0.245364 0.048578 0.000169 0.226280
0 4 0.393750 0.308964 0.085900 0.000520 0.210867
1 4 0.260500 0.389723 0.139643 0.000708 0.209426
0 4 0.426719 0.267386 0.070884 0.000560 0.234452
0 4 0.446565 0.268094 0.050118 0.000102 0.235121
0 4 0.464863 0.235514 0.037878 0.000060 0.261685
4 4 0.138146 0.094276 0.016429 0.000033 0.751117
4 4 0.271063 0.164782 0.028117 0.000052 0.535986
4 4 0.204309 0.105550 0.021801 0.000137 0.668202
4 4 0.318388 0.087005 0.012667 0.000061 0.581879
0 4 0.424022 0.199613 0.026519 0.000024 0.349822
4 4 0.100783 0.299160 0.083772 0.000059 0.516227
4 4 0.145097 0.151158 0.034203 0.000082 0.669461
4 4 0.225836 0.106677 0.020574 0.000114 0.646800
4 4 0.244139 0.195164 0.046328 0.000192 0.514177
4 4 0.167803 0.206398 0.052576 0.000136 0.573087
4 4 0.287325 0.109740 0.016998 0.000054 0.585883
4 4 0.243148 0.108815 0.027513 0.000500 0.620024
4 4 0.161012 0.356946 0.108727 0.000163 0.373152
4 4 0.264216 0.272350 0.063018 0.000131 0.400285
1 4 0.121498 0.424555 0.208032 0.000839 0.245075
1 1 0.145226 0.396724 0.197194 0.001351 0.259506
1 1 0.111305 0.409200 0.211421 0.000994 0.267080
0 1 0.319625 0.266240 0.109784 0.003353 0.300998
1 1 0.191199 0.354398 0.128806 0.000531 0.325064
1 1 0.087798 0.414232 0.236481 0.001059 0.260429
2 2 0.005680 0.021353 0.827070 0.141936 0.003961
2 2 0.018337 0.097443 0.797991 0.064690 0.021538
2 2 0.002340 0.014528 0.909302 0.070947 0.002883
2 2 0.002167 0.011294 0.872837 0.110254 0.003448
2 2 0.002531 0.007903 0.747983 0.239121 0.002463
2 2 0.003849 0.014540 0.803752 0.173202 0.004657
2 3 0.003496 0.007073 0.610877 0.376846 0.001709
3 3 0.001966 0.003124 0.475451 0.518528 0.000932
2 3 0.005203 0.011389 0.613774 0.365213 0.004421
3 3 0.003233 0.004770 0.428917 0.561053 0.002027
3 3 0.003960 0.005681 0.412801 0.574832 0.002725
3 3 0.004719 0.005850 0.349804 0.636493 0.003134
3 3 0.004430 0.004300 0.260831 0.728139 0.002299
3 3 0.002170 0.001669 0.183851 0.811484 0.000826
3 3 0.006398 0.005772 0.268664 0.717091 0.002075
3 3 0.004591 0.003229 0.180538 0.810258 0.001384
3 3 0.005046 0.004447 0.252411 0.736394 0.001703
3 3 0.005754 0.006373 0.326266 0.658831 0.002775
3 3 0.001647 0.000800 0.097327 0.899909 0.000317
3 3 0.003020 0.001607 0.118914 0.875826 0.000633
3 3 0.002281 0.000928 0.079012 0.917446 0.000334
3 3 0.003700 0.001456 0.079621 0.914713 0.000510
3 3 0.012730 0.010128 0.294109 0.681493 0.001539
3 3 0.005717 0.003501 0.151318 0.837952 0.001511
3 3 0.002072 0.001153 0.123841 0.872501 0.000434
3 3 0.000697 0.000273 0.065332 0.933600 0.000099
3 3 0.003260 0.001681 0.113768 0.880617 0.000675
3 3 0.002046 0.000754 0.067949 0.928993 0.000259
3 3 0.002064 0.000803 0.073331 0.923519 0.000283
3 3 0.004315 0.002084 0.107324 0.885471 0.000805
3 3 0.002369 0.000948 0.077496 0.918849 0.000338
3 3 0.002357 0.001052 0.090241 0.905954 0.000396
3 3 0.001828 0.000510 0.045036 0.952472 0.000153
3 3 0.001705 0.000561 0.056581 0.940970 0.000183
3 3 0.002519 0.000781 0.054387 0.942069 0.000245
3 3 0.001315 0.000361 0.042304 0.955912 0.000108
3 3 0.001788 0.000418 0.034707 0.962973 0.000114
3 3 0.002590 0.001027 0.077362 0.918657 0.000364
3 3 0.002761 0.000580 0.031257 0.965253 0.000149
3 3 0.001616 0.000400 0.037352 0.960518 0.000113
3 3 0.001508 0.000279 0.024220 0.973925 0.000068
3 3 0.002233 0.000500 0.033523 0.963610 0.000134
3 3 0.002546 0.000614 0.037880 0.958790 0.000169
3 3 0.003175 0.000900 0.049097 0.946561 0.000268
3 3 0.001511 0.000373 0.036857 0.961154 0.000105
3 3 0.001196 0.000237 0.026059 0.972448 0.000060
3 3 0.001857 0.000433 0.034777 0.962815 0.000118
3 3 0.002073 0.000491 0.035986 0.961315 0.000135
3 3 0.001791 0.000352 0.026924 0.970846 0.000088
3 3 0.002130 0.000408 0.026480 0.970882 0.000101
3 3 0.001525 0.000275 0.023342 0.974792 0.000067
3 3 0.001365 0.000224 0.020011 0.978348 0.000052
3 3 0.001516 0.000314 0.028522 0.969567 0.000081
3 3 0.001223 0.000256 0.028346 0.970108 0.000067
3 3 0.001734 0.000306 0.022955 0.974931 0.000073
3 3 0.002749 0.000573 0.030960 0.965571 0.000147
3 3 0.001832 0.000295 0.020191 0.977614 0.000067
3 3 0.001879 0.000366 0.026770 0.970894 0.000091
3 3 0.000908 0.000161 0.021416 0.977475 0.000039
3 3 0.002932 0.000891 0.053810 0.942092 0.000275
3 3 0.001740 0.000313 0.023637 0.974233 0.000075
3 3 0.001625 0.000242 0.017717 0.980363 0.000053
3 3 0.001807 0.000308 0.021881 0.975932 0.000072
3 3 0.001006 0.000137 0.014693 0.984135 0.000029
3 3 0.001717 0.000322 0.025083 0.972798 0.000079
3 3 0.002222 0.000438 0.027785 0.969445 0.000110
3 3 0.001092 0.000234 0.028913 0.969699 0.000062
3 3 0.001591 0.000274 0.021880 0.976191 0.000065
3 3 0.001561 0.000265 0.021353 0.976759 0.000062
3 3 0.001887 0.000360 0.025943 0.971722 0.000089
3 3 0.002042 0.000356 0.022971 0.974546 0.000084
3 3 0.000895 0.000120 0.014045 0.984915 0.000025
3 3 0.001257 0.000206 0.019736 0.978753 0.000048
3 3 0.001147 0.000193 0.020350 0.978265 0.000045
3 3 0.001552 0.000342 0.031374 0.966640 0.000091
3 3 0.001248 0.000155 0.013043 0.985524 0.000031
3 3 0.002003 0.000358 0.023802 0.973751 0.000086
3 3 0.000968 0.000132 0.014599 0.984273 0.000028
3 3 0.001520 0.000317 0.028847 0.969234 0.000082
3 3 0.002168 0.000504 0.035275 0.961915 0.000137
3 3 0.003748 0.000878 0.038041 0.957096 0.000237
3 3 0.003439 0.000693 0.030186 0.965508 0.000173
3 3 0.003208 0.000941 0.051622 0.943944 0.000285
3 3 0.057257 0.032557 0.266831 0.641710 0.001645
3 3 0.007743 0.003978 0.123787 0.862930 0.001562
3 3 0.008490 0.006386 0.233855 0.749560 0.001709
3 3 0.034213 0.033198 0.422919 0.506866 0.002804
2 3 0.022753 0.033024 0.555708 0.384609 0.003907
3 3 0.009655 0.012060 0.456005 0.520201 0.002078
2 3 0.010209 0.015008 0.516844 0.455054 0.002885
2 3 0.016291 0.025170 0.552736 0.401563 0.004239
2 3 0.023107 0.028785 0.494359 0.450292 0.003457
2 3 0.016813 0.028970 0.599254 0.350345 0.004619
3 3 0.014080 0.016955 0.444441 0.521491 0.003033
3 3 0.016397 0.019986 0.473477 0.487432 0.002708
2 3 0.020627 0.028981 0.550962 0.396326 0.003105
3 3 0.010410 0.014217 0.467684 0.504246 0.003444
2 3 0.009812 0.019890 0.610653 0.353626 0.006019
2 3 0.014629 0.053655 0.767588 0.146581 0.017547
2 3 0.027805 0.113488 0.724645 0.100065 0.033997
2 2 0.035288 0.255902 0.586941 0.020692 0.101177
2 2 0.028456 0.181861 0.662060 0.054325 0.073297
4 2 0.020447 0.327501 0.308133 0.001327 0.342592
2 2 0.019378 0.334914 0.423716 0.004799 0.217194
2 2 0.024983 0.335654 0.394694 0.005325 0.239343
2 2 0.046987 0.323153 0.470893 0.020040 0.138927
2 2 0.016425 0.356029 0.414584 0.002181 0.210781
2 1 0.020058 0.370634 0.385114 0.001699 0.222496
2 1 0.016804 0.343787 0.413418 0.002810 0.223181
2 1 0.025812 0.308756 0.420149 0.001854 0.243429
2 1 0.038977 0.353752 0.398109 0.003042 0.206121
2 2 0.028746 0.349166 0.412965 0.004927 0.204196
2 2 0.032881 0.339739 0.411433 0.003448 0.212499
2 2 0.020435 0.164752 0.729704 0.010827 0.074282
2 2 0.013442 0.167341 0.756064 0.010963 0.052190
2 2 0.078724 0.315456 0.477486 0.008585 0.119749
2 2 0.011253 0.103286 0.839536 0.016342 0.029584
2 2 0.050001 0.247891 0.619756 0.008330 0.074024
2 2 0.039599 0.140969 0.740157 0.028527 0.050748
2 2 0.024946 0.152918 0.751276 0.032725 0.038134
2 2 0.027990 0.153964 0.770628 0.026660 0.020758
2 2 0.031672 0.149087 0.763606 0.034662 0.020974
2 2 0.065337 0.238378 0.646128 0.021023 0.029134
2 2 0.072460 0.307466 0.574527 0.022285 0.023261
2 2 0.086934 0.260506 0.596990 0.038800 0.016770
2 2 0.093598 0.412106 0.442946 0.007753 0.043597
2 2 0.046272 0.330282 0.582228 0.006246 0.034972
2 2 0.029047 0.277032 0.657441 0.011880 0.024600
2 2 0.044506 0.302476 0.614280 0.005493 0.033245
2 2 0.059010 0.377996 0.520899 0.004640 0.037456
2 2 0.026278 0.153539 0.785899 0.012805 0.021480
2 2 0.021276 0.201018 0.747608 0.013937 0.016162
2 2 0.017913 0.148959 0.796921 0.021261 0.014947
1 2 0.096854 0.463839 0.396369 0.006437 0.036501
2 2 0.069406 0.395074 0.497215 0.007759 0.030546
2 2 0.039413 0.429166 0.505955 0.005304 0.020163
2 2 0.042604 0.358540 0.558837 0.007236 0.032784
1 2 0.061102 0.498488 0.401323 0.001698 0.037388
2 2 0.062465 0.378713 0.511498 0.003864 0.043460
2 2 0.033827 0.358835 0.578706 0.004300 0.024332
1 1 0.134724 0.521421 0.295479 0.001311 0.047064
1 1 0.126613 0.515043 0.306050 0.001502 0.050792
1 1 0.133437 0.467460 0.346051 0.004364 0.048689
1 1 0.088432 0.538619 0.331489 0.000819 0.040640
1 1 0.096053 0.533309 0.328060 0.000979 0.041599
1 1 0.136373 0.534293 0.288675 0.001015 0.039643
2 1 0.042549 0.293853 0.626156 0.005533 0.031910
2 2 0.049710 0.219750 0.692712 0.007259 0.030569
1 2 0.073060 0.497262 0.385729 0.002028 0.041922
1 2 0.253661 0.501084 0.189048 0.000598 0.055608
1 2 0.068053 0.576222 0.323466 0.000274 0.031986
1 2 0.069884 0.533572 0.358273 0.000804 0.037466
1 1 0.083638 0.560203 0.313967 0.000430 0.041763
1 1 0.080043 0.509733 0.360981 0.001483 0.047759
1 1 0.115762 0.484758 0.339834 0.003177 0.056470
1 1 0.098572 0.526236 0.319001 0.000977 0.055214
1 1 0.225114 0.512190 0.210160 0.000708 0.051827
1 1 0.079752 0.561463 0.327989 0.000479 0.030317
1 1 0.070140 0.513051 0.374294 0.001308 0.041207
1 1 0.069151 0.535839 0.356744 0.000749 0.037517
1 1 0.089500 0.544667 0.318027 0.000633 0.047173
1 1 0.048510 0.479152 0.439240 0.002167 0.030931
1 1 0.096477 0.544423 0.307773 0.000624 0.050703
1 1 0.073486 0.539276 0.317801 0.000512 0.068926
1 1 0.099035 0.531696 0.305315 0.000763 0.063191
1 1 0.080381 0.476549 0.350431 0.001350 0.091288
1 1 0.190922 0.524581 0.194222 0.000292 0.089983
1 2 0.048715 0.478529 0.416791 0.001910 0.054055
2 2 0.052587 0.297753 0.596212 0.002180 0.051269
1 2 0.132237 0.555232 0.248473 0.000346 0.063712
1 2 0.103867 0.584115 0.265012 0.000213 0.046793
1 2 0.103684 0.542273 0.298810 0.000637 0.054596
1 2 0.101620 0.547935 0.280626 0.000442 0.069377
1 2 0.088640 0.570741 0.297770 0.000326 0.042522
1 2 0.125811 0.565860 0.249190 0.000281 0.058859
1 2 0.081395 0.481502 0.380681 0.002912 0.053510
1 2 0.087608 0.535521 0.328337 0.000796 0.047737
1 2 0.232204 0.477376 0.219793 0.001499 0.069129
1 2 0.137682 0.554090 0.252646 0.000413 0.055169
1 2 0.102198 0.556606 0.269224 0.000331 0.071641
1 1 0.107721 0.559626 0.279601 0.000399 0.052654
1 1 0.080255 0.593248 0.290784 0.000183 0.035530
1 1 0.110721 0.554359 0.279132 0.000444 0.055345
1 1 0.079168 0.546304 0.332365 0.000606 0.041557
1 1 0.080035 0.481429 0.383012 0.002906 0.052617
1 1 0.062013 0.552855 0.358032 0.000497 0.026604
1 1 0.076507 0.604561 0.272638 0.000115 0.046179
1 1 0.059987 0.489782 0.410428 0.002055 0.037748
2 1 0.025151 0.234287 0.712476 0.007734 0.020353
2 2 0.024208 0.123885 0.818394 0.011750 0.021765
1 2 0.083814 0.511603 0.341564 0.001260 0.061759
2 2 0.035580 0.175204 0.751390 0.008387 0.029440
2 2 0.018773 0.104957 0.849827 0.009694 0.016749
1 2 0.086310 0.504796 0.369876 0.002076 0.036942
1 2 0.127696 0.506544 0.325305 0.002318 0.038137
2 1 0.039204 0.458746 0.473351 0.002713 0.025986
1 1 0.119198 0.515153 0.328913 0.001913 0.034823
1 1 0.175913 0.484711 0.273532 0.002415 0.063429
1 1 0.066536 0.501229 0.400225 0.001914 0.030096
1 1 0.113493 0.498610 0.354926 0.003152 0.029819
1 1 0.100075 0.484426 0.366924 0.003515 0.045060
1 1 0.066377 0.535574 0.359892 0.000730 0.037427
2 1 0.038073 0.442235 0.489302 0.003831 0.026560
1 1 0.099202 0.481570 0.379504 0.004248 0.035477
2 1 0.031524 0.433126 0.509718 0.003656 0.021976
1 1 0.061455 0.499356 0.400007 0.001670 0.037511
1 1 0.039750 0.486859 0.440318 0.001398 0.031675
2 1 0.014883 0.144951 0.810897 0.015345 0.013924
2 1 0.012796 0.108443 0.854293 0.011809 0.012659
2 1 0.032863 0.257093 0.682093 0.004021 0.023930
2 1 0.019965 0.233495 0.720253 0.007131 0.019157
2 1 0.019949 0.161489 0.789512 0.011431 0.017619
1 2 0.149869 0.498106 0.310128 0.002788 0.039109
2 2 0.035380 0.276485 0.654604 0.006282 0.027249
2 2 0.021082 0.168558 0.780434 0.011399 0.018527
2 2 0.029555 0.256174 0.689191 0.003724 0.021356
2 2 0.030846 0.145400 0.790191 0.013662 0.019901
2 2 0.012513 0.106504 0.850856 0.017835 0.012292
2 2 0.009087 0.079902 0.885428 0.016480 0.009103
2 2 0.018533 0.139483 0.815588 0.010104 0.016292
2 2 0.018803 0.111068 0.831022 0.020537 0.018570
2 2 0.028326 0.154002 0.776889 0.015991 0.024792
2 2 0.033648 0.171329 0.750918 0.014065 0.030040
2 2 0.020277 0.149767 0.794413 0.016577 0.018967
1 2 0.220249 0.416645 0.317758 0.009257 0.036091
1 2 0.269046 0.451318 0.235473 0.004082 0.040081
1 2 0.075755 0.471061 0.415874 0.004525 0.032785
1 2 0.097486 0.499242 0.348609 0.002116 0.052547
1 2 0.172267 0.502384 0.274331 0.001861 0.049157
1 2 0.188771 0.476895 0.302265 0.005097 0.026973
1 2 0.114441 0.507061 0.346062 0.002526 0.029909
1 2 0.050639 0.508595 0.410253 0.001135 0.029377
1 2 0.080382 0.491206 0.377273 0.002382 0.048757
1 2 0.057700 0.513930 0.394219 0.001131 0.033020
1 2 0.095262 0.554621 0.301347 0.000484 0.048286
1 2 0.074829 0.512747 0.364272 0.001322 0.046831
1 1 0.074570 0.522693 0.336650 0.000842 0.065245
1 1 0.064002 0.512921 0.371875 0.001123 0.050078
2 1 0.056581 0.417642 0.467919 0.005215 0.052644
1 1 0.073148 0.529910 0.355448 0.000887 0.040607
1 1 0.152790 0.480607 0.246091 0.001188 0.119324
1 1 0.153688 0.480917 0.265781 0.001693 0.097921
1 1 0.179183 0.529787 0.205198 0.000321 0.085512
1 1 0.220349 0.467269 0.190169 0.000737 0.121477
1 1 0.142382 0.480823 0.285943 0.002096 0.088755
1 1 0.193792 0.486462 0.213507 0.000798 0.105440
1 1 0.168924 0.475731 0.208342 0.000679 0.146324
1 1 0.173965 0.452492 0.244614 0.002132 0.126796
0 0 0.661280 0.196906 0.048880 0.001320 0.091612
0 0 0.743623 0.141779 0.035581 0.002520 0.076497
0 0 0.919151 0.034078 0.006955 0.005982 0.033834
0 0 0.427554 0.354703 0.128448 0.002065 0.087230
1 1 0.265091 0.481031 0.178070 0.000624 0.075183
1 1 0.316328 0.407399 0.124356 0.000398 0.151518
1 1 0.318882 0.458083 0.117891 0.000145 0.105000
1 1 0.196993 0.545215 0.174144 0.000138 0.083510
1 1 0.232687 0.497466 0.181578 0.000430 0.087839
1 1 0.318431 0.427342 0.154811 0.000929 0.098488
1 1 0.200739 0.462498 0.229096 0.001706 0.105960
1 1 0.313827 0.457492 0.132583 0.000260 0.095837
1 1 0.230429 0.514628 0.155433 0.000151 0.099359
0 1 0.474180 0.326265 0.082433 0.000428 0.116693
1 1 0.248970 0.475837 0.166565 0.000419 0.108209
1 1 0.152990 0.528568 0.239615 0.000529 0.078298
0 1 0.510062 0.279453 0.060558 0.000265 0.149662
0 1 0.518288 0.305809 0.054693 0.000090 0.121119
1 1 0.250910 0.473362 0.155452 0.000307 0.119969
1 1 0.280151 0.422582 0.147999 0.000613 0.148655
0 1 0.567567 0.203867 0.047996 0.000718 0.179853
1 1 0.301593 0.421848 0.128367 0.000342 0.147850
0 4 0.442353 0.251625 0.063829 0.000511 0.241682
0 4 0.545579 0.260954 0.049147 0.000157 0.144163
0 1 0.478953 0.254950 0.058631 0.000354 0.207112
0 1 0.590643 0.227290 0.037233 0.000103 0.144730
0 1 0.482532 0.273146 0.063368 0.000348 0.180605
1 1 0.299519 0.431523 0.126652 0.000272 0.142034
1 1 0.169145 0.503536 0.234717 0.000795 0.091807
0 1 0.630317 0.201821 0.036464 0.000223 0.131175
0 4 0.530931 0.190104 0.032223 0.000122 0.246620
0 4 0.842604 0.057632 0.007489 0.000275 0.091999
0 4 0.704210 0.119466 0.016701 0.000129 0.159494
0 4 0.494584 0.254123 0.078289 0.001741 0.171263
0 4 0.503799 0.240167 0.067477 0.001190 0.187368
0 4 0.553495 0.214480 0.039791 0.000186 0.192049
0 4 0.849248 0.044675 0.004566 0.000105 0.101405
0 4 0.790103 0.056000 0.008432 0.000545 0.144920
0 4 0.590783 0.236972 0.041802 0.000145 0.130298
0 4 0.907597 0.032960 0.005012 0.001311 0.053119
0 0 0.903464 0.031964 0.004425 0.000824 0.059323
0 0 0.904037 0.023391 0.002147 0.000135 0.070289
0 0 0.891622 0.031372 0.003798 0.000408 0.072800
0 0 0.893045 0.035391 0.005137 0.000927 0.065500
0 0 0.705800 0.113782 0.021522 0.000666 0.158229
0 0 0.575825 0.209226 0.056747 0.001502 0.156700
1 1 0.296341 0.414257 0.135791 0.000497 0.153114
0 1 0.650484 0.152864 0.039641 0.002136 0.154876
1 1 0.368884 0.371640 0.090627 0.000187 0.168662
0 4 0.558346 0.172519 0.041098 0.000889 0.227148
1 4 0.269006 0.431701 0.155449 0.000636 0.143208
1 4 0.280580 0.428254 0.145424 0.000515 0.145227
4 4 0.245654 0.253117 0.084874 0.000825 0.415529
1 4 0.058791 0.358711 0.272337 0.002644 0.307516
1 4 0.049967 0.387908 0.283450 0.001465 0.277211
4 4 0.085983 0.237515 0.084371 0.000194 0.591937
1 4 0.081500 0.388270 0.170543 0.000280 0.359408
4 4 0.112580 0.238597 0.071858 0.000134 0.576831
4 4 0.089714 0.318529 0.191856 0.002082 0.397819
1 4 0.079553 0.398605 0.263720 0.001948 0.256174
4 4 0.062285 0.260185 0.091066 0.000091 0.586373
4 4 0.089880 0.140859 0.040359 0.000126 0.728776
4 4 0.071548 0.170715 0.068493 0.000375 0.688868
4 4 0.134223 0.153356 0.041043 0.000164 0.671214
4 4 0.096814 0.091630 0.029883 0.000438 0.781234
4 4 0.217635 0.080103 0.015480 0.000146 0.686635
4 4 0.138386 0.289871 0.125606 0.000959 0.445178
1 4 0.116634 0.379326 0.137239 0.000205 0.366596
4 4 0.228828 0.292958 0.086640 0.000326 0.391249
4 4 0.102744 0.316395 0.140516 0.000580 0.439766
4 1 0.175282 0.327784 0.141088 0.001188 0.354658
1 1 0.200538 0.372255 0.121016 0.000308 0.305883
1 1 0.173453 0.515903 0.166168 0.000137 0.144339
1 1 0.130861 0.576319 0.168652 0.000044 0.124125
1 1 0.165654 0.508624 0.161355 0.000122 0.164246
1 1 0.177765 0.512019 0.218281 0.000542 0.091393
1 1 0.253875 0.482730 0.147851 0.000214 0.115330
1 1 0.208129 0.510766 0.160191 0.000161 0.120753
0 0 0.425255 0.327708 0.100604 0.000950 0.145484
1 1 0.152007 0.567544 0.190051 0.000107 0.090291
1 1 0.179621 0.542500 0.196382 0.000220 0.081277
1 1 0.236031 0.521153 0.156932 0.000154 0.085730
1 1 0.202999 0.575498 0.148040 0.000044 0.073419
1 1 0.107209 0.551479 0.286435 0.000492 0.054386
1 1 0.164952 0.572800 0.193578 0.000121 0.068549
1 1 0.144758 0.563152 0.225965 0.000232 0.065894
1 1 0.226193 0.535551 0.168699 0.000172 0.069385
1 1 0.229011 0.538966 0.163170 0.000143 0.068711
0 0 0.545981 0.317501 0.077759 0.000491 0.058268
1 0 0.278178 0.486097 0.162544 0.000400 0.072781
0 1 0.452873 0.407364 0.083148 0.000099 0.056517
0 0 0.588095 0.283225 0.063529 0.000409 0.064742
0 0 0.628283 0.257093 0.063834 0.000879 0.049911
0 0 0.708909 0.176605 0.045369 0.002031 0.067086
0 0 0.560580 0.316051 0.072334 0.000364 0.050670
0 1 0.575533 0.311889 0.064732 0.000233 0.047613
0 0 0.474968 0.325633 0.111186 0.002064 0.086149
0 0 0.825031 0.098662 0.020492 0.001695 0.054121
0 0 0.929288 0.031919 0.005218 0.002051 0.031525
0 0 0.801814 0.109686 0.033059 0.009961 0.045478
0 0 0.432920 0.376282 0.120496 0.001039 0.069263
0 1 0.402630 0.397088 0.133193 0.001075 0.066014
0 1 0.736916 0.183902 0.035817 0.000489 0.042876
0 0 0.791087 0.137878 0.031738 0.001840 0.037457
0 0 0.863370 0.081582 0.016039 0.001696 0.037313
0 0 0.696034 0.223956 0.040318 0.000233 0.039460
1 1 0.395384 0.416872 0.109644 0.000277 0.077823
1 1 0.406343 0.411748 0.117970 0.000462 0.063478
1 1 0.355948 0.434272 0.144262 0.000721 0.064798
1 1 0.168316 0.542567 0.233068 0.000467 0.055582
1 1 0.273754 0.489008 0.151776 0.000262 0.085200
1 1 0.139449 0.544909 0.265235 0.000606 0.049800
2 1 0.034983 0.422729 0.505257 0.005312 0.031718
1 1 0.166453 0.435809 0.282531 0.005069 0.110138
2 1 0.035601 0.447414 0.486419 0.003091 0.027475
2 1 0.038071 0.407583 0.502412 0.008080 0.043854
2 1 0.028649 0.457267 0.474420 0.001733 0.037932
2 1 0.040362 0.434859 0.454844 0.003136 0.066799
2 2 0.024170 0.263947 0.663442 0.005857 0.042584
2 2 0.017759 0.446778 0.475465 0.000944 0.059054
2 2 0.033435 0.380289 0.515693 0.003866 0.066717
2 2 0.044597 0.342917 0.563544 0.005787 0.043155
2 2 0.018787 0.221923 0.724219 0.007734 0.027337
2 2 0.013294 0.090220 0.854369 0.019109 0.023009
2 2 0.005989 0.057365 0.912843 0.009304 0.014500
2 2 0.002557 0.051667 0.923884 0.009424 0.012467
2 2 0.009661 0.104672 0.851887 0.018971 0.014809
2 2 0.003978 0.049328 0.923919 0.009700 0.013075
2 2 0.011279 0.086614 0.870977 0.015031 0.016098
2 2 0.009554 0.059974 0.878833 0.038181 0.013458
2 2 0.004986 0.048968 0.910782 0.027454 0.007810
2 2 0.021509 0.200489 0.729843 0.007860 0.040299
2 2 0.004599 0.025524 0.889748 0.075530 0.004599
2 2 0.003652 0.021591 0.893009 0.076584 0.005164
2 2 0.007615 0.050261 0.881811 0.050992 0.009320
2 2 0.009647 0.060469 0.866143 0.052836 0.010905
2 2 0.005661 0.021876 0.820069 0.147035 0.005359
2 2 0.004331 0.021868 0.863660 0.103780 0.006361
2 2 0.007090 0.033484 0.841511 0.107925 0.009989
2 2 0.008343 0.040474 0.841455 0.098352 0.011376
2 2 0.003807 0.016090 0.821556 0.152470 0.006078
2 2 0.003041 0.009162 0.721687 0.262400 0.003710
2 2 0.015617 0.063363 0.777824 0.122331 0.020864
2 2 0.006162 0.016385 0.684794 0.285936 0.006723
2 2 0.017537 0.030645 0.525609 0.412968 0.013241
2 2 0.014163 0.050498 0.772172 0.148831 0.014336
2 2 0.011505 0.022350 0.544251 0.409214 0.012680
3 2 0.011493 0.012553 0.344909 0.626283 0.004762
3 3 0.004552 0.007928 0.482979 0.499951 0.004589
3 3 0.004915 0.007841 0.485057 0.499334 0.002853
3 3 0.011006 0.017603 0.479184 0.483796 0.008411
3 3 0.010540 0.011778 0.322402 0.648535 0.006745
3 3 0.002850 0.001224 0.087321 0.908154 0.000450
3 3 0.003553 0.001653 0.099837 0.894329 0.000629
3 3 0.003736 0.001495 0.081598 0.912644 0.000527
3 3 0.003451 0.001607 0.099647 0.894683 0.000612
3 3 0.002820 0.000875 0.055184 0.940847 0.000274
3 3 0.002725 0.000851 0.055486 0.940671 0.000267
3 3 0.003218 0.001260 0.077772 0.917309 0.000441
3 3 0.002422 0.000752 0.054219 0.942371 0.000236
3 3 0.001954 0.000534 0.044016 0.953339 0.000158
3 3 0.003134 0.001038 0.061289 0.934204 0.000334
3 3 0.003058 0.000900 0.051609 0.944160 0.000273
3 3 0.005256 0.001789 0.067508 0.924869 0.000577
3 3 0.002988 0.001024 0.063958 0.931695 0.000336
3 3 0.002717 0.000789 0.049977 0.946278 0.000239
3 3 0.002537 0.000584 0.035382 0.961340 0.000157
3 3 0.002794 0.000748 0.044588 0.951652 0.000217
3 3 0.001601 0.000379 0.034914 0.963002 0.000105
3 3 0.001756 0.000347 0.027139 0.970670 0.000088
3 3 0.002515 0.000674 0.044111 0.952504 0.000196
3 3 0.002242 0.000493 0.032616 0.964519 0.000130
3 3 0.002545 0.000548 0.032099 0.964665 0.000143
3 3 0.003346 0.000693 0.031389 0.964395 0.000176
3 3 0.002717 0.000605 0.034045 0.962472 0.000160
3 3 0.002173 0.000451 0.029875 0.967385 0.000116
3 3 0.002312 0.000460 0.028338 0.968774 0.000116
3 3 0.001153 0.000198 0.020982 0.977620 0.000047
3 3 0.001945 0.000393 0.028369 0.969193 0.000100
3 3 0.001925 0.000409 0.030486 0.967073 0.000107
3 3 0.001934 0.000337 0.022830 0.974819 0.000080
3 3 0.002078 0.000406 0.027192 0.970223 0.000101
3 3 0.002613 0.000445 0.022834 0.974006 0.000103
3 3 0.001993 0.000426 0.030929 0.966540 0.000112
3 3 0.001527 0.000289 0.024973 0.973139 0.000071
3 3 0.002083 0.000391 0.025708 0.971721 0.000096
3 3 0.002319 0.000460 0.028206 0.968899 0.000115
3 3 0.003072 0.000553 0.025293 0.970950 0.000131
3 3 0.002439 0.000430 0.023827 0.973202 0.000101
3 3 0.002034 0.000366 0.024048 0.973465 0.000088
3 3 0.001715 0.000240 0.016208 0.981787 0.000051
3 3 0.001954 0.000398 0.028734 0.968812 0.000102
3 3 0.002081 0.000397 0.026304 0.971120 0.000098
3 3 0.002217 0.000369 0.021696 0.975633 0.000085
3 3 0.002947 0.000575 0.028292 0.968044 0.000142
3 3 0.002652 0.000581 0.033121 0.963493 0.000153
3 3 0.002620 0.000483 0.025651 0.971131 0.000116
3 3 0.002003 0.000312 0.019383 0.978232 0.000070
3 3 0.002496 0.000655 0.042733 0.953927 0.000189
3 3 0.003453 0.000657 0.027760 0.967971 0.000160
3 3 0.001965 0.000302 0.018964 0.978702 0.000067
3 3 0.002717 0.000512 0.026643 0.970004 0.000125
3 3 0.002105 0.000368 0.023174 0.974266 0.000087
3 3 0.002846 0.000464 0.021632 0.974953 0.000105
3 3 0.003158 0.000521 0.022272 0.973931 0.000118
3 3 0.001537 0.000244 0.019333 0.978831 0.000055
3 3 0.001941 0.000269 0.016270 0.981462 0.000057
3 3 0.001057 0.000140 0.014102 0.984672 0.000029
3 3 0.001294 0.000198 0.017883 0.980581 0.000044
3 3 0.001878 0.000369 0.027138 0.970522 0.000093
3 3 0.001370 0.000214 0.018586 0.979782 0.000048
3 3 0.002646 0.000351 0.015799 0.981132 0.000072
3 3 0.004933 0.001205 0.041692 0.951840 0.000330
3 3 0.004503 0.001096 0.041034 0.953068 0.000300
3 3 0.004598 0.000739 0.022419 0.972080 0.000164
3 3 0.006285 0.001435 0.038874 0.953028 0.000378
3 3 0.002306 0.000392 0.022463 0.974748 0.000091
3 3 0.003791 0.000591 0.020970 0.974518 0.000130
3 3 0.003071 0.000670 0.033462 0.962623 0.000175
3 3 0.005978 0.001830 0.058907 0.932727 0.000558
3 3 0.009344 0.003181 0.071825 0.914638 0.001013
3 3 0.014018 0.008746 0.168092 0.805413 0.003730
3 3 0.010527 0.009202 0.246805 0.728795 0.004671
2 3 0.023463 0.043268 0.556730 0.360834 0.015705
2 3 0.031728 0.058218 0.543736 0.344497 0.021821
2 2 0.027063 0.089906 0.692079 0.155034 0.035919
2 2 0.020278 0.068102 0.717587 0.166056 0.027977
2 2 0.048811 0.114320 0.677701 0.150690 0.008478
2 2 0.042389 0.159035 0.681378 0.087635 0.029563
2 2 0.043784 0.164994 0.613691 0.107817 0.069714
2 1 0.042013 0.138999 0.565984 0.120081 0.132923
2 1 0.046598 0.182861 0.586107 0.095434 0.089000
4 1 0.017407 0.176559 0.150290 0.001299 0.654444
4 1 0.027268 0.182351 0.164903 0.003789 0.621688
4 1 0.035332 0.127053 0.095058 0.003462 0.739096
4 1 0.027989 0.151517 0.099568 0.000976 0.719950
4 1 0.033801 0.125852 0.074532 0.000989 0.764825
4 1 0.034522 0.088867 0.048404 0.000975 0.827230
4 1 0.186375 0.215835 0.076205 0.000809 0.520776
4 1 0.047515 0.180554 0.132217 0.003568 0.636146
4 1 0.025730 0.152431 0.136963 0.004051 0.680826
4 1 0.031631 0.168380 0.083975 0.000268 0.715747
4 1 0.034039 0.164489 0.142896 0.005172 0.653403
4 1 0.054261 0.269943 0.166166 0.001179 0.508452
4 1 0.034641 0.195452 0.122624 0.000851 0.646432
4 1 0.022149 0.101398 0.055228 0.000383 0.820841
4 1 0.017862 0.205060 0.236005 0.005183 0.535889
4 4 0.040626 0.038128 0.008328 0.000030 0.912888
4 4 0.238938 0.084636 0.016701 0.000180 0.659546
4 4 0.033148 0.067126 0.028231 0.000328 0.871167
4 4 0.040403 0.074007 0.030818 0.000401 0.854371
4 4 0.042734 0.070848 0.027421 0.000320 0.858678
4 4 0.172547 0.081956 0.021383 0.000289 0.723825
4 4 0.157984 0.063719 0.011627 0.000081 0.766588
4 4 0.149560 0.060977 0.010750 0.000063 0.778649
4 4 0.096433 0.095588 0.032597 0.000522 0.774861
4 4 0.256788 0.072066 0.012531 0.000138 0.658478
4 4 0.115683 0.063614 0.013237 0.000090 0.807376
4 4 0.116425 0.062379 0.012695 0.000083 0.808418
4 4 0.091693 0.071058 0.018510 0.000166 0.818573
4 4 0.088551 0.052038 0.010196 0.000051 0.849164
4 4 0.354092 0.084360 0.014415 0.000169 0.546965
4 4 0.193801 0.088968 0.020189 0.000242 0.696800
4 4 0.209693 0.078848 0.015324 0.000143 0.695992
4 4 0.235721 0.057042 0.007681 0.000038 0.699517
4 4 0.123290 0.064345 0.013121 0.000089 0.799154
4 4 0.194933 0.074149 0.014005 0.000116 0.716796
4 4 0.184694 0.110387 0.031862 0.000600 0.672456
4 4 0.105064 0.123002 0.052095 0.001393 0.718446
4 4 0.179638 0.070366 0.013098 0.000099 0.736799
4 4 0.410771 0.095732 0.016884 0.000220 0.476393
4 4 0.143020 0.133718 0.053167 0.001589 0.668506
0 4 0.433650 0.181786 0.063455 0.003731 0.317378
4 4 0.205317 0.301376 0.148488 0.003394 0.341426
1 4 0.091217 0.421712 0.278169 0.002207 0.206695
4 4 0.191719 0.204064 0.116560 0.010236 0.477421
1 4 0.136181 0.409277 0.217184 0.001592 0.235767
1 1 0.075430 0.381976 0.341009 0.007981 0.193604
4 1 0.200114 0.252687 0.162667 0.010738 0.373793
4 1 0.161854 0.320062 0.176399 0.003673 0.338011
1 1 0.072494 0.412471 0.246609 0.000959 0.267466
1 1 0.063667 0.352960 0.250637 0.002243 0.330494
2 1 0.049867 0.338263 0.399101 0.017787 0.194982
1 1 0.086182 0.359546 0.296443 0.007625 0.250204
1 1 0.042817 0.382077 0.289035 0.001353 0.284718
1 1 0.041771 0.357089 0.306645 0.002659 0.291837
4 1 0.120306 0.303892 0.208432 0.006050 0.361320
1 1 0.108256 0.392556 0.260738 0.003445 0.235005
1 1 0.070221 0.412343 0.392308 0.008013 0.117115
1 1 0.067424 0.400786 0.358861 0.006096 0.166834
1 1 0.087575 0.431321 0.299716 0.002529 0.178860
1 1 0.064536 0.360071 0.292163 0.004275 0.278955
2 1 0.046139 0.369331 0.491159 0.017680 0.075692
1 1 0.051961 0.408793 0.400913 0.005645 0.132688
2 1 0.046846 0.408808 0.434970 0.006697 0.102679
2 1 0.033383 0.328661 0.531272 0.017067 0.089617
1 1 0.088153 0.449929 0.336247 0.003259 0.122412
2 1 0.057421 0.379709 0.458945 0.014692 0.089233
1 1 0.093162 0.408499 0.293223 0.002165 0.202951
1 1 0.201105 0.443902 0.243859 0.003077 0.108058
1 1 0.228727 0.430703 0.194409 0.001509 0.144652
2 1 0.029801 0.408575 0.440684 0.003283 0.117656
2 1 0.037602 0.380461 0.409286 0.005299 0.167352
2 1 0.071860 0.347506 0.401453 0.017534 0.161647
1 1 0.079430 0.425658 0.325920 0.003463 0.165528
2 1 0.042945 0.396974 0.403269 0.005091 0.151721
2 1 0.028625 0.308927 0.567810 0.014610 0.080027
1 1 0.057353 0.441550 0.338815 0.001864 0.160418
1 1 0.032670 0.395997 0.393934 0.002895 0.174504
2 1 0.037155 0.387359 0.452378 0.007629 0.115479
2 1 0.033403 0.346636 0.486161 0.009472 0.124328
2 1 0.017481 0.103494 0.797596 0.024075 0.057354
2 1 0.006394 0.127439 0.828122 0.003242 0.034804
2 1 0.004780 0.102789 0.859564 0.007712 0.025156
2 2 0.008034 0.065184 0.896486 0.006185 0.024112
2 2 0.001730 0.042363 0.929786 0.009252 0.016869
2 2 0.004452 0.063664 0.895570 0.020196 0.016117
2 2 0.003889 0.046338 0.905276 0.027941 0.016556
2 2 0.003846 0.084761 0.886301 0.005587 0.019506
2 2 0.008963 0.087042 0.874119 0.012803 0.017073
2 2 0.005439 0.064988 0.887819 0.025559 0.016195
2 2 0.002328 0.035853 0.934700 0.014042 0.013078
2 2 0.005663 0.082040 0.876748 0.015969 0.019579
2 2 0.003969 0.052294 0.924021 0.006110 0.013607
2 2 0.012176 0.091596 0.835131 0.041210 0.019887
2 2 0.004563 0.066120 0.897889 0.017641 0.013787
2 2 0.005912 0.059329 0.883057 0.035165 0.016537
2 2 0.004465 0.049767 0.916737 0.018704 0.010327
2 2 0.005229 0.090614 0.875520 0.007383 0.021254
2 2 0.002443 0.030831 0.934605 0.025240 0.006881
2 2 0.006469 0.080151 0.873538 0.021902 0.017939
2 2 0.007480 0.081175 0.869146 0.025238 0.016961
2 2 0.007100 0.060148 0.887133 0.034752 0.010867
2 2 0.010944 0.092224 0.863952 0.021392 0.011488
2 2 0.003579 0.036457 0.934433 0.021470 0.004060
2 2 0.014115 0.114810 0.830633 0.025952 0.014490
2 2 0.023521 0.149739 0.780317 0.023414 0.023008
2 2 0.013216 0.099686 0.841582 0.031659 0.013856
2 2 0.037805 0.246455 0.677313 0.008081 0.030345
2 2 0.014213 0.132914 0.820758 0.018372 0.013743
2 2 0.011150 0.068441 0.889575 0.019341 0.011492
2 2 0.011648 0.090969 0.870203 0.015777 0.011403
2 2 0.007146 0.066517 0.895390 0.023273 0.007674
2 2 0.014520 0.116466 0.827511 0.026574 0.014928
2 2 0.055817 0.227323 0.670744 0.019207 0.026910
2 2 0.015813 0.146421 0.804644 0.018025 0.015097
2 2 0.011675 0.100630 0.858209 0.017936 0.011550
2 2 0.004690 0.051734 0.921226 0.017365 0.004986
2 2 0.113955 0.391958 0.464146 0.012226 0.017716
2 2 0.103845 0.378356 0.486077 0.017081 0.014640
2 2 0.095829 0.431023 0.444606 0.009688 0.018855
1 0 0.131409 0.469254 0.363401 0.007054 0.028882
1 1 0.112682 0.487414 0.326049 0.002353 0.071501
1 1 0.174856 0.444199 0.261129 0.003298 0.116519
1 1 0.202186 0.475528 0.211542 0.000959 0.109785
1 1 0.180893 0.428314 0.260586 0.004409 0.125799
1 1 0.077743 0.413689 0.404306 0.010459 0.093802
1 1 0.116448 0.395001 0.235900 0.002304 0.250347
1 1 0.202844 0.483803 0.203921 0.000714 0.108717
1 1 0.250357 0.420716 0.179294 0.001364 0.148269
1 1 0.177556 0.445226 0.256946 0.003082 0.117190
1 1 0.193094 0.454816 0.231604 0.001860 0.118626
1 1 0.180411 0.438678 0.255504 0.003406 0.122001
1 1 0.147423 0.515428 0.224914 0.000453 0.111782
1 1 0.155680 0.456717 0.281203 0.003203 0.103196
1 1 0.073691 0.499218 0.353336 0.001430 0.072325
1 1 0.098248 0.476602 0.356455 0.003256 0.065439
1 2 0.099468 0.452939 0.370249 0.005629 0.071715
1 2 0.172666 0.464233 0.253430 0.002076 0.107595
1 2 0.288138 0.467045 0.148269 0.000345 0.096203
1 1 0.201746 0.482578 0.223294 0.001148 0.091234
1 1 0.289412 0.433405 0.168431 0.001089 0.107663
0 1 0.341754 0.323902 0.115194 0.001355 0.217795
1 1 0.119802 0.431641 0.220868 0.000986 0.226703
1 1 0.102211 0.448016 0.261284 0.001330 0.187159
0 1 0.397279 0.312089 0.083387 0.000425 0.206820
0 1 0.577978 0.209078 0.048835 0.000694 0.163416
1 1 0.263488 0.421807 0.127306 0.000271 0.187127
1 1 0.236052 0.397014 0.162487 0.001138 0.203309
1 1 0.119620 0.483957 0.241539 0.000706 0.154178
1 1 0.194284 0.393040 0.157816 0.000773 0.254087
1 1 0.195578 0.410617 0.135344 0.000275 0.258187
1 1 0.214599 0.386054 0.164608 0.001254 0.233486
0 1 0.423386 0.265023 0.066960 0.000440 0.244191
1 1 0.169897 0.383149 0.200514 0.002380 0.244059
1 1 0.255897 0.368501 0.116808 0.000408 0.258387
1 1 0.139532 0.512262 0.220943 0.000400 0.126863
1 1 0.218958 0.348941 0.189864 0.005008 0.237228
0 1 0.520973 0.138155 0.039376 0.002520 0.298976
1 1 0.257378 0.334721 0.115457 0.000719 0.291726
1 1 0.092086 0.396563 0.338226 0.008404 0.164722
1 1 0.108651 0.441284 0.199416 0.000439 0.250210
4 1 0.306988 0.240916 0.063146 0.000364 0.388586
4 1 0.309340 0.209997 0.065580 0.001052 0.414031
4 1 0.234254 0.200441 0.056317 0.000409 0.508579
4 1 0.226577 0.178602 0.051725 0.000513 0.542583
4 1 0.176720 0.216634 0.080173 0.000933 0.525540
4 1 0.172905 0.284598 0.117635 0.001134 0.423728
4 1 0.145329 0.250430 0.112031 0.001462 0.490748
4 1 0.350012 0.203673 0.050808 0.000427 0.395081
4 4 0.157827 0.102298 0.029357 0.000481 0.710036
4 4 0.159381 0.112211 0.034980 0.000675 0.692754
4 4 0.106172 0.088100 0.026368 0.000347 0.779013
4 4 0.446083 0.086135 0.014209 0.000201 0.453372
0 4 0.641688 0.079550 0.013211 0.000424 0.265127
4 4 0.390473 0.076367 0.011825 0.000139 0.521196
4 4 0.304838 0.090665 0.018063 0.000278 0.586155
4 4 0.214367 0.072421 0.012819 0.000101 0.700292
0 4 0.666311 0.068748 0.010226 0.000311 0.254405
4 4 0.359162 0.094846 0.019048 0.000370 0.526574
4 4 0.320906 0.096935 0.020405 0.000375 0.561379
4 4 0.413741 0.101158 0.019967 0.000372 0.464762
0 4 0.742312 0.053326 0.006530 0.000173 0.197659
4 4 0.417310 0.101636 0.018697 0.000262 0.462095
4 4 0.330810 0.107433 0.023968 0.000451 0.537338
0 4 0.565207 0.095946 0.018517 0.000607 0.319723
0 4 0.808038 0.063876 0.012545 0.001974 0.113566
4 4 0.447008 0.084188 0.014523 0.000284 0.453997
0 4 0.844220 0.028767 0.002379 0.000055 0.124580
0 4 0.519844 0.072952 0.010582 0.000171 0.396451
0 4 0.749043 0.037780 0.003335 0.000049 0.209793
0 4 0.588096 0.070302 0.010320 0.000240 0.331041
4 4 0.376442 0.085573 0.014545 0.000179 0.523262
4 4 0.349819 0.108368 0.023987 0.000471 0.517355
4 4 0.426823 0.106299 0.023048 0.000636 0.443194
0 4 0.493874 0.103589 0.022322 0.000837 0.379378
0 4 0.567832 0.060576 0.007265 0.000090 0.364237
0 4 0.491654 0.079857 0.012009 0.000158 0.416322
0 4 0.570948 0.110840 0.023015 0.000735 0.294462
0 4 0.524416 0.133549 0.028453 0.000579 0.313002
0 4 0.503125 0.178269 0.038782 0.000433 0.279390
0 4 0.666260 0.087504 0.016807 0.000859 0.228570
0 4 0.416349 0.180856 0.053506 0.001527 0.347763
4 4 0.102214 0.183619 0.084357 0.001292 0.628519
4 4 0.296620 0.134068 0.039248 0.001174 0.528891
4 4 0.253536 0.283955 0.109620 0.001532 0.351356
1 4 0.150709 0.459237 0.241507 0.001458 0.147089
4 4 0.261744 0.295666 0.109854 0.001264 0.331472
1 4 0.197526 0.355147 0.202449 0.005192 0.239687
4 4 0.265976 0.219148 0.089822 0.003077 0.421977
1 4 0.110410 0.382759 0.194899 0.001008 0.310924
1 4 0.101156 0.403350 0.222148 0.001181 0.272165
1 4 0.095235 0.375413 0.306060 0.007971 0.215322
1 1 0.093299 0.377006 0.264458 0.003717 0.261520
1 1 0.107278 0.384934 0.207240 0.001253 0.299295
4 1 0.151594 0.347304 0.139287 0.000604 0.361211
1 1 0.101990 0.392867 0.183908 0.000558 0.320676
1 1 0.115032 0.371750 0.171669 0.000694 0.340855
1 1 0.138886 0.403186 0.211315 0.001586 0.245028
1 1 0.156706 0.405730 0.213484 0.001953 0.222126
4 1 0.323465 0.226674 0.083942 0.002438 0.363481
1 1 0.091835 0.421188 0.272467 0.002038 0.212472
2 1 0.010890 0.158480 0.794463 0.011738 0.024429
2 2 0.014653 0.264275 0.658572 0.007943 0.054558
2 2 0.017542 0.227153 0.706999 0.012019 0.036288
2 2 0.015635 0.133242 0.785060 0.033369 0.032695
2 2 0.007197 0.115258 0.827254 0.016255 0.034036
2 2 0.014221 0.210528 0.693529 0.014744 0.066978
2 2 0.006918 0.074079 0.868761 0.030225 0.020017
2 2 0.004154 0.075280 0.896199 0.008099 0.016269
2 2 0.005184 0.049450 0.889887 0.040613 0.014865
2 2 0.010411 0.186610 0.744679 0.010761 0.047539
2 2 0.011787 0.146819 0.773309 0.004397 0.063688
2 2 0.001868 0.026458 0.940220 0.024371 0.007084
2 2 0.002936 0.057709 0.913105 0.012667 0.013583
2 2 0.001729 0.028995 0.944106 0.015836 0.009334
2 2 0.001201 0.029605 0.944704 0.013404 0.011086
2 2 0.002605 0.032162 0.926814 0.029409 0.009011
2 2 0.006817 0.079489 0.864233 0.027079 0.022382
2 2 0.002009 0.021572 0.930463 0.039398 0.006558
2 2 0.003117 0.022371 0.901385 0.066481 0.006646
2 2 0.001716 0.019967 0.930738 0.036594 0.010984
2 2 0.003521 0.014199 0.804337 0.170516 0.007427
2 2 0.010905 0.069337 0.808084 0.080327 0.031346
2 2 0.009374 0.067978 0.846715 0.055348 0.020584
2 2 0.005549 0.033466 0.871465 0.079459 0.010061
2 2 0.009994 0.041726 0.792596 0.139211 0.016472
2 2 0.002096 0.011397 0.881600 0.101608 0.003298
2 2 0.003827 0.019174 0.828467 0.139064 0.009468
2 2 0.003566 0.017006 0.850520 0.123225 0.005682
2 2 0.006284 0.023740 0.787313 0.172891 0.009773
2 2 0.013705 0.052149 0.770832 0.144209 0.019105
2 2 0.002391 0.013689 0.865326 0.112879 0.005715
2 2 0.004454 0.017608 0.761190 0.205777 0.010971
2 2 0.012208 0.042860 0.753667 0.173456 0.017809
2 3 0.007715 0.031630 0.796201 0.151420 0.013034
2 3 0.007303 0.023114 0.725396 0.232344 0.011843
2 3 0.007343 0.026193 0.768009 0.187041 0.011414
2 3 0.012419 0.030864 0.629553 0.308351 0.018813
2 3 0.002988 0.007966 0.646493 0.337652 0.004901
2 3 0.003478 0.006593 0.498410 0.486956 0.004563
2 3 0.007171 0.018920 0.662501 0.301192 0.010216
2 3 0.028220 0.073133 0.719939 0.169880 0.008828
2 3 0.006814 0.014847 0.620591 0.352328 0.005419
2 3 0.005265 0.025413 0.851968 0.109692 0.007661
2 3 0.005340 0.029187 0.880790 0.078712 0.005972
2 2 0.004778 0.021094 0.857924 0.112260 0.003945
2 2 0.003402 0.016579 0.871991 0.104446 0.003582
2 2 0.008217 0.036493 0.840749 0.106560 0.007981
2 2 0.008955 0.032347 0.791489 0.158127 0.009082
2 2 0.005241 0.018893 0.797938 0.172576 0.005351
2 2 0.005233 0.020855 0.818652 0.149122 0.006138
2 2 0.002887 0.008711 0.730253 0.255061 0.003088
2 2 0.002275 0.004726 0.601264 0.390429 0.001305
2 3 0.009749 0.024238 0.663965 0.292332 0.009716
2 3 0.065625 0.145621 0.634322 0.144504 0.009929
2 3 0.004460 0.028619 0.899577 0.061400 0.005944
2 3 0.002721 0.006326 0.642044 0.346933 0.001976
2 3 0.010741 0.023550 0.616026 0.339899 0.009783
2 3 0.004040 0.010682 0.667109 0.313054 0.005116
2 3 0.005814 0.012515 0.612114 0.364898 0.004660
3 3 0.002843 0.004611 0.447441 0.542643 0.002462
3 3 0.006007 0.010146 0.459242 0.517397 0.007209
3 3 0.010039 0.013595 0.387936 0.579866 0.008564
3 3 0.001580 0.002329 0.372436 0.622053 0.001601
3 3 0.004430 0.005033 0.308869 0.678699 0.002969
3 3 0.002252 0.001601 0.166950 0.828435 0.000761
3 3 0.007237 0.005356 0.196426 0.788455 0.002526
3 3 0.001828 0.001595 0.211031 0.784703 0.000843
3 3 0.004861 0.003408 0.177083 0.813068 0.001580
3 3 0.004070 0.002120 0.118086 0.874873 0.000851
3 3 0.003245 0.002054 0.149212 0.844576 0.000914
3 3 0.004220 0.003216 0.193851 0.797154 0.001559
3 3 0.009871 0.006261 0.166589 0.814565 0.002715
3 3 0.002179 0.000839 0.072734 0.923954 0.000294
3 3 0.003740 0.002315 0.147101 0.845829 0.001015
3 3 0.003554 0.001876 0.118554 0.875255 0.000761
3 3 0.001578 0.000452 0.045937 0.951895 0.000137
