0 0 0.935067 0.023633 0.022304 0.001560 0.017436
0 0 0.950028 0.017236 0.014461 0.000853 0.017424
0 0 0.954424 0.012065 0.008573 0.000472 0.024465
0 0 0.971384 0.008168 0.003587 0.000069 0.016791
0 0 0.935843 0.022053 0.007075 0.000171 0.034857
0 0 0.945800 0.014092 0.007520 0.000324 0.032264
0 0 0.961175 0.006764 0.003134 0.000081 0.028846
0 0 0.943937 0.010634 0.005598 0.000238 0.039593
0 0 0.953580 0.013678 0.008848 0.000432 0.023462
0 0 0.945554 0.023086 0.013440 0.000578 0.017343
0 0 0.967531 0.009398 0.007321 0.000339 0.015410
0 0 0.954473 0.014380 0.006658 0.000202 0.024287
0 0 0.973126 0.009029 0.005653 0.000164 0.012028
0 0 0.974030 0.007698 0.005014 0.000153 0.013104
0 0 0.950986 0.019183 0.011547 0.000495 0.017789
0 0 0.932983 0.028776 0.018041 0.000989 0.019211
0 0 0.943209 0.019289 0.015469 0.001071 0.020962
0 0 0.976621 0.006913 0.003270 0.000059 0.013138
0 0 0.969690 0.007152 0.002938 0.000054 0.020167
0 0 0.922277 0.029306 0.008591 0.000214 0.039612
0 0 0.952941 0.011639 0.002657 0.000030 0.032734
0 0 0.962581 0.007508 0.005290 0.000244 0.024377
0 0 0.903186 0.021432 0.012923 0.000981 0.061478
0 0 0.858731 0.055928 0.009164 0.000096 0.076081
0 0 0.953756 0.012920 0.004973 0.000119 0.028232
0 0 0.944056 0.015112 0.006302 0.000198 0.034333
0 0 0.897481 0.033565 0.003609 0.000016 0.065329
0 0 0.920388 0.011131 0.003268 0.000076 0.065137
0 0 0.520426 0.148410 0.017935 0.000145 0.313084
0 0 0.720905 0.079667 0.009715 0.000075 0.189638
0 0 0.865154 0.078782 0.005725 0.000017 0.050322
0 0 0.951774 0.009513 0.002314 0.000020 0.036379
0 0 0.856733 0.062571 0.010174 0.000166 0.070356
0 0 0.956968 0.014454 0.003903 0.000053 0.024621
0 0 0.960378 0.013329 0.005242 0.000113 0.020938
0 0 0.760748 0.075532 0.019246 0.000428 0.144045
0 0 0.943607 0.009679 0.002659 0.000038 0.044016
0 0 0.946355 0.005349 0.002834 0.000075 0.045386
0 0 0.949733 0.008715 0.009229 0.000945 0.031379
0 0 0.878979 0.067699 0.019542 0.000596 0.033185
0 0 0.861399 0.050527 0.009756 0.000127 0.078192
0 0 0.962420 0.013045 0.005399 0.000119 0.019018
0 0 0.945102 0.019146 0.011405 0.000556 0.023791
0 0 0.952184 0.011869 0.007720 0.000394 0.027834
0 0 0.970543 0.008338 0.005443 0.000185 0.015490
0 0 0.956635 0.012657 0.003920 0.000065 0.026722
0 0 0.946305 0.020925 0.011188 0.000450 0.021132
0 0 0.956740 0.015654 0.009528 0.000386 0.017692
0 0 0.957288 0.008146 0.003178 0.000070 0.031318
0 0 0.971061 0.003163 0.001604 0.000034 0.024138
0 0 0.965888 0.009246 0.004780 0.000134 0.019952
0 0 0.963932 0.011220 0.005506 0.000149 0.019193
0 0 0.958861 0.009171 0.003240 0.000061 0.028667
0 0 0.949572 0.016509 0.008622 0.000334 0.024963
0 0 0.918485 0.046090 0.008290 0.000095 0.027039
0 0 0.656819 0.257893 0.017928 0.000086 0.067274
0 4 0.579534 0.244222 0.016608 0.000060 0.159576
0 4 0.467089 0.342194 0.027975 0.000153 0.162588
0 4 0.539614 0.286160 0.016367 0.000051 0.157808
0 4 0.508460 0.339093 0.025738 0.000115 0.126595
4 4 0.013295 0.097674 0.009129 0.000015 0.879888
4 4 0.041845 0.086938 0.004596 0.000004 0.866617
4 4 0.026437 0.268631 0.009884 0.000003 0.695044
4 4 0.085251 0.033466 0.003619 0.000001 0.877662
4 4 0.101414 0.049553 0.002710 0.000001 0.846321
4 4 0.046056 0.029921 0.001842 0.000001 0.922181
4 4 0.320130 0.158878 0.007224 0.000004 0.513763
1 4 0.080941 0.518448 0.011617 0.000001 0.388993
4 4 0.034790 0.412069 0.008458 0.000001 0.544683
4 4 0.041737 0.171038 0.008932 0.000003 0.778290
4 4 0.053352 0.228149 0.013779 0.000009 0.704712
4 4 0.095488 0.299317 0.005648 0.000000 0.599546
4 4 0.126813 0.038874 0.003096 0.000001 0.831216
4 4 0.038022 0.400825 0.009992 0.000001 0.551160
4 4 0.018305 0.331225 0.010683 0.000001 0.639785
4 4 0.052131 0.386206 0.007402 0.000001 0.554260
4 4 0.022165 0.241034 0.009538 0.000003 0.727259
4 4 0.142248 0.028745 0.002101 0.000001 0.826904
4 4 0.039231 0.314467 0.007801 0.000001 0.638500
4 4 0.253218 0.063639 0.003798 0.000003 0.679341
4 4 0.014429 0.166417 0.006690 0.000002 0.812462
4 4 0.005405 0.193225 0.011024 0.000004 0.790342
4 4 0.025005 0.034492 0.003608 0.000005 0.936892
4 4 0.030671 0.188690 0.008599 0.000004 0.772035
4 4 0.009076 0.246776 0.008351 0.000001 0.735796
4 4 0.054298 0.060893 0.003174 0.000001 0.881634
4 4 0.030337 0.147239 0.006085 0.000002 0.816338
4 4 0.111573 0.264303 0.007637 0.000002 0.616485
4 4 0.056630 0.381075 0.011337 0.000002 0.550956
4 4 0.197076 0.095134 0.009137 0.000009 0.698643
4 4 0.024654 0.273393 0.010038 0.000003 0.691912
4 4 0.147466 0.018144 0.003216 0.000006 0.831169
4 4 0.031602 0.336771 0.009335 0.000001 0.622290
4 4 0.033072 0.056224 0.002359 0.000000 0.908345
4 4 0.011293 0.318406 0.032424 0.000027 0.637849
4 4 0.031061 0.381961 0.016414 0.000005 0.570559
4 4 0.006965 0.268478 0.013682 0.000003 0.710872
4 4 0.026467 0.305171 0.013879 0.000005 0.654479
4 4 0.014500 0.344970 0.037154 0.000037 0.603339
4 2 0.004283 0.318486 0.105810 0.000290 0.571131
2 2 0.000501 0.190339 0.791115 0.000419 0.017624
2 2 0.000195 0.174210 0.805979 0.000217 0.019400
2 2 0.000023 0.012889 0.986031 0.000018 0.001039
2 2 0.000038 0.014775 0.984512 0.000050 0.000625
2 2 0.000070 0.048834 0.949069 0.000111 0.001916
2 2 0.000034 0.007266 0.992227 0.000054 0.000418
2 2 0.000031 0.007593 0.991595 0.000107 0.000674
2 2 0.000060 0.039766 0.956590 0.000415 0.003169
2 2 0.000079 0.042464 0.953138 0.000042 0.004277
2 2 0.000015 0.003672 0.995776 0.000362 0.000176
2 2 0.000021 0.009555 0.989953 0.000186 0.000285
2 2 0.000036 0.019797 0.979322 0.000078 0.000768
2 2 0.000157 0.009190 0.989537 0.000723 0.000393
2 2 0.000035 0.005976 0.992692 0.000937 0.000359
2 2 0.000018 0.006136 0.993283 0.000406 0.000157
2 2 0.000051 0.006131 0.992553 0.000704 0.000561
2 3 0.000027 0.002557 0.996803 0.000458 0.000155
2 3 0.000179 0.010582 0.981514 0.007018 0.000708
2 3 0.000045 0.007589 0.991751 0.000372 0.000243
2 3 0.000288 0.007271 0.987805 0.003889 0.000746
2 3 0.000273 0.005275 0.972511 0.021666 0.000275
2 3 0.000474 0.006881 0.923505 0.068251 0.000889
2 3 0.000333 0.005577 0.919541 0.073708 0.000841
2 3 0.001437 0.012641 0.872684 0.111239 0.001999
2 3 0.000235 0.004435 0.889944 0.104380 0.001007
2 3 0.000137 0.003859 0.973130 0.022599 0.000276
2 3 0.000206 0.004123 0.894486 0.100256 0.000929
2 3 0.000668 0.008195 0.892896 0.096883 0.001357
2 3 0.000707 0.008219 0.852192 0.137006 0.001875
2 3 0.000752 0.008594 0.864700 0.124197 0.001757
2 3 0.000128 0.003238 0.930607 0.065474 0.000553
2 3 0.000335 0.005737 0.945035 0.048308 0.000586
2 3 0.000716 0.007663 0.744937 0.243536 0.003148
2 3 0.000483 0.006562 0.850216 0.141055 0.001684
2 3 0.000597 0.007774 0.908576 0.081925 0.001128
2 3 0.000417 0.005986 0.842159 0.149753 0.001687
2 3 0.000376 0.006085 0.936743 0.056103 0.000693
2 3 0.001360 0.020481 0.849192 0.121905 0.007062
2 3 0.001682 0.016375 0.882462 0.096804 0.002677
2 3 0.000105 0.002777 0.894934 0.101443 0.000742
2 3 0.000177 0.004096 0.972427 0.023050 0.000249
2 3 0.001250 0.010097 0.676611 0.307302 0.004740
2 3 0.001170 0.013040 0.948028 0.036897 0.000865
2 3 0.002002 0.014509 0.796177 0.183817 0.003496
2 3 0.000292 0.005085 0.901574 0.092075 0.000974
2 3 0.002694 0.014434 0.562203 0.412437 0.008232
2 3 0.000863 0.009108 0.833994 0.153811 0.002225
2 3 0.001722 0.013432 0.811714 0.170039 0.003094
2 3 0.001518 0.014903 0.771901 0.206074 0.005604
2 3 0.001225 0.010764 0.780515 0.204258 0.003237
2 3 0.007227 0.028675 0.698392 0.258239 0.007467
2 2 0.032180 0.173742 0.731524 0.042448 0.020106
2 2 0.007305 0.135021 0.834996 0.011314 0.011364
2 2 0.005724 0.198452 0.742966 0.006938 0.045920
2 2 0.009394 0.327095 0.576167 0.008463 0.078882
2 2 0.040862 0.323215 0.592241 0.011951 0.031730
2 2 0.007210 0.273990 0.684473 0.004314 0.030013
2 2 0.005615 0.253332 0.716149 0.003016 0.021888
2 2 0.000508 0.079789 0.912322 0.001363 0.006017
2 2 0.002730 0.236579 0.735130 0.001854 0.023708
2 2 0.000792 0.282078 0.682447 0.000242 0.034441
1 2 0.004347 0.491913 0.446531 0.000321 0.056889
2 2 0.000755 0.256741 0.713619 0.000285 0.028600
2 2 0.000234 0.182826 0.785390 0.000264 0.031286
2 2 0.000117 0.077974 0.911845 0.000018 0.010045
2 2 0.001448 0.345236 0.610420 0.000352 0.042544
2 2 0.001262 0.364354 0.603279 0.000099 0.031006
2 2 0.000107 0.021246 0.973407 0.000118 0.005122
2 2 0.001033 0.275619 0.699786 0.000198 0.023363
2 2 0.000355 0.065800 0.919664 0.000022 0.014159
2 2 0.000177 0.072131 0.923213 0.000156 0.004322
2 2 0.001003 0.365243 0.594079 0.000093 0.039583
2 2 0.000699 0.075073 0.914514 0.000026 0.009688
2 2 0.001828 0.265172 0.708281 0.000678 0.024041
2 2 0.002440 0.387036 0.569136 0.000348 0.041041
2 2 0.002818 0.391410 0.549493 0.000574 0.055705
2 2 0.000392 0.071791 0.914584 0.000027 0.013206
2 2 0.000377 0.140297 0.848413 0.000193 0.010719
2 2 0.000282 0.121952 0.872017 0.000219 0.005530
2 2 0.000753 0.288256 0.661894 0.000480 0.048617
1 2 0.020168 0.521704 0.390005 0.000978 0.067145
1 2 0.007515 0.474885 0.451502 0.000781 0.065317
2 2 0.000777 0.119505 0.861748 0.000047 0.017923
1 2 0.025256 0.633971 0.276182 0.000514 0.064078
2 2 0.002044 0.436615 0.519563 0.000124 0.041653
2 2 0.000281 0.040272 0.949769 0.000006 0.009672
2 2 0.000065 0.010437 0.986252 0.000072 0.003173
2 2 0.000672 0.200445 0.786511 0.000093 0.012278
2 2 0.000379 0.206655 0.782382 0.000073 0.010511
2 2 0.000162 0.023606 0.971823 0.000032 0.004377
2 2 0.000345 0.047834 0.942919 0.000026 0.008875
2 2 0.000186 0.065064 0.926524 0.000061 0.008164
2 2 0.000099 0.022641 0.975459 0.000815 0.000986
2 2 0.000793 0.146844 0.844643 0.000184 0.007536
2 2 0.000210 0.074041 0.922593 0.000195 0.002960
2 2 0.002286 0.273525 0.708334 0.000512 0.015343
1 2 0.040511 0.474363 0.441410 0.003010 0.040707
2 1 0.012980 0.376936 0.579061 0.001347 0.029676
1 1 0.020244 0.652066 0.231052 0.000270 0.096368
2 2 0.000857 0.357651 0.591379 0.000135 0.049978
1 2 0.003995 0.498218 0.431491 0.000236 0.066060
2 2 0.000288 0.031155 0.962216 0.000043 0.006298
2 2 0.001732 0.247426 0.711575 0.000103 0.039165
2 2 0.000444 0.071852 0.916001 0.000049 0.011654
2 2 0.000253 0.032885 0.961410 0.000089 0.005364
2 2 0.000465 0.084567 0.905608 0.000023 0.009336
2 2 0.000441 0.060415 0.923943 0.000015 0.015187
2 2 0.000691 0.079438 0.908221 0.000024 0.011626
2 2 0.000408 0.162738 0.813889 0.000179 0.022785
2 2 0.001127 0.127813 0.857457 0.000211 0.013392
2 2 0.001586 0.165469 0.810485 0.000172 0.022287
2 2 0.000110 0.040693 0.954568 0.000042 0.004587
2 0 0.006374 0.146594 0.836993 0.004007 0.006032
2 0 0.065595 0.285906 0.605489 0.014592 0.028417
1 0 0.249090 0.514784 0.152215 0.000740 0.083171
1 1 0.011309 0.587014 0.311556 0.000711 0.089411
1 1 0.006490 0.536947 0.392681 0.000350 0.063532
2 2 0.000189 0.052243 0.935500 0.000034 0.012035
2 2 0.002913 0.418984 0.517535 0.000341 0.060227
1 2 0.028556 0.628937 0.230653 0.000520 0.111335
1 1 0.043996 0.660784 0.180106 0.000372 0.114741
1 1 0.024674 0.617841 0.189475 0.000413 0.167597
1 1 0.117228 0.480961 0.128734 0.000367 0.272711
1 1 0.059358 0.545061 0.146553 0.000617 0.248411
1 1 0.039168 0.661273 0.189982 0.000379 0.109198
1 1 0.007869 0.611468 0.173761 0.000140 0.206762
1 1 0.010605 0.606372 0.142680 0.000116 0.240227
1 1 0.012947 0.665715 0.110125 0.000044 0.211168
1 1 0.003399 0.523645 0.269825 0.000243 0.202888
2 2 0.000060 0.010689 0.981462 0.000017 0.007771
2 2 0.000340 0.121412 0.815782 0.000019 0.062448
2 2 0.000140 0.041259 0.934687 0.000093 0.023820
2 2 0.000343 0.043325 0.942220 0.000008 0.014104
2 2 0.000466 0.074811 0.887823 0.000005 0.036894
2 2 0.000467 0.050157 0.915752 0.000005 0.033619
2 2 0.000150 0.044177 0.941636 0.000012 0.014025
2 2 0.000340 0.056149 0.930586 0.000041 0.012884
2 2 0.000154 0.050020 0.943097 0.000326 0.006403
2 2 0.001069 0.138731 0.823221 0.000049 0.036929
1 0 0.121690 0.610041 0.212538 0.001205 0.054527
1 0 0.191881 0.533258 0.171609 0.002229 0.101024
1 1 0.111416 0.551059 0.198834 0.001140 0.137551
1 0 0.289090 0.327548 0.074318 0.000472 0.308571
1 1 0.110828 0.628043 0.116492 0.000323 0.144314
0 0 0.639427 0.163252 0.054710 0.000826 0.141785
1 1 0.281526 0.368635 0.065343 0.000263 0.284232
4 1 0.325279 0.203436 0.072159 0.000418 0.398708
1 0 0.114736 0.514509 0.081954 0.000249 0.288552
1 1 0.060931 0.693604 0.055925 0.000019 0.189520
1 1 0.031701 0.641823 0.077378 0.000043 0.249054
1 1 0.042756 0.659450 0.067502 0.000033 0.230259
1 1 0.014976 0.618079 0.127811 0.000107 0.239027
1 2 0.025513 0.671494 0.085610 0.000038 0.217345
1 2 0.018544 0.653604 0.118732 0.000079 0.209041
2 2 0.005166 0.286105 0.585125 0.000070 0.123535
2 2 0.003705 0.371729 0.567606 0.000171 0.056790
2 2 0.000814 0.091082 0.877724 0.000035 0.030347
2 2 0.006909 0.400497 0.509589 0.000133 0.082872
2 2 0.003698 0.394184 0.532723 0.000296 0.069099
2 2 0.002053 0.159599 0.803254 0.000046 0.035047
2 2 0.000617 0.226263 0.751866 0.000100 0.021154
2 2 0.000217 0.046074 0.950035 0.000008 0.003667
2 2 0.000542 0.110758 0.882280 0.000049 0.006371
2 2 0.004227 0.403456 0.576660 0.000319 0.015338
2 2 0.000229 0.060379 0.931996 0.000073 0.007322
2 2 0.000256 0.137900 0.857233 0.000078 0.004534
2 2 0.000161 0.057369 0.934050 0.000020 0.008400
2 2 0.000428 0.079068 0.908989 0.000015 0.011501
2 2 0.000898 0.351767 0.614963 0.000104 0.032267
2 2 0.000507 0.080984 0.910820 0.000078 0.007612
2 2 0.000110 0.061840 0.934891 0.000125 0.003034
2 2 0.000444 0.260358 0.719738 0.000086 0.019375
2 2 0.000337 0.098211 0.893759 0.000022 0.007671
2 2 0.004190 0.398533 0.575389 0.000265 0.021623
2 1 0.002248 0.306225 0.670527 0.000302 0.020698
2 2 0.000481 0.118365 0.862285 0.000011 0.018857
2 2 0.000058 0.024210 0.968925 0.000012 0.006795
2 2 0.000444 0.080999 0.912507 0.000055 0.005995
2 2 0.000054 0.019380 0.978094 0.000019 0.002453
2 2 0.000462 0.095486 0.891056 0.000023 0.012972
2 2 0.000236 0.064069 0.931309 0.000361 0.004025
2 2 0.000328 0.017361 0.980348 0.000340 0.001623
2 2 0.000290 0.051345 0.945374 0.000071 0.002919
2 2 0.000126 0.013966 0.984253 0.000125 0.001529
2 2 0.000198 0.016950 0.978989 0.000046 0.003818
2 2 0.000076 0.012430 0.985177 0.001525 0.000792
2 0 0.028886 0.267697 0.677591 0.009895 0.015930
2 0 0.054836 0.262530 0.657959 0.013465 0.011209
2 0 0.096387 0.308212 0.554152 0.018583 0.022667
2 1 0.006083 0.378167 0.577081 0.001606 0.037063
1 0 0.176063 0.478705 0.275986 0.005172 0.064074
1 1 0.015563 0.601748 0.300324 0.000734 0.081631
2 1 0.003172 0.421619 0.546864 0.000303 0.028043
2 2 0.000468 0.199375 0.783312 0.000070 0.016775
2 2 0.000091 0.041227 0.955518 0.000017 0.003147
2 2 0.000079 0.027326 0.970278 0.000022 0.002295
2 2 0.000257 0.068930 0.921274 0.000019 0.009521
2 2 0.000157 0.068522 0.918219 0.000020 0.013082
2 2 0.000054 0.017167 0.975898 0.000003 0.006878
2 2 0.000067 0.048371 0.949565 0.000102 0.001894
2 2 0.000010 0.009868 0.989145 0.000084 0.000893
2 2 0.000012 0.016088 0.982977 0.000073 0.000850
2 2 0.000147 0.081698 0.911085 0.000383 0.006686
2 2 0.000017 0.007219 0.992050 0.000067 0.000648
2 2 0.000015 0.008315 0.991026 0.000270 0.000374
2 2 0.000022 0.005126 0.994573 0.000158 0.000121
2 2 0.000125 0.028145 0.971130 0.000215 0.000384
2 2 0.000030 0.007219 0.992056 0.000387 0.000308
2 2 0.000018 0.006674 0.992974 0.000071 0.000263
2 2 0.000029 0.005543 0.993719 0.000471 0.000238
2 2 0.000165 0.008905 0.982129 0.008203 0.000597
2 2 0.000354 0.083076 0.908215 0.001033 0.007322
2 2 0.000157 0.019535 0.977868 0.001604 0.000836
2 2 0.000126 0.027987 0.970078 0.000702 0.001107
2 2 0.000083 0.024335 0.972722 0.001074 0.001787
2 2 0.000598 0.046966 0.948813 0.001757 0.001865
2 0 0.065418 0.438354 0.470097 0.005672 0.020459
2 0 0.000974 0.081137 0.914099 0.001090 0.002700
2 2 0.000175 0.043861 0.955082 0.000075 0.000806
2 2 0.000121 0.037968 0.960948 0.000206 0.000758
2 2 0.000807 0.117293 0.875642 0.000741 0.005518
2 2 0.000051 0.018064 0.980491 0.000019 0.001375
2 2 0.000227 0.098869 0.895437 0.000282 0.005185
2 2 0.002666 0.236756 0.744843 0.001094 0.014640
1 0 0.175561 0.443298 0.345619 0.011881 0.023641
2 1 0.005945 0.371632 0.609282 0.000548 0.012593
2 2 0.007517 0.382015 0.596247 0.000692 0.013529
1 0 0.032066 0.579550 0.357719 0.001375 0.029291
2 1 0.004715 0.430285 0.533108 0.000675 0.031216
2 2 0.006788 0.416358 0.543892 0.001132 0.031831
2 2 0.000019 0.016406 0.983045 0.000079 0.000451
2 2 0.000032 0.018972 0.980594 0.000059 0.000344
2 2 0.000648 0.130156 0.864734 0.000325 0.004136
2 2 0.000052 0.013153 0.986119 0.000213 0.000463
2 2 0.000117 0.053229 0.945381 0.000132 0.001140
2 2 0.000047 0.020816 0.978658 0.000082 0.000397
2 2 0.000074 0.012824 0.986599 0.000046 0.000456
2 2 0.000064 0.030808 0.968513 0.000113 0.000502
2 2 0.000075 0.020343 0.978994 0.000248 0.000340
2 2 0.000455 0.106044 0.890101 0.000282 0.003118
2 2 0.002589 0.156625 0.831117 0.001740 0.007928
2 1 0.007000 0.398156 0.572902 0.000890 0.021052
1 0 0.035740 0.499637 0.435701 0.002572 0.026351
1 0 0.046556 0.567664 0.342134 0.002224 0.041422
1 0 0.131937 0.628567 0.200649 0.000791 0.038056
1 1 0.006005 0.555140 0.375895 0.000386 0.062575
1 1 0.013564 0.664308 0.256756 0.000223 0.065148
2 1 0.002210 0.291074 0.694664 0.000296 0.011756
1 1 0.006156 0.578295 0.363646 0.000278 0.051624
2 2 0.000146 0.095548 0.892402 0.000031 0.011874
2 2 0.000078 0.075996 0.915052 0.000054 0.008820
2 2 0.000434 0.065393 0.915276 0.000007 0.018889
2 2 0.000380 0.189972 0.800271 0.000120 0.009257
2 2 0.001177 0.308386 0.670992 0.000149 0.019296
2 2 0.000420 0.025296 0.971189 0.000004 0.003091
2 2 0.000084 0.017117 0.975399 0.000002 0.007398
2 1 0.000201 0.122535 0.870382 0.000148 0.006735
2 2 0.000083 0.026209 0.970816 0.000009 0.002884
2 2 0.000084 0.024186 0.972650 0.000015 0.003065
2 2 0.000166 0.087156 0.909775 0.000058 0.002846
2 2 0.000089 0.029290 0.969792 0.000193 0.000635
2 1 0.005268 0.384384 0.578102 0.001114 0.031132
2 2 0.000047 0.005445 0.994059 0.000058 0.000391
2 2 0.000033 0.018706 0.979409 0.000058 0.001795
2 2 0.000019 0.011322 0.988303 0.000092 0.000265
2 2 0.000114 0.039554 0.958792 0.000298 0.001243
2 2 0.000018 0.008730 0.990594 0.000127 0.000530
2 2 0.000061 0.028528 0.970201 0.000078 0.001132
2 2 0.000049 0.012990 0.986481 0.000264 0.000215
2 2 0.000145 0.063163 0.933195 0.000327 0.003170
2 2 0.000037 0.019311 0.980139 0.000076 0.000437
2 2 0.000019 0.002713 0.996439 0.000708 0.000121
2 2 0.000055 0.021817 0.976833 0.000376 0.000919
2 2 0.000019 0.006333 0.993190 0.000337 0.000122
2 2 0.000047 0.018643 0.980399 0.000333 0.000577
2 2 0.000209 0.044515 0.953309 0.000504 0.001463
2 2 0.000098 0.014041 0.984693 0.000828 0.000341
2 2 0.000506 0.036300 0.959366 0.002288 0.001540
2 2 0.000076 0.010238 0.988394 0.000992 0.000300
2 3 0.000142 0.007861 0.989594 0.002246 0.000158
2 2 0.001283 0.058480 0.935126 0.002825 0.002286
2 2 0.000251 0.019633 0.977238 0.002171 0.000708
2 2 0.000566 0.059907 0.936085 0.001128 0.002314
2 2 0.000215 0.015302 0.981672 0.001573 0.001239
2 2 0.000411 0.020484 0.971897 0.005982 0.001226
2 2 0.003858 0.042451 0.915272 0.034578 0.003842
2 2 0.018223 0.203950 0.730762 0.021754 0.025310
2 2 0.045136 0.373879 0.553410 0.007044 0.020531
2 2 0.014114 0.383605 0.567182 0.003203 0.031896
2 2 0.019564 0.371065 0.570945 0.005196 0.033230
1 2 0.018426 0.514274 0.432387 0.001435 0.033477
1 2 0.038061 0.474686 0.460471 0.003001 0.023781
1 0 0.051902 0.577413 0.343448 0.001728 0.025509
1 0 0.079086 0.598224 0.288426 0.001558 0.032706
1 0 0.037656 0.590416 0.328490 0.001399 0.042038
1 0 0.181909 0.460333 0.324432 0.009116 0.024210
0 0 0.420798 0.344325 0.196192 0.012417 0.026267
1 1 0.024658 0.564709 0.338431 0.001451 0.070752
1 1 0.020280 0.560826 0.322360 0.001581 0.094953
2 1 0.007981 0.440627 0.458557 0.001332 0.091503
1 1 0.010232 0.657389 0.188770 0.000140 0.143470
2 2 0.002203 0.412475 0.534019 0.000207 0.051096
2 2 0.001058 0.260257 0.709145 0.000170 0.029370
2 2 0.000157 0.049232 0.946876 0.000167 0.003567
2 2 0.000918 0.092347 0.887769 0.000031 0.018935
1 2 0.002875 0.522521 0.410096 0.000101 0.064407
2 2 0.000857 0.082339 0.909897 0.000030 0.006876
2 2 0.000084 0.029533 0.962160 0.000067 0.008157
2 2 0.001912 0.178240 0.797050 0.000094 0.022704
2 2 0.000930 0.244110 0.739467 0.000108 0.015385
2 2 0.000068 0.016854 0.980994 0.000013 0.002070
2 2 0.000942 0.108869 0.876095 0.000035 0.014059
2 2 0.000258 0.071024 0.918840 0.000038 0.009842
2 2 0.000400 0.110617 0.880569 0.000282 0.008132
2 2 0.000832 0.176802 0.814294 0.000172 0.007899
2 2 0.000906 0.112778 0.845772 0.000043 0.040501
2 2 0.003138 0.313753 0.642759 0.000194 0.040157
1 1 0.047969 0.673237 0.204556 0.000363 0.073875
1 1 0.046775 0.684719 0.179959 0.000295 0.088253
0 0 0.613598 0.260067 0.096433 0.001836 0.028065
1 0 0.104724 0.672359 0.027348 0.000004 0.195565
1 0 0.017918 0.575841 0.031506 0.000004 0.374732
1 0 0.021900 0.557872 0.039377 0.000009 0.380841
1 0 0.015680 0.557347 0.047906 0.000012 0.379055
1 0 0.132062 0.477889 0.075050 0.000262 0.314738
1 0 0.045669 0.545468 0.023144 0.000004 0.385714
1 0 0.012855 0.526681 0.039527 0.000008 0.420930
1 0 0.008525 0.511639 0.079799 0.000044 0.399993
4 1 0.002549 0.306460 0.104762 0.000240 0.585990
1 1 0.035824 0.607186 0.059141 0.000030 0.297820
1 1 0.021284 0.535784 0.083062 0.000087 0.359783
1 1 0.028677 0.629138 0.044764 0.000010 0.297410
1 1 0.016568 0.532768 0.057613 0.000026 0.393025
1 1 0.030470 0.589258 0.041835 0.000011 0.338425
1 1 0.031994 0.521538 0.048714 0.000031 0.397723
4 1 0.025985 0.444926 0.041472 0.000031 0.487585
4 1 0.023485 0.396176 0.033343 0.000024 0.546971
1 1 0.031181 0.588187 0.060354 0.000033 0.320245
4 1 0.005828 0.368056 0.048526 0.000028 0.577562
4 4 0.073510 0.048510 0.016819 0.000162 0.860999
4 4 0.015518 0.367384 0.011000 0.000001 0.606097
4 4 0.039614 0.449379 0.016890 0.000003 0.494113
4 4 0.024446 0.412921 0.013251 0.000002 0.549380
4 4 0.055887 0.247026 0.012389 0.000005 0.684694
4 4 0.255312 0.109379 0.014390 0.000029 0.620890
4 4 0.064226 0.124589 0.009756 0.000013 0.801416
4 4 0.034522 0.099725 0.006653 0.000005 0.859095
4 4 0.016584 0.252914 0.017231 0.000012 0.713259
4 4 0.252882 0.203213 0.021718 0.000043 0.522143
4 4 0.052766 0.391929 0.014177 0.000004 0.541124
4 4 0.049086 0.277773 0.010338 0.000003 0.662799
4 4 0.016008 0.311489 0.020214 0.000010 0.652279
4 4 0.021718 0.402603 0.013509 0.000002 0.562169
1 0 0.281920 0.433771 0.008805 0.000002 0.275502
4 0 0.015074 0.377251 0.013777 0.000002 0.593896
4 1 0.011835 0.326219 0.019746 0.000006 0.642194
4 1 0.010040 0.289008 0.018212 0.000007 0.682734
4 0 0.090489 0.338788 0.009050 0.000002 0.561671
0 0 0.519223 0.069415 0.009536 0.000032 0.401795
1 0 0.129856 0.465342 0.009819 0.000001 0.394981
1 0 0.291843 0.487179 0.024755 0.000024 0.196199
0 0 0.633297 0.159705 0.027445 0.000227 0.179326
0 0 0.611447 0.234530 0.026410 0.000107 0.127505
0 0 0.579197 0.221874 0.023969 0.000124 0.174837
1 0 0.231226 0.529406 0.010656 0.000001 0.228711
1 0 0.351787 0.504342 0.011911 0.000002 0.131957
0 0 0.675204 0.146653 0.017614 0.000070 0.160459
0 0 0.565396 0.296033 0.023964 0.000048 0.114560
0 0 0.471080 0.389120 0.051437 0.000398 0.087964
1 0 0.203448 0.567096 0.024416 0.000010 0.205029
0 0 0.810863 0.049217 0.010140 0.000097 0.129683
0 1 0.423399 0.138233 0.018875 0.000075 0.419417
4 1 0.274840 0.300477 0.021320 0.000032 0.403331
1 1 0.146863 0.504826 0.024889 0.000016 0.323406
1 1 0.157023 0.559162 0.024634 0.000010 0.259170
1 1 0.155619 0.570073 0.028217 0.000014 0.246077
1 1 0.154026 0.541893 0.030572 0.000022 0.273486
1 1 0.228537 0.493998 0.024653 0.000022 0.252789
0 0 0.646319 0.181583 0.041047 0.000553 0.130499
1 0 0.251720 0.491302 0.062626 0.000302 0.194050
0 0 0.852274 0.056969 0.021812 0.000735 0.068210
0 0 0.634124 0.287902 0.007963 0.000004 0.070007
0 0 0.648922 0.128173 0.009906 0.000014 0.212985
1 0 0.403030 0.404195 0.015272 0.000009 0.177494
1 0 0.377099 0.480874 0.023864 0.000021 0.118142
1 0 0.262663 0.568383 0.029825 0.000018 0.139111
1 0 0.203819 0.623491 0.044399 0.000032 0.128258
1 0 0.102161 0.663036 0.059107 0.000040 0.175656
1 0 0.149066 0.659127 0.056811 0.000043 0.134953
1 0 0.269279 0.578260 0.028504 0.000014 0.123942
1 0 0.175401 0.619587 0.041616 0.000028 0.163369
1 0 0.206874 0.614286 0.043821 0.000034 0.134985
1 0 0.214640 0.612880 0.041234 0.000029 0.131217
0 0 0.681044 0.143398 0.028434 0.000249 0.146875
1 0 0.154937 0.613457 0.035868 0.000019 0.195719
1 0 0.186890 0.624767 0.041421 0.000026 0.146896
0 0 0.787237 0.104574 0.028703 0.000361 0.079126
1 0 0.271619 0.576569 0.037341 0.000030 0.114440
0 0 0.521167 0.280434 0.013880 0.000009 0.184511
0 0 0.475146 0.323238 0.010941 0.000003 0.190673
1 0 0.062189 0.690911 0.076353 0.000046 0.170501
1 0 0.053617 0.710063 0.086557 0.000049 0.149714
1 0 0.066077 0.749262 0.056498 0.000013 0.128150
1 0 0.144768 0.707123 0.042171 0.000012 0.105927
1 0 0.085102 0.712214 0.070204 0.000037 0.132444
1 0 0.123936 0.629086 0.080322 0.000132 0.166524
1 0 0.091146 0.687619 0.074149 0.000055 0.147032
1 0 0.108255 0.691387 0.087399 0.000085 0.112874
1 0 0.150108 0.673336 0.065228 0.000053 0.111276
0 0 0.417493 0.411100 0.076782 0.000986 0.093639
1 0 0.103141 0.628248 0.083057 0.000133 0.185421
1 1 0.110731 0.689184 0.077675 0.000066 0.122343
1 1 0.084116 0.652757 0.107216 0.000184 0.155727
1 1 0.066905 0.707035 0.098110 0.000079 0.127872
1 1 0.115386 0.692098 0.075953 0.000061 0.116502
1 1 0.076891 0.693354 0.118236 0.000149 0.111370
1 0 0.261911 0.546286 0.074413 0.000263 0.117127
1 1 0.205156 0.464131 0.067150 0.000181 0.263381
1 0 0.282007 0.520399 0.091877 0.000570 0.105147
1 0 0.057069 0.724136 0.063981 0.000021 0.154793
1 1 0.015571 0.615800 0.198956 0.000324 0.169349
1 1 0.014037 0.614411 0.228180 0.000399 0.142972
1 1 0.010950 0.619866 0.218242 0.000264 0.150678
1 1 0.012655 0.615539 0.205724 0.000295 0.165787
1 2 0.006901 0.536441 0.319664 0.000451 0.136542
1 1 0.015608 0.612559 0.225078 0.000432 0.146323
2 2 0.000849 0.139121 0.837793 0.000096 0.022141
1 2 0.015392 0.602030 0.310909 0.000256 0.071413
1 1 0.073363 0.615356 0.222653 0.001154 0.087474
1 0 0.239555 0.492314 0.151723 0.002672 0.113735
1 1 0.028320 0.659922 0.115983 0.000099 0.195676
1 1 0.086926 0.602270 0.149666 0.000664 0.160473
1 1 0.042334 0.649223 0.105903 0.000117 0.202423
0 0 0.397231 0.322584 0.125443 0.002638 0.152103
1 1 0.032680 0.718478 0.129528 0.000085 0.119228
1 1 0.018146 0.648644 0.219697 0.000322 0.113191
1 1 0.028773 0.668480 0.205953 0.000327 0.096467
1 1 0.017445 0.589231 0.315216 0.000966 0.077142
2 2 0.001565 0.130757 0.856725 0.000079 0.010873
1 2 0.008409 0.552995 0.380790 0.000242 0.057564
1 2 0.008151 0.532114 0.417196 0.000713 0.041826
2 2 0.002564 0.251170 0.737427 0.000484 0.008355
2 2 0.001884 0.371206 0.600691 0.000349 0.025871
2 2 0.000526 0.081068 0.915536 0.000069 0.002800
2 2 0.000142 0.056768 0.940886 0.000247 0.001958
2 2 0.000102 0.044637 0.954081 0.000040 0.001140
2 2 0.000087 0.025204 0.973966 0.000039 0.000703
2 2 0.000091 0.024817 0.974657 0.000151 0.000283
2 2 0.000051 0.025442 0.973874 0.000054 0.000579
2 2 0.000064 0.019692 0.979748 0.000026 0.000471
2 2 0.000034 0.020448 0.978839 0.000037 0.000643
2 2 0.000074 0.022650 0.976781 0.000073 0.000422
2 2 0.000288 0.090448 0.905313 0.000231 0.003719
2 2 0.000150 0.057439 0.941153 0.000078 0.001180
2 2 0.000043 0.013827 0.985725 0.000024 0.000381
2 2 0.000032 0.006170 0.993251 0.000374 0.000173
2 2 0.000082 0.034775 0.964028 0.000073 0.001042
2 2 0.000126 0.017686 0.981776 0.000027 0.000384
2 2 0.000618 0.098049 0.897587 0.000502 0.003244
2 2 0.000033 0.011436 0.988263 0.000069 0.000199
2 2 0.000984 0.082100 0.911987 0.001421 0.003509
2 2 0.000144 0.028124 0.970770 0.000390 0.000573
2 2 0.001341 0.126394 0.867147 0.000799 0.004319
2 2 0.000095 0.013857 0.985220 0.000582 0.000247
2 2 0.000049 0.010618 0.988965 0.000250 0.000118
2 2 0.000213 0.016519 0.981911 0.001066 0.000291
2 2 0.000164 0.017819 0.980851 0.000816 0.000350
2 2 0.000496 0.014633 0.970650 0.013235 0.000986
2 2 0.001109 0.087949 0.906491 0.001230 0.003221
2 2 0.000135 0.012238 0.986099 0.001261 0.000268
2 2 0.000042 0.005964 0.993425 0.000499 0.000070
2 2 0.000327 0.021463 0.973777 0.003416 0.001017
2 2 0.000085 0.011359 0.987793 0.000588 0.000176
2 2 0.000151 0.008451 0.988394 0.002791 0.000213
2 2 0.000193 0.009692 0.984958 0.004780 0.000377
2 2 0.000109 0.010619 0.987517 0.001479 0.000276
2 2 0.001459 0.013146 0.909773 0.074208 0.001414
2 2 0.003968 0.160433 0.809491 0.006659 0.019448
2 2 0.000248 0.014028 0.980133 0.004892 0.000700
2 2 0.000364 0.010728 0.973576 0.014612 0.000720
2 3 0.002437 0.017041 0.858212 0.119746 0.002564
2 3 0.001064 0.010727 0.888337 0.098256 0.001616
2 3 0.000945 0.014117 0.953136 0.030732 0.001071
2 3 0.002047 0.012749 0.605650 0.372783 0.006771
2 3 0.006563 0.055828 0.808561 0.114310 0.014737
2 3 0.001759 0.013377 0.788552 0.192824 0.003488
2 3 0.003067 0.016787 0.648416 0.324817 0.006913
2 3 0.001214 0.011276 0.852599 0.132711 0.002200
2 3 0.000737 0.007777 0.741666 0.246603 0.003217
2 3 0.003358 0.015894 0.525540 0.445594 0.009614
2 3 0.001875 0.012240 0.618995 0.360534 0.006357
2 3 0.000820 0.009148 0.879556 0.108862 0.001614
2 3 0.001444 0.012698 0.856620 0.126918 0.002320
3 3 0.004327 0.017686 0.481737 0.484782 0.011468
2 3 0.002395 0.014202 0.625596 0.351055 0.006752
2 3 0.000710 0.008556 0.901807 0.087656 0.001271
2 3 0.001969 0.012522 0.611584 0.367340 0.006585
2 3 0.001822 0.014584 0.779225 0.200071 0.004298
2 3 0.000739 0.008040 0.785654 0.202868 0.002698
2 3 0.001533 0.011225 0.658931 0.322976 0.005334
2 3 0.001170 0.009818 0.690820 0.293751 0.004441
2 3 0.004468 0.026797 0.648751 0.306889 0.013095
2 3 0.000674 0.007436 0.751485 0.237392 0.003013
2 3 0.000846 0.008337 0.725702 0.261552 0.003563
2 3 0.000842 0.008333 0.729348 0.257965 0.003512
2 3 0.002161 0.013069 0.597295 0.380437 0.007038
2 3 0.003675 0.016518 0.510146 0.459423 0.010239
2 3 0.002507 0.013979 0.573816 0.401874 0.007824
3 3 0.004305 0.017649 0.482628 0.483989 0.011428
2 3 0.001541 0.011927 0.736206 0.246171 0.004154
2 3 0.001168 0.009773 0.685528 0.299017 0.004513
2 3 0.001072 0.009856 0.766741 0.219041 0.003291
2 3 0.002092 0.012876 0.602313 0.375842 0.006877
2 3 0.001363 0.010527 0.664866 0.318196 0.005048
3 3 0.006387 0.020641 0.412269 0.545742 0.014960
2 3 0.002327 0.013518 0.585667 0.391067 0.007421
2 3 0.001282 0.011167 0.794676 0.189795 0.003079
2 3 0.002920 0.014959 0.548930 0.424475 0.008716
2 3 0.002558 0.014105 0.570595 0.404807 0.007936
2 3 0.001118 0.010392 0.806571 0.179132 0.002788
2 3 0.000756 0.007878 0.738776 0.249312 0.003278
2 3 0.001763 0.011896 0.628115 0.352144 0.006083
3 3 0.005145 0.018973 0.451067 0.511897 0.012918
2 3 0.001852 0.012258 0.629860 0.349881 0.006150
2 3 0.001331 0.010410 0.668066 0.315230 0.004963
2 3 0.000918 0.008679 0.716026 0.270597 0.003781
2 3 0.001236 0.010342 0.717491 0.266789 0.004141
2 3 0.003671 0.016511 0.510310 0.459276 0.010232
2 3 0.002887 0.014883 0.550841 0.422744 0.008645
2 3 0.003597 0.016369 0.513798 0.456147 0.010088
3 3 0.004701 0.018295 0.467135 0.497727 0.012141
2 3 0.006512 0.024666 0.584899 0.373721 0.010202
2 3 0.002220 0.014303 0.692753 0.285316 0.005407
2 3 0.000760 0.007898 0.738194 0.249857 0.003291
2 3 0.000480 0.006276 0.791766 0.199192 0.002285
2 3 0.000583 0.007172 0.819962 0.170160 0.002123
2 3 0.002281 0.013395 0.588839 0.388170 0.007315
2 3 0.001012 0.010016 0.835827 0.150834 0.002312
2 3 0.002505 0.013973 0.573957 0.401746 0.007819
2 3 0.002172 0.013524 0.636112 0.341832 0.006360
3 3 0.006475 0.021420 0.416973 0.539465 0.015668
2 3 0.003878 0.016897 0.500866 0.467731 0.010629
2 3 0.000952 0.009544 0.818928 0.168087 0.002491
2 3 0.000470 0.006382 0.832367 0.158925 0.001855
2 3 0.002036 0.012875 0.621752 0.356858 0.006479
3 3 0.007120 0.021502 0.392668 0.562616 0.016093
2 3 0.001444 0.015656 0.838060 0.140639 0.004202
2 3 0.004601 0.029705 0.670718 0.280746 0.014230
2 3 0.002876 0.017711 0.778362 0.196833 0.004219
2 3 0.003276 0.022478 0.791853 0.176738 0.005655
2 3 0.005581 0.022161 0.565133 0.396879 0.010246
2 3 0.005856 0.042881 0.754008 0.182157 0.015098
2 3 0.003967 0.019248 0.636844 0.332292 0.007649
2 3 0.014655 0.074515 0.827390 0.074885 0.008555
2 0 0.022087 0.227115 0.706794 0.019176 0.024828
2 0 0.044312 0.227308 0.664194 0.038472 0.025714
2 0 0.058820 0.278638 0.583092 0.041057 0.038393
2 1 0.027911 0.285245 0.631632 0.018515 0.036697
2 2 0.015900 0.376450 0.535746 0.007610 0.064295
2 1 0.021188 0.388143 0.532680 0.007326 0.050662
1 2 0.011069 0.628859 0.187732 0.000192 0.172150
1 2 0.013074 0.603729 0.250160 0.000496 0.132540
1 2 0.022430 0.661255 0.164927 0.000190 0.151199
2 2 0.001222 0.297360 0.657559 0.000372 0.043487
1 2 0.010551 0.617104 0.187967 0.000205 0.184173
1 2 0.007116 0.575949 0.189524 0.000214 0.227197
1 2 0.006920 0.522728 0.262977 0.000706 0.206668
1 0 0.049294 0.675419 0.137151 0.000194 0.137942
1 0 0.108213 0.681004 0.087073 0.000094 0.123616
1 1 0.010431 0.616949 0.193562 0.000217 0.178841
1 1 0.021920 0.618585 0.196412 0.000404 0.162678
1 4 0.048354 0.598437 0.097859 0.000159 0.255191
1 4 0.005014 0.466409 0.095035 0.000065 0.433477
1 4 0.008424 0.527568 0.074316 0.000031 0.389662
4 4 0.069114 0.091072 0.024696 0.000110 0.815008
1 4 0.010503 0.533139 0.084270 0.000051 0.372038
1 0 0.123538 0.678911 0.057921 0.000035 0.139595
4 4 0.033816 0.295822 0.051961 0.000060 0.618341
1 1 0.076541 0.502576 0.138115 0.001232 0.281536
1 1 0.009549 0.534530 0.082677 0.000044 0.373200
4 4 0.042819 0.115113 0.013679 0.000046 0.828343
4 4 0.119077 0.128932 0.009210 0.000013 0.742768
4 4 0.055796 0.461555 0.015079 0.000003 0.467568
4 4 0.013536 0.078535 0.016335 0.000052 0.891542
4 4 0.018310 0.144529 0.008100 0.000005 0.829056
4 4 0.021959 0.266915 0.011809 0.000004 0.699313
4 4 0.065278 0.115933 0.007234 0.000004 0.811550
4 4 0.014926 0.046361 0.003795 0.000004 0.934915
4 4 0.022908 0.220140 0.014235 0.000010 0.742707
4 4 0.058686 0.282271 0.007152 0.000001 0.651890
4 4 0.033115 0.012474 0.004540 0.000024 0.949846
4 4 0.125923 0.297400 0.016771 0.000023 0.559882
4 4 0.050866 0.015977 0.003037 0.000013 0.930108
4 4 0.255325 0.054528 0.002358 0.000001 0.687789
4 4 0.110283 0.119656 0.005824 0.000004 0.764233
4 4 0.047752 0.173791 0.011478 0.000018 0.766961
4 4 0.030748 0.223376 0.008499 0.000003 0.737373
4 4 0.249585 0.067652 0.003401 0.000003 0.679359
4 4 0.115829 0.011463 0.001399 0.000003 0.871306
4 4 0.035764 0.170532 0.005918 0.000001 0.787784
1 4 0.027783 0.515681 0.028372 0.000006 0.428158
1 4 0.059075 0.485689 0.027598 0.000014 0.427624
1 4 0.038055 0.560224 0.025984 0.000004 0.375732
4 4 0.280423 0.267451 0.017525 0.000022 0.434579
4 4 0.261183 0.106336 0.015491 0.000063 0.616927
4 4 0.134021 0.292031 0.015717 0.000010 0.558221
1 4 0.031405 0.479820 0.034402 0.000016 0.454357
4 4 0.109196 0.151554 0.012199 0.000009 0.727042
4 4 0.124051 0.163348 0.020322 0.000042 0.692237
1 4 0.057131 0.499210 0.028077 0.000012 0.415570
1 4 0.086536 0.541160 0.024422 0.000008 0.347875
1 4 0.077133 0.540992 0.026294 0.000009 0.355571
1 4 0.034933 0.560490 0.029668 0.000006 0.374903
1 4 0.039215 0.513820 0.049341 0.000040 0.397584
1 4 0.035118 0.572974 0.038606 0.000012 0.353291
1 4 0.031586 0.526568 0.031897 0.000009 0.409941
1 4 0.148957 0.455699 0.037935 0.000040 0.357368
1 4 0.040100 0.596723 0.037902 0.000010 0.325264
1 4 0.083061 0.521174 0.023536 0.000008 0.372221
0 0 0.693952 0.089981 0.040207 0.001614 0.174246
1 1 0.059027 0.467780 0.032647 0.000025 0.440520
4 1 0.027777 0.374811 0.019770 0.000008 0.577634
4 1 0.004939 0.245350 0.019902 0.000008 0.729801
4 1 0.006362 0.237578 0.017423 0.000008 0.738629
4 1 0.003722 0.206715 0.020936 0.000014 0.768613
4 1 0.008678 0.332686 0.017481 0.000003 0.641151
4 1 0.009105 0.320844 0.023651 0.000009 0.646391
4 1 0.008030 0.303464 0.023110 0.000009 0.665387
4 1 0.002151 0.194193 0.027253 0.000023 0.776380
4 1 0.006046 0.271780 0.018228 0.000005 0.703941
4 1 0.128644 0.416806 0.022051 0.000024 0.432475
4 1 0.008969 0.285499 0.017621 0.000006 0.687906
4 1 0.010815 0.353947 0.026169 0.000010 0.609059
4 1 0.018154 0.301872 0.018344 0.000010 0.661620
4 0 0.182017 0.137651 0.020290 0.000089 0.659953
4 1 0.007761 0.254596 0.015858 0.000006 0.721779
4 1 0.014814 0.285508 0.012575 0.000003 0.687100
4 4 0.007559 0.148714 0.013664 0.000018 0.830044
4 4 0.004816 0.172304 0.020381 0.000027 0.802472
4 1 0.065430 0.155547 0.016995 0.000030 0.761997
4 1 0.013999 0.372566 0.028045 0.000012 0.585378
4 1 0.007352 0.264357 0.028447 0.000026 0.699818
4 1 0.011413 0.358202 0.031719 0.000017 0.598649
4 1 0.002789 0.208991 0.024104 0.000016 0.764101
4 1 0.003330 0.209838 0.030001 0.000034 0.756795
4 1 0.003915 0.210464 0.027088 0.000029 0.758504
4 1 0.001908 0.197440 0.032294 0.000032 0.768325
4 1 0.008980 0.275760 0.031538 0.000035 0.683686
4 1 0.003588 0.270076 0.035416 0.000024 0.690897
4 4 0.008490 0.322664 0.032576 0.000021 0.636250
4 4 0.011310 0.364622 0.046857 0.000047 0.577163
4 4 0.018753 0.434774 0.032395 0.000013 0.514064
0 0 0.495540 0.169792 0.048155 0.000810 0.285703
1 1 0.040558 0.568118 0.039257 0.000014 0.352053
1 1 0.022462 0.658945 0.047750 0.000008 0.270836
1 4 0.050515 0.633208 0.035083 0.000007 0.281186
1 4 0.061910 0.587846 0.031307 0.000009 0.318928
1 4 0.043603 0.627316 0.033557 0.000006 0.295518
1 4 0.026485 0.719491 0.051976 0.000007 0.202042
1 4 0.025893 0.664028 0.077203 0.000031 0.232845
1 4 0.017959 0.671307 0.203174 0.000220 0.107341
1 4 0.020998 0.707326 0.170216 0.000122 0.101338
1 4 0.012182 0.652236 0.236961 0.000255 0.098366
1 4 0.026385 0.683402 0.200063 0.000248 0.089902
1 4 0.037719 0.666298 0.161402 0.000254 0.134326
1 1 0.021054 0.695759 0.122588 0.000066 0.160532
1 1 0.031501 0.732628 0.157854 0.000105 0.077912
1 1 0.010008 0.640743 0.243171 0.000257 0.105819
2 2 0.002544 0.382051 0.559479 0.000835 0.055091
2 2 0.001237 0.316529 0.658217 0.000147 0.023870
2 2 0.000778 0.049216 0.939489 0.000011 0.010506
2 2 0.000385 0.087658 0.886506 0.000043 0.025407
2 2 0.001945 0.290778 0.676729 0.000101 0.030448
1 2 0.054239 0.724964 0.119174 0.000092 0.101531
0 0 0.443984 0.311014 0.105986 0.001328 0.137688
1 1 0.085305 0.582912 0.216621 0.001715 0.113447
1 1 0.009957 0.607274 0.218420 0.000296 0.164052
2 1 0.001122 0.262026 0.660026 0.000280 0.076546
1 1 0.007193 0.566706 0.284846 0.000214 0.141041
1 1 0.008048 0.531755 0.320722 0.000278 0.139197
4 1 0.000563 0.247042 0.331935 0.000342 0.420118
4 1 0.001242 0.227165 0.057597 0.000071 0.713925
4 1 0.003159 0.346206 0.061274 0.000041 0.589320
4 1 0.001247 0.231760 0.050940 0.000047 0.716007
4 1 0.002179 0.249164 0.085749 0.000255 0.662653
4 1 0.002480 0.270887 0.019564 0.000003 0.707066
4 1 0.001998 0.240808 0.021428 0.000005 0.735760
4 1 0.014740 0.397728 0.025431 0.000007 0.562093
4 0 0.067190 0.117266 0.010907 0.000009 0.804628
4 1 0.001760 0.180547 0.021296 0.000013 0.796384
4 1 0.002145 0.242846 0.022995 0.000006 0.732008
4 1 0.009858 0.336268 0.020192 0.000005 0.633677
4 1 0.008313 0.290480 0.020316 0.000008 0.680884
4 1 0.002003 0.185483 0.016031 0.000006 0.796477
4 1 0.010194 0.142691 0.013980 0.000018 0.833117
1 1 0.047999 0.465314 0.032502 0.000022 0.454163
4 1 0.017568 0.287037 0.026406 0.000032 0.668956
4 1 0.006317 0.048441 0.010416 0.000015 0.934811
4 1 0.004917 0.216581 0.014239 0.000005 0.764258
4 1 0.010200 0.342447 0.029132 0.000014 0.618207
4 1 0.016972 0.314217 0.022120 0.000014 0.646679
4 1 0.005815 0.221601 0.011380 0.000003 0.761201
4 1 0.004665 0.191900 0.014119 0.000007 0.789308
4 1 0.020977 0.110997 0.014189 0.000038 0.853798
4 1 0.024239 0.079229 0.008897 0.000010 0.887625
4 1 0.056540 0.356416 0.018750 0.000014 0.568279
4 1 0.069082 0.398763 0.012453 0.000003 0.519698
4 4 0.057335 0.310207 0.014299 0.000008 0.618152
4 4 0.013455 0.301943 0.014478 0.000004 0.670121
4 4 0.016091 0.324303 0.017655 0.000006 0.641945
4 4 0.003943 0.168763 0.014744 0.000011 0.812539
4 4 0.007915 0.243893 0.011116 0.000002 0.737074
4 4 0.012192 0.289782 0.013586 0.000003 0.684437
4 4 0.011596 0.272491 0.008502 0.000001 0.707410
4 4 0.008487 0.289207 0.016389 0.000004 0.685913
4 1 0.004498 0.230432 0.020506 0.000011 0.744553
