0 0 0.799271 0.102466 0.020315 0.001417 0.076531
0 0 0.772850 0.117003 0.024496 0.001980 0.083671
0 0 0.890548 0.052794 0.008129 0.000287 0.048242
1 0 0.222773 0.415298 0.221854 0.023889 0.116186
1 0 0.043777 0.404074 0.277071 0.005274 0.269804
4 1 0.056925 0.357800 0.195918 0.002475 0.386882
1 1 0.188692 0.425929 0.233545 0.011986 0.139848
1 1 0.056450 0.416581 0.273842 0.013288 0.239838
1 1 0.054756 0.370640 0.208374 0.008472 0.357758
4 1 0.083639 0.329566 0.151723 0.001320 0.433753
4 1 0.055980 0.245190 0.107811 0.003064 0.587955
1 1 0.152213 0.358725 0.152150 0.006876 0.330036
1 1 0.118526 0.417979 0.234353 0.048275 0.180867
1 1 0.175393 0.414869 0.230470 0.059195 0.120072
1 2 0.292807 0.367241 0.159894 0.042983 0.137076
1 2 0.215837 0.409092 0.213125 0.039056 0.122890
1 2 0.202200 0.396270 0.201135 0.071080 0.129315
0 2 0.519355 0.230288 0.105841 0.026620 0.117896
0 2 0.657346 0.178024 0.055733 0.006256 0.102641
1 2 0.163972 0.422984 0.226771 0.009666 0.176607
1 2 0.078402 0.446852 0.340898 0.026470 0.107378
1 2 0.306454 0.383387 0.180969 0.012174 0.117017
1 4 0.230347 0.405580 0.207932 0.001449 0.154691
1 4 0.147638 0.435960 0.273462 0.037402 0.105537
1 4 0.161579 0.432176 0.260774 0.036403 0.109067
1 4 0.037624 0.432265 0.374299 0.011021 0.144791
1 4 0.045728 0.426812 0.321657 0.007464 0.198339
1 1 0.041018 0.434426 0.367043 0.010072 0.147441
1 1 0.075930 0.437242 0.351598 0.052606 0.082625
1 1 0.163469 0.404189 0.223318 0.086909 0.122115
1 1 0.069376 0.446348 0.343113 0.004059 0.137104
1 1 0.120707 0.443844 0.306718 0.033352 0.095379
1 1 0.098051 0.444977 0.303356 0.025410 0.128207
1 1 0.248720 0.381394 0.177276 0.057381 0.135229
1 1 0.195082 0.419764 0.223725 0.023326 0.138103
1 1 0.100436 0.431834 0.303678 0.067210 0.096843
1 1 0.220900 0.420250 0.231298 0.017120 0.110432
0 4 0.706270 0.153586 0.036206 0.004030 0.099909
1 4 0.059540 0.440799 0.338162 0.023993 0.137506
1 4 0.027532 0.411579 0.349272 0.005515 0.206103
2 4 0.031559 0.411190 0.501423 0.012394 0.043433
1 4 0.087006 0.445706 0.405626 0.003509 0.058152
2 4 0.034075 0.425722 0.449955 0.019307 0.070942
2 4 0.044450 0.427716 0.435391 0.032647 0.059797
1 4 0.030404 0.427655 0.420774 0.011218 0.109949
2 4 0.018698 0.389240 0.537253 0.012582 0.042227
2 4 0.022865 0.412577 0.479978 0.010459 0.074121
1 4 0.030150 0.427315 0.423670 0.011298 0.107567
2 2 0.039414 0.397384 0.452847 0.021508 0.088847
2 2 0.018006 0.406930 0.468426 0.005663 0.100974
2 2 0.020511 0.412564 0.456973 0.006711 0.103242
2 2 0.018752 0.337250 0.575357 0.011365 0.057276
2 2 0.014270 0.263273 0.645150 0.008828 0.068479
2 2 0.031254 0.412163 0.484898 0.023793 0.047892
1 2 0.037796 0.433764 0.412618 0.016802 0.099020
2 2 0.004770 0.089513 0.884375 0.012954 0.008388
2 2 0.005578 0.137996 0.832568 0.008238 0.015620
2 2 0.010754 0.131854 0.816893 0.028134 0.012365
2 2 0.006831 0.070905 0.882257 0.034371 0.005635
2 2 0.002714 0.027262 0.937939 0.030308 0.001777
2 2 0.000077 0.000698 0.983519 0.015685 0.000022
2 2 0.000273 0.002546 0.976935 0.020143 0.000103
2 2 0.000470 0.001450 0.908850 0.089122 0.000108
2 2 0.006802 0.030787 0.871492 0.087641 0.003276
2 2 0.002918 0.009992 0.805285 0.180349 0.001456
2 2 0.001340 0.004614 0.885941 0.107665 0.000441
2 2 0.001368 0.004423 0.913035 0.080829 0.000345
2 2 0.001285 0.001454 0.554292 0.442666 0.000303
2 2 0.004078 0.007441 0.700891 0.286279 0.001312
2 2 0.023834 0.064158 0.629419 0.267383 0.015206
2 2 0.007114 0.032992 0.742491 0.210847 0.006557
2 2 0.002339 0.002724 0.573838 0.420529 0.000569
2 3 0.002078 0.003672 0.840034 0.153840 0.000376
3 3 0.004068 0.003000 0.250111 0.741454 0.001367
3 3 0.004421 0.004193 0.426698 0.563440 0.001247
3 3 0.001502 0.001315 0.314631 0.682075 0.000477
3 3 0.002633 0.001676 0.102670 0.891610 0.001410
3 3 0.002271 0.001384 0.245647 0.750121 0.000578
3 3 0.002291 0.001261 0.286083 0.709918 0.000447
3 3 0.002210 0.001363 0.124387 0.871066 0.000974
3 3 0.004353 0.002406 0.122263 0.869205 0.001772
3 3 0.002426 0.001290 0.090977 0.904195 0.001113
3 3 0.001940 0.001752 0.283087 0.712499 0.000721
3 3 0.000975 0.000451 0.108783 0.889486 0.000305
3 3 0.002777 0.001646 0.088485 0.905578 0.001514
3 3 0.003000 0.001513 0.109112 0.885230 0.001145
3 3 0.001226 0.000640 0.062408 0.935046 0.000680
3 3 0.002642 0.002118 0.262976 0.731346 0.000918
3 3 0.001397 0.000641 0.091603 0.905856 0.000504
3 3 0.003077 0.001825 0.099486 0.894056 0.001556
3 3 0.001420 0.000812 0.062184 0.934684 0.000899
3 3 0.001322 0.000593 0.075626 0.921932 0.000528
3 3 0.001116 0.000595 0.057884 0.939742 0.000664
3 3 0.001861 0.000899 0.085673 0.910796 0.000771
3 3 0.001200 0.000585 0.065867 0.931763 0.000585
3 3 0.002758 0.001823 0.079300 0.914245 0.001874
3 3 0.002050 0.001008 0.089024 0.907067 0.000851
3 3 0.002144 0.001173 0.082426 0.913172 0.001085
3 3 0.001559 0.000935 0.062680 0.933774 0.001052
3 3 0.001675 0.000676 0.096051 0.901098 0.000500
3 3 0.003995 0.002515 0.102858 0.888458 0.002174
3 3 0.002070 0.001819 0.099664 0.894753 0.001695
2 3 0.045691 0.069927 0.596178 0.272824 0.015380
3 3 0.003278 0.004698 0.402916 0.587459 0.001649
3 3 0.005551 0.004895 0.453950 0.534253 0.001350
3 3 0.009927 0.009181 0.474107 0.504253 0.002532
2 3 0.043745 0.146919 0.579696 0.195164 0.034476
2 3 0.004421 0.015591 0.873076 0.105265 0.001647
2 3 0.004736 0.016559 0.881215 0.095839 0.001651
2 3 0.009217 0.019376 0.655050 0.312163 0.004194
3 3 0.005662 0.004219 0.395584 0.593249 0.001287
3 3 0.002049 0.001977 0.431944 0.563478 0.000551
2 3 0.010945 0.024851 0.616778 0.341305 0.006121
2 3 0.006730 0.012637 0.699310 0.279012 0.002311
3 3 0.002048 0.001477 0.432667 0.563432 0.000376
3 3 0.004504 0.002958 0.157947 0.832692 0.001899
2 3 0.005634 0.010273 0.534860 0.446360 0.002874
3 3 0.007491 0.007490 0.458290 0.524565 0.002164
3 3 0.003437 0.002405 0.372004 0.621415 0.000739
3 3 0.002112 0.001130 0.148728 0.847357 0.000673
3 3 0.002394 0.001196 0.153586 0.842137 0.000687
3 3 0.018771 0.008320 0.370893 0.599515 0.002500
3 3 0.005736 0.005347 0.242828 0.743337 0.002751
2 3 0.011432 0.011865 0.641120 0.333371 0.002213
2 3 0.030923 0.046207 0.642222 0.271372 0.009276
2 3 0.002272 0.007503 0.901821 0.087756 0.000648
2 3 0.006288 0.014072 0.686399 0.290442 0.002800
3 3 0.005186 0.006071 0.457891 0.529054 0.001798
3 3 0.005627 0.005475 0.418615 0.568579 0.001704
3 3 0.006651 0.008162 0.426576 0.555914 0.002698
2 3 0.009616 0.021083 0.639277 0.325196 0.004828
2 3 0.008760 0.005980 0.493260 0.490575 0.001425
2 3 0.016068 0.037960 0.723617 0.215616 0.006739
2 3 0.046904 0.121232 0.639195 0.169846 0.022823
2 3 0.036969 0.187858 0.664227 0.083323 0.027623
2 3 0.035804 0.418797 0.466302 0.026887 0.052211
2 3 0.029244 0.150678 0.716711 0.082693 0.020673
2 3 0.005328 0.016230 0.823822 0.152479 0.002141
2 3 0.005519 0.025567 0.821860 0.143332 0.003723
2 3 0.008946 0.032410 0.770663 0.182524 0.005457
2 3 0.006712 0.036264 0.869645 0.083416 0.003963
2 3 0.008799 0.036176 0.832169 0.118180 0.004677
2 3 0.005908 0.020480 0.870793 0.100669 0.002150
2 3 0.007852 0.048360 0.879031 0.060175 0.004583
2 3 0.006165 0.016160 0.808371 0.167106 0.002199
2 3 0.004595 0.007633 0.651085 0.335169 0.001519
2 3 0.015176 0.047988 0.647624 0.277653 0.011559
2 3 0.021154 0.049352 0.681577 0.238085 0.009832
2 3 0.016901 0.066002 0.793175 0.114929 0.008993
2 3 0.014178 0.011376 0.533207 0.438600 0.002638
2 3 0.019891 0.229776 0.694463 0.032519 0.023351
2 3 0.005887 0.014093 0.836236 0.142130 0.001654
2 3 0.061434 0.175020 0.577797 0.151077 0.034672
2 3 0.045170 0.428285 0.433029 0.033120 0.060397
2 3 0.045708 0.428695 0.431283 0.033473 0.060842
1 3 0.059996 0.435711 0.389761 0.042678 0.071853
2 2 0.040874 0.424525 0.447571 0.030282 0.056749
2 2 0.033877 0.416182 0.473944 0.025583 0.050413
2 2 0.018455 0.242149 0.688087 0.027887 0.023422
2 2 0.004714 0.041670 0.912206 0.038230 0.003181
1 2 0.109219 0.428800 0.286660 0.070243 0.105079
2 2 0.027076 0.272158 0.622719 0.025380 0.052668
1 2 0.104647 0.444711 0.324447 0.035717 0.090478
2 2 0.064593 0.336093 0.531039 0.020059 0.048215
2 2 0.079803 0.293479 0.463480 0.099122 0.064115
0 0 0.866421 0.065774 0.010983 0.000482 0.056339
0 0 0.531687 0.257874 0.083347 0.007713 0.119379
0 0 0.810388 0.097395 0.019107 0.001051 0.072058
0 0 0.949638 0.022095 0.003019 0.000050 0.025198
0 0 0.967636 0.013287 0.001267 0.000012 0.017798
0 0 0.985053 0.005387 0.000380 0.000002 0.009179
0 0 0.977602 0.008664 0.000716 0.000005 0.013013
0 0 0.910358 0.042280 0.006010 0.000171 0.041181
0 0 0.904381 0.045436 0.006627 0.000202 0.043354
0 0 0.584654 0.241037 0.081357 0.001269 0.091683
0 0 0.785092 0.114087 0.024442 0.001027 0.075353
0 0 0.443899 0.317811 0.127294 0.003812 0.107183
0 1 0.643950 0.202569 0.059928 0.001530 0.092022
1 1 0.357474 0.359860 0.158522 0.008491 0.115653
0 0 0.820919 0.090580 0.017097 0.001045 0.070360
0 0 0.444646 0.320284 0.132383 0.002420 0.100267
1 0 0.165824 0.442164 0.316845 0.002355 0.072812
1 0 0.092635 0.450575 0.369699 0.013260 0.073831
1 0 0.069213 0.443085 0.422564 0.006943 0.058194
1 0 0.054035 0.436719 0.424931 0.022281 0.062034
0 0 0.513768 0.274282 0.095326 0.004781 0.111843
0 0 0.651810 0.195201 0.055437 0.002061 0.095490
1 1 0.024035 0.414745 0.388790 0.005507 0.166922
1 1 0.061799 0.436161 0.385079 0.043817 0.073144
1 1 0.039875 0.435518 0.402233 0.017212 0.105162
1 1 0.069515 0.439568 0.372689 0.041519 0.076709
1 1 0.045895 0.428916 0.325226 0.012519 0.187444
1 2 0.095878 0.433334 0.311769 0.064622 0.094396
1 2 0.061252 0.442149 0.349129 0.028371 0.119099
1 2 0.034340 0.418131 0.334331 0.007591 0.205607
2 2 0.026305 0.327230 0.557916 0.016452 0.072096
1 2 0.044756 0.438180 0.390775 0.020129 0.106159
1 2 0.057910 0.435085 0.395316 0.041353 0.070335
1 2 0.038631 0.431161 0.361763 0.011524 0.156921
2 2 0.042901 0.312905 0.517259 0.027851 0.099083
2 2 0.018346 0.194977 0.730783 0.036169 0.019726
2 2 0.007592 0.158770 0.806742 0.016084 0.010812
2 2 0.020597 0.250897 0.672735 0.030293 0.025478
2 2 0.018769 0.205852 0.719773 0.034795 0.020810
2 2 0.009442 0.089142 0.853890 0.039683 0.007842
2 2 0.004397 0.080105 0.892835 0.017718 0.004946
2 2 0.001433 0.035674 0.950792 0.010529 0.001573
2 2 0.010883 0.164929 0.786475 0.017666 0.020047
2 2 0.004502 0.055987 0.909010 0.026651 0.003850
2 2 0.013965 0.127476 0.803349 0.042757 0.012453
2 2 0.011543 0.176311 0.774141 0.023563 0.014443
2 2 0.017028 0.089917 0.804253 0.078133 0.010670
2 2 0.019246 0.215211 0.709788 0.033938 0.021817
2 2 0.019124 0.339755 0.591357 0.018353 0.031410
2 2 0.043734 0.427127 0.437767 0.032176 0.059196
2 2 0.024041 0.397635 0.519094 0.018779 0.040452
2 2 0.025173 0.176403 0.718356 0.058559 0.021509
2 2 0.003141 0.029642 0.931985 0.033203 0.002030
2 2 0.033149 0.241329 0.639182 0.054718 0.031621
2 2 0.008734 0.094595 0.854862 0.033934 0.007876
2 2 0.016548 0.127205 0.790439 0.052249 0.013559
2 2 0.005774 0.112942 0.857012 0.016969 0.007303
2 2 0.004224 0.039656 0.917955 0.035260 0.002905
2 2 0.010030 0.132670 0.818831 0.027615 0.010854
2 2 0.003273 0.020813 0.913808 0.060296 0.001810
2 2 0.006880 0.023359 0.820285 0.146290 0.003186
2 2 0.006592 0.029671 0.880994 0.079786 0.002957
2 2 0.010661 0.080181 0.850207 0.051233 0.007718
2 2 0.024073 0.066846 0.745486 0.153219 0.010375
2 2 0.022756 0.115408 0.763510 0.083442 0.014885
2 2 0.028541 0.407364 0.496985 0.021923 0.045187
2 2 0.052061 0.245663 0.574706 0.086704 0.040866
2 2 0.010113 0.055612 0.842717 0.085035 0.006523
2 2 0.017779 0.089278 0.799433 0.082654 0.010856
2 2 0.006339 0.045636 0.894483 0.049598 0.003943
2 2 0.009316 0.078788 0.860265 0.044514 0.007117
2 2 0.004816 0.026282 0.892794 0.073545 0.002563
2 2 0.009632 0.041822 0.837194 0.106166 0.005185
2 2 0.004343 0.015945 0.736659 0.239986 0.003068
2 2 0.018972 0.193109 0.729951 0.038048 0.019919
2 2 0.011842 0.029467 0.774750 0.179482 0.004458
2 2 0.007389 0.024573 0.856309 0.108983 0.002746
2 2 0.019510 0.087097 0.725708 0.152080 0.015605
2 2 0.015563 0.098285 0.811055 0.064230 0.010866
2 2 0.042229 0.375932 0.491656 0.038392 0.051791
2 2 0.041099 0.355651 0.513949 0.040653 0.048648
2 2 0.035081 0.150190 0.690906 0.101100 0.022723
2 2 0.001057 0.003976 0.906348 0.088283 0.000336
2 2 0.008510 0.037850 0.804321 0.143596 0.005724
2 2 0.005963 0.042791 0.898350 0.049247 0.003650
2 2 0.002300 0.025762 0.944091 0.026276 0.001571
2 2 0.011989 0.176248 0.772380 0.024666 0.014717
2 2 0.006796 0.022889 0.861707 0.106107 0.002501
2 2 0.017483 0.091869 0.800927 0.078735 0.010987
2 2 0.007284 0.093201 0.845156 0.044829 0.009531
2 2 0.008985 0.070106 0.866301 0.048191 0.006418
2 2 0.042963 0.426465 0.440362 0.031667 0.058544
1 2 0.053687 0.425600 0.414727 0.039953 0.066034
2 2 0.018193 0.103299 0.793416 0.072877 0.012215
2 2 0.017295 0.106927 0.797257 0.066318 0.012204
2 2 0.043533 0.240446 0.605663 0.073903 0.036455
2 2 0.044963 0.330196 0.526919 0.049985 0.047937
2 2 0.019867 0.131229 0.771329 0.062330 0.015245
2 2 0.015570 0.103148 0.808964 0.061058 0.011260
2 2 0.037641 0.276868 0.594740 0.048702 0.042050
2 2 0.042067 0.178850 0.649465 0.101078 0.028540
2 2 0.042715 0.426247 0.441201 0.031503 0.058333
1 2 0.049665 0.431343 0.418895 0.036055 0.064043
1 2 0.078034 0.442108 0.359715 0.039716 0.080428
2 2 0.030270 0.410503 0.489187 0.023117 0.046923
2 2 0.037198 0.420529 0.460961 0.027826 0.053486
1 2 0.083860 0.436317 0.334881 0.057434 0.087508
1 2 0.053798 0.433490 0.406733 0.038723 0.067256
2 2 0.021334 0.211100 0.704769 0.029841 0.032956
1 2 0.061575 0.436110 0.385653 0.043676 0.072985
1 2 0.216114 0.425584 0.244003 0.011284 0.103015
1 2 0.082602 0.447957 0.397938 0.007483 0.064020
2 2 0.025620 0.401334 0.511006 0.019889 0.042152
1 2 0.274449 0.377803 0.222392 0.016486 0.108870
2 2 0.040963 0.425395 0.459902 0.020306 0.053433
1 2 0.106844 0.450731 0.344288 0.016607 0.081529
1 2 0.069840 0.437260 0.365381 0.048849 0.078670
0 2 0.424941 0.321950 0.125806 0.008242 0.119062
0 0 0.717622 0.147367 0.034094 0.003607 0.097310
0 0 0.368167 0.361027 0.168075 0.002980 0.099751
0 0 0.392333 0.351204 0.165357 0.001347 0.089760
1 0 0.138368 0.448360 0.332525 0.003740 0.077007
1 0 0.105524 0.451391 0.353337 0.012309 0.077439
1 1 0.065473 0.436838 0.375847 0.046127 0.075714
1 1 0.178051 0.434941 0.262690 0.020129 0.104188
1 0 0.190309 0.435653 0.268199 0.009786 0.096052
1 0 0.185159 0.438524 0.285000 0.005167 0.086149
1 0 0.149094 0.447040 0.319963 0.005162 0.078741
1 0 0.261412 0.410901 0.227731 0.004385 0.095571
1 0 0.133284 0.448743 0.341463 0.004115 0.072395
1 0 0.232000 0.419178 0.231477 0.007886 0.109459
1 0 0.309963 0.389794 0.200451 0.003265 0.096527
1 0 0.131703 0.446222 0.355598 0.002040 0.064437
1 0 0.128105 0.448919 0.348948 0.003793 0.070235
1 0 0.142675 0.446859 0.335988 0.003114 0.071365
1 0 0.103099 0.448614 0.381162 0.003695 0.063429
1 0 0.111748 0.451245 0.355661 0.007610 0.073737
2 1 0.033373 0.415453 0.475998 0.025240 0.049935
1 0 0.333505 0.377875 0.184566 0.003678 0.100376
1 0 0.184726 0.435847 0.309696 0.001208 0.068522
1 0 0.104537 0.451253 0.352347 0.013578 0.078285
1 0 0.072634 0.445885 0.406851 0.010792 0.063839
2 1 0.054182 0.433598 0.455355 0.006147 0.050718
2 1 0.043661 0.427065 0.438012 0.032127 0.059135
1 1 0.056559 0.438021 0.436608 0.011556 0.057256
2 1 0.034013 0.416375 0.473396 0.025675 0.050541
1 1 0.059315 0.435519 0.391559 0.042246 0.071360
1 1 0.058088 0.435143 0.394837 0.041466 0.070465
1 1 0.064056 0.436614 0.379360 0.045238 0.074732
2 1 0.041238 0.424880 0.446293 0.030524 0.057065
1 1 0.056035 0.434420 0.400444 0.040157 0.068945
2 1 0.046287 0.429122 0.429420 0.033853 0.061318
1 2 0.047970 0.430285 0.424106 0.034952 0.062687
1 2 0.048867 0.430859 0.421331 0.035536 0.063407
1 2 0.054032 0.433594 0.406066 0.038874 0.067435
2 2 0.046287 0.395346 0.462482 0.038982 0.056904
2 2 0.010727 0.176350 0.777421 0.021578 0.013923
2 2 0.023748 0.330001 0.587386 0.024615 0.034250
2 2 0.032936 0.350801 0.540934 0.032577 0.042752
2 2 0.011178 0.144191 0.803815 0.028614 0.012202
2 2 0.048871 0.349129 0.499196 0.050226 0.052578
2 2 0.038718 0.330565 0.543934 0.042496 0.044287
2 2 0.003506 0.048264 0.922202 0.022977 0.003051
2 2 0.037408 0.310598 0.565963 0.044743 0.041288
2 2 0.019081 0.196906 0.726311 0.037423 0.020279
2 2 0.037255 0.420598 0.460746 0.027864 0.053538
2 2 0.044627 0.427858 0.434807 0.032763 0.059945
2 2 0.031670 0.412839 0.483115 0.024078 0.048298
2 2 0.023789 0.397013 0.520421 0.018601 0.040177
2 2 0.027835 0.405996 0.500270 0.021434 0.044466
1 2 0.051009 0.432106 0.414859 0.036925 0.065101
2 2 0.034141 0.192471 0.672107 0.074312 0.026968
2 2 0.033958 0.292596 0.592408 0.043682 0.037355
2 2 0.007431 0.116461 0.845366 0.022268 0.008473
2 2 0.010766 0.142287 0.808206 0.025075 0.013666
2 2 0.028284 0.205324 0.684854 0.055875 0.025663
2 2 0.009386 0.054281 0.858570 0.071997 0.005767
2 2 0.009560 0.078365 0.857716 0.047088 0.007271
2 2 0.000744 0.006575 0.964801 0.027537 0.000344
2 2 0.009497 0.052214 0.830182 0.101299 0.006809
2 2 0.008196 0.034937 0.834085 0.118247 0.004536
2 2 0.009155 0.042147 0.803562 0.138778 0.006357
2 2 0.003219 0.011352 0.794396 0.189286 0.001746
2 2 0.005345 0.023282 0.857828 0.110767 0.002778
2 2 0.003593 0.013439 0.883360 0.098254 0.001355
2 2 0.016260 0.094518 0.782602 0.093608 0.013012
2 2 0.010446 0.049836 0.842212 0.091647 0.005859
2 2 0.001182 0.002444 0.695281 0.300673 0.000419
2 2 0.007849 0.038540 0.856182 0.092973 0.004455
2 2 0.019273 0.050499 0.695755 0.224600 0.009872
2 2 0.007407 0.020204 0.810946 0.158707 0.002736
2 2 0.004379 0.012532 0.724971 0.255777 0.002342
2 2 0.012613 0.037202 0.812098 0.133221 0.004866
2 2 0.015204 0.028496 0.729383 0.222173 0.004745
2 2 0.009977 0.017648 0.608914 0.359313 0.004149
2 2 0.012119 0.039060 0.808634 0.134900 0.005287
2 2 0.006042 0.012344 0.652145 0.326833 0.002636
2 2 0.007038 0.013979 0.544105 0.430916 0.003962
2 2 0.001695 0.004534 0.728041 0.264948 0.000782
2 2 0.002694 0.002899 0.544816 0.448948 0.000643
3 2 0.001515 0.002130 0.385765 0.609855 0.000734
3 2 0.008618 0.010599 0.355585 0.620894 0.004304
3 2 0.002038 0.001917 0.363350 0.632060 0.000635
3 3 0.005189 0.002732 0.149109 0.841239 0.001731
3 3 0.005283 0.003315 0.321643 0.668588 0.001171
3 3 0.005290 0.003844 0.213706 0.775132 0.002028
3 3 0.003240 0.001931 0.293011 0.701112 0.000706
3 3 0.001065 0.000429 0.074018 0.924120 0.000369
3 3 0.001369 0.000959 0.198472 0.798721 0.000479
3 3 0.002988 0.001522 0.176986 0.817703 0.000802
3 3 0.003054 0.001856 0.128252 0.865515 0.001323
3 3 0.001597 0.000742 0.081551 0.915468 0.000642
3 3 0.003369 0.002406 0.301703 0.691615 0.000907
3 3 0.001308 0.000690 0.073522 0.923822 0.000658
3 3 0.002138 0.001043 0.133090 0.863071 0.000657
3 3 0.001780 0.001105 0.065434 0.930449 0.001233
3 3 0.003645 0.002499 0.111799 0.879984 0.002072
3 3 0.002387 0.001393 0.082390 0.912505 0.001326
3 3 0.001646 0.001049 0.060975 0.935098 0.001231
3 3 0.000998 0.000470 0.090293 0.907873 0.000366
3 3 0.003737 0.002426 0.096086 0.895539 0.002213
3 3 0.001736 0.001001 0.069331 0.926887 0.001046
3 3 0.001915 0.001310 0.062102 0.933101 0.001571
3 3 0.002389 0.001350 0.084979 0.910037 0.001245
3 3 0.002845 0.001878 0.080850 0.912518 0.001908
3 3 0.001913 0.001751 0.046588 0.946946 0.002802
3 3 0.000996 0.000612 0.047053 0.950522 0.000817
3 3 0.001387 0.000813 0.059857 0.937013 0.000930
3 3 0.000826 0.000576 0.037248 0.960425 0.000925
3 3 0.000731 0.000342 0.051333 0.947209 0.000386
3 3 0.001000 0.000458 0.062985 0.935102 0.000456
3 3 0.002759 0.001687 0.113323 0.880922 0.001309
2 3 0.017806 0.028378 0.514170 0.431234 0.008412
2 3 0.047770 0.174569 0.629223 0.118389 0.030049
2 3 0.020036 0.386541 0.541570 0.015927 0.035927
1 2 0.094148 0.433866 0.314951 0.063596 0.093440
1 2 0.090823 0.436757 0.312948 0.054984 0.104487
1 2 0.101529 0.431389 0.301690 0.067951 0.097441
1 2 0.061515 0.436096 0.385810 0.043638 0.072942
1 2 0.108641 0.428524 0.289624 0.072099 0.101113
1 2 0.097522 0.434364 0.284116 0.048086 0.135912
1 2 0.054015 0.379530 0.220401 0.008855 0.337199
1 2 0.030204 0.380695 0.270151 0.004169 0.314781
4 4 0.031250 0.338467 0.221224 0.007007 0.402051
1 4 0.033935 0.399912 0.293120 0.005804 0.267229
1 4 0.048364 0.433590 0.333680 0.014791 0.169575
1 4 0.091854 0.434916 0.283494 0.040825 0.148912
1 4 0.024377 0.404913 0.351360 0.003480 0.215871
1 4 0.050714 0.418715 0.288326 0.011875 0.230370
1 4 0.086320 0.405447 0.225052 0.022084 0.261097
4 4 0.060113 0.355051 0.189881 0.011712 0.383242
1 4 0.080221 0.438134 0.299709 0.034099 0.147837
1 4 0.060878 0.407894 0.253848 0.008478 0.268902
1 4 0.096417 0.420326 0.243621 0.032109 0.207527
1 4 0.041162 0.367084 0.229368 0.007424 0.354963
4 4 0.119723 0.194693 0.066131 0.000652 0.618801
4 4 0.125389 0.264464 0.090974 0.001546 0.517627
4 4 0.060401 0.304615 0.142748 0.001080 0.491155
4 4 0.042826 0.278630 0.142452 0.007761 0.528331
4 4 0.039580 0.339111 0.198615 0.001030 0.421665
4 4 0.063933 0.332337 0.165077 0.001501 0.437153
4 4 0.133629 0.262587 0.089528 0.000918 0.513337
4 4 0.078527 0.159734 0.051025 0.000886 0.709828
4 4 0.070096 0.340722 0.164291 0.006106 0.418785
1 4 0.104476 0.407453 0.223292 0.003525 0.261254
4 4 0.093659 0.251913 0.090763 0.000926 0.562739
4 4 0.092629 0.348743 0.164769 0.001647 0.392212
4 4 0.156478 0.328123 0.128466 0.002686 0.384247
4 4 0.102263 0.337251 0.147516 0.004010 0.408959
0 0 0.367688 0.303241 0.106221 0.000702 0.222147
1 1 0.334693 0.370819 0.168640 0.009755 0.116093
1 1 0.193119 0.409496 0.218364 0.055520 0.123502
1 1 0.340058 0.364574 0.160331 0.013248 0.121789
1 1 0.279668 0.393171 0.190859 0.016924 0.119377
0 1 0.436407 0.320957 0.128763 0.004460 0.109413
0 0 0.624721 0.207012 0.059183 0.003772 0.105313
1 0 0.120347 0.441498 0.301717 0.039037 0.097401
1 1 0.138417 0.439473 0.277064 0.030480 0.114566
1 1 0.130850 0.441394 0.280036 0.026605 0.121114
1 1 0.107768 0.428899 0.291070 0.071593 0.100671
1 4 0.206592 0.392890 0.180229 0.022284 0.198005
1 4 0.104841 0.445973 0.309948 0.028465 0.110773
1 4 0.115966 0.437262 0.291973 0.048456 0.106343
1 4 0.100984 0.445971 0.332294 0.032787 0.087964
1 4 0.123493 0.428538 0.276632 0.065751 0.105587
1 4 0.109833 0.428002 0.287663 0.072790 0.101711
1 4 0.071883 0.440830 0.319833 0.031579 0.135875
1 4 0.067217 0.431372 0.290364 0.010465 0.200583
1 4 0.222429 0.426502 0.265515 0.002563 0.082991
1 0 0.132223 0.448130 0.312739 0.017036 0.089873
1 1 0.075370 0.447048 0.392893 0.015773 0.068916
1 1 0.157611 0.443255 0.288691 0.015254 0.095189
1 1 0.152659 0.446457 0.314999 0.005518 0.080368
1 1 0.137702 0.448768 0.332291 0.005156 0.076082
1 1 0.115089 0.451032 0.353505 0.006860 0.073513
1 1 0.084254 0.444081 0.352935 0.036441 0.082289
1 1 0.234156 0.422074 0.262203 0.001762 0.079805
1 0 0.284310 0.402258 0.222920 0.002184 0.088329
1 1 0.148569 0.443391 0.290229 0.020647 0.097164
1 1 0.077477 0.438082 0.350415 0.050989 0.083037
1 1 0.107822 0.450838 0.343961 0.015988 0.081390
1 1 0.085856 0.444583 0.351455 0.035438 0.082667
1 1 0.083383 0.446177 0.361760 0.029336 0.079344
1 1 0.093785 0.439406 0.326136 0.050281 0.090392
1 1 0.078267 0.439102 0.351271 0.048510 0.082850
1 1 0.105969 0.437718 0.307879 0.052458 0.095976
1 1 0.225246 0.425300 0.253814 0.004540 0.091100
1 1 0.085387 0.449502 0.380146 0.013587 0.071378
1 1 0.082017 0.446296 0.365258 0.028162 0.078267
1 1 0.080640 0.447297 0.373613 0.023073 0.075376
1 1 0.102001 0.433537 0.304769 0.062998 0.096695
1 1 0.081521 0.436686 0.339680 0.056017 0.086097
1 1 0.069805 0.443663 0.387637 0.026817 0.072078
1 1 0.156375 0.442805 0.286350 0.016916 0.097554
1 1 0.057510 0.440786 0.375250 0.031710 0.094744
1 1 0.048049 0.430337 0.423860 0.035004 0.062751
2 1 0.040112 0.423761 0.450268 0.029776 0.056084
0 0 0.522793 0.200255 0.163250 0.023727 0.089975
1 0 0.198621 0.431080 0.302930 0.000833 0.066536
1 0 0.076707 0.447028 0.402094 0.009728 0.064444
2 0 0.033700 0.415956 0.475436 0.024851 0.050058
2 0 0.039244 0.421240 0.483435 0.009599 0.046481
1 0 0.049117 0.431013 0.420563 0.035699 0.063607
2 1 0.029436 0.409027 0.492904 0.022542 0.046091
2 1 0.026155 0.402513 0.508351 0.020263 0.042718
2 1 0.033218 0.415224 0.476636 0.025134 0.049788
2 1 0.040521 0.424174 0.448816 0.030048 0.056441
2 1 0.037791 0.421609 0.469326 0.020032 0.051242
2 1 0.021216 0.390096 0.534620 0.016773 0.037294
2 1 0.023543 0.228032 0.688662 0.034964 0.024800
2 1 0.017380 0.331442 0.613038 0.010727 0.027413
2 1 0.018915 0.382904 0.548466 0.015118 0.034597
2 1 0.014122 0.349602 0.596377 0.012311 0.027587
2 1 0.027870 0.406065 0.500106 0.021458 0.044501
2 1 0.022531 0.251233 0.690609 0.012522 0.023105
1 0 0.122930 0.416825 0.375907 0.010984 0.073353
2 1 0.023769 0.396963 0.520527 0.018587 0.040155
2 1 0.029278 0.371888 0.540670 0.018168 0.039995
2 1 0.017228 0.321725 0.631454 0.005486 0.024108
2 1 0.018021 0.324817 0.630905 0.003263 0.022994
2 2 0.018375 0.267796 0.664157 0.024354 0.025319
2 2 0.016282 0.285341 0.668274 0.008019 0.022084
2 2 0.018306 0.375271 0.557973 0.015015 0.033435
2 2 0.042709 0.426241 0.441223 0.031499 0.058328
2 2 0.026738 0.401027 0.523446 0.010112 0.038677
2 2 0.017321 0.377248 0.558816 0.013960 0.032654
2 2 0.021152 0.380863 0.544159 0.017360 0.036466
2 2 0.037426 0.371604 0.553519 0.003327 0.034124
1 2 0.164881 0.443836 0.303447 0.005314 0.082522
2 2 0.042014 0.425611 0.443602 0.031039 0.057734
2 2 0.021441 0.190193 0.722761 0.044642 0.020963
2 2 0.018723 0.291643 0.640040 0.022207 0.027386
2 2 0.020030 0.344010 0.584438 0.019021 0.032501
2 2 0.009281 0.124703 0.829079 0.026970 0.009967
2 2 0.010493 0.142823 0.808129 0.026820 0.011735
2 2 0.010237 0.060611 0.857754 0.065225 0.006173
2 2 0.007691 0.166963 0.798635 0.015406 0.011306
2 2 0.001137 0.020727 0.963316 0.013873 0.000947
2 2 0.010964 0.150757 0.799209 0.026574 0.012496
2 2 0.007002 0.078931 0.876288 0.031608 0.006171
2 2 0.002543 0.040152 0.936212 0.018817 0.002276
2 2 0.012932 0.105925 0.822885 0.047816 0.010442
2 2 0.012855 0.124060 0.811418 0.039966 0.011702
2 2 0.006611 0.074536 0.881752 0.031351 0.005750
2 2 0.006162 0.069624 0.887970 0.030962 0.005281
2 2 0.009892 0.097804 0.845735 0.037974 0.008595
2 2 0.014396 0.161526 0.775043 0.033930 0.015106
2 2 0.011812 0.062841 0.844333 0.074194 0.006819
2 2 0.005247 0.042756 0.906243 0.042334 0.003420
2 2 0.010966 0.100612 0.837558 0.041618 0.009246
2 2 0.000649 0.006701 0.970390 0.021942 0.000318
2 2 0.011055 0.022833 0.782248 0.180631 0.003234
2 2 0.005485 0.094564 0.874332 0.019379 0.006240
2 2 0.016088 0.097720 0.808048 0.067137 0.011007
2 2 0.017415 0.144145 0.774898 0.048265 0.015277
2 2 0.016877 0.201711 0.730517 0.031489 0.019406
2 2 0.020600 0.165386 0.745384 0.050163 0.018466
2 2 0.008719 0.047536 0.869781 0.069188 0.004776
2 2 0.043385 0.320269 0.540220 0.050288 0.045838
2 2 0.019759 0.160459 0.752626 0.049489 0.017667
2 2 0.016983 0.151649 0.771430 0.044270 0.015667
2 2 0.024424 0.085201 0.754933 0.123030 0.012413
2 2 0.044013 0.121769 0.653239 0.158888 0.022092
0 2 0.518971 0.150757 0.237167 0.028896 0.064209
2 2 0.048350 0.432576 0.440882 0.020263 0.057929
1 0 0.062009 0.441605 0.421147 0.013743 0.061496
2 0 0.025540 0.401155 0.511406 0.019833 0.042067
2 0 0.021238 0.390162 0.534491 0.016789 0.037320
2 0 0.031479 0.412530 0.483933 0.023947 0.048111
2 0 0.027228 0.404776 0.503144 0.021012 0.043840
2 2 0.027706 0.405739 0.500878 0.021344 0.044333
2 2 0.032035 0.413419 0.481568 0.024327 0.048651
2 2 0.016435 0.373823 0.564886 0.013312 0.031545
2 2 0.013741 0.230859 0.715066 0.020907 0.019426
2 2 0.017091 0.309050 0.627750 0.018156 0.027953
2 2 0.004789 0.112417 0.862576 0.013585 0.006632
2 2 0.008062 0.231569 0.734492 0.010969 0.014907
2 2 0.002344 0.051774 0.930197 0.013056 0.002630
2 2 0.006186 0.125497 0.843735 0.016405 0.008177
2 2 0.002435 0.026083 0.942057 0.027795 0.001631
2 2 0.005260 0.071807 0.893182 0.024759 0.004991
2 2 0.018415 0.379721 0.558194 0.011165 0.032506
2 2 0.023714 0.344678 0.573047 0.023060 0.035501
2 2 0.015081 0.264791 0.677850 0.019580 0.022699
2 2 0.002651 0.031595 0.938466 0.025335 0.001953
2 2 0.003541 0.091877 0.887939 0.011726 0.004916
2 2 0.010567 0.111019 0.832856 0.035799 0.009759
2 2 0.001410 0.033038 0.952896 0.011180 0.001476
2 2 0.005380 0.054426 0.902043 0.034027 0.004124
2 2 0.003790 0.041641 0.922291 0.029427 0.002850
2 2 0.006631 0.077877 0.879513 0.030033 0.005946
2 2 0.010230 0.041839 0.844709 0.098355 0.004867
2 2 0.003930 0.072592 0.901953 0.017174 0.004351
2 2 0.004966 0.020342 0.792743 0.178661 0.003288
2 2 0.010060 0.074022 0.856822 0.052025 0.007071
2 2 0.001503 0.010882 0.949519 0.037412 0.000684
2 2 0.007474 0.069520 0.857433 0.058143 0.007430
2 2 0.004522 0.017176 0.826811 0.149133 0.002358
2 2 0.005398 0.024463 0.804607 0.161692 0.003840
2 2 0.001846 0.013499 0.884884 0.098185 0.001585
2 2 0.008754 0.047172 0.848559 0.089927 0.005587
2 2 0.008662 0.033571 0.778461 0.173748 0.005558
2 2 0.003570 0.019272 0.848937 0.125644 0.002576
2 2 0.003825 0.015247 0.765071 0.213145 0.002712
2 2 0.002819 0.016187 0.926235 0.053513 0.001247
2 2 0.002520 0.024171 0.940422 0.031316 0.001570
2 2 0.001419 0.005469 0.880871 0.111683 0.000557
2 2 0.002740 0.017669 0.893402 0.084314 0.001875
2 2 0.002963 0.042116 0.838453 0.104237 0.012232
2 2 0.003370 0.016488 0.884190 0.094199 0.001754
2 2 0.003406 0.014065 0.878940 0.102095 0.001494
2 2 0.005799 0.021375 0.681657 0.286256 0.004913
2 3 0.006343 0.021053 0.821410 0.148341 0.002853
2 3 0.003437 0.007124 0.693962 0.294159 0.001318
2 3 0.004306 0.014455 0.720580 0.257800 0.002859
2 3 0.011155 0.047041 0.843672 0.092750 0.005382
2 3 0.003747 0.022711 0.918111 0.053599 0.001833
2 3 0.005593 0.023519 0.883775 0.084772 0.002340
2 3 0.009154 0.028967 0.755388 0.201464 0.005027
2 3 0.025704 0.214893 0.645998 0.063174 0.050231
2 3 0.006658 0.021985 0.802259 0.165863 0.003235
2 3 0.036912 0.162114 0.678065 0.098195 0.024713
2 3 0.028625 0.407523 0.496599 0.021981 0.045272
2 3 0.036882 0.420148 0.462158 0.027613 0.053199
2 2 0.029976 0.409990 0.490490 0.022914 0.046630
2 2 0.040107 0.369850 0.503105 0.037272 0.049667
2 2 0.011717 0.162475 0.785742 0.026392 0.013674
2 2 0.023323 0.395838 0.522904 0.018271 0.039664
2 2 0.016510 0.374121 0.564362 0.013367 0.031639
2 2 0.014803 0.366906 0.576745 0.012107 0.029438
2 2 0.019957 0.386294 0.542045 0.015870 0.035834
2 2 0.018386 0.381093 0.551827 0.014735 0.033960
2 2 0.013367 0.360057 0.588027 0.011037 0.027512
2 2 0.014181 0.364032 0.581531 0.011644 0.028612
2 2 0.031685 0.412862 0.483053 0.024088 0.048312
2 2 0.016507 0.257605 0.680057 0.022587 0.023245
2 2 0.011586 0.170594 0.779105 0.024604 0.014111
2 2 0.024423 0.315575 0.599423 0.027099 0.033480
2 2 0.007661 0.159893 0.805400 0.016128 0.010919
2 2 0.001677 0.037188 0.947469 0.011921 0.001745
2 2 0.024655 0.262663 0.643243 0.026158 0.043282
2 2 0.005728 0.026637 0.890089 0.074979 0.002567
2 2 0.017542 0.221226 0.710539 0.029432 0.021262
2 2 0.027297 0.162184 0.724492 0.058601 0.027427
2 2 0.032063 0.321988 0.570881 0.035850 0.039218
2 2 0.036356 0.223322 0.642391 0.066676 0.031254
2 2 0.009000 0.063031 0.868412 0.053554 0.006003
2 2 0.027913 0.248337 0.650668 0.043520 0.029561
2 2 0.034828 0.417506 0.470134 0.026227 0.051306
2 2 0.046605 0.420350 0.437297 0.035364 0.060384
1 2 0.049195 0.431061 0.420324 0.035750 0.063670
1 2 0.071581 0.405872 0.390891 0.057259 0.074397
1 0 0.220075 0.416718 0.264931 0.006416 0.091860
1 0 0.311691 0.378325 0.174043 0.014906 0.121036
0 0 0.487568 0.285551 0.100425 0.007479 0.118976
1 0 0.360541 0.362922 0.166423 0.004512 0.105602
1 0 0.153327 0.423123 0.228100 0.019669 0.175780
1 0 0.053004 0.392579 0.241789 0.005857 0.306771
4 1 0.120564 0.340355 0.147866 0.001433 0.389781
4 4 0.059462 0.185753 0.069135 0.004220 0.681429
4 4 0.094992 0.202313 0.067726 0.000547 0.634422
4 4 0.126913 0.273363 0.095762 0.002020 0.501941
0 0 0.847892 0.075836 0.013362 0.000678 0.062232
0 0 0.689553 0.165965 0.041330 0.003489 0.099663
0 0 0.376324 0.356971 0.164396 0.002828 0.099480
4 1 0.159006 0.339059 0.136814 0.002655 0.362466
4 1 0.150428 0.320467 0.125224 0.001457 0.402424
4 2 0.075719 0.209993 0.073728 0.002477 0.638083
4 4 0.148514 0.278587 0.100393 0.001523 0.470982
4 4 0.203560 0.306707 0.110450 0.000802 0.378481
4 4 0.228941 0.187003 0.045182 0.000447 0.538428
1 4 0.205576 0.410297 0.207633 0.027417 0.149077
4 4 0.063545 0.172165 0.061544 0.001164 0.701582
0 4 0.419145 0.201279 0.047769 0.001164 0.330642
1 4 0.179429 0.364422 0.155226 0.003579 0.297344
0 4 0.676889 0.127447 0.024740 0.000491 0.170432
4 4 0.126819 0.337366 0.145489 0.000818 0.389508
4 4 0.167147 0.209556 0.057974 0.000593 0.564730
4 4 0.275258 0.190314 0.045968 0.000717 0.487742
4 4 0.126108 0.135403 0.034571 0.000307 0.703612
4 4 0.222064 0.232340 0.065806 0.000576 0.479213
4 4 0.268861 0.307905 0.102906 0.008956 0.311372
4 4 0.083076 0.253547 0.092816 0.001945 0.568615
4 4 0.207853 0.076044 0.014700 0.000563 0.700840
4 4 0.186015 0.098828 0.021865 0.001087 0.692205
4 4 0.373813 0.075533 0.012825 0.000426 0.537402
0 4 0.642843 0.089965 0.014127 0.000139 0.252925
4 4 0.118670 0.310743 0.122303 0.002972 0.445312
4 4 0.216532 0.203561 0.054586 0.000752 0.524569
0 4 0.346120 0.259188 0.074058 0.003797 0.316838
0 4 0.400104 0.210153 0.051369 0.001357 0.337017
0 4 0.774282 0.131097 0.033488 0.000191 0.060942
0 4 0.559506 0.258538 0.094011 0.000865 0.087080
0 0 0.386485 0.348285 0.156926 0.001097 0.107208
1 0 0.274343 0.353975 0.143723 0.001724 0.226236
1 0 0.095730 0.450473 0.322457 0.007436 0.123904
0 0 0.699721 0.166517 0.043400 0.001574 0.088788
1 0 0.088906 0.405446 0.235789 0.001114 0.268745
1 0 0.071742 0.413828 0.256863 0.003177 0.254391
1 0 0.060437 0.411659 0.260257 0.009637 0.258009
1 1 0.107268 0.422582 0.247355 0.002586 0.220209
4 1 0.055594 0.340872 0.179348 0.001982 0.422204
1 1 0.088366 0.400088 0.216818 0.013650 0.281078
4 2 0.120712 0.304021 0.119019 0.001275 0.454973
4 2 0.204085 0.282074 0.093497 0.001105 0.419240
1 2 0.203822 0.345700 0.135549 0.004542 0.310387
4 2 0.138448 0.261587 0.087115 0.001660 0.511190
0 4 0.427696 0.232345 0.061294 0.002956 0.275709
4 4 0.190676 0.280365 0.093265 0.001249 0.434446
4 4 0.099405 0.361047 0.169644 0.005455 0.364449
4 4 0.176272 0.300993 0.106887 0.002073 0.413775
4 4 0.120080 0.319768 0.131284 0.001245 0.427623
1 4 0.075886 0.395135 0.218427 0.016397 0.294156
1 4 0.089506 0.400065 0.219310 0.005376 0.285743
4 4 0.051290 0.360809 0.202735 0.004562 0.380605
0 0 0.510304 0.285911 0.110522 0.001247 0.092016
1 0 0.087150 0.442655 0.298283 0.008185 0.163727
1 1 0.044678 0.423965 0.324167 0.002930 0.204260
1 1 0.065239 0.411938 0.253569 0.015402 0.253852
1 1 0.042881 0.436066 0.368138 0.015027 0.137888
1 2 0.092394 0.438208 0.283522 0.025446 0.160430
1 2 0.194660 0.406058 0.200479 0.004775 0.194029
1 2 0.303850 0.390995 0.197348 0.005115 0.102692
1 0 0.146133 0.447768 0.318129 0.006687 0.081284
1 0 0.242676 0.410860 0.213963 0.012439 0.120062
1 0 0.067886 0.445075 0.337982 0.020484 0.128573
1 1 0.123311 0.442989 0.278334 0.012481 0.142885
1 1 0.150460 0.438049 0.263795 0.019951 0.127746
1 1 0.061434 0.437748 0.318892 0.021863 0.160064
1 1 0.063856 0.439246 0.317066 0.012308 0.167524
1 1 0.076614 0.437200 0.350103 0.053025 0.083058
1 1 0.148766 0.438080 0.261095 0.008751 0.143307
1 1 0.059791 0.434346 0.310289 0.009202 0.186372
1 1 0.050178 0.400107 0.257926 0.005736 0.286054
1 1 0.075594 0.397805 0.222239 0.016685 0.287677
1 1 0.040606 0.395595 0.266982 0.006914 0.289903
1 1 0.048393 0.420067 0.296124 0.011415 0.224000
1 1 0.058198 0.432707 0.307857 0.017884 0.183353
1 2 0.041676 0.399016 0.270384 0.007388 0.281536
1 2 0.031377 0.391119 0.284751 0.004819 0.287933
1 2 0.060478 0.437281 0.318805 0.021114 0.162322
1 2 0.047785 0.414672 0.289133 0.011546 0.236864
1 2 0.074130 0.445220 0.322782 0.015324 0.142544
1 2 0.057462 0.440591 0.340154 0.021133 0.140659
0 2 0.432788 0.326033 0.136612 0.002289 0.102278
1 2 0.222067 0.423267 0.239530 0.011200 0.103936
1 2 0.228285 0.424479 0.258487 0.002976 0.085773
1 0 0.184972 0.437858 0.275846 0.008447 0.092877
1 0 0.224863 0.424210 0.277530 0.001040 0.072356
1 0 0.111965 0.450606 0.338062 0.016331 0.083036
1 2 0.176821 0.440305 0.283228 0.008441 0.091205
1 2 0.074177 0.441526 0.331754 0.038536 0.114007
1 2 0.031430 0.422527 0.364331 0.007807 0.173905
1 2 0.046913 0.429568 0.427427 0.034262 0.061830
1 2 0.062067 0.422487 0.277546 0.012228 0.225671
2 2 0.027017 0.423220 0.437570 0.010095 0.102098
1 2 0.037805 0.431903 0.426654 0.019319 0.084320
1 2 0.032859 0.430014 0.402775 0.011364 0.122990
2 2 0.030504 0.427291 0.430374 0.012294 0.099537
2 2 0.011174 0.196517 0.745531 0.010673 0.036105
0 2 0.452346 0.199679 0.269565 0.011849 0.066561
1 0 0.077774 0.445399 0.411861 0.005573 0.059392
2 0 0.044600 0.429175 0.449476 0.020822 0.055927
2 0 0.034193 0.416270 0.486583 0.015918 0.047036
2 0 0.031883 0.413177 0.482213 0.024223 0.048504
2 2 0.029953 0.409949 0.490592 0.022899 0.046607
2 2 0.020502 0.366814 0.560199 0.017746 0.034739
2 2 0.028332 0.396238 0.508758 0.022755 0.043917
2 2 0.036522 0.419706 0.463530 0.027371 0.052871
2 2 0.032354 0.220092 0.696625 0.025488 0.025441
2 2 0.023989 0.293070 0.622307 0.029418 0.031216
2 2 0.012567 0.144160 0.797432 0.032898 0.012942
2 2 0.015534 0.198408 0.738554 0.029133 0.018370
2 2 0.009475 0.092025 0.851942 0.038516 0.008042
2 2 0.013307 0.134768 0.801286 0.037972 0.012667
2 2 0.001932 0.011426 0.937679 0.048159 0.000804
2 2 0.008144 0.052768 0.876621 0.057495 0.004971
2 2 0.002158 0.020665 0.945470 0.030409 0.001298
2 2 0.001581 0.002396 0.802882 0.192872 0.000269
2 2 0.004473 0.018154 0.893501 0.082162 0.001711
2 2 0.001662 0.004042 0.883910 0.110028 0.000358
2 3 0.007150 0.008342 0.668033 0.315012 0.001463
2 3 0.003333 0.003634 0.739214 0.253336 0.000484
2 3 0.005161 0.007142 0.762279 0.224448 0.000969
2 3 0.003557 0.002810 0.565599 0.427485 0.000549
2 3 0.001415 0.002702 0.808981 0.186587 0.000315
2 3 0.003632 0.002981 0.605394 0.387460 0.000533
3 3 0.005341 0.004803 0.291945 0.695839 0.002072
3 3 0.004068 0.003084 0.417396 0.574580 0.000872
3 3 0.001903 0.001505 0.297687 0.698336 0.000568
3 3 0.004636 0.002051 0.166784 0.825407 0.001121
3 3 0.002758 0.001631 0.245721 0.749206 0.000684
3 3 0.003898 0.001755 0.139604 0.853652 0.001090
3 3 0.003524 0.001858 0.113517 0.879699 0.001402
3 3 0.005530 0.002062 0.258855 0.732795 0.000757
3 3 0.003894 0.001785 0.137173 0.856018 0.001130
3 3 0.002301 0.001053 0.154084 0.841976 0.000586
3 3 0.003902 0.001979 0.124761 0.867971 0.001387
3 3 0.002187 0.001126 0.088412 0.907301 0.000974
3 3 0.002845 0.001428 0.190154 0.804868 0.000705
3 3 0.002771 0.001422 0.101579 0.893095 0.001133
3 3 0.002780 0.001431 0.101485 0.893162 0.001142
3 3 0.003656 0.002301 0.097791 0.894202 0.002049
3 3 0.002730 0.001239 0.138061 0.857213 0.000757
3 3 0.001900 0.001138 0.070405 0.925358 0.001199
3 3 0.004496 0.002813 0.120962 0.869553 0.002175
3 3 0.002077 0.001026 0.089358 0.906673 0.000866
3 3 0.001047 0.000504 0.098892 0.899185 0.000372
3 3 0.004257 0.002575 0.110768 0.880306 0.002094
3 3 0.001584 0.000834 0.071814 0.924948 0.000821
3 3 0.002430 0.001379 0.085516 0.909406 0.001269
3 3 0.001843 0.000881 0.086069 0.910458 0.000749
3 3 0.004552 0.002907 0.109238 0.880864 0.002440
3 3 0.005315 0.003153 0.127913 0.861290 0.002329
3 3 0.002773 0.001823 0.080014 0.913531 0.001859
3 3 0.002369 0.001615 0.070493 0.923723 0.001800
3 3 0.002006 0.000820 0.116152 0.880483 0.000539
3 3 0.001870 0.001037 0.075179 0.920896 0.001018
3 3 0.001805 0.001139 0.064910 0.930859 0.001286
3 3 0.002906 0.001884 0.083303 0.910041 0.001867
3 3 0.002858 0.001667 0.091435 0.902547 0.001493
3 3 0.002256 0.001171 0.089350 0.906214 0.001010
3 3 0.002081 0.001363 0.068007 0.927027 0.001523
3 3 0.002900 0.001489 0.104162 0.890280 0.001170
3 3 0.005774 0.002527 0.178175 0.812195 0.001329
3 3 0.002708 0.001503 0.092957 0.901526 0.001306
3 3 0.001819 0.001156 0.064751 0.930964 0.001311
3 3 0.001978 0.001467 0.058435 0.936233 0.001887
3 3 0.002753 0.001484 0.096576 0.897943 0.001244
3 3 0.003937 0.001884 0.132538 0.860401 0.001241
3 3 0.002322 0.001902 0.058226 0.934992 0.002559
