0 0 0.980669 0.005149 0.000353 0.000032 0.013797
0 0 0.989835 0.003353 0.002531 0.001161 0.003120
0 0 0.989086 0.003633 0.002658 0.001206 0.003417
0 0 0.994118 0.001758 0.001748 0.000891 0.001484
0 0 0.991333 0.002761 0.002321 0.001119 0.002466
0 0 0.985116 0.007092 0.000306 0.000003 0.007482
0 0 0.875787 0.068631 0.002698 0.000022 0.052862
0 1 0.853253 0.088965 0.004341 0.000034 0.053407
0 1 0.532413 0.233790 0.009519 0.000170 0.224108
0 1 0.766702 0.099275 0.002949 0.000045 0.131030
0 1 0.747892 0.149070 0.003267 0.000011 0.099760
0 1 0.600442 0.127159 0.001490 0.000014 0.270894
0 1 0.574995 0.194197 0.005161 0.000065 0.225582
0 1 0.578024 0.207474 0.006229 0.000074 0.208199
0 1 0.610553 0.175199 0.003642 0.000033 0.210573
0 1 0.539288 0.152716 0.002775 0.000048 0.305172
4 1 0.324158 0.125600 0.002469 0.000103 0.547669
0 4 0.416316 0.182669 0.006181 0.000336 0.394498
4 4 0.427606 0.132969 0.002475 0.000106 0.436844
4 4 0.369251 0.122621 0.002305 0.000135 0.505687
0 4 0.481164 0.168296 0.004135 0.000123 0.346281
0 4 0.526587 0.162935 0.003415 0.000068 0.306996
4 4 0.350027 0.152848 0.004692 0.000436 0.491997
4 4 0.177924 0.180641 0.009210 0.000268 0.631957
4 4 0.411564 0.092814 0.000982 0.000039 0.494600
0 4 0.469655 0.122128 0.001746 0.000050 0.406421
0 4 0.451142 0.163835 0.004137 0.000159 0.380727
0 4 0.529992 0.175047 0.004153 0.000081 0.290728
4 4 0.395002 0.145850 0.003529 0.000212 0.455407
0 4 0.526835 0.205372 0.006593 0.000131 0.261069
0 4 0.466814 0.225844 0.009859 0.000341 0.297141
4 4 0.384634 0.113100 0.001793 0.000096 0.500377
4 4 0.315543 0.144857 0.003912 0.000226 0.535462
4 4 0.401382 0.118319 0.001944 0.000098 0.478257
4 4 0.429290 0.135375 0.002588 0.000111 0.432636
0 4 0.445263 0.147352 0.003129 0.000122 0.404134
4 4 0.354087 0.151569 0.004329 0.000317 0.489698
0 4 0.510168 0.235430 0.010125 0.000226 0.244050
0 4 0.455105 0.177247 0.005103 0.000194 0.362351
0 4 0.464512 0.219852 0.009177 0.000326 0.306133
1 4 0.281266 0.458260 0.212375 0.003574 0.044526
1 4 0.266022 0.456712 0.229829 0.004218 0.043219
1 4 0.299209 0.456933 0.180022 0.003925 0.059912
1 4 0.338494 0.451772 0.144140 0.002497 0.063097
1 4 0.249554 0.455716 0.222701 0.007274 0.064755
1 4 0.165195 0.445989 0.319965 0.009457 0.059394
1 4 0.160510 0.413240 0.370066 0.016753 0.039431
1 4 0.329401 0.455175 0.157683 0.002448 0.055294
1 4 0.152420 0.439900 0.356639 0.006955 0.044086
1 2 0.256390 0.452777 0.212122 0.008234 0.070477
2 2 0.130126 0.274863 0.539486 0.019892 0.035633
2 2 0.158194 0.242327 0.521768 0.046223 0.031487
2 2 0.061688 0.320340 0.565123 0.014067 0.038782
2 2 0.032376 0.299701 0.614364 0.011657 0.041901
2 2 0.150305 0.245867 0.524861 0.056760 0.022208
2 2 0.125136 0.398390 0.402141 0.024256 0.050077
2 2 0.072803 0.080466 0.714055 0.120106 0.012570
2 2 0.079383 0.119470 0.682487 0.094991 0.023668
2 2 0.047770 0.102315 0.740945 0.086830 0.022140
2 2 0.062819 0.076187 0.568702 0.269979 0.022313
2 2 0.039642 0.014661 0.627939 0.316291 0.001468
2 2 0.033645 0.040079 0.666184 0.256346 0.003746
3 2 0.055063 0.011126 0.322984 0.608164 0.002663
3 3 0.015655 0.004228 0.246768 0.731595 0.001754
3 3 0.046573 0.006529 0.218437 0.725931 0.002531
3 3 0.027206 0.004270 0.196286 0.770234 0.002004
3 3 0.017677 0.002990 0.193678 0.784247 0.001407
3 3 0.050812 0.009735 0.220100 0.714697 0.004656
3 3 0.027911 0.010951 0.254291 0.700763 0.006084
3 3 0.013639 0.002057 0.122476 0.860003 0.001824
3 3 0.028127 0.002305 0.139441 0.828900 0.001228
3 3 0.038183 0.002950 0.155772 0.801777 0.001317
3 3 0.022328 0.002875 0.100900 0.870504 0.003392
3 3 0.018359 0.003989 0.155031 0.819340 0.003281
3 3 0.022465 0.002996 0.115381 0.856226 0.002932
3 3 0.019645 0.001246 0.067102 0.910367 0.001641
3 3 0.003969 0.000340 0.031769 0.962691 0.001231
3 3 0.008009 0.000476 0.038370 0.951982 0.001163
3 3 0.007782 0.000707 0.043535 0.946051 0.001924
3 3 0.018534 0.003644 0.122394 0.851312 0.004115
3 3 0.011955 0.001868 0.093170 0.890459 0.002549
3 3 0.010250 0.000994 0.069188 0.918080 0.001489
3 3 0.024655 0.004366 0.160660 0.807234 0.003086
3 3 0.025385 0.018332 0.344391 0.603595 0.008297
3 3 0.010756 0.001982 0.123769 0.861593 0.001900
3 3 0.017339 0.002397 0.116772 0.861236 0.002256
3 3 0.011062 0.002358 0.125328 0.858784 0.002469
3 3 0.018532 0.006873 0.169102 0.798414 0.007079
3 3 0.011204 0.001550 0.121884 0.864105 0.001256
3 3 0.014505 0.003835 0.193371 0.785901 0.002387
3 3 0.010372 0.001104 0.069172 0.917582 0.001770
3 3 0.028148 0.002168 0.117866 0.850367 0.001451
3 3 0.009995 0.001109 0.058594 0.927966 0.002337
3 3 0.013570 0.001357 0.066820 0.915939 0.002313
3 3 0.013465 0.001452 0.101608 0.882109 0.001365
3 3 0.013426 0.001103 0.082573 0.901717 0.001182
3 3 0.006379 0.000446 0.036629 0.955295 0.001251
3 3 0.012528 0.000607 0.043612 0.942093 0.001160
3 3 0.018986 0.001322 0.058635 0.918791 0.002266
3 3 0.003827 0.000204 0.026758 0.968534 0.000677
3 3 0.009170 0.000993 0.049487 0.937742 0.002608
3 3 0.005945 0.000948 0.072048 0.919357 0.001702
3 3 0.021766 0.001427 0.060940 0.913599 0.002268
3 3 0.012401 0.001516 0.058601 0.923916 0.003566
3 3 0.014180 0.002490 0.069625 0.907752 0.005954
3 3 0.015843 0.002954 0.116973 0.860870 0.003361
3 3 0.007485 0.001817 0.133376 0.855576 0.001747
3 3 0.011467 0.003388 0.128732 0.852120 0.004293
3 3 0.004354 0.001319 0.168161 0.824239 0.001927
3 3 0.004310 0.000434 0.034755 0.958928 0.001573
3 3 0.011996 0.002948 0.129980 0.851813 0.003263
3 3 0.015816 0.001531 0.073617 0.906771 0.002265
3 3 0.011593 0.002075 0.064317 0.916550 0.005464
3 3 0.006502 0.003095 0.211865 0.776408 0.002130
3 3 0.014303 0.004251 0.127634 0.848105 0.005707
3 3 0.003745 0.003955 0.309150 0.679325 0.003824
2 3 0.249610 0.222511 0.469127 0.041977 0.016775
2 2 0.087808 0.080596 0.411686 0.373640 0.046270
2 2 0.096382 0.119460 0.623433 0.146924 0.013801
2 2 0.013273 0.130294 0.774897 0.061154 0.020382
2 2 0.055603 0.230790 0.614421 0.044580 0.054606
2 0 0.081200 0.401391 0.431430 0.012508 0.073472
1 2 0.077729 0.408604 0.397386 0.012295 0.103986
1 2 0.163381 0.432423 0.332803 0.014446 0.056946
2 2 0.170957 0.335606 0.404766 0.019510 0.069162
2 2 0.124145 0.337732 0.477629 0.019830 0.040664
2 2 0.274003 0.266821 0.406054 0.028236 0.024886
2 2 0.210087 0.345585 0.371185 0.031313 0.041830
1 2 0.343879 0.399633 0.197125 0.005860 0.053503
2 2 0.071013 0.361522 0.521192 0.011144 0.035129
2 2 0.009336 0.152660 0.802878 0.018332 0.016792
2 2 0.026479 0.281586 0.623779 0.009321 0.058835
2 2 0.033592 0.278216 0.650707 0.012583 0.024901
2 2 0.003806 0.103298 0.875876 0.008217 0.008805
2 2 0.006197 0.043865 0.922489 0.021517 0.005933
2 2 0.010863 0.153152 0.781708 0.020122 0.034156
2 2 0.027645 0.039691 0.667566 0.244445 0.020652
2 2 0.031055 0.119294 0.623751 0.172680 0.053220
2 2 0.003646 0.071178 0.877913 0.032376 0.014886
2 2 0.028577 0.097156 0.840373 0.023707 0.010187
2 2 0.007969 0.062798 0.775821 0.133755 0.019657
2 2 0.010393 0.099387 0.779390 0.089656 0.021174
2 2 0.003456 0.029662 0.865091 0.081736 0.020056
2 2 0.005766 0.081285 0.851472 0.047420 0.014057
2 2 0.006358 0.019262 0.582700 0.360972 0.030708
2 2 0.011235 0.029966 0.653567 0.295415 0.009818
2 2 0.017152 0.097065 0.767826 0.092597 0.025360
2 2 0.269650 0.264656 0.393897 0.039957 0.031839
1 2 0.165824 0.410959 0.364735 0.017881 0.040602
2 2 0.040335 0.304245 0.606121 0.014860 0.034439
2 2 0.014756 0.073160 0.838014 0.063829 0.010241
2 2 0.020078 0.180882 0.758056 0.024567 0.016418
2 2 0.005597 0.091263 0.853718 0.033920 0.015502
2 2 0.002654 0.068673 0.899542 0.017537 0.011594
2 2 0.006220 0.045618 0.906811 0.037307 0.004044
2 2 0.003820 0.098555 0.880637 0.009011 0.007978
2 2 0.009827 0.057883 0.834324 0.088315 0.009652
2 2 0.002371 0.025045 0.899687 0.066028 0.006869
2 2 0.009878 0.111107 0.809326 0.051958 0.017732
2 2 0.003529 0.014347 0.816334 0.161643 0.004146
2 2 0.004843 0.045065 0.821521 0.112816 0.015756
2 2 0.001798 0.009291 0.867223 0.118543 0.003145
2 2 0.007060 0.108066 0.855817 0.020964 0.008093
2 2 0.006836 0.019099 0.709466 0.258223 0.006376
2 2 0.006423 0.083307 0.824325 0.060767 0.025178
2 2 0.008359 0.033331 0.815149 0.135996 0.007165
2 2 0.033289 0.149495 0.754627 0.041575 0.021013
2 2 0.010904 0.101759 0.851613 0.024572 0.011152
2 2 0.003320 0.075989 0.875416 0.026133 0.019142
2 2 0.003144 0.037092 0.882729 0.067921 0.009114
2 2 0.008056 0.125413 0.823764 0.025970 0.016797
2 2 0.002182 0.014892 0.855967 0.121620 0.005339
2 2 0.004117 0.044783 0.876039 0.055929 0.019132
2 2 0.003572 0.008750 0.817616 0.166931 0.003131
2 2 0.007386 0.055250 0.795443 0.121525 0.020396
2 2 0.003660 0.053091 0.870691 0.059027 0.013529
2 2 0.004747 0.009624 0.523930 0.451884 0.009815
2 2 0.004236 0.019030 0.777212 0.195180 0.004341
2 2 0.037804 0.129414 0.610381 0.132093 0.090308
2 2 0.068329 0.183931 0.626877 0.092882 0.027982
0 4 0.351376 0.318216 0.140604 0.010733 0.179070
1 4 0.332504 0.436597 0.119811 0.004308 0.106779
1 4 0.159653 0.463761 0.208675 0.005383 0.162527
2 4 0.011469 0.212567 0.718578 0.005995 0.051390
2 4 0.028679 0.257796 0.569824 0.019012 0.124690
2 2 0.058252 0.354853 0.519226 0.015037 0.052633
1 2 0.084427 0.445731 0.364536 0.003801 0.101505
2 2 0.010883 0.143379 0.704322 0.035364 0.106052
2 2 0.235094 0.228099 0.443431 0.043512 0.049865
1 2 0.320875 0.449439 0.145573 0.003951 0.080163
0 2 0.478502 0.302165 0.051375 0.003091 0.164868
1 2 0.256245 0.450140 0.137288 0.004847 0.151480
1 2 0.101171 0.429228 0.263280 0.010224 0.196097
1 2 0.107648 0.434530 0.296488 0.011805 0.149528
0 2 0.363266 0.348653 0.203608 0.010314 0.074160
1 4 0.183029 0.478474 0.214581 0.003860 0.120056
2 4 0.040422 0.323862 0.573394 0.012890 0.049432
1 4 0.333139 0.422624 0.136931 0.006028 0.101277
0 0 0.530904 0.267303 0.155244 0.006094 0.040454
0 1 0.512147 0.374230 0.046948 0.000274 0.066401
1 1 0.410929 0.411709 0.076319 0.001432 0.099610
1 2 0.139502 0.467434 0.290188 0.005079 0.097796
2 2 0.067909 0.396666 0.435654 0.010926 0.088845
2 2 0.042953 0.375476 0.483246 0.005459 0.092866
2 2 0.027687 0.331682 0.543024 0.006088 0.091519
2 2 0.007664 0.108586 0.833149 0.008809 0.041792
2 2 0.014486 0.249119 0.686906 0.005835 0.043653
2 2 0.028320 0.250373 0.657352 0.005594 0.058361
1 2 0.157685 0.451813 0.213244 0.008497 0.168760
0 0 0.629589 0.224101 0.073855 0.003898 0.068556
0 1 0.562783 0.313452 0.033574 0.000333 0.089857
1 1 0.354090 0.443538 0.122741 0.002476 0.077155
1 2 0.368229 0.434136 0.105832 0.002336 0.089466
1 2 0.164579 0.478919 0.248630 0.003873 0.104000
1 2 0.356496 0.445354 0.125393 0.002210 0.070547
1 2 0.302610 0.450904 0.159001 0.005154 0.082331
0 2 0.432050 0.415358 0.077687 0.000870 0.074036
2 2 0.032105 0.331843 0.560722 0.006880 0.068450
2 2 0.007867 0.172565 0.789697 0.005424 0.024447
1 2 0.100544 0.442817 0.317806 0.007596 0.131236
1 2 0.377690 0.421618 0.090344 0.002363 0.107984
0 2 0.402484 0.372511 0.053292 0.001978 0.169735
0 0 0.611656 0.260452 0.037035 0.000727 0.090130
0 1 0.423876 0.404489 0.069322 0.001213 0.101100
1 1 0.214011 0.444732 0.170304 0.009833 0.161121
1 2 0.398943 0.409453 0.076226 0.001826 0.113552
1 2 0.361522 0.432218 0.105140 0.002748 0.098372
1 2 0.345987 0.433938 0.111678 0.003546 0.104851
1 2 0.091130 0.431615 0.313964 0.009116 0.154175
2 2 0.017619 0.294146 0.587385 0.005647 0.095203
2 2 0.011112 0.133781 0.833707 0.004290 0.017111
2 2 0.040766 0.260238 0.647489 0.011523 0.039985
1 2 0.368634 0.412450 0.084379 0.002998 0.131539
1 2 0.152006 0.449454 0.247696 0.011257 0.139588
1 2 0.088245 0.425004 0.381604 0.009016 0.096131
2 2 0.007449 0.095789 0.819281 0.025656 0.051824
1 2 0.091672 0.423292 0.393171 0.009171 0.082693
0 2 0.512310 0.364878 0.041968 0.000311 0.080532
0 0 0.700611 0.188363 0.065559 0.002174 0.043293
0 0 0.686922 0.183037 0.081036 0.004247 0.044758
0 0 0.746283 0.163586 0.062745 0.001239 0.026146
0 0 0.802123 0.136469 0.010122 0.000073 0.051213
0 1 0.587387 0.297919 0.028744 0.000241 0.085708
0 1 0.432601 0.393074 0.060840 0.001141 0.112345
0 2 0.690325 0.180286 0.023292 0.000876 0.105221
1 2 0.310799 0.368863 0.046358 0.001026 0.272954
0 0 0.885068 0.046817 0.006685 0.000818 0.060613
0 0 0.752256 0.151722 0.008185 0.000080 0.087757
0 1 0.442839 0.327274 0.031645 0.001016 0.197227
0 2 0.415788 0.390658 0.061264 0.001543 0.130747
1 2 0.333566 0.424039 0.105004 0.004897 0.132495
1 2 0.118698 0.432969 0.231747 0.010305 0.206281
1 2 0.130199 0.456820 0.241030 0.006161 0.165790
0 2 0.454547 0.294402 0.051208 0.002478 0.197365
2 2 0.013513 0.147217 0.772337 0.015666 0.051266
1 2 0.036626 0.361047 0.334660 0.006560 0.261107
2 2 0.048252 0.263977 0.508862 0.016750 0.162159
2 2 0.071579 0.243614 0.470572 0.013129 0.201106
1 2 0.166525 0.319267 0.281094 0.015166 0.217948
0 0 0.951679 0.016478 0.010916 0.005703 0.015224
0 0 0.993156 0.003644 0.000553 0.000016 0.002631
0 0 0.962323 0.018503 0.004502 0.000405 0.014267
0 0 0.908100 0.058289 0.004070 0.000036 0.029505
0 0 0.833101 0.107666 0.004746 0.000025 0.054462
0 0 0.729913 0.180729 0.009532 0.000059 0.079766
0 1 0.477184 0.320895 0.027704 0.000614 0.173602
0 1 0.766154 0.141422 0.012638 0.000242 0.079544
0 1 0.668825 0.188815 0.009337 0.000120 0.132903
0 2 0.780988 0.101177 0.006698 0.000239 0.110898
0 2 0.609093 0.271265 0.013823 0.000074 0.105745
0 2 0.548847 0.313160 0.023243 0.000205 0.114545
0 2 0.517946 0.305839 0.022629 0.000342 0.153244
1 4 0.354369 0.355437 0.043943 0.001584 0.244668
0 4 0.693543 0.198757 0.016991 0.000232 0.090476
0 4 0.554052 0.290772 0.033069 0.000672 0.121435
1 4 0.167829 0.444582 0.146585 0.003728 0.237276
1 4 0.101696 0.451443 0.246896 0.004085 0.195880
0 2 0.531314 0.268356 0.130751 0.005837 0.063742
0 2 0.706934 0.182019 0.029247 0.000949 0.080851
0 2 0.644613 0.209395 0.023050 0.000717 0.122225
1 2 0.287917 0.454742 0.180846 0.005429 0.071065
2 2 0.043165 0.364533 0.510813 0.006391 0.075098
2 2 0.015164 0.233252 0.685875 0.009406 0.056303
2 2 0.019589 0.270750 0.642043 0.006480 0.061139
2 2 0.018219 0.249956 0.694362 0.006896 0.030566
2 2 0.014902 0.267726 0.665027 0.003219 0.049127
2 2 0.021244 0.233847 0.684135 0.015275 0.045498
2 2 0.001262 0.080035 0.906797 0.002445 0.009461
2 2 0.022477 0.259887 0.662547 0.015729 0.039360
2 2 0.021351 0.239889 0.699000 0.005694 0.034067
2 2 0.021895 0.281022 0.644799 0.006937 0.045347
2 2 0.011079 0.141389 0.808220 0.011110 0.028201
2 2 0.017945 0.268559 0.669282 0.004383 0.039832
2 2 0.005340 0.040017 0.924335 0.025445 0.004863
2 2 0.025861 0.269148 0.661782 0.011497 0.031712
1 2 0.132588 0.451797 0.328602 0.007342 0.079671
1 2 0.384056 0.398353 0.146900 0.004066 0.066625
0 1 0.537134 0.345642 0.064017 0.000499 0.052708
1 1 0.293536 0.446930 0.156726 0.006690 0.096117
2 2 0.069232 0.375947 0.489976 0.012060 0.052784
0 0 0.386474 0.224756 0.335296 0.029621 0.023853
1 1 0.336902 0.453753 0.150572 0.002276 0.056498
1 2 0.170376 0.419675 0.344773 0.018464 0.046712
2 2 0.046606 0.328195 0.575939 0.011241 0.038019
2 2 0.034853 0.312656 0.600656 0.009152 0.042683
2 2 0.041314 0.346629 0.547904 0.007139 0.057013
2 2 0.015956 0.215061 0.740968 0.009366 0.018649
2 2 0.004181 0.061024 0.896044 0.031679 0.007072
2 2 0.091441 0.391859 0.439554 0.018128 0.059017
2 2 0.010408 0.146006 0.795736 0.016184 0.031666
2 2 0.012557 0.188561 0.765429 0.015687 0.017765
2 2 0.012054 0.115778 0.806588 0.036974 0.028607
2 2 0.006399 0.121363 0.850840 0.012751 0.008646
2 2 0.047748 0.246704 0.626658 0.043836 0.035054
2 2 0.006545 0.113881 0.854977 0.013686 0.010912
2 2 0.070562 0.276436 0.599436 0.021866 0.031700
2 2 0.023248 0.224376 0.702003 0.021669 0.028704
2 2 0.014313 0.192720 0.755247 0.017808 0.019913
2 2 0.004115 0.075147 0.880672 0.028892 0.011175
2 2 0.018160 0.109001 0.796347 0.047158 0.029335
2 2 0.017942 0.247385 0.679818 0.013432 0.041423
2 2 0.034053 0.232372 0.641475 0.059046 0.033055
2 2 0.008833 0.098668 0.846407 0.030985 0.015107
2 2 0.021749 0.080232 0.801414 0.067401 0.029203
2 2 0.040574 0.037209 0.579408 0.326605 0.016204
2 2 0.059647 0.186590 0.668746 0.045697 0.039320
2 2 0.083874 0.086972 0.553243 0.241015 0.034896
2 2 0.070239 0.382306 0.451792 0.013586 0.082077
1 2 0.296855 0.451772 0.165037 0.005470 0.080866
1 2 0.168606 0.441578 0.243504 0.011710 0.134601
1 2 0.291377 0.461146 0.164591 0.003729 0.079157
2 2 0.075305 0.265096 0.589235 0.014570 0.055795
0 2 0.447720 0.336333 0.116896 0.006490 0.092561
1 2 0.216950 0.461272 0.245654 0.006968 0.069156
1 2 0.375627 0.417913 0.087422 0.002548 0.116490
0 0 0.768184 0.131088 0.037387 0.002773 0.060569
0 1 0.431853 0.417746 0.080087 0.000828 0.069487
1 1 0.370483 0.424538 0.094726 0.002599 0.107653
2 2 0.148815 0.315316 0.437717 0.020575 0.077577
2 2 0.005762 0.124380 0.847293 0.011101 0.011464
2 2 0.002079 0.077649 0.907340 0.005737 0.007195
2 2 0.004790 0.126988 0.853345 0.006410 0.008467
2 2 0.006288 0.140185 0.838042 0.005713 0.009773
2 2 0.000652 0.014250 0.966956 0.015680 0.002462
2 2 0.003025 0.080786 0.892249 0.013080 0.010860
2 2 0.006956 0.155821 0.803715 0.011510 0.021999
2 2 0.005045 0.045068 0.847863 0.091402 0.010622
2 2 0.012758 0.210513 0.750225 0.006023 0.020480
2 2 0.009235 0.176335 0.779003 0.007481 0.027946
2 2 0.017265 0.205758 0.755039 0.009378 0.012561
2 2 0.005311 0.121718 0.860025 0.007070 0.005875
2 2 0.002480 0.099489 0.890323 0.002390 0.005318
2 2 0.019727 0.237452 0.721557 0.004849 0.016414
2 2 0.008340 0.125289 0.844433 0.015542 0.006396
2 2 0.006603 0.128482 0.850422 0.008762 0.005731
2 2 0.006318 0.120982 0.859865 0.008367 0.004468
2 2 0.010742 0.019222 0.818110 0.150609 0.001317
2 2 0.012663 0.080589 0.887747 0.016076 0.002926
2 2 0.006351 0.121231 0.859525 0.008410 0.004483
2 2 0.005246 0.072841 0.904219 0.014612 0.003081
2 2 0.007699 0.074459 0.897556 0.017797 0.002489
2 2 0.002963 0.008239 0.857288 0.130689 0.000820
2 2 0.005436 0.010691 0.807760 0.174740 0.001373
2 2 0.007636 0.038203 0.828576 0.121674 0.003911
2 2 0.002502 0.009363 0.780854 0.206224 0.001057
2 2 0.005102 0.008528 0.831707 0.154052 0.000610
3 2 0.003861 0.002967 0.356931 0.635153 0.001089
2 2 0.001008 0.009514 0.930969 0.056876 0.001633
2 2 0.024124 0.031053 0.589195 0.350633 0.004995
2 2 0.015267 0.081909 0.818346 0.068092 0.016386
2 2 0.000775 0.024938 0.956659 0.014833 0.002793
3 2 0.008174 0.010321 0.467369 0.510412 0.003724
2 2 0.001650 0.023548 0.920244 0.050921 0.003637
3 2 0.005490 0.010396 0.427849 0.550129 0.006137
2 2 0.005002 0.019747 0.765250 0.204472 0.005528
2 2 0.004423 0.010061 0.624967 0.358293 0.002256
2 2 0.004112 0.013966 0.877853 0.101822 0.002246
2 2 0.001540 0.006049 0.858730 0.132693 0.000988
2 2 0.007818 0.005723 0.526510 0.457841 0.002107
2 2 0.008729 0.011282 0.636730 0.340440 0.002819
2 2 0.013529 0.061025 0.863309 0.048655 0.013482
2 2 0.014886 0.031202 0.850784 0.095078 0.008050
2 2 0.019826 0.062936 0.807712 0.087308 0.022217
2 2 0.013297 0.144744 0.790889 0.030902 0.020168
2 2 0.007261 0.043953 0.825053 0.114050 0.009683
2 2 0.023107 0.054655 0.591631 0.305116 0.025492
3 2 0.033472 0.006732 0.166174 0.788476 0.005146
2 2 0.109922 0.061490 0.499322 0.317533 0.011733
2 2 0.033626 0.169443 0.675236 0.051183 0.070511
2 2 0.035089 0.295451 0.540331 0.015073 0.114055
2 2 0.019094 0.256248 0.664896 0.013568 0.046194
2 2 0.007502 0.178947 0.775598 0.006372 0.031580
2 2 0.029566 0.276233 0.631501 0.021831 0.040870
0 2 0.486579 0.290867 0.127551 0.010443 0.084560
0 0 0.864739 0.057978 0.067024 0.003260 0.007000
0 0 0.453638 0.319991 0.160797 0.007460 0.058115
1 0 0.386023 0.429071 0.096407 0.001803 0.086696
0 0 0.872083 0.057046 0.034763 0.007457 0.028650
1 0 0.378381 0.426813 0.095344 0.002178 0.097283
1 1 0.212697 0.434169 0.228759 0.022049 0.102326
4 2 0.343726 0.182415 0.007843 0.000835 0.465181
4 2 0.186744 0.173247 0.007880 0.000223 0.631906
4 2 0.138425 0.202763 0.015103 0.000400 0.643309
4 2 0.172315 0.201863 0.013521 0.000524 0.611778
4 4 0.141759 0.192659 0.012581 0.000296 0.652704
4 4 0.310045 0.133186 0.002984 0.000129 0.553656
4 4 0.016131 0.009513 0.003759 0.000892 0.969705
4 4 0.147142 0.042520 0.003036 0.000594 0.806708
4 4 0.155547 0.042507 0.002123 0.000314 0.799509
4 4 0.037225 0.016479 0.003333 0.000763 0.942200
4 4 0.027620 0.026402 0.005939 0.000398 0.939642
4 4 0.031706 0.012811 0.003255 0.001119 0.951109
4 4 0.108595 0.026069 0.001606 0.000289 0.863441
4 4 0.399794 0.101695 0.001290 0.000060 0.497161
0 4 0.555284 0.076917 0.001090 0.000050 0.366659
0 4 0.518400 0.199863 0.006199 0.000134 0.275404
4 4 0.419265 0.117220 0.001793 0.000077 0.461644
0 4 0.493358 0.089148 0.000812 0.000020 0.416663
4 4 0.406056 0.096080 0.001083 0.000046 0.496735
4 4 0.395365 0.105784 0.001458 0.000072 0.497321
4 4 0.324236 0.086649 0.001653 0.000108 0.587354
4 4 0.410541 0.092179 0.000954 0.000038 0.496288
4 4 0.417005 0.088857 0.000961 0.000039 0.493138
0 4 0.450368 0.136767 0.002511 0.000090 0.410264
4 4 0.337292 0.148229 0.004224 0.000318 0.509937
4 4 0.387621 0.113165 0.001799 0.000099 0.497316
4 4 0.421787 0.082847 0.000689 0.000023 0.494655
4 4 0.313686 0.138569 0.003388 0.000169 0.544187
4 4 0.381850 0.118852 0.002098 0.000126 0.497075
4 4 0.289342 0.141513 0.004163 0.000147 0.564834
4 4 0.420669 0.138164 0.002808 0.000131 0.438228
4 4 0.393871 0.107186 0.001519 0.000077 0.497348
0 4 0.489822 0.164690 0.003813 0.000105 0.341571
4 4 0.388940 0.123865 0.002295 0.000133 0.484767
0 4 0.566719 0.138483 0.002004 0.000027 0.292768
4 4 0.409315 0.093235 0.000988 0.000040 0.496422
0 4 0.530562 0.127567 0.001710 0.000030 0.340130
0 4 0.511231 0.209145 0.007165 0.000165 0.272294
0 4 0.620805 0.210642 0.006185 0.000045 0.162324
0 4 0.532669 0.194658 0.005590 0.000106 0.266978
0 0 0.955395 0.012978 0.000270 0.000004 0.031353
0 0 0.896567 0.032974 0.000687 0.000011 0.069761
0 0 0.996139 0.001383 0.000614 0.000171 0.001693
0 0 0.993954 0.002052 0.000418 0.000071 0.003506
0 0 0.995088 0.001601 0.000271 0.000039 0.003002
0 0 0.995349 0.001635 0.000439 0.000088 0.002489
0 0 0.997240 0.000840 0.000112 0.000013 0.001795
0 0 0.996121 0.001391 0.000589 0.000159 0.001739
0 0 0.753764 0.033931 0.000291 0.000008 0.212005
0 0 0.981731 0.003854 0.000132 0.000007 0.014276
0 0 0.959412 0.008743 0.000135 0.000003 0.031708
0 0 0.933457 0.019108 0.000189 0.000001 0.047246
0 0 0.905603 0.024725 0.001374 0.000133 0.068165
0 0 0.982615 0.003970 0.000171 0.000011 0.013232
0 0 0.949281 0.011881 0.000096 0.000001 0.038742
0 1 0.583285 0.112009 0.001078 0.000011 0.303617
0 1 0.572666 0.155701 0.002756 0.000036 0.268841
0 1 0.446317 0.123964 0.001935 0.000068 0.427715
0 1 0.551237 0.073693 0.000525 0.000010 0.374535
0 1 0.903185 0.026836 0.000667 0.000018 0.069295
0 1 0.737841 0.097346 0.019940 0.005902 0.138970
1 1 0.347775 0.436000 0.113670 0.003322 0.099233
1 1 0.270639 0.456660 0.174474 0.006047 0.092180
1 1 0.165307 0.457389 0.261229 0.009378 0.106697
1 1 0.111549 0.450682 0.332902 0.006357 0.098510
1 1 0.165134 0.468196 0.275953 0.005629 0.085089
2 2 0.031877 0.340814 0.476455 0.011068 0.139787
2 2 0.016500 0.272484 0.644997 0.005694 0.060325
2 2 0.021964 0.297720 0.633804 0.002990 0.043522
2 2 0.016848 0.256294 0.684675 0.005335 0.036848
2 2 0.015951 0.251995 0.661486 0.012565 0.058002
2 2 0.014554 0.256437 0.663151 0.006415 0.059442
2 2 0.035450 0.325761 0.592810 0.005147 0.040832
2 2 0.006447 0.177420 0.788559 0.003965 0.023609
2 2 0.014870 0.169409 0.796034 0.005151 0.014535
2 2 0.023198 0.271043 0.668264 0.006555 0.030939
2 2 0.012545 0.154251 0.809980 0.006107 0.017116
2 2 0.018971 0.286813 0.643745 0.003208 0.047262
2 2 0.023468 0.288740 0.640420 0.005484 0.041888
2 2 0.036925 0.134438 0.768175 0.042729 0.017734
2 2 0.005986 0.127499 0.852237 0.007962 0.006316
2 2 0.011942 0.146120 0.809493 0.016622 0.015823
2 2 0.006020 0.103227 0.855179 0.023274 0.012300
2 2 0.003147 0.050376 0.917718 0.022073 0.006686
2 2 0.003338 0.108521 0.877396 0.004474 0.006272
2 2 0.006246 0.086850 0.857498 0.038602 0.010804
2 2 0.002222 0.088208 0.902688 0.002979 0.003902
2 2 0.002645 0.069017 0.916246 0.008432 0.003660
2 2 0.006956 0.117748 0.857475 0.010483 0.007338
2 2 0.003040 0.072446 0.913174 0.007084 0.004257
2 2 0.003710 0.017584 0.869555 0.106258 0.002893
2 2 0.019291 0.029658 0.759777 0.188831 0.002443
2 2 0.012532 0.116935 0.834125 0.028806 0.007603
2 2 0.020777 0.238932 0.695835 0.008530 0.035925
2 2 0.004651 0.085698 0.887641 0.011997 0.010012
2 2 0.003705 0.048662 0.910413 0.030262 0.006957
2 2 0.003470 0.015753 0.911188 0.067735 0.001854
2 2 0.002052 0.038528 0.930924 0.021793 0.006702
2 2 0.022047 0.046592 0.714073 0.208707 0.008581
2 2 0.007955 0.084669 0.792273 0.092795 0.022309
2 2 0.002045 0.039150 0.928402 0.025003 0.005400
2 2 0.001428 0.023797 0.948893 0.021953 0.003928
2 2 0.001976 0.007581 0.919948 0.069627 0.000868
2 2 0.005430 0.072280 0.865831 0.043419 0.013039
2 2 0.001816 0.005172 0.805053 0.186392 0.001568
2 2 0.002040 0.018034 0.911033 0.066699 0.002194
2 2 0.005001 0.011367 0.645968 0.334414 0.003250
2 2 0.005166 0.081460 0.879507 0.026529 0.007337
2 2 0.002257 0.005918 0.612688 0.377020 0.002118
2 2 0.003818 0.007474 0.519701 0.463275 0.005732
3 2 0.004086 0.002752 0.353914 0.637972 0.001276
2 3 0.002601 0.004790 0.547911 0.443109 0.001590
2 3 0.003437 0.007815 0.740308 0.246408 0.002032
2 3 0.005093 0.005950 0.640691 0.346978 0.001287
2 3 0.006597 0.011629 0.534559 0.441784 0.005432
3 3 0.005851 0.002606 0.395197 0.595752 0.000594
3 3 0.005717 0.003010 0.230796 0.758456 0.002022
2 3 0.002697 0.007883 0.656344 0.330102 0.002975
3 3 0.006604 0.006522 0.413661 0.571223 0.001989
3 3 0.006814 0.001907 0.175838 0.814183 0.001259
0 3 0.675605 0.059642 0.217490 0.041495 0.005768
2 0 0.222545 0.250758 0.456692 0.047287 0.022718
2 2 0.024184 0.111093 0.812748 0.037072 0.014904
2 2 0.009572 0.143962 0.813068 0.018070 0.015328
2 2 0.006174 0.066053 0.916052 0.006850 0.004871
2 2 0.027494 0.049319 0.776902 0.135254 0.011030
2 2 0.022018 0.188581 0.733104 0.028555 0.027743
2 2 0.004390 0.035810 0.911848 0.044195 0.003757
2 2 0.002898 0.072406 0.903755 0.013447 0.007495
2 2 0.003111 0.069224 0.911563 0.011137 0.004965
2 2 0.008784 0.122384 0.845255 0.015716 0.007861
2 2 0.003692 0.017490 0.848974 0.125589 0.004255
2 2 0.005941 0.010301 0.743302 0.237145 0.003310
3 2 0.011887 0.003143 0.177695 0.804775 0.002498
3 2 0.012473 0.006603 0.237351 0.739071 0.004502
2 2 0.350120 0.168794 0.419778 0.047648 0.013660
2 2 0.018862 0.079655 0.740867 0.119382 0.041235
2 2 0.007082 0.093082 0.847476 0.034949 0.017411
2 2 0.079796 0.352146 0.493718 0.029579 0.044761
2 2 0.022140 0.212518 0.719428 0.009365 0.036550
2 2 0.001952 0.026618 0.940719 0.027224 0.003488
2 2 0.009262 0.052296 0.850797 0.079761 0.007884
2 2 0.015599 0.104457 0.808102 0.046841 0.025000
2 2 0.009593 0.106478 0.838323 0.031614 0.013992
2 2 0.007303 0.125957 0.829759 0.014929 0.022053
2 2 0.026787 0.250666 0.676386 0.014386 0.031775
2 2 0.024141 0.215530 0.714408 0.030220 0.015701
2 2 0.071865 0.153182 0.660499 0.099809 0.014645
2 2 0.048292 0.166549 0.640510 0.117763 0.026885
2 2 0.023002 0.164990 0.762448 0.038262 0.011299
2 2 0.198456 0.219188 0.518104 0.047150 0.017102
2 2 0.175572 0.160564 0.568782 0.073141 0.021941
2 2 0.052807 0.066825 0.660300 0.212436 0.007631
2 2 0.052589 0.085306 0.638998 0.213822 0.009285
2 2 0.097136 0.056138 0.479364 0.353325 0.014038
2 2 0.066205 0.118324 0.620859 0.167595 0.027017
2 2 0.135497 0.158453 0.459915 0.178187 0.067948
3 2 0.029184 0.011472 0.263208 0.690118 0.006018
2 2 0.138266 0.075347 0.426231 0.334881 0.025275
3 2 0.060628 0.026269 0.214525 0.665324 0.033254
3 2 0.014114 0.008244 0.343813 0.630832 0.002997
3 2 0.021022 0.007423 0.267081 0.701114 0.003360
2 3 0.041332 0.025947 0.648568 0.282272 0.001880
2 2 0.104348 0.187561 0.599444 0.095879 0.012768
2 2 0.008671 0.052564 0.743412 0.172703 0.022649
2 2 0.002132 0.006771 0.792016 0.196429 0.002652
2 2 0.006709 0.016725 0.743966 0.225471 0.007129
2 2 0.003945 0.013898 0.794893 0.179649 0.007614
2 2 0.002377 0.008987 0.797382 0.187847 0.003407
2 2 0.003627 0.018837 0.781078 0.190163 0.006295
3 2 0.004181 0.005504 0.452924 0.535351 0.002040
2 2 0.003494 0.005007 0.573257 0.415775 0.002466
2 2 0.001488 0.002748 0.508388 0.485881 0.001495
3 2 0.008794 0.005228 0.266260 0.714250 0.005468
3 2 0.006227 0.005080 0.439557 0.547260 0.001877
3 2 0.011342 0.004956 0.193271 0.785166 0.005265
3 2 0.007889 0.003265 0.173749 0.810180 0.004917
3 2 0.006777 0.003090 0.244107 0.742396 0.003629
3 2 0.003566 0.003350 0.283314 0.707041 0.002729
3 3 0.007158 0.001509 0.065026 0.922315 0.003993
3 3 0.010233 0.008906 0.279607 0.692807 0.008448
3 3 0.007022 0.002558 0.182494 0.806007 0.001919
3 3 0.002046 0.000260 0.047922 0.949183 0.000589
3 3 0.010762 0.002281 0.081761 0.900575 0.004621
3 3 0.007124 0.000627 0.041447 0.949040 0.001761
3 3 0.003212 0.000396 0.089900 0.906120 0.000372
3 3 0.004567 0.001101 0.150744 0.842807 0.000781
3 3 0.009996 0.001938 0.097224 0.888061 0.002782
3 3 0.007621 0.001011 0.048778 0.939573 0.003017
3 3 0.003975 0.000430 0.034323 0.959632 0.001640
3 3 0.003013 0.001117 0.152018 0.842460 0.001392
3 3 0.009153 0.002121 0.105590 0.880154 0.002981
3 3 0.005692 0.000527 0.038210 0.953913 0.001657
3 3 0.003003 0.000410 0.056808 0.938955 0.000823
3 3 0.005302 0.000453 0.036064 0.956739 0.001442
3 3 0.004663 0.000533 0.040088 0.952975 0.001740
3 3 0.003687 0.000406 0.033404 0.960895 0.001608
3 3 0.003213 0.000345 0.031183 0.963813 0.001445
3 3 0.009802 0.001061 0.050927 0.935506 0.002704
3 3 0.005816 0.000684 0.041699 0.949556 0.002245
3 3 0.031170 0.004083 0.087562 0.870169 0.007016
3 3 0.133412 0.013209 0.131095 0.700619 0.021666
3 3 0.045872 0.007960 0.111048 0.822921 0.012200
1 3 0.111770 0.435978 0.352238 0.010269 0.089745
2 2 0.139812 0.221284 0.548270 0.042965 0.047669
2 2 0.113539 0.198047 0.594224 0.037568 0.056621
0 2 0.526650 0.283977 0.094670 0.005759 0.088944
1 2 0.159529 0.450632 0.277290 0.010114 0.102435
0 2 0.390169 0.262953 0.182643 0.018761 0.145473
1 2 0.077489 0.404173 0.359080 0.016586 0.142671
2 2 0.027371 0.322998 0.546229 0.008782 0.094619
2 2 0.027360 0.329812 0.414046 0.010938 0.217843
2 2 0.010234 0.239964 0.596909 0.007952 0.144940
2 0 0.065306 0.405399 0.418482 0.008126 0.102688
0 0 0.766927 0.135408 0.065333 0.002919 0.029414
1 2 0.355583 0.431149 0.105512 0.003114 0.104644
1 2 0.057136 0.402906 0.280214 0.004601 0.255144
4 2 0.134860 0.102743 0.014473 0.002854 0.745071
4 4 0.079098 0.057368 0.015373 0.005977 0.842185
4 4 0.309785 0.283046 0.023372 0.001007 0.382789
4 4 0.214521 0.029241 0.000386 0.000020 0.755832
4 4 0.440509 0.058898 0.000274 0.000006 0.500313
0 4 0.905349 0.015861 0.000249 0.000009 0.078532
4 4 0.307496 0.042658 0.000365 0.000013 0.649468
4 4 0.362980 0.027835 0.000531 0.000033 0.608621
0 4 0.584746 0.040075 0.000250 0.000006 0.374923
4 4 0.084169 0.013208 0.000579 0.000082 0.901962
4 4 0.243689 0.022778 0.000152 0.000005 0.733376
4 4 0.439302 0.069593 0.000407 0.000010 0.490687
4 4 0.187151 0.022382 0.000288 0.000015 0.790163
4 4 0.454942 0.059063 0.000250 0.000005 0.485740
4 4 0.144500 0.015302 0.000550 0.000062 0.839586
4 4 0.475944 0.046795 0.000126 0.000002 0.477134
4 4 0.458377 0.056912 0.000224 0.000004 0.484483
4 4 0.427806 0.078117 0.000577 0.000017 0.493484
4 4 0.444267 0.066119 0.000349 0.000008 0.489257
4 4 0.431930 0.074981 0.000510 0.000014 0.492564
4 4 0.440207 0.068950 0.000396 0.000010 0.490437
4 4 0.429941 0.076482 0.000541 0.000016 0.493019
4 4 0.433474 0.073830 0.000486 0.000013 0.492196
4 4 0.392322 0.108650 0.001584 0.000082 0.497362
4 4 0.360304 0.079113 0.000993 0.000046 0.559544
4 4 0.376323 0.124444 0.002425 0.000157 0.496651
4 4 0.392175 0.108789 0.001591 0.000082 0.497363
4 4 0.259947 0.143174 0.003852 0.000129 0.592897
4 4 0.353157 0.149324 0.004348 0.000387 0.492783
4 4 0.354326 0.138653 0.003411 0.000247 0.503364
0 4 0.626243 0.074957 0.001270 0.000054 0.297475
4 4 0.236829 0.061505 0.001746 0.000161 0.699759
4 4 0.248103 0.044621 0.000724 0.000043 0.706509
0 4 0.581927 0.107406 0.004693 0.000497 0.305476
4 4 0.459710 0.067816 0.000411 0.000010 0.472053
4 4 0.417669 0.086189 0.000777 0.000027 0.495337
4 4 0.403686 0.098182 0.001158 0.000051 0.496924
4 4 0.352138 0.061670 0.000595 0.000023 0.585574
0 4 0.570376 0.063913 0.000617 0.000021 0.365074
4 4 0.389872 0.110989 0.001693 0.000091 0.497355
4 4 0.424003 0.081084 0.000645 0.000021 0.494247
4 4 0.414146 0.089118 0.000860 0.000032 0.495844
4 4 0.360706 0.140975 0.003610 0.000291 0.494419
4 4 0.374388 0.126434 0.002550 0.000170 0.496458
0 4 0.485147 0.121131 0.001642 0.000041 0.392039
0 4 0.668450 0.161081 0.004069 0.000036 0.166365
4 4 0.393933 0.107127 0.001516 0.000076 0.497347
0 4 0.947180 0.014293 0.000936 0.000094 0.037498
0 4 0.855322 0.034993 0.000648 0.000017 0.109020
0 4 0.781444 0.059968 0.001581 0.000058 0.156950
0 4 0.516064 0.210891 0.007268 0.000159 0.265617
0 4 0.808031 0.081909 0.003435 0.000080 0.106544
0 4 0.472405 0.165115 0.004004 0.000128 0.358347
0 4 0.494319 0.205406 0.007051 0.000191 0.293034
0 4 0.771209 0.119522 0.008857 0.000245 0.100166
0 4 0.543300 0.168593 0.003639 0.000062 0.284406
0 4 0.660415 0.082241 0.003098 0.000280 0.253966
0 4 0.834468 0.074563 0.004197 0.000121 0.086651
0 4 0.412967 0.274880 0.019870 0.001031 0.291252
4 4 0.367795 0.133342 0.003020 0.000221 0.495623
4 4 0.337170 0.170920 0.006713 0.000743 0.484454
4 4 0.080642 0.256539 0.046486 0.001262 0.615071
4 4 0.108202 0.265772 0.044795 0.002148 0.579083
4 4 0.049573 0.323724 0.154850 0.004636 0.467217
4 4 0.064391 0.274327 0.069804 0.001934 0.589544
4 4 0.037996 0.313396 0.181265 0.004936 0.462407
1 4 0.129335 0.405002 0.145183 0.006432 0.314049
4 4 0.034825 0.338987 0.251551 0.005035 0.369601
1 2 0.081676 0.392404 0.187691 0.005952 0.332277
1 2 0.080163 0.429085 0.218992 0.002818 0.268942
1 2 0.165422 0.391383 0.107352 0.005793 0.330050
1 2 0.184683 0.438568 0.124764 0.003012 0.248974
0 2 0.475508 0.371102 0.045928 0.000608 0.106852
1 2 0.125053 0.434086 0.199166 0.007314 0.234380
1 2 0.190060 0.453150 0.191067 0.008481 0.157241
2 2 0.041597 0.395344 0.413226 0.003290 0.146543
0 2 0.438911 0.362826 0.081336 0.002562 0.114365
0 0 0.815942 0.069210 0.018686 0.006434 0.089728
0 0 0.820339 0.133849 0.006981 0.000019 0.038813
0 1 0.613678 0.296451 0.019006 0.000063 0.070802
0 1 0.561364 0.335760 0.030064 0.000144 0.072667
0 1 0.532605 0.360207 0.039929 0.000208 0.067052
0 1 0.485048 0.389161 0.055875 0.000410 0.069506
0 4 0.658211 0.254460 0.022164 0.000124 0.065042
0 4 0.589238 0.304752 0.020835 0.000101 0.085074
0 4 0.588006 0.303891 0.020615 0.000103 0.087385
0 4 0.417816 0.365578 0.048164 0.001571 0.166871
0 4 0.383970 0.357848 0.049015 0.002559 0.206609
0 4 0.441485 0.370912 0.048213 0.001083 0.138307
0 4 0.465821 0.289474 0.027947 0.001239 0.215519
1 4 0.340141 0.405012 0.069402 0.001935 0.183510
1 4 0.227518 0.391784 0.077543 0.002967 0.300188
4 4 0.152948 0.363641 0.074717 0.002057 0.406636
0 2 0.637719 0.224570 0.028093 0.000781 0.108838
0 2 0.425865 0.268824 0.018152 0.000879 0.286281
0 2 0.761760 0.160035 0.011944 0.000107 0.066154
0 2 0.454775 0.270991 0.017279 0.000621 0.256333
4 2 0.339624 0.259255 0.019813 0.001594 0.379714
0 2 0.422232 0.342904 0.038557 0.001426 0.194882
0 2 0.400241 0.231124 0.012612 0.000819 0.355204
0 2 0.687694 0.151795 0.014958 0.000843 0.144710
0 0 0.784763 0.133952 0.032150 0.001197 0.047938
0 0 0.741164 0.111056 0.008047 0.000426 0.139308
0 0 0.812305 0.132700 0.017654 0.000180 0.037160
0 0 0.483995 0.392354 0.058152 0.000395 0.065103
0 1 0.403857 0.399311 0.068276 0.001803 0.126754
1 1 0.333212 0.428732 0.110115 0.004711 0.123229
0 2 0.593404 0.202086 0.045564 0.006365 0.152581
0 2 0.528568 0.320031 0.046001 0.000893 0.104506
0 2 0.600965 0.210052 0.056938 0.006990 0.125054
1 2 0.068444 0.412895 0.362660 0.008673 0.147328
2 2 0.019784 0.294682 0.591949 0.007526 0.086059
2 2 0.019873 0.319542 0.565607 0.002783 0.092195
2 2 0.005471 0.166189 0.790227 0.004423 0.033690
2 2 0.004754 0.163552 0.795377 0.003652 0.032665
2 2 0.011310 0.259497 0.656764 0.002952 0.069477
2 2 0.021577 0.317030 0.593459 0.002499 0.065435
2 2 0.006569 0.095786 0.881845 0.005855 0.009946
2 2 0.014104 0.263208 0.668695 0.003400 0.050593
2 2 0.017382 0.277122 0.636001 0.006139 0.063356
2 2 0.004500 0.140610 0.835191 0.002982 0.016717
2 2 0.011727 0.252403 0.690525 0.002011 0.043334
2 2 0.009346 0.229434 0.706436 0.003731 0.051053
2 2 0.000678 0.020039 0.967326 0.010421 0.001535
2 2 0.003568 0.090212 0.887944 0.010381 0.007895
2 2 0.000662 0.030475 0.960936 0.005672 0.002255
2 2 0.003778 0.100239 0.881739 0.007469 0.006776
2 2 0.002514 0.095732 0.893323 0.003407 0.005023
2 2 0.002077 0.062770 0.920690 0.008804 0.005659
2 2 0.001373 0.019782 0.965598 0.011618 0.001629
2 2 0.003030 0.105100 0.881698 0.004065 0.006108
2 2 0.002856 0.059074 0.926323 0.007965 0.003782
2 2 0.001487 0.068889 0.920933 0.003588 0.005103
2 2 0.002289 0.094916 0.894302 0.003080 0.005413
2 2 0.002110 0.036729 0.932277 0.024840 0.004044
2 2 0.003682 0.111127 0.874099 0.004928 0.006164
2 2 0.006058 0.122523 0.856256 0.009046 0.006117
2 2 0.002331 0.072342 0.916146 0.005650 0.003531
2 2 0.004718 0.027024 0.943475 0.022905 0.001877
2 2 0.001872 0.013827 0.947571 0.035565 0.001165
2 2 0.008498 0.168631 0.805344 0.005257 0.012270
2 2 0.001442 0.033112 0.954676 0.008694 0.002077
2 2 0.005298 0.072989 0.870346 0.042142 0.009226
2 2 0.008097 0.173491 0.796005 0.006047 0.016360
2 2 0.002043 0.040857 0.943362 0.010855 0.002884
2 2 0.006356 0.141791 0.832868 0.008614 0.010371
2 2 0.005854 0.126156 0.854785 0.004988 0.008216
2 2 0.000844 0.035836 0.953482 0.006634 0.003204
2 2 0.004653 0.118814 0.857190 0.008654 0.010689
2 2 0.006667 0.010016 0.805628 0.176077 0.001612
1 2 0.240407 0.440353 0.262373 0.008160 0.048707
2 2 0.027606 0.225636 0.653800 0.028808 0.064151
2 2 0.003333 0.107071 0.865149 0.008325 0.016122
2 2 0.001555 0.075771 0.882231 0.008849 0.031594
2 2 0.003478 0.080005 0.872840 0.021637 0.022039
2 2 0.001223 0.047903 0.923040 0.013985 0.013849
2 2 0.004271 0.111220 0.856623 0.006011 0.021875
2 2 0.002841 0.117038 0.856074 0.004452 0.019595
2 2 0.002356 0.090686 0.876789 0.008316 0.021854
2 2 0.004760 0.130886 0.828225 0.006402 0.029726
2 2 0.002634 0.074595 0.873868 0.022117 0.026787
2 2 0.002476 0.079319 0.890850 0.011878 0.015477
2 2 0.002941 0.091419 0.872526 0.007553 0.025561
2 2 0.005611 0.121631 0.834083 0.016607 0.022068
2 2 0.007892 0.053010 0.857813 0.058259 0.023026
2 2 0.005335 0.123310 0.834477 0.010997 0.025881
2 2 0.002651 0.051672 0.873113 0.053560 0.019004
2 2 0.003014 0.114315 0.855520 0.003770 0.023381
2 2 0.001480 0.044774 0.927083 0.018103 0.008560
2 2 0.002544 0.084025 0.889699 0.009812 0.013921
2 2 0.001779 0.085587 0.900176 0.003614 0.008844
2 2 0.014089 0.074413 0.788857 0.098213 0.024428
2 2 0.218340 0.173274 0.497117 0.092627 0.018642
2 2 0.026594 0.197467 0.747572 0.007336 0.021031
2 2 0.015966 0.168528 0.759287 0.026601 0.029618
2 2 0.001961 0.032971 0.936766 0.020637 0.007664
2 2 0.002902 0.127978 0.853286 0.002095 0.013740
2 2 0.002119 0.033937 0.931200 0.027355 0.005389
2 2 0.010883 0.191054 0.741979 0.010971 0.045113
2 2 0.001726 0.070553 0.909417 0.007152 0.011152
2 2 0.001673 0.086418 0.904465 0.002219 0.005226
2 2 0.001142 0.033895 0.932525 0.024523 0.007914
2 2 0.001460 0.063119 0.915978 0.006196 0.013247
2 2 0.000994 0.003434 0.933939 0.061030 0.000603
2 2 0.006350 0.143088 0.822040 0.011339 0.017183
2 2 0.001511 0.064775 0.921287 0.005436 0.006991
2 2 0.001355 0.021987 0.958474 0.015210 0.002975
2 2 0.000743 0.022088 0.932908 0.037051 0.007210
2 2 0.006944 0.023022 0.927531 0.040031 0.002472
2 2 0.002711 0.064356 0.902737 0.019873 0.010323
2 2 0.002477 0.010801 0.875876 0.107674 0.003172
2 2 0.004393 0.073006 0.894359 0.022589 0.005653
2 2 0.003351 0.048777 0.878166 0.053807 0.015898
2 2 0.001062 0.064702 0.905929 0.005801 0.022506
2 2 0.000584 0.020046 0.954643 0.018499 0.006228
2 2 0.003100 0.074360 0.883494 0.022570 0.016476
2 2 0.002945 0.040985 0.887038 0.054331 0.014702
2 2 0.003010 0.113733 0.863171 0.004837 0.015249
2 2 0.002909 0.022903 0.886224 0.075432 0.012531
